[name]
unknown

[dist]
# distance from previous block
# <min> <max>
0	55

[block]
# block no. 0 follows, 21 sequences, length 41
# corresponding to MSA columns:
# 56-96
name=unknown_A
#
# <colnr> <probs for GDERKNQSTAVLIFYWHMCP>
#	G	D	E	R	K	N	Q	S	T	A	V	L	I	F	Y	W	H	M	C	P
0	0.01083	0.00849	0.00993	0.01087	0.01289	0.00760	0.00823	0.01313	0.01855	0.02309	0.06725	0.25998	0.36455	0.02338	0.01061	0.00324	0.00515	0.12711	0.00789	0.00723
1	0.01607	0.01513	0.02552	0.68047	0.05861	0.01891	0.02363	0.02174	0.01702	0.02174	0.01513	0.02269	0.01134	0.00851	0.00851	0.00284	0.01134	0.00756	0.00378	0.00945
2	0.03179	0.04056	0.02412	0.02192	0.02631	0.66676	0.01644	0.03398	0.02412	0.02083	0.01315	0.01535	0.01096	0.00877	0.00767	0.00219	0.01535	0.00548	0.00438	0.00987
3	0.01586	0.00793	0.00793	0.00793	0.00991	0.00793	0.00595	0.01983	0.01785	0.03173	0.02776	0.03173	0.02181	0.00991	0.00595	0.00198	0.00397	0.00793	0.74817	0.00793
4	0.01238	0.00825	0.00928	0.00928	0.00928	0.00825	0.00516	0.01238	0.01238	0.01650	0.02681	0.05569	0.03094	0.70092	0.04331	0.00825	0.00825	0.01238	0.00516	0.00516
5	0.01037	0.00741	0.00987	0.01185	0.01234	0.00691	0.00790	0.01185	0.01629	0.02172	0.04690	0.69537	0.05629	0.02666	0.01086	0.00346	0.00494	0.02419	0.00790	0.00691
6	0.03283	0.02307	0.02506	0.01922	0.02601	0.02525	0.01587	0.57196	0.03873	0.10296	0.02151	0.02113	0.01501	0.01024	0.00852	0.00256	0.00919	0.00774	0.00868	0.01447
7	0.76103	0.01646	0.01251	0.01119	0.01646	0.01909	0.00922	0.02502	0.01448	0.03818	0.01185	0.01382	0.00922	0.00790	0.00527	0.00263	0.00658	0.00461	0.00527	0.00922
8	0.02275	0.01907	0.02014	0.01764	0.02273	0.02191	0.01385	0.12665	0.54846	0.03816	0.03262	0.03015	0.02435	0.01136	0.00864	0.00284	0.00711	0.00934	0.00864	0.01361
9	0.02964	0.02310	0.02263	0.01844	0.02400	0.11350	0.01473	0.40153	0.03307	0.09484	0.02425	0.11613	0.02046	0.01237	0.00873	0.00264	0.00941	0.00977	0.00801	0.01275
10	0.02774	0.33896	0.03330	0.01862	0.02431	0.38289	0.01560	0.03017	0.02106	0.02047	0.01256	0.01459	0.01094	0.00810	0.00668	0.00203	0.01255	0.00506	0.00405	0.01034
11	0.01084	0.00766	0.01001	0.01170	0.01221	0.00727	0.00784	0.01225	0.01593	0.02120	0.04395	0.57049	0.05227	0.12209	0.01551	0.00416	0.00557	0.05481	0.00751	0.00672
12	0.02499	0.02357	0.09037	0.02571	0.03342	0.02176	0.25530	0.19037	0.11742	0.09504	0.02207	0.02372	0.01587	0.00905	0.00911	0.00275	0.01103	0.00886	0.00662	0.01296
13	0.02106	0.02022	0.03454	0.05223	0.64784	0.02022	0.02612	0.02612	0.01938	0.02780	0.01601	0.02106	0.01348	0.00758	0.00842	0.00253	0.01011	0.00758	0.00421	0.01348
14	0.01586	0.00793	0.00793	0.00793	0.00991	0.00793	0.00595	0.01983	0.01785	0.03173	0.02776	0.03173	0.02181	0.00991	0.00595	0.00198	0.00397	0.00793	0.74817	0.00793
15	0.01017	0.00857	0.00881	0.00886	0.01159	0.00721	0.00660	0.01239	0.01950	0.02348	0.11199	0.10661	0.59206	0.02156	0.01009	0.00289	0.00432	0.01809	0.00797	0.00721
16	0.02837	0.01977	0.07870	0.02110	0.06130	0.01739	0.08394	0.18003	0.02598	0.26212	0.02751	0.10865	0.02160	0.01172	0.00896	0.00274	0.00891	0.01022	0.00803	0.01297
17	0.01586	0.00793	0.00793	0.00793	0.00991	0.00793	0.00595	0.01983	0.01785	0.03173	0.02776	0.03173	0.02181	0.00991	0.00595	0.00198	0.00397	0.00793	0.74817	0.00793
18	0.10096	0.04091	0.58418	0.02278	0.03453	0.01969	0.02894	0.02673	0.01757	0.02822	0.01489	0.01750	0.01060	0.00806	0.00777	0.00269	0.01190	0.00610	0.00378	0.01220
19	0.01707	0.04402	0.65683	0.02426	0.03683	0.01976	0.03144	0.02695	0.01797	0.02695	0.01527	0.01797	0.01078	0.00809	0.00809	0.00270	0.01258	0.00629	0.00359	0.01258
20	0.02518	0.02569	0.03080	0.04051	0.41374	0.17979	0.02244	0.10584	0.02325	0.02948	0.01589	0.01958	0.01299	0.00822	0.00825	0.00245	0.01130	0.00708	0.00482	0.01272
21	0.01218	0.00905	0.01332	0.01332	0.01471	0.01044	0.01019	0.01496	0.01357	0.01949	0.02312	0.03526	0.02207	0.11619	0.61592	0.01323	0.02160	0.00939	0.00461	0.00740
22	0.01216	0.00912	0.01368	0.01368	0.01520	0.01064	0.01064	0.01520	0.01368	0.01976	0.02279	0.03343	0.02127	0.06382	0.66720	0.01368	0.02279	0.00912	0.00456	0.00760
23	0.07087	0.05750	0.08656	0.02722	0.15211	0.34254	0.01939	0.07123	0.02242	0.02610	0.01424	0.01709	0.01160	0.00870	0.00851	0.00241	0.03967	0.00613	0.00456	0.01115
24	0.01421	0.01131	0.01190	0.01118	0.01467	0.01096	0.00856	0.02196	0.17298	0.05546	0.09528	0.06615	0.43674	0.01837	0.00964	0.00286	0.00504	0.01534	0.00828	0.00913
25	0.02141	0.02024	0.03147	0.25855	0.08480	0.04706	0.15875	0.14132	0.02250	0.02990	0.01640	0.02141	0.01251	0.00875	0.00988	0.00272	0.05165	0.00794	0.00495	0.04780
26	0.01835	0.01673	0.02358	0.01836	0.05495	0.01381	0.10462	0.02366	0.04658	0.02803	0.01640	0.01929	0.01331	0.00674	0.00709	0.00165	0.00775	0.00615	0.00505	0.56791
27	0.01586	0.00793	0.00793	0.00793	0.00991	0.00793	0.00595	0.01983	0.01785	0.03173	0.02776	0.03173	0.02181	0.00991	0.00595	0.00198	0.00397	0.00793	0.74817	0.00793
28	0.01627	0.01402	0.01456	0.01348	0.01744	0.01500	0.01038	0.03067	0.36221	0.03004	0.05737	0.05386	0.29859	0.01596	0.00928	0.00288	0.00567	0.01330	0.00833	0.01070
29	0.01944	0.02047	0.03745	0.07272	0.12492	0.02286	0.27225	0.02424	0.01717	0.02448	0.01467	0.02105	0.01225	0.01018	0.01636	0.00314	0.26291	0.00857	0.00404	0.01084
30	0.02212	0.02494	0.03187	0.02575	0.02902	0.17658	0.17322	0.02543	0.01749	0.02232	0.01321	0.01897	0.01157	0.01144	0.01850	0.00314	0.35275	0.00765	0.00403	0.01000
31	0.01951	0.02563	0.17914	0.01904	0.02530	0.07344	0.01812	0.03067	0.21109	0.02805	0.02458	0.02578	0.05202	0.01079	0.01113	0.00268	0.11256	0.00794	0.00572	0.11680
32	0.13244	0.08427	0.46485	0.02252	0.03327	0.02078	0.07496	0.02658	0.01756	0.02822	0.01466	0.01744	0.01072	0.00793	0.00763	0.00264	0.01156	0.00622	0.00391	0.01185
33	0.03103	0.03266	0.06900	0.02095	0.02708	0.30999	0.01736	0.31837	0.03142	0.03722	0.01684	0.01800	0.01266	0.00943	0.00811	0.00240	0.01224	0.00660	0.00634	0.01230
34	0.01224	0.00826	0.00962	0.00975	0.00988	0.00834	0.00571	0.01254	0.01271	0.01705	0.02776	0.09333	0.03182	0.61511	0.08490	0.00834	0.00906	0.01287	0.00528	0.00543
35	0.01085	0.00769	0.00966	0.01102	0.01153	0.00726	0.00713	0.01200	0.01549	0.02049	0.04413	0.50059	0.08349	0.19481	0.01892	0.00462	0.00573	0.02089	0.00721	0.00649
36	0.05687	0.01931	0.02537	0.02163	0.02615	0.11526	0.16813	0.07805	0.02177	0.02814	0.02926	0.10311	0.02934	0.01532	0.00999	0.00316	0.01050	0.22260	0.00634	0.00969
37	0.05849	0.06749	0.02197	0.01691	0.02201	0.06068	0.01374	0.25262	0.13924	0.05906	0.02491	0.02641	0.04021	0.02059	0.13237	0.00466	0.01137	0.00821	0.00710	0.01196
38	0.02345	0.02142	0.03502	0.07785	0.32562	0.02200	0.14872	0.17805	0.02467	0.03394	0.01734	0.02140	0.01349	0.00823	0.00880	0.00263	0.01089	0.00812	0.00531	0.01307
39	0.21967	0.01853	0.06043	0.22270	0.12212	0.01936	0.01816	0.05057	0.10438	0.03066	0.02012	0.02327	0.03800	0.00919	0.00767	0.00273	0.00895	0.00739	0.00527	0.01084
40	0.06025	0.33320	0.18228	0.01830	0.02614	0.12579	0.01864	0.06951	0.04843	0.02576	0.01451	0.01625	0.01175	0.00813	0.00677	0.00223	0.01067	0.00556	0.00440	0.01143

[dist]
# distance from previous block
# <min> <max>
0	2

[block]
# block no. 1 follows, 21 sequences, length 9
# corresponding to MSA columns:
# 99-107
name=unknown_B
#
# <colnr> <probs for GDERKNQSTAVLIFYWHMCP>
#	G	D	E	R	K	N	Q	S	T	A	V	L	I	F	Y	W	H	M	C	P
0	0.24567	0.03009	0.07652	0.02428	0.13395	0.30468	0.01728	0.02933	0.01989	0.02775	0.01345	0.01613	0.01087	0.00824	0.00712	0.00243	0.01158	0.00566	0.00455	0.01054
1	0.03367	0.01760	0.02000	0.01623	0.02221	0.07038	0.01307	0.04171	0.16623	0.45547	0.03208	0.02845	0.02135	0.01062	0.00851	0.00265	0.00782	0.00854	0.00957	0.01385
2	0.01188	0.00804	0.00943	0.00991	0.01003	0.00792	0.00583	0.01225	0.01333	0.01778	0.03173	0.21221	0.03714	0.53595	0.03537	0.00708	0.00744	0.01527	0.00583	0.00559
3	0.01128	0.00837	0.01052	0.01062	0.01241	0.00761	0.00772	0.01435	0.02135	0.02913	0.39909	0.22139	0.17396	0.02040	0.01024	0.00290	0.00429	0.01800	0.00875	0.00761
4	0.01707	0.04402	0.65683	0.02426	0.03683	0.01976	0.03144	0.02695	0.01797	0.02695	0.01527	0.01797	0.01078	0.00809	0.00809	0.00270	0.01258	0.00629	0.00359	0.01258
5	0.01108	0.00791	0.01069	0.01266	0.01347	0.00752	0.00914	0.01308	0.01699	0.02252	0.04651	0.56801	0.05473	0.02599	0.01105	0.00355	0.00555	0.14454	0.00789	0.00711
6	0.02064	0.02077	0.03404	0.12104	0.41669	0.05188	0.09536	0.02558	0.01881	0.02599	0.01546	0.02098	0.01282	0.00839	0.01042	0.00270	0.07435	0.00776	0.00413	0.01219
7	0.02238	0.54264	0.15120	0.01679	0.02480	0.07553	0.01767	0.02634	0.01789	0.02130	0.01253	0.01453	0.01090	0.00753	0.00608	0.00200	0.01015	0.00492	0.00368	0.01114
8	0.01904	0.02799	0.21916	0.02451	0.02957	0.05823	0.09382	0.02397	0.01596	0.02326	0.01324	0.01876	0.01125	0.01159	0.01871	0.00323	0.36604	0.00730	0.00379	0.01058

[dist]
# distance from previous block
# <min> <max>
0	3

[block]
# block no. 2 follows, 21 sequences, length 116
# corresponding to MSA columns:
# 111-226
name=unknown_C
#
# <colnr> <probs for GDERKNQSTAVLIFYWHMCP>
#	G	D	E	R	K	N	Q	S	T	A	V	L	I	F	Y	W	H	M	C	P
0	0.02145	0.55472	0.18453	0.01678	0.02527	0.03049	0.01842	0.02582	0.01745	0.02161	0.01262	0.01464	0.01089	0.00746	0.00606	0.00202	0.00990	0.00495	0.00363	0.01130
1	0.01840	0.02126	0.15363	0.01758	0.02269	0.05131	0.01651	0.14230	0.02054	0.02827	0.02019	0.02650	0.01709	0.03801	0.35643	0.00844	0.01747	0.00802	0.00515	0.01019
2	0.01080	0.00796	0.01011	0.01104	0.01232	0.00727	0.00772	0.01310	0.01898	0.02544	0.22227	0.42316	0.15202	0.02326	0.01051	0.00315	0.00458	0.02075	0.00832	0.00727
3	0.02464	0.02001	0.02120	0.01802	0.02345	0.02279	0.01431	0.22359	0.44844	0.04120	0.03022	0.02823	0.02240	0.01113	0.00861	0.00278	0.00755	0.00901	0.00861	0.01378
4	0.01874	0.24437	0.43062	0.06211	0.03361	0.02396	0.02580	0.02618	0.01770	0.02451	0.01421	0.01694	0.01086	0.00787	0.00731	0.00244	0.01144	0.00584	0.00362	0.01188
5	0.09858	0.16650	0.40431	0.02045	0.03048	0.06028	0.02409	0.02756	0.01813	0.05561	0.01498	0.01706	0.01113	0.00807	0.00728	0.00249	0.01119	0.00584	0.00415	0.01183
6	0.02368	0.02107	0.03274	0.07368	0.42059	0.02183	0.06017	0.17944	0.02464	0.03415	0.01718	0.02110	0.01360	0.00828	0.00855	0.00257	0.01024	0.00776	0.00531	0.01341
7	0.01231	0.00891	0.01192	0.01300	0.01473	0.00853	0.01042	0.01564	0.02019	0.02702	0.21987	0.20882	0.09829	0.02227	0.01097	0.00340	0.00591	0.27184	0.00829	0.00766
8	0.02417	0.25420	0.03296	0.10687	0.16067	0.12399	0.01835	0.06072	0.06045	0.05779	0.01642	0.01896	0.01323	0.00833	0.00735	0.00231	0.01032	0.00642	0.00484	0.01167
9	0.06099	0.15095	0.18783	0.01848	0.02529	0.15815	0.01822	0.02799	0.01989	0.10084	0.05859	0.02395	0.04928	0.01010	0.00896	0.00250	0.05450	0.00724	0.00529	0.01099
10	0.01037	0.00741	0.00987	0.01185	0.01234	0.00691	0.00790	0.01185	0.01629	0.02172	0.04690	0.69537	0.05629	0.02666	0.01086	0.00346	0.00494	0.02419	0.00790	0.00691
11	0.01017	0.00856	0.00883	0.00889	0.01160	0.00721	0.00662	0.01239	0.01947	0.02349	0.11246	0.11285	0.58517	0.02161	0.01010	0.00289	0.00433	0.01815	0.00798	0.00721
12	0.02902	0.02391	0.06346	0.01939	0.02613	0.02487	0.01655	0.46032	0.16481	0.04813	0.02314	0.02269	0.01669	0.01037	0.00852	0.00263	0.00900	0.00799	0.00824	0.01414
13	0.01967	0.03660	0.42862	0.03120	0.19519	0.05473	0.02848	0.05720	0.01978	0.02820	0.01561	0.01876	0.01168	0.00810	0.00817	0.00262	0.01192	0.00665	0.00405	0.01276
14	0.01057	0.00864	0.00933	0.00916	0.01181	0.00740	0.00687	0.01321	0.02061	0.02586	0.23002	0.07717	0.49878	0.02048	0.01005	0.00282	0.00423	0.01730	0.00828	0.00740
15	0.01061	0.00833	0.00960	0.00995	0.01200	0.00731	0.00721	0.01303	0.01971	0.02531	0.20857	0.23621	0.35810	0.02189	0.01026	0.00298	0.00440	0.01896	0.00825	0.00731
16	0.02014	0.20570	0.24879	0.03297	0.27812	0.02354	0.02494	0.02624	0.01836	0.02550	0.01468	0.01809	0.01190	0.00768	0.00754	0.00240	0.01069	0.00636	0.00385	0.01251
17	0.01248	0.00886	0.01031	0.01040	0.01287	0.00777	0.00780	0.01498	0.01989	0.06577	0.16039	0.19146	0.36975	0.02126	0.01021	0.00300	0.00478	0.05197	0.00830	0.00778
18	0.03457	0.01916	0.02251	0.01738	0.02399	0.01959	0.01432	0.31954	0.06084	0.33578	0.02731	0.02500	0.01813	0.01043	0.00854	0.00261	0.00824	0.00818	0.00947	0.01443
19	0.01199	0.00922	0.01076	0.01126	0.01338	0.00854	0.00838	0.04879	0.01985	0.02533	0.10062	0.29451	0.30271	0.02261	0.01042	0.00315	0.00517	0.07764	0.00803	0.00764
20	0.01900	0.20680	0.20733	0.01750	0.02415	0.06085	0.01778	0.05599	0.05859	0.02492	0.02164	0.12311	0.02064	0.05202	0.05074	0.00354	0.01052	0.00928	0.00504	0.01056
21	0.01618	0.01506	0.02527	0.61025	0.08518	0.01843	0.02317	0.02172	0.01728	0.02226	0.01694	0.02694	0.01367	0.00935	0.00870	0.00288	0.01108	0.04203	0.00404	0.00956
22	0.01647	0.01617	0.02671	0.02199	0.02450	0.01922	0.15180	0.01980	0.01538	0.02210	0.02203	0.06879	0.05600	0.02521	0.16452	0.00568	0.29984	0.01010	0.00456	0.00914
23	0.02044	0.02204	0.09700	0.06783	0.39196	0.02036	0.02326	0.03103	0.17999	0.02949	0.02078	0.02361	0.01637	0.00872	0.00845	0.00265	0.00954	0.00798	0.00529	0.01320
24	0.02544	0.07377	0.02368	0.02265	0.09401	0.38066	0.01559	0.05569	0.02222	0.02332	0.02093	0.16095	0.02107	0.01242	0.00833	0.00249	0.01184	0.00975	0.00526	0.00994
25	0.31505	0.01971	0.05907	0.06269	0.12093	0.05093	0.04757	0.02942	0.01864	0.17374	0.01820	0.01975	0.01309	0.00851	0.00725	0.00262	0.00879	0.00659	0.00602	0.01144
26	0.01565	0.01189	0.01679	0.01809	0.08428	0.01178	0.04000	0.02189	0.11225	0.06499	0.17809	0.30439	0.04853	0.01829	0.00990	0.00301	0.00613	0.01656	0.00794	0.00953
27	0.02366	0.02050	0.02144	0.01803	0.02255	0.10004	0.01439	0.06785	0.21856	0.09175	0.02251	0.02343	0.01738	0.01079	0.01220	0.00264	0.15245	0.00760	0.00660	0.14565
28	0.09551	0.47454	0.09545	0.01524	0.02272	0.02781	0.01533	0.02795	0.01814	0.11667	0.01539	0.01635	0.01225	0.00790	0.00615	0.00210	0.00891	0.00532	0.00482	0.01144
29	0.06072	0.06031	0.09964	0.05432	0.02251	0.01594	0.01391	0.02976	0.13364	0.18058	0.05896	0.03352	0.02412	0.15735	0.01563	0.00385	0.00819	0.00913	0.00699	0.01093
30	0.06222	0.09770	0.20678	0.01976	0.02717	0.09176	0.01964	0.18425	0.02407	0.07325	0.01730	0.01941	0.01306	0.01267	0.04985	0.00325	0.05350	0.00670	0.00559	0.01206
31	0.02735	0.08024	0.02638	0.01931	0.02502	0.06240	0.04321	0.38130	0.06296	0.04146	0.02116	0.06261	0.01724	0.01361	0.04075	0.00315	0.04341	0.00857	0.00721	0.01266
32	0.01589	0.01196	0.01590	0.04379	0.05787	0.01241	0.01314	0.02344	0.13501	0.05132	0.14554	0.13477	0.04627	0.01847	0.01032	0.00328	0.00689	0.23627	0.00798	0.00948
33	0.02828	0.24003	0.03125	0.02011	0.05372	0.20658	0.01611	0.22335	0.04911	0.03220	0.01604	0.01735	0.01276	0.00883	0.00733	0.00224	0.01089	0.00616	0.00565	0.01200
34	0.02072	0.36251	0.30010	0.01999	0.02940	0.06019	0.04976	0.02662	0.01806	0.02330	0.01359	0.01598	0.01096	0.00769	0.00689	0.00225	0.01112	0.00558	0.00369	0.01159
35	0.02158	0.45758	0.23291	0.01804	0.02678	0.07064	0.01991	0.02649	0.01795	0.02222	0.01298	0.01510	0.01088	0.00763	0.00642	0.00212	0.01058	0.00515	0.00367	0.01137
36	0.01179	0.00852	0.01178	0.01225	0.01318	0.00922	0.00874	0.01377	0.01400	0.01948	0.02938	0.19423	0.03171	0.20031	0.37058	0.01004	0.01528	0.01341	0.00548	0.00688
37	0.02064	0.02026	0.03488	0.04669	0.50734	0.02112	0.08074	0.02547	0.01860	0.02677	0.01547	0.02091	0.01312	0.00852	0.01119	0.00272	0.10085	0.00780	0.00416	0.01273
38	0.02113	0.02507	0.16323	0.07641	0.31983	0.02085	0.02412	0.09267	0.11384	0.03120	0.01909	0.02205	0.01477	0.00863	0.00840	0.00264	0.01012	0.00762	0.00519	0.01314
39	0.02214	0.02226	0.03350	0.04919	0.58544	0.08513	0.02515	0.02691	0.01985	0.02710	0.01572	0.02049	0.01323	0.00770	0.00835	0.00249	0.01064	0.00737	0.00423	0.01312
40	0.01006	0.00862	0.00862	0.00862	0.01149	0.00718	0.00647	0.01221	0.01940	0.02299	0.08621	0.08190	0.64438	0.02155	0.01006	0.00287	0.00431	0.01796	0.00790	0.00718
41	0.02180	0.05187	0.02351	0.02641	0.19312	0.05658	0.01747	0.08619	0.02231	0.09399	0.02965	0.05138	0.02844	0.01466	0.00960	0.00305	0.00909	0.24307	0.00676	0.01105
42	0.02188	0.02437	0.03375	0.02999	0.10897	0.18575	0.25981	0.02681	0.02093	0.02528	0.02195	0.03631	0.02016	0.01112	0.00959	0.00288	0.01269	0.13218	0.00507	0.01053
43	0.01037	0.00741	0.00987	0.01185	0.01234	0.00691	0.00790	0.01185	0.01629	0.02172	0.04690	0.69537	0.05629	0.02666	0.01086	0.00346	0.00494	0.02419	0.00790	0.00691
44	0.01586	0.00793	0.00793	0.00793	0.00991	0.00793	0.00595	0.01983	0.01785	0.03173	0.02776	0.03173	0.02181	0.00991	0.00595	0.00198	0.00397	0.00793	0.74817	0.00793
45	0.01108	0.00791	0.01069	0.01266	0.01347	0.00753	0.00914	0.01308	0.01700	0.02252	0.04651	0.56772	0.05473	0.02599	0.01105	0.00355	0.00555	0.14481	0.00789	0.00711
46	0.01220	0.00893	0.01274	0.01274	0.01394	0.01013	0.00947	0.01460	0.01340	0.01906	0.02365	0.03817	0.02333	0.19950	0.53434	0.01252	0.01970	0.00981	0.00469	0.00708
47	0.02704	0.01898	0.02111	0.01729	0.02245	0.02045	0.01380	0.42463	0.03286	0.08450	0.02814	0.19555	0.02572	0.01449	0.00912	0.00279	0.00808	0.01200	0.00849	0.01252
48	0.03179	0.04056	0.02412	0.02192	0.02631	0.66676	0.01644	0.03398	0.02412	0.02083	0.01315	0.01535	0.01096	0.00877	0.00767	0.00219	0.01535	0.00548	0.00438	0.00987
49	0.01232	0.00848	0.01044	0.01044	0.01084	0.00888	0.00660	0.01312	0.01272	0.01736	0.02575	0.04982	0.02839	0.53278	0.20797	0.00968	0.01209	0.01152	0.00500	0.00580
50	0.02458	0.02630	0.06043	0.03395	0.28736	0.18317	0.02101	0.11805	0.02291	0.02901	0.01605	0.01999	0.01320	0.01226	0.05041	0.00322	0.05406	0.00709	0.00487	0.01205
51	0.02275	0.70604	0.04459	0.01456	0.02184	0.03367	0.01456	0.02548	0.01729	0.02002	0.01183	0.01365	0.01092	0.00728	0.00546	0.00182	0.00910	0.00455	0.00364	0.01092
52	0.03118	0.03954	0.02421	0.02194	0.02612	0.63694	0.01654	0.03335	0.02360	0.02081	0.01306	0.01550	0.01097	0.00905	0.00862	0.00226	0.04653	0.00557	0.00435	0.00984
53	0.01216	0.00912	0.01368	0.01368	0.01520	0.01064	0.01064	0.01520	0.01368	0.01976	0.02279	0.03343	0.02127	0.06382	0.66720	0.01368	0.02279	0.00912	0.00456	0.00760
54	0.01707	0.04402	0.65683	0.02426	0.03683	0.01976	0.03144	0.02695	0.01797	0.02695	0.01527	0.01797	0.01078	0.00809	0.00809	0.00270	0.01258	0.00629	0.00359	0.01258
55	0.03185	0.03876	0.02427	0.02167	0.02632	0.59795	0.01641	0.09690	0.02582	0.02435	0.01394	0.01589	0.01134	0.00892	0.00776	0.00223	0.01470	0.00572	0.00483	0.01036
56	0.03818	0.01448	0.01975	0.01514	0.02172	0.01251	0.01251	0.04147	0.02436	0.65373	0.03357	0.02897	0.02107	0.01053	0.00856	0.00263	0.00724	0.00856	0.01053	0.01448
57	0.02285	0.03030	0.15842	0.07734	0.31712	0.19596	0.02442	0.02816	0.02023	0.02535	0.01503	0.01898	0.01211	0.00807	0.00816	0.00249	0.01212	0.00674	0.00411	0.01206
58	0.02589	0.02720	0.02909	0.03626	0.33159	0.23387	0.02097	0.09756	0.06326	0.02896	0.01679	0.01981	0.01358	0.00853	0.00820	0.00244	0.01153	0.00703	0.00505	0.01240
59	0.01862	0.01862	0.02607	0.02234	0.02234	0.02607	0.01862	0.02048	0.01303	0.02048	0.01117	0.01862	0.01117	0.01489	0.02793	0.00372	0.68535	0.00745	0.00372	0.00931
60	0.01915	0.05660	0.12636	0.12024	0.17983	0.01968	0.02067	0.03011	0.19023	0.02845	0.02252	0.02785	0.01827	0.00979	0.00837	0.00267	0.00929	0.04388	0.00555	0.06049
61	0.02009	0.02296	0.05022	0.03587	0.04448	0.02152	0.61693	0.02726	0.02009	0.02726	0.01722	0.02296	0.01291	0.00717	0.01004	0.00287	0.01435	0.01004	0.00430	0.01148
62	0.03378	0.01547	0.01962	0.01570	0.02183	0.01475	0.01276	0.04244	0.18164	0.49386	0.03385	0.02969	0.02234	0.01079	0.00858	0.00270	0.00711	0.00883	0.01005	0.01422
63	0.02718	0.20234	0.03149	0.02439	0.13545	0.14124	0.01743	0.22598	0.05842	0.03355	0.01686	0.01847	0.01335	0.00880	0.00757	0.00231	0.01036	0.00656	0.00576	0.01250
64	0.02001	0.01102	0.01425	0.01204	0.01599	0.00960	0.00943	0.02367	0.02320	0.21104	0.36689	0.05008	0.09306	0.01455	0.00923	0.00253	0.00520	0.01253	0.00916	0.08651
65	0.01806	0.03999	0.57721	0.02285	0.03440	0.01858	0.02881	0.02717	0.01874	0.06623	0.05547	0.02148	0.01574	0.00882	0.00824	0.00269	0.01171	0.00700	0.00438	0.01241
66	0.01709	0.06973	0.32019	0.02047	0.02755	0.02052	0.02230	0.02437	0.05994	0.02491	0.02550	0.02798	0.10247	0.01197	0.01338	0.00295	0.18479	0.00839	0.00460	0.01093
67	0.01183	0.00869	0.01108	0.01048	0.01258	0.00794	0.00786	0.01565	0.02358	0.03293	0.58348	0.06554	0.14091	0.01784	0.01004	0.00270	0.00405	0.01567	0.00921	0.00794
68	0.01758	0.08618	0.58803	0.02418	0.03622	0.02075	0.05822	0.02687	0.01802	0.02651	0.01514	0.01792	0.01089	0.00799	0.00801	0.00265	0.01243	0.00635	0.00363	0.01242
69	0.02049	0.02787	0.23519	0.05841	0.22527	0.02036	0.06133	0.08942	0.08329	0.03071	0.01811	0.02107	0.01380	0.00837	0.00834	0.00259	0.01061	0.00739	0.00494	0.05244
70	0.01923	0.01885	0.02604	0.02222	0.02252	0.02608	0.01851	0.04695	0.01423	0.02195	0.01158	0.01870	0.01132	0.01469	0.02707	0.00367	0.65547	0.00746	0.00394	0.00954
71	0.01006	0.00862	0.00862	0.00862	0.01149	0.00718	0.00647	0.01221	0.01940	0.02299	0.08621	0.08190	0.64438	0.02155	0.01006	0.00287	0.00431	0.01796	0.00790	0.00718
72	0.02166	0.02458	0.03619	0.09230	0.03636	0.15192	0.28059	0.02628	0.01873	0.02364	0.01460	0.02026	0.01191	0.00966	0.01414	0.00296	0.19152	0.00820	0.00412	0.01038
73	0.02064	0.02060	0.03088	0.10030	0.39345	0.06167	0.02335	0.02475	0.01781	0.02492	0.01450	0.02023	0.01253	0.00963	0.01343	0.00284	0.18519	0.00742	0.00406	0.01181
74	0.01016	0.00862	0.00876	0.00872	0.01155	0.00723	0.00654	0.01240	0.01963	0.02354	0.11362	0.08100	0.61663	0.02135	0.01006	0.00286	0.00430	0.01783	0.00797	0.00723
75	0.01143	0.00867	0.01052	0.01006	0.01234	0.00777	0.00755	0.01487	0.02264	0.03069	0.47132	0.06923	0.25446	0.01868	0.01004	0.00274	0.00411	0.01618	0.00892	0.00777
76	0.02062	0.06124	0.16541	0.03155	0.21395	0.04654	0.11212	0.08197	0.05730	0.02921	0.02195	0.05558	0.04481	0.00970	0.00863	0.00265	0.01065	0.00884	0.00508	0.01219
77	0.01811	0.01470	0.01862	0.02064	0.09759	0.01571	0.01498	0.06996	0.21367	0.03082	0.03856	0.06038	0.06583	0.01672	0.01005	0.00327	0.00770	0.26426	0.00770	0.01075
78	0.01224	0.00879	0.01199	0.01199	0.01293	0.00972	0.00854	0.01412	0.01318	0.01851	0.02433	0.04195	0.02497	0.30770	0.42838	0.01160	0.01723	0.01036	0.00479	0.00666
79	0.01096	0.00891	0.00987	0.01036	0.01300	0.00783	0.00825	0.01355	0.01944	0.02360	0.07609	0.08537	0.49794	0.02203	0.01048	0.00313	0.00518	0.15879	0.00789	0.00734
80	0.02504	0.06921	0.02753	0.05274	0.11862	0.31293	0.01872	0.02773	0.01936	0.02175	0.01298	0.01738	0.01141	0.01035	0.01382	0.00271	0.21693	0.00642	0.00409	0.01028
81	0.06474	0.03515	0.45391	0.02135	0.03176	0.01875	0.02533	0.03098	0.08284	0.12525	0.01991	0.02086	0.01386	0.00881	0.00805	0.00270	0.01079	0.00689	0.00529	0.01277
82	0.02590	0.02949	0.15991	0.02466	0.10511	0.12475	0.02029	0.23947	0.12051	0.03680	0.01980	0.02091	0.01476	0.00941	0.00830	0.00257	0.01069	0.00731	0.00630	0.01306
83	0.02792	0.25249	0.03077	0.06037	0.02688	0.42350	0.01628	0.03050	0.02149	0.02063	0.01285	0.01526	0.01097	0.00828	0.00702	0.00211	0.01309	0.00531	0.00411	0.01018
84	0.03104	0.03844	0.02430	0.02183	0.02608	0.59722	0.01656	0.06213	0.02425	0.02243	0.01340	0.01579	0.01115	0.00920	0.00891	0.00230	0.05467	0.00571	0.00455	0.01006
85	0.01287	0.00952	0.01253	0.01404	0.01621	0.00919	0.01203	0.01638	0.01955	0.02489	0.05459	0.09273	0.18688	0.02306	0.01136	0.00368	0.00702	0.45794	0.00785	0.00769
86	0.01707	0.04402	0.65683	0.02426	0.03683	0.01976	0.03144	0.02695	0.01797	0.02695	0.01527	0.01797	0.01078	0.00809	0.00809	0.00270	0.01258	0.00629	0.00359	0.01258
87	0.01845	0.01839	0.02603	0.06525	0.02471	0.02560	0.01895	0.02056	0.01329	0.02056	0.01143	0.01888	0.01118	0.01448	0.02666	0.00367	0.64140	0.00745	0.00373	0.00932
88	0.01201	0.00925	0.01134	0.01239	0.01477	0.00858	0.01033	0.01511	0.01950	0.02431	0.06424	0.08942	0.32656	0.02260	0.01096	0.00343	0.00619	0.32361	0.00787	0.00753
89	0.01623	0.01536	0.02530	0.15061	0.20671	0.01573	0.09354	0.02149	0.04561	0.02496	0.03590	0.07267	0.16950	0.01576	0.05015	0.00347	0.00984	0.01146	0.00545	0.01024
90	0.02778	0.23943	0.02962	0.01916	0.02424	0.43284	0.01550	0.03019	0.02138	0.02051	0.01338	0.01601	0.01162	0.01191	0.05000	0.00283	0.01395	0.00544	0.00417	0.01004
91	0.02954	0.01734	0.02035	0.01651	0.02190	0.01779	0.01324	0.30476	0.02994	0.23923	0.03028	0.16690	0.02549	0.01382	0.00903	0.00277	0.00774	0.01147	0.00903	0.01287
92	0.01057	0.00755	0.01010	0.01208	0.01266	0.00708	0.00824	0.01219	0.01649	0.02195	0.04680	0.65993	0.05585	0.02647	0.01091	0.00348	0.00511	0.05768	0.00790	0.00697
93	0.02219	0.02039	0.03294	0.08218	0.53879	0.02092	0.02475	0.09955	0.02181	0.03068	0.01651	0.02107	0.01349	0.00796	0.00844	0.00255	0.01008	0.00759	0.00472	0.01339
94	0.03179	0.04056	0.02412	0.02192	0.02631	0.66676	0.01644	0.03398	0.02412	0.02083	0.01315	0.01535	0.01096	0.00877	0.00767	0.00219	0.01535	0.00548	0.00438	0.00987
95	0.01765	0.01513	0.01765	0.01260	0.02017	0.01134	0.01008	0.02143	0.01765	0.02773	0.01513	0.01765	0.01260	0.00630	0.00630	0.00126	0.00630	0.00504	0.00504	0.75295
96	0.03818	0.01448	0.01975	0.01514	0.02172	0.01251	0.01251	0.04147	0.02436	0.65373	0.03357	0.02897	0.02107	0.01053	0.00856	0.00263	0.00724	0.00856	0.01053	0.01448
97	0.01054	0.00754	0.01003	0.01173	0.01238	0.00702	0.00791	0.01227	0.01708	0.02297	0.10678	0.63194	0.05870	0.02573	0.01078	0.00338	0.00484	0.02331	0.00805	0.00702
98	0.01586	0.00793	0.00793	0.00793	0.00991	0.00793	0.00595	0.01983	0.01785	0.03173	0.02776	0.03173	0.02181	0.00991	0.00595	0.00198	0.00397	0.00793	0.74817	0.00793
99	0.01089	0.00762	0.00972	0.01119	0.01155	0.00726	0.00719	0.01199	0.01528	0.02037	0.04171	0.52992	0.04973	0.20105	0.01926	0.00470	0.00579	0.02114	0.00719	0.00646
100	0.02081	0.02093	0.03860	0.04800	0.49178	0.02056	0.17892	0.02641	0.01956	0.02766	0.01632	0.02155	0.01333	0.00748	0.00884	0.00262	0.01121	0.00822	0.00424	0.01296
101	0.02839	0.29240	0.03196	0.01901	0.02462	0.39489	0.01572	0.05956	0.02231	0.02214	0.01301	0.01495	0.01112	0.00828	0.00687	0.00207	0.01268	0.00523	0.00431	0.01049
102	0.01765	0.01513	0.01765	0.01260	0.02017	0.01134	0.01008	0.02143	0.01765	0.02773	0.01513	0.01765	0.01260	0.00630	0.00630	0.00126	0.00630	0.00504	0.00504	0.75295
103	0.15574	0.02218	0.05089	0.05775	0.02459	0.15461	0.01440	0.06454	0.05385	0.24499	0.02353	0.05829	0.01758	0.01037	0.00791	0.00261	0.00933	0.00791	0.00721	0.01173
104	0.01760	0.03282	0.37520	0.02605	0.03507	0.02025	0.17293	0.02513	0.01768	0.02577	0.01723	0.06346	0.01433	0.01004	0.01156	0.00293	0.10785	0.00855	0.00407	0.01147
105	0.01478	0.00739	0.01109	0.01109	0.01109	0.00739	0.00739	0.01109	0.01109	0.01478	0.01478	0.02587	0.01478	0.02956	0.03326	0.75240	0.00739	0.00739	0.00370	0.00370
106	0.01414	0.01143	0.01290	0.01205	0.01509	0.01158	0.00918	0.02341	0.19749	0.03159	0.32048	0.05931	0.21467	0.01682	0.00965	0.00279	0.00487	0.01442	0.00877	0.00937
107	0.02019	0.02029	0.03748	0.12600	0.41863	0.02039	0.17862	0.02587	0.01927	0.02691	0.01621	0.02175	0.01307	0.00759	0.00885	0.00265	0.01136	0.00822	0.00418	0.01246
108	0.02275	0.70604	0.04459	0.01456	0.02184	0.03367	0.01456	0.02548	0.01729	0.02002	0.01183	0.01365	0.01092	0.00728	0.00546	0.00182	0.00910	0.00455	0.00364	0.01092
109	0.01607	0.01513	0.02552	0.68047	0.05861	0.01891	0.02363	0.02174	0.01702	0.02174	0.01513	0.02269	0.01134	0.00851	0.00851	0.00284	0.01134	0.00756	0.00378	0.00945
110	0.02932	0.01303	0.01715	0.01450	0.01934	0.01191	0.01141	0.03418	0.08199	0.42957	0.03713	0.20160	0.03066	0.01480	0.00916	0.00287	0.00660	0.01271	0.00967	0.01243
111	0.76103	0.01646	0.01251	0.01119	0.01646	0.01909	0.00922	0.02502	0.01448	0.03818	0.01185	0.01382	0.00922	0.00790	0.00527	0.00263	0.00658	0.00461	0.00527	0.00922
112	0.01220	0.00893	0.01274	0.01274	0.01394	0.01013	0.00947	0.01460	0.01340	0.01906	0.02365	0.03817	0.02333	0.19950	0.53434	0.01252	0.01970	0.00981	0.00469	0.00708
113	0.02106	0.02022	0.03454	0.05223	0.64784	0.02022	0.02612	0.02612	0.01938	0.02780	0.01601	0.02106	0.01348	0.00758	0.00842	0.00253	0.01011	0.00758	0.00421	0.01348
114	0.02128	0.53482	0.20294	0.01707	0.02572	0.03008	0.01893	0.02586	0.01747	0.02181	0.01272	0.01477	0.01088	0.00749	0.00614	0.00205	0.01000	0.00500	0.00363	0.01135
115	0.02505	0.17503	0.02513	0.01746	0.02207	0.38221	0.01387	0.02747	0.02188	0.02184	0.06398	0.02896	0.11984	0.01110	0.00774	0.00226	0.01149	0.00796	0.00512	0.00953

[dist]
# distance from previous block
# <min> <max>
0	1

[block]
# block no. 3 follows, 21 sequences, length 99
# corresponding to MSA columns:
# 228-326
name=unknown_D
#
# <colnr> <probs for GDERKNQSTAVLIFYWHMCP>
#	G	D	E	R	K	N	Q	S	T	A	V	L	I	F	Y	W	H	M	C	P
0	0.02159	0.57124	0.16926	0.01654	0.02489	0.03084	0.01800	0.02578	0.01743	0.02143	0.01253	0.01453	0.01089	0.00744	0.00599	0.00200	0.00981	0.00490	0.00363	0.01126
1	0.01533	0.05700	0.01900	0.02106	0.17350	0.01343	0.01282	0.05163	0.02144	0.02817	0.18159	0.05475	0.28647	0.01558	0.00926	0.00266	0.00630	0.01335	0.00705	0.00960
2	0.01729	0.01471	0.01725	0.01248	0.01969	0.01113	0.00995	0.02108	0.01806	0.02814	0.05528	0.02058	0.01693	0.00701	0.00654	0.00135	0.00616	0.00570	0.00532	0.70533
3	0.03141	0.02328	0.02504	0.01913	0.02599	0.02543	0.01579	0.58123	0.03858	0.05198	0.02009	0.02025	0.01435	0.00997	0.00837	0.00247	0.00917	0.00749	0.00829	0.06168
4	0.01896	0.01091	0.01408	0.01223	0.01552	0.01017	0.00951	0.06009	0.02516	0.16848	0.47254	0.05338	0.06337	0.01546	0.00962	0.00266	0.00505	0.01343	0.00956	0.00983
5	0.71316	0.01596	0.01244	0.01116	0.01622	0.01838	0.00914	0.02444	0.01510	0.03792	0.05222	0.01700	0.01376	0.00851	0.00557	0.00264	0.00642	0.00530	0.00553	0.00914
6	0.01037	0.00863	0.00905	0.00895	0.01168	0.00732	0.00671	0.01281	0.02013	0.02473	0.17312	0.07904	0.55639	0.02090	0.01005	0.00284	0.00426	0.01756	0.00813	0.00732
7	0.01008	0.00855	0.00869	0.00880	0.01154	0.00717	0.00655	0.01219	0.01922	0.02292	0.08397	0.11680	0.61093	0.02184	0.01010	0.00291	0.00435	0.01831	0.00790	0.00717
8	0.01917	0.01603	0.01846	0.01333	0.02081	0.01290	0.01071	0.08329	0.01996	0.03041	0.01567	0.01793	0.01280	0.00671	0.00653	0.00139	0.00662	0.00531	0.00540	0.67656
9	0.01707	0.04402	0.65683	0.02426	0.03683	0.01976	0.03144	0.02695	0.01797	0.02695	0.01527	0.01797	0.01078	0.00809	0.00809	0.00270	0.01258	0.00629	0.00359	0.01258
10	0.01841	0.01751	0.02975	0.38629	0.33452	0.01952	0.02480	0.02379	0.01812	0.02458	0.01554	0.02193	0.01234	0.00807	0.00847	0.00269	0.01077	0.00757	0.00398	0.01134
11	0.02170	0.02142	0.03393	0.05045	0.61114	0.05839	0.02555	0.02658	0.01966	0.02739	0.01584	0.02072	0.01333	0.00765	0.00838	0.00251	0.01042	0.00746	0.00422	0.01327
12	0.01034	0.00751	0.00977	0.01158	0.01227	0.00693	0.00778	0.01188	0.01655	0.02183	0.05018	0.64430	0.10524	0.02624	0.01080	0.00341	0.00489	0.02367	0.00790	0.00693
13	0.01238	0.00825	0.00928	0.00928	0.00928	0.00825	0.00516	0.01238	0.01238	0.01650	0.02681	0.05569	0.03094	0.70092	0.04331	0.00825	0.00825	0.01238	0.00516	0.00516
14	0.02063	0.01978	0.03376	0.10654	0.59690	0.02011	0.02590	0.02574	0.01917	0.02728	0.01593	0.02120	0.01330	0.00766	0.00843	0.00255	0.01022	0.00758	0.00418	0.01313
15	0.01928	0.01610	0.01853	0.01338	0.02086	0.01302	0.01076	0.08804	0.02014	0.03062	0.01572	0.01796	0.01281	0.00674	0.00655	0.00140	0.00664	0.00533	0.00543	0.67069
16	0.01318	0.01055	0.01538	0.01479	0.01600	0.01292	0.01159	0.01587	0.01351	0.01969	0.02120	0.03231	0.02021	0.09016	0.53422	0.01183	0.12537	0.00903	0.00446	0.00773
17	0.01995	0.16781	0.18051	0.02910	0.19322	0.05060	0.07682	0.02645	0.04623	0.02621	0.05305	0.02569	0.01844	0.00925	0.00813	0.00254	0.01048	0.03909	0.00465	0.01177
18	0.01419	0.01318	0.01388	0.01309	0.01512	0.07465	0.01000	0.01683	0.02004	0.02585	0.24335	0.12794	0.23579	0.01849	0.01270	0.00294	0.11159	0.01497	0.00738	0.00802
19	0.02346	0.02277	0.03166	0.04365	0.48146	0.09294	0.02335	0.09095	0.05263	0.03016	0.01709	0.02089	0.01393	0.00819	0.00836	0.00251	0.01045	0.00746	0.00491	0.01318
20	0.02863	0.01980	0.02200	0.01741	0.02322	0.02135	0.01418	0.40703	0.08494	0.11417	0.12805	0.02957	0.02724	0.01157	0.00879	0.00261	0.00801	0.00923	0.00889	0.01330
21	0.01037	0.00741	0.00987	0.01185	0.01234	0.00691	0.00790	0.01185	0.01629	0.02172	0.04690	0.69537	0.05629	0.02666	0.01086	0.00346	0.00494	0.02419	0.00790	0.00691
22	0.01805	0.01651	0.02145	0.02791	0.21758	0.08626	0.01793	0.02213	0.02003	0.02569	0.03233	0.06335	0.03353	0.01684	0.01025	0.00329	0.00939	0.34132	0.00631	0.00984
23	0.03223	0.02736	0.02524	0.02007	0.02637	0.16118	0.01623	0.49623	0.03667	0.04673	0.01890	0.01936	0.01373	0.00991	0.00834	0.00248	0.01062	0.00720	0.00764	0.01350
24	0.03235	0.02384	0.02554	0.01958	0.02639	0.02639	0.01618	0.61946	0.04001	0.05363	0.02043	0.02043	0.01447	0.01022	0.00851	0.00255	0.00936	0.00766	0.00851	0.01447
25	0.01037	0.00741	0.00987	0.01185	0.01234	0.00691	0.00790	0.01185	0.01629	0.02172	0.04690	0.69537	0.05629	0.02666	0.01086	0.00346	0.00494	0.02419	0.00790	0.00691
26	0.01216	0.00912	0.01368	0.01368	0.01520	0.01064	0.01064	0.01520	0.01368	0.01976	0.02279	0.03343	0.02127	0.06382	0.66720	0.01368	0.02279	0.00912	0.00456	0.00760
27	0.03294	0.05810	0.02469	0.01925	0.02519	0.24667	0.01544	0.26947	0.03022	0.16511	0.02024	0.02013	0.01446	0.00965	0.00809	0.00241	0.01099	0.00695	0.00728	0.01271
28	0.02401	0.01694	0.02009	0.01636	0.02135	0.01787	0.01321	0.26637	0.02625	0.09681	0.02253	0.06220	0.01865	0.02338	0.16396	0.00508	0.04197	0.00861	0.00699	0.12739
29	0.02747	0.02751	0.02983	0.03269	0.24393	0.21501	0.05812	0.20029	0.02681	0.03316	0.01651	0.01930	0.01298	0.00867	0.00833	0.00246	0.01173	0.00714	0.00551	0.01256
30	0.02843	0.02164	0.02331	0.01869	0.02471	0.02422	0.01519	0.44193	0.18776	0.04725	0.02414	0.02399	0.01774	0.01347	0.04445	0.00324	0.00943	0.00823	0.00833	0.01385
31	0.02907	0.03540	0.02676	0.02961	0.18383	0.50290	0.01889	0.03199	0.02292	0.02260	0.01388	0.01680	0.01160	0.00847	0.00786	0.00228	0.01402	0.00601	0.00434	0.01078
32	0.01586	0.00793	0.00793	0.00793	0.00991	0.00793	0.00595	0.01983	0.01785	0.03173	0.02776	0.03173	0.02181	0.00991	0.00595	0.00198	0.00397	0.00793	0.74817	0.00793
33	0.02891	0.20688	0.02900	0.01981	0.02495	0.47094	0.01580	0.03248	0.05669	0.02146	0.01403	0.01584	0.01180	0.00855	0.00717	0.00214	0.01329	0.00548	0.00444	0.01033
34	0.01623	0.01513	0.02539	0.60590	0.09109	0.01847	0.02322	0.02177	0.01730	0.02231	0.01687	0.02672	0.01359	0.00930	0.00869	0.00288	0.01107	0.04043	0.00404	0.00960
35	0.02039	0.02187	0.04343	0.03582	0.13546	0.02127	0.44021	0.02960	0.10578	0.02851	0.01947	0.02389	0.01483	0.00785	0.00960	0.00282	0.01262	0.00960	0.00490	0.01207
36	0.01266	0.00898	0.01106	0.01086	0.01116	0.00968	0.00697	0.01337	0.01267	0.01736	0.02518	0.04926	0.02795	0.53685	0.16735	0.00910	0.04726	0.01146	0.00496	0.00587
37	0.01586	0.00793	0.00793	0.00793	0.00991	0.00793	0.00595	0.01983	0.01785	0.03173	0.02776	0.03173	0.02181	0.00991	0.00595	0.00198	0.00397	0.00793	0.74817	0.00793
38	0.02604	0.46360	0.03713	0.01724	0.02347	0.26431	0.01525	0.02858	0.01978	0.02032	0.01231	0.01427	0.01094	0.00782	0.00627	0.00196	0.01138	0.00489	0.00391	0.01054
39	0.01607	0.01513	0.02552	0.68047	0.05861	0.01891	0.02363	0.02174	0.01702	0.02174	0.01513	0.02269	0.01134	0.00851	0.00851	0.00284	0.01134	0.00756	0.00378	0.00945
40	0.01238	0.00825	0.00928	0.00928	0.00928	0.00825	0.00516	0.01238	0.01238	0.01650	0.02681	0.05569	0.03094	0.70092	0.04331	0.00825	0.00825	0.01238	0.00516	0.00516
41	0.03358	0.02186	0.02432	0.01864	0.02540	0.02346	0.01540	0.49732	0.03670	0.18044	0.02321	0.02223	0.01587	0.01028	0.00852	0.00257	0.00892	0.00785	0.00894	0.01447
42	0.02275	0.70604	0.04459	0.01456	0.02184	0.03367	0.01456	0.02548	0.01729	0.02002	0.01183	0.01365	0.01092	0.00728	0.00546	0.00182	0.00910	0.00455	0.00364	0.01092
43	0.02257	0.01816	0.02026	0.01528	0.02230	0.01708	0.01234	0.20838	0.09302	0.03659	0.01893	0.02008	0.01467	0.00809	0.00725	0.00184	0.00729	0.00636	0.00651	0.44299
44	0.03179	0.04056	0.02412	0.02192	0.02631	0.66676	0.01644	0.03398	0.02412	0.02083	0.01315	0.01535	0.01096	0.00877	0.00767	0.00219	0.01535	0.00548	0.00438	0.00987
45	0.01707	0.04402	0.65683	0.02426	0.03683	0.01976	0.03144	0.02695	0.01797	0.02695	0.01527	0.01797	0.01078	0.00809	0.00809	0.00270	0.01258	0.00629	0.00359	0.01258
46	0.01586	0.00793	0.00793	0.00793	0.00991	0.00793	0.00595	0.01983	0.01785	0.03173	0.02776	0.03173	0.02181	0.00991	0.00595	0.00198	0.00397	0.00793	0.74817	0.00793
47	0.01707	0.04402	0.65683	0.02426	0.03683	0.01976	0.03144	0.02695	0.01797	0.02695	0.01527	0.01797	0.01078	0.00809	0.00809	0.00270	0.01258	0.00629	0.00359	0.01258
48	0.02190	0.02246	0.02443	0.02114	0.02282	0.14882	0.01718	0.08191	0.01792	0.02376	0.01361	0.01961	0.01244	0.01801	0.08437	0.00428	0.42392	0.00725	0.00441	0.00976
49	0.02688	0.02816	0.02586	0.19028	0.09744	0.28764	0.01917	0.16768	0.02558	0.02947	0.01565	0.01897	0.01214	0.00892	0.00816	0.00247	0.01240	0.00673	0.00519	0.01121
50	0.01006	0.00862	0.00862	0.00862	0.01149	0.00718	0.00647	0.01221	0.01940	0.02299	0.08621	0.08190	0.64438	0.02155	0.01006	0.00287	0.00431	0.01796	0.00790	0.00718
51	0.01607	0.01513	0.02552	0.68047	0.05861	0.01891	0.02363	0.02174	0.01702	0.02174	0.01513	0.02269	0.01134	0.00851	0.00851	0.00284	0.01134	0.00756	0.00378	0.00945
52	0.01468	0.01029	0.01309	0.01134	0.01469	0.00894	0.00869	0.01860	0.02285	0.06947	0.48522	0.05260	0.06364	0.01484	0.00922	0.00240	0.00465	0.01298	0.00860	0.15322
53	0.01037	0.00741	0.00987	0.01185	0.01234	0.00691	0.00790	0.01185	0.01629	0.02172	0.04690	0.69537	0.05629	0.02666	0.01086	0.00346	0.00494	0.02419	0.00790	0.00691
54	0.03179	0.04056	0.02412	0.02192	0.02631	0.66676	0.01644	0.03398	0.02412	0.02083	0.01315	0.01535	0.01096	0.00877	0.00767	0.00219	0.01535	0.00548	0.00438	0.00987
55	0.02009	0.02296	0.05022	0.03587	0.04448	0.02152	0.61693	0.02726	0.02009	0.02726	0.01722	0.02296	0.01291	0.00717	0.01004	0.00287	0.01435	0.01004	0.00430	0.01148
56	0.76103	0.01646	0.01251	0.01119	0.01646	0.01909	0.00922	0.02502	0.01448	0.03818	0.01185	0.01382	0.00922	0.00790	0.00527	0.00263	0.00658	0.00461	0.00527	0.00922
57	0.02126	0.01829	0.02505	0.03140	0.28563	0.01944	0.01831	0.03486	0.30412	0.06229	0.03001	0.03030	0.05999	0.01046	0.00864	0.00272	0.00803	0.00924	0.00683	0.01312
58	0.01586	0.00793	0.00793	0.00793	0.00991	0.00793	0.00595	0.01983	0.01785	0.03173	0.02776	0.03173	0.02181	0.00991	0.00595	0.00198	0.00397	0.00793	0.74817	0.00793
59	0.71858	0.01594	0.01243	0.01119	0.01615	0.01843	0.00911	0.02422	0.01429	0.03685	0.01202	0.01451	0.00953	0.00913	0.00686	0.04528	0.00663	0.00477	0.00518	0.00890
60	0.03179	0.04056	0.02412	0.02192	0.02631	0.66676	0.01644	0.03398	0.02412	0.02083	0.01315	0.01535	0.01096	0.00877	0.00767	0.00219	0.01535	0.00548	0.00438	0.00987
61	0.01586	0.00793	0.00793	0.00793	0.00991	0.00793	0.00595	0.01983	0.01785	0.03173	0.02776	0.03173	0.02181	0.00991	0.00595	0.00198	0.00397	0.00793	0.74817	0.00793
62	0.01478	0.00739	0.01109	0.01109	0.01109	0.00739	0.00739	0.01109	0.01109	0.01478	0.01478	0.02587	0.01478	0.02956	0.03326	0.75240	0.00739	0.00739	0.00370	0.00370
63	0.03160	0.01303	0.01764	0.01402	0.01946	0.01138	0.01138	0.03507	0.02429	0.49771	0.18712	0.03768	0.03598	0.01226	0.00893	0.00264	0.00643	0.01028	0.01024	0.01286
64	0.01238	0.00825	0.00928	0.00928	0.00928	0.00825	0.00516	0.01238	0.01238	0.01650	0.02681	0.05569	0.03094	0.70092	0.04331	0.00825	0.00825	0.01238	0.00516	0.00516
65	0.03818	0.01448	0.01975	0.01514	0.02172	0.01251	0.01251	0.04147	0.02436	0.65373	0.03357	0.02897	0.02107	0.01053	0.00856	0.00263	0.00724	0.00856	0.01053	0.01448
66	0.03235	0.02384	0.02554	0.01958	0.02639	0.02639	0.01618	0.61946	0.04001	0.05363	0.02043	0.02043	0.01447	0.01022	0.00851	0.00255	0.00936	0.00766	0.00851	0.01447
67	0.03235	0.02384	0.02554	0.01958	0.02639	0.02639	0.01618	0.61946	0.04001	0.05363	0.02043	0.02043	0.01447	0.01022	0.00851	0.00255	0.00936	0.00766	0.00851	0.01447
68	0.01857	0.01718	0.02593	0.02085	0.02601	0.01796	0.18103	0.03285	0.30784	0.03289	0.18304	0.03730	0.03600	0.01180	0.00939	0.00283	0.00818	0.01119	0.00762	0.01154
69	0.01530	0.01212	0.01418	0.01307	0.01607	0.01272	0.00997	0.02647	0.24120	0.03465	0.42611	0.05221	0.06091	0.01531	0.00955	0.00275	0.00499	0.01333	0.00912	0.00997
70	0.01027	0.00861	0.00880	0.00876	0.01145	0.00728	0.00649	0.01243	0.01931	0.02328	0.11310	0.07968	0.58525	0.05351	0.01163	0.00312	0.00448	0.01756	0.00785	0.00713
71	0.03317	0.02233	0.05169	0.01865	0.02566	0.02256	0.01591	0.44608	0.03505	0.20556	0.02356	0.02250	0.01599	0.01020	0.00851	0.00258	0.00896	0.00783	0.00881	0.01439
72	0.03818	0.01448	0.01975	0.01514	0.02172	0.01251	0.01251	0.04147	0.02436	0.65373	0.03357	0.02897	0.02107	0.01053	0.00856	0.00263	0.00724	0.00856	0.01053	0.01448
