[name]
unknown

[dist]
# distance from previous block
# <min> <max>
0	31

[block]
# block no. 0 follows, 21 sequences, length 21
# corresponding to MSA columns:
# 31-51
name=unknown_A
#
# <colnr> <probs for GDERKNQSTAVLIFYWHMCP>
#	G	D	E	R	K	N	Q	S	T	A	V	L	I	F	Y	W	H	M	C	P
0	0.01846	0.02357	0.12956	0.01891	0.02402	0.15833	0.06037	0.02280	0.01965	0.02433	0.02994	0.14824	0.05045	0.01532	0.00941	0.00291	0.01009	0.15485	0.00585	0.07295
1	0.11138	0.03397	0.14574	0.02184	0.05538	0.35961	0.01868	0.02933	0.02105	0.02490	0.01718	0.02514	0.01517	0.01016	0.00797	0.00255	0.01268	0.07228	0.00472	0.01026
2	0.02705	0.02793	0.02390	0.09600	0.05665	0.28507	0.01646	0.17456	0.02583	0.03062	0.01567	0.01812	0.01229	0.00859	0.00776	0.00220	0.01151	0.00627	0.00545	0.14808
3	0.02571	0.06848	0.02621	0.02696	0.15863	0.37323	0.01775	0.02865	0.02079	0.02213	0.01490	0.01907	0.01290	0.01613	0.09752	0.00386	0.04596	0.00646	0.00430	0.01037
4	0.02045	0.02460	0.13974	0.05902	0.07257	0.10413	0.01936	0.10341	0.01986	0.02663	0.01669	0.02214	0.01403	0.02260	0.16386	0.00533	0.14292	0.00741	0.00466	0.01060
5	0.02204	0.02485	0.12456	0.04151	0.42726	0.04638	0.02497	0.09382	0.02135	0.02993	0.01602	0.02017	0.01297	0.00842	0.00946	0.00261	0.04871	0.00731	0.00459	0.01308
6	0.10577	0.04980	0.02593	0.02350	0.09372	0.07787	0.07709	0.02256	0.01583	0.02370	0.01509	0.02268	0.01396	0.06786	0.09176	0.00461	0.24673	0.00765	0.00427	0.00962
7	0.06175	0.20818	0.21933	0.01856	0.02571	0.14535	0.01902	0.02560	0.01797	0.02324	0.01519	0.01901	0.01274	0.01847	0.13101	0.00443	0.01379	0.00612	0.00403	0.01050
8	0.02701	0.19742	0.03112	0.02491	0.13951	0.21687	0.01752	0.15253	0.06302	0.02964	0.01621	0.01806	0.01309	0.00865	0.00750	0.00228	0.01105	0.00635	0.00529	0.01198
9	0.06092	0.13945	0.01699	0.01158	0.01395	0.01345	0.00865	0.01723	0.01649	0.05165	0.10083	0.23319	0.03858	0.21871	0.01887	0.00438	0.00679	0.01408	0.00642	0.00777
10	0.02030	0.02013	0.03638	0.12247	0.46792	0.02031	0.13473	0.02582	0.01923	0.02700	0.01613	0.02160	0.01313	0.00762	0.00873	0.00263	0.01103	0.00803	0.00418	0.01264
11	0.02158	0.02050	0.02978	0.24971	0.33731	0.06821	0.02342	0.09569	0.02141	0.02839	0.01604	0.02109	0.01272	0.00828	0.00841	0.00261	0.01081	0.00743	0.00460	0.01203
12	0.01718	0.01759	0.01443	0.01453	0.01617	0.19780	0.01022	0.01866	0.01791	0.02058	0.03452	0.32874	0.06976	0.13746	0.01618	0.00390	0.03477	0.01577	0.00625	0.00757
13	0.01300	0.01744	0.17105	0.01410	0.01846	0.01095	0.01374	0.01709	0.01809	0.02433	0.11390	0.10626	0.18081	0.14359	0.01599	0.00399	0.00760	0.09479	0.00649	0.00832
14	0.01733	0.06546	0.02037	0.01656	0.01908	0.01862	0.01340	0.05992	0.13209	0.02613	0.06799	0.05546	0.02429	0.03003	0.22808	0.00651	0.17366	0.00944	0.00579	0.00978
15	0.01604	0.18187	0.01869	0.01122	0.01404	0.01505	0.00908	0.01874	0.01569	0.02311	0.02242	0.03206	0.02066	0.14969	0.17300	0.00593	0.01060	0.00820	0.24583	0.00808
16	0.02710	0.03079	0.02133	0.01932	0.02339	0.42846	0.01485	0.09794	0.02555	0.02716	0.11535	0.03093	0.02571	0.01165	0.00852	0.00247	0.01218	0.06141	0.00596	0.00993
17	0.02005	0.39132	0.33565	0.01917	0.02897	0.02706	0.02259	0.02618	0.01761	0.02332	0.01347	0.01570	0.01085	0.00766	0.00671	0.00224	0.01075	0.00538	0.00362	0.01171
18	0.02568	0.01788	0.02006	0.01642	0.02087	0.01947	0.01296	0.39857	0.03015	0.04071	0.02129	0.07218	0.01794	0.01623	0.01473	0.18905	0.00832	0.00883	0.03769	0.01096
19	0.02065	0.22520	0.20653	0.02119	0.07192	0.13461	0.01976	0.02552	0.01816	0.02263	0.01536	0.01935	0.01299	0.01821	0.12877	0.00437	0.01376	0.00627	0.00397	0.01078
20	0.11643	0.19249	0.14147	0.01676	0.02282	0.09635	0.01619	0.05221	0.01794	0.02529	0.01605	0.02043	0.01369	0.02337	0.18823	0.00543	0.01392	0.00639	0.00442	0.01014

[dist]
# distance from previous block
# <min> <max>
0	1

[block]
# block no. 1 follows, 21 sequences, length 27
# corresponding to MSA columns:
# 53-79
name=unknown_B
#
# <colnr> <probs for GDERKNQSTAVLIFYWHMCP>
#	G	D	E	R	K	N	Q	S	T	A	V	L	I	F	Y	W	H	M	C	P
0	0.02148	0.02405	0.02124	0.05041	0.14732	0.27482	0.01549	0.02455	0.02106	0.02348	0.06908	0.03609	0.16023	0.01585	0.05528	0.00328	0.01147	0.00968	0.00544	0.00969
1	0.02077	0.01979	0.03300	0.08705	0.57191	0.02020	0.02514	0.02711	0.05953	0.02796	0.01718	0.02186	0.01418	0.00790	0.00845	0.00257	0.00996	0.00772	0.00448	0.01324
2	0.10200	0.02506	0.02502	0.02863	0.20198	0.23448	0.01815	0.02647	0.01876	0.02450	0.01460	0.01939	0.01269	0.01552	0.08514	0.00388	0.12219	0.00672	0.00434	0.01049
3	0.02709	0.17313	0.02730	0.01763	0.02375	0.06818	0.01475	0.23219	0.21775	0.07784	0.02334	0.02269	0.01748	0.00991	0.00783	0.00248	0.00875	0.00750	0.00734	0.01307
4	0.02215	0.63557	0.10977	0.01559	0.02344	0.03219	0.01636	0.02564	0.01736	0.02076	0.01220	0.01411	0.01091	0.00737	0.00574	0.00191	0.00947	0.00474	0.00364	0.01110
5	0.02830	0.02294	0.02319	0.01892	0.02486	0.06660	0.01522	0.37485	0.25164	0.04500	0.02505	0.02416	0.01837	0.01060	0.00851	0.00265	0.00881	0.00822	0.00829	0.01381
6	0.19942	0.03400	0.05723	0.01941	0.02463	0.43529	0.01560	0.07301	0.02267	0.02751	0.01349	0.01550	0.01080	0.00863	0.00720	0.00235	0.01274	0.00548	0.00484	0.01020
7	0.03235	0.02384	0.02554	0.01958	0.02639	0.02639	0.01618	0.61946	0.04001	0.05363	0.02043	0.02043	0.01447	0.01022	0.00851	0.00255	0.00936	0.00766	0.00851	0.01447
8	0.02800	0.03425	0.02468	0.02204	0.02517	0.48264	0.01707	0.03010	0.02093	0.02073	0.01258	0.01629	0.01102	0.01053	0.01349	0.00263	0.20789	0.00605	0.00419	0.00971
9	0.01060	0.00864	0.00938	0.00919	0.01183	0.00742	0.00689	0.01327	0.02068	0.02604	0.23898	0.07687	0.48971	0.02041	0.01005	0.00282	0.00423	0.01726	0.00830	0.00742
10	0.01096	0.00790	0.01051	0.01239	0.01326	0.00745	0.00889	0.01292	0.01704	0.02246	0.04841	0.55777	0.08249	0.02585	0.01099	0.00351	0.00543	0.12678	0.00789	0.00709
11	0.03235	0.02384	0.02554	0.01958	0.02639	0.02639	0.01618	0.61946	0.04001	0.05363	0.02043	0.02043	0.01447	0.01022	0.00851	0.00255	0.00936	0.00766	0.00851	0.01447
12	0.03090	0.03796	0.02372	0.02138	0.02579	0.59301	0.01615	0.07216	0.02468	0.02297	0.01410	0.01654	0.01168	0.01147	0.03891	0.00276	0.01530	0.00580	0.00467	0.01007
13	0.06704	0.02095	0.09740	0.01758	0.02356	0.01997	0.01533	0.04136	0.45633	0.09893	0.03077	0.02868	0.02259	0.01079	0.00837	0.00282	0.00750	0.00880	0.00803	0.01321
14	0.01216	0.00912	0.01368	0.01368	0.01520	0.01064	0.01064	0.01520	0.01368	0.01976	0.02279	0.03343	0.02127	0.06382	0.66720	0.01368	0.02279	0.00912	0.00456	0.00760
15	0.01852	0.21327	0.50031	0.02178	0.03300	0.02332	0.02713	0.02658	0.01779	0.02518	0.01439	0.01686	0.01082	0.00788	0.00741	0.00247	0.01169	0.00584	0.00361	0.01215
16	0.03179	0.04056	0.02412	0.02192	0.02631	0.66676	0.01644	0.03398	0.02412	0.02083	0.01315	0.01535	0.01096	0.00877	0.00767	0.00219	0.01535	0.00548	0.00438	0.00987
17	0.01086	0.00884	0.00974	0.01005	0.01270	0.00772	0.00789	0.01347	0.01976	0.02423	0.11822	0.08316	0.49626	0.02161	0.01036	0.00305	0.00493	0.12179	0.00799	0.00736
18	0.01216	0.00912	0.01368	0.01368	0.01520	0.01064	0.01064	0.01520	0.01368	0.01976	0.02279	0.03343	0.02127	0.06382	0.66720	0.01368	0.02279	0.00912	0.00456	0.00760
19	0.02108	0.51129	0.22470	0.01741	0.02625	0.02958	0.01953	0.02591	0.01749	0.02206	0.01284	0.01492	0.01088	0.00752	0.00623	0.00208	0.01012	0.00506	0.00363	0.01141
20	0.02339	0.30098	0.18455	0.01828	0.02629	0.02659	0.01882	0.19580	0.02373	0.03133	0.01591	0.01804	0.01264	0.01233	0.05387	0.00308	0.01099	0.00619	0.00509	0.01211
21	0.01757	0.01256	0.01406	0.01278	0.01498	0.01312	0.00899	0.18671	0.02150	0.02862	0.03209	0.18868	0.05920	0.32250	0.02463	0.00531	0.00766	0.01389	0.00685	0.00831
22	0.03235	0.02384	0.02554	0.01958	0.02639	0.02639	0.01618	0.61946	0.04001	0.05363	0.02043	0.02043	0.01447	0.01022	0.00851	0.00255	0.00936	0.00766	0.00851	0.01447
23	0.03235	0.02384	0.02554	0.01958	0.02639	0.02639	0.01618	0.61946	0.04001	0.05363	0.02043	0.02043	0.01447	0.01022	0.00851	0.00255	0.00936	0.00766	0.00851	0.01447
24	0.02888	0.19494	0.06408	0.02035	0.02586	0.48405	0.01684	0.03162	0.02219	0.02098	0.01297	0.01510	0.01094	0.00839	0.00718	0.00213	0.01375	0.00531	0.00417	0.01026
25	0.01653	0.06125	0.16223	0.01627	0.02119	0.04138	0.01573	0.06256	0.01760	0.02512	0.02040	0.02690	0.01743	0.03600	0.33397	0.00797	0.01639	0.00782	0.08372	0.00954
26	0.01944	0.32030	0.40133	0.02021	0.03058	0.02557	0.02440	0.02634	0.01769	0.02406	0.01384	0.01617	0.01084	0.00775	0.00699	0.00233	0.01113	0.00556	0.00361	0.01189

[dist]
# distance from previous block
# <min> <max>
0	2

[block]
# block no. 2 follows, 21 sequences, length 7
# corresponding to MSA columns:
# 82-88
name=unknown_C
#
# <colnr> <probs for GDERKNQSTAVLIFYWHMCP>
#	G	D	E	R	K	N	Q	S	T	A	V	L	I	F	Y	W	H	M	C	P
0	0.02508	0.37499	0.08542	0.01798	0.02453	0.23656	0.01644	0.03012	0.07469	0.02224	0.01458	0.01617	0.01227	0.00821	0.00668	0.00211	0.01119	0.00545	0.00433	0.01094
1	0.02490	0.01828	0.02031	0.01650	0.02144	0.01969	0.01324	0.40223	0.03356	0.04547	0.18859	0.09492	0.03588	0.01366	0.00914	0.00267	0.00753	0.01126	0.00868	0.01205
2	0.06312	0.02242	0.05575	0.01796	0.02314	0.15223	0.01509	0.06280	0.02258	0.30413	0.05375	0.02460	0.01901	0.01090	0.01119	0.00271	0.11132	0.00775	0.00746	0.01208
3	0.06385	0.02045	0.01547	0.01460	0.01752	0.24602	0.01110	0.02404	0.01885	0.02515	0.02033	0.02523	0.01705	0.02303	0.17392	0.00506	0.01297	0.00716	0.24958	0.00862
4	0.02067	0.02258	0.09618	0.04946	0.58732	0.02017	0.02664	0.02620	0.01924	0.02772	0.01593	0.02076	0.01321	0.00763	0.00839	0.00254	0.01035	0.00745	0.00415	0.01339
5	0.03235	0.02384	0.02554	0.01958	0.02639	0.02639	0.01618	0.61946	0.04001	0.05363	0.02043	0.02043	0.01447	0.01022	0.00851	0.00255	0.00936	0.00766	0.00851	0.01447
6	0.02793	0.03325	0.02786	0.03282	0.24966	0.43442	0.01992	0.03116	0.02241	0.02333	0.01418	0.01740	0.01187	0.00834	0.00794	0.00231	0.01346	0.00624	0.00432	0.01116

[dist]
# distance from previous block
# <min> <max>
0	1

[block]
# block no. 3 follows, 21 sequences, length 39
# corresponding to MSA columns:
# 90-128
name=unknown_D
#
# <colnr> <probs for GDERKNQSTAVLIFYWHMCP>
#	G	D	E	R	K	N	Q	S	T	A	V	L	I	F	Y	W	H	M	C	P
0	0.02343	0.65644	0.04307	0.01511	0.02217	0.08086	0.01470	0.02612	0.01780	0.02008	0.01193	0.01378	0.01092	0.00739	0.00563	0.00185	0.00957	0.00462	0.00370	0.01084
1	0.01055	0.00754	0.01009	0.01206	0.01264	0.00707	0.00822	0.01217	0.01648	0.02193	0.04680	0.66227	0.05588	0.02649	0.01091	0.00348	0.00510	0.05547	0.00790	0.00696
2	0.02152	0.01734	0.01869	0.01669	0.02140	0.01966	0.01301	0.04282	0.55028	0.07293	0.07995	0.03395	0.02973	0.01192	0.00876	0.00286	0.00656	0.00999	0.00883	0.01313
3	0.01707	0.04402	0.65683	0.02426	0.03683	0.01976	0.03144	0.02695	0.01797	0.02695	0.01527	0.01797	0.01078	0.00809	0.00809	0.00270	0.01258	0.00629	0.00359	0.01258
4	0.01232	0.00846	0.01036	0.01036	0.01073	0.00883	0.00650	0.01306	0.01269	0.01730	0.02583	0.05025	0.02858	0.54526	0.19575	0.00958	0.01180	0.01158	0.00501	0.00575
5	0.01216	0.00912	0.01368	0.01368	0.01520	0.01064	0.01064	0.01520	0.01368	0.01976	0.02279	0.03343	0.02127	0.06382	0.66720	0.01368	0.02279	0.00912	0.00456	0.00760
6	0.01037	0.00741	0.00987	0.01185	0.01234	0.00691	0.00790	0.01185	0.01629	0.02172	0.04690	0.69537	0.05629	0.02666	0.01086	0.00346	0.00494	0.02419	0.00790	0.00691
7	0.01216	0.00912	0.01368	0.01368	0.01520	0.01064	0.01064	0.01520	0.01368	0.01976	0.02279	0.03343	0.02127	0.06382	0.66720	0.01368	0.02279	0.00912	0.00456	0.00760
8	0.02882	0.03492	0.02701	0.03033	0.19860	0.48753	0.01912	0.03180	0.02280	0.02276	0.01395	0.01693	0.01166	0.00844	0.00788	0.00229	0.01389	0.00606	0.00434	0.01087
9	0.01707	0.04402	0.65683	0.02426	0.03683	0.01976	0.03144	0.02695	0.01797	0.02695	0.01527	0.01797	0.01078	0.00809	0.00809	0.00270	0.01258	0.00629	0.00359	0.01258
10	0.01006	0.00862	0.00862	0.00862	0.01149	0.00718	0.00647	0.01221	0.01940	0.02299	0.08621	0.08190	0.64438	0.02155	0.01006	0.00287	0.00431	0.01796	0.00790	0.00718
11	0.03184	0.03910	0.02424	0.02172	0.02632	0.61088	0.01642	0.08507	0.02550	0.02369	0.01379	0.01579	0.01127	0.00890	0.00775	0.00222	0.01482	0.00567	0.00475	0.01027
12	0.03179	0.04056	0.02412	0.02192	0.02631	0.66676	0.01644	0.03398	0.02412	0.02083	0.01315	0.01535	0.01096	0.00877	0.00767	0.00219	0.01535	0.00548	0.00438	0.00987
13	0.01862	0.01862	0.02607	0.02234	0.02234	0.02607	0.01862	0.02048	0.01303	0.02048	0.01117	0.01862	0.01117	0.01489	0.02793	0.00372	0.68535	0.00745	0.00372	0.00931
14	0.02106	0.02022	0.03454	0.05223	0.64784	0.02022	0.02612	0.02612	0.01938	0.02780	0.01601	0.02106	0.01348	0.00758	0.00842	0.00253	0.01011	0.00758	0.00421	0.01348
15	0.01216	0.00912	0.01368	0.01368	0.01520	0.01064	0.01064	0.01520	0.01368	0.01976	0.02279	0.03343	0.02127	0.06382	0.66720	0.01368	0.02279	0.00912	0.00456	0.00760
16	0.03179	0.04056	0.02412	0.02192	0.02631	0.66676	0.01644	0.03398	0.02412	0.02083	0.01315	0.01535	0.01096	0.00877	0.00767	0.00219	0.01535	0.00548	0.00438	0.00987
17	0.03179	0.04056	0.02412	0.02192	0.02631	0.66676	0.01644	0.03398	0.02412	0.02083	0.01315	0.01535	0.01096	0.00877	0.00767	0.00219	0.01535	0.00548	0.00438	0.00987
18	0.03179	0.04056	0.02412	0.02192	0.02631	0.66676	0.01644	0.03398	0.02412	0.02083	0.01315	0.01535	0.01096	0.00877	0.00767	0.00219	0.01535	0.00548	0.00438	0.00987
19	0.01029	0.00770	0.00957	0.01106	0.01214	0.00698	0.00755	0.01194	0.01705	0.02203	0.05651	0.54548	0.19998	0.02541	0.01067	0.00331	0.00478	0.02267	0.00790	0.00698
20	0.01216	0.00912	0.01368	0.01368	0.01520	0.01064	0.01064	0.01520	0.01368	0.01976	0.02279	0.03343	0.02127	0.06382	0.66720	0.01368	0.02279	0.00912	0.00456	0.00760
21	0.02275	0.70604	0.04459	0.01456	0.02184	0.03367	0.01456	0.02548	0.01729	0.02002	0.01183	0.01365	0.01092	0.00728	0.00546	0.00182	0.00910	0.00455	0.00364	0.01092
22	0.01238	0.00825	0.00928	0.00928	0.00928	0.00825	0.00516	0.01238	0.01238	0.01650	0.02681	0.05569	0.03094	0.70092	0.04331	0.00825	0.00825	0.01238	0.00516	0.00516
23	0.01216	0.00912	0.01368	0.01368	0.01520	0.01064	0.01064	0.01520	0.01368	0.01976	0.02279	0.03343	0.02127	0.06382	0.66720	0.01368	0.02279	0.00912	0.00456	0.00760
24	0.01037	0.00741	0.00987	0.01185	0.01234	0.00691	0.00790	0.01185	0.01629	0.02172	0.04690	0.69537	0.05629	0.02666	0.01086	0.00346	0.00494	0.02419	0.00790	0.00691
25	0.03210	0.03123	0.02491	0.02062	0.02635	0.30961	0.01629	0.36052	0.03298	0.03912	0.01721	0.01818	0.01292	0.00958	0.00814	0.00239	0.01201	0.00670	0.00669	0.01243
26	0.02082	0.02166	0.07223	0.05054	0.61083	0.02019	0.02644	0.02617	0.01929	0.02775	0.01596	0.02087	0.01332	0.00761	0.00840	0.00254	0.01026	0.00750	0.00417	0.01343
27	0.01220	0.00828	0.00923	0.00923	0.00945	0.00817	0.00525	0.01236	0.01290	0.01698	0.03124	0.05764	0.07667	0.65028	0.04084	0.00785	0.00796	0.01279	0.00536	0.00531
28	0.03179	0.04056	0.02412	0.02192	0.02631	0.66676	0.01644	0.03398	0.02412	0.02083	0.01315	0.01535	0.01096	0.00877	0.00767	0.00219	0.01535	0.00548	0.00438	0.00987
29	0.02971	0.02838	0.02705	0.02745	0.16186	0.22924	0.01843	0.30340	0.03044	0.03754	0.01715	0.01895	0.01314	0.00918	0.00823	0.00243	0.01143	0.00695	0.00626	0.01279
30	0.03179	0.04056	0.02412	0.02192	0.02631	0.66676	0.01644	0.03398	0.02412	0.02083	0.01315	0.01535	0.01096	0.00877	0.00767	0.00219	0.01535	0.00548	0.00438	0.00987
31	0.01654	0.00937	0.01162	0.01141	0.01386	0.00834	0.00824	0.01846	0.01855	0.15938	0.05314	0.31609	0.21179	0.08624	0.01324	0.00357	0.00558	0.01790	0.00821	0.00847
32	0.01804	0.03820	0.50479	0.03109	0.18612	0.01988	0.03014	0.02675	0.01831	0.02716	0.01545	0.01872	0.01144	0.00796	0.00817	0.00265	0.01197	0.00660	0.00374	0.01280
33	0.01765	0.11215	0.59383	0.02326	0.03529	0.02120	0.02971	0.02680	0.01790	0.02624	0.01492	0.01752	0.01079	0.00800	0.00782	0.00261	0.01222	0.00611	0.00360	0.01241
34	0.01985	0.02579	0.18615	0.07572	0.47011	0.02005	0.02730	0.02611	0.01892	0.02730	0.01579	0.02038	0.01272	0.00775	0.00835	0.00258	0.01077	0.00727	0.00404	0.01306
35	0.02672	0.16343	0.09085	0.02314	0.02955	0.37695	0.12043	0.03058	0.02157	0.02234	0.01380	0.01657	0.01127	0.00815	0.00770	0.00228	0.01374	0.00616	0.00416	0.01059
36	0.02039	0.01953	0.03332	0.13705	0.56829	0.02004	0.02578	0.02553	0.01906	0.02698	0.01589	0.02128	0.01319	0.00771	0.00844	0.00257	0.01028	0.00758	0.00415	0.01294
37	0.01210	0.00966	0.01384	0.17488	0.02371	0.01014	0.01177	0.01491	0.01734	0.02273	0.08653	0.36813	0.10367	0.04974	0.01158	0.00342	0.00665	0.04473	0.00688	0.00761
38	0.02856	0.10175	0.02841	0.02781	0.16138	0.46336	0.01837	0.03143	0.02241	0.02227	0.01365	0.01643	0.01151	0.00836	0.00762	0.00223	0.01359	0.00585	0.00427	0.01076

[dist]
# distance from previous block
# <min> <max>
0	15

[block]
# block no. 4 follows, 21 sequences, length 15
# corresponding to MSA columns:
# 144-158
name=unknown_E
#
# <colnr> <probs for GDERKNQSTAVLIFYWHMCP>
#	G	D	E	R	K	N	Q	S	T	A	V	L	I	F	Y	W	H	M	C	P
0	0.06049	0.03849	0.39535	0.02409	0.03388	0.15068	0.08935	0.06087	0.02046	0.02781	0.01516	0.01789	0.01117	0.00823	0.00809	0.00260	0.01283	0.00652	0.00419	0.01184
1	0.03318	0.02111	0.02368	0.01831	0.02494	0.02252	0.01507	0.43696	0.07131	0.20650	0.02465	0.02330	0.01685	0.01038	0.00853	0.00259	0.00866	0.00801	0.00904	0.01442
2	0.02580	0.03012	0.02672	0.06497	0.15187	0.35671	0.01928	0.02868	0.02028	0.02220	0.01339	0.01764	0.01154	0.00989	0.01243	0.00264	0.16479	0.00646	0.00417	0.01044
3	0.01587	0.01583	0.01413	0.01430	0.01606	0.15668	0.01035	0.01790	0.01911	0.02308	0.11344	0.36321	0.10474	0.02028	0.01101	0.00304	0.04879	0.01727	0.00703	0.00789
4	0.02704	0.02256	0.02559	0.09148	0.02881	0.06368	0.01762	0.36664	0.02967	0.03974	0.01705	0.01991	0.01308	0.01115	0.01344	0.00286	0.18334	0.00747	0.00653	0.01233
5	0.01544	0.00903	0.01099	0.01064	0.01200	0.00852	0.00700	0.01664	0.01619	0.10824	0.08774	0.16915	0.07646	0.38289	0.02773	0.00580	0.00691	0.01457	0.00693	0.00714
6	0.01217	0.00954	0.01224	0.01287	0.01493	0.00961	0.01048	0.01508	0.01801	0.02314	0.05466	0.10301	0.26057	0.02974	0.12901	0.00525	0.04038	0.22462	0.00709	0.00758
7	0.02706	0.20670	0.03171	0.02685	0.16497	0.35892	0.01814	0.03003	0.02130	0.02219	0.01346	0.01620	0.01152	0.00812	0.00727	0.00217	0.01257	0.00571	0.00416	0.01095
8	0.02174	0.02241	0.03681	0.04653	0.47784	0.07285	0.14249	0.02698	0.01990	0.02713	0.01602	0.02097	0.01316	0.00760	0.00868	0.00257	0.01137	0.00790	0.00424	0.01279
9	0.01516	0.01566	0.01271	0.01252	0.01526	0.15579	0.00927	0.01730	0.01952	0.02205	0.05857	0.15775	0.36059	0.02289	0.06288	0.00369	0.00839	0.01540	0.00684	0.00778
10	0.02737	0.02258	0.02274	0.01765	0.02433	0.08307	0.01428	0.35555	0.06833	0.04191	0.01907	0.01983	0.01430	0.00903	0.00780	0.00217	0.00889	0.00682	0.00712	0.22716
11	0.10596	0.01415	0.01789	0.10950	0.02404	0.01636	0.01356	0.15322	0.02017	0.02984	0.01988	0.02666	0.01690	0.03728	0.34698	0.00833	0.01623	0.00804	0.00542	0.00960
12	0.01285	0.00949	0.01136	0.01173	0.01348	0.00914	0.00840	0.06937	0.01979	0.02604	0.11714	0.36068	0.16977	0.08056	0.01320	0.00360	0.00552	0.04229	0.00788	0.00768
13	0.01598	0.01455	0.02240	0.03160	0.34076	0.01400	0.01689	0.01979	0.01970	0.02660	0.10736	0.08659	0.22092	0.01420	0.00926	0.00271	0.00732	0.01270	0.00615	0.01051
14	0.02237	0.09645	0.03339	0.09560	0.44302	0.11411	0.02329	0.02681	0.01964	0.02547	0.01508	0.01958	0.01267	0.00780	0.00801	0.00243	0.01085	0.00695	0.00414	0.01236

[dist]
# distance from previous block
# <min> <max>
35	102

[block]
# block no. 5 follows, 21 sequences, length 9
# corresponding to MSA columns:
# 262-270
name=unknown_F
#
# <colnr> <probs for GDERKNQSTAVLIFYWHMCP>
#	G	D	E	R	K	N	Q	S	T	A	V	L	I	F	Y	W	H	M	C	P
0	0.01607	0.06182	0.06045	0.01568	0.01891	0.04670	0.01347	0.02160	0.08954	0.02454	0.08639	0.04461	0.18389	0.02070	0.08206	0.00411	0.15604	0.03805	0.00612	0.00925
1	0.02121	0.02116	0.10262	0.01751	0.02265	0.06538	0.01566	0.20221	0.07661	0.03577	0.12847	0.08577	0.03448	0.01462	0.00940	0.00290	0.00857	0.11641	0.00755	0.01104
2	0.01805	0.01226	0.01226	0.01159	0.01418	0.05869	0.00855	0.04611	0.05482	0.06851	0.05910	0.15415	0.03036	0.06992	0.01067	0.00290	0.00602	0.01146	0.31350	0.03689
3	0.01561	0.06976	0.01636	0.01364	0.01575	0.08931	0.01045	0.01809	0.01526	0.02013	0.02173	0.03321	0.02082	0.15345	0.39108	0.00972	0.01722	0.00877	0.05189	0.00776
4	0.02836	0.13877	0.02748	0.01924	0.02483	0.19591	0.01577	0.25737	0.10863	0.03518	0.01844	0.01937	0.01429	0.00980	0.00894	0.00245	0.04974	0.00682	0.00637	0.01224
5	0.02572	0.02104	0.02037	0.01708	0.02152	0.10492	0.01321	0.35268	0.02991	0.03854	0.02465	0.13212	0.02317	0.11882	0.01413	0.00353	0.00928	0.01072	0.00736	0.01124
6	0.02292	0.12075	0.16918	0.03320	0.25603	0.17574	0.05171	0.02814	0.01996	0.02491	0.01468	0.01814	0.01193	0.00791	0.00786	0.00241	0.01196	0.00652	0.00405	0.01199
7	0.09880	0.10436	0.13799	0.01662	0.04967	0.06457	0.01477	0.04882	0.01915	0.02634	0.03748	0.14379	0.17659	0.01450	0.00841	0.00270	0.00812	0.01180	0.00588	0.00966
8	0.07855	0.06515	0.02514	0.02466	0.17686	0.05398	0.01612	0.19964	0.02490	0.03492	0.02218	0.02392	0.06473	0.00934	0.00773	0.00228	0.00866	0.00746	0.00599	0.14779

[dist]
# distance from previous block
# <min> <max>
24	130

[block]
# block no. 6 follows, 21 sequences, length 18
# corresponding to MSA columns:
# 405-422
name=unknown_G
#
# <colnr> <probs for GDERKNQSTAVLIFYWHMCP>
#	G	D	E	R	K	N	Q	S	T	A	V	L	I	F	Y	W	H	M	C	P
0	0.01979	0.17765	0.28497	0.03222	0.24174	0.02300	0.05328	0.02637	0.01840	0.02576	0.01487	0.01832	0.01183	0.00770	0.00773	0.00246	0.01107	0.00653	0.00385	0.01248
1	0.11113	0.02490	0.02581	0.03162	0.26926	0.19647	0.01877	0.03225	0.15224	0.02880	0.01876	0.02096	0.01499	0.00880	0.00790	0.00253	0.01039	0.00710	0.00534	0.01199
2	0.02277	0.03243	0.26893	0.02779	0.16279	0.16205	0.02325	0.02880	0.02074	0.08518	0.06855	0.02285	0.01811	0.00913	0.00827	0.00254	0.01145	0.00735	0.00503	0.01197
3	0.02972	0.07297	0.02437	0.02031	0.02495	0.50175	0.01561	0.10096	0.02561	0.02574	0.06599	0.01983	0.01710	0.00957	0.00784	0.00225	0.01336	0.00650	0.00524	0.01032
4	0.17367	0.01133	0.01139	0.01097	0.01415	0.01153	0.00835	0.01958	0.09110	0.02981	0.16964	0.12537	0.25856	0.01718	0.00894	0.00285	0.00510	0.01428	0.00771	0.00850
5	0.01894	0.14709	0.02268	0.09354	0.02349	0.16123	0.01363	0.02225	0.01931	0.02338	0.15146	0.03094	0.02860	0.02449	0.17758	0.00526	0.01318	0.00862	0.00529	0.00904
6	0.03179	0.04056	0.02412	0.02192	0.02631	0.66676	0.01644	0.03398	0.02412	0.02083	0.01315	0.01535	0.01096	0.00877	0.00767	0.00219	0.01535	0.00548	0.00438	0.00987
7	0.01389	0.00927	0.01070	0.01008	0.01305	0.00801	0.00765	0.01662	0.02102	0.10003	0.22009	0.10177	0.39767	0.01945	0.00992	0.00282	0.00461	0.01651	0.00859	0.00825
8	0.01218	0.00903	0.01322	0.01322	0.01458	0.01039	0.01007	0.01490	0.01354	0.01942	0.02321	0.03575	0.02228	0.13024	0.60216	0.01311	0.02128	0.00946	0.00462	0.00734
9	0.01145	0.00821	0.01008	0.01089	0.01175	0.00796	0.00736	0.01281	0.01536	0.02014	0.04326	0.27395	0.12978	0.27268	0.07676	0.00598	0.00774	0.06075	0.00663	0.00644
10	0.03179	0.04056	0.02412	0.02192	0.02631	0.66676	0.01644	0.03398	0.02412	0.02083	0.01315	0.01535	0.01096	0.00877	0.00767	0.00219	0.01535	0.00548	0.00438	0.00987
11	0.02246	0.01799	0.01928	0.01715	0.02210	0.02051	0.01340	0.04494	0.58631	0.08252	0.03456	0.03154	0.02560	0.01147	0.00865	0.00287	0.00677	0.00954	0.00880	0.01355
12	0.01037	0.00741	0.00987	0.01185	0.01234	0.00691	0.00790	0.01185	0.01629	0.02172	0.04690	0.69537	0.05629	0.02666	0.01086	0.00346	0.00494	0.02419	0.00790	0.00691
13	0.01006	0.00862	0.00862	0.00862	0.01149	0.00718	0.00647	0.01221	0.01940	0.02299	0.08621	0.08190	0.64438	0.02155	0.01006	0.00287	0.00431	0.01796	0.00790	0.00718
14	0.03108	0.03922	0.02480	0.02392	0.06731	0.62410	0.01708	0.03346	0.02380	0.02129	0.01334	0.01572	0.01113	0.00869	0.00772	0.00221	0.01500	0.00562	0.00437	0.01010
15	0.02106	0.02022	0.03454	0.05223	0.64784	0.02022	0.02612	0.02612	0.01938	0.02780	0.01601	0.02106	0.01348	0.00758	0.00842	0.00253	0.01011	0.00758	0.00421	0.01348
16	0.01514	0.00800	0.00821	0.00821	0.00978	0.00800	0.00579	0.01829	0.01672	0.02858	0.02757	0.03668	0.02370	0.15279	0.01367	0.00328	0.00485	0.00885	0.59454	0.00736
17	0.02399	0.61495	0.04179	0.01557	0.02245	0.12033	0.01482	0.02665	0.01823	0.02013	0.01201	0.01388	0.01093	0.00748	0.00576	0.00187	0.00996	0.00468	0.00374	0.01078

[dist]
# distance from previous block
# <min> <max>
5	7

[block]
# block no. 7 follows, 21 sequences, length 6
# corresponding to MSA columns:
# 430-435
name=unknown_H
#
# <colnr> <probs for GDERKNQSTAVLIFYWHMCP>
#	G	D	E	R	K	N	Q	S	T	A	V	L	I	F	Y	W	H	M	C	P
0	0.01577	0.01480	0.01663	0.01588	0.01764	0.10806	0.01241	0.01855	0.01512	0.02000	0.02004	0.02908	0.01860	0.05014	0.49711	0.01085	0.09836	0.00839	0.00444	0.00813
1	0.01371	0.00980	0.01371	0.01567	0.01763	0.00980	0.01371	0.01763	0.01959	0.02547	0.04506	0.09599	0.04898	0.02351	0.01175	0.00392	0.00784	0.59056	0.00784	0.00784
2	0.01218	0.00902	0.01318	0.01318	0.01453	0.01037	0.01002	0.01488	0.01353	0.01939	0.02325	0.03594	0.02236	0.13564	0.59687	0.01307	0.02116	0.00949	0.00463	0.00732
3	0.02106	0.02022	0.03454	0.05223	0.64784	0.02022	0.02612	0.02612	0.01938	0.02780	0.01601	0.02106	0.01348	0.00758	0.00842	0.00253	0.01011	0.00758	0.00421	0.01348
4	0.02050	0.01965	0.03353	0.12305	0.58142	0.02007	0.02584	0.02562	0.01911	0.02712	0.01591	0.02125	0.01324	0.00769	0.00843	0.00256	0.01025	0.00758	0.00416	0.01303
5	0.02358	0.01774	0.01931	0.01701	0.02207	0.01994	0.01333	0.04469	0.54634	0.12314	0.03449	0.03136	0.02528	0.01140	0.00864	0.00285	0.00681	0.00947	0.00892	0.01361

[dist]
# distance from previous block
# <min> <max>
3	5

[block]
# block no. 8 follows, 21 sequences, length 10
# corresponding to MSA columns:
# 441-450
name=unknown_I
#
# <colnr> <probs for GDERKNQSTAVLIFYWHMCP>
#	G	D	E	R	K	N	Q	S	T	A	V	L	I	F	Y	W	H	M	C	P
0	0.01862	0.01862	0.02607	0.02234	0.02234	0.02607	0.01862	0.02048	0.01303	0.02048	0.01117	0.01862	0.01117	0.01489	0.02793	0.00372	0.68535	0.00745	0.00372	0.00931
1	0.01038	0.00873	0.00907	0.00925	0.01204	0.00742	0.00711	0.01269	0.01941	0.02321	0.08256	0.08315	0.59159	0.02173	0.01021	0.00297	0.00462	0.06874	0.00790	0.00724
2	0.01216	0.00912	0.01368	0.01368	0.01520	0.01064	0.01064	0.01520	0.01368	0.01976	0.02279	0.03343	0.02127	0.06382	0.66720	0.01368	0.02279	0.00912	0.00456	0.00760
3	0.01607	0.01513	0.02552	0.68047	0.05861	0.01891	0.02363	0.02174	0.01702	0.02174	0.01513	0.02269	0.01134	0.00851	0.00851	0.00284	0.01134	0.00756	0.00378	0.00945
4	0.02106	0.02022	0.03454	0.05223	0.64784	0.02022	0.02612	0.02612	0.01938	0.02780	0.01601	0.02106	0.01348	0.00758	0.00842	0.00253	0.01011	0.00758	0.00421	0.01348
5	0.01968	0.01881	0.03204	0.22628	0.48459	0.01986	0.02543	0.02491	0.01872	0.02612	0.01576	0.02151	0.01289	0.00784	0.00845	0.00261	0.01045	0.00758	0.00409	0.01236
6	0.01006	0.00862	0.00862	0.00862	0.01149	0.00718	0.00647	0.01221	0.01940	0.02299	0.08621	0.08190	0.64438	0.02155	0.01006	0.00287	0.00431	0.01796	0.00790	0.00718
7	0.01047	0.00789	0.00969	0.01083	0.01215	0.00711	0.00752	0.01242	0.01802	0.02345	0.12389	0.45539	0.22188	0.02422	0.01055	0.00321	0.00466	0.02149	0.00806	0.00711
8	0.01210	0.00870	0.01161	0.01201	0.01372	0.00821	0.00925	0.01562	0.02164	0.02990	0.40007	0.18912	0.06891	0.02048	0.01057	0.00310	0.00503	0.14344	0.00876	0.00778
9	0.01037	0.00741	0.00987	0.01185	0.01234	0.00691	0.00790	0.01185	0.01629	0.02172	0.04690	0.69537	0.05629	0.02666	0.01086	0.00346	0.00494	0.02419	0.00790	0.00691

[dist]
# distance from previous block
# <min> <max>
4	7

[block]
# block no. 9 follows, 21 sequences, length 9
# corresponding to MSA columns:
# 458-466
name=unknown_J
#
# <colnr> <probs for GDERKNQSTAVLIFYWHMCP>
#	G	D	E	R	K	N	Q	S	T	A	V	L	I	F	Y	W	H	M	C	P
0	0.01037	0.00741	0.00987	0.01185	0.01234	0.00691	0.00790	0.01185	0.01629	0.02172	0.04690	0.69537	0.05629	0.02666	0.01086	0.00346	0.00494	0.02419	0.00790	0.00691
1	0.01006	0.00862	0.00862	0.00862	0.01149	0.00718	0.00647	0.01221	0.01940	0.02299	0.08621	0.08190	0.64438	0.02155	0.01006	0.00287	0.00431	0.01796	0.00790	0.00718
2	0.01164	0.00965	0.01037	0.01056	0.01325	0.00895	0.00796	0.01637	0.09061	0.02444	0.07186	0.16564	0.44884	0.02125	0.01012	0.00303	0.00491	0.05467	0.00799	0.00792
3	0.03055	0.03796	0.02355	0.02139	0.02582	0.59131	0.01610	0.03530	0.09522	0.02255	0.01567	0.01726	0.01272	0.00909	0.00779	0.00227	0.01434	0.00596	0.00488	0.01029
4	0.02106	0.02022	0.03454	0.05223	0.64784	0.02022	0.02612	0.02612	0.01938	0.02780	0.01601	0.02106	0.01348	0.00758	0.00842	0.00253	0.01011	0.00758	0.00421	0.01348
5	0.01232	0.00846	0.01032	0.01032	0.01068	0.00881	0.00645	0.01304	0.01268	0.01727	0.02587	0.05044	0.02866	0.55056	0.19056	0.00953	0.01168	0.01161	0.00502	0.00573
6	0.02106	0.02022	0.03454	0.05223	0.64784	0.02022	0.02612	0.02612	0.01938	0.02780	0.01601	0.02106	0.01348	0.00758	0.00842	0.00253	0.01011	0.00758	0.00421	0.01348
7	0.01980	0.02206	0.04606	0.03317	0.04107	0.02111	0.52860	0.02634	0.01939	0.02680	0.01662	0.02225	0.01276	0.00768	0.01108	0.00281	0.06294	0.00949	0.00432	0.06566
8	0.03179	0.04056	0.02412	0.02192	0.02631	0.66676	0.01644	0.03398	0.02412	0.02083	0.01315	0.01535	0.01096	0.00877	0.00767	0.00219	0.01535	0.00548	0.00438	0.00987

[dist]
# distance from previous block
# <min> <max>
0	1

[block]
# block no. 10 follows, 21 sequences, length 9
# corresponding to MSA columns:
# 468-476
name=unknown_K
#
# <colnr> <probs for GDERKNQSTAVLIFYWHMCP>
#	G	D	E	R	K	N	Q	S	T	A	V	L	I	F	Y	W	H	M	C	P
0	0.01107	0.00890	0.01004	0.01044	0.01303	0.00786	0.00829	0.01379	0.01982	0.02446	0.12129	0.08373	0.45958	0.02168	0.01045	0.00310	0.00511	0.15193	0.00800	0.00740
1	0.03058	0.03666	0.02446	0.02171	0.02594	0.53666	0.01662	0.09530	0.02475	0.02430	0.01374	0.01621	0.01136	0.00951	0.00971	0.00238	0.07914	0.00590	0.00476	0.01030
2	0.02987	0.18159	0.02846	0.02036	0.02536	0.53260	0.01604	0.03218	0.02267	0.02066	0.01287	0.01499	0.01095	0.00845	0.00720	0.00211	0.01402	0.00528	0.00423	0.01009
3	0.01154	0.00910	0.01069	0.01148	0.01398	0.00824	0.00941	0.01441	0.01948	0.02399	0.06952	0.08762	0.40283	0.02235	0.01075	0.00330	0.00574	0.25026	0.00788	0.00745
4	0.01608	0.22924	0.02453	0.01474	0.01794	0.01929	0.01260	0.01891	0.01476	0.01991	0.01829	0.02586	0.01710	0.04158	0.40079	0.00904	0.07883	0.00753	0.00419	0.00880
5	0.02106	0.02022	0.03454	0.05223	0.64784	0.02022	0.02612	0.02612	0.01938	0.02780	0.01601	0.02106	0.01348	0.00758	0.00842	0.00253	0.01011	0.00758	0.00421	0.01348
6	0.11054	0.12790	0.01670	0.01178	0.01464	0.01347	0.00925	0.01750	0.01923	0.02835	0.26635	0.24739	0.05172	0.01736	0.00890	0.00277	0.00550	0.01492	0.00740	0.00832
7	0.01280	0.01272	0.07946	0.01333	0.01654	0.00967	0.01197	0.01716	0.02148	0.02932	0.32542	0.07086	0.13885	0.01879	0.01035	0.00307	0.00609	0.18567	0.00811	0.00834
8	0.02025	0.09436	0.02731	0.02097	0.02301	0.11954	0.04542	0.02266	0.01555	0.02071	0.01333	0.01973	0.01250	0.01913	0.10437	0.00454	0.39604	0.00719	0.00395	0.00945

[dist]
# distance from previous block
# <min> <max>
1	3

[block]
# block no. 11 follows, 21 sequences, length 7
# corresponding to MSA columns:
# 480-486
name=unknown_L
#
# <colnr> <probs for GDERKNQSTAVLIFYWHMCP>
#	G	D	E	R	K	N	Q	S	T	A	V	L	I	F	Y	W	H	M	C	P
0	0.02275	0.70604	0.04459	0.01456	0.02184	0.03367	0.01456	0.02548	0.01729	0.02002	0.01183	0.01365	0.01092	0.00728	0.00546	0.00182	0.00910	0.00455	0.00364	0.01092
1	0.01088	0.00865	0.00976	0.00949	0.01200	0.00753	0.00711	0.01381	0.02134	0.02761	0.31724	0.07430	0.41047	0.01983	0.01005	0.00279	0.00419	0.01689	0.00851	0.00753
2	0.01221	0.00889	0.01254	0.01254	0.01366	0.01002	0.00922	0.01446	0.01334	0.01891	0.02384	0.03920	0.02378	0.22903	0.50542	0.01227	0.01902	0.00996	0.00471	0.00697
3	0.02275	0.70604	0.04459	0.01456	0.02184	0.03367	0.01456	0.02548	0.01729	0.02002	0.01183	0.01365	0.01092	0.00728	0.00546	0.00182	0.00910	0.00455	0.00364	0.01092
4	0.01006	0.00862	0.00862	0.00862	0.01149	0.00718	0.00647	0.01221	0.01940	0.02299	0.08621	0.08190	0.64438	0.02155	0.01006	0.00287	0.00431	0.01796	0.00790	0.00718
5	0.03235	0.02384	0.02554	0.01958	0.02639	0.02639	0.01618	0.61946	0.04001	0.05363	0.02043	0.02043	0.01447	0.01022	0.00851	0.00255	0.00936	0.00766	0.00851	0.01447
6	0.01628	0.01518	0.02158	0.01920	0.01975	0.02048	0.01573	0.01857	0.01327	0.02022	0.01538	0.02398	0.01483	0.03262	0.25946	0.00733	0.44539	0.00805	0.00403	0.00869

[dist]
# distance from previous block
# <min> <max>
0	1

[block]
# block no. 12 follows, 21 sequences, length 7
# corresponding to MSA columns:
# 488-494
name=unknown_M
#
# <colnr> <probs for GDERKNQSTAVLIFYWHMCP>
#	G	D	E	R	K	N	Q	S	T	A	V	L	I	F	Y	W	H	M	C	P
0	0.03326	0.02238	0.02464	0.01889	0.02567	0.02423	0.01560	0.52957	0.03758	0.14696	0.02248	0.02176	0.01550	0.01027	0.00852	0.00257	0.00903	0.00780	0.00883	0.01447
1	0.01780	0.01636	0.02464	0.45787	0.09725	0.01960	0.02121	0.02817	0.17623	0.02582	0.02024	0.02490	0.01530	0.00922	0.00854	0.00282	0.01005	0.00810	0.00508	0.01082
2	0.01164	0.00889	0.01187	0.01187	0.01357	0.00948	0.00894	0.01411	0.01500	0.02021	0.03953	0.04843	0.18231	0.12629	0.42674	0.01028	0.01638	0.01176	0.00549	0.00721
3	0.28303	0.02130	0.02106	0.01669	0.02297	0.02388	0.01378	0.41496	0.03123	0.04832	0.01748	0.01816	0.01266	0.00942	0.00740	0.00258	0.00841	0.00661	0.00740	0.01266
4	0.02484	0.30180	0.03380	0.02132	0.07631	0.16325	0.01687	0.09474	0.02072	0.02480	0.01333	0.01634	0.01160	0.00937	0.01071	0.00240	0.13644	0.00590	0.00442	0.01102
5	0.01006	0.00862	0.00862	0.00862	0.01149	0.00718	0.00647	0.01221	0.01940	0.02299	0.08621	0.08190	0.64438	0.02155	0.01006	0.00287	0.00431	0.01796	0.00790	0.00718
6	0.01389	0.00949	0.01279	0.01249	0.01404	0.01099	0.00974	0.01713	0.01499	0.02373	0.02349	0.03169	0.02064	0.04228	0.39979	0.00906	0.06958	0.00860	0.24777	0.00784

[dist]
# distance from previous block
# <min> <max>
1	3

[block]
# block no. 13 follows, 21 sequences, length 18
# corresponding to MSA columns:
# 498-515
name=unknown_N
#
# <colnr> <probs for GDERKNQSTAVLIFYWHMCP>
#	G	D	E	R	K	N	Q	S	T	A	V	L	I	F	Y	W	H	M	C	P
0	0.03007	0.02580	0.02405	0.01957	0.02555	0.14219	0.01570	0.40073	0.15259	0.04413	0.02187	0.02171	0.01607	0.01021	0.00839	0.00255	0.00994	0.00765	0.00779	0.01344
1	0.03235	0.02384	0.02554	0.01958	0.02639	0.02639	0.01618	0.61946	0.04001	0.05363	0.02043	0.02043	0.01447	0.01022	0.00851	0.00255	0.00936	0.00766	0.00851	0.01447
2	0.03179	0.04056	0.02412	0.02192	0.02631	0.66676	0.01644	0.03398	0.02412	0.02083	0.01315	0.01535	0.01096	0.00877	0.00767	0.00219	0.01535	0.00548	0.00438	0.00987
3	0.03091	0.03767	0.02437	0.02176	0.02604	0.56998	0.01657	0.08031	0.02462	0.02345	0.01360	0.01599	0.01126	0.00932	0.00917	0.00233	0.06199	0.00580	0.00467	0.01020
4	0.01006	0.00862	0.00862	0.00862	0.01149	0.00718	0.00647	0.01221	0.01940	0.02299	0.08621	0.08190	0.64438	0.02155	0.01006	0.00287	0.00431	0.01796	0.00790	0.00718
5	0.01216	0.00912	0.01368	0.01368	0.01520	0.01064	0.01064	0.01520	0.01368	0.01976	0.02279	0.03343	0.02127	0.06382	0.66720	0.01368	0.02279	0.00912	0.00456	0.00760
6	0.02325	0.02437	0.03242	0.04605	0.52109	0.15207	0.02414	0.02772	0.02034	0.02638	0.01543	0.01990	0.01297	0.00782	0.00827	0.00246	0.01118	0.00715	0.00425	0.01274
7	0.01238	0.00825	0.00928	0.00928	0.00928	0.00825	0.00516	0.01238	0.01238	0.01650	0.02681	0.05569	0.03094	0.70092	0.04331	0.00825	0.00825	0.01238	0.00516	0.00516
8	0.02960	0.02247	0.02399	0.01902	0.02534	0.02510	0.01551	0.47800	0.18596	0.04919	0.02393	0.02322	0.01731	0.01054	0.00855	0.00264	0.00872	0.00814	0.00855	0.01423
9	0.01098	0.00830	0.01014	0.01043	0.01225	0.00746	0.00754	0.01373	0.02047	0.02731	0.30909	0.25114	0.23762	0.02128	0.01028	0.00296	0.00437	0.01868	0.00852	0.00746
10	0.01216	0.00912	0.01368	0.01368	0.01520	0.01064	0.01064	0.01520	0.01368	0.01976	0.02279	0.03343	0.02127	0.06382	0.66720	0.01368	0.02279	0.00912	0.00456	0.00760
11	0.03818	0.01448	0.01975	0.01514	0.02172	0.01251	0.01251	0.04147	0.02436	0.65373	0.03357	0.02897	0.02107	0.01053	0.00856	0.00263	0.00724	0.00856	0.01053	0.01448
12	0.01918	0.01830	0.03114	0.28929	0.42550	0.01972	0.02518	0.02447	0.01849	0.02552	0.01567	0.02168	0.01267	0.00793	0.00846	0.00264	0.01058	0.00758	0.00405	0.01196
13	0.01607	0.01513	0.02552	0.68047	0.05861	0.01891	0.02363	0.02174	0.01702	0.02174	0.01513	0.02269	0.01134	0.00851	0.00851	0.00284	0.01134	0.00756	0.00378	0.00945
14	0.01062	0.00796	0.00986	0.01083	0.01221	0.00720	0.00757	0.01276	0.01858	0.02445	0.17284	0.42110	0.20584	0.02360	0.01050	0.00316	0.00460	0.02094	0.00819	0.00720
15	0.02508	0.01682	0.01777	0.01444	0.01912	0.01825	0.01166	0.35487	0.03023	0.04397	0.02367	0.02542	0.01771	0.01008	0.00738	0.00230	0.00698	0.00778	0.33488	0.01159
16	0.01849	0.01941	0.02232	0.29374	0.12194	0.14832	0.01828	0.02250	0.01938	0.02270	0.03236	0.03555	0.16750	0.01165	0.00871	0.00267	0.01026	0.00970	0.00498	0.00954
17	0.02546	0.22716	0.02821	0.01831	0.02343	0.29345	0.01505	0.03255	0.14984	0.02408	0.01987	0.02482	0.01718	0.01011	0.00757	0.00237	0.01111	0.05333	0.00535	0.01077

[dist]
# distance from previous block
# <min> <max>
0	104

[block]
# block no. 14 follows, 21 sequences, length 18
# corresponding to MSA columns:
# 626-643
name=unknown_O
#
# <colnr> <probs for GDERKNQSTAVLIFYWHMCP>
#	G	D	E	R	K	N	Q	S	T	A	V	L	I	F	Y	W	H	M	C	P
0	0.02846	0.28548	0.03165	0.01921	0.02466	0.43377	0.01575	0.03085	0.02160	0.02053	0.01267	0.01472	0.01095	0.00822	0.00686	0.00206	0.01305	0.00514	0.00411	0.01025
1	0.21307	0.01866	0.01499	0.01355	0.01792	0.14342	0.01054	0.02643	0.08812	0.09002	0.04147	0.04021	0.22332	0.01327	0.00804	0.00265	0.00765	0.01016	0.00686	0.00967
2	0.03159	0.02346	0.02511	0.01943	0.02610	0.02604	0.01599	0.58062	0.08008	0.05241	0.02139	0.02120	0.01525	0.01031	0.00852	0.00258	0.00919	0.00779	0.00852	0.01440
3	0.03235	0.02384	0.02554	0.01958	0.02639	0.02639	0.01618	0.61946	0.04001	0.05363	0.02043	0.02043	0.01447	0.01022	0.00851	0.00255	0.00936	0.00766	0.00851	0.01447
4	0.06975	0.02758	0.02241	0.01924	0.02452	0.24790	0.01506	0.20839	0.21183	0.03587	0.02170	0.02170	0.01642	0.00998	0.00808	0.00253	0.01050	0.00732	0.00693	0.01227
5	0.03235	0.02384	0.02554	0.01958	0.02639	0.02639	0.01618	0.61946	0.04001	0.05363	0.02043	0.02043	0.01447	0.01022	0.00851	0.00255	0.00936	0.00766	0.00851	0.01447
6	0.02264	0.65817	0.04283	0.01475	0.02186	0.03280	0.01449	0.02686	0.06011	0.02111	0.01342	0.01491	0.01197	0.00758	0.00568	0.00189	0.00894	0.00490	0.00399	0.01110
7	0.03179	0.04056	0.02412	0.02192	0.02631	0.66676	0.01644	0.03398	0.02412	0.02083	0.01315	0.01535	0.01096	0.00877	0.00767	0.00219	0.01535	0.00548	0.00438	0.00987
8	0.03235	0.02384	0.02554	0.01958	0.02639	0.02639	0.01618	0.61946	0.04001	0.05363	0.02043	0.02043	0.01447	0.01022	0.00851	0.00255	0.00936	0.00766	0.00851	0.01447
9	0.03179	0.04056	0.02412	0.02192	0.02631	0.66676	0.01644	0.03398	0.02412	0.02083	0.01315	0.01535	0.01096	0.00877	0.00767	0.00219	0.01535	0.00548	0.00438	0.00987
10	0.01238	0.00825	0.00928	0.00928	0.00928	0.00825	0.00516	0.01238	0.01238	0.01650	0.02681	0.05569	0.03094	0.70092	0.04331	0.00825	0.00825	0.01238	0.00516	0.00516
11	0.01238	0.00825	0.00928	0.00928	0.00928	0.00825	0.00516	0.01238	0.01238	0.01650	0.02681	0.05569	0.03094	0.70092	0.04331	0.00825	0.00825	0.01238	0.00516	0.00516
12	0.03016	0.02083	0.02248	0.01752	0.02358	0.02272	0.01438	0.49280	0.03567	0.08587	0.02234	0.02268	0.01599	0.01019	0.00812	0.00247	0.00841	0.00776	0.12256	0.01347
13	0.01112	0.00816	0.01052	0.01223	0.01302	0.00790	0.00829	0.01416	0.05902	0.02269	0.04605	0.64936	0.05418	0.02561	0.01071	0.00342	0.00506	0.02318	0.00795	0.00737
14	0.02179	0.02160	0.03384	0.05018	0.60580	0.06395	0.02546	0.02665	0.01970	0.02733	0.01581	0.02068	0.01331	0.00766	0.00837	0.00250	0.01046	0.00744	0.00422	0.01324
15	0.02106	0.02022	0.03454	0.05223	0.64784	0.02022	0.02612	0.02612	0.01938	0.02780	0.01601	0.02106	0.01348	0.00758	0.00842	0.00253	0.01011	0.00758	0.00421	0.01348
16	0.01960	0.01815	0.03040	0.04497	0.52261	0.01815	0.02365	0.02443	0.01942	0.02734	0.02178	0.03595	0.02053	0.01075	0.00909	0.00280	0.00966	0.12342	0.00493	0.01236
17	0.02380	0.02541	0.03188	0.04450	0.48923	0.18521	0.02365	0.02812	0.02059	0.02602	0.01528	0.01960	0.01284	0.00789	0.00823	0.00244	0.01145	0.00705	0.00426	0.01256

[dist]
# distance from previous block
# <min> <max>
0	4

[block]
# block no. 15 follows, 21 sequences, length 10
# corresponding to MSA columns:
# 648-657
name=unknown_P
#
# <colnr> <probs for GDERKNQSTAVLIFYWHMCP>
#	G	D	E	R	K	N	Q	S	T	A	V	L	I	F	Y	W	H	M	C	P
