[name]
unknown

[dist]
# distance from previous block
# <min> <max>
0	125

[block]
# block no. 0 follows, 21 sequences, length 154
# corresponding to MSA columns:
# 128-281
name=unknown_A
#
# <colnr> <probs for GDERKNQSTAVLIFYWHMCP>
#	G	D	E	R	K	N	Q	S	T	A	V	L	I	F	Y	W	H	M	C	P
0	0.02006	0.05800	0.27417	0.02203	0.05302	0.17364	0.02196	0.02593	0.01994	0.02482	0.02306	0.03929	0.02171	0.01255	0.00893	0.00288	0.01168	0.17078	0.00501	0.01056
1	0.19282	0.25296	0.20502	0.01827	0.04952	0.02410	0.01832	0.02485	0.01639	0.02638	0.01365	0.01755	0.01157	0.04163	0.00958	0.00272	0.05412	0.00574	0.00411	0.01070
2	0.17279	0.13673	0.24542	0.01981	0.05042	0.10802	0.01981	0.06576	0.01981	0.02953	0.04772	0.01882	0.01457	0.00863	0.00719	0.00246	0.01042	0.00619	0.00471	0.01119
3	0.02112	0.32153	0.17867	0.01689	0.02412	0.08812	0.01740	0.02574	0.01974	0.05571	0.13012	0.02478	0.02417	0.00964	0.00729	0.00226	0.00951	0.00725	0.00510	0.01085
4	0.02189	0.39342	0.18656	0.01708	0.02511	0.02652	0.01813	0.05859	0.05118	0.05742	0.05708	0.02006	0.01695	0.00868	0.00688	0.00222	0.00940	0.00632	0.00487	0.01163
5	0.02668	0.22666	0.17883	0.02021	0.05623	0.14722	0.01898	0.03124	0.02052	0.17025	0.01818	0.01893	0.01339	0.00853	0.00737	0.00232	0.01074	0.00622	0.00541	0.01206
6	0.01235	0.00835	0.00979	0.00979	0.00997	0.00853	0.00580	0.01270	0.01253	0.01688	0.02635	0.05309	0.02981	0.62662	0.11607	0.00888	0.00995	0.01200	0.00509	0.00544
7	0.01167	0.00868	0.01086	0.01032	0.01249	0.00787	0.00774	0.01534	0.02321	0.03205	0.53936	0.06699	0.18559	0.01817	0.01004	0.00271	0.00407	0.01587	0.00909	0.00787
8	0.02631	0.02293	0.02927	0.06857	0.08562	0.14051	0.15644	0.13097	0.02454	0.12764	0.02345	0.02537	0.04819	0.00953	0.00868	0.00258	0.01102	0.00850	0.03807	0.01182
9	0.02513	0.16493	0.20711	0.02351	0.07578	0.31626	0.02105	0.02980	0.02074	0.02293	0.01372	0.01620	0.01109	0.00821	0.00743	0.00229	0.01299	0.00569	0.00401	0.01110
10	0.01216	0.00912	0.01368	0.01368	0.01520	0.01064	0.01064	0.01520	0.01368	0.01976	0.02279	0.03343	0.02127	0.06382	0.66720	0.01368	0.02279	0.00912	0.00456	0.00760
11	0.01006	0.00862	0.00862	0.00862	0.01149	0.00718	0.00647	0.01221	0.01940	0.02299	0.08621	0.08190	0.64438	0.02155	0.01006	0.00287	0.00431	0.01796	0.00790	0.00718
12	0.03179	0.04056	0.02412	0.02192	0.02631	0.66676	0.01644	0.03398	0.02412	0.02083	0.01315	0.01535	0.01096	0.00877	0.00767	0.00219	0.01535	0.00548	0.00438	0.00987
13	0.06287	0.08676	0.17816	0.02082	0.02805	0.27184	0.01950	0.17686	0.02560	0.03124	0.01531	0.01704	0.01170	0.00881	0.00770	0.00240	0.01229	0.00611	0.00521	0.01172
14	0.03010	0.03756	0.02504	0.02426	0.07339	0.57522	0.01732	0.03249	0.02302	0.02134	0.01324	0.01600	0.01117	0.00908	0.00907	0.00232	0.05917	0.00577	0.00433	0.01010
15	0.01019	0.00863	0.00880	0.00876	0.01158	0.00724	0.00657	0.01247	0.01971	0.02372	0.12298	0.08069	0.60715	0.02128	0.01006	0.00286	0.00429	0.01779	0.00800	0.00724
16	0.05786	0.01591	0.02397	0.03173	0.31758	0.01568	0.01766	0.05316	0.02045	0.12084	0.05085	0.15587	0.05620	0.01287	0.00890	0.00275	0.00797	0.01157	0.00648	0.01169
17	0.02883	0.03300	0.02721	0.03021	0.20152	0.41477	0.01914	0.09552	0.02451	0.02637	0.01475	0.01751	0.01205	0.00859	0.00798	0.00233	0.01322	0.00631	0.00479	0.01139
18	0.01013	0.00833	0.00892	0.00940	0.01170	0.00712	0.00681	0.01213	0.01865	0.02268	0.07672	0.22994	0.50246	0.02279	0.01025	0.00301	0.00446	0.01946	0.00790	0.00712
19	0.05638	0.03686	0.47344	0.03033	0.18323	0.01984	0.02901	0.02665	0.01813	0.02774	0.01527	0.01850	0.01135	0.00795	0.00802	0.00265	0.01167	0.00651	0.00383	0.01262
20	0.02507	0.54141	0.04000	0.01577	0.02294	0.03192	0.01495	0.16882	0.02277	0.02813	0.01391	0.01529	0.01178	0.00799	0.00620	0.00200	0.00916	0.00530	0.00482	0.01178
21	0.01761	0.00993	0.01316	0.01165	0.01463	0.00898	0.00898	0.02147	0.02415	0.16601	0.51355	0.05620	0.06769	0.01594	0.00972	0.00267	0.00470	0.01394	0.00962	0.00940
22	0.01868	0.23218	0.48282	0.02150	0.03257	0.02372	0.02664	0.02653	0.01778	0.02498	0.01429	0.01674	0.01082	0.00786	0.00734	0.00245	0.01159	0.00579	0.00361	0.01211
23	0.01839	0.01789	0.01728	0.01616	0.01961	0.16836	0.05171	0.02157	0.02110	0.05115	0.07886	0.06299	0.21226	0.01742	0.00993	0.00301	0.00882	0.18785	0.00699	0.00867
24	0.02110	0.01901	0.02444	0.02047	0.02324	0.05615	0.05549	0.16168	0.02061	0.02859	0.01667	0.02273	0.01449	0.02476	0.17536	0.00571	0.28611	0.00797	0.00513	0.01029
25	0.01100	0.00800	0.01036	0.01116	0.01242	0.00737	0.00784	0.01351	0.01956	0.02664	0.28152	0.40328	0.11041	0.02267	0.01048	0.00311	0.00453	0.02030	0.00847	0.00737
26	0.01909	0.27906	0.43946	0.02081	0.03151	0.02470	0.02545	0.02643	0.01773	0.02449	0.01405	0.01643	0.01083	0.00780	0.00715	0.00238	0.01134	0.00567	0.00361	0.01199
27	0.02022	0.01934	0.03257	0.04891	0.59936	0.01923	0.02462	0.02506	0.01938	0.02744	0.02136	0.02570	0.06154	0.00865	0.00855	0.00255	0.00967	0.00837	0.00449	0.01300
28	0.01301	0.00957	0.01274	0.01432	0.01645	0.00929	0.01232	0.01659	0.01955	0.02499	0.05296	0.09329	0.16330	0.02313	0.01143	0.00372	0.00716	0.48061	0.00785	0.00771
29	0.14591	0.06641	0.05710	0.06994	0.02754	0.39631	0.01652	0.07843	0.02267	0.02662	0.01373	0.01613	0.01099	0.00862	0.00733	0.00235	0.01270	0.00567	0.00474	0.01030
30	0.02303	0.02526	0.02848	0.23071	0.27076	0.22841	0.02225	0.02734	0.02020	0.02374	0.01482	0.01971	0.01203	0.00824	0.00821	0.00251	0.01217	0.00690	0.00414	0.01111
31	0.01816	0.03738	0.48098	0.03150	0.18460	0.01995	0.05494	0.02676	0.01840	0.02717	0.01553	0.01893	0.01152	0.00793	0.00825	0.00266	0.01206	0.00676	0.00377	0.01275
32	0.01007	0.00856	0.00869	0.00879	0.01154	0.00717	0.00654	0.01219	0.01923	0.02292	0.08412	0.11448	0.61315	0.02182	0.01010	0.00290	0.00434	0.01829	0.00790	0.00717
33	0.01447	0.01203	0.01875	0.02198	0.13902	0.01220	0.04292	0.01833	0.01822	0.02482	0.08583	0.05575	0.09715	0.03058	0.20015	0.00621	0.01222	0.17422	0.00615	0.00898
34	0.01907	0.25850	0.42746	0.02167	0.03233	0.02438	0.05495	0.02649	0.01785	0.02471	0.01425	0.01681	0.01093	0.00778	0.00733	0.00242	0.01153	0.00591	0.00364	0.01198
35	0.01035	0.00747	0.00981	0.01168	0.01230	0.00693	0.00782	0.01187	0.01646	0.02179	0.04901	0.66255	0.08775	0.02639	0.01082	0.00342	0.00490	0.02386	0.00790	0.00693
36	0.02275	0.70604	0.04459	0.01456	0.02184	0.03367	0.01456	0.02548	0.01729	0.02002	0.01183	0.01365	0.01092	0.00728	0.00546	0.00182	0.00910	0.00455	0.00364	0.01092
37	0.01937	0.15140	0.06444	0.18354	0.29457	0.02180	0.05385	0.02430	0.01841	0.02458	0.01906	0.02345	0.04853	0.00854	0.00804	0.00251	0.01021	0.00766	0.00419	0.01156
38	0.01990	0.01886	0.01649	0.01504	0.01850	0.17020	0.01144	0.02804	0.16603	0.05579	0.29750	0.04398	0.07569	0.01387	0.00909	0.00262	0.00753	0.01150	0.00798	0.00996
39	0.01111	0.00896	0.01009	0.01066	0.01327	0.00794	0.00856	0.01378	0.01945	0.02371	0.07432	0.08597	0.47229	0.02212	0.01055	0.00318	0.00533	0.18346	0.00788	0.00737
40	0.02909	0.10334	0.11120	0.02067	0.02729	0.29276	0.01816	0.23586	0.02813	0.03298	0.01583	0.01729	0.01215	0.00903	0.00779	0.00235	0.01226	0.00625	0.00564	0.01194
41	0.01887	0.22935	0.45269	0.02295	0.06367	0.02371	0.02642	0.02649	0.01785	0.02504	0.01434	0.01691	0.01096	0.00783	0.00736	0.00244	0.01147	0.00586	0.00364	0.01216
42	0.02010	0.01923	0.03280	0.17371	0.53390	0.01997	0.02564	0.02527	0.01892	0.02663	0.01584	0.02138	0.01307	0.00776	0.00844	0.00259	0.01035	0.00758	0.00413	0.01270
43	0.01119	0.00867	0.01020	0.00981	0.01219	0.00767	0.00736	0.01441	0.02208	0.02936	0.40498	0.07141	0.32164	0.01918	0.01005	0.00276	0.00414	0.01649	0.00874	0.00767
44	0.01790	0.03819	0.48904	0.02747	0.03895	0.02025	0.19339	0.02704	0.01855	0.02704	0.01581	0.01935	0.01137	0.00783	0.00863	0.00274	0.01307	0.00733	0.00379	0.01227
45	0.02759	0.06486	0.02840	0.06244	0.20434	0.32372	0.01941	0.11758	0.02443	0.02768	0.01508	0.01800	0.01222	0.00856	0.00794	0.00235	0.01246	0.00646	0.00488	0.01161
46	0.01633	0.01536	0.02271	0.01983	0.02080	0.02022	0.04457	0.01888	0.01361	0.02054	0.01570	0.02423	0.01494	0.03237	0.26020	0.00731	0.41135	0.00818	0.00406	0.00879
47	0.01081	0.00865	0.00966	0.00941	0.01196	0.00750	0.00706	0.01367	0.02117	0.02720	0.29665	0.07498	0.43131	0.01998	0.01005	0.00280	0.00420	0.01699	0.00846	0.00750
48	0.01037	0.00741	0.00987	0.01185	0.01234	0.00691	0.00790	0.01185	0.01629	0.02172	0.04690	0.69537	0.05629	0.02666	0.01086	0.00346	0.00494	0.02419	0.00790	0.00691
49	0.02167	0.01822	0.02691	0.11477	0.20926	0.01931	0.05907	0.18621	0.02483	0.03350	0.02420	0.03931	0.02200	0.01224	0.00937	0.00293	0.00980	0.14845	0.00622	0.01174
50	0.01999	0.02103	0.06464	0.12553	0.30141	0.02047	0.16212	0.02881	0.11449	0.02804	0.01903	0.02323	0.01488	0.00825	0.00883	0.00271	0.01086	0.00841	0.00484	0.01243
51	0.03086	0.03819	0.02357	0.02127	0.02566	0.60326	0.01602	0.06212	0.02490	0.02309	0.04392	0.01792	0.01448	0.00926	0.00783	0.00223	0.01450	0.00607	0.00483	0.01001
52	0.01846	0.04207	0.61478	0.02365	0.03584	0.01928	0.03019	0.02791	0.01839	0.06832	0.01648	0.01869	0.01146	0.00825	0.00812	0.00269	0.01222	0.00644	0.00405	0.01270
53	0.01216	0.00912	0.01368	0.01368	0.01520	0.01064	0.01064	0.01520	0.01368	0.01976	0.02279	0.03343	0.02127	0.06382	0.66720	0.01368	0.02279	0.00912	0.00456	0.00760
54	0.01867	0.23045	0.48442	0.02153	0.03261	0.02368	0.02669	0.02654	0.01778	0.02500	0.01430	0.01675	0.01082	0.00786	0.00735	0.00245	0.01160	0.00580	0.00361	0.01211
55	0.02050	0.05323	0.05694	0.07300	0.18035	0.02007	0.15831	0.11847	0.05765	0.03063	0.02868	0.03110	0.11195	0.01037	0.00893	0.00268	0.01002	0.00970	0.00566	0.01176
56	0.01991	0.01899	0.02871	0.04117	0.45449	0.06029	0.02221	0.02451	0.01996	0.02721	0.05233	0.03717	0.02342	0.01120	0.00909	0.00278	0.00972	0.11977	0.00517	0.01189
57	0.01143	0.00785	0.00956	0.01049	0.01072	0.00762	0.00644	0.01213	0.01422	0.01895	0.03625	0.35611	0.04284	0.38426	0.02807	0.00600	0.00669	0.01793	0.00644	0.00598
58	0.01966	0.02717	0.21203	0.13044	0.33455	0.04767	0.02635	0.02688	0.04479	0.02673	0.01634	0.02061	0.01282	0.00808	0.00832	0.00262	0.01108	0.00720	0.00417	0.01249
59	0.02815	0.02951	0.02504	0.05162	0.02689	0.30539	0.01721	0.19657	0.02572	0.03011	0.01485	0.01789	0.01203	0.01060	0.01268	0.00268	0.17001	0.00666	0.00538	0.01103
60	0.01019	0.00863	0.00880	0.00876	0.01158	0.00724	0.00657	0.01247	0.01971	0.02372	0.12298	0.08069	0.60715	0.02128	0.01006	0.00286	0.00429	0.01779	0.00800	0.00724
61	0.02073	0.01988	0.03395	0.09370	0.60895	0.02013	0.02595	0.02583	0.01922	0.02740	0.01595	0.02117	0.01334	0.00764	0.00843	0.00255	0.01019	0.00758	0.00418	0.01321
62	0.08631	0.03448	0.38827	0.03105	0.21108	0.05086	0.02717	0.02687	0.01835	0.02792	0.01507	0.01836	0.01143	0.00796	0.00791	0.00262	0.01145	0.00647	0.00396	0.01240
63	0.01986	0.01899	0.03237	0.20384	0.50565	0.01990	0.02552	0.02506	0.01881	0.02634	0.01579	0.02145	0.01296	0.00781	0.00845	0.00260	0.01041	0.00758	0.00411	0.01251
64	0.01521	0.01175	0.01463	0.01550	0.01822	0.01233	0.01307	0.02385	0.16747	0.02771	0.04589	0.07934	0.09183	0.02046	0.01087	0.00358	0.00728	0.40381	0.00804	0.00914
65	0.02106	0.02022	0.03454	0.05223	0.64784	0.02022	0.02612	0.02612	0.01938	0.02780	0.01601	0.02106	0.01348	0.00758	0.00842	0.00253	0.01011	0.00758	0.00421	0.01348
66	0.01184	0.01055	0.01032	0.01096	0.01297	0.05732	0.00782	0.01372	0.01848	0.02230	0.06448	0.32916	0.35424	0.02268	0.01021	0.00306	0.00541	0.01957	0.00763	0.00728
67	0.01006	0.00862	0.00862	0.00862	0.01149	0.00718	0.00647	0.01221	0.01940	0.02299	0.08621	0.08190	0.64438	0.02155	0.01006	0.00287	0.00431	0.01796	0.00790	0.00718
68	0.02953	0.03582	0.02308	0.02094	0.02542	0.52934	0.01581	0.03637	0.15361	0.02397	0.01773	0.01884	0.01416	0.00936	0.00788	0.00234	0.01351	0.00636	0.00529	0.01063
69	0.02958	0.03303	0.06720	0.04729	0.07748	0.34915	0.01837	0.21574	0.02806	0.03209	0.01587	0.01783	0.01226	0.00907	0.00805	0.00239	0.01273	0.00646	0.00559	0.01176
70	0.01734	0.01604	0.02642	0.02700	0.17106	0.01553	0.15500	0.08111	0.02108	0.02802	0.03945	0.16198	0.17369	0.01469	0.00966	0.00287	0.00866	0.01377	0.00625	0.01037
71	0.01244	0.00920	0.01194	0.01264	0.01479	0.00870	0.01040	0.01605	0.02107	0.02791	0.25463	0.08234	0.17466	0.02107	0.01085	0.00330	0.00587	0.28601	0.00837	0.00778
72	0.02051	0.10047	0.47897	0.02270	0.03345	0.08243	0.02698	0.08759	0.02072	0.02847	0.01529	0.01759	0.01118	0.00829	0.00786	0.00256	0.01220	0.00620	0.00417	0.01237
73	0.02462	0.24881	0.03714	0.02285	0.02913	0.25380	0.17923	0.02831	0.02043	0.02237	0.01551	0.05056	0.01373	0.00874	0.00776	0.00232	0.01254	0.00735	0.00430	0.01050
74	0.01157	0.00868	0.01071	0.01020	0.01242	0.00783	0.00765	0.01513	0.02296	0.03144	0.50890	0.06799	0.21642	0.01840	0.01004	0.00272	0.00409	0.01601	0.00901	0.00783
75	0.05932	0.67189	0.04300	0.01439	0.02158	0.03295	0.01430	0.02546	0.01715	0.02092	0.01183	0.01366	0.01084	0.00731	0.00545	0.00186	0.00898	0.00455	0.00372	0.01084
76	0.02106	0.02022	0.03454	0.05223	0.64784	0.02022	0.02612	0.02612	0.01938	0.02780	0.01601	0.02106	0.01348	0.00758	0.00842	0.00253	0.01011	0.00758	0.00421	0.01348
77	0.02055	0.02262	0.08528	0.04662	0.47286	0.02046	0.15228	0.02642	0.01942	0.02762	0.01621	0.02123	0.01315	0.00753	0.00874	0.00261	0.01120	0.00801	0.00418	0.01298
78	0.02608	0.01718	0.01939	0.01669	0.02201	0.01866	0.01319	0.04414	0.45670	0.21426	0.03433	0.03095	0.02456	0.01125	0.00863	0.00281	0.00688	0.00931	0.00920	0.01376
79	0.01808	0.03985	0.56612	0.02361	0.03519	0.01889	0.05409	0.02722	0.01869	0.06084	0.04645	0.02095	0.01475	0.00862	0.00829	0.00270	0.01196	0.00701	0.00427	0.01241
80	0.01857	0.03510	0.42356	0.03474	0.26587	0.01993	0.02945	0.02664	0.01850	0.02727	0.01555	0.01913	0.01179	0.00790	0.00821	0.00263	0.01165	0.00677	0.00383	0.01292
81	0.24283	0.02574	0.02143	0.01772	0.02350	0.17881	0.01423	0.30636	0.02880	0.04125	0.01619	0.01729	0.01211	0.00920	0.00737	0.00249	0.01000	0.00625	0.00658	0.01184
82	0.02344	0.03357	0.41775	0.02267	0.03316	0.01783	0.07900	0.03118	0.02001	0.20814	0.02074	0.02160	0.01395	0.00871	0.00840	0.00269	0.01120	0.00728	0.00566	0.01303
83	0.01993	0.27666	0.23378	0.02346	0.07611	0.02604	0.06887	0.02530	0.01717	0.02344	0.01355	0.01714	0.01127	0.00882	0.01063	0.00255	0.12389	0.00625	0.00374	0.01141
84	0.01197	0.00900	0.00990	0.00971	0.01258	0.00774	0.00747	0.01457	0.02033	0.05585	0.16116	0.07758	0.49309	0.02054	0.01009	0.00290	0.00465	0.05492	0.00824	0.00771
85	0.01037	0.00741	0.00987	0.01185	0.01234	0.00691	0.00790	0.01185	0.01629	0.02172	0.04690	0.69537	0.05629	0.02666	0.01086	0.00346	0.00494	0.02419	0.00790	0.00691
86	0.01481	0.01186	0.01313	0.01203	0.01532	0.01192	0.00924	0.06683	0.15310	0.03188	0.26405	0.06017	0.26852	0.01711	0.00964	0.00278	0.00511	0.01451	0.00862	0.00937
87	0.02544	0.02919	0.02781	0.06581	0.28905	0.33053	0.02037	0.02900	0.02154	0.02392	0.01805	0.02139	0.04327	0.00889	0.00815	0.00240	0.01240	0.00708	0.00446	0.01124
88	0.01037	0.00741	0.00987	0.01185	0.01234	0.00691	0.00790	0.01185	0.01629	0.02172	0.04690	0.69537	0.05629	0.02666	0.01086	0.00346	0.00494	0.02419	0.00790	0.00691
89	0.01586	0.00793	0.00793	0.00793	0.00991	0.00793	0.00595	0.01983	0.01785	0.03173	0.02776	0.03173	0.02181	0.00991	0.00595	0.00198	0.00397	0.00793	0.74817	0.00793
90	0.02304	0.02101	0.03052	0.04204	0.46696	0.05733	0.02248	0.11835	0.02274	0.03172	0.01743	0.02145	0.01412	0.00824	0.00821	0.00247	0.00983	0.00750	0.06156	0.01300
91	0.02275	0.70604	0.04459	0.01456	0.02184	0.03367	0.01456	0.02548	0.01729	0.02002	0.01183	0.01365	0.01092	0.00728	0.00546	0.00182	0.00910	0.00455	0.00364	0.01092
92	0.01006	0.00862	0.00862	0.00862	0.01149	0.00718	0.00647	0.01221	0.01940	0.02299	0.08621	0.08190	0.64438	0.02155	0.01006	0.00287	0.00431	0.01796	0.00790	0.00718
93	0.02106	0.02022	0.03454	0.05223	0.64784	0.02022	0.02612	0.02612	0.01938	0.02780	0.01601	0.02106	0.01348	0.00758	0.00842	0.00253	0.01011	0.00758	0.00421	0.01348
94	0.01962	0.01875	0.03194	0.23382	0.47753	0.01984	0.02540	0.02485	0.01870	0.02605	0.01575	0.02153	0.01286	0.00785	0.00845	0.00262	0.01047	0.00758	0.00409	0.01232
95	0.01037	0.00741	0.00987	0.01185	0.01234	0.00691	0.00790	0.01185	0.01629	0.02172	0.04690	0.69537	0.05629	0.02666	0.01086	0.00346	0.00494	0.02419	0.00790	0.00691
96	0.02275	0.70604	0.04459	0.01456	0.02184	0.03367	0.01456	0.02548	0.01729	0.02002	0.01183	0.01365	0.01092	0.00728	0.00546	0.00182	0.00910	0.00455	0.00364	0.01092
97	0.01347	0.01159	0.01189	0.01129	0.01476	0.01148	0.00862	0.02236	0.20781	0.02686	0.07036	0.06649	0.45433	0.01848	0.00963	0.00288	0.00506	0.01540	0.00814	0.00912
98	0.76103	0.01646	0.01251	0.01119	0.01646	0.01909	0.00922	0.02502	0.01448	0.03818	0.01185	0.01382	0.00922	0.00790	0.00527	0.00263	0.00658	0.00461	0.00527	0.00922
99	0.02106	0.02022	0.03454	0.05223	0.64784	0.02022	0.02612	0.02612	0.01938	0.02780	0.01601	0.02106	0.01348	0.00758	0.00842	0.00253	0.01011	0.00758	0.00421	0.01348
100	0.02001	0.02094	0.04100	0.11778	0.28967	0.02069	0.30914	0.02615	0.01944	0.02683	0.01648	0.02216	0.01296	0.00749	0.00921	0.00273	0.01229	0.00876	0.00421	0.01205
101	0.03179	0.04056	0.02412	0.02192	0.02631	0.66676	0.01644	0.03398	0.02412	0.02083	0.01315	0.01535	0.01096	0.00877	0.00767	0.00219	0.01535	0.00548	0.00438	0.00987
102	0.01204	0.00870	0.01138	0.01071	0.01271	0.00803	0.00803	0.01606	0.02409	0.03413	0.64335	0.06357	0.08030	0.01740	0.01004	0.00268	0.00401	0.01539	0.00937	0.00803
103	0.02117	0.01828	0.01924	0.01732	0.02213	0.02117	0.01347	0.04522	0.63246	0.03560	0.03464	0.03175	0.02598	0.01155	0.00866	0.00289	0.00673	0.00962	0.00866	0.01347
104	0.01819	0.03621	0.43202	0.02856	0.03967	0.02041	0.24843	0.02707	0.01875	0.02707	0.01599	0.01982	0.01157	0.00775	0.00881	0.00276	0.01323	0.00768	0.00386	0.01217
105	0.01853	0.01551	0.01697	0.01541	0.01941	0.01737	0.01190	0.03679	0.45662	0.03517	0.21057	0.04095	0.04168	0.01324	0.00906	0.00283	0.00595	0.01129	0.00886	0.01190
106	0.01006	0.00862	0.00862	0.00862	0.01149	0.00718	0.00647	0.01221	0.01940	0.02299	0.08621	0.08190	0.64438	0.02155	0.01006	0.00287	0.00431	0.01796	0.00790	0.00718
107	0.01015	0.00827	0.00898	0.00955	0.01174	0.00711	0.00688	0.01211	0.01850	0.02262	0.07485	0.25921	0.47440	0.02303	0.01029	0.00304	0.00449	0.01976	0.00790	0.00711
108	0.01037	0.00834	0.00926	0.00965	0.01185	0.00722	0.00700	0.01259	0.01922	0.02403	0.14427	0.22772	0.43408	0.02228	0.01025	0.00299	0.00443	0.01915	0.00808	0.00722
109	0.01146	0.00814	0.01091	0.01273	0.01360	0.00783	0.00933	0.01352	0.01692	0.02238	0.04485	0.47768	0.05229	0.07713	0.01359	0.00395	0.00601	0.18295	0.00767	0.00704
110	0.02106	0.02022	0.03454	0.05223	0.64784	0.02022	0.02612	0.02612	0.01938	0.02780	0.01601	0.02106	0.01348	0.00758	0.00842	0.00253	0.01011	0.00758	0.00421	0.01348
111	0.01607	0.01513	0.02552	0.68047	0.05861	0.01891	0.02363	0.02174	0.01702	0.02174	0.01513	0.02269	0.01134	0.00851	0.00851	0.00284	0.01134	0.00756	0.00378	0.00945
112	0.01006	0.00862	0.00862	0.00862	0.01149	0.00718	0.00647	0.01221	0.01940	0.02299	0.08621	0.08190	0.64438	0.02155	0.01006	0.00287	0.00431	0.01796	0.00790	0.00718
113	0.01862	0.01059	0.01377	0.01211	0.01534	0.00982	0.00938	0.02362	0.05905	0.17775	0.46716	0.05373	0.06346	0.01547	0.00962	0.00268	0.00492	0.01348	0.00960	0.00984
114	0.01234	0.00936	0.01180	0.01303	0.01533	0.00882	0.01100	0.01560	0.01952	0.02454	0.06048	0.09071	0.27217	0.02278	0.01112	0.00353	0.00651	0.37591	0.00786	0.00759
115	0.01093	0.00836	0.01004	0.01024	0.01219	0.00746	0.00744	0.01368	0.02054	0.02718	0.30161	0.22254	0.27477	0.02111	0.01024	0.00293	0.00434	0.01843	0.00849	0.00746
116	0.01006	0.00862	0.00862	0.00862	0.01149	0.00718	0.00647	0.01221	0.01940	0.02299	0.08621	0.08190	0.64438	0.02155	0.01006	0.00287	0.00431	0.01796	0.00790	0.00718
117	0.02117	0.01828	0.01924	0.01732	0.02213	0.02117	0.01347	0.04522	0.63246	0.03560	0.03464	0.03175	0.02598	0.01155	0.00866	0.00289	0.00673	0.00962	0.00866	0.01347
118	0.03712	0.01619	0.02081	0.01595	0.02258	0.01505	0.01318	0.14716	0.02722	0.54401	0.03117	0.02741	0.01986	0.01047	0.00855	0.00262	0.00763	0.00839	0.01016	0.01448
119	0.01050	0.00869	0.00924	0.00925	0.01196	0.00743	0.00703	0.01300	0.02003	0.02460	0.15857	0.08015	0.53956	0.02109	0.01014	0.00290	0.00445	0.04598	0.00809	0.00733
120	0.02827	0.02150	0.02291	0.01826	0.02435	0.02382	0.01486	0.45097	0.16455	0.04746	0.02847	0.02752	0.06491	0.01136	0.00866	0.00265	0.00842	0.00886	0.00850	0.01370
121	0.09072	0.02570	0.02819	0.02847	0.17687	0.15536	0.06380	0.26029	0.02807	0.03734	0.01689	0.01917	0.01295	0.00885	0.00816	0.00250	0.01091	0.00712	0.00603	0.01261
122	0.01037	0.00741	0.00987	0.01185	0.01234	0.00691	0.00790	0.01185	0.01629	0.02172	0.04690	0.69537	0.05629	0.02666	0.01086	0.00346	0.00494	0.02419	0.00790	0.00691
123	0.02106	0.02022	0.03454	0.05223	0.64784	0.02022	0.02612	0.02612	0.01938	0.02780	0.01601	0.02106	0.01348	0.00758	0.00842	0.00253	0.01011	0.00758	0.00421	0.01348
124	0.02106	0.02022	0.03454	0.05223	0.64784	0.02022	0.02612	0.02612	0.01938	0.02780	0.01601	0.02106	0.01348	0.00758	0.00842	0.00253	0.01011	0.00758	0.00421	0.01348
125	0.02106	0.02022	0.03454	0.05223	0.64784	0.02022	0.02612	0.02612	0.01938	0.02780	0.01601	0.02106	0.01348	0.00758	0.00842	0.00253	0.01011	0.00758	0.00421	0.01348
126	0.03818	0.01448	0.01975	0.01514	0.02172	0.01251	0.01251	0.04147	0.02436	0.65373	0.03357	0.02897	0.02107	0.01053	0.00856	0.00263	0.00724	0.00856	0.01053	0.01448
127	0.01092	0.00875	0.01077	0.06146	0.01579	0.00816	0.00877	0.01328	0.01830	0.02305	0.08782	0.29907	0.32564	0.02234	0.01033	0.00313	0.00526	0.05216	0.00765	0.00733
128	0.02106	0.02022	0.03454	0.05223	0.64784	0.02022	0.02612	0.02612	0.01938	0.02780	0.01601	0.02106	0.01348	0.00758	0.00842	0.00253	0.01011	0.00758	0.00421	0.01348
129	0.01607	0.01513	0.02552	0.68047	0.05861	0.01891	0.02363	0.02174	0.01702	0.02174	0.01513	0.02269	0.01134	0.00851	0.00851	0.00284	0.01134	0.00756	0.00378	0.00945
130	0.01880	0.17171	0.51147	0.02228	0.03349	0.05020	0.02754	0.02697	0.01810	0.02535	0.01452	0.01702	0.01082	0.00796	0.00756	0.00250	0.01202	0.00592	0.00364	0.01214
131	0.01216	0.00912	0.01368	0.01368	0.01520	0.01064	0.01064	0.01520	0.01368	0.01976	0.02279	0.03343	0.02127	0.06382	0.66720	0.01368	0.02279	0.00912	0.00456	0.00760
132	0.02424	0.02124	0.03200	0.04303	0.47266	0.02196	0.02331	0.19338	0.02519	0.03508	0.01725	0.02088	0.01376	0.00832	0.00845	0.00253	0.00990	0.00760	0.00542	0.01376
133	0.15989	0.37793	0.06490	0.01829	0.07005	0.06476	0.01559	0.09387	0.01995	0.02819	0.01338	0.01533	0.01120	0.00788	0.00626	0.00217	0.00927	0.00529	0.00458	0.01123
134	0.01675	0.00878	0.00887	0.00855	0.01080	0.00892	0.00650	0.05191	0.01903	0.03290	0.02737	0.03112	0.02142	0.00993	0.00609	0.00201	0.00425	0.00792	0.70860	0.00828
135	0.01150	0.00940	0.01038	0.01074	0.01350	0.00853	0.00855	0.01520	0.05105	0.02423	0.07378	0.08266	0.47111	0.02150	0.01039	0.00312	0.00527	0.15351	0.00793	0.00766
136	0.01769	0.01351	0.01673	0.01419	0.01843	0.01366	0.01128	0.13064	0.01996	0.02898	0.02045	0.02645	0.01758	0.03477	0.32314	0.00749	0.01465	0.00763	0.04377	0.21901
137	0.01037	0.00741	0.00987	0.01185	0.01234	0.00691	0.00790	0.01185	0.01629	0.02172	0.04690	0.69537	0.05629	0.02666	0.01086	0.00346	0.00494	0.02419	0.00790	0.00691
138	0.01125	0.00867	0.01028	0.00987	0.01223	0.00769	0.00741	0.01453	0.02222	0.02969	0.42121	0.07088	0.30520	0.01905	0.01005	0.00276	0.00413	0.01642	0.00878	0.00769
139	0.02388	0.01932	0.02353	0.01945	0.02293	0.02337	0.01600	0.30082	0.02582	0.03592	0.01766	0.02220	0.01458	0.02172	0.13667	0.00501	0.24572	0.00786	0.00613	0.01142
140	0.01119	0.00861	0.01022	0.00994	0.01222	0.00764	0.00741	0.01435	0.02187	0.02916	0.39627	0.10123	0.30017	0.01947	0.01009	0.00279	0.00418	0.01682	0.00872	0.00764
141	0.01006	0.00862	0.00862	0.00862	0.01149	0.00718	0.00647	0.01221	0.01940	0.02299	0.08621	0.08190	0.64438	0.02155	0.01006	0.00287	0.00431	0.01796	0.00790	0.00718
142	0.02106	0.02022	0.03454	0.05223	0.64784	0.02022	0.02612	0.02612	0.01938	0.02780	0.01601	0.02106	0.01348	0.00758	0.00842	0.00253	0.01011	0.00758	0.00421	0.01348
143	0.02012	0.15596	0.37858	0.02104	0.03015	0.13759	0.02371	0.02663	0.01881	0.02417	0.01708	0.07662	0.01486	0.00971	0.00780	0.00252	0.01179	0.00742	0.00412	0.01130
144	0.01371	0.00980	0.01371	0.01567	0.01763	0.00980	0.01371	0.01763	0.01959	0.02547	0.04506	0.09599	0.04898	0.02351	0.01175	0.00392	0.00784	0.59056	0.00784	0.00784
145	0.01095	0.00765	0.00970	0.01111	0.01146	0.00730	0.00711	0.01200	0.01516	0.02021	0.04110	0.51048	0.04896	0.22155	0.02024	0.00484	0.00589	0.02078	0.00711	0.00640
146	0.02042	0.01474	0.01606	0.01400	0.01839	0.01524	0.01098	0.15254	0.17506	0.09651	0.05117	0.09782	0.24994	0.01595	0.00929	0.00283	0.00633	0.01324	0.00849	0.01100
147	0.01709	0.01638	0.02314	0.02030	0.02066	0.02243	0.01674	0.01923	0.01318	0.02031	0.01391	0.02211	0.01355	0.02644	0.17875	0.00607	0.52904	0.00784	0.00392	0.00891
148	0.01077	0.00858	0.00900	0.00908	0.01122	0.00755	0.00646	0.01248	0.01771	0.02153	0.07013	0.07617	0.47114	0.18558	0.01816	0.00422	0.00541	0.04085	0.00724	0.00672
149	0.02895	0.02315	0.02325	0.01890	0.02423	0.10879	0.01526	0.39334	0.03201	0.07490	0.02093	0.04737	0.01648	0.01641	0.07696	0.00375	0.04716	0.00819	0.00739	0.01259
150	0.02541	0.44050	0.07829	0.01751	0.02432	0.20616	0.01628	0.06199	0.02051	0.02263	0.01291	0.01479	0.01113	0.00791	0.00642	0.00202	0.01106	0.00510	0.00412	0.01094
151	0.01037	0.00741	0.00987	0.01185	0.01234	0.00691	0.00790	0.01185	0.01629	0.02172	0.04690	0.69537	0.05629	0.02666	0.01086	0.00346	0.00494	0.02419	0.00790	0.00691
152	0.01966	0.01879	0.03200	0.22915	0.48191	0.01985	0.02542	0.02489	0.01871	0.02610	0.01576	0.02152	0.01288	0.00784	0.00845	0.00261	0.01046	0.00758	0.00409	0.01235
153	0.02077	0.02525	0.15574	0.06292	0.02799	0.06990	0.01819	0.03893	0.41470	0.03172	0.02759	0.02697	0.02063	0.01040	0.00845	0.00279	0.00894	0.00846	0.00693	0.01274

[dist]
# distance from previous block
# <min> <max>
0	14

[block]
# block no. 1 follows, 21 sequences, length 47
# corresponding to MSA columns:
# 296-342
name=unknown_B
#
# <colnr> <probs for GDERKNQSTAVLIFYWHMCP>
#	G	D	E	R	K	N	Q	S	T	A	V	L	I	F	Y	W	H	M	C	P
0	0.02843	0.03418	0.02190	0.01976	0.02412	0.50767	0.01494	0.07104	0.04866	0.02393	0.02449	0.02544	0.09841	0.01073	0.00810	0.00234	0.01309	0.00750	0.00531	0.00995
1	0.02446	0.11125	0.18773	0.02123	0.02748	0.27743	0.02007	0.06504	0.02085	0.02425	0.01416	0.01737	0.01161	0.01174	0.03927	0.00301	0.10185	0.00614	0.00428	0.01079
2	0.02179	0.02160	0.03384	0.05019	0.60581	0.06394	0.02546	0.02665	0.01970	0.02733	0.01581	0.02068	0.01331	0.00766	0.00837	0.00250	0.01046	0.00744	0.00422	0.01324
3	0.01035	0.00749	0.00979	0.01163	0.01229	0.00693	0.00780	0.01187	0.01650	0.02181	0.04956	0.65388	0.09605	0.02632	0.01081	0.00342	0.00489	0.02377	0.00790	0.00693
4	0.02491	0.02646	0.03089	0.16183	0.13694	0.21903	0.12469	0.11947	0.02366	0.02834	0.01585	0.01988	0.01233	0.00847	0.00851	0.00255	0.01259	0.00738	0.00486	0.01136
5	0.02332	0.09121	0.02497	0.02123	0.08469	0.13781	0.05058	0.06393	0.20913	0.06773	0.03177	0.03143	0.10335	0.01119	0.00839	0.00258	0.00917	0.00915	0.00668	0.01169
6	0.01037	0.00741	0.00987	0.01185	0.01234	0.00691	0.00790	0.01185	0.01629	0.02172	0.04690	0.69537	0.05629	0.02666	0.01086	0.00346	0.00494	0.02419	0.00790	0.00691
7	0.01216	0.00912	0.01368	0.01368	0.01520	0.01064	0.01064	0.01520	0.01368	0.01976	0.02279	0.03343	0.02127	0.06382	0.66720	0.01368	0.02279	0.00912	0.00456	0.00760
8	0.02586	0.03325	0.09344	0.05774	0.13707	0.36900	0.02035	0.02948	0.02082	0.02269	0.01370	0.01740	0.01143	0.00930	0.01061	0.00254	0.10419	0.00629	0.00415	0.01069
9	0.02148	0.55738	0.18208	0.01674	0.02521	0.03055	0.01835	0.02581	0.01744	0.02158	0.01260	0.01462	0.01089	0.00746	0.00605	0.00202	0.00988	0.00494	0.00363	0.01129
10	0.02668	0.01409	0.01690	0.01414	0.01934	0.01357	0.01130	0.03536	0.18903	0.33121	0.04671	0.04264	0.17450	0.01350	0.00895	0.00276	0.00639	0.01114	0.00938	0.01243
11	0.02995	0.03597	0.02603	0.02707	0.13484	0.51404	0.01812	0.06902	0.02428	0.02409	0.01411	0.01666	0.01162	0.00865	0.00786	0.00227	0.01406	0.00598	0.00461	0.01078
12	0.01206	0.01009	0.01067	0.01027	0.01330	0.00943	0.00778	0.01782	0.11281	0.02669	0.16822	0.07137	0.45999	0.01937	0.00984	0.00284	0.00463	0.01629	0.00825	0.00827
13	0.01035	0.00748	0.00980	0.01165	0.01229	0.00693	0.00781	0.01187	0.01649	0.02180	0.04935	0.65722	0.09286	0.02634	0.01081	0.00342	0.00490	0.02381	0.00790	0.00693
14	0.01238	0.00825	0.00928	0.00928	0.00928	0.00825	0.00516	0.01238	0.01238	0.01650	0.02681	0.05569	0.03094	0.70092	0.04331	0.00825	0.00825	0.01238	0.00516	0.00516
15	0.02290	0.43986	0.08166	0.02442	0.16388	0.09383	0.01849	0.02659	0.01850	0.02232	0.01314	0.01578	0.01149	0.00755	0.00653	0.00208	0.01020	0.00544	0.00384	0.01150
16	0.02103	0.50491	0.23060	0.01751	0.02640	0.02945	0.01969	0.02593	0.01750	0.02213	0.01288	0.01496	0.01088	0.00753	0.00626	0.00209	0.01016	0.00508	0.00363	0.01142
17	0.01060	0.00767	0.01003	0.01150	0.01235	0.00709	0.00784	0.01250	0.01763	0.02364	0.13796	0.56672	0.09298	0.02499	0.01069	0.00331	0.00476	0.02253	0.00812	0.00709
18	0.02106	0.02022	0.03454	0.05223	0.64784	0.02022	0.02612	0.02612	0.01938	0.02780	0.01601	0.02106	0.01348	0.00758	0.00842	0.00253	0.01011	0.00758	0.00421	0.01348
19	0.02420	0.02539	0.03291	0.02588	0.03060	0.15727	0.19951	0.13034	0.02220	0.02842	0.01504	0.01958	0.01224	0.01046	0.01490	0.00294	0.22440	0.00787	0.00488	0.01099
20	0.02009	0.02296	0.05022	0.03587	0.04448	0.02152	0.61693	0.02726	0.02009	0.02726	0.01722	0.02296	0.01291	0.00717	0.01004	0.00287	0.01435	0.01004	0.00430	0.01148
21	0.01006	0.00862	0.00862	0.00862	0.01149	0.00718	0.00647	0.01221	0.01940	0.02299	0.08621	0.08190	0.64438	0.02155	0.01006	0.00287	0.00431	0.01796	0.00790	0.00718
22	0.01891	0.01719	0.02519	0.09074	0.31860	0.04770	0.01933	0.05630	0.02173	0.02972	0.17177	0.03810	0.03277	0.01172	0.00910	0.00270	0.00873	0.06254	0.00601	0.01116
23	0.01707	0.04402	0.65683	0.02426	0.03683	0.01976	0.03144	0.02695	0.01797	0.02695	0.01527	0.01797	0.01078	0.00809	0.00809	0.00270	0.01258	0.00629	0.00359	0.01258
24	0.02275	0.70604	0.04459	0.01456	0.02184	0.03367	0.01456	0.02548	0.01729	0.02002	0.01183	0.01365	0.01092	0.00728	0.00546	0.00182	0.00910	0.00455	0.00364	0.01092
25	0.01006	0.00862	0.00862	0.00862	0.01149	0.00718	0.00647	0.01221	0.01940	0.02299	0.08621	0.08190	0.64438	0.02155	0.01006	0.00287	0.00431	0.01796	0.00790	0.00718
26	0.02347	0.58867	0.07881	0.01600	0.02326	0.10684	0.01579	0.02656	0.01813	0.02053	0.01219	0.01411	0.01092	0.00750	0.00588	0.00192	0.01004	0.00476	0.00372	0.01090
27	0.01037	0.00741	0.00987	0.01185	0.01234	0.00691	0.00790	0.01185	0.01629	0.02172	0.04690	0.69537	0.05629	0.02666	0.01086	0.00346	0.00494	0.02419	0.00790	0.00691
28	0.01056	0.00864	0.00932	0.00915	0.01181	0.00740	0.00686	0.01319	0.02059	0.02583	0.22834	0.07722	0.50048	0.02049	0.01005	0.00282	0.00424	0.01730	0.00828	0.00740
29	0.01217	0.00907	0.01346	0.01346	0.01490	0.01052	0.01036	0.01506	0.01361	0.01959	0.02300	0.03454	0.02176	0.09559	0.63609	0.01341	0.02207	0.00928	0.00459	0.00748
30	0.02275	0.70604	0.04459	0.01456	0.02184	0.03367	0.01456	0.02548	0.01729	0.02002	0.01183	0.01365	0.01092	0.00728	0.00546	0.00182	0.00910	0.00455	0.00364	0.01092
31	0.01913	0.01538	0.01755	0.01292	0.01983	0.01270	0.01035	0.08875	0.02019	0.03106	0.01700	0.01939	0.01375	0.00711	0.00652	0.00148	0.00641	0.00563	0.08070	0.59416
32	0.02182	0.55167	0.04043	0.01631	0.02195	0.03196	0.01547	0.02436	0.01634	0.02012	0.01168	0.01477	0.01098	0.00899	0.01051	0.00225	0.16096	0.00520	0.00366	0.01056
33	0.01125	0.00867	0.01027	0.00987	0.01222	0.00769	0.00740	0.01452	0.02221	0.02966	0.41996	0.07092	0.30647	0.01906	0.01005	0.00276	0.00413	0.01642	0.00878	0.00769
34	0.01677	0.01610	0.02243	0.01999	0.02010	0.02176	0.01621	0.01854	0.01377	0.02076	0.01920	0.17059	0.02130	0.01754	0.02410	0.00366	0.53255	0.01121	0.00466	0.00877
35	0.01025	0.00863	0.00889	0.00882	0.01161	0.00727	0.00662	0.01259	0.01985	0.02408	0.14055	0.08011	0.58936	0.02115	0.01006	0.00285	0.00428	0.01771	0.00805	0.00727
36	0.01707	0.04402	0.65683	0.02426	0.03683	0.01976	0.03144	0.02695	0.01797	0.02695	0.01527	0.01797	0.01078	0.00809	0.00809	0.00270	0.01258	0.00629	0.00359	0.01258
37	0.06588	0.02107	0.03267	0.04817	0.57711	0.05444	0.02459	0.02647	0.01934	0.02805	0.01561	0.02033	0.01309	0.00766	0.00820	0.00252	0.01018	0.00729	0.00428	0.01303
38	0.03128	0.07803	0.02527	0.02151	0.02606	0.63111	0.01634	0.03350	0.02373	0.02078	0.01308	0.01525	0.01096	0.00869	0.00755	0.00217	0.01499	0.00543	0.00434	0.00993
39	0.01155	0.01301	0.09583	0.01237	0.01561	0.00902	0.01082	0.01488	0.01891	0.02484	0.14232	0.26612	0.26319	0.02088	0.01013	0.00306	0.00574	0.04623	0.00754	0.00797
40	0.01215	0.00893	0.00990	0.00959	0.01239	0.00766	0.00721	0.01471	0.02048	0.06287	0.19220	0.10543	0.46554	0.02032	0.01000	0.00285	0.00446	0.01719	0.00835	0.00778
41	0.01089	0.00875	0.01030	0.01020	0.01260	0.00817	0.00774	0.01357	0.01877	0.02402	0.16181	0.06708	0.40013	0.03119	0.17040	0.00548	0.00877	0.01538	0.00733	0.00742
42	0.01096	0.00794	0.01036	0.01126	0.01243	0.00734	0.00787	0.01341	0.01931	0.02632	0.26700	0.43188	0.09627	0.02300	0.01052	0.00314	0.00457	0.02064	0.00844	0.00734
43	0.03080	0.03731	0.02352	0.02104	0.02561	0.56941	0.01594	0.09296	0.02552	0.02429	0.01741	0.01907	0.04176	0.00953	0.00787	0.00226	0.01420	0.00630	0.00498	0.01021
44	0.01973	0.35423	0.36995	0.01971	0.02981	0.02628	0.02353	0.02626	0.01765	0.02370	0.01366	0.01594	0.01085	0.00771	0.00686	0.00229	0.01095	0.00547	0.00362	0.01180
45	0.02381	0.04770	0.04506	0.01774	0.02120	0.17511	0.01456	0.02649	0.01965	0.14133	0.05623	0.06457	0.05559	0.04999	0.01486	0.00317	0.16144	0.04531	0.00620	0.01000
46	0.02706	0.03058	0.02113	0.01931	0.02318	0.42158	0.01448	0.11770	0.02477	0.02600	0.02184	0.16883	0.02167	0.01301	0.00852	0.00253	0.01210	0.01001	0.00580	0.00990

[dist]
# distance from previous block
# <min> <max>
0	110

[block]
# block no. 2 follows, 21 sequences, length 45
# corresponding to MSA columns:
# 457-501
name=unknown_C
#
# <colnr> <probs for GDERKNQSTAVLIFYWHMCP>
#	G	D	E	R	K	N	Q	S	T	A	V	L	I	F	Y	W	H	M	C	P
0	0.29094	0.19883	0.06076	0.01777	0.05465	0.02487	0.01507	0.06495	0.01712	0.02981	0.01270	0.01580	0.01072	0.00928	0.01037	0.00263	0.14304	0.00562	0.00461	0.01045
1	0.02371	0.19781	0.10684	0.09096	0.02787	0.17489	0.01716	0.11238	0.02203	0.02688	0.01626	0.02029	0.01343	0.04631	0.00919	0.00260	0.01084	0.00647	0.06339	0.01068
2	0.02040	0.01877	0.02870	0.03671	0.35766	0.05009	0.06096	0.02709	0.08641	0.05005	0.02001	0.02485	0.01653	0.01935	0.13964	0.00480	0.01270	0.00821	0.00502	0.01203
3	0.01094	0.00877	0.00994	0.01060	0.01301	0.00776	0.00830	0.01343	0.01911	0.02343	0.07249	0.15007	0.44387	0.02255	0.01054	0.00318	0.00520	0.15163	0.00789	0.00731
4	0.02412	0.01776	0.02190	0.22205	0.03311	0.05323	0.01658	0.20681	0.02495	0.11108	0.02087	0.02448	0.01558	0.01699	0.09873	0.00412	0.01151	0.00785	0.05699	0.01128
5	0.01028	0.00863	0.00893	0.00885	0.01163	0.00728	0.00664	0.01264	0.01992	0.02422	0.14773	0.07988	0.58210	0.02109	0.01006	0.00285	0.00428	0.01768	0.00806	0.00728
6	0.03179	0.04056	0.02412	0.02192	0.02631	0.66676	0.01644	0.03398	0.02412	0.02083	0.01315	0.01535	0.01096	0.00877	0.00767	0.00219	0.01535	0.00548	0.00438	0.00987
7	0.01037	0.00741	0.00987	0.01185	0.01234	0.00691	0.00790	0.01185	0.01629	0.02172	0.04690	0.69537	0.05629	0.02666	0.01086	0.00346	0.00494	0.02419	0.00790	0.00691
8	0.01228	0.00821	0.00931	0.00941	0.00943	0.00818	0.00529	0.01235	0.01257	0.01676	0.02780	0.08723	0.03219	0.66768	0.04171	0.00801	0.00809	0.01296	0.00529	0.00524
9	0.02230	0.63014	0.04255	0.01542	0.02190	0.03283	0.01501	0.02493	0.01682	0.02007	0.01176	0.01420	0.01095	0.00812	0.00794	0.00203	0.08377	0.00487	0.00365	0.01074
10	0.03818	0.01448	0.01975	0.01514	0.02172	0.01251	0.01251	0.04147	0.02436	0.65373	0.03357	0.02897	0.02107	0.01053	0.00856	0.00263	0.00724	0.00856	0.01053	0.01448
11	0.01586	0.00793	0.00793	0.00793	0.00991	0.00793	0.00595	0.01983	0.01785	0.03173	0.02776	0.03173	0.02181	0.00991	0.00595	0.00198	0.00397	0.00793	0.74817	0.00793
12	0.02886	0.03467	0.02458	0.02477	0.09887	0.48938	0.01712	0.03482	0.11893	0.02397	0.01686	0.01859	0.01361	0.00906	0.00792	0.00234	0.01338	0.00638	0.00503	0.01086
13	0.01668	0.00872	0.00881	0.00851	0.01073	0.00885	0.00646	0.04957	0.01895	0.03281	0.02740	0.03117	0.02145	0.00993	0.00608	0.00201	0.00423	0.00792	0.71148	0.00826
14	0.01037	0.00741	0.00987	0.01185	0.01234	0.00691	0.00790	0.01185	0.01629	0.02172	0.04690	0.69537	0.05629	0.02666	0.01086	0.00346	0.00494	0.02419	0.00790	0.00691
15	0.01216	0.00912	0.01368	0.01368	0.01520	0.01064	0.01064	0.01520	0.01368	0.01976	0.02279	0.03343	0.02127	0.06382	0.66720	0.01368	0.02279	0.00912	0.00456	0.00760
16	0.01665	0.02132	0.14725	0.02172	0.02550	0.02001	0.08288	0.02097	0.01492	0.02225	0.01589	0.02313	0.01413	0.02654	0.20233	0.00624	0.29660	0.00797	0.00400	0.00969
17	0.01055	0.00755	0.01004	0.01172	0.01238	0.00704	0.00791	0.01231	0.01715	0.02309	0.11276	0.62560	0.05894	0.02564	0.01077	0.00337	0.00484	0.02322	0.00806	0.00704
18	0.02825	0.25173	0.03097	0.01932	0.02467	0.35867	0.01592	0.09519	0.02309	0.02417	0.01343	0.01553	0.01135	0.00877	0.00812	0.00219	0.04785	0.00553	0.00457	0.01068
19	0.02119	0.01992	0.05140	0.02013	0.02745	0.01791	0.14329	0.14385	0.02240	0.03235	0.01639	0.01943	0.01288	0.00794	0.00910	0.00209	0.05521	0.00686	0.00544	0.36478
20	0.02826	0.02967	0.07043	0.02893	0.18468	0.23022	0.01982	0.24036	0.02817	0.03472	0.01662	0.01879	0.01284	0.00894	0.00819	0.00244	0.01170	0.00685	0.00576	0.01261
21	0.01278	0.00894	0.01108	0.01120	0.01192	0.00931	0.00739	0.03805	0.01454	0.01975	0.02929	0.16600	0.03265	0.40105	0.18091	0.00840	0.01107	0.01358	0.00566	0.00643
22	0.01133	0.00911	0.01016	0.00982	0.01246	0.00816	0.00738	0.01522	0.05014	0.02777	0.29292	0.07265	0.40339	0.01952	0.00998	0.00280	0.00431	0.01660	0.00849	0.00780
23	0.02896	0.02929	0.02625	0.02682	0.14969	0.27855	0.01804	0.22177	0.07865	0.03400	0.01784	0.01948	0.01384	0.00923	0.00817	0.00243	0.01167	0.00694	0.00603	0.01237
24	0.02764	0.07790	0.02794	0.02728	0.14927	0.36335	0.01845	0.08594	0.02299	0.02524	0.01410	0.01721	0.01182	0.00925	0.00999	0.00244	0.08729	0.00626	0.00462	0.01103
25	0.01130	0.00867	0.01035	0.00993	0.01226	0.00771	0.00745	0.01462	0.02234	0.02997	0.43550	0.07041	0.29074	0.01895	0.01004	0.00275	0.00413	0.01635	0.00882	0.00771
26	0.10197	0.01327	0.01534	0.01307	0.01695	0.01345	0.01033	0.14024	0.02623	0.11392	0.37537	0.04528	0.05213	0.01408	0.00903	0.00264	0.00576	0.01183	0.00889	0.01023
27	0.02221	0.02240	0.03343	0.04899	0.58133	0.08940	0.02508	0.02696	0.01988	0.02706	0.01570	0.02045	0.01321	0.00771	0.00834	0.00249	0.01067	0.00736	0.00423	0.01309
28	0.02106	0.02022	0.03454	0.05223	0.64784	0.02022	0.02612	0.02612	0.01938	0.02780	0.01601	0.02106	0.01348	0.00758	0.00842	0.00253	0.01011	0.00758	0.00421	0.01348
29	0.01238	0.00825	0.00928	0.00928	0.00928	0.00825	0.00516	0.01238	0.01238	0.01650	0.02681	0.05569	0.03094	0.70092	0.04331	0.00825	0.00825	0.01238	0.00516	0.00516
30	0.02188	0.01746	0.01901	0.01636	0.02102	0.01944	0.01289	0.18408	0.34085	0.03983	0.17247	0.03627	0.03568	0.01257	0.00894	0.00275	0.00677	0.01046	0.00879	0.01246
31	0.03067	0.03650	0.02410	0.02144	0.02591	0.53172	0.01635	0.09861	0.05796	0.02523	0.01502	0.01694	0.01216	0.00936	0.00876	0.00234	0.04532	0.00603	0.00504	0.01054
32	0.01238	0.00825	0.00928	0.00928	0.00928	0.00825	0.00516	0.01238	0.01238	0.01650	0.02681	0.05569	0.03094	0.70092	0.04331	0.00825	0.00825	0.01238	0.00516	0.00516
33	0.01238	0.00825	0.00928	0.00928	0.00928	0.00825	0.00516	0.01238	0.01238	0.01650	0.02681	0.05569	0.03094	0.70092	0.04331	0.00825	0.00825	0.01238	0.00516	0.00516
34	0.01037	0.00741	0.00987	0.01185	0.01234	0.00691	0.00790	0.01185	0.01629	0.02172	0.04690	0.69537	0.05629	0.02666	0.01086	0.00346	0.00494	0.02419	0.00790	0.00691
35	0.01783	0.11619	0.56246	0.02370	0.03551	0.02138	0.05541	0.02680	0.01799	0.02620	0.01498	0.01771	0.01089	0.00796	0.00788	0.00261	0.01227	0.00626	0.00363	0.01235
36	0.02106	0.02022	0.03454	0.05223	0.64784	0.02022	0.02612	0.02612	0.01938	0.02780	0.01601	0.02106	0.01348	0.00758	0.00842	0.00253	0.01011	0.00758	0.00421	0.01348
37	0.01220	0.00895	0.01280	0.01280	0.01402	0.01016	0.00955	0.01464	0.01342	0.01911	0.02359	0.03786	0.02320	0.19062	0.54303	0.01260	0.01990	0.00977	0.00468	0.00711
38	0.01026	0.00863	0.00890	0.00883	0.01162	0.00727	0.00662	0.01260	0.01987	0.02411	0.14240	0.08005	0.58749	0.02113	0.01006	0.00285	0.00428	0.01770	0.00805	0.00727
