[name]
unknown

[dist]
# distance from previous block
# <min> <max>
9	10

[block]
# block no. 0 follows, 21 sequences, length 9
# corresponding to MSA columns:
# 10-18
name=unknown_A
#
# <colnr> <probs for GDERKNQSTAVLIFYWHMCP>
#	G	D	E	R	K	N	Q	S	T	A	V	L	I	F	Y	W	H	M	C	P
0	0.02106	0.02022	0.03454	0.05223	0.64784	0.02022	0.02612	0.02612	0.01938	0.02780	0.01601	0.02106	0.01348	0.00758	0.00842	0.00253	0.01011	0.00758	0.00421	0.01348
1	0.02106	0.02022	0.03454	0.05223	0.64784	0.02022	0.02612	0.02612	0.01938	0.02780	0.01601	0.02106	0.01348	0.00758	0.00842	0.00253	0.01011	0.00758	0.00421	0.01348
2	0.02106	0.02022	0.03454	0.05223	0.64784	0.02022	0.02612	0.02612	0.01938	0.02780	0.01601	0.02106	0.01348	0.00758	0.00842	0.00253	0.01011	0.00758	0.00421	0.01348
3	0.01363	0.00888	0.01120	0.01100	0.01321	0.00798	0.00809	0.01653	0.02110	0.08627	0.31519	0.23103	0.18364	0.02005	0.01012	0.00292	0.00462	0.01760	0.00879	0.00816
4	0.01990	0.02171	0.04455	0.03488	0.10843	0.02015	0.47834	0.02643	0.01971	0.02738	0.01683	0.02211	0.01294	0.00711	0.00941	0.00264	0.01291	0.00917	0.00438	0.10102
5	0.50030	0.01521	0.01432	0.01219	0.01750	0.01632	0.00998	0.02853	0.01799	0.20045	0.07639	0.02246	0.01897	0.00948	0.00658	0.00264	0.00652	0.00666	0.00704	0.01050
6	0.01487	0.01119	0.01333	0.01284	0.01527	0.01135	0.00952	0.09049	0.09454	0.03170	0.25753	0.27715	0.08802	0.01932	0.00998	0.00297	0.00532	0.01701	0.00859	0.00901
7	0.06300	0.02157	0.01874	0.01689	0.02086	0.17232	0.01290	0.16481	0.12970	0.03285	0.06086	0.19153	0.02931	0.01446	0.00883	0.00276	0.00880	0.01185	0.00727	0.01068
8	0.41140	0.12816	0.22475	0.01590	0.02382	0.02148	0.01717	0.02571	0.01602	0.03186	0.01295	0.01513	0.00997	0.00787	0.00620	0.00253	0.00889	0.00514	0.00449	0.01055

[dist]
# distance from previous block
# <min> <max>
0	1

[block]
# block no. 1 follows, 21 sequences, length 18
# corresponding to MSA columns:
# 20-37
name=unknown_B
#
# <colnr> <probs for GDERKNQSTAVLIFYWHMCP>
#	G	D	E	R	K	N	Q	S	T	A	V	L	I	F	Y	W	H	M	C	P
0	0.02021	0.01231	0.01486	0.01300	0.01717	0.01164	0.01028	0.02724	0.13100	0.18458	0.19736	0.05192	0.16025	0.01512	0.00929	0.00273	0.00574	0.04762	0.00887	0.05882
1	0.02210	0.02219	0.03353	0.04930	0.58766	0.08281	0.02518	0.02688	0.01984	0.02713	0.01573	0.02051	0.01324	0.00770	0.00835	0.00250	0.01062	0.00738	0.00423	0.01313
2	0.58591	0.01555	0.01311	0.01162	0.01641	0.01761	0.00943	0.05975	0.01772	0.03842	0.12252	0.02290	0.02194	0.00970	0.00630	0.00264	0.00630	0.00668	0.00618	0.00933
3	0.05179	0.19226	0.04312	0.01475	0.02028	0.02021	0.01277	0.03221	0.21494	0.13097	0.09057	0.03345	0.08528	0.01157	0.00794	0.00254	0.00710	0.00921	0.00739	0.01166
4	0.01973	0.04050	0.54672	0.02344	0.03501	0.02092	0.02878	0.13030	0.02181	0.03160	0.01617	0.01840	0.01142	0.00846	0.00816	0.00267	0.01202	0.00653	0.00445	0.01291
5	0.21884	0.01829	0.01831	0.01564	0.02081	0.02068	0.01251	0.18379	0.25871	0.04075	0.08391	0.02720	0.02386	0.01081	0.00786	0.00271	0.00710	0.00835	0.00779	0.01207
6	0.01960	0.21358	0.33538	0.02883	0.18899	0.02357	0.02560	0.02635	0.01815	0.02533	0.01455	0.01761	0.01151	0.00774	0.00748	0.00242	0.01102	0.00616	0.00376	0.01237
7	0.29110	0.13795	0.02097	0.01404	0.01931	0.07266	0.01168	0.06629	0.05805	0.10734	0.07576	0.05181	0.02103	0.01025	0.00700	0.00251	0.00770	0.00750	0.00646	0.01060
8	0.02161	0.01403	0.01721	0.01708	0.05943	0.01441	0.01215	0.03219	0.24777	0.17618	0.03964	0.20959	0.07057	0.01568	0.00929	0.00295	0.00645	0.01362	0.00856	0.01158
9	0.01731	0.04230	0.60741	0.02520	0.03746	0.01991	0.07914	0.02698	0.01814	0.02698	0.01543	0.01837	0.01095	0.00801	0.00824	0.00271	0.01272	0.00659	0.00365	0.01249
10	0.03061	0.03608	0.02473	0.02342	0.06731	0.51456	0.01690	0.10440	0.05620	0.02597	0.01529	0.01716	0.01230	0.00900	0.00787	0.00229	0.01385	0.00609	0.00508	0.01084
11	0.02303	0.21601	0.26831	0.01979	0.02873	0.02542	0.02127	0.18592	0.07601	0.03291	0.01736	0.01863	0.01310	0.00873	0.00754	0.00244	0.01028	0.00647	0.00535	0.01271
12	0.01987	0.02233	0.10766	0.04604	0.53304	0.01932	0.02548	0.02531	0.01921	0.02739	0.02048	0.02464	0.05415	0.00855	0.00849	0.00257	0.01003	0.00810	0.00438	0.01296
13	0.01800	0.01795	0.02526	0.35960	0.19928	0.08028	0.02110	0.02268	0.01865	0.02338	0.02538	0.03007	0.10285	0.01017	0.00863	0.00270	0.01041	0.00886	0.00454	0.01020
14	0.02227	0.02281	0.03245	0.08953	0.51943	0.11307	0.02456	0.02696	0.01990	0.02640	0.01554	0.02035	0.01298	0.00781	0.00832	0.00250	0.01094	0.00728	0.00421	0.01269
15	0.02580	0.01544	0.01834	0.01548	0.02041	0.01589	0.01239	0.10709	0.21668	0.23446	0.15785	0.03857	0.03506	0.01274	0.00902	0.00276	0.00670	0.03340	0.00935	0.01257
16	0.07471	0.11431	0.02621	0.01745	0.02429	0.02465	0.01472	0.41069	0.03228	0.08092	0.01900	0.01934	0.01388	0.00932	0.00769	0.00234	0.00874	0.00685	0.00744	0.08516
17	0.02040	0.01459	0.01381	0.01251	0.01632	0.10333	0.00958	0.02278	0.02105	0.18373	0.05848	0.11771	0.33758	0.01739	0.00941	0.00277	0.00671	0.01436	0.00807	0.00941

[dist]
# distance from previous block
# <min> <max>
0	8

[block]
# block no. 2 follows, 21 sequences, length 83
# corresponding to MSA columns:
# 46-128
name=unknown_C
#
# <colnr> <probs for GDERKNQSTAVLIFYWHMCP>
#	G	D	E	R	K	N	Q	S	T	A	V	L	I	F	Y	W	H	M	C	P
0	0.01675	0.02052	0.11978	0.02943	0.13614	0.01643	0.24123	0.02214	0.01847	0.02556	0.02614	0.23489	0.02645	0.01354	0.00975	0.00297	0.01040	0.01358	0.00533	0.01053
1	0.03072	0.03677	0.02310	0.02073	0.02516	0.56327	0.01568	0.08521	0.02509	0.02452	0.01483	0.01695	0.01204	0.00898	0.00763	0.00221	0.01401	0.00585	0.05709	0.01014
2	0.22967	0.10258	0.02306	0.01824	0.02316	0.42493	0.01428	0.03066	0.02079	0.02548	0.01266	0.01476	0.01048	0.00838	0.00679	0.00227	0.01231	0.00515	0.00455	0.00980
3	0.02106	0.02022	0.03454	0.05223	0.64784	0.02022	0.02612	0.02612	0.01938	0.02780	0.01601	0.02106	0.01348	0.00758	0.00842	0.00253	0.01011	0.00758	0.00421	0.01348
4	0.03179	0.04056	0.02412	0.02192	0.02631	0.66676	0.01644	0.03398	0.02412	0.02083	0.01315	0.01535	0.01096	0.00877	0.00767	0.00219	0.01535	0.00548	0.00438	0.00987
5	0.01847	0.20710	0.50602	0.02187	0.03314	0.02319	0.02728	0.02659	0.01780	0.02524	0.01442	0.01690	0.01081	0.00789	0.00744	0.00248	0.01172	0.00586	0.00360	0.01217
6	0.02000	0.01726	0.01813	0.01640	0.02101	0.01970	0.01273	0.04175	0.56796	0.03427	0.04006	0.03703	0.09105	0.01260	0.00881	0.00289	0.00648	0.01050	0.00858	0.01281
7	0.01164	0.00809	0.00999	0.01047	0.01113	0.00776	0.00676	0.01311	0.01654	0.02255	0.18525	0.26650	0.05137	0.31239	0.02452	0.00531	0.00613	0.01698	0.00709	0.00644
8	0.02307	0.01923	0.02032	0.01770	0.02286	0.02206	0.01393	0.14316	0.53142	0.03867	0.03221	0.02982	0.02402	0.01132	0.00863	0.00283	0.00718	0.00929	0.00863	0.01364
9	0.01607	0.01513	0.02552	0.68047	0.05861	0.01891	0.02363	0.02174	0.01702	0.02174	0.01513	0.02269	0.01134	0.00851	0.00851	0.00284	0.01134	0.00756	0.00378	0.00945
10	0.01188	0.00804	0.00943	0.00991	0.01004	0.00792	0.00583	0.01225	0.01334	0.01779	0.03176	0.21326	0.03718	0.53483	0.03532	0.00707	0.00743	0.01529	0.00583	0.00559
11	0.01037	0.00741	0.00987	0.01185	0.01234	0.00691	0.00790	0.01185	0.01629	0.02172	0.04690	0.69537	0.05629	0.02666	0.01086	0.00346	0.00494	0.02419	0.00790	0.00691
12	0.01448	0.00989	0.01099	0.01037	0.01108	0.01016	0.00632	0.07625	0.01528	0.02041	0.02614	0.05198	0.02921	0.62825	0.03965	0.00765	0.00837	0.01188	0.00551	0.00614
13	0.01765	0.01513	0.01765	0.01260	0.02017	0.01134	0.01008	0.02143	0.01765	0.02773	0.01513	0.01765	0.01260	0.00630	0.00630	0.00126	0.00630	0.00504	0.00504	0.75295
14	0.02106	0.02022	0.03454	0.05223	0.64784	0.02022	0.02612	0.02612	0.01938	0.02780	0.01601	0.02106	0.01348	0.00758	0.00842	0.00253	0.01011	0.00758	0.00421	0.01348
15	0.03179	0.04056	0.02412	0.02192	0.02631	0.66676	0.01644	0.03398	0.02412	0.02083	0.01315	0.01535	0.01096	0.00877	0.00767	0.00219	0.01535	0.00548	0.00438	0.00987
16	0.01765	0.01513	0.01765	0.01260	0.02017	0.01134	0.01008	0.02143	0.01765	0.02773	0.01513	0.01765	0.01260	0.00630	0.00630	0.00126	0.00630	0.00504	0.00504	0.75295
17	0.01607	0.01513	0.02552	0.68047	0.05861	0.01891	0.02363	0.02174	0.01702	0.02174	0.01513	0.02269	0.01134	0.00851	0.00851	0.00284	0.01134	0.00756	0.00378	0.00945
18	0.03818	0.01448	0.01975	0.01514	0.02172	0.01251	0.01251	0.04147	0.02436	0.65373	0.03357	0.02897	0.02107	0.01053	0.00856	0.00263	0.00724	0.00856	0.01053	0.01448
19	0.01236	0.00830	0.00951	0.00951	0.00959	0.00838	0.00545	0.01252	0.01244	0.01667	0.02660	0.05452	0.03043	0.66736	0.07618	0.00854	0.00902	0.01220	0.00513	0.00529
20	0.02702	0.01992	0.02675	0.03254	0.29829	0.06405	0.01911	0.06088	0.12657	0.20083	0.02398	0.02461	0.01755	0.00927	0.00845	0.00260	0.00909	0.00805	0.00690	0.01354
21	0.03184	0.03907	0.02424	0.02171	0.02632	0.60963	0.01642	0.08621	0.02553	0.02375	0.01380	0.01580	0.01128	0.00890	0.00775	0.00222	0.01481	0.00568	0.00475	0.01028
22	0.01037	0.00741	0.00987	0.01185	0.01234	0.00691	0.00790	0.01185	0.01629	0.02172	0.04690	0.69537	0.05629	0.02666	0.01086	0.00346	0.00494	0.02419	0.00790	0.00691
23	0.01126	0.00867	0.01028	0.00988	0.01223	0.00769	0.00741	0.01453	0.02223	0.02970	0.42216	0.07085	0.30424	0.01905	0.01005	0.00275	0.00413	0.01641	0.00879	0.00769
24	0.01707	0.04402	0.65683	0.02426	0.03683	0.01976	0.03144	0.02695	0.01797	0.02695	0.01527	0.01797	0.01078	0.00809	0.00809	0.00270	0.01258	0.00629	0.00359	0.01258
25	0.01234	0.00840	0.01003	0.01003	0.01029	0.00866	0.00609	0.01286	0.01260	0.01706	0.02613	0.05189	0.02929	0.59226	0.14972	0.00918	0.01073	0.01182	0.00505	0.00557
26	0.03235	0.02384	0.02554	0.01958	0.02639	0.02639	0.01618	0.61946	0.04001	0.05363	0.02043	0.02043	0.01447	0.01022	0.00851	0.00255	0.00936	0.00766	0.00851	0.01447
27	0.01238	0.00825	0.00928	0.00928	0.00928	0.00825	0.00516	0.01238	0.01238	0.01650	0.02681	0.05569	0.03094	0.70092	0.04331	0.00825	0.00825	0.01238	0.00516	0.00516
28	0.02934	0.02125	0.02990	0.02247	0.02939	0.02189	0.16314	0.34551	0.03130	0.14983	0.02313	0.05337	0.01714	0.01027	0.00901	0.00269	0.01002	0.00916	0.00780	0.01339
29	0.03179	0.04056	0.02412	0.02192	0.02631	0.66676	0.01644	0.03398	0.02412	0.02083	0.01315	0.01535	0.01096	0.00877	0.00767	0.00219	0.01535	0.00548	0.00438	0.00987
30	0.01818	0.17374	0.53687	0.02236	0.03390	0.02249	0.02813	0.02666	0.01783	0.02559	0.01460	0.01712	0.01081	0.00793	0.00757	0.00252	0.01190	0.00595	0.00360	0.01225
31	0.01891	0.03159	0.30552	0.03264	0.10343	0.02064	0.30805	0.02701	0.01912	0.02718	0.01627	0.02065	0.01207	0.00760	0.00905	0.00276	0.01316	0.00820	0.00399	0.01215
32	0.01238	0.00825	0.00928	0.00928	0.00928	0.00825	0.00516	0.01238	0.01238	0.01650	0.02681	0.05569	0.03094	0.70092	0.04331	0.00825	0.00825	0.01238	0.00516	0.00516
33	0.01474	0.01174	0.01359	0.01259	0.01558	0.01212	0.00960	0.02494	0.21725	0.03342	0.39096	0.05537	0.12236	0.01597	0.00960	0.00276	0.00491	0.01382	0.00899	0.00967
34	0.02388	0.01905	0.02093	0.01624	0.02291	0.01910	0.01309	0.24844	0.16212	0.03908	0.02141	0.02180	0.01626	0.00891	0.00764	0.00210	0.00753	0.00703	0.00713	0.31534
35	0.01112	0.00866	0.01010	0.00974	0.01215	0.00764	0.00730	0.01427	0.02191	0.02895	0.38445	0.07209	0.34242	0.01933	0.01005	0.00277	0.00415	0.01658	0.00869	0.00764
36	0.02100	0.50214	0.23317	0.01755	0.02646	0.02939	0.01976	0.02593	0.01750	0.02216	0.01289	0.01498	0.01088	0.00753	0.00627	0.00209	0.01017	0.00509	0.00363	0.01143
37	0.02575	0.03110	0.03277	0.02644	0.03140	0.34887	0.20797	0.02947	0.02089	0.02281	0.01410	0.01834	0.01162	0.00934	0.01198	0.00268	0.13267	0.00728	0.00424	0.01028
38	0.01060	0.00864	0.00937	0.00919	0.01183	0.00741	0.00689	0.01326	0.02068	0.02603	0.23810	0.07690	0.49060	0.02042	0.01005	0.00282	0.00423	0.01726	0.00830	0.00741
39	0.02275	0.70604	0.04459	0.01456	0.02184	0.03367	0.01456	0.02548	0.01729	0.02002	0.01183	0.01365	0.01092	0.00728	0.00546	0.00182	0.00910	0.00455	0.00364	0.01092
40	0.01862	0.01862	0.02607	0.02234	0.02234	0.02607	0.01862	0.02048	0.01303	0.02048	0.01117	0.01862	0.01117	0.01489	0.02793	0.00372	0.68535	0.00745	0.00372	0.00931
41	0.02117	0.01828	0.01924	0.01732	0.02213	0.02117	0.01347	0.04522	0.63246	0.03560	0.03464	0.03175	0.02598	0.01155	0.00866	0.00289	0.00673	0.00962	0.00866	0.01347
42	0.01156	0.00868	0.01070	0.01019	0.01241	0.00782	0.00764	0.01511	0.02293	0.03138	0.50611	0.06808	0.21925	0.01842	0.01004	0.00273	0.00409	0.01602	0.00901	0.00782
43	0.01238	0.00825	0.00928	0.00928	0.00928	0.00825	0.00516	0.01238	0.01238	0.01650	0.02681	0.05569	0.03094	0.70092	0.04331	0.00825	0.00825	0.01238	0.00516	0.00516
44	0.01862	0.01862	0.02607	0.02234	0.02234	0.02607	0.01862	0.02048	0.01303	0.02048	0.01117	0.01862	0.01117	0.01489	0.02793	0.00372	0.68535	0.00745	0.00372	0.00931
45	0.01037	0.00741	0.00987	0.01185	0.01234	0.00691	0.00790	0.01185	0.01629	0.02172	0.04690	0.69537	0.05629	0.02666	0.01086	0.00346	0.00494	0.02419	0.00790	0.00691
46	0.02275	0.70604	0.04459	0.01456	0.02184	0.03367	0.01456	0.02548	0.01729	0.02002	0.01183	0.01365	0.01092	0.00728	0.00546	0.00182	0.00910	0.00455	0.00364	0.01092
47	0.01130	0.00867	0.01057	0.01172	0.01367	0.00794	0.00915	0.01384	0.01864	0.02344	0.06270	0.24883	0.29913	0.02353	0.01081	0.00336	0.00560	0.20188	0.00788	0.00732
48	0.02101	0.02037	0.03539	0.05135	0.61527	0.02029	0.05801	0.02618	0.01942	0.02777	0.01607	0.02116	0.01345	0.00756	0.00851	0.00255	0.01034	0.00772	0.00422	0.01337
49	0.03235	0.02384	0.02554	0.01958	0.02639	0.02639	0.01618	0.61946	0.04001	0.05363	0.02043	0.02043	0.01447	0.01022	0.00851	0.00255	0.00936	0.00766	0.00851	0.01447
50	0.01654	0.01056	0.01240	0.01148	0.01298	0.01240	0.00907	0.01999	0.01666	0.02896	0.02367	0.02850	0.01919	0.01114	0.01136	0.00241	0.17181	0.00781	0.56479	0.00827
51	0.01037	0.00776	0.00963	0.01100	0.01215	0.00703	0.00755	0.01213	0.01741	0.02260	0.08384	0.51539	0.20225	0.02498	0.01063	0.00328	0.00474	0.02226	0.00797	0.00703
52	0.01190	0.00869	0.01118	0.01056	0.01263	0.00797	0.00792	0.01579	0.02376	0.03334	0.60414	0.06486	0.11999	0.01769	0.01004	0.00269	0.00404	0.01557	0.00926	0.00797
53	0.01438	0.01287	0.02236	0.20604	0.03227	0.01351	0.12418	0.01855	0.01781	0.02345	0.03217	0.26920	0.03430	0.01739	0.01022	0.00326	0.00901	0.12432	0.00607	0.00864
54	0.01970	0.01883	0.03208	0.22351	0.48720	0.01986	0.02544	0.02492	0.01873	0.02615	0.01577	0.02151	0.01290	0.00783	0.00845	0.00261	0.01045	0.00758	0.00409	0.01238
55	0.02026	0.41531	0.31346	0.01882	0.02843	0.02756	0.02197	0.02613	0.01759	0.02306	0.01334	0.01555	0.01086	0.00763	0.00661	0.00220	0.01063	0.00531	0.00362	0.01165
56	0.03235	0.02384	0.02554	0.01958	0.02639	0.02639	0.01618	0.61946	0.04001	0.05363	0.02043	0.02043	0.01447	0.01022	0.00851	0.00255	0.00936	0.00766	0.00851	0.01447
57	0.02291	0.48279	0.16152	0.01749	0.02540	0.12009	0.01813	0.02697	0.01838	0.02149	0.01269	0.01473	0.01090	0.00765	0.00629	0.00204	0.01066	0.00502	0.00374	0.01110
58	0.01737	0.07890	0.62457	0.02374	0.03604	0.02050	0.03055	0.02687	0.01793	0.02659	0.01509	0.01774	0.01079	0.00804	0.00795	0.00265	0.01239	0.00620	0.00360	0.01249
59	0.76103	0.01646	0.01251	0.01119	0.01646	0.01909	0.00922	0.02502	0.01448	0.03818	0.01185	0.01382	0.00922	0.00790	0.00527	0.00263	0.00658	0.00461	0.00527	0.00922
60	0.02079	0.01994	0.03406	0.08614	0.61603	0.02015	0.02598	0.02588	0.01925	0.02748	0.01596	0.02115	0.01336	0.00763	0.00843	0.00254	0.01018	0.00758	0.00419	0.01326
61	0.02003	0.01959	0.03134	0.24132	0.44117	0.04899	0.02493	0.02515	0.01888	0.02565	0.01561	0.02130	0.01272	0.00792	0.00842	0.00261	0.01072	0.00748	0.00409	0.01210
62	0.02009	0.02296	0.05022	0.03587	0.04448	0.02152	0.61693	0.02726	0.02009	0.02726	0.01722	0.02296	0.01291	0.00717	0.01004	0.00287	0.01435	0.01004	0.00430	0.01148
63	0.01033	0.00868	0.00899	0.00904	0.01183	0.00734	0.00687	0.01266	0.01966	0.02370	0.11447	0.08153	0.58779	0.02141	0.01013	0.00291	0.00445	0.04297	0.00798	0.00726
64	0.01853	0.12637	0.54829	0.02293	0.03443	0.05445	0.02857	0.02713	0.01820	0.02577	0.01474	0.01730	0.01081	0.00802	0.00774	0.00256	0.01228	0.00603	0.00364	0.01223
65	0.01050	0.00760	0.00996	0.01179	0.01252	0.00706	0.00806	0.01214	0.01666	0.02198	0.04959	0.62517	0.09734	0.02616	0.01085	0.00344	0.00502	0.04929	0.00790	0.00697
66	0.01060	0.00864	0.00937	0.00919	0.01183	0.00741	0.00689	0.01326	0.02068	0.02603	0.23810	0.07690	0.49060	0.02042	0.01005	0.00282	0.00423	0.01726	0.00830	0.00741
67	0.01983	0.01897	0.03232	0.20699	0.50269	0.01990	0.02551	0.02504	0.01880	0.02631	0.01579	0.02146	0.01295	0.00781	0.00845	0.00260	0.01041	0.00758	0.00411	0.01249
68	0.02133	0.02561	0.12285	0.07313	0.44439	0.08679	0.05018	0.02689	0.01959	0.02666	0.01562	0.02018	0.01271	0.00780	0.00837	0.00255	0.01123	0.00728	0.00413	0.01271
69	0.02106	0.02022	0.03454	0.05223	0.64784	0.02022	0.02612	0.02612	0.01938	0.02780	0.01601	0.02106	0.01348	0.00758	0.00842	0.00253	0.01011	0.00758	0.00421	0.01348
70	0.01006	0.00862	0.00862	0.00862	0.01149	0.00718	0.00647	0.01221	0.01940	0.02299	0.08621	0.08190	0.64438	0.02155	0.01006	0.00287	0.00431	0.01796	0.00790	0.00718
71	0.01805	0.03816	0.50354	0.03115	0.18734	0.01988	0.03013	0.02675	0.01831	0.02716	0.01545	0.01873	0.01145	0.00796	0.00817	0.00265	0.01197	0.00661	0.00375	0.01280
72	0.02370	0.02523	0.03197	0.04477	0.49474	0.17948	0.02373	0.02805	0.02054	0.02608	0.01530	0.01965	0.01286	0.00787	0.00824	0.00244	0.01140	0.00706	0.00425	0.01259
73	0.03675	0.01679	0.02118	0.01623	0.02287	0.01593	0.01341	0.18385	0.02821	0.50591	0.03034	0.02686	0.01944	0.01045	0.00855	0.00261	0.00776	0.00834	0.01004	0.01448
74	0.03184	0.03893	0.02425	0.02170	0.02632	0.60453	0.01642	0.09087	0.02566	0.02402	0.01386	0.01584	0.01130	0.00891	0.00775	0.00223	0.01477	0.00569	0.00479	0.01031
75	0.02911	0.02035	0.02356	0.02020	0.05705	0.02242	0.01560	0.31004	0.17613	0.14797	0.02519	0.02450	0.01807	0.01078	0.00992	0.00273	0.05598	0.00826	0.00833	0.01382
76	0.01238	0.00825	0.00928	0.00928	0.00928	0.00825	0.00516	0.01238	0.01238	0.01650	0.02681	0.05569	0.03094	0.70092	0.04331	0.00825	0.00825	0.01238	0.00516	0.00516
77	0.02056	0.01776	0.01867	0.01685	0.02155	0.02041	0.01309	0.04343	0.59918	0.03491	0.03744	0.03447	0.05955	0.01209	0.00874	0.00289	0.00660	0.01007	0.00862	0.01313
78	0.01254	0.00945	0.01152	0.01128	0.01327	0.00915	0.00822	0.01775	0.08546	0.02978	0.37676	0.16931	0.12516	0.06689	0.01238	0.00324	0.00479	0.01634	0.00860	0.00812
79	0.01037	0.00741	0.00987	0.01185	0.01234	0.00691	0.00790	0.01185	0.01629	0.02172	0.04690	0.69537	0.05629	0.02666	0.01086	0.00346	0.00494	0.02419	0.00790	0.00691
80	0.02182	0.02165	0.03381	0.05010	0.60410	0.06572	0.02544	0.02667	0.01971	0.02731	0.01581	0.02066	0.01330	0.00767	0.00837	0.00250	0.01048	0.00743	0.00422	0.01323
81	0.07470	0.65752	0.04234	0.01432	0.02146	0.03265	0.01419	0.02545	0.01709	0.02130	0.01183	0.01366	0.01080	0.00732	0.00545	0.00188	0.00892	0.00455	0.00375	0.01080
82	0.03184	0.03907	0.02424	0.02171	0.02632	0.60963	0.01642	0.08621	0.02553	0.02375	0.01380	0.01580	0.01128	0.00890	0.00775	0.00222	0.01481	0.00568	0.00475	0.01028

[dist]
# distance from previous block
# <min> <max>
0	5

[block]
# block no. 3 follows, 21 sequences, length 66
# corresponding to MSA columns:
# 134-199
name=unknown_D
#
# <colnr> <probs for GDERKNQSTAVLIFYWHMCP>
#	G	D	E	R	K	N	Q	S	T	A	V	L	I	F	Y	W	H	M	C	P
0	0.02068	0.55210	0.07755	0.01502	0.02169	0.02908	0.01497	0.02391	0.01675	0.02041	0.01382	0.01712	0.01259	0.01649	0.11282	0.00380	0.01153	0.00540	0.00379	0.01049
1	0.01440	0.00898	0.01134	0.01115	0.01283	0.01002	0.00862	0.01785	0.01580	0.02597	0.02477	0.03181	0.02104	0.03354	0.29377	0.00714	0.04645	0.00842	0.38824	0.00786
2	0.01048	0.00864	0.00921	0.00907	0.01176	0.00737	0.00680	0.01304	0.02040	0.02537	0.20553	0.07797	0.52358	0.02066	0.01005	0.00283	0.00425	0.01741	0.00822	0.00737
3	0.01216	0.00912	0.01368	0.01368	0.01520	0.01064	0.01064	0.01520	0.01368	0.01976	0.02279	0.03343	0.02127	0.06382	0.66720	0.01368	0.02279	0.00912	0.00456	0.00760
4	0.01789	0.01755	0.02467	0.02136	0.02154	0.02432	0.01772	0.01988	0.01311	0.02040	0.01248	0.02029	0.01231	0.02042	0.10011	0.00485	0.61054	0.00764	0.00382	0.00912
5	0.02106	0.02022	0.03454	0.05223	0.64784	0.02022	0.02612	0.02612	0.01938	0.02780	0.01601	0.02106	0.01348	0.00758	0.00842	0.00253	0.01011	0.00758	0.00421	0.01348
6	0.02003	0.01654	0.01893	0.01373	0.02118	0.01378	0.01107	0.11831	0.02127	0.03193	0.01599	0.01810	0.01291	0.00694	0.00666	0.00147	0.00680	0.00547	0.00560	0.63332
7	0.02087	0.02071	0.03717	0.04756	0.50052	0.02052	0.14662	0.02708	0.04281	0.02799	0.01696	0.02186	0.01384	0.00765	0.00877	0.00261	0.01085	0.00816	0.00440	0.01307
8	0.03179	0.04056	0.02412	0.02192	0.02631	0.66676	0.01644	0.03398	0.02412	0.02083	0.01315	0.01535	0.01096	0.00877	0.00767	0.00219	0.01535	0.00548	0.00438	0.00987
9	0.01586	0.00793	0.00793	0.00793	0.00991	0.00793	0.00595	0.01983	0.01785	0.03173	0.02776	0.03173	0.02181	0.00991	0.00595	0.00198	0.00397	0.00793	0.74817	0.00793
10	0.01238	0.00825	0.00928	0.00928	0.00928	0.00825	0.00516	0.01238	0.01238	0.01650	0.02681	0.05569	0.03094	0.70092	0.04331	0.00825	0.00825	0.01238	0.00516	0.00516
11	0.02275	0.70604	0.04459	0.01456	0.02184	0.03367	0.01456	0.02548	0.01729	0.02002	0.01183	0.01365	0.01092	0.00728	0.00546	0.00182	0.00910	0.00455	0.00364	0.01092
12	0.01216	0.00912	0.01368	0.01368	0.01520	0.01064	0.01064	0.01520	0.01368	0.01976	0.02279	0.03343	0.02127	0.06382	0.66720	0.01368	0.02279	0.00912	0.00456	0.00760
13	0.01267	0.01116	0.01109	0.01083	0.01375	0.04193	0.00828	0.01715	0.07391	0.02594	0.16573	0.07207	0.43021	0.01948	0.00992	0.00287	0.00525	0.05169	0.00802	0.00805
14	0.02391	0.55390	0.07914	0.01639	0.02352	0.13849	0.01592	0.02699	0.01847	0.02059	0.01227	0.01420	0.01092	0.00758	0.00599	0.00194	0.01036	0.00481	0.00376	0.01085
15	0.01607	0.01513	0.02552	0.68047	0.05861	0.01891	0.02363	0.02174	0.01702	0.02174	0.01513	0.02269	0.01134	0.00851	0.00851	0.00284	0.01134	0.00756	0.00378	0.00945
16	0.01289	0.01019	0.01508	0.01466	0.01600	0.01238	0.01154	0.01579	0.01360	0.01984	0.02148	0.03176	0.02013	0.05830	0.59502	0.01255	0.09760	0.00893	0.00446	0.00779
17	0.02702	0.01693	0.01950	0.01627	0.02161	0.01789	0.01299	0.13089	0.28752	0.22458	0.10082	0.03273	0.02883	0.01169	0.00876	0.00273	0.00699	0.00964	0.00928	0.01332
18	0.02009	0.02296	0.05022	0.03587	0.04448	0.02152	0.61693	0.02726	0.02009	0.02726	0.01722	0.02296	0.01291	0.00717	0.01004	0.00287	0.01435	0.01004	0.00430	0.01148
19	0.02117	0.01828	0.01924	0.01732	0.02213	0.02117	0.01347	0.04522	0.63246	0.03560	0.03464	0.03175	0.02598	0.01155	0.00866	0.00289	0.00673	0.00962	0.00866	0.01347
20	0.01184	0.00878	0.01110	0.01077	0.01293	0.00804	0.00825	0.01552	0.02288	0.03142	0.49368	0.06960	0.17623	0.01866	0.01019	0.00282	0.00440	0.06603	0.00898	0.00786
21	0.01765	0.01513	0.01765	0.01260	0.02017	0.01134	0.01008	0.02143	0.01765	0.02773	0.01513	0.01765	0.01260	0.00630	0.00630	0.00126	0.00630	0.00504	0.00504	0.75295
22	0.01340	0.01147	0.01638	0.12193	0.12239	0.01137	0.01290	0.01710	0.02024	0.02685	0.22918	0.09527	0.23637	0.01631	0.00959	0.00279	0.00630	0.01426	0.00710	0.00880
23	0.02879	0.02118	0.02300	0.01833	0.02412	0.02324	0.01483	0.52103	0.03617	0.04846	0.02472	0.12977	0.02125	0.01288	0.00889	0.00270	0.00865	0.01034	0.00841	0.01325
24	0.01236	0.00830	0.00956	0.00956	0.00965	0.00840	0.00550	0.01255	0.01246	0.01670	0.02656	0.05430	0.03033	0.66108	0.08233	0.00859	0.00916	0.01217	0.00512	0.00531
25	0.02106	0.02022	0.03454	0.05223	0.64784	0.02022	0.02612	0.02612	0.01938	0.02780	0.01601	0.02106	0.01348	0.00758	0.00842	0.00253	0.01011	0.00758	0.00421	0.01348
26	0.02160	0.55153	0.03831	0.01488	0.02104	0.06953	0.01404	0.02435	0.01713	0.02003	0.01369	0.01696	0.01260	0.01653	0.11280	0.00376	0.01171	0.00535	0.00384	0.01032
27	0.02481	0.03319	0.42317	0.02091	0.03129	0.01710	0.02450	0.03228	0.02031	0.25683	0.02198	0.02200	0.01455	0.00898	0.00826	0.00267	0.01062	0.00712	0.00614	0.01328
28	0.03232	0.01724	0.02024	0.01581	0.02176	0.01741	0.01296	0.27213	0.02968	0.31313	0.02734	0.02594	0.01851	0.01031	0.00813	0.00250	0.00759	0.00810	0.12545	0.01345
29	0.02039	0.01708	0.01836	0.01639	0.02087	0.01937	0.01276	0.07641	0.49686	0.03649	0.13236	0.03620	0.03406	0.01241	0.00887	0.00283	0.00646	0.01043	0.00876	0.01265
30	0.02022	0.01823	0.03023	0.04506	0.54450	0.01823	0.02285	0.02510	0.01913	0.02844	0.01791	0.02279	0.01483	0.00796	0.00802	0.00244	0.00911	0.00764	0.12473	0.01258
31	0.02298	0.01918	0.02026	0.01768	0.02282	0.02201	0.01391	0.13824	0.53649	0.03852	0.03234	0.02992	0.02411	0.01133	0.00864	0.00283	0.00716	0.00930	0.00864	0.01363
32	0.01911	0.03767	0.49824	0.02232	0.03304	0.01981	0.02693	0.12198	0.02207	0.03190	0.07092	0.02235	0.01744	0.00924	0.00832	0.00267	0.01131	0.00731	0.00489	0.01249
33	0.01736	0.01396	0.01607	0.01185	0.01851	0.01079	0.00941	0.02117	0.01768	0.02838	0.01717	0.01993	0.01410	0.00689	0.00625	0.00138	0.00592	0.00551	0.12542	0.63226
34	0.01846	0.02063	0.04348	0.03145	0.03913	0.01920	0.51804	0.02482	0.01997	0.02657	0.02839	0.03250	0.11521	0.00950	0.01005	0.00287	0.01272	0.01133	0.00489	0.01078
35	0.02027	0.03859	0.42691	0.02961	0.16024	0.12467	0.02792	0.02792	0.01925	0.02613	0.01508	0.01818	0.01136	0.00809	0.00809	0.00258	0.01252	0.00642	0.00385	0.01232
36	0.01100	0.00851	0.00851	0.00851	0.01124	0.00731	0.00638	0.01345	0.01915	0.02440	0.07674	0.07377	0.54353	0.01967	0.00939	0.00273	0.00425	0.01634	0.12782	0.00731
37	0.03007	0.03695	0.02333	0.02118	0.02563	0.56218	0.01596	0.03580	0.12266	0.02322	0.01663	0.01800	0.01339	0.00922	0.00783	0.00230	0.01395	0.00615	0.00508	0.01045
38	0.01716	0.03934	0.55329	0.02237	0.03413	0.01840	0.02798	0.02606	0.01792	0.02708	0.01525	0.01792	0.01108	0.00780	0.00780	0.00246	0.01156	0.00609	0.00383	0.13251
39	0.01043	0.00856	0.00873	0.00873	0.01114	0.00736	0.00625	0.01224	0.01826	0.02194	0.07659	0.07765	0.54501	0.13161	0.01545	0.00374	0.00495	0.01706	0.00746	0.00686
40	0.01631	0.00966	0.01087	0.01027	0.01193	0.01087	0.00800	0.01993	0.01707	0.02991	0.02507	0.02960	0.02009	0.01072	0.00951	0.00226	0.11435	0.00785	0.62757	0.00815
41	0.02070	0.59306	0.03877	0.01360	0.02017	0.02938	0.01325	0.02333	0.01763	0.02050	0.02388	0.02471	0.11354	0.00959	0.00621	0.00199	0.00832	0.00672	0.00433	0.01032
42	0.02298	0.01918	0.02026	0.01768	0.02282	0.02201	0.01391	0.13824	0.53649	0.03852	0.03234	0.02992	0.02411	0.01133	0.00864	0.00283	0.00716	0.00930	0.00864	0.01363
43	0.01740	0.00988	0.01309	0.01161	0.01456	0.00895	0.00895	0.02126	0.02414	0.16100	0.51848	0.05648	0.06817	0.01599	0.00973	0.00267	0.00468	0.01399	0.00961	0.00935
44	0.01845	0.01043	0.01069	0.00976	0.01250	0.01083	0.00755	0.11391	0.02132	0.03516	0.02661	0.02995	0.02066	0.00996	0.00635	0.00207	0.00481	0.00789	0.63212	0.00896
45	0.02009	0.02296	0.05022	0.03587	0.04448	0.02152	0.61693	0.02726	0.02009	0.02726	0.01722	0.02296	0.01291	0.00717	0.01004	0.00287	0.01435	0.01004	0.00430	0.01148
46	0.03235	0.02384	0.02554	0.01958	0.02639	0.02639	0.01618	0.61946	0.04001	0.05363	0.02043	0.02043	0.01447	0.01022	0.00851	0.00255	0.00936	0.00766	0.00851	0.01447
47	0.01006	0.00862	0.00862	0.00862	0.01149	0.00718	0.00647	0.01221	0.01940	0.02299	0.08621	0.08190	0.64438	0.02155	0.01006	0.00287	0.00431	0.01796	0.00790	0.00718
48	0.01006	0.00862	0.00862	0.00862	0.01149	0.00718	0.00647	0.01221	0.01940	0.02299	0.08621	0.08190	0.64438	0.02155	0.01006	0.00287	0.00431	0.01796	0.00790	0.00718
49	0.01216	0.00912	0.01368	0.01368	0.01520	0.01064	0.01064	0.01520	0.01368	0.01976	0.02279	0.03343	0.02127	0.06382	0.66720	0.01368	0.02279	0.00912	0.00456	0.00760
50	0.02275	0.70604	0.04459	0.01456	0.02184	0.03367	0.01456	0.02548	0.01729	0.02002	0.01183	0.01365	0.01092	0.00728	0.00546	0.00182	0.00910	0.00455	0.00364	0.01092
51	0.03818	0.01448	0.01975	0.01514	0.02172	0.01251	0.01251	0.04147	0.02436	0.65373	0.03357	0.02897	0.02107	0.01053	0.00856	0.00263	0.00724	0.00856	0.01053	0.01448
52	0.01216	0.00912	0.01368	0.01368	0.01520	0.01064	0.01064	0.01520	0.01368	0.01976	0.02279	0.03343	0.02127	0.06382	0.66720	0.01368	0.02279	0.00912	0.00456	0.00760
53	0.01058	0.00755	0.01011	0.01209	0.01267	0.00709	0.00826	0.01221	0.01650	0.02196	0.04679	0.65820	0.05583	0.02647	0.01092	0.00348	0.00512	0.05931	0.00790	0.00697
54	0.01523	0.01982	0.15156	0.12495	0.02943	0.01683	0.06498	0.01963	0.01632	0.02295	0.02515	0.24747	0.02645	0.01585	0.01363	0.00322	0.15891	0.01307	0.00516	0.00936
55	0.01792	0.14284	0.56544	0.02281	0.03459	0.02184	0.02892	0.02673	0.01787	0.02592	0.01476	0.01732	0.01080	0.00797	0.00769	0.00256	0.01206	0.00603	0.00360	0.01233
56	0.01238	0.00825	0.00928	0.00928	0.00928	0.00825	0.00516	0.01238	0.01238	0.01650	0.02681	0.05569	0.03094	0.70092	0.04331	0.00825	0.00825	0.01238	0.00516	0.00516
57	0.01892	0.02074	0.04345	0.03347	0.07716	0.01985	0.48400	0.02507	0.01932	0.02637	0.02050	0.10400	0.01813	0.00985	0.01072	0.00295	0.03833	0.01150	0.00471	0.01097
58	0.02053	0.02011	0.03222	0.17948	0.49860	0.04969	0.02516	0.02558	0.01911	0.02624	0.01570	0.02113	0.01293	0.00783	0.00841	0.00258	0.01060	0.00748	0.00413	0.01249
59	0.01160	0.00853	0.01105	0.01215	0.01374	0.00799	0.00930	0.01440	0.01936	0.02561	0.18030	0.29904	0.15169	0.02301	0.01080	0.00332	0.00544	0.17703	0.00820	0.00745
60	0.03184	0.02358	0.02525	0.01948	0.02619	0.02615	0.01605	0.59306	0.06725	0.05280	0.02108	0.02095	0.01500	0.01028	0.00852	0.00257	0.00924	0.00775	0.00852	0.01443
61	0.03007	0.03662	0.02586	0.02674	0.12700	0.53749	0.01800	0.05513	0.02396	0.02321	0.01390	0.01647	0.01150	0.00863	0.00783	0.00226	0.01427	0.00590	0.00451	0.01063
62	0.19872	0.03729	0.49951	0.02107	0.03186	0.01960	0.02602	0.02648	0.01712	0.02969	0.01444	0.01696	0.01040	0.00804	0.00740	0.00268	0.01111	0.00588	0.00400	0.01176
63	0.02228	0.31562	0.16971	0.02461	0.15325	0.02529	0.02030	0.02873	0.06637	0.07435	0.01692	0.01871	0.01339	0.00810	0.00712	0.00230	0.00972	0.00626	0.00468	0.01228
64	0.02339	0.52572	0.07816	0.01594	0.02309	0.08419	0.01557	0.07303	0.01980	0.02332	0.01592	0.01742	0.03738	0.00828	0.00624	0.00201	0.00966	0.00554	0.00426	0.01106
65	0.13716	0.01963	0.03109	0.04580	0.54878	0.02004	0.02347	0.02594	0.01861	0.02943	0.01536	0.01993	0.01281	0.00763	0.00793	0.00254	0.00956	0.00712	0.00438	0.01281

[dist]
# distance from previous block
# <min> <max>
0	1

[block]
# block no. 4 follows, 21 sequences, length 13
# corresponding to MSA columns:
# 201-213
name=unknown_E
#
# <colnr> <probs for GDERKNQSTAVLIFYWHMCP>
#	G	D	E	R	K	N	Q	S	T	A	V	L	I	F	Y	W	H	M	C	P
0	0.10290	0.15753	0.47548	0.02106	0.03187	0.02214	0.02593	0.02647	0.01745	0.02701	0.01428	0.01673	0.01063	0.00792	0.00730	0.00253	0.01128	0.00579	0.00379	0.01190
1	0.02022	0.01903	0.03217	0.04807	0.57598	0.01903	0.02470	0.02515	0.01940	0.02754	0.01932	0.02961	0.01753	0.00940	0.00880	0.00269	0.00985	0.07406	0.00463	0.01284
2	0.22340	0.26139	0.27179	0.01737	0.02614	0.02430	0.01960	0.02592	0.01678	0.02768	0.01316	0.01536	0.01040	0.00776	0.00642	0.00238	0.00975	0.00524	0.00407	0.01109
3	0.02268	0.01959	0.02898	0.24956	0.27458	0.02157	0.02243	0.19591	0.02456	0.03326	0.01699	0.02142	0.01306	0.00865	0.00848	0.00264	0.01030	0.00760	0.00531	0.01244
4	0.01266	0.00896	0.01290	0.01290	0.01448	0.01027	0.01000	0.01582	0.01424	0.02137	0.02347	0.03320	0.02135	0.05654	0.57787	0.01210	0.02025	0.00896	0.10501	0.00764
5	0.13812	0.03600	0.02251	0.02021	0.02488	0.53221	0.01537	0.06938	0.02371	0.02541	0.01342	0.01544	0.01093	0.00873	0.00738	0.00228	0.01369	0.00549	0.00477	0.01006
6	0.07922	0.22528	0.15065	0.01805	0.02482	0.14706	0.01745	0.09420	0.02064	0.02673	0.01522	0.01828	0.01258	0.01574	0.09612	0.00381	0.01266	0.00604	0.00458	0.01087
7	0.02558	0.26710	0.03454	0.02776	0.20411	0.17042	0.01854	0.10781	0.02249	0.02699	0.01449	0.01709	0.01215	0.00810	0.00722	0.00221	0.01082	0.00605	0.00463	0.01190
8	0.02476	0.02033	0.02723	0.03561	0.35054	0.10454	0.02036	0.02892	0.02101	0.14796	0.02326	0.03275	0.01979	0.01064	0.00883	0.00271	0.00993	0.09246	0.00599	0.01236
9	0.02063	0.02909	0.21141	0.13164	0.30166	0.10724	0.02599	0.02678	0.01927	0.02573	0.01528	0.01963	0.01205	0.00802	0.00824	0.00258	0.01171	0.00692	0.00399	0.01214
10	0.02445	0.37496	0.15521	0.01868	0.02608	0.22571	0.01836	0.02838	0.01952	0.02159	0.01290	0.01500	0.01091	0.00789	0.00664	0.00210	0.01169	0.00517	0.00386	0.01091
11	0.02117	0.25518	0.26255	0.01910	0.02718	0.14676	0.02040	0.02658	0.01962	0.02434	0.08536	0.02126	0.01879	0.00902	0.00737	0.00231	0.01100	0.00661	0.00442	0.01100
12	0.01907	0.27739	0.44101	0.02084	0.03155	0.02467	0.02549	0.02643	0.01773	0.02451	0.01406	0.01645	0.01083	0.00780	0.00716	0.00239	0.01135	0.00568	0.00361	0.01199

[dist]
# distance from previous block
# <min> <max>
7	25

[block]
# block no. 5 follows, 21 sequences, length 29
# corresponding to MSA columns:
# 239-267
name=unknown_F
#
# <colnr> <probs for GDERKNQSTAVLIFYWHMCP>
#	G	D	E	R	K	N	Q	S	T	A	V	L	I	F	Y	W	H	M	C	P
0	0.02738	0.01925	0.02103	0.01678	0.02201	0.02078	0.01335	0.42882	0.03255	0.08160	0.02692	0.06624	0.05098	0.11607	0.01398	0.00348	0.00857	0.00985	0.00807	0.01229
1	0.02529	0.52400	0.03939	0.01605	0.02306	0.07068	0.01501	0.14925	0.02242	0.02704	0.01370	0.01516	0.01166	0.00798	0.00623	0.00200	0.00954	0.00525	0.00470	0.01159
2	0.05411	0.02169	0.18003	0.04773	0.02401	0.01605	0.01635	0.14522	0.02381	0.05541	0.20774	0.03665	0.03499	0.08480	0.01240	0.00325	0.00834	0.01003	0.00685	0.01057
3	0.34097	0.05377	0.05283	0.01474	0.02012	0.01999	0.01277	0.17500	0.02117	0.03676	0.01650	0.01980	0.01323	0.02007	0.14361	0.00487	0.01111	0.00641	0.00577	0.01049
4	0.03235	0.02384	0.02554	0.01958	0.02639	0.02639	0.01618	0.61946	0.04001	0.05363	0.02043	0.02043	0.01447	0.01022	0.00851	0.00255	0.00936	0.00766	0.00851	0.01447
5	0.43538	0.01790	0.01666	0.04481	0.02125	0.02064	0.01194	0.11343	0.17608	0.03893	0.01903	0.01974	0.01433	0.00918	0.00674	0.00270	0.00723	0.00645	0.00652	0.01105
6	0.10816	0.03227	0.08626	0.02046	0.02596	0.31900	0.01728	0.17510	0.02540	0.03135	0.01484	0.01698	0.01164	0.00950	0.00943	0.00251	0.07119	0.00617	0.00536	0.01115
7	0.01307	0.00977	0.01503	0.01416	0.01609	0.01018	0.06628	0.01610	0.01553	0.02270	0.02925	0.19713	0.02976	0.07544	0.30223	0.00795	0.01376	0.01292	0.12495	0.00772
8	0.03235	0.02384	0.02554	0.01958	0.02639	0.02639	0.01618	0.61946	0.04001	0.05363	0.02043	0.02043	0.01447	0.01022	0.00851	0.00255	0.00936	0.00766	0.00851	0.01447
9	0.02325	0.66966	0.04347	0.01496	0.02209	0.06829	0.01466	0.02595	0.01766	0.02007	0.01190	0.01374	0.01092	0.00736	0.00558	0.00184	0.00944	0.00460	0.00368	0.01086
10	0.02380	0.62917	0.04223	0.01541	0.02236	0.10680	0.01478	0.02646	0.01808	0.02011	0.01198	0.01385	0.01093	0.00745	0.00572	0.00186	0.00982	0.00466	0.00373	0.01080
11	0.02755	0.34045	0.09284	0.01657	0.02373	0.09268	0.01574	0.03205	0.04846	0.20467	0.01964	0.01951	0.01454	0.00865	0.00699	0.00223	0.00945	0.00621	0.00594	0.01212
12	0.01995	0.02656	0.19503	0.04354	0.43462	0.02023	0.08339	0.02644	0.01908	0.02753	0.01593	0.02045	0.01274	0.00767	0.00849	0.00260	0.01114	0.00748	0.00406	0.01306
13	0.01214	0.00979	0.01036	0.01026	0.01258	0.00935	0.00729	0.01684	0.10345	0.02325	0.06281	0.12289	0.37473	0.16640	0.01707	0.00408	0.00555	0.01614	0.00742	0.00761
14	0.13549	0.02486	0.18215	0.05827	0.02744	0.07758	0.01781	0.03251	0.02050	0.27611	0.02181	0.02175	0.01476	0.00904	0.00777	0.00256	0.00948	0.00689	0.00674	0.04650
15	0.36373	0.01744	0.01612	0.01448	0.01950	0.02021	0.01150	0.03587	0.34633	0.03679	0.02409	0.02345	0.01822	0.00986	0.00709	0.00277	0.00666	0.00730	0.00709	0.01150
16	0.01831	0.01016	0.01294	0.01141	0.01476	0.00900	0.00885	0.02175	0.02318	0.19013	0.37194	0.05853	0.18221	0.01651	0.00966	0.00271	0.00490	0.01418	0.00936	0.00950
17	0.01029	0.00772	0.00955	0.01102	0.01213	0.00698	0.00753	0.01194	0.01709	0.02205	0.05695	0.53862	0.20655	0.02536	0.01066	0.00331	0.00478	0.02260	0.00790	0.00698
18	0.01238	0.00825	0.00928	0.00928	0.00928	0.00825	0.00516	0.01238	0.01238	0.01650	0.02681	0.05569	0.03094	0.70092	0.04331	0.00825	0.00825	0.01238	0.00516	0.00516
19	0.02719	0.02008	0.02251	0.01807	0.02353	0.02237	0.01476	0.46506	0.03328	0.04498	0.02104	0.02375	0.01621	0.02391	0.17682	0.00540	0.01280	0.00803	0.00750	0.01272
20	0.03235	0.02384	0.02554	0.01958	0.02639	0.02639	0.01618	0.61946	0.04001	0.05363	0.02043	0.02043	0.01447	0.01022	0.00851	0.00255	0.00936	0.00766	0.00851	0.01447
21	0.08621	0.10524	0.08691	0.01693	0.02369	0.02129	0.01534	0.25989	0.02817	0.16525	0.08681	0.02513	0.02156	0.01029	0.00801	0.00251	0.00844	0.00790	0.00767	0.01275
22	0.05955	0.02110	0.02250	0.01739	0.02376	0.02275	0.01427	0.47466	0.03448	0.04817	0.02021	0.02093	0.01475	0.00968	0.00790	0.00237	0.00841	0.00728	0.07801	0.09183
23	0.02845	0.02899	0.18684	0.02077	0.02906	0.02470	0.02008	0.46807	0.03438	0.04682	0.01911	0.01980	0.01353	0.00967	0.00840	0.00259	0.01019	0.00731	0.00726	0.01399
24	0.02893	0.02054	0.02189	0.01716	0.02297	0.02256	0.01405	0.49504	0.03541	0.04909	0.02195	0.02278	0.01600	0.01015	0.00798	0.00244	0.00824	0.00772	0.16199	0.01312
25	0.02431	0.22007	0.25052	0.02024	0.02877	0.13547	0.02110	0.15069	0.02341	0.02955	0.01504	0.01685	0.01162	0.00842	0.00739	0.00234	0.01143	0.00596	0.00476	0.01205
26	0.02747	0.09293	0.13211	0.02492	0.09351	0.43937	0.01981	0.03129	0.02204	0.02252	0.01370	0.01625	0.01120	0.00841	0.00764	0.00228	0.01383	0.00576	0.00417	0.01078
27	0.12409	0.12786	0.05111	0.06407	0.11731	0.21053	0.01770	0.10449	0.02192	0.02856	0.01424	0.01711	0.01157	0.00874	0.00841	0.00243	0.04787	0.00608	0.00480	0.01111
28	0.03003	0.02268	0.02423	0.01911	0.02551	0.02531	0.01561	0.50031	0.16294	0.04989	0.02338	0.02278	0.01686	0.01049	0.00854	0.00262	0.00882	0.00807	0.00854	0.01426

[dist]
# distance from previous block
# <min> <max>
0	1

[block]
# block no. 6 follows, 21 sequences, length 7
# corresponding to MSA columns:
# 269-275
name=unknown_G
#
# <colnr> <probs for GDERKNQSTAVLIFYWHMCP>
#	G	D	E	R	K	N	Q	S	T	A	V	L	I	F	Y	W	H	M	C	P
0	0.01890	0.01196	0.04602	0.01235	0.01551	0.00993	0.00988	0.02134	0.01848	0.18101	0.07514	0.05717	0.13541	0.24888	0.02110	0.00476	0.00727	0.08867	0.00748	0.00875
1	0.01158	0.00845	0.00987	0.00987	0.01164	0.00785	0.00702	0.01399	0.01868	0.02518	0.21557	0.11967	0.24641	0.14255	0.05794	0.00445	0.00614	0.01554	0.06048	0.00711
2	0.03235	0.02384	0.02554	0.01958	0.02639	0.02639	0.01618	0.61946	0.04001	0.05363	0.02043	0.02043	0.01447	0.01022	0.00851	0.00255	0.00936	0.00766	0.00851	0.01447
3	0.02178	0.24184	0.34418	0.02087	0.03019	0.15591	0.02332	0.02794	0.01902	0.02362	0.01381	0.01614	0.01086	0.00798	0.00721	0.00233	0.01210	0.00560	0.00377	0.01153
4	0.06396	0.27235	0.23897	0.02217	0.08242	0.13874	0.02114	0.02749	0.01874	0.02414	0.01356	0.01603	0.01101	0.00787	0.00696	0.00228	0.01129	0.00555	0.00390	0.01141
5	0.15407	0.34717	0.10383	0.01635	0.02303	0.14200	0.01566	0.02650	0.01789	0.02417	0.01311	0.01564	0.01121	0.01105	0.04478	0.00282	0.01098	0.00519	0.00411	0.01043
6	0.02292	0.28855	0.16725	0.01851	0.02598	0.11351	0.01830	0.06283	0.15214	0.02677	0.01812	0.01907	0.01433	0.00873	0.00718	0.00233	0.01020	0.00631	0.00507	0.01187

[dist]
# distance from previous block
# <min> <max>
14	31

[block]
# block no. 7 follows, 21 sequences, length 8
# corresponding to MSA columns:
# 307-314
name=unknown_H
#
# <colnr> <probs for GDERKNQSTAVLIFYWHMCP>
#	G	D	E	R	K	N	Q	S	T	A	V	L	I	F	Y	W	H	M	C	P
0	0.09478	0.12735	0.01876	0.01356	0.01645	0.01543	0.01115	0.01799	0.01437	0.02179	0.01977	0.02798	0.01823	0.04826	0.48423	0.01049	0.01874	0.00786	0.00448	0.00833
1	0.10955	0.13540	0.48979	0.02126	0.03218	0.02167	0.02629	0.02650	0.01744	0.02734	0.01436	0.01684	0.01061	0.00795	0.00736	0.00256	0.01134	0.00583	0.00381	0.01193
2	0.05857	0.22438	0.11272	0.01876	0.02442	0.05624	0.09474	0.02258	0.01726	0.02328	0.02092	0.15774	0.02108	0.01539	0.04901	0.00332	0.05479	0.01008	0.00479	0.00993
3	0.01695	0.10388	0.13850	0.01845	0.05907	0.01720	0.01590	0.05940	0.10774	0.02652	0.02795	0.21115	0.02763	0.02188	0.10454	0.00441	0.01031	0.01213	0.00602	0.01037
4	0.06353	0.33517	0.05711	0.01554	0.02160	0.10375	0.01409	0.02889	0.07965	0.08753	0.09611	0.02363	0.02205	0.00955	0.00703	0.00224	0.00883	0.00700	0.00571	0.01101
5	0.02152	0.11145	0.36588	0.02622	0.11659	0.08348	0.02554	0.10035	0.02138	0.02901	0.01543	0.01797	0.01164	0.00825	0.00785	0.00251	0.01172	0.00637	0.00436	0.01249
6	0.01912	0.23202	0.16045	0.08658	0.03167	0.05381	0.12673	0.02440	0.01762	0.02288	0.01573	0.02051	0.01304	0.01716	0.11886	0.00430	0.01358	0.00700	0.00396	0.01060
7	0.09527	0.24866	0.28668	0.01949	0.02821	0.14055	0.02123	0.02756	0.01852	0.02478	0.01347	0.01573	0.01070	0.00794	0.00691	0.00232	0.01139	0.00543	0.00392	0.01124

[dist]
