[name]
unknown

[dist]
# distance from previous block
# <min> <max>
0	0

[block]
# block no. 0 follows, 22 sequences, length 9
# corresponding to MSA columns:
# 0-8
name=unknown_A
#
# <colnr> <probs for GDERKNQSTAVLIFYWHMCP>
#	G	D	E	R	K	N	Q	S	T	A	V	L	I	F	Y	W	H	M	C	P
0	0.01339	0.00956	0.01339	0.01530	0.01721	0.00956	0.01339	0.01721	0.01912	0.02486	0.04399	0.09371	0.04781	0.02295	0.01147	0.00382	0.00765	0.60031	0.00765	0.00765
1	0.01012	0.00723	0.00964	0.01157	0.01205	0.00675	0.00771	0.01157	0.01591	0.02121	0.04579	0.70262	0.05495	0.02603	0.01060	0.00337	0.00482	0.02362	0.00771	0.00675
2	0.01818	0.01818	0.02545	0.02181	0.02181	0.02545	0.01818	0.01999	0.01272	0.01999	0.01091	0.01818	0.01091	0.01454	0.02726	0.00364	0.69284	0.00727	0.00364	0.00909
3	0.01012	0.00723	0.00964	0.01157	0.01205	0.00675	0.00771	0.01157	0.01591	0.02121	0.04579	0.70262	0.05495	0.02603	0.01060	0.00337	0.00482	0.02362	0.00771	0.00675
4	0.02494	0.02972	0.03165	0.02791	0.08920	0.33475	0.18130	0.02860	0.02034	0.02261	0.01386	0.01801	0.01148	0.00898	0.01130	0.00258	0.12126	0.00704	0.00414	0.01030
5	0.02717	0.02510	0.02458	0.19957	0.03420	0.18735	0.01781	0.31517	0.02911	0.03591	0.01676	0.01929	0.01244	0.00917	0.00810	0.00248	0.01113	0.00692	0.00605	0.01168
6	0.02750	0.02032	0.02193	0.01747	0.02292	0.02237	0.01402	0.49004	0.07011	0.04558	0.02328	0.07492	0.01935	0.07697	0.01169	0.00310	0.00857	0.00923	0.00797	0.01266
7	0.01688	0.01046	0.01071	0.01021	0.01288	0.01122	0.00778	0.02602	0.18516	0.03199	0.02891	0.03098	0.02239	0.01011	0.00652	0.00217	0.00460	0.00819	0.55364	0.00920
8	0.01012	0.00843	0.00884	0.00874	0.01141	0.00714	0.00655	0.01252	0.01966	0.02416	0.17379	0.07712	0.56215	0.02040	0.00982	0.00277	0.00416	0.01714	0.00794	0.00714

[dist]
# distance from previous block
# <min> <max>
0	1

[block]
# block no. 1 follows, 22 sequences, length 60
# corresponding to MSA columns:
# 10-69
name=unknown_B
#
# <colnr> <probs for GDERKNQSTAVLIFYWHMCP>
#	G	D	E	R	K	N	Q	S	T	A	V	L	I	F	Y	W	H	M	C	P
0	0.02787	0.02079	0.02262	0.01758	0.02380	0.02221	0.01432	0.49604	0.03422	0.04638	0.02143	0.07706	0.01732	0.01082	0.00822	0.00240	0.00838	0.00850	0.00781	0.11222
1	0.02273	0.67374	0.04237	0.01463	0.02158	0.07033	0.01432	0.02536	0.01727	0.01959	0.01162	0.01342	0.01066	0.00719	0.00546	0.00180	0.00924	0.00450	0.00360	0.01060
2	0.01031	0.00834	0.00856	0.00856	0.01075	0.00724	0.00603	0.01196	0.01745	0.02107	0.07159	0.07440	0.51790	0.16994	0.01685	0.00394	0.00504	0.01635	0.00713	0.00658
3	0.01666	0.04297	0.66500	0.02368	0.03596	0.01929	0.03069	0.02631	0.01754	0.02631	0.01491	0.01754	0.01052	0.00789	0.00789	0.00263	0.01228	0.00614	0.00351	0.01228
4	0.02668	0.03233	0.02419	0.02154	0.02437	0.45465	0.01677	0.02871	0.01988	0.02022	0.01218	0.01606	0.01077	0.01059	0.01419	0.00265	0.24472	0.00600	0.00406	0.00945
5	0.00982	0.00842	0.00842	0.00842	0.01122	0.00701	0.00631	0.01192	0.01894	0.02244	0.08416	0.07995	0.65285	0.02104	0.00982	0.00281	0.00421	0.01753	0.00771	0.00701
6	0.01751	0.03794	0.52818	0.02960	0.17039	0.01939	0.02957	0.02613	0.01784	0.02649	0.01506	0.01819	0.01109	0.00779	0.00796	0.00260	0.01176	0.00641	0.00364	0.01247
7	0.05181	0.13646	0.02555	0.16333	0.02924	0.06590	0.06338	0.08037	0.01854	0.02451	0.01795	0.05070	0.01580	0.02376	0.19154	0.00546	0.01363	0.00790	0.00464	0.00953
8	0.01600	0.00942	0.01118	0.01058	0.01364	0.00813	0.00797	0.01827	0.01953	0.16321	0.08713	0.20284	0.36139	0.01959	0.00967	0.00287	0.00496	0.01673	0.00834	0.00855
9	0.01012	0.00723	0.00964	0.01157	0.01205	0.00675	0.00771	0.01157	0.01591	0.02121	0.04579	0.70262	0.05495	0.02603	0.01060	0.00337	0.00482	0.02362	0.00771	0.00675
10	0.02034	0.01951	0.03332	0.07983	0.62911	0.01968	0.02539	0.02530	0.01881	0.02687	0.01559	0.02063	0.01306	0.00744	0.00823	0.00248	0.00992	0.00740	0.00409	0.01298
11	0.02281	0.02071	0.02798	0.22346	0.29814	0.10225	0.02168	0.08078	0.02104	0.07719	0.01678	0.02086	0.01293	0.00827	0.00817	0.00252	0.01057	0.00722	0.00488	0.01175
12	0.02056	0.01974	0.03372	0.05099	0.65622	0.01974	0.02550	0.02550	0.01892	0.02714	0.01563	0.02056	0.01316	0.00740	0.00822	0.00247	0.00987	0.00740	0.00411	0.01316
13	0.02221	0.71304	0.04353	0.01421	0.02132	0.03287	0.01421	0.02488	0.01688	0.01955	0.01155	0.01333	0.01066	0.00711	0.00533	0.00178	0.00888	0.00444	0.00355	0.01066
14	0.01187	0.00890	0.01335	0.01335	0.01483	0.01038	0.01038	0.01483	0.01335	0.01928	0.02225	0.03264	0.02077	0.06231	0.67512	0.01335	0.02225	0.00890	0.00445	0.00742
15	0.02204	0.08348	0.19133	0.02034	0.02612	0.13923	0.01957	0.12597	0.02072	0.02702	0.01497	0.01876	0.01225	0.01505	0.07700	0.00372	0.16045	0.00660	0.00458	0.01082
16	0.76672	0.01607	0.01221	0.01092	0.01607	0.01864	0.00900	0.02442	0.01414	0.03727	0.01157	0.01350	0.00900	0.00771	0.00514	0.00257	0.00643	0.00450	0.00514	0.00900
17	0.01016	0.00843	0.00889	0.00878	0.01143	0.00716	0.00658	0.01259	0.01975	0.02437	0.18459	0.07678	0.55122	0.02032	0.00981	0.00277	0.00416	0.01709	0.00797	0.00716
18	0.02000	0.02110	0.07817	0.08623	0.57708	0.01963	0.02572	0.02530	0.01868	0.02674	0.01552	0.02044	0.01285	0.00749	0.00821	0.00250	0.01011	0.00731	0.00404	0.01287
19	0.01941	0.02574	0.22191	0.01903	0.02611	0.02023	0.01866	0.03854	0.44518	0.03210	0.02787	0.02677	0.02070	0.01021	0.00828	0.00276	0.00837	0.00837	0.00690	0.01288
20	0.03120	0.03470	0.02396	0.02072	0.02571	0.48030	0.01597	0.21151	0.02819	0.02992	0.01497	0.01647	0.01173	0.00898	0.00774	0.00225	0.01323	0.00599	0.00549	0.01098
21	0.02221	0.01603	0.02739	0.37421	0.09475	0.01728	0.10099	0.02729	0.01906	0.18879	0.01978	0.02365	0.01391	0.00857	0.00851	0.00270	0.01033	0.00796	0.00551	0.01109
22	0.01880	0.30062	0.42604	0.02004	0.03033	0.02451	0.02436	0.02576	0.01729	0.02371	0.01362	0.01592	0.01058	0.00759	0.00691	0.00230	0.01097	0.00549	0.00353	0.01166
23	0.00982	0.00842	0.00842	0.00842	0.01122	0.00701	0.00631	0.01192	0.01894	0.02244	0.08416	0.07995	0.65285	0.02104	0.00982	0.00281	0.00421	0.01753	0.00771	0.00701
24	0.02028	0.01945	0.03321	0.08817	0.62126	0.01966	0.02535	0.02525	0.01878	0.02680	0.01558	0.02065	0.01304	0.00745	0.00823	0.00248	0.00994	0.00740	0.00409	0.01293
25	0.05403	0.02112	0.02830	0.03700	0.39619	0.07202	0.02058	0.15661	0.02348	0.03219	0.02106	0.02392	0.05857	0.00904	0.00817	0.00248	0.00957	0.00786	0.00534	0.01248
26	0.01097	0.00833	0.00930	0.00913	0.01091	0.00753	0.00634	0.01294	0.01815	0.02344	0.21486	0.06794	0.32439	0.21782	0.01916	0.00427	0.00524	0.01531	0.00731	0.00666
27	0.01208	0.00805	0.00906	0.00906	0.00906	0.00805	0.00503	0.01208	0.01208	0.01611	0.02618	0.05436	0.03020	0.70804	0.04228	0.00805	0.00805	0.01208	0.00503	0.00503
28	0.01774	0.03657	0.49107	0.03120	0.20686	0.01942	0.02926	0.02608	0.01792	0.02654	0.01511	0.01837	0.01125	0.00776	0.00798	0.00259	0.01161	0.00649	0.00367	0.01252
29	0.02583	0.43683	0.03533	0.01716	0.02311	0.29611	0.01497	0.02828	0.01961	0.01987	0.01208	0.01401	0.01068	0.00770	0.00622	0.00193	0.01138	0.00481	0.00385	0.01024
30	0.01003	0.00760	0.00925	0.01058	0.01179	0.00683	0.00727	0.01168	0.01686	0.02160	0.05785	0.50690	0.24288	0.02446	0.01036	0.00320	0.00463	0.02170	0.00771	0.00683
31	0.39987	0.01966	0.01856	0.01501	0.02090	0.02219	0.01239	0.32588	0.02657	0.04480	0.01575	0.01671	0.01156	0.00884	0.00672	0.00253	0.00778	0.00599	0.00672	0.01156
32	0.01988	0.02181	0.18517	0.01727	0.02307	0.01625	0.01654	0.20166	0.02351	0.06752	0.02764	0.23527	0.02685	0.01822	0.05642	0.00358	0.00942	0.01235	0.00671	0.01085
33	0.03641	0.01433	0.01925	0.01489	0.02123	0.01265	0.01226	0.04068	0.05574	0.62951	0.03283	0.02842	0.02081	0.01033	0.00836	0.00258	0.00704	0.00841	0.01019	0.01409
34	0.01206	0.00815	0.00952	0.00952	0.00968	0.00831	0.00561	0.01238	0.01222	0.01645	0.02575	0.05202	0.02919	0.63846	0.11048	0.00862	0.00958	0.01174	0.00497	0.00529
35	0.01940	0.01855	0.03162	0.20326	0.51306	0.01943	0.02492	0.02447	0.01837	0.02573	0.01542	0.02094	0.01266	0.00762	0.00824	0.00254	0.01016	0.00740	0.00401	0.01222
36	0.02010	0.16953	0.02406	0.01873	0.08978	0.11338	0.01353	0.05422	0.15618	0.02602	0.03495	0.06474	0.15733	0.01231	0.00801	0.00246	0.00816	0.00987	0.00611	0.01051
37	0.01208	0.00805	0.00906	0.00906	0.00906	0.00805	0.00503	0.01208	0.01208	0.01611	0.02618	0.05436	0.03020	0.70804	0.04228	0.00805	0.00805	0.01208	0.00503	0.00503
38	0.31425	0.02050	0.02004	0.01597	0.02203	0.02302	0.01318	0.39624	0.02948	0.04656	0.01672	0.01747	0.01215	0.00910	0.00709	0.00252	0.00810	0.00633	0.00709	0.01215
39	0.02342	0.21320	0.20475	0.01959	0.02661	0.28015	0.01921	0.02782	0.01943	0.02170	0.01375	0.01651	0.01136	0.01183	0.05460	0.00298	0.01317	0.00558	0.00389	0.01047
40	0.03158	0.02327	0.02493	0.01911	0.02576	0.02576	0.01579	0.62852	0.03906	0.05236	0.01995	0.01995	0.01413	0.00997	0.00831	0.00249	0.00914	0.00748	0.00831	0.01413
41	0.01012	0.00723	0.00964	0.01157	0.01205	0.00675	0.00771	0.01157	0.01591	0.02121	0.04579	0.70262	0.05495	0.02603	0.01060	0.00337	0.00482	0.02362	0.00771	0.00675
42	0.02021	0.01938	0.03309	0.09637	0.61355	0.01965	0.02532	0.02519	0.01875	0.02672	0.01556	0.02067	0.01301	0.00747	0.00823	0.00249	0.00996	0.00740	0.00408	0.01288
43	0.02076	0.02062	0.03135	0.10675	0.41877	0.06649	0.07055	0.02818	0.10155	0.02703	0.01785	0.02185	0.01435	0.00806	0.00834	0.00255	0.01024	0.00771	0.00466	0.01236
44	0.00982	0.00842	0.00842	0.00842	0.01122	0.00701	0.00631	0.01192	0.01894	0.02244	0.08416	0.07995	0.65285	0.02104	0.00982	0.00281	0.00421	0.01753	0.00771	0.00701
45	0.01768	0.01744	0.02449	0.02114	0.02126	0.02425	0.01756	0.01958	0.01277	0.01994	0.01180	0.01932	0.01169	0.01833	0.07862	0.00441	0.63968	0.00740	0.00370	0.00896
46	0.02945	0.03071	0.02573	0.02562	0.13215	0.34419	0.01756	0.23365	0.02802	0.03233	0.01572	0.01761	0.01228	0.00884	0.00789	0.00232	0.01214	0.00642	0.00562	0.01175
47	0.02298	0.49857	0.12841	0.01683	0.02418	0.14449	0.01688	0.02655	0.01815	0.02065	0.01226	0.01422	0.01065	0.00748	0.00608	0.00196	0.01045	0.00484	0.00368	0.01071
48	0.62968	0.01669	0.01414	0.01211	0.01752	0.01889	0.00998	0.09079	0.01759	0.08842	0.01415	0.01536	0.01047	0.00816	0.00574	0.00256	0.00677	0.00513	0.00589	0.00996
49	0.02912	0.03798	0.08674	0.02303	0.05940	0.54050	0.01796	0.06538	0.02358	0.02306	0.01358	0.01580	0.01100	0.00851	0.00761	0.00222	0.01413	0.00565	0.00442	0.01032
50	0.02756	0.02366	0.02035	0.01780	0.02276	0.21851	0.01382	0.03997	0.31406	0.17105	0.02717	0.02549	0.01981	0.01022	0.00814	0.00256	0.00925	0.00793	0.00759	0.01230
51	0.00990	0.00808	0.00876	0.00931	0.01146	0.00694	0.00671	0.01182	0.01807	0.02209	0.07324	0.25717	0.48268	0.02246	0.01004	0.00297	0.00438	0.01926	0.00771	0.00694
52	0.01000	0.00831	0.00875	0.00888	0.01140	0.00705	0.00657	0.01219	0.01900	0.02318	0.12541	0.13929	0.54897	0.02120	0.00989	0.00285	0.00424	0.01793	0.00783	0.00705
53	0.02927	0.01823	0.02032	0.01608	0.02173	0.01936	0.01312	0.35071	0.07980	0.18140	0.02507	0.02450	0.01764	0.01009	0.00791	0.00244	0.00760	0.00787	0.13389	0.01298
54	0.02894	0.03393	0.02231	0.01997	0.02424	0.51363	0.01512	0.11284	0.02525	0.02545	0.04880	0.05653	0.01716	0.01017	0.00790	0.00228	0.01304	0.00717	0.00528	0.00999
55	0.01013	0.00840	0.00867	0.00862	0.01116	0.00715	0.00634	0.01223	0.01881	0.02285	0.12503	0.07671	0.56296	0.06965	0.01213	0.00316	0.00446	0.01695	0.00764	0.00694
56	0.01982	0.01965	0.03412	0.06877	0.43630	0.02085	0.10939	0.02454	0.01786	0.02560	0.01495	0.02047	0.01261	0.00861	0.01173	0.00273	0.12823	0.00772	0.00403	0.01203
57	0.01965	0.02515	0.18065	0.04463	0.51186	0.01963	0.02671	0.02568	0.01860	0.02695	0.01546	0.01986	0.01255	0.00752	0.00815	0.00251	0.01043	0.00711	0.00397	0.01295
58	0.02188	0.06169	0.07535	0.20322	0.20310	0.19871	0.06968	0.02659	0.01943	0.02325	0.01447	0.01901	0.01159	0.00794	0.00800	0.00246	0.01202	0.00678	0.00398	0.01083
59	0.02299	0.06144	0.02797	0.02846	0.19126	0.12507	0.01900	0.10845	0.04953	0.02706	0.01482	0.01889	0.01258	0.01052	0.01442	0.00279	0.24182	0.00698	0.00473	0.01122

[dist]
# distance from previous block
# <min> <max>
2	8

[block]
# block no. 2 follows, 22 sequences, length 65
# corresponding to MSA columns:
# 78-142
name=unknown_C
#
# <colnr> <probs for GDERKNQSTAVLIFYWHMCP>
#	G	D	E	R	K	N	Q	S	T	A	V	L	I	F	Y	W	H	M	C	P
0	0.27298	0.21585	0.02743	0.06690	0.14568	0.10153	0.01547	0.02559	0.01713	0.02719	0.01272	0.01558	0.01062	0.00762	0.00629	0.00229	0.00913	0.00534	0.00429	0.01036
1	0.02094	0.07618	0.07931	0.02482	0.16001	0.18596	0.01721	0.02432	0.01868	0.04757	0.02123	0.15161	0.02089	0.01561	0.05473	0.00334	0.05264	0.00982	0.00500	0.01014
2	0.02285	0.15115	0.02275	0.01462	0.01913	0.02003	0.01184	0.26250	0.02540	0.06288	0.06512	0.07967	0.02463	0.16339	0.01542	0.00364	0.00808	0.00964	0.00678	0.01050
3	0.08497	0.19055	0.44309	0.02025	0.03051	0.02253	0.02450	0.04865	0.01791	0.02675	0.01405	0.01632	0.01056	0.00778	0.00709	0.00243	0.01088	0.00566	0.00384	0.01169
4	0.02296	0.02651	0.02676	0.19800	0.03476	0.29078	0.07621	0.02638	0.01886	0.02108	0.01328	0.01830	0.01103	0.00972	0.01248	0.00271	0.16992	0.00675	0.00397	0.00955
5	0.01181	0.00889	0.01100	0.01082	0.01281	0.00840	0.00797	0.01637	0.06351	0.02978	0.42482	0.17826	0.14676	0.01877	0.00986	0.00279	0.00430	0.01653	0.00865	0.00789
6	0.01187	0.00890	0.01335	0.01335	0.01483	0.01038	0.01038	0.01483	0.01335	0.01928	0.02225	0.03264	0.02077	0.06231	0.67512	0.01335	0.02225	0.00890	0.00445	0.00742
7	0.01146	0.00779	0.00924	0.00986	0.01001	0.00764	0.00589	0.01192	0.01330	0.01773	0.03242	0.26075	0.03808	0.49091	0.03220	0.00656	0.00702	0.01575	0.00589	0.00558
8	0.02722	0.01464	0.01802	0.01446	0.01945	0.01430	0.01168	0.18634	0.02770	0.29118	0.23714	0.03743	0.03828	0.01245	0.00883	0.00256	0.00656	0.01036	0.00938	0.01202
9	0.02331	0.45183	0.03821	0.02331	0.16055	0.10683	0.01696	0.05142	0.01906	0.02268	0.01295	0.01538	0.01136	0.00747	0.00635	0.00200	0.00984	0.00532	0.00396	0.01123
10	0.01524	0.00777	0.00784	0.00784	0.00963	0.00777	0.00575	0.01882	0.01703	0.02988	0.02703	0.03269	0.02195	0.06108	0.00849	0.00239	0.00418	0.00806	0.69902	0.00754
11	0.01208	0.00805	0.00906	0.00906	0.00906	0.00805	0.00503	0.01208	0.01208	0.01611	0.02618	0.05436	0.03020	0.70804	0.04228	0.00805	0.00805	0.01208	0.00503	0.00503
12	0.01452	0.01063	0.01278	0.01237	0.01484	0.01074	0.00919	0.02228	0.16713	0.05919	0.28938	0.22201	0.08620	0.01790	0.00963	0.00287	0.00494	0.01576	0.00859	0.00906
13	0.03103	0.03959	0.02354	0.02140	0.02568	0.67469	0.01605	0.03317	0.02354	0.02033	0.01284	0.01498	0.01070	0.00856	0.00749	0.00214	0.01498	0.00535	0.00428	0.00963
14	0.01157	0.00848	0.01085	0.01026	0.01230	0.00776	0.00769	0.01532	0.02308	0.03228	0.59802	0.06375	0.13285	0.01737	0.00980	0.00263	0.00395	0.01526	0.00901	0.00776
15	0.01061	0.00845	0.00951	0.00925	0.01171	0.00735	0.00693	0.01345	0.02080	0.02688	0.31565	0.07265	0.41859	0.01939	0.00981	0.00273	0.00409	0.01651	0.00830	0.00735
16	0.02778	0.02115	0.02265	0.01821	0.02407	0.02360	0.01474	0.44812	0.19631	0.04638	0.02471	0.05252	0.01885	0.01101	0.00845	0.00262	0.00828	0.00868	0.00832	0.01355
17	0.01054	0.00771	0.00991	0.01092	0.01206	0.00708	0.00760	0.01275	0.01835	0.02471	0.21854	0.45708	0.12612	0.02297	0.01029	0.00310	0.00450	0.02057	0.00811	0.00708
18	0.01033	0.00844	0.00912	0.00895	0.01153	0.00723	0.00671	0.01291	0.02014	0.02530	0.23336	0.07525	0.50187	0.01997	0.00981	0.00275	0.00413	0.01687	0.00809	0.00723
19	0.02003	0.01990	0.03514	0.09693	0.31926	0.02112	0.17647	0.05262	0.01886	0.02654	0.01532	0.02077	0.01253	0.00861	0.01161	0.00276	0.11759	0.00799	0.00422	0.01173
20	0.02298	0.02688	0.02151	0.02127	0.07767	0.34502	0.01518	0.02530	0.02003	0.02133	0.02827	0.03027	0.15105	0.01234	0.01190	0.00260	0.14368	0.00856	0.00489	0.00927
21	0.01113	0.00806	0.01055	0.01187	0.01289	0.00783	0.00862	0.01308	0.01611	0.02123	0.04441	0.38190	0.10392	0.11031	0.07978	0.00495	0.00741	0.13208	0.00706	0.00681
22	0.01617	0.01204	0.01588	0.01461	0.01722	0.01374	0.01156	0.14872	0.01896	0.02650	0.02175	0.02987	0.01932	0.05089	0.52965	0.01098	0.01939	0.00859	0.00529	0.00888
23	0.01694	0.07659	0.63382	0.02320	0.03522	0.01997	0.02987	0.02624	0.01751	0.02597	0.01474	0.01733	0.01053	0.00785	0.00776	0.00259	0.01211	0.00605	0.00351	0.01220
24	0.01713	0.04001	0.58104	0.02638	0.08207	0.01943	0.06655	0.02627	0.01777	0.02639	0.01508	0.01806	0.01084	0.00780	0.00803	0.00263	0.01221	0.00645	0.00359	0.01228
25	0.03103	0.03959	0.02354	0.02140	0.02568	0.67469	0.01605	0.03317	0.02354	0.02033	0.01284	0.01498	0.01070	0.00856	0.00749	0.00214	0.01498	0.00535	0.00428	0.00963
26	0.01006	0.00746	0.00940	0.01096	0.01189	0.00680	0.00744	0.01164	0.01649	0.02145	0.05323	0.58183	0.17093	0.02506	0.01045	0.00326	0.00470	0.02244	0.00771	0.00680
27	0.02892	0.02132	0.06567	0.01779	0.02411	0.02110	0.01521	0.38241	0.09223	0.15099	0.02438	0.04929	0.01824	0.03733	0.00969	0.00279	0.00854	0.00851	0.00819	0.01328
28	0.01503	0.00944	0.01145	0.01094	0.01365	0.00851	0.00818	0.01848	0.04517	0.12377	0.20858	0.20138	0.25551	0.01906	0.00970	0.00285	0.00480	0.01649	0.00850	0.00851
29	0.03158	0.02327	0.02493	0.01911	0.02576	0.02576	0.01579	0.62852	0.03906	0.05236	0.01995	0.01995	0.01413	0.00997	0.00831	0.00249	0.00914	0.00748	0.00831	0.01413
30	0.01765	0.13259	0.54214	0.02405	0.07172	0.02116	0.02814	0.02606	0.01753	0.02544	0.01450	0.01715	0.01070	0.00776	0.00756	0.00250	0.01167	0.00599	0.00355	0.01211
31	0.02056	0.05445	0.13322	0.03803	0.30083	0.02108	0.20933	0.07032	0.02032	0.02838	0.01602	0.02031	0.01256	0.00753	0.00854	0.00257	0.01140	0.00783	0.00433	0.01239
32	0.00982	0.00842	0.00842	0.00842	0.01122	0.00701	0.00631	0.01192	0.01894	0.02244	0.08416	0.07995	0.65285	0.02104	0.00982	0.00281	0.00421	0.01753	0.00771	0.00701
33	0.01917	0.02887	0.24217	0.11767	0.16521	0.06798	0.18770	0.02608	0.01870	0.02546	0.01539	0.01986	0.01170	0.00766	0.00850	0.00263	0.01230	0.00748	0.00390	0.01158
34	0.02163	0.02167	0.03205	0.04652	0.56496	0.08624	0.02401	0.02708	0.04614	0.02678	0.01613	0.02044	0.01343	0.00769	0.00816	0.00245	0.01025	0.00728	0.00432	0.01280
35	0.02808	0.11771	0.05360	0.02412	0.10807	0.38154	0.01761	0.12410	0.02430	0.02638	0.01424	0.01639	0.01155	0.00842	0.00746	0.00221	0.01254	0.00587	0.00477	0.01103
36	0.00982	0.00842	0.00842	0.00842	0.01122	0.00701	0.00631	0.01192	0.01894	0.02244	0.08416	0.07995	0.65285	0.02104	0.00982	0.00281	0.00421	0.01753	0.00771	0.00701
37	0.01166	0.00841	0.01102	0.01052	0.01239	0.00777	0.00783	0.01543	0.02305	0.03258	0.61495	0.10105	0.07696	0.01753	0.00985	0.00266	0.00397	0.01555	0.00906	0.00777
38	0.01778	0.16560	0.02118	0.01484	0.01746	0.14453	0.01158	0.01968	0.01738	0.02077	0.05509	0.28054	0.03192	0.06338	0.01262	0.00310	0.07544	0.01317	0.00564	0.00831
39	0.01780	0.03619	0.48081	0.03165	0.21693	0.01942	0.02918	0.02607	0.01794	0.02655	0.01512	0.01842	0.01129	0.00775	0.00799	0.00258	0.01157	0.00651	0.00368	0.01253
40	0.01054	0.00741	0.00952	0.01103	0.01141	0.00703	0.00714	0.01168	0.01509	0.02012	0.04160	0.56405	0.04966	0.17181	0.01738	0.00437	0.00551	0.02115	0.00714	0.00638
41	0.01704	0.08851	0.62277	0.02303	0.03496	0.02022	0.02957	0.02621	0.01749	0.02585	0.01468	0.01725	0.01053	0.00784	0.00772	0.00257	0.01205	0.00602	0.00351	0.01217
42	0.01971	0.02481	0.17144	0.04503	0.52090	0.01964	0.02663	0.02567	0.01862	0.02696	0.01547	0.01990	0.01258	0.00751	0.00815	0.00250	0.01039	0.00713	0.00398	0.01297
43	0.01666	0.04297	0.66500	0.02368	0.03596	0.01929	0.03069	0.02631	0.01754	0.02631	0.01491	0.01754	0.01052	0.00789	0.00789	0.00263	0.01228	0.00614	0.00351	0.01228
44	0.01688	0.04146	0.61966	0.02451	0.03650	0.01942	0.07452	0.02633	0.01769	0.02633	0.01505	0.01790	0.01068	0.00783	0.00803	0.00264	0.01240	0.00641	0.00356	0.01220
45	0.02523	0.05090	0.02877	0.09257	0.21017	0.14979	0.07264	0.07131	0.07377	0.11511	0.01912	0.02137	0.01444	0.00857	0.00815	0.00248	0.01061	0.00739	0.00559	0.01201
46	0.01692	0.07371	0.63649	0.02324	0.03528	0.01992	0.02994	0.02624	0.01751	0.02600	0.01475	0.01735	0.01053	0.00786	0.00778	0.00259	0.01212	0.00606	0.00351	0.01220
47	0.01569	0.01477	0.02492	0.68808	0.05722	0.01846	0.02307	0.02123	0.01661	0.02123	0.01477	0.02215	0.01107	0.00831	0.00831	0.00277	0.01107	0.00738	0.00369	0.00923
48	0.01274	0.01126	0.05850	0.01090	0.01415	0.00852	0.00913	0.01610	0.02063	0.06563	0.28546	0.10784	0.31178	0.01824	0.00963	0.00274	0.00491	0.01561	0.00810	0.00812
49	0.01885	0.03570	0.44243	0.02622	0.03695	0.02036	0.18575	0.08348	0.02012	0.02886	0.01588	0.01905	0.01141	0.00786	0.00843	0.00266	0.01243	0.00723	0.00415	0.01217
50	0.02145	0.37665	0.17522	0.01634	0.02377	0.05862	0.01709	0.08116	0.01950	0.02558	0.01509	0.01717	0.01228	0.00795	0.00635	0.00207	0.00935	0.00556	0.09786	0.01093
51	0.00982	0.00842	0.00842	0.00842	0.01122	0.00701	0.00631	0.01192	0.01894	0.02244	0.08416	0.07995	0.65285	0.02104	0.00982	0.00281	0.00421	0.01753	0.00771	0.00701
52	0.05966	0.03494	0.02373	0.02168	0.04892	0.50569	0.01608	0.14144	0.02584	0.02711	0.01419	0.01604	0.01135	0.00874	0.00758	0.00223	0.01339	0.00578	0.00505	0.01056
53	0.02706	0.15508	0.02676	0.01712	0.02319	0.02481	0.01452	0.42759	0.03214	0.04271	0.07445	0.02300	0.01947	0.01255	0.03992	0.00289	0.00926	0.00763	0.00728	0.01258
54	0.00982	0.00842	0.00842	0.00842	0.01122	0.00701	0.00631	0.01192	0.01894	0.02244	0.08416	0.07995	0.65285	0.02104	0.00982	0.00281	0.00421	0.01753	0.00771	0.00701
55	0.01187	0.00890	0.01335	0.01335	0.01483	0.01038	0.01038	0.01483	0.01335	0.01928	0.02225	0.03264	0.02077	0.06231	0.67512	0.01335	0.02225	0.00890	0.00445	0.00742
56	0.02157	0.02680	0.13824	0.04169	0.45161	0.12387	0.02487	0.02685	0.01942	0.02592	0.01506	0.01917	0.01232	0.00767	0.00805	0.00244	0.01109	0.00686	0.00404	0.01245
57	0.01618	0.04034	0.61676	0.02279	0.03420	0.01837	0.02900	0.02522	0.01742	0.02593	0.01718	0.06797	0.01379	0.00923	0.00809	0.00269	0.01173	0.00743	0.00382	0.01187
58	0.01925	0.12343	0.39829	0.02141	0.03062	0.05167	0.06479	0.02604	0.01767	0.06285	0.01626	0.02059	0.01277	0.05971	0.01100	0.00294	0.03852	0.00675	0.00413	0.01132
59	0.02095	0.29397	0.19573	0.04453	0.02642	0.11737	0.01838	0.05198	0.04119	0.02371	0.02077	0.02224	0.07220	0.00916	0.00709	0.00226	0.01021	0.00668	0.00443	0.01077
60	0.02395	0.02812	0.14787	0.07227	0.16638	0.17965	0.02063	0.05783	0.11397	0.08034	0.01909	0.02090	0.01440	0.00877	0.00804	0.00250	0.01090	0.00704	0.00536	0.01198
61	0.21313	0.04934	0.01954	0.12580	0.16101	0.01594	0.01452	0.02075	0.01637	0.02736	0.02224	0.18169	0.02216	0.01221	0.00767	0.00268	0.00746	0.01037	0.06036	0.00940
62	0.02348	0.02415	0.15524	0.02915	0.23202	0.05175	0.02069	0.13848	0.02342	0.11272	0.06272	0.04946	0.01966	0.00977	0.00835	0.00255	0.00953	0.00832	0.00605	0.01250
63	0.02532	0.23923	0.02878	0.01714	0.02285	0.08751	0.01457	0.17020	0.18683	0.06208	0.02044	0.02061	0.01581	0.00952	0.00829	0.00238	0.04314	0.00686	0.00633	0.01210
64	0.02045	0.02101	0.01725	0.01579	0.01960	0.20375	0.01203	0.03117	0.26201	0.02857	0.14698	0.03914	0.12194	0.01295	0.00862	0.00258	0.00816	0.01044	0.00728	0.01029

[dist]
# distance from previous block
# <min> <max>
9	54

[block]
# block no. 3 follows, 22 sequences, length 140
# corresponding to MSA columns:
# 201-340
name=unknown_D
#
# <colnr> <probs for GDERKNQSTAVLIFYWHMCP>
#	G	D	E	R	K	N	Q	S	T	A	V	L	I	F	Y	W	H	M	C	P
0	0.02037	0.01674	0.01995	0.01881	0.05279	0.07521	0.01400	0.02444	0.07285	0.11125	0.02434	0.16052	0.02349	0.04642	0.01657	0.00326	0.23882	0.01087	0.00602	0.04328
1	0.02387	0.01980	0.02083	0.02297	0.15626	0.15744	0.01494	0.06101	0.02117	0.12317	0.02534	0.02970	0.05493	0.01070	0.00898	0.00247	0.04785	0.03897	0.14893	0.01068
2	0.01440	0.02344	0.25710	0.01754	0.04991	0.05176	0.01707	0.01912	0.01737	0.02310	0.03702	0.18236	0.15608	0.08205	0.01219	0.00331	0.00863	0.01288	0.00551	0.00917
3	0.18021	0.34387	0.10826	0.01549	0.02231	0.06294	0.01517	0.08108	0.01864	0.02721	0.01338	0.01560	0.01115	0.01059	0.04125	0.00275	0.00985	0.00523	0.00442	0.01060
4	0.01670	0.07157	0.31646	0.02192	0.02938	0.01921	0.10246	0.02308	0.01635	0.02394	0.01615	0.02120	0.01308	0.01861	0.13217	0.00467	0.10660	0.00723	0.02868	0.01056
5	0.01827	0.14291	0.13728	0.01667	0.02222	0.07012	0.01566	0.02777	0.18399	0.02498	0.02469	0.02723	0.05088	0.02289	0.17304	0.00516	0.01241	0.00794	0.00536	0.01054
6	0.01642	0.01601	0.02568	0.02402	0.09666	0.03917	0.14655	0.01979	0.01655	0.02299	0.05773	0.15565	0.02567	0.05494	0.07464	0.00425	0.17734	0.01173	0.00507	0.00916
7	0.02246	0.13536	0.06168	0.02761	0.22448	0.10480	0.01812	0.05243	0.09979	0.06615	0.02184	0.02386	0.04573	0.01210	0.04578	0.00301	0.01030	0.00748	0.00532	0.01172
8	0.09259	0.12378	0.06046	0.02124	0.04693	0.40201	0.04120	0.02947	0.02042	0.02251	0.01279	0.01549	0.01071	0.00858	0.00854	0.00230	0.06123	0.00558	0.00417	0.01000
9	0.01920	0.24705	0.43756	0.02066	0.03089	0.06224	0.02480	0.02628	0.01769	0.02389	0.01376	0.01610	0.01058	0.00769	0.00709	0.00234	0.01140	0.00557	0.00357	0.01163
10	0.01020	0.00838	0.00898	0.00893	0.01148	0.00716	0.00666	0.01262	0.01968	0.02446	0.19044	0.10241	0.51886	0.02048	0.00985	0.00279	0.00418	0.01731	0.00799	0.00716
11	0.01253	0.00826	0.00993	0.01046	0.01113	0.00850	0.00704	0.01415	0.01493	0.02200	0.03311	0.29786	0.03645	0.22936	0.02007	0.00446	0.04631	0.01520	0.19167	0.00661
12	0.01063	0.00845	0.00954	0.00927	0.01172	0.00736	0.00695	0.01350	0.02086	0.02700	0.32230	0.07244	0.41186	0.01934	0.00981	0.00272	0.00409	0.01648	0.00831	0.00736
13	0.02019	0.46909	0.26979	0.01766	0.02665	0.02793	0.02021	0.02540	0.01712	0.02201	0.01277	0.01486	0.01061	0.00739	0.00626	0.00209	0.01012	0.00506	0.00354	0.01125
14	0.35915	0.08877	0.02025	0.01608	0.02100	0.32450	0.01273	0.02852	0.01875	0.02784	0.01216	0.01417	0.00994	0.00805	0.00625	0.00230	0.01062	0.00489	0.00460	0.00944
15	0.01003	0.00828	0.00880	0.00898	0.01143	0.00705	0.00662	0.01221	0.01897	0.02326	0.12980	0.15434	0.52897	0.02129	0.00991	0.00286	0.00426	0.01805	0.00784	0.00705
16	0.01723	0.01477	0.01723	0.01230	0.01969	0.01107	0.00984	0.02092	0.01723	0.02707	0.01477	0.01723	0.01230	0.00615	0.00615	0.00123	0.00615	0.00492	0.00492	0.75883
17	0.01005	0.00752	0.00934	0.01079	0.01184	0.00681	0.00736	0.01166	0.01666	0.02151	0.05530	0.54829	0.20314	0.02479	0.01041	0.00323	0.00467	0.02211	0.00771	0.00681
18	0.01838	0.01880	0.02053	0.20516	0.13807	0.15692	0.01629	0.02208	0.01916	0.02322	0.03279	0.03543	0.17133	0.01148	0.00827	0.00252	0.00937	0.00949	0.07142	0.00931
19	0.02273	0.14867	0.05665	0.02307	0.02827	0.14011	0.15807	0.07986	0.04443	0.02519	0.01459	0.01837	0.01206	0.00963	0.01267	0.00267	0.18073	0.00707	0.00447	0.01068
20	0.01112	0.00821	0.00925	0.00924	0.01061	0.00758	0.00615	0.01266	0.01682	0.02181	0.16371	0.10163	0.25855	0.30046	0.02309	0.00494	0.00576	0.01519	0.00689	0.00634
21	0.01698	0.08109	0.62965	0.02314	0.03512	0.02007	0.02976	0.02623	0.01750	0.02592	0.01472	0.01730	0.01053	0.00785	0.00775	0.00258	0.01208	0.00604	0.00351	0.01219
22	0.01644	0.01708	0.01320	0.01231	0.01572	0.17368	0.00932	0.05591	0.02134	0.02380	0.06245	0.06008	0.45358	0.01725	0.00915	0.00262	0.00719	0.01388	0.00690	0.00811
23	0.01809	0.33189	0.16895	0.01672	0.02292	0.02370	0.01718	0.02226	0.01578	0.02098	0.01487	0.01945	0.01316	0.02162	0.17384	0.00500	0.07356	0.00617	0.00377	0.01007
24	0.01012	0.00723	0.00964	0.01157	0.01205	0.00675	0.00771	0.01157	0.01591	0.02121	0.04579	0.70262	0.05495	0.02603	0.01060	0.00337	0.00482	0.02362	0.00771	0.00675
25	0.02056	0.01974	0.03372	0.05099	0.65622	0.01974	0.02550	0.02550	0.01892	0.02714	0.01563	0.02056	0.01316	0.00740	0.00822	0.00247	0.00987	0.00740	0.00411	0.01316
26	0.01817	0.01721	0.02873	0.36253	0.33375	0.01915	0.02376	0.02422	0.04537	0.02457	0.01601	0.02180	0.01268	0.00802	0.00827	0.00263	0.01032	0.00748	0.00410	0.01123
27	0.01515	0.00781	0.00805	0.00805	0.00986	0.00787	0.00596	0.01878	0.01697	0.02970	0.02685	0.03227	0.02174	0.04865	0.03594	0.00274	0.00487	0.00802	0.68314	0.00759
28	0.01012	0.00723	0.00964	0.01157	0.01205	0.00675	0.00771	0.01157	0.01591	0.02121	0.04579	0.70262	0.05495	0.02603	0.01060	0.00337	0.00482	0.02362	0.00771	0.00675
29	0.01742	0.04279	0.63124	0.02356	0.03541	0.05378	0.02992	0.02667	0.01786	0.02599	0.01480	0.01740	0.01053	0.00793	0.00787	0.00261	0.01242	0.00610	0.00355	0.01214
30	0.02788	0.07697	0.02732	0.02828	0.18169	0.47205	0.01828	0.03075	0.02198	0.02197	0.01345	0.01626	0.01131	0.00818	0.00754	0.00220	0.01333	0.00580	0.00419	0.01057
31	0.02273	0.03663	0.31394	0.02759	0.14319	0.22576	0.02431	0.06258	0.02090	0.02606	0.01467	0.01741	0.01126	0.00813	0.00785	0.00244	0.01252	0.00619	0.00413	0.01171
32	0.01689	0.10879	0.32220	0.02039	0.02719	0.02056	0.02231	0.02266	0.01616	0.02331	0.01766	0.05004	0.01612	0.01427	0.04780	0.00347	0.17595	0.05968	0.00412	0.01045
33	0.01208	0.00805	0.00906	0.00906	0.00906	0.00805	0.00503	0.01208	0.01208	0.01611	0.02618	0.05436	0.03020	0.70804	0.04228	0.00805	0.00805	0.01208	0.00503	0.00503
34	0.02874	0.01702	0.01957	0.01569	0.02139	0.01743	0.01274	0.23604	0.12875	0.26269	0.03590	0.03324	0.10903	0.01187	0.00856	0.00262	0.00728	0.00953	0.00895	0.01296
35	0.02689	0.13627	0.02930	0.02824	0.19404	0.40193	0.01830	0.02986	0.02129	0.02204	0.01339	0.01623	0.01135	0.00803	0.00736	0.00217	0.01269	0.00576	0.00413	0.01073
36	0.01708	0.03451	0.45418	0.14145	0.11202	0.01928	0.05540	0.02535	0.01763	0.02555	0.01505	0.01890	0.01102	0.00787	0.00809	0.00264	0.01187	0.00666	0.00364	0.01181
37	0.01187	0.00890	0.01335	0.01335	0.01483	0.01038	0.01038	0.01483	0.01335	0.01928	0.02225	0.03264	0.02077	0.06231	0.67512	0.01335	0.02225	0.00890	0.00445	0.00742
38	0.01041	0.00763	0.00978	0.01096	0.01202	0.00700	0.00757	0.01243	0.01779	0.02377	0.17108	0.49917	0.13256	0.02362	0.01035	0.00315	0.00457	0.02116	0.00800	0.00700
39	0.03107	0.03863	0.02362	0.02127	0.02569	0.63627	0.01604	0.06842	0.02446	0.02223	0.01326	0.01528	0.01090	0.00864	0.00754	0.00216	0.01464	0.00548	0.00452	0.00990
40	0.02104	0.01983	0.02529	0.02131	0.02266	0.04784	0.01767	0.13060	0.01786	0.02586	0.01261	0.01839	0.01148	0.01351	0.02315	0.00338	0.54576	0.00724	0.00450	0.01002
41	0.01992	0.01620	0.06007	0.01378	0.01984	0.01341	0.01174	0.05836	0.13144	0.12260	0.03614	0.03506	0.15447	0.01122	0.00791	0.00221	0.00651	0.00918	0.00703	0.26288
42	0.02043	0.02012	0.03589	0.04872	0.56913	0.01992	0.11085	0.02565	0.01901	0.02707	0.01579	0.02082	0.01308	0.00735	0.00845	0.00251	0.01046	0.00774	0.00412	0.01288
43	0.01191	0.00874	0.01253	0.01253	0.01373	0.00994	0.00936	0.01431	0.01311	0.01868	0.02300	0.03679	0.02257	0.18562	0.55427	0.01234	0.01954	0.00951	0.00456	0.00696
44	0.01946	0.01726	0.02807	0.04080	0.49692	0.01688	0.02108	0.02376	0.01920	0.06236	0.02969	0.03234	0.13574	0.01017	0.00854	0.00254	0.00863	0.00939	0.00515	0.01204
45	0.02085	0.02227	0.02635	0.17659	0.29534	0.18032	0.02040	0.02490	0.01957	0.02363	0.02271	0.02642	0.08644	0.00947	0.00825	0.00249	0.01074	0.00807	0.00448	0.01072
46	0.01646	0.01463	0.02078	0.01824	0.01946	0.01883	0.03539	0.04800	0.01484	0.02231	0.01730	0.04646	0.01634	0.02919	0.22806	0.00650	0.35862	0.00845	0.05141	0.00872
47	0.01208	0.00805	0.00906	0.00906	0.00906	0.00805	0.00503	0.01208	0.01208	0.01611	0.02618	0.05436	0.03020	0.70804	0.04228	0.00805	0.00805	0.01208	0.00503	0.00503
48	0.02767	0.01862	0.02089	0.01692	0.02221	0.01990	0.01358	0.41898	0.03207	0.12441	0.02720	0.16877	0.02379	0.01349	0.00881	0.00269	0.00794	0.01109	0.00844	0.01253
49	0.01750	0.04180	0.63878	0.02332	0.03536	0.01901	0.02994	0.02688	0.01779	0.05212	0.01563	0.01798	0.01093	0.00799	0.00791	0.00263	0.01207	0.00623	0.00378	0.01235
50	0.01020	0.00739	0.00949	0.01113	0.01180	0.00685	0.00743	0.01163	0.01597	0.02103	0.04824	0.60780	0.10918	0.06436	0.01233	0.00359	0.00495	0.02239	0.00756	0.00667
51	0.02554	0.30843	0.07121	0.01732	0.02378	0.24207	0.01544	0.06240	0.02075	0.05221	0.01395	0.01558	0.01147	0.00786	0.00660	0.00198	0.01079	0.00525	0.00450	0.08288
52	0.01974	0.01890	0.03224	0.15782	0.55578	0.01952	0.02509	0.02478	0.01853	0.02615	0.01548	0.02083	0.01281	0.00755	0.00824	0.00252	0.01007	0.00740	0.00404	0.01250
53	0.01029	0.00735	0.00984	0.01176	0.01232	0.00690	0.00801	0.01186	0.01607	0.02140	0.04569	0.67058	0.05457	0.02586	0.01065	0.00340	0.00497	0.05397	0.00771	0.00680
54	0.02885	0.20651	0.02850	0.01962	0.02460	0.51561	0.01560	0.03112	0.02189	0.02014	0.01252	0.01457	0.01069	0.00820	0.00696	0.00205	0.01347	0.00513	0.00410	0.00989
55	0.01140	0.00842	0.00954	0.00968	0.01202	0.00730	0.00710	0.01365	0.01909	0.05287	0.14878	0.21359	0.41463	0.02112	0.00992	0.00290	0.00444	0.01813	0.00802	0.00739
56	0.02283	0.02404	0.03152	0.04459	0.51975	0.16149	0.02345	0.02716	0.01992	0.02567	0.01502	0.01935	0.01263	0.00765	0.00807	0.00240	0.01098	0.00696	0.00415	0.01240
57	0.01012	0.00723	0.00964	0.01157	0.01205	0.00675	0.00771	0.01157	0.01591	0.02121	0.04579	0.70262	0.05495	0.02603	0.01060	0.00337	0.00482	0.02362	0.00771	0.00675
58	0.06759	0.50319	0.19560	0.01635	0.02462	0.02861	0.01797	0.02520	0.01687	0.02233	0.01238	0.01438	0.01052	0.00734	0.00595	0.00204	0.00957	0.00487	0.00364	0.01096
59	0.02056	0.01974	0.03372	0.05099	0.65622	0.01974	0.02550	0.02550	0.01892	0.02714	0.01563	0.02056	0.01316	0.00740	0.00822	0.00247	0.00987	0.00740	0.00411	0.01316
60	0.01666	0.04297	0.66500	0.02368	0.03596	0.01929	0.03069	0.02631	0.01754	0.02631	0.01491	0.01754	0.01052	0.00789	0.00789	0.00263	0.01228	0.00614	0.00351	0.01228
61	0.01025	0.01059	0.04965	0.00937	0.01277	0.00778	0.00784	0.01283	0.01885	0.02268	0.07981	0.07603	0.61251	0.02021	0.00970	0.00279	0.00471	0.01682	0.00745	0.00734
62	0.01889	0.09194	0.06699	0.01784	0.02157	0.04668	0.03962	0.02553	0.12261	0.06355	0.02386	0.05651	0.04866	0.02081	0.12548	0.00466	0.18044	0.00885	0.00542	0.01010
63	0.03410	0.01922	0.02243	0.01719	0.02374	0.01976	0.01420	0.36805	0.03229	0.32239	0.02563	0.02364	0.01698	0.01011	0.00833	0.00253	0.00822	0.00787	0.00918	0.01413
64	0.01170	0.00792	0.00926	0.00959	0.00977	0.00780	0.00566	0.01214	0.01331	0.01783	0.05760	0.17693	0.03700	0.54883	0.03487	0.00693	0.00726	0.01439	0.00572	0.00548
65	0.02122	0.02099	0.03308	0.04913	0.61662	0.06087	0.02490	0.02598	0.01921	0.02671	0.01545	0.02021	0.01300	0.00747	0.00818	0.00245	0.01019	0.00727	0.00412	0.01294
66	0.01683	0.03933	0.56975	0.02452	0.03597	0.01908	0.09906	0.02596	0.01800	0.02660	0.03818	0.01972	0.01322	0.00812	0.00818	0.00265	0.01218	0.00689	0.00379	0.01199
67	0.01008	0.00778	0.00920	0.01021	0.01172	0.00691	0.00714	0.01192	0.01753	0.02231	0.09129	0.41328	0.30388	0.02352	0.01024	0.00310	0.00452	0.02068	0.00778	0.00691
68	0.01272	0.01036	0.01161	0.01188	0.01447	0.01026	0.00907	0.01955	0.15299	0.02517	0.05946	0.20539	0.30487	0.02026	0.00992	0.00307	0.00533	0.09738	0.00786	0.00837
69	0.06285	0.34157	0.13826	0.02239	0.03060	0.02605	0.21995	0.02565	0.01773	0.02393	0.01381	0.01700	0.01119	0.00723	0.00720	0.00229	0.01096	0.00649	0.00385	0.01099
70	0.02116	0.02087	0.03314	0.04930	0.62028	0.05708	0.02496	0.02593	0.01918	0.02675	0.01547	0.02024	0.01302	0.00747	0.00818	0.00245	0.01016	0.00728	0.00412	0.01296
71	0.01208	0.00805	0.00906	0.00906	0.00906	0.00805	0.00503	0.01208	0.01208	0.01611	0.02618	0.05436	0.03020	0.70804	0.04228	0.00805	0.00805	0.01208	0.00503	0.00503
72	0.58593	0.01559	0.01396	0.01188	0.01734	0.01704	0.00979	0.02840	0.01653	0.19211	0.01682	0.01716	0.01186	0.00835	0.00594	0.00257	0.00659	0.00545	0.00642	0.01027
73	0.02056	0.01974	0.03372	0.05099	0.65622	0.01974	0.02550	0.02550	0.01892	0.02714	0.01563	0.02056	0.01316	0.00740	0.00822	0.00247	0.00987	0.00740	0.00411	0.01316
74	0.03103	0.03959	0.02354	0.02140	0.02568	0.67469	0.01605	0.03317	0.02354	0.02033	0.01284	0.01498	0.01070	0.00856	0.00749	0.00214	0.01498	0.00535	0.00428	0.00963
75	0.03175	0.01292	0.01751	0.01384	0.01930	0.01126	0.01126	0.03512	0.02372	0.52591	0.16676	0.03559	0.03308	0.01173	0.00867	0.00258	0.00639	0.00980	0.01004	0.01277
76	0.03126	0.03279	0.02412	0.02045	0.02572	0.40428	0.01594	0.28125	0.03001	0.03368	0.01580	0.01705	0.01213	0.00915	0.00783	0.00229	0.01255	0.00624	0.00596	0.01150
77	0.02056	0.01974	0.03372	0.05099	0.65622	0.01974	0.02550	0.02550	0.01892	0.02714	0.01563	0.02056	0.01316	0.00740	0.00822	0.00247	0.00987	0.00740	0.00411	0.01316
78	0.01257	0.01047	0.01434	0.01466	0.01506	0.01225	0.01094	0.01421	0.01511	0.02099	0.03566	0.48270	0.04198	0.02260	0.01544	0.00347	0.20340	0.04019	0.00653	0.00746
79	0.01012	0.00723	0.00964	0.01157	0.01205	0.00675	0.00771	0.01157	0.01591	0.02121	0.04579	0.70262	0.05495	0.02603	0.01060	0.00337	0.00482	0.02362	0.00771	0.00675
80	0.01029	0.00845	0.00914	0.00956	0.01204	0.00730	0.00731	0.01254	0.01868	0.02263	0.07563	0.13960	0.52256	0.02174	0.01010	0.00298	0.00469	0.08999	0.00771	0.00707
81	0.02783	0.03053	0.02504	0.02149	0.02588	0.39895	0.06966	0.03309	0.09816	0.08234	0.01741	0.01922	0.01362	0.00961	0.01019	0.00250	0.09190	0.00675	0.00527	0.01056
82	0.02056	0.01974	0.03372	0.05099	0.65622	0.01974	0.02550	0.02550	0.01892	0.02714	0.01563	0.02056	0.01316	0.00740	0.00822	0.00247	0.00987	0.00740	0.00411	0.01316
83	0.03158	0.02327	0.02493	0.01911	0.02576	0.02576	0.01579	0.62852	0.03906	0.05236	0.01995	0.01995	0.01413	0.00997	0.00831	0.00249	0.00914	0.00748	0.00831	0.01413
84	0.01983	0.01975	0.03393	0.04140	0.40837	0.02134	0.11248	0.02430	0.01748	0.02529	0.01463	0.02024	0.01252	0.00911	0.01318	0.00281	0.17976	0.00772	0.00401	0.01186
85	0.01666	0.04297	0.66500	0.02368	0.03596	0.01929	0.03069	0.02631	0.01754	0.02631	0.01491	0.01754	0.01052	0.00789	0.00789	0.00263	0.01228	0.00614	0.00351	0.01228
86	0.01569	0.01477	0.02492	0.68808	0.05722	0.01846	0.02307	0.02123	0.01661	0.02123	0.01477	0.02215	0.01107	0.00831	0.00831	0.00277	0.01107	0.00738	0.00369	0.00923
87	0.00999	0.00847	0.00866	0.00875	0.01151	0.00714	0.00665	0.01218	0.01894	0.02256	0.08222	0.08061	0.62360	0.02113	0.00990	0.00285	0.00437	0.04571	0.00771	0.00704
88	0.02282	0.02350	0.02721	0.06406	0.02912	0.19680	0.16583	0.14548	0.02359	0.02855	0.02250	0.16709	0.02146	0.01222	0.00895	0.00268	0.01112	0.01096	0.00577	0.01027
89	0.03324	0.05882	0.06083	0.01676	0.02365	0.01845	0.01465	0.24027	0.02825	0.37880	0.02611	0.02393	0.01720	0.00985	0.00814	0.00250	0.00819	0.00770	0.00882	0.01383
90	0.00982	0.00842	0.00842	0.00842	0.01122	0.00701	0.00631	0.01192	0.01894	0.02244	0.08416	0.07995	0.65285	0.02104	0.00982	0.00281	0.00421	0.01753	0.00771	0.00701
91	0.01750	0.02035	0.07887	0.02893	0.03586	0.01827	0.43606	0.02367	0.01793	0.02478	0.01804	0.02464	0.01450	0.02077	0.17459	0.00541	0.01594	0.00935	0.00422	0.01033
92	0.02110	0.02434	0.01914	0.01952	0.08080	0.30905	0.01358	0.02347	0.02045	0.02173	0.03910	0.03964	0.24657	0.01356	0.01017	0.00255	0.07063	0.01019	0.00547	0.00896
93	0.05001	0.01872	0.03131	0.16073	0.52551	0.01947	0.02440	0.02471	0.01832	0.02652	0.01531	0.02055	0.01263	0.00757	0.00811	0.00252	0.00994	0.00728	0.00408	0.01230
94	0.02056	0.01974	0.03372	0.05099	0.65622	0.01974	0.02550	0.02550	0.01892	0.02714	0.01563	0.02056	0.01316	0.00740	0.00822	0.00247	0.00987	0.00740	0.00411	0.01316
95	0.02056	0.01974	0.03372	0.05099	0.65622	0.01974	0.02550	0.02550	0.01892	0.02714	0.01563	0.02056	0.01316	0.00740	0.00822	0.00247	0.00987	0.00740	0.00411	0.01316
96	0.02363	0.03322	0.28303	0.02201	0.05456	0.14294	0.02167	0.21038	0.02537	0.03293	0.02044	0.02184	0.05210	0.00946	0.00808	0.00250	0.01122	0.00717	0.00541	0.01205
97	0.01221	0.00906	0.01047	0.01032	0.01267	0.00833	0.00772	0.01440	0.01872	0.06320	0.11983	0.19471	0.41048	0.02065	0.01080	0.00293	0.04072	0.01739	0.00779	0.00759
98	0.01060	0.00754	0.00964	0.01098	0.01152	0.00721	0.00721	0.01185	0.01513	0.02011	0.04243	0.50452	0.07734	0.16987	0.04931	0.00481	0.00631	0.02020	0.00700	0.00644
99	0.02036	0.03809	0.50636	0.02255	0.03343	0.02090	0.02700	0.17557	0.02287	0.03276	0.01616	0.01814	0.01142	0.00841	0.00800	0.00260	0.01150	0.00647	0.00470	0.01274
100	0.01147	0.00815	0.00889	0.00889	0.00964	0.00777	0.00538	0.01204	0.01392	0.01781	0.04172	0.06122	0.19710	0.52390	0.03358	0.00665	0.00702	0.01354	0.00575	0.00556
101	0.01012	0.00723	0.00964	0.01157	0.01205	0.00675	0.00771	0.01157	0.01591	0.02121	0.04579	0.70262	0.05495	0.02603	0.01060	0.00337	0.00482	0.02362	0.00771	0.00675
102	0.01187	0.00890	0.01335	0.01335	0.01483	0.01038	0.01038	0.01483	0.01335	0.01928	0.02225	0.03264	0.02077	0.06231	0.67512	0.01335	0.02225	0.00890	0.00445	0.00742
103	0.02189	0.46777	0.19532	0.01727	0.02546	0.06710	0.01850	0.06013	0.01870	0.02314	0.01294	0.01485	0.01083	0.00755	0.00626	0.00205	0.01010	0.00509	0.00386	0.01120
104	0.02812	0.26289	0.03025	0.01891	0.02424	0.43242	0.01543	0.05681	0.02201	0.02149	0.01273	0.01465	0.01084	0.00814	0.00681	0.00203	0.01269	0.00514	0.00422	0.01017
