[name]
unknown

[dist]
# distance from previous block
# <min> <max>
0	51

[block]
# block no. 0 follows, 22 sequences, length 29
# corresponding to MSA columns:
# 51-79
name=unknown_A
#
# <colnr> <probs for GDERKNQSTAVLIFYWHMCP>
#	G	D	E	R	K	N	Q	S	T	A	V	L	I	F	Y	W	H	M	C	P
0	0.01850	0.01947	0.07522	0.01624	0.02138	0.09008	0.01394	0.02807	0.19627	0.02759	0.02794	0.08156	0.02567	0.01275	0.00849	0.00258	0.00805	0.12788	0.00646	0.19186
1	0.02309	0.02264	0.08376	0.23377	0.19795	0.10670	0.02149	0.08507	0.02120	0.09958	0.01731	0.02086	0.01289	0.00846	0.00814	0.00255	0.01075	0.00712	0.00506	0.01160
2	0.44042	0.25114	0.05468	0.01278	0.01874	0.02302	0.01188	0.02416	0.01518	0.02984	0.01228	0.01464	0.01025	0.01038	0.04046	0.00287	0.00837	0.00479	0.00449	0.00963
3	0.01074	0.00824	0.00917	0.00934	0.01094	0.00762	0.00640	0.01220	0.01601	0.02006	0.05693	0.12350	0.34677	0.24120	0.07977	0.00545	0.00709	0.01559	0.00658	0.00640
4	0.02884	0.01931	0.02095	0.01643	0.02210	0.02091	0.01345	0.45270	0.03332	0.10271	0.02254	0.02292	0.01615	0.00994	0.00781	0.00239	0.00789	0.00761	0.15919	0.01284
5	0.03108	0.03812	0.02367	0.02120	0.02569	0.61632	0.01603	0.08673	0.02494	0.02321	0.01348	0.01543	0.01101	0.00869	0.00756	0.00217	0.01446	0.00554	0.00464	0.01004
6	0.01164	0.00806	0.01005	0.01044	0.01084	0.00826	0.00666	0.01253	0.01312	0.01779	0.02940	0.18276	0.03336	0.43787	0.16366	0.00817	0.01026	0.01380	0.00546	0.00587
7	0.01495	0.01299	0.01732	0.01373	0.01909	0.01050	0.06422	0.01824	0.01733	0.02515	0.03005	0.18265	0.09562	0.01251	0.00792	0.00205	0.00633	0.01111	0.00582	0.43242
8	0.00997	0.00829	0.00872	0.00889	0.01139	0.00704	0.00656	0.01212	0.01889	0.02298	0.11531	0.14714	0.55148	0.02133	0.00990	0.00286	0.00426	0.01804	0.00780	0.00704
9	0.76672	0.01607	0.01221	0.01092	0.01607	0.01864	0.00900	0.02442	0.01414	0.03727	0.01157	0.01350	0.00900	0.00771	0.00514	0.00257	0.00643	0.00450	0.00514	0.00900
10	0.01961	0.02241	0.04902	0.03501	0.04342	0.02101	0.62605	0.02661	0.01961	0.02661	0.01681	0.02241	0.01261	0.00700	0.00980	0.00280	0.01401	0.00980	0.00420	0.01120
11	0.01666	0.04297	0.66500	0.02368	0.03596	0.01929	0.03069	0.02631	0.01754	0.02631	0.01491	0.01754	0.01052	0.00789	0.00789	0.00263	0.01228	0.00614	0.00351	0.01228
12	0.01097	0.00798	0.01039	0.01124	0.01257	0.00741	0.00815	0.01356	0.01914	0.02592	0.26294	0.36934	0.11272	0.02214	0.01033	0.00310	0.00470	0.07195	0.00821	0.00724
13	0.01008	0.00788	0.00914	0.00997	0.01167	0.00694	0.00704	0.01200	0.01785	0.02256	0.10213	0.36095	0.34618	0.02305	0.01017	0.00305	0.00447	0.02013	0.00780	0.00694
14	0.00990	0.00811	0.00873	0.00923	0.01143	0.00694	0.00667	0.01183	0.01816	0.02212	0.07429	0.24006	0.49911	0.02232	0.01002	0.00295	0.00437	0.01910	0.00771	0.00694
15	0.07003	0.51392	0.18353	0.01616	0.02432	0.02883	0.01764	0.02517	0.01685	0.02226	0.01232	0.01430	0.01052	0.00733	0.00590	0.00202	0.00950	0.00483	0.00365	0.01092
16	0.02056	0.01974	0.03372	0.05099	0.65622	0.01974	0.02550	0.02550	0.01892	0.02714	0.01563	0.02056	0.01316	0.00740	0.00822	0.00247	0.00987	0.00740	0.00411	0.01316
17	0.01034	0.00753	0.00975	0.01111	0.01203	0.00694	0.00761	0.01223	0.01734	0.02317	0.14188	0.54885	0.11216	0.02420	0.01041	0.00321	0.00463	0.02176	0.00793	0.00694
18	0.01003	0.00758	0.00928	0.01065	0.01181	0.00683	0.00730	0.01167	0.01679	0.02157	0.05698	0.52096	0.22938	0.02457	0.01037	0.00321	0.00464	0.02184	0.00771	0.00683
19	0.01891	0.01976	0.01557	0.01480	0.01678	0.25097	0.01060	0.02055	0.01662	0.01857	0.02019	0.03371	0.02036	0.26548	0.21427	0.00745	0.01471	0.00871	0.00459	0.00740
20	0.01666	0.04297	0.66500	0.02368	0.03596	0.01929	0.03069	0.02631	0.01754	0.02631	0.01491	0.01754	0.01052	0.00789	0.00789	0.00263	0.01228	0.00614	0.00351	0.01228
21	0.01994	0.02609	0.16990	0.04016	0.35134	0.04662	0.17188	0.02625	0.01898	0.02656	0.01565	0.02015	0.01237	0.00746	0.00851	0.00257	0.01159	0.00764	0.00401	0.01236
22	0.01859	0.01821	0.02864	0.37848	0.31380	0.05341	0.02375	0.02369	0.01797	0.02373	0.01504	0.02109	0.01195	0.00793	0.00823	0.00261	0.01076	0.00728	0.00390	0.01094
23	0.01191	0.00873	0.01248	0.01248	0.01367	0.00991	0.00930	0.01428	0.01309	0.01864	0.02304	0.03703	0.02267	0.19278	0.54726	0.01228	0.01938	0.00954	0.00457	0.00694
24	0.01231	0.01317	0.08323	0.06001	0.02101	0.01063	0.07533	0.01559	0.01628	0.02213	0.03541	0.45585	0.03998	0.02427	0.06986	0.00409	0.00853	0.01798	0.00635	0.00801
25	0.02295	0.02317	0.02978	0.08880	0.15799	0.13287	0.12178	0.10717	0.10491	0.02892	0.01778	0.02114	0.01398	0.00921	0.01039	0.00267	0.08199	0.00772	0.00520	0.01158
26	0.02622	0.18342	0.06403	0.02264	0.08150	0.38132	0.01749	0.02911	0.02037	0.02107	0.01275	0.01555	0.01092	0.00864	0.00888	0.00225	0.07402	0.00555	0.00401	0.01027
27	0.02090	0.08303	0.03442	0.08707	0.48701	0.05669	0.06121	0.02565	0.01888	0.02566	0.01512	0.01983	0.01263	0.00747	0.00803	0.00243	0.01040	0.00717	0.00405	0.01236
28	0.06016	0.01949	0.02515	0.45998	0.12832	0.12432	0.02148	0.02388	0.01789	0.02274	0.01439	0.02031	0.01117	0.00820	0.00799	0.00262	0.01129	0.00690	0.00392	0.00980

[dist]
# distance from previous block
# <min> <max>
4	18

[block]
# block no. 1 follows, 22 sequences, length 40
# corresponding to MSA columns:
# 98-137
name=unknown_B
#
# <colnr> <probs for GDERKNQSTAVLIFYWHMCP>
#	G	D	E	R	K	N	Q	S	T	A	V	L	I	F	Y	W	H	M	C	P
0	0.02219	0.08235	0.03211	0.08974	0.44589	0.13664	0.02268	0.02648	0.01939	0.02485	0.01472	0.01907	0.01236	0.00765	0.00785	0.00237	0.01078	0.00678	0.00406	0.01203
1	0.17312	0.07278	0.01902	0.01567	0.01981	0.32350	0.01215	0.02577	0.02060	0.02571	0.10777	0.02922	0.10159	0.01102	0.00748	0.00235	0.00997	0.00798	0.00550	0.00900
2	0.11938	0.01541	0.05098	0.01818	0.05233	0.01438	0.11341	0.02417	0.09670	0.05779	0.29630	0.03949	0.04268	0.01218	0.00877	0.00266	0.00708	0.01096	0.00722	0.00993
3	0.02331	0.12157	0.24210	0.02325	0.08530	0.27858	0.02107	0.02839	0.01994	0.02343	0.01438	0.01699	0.01142	0.00811	0.00733	0.00228	0.01225	0.00582	0.04360	0.01087
4	0.01974	0.02352	0.11477	0.04168	0.35009	0.02017	0.25367	0.02602	0.01901	0.02684	0.01599	0.02090	0.01263	0.00731	0.00878	0.00261	0.01172	0.00816	0.00407	0.01231
5	0.01012	0.00723	0.00964	0.01157	0.01205	0.00675	0.00771	0.01157	0.01591	0.02121	0.04579	0.70262	0.05495	0.02603	0.01060	0.00337	0.00482	0.02362	0.00771	0.00675
6	0.02738	0.02887	0.02382	0.05326	0.02610	0.32452	0.01641	0.19335	0.02519	0.02908	0.01502	0.01807	0.01217	0.01248	0.04273	0.00305	0.12606	0.00652	0.00526	0.01065
7	0.01187	0.00890	0.01335	0.01335	0.01483	0.01038	0.01038	0.01483	0.01335	0.01928	0.02225	0.03264	0.02077	0.06231	0.67512	0.01335	0.02225	0.00890	0.00445	0.00742
8	0.01188	0.00884	0.01303	0.01303	0.01441	0.01021	0.00999	0.01463	0.01326	0.01905	0.02254	0.03424	0.02147	0.11009	0.62830	0.01296	0.02120	0.00914	0.00449	0.00724
9	0.01012	0.00723	0.00964	0.01157	0.01205	0.00675	0.00771	0.01157	0.01591	0.02121	0.04579	0.70262	0.05495	0.02603	0.01060	0.00337	0.00482	0.02362	0.00771	0.00675
10	0.03103	0.03959	0.02354	0.02140	0.02568	0.67469	0.01605	0.03317	0.02354	0.02033	0.01284	0.01498	0.01070	0.00856	0.00749	0.00214	0.01498	0.00535	0.00428	0.00963
11	0.02121	0.23824	0.35273	0.02045	0.02959	0.15662	0.02290	0.02729	0.01857	0.02311	0.01351	0.01579	0.01060	0.00780	0.00706	0.00228	0.01184	0.00548	0.00368	0.01127
12	0.02056	0.01974	0.03372	0.05099	0.65622	0.01974	0.02550	0.02550	0.01892	0.02714	0.01563	0.02056	0.01316	0.00740	0.00822	0.00247	0.00987	0.00740	0.00411	0.01316
13	0.01201	0.00834	0.01051	0.01051	0.01100	0.00884	0.00684	0.01301	0.01251	0.01718	0.02485	0.04705	0.02703	0.49064	0.25535	0.00984	0.01283	0.01101	0.00484	0.00584
14	0.02358	0.20045	0.21396	0.02037	0.02725	0.27173	0.02004	0.02799	0.01922	0.02184	0.01295	0.01561	0.01066	0.00856	0.00889	0.00233	0.07460	0.00554	0.00382	0.01059
15	0.01445	0.01127	0.01267	0.01223	0.01463	0.01172	0.00890	0.07046	0.14352	0.02582	0.04523	0.19536	0.18293	0.14051	0.06787	0.00464	0.00732	0.01478	0.00719	0.00848
16	0.01208	0.00805	0.00906	0.00906	0.00906	0.00805	0.00503	0.01208	0.01208	0.01611	0.02618	0.05436	0.03020	0.70804	0.04228	0.00805	0.00805	0.01208	0.00503	0.00503
17	0.01002	0.00763	0.00923	0.01051	0.01177	0.00684	0.00724	0.01169	0.01693	0.02162	0.05871	0.49298	0.25625	0.02435	0.01034	0.00318	0.00461	0.02157	0.00771	0.00684
18	0.76672	0.01607	0.01221	0.01092	0.01607	0.01864	0.00900	0.02442	0.01414	0.03727	0.01157	0.01350	0.00900	0.00771	0.00514	0.00257	0.00643	0.00450	0.00514	0.00900
19	0.01291	0.01043	0.01535	0.01475	0.01599	0.01287	0.01167	0.01569	0.01325	0.01940	0.02038	0.03025	0.01914	0.05442	0.56812	0.01175	0.13301	0.00863	0.00432	0.00769
20	0.02257	0.38207	0.03409	0.01738	0.02300	0.13134	0.04467	0.02866	0.11671	0.02270	0.01696	0.02080	0.01479	0.00922	0.00817	0.00227	0.05650	0.03277	0.00467	0.01067
21	0.02932	0.03595	0.02386	0.02135	0.02516	0.55716	0.01633	0.05881	0.02280	0.02176	0.01291	0.01564	0.01089	0.00943	0.01020	0.00236	0.10622	0.00571	0.00438	0.00976
22	0.01208	0.00805	0.00906	0.00906	0.00906	0.00805	0.00503	0.01208	0.01208	0.01611	0.02618	0.05436	0.03020	0.70804	0.04228	0.00805	0.00805	0.01208	0.00503	0.00503
23	0.01212	0.00907	0.01168	0.01303	0.01511	0.00862	0.01093	0.01528	0.01885	0.02390	0.05586	0.13136	0.22524	0.02260	0.01093	0.00350	0.00645	0.39041	0.00767	0.00740
24	0.02738	0.03310	0.02575	0.09339	0.15710	0.47649	0.01867	0.03043	0.02191	0.02181	0.01360	0.01683	0.01124	0.00830	0.00772	0.00227	0.01355	0.00597	0.00419	0.01031
25	0.01932	0.01718	0.02130	0.02449	0.18070	0.01877	0.01544	0.03552	0.40844	0.03133	0.03533	0.03430	0.09844	0.01148	0.00856	0.00273	0.00712	0.00988	0.00727	0.01241
26	0.01009	0.00811	0.00900	0.00945	0.01156	0.00703	0.00683	0.01220	0.01859	0.02319	0.13025	0.24175	0.43895	0.02195	0.01002	0.00294	0.00434	0.01888	0.00786	0.00703
27	0.01204	0.00822	0.00992	0.00992	0.01022	0.00852	0.00611	0.01263	0.01234	0.01675	0.02539	0.04999	0.02830	0.57814	0.16959	0.00912	0.01091	0.01144	0.00492	0.00551
28	0.02056	0.01974	0.03372	0.05099	0.65622	0.01974	0.02550	0.02550	0.01892	0.02714	0.01563	0.02056	0.01316	0.00740	0.00822	0.00247	0.00987	0.00740	0.00411	0.01316
29	0.02056	0.01974	0.03372	0.05099	0.65622	0.01974	0.02550	0.02550	0.01892	0.02714	0.01563	0.02056	0.01316	0.00740	0.00822	0.00247	0.00987	0.00740	0.00411	0.01316
30	0.01978	0.02441	0.16072	0.04550	0.53144	0.01965	0.02654	0.02566	0.01864	0.02697	0.01548	0.01995	0.01263	0.00750	0.00816	0.00250	0.01035	0.00715	0.00399	0.01298
31	0.02056	0.01974	0.03372	0.05099	0.65622	0.01974	0.02550	0.02550	0.01892	0.02714	0.01563	0.02056	0.01316	0.00740	0.00822	0.00247	0.00987	0.00740	0.00411	0.01316
32	0.01556	0.01386	0.02135	0.02942	0.32031	0.01336	0.01596	0.01957	0.02033	0.02803	0.22562	0.04603	0.17031	0.01327	0.00905	0.00258	0.00683	0.01191	0.00643	0.01021
33	0.01138	0.00836	0.01128	0.01387	0.05898	0.00803	0.00837	0.01272	0.01519	0.02039	0.03872	0.49243	0.04576	0.19269	0.01823	0.00446	0.00599	0.01957	0.00679	0.00680
34	0.01586	0.01439	0.02280	0.23760	0.23385	0.01503	0.01837	0.01997	0.01742	0.02374	0.02610	0.16361	0.06471	0.01230	0.00865	0.00266	0.00850	0.01116	0.00503	0.07825
35	0.01691	0.08119	0.01877	0.01896	0.14438	0.01386	0.01200	0.06131	0.02064	0.03042	0.18823	0.08422	0.03558	0.01211	0.00783	0.00235	0.00603	0.01042	0.22528	0.00952
36	0.02409	0.29581	0.03036	0.01848	0.06505	0.15628	0.01453	0.13035	0.04822	0.02643	0.01901	0.02224	0.04399	0.06062	0.00956	0.00258	0.00984	0.00675	0.00507	0.01074
37	0.01682	0.15676	0.02508	0.01952	0.08146	0.02098	0.01475	0.01914	0.01572	0.02121	0.02942	0.09232	0.14424	0.01468	0.01589	0.00295	0.28476	0.01026	0.00486	0.00918
38	0.21684	0.02116	0.14769	0.01548	0.02171	0.01731	0.01475	0.14561	0.05070	0.07737	0.02840	0.09350	0.09261	0.01194	0.00781	0.00269	0.00779	0.00936	0.00651	0.01079
39	0.07318	0.08491	0.15440	0.25263	0.12633	0.01971	0.02137	0.04697	0.04323	0.02587	0.01748	0.06640	0.01477	0.00934	0.00787	0.00263	0.00992	0.00785	0.00446	0.01069

[dist]
# distance from previous block
# <min> <max>
0	1

[block]
# block no. 2 follows, 22 sequences, length 6
# corresponding to MSA columns:
# 139-144
name=unknown_C
#
# <colnr> <probs for GDERKNQSTAVLIFYWHMCP>
#	G	D	E	R	K	N	Q	S	T	A	V	L	I	F	Y	W	H	M	C	P
0	0.09048	0.19368	0.10497	0.03506	0.36939	0.02284	0.02174	0.02533	0.01781	0.02612	0.01416	0.01777	0.01185	0.00741	0.00718	0.00232	0.00957	0.00626	0.00400	0.01205
1	0.02009	0.15845	0.14368	0.08944	0.17368	0.02310	0.02143	0.02460	0.01680	0.05889	0.01442	0.01860	0.01187	0.00944	0.01231	0.00268	0.17863	0.00662	0.00409	0.01120
2	0.18830	0.01920	0.06799	0.19788	0.32213	0.01914	0.02149	0.02425	0.01717	0.02792	0.01445	0.01915	0.01153	0.00773	0.00752	0.00258	0.00954	0.00666	0.00420	0.01118
3	0.07521	0.01925	0.10164	0.15963	0.25717	0.01758	0.02048	0.05450	0.01831	0.02762	0.01707	0.02212	0.01370	0.01317	0.07019	0.00352	0.01065	0.00720	0.08006	0.01093
4	0.01763	0.01647	0.02777	0.26954	0.35571	0.01797	0.02252	0.02250	0.01732	0.02396	0.01625	0.02281	0.01349	0.01543	0.10189	0.00410	0.01203	0.00761	0.00401	0.01097
5	0.02094	0.16375	0.09063	0.16038	0.07362	0.12174	0.01786	0.09844	0.02109	0.02568	0.02429	0.02654	0.10168	0.01000	0.00774	0.00241	0.01006	0.00779	0.00490	0.01045

[dist]
# distance from previous block
# <min> <max>
12	47

[block]
# block no. 3 follows, 22 sequences, length 6
# corresponding to MSA columns:
# 192-197
name=unknown_D
#
# <colnr> <probs for GDERKNQSTAVLIFYWHMCP>
#	G	D	E	R	K	N	Q	S	T	A	V	L	I	F	Y	W	H	M	C	P
0	0.22536	0.02442	0.20134	0.02749	0.22184	0.01828	0.02061	0.02749	0.01790	0.11696	0.01668	0.01885	0.01231	0.00802	0.00731	0.00256	0.00921	0.00639	0.00507	0.01191
1	0.07563	0.08964	0.09607	0.11685	0.02954	0.14448	0.01756	0.17921	0.02423	0.07611	0.01846	0.02357	0.01468	0.00970	0.00783	0.00252	0.01042	0.04647	0.00577	0.01124
2	0.02591	0.11887	0.02665	0.02252	0.11598	0.15386	0.01596	0.25415	0.02637	0.03302	0.01731	0.02132	0.01436	0.05979	0.05500	0.00343	0.01120	0.00703	0.00575	0.01154
3	0.02427	0.24364	0.03012	0.02097	0.09556	0.20875	0.01570	0.02714	0.01903	0.05612	0.01390	0.01642	0.01174	0.00829	0.00860	0.00210	0.07411	0.00558	0.00438	0.11357
4	0.01763	0.01336	0.01512	0.01285	0.01679	0.01321	0.01006	0.19676	0.02602	0.03522	0.24135	0.09449	0.17227	0.01537	0.00907	0.00254	0.00580	0.01296	0.00809	0.08105
5	0.02617	0.11739	0.02542	0.08005	0.02639	0.09919	0.01522	0.34621	0.02956	0.03759	0.02321	0.05690	0.05918	0.01083	0.00802	0.00244	0.00941	0.00831	0.00669	0.01181

[dist]
# distance from previous block
# <min> <max>
34	142

[block]
# block no. 4 follows, 22 sequences, length 13
# corresponding to MSA columns:
# 347-359
name=unknown_E
#
# <colnr> <probs for GDERKNQSTAVLIFYWHMCP>
#	G	D	E	R	K	N	Q	S	T	A	V	L	I	F	Y	W	H	M	C	P
0	0.05175	0.16012	0.10799	0.04687	0.02587	0.05777	0.09042	0.05897	0.01962	0.06397	0.07717	0.02843	0.08529	0.01078	0.00987	0.00256	0.07836	0.00848	0.00535	0.01036
1	0.02289	0.34582	0.03089	0.01507	0.02125	0.07598	0.01335	0.14693	0.02280	0.02894	0.09401	0.02139	0.02006	0.00893	0.00677	0.00199	0.00846	0.00652	0.00545	0.10251
2	0.02743	0.11863	0.10622	0.01995	0.02610	0.38086	0.01726	0.11737	0.02387	0.02604	0.01409	0.01595	0.01127	0.00837	0.00732	0.00216	0.01253	0.00562	0.00472	0.05425
3	0.01735	0.02227	0.17641	0.01646	0.02264	0.05654	0.01578	0.06323	0.10555	0.02719	0.02816	0.07877	0.08422	0.01835	0.09881	0.00391	0.01037	0.00927	0.00568	0.13903
4	0.02117	0.01965	0.02343	0.02414	0.14588	0.13176	0.08420	0.10300	0.02277	0.03046	0.09986	0.03251	0.02514	0.01073	0.00830	0.00248	0.00915	0.05486	0.14013	0.01037
5	0.02144	0.19371	0.11095	0.18937	0.14672	0.15788	0.02086	0.02598	0.01864	0.02233	0.01376	0.01767	0.01120	0.00785	0.00735	0.00233	0.01128	0.00610	0.00383	0.01075
6	0.02015	0.10723	0.10415	0.02293	0.14687	0.12976	0.01690	0.02429	0.01810	0.02487	0.01734	0.02134	0.01432	0.01168	0.04384	0.00289	0.06788	0.00668	0.18862	0.01016
7	0.01326	0.01018	0.01167	0.01172	0.01398	0.01012	0.00857	0.05307	0.11015	0.02722	0.12702	0.30530	0.19482	0.01991	0.00966	0.00295	0.00503	0.01738	0.03965	0.00835
8	0.01733	0.01812	0.10661	0.01786	0.09696	0.09212	0.01353	0.02159	0.01796	0.02670	0.02422	0.10812	0.02155	0.01388	0.04376	0.00293	0.00829	0.00919	0.33013	0.00915
9	0.12507	0.20224	0.13425	0.02186	0.13943	0.02161	0.01708	0.02595	0.09242	0.02603	0.01737	0.02257	0.01505	0.09368	0.01117	0.00306	0.00890	0.00682	0.00465	0.01077
10	0.01728	0.07169	0.01748	0.01823	0.14057	0.04882	0.01146	0.02113	0.01858	0.02841	0.10080	0.03051	0.02533	0.01231	0.03790	0.00265	0.00695	0.00823	0.37251	0.00917
11	0.01904	0.08098	0.21008	0.02885	0.19703	0.06276	0.02260	0.02404	0.01713	0.02385	0.01767	0.02157	0.04793	0.01013	0.01263	0.00275	0.17861	0.00722	0.00399	0.01114
12	0.06018	0.02222	0.18303	0.14604	0.10936	0.01801	0.07552	0.02254	0.01644	0.02478	0.01628	0.02192	0.01315	0.01630	0.10443	0.00423	0.08127	0.00735	0.04666	0.01027

[dist]
# distance from previous block
# <min> <max>
19	74

[block]
# block no. 5 follows, 22 sequences, length 98
# corresponding to MSA columns:
# 448-545
name=unknown_F
#
# <colnr> <probs for GDERKNQSTAVLIFYWHMCP>
#	G	D	E	R	K	N	Q	S	T	A	V	L	I	F	Y	W	H	M	C	P
0	0.05426	0.08914	0.04901	0.01634	0.04491	0.12411	0.01276	0.08616	0.01986	0.02537	0.03064	0.16276	0.10192	0.02238	0.11888	0.00438	0.01083	0.01130	0.00578	0.00920
1	0.02083	0.01690	0.02047	0.14685	0.02710	0.04827	0.04198	0.23456	0.02434	0.03199	0.06146	0.06352	0.02327	0.18244	0.01690	0.00396	0.00921	0.00984	0.00625	0.00984
2	0.01847	0.15650	0.16612	0.01628	0.02219	0.01886	0.01593	0.14159	0.02135	0.02870	0.05464	0.15882	0.05252	0.01779	0.07008	0.00358	0.00969	0.01070	0.00584	0.01035
3	0.06788	0.25474	0.17804	0.01757	0.02496	0.02371	0.04051	0.08317	0.11411	0.02800	0.02044	0.02180	0.04265	0.01119	0.03539	0.00283	0.00974	0.00686	0.00508	0.01135
4	0.02120	0.28950	0.08352	0.01410	0.01961	0.02081	0.01309	0.06297	0.04353	0.10085	0.05011	0.05706	0.02114	0.10133	0.01156	0.00298	0.00800	0.00806	0.06030	0.01028
5	0.01901	0.02786	0.32863	0.02222	0.05513	0.01599	0.09996	0.02572	0.01921	0.12010	0.07765	0.08251	0.04705	0.01090	0.00868	0.00270	0.00999	0.00964	0.00561	0.01141
6	0.02240	0.02857	0.24912	0.02682	0.15342	0.02145	0.02273	0.22012	0.02440	0.03448	0.01638	0.01894	0.01234	0.00885	0.00941	0.00255	0.06013	0.00683	0.00527	0.05579
7	0.06401	0.01879	0.05848	0.01555	0.02005	0.06446	0.01286	0.25322	0.02637	0.03564	0.08905	0.19182	0.08503	0.01507	0.00886	0.00273	0.00766	0.01251	0.00741	0.01041
8	0.01873	0.05362	0.06659	0.01712	0.02026	0.14842	0.01455	0.04685	0.01801	0.02285	0.02515	0.05967	0.07696	0.02226	0.13184	0.00471	0.15681	0.04640	0.04023	0.00897
9	0.03024	0.02521	0.02358	0.01865	0.02489	0.15360	0.01505	0.41757	0.03294	0.07241	0.01859	0.01906	0.01356	0.00930	0.00792	0.00229	0.00990	0.00683	0.00724	0.09114
10	0.01622	0.01098	0.01251	0.01155	0.01339	0.01162	0.00816	0.13279	0.01867	0.02642	0.02627	0.09554	0.02648	0.31636	0.10887	0.00626	0.00914	0.01103	0.13005	0.00769
11	0.02791	0.01908	0.02185	0.05978	0.02546	0.02025	0.01444	0.30122	0.15319	0.15566	0.02419	0.02354	0.01717	0.00978	0.00812	0.00246	0.00806	0.00775	0.00805	0.09205
12	0.02813	0.02123	0.02308	0.01748	0.02430	0.02223	0.01436	0.48258	0.03382	0.04628	0.01870	0.01929	0.01369	0.00905	0.00779	0.00219	0.00842	0.00687	0.00750	0.19300
13	0.02139	0.01677	0.01921	0.01531	0.02049	0.01687	0.01216	0.24823	0.02471	0.03471	0.02172	0.12576	0.02025	0.04179	0.01077	0.00251	0.05730	0.00926	0.00654	0.27427
14	0.02810	0.01989	0.02216	0.01713	0.02360	0.02060	0.01414	0.41625	0.03209	0.10080	0.02161	0.02486	0.01650	0.01007	0.00809	0.00234	0.00827	0.04482	0.00778	0.16090
15	0.02401	0.02324	0.02345	0.01980	0.02318	0.19170	0.05008	0.17437	0.02236	0.02783	0.01536	0.02005	0.01298	0.01702	0.07028	0.09282	0.16948	0.00709	0.00507	0.00983
16	0.01938	0.01736	0.01666	0.01514	0.01736	0.14495	0.01189	0.06010	0.01824	0.02563	0.01958	0.02488	0.01655	0.02123	0.14773	0.00469	0.14822	0.00740	0.25429	0.00873
17	0.03158	0.02327	0.02493	0.01911	0.02576	0.02576	0.01579	0.62852	0.03906	0.05236	0.01995	0.01995	0.01413	0.00997	0.00831	0.00249	0.00914	0.00748	0.00831	0.01413
18	0.02147	0.62351	0.12657	0.01548	0.02328	0.03106	0.01642	0.02507	0.01697	0.02045	0.01200	0.01389	0.01064	0.00721	0.00567	0.00189	0.00934	0.00467	0.00355	0.01088
19	0.07203	0.01328	0.01606	0.01402	0.01837	0.01319	0.01095	0.03238	0.17109	0.28659	0.09030	0.16448	0.03303	0.01408	0.00875	0.00279	0.00618	0.01198	0.00890	0.01154
20	0.03088	0.02292	0.02454	0.01897	0.02550	0.02544	0.01562	0.59130	0.07742	0.05123	0.02083	0.02065	0.01484	0.01006	0.00832	0.00251	0.00898	0.00760	0.00832	0.01407
21	0.02185	0.36575	0.18820	0.01787	0.02526	0.15493	0.01830	0.02613	0.01810	0.02132	0.01340	0.01609	0.01137	0.01162	0.05529	0.00290	0.01189	0.00536	0.00375	0.01061
22	0.01052	0.00844	0.00939	0.00916	0.01165	0.00731	0.00687	0.01329	0.02060	0.02640	0.29059	0.07344	0.44395	0.01956	0.00981	0.00274	0.00410	0.01662	0.00823	0.00731
23	0.03158	0.02327	0.02493	0.01911	0.02576	0.02576	0.01579	0.62852	0.03906	0.05236	0.01995	0.01995	0.01413	0.00997	0.00831	0.00249	0.00914	0.00748	0.00831	0.01413
24	0.03103	0.03959	0.02354	0.02140	0.02568	0.67469	0.01605	0.03317	0.02354	0.02033	0.01284	0.01498	0.01070	0.00856	0.00749	0.00214	0.01498	0.00535	0.00428	0.00963
25	0.01104	0.00815	0.01046	0.01152	0.01300	0.00757	0.00861	0.01357	0.01860	0.02457	0.17365	0.34366	0.16398	0.02272	0.01048	0.00321	0.00509	0.13493	0.00799	0.00719
26	0.03158	0.02327	0.02493	0.01911	0.02576	0.02576	0.01579	0.62852	0.03906	0.05236	0.01995	0.01995	0.01413	0.00997	0.00831	0.00249	0.00914	0.00748	0.00831	0.01413
27	0.01723	0.01477	0.01723	0.01230	0.01969	0.01107	0.00984	0.02092	0.01723	0.02707	0.01477	0.01723	0.01230	0.00615	0.00615	0.00123	0.00615	0.00492	0.00492	0.75883
28	0.02221	0.71304	0.04353	0.01421	0.02132	0.03287	0.01421	0.02488	0.01688	0.01955	0.01155	0.01333	0.01066	0.00711	0.00533	0.00178	0.00888	0.00444	0.00355	0.01066
29	0.06337	0.01101	0.01452	0.01394	0.01731	0.01046	0.01163	0.02399	0.02080	0.21434	0.13966	0.09003	0.04292	0.01748	0.00988	0.00316	0.00667	0.27067	0.00853	0.00963
30	0.01101	0.00775	0.00989	0.01069	0.01146	0.00734	0.00713	0.01277	0.01703	0.02323	0.20130	0.38396	0.05543	0.18093	0.01770	0.00425	0.00533	0.01869	0.00747	0.00664
31	0.01549	0.00774	0.00774	0.00774	0.00968	0.00774	0.00581	0.01936	0.01742	0.03097	0.02710	0.03097	0.02129	0.00968	0.00581	0.00194	0.00387	0.00774	0.75416	0.00774
32	0.01208	0.00805	0.00906	0.00906	0.00906	0.00805	0.00503	0.01208	0.01208	0.01611	0.02618	0.05436	0.03020	0.70804	0.04228	0.00805	0.00805	0.01208	0.00503	0.00503
33	0.01666	0.04297	0.66500	0.02368	0.03596	0.01929	0.03069	0.02631	0.01754	0.02631	0.01491	0.01754	0.01052	0.00789	0.00789	0.00263	0.01228	0.00614	0.00351	0.01228
34	0.02056	0.01974	0.03372	0.05099	0.65622	0.01974	0.02550	0.02550	0.01892	0.02714	0.01563	0.02056	0.01316	0.00740	0.00822	0.00247	0.00987	0.00740	0.00411	0.01316
35	0.01961	0.02241	0.04902	0.03501	0.04342	0.02101	0.62605	0.02661	0.01961	0.02661	0.01681	0.02241	0.01261	0.00700	0.00980	0.00280	0.01401	0.00980	0.00420	0.01120
36	0.01208	0.00805	0.00906	0.00906	0.00906	0.00805	0.00503	0.01208	0.01208	0.01611	0.02618	0.05436	0.03020	0.70804	0.04228	0.00805	0.00805	0.01208	0.00503	0.00503
37	0.02056	0.01974	0.03372	0.05099	0.65622	0.01974	0.02550	0.02550	0.01892	0.02714	0.01563	0.02056	0.01316	0.00740	0.00822	0.00247	0.00987	0.00740	0.00411	0.01316
38	0.01187	0.00890	0.01335	0.01335	0.01483	0.01038	0.01038	0.01483	0.01335	0.01928	0.02225	0.03264	0.02077	0.06231	0.67512	0.01335	0.02225	0.00890	0.00445	0.00742
39	0.00982	0.00842	0.00842	0.00842	0.01122	0.00701	0.00631	0.01192	0.01894	0.02244	0.08416	0.07995	0.65285	0.02104	0.00982	0.00281	0.00421	0.01753	0.00771	0.00701
40	0.01187	0.00890	0.01335	0.01335	0.01483	0.01038	0.01038	0.01483	0.01335	0.01928	0.02225	0.03264	0.02077	0.06231	0.67512	0.01335	0.02225	0.00890	0.00445	0.00742
41	0.02221	0.71304	0.04353	0.01421	0.02132	0.03287	0.01421	0.02488	0.01688	0.01955	0.01155	0.01333	0.01066	0.00711	0.00533	0.00178	0.00888	0.00444	0.00355	0.01066
42	0.01145	0.00857	0.01091	0.01230	0.01405	0.00804	0.00977	0.01410	0.01814	0.02313	0.05576	0.26533	0.21938	0.02330	0.01076	0.00341	0.00587	0.27085	0.00769	0.00721
43	0.01187	0.00890	0.01335	0.01335	0.01483	0.01038	0.01038	0.01483	0.01335	0.01928	0.02225	0.03264	0.02077	0.06231	0.67512	0.01335	0.02225	0.00890	0.00445	0.00742
44	0.01903	0.01817	0.03095	0.25140	0.46779	0.01934	0.02473	0.02415	0.01819	0.02528	0.01536	0.02106	0.01250	0.00769	0.00825	0.00256	0.01025	0.00740	0.00398	0.01192
45	0.01980	0.02187	0.04595	0.03822	0.16620	0.02075	0.50572	0.02639	0.01947	0.02672	0.01657	0.02204	0.01272	0.00708	0.00949	0.00273	0.01318	0.00932	0.00418	0.01160
46	0.03103	0.03959	0.02354	0.02140	0.02568	0.67469	0.01605	0.03317	0.02354	0.02033	0.01284	0.01498	0.01070	0.00856	0.00749	0.00214	0.01498	0.00535	0.00428	0.00963
47	0.02189	0.67448	0.07930	0.01476	0.02216	0.03209	0.01516	0.02496	0.01692	0.01993	0.01174	0.01357	0.01065	0.00715	0.00548	0.00183	0.00908	0.00454	0.00355	0.01075
48	0.02049	0.01993	0.03484	0.04982	0.61148	0.01983	0.06935	0.02558	0.01897	0.02710	0.01571	0.02070	0.01312	0.00737	0.00834	0.00249	0.01017	0.00758	0.00412	0.01302
49	0.03103	0.03959	0.02354	0.02140	0.02568	0.67469	0.01605	0.03317	0.02354	0.02033	0.01284	0.01498	0.01070	0.00856	0.00749	0.00214	0.01498	0.00535	0.00428	0.00963
50	0.01162	0.00849	0.01091	0.01030	0.01232	0.00778	0.00773	0.01540	0.02318	0.03252	0.61039	0.06336	0.12033	0.01728	0.00980	0.00263	0.00394	0.01521	0.00904	0.00778
51	0.01198	0.00847	0.01116	0.01116	0.01188	0.00919	0.00765	0.01343	0.01270	0.01766	0.02426	0.04375	0.02559	0.39257	0.35146	0.01064	0.01499	0.01053	0.00475	0.00620
52	0.01012	0.00723	0.00964	0.01157	0.01205	0.00675	0.00771	0.01157	0.01591	0.02121	0.04579	0.70262	0.05495	0.02603	0.01060	0.00337	0.00482	0.02362	0.00771	0.00675
53	0.01208	0.00805	0.00906	0.00906	0.00906	0.00805	0.00503	0.01208	0.01208	0.01611	0.02618	0.05436	0.03020	0.70804	0.04228	0.00805	0.00805	0.01208	0.00503	0.00503
54	0.01187	0.00890	0.01335	0.01335	0.01483	0.01038	0.01038	0.01483	0.01335	0.01928	0.02225	0.03264	0.02077	0.06231	0.67512	0.01335	0.02225	0.00890	0.00445	0.00742
55	0.03103	0.03959	0.02354	0.02140	0.02568	0.67469	0.01605	0.03317	0.02354	0.02033	0.01284	0.01498	0.01070	0.00856	0.00749	0.00214	0.01498	0.00535	0.00428	0.00963
56	0.01723	0.01477	0.01723	0.01230	0.01969	0.01107	0.00984	0.02092	0.01723	0.02707	0.01477	0.01723	0.01230	0.00615	0.00615	0.00123	0.00615	0.00492	0.00492	0.75883
57	0.01723	0.01477	0.01723	0.01230	0.01969	0.01107	0.00984	0.02092	0.01723	0.02707	0.01477	0.01723	0.01230	0.00615	0.00615	0.00123	0.00615	0.00492	0.00492	0.75883
58	0.01223	0.00880	0.01177	0.01186	0.01381	0.00834	0.00945	0.01612	0.02224	0.03086	0.47532	0.07125	0.06951	0.01872	0.01028	0.00296	0.00500	0.18499	0.00871	0.00778
59	0.01549	0.00774	0.00774	0.00774	0.00968	0.00774	0.00581	0.01936	0.01742	0.03097	0.02710	0.03097	0.02129	0.00968	0.00581	0.00194	0.00387	0.00774	0.75416	0.00774
60	0.02033	0.01950	0.03331	0.08098	0.62802	0.01968	0.02538	0.02529	0.01881	0.02686	0.01559	0.02064	0.01306	0.00744	0.00823	0.00248	0.00993	0.00740	0.00409	0.01297
61	0.01549	0.00774	0.00774	0.00774	0.00968	0.00774	0.00581	0.01936	0.01742	0.03097	0.02710	0.03097	0.02129	0.00968	0.00581	0.00194	0.00387	0.00774	0.75416	0.00774
62	0.01700	0.01263	0.01444	0.01292	0.01641	0.01304	0.01000	0.06964	0.20505	0.06970	0.30500	0.05058	0.13973	0.01501	0.00922	0.00269	0.00530	0.01281	0.00874	0.01010
63	0.03103	0.03959	0.02354	0.02140	0.02568	0.67469	0.01605	0.03317	0.02354	0.02033	0.01284	0.01498	0.01070	0.00856	0.00749	0.00214	0.01498	0.00535	0.00428	0.00963
64	0.02056	0.01974	0.03372	0.05099	0.65622	0.01974	0.02550	0.02550	0.01892	0.02714	0.01563	0.02056	0.01316	0.00740	0.00822	0.00247	0.00987	0.00740	0.00411	0.01316
65	0.01957	0.01887	0.01729	0.01482	0.01888	0.14454	0.01141	0.07880	0.08292	0.02726	0.08771	0.03576	0.12448	0.06801	0.01223	0.00279	0.05799	0.00941	0.00622	0.16103
66	0.01030	0.00730	0.00959	0.01134	0.01178	0.00686	0.00747	0.01161	0.01556	0.02075	0.04403	0.64465	0.05273	0.08701	0.01344	0.00379	0.00511	0.02259	0.00747	0.00659
67	0.02056	0.01974	0.03372	0.05099	0.65622	0.01974	0.02550	0.02550	0.01892	0.02714	0.01563	0.02056	0.01316	0.00740	0.00822	0.00247	0.00987	0.00740	0.00411	0.01316
68	0.01666	0.04297	0.66500	0.02368	0.03596	0.01929	0.03069	0.02631	0.01754	0.02631	0.01491	0.01754	0.01052	0.00789	0.00789	0.00263	0.01228	0.00614	0.00351	0.01228
69	0.01959	0.02052	0.03499	0.23337	0.24663	0.06756	0.20587	0.02512	0.01878	0.02472	0.01552	0.02118	0.01219	0.00763	0.00867	0.00263	0.01185	0.00797	0.00403	0.01114
70	0.01188	0.00884	0.01304	0.01304	0.01441	0.01021	0.00999	0.01463	0.01326	0.01905	0.02254	0.03422	0.02146	0.10945	0.62891	0.01296	0.02122	0.00913	0.00449	0.00724
71	0.01202	0.00830	0.01030	0.01030	0.01072	0.00873	0.00658	0.01287	0.01245	0.01702	0.02504	0.04810	0.02748	0.52196	0.22465	0.00958	0.01215	0.01116	0.00487	0.00572
72	0.01702	0.01736	0.03310	0.46637	0.05253	0.01932	0.22778	0.02305	0.01763	0.02305	0.01546	0.02224	0.01159	0.00786	0.00881	0.00278	0.01207	0.00820	0.00386	0.00990
73	0.02559	0.02628	0.02368	0.05222	0.15006	0.28184	0.01680	0.14364	0.02403	0.02882	0.01686	0.02012	0.01359	0.01262	0.05642	0.00310	0.01218	0.00673	0.07457	0.01085
74	0.01211	0.00872	0.01106	0.01227	0.01332	0.00851	0.00846	0.06880	0.01805	0.02410	0.04339	0.63930	0.05116	0.02454	0.01039	0.00329	0.00522	0.02212	0.00777	0.00743
75	0.02346	0.02498	0.01774	0.01638	0.01964	0.35022	0.01243	0.05376	0.02074	0.02418	0.01850	0.02262	0.01544	0.01967	0.14089	0.00435	0.01348	0.00674	0.18583	0.00894
76	0.01653	0.15157	0.02335	0.20949	0.06912	0.01782	0.01520	0.06349	0.01934	0.02420	0.03743	0.04308	0.20366	0.01309	0.00842	0.00263	0.00812	0.05860	0.00554	0.00934
77	0.02037	0.02027	0.03679	0.04779	0.53343	0.01999	0.14583	0.02572	0.01905	0.02703	0.01586	0.02093	0.01305	0.00732	0.00854	0.00253	0.01070	0.00788	0.00413	0.01277
78	0.01188	0.00886	0.01316	0.01316	0.01458	0.01028	0.01015	0.01471	0.01330	0.01915	0.02242	0.03358	0.02118	0.09038	0.64761	0.01312	0.02163	0.00904	0.00448	0.00731
79	0.01723	0.01477	0.01723	0.01230	0.01969	0.01107	0.00984	0.02092	0.01723	0.02707	0.01477	0.01723	0.01230	0.00615	0.00615	0.00123	0.00615	0.00492	0.00492	0.75883
80	0.01549	0.00774	0.00774	0.00774	0.00968	0.00774	0.00581	0.01936	0.01742	0.03097	0.02710	0.03097	0.02129	0.00968	0.00581	0.00194	0.00387	0.00774	0.75416	0.00774
81	0.01012	0.00723	0.00964	0.01157	0.01205	0.00675	0.00771	0.01157	0.01591	0.02121	0.04579	0.70262	0.05495	0.02603	0.01060	0.00337	0.00482	0.02362	0.00771	0.00675
82	0.01208	0.00805	0.00906	0.00906	0.00906	0.00805	0.00503	0.01208	0.01208	0.01611	0.02618	0.05436	0.03020	0.70804	0.04228	0.00805	0.00805	0.01208	0.00503	0.00503
83	0.03103	0.03959	0.02354	0.02140	0.02568	0.67469	0.01605	0.03317	0.02354	0.02033	0.01284	0.01498	0.01070	0.00856	0.00749	0.00214	0.01498	0.00535	0.00428	0.00963
84	0.01549	0.00774	0.00774	0.00774	0.00968	0.00774	0.00581	0.01936	0.01742	0.03097	0.02710	0.03097	0.02129	0.00968	0.00581	0.00194	0.00387	0.00774	0.75416	0.00774
85	0.02694	0.02096	0.02232	0.01818	0.02399	0.02360	0.01467	0.38022	0.29491	0.04488	0.02584	0.02464	0.01890	0.01052	0.00837	0.00263	0.00805	0.00829	0.00837	0.01371
86	0.01195	0.00818	0.00994	0.01003	0.01035	0.00845	0.00622	0.01260	0.01251	0.01698	0.02634	0.08103	0.02952	0.54770	0.16599	0.00888	0.01071	0.01200	0.00505	0.00559
87	0.02403	0.03133	0.20717	0.02018	0.02696	0.20609	0.01931	0.18926	0.02441	0.03055	0.01683	0.01983	0.01316	0.01719	0.11266	0.00414	0.01377	0.00671	0.00517	0.01126
88	0.13332	0.24820	0.06667	0.07746	0.02369	0.13018	0.01432	0.02346	0.01769	0.02374	0.04224	0.12660	0.02010	0.01100	0.00711	0.00239	0.00911	0.00845	0.00480	0.00947
89	0.01973	0.39816	0.28720	0.01850	0.02713	0.02698	0.02100	0.02508	0.01684	0.02224	0.01283	0.01534	0.01062	0.00796	0.00794	0.00225	0.06016	0.00532	0.00354	0.01118
90	0.02341	0.03085	0.20660	0.01975	0.02676	0.18363	0.01891	0.14935	0.13892	0.03123	0.02435	0.02479	0.06468	0.01013	0.00813	0.00253	0.01064	0.00771	0.00590	0.01173
91	0.28672	0.01493	0.02070	0.04660	0.04937	0.01560	0.13429	0.02140	0.01684	0.02885	0.02700	0.04058	0.07874	0.05644	0.01039	0.00324	0.00843	0.12539	0.00558	0.00892
92	0.13181	0.13790	0.05340	0.02316	0.19116	0.01850	0.01537	0.02379	0.04324	0.05682	0.02701	0.02871	0.11500	0.01239	0.03875	0.00288	0.00846	0.00804	0.00526	0.05835
93	0.19117	0.02553	0.23248	0.02137	0.10218	0.01881	0.01910	0.06592	0.12330	0.03169	0.02355	0.02464	0.06724	0.00960	0.00758	0.00263	0.00880	0.00751	0.00545	0.01145
94	0.01688	0.01754	0.06572	0.12378	0.34374	0.01599	0.02000	0.02145	0.01842	0.02515	0.03184	0.03463	0.16596	0.01075	0.00848	0.00253	0.00862	0.00960	0.00493	0.05401
95	0.10876	0.02015	0.06398	0.02585	0.20052	0.06525	0.04408	0.08815	0.04974	0.03164	0.07613	0.02403	0.01960	0.00895	0.00763	0.00236	0.00856	0.00754	0.06712	0.07998
96	0.02219	0.16152	0.02339	0.05454	0.02223	0.23861	0.01341	0.06834	0.02039	0.02356	0.02201	0.02514	0.06753	0.01795	0.11203	0.00393	0.01231	0.00724	0.07427	0.00940
97	0.06525	0.16006	0.07961	0.14235	0.05766	0.15105	0.01678	0.02623	0.01897	0.08223	0.02035	0.02248	0.05867	0.00899	0.00731	0.00230	0.01002	0.00680	0.00485	0.05806

[dist]
# distance from previous block
# <min> <max>
1	110

[block]
# block no. 6 follows, 22 sequences, length 48
# corresponding to MSA columns:
# 660-707
name=unknown_G
#
# <colnr> <probs for GDERKNQSTAVLIFYWHMCP>
#	G	D	E	R	K	N	Q	S	T	A	V	L	I	F	Y	W	H	M	C	P
0	0.02127	0.15153	0.14247	0.01892	0.02636	0.06114	0.08632	0.13617	0.02258	0.03041	0.08069	0.02213	0.01874	0.00871	0.00759	0.00219	0.00952	0.00715	0.00536	0.14075
1	0.05839	0.15189	0.04807	0.01825	0.05049	0.19953	0.03920	0.05658	0.02021	0.02447	0.02647	0.02780	0.12919	0.01054	0.00836	0.00228	0.04049	0.00785	0.00502	0.07491
2	0.12120	0.01964	0.06464	0.02632	0.17288	0.04602	0.08092	0.05232	0.04616	0.05540	0.01913	0.02652	0.01629	0.01333	0.05478	0.00339	0.06034	0.05547	0.00520	0.06006
3	0.18730	0.06648	0.08589	0.08442	0.02414	0.18803	0.01438	0.04728	0.01862	0.02723	0.01612	0.02067	0.01330	0.05430	0.00903	0.00270	0.00972	0.00627	0.11474	0.00937
4	0.09699	0.07429	0.32880	0.09905	0.03373	0.12941	0.04900	0.04999	0.01897	0.02647	0.01428	0.01729	0.01070	0.00803	0.00754	0.00251	0.01174	0.00609	0.00404	0.01108
5	0.02145	0.02734	0.17459	0.03087	0.18457	0.09877	0.15894	0.08828	0.02127	0.02891	0.01677	0.02041	0.01291	0.00801	0.00823	0.00250	0.01140	0.00745	0.06556	0.01175
6	0.01773	0.01977	0.13725	0.06311	0.10034	0.01490	0.01614	0.09709	0.02052	0.02931	0.02919	0.03095	0.12743	0.01026	0.00775	0.00225	0.00785	0.00847	0.08234	0.17735
7	0.03016	0.03295	0.02323	0.02005	0.02500	0.43884	0.01549	0.21846	0.02817	0.03046	0.01856	0.01972	0.04328	0.00961	0.00786	0.00228	0.01262	0.00661	0.00571	0.01091
8	0.08308	0.20939	0.10298	0.01612	0.02233	0.13660	0.01492	0.12756	0.02208	0.02810	0.02697	0.02752	0.12918	0.01056	0.00734	0.00232	0.00935	0.00774	0.00539	0.01046
9	0.16032	0.02027	0.01660	0.01560	0.01934	0.21397	0.01236	0.02599	0.02035	0.11096	0.08180	0.08335	0.02895	0.01374	0.00847	0.00278	0.00906	0.14011	0.00665	0.00932
10	0.06134	0.07768	0.02696	0.03155	0.30837	0.13571	0.01829	0.05466	0.02116	0.02823	0.13177	0.02620	0.02433	0.00949	0.00799	0.00239	0.00939	0.00804	0.00528	0.01117
11	0.07204	0.01634	0.02270	0.20100	0.14346	0.01749	0.01730	0.13626	0.02240	0.14713	0.02500	0.06754	0.05423	0.01062	0.00832	0.00265	0.00867	0.00900	0.00641	0.01144
12	0.09130	0.01145	0.01276	0.01247	0.01488	0.01207	0.00933	0.06750	0.08392	0.02761	0.08281	0.26309	0.14841	0.05948	0.01205	0.00331	0.03501	0.03682	0.00733	0.00840
13	0.02588	0.02272	0.02192	0.08710	0.02707	0.14151	0.01533	0.19143	0.27056	0.07233	0.02434	0.02411	0.01800	0.01007	0.00822	0.00259	0.00928	0.00788	0.00727	0.01241
14	0.01187	0.00870	0.01189	0.01189	0.01366	0.00951	0.00919	0.01478	0.01477	0.02105	0.03379	0.04091	0.13359	0.04954	0.48770	0.01030	0.01715	0.01032	0.08202	0.00738
15	0.40380	0.01660	0.01664	0.01355	0.01936	0.01766	0.01118	0.12860	0.02142	0.24755	0.01999	0.01947	0.01368	0.00894	0.00673	0.00256	0.00708	0.00627	0.00737	0.01155
16	0.01698	0.04108	0.61356	0.02590	0.08649	0.01933	0.03027	0.02624	0.01765	0.02638	0.01497	0.01779	0.01074	0.00785	0.00792	0.00262	0.01208	0.00624	0.00356	0.01235
17	0.01152	0.00848	0.01078	0.01021	0.01227	0.00774	0.00765	0.01522	0.02296	0.03200	0.58319	0.06422	0.14785	0.01747	0.00980	0.00264	0.00395	0.01533	0.00897	0.00774
18	0.03590	0.01633	0.02064	0.01582	0.02230	0.01547	0.01307	0.18178	0.02745	0.51550	0.02969	0.02627	0.01902	0.01021	0.00834	0.00255	0.00757	0.00814	0.00981	0.01414
19	0.03158	0.02327	0.02493	0.01911	0.02576	0.02576	0.01579	0.62852	0.03906	0.05236	0.01995	0.01995	0.01413	0.00997	0.00831	0.00249	0.00914	0.00748	0.00831	0.01413
20	0.01846	0.45796	0.03260	0.01390	0.01897	0.02473	0.01283	0.02124	0.01560	0.01945	0.01543	0.02032	0.01432	0.02710	0.24797	0.00597	0.01373	0.00606	0.00388	0.00949
21	0.03727	0.01414	0.01928	0.01478	0.02121	0.01221	0.01221	0.04049	0.02378	0.66198	0.03277	0.02828	0.02056	0.01028	0.00835	0.00257	0.00707	0.00835	0.01028	0.01414
22	0.01384	0.00895	0.01177	0.01080	0.01313	0.00819	0.00819	0.01770	0.02354	0.08454	0.60140	0.05930	0.07367	0.01644	0.00968	0.00261	0.00418	0.01448	0.00924	0.00835
23	0.01666	0.04297	0.66500	0.02368	0.03596	0.01929	0.03069	0.02631	0.01754	0.02631	0.01491	0.01754	0.01052	0.00789	0.00789	0.00263	0.01228	0.00614	0.00351	0.01228
24	0.01172	0.00880	0.01120	0.01254	0.01446	0.00828	0.01022	0.01459	0.01849	0.02347	0.05655	0.19815	0.23349	0.02292	0.01081	0.00343	0.00610	0.31980	0.00768	0.00729
25	0.02056	0.01974	0.03372	0.05099	0.65622	0.01974	0.02550	0.02550	0.01892	0.02714	0.01563	0.02056	0.01316	0.00740	0.00822	0.00247	0.00987	0.00740	0.00411	0.01316
26	0.01072	0.00766	0.01033	0.01225	0.01300	0.00727	0.00876	0.01261	0.01650	0.02188	0.04546	0.59067	0.05363	0.02546	0.01076	0.00346	0.00534	0.12965	0.00770	0.00691
27	0.01187	0.00890	0.01335	0.01335	0.01483	0.01038	0.01038	0.01483	0.01335	0.01928	0.02225	0.03264	0.02077	0.06231	0.67512	0.01335	0.02225	0.00890	0.00445	0.00742
28	0.03727	0.01414	0.01928	0.01478	0.02121	0.01221	0.01221	0.04049	0.02378	0.66198	0.03277	0.02828	0.02056	0.01028	0.00835	0.00257	0.00707	0.00835	0.01028	0.01414
29	0.02056	0.01974	0.03372	0.05099	0.65622	0.01974	0.02550	0.02550	0.01892	0.02714	0.01563	0.02056	0.01316	0.00740	0.00822	0.00247	0.00987	0.00740	0.00411	0.01316
30	0.03727	0.01414	0.01928	0.01478	0.02121	0.01221	0.01221	0.04049	0.02378	0.66198	0.03277	0.02828	0.02056	0.01028	0.00835	0.00257	0.00707	0.00835	0.01028	0.01414
31	0.01208	0.00805	0.00906	0.00906	0.00906	0.00805	0.00503	0.01208	0.01208	0.01611	0.02618	0.05436	0.03020	0.70804	0.04228	0.00805	0.00805	0.01208	0.00503	0.00503
32	0.01208	0.00805	0.00906	0.00906	0.00906	0.00805	0.00503	0.01208	0.01208	0.01611	0.02618	0.05436	0.03020	0.70804	0.04228	0.00805	0.00805	0.01208	0.00503	0.00503
33	0.01703	0.08694	0.62422	0.02306	0.03500	0.02018	0.02961	0.02621	0.01750	0.02587	0.01469	0.01726	0.01053	0.00784	0.00772	0.00257	0.01205	0.00603	0.00351	0.01217
34	0.01036	0.00733	0.00957	0.01126	0.01169	0.00691	0.00739	0.01163	0.01544	0.02059	0.04342	0.62423	0.05195	0.10850	0.01443	0.00394	0.00521	0.02222	0.00739	0.00654
35	0.01271	0.00848	0.01128	0.01128	0.01258	0.00935	0.00834	0.01532	0.01402	0.02128	0.02408	0.03642	0.02269	0.17412	0.40492	0.00979	0.01544	0.00925	0.17161	0.00703
36	0.01171	0.00775	0.00915	0.00979	0.01011	0.00759	0.00599	0.01250	0.01379	0.01902	0.03277	0.26810	0.03771	0.42427	0.02877	0.00600	0.00664	0.01556	0.06696	0.00582
37	0.01196	0.00823	0.01019	0.01106	0.01161	0.00812	0.00756	0.01316	0.01456	0.01926	0.03460	0.20482	0.03970	0.39981	0.02820	0.00605	0.00725	0.15161	0.00623	0.00602
38	0.01757	0.03660	0.47422	0.02719	0.03827	0.01982	0.21508	0.02640	0.01818	0.02640	0.01550	0.01905	0.01117	0.00762	0.00848	0.00268	0.01281	0.00727	0.00372	0.01195
39	0.21912	0.01805	0.02673	0.13047	0.40050	0.01926	0.02075	0.02460	0.01731	0.02901	0.01442	0.01890	0.01175	0.00761	0.00741	0.00254	0.00912	0.00662	0.00433	0.01149
40	0.19406	0.01314	0.01377	0.01272	0.01598	0.05579	0.01004	0.02239	0.01618	0.11212	0.02123	0.02617	0.01739	0.03160	0.29064	0.00704	0.01345	0.00740	0.11001	0.00889
41	0.11454	0.01181	0.01604	0.15013	0.06909	0.01319	0.01239	0.01851	0.01461	0.05013	0.02045	0.03320	0.01942	0.22466	0.19100	0.00699	0.01222	0.00880	0.00479	0.00802
