[name]
unknown

[dist]
# distance from previous block
# <min> <max>
21	97

[block]
# block no. 0 follows, 20 sequences, length 18
# corresponding to MSA columns:
# 97-114
name=unknown_A
#
# <colnr> <probs for GDERKNQSTAVLIFYWHMCP>
#	G	D	E	R	K	N	Q	S	T	A	V	L	I	F	Y	W	H	M	C	P
0	0.12297	0.05717	0.02439	0.22142	0.16226	0.01956	0.01854	0.02678	0.11480	0.02841	0.02568	0.03070	0.06940	0.01060	0.00834	0.00280	0.00901	0.03063	0.00550	0.01101
1	0.01990	0.01794	0.02587	0.15969	0.09965	0.04392	0.08081	0.12636	0.02194	0.02925	0.02450	0.18921	0.02418	0.01416	0.01153	0.00305	0.07923	0.01224	0.00593	0.01064
2	0.02533	0.05735	0.02602	0.16389	0.06376	0.16039	0.01827	0.20269	0.02571	0.03193	0.01722	0.02134	0.01369	0.01564	0.07921	0.00385	0.04941	0.00733	0.00558	0.01141
3	0.02243	0.01664	0.09966	0.01588	0.02151	0.01222	0.05467	0.02709	0.02315	0.23871	0.24740	0.04626	0.10896	0.01395	0.00952	0.00277	0.00715	0.01210	0.00871	0.01122
4	0.01795	0.01715	0.02108	0.02265	0.11551	0.08795	0.01513	0.02035	0.01568	0.02120	0.01879	0.03069	0.01857	0.16210	0.19221	0.00706	0.19357	0.00889	0.00449	0.00896
5	0.01055	0.00790	0.00980	0.01131	0.01243	0.00716	0.00773	0.01224	0.01750	0.02259	0.05822	0.53577	0.20313	0.02601	0.01093	0.00339	0.00490	0.02319	0.00810	0.00716
6	0.02264	0.24930	0.12708	0.03073	0.19046	0.09604	0.11374	0.02775	0.01961	0.02488	0.01477	0.01830	0.01219	0.00781	0.00776	0.00239	0.01166	0.00672	0.00407	0.01209
7	0.01845	0.01616	0.01988	0.13631	0.07145	0.01818	0.01519	0.03361	0.34070	0.03149	0.08638	0.03969	0.10987	0.01286	0.00914	0.00290	0.00744	0.01097	0.00760	0.01174
8	0.13479	0.20519	0.39680	0.02026	0.03061	0.02374	0.02430	0.02693	0.01768	0.02764	0.01422	0.01664	0.01083	0.00805	0.00716	0.00253	0.01103	0.00573	0.00396	0.01192
9	0.02194	0.01649	0.02459	0.03225	0.31518	0.01601	0.01803	0.02776	0.07379	0.13976	0.03946	0.03972	0.17283	0.01228	0.00910	0.00273	0.00803	0.01081	0.00684	0.01238
10	0.02614	0.03188	0.03908	0.03015	0.03697	0.31669	0.33395	0.03113	0.02250	0.02489	0.01572	0.01992	0.01231	0.00811	0.00917	0.00262	0.01518	0.00813	0.00445	0.01100
11	0.01169	0.01045	0.01164	0.01105	0.01353	0.01040	0.00858	0.01385	0.01886	0.02316	0.07629	0.07376	0.53749	0.02102	0.01319	0.00308	0.11012	0.01672	0.00743	0.00771
12	0.02669	0.13327	0.02828	0.07664	0.02791	0.22319	0.01719	0.16371	0.02443	0.02905	0.01535	0.01879	0.01266	0.01287	0.04325	0.00317	0.12050	0.00669	0.00521	0.01114
13	0.02272	0.28694	0.16276	0.01878	0.02572	0.18483	0.01844	0.02697	0.01905	0.02219	0.01498	0.01855	0.01284	0.01712	0.10933	0.00406	0.01390	0.00602	0.00406	0.01075
14	0.01361	0.01178	0.01621	0.02074	0.16998	0.01090	0.01213	0.01695	0.02075	0.02723	0.18719	0.09719	0.32671	0.01784	0.00993	0.00284	0.00588	0.01551	0.00748	0.00916
15	0.01777	0.01018	0.01319	0.01304	0.01595	0.00925	0.01032	0.02073	0.02083	0.15967	0.11314	0.20565	0.17259	0.02086	0.01059	0.00327	0.00609	0.15888	0.00882	0.00918
16	0.01427	0.01127	0.01623	0.02144	0.16897	0.01111	0.01159	0.01606	0.01578	0.02154	0.03130	0.25026	0.03553	0.30739	0.02474	0.00541	0.00785	0.01533	0.00594	0.00801
17	0.02494	0.02933	0.02065	0.01926	0.02264	0.41240	0.01459	0.02752	0.02065	0.02093	0.01724	0.02277	0.01525	0.03043	0.25522	0.00672	0.01863	0.00703	0.00456	0.00923

[dist]
# distance from previous block
# <min> <max>
12	26

[block]
# block no. 1 follows, 20 sequences, length 6
# corresponding to MSA columns:
# 141-146
name=unknown_B
#
# <colnr> <probs for GDERKNQSTAVLIFYWHMCP>
#	G	D	E	R	K	N	Q	S	T	A	V	L	I	F	Y	W	H	M	C	P
0	0.02072	0.01920	0.01681	0.01515	0.01903	0.15362	0.01161	0.06190	0.14605	0.06029	0.19741	0.04746	0.16572	0.01482	0.00931	0.00271	0.00775	0.01212	0.00803	0.01029
1	0.02103	0.07004	0.02670	0.05455	0.17134	0.17688	0.05618	0.02435	0.01984	0.02380	0.02684	0.14936	0.07114	0.01338	0.01027	0.00278	0.05467	0.01122	0.00529	0.01034
2	0.22114	0.02012	0.17274	0.01346	0.01937	0.01426	0.01379	0.02220	0.01766	0.03144	0.03187	0.03344	0.13064	0.01134	0.00725	0.00258	0.00713	0.00868	0.21133	0.00957
3	0.02108	0.07742	0.07813	0.04308	0.39680	0.02255	0.12344	0.02647	0.01916	0.02706	0.01579	0.02088	0.01312	0.00836	0.01037	0.00271	0.06870	0.00785	0.00420	0.01283
4	0.02745	0.02981	0.10937	0.03003	0.19852	0.22075	0.02087	0.06764	0.07513	0.10730	0.01961	0.02127	0.01480	0.00912	0.00839	0.00255	0.01167	0.00723	0.00577	0.01272
5	0.02154	0.23680	0.03761	0.11396	0.37388	0.02497	0.02269	0.02604	0.01889	0.02522	0.01493	0.01936	0.01272	0.00778	0.00767	0.00240	0.01018	0.00678	0.00408	0.01249

[dist]
# distance from previous block
# <min> <max>
3	10

[block]
# block no. 2 follows, 20 sequences, length 32
# corresponding to MSA columns:
# 157-188
name=unknown_C
#
# <colnr> <probs for GDERKNQSTAVLIFYWHMCP>
#	G	D	E	R	K	N	Q	S	T	A	V	L	I	F	Y	W	H	M	C	P
0	0.09868	0.02452	0.02609	0.05364	0.02795	0.17363	0.09596	0.16342	0.02484	0.03295	0.06526	0.02361	0.01848	0.01380	0.05043	0.00343	0.07839	0.00803	0.00588	0.01101
1	0.02192	0.11404	0.02932	0.29339	0.13142	0.12136	0.02079	0.05283	0.08307	0.02570	0.01718	0.02145	0.01353	0.00885	0.00817	0.00261	0.01118	0.00723	0.00474	0.01123
2	0.16107	0.02566	0.08866	0.03336	0.28954	0.13654	0.02088	0.02971	0.02019	0.09114	0.01682	0.01964	0.01304	0.00841	0.00787	0.00258	0.01063	0.00678	0.00514	0.01234
3	0.02020	0.01509	0.06788	0.01639	0.02095	0.01225	0.07160	0.05886	0.02115	0.17176	0.04383	0.27891	0.12808	0.01809	0.00999	0.00307	0.00738	0.01609	0.00805	0.01036
4	0.01193	0.00819	0.00990	0.01056	0.01090	0.00796	0.00651	0.01279	0.01505	0.02023	0.08271	0.27974	0.04486	0.40554	0.02999	0.00628	0.00692	0.01719	0.00662	0.00615
5	0.01116	0.00782	0.00996	0.01146	0.01184	0.00744	0.00737	0.01229	0.01566	0.02088	0.04272	0.52380	0.05094	0.20049	0.01978	0.00482	0.00594	0.02165	0.00737	0.00662
6	0.02257	0.02286	0.03360	0.08685	0.53277	0.09535	0.02546	0.02745	0.02029	0.02729	0.01601	0.02100	0.01338	0.00797	0.00855	0.00257	0.01107	0.00752	0.00431	0.01314
7	0.02798	0.03284	0.02919	0.03548	0.28331	0.39135	0.02101	0.03146	0.02268	0.02434	0.01471	0.01818	0.01232	0.00848	0.00819	0.00239	0.01348	0.00652	0.00442	0.01166
8	0.01166	0.00875	0.00962	0.00967	0.01126	0.00803	0.00658	0.01319	0.01726	0.02181	0.10382	0.07197	0.30816	0.30304	0.02468	0.00529	0.00628	0.04531	0.00704	0.00660
9	0.01626	0.00813	0.00813	0.00813	0.01016	0.00813	0.00610	0.02033	0.01829	0.03252	0.02846	0.03252	0.02236	0.01016	0.00610	0.00203	0.00407	0.00813	0.74187	0.00813
10	0.03258	0.01922	0.02228	0.01741	0.02351	0.02001	0.01415	0.34301	0.03208	0.24960	0.02612	0.02738	0.01878	0.06717	0.04230	0.00365	0.00942	0.00862	0.00896	0.01375
11	0.01222	0.00900	0.01154	0.06294	0.01541	0.00901	0.00838	0.01416	0.01693	0.02266	0.14770	0.19458	0.10613	0.26740	0.05905	0.00566	0.00760	0.01589	0.00683	0.00691
12	0.01031	0.00884	0.00884	0.00884	0.01178	0.00736	0.00663	0.01252	0.01988	0.02356	0.08837	0.08395	0.63549	0.02209	0.01031	0.00295	0.00442	0.01841	0.00810	0.00736
13	0.03258	0.04157	0.02472	0.02247	0.02697	0.65843	0.01685	0.03483	0.02472	0.02135	0.01348	0.01573	0.01124	0.00899	0.00787	0.00225	0.01573	0.00562	0.00449	0.01011
14	0.01669	0.02144	0.21434	0.05006	0.02481	0.01315	0.01779	0.02213	0.01999	0.08991	0.07991	0.08588	0.17311	0.01624	0.00979	0.00307	0.00845	0.11623	0.00684	0.01016
15	0.01826	0.03976	0.50012	0.02782	0.03970	0.02070	0.17499	0.02770	0.01896	0.02770	0.01615	0.01969	0.01159	0.00806	0.00879	0.00281	0.01334	0.00740	0.00386	0.01261
16	0.02775	0.02718	0.02349	0.02009	0.02450	0.24674	0.01589	0.23901	0.02754	0.03334	0.01780	0.02136	0.01450	0.02050	0.12958	0.00470	0.08137	0.00732	0.00600	0.01135
17	0.02172	0.42444	0.26361	0.01896	0.02823	0.06411	0.02132	0.02715	0.01837	0.02315	0.01348	0.01570	0.01114	0.00785	0.00670	0.00221	0.01098	0.00537	0.00376	0.01175
18	0.01591	0.03658	0.49779	0.02120	0.03170	0.01727	0.02628	0.02428	0.01902	0.02728	0.06182	0.03285	0.12871	0.01131	0.00876	0.00279	0.01088	0.00912	0.00480	0.01164
19	0.02145	0.01829	0.02810	0.17570	0.30987	0.01900	0.02150	0.02934	0.10794	0.07508	0.02028	0.02380	0.01571	0.00866	0.00847	0.00258	0.00949	0.00787	0.00547	0.09140
20	0.02148	0.02095	0.01884	0.01825	0.02202	0.16744	0.01462	0.03336	0.26298	0.02915	0.03420	0.05253	0.03157	0.01562	0.00979	0.00318	0.00939	0.21627	0.00754	0.01084
21	0.02034	0.01945	0.03314	0.20495	0.49741	0.02040	0.02615	0.02567	0.01927	0.02698	0.01619	0.02200	0.01328	0.00800	0.00866	0.00267	0.01067	0.00777	0.00421	0.01281
22	0.01969	0.15660	0.31827	0.02797	0.08350	0.02366	0.16138	0.02701	0.01864	0.02612	0.01531	0.01908	0.01182	0.00825	0.00936	0.00268	0.04736	0.00718	0.00392	0.01222
23	0.01071	0.00779	0.00994	0.01161	0.01237	0.00719	0.00777	0.01222	0.01685	0.02212	0.05164	0.58170	0.12393	0.06402	0.01290	0.00375	0.00518	0.02337	0.00794	0.00702
24	0.02153	0.27519	0.23042	0.02416	0.03363	0.02559	0.18740	0.02788	0.01909	0.05486	0.01584	0.01879	0.01223	0.00784	0.00790	0.00248	0.01184	0.00700	0.00425	0.01205
25	0.02069	0.03827	0.39102	0.09327	0.11754	0.13661	0.02790	0.02829	0.01966	0.02606	0.01534	0.01883	0.01151	0.00839	0.00830	0.00266	0.01295	0.00660	0.00393	0.01219
26	0.01092	0.00790	0.01033	0.01176	0.01267	0.00731	0.00804	0.01295	0.01832	0.02465	0.15691	0.54211	0.09315	0.02532	0.01094	0.00337	0.00485	0.02281	0.00837	0.00731
27	0.02474	0.02619	0.02867	0.03627	0.31970	0.20240	0.02090	0.03368	0.16337	0.02835	0.02007	0.02250	0.01610	0.00908	0.00847	0.00258	0.01108	0.00765	0.00544	0.01276
28	0.01421	0.01272	0.01629	0.02034	0.16072	0.01208	0.01216	0.01957	0.08585	0.02614	0.06564	0.06364	0.42249	0.01760	0.00976	0.00286	0.00609	0.01497	0.00729	0.00959
29	0.19190	0.02853	0.02040	0.01814	0.02274	0.32565	0.01404	0.10804	0.02365	0.03063	0.05225	0.02088	0.01662	0.01513	0.07230	0.00360	0.01294	0.00670	0.00560	0.01026
30	0.02490	0.02703	0.02368	0.02538	0.13589	0.28514	0.01704	0.08690	0.02369	0.02684	0.02850	0.03485	0.10673	0.01256	0.01010	0.00270	0.05242	0.05928	0.00570	0.01066
31	0.02715	0.02538	0.02465	0.11092	0.03003	0.18136	0.01740	0.26429	0.02810	0.03505	0.01759	0.02111	0.01384	0.01588	0.07589	0.00384	0.08235	0.00741	0.00608	0.01169

[dist]
# distance from previous block
# <min> <max>
14	46

[block]
# block no. 3 follows, 20 sequences, length 15
# corresponding to MSA columns:
# 241-255
name=unknown_D
#
# <colnr> <probs for GDERKNQSTAVLIFYWHMCP>
#	G	D	E	R	K	N	Q	S	T	A	V	L	I	F	Y	W	H	M	C	P
0	0.02070	0.02365	0.12733	0.01872	0.05432	0.10548	0.01579	0.13591	0.02301	0.02947	0.03151	0.04016	0.11521	0.13768	0.01539	0.00372	0.00981	0.03945	0.00609	0.04660
1	0.01754	0.02337	0.16824	0.02408	0.13157	0.07965	0.01858	0.02419	0.08085	0.02601	0.03003	0.27664	0.03103	0.01593	0.00946	0.00300	0.00911	0.01398	0.00610	0.01064
2	0.02534	0.13408	0.02688	0.09073	0.08354	0.34544	0.01681	0.02831	0.02175	0.02228	0.02420	0.02630	0.09858	0.01044	0.00802	0.00239	0.01224	0.00768	0.00480	0.01019
3	0.20012	0.24703	0.03781	0.08136	0.03215	0.02537	0.21020	0.02625	0.01794	0.02767	0.01426	0.01803	0.01148	0.00770	0.00739	0.00252	0.01069	0.00682	0.00438	0.01082
4	0.01881	0.19221	0.51264	0.02263	0.03430	0.02347	0.02833	0.02729	0.01826	0.02603	0.01486	0.01742	0.01108	0.00810	0.00768	0.00256	0.01209	0.00604	0.00369	0.01251
5	0.05148	0.01151	0.01229	0.01165	0.01477	0.03563	0.00904	0.01937	0.04595	0.07457	0.25022	0.06673	0.28219	0.01840	0.00993	0.00291	0.00550	0.06058	0.00854	0.00872
6	0.01324	0.01067	0.01181	0.01181	0.01456	0.01033	0.00888	0.04271	0.10515	0.02707	0.09139	0.20993	0.33575	0.02126	0.01032	0.00312	0.00532	0.04978	0.00830	0.00860
7	0.02059	0.02353	0.05147	0.03676	0.04559	0.02206	0.60735	0.02794	0.02059	0.02794	0.01765	0.02353	0.01324	0.00735	0.01029	0.00294	0.01471	0.01029	0.00441	0.01176
8	0.01348	0.01259	0.02198	0.01858	0.02213	0.01156	0.18409	0.01688	0.01862	0.02425	0.04894	0.34513	0.18542	0.02017	0.01069	0.00322	0.00774	0.01897	0.00701	0.00853
9	0.01213	0.00891	0.01136	0.01075	0.01290	0.00814	0.00806	0.01605	0.02418	0.03378	0.57689	0.06714	0.14059	0.01828	0.01029	0.00276	0.00415	0.01605	0.00944	0.00814
10	0.01750	0.04512	0.64825	0.02486	0.03775	0.02026	0.03223	0.02762	0.01842	0.02762	0.01565	0.01842	0.01105	0.00829	0.00829	0.00276	0.01289	0.00645	0.00368	0.01289
11	0.19624	0.01446	0.01698	0.01368	0.01959	0.01358	0.01120	0.03453	0.02198	0.42201	0.03693	0.03376	0.10449	0.01176	0.00823	0.00273	0.00685	0.00921	0.00921	0.01259
12	0.01246	0.00935	0.01402	0.01402	0.01558	0.01090	0.01090	0.01558	0.01402	0.02025	0.02336	0.03427	0.02181	0.06542	0.65888	0.01402	0.02336	0.00935	0.00467	0.00779
13	0.01480	0.00758	0.01127	0.01142	0.01146	0.00754	0.00762	0.01142	0.01178	0.01571	0.01772	0.07809	0.01847	0.03007	0.03230	0.68828	0.00738	0.00892	0.00412	0.00405
14	0.01298	0.00841	0.01102	0.01200	0.01336	0.00770	0.00837	0.01508	0.01876	0.07030	0.14048	0.50315	0.09678	0.02429	0.01077	0.00332	0.00505	0.02180	0.00853	0.00785

[dist]
# distance from previous block
# <min> <max>
0	21

[block]
# block no. 4 follows, 20 sequences, length 29
# corresponding to MSA columns:
# 277-305
name=unknown_E
#
# <colnr> <probs for GDERKNQSTAVLIFYWHMCP>
#	G	D	E	R	K	N	Q	S	T	A	V	L	I	F	Y	W	H	M	C	P
0	0.01223	0.00891	0.01149	0.01085	0.01296	0.00818	0.00814	0.01623	0.02441	0.03431	0.60238	0.06626	0.11477	0.01808	0.01029	0.00276	0.00413	0.01593	0.00951	0.00818
1	0.03316	0.02443	0.02618	0.02007	0.02705	0.02705	0.01658	0.60995	0.04101	0.05497	0.02094	0.02094	0.01483	0.01047	0.00873	0.00262	0.00960	0.00785	0.00873	0.01483
2	0.07268	0.01814	0.02137	0.01658	0.02307	0.01822	0.01366	0.25264	0.03005	0.35703	0.02787	0.02578	0.01848	0.01050	0.00842	0.00263	0.00801	0.00818	0.05252	0.01417
3	0.75506	0.01687	0.01282	0.01147	0.01687	0.01957	0.00945	0.02564	0.01484	0.03914	0.01215	0.01417	0.00945	0.00810	0.00540	0.00270	0.00675	0.00472	0.00540	0.00945
4	0.01235	0.00892	0.01166	0.01097	0.01303	0.00823	0.00823	0.01646	0.02469	0.03498	0.63443	0.06516	0.08230	0.01783	0.01029	0.00274	0.00412	0.01578	0.00960	0.00823
5	0.02332	0.69869	0.04571	0.01493	0.02239	0.03451	0.01493	0.02612	0.01772	0.02052	0.01213	0.01399	0.01119	0.00746	0.00560	0.00187	0.00933	0.00466	0.00373	0.01119
6	0.03316	0.02443	0.02618	0.02007	0.02705	0.02705	0.01658	0.60995	0.04101	0.05497	0.02094	0.02094	0.01483	0.01047	0.00873	0.00262	0.00960	0.00785	0.00873	0.01483
7	0.01063	0.00759	0.01012	0.01215	0.01265	0.00709	0.00810	0.01215	0.01670	0.02227	0.04808	0.68775	0.05769	0.02733	0.01113	0.00354	0.00506	0.02480	0.00810	0.00709
8	0.03015	0.02071	0.02231	0.01748	0.02347	0.02256	0.01431	0.46339	0.03568	0.08229	0.02315	0.02369	0.01668	0.01043	0.00821	0.00251	0.00839	0.00796	0.15312	0.01352
9	0.01085	0.00775	0.01038	0.01240	0.01300	0.00728	0.00848	0.01253	0.01692	0.02252	0.04795	0.64963	0.05721	0.02712	0.01119	0.00357	0.00525	0.06073	0.00809	0.00715
10	0.01094	0.00772	0.01003	0.01175	0.01218	0.00729	0.00767	0.01223	0.01609	0.02146	0.04497	0.59263	0.05377	0.12780	0.01615	0.00428	0.00557	0.02297	0.00767	0.00681
11	0.01246	0.00935	0.01402	0.01402	0.01558	0.01090	0.01090	0.01558	0.01402	0.02025	0.02336	0.03427	0.02181	0.06542	0.65888	0.01402	0.02336	0.00935	0.00467	0.00779
12	0.03316	0.02443	0.02618	0.02007	0.02705	0.02705	0.01658	0.60995	0.04101	0.05497	0.02094	0.02094	0.01483	0.01047	0.00873	0.00262	0.00960	0.00785	0.00873	0.01483
13	0.01268	0.00846	0.00951	0.00951	0.00951	0.00846	0.00529	0.01268	0.01268	0.01691	0.02748	0.05708	0.03171	0.69345	0.04440	0.00846	0.00846	0.01268	0.00529	0.00529
14	0.01046	0.00826	0.00943	0.01036	0.01218	0.00724	0.00730	0.01235	0.01842	0.02297	0.06983	0.36172	0.36968	0.02450	0.01069	0.00322	0.00471	0.02135	0.00810	0.00724
15	0.01268	0.00846	0.00951	0.00951	0.00951	0.00846	0.00529	0.01268	0.01268	0.01691	0.02748	0.05708	0.03171	0.69345	0.04440	0.00846	0.00846	0.01268	0.00529	0.00529
16	0.01412	0.01112	0.01301	0.01215	0.01500	0.01113	0.00922	0.02255	0.15913	0.03340	0.40704	0.06096	0.16298	0.01720	0.00997	0.00283	0.00480	0.01488	0.00918	0.00934
17	0.01055	0.00866	0.00929	0.00953	0.01203	0.00740	0.00700	0.01284	0.01987	0.02445	0.13396	0.17131	0.49798	0.02246	0.01043	0.00301	0.00448	0.01910	0.00824	0.00740
18	0.01246	0.00935	0.01402	0.01402	0.01558	0.01090	0.01090	0.01558	0.01402	0.02025	0.02336	0.03427	0.02181	0.06542	0.65888	0.01402	0.02336	0.00935	0.00467	0.00779
19	0.02159	0.02073	0.03541	0.05354	0.63903	0.02073	0.02677	0.02677	0.01986	0.02850	0.01641	0.02159	0.01382	0.00777	0.00864	0.00259	0.01036	0.00777	0.00432	0.01382
20	0.01031	0.00884	0.00884	0.00884	0.01178	0.00736	0.00663	0.01252	0.01988	0.02356	0.08837	0.08395	0.63549	0.02209	0.01031	0.00295	0.00442	0.01841	0.00810	0.00736
21	0.01095	0.00825	0.01018	0.01133	0.01280	0.00748	0.00808	0.01312	0.01872	0.02431	0.12514	0.40808	0.22433	0.02456	0.01086	0.00331	0.00496	0.05790	0.00826	0.00735
22	0.01125	0.00887	0.01014	0.00982	0.01236	0.00776	0.00736	0.01433	0.02209	0.02882	0.33958	0.07530	0.38100	0.02013	0.01030	0.00285	0.00428	0.01720	0.00879	0.00776
23	0.02214	0.01828	0.01926	0.01679	0.02180	0.02046	0.01321	0.15187	0.41241	0.03806	0.04107	0.03846	0.12145	0.01320	0.00907	0.00289	0.00704	0.01083	0.00872	0.01298
24	0.01078	0.00859	0.00974	0.01053	0.01267	0.00755	0.00780	0.01296	0.01897	0.02344	0.07231	0.26282	0.40723	0.02383	0.01073	0.00323	0.00497	0.07642	0.00809	0.00735
25	0.01879	0.01281	0.01812	0.24229	0.03146	0.01356	0.01472	0.05569	0.02041	0.13104	0.04076	0.18631	0.14671	0.01601	0.00959	0.00301	0.00789	0.01388	0.00713	0.00982
26	0.01365	0.01070	0.01694	0.01720	0.05312	0.01191	0.04374	0.01717	0.01496	0.02186	0.02295	0.03285	0.02091	0.05570	0.54788	0.01206	0.02101	0.00923	0.04777	0.00837
27	0.02004	0.01914	0.03260	0.24130	0.46341	0.02032	0.02600	0.02541	0.01913	0.02661	0.01613	0.02209	0.01315	0.00806	0.00866	0.00269	0.01075	0.00777	0.00418	0.01257
28	0.02297	0.29973	0.03377	0.05402	0.09366	0.15163	0.01726	0.02598	0.01837	0.02170	0.01405	0.01833	0.01260	0.01463	0.07402	0.00354	0.10283	0.00622	0.00406	0.01064

[dist]
# distance from previous block
# <min> <max>
0	1

[block]
# block no. 5 follows, 20 sequences, length 29
# corresponding to MSA columns:
# 307-335
name=unknown_F
#
# <colnr> <probs for GDERKNQSTAVLIFYWHMCP>
#	G	D	E	R	K	N	Q	S	T	A	V	L	I	F	Y	W	H	M	C	P
0	0.01868	0.07197	0.11617	0.02294	0.08338	0.01920	0.06394	0.02514	0.08611	0.05612	0.02621	0.19063	0.02567	0.01476	0.01290	0.00311	0.13420	0.01211	0.00589	0.01086
1	0.03285	0.03377	0.02538	0.02138	0.02700	0.37103	0.01673	0.29662	0.03214	0.03665	0.01688	0.01810	0.01287	0.00966	0.00826	0.00242	0.01294	0.00664	0.00642	0.01226
2	0.01474	0.01300	0.01523	0.01498	0.01687	0.08423	0.01158	0.01776	0.01523	0.02037	0.02225	0.03217	0.02061	0.05903	0.58515	0.01269	0.02250	0.00892	0.00465	0.00805
3	0.01730	0.01534	0.10050	0.01628	0.06521	0.01134	0.01254	0.02048	0.01851	0.11370	0.10467	0.11936	0.11046	0.21301	0.01969	0.00451	0.00768	0.01330	0.00694	0.00917
4	0.06757	0.29270	0.03325	0.01756	0.02465	0.02963	0.01554	0.34629	0.03034	0.04041	0.01696	0.01781	0.01310	0.00915	0.00730	0.00232	0.00934	0.00642	0.00656	0.01310
5	0.01124	0.00824	0.01003	0.01119	0.01227	0.00766	0.00769	0.01281	0.01689	0.02181	0.05295	0.37899	0.18254	0.15793	0.01761	0.00442	0.00583	0.06552	0.00754	0.00687
6	0.01208	0.01233	0.08317	0.01436	0.01657	0.00916	0.01201	0.01507	0.01756	0.02363	0.04403	0.49513	0.05093	0.02453	0.01099	0.00355	0.00654	0.13284	0.00758	0.00793
7	0.02558	0.13055	0.05994	0.11741	0.03434	0.30986	0.11417	0.02958	0.02109	0.02269	0.01424	0.01812	0.01161	0.00876	0.00917	0.00250	0.04892	0.00669	0.00421	0.01057
8	0.01866	0.02056	0.09816	0.03869	0.39538	0.01764	0.02256	0.02454	0.04332	0.02763	0.02994	0.06397	0.10052	0.01182	0.00916	0.00281	0.00934	0.04777	0.00534	0.01218
9	0.01067	0.00866	0.00952	0.01011	0.01246	0.00751	0.00752	0.01287	0.01921	0.02348	0.07642	0.21493	0.46571	0.02337	0.01062	0.00316	0.00484	0.06349	0.00809	0.00736
10	0.02984	0.03496	0.02754	0.03016	0.18203	0.44778	0.01934	0.07752	0.02476	0.02577	0.01480	0.01762	0.01217	0.00880	0.00813	0.00236	0.01389	0.00634	0.00478	0.01142
11	0.16851	0.02917	0.02309	0.05390	0.02684	0.26990	0.01574	0.24553	0.02850	0.03722	0.01610	0.01776	0.01225	0.00936	0.00776	0.00250	0.01154	0.00639	0.00620	0.01171
12	0.01388	0.00928	0.01201	0.01112	0.01353	0.00846	0.00841	0.01783	0.02440	0.07215	0.56227	0.06415	0.11387	0.01767	0.01020	0.00275	0.00434	0.01551	0.00958	0.00859
13	0.01287	0.00995	0.01481	0.01457	0.01603	0.01189	0.01141	0.01591	0.01398	0.02030	0.02262	0.03332	0.02116	0.06231	0.61973	0.01338	0.06400	0.00924	0.00462	0.00790
14	0.02614	0.01939	0.02101	0.01721	0.02213	0.02129	0.01349	0.38490	0.09969	0.04313	0.02635	0.09302	0.02324	0.13048	0.01515	0.00376	0.00866	0.01056	0.00809	0.01232
15	0.01248	0.00926	0.01359	0.01359	0.01499	0.01067	0.01036	0.01530	0.01389	0.01993	0.02376	0.03646	0.02276	0.12579	0.59981	0.01348	0.02193	0.00967	0.00473	0.00755
16	0.02545	0.02112	0.02582	0.02758	0.18026	0.02322	0.01801	0.22725	0.27840	0.04056	0.02586	0.02594	0.01949	0.01036	0.00877	0.00275	0.00867	0.00867	0.00767	0.01415
17	0.01962	0.05147	0.02383	0.01989	0.02123	0.10335	0.01627	0.02197	0.01546	0.02164	0.01502	0.02205	0.01401	0.02283	0.13732	0.00525	0.39901	0.00758	0.05293	0.00928
18	0.01976	0.25543	0.39048	0.02367	0.06289	0.02501	0.05662	0.02711	0.01838	0.02537	0.01465	0.01740	0.01135	0.00794	0.00753	0.00247	0.01170	0.00613	0.00377	0.01233
19	0.02391	0.65671	0.04437	0.01541	0.02268	0.07437	0.01505	0.02668	0.01817	0.02058	0.01221	0.01410	0.01120	0.00756	0.00574	0.00189	0.00974	0.00473	0.00378	0.01112
20	0.01044	0.00884	0.00902	0.00898	0.01186	0.00742	0.00673	0.01278	0.02020	0.02432	0.12453	0.08270	0.59886	0.02181	0.01031	0.00293	0.00440	0.01823	0.00820	0.00742
21	0.02113	0.09538	0.04616	0.01665	0.02090	0.18220	0.01366	0.08489	0.04417	0.02569	0.03026	0.06685	0.10817	0.02623	0.17321	0.00544	0.01368	0.00976	0.00575	0.00983
22	0.02378	0.16707	0.18033	0.12364	0.08134	0.23324	0.02208	0.02882	0.02032	0.02340	0.01428	0.01764	0.01144	0.00838	0.00771	0.00242	0.01273	0.00612	0.00404	0.01122
23	0.01047	0.00820	0.00950	0.01053	0.01223	0.00722	0.00738	0.01233	0.01825	0.02290	0.06770	0.39359	0.33919	0.02478	0.01073	0.00325	0.00475	0.02169	0.00810	0.00722
24	0.01194	0.00964	0.01072	0.01031	0.01309	0.00880	0.00777	0.01659	0.06857	0.02875	0.28419	0.07307	0.38560	0.01973	0.01019	0.00287	0.00450	0.01678	0.00871	0.00818
25	0.02036	0.02032	0.06414	0.21160	0.12831	0.02074	0.14234	0.11401	0.02154	0.02938	0.01762	0.02351	0.01389	0.01528	0.08358	0.00412	0.04453	0.00840	0.00487	0.01146
26	0.02201	0.03164	0.30459	0.02290	0.07547	0.05685	0.02255	0.16512	0.02396	0.03388	0.01905	0.02288	0.01466	0.04530	0.01004	0.00290	0.01076	0.00737	0.09582	0.01228
27	0.02396	0.02180	0.02604	0.05345	0.18087	0.09350	0.01856	0.17444	0.06413	0.03282	0.01885	0.02286	0.01534	0.01733	0.09760	0.00420	0.08030	0.00778	0.00577	0.04039
28	0.01860	0.10364	0.17169	0.11641	0.05613	0.11479	0.01895	0.02370	0.02034	0.02549	0.11467	0.03552	0.12162	0.01191	0.00860	0.00262	0.01000	0.00961	0.00542	0.01029

[dist]
# distance from previous block
# <min> <max>
1	21

[block]
# block no. 6 follows, 20 sequences, length 54
# corresponding to MSA columns:
# 357-410
name=unknown_G
#
# <colnr> <probs for GDERKNQSTAVLIFYWHMCP>
#	G	D	E	R	K	N	Q	S	T	A	V	L	I	F	Y	W	H	M	C	P
0	0.23464	0.02567	0.02572	0.02928	0.21439	0.21081	0.04692	0.02981	0.02021	0.06426	0.01540	0.01828	0.01221	0.00838	0.00757	0.00254	0.01099	0.00644	0.00505	0.01142
1	0.01384	0.01026	0.01184	0.01123	0.01411	0.00964	0.00848	0.01947	0.09336	0.05912	0.28896	0.10215	0.28680	0.01898	0.01010	0.00289	0.00478	0.01628	0.00890	0.00881
2	0.02186	0.02075	0.02823	0.06080	0.06233	0.09502	0.14885	0.13843	0.02241	0.02920	0.01936	0.02721	0.01668	0.09019	0.13713	0.00549	0.05117	0.00890	0.00534	0.01062
3	0.01268	0.00846	0.00951	0.00951	0.00951	0.00846	0.00529	0.01268	0.01268	0.01691	0.02748	0.05708	0.03171	0.69345	0.04440	0.00846	0.00846	0.01268	0.00529	0.00529
4	0.01267	0.00850	0.00975	0.00975	0.00983	0.00858	0.00558	0.01284	0.01275	0.01709	0.02727	0.05590	0.03120	0.66082	0.07632	0.00875	0.00923	0.01251	0.00525	0.00542
5	0.02183	0.01135	0.01446	0.01344	0.01645	0.01077	0.00983	0.02611	0.08117	0.23541	0.03873	0.29197	0.03790	0.12981	0.01557	0.00400	0.00662	0.01580	0.00864	0.01013
6	0.06612	0.02420	0.02488	0.01945	0.02613	0.05800	0.01594	0.49819	0.06500	0.08233	0.02153	0.02135	0.01530	0.01037	0.00854	0.00262	0.00954	0.00774	0.00847	0.01430
7	0.01079	0.00886	0.00951	0.00935	0.01208	0.00757	0.00701	0.01346	0.02103	0.02628	0.21839	0.07947	0.50377	0.02108	0.01030	0.00290	0.00435	0.01778	0.00846	0.00757
8	0.01063	0.00759	0.01012	0.01215	0.01265	0.00709	0.00810	0.01215	0.01670	0.02227	0.04808	0.68775	0.05769	0.02733	0.01113	0.00354	0.00506	0.02480	0.00810	0.00709
9	0.02850	0.03031	0.02756	0.10039	0.16608	0.30774	0.01980	0.15847	0.02644	0.03045	0.01600	0.01900	0.01264	0.00902	0.00832	0.00248	0.01274	0.00682	0.00532	0.01193
10	0.02665	0.03031	0.03049	0.03925	0.35755	0.31400	0.02221	0.03048	0.02210	0.02521	0.01506	0.01889	0.01263	0.00833	0.00828	0.00243	0.01283	0.00678	0.00440	0.01211
11	0.01111	0.00893	0.00995	0.00988	0.01251	0.00777	0.00753	0.01397	0.02126	0.02697	0.24131	0.07946	0.44307	0.02100	0.01041	0.00295	0.00455	0.05119	0.00852	0.00765
12	0.01946	0.01679	0.01758	0.01600	0.02054	0.01888	0.01240	0.03970	0.50472	0.03395	0.04589	0.04264	0.14626	0.01385	0.00916	0.00296	0.00642	0.01154	0.00872	0.01254
13	0.01235	0.00892	0.01166	0.01097	0.01303	0.00823	0.00823	0.01646	0.02469	0.03498	0.63443	0.06516	0.08230	0.01783	0.01029	0.00274	0.00412	0.01578	0.00960	0.00823
14	0.01087	0.00815	0.01009	0.01109	0.01250	0.00737	0.00775	0.01305	0.01900	0.02497	0.16783	0.41926	0.20786	0.02423	0.01077	0.00324	0.00472	0.02150	0.00838	0.00737
15	0.01246	0.00935	0.01402	0.01402	0.01558	0.01090	0.01090	0.01558	0.01402	0.02025	0.02336	0.03427	0.02181	0.06542	0.65888	0.01402	0.02336	0.00935	0.00467	0.00779
16	0.01626	0.00813	0.00813	0.00813	0.01016	0.00813	0.00610	0.02033	0.01829	0.03252	0.02846	0.03252	0.02236	0.01016	0.00610	0.00203	0.00407	0.00813	0.74187	0.00813
17	0.02903	0.10098	0.02715	0.02182	0.02572	0.47371	0.01710	0.03127	0.02181	0.02120	0.01295	0.01622	0.01127	0.01007	0.01172	0.00252	0.14513	0.00592	0.00429	0.01011
18	0.01908	0.01908	0.02672	0.02290	0.02290	0.02672	0.01908	0.02099	0.01336	0.02099	0.01145	0.01908	0.01145	0.01527	0.02863	0.00382	0.67748	0.00763	0.00382	0.00954
19	0.02746	0.02297	0.02933	0.03545	0.30714	0.14361	0.05048	0.03168	0.02208	0.17375	0.02184	0.02673	0.01715	0.00962	0.00879	0.00265	0.01081	0.03947	0.00611	0.01291
20	0.02105	0.01806	0.01917	0.01728	0.02202	0.02077	0.01342	0.04429	0.58202	0.03639	0.07678	0.03479	0.03046	0.01225	0.00897	0.00294	0.00671	0.01027	0.00893	0.01342
21	0.01647	0.01550	0.02616	0.67248	0.06008	0.01938	0.02422	0.02229	0.01744	0.02229	0.01550	0.02326	0.01163	0.00872	0.00872	0.00291	0.01163	0.00775	0.00388	0.00969
22	0.01859	0.02450	0.19958	0.02432	0.14495	0.04921	0.01960	0.02597	0.07590	0.06241	0.09780	0.03976	0.15564	0.01265	0.00906	0.00275	0.00896	0.01065	0.00628	0.01145
23	0.01858	0.16675	0.53612	0.02301	0.03489	0.02291	0.02901	0.02734	0.01829	0.02630	0.01500	0.01759	0.01108	0.00813	0.00779	0.00260	0.01223	0.00611	0.00369	0.01258
24	0.01626	0.00813	0.00813	0.00813	0.01016	0.00813	0.00610	0.02033	0.01829	0.03252	0.02846	0.03252	0.02236	0.01016	0.00610	0.00203	0.00407	0.00813	0.74187	0.00813
25	0.02353	0.02088	0.01873	0.01662	0.02095	0.15810	0.01283	0.06577	0.22799	0.08995	0.17326	0.03848	0.06963	0.01302	0.00905	0.00271	0.00826	0.01058	0.00820	0.01147
26	0.02303	0.02376	0.09641	0.07023	0.37152	0.02223	0.05153	0.14099	0.02346	0.03291	0.01698	0.02117	0.01348	0.00876	0.00972	0.00271	0.04483	0.00776	0.00508	0.01342
27	0.01750	0.04512	0.64825	0.02486	0.03775	0.02026	0.03223	0.02762	0.01842	0.02762	0.01565	0.01842	0.01105	0.00829	0.00829	0.00276	0.01289	0.00645	0.00368	0.01289
28	0.01955	0.01806	0.03021	0.11330	0.45424	0.01848	0.02400	0.02458	0.01964	0.02735	0.02216	0.03686	0.02073	0.01108	0.00932	0.00291	0.01004	0.12026	0.00500	0.01223
29	0.02385	0.02646	0.02564	0.03092	0.23436	0.27977	0.01866	0.02737	0.02095	0.02427	0.04727	0.02384	0.01773	0.02010	0.13616	0.00470	0.01481	0.00760	0.00472	0.01084
30	0.01268	0.00846	0.00951	0.00951	0.00951	0.00846	0.00529	0.01268	0.01268	0.01691	0.02748	0.05708	0.03171	0.69345	0.04440	0.00846	0.00846	0.01268	0.00529	0.00529
31	0.01107	0.00815	0.01038	0.01133	0.01264	0.00745	0.00792	0.01343	0.01944	0.02609	0.22148	0.42297	0.14781	0.02386	0.01077	0.00323	0.00470	0.02130	0.00853	0.00745
32	0.02106	0.02019	0.03446	0.11712	0.57956	0.02059	0.02651	0.02631	0.01961	0.02786	0.01631	0.02176	0.01359	0.00787	0.00864	0.00262	0.01049	0.00777	0.00427	0.01339
33	0.02762	0.10287	0.05807	0.02274	0.02793	0.37579	0.07498	0.06507	0.02271	0.02412	0.01452	0.01787	0.01211	0.01177	0.03805	0.00298	0.07908	0.00650	0.00456	0.01064
34	0.01057	0.00885	0.00920	0.00911	0.01194	0.00748	0.00683	0.01303	0.02050	0.02503	0.15858	0.08153	0.56436	0.02154	0.01031	0.00292	0.00438	0.01807	0.00829	0.00748
35	0.01626	0.00813	0.00813	0.00813	0.01016	0.00813	0.00610	0.02033	0.01829	0.03252	0.02846	0.03252	0.02236	0.01016	0.00610	0.00203	0.00407	0.00813	0.74187	0.00813
36	0.01943	0.01822	0.02992	0.25796	0.36972	0.01973	0.02395	0.02591	0.06027	0.02637	0.01797	0.02467	0.01485	0.04243	0.01046	0.00301	0.01046	0.00815	0.00453	0.01200
37	0.01662	0.01545	0.02635	0.31519	0.19208	0.01694	0.06116	0.02135	0.01808	0.02422	0.02372	0.18295	0.02338	0.01287	0.00939	0.00298	0.00994	0.01204	0.00504	0.01023
38	0.01545	0.01350	0.01877	0.01708	0.01764	0.01744	0.01343	0.01741	0.01346	0.01992	0.01888	0.03201	0.01915	0.16654	0.25830	0.00840	0.31088	0.00924	0.00441	0.00808
39	0.17044	0.09826	0.02759	0.02842	0.19947	0.28653	0.01804	0.02983	0.02067	0.02680	0.01392	0.01692	0.01162	0.00831	0.00737	0.00239	0.01177	0.00596	0.00454	0.01115
40	0.01055	0.00790	0.00980	0.01131	0.01243	0.00716	0.00773	0.01224	0.01750	0.02259	0.05819	0.53613	0.20279	0.02601	0.01093	0.00339	0.00490	0.02319	0.00810	0.00716
41	0.02077	0.02099	0.03033	0.25872	0.32080	0.08786	0.02416	0.02556	0.01895	0.02494	0.01534	0.02131	0.01258	0.00891	0.01041	0.00277	0.07229	0.00753	0.00414	0.01163
42	0.01254	0.00840	0.00956	0.00970	0.00973	0.00836	0.00548	0.01265	0.01296	0.01728	0.02890	0.10054	0.03350	0.64754	0.04211	0.00812	0.00822	0.01352	0.00548	0.00541
43	0.02407	0.01753	0.02860	0.25563	0.29284	0.01836	0.02254	0.02903	0.02027	0.17492	0.02044	0.02411	0.01494	0.00882	0.00870	0.00272	0.01009	0.00801	0.00573	0.01266
44	0.02316	0.01896	0.02041	0.01803	0.02307	0.02155	0.01438	0.15418	0.44691	0.03905	0.03374	0.03703	0.02673	0.01283	0.00917	0.00300	0.00755	0.06806	0.00876	0.01342
45	0.02153	0.02088	0.03628	0.05262	0.60661	0.02080	0.05849	0.02683	0.01990	0.02847	0.01648	0.02169	0.01379	0.00775	0.00873	0.00261	0.01060	0.00791	0.00432	0.01370
46	0.01901	0.01227	0.01745	0.02005	0.13764	0.01135	0.01254	0.02263	0.02223	0.15222	0.24993	0.11849	0.13641	0.01610	0.00975	0.00282	0.00615	0.01416	0.00842	0.01040
47	0.01063	0.00759	0.01012	0.01215	0.01265	0.00709	0.00810	0.01215	0.01670	0.02227	0.04808	0.68775	0.05769	0.02733	0.01113	0.00354	0.00506	0.02480	0.00810	0.00709
48	0.02129	0.01793	0.02211	0.16977	0.06612	0.02070	0.01688	0.03955	0.42289	0.06060	0.02979	0.02966	0.02223	0.01084	0.00882	0.00291	0.00821	0.00921	0.00756	0.01291
49	0.02013	0.02557	0.15371	0.19489	0.31927	0.05647	0.05320	0.02636	0.01930	0.02640	0.01593	0.02113	0.01257	0.00815	0.00862	0.00270	0.01167	0.00750	0.00410	0.01233
50	0.06135	0.02690	0.02930	0.06888	0.30572	0.20624	0.02133	0.12107	0.02425	0.03081	0.01603	0.01952	0.01291	0.00862	0.00828	0.00252	0.01169	0.00701	0.00510	0.01249
51	0.12690	0.08975	0.04905	0.01671	0.02201	0.14591	0.01395	0.19777	0.02514	0.03407	0.02163	0.02376	0.05609	0.01232	0.01038	0.08006	0.00965	0.00732	0.04683	0.01068
52	0.07585	0.01399	0.08211	0.04374	0.01834	0.01074	0.01147	0.01729	0.01889	0.05151	0.05919	0.16442	0.33105	0.01922	0.00976	0.00305	0.00633	0.04721	0.00729	0.00857
53	0.02256	0.09983	0.06336	0.01899	0.02452	0.05399	0.09538	0.02845	0.07816	0.14298	0.03600	0.03846	0.13843	0.01305	0.01102	0.00286	0.07765	0.03634	0.00676	0.01120

[dist]
# distance from previous block
# <min> <max>
5	44

[block]
# block no. 7 follows, 20 sequences, length 32
# corresponding to MSA columns:
# 456-487
name=unknown_H
#
# <colnr> <probs for GDERKNQSTAVLIFYWHMCP>
#	G	D	E	R	K	N	Q	S	T	A	V	L	I	F	Y	W	H	M	C	P
0	0.02446	0.02484	0.02496	0.16194	0.03281	0.20999	0.04648	0.14816	0.02420	0.02901	0.01996	0.10608	0.01820	0.01215	0.01082	0.00282	0.07735	0.00946	0.00564	0.01065
1	0.28987	0.02172	0.02710	0.06572	0.20922	0.08594	0.09205	0.05902	0.01965	0.03267	0.01491	0.01859	0.01182	0.00816	0.00760	0.00266	0.01017	0.00676	0.00496	0.01141
2	0.03077	0.03814	0.02648	0.02759	0.12784	0.55333	0.01849	0.03350	0.02392	0.02253	0.01397	0.01670	0.01166	0.00879	0.00799	0.00230	0.01485	0.00597	0.00447	0.01072
3	0.03263	0.04032	0.02483	0.02230	0.02697	0.61223	0.01683	0.07691	0.02591	0.02381	0.01403	0.01611	0.01150	0.00910	0.00793	0.00227	0.01528	0.00578	0.00480	0.01046
4	0.01268	0.00846	0.00951	0.00951	0.00951	0.00846	0.00529	0.01268	0.01268	0.01691	0.02748	0.05708	0.03171	0.69345	0.04440	0.00846	0.00846	0.01268	0.00529	0.00529
5	0.01063	0.00759	0.01012	0.01215	0.01265	0.00709	0.00810	0.01215	0.01670	0.02227	0.04808	0.68775	0.05769	0.02733	0.01113	0.00354	0.00506	0.02480	0.00810	0.00709
6	0.01217	0.01005	0.01651	0.01595	0.01774	0.00940	0.10067	0.01459	0.01730	0.02314	0.04338	0.58514	0.05082	0.02424	0.01100	0.00345	0.00655	0.02256	0.00753	0.00781
7	0.01054	0.00794	0.00976	0.01121	0.01241	0.00716	0.00768	0.01225	0.01760	0.02263	0.05949	0.51673	0.22135	0.02584	0.01090	0.00337	0.00488	0.02299	0.00810	0.00716
8	0.03744	0.01756	0.02192	0.01681	0.02362	0.01685	0.01389	0.20324	0.02951	0.47793	0.03060	0.02721	0.01968	0.01070	0.00876	0.00268	0.00804	0.00851	0.01021	0.01484
9	0.01647	0.01550	0.02616	0.67248	0.06008	0.01938	0.02422	0.02229	0.01744	0.02229	0.01550	0.02326	0.01163	0.00872	0.00872	0.00291	0.01163	0.00775	0.00388	0.00969
10	0.01499	0.02190	0.21700	0.01717	0.02285	0.01408	0.01726	0.02344	0.11798	0.02691	0.04032	0.22701	0.10752	0.01767	0.00985	0.00317	0.00812	0.07577	0.00680	0.01019
11	0.01515	0.00758	0.01136	0.01136	0.01136	0.00758	0.00758	0.01136	0.01136	0.01515	0.01515	0.02652	0.01515	0.03030	0.03409	0.74621	0.00758	0.00758	0.00379	0.00379
12	0.01647	0.01550	0.02616	0.67248	0.06008	0.01938	0.02422	0.02229	0.01744	0.02229	0.01550	0.02326	0.01163	0.00872	0.00872	0.00291	0.01163	0.00775	0.00388	0.00969
13	0.01694	0.01618	0.02795	0.60904	0.08724	0.01959	0.05516	0.02280	0.01772	0.02289	0.01566	0.02319	0.01182	0.00860	0.00880	0.00289	0.01173	0.00789	0.00393	0.01000
14	0.03011	0.09966	0.02797	0.02242	0.02701	0.52178	0.04213	0.03260	0.02296	0.02153	0.01337	0.01618	0.01134	0.00929	0.00946	0.00237	0.06934	0.00590	0.00436	0.01024
15	0.02135	0.01528	0.01721	0.01460	0.01899	0.01587	0.01155	0.19066	0.12252	0.08379	0.23244	0.04800	0.14115	0.01499	0.00952	0.00277	0.00640	0.01252	0.00908	0.01132
16	0.01246	0.00935	0.01402	0.01402	0.01558	0.01090	0.01090	0.01558	0.01402	0.02025	0.02336	0.03427	0.02181	0.06542	0.65888	0.01402	0.02336	0.00935	0.00467	0.00779
17	0.01399	0.01167	0.01266	0.01218	0.01475	0.04506	0.00923	0.01956	0.08424	0.03093	0.36738	0.10115	0.18003	0.01845	0.01015	0.00289	0.00534	0.04290	0.00878	0.00865
18	0.01990	0.18388	0.25028	0.02544	0.03389	0.02505	0.17874	0.02627	0.01800	0.02500	0.01469	0.01888	0.01173	0.00900	0.01156	0.00278	0.12209	0.00726	0.00391	0.01165
19	0.01088	0.00779	0.01035	0.01197	0.01271	0.00725	0.00812	0.01278	0.01787	0.02413	0.13402	0.59650	0.06130	0.02594	0.01101	0.00343	0.00492	0.02348	0.00832	0.00725
20	0.02897	0.02038	0.02236	0.01832	0.02434	0.02242	0.01475	0.26863	0.29908	0.13935	0.02957	0.02751	0.02117	0.01113	0.00880	0.00278	0.00805	0.00890	0.00912	0.01438
21	0.02497	0.16374	0.06659	0.19535	0.06971	0.29211	0.01989	0.02890	0.02076	0.02220	0.01404	0.01787	0.01147	0.00851	0.00771	0.00240	0.01291	0.00616	0.00412	0.01059
22	0.02091	0.13686	0.12480	0.03634	0.20882	0.02350	0.26930	0.02727	0.01962	0.02683	0.01612	0.02073	0.01277	0.00761	0.00879	0.00264	0.01235	0.00814	0.00418	0.01240
23	0.01038	0.00857	0.00912	0.00956	0.01197	0.00730	0.00695	0.01244	0.01919	0.02328	0.07962	0.21506	0.51003	0.02323	0.01049	0.00308	0.00456	0.01980	0.00810	0.00730
24	0.01668	0.04826	0.15550	0.01565	0.02038	0.01428	0.01477	0.09667	0.02039	0.02914	0.03089	0.27267	0.03157	0.02016	0.05672	0.00371	0.00877	0.01390	0.12012	0.00979
25	0.05751	0.02114	0.03187	0.15940	0.46045	0.06724	0.02474	0.02651	0.01954	0.02739	0.01582	0.02109	0.01302	0.00805	0.00844	0.00263	0.01080	0.00746	0.00431	0.01260
26	0.01863	0.03166	0.31676	0.13834	0.12280	0.02062	0.17283	0.02671	0.01899	0.02694	0.01622	0.02090	0.01205	0.00806	0.00890	0.00281	0.01280	0.00779	0.00398	0.01221
27	0.02659	0.17494	0.15878	0.02068	0.07091	0.06794	0.01861	0.06076	0.05740	0.19118	0.02476	0.02465	0.04597	0.00978	0.00797	0.00251	0.00974	0.00757	0.00646	0.01278
28	0.05921	0.01877	0.02048	0.10120	0.08676	0.10102	0.01552	0.11054	0.04946	0.06276	0.09046	0.04348	0.10387	0.01369	0.00922	0.00286	0.00898	0.08405	0.00698	0.01069
29	0.05304	0.02135	0.02541	0.17388	0.23082	0.13236	0.01974	0.02721	0.07945	0.02645	0.02689	0.02991	0.09606	0.01051	0.00862	0.00269	0.01032	0.00886	0.00525	0.01120
30	0.15787	0.08088	0.19025	0.02011	0.02726	0.18853	0.04890	0.02779	0.01955	0.02770	0.04866	0.01949	0.01503	0.00912	0.00860	0.00253	0.04547	0.00649	0.00467	0.05110
31	0.05913	0.01546	0.01986	0.19367	0.10982	0.06636	0.01593	0.02165	0.01831	0.05476	0.05527	0.11980	0.02794	0.12028	0.01472	0.00383	0.00931	0.05881	0.00580	0.00928

[dist]
# distance from previous block
# <min> <max>
3	38

[block]
# block no. 8 follows, 20 sequences, length 40
# corresponding to MSA columns:
# 529-568
name=unknown_I
#
# <colnr> <probs for GDERKNQSTAVLIFYWHMCP>
#	G	D	E	R	K	N	Q	S	T	A	V	L	I	F	Y	W	H	M	C	P
0	0.29261	0.04971	0.01412	0.06115	0.01746	0.01460	0.00939	0.01891	0.01497	0.02700	0.02425	0.16717	0.02609	0.20771	0.01798	0.00449	0.00739	0.01140	0.00572	0.00788
1	0.17335	0.02696	0.13903	0.10124	0.09074	0.14521	0.01896	0.07020	0.02082	0.02981	0.02299	0.02535	0.08038	0.01008	0.00795	0.00266	0.01059	0.00765	0.00515	0.01087
2	0.02486	0.07552	0.02781	0.03002	0.21775	0.17642	0.01923	0.12475	0.02448	0.03012	0.02201	0.03465	0.02035	0.01172	0.00891	0.00274	0.01101	0.12013	0.00579	0.01174
3	0.19439	0.01410	0.01577	0.07400	0.02132	0.01559	0.01213	0.08737	0.09219	0.03259	0.07415	0.16466	0.03206	0.01641	0.01036	0.04600	0.00718	0.07309	0.00708	0.00955
4	0.01812	0.15064	0.05206	0.01765	0.08123	0.01764	0.01329	0.06575	0.05137	0.02698	0.03507	0.10410	0.14384	0.05224	0.01033	0.00277	0.00754	0.01097	0.00609	0.13233
5	0.02721	0.06189	0.02916	0.03267	0.25617	0.25733	0.01990	0.03076	0.02163	0.08659	0.01659	0.01954	0.01333	0.00886	0.00920	0.00244	0.04830	0.00678	0.00501	0.04665
6	0.01246	0.00935	0.01402	0.01402	0.01558	0.01090	0.01090	0.01558	0.01402	0.02025	0.02336	0.03427	0.02181	0.06542	0.65888	0.01402	0.02336	0.00935	0.00467	0.00779
7	0.02252	0.01957	0.02497	0.09656	0.17513	0.02187	0.01837	0.10837	0.34217	0.03533	0.02699	0.02750	0.02050	0.01036	0.00878	0.00282	0.00857	0.00889	0.00723	0.01350
8	0.01246	0.00935	0.01402	0.01402	0.01558	0.01090	0.01090	0.01558	0.01402	0.02025	0.02336	0.03427	0.02181	0.06542	0.65888	0.01402	0.02336	0.00935	0.00467	0.00779
9	0.02195	0.02351	0.12004	0.25454	0.17355	0.02178	0.05442	0.16536	0.02393	0.03255	0.01714	0.02165	0.01287	0.00880	0.00872	0.00275	0.01121	0.00772	0.00514	0.01239
10	0.02137	0.24948	0.24904	0.02664	0.14980	0.06173	0.02328	0.02880	0.06451	0.02581	0.01604	0.01852	0.01283	0.00823	0.00751	0.00242	0.01095	0.00634	0.00426	0.01243
11	0.01246	0.00935	0.01402	0.01402	0.01558	0.01090	0.01090	0.01558	0.01402	0.02025	0.02336	0.03427	0.02181	0.06542	0.65888	0.01402	0.02336	0.00935	0.00467	0.00779
12	0.01061	0.00819	0.00969	0.01070	0.01232	0.00727	0.00750	0.01258	0.01853	0.02362	0.10229	0.39784	0.29856	0.02455	0.01074	0.00324	0.00473	0.02157	0.00819	0.00727
13	0.02666	0.02434	0.02169	0.01854	0.02329	0.17407	0.01441	0.24130	0.14831	0.03601	0.02296	0.02691	0.01869	0.08343	0.07614	0.00430	0.01177	0.00834	0.00700	0.01186
14	0.02332	0.69869	0.04571	0.01493	0.02239	0.03451	0.01493	0.02612	0.01772	0.02052	0.01213	0.01399	0.01119	0.00746	0.00560	0.00187	0.00933	0.00466	0.00373	0.01119
15	0.01127	0.00881	0.01026	0.01043	0.01275	0.00780	0.00786	0.01413	0.02103	0.02717	0.25119	0.14841	0.35219	0.02151	0.01053	0.00303	0.00467	0.06075	0.00856	0.00765
