[name]
unknown

[dist]
# distance from previous block
# <min> <max>
0	54

[block]
# block no. 0 follows, 22 sequences, length 23
# corresponding to MSA columns:
# 54-76
name=unknown_A
#
# <colnr> <probs for GDERKNQSTAVLIFYWHMCP>
#	G	D	E	R	K	N	Q	S	T	A	V	L	I	F	Y	W	H	M	C	P
0	0.01331	0.00975	0.01381	0.05823	0.01913	0.00990	0.01324	0.01726	0.01958	0.02581	0.12736	0.08463	0.04972	0.02116	0.01103	0.00359	0.00735	0.47977	0.00760	0.00778
1	0.02286	0.02345	0.05355	0.02582	0.18572	0.16506	0.01711	0.16337	0.02455	0.03038	0.03055	0.03387	0.13841	0.01163	0.00852	0.00253	0.00976	0.03580	0.00595	0.01111
2	0.06730	0.17814	0.02611	0.05550	0.02435	0.12812	0.01437	0.14839	0.09217	0.12814	0.04521	0.02163	0.01716	0.00935	0.00742	0.00235	0.00918	0.00693	0.00650	0.01169
3	0.02439	0.04247	0.01896	0.05365	0.02143	0.01510	0.01220	0.12947	0.08190	0.22178	0.21200	0.03569	0.03577	0.01187	0.00856	0.00251	0.00670	0.00991	0.00854	0.04710
4	0.02188	0.02194	0.02291	0.02599	0.18172	0.17077	0.01654	0.05679	0.19673	0.02735	0.02158	0.02446	0.01752	0.01916	0.13301	0.00453	0.01241	0.00777	0.00563	0.01130
5	0.06861	0.01463	0.01768	0.01405	0.01964	0.01384	0.01135	0.03150	0.10702	0.27022	0.04609	0.02548	0.01974	0.00958	0.00859	0.00227	0.04653	0.00747	0.04930	0.21641
6	0.01012	0.00809	0.00911	0.00985	0.01184	0.00707	0.00718	0.01211	0.01795	0.02218	0.06925	0.28482	0.42178	0.02278	0.01017	0.00305	0.00461	0.05335	0.00771	0.00696
7	0.18110	0.02484	0.18898	0.21987	0.03622	0.05808	0.04705	0.05794	0.01784	0.02786	0.01412	0.01828	0.01068	0.00854	0.00879	0.00270	0.05609	0.00642	0.00427	0.01034
8	0.01901	0.01815	0.03165	0.11635	0.44850	0.01843	0.08220	0.02408	0.01875	0.02614	0.01923	0.03018	0.01726	0.00943	0.00880	0.00271	0.01013	0.08266	0.00452	0.01183
9	0.01012	0.00723	0.00964	0.01157	0.01205	0.00675	0.00771	0.01157	0.01591	0.02121	0.04579	0.70262	0.05495	0.02603	0.01060	0.00337	0.00482	0.02362	0.00771	0.00675
10	0.03046	0.08325	0.02484	0.02094	0.02540	0.63308	0.01593	0.03263	0.02311	0.02028	0.01276	0.01487	0.01070	0.00847	0.00735	0.00212	0.01459	0.00529	0.00423	0.00970
11	0.02663	0.38216	0.03420	0.01710	0.02346	0.17496	0.01504	0.18413	0.02416	0.02828	0.01403	0.01542	0.01157	0.00818	0.00659	0.00205	0.01032	0.00544	0.00496	0.01133
12	0.01101	0.00871	0.01013	0.01088	0.01324	0.00783	0.00872	0.01363	0.01880	0.02315	0.06843	0.12599	0.41468	0.02200	0.01041	0.00318	0.00538	0.20893	0.00769	0.00720
13	0.01012	0.00723	0.00964	0.01157	0.01205	0.00675	0.00771	0.01157	0.01591	0.02121	0.04579	0.70262	0.05495	0.02603	0.01060	0.00337	0.00482	0.02362	0.00771	0.00675
14	0.02046	0.02003	0.03540	0.04923	0.58879	0.01988	0.09158	0.02562	0.01899	0.02708	0.01576	0.02076	0.01310	0.00736	0.00840	0.00250	0.01032	0.00767	0.00412	0.01294
15	0.01455	0.00800	0.00927	0.00927	0.01099	0.00836	0.00700	0.01779	0.01607	0.02723	0.02523	0.03107	0.02079	0.02351	0.16990	0.04584	0.00852	0.00800	0.53117	0.00744
16	0.02515	0.30319	0.03240	0.09377	0.06947	0.27456	0.01671	0.05416	0.02050	0.02198	0.01304	0.01570	0.01104	0.00794	0.00680	0.00210	0.01152	0.00544	0.00409	0.01043
17	0.01831	0.01550	0.01988	0.01540	0.02073	0.01487	0.06528	0.11559	0.02073	0.02964	0.02916	0.03088	0.13301	0.01078	0.00980	0.00218	0.08237	0.00857	0.05574	0.30158
18	0.10624	0.01741	0.04673	0.20018	0.07621	0.01779	0.01676	0.12606	0.05680	0.17801	0.02462	0.02584	0.05200	0.00980	0.00804	0.00263	0.00863	0.00796	0.00665	0.01163
19	0.16005	0.02242	0.09890	0.07381	0.37516	0.05110	0.05090	0.02557	0.01800	0.02826	0.01466	0.01881	0.01183	0.00760	0.00765	0.00252	0.01000	0.00673	0.00423	0.01180
20	0.02208	0.02483	0.06157	0.04028	0.38203	0.14284	0.11991	0.02688	0.01953	0.02540	0.01503	0.01956	0.01239	0.00792	0.00925	0.00252	0.04457	0.00734	0.00411	0.01195
21	0.01910	0.02408	0.13956	0.10368	0.18444	0.05981	0.07629	0.02391	0.01673	0.02356	0.01380	0.01927	0.01154	0.00996	0.01451	0.00292	0.23492	0.00723	0.00382	0.01086
22	0.01870	0.01784	0.03036	0.29417	0.42758	0.01925	0.02457	0.02387	0.01804	0.02488	0.01530	0.02117	0.01236	0.00775	0.00826	0.00258	0.01033	0.00739	0.00395	0.01166

[dist]
# distance from previous block
# <min> <max>
6	20

[block]
# block no. 1 follows, 22 sequences, length 32
# corresponding to MSA columns:
# 97-128
name=unknown_B
#
# <colnr> <probs for GDERKNQSTAVLIFYWHMCP>
#	G	D	E	R	K	N	Q	S	T	A	V	L	I	F	Y	W	H	M	C	P
0	0.10464	0.05123	0.17727	0.23383	0.10710	0.01943	0.02133	0.07068	0.04292	0.02853	0.05350	0.02206	0.01572	0.00875	0.00781	0.00261	0.00985	0.00717	0.00472	0.01088
1	0.01869	0.03038	0.26418	0.01822	0.02493	0.19891	0.01861	0.02399	0.02044	0.02510	0.13008	0.03497	0.13381	0.01186	0.00843	0.00252	0.01027	0.00935	0.00538	0.00989
2	0.01319	0.04557	0.15755	0.01344	0.01856	0.01174	0.01319	0.01765	0.01882	0.02578	0.18657	0.04816	0.21880	0.02014	0.08680	0.00378	0.00840	0.01177	0.00632	0.07376
3	0.03103	0.03959	0.02354	0.02140	0.02568	0.67469	0.01605	0.03317	0.02354	0.02033	0.01284	0.01498	0.01070	0.00856	0.00749	0.00214	0.01498	0.00535	0.00428	0.00963
4	0.01846	0.17223	0.38289	0.06650	0.15067	0.02207	0.02594	0.02556	0.01761	0.02480	0.01436	0.01753	0.01108	0.00767	0.00746	0.00244	0.01107	0.00611	0.00364	0.01193
5	0.01933	0.02019	0.06387	0.04413	0.49949	0.01876	0.09343	0.02449	0.01893	0.02663	0.02167	0.02578	0.06844	0.00856	0.00853	0.00254	0.00997	0.00850	0.00441	0.01236
6	0.01229	0.00953	0.01417	0.01392	0.01530	0.01140	0.01091	0.01518	0.01331	0.01933	0.02149	0.03166	0.02010	0.05909	0.63149	0.01270	0.06741	0.00879	0.00440	0.00753
7	0.01036	0.00754	0.00936	0.01069	0.01148	0.00698	0.00709	0.01170	0.01585	0.02067	0.04922	0.50673	0.14917	0.12414	0.01507	0.00396	0.00519	0.02095	0.00732	0.00654
8	0.02640	0.02740	0.02615	0.10013	0.06768	0.27938	0.06984	0.19039	0.02558	0.02997	0.01618	0.01941	0.01272	0.01262	0.05666	0.00320	0.01309	0.00693	0.00530	0.01099
9	0.01748	0.01671	0.02553	0.44865	0.17322	0.04524	0.02180	0.02398	0.06318	0.02398	0.04765	0.02414	0.01584	0.00878	0.00834	0.00268	0.01031	0.00783	0.00442	0.01026
10	0.02683	0.02020	0.02173	0.01783	0.02355	0.02258	0.01435	0.32137	0.31864	0.08038	0.02717	0.02559	0.01974	0.01060	0.00838	0.00265	0.00782	0.00842	0.00849	0.01367
11	0.02486	0.02822	0.02783	0.03515	0.32825	0.32027	0.02026	0.02839	0.02071	0.02354	0.01474	0.01871	0.01248	0.01120	0.04751	0.00296	0.01295	0.00655	0.00421	0.01120
12	0.01363	0.01103	0.01899	0.01650	0.01902	0.01058	0.15340	0.01624	0.01611	0.02262	0.03119	0.31665	0.03358	0.06898	0.05352	0.06944	0.00834	0.01532	0.09729	0.00757
13	0.00982	0.00842	0.00842	0.00842	0.01122	0.00701	0.00631	0.01192	0.01894	0.02244	0.08416	0.07995	0.65285	0.02104	0.00982	0.00281	0.00421	0.01753	0.00771	0.00701
14	0.66743	0.01804	0.01379	0.04384	0.01884	0.07551	0.01027	0.02503	0.01507	0.03505	0.01183	0.01403	0.00924	0.00781	0.00549	0.00254	0.00739	0.00471	0.00500	0.00906
15	0.01865	0.02386	0.17176	0.16756	0.37567	0.01963	0.02587	0.02462	0.01790	0.02551	0.01510	0.02010	0.01207	0.00798	0.00896	0.00261	0.03912	0.00711	0.00388	0.01203
16	0.01978	0.01891	0.03188	0.04789	0.60926	0.01881	0.02410	0.02451	0.01892	0.02680	0.02062	0.02488	0.05973	0.00839	0.00834	0.00249	0.00946	0.00814	0.00437	0.01271
17	0.01187	0.00890	0.01335	0.01335	0.01483	0.01038	0.01038	0.01483	0.01335	0.01928	0.02225	0.03264	0.02077	0.06231	0.67512	0.01335	0.02225	0.00890	0.00445	0.00742
18	0.00982	0.00842	0.00842	0.00842	0.01122	0.00701	0.00631	0.01192	0.01894	0.02244	0.08416	0.07995	0.65285	0.02104	0.00982	0.00281	0.00421	0.01753	0.00771	0.00701
19	0.01880	0.14096	0.34341	0.02978	0.17231	0.02177	0.10739	0.02594	0.01802	0.02546	0.01479	0.01820	0.01141	0.00754	0.00782	0.00248	0.01144	0.00665	0.00374	0.01207
20	0.02028	0.02053	0.03824	0.04627	0.47501	0.02011	0.20308	0.02583	0.01912	0.02698	0.01598	0.02111	0.01300	0.00728	0.00869	0.00257	0.01109	0.00811	0.00414	0.01258
21	0.01407	0.00897	0.01127	0.01064	0.01312	0.00803	0.00799	0.01721	0.02160	0.10202	0.38037	0.14034	0.19634	0.01821	0.00973	0.00274	0.00446	0.01586	0.00878	0.00825
22	0.01195	0.06985	0.01293	0.01095	0.01387	0.01001	0.00909	0.01461	0.01881	0.02291	0.06598	0.07824	0.41825	0.02040	0.00992	0.00302	0.00563	0.18873	0.00733	0.00752
23	0.02996	0.03434	0.02308	0.02029	0.02500	0.49513	0.01552	0.15224	0.04934	0.02737	0.01773	0.01902	0.03612	0.00941	0.00778	0.00226	0.01309	0.00639	0.00537	0.01056
24	0.01666	0.04297	0.66500	0.02368	0.03596	0.01929	0.03069	0.02631	0.01754	0.02631	0.01491	0.01754	0.01052	0.00789	0.00789	0.00263	0.01228	0.00614	0.00351	0.01228
25	0.01351	0.00824	0.01018	0.01018	0.01191	0.00870	0.00774	0.01650	0.01562	0.02479	0.02951	0.03560	0.07552	0.03249	0.27318	0.04317	0.01136	0.00903	0.35544	0.00735
26	0.30991	0.17602	0.07832	0.05475	0.02272	0.12474	0.01401	0.02508	0.01699	0.02772	0.03693	0.01733	0.01309	0.01080	0.03918	0.00288	0.00979	0.00555	0.00454	0.00964
27	0.08959	0.25973	0.02671	0.01507	0.02037	0.12377	0.01278	0.06354	0.04356	0.12994	0.04053	0.06576	0.01835	0.01089	0.00826	0.03866	0.00873	0.00738	0.00585	0.01053
28	0.01869	0.39698	0.10450	0.01436	0.02055	0.02360	0.01417	0.05735	0.01848	0.02294	0.02810	0.10890	0.11778	0.01188	0.00716	0.00228	0.00806	0.00923	0.00500	0.01000
29	0.01666	0.21759	0.02227	0.01359	0.01671	0.01693	0.01122	0.01905	0.01640	0.06748	0.05739	0.23387	0.03049	0.02555	0.14699	0.00488	0.05607	0.01228	0.00579	0.00879
30	0.01734	0.05687	0.03947	0.01238	0.01627	0.09248	0.01009	0.02232	0.08578	0.07357	0.05095	0.07676	0.29810	0.01521	0.00850	0.00256	0.00657	0.01238	0.09336	0.00903
31	0.02404	0.02699	0.02176	0.02140	0.06864	0.32620	0.01532	0.03130	0.16700	0.02430	0.02159	0.09891	0.01947	0.01177	0.01024	0.00263	0.08377	0.00877	0.00558	0.01033

[dist]
# distance from previous block
# <min> <max>
11	71

[block]
# block no. 2 follows, 22 sequences, length 77
# corresponding to MSA columns:
# 200-276
name=unknown_C
#
# <colnr> <probs for GDERKNQSTAVLIFYWHMCP>
#	G	D	E	R	K	N	Q	S	T	A	V	L	I	F	Y	W	H	M	C	P
0	0.02129	0.02991	0.18545	0.06252	0.15331	0.16577	0.14700	0.02691	0.01907	0.02437	0.01460	0.01883	0.01155	0.00840	0.01008	0.00263	0.07605	0.00712	0.00396	0.01119
1	0.02473	0.02974	0.05535	0.05430	0.20378	0.34327	0.01956	0.02813	0.02020	0.02247	0.01407	0.01810	0.01191	0.01138	0.04225	0.00297	0.07671	0.00639	0.00412	0.01057
2	0.02790	0.08384	0.02762	0.02778	0.17723	0.40838	0.01816	0.08610	0.02337	0.02489	0.01408	0.01666	0.01161	0.00830	0.00758	0.00222	0.01275	0.00597	0.00456	0.01098
3	0.02221	0.71304	0.04353	0.01421	0.02132	0.03287	0.01421	0.02488	0.01688	0.01955	0.01155	0.01333	0.01066	0.00711	0.00533	0.00178	0.00888	0.00444	0.00355	0.01066
4	0.00992	0.00840	0.00845	0.00845	0.01112	0.00706	0.00625	0.01193	0.01862	0.02215	0.08152	0.07878	0.62450	0.05233	0.01130	0.00304	0.00438	0.01728	0.00759	0.00692
5	0.01666	0.04297	0.66500	0.02368	0.03596	0.01929	0.03069	0.02631	0.01754	0.02631	0.01491	0.01754	0.01052	0.00789	0.00789	0.00263	0.01228	0.00614	0.00351	0.01228
6	0.01162	0.00817	0.01004	0.01028	0.01088	0.00833	0.00665	0.01262	0.01335	0.01792	0.03210	0.13236	0.07793	0.42801	0.17639	0.00825	0.01051	0.01322	0.00544	0.00593
7	0.02272	0.01702	0.02150	0.02356	0.16175	0.01814	0.01528	0.03727	0.35836	0.13770	0.03291	0.03144	0.06308	0.01089	0.00848	0.00270	0.00723	0.00931	0.00775	0.01291
8	0.01977	0.02192	0.05797	0.02415	0.09899	0.12752	0.12151	0.02388	0.01785	0.02395	0.01534	0.02019	0.01298	0.01502	0.09352	0.00369	0.09991	0.00698	0.00430	0.19054
9	0.01251	0.00910	0.01199	0.01248	0.01395	0.00927	0.00914	0.05949	0.01846	0.02527	0.13973	0.37337	0.04794	0.03125	0.15786	0.00541	0.00897	0.03885	0.00727	0.00767
10	0.02571	0.02154	0.01996	0.01764	0.04759	0.15256	0.01331	0.22946	0.08129	0.06691	0.04876	0.02413	0.01876	0.00977	0.00764	0.00229	0.00867	0.00751	0.14907	0.04744
11	0.03061	0.07196	0.02450	0.02106	0.02547	0.64385	0.01596	0.03277	0.02322	0.02029	0.01278	0.01490	0.01070	0.00849	0.00739	0.00212	0.01469	0.00531	0.00425	0.00968
12	0.01635	0.01098	0.04054	0.01230	0.01463	0.00947	0.00928	0.04661	0.01854	0.12530	0.11729	0.31567	0.04364	0.16063	0.01641	0.00403	0.00625	0.01616	0.00761	0.00830
13	0.02015	0.04048	0.47520	0.02522	0.08023	0.16484	0.02705	0.02777	0.01898	0.02504	0.01450	0.01720	0.01076	0.00800	0.00783	0.00251	0.01270	0.00606	0.00372	0.01176
14	0.00995	0.00842	0.00859	0.00855	0.01130	0.00707	0.00641	0.01217	0.01924	0.02316	0.12147	0.07877	0.61510	0.02077	0.00982	0.00279	0.00419	0.01737	0.00781	0.00707
15	0.02177	0.68319	0.04225	0.01418	0.02105	0.03192	0.01405	0.02445	0.01673	0.01953	0.01200	0.01414	0.01109	0.00945	0.03372	0.00227	0.00945	0.00463	0.00359	0.01052
16	0.02117	0.02248	0.02345	0.04642	0.02494	0.20622	0.08898	0.02462	0.01891	0.02433	0.04615	0.02105	0.01567	0.00928	0.01069	0.00228	0.12227	0.00689	0.07431	0.18990
17	0.01631	0.01484	0.02437	0.17255	0.27460	0.01532	0.04345	0.02097	0.01957	0.02692	0.17459	0.03839	0.07211	0.01153	0.00895	0.00267	0.00838	0.03854	0.00564	0.01029
18	0.01748	0.01120	0.03785	0.01325	0.01585	0.00976	0.01011	0.06430	0.01930	0.15352	0.04003	0.48855	0.04322	0.02094	0.00987	0.00312	0.00589	0.01864	0.00812	0.00901
19	0.01549	0.00774	0.00774	0.00774	0.00968	0.00774	0.00581	0.01936	0.01742	0.03097	0.02710	0.03097	0.02129	0.00968	0.00581	0.00194	0.00387	0.00774	0.75416	0.00774
20	0.02056	0.01974	0.03372	0.05099	0.65622	0.01974	0.02550	0.02550	0.01892	0.02714	0.01563	0.02056	0.01316	0.00740	0.00822	0.00247	0.00987	0.00740	0.00411	0.01316
21	0.01147	0.00848	0.01071	0.01015	0.01224	0.00772	0.00762	0.01513	0.02285	0.03173	0.56896	0.06467	0.16225	0.01758	0.00980	0.00264	0.00396	0.01539	0.00894	0.00772
22	0.02056	0.01974	0.03372	0.05099	0.65622	0.01974	0.02550	0.02550	0.01892	0.02714	0.01563	0.02056	0.01316	0.00740	0.00822	0.00247	0.00987	0.00740	0.00411	0.01316
23	0.76672	0.01607	0.01221	0.01092	0.01607	0.01864	0.00900	0.02442	0.01414	0.03727	0.01157	0.01350	0.00900	0.00771	0.00514	0.00257	0.00643	0.00450	0.00514	0.00900
24	0.11381	0.02401	0.17296	0.05511	0.18496	0.01869	0.17602	0.02616	0.01865	0.06991	0.04823	0.02212	0.01558	0.00815	0.00826	0.00263	0.01059	0.00781	0.00477	0.01159
25	0.02818	0.03484	0.02396	0.02149	0.02482	0.53055	0.01652	0.03025	0.02114	0.02026	0.01241	0.01569	0.01075	0.00989	0.01188	0.00247	0.16548	0.00578	0.00414	0.00951
26	0.01010	0.00732	0.00954	0.01131	0.01198	0.00677	0.00760	0.01160	0.01615	0.02131	0.04887	0.65264	0.10294	0.02563	0.01054	0.00333	0.00477	0.02313	0.00771	0.00677
27	0.01306	0.01067	0.01585	0.04850	0.01807	0.01318	0.01226	0.01597	0.01341	0.01949	0.02008	0.02981	0.01872	0.05202	0.53885	0.01128	0.12817	0.00857	0.00428	0.00777
28	0.01718	0.03939	0.55767	0.02565	0.03726	0.01959	0.13443	0.02636	0.01790	0.02636	0.01524	0.01839	0.01089	0.00774	0.00823	0.00266	0.01258	0.00678	0.00363	0.01209
29	0.76672	0.01607	0.01221	0.01092	0.01607	0.01864	0.00900	0.02442	0.01414	0.03727	0.01157	0.01350	0.00900	0.00771	0.00514	0.00257	0.00643	0.00450	0.00514	0.00900
30	0.01912	0.01683	0.01989	0.09689	0.08050	0.01913	0.01478	0.03702	0.45954	0.03143	0.03444	0.03336	0.07781	0.01145	0.00854	0.00278	0.00718	0.00970	0.00746	0.01216
31	0.03727	0.01414	0.01928	0.01478	0.02121	0.01221	0.01221	0.04049	0.02378	0.66198	0.03277	0.02828	0.02056	0.01028	0.00835	0.00257	0.00707	0.00835	0.01028	0.01414
32	0.76672	0.01607	0.01221	0.01092	0.01607	0.01864	0.00900	0.02442	0.01414	0.03727	0.01157	0.01350	0.00900	0.00771	0.00514	0.00257	0.00643	0.00450	0.00514	0.00900
33	0.01471	0.01279	0.01908	0.02559	0.25290	0.01226	0.01466	0.01850	0.02005	0.02709	0.19066	0.05507	0.20569	0.01519	0.00941	0.00275	0.00665	0.08065	0.00671	0.00958
34	0.01269	0.01004	0.01175	0.01244	0.01447	0.01015	0.00914	0.01938	0.15565	0.02480	0.05093	0.36913	0.17190	0.02144	0.01004	0.00317	0.00534	0.07136	0.00787	0.00831
35	0.03103	0.03959	0.02354	0.02140	0.02568	0.67469	0.01605	0.03317	0.02354	0.02033	0.01284	0.01498	0.01070	0.00856	0.00749	0.00214	0.01498	0.00535	0.00428	0.00963
36	0.01737	0.03714	0.50124	0.02642	0.06578	0.02001	0.11202	0.02584	0.01753	0.02592	0.01491	0.01841	0.01097	0.00824	0.00963	0.00272	0.06348	0.00679	0.00364	0.01193
37	0.01126	0.00847	0.01042	0.00993	0.01211	0.00763	0.00745	0.01471	0.02234	0.03053	0.50631	0.06664	0.22565	0.01802	0.00980	0.00266	0.00399	0.01567	0.00878	0.00763
38	0.01021	0.00843	0.00896	0.00883	0.01146	0.00718	0.00662	0.01269	0.01987	0.02466	0.19974	0.07631	0.53588	0.02021	0.00981	0.00277	0.00415	0.01702	0.00801	0.00718
39	0.01065	0.00857	0.00958	0.00966	0.01217	0.00749	0.00746	0.01335	0.01996	0.02509	0.20317	0.07764	0.45763	0.02038	0.01001	0.00288	0.00454	0.08448	0.00802	0.00727
40	0.01708	0.09327	0.61835	0.02297	0.03486	0.02031	0.02946	0.02620	0.01749	0.02580	0.01466	0.01722	0.01053	0.00783	0.00770	0.00257	0.01202	0.00601	0.00351	0.01216
41	0.01985	0.01714	0.01801	0.01627	0.02082	0.01964	0.01264	0.04173	0.59451	0.03383	0.03759	0.03467	0.07246	0.01200	0.00856	0.00282	0.00640	0.01000	0.00840	0.01269
42	0.01090	0.00788	0.01013	0.01120	0.01227	0.00737	0.00791	0.01300	0.01768	0.02367	0.17057	0.40548	0.10793	0.08332	0.01323	0.00362	0.00513	0.07400	0.00776	0.00693
43	0.03119	0.03488	0.02394	0.02074	0.02571	0.48716	0.01598	0.20522	0.02803	0.02959	0.01489	0.01642	0.01169	0.00897	0.00773	0.00224	0.01329	0.00597	0.00545	0.01093
44	0.01958	0.01844	0.02944	0.04264	0.51436	0.01868	0.02212	0.02665	0.09941	0.02769	0.02433	0.02741	0.07401	0.00917	0.00840	0.00254	0.00892	0.00860	0.00501	0.01259
45	0.02705	0.02213	0.02041	0.01749	0.02247	0.16409	0.01384	0.15771	0.20504	0.14002	0.06727	0.02990	0.02361	0.01120	0.00843	0.00260	0.00893	0.03790	0.00781	0.01211
46	0.60020	0.02204	0.15714	0.01376	0.02048	0.01878	0.01381	0.02484	0.01489	0.03484	0.01231	0.01439	0.00934	0.00775	0.00575	0.00258	0.00773	0.00486	0.00478	0.00973
47	0.01727	0.03875	0.53869	0.02600	0.03749	0.01964	0.15278	0.02637	0.01796	0.02637	0.01530	0.01854	0.01095	0.00771	0.00828	0.00267	0.01263	0.00689	0.00365	0.01206
48	0.01493	0.00785	0.00823	0.00823	0.00996	0.00795	0.00604	0.01838	0.01666	0.02882	0.02670	0.03326	0.02209	0.07812	0.05319	0.00326	0.00547	0.00822	0.63518	0.00747
49	0.01041	0.00844	0.00924	0.00904	0.01158	0.00727	0.00678	0.01307	0.02033	0.02576	0.25749	0.07449	0.47744	0.01980	0.00981	0.00275	0.00412	0.01677	0.00815	0.00727
50	0.01187	0.00890	0.01335	0.01335	0.01483	0.01038	0.01038	0.01483	0.01335	0.01928	0.02225	0.03264	0.02077	0.06231	0.67512	0.01335	0.02225	0.00890	0.00445	0.00742
51	0.01119	0.00847	0.01031	0.00985	0.01206	0.00760	0.00739	0.01457	0.02217	0.03012	0.48504	0.06731	0.24717	0.01818	0.00980	0.00267	0.00400	0.01576	0.00872	0.00760
52	0.01708	0.04033	0.59076	0.02622	0.08284	0.01940	0.05626	0.02626	0.01773	0.02638	0.01505	0.01798	0.01081	0.00782	0.00800	0.00263	0.01217	0.00639	0.00358	0.01230
53	0.02873	0.03549	0.02373	0.02370	0.08372	0.56382	0.01673	0.03126	0.02278	0.02131	0.01544	0.02141	0.01372	0.00953	0.00786	0.00230	0.01396	0.05020	0.00452	0.00981
54	0.02220	0.01534	0.01720	0.01445	0.01850	0.01687	0.01162	0.30543	0.02664	0.03824	0.02256	0.02617	0.01779	0.02249	0.16820	0.00495	0.01078	0.00790	0.22199	0.01067
55	0.01665	0.06067	0.01681	0.01467	0.04240	0.04837	0.01093	0.02783	0.27891	0.02747	0.05208	0.04953	0.29116	0.01488	0.00877	0.00270	0.00627	0.01226	0.00744	0.01019
56	0.01165	0.00787	0.00919	0.00962	0.00972	0.00776	0.00563	0.01197	0.01293	0.01724	0.03053	0.19829	0.03570	0.55663	0.03525	0.00701	0.00734	0.01464	0.00563	0.00541
57	0.01666	0.04297	0.66500	0.02368	0.03596	0.01929	0.03069	0.02631	0.01754	0.02631	0.01491	0.01754	0.01052	0.00789	0.00789	0.00263	0.01228	0.00614	0.00351	0.01228
58	0.03161	0.01288	0.01746	0.01382	0.01925	0.01124	0.01124	0.03498	0.02372	0.52240	0.17022	0.03578	0.03340	0.01177	0.00867	0.00258	0.00637	0.00983	0.01003	0.01274
59	0.01189	0.00880	0.01285	0.01285	0.01417	0.01011	0.00976	0.01452	0.01320	0.01892	0.02271	0.03515	0.02186	0.13710	0.60183	0.01274	0.02061	0.00927	0.00452	0.00714
60	0.01093	0.00846	0.00996	0.00958	0.01190	0.00749	0.00719	0.01407	0.02156	0.02867	0.40940	0.06970	0.32373	0.01872	0.00981	0.00270	0.00404	0.01610	0.00853	0.00749
61	0.02056	0.01974	0.03372	0.05099	0.65622	0.01974	0.02550	0.02550	0.01892	0.02714	0.01563	0.02056	0.01316	0.00740	0.00822	0.00247	0.00987	0.00740	0.00411	0.01316
62	0.01761	0.02216	0.15432	0.32373	0.21291	0.01919	0.05104	0.02472	0.04761	0.02472	0.01603	0.02125	0.01228	0.00807	0.00827	0.00266	0.01090	0.00734	0.00402	0.01117
63	0.01939	0.01854	0.03160	0.20444	0.51195	0.01943	0.02491	0.02447	0.01836	0.02572	0.01542	0.02094	0.01266	0.00762	0.00824	0.00254	0.01016	0.00740	0.00401	0.01221
64	0.01923	0.29004	0.35208	0.02365	0.11009	0.02442	0.02388	0.02567	0.01747	0.02389	0.01375	0.01635	0.01091	0.00754	0.00698	0.00229	0.01070	0.00567	0.00360	0.01179
65	0.01934	0.09384	0.30381	0.02959	0.15667	0.06987	0.12924	0.02614	0.01840	0.02519	0.01521	0.01900	0.01183	0.00976	0.03429	0.00294	0.01239	0.00692	0.00385	0.01173
66	0.01142	0.00842	0.01068	0.01024	0.01224	0.00768	0.00763	0.01499	0.02255	0.03130	0.54815	0.09524	0.15266	0.01795	0.00984	0.00267	0.00400	0.01577	0.00889	0.00768
67	0.02221	0.71304	0.04353	0.01421	0.02132	0.03287	0.01421	0.02488	0.01688	0.01955	0.01155	0.01333	0.01066	0.00711	0.00533	0.00178	0.00888	0.00444	0.00355	0.01066
68	0.02159	0.02256	0.03553	0.04444	0.46350	0.09584	0.14170	0.02660	0.01959	0.02625	0.01553	0.02028	0.01277	0.00746	0.00845	0.00249	0.01127	0.00763	0.00415	0.01237
69	0.01012	0.00723	0.00964	0.01157	0.01205	0.00675	0.00771	0.01157	0.01591	0.02121	0.04579	0.70262	0.05495	0.02603	0.01060	0.00337	0.00482	0.02362	0.00771	0.00675
70	0.02927	0.03666	0.02219	0.02025	0.02414	0.61266	0.01503	0.03121	0.02248	0.01994	0.01408	0.01865	0.01252	0.07365	0.01073	0.00269	0.01434	0.00598	0.00435	0.00920
71	0.01236	0.04274	0.01480	0.01339	0.01515	0.01146	0.01057	0.01532	0.01352	0.01930	0.02174	0.03171	0.02028	0.05965	0.64293	0.01279	0.02161	0.00869	0.00441	0.00757
72	0.01706	0.01705	0.02303	0.01975	0.05345	0.09862	0.15871	0.04699	0.02213	0.02841	0.24615	0.04605	0.16043	0.01351	0.00936	0.00262	0.00836	0.01230	0.00676	0.00925
73	0.01835	0.01748	0.02973	0.34003	0.38446	0.01916	0.02440	0.02356	0.01787	0.02446	0.01524	0.02128	0.01221	0.00781	0.00826	0.00260	0.01042	0.00739	0.00392	0.01138
74	0.01997	0.09833	0.41906	0.02135	0.03063	0.16513	0.02428	0.02691	0.01926	0.02492	0.06196	0.01994	0.01567	0.00865	0.00772	0.00245	0.01195	0.00648	0.00411	0.01122
75	0.01861	0.02288	0.16370	0.01895	0.02431	0.06666	0.04498	0.10813	0.01919	0.02658	0.01756	0.02302	0.01474	0.02707	0.23369	0.00620	0.09222	0.00741	0.00471	0.05937
76	0.02121	0.01729	0.02024	0.01752	0.04540	0.01862	0.01350	0.19716	0.15185	0.03398	0.02385	0.02580	0.04445	0.01705	0.09611	0.00383	0.07271	0.00795	0.00653	0.16495

[dist]
# distance from previous block
# <min> <max>
1	12

[block]
# block no. 3 follows, 22 sequences, length 52
# corresponding to MSA columns:
# 289-340
name=unknown_D
#
# <colnr> <probs for GDERKNQSTAVLIFYWHMCP>
#	G	D	E	R	K	N	Q	S	T	A	V	L	I	F	Y	W	H	M	C	P
0	0.06933	0.08773	0.32348	0.02840	0.17245	0.10531	0.04799	0.02679	0.01843	0.02592	0.01439	0.01748	0.01113	0.00776	0.00761	0.00247	0.01150	0.00622	0.00388	0.01175
1	0.02361	0.33365	0.19215	0.01884	0.02634	0.23187	0.01890	0.02785	0.01914	0.02148	0.01279	0.01490	0.01064	0.00776	0.00665	0.00210	0.01165	0.00515	0.00377	0.01074
2	0.03020	0.10519	0.02562	0.02053	0.02526	0.56666	0.01585	0.07314	0.02395	0.02245	0.01320	0.01516	0.01093	0.00851	0.00733	0.00213	0.01398	0.00541	0.00448	0.01004
3	0.36779	0.01424	0.01634	0.22947	0.02930	0.01658	0.01415	0.02167	0.01597	0.02942	0.02103	0.03243	0.04299	0.01100	0.00741	0.00285	0.00803	0.10536	0.00520	0.00876
4	0.01249	0.00870	0.01239	0.01239	0.01395	0.00993	0.00960	0.01561	0.01405	0.02129	0.02308	0.03235	0.02086	0.05329	0.56048	0.01140	0.01910	0.00870	0.13287	0.00747
5	0.14298	0.51502	0.03592	0.01409	0.02081	0.02905	0.01340	0.07158	0.01846	0.05587	0.01322	0.01458	0.01114	0.00758	0.00567	0.00200	0.00842	0.00487	0.00450	0.01083
6	0.01602	0.01304	0.01750	0.02114	0.14930	0.01322	0.01334	0.08813	0.07406	0.02780	0.04071	0.25868	0.12255	0.01794	0.00966	0.00301	0.00679	0.09037	0.00709	0.00963
7	0.01199	0.00842	0.01090	0.01090	0.01154	0.00905	0.00733	0.01326	0.01263	0.01747	0.02449	0.04505	0.02616	0.43126	0.31354	0.01032	0.01414	0.01072	0.00478	0.00606
8	0.01005	0.00849	0.00874	0.00887	0.01162	0.00718	0.00678	0.01227	0.01895	0.02260	0.08151	0.08086	0.61302	0.02117	0.00993	0.00287	0.00443	0.05589	0.00771	0.00706
9	0.02368	0.02768	0.02558	0.23672	0.03621	0.33779	0.05043	0.02713	0.01958	0.02090	0.01339	0.01813	0.01095	0.00924	0.01066	0.00259	0.10931	0.00651	0.00400	0.00951
10	0.03107	0.03848	0.02364	0.02125	0.02569	0.63024	0.01603	0.07396	0.02461	0.02253	0.01333	0.01532	0.01094	0.00866	0.00755	0.00216	0.01458	0.00550	0.00456	0.00994
11	0.03103	0.03495	0.02321	0.02048	0.02521	0.52288	0.01563	0.10562	0.05406	0.06708	0.01598	0.01719	0.01244	0.00897	0.00769	0.00224	0.01337	0.00599	0.00535	0.01063
12	0.01012	0.00723	0.00964	0.01157	0.01205	0.00675	0.00771	0.01157	0.01591	0.02121	0.04579	0.70262	0.05495	0.02603	0.01060	0.00337	0.00482	0.02362	0.00771	0.00675
13	0.01191	0.00872	0.01246	0.01246	0.01363	0.00990	0.00927	0.01426	0.01309	0.01862	0.02307	0.03717	0.02274	0.19695	0.54317	0.01225	0.01929	0.00956	0.00457	0.00692
14	0.03103	0.03959	0.02354	0.02140	0.02568	0.67469	0.01605	0.03317	0.02354	0.02033	0.01284	0.01498	0.01070	0.00856	0.00749	0.00214	0.01498	0.00535	0.00428	0.00963
15	0.02122	0.05600	0.13432	0.03787	0.32522	0.05514	0.14737	0.07220	0.02053	0.02813	0.01576	0.01981	0.01247	0.00764	0.00834	0.00252	0.01126	0.00746	0.00434	0.01240
16	0.01321	0.01044	0.01417	0.01344	0.01407	0.01253	0.00994	0.01484	0.01275	0.01824	0.02145	0.03787	0.02232	0.29425	0.30885	0.00943	0.15108	0.00976	0.00451	0.00686
17	0.01308	0.01182	0.02070	0.01821	0.02066	0.01164	0.16506	0.01596	0.01663	0.02249	0.03606	0.48342	0.04120	0.02042	0.01154	0.00325	0.05428	0.01900	0.00654	0.00804
18	0.01333	0.01272	0.05236	0.19687	0.02759	0.01353	0.01506	0.01727	0.01472	0.02039	0.02248	0.03076	0.04929	0.04056	0.39652	0.00895	0.04636	0.00871	0.00432	0.00822
19	0.06844	0.17322	0.27835	0.02880	0.19020	0.02234	0.07604	0.02570	0.01771	0.02586	0.01434	0.01759	0.01130	0.00751	0.00743	0.00242	0.01072	0.00632	0.00384	0.01186
20	0.02056	0.01974	0.03372	0.05099	0.65622	0.01974	0.02550	0.02550	0.01892	0.02714	0.01563	0.02056	0.01316	0.00740	0.00822	0.00247	0.00987	0.00740	0.00411	0.01316
21	0.01818	0.01818	0.02545	0.02181	0.02181	0.02545	0.01818	0.01999	0.01272	0.01999	0.01091	0.01818	0.01091	0.01454	0.02726	0.00364	0.69284	0.00727	0.00364	0.00909
22	0.01802	0.05163	0.18476	0.02811	0.11314	0.02012	0.19275	0.02381	0.01708	0.02476	0.01593	0.02120	0.01293	0.01345	0.06878	0.00368	0.13113	0.00779	0.04009	0.01084
23	0.02726	0.08124	0.02456	0.01798	0.02404	0.02474	0.01480	0.38820	0.23093	0.04385	0.02368	0.02293	0.01744	0.01014	0.00810	0.00254	0.00829	0.00783	0.00794	0.01351
24	0.01021	0.00737	0.00967	0.01133	0.01203	0.00683	0.00765	0.01186	0.01656	0.02207	0.08763	0.62881	0.08688	0.02518	0.01051	0.00329	0.00473	0.02274	0.00781	0.00683
25	0.00982	0.00842	0.00842	0.00842	0.01122	0.00701	0.00631	0.01192	0.01894	0.02244	0.08416	0.07995	0.65285	0.02104	0.00982	0.00281	0.00421	0.01753	0.00771	0.00701
26	0.03034	0.03739	0.02431	0.02331	0.06888	0.59640	0.01668	0.06331	0.02402	0.02245	0.01340	0.01562	0.01105	0.00855	0.00758	0.00218	0.01433	0.00560	0.00448	0.01010
27	0.01571	0.01129	0.01297	0.01250	0.01464	0.01152	0.00899	0.15802	0.02113	0.02830	0.03942	0.35150	0.09652	0.12882	0.01479	0.00379	0.00626	0.01673	0.03881	0.00829
28	0.02522	0.48309	0.03671	0.01667	0.02281	0.25202	0.01484	0.02771	0.01915	0.01981	0.01199	0.01389	0.01067	0.00760	0.00607	0.00190	0.01097	0.00475	0.00380	0.01031
29	0.01529	0.01393	0.01991	0.01794	0.01862	0.01855	0.01461	0.01763	0.01301	0.01967	0.01610	0.02479	0.01542	0.03640	0.32372	0.00808	0.38598	0.00802	0.00401	0.00832
30	0.03103	0.03959	0.02354	0.02140	0.02568	0.67469	0.01605	0.03317	0.02354	0.02033	0.01284	0.01498	0.01070	0.00856	0.00749	0.00214	0.01498	0.00535	0.00428	0.00963
31	0.01739	0.01650	0.02800	0.46527	0.26670	0.01891	0.02392	0.02272	0.01742	0.02329	0.01507	0.02159	0.01180	0.00799	0.00828	0.00266	0.01065	0.00739	0.00384	0.01060
32	0.01187	0.00890	0.01335	0.01335	0.01483	0.01038	0.01038	0.01483	0.01335	0.01928	0.02225	0.03264	0.02077	0.06231	0.67512	0.01335	0.02225	0.00890	0.00445	0.00742
33	0.03103	0.03959	0.02354	0.02140	0.02568	0.67469	0.01605	0.03317	0.02354	0.02033	0.01284	0.01498	0.01070	0.00856	0.00749	0.00214	0.01498	0.00535	0.00428	0.00963
34	0.01021	0.00843	0.00895	0.00882	0.01146	0.00718	0.00662	0.01267	0.01985	0.02462	0.19771	0.07637	0.53794	0.02023	0.00981	0.00277	0.00415	0.01703	0.00800	0.00718
35	0.03103	0.03959	0.02354	0.02140	0.02568	0.67469	0.01605	0.03317	0.02354	0.02033	0.01284	0.01498	0.01070	0.00856	0.00749	0.00214	0.01498	0.00535	0.00428	0.00963
36	0.03584	0.01644	0.02070	0.01587	0.02236	0.01563	0.01311	0.18879	0.02763	0.50823	0.02954	0.02617	0.01894	0.01020	0.00834	0.00255	0.00759	0.00813	0.00978	0.01414
37	0.02568	0.03173	0.01973	0.01813	0.02204	0.50630	0.01360	0.02781	0.02238	0.02086	0.03083	0.03137	0.17265	0.01171	0.00808	0.00231	0.01226	0.00842	0.00515	0.00897
38	0.01208	0.00805	0.00906	0.00906	0.00906	0.00805	0.00503	0.01208	0.01208	0.01611	0.02618	0.05436	0.03020	0.70804	0.04228	0.00805	0.00805	0.01208	0.00503	0.00503
39	0.03282	0.02129	0.02370	0.01817	0.02477	0.02282	0.01501	0.50080	0.03574	0.18477	0.02273	0.02175	0.01553	0.01004	0.00832	0.00251	0.00869	0.00767	0.00874	0.01413
40	0.03103	0.03959	0.02354	0.02140	0.02568	0.67469	0.01605	0.03317	0.02354	0.02033	0.01284	0.01498	0.01070	0.00856	0.00749	0.00214	0.01498	0.00535	0.00428	0.00963
41	0.01187	0.00890	0.01335	0.01335	0.01483	0.01038	0.01038	0.01483	0.01335	0.01928	0.02225	0.03264	0.02077	0.06231	0.67512	0.01335	0.02225	0.00890	0.00445	0.00742
42	0.02056	0.01974	0.03372	0.05099	0.65622	0.01974	0.02550	0.02550	0.01892	0.02714	0.01563	0.02056	0.01316	0.00740	0.00822	0.00247	0.00987	0.00740	0.00411	0.01316
43	0.02618	0.06180	0.02441	0.02078	0.02389	0.43678	0.01625	0.02830	0.01980	0.02015	0.01275	0.01668	0.01127	0.01288	0.04713	0.00311	0.19832	0.00601	0.00408	0.00942
44	0.01079	0.00845	0.00976	0.00944	0.01182	0.00743	0.00708	0.01380	0.02123	0.02789	0.36875	0.07098	0.36485	0.01901	0.00981	0.00271	0.00406	0.01627	0.00843	0.00743
45	0.41582	0.01720	0.02113	0.02763	0.28313	0.01853	0.01582	0.02441	0.01662	0.03284	0.04667	0.01898	0.01435	0.00807	0.00667	0.00253	0.00773	0.00626	0.00492	0.01067
46	0.01796	0.02582	0.26403	0.02444	0.15139	0.04994	0.04960	0.02428	0.01819	0.02768	0.01896	0.02257	0.01463	0.00836	0.00736	0.00236	0.00931	0.00704	0.24528	0.01080
47	0.01691	0.02590	0.26491	0.11666	0.21239	0.01807	0.02429	0.02323	0.01691	0.02445	0.01616	0.02156	0.01308	0.01719	0.12061	0.00444	0.04100	0.00717	0.00387	0.01119
48	0.02140	0.03368	0.36077	0.02847	0.16662	0.05655	0.02567	0.15208	0.02265	0.03159	0.01600	0.01855	0.01185	0.00826	0.00803	0.00254	0.01125	0.00665	0.00468	0.01271
49	0.11887	0.01527	0.01981	0.18535	0.10556	0.01683	0.01544	0.14607	0.02130	0.03070	0.02773	0.16145	0.07602	0.01311	0.00846	0.00277	0.00805	0.01114	0.00605	0.01001
50	0.02183	0.03346	0.26548	0.02993	0.20821	0.20663	0.02366	0.02766	0.01965	0.02509	0.01519	0.01840	0.01191	0.00804	0.00776	0.00241	0.01191	0.00636	0.04492	0.01152
51	0.05217	0.07651	0.15516	0.02033	0.02744	0.06918	0.11477	0.13389	0.02306	0.10680	0.04940	0.02608	0.01832	0.00968	0.00816	0.00255	0.01002	0.03808	0.04689	0.01151

[dist]
# distance from previous block
# <min> <max>
1	6

[block]
# block no. 4 follows, 22 sequences, length 8
# corresponding to MSA columns:
# 347-354
name=unknown_E
#
# <colnr> <probs for GDERKNQSTAVLIFYWHMCP>
#	G	D	E	R	K	N	Q	S	T	A	V	L	I	F	Y	W	H	M	C	P
0	0.01548	0.01378	0.01413	0.01349	0.01582	0.07337	0.00983	0.02134	0.13621	0.02314	0.03460	0.19457	0.08944	0.14335	0.07226	0.00463	0.04296	0.01314	0.00638	0.06209
1	0.07000	0.00936	0.01169	0.01138	0.01202	0.01033	0.00781	0.01375	0.01235	0.01832	0.02133	0.06473	0.02296	0.31470	0.13239	0.18282	0.06372	0.00997	0.00462	0.00576
2	0.30203	0.16919	0.10681	0.01599	0.02222	0.02043	0.07742	0.02341	0.01637	0.02890	0.06194	0.02042	0.01630	0.01348	0.07083	0.00347	0.00983	0.00647	0.00473	0.00977
3	0.12830	0.11646	0.27264	0.02089	0.02938	0.07651	0.10344	0.07124	0.01945	0.02836	0.01797	0.02021	0.04336	0.00852	0.00753	0.00250	0.01083	0.00680	0.00449	0.01110
4	0.02030	0.01908	0.02003	0.01732	0.02093	0.13025	0.05627	0.05783	0.18423	0.02777	0.07582	0.06156	0.02402	0.01330	0.01237	0.07531	0.07207	0.00909	0.05435	0.04809
5	0.02264	0.17228	0.05633	0.02987	0.25184	0.12451	0.01935	0.08155	0.02022	0.02574	0.01486	0.01867	0.01263	0.01217	0.05654	0.00313	0.05533	0.00650	0.00438	0.01146
6	0.14215	0.18068	0.12108	0.17663	0.03195	0.05616	0.01810	0.09948	0.01989	0.06070	0.01500	0.01774	0.01140	0.00819	0.00702	0.00241	0.00976	0.00602	0.00480	0.01084
7	0.09644	0.27335	0.12555	0.01553	0.02141	0.08427	0.01509	0.02307	0.01720	0.02362	0.06855	0.02211	0.01821	0.01922	0.13923	0.00439	0.01197	0.00658	0.00443	0.00976

[dist]
# distance from previous block
# <min> <max>
14	96

[block]
# block no. 5 follows, 22 sequences, length 6
# corresponding to MSA columns:
# 451-456
name=unknown_F
#
# <colnr> <probs for GDERKNQSTAVLIFYWHMCP>
#	G	D	E	R	K	N	Q	S	T	A	V	L	I	F	Y	W	H	M	C	P
0	0.02135	0.01757	0.02523	0.13419	0.26110	0.01865	0.01889	0.14334	0.07544	0.06194	0.08425	0.02891	0.05227	0.01011	0.00851	0.00258	0.00865	0.00887	0.00619	0.01195
1	0.20664	0.01970	0.01934	0.08937	0.09102	0.15013	0.01446	0.02669	0.06246	0.07233	0.01779	0.02149	0.01430	0.01894	0.13669	0.00460	0.01214	0.00677	0.00518	0.00996
2	0.02055	0.01791	0.02242	0.21896	0.15380	0.08591	0.01764	0.02888	0.14527	0.06595	0.02149	0.02454	0.01640	0.00908	0.00788	0.00252	0.00905	0.00769	0.11316	0.01092
3	0.02060	0.12863	0.05412	0.01455	0.01929	0.05839	0.01233	0.02872	0.17750	0.11637	0.03361	0.03548	0.11439	0.07475	0.07170	0.00396	0.00904	0.00942	0.00665	0.01050
4	0.02150	0.10765	0.15151	0.02141	0.05797	0.19329	0.10618	0.02641	0.01941	0.02507	0.01703	0.02027	0.01346	0.00823	0.00731	0.00226	0.01084	0.00669	0.17327	0.01025
5	0.01674	0.01533	0.07265	0.15125	0.11710	0.01373	0.01582	0.02186	0.04999	0.09043	0.04029	0.04184	0.21506	0.01824	0.07975	0.00383	0.00939	0.01083	0.00601	0.00988

[dist]
# distance from previous block
# <min> <max>
6	19

[block]
# block no. 6 follows, 22 sequences, length 79
# corresponding to MSA columns:
# 477-555
name=unknown_G
#
# <colnr> <probs for GDERKNQSTAVLIFYWHMCP>
#	G	D	E	R	K	N	Q	S	T	A	V	L	I	F	Y	W	H	M	C	P
0	0.02369	0.18157	0.06140	0.01710	0.02191	0.25660	0.01458	0.02665	0.01999	0.07411	0.06804	0.02493	0.05498	0.01469	0.06636	0.00325	0.04788	0.00730	0.00512	0.00987
1	0.05368	0.03431	0.21213	0.11299	0.06826	0.29625	0.02153	0.06031	0.02103	0.02497	0.01419	0.01722	0.01095	0.00831	0.00771	0.00242	0.01272	0.00605	0.00421	0.01077
2	0.02943	0.03696	0.02352	0.02271	0.06508	0.60373	0.01622	0.03175	0.02305	0.02086	0.01616	0.01819	0.03911	0.00904	0.00764	0.00219	0.01418	0.00602	0.00442	0.00974
3	0.02385	0.11572	0.02305	0.06355	0.02411	0.18605	0.01417	0.10867	0.13668	0.06394	0.02906	0.03127	0.09680	0.01134	0.00806	0.00249	0.00945	0.03457	0.00636	0.01082
4	0.02023	0.01735	0.01889	0.01702	0.02047	0.06009	0.01366	0.05751	0.28839	0.06267	0.03393	0.03971	0.08666	0.01402	0.01234	0.00302	0.13292	0.08292	0.00722	0.01098
5	0.01443	0.01873	0.15599	0.01719	0.02152	0.05158	0.04771	0.01900	0.01518	0.02124	0.01984	0.02782	0.01755	0.04454	0.45744	0.00983	0.01925	0.00815	0.00422	0.00879
6	0.02944	0.03705	0.02270	0.02073	0.02478	0.61960	0.01558	0.03165	0.02270	0.02024	0.01362	0.01645	0.01154	0.01302	0.06285	0.00307	0.01558	0.00564	0.00429	0.00945
7	0.01883	0.21845	0.35581	0.02375	0.03374	0.02334	0.16355	0.02599	0.01784	0.02456	0.01444	0.01753	0.01104	0.00748	0.00764	0.00244	0.01176	0.00653	0.00368	0.01160
8	0.02066	0.01785	0.01878	0.01691	0.02160	0.02066	0.01315	0.04414	0.64121	0.03475	0.03381	0.03099	0.02536	0.01127	0.00845	0.00282	0.00657	0.00939	0.00845	0.01315
9	0.01113	0.00884	0.01024	0.01095	0.01342	0.00795	0.00891	0.01387	0.01900	0.02333	0.06940	0.08501	0.43051	0.02174	0.01043	0.00318	0.00547	0.23169	0.00769	0.00725
10	0.01898	0.01800	0.02990	0.25675	0.42043	0.01938	0.02392	0.02529	0.05768	0.02569	0.01650	0.02174	0.01325	0.00794	0.00827	0.00259	0.01005	0.00752	0.00425	0.01188
11	0.02218	0.11737	0.28912	0.02325	0.08363	0.11712	0.02231	0.10997	0.08475	0.02905	0.01686	0.01861	0.01279	0.00847	0.00766	0.00244	0.01104	0.00644	0.00483	0.01211
12	0.56788	0.01499	0.01312	0.01136	0.01645	0.01651	0.00931	0.02693	0.01619	0.15122	0.01680	0.01772	0.01218	0.00835	0.00579	0.00252	0.00632	0.00549	0.07104	0.00983
13	0.01187	0.00890	0.01335	0.01335	0.01483	0.01038	0.01038	0.01483	0.01335	0.01928	0.02225	0.03264	0.02077	0.06231	0.67512	0.01335	0.02225	0.00890	0.00445	0.00742
14	0.01106	0.00878	0.01008	0.01067	0.01281	0.00807	0.00800	0.01452	0.05368	0.02379	0.10252	0.24097	0.35225	0.02176	0.01014	0.00306	0.00489	0.08766	0.00784	0.00742
15	0.01597	0.01453	0.01204	0.01160	0.01248	0.14502	0.00730	0.01641	0.01444	0.01698	0.02344	0.04627	0.02620	0.56433	0.03513	0.00684	0.00948	0.01070	0.00488	0.00598
16	0.02186	0.30868	0.25700	0.01894	0.02730	0.15902	0.02020	0.02691	0.01850	0.02241	0.01314	0.01532	0.01069	0.00764	0.00671	0.00213	0.01121	0.00525	0.00375	0.04335
17	0.02553	0.02254	0.02093	0.01677	0.02290	0.15274	0.01330	0.19158	0.10882	0.06948	0.01935	0.01998	0.01469	0.00860	0.00744	0.00205	0.00888	0.00650	0.00648	0.26143
18	0.01666	0.02362	0.22889	0.01797	0.02439	0.04086	0.05560	0.07300	0.01889	0.02630	0.02469	0.20918	0.02489	0.06419	0.01107	0.00302	0.00904	0.01154	0.00546	0.11075
19	0.01629	0.03119	0.40413	0.02149	0.03035	0.01721	0.07114	0.02581	0.08726	0.02665	0.02531	0.06966	0.04769	0.01153	0.00875	0.00285	0.01047	0.07600	0.00501	0.01122
20	0.01188	0.00887	0.01317	0.01317	0.01459	0.01029	0.01016	0.01472	0.01330	0.01915	0.02242	0.03355	0.02117	0.08957	0.64840	0.01313	0.02165	0.00904	0.00448	0.00732
21	0.02221	0.71304	0.04353	0.01421	0.02132	0.03287	0.01421	0.02488	0.01688	0.01955	0.01155	0.01333	0.01066	0.00711	0.00533	0.00178	0.00888	0.00444	0.00355	0.01066
22	0.06338	0.21707	0.28682	0.04392	0.02866	0.06150	0.02089	0.10655	0.02037	0.02824	0.01485	0.01705	0.01142	0.00807	0.00701	0.00233	0.01039	0.00583	0.03419	0.01145
23	0.01739	0.03790	0.51299	0.02648	0.03780	0.01972	0.17761	0.02638	0.01805	0.02638	0.01538	0.01874	0.01104	0.00767	0.00836	0.00267	0.01270	0.00704	0.00368	0.01201
24	0.03064	0.03265	0.02461	0.02226	0.06140	0.40615	0.01649	0.24509	0.02881	0.03214	0.01553	0.01707	0.01206	0.00900	0.00782	0.00228	0.01261	0.00623	0.00571	0.01143
25	0.01821	0.01569	0.01380	0.01304	0.01638	0.14527	0.01019	0.02086	0.02089	0.10116	0.10523	0.06081	0.30697	0.01710	0.00940	0.00277	0.00725	0.09895	0.00743	0.00858
26	0.02056	0.01974	0.03372	0.05099	0.65622	0.01974	0.02550	0.02550	0.01892	0.02714	0.01563	0.02056	0.01316	0.00740	0.00822	0.00247	0.00987	0.00740	0.00411	0.01316
27	0.01012	0.00723	0.00964	0.01157	0.01205	0.00675	0.00771	0.01157	0.01591	0.02121	0.04579	0.70262	0.05495	0.02603	0.01060	0.00337	0.00482	0.02362	0.00771	0.00675
28	0.01569	0.01329	0.01414	0.01308	0.01674	0.01417	0.01005	0.02908	0.34080	0.03030	0.13685	0.05220	0.24931	0.01543	0.00911	0.00279	0.00539	0.01298	0.00829	0.01030
29	0.01969	0.02204	0.12052	0.06721	0.26796	0.01894	0.13444	0.02826	0.10952	0.05235	0.05939	0.02500	0.01878	0.00872	0.00861	0.00263	0.01007	0.00848	0.00521	0.01217
30	0.02772	0.16206	0.08296	0.02160	0.05384	0.47175	0.01740	0.03072	0.02160	0.02101	0.01291	0.01515	0.01079	0.00819	0.00716	0.00213	0.01341	0.00534	0.00407	0.01020
31	0.24102	0.02122	0.02131	0.01678	0.02300	0.02373	0.01385	0.45641	0.03196	0.04806	0.01756	0.01811	0.01267	0.00933	0.00741	0.00252	0.00837	0.00663	0.00741	0.01267
32	0.01197	0.00880	0.01012	0.01048	0.01184	0.00840	0.00708	0.05098	0.01708	0.02204	0.04870	0.30625	0.20437	0.22070	0.01940	0.00452	0.00587	0.01764	0.00698	0.00679
33	0.02028	0.01945	0.03321	0.08813	0.62131	0.01966	0.02535	0.02525	0.01878	0.02680	0.01558	0.02065	0.01304	0.00745	0.00823	0.00248	0.00994	0.00740	0.00409	0.01293
34	0.01549	0.00774	0.00774	0.00774	0.00968	0.00774	0.00581	0.01936	0.01742	0.03097	0.02710	0.03097	0.02129	0.00968	0.00581	0.00194	0.00387	0.00774	0.75416	0.00774
35	0.02964	0.03666	0.02290	0.02080	0.02513	0.58661	0.01566	0.03465	0.10673	0.02227	0.01567	0.01714	0.01268	0.00893	0.00762	0.00223	0.01385	0.00589	0.00484	0.01010
