[name]
unknown

[dist]
# distance from previous block
# <min> <max>
10	46

[block]
# block no. 0 follows, 22 sequences, length 51
# corresponding to MSA columns:
# 47-97
name=unknown_A
#
# <colnr> <probs for GDERKNQSTAVLIFYWHMCP>
#	G	D	E	R	K	N	Q	S	T	A	V	L	I	F	Y	W	H	M	C	P
0	0.02056	0.02369	0.12312	0.20480	0.28154	0.08928	0.02364	0.02582	0.01856	0.05562	0.01562	0.02019	0.01223	0.00830	0.00901	0.00259	0.04269	0.00703	0.00421	0.01150
1	0.06630	0.01237	0.01435	0.01382	0.04517	0.01246	0.00977	0.02563	0.15135	0.13752	0.10590	0.04654	0.15354	0.15105	0.01532	0.00375	0.00635	0.01155	0.00761	0.00967
2	0.02248	0.20151	0.03117	0.02979	0.26685	0.18323	0.01835	0.02587	0.01928	0.02285	0.01857	0.02167	0.05303	0.01103	0.03840	0.00274	0.01109	0.00685	0.00426	0.01099
3	0.06910	0.09968	0.07146	0.18868	0.26696	0.11948	0.02153	0.02556	0.01844	0.02447	0.01424	0.01864	0.01158	0.00781	0.00759	0.00243	0.01075	0.00649	0.00400	0.01109
4	0.04942	0.16343	0.21361	0.03341	0.29140	0.02225	0.06234	0.02563	0.01798	0.02577	0.01453	0.01812	0.01172	0.00747	0.00754	0.00240	0.01048	0.00650	0.00388	0.01213
5	0.02095	0.03202	0.28837	0.02271	0.08197	0.14815	0.02146	0.06850	0.09918	0.02811	0.02115	0.02280	0.04217	0.00925	0.00789	0.00250	0.01077	0.00720	0.05332	0.01154
6	0.05602	0.02189	0.02648	0.07630	0.32934	0.15641	0.01983	0.05025	0.01949	0.02562	0.01601	0.02102	0.01354	0.01639	0.11194	0.00412	0.01276	0.00707	0.00440	0.01112
7	0.05961	0.01735	0.01945	0.10463	0.06454	0.04317	0.01392	0.26835	0.02628	0.03805	0.02055	0.02321	0.01552	0.00934	0.00734	0.00234	0.00788	0.00732	0.24014	0.01101
8	0.01012	0.00723	0.00964	0.01157	0.01205	0.00675	0.00771	0.01157	0.01591	0.02121	0.04579	0.70262	0.05495	0.02603	0.01060	0.00337	0.00482	0.02362	0.00771	0.00675
9	0.01208	0.00805	0.00906	0.00906	0.00906	0.00805	0.00503	0.01208	0.01208	0.01611	0.02618	0.05436	0.03020	0.70804	0.04228	0.00805	0.00805	0.01208	0.00503	0.00503
10	0.01036	0.00826	0.00938	0.01012	0.01222	0.00728	0.00760	0.01252	0.01818	0.02244	0.06905	0.24171	0.42025	0.02257	0.01024	0.00308	0.00481	0.09519	0.00771	0.00703
11	0.01569	0.01477	0.02492	0.68808	0.05722	0.01846	0.02307	0.02123	0.01661	0.02123	0.01477	0.02215	0.01107	0.00831	0.00831	0.00277	0.01107	0.00738	0.00369	0.00923
12	0.02056	0.01974	0.03372	0.05099	0.65622	0.01974	0.02550	0.02550	0.01892	0.02714	0.01563	0.02056	0.01316	0.00740	0.00822	0.00247	0.00987	0.00740	0.00411	0.01316
13	0.01666	0.04297	0.66500	0.02368	0.03596	0.01929	0.03069	0.02631	0.01754	0.02631	0.01491	0.01754	0.01052	0.00789	0.00789	0.00263	0.01228	0.00614	0.00351	0.01228
14	0.00982	0.00842	0.00842	0.00842	0.01122	0.00701	0.00631	0.01192	0.01894	0.02244	0.08416	0.07995	0.65285	0.02104	0.00982	0.00281	0.00421	0.01753	0.00771	0.00701
15	0.01183	0.00795	0.00914	0.00939	0.00945	0.00788	0.00538	0.01201	0.01258	0.01677	0.02874	0.13901	0.03343	0.61899	0.03815	0.00744	0.00763	0.01359	0.00538	0.00526
16	0.02221	0.71304	0.04353	0.01421	0.02132	0.03287	0.01421	0.02488	0.01688	0.01955	0.01155	0.01333	0.01066	0.00711	0.00533	0.00178	0.00888	0.00444	0.00355	0.01066
17	0.01818	0.01818	0.02545	0.02181	0.02181	0.02545	0.01818	0.01999	0.01272	0.01999	0.01091	0.01818	0.01091	0.01454	0.02726	0.00364	0.69284	0.00727	0.00364	0.00909
18	0.03631	0.01435	0.01925	0.01490	0.02123	0.01270	0.01226	0.04070	0.05969	0.62550	0.03283	0.02843	0.02084	0.01034	0.00836	0.00258	0.00704	0.00841	0.01018	0.01408
19	0.01016	0.00843	0.00889	0.00877	0.01143	0.00716	0.00658	0.01258	0.01974	0.02434	0.18351	0.07682	0.55231	0.02033	0.00981	0.00277	0.00416	0.01709	0.00796	0.00716
20	0.00982	0.00842	0.00842	0.00842	0.01122	0.00701	0.00631	0.01192	0.01894	0.02244	0.08416	0.07995	0.65285	0.02104	0.00982	0.00281	0.00421	0.01753	0.00771	0.00701
21	0.01187	0.00890	0.01335	0.01335	0.01483	0.01038	0.01038	0.01483	0.01335	0.01928	0.02225	0.03264	0.02077	0.06231	0.67512	0.01335	0.02225	0.00890	0.00445	0.00742
22	0.02066	0.01785	0.01878	0.01691	0.02160	0.02066	0.01315	0.04414	0.64121	0.03475	0.03381	0.03099	0.02536	0.01127	0.00845	0.00282	0.00657	0.00939	0.00845	0.01315
23	0.02282	0.01892	0.02000	0.01734	0.02243	0.02167	0.01367	0.15973	0.52212	0.03823	0.03107	0.02881	0.02314	0.01101	0.00842	0.00275	0.00708	0.00901	0.00842	0.01334
24	0.03113	0.03679	0.02378	0.02101	0.02570	0.56339	0.01601	0.13529	0.02620	0.02582	0.01406	0.01583	0.01129	0.00880	0.00763	0.00220	0.01398	0.00572	0.00497	0.01040
25	0.02034	0.01952	0.03332	0.07959	0.62933	0.01968	0.02539	0.02530	0.01881	0.02687	0.01559	0.02063	0.01307	0.00744	0.00823	0.00248	0.00992	0.00740	0.00409	0.01298
26	0.01024	0.00835	0.00913	0.00962	0.01198	0.00724	0.00727	0.01243	0.01849	0.02251	0.07404	0.17693	0.49736	0.02201	0.01011	0.00300	0.00466	0.07988	0.00771	0.00704
27	0.05676	0.43501	0.26810	0.01750	0.02639	0.02723	0.01995	0.02537	0.01699	0.02288	0.01277	0.01487	0.01053	0.00742	0.00625	0.00213	0.01000	0.00506	0.00361	0.01117
28	0.01666	0.04297	0.66500	0.02368	0.03596	0.01929	0.03069	0.02631	0.01754	0.02631	0.01491	0.01754	0.01052	0.00789	0.00789	0.00263	0.01228	0.00614	0.00351	0.01228
29	0.10517	0.03038	0.02179	0.01879	0.02371	0.37489	0.01460	0.20613	0.02675	0.03213	0.01570	0.01731	0.01221	0.00896	0.00738	0.00227	0.01169	0.00604	0.05333	0.01077
30	0.02887	0.02154	0.02034	0.01681	0.02195	0.14762	0.01336	0.24856	0.05847	0.17053	0.05185	0.05584	0.02074	0.01085	0.00812	0.00245	0.00884	0.00845	0.07281	0.01202
31	0.01012	0.00723	0.00964	0.01157	0.01205	0.00675	0.00771	0.01157	0.01591	0.02121	0.04579	0.70262	0.05495	0.02603	0.01060	0.00337	0.00482	0.02362	0.00771	0.00675
32	0.01055	0.00779	0.00998	0.01156	0.01267	0.00721	0.00830	0.01247	0.01693	0.02197	0.05241	0.50021	0.16132	0.02467	0.01059	0.00334	0.00513	0.10826	0.00770	0.00693
33	0.01643	0.01701	0.01489	0.01377	0.01673	0.14314	0.01062	0.02111	0.09488	0.02321	0.05435	0.05307	0.36554	0.01653	0.01147	0.00278	0.09655	0.01279	0.00659	0.00855
34	0.01187	0.00890	0.01335	0.01335	0.01483	0.01038	0.01038	0.01483	0.01335	0.01928	0.02225	0.03264	0.02077	0.06231	0.67512	0.01335	0.02225	0.00890	0.00445	0.00742
35	0.01008	0.00738	0.00948	0.01116	0.01194	0.00678	0.00753	0.01161	0.01630	0.02137	0.05080	0.62132	0.13302	0.02538	0.01050	0.00330	0.00474	0.02282	0.00771	0.00678
36	0.02004	0.01921	0.03278	0.11912	0.59217	0.01960	0.02524	0.02504	0.01867	0.02651	0.01553	0.02073	0.01294	0.00750	0.00823	0.00250	0.01000	0.00740	0.00407	0.01274
37	0.12455	0.03229	0.02244	0.02011	0.02366	0.46074	0.01555	0.02943	0.02018	0.02248	0.01229	0.01542	0.01052	0.00963	0.01109	0.00249	0.14781	0.00562	0.00427	0.00944
38	0.01136	0.00775	0.00927	0.00999	0.01017	0.00757	0.00603	0.01189	0.01350	0.01800	0.03344	0.29438	0.03936	0.45553	0.03055	0.00632	0.00686	0.01635	0.00603	0.00567
39	0.01187	0.00890	0.01335	0.01335	0.01483	0.01038	0.01038	0.01483	0.01335	0.01928	0.02225	0.03264	0.02077	0.06231	0.67512	0.01335	0.02225	0.00890	0.00445	0.00742
40	0.02057	0.02949	0.35365	0.02200	0.03115	0.01667	0.11902	0.02777	0.01988	0.15300	0.10191	0.02625	0.02170	0.00941	0.00854	0.00264	0.01043	0.00832	0.00569	0.01189
41	0.01430	0.01248	0.01802	0.01662	0.01753	0.01620	0.01339	0.01683	0.01311	0.01956	0.01787	0.02705	0.01696	0.04385	0.42481	0.00960	0.28134	0.00827	0.00414	0.00806
42	0.01208	0.00805	0.00906	0.00906	0.00906	0.00805	0.00503	0.01208	0.01208	0.01611	0.02618	0.05436	0.03020	0.70804	0.04228	0.00805	0.00805	0.01208	0.00503	0.00503
43	0.02056	0.01974	0.03372	0.05099	0.65622	0.01974	0.02550	0.02550	0.01892	0.02714	0.01563	0.02056	0.01316	0.00740	0.00822	0.00247	0.00987	0.00740	0.00411	0.01316
44	0.02242	0.02346	0.03129	0.07452	0.50300	0.15010	0.02350	0.02683	0.01973	0.02551	0.01503	0.01952	0.01257	0.00767	0.00808	0.00242	0.01094	0.00699	0.00413	0.01227
45	0.02247	0.02570	0.21039	0.06470	0.15379	0.01972	0.02150	0.15678	0.09296	0.08633	0.02111	0.05131	0.01631	0.00964	0.00829	0.00263	0.00965	0.00807	0.00598	0.01268
46	0.02216	0.02335	0.03007	0.03937	0.40615	0.15029	0.02218	0.02592	0.01861	0.02438	0.01414	0.01899	0.01223	0.00904	0.01184	0.00263	0.14596	0.00697	0.00405	0.01166
47	0.05084	0.02659	0.26179	0.02359	0.05787	0.01778	0.16448	0.06294	0.04615	0.02950	0.10193	0.02974	0.06952	0.01008	0.00868	0.00267	0.01022	0.00920	0.00532	0.01111
48	0.06080	0.06537	0.05305	0.05340	0.07992	0.36525	0.01725	0.13181	0.04809	0.02788	0.01514	0.01720	0.01198	0.00866	0.00757	0.00231	0.01226	0.00608	0.00505	0.01094
49	0.02422	0.02762	0.02514	0.14374	0.18258	0.33435	0.01875	0.02831	0.04411	0.02242	0.01550	0.02070	0.01316	0.05291	0.01006	0.00273	0.01230	0.00678	0.00434	0.01026
50	0.02600	0.08409	0.20300	0.02287	0.05629	0.42166	0.02041	0.03038	0.02123	0.02224	0.01345	0.01583	0.01076	0.00823	0.00749	0.00227	0.01360	0.00560	0.00401	0.01059

[dist]
# distance from previous block
# <min> <max>
0	3

[block]
# block no. 1 follows, 22 sequences, length 31
# corresponding to MSA columns:
# 101-131
name=unknown_B
#
# <colnr> <probs for GDERKNQSTAVLIFYWHMCP>
#	G	D	E	R	K	N	Q	S	T	A	V	L	I	F	Y	W	H	M	C	P
0	0.24257	0.01874	0.01817	0.01915	0.10565	0.11612	0.01310	0.09496	0.01933	0.03091	0.01695	0.02097	0.01398	0.01915	0.14000	0.00457	0.01142	0.00657	0.07787	0.00983
1	0.08644	0.02983	0.23002	0.13867	0.06600	0.13218	0.02168	0.11240	0.05395	0.02951	0.01598	0.01876	0.01194	0.00851	0.00776	0.00255	0.01116	0.00650	0.00478	0.01136
2	0.01588	0.01607	0.06693	0.19349	0.22933	0.01512	0.01911	0.02082	0.01939	0.02673	0.17703	0.03895	0.06351	0.01177	0.00891	0.00270	0.00843	0.05008	0.00563	0.01012
3	0.02412	0.02836	0.02162	0.01966	0.02245	0.39436	0.01519	0.02638	0.01907	0.02003	0.01458	0.01962	0.01302	0.02192	0.16254	0.00498	0.15235	0.00654	0.00419	0.00902
4	0.01524	0.09659	0.02150	0.02081	0.12047	0.01657	0.01395	0.01749	0.01573	0.02168	0.02823	0.34130	0.03205	0.01791	0.01366	0.00310	0.17457	0.01467	0.00563	0.00883
5	0.02747	0.23451	0.03073	0.02180	0.08701	0.30439	0.01640	0.13533	0.02385	0.02644	0.01399	0.01592	0.01154	0.00826	0.00707	0.00213	0.01163	0.00566	0.00476	0.01108
6	0.02056	0.51343	0.22866	0.01703	0.02568	0.02883	0.01912	0.02530	0.01708	0.02156	0.01255	0.01458	0.01062	0.00734	0.00609	0.00203	0.00989	0.00495	0.00354	0.01114
7	0.01754	0.03687	0.48227	0.02704	0.03817	0.01980	0.20731	0.02640	0.01815	0.02640	0.01547	0.01898	0.01114	0.00763	0.00846	0.00268	0.01279	0.00723	0.00371	0.01196
8	0.01069	0.00870	0.00963	0.01010	0.01269	0.00764	0.00804	0.01322	0.01898	0.02303	0.07432	0.08332	0.50472	0.02151	0.01022	0.00305	0.00505	0.16021	0.00770	0.00717
9	0.01187	0.00890	0.01335	0.01335	0.01483	0.01038	0.01038	0.01483	0.01335	0.01928	0.02225	0.03264	0.02077	0.06231	0.67512	0.01335	0.02225	0.00890	0.00445	0.00742
10	0.01053	0.00844	0.00940	0.00916	0.01166	0.00731	0.00687	0.01329	0.02061	0.02641	0.29122	0.07342	0.44331	0.01956	0.00981	0.00274	0.00410	0.01662	0.00824	0.00731
11	0.02339	0.01999	0.01986	0.01724	0.02218	0.06632	0.01355	0.16263	0.44504	0.03720	0.02919	0.02761	0.02184	0.01074	0.00823	0.00266	0.00756	0.00864	0.04328	0.01285
12	0.01010	0.00731	0.00956	0.01135	0.01199	0.00677	0.00762	0.01159	0.01611	0.02129	0.04840	0.66022	0.09566	0.02569	0.01055	0.00334	0.00478	0.02320	0.00771	0.00677
13	0.02362	0.33263	0.19225	0.01885	0.02635	0.23270	0.01891	0.02786	0.01915	0.02148	0.01280	0.01490	0.01064	0.00776	0.00665	0.00210	0.01166	0.00515	0.00377	0.01074
14	0.02518	0.38078	0.06694	0.01695	0.02371	0.10675	0.01560	0.17550	0.06568	0.02908	0.01546	0.01657	0.01251	0.00831	0.00667	0.00211	0.00970	0.00572	0.00514	0.01164
15	0.01443	0.00722	0.01082	0.01082	0.01082	0.00722	0.00722	0.01082	0.01082	0.01443	0.01443	0.02525	0.01443	0.02886	0.03247	0.75830	0.00722	0.00722	0.00361	0.00361
16	0.01005	0.00750	0.00936	0.01085	0.01186	0.00681	0.00739	0.01165	0.01659	0.02149	0.05447	0.56170	0.19026	0.02490	0.01043	0.00325	0.00468	0.02224	0.00771	0.00681
17	0.06318	0.02199	0.12649	0.13523	0.03089	0.01963	0.01822	0.21737	0.07905	0.13616	0.02228	0.02570	0.01648	0.01006	0.00826	0.00268	0.00922	0.03799	0.00685	0.01229
18	0.01187	0.00890	0.01335	0.01335	0.01483	0.01038	0.01038	0.01483	0.01335	0.01928	0.02225	0.03264	0.02077	0.06231	0.67512	0.01335	0.02225	0.00890	0.00445	0.00742
19	0.03103	0.03959	0.02354	0.02140	0.02568	0.67469	0.01605	0.03317	0.02354	0.02033	0.01284	0.01498	0.01070	0.00856	0.00749	0.00214	0.01498	0.00535	0.00428	0.00963
20	0.01705	0.08929	0.62204	0.02302	0.03494	0.02023	0.02955	0.02621	0.01749	0.02584	0.01468	0.01725	0.01053	0.00784	0.00772	0.00257	0.01204	0.00602	0.00351	0.01217
21	0.05177	0.00908	0.01098	0.01158	0.01330	0.00872	0.00824	0.04548	0.01845	0.05368	0.10518	0.46495	0.12330	0.02208	0.00993	0.00311	0.00506	0.01956	0.00786	0.00771
22	0.01010	0.00832	0.00888	0.00897	0.01145	0.00710	0.00664	0.01239	0.01928	0.02379	0.15670	0.13249	0.52327	0.02094	0.00988	0.00283	0.00422	0.01773	0.00791	0.00710
23	0.02090	0.02089	0.03137	0.04592	0.56289	0.07817	0.02356	0.02542	0.01933	0.02626	0.01924	0.02341	0.04902	0.00828	0.00825	0.00246	0.01001	0.00779	0.00433	0.01249
24	0.24883	0.03009	0.02080	0.01948	0.05285	0.38603	0.01438	0.08790	0.02204	0.02878	0.01328	0.01529	0.01064	0.00839	0.00691	0.00232	0.01163	0.00540	0.00492	0.01005
25	0.01961	0.02241	0.04902	0.03501	0.04342	0.02101	0.62605	0.02661	0.01961	0.02661	0.01681	0.02241	0.01261	0.00700	0.00980	0.00280	0.01401	0.00980	0.00420	0.01120
26	0.02095	0.56140	0.18418	0.01636	0.02463	0.02980	0.01794	0.02520	0.01703	0.02108	0.01231	0.01428	0.01063	0.00729	0.00591	0.00197	0.00965	0.00483	0.00354	0.01103
27	0.02970	0.03737	0.02374	0.02144	0.02528	0.60725	0.01627	0.03180	0.02242	0.02030	0.01264	0.01531	0.01072	0.00918	0.00954	0.00230	0.08539	0.00555	0.00421	0.00957
28	0.01760	0.01704	0.01669	0.01444	0.01823	0.13311	0.05248	0.09741	0.02338	0.02845	0.17508	0.05260	0.28971	0.01551	0.00919	0.00260	0.00744	0.01294	0.00721	0.00887
29	0.01197	0.00768	0.00946	0.01019	0.01143	0.00725	0.00717	0.01429	0.01772	0.02576	0.16415	0.33859	0.08307	0.02006	0.01036	0.04196	0.00450	0.01680	0.19054	0.00706
30	0.01920	0.01487	0.01835	0.01596	0.01822	0.01745	0.01245	0.19706	0.02068	0.02858	0.02113	0.08659	0.02060	0.13351	0.12846	0.05696	0.16533	0.00978	0.00573	0.00909

[dist]
# distance from previous block
# <min> <max>
0	1

[block]
# block no. 2 follows, 22 sequences, length 48
# corresponding to MSA columns:
# 133-180
name=unknown_C
#
# <colnr> <probs for GDERKNQSTAVLIFYWHMCP>
#	G	D	E	R	K	N	Q	S	T	A	V	L	I	F	Y	W	H	M	C	P
0	0.02762	0.02229	0.01925	0.01693	0.02132	0.22833	0.01300	0.09223	0.08287	0.20291	0.02772	0.15901	0.02409	0.01295	0.00853	0.00261	0.00935	0.01046	0.00744	0.01109
1	0.01703	0.01845	0.01388	0.01363	0.01629	0.22833	0.00998	0.01907	0.01992	0.02198	0.07964	0.21676	0.25776	0.01797	0.00925	0.00272	0.00792	0.01492	0.00665	0.00786
2	0.01199	0.00801	0.00909	0.00918	0.00920	0.00799	0.00516	0.01206	0.01226	0.01635	0.02711	0.08515	0.03138	0.67566	0.04078	0.00783	0.00790	0.01263	0.00516	0.00512
3	0.02703	0.02203	0.02231	0.01834	0.02404	0.06351	0.01471	0.35038	0.28704	0.04311	0.02524	0.02421	0.01856	0.01042	0.00832	0.00261	0.00844	0.00814	0.00812	0.01345
4	0.01763	0.01451	0.01724	0.01516	0.01755	0.01735	0.01219	0.08060	0.12244	0.02827	0.03383	0.03569	0.14696	0.01391	0.01442	0.00288	0.23329	0.00984	0.15668	0.00955
5	0.03103	0.03959	0.02354	0.02140	0.02568	0.67469	0.01605	0.03317	0.02354	0.02033	0.01284	0.01498	0.01070	0.00856	0.00749	0.00214	0.01498	0.00535	0.00428	0.00963
6	0.01053	0.00844	0.00940	0.00916	0.01166	0.00732	0.00687	0.01330	0.02061	0.02642	0.29191	0.07340	0.44261	0.01956	0.00981	0.00273	0.00410	0.01661	0.00824	0.00732
7	0.01549	0.00774	0.00774	0.00774	0.00968	0.00774	0.00581	0.01936	0.01742	0.03097	0.02710	0.03097	0.02129	0.00968	0.00581	0.00194	0.00387	0.00774	0.75416	0.00774
8	0.02022	0.01939	0.03311	0.09506	0.61479	0.01965	0.02533	0.02520	0.01876	0.02673	0.01557	0.02067	0.01301	0.00746	0.00823	0.00249	0.00995	0.00740	0.00408	0.01289
9	0.03158	0.02327	0.02493	0.01911	0.02576	0.02576	0.01579	0.62852	0.03906	0.05236	0.01995	0.01995	0.01413	0.00997	0.00831	0.00249	0.00914	0.00748	0.00831	0.01413
10	0.01035	0.00739	0.00990	0.01183	0.01241	0.00694	0.00810	0.01196	0.01613	0.02146	0.04566	0.66050	0.05445	0.02581	0.01066	0.00341	0.00502	0.06351	0.00771	0.00681
11	0.01443	0.00722	0.01082	0.01082	0.01082	0.00722	0.00722	0.01082	0.01082	0.01443	0.01443	0.02525	0.01443	0.02886	0.03247	0.75830	0.00722	0.00722	0.00361	0.00361
12	0.01057	0.00907	0.00913	0.00900	0.01194	0.00796	0.00678	0.01415	0.06198	0.02329	0.08068	0.07656	0.60945	0.02036	0.00972	0.00281	0.00437	0.01697	0.00777	0.00744
13	0.01012	0.00723	0.00964	0.01157	0.01205	0.00675	0.00771	0.01157	0.01591	0.02121	0.04579	0.70262	0.05495	0.02603	0.01060	0.00337	0.00482	0.02362	0.00771	0.00675
14	0.01012	0.00723	0.00964	0.01157	0.01205	0.00675	0.00771	0.01157	0.01591	0.02121	0.04579	0.70262	0.05495	0.02603	0.01060	0.00337	0.00482	0.02362	0.00771	0.00675
15	0.03004	0.02178	0.02328	0.01802	0.02422	0.02403	0.01483	0.57011	0.03698	0.05031	0.02063	0.02100	0.01481	0.00994	0.00807	0.00244	0.00864	0.00750	0.07983	0.01352
16	0.01012	0.00843	0.00884	0.00874	0.01141	0.00714	0.00655	0.01251	0.01966	0.02415	0.17346	0.07713	0.56248	0.02040	0.00982	0.00277	0.00416	0.01714	0.00794	0.00714
17	0.02066	0.01785	0.01878	0.01691	0.02160	0.02066	0.01315	0.04414	0.64121	0.03475	0.03381	0.03099	0.02536	0.01127	0.00845	0.00282	0.00657	0.00939	0.00845	0.01315
18	0.01044	0.00760	0.00984	0.01105	0.01205	0.00700	0.00762	0.01247	0.01779	0.02389	0.17802	0.51181	0.11236	0.02367	0.01036	0.00316	0.00457	0.02126	0.00802	0.00700
19	0.01961	0.02241	0.04902	0.03501	0.04342	0.02101	0.62605	0.02661	0.01961	0.02661	0.01681	0.02241	0.01261	0.00700	0.00980	0.00280	0.01401	0.00980	0.00420	0.01120
20	0.03009	0.02214	0.02368	0.01840	0.02469	0.02453	0.01512	0.56157	0.07494	0.05018	0.02116	0.02119	0.01518	0.01004	0.00819	0.00248	0.00872	0.00761	0.04635	0.01374
21	0.01137	0.00848	0.01056	0.01004	0.01217	0.00767	0.00753	0.01492	0.02259	0.03113	0.53766	0.06565	0.19393	0.01780	0.00980	0.00265	0.00398	0.01553	0.00886	0.00767
22	0.01708	0.01619	0.02743	0.50586	0.22854	0.01882	0.02376	0.02245	0.01727	0.02292	0.01501	0.02169	0.01167	0.00805	0.00828	0.00268	0.01073	0.00739	0.00381	0.01035
23	0.02056	0.01974	0.03372	0.05099	0.65622	0.01974	0.02550	0.02550	0.01892	0.02714	0.01563	0.02056	0.01316	0.00740	0.00822	0.00247	0.00987	0.00740	0.00411	0.01316
24	0.02056	0.01974	0.03372	0.05099	0.65622	0.01974	0.02550	0.02550	0.01892	0.02714	0.01563	0.02056	0.01316	0.00740	0.00822	0.00247	0.00987	0.00740	0.00411	0.01316
25	0.03106	0.03876	0.02361	0.02128	0.02569	0.64148	0.01604	0.06364	0.02434	0.02197	0.01320	0.01524	0.01088	0.00863	0.00753	0.00216	0.01468	0.00546	0.00449	0.00986
26	0.03103	0.03959	0.02354	0.02140	0.02568	0.67469	0.01605	0.03317	0.02354	0.02033	0.01284	0.01498	0.01070	0.00856	0.00749	0.00214	0.01498	0.00535	0.00428	0.00963
27	0.01184	0.00850	0.01089	0.01129	0.01264	0.00810	0.00798	0.03989	0.01996	0.02746	0.30269	0.36631	0.06194	0.05637	0.01178	0.00325	0.00479	0.01866	0.00821	0.00744
28	0.02631	0.03064	0.02813	0.03475	0.31010	0.37926	0.02031	0.02971	0.02146	0.02340	0.01410	0.01750	0.01181	0.00804	0.00782	0.00229	0.01268	0.00628	0.00420	0.01122
29	0.22228	0.01951	0.02781	0.06554	0.40172	0.04762	0.04868	0.02540	0.01776	0.02930	0.01443	0.01857	0.01181	0.00756	0.00744	0.00251	0.00940	0.00664	0.00438	0.01162
30	0.01961	0.02241	0.04902	0.03501	0.04342	0.02101	0.62605	0.02661	0.01961	0.02661	0.01681	0.02241	0.01261	0.00700	0.00980	0.00280	0.01401	0.00980	0.00420	0.01120
31	0.02113	0.02142	0.03125	0.13786	0.49544	0.09825	0.02402	0.02581	0.01914	0.02548	0.01517	0.02012	0.01257	0.00767	0.00815	0.00247	0.01065	0.00715	0.00407	0.01218
32	0.02066	0.01785	0.01878	0.01691	0.02160	0.02066	0.01315	0.04414	0.64121	0.03475	0.03381	0.03099	0.02536	0.01127	0.00845	0.00282	0.00657	0.00939	0.00845	0.01315
33	0.00982	0.00842	0.00842	0.00842	0.01122	0.00701	0.00631	0.01192	0.01894	0.02244	0.08416	0.07995	0.65285	0.02104	0.00982	0.00281	0.00421	0.01753	0.00771	0.00701
34	0.01208	0.00805	0.00906	0.00906	0.00906	0.00805	0.00503	0.01208	0.01208	0.01611	0.02618	0.05436	0.03020	0.70804	0.04228	0.00805	0.00805	0.01208	0.00503	0.00503
35	0.03103	0.03959	0.02354	0.02140	0.02568	0.67469	0.01605	0.03317	0.02354	0.02033	0.01284	0.01498	0.01070	0.00856	0.00749	0.00214	0.01498	0.00535	0.00428	0.00963
36	0.02498	0.01463	0.01696	0.01459	0.01929	0.01537	0.01155	0.03776	0.31090	0.24144	0.03192	0.03016	0.02293	0.01279	0.03550	0.00303	0.00695	0.00876	0.12812	0.01238
37	0.02190	0.01729	0.01925	0.01512	0.02149	0.01686	0.01209	0.14310	0.21509	0.06308	0.02246	0.02251	0.01707	0.00864	0.00737	0.00202	0.00689	0.00694	0.00690	0.35393
38	0.01121	0.00794	0.01046	0.01126	0.01186	0.00814	0.00759	0.01261	0.01400	0.01907	0.03321	0.31612	0.03787	0.25193	0.20026	0.00755	0.01056	0.01598	0.00598	0.00639
39	0.01797	0.03953	0.53909	0.02681	0.09820	0.05510	0.05586	0.02661	0.01810	0.02608	0.01495	0.01792	0.01089	0.00784	0.00799	0.00260	0.01226	0.00639	0.00364	0.01217
40	0.01905	0.20081	0.34651	0.02711	0.16874	0.02277	0.02478	0.02652	0.04371	0.02519	0.01503	0.01774	0.01176	0.00773	0.00736	0.00239	0.01068	0.00614	0.00386	0.01211
41	0.01012	0.00723	0.00964	0.01157	0.01205	0.00675	0.00771	0.01157	0.01591	0.02121	0.04579	0.70262	0.05495	0.02603	0.01060	0.00337	0.00482	0.02362	0.00771	0.00675
42	0.02095	0.02272	0.02214	0.01970	0.02132	0.21901	0.01573	0.02315	0.01632	0.02050	0.01404	0.02008	0.01288	0.02001	0.12218	0.00463	0.34962	0.00697	0.03914	0.00893
43	0.01451	0.01260	0.01616	0.11020	0.10395	0.01277	0.01246	0.05613	0.07973	0.02641	0.08337	0.05491	0.35346	0.01568	0.00917	0.00273	0.00642	0.01328	0.00686	0.00919
44	0.01728	0.01878	0.06454	0.15929	0.06273	0.02061	0.16000	0.02175	0.01572	0.02236	0.01484	0.02177	0.01260	0.01659	0.09533	0.00433	0.24982	0.00802	0.00389	0.00976
45	0.25171	0.02404	0.19135	0.02898	0.25874	0.01863	0.02065	0.02504	0.01698	0.03029	0.01480	0.01813	0.01161	0.00775	0.00705	0.00251	0.00910	0.00618	0.04511	0.01134
46	0.14521	0.01391	0.07420	0.01354	0.01668	0.01269	0.01128	0.01998	0.09001	0.02534	0.02830	0.22799	0.02902	0.07033	0.17808	0.00589	0.01060	0.01249	0.00597	0.00850
47	0.17265	0.15942	0.05516	0.01794	0.02372	0.23767	0.03931	0.12271	0.02203	0.02907	0.01409	0.01627	0.01136	0.01036	0.03309	0.00270	0.01133	0.00570	0.00492	0.01051

[dist]
# distance from previous block
# <min> <max>
6	133

[block]
# block no. 3 follows, 22 sequences, length 64
# corresponding to MSA columns:
# 315-378
name=unknown_D
#
# <colnr> <probs for GDERKNQSTAVLIFYWHMCP>
#	G	D	E	R	K	N	Q	S	T	A	V	L	I	F	Y	W	H	M	C	P
0	0.10315	0.16445	0.28068	0.04776	0.11032	0.07407	0.02228	0.02573	0.01739	0.02532	0.01359	0.01666	0.01078	0.00809	0.00818	0.00246	0.04821	0.00583	0.00385	0.01122
1	0.09971	0.25513	0.03094	0.02466	0.18527	0.14375	0.01657	0.06600	0.01984	0.02625	0.01425	0.01692	0.01196	0.00784	0.00668	0.00216	0.00975	0.00576	0.04555	0.01102
2	0.06596	0.10130	0.12280	0.02040	0.05677	0.22673	0.01730	0.05568	0.15684	0.06910	0.01926	0.01996	0.01468	0.00896	0.00753	0.00241	0.01062	0.00659	0.00558	0.01152
3	0.01850	0.01678	0.02576	0.02161	0.06483	0.01665	0.15867	0.02700	0.15233	0.05019	0.02609	0.02846	0.06861	0.01390	0.06234	0.00332	0.05476	0.00883	0.00576	0.17559
4	0.01387	0.01052	0.01470	0.01365	0.01457	0.01134	0.04755	0.01515	0.01424	0.04321	0.02930	0.23875	0.03309	0.32658	0.02718	0.00543	0.11373	0.01448	0.00576	0.00691
5	0.05102	0.28283	0.03451	0.02471	0.14723	0.06945	0.05083	0.07246	0.01873	0.02483	0.01326	0.01679	0.01152	0.00890	0.01064	0.00243	0.13847	0.00615	0.00420	0.01103
6	0.01657	0.00958	0.01253	0.01117	0.01404	0.00864	0.00860	0.02026	0.02331	0.15397	0.50125	0.05652	0.09879	0.01591	0.00952	0.00262	0.00454	0.01388	0.00929	0.00901
7	0.01443	0.00722	0.01082	0.01082	0.01082	0.00722	0.00722	0.01082	0.01082	0.01443	0.01443	0.02525	0.01443	0.02886	0.03247	0.75830	0.00722	0.00722	0.00361	0.00361
8	0.17023	0.10633	0.02294	0.05937	0.02443	0.32979	0.01429	0.06885	0.02132	0.05932	0.01466	0.01663	0.01157	0.00844	0.00687	0.00226	0.01114	0.00561	0.03589	0.01005
9	0.02038	0.18923	0.42995	0.02078	0.03096	0.04861	0.02463	0.06660	0.01933	0.05488	0.01521	0.01714	0.01125	0.00799	0.00736	0.00241	0.01119	0.00592	0.00417	0.01202
10	0.08526	0.16239	0.10152	0.02136	0.06489	0.38593	0.01744	0.02965	0.02057	0.02265	0.01291	0.01520	0.01069	0.00807	0.00699	0.00218	0.01253	0.00533	0.00411	0.01030
11	0.01443	0.00722	0.01082	0.01082	0.01082	0.00722	0.00722	0.01082	0.01082	0.01443	0.01443	0.02525	0.01443	0.02886	0.03247	0.75830	0.00722	0.00722	0.00361	0.00361
12	0.01039	0.00743	0.00993	0.01169	0.01234	0.00696	0.00801	0.01212	0.01656	0.02216	0.08415	0.63036	0.05606	0.02529	0.01060	0.00335	0.00491	0.05302	0.00780	0.00686
13	0.02710	0.27281	0.07135	0.01881	0.02482	0.34316	0.01631	0.09067	0.02242	0.02371	0.01325	0.01507	0.01103	0.00816	0.00685	0.00208	0.01209	0.00530	0.00439	0.01062
14	0.01666	0.04297	0.66500	0.02368	0.03596	0.01929	0.03069	0.02631	0.01754	0.02631	0.01491	0.01754	0.01052	0.00789	0.00789	0.00263	0.01228	0.00614	0.00351	0.01228
15	0.01970	0.02930	0.26667	0.02268	0.03007	0.08789	0.13158	0.07234	0.01956	0.02740	0.01675	0.02059	0.01292	0.01103	0.03663	0.00305	0.08157	0.00724	0.09215	0.01090
16	0.01064	0.00845	0.00955	0.00927	0.01172	0.00736	0.00695	0.01350	0.02086	0.02702	0.32330	0.07241	0.41085	0.01933	0.00981	0.00272	0.00409	0.01648	0.00832	0.00736
17	0.01653	0.00948	0.01068	0.08178	0.01582	0.01004	0.00830	0.05821	0.01871	0.03128	0.02532	0.02932	0.01974	0.00955	0.00624	0.00206	0.00498	0.00769	0.62596	0.00831
18	0.00982	0.00842	0.00842	0.00842	0.01122	0.00701	0.00631	0.01192	0.01894	0.02244	0.08416	0.07995	0.65285	0.02104	0.00982	0.00281	0.00421	0.01753	0.00771	0.00701
19	0.01666	0.04297	0.66500	0.02368	0.03596	0.01929	0.03069	0.02631	0.01754	0.02631	0.01491	0.01754	0.01052	0.00789	0.00789	0.00263	0.01228	0.00614	0.00351	0.01228
20	0.01050	0.00739	0.00953	0.01108	0.01146	0.00700	0.00719	0.01167	0.01516	0.02021	0.04195	0.57584	0.05011	0.15941	0.01680	0.00429	0.00545	0.02136	0.00719	0.00641
21	0.01165	0.00841	0.01101	0.01052	0.01239	0.00777	0.00783	0.01542	0.02303	0.03255	0.61338	0.10270	0.07690	0.01756	0.00985	0.00266	0.00398	0.01557	0.00905	0.00777
22	0.01073	0.00909	0.00939	0.00939	0.01226	0.00804	0.00719	0.01430	0.05843	0.02337	0.07844	0.07771	0.57505	0.02054	0.00984	0.00287	0.00457	0.05360	0.00776	0.00744
23	0.01208	0.00805	0.00906	0.00906	0.00906	0.00805	0.00503	0.01208	0.01208	0.01611	0.02618	0.05436	0.03020	0.70804	0.04228	0.00805	0.00805	0.01208	0.00503	0.00503
24	0.01208	0.00805	0.00906	0.00906	0.00906	0.00805	0.00503	0.01208	0.01208	0.01611	0.02618	0.05436	0.03020	0.70804	0.04228	0.00805	0.00805	0.01208	0.00503	0.00503
25	0.00982	0.00842	0.00842	0.00842	0.01122	0.00701	0.00631	0.01192	0.01894	0.02244	0.08416	0.07995	0.65285	0.02104	0.00982	0.00281	0.00421	0.01753	0.00771	0.00701
26	0.00982	0.00842	0.00842	0.00842	0.01122	0.00701	0.00631	0.01192	0.01894	0.02244	0.08416	0.07995	0.65285	0.02104	0.00982	0.00281	0.00421	0.01753	0.00771	0.00701
27	0.01012	0.00723	0.00964	0.01157	0.01205	0.00675	0.00771	0.01157	0.01591	0.02121	0.04579	0.70262	0.05495	0.02603	0.01060	0.00337	0.00482	0.02362	0.00771	0.00675
28	0.01961	0.02241	0.04902	0.03501	0.04342	0.02101	0.62605	0.02661	0.01961	0.02661	0.01681	0.02241	0.01261	0.00700	0.00980	0.00280	0.01401	0.00980	0.00420	0.01120
29	0.01208	0.00805	0.00906	0.00906	0.00906	0.00805	0.00503	0.01208	0.01208	0.01611	0.02618	0.05436	0.03020	0.70804	0.04228	0.00805	0.00805	0.01208	0.00503	0.00503
30	0.01012	0.00723	0.00964	0.01157	0.01205	0.00675	0.00771	0.01157	0.01591	0.02121	0.04579	0.70262	0.05495	0.02603	0.01060	0.00337	0.00482	0.02362	0.00771	0.00675
31	0.02056	0.01974	0.03372	0.05099	0.65622	0.01974	0.02550	0.02550	0.01892	0.02714	0.01563	0.02056	0.01316	0.00740	0.00822	0.00247	0.00987	0.00740	0.00411	0.01316
32	0.01487	0.01584	0.01202	0.01151	0.01466	0.16601	0.00863	0.01698	0.02003	0.02194	0.06717	0.06448	0.49993	0.01807	0.00926	0.00265	0.00677	0.01463	0.00690	0.00764
33	0.02221	0.71304	0.04353	0.01421	0.02132	0.03287	0.01421	0.02488	0.01688	0.01955	0.01155	0.01333	0.01066	0.00711	0.00533	0.00178	0.00888	0.00444	0.00355	0.01066
34	0.02848	0.03465	0.02313	0.02081	0.02458	0.53538	0.01588	0.05740	0.02246	0.02167	0.01358	0.01669	0.01154	0.01278	0.05356	0.00305	0.08445	0.00588	0.00441	0.00963
35	0.04349	0.04818	0.04816	0.01258	0.01624	0.01304	0.01043	0.02325	0.16893	0.03115	0.33080	0.05067	0.14109	0.01490	0.00898	0.00265	0.00537	0.01265	0.00804	0.00940
36	0.02024	0.01941	0.03314	0.09299	0.61674	0.01965	0.02534	0.02521	0.01876	0.02675	0.01557	0.02067	0.01302	0.00746	0.00823	0.00249	0.00995	0.00740	0.00408	0.01290
37	0.01931	0.01846	0.03146	0.21429	0.50268	0.01941	0.02487	0.02440	0.01833	0.02562	0.01541	0.02097	0.01262	0.00763	0.00825	0.00254	0.01018	0.00740	0.00400	0.01215
38	0.01885	0.01732	0.02888	0.04249	0.50405	0.01732	0.02261	0.02352	0.01897	0.02660	0.02238	0.03798	0.02141	0.01110	0.00900	0.00279	0.00934	0.14859	0.00495	0.01185
39	0.01187	0.00890	0.01335	0.01335	0.01483	0.01038	0.01038	0.01483	0.01335	0.01928	0.02225	0.03264	0.02077	0.06231	0.67512	0.01335	0.02225	0.00890	0.00445	0.00742
40	0.02221	0.71304	0.04353	0.01421	0.02132	0.03287	0.01421	0.02488	0.01688	0.01955	0.01155	0.01333	0.01066	0.00711	0.00533	0.00178	0.00888	0.00444	0.00355	0.01066
41	0.02056	0.01974	0.03372	0.05099	0.65622	0.01974	0.02550	0.02550	0.01892	0.02714	0.01563	0.02056	0.01316	0.00740	0.00822	0.00247	0.00987	0.00740	0.00411	0.01316
42	0.02946	0.03111	0.02293	0.01967	0.02470	0.38019	0.01528	0.23347	0.06731	0.03214	0.02026	0.02103	0.04612	0.00985	0.00795	0.00234	0.01193	0.00695	0.00608	0.01123
43	0.01012	0.00723	0.00964	0.01157	0.01205	0.00675	0.00771	0.01157	0.01591	0.02121	0.04579	0.70262	0.05495	0.02603	0.01060	0.00337	0.00482	0.02362	0.00771	0.00675
44	0.03147	0.02646	0.02466	0.01956	0.02575	0.15268	0.01584	0.51209	0.03602	0.04609	0.01856	0.01897	0.01346	0.00970	0.00815	0.00242	0.01028	0.00706	0.00752	0.01325
45	0.01666	0.04297	0.66500	0.02368	0.03596	0.01929	0.03069	0.02631	0.01754	0.02631	0.01491	0.01754	0.01052	0.00789	0.00789	0.00263	0.01228	0.00614	0.00351	0.01228
46	0.02164	0.64459	0.10702	0.01518	0.02282	0.03148	0.01590	0.02502	0.01695	0.02024	0.01189	0.01376	0.01065	0.00719	0.00559	0.00186	0.00923	0.00462	0.00355	0.01083
47	0.02068	0.01370	0.01511	0.01293	0.01617	0.01522	0.01034	0.21356	0.02369	0.03620	0.02311	0.02639	0.01804	0.01293	0.04318	0.00286	0.06858	0.00768	0.40973	0.00988
48	0.01443	0.00722	0.01082	0.01082	0.01082	0.00722	0.00722	0.01082	0.01082	0.01443	0.01443	0.02525	0.01443	0.02886	0.03247	0.75830	0.00722	0.00722	0.00361	0.00361
49	0.01723	0.01477	0.01723	0.01230	0.01969	0.01107	0.00984	0.02092	0.01723	0.02707	0.01477	0.01723	0.01230	0.00615	0.00615	0.00123	0.00615	0.00492	0.00492	0.75883
50	0.02297	0.02512	0.02478	0.05498	0.02507	0.23108	0.01760	0.06244	0.01800	0.02219	0.01228	0.01747	0.01105	0.01204	0.01885	0.00305	0.40062	0.00668	0.00414	0.00958
51	0.01172	0.00823	0.00933	0.00943	0.01011	0.00803	0.00591	0.01242	0.01377	0.01787	0.03775	0.06032	0.14679	0.51926	0.05941	0.00706	0.00787	0.04342	0.00565	0.00563
52	0.16048	0.01325	0.01652	0.08259	0.11026	0.01398	0.01334	0.05765	0.01918	0.02926	0.06113	0.04853	0.13954	0.01414	0.00856	0.00285	0.00713	0.13870	0.05377	0.00915
53	0.16902	0.27016	0.11108	0.01589	0.02260	0.09112	0.01524	0.11862	0.02057	0.02975	0.01439	0.01621	0.01152	0.00808	0.00634	0.00220	0.00919	0.00544	0.05179	0.01079
54	0.03029	0.02399	0.02412	0.01905	0.02528	0.07836	0.01551	0.51333	0.10621	0.04773	0.02094	0.02079	0.01512	0.01000	0.00826	0.00250	0.00933	0.00752	0.00800	0.01365
55	0.02173	0.01815	0.02314	0.02328	0.17284	0.01693	0.01511	0.17898	0.02327	0.03362	0.01631	0.01872	0.01298	0.00744	0.00720	0.00185	0.00781	0.00617	0.00560	0.38886
56	0.01909	0.01723	0.05825	0.45296	0.12044	0.01818	0.02181	0.05698	0.01880	0.07853	0.01669	0.02189	0.01232	0.00834	0.00818	0.00262	0.01032	0.00729	0.00460	0.04547
57	0.13442	0.15655	0.02639	0.01671	0.02322	0.02525	0.01428	0.38600	0.03018	0.08398	0.01796	0.01828	0.01315	0.00911	0.00728	0.00237	0.00857	0.00652	0.00706	0.01272
58	0.01960	0.01205	0.01455	0.01299	0.01638	0.01173	0.00996	0.13844	0.02387	0.14750	0.17073	0.23023	0.12293	0.01745	0.00947	0.00282	0.00581	0.01507	0.00860	0.00981
59	0.02520	0.02214	0.02009	0.01716	0.02150	0.16264	0.01330	0.31245	0.02898	0.03647	0.06329	0.15386	0.02598	0.04571	0.01025	0.00285	0.00922	0.01079	0.00721	0.01091
60	0.02785	0.02822	0.02273	0.01947	0.02398	0.31123	0.01528	0.24548	0.02714	0.03176	0.01662	0.01942	0.01336	0.01691	0.10213	0.00392	0.05112	0.00672	0.00573	0.01092
61	0.15701	0.01498	0.01665	0.08963	0.02201	0.01592	0.01173	0.17473	0.02329	0.03562	0.14373	0.03147	0.05398	0.03550	0.00889	0.00260	0.00692	0.00873	0.05602	0.09060
62	0.10368	0.02537	0.02461	0.02491	0.14778	0.17805	0.01688	0.26857	0.06857	0.03710	0.01747	0.01895	0.01334	0.00899	0.00778	0.00243	0.01023	0.00678	0.00622	0.01228
63	0.07490	0.02729	0.02345	0.02094	0.05682	0.25445	0.01579	0.27046	0.02774	0.03468	0.01710	0.04838	0.01411	0.01029	0.00947	0.00250	0.06691	0.00724	0.00605	0.01141

[dist]
# distance from previous block
# <min> <max>
3	46

[block]
# block no. 4 follows, 22 sequences, length 43
# corresponding to MSA columns:
# 427-469
name=unknown_E
#
# <colnr> <probs for GDERKNQSTAVLIFYWHMCP>
#	G	D	E	R	K	N	Q	S	T	A	V	L	I	F	Y	W	H	M	C	P
0	0.14333	0.02575	0.01910	0.01659	0.02115	0.28229	0.01293	0.17833	0.02479	0.03303	0.01714	0.01904	0.01331	0.00899	0.00701	0.00226	0.01006	0.00621	0.14838	0.01030
1	0.06215	0.02354	0.02070	0.01897	0.04977	0.20188	0.01405	0.26054	0.02715	0.03422	0.02345	0.17914	0.02249	0.01314	0.00846	0.00260	0.00965	0.01054	0.00670	0.01084
2	0.01972	0.01955	0.01887	0.01647	0.02067	0.16861	0.04777	0.06971	0.07444	0.02617	0.02652	0.23997	0.02700	0.01393	0.00849	0.00247	0.00853	0.01194	0.00620	0.17297
3	0.06114	0.02150	0.02089	0.02212	0.14098	0.16182	0.01458	0.18326	0.02455	0.03381	0.01914	0.02173	0.01493	0.00898	0.00726	0.00226	0.00896	0.00692	0.21425	0.01092
4	0.02876	0.02783	0.02296	0.01941	0.02474	0.25766	0.01525	0.27442	0.17798	0.03663	0.02072	0.02081	0.01559	0.00978	0.00805	0.00244	0.01062	0.00717	0.00690	0.01228
5	0.04338	0.01166	0.01217	0.01085	0.01356	0.01203	0.00799	0.14993	0.02086	0.03012	0.03560	0.04379	0.14217	0.20639	0.01726	0.00395	0.00635	0.01065	0.21299	0.00830
6	0.01312	0.00933	0.01124	0.01119	0.01372	0.00862	0.00871	0.01707	0.05093	0.06409	0.22312	0.12707	0.27457	0.01958	0.01000	0.00296	0.00504	0.11331	0.00828	0.00804
7	0.02199	0.02027	0.01748	0.01553	0.01916	0.19791	0.01206	0.13919	0.02214	0.02866	0.01979	0.02418	0.01637	0.02395	0.19368	0.00525	0.01323	0.00721	0.15548	0.04646
8	0.02013	0.01930	0.03294	0.10745	0.60314	0.01962	0.02528	0.02512	0.01871	0.02662	0.01555	0.02070	0.01297	0.00748	0.00823	0.00249	0.00998	0.00740	0.00407	0.01281
9	0.20376	0.02150	0.02407	0.01859	0.02504	0.02366	0.06827	0.43282	0.03146	0.04652	0.01769	0.01864	0.01278	0.00918	0.00770	0.00254	0.00893	0.00698	0.00720	0.01266
10	0.03106	0.03863	0.02362	0.02127	0.02569	0.63635	0.01604	0.06835	0.02446	0.02222	0.01326	0.01527	0.01090	0.00864	0.00754	0.00216	0.01464	0.00548	0.00452	0.00990
11	0.01036	0.00736	0.00969	0.01133	0.01186	0.00690	0.00753	0.01185	0.01609	0.02158	0.08068	0.61932	0.05463	0.07282	0.01275	0.00365	0.00499	0.02230	0.00761	0.00669
12	0.02743	0.01840	0.01981	0.01569	0.02101	0.01994	0.01280	0.42408	0.03213	0.08242	0.02270	0.02351	0.01650	0.00991	0.00762	0.00234	0.00755	0.00760	0.21621	0.01235
13	0.02221	0.71304	0.04353	0.01421	0.02132	0.03287	0.01421	0.02488	0.01688	0.01955	0.01155	0.01333	0.01066	0.00711	0.00533	0.00178	0.00888	0.00444	0.00355	0.01066
14	0.01153	0.00788	0.00917	0.00961	0.00984	0.00771	0.00571	0.01196	0.01325	0.01755	0.03316	0.20538	0.06221	0.52131	0.03359	0.00675	0.00714	0.01498	0.00577	0.00551
15	0.01206	0.00808	0.00920	0.00916	0.00929	0.00804	0.00522	0.01233	0.01286	0.01728	0.06870	0.05489	0.03348	0.66108	0.04008	0.00768	0.00777	0.01228	0.00531	0.00522
16	0.01882	0.01904	0.02385	0.01977	0.02294	0.10519	0.11080	0.07349	0.01957	0.02524	0.06728	0.07392	0.14048	0.01422	0.01485	0.00297	0.22186	0.01083	0.00557	0.00932
17	0.01537	0.01089	0.01210	0.01122	0.01279	0.01118	0.00752	0.12952	0.01828	0.02418	0.03238	0.12758	0.08432	0.43354	0.02919	0.00598	0.00754	0.01306	0.00621	0.00714
18	0.02437	0.02101	0.01701	0.01476	0.01869	0.19864	0.01148	0.19550	0.02525	0.03406	0.02110	0.02340	0.01632	0.00945	0.00698	0.00215	0.00846	0.00700	0.33431	0.01007
19	0.76672	0.01607	0.01221	0.01092	0.01607	0.01864	0.00900	0.02442	0.01414	0.03727	0.01157	0.01350	0.00900	0.00771	0.00514	0.00257	0.00643	0.00450	0.00514	0.00900
20	0.02605	0.02895	0.02852	0.03542	0.32784	0.31580	0.02056	0.07081	0.02240	0.02582	0.01467	0.01800	0.01212	0.00810	0.00790	0.00232	0.01213	0.00648	0.00448	0.01163
21	0.03108	0.03817	0.02366	0.02120	0.02569	0.61818	0.01603	0.08502	0.02489	0.02312	0.01346	0.01541	0.01100	0.00868	0.00756	0.00217	0.01447	0.00554	0.00463	0.01002
22	0.01229	0.00877	0.01270	0.01270	0.01424	0.01008	0.00985	0.01536	0.01382	0.02064	0.02281	0.03244	0.02083	0.05620	0.59747	0.01203	0.02012	0.00877	0.09143	0.00746
23	0.02239	0.02340	0.03135	0.07305	0.50689	0.14761	0.02354	0.02681	0.01972	0.02555	0.01504	0.01954	0.01259	0.00767	0.00808	0.00242	0.01092	0.00700	0.00413	0.01230
24	0.01959	0.05604	0.17834	0.02745	0.14641	0.08076	0.02216	0.02391	0.01618	0.02285	0.01295	0.01799	0.01122	0.01076	0.01638	0.00296	0.31283	0.00674	0.00375	0.01073
25	0.01171	0.00790	0.00917	0.00954	0.00963	0.00780	0.00554	0.01198	0.01281	0.01708	0.02991	0.17795	0.03492	0.57803	0.03624	0.00716	0.00744	0.01428	0.00554	0.00536
26	0.01012	0.00723	0.00964	0.01157	0.01205	0.00675	0.00771	0.01157	0.01591	0.02121	0.04579	0.70262	0.05495	0.02603	0.01060	0.00337	0.00482	0.02362	0.00771	0.00675
27	0.01846	0.02278	0.15161	0.22326	0.37110	0.01930	0.02581	0.02446	0.01801	0.02533	0.01525	0.02043	0.01208	0.00775	0.00818	0.00258	0.01066	0.00716	0.00388	0.01190
28	0.01898	0.01681	0.02086	0.24354	0.03363	0.01992	0.01650	0.03641	0.43031	0.03018	0.02738	0.02801	0.02054	0.01027	0.00840	0.00280	0.00809	0.00871	0.00685	0.01183
29	0.01187	0.00890	0.01335	0.01335	0.01483	0.01038	0.01038	0.01483	0.01335	0.01928	0.02225	0.03264	0.02077	0.06231	0.67512	0.01335	0.02225	0.00890	0.00445	0.00742
30	0.01012	0.00723	0.00964	0.01157	0.01205	0.00675	0.00771	0.01157	0.01591	0.02121	0.04579	0.70262	0.05495	0.02603	0.01060	0.00337	0.00482	0.02362	0.00771	0.00675
31	0.00997	0.00835	0.00868	0.00875	0.01135	0.00705	0.00650	0.01216	0.01907	0.02312	0.12126	0.11595	0.57722	0.02106	0.00986	0.00283	0.00422	0.01772	0.00781	0.00705
32	0.03120	0.01236	0.01607	0.01282	0.01800	0.01097	0.01043	0.03460	0.02201	0.48619	0.03119	0.02903	0.02077	0.01011	0.00764	0.00239	0.00618	0.00818	0.21751	0.01236
33	0.01208	0.00805	0.00906	0.00906	0.00906	0.00805	0.00503	0.01208	0.01208	0.01611	0.02618	0.05436	0.03020	0.70804	0.04228	0.00805	0.00805	0.01208	0.00503	0.00503
34	0.01084	0.00753	0.00943	0.01065	0.01096	0.00723	0.00673	0.01176	0.01451	0.01934	0.03862	0.46558	0.04590	0.27542	0.02219	0.00509	0.00600	0.01940	0.00673	0.00612
35	0.02346	0.01479	0.01574	0.01301	0.01719	0.01579	0.01044	0.28573	0.02713	0.06806	0.02423	0.02605	0.01814	0.00983	0.00701	0.00221	0.00631	0.00766	0.39643	0.01081
36	0.02387	0.01264	0.01414	0.01184	0.01582	0.01278	0.00946	0.16129	0.02369	0.17352	0.02673	0.02790	0.01952	0.00988	0.00693	0.00220	0.00576	0.00782	0.42366	0.01058
37	0.02182	0.01759	0.01882	0.01676	0.02157	0.02008	0.01308	0.04389	0.59836	0.07828	0.03374	0.03081	0.02503	0.01120	0.00845	0.00280	0.00661	0.00932	0.00858	0.01322
38	0.02221	0.71304	0.04353	0.01421	0.02132	0.03287	0.01421	0.02488	0.01688	0.01955	0.01155	0.01333	0.01066	0.00711	0.00533	0.00178	0.00888	0.00444	0.00355	0.01066
39	0.01010	0.00835	0.00890	0.00926	0.01173	0.00715	0.00696	0.01224	0.01859	0.02246	0.07684	0.15538	0.54020	0.02177	0.01002	0.00294	0.00451	0.05787	0.00771	0.00702
40	0.02134	0.02225	0.02380	0.01978	0.02432	0.19927	0.12930	0.08020	0.10438	0.02892	0.14569	0.07892	0.06106	0.01219	0.00891	0.00260	0.00981	0.01065	0.00651	0.01012
41	0.03103	0.03959	0.02354	0.02140	0.02568	0.67469	0.01605	0.03317	0.02354	0.02033	0.01284	0.01498	0.01070	0.00856	0.00749	0.00214	0.01498	0.00535	0.00428	0.00963
42	0.02779	0.01961	0.02088	0.01643	0.02197	0.02152	0.01344	0.48497	0.03396	0.04732	0.02163	0.02254	0.01582	0.00990	0.00772	0.00236	0.00790	0.00754	0.18407	0.01262

[dist]
# distance from previous block
# <min> <max>
0	1

[block]
# block no. 5 follows, 22 sequences, length 65
