[name]
unknown

[dist]
# distance from previous block
# <min> <max>
0	0

[block]
# block no. 0 follows, 21 sequences, length 62
# corresponding to MSA columns:
# 0-61
name=unknown_A
#
# <colnr> <probs for GDERKNQSTAVLIFYWHMCP>
#	G	D	E	R	K	N	Q	S	T	A	V	L	I	F	Y	W	H	M	C	P
0	0.01371	0.00980	0.01371	0.01567	0.01763	0.00980	0.01371	0.01763	0.01959	0.02547	0.04506	0.09599	0.04898	0.02351	0.01175	0.00392	0.00784	0.59056	0.00784	0.00784
1	0.02784	0.12028	0.09852	0.02466	0.09615	0.44480	0.01897	0.03128	0.02206	0.02219	0.01355	0.01607	0.01122	0.00838	0.00753	0.00224	0.01369	0.00569	0.00419	0.01070
2	0.02077	0.01548	0.01782	0.01647	0.05111	0.01621	0.01219	0.18230	0.15007	0.07194	0.16290	0.07579	0.14178	0.01460	0.00923	0.00275	0.00657	0.01227	0.00847	0.01128
3	0.01328	0.01029	0.01246	0.01345	0.01512	0.01067	0.00964	0.02060	0.17173	0.02544	0.04371	0.49310	0.04822	0.02267	0.01036	0.00334	0.00556	0.05366	0.00809	0.00862
4	0.02395	0.28042	0.16363	0.06040	0.02869	0.23063	0.01920	0.02920	0.04884	0.02257	0.01426	0.01651	0.01165	0.00820	0.00705	0.00224	0.01184	0.00564	0.00411	0.01096
5	0.02082	0.03254	0.39630	0.02383	0.06694	0.01850	0.04911	0.02816	0.01914	0.13248	0.05487	0.02292	0.01686	0.00957	0.01012	0.00277	0.07002	0.00753	0.00518	0.01235
6	0.01037	0.00741	0.00987	0.01185	0.01234	0.00691	0.00790	0.01185	0.01629	0.02172	0.04690	0.69537	0.05629	0.02666	0.01086	0.00346	0.00494	0.02419	0.00790	0.00691
7	0.01869	0.01780	0.03026	0.35071	0.36789	0.01960	0.02494	0.02404	0.01826	0.02492	0.01559	0.02184	0.01247	0.00802	0.00846	0.00267	0.01070	0.00757	0.00401	0.01157
8	0.01931	0.11252	0.39928	0.02596	0.03648	0.05885	0.17621	0.02727	0.01878	0.02590	0.01526	0.01859	0.01134	0.00780	0.00826	0.00261	0.01279	0.00699	0.00382	0.01196
9	0.01979	0.02521	0.11824	0.03535	0.07323	0.02126	0.52153	0.02717	0.01981	0.02725	0.01694	0.02230	0.01270	0.00730	0.00974	0.00283	0.01394	0.00950	0.00422	0.01170
10	0.15693	0.03754	0.49821	0.02252	0.03348	0.01975	0.06361	0.02661	0.01744	0.02908	0.01475	0.01750	0.01062	0.00799	0.00768	0.00269	0.01156	0.00621	0.00395	0.01188
11	0.01607	0.01513	0.02552	0.68047	0.05861	0.01891	0.02363	0.02174	0.01702	0.02174	0.01513	0.02269	0.01134	0.00851	0.00851	0.00284	0.01134	0.00756	0.00378	0.00945
12	0.01423	0.01254	0.01260	0.01262	0.01531	0.04921	0.00927	0.02169	0.17314	0.02564	0.05638	0.26144	0.26355	0.01992	0.00982	0.00302	0.00577	0.01712	0.00789	0.00884
13	0.01519	0.01502	0.02917	0.02295	0.02761	0.01401	0.29720	0.01973	0.01926	0.02602	0.11197	0.26269	0.06897	0.01594	0.01032	0.00305	0.00926	0.01601	0.00638	0.00924
14	0.01037	0.00741	0.00987	0.01185	0.01234	0.00691	0.00790	0.01185	0.01629	0.02172	0.04690	0.69537	0.05629	0.02666	0.01086	0.00346	0.00494	0.02419	0.00790	0.00691
15	0.01037	0.00741	0.00987	0.01185	0.01234	0.00691	0.00790	0.01185	0.01629	0.02172	0.04690	0.69537	0.05629	0.02666	0.01086	0.00346	0.00494	0.02419	0.00790	0.00691
16	0.02844	0.03375	0.02248	0.02038	0.02461	0.49008	0.01545	0.06189	0.09174	0.02397	0.01699	0.01944	0.01396	0.01528	0.08127	0.00357	0.01492	0.00646	0.00508	0.01024
17	0.01006	0.00862	0.00862	0.00862	0.01149	0.00718	0.00647	0.01221	0.01940	0.02299	0.08621	0.08190	0.64438	0.02155	0.01006	0.00287	0.00431	0.01796	0.00790	0.00718
18	0.01107	0.00776	0.00995	0.01143	0.01188	0.00742	0.00755	0.01232	0.01550	0.02063	0.04173	0.49913	0.04947	0.19636	0.01909	0.00469	0.00594	0.05435	0.00720	0.00652
19	0.02030	0.02010	0.03485	0.07145	0.43494	0.02133	0.10490	0.02513	0.01830	0.02623	0.01531	0.02097	0.01292	0.00881	0.01196	0.00279	0.12536	0.00789	0.00412	0.01233
20	0.02365	0.02450	0.02873	0.19959	0.28000	0.18634	0.02205	0.08426	0.02199	0.02698	0.01548	0.01995	0.01239	0.00837	0.00826	0.00252	0.01169	0.00705	0.00456	0.01163
21	0.01451	0.01195	0.01143	0.01118	0.01184	0.08185	0.00703	0.01510	0.01383	0.01735	0.02484	0.04871	0.02763	0.55262	0.10909	0.00818	0.01067	0.01124	0.00500	0.00595
22	0.02371	0.03008	0.16139	0.03647	0.32151	0.16500	0.02411	0.08527	0.02213	0.02856	0.01564	0.01908	0.01245	0.00821	0.00819	0.00249	0.01172	0.00685	0.00454	0.01258
23	0.76103	0.01646	0.01251	0.01119	0.01646	0.01909	0.00922	0.02502	0.01448	0.03818	0.01185	0.01382	0.00922	0.00790	0.00527	0.00263	0.00658	0.00461	0.00527	0.00922
24	0.01958	0.19217	0.06291	0.14366	0.30015	0.02219	0.02129	0.02429	0.01884	0.02539	0.07528	0.02342	0.01879	0.00863	0.00783	0.00242	0.00959	0.00751	0.00446	0.01159
25	0.02106	0.02022	0.03454	0.05223	0.64784	0.02022	0.02612	0.02612	0.01938	0.02780	0.01601	0.02106	0.01348	0.00758	0.00842	0.00253	0.01011	0.00758	0.00421	0.01348
26	0.01894	0.01118	0.01152	0.01041	0.01336	0.01177	0.00808	0.12261	0.05481	0.03564	0.02689	0.02982	0.02080	0.01005	0.00653	0.00213	0.00503	0.00798	0.58311	0.00934
27	0.01033	0.00754	0.00973	0.01148	0.01225	0.00694	0.00774	0.01189	0.01665	0.02187	0.05136	0.62580	0.12298	0.02608	0.01077	0.00339	0.00487	0.02349	0.00790	0.00694
28	0.01238	0.00825	0.00928	0.00928	0.00928	0.00825	0.00516	0.01238	0.01238	0.01650	0.02681	0.05569	0.03094	0.70092	0.04331	0.00825	0.00825	0.01238	0.00516	0.00516
29	0.01238	0.00825	0.00928	0.00928	0.00928	0.00825	0.00516	0.01238	0.01238	0.01650	0.02681	0.05569	0.03094	0.70092	0.04331	0.00825	0.00825	0.01238	0.00516	0.00516
30	0.01752	0.07440	0.59210	0.02447	0.03656	0.02053	0.06489	0.02690	0.01806	0.02664	0.01522	0.01805	0.01091	0.00799	0.00807	0.00266	0.01251	0.00643	0.00364	0.01243
31	0.02156	0.02185	0.03225	0.10317	0.46160	0.09192	0.04957	0.02637	0.01962	0.02644	0.01561	0.02045	0.01293	0.00771	0.00829	0.00246	0.01077	0.00730	0.00424	0.05589
32	0.03235	0.02384	0.02554	0.01958	0.02639	0.02639	0.01618	0.61946	0.04001	0.05363	0.02043	0.02043	0.01447	0.01022	0.00851	0.00255	0.00936	0.00766	0.00851	0.01447
33	0.01037	0.00741	0.00987	0.01185	0.01234	0.00691	0.00790	0.01185	0.01629	0.02172	0.04690	0.69537	0.05629	0.02666	0.01086	0.00346	0.00494	0.02419	0.00790	0.00691
34	0.01862	0.01862	0.02607	0.02234	0.02234	0.02607	0.01862	0.02048	0.01303	0.02048	0.01117	0.01862	0.01117	0.01489	0.02793	0.00372	0.68535	0.00745	0.00372	0.00931
35	0.01047	0.00864	0.00920	0.00906	0.01175	0.00736	0.00679	0.01302	0.02038	0.02532	0.20264	0.07807	0.52650	0.02068	0.01005	0.00283	0.00425	0.01742	0.00821	0.00736
36	0.01086	0.00870	0.00986	0.01054	0.01289	0.00769	0.00818	0.01330	0.01901	0.02333	0.07216	0.16990	0.43842	0.02267	0.01052	0.00317	0.00513	0.13848	0.00789	0.00728
37	0.01030	0.00768	0.00959	0.01113	0.01215	0.00697	0.00758	0.01193	0.01699	0.02201	0.05568	0.55847	0.18752	0.02552	0.01068	0.00333	0.00480	0.02280	0.00790	0.00697
38	0.03182	0.03976	0.02418	0.02181	0.02631	0.63600	0.01643	0.06211	0.02488	0.02240	0.01350	0.01559	0.01113	0.00884	0.00771	0.00221	0.01506	0.00559	0.00458	0.01009
39	0.01167	0.00841	0.01104	0.01096	0.01263	0.00778	0.00800	0.01512	0.02235	0.03136	0.51025	0.20456	0.07494	0.01946	0.01022	0.00285	0.00422	0.01735	0.00904	0.00778
40	0.01088	0.00850	0.00990	0.01012	0.01230	0.00752	0.00753	0.01357	0.02030	0.02623	0.24402	0.17720	0.35036	0.02124	0.01027	0.00296	0.00450	0.04681	0.00834	0.00742
41	0.01037	0.00741	0.00987	0.01185	0.01234	0.00691	0.00790	0.01185	0.01629	0.02172	0.04690	0.69537	0.05629	0.02666	0.01086	0.00346	0.00494	0.02419	0.00790	0.00691
42	0.02768	0.03158	0.02434	0.02417	0.09430	0.39249	0.01694	0.06287	0.15962	0.02644	0.01853	0.02003	0.01477	0.00959	0.00890	0.00247	0.04170	0.00683	0.00549	0.01127
43	0.02084	0.48323	0.25065	0.01782	0.02689	0.02899	0.02024	0.02598	0.01752	0.02235	0.01299	0.01510	0.01087	0.00755	0.00634	0.00211	0.01027	0.00514	0.00362	0.01148
44	0.02069	0.38320	0.20344	0.02181	0.03075	0.02738	0.15333	0.02626	0.01809	0.02342	0.01392	0.01684	0.01133	0.00746	0.00716	0.00228	0.01117	0.00622	0.00378	0.01147
45	0.02275	0.70604	0.04459	0.01456	0.02184	0.03367	0.01456	0.02548	0.01729	0.02002	0.01183	0.01365	0.01092	0.00728	0.00546	0.00182	0.00910	0.00455	0.00364	0.01092
46	0.01028	0.00851	0.00901	0.00913	0.01169	0.00724	0.00675	0.01255	0.01956	0.02394	0.13622	0.13830	0.53422	0.02164	0.01013	0.00291	0.00434	0.01830	0.00804	0.00724
47	0.02850	0.03432	0.02731	0.03122	0.21687	0.46852	0.01941	0.03157	0.02266	0.02297	0.01403	0.01710	0.01173	0.00841	0.00790	0.00230	0.01374	0.00613	0.00433	0.01097
48	0.02346	0.02476	0.03222	0.04547	0.50914	0.16450	0.02396	0.02787	0.02043	0.02625	0.01537	0.01979	0.01292	0.00785	0.00826	0.00245	0.01128	0.00711	0.00425	0.01267
49	0.01707	0.04402	0.65683	0.02426	0.03683	0.01976	0.03144	0.02695	0.01797	0.02695	0.01527	0.01797	0.01078	0.00809	0.00809	0.00270	0.01258	0.00629	0.00359	0.01258
50	0.01943	0.02005	0.03785	0.17423	0.23824	0.02098	0.24966	0.02512	0.01857	0.02566	0.01584	0.02190	0.01261	0.00829	0.01084	0.00283	0.07378	0.00850	0.00411	0.01150
51	0.01025	0.00861	0.00877	0.00874	0.01144	0.00727	0.00647	0.01238	0.01926	0.02315	0.10666	0.07989	0.59164	0.05369	0.01164	0.00312	0.00449	0.01759	0.00783	0.00712
52	0.01848	0.19075	0.49123	0.02265	0.03385	0.02295	0.05564	0.02664	0.01792	0.02542	0.01460	0.01724	0.01091	0.00786	0.00759	0.00251	0.01189	0.00608	0.00364	0.01215
53	0.02587	0.02869	0.02516	0.02185	0.02452	0.30297	0.01740	0.09424	0.02088	0.02439	0.01308	0.01741	0.01146	0.01172	0.01697	0.00293	0.31916	0.00662	0.00455	0.01014
54	0.01103	0.00866	0.00997	0.00964	0.01209	0.00760	0.00723	0.01410	0.02170	0.02845	0.35928	0.07292	0.36791	0.01952	0.01005	0.00278	0.00417	0.01670	0.00862	0.00760
55	0.01225	0.00820	0.00932	0.00944	0.00947	0.00817	0.00533	0.01234	0.01262	0.01683	0.02806	0.09540	0.03251	0.65907	0.04130	0.00795	0.00804	0.01311	0.00533	0.00527
56	0.01161	0.00799	0.00970	0.01036	0.01073	0.00774	0.00644	0.01254	0.01494	0.02011	0.09362	0.29016	0.04496	0.38866	0.02825	0.00596	0.00663	0.01698	0.00656	0.00608
57	0.01213	0.00903	0.01194	0.01232	0.01397	0.00912	0.00918	0.01626	0.05456	0.02632	0.23162	0.24694	0.07694	0.03073	0.15696	0.00546	0.00889	0.05209	0.00766	0.00787
58	0.01987	0.16373	0.08852	0.01749	0.02182	0.05184	0.01619	0.07989	0.01956	0.02664	0.02215	0.03628	0.02103	0.01323	0.01228	0.00288	0.15023	0.13683	0.08952	0.01002
59	0.02622	0.06212	0.02670	0.02837	0.18556	0.32560	0.01819	0.03405	0.15832	0.02589	0.01862	0.02040	0.01496	0.00901	0.00798	0.00242	0.01178	0.00690	0.00526	0.01165
60	0.01713	0.18437	0.38510	0.01910	0.02835	0.02035	0.02266	0.02404	0.01873	0.02603	0.10188	0.02798	0.06977	0.01018	0.00791	0.00251	0.01004	0.00801	0.00470	0.01119
61	0.02176	0.02741	0.16380	0.02354	0.09681	0.12869	0.01955	0.05762	0.24021	0.03005	0.02501	0.03044	0.02039	0.01096	0.00863	0.00277	0.01009	0.06390	0.00622	0.01216

[dist]
# distance from previous block
# <min> <max>
0	1

[block]
# block no. 1 follows, 21 sequences, length 40
# corresponding to MSA columns:
# 63-102
name=unknown_B
#
# <colnr> <probs for GDERKNQSTAVLIFYWHMCP>
#	G	D	E	R	K	N	Q	S	T	A	V	L	I	F	Y	W	H	M	C	P
0	0.02168	0.29883	0.25203	0.01919	0.02730	0.14953	0.02037	0.02672	0.01878	0.02271	0.01566	0.06164	0.01395	0.00916	0.00717	0.00231	0.01124	0.00667	0.00406	0.01102
1	0.01298	0.01031	0.01195	0.01120	0.01407	0.00979	0.00846	0.01922	0.10956	0.03023	0.33613	0.09160	0.23049	0.01764	0.00970	0.00273	0.00465	0.01520	0.00856	0.04553
2	0.02668	0.03301	0.02314	0.02043	0.02485	0.48902	0.06113	0.02925	0.02289	0.02175	0.02761	0.02882	0.13370	0.01112	0.00832	0.00238	0.01313	0.00825	0.00506	0.00947
3	0.01719	0.01302	0.01511	0.01327	0.01666	0.01345	0.01031	0.13687	0.11533	0.03752	0.40459	0.05158	0.08978	0.01538	0.00954	0.00269	0.00546	0.01319	0.00902	0.01002
4	0.03072	0.03277	0.05914	0.02251	0.05652	0.33312	0.01760	0.27837	0.03022	0.03522	0.01645	0.01789	0.01254	0.00928	0.00808	0.00239	0.01244	0.00654	0.00606	0.01211
5	0.02278	0.02176	0.09146	0.04505	0.51346	0.01923	0.02495	0.02808	0.01985	0.10441	0.01809	0.02174	0.01415	0.00799	0.00841	0.00256	0.00999	0.00758	0.00493	0.01352
6	0.01586	0.00910	0.01171	0.01183	0.01405	0.00815	0.00856	0.01804	0.01911	0.14541	0.10689	0.40290	0.15171	0.02180	0.01020	0.00312	0.00519	0.01928	0.00855	0.00853
7	0.02600	0.29002	0.09150	0.01896	0.02507	0.33389	0.01687	0.02917	0.02044	0.02105	0.01334	0.01586	0.01145	0.01090	0.03988	0.00267	0.01310	0.00539	0.00404	0.01041
8	0.02501	0.02823	0.02399	0.02698	0.18061	0.33691	0.01703	0.06349	0.02322	0.02560	0.05834	0.02900	0.10414	0.01081	0.00837	0.00242	0.01151	0.00842	0.00535	0.01058
9	0.01496	0.01159	0.01271	0.01136	0.01474	0.01115	0.00881	0.13087	0.02477	0.03221	0.23824	0.06458	0.35566	0.01813	0.00975	0.00275	0.00520	0.01521	0.00845	0.00884
10	0.07131	0.02620	0.05370	0.06298	0.02621	0.20425	0.01547	0.23100	0.02670	0.03447	0.01743	0.02078	0.01381	0.04595	0.00959	0.00264	0.01060	0.00681	0.04121	0.07890
11	0.03179	0.04056	0.02412	0.02192	0.02631	0.66676	0.01644	0.03398	0.02412	0.02083	0.01315	0.01535	0.01096	0.00877	0.00767	0.00219	0.01535	0.00548	0.00438	0.00987
12	0.01059	0.00864	0.00936	0.00918	0.01182	0.00741	0.00688	0.01324	0.02065	0.02597	0.23544	0.07699	0.49330	0.02044	0.01005	0.00282	0.00423	0.01727	0.00830	0.00741
13	0.01031	0.00764	0.00963	0.01122	0.01218	0.00696	0.00762	0.01192	0.01689	0.02197	0.05451	0.57665	0.17010	0.02567	0.01071	0.00334	0.00482	0.02299	0.00790	0.00696
14	0.01238	0.00825	0.00928	0.00928	0.00928	0.00825	0.00516	0.01238	0.01238	0.01650	0.02681	0.05569	0.03094	0.70092	0.04331	0.00825	0.00825	0.01238	0.00516	0.00516
15	0.01216	0.00829	0.00922	0.00922	0.00949	0.00815	0.00528	0.01236	0.01304	0.01712	0.03246	0.05818	0.08929	0.63630	0.04015	0.00774	0.00788	0.01291	0.00542	0.00535
16	0.01028	0.00776	0.00951	0.01090	0.01209	0.00699	0.00748	0.01196	0.01721	0.02210	0.05845	0.51510	0.22909	0.02516	0.01063	0.00328	0.00475	0.02236	0.00790	0.00699
17	0.01607	0.01513	0.02552	0.68047	0.05861	0.01891	0.02363	0.02174	0.01702	0.02174	0.01513	0.02269	0.01134	0.00851	0.00851	0.00284	0.01134	0.00756	0.00378	0.00945
18	0.01765	0.01513	0.01765	0.01260	0.02017	0.01134	0.01008	0.02143	0.01765	0.02773	0.01513	0.01765	0.01260	0.00630	0.00630	0.00126	0.00630	0.00504	0.00504	0.75295
19	0.01673	0.01634	0.01980	0.01789	0.01996	0.10918	0.04978	0.01967	0.01545	0.02051	0.01881	0.02731	0.01732	0.04296	0.40823	0.00943	0.14944	0.00832	0.00436	0.00849
20	0.01238	0.00825	0.00928	0.00928	0.00928	0.00825	0.00516	0.01238	0.01238	0.01650	0.02681	0.05569	0.03094	0.70092	0.04331	0.00825	0.00825	0.01238	0.00516	0.00516
21	0.01216	0.00912	0.01368	0.01368	0.01520	0.01064	0.01064	0.01520	0.01368	0.01976	0.02279	0.03343	0.02127	0.06382	0.66720	0.01368	0.02279	0.00912	0.00456	0.00760
22	0.01707	0.04402	0.65683	0.02426	0.03683	0.01976	0.03144	0.02695	0.01797	0.02695	0.01527	0.01797	0.01078	0.00809	0.00809	0.00270	0.01258	0.00629	0.00359	0.01258
23	0.01036	0.00863	0.00904	0.00894	0.01168	0.00731	0.00670	0.01280	0.02011	0.02468	0.17083	0.07912	0.55871	0.02092	0.01005	0.00284	0.00427	0.01757	0.00813	0.00731
24	0.01793	0.03886	0.52186	0.03032	0.16936	0.01986	0.03029	0.02677	0.01827	0.02714	0.01543	0.01864	0.01137	0.00798	0.00816	0.00266	0.01204	0.00657	0.00373	0.01277
25	0.02802	0.03642	0.07249	0.02622	0.06005	0.46739	0.13413	0.03183	0.02269	0.02282	0.01422	0.01727	0.01145	0.00836	0.00820	0.00237	0.01472	0.00652	0.00431	0.01053
26	0.01083	0.00865	0.00970	0.00944	0.01197	0.00751	0.00708	0.01372	0.02123	0.02734	0.30392	0.07474	0.42396	0.01993	0.01005	0.00280	0.00419	0.01696	0.00848	0.00751
27	0.01238	0.00825	0.00928	0.00928	0.00928	0.00825	0.00516	0.01238	0.01238	0.01650	0.02681	0.05569	0.03094	0.70092	0.04331	0.00825	0.00825	0.01238	0.00516	0.00516
28	0.02020	0.02538	0.16951	0.04617	0.51531	0.02012	0.02727	0.02630	0.01907	0.02762	0.01585	0.02039	0.01289	0.00769	0.00835	0.00256	0.01065	0.00730	0.00408	0.01328
29	0.01028	0.00857	0.00897	0.00900	0.01166	0.00726	0.00670	0.01260	0.01973	0.02409	0.14225	0.11068	0.55623	0.02138	0.01010	0.00288	0.00431	0.01800	0.00806	0.00726
30	0.01019	0.00863	0.00881	0.00876	0.01158	0.00724	0.00657	0.01247	0.01971	0.02374	0.12393	0.08066	0.60620	0.02127	0.01006	0.00286	0.00429	0.01779	0.00800	0.00724
31	0.01830	0.18761	0.52404	0.02215	0.03358	0.02278	0.02778	0.02663	0.01782	0.02545	0.01453	0.01703	0.01081	0.00791	0.00752	0.00251	0.01182	0.00591	0.00360	0.01222
32	0.02166	0.02265	0.02986	0.23216	0.35330	0.14496	0.02351	0.02635	0.01960	0.02466	0.01519	0.02044	0.01236	0.00809	0.00830	0.00255	0.01149	0.00717	0.00412	0.01159
33	0.01048	0.00851	0.00929	0.00936	0.01182	0.00732	0.00692	0.01293	0.01999	0.02503	0.19098	0.14195	0.47318	0.02127	0.01014	0.00290	0.00432	0.01810	0.00819	0.00732
34	0.02239	0.03657	0.49613	0.02196	0.03302	0.01793	0.02667	0.03061	0.01958	0.18505	0.01989	0.02074	0.01337	0.00870	0.00820	0.00268	0.01123	0.00686	0.00534	0.01306
35	0.02106	0.02022	0.03454	0.05223	0.64784	0.02022	0.02612	0.02612	0.01938	0.02780	0.01601	0.02106	0.01348	0.00758	0.00842	0.00253	0.01011	0.00758	0.00421	0.01348
36	0.07209	0.01775	0.01696	0.01437	0.01875	0.07931	0.01138	0.23814	0.02769	0.03782	0.14025	0.04001	0.14782	0.01332	0.00851	0.00255	0.00729	0.01060	0.08493	0.01046
37	0.01967	0.02853	0.25180	0.04247	0.43452	0.02006	0.02798	0.02641	0.01889	0.02750	0.01575	0.01998	0.01254	0.00776	0.00831	0.00259	0.01097	0.00713	0.00400	0.01316
38	0.10349	0.02066	0.02060	0.01712	0.02256	0.05426	0.01371	0.31550	0.17675	0.04223	0.02846	0.06241	0.06139	0.01187	0.00840	0.00269	0.00816	0.00928	0.00793	0.01255
39	0.16835	0.18329	0.02301	0.01442	0.01967	0.05621	0.01209	0.07479	0.17512	0.03128	0.05793	0.03005	0.09960	0.01111	0.00740	0.00251	0.00750	0.00838	0.00647	0.01083

[dist]
# distance from previous block
# <min> <max>
0	29

[block]
# block no. 2 follows, 21 sequences, length 148
# corresponding to MSA columns:
# 132-279
name=unknown_C
#
# <colnr> <probs for GDERKNQSTAVLIFYWHMCP>
#	G	D	E	R	K	N	Q	S	T	A	V	L	I	F	Y	W	H	M	C	P
0	0.17675	0.06332	0.08166	0.05655	0.15594	0.24491	0.01841	0.02942	0.05067	0.02716	0.01478	0.01755	0.01189	0.00833	0.00735	0.00244	0.01126	0.00607	0.00461	0.01095
1	0.02178	0.02292	0.02963	0.23661	0.33935	0.15467	0.02335	0.02643	0.01965	0.02451	0.01514	0.02036	0.01231	0.00811	0.00829	0.00255	0.01158	0.00714	0.00412	0.01150
2	0.02504	0.02972	0.06530	0.03786	0.33738	0.27636	0.05274	0.02934	0.02121	0.02497	0.01490	0.01873	0.01231	0.00806	0.00819	0.00242	0.01254	0.00680	0.00425	0.01190
3	0.01216	0.00912	0.01368	0.01368	0.01520	0.01064	0.01064	0.01520	0.01368	0.01976	0.02279	0.03343	0.02127	0.06382	0.66720	0.01368	0.02279	0.00912	0.00456	0.00760
4	0.02321	0.01219	0.01544	0.01313	0.01721	0.01132	0.01032	0.08553	0.02462	0.25804	0.25147	0.10935	0.10122	0.01546	0.00943	0.00274	0.00584	0.01322	0.00943	0.01083
5	0.01164	0.00801	0.00943	0.01003	0.01033	0.00779	0.00606	0.01221	0.01394	0.01843	0.03607	0.25126	0.07124	0.46014	0.03170	0.00651	0.00704	0.01626	0.00614	0.00580
6	0.01066	0.00864	0.00946	0.00925	0.01186	0.00744	0.00694	0.01338	0.02082	0.02637	0.25533	0.07634	0.47316	0.02029	0.01005	0.00281	0.00422	0.01718	0.00835	0.00744
7	0.01238	0.00825	0.00928	0.00928	0.00928	0.00825	0.00516	0.01238	0.01238	0.01650	0.02681	0.05569	0.03094	0.70092	0.04331	0.00825	0.00825	0.01238	0.00516	0.00516
8	0.01047	0.00864	0.00920	0.00906	0.01175	0.00736	0.00679	0.01302	0.02038	0.02531	0.20241	0.07808	0.52673	0.02069	0.01005	0.00283	0.00425	0.01742	0.00821	0.00736
9	0.01765	0.01513	0.01765	0.01260	0.02017	0.01134	0.01008	0.02143	0.01765	0.02773	0.01513	0.01765	0.01260	0.00630	0.00630	0.00126	0.00630	0.00504	0.00504	0.75295
10	0.01216	0.00912	0.01368	0.01368	0.01520	0.01064	0.01064	0.01520	0.01368	0.01976	0.02279	0.03343	0.02127	0.06382	0.66720	0.01368	0.02279	0.00912	0.00456	0.00760
11	0.01371	0.00980	0.01371	0.01567	0.01763	0.00980	0.01371	0.01763	0.01959	0.02547	0.04506	0.09599	0.04898	0.02351	0.01175	0.00392	0.00784	0.59056	0.00784	0.00784
12	0.02411	0.01974	0.02090	0.01791	0.02325	0.02254	0.01418	0.19644	0.47645	0.04035	0.03090	0.02877	0.02295	0.01120	0.00862	0.00280	0.00743	0.00911	0.00862	0.01373
13	0.01526	0.01283	0.01701	0.01482	0.01813	0.01369	0.01180	0.01946	0.04768	0.02313	0.01938	0.02636	0.01740	0.03636	0.33723	0.00787	0.11472	0.00766	0.00480	0.23441
14	0.01266	0.00904	0.01250	0.01447	0.01597	0.00889	0.01188	0.01581	0.01855	0.02429	0.04564	0.28467	0.05128	0.02450	0.01147	0.00377	0.00692	0.41227	0.00786	0.00755
15	0.01586	0.00793	0.00793	0.00793	0.00991	0.00793	0.00595	0.01983	0.01785	0.03173	0.02776	0.03173	0.02181	0.00991	0.00595	0.00198	0.00397	0.00793	0.74817	0.00793
16	0.01847	0.03549	0.43090	0.03361	0.22833	0.02000	0.05998	0.02671	0.01852	0.02723	0.01560	0.01919	0.01173	0.00788	0.00829	0.00265	0.01190	0.00689	0.00382	0.01280
17	0.06561	0.02142	0.07070	0.02963	0.06896	0.01899	0.37198	0.03058	0.02069	0.18326	0.02081	0.02358	0.01465	0.00812	0.00922	0.00277	0.01184	0.00905	0.00586	0.01226
18	0.01727	0.04280	0.62506	0.02568	0.06802	0.01979	0.03117	0.02691	0.01804	0.02699	0.01531	0.01813	0.01092	0.00806	0.00810	0.00269	0.01245	0.00635	0.00363	0.01262
19	0.01006	0.00862	0.00862	0.00862	0.01149	0.00718	0.00647	0.01221	0.01940	0.02299	0.08621	0.08190	0.64438	0.02155	0.01006	0.00287	0.00431	0.01796	0.00790	0.00718
20	0.01088	0.00789	0.01058	0.01186	0.01270	0.00775	0.00821	0.01273	0.01613	0.02176	0.07274	0.47976	0.07564	0.06763	0.13554	0.00555	0.00838	0.02004	0.00721	0.00702
21	0.02106	0.02022	0.03454	0.05223	0.64784	0.02022	0.02612	0.02612	0.01938	0.02780	0.01601	0.02106	0.01348	0.00758	0.00842	0.00253	0.01011	0.00758	0.00421	0.01348
22	0.01995	0.02118	0.02225	0.01989	0.02133	0.17186	0.01594	0.02221	0.01580	0.02036	0.01479	0.02187	0.01387	0.02675	0.19674	0.00607	0.34862	0.00744	0.00411	0.00897
23	0.03179	0.04056	0.02412	0.02192	0.02631	0.66676	0.01644	0.03398	0.02412	0.02083	0.01315	0.01535	0.01096	0.00877	0.00767	0.00219	0.01535	0.00548	0.00438	0.00987
24	0.01346	0.00946	0.01149	0.01117	0.01349	0.00877	0.00827	0.04873	0.02188	0.05781	0.29394	0.22086	0.20859	0.02002	0.01009	0.00291	0.00476	0.01747	0.00864	0.00820
25	0.01132	0.00830	0.01065	0.01170	0.01290	0.00750	0.00788	0.01291	0.01608	0.02189	0.04172	0.56586	0.04937	0.08513	0.01330	0.00365	0.00538	0.02110	0.00735	0.08599
26	0.02118	0.52236	0.21447	0.01725	0.02600	0.02981	0.01925	0.02589	0.01748	0.02194	0.01279	0.01485	0.01088	0.00750	0.00619	0.00206	0.01007	0.00503	0.00363	0.01138
27	0.01061	0.00841	0.00954	0.00974	0.01196	0.00734	0.00712	0.01310	0.01997	0.02550	0.21656	0.19242	0.39466	0.02148	0.01020	0.00293	0.00435	0.01849	0.00826	0.00734
28	0.02011	0.01728	0.02073	0.01707	0.02092	0.01945	0.01364	0.10895	0.13414	0.02946	0.01957	0.02502	0.01689	0.08422	0.01755	0.00324	0.21314	0.00778	0.00582	0.20500
29	0.01012	0.00837	0.00888	0.00929	0.01167	0.00713	0.00676	0.01214	0.01875	0.02273	0.07801	0.20985	0.52172	0.02262	0.01023	0.00300	0.00444	0.01926	0.00790	0.00713
30	0.01967	0.01885	0.03183	0.21022	0.46718	0.02018	0.02511	0.02473	0.01846	0.02590	0.01554	0.02135	0.01282	0.00818	0.00942	0.00267	0.04399	0.00757	0.00408	0.01225
31	0.01075	0.00865	0.00958	0.00935	0.01192	0.00748	0.00701	0.01355	0.02103	0.02687	0.28044	0.07551	0.44773	0.02010	0.01005	0.00280	0.00421	0.01706	0.00841	0.00748
32	0.01006	0.00862	0.00862	0.00862	0.01149	0.00718	0.00647	0.01221	0.01940	0.02299	0.08621	0.08190	0.64438	0.02155	0.01006	0.00287	0.00431	0.01796	0.00790	0.00718
33	0.01074	0.00833	0.00978	0.01009	0.01209	0.00737	0.00731	0.01329	0.02002	0.02604	0.24512	0.23561	0.32047	0.02162	0.01026	0.00297	0.00438	0.01880	0.00835	0.00737
34	0.01231	0.00849	0.01050	0.01050	0.01092	0.00891	0.00668	0.01316	0.01274	0.01740	0.02570	0.04951	0.02826	0.52415	0.21642	0.00976	0.01229	0.01147	0.00499	0.00583
35	0.01765	0.01513	0.01765	0.01260	0.02017	0.01134	0.01008	0.02143	0.01765	0.02773	0.01513	0.01765	0.01260	0.00630	0.00630	0.00126	0.00630	0.00504	0.00504	0.75295
36	0.01037	0.00741	0.00987	0.01185	0.01234	0.00691	0.00790	0.01185	0.01629	0.02172	0.04690	0.69537	0.05629	0.02666	0.01086	0.00346	0.00494	0.02419	0.00790	0.00691
37	0.01216	0.00912	0.01368	0.01368	0.01520	0.01064	0.01064	0.01520	0.01368	0.01976	0.02279	0.03343	0.02127	0.06382	0.66720	0.01368	0.02279	0.00912	0.00456	0.00760
38	0.01238	0.00825	0.00928	0.00928	0.00928	0.00825	0.00516	0.01238	0.01238	0.01650	0.02681	0.05569	0.03094	0.70092	0.04331	0.00825	0.00825	0.01238	0.00516	0.00516
39	0.01168	0.00836	0.00908	0.00908	0.00995	0.00793	0.00555	0.01233	0.01448	0.01845	0.04465	0.06356	0.21518	0.49688	0.03333	0.00664	0.00707	0.01405	0.00598	0.00577
40	0.01765	0.01513	0.01765	0.01260	0.02017	0.01134	0.01008	0.02143	0.01765	0.02773	0.01513	0.01765	0.01260	0.00630	0.00630	0.00126	0.00630	0.00504	0.00504	0.75295
41	0.01034	0.00753	0.00975	0.01153	0.01226	0.00694	0.00776	0.01189	0.01660	0.02185	0.05085	0.63377	0.11534	0.02615	0.01078	0.00340	0.00487	0.02357	0.00790	0.00694
42	0.01216	0.00912	0.01368	0.01368	0.01520	0.01064	0.01064	0.01520	0.01368	0.01976	0.02279	0.03343	0.02127	0.06382	0.66720	0.01368	0.02279	0.00912	0.00456	0.00760
43	0.03076	0.07651	0.02577	0.02301	0.05666	0.59978	0.01681	0.03312	0.02350	0.02113	0.01322	0.01553	0.01108	0.00863	0.00759	0.00219	0.01474	0.00553	0.00433	0.01010
44	0.02275	0.70604	0.04459	0.01456	0.02184	0.03367	0.01456	0.02548	0.01729	0.02002	0.01183	0.01365	0.01092	0.00728	0.00546	0.00182	0.00910	0.00455	0.00364	0.01092
45	0.01204	0.00870	0.01138	0.01071	0.01271	0.00803	0.00803	0.01606	0.02409	0.03413	0.64335	0.06357	0.08030	0.01740	0.01004	0.00268	0.00401	0.01539	0.00937	0.00803
46	0.01230	0.00857	0.01089	0.01089	0.01145	0.00912	0.00716	0.01341	0.01285	0.01769	0.02534	0.04755	0.02740	0.46785	0.27155	0.01024	0.01357	0.01118	0.00494	0.00605
47	0.03235	0.02384	0.02554	0.01958	0.02639	0.02639	0.01618	0.61946	0.04001	0.05363	0.02043	0.02043	0.01447	0.01022	0.00851	0.00255	0.00936	0.00766	0.00851	0.01447
48	0.01037	0.00741	0.00987	0.01185	0.01234	0.00691	0.00790	0.01185	0.01629	0.02172	0.04690	0.69537	0.05629	0.02666	0.01086	0.00346	0.00494	0.02419	0.00790	0.00691
49	0.01707	0.04402	0.65683	0.02426	0.03683	0.01976	0.03144	0.02695	0.01797	0.02695	0.01527	0.01797	0.01078	0.00809	0.00809	0.00270	0.01258	0.00629	0.00359	0.01258
50	0.01049	0.00867	0.00909	0.00916	0.01179	0.00743	0.00689	0.01273	0.01931	0.02341	0.11141	0.08034	0.54911	0.05612	0.01185	0.00320	0.00469	0.04933	0.00784	0.00716
51	0.02106	0.02022	0.03454	0.05223	0.64784	0.02022	0.02612	0.02612	0.01938	0.02780	0.01601	0.02106	0.01348	0.00758	0.00842	0.00253	0.01011	0.00758	0.00421	0.01348
52	0.29194	0.03110	0.02005	0.01797	0.02280	0.40279	0.01385	0.06090	0.02150	0.02871	0.01306	0.01507	0.01052	0.00853	0.00686	0.00237	0.01191	0.00528	0.00491	0.00987
53	0.01033	0.00797	0.00945	0.01048	0.01202	0.00708	0.00733	0.01223	0.01798	0.02292	0.09551	0.41200	0.29608	0.02408	0.01049	0.00318	0.00463	0.02118	0.00798	0.00708
54	0.01231	0.00851	0.01062	0.01062	0.01108	0.00897	0.00682	0.01323	0.01277	0.01749	0.02559	0.04893	0.02801	0.50753	0.23269	0.00990	0.01267	0.01139	0.00498	0.00590
55	0.02106	0.02022	0.03454	0.05223	0.64784	0.02022	0.02612	0.02612	0.01938	0.02780	0.01601	0.02106	0.01348	0.00758	0.00842	0.00253	0.01011	0.00758	0.00421	0.01348
56	0.01839	0.19840	0.51406	0.02199	0.03334	0.02301	0.02751	0.02661	0.01781	0.02533	0.01447	0.01696	0.01081	0.00790	0.00747	0.00249	0.01177	0.00588	0.00360	0.01219
57	0.01216	0.00912	0.01368	0.01368	0.01520	0.01064	0.01064	0.01520	0.01368	0.01976	0.02279	0.03343	0.02127	0.06382	0.66720	0.01368	0.02279	0.00912	0.00456	0.00760
58	0.01216	0.00912	0.01368	0.01368	0.01520	0.01064	0.01064	0.01520	0.01368	0.01976	0.02279	0.03343	0.02127	0.06382	0.66720	0.01368	0.02279	0.00912	0.00456	0.00760
59	0.01204	0.00870	0.01138	0.01071	0.01271	0.00803	0.00803	0.01606	0.02409	0.03413	0.64335	0.06357	0.08030	0.01740	0.01004	0.00268	0.00401	0.01539	0.00937	0.00803
60	0.02275	0.70604	0.04459	0.01456	0.02184	0.03367	0.01456	0.02548	0.01729	0.02002	0.01183	0.01365	0.01092	0.00728	0.00546	0.00182	0.00910	0.00455	0.00364	0.01092
61	0.10200	0.03562	0.02322	0.02052	0.02537	0.50405	0.01571	0.12494	0.02568	0.02764	0.01417	0.01600	0.01134	0.00891	0.00757	0.00229	0.01357	0.00574	0.00512	0.01053
62	0.02275	0.70604	0.04459	0.01456	0.02184	0.03367	0.01456	0.02548	0.01729	0.02002	0.01183	0.01365	0.01092	0.00728	0.00546	0.00182	0.00910	0.00455	0.00364	0.01092
63	0.01225	0.00827	0.00925	0.00925	0.00940	0.00819	0.00523	0.01237	0.01277	0.01686	0.03011	0.05715	0.06500	0.66320	0.04147	0.00795	0.00803	0.01269	0.00531	0.00527
64	0.02731	0.02133	0.02270	0.01856	0.02447	0.02404	0.01496	0.36054	0.30714	0.04550	0.02684	0.02554	0.01966	0.01082	0.00858	0.00270	0.00818	0.00855	0.00858	0.01402
65	0.03116	0.03861	0.02429	0.02182	0.02612	0.60187	0.01654	0.06352	0.02439	0.02250	0.01343	0.01577	0.01115	0.00915	0.00872	0.00229	0.04834	0.00569	0.00456	0.01008
66	0.01037	0.00741	0.00987	0.01185	0.01234	0.00691	0.00790	0.01185	0.01629	0.02172	0.04690	0.69537	0.05629	0.02666	0.01086	0.00346	0.00494	0.02419	0.00790	0.00691
67	0.01015	0.00825	0.00900	0.00960	0.01175	0.00710	0.00690	0.01210	0.01845	0.02261	0.07428	0.26812	0.46587	0.02310	0.01030	0.00305	0.00450	0.01985	0.00790	0.00710
68	0.01278	0.00872	0.01063	0.01122	0.01182	0.00872	0.00775	0.01397	0.01457	0.01922	0.03235	0.06792	0.03641	0.49530	0.03373	0.00694	0.00812	0.18788	0.00597	0.00597
69	0.01586	0.00793	0.00793	0.00793	0.00991	0.00793	0.00595	0.01983	0.01785	0.03173	0.02776	0.03173	0.02181	0.00991	0.00595	0.00198	0.00397	0.00793	0.74817	0.00793
70	0.03287	0.02300	0.02502	0.01918	0.02597	0.02514	0.01585	0.56749	0.03860	0.10760	0.02161	0.02120	0.01507	0.01024	0.00852	0.00256	0.00917	0.00774	0.00869	0.01447
71	0.01233	0.00841	0.01011	0.01011	0.01039	0.00870	0.00618	0.01290	0.01262	0.01711	0.02606	0.05152	0.02913	0.58144	0.16032	0.00927	0.01098	0.01176	0.00504	0.00561
72	0.03344	0.02208	0.02445	0.01875	0.02552	0.02379	0.01549	0.51107	0.03708	0.16617	0.02290	0.02203	0.01571	0.01028	0.00852	0.00257	0.00897	0.00783	0.00889	0.01447
73	0.01047	0.00745	0.00984	0.01172	0.01219	0.00698	0.00776	0.01188	0.01610	0.02146	0.04589	0.66303	0.05500	0.06075	0.01250	0.00370	0.00510	0.02360	0.00776	0.00682
74	0.01371	0.00980	0.01371	0.01567	0.01763	0.00980	0.01371	0.01763	0.01959	0.02547	0.04506	0.09599	0.04898	0.02351	0.01175	0.00392	0.00784	0.59056	0.00784	0.00784
75	0.01236	0.00830	0.00952	0.00952	0.00961	0.00838	0.00546	0.01253	0.01245	0.01668	0.02659	0.05447	0.03041	0.66603	0.07748	0.00855	0.00905	0.01220	0.00512	0.00529
76	0.01037	0.00741	0.00987	0.01185	0.01234	0.00691	0.00790	0.01185	0.01629	0.02172	0.04690	0.69537	0.05629	0.02666	0.01086	0.00346	0.00494	0.02419	0.00790	0.00691
77	0.02009	0.02296	0.05022	0.03587	0.04448	0.02152	0.61693	0.02726	0.02009	0.02726	0.01722	0.02296	0.01291	0.00717	0.01004	0.00287	0.01435	0.01004	0.00430	0.01148
78	0.01642	0.01387	0.01851	0.01655	0.01756	0.01746	0.01296	0.06657	0.01530	0.02209	0.01896	0.03170	0.01898	0.18803	0.21640	0.00758	0.27900	0.00910	0.00470	0.00827
79	0.01042	0.00768	0.00961	0.01111	0.01202	0.00703	0.00748	0.01195	0.01667	0.02168	0.05321	0.54632	0.16523	0.06154	0.01244	0.00360	0.00500	0.02240	0.00775	0.00687
80	0.01238	0.00825	0.00928	0.00928	0.00928	0.00825	0.00516	0.01238	0.01238	0.01650	0.02681	0.05569	0.03094	0.70092	0.04331	0.00825	0.00825	0.01238	0.00516	0.00516
81	0.03002	0.07272	0.02537	0.02159	0.02569	0.57071	0.01656	0.03221	0.02267	0.02075	0.01289	0.01558	0.01098	0.00930	0.00956	0.00232	0.08131	0.00563	0.00428	0.00987
82	0.76103	0.01646	0.01251	0.01119	0.01646	0.01909	0.00922	0.02502	0.01448	0.03818	0.01185	0.01382	0.00922	0.00790	0.00527	0.00263	0.00658	0.00461	0.00527	0.00922
83	0.01204	0.00870	0.01138	0.01071	0.01271	0.00803	0.00803	0.01606	0.02409	0.03413	0.64335	0.06357	0.08030	0.01740	0.01004	0.00268	0.00401	0.01539	0.00937	0.00803
84	0.01238	0.00825	0.00928	0.00928	0.00928	0.00825	0.00516	0.01238	0.01238	0.01650	0.02681	0.05569	0.03094	0.70092	0.04331	0.00825	0.00825	0.01238	0.00516	0.00516
85	0.01989	0.01903	0.03243	0.19954	0.50968	0.01991	0.02554	0.02509	0.01882	0.02638	0.01580	0.02144	0.01298	0.00780	0.00844	0.00260	0.01040	0.00758	0.00411	0.01254
86	0.03193	0.03633	0.02448	0.02133	0.02633	0.50475	0.01638	0.18210	0.02814	0.02913	0.01500	0.01663	0.01185	0.00914	0.00789	0.00228	0.01383	0.00603	0.00543	0.01103
87	0.01006	0.00862	0.00862	0.00862	0.01149	0.00718	0.00647	0.01221	0.01940	0.02299	0.08621	0.08190	0.64438	0.02155	0.01006	0.00287	0.00431	0.01796	0.00790	0.00718
88	0.02106	0.02022	0.03454	0.05223	0.64784	0.02022	0.02612	0.02612	0.01938	0.02780	0.01601	0.02106	0.01348	0.00758	0.00842	0.00253	0.01011	0.00758	0.00421	0.01348
89	0.03235	0.02384	0.02554	0.01958	0.02639	0.02639	0.01618	0.61946	0.04001	0.05363	0.02043	0.02043	0.01447	0.01022	0.00851	0.00255	0.00936	0.00766	0.00851	0.01447
90	0.01029	0.00773	0.00954	0.01100	0.01212	0.00698	0.00752	0.01195	0.01711	0.02206	0.05726	0.53382	0.21116	0.02532	0.01065	0.00330	0.00477	0.02255	0.00790	0.00698
91	0.76103	0.01646	0.01251	0.01119	0.01646	0.01909	0.00922	0.02502	0.01448	0.03818	0.01185	0.01382	0.00922	0.00790	0.00527	0.00263	0.00658	0.00461	0.00527	0.00922
92	0.02032	0.02167	0.02562	0.02298	0.05707	0.15519	0.07491	0.02327	0.01672	0.02182	0.01491	0.02135	0.01347	0.02165	0.14524	0.00509	0.28091	0.00751	0.00417	0.04613
93	0.01329	0.00827	0.01104	0.01201	0.01330	0.00761	0.00836	0.01530	0.01817	0.08448	0.12954	0.54214	0.05626	0.02380	0.01052	0.00327	0.00503	0.02144	0.00836	0.00780
94	0.03284	0.02305	0.02505	0.01920	0.02600	0.02522	0.01586	0.57054	0.03869	0.10443	0.02154	0.02115	0.01503	0.01024	0.00852	0.00256	0.00918	0.00774	0.00868	0.01447
95	0.01916	0.02021	0.03490	0.02729	0.03044	0.02440	0.23750	0.02296	0.01561	0.02296	0.01338	0.02021	0.01181	0.01207	0.02138	0.00341	0.43987	0.00840	0.00394	0.01010
96	0.01427	0.00977	0.01094	0.01046	0.01117	0.01000	0.00641	0.07322	0.01536	0.02051	0.02729	0.08767	0.03070	0.59423	0.03802	0.00741	0.00818	0.01256	0.00565	0.00619
97	0.01215	0.01009	0.01053	0.01004	0.01315	0.00926	0.00763	0.04177	0.07131	0.02654	0.13827	0.07315	0.50610	0.01979	0.00987	0.00284	0.00470	0.01655	0.00815	0.00811
98	0.02444	0.01755	0.01937	0.01565	0.02049	0.01886	0.01262	0.37261	0.03282	0.04539	0.21029	0.03473	0.03523	0.01236	0.00870	0.00253	0.00717	0.01004	0.08733	0.01182
99	0.01707	0.04402	0.65683	0.02426	0.03683	0.01976	0.03144	0.02695	0.01797	0.02695	0.01527	0.01797	0.01078	0.00809	0.00809	0.00270	0.01258	0.00629	0.00359	0.01258
100	0.01993	0.02249	0.04765	0.03443	0.04213	0.02200	0.55338	0.02654	0.01934	0.02654	0.01657	0.02249	0.01273	0.00799	0.01194	0.00296	0.08562	0.00977	0.00424	0.01125
101	0.01037	0.00741	0.00987	0.01185	0.01234	0.00691	0.00790	0.01185	0.01629	0.02172	0.04690	0.69537	0.05629	0.02666	0.01086	0.00346	0.00494	0.02419	0.00790	0.00691
102	0.01074	0.00884	0.00958	0.00994	0.01265	0.00767	0.00782	0.01323	0.01943	0.02345	0.07849	0.08454	0.53272	0.02192	0.01038	0.00307	0.00497	0.12534	0.00789	0.00731
103	0.02087	0.05881	0.04848	0.03401	0.04231	0.05797	0.55284	0.02754	0.02017	0.02653	0.01672	0.02206	0.01270	0.00727	0.00968	0.00278	0.01413	0.00951	0.00427	0.01136
104	0.01037	0.00741	0.00987	0.01185	0.01234	0.00691	0.00790	0.01185	0.01629	0.02172	0.04690	0.69537	0.05629	0.02666	0.01086	0.00346	0.00494	0.02419	0.00790	0.00691
105	0.01607	0.01513	0.02552	0.68047	0.05861	0.01891	0.02363	0.02174	0.01702	0.02174	0.01513	0.02269	0.01134	0.00851	0.00851	0.00284	0.01134	0.00756	0.00378	0.00945
106	0.02106	0.02022	0.03454	0.05223	0.64784	0.02022	0.02612	0.02612	0.01938	0.02780	0.01601	0.02106	0.01348	0.00758	0.00842	0.00253	0.01011	0.00758	0.00421	0.01348
107	0.01707	0.04402	0.65683	0.02426	0.03683	0.01976	0.03144	0.02695	0.01797	0.02695	0.01527	0.01797	0.01078	0.00809	0.00809	0.00270	0.01258	0.00629	0.00359	0.01258
108	0.01006	0.00862	0.00862	0.00862	0.01149	0.00718	0.00647	0.01221	0.01940	0.02299	0.08621	0.08190	0.64438	0.02155	0.01006	0.00287	0.00431	0.01796	0.00790	0.00718
109	0.01219	0.00879	0.01157	0.01113	0.01313	0.00818	0.00851	0.01619	0.02371	0.03339	0.59262	0.06632	0.07764	0.01792	0.01018	0.00278	0.00434	0.06416	0.00924	0.00801
110	0.03697	0.01642	0.02095	0.01606	0.02269	0.01538	0.01327	0.16113	0.02760	0.52949	0.03085	0.02720	0.01970	0.01047	0.00855	0.00262	0.00768	0.00837	0.01011	0.01448
111	0.02701	0.02487	0.02298	0.02099	0.05849	0.17615	0.01588	0.24760	0.17588	0.03718	0.02437	0.02963	0.01985	0.01139	0.00867	0.00268	0.01005	0.06666	0.00726	0.01240
112	0.03179	0.04056	0.02412	0.02192	0.02631	0.66676	0.01644	0.03398	0.02412	0.02083	0.01315	0.01535	0.01096	0.00877	0.00767	0.00219	0.01535	0.00548	0.00438	0.00987
113	0.01238	0.00825	0.00928	0.00928	0.00928	0.00825	0.00516	0.01238	0.01238	0.01650	0.02681	0.05569	0.03094	0.70092	0.04331	0.00825	0.00825	0.01238	0.00516	0.00516
114	0.02741	0.27510	0.03167	0.01921	0.02436	0.35038	0.01595	0.05986	0.02150	0.02220	0.01288	0.01530	0.01115	0.00886	0.00875	0.00222	0.07306	0.00544	0.00427	0.01043
115	0.01007	0.00856	0.00868	0.00878	0.01154	0.00717	0.00654	0.01219	0.01924	0.02293	0.08422	0.11292	0.61465	0.02181	0.01010	0.00290	0.00434	0.01828	0.00790	0.00717
116	0.01996	0.02383	0.07539	0.03539	0.04416	0.02145	0.59264	0.02725	0.02000	0.02725	0.01714	0.02275	0.01282	0.00721	0.00996	0.00286	0.01427	0.00989	0.00427	0.01152
117	0.02970	0.01856	0.02123	0.01695	0.02300	0.01939	0.01374	0.25279	0.17406	0.22527	0.05925	0.02772	0.02243	0.01081	0.00854	0.00260	0.00769	0.00866	0.00903	0.04857
118	0.01841	0.01558	0.01805	0.01296	0.02049	0.01212	0.01040	0.05228	0.01880	0.02907	0.01540	0.01779	0.01270	0.00650	0.00642	0.00133	0.00646	0.00518	0.00522	0.71485
119	0.03179	0.04056	0.02412	0.02192	0.02631	0.66676	0.01644	0.03398	0.02412	0.02083	0.01315	0.01535	0.01096	0.00877	0.00767	0.00219	0.01535	0.00548	0.00438	0.00987
120	0.02607	0.21561	0.03286	0.02912	0.21376	0.29810	0.01887	0.02928	0.02082	0.02273	0.01366	0.01662	0.01172	0.00800	0.00730	0.00219	0.01206	0.00587	0.00413	0.01125
121	0.01531	0.01039	0.01146	0.01064	0.01168	0.01074	0.00672	0.09663	0.01646	0.02238	0.02598	0.04964	0.02821	0.57138	0.03666	0.00715	0.00819	0.01150	0.04229	0.00658
122	0.02079	0.32996	0.14439	0.02455	0.03320	0.02664	0.25585	0.02642	0.01851	0.02399	0.01451	0.01802	0.01169	0.00737	0.00769	0.00238	0.01173	0.00700	0.00390	0.01141
123	0.02037	0.40925	0.28579	0.01951	0.02894	0.02755	0.05322	0.02615	0.01771	0.02313	0.01347	0.01584	0.01097	0.00759	0.00674	0.00222	0.01075	0.00553	0.00366	0.01160
124	0.02445	0.58124	0.04075	0.01594	0.02268	0.15240	0.01491	0.02708	0.01857	0.02017	0.01208	0.01397	0.01093	0.00756	0.00588	0.00189	0.01027	0.00472	0.00378	0.01072
125	0.01189	0.00805	0.00943	0.00991	0.01003	0.00793	0.00582	0.01225	0.01333	0.01777	0.03170	0.21117	0.03710	0.53704	0.03543	0.00709	0.00745	0.01525	0.00582	0.00558
126	0.01145	0.00806	0.01046	0.01133	0.01186	0.00816	0.00751	0.01273	0.01437	0.01948	0.03483	0.33293	0.04009	0.27093	0.15914	0.00727	0.00982	0.01690	0.00624	0.00644
127	0.02195	0.54927	0.04269	0.01765	0.02409	0.03149	0.07325	0.02499	0.01700	0.02078	0.01226	0.01521	0.01115	0.00828	0.00887	0.00217	0.09895	0.00546	0.00372	0.01076
128	0.01028	0.00851	0.00901	0.00914	0.01170	0.00724	0.00676	0.01255	0.01956	0.02395	0.13674	0.13934	0.53261	0.02164	0.01013	0.00291	0.00434	0.01831	0.00805	0.00724
129	0.01049	0.00771	0.00987	0.01155	0.01248	0.00710	0.00797	0.01219	0.01692	0.02210	0.05273	0.57344	0.14452	0.02574	0.01078	0.00339	0.00499	0.05113	0.00790	0.00700
130	0.02596	0.02411	0.02172	0.01879	0.02398	0.15338	0.01471	0.17861	0.36907	0.03686	0.02692	0.02575	0.02021	0.01067	0.00842	0.00267	0.00910	0.00832	0.00776	0.01298
131	0.03179	0.04056	0.02412	0.02192	0.02631	0.66676	0.01644	0.03398	0.02412	0.02083	0.01315	0.01535	0.01096	0.00877	0.00767	0.00219	0.01535	0.00548	0.00438	0.00987
132	0.01020	0.00806	0.00920	0.01012	0.01189	0.00706	0.00713	0.01204	0.01796	0.02240	0.06801	0.36588	0.37214	0.02392	0.01043	0.00314	0.00460	0.02085	0.00790	0.00706
133	0.02009	0.02296	0.05022	0.03587	0.04448	0.02152	0.61693	0.02726	0.02009	0.02726	0.01722	0.02296	0.01291	0.00717	0.01004	0.00287	0.01435	0.01004	0.00430	0.01148
134	0.03129	0.03642	0.02447	0.02150	0.02614	0.51741	0.01649	0.14316	0.02659	0.02696	0.01443	0.01645	0.01163	0.00932	0.00876	0.00233	0.04482	0.00598	0.00513	0.01070
135	0.01194	0.00840	0.01053	0.01142	0.01230	0.00812	0.00803	0.01366	0.01645	0.02185	0.09931	0.24360	0.07806	0.27267	0.02285	0.00521	0.00663	0.13537	0.00702	0.00658
136	0.02014	0.02281	0.04938	0.03674	0.07655	0.02145	0.58553	0.02720	0.02005	0.02729	0.01715	0.02285	0.01294	0.00720	0.00996	0.00285	0.01412	0.00991	0.00430	0.01158
137	0.02275	0.70604	0.04459	0.01456	0.02184	0.03367	0.01456	0.02548	0.01729	0.02002	0.01183	0.01365	0.01092	0.00728	0.00546	0.00182	0.00910	0.00455	0.00364	0.01092
