[name]
unknown

[dist]
# distance from previous block
# <min> <max>
0	0

[block]
# block no. 0 follows, 22 sequences, length 12
# corresponding to MSA columns:
# 0-11
name=unknown_A
#
# <colnr> <probs for GDERKNQSTAVLIFYWHMCP>
#	G	D	E	R	K	N	Q	S	T	A	V	L	I	F	Y	W	H	M	C	P
0	0.01339	0.00956	0.01339	0.01530	0.01721	0.00956	0.01339	0.01721	0.01912	0.02486	0.04399	0.09371	0.04781	0.02295	0.01147	0.00382	0.00765	0.60031	0.00765	0.00765
1	0.01101	0.00808	0.01053	0.01216	0.01340	0.00759	0.00912	0.01324	0.01729	0.02244	0.05110	0.43390	0.14368	0.02439	0.01073	0.00342	0.00554	0.18767	0.00769	0.00705
2	0.01953	0.01918	0.03028	0.25866	0.42536	0.05473	0.02419	0.02451	0.01841	0.02483	0.01519	0.02078	0.01234	0.00776	0.00821	0.00255	0.01054	0.00728	0.00398	0.01168
3	0.02450	0.02865	0.01979	0.01896	0.05185	0.40976	0.01370	0.06567	0.02302	0.02336	0.03384	0.03416	0.19474	0.01217	0.00825	0.00237	0.01127	0.00907	0.00552	0.00935
4	0.01050	0.00834	0.00925	0.00920	0.01145	0.00729	0.00672	0.01292	0.01953	0.02487	0.23019	0.11161	0.42151	0.06520	0.01198	0.00313	0.00442	0.01688	0.00792	0.00709
5	0.01225	0.00853	0.01091	0.01158	0.01244	0.00859	0.00837	0.01402	0.01530	0.02050	0.07379	0.11890	0.03957	0.34422	0.09183	0.00662	0.00881	0.18121	0.00622	0.00635
6	0.16839	0.01785	0.12277	0.01575	0.05217	0.01384	0.01328	0.02609	0.01726	0.21672	0.02289	0.03067	0.01901	0.20884	0.01735	0.00414	0.00823	0.00825	0.00633	0.01017
7	0.02193	0.02263	0.03147	0.08945	0.51294	0.12622	0.02379	0.02645	0.01951	0.02563	0.01511	0.01976	0.01262	0.00765	0.00811	0.00243	0.01078	0.00707	0.00411	0.01232
8	0.20111	0.01859	0.06130	0.23931	0.27713	0.01904	0.02100	0.02394	0.01695	0.02772	0.01432	0.01916	0.01134	0.00779	0.00748	0.00260	0.00954	0.00662	0.00420	0.01086
9	0.01989	0.01992	0.06159	0.19345	0.45319	0.01977	0.02463	0.05924	0.01948	0.02720	0.01564	0.02074	0.01261	0.00778	0.00823	0.00255	0.01022	0.00734	0.00423	0.01227
10	0.01604	0.00948	0.01222	0.01138	0.01369	0.00963	0.00875	0.04320	0.01913	0.08741	0.20399	0.03931	0.03673	0.02761	0.19560	0.04805	0.00972	0.01017	0.18961	0.00830
11	0.01584	0.01065	0.01289	0.01178	0.01354	0.01224	0.00932	0.01914	0.01593	0.02707	0.02221	0.02742	0.01835	0.01584	0.07756	0.00342	0.16331	0.00759	0.46467	0.05121

[dist]
# distance from previous block
# <min> <max>
0	1

[block]
# block no. 1 follows, 22 sequences, length 24
# corresponding to MSA columns:
# 13-36
name=unknown_B
#
# <colnr> <probs for GDERKNQSTAVLIFYWHMCP>
#	G	D	E	R	K	N	Q	S	T	A	V	L	I	F	Y	W	H	M	C	P
0	0.02028	0.02036	0.03031	0.22134	0.43056	0.08455	0.02390	0.02510	0.01875	0.02485	0.01512	0.02044	0.01235	0.00776	0.00817	0.00252	0.01071	0.00719	0.00401	0.01174
1	0.01167	0.00812	0.00894	0.00894	0.00946	0.00786	0.00527	0.01205	0.01334	0.01727	0.03679	0.05905	0.14418	0.58229	0.03634	0.00709	0.00735	0.01308	0.00552	0.00540
2	0.01319	0.01174	0.02037	0.13998	0.02647	0.01186	0.13548	0.01641	0.01653	0.02197	0.03295	0.39763	0.03671	0.06393	0.01211	0.00346	0.00804	0.01709	0.00609	0.00799
3	0.01273	0.01052	0.01504	0.20939	0.02654	0.01101	0.01320	0.01609	0.01739	0.02249	0.04175	0.23042	0.14788	0.01826	0.00973	0.00307	0.00718	0.13348	0.00638	0.04746
4	0.01188	0.00812	0.01130	0.07829	0.01578	0.00823	0.00868	0.01247	0.01429	0.01897	0.03301	0.38727	0.03816	0.14117	0.02020	0.15689	0.00648	0.01671	0.00602	0.00607
5	0.03064	0.07111	0.02460	0.02090	0.02548	0.60082	0.01595	0.07205	0.02424	0.02241	0.01325	0.01523	0.01093	0.00858	0.00744	0.00215	0.01430	0.00545	0.00451	0.00998
6	0.02129	0.02262	0.16469	0.01718	0.02298	0.01839	0.01597	0.26451	0.06580	0.03471	0.02368	0.09849	0.02157	0.15253	0.01534	0.00376	0.00901	0.00992	0.00651	0.01103
7	0.01569	0.01477	0.02492	0.68808	0.05722	0.01846	0.02307	0.02123	0.01661	0.02123	0.01477	0.02215	0.01107	0.00831	0.00831	0.00277	0.01107	0.00738	0.00369	0.00923
8	0.01860	0.01779	0.01772	0.04185	0.01925	0.14836	0.01251	0.05969	0.01706	0.02184	0.01883	0.02946	0.01802	0.16596	0.18457	0.00646	0.14161	0.00831	0.04391	0.00822
9	0.00995	0.00842	0.00859	0.00855	0.01130	0.00707	0.00641	0.01217	0.01924	0.02316	0.12139	0.07878	0.61517	0.02077	0.00982	0.00279	0.00419	0.01737	0.00781	0.00707
10	0.01818	0.01818	0.02545	0.02181	0.02181	0.02545	0.01818	0.01999	0.01272	0.01999	0.01091	0.01818	0.01091	0.01454	0.02726	0.00364	0.69284	0.00727	0.00364	0.00909
11	0.03011	0.11003	0.02563	0.02065	0.02523	0.60756	0.01586	0.03230	0.02285	0.02025	0.01271	0.01481	0.01070	0.00841	0.00726	0.00210	0.01434	0.00526	0.00420	0.00974
12	0.10847	0.02252	0.02360	0.01826	0.02475	0.02502	0.01508	0.56534	0.03645	0.05078	0.01907	0.01927	0.01359	0.00974	0.00798	0.00250	0.00886	0.00717	0.00798	0.01359
13	0.01818	0.01818	0.02545	0.02181	0.02181	0.02545	0.01818	0.01999	0.01272	0.01999	0.01091	0.01818	0.01091	0.01454	0.02726	0.00364	0.69284	0.00727	0.00364	0.00909
14	0.01012	0.00723	0.00964	0.01157	0.01205	0.00675	0.00771	0.01157	0.01591	0.02121	0.04579	0.70262	0.05495	0.02603	0.01060	0.00337	0.00482	0.02362	0.00771	0.00675
15	0.03103	0.03959	0.02354	0.02140	0.02568	0.67469	0.01605	0.03317	0.02354	0.02033	0.01284	0.01498	0.01070	0.00856	0.00749	0.00214	0.01498	0.00535	0.00428	0.00963
16	0.02056	0.01974	0.03372	0.05099	0.65622	0.01974	0.02550	0.02550	0.01892	0.02714	0.01563	0.02056	0.01316	0.00740	0.00822	0.00247	0.00987	0.00740	0.00411	0.01316
17	0.02021	0.01653	0.01738	0.01511	0.01974	0.01813	0.01190	0.16780	0.33677	0.03541	0.04427	0.04171	0.19227	0.01361	0.00879	0.00274	0.00652	0.01116	0.00822	0.01171
18	0.01012	0.00723	0.00964	0.01157	0.01205	0.00675	0.00771	0.01157	0.01591	0.02121	0.04579	0.70262	0.05495	0.02603	0.01060	0.00337	0.00482	0.02362	0.00771	0.00675
19	0.02056	0.01974	0.03372	0.05099	0.65622	0.01974	0.02550	0.02550	0.01892	0.02714	0.01563	0.02056	0.01316	0.00740	0.00822	0.00247	0.00987	0.00740	0.00411	0.01316
20	0.03103	0.03959	0.02354	0.02140	0.02568	0.67469	0.01605	0.03317	0.02354	0.02033	0.01284	0.01498	0.01070	0.00856	0.00749	0.00214	0.01498	0.00535	0.00428	0.00963
21	0.01589	0.01495	0.02497	0.58581	0.11746	0.01799	0.02245	0.02118	0.01697	0.02191	0.01849	0.02501	0.04494	0.00888	0.00838	0.00274	0.01059	0.00792	0.00395	0.00952
22	0.01187	0.00890	0.01335	0.01335	0.01483	0.01038	0.01038	0.01483	0.01335	0.01928	0.02225	0.03264	0.02077	0.06231	0.67512	0.01335	0.02225	0.00890	0.00445	0.00742
23	0.02892	0.03212	0.02446	0.02535	0.13231	0.45308	0.01699	0.05770	0.02345	0.07420	0.04313	0.01926	0.01501	0.00893	0.00782	0.00227	0.01274	0.00645	0.00511	0.01071

[dist]
# distance from previous block
# <min> <max>
0	1

[block]
# block no. 2 follows, 22 sequences, length 63
# corresponding to MSA columns:
# 38-100
name=unknown_C
#
# <colnr> <probs for GDERKNQSTAVLIFYWHMCP>
#	G	D	E	R	K	N	Q	S	T	A	V	L	I	F	Y	W	H	M	C	P
0	0.01666	0.04297	0.66500	0.02368	0.03596	0.01929	0.03069	0.02631	0.01754	0.02631	0.01491	0.01754	0.01052	0.00789	0.00789	0.00263	0.01228	0.00614	0.00351	0.01228
1	0.01984	0.01900	0.03241	0.14566	0.56721	0.01955	0.02514	0.02486	0.01857	0.02626	0.01550	0.02080	0.01285	0.00754	0.00824	0.00251	0.01005	0.00740	0.00405	0.01257
2	0.01200	0.00864	0.01150	0.01156	0.01342	0.00814	0.00902	0.01574	0.02207	0.03071	0.48171	0.11094	0.07029	0.01886	0.01021	0.00292	0.00478	0.14105	0.00873	0.00773
3	0.01569	0.01477	0.02492	0.68808	0.05722	0.01846	0.02307	0.02123	0.01661	0.02123	0.01477	0.02215	0.01107	0.00831	0.00831	0.00277	0.01107	0.00738	0.00369	0.00923
4	0.02221	0.71304	0.04353	0.01421	0.02132	0.03287	0.01421	0.02488	0.01688	0.01955	0.01155	0.01333	0.01066	0.00711	0.00533	0.00178	0.00888	0.00444	0.00355	0.01066
5	0.02056	0.01974	0.03372	0.05099	0.65622	0.01974	0.02550	0.02550	0.01892	0.02714	0.01563	0.02056	0.01316	0.00740	0.00822	0.00247	0.00987	0.00740	0.00411	0.01316
6	0.01187	0.00890	0.01335	0.01335	0.01483	0.01038	0.01038	0.01483	0.01335	0.01928	0.02225	0.03264	0.02077	0.06231	0.67512	0.01335	0.02225	0.00890	0.00445	0.00742
7	0.01012	0.00723	0.00964	0.01157	0.01205	0.00675	0.00771	0.01157	0.01591	0.02121	0.04579	0.70262	0.05495	0.02603	0.01060	0.00337	0.00482	0.02362	0.00771	0.00675
8	0.02221	0.71304	0.04353	0.01421	0.02132	0.03287	0.01421	0.02488	0.01688	0.01955	0.01155	0.01333	0.01066	0.00711	0.00533	0.00178	0.00888	0.00444	0.00355	0.01066
9	0.03103	0.03959	0.02354	0.02140	0.02568	0.67469	0.01605	0.03317	0.02354	0.02033	0.01284	0.01498	0.01070	0.00856	0.00749	0.00214	0.01498	0.00535	0.00428	0.00963
10	0.00982	0.00842	0.00842	0.00842	0.01122	0.00701	0.00631	0.01192	0.01894	0.02244	0.08416	0.07995	0.65285	0.02104	0.00982	0.00281	0.00421	0.01753	0.00771	0.00701
11	0.01187	0.00890	0.01335	0.01335	0.01483	0.01038	0.01038	0.01483	0.01335	0.01928	0.02225	0.03264	0.02077	0.06231	0.67512	0.01335	0.02225	0.00890	0.00445	0.00742
12	0.03103	0.03959	0.02354	0.02140	0.02568	0.67469	0.01605	0.03317	0.02354	0.02033	0.01284	0.01498	0.01070	0.00856	0.00749	0.00214	0.01498	0.00535	0.00428	0.00963
13	0.03103	0.03959	0.02354	0.02140	0.02568	0.67469	0.01605	0.03317	0.02354	0.02033	0.01284	0.01498	0.01070	0.00856	0.00749	0.00214	0.01498	0.00535	0.00428	0.00963
14	0.01666	0.04297	0.66500	0.02368	0.03596	0.01929	0.03069	0.02631	0.01754	0.02631	0.01491	0.01754	0.01052	0.00789	0.00789	0.00263	0.01228	0.00614	0.00351	0.01228
15	0.00982	0.00842	0.00842	0.00842	0.01122	0.00701	0.00631	0.01192	0.01894	0.02244	0.08416	0.07995	0.65285	0.02104	0.00982	0.00281	0.00421	0.01753	0.00771	0.00701
16	0.02918	0.18133	0.02775	0.01989	0.02476	0.53961	0.01566	0.03143	0.02214	0.02017	0.01257	0.01463	0.01069	0.00825	0.00704	0.00206	0.01370	0.00516	0.00413	0.00985
17	0.01060	0.00845	0.00951	0.00924	0.01170	0.00735	0.00693	0.01345	0.02079	0.02685	0.31440	0.07269	0.41986	0.01939	0.00981	0.00273	0.00409	0.01652	0.00829	0.00735
18	0.03118	0.03514	0.02392	0.02078	0.02570	0.49757	0.01598	0.19567	0.02778	0.02907	0.01478	0.01634	0.01164	0.00895	0.00771	0.00224	0.01339	0.00593	0.00538	0.01086
19	0.02183	0.01843	0.01944	0.01714	0.02205	0.02121	0.01343	0.10661	0.57685	0.03663	0.03233	0.02981	0.02416	0.01113	0.00844	0.00278	0.00685	0.00919	0.00844	0.01325
20	0.00982	0.00842	0.00842	0.00842	0.01122	0.00701	0.00631	0.01192	0.01894	0.02244	0.08416	0.07995	0.65285	0.02104	0.00982	0.00281	0.00421	0.01753	0.00771	0.00701
21	0.03063	0.03244	0.02377	0.02032	0.02548	0.40262	0.01579	0.24869	0.06490	0.03272	0.01662	0.01770	0.01279	0.00923	0.00784	0.00231	0.01239	0.00635	0.00598	0.01146
22	0.01922	0.01869	0.03281	0.21380	0.44725	0.01952	0.07834	0.02449	0.01838	0.02557	0.01551	0.02113	0.01257	0.00760	0.00839	0.00257	0.01055	0.00761	0.00401	0.01197
23	0.03103	0.03959	0.02354	0.02140	0.02568	0.67469	0.01605	0.03317	0.02354	0.02033	0.01284	0.01498	0.01070	0.00856	0.00749	0.00214	0.01498	0.00535	0.00428	0.00963
24	0.01059	0.00845	0.00949	0.00923	0.01169	0.00734	0.00692	0.01342	0.02076	0.02677	0.30993	0.07283	0.42438	0.01943	0.00981	0.00273	0.00409	0.01653	0.00828	0.00734
25	0.02056	0.01974	0.03372	0.05099	0.65622	0.01974	0.02550	0.02550	0.01892	0.02714	0.01563	0.02056	0.01316	0.00740	0.00822	0.00247	0.00987	0.00740	0.00411	0.01316
26	0.02743	0.03359	0.02408	0.02152	0.02460	0.49285	0.01665	0.02948	0.02051	0.02024	0.01230	0.01588	0.01076	0.01024	0.01303	0.00256	0.20484	0.00589	0.00410	0.00948
27	0.01987	0.01903	0.03247	0.14175	0.57089	0.01956	0.02515	0.02489	0.01859	0.02630	0.01550	0.02079	0.01286	0.00753	0.00824	0.00251	0.01004	0.00740	0.00405	0.01260
28	0.02056	0.01974	0.03372	0.05099	0.65622	0.01974	0.02550	0.02550	0.01892	0.02714	0.01563	0.02056	0.01316	0.00740	0.00822	0.00247	0.00987	0.00740	0.00411	0.01316
29	0.01037	0.00844	0.00918	0.00899	0.01156	0.00725	0.00674	0.01298	0.02023	0.02551	0.24449	0.07490	0.49060	0.01989	0.00981	0.00275	0.00413	0.01682	0.00812	0.00725
30	0.02272	0.67406	0.04238	0.01463	0.02157	0.07002	0.01432	0.02536	0.01727	0.01959	0.01162	0.01342	0.01066	0.00719	0.00546	0.00180	0.00924	0.00449	0.00360	0.01060
31	0.01187	0.00890	0.01335	0.01335	0.01483	0.01038	0.01038	0.01483	0.01335	0.01928	0.02225	0.03264	0.02077	0.06231	0.67512	0.01335	0.02225	0.00890	0.00445	0.00742
32	0.01012	0.00723	0.00964	0.01157	0.01205	0.00675	0.00771	0.01157	0.01591	0.02121	0.04579	0.70262	0.05495	0.02603	0.01060	0.00337	0.00482	0.02362	0.00771	0.00675
33	0.01569	0.01477	0.02492	0.68808	0.05722	0.01846	0.02307	0.02123	0.01661	0.02123	0.01477	0.02215	0.01107	0.00831	0.00831	0.00277	0.01107	0.00738	0.00369	0.00923
34	0.01961	0.02241	0.04902	0.03501	0.04342	0.02101	0.62605	0.02661	0.01961	0.02661	0.01681	0.02241	0.01261	0.00700	0.00980	0.00280	0.01401	0.00980	0.00420	0.01120
35	0.01012	0.00723	0.00964	0.01157	0.01205	0.00675	0.00771	0.01157	0.01591	0.02121	0.04579	0.70262	0.05495	0.02603	0.01060	0.00337	0.00482	0.02362	0.00771	0.00675
36	0.00983	0.00835	0.00848	0.00859	0.01127	0.00700	0.00639	0.01190	0.01877	0.02237	0.08207	0.11387	0.62028	0.02131	0.00986	0.00284	0.00424	0.01786	0.00771	0.00700
37	0.01187	0.00890	0.01335	0.01335	0.01483	0.01038	0.01038	0.01483	0.01335	0.01928	0.02225	0.03264	0.02077	0.06231	0.67512	0.01335	0.02225	0.00890	0.00445	0.00742
38	0.02185	0.66901	0.08437	0.01484	0.02228	0.03198	0.01530	0.02497	0.01692	0.01999	0.01177	0.01360	0.01065	0.00716	0.00550	0.00183	0.00911	0.00455	0.00355	0.01077
39	0.01666	0.04297	0.66500	0.02368	0.03596	0.01929	0.03069	0.02631	0.01754	0.02631	0.01491	0.01754	0.01052	0.00789	0.00789	0.00263	0.01228	0.00614	0.00351	0.01228
40	0.02876	0.01233	0.01612	0.01298	0.01816	0.01065	0.01050	0.03181	0.02273	0.45989	0.11005	0.04278	0.15984	0.01327	0.00882	0.00262	0.00613	0.01100	0.00962	0.01196
41	0.02128	0.48589	0.21184	0.01727	0.02560	0.07134	0.01883	0.02581	0.01750	0.02144	0.01255	0.01458	0.01063	0.00742	0.00617	0.00203	0.01021	0.00496	0.00359	0.01103
42	0.66668	0.01724	0.04175	0.01193	0.01743	0.01843	0.01029	0.02611	0.04087	0.06729	0.01368	0.01513	0.01031	0.00799	0.00556	0.00258	0.00672	0.00496	0.00546	0.00957
43	0.02410	0.56868	0.03925	0.01576	0.02226	0.17046	0.01461	0.02665	0.01831	0.01971	0.01183	0.01368	0.01067	0.00742	0.00579	0.00185	0.01019	0.00464	0.00371	0.01044
44	0.01785	0.18661	0.53178	0.02165	0.03282	0.02220	0.02716	0.02600	0.01740	0.02486	0.01419	0.01664	0.01055	0.00772	0.00734	0.00245	0.01155	0.00578	0.00352	0.01193
45	0.01187	0.00890	0.01335	0.01335	0.01483	0.01038	0.01038	0.01483	0.01335	0.01928	0.02225	0.03264	0.02077	0.06231	0.67512	0.01335	0.02225	0.00890	0.00445	0.00742
46	0.01083	0.00761	0.00985	0.01136	0.01186	0.00728	0.00764	0.01217	0.01537	0.02044	0.04142	0.51008	0.04901	0.17196	0.01747	0.00442	0.00576	0.07188	0.00713	0.00646
47	0.01012	0.00723	0.00964	0.01157	0.01205	0.00675	0.00771	0.01157	0.01591	0.02121	0.04579	0.70262	0.05495	0.02603	0.01060	0.00337	0.00482	0.02362	0.00771	0.00675
48	0.02834	0.25570	0.03072	0.01809	0.02427	0.19649	0.01534	0.27435	0.02770	0.03319	0.01532	0.01647	0.01209	0.00866	0.00711	0.00216	0.01057	0.00592	0.00569	0.01181
49	0.05312	0.15761	0.52660	0.02144	0.03248	0.02161	0.02682	0.02597	0.01726	0.02566	0.01417	0.01662	0.01048	0.00775	0.00732	0.00248	0.01141	0.00577	0.00359	0.01184
50	0.02898	0.03348	0.02227	0.02008	0.02455	0.49578	0.01522	0.03600	0.16324	0.05362	0.01852	0.01922	0.01448	0.00925	0.00775	0.00231	0.01271	0.00641	0.00550	0.01064
51	0.00982	0.00842	0.00842	0.00842	0.01122	0.00701	0.00631	0.01192	0.01894	0.02244	0.08416	0.07995	0.65285	0.02104	0.00982	0.00281	0.00421	0.01753	0.00771	0.00701
52	0.01006	0.00748	0.00938	0.01090	0.01188	0.00680	0.00742	0.01164	0.01654	0.02147	0.05386	0.57157	0.18078	0.02498	0.01044	0.00325	0.00469	0.02234	0.00771	0.00680
53	0.01728	0.03864	0.53536	0.02606	0.03753	0.01965	0.15599	0.02637	0.01797	0.02637	0.01531	0.01856	0.01096	0.00771	0.00829	0.00267	0.01264	0.00691	0.00365	0.01205
54	0.01666	0.04297	0.66500	0.02368	0.03596	0.01929	0.03069	0.02631	0.01754	0.02631	0.01491	0.01754	0.01052	0.00789	0.00789	0.00263	0.01228	0.00614	0.00351	0.01228
55	0.01043	0.00849	0.00927	0.00921	0.01178	0.00732	0.00700	0.01303	0.01998	0.02501	0.21027	0.07659	0.49359	0.02022	0.00989	0.00281	0.00431	0.04552	0.00803	0.00723
56	0.02036	0.02031	0.03700	0.04757	0.52486	0.02001	0.15423	0.02573	0.01906	0.02703	0.01588	0.02096	0.01304	0.00732	0.00856	0.00254	0.01076	0.00792	0.00413	0.01274
57	0.01942	0.01822	0.03036	0.26402	0.42629	0.01958	0.02424	0.05112	0.01904	0.02628	0.01553	0.02107	0.01250	0.00782	0.00826	0.00257	0.01024	0.00740	0.00416	0.01188
58	0.02125	0.02104	0.03305	0.04905	0.61478	0.06278	0.02487	0.02600	0.01922	0.02669	0.01544	0.02019	0.01300	0.00748	0.00818	0.00245	0.01021	0.00727	0.00412	0.01293
59	0.08795	0.02271	0.03014	0.04255	0.49513	0.12847	0.02247	0.02668	0.01926	0.02690	0.01481	0.01901	0.01238	0.00762	0.00783	0.00242	0.01042	0.00681	0.00423	0.01221
60	0.22753	0.02534	0.02296	0.02710	0.21475	0.25741	0.01668	0.02738	0.01897	0.02697	0.01389	0.01730	0.01157	0.01109	0.04572	0.00301	0.01151	0.00595	0.00447	0.01041
61	0.02457	0.02734	0.02982	0.03966	0.41473	0.27058	0.02188	0.02844	0.02069	0.02453	0.01456	0.01842	0.01222	0.00785	0.00794	0.00234	0.01183	0.00662	0.00418	0.01181
62	0.18991	0.02870	0.01956	0.01750	0.02198	0.38387	0.01347	0.06395	0.02152	0.06086	0.01790	0.01977	0.04076	0.01265	0.05105	0.00304	0.01233	0.00624	0.00520	0.00973

[dist]
# distance from previous block
# <min> <max>
5	44

[block]
# block no. 3 follows, 22 sequences, length 78
# corresponding to MSA columns:
# 145-222
name=unknown_D
#
# <colnr> <probs for GDERKNQSTAVLIFYWHMCP>
#	G	D	E	R	K	N	Q	S	T	A	V	L	I	F	Y	W	H	M	C	P
0	0.20317	0.01558	0.02074	0.08892	0.02503	0.01679	0.09126	0.08604	0.04398	0.10497	0.07104	0.05274	0.02069	0.01124	0.00975	0.03843	0.03603	0.00849	0.04504	0.01008
1	0.19064	0.09809	0.09417	0.05429	0.02315	0.14788	0.01443	0.07749	0.01991	0.05663	0.01664	0.01888	0.01283	0.00850	0.00664	0.00230	0.00914	0.00598	0.13226	0.01013
2	0.05913	0.02070	0.02276	0.02532	0.19185	0.14547	0.01599	0.05618	0.06008	0.20005	0.05102	0.02801	0.06653	0.01018	0.00818	0.00249	0.00907	0.00832	0.00678	0.01191
3	0.02600	0.08182	0.02274	0.01852	0.02213	0.39568	0.01447	0.05446	0.02119	0.02341	0.01518	0.01820	0.01265	0.00953	0.00982	0.00230	0.10620	0.00604	0.13015	0.00951
4	0.11604	0.01712	0.01938	0.02154	0.15252	0.08595	0.01388	0.02573	0.05190	0.12937	0.08678	0.03599	0.14564	0.01216	0.00934	0.00263	0.04723	0.00971	0.00660	0.01050
5	0.01708	0.15224	0.02731	0.01707	0.02323	0.01650	0.14029	0.02081	0.01759	0.02426	0.02451	0.12550	0.06721	0.01064	0.00771	0.00211	0.00800	0.00963	0.00513	0.28317
6	0.06978	0.05754	0.02133	0.01710	0.02194	0.26624	0.01345	0.10329	0.02193	0.02700	0.01939	0.04891	0.05039	0.01003	0.00884	0.00221	0.06211	0.00706	0.00525	0.16623
7	0.01772	0.06614	0.50559	0.02905	0.16638	0.01996	0.02890	0.02608	0.01780	0.02620	0.01492	0.01800	0.01109	0.00776	0.00786	0.00256	0.01163	0.00633	0.00364	0.01240
8	0.02017	0.05934	0.13890	0.07666	0.03533	0.14824	0.26676	0.02574	0.01929	0.02400	0.01844	0.09315	0.01625	0.00961	0.00880	0.00265	0.01246	0.00938	0.00441	0.01041
9	0.32278	0.12638	0.13157	0.04156	0.02349	0.02175	0.01523	0.07377	0.11615	0.03284	0.01641	0.01776	0.01256	0.00841	0.00653	0.00250	0.00821	0.00588	0.00533	0.01087
10	0.02229	0.02344	0.03070	0.10791	0.46362	0.15797	0.02326	0.02669	0.01966	0.02512	0.01495	0.01954	0.01243	0.00774	0.00808	0.00243	0.01107	0.00697	0.00411	0.01202
11	0.02435	0.02813	0.30488	0.02421	0.09792	0.01718	0.06847	0.03180	0.04917	0.23825	0.02196	0.02244	0.01500	0.00873	0.00825	0.00261	0.01015	0.00744	0.00611	0.01295
12	0.01666	0.04297	0.66500	0.02368	0.03596	0.01929	0.03069	0.02631	0.01754	0.02631	0.01491	0.01754	0.01052	0.00789	0.00789	0.00263	0.01228	0.00614	0.00351	0.01228
13	0.01339	0.00956	0.01339	0.01530	0.01721	0.00956	0.01339	0.01721	0.01912	0.02486	0.04399	0.09371	0.04781	0.02295	0.01147	0.00382	0.00765	0.60031	0.00765	0.00765
14	0.18371	0.01869	0.01886	0.01515	0.02055	0.02071	0.01239	0.38097	0.02953	0.04496	0.01958	0.02075	0.01445	0.00944	0.00715	0.00240	0.00753	0.00690	0.15448	0.01179
15	0.01666	0.04297	0.66500	0.02368	0.03596	0.01929	0.03069	0.02631	0.01754	0.02631	0.01491	0.01754	0.01052	0.00789	0.00789	0.00263	0.01228	0.00614	0.00351	0.01228
16	0.03158	0.02327	0.02493	0.01911	0.02576	0.02576	0.01579	0.62852	0.03906	0.05236	0.01995	0.01995	0.01413	0.00997	0.00831	0.00249	0.00914	0.00748	0.00831	0.01413
17	0.01965	0.01929	0.03494	0.04408	0.46340	0.01900	0.15117	0.02491	0.01908	0.02680	0.01869	0.02820	0.01648	0.00886	0.00888	0.00267	0.01052	0.06670	0.00448	0.01220
18	0.01187	0.00890	0.01335	0.01335	0.01483	0.01038	0.01038	0.01483	0.01335	0.01928	0.02225	0.03264	0.02077	0.06231	0.67512	0.01335	0.02225	0.00890	0.00445	0.00742
19	0.02056	0.01974	0.03372	0.05099	0.65622	0.01974	0.02550	0.02550	0.01892	0.02714	0.01563	0.02056	0.01316	0.00740	0.00822	0.00247	0.00987	0.00740	0.00411	0.01316
20	0.01961	0.02241	0.04902	0.03501	0.04342	0.02101	0.62605	0.02661	0.01961	0.02661	0.01681	0.02241	0.01261	0.00700	0.00980	0.00280	0.01401	0.00980	0.00420	0.01120
21	0.03727	0.01414	0.01928	0.01478	0.02121	0.01221	0.01221	0.04049	0.02378	0.66198	0.03277	0.02828	0.02056	0.01028	0.00835	0.00257	0.00707	0.00835	0.01028	0.01414
22	0.00982	0.00842	0.00842	0.00842	0.01122	0.00701	0.00631	0.01192	0.01894	0.02244	0.08416	0.07995	0.65285	0.02104	0.00982	0.00281	0.00421	0.01753	0.00771	0.00701
23	0.01569	0.01477	0.02492	0.68808	0.05722	0.01846	0.02307	0.02123	0.01661	0.02123	0.01477	0.02215	0.01107	0.00831	0.00831	0.00277	0.01107	0.00738	0.00369	0.00923
24	0.01098	0.00879	0.01004	0.01067	0.01318	0.00785	0.00862	0.01365	0.01900	0.02323	0.07103	0.08445	0.45506	0.02166	0.01036	0.00314	0.00533	0.20804	0.00769	0.00722
25	0.01187	0.00890	0.01335	0.01335	0.01483	0.01038	0.01038	0.01483	0.01335	0.01928	0.02225	0.03264	0.02077	0.06231	0.67512	0.01335	0.02225	0.00890	0.00445	0.00742
26	0.03103	0.03959	0.02354	0.02140	0.02568	0.67469	0.01605	0.03317	0.02354	0.02033	0.01284	0.01498	0.01070	0.00856	0.00749	0.00214	0.01498	0.00535	0.00428	0.00963
27	0.01012	0.00723	0.00964	0.01157	0.01205	0.00675	0.00771	0.01157	0.01591	0.02121	0.04579	0.70262	0.05495	0.02603	0.01060	0.00337	0.00482	0.02362	0.00771	0.00675
28	0.01012	0.00723	0.00964	0.01157	0.01205	0.00675	0.00771	0.01157	0.01591	0.02121	0.04579	0.70262	0.05495	0.02603	0.01060	0.00337	0.00482	0.02362	0.00771	0.00675
29	0.02056	0.01974	0.03372	0.05099	0.65622	0.01974	0.02550	0.02550	0.01892	0.02714	0.01563	0.02056	0.01316	0.00740	0.00822	0.00247	0.00987	0.00740	0.00411	0.01316
30	0.01012	0.00723	0.00964	0.01157	0.01205	0.00675	0.00771	0.01157	0.01591	0.02121	0.04579	0.70262	0.05495	0.02603	0.01060	0.00337	0.00482	0.02362	0.00771	0.00675
31	0.02764	0.03248	0.02199	0.01993	0.02435	0.46089	0.01510	0.03676	0.22546	0.02505	0.01970	0.02022	0.01549	0.00945	0.00781	0.00236	0.01223	0.00667	0.00564	0.01078
32	0.02218	0.63220	0.08994	0.01525	0.02263	0.06029	0.01555	0.02535	0.01723	0.02009	0.01186	0.01372	0.01065	0.00723	0.00562	0.00186	0.00941	0.00461	0.00358	0.01074
33	0.02058	0.01934	0.03056	0.04379	0.52215	0.01993	0.02289	0.02944	0.15038	0.02875	0.01947	0.02277	0.01574	0.00822	0.00827	0.00254	0.00917	0.00782	0.00503	0.01316
34	0.02662	0.01711	0.01940	0.01642	0.02180	0.01844	0.01306	0.08748	0.40483	0.22967	0.03244	0.02931	0.02302	0.01087	0.00841	0.00272	0.00692	0.00893	0.00901	0.01353
35	0.03011	0.03438	0.02333	0.02053	0.02529	0.48843	0.01571	0.14564	0.08769	0.02775	0.01625	0.01750	0.01280	0.00909	0.00774	0.00227	0.01306	0.00615	0.00545	0.01082
36	0.01051	0.00844	0.00938	0.00914	0.01165	0.00731	0.00686	0.01326	0.02057	0.02632	0.28687	0.07356	0.44771	0.01959	0.00981	0.00274	0.00410	0.01664	0.00823	0.00731
37	0.01208	0.00805	0.00906	0.00906	0.00906	0.00805	0.00503	0.01208	0.01208	0.01611	0.02618	0.05436	0.03020	0.70804	0.04228	0.00805	0.00805	0.01208	0.00503	0.00503
38	0.02221	0.71304	0.04353	0.01421	0.02132	0.03287	0.01421	0.02488	0.01688	0.01955	0.01155	0.01333	0.01066	0.00711	0.00533	0.00178	0.00888	0.00444	0.00355	0.01066
39	0.01666	0.04297	0.66500	0.02368	0.03596	0.01929	0.03069	0.02631	0.01754	0.02631	0.01491	0.01754	0.01052	0.00789	0.00789	0.00263	0.01228	0.00614	0.00351	0.01228
40	0.02221	0.71304	0.04353	0.01421	0.02132	0.03287	0.01421	0.02488	0.01688	0.01955	0.01155	0.01333	0.01066	0.00711	0.00533	0.00178	0.00888	0.00444	0.00355	0.01066
41	0.01176	0.00849	0.01110	0.01045	0.01241	0.00784	0.00784	0.01568	0.02352	0.03331	0.65184	0.06206	0.07839	0.01698	0.00980	0.00261	0.00392	0.01502	0.00914	0.00784
42	0.01208	0.00805	0.00906	0.00906	0.00906	0.00805	0.00503	0.01208	0.01208	0.01611	0.02618	0.05436	0.03020	0.70804	0.04228	0.00805	0.00805	0.01208	0.00503	0.00503
43	0.01339	0.00956	0.01339	0.01530	0.01721	0.00956	0.01339	0.01721	0.01912	0.02486	0.04399	0.09371	0.04781	0.02295	0.01147	0.00382	0.00765	0.60031	0.00765	0.00765
44	0.03103	0.03959	0.02354	0.02140	0.02568	0.67469	0.01605	0.03317	0.02354	0.02033	0.01284	0.01498	0.01070	0.00856	0.00749	0.00214	0.01498	0.00535	0.00428	0.00963
45	0.00982	0.00842	0.00842	0.00842	0.01122	0.00701	0.00631	0.01192	0.01894	0.02244	0.08416	0.07995	0.65285	0.02104	0.00982	0.00281	0.00421	0.01753	0.00771	0.00701
46	0.02161	0.64069	0.11064	0.01524	0.02290	0.03141	0.01599	0.02503	0.01695	0.02028	0.01191	0.01378	0.01065	0.00719	0.00561	0.00187	0.00925	0.00463	0.00355	0.01084
47	0.03158	0.02327	0.02493	0.01911	0.02576	0.02576	0.01579	0.62852	0.03906	0.05236	0.01995	0.01995	0.01413	0.00997	0.00831	0.00249	0.00914	0.00748	0.00831	0.01413
48	0.02056	0.01974	0.03372	0.05099	0.65622	0.01974	0.02550	0.02550	0.01892	0.02714	0.01563	0.02056	0.01316	0.00740	0.00822	0.00247	0.00987	0.00740	0.00411	0.01316
49	0.01079	0.00873	0.00977	0.01029	0.01286	0.00771	0.00824	0.01337	0.01899	0.02310	0.07319	0.08371	0.48769	0.02156	0.01027	0.00308	0.00515	0.17661	0.00770	0.00719
50	0.03103	0.03959	0.02354	0.02140	0.02568	0.67469	0.01605	0.03317	0.02354	0.02033	0.01284	0.01498	0.01070	0.00856	0.00749	0.00214	0.01498	0.00535	0.00428	0.00963
51	0.01818	0.01818	0.02545	0.02181	0.02181	0.02545	0.01818	0.01999	0.01272	0.01999	0.01091	0.01818	0.01091	0.01454	0.02726	0.00364	0.69284	0.00727	0.00364	0.00909
52	0.02221	0.71304	0.04353	0.01421	0.02132	0.03287	0.01421	0.02488	0.01688	0.01955	0.01155	0.01333	0.01066	0.00711	0.00533	0.00178	0.00888	0.00444	0.00355	0.01066
53	0.01036	0.00820	0.00933	0.00955	0.01168	0.00717	0.00697	0.01279	0.01949	0.02493	0.21898	0.19805	0.39106	0.02100	0.00997	0.00287	0.00426	0.01810	0.00807	0.00717
54	0.01188	0.00884	0.01302	0.01302	0.01440	0.01021	0.00998	0.01463	0.01325	0.01904	0.02255	0.03429	0.02149	0.11144	0.62697	0.01295	0.02117	0.00914	0.00449	0.00724
55	0.01801	0.03355	0.38292	0.02887	0.03937	0.02008	0.30333	0.02645	0.01849	0.02645	0.01578	0.01977	0.01148	0.00749	0.00877	0.00271	0.01307	0.00782	0.00383	0.01179
56	0.01208	0.00805	0.00906	0.00906	0.00906	0.00805	0.00503	0.01208	0.01208	0.01611	0.02618	0.05436	0.03020	0.70804	0.04228	0.00805	0.00805	0.01208	0.00503	0.00503
57	0.03468	0.01829	0.02185	0.01675	0.02328	0.01838	0.01384	0.30816	0.03073	0.38448	0.02693	0.02448	0.01763	0.01014	0.00833	0.00254	0.00801	0.00796	0.00938	0.01413
58	0.01981	0.02184	0.04579	0.03839	0.17288	0.02074	0.49918	0.02638	0.01946	0.02672	0.01656	0.02202	0.01272	0.00709	0.00947	0.00273	0.01313	0.00930	0.00418	0.01162
59	0.02277	0.02393	0.03157	0.04474	0.52302	0.15810	0.02350	0.02712	0.01989	0.02570	0.01504	0.01938	0.01264	0.00765	0.00807	0.00240	0.01095	0.00697	0.00415	0.01241
60	0.02662	0.03233	0.02216	0.02163	0.06217	0.50379	0.01551	0.02909	0.02125	0.02054	0.01486	0.01880	0.01283	0.01907	0.13898	0.00437	0.01610	0.00618	0.00430	0.00941
61	0.01044	0.00873	0.00897	0.00900	0.01158	0.00764	0.00661	0.01328	0.04481	0.02251	0.07625	0.11231	0.55345	0.06299	0.01179	0.00316	0.00458	0.01720	0.00758	0.00714
62	0.00998	0.00779	0.00906	0.01007	0.01165	0.00687	0.00704	0.01174	0.01735	0.02180	0.06406	0.40609	0.33968	0.02365	0.01023	0.00310	0.00453	0.02072	0.00771	0.00687
63	0.02683	0.03259	0.02416	0.02154	0.02442	0.46245	0.01675	0.02886	0.02001	0.02022	0.01221	0.01603	0.01077	0.01052	0.01395	0.00263	0.23657	0.00598	0.00407	0.00945
64	0.02174	0.50091	0.03882	0.02178	0.14617	0.06226	0.01631	0.02485	0.01742	0.02107	0.01304	0.01595	0.01174	0.01043	0.04474	0.00260	0.01017	0.00533	0.00375	0.01091
65	0.17858	0.35241	0.02966	0.01469	0.02058	0.16585	0.01291	0.02610	0.01779	0.02433	0.01268	0.01469	0.01087	0.00760	0.00582	0.00200	0.00931	0.00482	0.03606	0.05323
66	0.04788	0.07599	0.09382	0.01378	0.01753	0.06341	0.01220	0.01805	0.01594	0.02134	0.03183	0.03843	0.14276	0.10040	0.26290	0.00713	0.01369	0.00973	0.00498	0.00820
67	0.02262	0.02990	0.13048	0.02322	0.07441	0.29146	0.07798	0.05262	0.02110	0.02409	0.02209	0.12783	0.04327	0.01151	0.00846	0.00255	0.01177	0.00953	0.00498	0.01013
68	0.14153	0.03042	0.32099	0.02251	0.05637	0.05649	0.09864	0.05359	0.01925	0.02975	0.07791	0.02200	0.01756	0.00877	0.00788	0.00260	0.01061	0.00729	0.00472	0.01113
69	0.16288	0.01342	0.01392	0.01400	0.04524	0.05272	0.01026	0.02165	0.08211	0.03188	0.31655	0.04804	0.08317	0.01432	0.00866	0.00269	0.00593	0.05613	0.00756	0.00889
70	0.05677	0.10046	0.29182	0.01981	0.05327	0.01980	0.02029	0.02957	0.18803	0.02875	0.06182	0.02633	0.04879	0.00987	0.00785	0.00259	0.00907	0.00789	0.00551	0.01170
71	0.14998	0.09566	0.02359	0.01761	0.02277	0.16153	0.01435	0.20843	0.11530	0.03466	0.01752	0.01862	0.01359	0.00954	0.00877	0.00249	0.06155	0.00648	0.00611	0.01144
72	0.02558	0.09851	0.02713	0.02498	0.15744	0.13733	0.01695	0.20360	0.12412	0.03361	0.01879	0.02009	0.01463	0.00886	0.00772	0.00233	0.00971	0.00692	0.00603	0.05567
73	0.08038	0.02263	0.13556	0.08987	0.13601	0.01927	0.01920	0.16133	0.06112	0.10950	0.01917	0.02083	0.01396	0.00866	0.00783	0.00248	0.00916	0.00702	0.00604	0.06999
74	0.02592	0.02532	0.02340	0.06083	0.08854	0.21777	0.01637	0.19540	0.15492	0.03274	0.02011	0.02172	0.01557	0.01267	0.04893	0.00313	0.01135	0.00731	0.00621	0.01178
75	0.01939	0.01784	0.01715	0.08193	0.02221	0.13543	0.01253	0.14537	0.05020	0.02821	0.03480	0.27263	0.09533	0.01656	0.00915	0.00282	0.00822	0.01404	0.00684	0.00936
76	0.16845	0.02220	0.07639	0.03737	0.40791	0.05995	0.02150	0.06069	0.01932	0.03011	0.01485	0.01856	0.01204	0.00772	0.00755	0.00248	0.00965	0.00661	0.00452	0.01211
77	0.07947	0.02206	0.19047	0.13655	0.16409	0.01624	0.02031	0.02337	0.01815	0.07415	0.02975	0.03173	0.13828	0.01061	0.00822	0.00264	0.00909	0.00889	0.00515	0.01079

[dist]
# distance from previous block
# <min> <max>
3	4

[block]
# block no. 4 follows, 22 sequences, length 6
# corresponding to MSA columns:
# 227-232
name=unknown_E
#
# <colnr> <probs for GDERKNQSTAVLIFYWHMCP>
#	G	D	E	R	K	N	Q	S	T	A	V	L	I	F	Y	W	H	M	C	P
0	0.02115	0.35021	0.03061	0.01570	0.02066	0.12373	0.01374	0.02597	0.09002	0.02188	0.02438	0.02549	0.10199	0.01063	0.00925	0.00232	0.09004	0.00731	0.00482	0.01010
1	0.18164	0.01205	0.01315	0.01149	0.01558	0.01187	0.00910	0.02493	0.05766	0.18899	0.17918	0.04316	0.15486	0.01338	0.00815	0.00261	0.00546	0.01086	0.04604	0.00982
2	0.01945	0.01986	0.03757	0.14811	0.34886	0.01997	0.23177	0.02519	0.01878	0.02601	0.01589	0.02145	0.01263	0.00741	0.00878	0.00263	0.01149	0.00823	0.00408	0.01185
3	0.02385	0.02092	0.05175	0.01634	0.02087	0.18162	0.01356	0.02987	0.10468	0.16685	0.07699	0.04302	0.09343	0.01349	0.00888	0.00273	0.00887	0.10439	0.00737	0.01052
4	0.01749	0.01714	0.01472	0.01365	0.01641	0.17897	0.01025	0.05295	0.02345	0.02930	0.36569	0.09810	0.09844	0.01544	0.00919	0.00256	0.00712	0.01299	0.00764	0.00849
5	0.02295	0.42671	0.08989	0.01890	0.07722	0.07372	0.01642	0.09695	0.02024	0.02537	0.01416	0.01622	0.01189	0.00779	0.00633	0.00203	0.00943	0.00545	0.04714	0.01118

[dist]
# distance from previous block
# <min> <max>
20	91

[block]
# block no. 5 follows, 22 sequences, length 158
# corresponding to MSA columns:
# 334-491
name=unknown_F
#
# <colnr> <probs for GDERKNQSTAVLIFYWHMCP>
#	G	D	E	R	K	N	Q	S	T	A	V	L	I	F	Y	W	H	M	C	P
0	0.02546	0.18833	0.10942	0.02058	0.05148	0.31929	0.01748	0.06538	0.05146	0.02376	0.01478	0.01701	0.01213	0.01068	0.03651	0.00268	0.01261	0.00581	0.00446	0.01069
1	0.05449	0.28420	0.16491	0.01910	0.05309	0.11913	0.01800	0.08037	0.01980	0.02518	0.01503	0.01968	0.01290	0.00954	0.00814	0.03790	0.01031	0.03311	0.00437	0.01074
2	0.09020	0.09571	0.16374	0.01628	0.02237	0.15100	0.01569	0.02497	0.01808	0.02619	0.01618	0.01903	0.01293	0.00843	0.00762	0.00218	0.04338	0.00590	0.16188	0.09825
3	0.01776	0.01773	0.01506	0.01305	0.01753	0.15010	0.01004	0.05670	0.04840	0.02539	0.04722	0.04618	0.30529	0.01392	0.00834	0.00229	0.00732	0.01112	0.00642	0.18014
4	0.16305	0.02235	0.01957	0.01694	0.02121	0.18490	0.01345	0.17496	0.02287	0.05890	0.01709	0.02042	0.01379	0.02049	0.14890	0.00477	0.05361	0.00671	0.00570	0.01033
5	0.02660	0.17476	0.08669	0.01834	0.02434	0.26085	0.01607	0.17551	0.02485	0.02951	0.01575	0.01749	0.01244	0.00864	0.00713	0.00218	0.01104	0.00596	0.07080	0.01103
6	0.01986	0.20641	0.20953	0.02548	0.15901	0.02171	0.04702	0.02526	0.01851	0.06311	0.07971	0.02246	0.01870	0.00891	0.00846	0.00242	0.04007	0.00720	0.00466	0.01151
7	0.02750	0.02250	0.02810	0.02452	0.09097	0.15588	0.13981	0.08692	0.02316	0.20129	0.05808	0.02415	0.01841	0.00958	0.00964	0.00257	0.05041	0.00817	0.00652	0.01182
8	0.02399	0.02439	0.02699	0.03371	0.31767	0.19813	0.01951	0.03142	0.13343	0.05271	0.01884	0.02112	0.01498	0.00849	0.00799	0.00240	0.01041	0.00715	0.00523	0.04144
9	0.01762	0.01605	0.01387	0.01329	0.01534	0.14966	0.00947	0.07484	0.01922	0.02363	0.05775	0.16513	0.06875	0.23085	0.01927	0.00436	0.00837	0.03906	0.04579	0.00767
10	0.02179	0.48883	0.03375	0.01366	0.01936	0.09989	0.01265	0.02465	0.01774	0.02204	0.01497	0.01722	0.01290	0.00781	0.00567	0.00185	0.00852	0.00524	0.16151	0.00993
11	0.02209	0.33319	0.26026	0.01909	0.02744	0.16304	0.02046	0.02713	0.01852	0.02212	0.01302	0.01517	0.01062	0.00769	0.00670	0.00216	0.01137	0.00524	0.00369	0.01102
12	0.03024	0.02967	0.02452	0.02166	0.05891	0.29770	0.01629	0.31830	0.06063	0.03672	0.01740	0.01843	0.01318	0.00931	0.00797	0.00236	0.01151	0.00667	0.00640	0.01214
13	0.03021	0.10258	0.02541	0.02073	0.02527	0.61467	0.01588	0.03240	0.02292	0.02026	0.01272	0.01483	0.01070	0.00842	0.00729	0.00211	0.01441	0.00527	0.00421	0.00973
14	0.01208	0.00805	0.00906	0.00906	0.00906	0.00805	0.00503	0.01208	0.01208	0.01611	0.02618	0.05436	0.03020	0.70804	0.04228	0.00805	0.00805	0.01208	0.00503	0.00503
15	0.01323	0.00946	0.01317	0.01485	0.01676	0.00940	0.01287	0.01707	0.01953	0.02565	0.10084	0.09075	0.05067	0.02239	0.01132	0.00371	0.00730	0.54557	0.00779	0.00767
16	0.03124	0.03348	0.02406	0.02055	0.02571	0.43169	0.01595	0.25611	0.02935	0.03232	0.01550	0.01684	0.01198	0.00909	0.00780	0.00227	0.01279	0.00615	0.00579	0.01131
17	0.00982	0.00842	0.00842	0.00842	0.01122	0.00701	0.00631	0.01192	0.01894	0.02244	0.08416	0.07995	0.65285	0.02104	0.00982	0.00281	0.00421	0.01753	0.00771	0.00701
18	0.02066	0.01785	0.01878	0.01691	0.02160	0.02066	0.01315	0.04414	0.64121	0.03475	0.03381	0.03099	0.02536	0.01127	0.00845	0.00282	0.00657	0.00939	0.00845	0.01315
19	0.02276	0.02391	0.03158	0.04477	0.52360	0.15749	0.02351	0.02711	0.01989	0.02571	0.01504	0.01939	0.01264	0.00765	0.00807	0.00240	0.01094	0.00697	0.00415	0.01242
20	0.01339	0.00956	0.01339	0.01530	0.01721	0.00956	0.01339	0.01721	0.01912	0.02486	0.04399	0.09371	0.04781	0.02295	0.01147	0.00382	0.00765	0.60031	0.00765	0.00765
21	0.03103	0.03959	0.02354	0.02140	0.02568	0.67469	0.01605	0.03317	0.02354	0.02033	0.01284	0.01498	0.01070	0.00856	0.00749	0.00214	0.01498	0.00535	0.00428	0.00963
22	0.01012	0.00723	0.00964	0.01157	0.01205	0.00675	0.00771	0.01157	0.01591	0.02121	0.04579	0.70262	0.05495	0.02603	0.01060	0.00337	0.00482	0.02362	0.00771	0.00675
23	0.01723	0.01477	0.01723	0.01230	0.01969	0.01107	0.00984	0.02092	0.01723	0.02707	0.01477	0.01723	0.01230	0.00615	0.00615	0.00123	0.00615	0.00492	0.00492	0.75883
24	0.01033	0.00844	0.00912	0.00895	0.01153	0.00723	0.00671	0.01291	0.02014	0.02531	0.23367	0.07524	0.50155	0.01997	0.00981	0.00275	0.00413	0.01687	0.00809	0.00723
25	0.01208	0.00805	0.00906	0.00906	0.00906	0.00805	0.00503	0.01208	0.01208	0.01611	0.02618	0.05436	0.03020	0.70804	0.04228	0.00805	0.00805	0.01208	0.00503	0.00503
26	0.03103	0.03959	0.02354	0.02140	0.02568	0.67469	0.01605	0.03317	0.02354	0.02033	0.01284	0.01498	0.01070	0.00856	0.00749	0.00214	0.01498	0.00535	0.00428	0.00963
27	0.01723	0.01477	0.01723	0.01230	0.01969	0.01107	0.00984	0.02092	0.01723	0.02707	0.01477	0.01723	0.01230	0.00615	0.00615	0.00123	0.00615	0.00492	0.00492	0.75883
28	0.03108	0.02500	0.02330	0.01882	0.02475	0.16002	0.01512	0.36961	0.09489	0.12103	0.02148	0.02108	0.01536	0.00985	0.00816	0.00246	0.00985	0.00734	0.00773	0.01308
29	0.03158	0.02327	0.02493	0.01911	0.02576	0.02576	0.01579	0.62852	0.03906	0.05236	0.01995	0.01995	0.01413	0.00997	0.00831	0.00249	0.00914	0.00748	0.00831	0.01413
30	0.01208	0.00805	0.00906	0.00906	0.00906	0.00805	0.00503	0.01208	0.01208	0.01611	0.02618	0.05436	0.03020	0.70804	0.04228	0.00805	0.00805	0.01208	0.00503	0.00503
31	0.01549	0.00774	0.00774	0.00774	0.00968	0.00774	0.00581	0.01936	0.01742	0.03097	0.02710	0.03097	0.02129	0.00968	0.00581	0.00194	0.00387	0.00774	0.75416	0.00774
32	0.01012	0.00723	0.00964	0.01157	0.01205	0.00675	0.00771	0.01157	0.01591	0.02121	0.04579	0.70262	0.05495	0.02603	0.01060	0.00337	0.00482	0.02362	0.00771	0.00675
33	0.03700	0.01458	0.01955	0.01499	0.02143	0.01287	0.01238	0.06896	0.02452	0.63246	0.03215	0.02787	0.02025	0.01027	0.00835	0.00257	0.00717	0.00831	0.01019	0.01414
34	0.01092	0.00888	0.00973	0.00944	0.01207	0.00790	0.00710	0.01458	0.04936	0.02637	0.25681	0.07215	0.44650	0.01933	0.00975	0.00275	0.00423	0.01638	0.00819	0.00755
35	0.01666	0.04297	0.66500	0.02368	0.03596	0.01929	0.03069	0.02631	0.01754	0.02631	0.01491	0.01754	0.01052	0.00789	0.00789	0.00263	0.01228	0.00614	0.00351	0.01228
36	0.02685	0.02250	0.01998	0.01661	0.02147	0.15744	0.01319	0.31994	0.06034	0.03933	0.02095	0.02224	0.01578	0.00967	0.00751	0.00229	0.00891	0.00719	0.19631	0.01152
37	0.01012	0.00723	0.00964	0.01157	0.01205	0.00675	0.00771	0.01157	0.01591	0.02121	0.04579	0.70262	0.05495	0.02603	0.01060	0.00337	0.00482	0.02362	0.00771	0.00675
38	0.02066	0.01785	0.01878	0.01691	0.02160	0.02066	0.01315	0.04414	0.64121	0.03475	0.03381	0.03099	0.02536	0.01127	0.00845	0.00282	0.00657	0.00939	0.00845	0.01315
39	0.03103	0.03959	0.02354	0.02140	0.02568	0.67469	0.01605	0.03317	0.02354	0.02033	0.01284	0.01498	0.01070	0.00856	0.00749	0.00214	0.01498	0.00535	0.00428	0.00963
40	0.01749	0.02285	0.15926	0.02171	0.02438	0.02327	0.02035	0.02102	0.01377	0.02128	0.01241	0.01888	0.01140	0.01593	0.06096	0.00399	0.51060	0.00713	0.00366	0.00966
41	0.00982	0.00842	0.00842	0.00842	0.01122	0.00701	0.00631	0.01192	0.01894	0.02244	0.08416	0.07995	0.65285	0.02104	0.00982	0.00281	0.00421	0.01753	0.00771	0.00701
42	0.01549	0.00774	0.00774	0.00774	0.00968	0.00774	0.00581	0.01936	0.01742	0.03097	0.02710	0.03097	0.02129	0.00968	0.00581	0.00194	0.00387	0.00774	0.75416	0.00774
43	0.02104	0.57211	0.17425	0.01621	0.02440	0.03002	0.01768	0.02518	0.01702	0.02097	0.01226	0.01421	0.01063	0.00727	0.00587	0.00196	0.00960	0.00480	0.00354	0.01100
44	0.02221	0.71304	0.04353	0.01421	0.02132	0.03287	0.01421	0.02488	0.01688	0.01955	0.01155	0.01333	0.01066	0.00711	0.00533	0.00178	0.00888	0.00444	0.00355	0.01066
45	0.01012	0.00723	0.00964	0.01157	0.01205	0.00675	0.00771	0.01157	0.01591	0.02121	0.04579	0.70262	0.05495	0.02603	0.01060	0.00337	0.00482	0.02362	0.00771	0.00675
46	0.00982	0.00842	0.00842	0.00842	0.01122	0.00701	0.00631	0.01192	0.01894	0.02244	0.08416	0.07995	0.65285	0.02104	0.00982	0.00281	0.00421	0.01753	0.00771	0.00701
47	0.01286	0.00907	0.01103	0.01074	0.01165	0.00954	0.00716	0.04359	0.01419	0.01918	0.02813	0.04799	0.06303	0.45047	0.21776	0.00897	0.01190	0.01127	0.00519	0.00628
48	0.01011	0.00728	0.00958	0.01143	0.01201	0.00676	0.00765	0.01158	0.01604	0.02126	0.04751	0.67467	0.08178	0.02580	0.01057	0.00335	0.00479	0.02334	0.00771	0.00676
49	0.01208	0.00805	0.00906	0.00906	0.00906	0.00805	0.00503	0.01208	0.01208	0.01611	0.02618	0.05436	0.03020	0.70804	0.04228	0.00805	0.00805	0.01208	0.00503	0.00503
50	0.76672	0.01607	0.01221	0.01092	0.01607	0.01864	0.00900	0.02442	0.01414	0.03727	0.01157	0.01350	0.00900	0.00771	0.00514	0.00257	0.00643	0.00450	0.00514	0.00900
51	0.02193	0.67963	0.07452	0.01469	0.02205	0.03219	0.01504	0.02495	0.01691	0.01988	0.01172	0.01354	0.01065	0.00715	0.00546	0.00182	0.00905	0.00453	0.00355	0.01074
52	0.01017	0.00778	0.00909	0.01007	0.01145	0.00697	0.00691	0.01176	0.01680	0.02126	0.05962	0.39346	0.29506	0.08381	0.01306	0.00355	0.00486	0.02014	0.00748	0.00670
