[name]
unknown

[dist]
# distance from previous block
# <min> <max>
0	0

[block]
# block no. 0 follows, 22 sequences, length 34
# corresponding to MSA columns:
# 0-33
name=unknown_A
#
# <colnr> <probs for GDERKNQSTAVLIFYWHMCP>
#	G	D	E	R	K	N	Q	S	T	A	V	L	I	F	Y	W	H	M	C	P
0	0.01339	0.00956	0.01339	0.01530	0.01721	0.00956	0.01339	0.01721	0.01912	0.02486	0.04399	0.09371	0.04781	0.02295	0.01147	0.00382	0.00765	0.60031	0.00765	0.00765
1	0.01569	0.01477	0.02492	0.68808	0.05722	0.01846	0.02307	0.02123	0.01661	0.02123	0.01477	0.02215	0.01107	0.00831	0.00831	0.00277	0.01107	0.00738	0.00369	0.00923
2	0.02032	0.02042	0.03761	0.04693	0.50028	0.02006	0.17832	0.02578	0.01909	0.02701	0.01593	0.02103	0.01302	0.00730	0.00863	0.00255	0.01092	0.00801	0.00413	0.01266
3	0.02027	0.02149	0.08143	0.04893	0.60934	0.01970	0.02589	0.02556	0.01881	0.02708	0.01557	0.02033	0.01296	0.00744	0.00820	0.00248	0.01005	0.00731	0.00407	0.01309
4	0.01957	0.01873	0.03193	0.18040	0.53454	0.01948	0.02500	0.02463	0.01845	0.02594	0.01545	0.02088	0.01274	0.00759	0.00824	0.00253	0.01011	0.00740	0.00403	0.01236
5	0.02375	0.01716	0.01888	0.01651	0.02153	0.01909	0.01297	0.04347	0.52664	0.15114	0.03362	0.03049	0.02447	0.01109	0.00843	0.00277	0.00667	0.00920	0.00879	0.01333
6	0.01012	0.00723	0.00964	0.01157	0.01205	0.00675	0.00771	0.01157	0.01591	0.02121	0.04579	0.70262	0.05495	0.02603	0.01060	0.00337	0.00482	0.02362	0.00771	0.00675
7	0.02056	0.01974	0.03372	0.05099	0.65622	0.01974	0.02550	0.02550	0.01892	0.02714	0.01563	0.02056	0.01316	0.00740	0.00822	0.00247	0.00987	0.00740	0.00411	0.01316
8	0.01176	0.00849	0.01110	0.01045	0.01241	0.00784	0.00784	0.01568	0.02352	0.03331	0.65184	0.06206	0.07839	0.01698	0.00980	0.00261	0.00392	0.01502	0.00914	0.00784
9	0.03158	0.02327	0.02493	0.01911	0.02576	0.02576	0.01579	0.62852	0.03906	0.05236	0.01995	0.01995	0.01413	0.00997	0.00831	0.00249	0.00914	0.00748	0.00831	0.01413
10	0.00989	0.00813	0.00871	0.00916	0.01142	0.00695	0.00664	0.01184	0.01822	0.02215	0.07506	0.22754	0.51113	0.02222	0.01000	0.00294	0.00435	0.01897	0.00771	0.00695
11	0.02392	0.24304	0.03268	0.02054	0.02501	0.24715	0.07358	0.02661	0.01833	0.02059	0.01232	0.01598	0.01092	0.00948	0.01207	0.00247	0.18548	0.00598	0.00388	0.00996
12	0.01666	0.04297	0.66500	0.02368	0.03596	0.01929	0.03069	0.02631	0.01754	0.02631	0.01491	0.01754	0.01052	0.00789	0.00789	0.00263	0.01228	0.00614	0.00351	0.01228
13	0.00982	0.00842	0.00842	0.00842	0.01122	0.00701	0.00631	0.01192	0.01894	0.02244	0.08416	0.07995	0.65285	0.02104	0.00982	0.00281	0.00421	0.01753	0.00771	0.00701
14	0.02036	0.02086	0.06615	0.04780	0.59094	0.01976	0.02513	0.02650	0.05087	0.02749	0.01652	0.02094	0.01365	0.00763	0.00822	0.00249	0.00983	0.00744	0.00430	0.01311
15	0.02056	0.01974	0.03372	0.05099	0.65622	0.01974	0.02550	0.02550	0.01892	0.02714	0.01563	0.02056	0.01316	0.00740	0.00822	0.00247	0.00987	0.00740	0.00411	0.01316
16	0.01187	0.00890	0.01335	0.01335	0.01483	0.01038	0.01038	0.01483	0.01335	0.01928	0.02225	0.03264	0.02077	0.06231	0.67512	0.01335	0.02225	0.00890	0.00445	0.00742
17	0.01549	0.00774	0.00774	0.00774	0.00968	0.00774	0.00581	0.01936	0.01742	0.03097	0.02710	0.03097	0.02129	0.00968	0.00581	0.00194	0.00387	0.00774	0.75416	0.00774
18	0.01723	0.01477	0.01723	0.01230	0.01969	0.01107	0.00984	0.02092	0.01723	0.02707	0.01477	0.01723	0.01230	0.00615	0.00615	0.00123	0.00615	0.00492	0.00492	0.75883
19	0.01208	0.00805	0.00906	0.00906	0.00906	0.00805	0.00503	0.01208	0.01208	0.01611	0.02618	0.05436	0.03020	0.70804	0.04228	0.00805	0.00805	0.01208	0.00503	0.00503
20	0.01164	0.00849	0.01095	0.01033	0.01234	0.00779	0.00775	0.01546	0.02325	0.03268	0.61855	0.06310	0.11207	0.01722	0.00980	0.00262	0.00394	0.01517	0.00906	0.00779
21	0.02056	0.01974	0.03372	0.05099	0.65622	0.01974	0.02550	0.02550	0.01892	0.02714	0.01563	0.02056	0.01316	0.00740	0.00822	0.00247	0.00987	0.00740	0.00411	0.01316
22	0.02976	0.06959	0.02640	0.02210	0.02682	0.59547	0.06207	0.03229	0.02294	0.02077	0.01308	0.01547	0.01084	0.00838	0.00757	0.00217	0.01462	0.00564	0.00424	0.00980
23	0.01002	0.00842	0.00870	0.00863	0.01134	0.00710	0.00647	0.01231	0.01941	0.02357	0.14331	0.07808	0.59299	0.02062	0.00982	0.00279	0.00418	0.01727	0.00786	0.00710
24	0.01973	0.02146	0.04361	0.03780	0.18703	0.02104	0.43776	0.02585	0.01892	0.02624	0.01608	0.02165	0.01261	0.00767	0.01075	0.00279	0.06433	0.00904	0.00414	0.01151
25	0.01070	0.00775	0.00932	0.01022	0.01108	0.00722	0.00671	0.01198	0.01578	0.02062	0.07807	0.37267	0.16071	0.21555	0.01928	0.00454	0.00557	0.01882	0.00703	0.00637
26	0.01153	0.00782	0.00922	0.00976	0.00990	0.00769	0.00578	0.01194	0.01315	0.01754	0.03167	0.23582	0.03713	0.51713	0.03342	0.00674	0.00715	0.01531	0.00578	0.00551
27	0.01221	0.00879	0.01282	0.01282	0.01435	0.01013	0.00995	0.01526	0.01374	0.02039	0.02271	0.03248	0.02082	0.05734	0.61196	0.01227	0.02052	0.00879	0.07520	0.00745
28	0.02606	0.03665	0.17720	0.02635	0.12419	0.39104	0.02095	0.05654	0.02210	0.02419	0.01407	0.01666	0.01118	0.00829	0.00773	0.00232	0.01330	0.00594	0.00425	0.01099
29	0.03101	0.02739	0.02187	0.01868	0.02389	0.31278	0.01457	0.11672	0.12601	0.19025	0.02227	0.02163	0.01605	0.00963	0.00798	0.00241	0.01082	0.00706	0.00703	0.01195
30	0.02799	0.03452	0.02399	0.02150	0.02476	0.52080	0.01655	0.03005	0.02098	0.02025	0.01238	0.01574	0.01075	0.00998	0.01218	0.00249	0.17565	0.00581	0.00413	0.00950
31	0.01783	0.18412	0.53409	0.02168	0.03287	0.02215	0.02722	0.02601	0.01740	0.02488	0.01420	0.01665	0.01055	0.00773	0.00735	0.00245	0.01156	0.00578	0.00352	0.01194
32	0.06525	0.02555	0.02777	0.03331	0.30273	0.19036	0.01977	0.17754	0.02487	0.03219	0.01577	0.01859	0.01255	0.00836	0.00789	0.00239	0.01083	0.00674	0.00525	0.01227
33	0.02056	0.01974	0.03372	0.05099	0.65622	0.01974	0.02550	0.02550	0.01892	0.02714	0.01563	0.02056	0.01316	0.00740	0.00822	0.00247	0.00987	0.00740	0.00411	0.01316

[dist]
# distance from previous block
# <min> <max>
0	22

[block]
# block no. 1 follows, 22 sequences, length 58
# corresponding to MSA columns:
# 56-113
name=unknown_B
#
# <colnr> <probs for GDERKNQSTAVLIFYWHMCP>
#	G	D	E	R	K	N	Q	S	T	A	V	L	I	F	Y	W	H	M	C	P
0	0.03103	0.03959	0.02354	0.02140	0.02568	0.67469	0.01605	0.03317	0.02354	0.02033	0.01284	0.01498	0.01070	0.00856	0.00749	0.00214	0.01498	0.00535	0.00428	0.00963
1	0.03103	0.03959	0.02354	0.02140	0.02568	0.67469	0.01605	0.03317	0.02354	0.02033	0.01284	0.01498	0.01070	0.00856	0.00749	0.00214	0.01498	0.00535	0.00428	0.00963
2	0.01141	0.00822	0.01079	0.01069	0.01233	0.00761	0.00781	0.01480	0.02189	0.03073	0.52242	0.19885	0.07338	0.01891	0.00997	0.00278	0.00411	0.01686	0.00884	0.00761
3	0.01329	0.00883	0.01160	0.01071	0.01294	0.00810	0.00810	0.01717	0.02353	0.07112	0.61461	0.06002	0.07491	0.01658	0.00971	0.00261	0.00411	0.01462	0.00921	0.00822
4	0.01027	0.00733	0.00981	0.01173	0.01228	0.00687	0.00796	0.01182	0.01605	0.02137	0.04571	0.67552	0.05463	0.02589	0.01064	0.00339	0.00495	0.04928	0.00771	0.00679
5	0.03158	0.02327	0.02493	0.01911	0.02576	0.02576	0.01579	0.62852	0.03906	0.05236	0.01995	0.01995	0.01413	0.00997	0.00831	0.00249	0.00914	0.00748	0.00831	0.01413
6	0.01176	0.00849	0.01110	0.01045	0.01241	0.00784	0.00784	0.01568	0.02352	0.03331	0.65184	0.06206	0.07839	0.01698	0.00980	0.00261	0.00392	0.01502	0.00914	0.00784
7	0.01339	0.00956	0.01339	0.01530	0.01721	0.00956	0.01339	0.01721	0.01912	0.02486	0.04399	0.09371	0.04781	0.02295	0.01147	0.00382	0.00765	0.60031	0.00765	0.00765
8	0.03190	0.02275	0.02461	0.01887	0.02550	0.02499	0.01559	0.59499	0.03819	0.08712	0.02068	0.02042	0.01449	0.00999	0.00831	0.00250	0.00902	0.00753	0.00842	0.01413
9	0.02816	0.25897	0.03005	0.01906	0.02426	0.46562	0.01545	0.03047	0.02137	0.02008	0.01242	0.01444	0.01069	0.00809	0.00679	0.00202	0.01300	0.00505	0.00404	0.00997
10	0.01012	0.00723	0.00964	0.01157	0.01205	0.00675	0.00771	0.01157	0.01591	0.02121	0.04579	0.70262	0.05495	0.02603	0.01060	0.00337	0.00482	0.02362	0.00771	0.00675
11	0.01549	0.00774	0.00774	0.00774	0.00968	0.00774	0.00581	0.01936	0.01742	0.03097	0.02710	0.03097	0.02129	0.00968	0.00581	0.00194	0.00387	0.00774	0.75416	0.00774
12	0.01723	0.01477	0.01723	0.01230	0.01969	0.01107	0.00984	0.02092	0.01723	0.02707	0.01477	0.01723	0.01230	0.00615	0.00615	0.00123	0.00615	0.00492	0.00492	0.75883
13	0.01075	0.00845	0.00971	0.00940	0.01179	0.00741	0.00705	0.01373	0.02114	0.02768	0.35783	0.07132	0.37591	0.01908	0.00981	0.00271	0.00407	0.01632	0.00840	0.00741
14	0.72702	0.01596	0.01259	0.01113	0.01635	0.01829	0.00917	0.02529	0.01466	0.07128	0.01272	0.01430	0.00963	0.00785	0.00532	0.00257	0.00646	0.00471	0.00542	0.00928
15	0.02056	0.01974	0.03372	0.05099	0.65622	0.01974	0.02550	0.02550	0.01892	0.02714	0.01563	0.02056	0.01316	0.00740	0.00822	0.00247	0.00987	0.00740	0.00411	0.01316
16	0.03727	0.01414	0.01928	0.01478	0.02121	0.01221	0.01221	0.04049	0.02378	0.66198	0.03277	0.02828	0.02056	0.01028	0.00835	0.00257	0.00707	0.00835	0.01028	0.01414
17	0.00982	0.00842	0.00842	0.00842	0.01122	0.00701	0.00631	0.01192	0.01894	0.02244	0.08416	0.07995	0.65285	0.02104	0.00982	0.00281	0.00421	0.01753	0.00771	0.00701
18	0.03103	0.03959	0.02354	0.02140	0.02568	0.67469	0.01605	0.03317	0.02354	0.02033	0.01284	0.01498	0.01070	0.00856	0.00749	0.00214	0.01498	0.00535	0.00428	0.00963
19	0.01716	0.04003	0.58514	0.02713	0.11443	0.01935	0.03004	0.02621	0.01771	0.02641	0.01500	0.01792	0.01086	0.00783	0.00793	0.00261	0.01197	0.00630	0.00358	0.01239
20	0.02056	0.01974	0.03372	0.05099	0.65622	0.01974	0.02550	0.02550	0.01892	0.02714	0.01563	0.02056	0.01316	0.00740	0.00822	0.00247	0.00987	0.00740	0.00411	0.01316
21	0.01751	0.01726	0.02530	0.20073	0.03132	0.02357	0.01949	0.02032	0.01377	0.02032	0.01194	0.01924	0.01095	0.01287	0.02217	0.00340	0.50976	0.00730	0.00365	0.00913
22	0.01052	0.00747	0.00945	0.01085	0.01136	0.00704	0.00706	0.01170	0.01526	0.02019	0.04377	0.52902	0.08343	0.17139	0.01732	0.00434	0.00548	0.02081	0.00714	0.00640
23	0.00982	0.00842	0.00842	0.00842	0.01122	0.00701	0.00631	0.01192	0.01894	0.02244	0.08416	0.07995	0.65285	0.02104	0.00982	0.00281	0.00421	0.01753	0.00771	0.00701
24	0.01041	0.00844	0.00923	0.00903	0.01158	0.00726	0.00678	0.01306	0.02033	0.02574	0.25663	0.07451	0.47832	0.01981	0.00981	0.00275	0.00412	0.01677	0.00815	0.00726
25	0.00982	0.00842	0.00842	0.00842	0.01122	0.00701	0.00631	0.01192	0.01894	0.02244	0.08416	0.07995	0.65285	0.02104	0.00982	0.00281	0.00421	0.01753	0.00771	0.00701
26	0.02221	0.71304	0.04353	0.01421	0.02132	0.03287	0.01421	0.02488	0.01688	0.01955	0.01155	0.01333	0.01066	0.00711	0.00533	0.00178	0.00888	0.00444	0.00355	0.01066
27	0.03103	0.03959	0.02354	0.02140	0.02568	0.67469	0.01605	0.03317	0.02354	0.02033	0.01284	0.01498	0.01070	0.00856	0.00749	0.00214	0.01498	0.00535	0.00428	0.00963
28	0.02056	0.01974	0.03372	0.05099	0.65622	0.01974	0.02550	0.02550	0.01892	0.02714	0.01563	0.02056	0.01316	0.00740	0.00822	0.00247	0.00987	0.00740	0.00411	0.01316
29	0.03158	0.02327	0.02493	0.01911	0.02576	0.02576	0.01579	0.62852	0.03906	0.05236	0.01995	0.01995	0.01413	0.00997	0.00831	0.00249	0.00914	0.00748	0.00831	0.01413
30	0.02056	0.01974	0.03372	0.05099	0.65622	0.01974	0.02550	0.02550	0.01892	0.02714	0.01563	0.02056	0.01316	0.00740	0.00822	0.00247	0.00987	0.00740	0.00411	0.01316
31	0.00982	0.00842	0.00842	0.00842	0.01122	0.00701	0.00631	0.01192	0.01894	0.02244	0.08416	0.07995	0.65285	0.02104	0.00982	0.00281	0.00421	0.01753	0.00771	0.00701
32	0.03106	0.03870	0.02362	0.02128	0.02569	0.63937	0.01604	0.06558	0.02439	0.02207	0.01323	0.01525	0.01089	0.00864	0.00754	0.00216	0.01466	0.00547	0.00450	0.00988
33	0.00984	0.00835	0.00848	0.00859	0.01127	0.00700	0.00639	0.01190	0.01876	0.02237	0.08199	0.11512	0.61908	0.02132	0.00986	0.00284	0.00424	0.01788	0.00771	0.00700
34	0.01149	0.00808	0.00896	0.00907	0.00969	0.00776	0.00546	0.01202	0.01376	0.01775	0.03968	0.09679	0.16458	0.52244	0.03354	0.00667	0.00705	0.01390	0.00576	0.00555
35	0.02056	0.01974	0.03372	0.05099	0.65622	0.01974	0.02550	0.02550	0.01892	0.02714	0.01563	0.02056	0.01316	0.00740	0.00822	0.00247	0.00987	0.00740	0.00411	0.01316
36	0.01002	0.00842	0.00870	0.00863	0.01135	0.00710	0.00647	0.01232	0.01942	0.02358	0.14383	0.07807	0.59247	0.02061	0.00982	0.00279	0.00418	0.01727	0.00786	0.00710
37	0.01012	0.00723	0.00964	0.01157	0.01205	0.00675	0.00771	0.01157	0.01591	0.02121	0.04579	0.70262	0.05495	0.02603	0.01060	0.00337	0.00482	0.02362	0.00771	0.00675
38	0.01728	0.01639	0.02778	0.48055	0.25234	0.01887	0.02386	0.02262	0.01736	0.02315	0.01505	0.02163	0.01175	0.00801	0.00828	0.00267	0.01068	0.00739	0.00383	0.01051
39	0.25570	0.02192	0.10064	0.03045	0.22556	0.01988	0.14869	0.05261	0.01831	0.03126	0.01471	0.01836	0.01148	0.00759	0.00756	0.00259	0.00990	0.00686	0.00458	0.01137
40	0.02885	0.01864	0.02177	0.01732	0.02275	0.02023	0.01420	0.37188	0.03027	0.17550	0.02269	0.02382	0.01650	0.01918	0.12313	0.00442	0.04032	0.00790	0.00787	0.01277
41	0.03103	0.03959	0.02354	0.02140	0.02568	0.67469	0.01605	0.03317	0.02354	0.02033	0.01284	0.01498	0.01070	0.00856	0.00749	0.00214	0.01498	0.00535	0.00428	0.00963
42	0.01104	0.00842	0.01028	0.01097	0.01292	0.00767	0.00843	0.01373	0.01925	0.02489	0.18209	0.21248	0.27964	0.02169	0.01034	0.00311	0.00502	0.14278	0.00799	0.00726
43	0.05859	0.01757	0.09231	0.01704	0.02216	0.04303	0.14238	0.04762	0.01927	0.02761	0.03752	0.07470	0.18248	0.01260	0.00835	0.00257	0.00800	0.01111	0.16591	0.00919
44	0.02912	0.02247	0.02332	0.01854	0.02452	0.05254	0.01505	0.50203	0.10463	0.04722	0.02265	0.05952	0.01754	0.01096	0.00842	0.00256	0.00887	0.00851	0.00812	0.01340
45	0.01779	0.01737	0.02728	0.47909	0.22119	0.05123	0.02339	0.02300	0.01759	0.02282	0.01491	0.02136	0.01163	0.00807	0.00824	0.00265	0.01093	0.00729	0.00384	0.01033
46	0.01994	0.02088	0.02912	0.02525	0.08192	0.11735	0.18276	0.05483	0.02022	0.02648	0.12253	0.02941	0.05449	0.01144	0.01313	0.00281	0.16262	0.00948	0.00528	0.01006
47	0.01462	0.01346	0.01267	0.01357	0.01497	0.12210	0.00948	0.04146	0.01820	0.02238	0.03904	0.55572	0.04563	0.02235	0.00997	0.00312	0.00675	0.01980	0.00715	0.00756
48	0.01309	0.00878	0.01157	0.01094	0.01307	0.00809	0.00831	0.01685	0.02299	0.06511	0.56506	0.09051	0.07295	0.01731	0.00983	0.00270	0.00429	0.04137	0.00907	0.00811
49	0.01903	0.24895	0.33834	0.02313	0.03295	0.02392	0.15266	0.02592	0.01777	0.02425	0.01426	0.01726	0.01101	0.00746	0.00750	0.00240	0.01158	0.00639	0.00367	0.01154
50	0.02212	0.02225	0.15655	0.01689	0.02305	0.01852	0.01609	0.26774	0.06096	0.03751	0.02144	0.02383	0.01627	0.01541	0.08251	0.00364	0.01001	0.00752	0.16614	0.01156
51	0.01165	0.00783	0.00868	0.00928	0.01087	0.00722	0.00650	0.01384	0.01696	0.02379	0.05147	0.25990	0.23839	0.08128	0.01190	0.00322	0.00465	0.01631	0.20932	0.00695
52	0.06305	0.04572	0.02083	0.02410	0.22398	0.01419	0.01421	0.02370	0.01897	0.15939	0.03832	0.04056	0.18888	0.07468	0.01144	0.00306	0.00734	0.01046	0.00651	0.01062
53	0.06889	0.02250	0.02659	0.03318	0.32193	0.15799	0.01917	0.03109	0.04893	0.16088	0.01925	0.02107	0.01452	0.00845	0.00793	0.00244	0.01002	0.00709	0.00571	0.01237
54	0.02050	0.05212	0.03066	0.21708	0.39578	0.09347	0.02327	0.02518	0.01872	0.02444	0.01490	0.02003	0.01221	0.00776	0.00803	0.00248	0.01072	0.00703	0.00399	0.01159
55	0.02737	0.02948	0.02329	0.04848	0.09598	0.36643	0.01625	0.13427	0.06011	0.02845	0.01693	0.01909	0.01337	0.00892	0.00765	0.00228	0.01177	0.00647	0.07258	0.01082
56	0.14956	0.16207	0.05071	0.04010	0.02095	0.15895	0.01298	0.02419	0.04927	0.02486	0.03085	0.03435	0.15220	0.01177	0.00748	0.00247	0.00880	0.04375	0.00538	0.00932
57	0.01651	0.02129	0.18333	0.01633	0.02219	0.01603	0.01579	0.02982	0.27774	0.03088	0.16678	0.03965	0.10326	0.01271	0.00875	0.00272	0.00722	0.01067	0.00724	0.01110

[dist]
# distance from previous block
# <min> <max>
28	81

[block]
# block no. 2 follows, 22 sequences, length 92
# corresponding to MSA columns:
# 211-302
name=unknown_C
#
# <colnr> <probs for GDERKNQSTAVLIFYWHMCP>
#	G	D	E	R	K	N	Q	S	T	A	V	L	I	F	Y	W	H	M	C	P
0	0.02393	0.02640	0.02565	0.03135	0.27460	0.28060	0.01852	0.05213	0.04843	0.02521	0.02359	0.02579	0.08857	0.00975	0.00813	0.00239	0.01107	0.00787	0.00496	0.01106
1	0.01643	0.04906	0.10380	0.01455	0.01981	0.03995	0.04581	0.05253	0.01796	0.02486	0.02839	0.03498	0.11075	0.13656	0.05331	0.00383	0.00892	0.00902	0.04956	0.17994
2	0.02454	0.02230	0.01960	0.01652	0.02125	0.17133	0.01301	0.27584	0.05579	0.03624	0.10586	0.03553	0.14148	0.01261	0.00859	0.00250	0.00885	0.00985	0.00736	0.01095
3	0.09150	0.08538	0.02183	0.01885	0.06735	0.16385	0.01393	0.06073	0.11026	0.04778	0.05356	0.02417	0.01897	0.01960	0.13378	0.00450	0.04064	0.00742	0.00558	0.01030
4	0.05811	0.01906	0.02220	0.02428	0.17743	0.05763	0.01549	0.22795	0.07133	0.03485	0.02936	0.06753	0.10253	0.04312	0.00996	0.00283	0.00840	0.00977	0.00663	0.01154
5	0.01066	0.00774	0.01036	0.01170	0.01253	0.00762	0.00817	0.01243	0.01549	0.02074	0.04242	0.48026	0.08228	0.07283	0.13736	0.00551	0.00835	0.03981	0.00694	0.00682
6	0.01652	0.02258	0.20810	0.01666	0.02297	0.01637	0.01653	0.02986	0.27543	0.02978	0.10116	0.03939	0.14434	0.01269	0.00868	0.00274	0.00755	0.01053	0.00692	0.01119
7	0.01833	0.01853	0.05353	0.06882	0.09618	0.13697	0.01407	0.02198	0.08096	0.02162	0.02571	0.08217	0.08057	0.01702	0.01531	0.21647	0.00900	0.00939	0.00503	0.00833
8	0.02475	0.02027	0.05634	0.01705	0.02296	0.02006	0.01434	0.38403	0.06160	0.04202	0.05172	0.11309	0.02262	0.01193	0.00841	0.00249	0.00802	0.00969	0.00761	0.10098
9	0.06246	0.07561	0.09079	0.02735	0.21072	0.16924	0.01826	0.05646	0.01992	0.02570	0.02028	0.14620	0.01981	0.01135	0.00809	0.00254	0.01004	0.00947	0.00500	0.01069
10	0.02219	0.34891	0.21535	0.02049	0.07322	0.02679	0.01999	0.13317	0.02118	0.02788	0.01430	0.01624	0.01143	0.00786	0.00680	0.00220	0.00996	0.00568	0.00443	0.01192
11	0.02880	0.02130	0.14129	0.01679	0.02452	0.01577	0.01590	0.13965	0.02417	0.31988	0.02390	0.02279	0.01605	0.00904	0.00787	0.00233	0.00826	0.00717	0.00770	0.14683
12	0.01292	0.01059	0.01391	0.01380	0.01543	0.04702	0.01070	0.01585	0.01391	0.01934	0.02173	0.03166	0.02021	0.05934	0.63830	0.01273	0.02185	0.00870	0.00444	0.00754
13	0.02175	0.02622	0.10258	0.06418	0.22407	0.20348	0.01988	0.05871	0.02106	0.02551	0.02446	0.02979	0.08730	0.01046	0.00836	0.00253	0.01086	0.04300	0.00492	0.01087
14	0.01205	0.00807	0.01002	0.01094	0.01250	0.00722	0.00766	0.01380	0.01732	0.06894	0.05534	0.48208	0.21628	0.02350	0.01022	0.00316	0.00482	0.02082	0.00790	0.00737
15	0.01207	0.00810	0.00930	0.00930	0.00938	0.00818	0.00533	0.01223	0.01215	0.01628	0.02596	0.05317	0.02968	0.67249	0.07713	0.00835	0.00884	0.01191	0.00500	0.00516
16	0.01967	0.02178	0.04546	0.03664	0.13264	0.02107	0.50392	0.02608	0.01913	0.02632	0.01631	0.02190	0.01259	0.00748	0.01053	0.00280	0.05083	0.00931	0.00416	0.01138
17	0.02610	0.11317	0.05424	0.02821	0.19169	0.36486	0.01876	0.03047	0.05390	0.02304	0.01461	0.01721	0.01211	0.00820	0.00750	0.00224	0.01236	0.00603	0.00434	0.01098
18	0.01799	0.03614	0.45332	0.05457	0.08297	0.04382	0.14178	0.02635	0.01821	0.02600	0.01524	0.01877	0.01114	0.00773	0.00828	0.00264	0.01248	0.00694	0.00372	0.01192
19	0.01549	0.00774	0.00774	0.00774	0.00968	0.00774	0.00581	0.01936	0.01742	0.03097	0.02710	0.03097	0.02129	0.00968	0.00581	0.00194	0.00387	0.00774	0.75416	0.00774
20	0.02811	0.03157	0.02397	0.02079	0.02569	0.40585	0.04756	0.11222	0.16752	0.02812	0.01879	0.01970	0.01462	0.00928	0.00794	0.00238	0.01224	0.00679	0.00576	0.01110
21	0.02951	0.03670	0.02502	0.02571	0.11743	0.57939	0.01743	0.03206	0.02287	0.02132	0.01325	0.01579	0.01106	0.00839	0.00760	0.00219	0.01424	0.00565	0.00426	0.01014
22	0.02294	0.47450	0.14362	0.01715	0.02459	0.15123	0.01731	0.02667	0.01824	0.02082	0.01235	0.01434	0.01065	0.00751	0.00616	0.00199	0.01060	0.00490	0.00368	0.01074
23	0.01012	0.00723	0.00964	0.01157	0.01205	0.00675	0.00771	0.01157	0.01591	0.02121	0.04579	0.70262	0.05495	0.02603	0.01060	0.00337	0.00482	0.02362	0.00771	0.00675
24	0.02113	0.02082	0.03316	0.04937	0.62172	0.05557	0.02498	0.02592	0.01917	0.02677	0.01547	0.02026	0.01302	0.00747	0.00818	0.00245	0.01015	0.00729	0.00412	0.01297
25	0.14975	0.13239	0.31301	0.09929	0.06242	0.02047	0.02189	0.02433	0.01687	0.02646	0.01762	0.02030	0.04561	0.00849	0.00719	0.00251	0.01003	0.00643	0.00409	0.01085
26	0.01128	0.00861	0.01145	0.01252	0.01290	0.00910	0.00868	0.01262	0.01513	0.02054	0.03964	0.55487	0.04718	0.09475	0.01583	0.00389	0.08671	0.02049	0.00695	0.00685
27	0.00996	0.00786	0.00899	0.00990	0.01161	0.00689	0.00697	0.01176	0.01751	0.02186	0.06609	0.37319	0.37128	0.02339	0.01019	0.00307	0.00450	0.02040	0.00771	0.00689
28	0.03031	0.03976	0.05561	0.02152	0.02620	0.64192	0.01678	0.03283	0.02324	0.02063	0.01294	0.01511	0.01069	0.00853	0.00751	0.00216	0.01485	0.00539	0.00424	0.00976
29	0.02258	0.02356	0.03176	0.04530	0.53484	0.14582	0.02368	0.02697	0.01981	0.02583	0.01509	0.01949	0.01269	0.00762	0.00808	0.00240	0.01085	0.00701	0.00414	0.01248
30	0.01012	0.00723	0.00964	0.01157	0.01205	0.00675	0.00771	0.01157	0.01591	0.02121	0.04579	0.70262	0.05495	0.02603	0.01060	0.00337	0.00482	0.02362	0.00771	0.00675
31	0.01266	0.00935	0.01196	0.01158	0.01199	0.01052	0.00788	0.01367	0.01250	0.01739	0.02350	0.04459	0.02558	0.45749	0.21509	0.00905	0.08367	0.01070	0.00473	0.00612
32	0.01157	0.00933	0.01167	0.01378	0.05960	0.00882	0.00894	0.01513	0.06367	0.02307	0.05564	0.39255	0.25154	0.02188	0.01000	0.00307	0.00511	0.01932	0.00750	0.00778
33	0.02221	0.71304	0.04353	0.01421	0.02132	0.03287	0.01421	0.02488	0.01688	0.01955	0.01155	0.01333	0.01066	0.00711	0.00533	0.00178	0.00888	0.00444	0.00355	0.01066
34	0.02030	0.01948	0.03326	0.08463	0.62459	0.01967	0.02537	0.02527	0.01879	0.02683	0.01558	0.02064	0.01305	0.00745	0.00823	0.00248	0.00993	0.00740	0.00409	0.01295
35	0.01569	0.01477	0.02492	0.68808	0.05722	0.01846	0.02307	0.02123	0.01661	0.02123	0.01477	0.02215	0.01107	0.00831	0.00831	0.00277	0.01107	0.00738	0.00369	0.00923
36	0.01187	0.00890	0.01335	0.01335	0.01483	0.01038	0.01038	0.01483	0.01335	0.01928	0.02225	0.03264	0.02077	0.06231	0.67512	0.01335	0.02225	0.00890	0.00445	0.00742
37	0.01569	0.01477	0.02492	0.68808	0.05722	0.01846	0.02307	0.02123	0.01661	0.02123	0.01477	0.02215	0.01107	0.00831	0.00831	0.00277	0.01107	0.00738	0.00369	0.00923
38	0.01062	0.00845	0.00952	0.00925	0.01171	0.00735	0.00694	0.01347	0.02082	0.02692	0.31810	0.07258	0.41612	0.01937	0.00981	0.00273	0.00409	0.01650	0.00830	0.00735
39	0.01208	0.00805	0.00906	0.00906	0.00906	0.00805	0.00503	0.01208	0.01208	0.01611	0.02618	0.05436	0.03020	0.70804	0.04228	0.00805	0.00805	0.01208	0.00503	0.00503
40	0.02143	0.01945	0.01914	0.01724	0.02190	0.06904	0.01336	0.04333	0.59553	0.03369	0.03226	0.02981	0.02428	0.01107	0.00838	0.00277	0.00720	0.00909	0.00814	0.01289
41	0.01005	0.00842	0.00873	0.00866	0.01136	0.00711	0.00649	0.01237	0.01948	0.02373	0.15145	0.07783	0.58475	0.02056	0.00982	0.00278	0.00417	0.01724	0.00788	0.00711
42	0.01010	0.00732	0.00955	0.01133	0.01199	0.00677	0.00761	0.01159	0.01613	0.02130	0.04863	0.65657	0.09917	0.02566	0.01055	0.00333	0.00477	0.02317	0.00771	0.00677
43	0.03109	0.03792	0.02368	0.02117	0.02569	0.60801	0.01602	0.09435	0.02514	0.02362	0.01357	0.01549	0.01105	0.00871	0.00757	0.00218	0.01438	0.00557	0.00469	0.01009
44	0.02056	0.01974	0.03372	0.05099	0.65622	0.01974	0.02550	0.02550	0.01892	0.02714	0.01563	0.02056	0.01316	0.00740	0.00822	0.00247	0.00987	0.00740	0.00411	0.01316
45	0.01284	0.00793	0.00994	0.01051	0.01188	0.00821	0.00770	0.01573	0.01579	0.02467	0.03124	0.23107	0.03114	0.02984	0.20181	0.00568	0.00950	0.01280	0.31437	0.00735
46	0.01569	0.01477	0.02492	0.68808	0.05722	0.01846	0.02307	0.02123	0.01661	0.02123	0.01477	0.02215	0.01107	0.00831	0.00831	0.00277	0.01107	0.00738	0.00369	0.00923
47	0.01833	0.01888	0.06350	0.04149	0.50106	0.01732	0.02217	0.02299	0.01884	0.02621	0.02847	0.03156	0.13324	0.00999	0.00851	0.00254	0.00894	0.00924	0.00476	0.01196
48	0.01903	0.05775	0.01771	0.01512	0.01823	0.21537	0.01168	0.05395	0.01902	0.02186	0.02988	0.03483	0.13008	0.05966	0.25171	0.00658	0.01475	0.00916	0.00517	0.00847
49	0.01187	0.00890	0.01335	0.01335	0.01483	0.01038	0.01038	0.01483	0.01335	0.01928	0.02225	0.03264	0.02077	0.06231	0.67512	0.01335	0.02225	0.00890	0.00445	0.00742
50	0.01723	0.01477	0.01723	0.01230	0.01969	0.01107	0.00984	0.02092	0.01723	0.02707	0.01477	0.01723	0.01230	0.00615	0.00615	0.00123	0.00615	0.00492	0.00492	0.75883
51	0.03000	0.03635	0.02469	0.02427	0.09048	0.55939	0.01700	0.07642	0.02421	0.02340	0.01365	0.01592	0.01121	0.00855	0.00763	0.00220	0.01402	0.00572	0.00456	0.01033
52	0.01176	0.00849	0.01110	0.01045	0.01241	0.00784	0.00784	0.01568	0.02352	0.03331	0.65184	0.06206	0.07839	0.01698	0.00980	0.00261	0.00392	0.01502	0.00914	0.00784
53	0.01615	0.04361	0.01789	0.01565	0.01773	0.08241	0.01245	0.05023	0.01582	0.02124	0.01920	0.02741	0.01764	0.04533	0.45671	0.00984	0.10978	0.00806	0.00449	0.00836
54	0.01023	0.00843	0.00899	0.00885	0.01148	0.00719	0.00664	0.01272	0.01991	0.02476	0.20542	0.07613	0.53014	0.02017	0.00981	0.00276	0.00415	0.01700	0.00802	0.00719
55	0.01666	0.04297	0.66500	0.02368	0.03596	0.01929	0.03069	0.02631	0.01754	0.02631	0.01491	0.01754	0.01052	0.00789	0.00789	0.00263	0.01228	0.00614	0.00351	0.01228
56	0.03103	0.03959	0.02354	0.02140	0.02568	0.67469	0.01605	0.03317	0.02354	0.02033	0.01284	0.01498	0.01070	0.00856	0.00749	0.00214	0.01498	0.00535	0.00428	0.00963
57	0.13017	0.16505	0.02581	0.01859	0.02353	0.46214	0.01473	0.03039	0.02098	0.02250	0.01242	0.01446	0.01046	0.00817	0.00676	0.00213	0.01264	0.00506	0.00426	0.00974
58	0.02021	0.01915	0.03130	0.09407	0.53669	0.01975	0.02385	0.02739	0.09251	0.02761	0.01772	0.02192	0.01445	0.00793	0.00826	0.00253	0.00957	0.00764	0.00460	0.01287
59	0.01035	0.00733	0.00957	0.01127	0.01170	0.00690	0.00739	0.01163	0.01545	0.02060	0.04346	0.62578	0.05201	0.10687	0.01436	0.00393	0.00520	0.02225	0.00739	0.00654
60	0.01360	0.01147	0.01214	0.03558	0.01515	0.07666	0.00944	0.01531	0.01629	0.02044	0.03574	0.32037	0.04093	0.20615	0.01887	0.00457	0.00748	0.12648	0.00649	0.00684
61	0.01012	0.00723	0.00964	0.01157	0.01205	0.00675	0.00771	0.01157	0.01591	0.02121	0.04579	0.70262	0.05495	0.02603	0.01060	0.00337	0.00482	0.02362	0.00771	0.00675
62	0.02149	0.01729	0.01952	0.01433	0.02149	0.01544	0.01161	0.20150	0.02372	0.03459	0.01630	0.01803	0.01285	0.00729	0.00679	0.00161	0.00704	0.00568	0.00593	0.53751
63	0.02105	0.01543	0.01654	0.01376	0.01823	0.01592	0.01090	0.29811	0.02792	0.05984	0.04782	0.07403	0.27558	0.05331	0.01087	0.00296	0.00683	0.01249	0.00794	0.01045
64	0.01208	0.00805	0.00906	0.00906	0.00906	0.00805	0.00503	0.01208	0.01208	0.01611	0.02618	0.05436	0.03020	0.70804	0.04228	0.00805	0.00805	0.01208	0.00503	0.00503
65	0.01193	0.00866	0.01214	0.01214	0.01320	0.00972	0.00887	0.01406	0.01299	0.01839	0.02336	0.03878	0.02344	0.24504	0.49604	0.01185	0.01823	0.00980	0.00462	0.00674
66	0.01840	0.07278	0.53870	0.02465	0.06749	0.01968	0.05427	0.02698	0.01801	0.06081	0.01584	0.01829	0.01131	0.00792	0.00789	0.00258	0.01177	0.00640	0.00394	0.01230
67	0.01371	0.01062	0.01138	0.01228	0.04837	0.04830	0.00690	0.01413	0.01317	0.01701	0.02476	0.05003	0.02804	0.62506	0.03820	0.00737	0.00857	0.01140	0.00493	0.00579
68	0.01194	0.00861	0.01188	0.01188	0.01286	0.00959	0.00855	0.01389	0.01292	0.01820	0.02359	0.04007	0.02400	0.28335	0.45849	0.01154	0.01739	0.00999	0.00465	0.00660
69	0.01961	0.02241	0.04902	0.03501	0.04342	0.02101	0.62605	0.02661	0.01961	0.02661	0.01681	0.02241	0.01261	0.00700	0.00980	0.00280	0.01401	0.00980	0.00420	0.01120
70	0.02305	0.02531	0.03200	0.08784	0.36084	0.20514	0.09383	0.02748	0.02014	0.02471	0.01491	0.01932	0.01224	0.00775	0.00821	0.00244	0.01190	0.00710	0.00414	0.01164
71	0.01201	0.00835	0.01054	0.01054	0.01105	0.00886	0.00688	0.01303	0.01252	0.01720	0.02482	0.04686	0.02695	0.48515	0.26073	0.00988	0.01295	0.01098	0.00483	0.00586
72	0.76672	0.01607	0.01221	0.01092	0.01607	0.01864	0.00900	0.02442	0.01414	0.03727	0.01157	0.01350	0.00900	0.00771	0.00514	0.00257	0.00643	0.00450	0.00514	0.00900
73	0.01187	0.00890	0.01335	0.01335	0.01483	0.01038	0.01038	0.01483	0.01335	0.01928	0.02225	0.03264	0.02077	0.06231	0.67512	0.01335	0.02225	0.00890	0.00445	0.00742
74	0.01983	0.01878	0.03185	0.07509	0.58382	0.01893	0.02450	0.02470	0.01883	0.02672	0.01769	0.02604	0.01563	0.00859	0.00847	0.00258	0.00976	0.05125	0.00436	0.01259
75	0.02074	0.01571	0.02012	0.01546	0.02130	0.01447	0.04397	0.09545	0.02015	0.10091	0.02023	0.08692	0.01756	0.00991	0.00936	0.00206	0.07409	0.00795	0.00605	0.39760
76	0.01549	0.00774	0.00774	0.00774	0.00968	0.00774	0.00581	0.01936	0.01742	0.03097	0.02710	0.03097	0.02129	0.00968	0.00581	0.00194	0.00387	0.00774	0.75416	0.00774
77	0.01037	0.00844	0.00918	0.00899	0.01156	0.00725	0.00674	0.01298	0.02023	0.02552	0.24480	0.07489	0.49029	0.01989	0.00981	0.00275	0.00413	0.01682	0.00812	0.00725
78	0.73380	0.01598	0.01253	0.01110	0.01630	0.01835	0.00914	0.02515	0.01457	0.06547	0.01252	0.01416	0.00952	0.00783	0.00529	0.00257	0.00646	0.00467	0.00537	0.00923
79	0.03043	0.03197	0.02315	0.02155	0.06183	0.45214	0.01570	0.09273	0.02486	0.11021	0.04523	0.01971	0.01556	0.00924	0.00784	0.00227	0.01254	0.00652	0.00570	0.01081
80	0.14345	0.01790	0.01868	0.01520	0.02058	0.01935	0.01234	0.30839	0.08605	0.08787	0.06534	0.03189	0.11424	0.01180	0.00813	0.00259	0.00729	0.00917	0.00792	0.01181
81	0.02910	0.01496	0.02063	0.09113	0.07461	0.01375	0.01407	0.03391	0.05549	0.39399	0.02630	0.02518	0.01773	0.00916	0.00795	0.00236	0.00754	0.00762	0.00802	0.14651
82	0.01297	0.00922	0.01294	0.01273	0.01421	0.01075	0.00993	0.01605	0.01413	0.02167	0.02255	0.03144	0.02029	0.04891	0.50239	0.01048	0.05835	0.00857	0.15483	0.00758
83	0.02004	0.02137	0.02982	0.25190	0.21329	0.13577	0.11356	0.02482	0.01909	0.02360	0.01908	0.02389	0.04982	0.00866	0.00846	0.00258	0.01148	0.00800	0.00423	0.01056
84	0.01036	0.00817	0.00906	0.00934	0.01131	0.00718	0.00664	0.01236	0.01825	0.02296	0.14428	0.19204	0.40232	0.09205	0.01330	0.00343	0.00468	0.01779	0.00762	0.00687
85	0.23304	0.01885	0.02243	0.02691	0.24337	0.05021	0.01619	0.13742	0.02191	0.03462	0.06599	0.02452	0.05210	0.00949	0.00754	0.00252	0.00825	0.00762	0.00577	0.01126
86	0.25912	0.01908	0.01767	0.08117	0.02299	0.11792	0.01276	0.12072	0.02108	0.08320	0.05060	0.02198	0.01654	0.01464	0.07569	0.00360	0.01007	0.00683	0.03428	0.01007
87	0.02606	0.15354	0.02543	0.01718	0.02247	0.19930	0.01408	0.24544	0.02775	0.03369	0.10373	0.02570	0.04997	0.01049	0.00780	0.00229	0.00975	0.00780	0.00642	0.01111
88	0.01342	0.01072	0.01237	0.01215	0.01372	0.04128	0.00856	0.01630	0.04874	0.02008	0.02736	0.15730	0.02908	0.25537	0.23348	0.00784	0.01214	0.01212	0.00547	0.06252
89	0.08750	0.30823	0.19607	0.01752	0.02510	0.12051	0.01807	0.05922	0.01932	0.02543	0.04361	0.01736	0.01391	0.00821	0.00667	0.00220	0.01022	0.00569	0.00432	0.01084
90	0.06284	0.22907	0.02339	0.01347	0.01805	0.08592	0.01139	0.02586	0.04465	0.11585	0.04871	0.06109	0.02062	0.01424	0.06013	0.00309	0.00878	0.00775	0.13513	0.00997
91	0.02333	0.04630	0.01960	0.01579	0.02021	0.14655	0.01242	0.17756	0.06249	0.07053	0.17321	0.03202	0.03087	0.04223	0.04638	0.00320	0.00926	0.00906	0.00713	0.05186

[dist]
# distance from previous block
# <min> <max>
12	90

[block]
# block no. 3 follows, 22 sequences, length 6
# corresponding to MSA columns:
# 395-400
name=unknown_D
#
# <colnr> <probs for GDERKNQSTAVLIFYWHMCP>
#	G	D	E	R	K	N	Q	S	T	A	V	L	I	F	Y	W	H	M	C	P
0	0.12995	0.02318	0.11782	0.02100	0.06147	0.11974	0.09366	0.07770	0.02000	0.02825	0.02307	0.16894	0.02268	0.01275	0.00851	0.00277	0.00978	0.04315	0.00556	0.01001
1	0.01623	0.01308	0.01694	0.05814	0.01891	0.05111	0.05383	0.04340	0.01587	0.02095	0.02711	0.03458	0.11549	0.07806	0.02165	0.24938	0.09540	0.00939	0.05351	0.00695
2	0.02526	0.09130	0.02314	0.01971	0.05665	0.38544	0.01427	0.02952	0.08104	0.02197	0.01676	0.02188	0.01486	0.09777	0.01178	0.00288	0.01183	0.00660	0.00475	0.06259
3	0.08410	0.01246	0.01395	0.01303	0.01593	0.01277	0.00987	0.14620	0.02069	0.02934	0.03361	0.22381	0.06721	0.13877	0.01496	0.00382	0.00687	0.08849	0.00695	0.05716
4	0.01877	0.01516	0.01475	0.01345	0.01612	0.11496	0.01002	0.08907	0.01853	0.02476	0.02082	0.09290	0.01945	0.02143	0.08291	0.20685	0.00934	0.00866	0.12124	0.08081
5	0.06520	0.09191	0.02618	0.02406	0.10494	0.43886	0.01695	0.02974	0.02084	0.02196	0.01283	0.01579	0.01094	0.00883	0.00921	0.00232	0.07949	0.00568	0.00418	0.01008

[dist]
# distance from previous block
# <min> <max>
0	2

[block]
# block no. 4 follows, 22 sequences, length 377
# corresponding to MSA columns:
# 403-779
name=unknown_E
#
# <colnr> <probs for GDERKNQSTAVLIFYWHMCP>
#	G	D	E	R	K	N	Q	S	T	A	V	L	I	F	Y	W	H	M	C	P
0	0.01564	0.01083	0.01285	0.01255	0.01445	0.01126	0.00886	0.04656	0.15292	0.05750	0.06887	0.25434	0.03728	0.16704	0.01868	0.07405	0.00636	0.01456	0.00716	0.00824
1	0.02065	0.01835	0.02246	0.16145	0.02904	0.05389	0.01631	0.15235	0.05257	0.02832	0.01675	0.02316	0.01429	0.07516	0.01648	0.00326	0.19934	0.00757	0.00519	0.08342
2	0.05069	0.04669	0.02168	0.06066	0.25670	0.01496	0.01550	0.02082	0.04706	0.02630	0.08829	0.06970	0.19025	0.01281	0.00853	0.00256	0.00720	0.01115	0.00588	0.04260
3	0.19646	0.16887	0.02238	0.09851	0.02322	0.02015	0.01332	0.08403	0.01884	0.02847	0.02648	0.03457	0.09908	0.01196	0.00847	0.00266	0.04274	0.08475	0.00552	0.00950
4	0.12149	0.02461	0.02493	0.12175	0.14271	0.22454	0.04455	0.08045	0.02168	0.09314	0.01630	0.01896	0.01238	0.00844	0.00770	0.00245	0.01104	0.00660	0.00524	0.01105
5	0.01315	0.01111	0.01269	0.06843	0.01771	0.01125	0.00958	0.02076	0.16105	0.02722	0.17570	0.06048	0.34558	0.01696	0.00938	0.00277	0.00527	0.01434	0.00782	0.00875
6	0.02307	0.01904	0.02014	0.01739	0.02252	0.02179	0.01373	0.17323	0.50820	0.03864	0.03075	0.02855	0.02288	0.01098	0.00842	0.00275	0.00714	0.00897	0.00842	0.01337
7	0.03012	0.10913	0.02561	0.02066	0.02523	0.60842	0.01586	0.03232	0.02285	0.02025	0.01271	0.01481	0.01070	0.00841	0.00727	0.00210	0.01435	0.00526	0.00421	0.00974
8	0.01921	0.27159	0.42355	0.02034	0.03049	0.05383	0.02440	0.02613	0.01759	0.02373	0.01367	0.01598	0.01058	0.00766	0.00700	0.00232	0.01124	0.00552	0.00356	0.01160
9	0.02052	0.01986	0.03442	0.05026	0.62826	0.01980	0.05290	0.02555	0.01895	0.02712	0.01568	0.02065	0.01313	0.00738	0.00830	0.00248	0.01006	0.00751	0.00412	0.01307
10	0.02066	0.01785	0.01878	0.01691	0.02160	0.02066	0.01315	0.04414	0.64121	0.03475	0.03381	0.03099	0.02536	0.01127	0.00845	0.00282	0.00657	0.00939	0.00845	0.01315
11	0.01176	0.00849	0.01110	0.01045	0.01241	0.00784	0.00784	0.01568	0.02352	0.03331	0.65184	0.06206	0.07839	0.01698	0.00980	0.00261	0.00392	0.01502	0.00914	0.00784
12	0.01134	0.00848	0.01053	0.01002	0.01216	0.00766	0.00751	0.01487	0.02254	0.03099	0.53033	0.06589	0.20134	0.01785	0.00980	0.00265	0.00398	0.01556	0.00884	0.00766
13	0.01443	0.00722	0.01082	0.01082	0.01082	0.00722	0.00722	0.01082	0.01082	0.01443	0.01443	0.02525	0.01443	0.02886	0.03247	0.75830	0.00722	0.00722	0.00361	0.00361
14	0.01549	0.00774	0.00774	0.00774	0.00968	0.00774	0.00581	0.01936	0.01742	0.03097	0.02710	0.03097	0.02129	0.00968	0.00581	0.00194	0.00387	0.00774	0.75416	0.00774
15	0.03158	0.02327	0.02493	0.01911	0.02576	0.02576	0.01579	0.62852	0.03906	0.05236	0.01995	0.01995	0.01413	0.00997	0.00831	0.00249	0.00914	0.00748	0.00831	0.01413
16	0.03103	0.03959	0.02354	0.02140	0.02568	0.67469	0.01605	0.03317	0.02354	0.02033	0.01284	0.01498	0.01070	0.00856	0.00749	0.00214	0.01498	0.00535	0.00428	0.00963
17	0.02221	0.71304	0.04353	0.01421	0.02132	0.03287	0.01421	0.02488	0.01688	0.01955	0.01155	0.01333	0.01066	0.00711	0.00533	0.00178	0.00888	0.00444	0.00355	0.01066
18	0.01187	0.00890	0.01335	0.01335	0.01483	0.01038	0.01038	0.01483	0.01335	0.01928	0.02225	0.03264	0.02077	0.06231	0.67512	0.01335	0.02225	0.00890	0.00445	0.00742
19	0.01012	0.00723	0.00964	0.01157	0.01205	0.00675	0.00771	0.01157	0.01591	0.02121	0.04579	0.70262	0.05495	0.02603	0.01060	0.00337	0.00482	0.02362	0.00771	0.00675
20	0.01893	0.01107	0.01142	0.01018	0.01312	0.01160	0.00794	0.14974	0.02205	0.03555	0.02557	0.02861	0.01976	0.00974	0.00634	0.00206	0.00500	0.00769	0.59452	0.00911
21	0.01012	0.00723	0.00964	0.01157	0.01205	0.00675	0.00771	0.01157	0.01591	0.02121	0.04579	0.70262	0.05495	0.02603	0.01060	0.00337	0.00482	0.02362	0.00771	0.00675
22	0.03158	0.02327	0.02493	0.01911	0.02576	0.02576	0.01579	0.62852	0.03906	0.05236	0.01995	0.01995	0.01413	0.00997	0.00831	0.00249	0.00914	0.00748	0.00831	0.01413
23	0.03103	0.03959	0.02354	0.02140	0.02568	0.67469	0.01605	0.03317	0.02354	0.02033	0.01284	0.01498	0.01070	0.00856	0.00749	0.00214	0.01498	0.00535	0.00428	0.00963
24	0.03103	0.03959	0.02354	0.02140	0.02568	0.67469	0.01605	0.03317	0.02354	0.02033	0.01284	0.01498	0.01070	0.00856	0.00749	0.00214	0.01498	0.00535	0.00428	0.00963
25	0.01761	0.03639	0.46780	0.02731	0.03834	0.01984	0.22129	0.02641	0.01820	0.02641	0.01552	0.01910	0.01119	0.00761	0.00850	0.00269	0.01283	0.00731	0.00373	0.01193
26	0.01979	0.02305	0.09883	0.04153	0.33282	0.02025	0.28662	0.02605	0.01909	0.02683	0.01607	0.02108	0.01267	0.00727	0.00888	0.00263	0.01189	0.00833	0.00410	0.01223
27	0.01093	0.00846	0.00996	0.00959	0.01191	0.00749	0.00719	0.01408	0.02157	0.02869	0.41066	0.06966	0.32245	0.01871	0.00981	0.00269	0.00404	0.01609	0.00854	0.00749
28	0.00982	0.00842	0.00842	0.00842	0.01122	0.00701	0.00631	0.01192	0.01894	0.02244	0.08416	0.07995	0.65285	0.02104	0.00982	0.00281	0.00421	0.01753	0.00771	0.00701
29	0.02076	0.53780	0.20606	0.01669	0.02515	0.02932	0.01852	0.02525	0.01705	0.02131	0.01243	0.01443	0.01063	0.00731	0.00600	0.00200	0.00977	0.00489	0.00354	0.01108
30	0.01166	0.00849	0.01096	0.01035	0.01235	0.00780	0.00776	0.01548	0.02328	0.03275	0.62219	0.06299	0.10839	0.01720	0.00980	0.00262	0.00393	0.01515	0.00907	0.00780
31	0.76672	0.01607	0.01221	0.01092	0.01607	0.01864	0.00900	0.02442	0.01414	0.03727	0.01157	0.01350	0.00900	0.00771	0.00514	0.00257	0.00643	0.00450	0.00514	0.00900
32	0.00982	0.00842	0.00842	0.00842	0.01122	0.00701	0.00631	0.01192	0.01894	0.02244	0.08416	0.07995	0.65285	0.02104	0.00982	0.00281	0.00421	0.01753	0.00771	0.00701
33	0.01692	0.07354	0.63664	0.02325	0.03529	0.01991	0.02994	0.02624	0.01751	0.02600	0.01476	0.01735	0.01053	0.00786	0.00778	0.00259	0.01212	0.00606	0.00351	0.01220
34	0.02066	0.01785	0.01878	0.01691	0.02160	0.02066	0.01315	0.04414	0.64121	0.03475	0.03381	0.03099	0.02536	0.01127	0.00845	0.00282	0.00657	0.00939	0.00845	0.01315
35	0.01012	0.00723	0.00964	0.01157	0.01205	0.00675	0.00771	0.01157	0.01591	0.02121	0.04579	0.70262	0.05495	0.02603	0.01060	0.00337	0.00482	0.02362	0.00771	0.00675
36	0.02034	0.01952	0.03333	0.07930	0.62961	0.01968	0.02539	0.02531	0.01881	0.02688	0.01559	0.02063	0.01307	0.00744	0.00823	0.00248	0.00992	0.00740	0.00409	0.01298
37	0.02056	0.01974	0.03372	0.05099	0.65622	0.01974	0.02550	0.02550	0.01892	0.02714	0.01563	0.02056	0.01316	0.00740	0.00822	0.00247	0.00987	0.00740	0.00411	0.01316
38	0.00982	0.00842	0.00842	0.00842	0.01122	0.00701	0.00631	0.01192	0.01894	0.02244	0.08416	0.07995	0.65285	0.02104	0.00982	0.00281	0.00421	0.01753	0.00771	0.00701
39	0.76672	0.01607	0.01221	0.01092	0.01607	0.01864	0.00900	0.02442	0.01414	0.03727	0.01157	0.01350	0.00900	0.00771	0.00514	0.00257	0.00643	0.00450	0.00514	0.00900
40	0.03103	0.03959	0.02354	0.02140	0.02568	0.67469	0.01605	0.03317	0.02354	0.02033	0.01284	0.01498	0.01070	0.00856	0.00749	0.00214	0.01498	0.00535	0.00428	0.00963
41	0.03158	0.02327	0.02493	0.01911	0.02576	0.02576	0.01579	0.62852	0.03906	0.05236	0.01995	0.01995	0.01413	0.00997	0.00831	0.00249	0.00914	0.00748	0.00831	0.01413
42	0.03158	0.02327	0.02493	0.01911	0.02576	0.02576	0.01579	0.62852	0.03906	0.05236	0.01995	0.01995	0.01413	0.00997	0.00831	0.00249	0.00914	0.00748	0.00831	0.01413
43	0.76672	0.01607	0.01221	0.01092	0.01607	0.01864	0.00900	0.02442	0.01414	0.03727	0.01157	0.01350	0.00900	0.00771	0.00514	0.00257	0.00643	0.00450	0.00514	0.00900
44	0.76672	0.01607	0.01221	0.01092	0.01607	0.01864	0.00900	0.02442	0.01414	0.03727	0.01157	0.01350	0.00900	0.00771	0.00514	0.00257	0.00643	0.00450	0.00514	0.00900
45	0.02066	0.01785	0.01878	0.01691	0.02160	0.02066	0.01315	0.04414	0.64121	0.03475	0.03381	0.03099	0.02536	0.01127	0.00845	0.00282	0.00657	0.00939	0.00845	0.01315
46	0.01569	0.01477	0.02492	0.68808	0.05722	0.01846	0.02307	0.02123	0.01661	0.02123	0.01477	0.02215	0.01107	0.00831	0.00831	0.00277	0.01107	0.00738	0.00369	0.00923
