[name]
unknown

[dist]
# distance from previous block
# <min> <max>
0	0

[block]
# block no. 0 follows, 21 sequences, length 56
# corresponding to MSA columns:
# 0-55
name=unknown_A
#
# <colnr> <probs for GDERKNQSTAVLIFYWHMCP>
#	G	D	E	R	K	N	Q	S	T	A	V	L	I	F	Y	W	H	M	C	P
0	0.01371	0.00980	0.01371	0.01567	0.01763	0.00980	0.01371	0.01763	0.01959	0.02547	0.04506	0.09599	0.04898	0.02351	0.01175	0.00392	0.00784	0.59056	0.00784	0.00784
1	0.02061	0.01976	0.03373	0.10882	0.59476	0.02010	0.02589	0.02572	0.01916	0.02726	0.01593	0.02121	0.01329	0.00767	0.00843	0.00256	0.01022	0.00758	0.00417	0.01312
2	0.02106	0.02022	0.03454	0.05223	0.64784	0.02022	0.02612	0.02612	0.01938	0.02780	0.01601	0.02106	0.01348	0.00758	0.00842	0.00253	0.01011	0.00758	0.00421	0.01348
3	0.01770	0.03963	0.53054	0.02667	0.03842	0.02013	0.15333	0.02701	0.01841	0.02701	0.01568	0.01901	0.01122	0.00790	0.00849	0.00273	0.01295	0.00707	0.00374	0.01235
4	0.01191	0.00827	0.00948	0.00965	0.01012	0.00813	0.00584	0.01246	0.01363	0.01791	0.03555	0.11344	0.10692	0.52706	0.06866	0.00746	0.00824	0.01391	0.00570	0.00568
5	0.01880	0.02720	0.28234	0.02968	0.22562	0.01698	0.02358	0.02538	0.01984	0.07468	0.10984	0.02991	0.05872	0.01020	0.00862	0.00264	0.00971	0.00883	0.00537	0.01205
6	0.01707	0.04402	0.65683	0.02426	0.03683	0.01976	0.03144	0.02695	0.01797	0.02695	0.01527	0.01797	0.01078	0.00809	0.00809	0.00270	0.01258	0.00629	0.00359	0.01258
7	0.01216	0.00912	0.01368	0.01368	0.01520	0.01064	0.01064	0.01520	0.01368	0.01976	0.02279	0.03343	0.02127	0.06382	0.66720	0.01368	0.02279	0.00912	0.00456	0.00760
8	0.03179	0.04056	0.02412	0.02192	0.02631	0.66676	0.01644	0.03398	0.02412	0.02083	0.01315	0.01535	0.01096	0.00877	0.00767	0.00219	0.01535	0.00548	0.00438	0.00987
9	0.01979	0.02781	0.23292	0.04332	0.45306	0.02007	0.02781	0.02638	0.01893	0.02753	0.01577	0.02008	0.01262	0.00774	0.00832	0.00258	0.01090	0.00717	0.00402	0.01319
10	0.02106	0.02022	0.03454	0.05223	0.64784	0.02022	0.02612	0.02612	0.01938	0.02780	0.01601	0.02106	0.01348	0.00758	0.00842	0.00253	0.01011	0.00758	0.00421	0.01348
11	0.01669	0.01628	0.01575	0.01524	0.01731	0.16126	0.01156	0.01930	0.01598	0.01976	0.02088	0.03093	0.01962	0.09861	0.46915	0.01063	0.02000	0.00852	0.00456	0.00794
12	0.01238	0.00825	0.00928	0.00928	0.00928	0.00825	0.00516	0.01238	0.01238	0.01650	0.02681	0.05569	0.03094	0.70092	0.04331	0.00825	0.00825	0.01238	0.00516	0.00516
13	0.01607	0.01513	0.02552	0.68047	0.05861	0.01891	0.02363	0.02174	0.01702	0.02174	0.01513	0.02269	0.01134	0.00851	0.00851	0.00284	0.01134	0.00756	0.00378	0.00945
14	0.03179	0.04056	0.02412	0.02192	0.02631	0.66676	0.01644	0.03398	0.02412	0.02083	0.01315	0.01535	0.01096	0.00877	0.00767	0.00219	0.01535	0.00548	0.00438	0.00987
15	0.01047	0.00852	0.00934	0.00988	0.01224	0.00739	0.00743	0.01268	0.01887	0.02301	0.07524	0.19163	0.48231	0.02265	0.01037	0.00308	0.00477	0.07504	0.00790	0.00720
16	0.02009	0.02296	0.05022	0.03587	0.04448	0.02152	0.61693	0.02726	0.02009	0.02726	0.01722	0.02296	0.01291	0.00717	0.01004	0.00287	0.01435	0.01004	0.00430	0.01148
17	0.01238	0.00825	0.00928	0.00928	0.00928	0.00825	0.00516	0.01238	0.01238	0.01650	0.02681	0.05569	0.03094	0.70092	0.04331	0.00825	0.00825	0.01238	0.00516	0.00516
18	0.01045	0.00864	0.00917	0.00904	0.01174	0.00735	0.00678	0.01298	0.02033	0.02521	0.19713	0.07825	0.53208	0.02073	0.01005	0.00283	0.00425	0.01745	0.00819	0.00735
19	0.01216	0.00912	0.01368	0.01368	0.01520	0.01064	0.01064	0.01520	0.01368	0.01976	0.02279	0.03343	0.02127	0.06382	0.66720	0.01368	0.02279	0.00912	0.00456	0.00760
20	0.02275	0.70604	0.04459	0.01456	0.02184	0.03367	0.01456	0.02548	0.01729	0.02002	0.01183	0.01365	0.01092	0.00728	0.00546	0.00182	0.00910	0.00455	0.00364	0.01092
21	0.01238	0.00825	0.00928	0.00928	0.00928	0.00825	0.00516	0.01238	0.01238	0.01650	0.02681	0.05569	0.03094	0.70092	0.04331	0.00825	0.00825	0.01238	0.00516	0.00516
22	0.01037	0.00741	0.00987	0.01185	0.01234	0.00691	0.00790	0.01185	0.01629	0.02172	0.04690	0.69537	0.05629	0.02666	0.01086	0.00346	0.00494	0.02419	0.00790	0.00691
23	0.02337	0.51527	0.12398	0.01699	0.02454	0.12841	0.01712	0.02698	0.01842	0.02108	0.01250	0.01449	0.01091	0.00762	0.00615	0.00199	0.01052	0.00493	0.00375	0.01098
24	0.02106	0.02022	0.03454	0.05223	0.64784	0.02022	0.02612	0.02612	0.01938	0.02780	0.01601	0.02106	0.01348	0.00758	0.00842	0.00253	0.01011	0.00758	0.00421	0.01348
25	0.01260	0.01139	0.01085	0.01046	0.01348	0.04788	0.00789	0.01694	0.07436	0.02547	0.15239	0.07104	0.47605	0.01935	0.00979	0.00281	0.00514	0.01613	0.00796	0.00801
26	0.76103	0.01646	0.01251	0.01119	0.01646	0.01909	0.00922	0.02502	0.01448	0.03818	0.01185	0.01382	0.00922	0.00790	0.00527	0.00263	0.00658	0.00461	0.00527	0.00922
27	0.01371	0.00980	0.01371	0.01567	0.01763	0.00980	0.01371	0.01763	0.01959	0.02547	0.04506	0.09599	0.04898	0.02351	0.01175	0.00392	0.00784	0.59056	0.00784	0.00784
28	0.02062	0.02284	0.10312	0.04915	0.58051	0.02017	0.02670	0.02621	0.01922	0.02771	0.01593	0.02072	0.01318	0.00764	0.00839	0.00255	0.01038	0.00744	0.00414	0.01338
29	0.03065	0.03707	0.02537	0.02509	0.09480	0.54783	0.01749	0.07671	0.02478	0.02404	0.01401	0.01636	0.01150	0.00875	0.00782	0.00226	0.01432	0.00587	0.00467	0.01061
30	0.03235	0.02384	0.02554	0.01958	0.02639	0.02639	0.01618	0.61946	0.04001	0.05363	0.02043	0.02043	0.01447	0.01022	0.00851	0.00255	0.00936	0.00766	0.00851	0.01447
31	0.01068	0.00764	0.01015	0.01164	0.01241	0.00712	0.00792	0.01262	0.01772	0.02400	0.15618	0.57962	0.06068	0.02496	0.01071	0.00331	0.00477	0.02258	0.00817	0.00712
32	0.02111	0.03701	0.34295	0.16020	0.03833	0.20615	0.02549	0.02789	0.01954	0.02410	0.01463	0.01819	0.01095	0.00837	0.00805	0.00258	0.01312	0.00632	0.00386	0.01114
33	0.02173	0.03454	0.45333	0.02126	0.03163	0.01769	0.02525	0.03062	0.05137	0.16667	0.04891	0.02319	0.01701	0.00923	0.00831	0.00269	0.01070	0.00738	0.00566	0.01284
34	0.01037	0.00741	0.00987	0.01185	0.01234	0.00691	0.00790	0.01185	0.01629	0.02172	0.04690	0.69537	0.05629	0.02666	0.01086	0.00346	0.00494	0.02419	0.00790	0.00691
35	0.02018	0.01932	0.03295	0.16304	0.54391	0.01999	0.02568	0.02535	0.01896	0.02673	0.01585	0.02135	0.01310	0.00775	0.00844	0.00258	0.01033	0.00758	0.00414	0.01277
36	0.02885	0.03499	0.02697	0.03022	0.19634	0.48989	0.01909	0.03183	0.02282	0.02274	0.01393	0.01691	0.01165	0.00844	0.00788	0.00228	0.01391	0.00606	0.00434	0.01085
37	0.01707	0.04402	0.65683	0.02426	0.03683	0.01976	0.03144	0.02695	0.01797	0.02695	0.01527	0.01797	0.01078	0.00809	0.00809	0.00270	0.01258	0.00629	0.00359	0.01258
38	0.03235	0.02384	0.02554	0.01958	0.02639	0.02639	0.01618	0.61946	0.04001	0.05363	0.02043	0.02043	0.01447	0.01022	0.00851	0.00255	0.00936	0.00766	0.00851	0.01447
39	0.02106	0.02022	0.03454	0.05223	0.64784	0.02022	0.02612	0.02612	0.01938	0.02780	0.01601	0.02106	0.01348	0.00758	0.00842	0.00253	0.01011	0.00758	0.00421	0.01348
40	0.01006	0.00862	0.00862	0.00862	0.01149	0.00718	0.00647	0.01221	0.01940	0.02299	0.08621	0.08190	0.64438	0.02155	0.01006	0.00287	0.00431	0.01796	0.00790	0.00718
41	0.02999	0.17306	0.02819	0.02046	0.02542	0.54071	0.01607	0.03229	0.02276	0.02067	0.01289	0.01501	0.01095	0.00847	0.00723	0.00212	0.01410	0.00530	0.00424	0.01008
42	0.01216	0.00912	0.01368	0.01368	0.01520	0.01064	0.01064	0.01520	0.01368	0.01976	0.02279	0.03343	0.02127	0.06382	0.66720	0.01368	0.02279	0.00912	0.00456	0.00760
43	0.01143	0.00867	0.01052	0.01006	0.01234	0.00777	0.00755	0.01487	0.02264	0.03068	0.47103	0.06924	0.25477	0.01868	0.01004	0.00274	0.00411	0.01619	0.00891	0.00777
44	0.02038	0.02112	0.06954	0.10820	0.55866	0.02007	0.02620	0.02576	0.01908	0.02720	0.01588	0.02103	0.01313	0.00770	0.00841	0.00257	0.01037	0.00751	0.00414	0.01306
45	0.01899	0.23811	0.43890	0.02306	0.06886	0.02390	0.02614	0.02647	0.01785	0.02496	0.01430	0.01688	0.01098	0.00782	0.00733	0.00243	0.01140	0.00585	0.00364	0.01214
46	0.01216	0.00912	0.01368	0.01368	0.01520	0.01064	0.01064	0.01520	0.01368	0.01976	0.02279	0.03343	0.02127	0.06382	0.66720	0.01368	0.02279	0.00912	0.00456	0.00760
47	0.02275	0.70604	0.04459	0.01456	0.02184	0.03367	0.01456	0.02548	0.01729	0.02002	0.01183	0.01365	0.01092	0.00728	0.00546	0.00182	0.00910	0.00455	0.00364	0.01092
48	0.01962	0.16205	0.06840	0.03303	0.32313	0.02066	0.01990	0.05318	0.01929	0.02623	0.02147	0.15356	0.02136	0.01148	0.00828	0.00258	0.00898	0.01019	0.00501	0.01164
49	0.01216	0.00912	0.01368	0.01368	0.01520	0.01064	0.01064	0.01520	0.01368	0.01976	0.02279	0.03343	0.02127	0.06382	0.66720	0.01368	0.02279	0.00912	0.00456	0.00760
50	0.01220	0.00828	0.00923	0.00923	0.00945	0.00817	0.00525	0.01236	0.01290	0.01698	0.03124	0.05764	0.07662	0.65033	0.04084	0.00785	0.00796	0.01279	0.00536	0.00531
51	0.01052	0.00747	0.00983	0.01166	0.01212	0.00701	0.00770	0.01189	0.01600	0.02134	0.04541	0.64773	0.05440	0.07687	0.01328	0.00381	0.00518	0.02331	0.00770	0.00678
52	0.01883	0.24878	0.46747	0.02126	0.03220	0.02407	0.02622	0.02650	0.01776	0.02481	0.01421	0.01663	0.01082	0.00784	0.00727	0.00242	0.01150	0.00575	0.00361	0.01206
53	0.02452	0.07965	0.05846	0.09529	0.25062	0.26416	0.05563	0.02871	0.02076	0.02396	0.01458	0.01849	0.01199	0.00809	0.00801	0.00241	0.01247	0.00665	0.00417	0.01140
54	0.22431	0.02443	0.12230	0.01820	0.05007	0.14602	0.01563	0.02756	0.04962	0.07541	0.05478	0.02277	0.01760	0.01657	0.09626	0.00405	0.01155	0.00699	0.00548	0.01040
55	0.02266	0.02276	0.01952	0.08192	0.02472	0.21734	0.01401	0.13037	0.09727	0.02888	0.03234	0.14158	0.10322	0.01399	0.00886	0.00270	0.00969	0.01132	0.00661	0.01022

[dist]
# distance from previous block
# <min> <max>
14	62

[block]
# block no. 1 follows, 21 sequences, length 49
# corresponding to MSA columns:
# 119-167
name=unknown_B
#
# <colnr> <probs for GDERKNQSTAVLIFYWHMCP>
#	G	D	E	R	K	N	Q	S	T	A	V	L	I	F	Y	W	H	M	C	P
0	0.01740	0.13975	0.01966	0.01402	0.01713	0.01606	0.01092	0.14574	0.02161	0.02831	0.03471	0.42375	0.03888	0.01953	0.00936	0.00296	0.00666	0.01700	0.00725	0.00929
1	0.02615	0.02552	0.13963	0.01920	0.02647	0.02282	0.01779	0.38319	0.11067	0.04372	0.02704	0.02679	0.07012	0.01098	0.00859	0.00265	0.00918	0.00856	0.00757	0.01336
2	0.02275	0.70604	0.04459	0.01456	0.02184	0.03367	0.01456	0.02548	0.01729	0.02002	0.01183	0.01365	0.01092	0.00728	0.00546	0.00182	0.00910	0.00455	0.00364	0.01092
3	0.01823	0.38987	0.06547	0.01394	0.01892	0.02323	0.01292	0.02092	0.01564	0.01970	0.01716	0.02592	0.01684	0.14743	0.15567	0.00562	0.01210	0.00708	0.00412	0.00923
4	0.01545	0.01790	0.16505	0.01644	0.02068	0.01185	0.06611	0.01855	0.01608	0.06048	0.02807	0.22713	0.02944	0.15072	0.01918	0.10084	0.00864	0.01336	0.00567	0.00834
5	0.02155	0.38117	0.21598	0.01824	0.02627	0.10984	0.01939	0.02629	0.01812	0.02210	0.01375	0.01649	0.01161	0.01163	0.05247	0.00294	0.01186	0.00549	0.00379	0.01103
6	0.01370	0.00933	0.01011	0.00959	0.01285	0.00786	0.00730	0.01598	0.01992	0.10440	0.07789	0.09875	0.54117	0.02033	0.00990	0.00287	0.00471	0.01699	0.00824	0.00812
7	0.02539	0.51169	0.03861	0.01671	0.02315	0.21856	0.01511	0.02796	0.01928	0.02026	0.01222	0.01415	0.01093	0.00772	0.00611	0.00193	0.01092	0.00482	0.00386	0.01061
8	0.01804	0.01743	0.03024	0.19227	0.21846	0.01850	0.12357	0.02301	0.01758	0.02466	0.01648	0.02295	0.01365	0.01553	0.09650	0.00410	0.05939	0.00797	0.00421	0.07547
9	0.11860	0.15686	0.07923	0.01622	0.02270	0.02218	0.01456	0.06725	0.25187	0.08753	0.02338	0.02289	0.01759	0.00944	0.00737	0.00248	0.00786	0.00719	0.00672	0.05807
10	0.01171	0.00803	0.00942	0.00997	0.01024	0.00783	0.00599	0.01222	0.01380	0.01827	0.03518	0.23682	0.06608	0.48024	0.03267	0.00666	0.00714	0.01595	0.00605	0.00574
11	0.01208	0.00813	0.00937	0.00965	0.00973	0.00806	0.00556	0.01230	0.01294	0.01726	0.02973	0.14862	0.03462	0.60296	0.03860	0.00755	0.00777	0.01409	0.00556	0.00541
12	0.01660	0.01388	0.01275	0.01218	0.01510	0.10397	0.00924	0.01896	0.02014	0.08014	0.10648	0.06443	0.31157	0.09707	0.01361	0.00347	0.00700	0.07784	0.00743	0.00814
13	0.01764	0.01750	0.02729	0.02271	0.02424	0.02256	0.10407	0.02049	0.01418	0.02133	0.01419	0.02198	0.01329	0.02279	0.14318	0.00543	0.46572	0.00813	0.00396	0.00931
14	0.02013	0.01683	0.01784	0.01615	0.02055	0.01925	0.01252	0.04127	0.54360	0.03520	0.07640	0.03396	0.02944	0.01183	0.00855	0.00280	0.00634	0.00989	0.06477	0.01267
15	0.01073	0.00884	0.00956	0.00992	0.01263	0.00767	0.00780	0.01321	0.01943	0.02345	0.07862	0.08450	0.53462	0.02191	0.01037	0.00307	0.00496	0.12352	0.00789	0.00730
16	0.02570	0.20509	0.16011	0.02287	0.07448	0.32737	0.01979	0.02983	0.02080	0.02242	0.01348	0.01590	0.01111	0.00817	0.00727	0.00223	0.01283	0.00558	0.00402	0.01096
17	0.02186	0.02320	0.03542	0.11385	0.36183	0.11429	0.15219	0.02702	0.01996	0.02600	0.01576	0.02082	0.01275	0.00777	0.00867	0.00259	0.01192	0.00781	0.00421	0.01208
18	0.01371	0.00980	0.01371	0.01567	0.01763	0.00980	0.01371	0.01763	0.01959	0.02547	0.04506	0.09599	0.04898	0.02351	0.01175	0.00392	0.00784	0.59056	0.00784	0.00784
19	0.02872	0.03490	0.02650	0.02855	0.16158	0.49017	0.01867	0.03152	0.02247	0.02233	0.01367	0.01677	0.01152	0.00885	0.00896	0.00235	0.05149	0.00605	0.00431	0.01062
20	0.03179	0.04056	0.02412	0.02192	0.02631	0.66676	0.01644	0.03398	0.02412	0.02083	0.01315	0.01535	0.01096	0.00877	0.00767	0.00219	0.01535	0.00548	0.00438	0.00987
21	0.02779	0.02072	0.02205	0.01774	0.02353	0.02307	0.01438	0.41280	0.18227	0.04680	0.02471	0.02445	0.01810	0.01051	0.00826	0.00257	0.00812	0.00817	0.09045	0.01350
22	0.01190	0.00892	0.00982	0.00944	0.01228	0.00765	0.00713	0.01455	0.02076	0.05629	0.21691	0.07494	0.47918	0.02002	0.00998	0.00281	0.00438	0.01689	0.00838	0.00774
23	0.01037	0.00741	0.00987	0.01185	0.01234	0.00691	0.00790	0.01185	0.01629	0.02172	0.04690	0.69537	0.05629	0.02666	0.01086	0.00346	0.00494	0.02419	0.00790	0.00691
24	0.01669	0.00873	0.00882	0.00852	0.01074	0.00886	0.00646	0.04994	0.01896	0.03283	0.02739	0.03116	0.02144	0.00993	0.00608	0.00201	0.00424	0.00792	0.71103	0.00826
25	0.02106	0.02022	0.03454	0.05223	0.64784	0.02022	0.02612	0.02612	0.01938	0.02780	0.01601	0.02106	0.01348	0.00758	0.00842	0.00253	0.01011	0.00758	0.00421	0.01348
26	0.03818	0.01448	0.01975	0.01514	0.02172	0.01251	0.01251	0.04147	0.02436	0.65373	0.03357	0.02897	0.02107	0.01053	0.00856	0.00263	0.00724	0.00856	0.01053	0.01448
27	0.01006	0.00862	0.00862	0.00862	0.01149	0.00718	0.00647	0.01221	0.01940	0.02299	0.08621	0.08190	0.64438	0.02155	0.01006	0.00287	0.00431	0.01796	0.00790	0.00718
28	0.02275	0.70604	0.04459	0.01456	0.02184	0.03367	0.01456	0.02548	0.01729	0.02002	0.01183	0.01365	0.01092	0.00728	0.00546	0.00182	0.00910	0.00455	0.00364	0.01092
29	0.02584	0.02341	0.02080	0.01793	0.02259	0.17272	0.01394	0.27591	0.09648	0.03651	0.02836	0.14789	0.05323	0.01360	0.00884	0.00269	0.00943	0.01091	0.00741	0.01152
30	0.01236	0.00830	0.00955	0.00955	0.00965	0.00840	0.00549	0.01255	0.01246	0.01670	0.02657	0.05432	0.03034	0.66164	0.08178	0.00858	0.00915	0.01217	0.00512	0.00531
31	0.01812	0.16606	0.54396	0.02247	0.03407	0.02233	0.02833	0.02668	0.01784	0.02567	0.01464	0.01717	0.01081	0.00794	0.00760	0.00253	0.01194	0.00597	0.00360	0.01227
32	0.02315	0.02008	0.02161	0.10411	0.02706	0.09588	0.04623	0.25944	0.02783	0.03544	0.03542	0.03610	0.17069	0.01246	0.00875	0.00262	0.00908	0.01009	0.04296	0.01097
33	0.05394	0.14824	0.15485	0.01650	0.02353	0.01936	0.01620	0.03214	0.14695	0.17505	0.05900	0.02952	0.06775	0.01070	0.00796	0.00257	0.00818	0.00845	0.00696	0.01213
34	0.01058	0.00775	0.00998	0.01158	0.01253	0.00715	0.00803	0.01239	0.01721	0.02263	0.07791	0.55554	0.13407	0.02542	0.01077	0.00337	0.00497	0.05312	0.00796	0.00705
35	0.02134	0.02094	0.03368	0.07768	0.59398	0.04999	0.02556	0.02629	0.01950	0.02722	0.01584	0.02087	0.01327	0.00768	0.00839	0.00253	0.01040	0.00748	0.00420	0.01314
36	0.02392	0.06301	0.10833	0.02297	0.09448	0.15984	0.05090	0.16929	0.02539	0.03224	0.06565	0.02704	0.06551	0.01035	0.00829	0.00248	0.01042	0.00830	0.04014	0.01146
37	0.02412	0.02422	0.07603	0.17320	0.22646	0.09327	0.02205	0.19685	0.02522	0.03309	0.01672	0.02036	0.01282	0.00871	0.00836	0.00258	0.01093	0.00727	0.00533	0.01243
38	0.02388	0.02100	0.02170	0.02100	0.09106	0.11476	0.01496	0.24399	0.06924	0.03480	0.02809	0.03022	0.09057	0.02103	0.13000	0.00461	0.01202	0.00896	0.00664	0.01148
39	0.02489	0.02500	0.11808	0.05094	0.21836	0.09125	0.02066	0.15788	0.02505	0.09439	0.07230	0.02433	0.01946	0.00953	0.00847	0.00255	0.01012	0.00795	0.00614	0.01266
40	0.02113	0.02682	0.23049	0.02451	0.11738	0.01992	0.02123	0.20156	0.02436	0.03387	0.02394	0.11081	0.04583	0.01204	0.00977	0.00279	0.04569	0.00981	0.00592	0.01213
41	0.04904	0.01865	0.08685	0.04284	0.06783	0.07810	0.01384	0.08771	0.02111	0.02787	0.04226	0.16204	0.20132	0.01573	0.00899	0.00278	0.00781	0.01316	0.04256	0.00952
42	0.02175	0.02325	0.03571	0.04110	0.36336	0.11377	0.17909	0.02679	0.02025	0.02638	0.01982	0.02412	0.04807	0.00842	0.00883	0.00259	0.01166	0.00850	0.00447	0.01208
43	0.02826	0.14146	0.03135	0.02430	0.07095	0.38260	0.08844	0.08742	0.02374	0.02510	0.01432	0.01687	0.01170	0.00840	0.00774	0.00227	0.01330	0.00623	0.00464	0.01092
44	0.05055	0.01967	0.16582	0.02024	0.10219	0.01374	0.01680	0.02400	0.01994	0.13191	0.16253	0.06478	0.06645	0.01820	0.08173	0.00392	0.00957	0.01050	0.00670	0.01077
45	0.02106	0.11002	0.05541	0.15007	0.06145	0.12853	0.06875	0.02770	0.08818	0.05189	0.10333	0.02973	0.02426	0.01043	0.00844	0.00260	0.01018	0.03171	0.00566	0.01062
46	0.02129	0.03766	0.40605	0.02728	0.10952	0.10547	0.04794	0.09339	0.02146	0.02922	0.01572	0.01845	0.01162	0.00832	0.00819	0.00260	0.01234	0.00663	0.00434	0.01250
47	0.02034	0.05992	0.02568	0.05544	0.14805	0.18483	0.08208	0.02418	0.02133	0.02568	0.14098	0.03612	0.11650	0.01171	0.00878	0.00253	0.00997	0.01009	0.00570	0.01007
48	0.05720	0.08493	0.21630	0.03051	0.21204	0.20576	0.02328	0.02851	0.01993	0.02545	0.01447	0.01761	0.01157	0.00806	0.00774	0.00243	0.01210	0.00623	0.00408	0.01179

[dist]
# distance from previous block
# <min> <max>
1	6

[block]
# block no. 2 follows, 21 sequences, length 20
# corresponding to MSA columns:
# 174-193
name=unknown_C
#
# <colnr> <probs for GDERKNQSTAVLIFYWHMCP>
#	G	D	E	R	K	N	Q	S	T	A	V	L	I	F	Y	W	H	M	C	P
0	0.02569	0.14423	0.02486	0.01697	0.02183	0.16202	0.01397	0.21564	0.02568	0.03293	0.01827	0.02084	0.01462	0.01329	0.05413	0.00308	0.04401	0.00678	0.13015	0.01102
1	0.02504	0.05862	0.02102	0.01684	0.02075	0.14417	0.01317	0.11251	0.09063	0.12450	0.02575	0.06316	0.04235	0.11208	0.01557	0.00351	0.08364	0.00929	0.00670	0.01071
2	0.06758	0.14941	0.25143	0.02707	0.16339	0.02231	0.04798	0.07449	0.01980	0.02888	0.01510	0.01800	0.01181	0.00783	0.00751	0.00240	0.01043	0.00634	0.00438	0.06386
3	0.09708	0.01990	0.02495	0.10650	0.30159	0.11169	0.01909	0.02509	0.01869	0.02708	0.01700	0.02187	0.01402	0.01223	0.05516	0.00326	0.01080	0.00712	0.09592	0.01095
4	0.26077	0.02387	0.11418	0.05765	0.13576	0.06678	0.01807	0.12473	0.02156	0.07817	0.01627	0.01842	0.01212	0.00853	0.00734	0.00259	0.00946	0.00637	0.00560	0.01175
5	0.06292	0.24258	0.02899	0.01821	0.02362	0.31300	0.01493	0.03305	0.13872	0.02428	0.01682	0.01790	0.01376	0.00880	0.00705	0.00223	0.01131	0.00595	0.00502	0.01086
6	0.03679	0.01881	0.12748	0.01477	0.01907	0.04138	0.01332	0.11950	0.02043	0.02790	0.06027	0.04113	0.09178	0.15608	0.01882	0.09615	0.00850	0.04203	0.03699	0.00880
7	0.01453	0.08217	0.01748	0.01382	0.01543	0.01469	0.01085	0.01682	0.01399	0.02008	0.02104	0.03341	0.02062	0.17243	0.33299	0.00906	0.11772	0.00895	0.05617	0.00774
8	0.01576	0.02106	0.16266	0.02531	0.11696	0.01514	0.15481	0.02128	0.01934	0.02670	0.10745	0.13790	0.11151	0.01360	0.00951	0.00285	0.00930	0.01276	0.00579	0.01031
9	0.03058	0.03734	0.02334	0.02096	0.02546	0.57624	0.01584	0.08062	0.02514	0.02364	0.01797	0.01961	0.04786	0.00963	0.00788	0.00226	0.01422	0.00638	0.00493	0.01009
10	0.13095	0.07659	0.02297	0.22927	0.10841	0.10605	0.01692	0.02370	0.01824	0.02571	0.02185	0.02696	0.06486	0.00982	0.00765	0.00256	0.00956	0.02330	0.06489	0.00974
11	0.04787	0.29604	0.06282	0.02129	0.02791	0.25945	0.12210	0.02892	0.02020	0.02244	0.01340	0.01609	0.01123	0.00785	0.00717	0.00220	0.01235	0.00593	0.00407	0.01065
12	0.02302	0.02527	0.01906	0.01778	0.02150	0.29765	0.01338	0.03178	0.20556	0.02547	0.02956	0.10995	0.06587	0.01667	0.05605	0.00343	0.01124	0.01016	0.00636	0.01024
13	0.01345	0.01102	0.01109	0.01031	0.01239	0.04483	0.00693	0.01489	0.01636	0.02105	0.08160	0.05640	0.19716	0.34753	0.02556	0.00523	0.00705	0.01280	0.00612	0.09822
14	0.01964	0.01336	0.01815	0.01930	0.12833	0.01164	0.01240	0.02297	0.01968	0.14714	0.07359	0.14122	0.11242	0.01342	0.00860	0.00241	0.00652	0.01168	0.00708	0.21047
15	0.05494	0.15579	0.02704	0.06016	0.02546	0.17087	0.06351	0.09888	0.02143	0.04540	0.01740	0.02116	0.01424	0.01747	0.11352	0.00413	0.01283	0.00689	0.05854	0.01035
16	0.02077	0.13125	0.02522	0.02199	0.11126	0.16961	0.01551	0.02378	0.01773	0.02217	0.01674	0.02231	0.01488	0.02388	0.18569	0.00542	0.09724	0.00703	0.05779	0.00975
17	0.02063	0.09704	0.03004	0.03112	0.25453	0.13439	0.09156	0.02455	0.02009	0.02458	0.03055	0.03278	0.15077	0.01077	0.00852	0.00251	0.01019	0.00945	0.00500	0.01093
18	0.02289	0.02797	0.11908	0.08586	0.26183	0.18652	0.02211	0.06968	0.02169	0.02691	0.02029	0.02345	0.05621	0.00920	0.00831	0.00252	0.01146	0.00758	0.00470	0.01172
19	0.02601	0.13411	0.07236	0.02199	0.06986	0.17433	0.01766	0.19422	0.02467	0.03067	0.01564	0.01928	0.01298	0.03866	0.01208	0.00277	0.10916	0.00673	0.00530	0.01150

[dist]
# distance from previous block
# <min> <max>
3	56

[block]
# block no. 3 follows, 21 sequences, length 11
# corresponding to MSA columns:
# 253-263
name=unknown_D
#
# <colnr> <probs for GDERKNQSTAVLIFYWHMCP>
#	G	D	E	R	K	N	Q	S	T	A	V	L	I	F	Y	W	H	M	C	P
0	0.02458	0.02775	0.09018	0.03295	0.27504	0.19206	0.02105	0.12428	0.02387	0.02974	0.02091	0.02348	0.05777	0.00938	0.00832	0.00248	0.01121	0.00765	0.00516	0.01214
1	0.04599	0.07939	0.01891	0.01642	0.06321	0.12740	0.01168	0.02388	0.02033	0.12850	0.09723	0.10947	0.14371	0.06337	0.01115	0.00301	0.00798	0.01180	0.00693	0.00964
2	0.02501	0.09437	0.12589	0.03213	0.24330	0.28640	0.02191	0.02941	0.02092	0.02411	0.01435	0.01758	0.01180	0.00812	0.00780	0.00235	0.01254	0.00625	0.00414	0.01163
3	0.05214	0.25380	0.15066	0.02344	0.10568	0.20595	0.01969	0.02801	0.01932	0.02326	0.01336	0.01609	0.01118	0.00821	0.00784	0.00229	0.03834	0.00564	0.00398	0.01113
4	0.11024	0.09735	0.10250	0.01718	0.02339	0.14785	0.01543	0.13293	0.05611	0.08412	0.05121	0.02688	0.07877	0.01061	0.00783	0.00249	0.00956	0.00791	0.00634	0.01129
5	0.01936	0.06452	0.01610	0.01367	0.01642	0.18819	0.01047	0.02232	0.01855	0.02466	0.02380	0.09626	0.02166	0.02143	0.13247	0.00440	0.01107	0.00898	0.27720	0.00849
6	0.01952	0.01227	0.01459	0.01271	0.01627	0.01210	0.00982	0.10709	0.04886	0.13964	0.16824	0.05035	0.17608	0.09166	0.07817	0.00438	0.00784	0.01249	0.00817	0.00978
7	0.01069	0.00787	0.01002	0.01113	0.01230	0.00720	0.00772	0.01282	0.01845	0.02462	0.18287	0.46749	0.14777	0.02389	0.01056	0.00320	0.00464	0.02136	0.00822	0.00720
8	0.10146	0.02486	0.02881	0.08473	0.37412	0.19181	0.02159	0.02778	0.01995	0.02661	0.01475	0.01890	0.01221	0.00800	0.00790	0.00247	0.01122	0.00671	0.00434	0.01178
9	0.02384	0.02492	0.02780	0.03519	0.32222	0.18623	0.02028	0.03321	0.18351	0.02809	0.02023	0.02244	0.01616	0.00894	0.00829	0.00254	0.01056	0.00759	0.00544	0.01255
10	0.01470	0.01347	0.01218	0.01202	0.01404	0.10825	0.00871	0.01675	0.01891	0.02295	0.14381	0.08630	0.20881	0.19986	0.01874	0.00430	0.00738	0.07468	0.00687	0.00725

[dist]
# distance from previous block
# <min> <max>
1	52

[block]
# block no. 4 follows, 21 sequences, length 31
# corresponding to MSA columns:
# 316-346
name=unknown_E
#
# <colnr> <probs for GDERKNQSTAVLIFYWHMCP>
#	G	D	E	R	K	N	Q	S	T	A	V	L	I	F	Y	W	H	M	C	P
0	0.05527	0.14121	0.28525	0.07050	0.23367	0.02210	0.02541	0.02603	0.01809	0.02633	0.01478	0.01835	0.01164	0.00781	0.00766	0.00250	0.01084	0.00642	0.00389	0.01225
1	0.02439	0.02096	0.12762	0.02033	0.07459	0.01750	0.01709	0.15767	0.07401	0.16633	0.05654	0.02750	0.02086	0.02012	0.13038	0.00468	0.01150	0.00845	0.00709	0.01238
2	0.01917	0.01561	0.02110	0.05900	0.18989	0.05141	0.01641	0.02277	0.01961	0.09459	0.03879	0.05060	0.15869	0.01503	0.01105	0.00300	0.06337	0.13320	0.00643	0.01028
3	0.01552	0.01519	0.01373	0.01396	0.01588	0.15134	0.01015	0.01779	0.01866	0.02266	0.10498	0.29961	0.09538	0.02815	0.13142	0.00493	0.01035	0.01579	0.00668	0.00783
4	0.20857	0.09865	0.02407	0.05502	0.15757	0.01918	0.04200	0.02359	0.04968	0.02869	0.05546	0.12348	0.02277	0.01169	0.00881	0.00273	0.04271	0.00963	0.00546	0.01028
5	0.02168	0.17160	0.08689	0.02750	0.14775	0.02287	0.14620	0.09250	0.04858	0.02914	0.01650	0.01953	0.01313	0.00776	0.00782	0.00230	0.01023	0.00709	0.00485	0.11608
6	0.01988	0.27051	0.23861	0.06415	0.06623	0.02503	0.15176	0.02614	0.01820	0.02430	0.01451	0.01797	0.01147	0.00760	0.00763	0.00242	0.01153	0.00663	0.00381	0.01161
7	0.02157	0.02780	0.13438	0.03376	0.23090	0.16002	0.13245	0.02696	0.01968	0.02515	0.01625	0.02104	0.01325	0.01410	0.08179	0.00379	0.01385	0.00754	0.00420	0.01152
8	0.02644	0.02383	0.02527	0.25554	0.03786	0.14218	0.01888	0.29814	0.02888	0.03620	0.01719	0.02030	0.01271	0.00934	0.00836	0.00259	0.01118	0.00722	0.00606	0.01183
9	0.02780	0.02561	0.02382	0.09996	0.02936	0.17913	0.01656	0.28034	0.16230	0.03790	0.02112	0.02194	0.01575	0.00995	0.00834	0.00257	0.01048	0.00755	0.00697	0.01253
10	0.01639	0.01266	0.01346	0.01181	0.01541	0.01248	0.00911	0.17459	0.02479	0.03175	0.11957	0.06154	0.36999	0.07341	0.01235	0.00321	0.00595	0.01450	0.00799	0.00905
11	0.05008	0.18668	0.04890	0.01618	0.02046	0.23637	0.01340	0.02456	0.01907	0.02251	0.02110	0.14360	0.02099	0.01624	0.06120	0.00329	0.01117	0.00922	0.06568	0.00931
12	0.02513	0.02746	0.02007	0.01815	0.02236	0.33104	0.01379	0.09638	0.13713	0.02758	0.03079	0.08373	0.10533	0.01267	0.00854	0.00256	0.01071	0.00974	0.00641	0.01043
13	0.01253	0.00983	0.01203	0.01185	0.01249	0.01067	0.00819	0.01355	0.01463	0.01949	0.03962	0.19370	0.14671	0.31659	0.02759	0.00547	0.11727	0.01518	0.00603	0.00659
14	0.02204	0.01773	0.02001	0.01469	0.02203	0.01584	0.01191	0.20025	0.02433	0.03548	0.01671	0.01848	0.01316	0.00747	0.00696	0.00165	0.00722	0.00583	0.00608	0.53213
15	0.01473	0.01060	0.01348	0.01274	0.01434	0.01168	0.00925	0.08862	0.01643	0.02270	0.02402	0.04023	0.02409	0.29781	0.35040	0.01026	0.01565	0.01017	0.00527	0.00752
16	0.02346	0.02500	0.02380	0.02715	0.18258	0.25644	0.01759	0.05021	0.02181	0.02572	0.02151	0.03527	0.02041	0.01154	0.00866	0.00257	0.01109	0.13667	0.00535	0.09319
17	0.01963	0.01641	0.01895	0.02101	0.13316	0.06793	0.01293	0.14883	0.02121	0.02785	0.02483	0.12255	0.02549	0.25107	0.04679	0.00504	0.00955	0.01134	0.00599	0.00944
18	0.02035	0.04100	0.51933	0.02343	0.03455	0.07384	0.02814	0.10777	0.02146	0.03006	0.01580	0.01809	0.01130	0.00843	0.00811	0.00263	0.01237	0.00641	0.00432	0.01261
19	0.06657	0.02491	0.02232	0.02353	0.13752	0.23023	0.01559	0.15222	0.02506	0.03057	0.03106	0.03189	0.14992	0.01159	0.00837	0.00250	0.01020	0.00900	0.00605	0.01090
20	0.01880	0.02507	0.20297	0.03228	0.21467	0.01793	0.15240	0.02532	0.02000	0.05296	0.10632	0.02897	0.04424	0.00960	0.00897	0.00268	0.01054	0.00925	0.00516	0.01186
21	0.02216	0.03584	0.27457	0.02271	0.05849	0.27050	0.02185	0.02769	0.02068	0.02416	0.02270	0.02867	0.06589	0.01068	0.00840	0.00260	0.01248	0.05455	0.00463	0.01074
22	0.26375	0.06365	0.01924	0.01623	0.02044	0.27780	0.01273	0.02650	0.01833	0.02618	0.01475	0.01869	0.01264	0.02038	0.15029	0.00481	0.01377	0.00594	0.00467	0.00922
23	0.02060	0.01485	0.01771	0.04504	0.09760	0.04701	0.01266	0.07505	0.05721	0.14141	0.09601	0.08078	0.22913	0.01501	0.00922	0.00274	0.00700	0.01265	0.00778	0.01056
24	0.02178	0.22658	0.02586	0.01529	0.01936	0.10568	0.01255	0.11840	0.02022	0.02524	0.01822	0.02703	0.01727	0.16947	0.06784	0.00449	0.05308	0.00761	0.03444	0.00958
25	0.01370	0.01096	0.01190	0.01280	0.01406	0.06161	0.00903	0.03712	0.01756	0.02223	0.04191	0.44172	0.09307	0.02438	0.01353	0.10469	0.00639	0.04920	0.00706	0.00708
26	0.05993	0.01611	0.01832	0.01751	0.07430	0.04947	0.01243	0.12741	0.04678	0.07969	0.05161	0.02807	0.02068	0.05758	0.11723	0.00446	0.01019	0.00808	0.08893	0.11122
27	0.13829	0.08429	0.02180	0.01735	0.02205	0.33898	0.01361	0.09683	0.02325	0.02853	0.04054	0.02187	0.04720	0.00973	0.00731	0.00231	0.01104	0.00669	0.05827	0.01005
28	0.16166	0.15992	0.38655	0.02142	0.06244	0.02223	0.02376	0.02626	0.01725	0.02788	0.01402	0.01653	0.01065	0.00787	0.00707	0.00251	0.01065	0.00571	0.00396	0.01167
29	0.02285	0.02409	0.03127	0.11552	0.44681	0.16100	0.02373	0.02734	0.02015	0.02561	0.01529	0.02000	0.01269	0.00794	0.00827	0.00249	0.01139	0.00712	0.00420	0.01224
30	0.19228	0.01842	0.11079	0.16452	0.11213	0.01625	0.01777	0.02173	0.01726	0.02805	0.05442	0.13536	0.02395	0.01238	0.00830	0.00287	0.00862	0.03975	0.00534	0.00981

[dist]
# distance from previous block
# <min> <max>
0	2

[block]
# block no. 5 follows, 21 sequences, length 6
# corresponding to MSA columns:
# 349-354
name=unknown_F
#
# <colnr> <probs for GDERKNQSTAVLIFYWHMCP>
#	G	D	E	R	K	N	Q	S	T	A	V	L	I	F	Y	W	H	M	C	P
0	0.02001	0.15594	0.24982	0.03563	0.32187	0.02257	0.02579	0.02628	0.01851	0.02606	0.01498	0.01862	0.01208	0.00770	0.00776	0.00245	0.01077	0.00657	0.00389	0.01269
1	0.18786	0.02938	0.15140	0.01858	0.02492	0.20067	0.01703	0.11903	0.05555	0.03184	0.01842	0.07435	0.01570	0.01031	0.00768	0.00259	0.01057	0.00759	0.00558	0.01094
2	0.01749	0.07113	0.01715	0.01359	0.01580	0.01564	0.01088	0.07784	0.01852	0.02822	0.02544	0.14490	0.02409	0.01620	0.04179	0.00318	0.14715	0.01047	0.29158	0.00892
3	0.01757	0.07423	0.02189	0.02189	0.13035	0.06541	0.01474	0.02261	0.06796	0.02335	0.02033	0.02684	0.01790	0.03379	0.30389	0.00751	0.06585	0.00803	0.04614	0.00974
4	0.01608	0.01111	0.01547	0.01851	0.10528	0.01093	0.01154	0.02039	0.08342	0.08679	0.03808	0.42456	0.04112	0.02085	0.01127	0.04396	0.00623	0.01777	0.00749	0.00914
5	0.16581	0.06511	0.06740	0.02121	0.07697	0.15383	0.01664	0.18148	0.02377	0.03357	0.01544	0.01814	0.01228	0.01203	0.04220	0.00312	0.06779	0.00641	0.00547	0.01134

[dist]
# distance from previous block
# <min> <max>
3	84

[block]
# block no. 6 follows, 21 sequences, length 39
# corresponding to MSA columns:
# 439-477
name=unknown_G
#
# <colnr> <probs for GDERKNQSTAVLIFYWHMCP>
#	G	D	E	R	K	N	Q	S	T	A	V	L	I	F	Y	W	H	M	C	P
0	0.21552	0.02361	0.07922	0.02568	0.19594	0.14862	0.01704	0.02536	0.01911	0.02870	0.04815	0.02699	0.09270	0.01008	0.00768	0.00255	0.00950	0.00786	0.00513	0.01055
1	0.01736	0.01456	0.01826	0.02041	0.13107	0.01506	0.01329	0.07544	0.18044	0.03206	0.16557	0.04968	0.17685	0.01473	0.00934	0.00279	0.00651	0.03802	0.00778	0.01076
2	0.02406	0.18397	0.13504	0.01852	0.02513	0.17113	0.01722	0.06534	0.14553	0.05610	0.06125	0.02287	0.01928	0.00962	0.00769	0.00241	0.01024	0.00717	0.00579	0.01165
3	0.05462	0.02004	0.02848	0.02687	0.13860	0.04371	0.12959	0.17167	0.05020	0.03326	0.06057	0.02712	0.01981	0.07577	0.01394	0.00328	0.07613	0.00892	0.00593	0.01147
4	0.02080	0.02195	0.02354	0.02600	0.15896	0.19789	0.04299	0.02383	0.01879	0.02340	0.02147	0.14610	0.02138	0.01603	0.05091	0.00343	0.10961	0.01029	0.05278	0.00984
5	0.06748	0.04845	0.02015	0.14035	0.04764	0.11587	0.03928	0.02151	0.01992	0.02623	0.15234	0.07372	0.10655	0.01262	0.00853	0.00254	0.00849	0.01061	0.00599	0.07173
6	0.07807	0.11777	0.02691	0.08706	0.11462	0.15395	0.01680	0.09837	0.02303	0.17579	0.01912	0.02032	0.01401	0.00889	0.00770	0.00243	0.01017	0.00677	0.00618	0.01205
7	0.01990	0.22075	0.02951	0.20870	0.09641	0.09699	0.01838	0.02389	0.01869	0.02251	0.02008	0.03384	0.01901	0.01112	0.00816	0.00265	0.01031	0.12442	0.00468	0.01002
8	0.02652	0.23759	0.12029	0.02115	0.06058	0.20136	0.01845	0.16451	0.02458	0.02937	0.01488	0.01668	0.01187	0.00849	0.00730	0.00225	0.01140	0.00593	0.00499	0.01182
9	0.01829	0.01652	0.05929	0.01530	0.01968	0.01590	0.01283	0.11805	0.22435	0.03479	0.18114	0.07878	0.10251	0.01504	0.00938	0.00287	0.00662	0.04942	0.00830	0.01095
10	0.01869	0.06491	0.02429	0.01971	0.02149	0.10152	0.03710	0.02119	0.01514	0.02052	0.01509	0.02238	0.01416	0.02771	0.21091	0.00630	0.33817	0.00759	0.00407	0.00906
11	0.03056	0.03741	0.02354	0.02124	0.02560	0.58150	0.01605	0.07212	0.02451	0.02296	0.01426	0.01685	0.01186	0.01241	0.05018	0.00296	0.01542	0.00586	0.00467	0.01003
12	0.01478	0.00739	0.01109	0.01109	0.01109	0.00739	0.00739	0.01109	0.01109	0.01478	0.01478	0.02587	0.01478	0.02956	0.03326	0.75240	0.00739	0.00739	0.00370	0.00370
13	0.02275	0.70604	0.04459	0.01456	0.02184	0.03367	0.01456	0.02548	0.01729	0.02002	0.01183	0.01365	0.01092	0.00728	0.00546	0.00182	0.00910	0.00455	0.00364	0.01092
14	0.03026	0.03151	0.02467	0.02237	0.06103	0.34922	0.01659	0.22996	0.09270	0.03371	0.01799	0.01908	0.01384	0.00947	0.00810	0.00240	0.01216	0.00676	0.00620	0.01198
15	0.01220	0.00895	0.01284	0.01284	0.01407	0.01018	0.00959	0.01466	0.01343	0.01914	0.02356	0.03767	0.02311	0.18505	0.54848	0.01264	0.02003	0.00974	0.00467	0.00713
16	0.01238	0.00825	0.00928	0.00928	0.00928	0.00825	0.00516	0.01238	0.01238	0.01650	0.02681	0.05569	0.03094	0.70092	0.04331	0.00825	0.00825	0.01238	0.00516	0.00516
17	0.02476	0.01942	0.02079	0.01775	0.02314	0.02198	0.01407	0.18382	0.45739	0.07235	0.03115	0.02887	0.02294	0.01117	0.00862	0.00279	0.00740	0.00909	0.00872	0.01377
18	0.01851	0.01907	0.02310	0.01969	0.02334	0.16342	0.13437	0.02225	0.01764	0.02229	0.01977	0.02705	0.01725	0.03624	0.34012	0.00810	0.01816	0.00839	0.05233	0.00893
19	0.01784	0.13367	0.57392	0.02294	0.03480	0.02165	0.02916	0.02675	0.01788	0.02601	0.01481	0.01738	0.01080	0.00798	0.00773	0.00258	0.01211	0.00605	0.00360	0.01235
20	0.01823	0.01733	0.02942	0.40899	0.31324	0.01947	0.02471	0.02363	0.01804	0.02436	0.01551	0.02199	0.01227	0.00811	0.00847	0.00270	0.01081	0.00757	0.00397	0.01119
21	0.01953	0.03860	0.51104	0.02281	0.03376	0.02036	0.02754	0.13416	0.02190	0.03156	0.01772	0.05066	0.01362	0.00936	0.00830	0.00271	0.01163	0.00739	0.00469	0.01265
22	0.01058	0.00907	0.00912	0.00903	0.01199	0.00784	0.00679	0.01376	0.04806	0.02358	0.08380	0.07956	0.61547	0.02108	0.00999	0.00287	0.00442	0.01757	0.00794	0.00748
23	0.01961	0.01280	0.01448	0.01277	0.01602	0.01393	0.01011	0.19027	0.02310	0.03486	0.02436	0.02894	0.01957	0.02414	0.18014	0.00521	0.01045	0.00817	0.34136	0.00972
24	0.01947	0.01859	0.03166	0.25317	0.45937	0.01980	0.02532	0.02472	0.01862	0.02586	0.01573	0.02158	0.01280	0.00788	0.00845	0.00263	0.01050	0.00758	0.00407	0.01219
25	0.01804	0.03613	0.45789	0.07083	0.19632	0.01983	0.02960	0.02642	0.01828	0.02686	0.01545	0.01905	0.01151	0.00798	0.00820	0.00266	0.01186	0.00670	0.00376	0.01262
26	0.01075	0.00770	0.01022	0.01159	0.01243	0.00717	0.00793	0.01282	0.01808	0.02457	0.18394	0.55021	0.06180	0.02453	0.01067	0.00328	0.00473	0.02217	0.00824	0.00717
27	0.02323	0.02434	0.03243	0.04610	0.52205	0.15106	0.02416	0.02771	0.02034	0.02639	0.01543	0.01991	0.01297	0.00782	0.00827	0.00246	0.01117	0.00716	0.00425	0.01275
28	0.01159	0.00868	0.01074	0.01023	0.01243	0.00784	0.00767	0.01518	0.02301	0.03157	0.51534	0.06778	0.20990	0.01835	0.01004	0.00272	0.00408	0.01598	0.00903	0.00784
29	0.02330	0.02171	0.03183	0.04391	0.48926	0.05507	0.02345	0.11508	0.05633	0.03167	0.01753	0.02126	0.01418	0.00825	0.00841	0.00253	0.01009	0.00760	0.00510	0.01344
30	0.01173	0.00902	0.01265	0.01265	0.01445	0.00994	0.00979	0.01459	0.01483	0.02041	0.03563	0.04324	0.14738	0.05527	0.53421	0.01149	0.01905	0.01091	0.00524	0.00751
31	0.04970	0.01338	0.01321	0.01211	0.01551	0.05343	0.00947	0.10684	0.02347	0.03091	0.17590	0.06053	0.30111	0.01723	0.00940	0.00277	0.00605	0.05256	0.03762	0.00879
32	0.20017	0.02336	0.02154	0.01807	0.02249	0.13957	0.01463	0.22585	0.02469	0.03638	0.01555	0.01809	0.01226	0.01034	0.01141	0.00272	0.14635	0.00652	0.03894	0.01107
33	0.17051	0.06830	0.02348	0.01824	0.02399	0.23181	0.01467	0.25531	0.02794	0.06526	0.01653	0.01751	0.01242	0.00915	0.00744	0.00241	0.01066	0.00623	0.00636	0.01177
34	0.02838	0.16330	0.05512	0.01741	0.02394	0.16965	0.01493	0.10972	0.06029	0.16054	0.01977	0.01992	0.01464	0.00887	0.00744	0.00221	0.00986	0.00646	0.00637	0.10118
35	0.01632	0.07227	0.02070	0.02101	0.16505	0.01443	0.01317	0.02116	0.06028	0.02644	0.07509	0.04265	0.22378	0.01265	0.00833	0.00232	0.00668	0.01071	0.00615	0.18080
36	0.26060	0.05998	0.02052	0.06069	0.02393	0.10211	0.01364	0.12297	0.19195	0.03555	0.01989	0.02061	0.01515	0.00938	0.00724	0.00260	0.00860	0.00678	0.00641	0.01140
37	0.02232	0.02370	0.02686	0.03516	0.34169	0.18588	0.01974	0.02797	0.07650	0.02604	0.02670	0.02899	0.10141	0.01019	0.00848	0.00252	0.01035	0.00866	0.00517	0.01167
38	0.05951	0.03113	0.10190	0.04851	0.06263	0.29538	0.01807	0.08075	0.13702	0.05562	0.01907	0.02027	0.01454	0.00928	0.00798	0.00250	0.01172	0.00682	0.00568	0.01160

[dist]
# distance from previous block
# <min> <max>
6	19

[block]
# block no. 7 follows, 21 sequences, length 56
# corresponding to MSA columns:
# 498-553
name=unknown_H
#
# <colnr> <probs for GDERKNQSTAVLIFYWHMCP>
#	G	D	E	R	K	N	Q	S	T	A	V	L	I	F	Y	W	H	M	C	P
0	0.17446	0.02303	0.13021	0.02548	0.17259	0.01993	0.01892	0.17132	0.02343	0.06334	0.02189	0.02589	0.04718	0.00998	0.00799	0.00267	0.00909	0.03444	0.00602	0.01215
1	0.02345	0.01802	0.02268	0.02330	0.15010	0.01811	0.01540	0.09174	0.22936	0.10812	0.02466	0.02476	0.01852	0.00923	0.00802	0.00236	0.00764	0.00779	0.00710	0.18962
2	0.03235	0.02384	0.02554	0.01958	0.02639	0.02639	0.01618	0.61946	0.04001	0.05363	0.02043	0.02043	0.01447	0.01022	0.00851	0.00255	0.00936	0.00766	0.00851	0.01447
3	0.03179	0.04056	0.02412	0.02192	0.02631	0.66676	0.01644	0.03398	0.02412	0.02083	0.01315	0.01535	0.01096	0.00877	0.00767	0.00219	0.01535	0.00548	0.00438	0.00987
4	0.01006	0.00862	0.00862	0.00862	0.01149	0.00718	0.00647	0.01221	0.01940	0.02299	0.08621	0.08190	0.64438	0.02155	0.01006	0.00287	0.00431	0.01796	0.00790	0.00718
5	0.01037	0.00741	0.00987	0.01185	0.01234	0.00691	0.00790	0.01185	0.01629	0.02172	0.04690	0.69537	0.05629	0.02666	0.01086	0.00346	0.00494	0.02419	0.00790	0.00691
6	0.01684	0.01110	0.01259	0.01154	0.01407	0.01144	0.00850	0.05369	0.12404	0.06000	0.20692	0.04514	0.04091	0.15384	0.01549	0.00368	0.00576	0.01130	0.18417	0.00897
7	0.01141	0.00862	0.01053	0.01017	0.01235	0.00774	0.00758	0.01479	0.02243	0.03044	0.46023	0.09630	0.23830	0.01897	0.01008	0.00277	0.00414	0.01650	0.00889	0.00774
8	0.02095	0.02054	0.03637	0.05033	0.57747	0.02037	0.09502	0.02625	0.01946	0.02774	0.01615	0.02128	0.01341	0.00753	0.00861	0.00257	0.01060	0.00787	0.00422	0.01325
9	0.01216	0.00912	0.01368	0.01368	0.01520	0.01064	0.01064	0.01520	0.01368	0.01976	0.02279	0.03343	0.02127	0.06382	0.66720	0.01368	0.02279	0.00912	0.00456	0.00760
10	0.01040	0.00863	0.00909	0.00898	0.01170	0.00733	0.00673	0.01287	0.02020	0.02488	0.18100	0.07878	0.54841	0.02085	0.01005	0.00284	0.00426	0.01752	0.00815	0.00733
11	0.02319	0.67404	0.04361	0.01492	0.02206	0.06412	0.01465	0.02589	0.01762	0.02006	0.01189	0.01373	0.01092	0.00735	0.00557	0.00184	0.00940	0.00460	0.00368	0.01087
12	0.01024	0.00863	0.00888	0.00882	0.01161	0.00726	0.00661	0.01257	0.01984	0.02403	0.13834	0.08018	0.59160	0.02116	0.01006	0.00286	0.00428	0.01772	0.00804	0.00726
13	0.01216	0.00912	0.01368	0.01368	0.01520	0.01064	0.01064	0.01520	0.01368	0.01976	0.02279	0.03343	0.02127	0.06382	0.66720	0.01368	0.02279	0.00912	0.00456	0.00760
14	0.02827	0.03477	0.02384	0.02150	0.02494	0.51340	0.01648	0.03045	0.02152	0.02070	0.01338	0.01701	0.01162	0.01316	0.05077	0.00315	0.13508	0.00605	0.00428	0.00963
15	0.01446	0.01209	0.01710	0.02211	0.16535	0.01189	0.01373	0.01921	0.06510	0.02536	0.04623	0.21762	0.16245	0.01919	0.01016	0.00318	0.00686	0.15156	0.00707	0.00925
16	0.01958	0.33928	0.12047	0.02074	0.02806	0.02507	0.15941	0.02436	0.01743	0.02260	0.01542	0.01978	0.01313	0.01693	0.11892	0.00419	0.01312	0.00686	0.00395	0.01071
17	0.02375	0.02155	0.02285	0.04734	0.15150	0.13317	0.01641	0.03614	0.28389	0.08798	0.02943	0.02918	0.05779	0.01066	0.00851	0.00266	0.00900	0.00882	0.00696	0.01241
18	0.01864	0.01878	0.06264	0.01421	0.01743	0.16638	0.01177	0.02235	0.01810	0.02520	0.02186	0.02730	0.01824	0.02558	0.20374	0.00557	0.01294	0.00758	0.29304	0.00864
19	0.02111	0.02437	0.09598	0.04374	0.40431	0.06021	0.17113	0.02696	0.01971	0.02716	0.01606	0.02089	0.01293	0.00760	0.00874	0.00261	0.01170	0.00794	0.00419	0.01268
20	0.02722	0.08463	0.02469	0.02046	0.02419	0.46458	0.01589	0.02951	0.02104	0.02060	0.01394	0.01772	0.01219	0.01582	0.08688	0.00369	0.09701	0.00607	0.00427	0.00961
