[name]
unknown

[dist]
# distance from previous block
# <min> <max>
0	5

[block]
# block no. 0 follows, 22 sequences, length 20
# corresponding to MSA columns:
# 5-24
name=unknown_A
#
# <colnr> <probs for GDERKNQSTAVLIFYWHMCP>
#	G	D	E	R	K	N	Q	S	T	A	V	L	I	F	Y	W	H	M	C	P
0	0.01339	0.00956	0.01339	0.01530	0.01721	0.00956	0.01339	0.01721	0.01912	0.02486	0.04399	0.09371	0.04781	0.02295	0.01147	0.00382	0.00765	0.60031	0.00765	0.00765
1	0.03727	0.01414	0.01928	0.01478	0.02121	0.01221	0.01221	0.04049	0.02378	0.66198	0.03277	0.02828	0.02056	0.01028	0.00835	0.00257	0.00707	0.00835	0.01028	0.01414
2	0.02140	0.01821	0.01920	0.01705	0.02188	0.02101	0.01333	0.08352	0.60064	0.03594	0.03288	0.03025	0.02460	0.01118	0.00844	0.00280	0.00675	0.00926	0.00844	0.01322
3	0.01630	0.01539	0.02602	0.60823	0.13229	0.01862	0.02338	0.02176	0.01690	0.02197	0.01487	0.02195	0.01134	0.00819	0.00830	0.00273	0.01092	0.00739	0.00374	0.00972
4	0.01947	0.01863	0.03175	0.19339	0.52233	0.01945	0.02495	0.02454	0.01840	0.02582	0.01543	0.02092	0.01269	0.00760	0.00824	0.00253	0.01014	0.00740	0.00402	0.01228
5	0.02056	0.01974	0.03372	0.05099	0.65622	0.01974	0.02550	0.02550	0.01892	0.02714	0.01563	0.02056	0.01316	0.00740	0.00822	0.00247	0.00987	0.00740	0.00411	0.01316
6	0.01666	0.04297	0.66500	0.02368	0.03596	0.01929	0.03069	0.02631	0.01754	0.02631	0.01491	0.01754	0.01052	0.00789	0.00789	0.00263	0.01228	0.00614	0.00351	0.01228
7	0.01569	0.01477	0.02492	0.68808	0.05722	0.01846	0.02307	0.02123	0.01661	0.02123	0.01477	0.02215	0.01107	0.00831	0.00831	0.00277	0.01107	0.00738	0.00369	0.00923
8	0.01339	0.00823	0.01035	0.01046	0.01199	0.00883	0.00784	0.01648	0.01524	0.02442	0.02611	0.07426	0.02370	0.07784	0.29525	0.00731	0.01207	0.00949	0.33938	0.00737
9	0.01818	0.01818	0.02545	0.02181	0.02181	0.02545	0.01818	0.01999	0.01272	0.01999	0.01091	0.01818	0.01091	0.01454	0.02726	0.00364	0.69284	0.00727	0.00364	0.00909
10	0.01818	0.01675	0.02441	0.03315	0.35697	0.01712	0.01819	0.02702	0.17098	0.02795	0.03539	0.03639	0.15913	0.01140	0.00864	0.00263	0.00780	0.01015	0.00598	0.01178
11	0.02066	0.01785	0.01878	0.01691	0.02160	0.02066	0.01315	0.04414	0.64121	0.03475	0.03381	0.03099	0.02536	0.01127	0.00845	0.00282	0.00657	0.00939	0.00845	0.01315
12	0.76672	0.01607	0.01221	0.01092	0.01607	0.01864	0.00900	0.02442	0.01414	0.03727	0.01157	0.01350	0.00900	0.00771	0.00514	0.00257	0.00643	0.00450	0.00514	0.00900
13	0.02290	0.02418	0.03144	0.04438	0.51528	0.16613	0.02338	0.02721	0.01995	0.02562	0.01500	0.01931	0.01261	0.00766	0.00806	0.00239	0.01101	0.00694	0.00415	0.01237
14	0.21122	0.02151	0.02182	0.01711	0.02339	0.02402	0.01413	0.48090	0.03297	0.04867	0.01790	0.01837	0.01287	0.00942	0.00754	0.00251	0.00848	0.00675	0.00754	0.01287
15	0.03103	0.03959	0.02354	0.02140	0.02568	0.67469	0.01605	0.03317	0.02354	0.02033	0.01284	0.01498	0.01070	0.00856	0.00749	0.00214	0.01498	0.00535	0.00428	0.00963
16	0.01996	0.01913	0.03264	0.12911	0.58277	0.01958	0.02520	0.02497	0.01863	0.02642	0.01552	0.02076	0.01290	0.00751	0.00823	0.00250	0.01002	0.00740	0.00406	0.01268
17	0.02029	0.02102	0.02348	0.02532	0.17764	0.16204	0.05450	0.02492	0.04898	0.02521	0.02579	0.03208	0.08693	0.01039	0.00817	0.00231	0.00947	0.05890	0.00525	0.17731
18	0.05894	0.16660	0.02743	0.01969	0.05598	0.23847	0.01535	0.23028	0.02653	0.03244	0.01565	0.01721	0.01234	0.00869	0.00720	0.00221	0.01071	0.00605	0.03680	0.01143
19	0.01755	0.01199	0.01336	0.01196	0.01427	0.01288	0.00867	0.15334	0.05151	0.02862	0.02488	0.03799	0.02337	0.29328	0.10304	0.00593	0.00910	0.00963	0.16028	0.00833

[dist]
# distance from previous block
# <min> <max>
0	1

[block]
# block no. 1 follows, 22 sequences, length 13
# corresponding to MSA columns:
# 26-38
name=unknown_B
#
# <colnr> <probs for GDERKNQSTAVLIFYWHMCP>
#	G	D	E	R	K	N	Q	S	T	A	V	L	I	F	Y	W	H	M	C	P
0	0.01729	0.01228	0.01382	0.01259	0.01464	0.01289	0.00881	0.19136	0.02085	0.02788	0.02906	0.19973	0.03145	0.34141	0.02480	0.00531	0.00760	0.01351	0.00663	0.00809
1	0.02438	0.02376	0.01976	0.01739	0.02110	0.24956	0.01334	0.09580	0.12617	0.06797	0.10727	0.02932	0.02523	0.07435	0.01282	0.00304	0.06344	0.00854	0.00648	0.01029
2	0.01119	0.00791	0.00983	0.01032	0.01119	0.00748	0.00686	0.01294	0.01708	0.02321	0.21790	0.28715	0.08191	0.23370	0.02011	0.00457	0.00553	0.01727	0.00730	0.00655
3	0.02901	0.15432	0.02806	0.01781	0.02458	0.02631	0.01516	0.48016	0.03363	0.04472	0.01806	0.01853	0.01337	0.00922	0.00762	0.00229	0.00893	0.00676	0.00722	0.05424
4	0.02179	0.52212	0.12923	0.01626	0.02344	0.02928	0.01682	0.02540	0.01694	0.05158	0.01300	0.01508	0.01114	0.00803	0.00779	0.00210	0.07008	0.00512	0.00388	0.01092
5	0.01408	0.01120	0.01450	0.01379	0.01527	0.01317	0.01035	0.01958	0.11745	0.02113	0.02392	0.03628	0.02284	0.21224	0.33226	0.00918	0.09003	0.00961	0.00517	0.00795
6	0.02282	0.03206	0.31931	0.02383	0.03332	0.02204	0.12411	0.25516	0.02606	0.03626	0.01714	0.01926	0.01224	0.00853	0.00837	0.00261	0.01137	0.00726	0.00545	0.01280
7	0.02897	0.03476	0.02254	0.02031	0.02449	0.54371	0.01540	0.08407	0.02380	0.02306	0.01451	0.01737	0.01212	0.01462	0.08123	0.00341	0.01526	0.00593	0.00466	0.00979
8	0.01675	0.12728	0.01731	0.01140	0.01498	0.01353	0.00916	0.06351	0.02109	0.08350	0.22155	0.05178	0.20646	0.09156	0.01241	0.00311	0.00595	0.01246	0.00742	0.00880
9	0.05920	0.16222	0.02681	0.02077	0.09988	0.16097	0.01520	0.18425	0.02471	0.06685	0.01964	0.02096	0.03919	0.00913	0.00729	0.00226	0.00965	0.00675	0.05281	0.01144
10	0.02249	0.25229	0.09881	0.01663	0.02279	0.10117	0.01549	0.15931	0.02286	0.02826	0.02601	0.02680	0.11832	0.01070	0.00838	0.00234	0.04339	0.00774	0.00540	0.01081
11	0.06046	0.01099	0.01119	0.01143	0.01339	0.06079	0.00840	0.01567	0.01648	0.02282	0.04132	0.21060	0.17433	0.02782	0.14289	0.04724	0.00907	0.01386	0.09400	0.00725
12	0.06052	0.05568	0.15493	0.05831	0.02421	0.01759	0.01567	0.11235	0.11629	0.02935	0.02237	0.07680	0.02002	0.12643	0.01357	0.00345	0.00862	0.00893	0.00576	0.06914

[dist]
# distance from previous block
# <min> <max>
29	64

[block]
# block no. 2 follows, 22 sequences, length 10
# corresponding to MSA columns:
# 105-114
name=unknown_C
#
# <colnr> <probs for GDERKNQSTAVLIFYWHMCP>
#	G	D	E	R	K	N	Q	S	T	A	V	L	I	F	Y	W	H	M	C	P
0	0.02433	0.02688	0.03006	0.04034	0.42928	0.25546	0.02210	0.02826	0.02058	0.02469	0.01462	0.01855	0.01227	0.00782	0.00796	0.00235	0.01171	0.00666	0.00417	0.01189
1	0.01770	0.09986	0.27893	0.01728	0.02468	0.01723	0.01864	0.08602	0.02017	0.02851	0.13867	0.02678	0.02466	0.01188	0.01051	0.08301	0.00890	0.00784	0.00525	0.07347
2	0.08592	0.02528	0.06329	0.19775	0.07157	0.21408	0.05176	0.09792	0.02154	0.02756	0.01546	0.01920	0.01194	0.00846	0.00770	0.00246	0.01134	0.00663	0.04979	0.01035
3	0.12409	0.01790	0.05367	0.21998	0.03056	0.08608	0.01549	0.02450	0.11037	0.02627	0.05150	0.13277	0.04935	0.01236	0.00825	0.00276	0.00865	0.01029	0.00569	0.00945
4	0.02338	0.02999	0.10742	0.03282	0.18002	0.24294	0.20958	0.02855	0.02055	0.02456	0.01496	0.01889	0.01185	0.00773	0.00843	0.00248	0.01317	0.00731	0.00413	0.01125
5	0.01645	0.01594	0.01507	0.01642	0.07691	0.13918	0.01053	0.01952	0.05513	0.02109	0.03592	0.11463	0.14522	0.21627	0.06158	0.00489	0.00933	0.01222	0.00577	0.00792
6	0.01133	0.00798	0.01038	0.01106	0.01162	0.00819	0.00737	0.01261	0.01377	0.01874	0.03213	0.27928	0.03656	0.29832	0.19486	0.00776	0.01058	0.01536	0.00584	0.00626
7	0.08625	0.02928	0.09551	0.02687	0.12966	0.27401	0.11106	0.02758	0.01999	0.02457	0.01819	0.02120	0.04967	0.00902	0.00886	0.00249	0.04372	0.00719	0.00441	0.01049
8	0.01450	0.08675	0.02023	0.05863	0.11119	0.01358	0.04538	0.01803	0.01922	0.02499	0.13607	0.05330	0.25322	0.01493	0.00899	0.00263	0.00681	0.06184	0.00640	0.04330
9	0.20905	0.09717	0.08273	0.01589	0.02165	0.14432	0.01395	0.03091	0.13954	0.09079	0.02323	0.02330	0.05566	0.00963	0.00714	0.00247	0.00883	0.00699	0.00596	0.01079

[dist]
# distance from previous block
# <min> <max>
0	3

[block]
# block no. 3 follows, 22 sequences, length 17
# corresponding to MSA columns:
# 118-134
name=unknown_D
#
# <colnr> <probs for GDERKNQSTAVLIFYWHMCP>
#	G	D	E	R	K	N	Q	S	T	A	V	L	I	F	Y	W	H	M	C	P
0	0.02424	0.07302	0.02794	0.02785	0.19343	0.11324	0.01849	0.19100	0.02347	0.03080	0.01557	0.01927	0.01287	0.01251	0.04664	0.00318	0.14264	0.00698	0.00518	0.01167
1	0.01884	0.03400	0.38356	0.02386	0.07536	0.10605	0.02439	0.02480	0.01713	0.02357	0.01410	0.01825	0.01117	0.01088	0.01288	0.07602	0.10436	0.00638	0.00368	0.01072
2	0.01689	0.02059	0.14784	0.03263	0.31770	0.01584	0.02142	0.02212	0.01870	0.02588	0.03050	0.04312	0.10484	0.01255	0.00905	0.00283	0.00912	0.13214	0.00521	0.01102
3	0.01973	0.01940	0.03060	0.23402	0.44763	0.05569	0.02427	0.02468	0.01850	0.02505	0.01522	0.02071	0.01242	0.00773	0.00821	0.00254	0.01050	0.00728	0.00400	0.01182
4	0.06260	0.02243	0.15637	0.01903	0.02502	0.01876	0.08500	0.19756	0.02268	0.03334	0.01780	0.02142	0.01374	0.01153	0.01204	0.08839	0.06108	0.00729	0.11330	0.01063
5	0.08462	0.02690	0.02230	0.06981	0.11226	0.32890	0.01597	0.03029	0.04296	0.10517	0.02195	0.02333	0.06142	0.00958	0.00779	0.00239	0.01121	0.00716	0.00545	0.01054
6	0.02284	0.07648	0.25689	0.02890	0.18069	0.24399	0.02345	0.02837	0.01988	0.02406	0.01417	0.01714	0.01123	0.00796	0.00768	0.00237	0.01242	0.00607	0.00392	0.01149
7	0.01481	0.02078	0.21986	0.11911	0.02746	0.01328	0.01787	0.02012	0.01842	0.05740	0.04342	0.05047	0.23546	0.01462	0.00912	0.00287	0.00843	0.09112	0.00589	0.00948
8	0.01677	0.03753	0.54009	0.02148	0.03282	0.01771	0.02667	0.02527	0.01748	0.02646	0.01488	0.01748	0.01087	0.00756	0.00756	0.00236	0.01110	0.00590	0.00378	0.15623
9	0.01177	0.00813	0.01015	0.01103	0.01162	0.00797	0.00752	0.01308	0.01501	0.01997	0.06189	0.24533	0.04264	0.35382	0.02601	0.00568	0.00689	0.12889	0.00647	0.00614
10	0.01104	0.00846	0.01010	0.00969	0.01197	0.00753	0.00727	0.01428	0.02181	0.02927	0.44061	0.06871	0.29214	0.01849	0.00981	0.00268	0.00403	0.01596	0.00861	0.00753
11	0.01946	0.07805	0.15958	0.03467	0.16815	0.02133	0.34406	0.02619	0.01887	0.02613	0.01581	0.02043	0.01219	0.00726	0.00878	0.00262	0.01243	0.00822	0.00401	0.01177
12	0.01012	0.00723	0.00964	0.01157	0.01205	0.00675	0.00771	0.01157	0.01591	0.02121	0.04579	0.70262	0.05495	0.02603	0.01060	0.00337	0.00482	0.02362	0.00771	0.00675
13	0.02427	0.02742	0.02164	0.02115	0.08051	0.35695	0.01485	0.05124	0.02205	0.02471	0.11775	0.02521	0.02293	0.03606	0.01059	0.00252	0.06086	0.00756	0.00525	0.06647
14	0.02130	0.02114	0.03300	0.04890	0.61164	0.06604	0.02483	0.02604	0.01924	0.02666	0.01543	0.02017	0.01299	0.00748	0.00817	0.00244	0.01023	0.00726	0.00412	0.01291
15	0.01362	0.01190	0.01573	0.01983	0.16112	0.01134	0.01225	0.01825	0.06616	0.02480	0.05882	0.06456	0.37141	0.01744	0.00959	0.00287	0.00618	0.09819	0.00693	0.00898
16	0.01595	0.01270	0.01600	0.01793	0.10110	0.01268	0.01201	0.02379	0.16818	0.05574	0.04592	0.16204	0.18424	0.01669	0.00935	0.00289	0.00626	0.08111	0.00738	0.04805

[dist]
# distance from previous block
# <min> <max>
0	1

[block]
# block no. 4 follows, 22 sequences, length 27
# corresponding to MSA columns:
# 136-162
name=unknown_E
#
# <colnr> <probs for GDERKNQSTAVLIFYWHMCP>
#	G	D	E	R	K	N	Q	S	T	A	V	L	I	F	Y	W	H	M	C	P
0	0.02789	0.28209	0.03096	0.01853	0.02411	0.36600	0.01535	0.09967	0.02294	0.02379	0.01320	0.01496	0.01109	0.00820	0.00680	0.00205	0.01209	0.00527	0.00449	0.01053
1	0.20918	0.17980	0.31199	0.01802	0.02690	0.02260	0.02039	0.07523	0.01831	0.02977	0.01375	0.01580	0.01046	0.00785	0.00667	0.00242	0.00980	0.00547	0.00433	0.01125
2	0.01790	0.03014	0.36978	0.02512	0.11853	0.01720	0.05512	0.02605	0.04705	0.06418	0.12274	0.02682	0.02351	0.00957	0.00841	0.00262	0.01009	0.00825	0.00517	0.01175
3	0.02552	0.11989	0.08681	0.02374	0.06269	0.30711	0.11798	0.07852	0.02226	0.02529	0.01489	0.01765	0.01189	0.00816	0.00766	0.00228	0.01254	0.00643	0.03794	0.01074
4	0.02833	0.08932	0.02432	0.01958	0.02417	0.44820	0.01525	0.12430	0.02434	0.02520	0.01486	0.01752	0.01232	0.01443	0.07909	0.00337	0.01434	0.00599	0.00487	0.01019
5	0.20406	0.01227	0.01179	0.01116	0.01476	0.01287	0.00861	0.02208	0.14925	0.02932	0.08365	0.09197	0.28714	0.01570	0.00839	0.00277	0.00529	0.01277	0.00730	0.00884
6	0.01547	0.05008	0.01729	0.01630	0.04721	0.10384	0.01209	0.01840	0.01521	0.01982	0.02008	0.02862	0.01849	0.04941	0.51642	0.01068	0.01997	0.00811	0.00436	0.00816
7	0.01406	0.00990	0.01182	0.01103	0.01243	0.01019	0.00757	0.07949	0.01803	0.02476	0.18357	0.04990	0.03951	0.37712	0.10967	0.00674	0.00890	0.01193	0.00635	0.00702
8	0.01995	0.01909	0.03228	0.04857	0.61949	0.01901	0.02440	0.02472	0.01892	0.02687	0.01953	0.02394	0.04959	0.00818	0.00832	0.00249	0.00955	0.00798	0.00432	0.01281
9	0.49150	0.11568	0.01913	0.01386	0.01906	0.17643	0.01138	0.02656	0.01674	0.03086	0.01187	0.01383	0.00963	0.00783	0.00572	0.00236	0.00879	0.00469	0.00472	0.00937
10	0.01872	0.09045	0.01924	0.01470	0.01929	0.01895	0.01175	0.05971	0.40030	0.03096	0.04278	0.04025	0.17238	0.01309	0.00844	0.00269	0.00637	0.01071	0.00775	0.01147
11	0.01686	0.01329	0.01524	0.01135	0.01759	0.01038	0.00900	0.02059	0.01727	0.02789	0.01735	0.02011	0.01419	0.00689	0.00608	0.00138	0.00567	0.00551	0.16198	0.60138
12	0.01549	0.00774	0.00774	0.00774	0.00968	0.00774	0.00581	0.01936	0.01742	0.03097	0.02710	0.03097	0.02129	0.00968	0.00581	0.00194	0.00387	0.00774	0.75416	0.00774
13	0.02025	0.01942	0.03315	0.09211	0.61756	0.01966	0.02534	0.02522	0.01877	0.02676	0.01557	0.02066	0.01302	0.00746	0.00823	0.00249	0.00995	0.00740	0.00409	0.01291
14	0.01208	0.00805	0.00906	0.00906	0.00906	0.00805	0.00503	0.01208	0.01208	0.01611	0.02618	0.05436	0.03020	0.70804	0.04228	0.00805	0.00805	0.01208	0.00503	0.00503
15	0.02276	0.02390	0.03159	0.04479	0.52405	0.15703	0.02352	0.02710	0.01989	0.02571	0.01504	0.01939	0.01264	0.00764	0.00807	0.00240	0.01094	0.00697	0.00415	0.01242
16	0.02059	0.16570	0.06750	0.03148	0.29465	0.02115	0.05258	0.05794	0.01923	0.02686	0.01487	0.01828	0.01234	0.00724	0.00728	0.00211	0.00924	0.00636	0.00436	0.16024
17	0.03045	0.03849	0.02411	0.02304	0.06058	0.63845	0.01657	0.03275	0.02329	0.02071	0.01300	0.01529	0.01084	0.00850	0.00753	0.00216	0.01470	0.00546	0.00427	0.00983
18	0.01768	0.01882	0.08645	0.03720	0.42124	0.01639	0.02106	0.02269	0.01983	0.02823	0.16300	0.03254	0.05851	0.01028	0.00863	0.00253	0.00847	0.00950	0.00537	0.01158
19	0.45469	0.01261	0.01035	0.00960	0.01341	0.01411	0.00767	0.02232	0.01550	0.03466	0.01802	0.02075	0.01410	0.00853	0.00542	0.00231	0.00537	0.00585	0.31626	0.00848
20	0.02056	0.01974	0.03372	0.05099	0.65622	0.01974	0.02550	0.02550	0.01892	0.02714	0.01563	0.02056	0.01316	0.00740	0.00822	0.00247	0.00987	0.00740	0.00411	0.01316
21	0.02056	0.01974	0.03372	0.05099	0.65622	0.01974	0.02550	0.02550	0.01892	0.02714	0.01563	0.02056	0.01316	0.00740	0.00822	0.00247	0.00987	0.00740	0.00411	0.01316
22	0.02318	0.02058	0.03163	0.04342	0.50643	0.02117	0.02319	0.16877	0.02370	0.03313	0.01665	0.02041	0.01339	0.00801	0.00824	0.00247	0.00970	0.00742	0.00511	0.01339
23	0.01239	0.01104	0.01449	0.01870	0.16451	0.01002	0.01095	0.01513	0.01876	0.02349	0.06577	0.10000	0.46806	0.01807	0.00948	0.00276	0.00559	0.01546	0.00686	0.00846
24	0.02556	0.23737	0.05810	0.01662	0.02230	0.22311	0.01443	0.06104	0.02118	0.11101	0.02320	0.02395	0.07647	0.01204	0.03708	0.00270	0.01082	0.00701	0.00542	0.01059
25	0.02122	0.01959	0.02040	0.02248	0.15211	0.16333	0.01438	0.08041	0.02403	0.06520	0.28076	0.03691	0.04021	0.01204	0.00873	0.00246	0.00833	0.01016	0.00697	0.01029
26	0.01807	0.16045	0.02064	0.01334	0.01778	0.01856	0.01089	0.08479	0.21159	0.02802	0.04237	0.04293	0.21116	0.07074	0.01099	0.00300	0.00672	0.01085	0.00691	0.01020

[dist]
# distance from previous block
# <min> <max>
0	4

[block]
# block no. 5 follows, 22 sequences, length 51
# corresponding to MSA columns:
# 167-217
name=unknown_F
#
# <colnr> <probs for GDERKNQSTAVLIFYWHMCP>
#	G	D	E	R	K	N	Q	S	T	A	V	L	I	F	Y	W	H	M	C	P
0	0.01846	0.04774	0.01562	0.01373	0.01661	0.12429	0.01031	0.02251	0.06806	0.09712	0.15766	0.25881	0.08183	0.01713	0.00919	0.00277	0.00692	0.01469	0.00756	0.00899
1	0.02308	0.03109	0.14684	0.02413	0.07823	0.26867	0.02007	0.02803	0.05489	0.02277	0.01412	0.01779	0.01178	0.01024	0.01344	0.00274	0.21096	0.00646	0.00417	0.01047
2	0.02042	0.02067	0.01646	0.01532	0.01874	0.23592	0.01169	0.02620	0.11343	0.05326	0.16269	0.06981	0.13592	0.01439	0.00890	0.00262	0.00852	0.04868	0.00706	0.00931
3	0.01871	0.02779	0.19988	0.02226	0.02889	0.14244	0.15405	0.02393	0.01898	0.02378	0.02965	0.03181	0.15114	0.01134	0.01055	0.00271	0.07789	0.00940	0.00474	0.01007
4	0.02203	0.30468	0.03000	0.01801	0.04830	0.20084	0.01460	0.02466	0.01775	0.02005	0.01437	0.01859	0.01300	0.02001	0.15345	0.00454	0.05549	0.00596	0.00398	0.00968
5	0.02515	0.02965	0.02200	0.04824	0.10040	0.41735	0.01560	0.05116	0.02245	0.02285	0.02712	0.02850	0.13346	0.01084	0.00809	0.00234	0.01193	0.00808	0.00505	0.00972
6	0.02074	0.01760	0.02412	0.02954	0.27947	0.01826	0.01733	0.16275	0.10003	0.03400	0.10344	0.03385	0.10005	0.01126	0.00865	0.00257	0.00790	0.00980	0.00664	0.01200
7	0.02488	0.08316	0.03076	0.03056	0.21129	0.26226	0.09154	0.05401	0.08355	0.02571	0.01640	0.01917	0.01324	0.00824	0.00794	0.00237	0.01181	0.00690	0.00474	0.01146
8	0.02054	0.24693	0.33326	0.01968	0.02856	0.13599	0.02199	0.02640	0.01844	0.02302	0.01667	0.01864	0.03985	0.00837	0.00712	0.00229	0.01133	0.00600	0.00385	0.01108
9	0.02260	0.14103	0.03368	0.03977	0.44234	0.13193	0.02199	0.02668	0.01935	0.02470	0.01447	0.01839	0.01232	0.00755	0.00761	0.00229	0.01056	0.00655	0.00405	0.01214
10	0.01424	0.01455	0.07755	0.01978	0.13794	0.01198	0.01377	0.01986	0.06101	0.02930	0.30292	0.05263	0.14934	0.01493	0.00933	0.00270	0.00627	0.04515	0.00729	0.00947
11	0.01884	0.15993	0.25070	0.02212	0.10136	0.09873	0.02036	0.02434	0.01919	0.02502	0.09811	0.02880	0.05183	0.01021	0.00789	0.00245	0.01003	0.03458	0.00478	0.01074
12	0.02025	0.01942	0.03315	0.09218	0.61750	0.01966	0.02534	0.02522	0.01877	0.02676	0.01557	0.02066	0.01302	0.00746	0.00823	0.00249	0.00995	0.00740	0.00408	0.01290
13	0.01851	0.03723	0.47390	0.03003	0.18289	0.06118	0.02852	0.02655	0.01825	0.02613	0.01495	0.01810	0.01116	0.00782	0.00795	0.00256	0.01188	0.00639	0.00370	0.01232
14	0.01051	0.00858	0.01009	0.01009	0.01245	0.00816	0.00769	0.01291	0.01704	0.02137	0.06317	0.06391	0.43857	0.03503	0.23536	0.00638	0.01032	0.01461	0.00661	0.00715
15	0.02454	0.35271	0.03513	0.01912	0.02456	0.24870	0.06247	0.02727	0.01888	0.02041	0.01232	0.01514	0.01085	0.00843	0.00889	0.00219	0.08888	0.00548	0.00386	0.01018
16	0.01285	0.00856	0.01113	0.01084	0.01280	0.00782	0.00799	0.01609	0.02160	0.06864	0.44855	0.20072	0.10322	0.01878	0.00989	0.00279	0.00433	0.01663	0.00882	0.00794
17	0.02462	0.30352	0.03077	0.01648	0.02276	0.02720	0.01439	0.21429	0.20271	0.03390	0.02049	0.02041	0.01593	0.00917	0.00713	0.00229	0.00830	0.00679	0.00641	0.01243
18	0.01690	0.07182	0.63824	0.02327	0.03533	0.01988	0.02998	0.02625	0.01751	0.02602	0.01476	0.01736	0.01053	0.00786	0.00778	0.00259	0.01213	0.00607	0.00351	0.01221
19	0.01012	0.00723	0.00964	0.01157	0.01205	0.00675	0.00771	0.01157	0.01591	0.02121	0.04579	0.70262	0.05495	0.02603	0.01060	0.00337	0.00482	0.02362	0.00771	0.00675
20	0.01443	0.00722	0.01082	0.01082	0.01082	0.00722	0.00722	0.01082	0.01082	0.01443	0.01443	0.02525	0.01443	0.02886	0.03247	0.75830	0.00722	0.00722	0.00361	0.00361
21	0.02890	0.03112	0.02282	0.01990	0.02481	0.38378	0.01536	0.17160	0.16179	0.03079	0.01904	0.01961	0.01468	0.00947	0.00789	0.00237	0.01181	0.00672	0.00611	0.01143
22	0.01187	0.00890	0.01335	0.01335	0.01483	0.01038	0.01038	0.01483	0.01335	0.01928	0.02225	0.03264	0.02077	0.06231	0.67512	0.01335	0.02225	0.00890	0.00445	0.00742
23	0.01012	0.00723	0.00964	0.01157	0.01205	0.00675	0.00771	0.01157	0.01591	0.02121	0.04579	0.70262	0.05495	0.02603	0.01060	0.00337	0.00482	0.02362	0.00771	0.00675
24	0.03139	0.02880	0.02446	0.01989	0.02574	0.24575	0.01588	0.42669	0.03380	0.04150	0.01754	0.01826	0.01297	0.00949	0.00803	0.00237	0.01112	0.00676	0.00694	0.01260
25	0.01583	0.01459	0.02039	0.01812	0.01850	0.01951	0.01461	0.01772	0.01280	0.01934	0.01564	0.02623	0.01575	0.11055	0.19378	0.00664	0.43955	0.00827	0.00401	0.00817
26	0.01152	0.00848	0.01078	0.01021	0.01227	0.00774	0.00765	0.01522	0.02296	0.03200	0.58319	0.06422	0.14785	0.01747	0.00980	0.00264	0.00395	0.01533	0.00897	0.00774
27	0.01873	0.01910	0.02536	0.02179	0.02198	0.05348	0.01808	0.02056	0.01319	0.02001	0.01099	0.01804	0.01090	0.01428	0.02641	0.00357	0.66356	0.00719	0.00366	0.00911
28	0.02990	0.03744	0.02464	0.02460	0.09392	0.60381	0.01707	0.03234	0.02304	0.02107	0.01314	0.01559	0.01097	0.00844	0.00757	0.00218	0.01443	0.00557	0.00426	0.01001
29	0.03282	0.02128	0.02370	0.01817	0.02477	0.02281	0.01501	0.50028	0.03573	0.18530	0.02274	0.02176	0.01553	0.01004	0.00832	0.00251	0.00869	0.00767	0.00874	0.01413
30	0.06103	0.11736	0.55648	0.02186	0.03314	0.02079	0.02756	0.02604	0.01727	0.02618	0.01433	0.01683	0.01045	0.00779	0.00744	0.00253	0.01155	0.00585	0.00361	0.01190
31	0.37252	0.38510	0.02879	0.01267	0.01885	0.02617	0.01176	0.02466	0.01559	0.02789	0.01156	0.01341	0.00988	0.00739	0.00524	0.00215	0.00773	0.00447	0.00430	0.00988
32	0.07834	0.02572	0.02387	0.01900	0.02513	0.14099	0.01540	0.48388	0.03470	0.04569	0.01814	0.01865	0.01319	0.00958	0.00796	0.00244	0.01001	0.00691	0.00739	0.01300
33	0.01569	0.01477	0.02492	0.68808	0.05722	0.01846	0.02307	0.02123	0.01661	0.02123	0.01477	0.02215	0.01107	0.00831	0.00831	0.00277	0.01107	0.00738	0.00369	0.00923
34	0.01012	0.00723	0.00964	0.01157	0.01205	0.00675	0.00771	0.01157	0.01591	0.02121	0.04579	0.70262	0.05495	0.02603	0.01060	0.00337	0.00482	0.02362	0.00771	0.00675
35	0.01829	0.01742	0.02962	0.34806	0.37691	0.01914	0.02437	0.02350	0.01784	0.02438	0.01522	0.02130	0.01219	0.00782	0.00826	0.00261	0.01043	0.00739	0.00392	0.01133
36	0.01233	0.00960	0.01474	0.09429	0.01992	0.01135	0.01191	0.01560	0.01374	0.01952	0.02135	0.03138	0.01961	0.05583	0.59513	0.01208	0.02091	0.00872	0.00436	0.00763
37	0.02056	0.01974	0.03372	0.05099	0.65622	0.01974	0.02550	0.02550	0.01892	0.02714	0.01563	0.02056	0.01316	0.00740	0.00822	0.00247	0.00987	0.00740	0.00411	0.01316
38	0.01041	0.00848	0.00909	0.00914	0.01162	0.00734	0.00687	0.01272	0.01910	0.02353	0.14631	0.07719	0.50906	0.06074	0.01181	0.00315	0.00462	0.05406	0.00773	0.00704
39	0.19734	0.03295	0.06042	0.05883	0.02599	0.44548	0.01576	0.03004	0.02061	0.02462	0.01279	0.01523	0.01032	0.00831	0.00703	0.00231	0.01263	0.00533	0.00439	0.00962
40	0.01906	0.24628	0.33132	0.02333	0.03312	0.02390	0.16162	0.02593	0.01781	0.02428	0.01430	0.01734	0.01104	0.00745	0.00753	0.00240	0.01162	0.00645	0.00368	0.01153
41	0.00985	0.00827	0.00856	0.00879	0.01132	0.00698	0.00648	0.01188	0.01857	0.02229	0.07955	0.15464	0.58113	0.02164	0.00991	0.00287	0.00428	0.01826	0.00771	0.00698
42	0.01124	0.00887	0.01040	0.01116	0.01361	0.00803	0.00913	0.01403	0.01901	0.02341	0.06814	0.08543	0.41165	0.02180	0.01048	0.00321	0.00558	0.24985	0.00769	0.00727
43	0.01755	0.26716	0.24417	0.01648	0.02365	0.02097	0.01806	0.02279	0.01650	0.02316	0.01659	0.02055	0.01381	0.01820	0.13384	0.00429	0.01198	0.00626	0.09375	0.01024
44	0.02078	0.02037	0.06574	0.11746	0.33103	0.02034	0.02159	0.08593	0.17213	0.03057	0.02031	0.02306	0.01581	0.00873	0.00828	0.00260	0.00929	0.00782	0.00547	0.01270
45	0.01734	0.01645	0.02790	0.47210	0.26028	0.01889	0.02389	0.02267	0.01739	0.02323	0.01506	0.02161	0.01178	0.00800	0.00828	0.00267	0.01067	0.00739	0.00383	0.01056
46	0.02605	0.11305	0.05487	0.01865	0.02374	0.35274	0.01524	0.09488	0.09274	0.02648	0.05967	0.02300	0.04449	0.00988	0.00769	0.00229	0.01139	0.00710	0.00551	0.01053
47	0.11484	0.05838	0.02752	0.10227	0.06988	0.01919	0.13133	0.13076	0.02254	0.17663	0.02023	0.02199	0.01440	0.00866	0.00792	0.00254	0.00928	0.00758	0.04225	0.01180
48	0.01901	0.15076	0.07005	0.03175	0.31774	0.01974	0.01922	0.05829	0.01898	0.02585	0.02164	0.16770	0.02169	0.01159	0.00818	0.00255	0.00869	0.01030	0.00500	0.01129
49	0.05256	0.15731	0.14750	0.04736	0.02588	0.24266	0.01754	0.05029	0.01981	0.02439	0.01472	0.01751	0.01189	0.00864	0.00812	0.00229	0.05095	0.00584	0.08453	0.01022
50	0.02103	0.02970	0.18822	0.03166	0.18827	0.16199	0.16080	0.02682	0.01975	0.02505	0.01919	0.02256	0.04993	0.00850	0.00844	0.00253	0.01218	0.00780	0.00424	0.01136

[dist]
# distance from previous block
# <min> <max>
0	5

[block]
# block no. 6 follows, 22 sequences, length 6
# corresponding to MSA columns:
# 223-228
name=unknown_G
#
# <colnr> <probs for GDERKNQSTAVLIFYWHMCP>
#	G	D	E	R	K	N	Q	S	T	A	V	L	I	F	Y	W	H	M	C	P
0	0.08157	0.02181	0.02573	0.02870	0.21653	0.09755	0.01835	0.13368	0.10602	0.03126	0.01733	0.02022	0.01395	0.00989	0.01154	0.00271	0.13869	0.00720	0.00545	0.01183
1	0.02175	0.02511	0.11690	0.08155	0.16209	0.10865	0.14627	0.03078	0.13532	0.05936	0.01959	0.02223	0.01484	0.00848	0.00846	0.00261	0.01109	0.00787	0.00516	0.01190
2	0.02079	0.07314	0.13842	0.11374	0.05908	0.02241	0.09309	0.14877	0.02116	0.02955	0.01573	0.01985	0.01231	0.00962	0.01191	0.00274	0.14847	0.00726	0.04076	0.01118
3	0.31076	0.13857	0.10424	0.01638	0.02290	0.01973	0.09640	0.02452	0.01720	0.06192	0.06390	0.02311	0.05119	0.00907	0.00691	0.00249	0.00834	0.00709	0.00523	0.01006
4	0.17820	0.13298	0.07452	0.02342	0.17875	0.10067	0.01591	0.02383	0.01717	0.02552	0.01829	0.02409	0.04379	0.09750	0.01140	0.00308	0.00930	0.00703	0.00450	0.01004
5	0.02101	0.17209	0.11283	0.12610	0.02903	0.20612	0.01777	0.02496	0.01889	0.02157	0.01863	0.03027	0.01744	0.04917	0.00976	0.00282	0.01120	0.09627	0.00448	0.00959

[dist]
# distance from previous block
# <min> <max>
4	34

[block]
# block no. 7 follows, 22 sequences, length 153
# corresponding to MSA columns:
# 263-415
name=unknown_H
#
# <colnr> <probs for GDERKNQSTAVLIFYWHMCP>
#	G	D	E	R	K	N	Q	S	T	A	V	L	I	F	Y	W	H	M	C	P
0	0.16399	0.13132	0.05163	0.01486	0.05586	0.04837	0.01141	0.02020	0.01627	0.02494	0.04832	0.10882	0.04743	0.13130	0.01315	0.00333	0.00763	0.00938	0.00522	0.08655
1	0.16627	0.04653	0.02063	0.13776	0.12353	0.14246	0.01524	0.02326	0.01785	0.02546	0.02299	0.02645	0.08673	0.01406	0.06270	0.00337	0.01045	0.00763	0.03716	0.00945
2	0.11553	0.19805	0.08545	0.13711	0.16717	0.02175	0.01832	0.04691	0.01805	0.02596	0.02050	0.02338	0.07194	0.00895	0.00722	0.00240	0.00903	0.00711	0.00448	0.01069
3	0.02115	0.06344	0.25905	0.03009	0.21342	0.02109	0.05023	0.15500	0.02268	0.03168	0.01883	0.02139	0.03736	0.00863	0.00811	0.00252	0.01049	0.00732	0.00492	0.01260
4	0.02179	0.17250	0.23440	0.02666	0.12308	0.16239	0.09520	0.02740	0.01914	0.02382	0.01412	0.01717	0.01123	0.00770	0.00757	0.00235	0.01202	0.00625	0.00385	0.01138
5	0.02349	0.02190	0.02522	0.02922	0.23958	0.13628	0.01801	0.18431	0.02389	0.03092	0.01769	0.02198	0.01460	0.02002	0.15063	0.00474	0.01324	0.00738	0.00533	0.01156
6	0.01113	0.00821	0.00879	0.00879	0.00997	0.00762	0.00557	0.01201	0.01496	0.01877	0.05050	0.06510	0.29141	0.41984	0.02866	0.00585	0.00644	0.01437	0.00616	0.00586
7	0.03044	0.08479	0.02488	0.02092	0.02539	0.63162	0.01593	0.03262	0.02309	0.02028	0.01275	0.01487	0.01070	0.00846	0.00735	0.00212	0.01457	0.00529	0.00423	0.00970
8	0.01187	0.00890	0.01335	0.01335	0.01483	0.01038	0.01038	0.01483	0.01335	0.01928	0.02225	0.03264	0.02077	0.06231	0.67512	0.01335	0.02225	0.00890	0.00445	0.00742
9	0.02142	0.45345	0.22331	0.01766	0.02601	0.08962	0.01921	0.02608	0.01770	0.02160	0.01265	0.01471	0.01062	0.00747	0.00628	0.00206	0.01045	0.00502	0.00361	0.01104
10	0.01666	0.04297	0.66500	0.02368	0.03596	0.01929	0.03069	0.02631	0.01754	0.02631	0.01491	0.01754	0.01052	0.00789	0.00789	0.00263	0.01228	0.00614	0.00351	0.01228
11	0.01187	0.00890	0.01335	0.01335	0.01483	0.01038	0.01038	0.01483	0.01335	0.01928	0.02225	0.03264	0.02077	0.06231	0.67512	0.01335	0.02225	0.00890	0.00445	0.00742
12	0.02056	0.01974	0.03372	0.05099	0.65622	0.01974	0.02550	0.02550	0.01892	0.02714	0.01563	0.02056	0.01316	0.00740	0.00822	0.00247	0.00987	0.00740	0.00411	0.01316
13	0.02490	0.08256	0.02542	0.02004	0.02385	0.28111	0.03916	0.11907	0.02175	0.02525	0.01481	0.01882	0.01264	0.01674	0.09769	0.00394	0.15080	0.00662	0.00473	0.01007
14	0.01126	0.00882	0.01042	0.01102	0.01343	0.00798	0.00893	0.01415	0.01948	0.02441	0.12918	0.08287	0.38295	0.02128	0.01039	0.00314	0.00537	0.21975	0.00784	0.00732
15	0.01090	0.00846	0.00992	0.00956	0.01189	0.00748	0.00717	0.01403	0.02150	0.02853	0.40217	0.06993	0.33104	0.01877	0.00981	0.00270	0.00405	0.01613	0.00852	0.00748
16	0.02056	0.01974	0.03372	0.05099	0.65622	0.01974	0.02550	0.02550	0.01892	0.02714	0.01563	0.02056	0.01316	0.00740	0.00822	0.00247	0.00987	0.00740	0.00411	0.01316
17	0.01187	0.00890	0.01335	0.01335	0.01483	0.01038	0.01038	0.01483	0.01335	0.01928	0.02225	0.03264	0.02077	0.06231	0.67512	0.01335	0.02225	0.00890	0.00445	0.00742
18	0.01002	0.00842	0.00870	0.00863	0.01134	0.00710	0.00647	0.01231	0.01941	0.02357	0.14314	0.07809	0.59316	0.02062	0.00982	0.00279	0.00418	0.01727	0.00786	0.00710
19	0.01012	0.00723	0.00964	0.01157	0.01205	0.00675	0.00771	0.01157	0.01591	0.02121	0.04579	0.70262	0.05495	0.02603	0.01060	0.00337	0.00482	0.02362	0.00771	0.00675
20	0.01723	0.01477	0.01723	0.01230	0.01969	0.01107	0.00984	0.02092	0.01723	0.02707	0.01477	0.01723	0.01230	0.00615	0.00615	0.00123	0.00615	0.00492	0.00492	0.75883
21	0.10698	0.02157	0.02256	0.01757	0.02377	0.02392	0.01447	0.52855	0.03515	0.04948	0.01951	0.01995	0.01403	0.00972	0.00783	0.00247	0.00854	0.00719	0.05354	0.01320
22	0.01307	0.00946	0.01295	0.01470	0.01669	0.00934	0.01277	0.01675	0.01911	0.02465	0.04750	0.09250	0.10080	0.02278	0.01133	0.00374	0.00735	0.54926	0.00766	0.00759
23	0.09175	0.13736	0.02371	0.01503	0.02153	0.04573	0.01274	0.12820	0.02344	0.29838	0.02230	0.02125	0.01546	0.00890	0.00726	0.00224	0.00788	0.00668	0.00748	0.10267
24	0.02176	0.56652	0.14543	0.01616	0.02398	0.06447	0.01704	0.02555	0.01734	0.02071	0.01217	0.01411	0.01064	0.00731	0.00587	0.00194	0.00977	0.00477	0.00358	0.01087
25	0.06538	0.02874	0.02740	0.03338	0.29557	0.31569	0.01971	0.06937	0.02210	0.02629	0.01445	0.01763	0.01190	0.00811	0.00774	0.00233	0.01195	0.00633	0.00452	0.01141
26	0.02056	0.01974	0.03372	0.05099	0.65622	0.01974	0.02550	0.02550	0.01892	0.02714	0.01563	0.02056	0.01316	0.00740	0.00822	0.00247	0.00987	0.00740	0.00411	0.01316
27	0.00983	0.00836	0.00847	0.00856	0.01126	0.00700	0.00637	0.01191	0.01880	0.02239	0.08243	0.10801	0.62591	0.02126	0.00985	0.00283	0.00424	0.01781	0.00771	0.00700
28	0.02092	0.16888	0.03583	0.04308	0.51964	0.02256	0.02307	0.02536	0.01848	0.02551	0.01475	0.01900	0.01262	0.00734	0.00760	0.00232	0.00966	0.00677	0.00399	0.01262
29	0.01230	0.00949	0.01398	0.01373	0.01505	0.01129	0.01067	0.01506	0.01325	0.01919	0.02166	0.03262	0.02052	0.08735	0.60395	0.01247	0.06664	0.00893	0.00442	0.00743
30	0.03158	0.02327	0.02493	0.01911	0.02576	0.02576	0.01579	0.62852	0.03906	0.05236	0.01995	0.01995	0.01413	0.00997	0.00831	0.00249	0.00914	0.00748	0.00831	0.01413
31	0.01443	0.00722	0.01082	0.01082	0.01082	0.00722	0.00722	0.01082	0.01082	0.01443	0.01443	0.02525	0.01443	0.02886	0.03247	0.75830	0.00722	0.00722	0.00361	0.00361
32	0.02194	0.06530	0.01768	0.01411	0.01760	0.15684	0.01091	0.15153	0.02253	0.02997	0.02216	0.06191	0.01945	0.08483	0.03714	0.00325	0.00893	0.00828	0.23629	0.00936
33	0.01223	0.00832	0.00992	0.00952	0.01162	0.00768	0.00714	0.01583	0.02142	0.03096	0.42070	0.05842	0.16400	0.01610	0.00894	0.00250	0.00396	0.01389	0.16917	0.00768
34	0.01012	0.00723	0.00964	0.01157	0.01205	0.00675	0.00771	0.01157	0.01591	0.02121	0.04579	0.70262	0.05495	0.02603	0.01060	0.00337	0.00482	0.02362	0.00771	0.00675
35	0.02032	0.01949	0.03329	0.08227	0.62681	0.01968	0.02538	0.02529	0.01880	0.02685	0.01558	0.02064	0.01306	0.00745	0.00823	0.00248	0.00993	0.00740	0.00409	0.01297
36	0.02544	0.02926	0.15963	0.01970	0.02656	0.15699	0.01815	0.24942	0.13246	0.03581	0.02267	0.02301	0.04362	0.00996	0.00814	0.00252	0.01036	0.00753	0.00645	0.01231
37	0.03103	0.03959	0.02354	0.02140	0.02568	0.67469	0.01605	0.03317	0.02354	0.02033	0.01284	0.01498	0.01070	0.00856	0.00749	0.00214	0.01498	0.00535	0.00428	0.00963
38	0.01009	0.00733	0.00953	0.01129	0.01198	0.00677	0.00759	0.01160	0.01617	0.02132	0.04915	0.64808	0.10731	0.02559	0.01053	0.00332	0.00477	0.02308	0.00771	0.00677
39	0.02283	0.02499	0.03459	0.04059	0.37646	0.17457	0.15161	0.02755	0.02016	0.02542	0.01522	0.01964	0.01246	0.00759	0.00839	0.00246	0.01196	0.00743	0.00417	0.01191
40	0.01972	0.01230	0.01294	0.01103	0.01464	0.01261	0.00869	0.17413	0.02290	0.03606	0.02420	0.02697	0.01869	0.00944	0.00647	0.00202	0.00541	0.00743	0.49921	0.07515
41	0.01788	0.06547	0.43364	0.02702	0.03779	0.02046	0.22731	0.02635	0.01820	0.02611	0.01539	0.01897	0.01122	0.00756	0.00841	0.00265	0.01270	0.00728	0.00374	0.01185
42	0.20316	0.02711	0.02277	0.02295	0.12070	0.26522	0.01578	0.17086	0.02428	0.03296	0.01465	0.01667	0.01149	0.00852	0.00724	0.00238	0.01079	0.00597	0.00541	0.01109
43	0.04889	0.35816	0.34592	0.01871	0.02826	0.02568	0.02206	0.02556	0.01709	0.02355	0.01319	0.01539	0.01053	0.00751	0.00657	0.00223	0.01044	0.00527	0.00359	0.01139
44	0.01816	0.02920	0.28553	0.03266	0.17069	0.01936	0.23190	0.02551	0.01861	0.02640	0.01920	0.02300	0.04415	0.00814	0.00871	0.00266	0.01194	0.00824	0.00409	0.01184
45	0.01062	0.00819	0.00970	0.00986	0.01185	0.00727	0.00719	0.01327	0.02003	0.02631	0.29173	0.20621	0.30672	0.02056	0.00998	0.00285	0.00423	0.01788	0.00826	0.00727
46	0.02886	0.15156	0.05836	0.02032	0.02546	0.53596	0.01647	0.03146	0.02214	0.02049	0.01273	0.01483	0.01069	0.00829	0.00715	0.00210	0.01384	0.00524	0.00412	0.00993
47	0.01322	0.01088	0.01594	0.01516	0.01633	0.01360	0.01205	0.01594	0.01322	0.01944	0.01983	0.02955	0.01866	0.05210	0.53667	0.01127	0.16556	0.00855	0.00428	0.00777
48	0.02247	0.02841	0.13539	0.03927	0.40008	0.17943	0.02405	0.02750	0.01982	0.02534	0.01483	0.01870	0.01212	0.00777	0.00799	0.00241	0.01151	0.00669	0.00405	0.01215
49	0.01966	0.28737	0.22063	0.02317	0.03168	0.02525	0.18989	0.02547	0.01757	0.02347	0.01393	0.01735	0.01118	0.00776	0.00865	0.00242	0.05306	0.00659	0.00373	0.01118
50	0.01139	0.00805	0.00898	0.00918	0.00983	0.00770	0.00559	0.01199	0.01394	0.01799	0.04060	0.12719	0.16584	0.49037	0.03205	0.00645	0.00690	0.01444	0.00588	0.00563
51	0.01758	0.01256	0.01433	0.01253	0.01495	0.01323	0.00908	0.18956	0.02235	0.03040	0.15872	0.04470	0.03533	0.31616	0.06804	0.00565	0.00843	0.01118	0.00682	0.00840
52	0.02794	0.03125	0.02517	0.02582	0.13378	0.39169	0.01748	0.11515	0.07585	0.02715	0.01598	0.01809	0.01283	0.00902	0.00859	0.00236	0.03917	0.00641	0.00513	0.01114
53	0.01207	0.00809	0.00925	0.00925	0.00931	0.00815	0.00527	0.01220	0.01214	0.01625	0.02601	0.05342	0.02979	0.68009	0.06967	0.00828	0.00867	0.01194	0.00501	0.00514
54	0.00984	0.00834	0.00850	0.00863	0.01128	0.00700	0.00641	0.01190	0.01873	0.02236	0.08158	0.12174	0.61272	0.02137	0.00987	0.00284	0.00425	0.01794	0.00771	0.00700
55	0.03103	0.03959	0.02354	0.02140	0.02568	0.67469	0.01605	0.03317	0.02354	0.02033	0.01284	0.01498	0.01070	0.00856	0.00749	0.00214	0.01498	0.00535	0.00428	0.00963
56	0.01673	0.10270	0.41325	0.01939	0.02805	0.01739	0.02263	0.02340	0.01740	0.05641	0.02275	0.17931	0.02153	0.01221	0.00829	0.00271	0.00990	0.01020	0.00485	0.01090
57	0.02057	0.01961	0.03272	0.04870	0.61363	0.01980	0.02467	0.02675	0.06068	0.02765	0.01685	0.02126	0.01398	0.00766	0.00824	0.00249	0.00965	0.00754	0.00440	0.01316
58	0.23911	0.01736	0.01772	0.01483	0.02022	0.01910	0.01199	0.16230	0.19735	0.14254	0.02393	0.02316	0.01725	0.00973	0.00732	0.00259	0.00702	0.00732	0.04710	0.01205
59	0.52744	0.02465	0.22046	0.01499	0.02241	0.01885	0.01592	0.02502	0.01522	0.03378	0.01263	0.01479	0.00948	0.00777	0.00602	0.00259	0.00829	0.00502	0.00462	0.01004
60	0.03063	0.07024	0.02445	0.02107	0.02548	0.64549	0.01597	0.03280	0.02324	0.02030	0.01278	0.01491	0.01070	0.00849	0.00739	0.00212	0.01470	0.00531	0.00425	0.00968
61	0.01939	0.37318	0.16851	0.01653	0.02335	0.06821	0.01704	0.02358	0.01671	0.02099	0.01466	0.01849	0.01281	0.01925	0.15011	0.00447	0.01289	0.00582	0.00379	0.01024
62	0.01838	0.03251	0.37627	0.03496	0.27231	0.01960	0.07586	0.02602	0.01823	0.02665	0.01533	0.01907	0.01169	0.00764	0.00817	0.00258	0.01150	0.00691	0.00379	0.01253
63	0.03133	0.03071	0.02430	0.02016	0.02573	0.32165	0.01591	0.35707	0.03198	0.03775	0.01671	0.01768	0.01257	0.00933	0.00794	0.00233	0.01180	0.00651	0.00647	0.01208
64	0.02494	0.02462	0.09394	0.01951	0.06562	0.15786	0.01578	0.19854	0.02603	0.09776	0.03271	0.03243	0.15099	0.01167	0.00841	0.00251	0.00952	0.00912	0.00670	0.01136
65	0.01304	0.01078	0.01397	0.01384	0.01550	0.05096	0.01073	0.01595	0.01397	0.01935	0.02168	0.03156	0.02015	0.05902	0.63434	0.01267	0.02181	0.00868	0.00444	0.00755
66	0.01141	0.00848	0.01062	0.01008	0.01219	0.00769	0.00756	0.01500	0.02268	0.03134	0.54875	0.06530	0.18271	0.01772	0.00980	0.00265	0.00397	0.01548	0.00889	0.00769
67	0.03107	0.03860	0.02363	0.02126	0.02569	0.63505	0.01604	0.06954	0.02449	0.02229	0.01328	0.01528	0.01091	0.00865	0.00754	0.00216	0.01462	0.00548	0.00453	0.00991
68	0.02056	0.01974	0.03372	0.05099	0.65622	0.01974	0.02550	0.02550	0.01892	0.02714	0.01563	0.02056	0.01316	0.00740	0.00822	0.00247	0.00987	0.00740	0.00411	0.01316
69	0.00982	0.00842	0.00842	0.00842	0.01122	0.00701	0.00631	0.01192	0.01894	0.02244	0.08416	0.07995	0.65285	0.02104	0.00982	0.00281	0.00421	0.01753	0.00771	0.00701
70	0.01176	0.00849	0.01110	0.01045	0.01241	0.00784	0.00784	0.01568	0.02352	0.03331	0.65184	0.06206	0.07839	0.01698	0.00980	0.00261	0.00392	0.01502	0.00914	0.00784
71	0.06606	0.00963	0.01050	0.00945	0.01255	0.00937	0.00738	0.02421	0.01859	0.16710	0.02737	0.02932	0.02039	0.00969	0.00631	0.00211	0.00472	0.00768	0.54839	0.00920
72	0.03158	0.02327	0.02493	0.01911	0.02576	0.02576	0.01579	0.62852	0.03906	0.05236	0.01995	0.01995	0.01413	0.00997	0.00831	0.00249	0.00914	0.00748	0.00831	0.01413
73	0.02036	0.02031	0.03701	0.04755	0.52440	0.02001	0.15469	0.02574	0.01906	0.02703	0.01588	0.02096	0.01304	0.00732	0.00856	0.00254	0.01076	0.00792	0.00413	0.01274
74	0.01069	0.00764	0.01030	0.01222	0.01295	0.00724	0.00871	0.01256	0.01647	0.02185	0.04547	0.59595	0.05370	0.02549	0.01076	0.00345	0.00532	0.12464	0.00770	0.00691
75	0.02056	0.01974	0.03372	0.05099	0.65622	0.01974	0.02550	0.02550	0.01892	0.02714	0.01563	0.02056	0.01316	0.00740	0.00822	0.00247	0.00987	0.00740	0.00411	0.01316
76	0.03103	0.03959	0.02354	0.02140	0.02568	0.67469	0.01605	0.03317	0.02354	0.02033	0.01284	0.01498	0.01070	0.00856	0.00749	0.00214	0.01498	0.00535	0.00428	0.00963
77	0.02056	0.01974	0.03372	0.05099	0.65622	0.01974	0.02550	0.02550	0.01892	0.02714	0.01563	0.02056	0.01316	0.00740	0.00822	0.00247	0.00987	0.00740	0.00411	0.01316
78	0.01261	0.00919	0.01230	0.01343	0.01546	0.00889	0.01135	0.01625	0.02005	0.02639	0.17956	0.08525	0.12690	0.02144	0.01092	0.00344	0.00643	0.40456	0.00798	0.00761
79	0.01010	0.00733	0.00954	0.01131	0.01198	0.00677	0.00760	0.01160	0.01615	0.02131	0.04890	0.65219	0.10337	0.02562	0.01054	0.00333	0.00477	0.02312	0.00771	0.00677
80	0.02056	0.01974	0.03372	0.05099	0.65622	0.01974	0.02550	0.02550	0.01892	0.02714	0.01563	0.02056	0.01316	0.00740	0.00822	0.00247	0.00987	0.00740	0.00411	0.01316
81	0.01262	0.01001	0.01480	0.01436	0.01567	0.01219	0.01132	0.01545	0.01328	0.01937	0.02089	0.03090	0.01959	0.05658	0.59748	0.01219	0.10262	0.00871	0.00435	0.00762
82	0.03103	0.03959	0.02354	0.02140	0.02568	0.67469	0.01605	0.03317	0.02354	0.02033	0.01284	0.01498	0.01070	0.00856	0.00749	0.00214	0.01498	0.00535	0.00428	0.00963
83	0.01208	0.00805	0.00906	0.00906	0.00906	0.00805	0.00503	0.01208	0.01208	0.01611	0.02618	0.05436	0.03020	0.70804	0.04228	0.00805	0.00805	0.01208	0.00503	0.00503
84	0.02792	0.03229	0.02124	0.01908	0.02323	0.48449	0.01446	0.08143	0.05690	0.02555	0.05863	0.02076	0.01720	0.00948	0.00762	0.00222	0.01236	0.00659	0.06862	0.00991
85	0.01723	0.01477	0.01723	0.01230	0.01969	0.01107	0.00984	0.02092	0.01723	0.02707	0.01477	0.01723	0.01230	0.00615	0.00615	0.00123	0.00615	0.00492	0.00492	0.75883
86	0.02806	0.02792	0.17598	0.02019	0.02817	0.02424	0.01931	0.48641	0.03398	0.04621	0.01876	0.01938	0.01328	0.00948	0.00821	0.00253	0.00988	0.00716	0.00718	0.01369
87	0.02275	0.67190	0.04231	0.01465	0.02159	0.07208	0.01433	0.02538	0.01729	0.01959	0.01163	0.01343	0.01066	0.00720	0.00546	0.00180	0.00926	0.00450	0.00360	0.01060
88	0.01176	0.00849	0.01110	0.01045	0.01241	0.00784	0.00784	0.01568	0.02352	0.03331	0.65184	0.06206	0.07839	0.01698	0.00980	0.00261	0.00392	0.01502	0.00914	0.00784
