[name]
unknown

[dist]
# distance from previous block
# <min> <max>
0	0

[block]
# block no. 0 follows, 22 sequences, length 86
# corresponding to MSA columns:
# 0-85
name=unknown_A
#
# <colnr> <probs for GDERKNQSTAVLIFYWHMCP>
#	G	D	E	R	K	N	Q	S	T	A	V	L	I	F	Y	W	H	M	C	P
0	0.01339	0.00956	0.01339	0.01530	0.01721	0.00956	0.01339	0.01721	0.01912	0.02486	0.04399	0.09371	0.04781	0.02295	0.01147	0.00382	0.00765	0.60031	0.00765	0.00765
1	0.03115	0.03622	0.02383	0.02093	0.02570	0.54045	0.01600	0.15633	0.02675	0.02696	0.01431	0.01601	0.01141	0.00885	0.00766	0.00221	0.01377	0.00579	0.00511	0.01056
2	0.03017	0.03109	0.02335	0.01976	0.02497	0.36612	0.01544	0.28351	0.02986	0.03397	0.01953	0.02043	0.04533	0.00980	0.00796	0.00232	0.01196	0.00688	0.00616	0.01139
3	0.02004	0.01921	0.03278	0.11896	0.59232	0.01960	0.02524	0.02504	0.01867	0.02651	0.01553	0.02073	0.01294	0.00750	0.00823	0.00250	0.01000	0.00740	0.00407	0.01274
4	0.02056	0.01974	0.03372	0.05099	0.65622	0.01974	0.02550	0.02550	0.01892	0.02714	0.01563	0.02056	0.01316	0.00740	0.00822	0.00247	0.00987	0.00740	0.00411	0.01316
5	0.01569	0.01477	0.02492	0.68808	0.05722	0.01846	0.02307	0.02123	0.01661	0.02123	0.01477	0.02215	0.01107	0.00831	0.00831	0.00277	0.01107	0.00738	0.00369	0.00923
6	0.03123	0.03385	0.02403	0.02060	0.02571	0.44646	0.01596	0.24256	0.02900	0.03159	0.01534	0.01673	0.01191	0.00906	0.00778	0.00226	0.01293	0.00610	0.00570	0.01121
7	0.01869	0.01783	0.03033	0.29607	0.42579	0.01925	0.02456	0.02385	0.01803	0.02486	0.01530	0.02117	0.01236	0.00775	0.00826	0.00258	0.01033	0.00739	0.00395	0.01165
8	0.02170	0.01953	0.01891	0.01673	0.02033	0.15238	0.01317	0.20128	0.02311	0.02934	0.01962	0.02521	0.01671	0.03561	0.33855	0.00780	0.01685	0.00774	0.00556	0.00987
9	0.20769	0.23180	0.28839	0.01728	0.02597	0.02279	0.01954	0.02607	0.01678	0.05657	0.01391	0.01578	0.01065	0.00773	0.00647	0.00236	0.00957	0.00533	0.00425	0.01106
10	0.02273	0.02385	0.03161	0.04487	0.52579	0.15522	0.02354	0.02708	0.01987	0.02573	0.01505	0.01941	0.01265	0.00764	0.00807	0.00240	0.01093	0.00698	0.00415	0.01243
11	0.02540	0.16663	0.03345	0.02399	0.08228	0.08913	0.11777	0.23692	0.02554	0.03298	0.01578	0.01839	0.01244	0.00895	0.00961	0.00247	0.07387	0.00700	0.00545	0.01194
12	0.01963	0.04227	0.53232	0.02321	0.03383	0.15485	0.02767	0.02773	0.01878	0.02507	0.01448	0.01701	0.01056	0.00803	0.00781	0.00253	0.01284	0.00598	0.00367	0.01173
13	0.01705	0.01131	0.01343	0.01241	0.01503	0.01230	0.00965	0.14306	0.02034	0.03040	0.02571	0.09303	0.02282	0.02961	0.23976	0.00616	0.01145	0.00960	0.26805	0.00886
14	0.01471	0.01142	0.01406	0.01470	0.01740	0.01193	0.01228	0.02320	0.17269	0.02748	0.07769	0.07511	0.10886	0.01955	0.01046	0.00340	0.00682	0.36133	0.00793	0.00895
15	0.02565	0.01904	0.02095	0.01661	0.02282	0.01991	0.01340	0.27285	0.21223	0.09163	0.02399	0.02332	0.01760	0.00955	0.00788	0.00232	0.00755	0.00756	0.00777	0.17740
16	0.01012	0.00723	0.00964	0.01157	0.01205	0.00675	0.00771	0.01157	0.01591	0.02121	0.04579	0.70262	0.05495	0.02603	0.01060	0.00337	0.00482	0.02362	0.00771	0.00675
17	0.01723	0.01477	0.01723	0.01230	0.01969	0.01107	0.00984	0.02092	0.01723	0.02707	0.01477	0.01723	0.01230	0.00615	0.00615	0.00123	0.00615	0.00492	0.00492	0.75883
18	0.01012	0.00723	0.00964	0.01157	0.01205	0.00675	0.00771	0.01157	0.01591	0.02121	0.04579	0.70262	0.05495	0.02603	0.01060	0.00337	0.00482	0.02362	0.00771	0.00675
19	0.01666	0.04297	0.66500	0.02368	0.03596	0.01929	0.03069	0.02631	0.01754	0.02631	0.01491	0.01754	0.01052	0.00789	0.00789	0.00263	0.01228	0.00614	0.00351	0.01228
20	0.02403	0.02632	0.03035	0.04118	0.44716	0.23690	0.02236	0.02804	0.02045	0.02488	0.01470	0.01871	0.01234	0.00779	0.00798	0.00236	0.01156	0.00672	0.00417	0.01199
21	0.02396	0.01948	0.02064	0.01757	0.02286	0.02220	0.01395	0.22050	0.45949	0.04006	0.02963	0.02766	0.02197	0.01088	0.00841	0.00272	0.00735	0.00882	0.00841	0.01344
22	0.01799	0.20389	0.51576	0.02141	0.03244	0.02255	0.02674	0.02596	0.01738	0.02468	0.01410	0.01653	0.01056	0.00770	0.00728	0.00243	0.01146	0.00573	0.00352	0.01189
23	0.01003	0.00758	0.00928	0.01064	0.01181	0.00683	0.00730	0.01167	0.01680	0.02157	0.05706	0.51962	0.23067	0.02456	0.01037	0.00321	0.00464	0.02183	0.00771	0.00683
24	0.01006	0.00747	0.00939	0.01092	0.01188	0.00680	0.00742	0.01164	0.01653	0.02146	0.05372	0.57383	0.17861	0.02500	0.01044	0.00326	0.00469	0.02236	0.00771	0.00680
25	0.00982	0.00842	0.00842	0.00842	0.01122	0.00701	0.00631	0.01192	0.01894	0.02244	0.08416	0.07995	0.65285	0.02104	0.00982	0.00281	0.00421	0.01753	0.00771	0.00701
26	0.01666	0.04297	0.66500	0.02368	0.03596	0.01929	0.03069	0.02631	0.01754	0.02631	0.01491	0.01754	0.01052	0.00789	0.00789	0.00263	0.01228	0.00614	0.00351	0.01228
27	0.02710	0.03239	0.02151	0.01962	0.02344	0.50346	0.01487	0.06040	0.02224	0.02178	0.01516	0.01889	0.01296	0.01975	0.14564	0.00448	0.01618	0.00620	0.00453	0.00941
28	0.00983	0.00836	0.00848	0.00857	0.01126	0.00700	0.00638	0.01190	0.01879	0.02238	0.08226	0.11082	0.62321	0.02129	0.00986	0.00283	0.00424	0.01783	0.00771	0.00700
29	0.01597	0.01494	0.02122	0.01886	0.01937	0.02019	0.01545	0.01819	0.01294	0.01975	0.01487	0.02322	0.01435	0.03122	0.25349	0.00703	0.45867	0.00784	0.00392	0.00850
30	0.03103	0.03959	0.02354	0.02140	0.02568	0.67469	0.01605	0.03317	0.02354	0.02033	0.01284	0.01498	0.01070	0.00856	0.00749	0.00214	0.01498	0.00535	0.00428	0.00963
31	0.01012	0.00723	0.00964	0.01157	0.01205	0.00675	0.00771	0.01157	0.01591	0.02121	0.04579	0.70262	0.05495	0.02603	0.01060	0.00337	0.00482	0.02362	0.00771	0.00675
32	0.01962	0.01877	0.03201	0.17463	0.53998	0.01949	0.02503	0.02467	0.01847	0.02599	0.01546	0.02087	0.01275	0.00758	0.00824	0.00253	0.01010	0.00740	0.00403	0.01240
33	0.02846	0.03252	0.02416	0.02112	0.02489	0.43552	0.01645	0.12667	0.02381	0.02544	0.01359	0.01644	0.01130	0.01003	0.01171	0.00251	0.15424	0.00609	0.00480	0.01025
34	0.02282	0.01046	0.01208	0.01043	0.01395	0.01002	0.00824	0.05762	0.02045	0.21990	0.02841	0.02959	0.02070	0.00987	0.00670	0.00215	0.00510	0.00791	0.49361	0.00998
35	0.01013	0.00759	0.00942	0.01074	0.01186	0.00687	0.00737	0.01187	0.01705	0.02214	0.08678	0.51636	0.20297	0.02433	0.01037	0.00319	0.00462	0.02168	0.00779	0.00687
36	0.06643	0.03261	0.02226	0.01949	0.02436	0.47856	0.01496	0.06713	0.02401	0.14860	0.01708	0.01779	0.01274	0.00894	0.00760	0.00226	0.01271	0.00602	0.00572	0.01073
37	0.01171	0.00843	0.01085	0.01169	0.01289	0.00806	0.00818	0.04607	0.01913	0.02603	0.20133	0.49974	0.05880	0.02281	0.01027	0.00313	0.00482	0.02052	0.00812	0.00743
38	0.01187	0.00890	0.01335	0.01335	0.01483	0.01038	0.01038	0.01483	0.01335	0.01928	0.02225	0.03264	0.02077	0.06231	0.67512	0.01335	0.02225	0.00890	0.00445	0.00742
39	0.01569	0.01477	0.02492	0.68808	0.05722	0.01846	0.02307	0.02123	0.01661	0.02123	0.01477	0.02215	0.01107	0.00831	0.00831	0.00277	0.01107	0.00738	0.00369	0.00923
40	0.01955	0.01871	0.03190	0.18278	0.53231	0.01947	0.02499	0.02461	0.01844	0.02592	0.01545	0.02089	0.01273	0.00759	0.00824	0.00253	0.01012	0.00740	0.00403	0.01235
41	0.01666	0.04297	0.66500	0.02368	0.03596	0.01929	0.03069	0.02631	0.01754	0.02631	0.01491	0.01754	0.01052	0.00789	0.00789	0.00263	0.01228	0.00614	0.00351	0.01228
42	0.00996	0.00788	0.00897	0.00985	0.01160	0.00689	0.00695	0.01176	0.01756	0.02188	0.06670	0.36333	0.38074	0.02331	0.01018	0.00306	0.00449	0.02030	0.00771	0.00689
43	0.01961	0.02241	0.04902	0.03501	0.04342	0.02101	0.62605	0.02661	0.01961	0.02661	0.01681	0.02241	0.01261	0.00700	0.00980	0.00280	0.01401	0.00980	0.00420	0.01120
44	0.01729	0.10029	0.58036	0.02342	0.03505	0.02056	0.05878	0.02620	0.01758	0.02573	0.01471	0.01741	0.01064	0.00778	0.00776	0.00256	0.01207	0.00617	0.00355	0.01208
45	0.02056	0.01974	0.03372	0.05099	0.65622	0.01974	0.02550	0.02550	0.01892	0.02714	0.01563	0.02056	0.01316	0.00740	0.00822	0.00247	0.00987	0.00740	0.00411	0.01316
46	0.03103	0.03959	0.02354	0.02140	0.02568	0.67469	0.01605	0.03317	0.02354	0.02033	0.01284	0.01498	0.01070	0.00856	0.00749	0.00214	0.01498	0.00535	0.00428	0.00963
47	0.02273	0.02385	0.03161	0.04487	0.52580	0.15521	0.02354	0.02708	0.01987	0.02573	0.01505	0.01941	0.01265	0.00764	0.00807	0.00240	0.01093	0.00698	0.00415	0.01243
48	0.01313	0.00905	0.01234	0.01215	0.01359	0.01038	0.00935	0.01611	0.01429	0.02213	0.02309	0.03258	0.02087	0.07978	0.43817	0.00966	0.05204	0.00869	0.19514	0.00746
49	0.00982	0.00842	0.00842	0.00842	0.01122	0.00701	0.00631	0.01192	0.01894	0.02244	0.08416	0.07995	0.65285	0.02104	0.00982	0.00281	0.00421	0.01753	0.00771	0.00701
50	0.02722	0.16931	0.08357	0.01838	0.02502	0.12250	0.01638	0.33029	0.02947	0.03753	0.04987	0.01984	0.01596	0.00936	0.00761	0.00231	0.00996	0.00681	0.00635	0.01225
51	0.02078	0.32581	0.12712	0.01611	0.02246	0.15827	0.01560	0.02444	0.01916	0.02222	0.07345	0.02664	0.09685	0.01008	0.00709	0.00218	0.00967	0.00739	0.00467	0.01001
52	0.01648	0.00952	0.01210	0.01103	0.01395	0.00847	0.00841	0.01964	0.02190	0.15995	0.34883	0.11958	0.18304	0.01729	0.00958	0.00272	0.00472	0.01498	0.00895	0.00887
53	0.02246	0.02358	0.03114	0.07927	0.49346	0.15514	0.02341	0.02685	0.01975	0.02541	0.01500	0.01949	0.01254	0.00769	0.00808	0.00242	0.01099	0.00698	0.00412	0.01222
54	0.06543	0.03153	0.25170	0.01967	0.02711	0.18741	0.01966	0.05680	0.07493	0.11742	0.02027	0.05659	0.01577	0.00976	0.00792	0.00254	0.01088	0.00745	0.00563	0.01153
55	0.02190	0.51587	0.12910	0.05277	0.02576	0.09108	0.01722	0.02567	0.01759	0.02067	0.01232	0.01456	0.01067	0.00742	0.00606	0.00199	0.01006	0.00493	0.00362	0.01072
56	0.01061	0.00789	0.01097	0.07046	0.01598	0.00777	0.00905	0.01241	0.01597	0.02121	0.04309	0.64338	0.05113	0.02448	0.01040	0.00332	0.00536	0.02220	0.00736	0.00696
57	0.02784	0.02669	0.02509	0.02591	0.15529	0.23912	0.01731	0.18900	0.11630	0.06684	0.01939	0.02047	0.01476	0.00918	0.00804	0.00242	0.01075	0.00708	0.00623	0.01229
58	0.01208	0.00805	0.00906	0.00906	0.00906	0.00805	0.00503	0.01208	0.01208	0.01611	0.02618	0.05436	0.03020	0.70804	0.04228	0.00805	0.00805	0.01208	0.00503	0.00503
59	0.01318	0.01078	0.01565	0.01490	0.01601	0.01339	0.01175	0.01577	0.01316	0.01928	0.02009	0.03065	0.01917	0.08239	0.51174	0.01110	0.16031	0.00871	0.00431	0.00765
60	0.01820	0.10056	0.44255	0.02985	0.19517	0.02070	0.02778	0.02596	0.01783	0.02588	0.01478	0.01792	0.01122	0.00769	0.00774	0.00251	0.01133	0.00630	0.00367	0.01235
61	0.01875	0.01299	0.01112	0.01038	0.01300	0.09239	0.00790	0.07111	0.01996	0.03140	0.02473	0.02807	0.01938	0.00956	0.00622	0.00201	0.00569	0.00742	0.59939	0.00850
62	0.01059	0.00801	0.00981	0.01051	0.01212	0.00723	0.00758	0.01296	0.01886	0.02477	0.20880	0.32785	0.24007	0.02213	0.01021	0.00303	0.00454	0.04573	0.00807	0.00714
63	0.01031	0.00734	0.00968	0.01137	0.01191	0.00688	0.00757	0.01181	0.01609	0.02156	0.07630	0.63411	0.05483	0.06252	0.01228	0.00359	0.00495	0.02254	0.00764	0.00671
64	0.01811	0.01629	0.02378	0.44409	0.07719	0.01950	0.02022	0.06098	0.17996	0.02676	0.02004	0.02424	0.01506	0.00912	0.00834	0.00275	0.00974	0.00791	0.00520	0.01072
65	0.03103	0.03959	0.02354	0.02140	0.02568	0.67469	0.01605	0.03317	0.02354	0.02033	0.01284	0.01498	0.01070	0.00856	0.00749	0.00214	0.01498	0.00535	0.00428	0.00963
66	0.01080	0.00845	0.00978	0.00945	0.01182	0.00743	0.00709	0.01382	0.02126	0.02795	0.37175	0.07088	0.36183	0.01898	0.00981	0.00271	0.00406	0.01626	0.00844	0.00743
67	0.03106	0.03869	0.02362	0.02128	0.02569	0.63880	0.01604	0.06610	0.02440	0.02210	0.01323	0.01526	0.01089	0.00864	0.00754	0.00216	0.01466	0.00547	0.00450	0.00988
68	0.01128	0.00847	0.01044	0.00995	0.01212	0.00763	0.00746	0.01475	0.02238	0.03063	0.51147	0.06648	0.22043	0.01799	0.00980	0.00266	0.00399	0.01564	0.00879	0.00763
69	0.01176	0.00849	0.01110	0.01045	0.01241	0.00784	0.00784	0.01568	0.02352	0.03331	0.65184	0.06206	0.07839	0.01698	0.00980	0.00261	0.00392	0.01502	0.00914	0.00784
70	0.01443	0.00722	0.01082	0.01082	0.01082	0.00722	0.00722	0.01082	0.01082	0.01443	0.01443	0.02525	0.01443	0.02886	0.03247	0.75830	0.00722	0.00722	0.00361	0.00361
71	0.06715	0.02576	0.02613	0.09127	0.19260	0.21466	0.01881	0.17980	0.02465	0.03123	0.01540	0.01842	0.01216	0.00879	0.00863	0.00246	0.03861	0.00665	0.00522	0.01160
72	0.01057	0.00845	0.00946	0.00921	0.01168	0.00733	0.00691	0.01338	0.02072	0.02668	0.30526	0.07298	0.42911	0.01946	0.00981	0.00273	0.00410	0.01656	0.00827	0.00733
73	0.01208	0.00805	0.00906	0.00906	0.00906	0.00805	0.00503	0.01208	0.01208	0.01611	0.02618	0.05436	0.03020	0.70804	0.04228	0.00805	0.00805	0.01208	0.00503	0.00503
74	0.03103	0.03959	0.02354	0.02140	0.02568	0.67469	0.01605	0.03317	0.02354	0.02033	0.01284	0.01498	0.01070	0.00856	0.00749	0.00214	0.01498	0.00535	0.00428	0.00963
75	0.06671	0.18988	0.02825	0.01972	0.05669	0.19406	0.01551	0.18604	0.07850	0.03102	0.01620	0.01765	0.01291	0.00901	0.00817	0.00232	0.04416	0.00620	0.00553	0.01148
76	0.02221	0.71304	0.04353	0.01421	0.02132	0.03287	0.01421	0.02488	0.01688	0.01955	0.01155	0.01333	0.01066	0.00711	0.00533	0.00178	0.00888	0.00444	0.00355	0.01066
77	0.01012	0.00723	0.00964	0.01157	0.01205	0.00675	0.00771	0.01157	0.01591	0.02121	0.04579	0.70262	0.05495	0.02603	0.01060	0.00337	0.00482	0.02362	0.00771	0.00675
78	0.01021	0.00730	0.00972	0.01151	0.01207	0.00681	0.00772	0.01179	0.01632	0.02186	0.07851	0.66804	0.05621	0.02554	0.01056	0.00333	0.00477	0.02315	0.00779	0.00681
79	0.02508	0.02671	0.02226	0.18333	0.03186	0.32198	0.01664	0.05824	0.10851	0.05891	0.02136	0.02331	0.04698	0.00968	0.00803	0.00246	0.01159	0.00731	0.00541	0.01034
80	0.01020	0.00732	0.00956	0.01131	0.01188	0.00682	0.00753	0.01161	0.01587	0.02103	0.04665	0.64487	0.08112	0.05665	0.01200	0.00356	0.00494	0.02282	0.00759	0.00668
81	0.01677	0.00965	0.01144	0.01060	0.01389	0.00830	0.00808	0.01914	0.01987	0.18142	0.09336	0.16689	0.37089	0.01898	0.00958	0.00283	0.00500	0.01611	0.00842	0.00878
82	0.24181	0.08498	0.01874	0.07390	0.05529	0.15283	0.01234	0.02431	0.01759	0.02797	0.01739	0.05574	0.01494	0.00926	0.00652	0.00233	0.00841	0.00678	0.15971	0.00915
83	0.09653	0.06876	0.15484	0.02276	0.08625	0.29276	0.01893	0.08068	0.02197	0.06111	0.01502	0.01694	0.01156	0.00837	0.00742	0.00235	0.01190	0.00592	0.00482	0.01112
84	0.12865	0.16984	0.09333	0.01915	0.05631	0.19313	0.01618	0.10614	0.02149	0.06226	0.01525	0.01728	0.01207	0.01111	0.04199	0.00285	0.01118	0.00586	0.00502	0.01093
85	0.05928	0.02553	0.24439	0.02974	0.24942	0.01751	0.02235	0.05617	0.01991	0.02938	0.10738	0.02808	0.05580	0.00980	0.00825	0.00257	0.00933	0.00842	0.00508	0.01161

[dist]
# distance from previous block
# <min> <max>
7	69

[block]
# block no. 1 follows, 22 sequences, length 25
# corresponding to MSA columns:
# 170-194
name=unknown_B
#
# <colnr> <probs for GDERKNQSTAVLIFYWHMCP>
#	G	D	E	R	K	N	Q	S	T	A	V	L	I	F	Y	W	H	M	C	P
0	0.06128	0.01417	0.05763	0.01363	0.01847	0.01187	0.01184	0.02629	0.07532	0.21196	0.07523	0.05067	0.17039	0.01472	0.00896	0.00278	0.00657	0.10790	0.00802	0.05232
1	0.02217	0.02262	0.20278	0.02442	0.13033	0.01529	0.07000	0.02770	0.01992	0.20060	0.05890	0.08878	0.02358	0.01133	0.00878	0.00273	0.00922	0.04255	0.00643	0.01185
2	0.03149	0.02182	0.02391	0.01829	0.02495	0.02351	0.01509	0.53226	0.03625	0.11920	0.02112	0.02074	0.01476	0.00982	0.00821	0.00244	0.00876	0.00745	0.00836	0.05158
3	0.01723	0.01477	0.01723	0.01230	0.01969	0.01107	0.00984	0.02092	0.01723	0.02707	0.01477	0.01723	0.01230	0.00615	0.00615	0.00123	0.00615	0.00492	0.00492	0.75883
4	0.01187	0.00890	0.01335	0.01335	0.01483	0.01038	0.01038	0.01483	0.01335	0.01928	0.02225	0.03264	0.02077	0.06231	0.67512	0.01335	0.02225	0.00890	0.00445	0.00742
5	0.01187	0.00890	0.01335	0.01335	0.01483	0.01038	0.01038	0.01483	0.01335	0.01928	0.02225	0.03264	0.02077	0.06231	0.67512	0.01335	0.02225	0.00890	0.00445	0.00742
6	0.02870	0.21735	0.02882	0.01950	0.02453	0.50529	0.01557	0.03098	0.02178	0.02012	0.01250	0.01454	0.01069	0.00818	0.00692	0.00204	0.01337	0.00511	0.00409	0.00990
7	0.01046	0.00844	0.00930	0.00908	0.01161	0.00728	0.00681	0.01315	0.02044	0.02601	0.27052	0.07408	0.46426	0.01971	0.00981	0.00274	0.00411	0.01671	0.00818	0.00728
8	0.01712	0.09865	0.61336	0.02289	0.03474	0.02042	0.02932	0.02619	0.01748	0.02575	0.01463	0.01719	0.01053	0.00783	0.00768	0.00256	0.01200	0.00600	0.00351	0.01214
9	0.02424	0.03179	0.09625	0.02650	0.05578	0.33154	0.21760	0.02884	0.02121	0.02337	0.01845	0.02153	0.04735	0.00864	0.00845	0.00246	0.01359	0.00765	0.00436	0.01040
10	0.01213	0.00808	0.00902	0.00899	0.00938	0.00796	0.00528	0.01266	0.01332	0.01814	0.05527	0.05493	0.07282	0.59171	0.03658	0.00711	0.00738	0.01229	0.05151	0.00544
11	0.01680	0.01607	0.02719	0.08955	0.23362	0.01736	0.10277	0.02059	0.01690	0.02369	0.02289	0.20186	0.02360	0.01365	0.01248	0.00299	0.13089	0.01202	0.00496	0.01011
12	0.02030	0.12429	0.08721	0.16067	0.11043	0.08625	0.17384	0.02754	0.08154	0.02474	0.01666	0.02055	0.01301	0.00798	0.00814	0.00253	0.01139	0.00747	0.00437	0.01109
13	0.01026	0.00795	0.00936	0.01003	0.01175	0.00704	0.00713	0.01240	0.01846	0.02373	0.16216	0.32972	0.31549	0.02239	0.01013	0.00300	0.00441	0.01959	0.00795	0.00704
14	0.01208	0.00805	0.00906	0.00906	0.00906	0.00805	0.00503	0.01208	0.01208	0.01611	0.02618	0.05436	0.03020	0.70804	0.04228	0.00805	0.00805	0.01208	0.00503	0.00503
15	0.01012	0.00723	0.00964	0.01157	0.01205	0.00675	0.00771	0.01157	0.01591	0.02121	0.04579	0.70262	0.05495	0.02603	0.01060	0.00337	0.00482	0.02362	0.00771	0.00675
16	0.02056	0.01974	0.03372	0.05099	0.65622	0.01974	0.02550	0.02550	0.01892	0.02714	0.01563	0.02056	0.01316	0.00740	0.00822	0.00247	0.00987	0.00740	0.00411	0.01316
17	0.01187	0.00890	0.01335	0.01335	0.01483	0.01038	0.01038	0.01483	0.01335	0.01928	0.02225	0.03264	0.02077	0.06231	0.67512	0.01335	0.02225	0.00890	0.00445	0.00742
18	0.01306	0.00982	0.01194	0.01121	0.01370	0.00943	0.00863	0.04975	0.05457	0.03210	0.45539	0.06311	0.16504	0.01735	0.00976	0.00272	0.00461	0.05079	0.00874	0.00830
19	0.02866	0.03051	0.02499	0.09314	0.08489	0.36007	0.01755	0.20361	0.02690	0.03030	0.01535	0.01766	0.01195	0.00884	0.00788	0.00234	0.01243	0.00636	0.00537	0.01120
20	0.02002	0.02097	0.06205	0.04458	0.53943	0.05270	0.02367	0.02481	0.01909	0.02636	0.02114	0.02506	0.06606	0.00862	0.00830	0.00249	0.00978	0.00808	0.00439	0.01242
21	0.02444	0.02728	0.02572	0.06718	0.13034	0.29168	0.01851	0.05607	0.04277	0.02346	0.01399	0.01805	0.01189	0.01018	0.01322	0.00269	0.20119	0.00659	0.00438	0.01038
22	0.02456	0.28002	0.03329	0.06908	0.16182	0.20035	0.01785	0.07715	0.02093	0.02423	0.01368	0.01646	0.01152	0.00788	0.00698	0.00215	0.01090	0.00577	0.00427	0.01112
23	0.15169	0.01966	0.08313	0.07518	0.26753	0.01831	0.08099	0.02535	0.06927	0.02846	0.01946	0.08910	0.01722	0.00972	0.00807	0.00267	0.00919	0.00882	0.00495	0.01123
24	0.02071	0.14012	0.35245	0.02634	0.13415	0.13819	0.02473	0.02718	0.01874	0.02436	0.01415	0.01694	0.01101	0.00781	0.00749	0.00239	0.01185	0.00595	0.00375	0.01171

[dist]
# distance from previous block
# <min> <max>
0	42

[block]
# block no. 2 follows, 22 sequences, length 17
# corresponding to MSA columns:
# 239-255
name=unknown_C
#
# <colnr> <probs for GDERKNQSTAVLIFYWHMCP>
#	G	D	E	R	K	N	Q	S	T	A	V	L	I	F	Y	W	H	M	C	P
0	0.02286	0.27507	0.25834	0.01971	0.02781	0.21862	0.02061	0.02785	0.01909	0.02218	0.01313	0.01531	0.01062	0.00782	0.00688	0.00219	0.01190	0.00531	0.00375	0.01093
1	0.01744	0.03833	0.53890	0.02913	0.15986	0.01938	0.02966	0.02615	0.01781	0.02647	0.01505	0.01814	0.01105	0.00779	0.00796	0.00260	0.01180	0.00639	0.00363	0.01245
2	0.01974	0.11252	0.48865	0.02229	0.03264	0.13443	0.02643	0.02735	0.01851	0.02456	0.01420	0.01665	0.01057	0.00793	0.00755	0.00246	0.01239	0.00582	0.00365	0.01165
3	0.11178	0.50892	0.15042	0.01550	0.02329	0.02872	0.01652	0.02508	0.01666	0.02291	0.01215	0.01410	0.01043	0.00732	0.00576	0.00203	0.00919	0.00475	0.00374	0.01075
4	0.02467	0.06085	0.23180	0.01910	0.02709	0.02103	0.01943	0.29191	0.02813	0.08967	0.08508	0.02392	0.02004	0.00992	0.00819	0.00252	0.00943	0.00776	0.00677	0.01270
5	0.01802	0.28812	0.15804	0.01734	0.02319	0.02269	0.05702	0.02184	0.01568	0.02080	0.01580	0.02377	0.01489	0.13356	0.06220	0.00412	0.08229	0.00708	0.00392	0.00965
6	0.01174	0.00791	0.00916	0.00950	0.00958	0.00783	0.00550	0.01199	0.01274	0.01699	0.02958	0.16684	0.03450	0.58971	0.03679	0.00724	0.00749	0.01408	0.00550	0.00533
7	0.01441	0.01143	0.01123	0.01088	0.01197	0.05990	0.00700	0.05489	0.01583	0.02001	0.03243	0.11939	0.09072	0.46977	0.03088	0.00623	0.00794	0.01300	0.00574	0.00637
8	0.02028	0.02161	0.07490	0.09968	0.54346	0.04322	0.02531	0.02548	0.01880	0.02636	0.01541	0.02029	0.01273	0.00755	0.00818	0.00249	0.01031	0.00724	0.00404	0.01265
9	0.02685	0.02077	0.02165	0.01762	0.02347	0.05127	0.01416	0.30114	0.26056	0.08336	0.02529	0.02421	0.01847	0.01014	0.00818	0.00251	0.00810	0.00797	0.00807	0.06621
10	0.01377	0.01072	0.01241	0.01161	0.01432	0.01003	0.00836	0.01821	0.09169	0.02304	0.03562	0.16474	0.09672	0.22164	0.01877	0.00421	0.00645	0.06044	0.00639	0.17088
11	0.02604	0.01909	0.02088	0.01657	0.02174	0.02075	0.01333	0.45619	0.03377	0.04562	0.14668	0.03114	0.02827	0.06789	0.01136	0.00297	0.00801	0.00936	0.00821	0.01214
12	0.02203	0.16842	0.28478	0.09021	0.03225	0.08686	0.02223	0.14646	0.02219	0.02906	0.01503	0.01742	0.01135	0.00826	0.00747	0.00240	0.01112	0.00612	0.00457	0.01175
13	0.01689	0.26809	0.20016	0.01560	0.02172	0.02033	0.01619	0.02097	0.01549	0.02065	0.01724	0.02602	0.01628	0.15692	0.12962	0.00527	0.01196	0.00720	0.00399	0.00941
14	0.02241	0.45053	0.18088	0.01754	0.02535	0.13547	0.01825	0.02657	0.01813	0.02121	0.01252	0.01455	0.01064	0.00752	0.00627	0.00203	0.01066	0.00498	0.00366	0.01086
15	0.01750	0.13567	0.08678	0.01497	0.04671	0.01456	0.01259	0.03691	0.01947	0.10444	0.11365	0.18596	0.14740	0.01559	0.00871	0.00266	0.00671	0.01322	0.00690	0.00960
16	0.10873	0.10582	0.16432	0.01498	0.02041	0.08007	0.01477	0.02266	0.01676	0.02592	0.01820	0.02243	0.01493	0.01913	0.14001	0.00445	0.01145	0.00658	0.17898	0.00940

[dist]
# distance from previous block
# <min> <max>
58	319

[block]
# block no. 3 follows, 22 sequences, length 31
# corresponding to MSA columns:
# 600-630
name=unknown_D
#
# <colnr> <probs for GDERKNQSTAVLIFYWHMCP>
#	G	D	E	R	K	N	Q	S	T	A	V	L	I	F	Y	W	H	M	C	P
0	0.02667	0.02563	0.02436	0.14376	0.07028	0.22055	0.01748	0.25159	0.02713	0.03330	0.01654	0.01927	0.01265	0.00923	0.00862	0.00245	0.03537	0.00681	0.03693	0.01136
1	0.19604	0.01980	0.02899	0.14150	0.26740	0.06269	0.11686	0.02523	0.01783	0.02802	0.01453	0.01909	0.01159	0.00764	0.00772	0.00257	0.01026	0.00696	0.00431	0.01099
2	0.02591	0.15878	0.06978	0.06567	0.02715	0.10664	0.01661	0.26475	0.12211	0.03537	0.01886	0.01973	0.01429	0.00918	0.00762	0.00239	0.00977	0.00682	0.00626	0.01227
3	0.01683	0.01891	0.06471	0.01643	0.02145	0.11869	0.08821	0.02052	0.01928	0.02475	0.09089	0.13146	0.14198	0.01336	0.00860	0.00240	0.00824	0.01162	0.00593	0.17576
4	0.01129	0.00772	0.00929	0.01007	0.01026	0.00753	0.00611	0.01187	0.01362	0.01816	0.03407	0.31539	0.04017	0.43342	0.02953	0.00617	0.00675	0.01673	0.00611	0.00572
5	0.01912	0.22318	0.45442	0.02098	0.03132	0.06712	0.02527	0.02639	0.01777	0.02408	0.01386	0.01623	0.01057	0.00773	0.00718	0.00237	0.01155	0.00563	0.00357	0.01166
6	0.02103	0.16291	0.25561	0.05750	0.07375	0.02182	0.09507	0.02695	0.01805	0.10371	0.01639	0.01914	0.01230	0.00852	0.00947	0.00256	0.07225	0.00678	0.00451	0.01168
7	0.01979	0.02203	0.10969	0.08184	0.43961	0.01975	0.02402	0.02832	0.11835	0.02789	0.01840	0.02195	0.01466	0.00814	0.00822	0.00256	0.00972	0.00756	0.00471	0.01280
8	0.01033	0.00782	0.00957	0.01073	0.01212	0.00707	0.00762	0.01228	0.01755	0.02261	0.09770	0.42916	0.24356	0.02368	0.01036	0.00317	0.00474	0.05518	0.00780	0.00696
9	0.01936	0.02138	0.04497	0.09764	0.11708	0.02062	0.49903	0.02598	0.01925	0.02617	0.01648	0.02217	0.01253	0.00717	0.00948	0.00276	0.01324	0.00930	0.00414	0.01125
10	0.02017	0.01945	0.06305	0.08230	0.12567	0.08222	0.01618	0.03000	0.21059	0.06386	0.02525	0.03340	0.02155	0.11737	0.01364	0.00353	0.00904	0.04575	0.00612	0.01086
11	0.01487	0.01588	0.11289	0.09698	0.02192	0.01262	0.01303	0.05716	0.05808	0.02681	0.07162	0.04503	0.20251	0.08251	0.01174	0.00313	0.00707	0.01114	0.12611	0.00889
12	0.01170	0.00789	0.00917	0.00955	0.00965	0.00780	0.00556	0.01198	0.01283	0.01711	0.03002	0.18128	0.03505	0.57451	0.03608	0.00714	0.00742	0.01434	0.00556	0.00537
13	0.01018	0.00745	0.00957	0.01111	0.01197	0.00684	0.00754	0.01185	0.01672	0.02206	0.08564	0.58773	0.13104	0.02488	0.01046	0.00326	0.00469	0.02236	0.00779	0.00684
14	0.06615	0.02677	0.26287	0.02023	0.06530	0.01865	0.01965	0.13023	0.12417	0.03230	0.02983	0.03011	0.11662	0.01087	0.00821	0.00265	0.00899	0.00871	0.00596	0.01174
15	0.03103	0.03959	0.02354	0.02140	0.02568	0.67469	0.01605	0.03317	0.02354	0.02033	0.01284	0.01498	0.01070	0.00856	0.00749	0.00214	0.01498	0.00535	0.00428	0.00963
16	0.01177	0.00871	0.01134	0.01284	0.01458	0.00828	0.01038	0.01460	0.01825	0.02339	0.05313	0.24897	0.18041	0.02334	0.01089	0.00349	0.00617	0.32451	0.00768	0.00728
17	0.01879	0.01794	0.03053	0.28194	0.43907	0.01927	0.02462	0.02395	0.01808	0.02500	0.01531	0.02114	0.01240	0.00773	0.00825	0.00258	0.01031	0.00739	0.00396	0.01173
18	0.02006	0.02014	0.02991	0.25037	0.40321	0.08454	0.02379	0.02490	0.01864	0.02458	0.01508	0.02051	0.01225	0.00780	0.00818	0.00253	0.01076	0.00719	0.00400	0.01156
19	0.02066	0.01785	0.01878	0.01691	0.02160	0.02066	0.01315	0.04414	0.64121	0.03475	0.03381	0.03099	0.02536	0.01127	0.00845	0.00282	0.00657	0.00939	0.00845	0.01315
20	0.01002	0.00762	0.00923	0.01052	0.01177	0.00684	0.00725	0.01169	0.01691	0.02162	0.05853	0.49583	0.25351	0.02437	0.01034	0.00318	0.00462	0.02160	0.00771	0.00684
21	0.07114	0.19040	0.02595	0.01722	0.02196	0.22786	0.01404	0.12456	0.05380	0.02723	0.01870	0.10222	0.01743	0.01099	0.00832	0.00240	0.04200	0.00800	0.00543	0.01036
22	0.01323	0.00852	0.01072	0.01077	0.01185	0.00828	0.00736	0.01491	0.01632	0.05861	0.16104	0.15989	0.04435	0.32874	0.06291	0.00586	0.00741	0.05570	0.00677	0.00674
23	0.00994	0.00794	0.00890	0.00967	0.01155	0.00691	0.00687	0.01178	0.01773	0.02195	0.06885	0.32841	0.41427	0.02303	0.01013	0.00303	0.00445	0.01996	0.00771	0.00691
24	0.03103	0.03959	0.02354	0.02140	0.02568	0.67469	0.01605	0.03317	0.02354	0.02033	0.01284	0.01498	0.01070	0.00856	0.00749	0.00214	0.01498	0.00535	0.00428	0.00963
25	0.02117	0.02175	0.02989	0.17004	0.37421	0.11999	0.04381	0.02718	0.06315	0.02544	0.01635	0.02082	0.01321	0.00802	0.00820	0.00251	0.01080	0.00731	0.00436	0.01177
26	0.01051	0.00829	0.00947	0.00950	0.01173	0.00726	0.00700	0.01314	0.02010	0.02595	0.27048	0.15187	0.38460	0.02030	0.00991	0.00281	0.00419	0.01745	0.00820	0.00726
27	0.01116	0.00846	0.01050	0.01157	0.01341	0.00780	0.00902	0.01375	0.01849	0.02361	0.09940	0.25076	0.26218	0.02271	0.01055	0.00327	0.00544	0.20293	0.00779	0.00720
28	0.06846	0.15502	0.13321	0.01639	0.02101	0.05780	0.01567	0.02216	0.01590	0.02375	0.01618	0.02091	0.01383	0.01806	0.11761	0.00424	0.14484	0.00656	0.11891	0.00949
29	0.01798	0.01233	0.01479	0.01402	0.01675	0.01261	0.01059	0.18593	0.02349	0.06789	0.07551	0.39507	0.04259	0.01988	0.00984	0.00306	0.00628	0.05393	0.00811	0.00936
30	0.02025	0.01740	0.02721	0.11778	0.36715	0.01674	0.02009	0.02480	0.01852	0.07123	0.01650	0.02042	0.01319	0.00739	0.00769	0.00218	0.00883	0.00681	0.00471	0.21111

[dist]
# distance from previous block
# <min> <max>
1	14

[block]
# block no. 4 follows, 22 sequences, length 72
# corresponding to MSA columns:
# 645-716
name=unknown_E
#
# <colnr> <probs for GDERKNQSTAVLIFYWHMCP>
#	G	D	E	R	K	N	Q	S	T	A	V	L	I	F	Y	W	H	M	C	P
0	0.01266	0.01775	0.17870	0.01334	0.01841	0.01104	0.01336	0.01821	0.04777	0.02730	0.23725	0.05624	0.28424	0.01598	0.00926	0.00270	0.00630	0.01347	0.00710	0.00889
1	0.05630	0.08737	0.02006	0.01771	0.08217	0.17112	0.01217	0.02428	0.01952	0.10130	0.11600	0.03482	0.05678	0.14881	0.01469	0.00348	0.00897	0.00915	0.00600	0.00931
2	0.01228	0.01003	0.01357	0.14476	0.02174	0.00982	0.01075	0.01544	0.01840	0.02469	0.17448	0.23915	0.15879	0.01749	0.00935	0.00275	0.00589	0.01540	0.00693	0.08830
3	0.02568	0.15879	0.03088	0.03050	0.24750	0.32316	0.01904	0.02891	0.02066	0.02259	0.01358	0.01664	0.01156	0.00788	0.00734	0.00219	0.01203	0.00590	0.00408	0.01107
4	0.01330	0.00913	0.01247	0.01225	0.01377	0.01054	0.00954	0.01646	0.01449	0.02270	0.02296	0.03127	0.02032	0.04420	0.44237	0.00946	0.05787	0.00847	0.22082	0.00761
5	0.02986	0.13286	0.02660	0.02003	0.02507	0.48367	0.01575	0.12351	0.02498	0.02514	0.01375	0.01551	0.01122	0.00857	0.00731	0.00214	0.01322	0.00555	0.00480	0.01047
6	0.08988	0.01206	0.01707	0.02310	0.20781	0.01192	0.01308	0.01714	0.01699	0.02478	0.03758	0.35437	0.10628	0.01795	0.00924	0.00295	0.00644	0.01606	0.00636	0.00895
7	0.01837	0.24873	0.47416	0.02077	0.03146	0.02346	0.02563	0.02587	0.01734	0.02423	0.01388	0.01625	0.01057	0.00765	0.00711	0.00237	0.01124	0.00562	0.00352	0.01178
8	0.01260	0.00990	0.01445	0.01404	0.01526	0.01194	0.01093	0.01525	0.01320	0.01917	0.02121	0.03236	0.02024	0.09743	0.56206	0.01192	0.09728	0.00892	0.00439	0.00746
9	0.01356	0.01088	0.04566	0.01050	0.01392	0.00845	0.00868	0.01673	0.02074	0.09072	0.24747	0.06593	0.37995	0.01801	0.00956	0.00271	0.00484	0.01523	0.00818	0.00827
10	0.01592	0.01491	0.02463	0.65700	0.05557	0.01856	0.02261	0.02229	0.04553	0.02185	0.01565	0.02256	0.01174	0.00844	0.00831	0.00277	0.01087	0.00748	0.00391	0.00941
11	0.02056	0.01974	0.03372	0.05099	0.65622	0.01974	0.02550	0.02550	0.01892	0.02714	0.01563	0.02056	0.01316	0.00740	0.00822	0.00247	0.00987	0.00740	0.00411	0.01316
12	0.00988	0.00819	0.00865	0.00903	0.01138	0.00696	0.00658	0.01185	0.01835	0.02220	0.07670	0.20097	0.53665	0.02201	0.00997	0.00292	0.00433	0.01872	0.00771	0.00696
13	0.02942	0.03668	0.02460	0.02423	0.08544	0.58126	0.01705	0.03181	0.02258	0.02096	0.01301	0.01567	0.01094	0.00874	0.00851	0.00224	0.04704	0.00564	0.00423	0.00994
14	0.01187	0.00890	0.01335	0.01335	0.01483	0.01038	0.01038	0.01483	0.01335	0.01928	0.02225	0.03264	0.02077	0.06231	0.67512	0.01335	0.02225	0.00890	0.00445	0.00742
15	0.01666	0.04297	0.66500	0.02368	0.03596	0.01929	0.03069	0.02631	0.01754	0.02631	0.01491	0.01754	0.01052	0.00789	0.00789	0.00263	0.01228	0.00614	0.00351	0.01228
16	0.02027	0.01944	0.03320	0.08883	0.62064	0.01966	0.02535	0.02524	0.01878	0.02679	0.01558	0.02066	0.01304	0.00746	0.00823	0.00249	0.00994	0.00740	0.00409	0.01293
17	0.02368	0.02172	0.02088	0.06073	0.10829	0.18028	0.01503	0.17564	0.02469	0.03180	0.02319	0.02852	0.04608	0.01044	0.00787	0.00241	0.00944	0.04466	0.15408	0.01059
18	0.01112	0.00804	0.00982	0.01010	0.01131	0.00749	0.00688	0.01315	0.01801	0.02427	0.25416	0.23008	0.14530	0.19160	0.01808	0.00419	0.00522	0.01691	0.00754	0.00673
19	0.01187	0.00890	0.01335	0.01335	0.01483	0.01038	0.01038	0.01483	0.01335	0.01928	0.02225	0.03264	0.02077	0.06231	0.67512	0.01335	0.02225	0.00890	0.00445	0.00742
20	0.01194	0.00893	0.01335	0.01345	0.01495	0.01034	0.01054	0.01495	0.01364	0.01957	0.02335	0.03571	0.02213	0.06032	0.64168	0.01287	0.02152	0.03870	0.00461	0.00743
21	0.01778	0.08043	0.50100	0.02849	0.15785	0.02023	0.02863	0.02606	0.01777	0.02605	0.01484	0.01787	0.01105	0.00775	0.00780	0.00254	0.01159	0.00628	0.00363	0.01235
22	0.02238	0.02341	0.03125	0.07789	0.50058	0.14935	0.02350	0.02680	0.01971	0.02549	0.01503	0.01954	0.01257	0.00768	0.00808	0.00242	0.01094	0.00699	0.00412	0.01226
23	0.01192	0.00869	0.01230	0.01230	0.01343	0.00982	0.00908	0.01416	0.01304	0.01851	0.02321	0.03794	0.02307	0.21988	0.52070	0.01206	0.01879	0.00968	0.00459	0.00684
24	0.01437	0.01113	0.01532	0.01874	0.13429	0.01042	0.01222	0.01773	0.01978	0.05750	0.12744	0.06759	0.27479	0.01794	0.00987	0.00297	0.00627	0.16551	0.00733	0.00879
25	0.02352	0.34534	0.14401	0.01756	0.02496	0.06766	0.01752	0.17045	0.02289	0.02899	0.01621	0.02066	0.01374	0.00899	0.00700	0.00225	0.00984	0.04189	0.00499	0.01153
26	0.01531	0.03613	0.53500	0.02066	0.03106	0.01686	0.02587	0.02346	0.01782	0.02554	0.02862	0.02990	0.13770	0.01050	0.00827	0.00267	0.01068	0.00839	0.00434	0.01124
27	0.01978	0.01894	0.03231	0.15335	0.55998	0.01953	0.02511	0.02481	0.01855	0.02619	0.01549	0.02082	0.01282	0.00755	0.00824	0.00252	0.01006	0.00740	0.00404	0.01253
28	0.02056	0.01974	0.03372	0.05099	0.65622	0.01974	0.02550	0.02550	0.01892	0.02714	0.01563	0.02056	0.01316	0.00740	0.00822	0.00247	0.00987	0.00740	0.00411	0.01316
29	0.02095	0.02070	0.03163	0.04637	0.56542	0.07176	0.02398	0.02559	0.01930	0.02645	0.01718	0.02470	0.01514	0.00847	0.00837	0.00253	0.01014	0.04445	0.00435	0.01253
30	0.02024	0.02012	0.02379	0.19284	0.20103	0.13246	0.01840	0.08762	0.02131	0.02624	0.02895	0.03167	0.13897	0.01081	0.00844	0.00255	0.00987	0.00905	0.00520	0.01045
31	0.02742	0.09737	0.05536	0.04890	0.06599	0.39578	0.01698	0.11409	0.02405	0.02560	0.01715	0.01909	0.03905	0.00905	0.00760	0.00225	0.01251	0.00634	0.00486	0.01058
32	0.01969	0.08324	0.50686	0.02267	0.03314	0.14294	0.02694	0.02751	0.01862	0.02478	0.01432	0.01680	0.01057	0.00797	0.00766	0.00249	0.01258	0.00589	0.00366	0.01168
33	0.01554	0.00941	0.01255	0.01310	0.01515	0.00896	0.01007	0.01903	0.04430	0.11785	0.10797	0.35105	0.04938	0.02135	0.01032	0.00327	0.00585	0.16815	0.00826	0.00844
34	0.01889	0.02815	0.23305	0.03457	0.15599	0.02025	0.33287	0.02631	0.01885	0.02662	0.01601	0.02059	0.01208	0.00735	0.00893	0.00269	0.01271	0.00824	0.00397	0.01190
35	0.02833	0.03041	0.02597	0.05994	0.15212	0.35281	0.01821	0.17738	0.02609	0.02960	0.01523	0.01766	0.01205	0.00867	0.00788	0.00232	0.01234	0.00638	0.00521	0.01141
36	0.02297	0.19010	0.12937	0.03085	0.25602	0.18658	0.02129	0.02739	0.01939	0.02354	0.01387	0.01702	0.01156	0.00770	0.00731	0.00225	0.01128	0.00601	0.00393	0.01156
37	0.01712	0.01446	0.01287	0.01245	0.01458	0.14072	0.00936	0.02010	0.01691	0.02396	0.02256	0.02980	0.01956	0.07011	0.23760	0.00626	0.01262	0.00793	0.30320	0.00784
38	0.02224	0.39046	0.22192	0.01833	0.02643	0.14917	0.01939	0.02685	0.01832	0.02167	0.01278	0.01487	0.01063	0.00761	0.00649	0.00210	0.01102	0.00511	0.00368	0.01094
39	0.09932	0.03198	0.25577	0.01980	0.02770	0.14328	0.02007	0.20312	0.02470	0.03372	0.01939	0.02071	0.04602	0.00932	0.00776	0.00250	0.01084	0.00683	0.00545	0.01171
40	0.01006	0.00745	0.00941	0.01098	0.01189	0.00680	0.00745	0.01163	0.01647	0.02144	0.05298	0.58593	0.16699	0.02509	0.01046	0.00327	0.00471	0.02248	0.00771	0.00680
41	0.01961	0.01877	0.03201	0.17480	0.53981	0.01949	0.02502	0.02467	0.01847	0.02599	0.01546	0.02087	0.01275	0.00758	0.00824	0.00253	0.01010	0.00740	0.00403	0.01240
42	0.00992	0.00842	0.00856	0.00853	0.01129	0.00706	0.00639	0.01212	0.01918	0.02303	0.11471	0.07899	0.62194	0.02082	0.00982	0.00279	0.00419	0.01740	0.00779	0.00706
43	0.01725	0.03890	0.54304	0.02592	0.03743	0.01963	0.14857	0.02637	0.01795	0.02637	0.01528	0.01850	0.01094	0.00772	0.00827	0.00266	0.01262	0.00686	0.00365	0.01207
44	0.01067	0.00779	0.01004	0.01087	0.01210	0.00716	0.00762	0.01305	0.01888	0.02560	0.26342	0.41725	0.12006	0.02236	0.01024	0.00305	0.00444	0.02000	0.00822	0.00716
45	0.02117	0.58747	0.15999	0.01599	0.02406	0.03033	0.01730	0.02514	0.01700	0.02081	0.01218	0.01412	0.01064	0.00725	0.00581	0.00194	0.00952	0.00476	0.00355	0.01096
46	0.01569	0.01477	0.02492	0.68808	0.05722	0.01846	0.02307	0.02123	0.01661	0.02123	0.01477	0.02215	0.01107	0.00831	0.00831	0.00277	0.01107	0.00738	0.00369	0.00923
47	0.01076	0.00788	0.01020	0.01189	0.01263	0.00760	0.00804	0.01356	0.05407	0.02203	0.04506	0.66163	0.05314	0.02513	0.01047	0.00334	0.00493	0.02275	0.00776	0.00714
48	0.01666	0.04297	0.66500	0.02368	0.03596	0.01929	0.03069	0.02631	0.01754	0.02631	0.01491	0.01754	0.01052	0.00789	0.00789	0.00263	0.01228	0.00614	0.00351	0.01228
49	0.02056	0.01974	0.03372	0.05099	0.65622	0.01974	0.02550	0.02550	0.01892	0.02714	0.01563	0.02056	0.01316	0.00740	0.00822	0.00247	0.00987	0.00740	0.00411	0.01316
50	0.02056	0.01974	0.03372	0.05099	0.65622	0.01974	0.02550	0.02550	0.01892	0.02714	0.01563	0.02056	0.01316	0.00740	0.00822	0.00247	0.00987	0.00740	0.00411	0.01316
51	0.02142	0.02079	0.02923	0.12019	0.41988	0.08571	0.02215	0.08225	0.02102	0.02784	0.01983	0.02376	0.05179	0.00871	0.00827	0.00249	0.01012	0.00782	0.00470	0.01204
52	0.03169	0.01613	0.01967	0.01584	0.02176	0.01606	0.01284	0.09750	0.21257	0.41371	0.03187	0.02831	0.02141	0.01055	0.00838	0.00264	0.00712	0.00859	0.00954	0.01384
53	0.02744	0.02005	0.02175	0.01753	0.02309	0.02209	0.01409	0.41732	0.15485	0.07450	0.02522	0.06697	0.01997	0.04358	0.01006	0.00287	0.00821	0.00913	0.00824	0.01305
54	0.01012	0.00723	0.00964	0.01157	0.01205	0.00675	0.00771	0.01157	0.01591	0.02121	0.04579	0.70262	0.05495	0.02603	0.01060	0.00337	0.00482	0.02362	0.00771	0.00675
55	0.01005	0.00752	0.00934	0.01078	0.01184	0.00681	0.00736	0.01166	0.01666	0.02151	0.05532	0.54796	0.20346	0.02479	0.01041	0.00323	0.00467	0.02211	0.00771	0.00681
56	0.01204	0.00822	0.00991	0.00991	0.01020	0.00852	0.00609	0.01263	0.01233	0.01674	0.02540	0.05006	0.02833	0.58019	0.16758	0.00910	0.01087	0.01145	0.00492	0.00551
57	0.02056	0.01974	0.03372	0.05099	0.65622	0.01974	0.02550	0.02550	0.01892	0.02714	0.01563	0.02056	0.01316	0.00740	0.00822	0.00247	0.00987	0.00740	0.00411	0.01316
58	0.01021	0.00730	0.00972	0.01151	0.01207	0.00681	0.00772	0.01179	0.01631	0.02186	0.07840	0.66815	0.05621	0.02554	0.01056	0.00333	0.00477	0.02315	0.00779	0.00681
59	0.02414	0.02847	0.02076	0.01910	0.02213	0.41523	0.01461	0.02649	0.01947	0.01999	0.01539	0.02045	0.01366	0.02484	0.20418	0.00556	0.08575	0.00658	0.00426	0.00893
60	0.03013	0.03505	0.02474	0.02384	0.08564	0.50678	0.01691	0.12937	0.02563	0.02619	0.01426	0.01632	0.01149	0.00868	0.00769	0.00223	0.01354	0.00589	0.00492	0.01070
61	0.01710	0.23681	0.35620	0.01858	0.02710	0.02101	0.02146	0.02312	0.01704	0.02333	0.01969	0.14466	0.01889	0.01106	0.00763	0.00251	0.00986	0.00891	0.00431	0.01076
62	0.02828	0.09653	0.02438	0.01896	0.02388	0.38993	0.01491	0.17370	0.02641	0.02874	0.05084	0.02168	0.04702	0.00982	0.00772	0.00225	0.01189	0.00688	0.00560	0.01059
63	0.00993	0.00842	0.00858	0.00854	0.01129	0.00706	0.00640	0.01215	0.01921	0.02309	0.11788	0.07889	0.61873	0.02080	0.00982	0.00279	0.00419	0.01738	0.00780	0.00706
64	0.01553	0.00913	0.01114	0.14245	0.01909	0.00986	0.00923	0.01973	0.01726	0.02904	0.02466	0.02922	0.01927	0.00941	0.00630	0.00210	0.00530	0.00767	0.60557	0.00804
65	0.02377	0.02474	0.03072	0.04187	0.46491	0.17773	0.02261	0.06519	0.02129	0.02708	0.01523	0.01918	0.01263	0.00784	0.00805	0.00239	0.01105	0.00691	0.00442	0.01237
66	0.06039	0.05675	0.02327	0.01928	0.02351	0.26717	0.01526	0.12107	0.16779	0.02914	0.01838	0.01981	0.01458	0.01023	0.01070	0.00259	0.11646	0.00683	0.00576	0.01105
67	0.01018	0.00853	0.00892	0.00911	0.01183	0.00727	0.00703	0.01246	0.01895	0.02269	0.08009	0.08134	0.59158	0.02123	0.00999	0.00291	0.00456	0.07655	0.00771	0.00708
68	0.01005	0.00752	0.00934	0.01081	0.01185	0.00681	0.00737	0.01165	0.01664	0.02150	0.05504	0.55243	0.19917	0.02482	0.01041	0.00324	0.00467	0.02215	0.00771	0.00681
69	0.01896	0.17320	0.43561	0.02290	0.03324	0.06217	0.09148	0.02648	0.01800	0.02464	0.01432	0.01708	0.01079	0.00768	0.00757	0.00245	0.01196	0.00615	0.00364	0.01168
70	0.02077	0.34184	0.26436	0.02216	0.09510	0.07972	0.02150	0.02614	0.01789	0.02286	0.01330	0.01576	0.01088	0.00754	0.00674	0.00219	0.01072	0.00545	0.00366	0.01143
71	0.17161	0.10522	0.25377	0.02171	0.08638	0.14998	0.02025	0.02664	0.01834	0.02697	0.03866	0.01781	0.01319	0.00822	0.00709	0.00241	0.01071	0.00594	0.00428	0.01083

[dist]
# distance from previous block
# <min> <max>
27	58

[block]
# block no. 5 follows, 22 sequences, length 11
# corresponding to MSA columns:
# 776-786
name=unknown_F
#
# <colnr> <probs for GDERKNQSTAVLIFYWHMCP>
#	G	D	E	R	K	N	Q	S	T	A	V	L	I	F	Y	W	H	M	C	P
0	0.02100	0.02294	0.13097	0.01824	0.02367	0.11227	0.05957	0.13982	0.02383	0.06731	0.13404	0.15166	0.03199	0.01337	0.00891	0.00267	0.00907	0.01143	0.00674	0.01049
1	0.03004	0.12204	0.02649	0.01986	0.02514	0.41700	0.01574	0.19259	0.02687	0.02886	0.01459	0.01611	0.01162	0.00875	0.00743	0.00219	0.01262	0.00581	0.00527	0.01098
2	0.01554	0.01424	0.01377	0.01376	0.01576	0.12505	0.01032	0.01893	0.04567	0.02168	0.03113	0.15295	0.06759	0.07690	0.24179	0.00678	0.01299	0.05028	0.05705	0.00781
3	0.05354	0.01830	0.04229	0.01374	0.01736	0.15683	0.01105	0.06503	0.02064	0.08469	0.06028	0.07009	0.02289	0.01443	0.05309	0.00305	0.00874	0.00857	0.26607	0.00932
4	0.02412	0.25838	0.12011	0.01732	0.02445	0.02561	0.01660	0.25494	0.06818	0.03499	0.06316	0.02117	0.01787	0.00930	0.00736	0.00230	0.00894	0.00694	0.00609	0.01217
