[name]
unknown

[dist]
# distance from previous block
# <min> <max>
0	1

[block]
# block no. 0 follows, 23 sequences, length 171
# corresponding to MSA columns:
# 1-171
name=unknown_A
#
# <colnr> <probs for GDERKNQSTAVLIFYWHMCP>
#	G	D	E	R	K	N	Q	S	T	A	V	L	I	F	Y	W	H	M	C	P
0	0.01282	0.00926	0.01272	0.01444	0.01638	0.00916	0.01256	0.01643	0.01867	0.02411	0.04587	0.09053	0.09225	0.02228	0.01109	0.00366	0.00722	0.56566	0.00748	0.00743
1	0.01215	0.00967	0.01562	0.01461	0.01656	0.01091	0.05646	0.01534	0.01349	0.01937	0.02134	0.03114	0.01969	0.05685	0.63276	0.01228	0.02114	0.00876	0.00433	0.00752
2	0.02169	0.71972	0.04252	0.01388	0.02083	0.03211	0.01388	0.02430	0.01649	0.01909	0.01128	0.01302	0.01041	0.00694	0.00521	0.00174	0.00868	0.00434	0.00347	0.01041
3	0.00971	0.00822	0.00838	0.00834	0.01103	0.00690	0.00626	0.01187	0.01878	0.02259	0.11842	0.07699	0.62429	0.02030	0.00959	0.00273	0.00409	0.01697	0.00762	0.00690
4	0.03031	0.03867	0.02299	0.02090	0.02508	0.68226	0.01568	0.03240	0.02299	0.01986	0.01254	0.01463	0.01045	0.00836	0.00732	0.00209	0.01463	0.00523	0.00418	0.00941
5	0.02380	0.02094	0.02919	0.07520	0.39138	0.04831	0.02125	0.22797	0.02506	0.03407	0.01650	0.01975	0.01295	0.00816	0.00804	0.00242	0.00968	0.00717	0.00536	0.01281
6	0.02746	0.01345	0.01713	0.01374	0.01865	0.01266	0.01110	0.12704	0.02552	0.36507	0.23306	0.03699	0.03735	0.01211	0.00861	0.00251	0.00623	0.01013	0.00938	0.01182
7	0.01461	0.01347	0.01942	0.07774	0.18275	0.03704	0.04900	0.01846	0.01987	0.02638	0.22941	0.04787	0.20407	0.01371	0.00898	0.00257	0.00691	0.01218	0.00643	0.00912
8	0.01992	0.01218	0.01268	0.01095	0.01424	0.01293	0.00864	0.20733	0.02346	0.03662	0.02434	0.02697	0.01866	0.00954	0.00642	0.00206	0.00535	0.00748	0.53076	0.00946
9	0.02352	0.01428	0.01709	0.01394	0.01835	0.01436	0.01117	0.22419	0.02799	0.18453	0.30676	0.03961	0.04311	0.01285	0.00877	0.00250	0.00620	0.01077	0.00892	0.01107
10	0.01627	0.04197	0.67279	0.02313	0.03512	0.01884	0.02998	0.02570	0.01713	0.02570	0.01456	0.01713	0.01028	0.00771	0.00771	0.00257	0.01199	0.00600	0.00343	0.01199
11	0.01048	0.00826	0.00946	0.00916	0.01151	0.00723	0.00687	0.01337	0.02060	0.02692	0.35443	0.06985	0.38557	0.01868	0.00958	0.00265	0.00398	0.01597	0.00819	0.00723
12	0.01762	0.01664	0.02811	0.31481	0.37507	0.01810	0.02294	0.02263	0.01780	0.02446	0.05177	0.02304	0.01565	0.00813	0.00815	0.00254	0.00979	0.00765	0.00413	0.01097
13	0.03085	0.02273	0.02435	0.01867	0.02516	0.02516	0.01542	0.63716	0.03815	0.05114	0.01948	0.01948	0.01380	0.00974	0.00812	0.00244	0.00893	0.00731	0.00812	0.01380
14	0.03456	0.01340	0.01824	0.01412	0.02008	0.01161	0.01161	0.03775	0.02321	0.62257	0.07858	0.03007	0.02427	0.01053	0.00826	0.00251	0.00668	0.00864	0.00996	0.01335
15	0.01659	0.03978	0.60452	0.02434	0.03592	0.01903	0.09605	0.02573	0.01735	0.02573	0.01476	0.01765	0.01050	0.00761	0.00791	0.00259	0.01218	0.00639	0.00350	0.01188
16	0.01006	0.00720	0.00957	0.01118	0.01181	0.00671	0.00755	0.01174	0.01635	0.02201	0.11194	0.63864	0.05617	0.02446	0.01027	0.00321	0.00461	0.02215	0.00769	0.00671
17	0.27630	0.48086	0.03214	0.01279	0.01908	0.02739	0.01216	0.02415	0.01558	0.02497	0.01129	0.01307	0.00986	0.00714	0.00514	0.00200	0.00786	0.00436	0.00400	0.00986
18	0.01134	0.00829	0.01065	0.01006	0.01204	0.00760	0.00755	0.01504	0.02264	0.03175	0.61709	0.06191	0.11990	0.01688	0.00957	0.00257	0.00385	0.01486	0.00883	0.00760
19	0.00989	0.00706	0.00942	0.01130	0.01177	0.00659	0.00753	0.01130	0.01554	0.02071	0.04472	0.70954	0.05367	0.02542	0.01036	0.00330	0.00471	0.02307	0.00753	0.00659
20	0.02987	0.03163	0.02319	0.01983	0.02486	0.40525	0.01541	0.24982	0.06771	0.03195	0.01631	0.01735	0.01255	0.00902	0.00766	0.00226	0.01207	0.00622	0.00585	0.01120
21	0.03085	0.02273	0.02435	0.01867	0.02516	0.02516	0.01542	0.63716	0.03815	0.05114	0.01948	0.01948	0.01380	0.00974	0.00812	0.00244	0.00893	0.00731	0.00812	0.01380
22	0.16402	0.12412	0.22814	0.02180	0.03018	0.02169	0.17648	0.09203	0.01922	0.02968	0.01449	0.01727	0.01092	0.00757	0.00737	0.00247	0.01053	0.00652	0.00442	0.01109
23	0.01627	0.04197	0.67279	0.02313	0.03512	0.01884	0.02998	0.02570	0.01713	0.02570	0.01456	0.01713	0.01028	0.00771	0.00771	0.00257	0.01199	0.00600	0.00343	0.01199
24	0.00989	0.00706	0.00942	0.01130	0.01177	0.00659	0.00753	0.01130	0.01554	0.02071	0.04472	0.70954	0.05367	0.02542	0.01036	0.00330	0.00471	0.02307	0.00753	0.00659
25	0.01741	0.01656	0.02811	0.41175	0.32313	0.01858	0.02357	0.02256	0.01721	0.02327	0.01479	0.02095	0.01171	0.00772	0.00808	0.00257	0.01030	0.00722	0.00379	0.01070
26	0.01884	0.01785	0.02552	0.47489	0.14118	0.06826	0.02160	0.08957	0.01946	0.02485	0.01496	0.02065	0.01142	0.00818	0.00804	0.00259	0.01072	0.00708	0.00420	0.01014
27	0.00971	0.00822	0.00838	0.00834	0.01103	0.00690	0.00626	0.01187	0.01878	0.02259	0.11842	0.07699	0.62429	0.02030	0.00959	0.00273	0.00409	0.01697	0.00762	0.00690
28	0.03085	0.02273	0.02435	0.01867	0.02516	0.02516	0.01542	0.63716	0.03815	0.05114	0.01948	0.01948	0.01380	0.00974	0.00812	0.00244	0.00893	0.00731	0.00812	0.01380
29	0.01163	0.00870	0.01270	0.01361	0.01494	0.00838	0.04296	0.01403	0.01654	0.02186	0.04117	0.41047	0.04725	0.07451	0.01290	0.00376	0.00638	0.22407	0.00713	0.00700
30	0.77215	0.01569	0.01193	0.01067	0.01569	0.01820	0.00879	0.02385	0.01381	0.03641	0.01130	0.01318	0.00879	0.00753	0.00502	0.00251	0.00628	0.00439	0.00502	0.00879
31	0.02067	0.02039	0.03237	0.04815	0.62768	0.05718	0.02438	0.02533	0.01873	0.02613	0.01511	0.01977	0.01272	0.00729	0.00799	0.00239	0.00993	0.00712	0.00403	0.01266
32	0.01163	0.00854	0.01227	0.01227	0.01346	0.00973	0.00918	0.01400	0.01281	0.01827	0.02244	0.03577	0.02198	0.18081	0.56504	0.01209	0.01919	0.00926	0.00445	0.00682
33	0.01675	0.07713	0.59974	0.02332	0.03481	0.01966	0.06703	0.02564	0.01722	0.02536	0.01450	0.01721	0.01041	0.00761	0.00769	0.00254	0.01192	0.00613	0.00347	0.01184
34	0.02990	0.03673	0.02287	0.02057	0.02491	0.61181	0.01554	0.07079	0.05163	0.02244	0.01388	0.01563	0.01129	0.00857	0.00741	0.00214	0.01391	0.00553	0.00461	0.00983
35	0.01716	0.03577	0.47967	0.02655	0.03737	0.01936	0.21687	0.02579	0.01776	0.02579	0.01513	0.01860	0.01091	0.00744	0.00829	0.00262	0.01251	0.00710	0.00364	0.01167
36	0.01299	0.01098	0.01454	0.01735	0.09580	0.03204	0.01102	0.01585	0.03746	0.02305	0.10400	0.45003	0.04514	0.02021	0.01115	0.00307	0.06271	0.01781	0.00683	0.00798
37	0.01260	0.01060	0.01795	0.01605	0.01832	0.01081	0.12216	0.01555	0.01491	0.02052	0.02812	0.21161	0.02971	0.11159	0.28582	0.00766	0.01369	0.03949	0.00533	0.00750
38	0.01668	0.09223	0.62605	0.02244	0.03406	0.01983	0.02879	0.02559	0.01708	0.02521	0.01432	0.01683	0.01029	0.00765	0.00752	0.00251	0.01175	0.00587	0.00343	0.01187
39	0.01166	0.00843	0.01170	0.01170	0.01268	0.00941	0.00847	0.01363	0.01264	0.01784	0.02296	0.03868	0.02324	0.27041	0.47716	0.01138	0.01729	0.00969	0.00453	0.00650
40	0.01670	0.03929	0.60129	0.02240	0.03359	0.01899	0.02811	0.02760	0.08623	0.02660	0.01658	0.01857	0.01186	0.00807	0.00777	0.00259	0.01138	0.00634	0.00395	0.01208
41	0.01944	0.01863	0.03178	0.13666	0.58237	0.01911	0.02458	0.02434	0.01817	0.02573	0.01515	0.02029	0.01258	0.00735	0.00804	0.00245	0.00980	0.00723	0.00396	0.01234
42	0.07294	0.01331	0.01521	0.01509	0.04826	0.01415	0.01123	0.02811	0.26282	0.06535	0.14936	0.04774	0.12603	0.01420	0.00877	0.00278	0.00592	0.08069	0.00783	0.01019
43	0.07972	0.02282	0.02498	0.02051	0.02432	0.13393	0.06649	0.19677	0.05681	0.03100	0.01518	0.01840	0.01227	0.01070	0.01421	0.00281	0.24605	0.00696	0.00535	0.01072
44	0.02395	0.02138	0.02976	0.03866	0.43291	0.05672	0.02149	0.21401	0.02478	0.03374	0.01642	0.01960	0.01302	0.00806	0.00802	0.00240	0.00969	0.00715	0.00529	0.01296
45	0.08408	0.15089	0.02651	0.01755	0.02366	0.12620	0.01469	0.38836	0.03011	0.03947	0.01633	0.01710	0.01230	0.00886	0.00724	0.00226	0.00956	0.00623	0.00645	0.01214
46	0.77215	0.01569	0.01193	0.01067	0.01569	0.01820	0.00879	0.02385	0.01381	0.03641	0.01130	0.01318	0.00879	0.00753	0.00502	0.00251	0.00628	0.00439	0.00502	0.00879
47	0.01535	0.01164	0.01392	0.01279	0.01568	0.01202	0.01003	0.08845	0.13766	0.03393	0.40965	0.05397	0.05709	0.01546	0.00935	0.00270	0.00525	0.07725	0.00856	0.00925
48	0.01963	0.01559	0.01714	0.01466	0.01903	0.01680	0.01154	0.17281	0.27055	0.03657	0.19793	0.03762	0.06942	0.01243	0.00852	0.00254	0.00618	0.01038	0.00818	0.05248
49	0.02751	0.02457	0.02173	0.01830	0.02357	0.19056	0.01445	0.25520	0.23414	0.07126	0.02284	0.02223	0.01689	0.00982	0.00796	0.00246	0.00945	0.00743	0.00726	0.01236
50	0.01809	0.01697	0.02694	0.15823	0.40620	0.01780	0.02099	0.02486	0.09309	0.02585	0.02454	0.02791	0.08471	0.00929	0.00824	0.00254	0.00887	0.00854	0.00483	0.01150
51	0.01088	0.00837	0.01018	0.01124	0.01319	0.00767	0.00889	0.01339	0.01793	0.02249	0.06039	0.21761	0.31509	0.02225	0.01032	0.00321	0.00542	0.22695	0.00751	0.00701
52	0.01595	0.01446	0.01655	0.06666	0.05423	0.08623	0.01240	0.02237	0.12982	0.02191	0.02229	0.03055	0.01989	0.10834	0.33274	0.00810	0.01526	0.00854	0.00502	0.00868
53	0.01166	0.00844	0.01175	0.01175	0.01275	0.00944	0.00853	0.01366	0.01266	0.01788	0.02292	0.03842	0.02313	0.26242	0.48500	0.01145	0.01746	0.00965	0.00452	0.00653
54	0.02169	0.71972	0.04252	0.01388	0.02083	0.03211	0.01388	0.02430	0.01649	0.01909	0.01128	0.01302	0.01041	0.00694	0.00521	0.00174	0.00868	0.00434	0.00347	0.01041
55	0.01683	0.01442	0.01683	0.01202	0.01923	0.01082	0.00961	0.02043	0.01683	0.02644	0.01442	0.01683	0.01202	0.00601	0.00601	0.00120	0.00601	0.00481	0.00481	0.76444
56	0.01768	0.01683	0.02860	0.37505	0.35771	0.01865	0.02371	0.02280	0.01734	0.02360	0.01484	0.02086	0.01183	0.00767	0.00807	0.00256	0.01023	0.00722	0.00381	0.01092
57	0.01165	0.00845	0.01182	0.01182	0.01285	0.00948	0.00863	0.01371	0.01268	0.01794	0.02285	0.03804	0.02296	0.25076	0.49643	0.01154	0.01771	0.00960	0.00451	0.00657
58	0.77215	0.01569	0.01193	0.01067	0.01569	0.01820	0.00879	0.02385	0.01381	0.03641	0.01130	0.01318	0.00879	0.00753	0.00502	0.00251	0.00628	0.00439	0.00502	0.00879
59	0.02018	0.01743	0.01835	0.01651	0.02110	0.02018	0.01284	0.04312	0.64956	0.03394	0.03303	0.03027	0.02477	0.01101	0.00826	0.00275	0.00642	0.00917	0.00826	0.01284
60	0.01023	0.00825	0.00911	0.00889	0.01135	0.00712	0.00667	0.01289	0.02001	0.02552	0.27808	0.07216	0.46280	0.01921	0.00958	0.00268	0.00401	0.01629	0.00801	0.00712
61	0.02169	0.71972	0.04252	0.01388	0.02083	0.03211	0.01388	0.02430	0.01649	0.01909	0.01128	0.01302	0.01041	0.00694	0.00521	0.00174	0.00868	0.00434	0.00347	0.01041
62	0.01921	0.01652	0.01809	0.01618	0.01863	0.10679	0.01287	0.09952	0.01824	0.05543	0.01883	0.02492	0.01628	0.03277	0.30653	0.00721	0.14718	0.00765	0.04813	0.00903
63	0.02214	0.02172	0.02501	0.23387	0.16824	0.14676	0.01928	0.11587	0.11388	0.02809	0.01769	0.02092	0.01365	0.00863	0.00797	0.00249	0.01038	0.00714	0.00513	0.01115
64	0.01915	0.02189	0.04788	0.03420	0.04241	0.02052	0.63475	0.02599	0.01915	0.02599	0.01642	0.02189	0.01231	0.00684	0.00958	0.00274	0.01368	0.00958	0.00410	0.01094
65	0.00959	0.00822	0.00822	0.00822	0.01096	0.00685	0.00617	0.01165	0.01850	0.02192	0.08220	0.07809	0.66092	0.02055	0.00959	0.00274	0.00411	0.01713	0.00754	0.00685
66	0.01513	0.00756	0.00756	0.00756	0.00945	0.00756	0.00567	0.01891	0.01702	0.03025	0.02647	0.03025	0.02080	0.00945	0.00567	0.00189	0.00378	0.00756	0.75988	0.00756
67	0.02868	0.02119	0.02263	0.01773	0.02373	0.02351	0.01453	0.53252	0.10464	0.04792	0.02142	0.02135	0.01545	0.00986	0.00798	0.00244	0.00833	0.00753	0.05526	0.01330
68	0.01130	0.00829	0.01059	0.01001	0.01201	0.00758	0.00751	0.01495	0.02253	0.03149	0.60306	0.06233	0.13409	0.01698	0.00957	0.00257	0.00386	0.01492	0.00879	0.00758
69	0.01513	0.00756	0.00756	0.00756	0.00945	0.00756	0.00567	0.01891	0.01702	0.03025	0.02647	0.03025	0.02080	0.00945	0.00567	0.00189	0.00378	0.00756	0.75988	0.00756
70	0.01178	0.00793	0.00916	0.00916	0.00927	0.00804	0.00530	0.01200	0.01189	0.01596	0.02528	0.05153	0.02882	0.66633	0.08887	0.00825	0.00890	0.01157	0.00487	0.00509
71	0.01627	0.04197	0.67279	0.02313	0.03512	0.01884	0.02998	0.02570	0.01713	0.02570	0.01456	0.01713	0.01028	0.00771	0.00771	0.00257	0.01199	0.00600	0.00343	0.01199
72	0.01751	0.01666	0.02830	0.39820	0.33590	0.01860	0.02362	0.02265	0.01726	0.02339	0.01481	0.02092	0.01175	0.00771	0.00808	0.00257	0.01027	0.00722	0.00379	0.01078
73	0.01775	0.01775	0.02485	0.02130	0.02130	0.02485	0.01775	0.01953	0.01243	0.01953	0.01065	0.01775	0.01065	0.01420	0.02663	0.00355	0.69998	0.00710	0.00355	0.00888
74	0.01732	0.24773	0.40555	0.01875	0.02813	0.02168	0.02249	0.02393	0.01733	0.02382	0.05246	0.02157	0.04953	0.00866	0.00714	0.00232	0.01009	0.00657	0.00397	0.01099
75	0.05820	0.03722	0.02263	0.02044	0.02473	0.63289	0.01541	0.05455	0.02321	0.02164	0.01275	0.01476	0.01051	0.00838	0.00726	0.00212	0.01411	0.00527	0.00436	0.00955
76	0.01513	0.00756	0.00756	0.00756	0.00945	0.00756	0.00567	0.01891	0.01702	0.03025	0.02647	0.03025	0.02080	0.00945	0.00567	0.00189	0.00378	0.00756	0.75988	0.00756
77	0.01256	0.00956	0.01134	0.01145	0.01314	0.00968	0.00809	0.01853	0.13840	0.02562	0.20195	0.27175	0.08504	0.12783	0.01454	0.00368	0.00527	0.01612	0.00763	0.00782
78	0.77215	0.01569	0.01193	0.01067	0.01569	0.01820	0.00879	0.02385	0.01381	0.03641	0.01130	0.01318	0.00879	0.00753	0.00502	0.00251	0.00628	0.00439	0.00502	0.00879
79	0.01775	0.01775	0.02485	0.02130	0.02130	0.02485	0.01775	0.01953	0.01243	0.01953	0.01065	0.01775	0.01065	0.01420	0.02663	0.00355	0.69998	0.00710	0.00355	0.00888
80	0.00987	0.00823	0.00861	0.00851	0.01113	0.00697	0.00638	0.01219	0.01915	0.02348	0.16733	0.07551	0.57482	0.01997	0.00959	0.00271	0.00407	0.01676	0.00774	0.00697
81	0.77215	0.01569	0.01193	0.01067	0.01569	0.01820	0.00879	0.02385	0.01381	0.03641	0.01130	0.01318	0.00879	0.00753	0.00502	0.00251	0.00628	0.00439	0.00502	0.00879
82	0.01775	0.01775	0.02485	0.02130	0.02130	0.02485	0.01775	0.01953	0.01243	0.01953	0.01065	0.01775	0.01065	0.01420	0.02663	0.00355	0.69998	0.00710	0.00355	0.00888
83	0.00988	0.00788	0.00890	0.00966	0.01156	0.00689	0.00701	0.01180	0.01747	0.02163	0.06701	0.29929	0.41589	0.02235	0.00994	0.00299	0.00450	0.05104	0.00753	0.00679
84	0.01668	0.09223	0.62605	0.02244	0.03406	0.01983	0.02879	0.02559	0.01708	0.02521	0.01432	0.01683	0.01029	0.00765	0.00752	0.00251	0.01175	0.00587	0.00343	0.01187
85	0.01180	0.00787	0.00885	0.00885	0.00885	0.00787	0.00492	0.01180	0.01180	0.01573	0.02557	0.05310	0.02950	0.71483	0.04130	0.00787	0.00787	0.01180	0.00492	0.00492
86	0.01645	0.01208	0.01411	0.01298	0.01625	0.01256	0.01012	0.02700	0.24913	0.07891	0.29845	0.05071	0.09668	0.01480	0.00911	0.00272	0.00527	0.05422	0.00856	0.00991
87	0.00989	0.00706	0.00942	0.01130	0.01177	0.00659	0.00753	0.01130	0.01554	0.02071	0.04472	0.70954	0.05367	0.02542	0.01036	0.00330	0.00471	0.02307	0.00753	0.00659
88	0.01683	0.01442	0.01683	0.01202	0.01923	0.01082	0.00961	0.02043	0.01683	0.02644	0.01442	0.01683	0.01202	0.00601	0.00601	0.00120	0.00601	0.00481	0.00481	0.76444
89	0.01039	0.00745	0.00986	0.01096	0.01188	0.00692	0.00757	0.01255	0.01786	0.02441	0.23696	0.50677	0.06082	0.02266	0.01011	0.00306	0.00443	0.02044	0.00797	0.00692
90	0.01180	0.00787	0.00885	0.00885	0.00885	0.00787	0.00492	0.01180	0.01180	0.01573	0.02557	0.05310	0.02950	0.71483	0.04130	0.00787	0.00787	0.01180	0.00492	0.00492
91	0.03031	0.03867	0.02299	0.02090	0.02508	0.68226	0.01568	0.03240	0.02299	0.01986	0.01254	0.01463	0.01045	0.00836	0.00732	0.00209	0.01463	0.00523	0.00418	0.00941
92	0.01683	0.01442	0.01683	0.01202	0.01923	0.01082	0.00961	0.02043	0.01683	0.02644	0.01442	0.01683	0.01202	0.00601	0.00601	0.00120	0.00601	0.00481	0.00481	0.76444
93	0.00985	0.00719	0.00928	0.01096	0.01168	0.00662	0.00738	0.01134	0.01586	0.02085	0.04882	0.64055	0.12001	0.02489	0.01027	0.00323	0.00464	0.02242	0.00753	0.00662
94	0.01180	0.00787	0.00885	0.00885	0.00885	0.00787	0.00492	0.01180	0.01180	0.01573	0.02557	0.05310	0.02950	0.71483	0.04130	0.00787	0.00787	0.01180	0.00492	0.00492
95	0.01159	0.00869	0.01304	0.01304	0.01449	0.01014	0.01014	0.01449	0.01304	0.01884	0.02173	0.03188	0.02029	0.06086	0.68268	0.01304	0.02173	0.00869	0.00435	0.00724
96	0.02008	0.01928	0.03294	0.04981	0.66422	0.01928	0.02490	0.02490	0.01848	0.02651	0.01526	0.02008	0.01285	0.00723	0.00803	0.00241	0.00964	0.00723	0.00402	0.01285
97	0.02002	0.50988	0.23766	0.01675	0.02525	0.02800	0.01887	0.02473	0.01669	0.02114	0.01230	0.01429	0.01037	0.00718	0.00598	0.00199	0.00970	0.00485	0.00346	0.01090
98	0.00997	0.00712	0.00949	0.01124	0.01179	0.00665	0.00754	0.01150	0.01591	0.02132	0.07612	0.67642	0.05484	0.02497	0.01032	0.00326	0.00466	0.02264	0.00760	0.00665
99	0.01620	0.01490	0.02797	0.02169	0.02611	0.01491	0.29326	0.02086	0.01705	0.02524	0.02221	0.09991	0.01972	0.01592	0.08277	0.00376	0.06196	0.01026	0.19623	0.00906
100	0.01679	0.10687	0.61244	0.02224	0.03375	0.02011	0.02844	0.02556	0.01707	0.02506	0.01425	0.01674	0.01029	0.00764	0.00747	0.00249	0.01167	0.00584	0.00343	0.01184
101	0.00989	0.00706	0.00942	0.01130	0.01177	0.00659	0.00753	0.01130	0.01554	0.02071	0.04472	0.70954	0.05367	0.02542	0.01036	0.00330	0.00471	0.02307	0.00753	0.00659
102	0.00989	0.00706	0.00942	0.01130	0.01177	0.00659	0.00753	0.01130	0.01554	0.02071	0.04472	0.70954	0.05367	0.02542	0.01036	0.00330	0.00471	0.02307	0.00753	0.00659
103	0.31916	0.02684	0.01866	0.01639	0.02125	0.32061	0.01280	0.09696	0.02113	0.05885	0.01370	0.01519	0.01061	0.00827	0.00655	0.00231	0.01040	0.00527	0.00521	0.00985
104	0.01023	0.00731	0.00982	0.01170	0.01232	0.00689	0.00814	0.01190	0.01588	0.02110	0.04453	0.64202	0.05291	0.02509	0.01045	0.00334	0.00501	0.08715	0.00753	0.00669
105	0.01091	0.00827	0.01006	0.00961	0.01177	0.00741	0.00721	0.01421	0.02162	0.02935	0.48625	0.06587	0.25224	0.01778	0.00958	0.00261	0.00391	0.01541	0.00851	0.00741
106	0.01513	0.00756	0.00756	0.00756	0.00945	0.00756	0.00567	0.01891	0.01702	0.03025	0.02647	0.03025	0.02080	0.00945	0.00567	0.00189	0.00378	0.00756	0.75988	0.00756
107	0.01117	0.00817	0.01160	0.01209	0.01311	0.00895	0.00884	0.01334	0.01354	0.01896	0.02817	0.21063	0.03006	0.12939	0.43159	0.00989	0.01566	0.01280	0.00524	0.00680
108	0.02600	0.07508	0.02478	0.02058	0.02368	0.44386	0.01619	0.02802	0.01941	0.01971	0.01189	0.01547	0.01051	0.01003	0.01299	0.00251	0.22030	0.00573	0.00395	0.00931
109	0.01513	0.00756	0.00756	0.00756	0.00945	0.00756	0.00567	0.01891	0.01702	0.03025	0.02647	0.03025	0.02080	0.00945	0.00567	0.00189	0.00378	0.00756	0.75988	0.00756
110	0.01160	0.00864	0.01278	0.01278	0.01414	0.01000	0.00982	0.01432	0.01296	0.01864	0.02197	0.03321	0.02086	0.10186	0.64247	0.01272	0.02086	0.00889	0.00438	0.00710
111	0.05452	0.02374	0.02508	0.02161	0.05573	0.20104	0.08144	0.14003	0.02268	0.12040	0.01735	0.01982	0.01329	0.01248	0.04927	0.00316	0.11468	0.00704	0.00568	0.01095
112	0.01129	0.00780	0.00950	0.00976	0.01036	0.00752	0.00622	0.01260	0.01555	0.02123	0.19519	0.20297	0.04721	0.37755	0.02606	0.00545	0.00610	0.01509	0.00655	0.00601
113	0.01455	0.00751	0.00777	0.00797	0.00971	0.00746	0.00588	0.01808	0.01685	0.02921	0.02846	0.10447	0.02439	0.01120	0.00618	0.00204	0.00388	0.00926	0.67768	0.00746
114	0.01422	0.00785	0.00896	0.00896	0.01074	0.00822	0.00681	0.01778	0.01600	0.02734	0.02526	0.03067	0.02067	0.02258	0.17851	0.00474	0.00836	0.00785	0.56700	0.00748
115	0.03085	0.02273	0.02435	0.01867	0.02516	0.02516	0.01542	0.63716	0.03815	0.05114	0.01948	0.01948	0.01380	0.00974	0.00812	0.00244	0.00893	0.00731	0.00812	0.01380
116	0.01627	0.04197	0.67279	0.02313	0.03512	0.01884	0.02998	0.02570	0.01713	0.02570	0.01456	0.01713	0.01028	0.00771	0.00771	0.00257	0.01199	0.00600	0.00343	0.01199
117	0.02138	0.68097	0.07855	0.01441	0.02164	0.03135	0.01480	0.02438	0.01652	0.01947	0.01147	0.01325	0.01041	0.00699	0.00535	0.00178	0.00887	0.00443	0.00347	0.01050
118	0.01399	0.01107	0.01294	0.01198	0.01477	0.01141	0.00913	0.02351	0.21360	0.03218	0.42603	0.05266	0.10412	0.01518	0.00917	0.00263	0.00464	0.01318	0.00862	0.00918
119	0.04350	0.00854	0.00856	0.00847	0.01113	0.00744	0.00630	0.01239	0.01820	0.02283	0.10737	0.07307	0.57014	0.05337	0.01092	0.00297	0.00437	0.01617	0.00737	0.00689
120	0.01180	0.00787	0.00885	0.00885	0.00885	0.00787	0.00492	0.01180	0.01180	0.01573	0.02557	0.05310	0.02950	0.71483	0.04130	0.00787	0.00787	0.01180	0.00492	0.00492
121	0.00985	0.00719	0.00928	0.01096	0.01168	0.00662	0.00738	0.01134	0.01586	0.02085	0.04882	0.64055	0.12001	0.02489	0.01027	0.00323	0.00464	0.02242	0.00753	0.00662
122	0.00989	0.00706	0.00942	0.01130	0.01177	0.00659	0.00753	0.01130	0.01554	0.02071	0.04472	0.70954	0.05367	0.02542	0.01036	0.00330	0.00471	0.02307	0.00753	0.00659
123	0.02008	0.01928	0.03294	0.04981	0.66422	0.01928	0.02490	0.02490	0.01848	0.02651	0.01526	0.02008	0.01285	0.00723	0.00803	0.00241	0.00964	0.00723	0.00402	0.01285
124	0.01781	0.01792	0.02580	0.02183	0.02217	0.02468	0.04302	0.01979	0.01270	0.01979	0.01089	0.01792	0.01072	0.01390	0.02593	0.00352	0.67188	0.00720	0.00357	0.00896
125	0.00975	0.00823	0.00844	0.00838	0.01106	0.00692	0.00629	0.01195	0.01886	0.02279	0.12965	0.07665	0.61293	0.02022	0.00959	0.00272	0.00409	0.01692	0.00765	0.00692
126	0.01169	0.00832	0.01113	0.01113	0.01191	0.00910	0.00775	0.01326	0.01247	0.01742	0.02349	0.04157	0.02450	0.35968	0.38962	0.01068	0.01540	0.01011	0.00461	0.00618
127	0.01915	0.02189	0.04788	0.03420	0.04241	0.02052	0.63475	0.02599	0.01915	0.02599	0.01642	0.02189	0.01231	0.00684	0.00958	0.00274	0.01368	0.00958	0.00410	0.01094
128	0.00989	0.00706	0.00942	0.01130	0.01177	0.00659	0.00753	0.01130	0.01554	0.02071	0.04472	0.70954	0.05367	0.02542	0.01036	0.00330	0.00471	0.02307	0.00753	0.00659
129	0.01886	0.01803	0.03073	0.21530	0.50826	0.01896	0.02430	0.02383	0.01790	0.02503	0.01505	0.02048	0.01233	0.00746	0.00805	0.00249	0.00994	0.00722	0.00391	0.01187
130	0.03300	0.01743	0.02085	0.01618	0.02240	0.01754	0.01330	0.26246	0.08022	0.38714	0.02743	0.02481	0.01813	0.01001	0.00815	0.00250	0.00762	0.00792	0.00918	0.01373
131	0.01002	0.00716	0.00957	0.01145	0.01198	0.00670	0.00776	0.01153	0.01566	0.02086	0.04465	0.68409	0.05338	0.02530	0.01039	0.00331	0.00482	0.04722	0.00753	0.00663
132	0.03031	0.03867	0.02299	0.02090	0.02508	0.68226	0.01568	0.03240	0.02299	0.01986	0.01254	0.01463	0.01045	0.00836	0.00732	0.00209	0.01463	0.00523	0.00418	0.00941
133	0.01674	0.03786	0.55171	0.02441	0.03515	0.01945	0.10586	0.02534	0.01708	0.02534	0.01454	0.01777	0.01056	0.00802	0.00917	0.00265	0.05665	0.00652	0.00352	0.01166
134	0.00961	0.00815	0.00829	0.00840	0.01101	0.00684	0.00624	0.01163	0.01833	0.02185	0.08006	0.11419	0.62621	0.02083	0.00963	0.00277	0.00414	0.01746	0.00753	0.00684
135	0.01627	0.04197	0.67279	0.02313	0.03512	0.01884	0.02998	0.02570	0.01713	0.02570	0.01456	0.01713	0.01028	0.00771	0.00771	0.00257	0.01199	0.00600	0.00343	0.01199
136	0.03085	0.02273	0.02435	0.01867	0.02516	0.02516	0.01542	0.63716	0.03815	0.05114	0.01948	0.01948	0.01380	0.00974	0.00812	0.00244	0.00893	0.00731	0.00812	0.01380
137	0.02536	0.02000	0.02127	0.01756	0.02307	0.02260	0.01410	0.33176	0.35247	0.04230	0.02644	0.02503	0.01944	0.01039	0.00819	0.00260	0.00764	0.00827	0.00819	0.01331
138	0.03034	0.03786	0.02306	0.02079	0.02509	0.64872	0.01567	0.06327	0.02377	0.02146	0.01290	0.01488	0.01062	0.00843	0.00736	0.00211	0.01434	0.00533	0.00438	0.00963
139	0.09157	0.01840	0.02997	0.11777	0.53454	0.01904	0.02310	0.02434	0.01778	0.02682	0.01479	0.01959	0.01224	0.00736	0.00775	0.00245	0.00945	0.00696	0.00407	0.01204
140	0.01021	0.00791	0.00861	0.00897	0.01058	0.00706	0.00611	0.01162	0.01622	0.02011	0.06057	0.19256	0.38351	0.19873	0.01783	0.00416	0.00518	0.01690	0.00687	0.00631
141	0.01504	0.01143	0.01552	0.01793	0.13777	0.01080	0.01120	0.04929	0.02171	0.06594	0.31423	0.05352	0.21344	0.01513	0.00913	0.00257	0.00545	0.01315	0.00764	0.00910
142	0.01296	0.00805	0.00948	0.00948	0.01138	0.00828	0.00723	0.01614	0.01598	0.02500	0.03501	0.03945	0.13658	0.02833	0.22858	0.00570	0.00973	0.00967	0.37563	0.00733
143	0.10225	0.01889	0.03064	0.04553	0.59336	0.01916	0.02314	0.02479	0.01797	0.02759	0.01483	0.01933	0.01241	0.00726	0.00770	0.00242	0.00927	0.00692	0.00413	0.01241
144	0.06212	0.02067	0.08081	0.20589	0.35334	0.05518	0.02268	0.02519	0.04998	0.02556	0.01552	0.02006	0.01237	0.00777	0.00783	0.00250	0.01005	0.00695	0.00415	0.01139
145	0.02873	0.03425	0.02329	0.09434	0.02846	0.53669	0.01640	0.09831	0.02394	0.02343	0.01352	0.01594	0.01086	0.00849	0.00749	0.00220	0.01358	0.00567	0.00456	0.00985
146	0.01776	0.01473	0.01359	0.01279	0.01527	0.13201	0.00983	0.06560	0.01823	0.02579	0.02171	0.02721	0.01822	0.02788	0.25119	0.00600	0.01263	0.00753	0.29379	0.00824
147	0.02135	0.54645	0.15523	0.01608	0.02373	0.07792	0.01693	0.02515	0.01709	0.02034	0.01197	0.01388	0.01039	0.00719	0.00582	0.00191	0.00972	0.00470	0.00352	0.01062
148	0.01732	0.01713	0.02038	0.12940	0.15509	0.13482	0.01573	0.02064	0.01636	0.02066	0.01788	0.02630	0.01618	0.08058	0.26861	0.00687	0.01523	0.00776	0.00417	0.00889
149	0.01671	0.03913	0.59236	0.02320	0.03445	0.01903	0.05957	0.02700	0.06414	0.02632	0.01603	0.01835	0.01146	0.00791	0.00784	0.00259	0.01166	0.00641	0.00382	0.01200
150	0.01191	0.00919	0.01363	0.01349	0.01480	0.01092	0.01051	0.01467	0.01310	0.01896	0.02199	0.05889	0.02106	0.05647	0.61387	0.01204	0.06355	0.00919	0.00443	0.00732
151	0.01036	0.00821	0.00936	0.00943	0.01169	0.00720	0.00709	0.01298	0.01958	0.02507	0.24679	0.12555	0.40569	0.01989	0.00974	0.00278	0.00426	0.04930	0.00794	0.00710
152	0.01327	0.00880	0.01046	0.00984	0.01252	0.00770	0.00745	0.01610	0.02059	0.09676	0.29855	0.09974	0.33187	0.01813	0.00947	0.00267	0.00434	0.01552	0.00835	0.00791
153	0.21904	0.35152	0.05836	0.01452	0.02108	0.02636	0.01361	0.16035	0.02063	0.03101	0.01325	0.01468	0.01074	0.00775	0.00592	0.00213	0.00825	0.00509	0.00490	0.01081
154	0.01749	0.03383	0.42595	0.02897	0.09752	0.01938	0.20908	0.02571	0.01786	0.02586	0.01518	0.01883	0.01113	0.00741	0.00829	0.00260	0.01227	0.00718	0.00368	0.01176
155	0.00995	0.00823	0.00872	0.00860	0.01118	0.00700	0.00645	0.01235	0.01935	0.02395	0.19277	0.07475	0.54909	0.01979	0.00959	0.00270	0.00406	0.01666	0.00780	0.00700
156	0.01765	0.09087	0.59440	0.02202	0.03336	0.01949	0.02791	0.02626	0.01738	0.05638	0.01516	0.01733	0.01076	0.00777	0.00755	0.00250	0.01150	0.00598	0.00375	0.01196
157	0.01878	0.01988	0.06314	0.25168	0.38033	0.04822	0.05352	0.02400	0.01792	0.02431	0.01490	0.02027	0.01194	0.00757	0.00808	0.00251	0.01055	0.00719	0.00387	0.01134
158	0.00989	0.00706	0.00942	0.01130	0.01177	0.00659	0.00753	0.01130	0.01554	0.02071	0.04472	0.70954	0.05367	0.02542	0.01036	0.00330	0.00471	0.02307	0.00753	0.00659
159	0.01159	0.00869	0.01304	0.01304	0.01449	0.01014	0.01014	0.01449	0.01304	0.01884	0.02173	0.03188	0.02029	0.06086	0.68268	0.01304	0.02173	0.00869	0.00435	0.00724
160	0.02016	0.02087	0.02763	0.20442	0.35844	0.13833	0.02164	0.02444	0.01856	0.02352	0.01624	0.05890	0.01424	0.00870	0.00806	0.00248	0.01056	0.00777	0.00414	0.01091
161	0.01888	0.01805	0.03075	0.21360	0.50986	0.01896	0.02430	0.02384	0.01790	0.02504	0.01505	0.02048	0.01234	0.00745	0.00805	0.00248	0.00994	0.00723	0.00391	0.01188
162	0.00978	0.00823	0.00849	0.00842	0.01108	0.00693	0.00632	0.01202	0.01895	0.02300	0.14121	0.07631	0.60124	0.02015	0.00959	0.00272	0.00408	0.01687	0.00768	0.00693
163	0.01611	0.00851	0.00862	0.00826	0.01044	0.00867	0.00628	0.05767	0.01834	0.03156	0.02603	0.02958	0.02036	0.00947	0.00583	0.00192	0.00410	0.00755	0.71275	0.00795
164	0.01951	0.02730	0.22738	0.04002	0.43595	0.05705	0.02592	0.02557	0.01832	0.02588	0.01489	0.01887	0.01193	0.00744	0.00789	0.00244	0.01064	0.00674	0.00385	0.01239
165	0.01987	0.27109	0.26180	0.02233	0.03132	0.02355	0.17855	0.02596	0.01772	0.05465	0.01474	0.01743	0.01132	0.00733	0.00734	0.00232	0.01103	0.00644	0.00394	0.01126
166	0.05907	0.02701	0.18922	0.01962	0.02704	0.02322	0.01899	0.41538	0.03010	0.04202	0.01731	0.01850	0.01248	0.00940	0.00904	0.00254	0.05292	0.00683	0.00650	0.01281
167	0.21333	0.18174	0.02651	0.01906	0.06269	0.24821	0.04407	0.07252	0.01989	0.02687	0.01282	0.01496	0.01051	0.00779	0.00648	0.00219	0.01043	0.00531	0.00451	0.01009
168	0.09257	0.05186	0.04721	0.01053	0.01391	0.01100	0.00886	0.01478	0.01723	0.02328	0.05988	0.12170	0.42945	0.01785	0.00965	0.00274	0.03876	0.01452	0.00662	0.00761
169	0.10496	0.01978	0.02012	0.05302	0.02371	0.05323	0.01377	0.27821	0.23718	0.03916	0.02573	0.02529	0.04964	0.01033	0.00787	0.00256	0.00794	0.00801	0.00737	0.01212
170	0.09860	0.01098	0.01269	0.01300	0.01537	0.01145	0.01026	0.08186	0.04672	0.02758	0.03677	0.23616	0.06091	0.05869	0.01125	0.00342	0.00642	0.20895	0.04082	0.00811

[dist]
# distance from previous block
# <min> <max>
24	125

[block]
# block no. 1 follows, 23 sequences, length 98
# corresponding to MSA columns:
# 301-398
name=unknown_B
#
# <colnr> <probs for GDERKNQSTAVLIFYWHMCP>
#	G	D	E	R	K	N	Q	S	T	A	V	L	I	F	Y	W	H	M	C	P
0	0.09223	0.02368	0.05652	0.02203	0.12639	0.18789	0.01555	0.14611	0.05636	0.03141	0.10214	0.02684	0.05824	0.01023	0.00787	0.00241	0.00937	0.00803	0.00598	0.01072
1	0.14402	0.05872	0.11477	0.02708	0.18929	0.05569	0.08619	0.02823	0.09001	0.07364	0.01732	0.01969	0.01331	0.00828	0.00833	0.00253	0.03961	0.00688	0.00499	0.01144
2	0.05367	0.10516	0.38092	0.05405	0.02942	0.05786	0.02217	0.02369	0.01724	0.02450	0.01955	0.05259	0.04430	0.00955	0.00757	0.00247	0.01028	0.03103	0.00417	0.04980
3	0.02269	0.12739	0.14530	0.02037	0.08211	0.11349	0.01730	0.06189	0.13902	0.09199	0.05276	0.02233	0.01796	0.00899	0.00751	0.00233	0.00926	0.00704	0.00576	0.04449
4	0.02081	0.02459	0.14351	0.03052	0.26037	0.07585	0.05243	0.09488	0.02058	0.02856	0.01527	0.01845	0.01209	0.00744	0.00759	0.00219	0.00989	0.00648	0.00456	0.16394
5	0.01556	0.02035	0.21369	0.01677	0.05163	0.01238	0.01600	0.02093	0.01936	0.06127	0.23064	0.07090	0.03674	0.01193	0.00834	0.00239	0.00731	0.03376	0.00623	0.14381
6	0.02235	0.19825	0.06152	0.10440	0.20684	0.16170	0.01936	0.05729	0.01933	0.02351	0.01357	0.01708	0.01133	0.00799	0.00808	0.00227	0.04419	0.00603	0.00403	0.01090
7	0.01185	0.00996	0.01117	0.01198	0.03813	0.03987	0.00813	0.01382	0.01643	0.02081	0.08066	0.15056	0.26834	0.14215	0.13427	0.00544	0.00865	0.01452	0.00631	0.00696
8	0.02248	0.13208	0.03160	0.10660	0.29596	0.19748	0.05218	0.02640	0.01916	0.02294	0.01389	0.01781	0.01159	0.00756	0.00750	0.00227	0.01116	0.00637	0.00394	0.01104
9	0.01748	0.01587	0.02600	0.11345	0.42510	0.01628	0.02003	0.02138	0.01698	0.02366	0.01908	0.03157	0.01817	0.14161	0.01453	0.00357	0.00929	0.05105	0.00439	0.01054
10	0.01018	0.00750	0.00960	0.01117	0.01217	0.00693	0.00789	0.01194	0.01636	0.02129	0.05076	0.53906	0.15384	0.02429	0.01032	0.00325	0.00490	0.08429	0.00753	0.00673
11	0.02009	0.01917	0.03207	0.04782	0.62585	0.01933	0.02418	0.02599	0.05613	0.02695	0.01632	0.02069	0.01356	0.00746	0.00805	0.00243	0.00945	0.00735	0.00427	0.01285
12	0.01627	0.04197	0.67279	0.02313	0.03512	0.01884	0.02998	0.02570	0.01713	0.02570	0.01456	0.01713	0.01028	0.00771	0.00771	0.00257	0.01199	0.00600	0.00343	0.01199
13	0.01869	0.01786	0.03043	0.23823	0.48665	0.01891	0.02421	0.02369	0.01782	0.02482	0.01502	0.02054	0.01226	0.00749	0.00806	0.00250	0.00998	0.00722	0.00390	0.01173
14	0.00959	0.00822	0.00822	0.00822	0.01096	0.00685	0.00617	0.01165	0.01850	0.02192	0.08220	0.07809	0.66092	0.02055	0.00959	0.00274	0.00411	0.01713	0.00754	0.00685
15	0.02087	0.01972	0.03011	0.15551	0.46397	0.05086	0.02308	0.08802	0.02034	0.02776	0.01543	0.02003	0.01249	0.00769	0.00802	0.00245	0.01000	0.00714	0.00438	0.01213
16	0.01933	0.01965	0.06261	0.07484	0.57350	0.01869	0.02443	0.02434	0.01832	0.02610	0.01663	0.02372	0.01440	0.00808	0.00819	0.00250	0.00969	0.03847	0.00415	0.01236
17	0.01167	0.00839	0.01153	0.01153	0.01245	0.00932	0.00825	0.01352	0.01259	0.01771	0.02312	0.03955	0.02362	0.29736	0.45073	0.01117	0.01672	0.00982	0.00455	0.00640
18	0.02437	0.02741	0.02877	0.03768	0.39616	0.29734	0.02103	0.02805	0.02037	0.02372	0.01412	0.01780	0.01185	0.00770	0.00773	0.00228	0.01173	0.00639	0.00409	0.01141
19	0.01180	0.00787	0.00885	0.00885	0.00885	0.00787	0.00492	0.01180	0.01180	0.01573	0.02557	0.05310	0.02950	0.71483	0.04130	0.00787	0.00787	0.01180	0.00492	0.00492
20	0.02224	0.67813	0.04144	0.01417	0.02108	0.03169	0.01398	0.06086	0.01778	0.02100	0.01177	0.01340	0.01062	0.00711	0.00538	0.00178	0.00869	0.00452	0.00375	0.01062
21	0.02273	0.01338	0.01608	0.01267	0.01841	0.01153	0.01015	0.02809	0.09176	0.25247	0.03549	0.03369	0.13846	0.01074	0.00770	0.00213	0.00601	0.00880	0.00755	0.27218
22	0.02736	0.02644	0.02204	0.01875	0.02388	0.24423	0.01471	0.25005	0.22251	0.03531	0.02135	0.02120	0.01607	0.00967	0.00789	0.00242	0.01007	0.00719	0.00684	0.01203
23	0.02008	0.01928	0.03294	0.04981	0.66422	0.01928	0.02490	0.02490	0.01848	0.02651	0.01526	0.02008	0.01285	0.00723	0.00803	0.00241	0.00964	0.00723	0.00402	0.01285
24	0.00989	0.00706	0.00942	0.01130	0.01177	0.00659	0.00753	0.01130	0.01554	0.02071	0.04472	0.70954	0.05367	0.02542	0.01036	0.00330	0.00471	0.02307	0.00753	0.00659
25	0.03641	0.01381	0.01883	0.01444	0.02071	0.01193	0.01193	0.03954	0.02322	0.66984	0.03201	0.02762	0.02009	0.01004	0.00816	0.00251	0.00690	0.00816	0.01004	0.01381
26	0.01178	0.00794	0.00921	0.00921	0.00934	0.00806	0.00537	0.01203	0.01191	0.01600	0.02523	0.05126	0.02870	0.65800	0.09704	0.00832	0.00907	0.01153	0.00487	0.00512
27	0.01886	0.02390	0.11061	0.03309	0.04168	0.02035	0.57404	0.02596	0.01895	0.02596	0.01623	0.02141	0.01211	0.00693	0.00939	0.00272	0.01351	0.00922	0.00404	0.01105
28	0.16026	0.02087	0.02180	0.01698	0.02320	0.02301	0.01402	0.48780	0.03285	0.09270	0.01895	0.01897	0.01338	0.00938	0.00758	0.00245	0.00832	0.00686	0.00772	0.01293
29	0.03031	0.03867	0.02299	0.02090	0.02508	0.68226	0.01568	0.03240	0.02299	0.01986	0.01254	0.01463	0.01045	0.00836	0.00732	0.00209	0.01463	0.00523	0.00418	0.00941
30	0.01159	0.00869	0.01304	0.01304	0.01449	0.01014	0.01014	0.01449	0.01304	0.01884	0.02173	0.03188	0.02029	0.06086	0.68268	0.01304	0.02173	0.00869	0.00435	0.00724
31	0.03031	0.03867	0.02299	0.02090	0.02508	0.68226	0.01568	0.03240	0.02299	0.01986	0.01254	0.01463	0.01045	0.00836	0.00732	0.00209	0.01463	0.00523	0.00418	0.00941
32	0.01159	0.00869	0.01304	0.01304	0.01449	0.01014	0.01014	0.01449	0.01304	0.01884	0.02173	0.03188	0.02029	0.06086	0.68268	0.01304	0.02173	0.00869	0.00435	0.00724
33	0.01627	0.04197	0.67279	0.02313	0.03512	0.01884	0.02998	0.02570	0.01713	0.02570	0.01456	0.01713	0.01028	0.00771	0.00771	0.00257	0.01199	0.00600	0.00343	0.01199
34	0.01643	0.04088	0.63883	0.02373	0.03552	0.01894	0.06284	0.02571	0.01724	0.02571	0.01466	0.01739	0.01039	0.00766	0.00781	0.00258	0.01208	0.00619	0.00346	0.01193
35	0.01159	0.00869	0.01304	0.01304	0.01449	0.01014	0.01014	0.01449	0.01304	0.01884	0.02173	0.03188	0.02029	0.06086	0.68268	0.01304	0.02173	0.00869	0.00435	0.00724
36	0.01010	0.00736	0.00952	0.01085	0.01175	0.00678	0.00743	0.01194	0.01694	0.02263	0.14193	0.55242	0.11316	0.02363	0.01017	0.00313	0.00452	0.02124	0.00775	0.00678
37	0.01253	0.01221	0.01942	0.01687	0.05266	0.01091	0.16440	0.01592	0.01866	0.02318	0.06227	0.06102	0.46508	0.01643	0.00951	0.00272	0.00679	0.01472	0.00649	0.00819
38	0.00989	0.00706	0.00942	0.01130	0.01177	0.00659	0.00753	0.01130	0.01554	0.02071	0.04472	0.70954	0.05367	0.02542	0.01036	0.00330	0.00471	0.02307	0.00753	0.00659
39	0.02542	0.02338	0.02011	0.01706	0.02190	0.19174	0.01342	0.26058	0.15061	0.03530	0.02741	0.02720	0.08418	0.01076	0.00795	0.00241	0.00910	0.00819	0.05191	0.01136
40	0.02008	0.01928	0.03294	0.04981	0.66422	0.01928	0.02490	0.02490	0.01848	0.02651	0.01526	0.02008	0.01285	0.00723	0.00803	0.00241	0.00964	0.00723	0.00402	0.01285
41	0.02273	0.01617	0.01806	0.01601	0.02072	0.01786	0.01269	0.04057	0.48667	0.15295	0.03354	0.03414	0.02545	0.01164	0.00845	0.00278	0.00659	0.05180	0.00854	0.01264
42	0.00973	0.00767	0.00879	0.00969	0.01135	0.00673	0.00682	0.01148	0.01709	0.02135	0.06436	0.37868	0.37185	0.02287	0.00996	0.00300	0.00439	0.01995	0.00753	0.00673
43	0.01954	0.01872	0.03195	0.12364	0.59464	0.01914	0.02463	0.02443	0.01822	0.02585	0.01517	0.02026	0.01262	0.00733	0.00804	0.00244	0.00977	0.00723	0.00397	0.01241
44	0.01247	0.00873	0.01109	0.01142	0.01307	0.00842	0.00850	0.01470	0.01780	0.06163	0.14465	0.30063	0.18536	0.05123	0.01221	0.00327	0.04095	0.07892	0.00757	0.00738
45	0.01376	0.01218	0.01602	0.01492	0.01575	0.01498	0.01174	0.01564	0.01485	0.02111	0.03574	0.21752	0.15729	0.01820	0.01723	0.00320	0.31924	0.01351	0.05939	0.00775
46	0.01268	0.00921	0.01252	0.01417	0.01614	0.00905	0.01229	0.01622	0.01866	0.02401	0.04745	0.08999	0.11695	0.02220	0.01102	0.00362	0.00709	0.54183	0.00748	0.00740
47	0.02008	0.01928	0.03294	0.04981	0.66422	0.01928	0.02490	0.02490	0.01848	0.02651	0.01526	0.02008	0.01285	0.00723	0.00803	0.00241	0.00964	0.00723	0.00402	0.01285
48	0.01935	0.01853	0.03161	0.14968	0.57010	0.01909	0.02454	0.02426	0.01813	0.02562	0.01513	0.02032	0.01254	0.00737	0.00805	0.00246	0.00982	0.00723	0.00395	0.01226
49	0.16719	0.02168	0.02285	0.10422	0.10025	0.09204	0.01616	0.31166	0.02701	0.03849	0.01610	0.01811	0.01203	0.00869	0.00744	0.00244	0.00935	0.00652	0.00609	0.01169
50	0.21468	0.02035	0.05547	0.01613	0.02252	0.02060	0.01391	0.33956	0.02817	0.16257	0.01955	0.01933	0.01355	0.00914	0.00734	0.00248	0.00806	0.00667	0.00746	0.01246
51	0.01995	0.02083	0.02734	0.32385	0.28053	0.14353	0.02214	0.02451	0.01835	0.02276	0.01439	0.01973	0.01152	0.00783	0.00793	0.00248	0.01109	0.00684	0.00387	0.01054
52	0.01513	0.00756	0.00756	0.00756	0.00945	0.00756	0.00567	0.01891	0.01702	0.03025	0.02647	0.03025	0.02080	0.00945	0.00567	0.00189	0.00378	0.00756	0.75988	0.00756
53	0.02205	0.01583	0.01930	0.01528	0.02002	0.01648	0.03886	0.20796	0.02321	0.07948	0.01984	0.02235	0.01529	0.01170	0.04101	0.00270	0.08484	0.00705	0.17013	0.16660
54	0.02342	0.01959	0.01823	0.01550	0.01942	0.14061	0.01193	0.25020	0.02499	0.06455	0.02540	0.03159	0.07046	0.14830	0.09518	0.00469	0.01083	0.00878	0.00638	0.00996
55	0.01513	0.00756	0.00756	0.00756	0.00945	0.00756	0.00567	0.01891	0.01702	0.03025	0.02647	0.03025	0.02080	0.00945	0.00567	0.00189	0.00378	0.00756	0.75988	0.00756
56	0.10561	0.01842	0.02942	0.09131	0.50675	0.01940	0.02246	0.02415	0.01742	0.02680	0.01447	0.01927	0.01211	0.00775	0.00880	0.00251	0.05053	0.00690	0.00407	0.01187
57	0.05131	0.00827	0.00901	0.00894	0.00921	0.00840	0.00512	0.01243	0.01190	0.01681	0.02483	0.05103	0.02842	0.67808	0.03942	0.00759	0.00778	0.01142	0.00492	0.00512
58	0.01720	0.01722	0.03089	0.36853	0.14622	0.01958	0.15543	0.02240	0.01677	0.02266	0.01454	0.02098	0.01145	0.00842	0.01061	0.00276	0.09282	0.00772	0.00377	0.01003
59	0.01621	0.01532	0.02593	0.57546	0.16885	0.01826	0.02297	0.02151	0.01664	0.02180	0.01458	0.02135	0.01119	0.00795	0.00810	0.00265	0.01060	0.00721	0.00368	0.00973
60	0.03045	0.03453	0.02335	0.02032	0.02511	0.51171	0.01561	0.18937	0.02693	0.02798	0.01434	0.01589	0.01132	0.00872	0.00752	0.00218	0.01315	0.00577	0.00520	0.01055
61	0.00981	0.00823	0.00852	0.00845	0.01109	0.00694	0.00634	0.01206	0.01901	0.02313	0.14828	0.07609	0.59408	0.02010	0.00959	0.00272	0.00408	0.01684	0.00769	0.00694
62	0.02588	0.02030	0.02313	0.02130	0.09662	0.02242	0.01549	0.37645	0.20726	0.04278	0.04715	0.02415	0.01916	0.01007	0.00820	0.00253	0.00811	0.00810	0.00772	0.01319
63	0.02688	0.01259	0.01639	0.01333	0.01806	0.01158	0.01071	0.06063	0.05790	0.39114	0.24240	0.03845	0.03901	0.01228	0.00864	0.00253	0.00594	0.01036	0.00948	0.01169
64	0.01889	0.01806	0.03078	0.21136	0.51197	0.01897	0.02431	0.02386	0.01791	0.02506	0.01505	0.02047	0.01234	0.00745	0.00805	0.00248	0.00993	0.00723	0.00391	0.01189
65	0.01459	0.01170	0.01546	0.01772	0.09026	0.01197	0.01274	0.02191	0.13815	0.02759	0.15132	0.06501	0.10466	0.01731	0.00984	0.00309	0.00654	0.26356	0.00749	0.00907
66	0.03029	0.02245	0.02404	0.01856	0.02495	0.02491	0.01529	0.60644	0.06977	0.05025	0.02018	0.02004	0.01437	0.00981	0.00812	0.00245	0.00880	0.00740	0.00812	0.01375
67	0.02086	0.01954	0.03786	0.02740	0.03498	0.01808	0.42680	0.02794	0.06423	0.10027	0.01909	0.02239	0.01405	0.00738	0.00879	0.00248	0.01125	0.00868	0.00518	0.12272
68	0.01997	0.01980	0.03070	0.16233	0.51065	0.06634	0.02382	0.02470	0.01840	0.02501	0.01492	0.01997	0.01232	0.00747	0.00800	0.00244	0.01020	0.00708	0.00396	0.01193
69	0.01656	0.01568	0.02657	0.52778	0.21378	0.01835	0.02315	0.02181	0.01681	0.02223	0.01464	0.02123	0.01135	0.00788	0.00809	0.00263	0.01051	0.00722	0.00371	0.01001
