[name]
unknown

[dist]
# distance from previous block
# <min> <max>
0	17

[block]
# block no. 0 follows, 22 sequences, length 8
# corresponding to MSA columns:
# 17-24
name=unknown_A
#
# <colnr> <probs for GDERKNQSTAVLIFYWHMCP>
#	G	D	E	R	K	N	Q	S	T	A	V	L	I	F	Y	W	H	M	C	P
0	0.01423	0.00968	0.01143	0.01155	0.01350	0.00962	0.00857	0.08705	0.02016	0.02840	0.10915	0.29444	0.09080	0.04414	0.01046	0.00306	0.00535	0.06443	0.15602	0.00797
1	0.02460	0.01713	0.01966	0.04595	0.02280	0.01834	0.01324	0.21302	0.21280	0.13214	0.12885	0.03136	0.02874	0.01132	0.00851	0.00258	0.00717	0.00930	0.00843	0.04404
2	0.01184	0.00853	0.01127	0.01110	0.01295	0.00797	0.00849	0.01558	0.02248	0.03149	0.53849	0.10963	0.07317	0.01831	0.01005	0.00281	0.00442	0.08483	0.00887	0.00774
3	0.05058	0.00989	0.01359	0.12462	0.02048	0.01137	0.01110	0.01770	0.01513	0.02392	0.02190	0.02945	0.01872	0.03515	0.33426	0.00770	0.01421	0.00809	0.22424	0.00789
4	0.01765	0.01345	0.01084	0.01069	0.01287	0.12855	0.00790	0.02091	0.01835	0.02785	0.02681	0.11040	0.02350	0.01148	0.00670	0.00215	0.00600	0.00925	0.52670	0.00796
5	0.01394	0.00886	0.01056	0.01024	0.01248	0.00791	0.00737	0.01608	0.01877	0.10164	0.16663	0.17928	0.26522	0.12560	0.01477	0.00365	0.00521	0.01621	0.00788	0.00769
6	0.02751	0.02023	0.02203	0.01768	0.02316	0.02216	0.01426	0.51158	0.03467	0.04645	0.02484	0.14935	0.02186	0.01302	0.00875	0.00266	0.00832	0.01054	0.00820	0.01273
7	0.02410	0.02224	0.02938	0.09392	0.41448	0.13746	0.02195	0.02837	0.02016	0.10323	0.01715	0.02063	0.01345	0.00804	0.00811	0.00245	0.01055	0.00715	0.00486	0.01231

[dist]
# distance from previous block
# <min> <max>
0	1

[block]
# block no. 1 follows, 22 sequences, length 64
# corresponding to MSA columns:
# 26-89
name=unknown_B
#
# <colnr> <probs for GDERKNQSTAVLIFYWHMCP>
#	G	D	E	R	K	N	Q	S	T	A	V	L	I	F	Y	W	H	M	C	P
0	0.15050	0.05981	0.16958	0.02705	0.19591	0.02060	0.02045	0.02347	0.01633	0.02654	0.01760	0.02127	0.04924	0.00989	0.01161	0.00276	0.15528	0.00702	0.00424	0.01086
1	0.14242	0.39879	0.03286	0.01544	0.02181	0.10785	0.01389	0.13253	0.02118	0.02824	0.01319	0.01473	0.01102	0.00789	0.00609	0.00207	0.00929	0.00510	0.00473	0.01089
2	0.00991	0.00807	0.00878	0.00934	0.01146	0.00694	0.00672	0.01182	0.01804	0.02208	0.07288	0.26299	0.47709	0.02251	0.01005	0.00297	0.00439	0.01932	0.00771	0.00694
3	0.01204	0.00823	0.00998	0.00998	0.01029	0.00855	0.00618	0.01267	0.01235	0.01679	0.02534	0.04972	0.02819	0.57013	0.17744	0.00919	0.01109	0.01140	0.00491	0.00554
4	0.02800	0.20666	0.02794	0.01910	0.02402	0.48809	0.01521	0.03027	0.02170	0.02022	0.01532	0.01712	0.03590	0.00869	0.00704	0.00208	0.01303	0.00560	0.00423	0.00979
5	0.02035	0.01575	0.02051	0.01521	0.02223	0.01328	0.06564	0.02670	0.09455	0.10679	0.01951	0.02075	0.01495	0.00737	0.00703	0.00173	0.00702	0.00633	0.00595	0.50835
6	0.05006	0.01729	0.02629	0.36905	0.17294	0.02042	0.02155	0.09637	0.01929	0.02679	0.01501	0.02074	0.01178	0.00901	0.01032	0.00276	0.08805	0.00727	0.00440	0.01062
7	0.01701	0.01132	0.01343	0.01282	0.01491	0.01148	0.00913	0.14543	0.02051	0.07049	0.03486	0.36120	0.03817	0.17883	0.01727	0.00421	0.00664	0.01647	0.00740	0.00843
8	0.01187	0.00890	0.01335	0.01335	0.01483	0.01038	0.01038	0.01483	0.01335	0.01928	0.02225	0.03264	0.02077	0.06231	0.67512	0.01335	0.02225	0.00890	0.00445	0.00742
9	0.02420	0.02336	0.02217	0.02183	0.09176	0.16087	0.01543	0.11123	0.36823	0.03300	0.02567	0.02509	0.01953	0.01011	0.00821	0.00260	0.00904	0.00808	0.00707	0.01252
10	0.02298	0.05704	0.10326	0.02044	0.02444	0.13341	0.01813	0.14868	0.02096	0.02796	0.01433	0.01827	0.01194	0.01123	0.01571	0.00287	0.29298	0.00674	0.03800	0.01062
11	0.02650	0.26895	0.02975	0.01794	0.02353	0.38162	0.01475	0.02899	0.02056	0.02079	0.01260	0.01465	0.01086	0.00780	0.00660	0.00192	0.01192	0.00499	0.00410	0.09118
12	0.01411	0.00960	0.01203	0.01094	0.01351	0.00895	0.00835	0.04899	0.02385	0.07051	0.52027	0.05977	0.13382	0.01666	0.00964	0.00262	0.00441	0.01450	0.00901	0.00845
13	0.01939	0.37250	0.35937	0.01902	0.02876	0.02597	0.02259	0.02560	0.01721	0.02298	0.01326	0.01547	0.01059	0.00751	0.00663	0.00221	0.01061	0.00530	0.00353	0.01148
14	0.01777	0.06340	0.01784	0.01456	0.01804	0.09534	0.01152	0.02441	0.13645	0.04651	0.06099	0.03636	0.12755	0.02578	0.18385	0.00536	0.04853	0.00966	0.00608	0.05000
15	0.02541	0.01963	0.02405	0.02431	0.15503	0.02118	0.01629	0.38499	0.03004	0.04072	0.02132	0.06959	0.01809	0.05532	0.05237	0.00356	0.00976	0.00893	0.00695	0.01246
16	0.01749	0.18426	0.49772	0.02085	0.03153	0.02155	0.02589	0.02525	0.01747	0.02466	0.01783	0.01992	0.04435	0.00842	0.00745	0.00246	0.01113	0.00638	0.00374	0.01166
17	0.01594	0.01474	0.02354	0.19404	0.30159	0.01530	0.01888	0.02004	0.01803	0.02404	0.03332	0.10755	0.15379	0.01255	0.00884	0.00271	0.00841	0.01132	0.00517	0.01019
18	0.01953	0.03480	0.38347	0.03260	0.24315	0.09047	0.02736	0.02678	0.01865	0.02594	0.01493	0.01828	0.01143	0.00780	0.00796	0.00252	0.01176	0.00648	0.00379	0.01229
19	0.01372	0.01163	0.01691	0.01584	0.01689	0.01481	0.01267	0.01635	0.01317	0.01949	0.01892	0.02839	0.01787	0.04826	0.48468	0.01049	0.21938	0.00842	0.00421	0.00791
20	0.01077	0.00750	0.00945	0.01074	0.01106	0.00718	0.00682	0.01174	0.01464	0.01952	0.03929	0.48774	0.04674	0.25210	0.02110	0.00493	0.00589	0.01979	0.00682	0.00618
21	0.01235	0.00983	0.01112	0.01105	0.01335	0.00961	0.00806	0.01835	0.12885	0.02630	0.18503	0.19622	0.25717	0.06033	0.01167	0.00320	0.00492	0.01651	0.00799	0.00810
22	0.02902	0.03017	0.02612	0.02685	0.15761	0.32838	0.01794	0.22358	0.02758	0.03208	0.01572	0.01775	0.01232	0.00877	0.00791	0.00232	0.01203	0.00647	0.00555	0.01182
23	0.01322	0.00988	0.01414	0.01375	0.01558	0.01144	0.01075	0.05679	0.01511	0.02155	0.02209	0.03177	0.02031	0.05873	0.62953	0.01261	0.02136	0.00880	0.00471	0.00788
24	0.01012	0.00723	0.00964	0.01157	0.01205	0.00675	0.00771	0.01157	0.01591	0.02121	0.04579	0.70262	0.05495	0.02603	0.01060	0.00337	0.00482	0.02362	0.00771	0.00675
25	0.76672	0.01607	0.01221	0.01092	0.01607	0.01864	0.00900	0.02442	0.01414	0.03727	0.01157	0.01350	0.00900	0.00771	0.00514	0.00257	0.00643	0.00450	0.00514	0.00900
26	0.01330	0.00947	0.01312	0.01491	0.01670	0.00947	0.01286	0.01689	0.01868	0.02431	0.04287	0.09124	0.04670	0.06600	0.01341	0.00409	0.00768	0.56335	0.00749	0.00749
27	0.02596	0.02048	0.02177	0.01798	0.02362	0.02314	0.01443	0.32792	0.34881	0.04330	0.02708	0.02563	0.01991	0.01064	0.00838	0.00266	0.00782	0.00846	0.00838	0.01362
28	0.01187	0.00890	0.01335	0.01335	0.01483	0.01038	0.01038	0.01483	0.01335	0.01928	0.02225	0.03264	0.02077	0.06231	0.67512	0.01335	0.02225	0.00890	0.00445	0.00742
29	0.02221	0.71304	0.04353	0.01421	0.02132	0.03287	0.01421	0.02488	0.01688	0.01955	0.01155	0.01333	0.01066	0.00711	0.00533	0.00178	0.00888	0.00444	0.00355	0.01066
30	0.00982	0.00842	0.00842	0.00842	0.01122	0.00701	0.00631	0.01192	0.01894	0.02244	0.08416	0.07995	0.65285	0.02104	0.00982	0.00281	0.00421	0.01753	0.00771	0.00701
31	0.00982	0.00842	0.00842	0.00842	0.01122	0.00701	0.00631	0.01192	0.01894	0.02244	0.08416	0.07995	0.65285	0.02104	0.00982	0.00281	0.00421	0.01753	0.00771	0.00701
32	0.02041	0.01905	0.03148	0.16753	0.50150	0.01991	0.02438	0.06593	0.01986	0.02776	0.01576	0.02081	0.01284	0.00775	0.00825	0.00253	0.01004	0.00740	0.00432	0.01249
33	0.76672	0.01607	0.01221	0.01092	0.01607	0.01864	0.00900	0.02442	0.01414	0.03727	0.01157	0.01350	0.00900	0.00771	0.00514	0.00257	0.00643	0.00450	0.00514	0.00900
34	0.03103	0.03959	0.02354	0.02140	0.02568	0.67469	0.01605	0.03317	0.02354	0.02033	0.01284	0.01498	0.01070	0.00856	0.00749	0.00214	0.01498	0.00535	0.00428	0.00963
35	0.01723	0.01477	0.01723	0.01230	0.01969	0.01107	0.00984	0.02092	0.01723	0.02707	0.01477	0.01723	0.01230	0.00615	0.00615	0.00123	0.00615	0.00492	0.00492	0.75883
36	0.01183	0.00781	0.01079	0.01213	0.01292	0.00752	0.00883	0.01290	0.01605	0.02140	0.08028	0.38708	0.04655	0.02534	0.01531	0.16134	0.00586	0.14276	0.00694	0.00636
37	0.76672	0.01607	0.01221	0.01092	0.01607	0.01864	0.00900	0.02442	0.01414	0.03727	0.01157	0.01350	0.00900	0.00771	0.00514	0.00257	0.00643	0.00450	0.00514	0.00900
38	0.02221	0.71304	0.04353	0.01421	0.02132	0.03287	0.01421	0.02488	0.01688	0.01955	0.01155	0.01333	0.01066	0.00711	0.00533	0.00178	0.00888	0.00444	0.00355	0.01066
39	0.01723	0.01477	0.01723	0.01230	0.01969	0.01107	0.00984	0.02092	0.01723	0.02707	0.01477	0.01723	0.01230	0.00615	0.00615	0.00123	0.00615	0.00492	0.00492	0.75883
40	0.01006	0.00748	0.00938	0.01091	0.01188	0.00680	0.00742	0.01164	0.01654	0.02147	0.05381	0.57236	0.18002	0.02498	0.01044	0.00325	0.00469	0.02234	0.00771	0.00680
41	0.01197	0.00848	0.01122	0.01122	0.01197	0.00923	0.00773	0.01347	0.01272	0.01771	0.02420	0.04343	0.02546	0.38313	0.36070	0.01072	0.01520	0.01048	0.00474	0.00623
42	0.12248	0.01387	0.01579	0.01373	0.01826	0.01423	0.01096	0.03209	0.19600	0.22028	0.14342	0.03940	0.07162	0.01268	0.00845	0.00272	0.00613	0.03800	0.00859	0.01130
43	0.01372	0.00986	0.01185	0.01109	0.01373	0.00942	0.00839	0.01951	0.09778	0.06379	0.39982	0.08677	0.18806	0.01716	0.00960	0.00271	0.00451	0.01487	0.00876	0.00860
44	0.02221	0.71304	0.04353	0.01421	0.02132	0.03287	0.01421	0.02488	0.01688	0.01955	0.01155	0.01333	0.01066	0.00711	0.00533	0.00178	0.00888	0.00444	0.00355	0.01066
45	0.01074	0.00767	0.01035	0.01228	0.01303	0.00728	0.00879	0.01264	0.01652	0.02190	0.04544	0.58657	0.05359	0.02544	0.01077	0.00346	0.00536	0.13353	0.00770	0.00692
46	0.76672	0.01607	0.01221	0.01092	0.01607	0.01864	0.00900	0.02442	0.01414	0.03727	0.01157	0.01350	0.00900	0.00771	0.00514	0.00257	0.00643	0.00450	0.00514	0.00900
47	0.01187	0.00890	0.01335	0.01335	0.01483	0.01038	0.01038	0.01483	0.01335	0.01928	0.02225	0.03264	0.02077	0.06231	0.67512	0.01335	0.02225	0.00890	0.00445	0.00742
48	0.01786	0.01677	0.02721	0.40138	0.25453	0.01913	0.02281	0.02514	0.08508	0.02468	0.01712	0.02257	0.01332	0.00832	0.00829	0.00267	0.01018	0.00761	0.00435	0.01097
49	0.01611	0.01559	0.02753	0.61730	0.05572	0.01873	0.08842	0.02181	0.01694	0.02181	0.01499	0.02218	0.01124	0.00816	0.00847	0.00277	0.01139	0.00765	0.00375	0.00944
50	0.01589	0.01527	0.01521	0.01477	0.01674	0.14921	0.01123	0.01850	0.01540	0.01930	0.02053	0.03031	0.01926	0.09164	0.49569	0.01067	0.01984	0.00836	0.00445	0.00773
51	0.01111	0.00847	0.01020	0.00977	0.01201	0.00756	0.00733	0.01442	0.02198	0.02966	0.46119	0.06806	0.27132	0.01835	0.00980	0.00268	0.00402	0.01587	0.00866	0.00756
52	0.01012	0.00723	0.00964	0.01157	0.01205	0.00675	0.00771	0.01157	0.01591	0.02121	0.04579	0.70262	0.05495	0.02603	0.01060	0.00337	0.00482	0.02362	0.00771	0.00675
53	0.02025	0.01926	0.02963	0.22022	0.39905	0.04577	0.02326	0.05832	0.05328	0.02703	0.01650	0.02130	0.01321	0.00804	0.00823	0.00256	0.01018	0.00743	0.00447	0.01200
54	0.02052	0.25869	0.16586	0.01937	0.04992	0.13393	0.01833	0.02474	0.01831	0.02225	0.01986	0.02810	0.04388	0.01066	0.00890	0.00248	0.05954	0.07998	0.00439	0.01028
55	0.02140	0.02050	0.03189	0.10143	0.53238	0.05115	0.02418	0.06673	0.02032	0.02804	0.01572	0.02039	0.01293	0.00771	0.00820	0.00248	0.01016	0.00731	0.00437	0.01272
56	0.01252	0.04304	0.01519	0.01788	0.11682	0.01027	0.01102	0.01479	0.01698	0.02243	0.04388	0.45142	0.11882	0.02134	0.00992	0.00311	0.00590	0.04969	0.00693	0.00805
57	0.01810	0.02129	0.16631	0.09788	0.02587	0.06454	0.01661	0.11034	0.01967	0.02608	0.04875	0.13479	0.02231	0.01618	0.01375	0.16410	0.00918	0.00994	0.00527	0.00903
58	0.02101	0.02015	0.01933	0.01728	0.02123	0.15379	0.04163	0.10337	0.20443	0.02937	0.02949	0.21554	0.02813	0.01431	0.00881	0.00273	0.00849	0.01217	0.00700	0.04175
59	0.08010	0.16255	0.05642	0.11960	0.02920	0.10033	0.01666	0.24622	0.05517	0.03418	0.01646	0.01832	0.01256	0.00878	0.00737	0.00238	0.00988	0.00642	0.00574	0.01166
60	0.02500	0.21847	0.16712	0.02126	0.06981	0.12127	0.01924	0.20594	0.02473	0.03138	0.01523	0.01693	0.01184	0.00836	0.00728	0.00227	0.01065	0.00604	0.00510	0.01206
61	0.06465	0.30658	0.03087	0.01901	0.05298	0.31118	0.01523	0.02806	0.01988	0.02150	0.01424	0.01918	0.01292	0.00873	0.00677	0.00213	0.01140	0.04040	0.00423	0.01006
62	0.02125	0.06028	0.17636	0.05011	0.05227	0.15505	0.10835	0.05830	0.02030	0.05956	0.02126	0.13835	0.01950	0.01128	0.00852	0.00263	0.01104	0.00978	0.00517	0.01063
63	0.01747	0.04406	0.11968	0.02186	0.12687	0.01495	0.06701	0.02173	0.01880	0.09320	0.04332	0.04347	0.25897	0.01347	0.01013	0.00272	0.05476	0.01129	0.00603	0.01024

[dist]
# distance from previous block
# <min> <max>
2	96

[block]
# block no. 2 follows, 22 sequences, length 35
# corresponding to MSA columns:
# 186-220
name=unknown_C
#
# <colnr> <probs for GDERKNQSTAVLIFYWHMCP>
#	G	D	E	R	K	N	Q	S	T	A	V	L	I	F	Y	W	H	M	C	P
0	0.09005	0.30349	0.03021	0.01679	0.02248	0.22056	0.01433	0.12087	0.02188	0.02641	0.01387	0.01599	0.01166	0.01125	0.04538	0.00274	0.01131	0.00545	0.00470	0.01056
1	0.21428	0.08110	0.02196	0.08622	0.05891	0.18798	0.01445	0.12439	0.02178	0.03048	0.01998	0.02183	0.06560	0.00943	0.00716	0.00242	0.00974	0.00676	0.00532	0.01022
2	0.01341	0.00863	0.01089	0.01084	0.01294	0.00775	0.00792	0.01605	0.02004	0.09110	0.26761	0.27584	0.18524	0.02017	0.00992	0.00290	0.00460	0.01773	0.00848	0.00794
3	0.02294	0.01802	0.02310	0.08155	0.16091	0.01953	0.01612	0.29180	0.02609	0.03533	0.01991	0.02769	0.01716	0.14882	0.05095	0.00419	0.00996	0.00843	0.00615	0.01135
4	0.01196	0.00855	0.01158	0.01158	0.01246	0.00942	0.00818	0.01370	0.01283	0.01798	0.02387	0.04159	0.02466	0.32836	0.41438	0.01117	0.01640	0.01021	0.00469	0.00644
5	0.01893	0.01620	0.01978	0.02205	0.15628	0.01711	0.01415	0.11160	0.23782	0.03188	0.04295	0.04179	0.20804	0.01316	0.00879	0.00269	0.00694	0.01112	0.00727	0.01146
6	0.03038	0.01261	0.01707	0.01361	0.01883	0.01103	0.01103	0.03378	0.02371	0.49213	0.20003	0.03740	0.03619	0.01209	0.00874	0.00258	0.00622	0.01016	0.00997	0.01244
7	0.15951	0.01856	0.07495	0.02356	0.17384	0.01772	0.01600	0.12887	0.05657	0.03239	0.02067	0.08111	0.01826	0.03829	0.06877	0.00375	0.00946	0.00859	0.03824	0.01090
8	0.01954	0.02332	0.14117	0.04269	0.46966	0.01931	0.05202	0.02606	0.04344	0.02718	0.01751	0.02372	0.01467	0.00830	0.00839	0.00258	0.01024	0.03316	0.00434	0.01268
9	0.02293	0.01647	0.02542	0.34955	0.16354	0.01810	0.02046	0.08815	0.02090	0.16407	0.01936	0.02294	0.01385	0.00873	0.00830	0.00264	0.00978	0.00761	0.00567	0.01156
10	0.08716	0.05101	0.15542	0.02132	0.09146	0.02061	0.01802	0.16074	0.17439	0.06836	0.05301	0.02392	0.01898	0.00964	0.00793	0.00259	0.00863	0.00770	0.00659	0.01251
11	0.14072	0.10457	0.02694	0.02688	0.19635	0.26616	0.01732	0.08025	0.02142	0.02749	0.01388	0.01652	0.01140	0.00807	0.00716	0.00229	0.01107	0.00586	0.00463	0.01100
12	0.01214	0.00878	0.01005	0.00955	0.01225	0.00762	0.00723	0.01499	0.02093	0.06370	0.29322	0.07026	0.40149	0.01890	0.00973	0.00272	0.00427	0.01606	0.00840	0.00774
13	0.02056	0.01974	0.03372	0.05099	0.65622	0.01974	0.02550	0.02550	0.01892	0.02714	0.01563	0.02056	0.01316	0.00740	0.00822	0.00247	0.00987	0.00740	0.00411	0.01316
14	0.01549	0.00774	0.00774	0.00774	0.00968	0.00774	0.00581	0.01936	0.01742	0.03097	0.02710	0.03097	0.02129	0.00968	0.00581	0.00194	0.00387	0.00774	0.75416	0.00774
15	0.02129	0.01606	0.01811	0.01609	0.04828	0.01685	0.01204	0.31158	0.02890	0.03848	0.13505	0.07766	0.15946	0.04900	0.01068	0.00290	0.00704	0.01186	0.00793	0.01076
16	0.02185	0.16901	0.02874	0.07906	0.09033	0.05673	0.04664	0.16979	0.02203	0.02882	0.01668	0.02102	0.01389	0.01922	0.13931	0.00454	0.04936	0.00708	0.00503	0.01089
17	0.16338	0.02538	0.02020	0.05637	0.02367	0.26057	0.01396	0.14186	0.05000	0.02981	0.01626	0.02096	0.01371	0.08041	0.01188	0.00303	0.04644	0.00668	0.00540	0.01001
18	0.01762	0.01670	0.02692	0.10522	0.42253	0.01716	0.02072	0.02184	0.01836	0.02515	0.03011	0.03344	0.15111	0.01082	0.00957	0.00263	0.04449	0.00958	0.00482	0.01122
19	0.01867	0.03098	0.33927	0.03777	0.35600	0.01952	0.02801	0.02589	0.01825	0.02674	0.01528	0.01910	0.01188	0.00764	0.00806	0.00255	0.01103	0.00679	0.00382	0.01273
20	0.16316	0.01968	0.12808	0.01779	0.05179	0.01581	0.06717	0.02485	0.11365	0.02907	0.03245	0.03513	0.14297	0.01138	0.00798	0.00260	0.00784	0.03469	0.00585	0.08808
21	0.02489	0.02529	0.02655	0.02819	0.18103	0.19926	0.01872	0.14077	0.05354	0.02869	0.01545	0.01888	0.01274	0.01013	0.01269	0.00269	0.17712	0.00693	0.00505	0.01140
22	0.01060	0.00845	0.00950	0.00924	0.01170	0.00735	0.00693	0.01344	0.02079	0.02684	0.31383	0.07271	0.42044	0.01940	0.00981	0.00273	0.00409	0.01652	0.00829	0.00735
23	0.00982	0.00842	0.00842	0.00842	0.01122	0.00701	0.00631	0.01192	0.01894	0.02244	0.08416	0.07995	0.65285	0.02104	0.00982	0.00281	0.00421	0.01753	0.00771	0.00701
24	0.02748	0.15018	0.02893	0.02598	0.14843	0.43732	0.01759	0.03026	0.02150	0.02153	0.01317	0.01579	0.01118	0.00809	0.00727	0.00214	0.01294	0.00560	0.00412	0.01050
25	0.21533	0.03298	0.23304	0.02191	0.07911	0.23461	0.01985	0.02801	0.01875	0.02724	0.01343	0.01591	0.01041	0.00802	0.00708	0.00244	0.01146	0.00556	0.00423	0.01063
26	0.01026	0.00734	0.00977	0.01147	0.01208	0.00684	0.00772	0.01192	0.01656	0.02225	0.09817	0.64725	0.05697	0.02524	0.01053	0.00331	0.00474	0.02287	0.00784	0.00684
27	0.01978	0.20415	0.12671	0.08959	0.12617	0.02117	0.01801	0.08618	0.01951	0.02731	0.01705	0.02060	0.01371	0.01068	0.03782	0.00276	0.00958	0.00656	0.13177	0.01088
28	0.02221	0.71304	0.04353	0.01421	0.02132	0.03287	0.01421	0.02488	0.01688	0.01955	0.01155	0.01333	0.01066	0.00711	0.00533	0.00178	0.00888	0.00444	0.00355	0.01066
29	0.00982	0.00842	0.00842	0.00842	0.01122	0.00701	0.00631	0.01192	0.01894	0.02244	0.08416	0.07995	0.65285	0.02104	0.00982	0.00281	0.00421	0.01753	0.00771	0.00701
30	0.02819	0.16964	0.02762	0.02003	0.02449	0.49287	0.01588	0.03041	0.02130	0.02015	0.01242	0.01493	0.01071	0.00879	0.00878	0.00220	0.07238	0.00534	0.00408	0.00979
31	0.02166	0.16274	0.15272	0.03441	0.32481	0.11633	0.02291	0.02663	0.01892	0.02452	0.01429	0.01777	0.01182	0.00760	0.00749	0.00232	0.01086	0.00629	0.00391	0.01200
32	0.01563	0.03649	0.54208	0.02108	0.03147	0.01709	0.02631	0.02409	0.01839	0.02699	0.10146	0.02694	0.05668	0.00984	0.00825	0.00264	0.01073	0.00795	0.00448	0.01140
33	0.01187	0.00890	0.01335	0.01335	0.01483	0.01038	0.01038	0.01483	0.01335	0.01928	0.02225	0.03264	0.02077	0.06231	0.67512	0.01335	0.02225	0.00890	0.00445	0.00742
34	0.01997	0.05883	0.20546	0.04076	0.43459	0.04477	0.02603	0.02598	0.01862	0.02631	0.01514	0.01920	0.01223	0.00757	0.00797	0.00247	0.01067	0.00684	0.00393	0.01267

[dist]
# distance from previous block
# <min> <max>
0	1

[block]
# block no. 3 follows, 22 sequences, length 6
# corresponding to MSA columns:
# 222-227
name=unknown_D
#
# <colnr> <probs for GDERKNQSTAVLIFYWHMCP>
#	G	D	E	R	K	N	Q	S	T	A	V	L	I	F	Y	W	H	M	C	P
0	0.03017	0.02257	0.02414	0.01883	0.02522	0.02510	0.01545	0.55285	0.11704	0.05008	0.02174	0.02138	0.01558	0.01014	0.00833	0.00254	0.00881	0.00773	0.00833	0.01400
1	0.01187	0.00890	0.01335	0.01335	0.01483	0.01038	0.01038	0.01483	0.01335	0.01928	0.02225	0.03264	0.02077	0.06231	0.67512	0.01335	0.02225	0.00890	0.00445	0.00742
2	0.02208	0.02137	0.06036	0.07338	0.36677	0.05679	0.02193	0.14223	0.02292	0.03105	0.01919	0.02772	0.01659	0.00967	0.00853	0.00262	0.00997	0.06927	0.00526	0.01231
3	0.01512	0.01060	0.01212	0.01116	0.01267	0.01086	0.00753	0.11473	0.01902	0.02579	0.14820	0.09252	0.03854	0.41350	0.02827	0.00577	0.00722	0.01265	0.00655	0.00720
4	0.01982	0.02655	0.25138	0.01771	0.02671	0.01688	0.01849	0.14111	0.02159	0.03172	0.01582	0.01787	0.01202	0.00752	0.00720	0.00198	0.00893	0.00586	0.00507	0.34576
5	0.02684	0.06154	0.05429	0.01636	0.02292	0.01918	0.01403	0.23647	0.10718	0.17044	0.05187	0.02411	0.01921	0.00964	0.00786	0.00232	0.00780	0.00760	0.00771	0.13266

[dist]
# distance from previous block
# <min> <max>
0	1

[block]
# block no. 4 follows, 22 sequences, length 43
# corresponding to MSA columns:
# 229-271
name=unknown_E
#
# <colnr> <probs for GDERKNQSTAVLIFYWHMCP>
#	G	D	E	R	K	N	Q	S	T	A	V	L	I	F	Y	W	H	M	C	P
0	0.01996	0.02275	0.03565	0.02737	0.03329	0.15106	0.37338	0.02482	0.01964	0.02421	0.02202	0.16230	0.02102	0.01127	0.00950	0.00279	0.01229	0.01177	0.00495	0.00996
1	0.01399	0.15213	0.01917	0.01321	0.01572	0.01479	0.01076	0.01667	0.01397	0.01910	0.02037	0.03034	0.01942	0.09948	0.49139	0.01060	0.01847	0.00823	0.00431	0.00790
2	0.02160	0.41042	0.14150	0.02393	0.15602	0.07472	0.01938	0.02584	0.01790	0.02229	0.01304	0.01564	0.01116	0.00740	0.00651	0.00209	0.01009	0.00540	0.00372	0.01137
3	0.00982	0.00842	0.00842	0.00842	0.01122	0.00701	0.00631	0.01192	0.01894	0.02244	0.08416	0.07995	0.65285	0.02104	0.00982	0.00281	0.00421	0.01753	0.00771	0.00701
4	0.01725	0.01697	0.02519	0.02139	0.02225	0.02267	0.06122	0.01963	0.01333	0.02036	0.01318	0.02084	0.01264	0.02177	0.13154	0.00516	0.53410	0.00772	0.00381	0.00897
5	0.01723	0.01477	0.01723	0.01230	0.01969	0.01107	0.00984	0.02092	0.01723	0.02707	0.01477	0.01723	0.01230	0.00615	0.00615	0.00123	0.00615	0.00492	0.00492	0.75883
6	0.01208	0.00805	0.00906	0.00906	0.00906	0.00805	0.00503	0.01208	0.01208	0.01611	0.02618	0.05436	0.03020	0.70804	0.04228	0.00805	0.00805	0.01208	0.00503	0.00503
7	0.03107	0.03840	0.02364	0.02124	0.02569	0.62738	0.01603	0.07658	0.02467	0.02267	0.01336	0.01534	0.01095	0.00866	0.00755	0.00217	0.01456	0.00551	0.00457	0.00996
8	0.15037	0.15857	0.02425	0.01495	0.02135	0.02027	0.01285	0.15697	0.02400	0.30402	0.02238	0.02112	0.01535	0.00916	0.00721	0.00239	0.00777	0.00676	0.00768	0.01260
9	0.03158	0.02327	0.02493	0.01911	0.02576	0.02576	0.01579	0.62852	0.03906	0.05236	0.01995	0.01995	0.01413	0.00997	0.00831	0.00249	0.00914	0.00748	0.00831	0.01413
10	0.03103	0.03959	0.02354	0.02140	0.02568	0.67469	0.01605	0.03317	0.02354	0.02033	0.01284	0.01498	0.01070	0.00856	0.00749	0.00214	0.01498	0.00535	0.00428	0.00963
11	0.01187	0.00890	0.01335	0.01335	0.01483	0.01038	0.01038	0.01483	0.01335	0.01928	0.02225	0.03264	0.02077	0.06231	0.67512	0.01335	0.02225	0.00890	0.00445	0.00742
12	0.01187	0.00890	0.01335	0.01335	0.01483	0.01038	0.01038	0.01483	0.01335	0.01928	0.02225	0.03264	0.02077	0.06231	0.67512	0.01335	0.02225	0.00890	0.00445	0.00742
13	0.01935	0.01850	0.03154	0.20904	0.50762	0.01942	0.02489	0.02444	0.01834	0.02567	0.01541	0.02095	0.01264	0.00763	0.00824	0.00254	0.01017	0.00740	0.00401	0.01218
14	0.01291	0.00929	0.01278	0.01449	0.01634	0.00916	0.01239	0.01648	0.01906	0.02484	0.07223	0.13734	0.07785	0.02283	0.01126	0.00369	0.00712	0.50466	0.00772	0.00756
15	0.01012	0.00723	0.00964	0.01157	0.01205	0.00675	0.00771	0.01157	0.01591	0.02121	0.04579	0.70262	0.05495	0.02603	0.01060	0.00337	0.00482	0.02362	0.00771	0.00675
16	0.01413	0.00902	0.01186	0.01085	0.01323	0.00824	0.00824	0.01798	0.02354	0.09167	0.59438	0.05892	0.07302	0.01636	0.00966	0.00261	0.00421	0.01440	0.00925	0.00842
17	0.14210	0.07989	0.31314	0.06779	0.11024	0.02038	0.07430	0.02622	0.04287	0.02778	0.01513	0.01820	0.01143	0.00783	0.00750	0.00257	0.01060	0.00642	0.00413	0.01147
18	0.01605	0.01514	0.02558	0.64032	0.10212	0.01855	0.02325	0.02155	0.01678	0.02167	0.01483	0.02203	0.01123	0.00824	0.00830	0.00275	0.01098	0.00738	0.00372	0.00952
19	0.00982	0.00842	0.00842	0.00842	0.01122	0.00701	0.00631	0.01192	0.01894	0.02244	0.08416	0.07995	0.65285	0.02104	0.00982	0.00281	0.00421	0.01753	0.00771	0.00701
20	0.02805	0.04030	0.15689	0.02187	0.02782	0.53844	0.01910	0.03175	0.02229	0.02157	0.01327	0.01551	0.01066	0.00842	0.00757	0.00224	0.01442	0.00551	0.00412	0.01018
21	0.01885	0.01868	0.02844	0.37555	0.30171	0.06818	0.02354	0.02388	0.01808	0.02360	0.01498	0.02096	0.01191	0.00795	0.00821	0.00260	0.01087	0.00724	0.00391	0.01088
22	0.76672	0.01607	0.01221	0.01092	0.01607	0.01864	0.00900	0.02442	0.01414	0.03727	0.01157	0.01350	0.00900	0.00771	0.00514	0.00257	0.00643	0.00450	0.00514	0.00900
23	0.02036	0.47298	0.07583	0.01518	0.02124	0.07543	0.01462	0.02350	0.01669	0.01999	0.01409	0.01774	0.01276	0.01874	0.14490	0.00427	0.01234	0.00555	0.00379	0.01001
24	0.03158	0.02327	0.02493	0.01911	0.02576	0.02576	0.01579	0.62852	0.03906	0.05236	0.01995	0.01995	0.01413	0.00997	0.00831	0.00249	0.00914	0.00748	0.00831	0.01413
25	0.00982	0.00842	0.00842	0.00842	0.01122	0.00701	0.00631	0.01192	0.01894	0.02244	0.08416	0.07995	0.65285	0.02104	0.00982	0.00281	0.00421	0.01753	0.00771	0.00701
26	0.00984	0.00834	0.00849	0.00862	0.01127	0.00700	0.00640	0.01190	0.01874	0.02236	0.08168	0.12009	0.61430	0.02136	0.00987	0.00284	0.00425	0.01793	0.00771	0.00700
27	0.01041	0.00830	0.00936	0.00963	0.01187	0.00726	0.00717	0.01284	0.01935	0.02444	0.18405	0.17336	0.42127	0.02113	0.01002	0.00291	0.00442	0.04705	0.00798	0.00716
28	0.02009	0.28102	0.14356	0.05422	0.13047	0.02483	0.18444	0.02553	0.01803	0.02381	0.01428	0.01795	0.01157	0.00730	0.00753	0.00234	0.01106	0.00675	0.00381	0.01140
29	0.02056	0.01974	0.03372	0.05099	0.65622	0.01974	0.02550	0.02550	0.01892	0.02714	0.01563	0.02056	0.01316	0.00740	0.00822	0.00247	0.00987	0.00740	0.00411	0.01316
30	0.01867	0.07076	0.23099	0.03646	0.36350	0.01940	0.02485	0.02485	0.01876	0.02693	0.07110	0.02279	0.01791	0.00838	0.00807	0.00249	0.01004	0.00748	0.00433	0.01225
31	0.00989	0.00813	0.00871	0.00917	0.01142	0.00695	0.00665	0.01184	0.01821	0.02215	0.07500	0.22850	0.51021	0.02223	0.01001	0.00294	0.00435	0.01898	0.00771	0.00695
32	0.01549	0.00774	0.00774	0.00774	0.00968	0.00774	0.00581	0.01936	0.01742	0.03097	0.02710	0.03097	0.02129	0.00968	0.00581	0.00194	0.00387	0.00774	0.75416	0.00774
33	0.02720	0.01903	0.02118	0.01670	0.02220	0.02044	0.01361	0.43750	0.03419	0.09220	0.17363	0.03073	0.03013	0.01169	0.00867	0.00253	0.00773	0.00937	0.00866	0.01261
34	0.01994	0.01911	0.03260	0.13194	0.58011	0.01958	0.02519	0.02495	0.01862	0.02639	0.01552	0.02076	0.01289	0.00752	0.00823	0.00251	0.01002	0.00740	0.00406	0.01266
35	0.01187	0.00890	0.01335	0.01335	0.01483	0.01038	0.01038	0.01483	0.01335	0.01928	0.02225	0.03264	0.02077	0.06231	0.67512	0.01335	0.02225	0.00890	0.00445	0.00742
36	0.01184	0.00800	0.00937	0.00976	0.00993	0.00793	0.00587	0.01226	0.01303	0.01734	0.03012	0.15741	0.03494	0.56754	0.03581	0.00711	0.00753	0.04320	0.00558	0.00543
37	0.01859	0.01211	0.01463	0.01255	0.01593	0.01195	0.00976	0.14286	0.02603	0.10670	0.40239	0.05018	0.08281	0.04323	0.01066	0.00281	0.00552	0.01273	0.00887	0.00967
38	0.03063	0.01977	0.02231	0.01740	0.02337	0.02117	0.01422	0.43937	0.03303	0.17535	0.02304	0.02402	0.01661	0.04437	0.05282	0.00346	0.00951	0.00796	0.00833	0.01329
39	0.01006	0.00747	0.00939	0.01093	0.01188	0.00680	0.00743	0.01164	0.01652	0.02146	0.05360	0.57591	0.17662	0.02501	0.01044	0.00326	0.00470	0.02238	0.00771	0.00680
40	0.02478	0.06980	0.02854	0.02698	0.15666	0.20237	0.07097	0.15040	0.02391	0.02945	0.04595	0.04487	0.01684	0.00985	0.00958	0.00249	0.06217	0.00780	0.00532	0.01127
41	0.02258	0.23443	0.27231	0.02199	0.07404	0.15918	0.02155	0.02797	0.01901	0.05485	0.01444	0.01654	0.01129	0.00789	0.00711	0.00227	0.01142	0.00568	0.00406	0.01141
42	0.13529	0.01021	0.01184	0.06328	0.01622	0.01039	0.00895	0.01668	0.01951	0.02939	0.32510	0.05453	0.14948	0.07648	0.01185	0.00318	0.00545	0.03700	0.00741	0.00775

[dist]
# distance from previous block
# <min> <max>
0	1

[block]
# block no. 5 follows, 22 sequences, length 36
# corresponding to MSA columns:
# 273-308
name=unknown_F
#
# <colnr> <probs for GDERKNQSTAVLIFYWHMCP>
#	G	D	E	R	K	N	Q	S	T	A	V	L	I	F	Y	W	H	M	C	P
0	0.12269	0.12150	0.05631	0.02215	0.12716	0.11894	0.01612	0.12328	0.02245	0.08202	0.07243	0.02175	0.01823	0.00932	0.00805	0.00240	0.03113	0.00699	0.00577	0.01132
1	0.02823	0.25818	0.03040	0.01859	0.02426	0.33683	0.01540	0.14651	0.02437	0.02632	0.01380	0.01540	0.01136	0.00836	0.00694	0.00209	0.01183	0.00547	0.00483	0.01085
2	0.01769	0.16636	0.02440	0.02226	0.14302	0.05857	0.01587	0.02128	0.01875	0.02372	0.02950	0.08098	0.03091	0.01568	0.00922	0.00299	0.00870	0.29475	0.00586	0.00947
3	0.01012	0.00723	0.00964	0.01157	0.01205	0.00675	0.00771	0.01157	0.01591	0.02121	0.04579	0.70262	0.05495	0.02603	0.01060	0.00337	0.00482	0.02362	0.00771	0.00675
4	0.02197	0.68435	0.07014	0.01462	0.02195	0.03229	0.01492	0.02494	0.01691	0.01983	0.01169	0.01351	0.01066	0.00714	0.00544	0.00181	0.00903	0.00451	0.00355	0.01073
5	0.02351	0.01751	0.01975	0.01513	0.02178	0.01673	0.01221	0.19028	0.12715	0.09373	0.02098	0.02126	0.01572	0.00841	0.00732	0.00196	0.00711	0.00667	0.00691	0.36586
6	0.01379	0.01111	0.01112	0.01093	0.01157	0.06995	0.00696	0.01449	0.01335	0.01704	0.02428	0.04705	0.02680	0.53401	0.14638	0.00841	0.01110	0.01092	0.00487	0.00586
7	0.01208	0.00805	0.00906	0.00906	0.00906	0.00805	0.00503	0.01208	0.01208	0.01611	0.02618	0.05436	0.03020	0.70804	0.04228	0.00805	0.00805	0.01208	0.00503	0.00503
8	0.01103	0.00893	0.01189	0.12523	0.01946	0.00886	0.00987	0.01347	0.01728	0.02206	0.07563	0.36379	0.23979	0.02108	0.00993	0.00306	0.00565	0.01859	0.00708	0.00729
9	0.02681	0.09208	0.02655	0.02464	0.13153	0.28954	0.01696	0.13059	0.12708	0.02906	0.01784	0.01924	0.01411	0.00891	0.00771	0.00233	0.01120	0.00663	0.00554	0.01165
10	0.01436	0.01117	0.01372	0.01448	0.01715	0.01154	0.01214	0.02217	0.15440	0.02660	0.04858	0.07773	0.14552	0.02009	0.01054	0.00343	0.00683	0.37296	0.00784	0.00874
11	0.01012	0.00723	0.00964	0.01157	0.01205	0.00675	0.00771	0.01157	0.01591	0.02121	0.04579	0.70262	0.05495	0.02603	0.01060	0.00337	0.00482	0.02362	0.00771	0.00675
12	0.05179	0.08305	0.02418	0.05188	0.02604	0.44377	0.01563	0.07462	0.10483	0.02499	0.01605	0.01761	0.01283	0.00887	0.00748	0.00227	0.01256	0.00603	0.00506	0.01044
13	0.14547	0.18909	0.35433	0.02188	0.08647	0.02232	0.02278	0.02559	0.01694	0.02670	0.01364	0.01617	0.01054	0.00764	0.00687	0.00241	0.01029	0.00559	0.00385	0.01143
14	0.01012	0.00723	0.00964	0.01157	0.01205	0.00675	0.00771	0.01157	0.01591	0.02121	0.04579	0.70262	0.05495	0.02603	0.01060	0.00337	0.00482	0.02362	0.00771	0.00675
15	0.55351	0.02064	0.13938	0.01337	0.01962	0.01781	0.01312	0.02401	0.01563	0.03478	0.06902	0.01859	0.01545	0.00857	0.00609	0.00259	0.00734	0.00575	0.00518	0.00953
16	0.02217	0.25852	0.12409	0.03031	0.25999	0.12405	0.02100	0.02657	0.01875	0.02344	0.01373	0.01686	0.01158	0.00755	0.00710	0.00221	0.01066	0.00592	0.00387	0.01166
17	0.02969	0.03762	0.02259	0.02058	0.02477	0.63246	0.01544	0.03183	0.02325	0.02047	0.01735	0.01909	0.05132	0.00935	0.00764	0.00218	0.01430	0.00612	0.00450	0.00947
18	0.01521	0.01134	0.01531	0.01433	0.01669	0.01299	0.01130	0.11890	0.01771	0.02489	0.02186	0.03048	0.01964	0.05343	0.56205	0.01151	0.02003	0.00866	0.00510	0.00856
19	0.01981	0.02635	0.14999	0.03475	0.13068	0.05261	0.40755	0.02672	0.01935	0.02633	0.01612	0.02095	0.01224	0.00729	0.00914	0.00269	0.01316	0.00861	0.00407	0.01159
20	0.03004	0.11624	0.02591	0.02047	0.02518	0.56966	0.01583	0.06088	0.02352	0.02178	0.01303	0.01503	0.01086	0.00846	0.00728	0.00212	0.01400	0.00535	0.00439	0.00997
21	0.01013	0.00822	0.00898	0.00922	0.01152	0.00708	0.00675	0.01236	0.01902	0.02366	0.15240	0.18318	0.47582	0.02135	0.00995	0.00288	0.00427	0.01823	0.00790	0.00708
22	0.34488	0.02227	0.02385	0.02644	0.20019	0.14707	0.07193	0.02663	0.01782	0.03014	0.01344	0.01659	0.01083	0.00772	0.00689	0.00248	0.00976	0.00597	0.00460	0.01049
23	0.36686	0.25077	0.02208	0.01155	0.01690	0.02119	0.01024	0.02214	0.01600	0.02837	0.02571	0.02639	0.13509	0.01011	0.00612	0.00235	0.00683	0.00702	0.00510	0.00917
24	0.02393	0.58175	0.03964	0.01562	0.02217	0.15800	0.01457	0.02649	0.01818	0.01970	0.01180	0.01365	0.01067	0.00739	0.00575	0.00185	0.01007	0.00462	0.00370	0.01046
25	0.02002	0.01884	0.02994	0.04314	0.51765	0.01923	0.02246	0.02788	0.12208	0.02816	0.02219	0.02536	0.04827	0.00875	0.00834	0.00254	0.00903	0.00826	0.00502	0.01284
26	0.01245	0.00976	0.01447	0.01413	0.01548	0.01177	0.01110	0.01531	0.01329	0.01935	0.02121	0.03130	0.01986	0.05790	0.61535	0.01245	0.08412	0.00875	0.00438	0.00757
27	0.01962	0.01858	0.03027	0.04446	0.54769	0.01868	0.02280	0.02580	0.06923	0.02734	0.02318	0.02667	0.07090	0.00892	0.00838	0.00253	0.00910	0.00846	0.00478	0.01261
28	0.01549	0.00774	0.00774	0.00774	0.00968	0.00774	0.00581	0.01936	0.01742	0.03097	0.02710	0.03097	0.02129	0.00968	0.00581	0.00194	0.00387	0.00774	0.75416	0.00774
29	0.06319	0.34693	0.03266	0.01692	0.02321	0.16620	0.01478	0.19222	0.02424	0.02958	0.01413	0.01550	0.01154	0.00823	0.00660	0.00209	0.01013	0.00547	0.00509	0.01131
30	0.01085	0.00792	0.01021	0.01077	0.01214	0.00727	0.00765	0.01349	0.01968	0.02689	0.32823	0.35245	0.11878	0.02142	0.01016	0.00297	0.00435	0.01912	0.00837	0.00727
31	0.01857	0.02303	0.11768	0.08364	0.07622	0.02176	0.29123	0.02419	0.01711	0.02429	0.01465	0.02045	0.01177	0.00938	0.01429	0.00299	0.20586	0.00827	0.00391	0.01070
32	0.01981	0.01442	0.01676	0.01489	0.01811	0.01561	0.01155	0.26522	0.02463	0.03314	0.02794	0.15023	0.02788	0.13644	0.12507	0.00547	0.01027	0.06590	0.00697	0.00968
33	0.01187	0.00890	0.01335	0.01335	0.01483	0.01038	0.01038	0.01483	0.01335	0.01928	0.02225	0.03264	0.02077	0.06231	0.67512	0.01335	0.02225	0.00890	0.00445	0.00742
34	0.01883	0.01797	0.03060	0.27698	0.44374	0.01928	0.02464	0.02398	0.01810	0.02504	0.01532	0.02112	0.01242	0.00772	0.00825	0.00257	0.01030	0.00740	0.00396	0.01176
35	0.02415	0.02627	0.02351	0.06772	0.14865	0.30841	0.01758	0.07546	0.02220	0.02500	0.01973	0.03089	0.01815	0.01360	0.04295	0.00313	0.01243	0.10486	0.00510	0.01021

[dist]
# distance from previous block
# <min> <max>
0	3

[block]
# block no. 6 follows, 22 sequences, length 48
# corresponding to MSA columns:
# 312-359
name=unknown_G
#
# <colnr> <probs for GDERKNQSTAVLIFYWHMCP>
#	G	D	E	R	K	N	Q	S	T	A	V	L	I	F	Y	W	H	M	C	P
0	0.06753	0.03843	0.02298	0.02088	0.02521	0.64215	0.01570	0.03274	0.02308	0.02117	0.01278	0.01491	0.01062	0.00852	0.00737	0.00216	0.01456	0.00531	0.00432	0.00960
1	0.02056	0.01974	0.03372	0.05099	0.65622	0.01974	0.02550	0.02550	0.01892	0.02714	0.01563	0.02056	0.01316	0.00740	0.00822	0.00247	0.00987	0.00740	0.00411	0.01316
2	0.01187	0.00890	0.01335	0.01335	0.01483	0.01038	0.01038	0.01483	0.01335	0.01928	0.02225	0.03264	0.02077	0.06231	0.67512	0.01335	0.02225	0.00890	0.00445	0.00742
3	0.02773	0.24323	0.03121	0.02027	0.07042	0.13363	0.01604	0.29676	0.02806	0.03493	0.01582	0.01709	0.01240	0.00865	0.00723	0.00221	0.01007	0.00617	0.00584	0.01223
4	0.01793	0.03501	0.44166	0.03143	0.18075	0.01961	0.10383	0.02616	0.01812	0.02654	0.01531	0.01885	0.01139	0.00767	0.00821	0.00261	0.01193	0.00689	0.00373	0.01235
5	0.02793	0.18457	0.05697	0.02151	0.05862	0.47178	0.01681	0.03066	0.02159	0.02079	0.01280	0.01503	0.01081	0.00815	0.00708	0.00210	0.01327	0.00530	0.00408	0.01016
6	0.01549	0.00774	0.00774	0.00774	0.00968	0.00774	0.00581	0.01936	0.01742	0.03097	0.02710	0.03097	0.02129	0.00968	0.00581	0.00194	0.00387	0.00774	0.75416	0.00774
7	0.01047	0.00748	0.01004	0.01197	0.01261	0.00705	0.00832	0.01218	0.01625	0.02160	0.04559	0.63701	0.05418	0.02569	0.01070	0.00342	0.00512	0.08576	0.00770	0.00684
8	0.01922	0.01837	0.03129	0.22691	0.49082	0.01938	0.02483	0.02432	0.01828	0.02551	0.01539	0.02100	0.01258	0.00765	0.00825	0.00255	0.01020	0.00740	0.00400	0.01207
9	0.02354	0.01805	0.01950	0.01693	0.02201	0.02035	0.01334	0.10674	0.51297	0.10101	0.03221	0.02953	0.02366	0.01103	0.00843	0.00276	0.00690	0.00908	0.00863	0.01336
10	0.01043	0.00844	0.00927	0.00906	0.01160	0.00728	0.00680	0.01312	0.02039	0.02590	0.26453	0.07426	0.47033	0.01975	0.00981	0.00274	0.00412	0.01674	0.00817	0.00728
11	0.02066	0.01785	0.01878	0.01691	0.02160	0.02066	0.01315	0.04414	0.64121	0.03475	0.03381	0.03099	0.02536	0.01127	0.00845	0.00282	0.00657	0.00939	0.00845	0.01315
12	0.01723	0.01477	0.01723	0.01230	0.01969	0.01107	0.00984	0.02092	0.01723	0.02707	0.01477	0.01723	0.01230	0.00615	0.00615	0.00123	0.00615	0.00492	0.00492	0.75883
13	0.01443	0.00722	0.01082	0.01082	0.01082	0.00722	0.00722	0.01082	0.01082	0.01443	0.01443	0.02525	0.01443	0.02886	0.03247	0.75830	0.00722	0.00722	0.00361	0.00361
14	0.01121	0.00886	0.01036	0.01111	0.01356	0.00801	0.00908	0.01399	0.01901	0.02339	0.06846	0.08533	0.41640	0.02179	0.01047	0.00320	0.00555	0.24528	0.00769	0.00726
15	0.02250	0.01944	0.01945	0.01695	0.02169	0.06802	0.01328	0.14953	0.41694	0.03683	0.09628	0.03111	0.02790	0.01145	0.00850	0.00269	0.00738	0.00935	0.00820	0.01250
16	0.01208	0.00805	0.00906	0.00906	0.00906	0.00805	0.00503	0.01208	0.01208	0.01611	0.02618	0.05436	0.03020	0.70804	0.04228	0.00805	0.00805	0.01208	0.00503	0.00503
17	0.01208	0.00805	0.00906	0.00906	0.00906	0.00805	0.00503	0.01208	0.01208	0.01611	0.02618	0.05436	0.03020	0.70804	0.04228	0.00805	0.00805	0.01208	0.00503	0.00503
18	0.02856	0.03555	0.02317	0.02099	0.02465	0.56713	0.01596	0.03071	0.02180	0.02024	0.01317	0.01632	0.01129	0.01225	0.04741	0.00294	0.08843	0.00576	0.00422	0.00945
19	0.01073	0.00767	0.01034	0.01227	0.01301	0.00727	0.00877	0.01262	0.01651	0.02189	0.04545	0.58878	0.05361	0.02545	0.01077	0.00346	0.00535	0.13143	0.00770	0.00692
20	0.01188	0.00884	0.01304	0.01304	0.01441	0.01021	0.00999	0.01463	0.01326	0.01905	0.02254	0.03422	0.02146	0.10949	0.62888	0.01296	0.02121	0.00913	0.00449	0.00724
21	0.76672	0.01607	0.01221	0.01092	0.01607	0.01864	0.00900	0.02442	0.01414	0.03727	0.01157	0.01350	0.00900	0.00771	0.00514	0.00257	0.00643	0.00450	0.00514	0.00900
22	0.02066	0.01785	0.01878	0.01691	0.02160	0.02066	0.01315	0.04414	0.64121	0.03475	0.03381	0.03099	0.02536	0.01127	0.00845	0.00282	0.00657	0.00939	0.00845	0.01315
23	0.01818	0.01818	0.02545	0.02181	0.02181	0.02545	0.01818	0.01999	0.01272	0.01999	0.01091	0.01818	0.01091	0.01454	0.02726	0.00364	0.69284	0.00727	0.00364	0.00909
24	0.01099	0.00778	0.00979	0.01072	0.01148	0.00737	0.00718	0.01255	0.01632	0.02188	0.13256	0.38180	0.08338	0.20239	0.01875	0.00447	0.00561	0.04125	0.00722	0.00651
25	0.01064	0.00845	0.00955	0.00928	0.01172	0.00736	0.00696	0.01351	0.02087	0.02703	0.32386	0.07239	0.41029	0.01933	0.00981	0.00272	0.00409	0.01647	0.00832	0.00736
26	0.03158	0.02327	0.02493	0.01911	0.02576	0.02576	0.01579	0.62852	0.03906	0.05236	0.01995	0.01995	0.01413	0.00997	0.00831	0.00249	0.00914	0.00748	0.00831	0.01413
27	0.59976	0.02206	0.15752	0.01376	0.02049	0.01878	0.01383	0.02484	0.01490	0.03483	0.01231	0.01440	0.00934	0.00775	0.00575	0.00258	0.00773	0.00486	0.00478	0.00973
28	0.01299	0.00879	0.01135	0.01054	0.01280	0.00801	0.00796	0.01674	0.02320	0.06637	0.57703	0.06154	0.11725	0.01692	0.00972	0.00262	0.00411	0.01485	0.00910	0.00812
29	0.01187	0.00890	0.01335	0.01335	0.01483	0.01038	0.01038	0.01483	0.01335	0.01928	0.02225	0.03264	0.02077	0.06231	0.67512	0.01335	0.02225	0.00890	0.00445	0.00742
30	0.01189	0.00881	0.01289	0.01289	0.01422	0.01014	0.00981	0.01454	0.01322	0.01895	0.02267	0.03496	0.02178	0.13130	0.60750	0.01279	0.02073	0.00924	0.00451	0.00716
31	0.76672	0.01607	0.01221	0.01092	0.01607	0.01864	0.00900	0.02442	0.01414	0.03727	0.01157	0.01350	0.00900	0.00771	0.00514	0.00257	0.00643	0.00450	0.00514	0.00900
32	0.73342	0.01598	0.01253	0.01110	0.01630	0.01834	0.00914	0.02515	0.01458	0.06579	0.01254	0.01417	0.00952	0.00783	0.00529	0.00257	0.00646	0.00467	0.00538	0.00923
33	0.01926	0.01782	0.02895	0.24650	0.38726	0.01909	0.02299	0.06749	0.01966	0.02687	0.01936	0.02421	0.04702	0.00861	0.00834	0.00258	0.00989	0.00795	0.00448	0.01166
34	0.01043	0.00844	0.00927	0.00906	0.01160	0.00728	0.00680	0.01312	0.02039	0.02590	0.26453	0.07426	0.47033	0.01975	0.00981	0.00274	0.00412	0.01674	0.00817	0.00728
35	0.01005	0.00837	0.00877	0.00878	0.01139	0.00709	0.00654	0.01233	0.01932	0.02361	0.14614	0.10412	0.56336	0.02079	0.00985	0.00281	0.00420	0.01751	0.00787	0.00709
36	0.02724	0.03328	0.02410	0.02152	0.02454	0.48335	0.01668	0.02929	0.02035	0.02023	0.01227	0.01592	0.01076	0.01032	0.01332	0.00258	0.21475	0.00592	0.00409	0.00947
37	0.02663	0.03312	0.02040	0.01871	0.02268	0.53606	0.01403	0.02876	0.02259	0.02077	0.02765	0.02847	0.14404	0.01115	0.00797	0.00228	0.01274	0.00788	0.00499	0.00909
38	0.01047	0.00748	0.01004	0.01197	0.01261	0.00705	0.00832	0.01218	0.01625	0.02160	0.04559	0.63701	0.05418	0.02569	0.01070	0.00342	0.00512	0.08576	0.00770	0.00684
39	0.01192	0.00868	0.01223	0.01223	0.01333	0.00978	0.00899	0.01412	0.01302	0.01846	0.02328	0.03831	0.02323	0.23092	0.50987	0.01197	0.01854	0.00973	0.00460	0.00679
40	0.01574	0.01147	0.01333	0.01179	0.01444	0.01152	0.00881	0.14188	0.02415	0.03297	0.34744	0.05365	0.11293	0.14513	0.01556	0.00362	0.00581	0.01316	0.00806	0.00854
41	0.01714	0.07293	0.59082	0.02406	0.03581	0.02006	0.07342	0.02626	0.01766	0.02601	0.01489	0.01770	0.01068	0.00779	0.00791	0.00260	0.01224	0.00633	0.00356	0.01212
