[name]
unknown

[dist]
# distance from previous block
# <min> <max>
0	27

[block]
# block no. 0 follows, 22 sequences, length 40
# corresponding to MSA columns:
# 27-66
name=unknown_A
#
# <colnr> <probs for GDERKNQSTAVLIFYWHMCP>
#	G	D	E	R	K	N	Q	S	T	A	V	L	I	F	Y	W	H	M	C	P
0	0.08184	0.04820	0.07509	0.01563	0.02000	0.12721	0.01372	0.05031	0.02075	0.08456	0.08498	0.07934	0.08471	0.01494	0.00893	0.00285	0.00854	0.16221	0.00672	0.00944
1	0.02082	0.19919	0.03463	0.12434	0.38409	0.05294	0.02183	0.02512	0.01830	0.02408	0.01433	0.01865	0.01213	0.00750	0.00745	0.00231	0.01001	0.00654	0.00392	0.01183
2	0.02626	0.02756	0.02651	0.06151	0.21866	0.27209	0.01895	0.13439	0.08070	0.02931	0.01692	0.01934	0.01339	0.00869	0.00798	0.00239	0.01146	0.00681	0.00528	0.01178
3	0.02337	0.02173	0.03136	0.04290	0.49326	0.06417	0.02300	0.14202	0.02310	0.03154	0.01627	0.02007	0.01318	0.00797	0.00819	0.00245	0.01007	0.00728	0.00493	0.01311
4	0.02003	0.44940	0.28805	0.01794	0.02708	0.02753	0.02070	0.02544	0.01714	0.02221	0.01287	0.01498	0.01061	0.00742	0.00634	0.00211	0.01022	0.00511	0.00354	0.01130
5	0.01717	0.10425	0.60816	0.02281	0.03462	0.02053	0.02919	0.02618	0.01748	0.02569	0.01460	0.01715	0.01054	0.00782	0.00766	0.00255	0.01197	0.00598	0.00351	0.01213
6	0.01666	0.04297	0.66500	0.02368	0.03596	0.01929	0.03069	0.02631	0.01754	0.02631	0.01491	0.01754	0.01052	0.00789	0.00789	0.00263	0.01228	0.00614	0.00351	0.01228
7	0.00982	0.00842	0.00842	0.00842	0.01122	0.00701	0.00631	0.01192	0.01894	0.02244	0.08416	0.07995	0.65285	0.02104	0.00982	0.00281	0.00421	0.01753	0.00771	0.00701
8	0.01107	0.00763	0.00936	0.01036	0.01061	0.00738	0.00642	0.01182	0.01406	0.01875	0.03632	0.38972	0.04300	0.35522	0.02589	0.00563	0.00638	0.01805	0.00642	0.00592
9	0.02016	0.01933	0.03299	0.10374	0.60663	0.01963	0.02529	0.02514	0.01873	0.02665	0.01556	0.02069	0.01299	0.00748	0.00823	0.00249	0.00997	0.00740	0.00408	0.01283
10	0.01012	0.00723	0.00964	0.01157	0.01205	0.00675	0.00771	0.01157	0.01591	0.02121	0.04579	0.70262	0.05495	0.02603	0.01060	0.00337	0.00482	0.02362	0.00771	0.00675
11	0.01695	0.01605	0.02719	0.52341	0.21204	0.01879	0.02370	0.02233	0.01721	0.02275	0.01499	0.02174	0.01161	0.00807	0.00828	0.00269	0.01076	0.00739	0.00380	0.01024
12	0.02056	0.01974	0.03372	0.05099	0.65622	0.01974	0.02550	0.02550	0.01892	0.02714	0.01563	0.02056	0.01316	0.00740	0.00822	0.00247	0.00987	0.00740	0.00411	0.01316
13	0.01004	0.00754	0.00932	0.01075	0.01184	0.00682	0.00735	0.01166	0.01669	0.02153	0.05570	0.54168	0.20948	0.02474	0.01040	0.00323	0.00466	0.02204	0.00771	0.00682
14	0.03173	0.01291	0.01750	0.01384	0.01930	0.01126	0.01126	0.03510	0.02372	0.52553	0.16714	0.03561	0.03311	0.01174	0.00867	0.00258	0.00639	0.00980	0.01004	0.01277
15	0.02965	0.01740	0.02025	0.01637	0.02214	0.01812	0.01324	0.19341	0.21558	0.28583	0.05618	0.02838	0.02282	0.01079	0.00843	0.00263	0.00732	0.00873	0.00916	0.01357
16	0.00991	0.00806	0.00878	0.00936	0.01147	0.00693	0.00673	0.01182	0.01803	0.02207	0.07265	0.26673	0.47350	0.02254	0.01005	0.00298	0.00439	0.01936	0.00771	0.00693
17	0.01157	0.00784	0.00921	0.00971	0.00983	0.00772	0.00573	0.01195	0.01307	0.01743	0.03124	0.22192	0.03660	0.53176	0.03410	0.00684	0.00722	0.01506	0.00573	0.00548
18	0.02056	0.01974	0.03372	0.05099	0.65622	0.01974	0.02550	0.02550	0.01892	0.02714	0.01563	0.02056	0.01316	0.00740	0.00822	0.00247	0.00987	0.00740	0.00411	0.01316
19	0.02850	0.02934	0.02661	0.02833	0.18868	0.30196	0.01841	0.21784	0.02721	0.03213	0.01579	0.01798	0.01241	0.00870	0.00794	0.00234	0.01183	0.00655	0.00550	0.01195
20	0.01666	0.04297	0.66500	0.02368	0.03596	0.01929	0.03069	0.02631	0.01754	0.02631	0.01491	0.01754	0.01052	0.00789	0.00789	0.00263	0.01228	0.00614	0.00351	0.01228
21	0.01455	0.00804	0.00919	0.00919	0.01101	0.00843	0.00699	0.01819	0.01637	0.02795	0.02585	0.03140	0.02116	0.02328	0.17880	0.00489	0.00862	0.00804	0.56039	0.00766
22	0.02327	0.02487	0.03109	0.04334	0.49325	0.18902	0.02305	0.02748	0.02011	0.02538	0.01491	0.01912	0.01252	0.00770	0.00803	0.00238	0.01119	0.00687	0.00416	0.01225
23	0.02056	0.01974	0.03372	0.05099	0.65622	0.01974	0.02550	0.02550	0.01892	0.02714	0.01563	0.02056	0.01316	0.00740	0.00822	0.00247	0.00987	0.00740	0.00411	0.01316
24	0.01010	0.00731	0.00956	0.01136	0.01199	0.00677	0.00762	0.01159	0.01611	0.02129	0.04832	0.66148	0.09445	0.02570	0.01055	0.00334	0.00478	0.02321	0.00771	0.00677
25	0.02056	0.01974	0.03372	0.05099	0.65622	0.01974	0.02550	0.02550	0.01892	0.02714	0.01563	0.02056	0.01316	0.00740	0.00822	0.00247	0.00987	0.00740	0.00411	0.01316
26	0.01666	0.04297	0.66500	0.02368	0.03596	0.01929	0.03069	0.02631	0.01754	0.02631	0.01491	0.01754	0.01052	0.00789	0.00789	0.00263	0.01228	0.00614	0.00351	0.01228
27	0.01666	0.04297	0.66500	0.02368	0.03596	0.01929	0.03069	0.02631	0.01754	0.02631	0.01491	0.01754	0.01052	0.00789	0.00789	0.00263	0.01228	0.00614	0.00351	0.01228
28	0.03103	0.03959	0.02354	0.02140	0.02568	0.67469	0.01605	0.03317	0.02354	0.02033	0.01284	0.01498	0.01070	0.00856	0.00749	0.00214	0.01498	0.00535	0.00428	0.00963
29	0.02004	0.45110	0.28647	0.01791	0.02704	0.02756	0.02066	0.02544	0.01714	0.02219	0.01286	0.01497	0.01061	0.00741	0.00633	0.00211	0.01021	0.00511	0.00354	0.01129
30	0.02295	0.01669	0.01721	0.01678	0.04838	0.12470	0.01210	0.02811	0.09962	0.19447	0.03170	0.22866	0.02949	0.01921	0.06669	0.00370	0.00913	0.01256	0.00746	0.01040
31	0.01012	0.00723	0.00964	0.01157	0.01205	0.00675	0.00771	0.01157	0.01591	0.02121	0.04579	0.70262	0.05495	0.02603	0.01060	0.00337	0.00482	0.02362	0.00771	0.00675
32	0.02056	0.01974	0.03372	0.05099	0.65622	0.01974	0.02550	0.02550	0.01892	0.02714	0.01563	0.02056	0.01316	0.00740	0.00822	0.00247	0.00987	0.00740	0.00411	0.01316
33	0.01926	0.01841	0.03137	0.22081	0.49655	0.01940	0.02485	0.02436	0.01830	0.02556	0.01540	0.02098	0.01260	0.00764	0.00825	0.00255	0.01019	0.00740	0.00400	0.01211
34	0.25041	0.08652	0.02375	0.02280	0.13526	0.27220	0.01544	0.05749	0.02006	0.02816	0.01319	0.01563	0.01079	0.00804	0.00677	0.00231	0.01067	0.00549	0.00464	0.01038
35	0.09551	0.02818	0.16008	0.01993	0.05269	0.18782	0.01763	0.10494	0.07386	0.05725	0.05035	0.02646	0.04405	0.01029	0.00798	0.00255	0.01029	0.03324	0.00582	0.01108
36	0.05261	0.11498	0.02131	0.04185	0.04765	0.04750	0.03707	0.04976	0.04368	0.02465	0.07885	0.06215	0.07704	0.05386	0.17453	0.00545	0.04286	0.00970	0.00545	0.00905
37	0.01806	0.01518	0.02432	0.02026	0.05339	0.01449	0.16981	0.09905	0.02196	0.06017	0.13500	0.12205	0.09059	0.01519	0.03623	0.00307	0.00871	0.01226	0.00671	0.07351
38	0.02501	0.03343	0.16261	0.07675	0.02962	0.32808	0.01904	0.10679	0.02315	0.02632	0.01783	0.01995	0.04140	0.00905	0.00780	0.00233	0.01236	0.00652	0.00478	0.04719
39	0.15252	0.02041	0.05645	0.06242	0.32650	0.02057	0.02003	0.12932	0.07528	0.03356	0.01716	0.02005	0.01344	0.00829	0.00771	0.00254	0.00902	0.00702	0.00534	0.01238

[dist]
# distance from previous block
# <min> <max>
3	46

[block]
# block no. 1 follows, 22 sequences, length 108
# corresponding to MSA columns:
# 113-220
name=unknown_B
#
# <colnr> <probs for GDERKNQSTAVLIFYWHMCP>
#	G	D	E	R	K	N	Q	S	T	A	V	L	I	F	Y	W	H	M	C	P
0	0.06061	0.06763	0.08961	0.01634	0.02153	0.18091	0.01411	0.08950	0.11469	0.02786	0.03453	0.06227	0.16198	0.01251	0.00817	0.00254	0.00908	0.00973	0.00617	0.01023
1	0.13568	0.01799	0.01976	0.02126	0.13295	0.05923	0.01405	0.12176	0.16526	0.03374	0.07805	0.07940	0.06289	0.01182	0.00817	0.00265	0.00758	0.00975	0.00684	0.01116
2	0.07356	0.10530	0.09176	0.04492	0.02656	0.22098	0.01687	0.20802	0.07832	0.03269	0.01679	0.01808	0.01284	0.00892	0.00750	0.00236	0.01089	0.00633	0.00570	0.01160
3	0.06561	0.09238	0.23514	0.02118	0.07432	0.08727	0.01973	0.03024	0.16860	0.02758	0.01911	0.02075	0.01478	0.01089	0.03605	0.00291	0.01042	0.00674	0.00505	0.05125
4	0.04924	0.02708	0.30408	0.01808	0.02645	0.01627	0.01965	0.06176	0.04505	0.02788	0.01701	0.02038	0.01338	0.01623	0.11167	0.00395	0.01160	0.00642	0.00460	0.19921
5	0.18661	0.20021	0.02433	0.01453	0.02000	0.04933	0.04993	0.02665	0.04489	0.14421	0.02714	0.07279	0.08601	0.01090	0.00722	0.00245	0.00772	0.00853	0.00618	0.01036
6	0.01547	0.01072	0.01285	0.01230	0.01510	0.01058	0.00936	0.02248	0.14414	0.08971	0.23378	0.17180	0.14975	0.01782	0.00963	0.00289	0.00517	0.04873	0.00854	0.00916
7	0.12536	0.12315	0.01921	0.01361	0.01774	0.04463	0.01145	0.09666	0.02209	0.05876	0.19185	0.04533	0.06672	0.01386	0.00839	0.00267	0.00699	0.11493	0.00710	0.00950
8	0.01811	0.02395	0.24811	0.05825	0.02619	0.01573	0.01834	0.12944	0.02189	0.06348	0.05945	0.13331	0.12170	0.01358	0.00881	0.00275	0.00863	0.01136	0.00627	0.01068
9	0.01916	0.02034	0.04067	0.15593	0.20801	0.02022	0.35942	0.02535	0.01889	0.02579	0.01613	0.02187	0.01248	0.00734	0.00912	0.00271	0.01239	0.00874	0.00409	0.01137
10	0.01242	0.01530	0.14124	0.01449	0.01731	0.01079	0.01291	0.01547	0.01568	0.02163	0.03446	0.38977	0.03926	0.12117	0.01580	0.00395	0.05027	0.05403	0.00622	0.00780
11	0.02157	0.02184	0.03207	0.04588	0.54655	0.09254	0.02399	0.02600	0.01904	0.02594	0.01502	0.01979	0.01275	0.00798	0.00934	0.00250	0.05343	0.00717	0.00410	0.01251
12	0.03033	0.03854	0.02510	0.02223	0.02677	0.63472	0.05335	0.03277	0.02330	0.02072	0.01308	0.01544	0.01082	0.00847	0.00763	0.00218	0.01492	0.00562	0.00428	0.00973
13	0.01666	0.04297	0.66500	0.02368	0.03596	0.01929	0.03069	0.02631	0.01754	0.02631	0.01491	0.01754	0.01052	0.00789	0.00789	0.00263	0.01228	0.00614	0.00351	0.01228
14	0.01281	0.00939	0.01180	0.01200	0.01360	0.00991	0.00903	0.01671	0.06457	0.02158	0.03574	0.05477	0.10431	0.21472	0.22598	0.00763	0.01164	0.11644	0.04015	0.00725
15	0.07351	0.01932	0.01910	0.01717	0.05674	0.13235	0.01281	0.11759	0.02414	0.25637	0.03529	0.03362	0.14259	0.01175	0.00828	0.00252	0.00834	0.00923	0.00774	0.01154
16	0.01943	0.01858	0.03168	0.19880	0.51725	0.01944	0.02493	0.02450	0.01838	0.02577	0.01543	0.02093	0.01268	0.00761	0.00824	0.00254	0.01015	0.00740	0.00401	0.01225
17	0.01569	0.01477	0.02492	0.68808	0.05722	0.01846	0.02307	0.02123	0.01661	0.02123	0.01477	0.02215	0.01107	0.00831	0.00831	0.00277	0.01107	0.00738	0.00369	0.00923
18	0.01487	0.01278	0.01295	0.01277	0.01548	0.06011	0.00971	0.06787	0.08618	0.02646	0.07977	0.22077	0.24722	0.01944	0.00975	0.00297	0.00617	0.07862	0.00764	0.00848
19	0.01738	0.01042	0.01231	0.01117	0.01475	0.00937	0.00879	0.02148	0.06027	0.17295	0.15395	0.06300	0.34026	0.01743	0.00949	0.00279	0.00519	0.05119	0.00857	0.00922
20	0.01044	0.00823	0.00943	0.00958	0.01172	0.00721	0.00701	0.01297	0.01974	0.02543	0.24462	0.18594	0.37670	0.02074	0.00995	0.00285	0.00423	0.01788	0.00814	0.00721
21	0.01666	0.04297	0.66500	0.02368	0.03596	0.01929	0.03069	0.02631	0.01754	0.02631	0.01491	0.01754	0.01052	0.00789	0.00789	0.00263	0.01228	0.00614	0.00351	0.01228
22	0.02097	0.02073	0.03260	0.08309	0.58425	0.06125	0.02477	0.02576	0.01909	0.02639	0.01540	0.02029	0.01289	0.00752	0.00818	0.00246	0.01026	0.00727	0.00410	0.01273
23	0.03141	0.02821	0.02451	0.01981	0.02574	0.22225	0.01587	0.44826	0.03436	0.04266	0.01779	0.01844	0.01309	0.00955	0.00806	0.00239	0.01091	0.00683	0.00709	0.01277
24	0.01187	0.00890	0.01335	0.01335	0.01483	0.01038	0.01038	0.01483	0.01335	0.01928	0.02225	0.03264	0.02077	0.06231	0.67512	0.01335	0.02225	0.00890	0.00445	0.00742
25	0.02002	0.01919	0.03275	0.12145	0.58997	0.01960	0.02523	0.02502	0.01866	0.02649	0.01553	0.02074	0.01293	0.00750	0.00823	0.00250	0.01000	0.00740	0.00407	0.01272
26	0.02025	0.01943	0.03317	0.09109	0.61852	0.01966	0.02534	0.02523	0.01877	0.02677	0.01557	0.02066	0.01303	0.00746	0.00823	0.00249	0.00995	0.00740	0.00409	0.01291
27	0.01012	0.00723	0.00964	0.01157	0.01205	0.00675	0.00771	0.01157	0.01591	0.02121	0.04579	0.70262	0.05495	0.02603	0.01060	0.00337	0.00482	0.02362	0.00771	0.00675
28	0.02056	0.01974	0.03372	0.05099	0.65622	0.01974	0.02550	0.02550	0.01892	0.02714	0.01563	0.02056	0.01316	0.00740	0.00822	0.00247	0.00987	0.00740	0.00411	0.01316
29	0.02357	0.24787	0.24323	0.01974	0.02776	0.20288	0.02033	0.07882	0.02080	0.02479	0.01373	0.01574	0.01092	0.00801	0.00703	0.00222	0.01170	0.00551	0.00414	0.01121
30	0.01208	0.00805	0.00906	0.00906	0.00906	0.00805	0.00503	0.01208	0.01208	0.01611	0.02618	0.05436	0.03020	0.70804	0.04228	0.00805	0.00805	0.01208	0.00503	0.00503
31	0.02066	0.01785	0.01878	0.01691	0.02160	0.02066	0.01315	0.04414	0.64121	0.03475	0.03381	0.03099	0.02536	0.01127	0.00845	0.00282	0.00657	0.00939	0.00845	0.01315
32	0.01028	0.00778	0.00936	0.01052	0.01181	0.00704	0.00732	0.01196	0.01682	0.02147	0.05736	0.42836	0.25329	0.06593	0.01232	0.00349	0.00493	0.04565	0.00755	0.00677
33	0.01134	0.00835	0.01085	0.01227	0.01377	0.00787	0.00950	0.01390	0.01806	0.02348	0.08906	0.33439	0.16066	0.02348	0.01073	0.00339	0.00567	0.22828	0.00778	0.00718
34	0.01012	0.00723	0.00964	0.01157	0.01205	0.00675	0.00771	0.01157	0.01591	0.02121	0.04579	0.70262	0.05495	0.02603	0.01060	0.00337	0.00482	0.02362	0.00771	0.00675
35	0.01666	0.04297	0.66500	0.02368	0.03596	0.01929	0.03069	0.02631	0.01754	0.02631	0.01491	0.01754	0.01052	0.00789	0.00789	0.00263	0.01228	0.00614	0.00351	0.01228
36	0.01813	0.17420	0.48270	0.02433	0.09061	0.02204	0.02693	0.02595	0.01754	0.02504	0.01431	0.01698	0.01080	0.00769	0.00741	0.00245	0.01138	0.00592	0.00357	0.01204
37	0.01966	0.01882	0.03210	0.16845	0.54579	0.01950	0.02505	0.02471	0.01849	0.02605	0.01547	0.02085	0.01277	0.00757	0.00824	0.00252	0.01009	0.00740	0.00403	0.01243
38	0.01224	0.00961	0.01296	0.01363	0.01502	0.01034	0.01080	0.01480	0.01652	0.02200	0.04317	0.23074	0.13500	0.02955	0.13132	0.00523	0.08477	0.18821	0.00666	0.00743
39	0.01948	0.01668	0.02504	0.24221	0.16016	0.01846	0.05355	0.03001	0.20189	0.06810	0.06076	0.02728	0.02050	0.00958	0.00851	0.00270	0.00899	0.00865	0.00596	0.01150
40	0.02771	0.03320	0.03116	0.02523	0.03092	0.42924	0.19582	0.07966	0.02364	0.02479	0.01459	0.01757	0.01154	0.00822	0.00824	0.00236	0.01422	0.00684	0.00458	0.01046
41	0.01327	0.01595	0.13147	0.01614	0.02035	0.01122	0.07033	0.01790	0.01947	0.02667	0.19948	0.16862	0.09703	0.01758	0.00995	0.00304	0.00732	0.13857	0.00700	0.00865
42	0.02056	0.01974	0.03372	0.05099	0.65622	0.01974	0.02550	0.02550	0.01892	0.02714	0.01563	0.02056	0.01316	0.00740	0.00822	0.00247	0.00987	0.00740	0.00411	0.01316
43	0.02517	0.02589	0.02272	0.02360	0.13119	0.27055	0.01578	0.17321	0.02538	0.02965	0.02612	0.08089	0.09101	0.01160	0.00834	0.00246	0.01058	0.00914	0.00592	0.01079
44	0.01743	0.11321	0.47793	0.02059	0.03060	0.01902	0.02512	0.02523	0.01837	0.05001	0.08164	0.02497	0.01932	0.00941	0.00795	0.00258	0.01066	0.02993	0.00451	0.01153
45	0.03140	0.02862	0.02448	0.01986	0.02574	0.23830	0.01588	0.43354	0.03398	0.04187	0.01762	0.01832	0.01301	0.00951	0.00804	0.00238	0.01105	0.00678	0.00699	0.01265
46	0.02037	0.02636	0.15563	0.10791	0.33892	0.12059	0.02388	0.02573	0.01911	0.02505	0.01826	0.02212	0.04283	0.00843	0.00813	0.00250	0.01100	0.00732	0.00415	0.01171
47	0.01917	0.07101	0.27553	0.03831	0.38040	0.02037	0.02679	0.02577	0.01827	0.02636	0.01510	0.01896	0.01200	0.00757	0.00792	0.00249	0.01073	0.00674	0.00385	0.01267
48	0.01913	0.01828	0.03113	0.23843	0.47999	0.01936	0.02478	0.02424	0.01824	0.02540	0.01537	0.02103	0.01255	0.00767	0.00825	0.00256	0.01022	0.00740	0.00399	0.01200
49	0.01423	0.00874	0.01085	0.01066	0.01232	0.00970	0.00824	0.01764	0.01560	0.02586	0.02436	0.03094	0.02054	0.03033	0.26634	0.00645	0.04747	0.00817	0.42388	0.00769
50	0.01935	0.04790	0.05899	0.03170	0.30276	0.01714	0.05680	0.02603	0.08159	0.06926	0.16990	0.03161	0.03009	0.01024	0.00859	0.00254	0.00829	0.00943	0.00608	0.01168
51	0.01888	0.19944	0.34317	0.01908	0.02770	0.09847	0.02156	0.02502	0.01872	0.02441	0.07666	0.02368	0.05113	0.00933	0.00751	0.00237	0.01057	0.00707	0.00436	0.01088
52	0.01120	0.00816	0.01077	0.01235	0.01361	0.00772	0.00936	0.01360	0.01763	0.02310	0.07972	0.41129	0.11788	0.02407	0.01075	0.00342	0.00560	0.20489	0.00776	0.00712
53	0.01666	0.04297	0.66500	0.02368	0.03596	0.01929	0.03069	0.02631	0.01754	0.02631	0.01491	0.01754	0.01052	0.00789	0.00789	0.00263	0.01228	0.00614	0.00351	0.01228
54	0.02146	0.27626	0.32032	0.01992	0.02880	0.15450	0.02203	0.02717	0.01850	0.02276	0.01332	0.01556	0.01061	0.00775	0.00692	0.00224	0.01163	0.00539	0.00368	0.01119
55	0.02025	0.01942	0.03316	0.09143	0.61820	0.01966	0.02534	0.02522	0.01877	0.02676	0.01557	0.02066	0.01303	0.00746	0.00823	0.00249	0.00995	0.00740	0.00409	0.01291
56	0.01042	0.00773	0.00976	0.01104	0.01222	0.00707	0.00777	0.01238	0.01747	0.02290	0.11518	0.47842	0.17595	0.02393	0.01041	0.00321	0.00477	0.05456	0.00785	0.00696
57	0.02186	0.03377	0.26949	0.03285	0.25510	0.19285	0.02496	0.02783	0.01962	0.02502	0.01462	0.01794	0.01151	0.00789	0.00790	0.00244	0.01213	0.00638	0.00393	0.01189
58	0.17596	0.10930	0.38969	0.01946	0.02906	0.02136	0.02270	0.09151	0.01910	0.03070	0.01439	0.01649	0.01061	0.00799	0.00708	0.00251	0.01033	0.00575	0.00438	0.01161
59	0.01505	0.00788	0.00842	0.00842	0.01030	0.00806	0.00636	0.01881	0.01693	0.02956	0.02651	0.03117	0.02123	0.01603	0.08663	0.00331	0.00609	0.00788	0.66363	0.00770
60	0.02324	0.02942	0.06913	0.02363	0.02929	0.32630	0.19534	0.02733	0.02087	0.02273	0.02260	0.02560	0.08289	0.01273	0.04928	0.00312	0.01378	0.00828	0.00460	0.00984
61	0.02474	0.02552	0.02976	0.03982	0.42594	0.22073	0.02183	0.02872	0.02062	0.06141	0.01575	0.01929	0.01283	0.00792	0.00801	0.00237	0.01128	0.00683	0.00452	0.01213
62	0.02635	0.28887	0.09421	0.01897	0.02508	0.37279	0.01682	0.02943	0.02049	0.02063	0.01257	0.01462	0.01067	0.00796	0.00673	0.00205	0.01246	0.00509	0.00394	0.01027
63	0.01220	0.00972	0.01443	0.01942	0.14028	0.00933	0.01125	0.01434	0.01650	0.02239	0.03978	0.56685	0.04663	0.02232	0.01013	0.00319	0.00582	0.02039	0.00700	0.00802
64	0.02814	0.03002	0.05342	0.02474	0.12397	0.30997	0.01759	0.21406	0.02702	0.03205	0.01627	0.01830	0.01266	0.00884	0.00779	0.00231	0.01171	0.00648	0.04307	0.01159
65	0.01507	0.01094	0.01508	0.01822	0.12843	0.01015	0.01157	0.01809	0.01941	0.08585	0.11637	0.16601	0.24371	0.01819	0.00972	0.00292	0.00599	0.08789	0.00746	0.00892
66	0.02213	0.01567	0.01778	0.01493	0.01893	0.01730	0.01190	0.31532	0.02653	0.03725	0.02220	0.02752	0.01821	0.06834	0.19449	0.00575	0.01179	0.00821	0.13514	0.01060
67	0.01792	0.01924	0.07011	0.03703	0.36989	0.01766	0.10522	0.02271	0.01860	0.02570	0.02914	0.03232	0.14013	0.01047	0.00975	0.00265	0.04562	0.00967	0.00478	0.01139
68	0.10692	0.05086	0.02076	0.01730	0.02200	0.23995	0.01359	0.14795	0.14723	0.03186	0.01968	0.02100	0.01538	0.01258	0.04822	0.00305	0.01075	0.00681	0.05318	0.01092
69	0.01666	0.04297	0.66500	0.02368	0.03596	0.01929	0.03069	0.02631	0.01754	0.02631	0.01491	0.01754	0.01052	0.00789	0.00789	0.00263	0.01228	0.00614	0.00351	0.01228
70	0.02613	0.02804	0.02095	0.05354	0.02449	0.34654	0.01442	0.17557	0.02610	0.02872	0.02890	0.02952	0.13939	0.01138	0.00820	0.00239	0.01119	0.00841	0.00593	0.01020
71	0.13396	0.03472	0.46519	0.02414	0.10044	0.01875	0.02575	0.02547	0.01742	0.02841	0.04184	0.01916	0.01349	0.00820	0.00758	0.00260	0.01074	0.00640	0.00407	0.01167
72	0.02176	0.02410	0.02871	0.03211	0.24730	0.21960	0.11671	0.02557	0.02003	0.02394	0.02183	0.11692	0.04291	0.01083	0.00865	0.00256	0.01119	0.00982	0.00482	0.01062
73	0.01012	0.00723	0.00964	0.01157	0.01205	0.00675	0.00771	0.01157	0.01591	0.02121	0.04579	0.70262	0.05495	0.02603	0.01060	0.00337	0.00482	0.02362	0.00771	0.00675
74	0.01721	0.01926	0.09721	0.17126	0.34929	0.01715	0.02214	0.02228	0.01829	0.02499	0.02762	0.03116	0.12674	0.01008	0.00849	0.00261	0.00937	0.00907	0.00460	0.01116
75	0.10043	0.07947	0.29929	0.05918	0.20219	0.04616	0.02427	0.04837	0.01850	0.02775	0.01460	0.01783	0.01125	0.00781	0.00752	0.00250	0.01068	0.00626	0.00407	0.01187
76	0.01986	0.01951	0.05608	0.03717	0.40094	0.01924	0.02097	0.03040	0.20223	0.02973	0.06133	0.02613	0.02077	0.00917	0.00838	0.00259	0.00863	0.00841	0.00568	0.01278
77	0.01023	0.00826	0.00914	0.00961	0.01184	0.00717	0.00714	0.01242	0.01863	0.02303	0.10970	0.20365	0.45926	0.02190	0.01008	0.00297	0.00453	0.05558	0.00780	0.00705
78	0.01912	0.02084	0.07558	0.17238	0.35589	0.01975	0.16423	0.02496	0.01853	0.02579	0.01568	0.02111	0.01245	0.00752	0.00858	0.00261	0.01122	0.00787	0.00401	0.01187
79	0.01666	0.04297	0.66500	0.02368	0.03596	0.01929	0.03069	0.02631	0.01754	0.02631	0.01491	0.01754	0.01052	0.00789	0.00789	0.00263	0.01228	0.00614	0.00351	0.01228
80	0.02037	0.02027	0.03677	0.04781	0.53424	0.01999	0.14504	0.02572	0.01905	0.02703	0.01586	0.02093	0.01305	0.00732	0.00854	0.00253	0.01069	0.00788	0.00413	0.01277
81	0.02273	0.35177	0.22150	0.01875	0.02669	0.18530	0.01951	0.02732	0.01870	0.02173	0.01285	0.01497	0.01063	0.00769	0.00661	0.00212	0.01137	0.00516	0.00372	0.01089
82	0.01618	0.01742	0.12636	0.01420	0.01924	0.01327	0.01318	0.07176	0.12014	0.06031	0.08735	0.08332	0.26636	0.01583	0.00918	0.00280	0.00670	0.03914	0.00736	0.00991
83	0.01690	0.09183	0.01828	0.05626	0.02012	0.04234	0.01149	0.02810	0.27346	0.02742	0.07026	0.04565	0.23710	0.01405	0.00858	0.00266	0.00654	0.01154	0.00722	0.01020
84	0.01080	0.00863	0.00978	0.01000	0.01250	0.00761	0.00784	0.01353	0.01978	0.02480	0.17749	0.07924	0.44325	0.02066	0.01011	0.00295	0.00477	0.12101	0.00796	0.00727
85	0.01807	0.32482	0.21909	0.01718	0.02421	0.02349	0.01841	0.02282	0.01609	0.02150	0.01490	0.01911	0.01289	0.02002	0.15673	0.00470	0.04581	0.00607	0.00374	0.01034
86	0.13639	0.01842	0.02892	0.07672	0.49693	0.01899	0.02203	0.02468	0.01825	0.02867	0.04229	0.02133	0.01520	0.00791	0.00782	0.00251	0.00914	0.00728	0.00447	0.01207
87	0.01011	0.00729	0.00958	0.01141	0.01201	0.00676	0.00764	0.01159	0.01606	0.02127	0.04771	0.67139	0.08493	0.02578	0.01056	0.00335	0.00479	0.02331	0.00771	0.00676
88	0.02457	0.02896	0.02279	0.11327	0.10109	0.40338	0.01671	0.02769	0.02183	0.02277	0.08677	0.02500	0.05064	0.00994	0.00806	0.00235	0.01211	0.00753	0.00488	0.00966
89	0.02462	0.09104	0.02914	0.03283	0.29885	0.26237	0.01949	0.05951	0.02150	0.02502	0.01789	0.02078	0.04416	0.00862	0.00777	0.00230	0.01134	0.00688	0.00453	0.01137
90	0.02056	0.01974	0.03372	0.05099	0.65622	0.01974	0.02550	0.02550	0.01892	0.02714	0.01563	0.02056	0.01316	0.00740	0.00822	0.00247	0.00987	0.00740	0.00411	0.01316
91	0.01096	0.00878	0.01000	0.01061	0.01313	0.00783	0.00857	0.01361	0.01900	0.02321	0.07136	0.08433	0.46010	0.02165	0.01035	0.00313	0.00530	0.20319	0.00769	0.00722
92	0.01849	0.26324	0.46070	0.02057	0.03114	0.02376	0.02528	0.02584	0.01732	0.02409	0.01380	0.01615	0.01057	0.00763	0.00705	0.00235	0.01116	0.00558	0.00352	0.01175
93	0.01753	0.03691	0.48344	0.02702	0.03815	0.01980	0.20617	0.02640	0.01815	0.02640	0.01547	0.01897	0.01114	0.00763	0.00846	0.00268	0.01279	0.00722	0.00371	0.01196
94	0.01160	0.00841	0.01044	0.01044	0.01146	0.00868	0.00713	0.01301	0.01375	0.01835	0.03517	0.05136	0.13817	0.36007	0.25720	0.00896	0.01232	0.01195	0.00531	0.00622
95	0.01817	0.01717	0.02823	0.27006	0.37147	0.01853	0.02277	0.02412	0.05105	0.02517	0.02064	0.02544	0.05368	0.00879	0.00837	0.00261	0.00976	0.00814	0.00442	0.01139
96	0.01706	0.01313	0.01464	0.01329	0.01679	0.01349	0.01045	0.16998	0.09191	0.03290	0.13746	0.12722	0.21959	0.01736	0.00953	0.00286	0.00604	0.06854	0.00815	0.00960
97	0.01187	0.00890	0.01335	0.01335	0.01483	0.01038	0.01038	0.01483	0.01335	0.01928	0.02225	0.03264	0.02077	0.06231	0.67512	0.01335	0.02225	0.00890	0.00445	0.00742
98	0.01056	0.00752	0.00968	0.01123	0.01181	0.00709	0.00752	0.01193	0.01562	0.02068	0.04449	0.54871	0.07761	0.12747	0.01534	0.00407	0.00541	0.04939	0.00731	0.00655
99	0.02078	0.02001	0.03092	0.17441	0.46725	0.05476	0.02395	0.05959	0.01986	0.02704	0.01555	0.02054	0.01267	0.00779	0.00821	0.00251	0.01034	0.00729	0.00428	0.01224
100	0.27079	0.02792	0.24965	0.01802	0.02618	0.02108	0.01886	0.21216	0.02307	0.03802	0.01536	0.01694	0.01113	0.00848	0.00711	0.00257	0.00936	0.00601	0.00554	0.01176
101	0.01989	0.15704	0.32982	0.02398	0.03314	0.09390	0.14775	0.02659	0.01829	0.02424	0.01430	0.01753	0.01101	0.00793	0.00862	0.00250	0.04182	0.00655	0.00375	0.01134
102	0.02056	0.01974	0.03372	0.05099	0.65622	0.01974	0.02550	0.02550	0.01892	0.02714	0.01563	0.02056	0.01316	0.00740	0.00822	0.00247	0.00987	0.00740	0.00411	0.01316
103	0.29379	0.06261	0.02054	0.01717	0.02204	0.36944	0.01342	0.06605	0.02081	0.02831	0.01276	0.01467	0.01030	0.00827	0.00660	0.00230	0.01127	0.00513	0.00480	0.00973
104	0.01179	0.00884	0.01120	0.01189	0.01399	0.00825	0.00964	0.01505	0.02011	0.02630	0.22004	0.11062	0.22489	0.02095	0.01052	0.00319	0.00554	0.25163	0.00808	0.00748
105	0.02041	0.02085	0.02507	0.02108	0.02551	0.12592	0.13578	0.03130	0.24175	0.02733	0.02873	0.03521	0.05972	0.01222	0.01102	0.00290	0.08372	0.07444	0.00627	0.01076
106	0.02584	0.22816	0.07991	0.01710	0.02324	0.13512	0.01528	0.16285	0.02378	0.10343	0.02017	0.09238	0.01743	0.01050	0.00751	0.00234	0.00961	0.00797	0.00599	0.01138
107	0.01551	0.01198	0.01261	0.01274	0.01534	0.05077	0.01021	0.06619	0.04430	0.02744	0.04546	0.12212	0.16936	0.01791	0.00933	0.00295	0.00644	0.20002	0.15102	0.00829

[dist]
# distance from previous block
# <min> <max>
0	4

[block]
# block no. 2 follows, 22 sequences, length 202
# corresponding to MSA columns:
# 225-426
name=unknown_C
#
# <colnr> <probs for GDERKNQSTAVLIFYWHMCP>
#	G	D	E	R	K	N	Q	S	T	A	V	L	I	F	Y	W	H	M	C	P
0	0.01764	0.04194	0.60167	0.02400	0.03564	0.05855	0.05396	0.02673	0.01798	0.02596	0.01486	0.01758	0.01062	0.00790	0.00795	0.00261	0.01251	0.00624	0.00358	0.01208
1	0.02988	0.03433	0.02293	0.02015	0.02483	0.49974	0.01541	0.15578	0.02650	0.02712	0.01858	0.01990	0.04981	0.00960	0.00780	0.00225	0.01312	0.00652	0.00532	0.01041
2	0.02653	0.02432	0.02905	0.02505	0.08571	0.12824	0.13219	0.29324	0.06589	0.03737	0.02000	0.02453	0.01579	0.00976	0.00864	0.00259	0.01084	0.04146	0.00647	0.01233
3	0.01058	0.05047	0.01060	0.00898	0.01188	0.00854	0.00688	0.01267	0.01860	0.02218	0.07717	0.11883	0.57329	0.02055	0.00960	0.00278	0.00453	0.01717	0.00747	0.00721
4	0.02489	0.50845	0.03746	0.01640	0.02265	0.22785	0.01477	0.02740	0.01890	0.01978	0.01194	0.01383	0.01067	0.00755	0.00599	0.00189	0.01074	0.00472	0.00377	0.01035
5	0.01829	0.03159	0.32407	0.02995	0.04009	0.02024	0.36021	0.02648	0.01868	0.02648	0.01596	0.02023	0.01168	0.00740	0.00895	0.00273	0.01323	0.00817	0.00389	0.01168
6	0.02362	0.01463	0.01745	0.01559	0.02010	0.01531	0.01260	0.03626	0.30541	0.21651	0.07239	0.04395	0.03138	0.01354	0.00908	0.00292	0.00676	0.12152	0.00888	0.01208
7	0.01061	0.00838	0.00956	0.00942	0.01175	0.00733	0.00700	0.01340	0.02058	0.02671	0.30836	0.11004	0.38790	0.01972	0.00986	0.00276	0.00413	0.01690	0.00829	0.00733
8	0.15950	0.03430	0.43808	0.02409	0.07006	0.01938	0.08942	0.02593	0.01720	0.02847	0.01452	0.01747	0.01061	0.00773	0.00759	0.00263	0.01121	0.00629	0.00393	0.01159
9	0.01187	0.00890	0.01335	0.01335	0.01483	0.01038	0.01038	0.01483	0.01335	0.01928	0.02225	0.03264	0.02077	0.06231	0.67512	0.01335	0.02225	0.00890	0.00445	0.00742
10	0.02056	0.01974	0.03372	0.05099	0.65622	0.01974	0.02550	0.02550	0.01892	0.02714	0.01563	0.02056	0.01316	0.00740	0.00822	0.00247	0.00987	0.00740	0.00411	0.01316
11	0.01054	0.00800	0.00983	0.01111	0.01260	0.00729	0.00815	0.01259	0.01744	0.02221	0.05838	0.39568	0.25452	0.02386	0.01048	0.00326	0.00507	0.11430	0.00770	0.00698
12	0.01753	0.03695	0.48457	0.02700	0.03814	0.01980	0.20508	0.02640	0.01815	0.02640	0.01546	0.01897	0.01113	0.00763	0.00845	0.00268	0.01278	0.00721	0.00371	0.01196
13	0.00982	0.00842	0.00842	0.00842	0.01122	0.00701	0.00631	0.01192	0.01894	0.02244	0.08416	0.07995	0.65285	0.02104	0.00982	0.00281	0.00421	0.01753	0.00771	0.00701
14	0.01936	0.01852	0.03156	0.20763	0.50894	0.01942	0.02490	0.02445	0.01835	0.02569	0.01541	0.02095	0.01265	0.00762	0.00824	0.00254	0.01017	0.00740	0.00401	0.01219
15	0.02056	0.01974	0.03372	0.05099	0.65622	0.01974	0.02550	0.02550	0.01892	0.02714	0.01563	0.02056	0.01316	0.00740	0.00822	0.00247	0.00987	0.00740	0.00411	0.01316
16	0.01012	0.00723	0.00964	0.01157	0.01205	0.00675	0.00771	0.01157	0.01591	0.02121	0.04579	0.70262	0.05495	0.02603	0.01060	0.00337	0.00482	0.02362	0.00771	0.00675
17	0.02028	0.01946	0.03322	0.08729	0.62210	0.01967	0.02536	0.02525	0.01878	0.02680	0.01558	0.02065	0.01304	0.00745	0.00823	0.00248	0.00994	0.00740	0.00409	0.01294
18	0.01795	0.19909	0.52020	0.02147	0.03255	0.02246	0.02685	0.02597	0.01739	0.02473	0.01413	0.01656	0.01056	0.00771	0.00730	0.00243	0.01149	0.00574	0.00352	0.01190
19	0.02659	0.03237	0.02279	0.02064	0.02376	0.48293	0.01582	0.02867	0.02055	0.02025	0.01443	0.04816	0.01327	0.01315	0.04378	0.00303	0.14946	0.00674	0.00432	0.00928
20	0.01008	0.00771	0.00926	0.01038	0.01176	0.00689	0.00721	0.01186	0.01731	0.02215	0.08449	0.45119	0.27214	0.02385	0.01029	0.00314	0.00456	0.02106	0.00777	0.00689
21	0.01748	0.14209	0.57307	0.02228	0.03379	0.02130	0.02826	0.02610	0.01744	0.02531	0.01441	0.01692	0.01054	0.00778	0.00751	0.00250	0.01178	0.00589	0.00351	0.01204
22	0.23232	0.01093	0.01040	0.01029	0.01335	0.01114	0.00784	0.01715	0.04246	0.02690	0.05057	0.13732	0.29580	0.05660	0.01043	0.00316	0.00543	0.04334	0.00683	0.00773
23	0.01151	0.00775	0.00952	0.01027	0.01161	0.00723	0.00725	0.01408	0.01835	0.02614	0.19419	0.35876	0.11166	0.02023	0.00942	0.00286	0.00436	0.01792	0.14967	0.00723
24	0.02056	0.01974	0.03372	0.05099	0.65622	0.01974	0.02550	0.02550	0.01892	0.02714	0.01563	0.02056	0.01316	0.00740	0.00822	0.00247	0.00987	0.00740	0.00411	0.01316
25	0.02116	0.02087	0.03314	0.04931	0.62030	0.05705	0.02496	0.02593	0.01918	0.02675	0.01547	0.02024	0.01302	0.00747	0.00818	0.00245	0.01016	0.00729	0.00412	0.01296
26	0.02606	0.02817	0.02133	0.01910	0.02372	0.32208	0.01464	0.07238	0.32252	0.02912	0.02337	0.02299	0.01797	0.00995	0.00800	0.00249	0.01059	0.00742	0.00652	0.01159
27	0.02101	0.21437	0.37480	0.02078	0.03011	0.15621	0.02348	0.02734	0.01859	0.02335	0.01362	0.01594	0.01059	0.00783	0.00715	0.00231	0.01196	0.00554	0.00368	0.01132
28	0.01725	0.11404	0.59908	0.02267	0.03440	0.02073	0.02895	0.02616	0.01747	0.02559	0.01455	0.01709	0.01054	0.00781	0.00762	0.00254	0.01192	0.00596	0.00351	0.01211
29	0.00982	0.00842	0.00842	0.00842	0.01122	0.00701	0.00631	0.01192	0.01894	0.02244	0.08416	0.07995	0.65285	0.02104	0.00982	0.00281	0.00421	0.01753	0.00771	0.00701
30	0.02116	0.01888	0.01901	0.01712	0.02180	0.05184	0.01329	0.04362	0.61177	0.03406	0.03281	0.03023	0.02466	0.01114	0.00841	0.00279	0.00698	0.00920	0.00825	0.01298
31	0.02805	0.01839	0.02039	0.01612	0.02191	0.01929	0.01316	0.36747	0.06129	0.16596	0.03532	0.03350	0.13711	0.01220	0.00861	0.00258	0.00767	0.00965	0.00859	0.01273
32	0.02056	0.01974	0.03372	0.05099	0.65622	0.01974	0.02550	0.02550	0.01892	0.02714	0.01563	0.02056	0.01316	0.00740	0.00822	0.00247	0.00987	0.00740	0.00411	0.01316
33	0.01666	0.04297	0.66500	0.02368	0.03596	0.01929	0.03069	0.02631	0.01754	0.02631	0.01491	0.01754	0.01052	0.00789	0.00789	0.00263	0.01228	0.00614	0.00351	0.01228
34	0.01569	0.01477	0.02492	0.68808	0.05722	0.01846	0.02307	0.02123	0.01661	0.02123	0.01477	0.02215	0.01107	0.00831	0.00831	0.00277	0.01107	0.00738	0.00369	0.00923
35	0.01934	0.02161	0.04455	0.03251	0.03932	0.02185	0.51073	0.02536	0.01830	0.02536	0.01569	0.02161	0.01228	0.00843	0.01312	0.00296	0.14278	0.00932	0.00409	0.01080
36	0.01961	0.02241	0.04902	0.03501	0.04342	0.02101	0.62605	0.02661	0.01961	0.02661	0.01681	0.02241	0.01261	0.00700	0.00980	0.00280	0.01401	0.00980	0.00420	0.01120
37	0.01187	0.00890	0.01335	0.01335	0.01483	0.01038	0.01038	0.01483	0.01335	0.01928	0.02225	0.03264	0.02077	0.06231	0.67512	0.01335	0.02225	0.00890	0.00445	0.00742
38	0.01786	0.01699	0.02885	0.40360	0.32469	0.01903	0.02415	0.02313	0.01764	0.02387	0.01515	0.02144	0.01201	0.00790	0.00827	0.00263	0.01054	0.00739	0.00388	0.01098
39	0.03153	0.02475	0.02481	0.01932	0.02576	0.08479	0.01581	0.57437	0.03765	0.04944	0.01930	0.01949	0.01382	0.00984	0.00824	0.00246	0.00967	0.00729	0.00794	0.01372
40	0.01301	0.00944	0.01286	0.01457	0.01658	0.00929	0.01264	0.01665	0.01910	0.02460	0.04825	0.09225	0.11199	0.02275	0.01130	0.00372	0.00728	0.53849	0.00766	0.00758
41	0.00999	0.00847	0.00866	0.00875	0.01151	0.00714	0.00665	0.01218	0.01894	0.02256	0.08222	0.08061	0.62365	0.02113	0.00990	0.00285	0.00437	0.04566	0.00771	0.00704
42	0.01224	0.00916	0.01179	0.01298	0.01516	0.00871	0.01097	0.01556	0.01933	0.02465	0.09217	0.08776	0.22785	0.02203	0.01089	0.00345	0.00641	0.39365	0.00776	0.00747
43	0.01012	0.00723	0.00964	0.01157	0.01205	0.00675	0.00771	0.01157	0.01591	0.02121	0.04579	0.70262	0.05495	0.02603	0.01060	0.00337	0.00482	0.02362	0.00771	0.00675
44	0.01549	0.00774	0.00774	0.00774	0.00968	0.00774	0.00581	0.01936	0.01742	0.03097	0.02710	0.03097	0.02129	0.00968	0.00581	0.00194	0.00387	0.00774	0.75416	0.00774
45	0.03158	0.02327	0.02493	0.01911	0.02576	0.02576	0.01579	0.62852	0.03906	0.05236	0.01995	0.01995	0.01413	0.00997	0.00831	0.00249	0.00914	0.00748	0.00831	0.01413
46	0.01961	0.02241	0.04902	0.03501	0.04342	0.02101	0.62605	0.02661	0.01961	0.02661	0.01681	0.02241	0.01261	0.00700	0.00980	0.00280	0.01401	0.00980	0.00420	0.01120
47	0.01187	0.00890	0.01335	0.01335	0.01483	0.01038	0.01038	0.01483	0.01335	0.01928	0.02225	0.03264	0.02077	0.06231	0.67512	0.01335	0.02225	0.00890	0.00445	0.00742
48	0.02056	0.01974	0.03372	0.05099	0.65622	0.01974	0.02550	0.02550	0.01892	0.02714	0.01563	0.02056	0.01316	0.00740	0.00822	0.00247	0.00987	0.00740	0.00411	0.01316
49	0.01753	0.03695	0.48457	0.02700	0.03814	0.01980	0.20508	0.02640	0.01815	0.02640	0.01546	0.01897	0.01113	0.00763	0.00845	0.00268	0.01278	0.00721	0.00371	0.01196
50	0.02056	0.01974	0.03372	0.05099	0.65622	0.01974	0.02550	0.02550	0.01892	0.02714	0.01563	0.02056	0.01316	0.00740	0.00822	0.00247	0.00987	0.00740	0.00411	0.01316
51	0.01549	0.00774	0.00774	0.00774	0.00968	0.00774	0.00581	0.01936	0.01742	0.03097	0.02710	0.03097	0.02129	0.00968	0.00581	0.00194	0.00387	0.00774	0.75416	0.00774
52	0.02056	0.01974	0.03372	0.05099	0.65622	0.01974	0.02550	0.02550	0.01892	0.02714	0.01563	0.02056	0.01316	0.00740	0.00822	0.00247	0.00987	0.00740	0.00411	0.01316
53	0.01910	0.02002	0.03979	0.03785	0.24876	0.01918	0.35601	0.02507	0.01979	0.02750	0.08376	0.02598	0.01977	0.00820	0.00927	0.00267	0.01153	0.00954	0.00470	0.01151
54	0.00994	0.00795	0.00890	0.00966	0.01155	0.00691	0.00686	0.01178	0.01774	0.02195	0.06901	0.32575	0.41683	0.02301	0.01013	0.00303	0.00445	0.01993	0.00771	0.00691
55	0.01723	0.01477	0.01723	0.01230	0.01969	0.01107	0.00984	0.02092	0.01723	0.02707	0.01477	0.01723	0.01230	0.00615	0.00615	0.00123	0.00615	0.00492	0.00492	0.75883
56	0.01571	0.01545	0.01342	0.01337	0.01579	0.14453	0.00974	0.02026	0.09153	0.02416	0.11047	0.27876	0.17745	0.01869	0.00946	0.00285	0.00686	0.01599	0.00725	0.00825
57	0.01052	0.00740	0.00952	0.01106	0.01144	0.00701	0.00717	0.01167	0.01513	0.02017	0.04179	0.57064	0.04991	0.16488	0.01705	0.00433	0.00548	0.02127	0.00717	0.00640
58	0.01738	0.03798	0.51541	0.02643	0.03777	0.01971	0.17527	0.02638	0.01804	0.02638	0.01537	0.01872	0.01103	0.00768	0.00836	0.00267	0.01270	0.00703	0.00368	0.01202
59	0.03195	0.02928	0.02374	0.01963	0.02524	0.30184	0.01552	0.31154	0.03080	0.10332	0.01827	0.01871	0.01334	0.00940	0.00796	0.00235	0.01142	0.00666	0.00680	0.01221
60	0.02056	0.01974	0.03372	0.05099	0.65622	0.01974	0.02550	0.02550	0.01892	0.02714	0.01563	0.02056	0.01316	0.00740	0.00822	0.00247	0.00987	0.00740	0.00411	0.01316
61	0.01016	0.00843	0.00889	0.00878	0.01143	0.00716	0.00658	0.01259	0.01975	0.02438	0.18519	0.07676	0.55061	0.02032	0.00981	0.00277	0.00416	0.01709	0.00797	0.00716
62	0.02027	0.47860	0.26097	0.01753	0.02644	0.02812	0.01998	0.02538	0.01711	0.02191	0.01272	0.01480	0.01061	0.00738	0.00623	0.00208	0.01007	0.00504	0.00354	0.01123
63	0.01045	0.00848	0.00937	0.00976	0.01220	0.00740	0.00751	0.01285	0.01896	0.02328	0.10681	0.13248	0.48625	0.02150	0.01012	0.00299	0.00473	0.09997	0.00778	0.00713
64	0.01012	0.00723	0.00964	0.01157	0.01205	0.00675	0.00771	0.01157	0.01591	0.02121	0.04579	0.70262	0.05495	0.02603	0.01060	0.00337	0.00482	0.02362	0.00771	0.00675
65	0.01666	0.04297	0.66500	0.02368	0.03596	0.01929	0.03069	0.02631	0.01754	0.02631	0.01491	0.01754	0.01052	0.00789	0.00789	0.00263	0.01228	0.00614	0.00351	0.01228
66	0.06408	0.02716	0.02383	0.13713	0.03080	0.25225	0.01683	0.28332	0.02846	0.03490	0.01613	0.01828	0.01214	0.00907	0.00787	0.00242	0.01140	0.00657	0.00593	0.01144
67	0.01962	0.02471	0.15668	0.04246	0.41004	0.01992	0.15243	0.02588	0.01880	0.02687	0.01574	0.02038	0.01254	0.00741	0.00849	0.00257	0.01119	0.00767	0.00402	0.01258
68	0.01002	0.00842	0.00870	0.00863	0.01135	0.00710	0.00647	0.01232	0.01942	0.02360	0.14437	0.07805	0.59192	0.02061	0.00982	0.00278	0.00418	0.01727	0.00787	0.00710
69	0.02056	0.01974	0.03372	0.05099	0.65622	0.01974	0.02550	0.02550	0.01892	0.02714	0.01563	0.02056	0.01316	0.00740	0.00822	0.00247	0.00987	0.00740	0.00411	0.01316
70	0.01666	0.04297	0.66500	0.02368	0.03596	0.01929	0.03069	0.02631	0.01754	0.02631	0.01491	0.01754	0.01052	0.00789	0.00789	0.00263	0.01228	0.00614	0.00351	0.01228
71	0.01079	0.00770	0.01040	0.01233	0.01310	0.00732	0.00887	0.01272	0.01656	0.02195	0.04542	0.57865	0.05349	0.02540	0.01078	0.00347	0.00540	0.14103	0.00770	0.00693
72	0.01781	0.11014	0.48223	0.02482	0.03582	0.02106	0.14189	0.02621	0.01786	0.02565	0.01491	0.01802	0.01093	0.00764	0.00798	0.00257	0.01225	0.00665	0.00364	0.01190
73	0.01032	0.00810	0.00934	0.00974	0.01171	0.00712	0.00704	0.01264	0.01908	0.02445	0.19627	0.25084	0.36069	0.02156	0.01003	0.00292	0.00432	0.01870	0.00802	0.00712
74	0.01194	0.00862	0.01195	0.01195	0.01295	0.00962	0.00864	0.01394	0.01294	0.01825	0.02353	0.03972	0.02384	0.27270	0.46893	0.01163	0.01763	0.00994	0.00464	0.00664
75	0.02004	0.01921	0.03279	0.11857	0.59269	0.01960	0.02524	0.02504	0.01867	0.02651	0.01553	0.02073	0.01294	0.00750	0.00823	0.00250	0.01000	0.00740	0.00407	0.01274
76	0.01557	0.10368	0.01774	0.01293	0.01620	0.04531	0.01054	0.07129	0.01915	0.02390	0.04813	0.04889	0.31459	0.02350	0.11600	0.00437	0.08165	0.01192	0.00612	0.00853
77	0.01760	0.01672	0.02838	0.43751	0.29280	0.01896	0.02402	0.02290	0.01752	0.02355	0.01510	0.02152	0.01189	0.00795	0.00827	0.00265	0.01060	0.00739	0.00386	0.01077
78	0.02221	0.71304	0.04353	0.01421	0.02132	0.03287	0.01421	0.02488	0.01688	0.01955	0.01155	0.01333	0.01066	0.00711	0.00533	0.00178	0.00888	0.00444	0.00355	0.01066
79	0.02225	0.02282	0.02576	0.03249	0.29610	0.17048	0.01918	0.03070	0.16355	0.02708	0.02218	0.02943	0.01908	0.01021	0.00845	0.00262	0.01006	0.07027	0.00553	0.01176
80	0.01688	0.06927	0.64061	0.02331	0.03538	0.01983	0.03005	0.02625	0.01751	0.02604	0.01478	0.01737	0.01053	0.00786	0.00779	0.00260	0.01214	0.00607	0.00351	0.01221
81	0.02405	0.02691	0.02858	0.12131	0.33118	0.27716	0.02147	0.02797	0.02044	0.02370	0.01442	0.01857	0.01192	0.00797	0.00795	0.00238	0.01203	0.00659	0.00412	0.01127
82	0.01493	0.00976	0.01203	0.01259	0.03920	0.00896	0.00913	0.01724	0.01815	0.10136	0.05398	0.06891	0.28371	0.16229	0.01669	0.00408	0.00636	0.14543	0.00732	0.00788
83	0.01820	0.03322	0.38915	0.03271	0.19359	0.01973	0.14233	0.02616	0.01828	0.02658	0.01545	0.01922	0.01158	0.00760	0.00834	0.00262	0.01200	0.00715	0.00379	0.01230
84	0.02458	0.06246	0.02409	0.02487	0.15124	0.33754	0.01623	0.06826	0.02231	0.02458	0.04587	0.09672	0.04424	0.01110	0.00811	0.00239	0.01124	0.00875	0.00520	0.01022
85	0.01021	0.00833	0.00903	0.00906	0.01152	0.00715	0.00672	0.01261	0.01955	0.02440	0.18867	0.12814	0.49434	0.02068	0.00988	0.00282	0.00420	0.01756	0.00799	0.00715
86	0.02509	0.01869	0.02638	0.03187	0.30526	0.01921	0.01876	0.15577	0.10204	0.13676	0.05783	0.02535	0.01981	0.00944	0.00838	0.00254	0.00851	0.00826	0.00682	0.01322
87	0.01687	0.04156	0.62259	0.02446	0.03647	0.01941	0.07168	0.02633	0.01768	0.02633	0.01504	0.01787	0.01067	0.00783	0.00802	0.00264	0.01240	0.00639	0.00356	0.01220
88	0.01012	0.00723	0.00964	0.01157	0.01205	0.00675	0.00771	0.01157	0.01591	0.02121	0.04579	0.70262	0.05495	0.02603	0.01060	0.00337	0.00482	0.02362	0.00771	0.00675
89	0.01937	0.01852	0.03157	0.20685	0.50968	0.01942	0.02490	0.02445	0.01835	0.02569	0.01542	0.02095	0.01265	0.00762	0.00824	0.00254	0.01016	0.00740	0.00401	0.01220
90	0.02629	0.16153	0.03032	0.02871	0.20955	0.36109	0.01847	0.02935	0.02092	0.02218	0.01341	0.01630	0.01141	0.00795	0.00730	0.00217	0.01233	0.00578	0.00409	0.01086
91	0.02328	0.02361	0.14254	0.01814	0.02471	0.02103	0.01674	0.24462	0.25378	0.03902	0.02472	0.02454	0.01821	0.01003	0.00806	0.00259	0.00832	0.00795	0.07529	0.01284
