[name]
unknown

[dist]
# distance from previous block
# <min> <max>
3	5

[block]
# block no. 0 follows, 20 sequences, length 6
# corresponding to MSA columns:
# 5-10
name=unknown_A
#
# <colnr> <probs for GDERKNQSTAVLIFYWHMCP>
#	G	D	E	R	K	N	Q	S	T	A	V	L	I	F	Y	W	H	M	C	P
0	0.02388	0.08668	0.09086	0.09491	0.31323	0.07666	0.02333	0.13072	0.02348	0.03123	0.01642	0.02014	0.01308	0.00846	0.00829	0.00255	0.01094	0.00720	0.00496	0.01299
1	0.02544	0.08862	0.02389	0.06832	0.02546	0.21155	0.01509	0.17840	0.02537	0.03055	0.02141	0.11296	0.02000	0.04171	0.01080	0.00287	0.03957	0.00943	0.03792	0.01068
2	0.01457	0.01101	0.01337	0.01287	0.01556	0.01008	0.00918	0.07051	0.01899	0.02632	0.03669	0.42795	0.04170	0.07097	0.01235	0.00332	0.00605	0.01790	0.00729	0.17330
3	0.01832	0.02613	0.19405	0.02863	0.03682	0.01904	0.34892	0.02499	0.01855	0.02578	0.01900	0.02856	0.01616	0.13683	0.01621	0.00394	0.01307	0.00977	0.00439	0.01083
4	0.02261	0.18991	0.07058	0.06229	0.03033	0.14384	0.11512	0.02639	0.01824	0.02254	0.01349	0.01817	0.01163	0.01013	0.01384	0.00280	0.20657	0.00692	0.00401	0.01061
5	0.21804	0.02786	0.02531	0.03038	0.23697	0.26950	0.01836	0.02962	0.02044	0.02849	0.01415	0.01736	0.01166	0.00833	0.00749	0.00248	0.01151	0.00613	0.00467	0.01123

[dist]
# distance from previous block
# <min> <max>
0	1

[block]
# block no. 1 follows, 20 sequences, length 6
# corresponding to MSA columns:
# 12-17
name=unknown_B
#
# <colnr> <probs for GDERKNQSTAVLIFYWHMCP>
#	G	D	E	R	K	N	Q	S	T	A	V	L	I	F	Y	W	H	M	C	P
0	0.02219	0.20052	0.18016	0.03205	0.21762	0.09448	0.08155	0.02781	0.01959	0.02543	0.01495	0.01848	0.01217	0.00791	0.00787	0.00244	0.01171	0.00669	0.00405	0.01233
1	0.14371	0.16475	0.06487	0.02540	0.14448	0.27042	0.01810	0.02963	0.02043	0.02579	0.01369	0.01643	0.01143	0.00826	0.00719	0.00234	0.01180	0.00575	0.00441	0.01110
2	0.19636	0.08244	0.01595	0.01179	0.01558	0.01465	0.00951	0.05176	0.02199	0.03449	0.33122	0.04684	0.10759	0.01440	0.00853	0.00266	0.00562	0.01175	0.00778	0.00911
3	0.01985	0.02234	0.10705	0.02700	0.18334	0.07994	0.05449	0.02676	0.08740	0.06028	0.03944	0.03991	0.19002	0.01258	0.00912	0.00275	0.00929	0.01082	0.00618	0.01144
4	0.01582	0.01737	0.08120	0.01586	0.01947	0.05100	0.01373	0.01917	0.01707	0.02368	0.03355	0.10050	0.13743	0.02368	0.12188	0.00471	0.14645	0.01112	0.03516	0.11116
5	0.10724	0.02760	0.19346	0.01957	0.05675	0.13821	0.01801	0.02792	0.02059	0.09005	0.08618	0.02527	0.02119	0.00977	0.00784	0.00249	0.00985	0.00752	0.08120	0.04930

[dist]
# distance from previous block
# <min> <max>
26	56

[block]
# block no. 2 follows, 20 sequences, length 7
# corresponding to MSA columns:
# 74-80
name=unknown_C
#
# <colnr> <probs for GDERKNQSTAVLIFYWHMCP>
#	G	D	E	R	K	N	Q	S	T	A	V	L	I	F	Y	W	H	M	C	P
0	0.09659	0.10628	0.02368	0.07744	0.08273	0.05478	0.01481	0.16044	0.06398	0.03316	0.03423	0.03476	0.15826	0.01214	0.00831	0.00263	0.00847	0.00957	0.00653	0.01120
1	0.15899	0.07148	0.05790	0.02210	0.09198	0.22855	0.01657	0.08081	0.02305	0.14349	0.01808	0.01914	0.01340	0.00902	0.00763	0.00248	0.01094	0.00645	0.00606	0.01189
2	0.02083	0.07392	0.16028	0.02515	0.14089	0.13691	0.01963	0.02884	0.11038	0.02744	0.06818	0.03164	0.09711	0.01116	0.00856	0.00262	0.01016	0.00905	0.00567	0.01157
3	0.07624	0.02184	0.02400	0.02265	0.08821	0.17135	0.06792	0.02945	0.02110	0.16063	0.07171	0.02683	0.02121	0.01786	0.09867	0.00422	0.05030	0.00836	0.00631	0.01113
4	0.02428	0.29435	0.03261	0.01796	0.02298	0.09079	0.01566	0.14086	0.02280	0.02891	0.07306	0.02146	0.01874	0.01080	0.01163	0.00254	0.14696	0.00706	0.00537	0.01119
5	0.02095	0.02228	0.02121	0.02486	0.16232	0.20645	0.01543	0.02635	0.09134	0.02531	0.03580	0.15464	0.12795	0.01465	0.00918	0.00277	0.00957	0.01232	0.00624	0.01037
6	0.02041	0.02153	0.02230	0.02817	0.21419	0.19921	0.01651	0.02330	0.02001	0.02397	0.02812	0.28402	0.03047	0.01588	0.00940	0.00287	0.00981	0.01390	0.00587	0.01008

[dist]
# distance from previous block
# <min> <max>
0	11

[block]
# block no. 3 follows, 20 sequences, length 11
# corresponding to MSA columns:
# 92-102
name=unknown_D
#
# <colnr> <probs for GDERKNQSTAVLIFYWHMCP>
#	G	D	E	R	K	N	Q	S	T	A	V	L	I	F	Y	W	H	M	C	P
0	0.02904	0.03381	0.02631	0.02809	0.15160	0.43508	0.01847	0.07719	0.02430	0.02539	0.01533	0.01857	0.01275	0.01260	0.05131	0.00313	0.01465	0.00648	0.00480	0.01109
1	0.02944	0.10853	0.02855	0.02596	0.11055	0.47370	0.01812	0.03213	0.02276	0.02223	0.01364	0.01651	0.01160	0.00895	0.00870	0.00233	0.04534	0.00591	0.00436	0.01071
2	0.02176	0.01445	0.04577	0.01906	0.10310	0.01262	0.01307	0.06327	0.02115	0.19217	0.04098	0.18461	0.12519	0.08628	0.01318	0.00350	0.00733	0.01394	0.00785	0.01073
3	0.01865	0.01189	0.01390	0.01238	0.01624	0.01138	0.00971	0.06459	0.06466	0.14499	0.08889	0.05760	0.31736	0.02412	0.09909	0.00439	0.00813	0.01382	0.00832	0.00989
4	0.02819	0.02878	0.02405	0.06662	0.02753	0.28110	0.01658	0.21892	0.02792	0.03260	0.02273	0.02458	0.06975	0.01131	0.01058	0.00264	0.08082	0.00788	0.00610	0.01132
5	0.02147	0.01352	0.01554	0.01379	0.01823	0.01325	0.01105	0.07373	0.13944	0.17438	0.05565	0.05790	0.26196	0.01676	0.00973	0.00298	0.00640	0.07428	0.00892	0.01102
6	0.02059	0.01999	0.03017	0.04346	0.48121	0.05047	0.02264	0.02653	0.06064	0.02800	0.02743	0.03060	0.09995	0.01007	0.00884	0.00265	0.00958	0.00927	0.00515	0.01275
7	0.02686	0.10350	0.03157	0.03500	0.28938	0.31720	0.02091	0.03043	0.02188	0.02433	0.01459	0.01806	0.01234	0.00830	0.00795	0.00235	0.01273	0.00644	0.00434	0.01182
8	0.02310	0.02360	0.03393	0.04926	0.55477	0.10852	0.02541	0.02788	0.02053	0.02751	0.01600	0.02078	0.01346	0.00794	0.00853	0.00254	0.01110	0.00748	0.00434	0.01331
9	0.02274	0.28462	0.11772	0.02155	0.09088	0.15211	0.01804	0.02822	0.06360	0.02399	0.02281	0.02424	0.07616	0.00972	0.00747	0.00233	0.01053	0.00721	0.00476	0.01129
10	0.02455	0.14582	0.02410	0.01611	0.02139	0.10824	0.01325	0.15186	0.09982	0.08133	0.10784	0.03533	0.10977	0.01244	0.00847	0.00254	0.00848	0.00973	0.00743	0.01152

[dist]
# distance from previous block
# <min> <max>
0	1

[block]
# block no. 4 follows, 20 sequences, length 103
# corresponding to MSA columns:
# 104-206
name=unknown_E
#
# <colnr> <probs for GDERKNQSTAVLIFYWHMCP>
#	G	D	E	R	K	N	Q	S	T	A	V	L	I	F	Y	W	H	M	C	P
0	0.06764	0.31959	0.15080	0.02222	0.07028	0.05721	0.07880	0.02764	0.01862	0.05773	0.01486	0.01749	0.01202	0.00830	0.00819	0.00240	0.04397	0.00619	0.00435	0.01170
1	0.01782	0.00989	0.01285	0.01260	0.01519	0.00896	0.00947	0.02037	0.02020	0.16745	0.12549	0.28538	0.12597	0.05430	0.01211	0.00346	0.00587	0.07478	0.00877	0.00906
2	0.01518	0.01295	0.01876	0.06509	0.02095	0.01660	0.01430	0.01815	0.01431	0.02140	0.01915	0.02832	0.01766	0.04125	0.36232	0.00909	0.23803	0.00859	0.04937	0.00853
3	0.02588	0.01960	0.02086	0.01672	0.02255	0.04995	0.01348	0.28655	0.07325	0.07269	0.02507	0.02630	0.04409	0.01587	0.07409	0.00353	0.00988	0.00810	0.04925	0.14229
4	0.01790	0.01744	0.02543	0.02184	0.02254	0.02351	0.04413	0.02028	0.01381	0.02117	0.01399	0.02216	0.01349	0.02441	0.14720	0.00571	0.52359	0.00808	0.00401	0.00931
5	0.02269	0.02478	0.03342	0.02797	0.09379	0.15797	0.22904	0.02863	0.05080	0.02712	0.01693	0.02061	0.01344	0.00774	0.00849	0.00231	0.01188	0.00761	0.00485	0.20995
6	0.03155	0.03756	0.02413	0.02146	0.02622	0.53839	0.01631	0.11349	0.02674	0.02612	0.01825	0.01986	0.04287	0.00985	0.00811	0.00233	0.01432	0.00657	0.00526	0.01063
7	0.02320	0.01861	0.02935	0.04004	0.42381	0.01833	0.02154	0.02963	0.07183	0.11583	0.06601	0.02668	0.02099	0.00921	0.00869	0.00258	0.00900	0.00855	0.00604	0.05010
8	0.03316	0.02443	0.02618	0.02007	0.02705	0.02705	0.01658	0.60995	0.04101	0.05497	0.02094	0.02094	0.01483	0.01047	0.00873	0.00262	0.00960	0.00785	0.00873	0.01483
9	0.02160	0.02058	0.03425	0.05090	0.59364	0.02080	0.02582	0.02821	0.06430	0.02909	0.01781	0.02240	0.01476	0.00807	0.00865	0.00262	0.01011	0.00793	0.00465	0.01382
10	0.01394	0.01172	0.01481	0.01464	0.01642	0.05859	0.01134	0.01699	0.01481	0.02033	0.02264	0.03290	0.02103	0.06126	0.61094	0.01315	0.02280	0.00907	0.00466	0.00796
11	0.02197	0.16869	0.03765	0.04511	0.50446	0.02373	0.02419	0.02663	0.01940	0.02676	0.01547	0.01993	0.01324	0.00770	0.00797	0.00243	0.01014	0.00709	0.00419	0.01324
12	0.01117	0.00808	0.00970	0.01075	0.01157	0.00754	0.00700	0.01237	0.01613	0.02095	0.04970	0.38928	0.15957	0.22077	0.02069	0.00486	0.00593	0.02005	0.00728	0.00661
13	0.01104	0.00863	0.01002	0.01017	0.01236	0.00760	0.00744	0.01375	0.02087	0.02710	0.26164	0.19211	0.34276	0.02167	0.01046	0.00299	0.00444	0.01875	0.00860	0.00760
14	0.03258	0.04157	0.02472	0.02247	0.02697	0.65843	0.01685	0.03483	0.02472	0.02135	0.01348	0.01573	0.01124	0.00899	0.00787	0.00225	0.01573	0.00562	0.00449	0.01011
15	0.01246	0.00935	0.01402	0.01402	0.01558	0.01090	0.01090	0.01558	0.01402	0.02025	0.02336	0.03427	0.02181	0.06542	0.65888	0.01402	0.02336	0.00935	0.00467	0.00779
16	0.01168	0.00820	0.00965	0.01036	0.01089	0.00784	0.00644	0.01247	0.01496	0.01959	0.04200	0.28289	0.11274	0.37842	0.02860	0.00607	0.00678	0.01764	0.00661	0.00617
17	0.03200	0.04046	0.02529	0.02413	0.05970	0.62432	0.01738	0.03440	0.02446	0.02173	0.01364	0.01604	0.01137	0.00892	0.00791	0.00227	0.01544	0.00573	0.00448	0.01031
18	0.06593	0.03583	0.02496	0.02314	0.05484	0.47956	0.01708	0.10088	0.02515	0.02648	0.01429	0.01678	0.01171	0.00950	0.00933	0.00244	0.06027	0.00608	0.00498	0.01077
19	0.01097	0.00877	0.00925	0.00918	0.01148	0.00766	0.00654	0.01295	0.01901	0.02346	0.13216	0.07695	0.46506	0.14885	0.01677	0.00397	0.00515	0.01706	0.00772	0.00706
20	0.02159	0.02073	0.03541	0.05354	0.63903	0.02073	0.02677	0.02677	0.01986	0.02850	0.01641	0.02159	0.01382	0.00777	0.00864	0.00259	0.01036	0.00777	0.00432	0.01382
21	0.01762	0.01438	0.01789	0.01635	0.01882	0.04391	0.01298	0.12044	0.01912	0.02642	0.02130	0.02959	0.01908	0.04828	0.45310	0.01048	0.08690	0.00875	0.00528	0.00930
22	0.03258	0.04157	0.02472	0.02247	0.02697	0.65843	0.01685	0.03483	0.02472	0.02135	0.01348	0.01573	0.01124	0.00899	0.00787	0.00225	0.01573	0.00562	0.00449	0.01011
23	0.01183	0.00810	0.00977	0.01061	0.01082	0.00788	0.00646	0.01246	0.01436	0.01915	0.03608	0.32029	0.04256	0.41544	0.03051	0.00641	0.00704	0.01774	0.00646	0.00604
24	0.03316	0.02443	0.02618	0.02007	0.02705	0.02705	0.01658	0.60995	0.04101	0.05497	0.02094	0.02094	0.01483	0.01047	0.00873	0.00262	0.00960	0.00785	0.00873	0.01483
25	0.01041	0.00846	0.00923	0.00984	0.01205	0.00728	0.00707	0.01241	0.01892	0.02317	0.07613	0.26728	0.46006	0.02368	0.01056	0.00313	0.00461	0.02035	0.00810	0.00728
26	0.01795	0.01693	0.02748	0.18613	0.36899	0.01750	0.02179	0.02263	0.01931	0.02599	0.03190	0.03558	0.14899	0.01112	0.00902	0.00274	0.00936	0.01009	0.00504	0.01146
27	0.02093	0.02215	0.02755	0.41691	0.15922	0.15909	0.02308	0.02585	0.01947	0.02322	0.01523	0.02131	0.01194	0.00861	0.00852	0.00270	0.01229	0.00729	0.00409	0.01054
28	0.01246	0.00935	0.01402	0.01402	0.01558	0.01090	0.01090	0.01558	0.01402	0.02025	0.02336	0.03427	0.02181	0.06542	0.65888	0.01402	0.02336	0.00935	0.00467	0.00779
29	0.01268	0.00846	0.00951	0.00951	0.00951	0.00846	0.00529	0.01268	0.01268	0.01691	0.02748	0.05708	0.03171	0.69345	0.04440	0.00846	0.00846	0.01268	0.00529	0.00529
30	0.02159	0.02073	0.03541	0.05354	0.63903	0.02073	0.02677	0.02677	0.01986	0.02850	0.01641	0.02159	0.01382	0.00777	0.00864	0.00259	0.01036	0.00777	0.00432	0.01382
31	0.01335	0.00981	0.01307	0.01469	0.01688	0.00953	0.01265	0.01702	0.02004	0.02562	0.05418	0.09566	0.16109	0.02372	0.01172	0.00381	0.00735	0.47387	0.00805	0.00791
32	0.01063	0.00759	0.01012	0.01215	0.01265	0.00709	0.00810	0.01215	0.01670	0.02227	0.04808	0.68775	0.05769	0.02733	0.01113	0.00354	0.00506	0.02480	0.00810	0.00709
33	0.01223	0.00891	0.01150	0.01085	0.01296	0.00818	0.00814	0.01624	0.02442	0.03433	0.60339	0.06623	0.11375	0.01807	0.01029	0.00275	0.00413	0.01592	0.00952	0.00818
34	0.02759	0.03005	0.02250	0.02016	0.02499	0.32848	0.01543	0.07284	0.30207	0.03025	0.02408	0.02379	0.01855	0.01039	0.00838	0.00260	0.01131	0.00771	0.00676	0.01209
35	0.01235	0.00892	0.01166	0.01097	0.01303	0.00823	0.00823	0.01646	0.02469	0.03498	0.63443	0.06516	0.08230	0.01783	0.01029	0.00274	0.00412	0.01578	0.00960	0.00823
36	0.03316	0.02443	0.02618	0.02007	0.02705	0.02705	0.01658	0.60995	0.04101	0.05497	0.02094	0.02094	0.01483	0.01047	0.00873	0.00262	0.00960	0.00785	0.00873	0.01483
37	0.01106	0.00867	0.00970	0.01028	0.01229	0.00772	0.00748	0.01303	0.01836	0.02271	0.06851	0.19630	0.38792	0.11092	0.01509	0.00389	0.00543	0.07580	0.00773	0.00711
38	0.01196	0.00844	0.01102	0.01167	0.01229	0.00873	0.00782	0.01336	0.01436	0.01960	0.03287	0.25223	0.03713	0.29699	0.21311	0.00851	0.01172	0.01559	0.00601	0.00659
39	0.03258	0.04157	0.02472	0.02247	0.02697	0.65843	0.01685	0.03483	0.02472	0.02135	0.01348	0.01573	0.01124	0.00899	0.00787	0.00225	0.01573	0.00562	0.00449	0.01011
40	0.01246	0.00935	0.01402	0.01402	0.01558	0.01090	0.01090	0.01558	0.01402	0.02025	0.02336	0.03427	0.02181	0.06542	0.65888	0.01402	0.02336	0.00935	0.00467	0.00779
41	0.01094	0.00802	0.00973	0.01094	0.01189	0.00740	0.00726	0.01233	0.01666	0.02157	0.05309	0.44014	0.17902	0.14853	0.01706	0.00431	0.00554	0.02118	0.00758	0.00682
42	0.01809	0.01550	0.01809	0.01292	0.02067	0.01163	0.01034	0.02196	0.01809	0.02842	0.01550	0.01809	0.01292	0.00646	0.00646	0.00129	0.00646	0.00517	0.00517	0.74677
43	0.01108	0.00778	0.00999	0.01157	0.01197	0.00738	0.00748	0.01226	0.01582	0.02110	0.04358	0.55012	0.05202	0.17270	0.01839	0.00461	0.00580	0.02215	0.00748	0.00669
44	0.03015	0.03752	0.02508	0.02255	0.02623	0.54465	0.01726	0.03234	0.02267	0.02128	0.01312	0.01633	0.01127	0.01012	0.01160	0.00253	0.13492	0.00598	0.00437	0.01001
45	0.01111	0.00784	0.01023	0.01195	0.01245	0.00744	0.00797	0.01252	0.01627	0.02165	0.04489	0.56368	0.05342	0.12717	0.01617	0.00430	0.00572	0.05068	0.00767	0.00686
46	0.01647	0.01550	0.02616	0.67248	0.06008	0.01938	0.02422	0.02229	0.01744	0.02229	0.01550	0.02326	0.01163	0.00872	0.00872	0.00291	0.01163	0.00775	0.00388	0.00969
47	0.03258	0.04157	0.02472	0.02247	0.02697	0.65843	0.01685	0.03483	0.02472	0.02135	0.01348	0.01573	0.01124	0.00899	0.00787	0.00225	0.01573	0.00562	0.00449	0.01011
48	0.01062	0.00859	0.00931	0.00964	0.01193	0.00743	0.00696	0.01275	0.01932	0.02387	0.11839	0.19312	0.46071	0.05288	0.01199	0.00329	0.00470	0.01914	0.00808	0.00728
49	0.03316	0.02443	0.02618	0.02007	0.02705	0.02705	0.01658	0.60995	0.04101	0.05497	0.02094	0.02094	0.01483	0.01047	0.00873	0.00262	0.00960	0.00785	0.00873	0.01483
50	0.03258	0.04157	0.02472	0.02247	0.02697	0.65843	0.01685	0.03483	0.02472	0.02135	0.01348	0.01573	0.01124	0.00899	0.00787	0.00225	0.01573	0.00562	0.00449	0.01011
51	0.02363	0.22027	0.03036	0.02402	0.13918	0.14244	0.01684	0.02977	0.09922	0.05259	0.02023	0.02547	0.01736	0.01529	0.07371	0.00360	0.01167	0.03756	0.00530	0.01148
52	0.02573	0.01190	0.01579	0.01311	0.01760	0.01048	0.01043	0.02933	0.02448	0.34227	0.29117	0.04863	0.09238	0.01459	0.00952	0.00274	0.00581	0.01243	0.01009	0.01151
53	0.01274	0.00926	0.01359	0.01359	0.01518	0.01070	0.01055	0.01593	0.01433	0.02115	0.02374	0.03414	0.02185	0.06135	0.61080	0.01314	0.02194	0.00926	0.05896	0.00781
54	0.01210	0.00929	0.01133	0.01191	0.01432	0.00852	0.00966	0.01538	0.02100	0.02697	0.19233	0.08505	0.30379	0.02188	0.01093	0.00329	0.00565	0.22038	0.00840	0.00779
55	0.01643	0.00921	0.00957	0.00920	0.01104	0.00937	0.00654	0.05449	0.01832	0.03011	0.02776	0.03777	0.02417	0.17598	0.01555	0.00363	0.00547	0.00922	0.51835	0.00785
56	0.75506	0.01687	0.01282	0.01147	0.01687	0.01957	0.00945	0.02564	0.01484	0.03914	0.01215	0.01417	0.00945	0.00810	0.00540	0.00270	0.00675	0.00472	0.00540	0.00945
57	0.02182	0.02280	0.02815	0.03467	0.29157	0.15738	0.06295	0.02714	0.05755	0.02639	0.02550	0.09318	0.04987	0.01193	0.00916	0.00277	0.01069	0.04950	0.00544	0.01151
58	0.01967	0.01500	0.02073	0.20375	0.03112	0.01661	0.05572	0.14927	0.02295	0.03272	0.02564	0.02998	0.05442	0.01442	0.05605	0.00341	0.00962	0.00883	0.21987	0.01022
59	0.01215	0.00823	0.00967	0.01020	0.01033	0.00810	0.00601	0.01255	0.01372	0.01830	0.03282	0.22035	0.03844	0.52100	0.03579	0.00718	0.00758	0.01582	0.00601	0.00575
60	0.02772	0.03443	0.02125	0.01950	0.02365	0.51634	0.01462	0.02996	0.02366	0.02183	0.02983	0.03062	0.14747	0.01185	0.00840	0.00240	0.01326	0.00841	0.00528	0.00951
61	0.01063	0.00759	0.01012	0.01215	0.01265	0.00709	0.00810	0.01215	0.01670	0.02227	0.04808	0.68775	0.05769	0.02733	0.01113	0.00354	0.00506	0.02480	0.00810	0.00709
62	0.02159	0.02073	0.03541	0.05354	0.63903	0.02073	0.02677	0.02677	0.01986	0.02850	0.01641	0.02159	0.01382	0.00777	0.00864	0.00259	0.01036	0.00777	0.00432	0.01382
63	0.02508	0.57420	0.04173	0.01636	0.02326	0.15272	0.01529	0.02777	0.01905	0.02068	0.01238	0.01432	0.01120	0.00775	0.00603	0.00194	0.01054	0.00484	0.00388	0.01099
64	0.02201	0.01895	0.05330	0.01580	0.02238	0.01705	0.01334	0.20665	0.07100	0.03842	0.12792	0.02837	0.02667	0.01021	0.00812	0.00216	0.00740	0.00829	0.00726	0.29469
65	0.02189	0.16817	0.39802	0.02246	0.03249	0.16223	0.02559	0.02891	0.01966	0.02491	0.01451	0.01699	0.01112	0.00828	0.00769	0.00248	0.01284	0.00593	0.00387	0.01196
66	0.02585	0.02530	0.14121	0.01985	0.02685	0.02226	0.01850	0.35665	0.07580	0.04324	0.02545	0.07546	0.02154	0.01271	0.00916	0.00288	0.00955	0.06691	0.00767	0.01316
67	0.01250	0.00857	0.01051	0.01133	0.01182	0.00846	0.00756	0.01359	0.01496	0.01982	0.03552	0.20255	0.04088	0.42126	0.03101	0.00654	0.00764	0.12287	0.00642	0.00620
68	0.02107	0.02020	0.03447	0.11625	0.58037	0.02059	0.02651	0.02632	0.01962	0.02787	0.01632	0.02176	0.01360	0.00787	0.00864	0.00262	0.01049	0.00777	0.00427	0.01340
69	0.01064	0.00818	0.00954	0.01056	0.01205	0.00730	0.00727	0.01234	0.01775	0.02242	0.06353	0.38693	0.29921	0.07418	0.01324	0.00365	0.00504	0.02121	0.00789	0.00707
70	0.01268	0.00846	0.00951	0.00951	0.00951	0.00846	0.00529	0.01268	0.01268	0.01691	0.02748	0.05708	0.03171	0.69345	0.04440	0.00846	0.00846	0.01268	0.00529	0.00529
71	0.01063	0.00759	0.01012	0.01215	0.01265	0.00709	0.00810	0.01215	0.01670	0.02227	0.04808	0.68775	0.05769	0.02733	0.01113	0.00354	0.00506	0.02480	0.00810	0.00709
72	0.01031	0.00884	0.00884	0.00884	0.01178	0.00736	0.00663	0.01252	0.01988	0.02356	0.08837	0.08395	0.63549	0.02209	0.01031	0.00295	0.00442	0.01841	0.00810	0.00736
73	0.01080	0.00773	0.01028	0.01203	0.01269	0.00720	0.00811	0.01258	0.01751	0.02356	0.10748	0.62467	0.06019	0.02637	0.01105	0.00346	0.00496	0.02388	0.00825	0.00720
74	0.01743	0.00926	0.00938	0.00896	0.01134	0.00944	0.00683	0.06127	0.01987	0.03408	0.02793	0.03172	0.02184	0.01018	0.00628	0.00207	0.00445	0.00811	0.69096	0.00860
75	0.02159	0.02073	0.03541	0.05354	0.63903	0.02073	0.02677	0.02677	0.01986	0.02850	0.01641	0.02159	0.01382	0.00777	0.00864	0.00259	0.01036	0.00777	0.00432	0.01382
76	0.03316	0.02443	0.02618	0.02007	0.02705	0.02705	0.01658	0.60995	0.04101	0.05497	0.02094	0.02094	0.01483	0.01047	0.00873	0.00262	0.00960	0.00785	0.00873	0.01483
77	0.02159	0.02073	0.03541	0.05354	0.63903	0.02073	0.02677	0.02677	0.01986	0.02850	0.01641	0.02159	0.01382	0.00777	0.00864	0.00259	0.01036	0.00777	0.00432	0.01382
78	0.01125	0.00887	0.01014	0.00982	0.01236	0.00776	0.00737	0.01434	0.02210	0.02884	0.34053	0.07527	0.38004	0.02012	0.01030	0.00285	0.00428	0.01719	0.00879	0.00776
79	0.01063	0.00759	0.01012	0.01215	0.01265	0.00709	0.00810	0.01215	0.01670	0.02227	0.04808	0.68775	0.05769	0.02733	0.01113	0.00354	0.00506	0.02480	0.00810	0.00709
80	0.01256	0.00840	0.00955	0.00967	0.00971	0.00837	0.00546	0.01265	0.01293	0.01724	0.02874	0.09561	0.03330	0.65275	0.04237	0.00816	0.00825	0.01343	0.00546	0.00540
81	0.02170	0.01874	0.01972	0.01775	0.02268	0.02170	0.01381	0.04635	0.62327	0.03649	0.03550	0.03254	0.02663	0.01183	0.00888	0.00296	0.00690	0.00986	0.00888	0.01381
82	0.01246	0.00935	0.01402	0.01402	0.01558	0.01090	0.01090	0.01558	0.01402	0.02025	0.02336	0.03427	0.02181	0.06542	0.65888	0.01402	0.02336	0.00935	0.00467	0.00779
83	0.01647	0.01550	0.02616	0.67248	0.06008	0.01938	0.02422	0.02229	0.01744	0.02229	0.01550	0.02326	0.01163	0.00872	0.00872	0.00291	0.01163	0.00775	0.00388	0.00969
84	0.03316	0.02443	0.02618	0.02007	0.02705	0.02705	0.01658	0.60995	0.04101	0.05497	0.02094	0.02094	0.01483	0.01047	0.00873	0.00262	0.00960	0.00785	0.00873	0.01483
85	0.03258	0.04157	0.02472	0.02247	0.02697	0.65843	0.01685	0.03483	0.02472	0.02135	0.01348	0.01573	0.01124	0.00899	0.00787	0.00225	0.01573	0.00562	0.00449	0.01011
86	0.01252	0.00848	0.00947	0.00947	0.00967	0.00838	0.00538	0.01267	0.01318	0.01738	0.03171	0.05895	0.07364	0.64683	0.04203	0.00807	0.00818	0.01308	0.00548	0.00543
87	0.01197	0.00941	0.01381	0.16401	0.02356	0.00991	0.01181	0.01448	0.01687	0.02227	0.04059	0.53493	0.04710	0.02305	0.01058	0.00340	0.00657	0.02088	0.00713	0.00768
88	0.01050	0.00810	0.00960	0.01080	0.01230	0.00720	0.00750	0.01230	0.01800	0.02280	0.06450	0.44159	0.29326	0.02519	0.01080	0.00330	0.00480	0.02219	0.00810	0.00720
89	0.02062	0.01974	0.03365	0.17080	0.52935	0.02047	0.02629	0.02592	0.01940	0.02732	0.01624	0.02190	0.01340	0.00795	0.00865	0.00265	0.01060	0.00777	0.00423	0.01304
90	0.01223	0.01118	0.01041	0.01015	0.01324	0.04510	0.00764	0.01562	0.04942	0.02467	0.11077	0.07659	0.54115	0.02063	0.01010	0.00290	0.00516	0.01713	0.00801	0.00788
91	0.03301	0.02887	0.02580	0.02069	0.02703	0.19050	0.01665	0.46106	0.03679	0.04627	0.01901	0.01959	0.01390	0.01009	0.00850	0.00252	0.01119	0.00727	0.00763	0.01361
92	0.02483	0.53942	0.04077	0.01676	0.02327	0.15100	0.01551	0.02748	0.01880	0.02070	0.01235	0.01459	0.01122	0.00816	0.00725	0.00204	0.04607	0.00500	0.00388	0.01090
93	0.07461	0.02257	0.02497	0.35467	0.04327	0.14221	0.02006	0.15890	0.02401	0.03073	0.01613	0.02067	0.01213	0.00913	0.00833	0.00270	0.01160	0.00716	0.00520	0.01093
94	0.02730	0.03090	0.02630	0.09415	0.16275	0.37069	0.01907	0.06276	0.02286	0.02446	0.01487	0.01886	0.01233	0.01035	0.01010	0.05720	0.01319	0.00658	0.00458	0.01068
95	0.02216	0.02154	0.01740	0.01631	0.01970	0.21075	0.01226	0.06219	0.15309	0.02876	0.02848	0.15095	0.02613	0.01592	0.03764	0.00316	0.00962	0.01094	0.14287	0.01014
96	0.01239	0.00851	0.01090	0.01127	0.01212	0.00872	0.00766	0.01420	0.01550	0.02183	0.09251	0.18812	0.03938	0.27483	0.18498	0.00775	0.01071	0.01449	0.05733	0.00680
97	0.02405	0.05609	0.02243	0.14044	0.02859	0.02010	0.01511	0.22036	0.10192	0.08209	0.08037	0.03042	0.02392	0.05825	0.01103	0.00306	0.00854	0.00906	0.05233	0.01184
98	0.07102	0.02499	0.02593	0.02182	0.06389	0.07010	0.01684	0.50314	0.03719	0.05017	0.01968	0.02026	0.01423	0.01008	0.00848	0.00259	0.00992	0.00753	0.00798	0.01416
99	0.09915	0.07611	0.05384	0.02102	0.05133	0.21967	0.01682	0.25923	0.02924	0.06786	0.01746	0.01857	0.01309	0.00939	0.00791	0.00247	0.01127	0.00663	0.00646	0.01250
100	0.03184	0.02829	0.02514	0.02045	0.02658	0.18996	0.01637	0.40329	0.09648	0.04437	0.02050	0.02078	0.01511	0.01023	0.00852	0.00256	0.01091	0.00748	0.00765	0.01351
101	0.02439	0.02164	0.01965	0.01691	0.02128	0.13141	0.01292	0.20935	0.16578	0.03464	0.03052	0.03543	0.07792	0.14113	0.01552	0.00377	0.00935	0.00983	0.00731	0.01126
102	0.02828	0.02306	0.02287	0.01911	0.02454	0.10517	0.01566	0.38901	0.03399	0.04398	0.05962	0.03745	0.02490	0.01328	0.00933	0.00284	0.00979	0.11647	0.00809	0.01255

[dist]
# distance from previous block
# <min> <max>
31	116

[block]
# block no. 5 follows, 20 sequences, length 6
# corresponding to MSA columns:
# 347-352
name=unknown_F
#
# <colnr> <probs for GDERKNQSTAVLIFYWHMCP>
#	G	D	E	R	K	N	Q	S	T	A	V	L	I	F	Y	W	H	M	C	P
0	0.02127	0.02257	0.03164	0.03475	0.24965	0.13449	0.15203	0.02596	0.02094	0.02628	0.02704	0.03736	0.07711	0.01149	0.00949	0.00284	0.01144	0.08714	0.00524	0.01128
1	0.13254	0.02173	0.09462	0.10262	0.10970	0.07214	0.01751	0.08089	0.06448	0.03221	0.10837	0.03165	0.07386	0.01121	0.00844	0.00272	0.00905	0.00910	0.00615	0.01101
2	0.18759	0.02402	0.07740	0.03847	0.38571	0.08912	0.02223	0.02745	0.01914	0.03005	0.01507	0.01904	0.01234	0.00802	0.00780	0.00259	0.01033	0.00675	0.00453	0.01236
3	0.22246	0.02346	0.14813	0.03270	0.28956	0.01930	0.02186	0.02580	0.01821	0.03103	0.01792	0.02622	0.01553	0.00952	0.00800	0.00279	0.00964	0.06115	0.00484	0.01188
4	0.02012	0.01891	0.02541	0.03371	0.31942	0.07020	0.01856	0.02716	0.11820	0.02642	0.02193	0.03046	0.01966	0.13835	0.07015	0.00466	0.01098	0.00897	0.00529	0.01145
5	0.02076	0.01967	0.02986	0.14581	0.42115	0.06357	0.02309	0.02514	0.01912	0.02628	0.01667	0.02244	0.01388	0.00975	0.01025	0.05530	0.01038	0.00762	0.04740	0.01185

[dist]
# distance from previous block
# <min> <max>
3	5

[block]
# block no. 6 follows, 20 sequences, length 42
# corresponding to MSA columns:
# 358-399
name=unknown_G
#
# <colnr> <probs for GDERKNQSTAVLIFYWHMCP>
#	G	D	E	R	K	N	Q	S	T	A	V	L	I	F	Y	W	H	M	C	P
0	0.01966	0.01858	0.03005	0.07001	0.48343	0.01869	0.02283	0.02556	0.05510	0.02796	0.02847	0.03182	0.10939	0.01024	0.00891	0.00268	0.00930	0.00952	0.00514	0.01266
1	0.01735	0.01632	0.02631	0.23541	0.31207	0.01718	0.02126	0.02204	0.01911	0.02541	0.03299	0.03672	0.15887	0.01142	0.00905	0.00277	0.00936	0.01026	0.00507	0.01102
2	0.02099	0.02012	0.03433	0.12560	0.57163	0.02057	0.02647	0.02625	0.01958	0.02777	0.01630	0.02178	0.01356	0.00788	0.00865	0.00263	0.01051	0.00777	0.00427	0.01334
3	0.19288	0.01973	0.02715	0.19797	0.31132	0.05746	0.02149	0.02585	0.01836	0.02901	0.01501	0.01993	0.01209	0.00816	0.00785	0.00268	0.01015	0.00693	0.00447	0.01153
4	0.01960	0.01855	0.03098	0.09577	0.50460	0.01870	0.02379	0.02437	0.01949	0.02723	0.02421	0.06595	0.06823	0.01019	0.00893	0.00270	0.00965	0.00966	0.00482	0.01256
5	0.01246	0.00935	0.01402	0.01402	0.01558	0.01090	0.01090	0.01558	0.01402	0.02025	0.02336	0.03427	0.02181	0.06542	0.65888	0.01402	0.02336	0.00935	0.00467	0.00779
6	0.01304	0.00916	0.01312	0.01312	0.01475	0.01048	0.01017	0.01630	0.01467	0.02212	0.02414	0.03400	0.02189	0.05698	0.55922	0.01219	0.02042	0.00916	0.11722	0.00784
7	0.02081	0.01993	0.03399	0.14804	0.55064	0.02052	0.02638	0.02609	0.01949	0.02755	0.01627	0.02184	0.01348	0.00792	0.00865	0.00264	0.01056	0.00777	0.00425	0.01319
8	0.02144	0.04141	0.42254	0.02589	0.03627	0.17009	0.10528	0.02936	0.02018	0.02620	0.01541	0.01847	0.01138	0.00833	0.00846	0.00267	0.01380	0.00676	0.00397	0.01209
9	0.01876	0.01719	0.02763	0.43272	0.20083	0.01972	0.02339	0.06888	0.02002	0.02647	0.01977	0.02567	0.04339	0.00928	0.00878	0.00281	0.01079	0.00829	0.00458	0.01102
10	0.01223	0.00938	0.01125	0.01070	0.01315	0.00865	0.00805	0.01682	0.05303	0.03179	0.44855	0.06891	0.23773	0.01875	0.01022	0.00281	0.00434	0.01623	0.00914	0.00826
11	0.01031	0.00884	0.00884	0.00884	0.01178	0.00736	0.00663	0.01252	0.01988	0.02356	0.08837	0.08395	0.63549	0.02209	0.01031	0.00295	0.00442	0.01841	0.00810	0.00736
12	0.03186	0.09296	0.02636	0.02188	0.02661	0.60964	0.01670	0.03415	0.02417	0.02128	0.01338	0.01559	0.01123	0.00887	0.00769	0.00222	0.01523	0.00554	0.00443	0.01020
13	0.01268	0.00846	0.00951	0.00951	0.00951	0.00846	0.00529	0.01268	0.01268	0.01691	0.02748	0.05708	0.03171	0.69345	0.04440	0.00846	0.00846	0.01268	0.00529	0.00529
14	0.02170	0.01874	0.01972	0.01775	0.02268	0.02170	0.01381	0.04635	0.62327	0.03649	0.03550	0.03254	0.02663	0.01183	0.00888	0.00296	0.00690	0.00986	0.00888	0.01381
15	0.02497	0.58275	0.04212	0.01611	0.02319	0.10851	0.01525	0.05968	0.01986	0.02254	0.01278	0.01459	0.01140	0.00781	0.00604	0.00195	0.01011	0.00496	0.00410	0.01127
16	0.01114	0.00907	0.00996	0.01047	0.01285	0.00814	0.00772	0.01438	0.04919	0.02400	0.07353	0.23437	0.43111	0.02300	0.01053	0.00315	0.00488	0.04674	0.00813	0.00765
17	0.01809	0.01550	0.01809	0.01292	0.02067	0.01163	0.01034	0.02196	0.01809	0.02842	0.01550	0.01809	0.01292	0.00646	0.00646	0.00129	0.00646	0.00517	0.00517	0.74677
18	0.01750	0.04512	0.64825	0.02486	0.03775	0.02026	0.03223	0.02762	0.01842	0.02762	0.01565	0.01842	0.01105	0.00829	0.00829	0.00276	0.01289	0.00645	0.00368	0.01289
19	0.01774	0.01711	0.02415	0.02110	0.02142	0.02352	0.01743	0.01990	0.01349	0.02084	0.01386	0.02216	0.01355	0.02541	0.15612	0.00588	0.54516	0.00798	0.00399	0.00919
20	0.01237	0.00832	0.00961	0.00992	0.00999	0.00825	0.00571	0.01260	0.01330	0.01773	0.03063	0.15337	0.03568	0.59175	0.03932	0.00771	0.00794	0.01453	0.00571	0.00556
21	0.01090	0.00799	0.00976	0.01104	0.01196	0.00737	0.00734	0.01231	0.01668	0.02164	0.05277	0.46166	0.16968	0.13672	0.01648	0.00424	0.00549	0.02150	0.00763	0.00684
22	0.02417	0.02561	0.03290	0.04626	0.49556	0.17021	0.02445	0.02866	0.02100	0.02682	0.01572	0.02022	0.01321	0.00806	0.00845	0.00251	0.01162	0.00727	0.00436	0.01295
23	0.02413	0.02554	0.03294	0.04637	0.49773	0.16795	0.02448	0.02863	0.02098	0.02685	0.01573	0.02024	0.01322	0.00805	0.00846	0.00251	0.01160	0.00727	0.00436	0.01296
24	0.01095	0.00879	0.00933	0.00923	0.01161	0.00765	0.00664	0.01308	0.01944	0.02411	0.15375	0.07728	0.46766	0.12401	0.01551	0.00376	0.00499	0.01718	0.00788	0.00716
25	0.01402	0.00992	0.01378	0.01348	0.01537	0.01131	0.01050	0.04560	0.01596	0.02371	0.02397	0.03336	0.02154	0.05485	0.53400	0.01175	0.01994	0.00910	0.10965	0.00818
26	0.01239	0.00863	0.01057	0.01070	0.01124	0.00889	0.00684	0.01332	0.01360	0.01835	0.03079	0.09135	0.06092	0.47248	0.18473	0.00919	0.01154	0.01292	0.00545	0.00608
27	0.02332	0.69869	0.04571	0.01493	0.02239	0.03451	0.01493	0.02612	0.01772	0.02052	0.01213	0.01399	0.01119	0.00746	0.00560	0.00187	0.00933	0.00466	0.00373	0.01119
28	0.05506	0.20871	0.31703	0.02835	0.17370	0.02406	0.02535	0.02694	0.01840	0.02652	0.01474	0.01780	0.01166	0.00794	0.00753	0.00248	0.01108	0.00621	0.00393	0.01250
29	0.01906	0.01952	0.07757	0.04029	0.40944	0.01756	0.02347	0.02429	0.01981	0.02773	0.02508	0.04386	0.02427	0.01260	0.00961	0.00302	0.00988	0.17556	0.00536	0.01205
30	0.01845	0.03940	0.50459	0.03158	0.17870	0.02037	0.03095	0.02742	0.01876	0.02783	0.01583	0.01916	0.01170	0.00817	0.00837	0.00272	0.01230	0.00676	0.00383	0.01311
31	0.01426	0.00877	0.01124	0.01124	0.01302	0.00959	0.00863	0.01782	0.01604	0.02605	0.02577	0.03344	0.02207	0.03932	0.35054	0.00836	0.01425	0.00877	0.35289	0.00795
32	0.01220	0.00825	0.00966	0.01013	0.01025	0.00814	0.00594	0.01256	0.01363	0.01817	0.03231	0.20492	0.03780	0.53730	0.03660	0.00730	0.00766	0.01552	0.00594	0.00571
33	0.01246	0.00935	0.01402	0.01402	0.01558	0.01090	0.01090	0.01558	0.01402	0.02025	0.02336	0.03427	0.02181	0.06542	0.65888	0.01402	0.02336	0.00935	0.00467	0.00779
34	0.01126	0.00914	0.01016	0.01068	0.01338	0.00804	0.00852	0.01393	0.01993	0.02421	0.07763	0.08762	0.48660	0.02260	0.01075	0.00322	0.00534	0.16136	0.00808	0.00753
35	0.03186	0.09296	0.02636	0.02188	0.02661	0.60964	0.01670	0.03415	0.02417	0.02128	0.01338	0.01559	0.01123	0.00887	0.00769	0.00222	0.01523	0.00554	0.00443	0.01020
36	0.01311	0.00821	0.00931	0.00972	0.01030	0.00810	0.00604	0.01437	0.01481	0.02165	0.03186	0.17838	0.03475	0.39907	0.02872	0.00596	0.00674	0.01406	0.17852	0.00631
37	0.01919	0.17030	0.44816	0.02673	0.11488	0.02312	0.02810	0.02721	0.01847	0.02635	0.01506	0.01797	0.01145	0.00806	0.00781	0.00256	0.01185	0.00627	0.00378	0.01268
38	0.02696	0.02443	0.02915	0.11534	0.24210	0.11303	0.02111	0.25272	0.02841	0.03693	0.01763	0.02073	0.01357	0.00911	0.00857	0.00259	0.01099	0.00750	0.00599	0.01316
39	0.01722	0.05076	0.01644	0.01376	0.01689	0.01419	0.01067	0.09220	0.08177	0.05914	0.12678	0.21568	0.17172	0.01868	0.01096	0.00302	0.04670	0.01570	0.00808	0.00966
40	0.03086	0.02307	0.02494	0.01898	0.02608	0.02470	0.01563	0.52018	0.03751	0.05092	0.02011	0.02051	0.01454	0.00986	0.00838	0.00242	0.00912	0.00744	0.00818	0.12658
41	0.02345	0.02123	0.02996	0.08630	0.36653	0.05209	0.02241	0.13633	0.07154	0.03311	0.02036	0.02684	0.01694	0.00971	0.00885	0.00272	0.01016	0.04261	0.00570	0.01317

[dist]
# distance from previous block
# <min> <max>
3	7

[block]
# block no. 7 follows, 20 sequences, length 8
# corresponding to MSA columns:
# 407-414
name=unknown_H
#
# <colnr> <probs for GDERKNQSTAVLIFYWHMCP>
#	G	D	E	R	K	N	Q	S	T	A	V	L	I	F	Y	W	H	M	C	P
0	0.15673	0.02215	0.01995	0.05125	0.05201	0.15234	0.01416	0.10828	0.13752	0.05971	0.02760	0.07485	0.06407	0.01188	0.00826	0.00273	0.00918	0.00925	0.00682	0.01126
1	0.02400	0.02142	0.02056	0.01793	0.02202	0.15186	0.01416	0.23020	0.02582	0.03278	0.02044	0.02567	0.01713	0.03416	0.29254	0.00752	0.01689	0.00804	0.00607	0.01077
2	0.01521	0.01270	0.01533	0.01442	0.01619	0.01466	0.01093	0.02136	0.13139	0.02460	0.04004	0.13713	0.14549	0.11902	0.05593	0.00461	0.15273	0.01346	0.04601	0.00879
3	0.01261	0.00876	0.01103	0.01103	0.01155	0.00928	0.00717	0.01366	0.01313	0.01803	0.02610	0.04942	0.02838	0.48245	0.25084	0.01033	0.01347	0.01156	0.00508	0.00613
4	0.02733	0.17098	0.03547	0.02643	0.09141	0.25816	0.12981	0.10777	0.02416	0.02765	0.01529	0.01814	0.01235	0.00843	0.00805	0.00238	0.01284	0.00683	0.00487	0.01166
5	0.02160	0.01955	0.03103	0.25153	0.36015	0.02121	0.02445	0.11023	0.02215	0.03032	0.01677	0.02204	0.01325	0.00848	0.00868	0.00270	0.01067	0.00778	0.00481	0.01261
6	0.02604	0.18951	0.03593	0.03035	0.18104	0.26650	0.09790	0.02984	0.02130	0.02382	0.01445	0.01782	0.01214	0.00811	0.00785	0.00234	0.01274	0.00656	0.00426	0.01151
7	0.02752	0.11736	0.02937	0.02512	0.10224	0.28553	0.01823	0.11382	0.02341	0.02697	0.01437	0.01764	0.01212	0.01005	0.01174	0.00259	0.13929	0.00647	0.00486	0.01130

[dist]
# distance from previous block
# <min> <max>
10	15

[block]
# block no. 8 follows, 20 sequences, length 13
# corresponding to MSA columns:
# 430-442
name=unknown_I
#
# <colnr> <probs for GDERKNQSTAVLIFYWHMCP>
#	G	D	E	R	K	N	Q	S	T	A	V	L	I	F	Y	W	H	M	C	P
0	0.02468	0.02794	0.02655	0.06925	0.09242	0.30004	0.08007	0.03125	0.10490	0.02480	0.01884	0.02267	0.01540	0.01715	0.10171	0.00419	0.01466	0.00761	0.00506	0.01082
1	0.02497	0.36602	0.03352	0.01727	0.02285	0.25027	0.01486	0.02768	0.02025	0.02162	0.04946	0.01937	0.01626	0.01380	0.06530	0.00314	0.01254	0.00606	0.00442	0.01034
2	0.01748	0.05479	0.01645	0.01391	0.01715	0.08131	0.01040	0.09367	0.02111	0.02681	0.03974	0.30157	0.11774	0.05689	0.01143	0.00315	0.00728	0.01576	0.00707	0.08628
3	0.01949	0.02199	0.11034	0.02309	0.08948	0.07237	0.07020	0.05634	0.01910	0.02700	0.02258	0.02828	0.05183	0.04860	0.05788	0.00385	0.13840	0.00864	0.12021	0.01033
4	0.14636	0.12699	0.08828	0.02826	0.21105	0.13437	0.01922	0.02828	0.01950	0.05188	0.01511	0.01795	0.01222	0.00807	0.00733	0.00237	0.01042	0.00615	0.00469	0.06149
5	0.02581	0.02660	0.02606	0.02831	0.16744	0.23516	0.01868	0.05959	0.11630	0.05169	0.02013	0.02509	0.01679	0.01091	0.01137	0.00278	0.10403	0.03579	0.00567	0.01178
6	0.01461	0.01078	0.01513	0.01828	0.11615	0.01042	0.01101	0.01719	0.01829	0.05518	0.13275	0.20704	0.11125	0.14334	0.07445	0.00497	0.00808	0.01550	0.00703	0.00853
7	0.01980	0.01481	0.01640	0.01459	0.01835	0.01535	0.01122	0.25766	0.02746	0.03601	0.04683	0.26574	0.18197	0.01912	0.00994	0.00302	0.00677	0.01627	0.00836	0.01033
8	0.10339	0.03422	0.38755	0.02778	0.13250	0.02115	0.02688	0.02633	0.01754	0.02817	0.01479	0.01854	0.01138	0.00915	0.01084	0.00287	0.10409	0.00663	0.00400	0.01218
9	0.02676	0.20616	0.09721	0.02271	0.08125	0.25463	0.01846	0.11015	0.02406	0.02773	0.04279	0.01906	0.01516	0.00902	0.00762	0.00231	0.01191	0.00642	0.00501	0.01159
10	0.01862	0.06431	0.38434	0.12143	0.18781	0.02089	0.02900	0.02661	0.01860	0.02678	0.01566	0.01967	0.01182	0.00818	0.00831	0.00270	0.01194	0.00687	0.00387	0.01260
11	0.01946	0.02084	0.01599	0.01486	0.01830	0.22734	0.01120	0.02446	0.08441	0.02704	0.19664	0.05105	0.22335	0.01557	0.00934	0.00266	0.00839	0.01258	0.00735	0.00916
12	0.02865	0.12272	0.02567	0.01907	0.02404	0.31769	0.01520	0.11245	0.02431	0.08179	0.01786	0.02054	0.01441	0.01846	0.11518	0.00423	0.01449	0.00670	0.00558	0.01097

[dist]
# distance from previous block
# <min> <max>
2	3

[block]
# block no. 9 follows, 20 sequences, length 13
# corresponding to MSA columns:
# 446-458
name=unknown_J
#
# <colnr> <probs for GDERKNQSTAVLIFYWHMCP>
#	G	D	E	R	K	N	Q	S	T	A	V	L	I	F	Y	W	H	M	C	P
0	0.01914	0.01598	0.01822	0.01671	0.02037	0.01810	0.01350	0.09186	0.26887	0.03239	0.04249	0.05141	0.13499	0.01624	0.01202	0.00322	0.08497	0.12036	0.00797	0.01118
1	0.02156	0.01653	0.02001	0.01695	0.02004	0.01945	0.01375	0.21440	0.02471	0.03560	0.09147	0.02937	0.02403	0.02026	0.10552	0.00445	0.17751	0.00898	0.12474	0.01066
2	0.01660	0.01106	0.01339	0.01305	0.01535	0.01116	0.00938	0.02338	0.14478	0.09286	0.14942	0.26854	0.04793	0.12364	0.01540	0.00394	0.00605	0.01644	0.00839	0.00924
3	0.01950	0.12614	0.05898	0.01661	0.02039	0.17733	0.01390	0.02255	0.01744	0.02078	0.01897	0.02711	0.01756	0.08217	0.31356	0.00813	0.01763	0.00774	0.00447	0.00903
4	0.03117	0.02782	0.02478	0.02030	0.02633	0.18453	0.01620	0.37523	0.13041	0.04357	0.02141	0.02150	0.01583	0.01032	0.00853	0.00258	0.01070	0.00762	0.00769	0.01349
5	0.02069	0.01793	0.02103	0.02206	0.10463	0.02010	0.01523	0.04033	0.47225	0.03473	0.06881	0.03679	0.02954	0.01235	0.00911	0.00296	0.00727	0.04278	0.00826	0.01315
6	0.03160	0.11526	0.02739	0.02121	0.02645	0.48448	0.01659	0.12616	0.02652	0.02665	0.01452	0.01637	0.01181	0.00905	0.00774	0.00226	0.01400	0.00587	0.00509	0.01100
7	0.10750	0.51445	0.13863	0.01612	0.02421	0.03049	0.01707	0.02631	0.01750	0.02383	0.01270	0.01472	0.01097	0.00767	0.00601	0.00211	0.00960	0.00496	0.00392	0.01126
8	0.03316	0.02443	0.02618	0.02007	0.02705	0.02705	0.01658	0.60995	0.04101	0.05497	0.02094	0.02094	0.01483	0.01047	0.00873	0.00262	0.00960	0.00785	0.00873	0.01483
9	0.02974	0.03205	0.03185	0.02536	0.03166	0.31488	0.16486	0.20067	0.02843	0.03280	0.01670	0.01920	0.01279	0.00901	0.00873	0.00253	0.01369	0.00744	0.00571	0.01190
10	0.02271	0.03169	0.18776	0.07411	0.24827	0.16922	0.08730	0.02872	0.02056	0.02618	0.01562	0.01973	0.01233	0.00820	0.00855	0.00261	0.01278	0.00720	0.00418	0.01226
11	0.02357	0.01967	0.02078	0.01813	0.02339	0.02257	0.01426	0.13829	0.52830	0.03950	0.03313	0.03065	0.02470	0.01161	0.00885	0.00290	0.00734	0.00953	0.00885	0.01397
12	0.01082	0.00886	0.00954	0.00937	0.01209	0.00758	0.00703	0.01350	0.02108	0.02641	0.22464	0.07926	0.49744	0.02103	0.01030	0.00290	0.00434	0.01775	0.00848	0.00758

[dist]
# distance from previous block
# <min> <max>
22	75

[block]
# block no. 10 follows, 20 sequences, length 8
# corresponding to MSA columns:
# 534-541
name=unknown_K
#
# <colnr> <probs for GDERKNQSTAVLIFYWHMCP>
#	G	D	E	R	K	N	Q	S	T	A	V	L	I	F	Y	W	H	M	C	P
0	0.01975	0.01972	0.06343	0.02534	0.16893	0.09188	0.01703	0.06251	0.01940	0.02708	0.01986	0.02586	0.01688	0.02598	0.20133	0.00593	0.05590	0.00794	0.11477	0.01049
1	0.02392	0.02496	0.03189	0.04412	0.46048	0.15526	0.02364	0.03004	0.06934	0.02763	0.01732	0.02123	0.01430	0.00835	0.00849	0.00255	0.01122	0.00749	0.00472	0.01303
2	0.01971	0.19857	0.23435	0.02605	0.12708	0.02482	0.02315	0.02511	0.01719	0.02421	0.01438	0.01875	0.01215	0.01231	0.04433	0.00329	0.15240	0.00661	0.00388	0.01165
3	0.01713	0.01345	0.01778	0.02051	0.11724	0.01398	0.01294	0.11411	0.06451	0.02909	0.03432	0.33100	0.03684	0.06769	0.06338	0.00435	0.00845	0.01619	0.00719	0.00985
4	0.01933	0.01659	0.02362	0.02291	0.12238	0.01562	0.08034	0.12139	0.02244	0.03125	0.02950	0.16503	0.07294	0.01308	0.00892	0.00252	0.00810	0.01180	0.00640	0.20584
5	0.02503	0.03307	0.13545	0.07873	0.24564	0.28131	0.02347	0.02990	0.02143	0.02499	0.01502	0.01876	0.01214	0.00842	0.00827	0.00250	0.01308	0.00666	0.00425	0.01186
6	0.12753	0.08363	0.20035	0.02078	0.06257	0.11531	0.01926	0.08851	0.06897	0.03094	0.02418	0.02535	0.07685	0.01019	0.00791	0.00261	0.01031	0.00766	0.00548	0.01161
7	0.01973	0.01501	0.01814	0.01818	0.08139	0.01569	0.01236	0.21018	0.02513	0.03373	0.08280	0.11467	0.10707	0.13555	0.06660	0.00467	0.00896	0.01267	0.00728	0.01019

[dist]
# distance from previous block
# <min> <max>
27	64

[block]
# block no. 11 follows, 20 sequences, length 6
# corresponding to MSA columns:
# 606-611
name=unknown_L
#
# <colnr> <probs for GDERKNQSTAVLIFYWHMCP>
#	G	D	E	R	K	N	Q	S	T	A	V	L	I	F	Y	W	H	M	C	P
0	0.01620	0.07688	0.01683	0.01375	0.01688	0.01467	0.01050	0.07200	0.15260	0.02884	0.07588	0.30094	0.13133	0.01935	0.00974	0.00305	0.00611	0.01676	0.00799	0.00970
1	0.07347	0.01416	0.06858	0.01842	0.10960	0.01168	0.01284	0.01819	0.02030	0.02928	0.23006	0.16524	0.16059	0.01722	0.00963	0.00290	0.00624	0.01499	0.00741	0.00920
2	0.02684	0.03234	0.02755	0.02364	0.02756	0.40424	0.09006	0.02972	0.02113	0.02201	0.01442	0.01887	0.01239	0.01462	0.06553	0.00360	0.14421	0.00689	0.00437	0.01002
