[name]
unknown

[dist]
# distance from previous block
# <min> <max>
7	42

[block]
# block no. 0 follows, 21 sequences, length 29
# corresponding to MSA columns:
# 46-74
name=unknown_A
#
# <colnr> <probs for GDERKNQSTAVLIFYWHMCP>
#	G	D	E	R	K	N	Q	S	T	A	V	L	I	F	Y	W	H	M	C	P
0	0.02384	0.02442	0.02962	0.06868	0.34442	0.16075	0.02180	0.07746	0.04646	0.02774	0.01599	0.02004	0.01319	0.00901	0.01026	0.00261	0.07961	0.00720	0.00472	0.01217
1	0.07664	0.09958	0.05517	0.09338	0.40308	0.05319	0.02253	0.02661	0.01895	0.05084	0.01566	0.01972	0.01276	0.00784	0.00781	0.00247	0.01008	0.00690	0.00442	0.01236
2	0.01947	0.01853	0.02701	0.08459	0.36369	0.05619	0.02014	0.02412	0.04791	0.02458	0.01834	0.02774	0.01691	0.13999	0.01664	0.00373	0.06636	0.00846	0.00455	0.01104
3	0.01926	0.01626	0.01844	0.02060	0.13056	0.08002	0.01325	0.11660	0.02148	0.02912	0.03008	0.08229	0.09057	0.04848	0.11982	0.00461	0.01052	0.01028	0.12789	0.00986
4	0.01375	0.01000	0.01279	0.04346	0.01596	0.00892	0.00872	0.01476	0.01535	0.02129	0.03089	0.21500	0.07963	0.08908	0.01790	0.17477	0.00645	0.01278	0.00571	0.20280
5	0.01849	0.01402	0.01723	0.01538	0.01723	0.01681	0.01221	0.11876	0.01967	0.02978	0.02469	0.15134	0.02361	0.01479	0.01457	0.00293	0.23012	0.01081	0.23828	0.00929
6	0.02109	0.02200	0.10952	0.13942	0.43789	0.01940	0.02540	0.02671	0.01922	0.07311	0.01708	0.02150	0.01339	0.00800	0.00840	0.00260	0.01039	0.00749	0.00454	0.01284
7	0.06754	0.03249	0.02575	0.02670	0.14366	0.39717	0.01786	0.13583	0.02554	0.02886	0.01492	0.01725	0.01197	0.00876	0.00784	0.00234	0.01284	0.00622	0.00513	0.01133
8	0.07481	0.03480	0.37495	0.02427	0.09333	0.09136	0.02442	0.07268	0.02037	0.02896	0.02086	0.02293	0.06130	0.00933	0.00805	0.00262	0.01129	0.00723	0.00459	0.01184
9	0.01588	0.01426	0.02137	0.13984	0.22838	0.01466	0.01733	0.02114	0.05486	0.02546	0.04182	0.05114	0.20291	0.01448	0.00944	0.00292	0.00809	0.09991	0.00603	0.01009
10	0.19553	0.08622	0.02288	0.02003	0.06858	0.35109	0.01460	0.03026	0.02068	0.05707	0.01475	0.01683	0.01183	0.00851	0.00695	0.00230	0.01143	0.00564	0.04462	0.01020
11	0.01846	0.01958	0.07792	0.25207	0.31538	0.01907	0.02351	0.02552	0.06978	0.02610	0.02132	0.02581	0.05050	0.00908	0.00854	0.00269	0.01009	0.00825	0.00461	0.01171
12	0.02334	0.36248	0.18575	0.02048	0.05878	0.17230	0.01962	0.02778	0.01910	0.02226	0.01317	0.01545	0.01103	0.00782	0.00674	0.00215	0.01139	0.00533	0.00383	0.01121
13	0.01376	0.01199	0.01212	0.01178	0.01433	0.06410	0.00878	0.01617	0.01799	0.02342	0.05004	0.19356	0.25680	0.02290	0.07359	0.00379	0.03504	0.01485	0.08198	0.07301
14	0.01873	0.01453	0.01707	0.01248	0.01957	0.01109	0.00998	0.02234	0.01835	0.07971	0.02260	0.02396	0.06606	0.00793	0.00680	0.00151	0.00621	0.00641	0.00574	0.62890
15	0.01230	0.00854	0.01073	0.01073	0.01124	0.00904	0.00697	0.01331	0.01281	0.01758	0.02549	0.04834	0.02775	0.49048	0.24939	0.01004	0.01305	0.01130	0.00496	0.00596
16	0.01463	0.01051	0.01503	0.01352	0.01537	0.01149	0.05933	0.01764	0.01529	0.02378	0.02376	0.03498	0.02174	0.15799	0.22214	0.00705	0.06855	0.00928	0.25020	0.00771
17	0.01122	0.00867	0.01023	0.00984	0.01221	0.00768	0.00738	0.01446	0.02214	0.02950	0.41201	0.07118	0.31452	0.01912	0.01005	0.00276	0.00414	0.01646	0.00876	0.00768
18	0.03028	0.15179	0.02754	0.02069	0.02556	0.56094	0.01613	0.03256	0.02298	0.02069	0.01293	0.01506	0.01096	0.00852	0.00730	0.00213	0.01430	0.00533	0.00426	0.01004
19	0.01216	0.00912	0.01368	0.01368	0.01520	0.01064	0.01064	0.01520	0.01368	0.01976	0.02279	0.03343	0.02127	0.06382	0.66720	0.01368	0.02279	0.00912	0.00456	0.00760
20	0.02105	0.50769	0.22803	0.01747	0.02633	0.02951	0.01962	0.02592	0.01749	0.02210	0.01286	0.01494	0.01088	0.00752	0.00625	0.00208	0.01014	0.00507	0.00363	0.01142
21	0.01237	0.01025	0.01102	0.01055	0.01355	0.00971	0.00799	0.01861	0.12294	0.02763	0.20439	0.06935	0.41264	0.01893	0.00982	0.00283	0.00465	0.01598	0.00836	0.00843
22	0.01037	0.00741	0.00987	0.01185	0.01234	0.00691	0.00790	0.01185	0.01629	0.02172	0.04690	0.69537	0.05629	0.02666	0.01086	0.00346	0.00494	0.02419	0.00790	0.00691
23	0.01076	0.00771	0.01023	0.01158	0.01243	0.00717	0.00793	0.01283	0.01812	0.02462	0.18634	0.54766	0.06190	0.02450	0.01067	0.00327	0.00472	0.02213	0.00824	0.00717
24	0.02030	0.01944	0.03316	0.14849	0.55756	0.02002	0.02574	0.02545	0.01902	0.02687	0.01587	0.02131	0.01315	0.00772	0.00844	0.00257	0.01030	0.00758	0.00415	0.01286
25	0.03015	0.03731	0.02402	0.02342	0.07143	0.58379	0.01660	0.03265	0.02343	0.02192	0.01414	0.01664	0.01173	0.00874	0.00764	0.00221	0.01435	0.00577	0.04403	0.01003
26	0.01562	0.00914	0.01062	0.01030	0.01240	0.00974	0.00792	0.05051	0.01777	0.02926	0.02586	0.03164	0.02126	0.02631	0.20702	0.00557	0.00998	0.00828	0.48263	0.00818
27	0.02114	0.02080	0.03310	0.11232	0.55682	0.05457	0.02536	0.02611	0.01940	0.02684	0.01577	0.02092	0.01314	0.00774	0.00839	0.00254	0.01051	0.00747	0.00418	0.01289
28	0.02083	0.03305	0.26299	0.02664	0.03437	0.13815	0.18556	0.02713	0.01876	0.02475	0.01467	0.01897	0.01146	0.00920	0.01215	0.00284	0.13596	0.00737	0.00395	0.01119

[dist]
# distance from previous block
# <min> <max>
0	5

[block]
# block no. 1 follows, 21 sequences, length 41
# corresponding to MSA columns:
# 80-120
name=unknown_B
#
# <colnr> <probs for GDERKNQSTAVLIFYWHMCP>
#	G	D	E	R	K	N	Q	S	T	A	V	L	I	F	Y	W	H	M	C	P
0	0.01937	0.02917	0.27093	0.03947	0.37101	0.02046	0.02762	0.02604	0.01839	0.02696	0.01539	0.01971	0.01229	0.00829	0.00967	0.00268	0.05870	0.00708	0.00394	0.01284
1	0.02732	0.03223	0.03019	0.02745	0.09248	0.38607	0.12674	0.06290	0.02270	0.02448	0.01439	0.01791	0.01179	0.00903	0.01020	0.00252	0.07952	0.00684	0.00452	0.01073
2	0.01216	0.00912	0.01368	0.01368	0.01520	0.01064	0.01064	0.01520	0.01368	0.01976	0.02279	0.03343	0.02127	0.06382	0.66720	0.01368	0.02279	0.00912	0.00456	0.00760
3	0.01034	0.00833	0.00922	0.00963	0.01183	0.00721	0.00698	0.01253	0.01913	0.02385	0.13500	0.22973	0.44172	0.02236	0.01025	0.00300	0.00443	0.01921	0.00806	0.00721
4	0.02275	0.70604	0.04459	0.01456	0.02184	0.03367	0.01456	0.02548	0.01729	0.02002	0.01183	0.01365	0.01092	0.00728	0.00546	0.00182	0.00910	0.00455	0.00364	0.01092
5	0.01037	0.00741	0.00987	0.01185	0.01234	0.00691	0.00790	0.01185	0.01629	0.02172	0.04690	0.69537	0.05629	0.02666	0.01086	0.00346	0.00494	0.02419	0.00790	0.00691
6	0.03179	0.04056	0.02412	0.02192	0.02631	0.66676	0.01644	0.03398	0.02412	0.02083	0.01315	0.01535	0.01096	0.00877	0.00767	0.00219	0.01535	0.00548	0.00438	0.00987
7	0.01037	0.00741	0.00987	0.01185	0.01234	0.00691	0.00790	0.01185	0.01629	0.02172	0.04690	0.69537	0.05629	0.02666	0.01086	0.00346	0.00494	0.02419	0.00790	0.00691
8	0.01707	0.04402	0.65683	0.02426	0.03683	0.01976	0.03144	0.02695	0.01797	0.02695	0.01527	0.01797	0.01078	0.00809	0.00809	0.00270	0.01258	0.00629	0.00359	0.01258
9	0.01048	0.00864	0.00921	0.00906	0.01175	0.00736	0.00680	0.01303	0.02039	0.02536	0.20466	0.07800	0.52446	0.02067	0.01005	0.00283	0.00425	0.01741	0.00821	0.00736
10	0.03179	0.04056	0.02412	0.02192	0.02631	0.66676	0.01644	0.03398	0.02412	0.02083	0.01315	0.01535	0.01096	0.00877	0.00767	0.00219	0.01535	0.00548	0.00438	0.00987
11	0.01216	0.00912	0.01368	0.01368	0.01520	0.01064	0.01064	0.01520	0.01368	0.01976	0.02279	0.03343	0.02127	0.06382	0.66720	0.01368	0.02279	0.00912	0.00456	0.00760
12	0.03179	0.04056	0.02412	0.02192	0.02631	0.66676	0.01644	0.03398	0.02412	0.02083	0.01315	0.01535	0.01096	0.00877	0.00767	0.00219	0.01535	0.00548	0.00438	0.00987
13	0.01037	0.00741	0.00987	0.01185	0.01234	0.00691	0.00790	0.01185	0.01629	0.02172	0.04690	0.69537	0.05629	0.02666	0.01086	0.00346	0.00494	0.02419	0.00790	0.00691
14	0.01707	0.04402	0.65683	0.02426	0.03683	0.01976	0.03144	0.02695	0.01797	0.02695	0.01527	0.01797	0.01078	0.00809	0.00809	0.00270	0.01258	0.00629	0.00359	0.01258
15	0.01707	0.04402	0.65683	0.02426	0.03683	0.01976	0.03144	0.02695	0.01797	0.02695	0.01527	0.01797	0.01078	0.00809	0.00809	0.00270	0.01258	0.00629	0.00359	0.01258
16	0.01014	0.00828	0.00897	0.00952	0.01173	0.00711	0.00687	0.01211	0.01853	0.02264	0.07524	0.25309	0.48027	0.02298	0.01028	0.00304	0.00449	0.01970	0.00790	0.00711
17	0.01273	0.01554	0.14018	0.01514	0.01870	0.01038	0.01416	0.01677	0.01822	0.02465	0.07835	0.31525	0.08267	0.02119	0.01046	0.00335	0.00719	0.17958	0.00711	0.00839
18	0.02368	0.03482	0.44945	0.02149	0.03212	0.01803	0.02544	0.05802	0.02076	0.20389	0.02064	0.02116	0.01383	0.00887	0.00824	0.00267	0.01093	0.00699	0.00576	0.01320
19	0.02635	0.03172	0.02254	0.02052	0.02374	0.45519	0.01573	0.02864	0.02062	0.02059	0.01458	0.01905	0.01283	0.01948	0.12816	0.00446	0.11568	0.00642	0.00432	0.00938
20	0.02320	0.02428	0.03246	0.04618	0.52371	0.14934	0.02419	0.02769	0.02032	0.02641	0.01544	0.01992	0.01298	0.00782	0.00827	0.00246	0.01116	0.00716	0.00425	0.01276
21	0.02031	0.42153	0.30771	0.01873	0.02828	0.02770	0.02182	0.02611	0.01758	0.02300	0.01331	0.01551	0.01086	0.00763	0.00659	0.00220	0.01059	0.00530	0.00362	0.01163
22	0.03124	0.03826	0.02479	0.02343	0.06055	0.58595	0.01696	0.07487	0.02498	0.02353	0.01383	0.01602	0.01135	0.00881	0.00777	0.00224	0.01464	0.00575	0.00467	0.01039
23	0.01032	0.00839	0.00919	0.00977	0.01202	0.00725	0.00719	0.01240	0.01865	0.02281	0.07449	0.23238	0.47001	0.02290	0.01034	0.00307	0.00465	0.04913	0.00790	0.00715
24	0.01904	0.01760	0.02915	0.04288	0.49363	0.01752	0.02264	0.02371	0.01942	0.02708	0.02562	0.03849	0.05869	0.01135	0.00913	0.00280	0.00934	0.11474	0.00510	0.01206
25	0.01961	0.01874	0.03192	0.23504	0.47639	0.01984	0.02539	0.02484	0.01869	0.02604	0.01575	0.02154	0.01286	0.00785	0.00845	0.00262	0.01047	0.00758	0.00409	0.01231
26	0.01703	0.00905	0.00917	0.00875	0.01108	0.00923	0.00667	0.06214	0.01941	0.03327	0.02724	0.03093	0.02129	0.00994	0.00613	0.00202	0.00435	0.00791	0.69597	0.00839
27	0.01068	0.00790	0.00958	0.01064	0.01173	0.00724	0.00717	0.01227	0.01695	0.02203	0.08940	0.41846	0.19607	0.12064	0.01523	0.00395	0.00520	0.02048	0.00760	0.00680
28	0.01575	0.01421	0.01958	0.01759	0.01789	0.01866	0.01389	0.01742	0.01320	0.01963	0.01843	0.06785	0.01953	0.16127	0.14354	0.00638	0.39306	0.00970	0.00440	0.00804
29	0.08881	0.01611	0.10528	0.10942	0.02363	0.01312	0.01386	0.05295	0.02021	0.02901	0.17516	0.12997	0.15908	0.01547	0.00909	0.00283	0.00703	0.01311	0.00680	0.00906
30	0.02428	0.02293	0.02629	0.02791	0.17562	0.15888	0.01857	0.02732	0.01867	0.09833	0.01576	0.01967	0.01298	0.01059	0.01478	0.00278	0.24171	0.00700	0.00490	0.07103
31	0.03097	0.10528	0.02646	0.02075	0.02587	0.48718	0.01620	0.13840	0.02628	0.02664	0.01433	0.01609	0.01159	0.00888	0.00760	0.00222	0.01364	0.00578	0.00505	0.01080
32	0.12447	0.01932	0.13034	0.07168	0.02390	0.01557	0.01488	0.09732	0.05074	0.03109	0.06865	0.11854	0.12776	0.01359	0.00848	0.00273	0.00767	0.01118	0.00642	0.05566
33	0.05128	0.01385	0.01904	0.02276	0.17245	0.01331	0.01433	0.02270	0.06250	0.06394	0.07127	0.10903	0.09411	0.01465	0.00912	0.00278	0.00714	0.11696	0.00676	0.11202
34	0.02741	0.10523	0.18098	0.02120	0.02844	0.29490	0.01985	0.16809	0.02563	0.02990	0.01524	0.01700	0.01173	0.00879	0.00774	0.00236	0.01264	0.00609	0.00508	0.01171
35	0.02236	0.17972	0.03450	0.07433	0.35361	0.10483	0.02165	0.02636	0.01897	0.02434	0.01434	0.01859	0.01231	0.00816	0.00885	0.00241	0.05205	0.00661	0.00405	0.01195
36	0.10873	0.09955	0.20414	0.01969	0.02614	0.18881	0.01930	0.02744	0.01905	0.05118	0.05271	0.01971	0.01540	0.00977	0.01024	0.00261	0.10369	0.00652	0.00465	0.01067
37	0.02675	0.06511	0.02590	0.05481	0.11602	0.41048	0.01767	0.03070	0.05313	0.02252	0.01519	0.01851	0.01275	0.01226	0.04837	0.00305	0.04552	0.00636	0.00450	0.01044
38	0.05934	0.01227	0.04372	0.07781	0.02064	0.01122	0.03955	0.04126	0.01772	0.02520	0.06182	0.40325	0.04012	0.01985	0.01065	0.03384	0.00676	0.01704	0.00674	0.05121
39	0.07422	0.04246	0.02461	0.08289	0.02631	0.01623	0.15106	0.02041	0.01591	0.02408	0.01877	0.02612	0.01609	0.02887	0.24035	0.03842	0.06227	0.00834	0.07366	0.00892
40	0.05487	0.05237	0.13110	0.18272	0.17506	0.02103	0.13172	0.06215	0.05517	0.02833	0.01688	0.02122	0.01293	0.00819	0.00843	0.00269	0.01111	0.00768	0.00457	0.01179

[dist]
# distance from previous block
# <min> <max>
1	15

[block]
# block no. 2 follows, 21 sequences, length 10
# corresponding to MSA columns:
# 136-145
name=unknown_C
#
# <colnr> <probs for GDERKNQSTAVLIFYWHMCP>
#	G	D	E	R	K	N	Q	S	T	A	V	L	I	F	Y	W	H	M	C	P
0	0.02024	0.02193	0.07556	0.23006	0.22410	0.07891	0.02204	0.02988	0.15718	0.02702	0.01962	0.02320	0.01521	0.00890	0.00841	0.00268	0.01039	0.00774	0.00505	0.01186
1	0.06243	0.02538	0.02798	0.03213	0.25684	0.16805	0.01984	0.17819	0.02483	0.03259	0.01581	0.01902	0.01273	0.00926	0.01005	0.00258	0.07769	0.00697	0.00535	0.01230
2	0.01271	0.00973	0.01408	0.01357	0.01570	0.01071	0.01058	0.01583	0.01408	0.02056	0.02202	0.03183	0.02040	0.05800	0.60031	0.01242	0.02113	0.00871	0.00461	0.08303
3	0.01854	0.01909	0.01979	0.01817	0.01987	0.16322	0.01437	0.02103	0.01583	0.02022	0.01709	0.02486	0.01588	0.03657	0.32456	0.00807	0.22215	0.00779	0.00427	0.00863
4	0.01242	0.00967	0.01313	0.01285	0.01458	0.01088	0.01002	0.01522	0.01518	0.02129	0.03650	0.04310	0.16099	0.04712	0.42798	0.00974	0.06871	0.01091	0.05205	0.00766
5	0.02365	0.64024	0.04257	0.01529	0.02228	0.09627	0.01475	0.02632	0.01797	0.02010	0.01196	0.01382	0.01093	0.00743	0.00568	0.00186	0.00972	0.00464	0.00371	0.01082
6	0.02798	0.38082	0.03431	0.01700	0.02340	0.19217	0.01493	0.08651	0.02213	0.10572	0.01581	0.01672	0.01259	0.00836	0.00672	0.00209	0.01048	0.00561	0.00519	0.01145
7	0.18954	0.02382	0.06836	0.07086	0.08293	0.18275	0.01560	0.02807	0.04368	0.09083	0.02599	0.02711	0.09599	0.01036	0.00774	0.00257	0.00975	0.00782	0.00571	0.01049
8	0.04993	0.02010	0.01630	0.01534	0.01798	0.22537	0.01163	0.02171	0.01839	0.02231	0.03039	0.06274	0.12128	0.05814	0.15980	0.00535	0.06239	0.00978	0.06274	0.00834
9	0.17103	0.02052	0.01854	0.01663	0.01977	0.16397	0.01305	0.08317	0.01868	0.02705	0.01671	0.02329	0.01494	0.06756	0.18451	0.00592	0.11323	0.00720	0.00498	0.00923

[dist]
# distance from previous block
# <min> <max>
7	13

[block]
# block no. 3 follows, 21 sequences, length 8
# corresponding to MSA columns:
# 159-166
name=unknown_D
#
# <colnr> <probs for GDERKNQSTAVLIFYWHMCP>
#	G	D	E	R	K	N	Q	S	T	A	V	L	I	F	Y	W	H	M	C	P
0	0.02227	0.05617	0.02209	0.01666	0.02237	0.17776	0.01332	0.05431	0.01973	0.02596	0.01421	0.01715	0.01202	0.00830	0.00960	0.00191	0.09944	0.00558	0.00481	0.39636
1	0.01874	0.06821	0.01718	0.01346	0.01683	0.13398	0.01001	0.05403	0.01952	0.02511	0.10480	0.08651	0.02989	0.18613	0.01682	0.00372	0.00831	0.01013	0.04874	0.12787
2	0.01920	0.01931	0.01458	0.01372	0.01665	0.23052	0.01032	0.02217	0.02103	0.02591	0.14204	0.04128	0.14422	0.01722	0.05959	0.00325	0.00935	0.01038	0.17082	0.00844
3	0.06970	0.01029	0.01316	0.01269	0.01447	0.01205	0.00997	0.01783	0.01490	0.02472	0.02225	0.02996	0.01950	0.03880	0.35808	0.00840	0.08371	0.00826	0.22327	0.00799
4	0.02110	0.25660	0.33947	0.02236	0.06463	0.11062	0.02368	0.02737	0.01865	0.02394	0.01392	0.01639	0.01100	0.00789	0.00720	0.00234	0.01168	0.00569	0.00375	0.01173
5	0.02683	0.02428	0.03077	0.10741	0.11631	0.12588	0.12997	0.23003	0.02730	0.07078	0.01819	0.02093	0.01349	0.00888	0.00865	0.00259	0.01147	0.00778	0.00603	0.01243
6	0.23709	0.01906	0.09816	0.25026	0.11741	0.01813	0.01905	0.02335	0.01742	0.02932	0.07845	0.02345	0.01797	0.00906	0.00764	0.00270	0.00917	0.00733	0.00483	0.01015
7	0.14189	0.15195	0.17711	0.02664	0.18377	0.02248	0.02079	0.02482	0.01688	0.02667	0.01426	0.01821	0.01187	0.01162	0.04651	0.00321	0.07960	0.00630	0.00410	0.01133

[dist]
# distance from previous block
# <min> <max>
2	27

[block]
# block no. 4 follows, 21 sequences, length 12
# corresponding to MSA columns:
# 194-205
name=unknown_E
#
# <colnr> <probs for GDERKNQSTAVLIFYWHMCP>
#	G	D	E	R	K	N	Q	S	T	A	V	L	I	F	Y	W	H	M	C	P
0	0.02067	0.02259	0.09639	0.04945	0.58711	0.02017	0.02665	0.02620	0.01924	0.02772	0.01593	0.02075	0.01321	0.00763	0.00839	0.00254	0.01036	0.00745	0.00415	0.01339
1	0.02557	0.02843	0.04965	0.02190	0.02689	0.28978	0.10602	0.12312	0.02363	0.02787	0.01696	0.02072	0.01371	0.01544	0.08453	0.00375	0.05083	0.00723	0.05343	0.01053
2	0.01481	0.01378	0.04758	0.11366	0.09294	0.01323	0.01383	0.04137	0.07900	0.02485	0.03909	0.20078	0.13810	0.08272	0.04254	0.00395	0.00817	0.01411	0.00637	0.00914
3	0.01601	0.12407	0.01999	0.01468	0.01721	0.05825	0.01199	0.01892	0.01521	0.02088	0.01975	0.02761	0.01807	0.04248	0.40801	0.00920	0.07801	0.00790	0.06329	0.00846
4	0.05703	0.02304	0.02101	0.14814	0.02927	0.22796	0.01561	0.05221	0.07718	0.06978	0.01897	0.02261	0.01505	0.01827	0.11927	0.00433	0.01327	0.00713	0.00537	0.05450
5	0.09336	0.16223	0.08320	0.04778	0.06170	0.11969	0.06303	0.02367	0.01874	0.02438	0.02995	0.03154	0.15428	0.01128	0.00874	0.00253	0.04022	0.00876	0.00497	0.00995
6	0.08107	0.08991	0.02571	0.05455	0.19842	0.13256	0.01696	0.09703	0.04985	0.02907	0.02723	0.02888	0.11299	0.01053	0.00803	0.00249	0.00953	0.00843	0.00555	0.01121
7	0.02518	0.19089	0.18314	0.01995	0.02720	0.23086	0.01923	0.12096	0.02316	0.02732	0.01610	0.04852	0.01360	0.00933	0.00755	0.00235	0.01180	0.00669	0.00483	0.01135
8	0.01538	0.01392	0.01722	0.01898	0.08823	0.08560	0.01305	0.01855	0.01550	0.02079	0.02094	0.02999	0.01923	0.05124	0.51820	0.01112	0.02052	0.00853	0.00450	0.00852
9	0.02881	0.02857	0.02287	0.01948	0.02475	0.27731	0.01524	0.24734	0.14371	0.03562	0.02381	0.02390	0.04964	0.01051	0.00829	0.00249	0.01096	0.00773	0.00688	0.01207
10	0.02362	0.38230	0.11072	0.01721	0.02411	0.17259	0.01649	0.05900	0.02033	0.02312	0.01892	0.02034	0.06134	0.00901	0.00681	0.00213	0.01057	0.00621	0.00441	0.01078
11	0.01847	0.14167	0.23931	0.02155	0.02852	0.02255	0.08035	0.02395	0.01711	0.02461	0.05123	0.02060	0.01541	0.01006	0.01302	0.00272	0.18779	0.00712	0.00417	0.06977

[dist]
# distance from previous block
# <min> <max>
2	4

[block]
# block no. 5 follows, 21 sequences, length 17
# corresponding to MSA columns:
# 210-226
name=unknown_F
#
# <colnr> <probs for GDERKNQSTAVLIFYWHMCP>
#	G	D	E	R	K	N	Q	S	T	A	V	L	I	F	Y	W	H	M	C	P
0	0.03126	0.02330	0.02493	0.01936	0.02598	0.02588	0.01591	0.56348	0.09777	0.05187	0.02182	0.02154	0.01559	0.01035	0.00853	0.00259	0.00911	0.00785	0.00853	0.01437
1	0.02121	0.39133	0.03234	0.01529	0.02065	0.06914	0.01370	0.08097	0.01892	0.02328	0.01595	0.02019	0.01429	0.02415	0.19877	0.00537	0.01354	0.00625	0.00443	0.01023
2	0.03070	0.08999	0.02699	0.01895	0.02567	0.02677	0.01584	0.52484	0.07568	0.04920	0.02050	0.02049	0.01486	0.01001	0.00822	0.00250	0.00917	0.00748	0.00805	0.01406
3	0.02782	0.20275	0.02848	0.01802	0.02373	0.20883	0.01499	0.23696	0.02712	0.03277	0.01667	0.01850	0.01330	0.01160	0.03894	0.00276	0.01134	0.00632	0.04753	0.01155
4	0.12725	0.13224	0.02549	0.01868	0.02366	0.32714	0.01500	0.12008	0.02326	0.02803	0.01422	0.01660	0.01171	0.01131	0.03641	0.00282	0.04477	0.00581	0.00500	0.01052
5	0.02898	0.06092	0.02467	0.01925	0.02509	0.15758	0.01548	0.32628	0.18198	0.04068	0.02200	0.02183	0.01641	0.01010	0.00822	0.00252	0.00994	0.00754	0.00745	0.01309
6	0.01216	0.00912	0.01368	0.01368	0.01520	0.01064	0.01064	0.01520	0.01368	0.01976	0.02279	0.03343	0.02127	0.06382	0.66720	0.01368	0.02279	0.00912	0.00456	0.00760
7	0.01491	0.00824	0.00941	0.00941	0.01128	0.00863	0.00716	0.01864	0.01677	0.02864	0.02648	0.03217	0.02167	0.02380	0.17630	0.00500	0.00882	0.00824	0.55659	0.00785
8	0.03235	0.02384	0.02554	0.01958	0.02639	0.02639	0.01618	0.61946	0.04001	0.05363	0.02043	0.02043	0.01447	0.01022	0.00851	0.00255	0.00936	0.00766	0.00851	0.01447
9	0.21522	0.30902	0.06028	0.01624	0.02244	0.20736	0.01453	0.02782	0.01852	0.02526	0.01238	0.01438	0.01049	0.00790	0.00616	0.00218	0.01038	0.00491	0.00427	0.01027
10	0.01672	0.01232	0.01424	0.01283	0.01579	0.01246	0.00971	0.16998	0.02538	0.03425	0.25889	0.17017	0.13201	0.06151	0.01193	0.00317	0.00587	0.01517	0.00841	0.00919
11	0.02839	0.02187	0.02331	0.01878	0.02488	0.02454	0.01522	0.41632	0.24960	0.04725	0.02546	0.02444	0.01854	0.01069	0.00856	0.00267	0.00843	0.00836	0.00856	0.01412
12	0.01783	0.26521	0.21240	0.01642	0.02355	0.02128	0.01751	0.02431	0.05637	0.02715	0.20067	0.03074	0.03227	0.01076	0.00777	0.00239	0.00847	0.00856	0.00562	0.01070
13	0.06129	0.02952	0.02172	0.01925	0.02358	0.36957	0.01486	0.15050	0.02480	0.02817	0.01658	0.02006	0.01373	0.02039	0.14380	0.00466	0.01525	0.00664	0.00531	0.01032
14	0.02900	0.02058	0.02302	0.01823	0.02406	0.02267	0.01494	0.47411	0.03425	0.08340	0.02165	0.02332	0.01611	0.02006	0.12919	0.00460	0.01170	0.00798	0.00791	0.01321
15	0.02515	0.02010	0.05700	0.01786	0.02337	0.02073	0.01512	0.33546	0.10431	0.06634	0.02305	0.02539	0.01771	0.02408	0.17820	0.00547	0.01259	0.00824	0.00732	0.01247
16	0.01916	0.02951	0.27994	0.03696	0.30662	0.01956	0.08402	0.02624	0.01877	0.02741	0.01577	0.01979	0.01230	0.00765	0.00830	0.00254	0.01123	0.00714	0.00403	0.06303

[dist]
# distance from previous block
# <min> <max>
3	4

[block]
# block no. 6 follows, 21 sequences, length 13
# corresponding to MSA columns:
# 231-243
name=unknown_G
#
# <colnr> <probs for GDERKNQSTAVLIFYWHMCP>
#	G	D	E	R	K	N	Q	S	T	A	V	L	I	F	Y	W	H	M	C	P
0	0.02536	0.02710	0.03051	0.04004	0.40126	0.23137	0.02226	0.07070	0.02238	0.02736	0.01539	0.01915	0.01273	0.00816	0.00819	0.00242	0.01176	0.00690	0.00457	0.01237
1	0.22918	0.05290	0.02005	0.01542	0.02077	0.02156	0.01261	0.28862	0.06642	0.04134	0.01938	0.02212	0.01520	0.04577	0.05564	0.00359	0.00906	0.00713	0.04172	0.01155
2	0.01338	0.00942	0.01262	0.01410	0.01558	0.00942	0.01161	0.01634	0.01782	0.02326	0.04058	0.08609	0.04454	0.18996	0.01951	0.00498	0.00794	0.44849	0.00718	0.00718
3	0.03179	0.04056	0.02412	0.02192	0.02631	0.66676	0.01644	0.03398	0.02412	0.02083	0.01315	0.01535	0.01096	0.00877	0.00767	0.00219	0.01535	0.00548	0.00438	0.00987
4	0.01238	0.00825	0.00928	0.00928	0.00928	0.00825	0.00516	0.01238	0.01238	0.01650	0.02681	0.05569	0.03094	0.70092	0.04331	0.00825	0.00825	0.01238	0.00516	0.00516
5	0.03235	0.02384	0.02554	0.01958	0.02639	0.02639	0.01618	0.61946	0.04001	0.05363	0.02043	0.02043	0.01447	0.01022	0.00851	0.00255	0.00936	0.00766	0.00851	0.01447
6	0.02009	0.02296	0.05022	0.03587	0.04448	0.02152	0.61693	0.02726	0.02009	0.02726	0.01722	0.02296	0.01291	0.00717	0.01004	0.00287	0.01435	0.01004	0.00430	0.01148
7	0.01607	0.01513	0.02552	0.68047	0.05861	0.01891	0.02363	0.02174	0.01702	0.02174	0.01513	0.02269	0.01134	0.00851	0.00851	0.00284	0.01134	0.00756	0.00378	0.00945
8	0.01006	0.00862	0.00862	0.00862	0.01149	0.00718	0.00647	0.01221	0.01940	0.02299	0.08621	0.08190	0.64438	0.02155	0.01006	0.00287	0.00431	0.01796	0.00790	0.00718
9	0.02223	0.01881	0.01984	0.01753	0.02253	0.02166	0.01373	0.09964	0.57631	0.03731	0.03329	0.03068	0.02489	0.01142	0.00865	0.00285	0.00698	0.00944	0.00865	0.01356
10	0.01216	0.00912	0.01368	0.01368	0.01520	0.01064	0.01064	0.01520	0.01368	0.01976	0.02279	0.03343	0.02127	0.06382	0.66720	0.01368	0.02279	0.00912	0.00456	0.00760
11	0.02188	0.60475	0.13827	0.01604	0.02414	0.03154	0.01714	0.02571	0.01739	0.02108	0.01236	0.01431	0.01090	0.00740	0.00586	0.00195	0.00963	0.00482	0.00363	0.01117
12	0.02838	0.15765	0.02812	0.01935	0.02483	0.23441	0.01586	0.22337	0.08544	0.03276	0.01720	0.01847	0.01355	0.00963	0.00895	0.00241	0.05527	0.00654	0.00595	0.01188

[dist]
# distance from previous block
# <min> <max>
0	1

[block]
# block no. 7 follows, 21 sequences, length 20
# corresponding to MSA columns:
# 245-264
name=unknown_H
#
# <colnr> <probs for GDERKNQSTAVLIFYWHMCP>
#	G	D	E	R	K	N	Q	S	T	A	V	L	I	F	Y	W	H	M	C	P
0	0.01556	0.07834	0.09054	0.01363	0.01790	0.11809	0.01194	0.01858	0.01934	0.02265	0.05357	0.15103	0.32256	0.01743	0.00916	0.00274	0.00759	0.01435	0.00645	0.00854
1	0.01032	0.00761	0.00966	0.01130	0.01220	0.00696	0.00766	0.01191	0.01682	0.02194	0.05354	0.59180	0.15557	0.02580	0.01073	0.00336	0.00483	0.02314	0.00790	0.00696
2	0.01575	0.12669	0.21856	0.01614	0.02293	0.01600	0.01698	0.02089	0.01852	0.02549	0.08372	0.10407	0.09980	0.01351	0.00849	0.00259	0.00827	0.06802	0.00565	0.10794
3	0.05669	0.30551	0.05625	0.01864	0.02403	0.28431	0.01621	0.02832	0.01942	0.02142	0.01241	0.01508	0.01089	0.00883	0.00907	0.00226	0.09100	0.00533	0.00401	0.01030
4	0.02162	0.02441	0.07715	0.03732	0.37602	0.15040	0.02137	0.02570	0.01917	0.02459	0.01701	0.02492	0.01541	0.11340	0.01356	0.00334	0.01109	0.00778	0.00434	0.01140
5	0.15707	0.01096	0.01333	0.01236	0.01542	0.01067	0.05525	0.01633	0.01837	0.02753	0.13548	0.21753	0.24202	0.01849	0.00933	0.00295	0.00565	0.01597	0.00732	0.00796
6	0.03187	0.03801	0.02433	0.02157	0.02632	0.56929	0.01640	0.12310	0.02654	0.02582	0.01426	0.01612	0.01150	0.00899	0.00780	0.00225	0.01444	0.00581	0.00501	0.01057
7	0.01119	0.00878	0.01205	0.11309	0.01925	0.00878	0.01006	0.01341	0.01691	0.02193	0.04845	0.49330	0.14501	0.02307	0.01037	0.00327	0.00581	0.02065	0.00727	0.00734
8	0.01299	0.01408	0.10982	0.01353	0.01613	0.01107	0.01162	0.01586	0.01381	0.01955	0.02325	0.03996	0.02353	0.30960	0.31789	0.00984	0.01543	0.00999	0.00465	0.00738
9	0.02227	0.43461	0.03691	0.11778	0.02803	0.10476	0.01668	0.02527	0.01750	0.02044	0.01240	0.01586	0.01102	0.00862	0.00907	0.00226	0.09690	0.00549	0.00376	0.01037
10	0.02286	0.02245	0.02435	0.02792	0.19944	0.12580	0.01752	0.03800	0.36055	0.03100	0.02589	0.02607	0.02001	0.00998	0.00843	0.00267	0.00909	0.00837	0.00671	0.01289
11	0.04997	0.01066	0.01112	0.01060	0.01376	0.01030	0.00807	0.01914	0.12352	0.02793	0.17629	0.06664	0.40431	0.01841	0.00958	0.00283	0.00478	0.01541	0.00817	0.00850
12	0.01402	0.11597	0.01638	0.01206	0.01514	0.01346	0.00938	0.01973	0.11804	0.02490	0.08966	0.25077	0.23105	0.01906	0.00938	0.00288	0.00561	0.01632	0.00747	0.00874
13	0.02852	0.16284	0.02575	0.01741	0.02265	0.23576	0.01424	0.07687	0.02245	0.17128	0.01970	0.02134	0.01516	0.01737	0.10788	0.00400	0.01285	0.00674	0.00602	0.01117
14	0.01838	0.07344	0.01885	0.01411	0.01861	0.01467	0.01128	0.11024	0.01995	0.05262	0.02389	0.13701	0.02288	0.02669	0.19239	0.00541	0.01143	0.00991	0.00601	0.21222
15	0.02105	0.05418	0.12108	0.13439	0.15156	0.20343	0.02015	0.02563	0.02022	0.02400	0.04667	0.02814	0.09366	0.01026	0.00832	0.00253	0.01119	0.00825	0.00473	0.01055
16	0.36359	0.01791	0.07047	0.01405	0.01917	0.01759	0.01232	0.12242	0.01935	0.03496	0.02162	0.06527	0.04957	0.01932	0.11423	0.00448	0.00998	0.00796	0.00586	0.00988
17	0.01658	0.01907	0.07208	0.01586	0.01893	0.11990	0.01347	0.01980	0.01923	0.02451	0.16233	0.04473	0.18974	0.01913	0.06140	0.00368	0.15319	0.01150	0.00612	0.00875
18	0.02712	0.03054	0.02481	0.02406	0.08992	0.38509	0.04661	0.10039	0.02500	0.02731	0.07159	0.02702	0.02055	0.01057	0.00848	0.00247	0.01250	0.04987	0.00554	0.01057
19	0.02413	0.08769	0.08030	0.03639	0.33600	0.21621	0.02216	0.02918	0.04255	0.02524	0.01540	0.01884	0.01274	0.00810	0.00792	0.00239	0.01167	0.00666	0.00433	0.01210

[dist]
# distance from previous block
# <min> <max>
48	141

[block]
# block no. 8 follows, 21 sequences, length 6
# corresponding to MSA columns:
# 414-419
name=unknown_I
#
# <colnr> <probs for GDERKNQSTAVLIFYWHMCP>
#	G	D	E	R	K	N	Q	S	T	A	V	L	I	F	Y	W	H	M	C	P
0	0.02434	0.01886	0.01955	0.01612	0.02109	0.06094	0.01279	0.31872	0.02882	0.03933	0.02407	0.11774	0.02122	0.01520	0.04797	0.00311	0.00896	0.00968	0.09258	0.09891
1	0.02118	0.02479	0.06680	0.10617	0.22985	0.19133	0.05574	0.02548	0.02033	0.02433	0.02712	0.02999	0.11981	0.01039	0.00859	0.00256	0.01108	0.00885	0.00480	0.01080
2	0.19454	0.06559	0.01814	0.01515	0.01930	0.26469	0.01181	0.02463	0.01941	0.02523	0.03049	0.03188	0.15745	0.01646	0.06794	0.00348	0.01106	0.00843	0.00537	0.00895
3	0.01962	0.01416	0.01629	0.05415	0.02055	0.05327	0.01161	0.02476	0.08249	0.12536	0.05304	0.18230	0.03178	0.04767	0.01059	0.00294	0.00724	0.07026	0.00724	0.16467
4	0.01870	0.11432	0.01901	0.01349	0.01648	0.09501	0.01016	0.08686	0.01874	0.02368	0.05780	0.03693	0.02475	0.29357	0.09771	0.00592	0.01070	0.00935	0.00540	0.04143
5	0.02041	0.01906	0.01839	0.01658	0.04696	0.12030	0.01223	0.09474	0.11231	0.03067	0.10086	0.06288	0.10327	0.01206	0.00832	0.00232	0.00778	0.00985	0.00681	0.19420

[dist]
# distance from previous block
# <min> <max>
3	4

[block]
# block no. 9 follows, 21 sequences, length 12
# corresponding to MSA columns:
# 424-435
name=unknown_J
#
# <colnr> <probs for GDERKNQSTAVLIFYWHMCP>
#	G	D	E	R	K	N	Q	S	T	A	V	L	I	F	Y	W	H	M	C	P
0	0.02190	0.24717	0.18160	0.02000	0.02734	0.13029	0.05939	0.02946	0.10238	0.02501	0.04273	0.02030	0.01598	0.00897	0.00816	0.00241	0.03412	0.00673	0.00472	0.01135
1	0.24007	0.14653	0.10552	0.10888	0.02846	0.10472	0.01687	0.10669	0.02046	0.03113	0.01407	0.01664	0.01095	0.00832	0.00686	0.00246	0.00994	0.00575	0.00489	0.01078
2	0.02863	0.02594	0.02462	0.02043	0.02495	0.18237	0.01645	0.27421	0.06784	0.06551	0.01809	0.01992	0.01392	0.01103	0.01275	0.00276	0.16474	0.00725	0.00651	0.01210
3	0.02326	0.01895	0.02219	0.08388	0.05739	0.01974	0.01499	0.22110	0.17083	0.03740	0.02152	0.02256	0.01630	0.00910	0.00790	0.00228	0.00808	0.00735	0.00686	0.22830
4	0.01939	0.01580	0.02136	0.01717	0.02215	0.01519	0.09310	0.17595	0.02314	0.03204	0.02682	0.22014	0.02705	0.05507	0.01095	0.00288	0.00791	0.01247	0.00670	0.19472
5	0.01503	0.01211	0.01351	0.01277	0.01597	0.01242	0.00985	0.05412	0.19181	0.03077	0.19373	0.10293	0.22890	0.01768	0.00975	0.00292	0.00545	0.05226	0.00848	0.00953
6	0.02884	0.10187	0.02644	0.08763	0.02899	0.47618	0.01705	0.06650	0.02326	0.02279	0.01358	0.01635	0.01121	0.00891	0.00835	0.00230	0.03927	0.00580	0.00447	0.01018
7	0.01202	0.00871	0.01119	0.01230	0.01358	0.00835	0.00884	0.04382	0.01904	0.02546	0.12836	0.48441	0.08720	0.02399	0.01068	0.00332	0.00529	0.07776	0.00812	0.00755
8	0.02287	0.05849	0.10657	0.03720	0.31625	0.10838	0.10559	0.02913	0.05034	0.05843	0.01731	0.02076	0.01362	0.00808	0.00838	0.00254	0.01134	0.00749	0.00469	0.01253
9	0.01223	0.00824	0.00934	0.00948	0.00998	0.00813	0.00574	0.01292	0.01374	0.01862	0.03394	0.09914	0.09224	0.51772	0.06029	0.00720	0.00794	0.01331	0.05403	0.00575
10	0.01951	0.02077	0.02043	0.01852	0.02020	0.19483	0.03858	0.02133	0.01703	0.02059	0.02244	0.17987	0.02442	0.11206	0.01983	0.00384	0.22065	0.01159	0.00510	0.00841
11	0.02039	0.01953	0.03332	0.13749	0.56788	0.02004	0.02578	0.02552	0.01906	0.02698	0.01589	0.02128	0.01319	0.00771	0.00844	0.00257	0.01028	0.00758	0.00415	0.01293

[dist]
# distance from previous block
# <min> <max>
0	1

[block]
# block no. 10 follows, 21 sequences, length 60
# corresponding to MSA columns:
# 437-496
name=unknown_K
#
# <colnr> <probs for GDERKNQSTAVLIFYWHMCP>
#	G	D	E	R	K	N	Q	S	T	A	V	L	I	F	Y	W	H	M	C	P
0	0.02596	0.02414	0.02822	0.03361	0.29759	0.13016	0.01998	0.22441	0.02705	0.03495	0.02126	0.02358	0.05165	0.00951	0.00843	0.00250	0.01039	0.00789	0.00590	0.01282
1	0.02418	0.20461	0.02779	0.05598	0.02452	0.09697	0.01496	0.22192	0.02481	0.03136	0.01753	0.02112	0.01448	0.02131	0.15686	0.00485	0.01313	0.00691	0.00557	0.01115
2	0.02709	0.02654	0.02636	0.09539	0.17544	0.22916	0.01895	0.15100	0.08092	0.05976	0.01840	0.02060	0.01414	0.00909	0.00824	0.00249	0.01133	0.00715	0.00579	0.01215
3	0.02408	0.02373	0.02012	0.01719	0.02195	0.20528	0.01345	0.16567	0.10149	0.03141	0.03275	0.03275	0.14506	0.01218	0.00939	0.00249	0.04404	0.00915	0.00664	0.08115
4	0.01680	0.01291	0.01491	0.01330	0.01709	0.01222	0.01003	0.14732	0.02220	0.03025	0.03893	0.31527	0.11247	0.01779	0.00921	0.00269	0.00614	0.01543	0.00739	0.17766
5	0.02938	0.02971	0.02257	0.02135	0.06580	0.37767	0.01542	0.06954	0.07993	0.11120	0.04852	0.02234	0.01778	0.00972	0.00802	0.00237	0.01173	0.00712	0.03867	0.01117
6	0.02414	0.01765	0.02096	0.15360	0.02877	0.01984	0.01514	0.32747	0.02879	0.04017	0.02108	0.02416	0.01585	0.01305	0.04790	0.00316	0.00941	0.00779	0.16951	0.01158
7	0.01790	0.01785	0.03276	0.24225	0.21371	0.01853	0.18402	0.02347	0.01910	0.02576	0.05783	0.02887	0.06089	0.00932	0.00910	0.00275	0.01089	0.00943	0.00466	0.01089
8	0.02161	0.02126	0.03401	0.05068	0.61596	0.05338	0.02562	0.02652	0.01962	0.02744	0.01586	0.02077	0.01335	0.00764	0.00839	0.00251	0.01038	0.00747	0.00422	0.01329
9	0.01765	0.01321	0.01576	0.01483	0.01816	0.01376	0.01216	0.14442	0.08906	0.03456	0.20481	0.06383	0.08804	0.01771	0.01018	0.00312	0.00676	0.21369	0.00848	0.00981
10	0.01707	0.04402	0.65683	0.02426	0.03683	0.01976	0.03144	0.02695	0.01797	0.02695	0.01527	0.01797	0.01078	0.00809	0.00809	0.00270	0.01258	0.00629	0.00359	0.01258
11	0.01937	0.26017	0.31403	0.02524	0.13804	0.02396	0.02376	0.02567	0.01805	0.02461	0.01734	0.01985	0.03895	0.00831	0.00735	0.00238	0.01062	0.00644	0.00391	0.01195
12	0.01973	0.32498	0.35916	0.02176	0.06632	0.02572	0.02393	0.02628	0.01776	0.02405	0.01385	0.01631	0.01100	0.00771	0.00699	0.00231	0.01095	0.00562	0.00365	0.01192
13	0.01006	0.00862	0.00862	0.00862	0.01149	0.00718	0.00647	0.01221	0.01940	0.02299	0.08621	0.08190	0.64438	0.02155	0.01006	0.00287	0.00431	0.01796	0.00790	0.00718
14	0.01037	0.00741	0.00987	0.01185	0.01234	0.00691	0.00790	0.01185	0.01629	0.02172	0.04690	0.69537	0.05629	0.02666	0.01086	0.00346	0.00494	0.02419	0.00790	0.00691
15	0.03015	0.03788	0.02708	0.02478	0.05983	0.57353	0.07288	0.03295	0.02350	0.02178	0.01368	0.01635	0.01127	0.00856	0.00793	0.00227	0.01499	0.00601	0.00437	0.01020
16	0.02073	0.01988	0.03394	0.09452	0.60818	0.02013	0.02595	0.02582	0.01922	0.02739	0.01595	0.02117	0.01334	0.00764	0.00843	0.00255	0.01019	0.00758	0.00418	0.01321
17	0.01216	0.00912	0.01368	0.01368	0.01520	0.01064	0.01064	0.01520	0.01368	0.01976	0.02279	0.03343	0.02127	0.06382	0.66720	0.01368	0.02279	0.00912	0.00456	0.00760
18	0.01707	0.04402	0.65683	0.02426	0.03683	0.01976	0.03144	0.02695	0.01797	0.02695	0.01527	0.01797	0.01078	0.00809	0.00809	0.00270	0.01258	0.00629	0.00359	0.01258
19	0.02106	0.02022	0.03454	0.05223	0.64784	0.02022	0.02612	0.02612	0.01938	0.02780	0.01601	0.02106	0.01348	0.00758	0.00842	0.00253	0.01011	0.00758	0.00421	0.01348
20	0.01006	0.00862	0.00862	0.00862	0.01149	0.00718	0.00647	0.01221	0.01940	0.02299	0.08621	0.08190	0.64438	0.02155	0.01006	0.00287	0.00431	0.01796	0.00790	0.00718
21	0.01090	0.00872	0.00990	0.01058	0.01295	0.00772	0.00824	0.01335	0.01904	0.02337	0.07212	0.16412	0.43795	0.02264	0.01053	0.00318	0.00516	0.14434	0.00789	0.00729
22	0.02106	0.02022	0.03454	0.05223	0.64784	0.02022	0.02612	0.02612	0.01938	0.02780	0.01601	0.02106	0.01348	0.00758	0.00842	0.00253	0.01011	0.00758	0.00421	0.01348
23	0.01031	0.00863	0.00898	0.00889	0.01165	0.00729	0.00667	0.01271	0.02000	0.02443	0.15807	0.07954	0.57163	0.02102	0.01006	0.00285	0.00427	0.01763	0.00809	0.00729
24	0.01346	0.00971	0.01336	0.01518	0.01720	0.00961	0.01320	0.01725	0.01958	0.02529	0.04795	0.09500	0.09081	0.02337	0.01164	0.00384	0.00759	0.55033	0.00784	0.00779
25	0.02106	0.02022	0.03454	0.05223	0.64784	0.02022	0.02612	0.02612	0.01938	0.02780	0.01601	0.02106	0.01348	0.00758	0.00842	0.00253	0.01011	0.00758	0.00421	0.01348
26	0.01216	0.00912	0.01368	0.01368	0.01520	0.01064	0.01064	0.01520	0.01368	0.01976	0.02279	0.03343	0.02127	0.06382	0.66720	0.01368	0.02279	0.00912	0.00456	0.00760
27	0.01037	0.00741	0.00987	0.01185	0.01234	0.00691	0.00790	0.01185	0.01629	0.02172	0.04690	0.69537	0.05629	0.02666	0.01086	0.00346	0.00494	0.02419	0.00790	0.00691
28	0.01607	0.01513	0.02552	0.68047	0.05861	0.01891	0.02363	0.02174	0.01702	0.02174	0.01513	0.02269	0.01134	0.00851	0.00851	0.00284	0.01134	0.00756	0.00378	0.00945
29	0.01815	0.01724	0.02927	0.41937	0.30350	0.01945	0.02467	0.02356	0.01800	0.02426	0.01549	0.02201	0.01223	0.00812	0.00847	0.00271	0.01083	0.00757	0.00396	0.01113
30	0.01066	0.00864	0.00945	0.00925	0.01186	0.00744	0.00694	0.01337	0.02081	0.02635	0.25421	0.07637	0.47429	0.02030	0.01005	0.00281	0.00422	0.01719	0.00834	0.00744
31	0.02106	0.02022	0.03454	0.05223	0.64784	0.02022	0.02612	0.02612	0.01938	0.02780	0.01601	0.02106	0.01348	0.00758	0.00842	0.00253	0.01011	0.00758	0.00421	0.01348
32	0.02726	0.02541	0.02198	0.01898	0.02419	0.19801	0.01483	0.16793	0.30997	0.06262	0.02562	0.02467	0.01914	0.01045	0.00835	0.00261	0.00968	0.00802	0.00754	0.01275
33	0.02003	0.01916	0.03267	0.18240	0.52575	0.01995	0.02560	0.02521	0.01889	0.02655	0.01582	0.02140	0.01304	0.00777	0.00844	0.00259	0.01037	0.00758	0.00412	0.01265
34	0.01350	0.01109	0.01624	0.01547	0.01668	0.01383	0.01229	0.01629	0.01354	0.01991	0.02039	0.03036	0.01918	0.05369	0.53475	0.01161	0.16007	0.00877	0.00439	0.00795
35	0.01765	0.01513	0.01765	0.01260	0.02017	0.01134	0.01008	0.02143	0.01765	0.02773	0.01513	0.01765	0.01260	0.00630	0.00630	0.00126	0.00630	0.00504	0.00504	0.75295
36	0.01787	0.03864	0.50581	0.02812	0.07532	0.02012	0.14045	0.02696	0.01845	0.02706	0.01568	0.01909	0.01134	0.00788	0.00847	0.00272	0.01276	0.00707	0.00376	0.01243
37	0.01006	0.00862	0.00862	0.00862	0.01149	0.00718	0.00647	0.01221	0.01940	0.02299	0.08621	0.08190	0.64438	0.02155	0.01006	0.00287	0.00431	0.01796	0.00790	0.00718
38	0.01707	0.04402	0.65683	0.02426	0.03683	0.01976	0.03144	0.02695	0.01797	0.02695	0.01527	0.01797	0.01078	0.00809	0.00809	0.00270	0.01258	0.00629	0.00359	0.01258
39	0.02540	0.01810	0.01993	0.01713	0.02246	0.02004	0.01355	0.09888	0.46282	0.15274	0.03309	0.03016	0.02397	0.01123	0.00863	0.00281	0.00708	0.00924	0.00900	0.01375
40	0.01772	0.01415	0.01499	0.01368	0.01781	0.01500	0.01059	0.03168	0.34822	0.06800	0.05538	0.05182	0.27520	0.01552	0.00922	0.00287	0.00579	0.01292	0.00847	0.01100
41	0.01176	0.00869	0.01098	0.01041	0.01254	0.00791	0.00780	0.01550	0.02341	0.03252	0.56291	0.06622	0.16174	0.01800	0.01004	0.00271	0.00406	0.01576	0.00916	0.00791
42	0.03235	0.02384	0.02554	0.01958	0.02639	0.02639	0.01618	0.61946	0.04001	0.05363	0.02043	0.02043	0.01447	0.01022	0.00851	0.00255	0.00936	0.00766	0.00851	0.01447
43	0.01006	0.00862	0.00862	0.00862	0.01149	0.00718	0.00647	0.01221	0.01940	0.02299	0.08621	0.08190	0.64438	0.02155	0.01006	0.00287	0.00431	0.01796	0.00790	0.00718
44	0.01037	0.00741	0.00987	0.01185	0.01234	0.00691	0.00790	0.01185	0.01629	0.02172	0.04690	0.69537	0.05629	0.02666	0.01086	0.00346	0.00494	0.02419	0.00790	0.00691
45	0.03235	0.02384	0.02554	0.01958	0.02639	0.02639	0.01618	0.61946	0.04001	0.05363	0.02043	0.02043	0.01447	0.01022	0.00851	0.00255	0.00936	0.00766	0.00851	0.01447
46	0.03139	0.03692	0.02411	0.02135	0.02613	0.53694	0.01626	0.12597	0.05466	0.02663	0.01528	0.01690	0.01220	0.00912	0.00785	0.00228	0.01401	0.00601	0.00523	0.01075
47	0.02135	0.02316	0.02566	0.02226	0.02316	0.15881	0.01817	0.02328	0.01533	0.02055	0.01158	0.01794	0.01113	0.01363	0.02373	0.00341	0.54653	0.00704	0.00386	0.00942
48	0.01031	0.00863	0.00897	0.00888	0.01165	0.00729	0.00666	0.01270	0.01999	0.02439	0.15643	0.07959	0.57329	0.02103	0.01006	0.00285	0.00427	0.01764	0.00809	0.00729
49	0.02106	0.02022	0.03454	0.05223	0.64784	0.02022	0.02612	0.02612	0.01938	0.02780	0.01601	0.02106	0.01348	0.00758	0.00842	0.00253	0.01011	0.00758	0.00421	0.01348
50	0.03179	0.04056	0.02412	0.02192	0.02631	0.66676	0.01644	0.03398	0.02412	0.02083	0.01315	0.01535	0.01096	0.00877	0.00767	0.00219	0.01535	0.00548	0.00438	0.00987
51	0.01190	0.00869	0.01118	0.01056	0.01263	0.00797	0.00792	0.01579	0.02376	0.03334	0.60421	0.06486	0.11993	0.01769	0.01004	0.00269	0.00404	0.01557	0.00927	0.00797
52	0.02117	0.01828	0.01924	0.01732	0.02213	0.02117	0.01347	0.04522	0.63246	0.03560	0.03464	0.03175	0.02598	0.01155	0.00866	0.00289	0.00673	0.00962	0.00866	0.01347
53	0.01238	0.00825	0.00928	0.00928	0.00928	0.00825	0.00516	0.01238	0.01238	0.01650	0.02681	0.05569	0.03094	0.70092	0.04331	0.00825	0.00825	0.01238	0.00516	0.00516
54	0.03104	0.03913	0.02485	0.02405	0.06997	0.62134	0.01712	0.03343	0.02378	0.02132	0.01335	0.01575	0.01114	0.00869	0.00773	0.00222	0.01498	0.00563	0.00437	0.01012
55	0.01586	0.00793	0.00793	0.00793	0.00991	0.00793	0.00595	0.01983	0.01785	0.03173	0.02776	0.03173	0.02181	0.00991	0.00595	0.00198	0.00397	0.00793	0.74817	0.00793
56	0.01707	0.04402	0.65683	0.02426	0.03683	0.01976	0.03144	0.02695	0.01797	0.02695	0.01527	0.01797	0.01078	0.00809	0.00809	0.00270	0.01258	0.00629	0.00359	0.01258
57	0.02106	0.02022	0.03454	0.05223	0.64784	0.02022	0.02612	0.02612	0.01938	0.02780	0.01601	0.02106	0.01348	0.00758	0.00842	0.00253	0.01011	0.00758	0.00421	0.01348
58	0.01371	0.00980	0.01371	0.01567	0.01763	0.00980	0.01371	0.01763	0.01959	0.02547	0.04506	0.09599	0.04898	0.02351	0.01175	0.00392	0.00784	0.59056	0.00784	0.00784
59	0.01280	0.00895	0.01041	0.01016	0.01016	0.00945	0.00606	0.01292	0.01242	0.01677	0.02576	0.05319	0.02961	0.65475	0.04228	0.00795	0.05383	0.01204	0.00506	0.00544

[dist]
# distance from previous block
# <min> <max>
0	9

[block]
