[name]
unknown

[dist]
# distance from previous block
# <min> <max>
0	1

[block]
# block no. 0 follows, 22 sequences, length 91
# corresponding to MSA columns:
# 1-91
name=unknown_A
#
# <colnr> <probs for GDERKNQSTAVLIFYWHMCP>
#	G	D	E	R	K	N	Q	S	T	A	V	L	I	F	Y	W	H	M	C	P
0	0.01434	0.01165	0.01835	0.21106	0.02999	0.01266	0.04409	0.01880	0.01842	0.02389	0.03428	0.06973	0.03557	0.01798	0.01048	0.00347	0.00893	0.40168	0.00635	0.00827
1	0.02852	0.03228	0.05250	0.02326	0.08327	0.38258	0.01721	0.15976	0.08816	0.02947	0.01680	0.01827	0.01312	0.00900	0.00785	0.00233	0.01231	0.00643	0.00551	0.01138
2	0.27397	0.04874	0.02149	0.02174	0.12653	0.19068	0.01473	0.05785	0.11634	0.03084	0.01643	0.01808	0.01298	0.00852	0.00693	0.00245	0.00946	0.00610	0.00535	0.01080
3	0.02227	0.03715	0.32249	0.02843	0.15780	0.23906	0.02474	0.02845	0.01983	0.02447	0.01436	0.01729	0.01112	0.00802	0.00782	0.00243	0.01270	0.00613	0.00389	0.01157
4	0.02689	0.26306	0.03140	0.02236	0.09587	0.38515	0.01651	0.02952	0.02078	0.02084	0.01272	0.01506	0.01097	0.00794	0.00685	0.00206	0.01236	0.00528	0.00402	0.01038
5	0.23519	0.16210	0.02629	0.02222	0.14554	0.13121	0.01531	0.08767	0.02021	0.06350	0.01454	0.01652	0.01156	0.00803	0.00666	0.00231	0.00933	0.00570	0.00507	0.01104
6	0.01476	0.01216	0.01521	0.01384	0.01542	0.01424	0.01096	0.04464	0.01776	0.02544	0.10840	0.10932	0.18449	0.01662	0.01505	0.00297	0.23522	0.01243	0.12285	0.00822
7	0.08085	0.01135	0.01389	0.08877	0.01951	0.01183	0.01053	0.08061	0.01939	0.10308	0.03159	0.28757	0.03134	0.01580	0.00845	0.00277	0.00618	0.01363	0.15382	0.00903
8	0.01012	0.00723	0.00964	0.01157	0.01205	0.00675	0.00771	0.01157	0.01591	0.02121	0.04579	0.70262	0.05495	0.02603	0.01060	0.00337	0.00482	0.02362	0.00771	0.00675
9	0.01406	0.00887	0.01136	0.01088	0.01317	0.00800	0.00810	0.01714	0.02137	0.10078	0.37977	0.19010	0.14734	0.01862	0.00980	0.00279	0.00450	0.01635	0.00878	0.00822
10	0.27357	0.02639	0.05402	0.01811	0.02201	0.25379	0.01500	0.02650	0.01730	0.02624	0.01203	0.01544	0.01017	0.00977	0.01179	0.00269	0.18580	0.00560	0.00436	0.00942
11	0.01080	0.00815	0.00892	0.00911	0.01055	0.00742	0.00605	0.01212	0.01619	0.02039	0.08388	0.14014	0.32138	0.28298	0.02227	0.00486	0.00573	0.01603	0.00676	0.00627
12	0.02833	0.02013	0.02146	0.01682	0.02251	0.02212	0.01377	0.50548	0.03469	0.04804	0.02139	0.02217	0.01558	0.00991	0.00780	0.00238	0.00808	0.00753	0.15896	0.01284
13	0.06639	0.24466	0.02887	0.01725	0.02303	0.21917	0.01452	0.19954	0.02508	0.03065	0.01510	0.01659	0.01210	0.00852	0.00684	0.00214	0.01039	0.00575	0.04231	0.01111
14	0.10681	0.63385	0.03997	0.01384	0.02072	0.03125	0.01362	0.02482	0.01657	0.02156	0.01155	0.01335	0.01047	0.00718	0.00531	0.00187	0.00860	0.00445	0.00373	0.01047
15	0.02051	0.01084	0.01371	0.01182	0.01560	0.00975	0.00927	0.02471	0.05081	0.24638	0.29712	0.05269	0.17221	0.01525	0.00925	0.00265	0.00518	0.01299	0.00921	0.01007
16	0.01208	0.00805	0.00906	0.00906	0.00906	0.00805	0.00503	0.01208	0.01208	0.01611	0.02618	0.05436	0.03020	0.70804	0.04228	0.00805	0.00805	0.01208	0.00503	0.00503
17	0.01279	0.00830	0.01062	0.01095	0.01173	0.00834	0.00726	0.01397	0.01409	0.05247	0.03160	0.24183	0.03521	0.34124	0.15518	0.00741	0.00982	0.01470	0.00600	0.00649
18	0.03108	0.03830	0.02365	0.02122	0.02569	0.62343	0.01603	0.08020	0.02477	0.02286	0.01340	0.01537	0.01097	0.00867	0.00756	0.00217	0.01452	0.00552	0.00460	0.00999
19	0.00999	0.00818	0.00882	0.00917	0.01146	0.00701	0.00668	0.01207	0.01859	0.02284	0.11000	0.20466	0.49809	0.02181	0.00998	0.00291	0.00431	0.01861	0.00780	0.00701
20	0.01374	0.01170	0.01225	0.01175	0.01502	0.01189	0.00889	0.02346	0.24213	0.02675	0.06264	0.11822	0.37388	0.01798	0.00940	0.00286	0.00511	0.01516	0.00798	0.00919
21	0.02056	0.01974	0.03372	0.05099	0.65622	0.01974	0.02550	0.02550	0.01892	0.02714	0.01563	0.02056	0.01316	0.00740	0.00822	0.00247	0.00987	0.00740	0.00411	0.01316
22	0.01195	0.00858	0.01175	0.01175	0.01268	0.00951	0.00838	0.01381	0.01288	0.01810	0.02372	0.04076	0.02430	0.30370	0.43855	0.01137	0.01694	0.01009	0.00467	0.00653
23	0.01052	0.00740	0.00952	0.01106	0.01145	0.00701	0.00717	0.01167	0.01513	0.02018	0.04183	0.57168	0.04995	0.16378	0.01700	0.00432	0.00547	0.02129	0.00717	0.00640
24	0.02287	0.01894	0.02003	0.01735	0.02244	0.02169	0.01368	0.16218	0.51959	0.03831	0.03101	0.02876	0.02309	0.01101	0.00842	0.00275	0.00709	0.00901	0.00842	0.01335
25	0.01003	0.00799	0.00887	0.00953	0.01141	0.00697	0.00674	0.01181	0.01758	0.02173	0.06830	0.29318	0.41852	0.05416	0.01157	0.00324	0.00459	0.01938	0.00759	0.00683
26	0.03103	0.03959	0.02354	0.02140	0.02568	0.67469	0.01605	0.03317	0.02354	0.02033	0.01284	0.01498	0.01070	0.00856	0.00749	0.00214	0.01498	0.00535	0.00428	0.00963
27	0.01666	0.04297	0.66500	0.02368	0.03596	0.01929	0.03069	0.02631	0.01754	0.02631	0.01491	0.01754	0.01052	0.00789	0.00789	0.00263	0.01228	0.00614	0.00351	0.01228
28	0.02686	0.01590	0.01860	0.01574	0.02099	0.01665	0.01251	0.04128	0.36411	0.28516	0.06394	0.03144	0.02606	0.01116	0.00848	0.00271	0.00664	0.00926	0.00922	0.01328
29	0.01011	0.00728	0.00959	0.01143	0.01201	0.00676	0.00765	0.01158	0.01603	0.02126	0.04742	0.67606	0.08045	0.02581	0.01057	0.00335	0.00479	0.02336	0.00771	0.00676
30	0.02056	0.01974	0.03372	0.05099	0.65622	0.01974	0.02550	0.02550	0.01892	0.02714	0.01563	0.02056	0.01316	0.00740	0.00822	0.00247	0.00987	0.00740	0.00411	0.01316
31	0.01012	0.00723	0.00964	0.01157	0.01205	0.00675	0.00771	0.01157	0.01591	0.02121	0.04579	0.70262	0.05495	0.02603	0.01060	0.00337	0.00482	0.02362	0.00771	0.00675
32	0.02055	0.02021	0.03217	0.12292	0.55392	0.05409	0.02472	0.02541	0.01889	0.02610	0.01538	0.02045	0.01279	0.00757	0.00820	0.00248	0.01028	0.00729	0.00407	0.01252
33	0.01063	0.00782	0.01004	0.01168	0.01249	0.00746	0.00791	0.01321	0.04733	0.02195	0.04712	0.63767	0.08358	0.02504	0.01046	0.00332	0.00488	0.02260	0.00775	0.00708
34	0.01157	0.00835	0.01094	0.01058	0.01237	0.00771	0.00782	0.01521	0.02265	0.03194	0.58297	0.13484	0.07572	0.01801	0.00989	0.00270	0.00402	0.01600	0.00898	0.00771
35	0.02607	0.02136	0.01889	0.01576	0.02036	0.15080	0.01250	0.30409	0.02867	0.03872	0.02091	0.02264	0.01584	0.00959	0.00731	0.00224	0.00855	0.00714	0.25749	0.01108
36	0.01885	0.01799	0.03062	0.27512	0.44549	0.01929	0.02464	0.02399	0.01811	0.02506	0.01532	0.02112	0.01243	0.00772	0.00825	0.00257	0.01029	0.00740	0.00396	0.01178
37	0.02258	0.02418	0.02496	0.09950	0.06195	0.22495	0.04776	0.05687	0.01899	0.02355	0.01429	0.01911	0.01208	0.01056	0.01427	0.00277	0.24020	0.00687	0.06479	0.00976
38	0.01154	0.00809	0.00895	0.00903	0.00962	0.00779	0.00540	0.01203	0.01362	0.01760	0.03870	0.08656	0.15700	0.54084	0.03441	0.00680	0.00714	0.01366	0.00569	0.00550
39	0.01439	0.01162	0.01791	0.11490	0.11487	0.01330	0.01425	0.01806	0.01507	0.02208	0.02024	0.02852	0.01788	0.03838	0.37642	0.00850	0.04729	0.00826	0.08944	0.00863
40	0.01666	0.04297	0.66500	0.02368	0.03596	0.01929	0.03069	0.02631	0.01754	0.02631	0.01491	0.01754	0.01052	0.00789	0.00789	0.00263	0.01228	0.00614	0.00351	0.01228
41	0.01288	0.01053	0.01389	0.01378	0.01541	0.04558	0.01068	0.01581	0.01389	0.01934	0.02175	0.03170	0.02023	0.05946	0.63975	0.01276	0.02187	0.00871	0.00444	0.00753
42	0.01040	0.00779	0.00912	0.01002	0.01119	0.00709	0.00672	0.01179	0.01617	0.02062	0.05480	0.36676	0.25050	0.15813	0.01655	0.00410	0.00525	0.01931	0.00719	0.00650
43	0.02108	0.02073	0.03321	0.04951	0.62468	0.05250	0.02502	0.02588	0.01915	0.02680	0.01549	0.02028	0.01304	0.00746	0.00819	0.00245	0.01012	0.00730	0.00412	0.01298
44	0.09695	0.64308	0.04039	0.01388	0.02079	0.03144	0.01369	0.02483	0.01660	0.02132	0.01155	0.01334	0.01049	0.00717	0.00531	0.00186	0.00864	0.00445	0.00371	0.01049
45	0.01689	0.07067	0.63931	0.02329	0.03535	0.01985	0.03001	0.02625	0.01751	0.02603	0.01477	0.01737	0.01053	0.00786	0.00779	0.00260	0.01214	0.00607	0.00351	0.01221
46	0.02208	0.02261	0.03225	0.04671	0.56489	0.11461	0.02413	0.02661	0.01959	0.02615	0.01522	0.01975	0.01280	0.00757	0.00812	0.00242	0.01061	0.00710	0.00414	0.01265
47	0.03212	0.01300	0.01763	0.01391	0.01943	0.01133	0.01133	0.03547	0.02372	0.53500	0.15782	0.03510	0.03224	0.01164	0.00865	0.00258	0.00643	0.00970	0.01005	0.01287
48	0.01194	0.00862	0.01191	0.01191	0.01290	0.00960	0.00859	0.01391	0.01293	0.01822	0.02357	0.03992	0.02393	0.27874	0.46301	0.01158	0.01749	0.00997	0.00465	0.00662
49	0.02033	0.01637	0.02296	0.01844	0.02303	0.01729	0.13525	0.17906	0.12019	0.03322	0.02462	0.06188	0.02075	0.07795	0.07537	0.00411	0.00987	0.00963	0.11908	0.01060
50	0.01491	0.01315	0.02225	0.01835	0.02178	0.01250	0.18687	0.05304	0.01767	0.02393	0.03033	0.30073	0.03309	0.15226	0.01621	0.00396	0.00844	0.01538	0.00605	0.04909
51	0.02992	0.03795	0.02275	0.02072	0.02492	0.63952	0.01554	0.03205	0.02330	0.02044	0.01660	0.01840	0.04453	0.00922	0.00761	0.00218	0.01441	0.00599	0.00446	0.00949
52	0.02322	0.03009	0.23745	0.02024	0.02791	0.09579	0.02002	0.18233	0.21216	0.03466	0.02164	0.02192	0.01593	0.00951	0.00812	0.00260	0.01008	0.00737	0.00629	0.01270
53	0.01753	0.01023	0.01189	0.01093	0.01306	0.01076	0.00821	0.11647	0.01877	0.02884	0.02194	0.02768	0.01813	0.01942	0.06787	0.21754	0.00717	0.00764	0.35832	0.00759
54	0.01003	0.00799	0.00900	0.00966	0.01158	0.00696	0.00690	0.01199	0.01808	0.02257	0.10020	0.30389	0.40666	0.02263	0.01010	0.00300	0.00441	0.01960	0.00779	0.00696
55	0.02833	0.02896	0.02182	0.01883	0.02352	0.34410	0.01462	0.21962	0.05791	0.03206	0.01787	0.01966	0.01396	0.01195	0.04127	0.00283	0.01209	0.00662	0.07302	0.01094
56	0.01012	0.00723	0.00964	0.01157	0.01205	0.00675	0.00771	0.01157	0.01591	0.02121	0.04579	0.70262	0.05495	0.02603	0.01060	0.00337	0.00482	0.02362	0.00771	0.00675
57	0.03103	0.03959	0.02354	0.02140	0.02568	0.67469	0.01605	0.03317	0.02354	0.02033	0.01284	0.01498	0.01070	0.00856	0.00749	0.00214	0.01498	0.00535	0.00428	0.00963
58	0.03109	0.03774	0.02370	0.02114	0.02569	0.60096	0.01602	0.10082	0.02531	0.02397	0.01365	0.01555	0.01109	0.00872	0.00758	0.00218	0.01432	0.00559	0.00474	0.01014
59	0.01187	0.00890	0.01335	0.01335	0.01483	0.01038	0.01038	0.01483	0.01335	0.01928	0.02225	0.03264	0.02077	0.06231	0.67512	0.01335	0.02225	0.00890	0.00445	0.00742
60	0.00982	0.00842	0.00842	0.00842	0.01122	0.00701	0.00631	0.01192	0.01894	0.02244	0.08416	0.07995	0.65285	0.02104	0.00982	0.00281	0.00421	0.01753	0.00771	0.00701
61	0.01903	0.01803	0.03058	0.20089	0.48067	0.01891	0.02429	0.02405	0.01838	0.02561	0.01688	0.02470	0.01445	0.00842	0.00841	0.00261	0.01004	0.03791	0.00419	0.01194
62	0.01208	0.00805	0.00906	0.00906	0.00906	0.00805	0.00503	0.01208	0.01208	0.01611	0.02618	0.05436	0.03020	0.70804	0.04228	0.00805	0.00805	0.01208	0.00503	0.00503
63	0.01176	0.00849	0.01110	0.01045	0.01241	0.00784	0.00784	0.01568	0.02352	0.03331	0.65184	0.06206	0.07839	0.01698	0.00980	0.00261	0.00392	0.01502	0.00914	0.00784
64	0.01771	0.01683	0.02856	0.42418	0.30534	0.01899	0.02408	0.02299	0.01757	0.02368	0.01512	0.02149	0.01194	0.00793	0.00827	0.00264	0.01058	0.00739	0.00387	0.01086
65	0.01162	0.00786	0.00920	0.00965	0.00977	0.00774	0.00567	0.01196	0.01299	0.01731	0.03082	0.20778	0.03606	0.54664	0.03479	0.00695	0.00729	0.01481	0.00567	0.00544
66	0.01148	0.00848	0.01072	0.01016	0.01224	0.00772	0.00762	0.01514	0.02286	0.03176	0.57093	0.06461	0.16026	0.01756	0.00980	0.00264	0.00396	0.01538	0.00894	0.00772
67	0.02359	0.02634	0.02771	0.03203	0.24843	0.25411	0.02002	0.02663	0.01877	0.02265	0.01327	0.01789	0.01163	0.00988	0.01348	0.00269	0.20950	0.00663	0.00403	0.01073
68	0.02157	0.01734	0.01956	0.01436	0.02152	0.01552	0.01164	0.20464	0.02383	0.03472	0.01633	0.01805	0.01286	0.00731	0.00680	0.00161	0.00706	0.00570	0.00595	0.53365
69	0.01948	0.27958	0.26776	0.01855	0.02618	0.09062	0.01999	0.02451	0.01749	0.02235	0.01679	0.09363	0.01566	0.01007	0.00820	0.00241	0.04452	0.00749	0.00409	0.01063
70	0.02052	0.01986	0.03442	0.05025	0.62798	0.01980	0.05317	0.02555	0.01895	0.02712	0.01568	0.02065	0.01313	0.00738	0.00830	0.00248	0.01006	0.00751	0.00412	0.01307
71	0.01170	0.00789	0.00917	0.00955	0.00965	0.00780	0.00556	0.01198	0.01283	0.01711	0.03002	0.18152	0.03506	0.57427	0.03607	0.00714	0.00742	0.01434	0.00556	0.00537
72	0.13026	0.05059	0.02090	0.05008	0.02295	0.02105	0.01332	0.35436	0.02906	0.07594	0.01998	0.02111	0.01461	0.00941	0.00732	0.00240	0.00788	0.00701	0.12983	0.01196
73	0.02789	0.09687	0.02208	0.01530	0.02106	0.05160	0.01271	0.23635	0.02732	0.22013	0.03500	0.03316	0.14074	0.01184	0.00824	0.00248	0.00783	0.00926	0.00803	0.01211
74	0.01208	0.00805	0.00906	0.00906	0.00906	0.00805	0.00503	0.01208	0.01208	0.01611	0.02618	0.05436	0.03020	0.70804	0.04228	0.00805	0.00805	0.01208	0.00503	0.00503
75	0.01110	0.00773	0.00939	0.01020	0.01065	0.00742	0.00642	0.01204	0.01468	0.01954	0.07057	0.34029	0.07196	0.34098	0.02519	0.00547	0.00624	0.01755	0.00655	0.00602
76	0.01118	0.00982	0.04462	0.05196	0.01604	0.00835	0.00983	0.01388	0.01784	0.02435	0.18671	0.47453	0.05565	0.02189	0.01014	0.00312	0.00536	0.01971	0.00760	0.00744
77	0.03058	0.02249	0.02411	0.01860	0.02490	0.02485	0.01524	0.59680	0.03767	0.05049	0.02027	0.02172	0.01496	0.04590	0.01006	0.00278	0.00909	0.00772	0.00814	0.01366
78	0.00998	0.00779	0.00907	0.01009	0.01166	0.00687	0.00706	0.01173	0.01733	0.02179	0.06377	0.41079	0.33517	0.02369	0.01024	0.00311	0.00453	0.02077	0.00771	0.00687
79	0.01012	0.00723	0.00964	0.01157	0.01205	0.00675	0.00771	0.01157	0.01591	0.02121	0.04579	0.70262	0.05495	0.02603	0.01060	0.00337	0.00482	0.02362	0.00771	0.00675
80	0.02902	0.03168	0.02517	0.02517	0.12200	0.39164	0.01729	0.16939	0.05819	0.02948	0.01598	0.01780	0.01262	0.00885	0.00784	0.00231	0.01242	0.00636	0.00540	0.01139
81	0.02221	0.71304	0.04353	0.01421	0.02132	0.03287	0.01421	0.02488	0.01688	0.01955	0.01155	0.01333	0.01066	0.00711	0.00533	0.00178	0.00888	0.00444	0.00355	0.01066
82	0.01666	0.04297	0.66500	0.02368	0.03596	0.01929	0.03069	0.02631	0.01754	0.02631	0.01491	0.01754	0.01052	0.00789	0.00789	0.00263	0.01228	0.00614	0.00351	0.01228
83	0.10394	0.01919	0.05611	0.20110	0.38352	0.01934	0.04966	0.02441	0.01778	0.02678	0.01498	0.02010	0.01204	0.00766	0.00795	0.00257	0.01006	0.00712	0.00410	0.01160
84	0.02942	0.03653	0.02511	0.02597	0.12307	0.57353	0.01751	0.03199	0.02283	0.02138	0.01327	0.01584	0.01108	0.00838	0.00760	0.00219	0.01419	0.00567	0.00425	0.01018
85	0.01477	0.00932	0.01110	0.01016	0.01321	0.00812	0.00780	0.01773	0.02141	0.12495	0.29053	0.06524	0.33872	0.01785	0.00959	0.00270	0.00454	0.01517	0.00865	0.00842
86	0.01187	0.00890	0.01335	0.01335	0.01483	0.01038	0.01038	0.01483	0.01335	0.01928	0.02225	0.03264	0.02077	0.06231	0.67512	0.01335	0.02225	0.00890	0.00445	0.00742
87	0.02879	0.19503	0.02857	0.01741	0.02386	0.05614	0.04202	0.20916	0.09650	0.18801	0.02203	0.02143	0.01586	0.00927	0.00761	0.00236	0.00880	0.00714	0.00722	0.01279
88	0.03025	0.03009	0.02347	0.01964	0.02501	0.32519	0.01544	0.32250	0.03088	0.03606	0.01983	0.02061	0.04411	0.00987	0.00801	0.00235	0.01160	0.00699	0.00642	0.01169
89	0.01694	0.01415	0.01657	0.01252	0.01895	0.01117	0.00983	0.04771	0.01806	0.02745	0.01916	0.10905	0.01809	0.00899	0.00685	0.00158	0.00611	0.00754	0.00545	0.62383
90	0.01291	0.01048	0.01449	0.04045	0.01606	0.01243	0.01073	0.01470	0.01385	0.01946	0.02723	0.23152	0.03021	0.16570	0.18779	0.00684	0.15917	0.01346	0.00532	0.00719

[dist]
# distance from previous block
# <min> <max>
0	1

[block]
# block no. 1 follows, 22 sequences, length 113
# corresponding to MSA columns:
# 93-205
name=unknown_B
#
# <colnr> <probs for GDERKNQSTAVLIFYWHMCP>
#	G	D	E	R	K	N	Q	S	T	A	V	L	I	F	Y	W	H	M	C	P
0	0.01393	0.00915	0.01155	0.01130	0.01291	0.00995	0.00839	0.04894	0.01578	0.02390	0.02504	0.06067	0.02344	0.15192	0.31939	0.00829	0.01333	0.00959	0.21507	0.00745
1	0.02576	0.01159	0.01559	0.01283	0.01724	0.01024	0.01024	0.02929	0.02366	0.37828	0.31214	0.04352	0.04666	0.01331	0.00901	0.00259	0.00565	0.01136	0.00977	0.01130
2	0.01837	0.01751	0.02977	0.33691	0.38740	0.01916	0.02441	0.02358	0.01788	0.02449	0.01524	0.02127	0.01222	0.00781	0.00826	0.00260	0.01041	0.00739	0.00392	0.01140
3	0.17415	0.01828	0.02788	0.22748	0.18348	0.02000	0.10798	0.09288	0.01964	0.03026	0.01520	0.01978	0.01171	0.00797	0.00785	0.00263	0.01004	0.00716	0.00469	0.01095
4	0.02426	0.09442	0.09839	0.14004	0.03137	0.32365	0.01861	0.05933	0.02078	0.02272	0.01406	0.01772	0.01144	0.01139	0.04232	0.00293	0.04618	0.00611	0.00421	0.01005
5	0.02182	0.01223	0.01517	0.01363	0.01744	0.01169	0.01039	0.04974	0.11817	0.23384	0.03874	0.28367	0.06312	0.01662	0.00916	0.00284	0.00604	0.01446	0.00853	0.05269
6	0.02333	0.02911	0.06974	0.02940	0.07231	0.25987	0.31163	0.02838	0.02087	0.02417	0.01770	0.02147	0.03581	0.00817	0.00876	0.00253	0.01366	0.00812	0.00432	0.01065
7	0.01223	0.00821	0.00985	0.00985	0.01026	0.00850	0.00615	0.01304	0.01264	0.01758	0.02544	0.04869	0.02781	0.53910	0.16737	0.00877	0.01067	0.01120	0.04699	0.00566
8	0.76672	0.01607	0.01221	0.01092	0.01607	0.01864	0.00900	0.02442	0.01414	0.03727	0.01157	0.01350	0.00900	0.00771	0.00514	0.00257	0.00643	0.00450	0.00514	0.00900
9	0.00990	0.00842	0.00853	0.00850	0.01127	0.00705	0.00638	0.01208	0.01913	0.02290	0.10809	0.07920	0.62863	0.02087	0.00982	0.00280	0.00420	0.01743	0.00777	0.00705
10	0.11181	0.03126	0.05510	0.01918	0.02421	0.38115	0.01535	0.06773	0.16256	0.02763	0.01794	0.01884	0.01400	0.00912	0.00751	0.00239	0.01164	0.00633	0.00551	0.01075
11	0.01837	0.01882	0.06057	0.31139	0.38022	0.01919	0.02475	0.02378	0.01790	0.02467	0.01524	0.02107	0.01218	0.00780	0.00824	0.00260	0.01048	0.00733	0.00391	0.01150
12	0.02101	0.02060	0.03328	0.04971	0.62890	0.04812	0.02509	0.02583	0.01912	0.02685	0.01551	0.02032	0.01305	0.00745	0.00819	0.00245	0.01009	0.00731	0.00412	0.01301
13	0.01961	0.02241	0.04902	0.03501	0.04342	0.02101	0.62605	0.02661	0.01961	0.02661	0.01681	0.02241	0.01261	0.00700	0.00980	0.00280	0.01401	0.00980	0.00420	0.01120
14	0.01012	0.00723	0.00964	0.01157	0.01205	0.00675	0.00771	0.01157	0.01591	0.02121	0.04579	0.70262	0.05495	0.02603	0.01060	0.00337	0.00482	0.02362	0.00771	0.00675
15	0.01120	0.00847	0.01042	0.01058	0.01263	0.00769	0.00807	0.01428	0.02073	0.02760	0.33526	0.14239	0.24559	0.01997	0.01011	0.00291	0.00458	0.09171	0.00836	0.00744
16	0.01381	0.02140	0.24061	0.01560	0.02186	0.01204	0.01603	0.01865	0.01709	0.02431	0.03311	0.25397	0.09896	0.01511	0.00867	0.00262	0.00763	0.01304	0.00568	0.15981
17	0.02163	0.02123	0.02283	0.11743	0.15309	0.18604	0.04047	0.05414	0.02007	0.02638	0.01779	0.02198	0.01426	0.00891	0.00849	0.00236	0.04596	0.00705	0.19987	0.01004
18	0.17097	0.36648	0.16461	0.01773	0.05569	0.05751	0.01724	0.02551	0.01689	0.02493	0.01252	0.01468	0.01043	0.00748	0.00607	0.00217	0.00944	0.00500	0.00393	0.01074
19	0.02056	0.01974	0.03372	0.05099	0.65622	0.01974	0.02550	0.02550	0.01892	0.02714	0.01563	0.02056	0.01316	0.00740	0.00822	0.00247	0.00987	0.00740	0.00411	0.01316
20	0.24663	0.01726	0.01794	0.01392	0.02033	0.01722	0.01138	0.17963	0.02264	0.10894	0.01719	0.01807	0.01273	0.00807	0.00665	0.00211	0.00710	0.00584	0.00646	0.25991
21	0.01208	0.00805	0.00906	0.00906	0.00906	0.00805	0.00503	0.01208	0.01208	0.01611	0.02618	0.05436	0.03020	0.70804	0.04228	0.00805	0.00805	0.01208	0.00503	0.00503
22	0.01012	0.00723	0.00964	0.01157	0.01205	0.00675	0.00771	0.01157	0.01591	0.02121	0.04579	0.70262	0.05495	0.02603	0.01060	0.00337	0.00482	0.02362	0.00771	0.00675
23	0.02037	0.02027	0.03679	0.04778	0.53311	0.01999	0.14615	0.02572	0.01906	0.02703	0.01586	0.02093	0.01305	0.00732	0.00854	0.00253	0.01070	0.00788	0.00413	0.01277
24	0.01999	0.01916	0.03269	0.12523	0.58642	0.01959	0.02521	0.02500	0.01865	0.02645	0.01553	0.02075	0.01292	0.00751	0.00823	0.00250	0.01001	0.00740	0.00406	0.01270
25	0.00993	0.00837	0.00860	0.00865	0.01132	0.00704	0.00645	0.01209	0.01903	0.02292	0.11012	0.10632	0.59872	0.02106	0.00985	0.00282	0.00422	0.01768	0.00778	0.00704
26	0.01472	0.01250	0.01320	0.01232	0.01584	0.01300	0.00944	0.02627	0.28831	0.02900	0.12710	0.05676	0.31627	0.01636	0.00923	0.00279	0.00520	0.01373	0.00820	0.00976
27	0.01021	0.00727	0.00961	0.01146	0.01192	0.00681	0.00759	0.01159	0.01573	0.02098	0.04491	0.67367	0.05384	0.05649	0.01202	0.00358	0.00496	0.02310	0.00759	0.00667
28	0.02056	0.01974	0.03372	0.05099	0.65622	0.01974	0.02550	0.02550	0.01892	0.02714	0.01563	0.02056	0.01316	0.00740	0.00822	0.00247	0.00987	0.00740	0.00411	0.01316
29	0.76672	0.01607	0.01221	0.01092	0.01607	0.01864	0.00900	0.02442	0.01414	0.03727	0.01157	0.01350	0.00900	0.00771	0.00514	0.00257	0.00643	0.00450	0.00514	0.00900
30	0.01871	0.26619	0.42618	0.02184	0.06126	0.02386	0.02492	0.02579	0.01739	0.02408	0.01382	0.01628	0.01070	0.00761	0.00705	0.00234	0.01102	0.00563	0.00355	0.01178
31	0.01208	0.00805	0.00906	0.00906	0.00906	0.00805	0.00503	0.01208	0.01208	0.01611	0.02618	0.05436	0.03020	0.70804	0.04228	0.00805	0.00805	0.01208	0.00503	0.00503
32	0.01011	0.00729	0.00958	0.01142	0.01201	0.00676	0.00765	0.01158	0.01605	0.02126	0.04758	0.67349	0.08292	0.02579	0.01057	0.00335	0.00479	0.02333	0.00771	0.00676
33	0.01569	0.01477	0.02492	0.68808	0.05722	0.01846	0.02307	0.02123	0.01661	0.02123	0.01477	0.02215	0.01107	0.00831	0.00831	0.00277	0.01107	0.00738	0.00369	0.00923
34	0.03103	0.03959	0.02354	0.02140	0.02568	0.67469	0.01605	0.03317	0.02354	0.02033	0.01284	0.01498	0.01070	0.00856	0.00749	0.00214	0.01498	0.00535	0.00428	0.00963
35	0.11010	0.01520	0.01725	0.01460	0.01955	0.01589	0.01164	0.06569	0.24097	0.23617	0.13121	0.03265	0.03006	0.01142	0.00826	0.00266	0.00641	0.00933	0.00877	0.01217
36	0.03103	0.03959	0.02354	0.02140	0.02568	0.67469	0.01605	0.03317	0.02354	0.02033	0.01284	0.01498	0.01070	0.00856	0.00749	0.00214	0.01498	0.00535	0.00428	0.00963
37	0.01196	0.00871	0.00987	0.00987	0.01089	0.00867	0.00637	0.01406	0.04919	0.01906	0.03968	0.09192	0.16303	0.42941	0.08671	0.00685	0.00821	0.01344	0.00589	0.00621
38	0.01259	0.00996	0.01473	0.01432	0.01563	0.01210	0.01127	0.01542	0.01328	0.01937	0.02096	0.03099	0.01964	0.05686	0.60129	0.01224	0.09868	0.00871	0.00436	0.00761
39	0.02221	0.71304	0.04353	0.01421	0.02132	0.03287	0.01421	0.02488	0.01688	0.01955	0.01155	0.01333	0.01066	0.00711	0.00533	0.00178	0.00888	0.00444	0.00355	0.01066
40	0.00988	0.00818	0.00866	0.00905	0.01139	0.00696	0.00659	0.01185	0.01833	0.02219	0.07645	0.20504	0.53273	0.02204	0.00998	0.00292	0.00433	0.01876	0.00771	0.00696
41	0.03158	0.02327	0.02493	0.01911	0.02576	0.02576	0.01579	0.62852	0.03906	0.05236	0.01995	0.01995	0.01413	0.00997	0.00831	0.00249	0.00914	0.00748	0.00831	0.01413
42	0.01333	0.01242	0.02086	0.01983	0.08160	0.01147	0.15357	0.01673	0.01835	0.02397	0.07520	0.25343	0.22968	0.01780	0.00990	0.00294	0.00722	0.01652	0.00661	0.00854
43	0.01021	0.00730	0.00972	0.01151	0.01207	0.00681	0.00772	0.01179	0.01632	0.02187	0.07880	0.66773	0.05622	0.02553	0.01056	0.00333	0.00477	0.02315	0.00779	0.00681
44	0.01004	0.00754	0.00932	0.01075	0.01183	0.00682	0.00735	0.01166	0.01669	0.02153	0.05573	0.54131	0.20984	0.02473	0.01040	0.00323	0.00466	0.02204	0.00771	0.00682
45	0.06095	0.01967	0.02169	0.20634	0.03168	0.11734	0.01619	0.14514	0.02264	0.13235	0.02007	0.05428	0.01607	0.04563	0.01101	0.00293	0.05112	0.00810	0.00609	0.01071
46	0.03280	0.01871	0.02179	0.01699	0.02332	0.01933	0.01394	0.30786	0.10108	0.31374	0.02707	0.02480	0.01819	0.01025	0.00835	0.00256	0.00795	0.00808	0.00918	0.01402
47	0.01818	0.01818	0.02545	0.02181	0.02181	0.02545	0.01818	0.01999	0.01272	0.01999	0.01091	0.01818	0.01091	0.01454	0.02726	0.00364	0.69284	0.00727	0.00364	0.00909
48	0.03244	0.02128	0.11541	0.01747	0.02482	0.01759	0.01606	0.22715	0.02777	0.37347	0.02605	0.02403	0.01703	0.00983	0.00827	0.00255	0.00849	0.00775	0.00866	0.01386
49	0.02749	0.16685	0.02911	0.05765	0.09391	0.25807	0.01699	0.19798	0.02572	0.02998	0.01498	0.01702	0.01194	0.00853	0.00741	0.00223	0.01136	0.00610	0.00522	0.01146
50	0.02172	0.01837	0.01938	0.01712	0.02201	0.02116	0.01341	0.10096	0.58267	0.03646	0.03246	0.02992	0.02427	0.01114	0.00844	0.00279	0.00682	0.00921	0.00844	0.01324
51	0.01012	0.00723	0.00964	0.01157	0.01205	0.00675	0.00771	0.01157	0.01591	0.02121	0.04579	0.70262	0.05495	0.02603	0.01060	0.00337	0.00482	0.02362	0.00771	0.00675
52	0.01761	0.03718	0.50463	0.02978	0.16097	0.01948	0.06208	0.02616	0.01793	0.02649	0.01516	0.01841	0.01117	0.00775	0.00806	0.00261	0.01189	0.00659	0.00367	0.01240
53	0.01666	0.04297	0.66500	0.02368	0.03596	0.01929	0.03069	0.02631	0.01754	0.02631	0.01491	0.01754	0.01052	0.00789	0.00789	0.00263	0.01228	0.00614	0.00351	0.01228
54	0.01012	0.00723	0.00964	0.01157	0.01205	0.00675	0.00771	0.01157	0.01591	0.02121	0.04579	0.70262	0.05495	0.02603	0.01060	0.00337	0.00482	0.02362	0.00771	0.00675
55	0.01884	0.01739	0.01992	0.01764	0.01933	0.09342	0.01422	0.07290	0.01697	0.02397	0.01680	0.02326	0.01497	0.02533	0.18963	0.00569	0.29916	0.00755	0.09401	0.00899
56	0.01018	0.00843	0.00891	0.00879	0.01144	0.00717	0.00659	0.01261	0.01978	0.02445	0.18876	0.07665	0.54700	0.02029	0.00981	0.00277	0.00415	0.01707	0.00798	0.00717
57	0.02241	0.02548	0.02796	0.02342	0.02588	0.22928	0.09768	0.02502	0.01704	0.02097	0.01229	0.01773	0.01107	0.01166	0.01873	0.00305	0.38987	0.00700	0.00391	0.00954
58	0.76672	0.01607	0.01221	0.01092	0.01607	0.01864	0.00900	0.02442	0.01414	0.03727	0.01157	0.01350	0.00900	0.00771	0.00514	0.00257	0.00643	0.00450	0.00514	0.00900
59	0.01012	0.00723	0.00964	0.01157	0.01205	0.00675	0.00771	0.01157	0.01591	0.02121	0.04579	0.70262	0.05495	0.02603	0.01060	0.00337	0.00482	0.02362	0.00771	0.00675
60	0.03103	0.03959	0.02354	0.02140	0.02568	0.67469	0.01605	0.03317	0.02354	0.02033	0.01284	0.01498	0.01070	0.00856	0.00749	0.00214	0.01498	0.00535	0.00428	0.00963
61	0.02221	0.71304	0.04353	0.01421	0.02132	0.03287	0.01421	0.02488	0.01688	0.01955	0.01155	0.01333	0.01066	0.00711	0.00533	0.00178	0.00888	0.00444	0.00355	0.01066
62	0.01157	0.00848	0.01084	0.01025	0.01230	0.00776	0.00769	0.01531	0.02307	0.03226	0.59665	0.06379	0.13424	0.01738	0.00980	0.00263	0.00395	0.01527	0.00901	0.00776
63	0.03103	0.03959	0.02354	0.02140	0.02568	0.67469	0.01605	0.03317	0.02354	0.02033	0.01284	0.01498	0.01070	0.00856	0.00749	0.00214	0.01498	0.00535	0.00428	0.00963
64	0.01549	0.00774	0.00774	0.00774	0.00968	0.00774	0.00581	0.01936	0.01742	0.03097	0.02710	0.03097	0.02129	0.00968	0.00581	0.00194	0.00387	0.00774	0.75416	0.00774
65	0.01723	0.01477	0.01723	0.01230	0.01969	0.01107	0.00984	0.02092	0.01723	0.02707	0.01477	0.01723	0.01230	0.00615	0.00615	0.00123	0.00615	0.00492	0.00492	0.75883
66	0.01012	0.00723	0.00964	0.01157	0.01205	0.00675	0.00771	0.01157	0.01591	0.02121	0.04579	0.70262	0.05495	0.02603	0.01060	0.00337	0.00482	0.02362	0.00771	0.00675
67	0.01196	0.00807	0.00903	0.00903	0.00917	0.00800	0.00510	0.01207	0.01244	0.01644	0.02923	0.05571	0.06306	0.67180	0.04057	0.00778	0.00785	0.01237	0.00518	0.00514
68	0.00982	0.00842	0.00842	0.00842	0.01122	0.00701	0.00631	0.01192	0.01894	0.02244	0.08416	0.07995	0.65285	0.02104	0.00982	0.00281	0.00421	0.01753	0.00771	0.00701
69	0.01187	0.00890	0.01335	0.01335	0.01483	0.01038	0.01038	0.01483	0.01335	0.01928	0.02225	0.03264	0.02077	0.06231	0.67512	0.01335	0.02225	0.00890	0.00445	0.00742
70	0.02816	0.01926	0.02190	0.01743	0.02299	0.02105	0.01427	0.43490	0.03201	0.11501	0.02188	0.02351	0.01623	0.02080	0.14588	0.00474	0.01161	0.00787	0.00774	0.01274
71	0.02658	0.02879	0.02315	0.02025	0.02414	0.32618	0.01584	0.11860	0.14780	0.02778	0.01771	0.01952	0.01418	0.01045	0.01157	0.00261	0.14156	0.00683	0.00558	0.01088
72	0.01365	0.01152	0.01676	0.01574	0.01680	0.01463	0.01258	0.01629	0.01317	0.01948	0.01905	0.02856	0.01799	0.04883	0.49239	0.01061	0.21140	0.00844	0.00422	0.00789
73	0.35532	0.05831	0.02028	0.01533	0.02124	0.04883	0.01272	0.30548	0.02624	0.04264	0.01551	0.01654	0.01154	0.00876	0.00672	0.00247	0.00816	0.00591	0.00649	0.01150
74	0.00982	0.00842	0.00842	0.00842	0.01122	0.00701	0.00631	0.01192	0.01894	0.02244	0.08416	0.07995	0.65285	0.02104	0.00982	0.00281	0.00421	0.01753	0.00771	0.00701
75	0.00998	0.00777	0.00908	0.01012	0.01167	0.00687	0.00707	0.01173	0.01730	0.02177	0.06339	0.41689	0.32931	0.02374	0.01024	0.00311	0.00454	0.02082	0.00771	0.00687
76	0.01208	0.00805	0.00906	0.00906	0.00906	0.00805	0.00503	0.01208	0.01208	0.01611	0.02618	0.05436	0.03020	0.70804	0.04228	0.00805	0.00805	0.01208	0.00503	0.00503
77	0.01838	0.25091	0.47214	0.02074	0.03141	0.02351	0.02558	0.02586	0.01733	0.02421	0.01387	0.01623	0.01057	0.00765	0.00710	0.00237	0.01122	0.00561	0.00352	0.01178
78	0.01208	0.00805	0.00906	0.00906	0.00906	0.00805	0.00503	0.01208	0.01208	0.01611	0.02618	0.05436	0.03020	0.70804	0.04228	0.00805	0.00805	0.01208	0.00503	0.00503
79	0.01102	0.00761	0.00937	0.01042	0.01068	0.00735	0.00648	0.01180	0.01415	0.01887	0.03679	0.40515	0.04359	0.33899	0.02514	0.00552	0.00630	0.01832	0.00648	0.00596
80	0.03244	0.02189	0.02408	0.01846	0.02508	0.02372	0.01525	0.53983	0.03675	0.14430	0.02188	0.02120	0.01510	0.01002	0.00832	0.00250	0.00883	0.00761	0.00861	0.01413
81	0.02056	0.01974	0.03372	0.05099	0.65622	0.01974	0.02550	0.02550	0.01892	0.02714	0.01563	0.02056	0.01316	0.00740	0.00822	0.00247	0.00987	0.00740	0.00411	0.01316
82	0.01666	0.04297	0.66500	0.02368	0.03596	0.01929	0.03069	0.02631	0.01754	0.02631	0.01491	0.01754	0.01052	0.00789	0.00789	0.00263	0.01228	0.00614	0.00351	0.01228
83	0.01086	0.00846	0.00986	0.00951	0.01186	0.00746	0.00713	0.01393	0.02139	0.02827	0.38828	0.07036	0.34510	0.01887	0.00981	0.00270	0.00405	0.01619	0.00848	0.00746
84	0.01012	0.00723	0.00964	0.01157	0.01205	0.00675	0.00771	0.01157	0.01591	0.02121	0.04579	0.70262	0.05495	0.02603	0.01060	0.00337	0.00482	0.02362	0.00771	0.00675
85	0.01155	0.00842	0.01053	0.01166	0.01301	0.00801	0.00879	0.01363	0.01684	0.02166	0.04916	0.24005	0.17093	0.16098	0.01710	0.00435	0.00629	0.21313	0.00715	0.00676
86	0.03106	0.03868	0.02362	0.02127	0.02569	0.63825	0.01604	0.06661	0.02441	0.02213	0.01324	0.01526	0.01089	0.00864	0.00754	0.00216	0.01465	0.00547	0.00451	0.00988
87	0.03103	0.03959	0.02354	0.02140	0.02568	0.67469	0.01605	0.03317	0.02354	0.02033	0.01284	0.01498	0.01070	0.00856	0.00749	0.00214	0.01498	0.00535	0.00428	0.00963
88	0.01030	0.00731	0.00959	0.01133	0.01177	0.00687	0.00746	0.01162	0.01555	0.02073	0.04396	0.64210	0.05263	0.08970	0.01356	0.00381	0.00512	0.02254	0.00746	0.00659
89	0.02698	0.02055	0.02246	0.01693	0.02382	0.02106	0.01389	0.43393	0.03207	0.04426	0.01829	0.01907	0.01354	0.00875	0.00762	0.00209	0.00818	0.00666	0.00723	0.25263
90	0.01114	0.00789	0.00982	0.01036	0.01123	0.00745	0.00689	0.01289	0.01707	0.02318	0.21283	0.30089	0.08339	0.22390	0.01966	0.00451	0.00549	0.01750	0.00733	0.00656
91	0.02343	0.05892	0.03056	0.06657	0.15900	0.25142	0.10298	0.02696	0.01916	0.02255	0.01362	0.01813	0.01153	0.00923	0.01190	0.00262	0.15005	0.00685	0.00404	0.01049
92	0.01271	0.00861	0.01170	0.07717	0.01662	0.00926	0.00947	0.01570	0.01564	0.02341	0.03043	0.24571	0.03091	0.03047	0.20713	0.00588	0.01036	0.01314	0.21820	0.00747
93	0.01439	0.00906	0.01169	0.01081	0.01328	0.00820	0.00818	0.01792	0.02269	0.10324	0.49308	0.09484	0.12637	0.01711	0.00968	0.00267	0.00436	0.01498	0.00906	0.00842
94	0.02187	0.01899	0.02369	0.02677	0.20107	0.02098	0.01693	0.10500	0.39756	0.03460	0.02711	0.02680	0.02065	0.01003	0.00837	0.00268	0.00779	0.00861	0.00721	0.01326
95	0.02056	0.01974	0.03372	0.05099	0.65622	0.01974	0.02550	0.02550	0.01892	0.02714	0.01563	0.02056	0.01316	0.00740	0.00822	0.00247	0.00987	0.00740	0.00411	0.01316
96	0.06699	0.02454	0.02591	0.06000	0.19077	0.17717	0.01849	0.16637	0.05693	0.03122	0.01613	0.01906	0.01286	0.00934	0.01006	0.00257	0.08774	0.00686	0.00534	0.01166
97	0.02587	0.39168	0.06247	0.01719	0.02385	0.16051	0.01566	0.16298	0.02327	0.02741	0.01385	0.01534	0.01145	0.00808	0.00655	0.00205	0.01032	0.00539	0.00477	0.01131
98	0.01012	0.00723	0.00964	0.01157	0.01205	0.00675	0.00771	0.01157	0.01591	0.02121	0.04579	0.70262	0.05495	0.02603	0.01060	0.00337	0.00482	0.02362	0.00771	0.00675
99	0.01886	0.02311	0.16247	0.18104	0.16657	0.01827	0.14426	0.02510	0.01828	0.05521	0.01622	0.02065	0.01228	0.00762	0.00826	0.00250	0.01092	0.00738	0.00429	0.09672
100	0.02069	0.02482	0.08734	0.10181	0.13108	0.18012	0.01991	0.02438	0.01734	0.02193	0.01402	0.01951	0.01212	0.01497	0.07508	0.00378	0.21022	0.00688	0.00394	0.01006
101	0.00982	0.00842	0.00842	0.00842	0.01122	0.00701	0.00631	0.01192	0.01894	0.02244	0.08416	0.07995	0.65285	0.02104	0.00982	0.00281	0.00421	0.01753	0.00771	0.00701
102	0.01961	0.02241	0.04902	0.03501	0.04342	0.02101	0.62605	0.02661	0.01961	0.02661	0.01681	0.02241	0.01261	0.00700	0.00980	0.00280	0.01401	0.00980	0.00420	0.01120
103	0.02359	0.27741	0.09893	0.02501	0.15164	0.21019	0.01891	0.02724	0.01902	0.02201	0.01305	0.01594	0.01117	0.00805	0.00794	0.00220	0.04725	0.00562	0.00387	0.01095
104	0.01236	0.00954	0.01336	0.11872	0.02040	0.01030	0.01115	0.01623	0.04943	0.02230	0.03630	0.32618	0.06548	0.02852	0.14341	0.00518	0.00950	0.05110	0.04281	0.00773
105	0.00993	0.00796	0.00888	0.00962	0.01154	0.00691	0.00685	0.01179	0.01778	0.02197	0.06952	0.31757	0.42468	0.02294	0.01012	0.00302	0.00444	0.01985	0.00771	0.00691
106	0.01441	0.01052	0.01264	0.01289	0.01475	0.01058	0.00925	0.13553	0.02074	0.02754	0.04291	0.52788	0.08284	0.02250	0.01010	0.00316	0.00565	0.02001	0.00783	0.00825
107	0.02066	0.02530	0.16591	0.13989	0.03954	0.02141	0.24597	0.14621	0.02222	0.03046	0.01639	0.02064	0.01213	0.00840	0.00978	0.00274	0.04799	0.00804	0.00477	0.01157
108	0.14401	0.01609	0.02699	0.17591	0.12366	0.01690	0.17081	0.02176	0.01714	0.02617	0.02126	0.16090	0.02046	0.01140	0.00861	0.00282	0.00956	0.01086	0.00496	0.00974
109	0.09441	0.05035	0.05604	0.15546	0.09284	0.11659	0.01751	0.15076	0.09349	0.03178	0.01797	0.02051	0.01373	0.00887	0.00763	0.00249	0.00980	0.00690	0.04165	0.01124
110	0.22698	0.01824	0.05542	0.15187	0.23211	0.01884	0.01859	0.02607	0.08774	0.02932	0.01668	0.02049	0.01322	0.01069	0.03859	0.00311	0.00946	0.00682	0.00480	0.01095
111	0.15078	0.01877	0.08504	0.08973	0.05770	0.01713	0.14093	0.09084	0.02053	0.03105	0.09975	0.06756	0.07318	0.01110	0.00844	0.00270	0.00893	0.00991	0.00579	0.01014
112	0.02394	0.02230	0.08560	0.10096	0.05638	0.15050	0.01595	0.02881	0.05132	0.16314	0.02146	0.05846	0.01718	0.04006	0.00938	0.00259	0.00961	0.00783	0.00596	0.12856

[dist]
# distance from previous block
# <min> <max>
2	202

[block]
# block no. 2 follows, 22 sequences, length 120
# corresponding to MSA columns:
# 466-585
name=unknown_C
#
# <colnr> <probs for GDERKNQSTAVLIFYWHMCP>
#	G	D	E	R	K	N	Q	S	T	A	V	L	I	F	Y	W	H	M	C	P
0	0.02484	0.02473	0.05763	0.06863	0.21051	0.15741	0.01920	0.12968	0.13605	0.05960	0.01974	0.02148	0.01510	0.00898	0.00812	0.00250	0.01029	0.00733	0.00585	0.01234
1	0.01682	0.01698	0.05941	0.06076	0.21107	0.01567	0.15946	0.02139	0.01784	0.02516	0.08604	0.03220	0.02340	0.13061	0.05444	0.00416	0.01058	0.00961	0.03443	0.00997
2	0.09857	0.01896	0.02550	0.14194	0.03190	0.09576	0.14318	0.06992	0.02074	0.09499	0.02298	0.03576	0.01998	0.01137	0.00886	0.00286	0.01040	0.13024	0.00588	0.01022
3	0.01709	0.01418	0.01441	0.01356	0.01644	0.08382	0.01005	0.02408	0.15000	0.06429	0.20676	0.20451	0.04524	0.04588	0.01059	0.00295	0.00639	0.01388	0.00778	0.04810
4	0.02229	0.02407	0.02138	0.01691	0.02325	0.24805	0.04903	0.02562	0.01962	0.02464	0.01420	0.01674	0.01175	0.00706	0.00685	0.00165	0.00977	0.00537	0.00465	0.44711
5	0.01245	0.00979	0.01216	0.08659	0.01778	0.00971	0.00949	0.06037	0.01898	0.02439	0.08155	0.31121	0.24518	0.04767	0.01112	0.00320	0.00573	0.01768	0.00727	0.00766
6	0.20387	0.04407	0.01697	0.01361	0.01858	0.01706	0.01100	0.08872	0.17543	0.14158	0.06545	0.03329	0.11391	0.01167	0.00776	0.00263	0.00648	0.00913	0.00767	0.01112
7	0.02464	0.02894	0.02510	0.25401	0.10351	0.37925	0.01947	0.02825	0.02067	0.02136	0.01380	0.01804	0.01109	0.00835	0.00785	0.00239	0.01309	0.00627	0.00406	0.00987
8	0.10640	0.25235	0.03456	0.03405	0.36965	0.02403	0.01982	0.02516	0.01769	0.02575	0.01379	0.01732	0.01184	0.00734	0.00690	0.00225	0.00914	0.00608	0.00404	0.01184
9	0.02340	0.09135	0.02806	0.02800	0.20523	0.17986	0.05240	0.09232	0.09441	0.02784	0.02355	0.02527	0.07317	0.00962	0.00804	0.00241	0.01027	0.00793	0.00539	0.01148
10	0.02056	0.01974	0.03372	0.05099	0.65622	0.01974	0.02550	0.02550	0.01892	0.02714	0.01563	0.02056	0.01316	0.00740	0.00822	0.00247	0.00987	0.00740	0.00411	0.01316
11	0.01259	0.01073	0.01742	0.01572	0.01809	0.01033	0.11339	0.01573	0.01850	0.02511	0.17908	0.34262	0.08680	0.01982	0.01094	0.00311	0.03335	0.05149	0.00728	0.00791
12	0.01770	0.01713	0.02386	0.02061	0.02079	0.02370	0.01710	0.01969	0.01301	0.02055	0.01237	0.01962	0.01198	0.01676	0.05973	0.00405	0.62062	0.00738	0.04443	0.00893
13	0.01026	0.00773	0.00940	0.01065	0.01188	0.00701	0.00741	0.01194	0.01681	0.02152	0.05665	0.45595	0.23755	0.05470	0.01181	0.00343	0.00490	0.04604	0.00759	0.00679
14	0.01010	0.00730	0.00957	0.01138	0.01200	0.00676	0.00763	0.01159	0.01609	0.02128	0.04809	0.66526	0.09082	0.02573	0.01056	0.00334	0.00478	0.02325	0.00771	0.00676
15	0.01473	0.00799	0.00892	0.00892	0.01076	0.00830	0.00676	0.01841	0.01657	0.02853	0.02609	0.03132	0.02118	0.02068	0.14577	0.00432	0.00772	0.00799	0.59738	0.00767
16	0.01666	0.04297	0.66500	0.02368	0.03596	0.01929	0.03069	0.02631	0.01754	0.02631	0.01491	0.01754	0.01052	0.00789	0.00789	0.00263	0.01228	0.00614	0.00351	0.01228
17	0.01818	0.01818	0.02545	0.02181	0.02181	0.02545	0.01818	0.01999	0.01272	0.01999	0.01091	0.01818	0.01091	0.01454	0.02726	0.00364	0.69284	0.00727	0.00364	0.00909
18	0.00985	0.00830	0.00853	0.00872	0.01130	0.00699	0.00645	0.01189	0.01864	0.02232	0.08042	0.14060	0.59462	0.02153	0.00989	0.00286	0.00427	0.01813	0.00771	0.00699
19	0.24048	0.02200	0.02125	0.01690	0.02300	0.05455	0.01387	0.42856	0.03124	0.04655	0.01723	0.01788	0.01251	0.00926	0.00737	0.00250	0.00865	0.00653	0.00722	0.01246
20	0.01058	0.00845	0.00947	0.00921	0.01169	0.00734	0.00691	0.01339	0.02072	0.02669	0.30579	0.07296	0.42857	0.01946	0.00981	0.00273	0.00410	0.01655	0.00827	0.00734
21	0.01167	0.00849	0.01099	0.01036	0.01236	0.00780	0.00777	0.01552	0.02332	0.03285	0.62744	0.06282	0.10308	0.01716	0.00980	0.00262	0.00393	0.01513	0.00908	0.00780
22	0.01187	0.00890	0.01335	0.01335	0.01483	0.01038	0.01038	0.01483	0.01335	0.01928	0.02225	0.03264	0.02077	0.06231	0.67512	0.01335	0.02225	0.00890	0.00445	0.00742
23	0.03061	0.07159	0.02449	0.02106	0.02548	0.64420	0.01596	0.03278	0.02323	0.02029	0.01278	0.01490	0.01070	0.00849	0.00739	0.00212	0.01469	0.00531	0.00425	0.00968
24	0.01430	0.00808	0.00945	0.04955	0.01315	0.00818	0.00736	0.01741	0.01701	0.02780	0.05866	0.15193	0.02903	0.01398	0.00854	0.04578	0.00467	0.01088	0.49682	0.00742
25	0.02503	0.07083	0.02621	0.21358	0.10135	0.38012	0.01894	0.02846	0.02068	0.02126	0.01361	0.01751	0.01107	0.00828	0.00767	0.00233	0.01296	0.00609	0.00405	0.00995
26	0.01972	0.02160	0.09955	0.04595	0.55200	0.01908	0.02532	0.02508	0.01878	0.02692	0.01725	0.02463	0.01496	0.00839	0.00838	0.00257	0.00999	0.04284	0.00426	0.01273
27	0.02285	0.02200	0.03108	0.07540	0.47860	0.08783	0.02313	0.10548	0.02193	0.02947	0.01587	0.01998	0.01293	0.00790	0.00816	0.00245	0.01036	0.00720	0.00466	0.01273
28	0.01549	0.00774	0.00774	0.00774	0.00968	0.00774	0.00581	0.01936	0.01742	0.03097	0.02710	0.03097	0.02129	0.00968	0.00581	0.00194	0.00387	0.00774	0.75416	0.00774
29	0.01192	0.00810	0.00952	0.00948	0.00991	0.00794	0.00575	0.01281	0.01466	0.01996	0.15799	0.08833	0.04151	0.52949	0.03391	0.00668	0.00703	0.01327	0.00603	0.00571
30	0.01666	0.04297	0.66500	0.02368	0.03596	0.01929	0.03069	0.02631	0.01754	0.02631	0.01491	0.01754	0.01052	0.00789	0.00789	0.00263	0.01228	0.00614	0.00351	0.01228
31	0.02006	0.01910	0.03190	0.11586	0.55523	0.01966	0.02450	0.02617	0.05601	0.02698	0.01663	0.02135	0.01367	0.00773	0.00825	0.00252	0.00980	0.00752	0.00433	0.01275
32	0.00982	0.00842	0.00842	0.00842	0.01122	0.00701	0.00631	0.01192	0.01894	0.02244	0.08416	0.07995	0.65285	0.02104	0.00982	0.00281	0.00421	0.01753	0.00771	0.00701
33	0.01967	0.01933	0.03446	0.14825	0.47815	0.01971	0.10798	0.02498	0.01865	0.02614	0.01565	0.02106	0.01276	0.00749	0.00845	0.00256	0.01063	0.00773	0.00406	0.01228
34	0.03103	0.03959	0.02354	0.02140	0.02568	0.67469	0.01605	0.03317	0.02354	0.02033	0.01284	0.01498	0.01070	0.00856	0.00749	0.00214	0.01498	0.00535	0.00428	0.00963
35	0.01187	0.00890	0.01335	0.01335	0.01483	0.01038	0.01038	0.01483	0.01335	0.01928	0.02225	0.03264	0.02077	0.06231	0.67512	0.01335	0.02225	0.00890	0.00445	0.00742
