[name]
unknown

[dist]
# distance from previous block
# <min> <max>
0	4

[block]
# block no. 0 follows, 22 sequences, length 86
# corresponding to MSA columns:
# 4-89
name=unknown_A
#
# <colnr> <probs for GDERKNQSTAVLIFYWHMCP>
#	G	D	E	R	K	N	Q	S	T	A	V	L	I	F	Y	W	H	M	C	P
0	0.01518	0.03196	0.45507	0.01971	0.02867	0.01571	0.02367	0.02298	0.01920	0.02807	0.18413	0.03368	0.03054	0.01116	0.00860	0.00270	0.00981	0.04307	0.00523	0.01084
1	0.01999	0.27889	0.38475	0.02012	0.02982	0.08656	0.02349	0.02646	0.01788	0.02335	0.01353	0.01581	0.01059	0.00768	0.00695	0.00228	0.01134	0.00547	0.00360	0.01146
2	0.01728	0.01195	0.01429	0.01379	0.01624	0.01222	0.01014	0.18208	0.02262	0.05991	0.03809	0.48371	0.04214	0.02088	0.00987	0.00309	0.00611	0.01847	0.00800	0.00912
3	0.02059	0.01913	0.02892	0.04004	0.45236	0.02004	0.02153	0.03149	0.21882	0.02959	0.02147	0.02391	0.01708	0.00864	0.00830	0.00258	0.00881	0.00804	0.00551	0.01316
4	0.02966	0.14451	0.02666	0.02028	0.02500	0.57470	0.01577	0.03188	0.02250	0.02021	0.01264	0.01472	0.01069	0.00833	0.00715	0.00208	0.01403	0.00521	0.00417	0.00979
5	0.01192	0.00808	0.00902	0.00902	0.00921	0.00798	0.00512	0.01207	0.01256	0.01655	0.03023	0.05615	0.07370	0.66005	0.04002	0.00769	0.00779	0.01246	0.00522	0.00517
6	0.01873	0.01285	0.01337	0.01154	0.01524	0.01318	0.00911	0.20873	0.02472	0.03496	0.04318	0.04323	0.22192	0.01342	0.00788	0.00239	0.00564	0.01080	0.27959	0.00952
7	0.01028	0.00843	0.00905	0.00890	0.01150	0.00721	0.00667	0.01281	0.02002	0.02502	0.21857	0.07571	0.51683	0.02008	0.00981	0.00276	0.00414	0.01694	0.00805	0.00721
8	0.01033	0.00844	0.00912	0.00895	0.01153	0.00723	0.00671	0.01291	0.02014	0.02530	0.23347	0.07524	0.50176	0.01997	0.00981	0.00275	0.00413	0.01687	0.00809	0.00723
9	0.02415	0.56524	0.03915	0.01579	0.02228	0.17373	0.01462	0.02670	0.01834	0.01972	0.01183	0.01369	0.01067	0.00743	0.00580	0.00186	0.01022	0.00464	0.00371	0.01043
10	0.03103	0.03959	0.02354	0.02140	0.02568	0.67469	0.01605	0.03317	0.02354	0.02033	0.01284	0.01498	0.01070	0.00856	0.00749	0.00214	0.01498	0.00535	0.00428	0.00963
11	0.01569	0.01477	0.02492	0.68808	0.05722	0.01846	0.02307	0.02123	0.01661	0.02123	0.01477	0.02215	0.01107	0.00831	0.00831	0.00277	0.01107	0.00738	0.00369	0.00923
12	0.53057	0.01838	0.01630	0.01356	0.01918	0.02093	0.01118	0.21848	0.02214	0.04212	0.01426	0.01557	0.01065	0.00844	0.00616	0.00255	0.00730	0.00546	0.00616	0.01065
13	0.01730	0.02308	0.22372	0.01673	0.02310	0.01583	0.01686	0.13852	0.08117	0.03042	0.03816	0.15016	0.16120	0.01460	0.00891	0.00279	0.00808	0.01220	0.00655	0.01062
14	0.02649	0.38639	0.03384	0.01770	0.02344	0.34418	0.01511	0.02890	0.02011	0.01993	0.01218	0.01413	0.01068	0.00781	0.00638	0.00195	0.01184	0.00488	0.00391	0.01016
15	0.02707	0.02569	0.02651	0.02938	0.22745	0.19576	0.01847	0.24517	0.02735	0.03464	0.01703	0.01938	0.01327	0.00876	0.00794	0.00236	0.01066	0.00690	0.04391	0.01229
16	0.02240	0.01696	0.01940	0.01427	0.02139	0.01502	0.01157	0.18210	0.02343	0.07808	0.01739	0.01871	0.01336	0.00745	0.00687	0.00166	0.00700	0.00583	0.00619	0.51093
17	0.01030	0.00817	0.00926	0.00954	0.01166	0.00713	0.00695	0.01265	0.01925	0.02451	0.19769	0.21276	0.39822	0.02126	0.00999	0.00289	0.00428	0.01833	0.00802	0.00713
18	0.02954	0.16314	0.02794	0.01912	0.02487	0.29706	0.01559	0.26442	0.02833	0.03270	0.01537	0.01660	0.01203	0.00883	0.00739	0.00221	0.01152	0.00601	0.00572	0.01159
19	0.02984	0.01445	0.01825	0.01465	0.02004	0.01378	0.01186	0.09906	0.09584	0.40385	0.15096	0.03421	0.03158	0.01165	0.00864	0.00260	0.00663	0.00967	0.00964	0.01281
20	0.02784	0.02044	0.02205	0.01696	0.02323	0.02178	0.01390	0.47759	0.03366	0.04648	0.01993	0.02068	0.01460	0.00939	0.00774	0.00225	0.00817	0.00713	0.08441	0.12179
21	0.01549	0.00774	0.00774	0.00774	0.00968	0.00774	0.00581	0.01936	0.01742	0.03097	0.02710	0.03097	0.02129	0.00968	0.00581	0.00194	0.00387	0.00774	0.75416	0.00774
22	0.02221	0.71304	0.04353	0.01421	0.02132	0.03287	0.01421	0.02488	0.01688	0.01955	0.01155	0.01333	0.01066	0.00711	0.00533	0.00178	0.00888	0.00444	0.00355	0.01066
23	0.02863	0.02905	0.02325	0.02075	0.04948	0.32354	0.01562	0.24768	0.02791	0.03276	0.01751	0.04774	0.01444	0.01011	0.00880	0.00240	0.04325	0.00720	0.03870	0.01118
24	0.01063	0.00838	0.00918	0.00901	0.01120	0.00737	0.00650	0.01288	0.01907	0.02422	0.21652	0.07179	0.41981	0.11996	0.01454	0.00352	0.00470	0.01612	0.00768	0.00693
25	0.00990	0.00810	0.00874	0.00924	0.01144	0.00694	0.00668	0.01183	0.01814	0.02212	0.07407	0.24372	0.49559	0.02235	0.01002	0.00295	0.00437	0.01913	0.00771	0.00694
26	0.02221	0.71304	0.04353	0.01421	0.02132	0.03287	0.01421	0.02488	0.01688	0.01955	0.01155	0.01333	0.01066	0.00711	0.00533	0.00178	0.00888	0.00444	0.00355	0.01066
27	0.02056	0.01974	0.03372	0.05099	0.65622	0.01974	0.02550	0.02550	0.01892	0.02714	0.01563	0.02056	0.01316	0.00740	0.00822	0.00247	0.00987	0.00740	0.00411	0.01316
28	0.02973	0.03743	0.02373	0.02144	0.02529	0.60901	0.01627	0.03184	0.02245	0.02030	0.01265	0.01530	0.01072	0.00917	0.00949	0.00229	0.08356	0.00554	0.00422	0.00958
29	0.76672	0.01607	0.01221	0.01092	0.01607	0.01864	0.00900	0.02442	0.01414	0.03727	0.01157	0.01350	0.00900	0.00771	0.00514	0.00257	0.00643	0.00450	0.00514	0.00900
30	0.03103	0.03959	0.02354	0.02140	0.02568	0.67469	0.01605	0.03317	0.02354	0.02033	0.01284	0.01498	0.01070	0.00856	0.00749	0.00214	0.01498	0.00535	0.00428	0.00963
31	0.01594	0.01218	0.01357	0.01197	0.01528	0.01220	0.00924	0.14828	0.06081	0.03316	0.26502	0.05662	0.24629	0.04899	0.01093	0.00292	0.00549	0.01375	0.00826	0.00910
32	0.00985	0.00830	0.00854	0.00873	0.01130	0.00699	0.00645	0.01189	0.01863	0.02232	0.08028	0.14295	0.59236	0.02154	0.00990	0.00286	0.00427	0.01815	0.00771	0.00699
33	0.01194	0.00863	0.01197	0.01197	0.01298	0.00964	0.00867	0.01395	0.01294	0.01826	0.02351	0.03962	0.02380	0.26974	0.47183	0.01165	0.01769	0.00992	0.00464	0.00665
34	0.02056	0.01974	0.03372	0.05099	0.65622	0.01974	0.02550	0.02550	0.01892	0.02714	0.01563	0.02056	0.01316	0.00740	0.00822	0.00247	0.00987	0.00740	0.00411	0.01316
35	0.02830	0.02380	0.02125	0.01738	0.02258	0.16464	0.01389	0.37817	0.03140	0.04113	0.01979	0.02102	0.01478	0.00960	0.00764	0.00231	0.00939	0.00706	0.15398	0.01189
36	0.01187	0.00890	0.01335	0.01335	0.01483	0.01038	0.01038	0.01483	0.01335	0.01928	0.02225	0.03264	0.02077	0.06231	0.67512	0.01335	0.02225	0.00890	0.00445	0.00742
37	0.02855	0.03545	0.02391	0.02148	0.02493	0.54915	0.01646	0.03062	0.02145	0.02027	0.01247	0.01560	0.01074	0.00972	0.01131	0.00243	0.14606	0.00572	0.00416	0.00953
38	0.02822	0.03075	0.02184	0.01913	0.02389	0.41755	0.01462	0.11046	0.06775	0.05408	0.01820	0.05757	0.01532	0.00982	0.00777	0.00224	0.01191	0.00707	0.00562	0.07617
39	0.01037	0.00772	0.00967	0.01071	0.01195	0.00701	0.00745	0.01243	0.01800	0.02380	0.17059	0.45131	0.18211	0.02326	0.01029	0.00311	0.00452	0.02071	0.00799	0.00701
40	0.01187	0.00890	0.01335	0.01335	0.01483	0.01038	0.01038	0.01483	0.01335	0.01928	0.02225	0.03264	0.02077	0.06231	0.67512	0.01335	0.02225	0.00890	0.00445	0.00742
41	0.02056	0.01974	0.03372	0.05099	0.65622	0.01974	0.02550	0.02550	0.01892	0.02714	0.01563	0.02056	0.01316	0.00740	0.00822	0.00247	0.00987	0.00740	0.00411	0.01316
42	0.01012	0.00723	0.00964	0.01157	0.01205	0.00675	0.00771	0.01157	0.01591	0.02121	0.04579	0.70262	0.05495	0.02603	0.01060	0.00337	0.00482	0.02362	0.00771	0.00675
43	0.02066	0.01785	0.01878	0.01691	0.02160	0.02066	0.01315	0.04414	0.64121	0.03475	0.03381	0.03099	0.02536	0.01127	0.00845	0.00282	0.00657	0.00939	0.00845	0.01315
44	0.01223	0.00944	0.01406	0.01384	0.01524	0.01126	0.01084	0.01513	0.01331	0.01933	0.02159	0.03179	0.02019	0.05952	0.63740	0.01279	0.06130	0.00881	0.00440	0.00751
45	0.02010	0.01926	0.03288	0.11172	0.59912	0.01962	0.02526	0.02509	0.01870	0.02658	0.01554	0.02071	0.01296	0.00749	0.00823	0.00250	0.00998	0.00740	0.00407	0.01278
46	0.01818	0.01818	0.02545	0.02181	0.02181	0.02545	0.01818	0.01999	0.01272	0.01999	0.01091	0.01818	0.01091	0.01454	0.02726	0.00364	0.69284	0.00727	0.00364	0.00909
47	0.01007	0.00843	0.00877	0.00868	0.01138	0.00712	0.00651	0.01241	0.01953	0.02386	0.15844	0.07761	0.57768	0.02051	0.00982	0.00278	0.00417	0.01720	0.00790	0.00712
48	0.01191	0.00874	0.01252	0.01252	0.01372	0.00993	0.00935	0.01430	0.01311	0.01867	0.02301	0.03683	0.02259	0.18689	0.55303	0.01233	0.01951	0.00951	0.00456	0.00696
49	0.02056	0.01974	0.03372	0.05099	0.65622	0.01974	0.02550	0.02550	0.01892	0.02714	0.01563	0.02056	0.01316	0.00740	0.00822	0.00247	0.00987	0.00740	0.00411	0.01316
50	0.01187	0.00890	0.01335	0.01335	0.01483	0.01038	0.01038	0.01483	0.01335	0.01928	0.02225	0.03264	0.02077	0.06231	0.67512	0.01335	0.02225	0.00890	0.00445	0.00742
51	0.02164	0.02178	0.03267	0.04795	0.59147	0.08700	0.02453	0.02628	0.01939	0.02644	0.01534	0.01999	0.01291	0.00752	0.00815	0.00243	0.01039	0.00719	0.00413	0.01280
52	0.01569	0.01477	0.02492	0.68808	0.05722	0.01846	0.02307	0.02123	0.01661	0.02123	0.01477	0.02215	0.01107	0.00831	0.00831	0.00277	0.01107	0.00738	0.00369	0.00923
53	0.00984	0.00833	0.00850	0.00864	0.01128	0.00699	0.00641	0.01190	0.01872	0.02236	0.08148	0.12345	0.61108	0.02139	0.00987	0.00284	0.00425	0.01796	0.00771	0.00699
54	0.02417	0.01959	0.02076	0.01761	0.02294	0.02230	0.01400	0.23174	0.44791	0.04040	0.02936	0.02745	0.02175	0.01085	0.00841	0.00271	0.00740	0.00878	0.00841	0.01346
55	0.02138	0.01457	0.01526	0.01313	0.01707	0.01593	0.01038	0.20405	0.16315	0.03811	0.02650	0.02773	0.02009	0.01012	0.00713	0.00230	0.00603	0.00803	0.36820	0.01083
56	0.00982	0.00842	0.00842	0.00842	0.01122	0.00701	0.00631	0.01192	0.01894	0.02244	0.08416	0.07995	0.65285	0.02104	0.00982	0.00281	0.00421	0.01753	0.00771	0.00701
57	0.02995	0.02170	0.02319	0.01796	0.02414	0.02394	0.01478	0.56689	0.03687	0.05019	0.02067	0.02106	0.01485	0.00994	0.00806	0.00244	0.00861	0.00751	0.08377	0.01348
58	0.02066	0.01785	0.01878	0.01691	0.02160	0.02066	0.01315	0.04414	0.64121	0.03475	0.03381	0.03099	0.02536	0.01127	0.00845	0.00282	0.00657	0.00939	0.00845	0.01315
59	0.02221	0.71304	0.04353	0.01421	0.02132	0.03287	0.01421	0.02488	0.01688	0.01955	0.01155	0.01333	0.01066	0.00711	0.00533	0.00178	0.00888	0.00444	0.00355	0.01066
60	0.01371	0.01054	0.01279	0.01187	0.01443	0.01065	0.00900	0.02192	0.15908	0.03363	0.51620	0.05524	0.06675	0.01573	0.00950	0.00266	0.00450	0.01379	0.00899	0.00900
61	0.00982	0.00842	0.00842	0.00842	0.01122	0.00701	0.00631	0.01192	0.01894	0.02244	0.08416	0.07995	0.65285	0.02104	0.00982	0.00281	0.00421	0.01753	0.00771	0.00701
62	0.01193	0.00865	0.01207	0.01207	0.01311	0.00969	0.00878	0.01401	0.01297	0.01833	0.02343	0.03914	0.02359	0.25560	0.48569	0.01177	0.01800	0.00985	0.00462	0.00670
63	0.02453	0.53591	0.03827	0.01611	0.02247	0.20168	0.01470	0.02706	0.01863	0.01975	0.01189	0.01376	0.01067	0.00749	0.00590	0.00187	0.01049	0.00468	0.00374	0.01039
64	0.01901	0.03319	0.35568	0.07501	0.15661	0.08734	0.02617	0.02576	0.01780	0.02477	0.01436	0.01827	0.01114	0.00867	0.01021	0.00268	0.09147	0.00653	0.00373	0.01159
65	0.02748	0.06924	0.02450	0.02181	0.05195	0.50069	0.01619	0.02979	0.02119	0.02048	0.01336	0.01670	0.01153	0.01279	0.05605	0.00307	0.08353	0.00584	0.00418	0.00963
66	0.35816	0.01522	0.01373	0.01292	0.01628	0.08218	0.01015	0.02085	0.01461	0.02731	0.01596	0.02167	0.01400	0.02995	0.26366	0.05066	0.01341	0.00643	0.00470	0.00814
67	0.16168	0.09225	0.02321	0.01892	0.02360	0.50334	0.01464	0.03091	0.02130	0.02329	0.01250	0.01458	0.01039	0.00829	0.00689	0.00219	0.01294	0.00512	0.00437	0.00960
68	0.17131	0.01516	0.01753	0.01346	0.01995	0.01375	0.01101	0.05982	0.02057	0.30841	0.02229	0.02148	0.01537	0.00845	0.00703	0.00214	0.00675	0.00647	0.00748	0.25158
69	0.01187	0.00890	0.01335	0.01335	0.01483	0.01038	0.01038	0.01483	0.01335	0.01928	0.02225	0.03264	0.02077	0.06231	0.67512	0.01335	0.02225	0.00890	0.00445	0.00742
70	0.01927	0.01664	0.01746	0.01582	0.02027	0.01891	0.01227	0.04002	0.56151	0.03317	0.04026	0.03727	0.10573	0.01252	0.00863	0.00282	0.00627	0.01044	0.00836	0.01236
71	0.01723	0.01477	0.01723	0.01230	0.01969	0.01107	0.00984	0.02092	0.01723	0.02707	0.01477	0.01723	0.01230	0.00615	0.00615	0.00123	0.00615	0.00492	0.00492	0.75883
72	0.01012	0.00723	0.00964	0.01157	0.01205	0.00675	0.00771	0.01157	0.01591	0.02121	0.04579	0.70262	0.05495	0.02603	0.01060	0.00337	0.00482	0.02362	0.00771	0.00675
73	0.01187	0.00890	0.01335	0.01335	0.01483	0.01038	0.01038	0.01483	0.01335	0.01928	0.02225	0.03264	0.02077	0.06231	0.67512	0.01335	0.02225	0.00890	0.00445	0.00742
74	0.01818	0.01818	0.02545	0.02181	0.02181	0.02545	0.01818	0.01999	0.01272	0.01999	0.01091	0.01818	0.01091	0.01454	0.02726	0.00364	0.69284	0.00727	0.00364	0.00909
75	0.01187	0.00890	0.01335	0.01335	0.01483	0.01038	0.01038	0.01483	0.01335	0.01928	0.02225	0.03264	0.02077	0.06231	0.67512	0.01335	0.02225	0.00890	0.00445	0.00742
76	0.01187	0.00890	0.01335	0.01335	0.01483	0.01038	0.01038	0.01483	0.01335	0.01928	0.02225	0.03264	0.02077	0.06231	0.67512	0.01335	0.02225	0.00890	0.00445	0.00742
77	0.01187	0.00890	0.01335	0.01335	0.01483	0.01038	0.01038	0.01483	0.01335	0.01928	0.02225	0.03264	0.02077	0.06231	0.67512	0.01335	0.02225	0.00890	0.00445	0.00742
78	0.01954	0.33449	0.19887	0.01647	0.02399	0.02398	0.01752	0.08503	0.01932	0.02501	0.02252	0.02424	0.08668	0.01309	0.05363	0.00300	0.01019	0.00704	0.00458	0.01079
79	0.02312	0.64388	0.04148	0.01495	0.02177	0.09878	0.01440	0.02573	0.01756	0.01963	0.01168	0.01350	0.01067	0.00726	0.00555	0.00181	0.00951	0.00454	0.00363	0.01056
80	0.01778	0.13582	0.01938	0.01350	0.01685	0.15847	0.01073	0.02109	0.02239	0.02811	0.40209	0.04339	0.05195	0.01345	0.00853	0.00237	0.00720	0.01109	0.00712	0.00871
81	0.21690	0.13806	0.02149	0.01430	0.01967	0.08337	0.01195	0.19247	0.02342	0.03400	0.02804	0.02824	0.13511	0.01090	0.00719	0.00242	0.00800	0.00792	0.00617	0.01040
82	0.02235	0.02069	0.02005	0.01874	0.05182	0.17155	0.04142	0.18975	0.02456	0.03086	0.02669	0.23858	0.02679	0.01450	0.00874	0.00267	0.00903	0.01227	0.05888	0.01007
83	0.02446	0.05989	0.02306	0.01911	0.05369	0.22605	0.01446	0.14197	0.02297	0.02848	0.01533	0.01814	0.01262	0.01217	0.05502	0.00284	0.05095	0.00606	0.00516	0.20759
84	0.01691	0.15016	0.12445	0.01251	0.01748	0.01467	0.01226	0.02129	0.01884	0.06016	0.13296	0.03538	0.09090	0.01129	0.00727	0.00225	0.00643	0.00908	0.24638	0.00933
85	0.06269	0.10900	0.05358	0.01882	0.05449	0.20137	0.01495	0.18478	0.04944	0.03103	0.02650	0.02702	0.11082	0.01065	0.00778	0.00238	0.00990	0.00793	0.00594	0.01094

[dist]
# distance from previous block
# <min> <max>
1	76

[block]
# block no. 1 follows, 22 sequences, length 40
# corresponding to MSA columns:
# 167-206
name=unknown_B
#
# <colnr> <probs for GDERKNQSTAVLIFYWHMCP>
#	G	D	E	R	K	N	Q	S	T	A	V	L	I	F	Y	W	H	M	C	P
0	0.02446	0.12746	0.10327	0.03095	0.24922	0.14966	0.04559	0.07474	0.02131	0.07355	0.01606	0.01867	0.01262	0.00804	0.00770	0.00234	0.01090	0.00660	0.00478	0.01207
1	0.06237	0.21592	0.26522	0.02147	0.09649	0.07235	0.02048	0.02547	0.01777	0.02526	0.01510	0.01782	0.01200	0.00787	0.00681	0.00226	0.01002	0.00585	0.08844	0.01104
2	0.05382	0.09840	0.16938	0.01653	0.02279	0.01698	0.05038	0.04937	0.01936	0.12103	0.05509	0.03161	0.11371	0.01120	0.00916	0.00255	0.05511	0.00881	0.08416	0.01056
3	0.02023	0.34143	0.05567	0.01468	0.02000	0.11101	0.01311	0.02260	0.01667	0.02007	0.01461	0.01999	0.01358	0.06315	0.08529	0.05956	0.01088	0.00591	0.00400	0.08751
4	0.05363	0.14050	0.18720	0.01705	0.02335	0.06365	0.01692	0.04903	0.06217	0.07580	0.02074	0.07209	0.01779	0.02038	0.13915	0.00462	0.01210	0.00802	0.00522	0.01059
5	0.01873	0.31539	0.05333	0.01512	0.01969	0.08437	0.01364	0.02183	0.01740	0.02170	0.09128	0.02713	0.02239	0.02168	0.15539	0.00469	0.05181	0.03043	0.00465	0.00937
6	0.05492	0.00962	0.01104	0.01108	0.01361	0.00922	0.00868	0.01671	0.05885	0.02772	0.23961	0.09834	0.26806	0.01901	0.00979	0.00294	0.00504	0.11987	0.00803	0.00786
7	0.02395	0.58026	0.03959	0.01563	0.02218	0.15942	0.01458	0.02651	0.01819	0.01970	0.01180	0.01365	0.01067	0.00739	0.00576	0.00185	0.01009	0.00462	0.00370	0.01046
8	0.01666	0.04297	0.66500	0.02368	0.03596	0.01929	0.03069	0.02631	0.01754	0.02631	0.01491	0.01754	0.01052	0.00789	0.00789	0.00263	0.01228	0.00614	0.00351	0.01228
9	0.02080	0.02191	0.14380	0.04184	0.02256	0.12451	0.01491	0.02514	0.02130	0.15034	0.16919	0.04034	0.14327	0.01284	0.00869	0.00257	0.00839	0.01048	0.00696	0.01016
10	0.01846	0.01414	0.01686	0.01735	0.08414	0.01471	0.01198	0.03022	0.28188	0.09206	0.13081	0.04558	0.17929	0.01388	0.00893	0.00273	0.00603	0.01180	0.00810	0.01105
11	0.01187	0.00890	0.01335	0.01335	0.01483	0.01038	0.01038	0.01483	0.01335	0.01928	0.02225	0.03264	0.02077	0.06231	0.67512	0.01335	0.02225	0.00890	0.00445	0.00742
12	0.02983	0.03767	0.02290	0.02090	0.02500	0.63316	0.01570	0.03203	0.02290	0.02027	0.01343	0.01609	0.01133	0.01192	0.04923	0.00284	0.01544	0.00557	0.00429	0.00949
13	0.01828	0.02425	0.24601	0.15443	0.07759	0.01641	0.06710	0.02464	0.01858	0.09142	0.02464	0.03549	0.04434	0.01119	0.00887	0.00286	0.01035	0.10748	0.00521	0.01086
14	0.02004	0.02503	0.18384	0.19014	0.29161	0.05626	0.02488	0.02600	0.01859	0.06220	0.01609	0.02033	0.01232	0.00797	0.00813	0.00257	0.01087	0.00703	0.00424	0.01188
15	0.03172	0.01998	0.02233	0.01725	0.02350	0.02125	0.01421	0.44532	0.03387	0.19392	0.02349	0.02272	0.01617	0.01002	0.00814	0.00247	0.00826	0.00770	0.06402	0.01366
16	0.01966	0.01910	0.06830	0.08894	0.06975	0.01831	0.01571	0.06703	0.30614	0.03139	0.02391	0.02449	0.01822	0.00917	0.00783	0.00238	0.00774	0.00765	0.00645	0.18783
17	0.02056	0.01974	0.03372	0.05099	0.65622	0.01974	0.02550	0.02550	0.01892	0.02714	0.01563	0.02056	0.01316	0.00740	0.00822	0.00247	0.00987	0.00740	0.00411	0.01316
18	0.01961	0.02241	0.04902	0.03501	0.04342	0.02101	0.62605	0.02661	0.01961	0.02661	0.01681	0.02241	0.01261	0.00700	0.00980	0.00280	0.01401	0.00980	0.00420	0.01120
19	0.01689	0.02231	0.18760	0.03261	0.31499	0.01612	0.02177	0.02247	0.01908	0.02742	0.13345	0.09857	0.02863	0.01120	0.00867	0.00263	0.00888	0.01015	0.00524	0.01130
20	0.01549	0.00774	0.00774	0.00774	0.00968	0.00774	0.00581	0.01936	0.01742	0.03097	0.02710	0.03097	0.02129	0.00968	0.00581	0.00194	0.00387	0.00774	0.75416	0.00774
21	0.01012	0.00723	0.00964	0.01157	0.01205	0.00675	0.00771	0.01157	0.01591	0.02121	0.04579	0.70262	0.05495	0.02603	0.01060	0.00337	0.00482	0.02362	0.00771	0.00675
22	0.01949	0.01865	0.03179	0.19050	0.52505	0.01946	0.02496	0.02456	0.01841	0.02585	0.01544	0.02091	0.01270	0.00760	0.00824	0.00253	0.01013	0.00740	0.00402	0.01230
23	0.01187	0.00890	0.01335	0.01335	0.01483	0.01038	0.01038	0.01483	0.01335	0.01928	0.02225	0.03264	0.02077	0.06231	0.67512	0.01335	0.02225	0.00890	0.00445	0.00742
24	0.02853	0.24096	0.03029	0.01824	0.02437	0.20808	0.01538	0.27673	0.02790	0.03333	0.01538	0.01652	0.01211	0.00870	0.00716	0.00217	0.01068	0.00595	0.00572	0.01181
25	0.01134	0.00840	0.01161	0.05886	0.01646	0.00830	0.01019	0.01371	0.01692	0.02221	0.04477	0.47164	0.07475	0.02380	0.01064	0.00343	0.00596	0.17243	0.00742	0.00716
26	0.01257	0.00994	0.01470	0.01430	0.01561	0.01207	0.01126	0.01541	0.01328	0.01936	0.02098	0.03102	0.01967	0.05696	0.60265	0.01226	0.09727	0.00872	0.00436	0.00760
27	0.01666	0.04297	0.66500	0.02368	0.03596	0.01929	0.03069	0.02631	0.01754	0.02631	0.01491	0.01754	0.01052	0.00789	0.00789	0.00263	0.01228	0.00614	0.00351	0.01228
28	0.01036	0.00740	0.00992	0.01184	0.01243	0.00696	0.00813	0.01199	0.01614	0.02148	0.04565	0.65752	0.05442	0.02580	0.01067	0.00341	0.00503	0.06633	0.00771	0.00681
29	0.01012	0.00723	0.00964	0.01157	0.01205	0.00675	0.00771	0.01157	0.01591	0.02121	0.04579	0.70262	0.05495	0.02603	0.01060	0.00337	0.00482	0.02362	0.00771	0.00675
30	0.01012	0.00723	0.00964	0.01157	0.01205	0.00675	0.00771	0.01157	0.01591	0.02121	0.04579	0.70262	0.05495	0.02603	0.01060	0.00337	0.00482	0.02362	0.00771	0.00675
31	0.01012	0.00723	0.00964	0.01157	0.01205	0.00675	0.00771	0.01157	0.01591	0.02121	0.04579	0.70262	0.05495	0.02603	0.01060	0.00337	0.00482	0.02362	0.00771	0.00675
32	0.01569	0.01477	0.02492	0.68808	0.05722	0.01846	0.02307	0.02123	0.01661	0.02123	0.01477	0.02215	0.01107	0.00831	0.00831	0.00277	0.01107	0.00738	0.00369	0.00923
33	0.01208	0.00805	0.00906	0.00906	0.00906	0.00805	0.00503	0.01208	0.01208	0.01611	0.02618	0.05436	0.03020	0.70804	0.04228	0.00805	0.00805	0.01208	0.00503	0.00503
34	0.01012	0.00723	0.00964	0.01157	0.01205	0.00675	0.00771	0.01157	0.01591	0.02121	0.04579	0.70262	0.05495	0.02603	0.01060	0.00337	0.00482	0.02362	0.00771	0.00675
35	0.02357	0.13666	0.12957	0.03160	0.26011	0.23179	0.02153	0.02799	0.01987	0.02366	0.01399	0.01719	0.01158	0.00780	0.00749	0.00228	0.01173	0.00609	0.00399	0.01151
36	0.01320	0.01049	0.01287	0.01254	0.01436	0.04817	0.00961	0.01648	0.01736	0.02448	0.21651	0.04058	0.03801	0.04156	0.38471	0.00860	0.01490	0.01051	0.05736	0.00770
37	0.01962	0.11511	0.15684	0.03539	0.35249	0.05271	0.02300	0.02484	0.01802	0.02482	0.01550	0.02000	0.01299	0.01326	0.07744	0.00353	0.01176	0.00682	0.00396	0.01188
38	0.13306	0.12409	0.06630	0.01625	0.04463	0.01833	0.05778	0.06034	0.08864	0.05851	0.02039	0.02384	0.01633	0.05233	0.00902	0.00265	0.00769	0.00713	0.15313	0.03956
39	0.02118	0.33982	0.29769	0.01915	0.02800	0.11886	0.02129	0.02665	0.01810	0.02245	0.01312	0.01530	0.01061	0.00764	0.00670	0.00218	0.01116	0.00527	0.00364	0.01118

[dist]
# distance from previous block
# <min> <max>
6	10

[block]
# block no. 2 follows, 22 sequences, length 12
# corresponding to MSA columns:
# 217-228
name=unknown_C
#
# <colnr> <probs for GDERKNQSTAVLIFYWHMCP>
#	G	D	E	R	K	N	Q	S	T	A	V	L	I	F	Y	W	H	M	C	P
0	0.01298	0.01052	0.01524	0.02009	0.14626	0.01036	0.01176	0.01660	0.05775	0.02333	0.03874	0.51691	0.04433	0.02119	0.00997	0.00315	0.00598	0.01932	0.00701	0.00850
1	0.02865	0.07334	0.02362	0.01927	0.02409	0.43556	0.01498	0.15791	0.02603	0.02732	0.02093	0.02200	0.07127	0.00994	0.00775	0.00226	0.01237	0.00689	0.00542	0.01041
2	0.01836	0.02584	0.22404	0.15576	0.32397	0.01969	0.02623	0.02467	0.01774	0.02542	0.01499	0.01979	0.01185	0.00811	0.00920	0.00264	0.04892	0.00701	0.00383	0.01196
3	0.02181	0.02058	0.01821	0.01626	0.01950	0.19593	0.01239	0.16417	0.02201	0.02688	0.01973	0.02816	0.01790	0.13511	0.23677	0.00689	0.01497	0.00808	0.00540	0.00924
4	0.01468	0.00782	0.00805	0.00805	0.00953	0.00782	0.00562	0.01764	0.01616	0.02747	0.02688	0.03649	0.02339	0.17438	0.01441	0.00338	0.00486	0.00877	0.57748	0.00710
5	0.01208	0.00805	0.00906	0.00906	0.00906	0.00805	0.00503	0.01208	0.01208	0.01611	0.02618	0.05436	0.03020	0.70804	0.04228	0.00805	0.00805	0.01208	0.00503	0.00503
6	0.01017	0.00830	0.00900	0.00909	0.01151	0.00712	0.00672	0.01251	0.01937	0.02412	0.17457	0.14411	0.49270	0.02090	0.00990	0.00283	0.00423	0.01777	0.00795	0.00712
7	0.01966	0.01882	0.03209	0.16888	0.54538	0.01950	0.02505	0.02471	0.01849	0.02605	0.01547	0.02085	0.01277	0.00757	0.00824	0.00252	0.01009	0.00740	0.00403	0.01243
8	0.01666	0.04297	0.66500	0.02368	0.03596	0.01929	0.03069	0.02631	0.01754	0.02631	0.01491	0.01754	0.01052	0.00789	0.00789	0.00263	0.01228	0.00614	0.00351	0.01228
9	0.02540	0.03016	0.02505	0.21987	0.10345	0.41131	0.01913	0.02884	0.02101	0.02133	0.01371	0.01769	0.01108	0.00836	0.00781	0.00236	0.01328	0.00617	0.00409	0.00990
10	0.02056	0.01974	0.03372	0.05099	0.65622	0.01974	0.02550	0.02550	0.01892	0.02714	0.01563	0.02056	0.01316	0.00740	0.00822	0.00247	0.00987	0.00740	0.00411	0.01316
11	0.01794	0.01810	0.01567	0.01502	0.01722	0.21241	0.01127	0.02039	0.01656	0.01994	0.02009	0.02950	0.01875	0.11251	0.36471	0.00870	0.01744	0.00809	0.04785	0.00785

[dist]
# distance from previous block
# <min> <max>
0	1

[block]
# block no. 3 follows, 22 sequences, length 15
# corresponding to MSA columns:
# 230-244
name=unknown_D
#
# <colnr> <probs for GDERKNQSTAVLIFYWHMCP>
#	G	D	E	R	K	N	Q	S	T	A	V	L	I	F	Y	W	H	M	C	P
0	0.02254	0.02506	0.01781	0.01612	0.01984	0.33639	0.01222	0.07865	0.02383	0.02605	0.14477	0.03947	0.17760	0.01319	0.00854	0.00242	0.00989	0.01020	0.00634	0.00909
1	0.01939	0.01854	0.03160	0.20428	0.51210	0.01943	0.02491	0.02447	0.01836	0.02572	0.01542	0.02094	0.01266	0.00762	0.00824	0.00254	0.01016	0.00740	0.00401	0.01221
2	0.16101	0.01452	0.01534	0.01253	0.01772	0.01411	0.00998	0.13028	0.02113	0.07755	0.02783	0.08297	0.08880	0.01106	0.00725	0.00222	0.00627	0.00876	0.07410	0.21655
3	0.28814	0.01854	0.01569	0.01331	0.01850	0.11121	0.01052	0.05821	0.05380	0.03156	0.06007	0.02490	0.07357	0.00957	0.00679	0.00223	0.00741	0.00698	0.00581	0.18318
4	0.17088	0.01766	0.01847	0.01528	0.02031	0.01909	0.01222	0.32916	0.02777	0.04114	0.05053	0.14868	0.02349	0.01262	0.00805	0.00260	0.00738	0.01010	0.00740	0.05718
5	0.14628	0.03591	0.02177	0.01976	0.02418	0.57192	0.01495	0.03180	0.02207	0.02299	0.01264	0.01475	0.01043	0.00843	0.00712	0.00221	0.01364	0.00522	0.00442	0.00953
6	0.02056	0.01974	0.03372	0.05099	0.65622	0.01974	0.02550	0.02550	0.01892	0.02714	0.01563	0.02056	0.01316	0.00740	0.00822	0.00247	0.00987	0.00740	0.00411	0.01316
7	0.01199	0.00842	0.01094	0.01094	0.01159	0.00907	0.00738	0.01329	0.01264	0.01750	0.02446	0.04485	0.02607	0.42524	0.31944	0.01037	0.01427	0.01069	0.00478	0.00608
8	0.01819	0.02000	0.01709	0.01550	0.01878	0.23789	0.05140	0.02089	0.02069	0.02336	0.13431	0.10480	0.21576	0.01780	0.04367	0.00315	0.00951	0.01255	0.00635	0.00831
9	0.01750	0.01649	0.02700	0.34994	0.21014	0.01748	0.05204	0.02259	0.01751	0.02425	0.01510	0.02076	0.01196	0.00757	0.00794	0.00239	0.00993	0.00703	0.00407	0.15832
10	0.02030	0.50006	0.10958	0.14827	0.03005	0.02850	0.01781	0.02432	0.01690	0.02064	0.01256	0.01554	0.01073	0.00743	0.00621	0.00207	0.00970	0.00521	0.00358	0.01056
11	0.15864	0.15282	0.02619	0.42736	0.04237	0.02134	0.01867	0.02255	0.01620	0.02392	0.01353	0.01878	0.01060	0.00796	0.00712	0.00254	0.00977	0.00626	0.00394	0.00947
12	0.01882	0.01971	0.01791	0.14810	0.02534	0.22456	0.01347	0.02134	0.01697	0.01927	0.01866	0.02994	0.01781	0.18409	0.18264	0.00644	0.01442	0.00820	0.00438	0.00793
13	0.11561	0.02944	0.02195	0.01872	0.02396	0.35357	0.01463	0.17086	0.02610	0.12325	0.01725	0.01790	0.01274	0.00904	0.00754	0.00233	0.01151	0.00618	0.00619	0.01126
14	0.02341	0.02181	0.02176	0.01796	0.02324	0.14752	0.05079	0.18353	0.12170	0.03251	0.02211	0.08455	0.01893	0.01324	0.04275	0.00291	0.00993	0.00862	0.00642	0.14630

[dist]
# distance from previous block
# <min> <max>
7	18

[block]
# block no. 4 follows, 22 sequences, length 6
# corresponding to MSA columns:
# 263-268
name=unknown_E
#
# <colnr> <probs for GDERKNQSTAVLIFYWHMCP>
#	G	D	E	R	K	N	Q	S	T	A	V	L	I	F	Y	W	H	M	C	P
0	0.02410	0.02939	0.17481	0.02224	0.02850	0.16055	0.07651	0.12148	0.06047	0.06783	0.01697	0.01944	0.01292	0.00985	0.01167	0.00271	0.13678	0.00707	0.00523	0.01148
1	0.13598	0.01165	0.01238	0.01121	0.01478	0.01154	0.00872	0.05764	0.05934	0.08976	0.18892	0.08106	0.25429	0.01590	0.00878	0.00271	0.00524	0.01315	0.00795	0.00900
2	0.16419	0.02411	0.01767	0.01718	0.02075	0.30622	0.01374	0.02566	0.02014	0.02521	0.02402	0.04357	0.02399	0.01368	0.00851	0.00284	0.01067	0.22341	0.00568	0.00878
3	0.01989	0.01816	0.01515	0.01415	0.01683	0.19821	0.01029	0.02328	0.05755	0.08323	0.14793	0.13025	0.06872	0.14191	0.01500	0.00360	0.00841	0.01207	0.00680	0.00855
4	0.17882	0.02461	0.05418	0.01690	0.02264	0.20417	0.01398	0.08905	0.09240	0.16359	0.02000	0.01998	0.01446	0.00905	0.00735	0.00241	0.00956	0.00649	0.00655	0.04382
5	0.02488	0.01992	0.02021	0.01641	0.02109	0.08083	0.01302	0.32993	0.02793	0.03767	0.01980	0.02468	0.01627	0.09155	0.04361	0.00350	0.04810	0.00766	0.07669	0.07624

[dist]
# distance from previous block
# <min> <max>
23	93

[block]
# block no. 5 follows, 22 sequences, length 8
# corresponding to MSA columns:
# 377-384
name=unknown_F
#
# <colnr> <probs for GDERKNQSTAVLIFYWHMCP>
#	G	D	E	R	K	N	Q	S	T	A	V	L	I	F	Y	W	H	M	C	P
0	0.12537	0.02292	0.02375	0.14397	0.20812	0.20913	0.01810	0.02576	0.01970	0.02620	0.08364	0.02277	0.01863	0.00899	0.00777	0.00245	0.01044	0.00723	0.00478	0.01028
1	0.01822	0.01742	0.02758	0.10624	0.29803	0.02052	0.02098	0.02191	0.01589	0.02312	0.01465	0.02128	0.01301	0.01620	0.09042	0.00414	0.24828	0.00752	0.00394	0.01067
2	0.02019	0.02194	0.02458	0.13810	0.02911	0.17946	0.04612	0.02302	0.01654	0.02063	0.01470	0.05468	0.01374	0.01458	0.04909	0.00354	0.30887	0.00788	0.00408	0.00914
3	0.15160	0.01827	0.02559	0.02027	0.02538	0.01992	0.15554	0.14874	0.08386	0.03300	0.01993	0.06872	0.01689	0.01410	0.05629	0.00350	0.08476	0.00880	0.00587	0.03898
4	0.29213	0.02834	0.01977	0.01728	0.02228	0.32623	0.01350	0.13623	0.02297	0.03205	0.01366	0.01534	0.01071	0.00851	0.00680	0.00236	0.01090	0.00543	0.00530	0.01021
5	0.01146	0.00874	0.01205	0.01205	0.01371	0.00954	0.00919	0.01405	0.01441	0.01972	0.03522	0.04380	0.15113	0.09713	0.49614	0.01083	0.01760	0.01089	0.00516	0.00717
6	0.02345	0.01800	0.01976	0.01680	0.02148	0.02000	0.01328	0.31479	0.20497	0.03977	0.02857	0.14349	0.02490	0.01649	0.05126	0.00343	0.00849	0.01094	0.00800	0.01213
7	0.01703	0.01290	0.01528	0.01367	0.01738	0.01238	0.01051	0.15472	0.02226	0.03079	0.07483	0.29463	0.03680	0.01687	0.00906	0.00266	0.00628	0.06095	0.00729	0.18370

[dist]
# distance from previous block
# <min> <max>
0	1

[block]
# block no. 6 follows, 22 sequences, length 44
# corresponding to MSA columns:
# 386-429
name=unknown_G
#
# <colnr> <probs for GDERKNQSTAVLIFYWHMCP>
#	G	D	E	R	K	N	Q	S	T	A	V	L	I	F	Y	W	H	M	C	P
0	0.02743	0.03065	0.02433	0.02113	0.02458	0.37736	0.01662	0.13092	0.02308	0.02570	0.01350	0.01675	0.01134	0.01052	0.01331	0.00263	0.20887	0.00627	0.00478	0.01024
1	0.02326	0.01993	0.01918	0.01715	0.02119	0.13124	0.01377	0.26543	0.02771	0.03508	0.05965	0.13140	0.03029	0.01534	0.00930	0.00287	0.00895	0.15035	0.00741	0.01049
2	0.08449	0.01111	0.01280	0.01255	0.01535	0.01134	0.00967	0.02214	0.13320	0.06792	0.17928	0.19251	0.10983	0.01774	0.00941	0.00297	0.00550	0.08513	0.00808	0.00896
3	0.03109	0.03778	0.02370	0.02115	0.02569	0.60272	0.01602	0.09921	0.02526	0.02388	0.01363	0.01553	0.01108	0.00872	0.00758	0.00218	0.01433	0.00559	0.00473	0.01013
4	0.03049	0.03526	0.02350	0.02071	0.02545	0.51529	0.01582	0.14314	0.06443	0.02710	0.01544	0.01688	0.01223	0.00899	0.00770	0.00225	0.01339	0.00599	0.00528	0.01067
5	0.01459	0.01079	0.01265	0.01172	0.01390	0.01100	0.00844	0.10335	0.01808	0.02419	0.03554	0.10653	0.13341	0.25470	0.16027	0.00669	0.01015	0.01236	0.00609	0.04555
6	0.03009	0.03780	0.02446	0.02407	0.08256	0.61562	0.01690	0.03248	0.02312	0.02095	0.01309	0.01548	0.01092	0.00846	0.00756	0.00217	0.01452	0.00554	0.00427	0.00995
7	0.14751	0.01486	0.01525	0.01302	0.01780	0.01541	0.01037	0.12849	0.13671	0.09029	0.04316	0.04131	0.22676	0.01330	0.00818	0.00261	0.00623	0.01059	0.00760	0.05057
8	0.01895	0.01810	0.03081	0.26140	0.45839	0.01932	0.02469	0.02409	0.01815	0.02519	0.01534	0.02109	0.01247	0.00770	0.00825	0.00257	0.01027	0.00740	0.00397	0.01186
9	0.06134	0.01441	0.01657	0.01356	0.01813	0.01436	0.01083	0.19563	0.02671	0.11354	0.27461	0.03996	0.07069	0.01285	0.00861	0.00245	0.00616	0.01067	0.00836	0.08059
10	0.01208	0.00805	0.00906	0.00906	0.00906	0.00805	0.00503	0.01208	0.01208	0.01611	0.02618	0.05436	0.03020	0.70804	0.04228	0.00805	0.00805	0.01208	0.00503	0.00503
11	0.02056	0.01974	0.03372	0.05099	0.65622	0.01974	0.02550	0.02550	0.01892	0.02714	0.01563	0.02056	0.01316	0.00740	0.00822	0.00247	0.00987	0.00740	0.00411	0.01316
12	0.02495	0.02985	0.02031	0.01885	0.02224	0.46377	0.01425	0.02735	0.02031	0.02000	0.01583	0.02059	0.01390	0.02562	0.21947	0.00570	0.01729	0.00648	0.00433	0.00893
13	0.01214	0.00837	0.01024	0.01046	0.01245	0.00746	0.00758	0.01457	0.01940	0.06431	0.22001	0.29128	0.24896	0.02104	0.01000	0.00294	0.00452	0.01844	0.00826	0.00758
14	0.02221	0.71304	0.04353	0.01421	0.02132	0.03287	0.01421	0.02488	0.01688	0.01955	0.01155	0.01333	0.01066	0.00711	0.00533	0.00178	0.00888	0.00444	0.00355	0.01066
15	0.02512	0.49062	0.03693	0.01659	0.02276	0.24484	0.01482	0.02762	0.01908	0.01980	0.01198	0.01387	0.01067	0.00759	0.00604	0.00190	0.01090	0.00474	0.00379	0.01032
16	0.03074	0.03241	0.02456	0.02195	0.05603	0.39574	0.01641	0.25983	0.02924	0.03287	0.01568	0.01714	0.01213	0.00904	0.00784	0.00229	0.01251	0.00626	0.00581	0.01152
17	0.05136	0.01235	0.01319	0.01169	0.01490	0.01324	0.00917	0.18235	0.02262	0.03530	0.02521	0.06878	0.02086	0.01558	0.06900	0.00326	0.00717	0.00862	0.40594	0.00942
18	0.01187	0.00890	0.01335	0.01335	0.01483	0.01038	0.01038	0.01483	0.01335	0.01928	0.02225	0.03264	0.02077	0.06231	0.67512	0.01335	0.02225	0.00890	0.00445	0.00742
19	0.02734	0.03344	0.02409	0.02152	0.02457	0.48804	0.01666	0.02938	0.02043	0.02023	0.01228	0.01590	0.01076	0.01028	0.01318	0.00257	0.20986	0.00590	0.00409	0.00947
20	0.01042	0.00744	0.00998	0.01190	0.01251	0.00700	0.00822	0.01208	0.01620	0.02154	0.04563	0.64770	0.05430	0.02575	0.01068	0.00341	0.00507	0.07563	0.00771	0.00683
21	0.01707	0.01413	0.01637	0.01189	0.01878	0.01077	0.00948	0.02078	0.01724	0.02742	0.01588	0.01847	0.01312	0.00647	0.00612	0.00129	0.00595	0.00518	0.07250	0.69108
22	0.01687	0.05088	0.20226	0.01597	0.02183	0.01518	0.01585	0.05093	0.12567	0.05947	0.11858	0.11698	0.09620	0.04383	0.01020	0.00296	0.00769	0.01157	0.00669	0.01039
23	0.03103	0.03959	0.02354	0.02140	0.02568	0.67469	0.01605	0.03317	0.02354	0.02033	0.01284	0.01498	0.01070	0.00856	0.00749	0.00214	0.01498	0.00535	0.00428	0.00963
24	0.03103	0.03959	0.02354	0.02140	0.02568	0.67469	0.01605	0.03317	0.02354	0.02033	0.01284	0.01498	0.01070	0.00856	0.00749	0.00214	0.01498	0.00535	0.00428	0.00963
25	0.00997	0.00782	0.00903	0.00999	0.01164	0.00688	0.00701	0.01174	0.01742	0.02182	0.06494	0.39180	0.35341	0.02354	0.01021	0.00309	0.00451	0.02058	0.00771	0.00688
26	0.01190	0.00878	0.01276	0.01276	0.01404	0.01006	0.00964	0.01445	0.01318	0.01885	0.02279	0.03564	0.02207	0.15158	0.58763	0.01262	0.02029	0.00934	0.00453	0.00709
27	0.00982	0.00842	0.00842	0.00842	0.01122	0.00701	0.00631	0.01192	0.01894	0.02244	0.08416	0.07995	0.65285	0.02104	0.00982	0.00281	0.00421	0.01753	0.00771	0.00701
28	0.02221	0.71304	0.04353	0.01421	0.02132	0.03287	0.01421	0.02488	0.01688	0.01955	0.01155	0.01333	0.01066	0.00711	0.00533	0.00178	0.00888	0.00444	0.00355	0.01066
29	0.02309	0.02374	0.02518	0.09038	0.25044	0.23369	0.01908	0.02688	0.02075	0.05658	0.05295	0.03027	0.02019	0.01040	0.00847	0.00256	0.01094	0.07852	0.00514	0.01074
30	0.01842	0.25572	0.46768	0.02067	0.03131	0.02360	0.02546	0.02585	0.01733	0.02416	0.01384	0.01620	0.01057	0.00764	0.00708	0.00236	0.01120	0.00560	0.00352	0.01176
31	0.76672	0.01607	0.01221	0.01092	0.01607	0.01864	0.00900	0.02442	0.01414	0.03727	0.01157	0.01350	0.00900	0.00771	0.00514	0.00257	0.00643	0.00450	0.00514	0.00900
32	0.02056	0.01974	0.03372	0.05099	0.65622	0.01974	0.02550	0.02550	0.01892	0.02714	0.01563	0.02056	0.01316	0.00740	0.00822	0.00247	0.00987	0.00740	0.00411	0.01316
33	0.01302	0.00944	0.01287	0.01458	0.01659	0.00930	0.01265	0.01666	0.01910	0.02461	0.04817	0.09228	0.11083	0.02275	0.01130	0.00372	0.00729	0.53960	0.00766	0.00758
34	0.01818	0.01818	0.02545	0.02181	0.02181	0.02545	0.01818	0.01999	0.01272	0.01999	0.01091	0.01818	0.01091	0.01454	0.02726	0.00364	0.69284	0.00727	0.00364	0.00909
35	0.01012	0.00723	0.00964	0.01157	0.01205	0.00675	0.00771	0.01157	0.01591	0.02121	0.04579	0.70262	0.05495	0.02603	0.01060	0.00337	0.00482	0.02362	0.00771	0.00675
36	0.02066	0.01785	0.01878	0.01691	0.02160	0.02066	0.01315	0.04414	0.64121	0.03475	0.03381	0.03099	0.02536	0.01127	0.00845	0.00282	0.00657	0.00939	0.00845	0.01315
37	0.42793	0.02509	0.24770	0.01548	0.02291	0.01790	0.01672	0.02431	0.01621	0.03296	0.07052	0.01933	0.01581	0.00861	0.00655	0.00260	0.00831	0.00604	0.00491	0.01008
38	0.01974	0.02128	0.04262	0.03818	0.20976	0.02107	0.40452	0.02569	0.01878	0.02614	0.01593	0.02151	0.01260	0.00781	0.01099	0.00279	0.07601	0.00891	0.00412	0.01154
39	0.01792	0.19461	0.52436	0.02154	0.03264	0.02237	0.02696	0.02598	0.01739	0.02478	0.01415	0.01659	0.01055	0.00771	0.00731	0.00244	0.01151	0.00575	0.00352	0.01191
40	0.01385	0.01152	0.01657	0.16476	0.02365	0.01386	0.01279	0.01643	0.01453	0.02019	0.07656	0.03674	0.02483	0.22446	0.17213	0.00682	0.12836	0.00975	0.00473	0.00746
41	0.01604	0.01553	0.01440	0.01400	0.01584	0.15874	0.01029	0.01813	0.01575	0.01912	0.02476	0.06399	0.05073	0.17514	0.34046	0.00887	0.01622	0.00976	0.00482	0.00739
42	0.02438	0.02747	0.02129	0.02085	0.04987	0.36874	0.01587	0.05290	0.02177	0.02328	0.02205	0.03836	0.02164	0.01325	0.01049	0.00279	0.07354	0.17675	0.00536	0.00936
43	0.19211	0.01755	0.01747	0.01496	0.02007	0.05079	0.01192	0.08944	0.24324	0.15851	0.05091	0.02803	0.04890	0.01067	0.00774	0.00264	0.00709	0.00828	0.00784	0.01186

[dist]
# distance from previous block
# <min> <max>
29	64

[block]
# block no. 7 follows, 22 sequences, length 22
# corresponding to MSA columns:
# 509-530
name=unknown_H
#
# <colnr> <probs for GDERKNQSTAVLIFYWHMCP>
#	G	D	E	R	K	N	Q	S	T	A	V	L	I	F	Y	W	H	M	C	P
0	0.01650	0.01618	0.02707	0.02207	0.02452	0.01939	0.16362	0.01980	0.01454	0.02121	0.01621	0.02505	0.01501	0.06319	0.19723	0.00627	0.31057	0.00859	0.00407	0.00894
1	0.01777	0.23341	0.26197	0.01795	0.02524	0.05257	0.01950	0.02313	0.01690	0.02244	0.01764	0.02536	0.01566	0.02008	0.14455	0.00465	0.01307	0.05374	0.00408	0.01030
2	0.01753	0.01406	0.01816	0.01605	0.01801	0.01699	0.01269	0.14188	0.01830	0.02581	0.01949	0.02948	0.01827	0.13107	0.28600	0.00793	0.18564	0.00865	0.00512	0.00888
3	0.08226	0.02127	0.01928	0.01528	0.02158	0.14832	0.01208	0.11000	0.06236	0.03056	0.01610	0.01776	0.01283	0.00763	0.00679	0.00180	0.00840	0.00563	0.00552	0.39456
4	0.12999	0.17566	0.20314	0.01774	0.02534	0.12742	0.01797	0.02992	0.04495	0.12993	0.01710	0.01797	0.01263	0.00834	0.00699	0.00236	0.01007	0.00592	0.00519	0.01138
5	0.01663	0.01527	0.02482	0.11862	0.35646	0.01585	0.01936	0.02084	0.01748	0.02410	0.02659	0.03166	0.10509	0.02074	0.14555	0.00479	0.01177	0.00914	0.00464	0.01061
6	0.18799	0.02117	0.15332	0.02718	0.23158	0.01676	0.01928	0.02297	0.01757	0.02852	0.02500	0.03426	0.07661	0.01106	0.00806	0.00275	0.00873	0.09143	0.00506	0.01067
7	0.02535	0.02936	0.02720	0.06162	0.23520	0.35141	0.01975	0.02853	0.02042	0.02258	0.01362	0.01753	0.01156	0.00887	0.01011	0.00245	0.09326	0.00635	0.00412	0.01072
8	0.01606	0.01629	0.01339	0.01280	0.01536	0.17501	0.00951	0.01844	0.01981	0.02320	0.16486	0.05414	0.23876	0.09438	0.06606	0.00405	0.00884	0.03479	0.00658	0.00767
9	0.01869	0.13070	0.03197	0.33140	0.04264	0.04981	0.14356	0.02526	0.06761	0.02337	0.01610	0.02094	0.01250	0.00799	0.00801	0.00252	0.01091	0.00736	0.00424	0.04440
10	0.02166	0.01771	0.02747	0.12935	0.36126	0.01806	0.02069	0.02875	0.09901	0.10483	0.01987	0.02280	0.01527	0.00828	0.00812	0.00247	0.00898	0.00757	0.00543	0.07243
11	0.03117	0.03550	0.02389	0.02083	0.02570	0.51203	0.01599	0.18240	0.02743	0.02836	0.01462	0.01623	0.01156	0.00891	0.00770	0.00223	0.01352	0.00588	0.00529	0.01076
12	0.02120	0.42822	0.24720	0.01802	0.02657	0.08861	0.01984	0.02613	0.01772	0.02186	0.01278	0.01487	0.01062	0.00750	0.00638	0.00209	0.01058	0.00509	0.00361	0.01110
13	0.02745	0.01684	0.01980	0.01525	0.02178	0.01599	0.01238	0.16237	0.11253	0.24362	0.02454	0.02342	0.01728	0.00907	0.00767	0.00217	0.00716	0.00724	0.00793	0.24547
14	0.02079	0.54135	0.20277	0.01664	0.02507	0.02939	0.01844	0.02524	0.01705	0.02128	0.01241	0.01441	0.01063	0.00731	0.00599	0.00200	0.00975	0.00488	0.00354	0.01108
15	0.01845	0.01758	0.02991	0.32691	0.39679	0.01918	0.02445	0.02365	0.01792	0.02458	0.01525	0.02125	0.01226	0.00779	0.00826	0.00260	0.01039	0.00739	0.00393	0.01146
16	0.01187	0.00890	0.01335	0.01335	0.01483	0.01038	0.01038	0.01483	0.01335	0.01928	0.02225	0.03264	0.02077	0.06231	0.67512	0.01335	0.02225	0.00890	0.00445	0.00742
17	0.12102	0.00847	0.01102	0.01084	0.01157	0.00883	0.00747	0.01275	0.01129	0.01767	0.01402	0.02359	0.01366	0.02586	0.02860	0.65122	0.00710	0.00683	0.00382	0.00437
18	0.02221	0.71304	0.04353	0.01421	0.02132	0.03287	0.01421	0.02488	0.01688	0.01955	0.01155	0.01333	0.01066	0.00711	0.00533	0.00178	0.00888	0.00444	0.00355	0.01066
19	0.02456	0.02899	0.02265	0.02038	0.02302	0.39106	0.01587	0.02673	0.01894	0.02008	0.01361	0.01841	0.01219	0.01792	0.10785	0.00416	0.21387	0.00641	0.00412	0.00916
20	0.02007	0.01468	0.01752	0.01266	0.01990	0.01124	0.01018	0.02369	0.01815	0.11703	0.01732	0.01879	0.01347	0.00674	0.00646	0.00142	0.00628	0.00541	0.00568	0.65332
21	0.02271	0.01769	0.02071	0.01832	0.07208	0.01760	0.01339	0.29123	0.02689	0.03738	0.02239	0.13453	0.02039	0.01132	0.00803	0.00226	0.00756	0.00942	0.00684	0.23924

[dist]
