[name]
unknown

[dist]
# distance from previous block
# <min> <max>
0	25

[block]
# block no. 0 follows, 22 sequences, length 10
# corresponding to MSA columns:
# 25-34
name=unknown_A
#
# <colnr> <probs for GDERKNQSTAVLIFYWHMCP>
#	G	D	E	R	K	N	Q	S	T	A	V	L	I	F	Y	W	H	M	C	P
0	0.01339	0.00956	0.01339	0.01530	0.01721	0.00956	0.01339	0.01721	0.01912	0.02486	0.04399	0.09371	0.04781	0.02295	0.01147	0.00382	0.00765	0.60031	0.00765	0.00765
1	0.01637	0.01492	0.02362	0.26740	0.14674	0.01523	0.05559	0.02058	0.01721	0.02367	0.02186	0.05689	0.06388	0.01040	0.00932	0.03947	0.00895	0.00853	0.00456	0.17483
2	0.01964	0.01951	0.02956	0.12333	0.40778	0.07718	0.04898	0.02422	0.01830	0.02467	0.01623	0.02201	0.01370	0.01518	0.10023	0.00399	0.01237	0.00753	0.00412	0.01146
3	0.01296	0.00791	0.00925	0.00957	0.01089	0.00790	0.00675	0.01518	0.01561	0.02381	0.03437	0.15043	0.08955	0.13203	0.10691	0.03887	0.00743	0.01214	0.30160	0.00685
4	0.18835	0.01493	0.01723	0.01757	0.10401	0.01475	0.01184	0.09726	0.02000	0.03204	0.07355	0.10656	0.07352	0.01154	0.00758	0.00235	0.00661	0.00949	0.00617	0.18464
5	0.02082	0.02030	0.01732	0.01611	0.01959	0.18345	0.01211	0.10518	0.17498	0.02846	0.03434	0.21976	0.08215	0.01542	0.00891	0.00276	0.00836	0.01283	0.00709	0.01004
6	0.01150	0.00918	0.01178	0.01196	0.01322	0.00945	0.00880	0.01376	0.01805	0.02440	0.20423	0.32927	0.17274	0.02127	0.01236	0.00310	0.09184	0.01814	0.00756	0.00738
7	0.01249	0.00975	0.01314	0.01299	0.01393	0.01087	0.00946	0.01424	0.01395	0.01964	0.02831	0.23710	0.03138	0.18061	0.21928	0.00731	0.10442	0.01362	0.00547	0.04202
8	0.01138	0.00806	0.00936	0.00954	0.01036	0.00766	0.00606	0.01254	0.01549	0.02052	0.13483	0.15544	0.13970	0.39194	0.02745	0.00569	0.00633	0.01510	0.00649	0.00603
9	0.01126	0.00822	0.01009	0.01097	0.01194	0.00793	0.00737	0.01396	0.05080	0.02237	0.11203	0.41107	0.09890	0.16341	0.01682	0.00417	0.00543	0.01902	0.00737	0.00689

[dist]
# distance from previous block
# <min> <max>
2	10

[block]
# block no. 1 follows, 22 sequences, length 6
# corresponding to MSA columns:
# 45-50
name=unknown_B
#
# <colnr> <probs for GDERKNQSTAVLIFYWHMCP>
#	G	D	E	R	K	N	Q	S	T	A	V	L	I	F	Y	W	H	M	C	P
0	0.01060	0.00760	0.00969	0.01096	0.01160	0.00728	0.00727	0.01193	0.01522	0.02018	0.04336	0.48102	0.09485	0.15995	0.06360	0.00494	0.00663	0.01987	0.00696	0.00648
1	0.01507	0.01220	0.01408	0.01268	0.01653	0.01130	0.00949	0.05285	0.11508	0.02694	0.03731	0.27997	0.10254	0.01618	0.00869	0.00252	0.00567	0.01409	0.00700	0.23983
2	0.01218	0.00983	0.01069	0.01058	0.01296	0.00952	0.00766	0.01776	0.12466	0.02459	0.11534	0.15473	0.33039	0.10512	0.01373	0.00352	0.00515	0.01609	0.00764	0.00786
3	0.01139	0.00997	0.04788	0.01210	0.01383	0.00817	0.00945	0.01402	0.01781	0.02408	0.16899	0.36452	0.08920	0.08061	0.01305	0.00360	0.00565	0.09089	0.00753	0.00727
4	0.02831	0.03150	0.02359	0.05407	0.02657	0.40641	0.01627	0.14215	0.08218	0.02758	0.01602	0.01801	0.01272	0.00957	0.00946	0.00243	0.07074	0.00638	0.00532	0.01072
5	0.02166	0.02295	0.02734	0.03718	0.39246	0.18770	0.02028	0.02532	0.01965	0.02445	0.01959	0.12512	0.01902	0.01060	0.00840	0.00252	0.01041	0.00939	0.00472	0.01125

[dist]
# distance from previous block
# <min> <max>
0	2

[block]
# block no. 2 follows, 22 sequences, length 10
# corresponding to MSA columns:
# 53-62
name=unknown_C
#
# <colnr> <probs for GDERKNQSTAVLIFYWHMCP>
#	G	D	E	R	K	N	Q	S	T	A	V	L	I	F	Y	W	H	M	C	P
0	0.02335	0.02433	0.02325	0.01971	0.02347	0.25066	0.07901	0.12487	0.02170	0.02562	0.01742	0.02450	0.01548	0.10166	0.12356	0.00495	0.07413	0.00774	0.00500	0.00959
1	0.05785	0.01176	0.01412	0.01218	0.01661	0.01070	0.00978	0.02669	0.05691	0.28890	0.08210	0.05259	0.25908	0.01532	0.00901	0.00275	0.00583	0.04855	0.00876	0.01049
2	0.01950	0.02061	0.07773	0.15101	0.51571	0.01950	0.02548	0.02487	0.01845	0.02613	0.01544	0.02060	0.01264	0.00758	0.00821	0.00253	0.01024	0.00731	0.00400	0.01247
3	0.02251	0.01756	0.02058	0.14251	0.07662	0.05376	0.01512	0.24699	0.02550	0.03548	0.02017	0.02366	0.01549	0.01269	0.05065	0.00309	0.00943	0.00750	0.18982	0.01090
4	0.06330	0.02165	0.05369	0.14334	0.31460	0.05998	0.02160	0.16478	0.02316	0.03211	0.01607	0.01984	0.01256	0.00825	0.00803	0.00252	0.01011	0.00709	0.00506	0.01226
5	0.06156	0.01670	0.05156	0.01573	0.02060	0.04917	0.09914	0.11572	0.02247	0.02959	0.09333	0.05013	0.31140	0.01482	0.00907	0.00268	0.00751	0.01262	0.00686	0.00934
6	0.05316	0.01671	0.13936	0.01443	0.01869	0.01200	0.01312	0.05193	0.05439	0.06695	0.03978	0.33961	0.11053	0.01823	0.00931	0.00299	0.00676	0.01583	0.00700	0.00921
7	0.01610	0.01555	0.01736	0.02066	0.15833	0.10796	0.01264	0.01956	0.02141	0.02748	0.28247	0.05007	0.18870	0.01456	0.00911	0.00256	0.00694	0.01249	0.00697	0.00910
8	0.01867	0.01808	0.02491	0.23860	0.25205	0.08140	0.01979	0.05008	0.02005	0.02601	0.08919	0.03015	0.07575	0.01014	0.00849	0.00258	0.00958	0.00891	0.00504	0.01051
9	0.02408	0.02441	0.02456	0.02815	0.22102	0.22430	0.01737	0.13269	0.02483	0.03067	0.13955	0.02679	0.02527	0.01009	0.00832	0.00240	0.01019	0.00826	0.00589	0.01118

[dist]
# distance from previous block
# <min> <max>
0	18

[block]
# block no. 3 follows, 22 sequences, length 7
# corresponding to MSA columns:
# 81-87
name=unknown_D
#
# <colnr> <probs for GDERKNQSTAVLIFYWHMCP>
#	G	D	E	R	K	N	Q	S	T	A	V	L	I	F	Y	W	H	M	C	P
0	0.01832	0.01848	0.01681	0.01755	0.06652	0.18461	0.01203	0.02395	0.10496	0.02700	0.22004	0.18222	0.04339	0.01525	0.00907	0.00267	0.00782	0.01302	0.00708	0.00920
1	0.04713	0.01295	0.01591	0.07876	0.04550	0.01388	0.01157	0.07408	0.12932	0.06054	0.13157	0.06878	0.09028	0.11042	0.06907	0.00432	0.00816	0.01129	0.00699	0.00948
2	0.06283	0.02121	0.10407	0.01709	0.05352	0.12764	0.01409	0.05969	0.05602	0.09758	0.06499	0.07998	0.02315	0.01098	0.00768	0.00244	0.00825	0.00882	0.16965	0.01031
3	0.02142	0.02346	0.02006	0.18850	0.03008	0.27595	0.01556	0.06426	0.02152	0.02345	0.03118	0.03634	0.15124	0.01223	0.00852	0.00258	0.01079	0.04836	0.00536	0.00913
4	0.34365	0.07342	0.01983	0.04638	0.07456	0.13290	0.01320	0.05900	0.01780	0.02988	0.01417	0.01764	0.01173	0.01523	0.09564	0.00387	0.01086	0.00577	0.00481	0.00968
5	0.02178	0.02285	0.02954	0.15379	0.32974	0.15235	0.05469	0.02810	0.07761	0.02540	0.01667	0.02079	0.01340	0.00814	0.00820	0.00251	0.01104	0.00730	0.00448	0.01164
6	0.05433	0.01051	0.01194	0.01137	0.01332	0.01064	0.00780	0.01977	0.10926	0.05853	0.08280	0.15921	0.03533	0.31515	0.02328	0.00506	0.00668	0.01298	0.00665	0.04539

[dist]
# distance from previous block
# <min> <max>
0	8

[block]
# block no. 4 follows, 22 sequences, length 9
# corresponding to MSA columns:
# 96-104
name=unknown_E
#
# <colnr> <probs for GDERKNQSTAVLIFYWHMCP>
#	G	D	E	R	K	N	Q	S	T	A	V	L	I	F	Y	W	H	M	C	P
0	0.02067	0.24244	0.05373	0.06905	0.02318	0.17703	0.01432	0.02394	0.01782	0.02142	0.01624	0.02059	0.01399	0.01916	0.14317	0.00436	0.01282	0.00626	0.09043	0.00937
1	0.01962	0.01844	0.02064	0.33829	0.03727	0.15854	0.01715	0.02342	0.01857	0.06930	0.02191	0.14563	0.02017	0.01180	0.00844	0.00269	0.01016	0.00999	0.03881	0.00916
2	0.01706	0.01541	0.02569	0.15059	0.20616	0.01594	0.10029	0.05907	0.01897	0.02579	0.04670	0.15511	0.02552	0.06484	0.01165	0.00322	0.00923	0.03336	0.00537	0.01002
3	0.18769	0.02689	0.16318	0.02794	0.21348	0.13957	0.02029	0.02623	0.01842	0.02779	0.01618	0.02280	0.01381	0.00896	0.00757	0.00257	0.01040	0.05075	0.00451	0.01097
4	0.05033	0.11816	0.02242	0.02027	0.10690	0.14180	0.01429	0.02185	0.01707	0.02182	0.01927	0.02886	0.01799	0.03105	0.27773	0.00682	0.01539	0.05426	0.00453	0.00919
5	0.02211	0.01416	0.01788	0.05823	0.06851	0.01444	0.01279	0.09662	0.11667	0.17712	0.03690	0.06852	0.11150	0.08525	0.01240	0.00333	0.00735	0.05766	0.00770	0.01087
6	0.02007	0.02104	0.02358	0.02638	0.19986	0.17462	0.05312	0.02359	0.01969	0.02481	0.05936	0.10694	0.05782	0.01102	0.00824	0.00233	0.00943	0.00959	0.00524	0.14327
7	0.01186	0.00957	0.01303	0.01609	0.10285	0.00888	0.00989	0.01448	0.01870	0.02490	0.17822	0.31161	0.20828	0.02022	0.00990	0.00294	0.00519	0.01796	0.00750	0.00795
8	0.01681	0.01203	0.01610	0.01706	0.08932	0.01264	0.01168	0.06596	0.05835	0.05361	0.08738	0.03203	0.02528	0.03016	0.26141	0.00650	0.01235	0.00887	0.13894	0.04352

[dist]
# distance from previous block
# <min> <max>
0	62

[block]
# block no. 5 follows, 22 sequences, length 8
# corresponding to MSA columns:
# 176-183
name=unknown_F
#
# <colnr> <probs for GDERKNQSTAVLIFYWHMCP>
#	G	D	E	R	K	N	Q	S	T	A	V	L	I	F	Y	W	H	M	C	P
0	0.16243	0.02848	0.09112	0.02850	0.17395	0.24173	0.10578	0.02814	0.01956	0.02656	0.01402	0.01732	0.01121	0.00784	0.00760	0.00244	0.01179	0.00638	0.00431	0.01082
1	0.10036	0.14007	0.02933	0.19007	0.22486	0.09277	0.01957	0.06372	0.01929	0.02634	0.01426	0.01831	0.01158	0.00789	0.00735	0.00240	0.01013	0.00636	0.00431	0.01101
2	0.10143	0.02247	0.10905	0.02513	0.17924	0.09465	0.01782	0.05203	0.10025	0.05212	0.06305	0.02837	0.02098	0.01011	0.00798	0.00258	0.00900	0.04551	0.04700	0.01124
3	0.01542	0.01330	0.01885	0.06605	0.06254	0.01350	0.07669	0.06394	0.10193	0.02732	0.06941	0.15908	0.18948	0.01653	0.00960	0.00294	0.00718	0.06983	0.00701	0.00938
4	0.01376	0.01013	0.01206	0.01205	0.01407	0.00997	0.00885	0.10185	0.02073	0.02744	0.12933	0.32541	0.14919	0.07097	0.01239	0.00342	0.00565	0.05698	0.00780	0.00794
5	0.18196	0.02119	0.02287	0.24992	0.09867	0.12953	0.01786	0.13077	0.02141	0.03056	0.01476	0.01855	0.01132	0.00842	0.00749	0.00254	0.01027	0.00645	0.00495	0.01051
6	0.12479	0.11161	0.02250	0.04571	0.10711	0.16346	0.01401	0.06252	0.02098	0.02799	0.12741	0.03040	0.08775	0.01085	0.00769	0.00239	0.00882	0.00846	0.00568	0.00987
7	0.21745	0.01998	0.13552	0.06558	0.14224	0.01645	0.05639	0.02251	0.01784	0.02990	0.12287	0.07405	0.02529	0.01054	0.00788	0.00265	0.00836	0.00898	0.00536	0.01016

[dist]
# distance from previous block
# <min> <max>
14	36

[block]
# block no. 6 follows, 22 sequences, length 7
# corresponding to MSA columns:
# 221-227
name=unknown_G
#
# <colnr> <probs for GDERKNQSTAVLIFYWHMCP>
#	G	D	E	R	K	N	Q	S	T	A	V	L	I	F	Y	W	H	M	C	P
0	0.21376	0.01326	0.01459	0.05615	0.01879	0.01444	0.01059	0.08782	0.05992	0.07836	0.06603	0.17001	0.02830	0.07327	0.05576	0.00393	0.00778	0.01124	0.00675	0.00926
1	0.16239	0.17686	0.10997	0.04878	0.02423	0.15351	0.01625	0.02493	0.01696	0.02406	0.01341	0.01714	0.01140	0.01404	0.07590	0.00353	0.08701	0.00576	0.00410	0.00979
2	0.06750	0.01230	0.01445	0.01328	0.01676	0.01241	0.01004	0.02790	0.17032	0.18880	0.06496	0.22511	0.06712	0.05663	0.01094	0.00319	0.00604	0.01369	0.00829	0.01029
3	0.04736	0.07013	0.16112	0.01924	0.06020	0.16295	0.01691	0.02655	0.06435	0.05513	0.02244	0.02513	0.05256	0.01749	0.10909	0.00406	0.01211	0.00742	0.05544	0.01032
4	0.02387	0.02571	0.02544	0.08300	0.22967	0.27026	0.01889	0.07023	0.02228	0.02610	0.05896	0.02677	0.01904	0.00991	0.00830	0.00248	0.01132	0.05192	0.00504	0.01079
5	0.02024	0.04898	0.12966	0.07431	0.06514	0.01797	0.08814	0.10053	0.10310	0.07147	0.11042	0.02861	0.02447	0.01004	0.00832	0.00256	0.00878	0.00879	0.06711	0.01135
6	0.01946	0.11650	0.05570	0.02152	0.10619	0.15524	0.06073	0.02290	0.01886	0.02339	0.08222	0.09897	0.02460	0.05551	0.05294	0.00340	0.01055	0.00942	0.00507	0.05685

[dist]
# distance from previous block
# <min> <max>
1	4

[block]
# block no. 7 follows, 22 sequences, length 343
# corresponding to MSA columns:
# 232-574
name=unknown_H
#
# <colnr> <probs for GDERKNQSTAVLIFYWHMCP>
#	G	D	E	R	K	N	Q	S	T	A	V	L	I	F	Y	W	H	M	C	P
0	0.13029	0.01577	0.01932	0.02240	0.17072	0.04170	0.01365	0.07437	0.01753	0.02640	0.02252	0.06817	0.04985	0.19590	0.01909	0.00415	0.08423	0.00950	0.00521	0.00923
1	0.12496	0.01137	0.04237	0.01059	0.01276	0.01025	0.00778	0.01577	0.01530	0.02390	0.14535	0.07096	0.03545	0.37092	0.02558	0.00537	0.00699	0.01129	0.00587	0.04718
2	0.04511	0.00817	0.00980	0.01019	0.01099	0.00797	0.00666	0.01283	0.01509	0.02104	0.11958	0.23259	0.07826	0.27502	0.02429	0.08868	0.00619	0.01515	0.00635	0.00603
3	0.02579	0.16356	0.10162	0.02460	0.11261	0.23050	0.05199	0.14178	0.02367	0.02816	0.01476	0.01705	0.01176	0.00823	0.00750	0.00227	0.01165	0.00619	0.00479	0.01154
4	0.02368	0.02633	0.02856	0.13991	0.32818	0.26271	0.02161	0.02768	0.02027	0.02368	0.01446	0.01874	0.01192	0.00797	0.00796	0.00239	0.01196	0.00664	0.00411	0.01123
5	0.01306	0.01034	0.01232	0.05142	0.01639	0.00991	0.00923	0.06890	0.02056	0.02676	0.15015	0.15129	0.29962	0.02054	0.03912	0.00326	0.00613	0.03895	0.00747	0.04458
6	0.01887	0.01738	0.02532	0.09092	0.31683	0.04669	0.01927	0.05008	0.08740	0.02623	0.01930	0.02464	0.01618	0.02194	0.17674	0.00527	0.01293	0.00791	0.00483	0.01125
7	0.02016	0.01769	0.02140	0.16997	0.12483	0.07268	0.01601	0.16745	0.02260	0.02905	0.02675	0.06875	0.08670	0.10455	0.01306	0.00335	0.00926	0.00986	0.00576	0.01012
8	0.18636	0.01792	0.05643	0.11427	0.15153	0.01787	0.04189	0.11276	0.02113	0.03286	0.10599	0.02822	0.05902	0.01011	0.00792	0.00260	0.00831	0.00844	0.00578	0.01061
9	0.19582	0.01144	0.01256	0.01240	0.01537	0.01231	0.01003	0.02040	0.07366	0.02935	0.13552	0.05061	0.08848	0.02244	0.10858	0.00450	0.00839	0.14393	0.03581	0.00842
10	0.06663	0.05731	0.02680	0.06300	0.16828	0.16327	0.04540	0.17380	0.06945	0.03199	0.01964	0.02170	0.03819	0.00912	0.00793	0.00245	0.01036	0.00732	0.00563	0.01173
11	0.01760	0.01807	0.06396	0.06551	0.34888	0.01719	0.08809	0.02250	0.01726	0.02458	0.01753	0.02404	0.01498	0.02273	0.19426	0.00556	0.01396	0.00802	0.00416	0.01112
12	0.05347	0.00904	0.01199	0.01192	0.01327	0.01015	0.00880	0.01490	0.01327	0.02004	0.02284	0.03677	0.02243	0.21333	0.45438	0.01095	0.01710	0.00938	0.03902	0.00694
13	0.01517	0.00924	0.01192	0.01185	0.01396	0.00863	0.00872	0.01858	0.04552	0.11796	0.21402	0.30934	0.08676	0.04660	0.01119	0.00319	0.00520	0.04537	0.00841	0.00838
14	0.07567	0.15197	0.02358	0.09157	0.05250	0.08677	0.04619	0.04414	0.01798	0.02373	0.02465	0.24534	0.02606	0.01607	0.03507	0.00310	0.00910	0.01196	0.00543	0.00911
15	0.01806	0.04944	0.03254	0.26849	0.22444	0.01925	0.15318	0.02345	0.01817	0.02438	0.01794	0.02777	0.01530	0.00902	0.00876	0.00274	0.01095	0.06112	0.00428	0.01073
16	0.01146	0.00882	0.01005	0.00994	0.01195	0.00818	0.00719	0.01476	0.04877	0.02497	0.22714	0.09703	0.29523	0.14513	0.01578	0.00378	0.00511	0.03985	0.00766	0.00719
17	0.02186	0.02258	0.02853	0.23246	0.31470	0.15639	0.02231	0.05638	0.02022	0.02524	0.01501	0.01984	0.01208	0.00804	0.00810	0.00249	0.01126	0.00697	0.00424	0.01130
18	0.02087	0.02166	0.02843	0.19752	0.35680	0.14240	0.02216	0.02537	0.01948	0.02476	0.04977	0.02217	0.01577	0.00836	0.00819	0.00249	0.01080	0.00743	0.00432	0.01125
19	0.01232	0.00854	0.01157	0.01157	0.01269	0.00946	0.00842	0.01457	0.01344	0.01968	0.02385	0.03841	0.02341	0.23344	0.42920	0.01066	0.01637	0.00965	0.08595	0.00680
20	0.01037	0.00816	0.00941	0.00995	0.01195	0.00720	0.00730	0.01265	0.01877	0.02379	0.15242	0.24896	0.37370	0.02193	0.01012	0.00299	0.00452	0.05079	0.00791	0.00709
21	0.01593	0.02983	0.37226	0.02426	0.06562	0.01669	0.12134	0.02302	0.01771	0.02535	0.02265	0.15477	0.02142	0.01196	0.00892	0.00285	0.01076	0.03915	0.00467	0.01086
22	0.01836	0.20321	0.45766	0.02384	0.08821	0.02262	0.02623	0.02589	0.01750	0.02475	0.01416	0.01679	0.01079	0.00766	0.00730	0.00241	0.01124	0.00584	0.00357	0.01197
23	0.06407	0.54021	0.03783	0.01548	0.02191	0.16105	0.01430	0.02652	0.01807	0.02066	0.01181	0.01367	0.01058	0.00743	0.00575	0.00189	0.00998	0.00463	0.00379	0.01036
24	0.03052	0.03873	0.02362	0.02142	0.02553	0.64856	0.01614	0.03264	0.02311	0.02032	0.01276	0.01511	0.01071	0.00880	0.00829	0.00220	0.04226	0.00543	0.00425	0.00961
25	0.01299	0.00943	0.01284	0.01454	0.01655	0.00928	0.01260	0.01662	0.01910	0.02459	0.04844	0.09218	0.11494	0.02274	0.01129	0.00371	0.00727	0.53565	0.00766	0.00758
26	0.01085	0.00790	0.01030	0.01141	0.01263	0.00735	0.00823	0.01323	0.01841	0.02471	0.19881	0.42214	0.11375	0.02301	0.01043	0.00318	0.00485	0.08361	0.00806	0.00714
27	0.02977	0.03769	0.02637	0.02291	0.02765	0.60217	0.08373	0.03244	0.02311	0.02103	0.01328	0.01581	0.01091	0.00839	0.00775	0.00221	0.01487	0.00584	0.00427	0.00981
28	0.01208	0.00805	0.00906	0.00906	0.00906	0.00805	0.00503	0.01208	0.01208	0.01611	0.02618	0.05436	0.03020	0.70804	0.04228	0.00805	0.00805	0.01208	0.00503	0.00503
29	0.01037	0.00785	0.00905	0.00985	0.01116	0.00710	0.00665	0.01180	0.01638	0.02073	0.05724	0.33426	0.28649	0.15279	0.01627	0.00403	0.00519	0.01904	0.00721	0.00653
30	0.01395	0.00753	0.01130	0.01130	0.01158	0.00781	0.00781	0.01158	0.01130	0.01535	0.01591	0.02665	0.01563	0.03517	0.15377	0.61769	0.01005	0.00753	0.00377	0.00433
31	0.01058	0.00845	0.00947	0.00922	0.01169	0.00734	0.00691	0.01340	0.02074	0.02671	0.30721	0.07292	0.42713	0.01945	0.00981	0.00273	0.00409	0.01655	0.00828	0.00734
32	0.01543	0.00828	0.00884	0.00867	0.01050	0.00869	0.00661	0.01916	0.01700	0.02988	0.02611	0.03047	0.02079	0.01257	0.04070	0.00259	0.03641	0.00778	0.68175	0.00779
33	0.02056	0.01974	0.03372	0.05099	0.65622	0.01974	0.02550	0.02550	0.01892	0.02714	0.01563	0.02056	0.01316	0.00740	0.00822	0.00247	0.00987	0.00740	0.00411	0.01316
34	0.03062	0.03882	0.02394	0.02256	0.05026	0.64916	0.01642	0.03287	0.02336	0.02060	0.01295	0.01520	0.01080	0.00852	0.00752	0.00215	0.01478	0.00543	0.00427	0.00977
35	0.01146	0.00858	0.01120	0.01081	0.01280	0.00832	0.00820	0.01485	0.02029	0.02810	0.40474	0.05791	0.16013	0.02864	0.17098	0.00525	0.00841	0.01396	0.00777	0.00760
36	0.01032	0.00731	0.00958	0.01132	0.01175	0.00688	0.00745	0.01162	0.01552	0.02070	0.04384	0.63817	0.05248	0.09384	0.01375	0.00384	0.00514	0.02247	0.00745	0.00658
37	0.01429	0.00738	0.00973	0.00994	0.01060	0.00733	0.00683	0.01358	0.01344	0.02035	0.02180	0.10054	0.02098	0.02254	0.02174	0.43945	0.00591	0.00916	0.23917	0.00524
38	0.01918	0.02794	0.25669	0.04134	0.43714	0.01958	0.02733	0.02578	0.01843	0.02685	0.01537	0.01949	0.01223	0.00758	0.00811	0.00253	0.01072	0.00696	0.00390	0.01285
39	0.01975	0.01891	0.03226	0.15660	0.55693	0.01953	0.02509	0.02479	0.01853	0.02616	0.01548	0.02082	0.01281	0.00755	0.00824	0.00252	0.01007	0.00740	0.00404	0.01251
40	0.02410	0.02370	0.06093	0.03896	0.40995	0.08649	0.02244	0.17318	0.02422	0.03256	0.01637	0.01971	0.01302	0.00817	0.00816	0.00245	0.01032	0.00716	0.00512	0.01300
41	0.00982	0.00842	0.00842	0.00842	0.01122	0.00701	0.00631	0.01192	0.01894	0.02244	0.08416	0.07995	0.65285	0.02104	0.00982	0.00281	0.00421	0.01753	0.00771	0.00701
42	0.01140	0.00807	0.00896	0.00913	0.00981	0.00771	0.00555	0.01200	0.01397	0.01799	0.04103	0.11600	0.17377	0.49326	0.03218	0.00646	0.00690	0.01431	0.00587	0.00563
43	0.01157	0.00789	0.00916	0.00957	0.00979	0.00773	0.00566	0.01196	0.01318	0.01746	0.03273	0.19507	0.06059	0.53345	0.03415	0.00683	0.00720	0.01479	0.00572	0.00548
44	0.01360	0.00924	0.01186	0.01280	0.01426	0.00902	0.00927	0.06942	0.01870	0.05201	0.04268	0.54411	0.04897	0.02355	0.01040	0.00331	0.00562	0.08548	0.00787	0.00784
45	0.02066	0.01785	0.01878	0.01691	0.02160	0.02066	0.01315	0.04414	0.64121	0.03475	0.03381	0.03099	0.02536	0.01127	0.00845	0.00282	0.00657	0.00939	0.00845	0.01315
46	0.01039	0.00812	0.00878	0.00913	0.01088	0.00720	0.00627	0.01189	0.01684	0.02078	0.06412	0.18551	0.40448	0.17798	0.01733	0.00410	0.00519	0.01738	0.00711	0.00652
47	0.01195	0.00808	0.00902	0.00902	0.00919	0.00799	0.00511	0.01207	0.01249	0.01649	0.02964	0.05589	0.06740	0.66701	0.04034	0.00774	0.00782	0.01241	0.00519	0.00515
48	0.01490	0.01180	0.01382	0.01273	0.01566	0.01237	0.00971	0.02573	0.24169	0.03382	0.43355	0.05108	0.05966	0.01497	0.00932	0.00269	0.00486	0.01303	0.00890	0.00971
49	0.01339	0.00956	0.01339	0.01530	0.01721	0.00956	0.01339	0.01721	0.01912	0.02486	0.04399	0.09371	0.04781	0.02295	0.01147	0.00382	0.00765	0.60031	0.00765	0.00765
50	0.01008	0.00817	0.00881	0.00916	0.01134	0.00705	0.00660	0.01204	0.01824	0.02243	0.10126	0.19989	0.47923	0.05366	0.01148	0.00315	0.00449	0.01835	0.00766	0.00691
51	0.02663	0.02903	0.02576	0.02182	0.02548	0.31750	0.04949	0.14403	0.02306	0.02676	0.01384	0.01731	0.01153	0.01056	0.01376	0.00270	0.21889	0.00658	0.00486	0.01042
52	0.03158	0.02327	0.02493	0.01911	0.02576	0.02576	0.01579	0.62852	0.03906	0.05236	0.01995	0.01995	0.01413	0.00997	0.00831	0.00249	0.00914	0.00748	0.00831	0.01413
53	0.21399	0.01460	0.01757	0.01385	0.01996	0.01377	0.01143	0.03659	0.02144	0.51064	0.02764	0.02470	0.01776	0.00966	0.00758	0.00257	0.00691	0.00742	0.00904	0.01289
54	0.01018	0.00843	0.00892	0.00880	0.01145	0.00717	0.00660	0.01263	0.01980	0.02449	0.19121	0.07657	0.54452	0.02027	0.00981	0.00277	0.00415	0.01706	0.00798	0.00717
55	0.00991	0.00842	0.00854	0.00851	0.01128	0.00705	0.00638	0.01210	0.01915	0.02295	0.11047	0.07912	0.62623	0.02085	0.00982	0.00280	0.00419	0.01742	0.00778	0.00705
56	0.03158	0.02327	0.02493	0.01911	0.02576	0.02576	0.01579	0.62852	0.03906	0.05236	0.01995	0.01995	0.01413	0.00997	0.00831	0.00249	0.00914	0.00748	0.00831	0.01413
57	0.00982	0.00842	0.00842	0.00842	0.01122	0.00701	0.00631	0.01192	0.01894	0.02244	0.08416	0.07995	0.65285	0.02104	0.00982	0.00281	0.00421	0.01753	0.00771	0.00701
58	0.01049	0.00866	0.00925	0.00932	0.01185	0.00761	0.00690	0.01356	0.04362	0.02397	0.13960	0.14516	0.49937	0.02077	0.00985	0.00285	0.00434	0.01761	0.00790	0.00732
59	0.01012	0.00843	0.00883	0.00873	0.01141	0.00714	0.00655	0.01250	0.01964	0.02413	0.17206	0.07718	0.56390	0.02041	0.00982	0.00278	0.00416	0.01714	0.00794	0.00714
60	0.01723	0.01477	0.01723	0.01230	0.01969	0.01107	0.00984	0.02092	0.01723	0.02707	0.01477	0.01723	0.01230	0.00615	0.00615	0.00123	0.00615	0.00492	0.00492	0.75883
61	0.01529	0.01432	0.02355	0.58369	0.08104	0.01728	0.02137	0.02042	0.01697	0.02164	0.02234	0.02834	0.08080	0.00964	0.00847	0.00276	0.01027	0.00848	0.00415	0.00918
62	0.01303	0.00842	0.01097	0.01097	0.01238	0.00922	0.00818	0.01585	0.01444	0.02249	0.02434	0.03526	0.02230	0.13931	0.37383	0.00901	0.01444	0.00900	0.23939	0.00717
63	0.02221	0.71304	0.04353	0.01421	0.02132	0.03287	0.01421	0.02488	0.01688	0.01955	0.01155	0.01333	0.01066	0.00711	0.00533	0.00178	0.00888	0.00444	0.00355	0.01066
64	0.03106	0.03871	0.02362	0.02128	0.02569	0.63975	0.01604	0.06523	0.02438	0.02206	0.01322	0.01525	0.01089	0.00864	0.00753	0.00216	0.01467	0.00547	0.00450	0.00987
65	0.01005	0.00791	0.00895	0.00974	0.01146	0.00695	0.00683	0.01178	0.01737	0.02164	0.06568	0.33542	0.37785	0.05461	0.01163	0.00328	0.00464	0.01979	0.00759	0.00681
66	0.00993	0.00800	0.00885	0.00953	0.01151	0.00692	0.00681	0.01180	0.01787	0.02201	0.07060	0.29988	0.44167	0.02280	0.01010	0.00301	0.00442	0.01968	0.00771	0.00692
67	0.01208	0.00805	0.00906	0.00906	0.00906	0.00805	0.00503	0.01208	0.01208	0.01611	0.02618	0.05436	0.03020	0.70804	0.04228	0.00805	0.00805	0.01208	0.00503	0.00503
68	0.02756	0.02874	0.03089	0.02432	0.03027	0.26045	0.17917	0.22317	0.02701	0.03234	0.01611	0.01872	0.01233	0.00887	0.00928	0.00250	0.04393	0.00732	0.00553	0.01148
69	0.02297	0.18202	0.20832	0.02116	0.02809	0.20925	0.05282	0.05511	0.01962	0.02361	0.01345	0.01635	0.01093	0.00877	0.00969	0.00243	0.09464	0.00594	0.00401	0.01082
70	0.01048	0.00756	0.00992	0.01118	0.01210	0.00700	0.00768	0.01251	0.01775	0.02399	0.18409	0.53209	0.08524	0.02378	0.01039	0.00318	0.00459	0.02142	0.00804	0.00700
71	0.02634	0.02205	0.02145	0.01808	0.02347	0.09805	0.01434	0.24132	0.33642	0.06783	0.02661	0.02525	0.01962	0.01047	0.00829	0.00262	0.00845	0.00822	0.00800	0.01312
72	0.03103	0.03959	0.02354	0.02140	0.02568	0.67469	0.01605	0.03317	0.02354	0.02033	0.01284	0.01498	0.01070	0.00856	0.00749	0.00214	0.01498	0.00535	0.00428	0.00963
73	0.01687	0.01597	0.02705	0.53374	0.20233	0.01877	0.02366	0.02226	0.01717	0.02266	0.01497	0.02176	0.01158	0.00809	0.00829	0.00270	0.01078	0.00739	0.00379	0.01018
74	0.01821	0.01821	0.02506	0.23436	0.27670	0.08956	0.02002	0.02255	0.01893	0.02414	0.05368	0.03127	0.11207	0.01030	0.00848	0.00258	0.00968	0.00904	0.00477	0.01040
75	0.01189	0.00800	0.00923	0.00936	0.00952	0.00792	0.00543	0.01224	0.01307	0.01753	0.06296	0.11311	0.03513	0.60801	0.03761	0.00733	0.00753	0.01328	0.00550	0.00534
76	0.02300	0.60578	0.06998	0.01519	0.02249	0.03146	0.01515	0.09191	0.01937	0.02350	0.01263	0.01425	0.01104	0.00746	0.00578	0.00190	0.00907	0.00486	0.00408	0.01112
77	0.02522	0.06772	0.02557	0.18400	0.05885	0.39417	0.01824	0.02830	0.02032	0.02076	0.01318	0.01715	0.01091	0.00891	0.00940	0.00242	0.07511	0.00605	0.00403	0.00969
78	0.01208	0.00805	0.00906	0.00906	0.00906	0.00805	0.00503	0.01208	0.01208	0.01611	0.02618	0.05436	0.03020	0.70804	0.04228	0.00805	0.00805	0.01208	0.00503	0.00503
79	0.35639	0.01208	0.01163	0.01140	0.01439	0.01330	0.00892	0.01888	0.01483	0.02802	0.02587	0.04248	0.06009	0.16442	0.07471	0.00494	0.00829	0.11603	0.00567	0.00765
80	0.12329	0.01066	0.01337	0.06674	0.01748	0.01203	0.01012	0.04058	0.01479	0.02300	0.02324	0.10370	0.02342	0.16733	0.30500	0.00841	0.01394	0.01025	0.00510	0.00754
81	0.01635	0.01600	0.01379	0.01423	0.01607	0.16961	0.01012	0.05064	0.01915	0.02275	0.03800	0.47255	0.06702	0.02071	0.00969	0.00300	0.00749	0.01805	0.00691	0.00786
82	0.01012	0.00723	0.00964	0.01157	0.01205	0.00675	0.00771	0.01157	0.01591	0.02121	0.04579	0.70262	0.05495	0.02603	0.01060	0.00337	0.00482	0.02362	0.00771	0.00675
83	0.01347	0.00828	0.00938	0.00976	0.01087	0.00822	0.00657	0.03860	0.01627	0.02452	0.03241	0.24759	0.03409	0.21323	0.01777	0.00415	0.00556	0.01394	0.27841	0.00691
84	0.03109	0.03778	0.02370	0.02115	0.02569	0.60269	0.01602	0.09923	0.02526	0.02388	0.01363	0.01553	0.01108	0.00872	0.00758	0.00218	0.01433	0.00559	0.00473	0.01013
85	0.01549	0.00774	0.00774	0.00774	0.00968	0.00774	0.00581	0.01936	0.01742	0.03097	0.02710	0.03097	0.02129	0.00968	0.00581	0.00194	0.00387	0.00774	0.75416	0.00774
86	0.01040	0.00842	0.00910	0.00894	0.01140	0.00727	0.00662	0.01284	0.01970	0.02475	0.21874	0.07432	0.48213	0.05487	0.01146	0.00302	0.00433	0.01665	0.00793	0.00711
87	0.09417	0.00857	0.00958	0.01051	0.01203	0.00825	0.00727	0.01313	0.01610	0.02283	0.04952	0.41700	0.19247	0.08414	0.01266	0.00357	0.00514	0.01898	0.00719	0.00691
88	0.01235	0.00873	0.01021	0.00969	0.01208	0.00774	0.00717	0.01510	0.02053	0.06154	0.31694	0.06722	0.31848	0.08053	0.01265	0.00318	0.00459	0.01547	0.00822	0.00758
89	0.01569	0.01477	0.02492	0.68808	0.05722	0.01846	0.02307	0.02123	0.01661	0.02123	0.01477	0.02215	0.01107	0.00831	0.00831	0.00277	0.01107	0.00738	0.00369	0.00923
90	0.01102	0.00846	0.01008	0.00967	0.01196	0.00752	0.00726	0.01424	0.02177	0.02916	0.43503	0.06889	0.29778	0.01853	0.00981	0.00269	0.00403	0.01598	0.00860	0.00752
91	0.01020	0.00820	0.00909	0.00935	0.01157	0.00710	0.00683	0.01248	0.01912	0.02401	0.17102	0.19451	0.44477	0.02131	0.00996	0.00288	0.00428	0.01827	0.00795	0.00710
92	0.03117	0.03564	0.02388	0.02085	0.02570	0.51749	0.01599	0.17740	0.02730	0.02809	0.01456	0.01618	0.01153	0.00890	0.00769	0.00223	0.01357	0.00587	0.00526	0.01072
93	0.01160	0.00868	0.01109	0.01248	0.01429	0.00817	0.01004	0.01437	0.01829	0.02330	0.05562	0.23739	0.21817	0.02316	0.01080	0.00343	0.00600	0.29817	0.00768	0.00725
94	0.20074	0.01373	0.01342	0.01171	0.01538	0.01491	0.00911	0.17321	0.02150	0.03554	0.02435	0.05447	0.04314	0.08820	0.01069	0.00300	0.00634	0.00837	0.24293	0.00929
95	0.01067	0.00752	0.00974	0.01130	0.01177	0.00715	0.00752	0.01198	0.01536	0.02045	0.04198	0.54617	0.04988	0.15459	0.01663	0.00428	0.00559	0.05372	0.00720	0.00647
96	0.01549	0.00774	0.00774	0.00774	0.00968	0.00774	0.00581	0.01936	0.01742	0.03097	0.02710	0.03097	0.02129	0.00968	0.00581	0.00194	0.00387	0.00774	0.75416	0.00774
97	0.45846	0.01468	0.01330	0.01186	0.01650	0.01604	0.00961	0.07725	0.01815	0.08555	0.02754	0.06917	0.10380	0.01173	0.00694	0.00270	0.00637	0.03447	0.00646	0.00941
98	0.01025	0.00732	0.00979	0.01171	0.01225	0.00686	0.00794	0.01179	0.01603	0.02135	0.04572	0.67863	0.05466	0.02591	0.01064	0.00339	0.00493	0.04634	0.00771	0.00678
99	0.01569	0.01477	0.02492	0.68808	0.05722	0.01846	0.02307	0.02123	0.01661	0.02123	0.01477	0.02215	0.01107	0.00831	0.00831	0.00277	0.01107	0.00738	0.00369	0.00923
100	0.03103	0.03959	0.02354	0.02140	0.02568	0.67469	0.01605	0.03317	0.02354	0.02033	0.01284	0.01498	0.01070	0.00856	0.00749	0.00214	0.01498	0.00535	0.00428	0.00963
101	0.04886	0.01031	0.01404	0.01347	0.01541	0.01177	0.01045	0.06849	0.01536	0.02248	0.02071	0.02984	0.01895	0.05157	0.51606	0.09273	0.01874	0.00839	0.00473	0.00766
102	0.00982	0.00842	0.00842	0.00842	0.01122	0.00701	0.00631	0.01192	0.01894	0.02244	0.08416	0.07995	0.65285	0.02104	0.00982	0.00281	0.00421	0.01753	0.00771	0.00701
103	0.01208	0.00805	0.00906	0.00906	0.00906	0.00805	0.00503	0.01208	0.01208	0.01611	0.02618	0.05436	0.03020	0.70804	0.04228	0.00805	0.00805	0.01208	0.00503	0.00503
104	0.01317	0.00949	0.01309	0.01489	0.01685	0.00941	0.01296	0.01690	0.01911	0.02472	0.04639	0.09289	0.08395	0.02283	0.01138	0.00376	0.00744	0.56550	0.00765	0.00761
105	0.01169	0.00997	0.01304	0.17354	0.02264	0.00998	0.01073	0.01505	0.01944	0.02467	0.19931	0.06179	0.36384	0.01701	0.00945	0.00275	0.00580	0.01449	0.00707	0.00774
106	0.02192	0.01633	0.01802	0.01592	0.02055	0.01814	0.01245	0.04057	0.49161	0.11849	0.10073	0.03400	0.03047	0.01176	0.00859	0.00276	0.00635	0.00986	0.00877	0.01271
107	0.03155	0.02424	0.02485	0.01925	0.02576	0.06453	0.01581	0.59296	0.03813	0.05044	0.01952	0.01965	0.01392	0.00989	0.00826	0.00247	0.00949	0.00735	0.00807	0.01386
108	0.02829	0.01826	0.02028	0.01607	0.02152	0.01959	0.01313	0.39563	0.03136	0.13465	0.02324	0.02392	0.01676	0.01309	0.04769	0.00305	0.00866	0.00774	0.14450	0.01256
109	0.01695	0.29995	0.09830	0.01502	0.01983	0.02116	0.01427	0.02029	0.01515	0.02002	0.01674	0.02366	0.01558	0.06993	0.25761	0.00664	0.04883	0.00689	0.00397	0.00922
110	0.02443	0.01637	0.01729	0.01406	0.01861	0.01775	0.01135	0.35776	0.02944	0.04285	0.02313	0.02485	0.01731	0.00984	0.00720	0.00225	0.00680	0.00760	0.33983	0.01129
111	0.01020	0.00729	0.00971	0.01151	0.01207	0.00680	0.00772	0.01178	0.01629	0.02182	0.07650	0.67017	0.05613	0.02557	0.01056	0.00334	0.00477	0.02318	0.00778	0.00680
112	0.02056	0.01974	0.03372	0.05099	0.65622	0.01974	0.02550	0.02550	0.01892	0.02714	0.01563	0.02056	0.01316	0.00740	0.00822	0.00247	0.00987	0.00740	0.00411	0.01316
113	0.02034	0.02584	0.19768	0.12111	0.23354	0.04502	0.02329	0.09566	0.07525	0.02953	0.01771	0.02097	0.01355	0.00842	0.00806	0.00255	0.01029	0.00718	0.03183	0.01217
114	0.01176	0.00849	0.01110	0.01045	0.01241	0.00784	0.00784	0.01568	0.02352	0.03331	0.65184	0.06206	0.07839	0.01698	0.00980	0.00261	0.00392	0.01502	0.00914	0.00784
115	0.02056	0.01974	0.03372	0.05099	0.65622	0.01974	0.02550	0.02550	0.01892	0.02714	0.01563	0.02056	0.01316	0.00740	0.00822	0.00247	0.00987	0.00740	0.00411	0.01316
116	0.02539	0.02474	0.02740	0.13645	0.23231	0.17988	0.02012	0.19475	0.02528	0.03158	0.01602	0.01929	0.01250	0.00854	0.00808	0.00244	0.01110	0.00692	0.00526	0.01195
117	0.01019	0.00817	0.00914	0.00971	0.01183	0.00712	0.00714	0.01230	0.01837	0.02275	0.09796	0.24194	0.43704	0.02226	0.01011	0.00300	0.00455	0.05162	0.00778	0.00702
118	0.01012	0.00723	0.00964	0.01157	0.01205	0.00675	0.00771	0.01157	0.01591	0.02121	0.04579	0.70262	0.05495	0.02603	0.01060	0.00337	0.00482	0.02362	0.00771	0.00675
119	0.01208	0.00805	0.00906	0.00906	0.00906	0.00805	0.00503	0.01208	0.01208	0.01611	0.02618	0.05436	0.03020	0.70804	0.04228	0.00805	0.00805	0.01208	0.00503	0.00503
120	0.01745	0.06262	0.20504	0.12826	0.12492	0.01905	0.18829	0.02380	0.01794	0.02481	0.01875	0.09576	0.01648	0.00961	0.00868	0.00271	0.01122	0.00935	0.00428	0.01095
121	0.01015	0.00843	0.00888	0.00877	0.01143	0.00716	0.00658	0.01257	0.01973	0.02433	0.18254	0.07685	0.55329	0.02034	0.00981	0.00277	0.00416	0.01710	0.00796	0.00716
122	0.01187	0.00890	0.01335	0.01335	0.01483	0.01038	0.01038	0.01483	0.01335	0.01928	0.02225	0.03264	0.02077	0.06231	0.67512	0.01335	0.02225	0.00890	0.00445	0.00742
123	0.00995	0.00789	0.00896	0.00982	0.01159	0.00690	0.00693	0.01176	0.01759	0.02189	0.06710	0.35672	0.38709	0.02326	0.01017	0.00306	0.00448	0.02024	0.00771	0.00690
124	0.02856	0.03351	0.02377	0.02210	0.05372	0.48517	0.01632	0.09684	0.02364	0.02411	0.01411	0.01699	0.01175	0.01203	0.04514	0.00292	0.06848	0.00602	0.00468	0.01013
125	0.02056	0.01974	0.03372	0.05099	0.65622	0.01974	0.02550	0.02550	0.01892	0.02714	0.01563	0.02056	0.01316	0.00740	0.00822	0.00247	0.00987	0.00740	0.00411	0.01316
126	0.02141	0.40699	0.22190	0.01890	0.02728	0.09790	0.05344	0.02629	0.01795	0.02199	0.01296	0.01524	0.01073	0.00749	0.00656	0.00212	0.01082	0.00533	0.00366	0.01105
127	0.01792	0.01699	0.01667	0.01566	0.01824	0.15798	0.01214	0.07609	0.01799	0.02260	0.01997	0.02757	0.01793	0.04560	0.46605	0.00987	0.01943	0.00799	0.00477	0.00853
128	0.01716	0.08187	0.59402	0.02374	0.03549	0.02020	0.06244	0.02624	0.01761	0.02592	0.01481	0.01756	0.01065	0.00780	0.00784	0.00259	0.01217	0.00624	0.00355	0.01212
129	0.01187	0.00890	0.01335	0.01335	0.01483	0.01038	0.01038	0.01483	0.01335	0.01928	0.02225	0.03264	0.02077	0.06231	0.67512	0.01335	0.02225	0.00890	0.00445	0.00742
130	0.01245	0.04434	0.01366	0.01218	0.01352	0.01086	0.00906	0.01456	0.01317	0.01840	0.02282	0.03783	0.02294	0.24295	0.46140	0.01126	0.01754	0.00958	0.00457	0.00690
131	0.02190	0.67553	0.07832	0.01474	0.02214	0.03211	0.01514	0.02496	0.01692	0.01992	0.01174	0.01356	0.01065	0.00715	0.00547	0.00182	0.00907	0.00454	0.00355	0.01075
132	0.02126	0.02238	0.03579	0.06869	0.37013	0.09273	0.18688	0.02720	0.04378	0.02629	0.01631	0.02092	0.01312	0.00761	0.00858	0.00255	0.01148	0.00790	0.00431	0.01207
133	0.01309	0.00976	0.01244	0.01220	0.01446	0.00963	0.00961	0.01916	0.09111	0.03167	0.45346	0.06537	0.06597	0.01762	0.01001	0.00289	0.00501	0.13939	0.00875	0.00839
134	0.02297	0.65470	0.04180	0.01484	0.02170	0.08848	0.01437	0.02559	0.01746	0.01961	0.01166	0.01347	0.01066	0.00723	0.00552	0.00181	0.00941	0.00452	0.00362	0.01057
135	0.01764	0.01748	0.02530	0.02157	0.02206	0.02385	0.04287	0.01979	0.01307	0.02020	0.01222	0.01971	0.01190	0.01871	0.08730	0.00451	0.60154	0.00753	0.00374	0.00902
136	0.03045	0.03290	0.02363	0.02036	0.02541	0.42400	0.01576	0.22047	0.07318	0.03141	0.01659	0.01770	0.01284	0.00920	0.00782	0.00230	0.01254	0.00631	0.00585	0.01129
137	0.01803	0.02179	0.18926	0.01609	0.02224	0.01580	0.01590	0.16790	0.05876	0.03426	0.19680	0.04133	0.14070	0.01324	0.00886	0.00263	0.00761	0.01094	0.00715	0.01070
138	0.01070	0.00845	0.00964	0.00934	0.01176	0.00739	0.00701	0.01363	0.02102	0.02740	0.34309	0.07179	0.39082	0.01919	0.00981	0.00272	0.00408	0.01639	0.00837	0.00739
139	0.01034	0.00844	0.00913	0.00896	0.01154	0.00723	0.00672	0.01293	0.02016	0.02535	0.23595	0.07516	0.49924	0.01995	0.00981	0.00275	0.00413	0.01686	0.00810	0.00723
140	0.03103	0.03959	0.02354	0.02140	0.02568	0.67469	0.01605	0.03317	0.02354	0.02033	0.01284	0.01498	0.01070	0.00856	0.00749	0.00214	0.01498	0.00535	0.00428	0.00963
141	0.01840	0.01753	0.02982	0.33340	0.39070	0.01917	0.02442	0.02360	0.01789	0.02452	0.01524	0.02126	0.01223	0.00780	0.00826	0.00260	0.01040	0.00739	0.00393	0.01142
142	0.01047	0.00763	0.00987	0.01102	0.01206	0.00702	0.00761	0.01255	0.01794	0.02412	0.18945	0.49785	0.11473	0.02348	0.01035	0.00315	0.00456	0.02108	0.00804	0.00702
143	0.02066	0.01785	0.01878	0.01691	0.02160	0.02066	0.01315	0.04414	0.64121	0.03475	0.03381	0.03099	0.02536	0.01127	0.00845	0.00282	0.00657	0.00939	0.00845	0.01315
144	0.01021	0.00730	0.00972	0.01151	0.01207	0.00681	0.00772	0.01179	0.01632	0.02187	0.07901	0.66751	0.05623	0.02553	0.01056	0.00333	0.00477	0.02315	0.00779	0.00681
145	0.01678	0.04212	0.63950	0.02415	0.03626	0.01936	0.05534	0.02632	0.01762	0.02632	0.01499	0.01774	0.01061	0.00786	0.00797	0.00264	0.01235	0.00629	0.00354	0.01223
146	0.03561	0.01565	0.02007	0.01552	0.02189	0.01460	0.01278	0.12581	0.05727	0.54193	0.03097	0.02721	0.01988	0.01029	0.00835	0.00257	0.00734	0.00828	0.00990	0.01409
147	0.01665	0.01593	0.02252	0.01976	0.02012	0.02180	0.01629	0.01874	0.01287	0.01982	0.01365	0.02168	0.01329	0.02611	0.18421	0.00599	0.53039	0.00767	0.00383	0.00868
148	0.02354	0.54590	0.07688	0.01614	0.02302	0.15321	0.01555	0.02653	0.01818	0.02010	0.01199	0.01389	0.01066	0.00743	0.00589	0.00190	0.01024	0.00471	0.00369	0.01056
149	0.01208	0.00805	0.00906	0.00906	0.00906	0.00805	0.00503	0.01208	0.01208	0.01611	0.02618	0.05436	0.03020	0.70804	0.04228	0.00805	0.00805	0.01208	0.00503	0.00503
150	0.03399	0.01940	0.02253	0.01728	0.02383	0.02001	0.01427	0.37907	0.03258	0.31096	0.02539	0.02348	0.01686	0.01010	0.00833	0.00253	0.00826	0.00785	0.00915	0.01413
151	0.02470	0.52279	0.03789	0.01625	0.02255	0.21419	0.01473	0.02722	0.01876	0.01977	0.01191	0.01379	0.01067	0.00752	0.00594	0.00188	0.01061	0.00470	0.00376	0.01037
152	0.00982	0.00842	0.00842	0.00842	0.01122	0.00701	0.00631	0.01192	0.01894	0.02244	0.08416	0.07995	0.65285	0.02104	0.00982	0.00281	0.00421	0.01753	0.00771	0.00701
153	0.00982	0.00842	0.00842	0.00842	0.01122	0.00701	0.00631	0.01192	0.01894	0.02244	0.08416	0.07995	0.65285	0.02104	0.00982	0.00281	0.00421	0.01753	0.00771	0.00701
154	0.02208	0.01461	0.01772	0.01290	0.02006	0.01135	0.01042	0.02566	0.01881	0.18088	0.01913	0.01990	0.01431	0.00715	0.00669	0.00156	0.00637	0.00575	0.00622	0.57842
155	0.01187	0.00890	0.01335	0.01335	0.01483	0.01038	0.01038	0.01483	0.01335	0.01928	0.02225	0.03264	0.02077	0.06231	0.67512	0.01335	0.02225	0.00890	0.00445	0.00742
156	0.01187	0.00890	0.01335	0.01335	0.01483	0.01038	0.01038	0.01483	0.01335	0.01928	0.02225	0.03264	0.02077	0.06231	0.67512	0.01335	0.02225	0.00890	0.00445	0.00742
157	0.01001	0.00848	0.00869	0.00879	0.01155	0.00715	0.00670	0.01221	0.01895	0.02257	0.08195	0.08071	0.61959	0.02114	0.00991	0.00286	0.00440	0.04957	0.00771	0.00705
158	0.02989	0.03791	0.02273	0.02070	0.02490	0.63874	0.01553	0.03203	0.02329	0.02045	0.01668	0.01848	0.04528	0.00923	0.00762	0.00218	0.01440	0.00601	0.00447	0.00949
159	0.01723	0.01477	0.01723	0.01230	0.01969	0.01107	0.00984	0.02092	0.01723	0.02707	0.01477	0.01723	0.01230	0.00615	0.00615	0.00123	0.00615	0.00492	0.00492	0.75883
160	0.01149	0.00781	0.00923	0.00981	0.00996	0.00766	0.00584	0.01193	0.01323	0.01764	0.03205	0.24865	0.03762	0.50364	0.03279	0.00665	0.00708	0.01554	0.00584	0.00555
161	0.00992	0.00842	0.00856	0.00853	0.01129	0.00706	0.00639	0.01212	0.01918	0.02303	0.11472	0.07899	0.62192	0.02082	0.00982	0.00279	0.00419	0.01740	0.00779	0.00706
162	0.01569	0.01477	0.02492	0.68808	0.05722	0.01846	0.02307	0.02123	0.01661	0.02123	0.01477	0.02215	0.01107	0.00831	0.00831	0.00277	0.01107	0.00738	0.00369	0.00923
163	0.03103	0.03959	0.02354	0.02140	0.02568	0.67469	0.01605	0.03317	0.02354	0.02033	0.01284	0.01498	0.01070	0.00856	0.00749	0.00214	0.01498	0.00535	0.00428	0.00963
164	0.01173	0.00801	0.00920	0.00938	0.00969	0.00784	0.00555	0.01222	0.01351	0.01797	0.06651	0.12653	0.06981	0.55760	0.03524	0.00695	0.00726	0.01380	0.00570	0.00549
165	0.01208	0.00805	0.00906	0.00906	0.00906	0.00805	0.00503	0.01208	0.01208	0.01611	0.02618	0.05436	0.03020	0.70804	0.04228	0.00805	0.00805	0.01208	0.00503	0.00503
166	0.03158	0.02327	0.02493	0.01911	0.02576	0.02576	0.01579	0.62852	0.03906	0.05236	0.01995	0.01995	0.01413	0.00997	0.00831	0.00249	0.00914	0.00748	0.00831	0.01413
167	0.01003	0.00842	0.00871	0.00864	0.01135	0.00710	0.00648	0.01234	0.01944	0.02365	0.14714	0.07796	0.58911	0.02059	0.00982	0.00278	0.00418	0.01725	0.00787	0.00710
168	0.01019	0.00843	0.00893	0.00880	0.01145	0.00717	0.00660	0.01263	0.01980	0.02450	0.19187	0.07655	0.54385	0.02027	0.00981	0.00277	0.00415	0.01706	0.00799	0.00717
169	0.01097	0.00759	0.00939	0.01048	0.01076	0.00731	0.00655	0.01179	0.01425	0.01900	0.03730	0.42199	0.04423	0.32127	0.02432	0.00540	0.00622	0.01862	0.00655	0.00601
170	0.03103	0.03959	0.02354	0.02140	0.02568	0.67469	0.01605	0.03317	0.02354	0.02033	0.01284	0.01498	0.01070	0.00856	0.00749	0.00214	0.01498	0.00535	0.00428	0.00963
171	0.01208	0.00805	0.00906	0.00906	0.00906	0.00805	0.00503	0.01208	0.01208	0.01611	0.02618	0.05436	0.03020	0.70804	0.04228	0.00805	0.00805	0.01208	0.00503	0.00503
172	0.06026	0.01840	0.02065	0.01622	0.02202	0.01930	0.01327	0.36502	0.03164	0.18942	0.09620	0.02957	0.05755	0.01133	0.00844	0.00254	0.00770	0.00895	0.00870	0.01283
173	0.01187	0.00890	0.01335	0.01335	0.01483	0.01038	0.01038	0.01483	0.01335	0.01928	0.02225	0.03264	0.02077	0.06231	0.67512	0.01335	0.02225	0.00890	0.00445	0.00742
174	0.01076	0.00838	0.00992	0.01076	0.01277	0.00754	0.00824	0.01317	0.01849	0.02324	0.09685	0.23277	0.34787	0.02244	0.01036	0.00315	0.00508	0.14332	0.00778	0.00713
