[name]
unknown

[dist]
# distance from previous block
# <min> <max>
0	16

[block]
# block no. 0 follows, 23 sequences, length 138
# corresponding to MSA columns:
# 16-153
name=unknown_A
#
# <colnr> <probs for GDERKNQSTAVLIFYWHMCP>
#	G	D	E	R	K	N	Q	S	T	A	V	L	I	F	Y	W	H	M	C	P
0	0.01944	0.02382	0.27730	0.02035	0.06685	0.01427	0.02032	0.02538	0.01896	0.15330	0.02772	0.04467	0.02476	0.01314	0.00901	0.00294	0.00929	0.21146	0.00615	0.01087
1	0.05875	0.07623	0.06494	0.02192	0.15647	0.01596	0.04311	0.05502	0.01821	0.15535	0.02094	0.02883	0.01798	0.18800	0.01612	0.00375	0.00857	0.00815	0.00567	0.03603
2	0.18071	0.11008	0.20276	0.02504	0.18741	0.01989	0.01978	0.02699	0.04661	0.08570	0.01607	0.01809	0.01219	0.00782	0.00698	0.00242	0.00905	0.00611	0.00474	0.01154
3	0.19940	0.05208	0.05006	0.01397	0.01886	0.04583	0.01187	0.15550	0.05010	0.07729	0.20868	0.03057	0.03169	0.01103	0.00763	0.00246	0.00693	0.00864	0.00712	0.01029
4	0.08547	0.01603	0.01768	0.01451	0.01908	0.01701	0.01163	0.30672	0.02805	0.03994	0.20352	0.06324	0.03344	0.01453	0.04159	0.00296	0.00749	0.00981	0.00766	0.05964
5	0.24125	0.02315	0.01924	0.04081	0.02265	0.18832	0.01312	0.17230	0.07655	0.05756	0.01647	0.01756	0.01245	0.00857	0.00690	0.00233	0.00921	0.00597	0.00593	0.05968
6	0.01156	0.00828	0.01123	0.01135	0.01219	0.00906	0.00801	0.01328	0.01273	0.01779	0.02463	0.08255	0.02586	0.30505	0.39866	0.01048	0.01544	0.01077	0.00476	0.00633
7	0.13360	0.02054	0.02747	0.06171	0.44157	0.09972	0.02080	0.02519	0.01826	0.02689	0.01542	0.02130	0.01323	0.00805	0.00762	0.00245	0.00970	0.03068	0.00431	0.01147
8	0.01627	0.04197	0.67279	0.02313	0.03512	0.01884	0.02998	0.02570	0.01713	0.02570	0.01456	0.01713	0.01028	0.00771	0.00771	0.00257	0.01199	0.00600	0.00343	0.01199
9	0.01721	0.09442	0.51310	0.02041	0.03048	0.01839	0.02511	0.02494	0.01751	0.05697	0.05752	0.02179	0.01597	0.04118	0.00920	0.00274	0.01074	0.00679	0.00418	0.01134
10	0.00989	0.00706	0.00942	0.01130	0.01177	0.00659	0.00753	0.01130	0.01554	0.02071	0.04472	0.70954	0.05367	0.02542	0.01036	0.00330	0.00471	0.02307	0.00753	0.00659
11	0.01055	0.00815	0.00963	0.00950	0.01161	0.00722	0.00703	0.01342	0.02042	0.02705	0.36383	0.13002	0.31419	0.01906	0.00965	0.00270	0.00403	0.01649	0.00822	0.00722
12	0.02008	0.01928	0.03294	0.04981	0.66422	0.01928	0.02490	0.02490	0.01848	0.02651	0.01526	0.02008	0.01285	0.00723	0.00803	0.00241	0.00964	0.00723	0.00402	0.01285
13	0.01513	0.00756	0.00756	0.00756	0.00945	0.00756	0.00567	0.01891	0.01702	0.03025	0.02647	0.03025	0.02080	0.00945	0.00567	0.00189	0.00378	0.00756	0.75988	0.00756
14	0.27750	0.02525	0.21965	0.01685	0.02452	0.01932	0.01727	0.17155	0.02170	0.11040	0.01666	0.01758	0.01175	0.00840	0.00695	0.00251	0.00874	0.00602	0.00585	0.01155
15	0.02254	0.06189	0.22760	0.02840	0.21014	0.02101	0.02226	0.18540	0.05449	0.06260	0.01760	0.01952	0.01311	0.00833	0.00783	0.00245	0.00985	0.00686	0.00536	0.01275
16	0.08593	0.24811	0.15285	0.02037	0.02824	0.02470	0.14042	0.15524	0.02152	0.02997	0.01465	0.01693	0.01135	0.00771	0.00714	0.00230	0.01013	0.00632	0.00471	0.01139
17	0.01723	0.16121	0.56191	0.02150	0.03260	0.02118	0.02715	0.02545	0.01702	0.02453	0.01398	0.01641	0.01030	0.00757	0.00727	0.00242	0.01141	0.00570	0.00343	0.01171
18	0.01922	0.02958	0.30855	0.03155	0.26584	0.06121	0.02460	0.02635	0.04245	0.05154	0.01948	0.02204	0.04475	0.00844	0.00794	0.00249	0.01048	0.00717	0.00435	0.01199
19	0.01513	0.00756	0.00756	0.00756	0.00945	0.00756	0.00567	0.01891	0.01702	0.03025	0.02647	0.03025	0.02080	0.00945	0.00567	0.00189	0.00378	0.00756	0.75988	0.00756
20	0.01855	0.32660	0.40810	0.01925	0.02912	0.02441	0.02322	0.02511	0.01686	0.02292	0.01318	0.01540	0.01034	0.00739	0.00666	0.00222	0.01060	0.00530	0.00345	0.01133
21	0.01159	0.00869	0.01304	0.01304	0.01449	0.01014	0.01014	0.01449	0.01304	0.01884	0.02173	0.03188	0.02029	0.06086	0.68268	0.01304	0.02173	0.00869	0.00435	0.00724
22	0.02002	0.01945	0.03391	0.04879	0.62388	0.01936	0.06446	0.02497	0.01852	0.02648	0.01534	0.02020	0.01282	0.00720	0.00813	0.00243	0.00990	0.00738	0.00402	0.01273
23	0.02290	0.01878	0.01988	0.01706	0.02213	0.02145	0.01350	0.19432	0.49393	0.03832	0.02958	0.02753	0.02198	0.01069	0.00822	0.00267	0.00706	0.00870	0.00822	0.01309
24	0.02181	0.02361	0.02789	0.20582	0.32598	0.20920	0.02165	0.02599	0.01920	0.02313	0.01427	0.01891	0.01165	0.00778	0.00785	0.00239	0.01137	0.00665	0.00396	0.01089
25	0.00959	0.00822	0.00822	0.00822	0.01096	0.00685	0.00617	0.01165	0.01850	0.02192	0.08220	0.07809	0.66092	0.02055	0.00959	0.00274	0.00411	0.01713	0.00754	0.00685
26	0.02008	0.01928	0.03294	0.04981	0.66422	0.01928	0.02490	0.02490	0.01848	0.02651	0.01526	0.02008	0.01285	0.00723	0.00803	0.00241	0.00964	0.00723	0.00402	0.01285
27	0.01108	0.00828	0.01029	0.00979	0.01188	0.00748	0.00734	0.01453	0.02202	0.03028	0.53699	0.06433	0.20092	0.01743	0.00957	0.00259	0.00389	0.01520	0.00863	0.00748
28	0.02106	0.02111	0.03028	0.06687	0.51654	0.09320	0.02276	0.02714	0.07255	0.02619	0.01644	0.02040	0.01353	0.00771	0.00798	0.00241	0.00996	0.00717	0.00438	0.01233
29	0.00959	0.00822	0.00822	0.00822	0.01096	0.00685	0.00617	0.01165	0.01850	0.02192	0.08220	0.07809	0.66092	0.02055	0.00959	0.00274	0.00411	0.01713	0.00754	0.00685
30	0.77215	0.01569	0.01193	0.01067	0.01569	0.01820	0.00879	0.02385	0.01381	0.03641	0.01130	0.01318	0.00879	0.00753	0.00502	0.00251	0.00628	0.00439	0.00502	0.00879
31	0.03031	0.03867	0.02299	0.02090	0.02508	0.68226	0.01568	0.03240	0.02299	0.01986	0.01254	0.01463	0.01045	0.00836	0.00732	0.00209	0.01463	0.00523	0.00418	0.00941
32	0.03031	0.03867	0.02299	0.02090	0.02508	0.68226	0.01568	0.03240	0.02299	0.01986	0.01254	0.01463	0.01045	0.00836	0.00732	0.00209	0.01463	0.00523	0.00418	0.00941
33	0.01915	0.02189	0.04788	0.03420	0.04241	0.02052	0.63475	0.02599	0.01915	0.02599	0.01642	0.02189	0.01231	0.00684	0.00958	0.00274	0.01368	0.00958	0.00410	0.01094
34	0.01669	0.01582	0.02680	0.51010	0.23044	0.01839	0.02321	0.02193	0.01687	0.02239	0.01466	0.02119	0.01140	0.00786	0.00809	0.00262	0.01048	0.00722	0.00372	0.01012
35	0.00983	0.00823	0.00856	0.00848	0.01111	0.00695	0.00636	0.01212	0.01907	0.02328	0.15633	0.07585	0.58595	0.02004	0.00959	0.00272	0.00407	0.01681	0.00771	0.00695
36	0.01003	0.00717	0.00959	0.01147	0.01200	0.00672	0.00779	0.01155	0.01568	0.02088	0.04464	0.68083	0.05334	0.02528	0.01040	0.00332	0.00484	0.05031	0.00753	0.00663
37	0.00999	0.00710	0.00938	0.01117	0.01161	0.00666	0.00739	0.01133	0.01533	0.02045	0.04369	0.67414	0.05236	0.06259	0.01203	0.00354	0.00488	0.02246	0.00739	0.00650
38	0.00989	0.00706	0.00942	0.01130	0.01177	0.00659	0.00753	0.01130	0.01554	0.02071	0.04472	0.70954	0.05367	0.02542	0.01036	0.00330	0.00471	0.02307	0.00753	0.00659
39	0.01023	0.00776	0.00944	0.01005	0.01162	0.00696	0.00714	0.01251	0.01850	0.02434	0.22569	0.33573	0.24764	0.02148	0.00990	0.00292	0.00428	0.01892	0.00792	0.00696
40	0.01629	0.01541	0.02608	0.56437	0.17930	0.01828	0.02302	0.02158	0.01668	0.02190	0.01459	0.02132	0.01123	0.00793	0.00810	0.00264	0.01058	0.00721	0.00369	0.00979
41	0.01755	0.01747	0.02481	0.07860	0.02424	0.02427	0.01816	0.01963	0.01275	0.01963	0.01097	0.01808	0.01067	0.01368	0.02505	0.00348	0.64140	0.00711	0.00356	0.00889
42	0.01482	0.01284	0.02041	0.02691	0.25611	0.01365	0.01567	0.01815	0.01568	0.02226	0.02358	0.14818	0.02387	0.03085	0.25485	0.00654	0.04875	0.03272	0.00486	0.00931
43	0.02273	0.02431	0.03036	0.04231	0.49855	0.19113	0.02251	0.02685	0.01965	0.02479	0.01456	0.01867	0.01223	0.00752	0.00785	0.00233	0.01093	0.00671	0.00406	0.01196
44	0.01862	0.24430	0.45091	0.02025	0.03033	0.05708	0.02443	0.02563	0.01724	0.02342	0.01348	0.01577	0.01033	0.00751	0.00694	0.00230	0.01114	0.00546	0.00348	0.01139
45	0.01627	0.04197	0.67279	0.02313	0.03512	0.01884	0.02998	0.02570	0.01713	0.02570	0.01456	0.01713	0.01028	0.00771	0.00771	0.00257	0.01199	0.00600	0.00343	0.01199
46	0.01166	0.00842	0.01165	0.01165	0.01262	0.00939	0.00841	0.01360	0.01263	0.01781	0.02301	0.03892	0.02334	0.27792	0.46980	0.01132	0.01713	0.00972	0.00454	0.00647
47	0.01159	0.00869	0.01304	0.01304	0.01449	0.01014	0.01014	0.01449	0.01304	0.01884	0.02173	0.03188	0.02029	0.06086	0.68268	0.01304	0.02173	0.00869	0.00435	0.00724
48	0.01034	0.00742	0.00983	0.01099	0.01187	0.00690	0.00757	0.01245	0.01767	0.02411	0.22125	0.52333	0.06024	0.02289	0.01013	0.00308	0.00446	0.02066	0.00793	0.00690
49	0.01020	0.00824	0.00907	0.00886	0.01133	0.00711	0.00665	0.01283	0.01994	0.02534	0.26818	0.07246	0.47281	0.01927	0.00958	0.00268	0.00402	0.01634	0.00798	0.00711
50	0.00992	0.00731	0.00930	0.01074	0.01166	0.00669	0.00732	0.01157	0.01641	0.02155	0.08392	0.57303	0.15253	0.02416	0.01019	0.00317	0.00456	0.02166	0.00761	0.00669
51	0.01775	0.01775	0.02485	0.02130	0.02130	0.02485	0.01775	0.01953	0.01243	0.01953	0.01065	0.01775	0.01065	0.01420	0.02663	0.00355	0.69998	0.00710	0.00355	0.00888
52	0.01899	0.02140	0.04519	0.03269	0.03994	0.02103	0.56262	0.02524	0.01837	0.02524	0.01574	0.02140	0.01212	0.00770	0.01157	0.00283	0.09391	0.00929	0.00404	0.01070
53	0.01859	0.01825	0.02833	0.10294	0.06167	0.02150	0.15142	0.02811	0.19745	0.02556	0.01899	0.02281	0.01519	0.01063	0.01456	0.00299	0.23704	0.00825	0.00505	0.01068
54	0.02008	0.01928	0.03294	0.04981	0.66422	0.01928	0.02490	0.02490	0.01848	0.02651	0.01526	0.02008	0.01285	0.00723	0.00803	0.00241	0.00964	0.00723	0.00402	0.01285
55	0.01067	0.00750	0.00907	0.01000	0.01046	0.00715	0.00631	0.01154	0.01420	0.01870	0.03978	0.37715	0.09503	0.31772	0.02343	0.00519	0.00600	0.01778	0.00642	0.00590
56	0.00971	0.00822	0.00839	0.00835	0.01103	0.00690	0.00626	0.01188	0.01878	0.02259	0.11859	0.07699	0.62412	0.02030	0.00959	0.00273	0.00409	0.01697	0.00762	0.00690
57	0.01108	0.00828	0.01029	0.00979	0.01188	0.00748	0.00734	0.01453	0.02202	0.03028	0.53702	0.06433	0.20088	0.01743	0.00957	0.00259	0.00389	0.01520	0.00864	0.00748
58	0.19293	0.01421	0.01736	0.01364	0.01965	0.01326	0.01126	0.03621	0.02122	0.53507	0.02761	0.02455	0.01768	0.00951	0.00749	0.00251	0.00677	0.00736	0.00897	0.01274
59	0.01159	0.00869	0.01304	0.01304	0.01449	0.01014	0.01014	0.01449	0.01304	0.01884	0.02173	0.03188	0.02029	0.06086	0.68268	0.01304	0.02173	0.00869	0.00435	0.00724
60	0.01683	0.01442	0.01683	0.01202	0.01923	0.01082	0.00961	0.02043	0.01683	0.02644	0.01442	0.01683	0.01202	0.00601	0.00601	0.00120	0.00601	0.00481	0.00481	0.76444
61	0.01290	0.00928	0.01283	0.01461	0.01652	0.00922	0.01273	0.01655	0.01867	0.02416	0.04493	0.09086	0.07743	0.02232	0.01113	0.00369	0.00730	0.57995	0.00747	0.00744
62	0.01341	0.01124	0.01509	0.18564	0.02482	0.01219	0.01247	0.01987	0.10733	0.02582	0.18765	0.05100	0.17383	0.01788	0.05282	0.00344	0.00750	0.06272	0.00676	0.00851
63	0.01159	0.00869	0.01304	0.01304	0.01449	0.01014	0.01014	0.01449	0.01304	0.01884	0.02173	0.03188	0.02029	0.06086	0.68268	0.01304	0.02173	0.00869	0.00435	0.00724
64	0.01701	0.01614	0.02475	0.37726	0.10998	0.02014	0.02050	0.02338	0.08609	0.02253	0.01563	0.02144	0.01255	0.00989	0.01283	0.00289	0.18562	0.00740	0.00415	0.00983
65	0.13305	0.01905	0.02612	0.06856	0.38441	0.05011	0.01964	0.02835	0.13798	0.02881	0.01788	0.02081	0.01430	0.00809	0.00759	0.00249	0.00881	0.00708	0.00496	0.01189
66	0.00976	0.00789	0.00869	0.00920	0.01125	0.00681	0.00663	0.01172	0.01785	0.02207	0.09836	0.25839	0.45953	0.02176	0.00981	0.00289	0.00427	0.01872	0.00760	0.00681
67	0.03641	0.01381	0.01883	0.01444	0.02071	0.01193	0.01193	0.03954	0.02322	0.66984	0.03201	0.02762	0.02009	0.01004	0.00816	0.00251	0.00690	0.00816	0.01004	0.01381
68	0.01683	0.01442	0.01683	0.01202	0.01923	0.01082	0.00961	0.02043	0.01683	0.02644	0.01442	0.01683	0.01202	0.00601	0.00601	0.00120	0.00601	0.00481	0.00481	0.76444
69	0.01602	0.02526	0.26233	0.02284	0.02947	0.01763	0.17832	0.02182	0.01603	0.02309	0.01771	0.05774	0.01573	0.07568	0.08510	0.00435	0.10823	0.00871	0.00405	0.00991
70	0.01925	0.01842	0.03142	0.16337	0.55719	0.01906	0.02449	0.02417	0.01808	0.02549	0.01511	0.02036	0.01249	0.00739	0.00805	0.00246	0.00985	0.00723	0.00394	0.01218
71	0.03085	0.02273	0.02435	0.01867	0.02516	0.02516	0.01542	0.63716	0.03815	0.05114	0.01948	0.01948	0.01380	0.00974	0.00812	0.00244	0.00893	0.00731	0.00812	0.01380
72	0.01682	0.19154	0.02057	0.01293	0.01687	0.01668	0.01080	0.02388	0.15292	0.05576	0.13859	0.10789	0.12238	0.01455	0.00834	0.00259	0.00620	0.06418	0.00699	0.00952
73	0.01170	0.00828	0.01094	0.01094	0.01166	0.00900	0.00752	0.01314	0.01242	0.01728	0.02366	0.04252	0.02491	0.38878	0.36107	0.01045	0.01478	0.01025	0.00463	0.00608
74	0.02945	0.02020	0.02299	0.01826	0.02321	0.05461	0.01504	0.32338	0.02812	0.20033	0.02045	0.02094	0.01456	0.01070	0.01203	0.00267	0.15572	0.00738	0.00744	0.01253
75	0.01159	0.00869	0.01304	0.01304	0.01449	0.01014	0.01014	0.01449	0.01304	0.01884	0.02173	0.03188	0.02029	0.06086	0.68268	0.01304	0.02173	0.00869	0.00435	0.00724
76	0.02207	0.02115	0.06425	0.04211	0.50207	0.02045	0.02324	0.14916	0.02240	0.03146	0.01608	0.01981	0.01291	0.00776	0.00803	0.00242	0.00962	0.00718	0.00482	0.01300
77	0.11698	0.02953	0.38256	0.01847	0.02761	0.01632	0.02127	0.02762	0.01828	0.16448	0.04976	0.02099	0.01554	0.00853	0.00747	0.00248	0.00947	0.00662	0.00538	0.05062
78	0.01179	0.00792	0.00911	0.00911	0.00921	0.00801	0.00525	0.01197	0.01188	0.01593	0.02533	0.05176	0.02892	0.67365	0.08169	0.00819	0.00874	0.01160	0.00488	0.00506
79	0.01649	0.01215	0.01542	0.01414	0.01673	0.01359	0.01107	0.17271	0.01966	0.02711	0.02333	0.06419	0.02191	0.09588	0.40421	0.00913	0.01606	0.03190	0.00562	0.00871
80	0.20867	0.03528	0.50458	0.01996	0.03017	0.01868	0.02459	0.02523	0.01629	0.02842	0.01373	0.01613	0.00990	0.00766	0.00703	0.00255	0.01054	0.00559	0.00383	0.01118
81	0.01735	0.01591	0.02616	0.08080	0.43811	0.01590	0.02013	0.02152	0.01798	0.02533	0.04554	0.13490	0.02328	0.01125	0.00854	0.00259	0.00846	0.04008	0.00494	0.04124
82	0.77215	0.01569	0.01193	0.01067	0.01569	0.01820	0.00879	0.02385	0.01381	0.03641	0.01130	0.01318	0.00879	0.00753	0.00502	0.00251	0.00628	0.00439	0.00502	0.00879
83	0.01583	0.24248	0.07799	0.01318	0.01775	0.01788	0.01216	0.04875	0.01716	0.02210	0.05528	0.03521	0.14475	0.05936	0.18085	0.00526	0.01116	0.00904	0.00501	0.00882
84	0.30302	0.39031	0.09147	0.01356	0.02027	0.02561	0.01351	0.02426	0.01554	0.02623	0.01160	0.01347	0.00979	0.00724	0.00538	0.00211	0.00809	0.00452	0.00405	0.00995
85	0.02298	0.12827	0.02455	0.02043	0.08375	0.19041	0.01488	0.03582	0.33467	0.02742	0.02285	0.02273	0.01783	0.00936	0.00754	0.00240	0.00916	0.00726	0.00610	0.01161
86	0.01094	0.00815	0.01001	0.01017	0.01144	0.00817	0.00711	0.01254	0.01442	0.01889	0.04226	0.10952	0.20989	0.25516	0.22753	0.00760	0.01080	0.01333	0.00571	0.00633
87	0.01926	0.40250	0.29528	0.01807	0.02661	0.02631	0.02061	0.02456	0.01649	0.02178	0.01256	0.01497	0.01037	0.00771	0.00756	0.00219	0.05355	0.00518	0.00346	0.01095
88	0.01977	0.02109	0.09746	0.01812	0.06181	0.15498	0.04449	0.04580	0.01953	0.07455	0.13537	0.03496	0.02837	0.18963	0.01668	0.00380	0.00945	0.00936	0.00573	0.00907
89	0.01915	0.02189	0.04788	0.03420	0.04241	0.02052	0.63475	0.02599	0.01915	0.02599	0.01642	0.02189	0.01231	0.00684	0.00958	0.00274	0.01368	0.00958	0.00410	0.01094
90	0.03031	0.03867	0.02299	0.02090	0.02508	0.68226	0.01568	0.03240	0.02299	0.01986	0.01254	0.01463	0.01045	0.00836	0.00732	0.00209	0.01463	0.00523	0.00418	0.00941
91	0.01909	0.01879	0.03360	0.16348	0.46283	0.01924	0.11478	0.02431	0.01817	0.02539	0.01528	0.02063	0.01241	0.00733	0.00828	0.00251	0.01045	0.00757	0.00396	0.01188
92	0.01591	0.01507	0.02236	0.33410	0.18697	0.04876	0.01864	0.01997	0.01697	0.02185	0.02460	0.09460	0.07844	0.05528	0.01050	0.00299	0.00932	0.00988	0.00457	0.00925
93	0.77215	0.01569	0.01193	0.01067	0.01569	0.01820	0.00879	0.02385	0.01381	0.03641	0.01130	0.01318	0.00879	0.00753	0.00502	0.00251	0.00628	0.00439	0.00502	0.00879
94	0.02254	0.02412	0.02988	0.04060	0.45983	0.18839	0.02209	0.02646	0.01923	0.02436	0.01427	0.01854	0.01210	0.00797	0.00906	0.00240	0.05569	0.00671	0.00403	0.01172
95	0.01982	0.50871	0.06717	0.18777	0.03041	0.02791	0.01683	0.02345	0.01645	0.01982	0.01223	0.01540	0.01051	0.00728	0.00606	0.00202	0.00938	0.00515	0.00350	0.01013
96	0.01772	0.19473	0.03036	0.41701	0.14579	0.02181	0.02072	0.02232	0.01666	0.02125	0.01376	0.01919	0.01104	0.00767	0.00736	0.00241	0.01008	0.00648	0.00364	0.00999
97	0.01513	0.00756	0.00756	0.00756	0.00945	0.00756	0.00567	0.01891	0.01702	0.03025	0.02647	0.03025	0.02080	0.00945	0.00567	0.00189	0.00378	0.00756	0.75988	0.00756
98	0.01427	0.06159	0.37368	0.01805	0.02532	0.01479	0.02047	0.02042	0.01713	0.02433	0.06523	0.21599	0.02882	0.01408	0.00866	0.00280	0.00901	0.05033	0.00517	0.00985
99	0.18284	0.02089	0.02210	0.11658	0.12926	0.11805	0.01622	0.16931	0.02219	0.03207	0.01801	0.02066	0.04389	0.00921	0.00836	0.00251	0.04504	0.00683	0.00532	0.01066
100	0.01521	0.01235	0.01699	0.01554	0.01725	0.01517	0.01245	0.08840	0.01584	0.02277	0.01900	0.02728	0.01738	0.04449	0.45776	0.00969	0.17124	0.00818	0.00461	0.00837
101	0.02127	0.34867	0.07838	0.02931	0.28215	0.02562	0.01948	0.06323	0.01870	0.02454	0.01362	0.01655	0.01160	0.00728	0.00669	0.00211	0.00930	0.00580	0.00398	0.01172
102	0.01402	0.01040	0.01154	0.01120	0.01248	0.01110	0.00746	0.02010	0.17458	0.02092	0.02859	0.04978	0.02941	0.49077	0.03094	0.00630	0.00747	0.04991	0.00593	0.00710
103	0.02544	0.02543	0.02096	0.01734	0.02272	0.26802	0.01359	0.19920	0.02487	0.03031	0.01577	0.01803	0.01264	0.01262	0.06462	0.00289	0.01143	0.00600	0.00547	0.20265
104	0.02067	0.09233	0.01847	0.01424	0.01817	0.18413	0.01110	0.05085	0.09736	0.07703	0.03890	0.08232	0.19732	0.04971	0.00990	0.00274	0.00821	0.01074	0.00644	0.00936
105	0.01795	0.19548	0.03226	0.02266	0.07865	0.02209	0.14681	0.02140	0.01549	0.02111	0.01494	0.02148	0.01355	0.04630	0.12969	0.00463	0.17465	0.00740	0.00388	0.00961
106	0.01743	0.18616	0.53870	0.02116	0.03208	0.02167	0.02656	0.02540	0.01699	0.02429	0.01386	0.01626	0.01031	0.00755	0.00718	0.00239	0.01129	0.00564	0.00344	0.01166
107	0.02027	0.02188	0.03082	0.33384	0.04418	0.15238	0.19645	0.05782	0.01961	0.02371	0.01489	0.02019	0.01133	0.00789	0.00837	0.00258	0.01230	0.00750	0.00411	0.00990
108	0.01541	0.01502	0.06969	0.01383	0.01772	0.01371	0.01150	0.06455	0.24040	0.02862	0.07609	0.18582	0.18227	0.01625	0.00903	0.00282	0.00602	0.01390	0.00755	0.00982
109	0.02613	0.06850	0.02903	0.02974	0.23738	0.14933	0.04361	0.25503	0.02659	0.03395	0.01611	0.01844	0.01257	0.00835	0.00781	0.00233	0.01043	0.00679	0.00555	0.01232
110	0.01052	0.00826	0.00950	0.00919	0.01153	0.00724	0.00689	0.01344	0.02068	0.02711	0.36463	0.06955	0.37526	0.01861	0.00958	0.00265	0.00397	0.01593	0.00822	0.00724
111	0.01683	0.01442	0.01683	0.01202	0.01923	0.01082	0.00961	0.02043	0.01683	0.02644	0.01442	0.01683	0.01202	0.00601	0.00601	0.00120	0.00601	0.00481	0.00481	0.76444
112	0.01589	0.01398	0.01525	0.01570	0.07174	0.03894	0.01091	0.04952	0.22917	0.02875	0.12884	0.05025	0.26893	0.01484	0.00887	0.00265	0.00591	0.01248	0.00755	0.00983
113	0.01180	0.00787	0.00885	0.00885	0.00885	0.00787	0.00492	0.01180	0.01180	0.01573	0.02557	0.05310	0.02950	0.71483	0.04130	0.00787	0.00787	0.01180	0.00492	0.00492
114	0.01783	0.03257	0.40545	0.03367	0.27337	0.01908	0.05256	0.02541	0.01772	0.02602	0.01490	0.01844	0.01133	0.00749	0.00791	0.00252	0.01117	0.00661	0.00368	0.01228
115	0.61249	0.16547	0.01843	0.01135	0.01678	0.02116	0.00987	0.02395	0.01438	0.03272	0.01129	0.01315	0.00913	0.00741	0.00506	0.00235	0.00679	0.00438	0.00469	0.00913
116	0.01180	0.00787	0.00885	0.00885	0.00885	0.00787	0.00492	0.01180	0.01180	0.01573	0.02557	0.05310	0.02950	0.71483	0.04130	0.00787	0.00787	0.01180	0.00492	0.00492
117	0.03031	0.03867	0.02299	0.02090	0.02508	0.68226	0.01568	0.03240	0.02299	0.01986	0.01254	0.01463	0.01045	0.00836	0.00732	0.00209	0.01463	0.00523	0.00418	0.00941
118	0.02121	0.57180	0.14779	0.01579	0.02345	0.06202	0.01669	0.02493	0.01692	0.02024	0.01190	0.01379	0.01039	0.00714	0.00573	0.00189	0.00953	0.00466	0.00350	0.01063
119	0.01785	0.01698	0.02863	0.28456	0.41073	0.01824	0.02316	0.02276	0.01765	0.02418	0.01807	0.02335	0.04229	0.00817	0.00813	0.00253	0.00981	0.00768	0.00403	0.01117
120	0.08570	0.01833	0.07387	0.01436	0.02125	0.01535	0.01249	0.09152	0.13019	0.03124	0.01797	0.01918	0.01402	0.00757	0.00669	0.00184	0.00693	0.00591	0.00567	0.41991
121	0.01175	0.00808	0.00992	0.00992	0.01029	0.00845	0.00625	0.01248	0.01212	0.01652	0.02459	0.04770	0.02715	0.54837	0.20455	0.00918	0.01140	0.01101	0.00477	0.00551
122	0.02790	0.02079	0.02234	0.01786	0.02378	0.02315	0.01451	0.43637	0.21928	0.07110	0.02402	0.02302	0.01731	0.01013	0.00816	0.00253	0.00810	0.00790	0.00824	0.01352
123	0.01258	0.01036	0.01140	0.01151	0.01412	0.01034	0.00864	0.01991	0.17842	0.02484	0.05813	0.21857	0.31320	0.01941	0.00954	0.00294	0.00506	0.05496	0.00771	0.00835
124	0.01513	0.00756	0.00756	0.00756	0.00945	0.00756	0.00567	0.01891	0.01702	0.03025	0.02647	0.03025	0.02080	0.00945	0.00567	0.00189	0.00378	0.00756	0.75988	0.00756
125	0.01513	0.00756	0.00756	0.00756	0.00945	0.00756	0.00567	0.01891	0.01702	0.03025	0.02647	0.03025	0.02080	0.00945	0.00567	0.00189	0.00378	0.00756	0.75988	0.00756
126	0.03085	0.02273	0.02435	0.01867	0.02516	0.02516	0.01542	0.63716	0.03815	0.05114	0.01948	0.01948	0.01380	0.00974	0.00812	0.00244	0.00893	0.00731	0.00812	0.01380
127	0.01513	0.00756	0.00756	0.00756	0.00945	0.00756	0.00567	0.01891	0.01702	0.03025	0.02647	0.03025	0.02080	0.00945	0.00567	0.00189	0.00378	0.00756	0.75988	0.00756
128	0.01449	0.00883	0.01171	0.01147	0.01332	0.00868	0.00838	0.01666	0.01636	0.11129	0.09822	0.19651	0.09629	0.13542	0.20745	0.00654	0.01023	0.01377	0.00672	0.00767
129	0.02169	0.71972	0.04252	0.01388	0.02083	0.03211	0.01388	0.02430	0.01649	0.01909	0.01128	0.01302	0.01041	0.00694	0.00521	0.00174	0.00868	0.00434	0.00347	0.01041
130	0.01259	0.00980	0.01213	0.01253	0.01425	0.01047	0.00911	0.01893	0.14980	0.02288	0.03787	0.31912	0.07722	0.06515	0.18252	0.00585	0.00952	0.01551	0.00675	0.00802
131	0.01683	0.01442	0.01683	0.01202	0.01923	0.01082	0.00961	0.02043	0.01683	0.02644	0.01442	0.01683	0.01202	0.00601	0.00601	0.00120	0.00601	0.00481	0.00481	0.76444
132	0.01352	0.01170	0.01608	0.01485	0.01600	0.01432	0.01171	0.01569	0.01364	0.01960	0.02598	0.08132	0.08662	0.07899	0.27946	0.00734	0.24292	0.01013	0.00470	0.03543
133	0.02403	0.09946	0.02185	0.01579	0.02097	0.02041	0.01288	0.23417	0.21437	0.10072	0.02952	0.09200	0.05458	0.01189	0.00811	0.00255	0.00729	0.00962	0.00773	0.01207
134	0.01508	0.19089	0.02012	0.01273	0.01540	0.04656	0.01024	0.01725	0.01412	0.01829	0.01946	0.03079	0.01927	0.18382	0.34233	0.00855	0.01513	0.00808	0.00424	0.00766
135	0.05258	0.08661	0.40097	0.01891	0.02867	0.04311	0.02200	0.02442	0.01707	0.02565	0.01404	0.01645	0.01067	0.00723	0.00694	0.00214	0.01004	0.00546	0.00388	0.20315
136	0.02712	0.05906	0.02472	0.02192	0.11145	0.06521	0.01570	0.34552	0.10551	0.07944	0.02069	0.02209	0.01563	0.03790	0.00926	0.00263	0.00891	0.00746	0.00706	0.01273
137	0.01833	0.05304	0.01690	0.01570	0.07207	0.13042	0.01108	0.08077	0.02139	0.05964	0.05156	0.05000	0.35802	0.01491	0.00861	0.00250	0.00731	0.01206	0.00662	0.00907

[dist]
# distance from previous block
# <min> <max>
0	1

[block]
# block no. 1 follows, 23 sequences, length 80
# corresponding to MSA columns:
# 155-234
name=unknown_B
#
# <colnr> <probs for GDERKNQSTAVLIFYWHMCP>
#	G	D	E	R	K	N	Q	S	T	A	V	L	I	F	Y	W	H	M	C	P
0	0.02707	0.02817	0.02092	0.01888	0.02311	0.38159	0.01488	0.14237	0.02492	0.06076	0.02132	0.03254	0.01927	0.01169	0.00834	0.00253	0.01164	0.13403	0.00592	0.01005
1	0.02285	0.14363	0.04903	0.01829	0.06205	0.19884	0.01429	0.02904	0.11325	0.05256	0.01697	0.01827	0.01356	0.00787	0.00685	0.00195	0.00936	0.00583	0.00505	0.21046
2	0.01217	0.00887	0.01087	0.01173	0.04459	0.00788	0.00804	0.01464	0.01904	0.06290	0.18332	0.20442	0.34267	0.01951	0.00959	0.00279	0.00463	0.01688	0.00779	0.00767
3	0.01165	0.00847	0.01193	0.01193	0.01300	0.00954	0.00876	0.01378	0.01271	0.01802	0.02275	0.03750	0.02272	0.23397	0.51290	0.01167	0.01806	0.00952	0.00450	0.00663
4	0.13256	0.02051	0.08761	0.09627	0.18850	0.02035	0.01901	0.12992	0.01977	0.03047	0.01446	0.01825	0.01154	0.00890	0.01044	0.00258	0.11999	0.00653	0.00475	0.05759
5	0.58413	0.05870	0.01514	0.01159	0.01698	0.01785	0.00971	0.02690	0.01579	0.15741	0.01529	0.01595	0.01107	0.00798	0.00564	0.00246	0.00655	0.00512	0.00589	0.00986
6	0.01016	0.00788	0.00908	0.00950	0.01127	0.00699	0.00675	0.01222	0.01805	0.02313	0.17317	0.25292	0.34303	0.06399	0.01176	0.00318	0.00446	0.01804	0.00763	0.00680
7	0.01683	0.01442	0.01683	0.01202	0.01923	0.01082	0.00961	0.02043	0.01683	0.02644	0.01442	0.01683	0.01202	0.00601	0.00601	0.00120	0.00601	0.00481	0.00481	0.76444
8	0.10455	0.05627	0.06085	0.15530	0.20749	0.08455	0.12417	0.02606	0.05707	0.02586	0.01546	0.01951	0.01218	0.00772	0.00776	0.00250	0.01052	0.00703	0.00429	0.01085
9	0.02131	0.06629	0.02416	0.06754	0.18551	0.25547	0.01686	0.02454	0.01840	0.02128	0.01570	0.02091	0.01368	0.02187	0.18619	0.00509	0.01465	0.00672	0.00410	0.00974
10	0.01238	0.00900	0.01178	0.01295	0.01466	0.00878	0.01035	0.04078	0.01888	0.02482	0.10043	0.27807	0.10428	0.02214	0.01052	0.00335	0.00605	0.29567	0.00765	0.00743
11	0.13740	0.05959	0.19043	0.18741	0.07911	0.01770	0.01928	0.02327	0.05576	0.02620	0.04532	0.08789	0.01832	0.01001	0.00764	0.00262	0.00902	0.00827	0.00471	0.01006
12	0.00989	0.00706	0.00942	0.01130	0.01177	0.00659	0.00753	0.01130	0.01554	0.02071	0.04472	0.70954	0.05367	0.02542	0.01036	0.00330	0.00471	0.02307	0.00753	0.00659
13	0.01920	0.27600	0.17980	0.02232	0.02953	0.02503	0.17563	0.02424	0.01663	0.02237	0.01320	0.01697	0.01091	0.00830	0.01045	0.00248	0.12620	0.00649	0.00364	0.01064
14	0.01513	0.00756	0.00756	0.00756	0.00945	0.00756	0.00567	0.01891	0.01702	0.03025	0.02647	0.03025	0.02080	0.00945	0.00567	0.00189	0.00378	0.00756	0.75988	0.00756
15	0.01546	0.01356	0.01784	0.15856	0.05954	0.01214	0.01278	0.01928	0.01710	0.02448	0.02564	0.02996	0.10979	0.00930	0.00729	0.00191	0.00699	0.03009	0.00502	0.42326
16	0.02453	0.29543	0.03002	0.13316	0.02792	0.18808	0.01551	0.02881	0.05792	0.10364	0.01612	0.01783	0.01261	0.00814	0.00680	0.00215	0.01016	0.00584	0.00481	0.01051
17	0.01702	0.24100	0.02591	0.15348	0.06545	0.02001	0.01441	0.02319	0.11063	0.02320	0.05856	0.13385	0.05833	0.01196	0.00770	0.00247	0.00771	0.01001	0.00539	0.00970
18	0.02203	0.24360	0.02618	0.01540	0.02089	0.23384	0.01271	0.02462	0.01858	0.02144	0.01579	0.08256	0.01507	0.00896	0.00660	0.00186	0.00951	0.00658	0.00445	0.20931
19	0.01897	0.02508	0.23052	0.05976	0.02779	0.01819	0.01857	0.08947	0.21691	0.03061	0.02078	0.02169	0.01554	0.00862	0.00760	0.00234	0.00865	0.00695	0.00569	0.16627
20	0.01932	0.01301	0.01498	0.01258	0.01723	0.01217	0.00994	0.07251	0.11915	0.13435	0.04127	0.04191	0.20407	0.01394	0.00970	0.04929	0.00602	0.03274	0.00729	0.16853
21	0.02315	0.09540	0.02185	0.05032	0.05585	0.23164	0.01381	0.10841	0.02288	0.06478	0.06811	0.03353	0.12800	0.01163	0.00803	0.00238	0.00955	0.03477	0.00597	0.00991
22	0.01791	0.08948	0.02523	0.48884	0.04512	0.05437	0.01960	0.07485	0.01825	0.02286	0.01511	0.02207	0.01214	0.05056	0.00976	0.00286	0.01045	0.00709	0.00409	0.00935
23	0.21985	0.20982	0.02923	0.05355	0.26648	0.05053	0.01715	0.02462	0.01680	0.02660	0.01298	0.01616	0.01093	0.00731	0.00644	0.00225	0.00874	0.00561	0.00412	0.01082
24	0.01449	0.01327	0.04155	0.01537	0.04888	0.01115	0.03709	0.01961	0.08237	0.02477	0.02923	0.30985	0.03084	0.01485	0.00839	0.00242	0.00624	0.01330	0.00619	0.27013
25	0.01629	0.01465	0.02279	0.06894	0.23020	0.01616	0.03991	0.02184	0.08152	0.02326	0.02047	0.06099	0.01876	0.06686	0.18830	0.00574	0.07975	0.00897	0.00471	0.00988
26	0.01629	0.01578	0.02648	0.03116	0.29161	0.01587	0.11340	0.02030	0.01768	0.02405	0.03333	0.03650	0.18475	0.01560	0.06504	0.00350	0.06318	0.01032	0.00495	0.01020
27	0.01680	0.10816	0.61124	0.02222	0.03372	0.02014	0.02841	0.02556	0.01707	0.02505	0.01424	0.01673	0.01029	0.00763	0.00746	0.00249	0.01167	0.00583	0.00343	0.01184
28	0.01532	0.01442	0.02434	0.69533	0.05589	0.01803	0.02253	0.02073	0.01622	0.02073	0.01442	0.02163	0.01082	0.00811	0.00811	0.00270	0.01082	0.00721	0.00361	0.00901
29	0.00985	0.00771	0.00896	0.00992	0.01155	0.00682	0.00706	0.01166	0.01710	0.02143	0.06304	0.37795	0.35117	0.02293	0.01001	0.00304	0.00451	0.04102	0.00753	0.00675
30	0.01148	0.00829	0.01085	0.01021	0.01212	0.00766	0.00766	0.01531	0.02297	0.03254	0.65994	0.06061	0.07656	0.01659	0.00957	0.00255	0.00383	0.01467	0.00893	0.00766
31	0.03167	0.02140	0.02353	0.01804	0.02450	0.02319	0.01490	0.54810	0.03593	0.14334	0.02135	0.02069	0.01474	0.00979	0.00812	0.00245	0.00863	0.00743	0.00840	0.01380
32	0.01123	0.00828	0.01049	0.00994	0.01196	0.00755	0.00745	0.01481	0.02236	0.03109	0.58131	0.06299	0.15609	0.01713	0.00957	0.00258	0.00387	0.01501	0.00874	0.00755
33	0.01959	0.01877	0.03204	0.11704	0.60086	0.01915	0.02466	0.02447	0.01824	0.02591	0.01518	0.02024	0.01264	0.00732	0.00804	0.00244	0.00976	0.00723	0.00397	0.01245
34	0.01979	0.01898	0.03241	0.08957	0.62674	0.01920	0.02476	0.02465	0.01834	0.02615	0.01521	0.02018	0.01273	0.00728	0.00804	0.00243	0.00971	0.00723	0.00399	0.01262
35	0.10144	0.01820	0.01994	0.01617	0.02189	0.01964	0.01312	0.24780	0.21559	0.20095	0.02592	0.02416	0.01819	0.00998	0.00787	0.00256	0.00741	0.00780	0.00834	0.01303
36	0.01014	0.00756	0.00943	0.01040	0.01166	0.00686	0.00725	0.01217	0.01767	0.02333	0.17497	0.44059	0.19317	0.02259	0.01003	0.00302	0.00440	0.02008	0.00781	0.00686
37	0.01532	0.01442	0.02434	0.69533	0.05589	0.01803	0.02253	0.02073	0.01622	0.02073	0.01442	0.02163	0.01082	0.00811	0.00811	0.00270	0.01082	0.00721	0.00361	0.00901
38	0.01775	0.01775	0.02485	0.02130	0.02130	0.02485	0.01775	0.01953	0.01243	0.01953	0.01065	0.01775	0.01065	0.01420	0.02663	0.00355	0.69998	0.00710	0.00355	0.00888
39	0.01097	0.00774	0.00950	0.00994	0.01075	0.00734	0.00653	0.01252	0.01624	0.02197	0.19564	0.26843	0.08837	0.27270	0.02132	0.00473	0.00559	0.01649	0.00694	0.00627
40	0.01007	0.00714	0.00936	0.01106	0.01148	0.00672	0.00728	0.01135	0.01517	0.02023	0.04285	0.64543	0.05131	0.09275	0.01338	0.00374	0.00502	0.02197	0.00728	0.00643
41	0.01683	0.01442	0.01683	0.01202	0.01923	0.01082	0.00961	0.02043	0.01683	0.02644	0.01442	0.01683	0.01202	0.00601	0.00601	0.00120	0.00601	0.00481	0.00481	0.76444
42	0.01189	0.00825	0.01055	0.01164	0.01243	0.00816	0.00851	0.01358	0.01514	0.01996	0.03601	0.20188	0.04089	0.31415	0.02369	0.00538	0.00707	0.23820	0.00641	0.00622
43	0.01159	0.00869	0.01304	0.01304	0.01449	0.01014	0.01014	0.01449	0.01304	0.01884	0.02173	0.03188	0.02029	0.06086	0.68268	0.01304	0.02173	0.00869	0.00435	0.00724
44	0.03606	0.01436	0.01917	0.01470	0.02099	0.01275	0.01214	0.07662	0.02415	0.63145	0.03123	0.02711	0.01970	0.01002	0.00816	0.00251	0.00703	0.00811	0.00992	0.01381
45	0.00990	0.00774	0.00902	0.01000	0.01163	0.00685	0.00715	0.01174	0.01712	0.02148	0.06272	0.37369	0.34630	0.02292	0.01003	0.00305	0.00456	0.04980	0.00753	0.00676
46	0.01180	0.00787	0.00885	0.00885	0.00885	0.00787	0.00492	0.01180	0.01180	0.01573	0.02557	0.05310	0.02950	0.71483	0.04130	0.00787	0.00787	0.01180	0.00492	0.00492
47	0.01661	0.01549	0.02572	0.31374	0.26809	0.01766	0.02117	0.02120	0.01632	0.02246	0.01565	0.02244	0.01303	0.01642	0.11486	0.00427	0.05346	0.00744	0.00387	0.01012
48	0.01180	0.00787	0.00885	0.00885	0.00885	0.00787	0.00492	0.01180	0.01180	0.01573	0.02557	0.05310	0.02950	0.71483	0.04130	0.00787	0.00787	0.01180	0.00492	0.00492
49	0.02096	0.01938	0.02876	0.03522	0.34539	0.05824	0.08023	0.11869	0.02190	0.02946	0.02104	0.03318	0.01912	0.01048	0.00875	0.00267	0.00982	0.11981	0.00531	0.01160
50	0.02523	0.02549	0.02562	0.09439	0.19796	0.22929	0.01848	0.16471	0.08568	0.03004	0.01700	0.01938	0.01327	0.00860	0.00786	0.00238	0.01086	0.00680	0.00535	0.01160
51	0.02327	0.38983	0.13042	0.01641	0.02348	0.09946	0.01619	0.02907	0.08558	0.09208	0.01648	0.01724	0.01297	0.00799	0.00647	0.00209	0.00941	0.00562	0.00476	0.01117
52	0.01148	0.00829	0.01085	0.01021	0.01212	0.00766	0.00766	0.01531	0.02297	0.03254	0.65994	0.06061	0.07656	0.01659	0.00957	0.00255	0.00383	0.01467	0.00893	0.00766
53	0.02281	0.02456	0.02988	0.04072	0.46283	0.20205	0.02208	0.02676	0.01948	0.02440	0.01433	0.01849	0.01210	0.00782	0.00857	0.00237	0.03829	0.00667	0.00404	0.01175
54	0.01080	0.00885	0.01020	0.01020	0.01257	0.00853	0.00772	0.01433	0.05602	0.02178	0.06083	0.10179	0.41446	0.03093	0.18773	0.00550	0.00896	0.01477	0.00674	0.00731
55	0.01175	0.00805	0.00978	0.00978	0.01010	0.00837	0.00608	0.01240	0.01208	0.01642	0.02472	0.04838	0.02745	0.56954	0.18379	0.00902	0.01095	0.01111	0.00479	0.00543
56	0.01101	0.00866	0.01007	0.01067	0.01249	0.00820	0.00762	0.01512	0.08332	0.02367	0.11660	0.35615	0.26377	0.02137	0.00980	0.00297	0.00459	0.01874	0.00775	0.00744
57	0.01071	0.00815	0.00914	0.00895	0.01073	0.00735	0.00626	0.01273	0.01800	0.02331	0.23182	0.06650	0.32728	0.20321	0.01798	0.00404	0.00502	0.01502	0.00724	0.00657
58	0.01170	0.00782	0.00888	0.00898	0.00901	0.00780	0.00506	0.01177	0.01200	0.01600	0.02660	0.08867	0.03081	0.67747	0.03962	0.00762	0.00770	0.01241	0.00506	0.00501
59	0.02684	0.03297	0.02274	0.02051	0.02374	0.51919	0.01573	0.02892	0.02042	0.01974	0.01274	0.01625	0.01108	0.01260	0.05145	0.00302	0.14301	0.00578	0.00407	0.00918
60	0.00989	0.00823	0.00864	0.00854	0.01115	0.00698	0.00640	0.01223	0.01921	0.02363	0.17496	0.07528	0.56710	0.01991	0.00959	0.00271	0.00406	0.01673	0.00776	0.00698
61	0.02271	0.02171	0.01958	0.01746	0.02209	0.14408	0.01353	0.07677	0.49589	0.03235	0.02839	0.02671	0.02144	0.01044	0.00807	0.00261	0.00811	0.00832	0.00749	0.01226
62	0.01047	0.00825	0.00944	0.00914	0.01150	0.00722	0.00686	0.01334	0.02057	0.02684	0.34968	0.07000	0.39038	0.01872	0.00958	0.00265	0.00398	0.01599	0.00818	0.00722
63	0.01047	0.00850	0.00945	0.00992	0.01244	0.00748	0.00791	0.01295	0.01854	0.02252	0.07228	0.08149	0.50564	0.02102	0.01000	0.00299	0.00496	0.16691	0.00752	0.00701
64	0.02008	0.01928	0.03294	0.04981	0.66422	0.01928	0.02490	0.02490	0.01848	0.02651	0.01526	0.02008	0.01285	0.00723	0.00803	0.00241	0.00964	0.00723	0.00402	0.01285
65	0.02008	0.01928	0.03294	0.04981	0.66422	0.01928	0.02490	0.02490	0.01848	0.02651	0.01526	0.02008	0.01285	0.00723	0.00803	0.00241	0.00964	0.00723	0.00402	0.01285
66	0.01747	0.03483	0.47133	0.03153	0.23319	0.01898	0.02838	0.02545	0.01755	0.02595	0.01478	0.01806	0.01109	0.00756	0.00781	0.00252	0.01125	0.00638	0.00361	0.01226
67	0.02364	0.05335	0.02933	0.06609	0.38104	0.25996	0.02103	0.02741	0.01994	0.02356	0.01409	0.01790	0.01180	0.00767	0.00767	0.00228	0.01146	0.00639	0.00404	0.01134
68	0.02644	0.15648	0.02682	0.02000	0.06326	0.22211	0.01535	0.19930	0.13564	0.03124	0.01799	0.01875	0.01403	0.00887	0.00735	0.00226	0.01020	0.00645	0.00584	0.01162
69	0.01177	0.00800	0.00952	0.00952	0.00976	0.00823	0.00576	0.01223	0.01200	0.01623	0.02495	0.04969	0.02802	0.60983	0.14428	0.00870	0.01009	0.01130	0.00483	0.00529
70	0.02500	0.01924	0.02022	0.01675	0.02166	0.04887	0.01345	0.42193	0.05598	0.04128	0.02834	0.13727	0.05720	0.01347	0.00868	0.00265	0.00807	0.04044	0.00779	0.01172
71	0.02198	0.42670	0.09711	0.01694	0.04752	0.02677	0.01567	0.05889	0.13621	0.05588	0.01722	0.01794	0.01381	0.00808	0.00642	0.00210	0.00854	0.00585	0.00493	0.01145
72	0.01159	0.00869	0.01304	0.01304	0.01449	0.01014	0.01014	0.01449	0.01304	0.01884	0.02173	0.03188	0.02029	0.06086	0.68268	0.01304	0.02173	0.00869	0.00435	0.00724
73	0.01166	0.00843	0.01172	0.01172	0.01271	0.00943	0.00850	0.01364	0.01265	0.01786	0.02294	0.03856	0.02319	0.26676	0.48074	0.01141	0.01737	0.00967	0.00453	0.00651
74	0.02009	0.02340	0.09889	0.04116	0.39360	0.06042	0.19137	0.02574	0.01881	0.02588	0.01534	0.01995	0.01231	0.00724	0.00838	0.00249	0.01128	0.00763	0.00399	0.01204
75	0.01017	0.00735	0.00969	0.01145	0.01219	0.00687	0.00797	0.01184	0.01601	0.02112	0.04688	0.61221	0.09069	0.02484	0.01039	0.00330	0.00493	0.07789	0.00753	0.00669
76	0.01159	0.00869	0.01304	0.01304	0.01449	0.01014	0.01014	0.01449	0.01304	0.01884	0.02173	0.03188	0.02029	0.06086	0.68268	0.01304	0.02173	0.00869	0.00435	0.00724
77	0.02127	0.02660	0.18870	0.06296	0.30793	0.07128	0.02338	0.11423	0.05306	0.02945	0.01634	0.01942	0.01268	0.00803	0.00792	0.00246	0.01040	0.00688	0.00467	0.01234
78	0.01806	0.22772	0.44265	0.02213	0.05525	0.02262	0.05585	0.02529	0.01711	0.02391	0.01377	0.01634	0.01052	0.00743	0.00712	0.00234	0.01107	0.00576	0.00350	0.01153
79	0.02172	0.02346	0.02864	0.03731	0.39986	0.19363	0.05141	0.02565	0.01971	0.02427	0.02114	0.02440	0.07548	0.00881	0.00807	0.00237	0.01063	0.00778	0.00441	0.01126

[dist]
# distance from previous block
# <min> <max>
2	14

[block]
# block no. 2 follows, 23 sequences, length 22
# corresponding to MSA columns:
# 249-270
name=unknown_C
#
# <colnr> <probs for GDERKNQSTAVLIFYWHMCP>
#	G	D	E	R	K	N	Q	S	T	A	V	L	I	F	Y	W	H	M	C	P
0	0.01424	0.01380	0.01231	0.01335	0.01461	0.15066	0.00927	0.01580	0.01713	0.02053	0.03786	0.56137	0.04445	0.02178	0.00971	0.00304	0.00682	0.01926	0.00682	0.00719
1	0.02015	0.06459	0.39806	0.02116	0.03003	0.16106	0.02338	0.03001	0.12527	0.02558	0.01712	0.01865	0.01277	0.00837	0.00762	0.00246	0.01148	0.00630	0.00441	0.01152
2	0.02481	0.02182	0.02283	0.02419	0.16605	0.14487	0.01585	0.18587	0.10292	0.08302	0.02768	0.02796	0.09526	0.01044	0.00815	0.00245	0.00910	0.00841	0.00655	0.01177
3	0.01565	0.01258	0.01598	0.01603	0.06044	0.01268	0.04157	0.05086	0.16695	0.05320	0.04847	0.16568	0.22772	0.01680	0.00930	0.00287	0.00620	0.06012	0.00742	0.00947
4	0.02475	0.07178	0.02412	0.01837	0.02301	0.05434	0.01510	0.28602	0.19292	0.03660	0.02042	0.02131	0.01569	0.01069	0.01154	0.00267	0.14435	0.00745	0.00674	0.01213
5	0.01218	0.00941	0.01359	0.01327	0.01441	0.01119	0.01018	0.01461	0.01283	0.01851	0.02121	0.03324	0.02056	0.13793	0.54348	0.01154	0.08148	0.00894	0.00435	0.00710
6	0.01639	0.01551	0.02626	0.55116	0.19175	0.01831	0.02306	0.02166	0.01673	0.02202	0.01461	0.02129	0.01127	0.00792	0.00809	0.00264	0.01055	0.00722	0.00370	0.00987
7	0.01350	0.01150	0.01670	0.01560	0.01660	0.01470	0.01250	0.01605	0.01285	0.01905	0.01830	0.02751	0.01730	0.04642	0.47965	0.01010	0.23163	0.00820	0.00410	0.00775
8	0.01148	0.00846	0.01084	0.01072	0.01275	0.00782	0.00836	0.01502	0.02157	0.02956	0.46901	0.06848	0.15805	0.01817	0.00985	0.00278	0.00449	0.11660	0.00848	0.00751
9	0.00981	0.00737	0.00910	0.01048	0.01155	0.00666	0.00717	0.01139	0.01632	0.02103	0.05466	0.54213	0.21466	0.02413	0.01015	0.00315	0.00455	0.02149	0.00753	0.00666
10	0.02412	0.53494	0.03770	0.01515	0.02198	0.03027	0.01429	0.18677	0.02223	0.02759	0.01345	0.01473	0.01131	0.00768	0.00598	0.00192	0.00874	0.00513	0.00470	0.01131
11	0.20942	0.17981	0.37054	0.01799	0.02714	0.02151	0.02117	0.02493	0.01615	0.02701	0.01303	0.01525	0.00993	0.00750	0.00649	0.00238	0.00983	0.00524	0.00384	0.01084
12	0.02717	0.02039	0.02206	0.01740	0.02329	0.02218	0.01413	0.48722	0.09181	0.04532	0.02238	0.07508	0.01786	0.01083	0.00815	0.00244	0.00815	0.00855	0.00784	0.06775
13	0.02297	0.01695	0.02344	0.14081	0.05091	0.01746	0.07556	0.11140	0.15696	0.14520	0.02246	0.02347	0.01628	0.00880	0.00795	0.00239	0.00838	0.00766	0.00661	0.13434
14	0.02082	0.02090	0.03227	0.04334	0.50416	0.07210	0.07785	0.02711	0.07146	0.02655	0.01663	0.02066	0.01361	0.00760	0.00813	0.00244	0.01013	0.00744	0.00439	0.01241
15	0.01879	0.02159	0.15859	0.01686	0.02349	0.01661	0.04021	0.13443	0.08275	0.02996	0.02291	0.02628	0.06177	0.06531	0.01120	0.00269	0.04253	0.00770	0.00557	0.21075
16	0.00993	0.00805	0.00887	0.00944	0.01161	0.00699	0.00702	0.01198	0.01785	0.02184	0.07071	0.22019	0.47653	0.02179	0.00989	0.00294	0.00451	0.06549	0.00753	0.00684
17	0.02213	0.09717	0.14339	0.03437	0.33081	0.18628	0.02240	0.02686	0.01917	0.02397	0.01407	0.01751	0.01156	0.00757	0.00752	0.00229	0.01121	0.00623	0.00390	0.01160
18	0.00977	0.00752	0.00894	0.01007	0.01145	0.00669	0.00699	0.01144	0.01671	0.02119	0.05965	0.45805	0.29552	0.02348	0.01005	0.00307	0.00447	0.02070	0.00753	0.00669
19	0.01403	0.00987	0.01175	0.01113	0.01229	0.01047	0.00753	0.09038	0.01555	0.02109	0.02490	0.07668	0.02668	0.44625	0.17928	0.00812	0.01095	0.01110	0.00532	0.00663
20	0.02141	0.60130	0.12164	0.01539	0.02284	0.06129	0.01601	0.02486	0.01688	0.01997	0.01176	0.01362	0.01040	0.00711	0.00562	0.00186	0.00938	0.00459	0.00350	0.01057
21	0.05117	0.18672	0.15753	0.02251	0.09897	0.27970	0.01885	0.02751	0.01936	0.02239	0.01405	0.01816	0.01195	0.00827	0.00707	0.00222	0.01164	0.02750	0.00400	0.01045

[dist]
# distance from previous block
# <min> <max>
0	1

[block]
