[name]
unknown

[dist]
# distance from previous block
# <min> <max>
0	10

[block]
# block no. 0 follows, 22 sequences, length 23
# corresponding to MSA columns:
# 10-32
name=unknown_A
#
# <colnr> <probs for GDERKNQSTAVLIFYWHMCP>
#	G	D	E	R	K	N	Q	S	T	A	V	L	I	F	Y	W	H	M	C	P
0	0.01075	0.00800	0.01066	0.04209	0.01464	0.00766	0.00896	0.01276	0.01669	0.02181	0.04853	0.52389	0.12014	0.02427	0.01052	0.00334	0.00539	0.09536	0.00752	0.00700
1	0.01443	0.00722	0.01082	0.01082	0.01082	0.00722	0.00722	0.01082	0.01082	0.01443	0.01443	0.02525	0.01443	0.02886	0.03247	0.75830	0.00722	0.00722	0.00361	0.00361
2	0.02020	0.01230	0.01278	0.01108	0.01439	0.01303	0.00873	0.19796	0.02377	0.03724	0.02500	0.02774	0.01919	0.00976	0.00654	0.00210	0.00542	0.00767	0.53548	0.00961
3	0.16952	0.02771	0.27198	0.02087	0.07123	0.01988	0.02018	0.05811	0.19974	0.03220	0.02003	0.02097	0.01489	0.00890	0.00755	0.00266	0.00913	0.00691	0.00554	0.01202
4	0.01548	0.03469	0.50790	0.02050	0.03030	0.01654	0.02520	0.02375	0.01898	0.02799	0.16793	0.02823	0.02683	0.01008	0.00835	0.00263	0.01027	0.00827	0.00486	0.01121
5	0.01002	0.00814	0.00889	0.00931	0.01150	0.00701	0.00675	0.01209	0.01852	0.02289	0.11371	0.22832	0.46997	0.02196	0.01001	0.00293	0.00434	0.01882	0.00781	0.00701
6	0.01008	0.00833	0.00884	0.00892	0.01143	0.00709	0.00661	0.01235	0.01925	0.02367	0.15059	0.12837	0.53387	0.02095	0.00988	0.00283	0.00422	0.01772	0.00789	0.00709
7	0.02413	0.02353	0.02644	0.23840	0.16669	0.16895	0.02017	0.17602	0.02425	0.03000	0.01580	0.01965	0.01218	0.00859	0.00811	0.00250	0.01123	0.00695	0.00506	0.01136
8	0.02112	0.03480	0.30306	0.02417	0.06498	0.19727	0.02345	0.02660	0.01808	0.02323	0.01343	0.01717	0.01081	0.00964	0.01245	0.00273	0.17611	0.00627	0.00378	0.01085
9	0.00986	0.00827	0.00857	0.00881	0.01132	0.00698	0.00649	0.01188	0.01856	0.02229	0.07941	0.15700	0.57886	0.02166	0.00992	0.00288	0.00428	0.01829	0.00771	0.00698
10	0.01839	0.01773	0.03076	0.32723	0.36063	0.01925	0.05875	0.02370	0.01795	0.02454	0.01532	0.02136	0.01222	0.00777	0.00835	0.00262	0.01063	0.00753	0.00393	0.01134
11	0.02804	0.02331	0.02702	0.03274	0.30546	0.17931	0.01924	0.05823	0.02223	0.19391	0.01965	0.02119	0.01455	0.00856	0.00808	0.00242	0.01036	0.00715	0.00597	0.01259
12	0.13548	0.01572	0.02375	0.35109	0.13960	0.01805	0.04420	0.02351	0.05933	0.02594	0.03750	0.02265	0.01457	0.00949	0.00907	0.03873	0.00953	0.00742	0.00452	0.00985
13	0.02037	0.02673	0.18466	0.04233	0.46256	0.06600	0.02608	0.02623	0.01891	0.02646	0.01526	0.01944	0.01235	0.00760	0.00809	0.00248	0.01081	0.00695	0.00398	0.01270
14	0.22834	0.02379	0.01979	0.01832	0.05477	0.24765	0.05582	0.05401	0.02024	0.02776	0.02759	0.02869	0.13972	0.01073	0.00755	0.00247	0.00984	0.00809	0.00539	0.00944
15	0.02414	0.02468	0.02415	0.02359	0.12182	0.21093	0.04203	0.09591	0.14721	0.02937	0.01881	0.02037	0.01480	0.00853	0.00772	0.00221	0.01006	0.00682	0.00565	0.16121
16	0.04779	0.01422	0.01927	0.21052	0.15486	0.04317	0.01561	0.01913	0.01869	0.02460	0.09713	0.04417	0.23223	0.01317	0.00876	0.00267	0.00784	0.01127	0.00572	0.00916
17	0.01767	0.01537	0.01560	0.06241	0.07947	0.13082	0.01197	0.02109	0.01790	0.02502	0.02407	0.08563	0.02177	0.01973	0.11682	0.00415	0.01021	0.03439	0.27735	0.00857
18	0.01922	0.01587	0.02198	0.07238	0.25162	0.01628	0.01627	0.14236	0.02262	0.03116	0.03436	0.03613	0.16793	0.01155	0.00832	0.00251	0.00768	0.00989	0.10095	0.01092
19	0.05352	0.05736	0.11936	0.02981	0.25530	0.14342	0.01959	0.02421	0.01868	0.02461	0.02067	0.15546	0.02039	0.01144	0.00824	0.00258	0.00999	0.00981	0.00480	0.01076
20	0.05776	0.02520	0.02860	0.10942	0.36519	0.22327	0.02153	0.02737	0.01988	0.02485	0.01448	0.01867	0.01197	0.00788	0.00786	0.00240	0.01143	0.00663	0.00417	0.01144
21	0.02168	0.02106	0.01978	0.01999	0.10063	0.16755	0.01369	0.14159	0.07823	0.02965	0.03659	0.06428	0.18305	0.01279	0.00849	0.00248	0.00871	0.01032	0.00649	0.05295
22	0.02214	0.02055	0.07722	0.02624	0.19687	0.01977	0.01756	0.20937	0.13433	0.03452	0.02395	0.02836	0.04126	0.09612	0.01254	0.00325	0.00883	0.00863	0.00635	0.01214

[dist]
# distance from previous block
# <min> <max>
11	28

[block]
# block no. 1 follows, 22 sequences, length 30
# corresponding to MSA columns:
# 61-90
name=unknown_B
#
# <colnr> <probs for GDERKNQSTAVLIFYWHMCP>
#	G	D	E	R	K	N	Q	S	T	A	V	L	I	F	Y	W	H	M	C	P
0	0.02184	0.02449	0.02462	0.29929	0.12945	0.26661	0.01969	0.02578	0.01972	0.02182	0.01860	0.02290	0.05228	0.00909	0.00808	0.00249	0.01194	0.00726	0.00423	0.00981
1	0.02199	0.17233	0.02813	0.09118	0.16696	0.21221	0.01744	0.02536	0.01962	0.02235	0.02189	0.02880	0.06641	0.01024	0.00781	0.00240	0.01062	0.05943	0.00460	0.01021
2	0.02071	0.01482	0.01572	0.01359	0.01684	0.04447	0.01047	0.23133	0.02354	0.03319	0.02240	0.02964	0.01912	0.11679	0.12158	0.04287	0.00995	0.00831	0.19523	0.00943
3	0.01683	0.01484	0.02320	0.05039	0.08198	0.01517	0.14096	0.02560	0.16222	0.02792	0.05827	0.14387	0.02742	0.01460	0.03869	0.00317	0.00857	0.01153	0.09483	0.03995
4	0.01872	0.01706	0.01906	0.04308	0.02108	0.10428	0.03914	0.07113	0.01848	0.02557	0.01928	0.05657	0.01714	0.02173	0.15550	0.00475	0.10418	0.00798	0.10381	0.13147
5	0.06688	0.02575	0.18536	0.01892	0.06506	0.15116	0.01635	0.05232	0.01864	0.02461	0.05029	0.03154	0.04801	0.19137	0.01680	0.00393	0.01029	0.00850	0.00490	0.00934
6	0.02181	0.17602	0.20197	0.02591	0.07236	0.15818	0.17813	0.02745	0.01927	0.02379	0.01431	0.01758	0.01130	0.00760	0.00779	0.00238	0.01242	0.00665	0.00390	0.01117
7	0.01485	0.01150	0.01611	0.18871	0.02549	0.01314	0.01339	0.04566	0.01680	0.02311	0.02628	0.07530	0.02642	0.16322	0.05989	0.00476	0.05576	0.13187	0.07986	0.00786
8	0.02434	0.02505	0.02255	0.02505	0.16817	0.26909	0.01602	0.08096	0.07895	0.02771	0.01877	0.02155	0.01508	0.01113	0.03589	0.00275	0.01100	0.00692	0.12826	0.01076
9	0.01245	0.00825	0.01112	0.01152	0.01292	0.00894	0.00864	0.01534	0.01494	0.02272	0.02838	0.17079	0.02797	0.04110	0.36343	0.00832	0.01386	0.01164	0.20029	0.00736
10	0.01102	0.00846	0.01008	0.00967	0.01196	0.00752	0.00725	0.01424	0.02176	0.02915	0.43461	0.06890	0.29821	0.01854	0.00981	0.00269	0.00403	0.01598	0.00860	0.00752
11	0.02610	0.02928	0.02780	0.06588	0.28088	0.33484	0.02018	0.07002	0.02240	0.02529	0.01454	0.01792	0.01194	0.00818	0.00788	0.00233	0.01234	0.00642	0.00446	0.01134
12	0.01409	0.01216	0.01761	0.01633	0.01729	0.01568	0.01313	0.01665	0.01313	0.01953	0.01826	0.02755	0.01730	0.04550	0.44713	0.00993	0.25824	0.00833	0.00416	0.00801
13	0.00982	0.00842	0.00842	0.00842	0.01122	0.00701	0.00631	0.01192	0.01894	0.02244	0.08416	0.07995	0.65285	0.02104	0.00982	0.00281	0.00421	0.01753	0.00771	0.00701
14	0.01244	0.00974	0.01444	0.01412	0.01546	0.01174	0.01109	0.01530	0.01329	0.01935	0.02123	0.03133	0.01988	0.05799	0.61662	0.01247	0.08281	0.00875	0.00438	0.00757
15	0.02172	0.02212	0.03198	0.07595	0.54626	0.10573	0.02414	0.02631	0.01942	0.02598	0.01522	0.01990	0.01274	0.00760	0.00813	0.00244	0.01060	0.00713	0.00412	0.01252
16	0.02887	0.03549	0.02565	0.02752	0.15611	0.53921	0.01800	0.03158	0.02259	0.02174	0.01342	0.01614	0.01121	0.00832	0.00764	0.00221	0.01392	0.00577	0.00425	0.01036
17	0.01549	0.00774	0.00774	0.00774	0.00968	0.00774	0.00581	0.01936	0.01742	0.03097	0.02710	0.03097	0.02129	0.00968	0.00581	0.00194	0.00387	0.00774	0.75416	0.00774
18	0.01419	0.00986	0.01357	0.21177	0.02439	0.01096	0.01137	0.01772	0.01614	0.02434	0.02577	0.12830	0.02412	0.09562	0.04457	0.00367	0.00755	0.01049	0.29787	0.00771
19	0.01277	0.00997	0.01162	0.01221	0.01408	0.01010	0.00885	0.01903	0.14754	0.02410	0.04811	0.32852	0.15395	0.08974	0.01325	0.00366	0.00566	0.07120	0.00760	0.00805
20	0.01004	0.00755	0.00930	0.01070	0.01182	0.00682	0.00733	0.01166	0.01673	0.02154	0.05629	0.53218	0.21861	0.02466	0.01039	0.00322	0.00465	0.02195	0.00771	0.00682
21	0.01803	0.01876	0.03673	0.02772	0.03336	0.01879	0.39302	0.05225	0.01896	0.02594	0.02233	0.16447	0.02136	0.01205	0.01200	0.00301	0.09371	0.01228	0.00507	0.01016
22	0.02323	0.02480	0.03113	0.04345	0.49558	0.18660	0.02309	0.02745	0.02009	0.02541	0.01492	0.01914	0.01253	0.00770	0.00804	0.00238	0.01117	0.00688	0.00416	0.01226
23	0.01202	0.00829	0.01116	0.01157	0.01291	0.00889	0.00858	0.01463	0.01480	0.02167	0.03134	0.17711	0.06031	0.07558	0.35700	0.00852	0.01386	0.01240	0.13218	0.00719
24	0.01255	0.00858	0.01029	0.01091	0.01172	0.00849	0.00716	0.05174	0.01615	0.02208	0.03599	0.38601	0.04137	0.26296	0.02124	0.00486	0.00617	0.01746	0.05761	0.00669
25	0.01660	0.01596	0.02031	0.19162	0.02804	0.07760	0.01571	0.01931	0.01472	0.01957	0.01660	0.02749	0.01587	0.13782	0.13298	0.00567	0.22363	0.00821	0.00408	0.00820
26	0.01442	0.01266	0.01825	0.01678	0.01766	0.01648	0.01354	0.01692	0.01310	0.01957	0.01766	0.02678	0.01677	0.04296	0.41270	0.00942	0.29388	0.00824	0.00412	0.00809
27	0.01831	0.01736	0.02841	0.04206	0.52092	0.01707	0.02147	0.02265	0.01892	0.02615	0.03000	0.03302	0.14735	0.01026	0.00856	0.00254	0.00868	0.00953	0.00487	0.01187
28	0.02169	0.01629	0.01491	0.01348	0.01711	0.14848	0.01027	0.02421	0.02128	0.18960	0.11760	0.13840	0.20141	0.01584	0.00906	0.00266	0.00726	0.01315	0.00783	0.00948
29	0.01339	0.01123	0.01521	0.01423	0.01562	0.01358	0.01133	0.01593	0.01463	0.02093	0.03249	0.03853	0.15072	0.03713	0.31453	0.00773	0.19885	0.01019	0.05594	0.00781

[dist]
# distance from previous block
# <min> <max>
0	4

[block]
# block no. 2 follows, 22 sequences, length 9
# corresponding to MSA columns:
# 95-103
name=unknown_C
#
# <colnr> <probs for GDERKNQSTAVLIFYWHMCP>
#	G	D	E	R	K	N	Q	S	T	A	V	L	I	F	Y	W	H	M	C	P
0	0.07853	0.02073	0.03041	0.10153	0.49981	0.07591	0.02320	0.02570	0.01874	0.02681	0.01500	0.01968	0.01244	0.00761	0.00793	0.00247	0.01015	0.00700	0.00417	0.01219
1	0.02123	0.02172	0.02724	0.32331	0.22525	0.14909	0.02190	0.06600	0.02018	0.02490	0.01499	0.02011	0.01182	0.00820	0.00812	0.00254	0.01136	0.00699	0.00424	0.01080
2	0.11550	0.01849	0.10116	0.18454	0.17325	0.01674	0.01860	0.05162	0.01870	0.02844	0.05916	0.02809	0.07234	0.00979	0.00784	0.00257	0.00864	0.00822	0.06601	0.01031
3	0.02566	0.02941	0.02876	0.03657	0.34899	0.33887	0.02089	0.02924	0.02117	0.02382	0.01427	0.01784	0.01196	0.00797	0.00787	0.00231	0.01236	0.00640	0.00419	0.01144
4	0.01537	0.01414	0.07254	0.05678	0.09764	0.01203	0.01285	0.05852	0.01826	0.05153	0.05852	0.19965	0.11539	0.16045	0.01615	0.00394	0.00742	0.01382	0.00630	0.00871
5	0.01790	0.02073	0.10047	0.06279	0.15579	0.07596	0.01847	0.02174	0.01748	0.02418	0.11866	0.02887	0.02402	0.07251	0.01660	0.00331	0.19722	0.00868	0.00480	0.00982
6	0.02589	0.07678	0.02831	0.02329	0.10216	0.05731	0.10151	0.15087	0.11375	0.13933	0.02161	0.02231	0.01587	0.00883	0.00806	0.00240	0.00924	0.00763	0.00666	0.07815
7	0.01381	0.01155	0.01597	0.01426	0.01773	0.01035	0.06292	0.01817	0.06756	0.02443	0.03354	0.39539	0.03682	0.01756	0.00911	0.00268	0.00614	0.01599	0.00668	0.21934
8	0.02122	0.01804	0.02127	0.02387	0.16503	0.07333	0.01510	0.21538	0.02471	0.03252	0.02773	0.26744	0.02843	0.01509	0.00905	0.00278	0.00824	0.01314	0.00679	0.01084

[dist]
# distance from previous block
# <min> <max>
17	61

[block]
# block no. 3 follows, 22 sequences, length 9
# corresponding to MSA columns:
# 172-180
name=unknown_D
#
# <colnr> <probs for GDERKNQSTAVLIFYWHMCP>
#	G	D	E	R	K	N	Q	S	T	A	V	L	I	F	Y	W	H	M	C	P
0	0.02112	0.02353	0.13296	0.03445	0.34514	0.08195	0.02163	0.02602	0.01961	0.08613	0.02592	0.02809	0.09772	0.00967	0.00832	0.00252	0.00976	0.00842	0.00509	0.01194
1	0.09385	0.04751	0.05923	0.03017	0.23178	0.10589	0.09800	0.02436	0.01835	0.02553	0.02254	0.02582	0.08858	0.00993	0.01011	0.00262	0.08223	0.00819	0.00458	0.01072
2	0.06476	0.02185	0.17821	0.02402	0.17707	0.01572	0.01825	0.02383	0.07953	0.02726	0.03246	0.03350	0.15877	0.01087	0.00808	0.00248	0.00818	0.00911	0.00537	0.10067
3	0.01592	0.01386	0.01958	0.02335	0.17078	0.01446	0.01497	0.02115	0.07899	0.02519	0.03290	0.15807	0.07856	0.01583	0.01150	0.00297	0.08931	0.12546	0.00615	0.08098
4	0.01981	0.02075	0.02621	0.03159	0.27359	0.15710	0.07841	0.02351	0.01960	0.02469	0.06281	0.17498	0.02613	0.01240	0.00886	0.00264	0.00987	0.01132	0.00529	0.01043
5	0.06965	0.01704	0.01996	0.13250	0.10299	0.05749	0.01490	0.18328	0.02332	0.03269	0.02525	0.10640	0.05479	0.01165	0.00806	0.00257	0.00822	0.00966	0.10918	0.01040
6	0.01750	0.01583	0.01894	0.21896	0.07770	0.07733	0.01500	0.08927	0.02143	0.02749	0.10840	0.03977	0.16845	0.01252	0.00860	0.00259	0.00825	0.01048	0.05213	0.00936
7	0.01971	0.01729	0.09339	0.01408	0.02007	0.01362	0.01260	0.08259	0.10228	0.12494	0.04201	0.04044	0.21389	0.01263	0.00834	0.00242	0.00676	0.01032	0.00721	0.15538
8	0.02046	0.01679	0.02361	0.04927	0.10694	0.01842	0.07412	0.18640	0.02347	0.03318	0.08112	0.09285	0.02427	0.01215	0.01123	0.00273	0.10633	0.01000	0.09593	0.01070

[dist]
# distance from previous block
# <min> <max>
0	2

[block]
# block no. 4 follows, 22 sequences, length 70
# corresponding to MSA columns:
# 183-252
name=unknown_E
#
# <colnr> <probs for GDERKNQSTAVLIFYWHMCP>
#	G	D	E	R	K	N	Q	S	T	A	V	L	I	F	Y	W	H	M	C	P
0	0.01804	0.01381	0.01564	0.01387	0.01720	0.01481	0.01066	0.13937	0.19159	0.03469	0.25589	0.04606	0.04418	0.10501	0.01349	0.00341	0.00634	0.03763	0.00819	0.01009
1	0.02340	0.02606	0.02540	0.04485	0.02589	0.26176	0.05799	0.05241	0.01897	0.02283	0.01298	0.01740	0.01125	0.01048	0.01496	0.00268	0.26717	0.00649	0.00426	0.09275
2	0.02235	0.02232	0.01787	0.01637	0.02047	0.23239	0.01262	0.03191	0.23272	0.06406	0.03808	0.03958	0.15434	0.01307	0.00860	0.00264	0.00894	0.04426	0.00698	0.01043
3	0.06504	0.01021	0.01378	0.14005	0.02099	0.01123	0.01065	0.01649	0.01453	0.05035	0.02571	0.14628	0.02674	0.24546	0.16040	0.00677	0.01094	0.01172	0.00535	0.00732
4	0.16464	0.15878	0.06742	0.03020	0.29710	0.02127	0.01887	0.02694	0.01808	0.10058	0.01597	0.01847	0.01256	0.00776	0.00705	0.00237	0.00884	0.00629	0.00487	0.01193
5	0.02376	0.02495	0.02563	0.02828	0.19390	0.23068	0.01827	0.08787	0.02056	0.02511	0.01465	0.01924	0.01259	0.01403	0.05819	0.03251	0.14791	0.00682	0.00451	0.01056
6	0.02084	0.01729	0.02846	0.04049	0.48326	0.01698	0.02118	0.02542	0.02019	0.09419	0.12306	0.02825	0.02476	0.00929	0.00850	0.00250	0.00859	0.00877	0.00559	0.01238
7	0.01391	0.05901	0.01922	0.01588	0.01795	0.01465	0.04830	0.01694	0.01388	0.01984	0.01962	0.02869	0.01822	0.04859	0.49954	0.01058	0.11442	0.00842	0.00426	0.00810
8	0.02152	0.02203	0.02551	0.12786	0.24680	0.15569	0.01931	0.03024	0.16688	0.02618	0.01964	0.02285	0.01571	0.01208	0.04926	0.00320	0.01109	0.00754	0.00514	0.01149
9	0.01544	0.01200	0.01539	0.18703	0.02569	0.01258	0.01232	0.02194	0.11470	0.07823	0.09280	0.05186	0.29757	0.01505	0.00909	0.00276	0.00658	0.01271	0.00709	0.00918
10	0.02313	0.64300	0.04145	0.01496	0.02178	0.09962	0.01441	0.02574	0.01757	0.01963	0.01168	0.01350	0.01067	0.00726	0.00556	0.00181	0.00952	0.00454	0.00363	0.01055
11	0.01078	0.00779	0.01034	0.01215	0.01307	0.00735	0.00881	0.01277	0.01676	0.02204	0.04778	0.53732	0.09033	0.02508	0.01074	0.00343	0.00537	0.14342	0.00770	0.00695
12	0.01097	0.00844	0.01015	0.01065	0.01271	0.00762	0.00817	0.01371	0.01957	0.02528	0.20682	0.18055	0.30911	0.02123	0.01024	0.00303	0.00485	0.12159	0.00805	0.00728
13	0.01063	0.00804	0.00906	0.00948	0.01092	0.00729	0.00640	0.01214	0.01668	0.02118	0.09810	0.21959	0.30362	0.20748	0.01877	0.00434	0.00537	0.01733	0.00709	0.00647
14	0.01789	0.01517	0.01627	0.01482	0.01883	0.01690	0.01145	0.03556	0.46429	0.03303	0.14159	0.04203	0.11001	0.01339	0.00884	0.00278	0.00585	0.01130	0.00848	0.01153
15	0.02000	0.02180	0.06508	0.04307	0.36901	0.02027	0.28330	0.02601	0.01916	0.02688	0.01610	0.02123	0.01282	0.00725	0.00889	0.00262	0.01174	0.00838	0.00413	0.01229
16	0.01676	0.01406	0.01531	0.01464	0.01801	0.01558	0.01102	0.03221	0.41186	0.02990	0.04194	0.21714	0.09434	0.01621	0.00917	0.00297	0.00587	0.01403	0.00818	0.01082
17	0.00996	0.00786	0.00899	0.00990	0.01161	0.00689	0.00697	0.01176	0.01751	0.02186	0.06610	0.37296	0.37149	0.02339	0.01019	0.00307	0.00450	0.02040	0.00771	0.00689
18	0.01010	0.00843	0.00881	0.00872	0.01140	0.00713	0.00654	0.01248	0.01961	0.02405	0.16797	0.07731	0.56803	0.02044	0.00982	0.00278	0.00417	0.01716	0.00793	0.00713
19	0.01012	0.00723	0.00964	0.01157	0.01205	0.00675	0.00771	0.01157	0.01591	0.02121	0.04579	0.70262	0.05495	0.02603	0.01060	0.00337	0.00482	0.02362	0.00771	0.00675
20	0.02059	0.01759	0.01851	0.01655	0.02123	0.02016	0.01290	0.06982	0.57920	0.03491	0.03589	0.03313	0.05887	0.01174	0.00852	0.00280	0.00657	0.00974	0.00841	0.01286
21	0.01032	0.00731	0.00958	0.01131	0.01174	0.00688	0.00743	0.01162	0.01551	0.02068	0.04376	0.63565	0.05239	0.09649	0.01388	0.00386	0.00515	0.02242	0.00743	0.00657
22	0.01208	0.00805	0.00906	0.00906	0.00906	0.00805	0.00503	0.01208	0.01208	0.01611	0.02618	0.05436	0.03020	0.70804	0.04228	0.00805	0.00805	0.01208	0.00503	0.00503
23	0.01870	0.28906	0.43676	0.02020	0.03058	0.02428	0.02464	0.02578	0.01730	0.02382	0.01367	0.01599	0.01057	0.00760	0.00695	0.00232	0.01103	0.00552	0.00352	0.01168
24	0.01815	0.01560	0.01765	0.01355	0.02020	0.01366	0.01074	0.02719	0.18575	0.02914	0.01991	0.02094	0.01583	0.00753	0.00677	0.00166	0.00627	0.00613	0.00588	0.55744
25	0.02462	0.02136	0.09413	0.01973	0.02619	0.01922	0.11408	0.27232	0.02642	0.09971	0.02094	0.02645	0.01669	0.12394	0.01399	0.00341	0.00972	0.00842	0.00660	0.05205
26	0.01012	0.00723	0.00964	0.01157	0.01205	0.00675	0.00771	0.01157	0.01591	0.02121	0.04579	0.70262	0.05495	0.02603	0.01060	0.00337	0.00482	0.02362	0.00771	0.00675
27	0.01012	0.00723	0.00964	0.01157	0.01205	0.00675	0.00771	0.01157	0.01591	0.02121	0.04579	0.70262	0.05495	0.02603	0.01060	0.00337	0.00482	0.02362	0.00771	0.00675
28	0.02056	0.01974	0.03372	0.05099	0.65622	0.01974	0.02550	0.02550	0.01892	0.02714	0.01563	0.02056	0.01316	0.00740	0.00822	0.00247	0.00987	0.00740	0.00411	0.01316
29	0.01014	0.00843	0.00886	0.00875	0.01142	0.00715	0.00656	0.01254	0.01969	0.02423	0.17756	0.07701	0.55834	0.02037	0.00982	0.00277	0.00416	0.01712	0.00795	0.00715
30	0.03158	0.02327	0.02493	0.01911	0.02576	0.02576	0.01579	0.62852	0.03906	0.05236	0.01995	0.01995	0.01413	0.00997	0.00831	0.00249	0.00914	0.00748	0.00831	0.01413
31	0.01012	0.00723	0.00964	0.01157	0.01205	0.00675	0.00771	0.01157	0.01591	0.02121	0.04579	0.70262	0.05495	0.02603	0.01060	0.00337	0.00482	0.02362	0.00771	0.00675
32	0.02056	0.01974	0.03372	0.05099	0.65622	0.01974	0.02550	0.02550	0.01892	0.02714	0.01563	0.02056	0.01316	0.00740	0.00822	0.00247	0.00987	0.00740	0.00411	0.01316
33	0.01239	0.00917	0.01235	0.01210	0.01285	0.01042	0.00864	0.01401	0.01277	0.01798	0.02315	0.04091	0.02411	0.33411	0.36138	0.01043	0.06193	0.01014	0.00464	0.00652
34	0.01208	0.00805	0.00906	0.00906	0.00906	0.00805	0.00503	0.01208	0.01208	0.01611	0.02618	0.05436	0.03020	0.70804	0.04228	0.00805	0.00805	0.01208	0.00503	0.00503
35	0.03024	0.03827	0.02366	0.02143	0.02544	0.63465	0.01618	0.03236	0.02287	0.02031	0.01272	0.01518	0.01071	0.00893	0.00871	0.00223	0.05678	0.00547	0.00424	0.00960
36	0.01274	0.01037	0.01378	0.01377	0.01401	0.01209	0.00994	0.01396	0.01419	0.01973	0.03196	0.37206	0.03749	0.17622	0.02222	0.00450	0.19136	0.01661	0.00601	0.00699
37	0.01081	0.00772	0.01043	0.01236	0.01314	0.00734	0.00891	0.01276	0.01659	0.02198	0.04541	0.57376	0.05344	0.02538	0.01079	0.00347	0.00542	0.14565	0.00770	0.00694
38	0.01602	0.01320	0.01483	0.01454	0.01796	0.01422	0.01172	0.02871	0.31149	0.02898	0.04805	0.06120	0.17056	0.01704	0.00969	0.00313	0.00639	0.19416	0.00804	0.01009
39	0.01905	0.01020	0.01290	0.01124	0.01479	0.00896	0.00878	0.02228	0.02241	0.22255	0.31517	0.05639	0.21002	0.01599	0.00936	0.00265	0.00496	0.01364	0.00912	0.00955
40	0.03158	0.02327	0.02493	0.01911	0.02576	0.02576	0.01579	0.62852	0.03906	0.05236	0.01995	0.01995	0.01413	0.00997	0.00831	0.00249	0.00914	0.00748	0.00831	0.01413
41	0.00985	0.00829	0.00854	0.00874	0.01131	0.00699	0.00646	0.01189	0.01862	0.02231	0.08019	0.14428	0.59108	0.02155	0.00990	0.00286	0.00427	0.01816	0.00771	0.00699
42	0.01107	0.00845	0.01024	0.01035	0.01245	0.00761	0.00786	0.01408	0.02065	0.02732	0.32437	0.13806	0.27640	0.01998	0.01006	0.00289	0.00450	0.07791	0.00833	0.00741
43	0.03103	0.03959	0.02354	0.02140	0.02568	0.67469	0.01605	0.03317	0.02354	0.02033	0.01284	0.01498	0.01070	0.00856	0.00749	0.00214	0.01498	0.00535	0.00428	0.00963
44	0.01934	0.02332	0.08342	0.03345	0.04151	0.02121	0.54980	0.02614	0.01902	0.02614	0.01629	0.02184	0.01237	0.00757	0.01088	0.00285	0.06020	0.00942	0.00412	0.01112
45	0.00994	0.00793	0.00892	0.00971	0.01156	0.00690	0.00689	0.01178	0.01769	0.02193	0.06835	0.33647	0.40653	0.02309	0.01014	0.00304	0.00446	0.02004	0.00771	0.00690
46	0.01155	0.00783	0.00922	0.00974	0.00987	0.00770	0.00576	0.01194	0.01311	0.01748	0.03147	0.22944	0.03688	0.52385	0.03373	0.00679	0.00718	0.01520	0.00576	0.00550
47	0.01837	0.07266	0.34829	0.02913	0.07147	0.02080	0.26761	0.02630	0.01840	0.02608	0.01551	0.01940	0.01151	0.00746	0.00853	0.00264	0.01264	0.00757	0.00382	0.01180
48	0.01666	0.04297	0.66500	0.02368	0.03596	0.01929	0.03069	0.02631	0.01754	0.02631	0.01491	0.01754	0.01052	0.00789	0.00789	0.00263	0.01228	0.00614	0.00351	0.01228
49	0.18724	0.01287	0.01519	0.01265	0.01750	0.01224	0.01017	0.02951	0.02094	0.34686	0.13812	0.07025	0.06739	0.01236	0.00812	0.00263	0.00610	0.01003	0.00869	0.01113
50	0.01065	0.00745	0.00948	0.01089	0.01124	0.00710	0.00699	0.01171	0.01487	0.01983	0.04049	0.52755	0.04826	0.21022	0.01916	0.00464	0.00569	0.02050	0.00699	0.00628
51	0.01229	0.01020	0.01331	0.01329	0.01403	0.01156	0.00980	0.01385	0.01509	0.02045	0.04043	0.33117	0.13836	0.10083	0.05155	0.00437	0.16924	0.01670	0.00628	0.00719
52	0.01027	0.00734	0.00982	0.01174	0.01229	0.00688	0.00798	0.01183	0.01606	0.02138	0.04570	0.67404	0.05461	0.02588	0.01064	0.00339	0.00495	0.05068	0.00771	0.00679
53	0.03200	0.01949	0.02226	0.01732	0.02353	0.02045	0.01420	0.41082	0.03296	0.23668	0.02546	0.06459	0.01861	0.01106	0.00847	0.00257	0.00824	0.00874	0.00888	0.01368
54	0.02437	0.02277	0.10385	0.09600	0.03200	0.02135	0.10929	0.27009	0.09742	0.07070	0.02175	0.02569	0.01644	0.00991	0.00866	0.00269	0.00999	0.03786	0.00669	0.01248
55	0.01852	0.01936	0.01893	0.01750	0.01939	0.19331	0.01374	0.02099	0.01596	0.01973	0.01706	0.02449	0.01574	0.03663	0.34338	0.00805	0.17704	0.00756	0.00421	0.00841
56	0.02677	0.36531	0.03321	0.01793	0.02357	0.36427	0.01516	0.02916	0.02032	0.01995	0.01222	0.01418	0.01068	0.00786	0.00645	0.00196	0.01203	0.00491	0.00393	0.01013
57	0.01204	0.00880	0.01285	0.01285	0.01426	0.01013	0.00986	0.01487	0.01346	0.01961	0.02270	0.03385	0.02135	0.09832	0.60786	0.01253	0.02059	0.00904	0.03772	0.00729
58	0.20901	0.08759	0.01902	0.01425	0.01812	0.01899	0.01173	0.12566	0.04634	0.03181	0.04671	0.05466	0.01897	0.01928	0.11887	0.00437	0.08031	0.00781	0.05676	0.00974
59	0.01738	0.02436	0.19008	0.01626	0.02111	0.14480	0.01534	0.02217	0.04509	0.02314	0.08984	0.03996	0.06368	0.19979	0.01763	0.00408	0.00984	0.04131	0.00534	0.00881
60	0.19234	0.01493	0.07979	0.01346	0.01759	0.01302	0.01217	0.02115	0.07209	0.02982	0.13662	0.05425	0.12715	0.01552	0.00883	0.00297	0.00663	0.16585	0.00695	0.00886
61	0.17376	0.03105	0.16430	0.01872	0.02526	0.25961	0.01732	0.09123	0.02195	0.07260	0.03980	0.01849	0.01396	0.00883	0.00735	0.00242	0.01111	0.00616	0.00529	0.01080
62	0.01875	0.23917	0.19542	0.02128	0.08952	0.06602	0.05474	0.02372	0.01839	0.02375	0.06423	0.02629	0.07795	0.01158	0.03328	0.00276	0.01031	0.00772	0.00450	0.01063
63	0.01982	0.05006	0.03438	0.17420	0.15700	0.05527	0.22639	0.05802	0.04143	0.02704	0.05975	0.02407	0.01720	0.00844	0.00873	0.00262	0.01121	0.00857	0.00476	0.01104
64	0.02223	0.02566	0.08502	0.02965	0.22756	0.18793	0.01960	0.04903	0.10096	0.02592	0.01777	0.02130	0.01456	0.01447	0.07853	0.00365	0.05280	0.00717	0.00482	0.01136
65	0.09800	0.07415	0.32678	0.05867	0.06071	0.12903	0.04934	0.06263	0.01952	0.02738	0.01443	0.01719	0.01086	0.00802	0.00754	0.00249	0.01164	0.00610	0.00416	0.01135
66	0.08721	0.02112	0.06745	0.08099	0.23339	0.08207	0.01848	0.09712	0.06275	0.03023	0.05691	0.02794	0.07922	0.01005	0.00813	0.00255	0.00914	0.00839	0.00555	0.01130
67	0.13811	0.02514	0.14569	0.06176	0.11832	0.15531	0.01779	0.02499	0.01901	0.04888	0.06324	0.07079	0.05619	0.01065	0.00789	0.00256	0.00978	0.00850	0.00518	0.01023
68	0.02320	0.02622	0.15679	0.02189	0.07304	0.10106	0.05079	0.21756	0.06200	0.03387	0.02056	0.06188	0.01704	0.04475	0.00989	0.00281	0.01009	0.00836	0.04655	0.01167
69	0.11529	0.02264	0.13466	0.06025	0.14150	0.06290	0.05388	0.04861	0.06942	0.02754	0.02300	0.02583	0.07696	0.01097	0.01041	0.04257	0.05005	0.00797	0.00496	0.01058

[dist]
# distance from previous block
# <min> <max>
10	47

[block]
# block no. 5 follows, 22 sequences, length 77
# corresponding to MSA columns:
# 300-376
name=unknown_F
#
# <colnr> <probs for GDERKNQSTAVLIFYWHMCP>
#	G	D	E	R	K	N	Q	S	T	A	V	L	I	F	Y	W	H	M	C	P
0	0.02294	0.19414	0.03580	0.07145	0.22100	0.13877	0.11685	0.05809	0.02025	0.02494	0.01449	0.01816	0.01195	0.00766	0.00765	0.00231	0.01123	0.00670	0.00421	0.01142
1	0.02249	0.01664	0.01895	0.01699	0.04497	0.01762	0.01276	0.26830	0.12523	0.06752	0.03260	0.19072	0.06570	0.01449	0.00888	0.00272	0.00717	0.01223	0.00793	0.04611
2	0.01531	0.01343	0.01929	0.19433	0.08760	0.01374	0.01518	0.01907	0.01704	0.02370	0.02643	0.13049	0.06157	0.01294	0.00973	0.00259	0.05297	0.07104	0.00530	0.20826
3	0.01954	0.01614	0.01847	0.01340	0.02067	0.01344	0.01080	0.11895	0.02075	0.03115	0.01560	0.01767	0.01260	0.00677	0.00650	0.00143	0.00663	0.00533	0.00547	0.63868
4	0.02023	0.01628	0.05647	0.01429	0.01890	0.01530	0.01203	0.22678	0.05901	0.06560	0.15688	0.08228	0.14682	0.01427	0.00884	0.00262	0.00660	0.01183	0.05438	0.01060
5	0.01012	0.00723	0.00964	0.01157	0.01205	0.00675	0.00771	0.01157	0.01591	0.02121	0.04579	0.70262	0.05495	0.02603	0.01060	0.00337	0.00482	0.02362	0.00771	0.00675
6	0.01768	0.01723	0.02380	0.02024	0.02115	0.02294	0.01678	0.01978	0.01326	0.02073	0.01203	0.01895	0.01166	0.01653	0.06454	0.00396	0.57590	0.00711	0.00383	0.09190
7	0.00986	0.00825	0.00858	0.00885	0.01133	0.00698	0.00650	0.01187	0.01852	0.02227	0.07889	0.16549	0.57071	0.02172	0.00993	0.00288	0.00429	0.01837	0.00771	0.00698
8	0.01188	0.00885	0.01308	0.01308	0.01448	0.01024	0.01005	0.01466	0.01327	0.01909	0.02250	0.03399	0.02136	0.10247	0.63576	0.01302	0.02137	0.00910	0.00449	0.00727
9	0.02915	0.07981	0.05883	0.02277	0.06192	0.56388	0.01724	0.03187	0.02256	0.02098	0.01303	0.01533	0.01083	0.00837	0.00742	0.00216	0.01418	0.00545	0.00419	0.01003
10	0.01067	0.00782	0.00936	0.01020	0.01116	0.00734	0.00676	0.01194	0.01547	0.02002	0.04860	0.34362	0.19108	0.21332	0.04979	0.00498	0.00636	0.01831	0.00683	0.00637
11	0.00982	0.00842	0.00842	0.00842	0.01122	0.00701	0.00631	0.01192	0.01894	0.02244	0.08416	0.07995	0.65285	0.02104	0.00982	0.00281	0.00421	0.01753	0.00771	0.00701
12	0.02096	0.02095	0.03307	0.08774	0.54919	0.06631	0.04920	0.02582	0.01913	0.02627	0.01542	0.02034	0.01283	0.00752	0.00824	0.00248	0.01048	0.00735	0.00410	0.01258
13	0.02120	0.02095	0.03310	0.04918	0.61767	0.05978	0.02492	0.02596	0.01920	0.02672	0.01546	0.02022	0.01301	0.00747	0.00818	0.00245	0.01018	0.00728	0.00412	0.01294
14	0.01282	0.00832	0.01048	0.01048	0.01155	0.00892	0.00738	0.01495	0.01389	0.02099	0.02481	0.03992	0.02423	0.27809	0.28943	0.00872	0.01279	0.00975	0.18584	0.00665
15	0.02853	0.06330	0.02560	0.06593	0.09893	0.53344	0.01748	0.03122	0.02231	0.02113	0.01322	0.01599	0.01100	0.00835	0.00754	0.00220	0.01391	0.00567	0.00419	0.01005
16	0.01019	0.00843	0.00893	0.00881	0.01145	0.00717	0.00661	0.01264	0.01982	0.02453	0.19323	0.07651	0.54247	0.02026	0.00981	0.00277	0.00415	0.01705	0.00799	0.00717
17	0.02651	0.38457	0.03378	0.01772	0.02345	0.34591	0.01511	0.02892	0.02013	0.01993	0.01218	0.01413	0.01068	0.00782	0.00638	0.00195	0.01186	0.00489	0.00391	0.01016
18	0.01168	0.00972	0.01218	0.01392	0.08472	0.00873	0.00900	0.01471	0.02046	0.02660	0.26580	0.06725	0.38868	0.01814	0.00963	0.00270	0.00475	0.01555	0.00778	0.00799
19	0.01738	0.13004	0.58425	0.02245	0.03405	0.02106	0.02855	0.02612	0.01745	0.02543	0.01447	0.01699	0.01054	0.00779	0.00756	0.00252	0.01184	0.00592	0.00351	0.01207
20	0.01117	0.00855	0.00914	0.00900	0.01154	0.00735	0.00661	0.01328	0.01882	0.04579	0.12593	0.09868	0.50449	0.07764	0.01250	0.00324	0.00463	0.01677	0.00771	0.00717
21	0.01187	0.00890	0.01335	0.01335	0.01483	0.01038	0.01038	0.01483	0.01335	0.01928	0.02225	0.03264	0.02077	0.06231	0.67512	0.01335	0.02225	0.00890	0.00445	0.00742
22	0.01208	0.00805	0.00906	0.00906	0.00906	0.00805	0.00503	0.01208	0.01208	0.01611	0.02618	0.05436	0.03020	0.70804	0.04228	0.00805	0.00805	0.01208	0.00503	0.00503
23	0.01500	0.00784	0.00818	0.00809	0.01003	0.00776	0.00607	0.01888	0.01821	0.03128	0.10828	0.03501	0.02871	0.01063	0.00633	0.00202	0.00388	0.00869	0.65736	0.00776
24	0.01339	0.00956	0.01339	0.01530	0.01721	0.00956	0.01339	0.01721	0.01912	0.02486	0.04399	0.09371	0.04781	0.02295	0.01147	0.00382	0.00765	0.60031	0.00765	0.00765
25	0.00982	0.00842	0.00842	0.00842	0.01122	0.00701	0.00631	0.01192	0.01894	0.02244	0.08416	0.07995	0.65285	0.02104	0.00982	0.00281	0.00421	0.01753	0.00771	0.00701
26	0.01549	0.00774	0.00774	0.00774	0.00968	0.00774	0.00581	0.01936	0.01742	0.03097	0.02710	0.03097	0.02129	0.00968	0.00581	0.00194	0.00387	0.00774	0.75416	0.00774
27	0.01344	0.00885	0.01254	0.01399	0.01535	0.00882	0.01155	0.01532	0.01692	0.02212	0.03695	0.11439	0.04018	0.02457	0.01649	0.18613	0.00737	0.42172	0.00668	0.00662
28	0.03103	0.03959	0.02354	0.02140	0.02568	0.67469	0.01605	0.03317	0.02354	0.02033	0.01284	0.01498	0.01070	0.00856	0.00749	0.00214	0.01498	0.00535	0.00428	0.00963
29	0.02966	0.02549	0.02269	0.01841	0.02396	0.18059	0.01475	0.41704	0.03291	0.04224	0.01902	0.01997	0.01409	0.00960	0.00783	0.00235	0.00997	0.00699	0.09011	0.01233
30	0.00997	0.00836	0.00867	0.00871	0.01135	0.00706	0.00649	0.01217	0.01911	0.02316	0.12269	0.10881	0.58304	0.02099	0.00985	0.00282	0.00422	0.01765	0.00782	0.00706
31	0.01010	0.00731	0.00955	0.01134	0.01199	0.00677	0.00761	0.01159	0.01612	0.02129	0.04852	0.65832	0.09749	0.02567	0.01055	0.00333	0.00478	0.02318	0.00771	0.00677
32	0.01208	0.00805	0.00906	0.00906	0.00906	0.00805	0.00503	0.01208	0.01208	0.01611	0.02618	0.05436	0.03020	0.70804	0.04228	0.00805	0.00805	0.01208	0.00503	0.00503
33	0.02416	0.01611	0.01701	0.01387	0.01835	0.01745	0.01119	0.34767	0.02908	0.04250	0.02324	0.02503	0.01743	0.00984	0.00716	0.00224	0.00671	0.00760	0.35218	0.01118
34	0.02056	0.01974	0.03372	0.05099	0.65622	0.01974	0.02550	0.02550	0.01892	0.02714	0.01563	0.02056	0.01316	0.00740	0.00822	0.00247	0.00987	0.00740	0.00411	0.01316
35	0.01892	0.31546	0.41227	0.01983	0.03000	0.02481	0.02399	0.02573	0.01727	0.02356	0.01354	0.01583	0.01058	0.00757	0.00685	0.00228	0.01090	0.00545	0.00353	0.01162
36	0.01980	0.01455	0.01656	0.01467	0.01815	0.01518	0.01111	0.27480	0.02560	0.03450	0.03175	0.33150	0.03353	0.06032	0.01133	0.00316	0.00694	0.01493	0.00764	0.05399
37	0.01161	0.00785	0.00920	0.00967	0.00978	0.00774	0.00568	0.01196	0.01301	0.01734	0.03092	0.21103	0.03618	0.54322	0.03463	0.00692	0.00727	0.01487	0.00568	0.00545
38	0.01199	0.00840	0.01081	0.01081	0.01141	0.00900	0.00721	0.01320	0.01260	0.01740	0.02458	0.04551	0.02636	0.44504	0.30003	0.01021	0.01384	0.01079	0.00480	0.00600
39	0.02168	0.02376	0.07155	0.04545	0.53583	0.10481	0.02459	0.02654	0.01943	0.02620	0.01522	0.01965	0.01268	0.00758	0.00811	0.00243	0.01068	0.00706	0.00410	0.01265
40	0.02904	0.19833	0.02871	0.01910	0.02465	0.35990	0.01554	0.17766	0.02575	0.02802	0.01428	0.01580	0.01153	0.00856	0.00717	0.00214	0.01207	0.00565	0.00510	0.01099
41	0.02558	0.01656	0.01872	0.01594	0.02115	0.01773	0.01265	0.07759	0.38781	0.21846	0.03552	0.03231	0.05905	0.01146	0.00849	0.00272	0.00674	0.00943	0.00894	0.01315
42	0.00983	0.00837	0.00847	0.00855	0.01126	0.00700	0.00637	0.01191	0.01881	0.02239	0.08253	0.10632	0.62753	0.02125	0.00985	0.00283	0.00423	0.01779	0.00771	0.00700
43	0.02434	0.55029	0.03870	0.01595	0.02238	0.18798	0.01466	0.02688	0.01849	0.01974	0.01186	0.01373	0.01067	0.00746	0.00585	0.00186	0.01036	0.00466	0.00373	0.01041
44	0.01269	0.01011	0.01492	0.01445	0.01574	0.01234	0.01140	0.01550	0.01327	0.01938	0.02078	0.03076	0.01949	0.05610	0.59094	0.01209	0.10939	0.00869	0.00434	0.00763
45	0.01208	0.00805	0.00906	0.00906	0.00906	0.00805	0.00503	0.01208	0.01208	0.01611	0.02618	0.05436	0.03020	0.70804	0.04228	0.00805	0.00805	0.01208	0.00503	0.00503
46	0.01208	0.00805	0.00906	0.00906	0.00906	0.00805	0.00503	0.01208	0.01208	0.01611	0.02618	0.05436	0.03020	0.70804	0.04228	0.00805	0.00805	0.01208	0.00503	0.00503
47	0.02224	0.02293	0.03209	0.04624	0.55496	0.12492	0.02398	0.02673	0.01966	0.02605	0.01518	0.01966	0.01276	0.00759	0.00811	0.00241	0.01069	0.00707	0.00414	0.01259
48	0.01990	0.07707	0.32835	0.02370	0.03238	0.14803	0.13184	0.02653	0.01865	0.02411	0.01533	0.01908	0.01191	0.01296	0.07110	0.00353	0.01385	0.00680	0.00388	0.01101
49	0.01166	0.00842	0.01102	0.01052	0.01239	0.00778	0.00783	0.01544	0.02308	0.03262	0.61727	0.09860	0.07705	0.01750	0.00984	0.00266	0.00397	0.01551	0.00906	0.00778
50	0.01095	0.00758	0.00940	0.01051	0.01079	0.00730	0.00658	0.01178	0.01429	0.01905	0.03751	0.42893	0.04450	0.31397	0.02398	0.00535	0.00619	0.01875	0.00658	0.00602
51	0.02075	0.01610	0.01900	0.01447	0.02067	0.05321	0.04272	0.05834	0.02085	0.11157	0.11970	0.02615	0.02401	0.00884	0.00742	0.00184	0.00704	0.00742	0.00641	0.41350
52	0.02058	0.02033	0.03194	0.13193	0.53917	0.06031	0.02459	0.02542	0.01890	0.02595	0.01534	0.02042	0.01274	0.00759	0.00819	0.00249	0.01034	0.00727	0.00407	0.01243
53	0.03158	0.02327	0.02493	0.01911	0.02576	0.02576	0.01579	0.62852	0.03906	0.05236	0.01995	0.01995	0.01413	0.00997	0.00831	0.00249	0.00914	0.00748	0.00831	0.01413
54	0.02025	0.02243	0.18962	0.01931	0.06810	0.05238	0.01732	0.07883	0.02018	0.12507	0.02920	0.07197	0.09006	0.02112	0.13158	0.00461	0.01163	0.00954	0.00600	0.01081
55	0.01568	0.01437	0.02202	0.01924	0.02087	0.01749	0.08183	0.01863	0.01537	0.02207	0.06003	0.03950	0.02469	0.06555	0.12789	0.00537	0.30082	0.11513	0.00498	0.00847
56	0.02425	0.01032	0.01238	0.01057	0.01432	0.00954	0.00838	0.02786	0.01998	0.28480	0.02938	0.02989	0.02100	0.00992	0.00683	0.00219	0.00516	0.00799	0.45493	0.01032
57	0.01306	0.00924	0.01286	0.01273	0.01443	0.01045	0.00984	0.04085	0.01512	0.02234	0.02426	0.07343	0.02268	0.05087	0.51702	0.01076	0.01818	0.00960	0.10458	0.00770
58	0.21141	0.03257	0.02138	0.02066	0.06242	0.47264	0.01490	0.03054	0.02094	0.02492	0.01270	0.01496	0.01043	0.00828	0.00696	0.00227	0.01256	0.00527	0.00448	0.00969
59	0.01187	0.00890	0.01335	0.01335	0.01483	0.01038	0.01038	0.01483	0.01335	0.01928	0.02225	0.03264	0.02077	0.06231	0.67512	0.01335	0.02225	0.00890	0.00445	0.00742
60	0.01181	0.00807	0.00916	0.00921	0.00955	0.00791	0.00541	0.01226	0.01342	0.01781	0.06799	0.08658	0.07848	0.58703	0.03660	0.00714	0.00739	0.01317	0.00559	0.00542
61	0.02078	0.13137	0.06456	0.04100	0.47132	0.05169	0.02293	0.02538	0.01852	0.02527	0.01507	0.01948	0.01282	0.00957	0.03373	0.00278	0.01055	0.00683	0.00402	0.01233
62	0.25149	0.01786	0.01639	0.04312	0.02068	0.12047	0.01233	0.02791	0.04788	0.15791	0.02679	0.03672	0.04743	0.01216	0.00792	0.00278	0.00828	0.12512	0.00675	0.01000
63	0.01058	0.00845	0.00947	0.00921	0.01169	0.00734	0.00691	0.01339	0.02073	0.02670	0.30642	0.07294	0.42793	0.01945	0.00981	0.00273	0.00409	0.01655	0.00827	0.00734
64	0.01106	0.00821	0.01031	0.01032	0.01212	0.00746	0.00754	0.01413	0.02107	0.02878	0.42089	0.20157	0.17660	0.01964	0.00997	0.00281	0.00416	0.01730	0.00858	0.00746
65	0.01646	0.01709	0.10125	0.12540	0.05265	0.01475	0.01577	0.11729	0.04351	0.02829	0.03834	0.15000	0.15120	0.01556	0.00927	0.00291	0.00796	0.07610	0.00648	0.00971
66	0.04909	0.01857	0.03105	0.18096	0.50720	0.01943	0.02434	0.02457	0.01825	0.02632	0.01529	0.02061	0.01256	0.00760	0.00812	0.00253	0.00998	0.00728	0.00407	0.01218
67	0.01187	0.00890	0.01335	0.01335	0.01483	0.01038	0.01038	0.01483	0.01335	0.01928	0.02225	0.03264	0.02077	0.06231	0.67512	0.01335	0.02225	0.00890	0.00445	0.00742
68	0.01381	0.01787	0.15087	0.01838	0.02326	0.01245	0.13570	0.01874	0.01916	0.02679	0.20751	0.24434	0.04421	0.01596	0.00966	0.00289	0.00791	0.01485	0.00657	0.00907
69	0.02130	0.02590	0.10566	0.03611	0.27779	0.12587	0.14558	0.02633	0.01884	0.02492	0.01472	0.01939	0.01206	0.00849	0.01086	0.00265	0.10055	0.00740	0.00403	0.01157
70	0.07145	0.03039	0.30152	0.02095	0.02847	0.12250	0.07653	0.02453	0.01744	0.02446	0.01629	0.02094	0.01311	0.02106	0.16906	0.00515	0.01486	0.00690	0.00404	0.01035
71	0.01834	0.01981	0.02741	0.06638	0.09957	0.13669	0.19287	0.02238	0.01912	0.02339	0.03071	0.11902	0.12101	0.01530	0.04716	0.00332	0.01124	0.01154	0.00521	0.00954
72	0.06061	0.16844	0.03118	0.03133	0.27797	0.24799	0.01913	0.02796	0.01986	0.02373	0.01364	0.01681	0.01160	0.00776	0.00723	0.00222	0.01126	0.00595	0.00411	0.01123
73	0.11969	0.10982	0.20841	0.01699	0.02446	0.01964	0.01746	0.12268	0.04172	0.12048	0.02114	0.02220	0.03497	0.01189	0.04218	0.00303	0.00961	0.00693	0.03507	0.01163
74	0.02033	0.10786	0.02490	0.05585	0.17479	0.05892	0.01576	0.07578	0.04580	0.02769	0.01782	0.02151	0.01465	0.01139	0.04319	0.00280	0.05165	0.00682	0.12511	0.09740
75	0.01889	0.01610	0.02479	0.06119	0.27735	0.01661	0.04256	0.02527	0.09892	0.06567	0.02492	0.16221	0.02348	0.01230	0.00987	0.00274	0.05002	0.01101	0.00580	0.05031
76	0.05112	0.01456	0.01483	0.01508	0.04280	0.10261	0.01096	0.02100	0.05678	0.02631	0.12430	0.11473	0.03258	0.02181	0.11645	0.00436	0.04966	0.03401	0.13751	0.00854

[dist]
# distance from previous block
# <min> <max>
5	37

[block]
# block no. 6 follows, 22 sequences, length 35
# corresponding to MSA columns:
# 414-448
name=unknown_G
#
# <colnr> <probs for GDERKNQSTAVLIFYWHMCP>
#	G	D	E	R	K	N	Q	S	T	A	V	L	I	F	Y	W	H	M	C	P
0	0.01542	0.01191	0.01609	0.05216	0.01932	0.01398	0.01220	0.02298	0.15160	0.04986	0.02420	0.03072	0.02069	0.04333	0.42865	0.00947	0.05397	0.00881	0.00549	0.00915
1	0.02034	0.01991	0.01826	0.01645	0.01953	0.17665	0.01284	0.02674	0.13840	0.05928	0.06946	0.03591	0.14023	0.01774	0.06971	0.00368	0.12917	0.00980	0.00625	0.00967
2	0.01273	0.00991	0.01449	0.01408	0.01541	0.01199	0.01108	0.01561	0.01345	0.01985	0.02116	0.03093	0.01967	0.05471	0.57395	0.01178	0.09766	0.00867	0.03526	0.00762
3	0.01446	0.00764	0.00811	0.00848	0.01013	0.00755	0.00617	0.01786	0.01713	0.02910	0.03069	0.15982	0.02775	0.01281	0.00673	0.00221	0.00405	0.01079	0.61097	0.00755
4	0.05447	0.00963	0.01093	0.01051	0.01305	0.00954	0.00804	0.04817	0.01921	0.02715	0.15831	0.08263	0.26006	0.02582	0.13668	0.00469	0.00800	0.01331	0.09202	0.00781
5	0.02090	0.02132	0.03641	0.04611	0.49517	0.05376	0.15100	0.02613	0.01930	0.02668	0.01573	0.02066	0.01292	0.00738	0.00852	0.00252	0.01100	0.00780	0.00414	0.01257
6	0.01097	0.00872	0.01002	0.01045	0.01292	0.00777	0.00833	0.01373	0.01950	0.02431	0.13814	0.08151	0.42949	0.02108	0.01025	0.00305	0.00507	0.16954	0.00786	0.00727
7	0.01049	0.00749	0.01007	0.01199	0.01264	0.00707	0.00836	0.01221	0.01627	0.02162	0.04558	0.63346	0.05413	0.02568	0.01070	0.00343	0.00514	0.08912	0.00770	0.00685
8	0.01012	0.00723	0.00964	0.01157	0.01205	0.00675	0.00771	0.01157	0.01591	0.02121	0.04579	0.70262	0.05495	0.02603	0.01060	0.00337	0.00482	0.02362	0.00771	0.00675
9	0.00993	0.00797	0.00887	0.00960	0.01153	0.00691	0.00684	0.01179	0.01780	0.02198	0.06977	0.31339	0.42870	0.02291	0.01011	0.00302	0.00444	0.01981	0.00771	0.00691
10	0.01216	0.00844	0.01103	0.01103	0.01184	0.00914	0.00762	0.01378	0.01297	0.01841	0.02436	0.04280	0.02525	0.36409	0.34095	0.01024	0.01458	0.01034	0.04468	0.00631
11	0.01281	0.00860	0.01189	0.01189	0.01349	0.00969	0.00919	0.01602	0.01441	0.02234	0.02352	0.03220	0.02091	0.04855	0.50022	0.01037	0.01745	0.00860	0.20037	0.00750
12	0.01352	0.01132	0.01651	0.01556	0.01666	0.01432	0.01242	0.01618	0.01319	0.01947	0.01929	0.02886	0.01819	0.04982	0.50582	0.01081	0.19749	0.00847	0.00424	0.00785
13	0.01012	0.00723	0.00964	0.01157	0.01205	0.00675	0.00771	0.01157	0.01591	0.02121	0.04579	0.70262	0.05495	0.02603	0.01060	0.00337	0.00482	0.02362	0.00771	0.00675
14	0.02934	0.02271	0.02321	0.01840	0.02443	0.06029	0.01497	0.48943	0.11573	0.04723	0.02171	0.02165	0.01575	0.01005	0.00816	0.00249	0.00887	0.00762	0.04451	0.01344
15	0.01479	0.01115	0.01546	0.01878	0.13066	0.01068	0.01178	0.01892	0.05303	0.06566	0.14829	0.22414	0.15731	0.01814	0.00971	0.00293	0.00595	0.06609	0.00750	0.00903
