[name]
unknown

[dist]
# distance from previous block
# <min> <max>
0	0

[block]
# block no. 0 follows, 22 sequences, length 32
# corresponding to MSA columns:
# 0-31
name=unknown_A
#
# <colnr> <probs for GDERKNQSTAVLIFYWHMCP>
#	G	D	E	R	K	N	Q	S	T	A	V	L	I	F	Y	W	H	M	C	P
0	0.01339	0.00956	0.01339	0.01530	0.01721	0.00956	0.01339	0.01721	0.01912	0.02486	0.04399	0.09371	0.04781	0.02295	0.01147	0.00382	0.00765	0.60031	0.00765	0.00765
1	0.01554	0.01217	0.01436	0.01316	0.01664	0.01149	0.00976	0.08679	0.08319	0.02769	0.03324	0.37091	0.03575	0.01731	0.00892	0.00264	0.00585	0.01527	0.00710	0.21222
2	0.01899	0.01740	0.01570	0.01394	0.01797	0.10965	0.01081	0.13446	0.13838	0.03048	0.08274	0.04954	0.29638	0.01518	0.00895	0.00264	0.00710	0.01229	0.00754	0.00988
3	0.01684	0.04190	0.63582	0.02494	0.06462	0.01931	0.03045	0.02627	0.01760	0.02635	0.01494	0.01768	0.01065	0.00787	0.00791	0.00262	0.01217	0.00620	0.00354	0.01232
4	0.02845	0.03377	0.02615	0.02866	0.18293	0.47685	0.01839	0.06292	0.02321	0.02373	0.01391	0.01664	0.01150	0.00835	0.00772	0.00224	0.01340	0.00598	0.00445	0.01075
5	0.05017	0.02476	0.19022	0.12734	0.39381	0.01941	0.02579	0.02509	0.01806	0.02657	0.01516	0.01972	0.01204	0.00766	0.00802	0.00255	0.01049	0.00696	0.00395	0.01224
6	0.02297	0.03245	0.18723	0.03096	0.23264	0.26410	0.02232	0.02790	0.02030	0.02415	0.01778	0.02064	0.04313	0.00863	0.00795	0.00240	0.01211	0.00682	0.00420	0.01131
7	0.01585	0.01376	0.01877	0.02362	0.19878	0.01409	0.01397	0.02414	0.17494	0.02751	0.09074	0.19013	0.12862	0.01547	0.00920	0.00282	0.00654	0.01375	0.00699	0.01032
8	0.01110	0.00847	0.01020	0.00976	0.01201	0.00756	0.00732	0.01441	0.02197	0.02964	0.46002	0.06810	0.27250	0.01835	0.00980	0.00268	0.00402	0.01587	0.00866	0.00756
9	0.02214	0.02092	0.02281	0.11504	0.20639	0.16546	0.01709	0.08715	0.02135	0.02837	0.01821	0.02206	0.01447	0.00862	0.00747	0.00230	0.00961	0.00703	0.19293	0.01058
10	0.02818	0.03374	0.02064	0.01889	0.02274	0.55212	0.01417	0.03063	0.02242	0.02229	0.01546	0.01792	0.01265	0.00877	0.00718	0.00210	0.01294	0.00579	0.14210	0.00928
11	0.04681	0.00914	0.01139	0.01073	0.01274	0.00864	0.00777	0.01729	0.02025	0.08763	0.38926	0.12105	0.05873	0.14389	0.01551	0.00369	0.00517	0.01429	0.00817	0.00785
12	0.01005	0.00838	0.00848	0.00848	0.01100	0.00712	0.00618	0.01194	0.01823	0.02179	0.07819	0.07732	0.58880	0.09171	0.01316	0.00335	0.00460	0.01697	0.00744	0.00681
13	0.01188	0.00886	0.01314	0.01314	0.01455	0.01027	0.01012	0.01470	0.01329	0.01913	0.02245	0.03371	0.02124	0.09428	0.64379	0.01309	0.02155	0.00906	0.00448	0.00730
14	0.01855	0.16004	0.36870	0.02529	0.03547	0.02230	0.20365	0.02613	0.01803	0.02516	0.01485	0.01820	0.01116	0.00749	0.00799	0.00252	0.01216	0.00691	0.00372	0.01166
15	0.01417	0.00808	0.00938	0.00938	0.01099	0.00848	0.00695	0.01740	0.01578	0.02632	0.02571	0.03382	0.02207	0.09559	0.18861	0.00562	0.00922	0.00850	0.47655	0.00738
16	0.02680	0.03254	0.02417	0.02154	0.02441	0.46091	0.01675	0.02883	0.01998	0.02022	0.01220	0.01603	0.01077	0.01053	0.01400	0.00263	0.23818	0.00598	0.00407	0.00945
17	0.26627	0.25336	0.21001	0.01625	0.02403	0.06085	0.01732	0.02561	0.01655	0.02736	0.01259	0.01468	0.01008	0.00761	0.00612	0.00230	0.00939	0.00500	0.00410	0.01052
18	0.02056	0.01974	0.03372	0.05099	0.65622	0.01974	0.02550	0.02550	0.01892	0.02714	0.01563	0.02056	0.01316	0.00740	0.00822	0.00247	0.00987	0.00740	0.00411	0.01316
19	0.01005	0.00753	0.00933	0.01078	0.01184	0.00681	0.00736	0.01166	0.01667	0.02152	0.05543	0.54621	0.20513	0.02477	0.01041	0.00323	0.00467	0.02209	0.00771	0.00681
20	0.01982	0.01869	0.03163	0.04732	0.59049	0.01869	0.02425	0.02464	0.01894	0.02691	0.01854	0.02808	0.01672	0.00900	0.00856	0.00261	0.00964	0.06839	0.00448	0.01259
21	0.01012	0.00723	0.00964	0.01157	0.01205	0.00675	0.00771	0.01157	0.01591	0.02121	0.04579	0.70262	0.05495	0.02603	0.01060	0.00337	0.00482	0.02362	0.00771	0.00675
22	0.01208	0.00883	0.01302	0.01302	0.01453	0.01023	0.01011	0.01510	0.01359	0.01998	0.02254	0.03254	0.02080	0.05917	0.63526	0.01267	0.02116	0.00883	0.04910	0.00744
23	0.01038	0.00860	0.00920	0.00950	0.01216	0.00741	0.00742	0.01275	0.01897	0.02282	0.07784	0.08211	0.55773	0.02134	0.01008	0.00297	0.00475	0.10915	0.00770	0.00711
24	0.01916	0.01820	0.03010	0.11159	0.51512	0.01858	0.02314	0.02467	0.04367	0.02644	0.02201	0.02612	0.06700	0.00879	0.00838	0.00254	0.00939	0.00833	0.00454	0.01224
25	0.01028	0.00811	0.00927	0.00966	0.01167	0.00710	0.00698	0.01256	0.01902	0.02423	0.18441	0.24304	0.38107	0.02158	0.01002	0.00292	0.00432	0.01867	0.00799	0.00710
26	0.02319	0.02473	0.03116	0.04356	0.49784	0.18425	0.02312	0.02742	0.02008	0.02543	0.01493	0.01916	0.01254	0.00769	0.00804	0.00239	0.01115	0.00689	0.00415	0.01227
27	0.01954	0.19448	0.04321	0.14981	0.04040	0.02352	0.36155	0.02519	0.01837	0.02385	0.01511	0.02008	0.01184	0.00727	0.00840	0.00254	0.01218	0.00801	0.00395	0.01070
28	0.01854	0.01566	0.01867	0.14546	0.04722	0.04839	0.01409	0.16322	0.05574	0.02989	0.06118	0.03734	0.14985	0.02178	0.13120	0.00461	0.01085	0.01013	0.00629	0.00989
29	0.07069	0.08865	0.01536	0.01161	0.01525	0.01369	0.00912	0.02213	0.13883	0.06156	0.05108	0.11795	0.28220	0.05306	0.01044	0.00300	0.00578	0.01336	0.00721	0.00903
30	0.02079	0.02203	0.01888	0.01988	0.08498	0.23516	0.01359	0.02794	0.16067	0.02470	0.03204	0.13097	0.08933	0.04072	0.01002	0.00289	0.00934	0.03999	0.00625	0.00983
31	0.02923	0.03634	0.02469	0.02446	0.09010	0.57058	0.01714	0.03164	0.02245	0.02101	0.01302	0.01574	0.01096	0.00878	0.00869	0.00226	0.05306	0.00567	0.00423	0.00996

[dist]
# distance from previous block
# <min> <max>
0	1

[block]
# block no. 1 follows, 22 sequences, length 33
# corresponding to MSA columns:
# 33-65
name=unknown_B
#
# <colnr> <probs for GDERKNQSTAVLIFYWHMCP>
#	G	D	E	R	K	N	Q	S	T	A	V	L	I	F	Y	W	H	M	C	P
0	0.19771	0.02278	0.01853	0.01737	0.05645	0.20193	0.01280	0.15330	0.02341	0.03197	0.02955	0.02998	0.14919	0.01128	0.00766	0.00248	0.00913	0.00834	0.00607	0.01008
1	0.26648	0.10109	0.07335	0.01268	0.01771	0.01632	0.01118	0.02457	0.01647	0.15292	0.02270	0.02877	0.04709	0.15997	0.01428	0.00367	0.00761	0.00766	0.00593	0.00956
2	0.01210	0.00969	0.01194	0.01266	0.05069	0.00901	0.00887	0.01644	0.05494	0.02842	0.33146	0.06641	0.29075	0.01797	0.00973	0.00275	0.00472	0.04516	0.00818	0.00812
3	0.21262	0.16918	0.02172	0.01351	0.01848	0.02077	0.01154	0.14961	0.02097	0.03172	0.02944	0.03023	0.15003	0.01362	0.03665	0.00295	0.04285	0.00826	0.00591	0.00996
4	0.02106	0.02336	0.05938	0.16871	0.33721	0.12812	0.09186	0.02609	0.01925	0.02475	0.01510	0.02003	0.01216	0.00775	0.00828	0.00252	0.01153	0.00728	0.00404	0.01154
5	0.02145	0.02840	0.17187	0.02376	0.12943	0.19042	0.01891	0.09848	0.02228	0.02722	0.02998	0.03107	0.14950	0.01107	0.00831	0.00249	0.01047	0.00875	0.00530	0.01082
6	0.02165	0.01562	0.02058	0.02221	0.15556	0.01599	0.01437	0.15555	0.08685	0.10716	0.22458	0.06102	0.03780	0.01242	0.00887	0.00260	0.00698	0.01076	0.00789	0.01154
7	0.01909	0.05012	0.19419	0.08470	0.30437	0.02027	0.15585	0.02561	0.01849	0.02613	0.01550	0.02006	0.01215	0.00749	0.00839	0.00258	0.01141	0.00750	0.00393	0.01215
8	0.01768	0.21178	0.40692	0.02071	0.05196	0.02153	0.02364	0.02470	0.01810	0.02538	0.08638	0.02161	0.01836	0.00870	0.00746	0.00240	0.01036	0.00675	0.00418	0.01139
9	0.01511	0.00889	0.01190	0.01270	0.01456	0.00823	0.00956	0.01739	0.01802	0.12368	0.04553	0.42915	0.08220	0.02258	0.01039	0.00331	0.00575	0.14480	0.00811	0.00813
10	0.13794	0.13825	0.22346	0.02984	0.24166	0.02160	0.04502	0.02551	0.01744	0.02725	0.01415	0.01743	0.01128	0.00754	0.00723	0.00243	0.01005	0.00617	0.00401	0.01176
11	0.01823	0.08930	0.33450	0.02003	0.02922	0.01945	0.04995	0.02914	0.15214	0.02769	0.01877	0.02026	0.01413	0.00822	0.00759	0.00237	0.00981	0.00666	0.00485	0.13768
12	0.15295	0.01282	0.01432	0.04752	0.01696	0.01513	0.01057	0.05610	0.01712	0.03009	0.02246	0.02628	0.04616	0.01086	0.01079	0.00254	0.15375	0.00749	0.33744	0.00868
13	0.01274	0.00912	0.01235	0.01322	0.04531	0.00973	0.00948	0.01586	0.01543	0.02271	0.03322	0.03951	0.12522	0.04140	0.38758	0.00860	0.01469	0.01001	0.16611	0.00771
14	0.02542	0.17717	0.03155	0.03030	0.24959	0.27459	0.01901	0.05435	0.02112	0.02397	0.01386	0.01683	0.01172	0.00789	0.00732	0.00219	0.01159	0.00598	0.00424	0.01131
15	0.02105	0.02185	0.03702	0.04469	0.45032	0.06661	0.18271	0.02633	0.01943	0.02652	0.01574	0.02065	0.01284	0.00738	0.00859	0.00253	0.01132	0.00789	0.00415	0.01239
16	0.01785	0.01474	0.01220	0.01188	0.01414	0.15146	0.00890	0.02102	0.01796	0.02606	0.02456	0.07553	0.02132	0.01932	0.11738	0.00397	0.00937	0.00855	0.41576	0.00802
17	0.13885	0.04275	0.01257	0.01068	0.01336	0.01071	0.00825	0.01710	0.02086	0.03193	0.44268	0.09802	0.09071	0.01581	0.00886	0.00263	0.00465	0.01350	0.00804	0.00805
18	0.07451	0.03164	0.22514	0.02440	0.09862	0.20701	0.02129	0.02642	0.01816	0.02408	0.01387	0.01773	0.01134	0.01185	0.04431	0.00317	0.12561	0.00627	0.00398	0.01062
19	0.02463	0.01970	0.01846	0.01528	0.02001	0.10265	0.01219	0.32387	0.02924	0.03893	0.03061	0.03106	0.11506	0.01146	0.00790	0.00238	0.00799	0.00883	0.16869	0.01106
20	0.02246	0.17351	0.02988	0.12726	0.06028	0.24168	0.08544	0.02587	0.01896	0.02103	0.01488	0.02038	0.01292	0.05185	0.05688	0.00339	0.01282	0.00672	0.00407	0.00972
21	0.18265	0.01609	0.01657	0.01383	0.01817	0.01721	0.01068	0.24986	0.02362	0.03595	0.02157	0.09336	0.02036	0.16077	0.01496	0.00368	0.00762	0.00919	0.00656	0.07729
22	0.05554	0.02547	0.04290	0.01790	0.02314	0.23807	0.01437	0.10321	0.18949	0.13194	0.02612	0.02531	0.04936	0.01030	0.00802	0.00250	0.00983	0.00777	0.00700	0.01174
23	0.02233	0.02434	0.03104	0.15704	0.31798	0.19182	0.08518	0.02686	0.01979	0.02422	0.01486	0.01957	0.01208	0.00783	0.00821	0.00247	0.01186	0.00711	0.00409	0.01132
24	0.01138	0.00817	0.00886	0.00886	0.00973	0.00773	0.00543	0.01203	0.01420	0.01807	0.04410	0.06227	0.22266	0.49569	0.03225	0.00643	0.00687	0.01377	0.00586	0.00565
25	0.01899	0.01679	0.02342	0.21544	0.16711	0.05116	0.01842	0.11900	0.02015	0.02692	0.01784	0.02409	0.01478	0.02389	0.19955	0.00566	0.01391	0.00773	0.00478	0.01037
26	0.17984	0.02865	0.27654	0.02726	0.10421	0.01969	0.19542	0.02589	0.01755	0.02886	0.01481	0.01840	0.01109	0.00754	0.00788	0.00265	0.01123	0.00697	0.00413	0.01136
27	0.01069	0.00836	0.00952	0.00938	0.01159	0.00737	0.00688	0.01332	0.02010	0.02609	0.29162	0.10423	0.37071	0.05912	0.01171	0.00306	0.00435	0.01660	0.00810	0.00720
28	0.01995	0.02322	0.12542	0.04623	0.53496	0.01974	0.05755	0.02567	0.01875	0.02699	0.01558	0.02022	0.01275	0.00745	0.00826	0.00251	0.01043	0.00735	0.00403	0.01293
29	0.01517	0.01024	0.01231	0.01191	0.01397	0.01132	0.00895	0.02193	0.14975	0.02545	0.02554	0.03207	0.02169	0.06518	0.22216	0.09191	0.01084	0.00863	0.23277	0.00820
30	0.01272	0.00844	0.01091	0.01101	0.01213	0.00909	0.00796	0.01498	0.01405	0.02087	0.02557	0.04232	0.02524	0.25272	0.31053	0.00895	0.01343	0.04050	0.15183	0.00674
31	0.01953	0.31512	0.03139	0.02238	0.15624	0.06923	0.01568	0.02273	0.01678	0.02116	0.01557	0.02051	0.01409	0.02303	0.19736	0.00526	0.01335	0.00642	0.00398	0.01020
32	0.02431	0.38204	0.03333	0.01675	0.02235	0.16824	0.01472	0.10615	0.02077	0.02410	0.01379	0.01639	0.01197	0.01269	0.06191	0.00299	0.04697	0.00555	0.00442	0.01055

[dist]
# distance from previous block
# <min> <max>
0	22

[block]
# block no. 2 follows, 22 sequences, length 31
# corresponding to MSA columns:
# 88-118
name=unknown_C
#
# <colnr> <probs for GDERKNQSTAVLIFYWHMCP>
#	G	D	E	R	K	N	Q	S	T	A	V	L	I	F	Y	W	H	M	C	P
0	0.01859	0.45073	0.10168	0.01423	0.02006	0.02453	0.01393	0.02151	0.01623	0.02012	0.01879	0.12199	0.01961	0.09347	0.01080	0.00286	0.00854	0.00841	0.00435	0.00958
1	0.01265	0.00825	0.00947	0.00947	0.01130	0.00824	0.00698	0.01536	0.01618	0.02399	0.04113	0.04737	0.19208	0.10986	0.17727	0.00574	0.00902	0.01119	0.27729	0.00714
2	0.02205	0.14427	0.19781	0.01837	0.02592	0.02295	0.01836	0.18331	0.17987	0.03371	0.02409	0.02417	0.04969	0.00984	0.00781	0.00251	0.00903	0.00762	0.00621	0.01241
3	0.07626	0.01926	0.01941	0.01560	0.02079	0.04604	0.01266	0.40093	0.03097	0.04434	0.02103	0.02228	0.01558	0.00969	0.00739	0.00233	0.00777	0.00727	0.20852	0.01189
4	0.01729	0.11874	0.59472	0.02261	0.03430	0.02083	0.02883	0.02615	0.01746	0.02554	0.01453	0.01706	0.01054	0.00780	0.00760	0.00253	0.01189	0.00595	0.00351	0.01209
5	0.02002	0.15773	0.02840	0.02872	0.26742	0.05662	0.01739	0.02802	0.15504	0.02627	0.02801	0.02921	0.10267	0.01012	0.00787	0.00243	0.00846	0.00852	0.00545	0.01162
6	0.02259	0.02451	0.03008	0.07353	0.36591	0.19577	0.05463	0.02666	0.01974	0.02443	0.01685	0.02104	0.03289	0.00857	0.00919	0.00249	0.04814	0.00730	0.00423	0.01147
7	0.01560	0.01226	0.01279	0.01246	0.01472	0.04940	0.00922	0.11010	0.02031	0.02629	0.04266	0.22541	0.15421	0.13687	0.01515	0.00382	0.00676	0.07605	0.04795	0.00797
8	0.02117	0.02395	0.01767	0.01650	0.01953	0.33756	0.01247	0.02383	0.02049	0.02241	0.12932	0.03211	0.06780	0.02529	0.18759	0.00528	0.01433	0.00877	0.00539	0.00855
9	0.02803	0.02199	0.02572	0.02668	0.18550	0.07221	0.01758	0.29516	0.10357	0.10701	0.02135	0.02195	0.01566	0.00940	0.00825	0.00251	0.00925	0.00762	0.00716	0.01342
10	0.01986	0.49960	0.05659	0.01335	0.01920	0.02588	0.01298	0.02301	0.01666	0.02175	0.01539	0.01838	0.01347	0.01284	0.06928	0.00294	0.00941	0.00550	0.13403	0.00990
11	0.01188	0.01004	0.01048	0.01009	0.01312	0.00943	0.00764	0.01783	0.12576	0.02572	0.13671	0.06966	0.48375	0.01893	0.00958	0.00279	0.00458	0.01587	0.00799	0.00815
12	0.01056	0.00824	0.00958	0.00967	0.01178	0.00726	0.00709	0.01320	0.02006	0.02610	0.27973	0.17820	0.34796	0.02043	0.00994	0.00283	0.00421	0.01766	0.00822	0.00726
13	0.02980	0.08158	0.02513	0.02070	0.02519	0.52651	0.01602	0.09603	0.02418	0.02371	0.01341	0.01558	0.01108	0.00894	0.00852	0.00224	0.05098	0.00562	0.00463	0.01015
14	0.29924	0.01896	0.02112	0.07417	0.15859	0.05576	0.01552	0.12973	0.02031	0.03429	0.01501	0.01808	0.01180	0.00861	0.00797	0.00255	0.04583	0.00624	0.04545	0.01077
15	0.01041	0.00770	0.00974	0.01079	0.01198	0.00702	0.00750	0.01249	0.01802	0.02397	0.17988	0.46142	0.16204	0.02327	0.01030	0.00312	0.00453	0.02077	0.00801	0.00702
16	0.01178	0.00847	0.01082	0.01215	0.01311	0.00821	0.00833	0.05916	0.01769	0.02361	0.04379	0.64996	0.05180	0.02479	0.01043	0.00331	0.00515	0.02237	0.00776	0.00732
17	0.02008	0.17298	0.16207	0.15306	0.03179	0.15156	0.01969	0.02466	0.01761	0.02147	0.01426	0.01874	0.01183	0.01428	0.08061	0.00361	0.06159	0.00625	0.00382	0.01005
18	0.08200	0.07997	0.02458	0.01946	0.02473	0.38377	0.01535	0.21568	0.02721	0.03134	0.01485	0.01629	0.01164	0.00884	0.00743	0.00225	0.01216	0.00588	0.00553	0.01105
19	0.01423	0.01228	0.01751	0.01616	0.01698	0.01579	0.01286	0.01654	0.01302	0.01930	0.01834	0.02894	0.01784	0.09439	0.38584	0.00934	0.27006	0.00854	0.00419	0.00785
20	0.05025	0.02241	0.19324	0.02238	0.13157	0.01584	0.01840	0.08985	0.02146	0.13163	0.07158	0.06786	0.10447	0.01172	0.00849	0.00264	0.00844	0.00982	0.00644	0.01151
21	0.02064	0.03863	0.49278	0.02258	0.03321	0.05899	0.02670	0.15344	0.02242	0.03144	0.01585	0.01790	0.01129	0.00837	0.00796	0.00257	0.01178	0.00637	0.00456	0.01251
22	0.14831	0.02195	0.01597	0.01491	0.01785	0.27164	0.01099	0.02292	0.01748	0.02223	0.02069	0.02957	0.04849	0.17119	0.12700	0.00543	0.01269	0.00788	0.00479	0.00801
23	0.17148	0.02154	0.01722	0.01541	0.01950	0.20213	0.01191	0.07451	0.12839	0.03215	0.18857	0.03046	0.03133	0.01123	0.00787	0.00250	0.00841	0.00864	0.00678	0.00997
24	0.02774	0.07590	0.02789	0.02842	0.19498	0.32576	0.01842	0.14981	0.02496	0.02852	0.01493	0.01737	0.01205	0.00843	0.00771	0.00227	0.01203	0.00627	0.00499	0.01155
25	0.52615	0.01641	0.01356	0.04784	0.01837	0.05322	0.01004	0.05928	0.01675	0.03539	0.01472	0.01714	0.01142	0.00823	0.00573	0.00245	0.00690	0.00538	0.12187	0.00915
26	0.06097	0.00825	0.00801	0.00794	0.01007	0.00840	0.00600	0.01966	0.01722	0.03135	0.02616	0.02991	0.02055	0.00956	0.00577	0.00197	0.00403	0.00755	0.70881	0.00782
27	0.01451	0.00910	0.01199	0.01092	0.01336	0.00831	0.00831	0.01835	0.02354	0.10103	0.58515	0.05842	0.07216	0.01626	0.00964	0.00261	0.00426	0.01431	0.00927	0.00852
28	0.01039	0.00812	0.00943	0.00978	0.01175	0.00715	0.00708	0.01278	0.01929	0.02488	0.21857	0.24284	0.34560	0.02135	0.01002	0.00291	0.00430	0.01853	0.00808	0.00715
29	0.03158	0.02327	0.02493	0.01911	0.02576	0.02576	0.01579	0.62852	0.03906	0.05236	0.01995	0.01995	0.01413	0.00997	0.00831	0.00249	0.00914	0.00748	0.00831	0.01413
30	0.01208	0.00805	0.00906	0.00906	0.00906	0.00805	0.00503	0.01208	0.01208	0.01611	0.02618	0.05436	0.03020	0.70804	0.04228	0.00805	0.00805	0.01208	0.00503	0.00503

[dist]
# distance from previous block
# <min> <max>
0	1

[block]
# block no. 3 follows, 22 sequences, length 19
# corresponding to MSA columns:
# 120-138
name=unknown_D
#
# <colnr> <probs for GDERKNQSTAVLIFYWHMCP>
#	G	D	E	R	K	N	Q	S	T	A	V	L	I	F	Y	W	H	M	C	P
0	0.02954	0.03060	0.02358	0.04596	0.02650	0.35221	0.01593	0.24309	0.09389	0.03314	0.01762	0.01869	0.01347	0.00933	0.00791	0.00236	0.01189	0.00660	0.00611	0.01157
1	0.01855	0.01937	0.01908	0.02177	0.14275	0.19484	0.01391	0.02171	0.01972	0.02385	0.12967	0.03706	0.11791	0.02331	0.15484	0.00484	0.01221	0.00988	0.00558	0.00916
2	0.02440	0.02321	0.06155	0.01687	0.02138	0.21678	0.01392	0.09656	0.05285	0.11008	0.04653	0.02515	0.01883	0.02003	0.13869	0.00450	0.01260	0.00756	0.07811	0.01039
3	0.07124	0.21873	0.32153	0.01983	0.02858	0.16033	0.02179	0.02724	0.01840	0.02399	0.01336	0.01561	0.01050	0.00781	0.00694	0.00230	0.01155	0.00541	0.00379	0.01107
4	0.02503	0.03074	0.06167	0.02997	0.16095	0.33625	0.11806	0.02889	0.02059	0.02304	0.01399	0.01779	0.01154	0.00861	0.00994	0.00248	0.07889	0.00673	0.00413	0.01070
5	0.02081	0.01898	0.01708	0.01564	0.01908	0.15869	0.01222	0.16957	0.02465	0.03029	0.09303	0.11068	0.09721	0.05872	0.01132	0.00312	0.00866	0.11382	0.00707	0.00938
6	0.02285	0.02490	0.02857	0.03460	0.30340	0.20575	0.02081	0.02614	0.01851	0.02325	0.01354	0.01833	0.01184	0.00970	0.01328	0.00270	0.19999	0.00679	0.00403	0.01104
7	0.01910	0.01887	0.01640	0.01556	0.01899	0.15434	0.01166	0.03038	0.29022	0.02708	0.03871	0.18149	0.11239	0.01524	0.00890	0.00279	0.00765	0.01274	0.00731	0.01018
8	0.01862	0.01519	0.01796	0.08372	0.12744	0.04991	0.01340	0.09365	0.08950	0.03020	0.03332	0.03499	0.13090	0.01134	0.00785	0.00243	0.00714	0.00942	0.21290	0.01011
9	0.02006	0.01745	0.02769	0.03975	0.47684	0.01762	0.02063	0.06438	0.01969	0.02891	0.01830	0.02388	0.01539	0.04252	0.00952	0.00266	0.00876	0.00769	0.12632	0.01194
10	0.01861	0.06491	0.02283	0.02619	0.21441	0.14413	0.01582	0.02167	0.01786	0.02235	0.02282	0.17117	0.02328	0.02321	0.14829	0.00484	0.01229	0.01067	0.00497	0.00969
11	0.02947	0.08188	0.02596	0.02362	0.08611	0.52531	0.01682	0.07148	0.02368	0.02306	0.01349	0.01574	0.01116	0.00845	0.00747	0.00217	0.01369	0.00563	0.00448	0.01034
12	0.02298	0.17469	0.02534	0.08729	0.02526	0.18548	0.01450	0.12180	0.08231	0.02700	0.02564	0.06746	0.08463	0.01113	0.00777	0.00240	0.00970	0.00854	0.00568	0.01040
13	0.01803	0.22483	0.23008	0.02019	0.06789	0.05584	0.05927	0.02318	0.01820	0.02330	0.02868	0.02994	0.14696	0.01040	0.00769	0.00240	0.00969	0.00835	0.00454	0.01054
14	0.17491	0.04759	0.02059	0.11920	0.05004	0.08428	0.01516	0.02172	0.01556	0.02421	0.01586	0.02388	0.01432	0.02060	0.14049	0.00489	0.15737	0.03597	0.00440	0.00898
15	0.04377	0.12286	0.10278	0.01485	0.01913	0.16604	0.01297	0.02175	0.01877	0.02335	0.14797	0.03582	0.05460	0.16392	0.01534	0.00359	0.00926	0.00922	0.00539	0.00862
16	0.01841	0.16557	0.06963	0.03226	0.34170	0.01974	0.01930	0.02262	0.01863	0.02499	0.05795	0.03098	0.12429	0.01016	0.00794	0.00240	0.00855	0.00879	0.00482	0.01127
17	0.05309	0.14853	0.02826	0.18181	0.11363	0.29588	0.01834	0.02755	0.01976	0.02195	0.01338	0.01706	0.01103	0.00806	0.00731	0.00228	0.01199	0.00591	0.00402	0.01015
18	0.02974	0.13856	0.02648	0.02035	0.02504	0.58038	0.01578	0.03195	0.02256	0.02022	0.01265	0.01474	0.01070	0.00835	0.00717	0.00209	0.01409	0.00522	0.00417	0.00978

[dist]
# distance from previous block
# <min> <max>
0	10

[block]
# block no. 4 follows, 22 sequences, length 18
# corresponding to MSA columns:
# 149-166
name=unknown_E
#
# <colnr> <probs for GDERKNQSTAVLIFYWHMCP>
#	G	D	E	R	K	N	Q	S	T	A	V	L	I	F	Y	W	H	M	C	P
0	0.05794	0.20824	0.02524	0.05486	0.02133	0.06040	0.05012	0.02089	0.01874	0.02518	0.19845	0.03371	0.06647	0.01506	0.05271	0.00316	0.06353	0.00926	0.00562	0.00911
1	0.11414	0.02418	0.02034	0.06085	0.02418	0.22382	0.01414	0.21980	0.02550	0.03331	0.01841	0.05741	0.01540	0.01360	0.05304	0.00317	0.01111	0.00747	0.04957	0.01056
2	0.01432	0.01400	0.05243	0.02111	0.15722	0.01221	0.01362	0.01747	0.01723	0.02383	0.03777	0.24901	0.14728	0.01624	0.01019	0.00272	0.05113	0.01405	0.00600	0.12215
3	0.02228	0.06562	0.02264	0.14997	0.06577	0.17930	0.01566	0.15369	0.02382	0.02824	0.03058	0.03203	0.15345	0.01141	0.00825	0.00248	0.00989	0.00896	0.00574	0.01022
4	0.02010	0.43757	0.07407	0.01541	0.02143	0.02694	0.01473	0.02641	0.11427	0.02249	0.01916	0.02094	0.04215	0.01267	0.05319	0.00295	0.05388	0.00639	0.00457	0.01067
5	0.06686	0.01863	0.01654	0.01548	0.01850	0.18392	0.01194	0.02419	0.05819	0.08020	0.06927	0.11352	0.06943	0.02228	0.11961	0.00449	0.04922	0.04240	0.00626	0.00907
6	0.01655	0.15364	0.02692	0.01831	0.04283	0.01690	0.15528	0.01992	0.01593	0.02202	0.02003	0.03053	0.01870	0.17263	0.14159	0.00564	0.01188	0.00873	0.09330	0.00867
7	0.01489	0.01155	0.01254	0.01142	0.01468	0.01122	0.00876	0.14848	0.02354	0.03018	0.13250	0.14326	0.36808	0.01874	0.00958	0.00279	0.00534	0.01578	0.00802	0.00865
8	0.06651	0.10338	0.02554	0.08531	0.13684	0.12335	0.01643	0.16172	0.02249	0.02946	0.01671	0.02167	0.01407	0.05354	0.08449	0.00391	0.01159	0.00701	0.00514	0.01082
9	0.02490	0.02797	0.02383	0.02617	0.16274	0.35396	0.01698	0.06688	0.02149	0.02373	0.01581	0.02009	0.01349	0.01920	0.14188	0.00449	0.01493	0.00666	0.00454	0.01026
10	0.01033	0.00761	0.00929	0.01052	0.01145	0.00699	0.00703	0.01172	0.01604	0.02077	0.05153	0.47483	0.18352	0.11993	0.01484	0.00390	0.00514	0.02067	0.00734	0.00657
11	0.01092	0.00846	0.00994	0.00957	0.01190	0.00748	0.00718	0.01405	0.02153	0.02860	0.40592	0.06981	0.32724	0.01874	0.00981	0.00270	0.00404	0.01611	0.00853	0.00748
12	0.02267	0.35884	0.11644	0.02477	0.16412	0.13923	0.01911	0.02663	0.01856	0.02221	0.01310	0.01574	0.01120	0.00752	0.00667	0.00210	0.01058	0.00547	0.00380	0.01124
13	0.02216	0.02446	0.05065	0.02244	0.05946	0.22687	0.12573	0.02551	0.01955	0.06255	0.02643	0.03034	0.10999	0.05639	0.01313	0.00300	0.09750	0.00901	0.00509	0.00973
14	0.01251	0.00801	0.00890	0.00890	0.00914	0.00801	0.00513	0.01300	0.01275	0.01798	0.02629	0.05142	0.02908	0.62026	0.03770	0.00728	0.00753	0.01154	0.09920	0.00537
15	0.01191	0.00813	0.00973	0.00981	0.01013	0.00824	0.00600	0.01259	0.01315	0.01783	0.06402	0.09312	0.03350	0.54746	0.11346	0.00807	0.00929	0.01261	0.00538	0.00559
16	0.02074	0.02038	0.02073	0.02351	0.15692	0.17415	0.01540	0.09460	0.02305	0.02830	0.10900	0.04449	0.10219	0.01359	0.00903	0.00269	0.00921	0.11564	0.00635	0.01004
17	0.02056	0.01974	0.03372	0.05099	0.65622	0.01974	0.02550	0.02550	0.01892	0.02714	0.01563	0.02056	0.01316	0.00740	0.00822	0.00247	0.00987	0.00740	0.00411	0.01316

[dist]
# distance from previous block
# <min> <max>
3	21

[block]
# block no. 5 follows, 22 sequences, length 14
# corresponding to MSA columns:
# 188-201
name=unknown_F
#
# <colnr> <probs for GDERKNQSTAVLIFYWHMCP>
#	G	D	E	R	K	N	Q	S	T	A	V	L	I	F	Y	W	H	M	C	P
0	0.02198	0.02446	0.03883	0.03854	0.26779	0.13611	0.29524	0.02736	0.02005	0.02570	0.01567	0.02041	0.01247	0.00743	0.00881	0.00256	0.01264	0.00812	0.00418	0.01165
1	0.01773	0.01698	0.02307	0.17355	0.23714	0.06033	0.01826	0.02454	0.10377	0.02539	0.03264	0.03735	0.14155	0.01168	0.00870	0.00269	0.00880	0.03974	0.00551	0.01057
2	0.02045	0.01871	0.02298	0.17041	0.18649	0.08855	0.01753	0.13400	0.02255	0.02918	0.02877	0.03134	0.12622	0.01075	0.00831	0.00253	0.00918	0.00900	0.05238	0.01067
3	0.01192	0.00869	0.01228	0.01228	0.01339	0.00980	0.00905	0.01415	0.01303	0.01849	0.02323	0.03806	0.02312	0.22358	0.51707	0.01203	0.01871	0.00970	0.00460	0.00682
4	0.02964	0.02248	0.02516	0.02174	0.08113	0.02478	0.01641	0.52355	0.09051	0.04857	0.02079	0.02098	0.01504	0.00986	0.00832	0.00252	0.00898	0.00764	0.00795	0.01396
5	0.01000	0.00772	0.00913	0.01026	0.01171	0.00686	0.00713	0.01171	0.01716	0.02172	0.06170	0.44446	0.30284	0.02396	0.01028	0.00314	0.00457	0.02109	0.00771	0.00686
6	0.01692	0.01717	0.03249	0.48295	0.05288	0.01926	0.21247	0.02292	0.01755	0.02292	0.01541	0.02223	0.01156	0.00790	0.00878	0.00278	0.01199	0.00814	0.00385	0.00985
7	0.01191	0.00875	0.01259	0.01259	0.01381	0.00997	0.00944	0.01435	0.01313	0.01872	0.02295	0.03648	0.02244	0.17647	0.56324	0.01241	0.01974	0.00946	0.00455	0.00700
8	0.54885	0.01775	0.01571	0.01314	0.01872	0.02008	0.01084	0.17460	0.02078	0.07191	0.01469	0.01582	0.01084	0.00840	0.00608	0.00255	0.00713	0.00543	0.00618	0.01052
9	0.01617	0.00947	0.01212	0.01159	0.01397	0.00918	0.00878	0.01851	0.01697	0.13418	0.04116	0.09030	0.15870	0.14930	0.17973	0.00636	0.01015	0.06073	0.04452	0.00810
10	0.01596	0.00889	0.01130	0.01117	0.01266	0.00831	0.00757	0.01735	0.01643	0.13845	0.07409	0.29968	0.04097	0.27327	0.02178	0.00490	0.00637	0.01602	0.00729	0.00755
11	0.02523	0.07439	0.02382	0.01949	0.02313	0.33578	0.01539	0.07772	0.07107	0.02403	0.01822	0.02091	0.04080	0.01319	0.04467	0.00308	0.14725	0.00688	0.00493	0.01002
12	0.02358	0.01884	0.01912	0.01611	0.02037	0.06834	0.01252	0.28496	0.14107	0.03633	0.02357	0.02933	0.01970	0.13844	0.07689	0.00451	0.00994	0.00863	0.03664	0.01112
13	0.02652	0.02719	0.02286	0.13097	0.02972	0.29160	0.01618	0.20821	0.02642	0.03059	0.02016	0.02213	0.05479	0.00966	0.00796	0.00235	0.01141	0.00712	0.00566	0.04851

[dist]
# distance from previous block
# <min> <max>
0	1

[block]
# block no. 6 follows, 22 sequences, length 9
# corresponding to MSA columns:
# 203-211
name=unknown_G
#
# <colnr> <probs for GDERKNQSTAVLIFYWHMCP>
#	G	D	E	R	K	N	Q	S	T	A	V	L	I	F	Y	W	H	M	C	P
0	0.02851	0.09688	0.02475	0.01892	0.02402	0.33967	0.01500	0.22230	0.02789	0.03180	0.07607	0.02092	0.01827	0.00968	0.00776	0.00226	0.01145	0.00687	0.00597	0.01101
1	0.01369	0.00873	0.01113	0.01102	0.01200	0.00864	0.00752	0.05457	0.01623	0.02177	0.11557	0.17215	0.06966	0.15479	0.02397	0.26709	0.00641	0.01305	0.00601	0.00600
2	0.01380	0.01151	0.01615	0.01506	0.01582	0.01444	0.01169	0.01585	0.01292	0.01889	0.01961	0.03247	0.01962	0.17150	0.36031	0.00943	0.22013	0.00902	0.00432	0.00746
3	0.02221	0.71304	0.04353	0.01421	0.02132	0.03287	0.01421	0.02488	0.01688	0.01955	0.01155	0.01333	0.01066	0.00711	0.00533	0.00178	0.00888	0.00444	0.00355	0.01066
4	0.01012	0.00723	0.00964	0.01157	0.01205	0.00675	0.00771	0.01157	0.01591	0.02121	0.04579	0.70262	0.05495	0.02603	0.01060	0.00337	0.00482	0.02362	0.00771	0.00675
5	0.01012	0.00723	0.00964	0.01157	0.01205	0.00675	0.00771	0.01157	0.01591	0.02121	0.04579	0.70262	0.05495	0.02603	0.01060	0.00337	0.00482	0.02362	0.00771	0.00675
6	0.01778	0.03555	0.44893	0.02915	0.09712	0.01977	0.18072	0.02631	0.01819	0.02646	0.01546	0.01906	0.01130	0.00762	0.00841	0.00266	0.01248	0.00719	0.00374	0.01209
7	0.02411	0.12287	0.08633	0.02034	0.06643	0.35238	0.01577	0.02683	0.01956	0.02047	0.01561	0.02292	0.01458	0.14198	0.01394	0.00329	0.01222	0.00673	0.00424	0.00939
8	0.01263	0.00866	0.01217	0.01217	0.01375	0.00983	0.00942	0.01578	0.01421	0.02174	0.02327	0.03229	0.02088	0.05125	0.53454	0.01095	0.01839	0.00866	0.16192	0.00749

[dist]
# distance from previous block
# <min> <max>
0	2

[block]
# block no. 7 follows, 22 sequences, length 18
# corresponding to MSA columns:
# 214-231
name=unknown_H
#
# <colnr> <probs for GDERKNQSTAVLIFYWHMCP>
#	G	D	E	R	K	N	Q	S	T	A	V	L	I	F	Y	W	H	M	C	P
0	0.06210	0.26707	0.41778	0.01975	0.02987	0.02383	0.02388	0.02572	0.01712	0.02467	0.01358	0.01589	0.01048	0.00762	0.00687	0.00234	0.01079	0.00547	0.00362	0.01154
1	0.02488	0.17455	0.02839	0.02002	0.02347	0.32272	0.01637	0.02703	0.01853	0.02005	0.01192	0.01570	0.01076	0.01025	0.01363	0.00256	0.23978	0.00580	0.00391	0.00967
2	0.06231	0.02159	0.11944	0.13110	0.41528	0.01891	0.02431	0.02453	0.01814	0.02667	0.01664	0.02374	0.01406	0.00842	0.00818	0.00261	0.01006	0.03784	0.00421	0.01196
3	0.02032	0.03522	0.47404	0.02387	0.06246	0.01839	0.05770	0.02930	0.04895	0.12327	0.01867	0.02022	0.01300	0.00835	0.00810	0.00263	0.01119	0.00688	0.00484	0.01259
4	0.01251	0.00985	0.01459	0.01422	0.01555	0.01193	0.01118	0.01536	0.01329	0.01936	0.02109	0.03115	0.01976	0.05741	0.60869	0.01235	0.09101	0.00873	0.00437	0.00759
5	0.01453	0.01302	0.01391	0.01371	0.01530	0.10374	0.01019	0.01682	0.01471	0.01901	0.02271	0.06649	0.02255	0.15754	0.44565	0.01042	0.01807	0.00964	0.00468	0.00731
6	0.01949	0.02137	0.04319	0.03487	0.11779	0.02158	0.44951	0.02538	0.01839	0.02559	0.01568	0.02148	0.01240	0.00830	0.01248	0.00290	0.12534	0.00908	0.00410	0.01110
7	0.02290	0.02029	0.03033	0.04077	0.45812	0.02110	0.02218	0.15465	0.08697	0.03324	0.01840	0.02150	0.01461	0.00834	0.00827	0.00251	0.00938	0.00762	0.00544	0.01336
8	0.01134	0.01002	0.01199	0.01443	0.10241	0.00881	0.00902	0.01384	0.01893	0.02311	0.07447	0.07155	0.56242	0.01911	0.00959	0.00276	0.00501	0.01610	0.00721	0.00788
9	0.01987	0.01904	0.03248	0.14106	0.57154	0.01956	0.02515	0.02489	0.01859	0.02630	0.01550	0.02079	0.01286	0.00753	0.00824	0.00251	0.01004	0.00740	0.00405	0.01260
10	0.03158	0.02327	0.02493	0.01911	0.02576	0.02576	0.01579	0.62852	0.03906	0.05236	0.01995	0.01995	0.01413	0.00997	0.00831	0.00249	0.00914	0.00748	0.00831	0.01413
11	0.01497	0.00791	0.00854	0.00854	0.01041	0.00812	0.00645	0.01872	0.01685	0.02932	0.02641	0.03121	0.02122	0.01712	0.10043	0.00355	0.00647	0.00791	0.64817	0.00770
12	0.02310	0.01730	0.01886	0.01659	0.02154	0.01942	0.01301	0.04361	0.55056	0.12684	0.03366	0.03060	0.02466	0.01113	0.00844	0.00278	0.00665	0.00924	0.00872	0.01329
13	0.01026	0.00729	0.00960	0.01139	0.01183	0.00684	0.00752	0.01160	0.01563	0.02084	0.04438	0.65604	0.05317	0.07503	0.01288	0.00371	0.00505	0.02279	0.00752	0.00662
14	0.01950	0.01865	0.03180	0.18982	0.52569	0.01946	0.02497	0.02457	0.01841	0.02585	0.01544	0.02091	0.01270	0.00760	0.00824	0.00253	0.01013	0.00740	0.00402	0.01230
15	0.05239	0.01356	0.01738	0.19497	0.02688	0.04615	0.01363	0.09137	0.01745	0.02410	0.01730	0.02460	0.01476	0.02520	0.15620	0.19331	0.01186	0.00746	0.04345	0.00796
16	0.02276	0.32706	0.23468	0.01895	0.02707	0.16407	0.01988	0.05499	0.01952	0.02336	0.01327	0.01531	0.01079	0.00780	0.00673	0.00216	0.01126	0.00531	0.00391	0.01111
17	0.02053	0.03730	0.39504	0.02902	0.16604	0.15768	0.02650	0.02758	0.01910	0.02522	0.01463	0.01764	0.01112	0.00793	0.00788	0.00249	0.01233	0.00624	0.00380	0.01191

[dist]
# distance from previous block
# <min> <max>
5	24

[block]
# block no. 8 follows, 22 sequences, length 39
# corresponding to MSA columns:
# 256-294
name=unknown_I
#
# <colnr> <probs for GDERKNQSTAVLIFYWHMCP>
#	G	D	E	R	K	N	Q	S	T	A	V	L	I	F	Y	W	H	M	C	P
0	0.02209	0.02150	0.02539	0.18768	0.16268	0.12173	0.01930	0.09905	0.14078	0.02844	0.01858	0.02181	0.01454	0.00947	0.00986	0.00266	0.07022	0.00746	0.00532	0.01142
1	0.02328	0.05276	0.03096	0.04005	0.42841	0.19480	0.02213	0.02721	0.01973	0.02463	0.01446	0.01866	0.01228	0.00809	0.00895	0.00242	0.04844	0.00673	0.00411	0.01190
2	0.09080	0.01450	0.01531	0.01539	0.05585	0.05513	0.01112	0.07414	0.11018	0.03141	0.20339	0.07752	0.14305	0.01502	0.00893	0.00274	0.00640	0.05207	0.00756	0.00949
3	0.02871	0.16733	0.05713	0.02003	0.02533	0.49273	0.01637	0.05817	0.02270	0.02191	0.01301	0.01501	0.01084	0.00832	0.00713	0.00211	0.01343	0.00531	0.00429	0.01015
4	0.07637	0.01451	0.01644	0.01383	0.01847	0.01482	0.01103	0.13119	0.13261	0.18448	0.16440	0.04049	0.12001	0.01311	0.00864	0.00264	0.00624	0.01077	0.00867	0.01130
5	0.01979	0.01525	0.04250	0.01429	0.02036	0.01256	0.04444	0.05159	0.06384	0.12746	0.09712	0.03324	0.10407	0.01052	0.00788	0.00210	0.00663	0.00891	0.00688	0.31056
6	0.01783	0.14958	0.02815	0.01824	0.02370	0.01752	0.15634	0.06619	0.01881	0.02546	0.02328	0.19087	0.02366	0.04323	0.00975	0.00264	0.00852	0.01117	0.00545	0.15961
7	0.02017	0.01901	0.02380	0.02825	0.23871	0.09598	0.04403	0.11350	0.02243	0.02869	0.03345	0.07133	0.14168	0.01297	0.00896	0.00269	0.00901	0.06859	0.00599	0.01075
8	0.02956	0.08683	0.02715	0.02230	0.08765	0.15789	0.01666	0.39472	0.03196	0.04046	0.01733	0.01841	0.01303	0.00918	0.00787	0.00236	0.01038	0.00677	0.00666	0.01281
9	0.19432	0.03660	0.51038	0.02066	0.03124	0.01914	0.02555	0.02586	0.01673	0.02891	0.01412	0.01658	0.01016	0.00785	0.00724	0.00262	0.01089	0.00575	0.00389	0.01150
10	0.01019	0.00736	0.00952	0.01121	0.01184	0.00683	0.00748	0.01162	0.01595	0.02106	0.04774	0.62443	0.09892	0.05844	0.01207	0.00356	0.00493	0.02260	0.00758	0.00669
11	0.02056	0.01974	0.03372	0.05099	0.65622	0.01974	0.02550	0.02550	0.01892	0.02714	0.01563	0.02056	0.01316	0.00740	0.00822	0.00247	0.00987	0.00740	0.00411	0.01316
12	0.01896	0.02016	0.07756	0.03595	0.36841	0.06825	0.02160	0.02372	0.01923	0.02587	0.02371	0.04145	0.02297	0.01212	0.00910	0.00285	0.00981	0.18198	0.00512	0.01119
13	0.01208	0.00805	0.00906	0.00906	0.00906	0.00805	0.00503	0.01208	0.01208	0.01611	0.02618	0.05436	0.03020	0.70804	0.04228	0.00805	0.00805	0.01208	0.00503	0.00503
14	0.02441	0.02931	0.02180	0.18098	0.03133	0.42429	0.01641	0.02737	0.02123	0.02084	0.02309	0.02563	0.09886	0.01021	0.00801	0.00238	0.01256	0.00751	0.00461	0.00917
15	0.01799	0.03468	0.43190	0.03169	0.18388	0.01963	0.11025	0.02616	0.01815	0.02655	0.01534	0.01892	0.01143	0.00766	0.00823	0.00262	0.01194	0.00694	0.00375	0.01234
16	0.02056	0.01974	0.03372	0.05099	0.65622	0.01974	0.02550	0.02550	0.01892	0.02714	0.01563	0.02056	0.01316	0.00740	0.00822	0.00247	0.00987	0.00740	0.00411	0.01316
17	0.02159	0.02110	0.01868	0.01693	0.02136	0.14534	0.01303	0.03885	0.46071	0.03076	0.03475	0.03275	0.08454	0.01171	0.00840	0.00269	0.00796	0.00942	0.00758	0.01186
18	0.02086	0.02013	0.02881	0.08904	0.41853	0.06022	0.02174	0.03016	0.16964	0.02812	0.01979	0.02286	0.01580	0.00848	0.00824	0.00255	0.00948	0.00776	0.00514	0.01264
19	0.02183	0.02640	0.24275	0.02215	0.03120	0.01720	0.15851	0.06476	0.02032	0.13493	0.01862	0.02054	0.01328	0.00786	0.00807	0.00236	0.01034	0.00718	0.00539	0.16629
20	0.01093	0.00846	0.00995	0.00958	0.01190	0.00749	0.00718	0.01407	0.02155	0.02866	0.40880	0.06972	0.32433	0.01872	0.00981	0.00270	0.00404	0.01610	0.00853	0.00749
21	0.01826	0.02836	0.28358	0.03553	0.30135	0.01879	0.08556	0.02519	0.01879	0.02722	0.06351	0.02268	0.01699	0.00828	0.00837	0.00258	0.01078	0.00771	0.00426	0.01221
22	0.01208	0.00805	0.00906	0.00906	0.00906	0.00805	0.00503	0.01208	0.01208	0.01611	0.02618	0.05436	0.03020	0.70804	0.04228	0.00805	0.00805	0.01208	0.00503	0.00503
23	0.02440	0.01839	0.02011	0.01670	0.02145	0.02037	0.01320	0.36198	0.14880	0.04061	0.02586	0.09335	0.02216	0.07644	0.05375	0.00382	0.00895	0.00994	0.00775	0.01199
24	0.02313	0.48214	0.13240	0.01683	0.02435	0.10359	0.01700	0.07341	0.01948	0.02322	0.01286	0.01466	0.01092	0.00762	0.00619	0.00200	0.01011	0.00504	0.00400	0.01106
25	0.02316	0.01714	0.01882	0.01504	0.02049	0.01740	0.01207	0.32783	0.02877	0.06133	0.03429	0.09447	0.14090	0.01295	0.00845	0.00242	0.00721	0.01050	0.00763	0.13915
26	0.01971	0.02962	0.24365	0.08333	0.19609	0.08452	0.17144	0.02647	0.01891	0.02562	0.01534	0.01958	0.01176	0.00765	0.00843	0.00259	0.01226	0.00736	0.00392	0.01175
27	0.02057	0.01953	0.03210	0.04730	0.58753	0.01984	0.02416	0.02751	0.08627	0.02796	0.01759	0.02169	0.01448	0.00782	0.00825	0.00251	0.00951	0.00762	0.00458	0.01316
28	0.01012	0.00723	0.00964	0.01157	0.01205	0.00675	0.00771	0.01157	0.01591	0.02121	0.04579	0.70262	0.05495	0.02603	0.01060	0.00337	0.00482	0.02362	0.00771	0.00675
29	0.02121	0.02096	0.03309	0.04917	0.61737	0.06010	0.02491	0.02597	0.01920	0.02672	0.01545	0.02022	0.01301	0.00747	0.00818	0.00245	0.01018	0.00728	0.00412	0.01294
30	0.02090	0.55433	0.19073	0.01646	0.02479	0.02966	0.01812	0.02522	0.01704	0.02115	0.01234	0.01432	0.01063	0.00729	0.00594	0.00198	0.00969	0.00484	0.00354	0.01104
31	0.01010	0.00845	0.00885	0.00908	0.01171	0.00719	0.00691	0.01231	0.01881	0.02257	0.07939	0.10912	0.58014	0.02141	0.00998	0.00291	0.00450	0.06183	0.00771	0.00705
32	0.01030	0.00736	0.00984	0.01177	0.01233	0.00690	0.00802	0.01188	0.01608	0.02141	0.04569	0.66941	0.05456	0.02586	0.01065	0.00340	0.00497	0.05507	0.00771	0.00680
33	0.02425	0.16903	0.02683	0.01887	0.02256	0.27897	0.01531	0.07128	0.02011	0.02260	0.01592	0.08369	0.01537	0.01146	0.01194	0.00256	0.16728	0.00757	0.00463	0.00977
34	0.01466	0.01070	0.01179	0.01122	0.01250	0.01135	0.00729	0.05053	0.13490	0.02184	0.02826	0.07922	0.02962	0.50442	0.03246	0.00653	0.00767	0.01188	0.00599	0.00716
35	0.08344	0.01426	0.01883	0.01454	0.02088	0.01262	0.01201	0.03947	0.02317	0.62244	0.03143	0.02734	0.01983	0.01012	0.00815	0.00257	0.00703	0.00811	0.00996	0.01381
36	0.02308	0.13733	0.38814	0.02000	0.02975	0.04667	0.02312	0.02981	0.01920	0.17889	0.01864	0.01939	0.01298	0.00838	0.00760	0.00247	0.01061	0.00639	0.00519	0.01237
37	0.02056	0.01974	0.03372	0.05099	0.65622	0.01974	0.02550	0.02550	0.01892	0.02714	0.01563	0.02056	0.01316	0.00740	0.00822	0.00247	0.00987	0.00740	0.00411	0.01316
38	0.01762	0.03027	0.33643	0.15848	0.15972	0.01945	0.10988	0.02522	0.01791	0.02553	0.01528	0.01967	0.01142	0.00776	0.00830	0.00265	0.01182	0.00712	0.00375	0.01171

[dist]
# distance from previous block
# <min> <max>
5	6

[block]
# block no. 9 follows, 22 sequences, length 31
# corresponding to MSA columns:
# 301-331
name=unknown_J
#
# <colnr> <probs for GDERKNQSTAVLIFYWHMCP>
#	G	D	E	R	K	N	Q	S	T	A	V	L	I	F	Y	W	H	M	C	P
0	0.02112	0.06038	0.17219	0.02388	0.10172	0.21508	0.02010	0.02570	0.01941	0.02345	0.02017	0.03349	0.01901	0.01183	0.01013	0.00277	0.06992	0.13471	0.00472	0.01024
1	0.02293	0.01548	0.02450	0.03242	0.34073	0.01484	0.01796	0.02664	0.01961	0.20184	0.02691	0.17036	0.02426	0.01223	0.00878	0.00269	0.00800	0.01118	0.00660	0.01204
2	0.01124	0.00919	0.01261	0.15715	0.02160	0.00936	0.01065	0.01376	0.01690	0.02155	0.04971	0.38269	0.21119	0.02081	0.00989	0.00309	0.00600	0.01842	0.00684	0.00736
3	0.18334	0.06958	0.09573	0.03261	0.31631	0.11750	0.02034	0.02645	0.01829	0.02774	0.01399	0.01741	0.01145	0.00767	0.00722	0.00241	0.01008	0.00614	0.00426	0.01148
4	0.01822	0.01763	0.02539	0.09169	0.36940	0.06547	0.01981	0.02237	0.01910	0.02504	0.03056	0.03932	0.12712	0.01179	0.00884	0.00269	0.00911	0.08047	0.00514	0.01083
5	0.16933	0.06427	0.02514	0.05486	0.19102	0.31393	0.01737	0.02852	0.01986	0.02540	0.01334	0.01638	0.01103	0.00800	0.00715	0.00232	0.01150	0.00576	0.00434	0.01048
6	0.04461	0.12256	0.36612	0.01827	0.02685	0.01852	0.02113	0.02425	0.06438	0.02555	0.02877	0.06344	0.11984	0.01114	0.00794	0.00259	0.00946	0.00887	0.00486	0.01085
7	0.02104	0.01724	0.01987	0.01658	0.02006	0.04610	0.01334	0.20197	0.02210	0.03120	0.01821	0.02380	0.01554	0.05512	0.12400	0.00462	0.17158	0.00753	0.06970	0.10041
8	0.01512	0.01054	0.01195	0.01115	0.01237	0.01098	0.00731	0.11386	0.01692	0.02269	0.02662	0.10308	0.02918	0.50121	0.06659	0.00701	0.00869	0.01215	0.00577	0.00680
9	0.01192	0.00822	0.01015	0.01026	0.01066	0.00856	0.00651	0.01273	0.01261	0.01718	0.02631	0.08546	0.02926	0.50992	0.19707	0.00910	0.01138	0.01194	0.00504	0.00572
10	0.01532	0.00918	0.01031	0.00988	0.01167	0.00963	0.00720	0.06280	0.01717	0.02730	0.02550	0.03550	0.02259	0.17019	0.13224	0.00532	0.00842	0.00887	0.40332	0.00758
11	0.02254	0.01878	0.01984	0.01729	0.02232	0.02154	0.01360	0.14477	0.53753	0.03778	0.03142	0.02909	0.02343	0.01105	0.00843	0.00276	0.00702	0.00906	0.00843	0.01332
12	0.01077	0.00758	0.00963	0.01083	0.01186	0.00703	0.00747	0.01286	0.01753	0.02404	0.14763	0.49312	0.10748	0.02288	0.01004	0.00309	0.00455	0.02048	0.06409	0.00703
13	0.00993	0.00836	0.00862	0.00869	0.01133	0.00704	0.00646	0.01210	0.01901	0.02294	0.11142	0.11185	0.59170	0.02109	0.00986	0.00283	0.00423	0.01772	0.00779	0.00704
14	0.02672	0.02189	0.02073	0.01714	0.02228	0.13236	0.01364	0.29232	0.10458	0.08812	0.11222	0.03006	0.05795	0.01146	0.00848	0.00251	0.00869	0.00899	0.00787	0.01199
15	0.00986	0.00825	0.00859	0.00886	0.01134	0.00698	0.00651	0.01187	0.01851	0.02227	0.07873	0.16808	0.56822	0.02175	0.00993	0.00289	0.00429	0.01839	0.00771	0.00698
16	0.02211	0.34178	0.03329	0.01748	0.02199	0.02835	0.01561	0.12684	0.01922	0.02533	0.01321	0.01680	0.01174	0.01220	0.03957	0.00296	0.23043	0.00606	0.00443	0.01062
