[name]
unknown

[dist]
# distance from previous block
# <min> <max>
6	39

[block]
# block no. 0 follows, 17 sequences, length 74
# corresponding to MSA columns:
# 39-77,80-114
name=unknown_A
#
# <colnr> <probs for GDERKNQSTAVLIFYWHMCP>
#	G	D	E	R	K	N	Q	S	T	A	V	L	I	F	Y	W	H	M	C	P
0	0.02211	0.02068	0.03228	0.21455	0.26164	0.02416	0.02519	0.07077	0.02084	0.02921	0.01653	0.02312	0.01372	0.01095	0.01474	0.00323	0.17054	0.00837	0.00479	0.01261
1	0.01557	0.01605	0.06923	0.02595	0.18559	0.01325	0.01607	0.01919	0.01971	0.02639	0.04842	0.23909	0.17753	0.06848	0.01349	0.00371	0.00792	0.01720	0.00696	0.01019
2	0.02560	0.02812	0.02612	0.03088	0.20473	0.25350	0.01877	0.05980	0.02480	0.02814	0.03612	0.03761	0.16074	0.01292	0.00947	0.00275	0.01179	0.01037	0.00603	0.01172
3	0.06683	0.03381	0.13208	0.03855	0.26690	0.21211	0.05703	0.03182	0.02258	0.02886	0.01643	0.02045	0.01326	0.00890	0.00892	0.00274	0.01352	0.00740	0.00468	0.01312
4	0.01776	0.01684	0.02083	0.02091	0.06391	0.06720	0.01525	0.02073	0.01856	0.02525	0.09529	0.07948	0.09393	0.03079	0.17092	0.00637	0.20829	0.01205	0.00598	0.00965
5	0.02268	0.02376	0.02757	0.02215	0.02732	0.16876	0.13986	0.02655	0.02054	0.02621	0.02000	0.02860	0.01780	0.10318	0.06597	0.00443	0.04819	0.00881	0.05896	0.13866
6	0.01801	0.01794	0.01875	0.15838	0.02890	0.13530	0.01507	0.02128	0.01965	0.02355	0.03472	0.21337	0.07856	0.02909	0.13855	0.00568	0.01339	0.01450	0.00619	0.00913
7	0.01597	0.01199	0.01324	0.01266	0.01525	0.01175	0.00908	0.10932	0.02286	0.02936	0.05833	0.21503	0.24910	0.16040	0.01892	0.00455	0.00683	0.01836	0.00822	0.00878
8	0.02758	0.02778	0.02823	0.02395	0.02683	0.17360	0.01944	0.15177	0.02415	0.03108	0.01522	0.02021	0.01315	0.01370	0.02069	0.00343	0.35414	0.00778	0.00550	0.01176
9	0.01766	0.01587	0.02416	0.02819	0.16590	0.01866	0.01810	0.02094	0.01698	0.02468	0.02390	0.12698	0.02431	0.03331	0.20834	0.00716	0.19736	0.01177	0.00527	0.01046
10	0.01207	0.00921	0.01083	0.01116	0.01315	0.00825	0.00793	0.01466	0.02147	0.02805	0.22457	0.22454	0.27558	0.07785	0.01444	0.00378	0.00522	0.02029	0.00897	0.00797
11	0.01705	0.01577	0.02451	0.42202	0.09547	0.01826	0.02154	0.02344	0.04922	0.02574	0.03574	0.04033	0.14761	0.01278	0.00982	0.00313	0.01044	0.01110	0.00554	0.01050
12	0.02334	0.02241	0.03828	0.05788	0.60977	0.02241	0.02894	0.02894	0.02147	0.03081	0.01774	0.02334	0.01494	0.00840	0.00934	0.00280	0.01120	0.00840	0.00467	0.01494
13	0.03416	0.02050	0.02375	0.01874	0.02525	0.02125	0.01525	0.32692	0.03560	0.22571	0.07674	0.07759	0.02771	0.01345	0.00978	0.00294	0.00880	0.01087	0.01015	0.01483
14	0.01878	0.01567	0.01813	0.01457	0.01985	0.01448	0.01101	0.02532	0.10762	0.02849	0.02309	0.03255	0.02123	0.17286	0.01912	0.00378	0.04909	0.00857	0.00615	0.38964
15	0.01371	0.00914	0.01029	0.01029	0.01029	0.00914	0.00571	0.01371	0.01371	0.01828	0.02971	0.06171	0.03428	0.66859	0.04800	0.00914	0.00914	0.01371	0.00571	0.00571
16	0.01347	0.01010	0.01516	0.01516	0.01684	0.01179	0.01179	0.01684	0.01516	0.02189	0.02526	0.03705	0.02357	0.07072	0.63122	0.01516	0.02526	0.01010	0.00505	0.00842
17	0.03064	0.12621	0.02962	0.02011	0.02711	0.02886	0.01679	0.34133	0.19692	0.04789	0.02564	0.02504	0.01906	0.01123	0.00895	0.00281	0.00950	0.00857	0.00863	0.01510
18	0.03137	0.02402	0.02830	0.17677	0.03811	0.02718	0.01998	0.44064	0.03801	0.05065	0.02118	0.02326	0.01518	0.01085	0.00943	0.00291	0.01092	0.00846	0.00813	0.01466
19	0.01335	0.00964	0.01261	0.01186	0.01409	0.00890	0.00890	0.01780	0.02669	0.03782	0.60479	0.07044	0.08898	0.01928	0.01112	0.00297	0.00445	0.01705	0.01038	0.00890
20	0.01856	0.01178	0.01499	0.01325	0.01650	0.01117	0.01022	0.06788	0.02820	0.10623	0.49079	0.06203	0.07532	0.01774	0.01079	0.00295	0.00536	0.01547	0.01045	0.01032
21	0.01196	0.00958	0.01068	0.01041	0.01324	0.00831	0.00780	0.01511	0.02341	0.03003	0.28344	0.08326	0.41518	0.02218	0.01114	0.00310	0.00466	0.01885	0.00936	0.00831
22	0.02998	0.03637	0.02976	0.02572	0.02958	0.40823	0.06548	0.03276	0.02284	0.02357	0.01433	0.01875	0.01239	0.01151	0.01513	0.00298	0.19797	0.00712	0.00464	0.01091
23	0.03523	0.04494	0.02672	0.02429	0.02915	0.63073	0.01822	0.03766	0.02672	0.02308	0.01458	0.01701	0.01215	0.00972	0.00850	0.00243	0.01701	0.00607	0.00486	0.01093
24	0.01371	0.00914	0.01029	0.01029	0.01029	0.00914	0.00571	0.01371	0.01371	0.01828	0.02971	0.06171	0.03428	0.66859	0.04800	0.00914	0.00914	0.01371	0.00571	0.00571
25	0.02298	0.33987	0.29022	0.02235	0.03279	0.06459	0.05230	0.02957	0.02007	0.02590	0.01511	0.01778	0.01215	0.00854	0.00768	0.00251	0.01241	0.00622	0.00410	0.01284
26	0.01133	0.00885	0.01028	0.01143	0.01323	0.00780	0.00800	0.01332	0.01969	0.02474	0.07263	0.39131	0.32016	0.02686	0.01161	0.00352	0.00514	0.02353	0.00876	0.00780
27	0.02176	0.02079	0.03542	0.22572	0.45426	0.02199	0.02816	0.02756	0.02073	0.02889	0.01746	0.02385	0.01426	0.00869	0.00936	0.00290	0.01159	0.00840	0.00453	0.01366
28	0.03382	0.03061	0.05846	0.02096	0.02721	0.26643	0.01709	0.04260	0.15424	0.21159	0.02712	0.02597	0.01937	0.01098	0.00908	0.00279	0.01188	0.00822	0.00800	0.01360
29	0.03523	0.04494	0.02672	0.02429	0.02915	0.63073	0.01822	0.03766	0.02672	0.02308	0.01458	0.01701	0.01215	0.00972	0.00850	0.00243	0.01701	0.00607	0.00486	0.01093
30	0.02061	0.03747	0.35320	0.03513	0.11346	0.02264	0.22130	0.02987	0.02091	0.03010	0.01777	0.02224	0.01313	0.00854	0.00976	0.00303	0.01428	0.00858	0.00434	0.01364
31	0.02767	0.03239	0.03855	0.03676	0.16637	0.26968	0.19604	0.03253	0.02346	0.02705	0.01659	0.02129	0.01347	0.00923	0.01074	0.00284	0.04992	0.00831	0.00475	0.01236
32	0.01171	0.00863	0.01097	0.01238	0.01359	0.00789	0.00853	0.01389	0.01988	0.02633	0.14082	0.48499	0.15152	0.02713	0.01176	0.00360	0.00521	0.02428	0.00900	0.00789
33	0.01149	0.00821	0.01094	0.01313	0.01368	0.00766	0.00875	0.01313	0.01805	0.02407	0.05198	0.66244	0.06237	0.02954	0.01204	0.00383	0.00547	0.02681	0.00875	0.00766
34	0.01141	0.00851	0.01063	0.01232	0.01347	0.00773	0.00839	0.01322	0.01883	0.02439	0.06181	0.53333	0.18513	0.02827	0.01184	0.00368	0.00531	0.02525	0.00875	0.00773
35	0.03375	0.03005	0.02682	0.02195	0.02848	0.17776	0.01753	0.36121	0.12592	0.04727	0.02310	0.02321	0.01707	0.01115	0.00923	0.00279	0.01157	0.00823	0.00832	0.01459
36	0.03523	0.04494	0.02672	0.02429	0.02915	0.63073	0.01822	0.03766	0.02672	0.02308	0.01458	0.01701	0.01215	0.00972	0.00850	0.00243	0.01701	0.00607	0.00486	0.01093
37	0.02083	0.01122	0.01430	0.01294	0.01657	0.00991	0.00990	0.02414	0.02425	0.19799	0.24112	0.15688	0.18282	0.01976	0.01080	0.00314	0.00570	0.01707	0.01013	0.01053
38	0.02496	0.02733	0.03065	0.02676	0.07382	0.20701	0.15471	0.07544	0.05633	0.02991	0.03660	0.03807	0.15125	0.01275	0.00997	0.00289	0.01240	0.01115	0.00636	0.01164
39	0.01677	0.01444	0.01493	0.01396	0.01812	0.01504	0.01071	0.03024	0.28241	0.03186	0.06943	0.06537	0.34232	0.01882	0.01044	0.00319	0.00600	0.01568	0.00914	0.01114
40	0.01533	0.01163	0.01551	0.15444	0.02567	0.01156	0.01242	0.01930	0.02284	0.06697	0.22910	0.06597	0.27695	0.01843	0.01064	0.00309	0.00665	0.01576	0.00841	0.00934
41	0.02929	0.03369	0.03249	0.04107	0.31918	0.32687	0.02358	0.03330	0.02410	0.02694	0.01616	0.02017	0.01354	0.00906	0.00892	0.00261	0.01411	0.00724	0.00476	0.01293
42	0.02935	0.41428	0.04004	0.01951	0.02625	0.28247	0.01700	0.03213	0.02229	0.02256	0.01372	0.01590	0.01212	0.00875	0.00706	0.00219	0.01294	0.00547	0.00437	0.01162
43	0.02034	0.19004	0.49093	0.02445	0.03706	0.02538	0.03062	0.02950	0.01974	0.02813	0.01606	0.01883	0.01198	0.00876	0.00830	0.00277	0.01307	0.00653	0.00399	0.01352
44	0.02605	0.02517	0.03615	0.03596	0.19587	0.07492	0.15886	0.12099	0.15761	0.03649	0.02334	0.02596	0.01792	0.00987	0.00979	0.00296	0.01186	0.00942	0.00659	0.01422
45	0.02331	0.01153	0.01593	0.01493	0.01823	0.01088	0.01132	0.02608	0.02070	0.24211	0.04049	0.28861	0.03921	0.03225	0.15093	0.00605	0.01088	0.01664	0.00899	0.01093
46	0.01146	0.00832	0.01083	0.01283	0.01360	0.00768	0.00862	0.01316	0.01834	0.02419	0.05561	0.61466	0.10780	0.02907	0.01196	0.00378	0.00541	0.02623	0.00875	0.00768
47	0.01145	0.00836	0.01079	0.01273	0.01357	0.00769	0.00858	0.01318	0.01844	0.02423	0.05687	0.59821	0.12344	0.02891	0.01194	0.00376	0.00539	0.02603	0.00875	0.00769
48	0.03198	0.03719	0.03005	0.03339	0.19012	0.41309	0.02117	0.07929	0.02670	0.02818	0.01611	0.01922	0.01324	0.00948	0.00881	0.00256	0.01486	0.00692	0.00518	0.01246
49	0.24748	0.03415	0.06124	0.02043	0.02659	0.31157	0.01681	0.11888	0.02579	0.03507	0.01555	0.01756	0.01215	0.00963	0.00787	0.00268	0.01281	0.00622	0.00582	0.01171
50	0.01911	0.01026	0.01042	0.00987	0.01251	0.01050	0.00754	0.06847	0.02183	0.03719	0.03008	0.03411	0.02349	0.01101	0.00683	0.00225	0.00489	0.00876	0.66148	0.00939
51	0.01425	0.00983	0.01226	0.01285	0.01481	0.00919	0.00916	0.01808	0.05294	0.06203	0.16723	0.38079	0.15166	0.02462	0.01143	0.00347	0.00541	0.02185	0.00929	0.00884
52	0.03523	0.04494	0.02672	0.02429	0.02915	0.63073	0.01822	0.03766	0.02672	0.02308	0.01458	0.01701	0.01215	0.00972	0.00850	0.00243	0.01701	0.00607	0.00486	0.01093
53	0.01371	0.00914	0.01029	0.01029	0.01029	0.00914	0.00571	0.01371	0.01371	0.01828	0.02971	0.06171	0.03428	0.66859	0.04800	0.00914	0.00914	0.01371	0.00571	0.00571
54	0.01369	0.00978	0.01347	0.01565	0.01716	0.00956	0.01259	0.01694	0.02023	0.02654	0.05076	0.33167	0.05755	0.02747	0.01262	0.00413	0.00738	0.33582	0.00871	0.00827
55	0.02621	0.02680	0.03097	0.08995	0.28796	0.16022	0.02296	0.06206	0.13705	0.03164	0.02129	0.02438	0.01691	0.00980	0.00921	0.00283	0.01184	0.00833	0.00589	0.01371
56	0.03523	0.04494	0.02672	0.02429	0.02915	0.63073	0.01822	0.03766	0.02672	0.02308	0.01458	0.01701	0.01215	0.00972	0.00850	0.00243	0.01701	0.00607	0.00486	0.01093
57	0.01371	0.00914	0.01029	0.01029	0.01029	0.00914	0.00571	0.01371	0.01371	0.01828	0.02971	0.06171	0.03428	0.66859	0.04800	0.00914	0.00914	0.01371	0.00571	0.00571
58	0.01891	0.04878	0.61973	0.02688	0.04081	0.02190	0.03484	0.02986	0.01991	0.02986	0.01692	0.01991	0.01195	0.00896	0.00896	0.00299	0.01394	0.00697	0.00398	0.01394
59	0.03116	0.02986	0.02955	0.03112	0.17289	0.19374	0.02040	0.23192	0.09601	0.03997	0.02097	0.02267	0.01613	0.01032	0.00917	0.00275	0.01209	0.00804	0.00700	0.01422
60	0.01371	0.00914	0.01029	0.01029	0.01029	0.00914	0.00571	0.01371	0.01371	0.01828	0.02971	0.06171	0.03428	0.66859	0.04800	0.00914	0.00914	0.01371	0.00571	0.00571
61	0.03984	0.02001	0.02434	0.01866	0.02605	0.01975	0.01541	0.24963	0.03363	0.40325	0.03163	0.02848	0.02055	0.01154	0.00946	0.00288	0.00892	0.00910	0.01082	0.01604
62	0.02015	0.01210	0.01422	0.01249	0.01663	0.01086	0.00975	0.05810	0.02543	0.16121	0.20033	0.06852	0.31495	0.01927	0.01066	0.00305	0.00578	0.01618	0.00983	0.01049
63	0.01115	0.00955	0.00955	0.00955	0.01274	0.00796	0.00716	0.01353	0.02149	0.02547	0.09553	0.09075	0.60594	0.02388	0.01115	0.00318	0.00478	0.01990	0.00876	0.00796
64	0.01758	0.00879	0.00879	0.00879	0.01099	0.00879	0.00659	0.02197	0.01978	0.03516	0.03076	0.03516	0.02417	0.01099	0.00659	0.00220	0.00439	0.00879	0.72094	0.00879
65	0.01758	0.00879	0.00879	0.00879	0.01099	0.00879	0.00659	0.02197	0.01978	0.03516	0.03076	0.03516	0.02417	0.01099	0.00659	0.00220	0.00439	0.00879	0.72094	0.00879
66	0.15092	0.01639	0.02063	0.01609	0.02316	0.01500	0.01329	0.04310	0.02528	0.52632	0.03343	0.02947	0.02128	0.01121	0.00891	0.00292	0.00791	0.00880	0.01076	0.01513
67	0.01758	0.00879	0.00879	0.00879	0.01099	0.00879	0.00659	0.02197	0.01978	0.03516	0.03076	0.03516	0.02417	0.01099	0.00659	0.00220	0.00439	0.00879	0.72094	0.00879
68	0.03241	0.03561	0.02565	0.02258	0.02802	0.37594	0.01735	0.13418	0.17037	0.03343	0.02188	0.02250	0.01695	0.01076	0.00894	0.00269	0.01349	0.00763	0.00683	0.01281
69	0.02521	0.67426	0.04942	0.01614	0.02420	0.03731	0.01614	0.02824	0.01916	0.02219	0.01311	0.01513	0.01210	0.00807	0.00605	0.00202	0.01008	0.00504	0.00403	0.01210
70	0.01955	0.01676	0.01955	0.01397	0.02235	0.01257	0.01117	0.02374	0.01955	0.03073	0.01676	0.01955	0.01397	0.00698	0.00698	0.00140	0.00698	0.00559	0.00559	0.72624
71	0.02334	0.02241	0.03828	0.05788	0.60977	0.02241	0.02894	0.02894	0.02147	0.03081	0.01774	0.02334	0.01494	0.00840	0.00934	0.00280	0.01120	0.00840	0.00467	0.01494
72	0.03532	0.04204	0.02697	0.02389	0.02917	0.53645	0.01817	0.12240	0.02948	0.02878	0.01584	0.01789	0.01276	0.00997	0.00865	0.00249	0.01597	0.00645	0.00558	0.01173
73	0.02334	0.02241	0.03828	0.05788	0.60977	0.02241	0.02894	0.02894	0.02147	0.03081	0.01774	0.02334	0.01494	0.00840	0.00934	0.00280	0.01120	0.00840	0.00467	0.01494

[dist]
# distance from previous block
# <min> <max>
0	2

[block]
# block no. 1 follows, 17 sequences, length 20
# corresponding to MSA columns:
# 117-136
name=unknown_B
#
# <colnr> <probs for GDERKNQSTAVLIFYWHMCP>
#	G	D	E	R	K	N	Q	S	T	A	V	L	I	F	Y	W	H	M	C	P
0	0.01149	0.00821	0.01094	0.01313	0.01368	0.00766	0.00875	0.01313	0.01805	0.02407	0.05198	0.66244	0.06237	0.02954	0.01204	0.00383	0.00547	0.02681	0.00875	0.00766
1	0.02334	0.02241	0.03828	0.05788	0.60977	0.02241	0.02894	0.02894	0.02147	0.03081	0.01774	0.02334	0.01494	0.00840	0.00934	0.00280	0.01120	0.00840	0.00467	0.01494
2	0.02334	0.02241	0.03828	0.05788	0.60977	0.02241	0.02894	0.02894	0.02147	0.03081	0.01774	0.02334	0.01494	0.00840	0.00934	0.00280	0.01120	0.00840	0.00467	0.01494
3	0.03669	0.02507	0.02747	0.02106	0.02857	0.02724	0.01740	0.50909	0.04208	0.13185	0.02453	0.02387	0.01699	0.01137	0.00944	0.00284	0.01007	0.00862	0.00972	0.01604
4	0.01123	0.00920	0.00991	0.01048	0.01298	0.00788	0.00758	0.01343	0.02060	0.02511	0.08423	0.23903	0.46495	0.02535	0.01138	0.00335	0.00496	0.02169	0.00876	0.00788
5	0.01638	0.00819	0.01229	0.01229	0.01229	0.00819	0.00819	0.01229	0.01229	0.01638	0.01638	0.02867	0.01638	0.03276	0.03686	0.72563	0.00819	0.00819	0.00410	0.00410
6	0.01371	0.00914	0.01029	0.01029	0.01029	0.00914	0.00571	0.01371	0.01371	0.01828	0.02971	0.06171	0.03428	0.66859	0.04800	0.00914	0.00914	0.01371	0.00571	0.00571
7	0.03752	0.02373	0.02664	0.02042	0.02790	0.02525	0.01687	0.44024	0.03984	0.20386	0.02642	0.02509	0.01793	0.01141	0.00945	0.00285	0.00977	0.00875	0.01001	0.01604
8	0.03585	0.02641	0.02830	0.02170	0.02924	0.02924	0.01792	0.57832	0.04434	0.05943	0.02264	0.02264	0.01604	0.01132	0.00943	0.00283	0.01038	0.00849	0.00943	0.01604
9	0.01172	0.00958	0.01034	0.01015	0.01309	0.00820	0.00761	0.01464	0.02284	0.02868	0.22762	0.08549	0.47186	0.02269	0.01114	0.00313	0.00469	0.01916	0.00918	0.00820
10	0.73520	0.01824	0.01386	0.01240	0.01824	0.02115	0.01021	0.02772	0.01605	0.04231	0.01313	0.01532	0.01021	0.00875	0.00584	0.00292	0.00729	0.00511	0.00584	0.01021
11	0.01137	0.00869	0.01045	0.01186	0.01334	0.00777	0.00819	0.01327	0.01928	0.02457	0.06750	0.45862	0.25616	0.02753	0.01172	0.00360	0.00522	0.02435	0.00875	0.00777
12	0.01891	0.04878	0.61973	0.02688	0.04081	0.02190	0.03484	0.02986	0.01991	0.02986	0.01692	0.01991	0.01195	0.00896	0.00896	0.00299	0.01394	0.00697	0.00398	0.01394
13	0.01416	0.01021	0.01394	0.01598	0.01787	0.01000	0.01333	0.01781	0.02093	0.02717	0.05325	0.22234	0.09090	0.02665	0.01270	0.00416	0.00776	0.40370	0.00870	0.00842
14	0.02571	0.02569	0.03467	0.14777	0.31809	0.11960	0.06106	0.09552	0.02465	0.03183	0.01774	0.02270	0.01418	0.00911	0.00935	0.00283	0.01256	0.00822	0.00520	0.01352
15	0.02521	0.67426	0.04942	0.01614	0.02420	0.03731	0.01614	0.02824	0.01916	0.02219	0.01311	0.01513	0.01210	0.00807	0.00605	0.00202	0.01008	0.00504	0.00403	0.01210
16	0.01371	0.00914	0.01029	0.01029	0.01029	0.00914	0.00571	0.01371	0.01371	0.01828	0.02971	0.06171	0.03428	0.66859	0.04800	0.00914	0.00914	0.01371	0.00571	0.00571
17	0.01209	0.00887	0.01136	0.01226	0.01371	0.00813	0.00861	0.01480	0.02147	0.02902	0.24944	0.38840	0.13640	0.02530	0.01161	0.00345	0.00503	0.02259	0.00932	0.00813
18	0.02465	0.14722	0.22396	0.02929	0.06954	0.16017	0.15639	0.03135	0.02194	0.02719	0.01631	0.01996	0.01275	0.00870	0.00890	0.00273	0.01428	0.00751	0.00441	0.01272
19	0.01533	0.01283	0.01872	0.01765	0.01889	0.01622	0.01408	0.01836	0.01497	0.02210	0.02192	0.03279	0.02067	0.05666	0.47553	0.01229	0.18764	0.00962	0.00481	0.00891

[dist]
# distance from previous block
# <min> <max>
0	1

[block]
# block no. 2 follows, 17 sequences, length 9
# corresponding to MSA columns:
# 138-146
name=unknown_C
#
# <colnr> <probs for GDERKNQSTAVLIFYWHMCP>
#	G	D	E	R	K	N	Q	S	T	A	V	L	I	F	Y	W	H	M	C	P
0	0.02060	0.02153	0.01895	0.01815	0.02088	0.21472	0.01390	0.02366	0.01895	0.02228	0.02176	0.03048	0.01983	0.05072	0.42705	0.01098	0.02255	0.00878	0.00499	0.00924
1	0.09363	0.03559	0.28241	0.03662	0.24758	0.08576	0.02847	0.03013	0.02082	0.03074	0.01660	0.02042	0.01290	0.00881	0.00874	0.00285	0.01259	0.00722	0.00451	0.01362
2	0.29663	0.26816	0.17605	0.01734	0.02600	0.02731	0.01846	0.02844	0.01815	0.03181	0.01406	0.01638	0.01134	0.00855	0.00668	0.00260	0.00996	0.00554	0.00471	0.01183
3	0.11137	0.20824	0.03299	0.02547	0.10861	0.31476	0.01825	0.03274	0.02272	0.02614	0.01446	0.01720	0.01231	0.00898	0.00765	0.00243	0.01320	0.00601	0.00472	0.01173
4	0.02094	0.12978	0.36702	0.03133	0.10550	0.02450	0.13238	0.02959	0.02042	0.02895	0.01688	0.02066	0.01275	0.00858	0.00900	0.00286	0.01344	0.00764	0.00422	0.01357
5	0.21190	0.04055	0.45649	0.02298	0.03473	0.02170	0.02821	0.02929	0.01887	0.03322	0.01590	0.01867	0.01148	0.00890	0.00812	0.00297	0.01215	0.00647	0.00448	0.01293
6	0.02196	0.01594	0.01823	0.01656	0.02001	0.01687	0.01253	0.24570	0.02855	0.03816	0.03725	0.29978	0.03966	0.09538	0.01516	0.00406	0.00809	0.04652	0.00868	0.01093
7	0.01986	0.01924	0.03418	0.03682	0.23149	0.01895	0.17779	0.02716	0.07770	0.02969	0.02938	0.19700	0.02890	0.01440	0.01060	0.00323	0.01063	0.01435	0.00629	0.01235
8	0.03059	0.03736	0.02373	0.02168	0.02635	0.47914	0.01631	0.03555	0.08525	0.02513	0.02851	0.02933	0.09780	0.01204	0.00899	0.00262	0.01428	0.00851	0.00591	0.01093

[dist]
# distance from previous block
# <min> <max>
0	1

[block]
# block no. 3 follows, 17 sequences, length 51
# corresponding to MSA columns:
# 148-198
name=unknown_D
#
# <colnr> <probs for GDERKNQSTAVLIFYWHMCP>
#	G	D	E	R	K	N	Q	S	T	A	V	L	I	F	Y	W	H	M	C	P
0	0.01994	0.12394	0.51666	0.02733	0.07124	0.02382	0.03221	0.02961	0.01991	0.02898	0.01650	0.01952	0.01214	0.00882	0.00862	0.00286	0.01331	0.00681	0.00403	0.01377
1	0.02519	0.02057	0.03225	0.04458	0.42062	0.02063	0.02386	0.03320	0.09949	0.10887	0.02736	0.02979	0.05033	0.01028	0.00949	0.00289	0.00993	0.00948	0.00648	0.01470
2	0.01843	0.01723	0.02670	0.03841	0.36924	0.01659	0.02017	0.02273	0.02148	0.02866	0.04908	0.05050	0.25303	0.01464	0.01006	0.00296	0.00861	0.01304	0.00632	0.01213
3	0.02227	0.02132	0.03635	0.17122	0.50476	0.02213	0.02841	0.02801	0.02097	0.02951	0.01755	0.02369	0.01448	0.00860	0.00935	0.00287	0.01147	0.00840	0.00458	0.01408
4	0.01115	0.00955	0.00955	0.00955	0.01274	0.00796	0.00716	0.01353	0.02149	0.02547	0.09553	0.09075	0.60594	0.02388	0.01115	0.00318	0.00478	0.01990	0.00876	0.00796
5	0.01271	0.00872	0.01058	0.01156	0.01181	0.00848	0.00708	0.01345	0.01566	0.02088	0.03971	0.33141	0.04689	0.38169	0.03185	0.00676	0.00749	0.01959	0.00708	0.00659
6	0.01891	0.04878	0.61973	0.02688	0.04081	0.02190	0.03484	0.02986	0.01991	0.02986	0.01692	0.01991	0.01195	0.00896	0.00896	0.00299	0.01394	0.00697	0.00398	0.01394
7	0.01932	0.08930	0.58279	0.02618	0.03974	0.02290	0.03363	0.02976	0.01986	0.02937	0.01668	0.01960	0.01196	0.00890	0.00877	0.00292	0.01369	0.00684	0.00399	0.01382
8	0.01163	0.00957	0.01022	0.01006	0.01303	0.00817	0.00754	0.01446	0.02263	0.02817	0.20660	0.08632	0.49319	0.02288	0.01114	0.00314	0.00471	0.01928	0.00911	0.00817
9	0.02070	0.01138	0.01430	0.01257	0.01646	0.01000	0.00978	0.02435	0.02532	0.19353	0.30587	0.06558	0.21582	0.01848	0.01068	0.00301	0.00552	0.01577	0.01028	0.01060
10	0.02409	0.02383	0.03755	0.05576	0.57316	0.06076	0.02827	0.02949	0.02180	0.03032	0.01754	0.02294	0.01476	0.00849	0.00928	0.00278	0.01157	0.00826	0.00468	0.01468
11	0.01769	0.01319	0.01511	0.01456	0.01748	0.01329	0.01077	0.15886	0.02558	0.03349	0.05392	0.37289	0.16899	0.02361	0.01117	0.00343	0.00658	0.02058	0.00893	0.00988
12	0.01932	0.04597	0.55183	0.02843	0.04183	0.02213	0.09992	0.02991	0.02019	0.02991	0.01718	0.02057	0.01223	0.00884	0.00922	0.00301	0.01417	0.00747	0.00408	0.01379
13	0.01758	0.00879	0.00879	0.00879	0.01099	0.00879	0.00659	0.02197	0.01978	0.03516	0.03076	0.03516	0.02417	0.01099	0.00659	0.00220	0.00439	0.00879	0.72094	0.00879
14	0.01955	0.01676	0.01955	0.01397	0.02235	0.01257	0.01117	0.02374	0.01955	0.03073	0.01676	0.01955	0.01397	0.00698	0.00698	0.00140	0.00698	0.00559	0.00559	0.72624
15	0.01335	0.00964	0.01261	0.01186	0.01409	0.00890	0.00890	0.01780	0.02669	0.03782	0.60479	0.07044	0.08898	0.01928	0.01112	0.00297	0.00445	0.01705	0.01038	0.00890
16	0.01145	0.00956	0.00998	0.00987	0.01292	0.00809	0.00741	0.01412	0.02222	0.02719	0.16616	0.08794	0.53424	0.02324	0.01114	0.00315	0.00473	0.01951	0.00898	0.00809
17	0.01149	0.00821	0.01094	0.01313	0.01368	0.00766	0.00875	0.01313	0.01805	0.02407	0.05198	0.66244	0.06237	0.02954	0.01204	0.00383	0.00547	0.02681	0.00875	0.00766
18	0.02156	0.02059	0.03506	0.24722	0.43435	0.02194	0.02805	0.02738	0.02063	0.02865	0.01742	0.02392	0.01418	0.00873	0.00937	0.00291	0.01164	0.00840	0.00451	0.01350
19	0.02521	0.67426	0.04942	0.01614	0.02420	0.03731	0.01614	0.02824	0.01916	0.02219	0.01311	0.01513	0.01210	0.00807	0.00605	0.00202	0.01008	0.00504	0.00403	0.01210
20	0.02222	0.02126	0.03625	0.17716	0.49926	0.02211	0.02838	0.02796	0.02094	0.02945	0.01754	0.02370	0.01446	0.00861	0.00935	0.00287	0.01148	0.00840	0.00457	0.01403
21	0.03523	0.04494	0.02672	0.02429	0.02915	0.63073	0.01822	0.03766	0.02672	0.02308	0.01458	0.01701	0.01215	0.00972	0.00850	0.00243	0.01701	0.00607	0.00486	0.01093
22	0.02964	0.02175	0.02364	0.01972	0.02599	0.02420	0.01577	0.21970	0.35027	0.11307	0.03318	0.03079	0.02405	0.01219	0.00953	0.00305	0.00847	0.00983	0.00979	0.01541
23	0.01295	0.00962	0.01206	0.01145	0.01385	0.00873	0.00859	0.01703	0.02576	0.03560	0.51332	0.07409	0.18183	0.02011	0.01113	0.00301	0.00451	0.01757	0.01009	0.00873
24	0.01275	0.00991	0.01440	0.13944	0.02391	0.01031	0.01223	0.01532	0.01821	0.02408	0.04495	0.53523	0.05243	0.02553	0.01152	0.00369	0.00689	0.02313	0.00784	0.00822
25	0.01256	0.01018	0.01128	0.01132	0.01419	0.00921	0.00858	0.01682	0.05571	0.02866	0.18047	0.12726	0.40030	0.02294	0.01124	0.00327	0.00518	0.05319	0.00910	0.00857
26	0.01938	0.09531	0.57730	0.02608	0.03958	0.02305	0.03345	0.02974	0.01985	0.02929	0.01664	0.01955	0.01196	0.00889	0.00874	0.00291	0.01365	0.00683	0.00399	0.01380
27	0.02944	0.02031	0.02313	0.01765	0.02523	0.01965	0.01434	0.21935	0.09152	0.14200	0.02462	0.02446	0.01789	0.00990	0.00853	0.00234	0.00837	0.00780	0.00838	0.28510
28	0.03260	0.27013	0.10596	0.01805	0.02647	0.02460	0.01752	0.06732	0.02413	0.28780	0.02476	0.02364	0.01727	0.00995	0.00812	0.00258	0.00966	0.00744	0.00771	0.01429
29	0.01198	0.00959	0.01071	0.01043	0.01325	0.00832	0.00782	0.01515	0.02346	0.03015	0.28855	0.08305	0.41000	0.02214	0.01114	0.00310	0.00465	0.01882	0.00937	0.00832
30	0.04050	0.01895	0.02368	0.01816	0.02552	0.01817	0.01500	0.19518	0.03185	0.46021	0.03312	0.02945	0.02130	0.01157	0.00947	0.00289	0.00868	0.00920	0.01104	0.01605
31	0.01955	0.01676	0.01955	0.01397	0.02235	0.01257	0.01117	0.02374	0.01955	0.03073	0.01676	0.01955	0.01397	0.00698	0.00698	0.00140	0.00698	0.00559	0.00559	0.72624
32	0.02334	0.02241	0.03828	0.05788	0.60977	0.02241	0.02894	0.02894	0.02147	0.03081	0.01774	0.02334	0.01494	0.00840	0.00934	0.00280	0.01120	0.00840	0.00467	0.01494
33	0.02334	0.02241	0.03828	0.05788	0.60977	0.02241	0.02894	0.02894	0.02147	0.03081	0.01774	0.02334	0.01494	0.00840	0.00934	0.00280	0.01120	0.00840	0.00467	0.01494
34	0.01234	0.00960	0.01121	0.01081	0.01347	0.00847	0.00810	0.01584	0.02431	0.03217	0.37170	0.07974	0.32560	0.02139	0.01113	0.00307	0.00460	0.01836	0.00964	0.00847
35	0.01287	0.00962	0.01194	0.01136	0.01379	0.00869	0.00852	0.01687	0.02556	0.03512	0.49372	0.07487	0.20173	0.02028	0.01113	0.00301	0.00452	0.01768	0.01003	0.00869
36	0.03523	0.04494	0.02672	0.02429	0.02915	0.63073	0.01822	0.03766	0.02672	0.02308	0.01458	0.01701	0.01215	0.00972	0.00850	0.00243	0.01701	0.00607	0.00486	0.01093
37	0.03585	0.02641	0.02830	0.02170	0.02924	0.02924	0.01792	0.57832	0.04434	0.05943	0.02264	0.02264	0.01604	0.01132	0.00943	0.00283	0.01038	0.00849	0.00943	0.01604
38	0.04012	0.01956	0.02406	0.01845	0.02583	0.01907	0.01524	0.22639	0.03287	0.42756	0.03227	0.02889	0.02087	0.01155	0.00947	0.00289	0.00882	0.00915	0.01091	0.01604
39	0.02334	0.02241	0.03828	0.05788	0.60977	0.02241	0.02894	0.02894	0.02147	0.03081	0.01774	0.02334	0.01494	0.00840	0.00934	0.00280	0.01120	0.00840	0.00467	0.01494
40	0.01781	0.01676	0.02828	0.64592	0.06495	0.02095	0.02619	0.02409	0.01886	0.02409	0.01676	0.02514	0.01257	0.00943	0.00943	0.00314	0.01257	0.00838	0.00419	0.01048
41	0.01520	0.01085	0.01520	0.01737	0.01954	0.01085	0.01520	0.01954	0.02171	0.02822	0.04993	0.10637	0.05427	0.02605	0.01303	0.00434	0.00868	0.54629	0.00868	0.00868
42	0.01781	0.01676	0.02828	0.64592	0.06495	0.02095	0.02619	0.02409	0.01886	0.02409	0.01676	0.02514	0.01257	0.00943	0.00943	0.00314	0.01257	0.00838	0.00419	0.01048
43	0.01548	0.01305	0.01900	0.01785	0.01906	0.01658	0.01427	0.01848	0.01496	0.02212	0.02165	0.03245	0.02044	0.05553	0.46296	0.01206	0.20075	0.00958	0.00479	0.00895
44	0.01357	0.00908	0.01033	0.01047	0.01050	0.00905	0.00591	0.01368	0.01399	0.01865	0.03114	0.10012	0.03608	0.62773	0.04570	0.00880	0.00891	0.01455	0.00591	0.00584
45	0.01371	0.00914	0.01029	0.01029	0.01029	0.00914	0.00571	0.01371	0.01371	0.01828	0.02971	0.06171	0.03428	0.66859	0.04800	0.00914	0.00914	0.01371	0.00571	0.00571
46	0.03523	0.04494	0.02672	0.02429	0.02915	0.63073	0.01822	0.03766	0.02672	0.02308	0.01458	0.01701	0.01215	0.00972	0.00850	0.00243	0.01701	0.00607	0.00486	0.01093
47	0.01198	0.01028	0.01035	0.01020	0.01353	0.00901	0.00769	0.01600	0.06007	0.02642	0.09167	0.08700	0.56696	0.02313	0.01104	0.00319	0.00496	0.01928	0.00881	0.00843
48	0.03585	0.02641	0.02830	0.02170	0.02924	0.02924	0.01792	0.57832	0.04434	0.05943	0.02264	0.02264	0.01604	0.01132	0.00943	0.00283	0.01038	0.00849	0.00943	0.01604
49	0.01891	0.04878	0.61973	0.02688	0.04081	0.02190	0.03484	0.02986	0.01991	0.02986	0.01692	0.01991	0.01195	0.00896	0.00896	0.00299	0.01394	0.00697	0.00398	0.01394
50	0.01246	0.00960	0.01138	0.01093	0.01354	0.00852	0.00820	0.01608	0.02460	0.03284	0.39962	0.07862	0.29725	0.02113	0.01113	0.00305	0.00458	0.01820	0.00973	0.00852

[dist]
# distance from previous block
# <min> <max>
0	16

[block]
# block no. 4 follows, 17 sequences, length 157
# corresponding to MSA columns:
# 215-356,358-372
name=unknown_E
#
# <colnr> <probs for GDERKNQSTAVLIFYWHMCP>
#	G	D	E	R	K	N	Q	S	T	A	V	L	I	F	Y	W	H	M	C	P
0	0.02182	0.02638	0.08984	0.03696	0.04556	0.02437	0.46797	0.02922	0.02109	0.02922	0.01807	0.02445	0.01390	0.00912	0.01354	0.00329	0.09761	0.01048	0.00463	0.01249
1	0.02334	0.02241	0.03828	0.05788	0.60977	0.02241	0.02894	0.02894	0.02147	0.03081	0.01774	0.02334	0.01494	0.00840	0.00934	0.00280	0.01120	0.00840	0.00467	0.01494
2	0.01350	0.00998	0.01453	0.01453	0.01600	0.01145	0.01101	0.01644	0.01497	0.02143	0.02583	0.04022	0.02495	0.14773	0.55610	0.01438	0.02318	0.01057	0.00514	0.00807
3	0.03831	0.01787	0.02252	0.01757	0.02451	0.01704	0.01440	0.14174	0.06789	0.44507	0.06527	0.03265	0.02592	0.01209	0.00957	0.00292	0.00822	0.00979	0.01106	0.01559
4	0.73520	0.01824	0.01386	0.01240	0.01824	0.02115	0.01021	0.02772	0.01605	0.04231	0.01313	0.01532	0.01021	0.00875	0.00584	0.00292	0.00729	0.00511	0.00584	0.01021
5	0.01891	0.04878	0.61973	0.02688	0.04081	0.02190	0.03484	0.02986	0.01991	0.02986	0.01692	0.01991	0.01195	0.00896	0.00896	0.00299	0.01394	0.00697	0.00398	0.01394
6	0.01955	0.01676	0.01955	0.01397	0.02235	0.01257	0.01117	0.02374	0.01955	0.03073	0.01676	0.01955	0.01397	0.00698	0.00698	0.00140	0.00698	0.00559	0.00559	0.72624
7	0.02521	0.67426	0.04942	0.01614	0.02420	0.03731	0.01614	0.02824	0.01916	0.02219	0.01311	0.01513	0.01210	0.00807	0.00605	0.00202	0.01008	0.00504	0.00403	0.01210
8	0.01371	0.00914	0.01029	0.01029	0.01029	0.00914	0.00571	0.01371	0.01371	0.01828	0.02971	0.06171	0.03428	0.66859	0.04800	0.00914	0.00914	0.01371	0.00571	0.00571
9	0.03585	0.02641	0.02830	0.02170	0.02924	0.02924	0.01792	0.57832	0.04434	0.05943	0.02264	0.02264	0.01604	0.01132	0.00943	0.00283	0.01038	0.00849	0.00943	0.01604
10	0.02521	0.67426	0.04942	0.01614	0.02420	0.03731	0.01614	0.02824	0.01916	0.02219	0.01311	0.01513	0.01210	0.00807	0.00605	0.00202	0.01008	0.00504	0.00403	0.01210
11	0.01371	0.00914	0.01029	0.01029	0.01029	0.00914	0.00571	0.01371	0.01371	0.01828	0.02971	0.06171	0.03428	0.66859	0.04800	0.00914	0.00914	0.01371	0.00571	0.00571
12	0.02787	0.01927	0.02145	0.01863	0.02442	0.02121	0.01468	0.04914	0.46031	0.17447	0.03811	0.03446	0.02751	0.01253	0.00957	0.00313	0.00759	0.01039	0.01008	0.01519
13	0.01781	0.01676	0.02828	0.64592	0.06495	0.02095	0.02619	0.02409	0.01886	0.02409	0.01676	0.02514	0.01257	0.00943	0.00943	0.00314	0.01257	0.00838	0.00419	0.01048
14	0.01190	0.00864	0.01123	0.01257	0.01371	0.00797	0.00867	0.01425	0.02033	0.02739	0.18455	0.48220	0.10822	0.02673	0.01176	0.00358	0.00518	0.02402	0.00913	0.00797
15	0.01485	0.01045	0.01405	0.01571	0.01737	0.01045	0.01298	0.01817	0.01984	0.02590	0.04520	0.09592	0.04959	0.17645	0.02121	0.00547	0.00879	0.42163	0.00799	0.00799
16	0.01249	0.01072	0.01084	0.01061	0.01402	0.00965	0.00801	0.01753	0.08391	0.02700	0.08929	0.08468	0.54287	0.02267	0.01098	0.00319	0.00507	0.01889	0.00885	0.00872
17	0.73520	0.01824	0.01386	0.01240	0.01824	0.02115	0.01021	0.02772	0.01605	0.04231	0.01313	0.01532	0.01021	0.00875	0.00584	0.00292	0.00729	0.00511	0.00584	0.01021
18	0.01371	0.00914	0.01029	0.01029	0.01029	0.00914	0.00571	0.01371	0.01371	0.01828	0.02971	0.06171	0.03428	0.66859	0.04800	0.00914	0.00914	0.01371	0.00571	0.00571
19	0.01347	0.01010	0.01516	0.01516	0.01684	0.01179	0.01179	0.01684	0.01516	0.02189	0.02526	0.03705	0.02357	0.07072	0.63122	0.01516	0.02526	0.01010	0.00505	0.00842
20	0.03425	0.04332	0.02687	0.02432	0.02886	0.59057	0.01838	0.03666	0.02590	0.02305	0.01443	0.01725	0.01216	0.01017	0.01000	0.00254	0.05934	0.00622	0.00481	0.01089
21	0.01166	0.00964	0.01027	0.01030	0.01330	0.00825	0.00785	0.01442	0.02217	0.02720	0.15747	0.08908	0.50839	0.02342	0.01125	0.00322	0.00496	0.05007	0.00896	0.00812
22	0.02287	0.01389	0.01444	0.01253	0.01627	0.01471	0.00987	0.18304	0.02689	0.04218	0.02841	0.03153	0.02182	0.01108	0.00741	0.00238	0.00613	0.00870	0.51496	0.01089
23	0.02334	0.02241	0.03828	0.05788	0.60977	0.02241	0.02894	0.02894	0.02147	0.03081	0.01774	0.02334	0.01494	0.00840	0.00934	0.00280	0.01120	0.00840	0.00467	0.01494
24	0.02823	0.01298	0.01707	0.01414	0.01914	0.01138	0.01127	0.03199	0.02618	0.33910	0.24203	0.05298	0.12119	0.01589	0.01027	0.00297	0.00636	0.01346	0.01085	0.01252
25	0.01347	0.01010	0.01516	0.01516	0.01684	0.01179	0.01179	0.01684	0.01516	0.02189	0.02526	0.03705	0.02357	0.07072	0.63122	0.01516	0.02526	0.01010	0.00505	0.00842
26	0.01695	0.01460	0.01511	0.01410	0.01830	0.01527	0.01083	0.03079	0.29101	0.03207	0.06857	0.06453	0.33363	0.01865	0.01041	0.00319	0.00604	0.01554	0.00915	0.01125
27	0.02134	0.02036	0.03466	0.27099	0.41233	0.02188	0.02794	0.02718	0.02052	0.02837	0.01738	0.02399	0.01408	0.00877	0.00937	0.00292	0.01170	0.00839	0.00449	0.01332
28	0.01781	0.01676	0.02828	0.64592	0.06495	0.02095	0.02619	0.02409	0.01886	0.02409	0.01676	0.02514	0.01257	0.00943	0.00943	0.00314	0.01257	0.00838	0.00419	0.01048
29	0.03119	0.03730	0.03064	0.03569	0.22613	0.42435	0.02186	0.03470	0.02494	0.02570	0.01565	0.01915	0.01309	0.00927	0.00879	0.00256	0.01504	0.00686	0.00479	0.01229
30	0.01891	0.04878	0.61973	0.02688	0.04081	0.02190	0.03484	0.02986	0.01991	0.02986	0.01692	0.01991	0.01195	0.00896	0.00896	0.00299	0.01394	0.00697	0.00398	0.01394
31	0.02417	0.06115	0.02270	0.01793	0.02314	0.02186	0.01450	0.18458	0.24086	0.04271	0.15937	0.04305	0.03932	0.01441	0.00989	0.00305	0.00784	0.04687	0.00931	0.01329
32	0.02450	0.60346	0.11397	0.01735	0.02608	0.03557	0.01825	0.02842	0.01925	0.02306	0.01354	0.01567	0.01208	0.00817	0.00638	0.00213	0.01052	0.00526	0.00403	0.01231
33	0.01781	0.01676	0.02828	0.64592	0.06495	0.02095	0.02619	0.02409	0.01886	0.02409	0.01676	0.02514	0.01257	0.00943	0.00943	0.00314	0.01257	0.00838	0.00419	0.01048
34	0.02222	0.02523	0.16537	0.03252	0.22456	0.01890	0.02301	0.08858	0.02349	0.07496	0.03059	0.14037	0.06149	0.01383	0.00986	0.00306	0.01009	0.01215	0.00654	0.01317
35	0.01946	0.04532	0.54727	0.02595	0.03884	0.02209	0.03243	0.03232	0.08927	0.03102	0.01952	0.02176	0.01398	0.00942	0.00904	0.00301	0.01315	0.00742	0.00466	0.01406
36	0.01149	0.00821	0.01094	0.01313	0.01368	0.00766	0.00875	0.01313	0.01805	0.02407	0.05198	0.66244	0.06237	0.02954	0.01204	0.00383	0.00547	0.02681	0.00875	0.00766
37	0.01852	0.01749	0.02957	0.57019	0.13512	0.02114	0.02654	0.02472	0.01919	0.02496	0.01689	0.02491	0.01288	0.00930	0.00942	0.00310	0.01239	0.00838	0.00425	0.01105
38	0.02464	0.02731	0.02829	0.02463	0.02597	0.19423	0.01997	0.02680	0.01782	0.02280	0.01298	0.01964	0.01232	0.01464	0.02478	0.00366	0.47706	0.00765	0.00433	0.01049
39	0.01527	0.01259	0.01382	0.01318	0.01668	0.01260	0.01016	0.02491	0.17966	0.03234	0.19579	0.07164	0.29574	0.01989	0.01082	0.00320	0.00566	0.04656	0.00936	0.01013
40	0.01235	0.00960	0.01122	0.01081	0.01347	0.00847	0.00811	0.01586	0.02433	0.03220	0.37309	0.07968	0.32418	0.02137	0.01113	0.00307	0.00460	0.01835	0.00964	0.00847
41	0.01910	0.04745	0.58771	0.02761	0.04130	0.02201	0.06554	0.02988	0.02004	0.02988	0.01705	0.02022	0.01208	0.00890	0.00908	0.00300	0.01405	0.00720	0.00403	0.01387
42	0.02334	0.02241	0.03828	0.05788	0.60977	0.02241	0.02894	0.02894	0.02147	0.03081	0.01774	0.02334	0.01494	0.00840	0.00934	0.00280	0.01120	0.00840	0.00467	0.01494
43	0.01335	0.00964	0.01261	0.01186	0.01409	0.00890	0.00890	0.01780	0.02669	0.03782	0.60479	0.07044	0.08898	0.01928	0.01112	0.00297	0.00445	0.01705	0.01038	0.00890
44	0.03219	0.04038	0.03349	0.02791	0.03387	0.48868	0.14867	0.03591	0.02568	0.02475	0.01563	0.01898	0.01265	0.00930	0.00912	0.00261	0.01675	0.00726	0.00484	0.01135
45	0.01656	0.01482	0.01924	0.01807	0.01954	0.05376	0.01436	0.01955	0.01569	0.02216	0.02144	0.03179	0.02012	0.05367	0.44559	0.01167	0.17874	0.00940	0.00481	0.00904
46	0.01371	0.00914	0.01029	0.01029	0.01029	0.00914	0.00571	0.01371	0.01371	0.01828	0.02971	0.06171	0.03428	0.66859	0.04800	0.00914	0.00914	0.01371	0.00571	0.00571
47	0.02063	0.02063	0.02888	0.02476	0.02476	0.02888	0.02063	0.02269	0.01444	0.02269	0.01238	0.02063	0.01238	0.01651	0.03095	0.00413	0.65133	0.00825	0.00413	0.01032
48	0.01545	0.00909	0.01013	0.01013	0.01132	0.00927	0.00678	0.01783	0.01664	0.02639	0.02971	0.04688	0.02849	0.30283	0.09282	0.00663	0.00873	0.01107	0.33238	0.00741
49	0.03130	0.01363	0.01788	0.01466	0.02019	0.01182	0.01174	0.03472	0.02547	0.40342	0.12150	0.08302	0.13750	0.01583	0.01013	0.00302	0.00684	0.01329	0.01082	0.01322
50	0.01149	0.00821	0.01094	0.01313	0.01368	0.00766	0.00875	0.01313	0.01805	0.02407	0.05198	0.66244	0.06237	0.02954	0.01204	0.00383	0.00547	0.02681	0.00875	0.00766
51	0.01397	0.00955	0.01168	0.01242	0.01305	0.00951	0.00852	0.01527	0.01620	0.02140	0.03675	0.11407	0.04165	0.44941	0.03599	0.00747	0.00877	0.16091	0.00673	0.00666
52	0.01347	0.01010	0.01516	0.01516	0.01684	0.01179	0.01179	0.01684	0.01516	0.02189	0.02526	0.03705	0.02357	0.07072	0.63122	0.01516	0.02526	0.01010	0.00505	0.00842
53	0.01361	0.01024	0.01299	0.01399	0.01649	0.00962	0.01162	0.01736	0.02247	0.02895	0.15642	0.09549	0.23379	0.02424	0.01212	0.00375	0.00675	0.29262	0.00899	0.00849
54	0.01347	0.01010	0.01516	0.01516	0.01684	0.01179	0.01179	0.01684	0.01516	0.02189	0.02526	0.03705	0.02357	0.07072	0.63122	0.01516	0.02526	0.01010	0.00505	0.00842
55	0.03537	0.04061	0.02709	0.02369	0.02917	0.48994	0.01815	0.16421	0.03085	0.03159	0.01646	0.01832	0.01306	0.01009	0.00872	0.00252	0.01545	0.00664	0.00593	0.01213
56	0.01347	0.01010	0.01516	0.01516	0.01684	0.01179	0.01179	0.01684	0.01516	0.02189	0.02526	0.03705	0.02357	0.07072	0.63122	0.01516	0.02526	0.01010	0.00505	0.00842
57	0.01236	0.00883	0.01194	0.01412	0.01505	0.00841	0.01026	0.01463	0.01891	0.02504	0.05150	0.53228	0.06047	0.02873	0.01227	0.00395	0.00622	0.14840	0.00874	0.00790
58	0.01141	0.00852	0.01062	0.01229	0.01346	0.00773	0.00838	0.01322	0.01886	0.02440	0.06217	0.52862	0.18960	0.02822	0.01183	0.00368	0.00531	0.02519	0.00875	0.00773
59	0.02300	0.02206	0.03767	0.09376	0.57653	0.02232	0.02877	0.02865	0.02131	0.03040	0.01768	0.02345	0.01479	0.00846	0.00934	0.00282	0.01129	0.00840	0.00464	0.01467
60	0.01971	0.01928	0.02712	0.02352	0.02374	0.02668	0.01949	0.02194	0.01453	0.02259	0.01404	0.02275	0.01382	0.02349	0.10826	0.00555	0.57070	0.00849	0.00425	0.01007
61	0.02303	0.02209	0.03772	0.09083	0.57924	0.02232	0.02879	0.02867	0.02133	0.03043	0.01768	0.02344	0.01480	0.00846	0.00934	0.00282	0.01128	0.00840	0.00464	0.01469
62	0.02063	0.02063	0.02888	0.02476	0.02476	0.02888	0.02063	0.02269	0.01444	0.02269	0.01238	0.02063	0.01238	0.01651	0.03095	0.00413	0.65133	0.00825	0.00413	0.01032
63	0.01371	0.00914	0.01029	0.01029	0.01029	0.00914	0.00571	0.01371	0.01371	0.01828	0.02971	0.06171	0.03428	0.66859	0.04800	0.00914	0.00914	0.01371	0.00571	0.00571
64	0.03523	0.04494	0.02672	0.02429	0.02915	0.63073	0.01822	0.03766	0.02672	0.02308	0.01458	0.01701	0.01215	0.00972	0.00850	0.00243	0.01701	0.00607	0.00486	0.01093
65	0.01347	0.01010	0.01516	0.01516	0.01684	0.01179	0.01179	0.01684	0.01516	0.02189	0.02526	0.03705	0.02357	0.07072	0.63122	0.01516	0.02526	0.01010	0.00505	0.00842
66	0.03199	0.03816	0.02524	0.02289	0.02788	0.46389	0.01732	0.04108	0.18223	0.02758	0.02112	0.02200	0.01672	0.01056	0.00880	0.00264	0.01438	0.00733	0.00616	0.01203
67	0.03442	0.03429	0.02426	0.02137	0.02661	0.40746	0.01635	0.03889	0.06455	0.15740	0.06423	0.02548	0.02135	0.01106	0.00899	0.00263	0.01345	0.00794	0.00710	0.01219
68	0.01335	0.00964	0.01261	0.01186	0.01409	0.00890	0.00890	0.01780	0.02669	0.03782	0.60479	0.07044	0.08898	0.01928	0.01112	0.00297	0.00445	0.01705	0.01038	0.00890
69	0.01891	0.04878	0.61973	0.02688	0.04081	0.02190	0.03484	0.02986	0.01991	0.02986	0.01692	0.01991	0.01195	0.00896	0.00896	0.00299	0.01394	0.00697	0.00398	0.01394
70	0.01927	0.08415	0.58747	0.02627	0.03987	0.02277	0.03378	0.02977	0.01987	0.02943	0.01671	0.01964	0.01195	0.00891	0.00879	0.00293	0.01372	0.00686	0.00398	0.01383
71	0.73520	0.01824	0.01386	0.01240	0.01824	0.02115	0.01021	0.02772	0.01605	0.04231	0.01313	0.01532	0.01021	0.00875	0.00584	0.00292	0.00729	0.00511	0.00584	0.01021
72	0.03523	0.04494	0.02672	0.02429	0.02915	0.63073	0.01822	0.03766	0.02672	0.02308	0.01458	0.01701	0.01215	0.00972	0.00850	0.00243	0.01701	0.00607	0.00486	0.01093
73	0.02062	0.01963	0.03337	0.34672	0.34216	0.02169	0.02759	0.02656	0.02019	0.02751	0.01726	0.02422	0.01377	0.00891	0.00938	0.00297	0.01187	0.00839	0.00443	0.01275
74	0.03294	0.03003	0.03012	0.03032	0.15737	0.17382	0.02043	0.32574	0.03501	0.04428	0.01960	0.02143	0.01485	0.01029	0.00919	0.00273	0.01217	0.00788	0.00727	0.01455
75	0.03141	0.06670	0.02394	0.01729	0.02367	0.02050	0.01429	0.25238	0.03272	0.21138	0.10076	0.03848	0.09754	0.01361	0.00960	0.00285	0.00833	0.01088	0.00971	0.01397
76	0.01154	0.00957	0.01009	0.00996	0.01298	0.00813	0.00747	0.01429	0.02242	0.02767	0.18593	0.08715	0.51417	0.02307	0.01114	0.00315	0.00472	0.01940	0.00905	0.00813
77	0.01149	0.00821	0.01094	0.01313	0.01368	0.00766	0.00875	0.01313	0.01805	0.02407	0.05198	0.66244	0.06237	0.02954	0.01204	0.00383	0.00547	0.02681	0.00875	0.00766
78	0.02702	0.02870	0.02982	0.03637	0.26211	0.20944	0.02159	0.03774	0.18846	0.03094	0.02274	0.02482	0.01809	0.01008	0.00916	0.00280	0.01190	0.00834	0.00615	0.01370
79	0.01491	0.01228	0.01789	0.01712	0.01837	0.01525	0.01353	0.01789	0.01517	0.02219	0.02402	0.06976	0.02340	0.05658	0.46521	0.01211	0.15981	0.01067	0.00507	0.00879
80	0.01149	0.00821	0.01094	0.01313	0.01368	0.00766	0.00875	0.01313	0.01805	0.02407	0.05198	0.66244	0.06237	0.02954	0.01204	0.00383	0.00547	0.02681	0.00875	0.00766
81	0.02174	0.02077	0.03538	0.22812	0.45204	0.02198	0.02814	0.02754	0.02071	0.02886	0.01746	0.02386	0.01425	0.00870	0.00936	0.00290	0.01160	0.00840	0.00453	0.01365
82	0.02015	0.04715	0.57662	0.02650	0.03997	0.02244	0.03361	0.06984	0.02169	0.03202	0.01734	0.02011	0.01224	0.00913	0.00899	0.00298	0.01368	0.00708	0.00438	0.01409
