[name]
unknown

[dist]
# distance from previous block
# <min> <max>
0	0

[block]
# block no. 0 follows, 22 sequences, length 122
# corresponding to MSA columns:
# 0-121
name=unknown_A
#
# <colnr> <probs for GDERKNQSTAVLIFYWHMCP>
#	G	D	E	R	K	N	Q	S	T	A	V	L	I	F	Y	W	H	M	C	P
0	0.01339	0.00956	0.01339	0.01530	0.01721	0.00956	0.01339	0.01721	0.01912	0.02486	0.04399	0.09371	0.04781	0.02295	0.01147	0.00382	0.00765	0.60031	0.00765	0.00765
1	0.01322	0.01178	0.01071	0.01086	0.01237	0.08736	0.00733	0.01445	0.01645	0.01971	0.04722	0.19494	0.23175	0.26073	0.02105	0.00468	0.00697	0.01545	0.00637	0.00658
2	0.01205	0.00819	0.00973	0.00973	0.00996	0.00842	0.00586	0.01251	0.01228	0.01660	0.02557	0.05099	0.02874	0.60786	0.14047	0.00888	0.01026	0.01159	0.00494	0.00540
3	0.03103	0.03959	0.02354	0.02140	0.02568	0.67469	0.01605	0.03317	0.02354	0.02033	0.01284	0.01498	0.01070	0.00856	0.00749	0.00214	0.01498	0.00535	0.00428	0.00963
4	0.02056	0.01974	0.03372	0.05099	0.65622	0.01974	0.02550	0.02550	0.01892	0.02714	0.01563	0.02056	0.01316	0.00740	0.00822	0.00247	0.00987	0.00740	0.00411	0.01316
5	0.01187	0.00890	0.01335	0.01335	0.01483	0.01038	0.01038	0.01483	0.01335	0.01928	0.02225	0.03264	0.02077	0.06231	0.67512	0.01335	0.02225	0.00890	0.00445	0.00742
6	0.01819	0.01728	0.02877	0.19487	0.44251	0.01798	0.02273	0.02294	0.01838	0.02522	0.02327	0.02773	0.08591	0.00917	0.00843	0.00258	0.00950	0.00856	0.00443	0.01154
7	0.02056	0.01974	0.03372	0.05099	0.65622	0.01974	0.02550	0.02550	0.01892	0.02714	0.01563	0.02056	0.01316	0.00740	0.00822	0.00247	0.00987	0.00740	0.00411	0.01316
8	0.02056	0.01974	0.03372	0.05099	0.65622	0.01974	0.02550	0.02550	0.01892	0.02714	0.01563	0.02056	0.01316	0.00740	0.00822	0.00247	0.00987	0.00740	0.00411	0.01316
9	0.01239	0.00857	0.00990	0.00969	0.01029	0.00856	0.00596	0.01421	0.04184	0.02044	0.15449	0.05492	0.03985	0.53632	0.03416	0.00671	0.00714	0.01257	0.00602	0.00596
10	0.01903	0.01757	0.02637	0.24477	0.27175	0.01961	0.02097	0.02979	0.20698	0.02755	0.02087	0.02424	0.01619	0.00887	0.00832	0.00267	0.00926	0.00800	0.00529	0.01190
11	0.03103	0.03959	0.02354	0.02140	0.02568	0.67469	0.01605	0.03317	0.02354	0.02033	0.01284	0.01498	0.01070	0.00856	0.00749	0.00214	0.01498	0.00535	0.00428	0.00963
12	0.02066	0.01785	0.01878	0.01691	0.02160	0.02066	0.01315	0.04414	0.64121	0.03475	0.03381	0.03099	0.02536	0.01127	0.00845	0.00282	0.00657	0.00939	0.00845	0.01315
13	0.02056	0.01974	0.03372	0.05099	0.65622	0.01974	0.02550	0.02550	0.01892	0.02714	0.01563	0.02056	0.01316	0.00740	0.00822	0.00247	0.00987	0.00740	0.00411	0.01316
14	0.01569	0.01477	0.02492	0.68808	0.05722	0.01846	0.02307	0.02123	0.01661	0.02123	0.01477	0.02215	0.01107	0.00831	0.00831	0.00277	0.01107	0.00738	0.00369	0.00923
15	0.01742	0.02210	0.15862	0.35148	0.24156	0.01903	0.02539	0.02361	0.01753	0.02413	0.01507	0.02071	0.01162	0.00794	0.00820	0.00265	0.01094	0.00713	0.00379	0.01109
16	0.01187	0.00890	0.01335	0.01335	0.01483	0.01038	0.01038	0.01483	0.01335	0.01928	0.02225	0.03264	0.02077	0.06231	0.67512	0.01335	0.02225	0.00890	0.00445	0.00742
17	0.01549	0.00774	0.00774	0.00774	0.00968	0.00774	0.00581	0.01936	0.01742	0.03097	0.02710	0.03097	0.02129	0.00968	0.00581	0.00194	0.00387	0.00774	0.75416	0.00774
18	0.06768	0.45551	0.03566	0.01586	0.02243	0.10628	0.01445	0.14687	0.02196	0.02723	0.01339	0.01486	0.01127	0.00789	0.00617	0.00201	0.00951	0.00516	0.00468	0.01114
19	0.02035	0.01646	0.09342	0.01444	0.01928	0.01344	0.01281	0.14356	0.02541	0.13854	0.29361	0.07216	0.07352	0.01398	0.00907	0.00263	0.00654	0.01185	0.00836	0.01058
20	0.01655	0.01433	0.01815	0.01350	0.02015	0.01114	0.04439	0.02017	0.01721	0.02637	0.01843	0.09599	0.01720	0.00848	0.00687	0.00156	0.00644	0.00734	0.00520	0.63051
21	0.16516	0.03645	0.47221	0.02226	0.05916	0.05619	0.02537	0.02629	0.01727	0.02816	0.01417	0.01673	0.01035	0.00787	0.00734	0.00258	0.01117	0.00583	0.00390	0.01152
22	0.01705	0.15839	0.02257	0.01975	0.14435	0.09135	0.01298	0.01996	0.01932	0.02322	0.08220	0.04588	0.28449	0.01378	0.00831	0.00244	0.00752	0.01128	0.00584	0.00934
23	0.02737	0.34507	0.03277	0.01737	0.02348	0.23280	0.01498	0.13511	0.02324	0.05659	0.01447	0.01574	0.01177	0.00823	0.00668	0.00206	0.01076	0.00545	0.00495	0.01112
24	0.01843	0.02726	0.22281	0.06050	0.10187	0.14996	0.01941	0.02312	0.01765	0.02245	0.01958	0.08781	0.01864	0.12061	0.05110	0.00403	0.01169	0.00890	0.00443	0.00976
25	0.01928	0.01921	0.03468	0.17421	0.38381	0.01999	0.14616	0.02462	0.01832	0.02553	0.01548	0.02115	0.01253	0.00782	0.00941	0.00265	0.04145	0.00788	0.00402	0.01179
26	0.10776	0.02735	0.26763	0.03001	0.22014	0.01834	0.07356	0.02482	0.01763	0.02773	0.01622	0.04822	0.01338	0.00831	0.00781	0.00252	0.01021	0.00730	0.00423	0.06680
27	0.09357	0.02049	0.02451	0.02998	0.27800	0.08708	0.01769	0.12640	0.09677	0.03241	0.02231	0.02436	0.05024	0.00933	0.00785	0.00248	0.00890	0.00775	0.04799	0.01191
28	0.06392	0.02142	0.02374	0.16451	0.15685	0.13236	0.01806	0.05481	0.22162	0.02873	0.02080	0.02290	0.01606	0.00916	0.00802	0.00259	0.00971	0.00753	0.00568	0.01153
29	0.02148	0.13336	0.02635	0.05728	0.18414	0.20979	0.01649	0.02502	0.02096	0.02517	0.17013	0.02803	0.02794	0.01009	0.00794	0.00231	0.00980	0.00820	0.00529	0.01024
30	0.01568	0.01245	0.01373	0.01252	0.01585	0.01245	0.00931	0.09081	0.14442	0.02789	0.04403	0.18044	0.18418	0.09951	0.01301	0.00334	0.00606	0.01391	0.00730	0.09312
31	0.02158	0.01901	0.01718	0.01541	0.01851	0.14703	0.01138	0.21284	0.02400	0.02987	0.02671	0.20731	0.02772	0.16430	0.01607	0.00385	0.00893	0.01232	0.00664	0.00931
32	0.02418	0.12600	0.02281	0.01716	0.02158	0.33323	0.01346	0.06341	0.08652	0.02398	0.02840	0.06626	0.11634	0.01169	0.00787	0.00235	0.01061	0.00873	0.00558	0.00983
33	0.01615	0.01208	0.01453	0.01325	0.01624	0.01239	0.01015	0.15807	0.02245	0.03058	0.13734	0.20361	0.09693	0.02643	0.14286	0.00487	0.00920	0.01381	0.00728	0.05180
34	0.01535	0.01122	0.01269	0.01152	0.01365	0.01156	0.00818	0.11222	0.05809	0.02736	0.16018	0.05111	0.10889	0.30672	0.05142	0.00536	0.00745	0.01229	0.00689	0.00787
35	0.02301	0.01391	0.01665	0.01478	0.01903	0.01433	0.01161	0.03434	0.27268	0.22276	0.10954	0.11524	0.03494	0.01402	0.00900	0.00284	0.00626	0.04433	0.00896	0.01176
36	0.06844	0.23508	0.02672	0.01645	0.02163	0.25889	0.01356	0.02947	0.05479	0.09893	0.02091	0.06006	0.04256	0.00999	0.00714	0.00224	0.01017	0.00720	0.00541	0.01036
37	0.02051	0.06181	0.32458	0.06655	0.19551	0.02111	0.02555	0.13236	0.02162	0.03055	0.01583	0.01882	0.01188	0.00812	0.00796	0.00253	0.01088	0.00670	0.00453	0.01259
38	0.02043	0.18783	0.26429	0.02464	0.12901	0.07949	0.02206	0.02926	0.11661	0.02571	0.01706	0.01897	0.01334	0.00823	0.00742	0.00240	0.01045	0.00640	0.00446	0.01196
39	0.02200	0.01559	0.01700	0.01419	0.01835	0.01654	0.01121	0.32277	0.02773	0.03746	0.03452	0.07403	0.14549	0.01536	0.01135	0.09315	0.00705	0.01044	0.09550	0.01025
40	0.01052	0.00740	0.00952	0.01105	0.01144	0.00701	0.00716	0.01167	0.01512	0.02016	0.04178	0.57002	0.04988	0.16553	0.01708	0.00433	0.00548	0.02126	0.00716	0.00640
41	0.01999	0.01956	0.03142	0.18373	0.50272	0.04802	0.02457	0.02493	0.01863	0.02560	0.01532	0.02065	0.01261	0.00764	0.00821	0.00252	0.01035	0.00731	0.00403	0.01218
42	0.03021	0.03979	0.06020	0.02153	0.02627	0.63723	0.01689	0.03278	0.02320	0.02067	0.01296	0.01513	0.01069	0.00852	0.00751	0.00217	0.01483	0.00540	0.00424	0.00978
43	0.01039	0.00773	0.00968	0.01070	0.01195	0.00702	0.00745	0.01246	0.01805	0.02389	0.17516	0.44680	0.18195	0.02319	0.01028	0.00310	0.00451	0.02065	0.00800	0.00702
44	0.00995	0.00835	0.00865	0.00873	0.01134	0.00705	0.00649	0.01212	0.01902	0.02300	0.11506	0.11707	0.58255	0.02111	0.00987	0.00283	0.00423	0.01776	0.00780	0.00705
45	0.01012	0.00723	0.00964	0.01157	0.01205	0.00675	0.00771	0.01157	0.01591	0.02121	0.04579	0.70262	0.05495	0.02603	0.01060	0.00337	0.00482	0.02362	0.00771	0.00675
46	0.01906	0.02074	0.09031	0.19721	0.45874	0.01940	0.02541	0.02457	0.01825	0.02568	0.01536	0.02065	0.01243	0.00766	0.00821	0.00255	0.01037	0.00728	0.00396	0.01216
47	0.02445	0.11235	0.15310	0.01988	0.02551	0.36780	0.01790	0.02806	0.01990	0.02112	0.01434	0.01873	0.01238	0.05260	0.04738	0.00323	0.04126	0.00608	0.00407	0.00986
48	0.01187	0.00890	0.01335	0.01335	0.01483	0.01038	0.01038	0.01483	0.01335	0.01928	0.02225	0.03264	0.02077	0.06231	0.67512	0.01335	0.02225	0.00890	0.00445	0.00742
49	0.01208	0.00805	0.00906	0.00906	0.00906	0.00805	0.00503	0.01208	0.01208	0.01611	0.02618	0.05436	0.03020	0.70804	0.04228	0.00805	0.00805	0.01208	0.00503	0.00503
50	0.02056	0.01974	0.03372	0.05099	0.65622	0.01974	0.02550	0.02550	0.01892	0.02714	0.01563	0.02056	0.01316	0.00740	0.00822	0.00247	0.00987	0.00740	0.00411	0.01316
51	0.01636	0.01250	0.04059	0.01160	0.01572	0.01080	0.00952	0.02279	0.13080	0.12518	0.06408	0.06037	0.41353	0.01703	0.00926	0.00276	0.00543	0.01414	0.00807	0.00946
52	0.00982	0.00842	0.00842	0.00842	0.01122	0.00701	0.00631	0.01192	0.01894	0.02244	0.08416	0.07995	0.65285	0.02104	0.00982	0.00281	0.00421	0.01753	0.00771	0.00701
53	0.01012	0.00723	0.00964	0.01157	0.01205	0.00675	0.00771	0.01157	0.01591	0.02121	0.04579	0.70262	0.05495	0.02603	0.01060	0.00337	0.00482	0.02362	0.00771	0.00675
54	0.01976	0.18929	0.22799	0.03407	0.31880	0.02268	0.02443	0.02560	0.01802	0.02511	0.01445	0.01795	0.01177	0.00748	0.00745	0.00236	0.01037	0.00632	0.00380	0.01231
55	0.02571	0.02642	0.02906	0.03632	0.35225	0.22061	0.02090	0.13459	0.02389	0.02953	0.01554	0.01875	0.01258	0.00821	0.00802	0.00237	0.01130	0.00679	0.00491	0.01225
56	0.01057	0.00845	0.00946	0.00921	0.01168	0.00733	0.00690	0.01338	0.02071	0.02666	0.30450	0.07300	0.42988	0.01947	0.00981	0.00273	0.00410	0.01656	0.00827	0.00733
57	0.01193	0.00864	0.01205	0.01205	0.01308	0.00968	0.00876	0.01400	0.01297	0.01832	0.02344	0.03923	0.02363	0.25822	0.48312	0.01174	0.01794	0.00987	0.00463	0.00669
58	0.01900	0.07543	0.40968	0.02108	0.03000	0.12675	0.02390	0.02661	0.04388	0.02504	0.04142	0.02255	0.04985	0.00945	0.00873	0.00256	0.04153	0.00705	0.00428	0.01119
59	0.03103	0.03959	0.02354	0.02140	0.02568	0.67469	0.01605	0.03317	0.02354	0.02033	0.01284	0.01498	0.01070	0.00856	0.00749	0.00214	0.01498	0.00535	0.00428	0.00963
60	0.01206	0.00815	0.00955	0.00955	0.00972	0.00832	0.00565	0.01240	0.01223	0.01647	0.02573	0.05188	0.02912	0.63411	0.11474	0.00866	0.00968	0.01172	0.00497	0.00531
61	0.01782	0.02128	0.09426	0.03049	0.07107	0.01862	0.41504	0.02411	0.01811	0.02512	0.01769	0.02398	0.01413	0.01841	0.14564	0.00493	0.01531	0.00917	0.00419	0.01063
62	0.02057	0.01965	0.03300	0.04935	0.62561	0.01978	0.02490	0.02640	0.04894	0.02751	0.01650	0.02106	0.01375	0.00759	0.00824	0.00248	0.00971	0.00750	0.00432	0.01316
63	0.02741	0.03311	0.02582	0.08918	0.16171	0.47586	0.01869	0.03045	0.02193	0.02185	0.01361	0.01682	0.01125	0.00829	0.00772	0.00227	0.01354	0.00597	0.00419	0.01034
64	0.02678	0.03334	0.02051	0.01880	0.02278	0.54081	0.01410	0.02891	0.02262	0.02075	0.02714	0.02801	0.13947	0.01106	0.00796	0.00227	0.01282	0.00779	0.00497	0.00911
65	0.01264	0.00989	0.01426	0.01383	0.01496	0.01188	0.01066	0.01511	0.01312	0.01899	0.02138	0.03354	0.02074	0.13409	0.52290	0.01157	0.09959	0.00909	0.00442	0.00733
66	0.01152	0.00814	0.00890	0.00890	0.00959	0.00780	0.00535	0.01204	0.01377	0.01767	0.04049	0.06068	0.18396	0.53839	0.03427	0.00676	0.00710	0.01343	0.00570	0.00552
67	0.01208	0.00805	0.00906	0.00906	0.00906	0.00805	0.00503	0.01208	0.01208	0.01611	0.02618	0.05436	0.03020	0.70804	0.04228	0.00805	0.00805	0.01208	0.00503	0.00503
68	0.01733	0.12330	0.59050	0.02254	0.03420	0.02092	0.02872	0.02614	0.01746	0.02550	0.01451	0.01703	0.01054	0.00780	0.00759	0.00253	0.01187	0.00594	0.00351	0.01208
69	0.01086	0.00846	0.00987	0.00951	0.01186	0.00746	0.00714	0.01395	0.02141	0.02830	0.39025	0.07030	0.34310	0.01885	0.00981	0.00270	0.00405	0.01618	0.00849	0.00746
70	0.01178	0.00804	0.00955	0.00965	0.01010	0.00785	0.00593	0.01275	0.01488	0.02024	0.15651	0.13365	0.04302	0.48493	0.03184	0.00638	0.00682	0.01407	0.00620	0.00581
71	0.00988	0.00817	0.00867	0.00906	0.01139	0.00696	0.00660	0.01185	0.01832	0.02219	0.07631	0.20732	0.53055	0.02206	0.00998	0.00292	0.00433	0.01878	0.00771	0.00696
72	0.01356	0.01139	0.01659	0.01562	0.01670	0.01442	0.01247	0.01622	0.01318	0.01947	0.01921	0.02876	0.01813	0.04950	0.50149	0.01075	0.20197	0.00846	0.00423	0.00786
73	0.01206	0.00883	0.01153	0.01177	0.01381	0.00830	0.00944	0.01574	0.02158	0.02936	0.39209	0.07425	0.13436	0.01936	0.01034	0.00302	0.00515	0.20284	0.00850	0.00768
74	0.02221	0.71304	0.04353	0.01421	0.02132	0.03287	0.01421	0.02488	0.01688	0.01955	0.01155	0.01333	0.01066	0.00711	0.00533	0.00178	0.00888	0.00444	0.00355	0.01066
75	0.01003	0.00804	0.00897	0.00955	0.01156	0.00698	0.00685	0.01203	0.01823	0.02269	0.10522	0.27840	0.42752	0.02240	0.01007	0.00298	0.00439	0.01933	0.00780	0.00698
76	0.00991	0.00806	0.00879	0.00937	0.01147	0.00693	0.00674	0.01181	0.01802	0.02207	0.07252	0.26887	0.47144	0.02255	0.01006	0.00298	0.00439	0.01938	0.00771	0.00693
77	0.02052	0.01986	0.03443	0.05025	0.62774	0.01980	0.05341	0.02555	0.01895	0.02712	0.01568	0.02065	0.01313	0.00738	0.00830	0.00248	0.01006	0.00751	0.00412	0.01307
78	0.01006	0.00747	0.00939	0.01092	0.01188	0.00680	0.00743	0.01164	0.01652	0.02146	0.05364	0.57525	0.17725	0.02501	0.01044	0.00326	0.00469	0.02237	0.00771	0.00680
79	0.01032	0.00844	0.00911	0.00894	0.01153	0.00723	0.00671	0.01290	0.02012	0.02526	0.23144	0.07531	0.50381	0.01999	0.00981	0.00276	0.00413	0.01688	0.00809	0.00723
80	0.02221	0.71304	0.04353	0.01421	0.02132	0.03287	0.01421	0.02488	0.01688	0.01955	0.01155	0.01333	0.01066	0.00711	0.00533	0.00178	0.00888	0.00444	0.00355	0.01066
81	0.03158	0.02327	0.02493	0.01911	0.02576	0.02576	0.01579	0.62852	0.03906	0.05236	0.01995	0.01995	0.01413	0.00997	0.00831	0.00249	0.00914	0.00748	0.00831	0.01413
82	0.16956	0.01453	0.01481	0.01549	0.05219	0.05283	0.01105	0.02487	0.17138	0.02910	0.06981	0.20990	0.06846	0.01558	0.00860	0.00290	0.00653	0.04593	0.00705	0.00945
83	0.02503	0.10978	0.02323	0.01844	0.02217	0.38907	0.01424	0.06106	0.02147	0.02223	0.01973	0.15591	0.01995	0.01238	0.00904	0.00245	0.05013	0.00921	0.00509	0.00939
84	0.01371	0.01018	0.01292	0.01249	0.01473	0.01088	0.00960	0.08438	0.01795	0.02460	0.03750	0.12089	0.15088	0.04068	0.34745	0.00814	0.01399	0.01217	0.04879	0.00804
85	0.02561	0.15824	0.05906	0.01490	0.02052	0.01721	0.01319	0.09841	0.02216	0.26014	0.03127	0.12507	0.05888	0.01302	0.00829	0.00260	0.00754	0.04477	0.00763	0.01150
86	0.55160	0.19252	0.02059	0.01206	0.01775	0.02250	0.01056	0.04665	0.01574	0.03334	0.01187	0.01369	0.00961	0.00764	0.00530	0.00237	0.00715	0.00459	0.00486	0.00961
87	0.01547	0.01021	0.01326	0.01209	0.01392	0.01156	0.03498	0.01899	0.01607	0.02705	0.02327	0.02887	0.01919	0.01937	0.12425	0.00420	0.11625	0.00795	0.47501	0.00805
88	0.01376	0.01211	0.02123	0.01819	0.02102	0.01328	0.13669	0.01749	0.01460	0.02082	0.02059	0.02985	0.01862	0.04869	0.50778	0.01072	0.05291	0.00901	0.00436	0.00827
89	0.01098	0.00865	0.01008	0.01060	0.01295	0.00775	0.00839	0.01371	0.01936	0.02429	0.13972	0.11692	0.39477	0.02133	0.01029	0.00308	0.00509	0.16692	0.00787	0.00726
90	0.02125	0.01713	0.01850	0.01668	0.02132	0.01949	0.01311	0.04234	0.56681	0.07262	0.03435	0.03451	0.02638	0.01190	0.00862	0.00286	0.00667	0.04405	0.00852	0.01289
91	0.02047	0.01967	0.03250	0.04210	0.45295	0.02008	0.09496	0.02944	0.14629	0.02863	0.01949	0.02292	0.01559	0.00815	0.00846	0.00258	0.00969	0.00810	0.00501	0.01292
92	0.02870	0.17369	0.02763	0.01998	0.02464	0.51739	0.01578	0.03093	0.02173	0.02016	0.01250	0.01479	0.01070	0.00853	0.00793	0.00213	0.04362	0.00525	0.00411	0.00981
93	0.01207	0.00810	0.00931	0.00931	0.00940	0.00819	0.00535	0.01224	0.01216	0.01629	0.02594	0.05309	0.02965	0.67010	0.07947	0.00837	0.00889	0.01189	0.00500	0.00517
94	0.01185	0.00957	0.01068	0.01020	0.01292	0.00896	0.00771	0.01721	0.09527	0.02803	0.29288	0.06731	0.36030	0.01833	0.00965	0.00273	0.00438	0.01561	0.00834	0.00806
95	0.02685	0.02451	0.17681	0.02141	0.02923	0.01912	0.11573	0.16043	0.05318	0.22538	0.02244	0.02275	0.01539	0.00935	0.00924	0.00266	0.03770	0.00788	0.00694	0.01298
96	0.01208	0.00805	0.00906	0.00906	0.00906	0.00805	0.00503	0.01208	0.01208	0.01611	0.02618	0.05436	0.03020	0.70804	0.04228	0.00805	0.00805	0.01208	0.00503	0.00503
97	0.02268	0.01812	0.01868	0.01655	0.02127	0.05590	0.01291	0.04151	0.50035	0.10656	0.06695	0.03151	0.02693	0.01132	0.00846	0.00274	0.00696	0.00936	0.00847	0.01277
98	0.02896	0.03358	0.02579	0.02718	0.15467	0.46293	0.01795	0.10297	0.02446	0.02556	0.01426	0.01672	0.01161	0.00849	0.00774	0.00225	0.01324	0.00603	0.00473	0.01089
99	0.02335	0.01568	0.01886	0.01892	0.09357	0.07101	0.01315	0.09527	0.02062	0.18338	0.02350	0.02826	0.01874	0.06550	0.21994	0.00618	0.01296	0.00823	0.05227	0.01061
100	0.01208	0.00805	0.00906	0.00906	0.00906	0.00805	0.00503	0.01208	0.01208	0.01611	0.02618	0.05436	0.03020	0.70804	0.04228	0.00805	0.00805	0.01208	0.00503	0.00503
101	0.03103	0.03959	0.02354	0.02140	0.02568	0.67469	0.01605	0.03317	0.02354	0.02033	0.01284	0.01498	0.01070	0.00856	0.00749	0.00214	0.01498	0.00535	0.00428	0.00963
102	0.02023	0.03296	0.40949	0.03032	0.20918	0.01857	0.02701	0.02778	0.01868	0.10275	0.01725	0.01968	0.01247	0.00804	0.00804	0.00258	0.01097	0.00676	0.00449	0.01275
103	0.01872	0.01612	0.01562	0.01421	0.01825	0.07198	0.01095	0.03154	0.32735	0.06633	0.07747	0.04624	0.22234	0.01430	0.00886	0.00273	0.00647	0.01180	0.00800	0.01073
104	0.02523	0.01564	0.01773	0.01435	0.01906	0.01626	0.01157	0.28461	0.02904	0.14411	0.15274	0.03214	0.02976	0.01140	0.00812	0.00242	0.00668	0.00922	0.15837	0.01156
105	0.01187	0.00890	0.01335	0.01335	0.01483	0.01038	0.01038	0.01483	0.01335	0.01928	0.02225	0.03264	0.02077	0.06231	0.67512	0.01335	0.02225	0.00890	0.00445	0.00742
106	0.02405	0.02156	0.01911	0.01606	0.02092	0.14968	0.01270	0.28668	0.05606	0.03562	0.03962	0.03858	0.21771	0.01328	0.00863	0.00254	0.00863	0.01034	0.00732	0.01091
107	0.01012	0.00723	0.00964	0.01157	0.01205	0.00675	0.00771	0.01157	0.01591	0.02121	0.04579	0.70262	0.05495	0.02603	0.01060	0.00337	0.00482	0.02362	0.00771	0.00675
108	0.01052	0.00740	0.00952	0.01105	0.01144	0.00701	0.00716	0.01167	0.01512	0.02016	0.04178	0.57002	0.04988	0.16553	0.01708	0.00433	0.00548	0.02126	0.00716	0.00640
109	0.02878	0.02157	0.02308	0.01821	0.02418	0.02398	0.01478	0.50246	0.13206	0.04757	0.02247	0.02360	0.01679	0.04908	0.01023	0.00285	0.00868	0.00804	0.00815	0.01347
110	0.04859	0.06509	0.37548	0.02791	0.07189	0.02048	0.22055	0.02622	0.01811	0.02658	0.01527	0.01892	0.01129	0.00753	0.00830	0.00263	0.01230	0.00725	0.00383	0.01177
111	0.01208	0.00805	0.00906	0.00906	0.00906	0.00805	0.00503	0.01208	0.01208	0.01611	0.02618	0.05436	0.03020	0.70804	0.04228	0.00805	0.00805	0.01208	0.00503	0.00503
112	0.08218	0.01574	0.14772	0.01355	0.01686	0.01075	0.01213	0.01597	0.01532	0.02275	0.03218	0.36440	0.03636	0.15727	0.01588	0.00408	0.00719	0.01585	0.00605	0.00778
113	0.01867	0.02773	0.24427	0.03546	0.23284	0.01954	0.21460	0.02574	0.01869	0.02660	0.01703	0.02342	0.01367	0.00813	0.00876	0.00269	0.01185	0.03422	0.00410	0.01201
114	0.02650	0.02786	0.02501	0.15639	0.03250	0.30408	0.05148	0.18643	0.02567	0.02935	0.01678	0.04846	0.01374	0.00956	0.00814	0.00245	0.01215	0.00738	0.00537	0.01070
115	0.01182	0.00803	0.00950	0.00974	0.00992	0.00810	0.00582	0.01226	0.01266	0.01700	0.02822	0.13132	0.03239	0.56913	0.09329	0.00794	0.00889	0.01321	0.00531	0.00545
116	0.01898	0.01813	0.03086	0.25768	0.46189	0.01932	0.02471	0.02411	0.01817	0.02522	0.01535	0.02108	0.01248	0.00770	0.00825	0.00257	0.01026	0.00740	0.00398	0.01188
117	0.09937	0.05091	0.06401	0.13201	0.06720	0.13405	0.09020	0.08027	0.04657	0.12949	0.01837	0.02050	0.01341	0.00859	0.00789	0.00252	0.01057	0.00708	0.00565	0.01133
118	0.02080	0.03633	0.35925	0.02059	0.02866	0.22389	0.02222	0.02708	0.01935	0.02479	0.01689	0.04436	0.01356	0.00901	0.00762	0.00242	0.01184	0.00675	0.09390	0.01069
119	0.02146	0.03203	0.24089	0.06876	0.20072	0.17758	0.05816	0.02827	0.04727	0.02519	0.01555	0.01887	0.01208	0.00805	0.00804	0.00249	0.01206	0.00671	0.00413	0.01168
120	0.01922	0.13268	0.03160	0.02347	0.10223	0.04471	0.17234	0.02356	0.01817	0.02512	0.01654	0.05694	0.01456	0.00790	0.00752	0.00203	0.00936	0.00748	0.00454	0.28005
121	0.06037	0.02400	0.18185	0.15921	0.16126	0.05503	0.02123	0.02499	0.05431	0.02604	0.01753	0.05764	0.01466	0.00890	0.00784	0.00248	0.00988	0.00753	0.00450	0.10075

[dist]
# distance from previous block
# <min> <max>
0	1

[block]
# block no. 1 follows, 22 sequences, length 98
# corresponding to MSA columns:
# 123-220
name=unknown_B
#
# <colnr> <probs for GDERKNQSTAVLIFYWHMCP>
#	G	D	E	R	K	N	Q	S	T	A	V	L	I	F	Y	W	H	M	C	P
0	0.02108	0.37035	0.13620	0.02407	0.16628	0.02611	0.01910	0.06811	0.01913	0.02481	0.01686	0.01909	0.04033	0.00813	0.00680	0.00216	0.00945	0.00618	0.00420	0.01156
1	0.02284	0.51908	0.03822	0.01762	0.06200	0.09044	0.01509	0.05487	0.01881	0.02225	0.03631	0.01628	0.01354	0.00806	0.00687	0.00199	0.03553	0.00537	0.00410	0.01073
2	0.01205	0.00839	0.01077	0.01195	0.01277	0.00826	0.00873	0.01380	0.01560	0.02058	0.03764	0.23524	0.04291	0.28562	0.02303	0.00533	0.00708	0.22717	0.00667	0.00642
3	0.01638	0.01260	0.01395	0.01221	0.01577	0.01266	0.00954	0.16310	0.06488	0.03409	0.25831	0.05637	0.26474	0.01639	0.00936	0.00267	0.00544	0.01375	0.00839	0.00939
4	0.02099	0.18325	0.24915	0.01920	0.02629	0.14422	0.01989	0.02605	0.01894	0.04818	0.08321	0.02143	0.01838	0.00957	0.00937	0.00244	0.07741	0.00678	0.00455	0.01070
5	0.01187	0.00890	0.01335	0.01335	0.01483	0.01038	0.01038	0.01483	0.01335	0.01928	0.02225	0.03264	0.02077	0.06231	0.67512	0.01335	0.02225	0.00890	0.00445	0.00742
6	0.01011	0.00728	0.00958	0.01143	0.01201	0.00676	0.00765	0.01158	0.01604	0.02126	0.04751	0.67472	0.08174	0.02580	0.01057	0.00335	0.00479	0.02334	0.00771	0.00676
7	0.02455	0.28040	0.17954	0.01937	0.02651	0.29384	0.01879	0.02862	0.01977	0.02144	0.01286	0.01499	0.01065	0.00789	0.00681	0.00212	0.01218	0.00521	0.00384	0.01061
8	0.00996	0.00842	0.00861	0.00856	0.01131	0.00707	0.00642	0.01219	0.01927	0.02322	0.12502	0.07866	0.61150	0.02075	0.00982	0.00279	0.00419	0.01735	0.00782	0.00707
9	0.01021	0.00812	0.00917	0.00956	0.01163	0.00708	0.00692	0.01244	0.01889	0.02387	0.16575	0.23859	0.40511	0.02168	0.01002	0.00292	0.00432	0.01871	0.00794	0.00708
10	0.00990	0.00808	0.00876	0.00931	0.01146	0.00694	0.00671	0.01182	0.01807	0.02209	0.07322	0.25749	0.48238	0.02246	0.01004	0.00297	0.00438	0.01927	0.00771	0.00694
11	0.02699	0.02525	0.02821	0.03254	0.28187	0.15921	0.01979	0.25888	0.02763	0.03541	0.01670	0.01916	0.01302	0.00863	0.00810	0.00241	0.01066	0.00700	0.00576	0.01279
12	0.02579	0.02760	0.01828	0.01660	0.02025	0.40153	0.01255	0.07133	0.02258	0.02625	0.01819	0.02077	0.01454	0.00904	0.00698	0.00210	0.01079	0.00632	0.25918	0.00931
13	0.02115	0.02134	0.03163	0.11895	0.52092	0.09063	0.02420	0.02585	0.01916	0.02574	0.01523	0.02013	0.01266	0.00763	0.00815	0.00247	0.01056	0.00718	0.00408	0.01234
14	0.01208	0.00805	0.00906	0.00906	0.00906	0.00805	0.00503	0.01208	0.01208	0.01611	0.02618	0.05436	0.03020	0.70804	0.04228	0.00805	0.00805	0.01208	0.00503	0.00503
15	0.01114	0.00802	0.00898	0.00929	0.01014	0.00756	0.00582	0.01195	0.01459	0.01868	0.04530	0.16661	0.20540	0.40848	0.02822	0.00585	0.00647	0.01545	0.00621	0.00586
16	0.01564	0.01275	0.01342	0.01240	0.01550	0.01349	0.00916	0.05583	0.25962	0.02732	0.04839	0.05219	0.23764	0.17059	0.01649	0.00397	0.00624	0.01264	0.00743	0.00931
17	0.01030	0.00842	0.00899	0.00885	0.01138	0.00722	0.00657	0.01269	0.01960	0.02440	0.19704	0.07532	0.51206	0.04700	0.01108	0.00297	0.00430	0.01681	0.00790	0.00710
18	0.01453	0.01226	0.01275	0.01198	0.01526	0.01274	0.00899	0.02520	0.27427	0.02682	0.05715	0.05703	0.32704	0.09159	0.01278	0.00338	0.00560	0.01359	0.00773	0.00932
19	0.01012	0.00723	0.00964	0.01157	0.01205	0.00675	0.00771	0.01157	0.01591	0.02121	0.04579	0.70262	0.05495	0.02603	0.01060	0.00337	0.00482	0.02362	0.00771	0.00675
20	0.01018	0.00843	0.00892	0.00880	0.01144	0.00717	0.00660	0.01263	0.01979	0.02448	0.19056	0.07660	0.54518	0.02028	0.00981	0.00277	0.00415	0.01706	0.00798	0.00717
21	0.01723	0.01477	0.01723	0.01230	0.01969	0.01107	0.00984	0.02092	0.01723	0.02707	0.01477	0.01723	0.01230	0.00615	0.00615	0.00123	0.00615	0.00492	0.00492	0.75883
22	0.01088	0.00882	0.00979	0.01031	0.01254	0.00806	0.00759	0.01443	0.06287	0.02311	0.06738	0.25445	0.40392	0.02186	0.01004	0.00302	0.00474	0.05101	0.00776	0.00741
23	0.03103	0.03959	0.02354	0.02140	0.02568	0.67469	0.01605	0.03317	0.02354	0.02033	0.01284	0.01498	0.01070	0.00856	0.00749	0.00214	0.01498	0.00535	0.00428	0.00963
24	0.02066	0.01785	0.01878	0.01691	0.02160	0.02066	0.01315	0.04414	0.64121	0.03475	0.03381	0.03099	0.02536	0.01127	0.00845	0.00282	0.00657	0.00939	0.00845	0.01315
25	0.01723	0.01477	0.01723	0.01230	0.01969	0.01107	0.00984	0.02092	0.01723	0.02707	0.01477	0.01723	0.01230	0.00615	0.00615	0.00123	0.00615	0.00492	0.00492	0.75883
26	0.00997	0.00836	0.00868	0.00874	0.01135	0.00706	0.00650	0.01217	0.01910	0.02316	0.12289	0.11320	0.57834	0.02102	0.00986	0.00282	0.00422	0.01769	0.00782	0.00706
27	0.02031	0.01949	0.03327	0.08342	0.62573	0.01967	0.02537	0.02528	0.01880	0.02684	0.01558	0.02064	0.01305	0.00745	0.00823	0.00248	0.00993	0.00740	0.00409	0.01296
28	0.02002	0.01717	0.01823	0.01644	0.02094	0.01974	0.01277	0.04210	0.59676	0.03465	0.07829	0.03323	0.02918	0.01168	0.00855	0.00280	0.00638	0.00980	0.00850	0.01277
29	0.02221	0.71304	0.04353	0.01421	0.02132	0.03287	0.01421	0.02488	0.01688	0.01955	0.01155	0.01333	0.01066	0.00711	0.00533	0.00178	0.00888	0.00444	0.00355	0.01066
30	0.01549	0.00774	0.00774	0.00774	0.00968	0.00774	0.00581	0.01936	0.01742	0.03097	0.02710	0.03097	0.02129	0.00968	0.00581	0.00194	0.00387	0.00774	0.75416	0.00774
31	0.01001	0.00842	0.00868	0.00861	0.01134	0.00709	0.00646	0.01229	0.01938	0.02350	0.13961	0.07820	0.59673	0.02064	0.00982	0.00279	0.00418	0.01729	0.00785	0.00709
32	0.01210	0.00922	0.01135	0.01257	0.01384	0.00936	0.00873	0.01767	0.13311	0.02375	0.04354	0.57674	0.04940	0.02326	0.01020	0.00327	0.00515	0.02095	0.00785	0.00795
33	0.03103	0.03959	0.02354	0.02140	0.02568	0.67469	0.01605	0.03317	0.02354	0.02033	0.01284	0.01498	0.01070	0.00856	0.00749	0.00214	0.01498	0.00535	0.00428	0.00963
34	0.01012	0.00723	0.00964	0.01157	0.01205	0.00675	0.00771	0.01157	0.01591	0.02121	0.04579	0.70262	0.05495	0.02603	0.01060	0.00337	0.00482	0.02362	0.00771	0.00675
35	0.14199	0.01723	0.01966	0.01573	0.02167	0.01771	0.01300	0.22731	0.05058	0.30614	0.02622	0.02770	0.01870	0.01065	0.00807	0.00264	0.00766	0.04579	0.00864	0.01291
36	0.02365	0.02550	0.03005	0.04074	0.44195	0.21277	0.02216	0.02859	0.04821	0.02548	0.01562	0.01939	0.01298	0.00792	0.00802	0.00239	0.01123	0.00689	0.00436	0.01212
37	0.02317	0.01665	0.01846	0.01513	0.01963	0.01785	0.01211	0.36066	0.03118	0.04302	0.19603	0.07671	0.03513	0.01291	0.00862	0.00253	0.00691	0.01062	0.08136	0.01130
38	0.02589	0.03112	0.02337	0.02094	0.02377	0.43697	0.01626	0.02800	0.01964	0.02016	0.01295	0.01719	0.01149	0.01418	0.06133	0.00338	0.21379	0.00617	0.00410	0.00931
39	0.02227	0.02308	0.02799	0.03668	0.37888	0.16293	0.02054	0.05895	0.02065	0.02612	0.02164	0.02495	0.07502	0.00959	0.00945	0.00251	0.05453	0.00794	0.00470	0.01158
40	0.01090	0.00794	0.01050	0.01198	0.01305	0.00730	0.00840	0.01272	0.01630	0.02194	0.04361	0.59885	0.05149	0.02444	0.01040	0.00328	0.00518	0.07875	0.00753	0.05543
41	0.27134	0.03384	0.44335	0.01935	0.02920	0.01907	0.02333	0.02567	0.01638	0.03003	0.01377	0.01617	0.01001	0.00783	0.00696	0.00261	0.01029	0.00558	0.00406	0.01116
42	0.02774	0.02733	0.02539	0.02673	0.17342	0.25743	0.01753	0.23199	0.02731	0.03347	0.01682	0.01901	0.01313	0.00884	0.00783	0.00232	0.01108	0.00671	0.05406	0.01186
43	0.02653	0.03165	0.02497	0.02517	0.11412	0.43117	0.01742	0.02909	0.02064	0.02161	0.01300	0.01646	0.01117	0.00931	0.01099	0.00240	0.13258	0.00595	0.00418	0.05159
44	0.01166	0.00812	0.00894	0.00894	0.00947	0.00786	0.00527	0.01205	0.01337	0.01730	0.03704	0.05916	0.14691	0.57928	0.03620	0.00707	0.00733	0.01310	0.00554	0.00540
45	0.01187	0.00890	0.01335	0.01335	0.01483	0.01038	0.01038	0.01483	0.01335	0.01928	0.02225	0.03264	0.02077	0.06231	0.67512	0.01335	0.02225	0.00890	0.00445	0.00742
46	0.02419	0.03361	0.14806	0.02401	0.02963	0.33072	0.11343	0.02843	0.01981	0.02236	0.01348	0.01720	0.01100	0.00930	0.01158	0.00261	0.13975	0.00654	0.00400	0.01027
47	0.01129	0.00847	0.01046	0.00996	0.01213	0.00764	0.00747	0.01478	0.02242	0.03071	0.51571	0.06635	0.21614	0.01796	0.00980	0.00266	0.00399	0.01563	0.00880	0.00764
48	0.01036	0.00835	0.00868	0.00865	0.01086	0.00726	0.00614	0.01214	0.01783	0.02176	0.10175	0.07405	0.50231	0.15468	0.01614	0.00382	0.00494	0.01634	0.00726	0.00667
49	0.01666	0.04297	0.66500	0.02368	0.03596	0.01929	0.03069	0.02631	0.01754	0.02631	0.01491	0.01754	0.01052	0.00789	0.00789	0.00263	0.01228	0.00614	0.00351	0.01228
50	0.01011	0.00728	0.00958	0.01143	0.01201	0.00676	0.00765	0.01158	0.01604	0.02126	0.04751	0.67462	0.08183	0.02580	0.01057	0.00335	0.00479	0.02334	0.00771	0.00676
51	0.01005	0.00842	0.00874	0.00866	0.01136	0.00711	0.00649	0.01237	0.01948	0.02374	0.15174	0.07782	0.58446	0.02056	0.00982	0.00278	0.00417	0.01723	0.00788	0.00711
52	0.03103	0.03959	0.02354	0.02140	0.02568	0.67469	0.01605	0.03317	0.02354	0.02033	0.01284	0.01498	0.01070	0.00856	0.00749	0.00214	0.01498	0.00535	0.00428	0.00963
53	0.03727	0.01414	0.01928	0.01478	0.02121	0.01221	0.01221	0.04049	0.02378	0.66198	0.03277	0.02828	0.02056	0.01028	0.00835	0.00257	0.00707	0.00835	0.01028	0.01414
54	0.01987	0.01735	0.01950	0.01962	0.08285	0.01959	0.01386	0.04000	0.53563	0.03312	0.03566	0.03350	0.06933	0.01160	0.00853	0.00278	0.00673	0.00978	0.00798	0.01271
55	0.01012	0.00723	0.00964	0.01157	0.01205	0.00675	0.00771	0.01157	0.01591	0.02121	0.04579	0.70262	0.05495	0.02603	0.01060	0.00337	0.00482	0.02362	0.00771	0.00675
56	0.01088	0.00856	0.01002	0.01085	0.01305	0.00770	0.00854	0.01337	0.01852	0.02294	0.06687	0.17923	0.38940	0.02235	0.01041	0.00318	0.00528	0.18401	0.00770	0.00715
57	0.06057	0.01418	0.01792	0.11403	0.02360	0.01577	0.03635	0.17968	0.02161	0.03163	0.02108	0.02805	0.01763	0.08781	0.14092	0.00510	0.01086	0.00817	0.15551	0.00953
58	0.02050	0.01985	0.03415	0.04831	0.58363	0.01987	0.06817	0.02641	0.04690	0.02744	0.01653	0.02116	0.01367	0.00755	0.00835	0.00251	0.01002	0.00766	0.00431	0.01302
59	0.02221	0.71304	0.04353	0.01421	0.02132	0.03287	0.01421	0.02488	0.01688	0.01955	0.01155	0.01333	0.01066	0.00711	0.00533	0.00178	0.00888	0.00444	0.00355	0.01066
60	0.02056	0.01974	0.03372	0.05099	0.65622	0.01974	0.02550	0.02550	0.01892	0.02714	0.01563	0.02056	0.01316	0.00740	0.00822	0.00247	0.00987	0.00740	0.00411	0.01316
61	0.02021	0.01938	0.03309	0.09684	0.61311	0.01965	0.02532	0.02519	0.01875	0.02671	0.01556	0.02068	0.01301	0.00747	0.00823	0.00249	0.00996	0.00740	0.00408	0.01288
62	0.03158	0.02327	0.02493	0.01911	0.02576	0.02576	0.01579	0.62852	0.03906	0.05236	0.01995	0.01995	0.01413	0.00997	0.00831	0.00249	0.00914	0.00748	0.00831	0.01413
63	0.01207	0.00811	0.00933	0.00933	0.00943	0.00820	0.00537	0.01226	0.01216	0.01631	0.02593	0.05298	0.02960	0.66699	0.08252	0.00839	0.00896	0.01188	0.00500	0.00519
64	0.01010	0.00731	0.00956	0.01137	0.01200	0.00676	0.00762	0.01159	0.01610	0.02129	0.04823	0.66303	0.09296	0.02571	0.01055	0.00334	0.00478	0.02323	0.00771	0.00676
65	0.01187	0.00890	0.01335	0.01335	0.01483	0.01038	0.01038	0.01483	0.01335	0.01928	0.02225	0.03264	0.02077	0.06231	0.67512	0.01335	0.02225	0.00890	0.00445	0.00742
66	0.02025	0.01942	0.03315	0.09216	0.61752	0.01966	0.02534	0.02522	0.01877	0.02676	0.01557	0.02066	0.01302	0.00746	0.00823	0.00249	0.00995	0.00740	0.00408	0.01291
67	0.02473	0.02052	0.02616	0.02931	0.23864	0.02226	0.01833	0.25716	0.20391	0.03878	0.02243	0.02330	0.01700	0.00947	0.00832	0.00258	0.00866	0.00800	0.00693	0.01352
68	0.01139	0.00789	0.00936	0.01002	0.01044	0.00765	0.00626	0.01212	0.01400	0.01844	0.03693	0.25164	0.08313	0.42690	0.02923	0.00611	0.00679	0.03976	0.00613	0.00579
69	0.01187	0.00890	0.01335	0.01335	0.01483	0.01038	0.01038	0.01483	0.01335	0.01928	0.02225	0.03264	0.02077	0.06231	0.67512	0.01335	0.02225	0.00890	0.00445	0.00742
70	0.01330	0.00951	0.01327	0.01505	0.01697	0.00947	0.01310	0.01713	0.01935	0.02529	0.07492	0.09210	0.04937	0.02265	0.01139	0.00376	0.00746	0.57052	0.00773	0.00766
71	0.01569	0.01477	0.02492	0.68808	0.05722	0.01846	0.02307	0.02123	0.01661	0.02123	0.01477	0.02215	0.01107	0.00831	0.00831	0.00277	0.01107	0.00738	0.00369	0.00923
72	0.01035	0.00844	0.00915	0.00898	0.01155	0.00724	0.00673	0.01295	0.02019	0.02543	0.24022	0.07503	0.49492	0.01992	0.00981	0.00275	0.00413	0.01684	0.00811	0.00724
73	0.01549	0.00774	0.00774	0.00774	0.00968	0.00774	0.00581	0.01936	0.01742	0.03097	0.02710	0.03097	0.02129	0.00968	0.00581	0.00194	0.00387	0.00774	0.75416	0.00774
74	0.01889	0.23566	0.45782	0.02085	0.03129	0.05215	0.02530	0.02620	0.01761	0.02410	0.01385	0.01621	0.01057	0.00770	0.00714	0.00236	0.01142	0.00562	0.00356	0.01170
75	0.01549	0.00774	0.00774	0.00774	0.00968	0.00774	0.00581	0.01936	0.01742	0.03097	0.02710	0.03097	0.02129	0.00968	0.00581	0.00194	0.00387	0.00774	0.75416	0.00774
76	0.03219	0.02229	0.02432	0.01865	0.02527	0.02430	0.01540	0.56516	0.03741	0.11804	0.02133	0.02084	0.01482	0.01001	0.00832	0.00250	0.00892	0.00757	0.00852	0.01413
77	0.06501	0.02558	0.02601	0.05783	0.17628	0.23790	0.01883	0.05333	0.01922	0.02428	0.01329	0.01769	0.01142	0.00999	0.01325	0.00271	0.20612	0.00653	0.00426	0.01047
78	0.01820	0.01726	0.02830	0.07804	0.49733	0.01719	0.02162	0.02261	0.01879	0.02590	0.02893	0.03222	0.13767	0.01011	0.00854	0.00255	0.00883	0.00937	0.00479	0.01174
79	0.01187	0.00890	0.01335	0.01335	0.01483	0.01038	0.01038	0.01483	0.01335	0.01928	0.02225	0.03264	0.02077	0.06231	0.67512	0.01335	0.02225	0.00890	0.00445	0.00742
80	0.01073	0.00767	0.01034	0.01227	0.01302	0.00728	0.00878	0.01263	0.01651	0.02189	0.04545	0.58849	0.05361	0.02545	0.01077	0.00346	0.00535	0.13171	0.00770	0.00692
81	0.02147	0.01608	0.01867	0.01364	0.02081	0.01355	0.01103	0.12078	0.02138	0.09209	0.01733	0.01873	0.01339	0.00716	0.00671	0.00156	0.00672	0.00566	0.00598	0.56725
82	0.01675	0.01608	0.02272	0.01990	0.02024	0.02205	0.01642	0.01883	0.01286	0.01983	0.01347	0.02144	0.01313	0.02532	0.17350	0.00583	0.54147	0.00764	0.00382	0.00871
83	0.01952	0.02214	0.04752	0.03417	0.04204	0.02129	0.58740	0.02619	0.01917	0.02619	0.01643	0.02214	0.01250	0.00748	0.01091	0.00285	0.05716	0.00964	0.00417	0.01107
84	0.03103	0.03959	0.02354	0.02140	0.02568	0.67469	0.01605	0.03317	0.02354	0.02033	0.01284	0.01498	0.01070	0.00856	0.00749	0.00214	0.01498	0.00535	0.00428	0.00963
85	0.01055	0.00844	0.00942	0.00918	0.01167	0.00732	0.00688	0.01333	0.02065	0.02652	0.29723	0.07323	0.43723	0.01952	0.00981	0.00273	0.00410	0.01659	0.00825	0.00732
86	0.01008	0.00819	0.00893	0.00924	0.01150	0.00705	0.00674	0.01224	0.01882	0.02332	0.13506	0.19942	0.47729	0.02159	0.00997	0.00290	0.00430	0.01846	0.00786	0.00705
87	0.01163	0.00849	0.01093	0.01032	0.01233	0.00779	0.00774	0.01543	0.02322	0.03261	0.61516	0.06321	0.11551	0.01725	0.00980	0.00263	0.00394	0.01519	0.00905	0.00779
88	0.01996	0.02022	0.03772	0.08738	0.43434	0.02004	0.20485	0.02555	0.01897	0.02660	0.01592	0.02122	0.01286	0.00734	0.00870	0.00259	0.01118	0.00812	0.00411	0.01232
89	0.01464	0.01204	0.01348	0.01338	0.01659	0.01252	0.01076	0.02470	0.23598	0.02744	0.05490	0.06689	0.25772	0.01819	0.00982	0.00311	0.00604	0.18453	0.00795	0.00934
90	0.02701	0.03279	0.02128	0.02041	0.05082	0.52039	0.01441	0.02888	0.02119	0.01985	0.01547	0.02261	0.01447	0.13961	0.01404	0.00326	0.01345	0.00670	0.00441	0.00893
91	0.02196	0.02366	0.05941	0.04382	0.50580	0.11801	0.02376	0.02752	0.04744	0.02642	0.01599	0.02006	0.01322	0.00777	0.00811	0.00244	0.01059	0.00713	0.00431	0.01259
92	0.01022	0.00740	0.00948	0.01110	0.01178	0.00686	0.00740	0.01164	0.01595	0.02100	0.04827	0.59991	0.11176	0.06961	0.01257	0.00362	0.00497	0.02228	0.00754	0.00666
93	0.76672	0.01607	0.01221	0.01092	0.01607	0.01864	0.00900	0.02442	0.01414	0.03727	0.01157	0.01350	0.00900	0.00771	0.00514	0.00257	0.00643	0.00450	0.00514	0.00900
94	0.16070	0.21523	0.09305	0.02293	0.13346	0.06657	0.01775	0.02463	0.01641	0.02501	0.01256	0.01610	0.01082	0.00889	0.01047	0.00252	0.14258	0.00575	0.00401	0.01057
95	0.01149	0.00846	0.01098	0.01209	0.01373	0.00795	0.00942	0.01431	0.01894	0.02493	0.16528	0.27017	0.15836	0.02244	0.01062	0.00329	0.00551	0.21678	0.00796	0.00730
96	0.02414	0.28495	0.02880	0.01692	0.02184	0.31538	0.01405	0.02656	0.01962	0.02008	0.01851	0.02096	0.05800	0.01475	0.07932	0.00327	0.01272	0.00627	0.00428	0.00959
97	0.02326	0.31008	0.16834	0.02228	0.09639	0.20393	0.01946	0.02752	0.01907	0.02204	0.01307	0.01548	0.01092	0.00770	0.00679	0.00213	0.01138	0.00538	0.00380	0.01100

[dist]
# distance from previous block
# <min> <max>
0	1

[block]
# block no. 2 follows, 22 sequences, length 104
# corresponding to MSA columns:
# 222-325
name=unknown_C
#
# <colnr> <probs for GDERKNQSTAVLIFYWHMCP>
#	G	D	E	R	K	N	Q	S	T	A	V	L	I	F	Y	W	H	M	C	P
0	0.02334	0.02554	0.02936	0.11935	0.37957	0.23087	0.02215	0.02745	0.02013	0.02422	0.01462	0.01896	0.01211	0.00789	0.00800	0.00240	0.01167	0.00674	0.00411	0.01154
1	0.02293	0.03004	0.24157	0.02706	0.16754	0.14348	0.02202	0.03011	0.06850	0.10561	0.04752	0.02214	0.01665	0.00889	0.00808	0.00251	0.01079	0.00720	0.00528	0.01206
2	0.05464	0.34421	0.02802	0.01374	0.01838	0.02158	0.01225	0.02170	0.01573	0.06116	0.01732	0.02226	0.01539	0.03014	0.28222	0.00665	0.01417	0.00654	0.00443	0.00946
3	0.02056	0.01974	0.03372	0.05099	0.65622	0.01974	0.02550	0.02550	0.01892	0.02714	0.01563	0.02056	0.01316	0.00740	0.00822	0.00247	0.00987	0.00740	0.00411	0.01316
4	0.18397	0.06233	0.38097	0.02528	0.14086	0.01982	0.02424	0.02568	0.01700	0.02859	0.01415	0.01699	0.01066	0.00773	0.00723	0.00255	0.01040	0.00592	0.00398	0.01164
5	0.01427	0.01221	0.01633	0.01998	0.15639	0.01192	0.01240	0.02016	0.09599	0.02747	0.17642	0.05841	0.25710	0.01616	0.00945	0.00279	0.00602	0.06986	0.00730	0.00936
6	0.01549	0.00774	0.00774	0.00774	0.00968	0.00774	0.00581	0.01936	0.01742	0.03097	0.02710	0.03097	0.02129	0.00968	0.00581	0.00194	0.00387	0.00774	0.75416	0.00774
7	0.02378	0.02134	0.10698	0.03356	0.32496	0.01821	0.02124	0.10478	0.02208	0.13803	0.02052	0.02528	0.01608	0.00908	0.00830	0.00252	0.00930	0.03991	0.00586	0.04819
8	0.01014	0.00757	0.00931	0.01066	0.01170	0.00688	0.00723	0.01168	0.01648	0.02128	0.05447	0.51610	0.20354	0.05693	0.01190	0.00345	0.00482	0.02155	0.00759	0.00673
9	0.01549	0.00774	0.00774	0.00774	0.00968	0.00774	0.00581	0.01936	0.01742	0.03097	0.02710	0.03097	0.02129	0.00968	0.00581	0.00194	0.00387	0.00774	0.75416	0.00774
10	0.01290	0.00889	0.01059	0.01034	0.01092	0.00928	0.00655	0.03971	0.01351	0.01832	0.02514	0.04863	0.02766	0.55199	0.16366	0.00884	0.01086	0.01126	0.00506	0.00590
11	0.02136	0.01819	0.01918	0.01705	0.02187	0.02099	0.01332	0.08133	0.60290	0.03587	0.03293	0.03029	0.02464	0.01119	0.00844	0.00280	0.00674	0.00927	0.00844	0.01321
12	0.01997	0.01913	0.03264	0.12889	0.58298	0.01958	0.02520	0.02497	0.01863	0.02642	0.01552	0.02076	0.01290	0.00751	0.00823	0.00250	0.01002	0.00740	0.00406	0.01268
13	0.01729	0.03873	0.54055	0.02659	0.06160	0.01959	0.12673	0.02633	0.01793	0.02639	0.01524	0.01845	0.01096	0.00773	0.00821	0.00265	0.01246	0.00678	0.00364	0.01214
14	0.01187	0.00890	0.01335	0.01335	0.01483	0.01038	0.01038	0.01483	0.01335	0.01928	0.02225	0.03264	0.02077	0.06231	0.67512	0.01335	0.02225	0.00890	0.00445	0.00742
15	0.01666	0.04297	0.66500	0.02368	0.03596	0.01929	0.03069	0.02631	0.01754	0.02631	0.01491	0.01754	0.01052	0.00789	0.00789	0.00263	0.01228	0.00614	0.00351	0.01228
16	0.01666	0.04297	0.66500	0.02368	0.03596	0.01929	0.03069	0.02631	0.01754	0.02631	0.01491	0.01754	0.01052	0.00789	0.00789	0.00263	0.01228	0.00614	0.00351	0.01228
17	0.01066	0.00861	0.00959	0.00980	0.01234	0.00754	0.00765	0.01330	0.01963	0.02440	0.15995	0.07954	0.47382	0.02075	0.01008	0.00294	0.00471	0.10953	0.00791	0.00723
18	0.01837	0.01634	0.01515	0.01386	0.01777	0.09447	0.01064	0.02922	0.27061	0.06276	0.07548	0.04871	0.26337	0.01482	0.00890	0.00271	0.00662	0.01216	0.00779	0.01023
19	0.02290	0.02364	0.02692	0.02142	0.02668	0.18584	0.16535	0.15711	0.02436	0.02939	0.03110	0.03250	0.15438	0.01158	0.00985	0.00261	0.04835	0.00973	0.00587	0.01040
