[name]
unknown

[dist]
# distance from previous block
# <min> <max>
1	4

[block]
# block no. 0 follows, 23 sequences, length 83
# corresponding to MSA columns:
# 4-86
name=unknown_A
#
# <colnr> <probs for GDERKNQSTAVLIFYWHMCP>
#	G	D	E	R	K	N	Q	S	T	A	V	L	I	F	Y	W	H	M	C	P
0	0.11057	0.02150	0.09313	0.03934	0.39793	0.01937	0.15010	0.02508	0.01793	0.02752	0.01496	0.01935	0.01201	0.00723	0.00796	0.00250	0.01029	0.00726	0.00410	0.01188
1	0.17790	0.02742	0.32110	0.23827	0.03769	0.01844	0.02303	0.02369	0.01613	0.02638	0.01382	0.01774	0.01013	0.00780	0.00726	0.00260	0.01039	0.00605	0.00383	0.01034
2	0.02885	0.03589	0.02442	0.02504	0.11663	0.58730	0.01700	0.03133	0.02235	0.02081	0.01293	0.01541	0.01080	0.00820	0.00742	0.00214	0.01392	0.00551	0.00416	0.00990
3	0.02004	0.11347	0.12407	0.03345	0.26818	0.08285	0.14916	0.02527	0.01829	0.02428	0.01501	0.01931	0.01227	0.01038	0.04677	0.00300	0.01185	0.00707	0.00392	0.01138
4	0.01965	0.01960	0.03572	0.07758	0.50168	0.01948	0.15544	0.02493	0.01851	0.02612	0.01547	0.02054	0.01264	0.00719	0.00837	0.00249	0.01056	0.00773	0.00402	0.01226
5	0.01126	0.00820	0.01060	0.01017	0.01203	0.00754	0.00756	0.01482	0.02220	0.03111	0.58404	0.10655	0.10866	0.01743	0.00963	0.00261	0.00391	0.01540	0.00875	0.00754
6	0.00994	0.00742	0.00941	0.01076	0.01178	0.00689	0.00742	0.01159	0.01600	0.02084	0.05116	0.52735	0.18145	0.02683	0.05674	0.00385	0.00576	0.02080	0.00731	0.00669
7	0.01532	0.01442	0.02434	0.69533	0.05589	0.01803	0.02253	0.02073	0.01622	0.02073	0.01442	0.02163	0.01082	0.00811	0.00811	0.00270	0.01082	0.00721	0.00361	0.00901
8	0.02632	0.01950	0.02122	0.01717	0.02243	0.02141	0.01380	0.48636	0.06860	0.04447	0.02497	0.14921	0.02188	0.01275	0.00854	0.00261	0.00800	0.01036	0.00802	0.01240
9	0.00989	0.00706	0.00942	0.01130	0.01177	0.00659	0.00753	0.01130	0.01554	0.02071	0.04472	0.70954	0.05367	0.02542	0.01036	0.00330	0.00471	0.02307	0.00753	0.00659
10	0.02511	0.01143	0.01454	0.01196	0.01665	0.00983	0.00960	0.02795	0.02161	0.39377	0.10673	0.04759	0.24024	0.01417	0.00877	0.00259	0.00568	0.01177	0.00910	0.01091
11	0.01532	0.01442	0.02434	0.69533	0.05589	0.01803	0.02253	0.02073	0.01622	0.02073	0.01442	0.02163	0.01082	0.00811	0.00811	0.00270	0.01082	0.00721	0.00361	0.00901
12	0.02428	0.02098	0.02056	0.01756	0.02267	0.08336	0.01387	0.21808	0.41007	0.03772	0.02711	0.02562	0.02019	0.01039	0.00813	0.00260	0.00793	0.00825	0.00784	0.01281
13	0.01137	0.00821	0.01075	0.01028	0.01210	0.00758	0.00765	0.01503	0.02245	0.03172	0.61734	0.10554	0.07498	0.01720	0.00962	0.00260	0.00389	0.01526	0.00884	0.00758
14	0.73041	0.01559	0.01232	0.01088	0.01598	0.01785	0.00897	0.02474	0.01434	0.07234	0.01247	0.01400	0.00943	0.00767	0.00520	0.00251	0.00631	0.00461	0.00531	0.00907
15	0.01846	0.01762	0.03001	0.26975	0.45695	0.01885	0.02410	0.02348	0.01771	0.02454	0.01498	0.02061	0.01216	0.00753	0.00806	0.00251	0.01004	0.00722	0.00388	0.01154
16	0.00999	0.00756	0.00923	0.01024	0.01157	0.00680	0.00714	0.01189	0.01733	0.02251	0.13047	0.44098	0.23917	0.02289	0.01003	0.00304	0.00442	0.02026	0.00770	0.00680
17	0.02835	0.01933	0.02090	0.01634	0.02198	0.02102	0.01340	0.48259	0.03325	0.09015	0.02163	0.02202	0.01552	0.00971	0.00767	0.00234	0.00785	0.00741	0.14590	0.01266
18	0.02338	0.02854	0.05742	0.02659	0.03269	0.27649	0.29294	0.02955	0.07169	0.02395	0.01593	0.01940	0.01246	0.00815	0.00935	0.00252	0.04648	0.00761	0.00442	0.01044
19	0.01180	0.00787	0.00885	0.00885	0.00885	0.00787	0.00492	0.01180	0.01180	0.01573	0.02557	0.05310	0.02950	0.71483	0.04130	0.00787	0.00787	0.01180	0.00492	0.00492
20	0.01179	0.00791	0.00909	0.00909	0.00918	0.00800	0.00522	0.01196	0.01187	0.01591	0.02535	0.05188	0.02897	0.67714	0.07827	0.00816	0.00867	0.01162	0.00488	0.00505
21	0.02169	0.71972	0.04252	0.01388	0.02083	0.03211	0.01388	0.02430	0.01649	0.01909	0.01128	0.01302	0.01041	0.00694	0.00521	0.00174	0.00868	0.00434	0.00347	0.01041
22	0.01785	0.21101	0.47935	0.02227	0.06602	0.02220	0.02566	0.02530	0.01704	0.02408	0.01378	0.01626	0.01045	0.00749	0.00710	0.00235	0.01103	0.00565	0.00347	0.01164
23	0.02259	0.02606	0.02149	0.01939	0.02173	0.34207	0.01516	0.02475	0.01770	0.01955	0.01387	0.01917	0.01256	0.02105	0.15350	0.00481	0.22521	0.00652	0.00402	0.00880
24	0.02155	0.17144	0.17912	0.02422	0.03263	0.02355	0.24013	0.15651	0.02222	0.02988	0.01560	0.01848	0.01179	0.00767	0.00795	0.00243	0.01125	0.00721	0.00468	0.01168
25	0.01181	0.00899	0.01105	0.01103	0.01329	0.00849	0.00868	0.01621	0.05529	0.02818	0.34955	0.06984	0.21706	0.01851	0.00984	0.00286	0.00480	0.13858	0.00823	0.00770
26	0.01409	0.00705	0.01057	0.01057	0.01057	0.00705	0.00705	0.01057	0.01057	0.01409	0.01409	0.02467	0.01409	0.02819	0.03171	0.76392	0.00705	0.00705	0.00352	0.00352
27	0.02008	0.01928	0.03294	0.04981	0.66422	0.01928	0.02490	0.02490	0.01848	0.02651	0.01526	0.02008	0.01285	0.00723	0.00803	0.00241	0.00964	0.00723	0.00402	0.01285
28	0.01933	0.01162	0.01205	0.01053	0.01365	0.01227	0.00828	0.18417	0.02267	0.03583	0.02460	0.02737	0.01893	0.00953	0.00633	0.00204	0.00516	0.00749	0.55893	0.00923
29	0.01147	0.00778	0.00921	0.00971	0.00992	0.00768	0.00594	0.01198	0.01298	0.01727	0.03059	0.19294	0.03556	0.53038	0.03308	0.00667	0.00718	0.04862	0.00561	0.00541
30	0.00980	0.00741	0.00905	0.01036	0.01152	0.00667	0.00712	0.01140	0.01644	0.02108	0.05616	0.51688	0.23895	0.02394	0.01012	0.00313	0.00453	0.02125	0.00753	0.00667
31	0.03085	0.02273	0.02435	0.01867	0.02516	0.02516	0.01542	0.63716	0.03815	0.05114	0.01948	0.01948	0.01380	0.00974	0.00812	0.00244	0.00893	0.00731	0.00812	0.01380
32	0.02981	0.03516	0.02376	0.02220	0.06135	0.54506	0.01616	0.12363	0.02504	0.02498	0.01375	0.01568	0.01110	0.00851	0.00748	0.00216	0.01349	0.00565	0.00477	0.01027
33	0.01739	0.00976	0.01180	0.01044	0.01392	0.00844	0.00813	0.02021	0.02097	0.20090	0.22245	0.05971	0.33103	0.01664	0.00920	0.00263	0.00479	0.01403	0.00859	0.00896
34	0.01159	0.00869	0.01304	0.01304	0.01449	0.01014	0.01014	0.01449	0.01304	0.01884	0.02173	0.03188	0.02029	0.06086	0.68268	0.01304	0.02173	0.00869	0.00435	0.00724
35	0.01532	0.01442	0.02434	0.69533	0.05589	0.01803	0.02253	0.02073	0.01622	0.02073	0.01442	0.02163	0.01082	0.00811	0.00811	0.00270	0.01082	0.00721	0.00361	0.00901
36	0.01159	0.00869	0.01304	0.01304	0.01449	0.01014	0.01014	0.01449	0.01304	0.01884	0.02173	0.03188	0.02029	0.06086	0.68268	0.01304	0.02173	0.00869	0.00435	0.00724
37	0.01678	0.10523	0.61397	0.02226	0.03379	0.02008	0.02848	0.02557	0.01707	0.02508	0.01426	0.01675	0.01029	0.00764	0.00748	0.00249	0.01168	0.00584	0.00343	0.01184
38	0.03031	0.03867	0.02299	0.02090	0.02508	0.68226	0.01568	0.03240	0.02299	0.01986	0.01254	0.01463	0.01045	0.00836	0.00732	0.00209	0.01463	0.00523	0.00418	0.00941
39	0.01627	0.04197	0.67279	0.02313	0.03512	0.01884	0.02998	0.02570	0.01713	0.02570	0.01456	0.01713	0.01028	0.00771	0.00771	0.00257	0.01199	0.00600	0.00343	0.01199
40	0.01945	0.01864	0.03180	0.13528	0.58367	0.01911	0.02459	0.02435	0.01818	0.02574	0.01515	0.02029	0.01258	0.00735	0.00804	0.00245	0.00980	0.00723	0.00396	0.01234
41	0.01764	0.00999	0.01025	0.00934	0.01197	0.01038	0.00723	0.11789	0.02040	0.03360	0.02535	0.02853	0.01968	0.00950	0.00606	0.00198	0.00461	0.00752	0.63952	0.00856
42	0.02263	0.36906	0.15246	0.01707	0.02449	0.06482	0.01713	0.13256	0.08010	0.02728	0.01541	0.01660	0.01232	0.00803	0.00658	0.00213	0.00947	0.00566	0.00475	0.01146
43	0.01739	0.01645	0.02683	0.10152	0.46714	0.01650	0.02067	0.02167	0.01827	0.02498	0.02952	0.03266	0.15150	0.01017	0.00837	0.00251	0.00857	0.00935	0.00473	0.01121
44	0.01159	0.00869	0.01304	0.01304	0.01449	0.01014	0.01014	0.01449	0.01304	0.01884	0.02173	0.03188	0.02029	0.06086	0.68268	0.01304	0.02173	0.00869	0.00435	0.00724
45	0.03031	0.03867	0.02299	0.02090	0.02508	0.68226	0.01568	0.03240	0.02299	0.01986	0.01254	0.01463	0.01045	0.00836	0.00732	0.00209	0.01463	0.00523	0.00418	0.00941
46	0.02191	0.43574	0.16631	0.01877	0.05809	0.13400	0.01801	0.02592	0.01778	0.02094	0.01236	0.01448	0.01052	0.00734	0.00620	0.00200	0.01036	0.00497	0.00361	0.01070
47	0.01180	0.00787	0.00885	0.00885	0.00885	0.00787	0.00492	0.01180	0.01180	0.01573	0.02557	0.05310	0.02950	0.71483	0.04130	0.00787	0.00787	0.01180	0.00492	0.00492
48	0.01055	0.00753	0.01018	0.01206	0.01282	0.00716	0.00868	0.01244	0.01619	0.02146	0.04436	0.58116	0.05222	0.02480	0.01053	0.00339	0.00528	0.14490	0.00752	0.00677
49	0.02022	0.01965	0.03057	0.09017	0.53482	0.04919	0.02323	0.02661	0.07587	0.02648	0.01670	0.02087	0.01369	0.00769	0.00803	0.00245	0.00965	0.00731	0.00438	0.01243
50	0.05515	0.08310	0.09989	0.01667	0.02161	0.01731	0.04931	0.07229	0.11172	0.08065	0.02264	0.07171	0.01926	0.02399	0.18757	0.00537	0.03707	0.00866	0.00572	0.01030
51	0.01166	0.00841	0.01160	0.01160	0.01255	0.00936	0.00834	0.01356	0.01261	0.01777	0.02305	0.03918	0.02346	0.28595	0.46192	0.01126	0.01696	0.00976	0.00454	0.00644
52	0.00997	0.00741	0.00933	0.01081	0.01183	0.00677	0.00749	0.01163	0.01631	0.02114	0.05267	0.54587	0.18344	0.02424	0.01023	0.00320	0.00471	0.04874	0.00753	0.00669
53	0.02914	0.03416	0.02439	0.02412	0.10281	0.51301	0.01677	0.11307	0.02449	0.02489	0.01381	0.01595	0.01120	0.00841	0.00751	0.00218	0.01326	0.00575	0.00469	0.01042
54	0.06934	0.02684	0.02033	0.01810	0.02249	0.32789	0.01429	0.18641	0.02549	0.02981	0.02286	0.03159	0.05116	0.01159	0.00814	0.00251	0.01095	0.10418	0.00597	0.01007
55	0.07253	0.03311	0.02273	0.01973	0.02457	0.46895	0.01522	0.19357	0.02652	0.02916	0.01433	0.01585	0.01125	0.00868	0.00740	0.00221	0.01263	0.00573	0.00528	0.01055
56	0.01730	0.01222	0.01407	0.01265	0.01618	0.01252	0.00978	0.02759	0.24636	0.10845	0.26547	0.04862	0.14654	0.01445	0.00893	0.00265	0.00517	0.01232	0.00860	0.01012
57	0.01775	0.01775	0.02485	0.02130	0.02130	0.02485	0.01775	0.01953	0.01243	0.01953	0.01065	0.01775	0.01065	0.01420	0.02663	0.00355	0.69998	0.00710	0.00355	0.00888
58	0.01164	0.00852	0.01214	0.01214	0.01328	0.00966	0.00902	0.01391	0.01277	0.01817	0.02256	0.03642	0.02226	0.20096	0.54527	0.01193	0.01876	0.00936	0.00447	0.00675
59	0.01513	0.00756	0.00756	0.00756	0.00945	0.00756	0.00567	0.01891	0.01702	0.03025	0.02647	0.03025	0.02080	0.00945	0.00567	0.00189	0.00378	0.00756	0.75988	0.00756
60	0.01683	0.01442	0.01683	0.01202	0.01923	0.01082	0.00961	0.02043	0.01683	0.02644	0.01442	0.01683	0.01202	0.00601	0.00601	0.00120	0.00601	0.00481	0.00481	0.76444
61	0.01197	0.01016	0.01058	0.01034	0.01329	0.00979	0.00777	0.01861	0.15843	0.02448	0.06787	0.12485	0.46440	0.01887	0.00936	0.00279	0.00468	0.01590	0.00770	0.00816
62	0.02010	0.01896	0.03044	0.04410	0.55397	0.01943	0.02284	0.02802	0.12666	0.02778	0.01831	0.02183	0.01490	0.00788	0.00807	0.00247	0.00909	0.00756	0.00474	0.01285
63	0.03135	0.02192	0.02385	0.01828	0.02476	0.02396	0.01510	0.58285	0.03679	0.10736	0.02062	0.02022	0.01437	0.00977	0.00812	0.00244	0.00874	0.00738	0.00829	0.01380
64	0.02771	0.02841	0.02611	0.02803	0.19829	0.29635	0.01810	0.22021	0.02653	0.03148	0.01546	0.01763	0.01215	0.00849	0.00776	0.00229	0.01149	0.00642	0.00537	0.01172
65	0.02221	0.02331	0.03087	0.04380	0.53145	0.15699	0.02299	0.02646	0.01941	0.02513	0.01470	0.01895	0.01235	0.00746	0.00788	0.00234	0.01068	0.00681	0.00405	0.01214
66	0.01975	0.01894	0.03234	0.09450	0.62210	0.01919	0.02474	0.02461	0.01832	0.02611	0.01520	0.02019	0.01271	0.00729	0.00804	0.00243	0.00972	0.00723	0.00399	0.01259
67	0.02200	0.02316	0.03032	0.08023	0.49279	0.16124	0.02279	0.02627	0.01932	0.02476	0.01463	0.01900	0.01222	0.00752	0.00788	0.00236	0.01078	0.00680	0.00403	0.01190
68	0.00989	0.00706	0.00942	0.01130	0.01177	0.00659	0.00753	0.01130	0.01554	0.02071	0.04472	0.70954	0.05367	0.02542	0.01036	0.00330	0.00471	0.02307	0.00753	0.00659
69	0.01558	0.01469	0.02481	0.65993	0.08924	0.01810	0.02266	0.02096	0.01635	0.02105	0.01447	0.02155	0.01093	0.00806	0.00811	0.00269	0.01075	0.00721	0.00363	0.00922
70	0.38213	0.02243	0.01774	0.01520	0.02037	0.16228	0.01215	0.17514	0.06567	0.03625	0.01505	0.01620	0.01146	0.00848	0.00648	0.00242	0.00872	0.00561	0.00581	0.01041
71	0.01627	0.04197	0.67279	0.02313	0.03512	0.01884	0.02998	0.02570	0.01713	0.02570	0.01456	0.01713	0.01028	0.00771	0.00771	0.00257	0.01199	0.00600	0.00343	0.01199
72	0.00989	0.00706	0.00942	0.01130	0.01177	0.00659	0.00753	0.01130	0.01554	0.02071	0.04472	0.70954	0.05367	0.02542	0.01036	0.00330	0.00471	0.02307	0.00753	0.00659
73	0.00987	0.00794	0.00853	0.00892	0.01092	0.00690	0.00633	0.01159	0.01723	0.02106	0.06888	0.20681	0.47302	0.08948	0.01285	0.00336	0.00460	0.01784	0.00728	0.00661
74	0.02051	0.02058	0.03038	0.07367	0.53203	0.09053	0.02299	0.02496	0.01857	0.02511	0.01529	0.02021	0.01291	0.01033	0.04495	0.00297	0.01090	0.00709	0.00403	0.01200
75	0.01163	0.00855	0.01232	0.01232	0.01352	0.00975	0.00924	0.01403	0.01283	0.01830	0.02239	0.03553	0.02187	0.17352	0.57219	0.01215	0.01935	0.00923	0.00445	0.00684
76	0.01154	0.00824	0.01131	0.01318	0.01438	0.00801	0.01040	0.01415	0.01716	0.02256	0.04381	0.38991	0.05006	0.02387	0.01080	0.00352	0.00614	0.32642	0.00750	0.00705
77	0.01532	0.01442	0.02434	0.69533	0.05589	0.01803	0.02253	0.02073	0.01622	0.02073	0.01442	0.02163	0.01082	0.00811	0.00811	0.00270	0.01082	0.00721	0.00361	0.00901
78	0.02136	0.11346	0.05418	0.19645	0.17264	0.05747	0.04495	0.08482	0.06349	0.06334	0.01682	0.02019	0.01301	0.00840	0.00841	0.00247	0.03548	0.00697	0.00485	0.01125
79	0.02968	0.03686	0.02315	0.02082	0.02489	0.61819	0.01578	0.05902	0.02313	0.02125	0.01276	0.01501	0.01061	0.00873	0.00836	0.00218	0.05026	0.00542	0.00433	0.00958
80	0.00980	0.00741	0.00905	0.01037	0.01153	0.00667	0.00712	0.01140	0.01643	0.02108	0.05603	0.51907	0.23684	0.02395	0.01013	0.00313	0.00453	0.02128	0.00753	0.00667
81	0.02481	0.02823	0.02835	0.03646	0.36910	0.32540	0.02064	0.02837	0.02056	0.02344	0.01401	0.01757	0.01174	0.00775	0.00770	0.00226	0.01195	0.00630	0.00409	0.01126
82	0.02688	0.17827	0.08662	0.02061	0.05080	0.40293	0.01695	0.08260	0.02225	0.02323	0.01318	0.01517	0.01082	0.00808	0.00701	0.00210	0.01246	0.00537	0.00430	0.01037

[dist]
# distance from previous block
# <min> <max>
0	11

[block]
# block no. 1 follows, 23 sequences, length 27
# corresponding to MSA columns:
# 98-124
name=unknown_B
#
# <colnr> <probs for GDERKNQSTAVLIFYWHMCP>
#	G	D	E	R	K	N	Q	S	T	A	V	L	I	F	Y	W	H	M	C	P
0	0.02003	0.49854	0.04061	0.01793	0.02477	0.02721	0.15253	0.02353	0.01727	0.02090	0.01887	0.02091	0.06986	0.00815	0.00658	0.00205	0.00939	0.00667	0.00398	0.01021
1	0.01139	0.00816	0.00999	0.00960	0.01103	0.00764	0.00669	0.01389	0.01919	0.02646	0.41242	0.06014	0.12157	0.22518	0.01903	0.00416	0.00506	0.01406	0.00759	0.00676
2	0.01171	0.00822	0.01066	0.01066	0.01129	0.00885	0.00717	0.01296	0.01234	0.01707	0.02391	0.04393	0.02552	0.43240	0.31830	0.01010	0.01386	0.01046	0.00467	0.00592
3	0.02578	0.03166	0.01998	0.01877	0.02213	0.53234	0.01387	0.02772	0.02134	0.02005	0.01968	0.16882	0.02004	0.01215	0.00799	0.00236	0.01243	0.00918	0.00492	0.00878
4	0.01026	0.00814	0.00922	0.00916	0.01143	0.00710	0.00679	0.01286	0.01975	0.02542	0.27495	0.12739	0.40953	0.01963	0.00965	0.00272	0.00407	0.01681	0.00801	0.00710
5	0.77215	0.01569	0.01193	0.01067	0.01569	0.01820	0.00879	0.02385	0.01381	0.03641	0.01130	0.01318	0.00879	0.00753	0.00502	0.00251	0.00628	0.00439	0.00502	0.00879
6	0.01180	0.00787	0.00885	0.00885	0.00885	0.00787	0.00492	0.01180	0.01180	0.01573	0.02557	0.05310	0.02950	0.71483	0.04130	0.00787	0.00787	0.01180	0.00492	0.00492
7	0.02018	0.01743	0.01835	0.01651	0.02110	0.02018	0.01284	0.04312	0.64956	0.03394	0.03303	0.03027	0.02477	0.01101	0.00826	0.00275	0.00642	0.00917	0.00826	0.01284
8	0.03641	0.01381	0.01883	0.01444	0.02071	0.01193	0.01193	0.03954	0.02322	0.66984	0.03201	0.02762	0.02009	0.01004	0.00816	0.00251	0.00690	0.00816	0.01004	0.01381
9	0.01052	0.00846	0.00951	0.00983	0.01230	0.00745	0.00776	0.01312	0.01902	0.02356	0.13688	0.07898	0.46997	0.02051	0.00992	0.00293	0.00478	0.13976	0.00767	0.00707
10	0.01532	0.01442	0.02434	0.69533	0.05589	0.01803	0.02253	0.02073	0.01622	0.02073	0.01442	0.02163	0.01082	0.00811	0.00811	0.00270	0.01082	0.00721	0.00361	0.00901
11	0.01775	0.01775	0.02485	0.02130	0.02130	0.02485	0.01775	0.01953	0.01243	0.01953	0.01065	0.01775	0.01065	0.01420	0.02663	0.00355	0.69998	0.00710	0.00355	0.00888
12	0.00989	0.00706	0.00942	0.01130	0.01177	0.00659	0.00753	0.01130	0.01554	0.02071	0.04472	0.70954	0.05367	0.02542	0.01036	0.00330	0.00471	0.02307	0.00753	0.00659
13	0.69795	0.01640	0.01317	0.01147	0.01664	0.01890	0.00945	0.08524	0.01625	0.03788	0.01212	0.01381	0.00929	0.00775	0.00533	0.00250	0.00654	0.00469	0.00533	0.00929
14	0.01532	0.01442	0.02434	0.69533	0.05589	0.01803	0.02253	0.02073	0.01622	0.02073	0.01442	0.02163	0.01082	0.00811	0.00811	0.00270	0.01082	0.00721	0.00361	0.00901
15	0.01010	0.00824	0.00893	0.00875	0.01127	0.00707	0.00657	0.01263	0.01970	0.02477	0.23736	0.07340	0.50398	0.01949	0.00958	0.00269	0.00403	0.01647	0.00791	0.00707
16	0.02000	0.01952	0.03429	0.04839	0.60780	0.01939	0.08023	0.02500	0.01854	0.02646	0.01537	0.02025	0.01280	0.00719	0.00817	0.00244	0.01001	0.00744	0.00402	0.01268
17	0.02871	0.03578	0.02407	0.02382	0.08889	0.58590	0.01670	0.03106	0.02206	0.02051	0.01273	0.01532	0.01070	0.00851	0.00827	0.00219	0.04540	0.00551	0.00414	0.00973
18	0.02577	0.01793	0.02118	0.01938	0.07965	0.01902	0.01413	0.37616	0.02967	0.10935	0.02613	0.17530	0.02335	0.01307	0.00862	0.00263	0.00783	0.01093	0.00782	0.01210
19	0.01019	0.00770	0.00931	0.01003	0.01147	0.00694	0.00703	0.01223	0.01777	0.02323	0.17814	0.35809	0.24396	0.05138	0.01128	0.00317	0.00448	0.01909	0.00770	0.00681
20	0.01234	0.00949	0.01158	0.01263	0.01409	0.00976	0.00897	0.01869	0.15798	0.02384	0.04202	0.52931	0.04687	0.02205	0.00992	0.00319	0.00522	0.04631	0.00769	0.00803
21	0.01854	0.01940	0.02231	0.01929	0.02306	0.16397	0.14058	0.02573	0.15036	0.02438	0.02919	0.26908	0.02935	0.01473	0.00907	0.00280	0.00915	0.01336	0.00622	0.00943
22	0.02270	0.01193	0.01511	0.01286	0.01688	0.01128	0.01017	0.09437	0.02260	0.27133	0.15674	0.10389	0.11964	0.01871	0.07001	0.00357	0.00731	0.01195	0.00852	0.01043
23	0.02114	0.08338	0.01979	0.01544	0.01935	0.09329	0.01210	0.22114	0.08174	0.03218	0.06214	0.24437	0.03038	0.01487	0.00857	0.00264	0.00769	0.01245	0.00710	0.01023
24	0.06079	0.02232	0.02091	0.01711	0.02237	0.14629	0.01370	0.32771	0.02784	0.03669	0.01758	0.01993	0.01376	0.01704	0.11415	0.00391	0.01160	0.00672	0.00627	0.09331
25	0.10623	0.12295	0.09432	0.02200	0.05546	0.17119	0.11763	0.16249	0.02305	0.03037	0.01473	0.01700	0.01140	0.00802	0.00739	0.00233	0.01100	0.00635	0.00495	0.01111
26	0.02324	0.02777	0.12253	0.02156	0.08250	0.23384	0.01722	0.03388	0.23516	0.05841	0.02376	0.02396	0.04127	0.00962	0.00789	0.00247	0.01018	0.00748	0.00586	0.01141

[dist]
# distance from previous block
# <min> <max>
5	43

[block]
# block no. 2 follows, 23 sequences, length 31
# corresponding to MSA columns:
# 168-198
name=unknown_C
#
# <colnr> <probs for GDERKNQSTAVLIFYWHMCP>
#	G	D	E	R	K	N	Q	S	T	A	V	L	I	F	Y	W	H	M	C	P
0	0.02517	0.02692	0.02263	0.02168	0.08981	0.30276	0.01537	0.10196	0.12659	0.02746	0.01721	0.01880	0.01369	0.00877	0.00831	0.00221	0.04113	0.00635	0.00536	0.11781
1	0.01713	0.06748	0.01893	0.17345	0.06321	0.08347	0.01349	0.02171	0.06262	0.06588	0.04318	0.04338	0.26812	0.01322	0.00840	0.00256	0.00778	0.01089	0.00598	0.00912
2	0.02066	0.01995	0.01662	0.01575	0.01891	0.23561	0.01226	0.02568	0.08677	0.07055	0.17479	0.08390	0.03778	0.01448	0.00895	0.00270	0.00871	0.12986	0.00697	0.00911
3	0.12747	0.04529	0.02106	0.02313	0.19114	0.04082	0.01470	0.14907	0.02144	0.03267	0.01969	0.02598	0.01652	0.01176	0.03808	0.00287	0.00843	0.04880	0.15050	0.01060
4	0.01214	0.00899	0.01166	0.01196	0.01400	0.00820	0.00910	0.01485	0.01774	0.02445	0.16072	0.27717	0.04882	0.06823	0.01196	0.00328	0.00565	0.16955	0.00723	0.11430
5	0.12163	0.06362	0.08169	0.01321	0.01779	0.01281	0.01192	0.01905	0.01786	0.02747	0.15143	0.11121	0.03520	0.01377	0.00815	0.00254	0.00655	0.12569	0.00623	0.15219
6	0.02369	0.02513	0.05687	0.09639	0.02791	0.23471	0.04785	0.18214	0.02362	0.02841	0.01668	0.02063	0.01340	0.01906	0.14271	0.00450	0.01396	0.00694	0.00512	0.01027
7	0.09680	0.09257	0.02305	0.19463	0.10871	0.15096	0.01615	0.02455	0.06213	0.02380	0.02441	0.02688	0.10384	0.00984	0.00754	0.00243	0.00949	0.00777	0.00478	0.00965
8	0.01858	0.01775	0.03022	0.25334	0.47241	0.01888	0.02416	0.02359	0.01777	0.02469	0.01500	0.02057	0.01221	0.00751	0.00806	0.00250	0.01001	0.00722	0.00389	0.01164
9	0.02708	0.08945	0.02930	0.02489	0.10499	0.29783	0.09246	0.18253	0.02523	0.02925	0.01499	0.01727	0.01181	0.00826	0.00770	0.00226	0.01195	0.00645	0.00508	0.01121
10	0.01001	0.00817	0.00885	0.00882	0.01125	0.00701	0.00656	0.01240	0.01927	0.02409	0.20217	0.11134	0.50183	0.02000	0.00963	0.00273	0.00409	0.01695	0.00783	0.00701
11	0.01409	0.00705	0.01057	0.01057	0.01057	0.00705	0.00705	0.01057	0.01057	0.01409	0.01409	0.02467	0.01409	0.02819	0.03171	0.76392	0.00705	0.00705	0.00352	0.00352
12	0.02501	0.01770	0.01951	0.01642	0.02003	0.08636	0.01326	0.11829	0.06510	0.18638	0.02185	0.02358	0.01640	0.01375	0.05149	0.00324	0.16984	0.00750	0.11343	0.01086
13	0.02392	0.01604	0.01695	0.01377	0.01824	0.01741	0.01113	0.36469	0.02884	0.04193	0.02256	0.02423	0.01688	0.00961	0.00704	0.00220	0.00666	0.00742	0.33943	0.01105
14	0.01830	0.19531	0.39811	0.02631	0.15750	0.02202	0.02522	0.02521	0.01725	0.02432	0.01394	0.01676	0.01082	0.00743	0.00719	0.00234	0.01075	0.00586	0.00355	0.01180
15	0.01675	0.10146	0.61747	0.02232	0.03386	0.02001	0.02857	0.02557	0.01707	0.02512	0.01427	0.01677	0.01029	0.00764	0.00749	0.00250	0.01170	0.00585	0.00343	0.01185
16	0.01627	0.04197	0.67279	0.02313	0.03512	0.01884	0.02998	0.02570	0.01713	0.02570	0.01456	0.01713	0.01028	0.00771	0.00771	0.00257	0.01199	0.00600	0.00343	0.01199
17	0.01845	0.02293	0.15923	0.16226	0.42750	0.01896	0.02549	0.02430	0.01780	0.02529	0.01497	0.01978	0.01197	0.00749	0.00798	0.00250	0.01032	0.00698	0.00382	0.01198
18	0.01835	0.18174	0.02039	0.01344	0.01667	0.19065	0.01041	0.02004	0.01745	0.01931	0.03072	0.13071	0.12598	0.15360	0.01442	0.00344	0.00878	0.01079	0.00518	0.00793
19	0.01098	0.00774	0.01019	0.01174	0.01246	0.00747	0.00840	0.01270	0.01563	0.02070	0.04098	0.44875	0.04782	0.14439	0.01593	0.00419	0.00591	0.16047	0.00706	0.00651
20	0.01180	0.00787	0.00885	0.00885	0.00885	0.00787	0.00492	0.01180	0.01180	0.01573	0.02557	0.05310	0.02950	0.71483	0.04130	0.00787	0.00787	0.01180	0.00492	0.00492
21	0.01902	0.01820	0.03102	0.19376	0.52856	0.01900	0.02437	0.02397	0.01797	0.02522	0.01508	0.02043	0.01240	0.00743	0.00805	0.00248	0.00990	0.00723	0.00392	0.01200
22	0.02406	0.07955	0.02739	0.15641	0.20305	0.32869	0.01934	0.02756	0.02000	0.02176	0.01354	0.01731	0.01117	0.00790	0.00750	0.00227	0.01212	0.00608	0.00397	0.01034
23	0.03031	0.03867	0.02299	0.02090	0.02508	0.68226	0.01568	0.03240	0.02299	0.01986	0.01254	0.01463	0.01045	0.00836	0.00732	0.00209	0.01463	0.00523	0.00418	0.00941
24	0.01027	0.00760	0.00892	0.00978	0.01081	0.00698	0.00648	0.01153	0.01549	0.01984	0.05113	0.35950	0.22821	0.19445	0.01778	0.00426	0.00531	0.01851	0.00689	0.00625
25	0.01715	0.01619	0.02332	0.32304	0.03679	0.02085	0.01892	0.02478	0.14145	0.02295	0.01682	0.02200	0.01355	0.01083	0.01464	0.00301	0.25190	0.00756	0.00452	0.00973
26	0.01133	0.00859	0.01064	0.01098	0.01316	0.00790	0.00880	0.01454	0.02017	0.02647	0.27896	0.07586	0.26333	0.01969	0.01007	0.00297	0.00503	0.19616	0.00802	0.00733
27	0.01018	0.00808	0.00915	0.00924	0.01141	0.00705	0.00679	0.01266	0.01938	0.02484	0.24527	0.16247	0.40456	0.02009	0.00969	0.00276	0.00411	0.01725	0.00794	0.00705
28	0.02610	0.16610	0.02684	0.01927	0.02343	0.42460	0.01544	0.02830	0.01979	0.01991	0.01206	0.01491	0.01054	0.00894	0.00998	0.00222	0.12395	0.00534	0.00397	0.03833
29	0.01110	0.00782	0.00881	0.00908	0.00967	0.00749	0.00553	0.01170	0.01362	0.01764	0.03924	0.15095	0.15506	0.48285	0.03078	0.00623	0.00669	0.01443	0.00579	0.00553
30	0.31816	0.02489	0.02042	0.02222	0.14486	0.26612	0.01461	0.02792	0.01854	0.05543	0.01342	0.01568	0.01068	0.00789	0.00660	0.00233	0.01007	0.00541	0.00473	0.01002

[dist]
# distance from previous block
# <min> <max>
26	41

[block]
# block no. 3 follows, 23 sequences, length 16
# corresponding to MSA columns:
# 244-259
name=unknown_D
#
# <colnr> <probs for GDERKNQSTAVLIFYWHMCP>
#	G	D	E	R	K	N	Q	S	T	A	V	L	I	F	Y	W	H	M	C	P
0	0.02161	0.12414	0.21247	0.02046	0.02771	0.14936	0.07316	0.08230	0.11926	0.02704	0.01876	0.03907	0.01520	0.00921	0.00774	0.00245	0.01075	0.02308	0.00502	0.01121
1	0.01350	0.01103	0.01604	0.01463	0.01765	0.01053	0.08496	0.05671	0.02039	0.02674	0.15615	0.13513	0.19843	0.01854	0.01003	0.00303	0.00655	0.18449	0.00739	0.00809
2	0.19008	0.02443	0.06308	0.01589	0.02033	0.23822	0.01291	0.07986	0.07538	0.02816	0.05751	0.02440	0.01838	0.10479	0.01174	0.00312	0.00977	0.00711	0.00542	0.00942
3	0.01550	0.01755	0.08507	0.30641	0.04116	0.01653	0.19524	0.02101	0.01752	0.02350	0.06434	0.11731	0.02161	0.01065	0.00890	0.00277	0.01042	0.01045	0.00464	0.00940
4	0.01911	0.01671	0.02483	0.23003	0.15592	0.01744	0.05431	0.12886	0.02136	0.02953	0.07229	0.02353	0.01781	0.00851	0.00793	0.00232	0.00894	0.00759	0.00519	0.14780
5	0.02170	0.10334	0.02431	0.02052	0.10814	0.01925	0.05302	0.16606	0.12876	0.06668	0.02673	0.08493	0.05314	0.01100	0.00792	0.00246	0.00769	0.00933	0.07366	0.01137
6	0.32425	0.01953	0.01938	0.05874	0.02278	0.05636	0.01356	0.23510	0.02265	0.03727	0.01429	0.01660	0.01099	0.00931	0.00942	0.00262	0.10481	0.00600	0.00575	0.01058
7	0.18640	0.02054	0.11160	0.03405	0.37857	0.01796	0.02047	0.02393	0.01765	0.02914	0.07092	0.02171	0.01720	0.00818	0.00745	0.00247	0.00869	0.00709	0.00459	0.01138
8	0.09055	0.05306	0.02001	0.10789	0.02519	0.20944	0.01395	0.06071	0.02077	0.14398	0.02056	0.02630	0.01648	0.00986	0.00749	0.00240	0.00957	0.05999	0.07213	0.02968
9	0.15411	0.11228	0.02152	0.01687	0.05672	0.05479	0.01284	0.14502	0.14700	0.06697	0.02313	0.11344	0.02017	0.01116	0.00747	0.00252	0.00759	0.00884	0.00656	0.01101
10	0.01609	0.01517	0.07148	0.01379	0.01762	0.01381	0.01164	0.08760	0.18619	0.02945	0.13426	0.04908	0.13645	0.11232	0.01349	0.00347	0.00669	0.06462	0.00727	0.00951
11	0.20786	0.11237	0.16696	0.01860	0.02594	0.02015	0.11631	0.06585	0.06251	0.03022	0.04664	0.01956	0.01483	0.00813	0.00708	0.00240	0.00908	0.00663	0.00494	0.05396
12	0.01826	0.13159	0.29590	0.02006	0.02829	0.08813	0.08881	0.02436	0.01864	0.02515	0.10157	0.02267	0.01968	0.00862	0.00761	0.00229	0.01034	0.00715	0.00445	0.07644
13	0.01661	0.01137	0.01270	0.01175	0.01468	0.04428	0.00890	0.02123	0.07582	0.12970	0.27723	0.14166	0.16879	0.01659	0.00922	0.00268	0.00528	0.01427	0.00834	0.00888
14	0.07563	0.08294	0.09282	0.02153	0.11072	0.02154	0.01689	0.30007	0.02740	0.10875	0.04969	0.02124	0.01642	0.00916	0.00768	0.00240	0.00868	0.00716	0.00671	0.01256
15	0.19278	0.02572	0.18714	0.09376	0.02789	0.10909	0.01841	0.02678	0.06107	0.06348	0.01527	0.01800	0.01165	0.00907	0.00979	0.00265	0.10632	0.00616	0.00465	0.01030

[dist]
# distance from previous block
# <min> <max>
3	170

[block]
# block no. 4 follows, 23 sequences, length 75
# corresponding to MSA columns:
# 430-504
name=unknown_E
#
# <colnr> <probs for GDERKNQSTAVLIFYWHMCP>
#	G	D	E	R	K	N	Q	S	T	A	V	L	I	F	Y	W	H	M	C	P
0	0.02044	0.04578	0.05160	0.01753	0.02250	0.01545	0.12222	0.10866	0.02262	0.13708	0.18015	0.06348	0.09301	0.01261	0.00984	0.00263	0.04585	0.01098	0.00719	0.01038
1	0.01650	0.10152	0.09828	0.01408	0.01835	0.04236	0.01258	0.04640	0.01872	0.06430	0.11142	0.19224	0.09899	0.01694	0.03763	0.00303	0.03805	0.01233	0.00629	0.04999
2	0.01648	0.06206	0.11426	0.05530	0.18825	0.04383	0.05098	0.02039	0.01631	0.02196	0.02165	0.03330	0.04403	0.17867	0.06848	0.00459	0.01061	0.03504	0.00442	0.00938
3	0.02345	0.02141	0.01979	0.01736	0.02122	0.22296	0.03807	0.06049	0.04757	0.10946	0.02513	0.03278	0.05134	0.01482	0.05141	0.00322	0.06999	0.08366	0.04689	0.03899
4	0.05882	0.17559	0.02851	0.02428	0.17273	0.11553	0.01649	0.15444	0.05456	0.06929	0.01690	0.01878	0.01334	0.01037	0.03422	0.00268	0.00998	0.00642	0.00542	0.01168
5	0.01823	0.15030	0.04840	0.01370	0.01785	0.12509	0.01152	0.08458	0.02037	0.02430	0.06569	0.07846	0.19880	0.07184	0.01088	0.00289	0.00802	0.03437	0.00594	0.00879
6	0.02201	0.02451	0.02875	0.02471	0.09547	0.22412	0.17998	0.02613	0.01955	0.02427	0.01446	0.01784	0.01170	0.00710	0.00758	0.00202	0.01114	0.00647	0.00434	0.24788
7	0.05558	0.01539	0.05847	0.01714	0.05431	0.01453	0.03773	0.02393	0.10703	0.08121	0.13109	0.10894	0.03024	0.01450	0.03684	0.00302	0.08787	0.01030	0.00644	0.10544
8	0.01635	0.01839	0.10723	0.06883	0.31379	0.01547	0.05408	0.02102	0.01755	0.02453	0.02426	0.18715	0.02460	0.01277	0.00887	0.00278	0.00890	0.05788	0.00502	0.01054
9	0.02311	0.02430	0.05785	0.26601	0.11338	0.18632	0.01991	0.15990	0.02306	0.02814	0.01517	0.01899	0.01160	0.00841	0.00788	0.00245	0.01128	0.00667	0.00478	0.01078
10	0.01998	0.01906	0.02053	0.15193	0.08758	0.12603	0.01592	0.09050	0.15381	0.02766	0.02942	0.03676	0.08751	0.01198	0.00855	0.00269	0.00908	0.08461	0.00609	0.01032
11	0.02636	0.02633	0.02737	0.03185	0.28135	0.22814	0.01930	0.20272	0.02553	0.03149	0.01562	0.01821	0.01237	0.00830	0.00783	0.00232	0.01100	0.00663	0.00524	0.01205
12	0.05878	0.11418	0.02909	0.03080	0.27887	0.22591	0.01878	0.10139	0.02179	0.02696	0.01425	0.01712	0.01173	0.00786	0.00733	0.00223	0.01082	0.00613	0.00454	0.01141
13	0.02875	0.02842	0.02217	0.01879	0.02370	0.32090	0.01467	0.30154	0.02911	0.03438	0.01804	0.05584	0.01479	0.00997	0.00777	0.00230	0.01105	0.00725	0.03942	0.01114
14	0.01942	0.02003	0.01569	0.01382	0.01774	0.22043	0.01045	0.08543	0.02119	0.02441	0.04034	0.04215	0.25270	0.07353	0.01100	0.00275	0.00847	0.01035	0.00598	0.10412
15	0.01459	0.00912	0.01101	0.01005	0.01298	0.00799	0.00771	0.01758	0.02117	0.12753	0.32481	0.06265	0.30771	0.01719	0.00936	0.00262	0.00442	0.01467	0.00853	0.00828
16	0.01039	0.00727	0.00927	0.01066	0.01100	0.00692	0.00685	0.01143	0.01456	0.01941	0.03971	0.53762	0.04734	0.20597	0.01846	0.00449	0.00553	0.02012	0.00685	0.00615
17	0.02008	0.01928	0.03294	0.04981	0.66422	0.01928	0.02490	0.02490	0.01848	0.02651	0.01526	0.02008	0.01285	0.00723	0.00803	0.00241	0.00964	0.00723	0.00402	0.01285
18	0.02173	0.02004	0.02937	0.15541	0.40948	0.05367	0.02230	0.13585	0.02189	0.02964	0.01575	0.01997	0.01255	0.00790	0.00803	0.00245	0.00997	0.00714	0.00470	0.01218
19	0.12661	0.05318	0.14077	0.01538	0.02188	0.07235	0.01455	0.14254	0.02152	0.03180	0.04812	0.02400	0.06526	0.00930	0.00708	0.00220	0.00820	0.00702	0.05210	0.13612
20	0.02545	0.03153	0.01953	0.01793	0.02177	0.52386	0.01345	0.02753	0.02194	0.02034	0.02888	0.02951	0.16300	0.01122	0.00785	0.00224	0.01217	0.00802	0.00497	0.00881
21	0.15443	0.01746	0.05304	0.01767	0.02043	0.04490	0.04084	0.05356	0.01517	0.02473	0.01470	0.02078	0.01308	0.02424	0.19309	0.00567	0.26590	0.00702	0.00432	0.00896
22	0.01991	0.01975	0.03565	0.04697	0.55119	0.01950	0.13576	0.02510	0.01860	0.02642	0.01547	0.02041	0.01275	0.00716	0.00831	0.00247	0.01037	0.00766	0.00403	0.01251
23	0.02523	0.03044	0.02916	0.02555	0.06754	0.39205	0.14688	0.02844	0.02014	0.02150	0.01321	0.01702	0.01103	0.00895	0.01107	0.00249	0.12882	0.00658	0.00405	0.00985
24	0.01627	0.04197	0.67279	0.02313	0.03512	0.01884	0.02998	0.02570	0.01713	0.02570	0.01456	0.01713	0.01028	0.00771	0.00771	0.00257	0.01199	0.00600	0.00343	0.01199
25	0.00959	0.00822	0.00822	0.00822	0.01096	0.00685	0.00617	0.01165	0.01850	0.02192	0.08220	0.07809	0.66092	0.02055	0.00959	0.00274	0.00411	0.01713	0.00754	0.00685
26	0.02008	0.01928	0.03294	0.04981	0.66422	0.01928	0.02490	0.02490	0.01848	0.02651	0.01526	0.02008	0.01285	0.00723	0.00803	0.00241	0.00964	0.00723	0.00402	0.01285
27	0.02008	0.01928	0.03294	0.04981	0.66422	0.01928	0.02490	0.02490	0.01848	0.02651	0.01526	0.02008	0.01285	0.00723	0.00803	0.00241	0.00964	0.00723	0.00402	0.01285
28	0.77215	0.01569	0.01193	0.01067	0.01569	0.01820	0.00879	0.02385	0.01381	0.03641	0.01130	0.01318	0.00879	0.00753	0.00502	0.00251	0.00628	0.00439	0.00502	0.00879
29	0.01698	0.01403	0.01574	0.01506	0.01862	0.01554	0.01204	0.03212	0.39699	0.03064	0.09255	0.05134	0.07404	0.01497	0.00920	0.00298	0.00632	0.16211	0.00807	0.01067
30	0.00959	0.00822	0.00822	0.00822	0.01096	0.00685	0.00617	0.01165	0.01850	0.02192	0.08220	0.07809	0.66092	0.02055	0.00959	0.00274	0.00411	0.01713	0.00754	0.00685
31	0.00989	0.00706	0.00942	0.01130	0.01177	0.00659	0.00753	0.01130	0.01554	0.02071	0.04472	0.70954	0.05367	0.02542	0.01036	0.00330	0.00471	0.02307	0.00753	0.00659
32	0.01019	0.00824	0.00905	0.00885	0.01133	0.00710	0.00663	0.01280	0.01990	0.02526	0.26409	0.07259	0.47695	0.01930	0.00958	0.00268	0.00402	0.01635	0.00797	0.00710
33	0.03381	0.01797	0.02141	0.01641	0.02279	0.01811	0.01356	0.31856	0.03019	0.38098	0.02616	0.02382	0.01715	0.00990	0.00814	0.00248	0.00785	0.00776	0.00914	0.01380
34	0.01775	0.01775	0.02485	0.02130	0.02130	0.02485	0.01775	0.01953	0.01243	0.01953	0.01065	0.01775	0.01065	0.01420	0.02663	0.00355	0.69998	0.00710	0.00355	0.00888
35	0.01683	0.01442	0.01683	0.01202	0.01923	0.01082	0.00961	0.02043	0.01683	0.02644	0.01442	0.01683	0.01202	0.00601	0.00601	0.00120	0.00601	0.00481	0.00481	0.76444
36	0.00989	0.00706	0.00942	0.01130	0.01177	0.00659	0.00753	0.01130	0.01554	0.02071	0.04472	0.70954	0.05367	0.02542	0.01036	0.00330	0.00471	0.02307	0.00753	0.00659
37	0.02018	0.01743	0.01835	0.01651	0.02110	0.02018	0.01284	0.04312	0.64956	0.03394	0.03303	0.03027	0.02477	0.01101	0.00826	0.00275	0.00642	0.00917	0.00826	0.01284
38	0.03085	0.02273	0.02435	0.01867	0.02516	0.02516	0.01542	0.63716	0.03815	0.05114	0.01948	0.01948	0.01380	0.00974	0.00812	0.00244	0.00893	0.00731	0.00812	0.01380
39	0.03066	0.02831	0.02388	0.01945	0.02514	0.25520	0.01551	0.42545	0.03284	0.04019	0.01705	0.01778	0.01263	0.00926	0.00784	0.00231	0.01093	0.00658	0.00674	0.01226
40	0.01872	0.01603	0.01757	0.01499	0.02027	0.01659	0.01182	0.03442	0.41248	0.03101	0.02760	0.02928	0.02187	0.01002	0.00770	0.00231	0.00635	0.04034	0.00711	0.25352
41	0.00989	0.00706	0.00942	0.01130	0.01177	0.00659	0.00753	0.01130	0.01554	0.02071	0.04472	0.70954	0.05367	0.02542	0.01036	0.00330	0.00471	0.02307	0.00753	0.00659
42	0.01409	0.00705	0.01057	0.01057	0.01057	0.00705	0.00705	0.01057	0.01057	0.01409	0.01409	0.02467	0.01409	0.02819	0.03171	0.76392	0.00705	0.00705	0.00352	0.00352
43	0.03031	0.03867	0.02299	0.02090	0.02508	0.68226	0.01568	0.03240	0.02299	0.01986	0.01254	0.01463	0.01045	0.00836	0.00732	0.00209	0.01463	0.00523	0.00418	0.00941
44	0.01747	0.01661	0.02821	0.40442	0.33004	0.01859	0.02360	0.02261	0.01724	0.02334	0.01480	0.02093	0.01173	0.00771	0.00808	0.00257	0.01029	0.00722	0.00379	0.01074
45	0.03215	0.02064	0.02306	0.01768	0.02412	0.02206	0.01460	0.49701	0.03465	0.19623	0.02242	0.02139	0.01527	0.00981	0.00813	0.00245	0.00845	0.00751	0.00857	0.01380
46	0.01089	0.00827	0.01002	0.00958	0.01176	0.00740	0.00719	0.01416	0.02156	0.02920	0.47805	0.06611	0.26053	0.01784	0.00958	0.00261	0.00392	0.01545	0.00849	0.00740
47	0.00959	0.00822	0.00822	0.00822	0.01096	0.00685	0.00617	0.01165	0.01850	0.02192	0.08220	0.07809	0.66092	0.02055	0.00959	0.00274	0.00411	0.01713	0.00754	0.00685
48	0.00982	0.00733	0.00914	0.01058	0.01158	0.00665	0.00721	0.01138	0.01622	0.02099	0.05343	0.56281	0.19477	0.02429	0.01018	0.00317	0.00457	0.02169	0.00753	0.00665
49	0.00959	0.00822	0.00822	0.00822	0.01096	0.00685	0.00617	0.01165	0.01850	0.02192	0.08220	0.07809	0.66092	0.02055	0.00959	0.00274	0.00411	0.01713	0.00754	0.00685
50	0.02018	0.01743	0.01835	0.01651	0.02110	0.02018	0.01284	0.04312	0.64956	0.03394	0.03303	0.03027	0.02477	0.01101	0.00826	0.00275	0.00642	0.00917	0.00826	0.01284
51	0.02043	0.02251	0.02827	0.02334	0.02550	0.15240	0.11857	0.02310	0.01559	0.02065	0.01197	0.01782	0.01089	0.01185	0.02006	0.00313	0.45368	0.00714	0.00376	0.00932
52	0.01857	0.01733	0.02919	0.21059	0.46983	0.01824	0.02312	0.02348	0.01782	0.02528	0.01574	0.02110	0.01283	0.00759	0.00791	0.00245	0.00958	0.00725	0.05056	0.01155
53	0.02000	0.50793	0.23947	0.01677	0.02529	0.02796	0.01891	0.02473	0.01669	0.02115	0.01231	0.01430	0.01037	0.00718	0.00599	0.00200	0.00971	0.00486	0.00346	0.01091
54	0.02008	0.01928	0.03294	0.04981	0.66422	0.01928	0.02490	0.02490	0.01848	0.02651	0.01526	0.02008	0.01285	0.00723	0.00803	0.00241	0.00964	0.00723	0.00402	0.01285
55	0.03048	0.03365	0.02342	0.02020	0.02511	0.47539	0.01560	0.22279	0.02777	0.02971	0.01473	0.01616	0.01151	0.00880	0.00757	0.00220	0.01284	0.00588	0.00542	0.01079
56	0.03031	0.03867	0.02299	0.02090	0.02508	0.68226	0.01568	0.03240	0.02299	0.01986	0.01254	0.01463	0.01045	0.00836	0.00732	0.00209	0.01463	0.00523	0.00418	0.00941
57	0.00975	0.00760	0.00886	0.00986	0.01139	0.00671	0.00689	0.01146	0.01692	0.02128	0.06222	0.41472	0.33719	0.02315	0.01000	0.00304	0.00443	0.02029	0.00753	0.00671
58	0.01148	0.00829	0.01085	0.01021	0.01212	0.00766	0.00766	0.01531	0.02297	0.03254	0.65994	0.06061	0.07656	0.01659	0.00957	0.00255	0.00383	0.01467	0.00893	0.00766
59	0.01417	0.00787	0.00905	0.00905	0.01082	0.00826	0.00688	0.01771	0.01594	0.02716	0.02519	0.03069	0.02066	0.02338	0.18914	0.00491	0.00865	0.00787	0.55513	0.00748
60	0.77215	0.01569	0.01193	0.01067	0.01569	0.01820	0.00879	0.02385	0.01381	0.03641	0.01130	0.01318	0.00879	0.00753	0.00502	0.00251	0.00628	0.00439	0.00502	0.00879
61	0.00979	0.00743	0.00904	0.01033	0.01151	0.00667	0.00710	0.01141	0.01647	0.02109	0.05652	0.51074	0.24485	0.02389	0.01012	0.00312	0.00452	0.02120	0.00753	0.00667
62	0.00959	0.00822	0.00822	0.00822	0.01096	0.00685	0.00617	0.01165	0.01850	0.02192	0.08220	0.07809	0.66092	0.02055	0.00959	0.00274	0.00411	0.01713	0.00754	0.00685
63	0.00989	0.00706	0.00942	0.01130	0.01177	0.00659	0.00753	0.01130	0.01554	0.02071	0.04472	0.70954	0.05367	0.02542	0.01036	0.00330	0.00471	0.02307	0.00753	0.00659
64	0.03031	0.03867	0.02299	0.02090	0.02508	0.68226	0.01568	0.03240	0.02299	0.01986	0.01254	0.01463	0.01045	0.00836	0.00732	0.00209	0.01463	0.00523	0.00418	0.00941
65	0.02008	0.01928	0.03294	0.04981	0.66422	0.01928	0.02490	0.02490	0.01848	0.02651	0.01526	0.02008	0.01285	0.00723	0.00803	0.00241	0.00964	0.00723	0.00402	0.01285
66	0.01775	0.01775	0.02485	0.02130	0.02130	0.02485	0.01775	0.01953	0.01243	0.01953	0.01065	0.01775	0.01065	0.01420	0.02663	0.00355	0.69998	0.00710	0.00355	0.00888
67	0.01683	0.01442	0.01683	0.01202	0.01923	0.01082	0.00961	0.02043	0.01683	0.02644	0.01442	0.01683	0.01202	0.00601	0.00601	0.00120	0.00601	0.00481	0.00481	0.76444
68	0.00987	0.00712	0.00935	0.01113	0.01173	0.00660	0.00746	0.01132	0.01570	0.02078	0.04676	0.67529	0.08660	0.02516	0.01032	0.00327	0.00468	0.02275	0.00753	0.00660
69	0.01159	0.00869	0.01304	0.01304	0.01449	0.01014	0.01014	0.01449	0.01304	0.01884	0.02173	0.03188	0.02029	0.06086	0.68268	0.01304	0.02173	0.00869	0.00435	0.00724
70	0.03039	0.03629	0.02320	0.02057	0.02510	0.58394	0.01564	0.12289	0.02526	0.02454	0.01358	0.01536	0.01095	0.00857	0.00744	0.00214	0.01378	0.00554	0.00477	0.01006
71	0.02787	0.19343	0.02800	0.01871	0.02394	0.33453	0.01528	0.18300	0.02484	0.02758	0.01392	0.01562	0.01130	0.00863	0.00787	0.00216	0.04196	0.00563	0.00498	0.01073
72	0.01336	0.01110	0.01405	0.01377	0.01564	0.04810	0.01068	0.01794	0.06839	0.02019	0.02220	0.03079	0.02013	0.05367	0.58734	0.01155	0.02002	0.00854	0.00467	0.00785
73	0.01298	0.00928	0.01294	0.01465	0.01652	0.00924	0.01274	0.01672	0.01894	0.02479	0.08104	0.08962	0.04854	0.02206	0.01111	0.00366	0.00725	0.57288	0.00756	0.00748
74	0.41927	0.01819	0.11581	0.01496	0.06805	0.01592	0.01264	0.02307	0.01544	0.03253	0.01564	0.01831	0.01213	0.00798	0.00583	0.00237	0.00685	0.00560	0.18010	0.00932

[dist]
# distance from previous block
# <min> <max>
0	1

[block]
# block no. 5 follows, 23 sequences, length 23
# corresponding to MSA columns:
# 506-528
name=unknown_F
#
# <colnr> <probs for GDERKNQSTAVLIFYWHMCP>
#	G	D	E	R	K	N	Q	S	T	A	V	L	I	F	Y	W	H	M	C	P
0	0.01135	0.00842	0.01087	0.01216	0.01386	0.00795	0.00971	0.01410	0.01809	0.02334	0.09167	0.24755	0.19078	0.02240	0.01051	0.00332	0.00575	0.28347	0.00759	0.00711
1	0.02958	0.02105	0.02296	0.01769	0.02410	0.02270	0.01454	0.50505	0.07372	0.09872	0.02098	0.02062	0.01487	0.00957	0.00797	0.00237	0.00839	0.00731	0.00804	0.06977
2	0.02710	0.03258	0.02612	0.02998	0.22582	0.47404	0.01858	0.03005	0.02158	0.02195	0.01340	0.01634	0.01121	0.00801	0.00754	0.00219	0.01306	0.00586	0.00413	0.01049
3	0.02145	0.31125	0.24235	0.02124	0.08029	0.15075	0.02037	0.02635	0.01810	0.02200	0.01292	0.01525	0.01058	0.00749	0.00666	0.00213	0.01097	0.00529	0.00364	0.01094
