[name]
unknown

[dist]
# distance from previous block
# <min> <max>
18	272

[block]
# block no. 0 follows, 22 sequences, length 8
# corresponding to MSA columns:
# 326-333
name=unknown_A
#
# <colnr> <probs for GDERKNQSTAVLIFYWHMCP>
#	G	D	E	R	K	N	Q	S	T	A	V	L	I	F	Y	W	H	M	C	P
0	0.01899	0.20493	0.35800	0.02787	0.18127	0.02280	0.02533	0.02576	0.01771	0.02482	0.01424	0.01721	0.01119	0.00758	0.00733	0.00238	0.01085	0.00602	0.00366	0.01209
1	0.02002	0.14973	0.02252	0.01775	0.06652	0.20510	0.01319	0.02385	0.05491	0.02218	0.03385	0.03786	0.16906	0.01751	0.07416	0.00350	0.01070	0.04286	0.00541	0.00932
2	0.15202	0.12897	0.02296	0.05530	0.02348	0.34344	0.01397	0.02762	0.01946	0.02369	0.01406	0.01712	0.01178	0.01225	0.05640	0.00302	0.01231	0.00559	0.04718	0.00938
3	0.01435	0.17802	0.02060	0.01356	0.01639	0.01579	0.01130	0.01725	0.01420	0.01935	0.01968	0.02800	0.01834	0.04905	0.51425	0.01057	0.01904	0.00783	0.00424	0.00820
4	0.02255	0.03312	0.28595	0.02535	0.11006	0.17592	0.04615	0.05927	0.02117	0.06940	0.05871	0.02133	0.01639	0.00883	0.00809	0.00249	0.01161	0.00707	0.00488	0.01164
5	0.05014	0.18957	0.12367	0.10219	0.17576	0.02356	0.08812	0.10224	0.02044	0.02810	0.01498	0.01843	0.01186	0.00780	0.00756	0.00240	0.01034	0.00668	0.00443	0.01174
6	0.02315	0.02307	0.01993	0.01799	0.02258	0.17775	0.01385	0.04151	0.49286	0.03129	0.02878	0.02715	0.02184	0.01062	0.00822	0.00265	0.00859	0.00842	0.00745	0.01230
7	0.23903	0.04917	0.02461	0.02200	0.10831	0.10127	0.08726	0.06217	0.02038	0.18261	0.01844	0.01958	0.01332	0.00841	0.00736	0.00249	0.00928	0.00671	0.00612	0.01148

[dist]
# distance from previous block
# <min> <max>
15	120

[block]
# block no. 1 follows, 22 sequences, length 151
# corresponding to MSA columns:
# 461-611
name=unknown_B
#
# <colnr> <probs for GDERKNQSTAVLIFYWHMCP>
#	G	D	E	R	K	N	Q	S	T	A	V	L	I	F	Y	W	H	M	C	P
0	0.08038	0.02934	0.17521	0.06383	0.06278	0.19265	0.01918	0.07581	0.10358	0.02801	0.02021	0.02202	0.04382	0.00957	0.00862	0.00256	0.03919	0.00709	0.00512	0.01105
1	0.15285	0.02266	0.02157	0.02152	0.10466	0.19165	0.05356	0.02963	0.15032	0.02815	0.02571	0.02666	0.08579	0.01002	0.00773	0.00248	0.00941	0.00795	0.00569	0.04197
2	0.02210	0.10559	0.07176	0.09908	0.02685	0.19138	0.01638	0.06464	0.05259	0.05548	0.02577	0.03710	0.05507	0.01221	0.00844	0.00267	0.01032	0.12682	0.00569	0.01004
3	0.02174	0.02813	0.14238	0.02703	0.18273	0.22189	0.01945	0.05074	0.02075	0.02551	0.05057	0.10096	0.02016	0.01060	0.00821	0.00246	0.01083	0.00873	0.00494	0.04220
4	0.02521	0.17960	0.13112	0.02498	0.12734	0.32995	0.01950	0.02910	0.02044	0.02220	0.01334	0.01593	0.01106	0.00796	0.00721	0.00219	0.01244	0.00561	0.00398	0.01083
5	0.02112	0.06403	0.08992	0.02128	0.02740	0.18614	0.18199	0.02542	0.02037	0.06464	0.03311	0.03422	0.17179	0.01121	0.00868	0.00254	0.01091	0.00983	0.00539	0.01002
6	0.05084	0.01984	0.02150	0.10085	0.08263	0.15321	0.05393	0.02517	0.08661	0.02505	0.02257	0.15293	0.02152	0.01158	0.00819	0.00247	0.00924	0.00996	0.00546	0.13646
7	0.21553	0.02622	0.02161	0.05356	0.10089	0.28411	0.01532	0.06816	0.02129	0.09767	0.01558	0.01740	0.01188	0.00847	0.00717	0.00239	0.01077	0.00595	0.00536	0.01066
8	0.02979	0.06288	0.02445	0.01941	0.02478	0.31267	0.01539	0.30186	0.03026	0.03554	0.05125	0.01975	0.01599	0.00960	0.00789	0.00231	0.01143	0.00681	0.00634	0.01162
9	0.02305	0.14254	0.32573	0.02104	0.02981	0.17968	0.02256	0.11201	0.02189	0.02748	0.01460	0.01661	0.01109	0.00822	0.00746	0.00236	0.01197	0.00588	0.00437	0.01165
10	0.01921	0.01836	0.03127	0.22797	0.48982	0.01938	0.02482	0.02431	0.01828	0.02550	0.01539	0.02100	0.01258	0.00765	0.00825	0.00255	0.01020	0.00740	0.00400	0.01207
11	0.01078	0.00799	0.01021	0.01173	0.01301	0.00742	0.00867	0.01289	0.01725	0.02227	0.05345	0.43778	0.17888	0.02430	0.01063	0.00335	0.00531	0.14937	0.00770	0.00700
12	0.06416	0.15062	0.26481	0.02001	0.02825	0.16040	0.02074	0.14478	0.02270	0.02958	0.01471	0.01654	0.01120	0.00830	0.00731	0.00235	0.01134	0.00586	0.00470	0.01163
13	0.02260	0.02483	0.02663	0.07331	0.21810	0.23123	0.01976	0.02583	0.01870	0.02263	0.01509	0.02242	0.01363	0.01052	0.01299	0.00275	0.18395	0.04037	0.00422	0.01043
14	0.01012	0.00723	0.00964	0.01157	0.01205	0.00675	0.00771	0.01157	0.01591	0.02121	0.04579	0.70262	0.05495	0.02603	0.01060	0.00337	0.00482	0.02362	0.00771	0.00675
15	0.01997	0.01913	0.03265	0.12839	0.58345	0.01958	0.02520	0.02498	0.01864	0.02642	0.01552	0.02075	0.01291	0.00751	0.00823	0.00250	0.01002	0.00740	0.00406	0.01268
16	0.14849	0.59482	0.03822	0.01366	0.02043	0.03046	0.01333	0.02480	0.01641	0.02255	0.01155	0.01335	0.01038	0.00721	0.00530	0.00191	0.00847	0.00445	0.00382	0.01038
17	0.00982	0.00842	0.00842	0.00842	0.01122	0.00701	0.00631	0.01192	0.01894	0.02244	0.08416	0.07995	0.65285	0.02104	0.00982	0.00281	0.00421	0.01753	0.00771	0.00701
18	0.01053	0.00740	0.00952	0.01104	0.01142	0.00702	0.00715	0.01168	0.01510	0.02014	0.04167	0.56654	0.04975	0.16919	0.01725	0.00436	0.00550	0.02120	0.00715	0.00639
19	0.01458	0.01205	0.01660	0.01514	0.01624	0.01502	0.01213	0.01744	0.01575	0.02391	0.15087	0.03334	0.02933	0.02899	0.21810	0.00617	0.26050	0.00945	0.09622	0.00815
20	0.02253	0.41255	0.19658	0.01801	0.02587	0.15454	0.01873	0.02685	0.01834	0.02141	0.01265	0.01471	0.01063	0.00759	0.00640	0.00206	0.01093	0.00505	0.00368	0.01087
21	0.01961	0.02241	0.04902	0.03501	0.04342	0.02101	0.62605	0.02661	0.01961	0.02661	0.01681	0.02241	0.01261	0.00700	0.00980	0.00280	0.01401	0.00980	0.00420	0.01120
22	0.01012	0.00723	0.00964	0.01157	0.01205	0.00675	0.00771	0.01157	0.01591	0.02121	0.04579	0.70262	0.05495	0.02603	0.01060	0.00337	0.00482	0.02362	0.00771	0.00675
23	0.01817	0.01694	0.02813	0.12041	0.45791	0.01723	0.02169	0.02290	0.01934	0.02716	0.11536	0.02960	0.05008	0.00955	0.00854	0.00254	0.00887	0.00899	0.00498	0.01161
24	0.02056	0.01974	0.03372	0.05099	0.65622	0.01974	0.02550	0.02550	0.01892	0.02714	0.01563	0.02056	0.01316	0.00740	0.00822	0.00247	0.00987	0.00740	0.00411	0.01316
25	0.02056	0.01974	0.03372	0.05099	0.65622	0.01974	0.02550	0.02550	0.01892	0.02714	0.01563	0.02056	0.01316	0.00740	0.00822	0.00247	0.00987	0.00740	0.00411	0.01316
26	0.02295	0.02511	0.02875	0.16572	0.33817	0.22858	0.02201	0.02711	0.01994	0.02381	0.01457	0.01909	0.01197	0.00795	0.00801	0.00242	0.01174	0.00674	0.00408	0.01127
27	0.11082	0.02064	0.05486	0.03034	0.20650	0.05286	0.14494	0.06255	0.01920	0.02823	0.02022	0.02659	0.04925	0.01006	0.01072	0.00278	0.09358	0.04006	0.00484	0.01096
28	0.01048	0.00862	0.00929	0.00969	0.01200	0.00768	0.00704	0.01358	0.05186	0.02279	0.07151	0.23832	0.46424	0.02180	0.00995	0.00295	0.00449	0.01867	0.00775	0.00728
29	0.01019	0.00728	0.00970	0.01152	0.01206	0.00679	0.00772	0.01173	0.01621	0.02169	0.07011	0.67692	0.05589	0.02566	0.01057	0.00334	0.00478	0.02327	0.00777	0.00679
30	0.01896	0.32027	0.22257	0.01708	0.02473	0.02395	0.01823	0.02707	0.12032	0.02433	0.02166	0.06438	0.04451	0.00986	0.00715	0.00235	0.00906	0.00758	0.00480	0.01115
31	0.01666	0.04297	0.66500	0.02368	0.03596	0.01929	0.03069	0.02631	0.01754	0.02631	0.01491	0.01754	0.01052	0.00789	0.00789	0.00263	0.01228	0.00614	0.00351	0.01228
32	0.02056	0.01974	0.03372	0.05099	0.65622	0.01974	0.02550	0.02550	0.01892	0.02714	0.01563	0.02056	0.01316	0.00740	0.00822	0.00247	0.00987	0.00740	0.00411	0.01316
33	0.01012	0.00723	0.00964	0.01157	0.01205	0.00675	0.00771	0.01157	0.01591	0.02121	0.04579	0.70262	0.05495	0.02603	0.01060	0.00337	0.00482	0.02362	0.00771	0.00675
34	0.01569	0.01477	0.02492	0.68808	0.05722	0.01846	0.02307	0.02123	0.01661	0.02123	0.01477	0.02215	0.01107	0.00831	0.00831	0.00277	0.01107	0.00738	0.00369	0.00923
35	0.02126	0.01967	0.01631	0.01471	0.01816	0.22200	0.01119	0.02566	0.06319	0.10034	0.29528	0.04247	0.08902	0.01346	0.00881	0.00248	0.00800	0.01099	0.00757	0.00941
36	0.01819	0.01732	0.02944	0.36051	0.36520	0.01912	0.02432	0.02342	0.01780	0.02427	0.01521	0.02133	0.01215	0.00784	0.00826	0.00261	0.01045	0.00739	0.00391	0.01125
37	0.01835	0.02274	0.20106	0.02406	0.09678	0.01541	0.15051	0.02397	0.01903	0.10252	0.03365	0.08959	0.14139	0.01201	0.00900	0.00274	0.00956	0.01102	0.00572	0.01088
38	0.01718	0.01724	0.02316	0.01992	0.02201	0.08974	0.08862	0.02013	0.01500	0.02054	0.01647	0.02425	0.01512	0.03248	0.28754	0.00734	0.26241	0.00803	0.00411	0.00872
39	0.01666	0.04297	0.66500	0.02368	0.03596	0.01929	0.03069	0.02631	0.01754	0.02631	0.01491	0.01754	0.01052	0.00789	0.00789	0.00263	0.01228	0.00614	0.00351	0.01228
40	0.01933	0.01848	0.03150	0.21188	0.50495	0.01941	0.02488	0.02442	0.01833	0.02565	0.01541	0.02096	0.01263	0.00763	0.00824	0.00254	0.01017	0.00740	0.00401	0.01217
41	0.03030	0.03063	0.02426	0.06282	0.02773	0.33927	0.01638	0.30181	0.03012	0.03488	0.01618	0.01768	0.01228	0.00918	0.00791	0.00234	0.01209	0.00644	0.00607	0.01164
42	0.02143	0.02080	0.03359	0.04769	0.57615	0.04616	0.05098	0.05274	0.02003	0.02797	0.01576	0.02039	0.01308	0.00755	0.00827	0.00247	0.01022	0.00743	0.00431	0.01298
43	0.01012	0.00723	0.00964	0.01157	0.01205	0.00675	0.00771	0.01157	0.01591	0.02121	0.04579	0.70262	0.05495	0.02603	0.01060	0.00337	0.00482	0.02362	0.00771	0.00675
44	0.01728	0.03865	0.53570	0.02606	0.03752	0.01965	0.15567	0.02637	0.01797	0.02637	0.01531	0.01856	0.01096	0.00771	0.00829	0.00267	0.01264	0.00691	0.00365	0.01205
45	0.01758	0.15372	0.56228	0.02211	0.03354	0.02154	0.02797	0.02607	0.01743	0.02519	0.01435	0.01684	0.01055	0.00776	0.00747	0.00249	0.01172	0.00586	0.00352	0.01201
46	0.02174	0.27580	0.10962	0.02386	0.15624	0.07377	0.01821	0.09620	0.02083	0.02675	0.05048	0.05693	0.01769	0.00929	0.00730	0.00227	0.00951	0.00733	0.00482	0.01135
47	0.01176	0.00849	0.01110	0.01045	0.01241	0.00784	0.00784	0.01568	0.02352	0.03331	0.65184	0.06206	0.07839	0.01698	0.00980	0.00261	0.00392	0.01502	0.00914	0.00784
48	0.02261	0.02350	0.03089	0.04329	0.49729	0.14745	0.02295	0.02805	0.05515	0.02625	0.01612	0.02007	0.01337	0.00785	0.00809	0.00242	0.01068	0.00712	0.00439	0.01247
49	0.02623	0.17584	0.02913	0.09637	0.10482	0.38865	0.01758	0.02919	0.02082	0.02109	0.01312	0.01610	0.01103	0.00809	0.00722	0.00217	0.01265	0.00563	0.00404	0.01023
50	0.06533	0.01326	0.04971	0.01309	0.01784	0.01079	0.01092	0.02720	0.02036	0.33394	0.04396	0.16917	0.15881	0.01534	0.00890	0.00278	0.00628	0.01292	0.00859	0.01082
51	0.76672	0.01607	0.01221	0.01092	0.01607	0.01864	0.00900	0.02442	0.01414	0.03727	0.01157	0.01350	0.00900	0.00771	0.00514	0.00257	0.00643	0.00450	0.00514	0.00900
52	0.01283	0.00811	0.01070	0.01154	0.01290	0.00744	0.00808	0.01488	0.01803	0.08102	0.14868	0.50772	0.08063	0.02287	0.01023	0.00315	0.00484	0.02054	0.00819	0.00761
53	0.01666	0.04297	0.66500	0.02368	0.03596	0.01929	0.03069	0.02631	0.01754	0.02631	0.01491	0.01754	0.01052	0.00789	0.00789	0.00263	0.01228	0.00614	0.00351	0.01228
54	0.01012	0.00723	0.00964	0.01157	0.01205	0.00675	0.00771	0.01157	0.01591	0.02121	0.04579	0.70262	0.05495	0.02603	0.01060	0.00337	0.00482	0.02362	0.00771	0.00675
55	0.01509	0.00902	0.01144	0.01089	0.01207	0.00918	0.00732	0.01626	0.01384	0.09542	0.02594	0.04544	0.02653	0.45210	0.20591	0.00879	0.01170	0.01079	0.00552	0.00677
56	0.01586	0.01509	0.02594	0.66027	0.05663	0.01857	0.04874	0.02145	0.01674	0.02145	0.01485	0.02216	0.01114	0.00825	0.00837	0.00277	0.01120	0.00749	0.00371	0.00931
57	0.01061	0.00820	0.00968	0.00984	0.01184	0.00727	0.00718	0.01325	0.02001	0.02625	0.28844	0.20397	0.31247	0.02057	0.00998	0.00285	0.00423	0.01787	0.00825	0.00727
58	0.03103	0.03959	0.02354	0.02140	0.02568	0.67469	0.01605	0.03317	0.02354	0.02033	0.01284	0.01498	0.01070	0.00856	0.00749	0.00214	0.01498	0.00535	0.00428	0.00963
59	0.02029	0.01946	0.03323	0.08613	0.62318	0.01967	0.02536	0.02526	0.01879	0.02681	0.01558	0.02065	0.01304	0.00745	0.00823	0.00248	0.00994	0.00740	0.00409	0.01294
60	0.01666	0.04297	0.66500	0.02368	0.03596	0.01929	0.03069	0.02631	0.01754	0.02631	0.01491	0.01754	0.01052	0.00789	0.00789	0.00263	0.01228	0.00614	0.00351	0.01228
61	0.02834	0.03436	0.02238	0.02100	0.04896	0.53456	0.01534	0.06846	0.02384	0.02287	0.02120	0.02262	0.08122	0.00997	0.00783	0.00225	0.01323	0.00690	0.00491	0.00977
62	0.02031	0.48346	0.25646	0.01746	0.02634	0.02822	0.01986	0.02537	0.01711	0.02186	0.01270	0.01477	0.01061	0.00738	0.00621	0.00207	0.01005	0.00502	0.00354	0.01121
63	0.01562	0.18562	0.01944	0.01223	0.01492	0.05106	0.00970	0.01778	0.01741	0.02220	0.15655	0.08964	0.03809	0.22314	0.01858	0.00421	0.00752	0.08263	0.00597	0.00770
64	0.01012	0.00723	0.00964	0.01157	0.01205	0.00675	0.00771	0.01157	0.01591	0.02121	0.04579	0.70262	0.05495	0.02603	0.01060	0.00337	0.00482	0.02362	0.00771	0.00675
65	0.02137	0.03488	0.29781	0.02776	0.16150	0.21566	0.02365	0.02729	0.01972	0.02444	0.01885	0.02138	0.05203	0.00883	0.00796	0.00246	0.01207	0.00689	0.00413	0.01133
66	0.02191	0.02229	0.03241	0.04719	0.57526	0.10383	0.02428	0.02648	0.01951	0.02627	0.01527	0.01984	0.01284	0.00755	0.00813	0.00243	0.01053	0.00714	0.00413	0.01271
67	0.01930	0.01845	0.03144	0.21574	0.50132	0.01941	0.02487	0.02439	0.01832	0.02561	0.01540	0.02097	0.01262	0.00764	0.00825	0.00255	0.01018	0.00740	0.00400	0.01214
68	0.01738	0.07429	0.56228	0.02628	0.10521	0.02003	0.02927	0.02614	0.01766	0.02606	0.01482	0.01767	0.01083	0.00780	0.00780	0.00257	0.01183	0.00620	0.00358	0.01230
69	0.01987	0.02141	0.06245	0.04182	0.36375	0.02067	0.23317	0.02542	0.01855	0.02629	0.01559	0.02087	0.01267	0.00792	0.01045	0.00269	0.07207	0.00817	0.00408	0.01209
70	0.01714	0.04015	0.58830	0.02700	0.11131	0.01935	0.03006	0.02621	0.01771	0.02641	0.01500	0.01791	0.01084	0.00783	0.00793	0.00261	0.01198	0.00629	0.00358	0.01238
71	0.01030	0.00737	0.00980	0.01145	0.01209	0.00687	0.00773	0.01202	0.01674	0.02253	0.11205	0.63259	0.05751	0.02504	0.01052	0.00329	0.00472	0.02268	0.00787	0.00687
72	0.01919	0.16087	0.02107	0.01329	0.01809	0.01824	0.01127	0.20037	0.02457	0.03098	0.04705	0.04880	0.28747	0.01491	0.00853	0.00256	0.00689	0.04887	0.00702	0.00996
73	0.02194	0.03144	0.21803	0.02001	0.02620	0.23907	0.01937	0.07693	0.02200	0.02688	0.09627	0.02945	0.02277	0.01117	0.00943	0.00262	0.04900	0.06176	0.00526	0.01039
74	0.03273	0.02143	0.02379	0.01824	0.02484	0.02303	0.01507	0.50980	0.03597	0.17543	0.02254	0.02163	0.01543	0.01004	0.00832	0.00251	0.00872	0.00766	0.00871	0.01413
75	0.00996	0.00787	0.00898	0.00986	0.01160	0.00689	0.00696	0.01176	0.01754	0.02187	0.06651	0.36627	0.37792	0.02333	0.01018	0.00307	0.00449	0.02033	0.00771	0.00689
76	0.01811	0.02524	0.20652	0.20316	0.24106	0.01948	0.11753	0.02480	0.01806	0.02533	0.01539	0.02042	0.01182	0.00771	0.00839	0.00264	0.01146	0.00742	0.00385	0.01162
77	0.02555	0.02761	0.02134	0.05509	0.02471	0.35411	0.01498	0.13822	0.02351	0.02605	0.01660	0.02067	0.01385	0.02215	0.17338	0.00502	0.01549	0.00674	0.00504	0.00989
78	0.01076	0.00856	0.00982	0.01053	0.01283	0.00763	0.00827	0.01322	0.01862	0.02290	0.06941	0.15807	0.42838	0.02212	0.01033	0.00313	0.00515	0.16544	0.00770	0.00714
79	0.01813	0.01678	0.02787	0.03943	0.45184	0.01757	0.02109	0.02237	0.01711	0.02467	0.01713	0.02363	0.01505	0.02234	0.18603	0.00542	0.05015	0.00779	0.00418	0.01142
80	0.02098	0.11507	0.15592	0.01627	0.02208	0.09725	0.01555	0.14100	0.02215	0.03018	0.02165	0.10335	0.01904	0.01087	0.00746	0.00237	0.00878	0.00856	0.17104	0.01043
81	0.10959	0.10954	0.34960	0.05665	0.10077	0.04876	0.06256	0.02590	0.01755	0.02649	0.01423	0.01733	0.01081	0.00772	0.00743	0.00251	0.01109	0.00615	0.00386	0.01147
82	0.01913	0.01904	0.03471	0.20853	0.37631	0.01968	0.15095	0.02465	0.01848	0.02554	0.01566	0.02135	0.01252	0.00755	0.00858	0.00261	0.01104	0.00790	0.00402	0.01176
83	0.02493	0.10975	0.18728	0.02011	0.02718	0.23131	0.01906	0.12986	0.11792	0.02920	0.01758	0.01870	0.01345	0.00887	0.00763	0.00238	0.01138	0.00641	0.00530	0.01169
84	0.01992	0.02000	0.02793	0.07268	0.43801	0.09719	0.02130	0.02416	0.01938	0.02533	0.02488	0.03100	0.09005	0.01005	0.00851	0.00256	0.00976	0.04105	0.00473	0.01150
85	0.01654	0.01652	0.03133	0.02633	0.07658	0.01738	0.27064	0.02121	0.01632	0.02304	0.01808	0.02567	0.01557	0.02913	0.26657	0.00692	0.09932	0.00897	0.00422	0.00965
86	0.01509	0.01507	0.01275	0.01297	0.01526	0.14793	0.00937	0.01829	0.05828	0.02228	0.05025	0.31849	0.23296	0.01984	0.00956	0.00290	0.00687	0.01695	0.00704	0.00784
87	0.15256	0.02823	0.04787	0.12693	0.02883	0.32021	0.01607	0.09943	0.02211	0.02792	0.01455	0.01736	0.01138	0.00857	0.00726	0.00237	0.01155	0.00594	0.04086	0.01001
88	0.01765	0.03710	0.50557	0.03058	0.19260	0.01941	0.02938	0.02610	0.01789	0.02652	0.01509	0.01830	0.01119	0.00777	0.00798	0.00259	0.01167	0.00646	0.00366	0.01250
89	0.02815	0.03525	0.02998	0.02484	0.03016	0.50961	0.17010	0.03152	0.02255	0.02192	0.01384	0.01686	0.01118	0.00817	0.00807	0.00231	0.01473	0.00648	0.00426	0.01003
90	0.01913	0.01658	0.01802	0.02046	0.14140	0.10388	0.01311	0.02433	0.08592	0.09266	0.07584	0.04848	0.25344	0.01437	0.00896	0.00266	0.00748	0.03629	0.00695	0.01004
91	0.01791	0.03504	0.44012	0.03088	0.15809	0.01966	0.12811	0.02620	0.01815	0.02652	0.01536	0.01893	0.01138	0.00765	0.00827	0.00263	0.01209	0.00699	0.00374	0.01227
92	0.01050	0.00752	0.01001	0.01154	0.01231	0.00703	0.00795	0.01243	0.01722	0.02324	0.14045	0.57899	0.05833	0.02449	0.01051	0.00327	0.00479	0.04454	0.00793	0.00695
93	0.02306	0.02212	0.02997	0.11955	0.40301	0.09974	0.02245	0.12560	0.02253	0.02977	0.01590	0.01998	0.01277	0.00808	0.00816	0.00247	0.01051	0.00716	0.00478	0.01242
94	0.02090	0.16792	0.05803	0.14154	0.21882	0.12769	0.04514	0.02514	0.01883	0.02312	0.01787	0.02342	0.03717	0.00880	0.00775	0.00241	0.01067	0.02977	0.00420	0.01083
95	0.02324	0.02845	0.14618	0.02012	0.05113	0.21517	0.01750	0.16433	0.02457	0.02976	0.02726	0.06056	0.09521	0.01194	0.00847	0.00258	0.01064	0.04629	0.00584	0.01075
96	0.01187	0.00890	0.01335	0.01335	0.01483	0.01038	0.01038	0.01483	0.01335	0.01928	0.02225	0.03264	0.02077	0.06231	0.67512	0.01335	0.02225	0.00890	0.00445	0.00742
97	0.03007	0.07446	0.02517	0.02234	0.05579	0.58237	0.01640	0.05624	0.02358	0.02190	0.01319	0.01536	0.01095	0.00848	0.00744	0.00215	0.01417	0.00549	0.00439	0.01004
98	0.02366	0.06601	0.05099	0.05136	0.13177	0.33426	0.01708	0.02697	0.01988	0.02198	0.01558	0.01988	0.01326	0.01743	0.12099	0.00412	0.01430	0.00646	0.03410	0.00993
99	0.01871	0.17745	0.34934	0.02510	0.03513	0.02266	0.20624	0.02610	0.01802	0.02498	0.01477	0.01812	0.01118	0.00746	0.00793	0.00250	0.01208	0.00688	0.00373	0.01162
100	0.01169	0.00864	0.01125	0.01277	0.01445	0.00821	0.01025	0.01446	0.01815	0.02329	0.05294	0.26841	0.17690	0.02345	0.01087	0.00348	0.00610	0.30978	0.00768	0.00725
101	0.01971	0.03993	0.01428	0.01234	0.01554	0.01032	0.01008	0.02320	0.02051	0.18826	0.15644	0.09311	0.04028	0.01531	0.00885	0.00276	0.00585	0.14870	0.16515	0.00942
102	0.03039	0.03174	0.06508	0.02042	0.02638	0.31208	0.01685	0.32712	0.03083	0.03655	0.01649	0.01760	0.01238	0.00922	0.00792	0.00235	0.01192	0.00645	0.00622	0.01202
103	0.01052	0.00751	0.01009	0.01202	0.01268	0.00709	0.00840	0.01225	0.01630	0.02165	0.04557	0.62864	0.05408	0.02565	0.01071	0.00343	0.00516	0.09368	0.00770	0.00686
104	0.02056	0.01974	0.03372	0.05099	0.65622	0.01974	0.02550	0.02550	0.01892	0.02714	0.01563	0.02056	0.01316	0.00740	0.00822	0.00247	0.00987	0.00740	0.00411	0.01316
105	0.01997	0.01913	0.03265	0.12839	0.58345	0.01958	0.02520	0.02498	0.01864	0.02642	0.01552	0.02075	0.01291	0.00751	0.00823	0.00250	0.01002	0.00740	0.00406	0.01268
106	0.01797	0.04114	0.62388	0.02311	0.03502	0.01884	0.02952	0.02721	0.01794	0.06679	0.01605	0.01822	0.01116	0.00804	0.00792	0.00263	0.01195	0.00628	0.00394	0.01240
107	0.01000	0.00771	0.00914	0.01029	0.01171	0.00686	0.00714	0.01171	0.01713	0.02171	0.06132	0.45054	0.29700	0.02401	0.01029	0.00314	0.00457	0.02115	0.00771	0.00686
108	0.02962	0.03593	0.02330	0.02092	0.02517	0.55586	0.01589	0.06575	0.07558	0.02326	0.01489	0.01673	0.01212	0.00913	0.00850	0.00228	0.04419	0.00589	0.00482	0.01014
109	0.01544	0.01439	0.01528	0.01484	0.01693	0.12120	0.01145	0.01916	0.04254	0.02014	0.02119	0.02963	0.01930	0.05114	0.53502	0.01103	0.02036	0.00833	0.00460	0.00804
110	0.01424	0.01278	0.02317	0.01896	0.02222	0.01309	0.19437	0.01780	0.01497	0.02082	0.02144	0.03412	0.02029	0.18123	0.34224	0.00907	0.01679	0.00984	0.00450	0.00806
111	0.06321	0.01751	0.02010	0.01585	0.02171	0.01799	0.01296	0.28382	0.05916	0.26615	0.06982	0.02972	0.06158	0.01120	0.00838	0.00257	0.00750	0.00888	0.00890	0.01300
112	0.01923	0.35285	0.37759	0.01930	0.02919	0.02557	0.02307	0.02565	0.01723	0.02318	0.01335	0.01559	0.01059	0.00753	0.00671	0.00224	0.01071	0.00535	0.00353	0.01153
113	0.01031	0.00843	0.00909	0.00893	0.01152	0.00722	0.00670	0.01287	0.02009	0.02519	0.22752	0.07543	0.50777	0.02002	0.00981	0.00276	0.00413	0.01690	0.00808	0.00722
114	0.01259	0.05348	0.01398	0.01212	0.01351	0.01112	0.00902	0.01465	0.01319	0.01835	0.02275	0.03794	0.02296	0.25294	0.44220	0.01102	0.01713	0.00957	0.00457	0.00691
115	0.05868	0.03178	0.02301	0.02236	0.07703	0.43942	0.01593	0.08483	0.07377	0.02556	0.01596	0.01826	0.01297	0.01220	0.05012	0.00299	0.01346	0.00623	0.00501	0.01045
116	0.02025	0.01942	0.03315	0.09222	0.61745	0.01966	0.02534	0.02522	0.01877	0.02676	0.01557	0.02066	0.01302	0.00746	0.00823	0.00249	0.00995	0.00740	0.00408	0.01290
117	0.01162	0.00827	0.01105	0.01140	0.01214	0.00883	0.00787	0.01319	0.01335	0.01844	0.02809	0.16489	0.03065	0.29899	0.31353	0.00951	0.01367	0.01282	0.00527	0.00639
118	0.03103	0.03959	0.02354	0.02140	0.02568	0.67469	0.01605	0.03317	0.02354	0.02033	0.01284	0.01498	0.01070	0.00856	0.00749	0.00214	0.01498	0.00535	0.00428	0.00963
119	0.03050	0.03859	0.02406	0.02290	0.05762	0.64152	0.01653	0.03278	0.02331	0.02068	0.01298	0.01526	0.01083	0.00850	0.00753	0.00216	0.01472	0.00545	0.00427	0.00981
120	0.02829	0.02726	0.02634	0.06042	0.15968	0.22946	0.01828	0.28280	0.02878	0.03535	0.01653	0.01862	0.01269	0.00890	0.00803	0.00239	0.01124	0.00678	0.00592	0.01225
121	0.01012	0.00723	0.00964	0.01157	0.01205	0.00675	0.00771	0.01157	0.01591	0.02121	0.04579	0.70262	0.05495	0.02603	0.01060	0.00337	0.00482	0.02362	0.00771	0.00675
122	0.01012	0.00723	0.00964	0.01157	0.01205	0.00675	0.00771	0.01157	0.01591	0.02121	0.04579	0.70262	0.05495	0.02603	0.01060	0.00337	0.00482	0.02362	0.00771	0.00675
123	0.01666	0.04297	0.66500	0.02368	0.03596	0.01929	0.03069	0.02631	0.01754	0.02631	0.01491	0.01754	0.01052	0.00789	0.00789	0.00263	0.01228	0.00614	0.00351	0.01228
124	0.01104	0.00851	0.01261	0.04939	0.01608	0.00823	0.04252	0.01295	0.01596	0.02126	0.04156	0.59705	0.04904	0.05684	0.01196	0.00353	0.00582	0.02142	0.00717	0.00705
125	0.03103	0.03959	0.02354	0.02140	0.02568	0.67469	0.01605	0.03317	0.02354	0.02033	0.01284	0.01498	0.01070	0.00856	0.00749	0.00214	0.01498	0.00535	0.00428	0.00963
126	0.03103	0.03959	0.02354	0.02140	0.02568	0.67469	0.01605	0.03317	0.02354	0.02033	0.01284	0.01498	0.01070	0.00856	0.00749	0.00214	0.01498	0.00535	0.00428	0.00963
127	0.01006	0.00748	0.00938	0.01091	0.01188	0.00680	0.00742	0.01164	0.01654	0.02147	0.05384	0.57191	0.18046	0.02498	0.01044	0.00325	0.00469	0.02234	0.00771	0.00680
128	0.01953	0.01869	0.03186	0.18544	0.52981	0.01947	0.02498	0.02459	0.01843	0.02589	0.01544	0.02090	0.01272	0.00759	0.00824	0.00253	0.01012	0.00740	0.00402	0.01233
129	0.01933	0.01848	0.03150	0.21188	0.50495	0.01941	0.02488	0.02442	0.01833	0.02565	0.01541	0.02096	0.01263	0.00763	0.00824	0.00254	0.01017	0.00740	0.00401	0.01217
130	0.01187	0.00890	0.01335	0.01335	0.01483	0.01038	0.01038	0.01483	0.01335	0.01928	0.02225	0.03264	0.02077	0.06231	0.67512	0.01335	0.02225	0.00890	0.00445	0.00742
131	0.01642	0.01217	0.01516	0.01374	0.01578	0.01374	0.01034	0.14311	0.01833	0.02531	0.02232	0.03571	0.02167	0.24284	0.30914	0.00894	0.05222	0.00947	0.00539	0.00820
132	0.01967	0.23067	0.43675	0.02055	0.03080	0.04952	0.02468	0.02677	0.01786	0.05054	0.01462	0.01669	0.01099	0.00780	0.00717	0.00237	0.01121	0.00572	0.00383	0.01179
133	0.01825	0.01299	0.01464	0.01382	0.01626	0.06175	0.01029	0.09088	0.01907	0.10160	0.03004	0.23307	0.03050	0.10537	0.19509	0.00632	0.01150	0.01317	0.00665	0.00874
134	0.01095	0.00858	0.00999	0.00997	0.01237	0.00762	0.00771	0.01392	0.02063	0.02669	0.28622	0.07506	0.37176	0.01979	0.01001	0.00286	0.00451	0.08576	0.00823	0.00739
135	0.02242	0.02485	0.04914	0.01938	0.02334	0.25287	0.06086	0.09850	0.05309	0.02577	0.02267	0.16297	0.02207	0.01687	0.06066	0.00350	0.05524	0.01041	0.00563	0.00978
136	0.06407	0.11000	0.02280	0.01566	0.02153	0.09554	0.01298	0.10687	0.05007	0.33324	0.06458	0.02533	0.02068	0.00998	0.00780	0.00242	0.00825	0.00767	0.00807	0.01247
137	0.02862	0.03283	0.02549	0.02670	0.14842	0.44074	0.01774	0.10447	0.05045	0.02615	0.01513	0.01734	0.01221	0.00862	0.00777	0.00228	0.01292	0.00618	0.00491	0.01101
138	0.02674	0.02087	0.02221	0.01814	0.02392	0.02350	0.01462	0.36958	0.30588	0.04456	0.02609	0.02484	0.01910	0.01055	0.00837	0.00264	0.00800	0.00833	0.00837	0.01369
139	0.01933	0.01848	0.03150	0.21188	0.50495	0.01941	0.02488	0.02442	0.01833	0.02565	0.01541	0.02096	0.01263	0.00763	0.00824	0.00254	0.01017	0.00740	0.00401	0.01217
140	0.01075	0.00845	0.00971	0.00939	0.01179	0.00741	0.00705	0.01373	0.02114	0.02766	0.35683	0.07135	0.37692	0.01909	0.00981	0.00271	0.00407	0.01633	0.00840	0.00741
141	0.18493	0.02448	0.02199	0.05408	0.02542	0.15036	0.01481	0.35277	0.02959	0.04126	0.01652	0.01774	0.01222	0.00913	0.00749	0.00246	0.00981	0.00643	0.00661	0.01191
142	0.01732	0.03854	0.53506	0.02673	0.06314	0.01960	0.13056	0.02633	0.01794	0.02639	0.01526	0.01848	0.01098	0.00772	0.00823	0.00265	0.01247	0.00681	0.00365	0.01213
143	0.03103	0.03959	0.02354	0.02140	0.02568	0.67469	0.01605	0.03317	0.02354	0.02033	0.01284	0.01498	0.01070	0.00856	0.00749	0.00214	0.01498	0.00535	0.00428	0.00963
144	0.01290	0.00893	0.01131	0.01101	0.01336	0.00816	0.00861	0.01639	0.02188	0.06155	0.40561	0.06908	0.19123	0.01843	0.00999	0.00284	0.00473	0.10737	0.00867	0.00795
145	0.01355	0.00864	0.01051	0.01086	0.01295	0.00769	0.00787	0.01548	0.01791	0.09942	0.05704	0.33802	0.26514	0.05500	0.01161	0.00332	0.00515	0.04426	0.00789	0.00770
146	0.17993	0.01667	0.01741	0.01500	0.01938	0.01824	0.01180	0.30583	0.02647	0.03932	0.02635	0.23459	0.02596	0.01458	0.00837	0.00279	0.00720	0.01196	0.00745	0.01071
147	0.03089	0.02155	0.04877	0.05222	0.02667	0.02220	0.01592	0.43160	0.05851	0.17202	0.02264	0.02209	0.01559	0.00992	0.00831	0.00254	0.00884	0.00768	0.00829	0.01377
148	0.14945	0.06063	0.02819	0.13490	0.09189	0.17728	0.13528	0.02700	0.04382	0.02628	0.03920	0.02025	0.01425	0.00831	0.00775	0.00250	0.01110	0.00709	0.00461	0.01023
149	0.01561	0.02278	0.22501	0.20125	0.13429	0.01611	0.02175	0.02157	0.01801	0.02511	0.09870	0.06204	0.05108	0.03978	0.00994	0.00291	0.00965	0.00937	0.00480	0.01026
150	0.26243	0.02490	0.06857	0.02465	0.08826	0.15916	0.17796	0.02691	0.01821	0.02848	0.01381	0.01730	0.01089	0.00796	0.00823	0.00258	0.03835	0.00658	0.00445	0.01033

[dist]
# distance from previous block
# <min> <max>
1	49

[block]
# block no. 2 follows, 22 sequences, length 316
# corresponding to MSA columns:
# 661-976
name=unknown_C
#
# <colnr> <probs for GDERKNQSTAVLIFYWHMCP>
#	G	D	E	R	K	N	Q	S	T	A	V	L	I	F	Y	W	H	M	C	P
0	0.01836	0.14523	0.02776	0.03050	0.31253	0.04700	0.01737	0.02180	0.01823	0.02433	0.07398	0.13707	0.02599	0.05238	0.01018	0.00281	0.00847	0.01036	0.00509	0.01056
1	0.07005	0.00870	0.00939	0.00956	0.01180	0.00797	0.00698	0.01306	0.01763	0.02354	0.11408	0.17253	0.38809	0.02126	0.01184	0.07837	0.00476	0.01628	0.00722	0.00686
2	0.02217	0.01839	0.02579	0.12383	0.25730	0.01983	0.01917	0.14088	0.15147	0.06132	0.05816	0.02561	0.01972	0.00950	0.00840	0.00260	0.00875	0.00831	0.00630	0.01251
3	0.06193	0.03068	0.31943	0.02677	0.03560	0.02069	0.24252	0.02547	0.01745	0.02622	0.01486	0.01914	0.01124	0.00845	0.01100	0.00282	0.10308	0.00752	0.00387	0.01127
4	0.02266	0.02219	0.01925	0.01793	0.05856	0.20307	0.01311	0.18129	0.02515	0.03002	0.03638	0.03673	0.20066	0.01531	0.04439	0.00301	0.00997	0.00978	0.00637	0.04416
5	0.02427	0.01997	0.06649	0.03848	0.42345	0.01845	0.02189	0.05452	0.05813	0.16087	0.02043	0.02259	0.01532	0.00837	0.00825	0.00252	0.00920	0.00765	0.00580	0.01335
6	0.00982	0.00842	0.00842	0.00842	0.01122	0.00701	0.00631	0.01192	0.01894	0.02244	0.08416	0.07995	0.65285	0.02104	0.00982	0.00281	0.00421	0.01753	0.00771	0.00701
7	0.02771	0.07164	0.03097	0.02441	0.02987	0.47704	0.16808	0.03109	0.02220	0.02186	0.01376	0.01674	0.01117	0.00809	0.00795	0.00229	0.01441	0.00641	0.00422	0.01008
8	0.02056	0.01974	0.03372	0.05099	0.65622	0.01974	0.02550	0.02550	0.01892	0.02714	0.01563	0.02056	0.01316	0.00740	0.00822	0.00247	0.00987	0.00740	0.00411	0.01316
9	0.01940	0.01856	0.03163	0.20260	0.51368	0.01943	0.02492	0.02448	0.01837	0.02573	0.01542	0.02094	0.01266	0.00762	0.00824	0.00254	0.01016	0.00740	0.00401	0.01222
10	0.01786	0.16527	0.51431	0.02260	0.03370	0.02190	0.06258	0.02606	0.01754	0.02508	0.01440	0.01705	0.01067	0.00770	0.00753	0.00248	0.01175	0.00604	0.00356	0.01192
11	0.03106	0.03864	0.02362	0.02127	0.02569	0.63662	0.01604	0.06810	0.02445	0.02221	0.01326	0.01527	0.01090	0.00864	0.00754	0.00216	0.01464	0.00548	0.00452	0.00989
12	0.01000	0.00815	0.00885	0.00925	0.01148	0.00700	0.00672	0.01205	0.01850	0.02277	0.10701	0.22145	0.48401	0.02195	0.01000	0.00292	0.00433	0.01879	0.00779	0.00700
13	0.01001	0.00766	0.00920	0.01043	0.01175	0.00684	0.00721	0.01170	0.01700	0.02165	0.05966	0.47745	0.27116	0.02422	0.01032	0.00317	0.00460	0.02142	0.00771	0.00684
14	0.02906	0.03201	0.02241	0.01948	0.02426	0.43018	0.01501	0.19415	0.02733	0.02932	0.02192	0.02283	0.07582	0.01019	0.00795	0.00230	0.01230	0.00715	0.00573	0.01060
15	0.02056	0.01974	0.03372	0.05099	0.65622	0.01974	0.02550	0.02550	0.01892	0.02714	0.01563	0.02056	0.01316	0.00740	0.00822	0.00247	0.00987	0.00740	0.00411	0.01316
16	0.01303	0.00931	0.01298	0.01489	0.01665	0.00925	0.01276	0.01659	0.01877	0.02446	0.04418	0.16049	0.04859	0.02329	0.01138	0.00378	0.00734	0.53706	0.00766	0.00755
17	0.02994	0.03743	0.02394	0.02298	0.06345	0.60604	0.01649	0.03320	0.05087	0.02139	0.01395	0.01603	0.01150	0.00861	0.00758	0.00219	0.01430	0.00565	0.00446	0.01000
18	0.01610	0.01513	0.02147	0.01903	0.01952	0.02049	0.01561	0.01830	0.01293	0.01976	0.01464	0.02293	0.01415	0.03025	0.24028	0.00683	0.47235	0.00781	0.00390	0.00854
19	0.01904	0.20312	0.30148	0.02516	0.03483	0.02326	0.22813	0.02605	0.01808	0.02472	0.01471	0.01814	0.01126	0.00740	0.00790	0.00248	0.01202	0.00696	0.00375	0.01151
20	0.00994	0.00793	0.00892	0.00971	0.01156	0.00690	0.00689	0.01178	0.01769	0.02194	0.06844	0.33495	0.40799	0.02308	0.01014	0.00304	0.00446	0.02002	0.00771	0.00690
21	0.03103	0.03959	0.02354	0.02140	0.02568	0.67469	0.01605	0.03317	0.02354	0.02033	0.01284	0.01498	0.01070	0.00856	0.00749	0.00214	0.01498	0.00535	0.00428	0.00963
22	0.01783	0.13077	0.51293	0.02536	0.10110	0.02117	0.02791	0.02603	0.01760	0.02549	0.01453	0.01730	0.01083	0.00773	0.00758	0.00250	0.01156	0.00605	0.00358	0.01215
23	0.00992	0.00801	0.00884	0.00950	0.01151	0.00692	0.00679	0.01180	0.01789	0.02202	0.07094	0.29444	0.44689	0.02276	0.01009	0.00300	0.00442	0.01963	0.00771	0.00692
24	0.01836	0.01843	0.03535	0.03204	0.16363	0.01776	0.32192	0.05917	0.01979	0.02703	0.02338	0.17754	0.02250	0.01162	0.00957	0.00284	0.01074	0.01232	0.00523	0.01077
25	0.02906	0.03441	0.02271	0.02040	0.02490	0.50922	0.01547	0.07113	0.14386	0.02505	0.01732	0.01838	0.01374	0.00917	0.00773	0.00229	0.01300	0.00626	0.00533	0.01058
26	0.02169	0.46157	0.03462	0.05541	0.02293	0.09855	0.01424	0.04766	0.01807	0.02142	0.01405	0.01721	0.01241	0.01393	0.08334	0.00325	0.01105	0.00548	0.03302	0.01011
27	0.01100	0.01015	0.00926	0.00914	0.01203	0.04422	0.00685	0.01311	0.01919	0.02232	0.08018	0.07633	0.61707	0.02034	0.00969	0.00277	0.00481	0.01685	0.00752	0.00716
28	0.02747	0.31341	0.03178	0.01833	0.02391	0.37374	0.01529	0.06562	0.02176	0.02194	0.01274	0.01460	0.01089	0.00805	0.00666	0.00201	0.01214	0.00511	0.00423	0.01032
29	0.01289	0.01099	0.01143	0.01102	0.01429	0.01078	0.00849	0.02079	0.18512	0.02585	0.06872	0.06756	0.45531	0.01853	0.00954	0.00286	0.00501	0.04423	0.00791	0.00868
30	0.02056	0.01974	0.03372	0.05099	0.65622	0.01974	0.02550	0.02550	0.01892	0.02714	0.01563	0.02056	0.01316	0.00740	0.00822	0.00247	0.00987	0.00740	0.00411	0.01316
31	0.02036	0.01954	0.03336	0.07681	0.63195	0.01969	0.02540	0.02532	0.01882	0.02690	0.01559	0.02063	0.01307	0.00744	0.00823	0.00248	0.00992	0.00740	0.00410	0.01300
32	0.02179	0.56544	0.14451	0.01617	0.02397	0.06640	0.01702	0.02557	0.01736	0.02070	0.01217	0.01411	0.01064	0.00732	0.00587	0.00194	0.00978	0.00477	0.00359	0.01087
33	0.01125	0.00841	0.01070	0.01211	0.01374	0.00786	0.00944	0.01375	0.01790	0.02289	0.05533	0.31117	0.21144	0.02356	0.01072	0.00339	0.00571	0.23577	0.00769	0.00715
34	0.01513	0.02165	0.21868	0.01841	0.02496	0.01386	0.13374	0.02093	0.01798	0.02604	0.03412	0.03649	0.16080	0.01438	0.04843	0.00320	0.00960	0.00996	0.16202	0.00962
35	0.01697	0.01744	0.06333	0.17096	0.34906	0.01656	0.02104	0.02171	0.01844	0.02523	0.05480	0.06075	0.10711	0.01077	0.00862	0.00263	0.00898	0.00980	0.00488	0.01092
36	0.02990	0.03770	0.02371	0.02144	0.02534	0.61725	0.01624	0.03201	0.02258	0.02030	0.01267	0.01526	0.01072	0.00909	0.00924	0.00227	0.07496	0.00552	0.00422	0.00958
37	0.01955	0.03916	0.54129	0.02280	0.03399	0.02054	0.02781	0.14270	0.02170	0.03134	0.01588	0.01800	0.01122	0.00829	0.00797	0.00260	0.01167	0.00640	0.00444	0.01264
38	0.01747	0.03618	0.47339	0.05397	0.07475	0.01965	0.15499	0.02612	0.01802	0.02622	0.01534	0.01892	0.01114	0.00769	0.00833	0.00266	0.01245	0.00703	0.00370	0.01198
39	0.01714	0.01513	0.01958	0.26652	0.03346	0.01763	0.01609	0.03033	0.30050	0.02772	0.03303	0.03695	0.09288	0.01196	0.00873	0.00286	0.00805	0.04424	0.00654	0.01066
40	0.01679	0.04205	0.63746	0.02418	0.03629	0.01937	0.05732	0.02632	0.01763	0.02632	0.01499	0.01776	0.01062	0.00785	0.00798	0.00264	0.01235	0.00630	0.00354	0.01223
41	0.05613	0.01001	0.01088	0.01072	0.01312	0.01004	0.00798	0.08406	0.01940	0.02841	0.04375	0.23698	0.17418	0.01929	0.03758	0.00315	0.00576	0.01448	0.20602	0.00806
42	0.02397	0.02066	0.03433	0.06709	0.21434	0.05459	0.22455	0.06475	0.04908	0.13292	0.01973	0.02267	0.01456	0.00817	0.00876	0.00261	0.01095	0.00835	0.00559	0.01233
43	0.03034	0.03844	0.02364	0.02142	0.02547	0.63966	0.01617	0.03246	0.02296	0.02031	0.01274	0.01515	0.01071	0.00888	0.00856	0.00222	0.05156	0.00545	0.00425	0.00960
44	0.01251	0.01009	0.01515	0.02059	0.15947	0.00972	0.01178	0.01475	0.01659	0.02256	0.03889	0.54653	0.04538	0.02176	0.01006	0.00317	0.00598	0.01991	0.00689	0.00821
45	0.01830	0.03244	0.36440	0.03280	0.17980	0.01983	0.18041	0.02620	0.01838	0.02658	0.01555	0.01947	0.01165	0.00755	0.00845	0.00264	0.01216	0.00736	0.00382	0.01221
46	0.01665	0.01615	0.02926	0.29943	0.14715	0.01721	0.15853	0.02211	0.01902	0.02580	0.13851	0.02965	0.02479	0.00953	0.00892	0.00269	0.01016	0.00942	0.00493	0.01008
47	0.01012	0.00723	0.00964	0.01157	0.01205	0.00675	0.00771	0.01157	0.01591	0.02121	0.04579	0.70262	0.05495	0.02603	0.01060	0.00337	0.00482	0.02362	0.00771	0.00675
48	0.01063	0.00912	0.00919	0.00905	0.01200	0.00804	0.00683	0.01434	0.06568	0.02337	0.08038	0.07627	0.60571	0.02031	0.00972	0.00281	0.00439	0.01692	0.00777	0.00747
49	0.09739	0.02415	0.05678	0.17397	0.10161	0.14705	0.13140	0.11703	0.02192	0.02919	0.01533	0.01925	0.01173	0.00819	0.00808	0.00255	0.01154	0.00711	0.00478	0.01093
50	0.01922	0.35225	0.37815	0.01931	0.02920	0.02556	0.02309	0.02565	0.01723	0.02319	0.01336	0.01559	0.01059	0.00753	0.00671	0.00224	0.01071	0.00536	0.00353	0.01153
51	0.09893	0.04002	0.59340	0.02228	0.03377	0.01922	0.02831	0.02610	0.01717	0.02751	0.01454	0.01710	0.01036	0.00787	0.00759	0.00262	0.01164	0.00596	0.00369	0.01192
52	0.02056	0.01974	0.03372	0.05099	0.65622	0.01974	0.02550	0.02550	0.01892	0.02714	0.01563	0.02056	0.01316	0.00740	0.00822	0.00247	0.00987	0.00740	0.00411	0.01316
53	0.01985	0.06734	0.18891	0.13585	0.27455	0.08597	0.02442	0.02547	0.01823	0.02451	0.01454	0.01894	0.01167	0.00815	0.00894	0.00254	0.04796	0.00670	0.00385	0.01161
54	0.02018	0.04058	0.46974	0.02405	0.03419	0.16942	0.07418	0.02790	0.01908	0.02496	0.01458	0.01734	0.01073	0.00798	0.00795	0.00253	0.01303	0.00625	0.00374	0.01159
55	0.01163	0.00900	0.01326	0.11765	0.01998	0.00976	0.01094	0.01433	0.01569	0.02135	0.07018	0.35145	0.03898	0.03389	0.21491	0.00631	0.01111	0.01603	0.00617	0.00741
56	0.12119	0.01988	0.16673	0.01568	0.02107	0.01470	0.01488	0.11260	0.02055	0.08433	0.05593	0.25842	0.03019	0.01510	0.00864	0.00285	0.00759	0.01278	0.00675	0.01014
57	0.01543	0.01491	0.02137	0.01902	0.04934	0.05210	0.13646	0.04761	0.01902	0.02432	0.04390	0.20900	0.21794	0.01695	0.01127	0.00295	0.06842	0.01490	0.00630	0.00876
58	0.01053	0.00756	0.00936	0.01063	0.01127	0.00708	0.00694	0.01173	0.01538	0.02018	0.04577	0.48176	0.11891	0.18153	0.01776	0.00438	0.00549	0.02027	0.00710	0.00639
59	0.02038	0.02025	0.03668	0.04790	0.53778	0.01998	0.14157	0.02571	0.01905	0.02704	0.01585	0.02092	0.01305	0.00732	0.00853	0.00253	0.01067	0.00787	0.00413	0.01278
60	0.02247	0.18314	0.07225	0.03595	0.36744	0.13297	0.02164	0.02670	0.01915	0.02421	0.01418	0.01778	0.01201	0.00756	0.00742	0.00226	0.01065	0.00630	0.00398	0.01194
61	0.25050	0.03403	0.33993	0.01931	0.02784	0.14576	0.02118	0.02705	0.01765	0.02853	0.01348	0.01580	0.01009	0.00797	0.00697	0.00252	0.01100	0.00548	0.00416	0.01076
62	0.01986	0.01947	0.03103	0.20842	0.47595	0.05150	0.02443	0.02481	0.01857	0.02533	0.01528	0.02068	0.01252	0.00768	0.00821	0.00253	0.01042	0.00730	0.00402	0.01201
63	0.02687	0.03252	0.02862	0.02791	0.12807	0.43454	0.09684	0.03006	0.02144	0.02220	0.01365	0.01708	0.01136	0.00864	0.00946	0.00240	0.06737	0.00641	0.00419	0.01035
64	0.02562	0.18041	0.05350	0.02822	0.20735	0.25565	0.01886	0.08910	0.02210	0.02558	0.01415	0.01682	0.01174	0.00803	0.00732	0.00221	0.01148	0.00599	0.00445	0.01142
65	0.01077	0.00844	0.00992	0.01082	0.01290	0.00759	0.00838	0.01316	0.01832	0.02278	0.06574	0.21963	0.37113	0.02261	0.01040	0.00318	0.00520	0.16420	0.00770	0.00711
66	0.08690	0.00930	0.01096	0.01179	0.01395	0.00903	0.00933	0.01521	0.01837	0.02563	0.11798	0.20925	0.20217	0.02095	0.01005	0.00321	0.00564	0.20524	0.00759	0.00745
67	0.02337	0.02507	0.03099	0.04305	0.48695	0.19556	0.02296	0.02756	0.02016	0.02531	0.01488	0.01906	0.01250	0.00771	0.00803	0.00238	0.01124	0.00685	0.00416	0.01221
68	0.01841	0.10901	0.14350	0.02881	0.23769	0.05762	0.02057	0.02334	0.01874	0.02484	0.02510	0.03954	0.05201	0.01199	0.00863	0.00274	0.00967	0.15199	0.00498	0.01083
69	0.01051	0.00739	0.00952	0.01106	0.01145	0.00701	0.00717	0.01167	0.01514	0.02018	0.04185	0.57260	0.04998	0.16282	0.01696	0.00431	0.00547	0.02130	0.00717	0.00640
70	0.03103	0.03959	0.02354	0.02140	0.02568	0.67469	0.01605	0.03317	0.02354	0.02033	0.01284	0.01498	0.01070	0.00856	0.00749	0.00214	0.01498	0.00535	0.00428	0.00963
71	0.05519	0.43131	0.15968	0.01720	0.02473	0.14469	0.01753	0.02662	0.01808	0.02178	0.01244	0.01445	0.01057	0.00755	0.00621	0.00204	0.01053	0.00494	0.00374	0.01072
72	0.03158	0.02327	0.02493	0.01911	0.02576	0.02576	0.01579	0.62852	0.03906	0.05236	0.01995	0.01995	0.01413	0.00997	0.00831	0.00249	0.00914	0.00748	0.00831	0.01413
73	0.01008	0.00815	0.00896	0.00934	0.01153	0.00703	0.00678	0.01222	0.01870	0.02325	0.13211	0.22066	0.45860	0.02178	0.01000	0.00292	0.00432	0.01867	0.00786	0.00703
74	0.02509	0.02626	0.02391	0.02029	0.02462	0.28478	0.06970	0.16164	0.02379	0.02784	0.01685	0.02097	0.01396	0.02134	0.16168	0.00492	0.04979	0.00714	0.00519	0.01025
75	0.02272	0.02669	0.06386	0.03689	0.26189	0.18616	0.22663	0.02785	0.02026	0.02520	0.01529	0.01964	0.01223	0.00758	0.00856	0.00250	0.01267	0.00764	0.00416	0.01156
76	0.01257	0.00930	0.01225	0.01372	0.01584	0.00898	0.01177	0.01600	0.01908	0.02431	0.05318	0.09056	0.18627	0.02251	0.01110	0.00359	0.00686	0.46694	0.00766	0.00750
77	0.02007	0.01924	0.03284	0.11467	0.59635	0.01961	0.02525	0.02507	0.01869	0.02655	0.01554	0.02072	0.01295	0.00749	0.00823	0.00250	0.00999	0.00740	0.00407	0.01277
78	0.01984	0.01988	0.03667	0.04502	0.46604	0.01949	0.18287	0.02517	0.01896	0.02674	0.01729	0.05153	0.01488	0.00813	0.00875	0.00260	0.01073	0.00876	0.00430	0.01236
79	0.01569	0.01477	0.02492	0.68808	0.05722	0.01846	0.02307	0.02123	0.01661	0.02123	0.01477	0.02215	0.01107	0.00831	0.00831	0.00277	0.01107	0.00738	0.00369	0.00923
80	0.02221	0.71304	0.04353	0.01421	0.02132	0.03287	0.01421	0.02488	0.01688	0.01955	0.01155	0.01333	0.01066	0.00711	0.00533	0.00178	0.00888	0.00444	0.00355	0.01066
