[name]
unknown

[dist]
# distance from previous block
# <min> <max>
1	30

[block]
# block no. 0 follows, 23 sequences, length 7
# corresponding to MSA columns:
# 30-36
name=unknown_A
#
# <colnr> <probs for GDERKNQSTAVLIFYWHMCP>
#	G	D	E	R	K	N	Q	S	T	A	V	L	I	F	Y	W	H	M	C	P
0	0.01771	0.02195	0.13266	0.03251	0.21840	0.01786	0.23999	0.02445	0.04611	0.02660	0.06889	0.02825	0.06846	0.00906	0.00878	0.00260	0.01044	0.00929	0.00478	0.01119
1	0.01664	0.01238	0.01468	0.01254	0.01606	0.01216	0.00974	0.16542	0.02533	0.03538	0.38229	0.09686	0.05216	0.01441	0.00887	0.00243	0.00538	0.01242	0.00815	0.09670
2	0.01223	0.00962	0.01355	0.01742	0.12929	0.00926	0.01000	0.01415	0.01593	0.02148	0.07588	0.34935	0.09011	0.17422	0.01670	0.00406	0.00620	0.01671	0.00640	0.00744
3	0.02456	0.01822	0.01812	0.01420	0.02023	0.13257	0.01125	0.02778	0.02021	0.21163	0.06317	0.02253	0.01847	0.00832	0.00711	0.00183	0.00768	0.00652	0.00649	0.35909
4	0.14652	0.01456	0.01654	0.06766	0.02068	0.07123	0.05627	0.02210	0.04893	0.05687	0.02358	0.14686	0.02190	0.01661	0.07467	0.00353	0.00883	0.00978	0.11232	0.06057
5	0.01584	0.18199	0.02188	0.06067	0.02005	0.01779	0.01238	0.02247	0.12941	0.02176	0.02076	0.02634	0.01807	0.03522	0.35098	0.00774	0.01507	0.00763	0.00479	0.00914
6	0.01871	0.01818	0.05825	0.06653	0.31496	0.01761	0.04984	0.07017	0.10918	0.02903	0.07913	0.08763	0.02382	0.01049	0.00849	0.00259	0.00854	0.00967	0.00563	0.01155

[dist]
# distance from previous block
# <min> <max>
0	3

[block]
# block no. 1 follows, 23 sequences, length 7
# corresponding to MSA columns:
# 40-46
name=unknown_B
#
# <colnr> <probs for GDERKNQSTAVLIFYWHMCP>
#	G	D	E	R	K	N	Q	S	T	A	V	L	I	F	Y	W	H	M	C	P
0	0.02561	0.17353	0.02763	0.15406	0.03038	0.28035	0.01662	0.15025	0.02333	0.02618	0.01405	0.01667	0.01119	0.00829	0.00719	0.00221	0.01147	0.00586	0.00471	0.01042
1	0.01765	0.01273	0.01412	0.01237	0.01618	0.01243	0.00958	0.18724	0.02353	0.07010	0.04985	0.18424	0.27746	0.01700	0.00903	0.00266	0.00586	0.01430	0.00768	0.05598
2	0.66801	0.01468	0.01178	0.01061	0.01520	0.01676	0.00863	0.02268	0.01506	0.03588	0.10010	0.01967	0.01807	0.00877	0.00564	0.00252	0.00594	0.00580	0.00556	0.00863
3	0.02167	0.02361	0.02340	0.02189	0.08851	0.25930	0.09883	0.07522	0.02265	0.02647	0.13614	0.03328	0.11179	0.01125	0.00847	0.00241	0.01020	0.00947	0.00577	0.00968
4	0.02250	0.10515	0.02102	0.01575	0.01996	0.13346	0.01270	0.07576	0.12934	0.11331	0.02203	0.02470	0.01759	0.02540	0.21864	0.00567	0.01319	0.00745	0.00596	0.01040
5	0.01295	0.00892	0.01027	0.00998	0.01072	0.00897	0.00627	0.05761	0.01543	0.02082	0.10276	0.11855	0.03644	0.50993	0.03195	0.00637	0.00714	0.01297	0.00590	0.00606
6	0.02291	0.02463	0.03019	0.04183	0.48775	0.20233	0.02236	0.02697	0.01972	0.02467	0.01451	0.01858	0.01219	0.00754	0.00784	0.00232	0.01102	0.00668	0.00406	0.01190

[dist]
# distance from previous block
# <min> <max>
2	3

[block]
# block no. 2 follows, 23 sequences, length 92
# corresponding to MSA columns:
# 50-141
name=unknown_C
#
# <colnr> <probs for GDERKNQSTAVLIFYWHMCP>
#	G	D	E	R	K	N	Q	S	T	A	V	L	I	F	Y	W	H	M	C	P
0	0.01783	0.01026	0.01238	0.01093	0.01447	0.00921	0.00851	0.02192	0.05860	0.19627	0.23305	0.05690	0.28544	0.01607	0.00913	0.00263	0.00490	0.01358	0.00864	0.00927
1	0.01851	0.02685	0.21051	0.03325	0.11864	0.01992	0.39889	0.02578	0.01854	0.02598	0.01578	0.02041	0.01184	0.00712	0.00889	0.00265	0.01273	0.00834	0.00391	0.01146
2	0.41746	0.01470	0.01314	0.01155	0.01592	0.01654	0.00930	0.10212	0.07391	0.03662	0.05407	0.02158	0.01707	0.00902	0.00609	0.00240	0.00599	0.00640	0.15665	0.00947
3	0.08708	0.05057	0.03130	0.07544	0.32960	0.11201	0.10932	0.02543	0.01823	0.02534	0.01423	0.01865	0.01174	0.00779	0.00883	0.00248	0.04980	0.00691	0.00407	0.01119
4	0.01755	0.01729	0.02478	0.02326	0.07733	0.02339	0.01788	0.01967	0.01300	0.02010	0.01179	0.01889	0.01148	0.01668	0.06840	0.00408	0.59447	0.00722	0.00364	0.00912
5	0.02379	0.15280	0.02947	0.02729	0.19137	0.27160	0.01815	0.02663	0.01872	0.02141	0.01269	0.01634	0.01111	0.00887	0.01063	0.00237	0.13655	0.00593	0.00390	0.01040
6	0.01007	0.00809	0.00898	0.00907	0.01133	0.00700	0.00669	0.01245	0.01916	0.02424	0.21175	0.15438	0.44779	0.02025	0.00968	0.00277	0.00412	0.01731	0.00786	0.00700
7	0.02123	0.02743	0.15885	0.03908	0.41922	0.14303	0.02419	0.02646	0.01905	0.02510	0.01461	0.01848	0.01189	0.00754	0.00783	0.00238	0.01104	0.00661	0.00393	0.01204
8	0.01086	0.00989	0.00925	0.00937	0.01190	0.04703	0.00691	0.01284	0.01839	0.02164	0.07328	0.15466	0.54493	0.02044	0.00955	0.00277	0.00481	0.01717	0.00733	0.00697
9	0.03003	0.03349	0.02378	0.02149	0.05153	0.47439	0.01599	0.19817	0.02697	0.02872	0.01456	0.01619	0.01147	0.00869	0.00757	0.00220	0.01286	0.00588	0.00526	0.01076
10	0.05875	0.20914	0.03396	0.02473	0.10833	0.20710	0.13966	0.08050	0.02085	0.02522	0.01388	0.01671	0.01133	0.00762	0.00727	0.00222	0.01136	0.00626	0.00434	0.01077
11	0.38519	0.18936	0.10126	0.01361	0.01968	0.05129	0.01298	0.02451	0.01552	0.05773	0.01286	0.01504	0.01027	0.00879	0.00723	0.04764	0.00802	0.00495	0.00455	0.00952
12	0.02938	0.02114	0.02290	0.01782	0.02379	0.02320	0.01455	0.56391	0.03560	0.07061	0.02131	0.05251	0.01643	0.03671	0.00946	0.00268	0.00862	0.00822	0.00804	0.01314
13	0.02972	0.03643	0.02369	0.02252	0.06414	0.59828	0.01622	0.07195	0.02372	0.02233	0.01317	0.01529	0.01082	0.00838	0.00741	0.00213	0.01395	0.00549	0.00443	0.00991
14	0.01893	0.01785	0.01880	0.01690	0.01927	0.13454	0.01341	0.10864	0.01831	0.02382	0.01756	0.02421	0.01568	0.03484	0.33434	0.00767	0.15406	0.00756	0.00470	0.00890
15	0.02595	0.03826	0.19419	0.02340	0.07000	0.46429	0.02004	0.03015	0.02116	0.02183	0.01325	0.01565	0.01057	0.00812	0.00747	0.00224	0.01361	0.00556	0.00397	0.01031
16	0.21540	0.03403	0.47501	0.01953	0.02948	0.01842	0.02375	0.02573	0.01649	0.05248	0.01435	0.01649	0.01025	0.00775	0.00702	0.00255	0.01030	0.00566	0.00409	0.01122
17	0.01187	0.00911	0.01358	0.01342	0.01480	0.01081	0.01049	0.01472	0.01301	0.01887	0.02123	0.03123	0.01985	0.05873	0.65274	0.01261	0.05269	0.00862	0.00431	0.00732
18	0.11829	0.02190	0.02289	0.01773	0.02405	0.02434	0.01464	0.56482	0.03528	0.04940	0.01852	0.01874	0.01321	0.00948	0.00775	0.00244	0.00862	0.00696	0.00775	0.01321
19	0.01156	0.00776	0.00892	0.00916	0.00922	0.00770	0.00525	0.01174	0.01228	0.01637	0.02800	0.13663	0.03258	0.62711	0.03736	0.00728	0.00746	0.01323	0.00525	0.00513
20	0.01014	0.00725	0.00969	0.01142	0.01204	0.00679	0.00782	0.01182	0.01615	0.02162	0.08222	0.63878	0.05472	0.02473	0.01035	0.00327	0.00479	0.05208	0.00761	0.00670
21	0.02970	0.02229	0.02440	0.01890	0.02482	0.02514	0.01563	0.58291	0.03589	0.04836	0.01871	0.01933	0.01352	0.01013	0.00974	0.00253	0.06963	0.00729	0.00772	0.01337
22	0.00989	0.00706	0.00942	0.01130	0.01177	0.00659	0.00753	0.01130	0.01554	0.02071	0.04472	0.70954	0.05367	0.02542	0.01036	0.00330	0.00471	0.02307	0.00753	0.00659
23	0.02008	0.01928	0.03294	0.04981	0.66422	0.01928	0.02490	0.02490	0.01848	0.02651	0.01526	0.02008	0.01285	0.00723	0.00803	0.00241	0.00964	0.00723	0.00402	0.01285
24	0.12326	0.01590	0.01825	0.01454	0.02042	0.05753	0.01185	0.03741	0.06044	0.51191	0.02830	0.02519	0.01838	0.00969	0.00773	0.00250	0.00731	0.00758	0.00894	0.01286
25	0.11610	0.01841	0.01977	0.01573	0.02109	0.01998	0.01283	0.40177	0.03126	0.08064	0.15097	0.02765	0.02647	0.01090	0.00805	0.00247	0.00745	0.00852	0.00802	0.01193
26	0.03025	0.02180	0.02359	0.01816	0.02446	0.02395	0.01497	0.58919	0.03697	0.07346	0.04639	0.02148	0.01662	0.01003	0.00818	0.00244	0.00864	0.00764	0.00822	0.01355
27	0.00959	0.00822	0.00822	0.00822	0.01096	0.00685	0.00617	0.01165	0.01850	0.02192	0.08220	0.07809	0.66092	0.02055	0.00959	0.00274	0.00411	0.01713	0.00754	0.00685
28	0.01180	0.00787	0.00885	0.00885	0.00885	0.00787	0.00492	0.01180	0.01180	0.01573	0.02557	0.05310	0.02950	0.71483	0.04130	0.00787	0.00787	0.01180	0.00492	0.00492
29	0.03031	0.03867	0.02299	0.02090	0.02508	0.68226	0.01568	0.03240	0.02299	0.01986	0.01254	0.01463	0.01045	0.00836	0.00732	0.00209	0.01463	0.00523	0.00418	0.00941
30	0.01815	0.01993	0.04170	0.20771	0.04594	0.01987	0.47408	0.02461	0.01838	0.02461	0.01589	0.02182	0.01192	0.00717	0.00919	0.00273	0.01293	0.00896	0.00397	0.01044
31	0.01272	0.01019	0.01454	0.01391	0.01489	0.01243	0.01074	0.01500	0.01275	0.01851	0.02031	0.03243	0.01990	0.14704	0.47314	0.01060	0.14055	0.00886	0.00429	0.00720
32	0.01159	0.00869	0.01304	0.01304	0.01449	0.01014	0.01014	0.01449	0.01304	0.01884	0.02173	0.03188	0.02029	0.06086	0.68268	0.01304	0.02173	0.00869	0.00435	0.00724
33	0.01109	0.00828	0.01031	0.00980	0.01188	0.00749	0.00735	0.01456	0.02205	0.03035	0.54108	0.06421	0.19678	0.01740	0.00957	0.00259	0.00389	0.01518	0.00864	0.00749
34	0.03028	0.01264	0.01732	0.01457	0.01969	0.01125	0.01223	0.03358	0.02203	0.50042	0.03489	0.04439	0.02707	0.01329	0.00896	0.00283	0.00705	0.16600	0.00937	0.01215
35	0.01879	0.01796	0.03060	0.22522	0.49891	0.01894	0.02426	0.02377	0.01786	0.02494	0.01503	0.02050	0.01230	0.00747	0.00805	0.00249	0.00996	0.00722	0.00390	0.01181
36	0.00989	0.00706	0.00942	0.01130	0.01177	0.00659	0.00753	0.01130	0.01554	0.02071	0.04472	0.70954	0.05367	0.02542	0.01036	0.00330	0.00471	0.02307	0.00753	0.00659
37	0.01336	0.01042	0.01091	0.01027	0.01360	0.00984	0.00786	0.01969	0.14576	0.06402	0.06923	0.06538	0.49368	0.01799	0.00923	0.00273	0.00475	0.01498	0.00783	0.00848
38	0.03031	0.03867	0.02299	0.02090	0.02508	0.68226	0.01568	0.03240	0.02299	0.01986	0.01254	0.01463	0.01045	0.00836	0.00732	0.00209	0.01463	0.00523	0.00418	0.00941
39	0.06838	0.01839	0.01916	0.01659	0.02159	0.02106	0.01311	0.16146	0.48761	0.03755	0.02897	0.02706	0.02158	0.01054	0.00803	0.00267	0.00692	0.00851	0.00803	0.01279
40	0.01021	0.00769	0.00929	0.01018	0.01154	0.00697	0.00714	0.01207	0.01714	0.02217	0.12157	0.37490	0.24573	0.06843	0.01211	0.00336	0.00473	0.04056	0.00751	0.00671
41	0.01011	0.00716	0.00935	0.01101	0.01142	0.00674	0.00722	0.01136	0.01509	0.02013	0.04246	0.63211	0.05082	0.10674	0.01401	0.00383	0.00508	0.02174	0.00722	0.00639
42	0.01661	0.01335	0.01593	0.01465	0.01729	0.05433	0.01154	0.14087	0.01870	0.02540	0.02072	0.02833	0.01838	0.04736	0.50559	0.01024	0.01872	0.00820	0.00510	0.00870
43	0.01620	0.01532	0.02593	0.57611	0.16824	0.01826	0.02297	0.02150	0.01664	0.02180	0.01458	0.02135	0.01119	0.00795	0.00810	0.00265	0.01060	0.00721	0.00368	0.00972
44	0.57760	0.01754	0.01519	0.01277	0.01818	0.02003	0.01053	0.18481	0.02020	0.04027	0.01345	0.01483	0.01010	0.00811	0.00583	0.00249	0.00697	0.00516	0.00583	0.01010
45	0.01135	0.00792	0.01019	0.01145	0.01214	0.00773	0.00813	0.01291	0.01514	0.02002	0.03800	0.33274	0.04394	0.25002	0.02070	0.00491	0.00647	0.17332	0.00666	0.00627
46	0.01413	0.01204	0.01766	0.01891	0.09777	0.01359	0.03516	0.01621	0.01456	0.02050	0.04728	0.15937	0.02861	0.20351	0.08083	0.00527	0.16244	0.03925	0.00515	0.00775
47	0.01899	0.01516	0.01696	0.01605	0.04781	0.01631	0.01180	0.18611	0.21898	0.03329	0.03994	0.17130	0.14276	0.01512	0.00887	0.00276	0.00646	0.01281	0.00775	0.01076
48	0.02089	0.02173	0.02809	0.03641	0.38655	0.15060	0.04792	0.02446	0.01820	0.02337	0.01581	0.02314	0.01434	0.09790	0.01330	0.00312	0.05169	0.00751	0.00414	0.01083
49	0.42331	0.19898	0.01974	0.01142	0.01633	0.01975	0.00990	0.02226	0.01634	0.03109	0.14081	0.02261	0.02275	0.00919	0.00598	0.00232	0.00642	0.00643	0.00540	0.00899
50	0.01815	0.02188	0.09863	0.02047	0.06418	0.15274	0.01663	0.02150	0.01576	0.02056	0.01566	0.02210	0.01406	0.02796	0.24687	0.00635	0.19631	0.00715	0.00397	0.00906
51	0.01180	0.00787	0.00885	0.00885	0.00885	0.00787	0.00492	0.01180	0.01180	0.01573	0.02557	0.05310	0.02950	0.71483	0.04130	0.00787	0.00787	0.01180	0.00492	0.00492
52	0.01614	0.01538	0.02175	0.01913	0.01951	0.02099	0.01576	0.01821	0.01259	0.01935	0.01356	0.02146	0.01318	0.02645	0.19880	0.00604	0.52198	0.00752	0.00376	0.00845
53	0.01753	0.01667	0.02832	0.39650	0.33750	0.01861	0.02363	0.02266	0.01727	0.02341	0.01481	0.02092	0.01176	0.00770	0.00808	0.00257	0.01027	0.00722	0.00380	0.01079
54	0.03031	0.03867	0.02299	0.02090	0.02508	0.68226	0.01568	0.03240	0.02299	0.01986	0.01254	0.01463	0.01045	0.00836	0.00732	0.00209	0.01463	0.00523	0.00418	0.00941
55	0.01180	0.00866	0.01120	0.01032	0.01255	0.00784	0.00777	0.01562	0.02260	0.03218	0.62151	0.05801	0.07272	0.01596	0.00936	0.00247	0.00396	0.01409	0.00869	0.05271
56	0.03641	0.01381	0.01883	0.01444	0.02071	0.01193	0.01193	0.03954	0.02322	0.66984	0.03201	0.02762	0.02009	0.01004	0.00816	0.00251	0.00690	0.00816	0.01004	0.01381
57	0.01086	0.00822	0.01019	0.01107	0.01287	0.00755	0.00855	0.01344	0.01843	0.02378	0.14728	0.24474	0.25526	0.02173	0.01021	0.00312	0.00510	0.17283	0.00772	0.00706
58	0.01159	0.00869	0.01304	0.01304	0.01449	0.01014	0.01014	0.01449	0.01304	0.01884	0.02173	0.03188	0.02029	0.06086	0.68268	0.01304	0.02173	0.00869	0.00435	0.00724
59	0.01627	0.04197	0.67279	0.02313	0.03512	0.01884	0.02998	0.02570	0.01713	0.02570	0.01456	0.01713	0.01028	0.00771	0.00771	0.00257	0.01199	0.00600	0.00343	0.01199
60	0.03085	0.02273	0.02435	0.01867	0.02516	0.02516	0.01542	0.63716	0.03815	0.05114	0.01948	0.01948	0.01380	0.00974	0.00812	0.00244	0.00893	0.00731	0.00812	0.01380
61	0.01027	0.00722	0.00930	0.01081	0.01119	0.00685	0.00701	0.01140	0.01479	0.01972	0.04090	0.57846	0.04884	0.16308	0.01654	0.00421	0.00534	0.02082	0.00701	0.00626
62	0.02978	0.02220	0.02375	0.01845	0.02476	0.02467	0.01517	0.57788	0.09916	0.04942	0.02083	0.02056	0.01489	0.00987	0.00813	0.00247	0.00868	0.00749	0.00813	0.01370
63	0.01532	0.01442	0.02434	0.69533	0.05589	0.01803	0.02253	0.02073	0.01622	0.02073	0.01442	0.02163	0.01082	0.00811	0.00811	0.00270	0.01082	0.00721	0.00361	0.00901
64	0.02018	0.01743	0.01835	0.01651	0.02110	0.02018	0.01284	0.04312	0.64956	0.03394	0.03303	0.03027	0.02477	0.01101	0.00826	0.00275	0.00642	0.00917	0.00826	0.01284
65	0.03031	0.03867	0.02299	0.02090	0.02508	0.68226	0.01568	0.03240	0.02299	0.01986	0.01254	0.01463	0.01045	0.00836	0.00732	0.00209	0.01463	0.00523	0.00418	0.00941
66	0.01166	0.00841	0.01159	0.01159	0.01253	0.00935	0.00833	0.01356	0.01261	0.01776	0.02306	0.03924	0.02348	0.28782	0.46008	0.01124	0.01692	0.00977	0.00454	0.00644
67	0.01180	0.00787	0.00885	0.00885	0.00885	0.00787	0.00492	0.01180	0.01180	0.01573	0.02557	0.05310	0.02950	0.71483	0.04130	0.00787	0.00787	0.01180	0.00492	0.00492
68	0.01130	0.00766	0.00900	0.00949	0.00962	0.00753	0.00560	0.01167	0.01278	0.01704	0.03059	0.22538	0.03584	0.53390	0.03318	0.00667	0.00704	0.01476	0.00560	0.00536
69	0.01159	0.00869	0.01304	0.01304	0.01449	0.01014	0.01014	0.01449	0.01304	0.01884	0.02173	0.03188	0.02029	0.06086	0.68268	0.01304	0.02173	0.00869	0.00435	0.00724
70	0.01131	0.00858	0.01094	0.01145	0.01330	0.00746	0.00796	0.01318	0.01580	0.02189	0.03849	0.56703	0.04510	0.02143	0.00946	0.00286	0.00498	0.01931	0.00697	0.16250
71	0.01740	0.01501	0.01569	0.01434	0.01844	0.01668	0.01109	0.03486	0.48394	0.03079	0.04593	0.04282	0.19172	0.01351	0.00861	0.00275	0.00582	0.01126	0.00807	0.01127
72	0.01123	0.00828	0.01050	0.00995	0.01197	0.00755	0.00746	0.01483	0.02238	0.03113	0.58346	0.06293	0.15391	0.01711	0.00957	0.00258	0.00387	0.01500	0.00875	0.00755
73	0.01048	0.00749	0.01010	0.01198	0.01271	0.00710	0.00857	0.01233	0.01612	0.02138	0.04439	0.59406	0.05237	0.02486	0.01052	0.00338	0.00522	0.13267	0.00752	0.00676
74	0.02978	0.08028	0.02419	0.02048	0.02482	0.64254	0.01557	0.03191	0.02260	0.01981	0.01247	0.01453	0.01045	0.00827	0.00719	0.00207	0.01427	0.00517	0.00414	0.00947
75	0.02014	0.20302	0.03616	0.07853	0.40682	0.02267	0.07226	0.02458	0.01787	0.02417	0.01426	0.01847	0.01204	0.00718	0.00742	0.00228	0.00979	0.00666	0.00386	0.01182
76	0.01968	0.02168	0.10052	0.04699	0.59777	0.01923	0.02544	0.02499	0.01833	0.02642	0.01519	0.01977	0.01258	0.00728	0.00800	0.00243	0.00989	0.00710	0.00395	0.01276
77	0.03031	0.03867	0.02299	0.02090	0.02508	0.68226	0.01568	0.03240	0.02299	0.01986	0.01254	0.01463	0.01045	0.00836	0.00732	0.00209	0.01463	0.00523	0.00418	0.00941
78	0.01100	0.00792	0.01041	0.01054	0.01201	0.00733	0.00762	0.01409	0.02071	0.02894	0.47279	0.25801	0.06960	0.01928	0.00981	0.00278	0.00410	0.01723	0.00851	0.00733
79	0.01927	0.01845	0.03147	0.15985	0.56052	0.01907	0.02450	0.02419	0.01809	0.02552	0.01512	0.02035	0.01251	0.00738	0.00805	0.00246	0.00984	0.00723	0.00395	0.01220
80	0.02355	0.02157	0.02849	0.11652	0.34711	0.08603	0.02103	0.19795	0.02420	0.03211	0.01608	0.01956	0.01264	0.00816	0.00800	0.00242	0.01007	0.00705	0.00514	0.01231
81	0.00959	0.00822	0.00822	0.00822	0.01096	0.00685	0.00617	0.01165	0.01850	0.02192	0.08220	0.07809	0.66092	0.02055	0.00959	0.00274	0.00411	0.01713	0.00754	0.00685
82	0.01143	0.00840	0.01077	0.01048	0.01249	0.00774	0.00807	0.01503	0.02195	0.03033	0.52135	0.06615	0.14509	0.01771	0.00975	0.00270	0.00426	0.08016	0.00860	0.00754
83	0.02271	0.01998	0.03033	0.06833	0.47135	0.02077	0.02232	0.18541	0.02355	0.03273	0.01634	0.01999	0.01302	0.00793	0.00806	0.00243	0.00950	0.00725	0.00508	0.01294
84	0.00986	0.00718	0.00930	0.01099	0.01169	0.00662	0.00740	0.01133	0.01583	0.02083	0.04842	0.64719	0.11363	0.02494	0.01028	0.00324	0.00465	0.02248	0.00753	0.00662
85	0.01054	0.00837	0.00965	0.01038	0.01260	0.00747	0.00815	0.01296	0.01817	0.02239	0.06713	0.16197	0.42245	0.02166	0.01011	0.00307	0.00507	0.17337	0.00752	0.00698
86	0.02796	0.17260	0.06763	0.01820	0.02485	0.10375	0.01602	0.39937	0.03052	0.03914	0.01663	0.01740	0.01248	0.00886	0.00738	0.00226	0.00974	0.00636	0.00639	0.01246
87	0.02291	0.01624	0.02630	0.19767	0.31916	0.01663	0.02043	0.02739	0.01918	0.19383	0.02060	0.02539	0.01565	0.00881	0.00822	0.00256	0.00912	0.03233	0.00564	0.01194
88	0.03527	0.01563	0.01996	0.01530	0.02162	0.01463	0.01264	0.16166	0.02627	0.54341	0.02945	0.02596	0.01880	0.00998	0.00815	0.00250	0.00732	0.00799	0.00965	0.01381
89	0.01912	0.08437	0.15505	0.02021	0.02412	0.02350	0.01913	0.09949	0.01703	0.02470	0.01324	0.01823	0.01150	0.01435	0.05582	0.00359	0.37548	0.00675	0.00414	0.01017
90	0.02159	0.17222	0.05614	0.15373	0.07072	0.06222	0.01630	0.18499	0.02206	0.02828	0.01664	0.02300	0.01431	0.11034	0.01220	0.00310	0.00963	0.00710	0.00502	0.01041
91	0.03118	0.02220	0.02402	0.01842	0.02490	0.02438	0.01521	0.60158	0.03726	0.08797	0.02023	0.01997	0.01417	0.00976	0.00812	0.00244	0.00881	0.00736	0.00823	0.01380

[dist]
# distance from previous block
# <min> <max>
1	3

[block]
# block no. 3 follows, 23 sequences, length 257
# corresponding to MSA columns:
# 145-401
name=unknown_D
#
# <colnr> <probs for GDERKNQSTAVLIFYWHMCP>
#	G	D	E	R	K	N	Q	S	T	A	V	L	I	F	Y	W	H	M	C	P
0	0.02054	0.02165	0.02769	0.27808	0.30698	0.16022	0.02208	0.02499	0.01862	0.02299	0.01438	0.01948	0.01160	0.00779	0.00791	0.00245	0.01113	0.00680	0.00390	0.01072
1	0.02008	0.01928	0.03294	0.04981	0.66422	0.01928	0.02490	0.02490	0.01848	0.02651	0.01526	0.02008	0.01285	0.00723	0.00803	0.00241	0.00964	0.00723	0.00402	0.01285
2	0.01369	0.01161	0.01640	0.01521	0.01597	0.01475	0.01195	0.01580	0.01266	0.01863	0.01857	0.03017	0.01837	0.13836	0.37147	0.00912	0.24706	0.00860	0.00416	0.00746
3	0.02071	0.34741	0.29640	0.01864	0.02725	0.11867	0.02069	0.02601	0.01767	0.02189	0.01280	0.01492	0.01036	0.00746	0.00652	0.00213	0.01087	0.00514	0.00355	0.01091
4	0.01341	0.01044	0.01244	0.01156	0.01416	0.01055	0.00878	0.02161	0.17007	0.03217	0.47445	0.05463	0.10282	0.01554	0.00926	0.00261	0.00446	0.01354	0.00868	0.00882
5	0.01180	0.00787	0.00885	0.00885	0.00885	0.00787	0.00492	0.01180	0.01180	0.01573	0.02557	0.05310	0.02950	0.71483	0.04130	0.00787	0.00787	0.01180	0.00492	0.00492
6	0.01870	0.01787	0.03043	0.23776	0.48710	0.01891	0.02421	0.02369	0.01782	0.02483	0.01502	0.02053	0.01226	0.00749	0.00806	0.00250	0.00998	0.00722	0.00390	0.01174
7	0.01947	0.01866	0.03183	0.13278	0.58602	0.01912	0.02460	0.02437	0.01819	0.02577	0.01515	0.02028	0.01259	0.00734	0.00804	0.00245	0.00979	0.00723	0.00396	0.01236
8	0.01598	0.01599	0.03004	0.18237	0.03542	0.01752	0.24720	0.02082	0.01600	0.02203	0.01678	0.02415	0.01400	0.02304	0.19899	0.00570	0.09224	0.00850	0.00399	0.00923
9	0.00989	0.00706	0.00942	0.01130	0.01177	0.00659	0.00753	0.01130	0.01554	0.02071	0.04472	0.70954	0.05367	0.02542	0.01036	0.00330	0.00471	0.02307	0.00753	0.00659
10	0.01131	0.00916	0.01030	0.01072	0.01333	0.00846	0.00861	0.01524	0.06069	0.02341	0.06757	0.07878	0.44085	0.02045	0.00997	0.00303	0.00524	0.18790	0.00756	0.00743
11	0.02873	0.02024	0.02195	0.01743	0.02311	0.04640	0.01423	0.43590	0.05801	0.12494	0.02167	0.02232	0.01574	0.01607	0.09105	0.00375	0.01036	0.00758	0.00776	0.01279
12	0.01935	0.09676	0.09296	0.02017	0.06589	0.12818	0.05628	0.02788	0.16599	0.02430	0.02021	0.02362	0.01657	0.02190	0.17882	0.00510	0.01319	0.00744	0.00501	0.01038
13	0.01180	0.00787	0.00885	0.00885	0.00885	0.00787	0.00492	0.01180	0.01180	0.01573	0.02557	0.05310	0.02950	0.71483	0.04130	0.00787	0.00787	0.01180	0.00492	0.00492
14	0.02482	0.47251	0.03543	0.01643	0.02237	0.26810	0.01454	0.02724	0.01885	0.01937	0.01174	0.01360	0.01043	0.00746	0.00597	0.00186	0.01084	0.00466	0.00373	0.01005
15	0.01742	0.01181	0.01438	0.01296	0.01568	0.01306	0.01018	0.17068	0.02010	0.02933	0.02180	0.02791	0.01838	0.03352	0.30758	0.05785	0.01323	0.00796	0.18747	0.00871
16	0.01683	0.01442	0.01683	0.01202	0.01923	0.01082	0.00961	0.02043	0.01683	0.02644	0.01442	0.01683	0.01202	0.00601	0.00601	0.00120	0.00601	0.00481	0.00481	0.76444
17	0.02350	0.15473	0.02414	0.01599	0.02166	0.22550	0.01301	0.02763	0.06118	0.06555	0.01549	0.01707	0.01255	0.00786	0.00742	0.00187	0.03816	0.00546	0.00488	0.25636
18	0.01180	0.00787	0.00885	0.00885	0.00885	0.00787	0.00492	0.01180	0.01180	0.01573	0.02557	0.05310	0.02950	0.71483	0.04130	0.00787	0.00787	0.01180	0.00492	0.00492
19	0.01750	0.03385	0.43376	0.02077	0.03086	0.06123	0.05486	0.02485	0.01755	0.02551	0.01449	0.01713	0.01083	0.00728	0.00735	0.00220	0.01076	0.00583	0.00386	0.19954
20	0.01008	0.00780	0.00924	0.01018	0.01182	0.00697	0.00736	0.01207	0.01743	0.02208	0.09052	0.35413	0.32057	0.02263	0.01005	0.00305	0.00462	0.06500	0.00760	0.00682
21	0.02287	0.62837	0.04002	0.01467	0.02140	0.07442	0.01410	0.06576	0.01836	0.02128	0.01191	0.01355	0.01064	0.00722	0.00554	0.00181	0.00909	0.00460	0.00383	0.01057
22	0.02397	0.54007	0.03737	0.01574	0.02195	0.20361	0.01436	0.02643	0.01820	0.01929	0.01161	0.01344	0.01042	0.00732	0.00576	0.00183	0.01025	0.00457	0.00366	0.01015
23	0.02247	0.06099	0.01819	0.01408	0.01858	0.01544	0.01130	0.05769	0.23895	0.19921	0.21027	0.03667	0.03696	0.01203	0.00840	0.00255	0.00606	0.01008	0.00859	0.01149
24	0.01100	0.00812	0.00960	0.00940	0.01099	0.00745	0.00658	0.01331	0.01871	0.02509	0.32564	0.09029	0.21598	0.19223	0.01753	0.00396	0.00495	0.01494	0.00751	0.00672
25	0.02008	0.01928	0.03294	0.04981	0.66422	0.01928	0.02490	0.02490	0.01848	0.02651	0.01526	0.02008	0.01285	0.00723	0.00803	0.00241	0.00964	0.00723	0.00402	0.01285
26	0.02932	0.07461	0.02382	0.02030	0.02465	0.61306	0.01544	0.03251	0.05467	0.02054	0.01352	0.01534	0.01118	0.00842	0.00725	0.00210	0.01389	0.00538	0.00435	0.00964
27	0.01627	0.04197	0.67279	0.02313	0.03512	0.01884	0.02998	0.02570	0.01713	0.02570	0.01456	0.01713	0.01028	0.00771	0.00771	0.00257	0.01199	0.00600	0.00343	0.01199
28	0.01308	0.00934	0.01308	0.01494	0.01681	0.00934	0.01308	0.01681	0.01868	0.02428	0.04296	0.09153	0.04670	0.02242	0.01121	0.00374	0.00747	0.60960	0.00747	0.00747
29	0.02353	0.57446	0.03836	0.01538	0.02173	0.17078	0.01427	0.02603	0.01788	0.01925	0.01155	0.01336	0.01042	0.00724	0.00566	0.00181	0.00995	0.00453	0.00362	0.01020
30	0.01873	0.02063	0.04086	0.03027	0.03597	0.02184	0.44659	0.02402	0.01710	0.02402	0.01466	0.02063	0.01181	0.00909	0.01478	0.00298	0.22298	0.00882	0.00394	0.01031
31	0.03641	0.01381	0.01883	0.01444	0.02071	0.01193	0.01193	0.03954	0.02322	0.66984	0.03201	0.02762	0.02009	0.01004	0.00816	0.00251	0.00690	0.00816	0.01004	0.01381
32	0.00980	0.00739	0.00908	0.01044	0.01154	0.00666	0.00715	0.01140	0.01636	0.02105	0.05522	0.53269	0.22374	0.02406	0.01014	0.00314	0.00454	0.02140	0.00753	0.00666
33	0.01515	0.00953	0.01190	0.01206	0.01448	0.00889	0.00929	0.04904	0.01912	0.11201	0.05061	0.30312	0.19617	0.02071	0.00992	0.00309	0.00562	0.13321	0.00789	0.00819
34	0.01066	0.00871	0.00947	0.00920	0.01180	0.00776	0.00692	0.01428	0.05201	0.02550	0.24092	0.07077	0.46532	0.01896	0.00952	0.00269	0.00415	0.01603	0.00796	0.00738
35	0.01159	0.00869	0.01304	0.01304	0.01449	0.01014	0.01014	0.01449	0.01304	0.01884	0.02173	0.03188	0.02029	0.06086	0.68268	0.01304	0.02173	0.00869	0.00435	0.00724
36	0.02325	0.02557	0.02898	0.08243	0.40642	0.24509	0.02160	0.02718	0.01987	0.02386	0.01428	0.01833	0.01190	0.00767	0.00779	0.00232	0.01142	0.00655	0.00405	0.01143
37	0.02008	0.01928	0.03294	0.04981	0.66422	0.01928	0.02490	0.02490	0.01848	0.02651	0.01526	0.02008	0.01285	0.00723	0.00803	0.00241	0.00964	0.00723	0.00402	0.01285
38	0.03259	0.01466	0.01872	0.01493	0.02080	0.01387	0.01214	0.04038	0.17056	0.52025	0.03225	0.02824	0.02119	0.01027	0.00818	0.00257	0.00679	0.00840	0.00962	0.01358
39	0.01896	0.01814	0.03091	0.20166	0.52111	0.01898	0.02435	0.02392	0.01795	0.02515	0.01507	0.02045	0.01237	0.00744	0.00805	0.00248	0.00992	0.00723	0.00392	0.01195
40	0.02583	0.02405	0.02128	0.01821	0.02328	0.17745	0.01430	0.22239	0.31506	0.03589	0.02406	0.02329	0.01804	0.01000	0.00799	0.00250	0.00912	0.00767	0.00726	0.01233
41	0.02169	0.71972	0.04252	0.01388	0.02083	0.03211	0.01388	0.02430	0.01649	0.01909	0.01128	0.01302	0.01041	0.00694	0.00521	0.00174	0.00868	0.00434	0.00347	0.01041
42	0.03216	0.02062	0.02304	0.01767	0.02411	0.02203	0.01459	0.49565	0.03462	0.19764	0.02245	0.02141	0.01529	0.00981	0.00813	0.00245	0.00845	0.00751	0.00857	0.01380
43	0.01159	0.00869	0.01304	0.01304	0.01449	0.01014	0.01014	0.01449	0.01304	0.01884	0.02173	0.03188	0.02029	0.06086	0.68268	0.01304	0.02173	0.00869	0.00435	0.00724
44	0.01409	0.00705	0.01057	0.01057	0.01057	0.00705	0.00705	0.01057	0.01057	0.01409	0.01409	0.02467	0.01409	0.02819	0.03171	0.76392	0.00705	0.00705	0.00352	0.00352
45	0.24356	0.02465	0.02009	0.01684	0.02219	0.19738	0.01344	0.26769	0.06036	0.03766	0.01602	0.01697	0.01206	0.00881	0.00702	0.00238	0.00954	0.00602	0.00619	0.01114
46	0.01248	0.00919	0.01199	0.01246	0.01437	0.00905	0.00989	0.01742	0.06852	0.02825	0.31916	0.15490	0.05934	0.01933	0.01013	0.00307	0.00539	0.21900	0.00819	0.00785
47	0.01151	0.00842	0.01094	0.01110	0.01298	0.00785	0.00865	0.01495	0.02102	0.02877	0.42146	0.11873	0.12886	0.01892	0.00998	0.00288	0.00470	0.14246	0.00837	0.00745
48	0.02169	0.71972	0.04252	0.01388	0.02083	0.03211	0.01388	0.02430	0.01649	0.01909	0.01128	0.01302	0.01041	0.00694	0.00521	0.00174	0.00868	0.00434	0.00347	0.01041
49	0.13745	0.01407	0.01788	0.01392	0.02002	0.01279	0.01150	0.03739	0.02193	0.58285	0.02917	0.02564	0.01853	0.00970	0.00773	0.00251	0.00682	0.00764	0.00935	0.01312
50	0.00999	0.00714	0.00951	0.01123	0.01179	0.00666	0.00754	0.01156	0.01602	0.02149	0.08520	0.66684	0.05517	0.02484	0.01031	0.00325	0.00465	0.02252	0.00762	0.00666
51	0.02008	0.01928	0.03294	0.04981	0.66422	0.01928	0.02490	0.02490	0.01848	0.02651	0.01526	0.02008	0.01285	0.00723	0.00803	0.00241	0.00964	0.00723	0.00402	0.01285
52	0.12587	0.02463	0.02374	0.02464	0.15988	0.18658	0.01643	0.22884	0.07379	0.03481	0.01680	0.01839	0.01294	0.00867	0.00750	0.00238	0.00996	0.00653	0.00586	0.01176
53	0.02169	0.71972	0.04252	0.01388	0.02083	0.03211	0.01388	0.02430	0.01649	0.01909	0.01128	0.01302	0.01041	0.00694	0.00521	0.00174	0.00868	0.00434	0.00347	0.01041
54	0.77215	0.01569	0.01193	0.01067	0.01569	0.01820	0.00879	0.02385	0.01381	0.03641	0.01130	0.01318	0.00879	0.00753	0.00502	0.00251	0.00628	0.00439	0.00502	0.00879
55	0.01072	0.00779	0.01028	0.01198	0.01305	0.00736	0.00889	0.01282	0.01667	0.02179	0.04794	0.48091	0.11166	0.02413	0.01051	0.00336	0.00539	0.18039	0.00752	0.00685
56	0.00989	0.00706	0.00942	0.01130	0.01177	0.00659	0.00753	0.01130	0.01554	0.02071	0.04472	0.70954	0.05367	0.02542	0.01036	0.00330	0.00471	0.02307	0.00753	0.00659
57	0.00997	0.00713	0.00949	0.01124	0.01179	0.00665	0.00754	0.01152	0.01594	0.02136	0.07817	0.67426	0.05491	0.02494	0.01031	0.00325	0.00466	0.02261	0.00761	0.00665
58	0.03356	0.01368	0.01810	0.01417	0.02010	0.01214	0.01161	0.03795	0.06474	0.58475	0.03538	0.03112	0.06256	0.01080	0.00826	0.00254	0.00669	0.00882	0.00976	0.01329
59	0.01744	0.01658	0.02816	0.40844	0.32624	0.01858	0.02359	0.02259	0.01723	0.02330	0.01480	0.02094	0.01172	0.00772	0.00808	0.00257	0.01029	0.00722	0.00379	0.01072
60	0.02018	0.01743	0.01835	0.01651	0.02110	0.02018	0.01284	0.04312	0.64956	0.03394	0.03303	0.03027	0.02477	0.01101	0.00826	0.00275	0.00642	0.00917	0.00826	0.01284
61	0.01180	0.00787	0.00885	0.00885	0.00885	0.00787	0.00492	0.01180	0.01180	0.01573	0.02557	0.05310	0.02950	0.71483	0.04130	0.00787	0.00787	0.01180	0.00492	0.00492
62	0.01156	0.00844	0.01081	0.01207	0.01356	0.00808	0.00949	0.01398	0.01706	0.02194	0.04854	0.21568	0.16339	0.11449	0.01471	0.00400	0.00629	0.29193	0.00716	0.00683
63	0.02868	0.02070	0.02249	0.01764	0.02360	0.02273	0.01443	0.49794	0.10343	0.08164	0.06442	0.02385	0.01954	0.01035	0.00823	0.00248	0.00820	0.00805	0.00829	0.01328
64	0.01735	0.00959	0.01272	0.01120	0.01414	0.00866	0.00866	0.02101	0.02303	0.18246	0.51222	0.05285	0.06328	0.01505	0.00924	0.00254	0.00455	0.01314	0.00919	0.00910
65	0.03085	0.02273	0.02435	0.01867	0.02516	0.02516	0.01542	0.63716	0.03815	0.05114	0.01948	0.01948	0.01380	0.00974	0.00812	0.00244	0.00893	0.00731	0.00812	0.01380
66	0.01180	0.00787	0.00885	0.00885	0.00885	0.00787	0.00492	0.01180	0.01180	0.01573	0.02557	0.05310	0.02950	0.71483	0.04130	0.00787	0.00787	0.01180	0.00492	0.00492
67	0.01722	0.00958	0.01258	0.01109	0.01407	0.00861	0.00858	0.02079	0.02279	0.18117	0.48274	0.05380	0.09389	0.01526	0.00924	0.00255	0.00456	0.01328	0.00912	0.00905
68	0.01882	0.02092	0.04246	0.03117	0.03744	0.02154	0.48961	0.02447	0.01757	0.02447	0.01506	0.02092	0.01192	0.00857	0.01359	0.00293	0.17512	0.00899	0.00397	0.01046
69	0.06960	0.02236	0.02370	0.01825	0.02467	0.02480	0.01508	0.60510	0.03688	0.05037	0.01905	0.01915	0.01354	0.00963	0.00796	0.00244	0.00879	0.00715	0.00796	0.01354
70	0.01012	0.00751	0.00944	0.01050	0.01168	0.00684	0.00729	0.01210	0.01747	0.02311	0.16462	0.46725	0.17668	0.02285	0.01006	0.00305	0.00443	0.02037	0.00779	0.00684
71	0.01897	0.01638	0.02434	0.53615	0.04866	0.01971	0.02086	0.16574	0.02138	0.02788	0.01561	0.02113	0.01152	0.00850	0.00811	0.00264	0.01037	0.00723	0.00467	0.01014
72	0.77215	0.01569	0.01193	0.01067	0.01569	0.01820	0.00879	0.02385	0.01381	0.03641	0.01130	0.01318	0.00879	0.00753	0.00502	0.00251	0.00628	0.00439	0.00502	0.00879
73	0.01035	0.00835	0.00927	0.00934	0.01181	0.00728	0.00720	0.01294	0.01944	0.02436	0.19756	0.07588	0.47570	0.01993	0.00976	0.00281	0.00440	0.07872	0.00782	0.00708
74	0.01004	0.00824	0.00884	0.00869	0.01123	0.00704	0.00652	0.01251	0.01955	0.02442	0.21811	0.07398	0.52346	0.01962	0.00959	0.00270	0.00404	0.01655	0.00786	0.00704
75	0.77215	0.01569	0.01193	0.01067	0.01569	0.01820	0.00879	0.02385	0.01381	0.03641	0.01130	0.01318	0.00879	0.00753	0.00502	0.00251	0.00628	0.00439	0.00502	0.00879
76	0.01082	0.00778	0.01025	0.01066	0.01197	0.00721	0.00760	0.01364	0.01987	0.02760	0.40317	0.33145	0.06701	0.02028	0.00990	0.00286	0.00420	0.01818	0.00835	0.00721
77	0.01260	0.00879	0.00977	0.00921	0.01214	0.00750	0.00702	0.01510	0.01982	0.08782	0.18761	0.06978	0.48612	0.01876	0.00945	0.00268	0.00433	0.01577	0.00805	0.00769
78	0.03038	0.03656	0.02317	0.02061	0.02510	0.59515	0.01564	0.11257	0.02500	0.02401	0.01346	0.01528	0.01090	0.00854	0.00742	0.00214	0.01388	0.00550	0.00470	0.00999
79	0.01749	0.01659	0.02296	0.01985	0.02043	0.02254	0.01642	0.05231	0.01392	0.02114	0.01289	0.02008	0.01235	0.02135	0.12950	0.00499	0.55503	0.00736	0.00392	0.00889
80	0.01729	0.03590	0.50153	0.03027	0.20350	0.01896	0.02862	0.02548	0.01749	0.02591	0.01475	0.01792	0.01097	0.00758	0.00780	0.00253	0.01136	0.00633	0.00358	0.01222
81	0.00989	0.00706	0.00942	0.01130	0.01177	0.00659	0.00753	0.01130	0.01554	0.02071	0.04472	0.70954	0.05367	0.02542	0.01036	0.00330	0.00471	0.02307	0.00753	0.00659
82	0.00970	0.00779	0.00866	0.00935	0.01126	0.00675	0.00667	0.01152	0.01741	0.02148	0.06842	0.31034	0.43757	0.02234	0.00987	0.00294	0.00433	0.01931	0.00753	0.00675
83	0.02372	0.55951	0.03793	0.01554	0.02183	0.18505	0.01431	0.02620	0.01802	0.01927	0.01158	0.01340	0.01042	0.00728	0.00570	0.00182	0.01008	0.00455	0.00364	0.01018
84	0.01003	0.00750	0.00932	0.01043	0.01163	0.00679	0.00723	0.01191	0.01722	0.02257	0.13510	0.47497	0.19955	0.02310	0.01007	0.00307	0.00445	0.02056	0.00772	0.00679
85	0.01513	0.00756	0.00756	0.00756	0.00945	0.00756	0.00567	0.01891	0.01702	0.03025	0.02647	0.03025	0.02080	0.00945	0.00567	0.00189	0.00378	0.00756	0.75988	0.00756
86	0.01180	0.00787	0.00885	0.00885	0.00885	0.00787	0.00492	0.01180	0.01180	0.01573	0.02557	0.05310	0.02950	0.71483	0.04130	0.00787	0.00787	0.01180	0.00492	0.00492
87	0.02931	0.02042	0.02234	0.01765	0.02371	0.02235	0.01441	0.43123	0.16658	0.12949	0.02403	0.02286	0.01697	0.01005	0.00815	0.00251	0.00813	0.00782	0.00840	0.01360
88	0.02788	0.03428	0.02464	0.06214	0.12795	0.54118	0.01751	0.03058	0.02191	0.02096	0.01308	0.01588	0.01085	0.00817	0.00747	0.00217	0.01363	0.00565	0.00412	0.00993
89	0.03610	0.01429	0.01913	0.01467	0.02096	0.01265	0.01212	0.07203	0.02404	0.63620	0.03133	0.02718	0.01974	0.01003	0.00816	0.00251	0.00701	0.00811	0.00994	0.01381
90	0.01489	0.00933	0.01359	0.01301	0.01502	0.01026	0.01011	0.01767	0.01433	0.10498	0.02330	0.03242	0.02074	0.08831	0.55973	0.01137	0.01904	0.00879	0.00513	0.00799
91	0.01101	0.00776	0.00992	0.01048	0.01140	0.00736	0.00717	0.01301	0.01735	0.02377	0.25292	0.30717	0.05564	0.18443	0.01740	0.00413	0.00525	0.03983	0.00740	0.00660
92	0.01119	0.00817	0.01058	0.01080	0.01183	0.00854	0.00757	0.01285	0.01366	0.01844	0.03387	0.12186	0.11466	0.26804	0.30214	0.00882	0.01281	0.01250	0.00533	0.00635
93	0.03031	0.03867	0.02299	0.02090	0.02508	0.68226	0.01568	0.03240	0.02299	0.01986	0.01254	0.01463	0.01045	0.00836	0.00732	0.00209	0.01463	0.00523	0.00418	0.00941
94	0.04931	0.02244	0.02394	0.02081	0.02195	0.17448	0.01694	0.02263	0.01489	0.02025	0.01111	0.01687	0.01054	0.01262	0.02140	0.00318	0.51735	0.00657	0.00375	0.00899
95	0.00986	0.00823	0.00859	0.00850	0.01112	0.00696	0.00638	0.01216	0.01913	0.02342	0.16392	0.07562	0.57827	0.01999	0.00959	0.00271	0.00407	0.01678	0.00773	0.00696
96	0.03620	0.01414	0.01904	0.01459	0.02088	0.01242	0.01206	0.06185	0.02378	0.64674	0.03154	0.02731	0.01985	0.01003	0.00816	0.00251	0.00698	0.00813	0.00997	0.01381
97	0.02706	0.02053	0.02231	0.01701	0.02358	0.02156	0.01394	0.46511	0.06089	0.04455	0.01891	0.01935	0.01388	0.00892	0.00763	0.00216	0.00813	0.00680	0.00734	0.19034
98	0.01135	0.00768	0.00898	0.00943	0.00954	0.00757	0.00553	0.01168	0.01268	0.01690	0.03007	0.20752	0.03519	0.55266	0.03402	0.00679	0.00712	0.01445	0.00553	0.00531
99	0.02169	0.71972	0.04252	0.01388	0.02083	0.03211	0.01388	0.02430	0.01649	0.01909	0.01128	0.01302	0.01041	0.00694	0.00521	0.00174	0.00868	0.00434	0.00347	0.01041
100	0.02001	0.01969	0.03126	0.13381	0.54883	0.05516	0.02409	0.02476	0.01842	0.02538	0.01500	0.01999	0.01245	0.00741	0.00800	0.00243	0.01007	0.00712	0.00397	0.01216
101	0.01034	0.00725	0.00928	0.01072	0.01108	0.00689	0.00692	0.01142	0.01466	0.01954	0.04022	0.55512	0.04798	0.18760	0.01764	0.00437	0.00545	0.02042	0.00692	0.00620
102	0.01029	0.00804	0.00916	0.00928	0.01126	0.00709	0.00670	0.01259	0.01880	0.02419	0.22875	0.16989	0.36708	0.06591	0.01179	0.00311	0.00437	0.01704	0.00774	0.00690
103	0.01308	0.00934	0.01308	0.01494	0.01681	0.00934	0.01308	0.01681	0.01868	0.02428	0.04296	0.09153	0.04670	0.02242	0.01121	0.00374	0.00747	0.60960	0.00747	0.00747
104	0.02744	0.03323	0.02578	0.02901	0.20445	0.49620	0.01827	0.03030	0.02173	0.02173	0.01331	0.01616	0.01113	0.00804	0.00752	0.00218	0.01323	0.00579	0.00413	0.01037
105	0.03031	0.03867	0.02299	0.02090	0.02508	0.68226	0.01568	0.03240	0.02299	0.01986	0.01254	0.01463	0.01045	0.00836	0.00732	0.00209	0.01463	0.00523	0.00418	0.00941
106	0.01738	0.01500	0.01567	0.01432	0.01842	0.01666	0.01108	0.03480	0.48269	0.03076	0.04603	0.04292	0.19298	0.01353	0.00861	0.00275	0.00581	0.01128	0.00807	0.01126
107	0.01177	0.00797	0.00936	0.00936	0.00953	0.00814	0.00555	0.01213	0.01195	0.01611	0.02510	0.05053	0.02838	0.63570	0.11891	0.00849	0.00954	0.01142	0.00485	0.00520
108	0.77215	0.01569	0.01193	0.01067	0.01569	0.01820	0.00879	0.02385	0.01381	0.03641	0.01130	0.01318	0.00879	0.00753	0.00502	0.00251	0.00628	0.00439	0.00502	0.00879
109	0.01759	0.01205	0.01443	0.01239	0.01570	0.01202	0.00970	0.16302	0.02635	0.07836	0.44174	0.04956	0.08461	0.01473	0.00914	0.00253	0.00524	0.01262	0.00875	0.00947
110	0.00959	0.00822	0.00822	0.00822	0.01096	0.00685	0.00617	0.01165	0.01850	0.02192	0.08220	0.07809	0.66092	0.02055	0.00959	0.00274	0.00411	0.01713	0.00754	0.00685
111	0.01183	0.00884	0.01133	0.01222	0.01434	0.00834	0.01017	0.01512	0.01943	0.02518	0.16902	0.08208	0.22014	0.02082	0.01046	0.00324	0.00587	0.33648	0.00776	0.00734
112	0.12912	0.02180	0.02270	0.01761	0.02391	0.02424	0.01454	0.55586	0.03492	0.04919	0.01840	0.01865	0.01313	0.00945	0.00771	0.00245	0.00858	0.00692	0.00771	0.01313
113	0.01159	0.00869	0.01304	0.01304	0.01449	0.01014	0.01014	0.01449	0.01304	0.01884	0.02173	0.03188	0.02029	0.06086	0.68268	0.01304	0.02173	0.00869	0.00435	0.00724
114	0.01148	0.00829	0.01085	0.01021	0.01212	0.00766	0.00766	0.01531	0.02297	0.03254	0.65994	0.06061	0.07656	0.01659	0.00957	0.00255	0.00383	0.01467	0.00893	0.00766
115	0.01180	0.00787	0.00885	0.00885	0.00885	0.00787	0.00492	0.01180	0.01180	0.01573	0.02557	0.05310	0.02950	0.71483	0.04130	0.00787	0.00787	0.01180	0.00492	0.00492
116	0.01943	0.01862	0.03176	0.13802	0.58109	0.01911	0.02458	0.02433	0.01817	0.02572	0.01515	0.02029	0.01257	0.00735	0.00804	0.00245	0.00980	0.00723	0.00396	0.01233
117	0.03085	0.02273	0.02435	0.01867	0.02516	0.02516	0.01542	0.63716	0.03815	0.05114	0.01948	0.01948	0.01380	0.00974	0.00812	0.00244	0.00893	0.00731	0.00812	0.01380
118	0.01118	0.00772	0.01013	0.01082	0.01133	0.00789	0.00721	0.01218	0.01338	0.01818	0.03100	0.28490	0.03527	0.27336	0.18042	0.04853	0.00994	0.01490	0.00566	0.00600
119	0.00989	0.00706	0.00942	0.01130	0.01177	0.00659	0.00753	0.01130	0.01554	0.02071	0.04472	0.70954	0.05367	0.02542	0.01036	0.00330	0.00471	0.02307	0.00753	0.00659
120	0.01031	0.00776	0.00960	0.01096	0.01205	0.00727	0.00752	0.01284	0.04545	0.02155	0.05126	0.55878	0.16706	0.02383	0.01011	0.00317	0.00467	0.02130	0.00757	0.00693
121	0.01177	0.00798	0.00942	0.00942	0.00962	0.00818	0.00563	0.01217	0.01197	0.01616	0.02504	0.05020	0.02824	0.62546	0.12895	0.00857	0.00976	0.01138	0.00484	0.00523
122	0.01180	0.00787	0.00885	0.00885	0.00885	0.00787	0.00492	0.01180	0.01180	0.01573	0.02557	0.05310	0.02950	0.71483	0.04130	0.00787	0.00787	0.01180	0.00492	0.00492
123	0.01159	0.00869	0.01304	0.01304	0.01449	0.01014	0.01014	0.01449	0.01304	0.01884	0.02173	0.03188	0.02029	0.06086	0.68268	0.01304	0.02173	0.00869	0.00435	0.00724
124	0.01683	0.01442	0.01683	0.01202	0.01923	0.01082	0.00961	0.02043	0.01683	0.02644	0.01442	0.01683	0.01202	0.00601	0.00601	0.00120	0.00601	0.00481	0.00481	0.76444
125	0.00989	0.00706	0.00942	0.01130	0.01177	0.00659	0.00753	0.01130	0.01554	0.02071	0.04472	0.70954	0.05367	0.02542	0.01036	0.00330	0.00471	0.02307	0.00753	0.00659
126	0.01056	0.00838	0.00956	0.00961	0.01200	0.00738	0.00743	0.01333	0.01981	0.02526	0.24379	0.07469	0.41827	0.01964	0.00978	0.00281	0.00444	0.08819	0.00793	0.00716
127	0.01415	0.00917	0.01074	0.01026	0.01327	0.00801	0.00809	0.01683	0.01985	0.11648	0.15466	0.07002	0.40515	0.01870	0.00959	0.00281	0.00490	0.09117	0.00809	0.00804
128	0.01683	0.01442	0.01683	0.01202	0.01923	0.01082	0.00961	0.02043	0.01683	0.02644	0.01442	0.01683	0.01202	0.00601	0.00601	0.00120	0.00601	0.00481	0.00481	0.76444
129	0.01180	0.00787	0.00885	0.00885	0.00885	0.00787	0.00492	0.01180	0.01180	0.01573	0.02557	0.05310	0.02950	0.71483	0.04130	0.00787	0.00787	0.01180	0.00492	0.00492
130	0.01532	0.01442	0.02434	0.69533	0.05589	0.01803	0.02253	0.02073	0.01622	0.02073	0.01442	0.02163	0.01082	0.00811	0.00811	0.00270	0.01082	0.00721	0.00361	0.00901
131	0.77215	0.01569	0.01193	0.01067	0.01569	0.01820	0.00879	0.02385	0.01381	0.03641	0.01130	0.01318	0.00879	0.00753	0.00502	0.00251	0.00628	0.00439	0.00502	0.00879
132	0.03641	0.01381	0.01883	0.01444	0.02071	0.01193	0.01193	0.03954	0.02322	0.66984	0.03201	0.02762	0.02009	0.01004	0.00816	0.00251	0.00690	0.00816	0.01004	0.01381
