[name]
unknown

[dist]
# distance from previous block
# <min> <max>
0	0

[block]
# block no. 0 follows, 22 sequences, length 13
# corresponding to MSA columns:
# 0-12
name=unknown_A
#
# <colnr> <probs for GDERKNQSTAVLIFYWHMCP>
#	G	D	E	R	K	N	Q	S	T	A	V	L	I	F	Y	W	H	M	C	P
0	0.01339	0.00956	0.01339	0.01530	0.01721	0.00956	0.01339	0.01721	0.01912	0.02486	0.04399	0.09371	0.04781	0.02295	0.01147	0.00382	0.00765	0.60031	0.00765	0.00765
1	0.07449	0.24331	0.30255	0.01897	0.02805	0.02469	0.02118	0.14335	0.02130	0.03009	0.01462	0.01643	0.01116	0.00804	0.00699	0.00234	0.01021	0.00576	0.00458	0.01191
2	0.02342	0.02030	0.09675	0.08845	0.28272	0.01809	0.02072	0.03187	0.13120	0.16786	0.02251	0.02393	0.01651	0.00886	0.00826	0.00260	0.00903	0.00783	0.00615	0.01294
3	0.01565	0.01409	0.02365	0.01896	0.02306	0.01351	0.20485	0.07973	0.02037	0.02713	0.10466	0.19109	0.12688	0.08168	0.01293	0.00338	0.00830	0.01462	0.00656	0.00891
4	0.24434	0.22942	0.02803	0.12287	0.13882	0.02275	0.01590	0.02529	0.01682	0.06743	0.01413	0.01697	0.01131	0.00773	0.00644	0.00234	0.00855	0.00569	0.00458	0.01061
5	0.15429	0.15387	0.18842	0.02426	0.08932	0.08928	0.13808	0.02639	0.01796	0.02656	0.01392	0.01702	0.01095	0.00756	0.00730	0.00243	0.01100	0.00629	0.00408	0.01100
6	0.10335	0.01445	0.02071	0.09201	0.20633	0.01443	0.01544	0.02506	0.02003	0.16598	0.13883	0.03508	0.09132	0.01125	0.00836	0.00259	0.00737	0.00968	0.00678	0.01094
7	0.02072	0.09761	0.28125	0.01949	0.02672	0.02011	0.02071	0.02834	0.08193	0.12232	0.05912	0.02307	0.01798	0.01029	0.01135	0.00273	0.13178	0.00741	0.00543	0.01163
8	0.01527	0.01325	0.02179	0.01837	0.02092	0.01473	0.14179	0.01875	0.01580	0.02362	0.02380	0.14688	0.02312	0.02346	0.14416	0.00500	0.15837	0.01115	0.15122	0.00853
9	0.02021	0.08283	0.01667	0.01203	0.01607	0.01212	0.00973	0.02442	0.05153	0.20978	0.28162	0.04901	0.15170	0.01448	0.00887	0.00256	0.00551	0.01220	0.00862	0.01004
10	0.01405	0.00870	0.01111	0.07935	0.01609	0.00940	0.00892	0.01762	0.01616	0.02604	0.02652	0.09887	0.02354	0.02443	0.17481	0.00504	0.00933	0.00961	0.41269	0.00771
11	0.01923	0.01739	0.08511	0.02196	0.14404	0.01533	0.01555	0.02922	0.19149	0.10115	0.22489	0.03717	0.03781	0.01188	0.00877	0.00264	0.00701	0.01035	0.00752	0.01148
12	0.06769	0.02290	0.15481	0.16183	0.06245	0.01960	0.01929	0.12017	0.15891	0.03188	0.01965	0.02173	0.01468	0.00885	0.00784	0.00254	0.00921	0.00717	0.00564	0.08318

[dist]
# distance from previous block
# <min> <max>
6	11

[block]
# block no. 1 follows, 22 sequences, length 17
# corresponding to MSA columns:
# 24-40
name=unknown_B
#
# <colnr> <probs for GDERKNQSTAVLIFYWHMCP>
#	G	D	E	R	K	N	Q	S	T	A	V	L	I	F	Y	W	H	M	C	P
0	0.02053	0.01932	0.02620	0.12652	0.28889	0.06384	0.01922	0.06756	0.05108	0.02795	0.01630	0.02003	0.01315	0.00767	0.00768	0.00219	0.00924	0.00673	0.00478	0.20109
1	0.02036	0.01943	0.03271	0.04861	0.61707	0.01921	0.02453	0.02521	0.01881	0.02714	0.01557	0.02036	0.01311	0.00733	0.00810	0.00239	0.00964	0.00725	0.00416	0.05902
2	0.02056	0.01974	0.03372	0.05099	0.65622	0.01974	0.02550	0.02550	0.01892	0.02714	0.01563	0.02056	0.01316	0.00740	0.00822	0.00247	0.00987	0.00740	0.00411	0.01316
3	0.01988	0.02330	0.12141	0.04476	0.47502	0.01988	0.12168	0.02578	0.01884	0.02694	0.01572	0.02045	0.01271	0.00740	0.00843	0.00254	0.01085	0.00761	0.00404	0.01273
4	0.01187	0.00890	0.01335	0.01335	0.01483	0.01038	0.01038	0.01483	0.01335	0.01928	0.02225	0.03264	0.02077	0.06231	0.67512	0.01335	0.02225	0.00890	0.00445	0.00742
5	0.03056	0.02229	0.02384	0.01839	0.02474	0.02462	0.01516	0.58993	0.03769	0.05100	0.02040	0.02064	0.01458	0.00995	0.00815	0.00246	0.00881	0.00750	0.05556	0.01372
6	0.03103	0.03959	0.02354	0.02140	0.02568	0.67469	0.01605	0.03317	0.02354	0.02033	0.01284	0.01498	0.01070	0.00856	0.00749	0.00214	0.01498	0.00535	0.00428	0.00963
7	0.01012	0.00723	0.00964	0.01157	0.01205	0.00675	0.00771	0.01157	0.01591	0.02121	0.04579	0.70262	0.05495	0.02603	0.01060	0.00337	0.00482	0.02362	0.00771	0.00675
8	0.01150	0.00848	0.01074	0.01018	0.01225	0.00773	0.00763	0.01517	0.02290	0.03185	0.57517	0.06447	0.15597	0.01753	0.00980	0.00264	0.00396	0.01536	0.00895	0.00773
9	0.02241	0.01919	0.02687	0.19776	0.23709	0.02122	0.02038	0.19475	0.11502	0.03377	0.01927	0.02232	0.01469	0.00891	0.00830	0.00260	0.00949	0.00771	0.00581	0.01244
10	0.01139	0.00926	0.01026	0.01070	0.01292	0.00876	0.00774	0.01615	0.10189	0.02366	0.06355	0.29738	0.35298	0.02151	0.00992	0.00301	0.00475	0.01862	0.00781	0.00775
11	0.07959	0.01651	0.02215	0.04862	0.02311	0.06340	0.14665	0.10073	0.01879	0.02585	0.02165	0.07098	0.02147	0.28011	0.02160	0.00476	0.00986	0.01027	0.00533	0.00857
12	0.02056	0.01974	0.03372	0.05099	0.65622	0.01974	0.02550	0.02550	0.01892	0.02714	0.01563	0.02056	0.01316	0.00740	0.00822	0.00247	0.00987	0.00740	0.00411	0.01316
13	0.02205	0.02694	0.19071	0.03274	0.25265	0.04853	0.07160	0.15978	0.02331	0.03209	0.01777	0.02314	0.01425	0.00887	0.00841	0.00259	0.01075	0.03615	0.00508	0.01258
14	0.23264	0.10340	0.35849	0.02003	0.02938	0.02067	0.07532	0.02564	0.01668	0.02877	0.01377	0.01637	0.01028	0.00768	0.00700	0.00254	0.01040	0.00581	0.00404	0.01107
15	0.01160	0.00921	0.01151	0.01271	0.04850	0.00838	0.00911	0.01464	0.02012	0.02615	0.23262	0.10515	0.31946	0.01971	0.01005	0.00294	0.00507	0.11750	0.00791	0.00769
16	0.02125	0.24008	0.23218	0.01818	0.02619	0.02402	0.01916	0.13820	0.09655	0.03053	0.06201	0.02144	0.01780	0.00908	0.00738	0.00236	0.00938	0.00688	0.00540	0.01191

[dist]
# distance from previous block
# <min> <max>
12	22

[block]
# block no. 2 follows, 22 sequences, length 7
# corresponding to MSA columns:
# 65-71
name=unknown_C
#
# <colnr> <probs for GDERKNQSTAVLIFYWHMCP>
#	G	D	E	R	K	N	Q	S	T	A	V	L	I	F	Y	W	H	M	C	P
0	0.01050	0.00793	0.00899	0.00963	0.01094	0.00719	0.00644	0.01185	0.01616	0.02039	0.05645	0.27929	0.29387	0.20056	0.01848	0.00435	0.00541	0.01813	0.00702	0.00641
1	0.01723	0.01477	0.01723	0.01230	0.01969	0.01107	0.00984	0.02092	0.01723	0.02707	0.01477	0.01723	0.01230	0.00615	0.00615	0.00123	0.00615	0.00492	0.00492	0.75883
2	0.01573	0.01166	0.01409	0.01387	0.01633	0.01207	0.01067	0.12479	0.07994	0.03060	0.13982	0.30568	0.04761	0.01979	0.01002	0.00312	0.00610	0.12101	0.00811	0.00898
3	0.01082	0.00840	0.01002	0.01102	0.01299	0.00760	0.00851	0.01320	0.01819	0.02275	0.06376	0.24575	0.34042	0.02283	0.01045	0.00322	0.00526	0.17000	0.00770	0.00711
4	0.01655	0.01335	0.02215	0.13381	0.08049	0.01336	0.12097	0.02085	0.01913	0.06877	0.13252	0.04422	0.08858	0.06462	0.01161	0.00315	0.00831	0.06612	0.06220	0.00923
5	0.08833	0.07623	0.29967	0.03212	0.24833	0.02043	0.06844	0.02578	0.01780	0.02718	0.01476	0.01827	0.01145	0.00759	0.00772	0.00252	0.01079	0.00657	0.00392	0.01209
6	0.21261	0.03268	0.40152	0.02325	0.07778	0.01928	0.06923	0.02578	0.01691	0.02925	0.01423	0.01708	0.01048	0.00774	0.00734	0.00262	0.01070	0.00608	0.00403	0.01141

[dist]
# distance from previous block
# <min> <max>
7	10

[block]
# block no. 3 follows, 22 sequences, length 6
# corresponding to MSA columns:
# 82-87
name=unknown_D
#
# <colnr> <probs for GDERKNQSTAVLIFYWHMCP>
#	G	D	E	R	K	N	Q	S	T	A	V	L	I	F	Y	W	H	M	C	P
0	0.02137	0.01972	0.02480	0.17265	0.19778	0.07283	0.01884	0.11352	0.17457	0.03046	0.02374	0.02593	0.04785	0.00969	0.00833	0.00261	0.00935	0.00824	0.00587	0.01184
1	0.02129	0.11603	0.30790	0.02163	0.02896	0.19064	0.02266	0.02673	0.01811	0.02280	0.01324	0.01651	0.01066	0.00921	0.01110	0.00259	0.13944	0.00595	0.00374	0.01081
2	0.12319	0.03023	0.05897	0.01826	0.02332	0.35695	0.01485	0.14110	0.02419	0.03001	0.01569	0.01762	0.01227	0.00880	0.00718	0.00227	0.01141	0.00595	0.08739	0.01034
3	0.01327	0.00988	0.01053	0.00989	0.01180	0.00956	0.00675	0.07966	0.01793	0.02276	0.04993	0.06137	0.29084	0.34191	0.02487	0.00523	0.00655	0.01387	0.00652	0.00687
4	0.02048	0.01461	0.01657	0.01405	0.01794	0.01574	0.01122	0.27117	0.02659	0.03715	0.11522	0.03503	0.07725	0.02244	0.14373	0.00465	0.00984	0.00968	0.12635	0.01029
5	0.02658	0.11231	0.02830	0.02713	0.16410	0.39898	0.01810	0.02937	0.02081	0.02171	0.01314	0.01629	0.01126	0.00865	0.00910	0.00230	0.07141	0.00586	0.00410	0.01048

[dist]
# distance from previous block
# <min> <max>
8	30

[block]
# block no. 4 follows, 22 sequences, length 8
# corresponding to MSA columns:
# 118-125
name=unknown_E
#
# <colnr> <probs for GDERKNQSTAVLIFYWHMCP>
#	G	D	E	R	K	N	Q	S	T	A	V	L	I	F	Y	W	H	M	C	P
0	0.01575	0.01193	0.01394	0.01375	0.01601	0.04707	0.01089	0.08447	0.01875	0.02607	0.02887	0.11093	0.02834	0.03415	0.26517	0.00691	0.01295	0.12456	0.12116	0.00830
1	0.02739	0.17192	0.02658	0.01801	0.02308	0.29564	0.01446	0.19155	0.02520	0.02846	0.01588	0.02005	0.01364	0.08075	0.01085	0.00277	0.01141	0.00644	0.00531	0.01060
2	0.02056	0.01974	0.03372	0.05099	0.65622	0.01974	0.02550	0.02550	0.01892	0.02714	0.01563	0.02056	0.01316	0.00740	0.00822	0.00247	0.00987	0.00740	0.00411	0.01316
3	0.02066	0.01785	0.01878	0.01691	0.02160	0.02066	0.01315	0.04414	0.64121	0.03475	0.03381	0.03099	0.02536	0.01127	0.00845	0.00282	0.00657	0.00939	0.00845	0.01315
4	0.01934	0.01602	0.01836	0.01331	0.02058	0.01324	0.01072	0.11049	0.02044	0.03080	0.01553	0.01763	0.01257	0.00672	0.00647	0.00142	0.00659	0.00530	0.00542	0.64905
5	0.02135	0.01662	0.01808	0.01544	0.01819	0.05857	0.01246	0.17752	0.02207	0.03277	0.01986	0.02358	0.01590	0.01104	0.01253	0.00257	0.19772	0.00740	0.30646	0.00988
6	0.02101	0.02611	0.12257	0.19190	0.29162	0.15555	0.02372	0.02620	0.01913	0.02420	0.01474	0.01933	0.01176	0.00793	0.00804	0.00249	0.01157	0.00678	0.00396	0.01136
7	0.02200	0.01779	0.02803	0.15933	0.22823	0.01874	0.08652	0.03142	0.16684	0.12132	0.02243	0.02468	0.01668	0.00888	0.00849	0.00266	0.00937	0.00828	0.00598	0.01232

[dist]
# distance from previous block
# <min> <max>
2	9

[block]
# block no. 5 follows, 22 sequences, length 12
# corresponding to MSA columns:
# 135-146
name=unknown_F
#
# <colnr> <probs for GDERKNQSTAVLIFYWHMCP>
#	G	D	E	R	K	N	Q	S	T	A	V	L	I	F	Y	W	H	M	C	P
0	0.10382	0.06961	0.12808	0.02158	0.14547	0.01748	0.01634	0.08066	0.05463	0.03176	0.07835	0.02532	0.02066	0.00933	0.00728	0.00238	0.00775	0.00755	0.16112	0.01082
1	0.02057	0.03844	0.44050	0.02608	0.10387	0.13221	0.02659	0.06771	0.02017	0.02712	0.01497	0.01760	0.01109	0.00809	0.00789	0.00252	0.01226	0.00624	0.00403	0.01205
2	0.06704	0.03118	0.02315	0.01977	0.02496	0.36813	0.01541	0.24469	0.06993	0.03350	0.01670	0.01774	0.01281	0.00920	0.00773	0.00233	0.01192	0.00633	0.00603	0.01143
3	0.02295	0.02047	0.01737	0.01572	0.01938	0.18882	0.01196	0.13472	0.10867	0.05596	0.02708	0.16398	0.02472	0.01307	0.00816	0.00253	0.00845	0.01061	0.13518	0.01018
4	0.02650	0.03143	0.02929	0.03245	0.23572	0.39716	0.07618	0.03002	0.02165	0.02317	0.01413	0.01752	0.01169	0.00803	0.00795	0.00231	0.01320	0.00644	0.00422	0.01094
5	0.01201	0.00860	0.01240	0.01262	0.01403	0.00972	0.00965	0.01489	0.01402	0.02060	0.02538	0.10848	0.02469	0.05324	0.53684	0.01115	0.01855	0.01046	0.07528	0.00737
6	0.01107	0.00860	0.01020	0.01051	0.01277	0.00773	0.00820	0.01398	0.02006	0.02584	0.23012	0.11239	0.34245	0.02058	0.01018	0.00298	0.00484	0.13204	0.00809	0.00735
7	0.02056	0.01974	0.03372	0.05099	0.65622	0.01974	0.02550	0.02550	0.01892	0.02714	0.01563	0.02056	0.01316	0.00740	0.00822	0.00247	0.00987	0.00740	0.00411	0.01316
8	0.15081	0.02205	0.01864	0.01681	0.02150	0.15597	0.01304	0.03848	0.40552	0.03219	0.02565	0.02467	0.01951	0.01010	0.00769	0.00263	0.00829	0.00771	0.00702	0.01171
9	0.01580	0.01156	0.01474	0.01360	0.01579	0.01293	0.01034	0.13522	0.01815	0.02514	0.02261	0.03464	0.02142	0.18593	0.41244	0.01011	0.01672	0.00928	0.00533	0.00825
10	0.02769	0.02044	0.02265	0.01798	0.02361	0.02273	0.01472	0.50757	0.03399	0.04584	0.02040	0.02245	0.01544	0.02029	0.13973	0.00463	0.01173	0.00776	0.00755	0.01281
11	0.02611	0.01829	0.01941	0.01557	0.02069	0.02005	0.01264	0.41178	0.06702	0.04491	0.02289	0.02390	0.01693	0.00996	0.00757	0.00234	0.00741	0.00767	0.23273	0.01215

[dist]
# distance from previous block
# <min> <max>
0	1

[block]
# block no. 6 follows, 22 sequences, length 10
# corresponding to MSA columns:
# 148-157
name=unknown_G
#
# <colnr> <probs for GDERKNQSTAVLIFYWHMCP>
#	G	D	E	R	K	N	Q	S	T	A	V	L	I	F	Y	W	H	M	C	P
0	0.02056	0.01974	0.03372	0.05099	0.65622	0.01974	0.02550	0.02550	0.01892	0.02714	0.01563	0.02056	0.01316	0.00740	0.00822	0.00247	0.00987	0.00740	0.00411	0.01316
1	0.02056	0.01974	0.03372	0.05099	0.65622	0.01974	0.02550	0.02550	0.01892	0.02714	0.01563	0.02056	0.01316	0.00740	0.00822	0.00247	0.00987	0.00740	0.00411	0.01316
2	0.01569	0.01477	0.02492	0.68808	0.05722	0.01846	0.02307	0.02123	0.01661	0.02123	0.01477	0.02215	0.01107	0.00831	0.00831	0.00277	0.01107	0.00738	0.00369	0.00923
3	0.01143	0.00848	0.01065	0.01011	0.01221	0.00770	0.00758	0.01505	0.02275	0.03149	0.55635	0.06506	0.17501	0.01767	0.00980	0.00265	0.00397	0.01545	0.00890	0.00770
4	0.01251	0.00989	0.01530	0.12684	0.02196	0.01174	0.01252	0.01591	0.01390	0.01961	0.02099	0.03087	0.01914	0.05322	0.56296	0.01157	0.02037	0.00865	0.00432	0.00772
5	0.02066	0.01785	0.01878	0.01691	0.02160	0.02066	0.01315	0.04414	0.64121	0.03475	0.03381	0.03099	0.02536	0.01127	0.00845	0.00282	0.00657	0.00939	0.00845	0.01315
6	0.01723	0.01477	0.01723	0.01230	0.01969	0.01107	0.00984	0.02092	0.01723	0.02707	0.01477	0.01723	0.01230	0.00615	0.00615	0.00123	0.00615	0.00492	0.00492	0.75883
7	0.02053	0.01770	0.01760	0.19737	0.02772	0.14063	0.01373	0.09859	0.02108	0.02895	0.02011	0.02413	0.01558	0.00913	0.00712	0.00227	0.00862	0.00715	0.31269	0.00931
8	0.02486	0.02790	0.02954	0.03884	0.39718	0.28881	0.02162	0.02865	0.02082	0.02434	0.01448	0.01827	0.01215	0.00788	0.00792	0.00233	0.01197	0.00656	0.00418	0.01171
9	0.05431	0.00932	0.01115	0.01087	0.01209	0.00987	0.00746	0.01579	0.04925	0.02187	0.12611	0.04677	0.03427	0.36203	0.18662	0.00786	0.01066	0.01122	0.00575	0.00674

[dist]
# distance from previous block
# <min> <max>
0	1

[block]
# block no. 7 follows, 22 sequences, length 10
# corresponding to MSA columns:
# 159-168
name=unknown_H
#
# <colnr> <probs for GDERKNQSTAVLIFYWHMCP>
#	G	D	E	R	K	N	Q	S	T	A	V	L	I	F	Y	W	H	M	C	P
0	0.02498	0.27277	0.16633	0.01915	0.02635	0.24509	0.01848	0.09103	0.02158	0.02467	0.01357	0.01547	0.01101	0.00806	0.00691	0.00215	0.01168	0.00542	0.00429	0.01102
1	0.02203	0.02342	0.03370	0.07742	0.42032	0.13716	0.11277	0.02681	0.01972	0.02553	0.01526	0.01992	0.01252	0.00760	0.00833	0.00247	0.01146	0.00739	0.00413	0.01203
2	0.17362	0.01963	0.02131	0.01918	0.06300	0.02252	0.01456	0.25046	0.19598	0.03981	0.02095	0.02157	0.01582	0.01014	0.00950	0.00270	0.07257	0.00738	0.00700	0.01229
3	0.02477	0.15737	0.02765	0.02407	0.13462	0.27109	0.01692	0.08400	0.02223	0.02513	0.01869	0.02858	0.01732	0.01049	0.00792	0.00243	0.01121	0.09992	0.00503	0.01056
4	0.01026	0.00790	0.00938	0.01013	0.01177	0.00703	0.00717	0.01236	0.01832	0.02362	0.15711	0.35155	0.29839	0.02260	0.01016	0.00303	0.00443	0.01982	0.00794	0.00703
5	0.01177	0.00827	0.01026	0.01036	0.01099	0.00858	0.00677	0.01282	0.01308	0.01768	0.02979	0.08463	0.06832	0.44576	0.21705	0.00896	0.01164	0.01215	0.00518	0.00592
6	0.02721	0.03032	0.02914	0.02374	0.02875	0.33798	0.13827	0.14295	0.02431	0.02761	0.01473	0.01782	0.01176	0.00928	0.01064	0.00253	0.10039	0.00689	0.00495	0.01073
7	0.01378	0.14198	0.01775	0.01222	0.01444	0.01373	0.00958	0.01606	0.01482	0.02006	0.08168	0.06745	0.02794	0.18689	0.31648	0.00853	0.01408	0.01001	0.00500	0.00752
8	0.02014	0.09400	0.39198	0.02770	0.15060	0.12426	0.02601	0.02712	0.01870	0.02496	0.01444	0.01735	0.01106	0.00784	0.00768	0.00245	0.01197	0.00611	0.00375	0.01189
9	0.02236	0.17118	0.22523	0.02109	0.02845	0.24125	0.07114	0.02727	0.01948	0.02260	0.01598	0.06676	0.01406	0.00922	0.00761	0.00236	0.01210	0.00713	0.00414	0.01057

[dist]
# distance from previous block
# <min> <max>
1	18

[block]
# block no. 8 follows, 22 sequences, length 18
# corresponding to MSA columns:
# 187-204
name=unknown_I
#
# <colnr> <probs for GDERKNQSTAVLIFYWHMCP>
#	G	D	E	R	K	N	Q	S	T	A	V	L	I	F	Y	W	H	M	C	P
0	0.07681	0.08253	0.30843	0.07913	0.03056	0.01975	0.02142	0.12083	0.02113	0.07768	0.02198	0.02343	0.06246	0.00940	0.00778	0.00256	0.00994	0.00727	0.00525	0.01165
1	0.08791	0.23967	0.03036	0.07292	0.12064	0.27414	0.01684	0.02783	0.01948	0.02262	0.01290	0.01572	0.01094	0.00785	0.00680	0.00216	0.01132	0.00546	0.00406	0.01039
2	0.14729	0.02151	0.02751	0.11621	0.38176	0.11780	0.02101	0.02596	0.01853	0.02712	0.01442	0.01872	0.01184	0.00774	0.00760	0.00247	0.01020	0.00660	0.00426	0.01146
3	0.01692	0.00975	0.01161	0.01054	0.01393	0.00841	0.00811	0.01954	0.02064	0.18180	0.15946	0.11014	0.36107	0.01810	0.00951	0.00276	0.00491	0.01532	0.00858	0.00888
4	0.03158	0.02327	0.02493	0.01911	0.02576	0.02576	0.01579	0.62852	0.03906	0.05236	0.01995	0.01995	0.01413	0.00997	0.00831	0.00249	0.00914	0.00748	0.00831	0.01413
5	0.01163	0.00854	0.01118	0.01242	0.01405	0.00808	0.00980	0.01451	0.01881	0.02468	0.14196	0.26656	0.14667	0.02267	0.01071	0.00335	0.00573	0.25340	0.00790	0.00731
6	0.01199	0.00843	0.01098	0.01098	0.01164	0.00909	0.00742	0.01331	0.01265	0.01753	0.02442	0.04466	0.02599	0.41975	0.32482	0.01042	0.01439	0.01066	0.00477	0.00610
7	0.02409	0.01896	0.02029	0.01692	0.02214	0.02115	0.01352	0.29045	0.30371	0.04155	0.07852	0.03117	0.05662	0.01166	0.00857	0.00266	0.00735	0.00943	0.00841	0.01284
8	0.02066	0.01785	0.01878	0.01691	0.02160	0.02066	0.01315	0.04414	0.64121	0.03475	0.03381	0.03099	0.02536	0.01127	0.00845	0.00282	0.00657	0.00939	0.00845	0.01315
9	0.01723	0.01477	0.01723	0.01230	0.01969	0.01107	0.00984	0.02092	0.01723	0.02707	0.01477	0.01723	0.01230	0.00615	0.00615	0.00123	0.00615	0.00492	0.00492	0.75883
10	0.02018	0.01935	0.03304	0.10055	0.60962	0.01964	0.02531	0.02516	0.01874	0.02668	0.01556	0.02068	0.01300	0.00747	0.00823	0.00249	0.00996	0.00740	0.00408	0.01285
11	0.01644	0.01553	0.02627	0.58989	0.14954	0.01865	0.02344	0.02188	0.01697	0.02214	0.01490	0.02190	0.01140	0.00817	0.00829	0.00272	0.01089	0.00739	0.00376	0.00983
12	0.01600	0.01314	0.02063	0.22704	0.18834	0.01444	0.01688	0.02052	0.01740	0.02545	0.06673	0.02824	0.02034	0.01714	0.10804	0.00409	0.01035	0.00827	0.16743	0.00952
13	0.01506	0.01288	0.02084	0.02719	0.25060	0.01382	0.01594	0.01875	0.01540	0.02217	0.01982	0.02820	0.01797	0.04212	0.42998	0.00935	0.01770	0.00835	0.00433	0.00953
14	0.01887	0.01675	0.02193	0.16762	0.12416	0.01923	0.01694	0.03405	0.36244	0.02945	0.02603	0.02763	0.02006	0.01407	0.06097	0.00359	0.00928	0.00862	0.00645	0.01185
15	0.02549	0.02763	0.02429	0.26606	0.03729	0.32081	0.01859	0.13214	0.02369	0.02622	0.01478	0.01848	0.01143	0.00871	0.00793	0.00243	0.01253	0.00647	0.00476	0.01026
16	0.02234	0.02393	0.02731	0.03614	0.37272	0.21196	0.02005	0.02629	0.02098	0.02605	0.11039	0.02514	0.02223	0.00918	0.00824	0.00239	0.01049	0.00794	0.00492	0.01131
17	0.01871	0.01858	0.02304	0.39073	0.09080	0.11507	0.01926	0.06767	0.01985	0.02407	0.02491	0.02909	0.10361	0.01023	0.00840	0.00264	0.01043	0.00855	0.00474	0.00965

[dist]
# distance from previous block
# <min> <max>
3	29

[block]
# block no. 9 follows, 22 sequences, length 6
# corresponding to MSA columns:
# 234-239
name=unknown_J
#
# <colnr> <probs for GDERKNQSTAVLIFYWHMCP>
#	G	D	E	R	K	N	Q	S	T	A	V	L	I	F	Y	W	H	M	C	P
0	0.02435	0.16081	0.02438	0.01644	0.02136	0.22325	0.01338	0.17057	0.02544	0.02992	0.10916	0.02977	0.09525	0.01120	0.00785	0.00229	0.00962	0.00841	0.00617	0.01037
1	0.01756	0.10332	0.06659	0.02294	0.17850	0.01663	0.01539	0.09042	0.02172	0.02950	0.17907	0.10262	0.09583	0.01320	0.00862	0.00255	0.00733	0.01140	0.00642	0.01037
2	0.02127	0.01705	0.02032	0.09461	0.02502	0.01941	0.01465	0.24108	0.11323	0.03575	0.09066	0.03678	0.08674	0.01318	0.01105	0.00284	0.08730	0.05078	0.00723	0.01106
3	0.01438	0.01240	0.01928	0.19076	0.17873	0.01308	0.01550	0.01775	0.01708	0.02301	0.07526	0.21215	0.06312	0.09535	0.01303	0.00346	0.00789	0.01333	0.00563	0.00882
4	0.12182	0.01791	0.02016	0.18118	0.10172	0.08243	0.01559	0.09577	0.08167	0.03083	0.01911	0.02241	0.01474	0.00890	0.00732	0.00246	0.00863	0.00707	0.14993	0.01036
5	0.02673	0.02108	0.02644	0.14889	0.14002	0.02337	0.01881	0.41199	0.03142	0.04224	0.01824	0.02046	0.01339	0.00922	0.00829	0.00254	0.00963	0.00745	0.00673	0.01305

[dist]
# distance from previous block
# <min> <max>
0	2

[block]
# block no. 10 follows, 22 sequences, length 10
# corresponding to MSA columns:
# 242-251
name=unknown_K
#
# <colnr> <probs for GDERKNQSTAVLIFYWHMCP>
#	G	D	E	R	K	N	Q	S	T	A	V	L	I	F	Y	W	H	M	C	P
0	0.01712	0.01614	0.02601	0.13102	0.40620	0.01631	0.02026	0.02142	0.01859	0.02510	0.03299	0.03594	0.17608	0.01101	0.00864	0.00260	0.00860	0.00998	0.00497	0.01103
1	0.02056	0.01974	0.03372	0.05099	0.65622	0.01974	0.02550	0.02550	0.01892	0.02714	0.01563	0.02056	0.01316	0.00740	0.00822	0.00247	0.00987	0.00740	0.00411	0.01316
2	0.01932	0.01847	0.03147	0.21354	0.50339	0.01941	0.02488	0.02441	0.01833	0.02563	0.01541	0.02097	0.01263	0.00763	0.00825	0.00254	0.01018	0.00740	0.00400	0.01216
3	0.02056	0.01974	0.03372	0.05099	0.65622	0.01974	0.02550	0.02550	0.01892	0.02714	0.01563	0.02056	0.01316	0.00740	0.00822	0.00247	0.00987	0.00740	0.00411	0.01316
4	0.03065	0.08587	0.02616	0.01927	0.02537	0.18946	0.01572	0.42771	0.03328	0.04153	0.01745	0.01814	0.01297	0.00937	0.00785	0.00234	0.01059	0.00669	0.00689	0.01270
5	0.01080	0.00808	0.01010	0.01088	0.01246	0.00738	0.00798	0.01329	0.01894	0.02501	0.21160	0.32248	0.20719	0.02215	0.01029	0.00308	0.00472	0.07831	0.00808	0.00719
6	0.01294	0.00856	0.01168	0.01168	0.01330	0.00960	0.00902	0.01618	0.01456	0.02276	0.02370	0.03214	0.02092	0.04664	0.47586	0.00995	0.01678	0.00856	0.22765	0.00751
7	0.02392	0.47624	0.09869	0.01697	0.02385	0.19531	0.01628	0.02713	0.01864	0.02040	0.01220	0.01416	0.01066	0.00755	0.00613	0.00195	0.01077	0.00484	0.00373	0.01055
8	0.01666	0.04297	0.66500	0.02368	0.03596	0.01929	0.03069	0.02631	0.01754	0.02631	0.01491	0.01754	0.01052	0.00789	0.00789	0.00263	0.01228	0.00614	0.00351	0.01228
9	0.01012	0.00723	0.00964	0.01157	0.01205	0.00675	0.00771	0.01157	0.01591	0.02121	0.04579	0.70262	0.05495	0.02603	0.01060	0.00337	0.00482	0.02362	0.00771	0.00675

[dist]
# distance from previous block
# <min> <max>
0	1

[block]
# block no. 11 follows, 22 sequences, length 15
# corresponding to MSA columns:
# 253-267
name=unknown_L
#
# <colnr> <probs for GDERKNQSTAVLIFYWHMCP>
#	G	D	E	R	K	N	Q	S	T	A	V	L	I	F	Y	W	H	M	C	P
0	0.01198	0.01120	0.06055	0.01160	0.01447	0.00874	0.00986	0.01603	0.02191	0.03023	0.45407	0.06459	0.16216	0.01752	0.00982	0.00276	0.00496	0.07117	0.00834	0.00803
1	0.01826	0.01875	0.01924	0.01755	0.01902	0.16324	0.01373	0.02038	0.01529	0.01945	0.01675	0.02598	0.01615	0.09666	0.24943	0.00710	0.24271	0.00787	0.00420	0.00824
2	0.01176	0.00877	0.01059	0.01147	0.01296	0.00832	0.00804	0.06081	0.01843	0.02396	0.05228	0.50943	0.18496	0.02364	0.01025	0.00318	0.00503	0.02097	0.00776	0.00739
3	0.01672	0.01537	0.02213	0.13579	0.02634	0.02026	0.01685	0.04821	0.01484	0.02158	0.01502	0.02278	0.01370	0.02587	0.19444	0.00600	0.36338	0.00773	0.00409	0.00891
4	0.02066	0.01785	0.01878	0.01691	0.02160	0.02066	0.01315	0.04414	0.64121	0.03475	0.03381	0.03099	0.02536	0.01127	0.00845	0.00282	0.00657	0.00939	0.00845	0.01315
5	0.01723	0.01477	0.01723	0.01230	0.01969	0.01107	0.00984	0.02092	0.01723	0.02707	0.01477	0.01723	0.01230	0.00615	0.00615	0.00123	0.00615	0.00492	0.00492	0.75883
6	0.01232	0.01023	0.01494	0.23918	0.02725	0.01098	0.01272	0.01580	0.01829	0.02409	0.17606	0.23829	0.13360	0.01729	0.00953	0.00292	0.00664	0.01532	0.00667	0.00787
7	0.01769	0.01681	0.02853	0.42658	0.30308	0.01898	0.02407	0.02298	0.01756	0.02365	0.01512	0.02150	0.01193	0.00793	0.00827	0.00264	0.01058	0.00739	0.00386	0.01084
8	0.02065	0.16158	0.35487	0.01986	0.02911	0.02239	0.02250	0.15944	0.02268	0.03139	0.06498	0.02075	0.01664	0.00892	0.00765	0.00244	0.01029	0.00681	0.00503	0.01204
9	0.07689	0.01953	0.07751	0.23176	0.28382	0.01937	0.02208	0.02694	0.10941	0.02721	0.01767	0.02178	0.01380	0.00831	0.00802	0.00263	0.00967	0.00736	0.00466	0.01158
10	0.02676	0.02880	0.02594	0.13153	0.14893	0.32277	0.01888	0.14517	0.02459	0.02795	0.01504	0.01812	0.01188	0.00858	0.00792	0.00237	0.01228	0.00647	0.00494	0.01110
11	0.02021	0.02704	0.19731	0.04201	0.45497	0.06105	0.02625	0.02619	0.01885	0.02649	0.01526	0.01942	0.01232	0.00760	0.00809	0.00249	0.01082	0.00694	0.00397	0.01271
12	0.01213	0.00873	0.01251	0.01251	0.01386	0.00995	0.00949	0.01483	0.01348	0.01970	0.02301	0.03493	0.02185	0.13030	0.56093	0.01201	0.01947	0.00918	0.05397	0.00717
13	0.06514	0.01501	0.01397	0.01350	0.01638	0.11363	0.01018	0.06655	0.02054	0.07241	0.07704	0.26268	0.14596	0.01815	0.00930	0.00289	0.00703	0.05367	0.00733	0.00862
14	0.01916	0.06123	0.06706	0.01335	0.01830	0.01383	0.01139	0.08703	0.05602	0.11337	0.03793	0.09250	0.16238	0.09408	0.01227	0.00310	0.00696	0.01112	0.00688	0.11204

[dist]
# distance from previous block
# <min> <max>
5	30

[block]
# block no. 12 follows, 22 sequences, length 63
# corresponding to MSA columns:
# 298-360
name=unknown_M
#
# <colnr> <probs for GDERKNQSTAVLIFYWHMCP>
#	G	D	E	R	K	N	Q	S	T	A	V	L	I	F	Y	W	H	M	C	P
0	0.02296	0.01731	0.06953	0.01610	0.06111	0.08124	0.01269	0.02627	0.02100	0.24705	0.04836	0.04589	0.26801	0.01396	0.00879	0.00262	0.00739	0.01142	0.00767	0.01063
1	0.08500	0.01567	0.01949	0.02132	0.14194	0.01636	0.01389	0.07008	0.19697	0.12891	0.03397	0.10599	0.08971	0.01265	0.00849	0.00273	0.00700	0.01074	0.00745	0.01166
2	0.10589	0.01796	0.02868	0.02886	0.20716	0.01736	0.13457	0.05843	0.02125	0.26353	0.02195	0.02299	0.01539	0.00854	0.00826	0.00258	0.00924	0.00791	0.00671	0.01275
3	0.06530	0.47268	0.10357	0.01642	0.02342	0.15477	0.01602	0.02661	0.01808	0.02141	0.01216	0.01410	0.01056	0.00751	0.00601	0.00198	0.01028	0.00480	0.00378	0.01054
4	0.02056	0.01974	0.03372	0.05099	0.65622	0.01974	0.02550	0.02550	0.01892	0.02714	0.01563	0.02056	0.01316	0.00740	0.00822	0.00247	0.00987	0.00740	0.00411	0.01316
5	0.01443	0.00722	0.01082	0.01082	0.01082	0.00722	0.00722	0.01082	0.01082	0.01443	0.01443	0.02525	0.01443	0.02886	0.03247	0.75830	0.00722	0.00722	0.00361	0.00361
6	0.01311	0.01248	0.02127	0.04761	0.02280	0.01156	0.18519	0.01679	0.01879	0.02423	0.10068	0.18493	0.27236	0.01711	0.00990	0.00290	0.00743	0.01588	0.00664	0.00833
7	0.01270	0.00934	0.01243	0.01397	0.01605	0.00907	0.01202	0.01619	0.01909	0.02439	0.05176	0.09105	0.16484	0.02258	0.01115	0.00363	0.00698	0.48759	0.00766	0.00753
8	0.02544	0.16386	0.03430	0.02365	0.02929	0.33381	0.17787	0.02895	0.02049	0.02182	0.01352	0.01685	0.01121	0.00826	0.00900	0.00234	0.05855	0.00649	0.00408	0.01021
9	0.01716	0.03983	0.57622	0.02660	0.08744	0.01943	0.06586	0.02626	0.01778	0.02640	0.01508	0.01808	0.01086	0.00780	0.00803	0.00263	0.01218	0.00646	0.00360	0.01229
10	0.03192	0.02272	0.02459	0.01885	0.02549	0.02495	0.01558	0.59336	0.03815	0.08881	0.02071	0.02044	0.01451	0.00999	0.00831	0.00250	0.00902	0.00753	0.00843	0.01413
11	0.02997	0.03783	0.02370	0.02144	0.02536	0.62126	0.01623	0.03209	0.02265	0.02030	0.01268	0.01524	0.01072	0.00905	0.00912	0.00226	0.07076	0.00551	0.00423	0.00959
12	0.01298	0.00930	0.01282	0.01410	0.01602	0.00913	0.01201	0.01683	0.02021	0.02696	0.19496	0.08585	0.05540	0.02147	0.01106	0.00352	0.00672	0.45494	0.00802	0.00770
13	0.02573	0.03103	0.02987	0.06262	0.07260	0.38883	0.14606	0.02923	0.02088	0.02212	0.01376	0.01765	0.01131	0.00877	0.01016	0.00249	0.08585	0.00674	0.00415	0.01012
14	0.01755	0.15030	0.56545	0.02216	0.03361	0.02147	0.02805	0.02608	0.01743	0.02523	0.01437	0.01686	0.01055	0.00777	0.00748	0.00249	0.01173	0.00587	0.00352	0.01202
15	0.01012	0.00723	0.00964	0.01157	0.01205	0.00675	0.00771	0.01157	0.01591	0.02121	0.04579	0.70262	0.05495	0.02603	0.01060	0.00337	0.00482	0.02362	0.00771	0.00675
16	0.01723	0.01477	0.01723	0.01230	0.01969	0.01107	0.00984	0.02092	0.01723	0.02707	0.01477	0.01723	0.01230	0.00615	0.00615	0.00123	0.00615	0.00492	0.00492	0.75883
17	0.01694	0.07626	0.63413	0.02321	0.03523	0.01997	0.02988	0.02624	0.01751	0.02597	0.01474	0.01733	0.01053	0.00785	0.00777	0.00259	0.01211	0.00605	0.00351	0.01220
18	0.02072	0.02252	0.02158	0.04947	0.11958	0.25054	0.01588	0.02370	0.01792	0.02100	0.01664	0.02287	0.01481	0.02860	0.25448	0.00646	0.07249	0.00721	0.00424	0.00930
19	0.00982	0.00842	0.00842	0.00842	0.01122	0.00701	0.00631	0.01192	0.01894	0.02244	0.08416	0.07995	0.65285	0.02104	0.00982	0.00281	0.00421	0.01753	0.00771	0.00701
20	0.02000	0.01917	0.03271	0.12381	0.58775	0.01959	0.02522	0.02501	0.01865	0.02646	0.01553	0.02074	0.01292	0.00751	0.00823	0.00250	0.01001	0.00740	0.00406	0.01271
21	0.02930	0.17406	0.02769	0.01976	0.02481	0.49186	0.01566	0.08049	0.02348	0.02281	0.01317	0.01506	0.01097	0.00838	0.00712	0.00210	0.01327	0.00534	0.00447	0.01021
22	0.01666	0.04297	0.66500	0.02368	0.03596	0.01929	0.03069	0.02631	0.01754	0.02631	0.01491	0.01754	0.01052	0.00789	0.00789	0.00263	0.01228	0.00614	0.00351	0.01228
23	0.01187	0.00890	0.01335	0.01335	0.01483	0.01038	0.01038	0.01483	0.01335	0.01928	0.02225	0.03264	0.02077	0.06231	0.67512	0.01335	0.02225	0.00890	0.00445	0.00742
24	0.01111	0.00847	0.01021	0.00978	0.01202	0.00756	0.00733	0.01443	0.02199	0.02970	0.46336	0.06800	0.26912	0.01833	0.00980	0.00268	0.00402	0.01586	0.00867	0.00756
25	0.03158	0.02327	0.02493	0.01911	0.02576	0.02576	0.01579	0.62852	0.03906	0.05236	0.01995	0.01995	0.01413	0.00997	0.00831	0.00249	0.00914	0.00748	0.00831	0.01413
26	0.01187	0.00890	0.01335	0.01335	0.01483	0.01038	0.01038	0.01483	0.01335	0.01928	0.02225	0.03264	0.02077	0.06231	0.67512	0.01335	0.02225	0.00890	0.00445	0.00742
27	0.01012	0.00723	0.00964	0.01157	0.01205	0.00675	0.00771	0.01157	0.01591	0.02121	0.04579	0.70262	0.05495	0.02603	0.01060	0.00337	0.00482	0.02362	0.00771	0.00675
28	0.01601	0.00976	0.01117	0.01046	0.01203	0.01117	0.00820	0.01948	0.01651	0.02885	0.02397	0.02850	0.01928	0.01062	0.00996	0.00226	0.13713	0.00765	0.60900	0.00800
29	0.03158	0.02327	0.02493	0.01911	0.02576	0.02576	0.01579	0.62852	0.03906	0.05236	0.01995	0.01995	0.01413	0.00997	0.00831	0.00249	0.00914	0.00748	0.00831	0.01413
30	0.01723	0.01477	0.01723	0.01230	0.01969	0.01107	0.00984	0.02092	0.01723	0.02707	0.01477	0.01723	0.01230	0.00615	0.00615	0.00123	0.00615	0.00492	0.00492	0.75883
31	0.01012	0.00723	0.00964	0.01157	0.01205	0.00675	0.00771	0.01157	0.01591	0.02121	0.04579	0.70262	0.05495	0.02603	0.01060	0.00337	0.00482	0.02362	0.00771	0.00675
32	0.02056	0.01974	0.03372	0.05099	0.65622	0.01974	0.02550	0.02550	0.01892	0.02714	0.01563	0.02056	0.01316	0.00740	0.00822	0.00247	0.00987	0.00740	0.00411	0.01316
33	0.01569	0.01477	0.02492	0.68808	0.05722	0.01846	0.02307	0.02123	0.01661	0.02123	0.01477	0.02215	0.01107	0.00831	0.00831	0.00277	0.01107	0.00738	0.00369	0.00923
34	0.03158	0.02327	0.02493	0.01911	0.02576	0.02576	0.01579	0.62852	0.03906	0.05236	0.01995	0.01995	0.01413	0.00997	0.00831	0.00249	0.00914	0.00748	0.00831	0.01413
35	0.01666	0.04297	0.66500	0.02368	0.03596	0.01929	0.03069	0.02631	0.01754	0.02631	0.01491	0.01754	0.01052	0.00789	0.00789	0.00263	0.01228	0.00614	0.00351	0.01228
36	0.01569	0.01477	0.02492	0.68808	0.05722	0.01846	0.02307	0.02123	0.01661	0.02123	0.01477	0.02215	0.01107	0.00831	0.00831	0.00277	0.01107	0.00738	0.00369	0.00923
37	0.01012	0.00723	0.00964	0.01157	0.01205	0.00675	0.00771	0.01157	0.01591	0.02121	0.04579	0.70262	0.05495	0.02603	0.01060	0.00337	0.00482	0.02362	0.00771	0.00675
38	0.00982	0.00842	0.00842	0.00842	0.01122	0.00701	0.00631	0.01192	0.01894	0.02244	0.08416	0.07995	0.65285	0.02104	0.00982	0.00281	0.00421	0.01753	0.00771	0.00701
39	0.02056	0.01974	0.03372	0.05099	0.65622	0.01974	0.02550	0.02550	0.01892	0.02714	0.01563	0.02056	0.01316	0.00740	0.00822	0.00247	0.00987	0.00740	0.00411	0.01316
40	0.03043	0.02270	0.02428	0.01888	0.02532	0.02522	0.01551	0.56677	0.10269	0.05050	0.02141	0.02111	0.01531	0.01011	0.00833	0.00253	0.00887	0.00768	0.00833	0.01402
41	0.01953	0.01869	0.03186	0.18549	0.52976	0.01947	0.02498	0.02459	0.01843	0.02589	0.01544	0.02090	0.01272	0.00759	0.00824	0.00253	0.01012	0.00740	0.00402	0.01233
42	0.00982	0.00842	0.00842	0.00842	0.01122	0.00701	0.00631	0.01192	0.01894	0.02244	0.08416	0.07995	0.65285	0.02104	0.00982	0.00281	0.00421	0.01753	0.00771	0.00701
43	0.03103	0.03959	0.02354	0.02140	0.02568	0.67469	0.01605	0.03317	0.02354	0.02033	0.01284	0.01498	0.01070	0.00856	0.00749	0.00214	0.01498	0.00535	0.00428	0.00963
44	0.02056	0.01974	0.03372	0.05099	0.65622	0.01974	0.02550	0.02550	0.01892	0.02714	0.01563	0.02056	0.01316	0.00740	0.00822	0.00247	0.00987	0.00740	0.00411	0.01316
45	0.01339	0.00956	0.01339	0.01530	0.01721	0.00956	0.01339	0.01721	0.01912	0.02486	0.04399	0.09371	0.04781	0.02295	0.01147	0.00382	0.00765	0.60031	0.00765	0.00765
46	0.01012	0.00723	0.00964	0.01157	0.01205	0.00675	0.00771	0.01157	0.01591	0.02121	0.04579	0.70262	0.05495	0.02603	0.01060	0.00337	0.00482	0.02362	0.00771	0.00675
47	0.03018	0.03817	0.02367	0.02143	0.02543	0.63159	0.01619	0.03230	0.02282	0.02031	0.01271	0.01519	0.01071	0.00896	0.00880	0.00224	0.05999	0.00548	0.00424	0.00959
48	0.01861	0.03885	0.55954	0.02391	0.03538	0.01886	0.07974	0.02750	0.01823	0.07864	0.01654	0.01884	0.01153	0.00801	0.00809	0.00264	0.01200	0.00663	0.00412	0.01234
49	0.03044	0.03847	0.02412	0.02307	0.06123	0.63777	0.01658	0.03274	0.02328	0.02072	0.01300	0.01530	0.01084	0.00850	0.00753	0.00216	0.01469	0.00547	0.00427	0.00983
50	0.01522	0.00995	0.01223	0.01231	0.04870	0.00875	0.00870	0.01814	0.02092	0.12550	0.22532	0.06378	0.36401	0.01751	0.00950	0.00270	0.00489	0.01486	0.00830	0.00869
51	0.18194	0.03704	0.52115	0.02087	0.03157	0.01915	0.02591	0.02589	0.01679	0.02872	0.01417	0.01665	0.01019	0.00785	0.00729	0.00262	0.01099	0.00578	0.00387	0.01155
52	0.02285	0.02579	0.03580	0.02722	0.03369	0.20193	0.34063	0.07662	0.02249	0.02714	0.05441	0.02523	0.04815	0.00894	0.00904	0.00258	0.01283	0.00905	0.00501	0.01061
53	0.01223	0.01934	0.22698	0.01495	0.01982	0.01097	0.01506	0.01653	0.01706	0.02315	0.04327	0.34959	0.16077	0.01900	0.00955	0.00301	0.00717	0.01659	0.00632	0.00864
54	0.02024	0.01941	0.03314	0.09329	0.61645	0.01965	0.02533	0.02521	0.01876	0.02675	0.01557	0.02067	0.01302	0.00746	0.00823	0.00249	0.00995	0.00740	0.00408	0.01290
55	0.02287	0.02697	0.04067	0.03254	0.08891	0.20286	0.40683	0.02835	0.02065	0.02491	0.01561	0.02019	0.01212	0.00747	0.00903	0.00259	0.01394	0.00837	0.00422	0.01093
56	0.01932	0.03346	0.44995	0.02058	0.03032	0.01766	0.02430	0.06149	0.05410	0.09583	0.09203	0.02470	0.02047	0.00950	0.00822	0.00262	0.01027	0.00766	0.00541	0.01211
57	0.02367	0.02723	0.03516	0.03205	0.15254	0.23777	0.25861	0.03002	0.07194	0.02530	0.01666	0.02030	0.01313	0.00795	0.00862	0.00252	0.01293	0.00783	0.00456	0.01121
58	0.01750	0.01513	0.07011	0.01517	0.01871	0.01362	0.01289	0.18237	0.02309	0.03144	0.03465	0.29563	0.03661	0.01852	0.00964	0.00308	0.00714	0.13308	0.05214	0.00947
59	0.08363	0.09777	0.23922	0.07396	0.10253	0.01974	0.02121	0.02784	0.01813	0.15386	0.01762	0.01969	0.01282	0.00882	0.00921	0.00260	0.06783	0.00661	0.00511	0.01181
60	0.29935	0.02398	0.10464	0.06257	0.05157	0.08989	0.01604	0.17207	0.04921	0.03608	0.01551	0.01737	0.01164	0.00855	0.00700	0.00253	0.00922	0.00605	0.00560	0.01110
61	0.07406	0.02353	0.01941	0.01744	0.02197	0.21996	0.01364	0.08056	0.25157	0.06468	0.02779	0.03120	0.04776	0.01143	0.00823	0.00264	0.00936	0.05660	0.00694	0.01120
62	0.02269	0.13778	0.26702	0.02563	0.13429	0.09202	0.02274	0.14812	0.02264	0.03003	0.01531	0.01761	0.01173	0.00818	0.00760	0.00239	0.01101	0.00628	0.00467	0.01227

[dist]
# distance from previous block
# <min> <max>
6	41

[block]
# block no. 13 follows, 22 sequences, length 143
# corresponding to MSA columns:
# 402-544
name=unknown_N
#
# <colnr> <probs for GDERKNQSTAVLIFYWHMCP>
#	G	D	E	R	K	N	Q	S	T	A	V	L	I	F	Y	W	H	M	C	P
0	0.01880	0.08335	0.05278	0.01400	0.01824	0.01579	0.01203	0.15690	0.02206	0.05722	0.07871	0.03463	0.09698	0.02632	0.19781	0.00552	0.01142	0.00936	0.07826	0.00982
1	0.06451	0.02395	0.02099	0.02074	0.08400	0.22980	0.01452	0.19617	0.02516	0.03123	0.02299	0.18222	0.02247	0.01300	0.00842	0.00259	0.00991	0.01051	0.00628	0.01053
2	0.20831	0.05998	0.04750	0.01708	0.02255	0.21000	0.01406	0.11343	0.13858	0.06513	0.01848	0.01901	0.01400	0.00904	0.00716	0.00244	0.00969	0.00633	0.00606	0.01114
3	0.05825	0.01900	0.01463	0.01394	0.01712	0.20696	0.01040	0.05000	0.05033	0.02440	0.04613	0.17380	0.25024	0.01660	0.00889	0.00269	0.00799	0.01354	0.00662	0.00848
4	0.09229	0.28404	0.12571	0.01665	0.02395	0.02594	0.01632	0.22669	0.02417	0.03371	0.01562	0.01704	0.01216	0.00836	0.00672	0.00222	0.00901	0.00588	0.04173	0.01177
5	0.06301	0.22005	0.03111	0.09000	0.17587	0.02481	0.01773	0.16342	0.08223	0.03136	0.01687	0.01911	0.01340	0.00838	0.00727	0.00234	0.00904	0.00660	0.00533	0.01205
6	0.02770	0.02845	0.02187	0.01882	0.02357	0.32757	0.01464	0.22764	0.05748	0.03230	0.05206	0.02384	0.04764	0.01306	0.04377	0.00295	0.01196	0.00751	0.00623	0.01095
7	0.02183	0.06407	0.32820	0.02510	0.06442	0.05357	0.11449	0.17139	0.02335	0.03206	0.01619	0.01868	0.01185	0.00823	0.00816	0.00255	0.01164	0.00696	0.00484	0.01240
8	0.01673	0.01643	0.08178	0.01577	0.02086	0.01385	0.06826	0.11902	0.02088	0.02895	0.05781	0.06469	0.14048	0.02202	0.13578	0.00451	0.01042	0.01039	0.04026	0.11108
9	0.01656	0.00975	0.01185	0.01104	0.01429	0.00855	0.00868	0.01938	0.02069	0.16456	0.16768	0.09432	0.32235	0.01839	0.00970	0.00285	0.00517	0.07688	0.00852	0.00877
10	0.01842	0.02046	0.06503	0.02491	0.02747	0.02411	0.15674	0.02183	0.01454	0.02183	0.01246	0.01910	0.01127	0.01247	0.02227	0.00339	0.50242	0.00778	0.00376	0.00974
11	0.01763	0.01038	0.01114	0.01019	0.01265	0.01112	0.00794	0.10171	0.01995	0.03283	0.02516	0.02896	0.01982	0.01232	0.03734	0.00260	0.03727	0.00774	0.58458	0.00866
12	0.02221	0.71304	0.04353	0.01421	0.02132	0.03287	0.01421	0.02488	0.01688	0.01955	0.01155	0.01333	0.01066	0.00711	0.00533	0.00178	0.00888	0.00444	0.00355	0.01066
13	0.01208	0.00805	0.00906	0.00906	0.00906	0.00805	0.00503	0.01208	0.01208	0.01611	0.02618	0.05436	0.03020	0.70804	0.04228	0.00805	0.00805	0.01208	0.00503	0.00503
14	0.01386	0.02445	0.29373	0.01933	0.08772	0.01360	0.01877	0.01950	0.01833	0.02459	0.04734	0.04701	0.31095	0.01399	0.00883	0.00270	0.00826	0.01159	0.00554	0.00991
15	0.01723	0.01477	0.01723	0.01230	0.01969	0.01107	0.00984	0.02092	0.01723	0.02707	0.01477	0.01723	0.01230	0.00615	0.00615	0.00123	0.00615	0.00492	0.00492	0.75883
16	0.01666	0.04297	0.66500	0.02368	0.03596	0.01929	0.03069	0.02631	0.01754	0.02631	0.01491	0.01754	0.01052	0.00789	0.00789	0.00263	0.01228	0.00614	0.00351	0.01228
17	0.01792	0.19497	0.52403	0.02153	0.03264	0.02237	0.02696	0.02598	0.01739	0.02477	0.01415	0.01658	0.01055	0.00771	0.00731	0.00244	0.01151	0.00575	0.00352	0.01191
18	0.01666	0.04297	0.66500	0.02368	0.03596	0.01929	0.03069	0.02631	0.01754	0.02631	0.01491	0.01754	0.01052	0.00789	0.00789	0.00263	0.01228	0.00614	0.00351	0.01228
19	0.01666	0.04297	0.66500	0.02368	0.03596	0.01929	0.03069	0.02631	0.01754	0.02631	0.01491	0.01754	0.01052	0.00789	0.00789	0.00263	0.01228	0.00614	0.00351	0.01228
20	0.02009	0.01926	0.03287	0.11223	0.59864	0.01962	0.02526	0.02509	0.01869	0.02657	0.01554	0.02071	0.01296	0.00749	0.00823	0.00250	0.00999	0.00740	0.00407	0.01278
21	0.01549	0.00774	0.00774	0.00774	0.00968	0.00774	0.00581	0.01936	0.01742	0.03097	0.02710	0.03097	0.02129	0.00968	0.00581	0.00194	0.00387	0.00774	0.75416	0.00774
22	0.01443	0.00722	0.01082	0.01082	0.01082	0.00722	0.00722	0.01082	0.01082	0.01443	0.01443	0.02525	0.01443	0.02886	0.03247	0.75830	0.00722	0.00722	0.00361	0.00361
23	0.02221	0.71304	0.04353	0.01421	0.02132	0.03287	0.01421	0.02488	0.01688	0.01955	0.01155	0.01333	0.01066	0.00711	0.00533	0.00178	0.00888	0.00444	0.00355	0.01066
24	0.02074	0.45479	0.25325	0.01775	0.02648	0.05795	0.01988	0.02575	0.01741	0.02187	0.01275	0.01483	0.01062	0.00744	0.00630	0.00208	0.01032	0.00506	0.00357	0.01116
25	0.01194	0.00861	0.01190	0.01190	0.01288	0.00959	0.00857	0.01390	0.01292	0.01821	0.02358	0.04000	0.02397	0.28117	0.46063	0.01156	0.01744	0.00998	0.00465	0.00661
26	0.01187	0.00890	0.01335	0.01335	0.01483	0.01038	0.01038	0.01483	0.01335	0.01928	0.02225	0.03264	0.02077	0.06231	0.67512	0.01335	0.02225	0.00890	0.00445	0.00742
27	0.02066	0.01785	0.01878	0.01691	0.02160	0.02066	0.01315	0.04414	0.64121	0.03475	0.03381	0.03099	0.02536	0.01127	0.00845	0.00282	0.00657	0.00939	0.00845	0.01315
28	0.01961	0.02241	0.04902	0.03501	0.04342	0.02101	0.62605	0.02661	0.01961	0.02661	0.01681	0.02241	0.01261	0.00700	0.00980	0.00280	0.01401	0.00980	0.00420	0.01120
