[name]
unknown

[dist]
# distance from previous block
# <min> <max>
0	102

[block]
# block no. 0 follows, 22 sequences, length 77
# corresponding to MSA columns:
# 102-178
name=unknown_A
#
# <colnr> <probs for GDERKNQSTAVLIFYWHMCP>
#	G	D	E	R	K	N	Q	S	T	A	V	L	I	F	Y	W	H	M	C	P
0	0.05046	0.01908	0.04720	0.20596	0.15878	0.09341	0.01920	0.02581	0.09584	0.02562	0.02300	0.03636	0.02072	0.01151	0.00872	0.00285	0.00987	0.12997	0.00531	0.01033
1	0.08098	0.01579	0.02411	0.48076	0.11679	0.01887	0.02099	0.02464	0.08921	0.02483	0.01680	0.02226	0.01279	0.00850	0.00804	0.00272	0.01002	0.00737	0.00442	0.01011
2	0.05184	0.02749	0.23355	0.10130	0.13963	0.04841	0.04945	0.07892	0.13170	0.02978	0.01868	0.02112	0.01403	0.00862	0.00808	0.00262	0.01039	0.00725	0.00505	0.01209
3	0.01997	0.02019	0.03061	0.25092	0.37641	0.08275	0.05073	0.02492	0.01866	0.02457	0.01513	0.02061	0.01223	0.00778	0.00825	0.00255	0.01093	0.00731	0.00400	0.01147
4	0.01004	0.00842	0.00873	0.00865	0.01136	0.00711	0.00649	0.01236	0.01947	0.02370	0.15010	0.07787	0.58612	0.02057	0.00982	0.00278	0.00417	0.01724	0.00788	0.00711
5	0.01012	0.00723	0.00964	0.01157	0.01205	0.00675	0.00771	0.01157	0.01591	0.02121	0.04579	0.70262	0.05495	0.02603	0.01060	0.00337	0.00482	0.02362	0.00771	0.00675
6	0.01010	0.00733	0.00953	0.01130	0.01198	0.00677	0.00759	0.01160	0.01616	0.02131	0.04908	0.64925	0.10619	0.02560	0.01054	0.00333	0.00477	0.02310	0.00771	0.00677
7	0.02069	0.01136	0.01428	0.01339	0.01663	0.01094	0.01005	0.02657	0.12750	0.22999	0.04121	0.34080	0.06527	0.01816	0.00947	0.00299	0.00582	0.01595	0.00867	0.01025
8	0.01189	0.00880	0.01285	0.01285	0.01416	0.01011	0.00976	0.01451	0.01320	0.01892	0.02271	0.03516	0.02186	0.13731	0.60161	0.01274	0.02060	0.00927	0.00452	0.00714
9	0.76672	0.01607	0.01221	0.01092	0.01607	0.01864	0.00900	0.02442	0.01414	0.03727	0.01157	0.01350	0.00900	0.00771	0.00514	0.00257	0.00643	0.00450	0.00514	0.00900
10	0.03158	0.02327	0.02493	0.01911	0.02576	0.02576	0.01579	0.62852	0.03906	0.05236	0.01995	0.01995	0.01413	0.00997	0.00831	0.00249	0.00914	0.00748	0.00831	0.01413
11	0.01761	0.03635	0.46674	0.02733	0.03836	0.01985	0.22231	0.02641	0.01821	0.02641	0.01552	0.01911	0.01119	0.00761	0.00851	0.00269	0.01283	0.00732	0.00373	0.01193
12	0.01189	0.00881	0.01287	0.01287	0.01419	0.01012	0.00978	0.01452	0.01321	0.01893	0.02269	0.03508	0.02183	0.13491	0.60397	0.01276	0.02066	0.00926	0.00452	0.00715
13	0.76672	0.01607	0.01221	0.01092	0.01607	0.01864	0.00900	0.02442	0.01414	0.03727	0.01157	0.01350	0.00900	0.00771	0.00514	0.00257	0.00643	0.00450	0.00514	0.00900
14	0.02126	0.01911	0.01906	0.01717	0.02184	0.05862	0.01332	0.04351	0.60537	0.03391	0.03260	0.03007	0.02451	0.01111	0.00840	0.00278	0.00706	0.00916	0.00821	0.01295
15	0.03517	0.01751	0.02137	0.01638	0.02289	0.01722	0.01353	0.25771	0.02942	0.43678	0.02804	0.02520	0.01819	0.01017	0.00834	0.00254	0.00783	0.00803	0.00955	0.01413
16	0.01187	0.00890	0.01335	0.01335	0.01483	0.01038	0.01038	0.01483	0.01335	0.01928	0.02225	0.03264	0.02077	0.06231	0.67512	0.01335	0.02225	0.00890	0.00445	0.00742
17	0.02221	0.71304	0.04353	0.01421	0.02132	0.03287	0.01421	0.02488	0.01688	0.01955	0.01155	0.01333	0.01066	0.00711	0.00533	0.00178	0.00888	0.00444	0.00355	0.01066
18	0.01549	0.00774	0.00774	0.00774	0.00968	0.00774	0.00581	0.01936	0.01742	0.03097	0.02710	0.03097	0.02129	0.00968	0.00581	0.00194	0.00387	0.00774	0.75416	0.00774
19	0.10089	0.00958	0.00924	0.00876	0.01133	0.01001	0.00675	0.05528	0.01831	0.03292	0.02494	0.02837	0.01949	0.00947	0.00588	0.00204	0.00446	0.00736	0.62666	0.00825
20	0.01569	0.01477	0.02492	0.68808	0.05722	0.01846	0.02307	0.02123	0.01661	0.02123	0.01477	0.02215	0.01107	0.00831	0.00831	0.00277	0.01107	0.00738	0.00369	0.00923
21	0.02544	0.03125	0.01962	0.01802	0.02187	0.49602	0.01352	0.02766	0.02252	0.02140	0.05830	0.03154	0.15590	0.01171	0.00811	0.00231	0.01208	0.00849	0.00527	0.00897
22	0.01060	0.00844	0.00955	0.00961	0.01199	0.00739	0.00727	0.01327	0.02002	0.02549	0.23373	0.11212	0.42207	0.02035	0.00997	0.00285	0.00439	0.05553	0.00810	0.00726
23	0.01104	0.00781	0.01024	0.01122	0.01177	0.00787	0.00750	0.01239	0.01428	0.01935	0.03529	0.37813	0.04078	0.22902	0.15724	0.00678	0.00936	0.01726	0.00627	0.00640
24	0.01189	0.00880	0.01285	0.01285	0.01416	0.01011	0.00976	0.01451	0.01320	0.01892	0.02271	0.03516	0.02186	0.13731	0.60161	0.01274	0.02060	0.00927	0.00452	0.00714
25	0.01666	0.04297	0.66500	0.02368	0.03596	0.01929	0.03069	0.02631	0.01754	0.02631	0.01491	0.01754	0.01052	0.00789	0.00789	0.00263	0.01228	0.00614	0.00351	0.01228
26	0.01012	0.00723	0.00964	0.01157	0.01205	0.00675	0.00771	0.01157	0.01591	0.02121	0.04579	0.70262	0.05495	0.02603	0.01060	0.00337	0.00482	0.02362	0.00771	0.00675
27	0.01247	0.00871	0.01242	0.01242	0.01398	0.00994	0.00962	0.01559	0.01403	0.02123	0.02306	0.03236	0.02086	0.05354	0.56369	0.01145	0.01919	0.00871	0.12926	0.00747
28	0.01886	0.01724	0.02124	0.23403	0.06052	0.04745	0.01665	0.03183	0.29183	0.02819	0.02420	0.02782	0.01896	0.00990	0.00821	0.00262	0.00853	0.03044	0.00612	0.09536
29	0.02784	0.02677	0.02465	0.02051	0.02468	0.21888	0.01650	0.28903	0.02742	0.03419	0.01542	0.01800	0.01225	0.01077	0.01312	0.00269	0.19316	0.00679	0.00586	0.01145
30	0.01208	0.00805	0.00906	0.00906	0.00906	0.00805	0.00503	0.01208	0.01208	0.01611	0.02618	0.05436	0.03020	0.70804	0.04228	0.00805	0.00805	0.01208	0.00503	0.00503
31	0.02245	0.38842	0.03467	0.01773	0.02220	0.13755	0.01573	0.02477	0.01672	0.01981	0.01157	0.01508	0.01074	0.00962	0.01239	0.00241	0.21897	0.00546	0.00370	0.01001
32	0.01054	0.00849	0.00941	0.00931	0.01183	0.00736	0.00707	0.01324	0.02026	0.02567	0.24537	0.07543	0.46077	0.01996	0.00989	0.00280	0.00428	0.04293	0.00812	0.00728
33	0.02139	0.57091	0.03983	0.01577	0.02142	0.03135	0.01502	0.02388	0.01603	0.01964	0.01142	0.01432	0.01071	0.00863	0.00982	0.00216	0.14878	0.00502	0.00357	0.01034
34	0.01208	0.00805	0.00906	0.00906	0.00906	0.00805	0.00503	0.01208	0.01208	0.01611	0.02618	0.05436	0.03020	0.70804	0.04228	0.00805	0.00805	0.01208	0.00503	0.00503
35	0.01178	0.00804	0.00968	0.00995	0.01021	0.00816	0.00608	0.01235	0.01278	0.01723	0.02847	0.14361	0.03253	0.53068	0.11680	0.00805	0.00937	0.01332	0.00534	0.00557
36	0.02236	0.01378	0.01461	0.01226	0.01613	0.01463	0.00978	0.24691	0.02573	0.06470	0.02467	0.02676	0.01860	0.00981	0.00684	0.00217	0.00596	0.00767	0.44622	0.01038
37	0.01030	0.00736	0.00984	0.01177	0.01233	0.00690	0.00802	0.01187	0.01608	0.02140	0.04569	0.66962	0.05456	0.02586	0.01065	0.00340	0.00497	0.05487	0.00771	0.00680
38	0.03045	0.08388	0.02486	0.02093	0.02540	0.63248	0.01593	0.03263	0.02310	0.02028	0.01276	0.01487	0.01070	0.00847	0.00735	0.00212	0.01458	0.00529	0.00423	0.00970
39	0.02176	0.58499	0.13486	0.01592	0.02368	0.05817	0.01674	0.02544	0.01726	0.02058	0.01210	0.01402	0.01064	0.00729	0.00580	0.00192	0.00965	0.00473	0.00358	0.01086
40	0.01072	0.00845	0.00967	0.00936	0.01177	0.00740	0.00702	0.01367	0.02107	0.02750	0.34838	0.07162	0.38547	0.01915	0.00981	0.00272	0.00407	0.01637	0.00838	0.00740
41	0.03023	0.03826	0.02366	0.02143	0.02544	0.63413	0.01618	0.03235	0.02287	0.02031	0.01272	0.01518	0.01071	0.00893	0.00873	0.00223	0.05733	0.00547	0.00424	0.00960
42	0.01019	0.00783	0.00933	0.01023	0.01177	0.00697	0.00719	0.01217	0.01793	0.02304	0.12874	0.39022	0.28840	0.02308	0.01021	0.00307	0.00448	0.02030	0.00787	0.00697
43	0.01347	0.01026	0.01296	0.01406	0.01647	0.01028	0.01190	0.01914	0.08903	0.02547	0.05116	0.08381	0.17053	0.02124	0.01079	0.00350	0.00682	0.41323	0.00775	0.00814
44	0.02807	0.02282	0.02596	0.02551	0.15424	0.05912	0.01749	0.40721	0.10180	0.04348	0.02024	0.02104	0.01501	0.00952	0.00826	0.00251	0.00932	0.00756	0.00725	0.01358
45	0.01129	0.00772	0.00929	0.01007	0.01026	0.00753	0.00611	0.01187	0.01362	0.01815	0.03405	0.31458	0.04013	0.43427	0.02957	0.00618	0.00676	0.01671	0.00611	0.00572
46	0.01365	0.01157	0.01767	0.01610	0.01758	0.01400	0.04739	0.01642	0.01350	0.01965	0.01982	0.03044	0.01885	0.09155	0.45908	0.01035	0.16141	0.00882	0.00430	0.00783
47	0.02232	0.02444	0.02767	0.24604	0.26415	0.22693	0.02172	0.02656	0.01964	0.02308	0.01447	0.01930	0.01171	0.00806	0.00802	0.00246	0.01188	0.00675	0.00403	0.01078
48	0.01187	0.00890	0.01335	0.01335	0.01483	0.01038	0.01038	0.01483	0.01335	0.01928	0.02225	0.03264	0.02077	0.06231	0.67512	0.01335	0.02225	0.00890	0.00445	0.00742
49	0.01764	0.15240	0.53559	0.02204	0.03295	0.02179	0.02745	0.02581	0.01723	0.02493	0.01419	0.01687	0.01056	0.00804	0.00829	0.00253	0.04039	0.00591	0.00352	0.01188
50	0.03103	0.03959	0.02354	0.02140	0.02568	0.67469	0.01605	0.03317	0.02354	0.02033	0.01284	0.01498	0.01070	0.00856	0.00749	0.00214	0.01498	0.00535	0.00428	0.00963
51	0.01079	0.00845	0.00976	0.00943	0.01182	0.00743	0.00708	0.01380	0.02123	0.02788	0.36803	0.07100	0.36558	0.01901	0.00981	0.00271	0.00406	0.01628	0.00843	0.00743
52	0.01014	0.00843	0.00886	0.00875	0.01142	0.00715	0.00656	0.01254	0.01969	0.02423	0.17775	0.07700	0.55814	0.02037	0.00982	0.00277	0.00416	0.01712	0.00795	0.00715
53	0.01023	0.00849	0.00903	0.00934	0.01193	0.00729	0.00717	0.01250	0.01882	0.02266	0.07786	0.11042	0.55705	0.02149	0.01004	0.00295	0.00462	0.08334	0.00771	0.00707
54	0.00982	0.00842	0.00842	0.00842	0.01122	0.00701	0.00631	0.01192	0.01894	0.02244	0.08416	0.07995	0.65285	0.02104	0.00982	0.00281	0.00421	0.01753	0.00771	0.00701
55	0.01176	0.00849	0.01110	0.01045	0.01241	0.00784	0.00784	0.01568	0.02352	0.03331	0.65184	0.06206	0.07839	0.01698	0.00980	0.00261	0.00392	0.01502	0.00914	0.00784
56	0.03158	0.02327	0.02493	0.01911	0.02576	0.02576	0.01579	0.62852	0.03906	0.05236	0.01995	0.01995	0.01413	0.00997	0.00831	0.00249	0.00914	0.00748	0.00831	0.01413
57	0.02066	0.01785	0.01878	0.01691	0.02160	0.02066	0.01315	0.04414	0.64121	0.03475	0.03381	0.03099	0.02536	0.01127	0.00845	0.00282	0.00657	0.00939	0.00845	0.01315
58	0.02066	0.01785	0.01878	0.01691	0.02160	0.02066	0.01315	0.04414	0.64121	0.03475	0.03381	0.03099	0.02536	0.01127	0.00845	0.00282	0.00657	0.00939	0.00845	0.01315
59	0.76672	0.01607	0.01221	0.01092	0.01607	0.01864	0.00900	0.02442	0.01414	0.03727	0.01157	0.01350	0.00900	0.00771	0.00514	0.00257	0.00643	0.00450	0.00514	0.00900
60	0.01187	0.00890	0.01335	0.01335	0.01483	0.01038	0.01038	0.01483	0.01335	0.01928	0.02225	0.03264	0.02077	0.06231	0.67512	0.01335	0.02225	0.00890	0.00445	0.00742
61	0.76672	0.01607	0.01221	0.01092	0.01607	0.01864	0.00900	0.02442	0.01414	0.03727	0.01157	0.01350	0.00900	0.00771	0.00514	0.00257	0.00643	0.00450	0.00514	0.00900
62	0.01581	0.00863	0.00889	0.00857	0.01045	0.00877	0.00622	0.05120	0.01773	0.02974	0.02656	0.03414	0.02234	0.12212	0.01181	0.00295	0.00483	0.00843	0.59315	0.00765
63	0.01364	0.01020	0.01361	0.01240	0.01539	0.01023	0.00968	0.01690	0.01481	0.02265	0.02101	0.02863	0.01875	0.04193	0.42710	0.00895	0.01600	0.00778	0.09755	0.19281
64	0.02203	0.01674	0.01852	0.01569	0.02116	0.01762	0.01235	0.03888	0.43496	0.11147	0.02974	0.02781	0.02206	0.01009	0.00796	0.00246	0.00655	0.00834	0.00795	0.16763
65	0.02112	0.02318	0.02630	0.02243	0.02384	0.16988	0.05064	0.02329	0.01551	0.02043	0.01166	0.01769	0.01095	0.01280	0.02191	0.00326	0.50500	0.00698	0.00381	0.00932
66	0.02963	0.14659	0.02672	0.02026	0.02499	0.57272	0.01576	0.03185	0.02248	0.02021	0.01264	0.01472	0.01069	0.00833	0.00715	0.00208	0.01401	0.00521	0.00416	0.00979
67	0.01316	0.00949	0.01308	0.01487	0.01684	0.00940	0.01294	0.01688	0.01911	0.02471	0.04650	0.09285	0.08561	0.02283	0.01137	0.00376	0.00743	0.56389	0.00765	0.00761
68	0.03158	0.02327	0.02493	0.01911	0.02576	0.02576	0.01579	0.62852	0.03906	0.05236	0.01995	0.01995	0.01413	0.00997	0.00831	0.00249	0.00914	0.00748	0.00831	0.01413
69	0.02012	0.02195	0.08839	0.04525	0.50133	0.01990	0.09888	0.02651	0.04576	0.02733	0.01650	0.02098	0.01340	0.00756	0.00840	0.00254	0.01044	0.00767	0.00426	0.01284
70	0.01208	0.00805	0.00906	0.00906	0.00906	0.00805	0.00503	0.01208	0.01208	0.01611	0.02618	0.05436	0.03020	0.70804	0.04228	0.00805	0.00805	0.01208	0.00503	0.00503
71	0.01443	0.00722	0.01082	0.01082	0.01082	0.00722	0.00722	0.01082	0.01082	0.01443	0.01443	0.02525	0.01443	0.02886	0.03247	0.75830	0.00722	0.00722	0.00361	0.00361
72	0.01136	0.01093	0.04573	0.01408	0.03950	0.00891	0.04970	0.01396	0.01744	0.02249	0.05506	0.37216	0.26466	0.02135	0.01004	0.00306	0.00577	0.01901	0.00713	0.00766
73	0.06303	0.12563	0.02417	0.01639	0.02246	0.15266	0.01358	0.10429	0.02407	0.33761	0.02314	0.02173	0.01583	0.00931	0.00759	0.00235	0.00917	0.00689	0.00760	0.01248
74	0.01072	0.00774	0.01026	0.01196	0.01288	0.00728	0.00858	0.01270	0.01695	0.02241	0.07389	0.53747	0.08947	0.02483	0.01067	0.00338	0.00522	0.11887	0.00776	0.00696
75	0.01795	0.06324	0.02658	0.02113	0.02208	0.02443	0.04300	0.02014	0.01334	0.02018	0.01219	0.01930	0.01182	0.01791	0.08179	0.00433	0.56039	0.00733	0.00373	0.00913
76	0.02308	0.02527	0.02886	0.15485	0.34582	0.23116	0.02201	0.02722	0.02000	0.02389	0.01457	0.01904	0.01199	0.00794	0.00800	0.00242	0.01174	0.00674	0.00409	0.01132

[dist]
# distance from previous block
# <min> <max>
0	1

[block]
# block no. 1 follows, 22 sequences, length 96
# corresponding to MSA columns:
# 180-275
name=unknown_B
#
# <colnr> <probs for GDERKNQSTAVLIFYWHMCP>
#	G	D	E	R	K	N	Q	S	T	A	V	L	I	F	Y	W	H	M	C	P
0	0.02968	0.06819	0.02537	0.02377	0.08282	0.58616	0.01683	0.03210	0.02282	0.02092	0.01304	0.01541	0.01092	0.00839	0.00746	0.00215	0.01424	0.00550	0.00423	0.01000
1	0.01534	0.01478	0.01336	0.01325	0.01532	0.14713	0.00978	0.01788	0.01962	0.02422	0.20526	0.19140	0.10855	0.05376	0.07940	0.00411	0.00871	0.04351	0.00693	0.00771
2	0.01228	0.01058	0.01452	0.22770	0.02675	0.01104	0.01260	0.01585	0.01868	0.02343	0.11622	0.06098	0.32398	0.01673	0.00950	0.00288	0.00674	0.07511	0.00656	0.00788
3	0.01198	0.00801	0.00909	0.00918	0.00921	0.00799	0.00517	0.01206	0.01227	0.01636	0.02714	0.08638	0.03142	0.67436	0.04072	0.00782	0.00789	0.01265	0.00517	0.00512
4	0.01582	0.17148	0.02328	0.01569	0.01807	0.01931	0.01322	0.01842	0.01400	0.01952	0.01695	0.02459	0.01598	0.03767	0.35897	0.00826	0.18868	0.00747	0.00404	0.00858
5	0.01909	0.21740	0.47159	0.02078	0.03142	0.02252	0.02550	0.02660	0.01766	0.05443	0.01487	0.01694	0.01103	0.00780	0.00724	0.00240	0.01114	0.00580	0.00384	0.01194
6	0.22770	0.21485	0.02560	0.01632	0.02163	0.28072	0.01345	0.02924	0.05832	0.02563	0.01347	0.01514	0.01116	0.00811	0.00633	0.00220	0.01047	0.00513	0.00458	0.00996
7	0.01407	0.01139	0.01305	0.01323	0.01623	0.01165	0.01075	0.02260	0.18793	0.02667	0.05582	0.07168	0.26161	0.01908	0.01005	0.00318	0.00611	0.22809	0.00789	0.00891
8	0.01482	0.01296	0.01786	0.02116	0.14288	0.05424	0.01351	0.01799	0.01505	0.02077	0.02051	0.03009	0.01904	0.07704	0.47164	0.01024	0.01869	0.00852	0.00440	0.00859
9	0.01208	0.00805	0.00906	0.00906	0.00906	0.00805	0.00503	0.01208	0.01208	0.01611	0.02618	0.05436	0.03020	0.70804	0.04228	0.00805	0.00805	0.01208	0.00503	0.00503
10	0.01818	0.01818	0.02545	0.02181	0.02181	0.02545	0.01818	0.01999	0.01272	0.01999	0.01091	0.01818	0.01091	0.01454	0.02726	0.00364	0.69284	0.00727	0.00364	0.00909
11	0.01009	0.00735	0.00951	0.01124	0.01196	0.00677	0.00757	0.01160	0.01622	0.02133	0.04973	0.63865	0.11638	0.02551	0.01052	0.00332	0.00476	0.02299	0.00771	0.00677
12	0.01208	0.00805	0.00906	0.00906	0.00906	0.00805	0.00503	0.01208	0.01208	0.01611	0.02618	0.05436	0.03020	0.70804	0.04228	0.00805	0.00805	0.01208	0.00503	0.00503
13	0.76672	0.01607	0.01221	0.01092	0.01607	0.01864	0.00900	0.02442	0.01414	0.03727	0.01157	0.01350	0.00900	0.00771	0.00514	0.00257	0.00643	0.00450	0.00514	0.00900
14	0.01012	0.00723	0.00964	0.01157	0.01205	0.00675	0.00771	0.01157	0.01591	0.02121	0.04579	0.70262	0.05495	0.02603	0.01060	0.00337	0.00482	0.02362	0.00771	0.00675
15	0.76672	0.01607	0.01221	0.01092	0.01607	0.01864	0.00900	0.02442	0.01414	0.03727	0.01157	0.01350	0.00900	0.00771	0.00514	0.00257	0.00643	0.00450	0.00514	0.00900
16	0.02221	0.71304	0.04353	0.01421	0.02132	0.03287	0.01421	0.02488	0.01688	0.01955	0.01155	0.01333	0.01066	0.00711	0.00533	0.00178	0.00888	0.00444	0.00355	0.01066
17	0.03158	0.02327	0.02493	0.01911	0.02576	0.02576	0.01579	0.62852	0.03906	0.05236	0.01995	0.01995	0.01413	0.00997	0.00831	0.00249	0.00914	0.00748	0.00831	0.01413
18	0.03316	0.02074	0.02336	0.01791	0.02450	0.02200	0.01480	0.46542	0.03482	0.22144	0.02350	0.02226	0.01591	0.01006	0.00832	0.00251	0.00857	0.00772	0.00886	0.01413
19	0.01187	0.00890	0.01335	0.01335	0.01483	0.01038	0.01038	0.01483	0.01335	0.01928	0.02225	0.03264	0.02077	0.06231	0.67512	0.01335	0.02225	0.00890	0.00445	0.00742
20	0.02163	0.64280	0.10868	0.01521	0.02286	0.03145	0.01594	0.02503	0.01695	0.02025	0.01190	0.01377	0.01065	0.00719	0.00560	0.00187	0.00924	0.00462	0.00355	0.01083
21	0.03103	0.03959	0.02354	0.02140	0.02568	0.67469	0.01605	0.03317	0.02354	0.02033	0.01284	0.01498	0.01070	0.00856	0.00749	0.00214	0.01498	0.00535	0.00428	0.00963
22	0.01187	0.00890	0.01335	0.01335	0.01483	0.01038	0.01038	0.01483	0.01335	0.01928	0.02225	0.03264	0.02077	0.06231	0.67512	0.01335	0.02225	0.00890	0.00445	0.00742
23	0.03103	0.03959	0.02354	0.02140	0.02568	0.67469	0.01605	0.03317	0.02354	0.02033	0.01284	0.01498	0.01070	0.00856	0.00749	0.00214	0.01498	0.00535	0.00428	0.00963
24	0.01540	0.01142	0.01695	0.01415	0.01809	0.01016	0.10525	0.01885	0.02053	0.10651	0.17253	0.06165	0.33177	0.01679	0.00971	0.00279	0.00624	0.04468	0.00776	0.00877
25	0.01165	0.00849	0.01096	0.01034	0.01235	0.00779	0.00776	0.01548	0.02327	0.03273	0.62156	0.06301	0.10903	0.01720	0.00980	0.00262	0.00393	0.01516	0.00907	0.00779
26	0.03727	0.01414	0.01928	0.01478	0.02121	0.01221	0.01221	0.04049	0.02378	0.66198	0.03277	0.02828	0.02056	0.01028	0.00835	0.00257	0.00707	0.00835	0.01028	0.01414
27	0.02056	0.01974	0.03372	0.05099	0.65622	0.01974	0.02550	0.02550	0.01892	0.02714	0.01563	0.02056	0.01316	0.00740	0.00822	0.00247	0.00987	0.00740	0.00411	0.01316
28	0.02056	0.01974	0.03372	0.05099	0.65622	0.01974	0.02550	0.02550	0.01892	0.02714	0.01563	0.02056	0.01316	0.00740	0.00822	0.00247	0.00987	0.00740	0.00411	0.01316
29	0.01012	0.00723	0.00964	0.01157	0.01205	0.00675	0.00771	0.01157	0.01591	0.02121	0.04579	0.70262	0.05495	0.02603	0.01060	0.00337	0.00482	0.02362	0.00771	0.00675
30	0.02025	0.01942	0.03316	0.09137	0.61826	0.01966	0.02534	0.02522	0.01877	0.02677	0.01557	0.02066	0.01303	0.00746	0.00823	0.00249	0.00995	0.00740	0.00409	0.01291
31	0.01954	0.01870	0.03188	0.18403	0.53114	0.01947	0.02499	0.02460	0.01843	0.02591	0.01545	0.02089	0.01272	0.00759	0.00824	0.00253	0.01012	0.00740	0.00402	0.01234
32	0.02056	0.01974	0.03372	0.05099	0.65622	0.01974	0.02550	0.02550	0.01892	0.02714	0.01563	0.02056	0.01316	0.00740	0.00822	0.00247	0.00987	0.00740	0.00411	0.01316
33	0.01012	0.00723	0.00964	0.01157	0.01205	0.00675	0.00771	0.01157	0.01591	0.02121	0.04579	0.70262	0.05495	0.02603	0.01060	0.00337	0.00482	0.02362	0.00771	0.00675
34	0.01832	0.01737	0.02844	0.04210	0.52153	0.01708	0.02149	0.02266	0.01892	0.02616	0.02994	0.03296	0.14674	0.01025	0.00856	0.00254	0.00869	0.00952	0.00486	0.01188
35	0.03158	0.02327	0.02493	0.01911	0.02576	0.02576	0.01579	0.62852	0.03906	0.05236	0.01995	0.01995	0.01413	0.00997	0.00831	0.00249	0.00914	0.00748	0.00831	0.01413
36	0.01008	0.00738	0.00948	0.01117	0.01194	0.00678	0.00753	0.01161	0.01629	0.02136	0.05066	0.62354	0.13089	0.02539	0.01050	0.00330	0.00474	0.02284	0.00771	0.00678
37	0.29710	0.10965	0.02176	0.01676	0.02168	0.36160	0.01328	0.02903	0.01935	0.02639	0.01223	0.01425	0.01008	0.00808	0.00639	0.00225	0.01116	0.00494	0.00451	0.00952
38	0.12713	0.01438	0.01841	0.01431	0.02057	0.01300	0.01181	0.03851	0.02259	0.58502	0.03016	0.02646	0.01914	0.00997	0.00796	0.00257	0.00699	0.00788	0.00965	0.01350
39	0.02971	0.03739	0.02374	0.02144	0.02528	0.60799	0.01627	0.03182	0.02243	0.02030	0.01264	0.01531	0.01072	0.00918	0.00952	0.00229	0.08463	0.00555	0.00421	0.00958
40	0.01016	0.00843	0.00889	0.00877	0.01143	0.00716	0.00658	0.01258	0.01974	0.02435	0.18358	0.07682	0.55224	0.02033	0.00981	0.00277	0.00416	0.01709	0.00796	0.00716
41	0.01396	0.00906	0.01136	0.01045	0.01306	0.00811	0.00796	0.01741	0.02255	0.09554	0.46462	0.06248	0.19753	0.01718	0.00965	0.00265	0.00431	0.01488	0.00895	0.00831
42	0.03103	0.03959	0.02354	0.02140	0.02568	0.67469	0.01605	0.03317	0.02354	0.02033	0.01284	0.01498	0.01070	0.00856	0.00749	0.00214	0.01498	0.00535	0.00428	0.00963
43	0.01187	0.00890	0.01335	0.01335	0.01483	0.01038	0.01038	0.01483	0.01335	0.01928	0.02225	0.03264	0.02077	0.06231	0.67512	0.01335	0.02225	0.00890	0.00445	0.00742
44	0.03062	0.03187	0.02420	0.02049	0.02552	0.37774	0.01605	0.27529	0.02933	0.03337	0.01564	0.01716	0.01211	0.00943	0.00881	0.00236	0.04635	0.00631	0.00589	0.01144
45	0.01012	0.00723	0.00964	0.01157	0.01205	0.00675	0.00771	0.01157	0.01591	0.02121	0.04579	0.70262	0.05495	0.02603	0.01060	0.00337	0.00482	0.02362	0.00771	0.00675
46	0.76672	0.01607	0.01221	0.01092	0.01607	0.01864	0.00900	0.02442	0.01414	0.03727	0.01157	0.01350	0.00900	0.00771	0.00514	0.00257	0.00643	0.00450	0.00514	0.00900
47	0.03103	0.03959	0.02354	0.02140	0.02568	0.67469	0.01605	0.03317	0.02354	0.02033	0.01284	0.01498	0.01070	0.00856	0.00749	0.00214	0.01498	0.00535	0.00428	0.00963
48	0.01187	0.00890	0.01335	0.01335	0.01483	0.01038	0.01038	0.01483	0.01335	0.01928	0.02225	0.03264	0.02077	0.06231	0.67512	0.01335	0.02225	0.00890	0.00445	0.00742
49	0.01961	0.02241	0.04902	0.03501	0.04342	0.02101	0.62605	0.02661	0.01961	0.02661	0.01681	0.02241	0.01261	0.00700	0.00980	0.00280	0.01401	0.00980	0.00420	0.01120
50	0.01818	0.01818	0.02545	0.02181	0.02181	0.02545	0.01818	0.01999	0.01272	0.01999	0.01091	0.01818	0.01091	0.01454	0.02726	0.00364	0.69284	0.00727	0.00364	0.00909
51	0.02106	0.01652	0.01892	0.01383	0.02102	0.01419	0.01118	0.14861	0.02206	0.05875	0.01660	0.01825	0.01303	0.00712	0.00669	0.00155	0.00681	0.00560	0.00585	0.57235
52	0.03158	0.02327	0.02493	0.01911	0.02576	0.02576	0.01579	0.62852	0.03906	0.05236	0.01995	0.01995	0.01413	0.00997	0.00831	0.00249	0.00914	0.00748	0.00831	0.01413
53	0.01339	0.00956	0.01339	0.01530	0.01721	0.00956	0.01339	0.01721	0.01912	0.02486	0.04399	0.09371	0.04781	0.02295	0.01147	0.00382	0.00765	0.60031	0.00765	0.00765
54	0.01818	0.01818	0.02545	0.02181	0.02181	0.02545	0.01818	0.01999	0.01272	0.01999	0.01091	0.01818	0.01091	0.01454	0.02726	0.00364	0.69284	0.00727	0.00364	0.00909
55	0.01208	0.00805	0.00906	0.00906	0.00906	0.00805	0.00503	0.01208	0.01208	0.01611	0.02618	0.05436	0.03020	0.70804	0.04228	0.00805	0.00805	0.01208	0.00503	0.00503
56	0.02634	0.02067	0.02198	0.01805	0.02377	0.02332	0.01452	0.34815	0.32796	0.04391	0.02660	0.02525	0.01952	0.01060	0.00838	0.00265	0.00791	0.00840	0.00838	0.01366
57	0.03103	0.03959	0.02354	0.02140	0.02568	0.67469	0.01605	0.03317	0.02354	0.02033	0.01284	0.01498	0.01070	0.00856	0.00749	0.00214	0.01498	0.00535	0.00428	0.00963
58	0.01208	0.00805	0.00906	0.00906	0.00906	0.00805	0.00503	0.01208	0.01208	0.01611	0.02618	0.05436	0.03020	0.70804	0.04228	0.00805	0.00805	0.01208	0.00503	0.00503
59	0.02610	0.10200	0.02475	0.01947	0.02416	0.42441	0.04490	0.03134	0.10344	0.02267	0.02269	0.02369	0.07599	0.00992	0.00774	0.00229	0.01214	0.00721	0.00509	0.01002
60	0.01208	0.01038	0.01058	0.01019	0.01339	0.00986	0.00774	0.01865	0.14888	0.02501	0.07364	0.06973	0.52182	0.01900	0.00953	0.00281	0.00470	0.01583	0.00787	0.00829
61	0.01443	0.00722	0.01082	0.01082	0.01082	0.00722	0.00722	0.01082	0.01082	0.01443	0.01443	0.02525	0.01443	0.02886	0.03247	0.75830	0.00722	0.00722	0.00361	0.00361
62	0.02032	0.01949	0.03329	0.08246	0.62664	0.01968	0.02538	0.02528	0.01880	0.02685	0.01558	0.02064	0.01306	0.00745	0.00823	0.00248	0.00993	0.00740	0.00409	0.01296
63	0.02996	0.06685	0.02532	0.02358	0.08998	0.50476	0.01668	0.06041	0.02350	0.06316	0.01466	0.01655	0.01174	0.00855	0.00756	0.00220	0.01339	0.00581	0.00480	0.01054
64	0.02885	0.03545	0.02567	0.02758	0.15735	0.53793	0.01802	0.03157	0.02258	0.02175	0.01342	0.01615	0.01121	0.00832	0.00764	0.00221	0.01391	0.00578	0.00425	0.01037
65	0.01143	0.00824	0.01081	0.01067	0.01234	0.00762	0.00781	0.01486	0.02200	0.03090	0.53125	0.18951	0.07372	0.01878	0.00996	0.00276	0.00410	0.01673	0.00886	0.00762
66	0.01187	0.00890	0.01335	0.01335	0.01483	0.01038	0.01038	0.01483	0.01335	0.01928	0.02225	0.03264	0.02077	0.06231	0.67512	0.01335	0.02225	0.00890	0.00445	0.00742
67	0.02127	0.12574	0.13665	0.17278	0.03500	0.02283	0.07627	0.15346	0.11785	0.03092	0.01852	0.02099	0.01390	0.00874	0.00796	0.00255	0.01013	0.00729	0.00538	0.01176
68	0.01208	0.00805	0.00906	0.00906	0.00906	0.00805	0.00503	0.01208	0.01208	0.01611	0.02618	0.05436	0.03020	0.70804	0.04228	0.00805	0.00805	0.01208	0.00503	0.00503
69	0.01022	0.00727	0.00961	0.01144	0.01190	0.00681	0.00757	0.01159	0.01571	0.02094	0.04478	0.66924	0.05367	0.06115	0.01223	0.00361	0.00499	0.02302	0.00757	0.00666
70	0.01724	0.01544	0.02536	0.17177	0.32659	0.01620	0.02110	0.02195	0.01850	0.02518	0.02456	0.04439	0.02386	0.01258	0.00929	0.00297	0.00941	0.19788	0.00516	0.01057
71	0.02338	0.02131	0.03083	0.07023	0.45506	0.05367	0.02271	0.16292	0.02363	0.03228	0.01643	0.02021	0.01317	0.00808	0.00821	0.00247	0.01001	0.00732	0.00506	0.01303
72	0.02199	0.02360	0.02866	0.21618	0.32819	0.19121	0.02236	0.02635	0.01950	0.02375	0.01466	0.01953	0.01195	0.00795	0.00805	0.00246	0.01154	0.00686	0.00404	0.01117
73	0.01208	0.00918	0.01345	0.01337	0.01466	0.01074	0.01027	0.01475	0.01335	0.01919	0.02299	0.06124	0.02236	0.09964	0.57917	0.01218	0.04982	0.00964	0.00459	0.00731
74	0.01847	0.01182	0.01486	0.01336	0.01598	0.01266	0.01007	0.10505	0.04900	0.10835	0.02495	0.03609	0.02259	0.22056	0.28944	0.00845	0.01379	0.00952	0.00611	0.00888
75	0.02388	0.05643	0.02154	0.01792	0.02194	0.29085	0.01401	0.10956	0.02176	0.02519	0.01709	0.04757	0.01519	0.02053	0.14498	0.00452	0.05712	0.00716	0.00500	0.07777
76	0.01207	0.00807	0.00916	0.00913	0.00922	0.00804	0.00517	0.01225	0.01262	0.01692	0.05555	0.05473	0.03246	0.67560	0.04076	0.00780	0.00786	0.01222	0.00523	0.00517
77	0.01825	0.17290	0.43982	0.02366	0.03427	0.02228	0.12554	0.02607	0.01775	0.02501	0.01455	0.01750	0.01089	0.00759	0.00770	0.00249	0.01189	0.00641	0.00363	0.01178
78	0.01012	0.00804	0.00909	0.00964	0.01161	0.00701	0.00692	0.01219	0.01843	0.02316	0.13016	0.27815	0.40174	0.02222	0.01007	0.00297	0.00437	0.01923	0.00786	0.00701
79	0.02905	0.03640	0.02226	0.02028	0.02432	0.60618	0.01521	0.03138	0.02354	0.02167	0.07850	0.01982	0.01766	0.00943	0.00773	0.00219	0.01384	0.00634	0.00478	0.00945
80	0.02184	0.07414	0.22901	0.01970	0.02677	0.15702	0.01944	0.09187	0.14461	0.02825	0.01931	0.02125	0.01497	0.01457	0.07775	0.00362	0.01222	0.00694	0.00525	0.01148
81	0.02420	0.43927	0.08955	0.01672	0.02378	0.09968	0.01602	0.12740	0.04759	0.02631	0.01431	0.01571	0.01185	0.00798	0.00641	0.00205	0.00978	0.00540	0.00463	0.01137
82	0.01278	0.00876	0.01038	0.01004	0.01256	0.00769	0.00750	0.01551	0.02051	0.07875	0.26862	0.14867	0.32886	0.01940	0.00979	0.00279	0.00442	0.01669	0.00841	0.00785
83	0.01723	0.01477	0.01723	0.01230	0.01969	0.01107	0.00984	0.02092	0.01723	0.02707	0.01477	0.01723	0.01230	0.00615	0.00615	0.00123	0.00615	0.00492	0.00492	0.75883
84	0.01569	0.04832	0.02499	0.08358	0.02624	0.01463	0.19476	0.01981	0.01730	0.02482	0.02652	0.21645	0.02618	0.01350	0.00969	0.00276	0.04359	0.01264	0.16967	0.00885
85	0.01030	0.00770	0.00945	0.01053	0.01174	0.00699	0.00724	0.01210	0.01728	0.02252	0.11688	0.44818	0.20804	0.05591	0.01181	0.00337	0.00472	0.02065	0.00773	0.00685
86	0.01188	0.00885	0.01308	0.01308	0.01447	0.01024	0.01005	0.01466	0.01327	0.01908	0.02250	0.03401	0.02137	0.10323	0.63502	0.01302	0.02135	0.00910	0.00449	0.00727
87	0.02764	0.16199	0.02807	0.01984	0.05781	0.12774	0.01567	0.32704	0.06000	0.03714	0.01772	0.01899	0.01370	0.01139	0.03662	0.00278	0.01049	0.00669	0.00635	0.01234
88	0.01063	0.00838	0.00959	0.00942	0.01176	0.00734	0.00702	0.01345	0.02066	0.02686	0.31602	0.10579	0.38426	0.01963	0.00985	0.00276	0.00412	0.01682	0.00830	0.00734
89	0.01601	0.01441	0.02062	0.21012	0.16110	0.01571	0.01659	0.02406	0.14791	0.02553	0.03592	0.10508	0.14669	0.01309	0.00886	0.00279	0.00787	0.01149	0.00599	0.01017
90	0.01954	0.02094	0.02033	0.14504	0.08712	0.21846	0.01546	0.02232	0.01831	0.02091	0.02597	0.03110	0.11188	0.04874	0.08190	0.03468	0.05520	0.00867	0.00467	0.00877
91	0.01174	0.00806	0.00954	0.00970	0.01153	0.00741	0.00708	0.01473	0.01972	0.02795	0.27723	0.19353	0.18736	0.01830	0.00918	0.00268	0.00416	0.01592	0.15677	0.00741
92	0.02175	0.18122	0.10278	0.01692	0.02272	0.02248	0.01574	0.20528	0.02277	0.03118	0.01716	0.02054	0.01402	0.01807	0.12111	0.00418	0.06884	0.00674	0.04258	0.04393
93	0.02119	0.18648	0.11655	0.02384	0.06215	0.02333	0.18641	0.12476	0.02145	0.02871	0.01902	0.02180	0.04622	0.00871	0.00881	0.00244	0.04134	0.00765	0.00483	0.04430
94	0.02015	0.09203	0.02078	0.01656	0.01969	0.14852	0.01298	0.08601	0.09876	0.02548	0.02559	0.20583	0.02577	0.01871	0.06517	0.00365	0.08722	0.01145	0.00602	0.00962
95	0.06449	0.07481	0.05661	0.02236	0.14749	0.01786	0.01569	0.14148	0.02317	0.17403	0.05264	0.09291	0.02176	0.01086	0.00807	0.00249	0.00798	0.00907	0.00692	0.04931

[dist]
# distance from previous block
# <min> <max>
14	115

[block]
# block no. 2 follows, 22 sequences, length 50
# corresponding to MSA columns:
# 403-452
name=unknown_C
#
# <colnr> <probs for GDERKNQSTAVLIFYWHMCP>
#	G	D	E	R	K	N	Q	S	T	A	V	L	I	F	Y	W	H	M	C	P
0	0.02089	0.06643	0.02070	0.01899	0.08854	0.11714	0.01333	0.12637	0.04462	0.02851	0.05230	0.02772	0.02022	0.08043	0.11359	0.00454	0.03822	0.00805	0.09953	0.00989
1	0.05608	0.02031	0.02178	0.02282	0.14282	0.09783	0.01494	0.21770	0.09299	0.03410	0.02170	0.05672	0.01878	0.09939	0.01242	0.00321	0.00903	0.00863	0.03745	0.01130
2	0.08612	0.01833	0.04778	0.01390	0.01790	0.11992	0.01135	0.12195	0.02200	0.02884	0.04179	0.09498	0.22043	0.04379	0.00997	0.00289	0.00775	0.04017	0.04109	0.00905
3	0.02186	0.05658	0.14300	0.01620	0.02222	0.04604	0.01513	0.11940	0.04688	0.13949	0.06175	0.14267	0.06896	0.01311	0.00851	0.00260	0.00805	0.01088	0.00703	0.04965
4	0.02112	0.01832	0.05916	0.02966	0.28504	0.01628	0.01800	0.05569	0.06331	0.09872	0.05447	0.02596	0.04563	0.00896	0.00796	0.00228	0.00810	0.00790	0.00585	0.16759
5	0.05630	0.02912	0.02944	0.02692	0.10759	0.32293	0.14856	0.05889	0.05853	0.05859	0.01658	0.01908	0.01287	0.00836	0.00813	0.00242	0.01262	0.00703	0.00502	0.01103
6	0.01248	0.01072	0.01223	0.01193	0.01408	0.04525	0.00923	0.01527	0.01799	0.02334	0.16123	0.05589	0.25419	0.03280	0.22603	0.00623	0.03838	0.03860	0.00657	0.00755
7	0.17903	0.21100	0.31851	0.01787	0.02687	0.02222	0.02048	0.02651	0.01707	0.07086	0.01455	0.01632	0.01093	0.00781	0.00667	0.00239	0.00978	0.00550	0.00434	0.01128
8	0.02348	0.29711	0.03016	0.01716	0.02176	0.20019	0.01463	0.02679	0.04272	0.04914	0.04879	0.01945	0.01589	0.01225	0.04381	0.00286	0.11286	0.00627	0.00459	0.01008
9	0.01206	0.00815	0.00953	0.00953	0.00970	0.00831	0.00562	0.01238	0.01222	0.01646	0.02574	0.05198	0.02917	0.63708	0.11183	0.00864	0.00961	0.01173	0.00497	0.00530
10	0.02767	0.06091	0.05922	0.02405	0.05972	0.40143	0.08886	0.10426	0.02377	0.02561	0.01429	0.01693	0.01147	0.00864	0.00862	0.00235	0.04052	0.00632	0.00467	0.01070
11	0.01292	0.01035	0.01235	0.01092	0.01460	0.00863	0.00838	0.01609	0.01949	0.02716	0.22830	0.11956	0.18782	0.01580	0.00884	0.00237	0.00496	0.04360	0.00728	0.24059
12	0.10573	0.50679	0.03624	0.01524	0.02158	0.15487	0.01399	0.02642	0.01786	0.02164	0.01180	0.01366	0.01049	0.00745	0.00573	0.00193	0.00979	0.00462	0.00387	0.01028
13	0.01874	0.29401	0.43217	0.02013	0.03047	0.02438	0.02452	0.02577	0.01729	0.02377	0.01365	0.01596	0.01058	0.00760	0.00693	0.00231	0.01101	0.00550	0.00353	0.01167
14	0.01588	0.01480	0.02104	0.01873	0.01927	0.01996	0.01534	0.01811	0.01295	0.01973	0.01504	0.02344	0.01450	0.03195	0.26334	0.00718	0.44848	0.00786	0.00393	0.00848
15	0.01208	0.00805	0.00906	0.00906	0.00906	0.00805	0.00503	0.01208	0.01208	0.01611	0.02618	0.05436	0.03020	0.70804	0.04228	0.00805	0.00805	0.01208	0.00503	0.00503
16	0.01648	0.00969	0.00987	0.00951	0.01197	0.01023	0.00722	0.02413	0.13752	0.03170	0.02839	0.03098	0.02208	0.00999	0.00632	0.00211	0.00439	0.00806	0.61059	0.00878
17	0.02115	0.02049	0.03058	0.04349	0.51219	0.05535	0.02285	0.02914	0.12693	0.02809	0.01862	0.02207	0.01514	0.00813	0.00822	0.00251	0.00958	0.00764	0.00487	0.01297
18	0.02057	0.01493	0.01740	0.01551	0.01889	0.01614	0.01204	0.25282	0.05723	0.05869	0.05663	0.29659	0.03470	0.01741	0.01043	0.00298	0.04397	0.03478	0.00791	0.01040
19	0.01180	0.00848	0.01092	0.01231	0.01330	0.00823	0.00860	0.05460	0.01770	0.02358	0.04389	0.61982	0.05170	0.02474	0.01050	0.00334	0.00528	0.05617	0.00775	0.00731
20	0.02307	0.02544	0.03121	0.03625	0.31021	0.20730	0.08767	0.02695	0.01934	0.02403	0.01423	0.01880	0.01205	0.00880	0.01116	0.00259	0.11844	0.00706	0.00410	0.01130
21	0.01130	0.00797	0.01042	0.01113	0.01170	0.00819	0.00745	0.01262	0.01383	0.01884	0.03238	0.28808	0.03683	0.28432	0.19890	0.00773	0.01064	0.01550	0.00587	0.00630
22	0.02518	0.02504	0.02089	0.01965	0.04894	0.25880	0.01491	0.15366	0.12446	0.03087	0.02390	0.03318	0.02080	0.01177	0.00844	0.00261	0.01036	0.10877	0.04694	0.01082
23	0.02056	0.01974	0.03372	0.05099	0.65622	0.01974	0.02550	0.02550	0.01892	0.02714	0.01563	0.02056	0.01316	0.00740	0.00822	0.00247	0.00987	0.00740	0.00411	0.01316
24	0.01208	0.00805	0.00906	0.00906	0.00906	0.00805	0.00503	0.01208	0.01208	0.01611	0.02618	0.05436	0.03020	0.70804	0.04228	0.00805	0.00805	0.01208	0.00503	0.00503
25	0.05355	0.03313	0.45974	0.02076	0.03026	0.01688	0.05501	0.02394	0.01876	0.02839	0.15215	0.02718	0.02518	0.00980	0.00826	0.00263	0.01027	0.00816	0.00484	0.01110
26	0.01116	0.00847	0.01027	0.00982	0.01204	0.00758	0.00736	0.01451	0.02209	0.02994	0.47566	0.06761	0.25667	0.01824	0.00980	0.00267	0.00401	0.01580	0.00870	0.00758
27	0.01252	0.00989	0.01154	0.01199	0.01399	0.00992	0.00863	0.01911	0.15213	0.02570	0.11720	0.36755	0.16626	0.02089	0.00990	0.00306	0.00498	0.01843	0.00803	0.00830
28	0.02031	0.01948	0.03327	0.08378	0.62540	0.01967	0.02537	0.02528	0.01880	0.02684	0.01558	0.02064	0.01305	0.00745	0.00823	0.00248	0.00993	0.00740	0.00409	0.01296
29	0.03103	0.03959	0.02354	0.02140	0.02568	0.67469	0.01605	0.03317	0.02354	0.02033	0.01284	0.01498	0.01070	0.00856	0.00749	0.00214	0.01498	0.00535	0.00428	0.00963
30	0.01711	0.04015	0.58537	0.02633	0.08330	0.01942	0.06107	0.02626	0.01775	0.02639	0.01506	0.01802	0.01083	0.00781	0.00802	0.00263	0.01218	0.00642	0.00359	0.01229
31	0.01603	0.01511	0.02553	0.64398	0.09868	0.01855	0.02324	0.02152	0.01677	0.02163	0.01483	0.02204	0.01122	0.00824	0.00830	0.00275	0.01099	0.00738	0.00372	0.00950
32	0.01362	0.00791	0.00940	0.00977	0.01132	0.00816	0.00722	0.01682	0.01620	0.02641	0.02958	0.16066	0.02765	0.02491	0.16041	0.00483	0.00827	0.01106	0.43831	0.00748
33	0.02142	0.01822	0.01921	0.01706	0.02189	0.02102	0.01333	0.08459	0.59953	0.03597	0.03285	0.03023	0.02458	0.01118	0.00844	0.00280	0.00675	0.00926	0.00844	0.01322
34	0.06152	0.43586	0.03479	0.01665	0.02264	0.26411	0.01463	0.02785	0.01915	0.02069	0.01202	0.01393	0.01059	0.00766	0.00610	0.00195	0.01097	0.00477	0.00389	0.01021
35	0.04845	0.01782	0.12050	0.13814	0.12194	0.01449	0.01694	0.02184	0.05516	0.05042	0.11062	0.04107	0.18409	0.01261	0.00867	0.00268	0.00786	0.01072	0.00600	0.00998
36	0.02922	0.02567	0.02337	0.01915	0.02489	0.16462	0.01530	0.38000	0.15954	0.04183	0.02127	0.02115	0.01570	0.00994	0.00816	0.00248	0.00987	0.00741	0.00747	0.01296
37	0.01315	0.04065	0.01626	0.01450	0.01604	0.01335	0.01158	0.01595	0.01342	0.01939	0.02029	0.02989	0.01903	0.05361	0.56060	0.01157	0.11016	0.00849	0.00430	0.00778
38	0.01651	0.11166	0.06805	0.01411	0.01722	0.01629	0.01188	0.08917	0.01674	0.02277	0.02044	0.03347	0.02023	0.25432	0.19808	0.00721	0.05980	0.00884	0.00485	0.00836
39	0.01897	0.02116	0.04507	0.14206	0.04568	0.02059	0.52722	0.02573	0.01912	0.02573	0.01647	0.02237	0.01235	0.00722	0.00956	0.00280	0.01353	0.00941	0.00412	0.01088
40	0.02267	0.67824	0.04250	0.01459	0.02155	0.06604	0.01431	0.02530	0.01722	0.01959	0.01162	0.01341	0.01066	0.00718	0.00544	0.00180	0.00920	0.00449	0.00359	0.01061
41	0.01166	0.00849	0.01097	0.01035	0.01235	0.00780	0.00776	0.01549	0.02328	0.03277	0.62323	0.06296	0.10733	0.01719	0.00980	0.00262	0.00393	0.01515	0.00907	0.00780
42	0.01569	0.01477	0.02492	0.68808	0.05722	0.01846	0.02307	0.02123	0.01661	0.02123	0.01477	0.02215	0.01107	0.00831	0.00831	0.00277	0.01107	0.00738	0.00369	0.00923
43	0.01261	0.00837	0.01127	0.01149	0.01289	0.00918	0.00863	0.01549	0.01461	0.02232	0.02629	0.10702	0.02517	0.07979	0.39635	0.00904	0.01486	0.01039	0.19692	0.00730
44	0.01118	0.00885	0.01032	0.01105	0.01351	0.00799	0.00902	0.01395	0.01901	0.02337	0.06879	0.08521	0.42146	0.02177	0.01045	0.00320	0.00552	0.24041	0.00769	0.00726
45	0.02398	0.25705	0.15375	0.01955	0.02582	0.26829	0.01851	0.02770	0.01903	0.02119	0.01261	0.01529	0.01068	0.00862	0.00904	0.00228	0.08697	0.00542	0.00382	0.01042
46	0.01012	0.00723	0.00964	0.01157	0.01205	0.00675	0.00771	0.01157	0.01591	0.02121	0.04579	0.70262	0.05495	0.02603	0.01060	0.00337	0.00482	0.02362	0.00771	0.00675
47	0.01792	0.01078	0.01400	0.04787	0.04943	0.00981	0.01025	0.02108	0.02097	0.18039	0.18269	0.05828	0.28281	0.01631	0.00938	0.00274	0.00565	0.04201	0.00825	0.00938
48	0.02901	0.01679	0.01963	0.01621	0.02186	0.01751	0.01301	0.10241	0.31075	0.30960	0.03194	0.02868	0.02212	0.01071	0.00840	0.00268	0.00705	0.00874	0.00923	0.01368
49	0.02276	0.01831	0.02084	0.01699	0.05135	0.01769	0.01302	0.23448	0.09840	0.03674	0.01885	0.01994	0.01451	0.00814	0.00727	0.00191	0.00741	0.00645	0.00648	0.37847

[dist]
# distance from previous block
# <min> <max>
0	2

[block]
# block no. 3 follows, 22 sequences, length 38
# corresponding to MSA columns:
# 455-492
name=unknown_D
#
# <colnr> <probs for GDERKNQSTAVLIFYWHMCP>
#	G	D	E	R	K	N	Q	S	T	A	V	L	I	F	Y	W	H	M	C	P
0	0.01676	0.05311	0.18442	0.05374	0.07727	0.10495	0.01786	0.02104	0.01744	0.02268	0.02522	0.25203	0.02644	0.01685	0.03939	0.00330	0.04056	0.01227	0.00516	0.00952
1	0.02147	0.01705	0.01689	0.01436	0.01810	0.07510	0.01144	0.22706	0.02521	0.03450	0.03348	0.03455	0.14614	0.01248	0.00973	0.00249	0.07398	0.00940	0.20651	0.01007
2	0.01631	0.01136	0.01251	0.01124	0.01269	0.01190	0.00737	0.14590	0.01794	0.02398	0.02482	0.04689	0.02671	0.55651	0.03491	0.00685	0.00829	0.01108	0.00575	0.00701
3	0.03046	0.03850	0.02410	0.02303	0.06041	0.63862	0.01657	0.03275	0.02329	0.02071	0.01299	0.01529	0.01084	0.00850	0.00753	0.00216	0.01470	0.00546	0.00427	0.00983
4	0.01100	0.00822	0.01022	0.01024	0.01208	0.00744	0.00748	0.01402	0.02096	0.02848	0.40457	0.19704	0.19829	0.01971	0.00997	0.00281	0.00417	0.01733	0.00854	0.00744
5	0.02809	0.01990	0.02120	0.01665	0.02227	0.02185	0.01362	0.49629	0.03436	0.04771	0.02150	0.02234	0.01568	0.00991	0.00777	0.00237	0.00800	0.00754	0.17022	0.01274
6	0.19070	0.05614	0.02310	0.01709	0.02344	0.02457	0.01424	0.46725	0.03254	0.04744	0.01771	0.01821	0.01284	0.00934	0.00747	0.00247	0.00854	0.00668	0.00739	0.01284
7	0.01012	0.00723	0.00964	0.01157	0.01205	0.00675	0.00771	0.01157	0.01591	0.02121	0.04579	0.70262	0.05495	0.02603	0.01060	0.00337	0.00482	0.02362	0.00771	0.00675
8	0.00992	0.00801	0.00883	0.00949	0.01150	0.00692	0.00679	0.01180	0.01790	0.02202	0.07106	0.29249	0.44877	0.02274	0.01009	0.00300	0.00442	0.01961	0.00771	0.00692
9	0.02368	0.02564	0.02633	0.09610	0.25265	0.24336	0.01951	0.03152	0.14763	0.02580	0.01831	0.02095	0.01461	0.00868	0.00803	0.00246	0.01106	0.00711	0.00502	0.01157
10	0.01133	0.00847	0.01051	0.01000	0.01215	0.00766	0.00750	0.01484	0.02250	0.03090	0.52584	0.06603	0.20589	0.01788	0.00980	0.00266	0.00398	0.01558	0.00883	0.00766
11	0.01779	0.01760	0.02470	0.02129	0.02138	0.02452	0.01769	0.01967	0.01276	0.01995	0.01161	0.01907	0.01151	0.01749	0.06727	0.00424	0.65143	0.00737	0.00369	0.00898
12	0.01723	0.01477	0.01723	0.01230	0.01969	0.01107	0.00984	0.02092	0.01723	0.02707	0.01477	0.01723	0.01230	0.00615	0.00615	0.00123	0.00615	0.00492	0.00492	0.75883
13	0.01280	0.00928	0.01014	0.00991	0.01086	0.00942	0.00618	0.01590	0.08838	0.01922	0.03513	0.05511	0.11595	0.52935	0.03373	0.00670	0.00734	0.01251	0.00581	0.00628
14	0.01012	0.00723	0.00964	0.01157	0.01205	0.00675	0.00771	0.01157	0.01591	0.02121	0.04579	0.70262	0.05495	0.02603	0.01060	0.00337	0.00482	0.02362	0.00771	0.00675
15	0.02663	0.27803	0.08796	0.01906	0.02506	0.38915	0.01671	0.02963	0.02065	0.02059	0.01257	0.01462	0.01067	0.00799	0.00676	0.00206	0.01258	0.00510	0.00395	0.01023
