[name]
unknown

[dist]
# distance from previous block
# <min> <max>
1	34

[block]
# block no. 0 follows, 21 sequences, length 27
# corresponding to MSA columns:
# 37-63
name=unknown_A
#
# <colnr> <probs for GDERKNQSTAVLIFYWHMCP>
#	G	D	E	R	K	N	Q	S	T	A	V	L	I	F	Y	W	H	M	C	P
0	0.14382	0.01753	0.05042	0.12303	0.02828	0.01774	0.10270	0.13674	0.02092	0.03129	0.05638	0.03054	0.02040	0.16618	0.01616	0.00397	0.00952	0.00896	0.00567	0.00976
1	0.11188	0.01076	0.01197	0.01114	0.01332	0.01172	0.00845	0.06869	0.01706	0.02874	0.02070	0.02650	0.01726	0.01843	0.05584	0.19892	0.03604	0.00740	0.31762	0.00758
2	0.01603	0.01202	0.01405	0.07986	0.01791	0.04256	0.01049	0.01887	0.01604	0.02466	0.02366	0.06630	0.02184	0.13493	0.04449	0.00403	0.11995	0.00937	0.31511	0.00785
3	0.03291	0.03215	0.02264	0.01981	0.02482	0.45083	0.01520	0.03668	0.05977	0.19404	0.01997	0.02001	0.01459	0.00941	0.00797	0.00235	0.01264	0.00656	0.00631	0.01133
4	0.01192	0.00843	0.01111	0.01147	0.01215	0.00894	0.00780	0.01338	0.01360	0.01873	0.02892	0.16407	0.03180	0.32867	0.28106	0.00949	0.01332	0.01327	0.00543	0.00643
5	0.03160	0.02177	0.02436	0.05284	0.02715	0.02380	0.01589	0.47428	0.07406	0.13208	0.02283	0.02242	0.01593	0.01025	0.00853	0.00260	0.00901	0.00790	0.00855	0.01415
6	0.18505	0.02080	0.09205	0.01617	0.02212	0.01976	0.01436	0.18999	0.16336	0.03913	0.08845	0.02951	0.06188	0.01120	0.00803	0.00270	0.00767	0.00871	0.00731	0.01175
7	0.01116	0.00885	0.01017	0.01096	0.01298	0.00815	0.00805	0.01454	0.05516	0.02350	0.06496	0.30738	0.33737	0.02301	0.01042	0.00318	0.00500	0.06971	0.00794	0.00752
8	0.01436	0.01091	0.01314	0.05326	0.05578	0.01095	0.00990	0.02068	0.10288	0.02927	0.17545	0.05244	0.22187	0.01501	0.00874	0.00261	0.00529	0.01273	0.17582	0.00892
9	0.76103	0.01646	0.01251	0.01119	0.01646	0.01909	0.00922	0.02502	0.01448	0.03818	0.01185	0.01382	0.00922	0.00790	0.00527	0.00263	0.00658	0.00461	0.00527	0.00922
10	0.02106	0.02022	0.03454	0.05223	0.64784	0.02022	0.02612	0.02612	0.01938	0.02780	0.01601	0.02106	0.01348	0.00758	0.00842	0.00253	0.01011	0.00758	0.00421	0.01348
11	0.01216	0.00912	0.01368	0.01368	0.01520	0.01064	0.01064	0.01520	0.01368	0.01976	0.02279	0.03343	0.02127	0.06382	0.66720	0.01368	0.02279	0.00912	0.00456	0.00760
12	0.03179	0.04056	0.02412	0.02192	0.02631	0.66676	0.01644	0.03398	0.02412	0.02083	0.01315	0.01535	0.01096	0.00877	0.00767	0.00219	0.01535	0.00548	0.00438	0.00987
13	0.02106	0.02022	0.03454	0.05223	0.64784	0.02022	0.02612	0.02612	0.01938	0.02780	0.01601	0.02106	0.01348	0.00758	0.00842	0.00253	0.01011	0.00758	0.00421	0.01348
14	0.02908	0.02209	0.02554	0.15242	0.03287	0.02489	0.01767	0.49931	0.03539	0.04722	0.01937	0.02089	0.01384	0.00987	0.00851	0.00261	0.00976	0.00764	0.00756	0.01346
15	0.02120	0.52577	0.21131	0.01720	0.02592	0.02989	0.01916	0.02588	0.01748	0.02191	0.01277	0.01483	0.01088	0.00750	0.00618	0.00206	0.01005	0.00502	0.00363	0.01137
16	0.02106	0.02022	0.03454	0.05223	0.64784	0.02022	0.02612	0.02612	0.01938	0.02780	0.01601	0.02106	0.01348	0.00758	0.00842	0.00253	0.01011	0.00758	0.00421	0.01348
17	0.01843	0.01754	0.02979	0.38311	0.33750	0.01953	0.02481	0.02381	0.01813	0.02461	0.01554	0.02192	0.01236	0.00807	0.00847	0.00269	0.01076	0.00757	0.00399	0.01136
18	0.02106	0.02022	0.03454	0.05223	0.64784	0.02022	0.02612	0.02612	0.01938	0.02780	0.01601	0.02106	0.01348	0.00758	0.00842	0.00253	0.01011	0.00758	0.00421	0.01348
19	0.01238	0.00825	0.00928	0.00928	0.00928	0.00825	0.00516	0.01238	0.01238	0.01650	0.02681	0.05569	0.03094	0.70092	0.04331	0.00825	0.00825	0.01238	0.00516	0.00516
20	0.01079	0.00830	0.00987	0.01022	0.01213	0.00738	0.00738	0.01334	0.02001	0.02620	0.25391	0.25214	0.29432	0.02168	0.01028	0.00298	0.00440	0.01892	0.00837	0.00738
21	0.01053	0.00862	0.00915	0.00903	0.01160	0.00739	0.00668	0.01291	0.01988	0.02466	0.18309	0.07729	0.51236	0.05504	0.01173	0.00311	0.00446	0.01722	0.00803	0.00723
22	0.02731	0.02015	0.02185	0.01719	0.02278	0.02170	0.01372	0.45717	0.03318	0.04477	0.02214	0.05568	0.01861	0.11131	0.01352	0.00332	0.00877	0.00889	0.00773	0.07021
23	0.02679	0.01986	0.02178	0.01748	0.02308	0.02131	0.01404	0.45081	0.03350	0.04520	0.02534	0.15588	0.02273	0.01322	0.00881	0.00263	0.00824	0.01078	0.00812	0.07039
24	0.12688	0.02572	0.01870	0.01657	0.02097	0.29438	0.01279	0.09124	0.06148	0.06682	0.01937	0.02097	0.01493	0.00932	0.00718	0.00231	0.01011	0.00655	0.16334	0.01034
25	0.02050	0.01930	0.03204	0.04738	0.56280	0.01946	0.02442	0.02656	0.05469	0.02807	0.01934	0.02751	0.01696	0.00905	0.00870	0.00266	0.00974	0.05304	0.00475	0.01304
26	0.02217	0.01976	0.02584	0.03097	0.27169	0.04762	0.01848	0.13642	0.12713	0.03333	0.06146	0.02837	0.05646	0.01045	0.00938	0.00260	0.03764	0.00881	0.00630	0.04510

[dist]
# distance from previous block
# <min> <max>
5	9

[block]
# block no. 1 follows, 21 sequences, length 7
# corresponding to MSA columns:
# 73-79
name=unknown_B
#
# <colnr> <probs for GDERKNQSTAVLIFYWHMCP>
#	G	D	E	R	K	N	Q	S	T	A	V	L	I	F	Y	W	H	M	C	P
0	0.24587	0.01306	0.01387	0.01226	0.01496	0.01438	0.00909	0.02076	0.01463	0.09060	0.02038	0.03348	0.01984	0.29502	0.02416	0.00501	0.09076	0.00860	0.00557	0.04771
1	0.01398	0.01192	0.01733	0.02304	0.20681	0.01134	0.01296	0.01707	0.01909	0.02567	0.14729	0.18279	0.19558	0.06244	0.01191	0.00321	0.00643	0.01524	0.00684	0.00907
2	0.11561	0.02054	0.08367	0.21614	0.22386	0.02031	0.09357	0.02449	0.01751	0.02671	0.01490	0.02033	0.01183	0.00849	0.00982	0.00278	0.06681	0.00736	0.00415	0.01113
3	0.09445	0.02278	0.02968	0.10836	0.41936	0.12997	0.02257	0.02689	0.01946	0.02700	0.01503	0.01955	0.01241	0.00791	0.00800	0.00251	0.01079	0.00693	0.00430	0.01203
4	0.18627	0.01915	0.02302	0.02999	0.28974	0.08490	0.01706	0.02620	0.05134	0.03074	0.06911	0.02406	0.01935	0.00904	0.00753	0.00249	0.00854	0.00749	0.08285	0.01112
5	0.12489	0.01389	0.06625	0.01343	0.01653	0.01281	0.01122	0.02047	0.08013	0.02628	0.09758	0.04416	0.03109	0.18018	0.15890	0.00647	0.01081	0.07048	0.00605	0.00839
6	0.02062	0.01955	0.03114	0.03105	0.19487	0.02060	0.16353	0.08952	0.12905	0.03047	0.02683	0.02941	0.08096	0.01067	0.01108	0.00284	0.08040	0.00961	0.00580	0.01201

[dist]
# distance from previous block
# <min> <max>
5	43

[block]
# block no. 2 follows, 21 sequences, length 16
# corresponding to MSA columns:
# 123-138
name=unknown_C
#
# <colnr> <probs for GDERKNQSTAVLIFYWHMCP>
#	G	D	E	R	K	N	Q	S	T	A	V	L	I	F	Y	W	H	M	C	P
0	0.01989	0.02185	0.11179	0.02868	0.14178	0.01972	0.15473	0.11672	0.02080	0.02922	0.01803	0.02360	0.01474	0.02128	0.15943	0.00525	0.06790	0.00832	0.00487	0.01140
1	0.02625	0.06697	0.05942	0.01839	0.02328	0.25036	0.01497	0.20745	0.02570	0.03042	0.01820	0.02448	0.01584	0.12138	0.05677	0.00402	0.01237	0.00746	0.00569	0.01060
2	0.02324	0.24736	0.21732	0.08008	0.03096	0.13054	0.02089	0.10705	0.02164	0.02688	0.01452	0.01694	0.01140	0.00827	0.00728	0.00233	0.01138	0.00591	0.00442	0.01158
3	0.08095	0.03312	0.25537	0.03200	0.23618	0.16615	0.02451	0.02811	0.01955	0.02674	0.01477	0.01807	0.01160	0.00806	0.00788	0.00252	0.01191	0.00640	0.00411	0.01200
4	0.06946	0.03095	0.02202	0.01972	0.02346	0.41495	0.01520	0.06743	0.02220	0.02405	0.01955	0.02223	0.06146	0.01357	0.04564	0.00311	0.10335	0.00701	0.00490	0.00973
5	0.01104	0.00842	0.00938	0.00945	0.01119	0.00759	0.00652	0.01287	0.01804	0.02303	0.16110	0.12894	0.33108	0.20189	0.01897	0.00432	0.00537	0.01662	0.00742	0.00676
6	0.01222	0.00888	0.01246	0.01246	0.01356	0.00998	0.00912	0.01442	0.01332	0.01886	0.02390	0.03958	0.02394	0.23968	0.49499	0.01218	0.01878	0.01002	0.00472	0.00692
7	0.01037	0.00741	0.00987	0.01185	0.01234	0.00691	0.00790	0.01185	0.01629	0.02172	0.04690	0.69537	0.05629	0.02666	0.01086	0.00346	0.00494	0.02419	0.00790	0.00691
8	0.03179	0.04056	0.02412	0.02192	0.02631	0.66676	0.01644	0.03398	0.02412	0.02083	0.01315	0.01535	0.01096	0.00877	0.00767	0.00219	0.01535	0.00548	0.00438	0.00987
9	0.02017	0.01931	0.03293	0.16472	0.54234	0.01998	0.02567	0.02533	0.01895	0.02672	0.01585	0.02135	0.01310	0.00775	0.00844	0.00258	0.01033	0.00758	0.00414	0.01276
10	0.01013	0.00835	0.00890	0.00935	0.01169	0.00712	0.00679	0.01213	0.01869	0.02270	0.07731	0.22077	0.51126	0.02271	0.01024	0.00301	0.00445	0.01937	0.00790	0.00712
11	0.02594	0.02556	0.02097	0.01843	0.02285	0.24264	0.01414	0.18085	0.16398	0.03224	0.02371	0.07752	0.02041	0.05348	0.03603	0.00334	0.01094	0.00900	0.00673	0.01125
12	0.01540	0.06740	0.01828	0.01470	0.01658	0.01605	0.01168	0.05144	0.01588	0.02181	0.02799	0.03752	0.09991	0.13971	0.24878	0.00759	0.16606	0.00995	0.00505	0.00821
13	0.02254	0.07981	0.06959	0.08351	0.25295	0.19922	0.02033	0.02764	0.04960	0.02467	0.02188	0.02473	0.06876	0.00942	0.00812	0.00246	0.01107	0.00769	0.00468	0.01134
14	0.01964	0.25621	0.28288	0.02297	0.03184	0.02529	0.13051	0.02588	0.01764	0.02408	0.01408	0.01751	0.01125	0.00833	0.00953	0.00254	0.07805	0.00651	0.00375	0.01151
15	0.02384	0.18422	0.10978	0.08037	0.19434	0.22076	0.02101	0.02814	0.01999	0.02333	0.01403	0.01738	0.01163	0.00801	0.00749	0.00231	0.01188	0.00609	0.00403	0.01137

[dist]
# distance from previous block
# <min> <max>
2	7

[block]
# block no. 3 follows, 21 sequences, length 45
# corresponding to MSA columns:
# 146-190
name=unknown_D
#
# <colnr> <probs for GDERKNQSTAVLIFYWHMCP>
#	G	D	E	R	K	N	Q	S	T	A	V	L	I	F	Y	W	H	M	C	P
0	0.01875	0.21582	0.07029	0.05533	0.13399	0.02233	0.09308	0.02265	0.01698	0.02271	0.01800	0.07671	0.01727	0.05965	0.04933	0.00360	0.08007	0.00869	0.00434	0.01040
1	0.01944	0.01595	0.02205	0.26951	0.09913	0.01806	0.01710	0.15224	0.04704	0.02863	0.02020	0.03085	0.01789	0.18620	0.01742	0.00413	0.00979	0.00891	0.00542	0.01005
2	0.08106	0.01904	0.01764	0.01703	0.05182	0.14967	0.01197	0.12062	0.02025	0.02667	0.02025	0.03138	0.01926	0.21124	0.15968	0.00645	0.01301	0.00857	0.00539	0.00899
3	0.02232	0.23798	0.28528	0.02314	0.07978	0.16612	0.02270	0.02799	0.01923	0.02362	0.01384	0.01636	0.01108	0.00796	0.00724	0.00231	0.01195	0.00570	0.00383	0.01156
4	0.01939	0.07795	0.11514	0.03291	0.29760	0.07099	0.02148	0.02429	0.01944	0.02573	0.02534	0.03820	0.05738	0.01175	0.00884	0.00277	0.01000	0.12442	0.00504	0.01135
5	0.02405	0.02526	0.02445	0.06588	0.16308	0.21605	0.01775	0.03623	0.27711	0.02859	0.02288	0.02390	0.01782	0.00965	0.00830	0.00259	0.01036	0.00780	0.00610	0.01214
6	0.01600	0.03630	0.51526	0.02170	0.03177	0.01764	0.02659	0.02422	0.01696	0.02520	0.01713	0.02251	0.01358	0.05308	0.12087	0.00483	0.01407	0.00708	0.00384	0.01136
7	0.01006	0.00862	0.00862	0.00862	0.01149	0.00718	0.00647	0.01221	0.01940	0.02299	0.08621	0.08190	0.64438	0.02155	0.01006	0.00287	0.00431	0.01796	0.00790	0.00718
8	0.01168	0.00885	0.01092	0.01119	0.01338	0.00809	0.00877	0.01494	0.02117	0.02797	0.30031	0.11053	0.25389	0.02058	0.01047	0.00305	0.00500	0.14310	0.00848	0.00765
9	0.01991	0.18314	0.32151	0.02365	0.05860	0.06636	0.08744	0.02648	0.01828	0.02485	0.01442	0.01752	0.01130	0.00803	0.00848	0.00244	0.04155	0.00629	0.00385	0.05590
10	0.01474	0.01206	0.01343	0.01249	0.01571	0.01244	0.00954	0.02533	0.23728	0.03173	0.28314	0.05715	0.20864	0.01642	0.00956	0.00280	0.00505	0.01403	0.00874	0.00973
11	0.09131	0.11449	0.02526	0.01903	0.02436	0.32417	0.01514	0.14397	0.10909	0.03041	0.01720	0.01822	0.01353	0.00917	0.00749	0.00235	0.01152	0.00627	0.00573	0.01130
12	0.02377	0.05404	0.02961	0.13757	0.19647	0.21964	0.05123	0.05456	0.02054	0.02459	0.01447	0.01903	0.01198	0.00911	0.01065	0.00262	0.09787	0.00692	0.00431	0.01102
13	0.01022	0.00863	0.00885	0.00879	0.01159	0.00725	0.00659	0.01253	0.01978	0.02390	0.13154	0.08041	0.59849	0.02121	0.01006	0.00286	0.00429	0.01775	0.00802	0.00725
14	0.02674	0.02408	0.02979	0.03589	0.33142	0.10075	0.02109	0.25746	0.02796	0.03699	0.01738	0.02013	0.01356	0.00875	0.00837	0.00250	0.01045	0.00736	0.00590	0.01343
15	0.03179	0.04056	0.02412	0.02192	0.02631	0.66676	0.01644	0.03398	0.02412	0.02083	0.01315	0.01535	0.01096	0.00877	0.00767	0.00219	0.01535	0.00548	0.00438	0.00987
16	0.01906	0.13406	0.02119	0.04748	0.02081	0.01782	0.01286	0.17081	0.02407	0.03071	0.04216	0.08235	0.18458	0.01620	0.00920	0.00286	0.00758	0.13916	0.00710	0.00993
17	0.01320	0.01060	0.01356	0.01345	0.01489	0.04395	0.01012	0.01574	0.01402	0.01933	0.02290	0.03581	0.02218	0.15572	0.54060	0.01228	0.02025	0.00942	0.00464	0.00735
18	0.01060	0.00858	0.00942	0.00935	0.01186	0.00739	0.00696	0.01322	0.02048	0.02589	0.23245	0.10996	0.46260	0.02072	0.01010	0.00285	0.00427	0.01761	0.00829	0.00739
19	0.01860	0.01852	0.03392	0.33210	0.24937	0.01991	0.15484	0.02439	0.01847	0.02495	0.01588	0.02221	0.01239	0.00791	0.00882	0.00274	0.01160	0.00811	0.00404	0.01122
20	0.04688	0.17941	0.16617	0.01920	0.02496	0.16449	0.01848	0.02530	0.01765	0.02238	0.01451	0.01882	0.01251	0.01783	0.11400	0.00427	0.11260	0.00628	0.00401	0.01023
21	0.01169	0.00813	0.00885	0.00932	0.01108	0.00742	0.00653	0.01382	0.01745	0.02381	0.05666	0.21392	0.29157	0.10412	0.01345	0.00348	0.00487	0.01655	0.17025	0.00703
22	0.01037	0.00741	0.00987	0.01185	0.01234	0.00691	0.00790	0.01185	0.01629	0.02172	0.04690	0.69537	0.05629	0.02666	0.01086	0.00346	0.00494	0.02419	0.00790	0.00691
23	0.02473	0.02632	0.02811	0.02797	0.16339	0.22782	0.08089	0.08670	0.02236	0.02768	0.01523	0.01855	0.01241	0.00830	0.00894	0.00226	0.04605	0.00666	0.00485	0.16078
24	0.02069	0.02230	0.08601	0.04908	0.56582	0.02025	0.05818	0.02625	0.01930	0.02770	0.01601	0.02091	0.01323	0.00760	0.00848	0.00256	0.01054	0.00761	0.00417	0.01330
25	0.02689	0.03248	0.02933	0.10965	0.10331	0.41745	0.10711	0.03057	0.02210	0.02268	0.01432	0.01803	0.01158	0.00837	0.00821	0.00241	0.01411	0.00665	0.00428	0.01046
26	0.32481	0.03087	0.01945	0.01761	0.02235	0.40652	0.01354	0.03038	0.02025	0.02780	0.01263	0.01474	0.01026	0.00842	0.00671	0.00237	0.01183	0.00513	0.00474	0.00960
27	0.01015	0.00825	0.00900	0.00960	0.01175	0.00710	0.00690	0.01210	0.01845	0.02260	0.07425	0.26856	0.46544	0.02311	0.01030	0.00305	0.00450	0.01986	0.00790	0.00710
28	0.01391	0.01172	0.01707	0.01574	0.01675	0.01386	0.04340	0.01595	0.01404	0.01998	0.02477	0.15162	0.02663	0.17947	0.22272	0.00765	0.17993	0.01214	0.00506	0.00758
29	0.01216	0.00912	0.01368	0.01368	0.01520	0.01064	0.01064	0.01520	0.01368	0.01976	0.02279	0.03343	0.02127	0.06382	0.66720	0.01368	0.02279	0.00912	0.00456	0.00760
30	0.01062	0.00816	0.00978	0.01082	0.01246	0.00732	0.00782	0.01271	0.01825	0.02326	0.09773	0.36769	0.28843	0.02384	0.01057	0.00322	0.00487	0.06730	0.00798	0.00716
31	0.01216	0.00912	0.01368	0.01368	0.01520	0.01064	0.01064	0.01520	0.01368	0.01976	0.02279	0.03343	0.02127	0.06382	0.66720	0.01368	0.02279	0.00912	0.00456	0.00760
32	0.02175	0.01707	0.01870	0.01678	0.02142	0.01918	0.01325	0.06958	0.47808	0.07720	0.06891	0.03802	0.03000	0.01271	0.00897	0.00293	0.00684	0.05704	0.00875	0.01282
33	0.01216	0.00912	0.01368	0.01368	0.01520	0.01064	0.01064	0.01520	0.01368	0.01976	0.02279	0.03343	0.02127	0.06382	0.66720	0.01368	0.02279	0.00912	0.00456	0.00760
34	0.02009	0.02296	0.05022	0.03587	0.04448	0.02152	0.61693	0.02726	0.02009	0.02726	0.01722	0.02296	0.01291	0.00717	0.01004	0.00287	0.01435	0.01004	0.00430	0.01148
35	0.01217	0.00906	0.01338	0.01338	0.01480	0.01048	0.01027	0.01501	0.01359	0.01954	0.02307	0.03493	0.02193	0.10671	0.62520	0.01331	0.02182	0.00934	0.00460	0.00743
36	0.01913	0.00979	0.01315	0.01265	0.01526	0.00881	0.00933	0.02162	0.02014	0.21625	0.14955	0.37957	0.04986	0.02010	0.01001	0.00307	0.00547	0.01786	0.00896	0.00942
37	0.01035	0.00747	0.00980	0.01167	0.01230	0.00693	0.00782	0.01187	0.01647	0.02180	0.04911	0.66090	0.08933	0.02637	0.01082	0.00342	0.00490	0.02384	0.00790	0.00693
38	0.01041	0.00874	0.00912	0.00931	0.01209	0.00744	0.00717	0.01274	0.01942	0.02323	0.08220	0.08327	0.58631	0.02174	0.01022	0.00298	0.00465	0.07381	0.00790	0.00725
39	0.01707	0.04402	0.65683	0.02426	0.03683	0.01976	0.03144	0.02695	0.01797	0.02695	0.01527	0.01797	0.01078	0.00809	0.00809	0.00270	0.01258	0.00629	0.00359	0.01258
40	0.01072	0.00755	0.00977	0.01140	0.01181	0.00714	0.00742	0.01194	0.01561	0.02082	0.04342	0.58436	0.05189	0.14368	0.01649	0.00429	0.00551	0.02214	0.00742	0.00661
41	0.01045	0.00744	0.00985	0.01174	0.01221	0.00697	0.00778	0.01187	0.01613	0.02150	0.04605	0.66827	0.05521	0.05523	0.01224	0.00366	0.00508	0.02369	0.00778	0.00684
42	0.02210	0.02412	0.02703	0.25012	0.22967	0.21584	0.02134	0.02634	0.02003	0.02341	0.01845	0.02299	0.04443	0.00897	0.00831	0.00255	0.01182	0.00747	0.00431	0.01071
43	0.01393	0.01033	0.01531	0.17560	0.02466	0.01207	0.01279	0.01782	0.01541	0.02287	0.02201	0.03043	0.01896	0.03844	0.36067	0.00845	0.01585	0.00848	0.16779	0.00813
44	0.06670	0.03196	0.02287	0.01984	0.02483	0.39129	0.01535	0.18969	0.06855	0.03191	0.01712	0.01846	0.01330	0.00935	0.00777	0.00235	0.01223	0.00641	0.03880	0.01122

[dist]
# distance from previous block
# <min> <max>
0	1

[block]
# block no. 4 follows, 21 sequences, length 41
# corresponding to MSA columns:
# 192-232
name=unknown_E
#
# <colnr> <probs for GDERKNQSTAVLIFYWHMCP>
#	G	D	E	R	K	N	Q	S	T	A	V	L	I	F	Y	W	H	M	C	P
0	0.03115	0.03935	0.02474	0.02373	0.06331	0.62826	0.01702	0.03351	0.02383	0.02124	0.01332	0.01569	0.01111	0.00870	0.00772	0.00221	0.01503	0.00561	0.00437	0.01008
1	0.01154	0.00892	0.01059	0.01056	0.01272	0.00821	0.00776	0.01549	0.05156	0.02829	0.32136	0.18223	0.25925	0.02015	0.01012	0.00289	0.00442	0.01754	0.00858	0.00782
2	0.01118	0.00781	0.00957	0.01065	0.01105	0.00747	0.00671	0.01208	0.01483	0.01964	0.04046	0.40507	0.07270	0.30294	0.02413	0.00540	0.00627	0.01906	0.00677	0.00620
3	0.01355	0.01078	0.01247	0.01200	0.01483	0.01070	0.00930	0.02118	0.14857	0.03036	0.29602	0.06556	0.22652	0.01800	0.00994	0.00291	0.00506	0.07472	0.00864	0.00890
4	0.02930	0.16563	0.02796	0.01966	0.02498	0.38419	0.01577	0.15128	0.02559	0.02733	0.01480	0.01683	0.01211	0.01113	0.03563	0.00269	0.01322	0.00590	0.00509	0.01092
5	0.01061	0.00794	0.00986	0.01086	0.01221	0.00719	0.00758	0.01273	0.01852	0.02437	0.16918	0.42815	0.20244	0.02368	0.01051	0.00317	0.00461	0.02103	0.00818	0.00719
6	0.01220	0.00832	0.01053	0.01141	0.01299	0.00756	0.00816	0.01435	0.01851	0.05826	0.12809	0.42383	0.17904	0.02342	0.01051	0.00322	0.00496	0.04887	0.00822	0.00757
7	0.01410	0.04104	0.01785	0.01571	0.01713	0.01517	0.01264	0.01685	0.01368	0.01993	0.01965	0.02918	0.01851	0.05015	0.49178	0.01088	0.17475	0.00854	0.00433	0.00813
8	0.03036	0.02266	0.02447	0.01863	0.02555	0.02435	0.01535	0.53839	0.03698	0.05012	0.01971	0.02005	0.01422	0.00969	0.00821	0.00238	0.00895	0.00731	0.00804	0.11458
9	0.02275	0.70604	0.04459	0.01456	0.02184	0.03367	0.01456	0.02548	0.01729	0.02002	0.01183	0.01365	0.01092	0.00728	0.00546	0.00182	0.00910	0.00455	0.00364	0.01092
10	0.01983	0.01176	0.01217	0.01074	0.01388	0.01238	0.00841	0.16422	0.02318	0.03700	0.02600	0.02901	0.02004	0.00999	0.00657	0.00212	0.00527	0.00787	0.57005	0.00951
11	0.01246	0.00921	0.01200	0.01306	0.01514	0.00876	0.01082	0.01589	0.02022	0.02639	0.16686	0.11970	0.17889	0.02212	0.01103	0.00344	0.00622	0.33195	0.00814	0.00769
12	0.01075	0.00843	0.00978	0.01029	0.01238	0.00746	0.00763	0.01320	0.01947	0.02478	0.16894	0.22756	0.36088	0.02222	0.01038	0.00306	0.00468	0.06265	0.00815	0.00731
13	0.03273	0.02323	0.02516	0.01929	0.02609	0.02548	0.01594	0.58170	0.03899	0.09284	0.02129	0.02099	0.01490	0.01024	0.00852	0.00256	0.00923	0.00772	0.00865	0.01447
14	0.01216	0.00912	0.01368	0.01368	0.01520	0.01064	0.01064	0.01520	0.01368	0.01976	0.02279	0.03343	0.02127	0.06382	0.66720	0.01368	0.02279	0.00912	0.00456	0.00760
15	0.01046	0.00864	0.00918	0.00905	0.01174	0.00736	0.00679	0.01300	0.02036	0.02527	0.20017	0.07815	0.52900	0.02070	0.01005	0.00283	0.00425	0.01743	0.00820	0.00736
16	0.01381	0.00939	0.01100	0.01092	0.01349	0.00850	0.00805	0.01730	0.05268	0.08796	0.13507	0.24603	0.31235	0.02085	0.01006	0.00299	0.00488	0.01802	0.00839	0.00828
17	0.01459	0.01301	0.01497	0.01470	0.01657	0.09187	0.01136	0.01752	0.01497	0.01989	0.02160	0.03119	0.02000	0.05701	0.58555	0.01225	0.02187	0.00867	0.00454	0.00788
18	0.03235	0.02384	0.02554	0.01958	0.02639	0.02639	0.01618	0.61946	0.04001	0.05363	0.02043	0.02043	0.01447	0.01022	0.00851	0.00255	0.00936	0.00766	0.00851	0.01447
19	0.01211	0.00829	0.00920	0.00920	0.00954	0.00813	0.00531	0.01236	0.01319	0.01726	0.03372	0.05874	0.10229	0.62190	0.03945	0.00763	0.00779	0.01303	0.00548	0.00539
20	0.01217	0.00908	0.01347	0.01347	0.01492	0.01053	0.01039	0.01507	0.01362	0.01961	0.02298	0.03445	0.02172	0.09308	0.63855	0.01343	0.02213	0.00927	0.00459	0.00749
21	0.02106	0.02022	0.03454	0.05223	0.64784	0.02022	0.02612	0.02612	0.01938	0.02780	0.01601	0.02106	0.01348	0.00758	0.00842	0.00253	0.01011	0.00758	0.00421	0.01348
22	0.01030	0.00863	0.00896	0.00888	0.01165	0.00729	0.00666	0.01269	0.01998	0.02437	0.15519	0.07963	0.57455	0.02104	0.01006	0.00285	0.00427	0.01764	0.00808	0.00729
23	0.02562	0.02795	0.02187	0.06310	0.09231	0.35819	0.01568	0.06467	0.02238	0.02557	0.01726	0.02078	0.01406	0.01220	0.04681	0.00294	0.01254	0.00663	0.13941	0.01003
24	0.06134	0.01709	0.01983	0.01598	0.02162	0.01761	0.01295	0.20708	0.12678	0.26128	0.11741	0.03128	0.02801	0.01149	0.00863	0.00266	0.00729	0.00929	0.00924	0.01315
25	0.02504	0.20641	0.05774	0.01839	0.02514	0.02008	0.11295	0.03041	0.06035	0.21063	0.05399	0.06101	0.02121	0.01004	0.00802	0.00244	0.00878	0.00868	0.00670	0.05199
26	0.08070	0.02440	0.02794	0.03651	0.35663	0.18652	0.02063	0.02922	0.04663	0.05577	0.01780	0.02306	0.01490	0.00890	0.00815	0.00253	0.01082	0.03188	0.00497	0.01202
27	0.07167	0.01736	0.01931	0.01610	0.02080	0.01901	0.01303	0.31849	0.06316	0.04203	0.15614	0.03478	0.03126	0.01889	0.09033	0.00404	0.00948	0.03459	0.00797	0.01155
28	0.10315	0.28928	0.02890	0.01603	0.02162	0.22467	0.01362	0.02833	0.02021	0.08141	0.04754	0.02195	0.05258	0.00942	0.00690	0.00220	0.01009	0.00651	0.00519	0.01039
29	0.02614	0.02070	0.02045	0.05769	0.05220	0.15102	0.01419	0.10469	0.11130	0.16621	0.12143	0.03285	0.06056	0.01165	0.00868	0.00259	0.00884	0.00940	0.00773	0.01166
30	0.02070	0.01790	0.02599	0.01999	0.02590	0.01773	0.16801	0.20275	0.05233	0.03482	0.06316	0.06932	0.15022	0.01262	0.00922	0.00265	0.00874	0.01143	0.00699	0.07954
31	0.05067	0.05863	0.13204	0.01832	0.02317	0.28235	0.01612	0.02545	0.01874	0.02179	0.01711	0.02442	0.01547	0.10567	0.14887	0.00542	0.01491	0.00716	0.00438	0.00931
32	0.35429	0.16094	0.02381	0.01779	0.08490	0.02302	0.01334	0.13798	0.02054	0.03546	0.01567	0.04989	0.01337	0.00912	0.00653	0.00248	0.00792	0.00647	0.00557	0.01090
33	0.06805	0.02221	0.05057	0.01528	0.01937	0.21603	0.01229	0.02550	0.09733	0.02736	0.16234	0.04331	0.17941	0.01386	0.00872	0.00260	0.00858	0.01101	0.00680	0.00939
34	0.02215	0.11089	0.06060	0.02718	0.22822	0.01826	0.01755	0.06423	0.02047	0.13051	0.02781	0.05499	0.08238	0.01634	0.07763	0.00371	0.01011	0.00915	0.00599	0.01179
35	0.01497	0.09719	0.01790	0.01411	0.01683	0.01478	0.01111	0.02083	0.11530	0.02377	0.03386	0.23911	0.06251	0.02752	0.14688	0.00519	0.05012	0.03872	0.00642	0.04290
36	0.02706	0.02709	0.02319	0.02282	0.10063	0.28438	0.01589	0.15685	0.05323	0.05670	0.12265	0.02650	0.02472	0.01057	0.00842	0.00244	0.01081	0.00818	0.00652	0.01134
37	0.02317	0.02417	0.01989	0.01927	0.04952	0.28790	0.01439	0.02598	0.02165	0.06496	0.10445	0.04074	0.09216	0.01388	0.01097	0.00276	0.08065	0.08783	0.00616	0.00949
38	0.07988	0.04923	0.05861	0.14730	0.03134	0.16852	0.04989	0.13497	0.02228	0.02876	0.01643	0.02154	0.01342	0.04340	0.06870	0.00381	0.03927	0.00717	0.00505	0.01044
39	0.02138	0.02550	0.15595	0.01954	0.05087	0.15031	0.01736	0.02903	0.11198	0.08465	0.07152	0.03991	0.08928	0.01286	0.00893	0.00278	0.00968	0.08102	0.00653	0.01092
40	0.11628	0.05819	0.05572	0.02887	0.23036	0.02225	0.01877	0.17021	0.08368	0.03523	0.01782	0.02021	0.01399	0.00899	0.00886	0.00255	0.04594	0.00707	0.00577	0.04923

[dist]
# distance from previous block
# <min> <max>
15	108

[block]
# block no. 5 follows, 21 sequences, length 111
# corresponding to MSA columns:
# 341-451
name=unknown_F
#
# <colnr> <probs for GDERKNQSTAVLIFYWHMCP>
#	G	D	E	R	K	N	Q	S	T	A	V	L	I	F	Y	W	H	M	C	P
0	0.02177	0.05219	0.05371	0.03642	0.36884	0.13651	0.02074	0.02584	0.01934	0.02559	0.01662	0.02134	0.01399	0.01169	0.04147	0.03352	0.01109	0.00712	0.07075	0.01149
1	0.02661	0.11941	0.03249	0.03001	0.18187	0.32091	0.08900	0.05530	0.02226	0.02462	0.01448	0.01765	0.01196	0.00816	0.00789	0.00232	0.01286	0.00651	0.00441	0.01129
2	0.01674	0.01524	0.01736	0.01881	0.09782	0.09567	0.03723	0.04463	0.01750	0.02212	0.02944	0.14564	0.06472	0.26305	0.07215	0.00557	0.01007	0.01254	0.00561	0.00812
3	0.01446	0.01071	0.01214	0.01120	0.01429	0.00998	0.00843	0.04299	0.06758	0.05572	0.16130	0.08847	0.27715	0.09486	0.01339	0.00337	0.00555	0.03769	0.00785	0.06287
4	0.01588	0.15842	0.02023	0.06418	0.01880	0.01616	0.01151	0.01908	0.01558	0.02262	0.02066	0.02831	0.01840	0.06150	0.26464	0.00690	0.04425	0.00782	0.17653	0.00850
5	0.02046	0.01766	0.02422	0.02460	0.15623	0.01736	0.06153	0.11928	0.11994	0.03223	0.02369	0.11228	0.02110	0.01082	0.00838	0.00241	0.00810	0.00968	0.00631	0.20371
6	0.02023	0.38186	0.27275	0.01962	0.02843	0.02743	0.04628	0.02576	0.01736	0.02295	0.01330	0.01600	0.01097	0.00811	0.00820	0.00232	0.05770	0.00563	0.00366	0.01145
7	0.02848	0.03428	0.02734	0.03128	0.21822	0.46712	0.01943	0.03155	0.02265	0.02298	0.01404	0.01711	0.01174	0.00840	0.00791	0.00230	0.01373	0.00613	0.00433	0.01098
8	0.02306	0.01638	0.01950	0.12732	0.05445	0.01809	0.01413	0.27233	0.02709	0.03908	0.02203	0.02498	0.01659	0.00970	0.00757	0.00239	0.00775	0.00774	0.27862	0.01119
9	0.01268	0.00937	0.01192	0.01117	0.01337	0.00894	0.00841	0.01809	0.06644	0.03423	0.60097	0.06135	0.07652	0.01699	0.00994	0.00269	0.00420	0.01499	0.00932	0.00841
10	0.01037	0.00741	0.00987	0.01185	0.01234	0.00691	0.00790	0.01185	0.01629	0.02172	0.04690	0.69537	0.05629	0.02666	0.01086	0.00346	0.00494	0.02419	0.00790	0.00691
11	0.01077	0.00797	0.00965	0.01080	0.01190	0.00734	0.00738	0.01231	0.01664	0.02141	0.05384	0.40564	0.20447	0.13164	0.01582	0.00408	0.00544	0.04868	0.00746	0.00675
12	0.01136	0.00856	0.01049	0.01024	0.01235	0.00770	0.00759	0.01464	0.02212	0.03000	0.43899	0.12433	0.23178	0.01935	0.01012	0.00280	0.00418	0.01687	0.00884	0.00770
13	0.38603	0.01428	0.01451	0.01231	0.01732	0.01482	0.00999	0.02828	0.01948	0.22743	0.14655	0.02858	0.02728	0.01064	0.00725	0.00264	0.00627	0.00801	0.00772	0.01060
14	0.02430	0.01607	0.01694	0.01389	0.01834	0.01737	0.01118	0.32652	0.02918	0.04293	0.02401	0.02595	0.01806	0.01007	0.00726	0.00227	0.00673	0.00779	0.36987	0.01128
15	0.03235	0.02384	0.02554	0.01958	0.02639	0.02639	0.01618	0.61946	0.04001	0.05363	0.02043	0.02043	0.01447	0.01022	0.00851	0.00255	0.00936	0.00766	0.00851	0.01447
16	0.01960	0.02702	0.17719	0.03597	0.13811	0.02094	0.39871	0.02701	0.01952	0.02728	0.01661	0.02159	0.01255	0.00743	0.00937	0.00278	0.01330	0.00885	0.00414	0.01203
17	0.02516	0.11736	0.32808	0.02037	0.02973	0.07820	0.02244	0.07648	0.02161	0.17278	0.01929	0.01994	0.01348	0.00878	0.00787	0.00252	0.01091	0.00663	0.00566	0.01272
18	0.02036	0.02218	0.04578	0.04050	0.21524	0.02115	0.44972	0.02694	0.01989	0.02741	0.01687	0.02242	0.01307	0.00729	0.00959	0.00277	0.01315	0.00935	0.00428	0.01204
19	0.01643	0.01384	0.01437	0.01311	0.01709	0.01452	0.01015	0.07288	0.27755	0.03063	0.05955	0.05617	0.33698	0.01649	0.00935	0.00285	0.00572	0.01368	0.00827	0.01038
20	0.02952	0.02223	0.02303	0.01825	0.02414	0.05288	0.01482	0.50414	0.03592	0.04822	0.02251	0.06806	0.01779	0.01127	0.00844	0.00256	0.00891	0.00873	0.06535	0.01323
21	0.02232	0.01790	0.15167	0.01574	0.02112	0.01177	0.01467	0.02628	0.01970	0.26199	0.03511	0.29865	0.03325	0.01659	0.00940	0.00298	0.00744	0.01446	0.00798	0.01099
22	0.01098	0.00831	0.01029	0.01162	0.01320	0.00762	0.00868	0.01320	0.01800	0.02293	0.05921	0.36931	0.24468	0.02434	0.01079	0.00337	0.00535	0.14304	0.00789	0.00720
23	0.01411	0.01199	0.01743	0.01630	0.01736	0.01531	0.01305	0.01680	0.01348	0.01997	0.01928	0.02895	0.01822	0.04902	0.47379	0.01067	0.22325	0.00861	0.00431	0.00812
24	0.01767	0.04032	0.55778	0.02804	0.10881	0.01989	0.05599	0.02687	0.01822	0.02706	0.01544	0.01854	0.01119	0.00799	0.00821	0.00268	0.01236	0.00660	0.00370	0.01264
25	0.02080	0.01786	0.01897	0.01724	0.02191	0.02061	0.01348	0.04386	0.60219	0.03510	0.03515	0.03492	0.02711	0.01214	0.00881	0.00294	0.00679	0.03831	0.00862	0.01319
26	0.01029	0.00863	0.00894	0.00887	0.01164	0.00728	0.00665	0.01266	0.01995	0.02430	0.15154	0.07975	0.57824	0.02107	0.01006	0.00285	0.00428	0.01766	0.00807	0.00728
27	0.01167	0.00903	0.01086	0.01138	0.01377	0.00822	0.00918	0.01478	0.02041	0.02607	0.18552	0.08284	0.33318	0.02136	0.01061	0.00318	0.00542	0.20677	0.00818	0.00757
28	0.02335	0.02456	0.03232	0.04577	0.51520	0.15819	0.02405	0.02780	0.02039	0.02631	0.01540	0.01984	0.01294	0.00784	0.00826	0.00246	0.01123	0.00713	0.00425	0.01271
29	0.01055	0.00748	0.00982	0.01162	0.01207	0.00703	0.00765	0.01190	0.01594	0.02126	0.04511	0.63814	0.05402	0.08699	0.01377	0.00389	0.00523	0.02314	0.00765	0.00676
30	0.02151	0.02108	0.03410	0.05096	0.62171	0.04740	0.02571	0.02645	0.01958	0.02751	0.01589	0.02082	0.01337	0.00763	0.00839	0.00251	0.01033	0.00749	0.00422	0.01333
31	0.02410	0.02227	0.02007	0.01616	0.02205	0.15531	0.01279	0.21210	0.02640	0.03370	0.02783	0.02838	0.11456	0.01052	0.00790	0.00213	0.00888	0.00805	0.00646	0.24034
32	0.01811	0.15650	0.09601	0.01384	0.02020	0.01582	0.01290	0.02215	0.01927	0.07007	0.13029	0.06047	0.08181	0.01112	0.00766	0.00212	0.00705	0.00906	0.00608	0.23949
33	0.02533	0.31523	0.06970	0.02084	0.06197	0.26840	0.01730	0.02833	0.01962	0.02123	0.01271	0.01543	0.01110	0.00860	0.00866	0.00223	0.07329	0.00544	0.00396	0.01063
34	0.01052	0.00864	0.00926	0.00910	0.01178	0.00738	0.00683	0.01310	0.02048	0.02557	0.21526	0.07765	0.51373	0.02059	0.01005	0.00283	0.00424	0.01737	0.00824	0.00738
35	0.02691	0.01960	0.02139	0.01740	0.02264	0.02139	0.01394	0.46239	0.03394	0.04582	0.02642	0.16498	0.02373	0.01371	0.00890	0.00272	0.00817	0.01120	0.04219	0.01256
36	0.02219	0.01805	0.01927	0.01719	0.02210	0.02065	0.01341	0.04500	0.59598	0.07268	0.03457	0.03158	0.02568	0.01148	0.00865	0.00287	0.00677	0.00956	0.00877	0.01353
37	0.01275	0.00985	0.01425	0.01393	0.01513	0.01172	0.01070	0.01533	0.01347	0.01944	0.02224	0.03473	0.02152	0.13421	0.53761	0.01216	0.07957	0.00935	0.00456	0.00746
38	0.01015	0.00825	0.00901	0.00962	0.01176	0.00710	0.00691	0.01210	0.01844	0.02260	0.07407	0.27132	0.46279	0.02313	0.01031	0.00305	0.00450	0.01988	0.00790	0.00710
39	0.01006	0.00862	0.00862	0.00862	0.01149	0.00718	0.00647	0.01221	0.01940	0.02299	0.08621	0.08190	0.64438	0.02155	0.01006	0.00287	0.00431	0.01796	0.00790	0.00718
40	0.03112	0.03148	0.02380	0.02011	0.02541	0.35285	0.01573	0.28567	0.03061	0.03560	0.01713	0.01848	0.01310	0.00946	0.00794	0.00234	0.01211	0.00656	0.04876	0.01174
41	0.03179	0.04056	0.02412	0.02192	0.02631	0.66676	0.01644	0.03398	0.02412	0.02083	0.01315	0.01535	0.01096	0.00877	0.00767	0.00219	0.01535	0.00548	0.00438	0.00987
42	0.01738	0.04218	0.60882	0.02641	0.08397	0.01980	0.03103	0.02689	0.01808	0.02702	0.01533	0.01821	0.01099	0.00805	0.00811	0.00268	0.01239	0.00639	0.00364	0.01265
43	0.18510	0.02911	0.18943	0.02546	0.15059	0.14999	0.02028	0.02949	0.01949	0.10182	0.01639	0.01844	0.01222	0.00837	0.00751	0.00254	0.01072	0.00628	0.00506	0.01170
44	0.03145	0.07322	0.02575	0.02074	0.02608	0.42163	0.01625	0.22446	0.02891	0.03148	0.01545	0.01691	0.01210	0.00916	0.00782	0.00229	0.01304	0.00614	0.00569	0.01143
45	0.01474	0.00957	0.01065	0.00985	0.01324	0.00811	0.00757	0.01725	0.02061	0.12515	0.12674	0.07180	0.49481	0.01942	0.00982	0.00282	0.00475	0.01623	0.00845	0.00843
46	0.02395	0.24483	0.06364	0.02275	0.02969	0.16029	0.17634	0.05755	0.09268	0.02579	0.01676	0.01910	0.01338	0.00823	0.00777	0.00237	0.01169	0.00702	0.00478	0.01138
47	0.02978	0.03635	0.02320	0.02105	0.02552	0.54485	0.01588	0.03610	0.13899	0.02362	0.01721	0.01844	0.01380	0.00929	0.00786	0.00232	0.01372	0.00626	0.00519	0.01055
48	0.01145	0.00890	0.01056	0.01077	0.01318	0.00800	0.00850	0.01456	0.02089	0.02696	0.24946	0.07925	0.34315	0.02069	0.01041	0.00304	0.00497	0.13936	0.00834	0.00758
49	0.02138	0.01958	0.03223	0.28153	0.17334	0.02129	0.13791	0.15129	0.02302	0.03090	0.01685	0.02192	0.01277	0.00842	0.00879	0.00272	0.01125	0.00807	0.00498	0.01177
50	0.02920	0.02849	0.02330	0.02133	0.06749	0.29002	0.01566	0.25715	0.02910	0.03536	0.01804	0.01982	0.01389	0.00939	0.00783	0.00233	0.01121	0.00678	0.10197	0.01164
51	0.02912	0.03611	0.02451	0.02201	0.02550	0.53690	0.01688	0.03125	0.02187	0.02076	0.01275	0.01601	0.01100	0.01001	0.01178	0.00250	0.15114	0.00588	0.00425	0.00975
52	0.01113	0.00847	0.01054	0.01094	0.01246	0.00836	0.00784	0.01309	0.01589	0.02071	0.04928	0.18713	0.23593	0.14290	0.21838	0.00718	0.01077	0.01561	0.00644	0.00694
53	0.01238	0.00825	0.00928	0.00928	0.00928	0.00825	0.00516	0.01238	0.01238	0.01650	0.02681	0.05569	0.03094	0.70092	0.04331	0.00825	0.00825	0.01238	0.00516	0.00516
54	0.01037	0.00741	0.00987	0.01185	0.01234	0.00691	0.00790	0.01185	0.01629	0.02172	0.04690	0.69537	0.05629	0.02666	0.01086	0.00346	0.00494	0.02419	0.00790	0.00691
55	0.01216	0.00912	0.01368	0.01368	0.01520	0.01064	0.01064	0.01520	0.01368	0.01976	0.02279	0.03343	0.02127	0.06382	0.66720	0.01368	0.02279	0.00912	0.00456	0.00760
56	0.03179	0.04056	0.02412	0.02192	0.02631	0.66676	0.01644	0.03398	0.02412	0.02083	0.01315	0.01535	0.01096	0.00877	0.00767	0.00219	0.01535	0.00548	0.00438	0.00987
57	0.01111	0.00896	0.01008	0.01064	0.01325	0.00793	0.00854	0.01377	0.01945	0.02370	0.07441	0.08594	0.47371	0.02211	0.01054	0.00317	0.00532	0.18209	0.00788	0.00737
58	0.01082	0.00865	0.00925	0.00937	0.01165	0.00760	0.00688	0.01284	0.01845	0.02261	0.09885	0.07776	0.46982	0.13510	0.01575	0.00384	0.00523	0.06109	0.00751	0.00693
59	0.01050	0.00838	0.00940	0.00970	0.01190	0.00728	0.00706	0.01285	0.01961	0.02480	0.18194	0.20939	0.41347	0.02187	0.01023	0.00296	0.00439	0.01881	0.00818	0.00728
60	0.01098	0.00815	0.01039	0.01194	0.01323	0.00755	0.00877	0.01310	0.01762	0.02275	0.05492	0.44297	0.18030	0.02493	0.01087	0.00343	0.00539	0.13765	0.00789	0.00716
61	0.03179	0.04056	0.02412	0.02192	0.02631	0.66676	0.01644	0.03398	0.02412	0.02083	0.01315	0.01535	0.01096	0.00877	0.00767	0.00219	0.01535	0.00548	0.00438	0.00987
62	0.01696	0.00967	0.01201	0.01174	0.01462	0.00853	0.00890	0.01929	0.01953	0.16886	0.05785	0.27358	0.25961	0.02084	0.01011	0.00309	0.00547	0.06202	0.00851	0.00884
63	0.01707	0.04402	0.65683	0.02426	0.03683	0.01976	0.03144	0.02695	0.01797	0.02695	0.01527	0.01797	0.01078	0.00809	0.00809	0.00270	0.01258	0.00629	0.00359	0.01258
64	0.02839	0.03150	0.02558	0.02392	0.07347	0.37032	0.01758	0.13733	0.02440	0.02727	0.01430	0.01738	0.01184	0.01018	0.01199	0.00259	0.14965	0.00644	0.00499	0.01087
65	0.01177	0.00827	0.00919	0.00933	0.00994	0.00794	0.00561	0.01231	0.01407	0.01818	0.04025	0.10553	0.15704	0.51629	0.03431	0.00683	0.00722	0.01433	0.00590	0.00569
66	0.02252	0.02106	0.02993	0.03364	0.28530	0.06424	0.08930	0.12792	0.02291	0.03141	0.01809	0.05348	0.01537	0.00879	0.00833	0.00237	0.00992	0.00812	0.00531	0.14200
67	0.02179	0.46788	0.03563	0.01460	0.02164	0.05138	0.01351	0.02639	0.06509	0.02304	0.01440	0.01604	0.01247	0.00744	0.00599	0.00179	0.00851	0.00509	0.00438	0.18295
68	0.02283	0.38911	0.08709	0.02161	0.07890	0.05717	0.07871	0.06929	0.07353	0.02570	0.01566	0.01770	0.01290	0.00800	0.00698	0.00222	0.01009	0.00621	0.00457	0.01175
69	0.05222	0.00943	0.01321	0.01314	0.01490	0.01090	0.01024	0.01604	0.01401	0.02157	0.02256	0.03227	0.02067	0.05710	0.58598	0.01228	0.02062	0.00880	0.05636	0.00771
70	0.02275	0.70604	0.04459	0.01456	0.02184	0.03367	0.01456	0.02548	0.01729	0.02002	0.01183	0.01365	0.01092	0.00728	0.00546	0.00182	0.00910	0.00455	0.00364	0.01092
71	0.01204	0.00815	0.00958	0.01005	0.01022	0.00806	0.00605	0.01250	0.01343	0.01789	0.03146	0.18082	0.03659	0.54233	0.03573	0.00714	0.00759	0.03896	0.00580	0.00561
72	0.08050	0.02433	0.07204	0.02357	0.10690	0.02460	0.01810	0.45788	0.03395	0.04726	0.01888	0.01987	0.01371	0.00956	0.00824	0.00257	0.00950	0.00734	0.00737	0.01384
73	0.01074	0.00871	0.00956	0.00953	0.01215	0.00754	0.00726	0.01343	0.02050	0.02572	0.21279	0.07850	0.47801	0.02071	0.01015	0.00289	0.00445	0.05171	0.00824	0.00742
74	0.01078	0.00758	0.00975	0.01133	0.01172	0.00718	0.00734	0.01196	0.01550	0.02067	0.04283	0.56572	0.05115	0.16332	0.01744	0.00443	0.00561	0.02180	0.00734	0.00656
75	0.01048	0.00774	0.00955	0.01093	0.01189	0.00709	0.00735	0.01197	0.01661	0.02153	0.05352	0.50799	0.17955	0.08509	0.01355	0.00376	0.00510	0.02182	0.00766	0.00682
76	0.10739	0.40001	0.24907	0.01746	0.02631	0.02723	0.01968	0.02593	0.01719	0.02451	0.01300	0.01514	0.01067	0.00763	0.00633	0.00221	0.00999	0.00515	0.00382	0.01128
77	0.01543	0.01430	0.02135	0.01900	0.02004	0.01802	0.05608	0.01783	0.01442	0.02109	0.02235	0.17883	0.02390	0.02752	0.15915	0.00573	0.33965	0.01186	0.00491	0.00854
78	0.01233	0.00941	0.01115	0.01065	0.01318	0.00865	0.00817	0.04153	0.02283	0.03046	0.37895	0.07021	0.27889	0.01894	0.01008	0.00282	0.00459	0.05048	0.00871	0.00800
79	0.05973	0.03312	0.02204	0.01954	0.02417	0.45932	0.01493	0.12531	0.02572	0.02709	0.02284	0.02391	0.08573	0.01047	0.00799	0.00235	0.01272	0.00726	0.00550	0.01027
80	0.01222	0.00819	0.00933	0.00948	0.00952	0.00815	0.00537	0.01234	0.01268	0.01690	0.02836	0.10504	0.03289	0.64890	0.04081	0.00788	0.00799	0.01329	0.00537	0.00529
81	0.01052	0.00837	0.00931	0.00961	0.01175	0.00730	0.00693	0.01271	0.01914	0.02407	0.15733	0.20236	0.41473	0.05262	0.01172	0.00321	0.00457	0.01859	0.00799	0.00716
82	0.01450	0.00935	0.01151	0.01058	0.01339	0.00829	0.00807	0.01785	0.02267	0.10334	0.39981	0.06517	0.24753	0.01788	0.00987	0.00273	0.00448	0.01538	0.00905	0.00853
83	0.01108	0.00872	0.01004	0.00987	0.01233	0.00768	0.00750	0.01411	0.02137	0.02777	0.31681	0.07499	0.37704	0.01992	0.01014	0.00285	0.00437	0.04732	0.00851	0.00757
84	0.02275	0.70604	0.04459	0.01456	0.02184	0.03367	0.01456	0.02548	0.01729	0.02002	0.01183	0.01365	0.01092	0.00728	0.00546	0.00182	0.00910	0.00455	0.00364	0.01092
85	0.02275	0.70604	0.04459	0.01456	0.02184	0.03367	0.01456	0.02548	0.01729	0.02002	0.01183	0.01365	0.01092	0.00728	0.00546	0.00182	0.00910	0.00455	0.00364	0.01092
86	0.01042	0.00835	0.00932	0.00967	0.01187	0.00725	0.00703	0.01269	0.01937	0.02433	0.15888	0.22130	0.42538	0.02213	0.01024	0.00298	0.00441	0.01903	0.00812	0.00725
87	0.01839	0.01366	0.01734	0.01550	0.01865	0.01550	0.01235	0.20178	0.02181	0.03022	0.02206	0.02942	0.01917	0.04727	0.46381	0.01024	0.01865	0.00867	0.00578	0.00972
88	0.01707	0.04402	0.65683	0.02426	0.03683	0.01976	0.03144	0.02695	0.01797	0.02695	0.01527	0.01797	0.01078	0.00809	0.00809	0.00270	0.01258	0.00629	0.00359	0.01258
89	0.01015	0.00825	0.00901	0.00962	0.01176	0.00710	0.00691	0.01210	0.01844	0.02260	0.07407	0.27132	0.46279	0.02313	0.01031	0.00305	0.00450	0.01988	0.00790	0.00710
90	0.01233	0.00906	0.01341	0.01341	0.01496	0.01051	0.01042	0.01541	0.01387	0.02030	0.02302	0.03335	0.02130	0.06136	0.63698	0.01314	0.02193	0.00906	0.03855	0.00761
91	0.01977	0.02156	0.08256	0.07800	0.43314	0.02001	0.10144	0.02522	0.01892	0.02678	0.01885	0.02366	0.04020	0.00858	0.00965	0.00267	0.04401	0.00824	0.00429	0.01246
92	0.02100	0.02240	0.02378	0.03062	0.26412	0.21115	0.01757	0.02408	0.01985	0.02382	0.02469	0.22755	0.02594	0.01383	0.00895	0.00271	0.01009	0.01208	0.00540	0.01036
93	0.02101	0.02037	0.03538	0.05136	0.61576	0.02029	0.05752	0.02618	0.01942	0.02777	0.01607	0.02116	0.01345	0.00756	0.00851	0.00255	0.01034	0.00771	0.00422	0.01337
94	0.01879	0.01700	0.02811	0.04095	0.45324	0.01700	0.02229	0.02350	0.01944	0.02708	0.02498	0.04420	0.02444	0.01250	0.00945	0.00296	0.00941	0.18759	0.00533	0.01174
95	0.02515	0.17939	0.03021	0.01897	0.02532	0.02502	0.08491	0.24979	0.15078	0.03741	0.02151	0.02232	0.01637	0.00943	0.00782	0.00244	0.00894	0.00764	0.06399	0.01259
96	0.02766	0.03220	0.02178	0.02062	0.04926	0.47008	0.01501	0.06140	0.02373	0.02476	0.05931	0.02152	0.01754	0.01186	0.03597	0.00273	0.01327	0.00676	0.07467	0.00986
97	0.01447	0.01157	0.01342	0.01365	0.01608	0.01220	0.01013	0.02425	0.23237	0.02789	0.09198	0.31922	0.09897	0.02000	0.01002	0.00318	0.00564	0.05731	0.00827	0.00937
98	0.01089	0.00781	0.01034	0.01150	0.01246	0.00726	0.00794	0.01315	0.01870	0.02555	0.23107	0.50028	0.06370	0.02380	0.01061	0.00322	0.00465	0.02147	0.00835	0.00726
99	0.02106	0.02022	0.03454	0.05223	0.64784	0.02022	0.02612	0.02612	0.01938	0.02780	0.01601	0.02106	0.01348	0.00758	0.00842	0.00253	0.01011	0.00758	0.00421	0.01348
