[name]
unknown

[dist]
# distance from previous block
# <min> <max>
0	57

[block]
# block no. 0 follows, 19 sequences, length 116
# corresponding to MSA columns:
# 58-173
name=unknown_A
#
# <colnr> <probs for GDERKNQSTAVLIFYWHMCP>
#	G	D	E	R	K	N	Q	S	T	A	V	L	I	F	Y	W	H	M	C	P
0	0.01507	0.01134	0.01617	0.01887	0.05626	0.01172	0.01503	0.01896	0.01988	0.02621	0.04282	0.09003	0.04633	0.05591	0.01460	0.00424	0.04010	0.48027	0.00766	0.00854
1	0.01758	0.07313	0.51029	0.06328	0.03686	0.02020	0.02925	0.02658	0.01901	0.02772	0.04671	0.05394	0.01725	0.00992	0.00863	0.00283	0.01213	0.00799	0.00431	0.01241
2	0.01252	0.01037	0.01118	0.01221	0.01359	0.04737	0.00844	0.01443	0.01885	0.02402	0.10997	0.43295	0.16565	0.05926	0.01275	0.00362	0.00583	0.02141	0.00808	0.00753
3	0.06386	0.01599	0.01822	0.01316	0.02096	0.01243	0.01054	0.02276	0.01835	0.02983	0.01569	0.01830	0.01303	0.00673	0.00656	0.00141	0.00664	0.00527	0.00532	0.69495
4	0.01650	0.01548	0.02573	0.62344	0.05854	0.01911	0.02373	0.02224	0.01804	0.02294	0.02054	0.02771	0.05004	0.00980	0.00905	0.00298	0.01147	0.00863	0.00424	0.00979
5	0.01794	0.04628	0.63923	0.02550	0.03872	0.02078	0.03305	0.02833	0.01889	0.02833	0.01606	0.01889	0.01133	0.00850	0.00850	0.00283	0.01322	0.00661	0.00378	0.01322
6	0.01182	0.00911	0.01079	0.01037	0.01285	0.00808	0.00778	0.01524	0.02333	0.03113	0.40846	0.07464	0.30397	0.02006	0.01056	0.00290	0.00435	0.01727	0.00922	0.00808
7	0.01057	0.00906	0.00906	0.00906	0.01208	0.00755	0.00680	0.01284	0.02039	0.02417	0.09063	0.08610	0.62615	0.02266	0.01057	0.00302	0.00453	0.01888	0.00831	0.00755
8	0.02214	0.02126	0.03631	0.05491	0.62978	0.02126	0.02746	0.02746	0.02037	0.02923	0.01683	0.02214	0.01417	0.00797	0.00886	0.00266	0.01063	0.00797	0.00443	0.01417
9	0.01554	0.00777	0.01166	0.01166	0.01166	0.00777	0.00777	0.01166	0.01166	0.01554	0.01554	0.02720	0.01554	0.03108	0.03497	0.73970	0.00777	0.00777	0.00389	0.00389
10	0.01101	0.00783	0.01035	0.01232	0.01281	0.00734	0.00816	0.01248	0.01692	0.02256	0.04825	0.64851	0.05783	0.06109	0.01313	0.00389	0.00537	0.02481	0.00816	0.00717
11	0.02085	0.02335	0.04843	0.03527	0.04276	0.02344	0.49809	0.02743	0.01984	0.02743	0.01701	0.02335	0.01326	0.00894	0.01379	0.00317	0.12740	0.01009	0.00442	0.01167
12	0.01609	0.01379	0.01945	0.01776	0.01871	0.01794	0.01435	0.01884	0.01450	0.02228	0.01916	0.02823	0.01782	0.03948	0.32061	0.00869	0.30160	0.00871	0.07319	0.00880
13	0.01090	0.00779	0.01038	0.01246	0.01298	0.00727	0.00830	0.01246	0.01713	0.02284	0.04931	0.67975	0.05917	0.02803	0.01142	0.00363	0.00519	0.02543	0.00830	0.00727
14	0.03277	0.08675	0.02682	0.02252	0.02734	0.60787	0.01715	0.03512	0.02486	0.02184	0.01373	0.01601	0.01152	0.00911	0.00791	0.00228	0.01569	0.00570	0.00456	0.01045
15	0.01084	0.00801	0.01015	0.01187	0.01282	0.00732	0.00805	0.01252	0.01769	0.02307	0.05640	0.57782	0.15652	0.02711	0.01127	0.00353	0.00508	0.02431	0.00831	0.00732
16	0.02404	0.01915	0.02150	0.01585	0.02352	0.01754	0.01287	0.22752	0.02690	0.03882	0.01788	0.01959	0.01395	0.00809	0.00745	0.00181	0.00777	0.00628	0.00660	0.48287
17	0.01363	0.01084	0.01601	0.01552	0.01692	0.01322	0.01224	0.01667	0.01429	0.02086	0.02243	0.03319	0.02103	0.06064	0.57220	0.01306	0.10497	0.00936	0.00468	0.00821
18	0.03401	0.02506	0.02685	0.02058	0.02774	0.02774	0.01700	0.59995	0.04206	0.05638	0.02148	0.02148	0.01521	0.01074	0.00895	0.00268	0.00984	0.00805	0.00895	0.01521
19	0.01265	0.00852	0.00986	0.01022	0.01031	0.00843	0.00592	0.01292	0.01372	0.01829	0.03182	0.16521	0.03710	0.57268	0.03968	0.00781	0.00808	0.01514	0.00592	0.00574
20	0.01999	0.01906	0.03242	0.30515	0.39638	0.02069	0.02638	0.02557	0.01935	0.02661	0.01645	0.02284	0.01325	0.00837	0.00889	0.00279	0.01116	0.00796	0.00424	0.01243
21	0.03345	0.04162	0.02544	0.02291	0.02766	0.61375	0.01727	0.06832	0.02632	0.02389	0.01427	0.01644	0.01174	0.00931	0.00812	0.00233	0.01577	0.00589	0.00486	0.01065
22	0.01087	0.00913	0.00948	0.00955	0.01248	0.00774	0.00727	0.01333	0.02064	0.02486	0.11409	0.08593	0.57069	0.02255	0.01066	0.00307	0.00471	0.04696	0.00838	0.00763
23	0.02214	0.02126	0.03631	0.05491	0.62978	0.02126	0.02746	0.02746	0.02037	0.02923	0.01683	0.02214	0.01417	0.00797	0.00886	0.00266	0.01063	0.00797	0.00443	0.01417
24	0.03365	0.03576	0.02594	0.02208	0.02769	0.40624	0.01718	0.25657	0.03189	0.03539	0.01682	0.01823	0.01297	0.00981	0.00841	0.00245	0.01367	0.00666	0.00631	0.01227
25	0.04014	0.01523	0.02076	0.01592	0.02284	0.01315	0.01315	0.04360	0.02561	0.63597	0.03530	0.03045	0.02215	0.01107	0.00900	0.00277	0.00761	0.00900	0.01107	0.01523
26	0.03401	0.02506	0.02685	0.02058	0.02774	0.02774	0.01700	0.59995	0.04206	0.05638	0.02148	0.02148	0.01521	0.01074	0.00895	0.00268	0.00984	0.00805	0.00895	0.01521
27	0.03342	0.04264	0.02535	0.02305	0.02766	0.64967	0.01729	0.03572	0.02535	0.02190	0.01383	0.01613	0.01152	0.00922	0.00807	0.00230	0.01613	0.00576	0.00461	0.01037
28	0.74878	0.01730	0.01315	0.01177	0.01730	0.02007	0.00969	0.02630	0.01523	0.04014	0.01246	0.01453	0.00969	0.00830	0.00554	0.00277	0.00692	0.00484	0.00554	0.00969
29	0.01097	0.00908	0.00962	0.00948	0.01233	0.00772	0.00711	0.01361	0.02133	0.02641	0.19273	0.08242	0.52265	0.02182	0.01057	0.00298	0.00447	0.01837	0.00860	0.00772
30	0.01079	0.00898	0.00943	0.00950	0.01227	0.00762	0.00705	0.01319	0.02063	0.02518	0.13814	0.12468	0.53656	0.02261	0.01063	0.00304	0.00455	0.01907	0.00845	0.00762
31	0.01161	0.00910	0.01050	0.01015	0.01272	0.00799	0.00761	0.01484	0.02283	0.02996	0.35490	0.07657	0.35826	0.02050	0.01056	0.00292	0.00438	0.01755	0.00907	0.00799
32	0.07110	0.01855	0.02240	0.01725	0.02419	0.01825	0.01425	0.22514	0.03052	0.41829	0.02970	0.02677	0.01929	0.01084	0.00882	0.00274	0.00831	0.00849	0.01012	0.01496
33	0.01794	0.04628	0.63923	0.02550	0.03872	0.02078	0.03305	0.02833	0.01889	0.02833	0.01606	0.01889	0.01133	0.00850	0.00850	0.00283	0.01322	0.00661	0.00378	0.01322
34	0.01057	0.00906	0.00906	0.00906	0.01208	0.00755	0.00680	0.01284	0.02039	0.02417	0.09063	0.08610	0.62615	0.02266	0.01057	0.00302	0.00453	0.01888	0.00831	0.00755
35	0.01064	0.00878	0.00935	0.00980	0.01228	0.00749	0.00713	0.01276	0.01968	0.02388	0.08162	0.21551	0.50255	0.02383	0.01076	0.00315	0.00468	0.02031	0.00831	0.00749
36	0.03342	0.04264	0.02535	0.02305	0.02766	0.64967	0.01729	0.03572	0.02535	0.02190	0.01383	0.01613	0.01152	0.00922	0.00807	0.00230	0.01613	0.00576	0.00461	0.01037
37	0.01599	0.01377	0.01424	0.01330	0.01727	0.01437	0.01021	0.02893	0.29545	0.03031	0.06549	0.06165	0.34849	0.01778	0.00989	0.00303	0.00571	0.01482	0.00868	0.01062
38	0.01278	0.00959	0.01438	0.01438	0.01598	0.01118	0.01118	0.01598	0.01438	0.02077	0.02396	0.03515	0.02237	0.06710	0.65013	0.01438	0.02396	0.00959	0.00479	0.00799
39	0.01253	0.00936	0.01200	0.01350	0.01545	0.00883	0.01089	0.01554	0.01971	0.02513	0.05958	0.23528	0.20935	0.02495	0.01165	0.00370	0.00650	0.28995	0.00827	0.00782
40	0.01855	0.01590	0.01855	0.01325	0.02120	0.01193	0.01060	0.02253	0.01855	0.02915	0.01590	0.01855	0.01325	0.00663	0.00663	0.00133	0.00663	0.00530	0.00530	0.74028
41	0.02112	0.02413	0.05279	0.03771	0.04676	0.02262	0.59729	0.02866	0.02112	0.02866	0.01810	0.02413	0.01357	0.00754	0.01056	0.00302	0.01508	0.01056	0.00452	0.01207
42	0.03052	0.02333	0.02488	0.01988	0.02641	0.02611	0.01616	0.43597	0.21173	0.05076	0.02591	0.02501	0.01881	0.01115	0.00900	0.00279	0.00902	0.00867	0.00900	0.01490
43	0.01057	0.00906	0.00906	0.00906	0.01208	0.00755	0.00680	0.01284	0.02039	0.02417	0.09063	0.08610	0.62615	0.02266	0.01057	0.00302	0.00453	0.01888	0.00831	0.00755
44	0.02905	0.03505	0.02558	0.02286	0.02628	0.44530	0.01770	0.03268	0.05876	0.02276	0.01468	0.01812	0.01256	0.01111	0.01379	0.00278	0.18920	0.00658	0.00470	0.01045
45	0.01442	0.01030	0.01442	0.01648	0.01854	0.01030	0.01442	0.01854	0.02060	0.02677	0.04737	0.10092	0.05149	0.02471	0.01236	0.00412	0.00824	0.56956	0.00824	0.00824
46	0.03351	0.03986	0.02559	0.02266	0.02767	0.55143	0.01724	0.12485	0.02799	0.02734	0.01504	0.01698	0.01211	0.00946	0.00821	0.00236	0.01514	0.00612	0.00530	0.01114
47	0.03313	0.02845	0.02657	0.02125	0.02750	0.15782	0.01720	0.45168	0.03709	0.04735	0.01937	0.02026	0.01426	0.01068	0.00983	0.00267	0.04563	0.00756	0.00778	0.01392
48	0.01090	0.00779	0.01038	0.01246	0.01298	0.00727	0.00830	0.01246	0.01713	0.02284	0.04931	0.67975	0.05917	0.02803	0.01142	0.00363	0.00519	0.02543	0.00830	0.00727
49	0.01794	0.04628	0.63923	0.02550	0.03872	0.02078	0.03305	0.02833	0.01889	0.02833	0.01606	0.01889	0.01133	0.00850	0.00850	0.00283	0.01322	0.00661	0.00378	0.01322
50	0.03342	0.04264	0.02535	0.02305	0.02766	0.64967	0.01729	0.03572	0.02535	0.02190	0.01383	0.01613	0.01152	0.00922	0.00807	0.00230	0.01613	0.00576	0.00461	0.01037
51	0.74878	0.01730	0.01315	0.01177	0.01730	0.02007	0.00969	0.02630	0.01523	0.04014	0.01246	0.01453	0.00969	0.00830	0.00554	0.00277	0.00692	0.00484	0.00554	0.00969
52	0.01300	0.00873	0.01002	0.01002	0.01012	0.00882	0.00575	0.01318	0.01309	0.01754	0.02795	0.05720	0.03194	0.65002	0.08030	0.00900	0.00955	0.01281	0.00538	0.00557
53	0.24619	0.02276	0.02278	0.01797	0.02464	0.02547	0.01483	0.42966	0.03410	0.05156	0.01880	0.01942	0.01357	0.01002	0.00794	0.00271	0.00898	0.00710	0.00794	0.01357
54	0.02214	0.02126	0.03631	0.05491	0.62978	0.02126	0.02746	0.02746	0.02037	0.02923	0.01683	0.02214	0.01417	0.00797	0.00886	0.00266	0.01063	0.00797	0.00443	0.01417
55	0.01985	0.25207	0.45014	0.02225	0.03369	0.02545	0.02739	0.02784	0.01866	0.02601	0.01490	0.01744	0.01138	0.00823	0.00762	0.00254	0.01206	0.00603	0.00379	0.01267
56	0.01057	0.00906	0.00906	0.00906	0.01208	0.00755	0.00680	0.01284	0.02039	0.02417	0.09063	0.08610	0.62615	0.02266	0.01057	0.00302	0.00453	0.01888	0.00831	0.00755
57	0.02214	0.02126	0.03631	0.05491	0.62978	0.02126	0.02746	0.02746	0.02037	0.02923	0.01683	0.02214	0.01417	0.00797	0.00886	0.00266	0.01063	0.00797	0.00443	0.01417
58	0.02094	0.02003	0.03414	0.19470	0.49940	0.02094	0.02686	0.02640	0.01980	0.02777	0.01662	0.02253	0.01366	0.00819	0.00888	0.00273	0.01093	0.00797	0.00432	0.01320
59	0.02337	0.02358	0.03512	0.05145	0.56443	0.08946	0.02635	0.02835	0.02091	0.02843	0.01650	0.02149	0.01388	0.00811	0.00877	0.00262	0.01123	0.00773	0.00445	0.01376
60	0.03342	0.04264	0.02535	0.02305	0.02766	0.64967	0.01729	0.03572	0.02535	0.02190	0.01383	0.01613	0.01152	0.00922	0.00807	0.00230	0.01613	0.00576	0.00461	0.01037
61	0.01554	0.00777	0.01166	0.01166	0.01166	0.00777	0.00777	0.01166	0.01166	0.01554	0.01554	0.02720	0.01554	0.03108	0.03497	0.73970	0.00777	0.00777	0.00389	0.00389
62	0.01839	0.01847	0.03410	0.03574	0.24389	0.01762	0.21931	0.02348	0.02023	0.02736	0.03402	0.11638	0.12469	0.01286	0.01006	0.00297	0.01045	0.01293	0.00561	0.01144
63	0.01150	0.00897	0.00965	0.00955	0.01166	0.00797	0.00667	0.01345	0.01916	0.02403	0.14958	0.07618	0.39464	0.19537	0.01971	0.00447	0.00557	0.01697	0.00777	0.00712
64	0.01068	0.00866	0.00948	0.01014	0.01237	0.00746	0.00728	0.01272	0.01936	0.02375	0.07753	0.27425	0.44645	0.02436	0.01084	0.00322	0.00474	0.02096	0.00831	0.00746
65	0.02214	0.02126	0.03631	0.05491	0.62978	0.02126	0.02746	0.02746	0.02037	0.02923	0.01683	0.02214	0.01417	0.00797	0.00886	0.00266	0.01063	0.00797	0.00443	0.01417
66	0.01983	0.01889	0.03213	0.32358	0.37920	0.02065	0.02631	0.02543	0.01928	0.02642	0.01642	0.02290	0.01318	0.00840	0.00890	0.00280	0.01120	0.00796	0.00423	0.01230
67	0.01856	0.01631	0.01945	0.01737	0.02029	0.01943	0.01376	0.03134	0.28140	0.03201	0.16873	0.04103	0.07709	0.01519	0.01483	0.00321	0.17937	0.01151	0.00786	0.01126
68	0.01090	0.00779	0.01038	0.01246	0.01298	0.00727	0.00830	0.01246	0.01713	0.02284	0.04931	0.67975	0.05917	0.02803	0.01142	0.00363	0.00519	0.02543	0.00830	0.00727
69	0.02254	0.02575	0.18245	0.05238	0.02919	0.02089	0.01954	0.04091	0.37280	0.09067	0.02995	0.02884	0.02187	0.01093	0.00893	0.00295	0.00898	0.00898	0.00764	0.01380
70	0.03149	0.02531	0.02684	0.02125	0.02701	0.07000	0.01746	0.46224	0.03606	0.04805	0.01929	0.02079	0.01437	0.01148	0.01239	0.00287	0.12349	0.00786	0.00779	0.01395
71	0.01145	0.00802	0.01022	0.01175	0.01213	0.00763	0.00755	0.01260	0.01605	0.02140	0.04379	0.51733	0.05220	0.19995	0.02034	0.00495	0.00610	0.02219	0.00755	0.00678
72	0.06665	0.03788	0.02509	0.02202	0.02720	0.49363	0.01688	0.15041	0.02829	0.02978	0.01533	0.01715	0.01219	0.00949	0.00813	0.00240	0.01442	0.00619	0.00554	0.01133
73	0.01070	0.00907	0.00924	0.00920	0.01216	0.00761	0.00690	0.01309	0.02070	0.02489	0.12349	0.08491	0.59284	0.02239	0.01057	0.00301	0.00451	0.01872	0.00840	0.00761
74	0.01844	0.01410	0.01711	0.01522	0.01699	0.01622	0.01129	0.13921	0.01969	0.02711	0.02441	0.07243	0.02518	0.30439	0.12078	0.00716	0.12437	0.01121	0.00597	0.00871
75	0.01297	0.00883	0.01055	0.01055	0.01083	0.00910	0.00641	0.01352	0.01325	0.01793	0.02746	0.05453	0.03078	0.57939	0.14935	0.00965	0.01130	0.01242	0.00531	0.00586
76	0.02392	0.69097	0.04688	0.01531	0.02296	0.03540	0.01531	0.02679	0.01818	0.02105	0.01244	0.01435	0.01148	0.00765	0.00574	0.00191	0.00957	0.00478	0.00383	0.01148
77	0.01794	0.04628	0.63923	0.02550	0.03872	0.02078	0.03305	0.02833	0.01889	0.02833	0.01606	0.01889	0.01133	0.00850	0.00850	0.00283	0.01322	0.00661	0.00378	0.01322
78	0.01938	0.01513	0.01654	0.01537	0.01951	0.01631	0.01190	0.03470	0.35410	0.07326	0.05023	0.11035	0.16495	0.01657	0.00981	0.00313	0.00642	0.04160	0.00894	0.01180
79	0.03653	0.02102	0.02435	0.01867	0.02573	0.02175	0.01542	0.37140	0.03530	0.29447	0.02715	0.02516	0.01806	0.01088	0.00897	0.00272	0.00893	0.00844	0.00982	0.01522
80	0.01127	0.00909	0.01003	0.00979	0.01251	0.00785	0.00735	0.01419	0.02204	0.02807	0.26873	0.07968	0.44562	0.02120	0.01057	0.00295	0.00443	0.01798	0.00882	0.00785
81	0.01057	0.00906	0.00906	0.00906	0.01208	0.00755	0.00680	0.01284	0.02039	0.02417	0.09063	0.08610	0.62615	0.02266	0.01057	0.00302	0.00453	0.01888	0.00831	0.00755
82	0.03342	0.04264	0.02535	0.02305	0.02766	0.64967	0.01729	0.03572	0.02535	0.02190	0.01383	0.01613	0.01152	0.00922	0.00807	0.00230	0.01613	0.00576	0.00461	0.01037
83	0.03401	0.02506	0.02685	0.02058	0.02774	0.02774	0.01700	0.59995	0.04206	0.05638	0.02148	0.02148	0.01521	0.01074	0.00895	0.00268	0.00984	0.00805	0.00895	0.01521
84	0.02203	0.48694	0.23434	0.01853	0.02795	0.03077	0.02092	0.02728	0.01840	0.02335	0.01358	0.01579	0.01143	0.00792	0.00661	0.00220	0.01072	0.00536	0.00381	0.01203
85	0.02214	0.02126	0.03631	0.05491	0.62978	0.02126	0.02746	0.02746	0.02037	0.02923	0.01683	0.02214	0.01417	0.00797	0.00886	0.00266	0.01063	0.00797	0.00443	0.01417
86	0.03217	0.07379	0.02718	0.02483	0.06839	0.57601	0.01788	0.03471	0.02465	0.02235	0.01396	0.01645	0.01170	0.00906	0.00800	0.00231	0.01543	0.00586	0.00456	0.01069
87	0.02639	0.02298	0.20293	0.01836	0.02577	0.01490	0.01855	0.03184	0.02067	0.29450	0.02661	0.02824	0.01899	0.02496	0.17648	0.00582	0.01356	0.00844	0.00726	0.01274
88	0.01070	0.00904	0.00910	0.00910	0.01196	0.00761	0.00673	0.01285	0.02001	0.02382	0.08743	0.08469	0.59574	0.05661	0.01236	0.00331	0.00474	0.01858	0.00816	0.00744
89	0.01414	0.01240	0.04118	0.01169	0.01547	0.01044	0.00954	0.02008	0.09605	0.05685	0.16946	0.07037	0.40041	0.01937	0.01021	0.00297	0.00535	0.01627	0.00859	0.00916
90	0.03152	0.03796	0.02732	0.02838	0.13105	0.50601	0.01902	0.06675	0.02546	0.02514	0.01478	0.01747	0.01219	0.00909	0.00825	0.00239	0.01483	0.00627	0.00483	0.01130
91	0.01090	0.00779	0.01038	0.01246	0.01298	0.00727	0.00830	0.01246	0.01713	0.02284	0.04931	0.67975	0.05917	0.02803	0.01142	0.00363	0.00519	0.02543	0.00830	0.00727
92	0.01301	0.00867	0.00976	0.00976	0.00976	0.00867	0.00542	0.01301	0.01301	0.01735	0.02819	0.05855	0.03253	0.68559	0.04554	0.00867	0.00867	0.01301	0.00542	0.00542
93	0.01119	0.00909	0.00992	0.00971	0.01246	0.00782	0.00729	0.01404	0.02186	0.02764	0.24927	0.08038	0.46534	0.02136	0.01057	0.00296	0.00444	0.01808	0.00877	0.00782
94	0.02183	0.02520	0.05121	0.03686	0.04565	0.05884	0.56378	0.02907	0.02136	0.02827	0.01785	0.02367	0.01346	0.00764	0.01041	0.00298	0.01514	0.01028	0.00453	0.01197
95	0.01090	0.00779	0.01038	0.01246	0.01298	0.00727	0.00830	0.01246	0.01713	0.02284	0.04931	0.67975	0.05917	0.02803	0.01142	0.00363	0.00519	0.02543	0.00830	0.00727
96	0.01278	0.00959	0.01438	0.01438	0.01598	0.01118	0.01118	0.01598	0.01438	0.02077	0.02396	0.03515	0.02237	0.06710	0.65013	0.01438	0.02396	0.00959	0.00479	0.00799
97	0.01814	0.04492	0.60318	0.02625	0.03922	0.02089	0.06774	0.02835	0.01903	0.02835	0.01618	0.01921	0.01147	0.00844	0.00863	0.00284	0.01334	0.00685	0.00382	0.01315
98	0.01483	0.01162	0.01572	0.01478	0.01562	0.01414	0.01122	0.01699	0.01427	0.02124	0.02264	0.03737	0.02254	0.21117	0.28301	0.00923	0.17237	0.00994	0.07353	0.00778
99	0.01290	0.00863	0.00979	0.00990	0.00993	0.00860	0.00557	0.01298	0.01323	0.01763	0.02929	0.09102	0.03392	0.65122	0.04375	0.00841	0.00849	0.01366	0.00557	0.00552
100	0.03342	0.04264	0.02535	0.02305	0.02766	0.64967	0.01729	0.03572	0.02535	0.02190	0.01383	0.01613	0.01152	0.00922	0.00807	0.00230	0.01613	0.00576	0.00461	0.01037
101	0.30855	0.02797	0.22901	0.02198	0.03066	0.02026	0.14646	0.02700	0.01826	0.03349	0.04691	0.02082	0.01499	0.00872	0.00788	0.00285	0.01066	0.00728	0.00496	0.01132
102	0.02320	0.09982	0.09302	0.04422	0.43994	0.09300	0.02551	0.02839	0.02055	0.02742	0.01594	0.02031	0.01331	0.00813	0.00839	0.00255	0.01137	0.00724	0.00432	0.01336
103	0.02214	0.02126	0.03631	0.05491	0.62978	0.02126	0.02746	0.02746	0.02037	0.02923	0.01683	0.02214	0.01417	0.00797	0.00886	0.00266	0.01063	0.00797	0.00443	0.01417
104	0.02133	0.01661	0.04995	0.01403	0.01831	0.05033	0.01180	0.10608	0.02345	0.10225	0.04422	0.04423	0.19873	0.01436	0.01005	0.00271	0.05194	0.01123	0.19802	0.01039
105	0.02175	0.02237	0.04269	0.04825	0.40415	0.02179	0.24798	0.02792	0.02066	0.02901	0.01732	0.02291	0.01394	0.00780	0.00952	0.00280	0.01235	0.00897	0.00447	0.01336
106	0.02846	0.03428	0.02484	0.02556	0.10125	0.46114	0.01752	0.03130	0.02284	0.02262	0.01595	0.02015	0.01372	0.01900	0.11841	0.00442	0.01679	0.00670	0.00462	0.01044
107	0.01859	0.11594	0.57522	0.02440	0.03702	0.02236	0.03114	0.02817	0.01881	0.02755	0.01566	0.01840	0.01135	0.00841	0.00820	0.00273	0.01283	0.00641	0.00378	0.01303
108	0.01492	0.01118	0.01614	0.01519	0.01725	0.01208	0.05014	0.04632	0.01776	0.02592	0.03116	0.22385	0.03182	0.03592	0.23852	0.00711	0.05078	0.01396	0.13140	0.00858
109	0.01346	0.01127	0.01382	0.01383	0.01578	0.04701	0.01059	0.01633	0.01623	0.02156	0.03655	0.08666	0.12792	0.05348	0.45994	0.01100	0.01890	0.01204	0.00562	0.00800
110	0.01914	0.01264	0.01571	0.01369	0.01676	0.01367	0.04184	0.11085	0.02152	0.03396	0.02555	0.03053	0.02050	0.01995	0.11441	0.00436	0.04582	0.00859	0.42087	0.00964
111	0.02411	0.01916	0.01918	0.01666	0.02147	0.07898	0.01304	0.11585	0.25295	0.10110	0.13331	0.04081	0.09732	0.01367	0.00936	0.00285	0.00767	0.01121	0.00889	0.01242
112	0.02703	0.03052	0.03157	0.04111	0.36896	0.29346	0.02305	0.03104	0.02253	0.02605	0.01553	0.01954	0.01302	0.00851	0.00851	0.00250	0.01301	0.00701	0.00451	0.01253
113	0.05932	0.03874	0.50398	0.02246	0.03348	0.01879	0.02782	0.02641	0.01969	0.03021	0.11205	0.02621	0.02278	0.01004	0.00865	0.00283	0.01144	0.00802	0.00484	0.01226
114	0.06796	0.07527	0.56818	0.02408	0.03651	0.02143	0.03061	0.02812	0.01861	0.02879	0.01564	0.01837	0.01123	0.00845	0.00817	0.00278	0.01262	0.00640	0.00390	0.01290
115	0.24902	0.06970	0.18633	0.01931	0.02716	0.13349	0.01897	0.13913	0.02333	0.03582	0.01539	0.01730	0.01162	0.00895	0.00744	0.00264	0.01093	0.00609	0.00547	0.01192

[dist]
# distance from previous block
# <min> <max>
0	1

[block]
# block no. 1 follows, 19 sequences, length 60
# corresponding to MSA columns:
# 175-234
name=unknown_B
#
# <colnr> <probs for GDERKNQSTAVLIFYWHMCP>
#	G	D	E	R	K	N	Q	S	T	A	V	L	I	F	Y	W	H	M	C	P
0	0.02047	0.14543	0.32138	0.03444	0.25020	0.02341	0.02805	0.02776	0.01931	0.02743	0.01573	0.01931	0.01239	0.00817	0.00817	0.00262	0.01167	0.00680	0.00402	0.01327
1	0.01534	0.01352	0.01975	0.02288	0.12071	0.01552	0.01485	0.01765	0.01668	0.02354	0.03282	0.37529	0.03768	0.02101	0.01623	0.00355	0.20011	0.01733	0.00636	0.00917
2	0.02593	0.02421	0.02504	0.02253	0.06344	0.16035	0.05697	0.21388	0.06243	0.03546	0.04887	0.05511	0.02121	0.02076	0.11785	0.00468	0.01344	0.00924	0.00670	0.01190
3	0.01700	0.01022	0.01267	0.01143	0.01469	0.00902	0.00879	0.02049	0.02388	0.14101	0.35597	0.06609	0.23763	0.01831	0.01028	0.00287	0.00493	0.01570	0.00960	0.00940
4	0.01855	0.01590	0.01855	0.01325	0.02120	0.01193	0.01060	0.02253	0.01855	0.02915	0.01590	0.01855	0.01325	0.00663	0.00663	0.00133	0.00663	0.00530	0.00530	0.74028
5	0.03401	0.02506	0.02685	0.02058	0.02774	0.02774	0.01700	0.59995	0.04206	0.05638	0.02148	0.02148	0.01521	0.01074	0.00895	0.00268	0.00984	0.00805	0.00895	0.01521
6	0.01301	0.00867	0.00976	0.00976	0.00976	0.00867	0.00542	0.01301	0.01301	0.01735	0.02819	0.05855	0.03253	0.68559	0.04554	0.00867	0.00867	0.01301	0.00542	0.00542
7	0.03835	0.01810	0.02254	0.01728	0.02427	0.01741	0.01428	0.20614	0.03041	0.46664	0.03126	0.02783	0.02012	0.01098	0.00898	0.00274	0.00826	0.00872	0.01045	0.01522
8	0.01843	0.01747	0.02960	0.48611	0.22761	0.02028	0.02561	0.02420	0.01861	0.02472	0.01617	0.02335	0.01258	0.00866	0.00892	0.00289	0.01155	0.00796	0.00411	0.01118
9	0.02859	0.02185	0.02394	0.01801	0.02545	0.02220	0.01476	0.39752	0.03382	0.04684	0.01952	0.02045	0.01453	0.00930	0.00813	0.00221	0.00872	0.00709	0.00767	0.26939
10	0.02225	0.01922	0.02023	0.01821	0.02326	0.02225	0.01416	0.04754	0.61361	0.03742	0.03641	0.03338	0.02731	0.01214	0.00910	0.00303	0.00708	0.01011	0.00910	0.01416
11	0.01057	0.00906	0.00906	0.00906	0.01208	0.00755	0.00680	0.01284	0.02039	0.02417	0.09063	0.08610	0.62615	0.02266	0.01057	0.00302	0.00453	0.01888	0.00831	0.00755
12	0.02225	0.01922	0.02023	0.01821	0.02326	0.02225	0.01416	0.04754	0.61361	0.03742	0.03641	0.03338	0.02731	0.01214	0.00910	0.00303	0.00708	0.01011	0.00910	0.01416
13	0.02112	0.02413	0.05279	0.03771	0.04676	0.02262	0.59729	0.02866	0.02112	0.02866	0.01810	0.02413	0.01357	0.00754	0.01056	0.00302	0.01508	0.01056	0.00452	0.01207
14	0.02214	0.02126	0.03631	0.05491	0.62978	0.02126	0.02746	0.02746	0.02037	0.02923	0.01683	0.02214	0.01417	0.00797	0.00886	0.00266	0.01063	0.00797	0.00443	0.01417
15	0.01158	0.00910	0.01045	0.01011	0.01270	0.00798	0.00759	0.01478	0.02276	0.02978	0.34691	0.07686	0.36637	0.02056	0.01056	0.00292	0.00438	0.01759	0.00905	0.00798
16	0.01690	0.01590	0.02683	0.66408	0.06162	0.01988	0.02485	0.02286	0.01789	0.02286	0.01590	0.02385	0.01193	0.00894	0.00894	0.00298	0.01193	0.00795	0.00398	0.00994
17	0.01794	0.04628	0.63923	0.02550	0.03872	0.02078	0.03305	0.02833	0.01889	0.02833	0.01606	0.01889	0.01133	0.00850	0.00850	0.00283	0.01322	0.00661	0.00378	0.01322
18	0.03401	0.02506	0.02685	0.02058	0.02774	0.02774	0.01700	0.59995	0.04206	0.05638	0.02148	0.02148	0.01521	0.01074	0.00895	0.00268	0.00984	0.00805	0.00895	0.01521
19	0.03538	0.03463	0.02401	0.02096	0.02625	0.46371	0.01608	0.03803	0.02543	0.20130	0.02010	0.02032	0.01463	0.00976	0.00834	0.00244	0.01364	0.00671	0.00650	0.01179
20	0.01231	0.00913	0.01147	0.01088	0.01315	0.00829	0.00816	0.01620	0.02449	0.03389	0.53437	0.07010	0.17634	0.01903	0.01056	0.00285	0.00427	0.01664	0.00959	0.00829
21	0.01957	0.01957	0.02740	0.02349	0.02349	0.02740	0.01957	0.02153	0.01370	0.02153	0.01174	0.01957	0.01174	0.01566	0.02936	0.00391	0.66921	0.00783	0.00391	0.00979
22	0.02392	0.69097	0.04688	0.01531	0.02296	0.03540	0.01531	0.02679	0.01818	0.02105	0.01244	0.01435	0.01148	0.00765	0.00574	0.00191	0.00957	0.00478	0.00383	0.01148
23	0.01057	0.00906	0.00906	0.00906	0.01208	0.00755	0.00680	0.01284	0.02039	0.02417	0.09063	0.08610	0.62615	0.02266	0.01057	0.00302	0.00453	0.01888	0.00831	0.00755
24	0.01266	0.01176	0.05594	0.01187	0.01493	0.00916	0.00989	0.01697	0.02398	0.03323	0.48564	0.06690	0.17676	0.01838	0.01041	0.00285	0.00492	0.01599	0.00914	0.00862
25	0.02392	0.69097	0.04688	0.01531	0.02296	0.03540	0.01531	0.02679	0.01818	0.02105	0.01244	0.01435	0.01148	0.00765	0.00574	0.00191	0.00957	0.00478	0.00383	0.01148
26	0.01823	0.04445	0.59754	0.02501	0.03768	0.02088	0.03178	0.02963	0.05894	0.02894	0.01743	0.01986	0.01241	0.00874	0.00854	0.00285	0.01281	0.00685	0.00414	0.01329
27	0.02092	0.30388	0.31870	0.02531	0.11151	0.02676	0.02512	0.02759	0.01880	0.02550	0.01469	0.01749	0.01177	0.00809	0.00743	0.00244	0.01140	0.00605	0.00388	0.01264
28	0.02116	0.02222	0.07565	0.13453	0.51386	0.02104	0.02748	0.02690	0.01994	0.02831	0.01665	0.02215	0.01368	0.00814	0.00884	0.00271	0.01098	0.00788	0.00432	0.01354
29	0.02061	0.01969	0.03354	0.23288	0.46379	0.02085	0.02669	0.02611	0.01965	0.02737	0.01656	0.02264	0.01352	0.00826	0.00888	0.00275	0.01101	0.00797	0.00430	0.01293
30	0.01431	0.01097	0.01504	0.01627	0.01798	0.01169	0.01374	0.01775	0.01938	0.02552	0.04661	0.15926	0.08864	0.02393	0.01406	0.00396	0.08300	0.40187	0.00776	0.00825
31	0.01495	0.01148	0.01435	0.01540	0.01803	0.01173	0.01285	0.02223	0.12099	0.02795	0.05223	0.12112	0.13561	0.02246	0.01148	0.00374	0.00730	0.35862	0.00840	0.00908
32	0.02915	0.02259	0.02791	0.06460	0.17012	0.02455	0.01923	0.39595	0.03412	0.04664	0.02055	0.02252	0.01527	0.00997	0.00876	0.00266	0.00979	0.00805	0.05336	0.01424
33	0.02529	0.01854	0.02032	0.01782	0.02319	0.02071	0.01399	0.04687	0.51384	0.13899	0.03622	0.03288	0.02643	0.01196	0.00909	0.00299	0.00717	0.00993	0.00944	0.01434
34	0.01278	0.00959	0.01438	0.01438	0.01598	0.01118	0.01118	0.01598	0.01438	0.02077	0.02396	0.03515	0.02237	0.06710	0.65013	0.01438	0.02396	0.00959	0.00479	0.00799
35	0.01922	0.03734	0.40264	0.03042	0.04196	0.02152	0.26068	0.02846	0.01979	0.02846	0.01688	0.02100	0.01224	0.00811	0.00933	0.00291	0.01397	0.00820	0.00408	0.01276
36	0.01067	0.00868	0.00946	0.01009	0.01236	0.00747	0.00726	0.01272	0.01940	0.02376	0.07808	0.26635	0.45399	0.02429	0.01083	0.00321	0.00473	0.02087	0.00831	0.00747
37	0.01267	0.00944	0.01026	0.00985	0.01294	0.00804	0.00746	0.01536	0.02158	0.06199	0.18267	0.07941	0.49429	0.02120	0.01048	0.00297	0.00466	0.01782	0.00874	0.00816
38	0.02158	0.02461	0.11708	0.05097	0.55060	0.02119	0.02821	0.02757	0.02017	0.02911	0.01672	0.02171	0.01379	0.00804	0.00881	0.00268	0.01098	0.00779	0.00434	0.01404
39	0.06302	0.21538	0.03797	0.24510	0.04156	0.02560	0.15400	0.02546	0.01827	0.02460	0.01490	0.02029	0.01204	0.00868	0.00963	0.00273	0.05831	0.00744	0.00415	0.01086
40	0.02443	0.03720	0.45854	0.02270	0.03408	0.01855	0.02724	0.03279	0.02085	0.20586	0.02168	0.02227	0.01449	0.00925	0.00865	0.00281	0.01158	0.00731	0.00591	0.01381
41	0.01831	0.04375	0.57245	0.02689	0.03964	0.02099	0.09731	0.02837	0.01914	0.02837	0.01629	0.01949	0.01159	0.00839	0.00873	0.00285	0.01343	0.00706	0.00386	0.01309
42	0.01383	0.01134	0.01841	0.01688	0.01908	0.01294	0.06415	0.01736	0.01495	0.02151	0.02289	0.03346	0.02110	0.05944	0.56486	0.01289	0.05214	0.00959	0.00473	0.00843
43	0.02961	0.03450	0.03206	0.02777	0.06682	0.38363	0.14077	0.09570	0.02550	0.02757	0.01567	0.01892	0.01253	0.00924	0.00968	0.00259	0.04369	0.00725	0.00503	0.01146
44	0.02555	0.02370	0.02247	0.02284	0.10317	0.21223	0.01579	0.02840	0.02182	0.12757	0.03586	0.03654	0.16010	0.01352	0.01209	0.00284	0.10807	0.01004	0.00646	0.01095
45	0.03706	0.01591	0.02067	0.01631	0.02291	0.01472	0.01332	0.04428	0.12676	0.53301	0.03549	0.03095	0.02303	0.01126	0.00902	0.00281	0.00752	0.00919	0.01073	0.01504
46	0.01247	0.00916	0.01202	0.01374	0.01539	0.00871	0.01087	0.01533	0.01928	0.02488	0.05535	0.31317	0.15073	0.02560	0.01171	0.00375	0.00649	0.27532	0.00827	0.00776
47	0.01590	0.02294	0.20252	0.02140	0.02807	0.01496	0.11741	0.02210	0.02015	0.02708	0.04096	0.06128	0.13564	0.01670	0.01061	0.00336	0.01020	0.21219	0.00632	0.01022
48	0.02072	0.01981	0.03375	0.21962	0.47616	0.02088	0.02675	0.02621	0.01970	0.02751	0.01658	0.02260	0.01356	0.00823	0.00888	0.00274	0.01098	0.00797	0.00431	0.01303
49	0.01911	0.03896	0.47187	0.02353	0.03454	0.02118	0.02795	0.03353	0.17969	0.03079	0.02156	0.02281	0.01565	0.00948	0.00866	0.00289	0.01156	0.00756	0.00522	0.01348
50	0.02036	0.01944	0.03310	0.26163	0.43697	0.02079	0.02657	0.02590	0.01953	0.02707	0.01651	0.02272	0.01341	0.00830	0.00889	0.00277	0.01107	0.00796	0.00427	0.01273
51	0.05219	0.03242	0.29932	0.03731	0.24648	0.02123	0.12706	0.02799	0.01963	0.02922	0.01652	0.02074	0.01264	0.00814	0.00885	0.00280	0.01235	0.00769	0.00421	0.01320
52	0.02144	0.02054	0.03504	0.13651	0.55367	0.02107	0.02711	0.02684	0.02004	0.02837	0.01670	0.02237	0.01387	0.00810	0.00887	0.00270	0.01080	0.00797	0.00437	0.01360
53	0.01764	0.03740	0.46032	0.21206	0.04541	0.02051	0.03066	0.02673	0.01860	0.02673	0.01601	0.02034	0.01151	0.00863	0.00863	0.00288	0.01284	0.00700	0.00384	0.01226
54	0.01794	0.04628	0.63923	0.02550	0.03872	0.02078	0.03305	0.02833	0.01889	0.02833	0.01606	0.01889	0.01133	0.00850	0.00850	0.00283	0.01322	0.00661	0.00378	0.01322
55	0.02418	0.06541	0.06883	0.09810	0.36797	0.16972	0.02447	0.02900	0.02111	0.02641	0.01574	0.02025	0.01303	0.00837	0.00848	0.00257	0.01213	0.00719	0.00436	0.01269
56	0.01887	0.03981	0.46790	0.02907	0.04107	0.02132	0.19790	0.02843	0.01954	0.02843	0.01665	0.02042	0.01199	0.00822	0.00910	0.00289	0.01377	0.00776	0.00400	0.01288
57	0.03150	0.03952	0.02486	0.02259	0.02678	0.57952	0.01707	0.03384	0.02409	0.02181	0.01428	0.01738	0.01214	0.01280	0.04498	0.00307	0.05291	0.00609	0.00458	0.01021
58	0.02463	0.02284	0.03424	0.04775	0.50229	0.05022	0.02526	0.12366	0.02422	0.03345	0.01747	0.02176	0.01423	0.00849	0.00884	0.00265	0.01074	0.00789	0.00519	0.01418
59	0.19088	0.10974	0.06676	0.01964	0.02516	0.29392	0.01659	0.07082	0.02194	0.02875	0.01386	0.01644	0.01138	0.00947	0.00923	0.00257	0.07126	0.00585	0.00492	0.01083

[dist]
# distance from previous block
# <min> <max>
1	5

[block]
# block no. 2 follows, 19 sequences, length 53
# corresponding to MSA columns:
# 240-292
name=unknown_C
#
# <colnr> <probs for GDERKNQSTAVLIFYWHMCP>
#	G	D	E	R	K	N	Q	S	T	A	V	L	I	F	Y	W	H	M	C	P
0	0.18581	0.03089	0.02543	0.02806	0.16937	0.32242	0.01805	0.06850	0.02306	0.02985	0.01475	0.01757	0.01200	0.00882	0.00776	0.00251	0.01241	0.00624	0.00505	0.01145
1	0.02214	0.02126	0.03631	0.05491	0.62978	0.02126	0.02746	0.02746	0.02037	0.02923	0.01683	0.02214	0.01417	0.00797	0.00886	0.00266	0.01063	0.00797	0.00443	0.01417
2	0.02109	0.02038	0.03533	0.16975	0.49280	0.02106	0.05538	0.02664	0.01994	0.02799	0.01672	0.02257	0.01372	0.00813	0.00896	0.00274	0.01110	0.00810	0.00435	0.01326
3	0.06588	0.06391	0.02194	0.01774	0.02298	0.11343	0.01397	0.08271	0.30608	0.05968	0.02885	0.07671	0.02350	0.01198	0.00856	0.00275	0.00863	0.00955	0.00771	0.05346
4	0.34330	0.21241	0.02592	0.01466	0.02123	0.02486	0.01287	0.11829	0.02152	0.10841	0.01659	0.01747	0.01256	0.00883	0.00654	0.00251	0.00822	0.00583	0.00624	0.01173
5	0.02061	0.01615	0.02123	0.01836	0.02206	0.01711	0.06875	0.22517	0.02628	0.03536	0.03442	0.34714	0.03662	0.01923	0.01136	0.00325	0.04137	0.01688	0.00795	0.01071
6	0.07645	0.03741	0.02449	0.02403	0.07366	0.52402	0.01699	0.03363	0.02395	0.02427	0.01485	0.01749	0.01227	0.00913	0.00787	0.00235	0.01444	0.00603	0.04617	0.01051
7	0.01971	0.20514	0.45245	0.02488	0.07334	0.02445	0.02827	0.02789	0.01881	0.02658	0.01521	0.01797	0.01155	0.00825	0.00784	0.00259	0.01214	0.00624	0.00383	0.01285
8	0.02247	0.01818	0.01940	0.01736	0.02237	0.02054	0.01353	0.04461	0.53082	0.07395	0.04054	0.03728	0.07333	0.01289	0.00921	0.00302	0.00692	0.01072	0.00917	0.01372
9	0.02648	0.02241	0.02452	0.02038	0.02464	0.07401	0.01657	0.28849	0.07413	0.03862	0.02007	0.02353	0.01608	0.02018	0.10796	0.00469	0.16984	0.00820	0.00680	0.01239
10	0.01080	0.00816	0.00999	0.01145	0.01271	0.00735	0.00786	0.01257	0.01809	0.02323	0.06154	0.50411	0.22692	0.02644	0.01117	0.00345	0.00500	0.02349	0.00831	0.00735
11	0.01298	0.00881	0.01044	0.01044	0.01067	0.00904	0.00627	0.01345	0.01321	0.01785	0.02757	0.05511	0.03103	0.59473	0.13435	0.00951	0.01092	0.01251	0.00533	0.00580
12	0.02663	0.08109	0.15944	0.02264	0.02860	0.36314	0.02051	0.03074	0.02148	0.02313	0.01454	0.01809	0.01211	0.01297	0.04653	0.00326	0.09359	0.00634	0.00431	0.01086
13	0.22602	0.12998	0.27538	0.02147	0.03078	0.05389	0.09054	0.02793	0.01834	0.03031	0.01464	0.01749	0.01117	0.00824	0.00748	0.00268	0.01127	0.00627	0.00441	0.01169
14	0.01102	0.00821	0.00997	0.01129	0.01242	0.00748	0.00762	0.01261	0.01760	0.02266	0.05826	0.46105	0.20764	0.09066	0.01452	0.00396	0.00535	0.02248	0.00802	0.00716
15	0.01794	0.04628	0.63923	0.02550	0.03872	0.02078	0.03305	0.02833	0.01889	0.02833	0.01606	0.01889	0.01133	0.00850	0.00850	0.00283	0.01322	0.00661	0.00378	0.01322
16	0.02214	0.02126	0.03631	0.05491	0.62978	0.02126	0.02746	0.02746	0.02037	0.02923	0.01683	0.02214	0.01417	0.00797	0.00886	0.00266	0.01063	0.00797	0.00443	0.01417
17	0.03387	0.02926	0.02649	0.02117	0.02772	0.17643	0.01707	0.46506	0.03807	0.04814	0.01965	0.02020	0.01433	0.01038	0.00874	0.00259	0.01135	0.00751	0.00791	0.01406
18	0.02732	0.01861	0.01970	0.01586	0.02106	0.02025	0.01286	0.37643	0.03307	0.04749	0.02445	0.02606	0.01819	0.01062	0.00791	0.00245	0.00765	0.00816	0.28928	0.01256
19	0.03401	0.02506	0.02685	0.02058	0.02774	0.02774	0.01700	0.59995	0.04206	0.05638	0.02148	0.02148	0.01521	0.01074	0.00895	0.00268	0.00984	0.00805	0.00895	0.01521
20	0.01057	0.00906	0.00906	0.00906	0.01208	0.00755	0.00680	0.01284	0.02039	0.02417	0.09063	0.08610	0.62615	0.02266	0.01057	0.00302	0.00453	0.01888	0.00831	0.00755
21	0.01103	0.00921	0.00970	0.00995	0.01286	0.00788	0.00771	0.01352	0.02042	0.02448	0.08546	0.08787	0.55745	0.02290	0.01079	0.00315	0.00497	0.08472	0.00830	0.00763
22	0.02225	0.01922	0.02023	0.01821	0.02326	0.02225	0.01416	0.04754	0.61361	0.03742	0.03641	0.03338	0.02731	0.01214	0.00910	0.00303	0.00708	0.01011	0.00910	0.01416
23	0.01057	0.00906	0.00906	0.00906	0.01208	0.00755	0.00680	0.01284	0.02039	0.02417	0.09063	0.08610	0.62615	0.02266	0.01057	0.00302	0.00453	0.01888	0.00831	0.00755
24	0.03342	0.04264	0.02535	0.02305	0.02766	0.64967	0.01729	0.03572	0.02535	0.02190	0.01383	0.01613	0.01152	0.00922	0.00807	0.00230	0.01613	0.00576	0.00461	0.01037
25	0.02392	0.69097	0.04688	0.01531	0.02296	0.03540	0.01531	0.02679	0.01818	0.02105	0.01244	0.01435	0.01148	0.00765	0.00574	0.00191	0.00957	0.00478	0.00383	0.01148
26	0.01567	0.01524	0.01326	0.01257	0.01593	0.10380	0.00949	0.02104	0.09381	0.02727	0.15642	0.06641	0.37848	0.01872	0.01002	0.00289	0.00650	0.01547	0.00810	0.00891
27	0.03133	0.02363	0.02685	0.12130	0.03305	0.02651	0.01823	0.50963	0.03828	0.05114	0.02061	0.02185	0.01470	0.01046	0.00895	0.00273	0.01017	0.00804	0.00817	0.01439
28	0.02797	0.29140	0.10721	0.02009	0.02718	0.26992	0.01838	0.09261	0.02362	0.02608	0.01439	0.01636	0.01189	0.00869	0.00732	0.00226	0.01257	0.00573	0.00468	0.01167
29	0.01332	0.01038	0.01541	0.01510	0.01657	0.01247	0.01185	0.01642	0.01432	0.02083	0.02300	0.03391	0.02153	0.06303	0.60102	0.01355	0.07501	0.00945	0.00472	0.00813
30	0.01843	0.01908	0.14799	0.01661	0.02250	0.01266	0.01624	0.02381	0.02166	0.10246	0.17276	0.05481	0.04170	0.01544	0.00986	0.00296	0.00803	0.16772	0.00758	0.11771
31	0.19721	0.52991	0.03882	0.01446	0.02161	0.03173	0.01396	0.02667	0.01747	0.02561	0.01244	0.01439	0.01105	0.00781	0.00569	0.00212	0.00893	0.00480	0.00424	0.01105
32	0.01771	0.01749	0.01700	0.01645	0.01877	0.16383	0.01264	0.02070	0.01700	0.02104	0.02154	0.03060	0.01977	0.05326	0.49663	0.01149	0.02209	0.00867	0.00475	0.00856
33	0.02225	0.01922	0.02023	0.01821	0.02326	0.02225	0.01416	0.04754	0.61361	0.03742	0.03641	0.03338	0.02731	0.01214	0.00910	0.00303	0.00708	0.01011	0.00910	0.01416
34	0.02392	0.69097	0.04688	0.01531	0.02296	0.03540	0.01531	0.02679	0.01818	0.02105	0.01244	0.01435	0.01148	0.00765	0.00574	0.00191	0.00957	0.00478	0.00383	0.01148
35	0.01057	0.00906	0.00906	0.00906	0.01208	0.00755	0.00680	0.01284	0.02039	0.02417	0.09063	0.08610	0.62615	0.02266	0.01057	0.00302	0.00453	0.01888	0.00831	0.00755
36	0.02214	0.02126	0.03631	0.05491	0.62978	0.02126	0.02746	0.02746	0.02037	0.02923	0.01683	0.02214	0.01417	0.00797	0.00886	0.00266	0.01063	0.00797	0.00443	0.01417
37	0.02225	0.01922	0.02023	0.01821	0.02326	0.02225	0.01416	0.04754	0.61361	0.03742	0.03641	0.03338	0.02731	0.01214	0.00910	0.00303	0.00708	0.01011	0.00910	0.01416
38	0.01090	0.00779	0.01038	0.01246	0.01298	0.00727	0.00830	0.01246	0.01713	0.02284	0.04931	0.67975	0.05917	0.02803	0.01142	0.00363	0.00519	0.02543	0.00830	0.00727
39	0.02392	0.69097	0.04688	0.01531	0.02296	0.03540	0.01531	0.02679	0.01818	0.02105	0.01244	0.01435	0.01148	0.00765	0.00574	0.00191	0.00957	0.00478	0.00383	0.01148
40	0.03401	0.02506	0.02685	0.02058	0.02774	0.02774	0.01700	0.59995	0.04206	0.05638	0.02148	0.02148	0.01521	0.01074	0.00895	0.00268	0.00984	0.00805	0.00895	0.01521
41	0.01301	0.00867	0.00976	0.00976	0.00976	0.00867	0.00542	0.01301	0.01301	0.01735	0.02819	0.05855	0.03253	0.68559	0.04554	0.00867	0.00867	0.01301	0.00542	0.00542
42	0.01085	0.00907	0.00945	0.00936	0.01226	0.00767	0.00702	0.01338	0.02105	0.02573	0.16193	0.08353	0.55387	0.02208	0.01057	0.00299	0.00449	0.01852	0.00851	0.00767
43	0.02214	0.02126	0.03631	0.05491	0.62978	0.02126	0.02746	0.02746	0.02037	0.02923	0.01683	0.02214	0.01417	0.00797	0.00886	0.00266	0.01063	0.00797	0.00443	0.01417
44	0.02327	0.48530	0.18695	0.01815	0.02710	0.03131	0.01968	0.07152	0.02020	0.02552	0.01400	0.01599	0.01173	0.00810	0.00665	0.00219	0.01046	0.00547	0.00421	0.01219
45	0.02214	0.02126	0.03631	0.05491	0.62978	0.02126	0.02746	0.02746	0.02037	0.02923	0.01683	0.02214	0.01417	0.00797	0.00886	0.00266	0.01063	0.00797	0.00443	0.01417
46	0.03115	0.19764	0.03050	0.02120	0.02654	0.50281	0.01681	0.03359	0.02364	0.02169	0.01350	0.01571	0.01151	0.00885	0.00751	0.00221	0.01456	0.00553	0.00442	0.01064
47	0.03342	0.04264	0.02535	0.02305	0.02766	0.64967	0.01729	0.03572	0.02535	0.02190	0.01383	0.01613	0.01152	0.00922	0.00807	0.00230	0.01613	0.00576	0.00461	0.01037
48	0.01085	0.00799	0.01017	0.01193	0.01284	0.00731	0.00807	0.01252	0.01764	0.02305	0.05578	0.58684	0.14791	0.02719	0.01129	0.00354	0.00509	0.02441	0.00831	0.00731
49	0.02150	0.02493	0.12872	0.04586	0.46375	0.02130	0.02672	0.03003	0.09206	0.03008	0.01908	0.02300	0.01532	0.00856	0.00883	0.00273	0.01060	0.00802	0.00489	0.01402
50	0.02479	0.01907	0.02160	0.01760	0.02325	0.02050	0.01419	0.28882	0.11572	0.04082	0.02339	0.02604	0.01839	0.02377	0.16190	0.00532	0.01231	0.00829	0.00741	0.12681
51	0.01646	0.00969	0.01271	0.01324	0.01516	0.00907	0.00941	0.01969	0.04882	0.12674	0.08387	0.49919	0.05305	0.02377	0.01084	0.00341	0.00563	0.02132	0.00891	0.00902
52	0.02650	0.02061	0.06235	0.02122	0.07241	0.02041	0.01638	0.07479	0.36843	0.16698	0.03246	0.03024	0.02343	0.01126	0.00901	0.00291	0.00803	0.00936	0.00880	0.01439

[dist]
# distance from previous block
# <min> <max>
0	1

[block]
# block no. 3 follows, 19 sequences, length 21
# corresponding to MSA columns:
# 294-314
name=unknown_D
#
# <colnr> <probs for GDERKNQSTAVLIFYWHMCP>
#	G	D	E	R	K	N	Q	S	T	A	V	L	I	F	Y	W	H	M	C	P
0	0.10591	0.01109	0.01390	0.01539	0.01794	0.01133	0.01331	0.01912	0.01991	0.02827	0.04594	0.08912	0.08521	0.02252	0.01138	0.00388	0.00782	0.46168	0.00791	0.00837
1	0.02566	0.02818	0.03212	0.07640	0.39693	0.23284	0.02389	0.03000	0.02192	0.02642	0.01577	0.02021	0.01316	0.00844	0.00860	0.00256	0.01255	0.00723	0.00447	0.01267
2	0.02797	0.02429	0.02269	0.01892	0.02462	0.12035	0.01504	0.29697	0.18371	0.04213	0.03277	0.03178	0.09409	0.01235	0.00906	0.00276	0.00945	0.00958	0.00824	0.01323
3	0.01438	0.01284	0.05243	0.01386	0.01656	0.01131	0.01127	0.02076	0.10162	0.02877	0.20745	0.13886	0.07880	0.13053	0.01649	0.00417	0.00679	0.11624	0.00808	0.00881
4	0.02283	0.02286	0.03466	0.09326	0.53580	0.07906	0.02634	0.02791	0.02066	0.02812	0.01649	0.02170	0.01378	0.00815	0.00879	0.00265	0.01122	0.00777	0.00441	0.01353
5	0.16990	0.02207	0.20554	0.01600	0.02195	0.01448	0.01628	0.02155	0.01960	0.03190	0.19473	0.16077	0.04109	0.01506	0.00903	0.00297	0.00776	0.01263	0.00676	0.00995
6	0.01762	0.07650	0.02157	0.02244	0.14644	0.01660	0.01389	0.02557	0.15391	0.02809	0.10466	0.15622	0.03689	0.12223	0.01517	0.00384	0.00761	0.01321	0.00698	0.01054
7	0.02950	0.11933	0.02727	0.02281	0.06304	0.47669	0.01673	0.03206	0.02371	0.02245	0.02069	0.02252	0.06648	0.01014	0.00805	0.00234	0.01394	0.00695	0.00483	0.01049
8	0.02185	0.07328	0.44292	0.02470	0.03609	0.02311	0.06375	0.14937	0.02390	0.03392	0.01715	0.01953	0.01230	0.00887	0.00858	0.00277	0.01244	0.00707	0.00492	0.01348
9	0.14743	0.07043	0.02624	0.07802	0.02949	0.27123	0.05724	0.08543	0.09731	0.03054	0.01753	0.01966	0.01371	0.00933	0.00797	0.00259	0.01204	0.00684	0.00561	0.01133
