[name]
unknown

[dist]
# distance from previous block
# <min> <max>
100	197

[block]
# block no. 0 follows, 22 sequences, length 9
# corresponding to MSA columns:
# 235-243
name=unknown_A
#
# <colnr> <probs for GDERKNQSTAVLIFYWHMCP>
#	G	D	E	R	K	N	Q	S	T	A	V	L	I	F	Y	W	H	M	C	P
0	0.02419	0.02356	0.02228	0.02262	0.11757	0.19678	0.01544	0.15252	0.15366	0.03304	0.12640	0.02805	0.02617	0.01065	0.00835	0.00248	0.00943	0.00855	0.00676	0.01150
1	0.02290	0.12888	0.12404	0.02542	0.16456	0.13127	0.01899	0.13696	0.02349	0.03018	0.09576	0.02323	0.02041	0.00931	0.00784	0.00236	0.01006	0.00741	0.00538	0.01157
2	0.01975	0.18051	0.15066	0.02225	0.11859	0.12875	0.01826	0.02434	0.01976	0.02496	0.12373	0.03145	0.02598	0.01073	0.00797	0.00244	0.00975	0.06462	0.00508	0.01041
3	0.14643	0.24058	0.20605	0.02228	0.12050	0.02408	0.01972	0.08352	0.01905	0.02869	0.01390	0.01624	0.01105	0.00775	0.00673	0.00232	0.00958	0.00566	0.00435	0.01154
4	0.14980	0.02600	0.01984	0.01946	0.07588	0.30068	0.01381	0.10145	0.02263	0.02817	0.02722	0.02810	0.13226	0.01085	0.00770	0.00241	0.01034	0.00795	0.00556	0.00990
5	0.02443	0.02946	0.08238	0.03252	0.27086	0.28197	0.02062	0.03097	0.09844	0.02529	0.01672	0.01937	0.01347	0.00839	0.00793	0.00239	0.01171	0.00672	0.00467	0.01167
6	0.02210	0.15890	0.22045	0.09956	0.03016	0.01980	0.01940	0.06461	0.01964	0.13292	0.01754	0.01919	0.01280	0.00806	0.00729	0.00225	0.00948	0.00624	0.00519	0.12443
7	0.01361	0.01120	0.01370	0.01532	0.09350	0.01053	0.00997	0.07371	0.02144	0.02766	0.16225	0.10477	0.37535	0.01791	0.00952	0.00274	0.00538	0.01528	0.00756	0.00859
8	0.16417	0.07394	0.14048	0.13109	0.03077	0.19728	0.01842	0.10213	0.02100	0.02872	0.01411	0.01688	0.01084	0.00832	0.00722	0.00244	0.01108	0.00588	0.00466	0.01056

[dist]
# distance from previous block
# <min> <max>
8	12

[block]
# block no. 1 follows, 22 sequences, length 110
# corresponding to MSA columns:
# 256-365
name=unknown_B
#
# <colnr> <probs for GDERKNQSTAVLIFYWHMCP>
#	G	D	E	R	K	N	Q	S	T	A	V	L	I	F	Y	W	H	M	C	P
0	0.01524	0.05749	0.01386	0.01163	0.01502	0.15598	0.00894	0.01739	0.01983	0.02180	0.06406	0.06162	0.47262	0.01745	0.00904	0.00260	0.00687	0.01406	0.00671	0.00781
1	0.07138	0.03745	0.16400	0.02089	0.02685	0.45866	0.01859	0.03025	0.02116	0.02262	0.01367	0.01630	0.01104	0.01093	0.03930	0.00281	0.01421	0.00564	0.00417	0.01007
2	0.02498	0.02897	0.02804	0.03190	0.24401	0.33859	0.05554	0.02835	0.02082	0.02314	0.01708	0.02044	0.04015	0.00900	0.00923	0.00242	0.05524	0.00699	0.00433	0.01080
3	0.01777	0.02234	0.14078	0.03499	0.29039	0.01771	0.16583	0.02350	0.01885	0.02604	0.02790	0.03099	0.12571	0.00980	0.00883	0.00263	0.01026	0.00955	0.00467	0.01146
4	0.02221	0.01824	0.02290	0.02321	0.16177	0.01789	0.01523	0.21153	0.06348	0.03507	0.01963	0.06107	0.01645	0.00914	0.00769	0.00212	0.00785	0.00767	0.00619	0.27066
5	0.01955	0.02475	0.16778	0.03191	0.20790	0.02019	0.15487	0.03124	0.19649	0.02902	0.02093	0.02330	0.01596	0.00852	0.00857	0.00268	0.01035	0.00823	0.00524	0.01254
6	0.02288	0.02341	0.03155	0.04440	0.51786	0.13608	0.02341	0.05230	0.02059	0.02700	0.01531	0.01955	0.01276	0.00772	0.00810	0.00241	0.01074	0.00704	0.00432	0.01257
7	0.02416	0.56435	0.03912	0.01580	0.02228	0.17458	0.01462	0.02671	0.01835	0.01972	0.01183	0.01369	0.01067	0.00743	0.00581	0.00186	0.01023	0.00464	0.00371	0.01043
8	0.02422	0.02531	0.02042	0.01845	0.02300	0.24529	0.01415	0.04038	0.42907	0.02980	0.02661	0.02549	0.02032	0.01034	0.00812	0.00259	0.00946	0.00800	0.00702	0.01194
9	0.02220	0.02285	0.03212	0.04635	0.55732	0.12247	0.02401	0.02670	0.01964	0.02607	0.01519	0.01969	0.01277	0.00758	0.00811	0.00242	0.01067	0.00708	0.00414	0.01261
10	0.01917	0.02636	0.18166	0.03602	0.17624	0.02035	0.36282	0.02630	0.01900	0.02666	0.01613	0.02093	0.01227	0.00729	0.00904	0.00269	0.01272	0.00847	0.00403	0.01187
11	0.00982	0.00842	0.00842	0.00842	0.01122	0.00701	0.00631	0.01192	0.01894	0.02244	0.08416	0.07995	0.65285	0.02104	0.00982	0.00281	0.00421	0.01753	0.00771	0.00701
12	0.00982	0.00842	0.00842	0.00842	0.01122	0.00701	0.00631	0.01192	0.01894	0.02244	0.08416	0.07995	0.65285	0.02104	0.00982	0.00281	0.00421	0.01753	0.00771	0.00701
13	0.01616	0.01174	0.01394	0.01369	0.01591	0.01209	0.00998	0.18504	0.02242	0.02997	0.03852	0.51066	0.04347	0.02151	0.00996	0.00313	0.00603	0.01908	0.00788	0.00882
14	0.01692	0.07418	0.63606	0.02324	0.03527	0.01993	0.02993	0.02624	0.01751	0.02599	0.01475	0.01734	0.01053	0.00786	0.00777	0.00259	0.01212	0.00606	0.00351	0.01220
15	0.01012	0.00723	0.00964	0.01157	0.01205	0.00675	0.00771	0.01157	0.01591	0.02121	0.04579	0.70262	0.05495	0.02603	0.01060	0.00337	0.00482	0.02362	0.00771	0.00675
16	0.02056	0.01974	0.03372	0.05099	0.65622	0.01974	0.02550	0.02550	0.01892	0.02714	0.01563	0.02056	0.01316	0.00740	0.00822	0.00247	0.00987	0.00740	0.00411	0.01316
17	0.03075	0.03245	0.02384	0.02033	0.02552	0.40080	0.01582	0.25674	0.05841	0.03301	0.01649	0.01759	0.01267	0.00922	0.00784	0.00230	0.01240	0.00634	0.00599	0.01148
18	0.02365	0.01646	0.01827	0.01593	0.02089	0.01798	0.01253	0.04140	0.46814	0.17164	0.03663	0.03335	0.06220	0.01164	0.00851	0.00276	0.00654	0.00966	0.00881	0.01300
19	0.01012	0.00723	0.00964	0.01157	0.01205	0.00675	0.00771	0.01157	0.01591	0.02121	0.04579	0.70262	0.05495	0.02603	0.01060	0.00337	0.00482	0.02362	0.00771	0.00675
20	0.03103	0.03959	0.02354	0.02140	0.02568	0.67469	0.01605	0.03317	0.02354	0.02033	0.01284	0.01498	0.01070	0.00856	0.00749	0.00214	0.01498	0.00535	0.00428	0.00963
21	0.00982	0.00842	0.00842	0.00842	0.01122	0.00701	0.00631	0.01192	0.01894	0.02244	0.08416	0.07995	0.65285	0.02104	0.00982	0.00281	0.00421	0.01753	0.00771	0.00701
22	0.01541	0.01352	0.01380	0.01277	0.01545	0.08339	0.00966	0.02250	0.12992	0.03213	0.47511	0.05153	0.06181	0.01507	0.00931	0.00260	0.00559	0.01299	0.00849	0.00895
23	0.01893	0.31652	0.41129	0.01981	0.02998	0.02484	0.02397	0.02572	0.01727	0.02355	0.01354	0.01582	0.01058	0.00757	0.00685	0.00228	0.01089	0.00545	0.00353	0.01162
24	0.02742	0.02851	0.02681	0.02983	0.22134	0.28572	0.01878	0.17291	0.05528	0.03075	0.01640	0.01866	0.01298	0.00867	0.00796	0.00236	0.01160	0.00669	0.00539	0.01196
25	0.02335	0.01800	0.01994	0.01543	0.02150	0.01788	0.01234	0.30668	0.04931	0.03822	0.02051	0.06426	0.01738	0.05141	0.00969	0.00242	0.00760	0.00789	0.00682	0.28935
26	0.02865	0.03560	0.02323	0.02246	0.06277	0.57459	0.01611	0.03104	0.02233	0.02065	0.01387	0.01693	0.01177	0.01339	0.06838	0.00318	0.01534	0.00580	0.00429	0.00964
27	0.06083	0.03012	0.35048	0.01969	0.02908	0.01781	0.02197	0.10459	0.02200	0.23169	0.02103	0.02105	0.01408	0.00890	0.00796	0.00259	0.00996	0.00693	0.00632	0.01294
28	0.01579	0.01390	0.02108	0.01692	0.02082	0.01379	0.14524	0.09213	0.02156	0.02869	0.17627	0.04990	0.21157	0.07791	0.01364	0.00325	0.04885	0.01293	0.00684	0.00894
29	0.02195	0.02303	0.03003	0.03913	0.40073	0.14089	0.02215	0.02569	0.01840	0.02432	0.01407	0.01901	0.01221	0.00919	0.01229	0.00267	0.16160	0.00700	0.00404	0.01161
30	0.02046	0.02181	0.02688	0.03411	0.33699	0.16163	0.05691	0.02428	0.01999	0.02457	0.03012	0.03248	0.15295	0.01063	0.00851	0.00249	0.01002	0.00932	0.00495	0.01091
31	0.00982	0.00842	0.00842	0.00842	0.01122	0.00701	0.00631	0.01192	0.01894	0.02244	0.08416	0.07995	0.65285	0.02104	0.00982	0.00281	0.00421	0.01753	0.00771	0.00701
32	0.02292	0.41732	0.17636	0.01788	0.02551	0.17071	0.01826	0.02701	0.01849	0.02121	0.01257	0.01462	0.01064	0.00760	0.00637	0.00205	0.01097	0.00502	0.00370	0.01079
33	0.76672	0.01607	0.01221	0.01092	0.01607	0.01864	0.00900	0.02442	0.01414	0.03727	0.01157	0.01350	0.00900	0.00771	0.00514	0.00257	0.00643	0.00450	0.00514	0.00900
34	0.01005	0.00749	0.00937	0.01088	0.01187	0.00681	0.00740	0.01165	0.01657	0.02148	0.05421	0.56598	0.18615	0.02493	0.01043	0.00325	0.00469	0.02228	0.00771	0.00681
35	0.02927	0.03155	0.02393	0.02205	0.06328	0.38869	0.01620	0.18655	0.10300	0.03071	0.01740	0.01855	0.01353	0.00918	0.00786	0.00233	0.01215	0.00652	0.00581	0.01143
36	0.02112	0.02181	0.08839	0.02992	0.19027	0.02015	0.15231	0.13813	0.12538	0.03242	0.02543	0.02734	0.06929	0.00963	0.00873	0.00265	0.00984	0.00902	0.00587	0.01230
37	0.05671	0.32852	0.17407	0.02003	0.06352	0.12672	0.01882	0.04869	0.01867	0.02368	0.01302	0.01543	0.01085	0.00801	0.00755	0.00221	0.04317	0.00539	0.00394	0.01099
38	0.01666	0.04297	0.66500	0.02368	0.03596	0.01929	0.03069	0.02631	0.01754	0.02631	0.01491	0.01754	0.01052	0.00789	0.00789	0.00263	0.01228	0.00614	0.00351	0.01228
39	0.01020	0.00843	0.00894	0.00882	0.01145	0.00718	0.00661	0.01266	0.01984	0.02458	0.19571	0.07643	0.53997	0.02024	0.00981	0.00277	0.00415	0.01704	0.00800	0.00718
40	0.02378	0.02566	0.02924	0.03881	0.40495	0.22086	0.02147	0.02955	0.07695	0.02574	0.01643	0.01980	0.01351	0.00811	0.00802	0.00240	0.01114	0.00695	0.00456	0.01208
41	0.01558	0.01234	0.01403	0.01334	0.01661	0.01276	0.01068	0.07782	0.17336	0.03065	0.15865	0.06238	0.20535	0.01735	0.00971	0.00297	0.00594	0.14285	0.00819	0.00945
42	0.01012	0.00723	0.00964	0.01157	0.01205	0.00675	0.00771	0.01157	0.01591	0.02121	0.04579	0.70262	0.05495	0.02603	0.01060	0.00337	0.00482	0.02362	0.00771	0.00675
43	0.02195	0.68184	0.07247	0.01466	0.02200	0.03224	0.01498	0.02494	0.01691	0.01986	0.01171	0.01352	0.01065	0.00714	0.00545	0.00182	0.00904	0.00452	0.00355	0.01074
44	0.03257	0.02600	0.02258	0.01856	0.02425	0.24366	0.01474	0.23155	0.05450	0.21577	0.02178	0.02110	0.01527	0.00963	0.00805	0.00241	0.01044	0.00708	0.00750	0.01255
45	0.01443	0.00722	0.01082	0.01082	0.01082	0.00722	0.00722	0.01082	0.01082	0.01443	0.01443	0.02525	0.01443	0.02886	0.03247	0.75830	0.00722	0.00722	0.00361	0.00361
46	0.01187	0.00890	0.01335	0.01335	0.01483	0.01038	0.01038	0.01483	0.01335	0.01928	0.02225	0.03264	0.02077	0.06231	0.67512	0.01335	0.02225	0.00890	0.00445	0.00742
47	0.01304	0.00938	0.01052	0.01002	0.01139	0.00927	0.00665	0.05985	0.01676	0.02200	0.09526	0.05702	0.16955	0.41062	0.05906	0.00623	0.00758	0.01304	0.00622	0.00653
48	0.03395	0.01459	0.01904	0.01500	0.02088	0.01335	0.01222	0.11002	0.02490	0.52520	0.03245	0.09229	0.02309	0.01176	0.00857	0.00264	0.00711	0.00972	0.00979	0.01342
49	0.03103	0.03959	0.02354	0.02140	0.02568	0.67469	0.01605	0.03317	0.02354	0.02033	0.01284	0.01498	0.01070	0.00856	0.00749	0.00214	0.01498	0.00535	0.00428	0.00963
50	0.02056	0.01974	0.03372	0.05099	0.65622	0.01974	0.02550	0.02550	0.01892	0.02714	0.01563	0.02056	0.01316	0.00740	0.00822	0.00247	0.00987	0.00740	0.00411	0.01316
51	0.01121	0.00815	0.01081	0.01255	0.01374	0.00774	0.00953	0.01354	0.01730	0.02258	0.04887	0.43323	0.11016	0.02449	0.01083	0.00347	0.00573	0.22128	0.00769	0.00708
52	0.02056	0.01974	0.03372	0.05099	0.65622	0.01974	0.02550	0.02550	0.01892	0.02714	0.01563	0.02056	0.01316	0.00740	0.00822	0.00247	0.00987	0.00740	0.00411	0.01316
53	0.00982	0.00842	0.00842	0.00842	0.01122	0.00701	0.00631	0.01192	0.01894	0.02244	0.08416	0.07995	0.65285	0.02104	0.00982	0.00281	0.00421	0.01753	0.00771	0.00701
54	0.00982	0.00842	0.00842	0.00842	0.01122	0.00701	0.00631	0.01192	0.01894	0.02244	0.08416	0.07995	0.65285	0.02104	0.00982	0.00281	0.00421	0.01753	0.00771	0.00701
55	0.01765	0.01514	0.01742	0.01287	0.01992	0.01225	0.01025	0.02377	0.09377	0.02801	0.01710	0.01892	0.01391	0.00678	0.00643	0.00143	0.00620	0.00547	0.00536	0.66736
56	0.01469	0.00800	0.00898	0.00898	0.01082	0.00833	0.00682	0.01836	0.01652	0.02839	0.02603	0.03134	0.02118	0.02130	0.15358	0.00446	0.00793	0.00800	0.58863	0.00767
57	0.01012	0.00723	0.00964	0.01157	0.01205	0.00675	0.00771	0.01157	0.01591	0.02121	0.04579	0.70262	0.05495	0.02603	0.01060	0.00337	0.00482	0.02362	0.00771	0.00675
58	0.01208	0.00805	0.00906	0.00906	0.00906	0.00805	0.00503	0.01208	0.01208	0.01611	0.02618	0.05436	0.03020	0.70804	0.04228	0.00805	0.00805	0.01208	0.00503	0.00503
59	0.01789	0.19092	0.52779	0.02159	0.03272	0.02229	0.02706	0.02599	0.01739	0.02482	0.01417	0.01661	0.01055	0.00772	0.00733	0.00244	0.01153	0.00576	0.00352	0.01192
60	0.02159	0.67088	0.04173	0.01416	0.02093	0.03152	0.01399	0.02427	0.01667	0.01953	0.01219	0.01448	0.01127	0.01041	0.04543	0.00247	0.00968	0.00471	0.00361	0.01047
61	0.02003	0.01918	0.03247	0.04889	0.62445	0.01911	0.02455	0.02483	0.01892	0.02691	0.01900	0.02349	0.04467	0.00807	0.00830	0.00248	0.00959	0.00790	0.00429	0.01286
62	0.01723	0.01477	0.01723	0.01230	0.01969	0.01107	0.00984	0.02092	0.01723	0.02707	0.01477	0.01723	0.01230	0.00615	0.00615	0.00123	0.00615	0.00492	0.00492	0.75883
63	0.01004	0.00755	0.00931	0.01072	0.01183	0.00682	0.00734	0.01166	0.01672	0.02154	0.05609	0.53542	0.21549	0.02469	0.01039	0.00322	0.00466	0.02198	0.00771	0.00682
64	0.02746	0.03260	0.02416	0.02138	0.02460	0.45328	0.01663	0.06543	0.02144	0.02217	0.01273	0.01618	0.01097	0.01032	0.01309	0.00258	0.20488	0.00602	0.00434	0.00975
65	0.02176	0.01298	0.01514	0.01275	0.01707	0.01242	0.01011	0.15042	0.02493	0.19427	0.13431	0.08217	0.24608	0.01562	0.00916	0.00268	0.00598	0.01300	0.00870	0.01045
66	0.19249	0.03378	0.02111	0.01901	0.02358	0.50469	0.01449	0.05514	0.02210	0.02533	0.01285	0.01485	0.01046	0.00843	0.00701	0.00225	0.01287	0.00525	0.00463	0.00967
67	0.01012	0.00723	0.00964	0.01157	0.01205	0.00675	0.00771	0.01157	0.01591	0.02121	0.04579	0.70262	0.05495	0.02603	0.01060	0.00337	0.00482	0.02362	0.00771	0.00675
68	0.01012	0.00723	0.00964	0.01157	0.01205	0.00675	0.00771	0.01157	0.01591	0.02121	0.04579	0.70262	0.05495	0.02603	0.01060	0.00337	0.00482	0.02362	0.00771	0.00675
69	0.02989	0.03666	0.02380	0.02130	0.02533	0.57633	0.01623	0.06793	0.02349	0.02223	0.01309	0.01557	0.01093	0.00919	0.00934	0.00230	0.07641	0.00565	0.00446	0.00985
70	0.03242	0.02084	0.02330	0.01798	0.02448	0.02230	0.01481	0.46108	0.06384	0.19652	0.02365	0.02245	0.01619	0.01011	0.00833	0.00253	0.00853	0.00778	0.00879	0.01408
71	0.01012	0.00723	0.00964	0.01157	0.01205	0.00675	0.00771	0.01157	0.01591	0.02121	0.04579	0.70262	0.05495	0.02603	0.01060	0.00337	0.00482	0.02362	0.00771	0.00675
72	0.01187	0.00890	0.01335	0.01335	0.01483	0.01038	0.01038	0.01483	0.01335	0.01928	0.02225	0.03264	0.02077	0.06231	0.67512	0.01335	0.02225	0.00890	0.00445	0.00742
73	0.02406	0.01384	0.01747	0.01525	0.01930	0.01434	0.01262	0.15497	0.02338	0.20778	0.02948	0.04151	0.02494	0.02165	0.11887	0.00458	0.03501	0.13886	0.07122	0.01087
74	0.01035	0.00822	0.00933	0.00975	0.01187	0.00720	0.00719	0.01267	0.01897	0.02393	0.15979	0.21537	0.40491	0.02162	0.01007	0.00295	0.00446	0.04631	0.00793	0.00711
75	0.01840	0.18149	0.30897	0.02096	0.02789	0.02439	0.02278	0.02383	0.01574	0.02266	0.01280	0.01683	0.01068	0.01000	0.01398	0.00279	0.24527	0.00615	0.00356	0.01083
76	0.01723	0.01477	0.01723	0.01230	0.01969	0.01107	0.00984	0.02092	0.01723	0.02707	0.01477	0.01723	0.01230	0.00615	0.00615	0.00123	0.00615	0.00492	0.00492	0.75883
77	0.02597	0.01645	0.01956	0.01601	0.02075	0.01761	0.01289	0.29929	0.02708	0.16345	0.02355	0.02728	0.01827	0.06667	0.19945	0.00592	0.01238	0.00833	0.00742	0.01168
78	0.01208	0.00805	0.00906	0.00906	0.00906	0.00805	0.00503	0.01208	0.01208	0.01611	0.02618	0.05436	0.03020	0.70804	0.04228	0.00805	0.00805	0.01208	0.00503	0.00503
79	0.01937	0.01853	0.03157	0.20633	0.51017	0.01943	0.02490	0.02445	0.01835	0.02570	0.01542	0.02095	0.01265	0.00762	0.00824	0.00254	0.01016	0.00740	0.00401	0.01220
80	0.02986	0.03764	0.02372	0.02144	0.02533	0.61552	0.01624	0.03197	0.02256	0.02030	0.01266	0.01527	0.01072	0.00911	0.00929	0.00228	0.07676	0.00553	0.00422	0.00958
81	0.02189	0.02278	0.03056	0.04090	0.43898	0.13012	0.02263	0.02581	0.01860	0.02474	0.01433	0.01921	0.01235	0.00886	0.01146	0.00262	0.13124	0.00704	0.00406	0.01185
82	0.02056	0.01974	0.03372	0.05099	0.65622	0.01974	0.02550	0.02550	0.01892	0.02714	0.01563	0.02056	0.01316	0.00740	0.00822	0.00247	0.00987	0.00740	0.00411	0.01316
83	0.20465	0.01793	0.01702	0.04135	0.02071	0.05790	0.01188	0.18150	0.13294	0.03580	0.03379	0.03327	0.15468	0.01192	0.00784	0.00263	0.00737	0.00916	0.00700	0.01067
84	0.02056	0.01974	0.03372	0.05099	0.65622	0.01974	0.02550	0.02550	0.01892	0.02714	0.01563	0.02056	0.01316	0.00740	0.00822	0.00247	0.00987	0.00740	0.00411	0.01316
85	0.00982	0.00842	0.00842	0.00842	0.01122	0.00701	0.00631	0.01192	0.01894	0.02244	0.08416	0.07995	0.65285	0.02104	0.00982	0.00281	0.00421	0.01753	0.00771	0.00701
86	0.00982	0.00842	0.00842	0.00842	0.01122	0.00701	0.00631	0.01192	0.01894	0.02244	0.08416	0.07995	0.65285	0.02104	0.00982	0.00281	0.00421	0.01753	0.00771	0.00701
87	0.01111	0.00981	0.01204	0.15756	0.02131	0.00952	0.00999	0.01396	0.01843	0.02218	0.06893	0.06727	0.51202	0.01825	0.00949	0.00280	0.00571	0.01531	0.00683	0.00750
88	0.01187	0.00890	0.01335	0.01335	0.01483	0.01038	0.01038	0.01483	0.01335	0.01928	0.02225	0.03264	0.02077	0.06231	0.67512	0.01335	0.02225	0.00890	0.00445	0.00742
89	0.01012	0.00723	0.00964	0.01157	0.01205	0.00675	0.00771	0.01157	0.01591	0.02121	0.04579	0.70262	0.05495	0.02603	0.01060	0.00337	0.00482	0.02362	0.00771	0.00675
90	0.01949	0.01864	0.03178	0.19165	0.52397	0.01946	0.02496	0.02455	0.01841	0.02583	0.01544	0.02091	0.01270	0.00760	0.00824	0.00253	0.01014	0.00740	0.00402	0.01229
91	0.01324	0.00928	0.01142	0.01105	0.01194	0.00990	0.00740	0.05166	0.01418	0.01939	0.02454	0.04533	0.02621	0.45985	0.24043	0.00938	0.01262	0.01079	0.00505	0.00636
92	0.01373	0.01061	0.01281	0.01207	0.01467	0.01072	0.00927	0.02186	0.15861	0.03267	0.45613	0.05788	0.08890	0.01626	0.00960	0.00274	0.00474	0.04894	0.00884	0.00896
93	0.02056	0.01974	0.03372	0.05099	0.65622	0.01974	0.02550	0.02550	0.01892	0.02714	0.01563	0.02056	0.01316	0.00740	0.00822	0.00247	0.00987	0.00740	0.00411	0.01316
94	0.02580	0.09676	0.02896	0.09166	0.27304	0.16419	0.01944	0.02960	0.02044	0.14572	0.01778	0.02018	0.01358	0.00826	0.00779	0.00237	0.01047	0.00681	0.00523	0.01194
95	0.01819	0.01682	0.02795	0.10016	0.46035	0.01701	0.02140	0.02295	0.01972	0.02796	0.15516	0.02981	0.02728	0.00959	0.00858	0.00253	0.00867	0.00907	0.00518	0.01163
96	0.01226	0.00948	0.01411	0.01388	0.01527	0.01133	0.01087	0.01516	0.01331	0.01933	0.02154	0.03173	0.02015	0.05931	0.63444	0.01274	0.06436	0.00880	0.00440	0.00752
97	0.01706	0.04021	0.58237	0.02520	0.03696	0.01952	0.11056	0.02635	0.01782	0.02635	0.01516	0.01819	0.01080	0.00777	0.00815	0.00265	0.01251	0.00663	0.00360	0.01213
98	0.02350	0.02669	0.03278	0.09539	0.25059	0.24485	0.15382	0.02799	0.02045	0.02415	0.01485	0.01919	0.01200	0.00779	0.00833	0.00246	0.01264	0.00722	0.00415	0.01116
99	0.02227	0.01663	0.01811	0.01496	0.01959	0.01758	0.01194	0.35751	0.03047	0.04040	0.11433	0.10422	0.16699	0.01483	0.00905	0.00266	0.00699	0.01218	0.00822	0.01107
100	0.01005	0.00749	0.00937	0.01087	0.01187	0.00681	0.00740	0.01165	0.01657	0.02148	0.05426	0.56514	0.18696	0.02493	0.01043	0.00325	0.00468	0.02227	0.00771	0.00681
101	0.02056	0.01974	0.03372	0.05099	0.65622	0.01974	0.02550	0.02550	0.01892	0.02714	0.01563	0.02056	0.01316	0.00740	0.00822	0.00247	0.00987	0.00740	0.00411	0.01316
102	0.01908	0.02008	0.07033	0.20369	0.43455	0.01948	0.06292	0.02457	0.01832	0.02562	0.01545	0.02088	0.01246	0.00763	0.00832	0.00257	0.01057	0.00747	0.00398	0.01203
103	0.27980	0.01805	0.01350	0.01230	0.01614	0.15904	0.00957	0.02548	0.01804	0.07042	0.01894	0.02123	0.01466	0.00879	0.00611	0.00224	0.00741	0.00613	0.28314	0.00899
104	0.02916	0.02444	0.02527	0.02312	0.10271	0.10787	0.01677	0.42486	0.08948	0.04355	0.01977	0.02039	0.01459	0.00959	0.00821	0.00247	0.00975	0.00737	0.00729	0.01334
105	0.04885	0.03622	0.47719	0.02803	0.11222	0.01955	0.10949	0.02617	0.01785	0.02691	0.01511	0.01840	0.01106	0.00770	0.00808	0.00263	0.01197	0.00672	0.00374	0.01210
106	0.20094	0.01982	0.04522	0.02173	0.15857	0.13537	0.01413	0.02242	0.01827	0.02676	0.03188	0.09289	0.15576	0.01240	0.00789	0.00260	0.00836	0.00997	0.00549	0.00953
107	0.02141	0.02504	0.10455	0.02897	0.20569	0.16197	0.05611	0.07995	0.02041	0.02608	0.01685	0.02169	0.01403	0.02005	0.15537	0.00484	0.01420	0.00728	0.00454	0.01098
108	0.05640	0.02116	0.02417	0.03085	0.29500	0.16152	0.01768	0.02593	0.05839	0.02805	0.16724	0.02949	0.02867	0.01019	0.00830	0.00246	0.00922	0.00874	0.00566	0.01092
109	0.05098	0.14029	0.34406	0.02169	0.03037	0.16639	0.05193	0.02725	0.01850	0.02413	0.01371	0.01644	0.01064	0.00818	0.00830	0.00245	0.04390	0.00587	0.00379	0.01112

[dist]
# distance from previous block
# <min> <max>
2	28

[block]
# block no. 2 follows, 22 sequences, length 52
# corresponding to MSA columns:
# 394-445
name=unknown_C
#
# <colnr> <probs for GDERKNQSTAVLIFYWHMCP>
#	G	D	E	R	K	N	Q	S	T	A	V	L	I	F	Y	W	H	M	C	P
0	0.10816	0.02382	0.15022	0.03251	0.22240	0.01950	0.18337	0.06479	0.01943	0.02936	0.01737	0.05944	0.01453	0.00868	0.00836	0.00265	0.01067	0.00842	0.00463	0.01167
1	0.01460	0.03221	0.46334	0.01937	0.02845	0.01549	0.02337	0.02184	0.01760	0.02497	0.03151	0.11276	0.13494	0.01254	0.00858	0.00275	0.00987	0.01038	0.00480	0.01063
2	0.01750	0.02290	0.14443	0.02175	0.02713	0.09602	0.17901	0.02210	0.01781	0.02307	0.02468	0.08749	0.04694	0.11650	0.01528	0.00367	0.05081	0.06868	0.00493	0.00930
3	0.01527	0.00781	0.00808	0.00808	0.00998	0.00790	0.00608	0.01909	0.01718	0.03028	0.02681	0.03107	0.02126	0.01280	0.04550	0.00261	0.00496	0.00781	0.70970	0.00772
4	0.02048	0.02144	0.06088	0.11657	0.52614	0.05842	0.02491	0.02553	0.01888	0.02606	0.01534	0.02026	0.01267	0.00759	0.00817	0.00249	0.01041	0.00722	0.00405	0.01249
5	0.13282	0.13579	0.02417	0.01740	0.02270	0.34029	0.01396	0.03225	0.02125	0.16161	0.01678	0.01740	0.01260	0.00859	0.00702	0.00224	0.01113	0.00574	0.00559	0.01068
6	0.02016	0.01712	0.02336	0.02899	0.26657	0.01806	0.01706	0.03258	0.28303	0.06432	0.06535	0.03239	0.07267	0.01080	0.00854	0.00266	0.00754	0.00952	0.00685	0.01243
7	0.01022	0.00855	0.00898	0.00919	0.01190	0.00730	0.00711	0.01252	0.01896	0.02272	0.07962	0.08150	0.58455	0.02125	0.01001	0.00292	0.00460	0.08332	0.00771	0.00708
8	0.01119	0.00799	0.01086	0.01278	0.01373	0.00766	0.00956	0.01341	0.01695	0.02240	0.04520	0.50429	0.05262	0.02502	0.01089	0.00352	0.00574	0.21146	0.00769	0.00704
9	0.02549	0.15056	0.06759	0.02690	0.16858	0.29653	0.01886	0.06351	0.02120	0.02394	0.01367	0.01660	0.01145	0.00846	0.00859	0.00229	0.05457	0.00595	0.00426	0.01100
10	0.01065	0.01170	0.07381	0.01044	0.01385	0.00825	0.00899	0.01354	0.01871	0.02335	0.10804	0.14868	0.48032	0.02009	0.00972	0.00285	0.00506	0.01699	0.00739	0.00755
11	0.01009	0.00733	0.00953	0.01129	0.01198	0.00677	0.00759	0.01160	0.01617	0.02131	0.04914	0.64816	0.10724	0.02559	0.01053	0.00332	0.00477	0.02308	0.00771	0.00677
12	0.15983	0.13710	0.10363	0.02077	0.07828	0.15831	0.01711	0.02529	0.01707	0.02455	0.01310	0.01684	0.01120	0.01218	0.04930	0.00317	0.13219	0.00587	0.00411	0.01009
13	0.03040	0.03854	0.02364	0.02142	0.02549	0.64272	0.01616	0.03252	0.02301	0.02032	0.01275	0.01514	0.01071	0.00886	0.00846	0.00221	0.04837	0.00544	0.00425	0.00960
14	0.02539	0.32008	0.03398	0.02370	0.14065	0.24106	0.01701	0.06540	0.02083	0.02326	0.01325	0.01562	0.01135	0.00782	0.00676	0.00207	0.01109	0.00548	0.00419	0.01100
15	0.01094	0.00853	0.00947	0.01006	0.01208	0.00781	0.00722	0.01424	0.05658	0.02326	0.06362	0.30221	0.35771	0.02159	0.00979	0.00296	0.00456	0.01868	0.05134	0.00734
16	0.01828	0.10189	0.37909	0.02687	0.03722	0.02126	0.24587	0.02628	0.01823	0.02575	0.01527	0.01890	0.01130	0.00749	0.00833	0.00261	0.01257	0.00731	0.00377	0.01173
17	0.03103	0.03959	0.02354	0.02140	0.02568	0.67469	0.01605	0.03317	0.02354	0.02033	0.01284	0.01498	0.01070	0.00856	0.00749	0.00214	0.01498	0.00535	0.00428	0.00963
18	0.01080	0.00766	0.00985	0.01135	0.01197	0.00728	0.00772	0.01224	0.01564	0.02067	0.04351	0.49726	0.07359	0.15187	0.01653	0.00426	0.00567	0.07839	0.00721	0.00653
19	0.02130	0.02145	0.03125	0.04523	0.54573	0.09630	0.02339	0.02585	0.01972	0.02668	0.05101	0.02223	0.01653	0.00808	0.00823	0.00244	0.01014	0.00759	0.00441	0.01244
20	0.01986	0.29751	0.20586	0.02396	0.03286	0.02520	0.23338	0.02585	0.01801	0.02377	0.01426	0.01760	0.01131	0.00727	0.00756	0.00236	0.01156	0.00676	0.00377	0.01127
21	0.01826	0.01752	0.02941	0.07632	0.47055	0.01738	0.05525	0.02281	0.01883	0.02592	0.02834	0.03175	0.13152	0.00995	0.00861	0.00256	0.00912	0.00941	0.00476	0.01170
22	0.01871	0.03166	0.35527	0.02714	0.10704	0.04802	0.13661	0.02605	0.01902	0.05538	0.05307	0.02417	0.04229	0.00885	0.00847	0.00262	0.01141	0.00799	0.00453	0.01169
23	0.01220	0.00928	0.01357	0.01339	0.01467	0.01092	0.01030	0.01485	0.01321	0.01904	0.02204	0.03382	0.02111	0.11644	0.58786	0.01241	0.05404	0.00910	0.00446	0.00729
24	0.01323	0.00951	0.01317	0.01500	0.01695	0.00945	0.01308	0.01698	0.01912	0.02476	0.04573	0.09311	0.07414	0.02287	0.01140	0.00378	0.00750	0.57494	0.00765	0.00762
25	0.02152	0.15044	0.10819	0.03666	0.38795	0.02167	0.02245	0.02751	0.05363	0.06795	0.01694	0.01996	0.01356	0.00781	0.00767	0.00239	0.00960	0.00688	0.00459	0.01266
26	0.02098	0.02145	0.03627	0.04598	0.49354	0.05824	0.14829	0.02617	0.01933	0.02663	0.01571	0.02061	0.01290	0.00739	0.00851	0.00252	0.01102	0.00778	0.00414	0.01255
27	0.01081	0.00828	0.00973	0.00968	0.01167	0.00739	0.00703	0.01346	0.02004	0.02641	0.31266	0.14461	0.30118	0.06527	0.01205	0.00314	0.00441	0.01685	0.00813	0.00720
28	0.01001	0.00817	0.00885	0.00922	0.01147	0.00701	0.00671	0.01209	0.01860	0.02290	0.11349	0.21056	0.48840	0.02183	0.00998	0.00291	0.00432	0.01865	0.00781	0.00701
29	0.01716	0.02399	0.22725	0.01764	0.02422	0.01739	0.01758	0.03169	0.30999	0.02937	0.03464	0.09113	0.09711	0.01261	0.00862	0.00280	0.00800	0.01054	0.00669	0.01158
30	0.01031	0.00731	0.00958	0.01133	0.01176	0.00687	0.00745	0.01162	0.01554	0.02071	0.04389	0.64002	0.05256	0.09189	0.01366	0.00383	0.00513	0.02250	0.00745	0.00658
31	0.01037	0.00843	0.00924	0.00935	0.01182	0.00729	0.00707	0.01285	0.01954	0.02436	0.17596	0.11464	0.48449	0.02076	0.00996	0.00287	0.00440	0.05149	0.00795	0.00717
32	0.02254	0.02431	0.03446	0.04195	0.41319	0.15450	0.13481	0.02728	0.01999	0.02564	0.01527	0.01976	0.01255	0.00757	0.00837	0.00246	0.01169	0.00743	0.00416	0.01207
33	0.02839	0.07301	0.02675	0.02708	0.15495	0.50443	0.01789	0.03113	0.02222	0.02169	0.01334	0.01604	0.01120	0.00824	0.00752	0.00219	0.01359	0.00572	0.00421	0.01041
34	0.01666	0.04297	0.66500	0.02368	0.03596	0.01929	0.03069	0.02631	0.01754	0.02631	0.01491	0.01754	0.01052	0.00789	0.00789	0.00263	0.01228	0.00614	0.00351	0.01228
35	0.02744	0.02957	0.02546	0.04892	0.15585	0.33574	0.01789	0.14023	0.08639	0.02900	0.01684	0.01885	0.01329	0.00884	0.00791	0.00236	0.01191	0.00663	0.00537	0.01151
36	0.03144	0.02754	0.02457	0.01971	0.02574	0.19547	0.01586	0.47283	0.03500	0.04398	0.01809	0.01865	0.01323	0.00960	0.00810	0.00240	0.01067	0.00692	0.00726	0.01295
37	0.01194	0.00862	0.01195	0.01195	0.01295	0.00963	0.00864	0.01394	0.01294	0.01825	0.02353	0.03971	0.02384	0.27264	0.46899	0.01163	0.01763	0.00994	0.00464	0.00664
38	0.01241	0.00950	0.01086	0.01161	0.05221	0.00820	0.00798	0.01486	0.01951	0.06554	0.10835	0.07183	0.53896	0.01925	0.00962	0.00276	0.00473	0.01615	0.00774	0.00791
39	0.03040	0.03667	0.02435	0.02313	0.06729	0.56716	0.01665	0.09167	0.02477	0.02395	0.01373	0.01584	0.01120	0.00862	0.00762	0.00220	0.01407	0.00570	0.00467	0.01031
40	0.01029	0.00750	0.00972	0.01135	0.01220	0.00694	0.00781	0.01200	0.01664	0.02193	0.07144	0.58723	0.11902	0.02504	0.01053	0.00331	0.00484	0.04760	0.00776	0.00685
41	0.02029	0.01946	0.03323	0.08646	0.62287	0.01967	0.02536	0.02526	0.01879	0.02681	0.01558	0.02065	0.01304	0.00745	0.00823	0.00248	0.00994	0.00740	0.00409	0.01294
42	0.01449	0.01269	0.01884	0.01678	0.01794	0.01571	0.04865	0.01682	0.01330	0.01944	0.01875	0.03071	0.01850	0.14845	0.31401	0.00859	0.24535	0.00892	0.00426	0.00782
43	0.01267	0.01002	0.01418	0.01368	0.01481	0.01196	0.01051	0.01502	0.01333	0.01907	0.02394	0.03580	0.04809	0.14571	0.46812	0.01082	0.11092	0.00950	0.00456	0.00729
44	0.01208	0.00805	0.00906	0.00906	0.00906	0.00805	0.00503	0.01208	0.01208	0.01611	0.02618	0.05436	0.03020	0.70804	0.04228	0.00805	0.00805	0.01208	0.00503	0.00503
45	0.02073	0.20521	0.03283	0.02328	0.08801	0.10183	0.14044	0.06141	0.01922	0.02406	0.01834	0.09183	0.01721	0.01505	0.07215	0.00349	0.04121	0.00872	0.00466	0.01032
46	0.01184	0.00814	0.00926	0.00926	0.00964	0.00810	0.00549	0.01224	0.01284	0.01693	0.03168	0.05554	0.09132	0.59965	0.07857	0.00786	0.00856	0.01242	0.00526	0.00538
47	0.01007	0.00745	0.00941	0.01098	0.01190	0.00680	0.00745	0.01163	0.01647	0.02144	0.05290	0.58727	0.16571	0.02510	0.01046	0.00327	0.00471	0.02249	0.00771	0.00680
48	0.01576	0.01057	0.03694	0.01267	0.01509	0.00910	0.00964	0.01939	0.05525	0.13228	0.10316	0.43581	0.06988	0.02071	0.00988	0.00308	0.00548	0.01844	0.00817	0.00871
49	0.02635	0.20698	0.02767	0.01778	0.02320	0.24501	0.01463	0.16036	0.09840	0.02964	0.05869	0.02063	0.01764	0.00937	0.00737	0.00223	0.01040	0.00669	0.00578	0.01117
50	0.02299	0.01634	0.01754	0.01488	0.01906	0.05233	0.01170	0.23536	0.06432	0.10258	0.18172	0.11284	0.03647	0.01361	0.00875	0.00260	0.00695	0.01135	0.05764	0.01097
51	0.02591	0.02013	0.02490	0.01902	0.02533	0.02098	0.08843	0.39918	0.03104	0.04261	0.02086	0.06310	0.01664	0.01007	0.00820	0.00238	0.00876	0.00843	0.04884	0.11519

[dist]
# distance from previous block
# <min> <max>
0	2

[block]
# block no. 3 follows, 22 sequences, length 111
# corresponding to MSA columns:
# 448-558
name=unknown_D
#
# <colnr> <probs for GDERKNQSTAVLIFYWHMCP>
#	G	D	E	R	K	N	Q	S	T	A	V	L	I	F	Y	W	H	M	C	P
0	0.01060	0.00853	0.00993	0.00981	0.01219	0.00786	0.00744	0.01321	0.01861	0.02376	0.17455	0.06686	0.41695	0.02888	0.14812	0.00496	0.00791	0.01528	0.00730	0.00725
1	0.02122	0.45835	0.03325	0.01448	0.02020	0.13080	0.01320	0.02376	0.01839	0.02039	0.02499	0.02808	0.11610	0.01033	0.00669	0.00210	0.00905	0.03435	0.00453	0.00977
2	0.01249	0.00933	0.01124	0.01186	0.01370	0.00910	0.00924	0.01607	0.05393	0.02299	0.07367	0.07550	0.20284	0.18971	0.01836	0.00449	0.00663	0.24456	0.00713	0.00717
3	0.01153	0.00853	0.01243	0.01282	0.01404	0.00956	0.00963	0.01407	0.01380	0.01953	0.02709	0.16659	0.02795	0.08224	0.51657	0.01115	0.01819	0.01196	0.00512	0.00718
4	0.02138	0.53213	0.18142	0.01666	0.02479	0.05962	0.01798	0.02558	0.01734	0.02109	0.01236	0.01434	0.01063	0.00735	0.00600	0.00198	0.00992	0.00486	0.00358	0.01097
5	0.01538	0.01441	0.01407	0.01449	0.04133	0.12020	0.01014	0.01954	0.05943	0.02740	0.30004	0.20883	0.08782	0.01728	0.00946	0.00274	0.00641	0.01500	0.00765	0.00837
6	0.01199	0.00802	0.00909	0.00918	0.00920	0.00799	0.00516	0.01206	0.01226	0.01635	0.02710	0.08486	0.03137	0.67596	0.04079	0.00783	0.00790	0.01262	0.00516	0.00511
7	0.01176	0.00863	0.01076	0.01144	0.01288	0.00819	0.00808	0.05066	0.01930	0.02584	0.17718	0.45307	0.12594	0.02254	0.01020	0.00309	0.00483	0.02010	0.00805	0.00747
8	0.01727	0.03870	0.53695	0.02603	0.03751	0.01965	0.15446	0.02637	0.01797	0.02637	0.01530	0.01855	0.01096	0.00771	0.00829	0.00267	0.01264	0.00690	0.00365	0.01205
9	0.01614	0.02662	0.27728	0.02488	0.03283	0.01685	0.24430	0.02280	0.01790	0.02517	0.02319	0.18751	0.02219	0.01202	0.00926	0.00288	0.01108	0.01178	0.00480	0.01052
10	0.02725	0.32802	0.03210	0.01832	0.02381	0.39981	0.01526	0.02962	0.02069	0.01999	0.01229	0.01427	0.01068	0.00794	0.00657	0.00198	0.01237	0.00496	0.00397	0.01007
11	0.76672	0.01607	0.01221	0.01092	0.01607	0.01864	0.00900	0.02442	0.01414	0.03727	0.01157	0.01350	0.00900	0.00771	0.00514	0.00257	0.00643	0.00450	0.00514	0.00900
12	0.01005	0.00749	0.00937	0.01087	0.01187	0.00681	0.00740	0.01165	0.01658	0.02148	0.05428	0.56473	0.18736	0.02492	0.01043	0.00325	0.00468	0.02227	0.00771	0.00681
13	0.07864	0.01767	0.08954	0.01516	0.01926	0.04417	0.01288	0.14043	0.07271	0.03161	0.09588	0.27961	0.03611	0.01634	0.00899	0.00287	0.00717	0.01398	0.00720	0.00979
14	0.01944	0.01155	0.01196	0.01053	0.01363	0.01217	0.00826	0.16890	0.02273	0.03622	0.02534	0.02826	0.01953	0.00975	0.00642	0.00207	0.00517	0.00768	0.57107	0.00931
15	0.00997	0.00826	0.00873	0.00894	0.01140	0.00702	0.00658	0.01209	0.01880	0.02289	0.11120	0.16040	0.54218	0.02146	0.00992	0.00287	0.00427	0.01819	0.00779	0.00702
16	0.02056	0.01974	0.03372	0.05099	0.65622	0.01974	0.02550	0.02550	0.01892	0.02714	0.01563	0.02056	0.01316	0.00740	0.00822	0.00247	0.00987	0.00740	0.00411	0.01316
17	0.02183	0.06473	0.02456	0.04604	0.02502	0.27734	0.11484	0.02505	0.01988	0.02284	0.02337	0.11085	0.05394	0.01150	0.00880	0.00248	0.03468	0.00951	0.09357	0.00918
18	0.00997	0.00841	0.00866	0.00882	0.01149	0.00710	0.00665	0.01212	0.01882	0.02249	0.08100	0.10605	0.60454	0.02132	0.00992	0.00287	0.00437	0.04068	0.00771	0.00703
19	0.01012	0.00723	0.00964	0.01157	0.01205	0.00675	0.00771	0.01157	0.01591	0.02121	0.04579	0.70262	0.05495	0.02603	0.01060	0.00337	0.00482	0.02362	0.00771	0.00675
20	0.01931	0.02153	0.04412	0.03227	0.03893	0.02193	0.49968	0.02523	0.01818	0.02523	0.01558	0.02153	0.01225	0.00857	0.01343	0.00297	0.15512	0.00928	0.00408	0.01076
21	0.02925	0.03570	0.02379	0.10017	0.02942	0.55904	0.01687	0.06661	0.02363	0.02231	0.01348	0.01612	0.01095	0.00861	0.00764	0.00224	0.01418	0.00572	0.00445	0.00985
22	0.01014	0.00837	0.00896	0.00934	0.01180	0.00719	0.00705	0.01231	0.01860	0.02250	0.07649	0.15246	0.53508	0.02177	0.01004	0.00295	0.00456	0.06564	0.00771	0.00703
23	0.03727	0.01414	0.01928	0.01478	0.02121	0.01221	0.01221	0.04049	0.02378	0.66198	0.03277	0.02828	0.02056	0.01028	0.00835	0.00257	0.00707	0.00835	0.01028	0.01414
24	0.01975	0.02457	0.16495	0.04531	0.52728	0.01965	0.02658	0.02566	0.01863	0.02697	0.01548	0.01993	0.01261	0.00750	0.00816	0.00250	0.01037	0.00714	0.00399	0.01298
25	0.02085	0.02008	0.03083	0.17560	0.46101	0.05684	0.02387	0.06239	0.01996	0.02713	0.01556	0.02053	0.01266	0.00781	0.00820	0.00251	0.01036	0.00729	0.00430	0.01223
26	0.02313	0.02461	0.03122	0.04373	0.50143	0.18052	0.02318	0.02738	0.02005	0.02547	0.01494	0.01919	0.01256	0.00769	0.00804	0.00239	0.01112	0.00690	0.00415	0.01229
27	0.01156	0.01004	0.01339	0.20499	0.02463	0.01027	0.01139	0.01454	0.01773	0.02187	0.05736	0.17342	0.36200	0.01825	0.00952	0.00290	0.00630	0.01568	0.00655	0.00761
28	0.01085	0.00875	0.00985	0.01040	0.01295	0.00775	0.00835	0.01345	0.01899	0.02314	0.07257	0.08392	0.47836	0.02159	0.01030	0.00310	0.00520	0.18560	0.00770	0.00720
29	0.02056	0.01974	0.03372	0.05099	0.65622	0.01974	0.02550	0.02550	0.01892	0.02714	0.01563	0.02056	0.01316	0.00740	0.00822	0.00247	0.00987	0.00740	0.00411	0.01316
30	0.02056	0.01974	0.03372	0.05099	0.65622	0.01974	0.02550	0.02550	0.01892	0.02714	0.01563	0.02056	0.01316	0.00740	0.00822	0.00247	0.00987	0.00740	0.00411	0.01316
31	0.02017	0.01734	0.01362	0.01271	0.01550	0.18898	0.00966	0.05697	0.01983	0.02797	0.02229	0.02623	0.01797	0.01543	0.08314	0.00333	0.00927	0.00722	0.42379	0.00858
32	0.01719	0.01374	0.01448	0.01269	0.01672	0.01411	0.00996	0.16649	0.13957	0.03260	0.09449	0.05532	0.34715	0.01631	0.00920	0.00272	0.00582	0.01345	0.00808	0.00991
33	0.01786	0.01381	0.01598	0.01280	0.01819	0.01235	0.01008	0.04961	0.12211	0.06742	0.15212	0.03438	0.08112	0.01079	0.00778	0.00203	0.00579	0.00902	0.00703	0.34975
34	0.01012	0.00723	0.00964	0.01157	0.01205	0.00675	0.00771	0.01157	0.01591	0.02121	0.04579	0.70262	0.05495	0.02603	0.01060	0.00337	0.00482	0.02362	0.00771	0.00675
35	0.01003	0.00759	0.00926	0.01060	0.01179	0.00683	0.00728	0.01168	0.01684	0.02159	0.05758	0.51123	0.23872	0.02449	0.01036	0.00320	0.00463	0.02175	0.00771	0.00683
36	0.01127	0.00967	0.01051	0.04923	0.01508	0.00900	0.00819	0.01555	0.07436	0.02357	0.07400	0.07274	0.53515	0.01950	0.00967	0.00284	0.00496	0.03944	0.00754	0.00772
37	0.01687	0.01743	0.02907	0.02304	0.02618	0.02026	0.20051	0.02033	0.01611	0.02251	0.02793	0.03230	0.14487	0.01360	0.01833	0.00321	0.34331	0.01017	0.00466	0.00930
38	0.01013	0.00823	0.00901	0.00948	0.01173	0.00711	0.00700	0.01225	0.01849	0.02273	0.09656	0.20935	0.47707	0.02201	0.01006	0.00296	0.00449	0.04655	0.00777	0.00702
39	0.01051	0.00739	0.00952	0.01106	0.01145	0.00701	0.00717	0.01167	0.01514	0.02018	0.04185	0.57261	0.04998	0.16281	0.01696	0.00431	0.00547	0.02130	0.00717	0.00640
40	0.02927	0.03626	0.02525	0.02637	0.13158	0.56469	0.01764	0.03188	0.02277	0.02148	0.01331	0.01592	0.01111	0.00837	0.00761	0.00220	0.01412	0.00570	0.00425	0.01022
41	0.01099	0.00781	0.00956	0.01027	0.01105	0.00737	0.00672	0.01241	0.01613	0.02155	0.13747	0.33138	0.10814	0.24664	0.02074	0.00473	0.00568	0.01793	0.00706	0.00638
42	0.01012	0.00723	0.00964	0.01157	0.01205	0.00675	0.00771	0.01157	0.01591	0.02121	0.04579	0.70262	0.05495	0.02603	0.01060	0.00337	0.00482	0.02362	0.00771	0.00675
43	0.02051	0.01989	0.03462	0.05006	0.62035	0.01981	0.06065	0.02556	0.01896	0.02711	0.01570	0.02067	0.01313	0.00738	0.00832	0.00249	0.01011	0.00754	0.00412	0.01304
44	0.02315	0.02465	0.03120	0.04368	0.50037	0.18162	0.02316	0.02739	0.02006	0.02546	0.01494	0.01918	0.01255	0.00769	0.00804	0.00239	0.01113	0.00689	0.00415	0.01229
45	0.01026	0.00737	0.00952	0.01118	0.01176	0.00687	0.00741	0.01163	0.01577	0.02086	0.04644	0.61334	0.08802	0.08122	0.01313	0.00372	0.00505	0.02232	0.00749	0.00662
46	0.03106	0.03883	0.02361	0.02129	0.02569	0.64416	0.01604	0.06118	0.02427	0.02184	0.01318	0.01521	0.01086	0.00863	0.00753	0.00216	0.01471	0.00545	0.00447	0.00984
47	0.01069	0.00870	0.00964	0.01011	0.01269	0.00764	0.00805	0.01322	0.01898	0.02304	0.07430	0.08333	0.50432	0.02151	0.01022	0.00306	0.00505	0.16059	0.00770	0.00717
48	0.02282	0.02237	0.01977	0.01784	0.02245	0.15662	0.01375	0.04186	0.51281	0.03175	0.02945	0.02767	0.02231	0.01071	0.00825	0.00268	0.00832	0.00855	0.00759	0.01242
49	0.01021	0.00735	0.00953	0.01123	0.01183	0.00684	0.00747	0.01162	0.01588	0.02100	0.04705	0.62748	0.09055	0.06423	0.01234	0.00360	0.00496	0.02259	0.00756	0.00667
50	0.02297	0.46369	0.06362	0.01649	0.02251	0.16397	0.01531	0.02580	0.01785	0.02001	0.01256	0.01526	0.01127	0.01110	0.04643	0.00267	0.04936	0.00512	0.00376	0.01024
51	0.01618	0.01556	0.02149	0.01911	0.01937	0.02087	0.01552	0.01795	0.01368	0.02036	0.02172	0.14965	0.05681	0.01707	0.02313	0.00354	0.52391	0.01093	0.00464	0.00853
52	0.01012	0.00723	0.00964	0.01157	0.01205	0.00675	0.00771	0.01157	0.01591	0.02121	0.04579	0.70262	0.05495	0.02603	0.01060	0.00337	0.00482	0.02362	0.00771	0.00675
53	0.02013	0.01930	0.03294	0.10745	0.60314	0.01962	0.02528	0.02512	0.01871	0.02662	0.01555	0.02070	0.01297	0.00748	0.00823	0.00249	0.00998	0.00740	0.00407	0.01281
54	0.02284	0.05163	0.02014	0.04141	0.02208	0.05825	0.01317	0.19635	0.25396	0.03603	0.02530	0.02594	0.01929	0.01308	0.04544	0.00310	0.00852	0.00803	0.12366	0.01178
55	0.02066	0.01785	0.01878	0.01691	0.02160	0.02066	0.01315	0.04414	0.64121	0.03475	0.03381	0.03099	0.02536	0.01127	0.00845	0.00282	0.00657	0.00939	0.00845	0.01315
56	0.01012	0.00723	0.00964	0.01157	0.01205	0.00675	0.00771	0.01157	0.01591	0.02121	0.04579	0.70262	0.05495	0.02603	0.01060	0.00337	0.00482	0.02362	0.00771	0.00675
57	0.00982	0.00842	0.00842	0.00842	0.01122	0.00701	0.00631	0.01192	0.01894	0.02244	0.08416	0.07995	0.65285	0.02104	0.00982	0.00281	0.00421	0.01753	0.00771	0.00701
58	0.76672	0.01607	0.01221	0.01092	0.01607	0.01864	0.00900	0.02442	0.01414	0.03727	0.01157	0.01350	0.00900	0.00771	0.00514	0.00257	0.00643	0.00450	0.00514	0.00900
59	0.01037	0.00844	0.00919	0.00900	0.01156	0.00725	0.00675	0.01300	0.02025	0.02556	0.24688	0.07482	0.48818	0.01988	0.00981	0.00275	0.00413	0.01681	0.00812	0.00725
60	0.01723	0.01477	0.01723	0.01230	0.01969	0.01107	0.00984	0.02092	0.01723	0.02707	0.01477	0.01723	0.01230	0.00615	0.00615	0.00123	0.00615	0.00492	0.00492	0.75883
61	0.00982	0.00842	0.00842	0.00842	0.01122	0.00701	0.00631	0.01192	0.01894	0.02244	0.08416	0.07995	0.65285	0.02104	0.00982	0.00281	0.00421	0.01753	0.00771	0.00701
62	0.03103	0.03959	0.02354	0.02140	0.02568	0.67469	0.01605	0.03317	0.02354	0.02033	0.01284	0.01498	0.01070	0.00856	0.00749	0.00214	0.01498	0.00535	0.00428	0.00963
63	0.01160	0.00785	0.00920	0.00968	0.00979	0.00773	0.00569	0.01195	0.01302	0.01736	0.03099	0.21350	0.03628	0.54062	0.03451	0.00691	0.00726	0.01491	0.00569	0.00545
64	0.00982	0.00842	0.00842	0.00842	0.01122	0.00701	0.00631	0.01192	0.01894	0.02244	0.08416	0.07995	0.65285	0.02104	0.00982	0.00281	0.00421	0.01753	0.00771	0.00701
65	0.03620	0.01585	0.02034	0.01559	0.02206	0.01475	0.01288	0.15085	0.02665	0.54757	0.03037	0.02671	0.01936	0.01022	0.00835	0.00256	0.00746	0.00819	0.00991	0.01414
66	0.01688	0.01599	0.02708	0.53168	0.20426	0.01877	0.02367	0.02227	0.01718	0.02268	0.01498	0.02176	0.01159	0.00808	0.00829	0.00269	0.01078	0.00739	0.00379	0.01019
67	0.03103	0.03959	0.02354	0.02140	0.02568	0.67469	0.01605	0.03317	0.02354	0.02033	0.01284	0.01498	0.01070	0.00856	0.00749	0.00214	0.01498	0.00535	0.00428	0.00963
