[name]
unknown

[dist]
# distance from previous block
# <min> <max>
0	1

[block]
# block no. 0 follows, 23 sequences, length 76
# corresponding to MSA columns:
# 1-76
name=unknown_A
#
# <colnr> <probs for GDERKNQSTAVLIFYWHMCP>
#	G	D	E	R	K	N	Q	S	T	A	V	L	I	F	Y	W	H	M	C	P
0	0.02484	0.02862	0.01989	0.01891	0.02245	0.43904	0.01484	0.05376	0.02228	0.02263	0.02255	0.03937	0.02216	0.01290	0.00859	0.00263	0.01210	0.19807	0.00540	0.00898
1	0.01747	0.19114	0.53407	0.02109	0.03197	0.02176	0.02644	0.02539	0.01699	0.02424	0.01384	0.01623	0.01031	0.00754	0.00716	0.00239	0.01126	0.00563	0.00344	0.01164
2	0.02572	0.01503	0.02583	0.01946	0.02536	0.01358	0.19876	0.03012	0.02194	0.33546	0.16551	0.03315	0.03017	0.01052	0.00890	0.00259	0.00827	0.01002	0.00801	0.01159
3	0.02008	0.01928	0.03294	0.04981	0.66422	0.01928	0.02490	0.02490	0.01848	0.02651	0.01526	0.02008	0.01285	0.00723	0.00803	0.00241	0.00964	0.00723	0.00402	0.01285
4	0.09653	0.00965	0.01173	0.01203	0.01418	0.00942	0.00868	0.01904	0.04843	0.13340	0.03840	0.48502	0.04171	0.02017	0.00931	0.00305	0.00534	0.01784	0.00773	0.00837
5	0.02008	0.01928	0.03294	0.04981	0.66422	0.01928	0.02490	0.02490	0.01848	0.02651	0.01526	0.02008	0.01285	0.00723	0.00803	0.00241	0.00964	0.00723	0.00402	0.01285
6	0.01788	0.01703	0.02895	0.34911	0.38216	0.01870	0.02380	0.02297	0.01743	0.02383	0.01487	0.02080	0.01191	0.00764	0.00807	0.00255	0.01019	0.00722	0.00383	0.01107
7	0.01957	0.02073	0.04124	0.04114	0.31887	0.01997	0.36361	0.02551	0.01885	0.02622	0.01590	0.02109	0.01255	0.00701	0.00889	0.00259	0.01188	0.00853	0.00407	0.01179
8	0.01904	0.01821	0.03104	0.19188	0.53032	0.01900	0.02438	0.02398	0.01798	0.02524	0.01508	0.02042	0.01240	0.00742	0.00805	0.00247	0.00990	0.00723	0.00393	0.01201
9	0.01149	0.00803	0.01013	0.01019	0.01093	0.00811	0.00677	0.01302	0.01489	0.02054	0.16653	0.12109	0.04073	0.36546	0.15053	0.00717	0.00922	0.01306	0.00597	0.00613
10	0.00989	0.00706	0.00942	0.01130	0.01177	0.00659	0.00753	0.01130	0.01554	0.02071	0.04472	0.70954	0.05367	0.02542	0.01036	0.00330	0.00471	0.02307	0.00753	0.00659
11	0.03031	0.03867	0.02299	0.02090	0.02508	0.68226	0.01568	0.03240	0.02299	0.01986	0.01254	0.01463	0.01045	0.00836	0.00732	0.00209	0.01463	0.00523	0.00418	0.00941
12	0.02300	0.02499	0.02226	0.01954	0.02169	0.27642	0.01554	0.05679	0.01834	0.02246	0.01354	0.01798	0.01183	0.01121	0.01597	0.00275	0.32505	0.00644	0.08502	0.00920
13	0.00989	0.00706	0.00942	0.01130	0.01177	0.00659	0.00753	0.01130	0.01554	0.02071	0.04472	0.70954	0.05367	0.02542	0.01036	0.00330	0.00471	0.02307	0.00753	0.00659
14	0.01915	0.02189	0.04788	0.03420	0.04241	0.02052	0.63475	0.02599	0.01915	0.02599	0.01642	0.02189	0.01231	0.00684	0.00958	0.00274	0.01368	0.00958	0.00410	0.01094
15	0.01923	0.01851	0.02607	0.02173	0.02288	0.02465	0.05165	0.08602	0.01555	0.02327	0.01192	0.01817	0.01108	0.01332	0.02370	0.00339	0.58800	0.00726	0.00407	0.00952
16	0.02941	0.11098	0.02514	0.02007	0.02463	0.58706	0.01548	0.05508	0.02289	0.02099	0.01268	0.01465	0.01058	0.00826	0.00712	0.00207	0.01377	0.00521	0.00426	0.00969
17	0.00968	0.00822	0.00835	0.00832	0.01102	0.00689	0.00624	0.01183	0.01872	0.02244	0.11068	0.07723	0.63212	0.02035	0.00959	0.00273	0.00410	0.01700	0.00760	0.00689
18	0.01435	0.00781	0.00877	0.00877	0.01056	0.00813	0.00666	0.01793	0.01614	0.02774	0.02543	0.03061	0.02069	0.02077	0.15468	0.00434	0.00773	0.00781	0.59359	0.00749
19	0.01899	0.01817	0.03096	0.19778	0.52477	0.01899	0.02436	0.02395	0.01796	0.02518	0.01507	0.02044	0.01239	0.00743	0.00805	0.00248	0.00991	0.00723	0.00392	0.01197
20	0.03034	0.03784	0.02307	0.02079	0.02509	0.64782	0.01566	0.06410	0.02379	0.02150	0.01291	0.01489	0.01063	0.00843	0.00736	0.00211	0.01433	0.00534	0.00439	0.00964
21	0.01875	0.01221	0.01723	0.01518	0.01768	0.01394	0.01225	0.02149	0.01535	0.16270	0.02105	0.02687	0.01758	0.03596	0.34659	0.00790	0.17286	0.00800	0.00544	0.05097
22	0.01946	0.04828	0.06239	0.22080	0.25427	0.01984	0.08544	0.10198	0.02001	0.02725	0.01583	0.02081	0.01251	0.01058	0.04345	0.00307	0.01101	0.00737	0.00440	0.01126
23	0.00989	0.00706	0.00942	0.01130	0.01177	0.00659	0.00753	0.01130	0.01554	0.02071	0.04472	0.70954	0.05367	0.02542	0.01036	0.00330	0.00471	0.02307	0.00753	0.00659
24	0.01225	0.00966	0.01431	0.01393	0.01522	0.01172	0.01096	0.01503	0.01297	0.01891	0.02055	0.03036	0.01925	0.05586	0.61243	0.01202	0.09436	0.00852	0.00426	0.00742
25	0.02099	0.02222	0.02800	0.05553	0.02803	0.16299	0.15769	0.07971	0.01887	0.02394	0.01493	0.02036	0.01264	0.01711	0.10823	0.00424	0.20296	0.00751	0.00435	0.00969
26	0.02486	0.02820	0.09444	0.02110	0.02664	0.22636	0.07244	0.16165	0.13757	0.03027	0.01812	0.01973	0.01393	0.00950	0.00980	0.00254	0.07887	0.00704	0.00561	0.01133
27	0.02050	0.57055	0.18124	0.01592	0.02397	0.02919	0.01743	0.02461	0.01663	0.02054	0.01200	0.01392	0.01038	0.00711	0.00576	0.00192	0.00941	0.00470	0.00346	0.01076
28	0.01179	0.00791	0.00905	0.00905	0.00912	0.00798	0.00517	0.01193	0.01186	0.01588	0.02538	0.05207	0.02905	0.68305	0.07248	0.00812	0.00854	0.01165	0.00489	0.00503
29	0.01159	0.00869	0.01304	0.01304	0.01449	0.01014	0.01014	0.01449	0.01304	0.01884	0.02173	0.03188	0.02029	0.06086	0.68268	0.01304	0.02173	0.00869	0.00435	0.00724
30	0.01801	0.25926	0.47072	0.02016	0.03054	0.02310	0.02482	0.02525	0.01692	0.02358	0.01351	0.01581	0.01032	0.00746	0.00691	0.00230	0.01093	0.00546	0.00344	0.01149
31	0.01885	0.02397	0.11261	0.03305	0.04165	0.02035	0.57210	0.02596	0.01894	0.02596	0.01622	0.02140	0.01210	0.00693	0.00938	0.00272	0.01351	0.00921	0.00403	0.01105
32	0.01180	0.00787	0.00885	0.00885	0.00885	0.00787	0.00492	0.01180	0.01180	0.01573	0.02557	0.05310	0.02950	0.71483	0.04130	0.00787	0.00787	0.01180	0.00492	0.00492
33	0.02118	0.65600	0.10177	0.01475	0.02217	0.03086	0.01540	0.02443	0.01655	0.01971	0.01159	0.01340	0.01040	0.00701	0.00544	0.00181	0.00899	0.00449	0.00347	0.01056
34	0.02044	0.01876	0.03237	0.10003	0.54876	0.01889	0.05783	0.02533	0.01856	0.05728	0.01607	0.02068	0.01301	0.00742	0.00813	0.00246	0.00983	0.00740	0.00428	0.01248
35	0.01180	0.00787	0.00885	0.00885	0.00885	0.00787	0.00492	0.01180	0.01180	0.01573	0.02557	0.05310	0.02950	0.71483	0.04130	0.00787	0.00787	0.01180	0.00492	0.00492
36	0.00989	0.00706	0.00942	0.01130	0.01177	0.00659	0.00753	0.01130	0.01554	0.02071	0.04472	0.70954	0.05367	0.02542	0.01036	0.00330	0.00471	0.02307	0.00753	0.00659
37	0.01180	0.00787	0.00885	0.00885	0.00885	0.00787	0.00492	0.01180	0.01180	0.01573	0.02557	0.05310	0.02950	0.71483	0.04130	0.00787	0.00787	0.01180	0.00492	0.00492
38	0.03031	0.03867	0.02299	0.02090	0.02508	0.68226	0.01568	0.03240	0.02299	0.01986	0.01254	0.01463	0.01045	0.00836	0.00732	0.00209	0.01463	0.00523	0.00418	0.00941
39	0.01159	0.00869	0.01304	0.01304	0.01449	0.01014	0.01014	0.01449	0.01304	0.01884	0.02173	0.03188	0.02029	0.06086	0.68268	0.01304	0.02173	0.00869	0.00435	0.00724
40	0.23681	0.02077	0.02090	0.01645	0.02253	0.02323	0.01358	0.46676	0.03139	0.04705	0.01721	0.01773	0.01241	0.00913	0.00726	0.00246	0.00819	0.00650	0.00726	0.01241
41	0.01163	0.00852	0.01106	0.01104	0.01303	0.00794	0.00869	0.01525	0.02155	0.02958	0.46228	0.06929	0.13256	0.01830	0.00993	0.00283	0.00466	0.14588	0.00846	0.00753
42	0.01074	0.00772	0.01018	0.01072	0.01196	0.00716	0.00760	0.01344	0.01950	0.02702	0.37304	0.36323	0.06589	0.02071	0.00994	0.00290	0.00424	0.01859	0.00828	0.00716
43	0.00989	0.00706	0.00942	0.01130	0.01177	0.00659	0.00753	0.01130	0.01554	0.02071	0.04472	0.70954	0.05367	0.02542	0.01036	0.00330	0.00471	0.02307	0.00753	0.00659
44	0.00989	0.00706	0.00942	0.01130	0.01177	0.00659	0.00753	0.01130	0.01554	0.02071	0.04472	0.70954	0.05367	0.02542	0.01036	0.00330	0.00471	0.02307	0.00753	0.00659
45	0.03031	0.03867	0.02299	0.02090	0.02508	0.68226	0.01568	0.03240	0.02299	0.01986	0.01254	0.01463	0.01045	0.00836	0.00732	0.00209	0.01463	0.00523	0.00418	0.00941
46	0.01781	0.01439	0.01693	0.01214	0.01930	0.01087	0.00973	0.02139	0.01715	0.05868	0.01530	0.01737	0.01242	0.00621	0.00612	0.00127	0.00605	0.00498	0.00507	0.72683
47	0.02067	0.01484	0.01629	0.01364	0.01674	0.01605	0.01008	0.30356	0.02415	0.03240	0.02254	0.03636	0.02172	0.35322	0.05800	0.00559	0.00906	0.00955	0.00638	0.00918
48	0.01902	0.01820	0.03102	0.19343	0.52887	0.01900	0.02438	0.02397	0.01798	0.02522	0.01508	0.02043	0.01240	0.00743	0.00805	0.00248	0.00990	0.00723	0.00393	0.01200
49	0.02008	0.01928	0.03294	0.04981	0.66422	0.01928	0.02490	0.02490	0.01848	0.02651	0.01526	0.02008	0.01285	0.00723	0.00803	0.00241	0.00964	0.00723	0.00402	0.01285
50	0.03031	0.03867	0.02299	0.02090	0.02508	0.68226	0.01568	0.03240	0.02299	0.01986	0.01254	0.01463	0.01045	0.00836	0.00732	0.00209	0.01463	0.00523	0.00418	0.00941
51	0.02071	0.50846	0.20623	0.01665	0.02477	0.06125	0.01818	0.02507	0.01698	0.02086	0.01220	0.01417	0.01038	0.00721	0.00597	0.00197	0.00984	0.00482	0.00349	0.01078
52	0.00989	0.00706	0.00942	0.01130	0.01177	0.00659	0.00753	0.01130	0.01554	0.02071	0.04472	0.70954	0.05367	0.02542	0.01036	0.00330	0.00471	0.02307	0.00753	0.00659
53	0.01060	0.00736	0.00921	0.01039	0.01069	0.00706	0.00656	0.01148	0.01415	0.01886	0.03761	0.46578	0.04469	0.28143	0.02185	0.00499	0.00588	0.01888	0.00656	0.00597
54	0.01513	0.00756	0.00756	0.00756	0.00945	0.00756	0.00567	0.01891	0.01702	0.03025	0.02647	0.03025	0.02080	0.00945	0.00567	0.00189	0.00378	0.00756	0.75988	0.00756
55	0.03018	0.02620	0.02406	0.01929	0.02499	0.17654	0.01558	0.47245	0.03360	0.04263	0.01752	0.01829	0.01290	0.00961	0.00869	0.00240	0.03864	0.00682	0.00702	0.01258
56	0.01915	0.02189	0.04788	0.03420	0.04241	0.02052	0.63475	0.02599	0.01915	0.02599	0.01642	0.02189	0.01231	0.00684	0.00958	0.00274	0.01368	0.00958	0.00410	0.01094
57	0.00998	0.00710	0.00939	0.01118	0.01163	0.00665	0.00740	0.01132	0.01535	0.02047	0.04378	0.67718	0.05248	0.05940	0.01188	0.00352	0.00486	0.02251	0.00740	0.00651
58	0.02756	0.02401	0.02194	0.01817	0.02336	0.16384	0.01441	0.38875	0.08552	0.03967	0.02187	0.09326	0.01830	0.01123	0.00820	0.00248	0.00948	0.00871	0.00722	0.01200
59	0.01180	0.00787	0.00885	0.00885	0.00885	0.00787	0.00492	0.01180	0.01180	0.01573	0.02557	0.05310	0.02950	0.71483	0.04130	0.00787	0.00787	0.01180	0.00492	0.00492
60	0.00989	0.00706	0.00942	0.01130	0.01177	0.00659	0.00753	0.01130	0.01554	0.02071	0.04472	0.70954	0.05367	0.02542	0.01036	0.00330	0.00471	0.02307	0.00753	0.00659
61	0.10621	0.01811	0.01874	0.01498	0.02014	0.01993	0.01223	0.41389	0.03016	0.04424	0.02039	0.02155	0.01505	0.00943	0.00716	0.00230	0.00733	0.00706	0.19942	0.01167
62	0.01343	0.01042	0.01403	0.01322	0.01400	0.01261	0.01000	0.01539	0.01300	0.01939	0.02074	0.03415	0.02061	0.21943	0.28934	0.00830	0.17067	0.00904	0.08522	0.00703
63	0.02018	0.01743	0.01835	0.01651	0.02110	0.02018	0.01284	0.04312	0.64956	0.03394	0.03303	0.03027	0.02477	0.01101	0.00826	0.00275	0.00642	0.00917	0.00826	0.01284
64	0.02047	0.01407	0.01556	0.01300	0.01681	0.01488	0.01034	0.27367	0.02766	0.03963	0.22561	0.03548	0.03569	0.01185	0.00793	0.00233	0.00593	0.00972	0.20921	0.01017
65	0.01698	0.01669	0.02469	0.23627	0.03233	0.02268	0.01928	0.01991	0.01364	0.01991	0.01185	0.01899	0.01070	0.01226	0.02072	0.00328	0.48019	0.00714	0.00357	0.00892
66	0.01175	0.00806	0.00981	0.00981	0.01014	0.00839	0.00611	0.01241	0.01208	0.01644	0.02469	0.04825	0.02739	0.56541	0.18784	0.00905	0.01104	0.01109	0.00479	0.00545
67	0.01179	0.00790	0.00904	0.00904	0.00911	0.00797	0.00516	0.01192	0.01186	0.01588	0.02539	0.05213	0.02908	0.68493	0.07063	0.00810	0.00850	0.01166	0.00489	0.00502
68	0.02691	0.01917	0.02063	0.01631	0.02168	0.02110	0.01333	0.48938	0.03290	0.04556	0.02090	0.02214	0.01544	0.01237	0.04302	0.00289	0.00864	0.00743	0.14793	0.01229
69	0.01952	0.14236	0.05551	0.09813	0.22213	0.04484	0.01765	0.05378	0.01832	0.02507	0.01477	0.01923	0.01254	0.03633	0.00840	0.00226	0.00892	0.00621	0.00429	0.18977
70	0.13476	0.05864	0.13997	0.02338	0.16315	0.01651	0.04920	0.04646	0.01754	0.02706	0.02333	0.16824	0.04463	0.01179	0.00791	0.00259	0.00825	0.01020	0.00513	0.04126
71	0.12972	0.02304	0.08652	0.03661	0.40586	0.10192	0.02134	0.02639	0.01845	0.05460	0.01501	0.01846	0.01204	0.00758	0.00749	0.00240	0.00988	0.00650	0.00439	0.01180
72	0.30677	0.05532	0.18767	0.01874	0.02577	0.16531	0.08292	0.02645	0.01735	0.02825	0.01295	0.01543	0.00997	0.00766	0.00671	0.00243	0.01046	0.00554	0.00427	0.01003
73	0.06146	0.02294	0.18851	0.11813	0.02801	0.07309	0.01737	0.05709	0.04554	0.11506	0.03214	0.03258	0.15215	0.01114	0.00810	0.00257	0.00894	0.00891	0.00585	0.01042
74	0.08547	0.01885	0.02412	0.03010	0.29985	0.07512	0.01748	0.06044	0.10316	0.09655	0.08801	0.02546	0.02149	0.00927	0.00793	0.00246	0.00843	0.00797	0.00604	0.01180
75	0.08616	0.09709	0.02899	0.08275	0.08727	0.17224	0.14823	0.02708	0.01904	0.08640	0.01646	0.01968	0.01277	0.00987	0.03282	0.00275	0.01128	0.00688	0.04192	0.01033

[dist]
# distance from previous block
# <min> <max>
1	45

[block]
# block no. 1 follows, 23 sequences, length 10
# corresponding to MSA columns:
# 123-132
name=unknown_B
#
# <colnr> <probs for GDERKNQSTAVLIFYWHMCP>
#	G	D	E	R	K	N	Q	S	T	A	V	L	I	F	Y	W	H	M	C	P
0	0.11213	0.01319	0.01371	0.04854	0.01710	0.04947	0.01010	0.05811	0.01880	0.02615	0.10526	0.04855	0.30092	0.01824	0.05160	0.00335	0.07840	0.01185	0.00638	0.00813
1	0.02419	0.16839	0.24165	0.01933	0.02758	0.06463	0.01993	0.27696	0.02599	0.03448	0.01581	0.01713	0.01176	0.00843	0.00736	0.00232	0.01024	0.00616	0.00541	0.01226
2	0.02056	0.10911	0.06462	0.01528	0.02075	0.01989	0.01328	0.19423	0.21184	0.03337	0.03672	0.03534	0.16690	0.01214	0.00810	0.00252	0.00723	0.00968	0.00711	0.01134
3	0.07459	0.46885	0.16187	0.08028	0.02658	0.02716	0.01749	0.02420	0.01639	0.02180	0.01222	0.01465	0.01031	0.00725	0.00596	0.00205	0.00935	0.00494	0.00359	0.01047
4	0.29212	0.27659	0.13357	0.01374	0.02011	0.02232	0.01380	0.02307	0.01514	0.02613	0.01332	0.01793	0.01178	0.08087	0.00931	0.00279	0.00828	0.00541	0.00418	0.00952
5	0.40995	0.18259	0.14107	0.01441	0.02109	0.06834	0.01433	0.02490	0.01568	0.02933	0.01198	0.01397	0.00955	0.00749	0.00572	0.00232	0.00846	0.00473	0.00432	0.00979
6	0.02409	0.06669	0.08119	0.01560	0.02090	0.06188	0.01395	0.11151	0.02255	0.21877	0.03321	0.07731	0.08413	0.01350	0.00865	0.00271	0.00805	0.11697	0.00744	0.01090
7	0.02337	0.06275	0.11298	0.10936	0.11318	0.02002	0.01832	0.22681	0.04618	0.08542	0.01811	0.02068	0.01354	0.01058	0.01013	0.07490	0.00924	0.00704	0.00580	0.01160
8	0.06629	0.06887	0.06779	0.01936	0.08331	0.01944	0.01520	0.24875	0.05078	0.16374	0.05832	0.06095	0.02038	0.01041	0.00793	0.00248	0.00803	0.00837	0.00731	0.01230
9	0.06017	0.07043	0.11846	0.08578	0.02477	0.06350	0.01564	0.11320	0.02085	0.02906	0.08093	0.03266	0.02314	0.01395	0.04791	0.00312	0.00944	0.08506	0.05171	0.05021

[dist]
# distance from previous block
# <min> <max>
6	48

[block]
# block no. 2 follows, 23 sequences, length 33
# corresponding to MSA columns:
# 184-216
name=unknown_C
#
# <colnr> <probs for GDERKNQSTAVLIFYWHMCP>
#	G	D	E	R	K	N	Q	S	T	A	V	L	I	F	Y	W	H	M	C	P
0	0.12283	0.12070	0.13564	0.01974	0.09297	0.14780	0.01620	0.02483	0.01862	0.06079	0.07003	0.07270	0.04460	0.01027	0.00740	0.00239	0.00925	0.00802	0.00512	0.01009
1	0.07737	0.11113	0.13635	0.06541	0.02657	0.15321	0.01738	0.13512	0.06605	0.02862	0.01699	0.05300	0.01416	0.00968	0.00864	0.00247	0.05500	0.00701	0.00510	0.01075
2	0.08992	0.09881	0.10793	0.09439	0.02378	0.05380	0.01432	0.06741	0.06472	0.06164	0.05260	0.02546	0.01864	0.06307	0.00963	0.00276	0.00815	0.00734	0.12579	0.00983
3	0.08301	0.30219	0.11768	0.08621	0.02531	0.05131	0.01581	0.02534	0.06286	0.05624	0.02014	0.02182	0.05825	0.01055	0.02994	0.00261	0.00929	0.00651	0.00464	0.01029
4	0.06220	0.07014	0.11342	0.01482	0.02049	0.03893	0.01373	0.11497	0.07166	0.11843	0.07681	0.03869	0.16437	0.01257	0.00821	0.00256	0.00747	0.03299	0.00696	0.01059
5	0.02304	0.20137	0.11403	0.01783	0.02362	0.22764	0.01617	0.09067	0.05532	0.02435	0.01570	0.01845	0.01299	0.01586	0.10545	0.00374	0.01278	0.00605	0.00456	0.01034
6	0.02199	0.39618	0.11378	0.01545	0.02250	0.07541	0.01524	0.06823	0.01913	0.05891	0.01835	0.01943	0.05355	0.00833	0.00640	0.00199	0.00898	0.00590	0.00457	0.06568
7	0.01766	0.08327	0.44505	0.01965	0.02892	0.01781	0.02329	0.02612	0.05909	0.07311	0.07855	0.05324	0.02008	0.00965	0.00789	0.00255	0.00993	0.00781	0.00492	0.01142
8	0.09551	0.16658	0.36079	0.01819	0.02656	0.01982	0.02102	0.02321	0.01592	0.02428	0.01487	0.01857	0.01195	0.01712	0.12859	0.00429	0.01250	0.00599	0.00377	0.01049
9	0.02048	0.27324	0.15408	0.01639	0.02279	0.19154	0.01598	0.02418	0.01868	0.02113	0.02610	0.02695	0.13750	0.01012	0.00709	0.00219	0.00996	0.00739	0.00444	0.00977
10	0.01891	0.03040	0.42745	0.01906	0.02807	0.01543	0.02242	0.02612	0.01935	0.14130	0.14375	0.02749	0.02497	0.00986	0.00815	0.00256	0.00949	0.00808	0.00568	0.01147
11	0.01080	0.00760	0.00993	0.01144	0.01205	0.00731	0.00796	0.01233	0.01534	0.02035	0.04068	0.47653	0.04776	0.15961	0.01655	0.00426	0.00579	0.12028	0.00701	0.00641
12	0.01458	0.01407	0.02155	0.06795	0.02340	0.04809	0.13347	0.01745	0.01610	0.02148	0.02909	0.36258	0.03236	0.01760	0.01287	0.00313	0.13495	0.01543	0.00567	0.00818
13	0.02412	0.02305	0.02209	0.19317	0.06184	0.23142	0.01663	0.07313	0.11420	0.09268	0.02035	0.05627	0.01623	0.00978	0.00799	0.00249	0.01048	0.00778	0.00569	0.01061
14	0.01595	0.01888	0.09149	0.01657	0.05244	0.14149	0.01362	0.01950	0.01937	0.02344	0.08740	0.10211	0.19398	0.01646	0.00928	0.00284	0.00819	0.15223	0.00630	0.00845
15	0.02492	0.11045	0.02288	0.01889	0.04835	0.44791	0.01405	0.02725	0.02136	0.02087	0.04913	0.02637	0.11437	0.01037	0.00755	0.00218	0.01167	0.00743	0.00480	0.00920
16	0.00990	0.00751	0.00913	0.01026	0.01154	0.00674	0.00711	0.01167	0.01695	0.02186	0.09647	0.46887	0.24606	0.02332	0.01006	0.00307	0.00446	0.02065	0.00762	0.00674
17	0.01954	0.19337	0.45560	0.02032	0.03043	0.05005	0.02444	0.02665	0.01767	0.06956	0.01497	0.01683	0.01101	0.00773	0.00716	0.00236	0.01100	0.00574	0.00394	0.01165
18	0.02167	0.02183	0.16751	0.01947	0.02568	0.07029	0.12070	0.02630	0.01918	0.19537	0.02709	0.19833	0.02439	0.01279	0.00879	0.00273	0.00928	0.01150	0.00642	0.01069
19	0.02008	0.01928	0.03294	0.04981	0.66422	0.01928	0.02490	0.02490	0.01848	0.02651	0.01526	0.02008	0.01285	0.00723	0.00803	0.00241	0.00964	0.00723	0.00402	0.01285
20	0.01855	0.01771	0.03016	0.25837	0.46767	0.01888	0.02414	0.02356	0.01775	0.02464	0.01499	0.02058	0.01220	0.00751	0.00806	0.00250	0.01002	0.00722	0.00388	0.01161
21	0.02008	0.01928	0.03294	0.04981	0.66422	0.01928	0.02490	0.02490	0.01848	0.02651	0.01526	0.02008	0.01285	0.00723	0.00803	0.00241	0.00964	0.00723	0.00402	0.01285
22	0.01627	0.04197	0.67279	0.02313	0.03512	0.01884	0.02998	0.02570	0.01713	0.02570	0.01456	0.01713	0.01028	0.00771	0.00771	0.00257	0.01199	0.00600	0.00343	0.01199
23	0.00959	0.00822	0.00822	0.00822	0.01096	0.00685	0.00617	0.01165	0.01850	0.02192	0.08220	0.07809	0.66092	0.02055	0.00959	0.00274	0.00411	0.01713	0.00754	0.00685
24	0.01256	0.00719	0.00981	0.01052	0.01102	0.00707	0.00716	0.01218	0.01345	0.01906	0.02767	0.28357	0.03018	0.02577	0.04526	0.34065	0.00627	0.01322	0.11203	0.00539
25	0.02650	0.17574	0.10758	0.02151	0.08778	0.22935	0.01752	0.11913	0.02272	0.09579	0.01592	0.01725	0.01219	0.00826	0.00720	0.00220	0.01089	0.00595	0.00514	0.01140
26	0.02241	0.02130	0.02332	0.10087	0.16595	0.13864	0.01699	0.13642	0.15418	0.03117	0.08650	0.02552	0.02149	0.00974	0.00813	0.00248	0.00927	0.00806	0.00612	0.01142
27	0.01128	0.00844	0.01075	0.01192	0.01371	0.00791	0.00952	0.01403	0.01822	0.02342	0.09907	0.22694	0.21868	0.02217	0.01045	0.00328	0.00565	0.26985	0.00761	0.00711
28	0.10401	0.02817	0.02566	0.03066	0.26590	0.33059	0.01844	0.05761	0.02105	0.02560	0.01377	0.01677	0.01135	0.00791	0.00739	0.00227	0.01160	0.00600	0.00439	0.01086
29	0.02367	0.02802	0.15262	0.07548	0.18633	0.15385	0.02104	0.17545	0.05173	0.03090	0.01633	0.01883	0.01248	0.00839	0.00786	0.00242	0.01087	0.00669	0.00509	0.01195
30	0.01801	0.02919	0.30815	0.07104	0.24094	0.01927	0.14609	0.02522	0.01791	0.02574	0.01514	0.01926	0.01154	0.00741	0.00820	0.00256	0.01150	0.00716	0.00376	0.01190
31	0.02192	0.01785	0.06990	0.02981	0.29484	0.01613	0.01824	0.02924	0.11314	0.16129	0.11725	0.02897	0.02541	0.00980	0.00830	0.00251	0.00790	0.00873	0.00658	0.01221
32	0.07293	0.15708	0.25296	0.01991	0.02756	0.13967	0.08743	0.02502	0.01808	0.02377	0.01927	0.05008	0.05460	0.00918	0.00744	0.00239	0.01082	0.00730	0.00420	0.01033

[dist]
# distance from previous block
# <min> <max>
4	15

[block]
# block no. 3 follows, 23 sequences, length 109
# corresponding to MSA columns:
# 232-340
name=unknown_D
#
# <colnr> <probs for GDERKNQSTAVLIFYWHMCP>
#	G	D	E	R	K	N	Q	S	T	A	V	L	I	F	Y	W	H	M	C	P
0	0.01813	0.02018	0.06400	0.19971	0.22517	0.12594	0.01927	0.02227	0.01821	0.02276	0.02427	0.10755	0.07650	0.01109	0.00834	0.00258	0.00981	0.00963	0.00465	0.00994
1	0.01800	0.02403	0.19646	0.19212	0.36087	0.01888	0.02567	0.02414	0.01761	0.02496	0.01489	0.01968	0.01172	0.00756	0.00797	0.00252	0.01052	0.00691	0.00377	0.01174
2	0.01795	0.02380	0.19395	0.12602	0.38962	0.01835	0.02499	0.02385	0.01768	0.02524	0.01650	0.05530	0.01404	0.00841	0.00808	0.00254	0.01014	0.00773	0.00399	0.01180
3	0.06304	0.19967	0.06581	0.05507	0.08205	0.02088	0.05419	0.02058	0.01570	0.02217	0.01946	0.16692	0.02010	0.01254	0.01135	0.00270	0.14398	0.00979	0.00456	0.00946
4	0.02081	0.10919	0.11953	0.13716	0.10032	0.15110	0.01925	0.02905	0.14503	0.02430	0.01730	0.01991	0.01364	0.00881	0.00866	0.00248	0.05124	0.00669	0.00465	0.01087
5	0.06334	0.13614	0.31303	0.02446	0.10079	0.02086	0.09478	0.06094	0.01856	0.02686	0.01623	0.02194	0.01322	0.00847	0.00766	0.00251	0.01062	0.04402	0.00420	0.01136
6	0.02888	0.15190	0.02624	0.01974	0.02438	0.57417	0.01538	0.03105	0.02191	0.01973	0.01233	0.01436	0.01045	0.00813	0.00697	0.00203	0.01364	0.00508	0.00406	0.00957
7	0.01640	0.01406	0.01632	0.01179	0.01874	0.01058	0.00941	0.01991	0.01692	0.02617	0.01843	0.02045	0.05041	0.00687	0.00622	0.00129	0.00590	0.00554	0.00497	0.71961
8	0.00989	0.00706	0.00942	0.01130	0.01177	0.00659	0.00753	0.01130	0.01554	0.02071	0.04472	0.70954	0.05367	0.02542	0.01036	0.00330	0.00471	0.02307	0.00753	0.00659
9	0.01430	0.01386	0.01180	0.01206	0.01402	0.14262	0.00861	0.01619	0.01818	0.02172	0.08338	0.30147	0.21091	0.05090	0.01071	0.00301	0.00659	0.01623	0.03619	0.00725
10	0.01896	0.01327	0.01818	0.01955	0.14690	0.01152	0.01237	0.02215	0.01821	0.14026	0.02994	0.16095	0.08171	0.01213	0.00798	0.00223	0.00647	0.01061	0.00637	0.26023
11	0.01240	0.00912	0.01312	0.01290	0.01431	0.01075	0.01008	0.01534	0.01348	0.02025	0.02161	0.03080	0.01974	0.05177	0.56035	0.01111	0.06199	0.00846	0.09504	0.00739
12	0.02138	0.07041	0.34532	0.02144	0.02933	0.20919	0.02274	0.05104	0.04312	0.02441	0.01434	0.01687	0.01105	0.00868	0.00932	0.00249	0.07790	0.00597	0.00402	0.01098
13	0.02092	0.50374	0.16391	0.01656	0.02392	0.06861	0.01738	0.02478	0.01677	0.02046	0.01196	0.01420	0.01040	0.00761	0.00710	0.00203	0.05068	0.00488	0.00351	0.01057
14	0.00986	0.00716	0.00931	0.01103	0.01170	0.00661	0.00741	0.01133	0.01580	0.02082	0.04804	0.65357	0.10749	0.02499	0.01029	0.00325	0.00465	0.02254	0.00753	0.00661
15	0.03031	0.03867	0.02299	0.02090	0.02508	0.68226	0.01568	0.03240	0.02299	0.01986	0.01254	0.01463	0.01045	0.00836	0.00732	0.00209	0.01463	0.00523	0.00418	0.00941
16	0.01627	0.04197	0.67279	0.02313	0.03512	0.01884	0.02998	0.02570	0.01713	0.02570	0.01456	0.01713	0.01028	0.00771	0.00771	0.00257	0.01199	0.00600	0.00343	0.01199
17	0.01159	0.00869	0.01304	0.01304	0.01449	0.01014	0.01014	0.01449	0.01304	0.01884	0.02173	0.03188	0.02029	0.06086	0.68268	0.01304	0.02173	0.00869	0.00435	0.00724
18	0.00961	0.00815	0.00829	0.00841	0.01101	0.00683	0.00625	0.01162	0.01831	0.02184	0.07986	0.11757	0.62296	0.02085	0.00964	0.00277	0.00415	0.01750	0.00753	0.00683
19	0.03031	0.03867	0.02299	0.02090	0.02508	0.68226	0.01568	0.03240	0.02299	0.01986	0.01254	0.01463	0.01045	0.00836	0.00732	0.00209	0.01463	0.00523	0.00418	0.00941
20	0.05917	0.00889	0.01108	0.09217	0.01583	0.00934	0.00808	0.01347	0.01361	0.01917	0.02926	0.24978	0.03343	0.37258	0.02548	0.00550	0.00714	0.01427	0.00557	0.00617
21	0.00989	0.00706	0.00942	0.01130	0.01177	0.00659	0.00753	0.01130	0.01554	0.02071	0.04472	0.70954	0.05367	0.02542	0.01036	0.00330	0.00471	0.02307	0.00753	0.00659
22	0.01308	0.00934	0.01308	0.01494	0.01681	0.00934	0.01308	0.01681	0.01868	0.02428	0.04296	0.09153	0.04670	0.02242	0.01121	0.00374	0.00747	0.60960	0.00747	0.00747
23	0.01025	0.00811	0.00922	0.00924	0.01144	0.00708	0.00682	0.01281	0.01961	0.02526	0.26716	0.14820	0.39636	0.01984	0.00968	0.00275	0.00409	0.01704	0.00799	0.00708
24	0.02035	0.01805	0.02793	0.11209	0.41695	0.01900	0.02123	0.02936	0.16502	0.05793	0.02008	0.02298	0.01574	0.00834	0.00810	0.00253	0.00889	0.00772	0.00524	0.01247
25	0.02712	0.21828	0.02849	0.06092	0.02588	0.38707	0.01559	0.10213	0.02264	0.02346	0.01315	0.01522	0.01087	0.00813	0.00690	0.00207	0.01211	0.00536	0.00443	0.01018
26	0.02008	0.01928	0.03294	0.04981	0.66422	0.01928	0.02490	0.02490	0.01848	0.02651	0.01526	0.02008	0.01285	0.00723	0.00803	0.00241	0.00964	0.00723	0.00402	0.01285
27	0.01825	0.13921	0.51118	0.02293	0.06956	0.02050	0.02646	0.02610	0.01740	0.05515	0.01494	0.01719	0.01091	0.00768	0.00738	0.00243	0.01112	0.00593	0.00378	0.01190
28	0.05691	0.16391	0.27765	0.02569	0.18363	0.02018	0.02179	0.02388	0.01787	0.02598	0.09143	0.02207	0.01882	0.00850	0.00738	0.00236	0.00949	0.00693	0.00432	0.01121
29	0.00972	0.00812	0.00847	0.00861	0.01110	0.00687	0.00637	0.01180	0.01845	0.02236	0.10871	0.13548	0.57455	0.02079	0.00966	0.00278	0.00415	0.01755	0.00761	0.00687
30	0.03031	0.03867	0.02299	0.02090	0.02508	0.68226	0.01568	0.03240	0.02299	0.01986	0.01254	0.01463	0.01045	0.00836	0.00732	0.00209	0.01463	0.00523	0.00418	0.00941
31	0.01169	0.00831	0.01107	0.01107	0.01184	0.00907	0.00769	0.01323	0.01246	0.01738	0.02353	0.04185	0.02461	0.36806	0.38140	0.01061	0.01522	0.01015	0.00461	0.00615
32	0.01964	0.01169	0.01447	0.01239	0.01630	0.01104	0.00969	0.02638	0.12688	0.19517	0.31967	0.04461	0.07527	0.01337	0.00872	0.00248	0.00523	0.01146	0.00873	0.06681
33	0.01678	0.10454	0.61461	0.02227	0.03380	0.02007	0.02849	0.02557	0.01707	0.02509	0.01426	0.01675	0.01029	0.00764	0.00748	0.00249	0.01169	0.00584	0.00343	0.01185
34	0.01627	0.04197	0.67279	0.02313	0.03512	0.01884	0.02998	0.02570	0.01713	0.02570	0.01456	0.01713	0.01028	0.00771	0.00771	0.00257	0.01199	0.00600	0.00343	0.01199
35	0.00988	0.00710	0.00937	0.01119	0.01174	0.00660	0.00748	0.01131	0.01564	0.02076	0.04605	0.68726	0.07509	0.02525	0.01033	0.00328	0.00469	0.02286	0.00753	0.00660
36	0.01176	0.00803	0.00967	0.00967	0.00996	0.00831	0.00594	0.01233	0.01204	0.01634	0.02481	0.04894	0.02769	0.58656	0.16711	0.00888	0.01059	0.01119	0.00480	0.00537
37	0.01180	0.00787	0.00885	0.00885	0.00885	0.00787	0.00492	0.01180	0.01180	0.01573	0.02557	0.05310	0.02950	0.71483	0.04130	0.00787	0.00787	0.01180	0.00492	0.00492
38	0.00989	0.00706	0.00942	0.01130	0.01177	0.00659	0.00753	0.01130	0.01554	0.02071	0.04472	0.70954	0.05367	0.02542	0.01036	0.00330	0.00471	0.02307	0.00753	0.00659
39	0.01156	0.00833	0.00925	0.00939	0.01149	0.00771	0.00689	0.01514	0.04822	0.02578	0.16423	0.17657	0.29334	0.01810	0.00889	0.00264	0.00421	0.01551	0.15539	0.00737
40	0.02280	0.01597	0.01684	0.01407	0.01845	0.01755	0.01124	0.28566	0.15310	0.03984	0.02483	0.02569	0.01863	0.00989	0.00723	0.00229	0.00649	0.00778	0.29037	0.01127
41	0.01915	0.02189	0.04788	0.03420	0.04241	0.02052	0.63475	0.02599	0.01915	0.02599	0.01642	0.02189	0.01231	0.00684	0.00958	0.00274	0.01368	0.00958	0.00410	0.01094
42	0.01000	0.00714	0.00955	0.01143	0.01195	0.00669	0.00773	0.01149	0.01565	0.02084	0.04466	0.68757	0.05342	0.02531	0.01039	0.00331	0.00481	0.04392	0.00753	0.00662
43	0.01340	0.00829	0.01073	0.01105	0.01283	0.00751	0.00792	0.01565	0.01852	0.10152	0.18833	0.40252	0.12876	0.02096	0.00982	0.00296	0.00470	0.01864	0.00815	0.00773
44	0.01044	0.00825	0.00941	0.00912	0.01148	0.00721	0.00684	0.01330	0.02051	0.02671	0.34291	0.07020	0.39722	0.01876	0.00958	0.00266	0.00398	0.01602	0.00817	0.00721
45	0.01794	0.01766	0.02699	0.02886	0.19435	0.02204	0.04397	0.02072	0.01452	0.02174	0.01425	0.06180	0.01400	0.01273	0.01992	0.00320	0.44323	0.00823	0.00395	0.00989
46	0.01435	0.01180	0.01614	0.01485	0.01589	0.01460	0.01156	0.04769	0.01394	0.02012	0.01924	0.03127	0.01899	0.16794	0.34397	0.00887	0.20797	0.00876	0.00443	0.00760
47	0.02008	0.01928	0.03294	0.04981	0.66422	0.01928	0.02490	0.02490	0.01848	0.02651	0.01526	0.02008	0.01285	0.00723	0.00803	0.00241	0.00964	0.00723	0.00402	0.01285
48	0.02296	0.02575	0.02414	0.02105	0.02287	0.27006	0.01689	0.04907	0.01740	0.02092	0.01171	0.01666	0.01070	0.01185	0.01868	0.00296	0.41668	0.00641	0.00397	0.00927
49	0.02861	0.09908	0.02432	0.01935	0.02404	0.50204	0.01503	0.11132	0.02419	0.02405	0.01660	0.01809	0.04127	0.00898	0.00733	0.00213	0.01282	0.00598	0.00480	0.00997
50	0.00989	0.00706	0.00942	0.01130	0.01177	0.00659	0.00753	0.01130	0.01554	0.02071	0.04472	0.70954	0.05367	0.02542	0.01036	0.00330	0.00471	0.02307	0.00753	0.00659
51	0.01177	0.00864	0.01277	0.01277	0.01424	0.01002	0.00992	0.01471	0.01324	0.01940	0.02197	0.03180	0.02031	0.05833	0.64936	0.01249	0.02085	0.00864	0.04153	0.00726
52	0.01999	0.01865	0.01673	0.01406	0.01863	0.14739	0.01096	0.15100	0.02397	0.03031	0.13492	0.03805	0.17104	0.01231	0.00811	0.00221	0.00758	0.00984	0.00668	0.15757
53	0.02893	0.02178	0.02327	0.01828	0.02443	0.02427	0.01496	0.53039	0.14804	0.04805	0.02192	0.02142	0.01577	0.00997	0.00814	0.00249	0.00848	0.00764	0.00814	0.01363
54	0.01102	0.00828	0.01021	0.00972	0.01184	0.00746	0.00729	0.01442	0.02188	0.02996	0.51937	0.06486	0.21874	0.01755	0.00958	0.00260	0.00390	0.01527	0.00859	0.00746
55	0.00989	0.00706	0.00942	0.01130	0.01177	0.00659	0.00753	0.01130	0.01554	0.02071	0.04472	0.70954	0.05367	0.02542	0.01036	0.00330	0.00471	0.02307	0.00753	0.00659
56	0.01045	0.00741	0.00980	0.01151	0.01211	0.00704	0.00796	0.01201	0.01557	0.02068	0.04274	0.57472	0.05060	0.08870	0.01332	0.00377	0.00533	0.09247	0.00728	0.00654
57	0.03085	0.02273	0.02435	0.01867	0.02516	0.02516	0.01542	0.63716	0.03815	0.05114	0.01948	0.01948	0.01380	0.00974	0.00812	0.00244	0.00893	0.00731	0.00812	0.01380
58	0.01011	0.00850	0.00882	0.00897	0.01152	0.00743	0.00663	0.01304	0.04687	0.02232	0.07546	0.15175	0.55903	0.02070	0.00962	0.00281	0.00429	0.01748	0.00757	0.00709
59	0.01015	0.00785	0.00925	0.00972	0.01151	0.00696	0.00698	0.01242	0.01860	0.02409	0.20946	0.28305	0.31847	0.02121	0.00984	0.00288	0.00424	0.01850	0.00787	0.00696
60	0.02008	0.01928	0.03294	0.04981	0.66422	0.01928	0.02490	0.02490	0.01848	0.02651	0.01526	0.02008	0.01285	0.00723	0.00803	0.00241	0.00964	0.00723	0.00402	0.01285
61	0.01914	0.01633	0.01745	0.01576	0.02002	0.01868	0.01222	0.03978	0.57430	0.03377	0.10832	0.03392	0.03099	0.01168	0.00841	0.00273	0.00611	0.00983	0.00834	0.01222
62	0.01143	0.00871	0.01012	0.01079	0.01214	0.00853	0.00736	0.01529	0.09158	0.02158	0.04758	0.36406	0.17541	0.15788	0.01601	0.00401	0.00541	0.01792	0.00711	0.00707
63	0.01790	0.01705	0.02899	0.34568	0.38539	0.01871	0.02382	0.02299	0.01744	0.02386	0.01488	0.02079	0.01192	0.00763	0.00807	0.00254	0.01018	0.00722	0.00383	0.01109
64	0.01800	0.02025	0.04312	0.03108	0.03863	0.01888	0.55925	0.02427	0.01907	0.02550	0.02432	0.02864	0.09021	0.00849	0.00958	0.00274	0.01253	0.01048	0.00452	0.01045
65	0.01114	0.01013	0.00955	0.00960	0.01234	0.04705	0.00738	0.01336	0.01878	0.02202	0.07440	0.07560	0.56479	0.02000	0.00961	0.00280	0.00505	0.07203	0.00733	0.00706
66	0.01888	0.01805	0.03076	0.21303	0.51039	0.01896	0.02430	0.02385	0.01791	0.02505	0.01505	0.02047	0.01234	0.00745	0.00805	0.00248	0.00994	0.00723	0.00391	0.01188
67	0.01751	0.01665	0.02828	0.39904	0.33510	0.01860	0.02362	0.02265	0.01726	0.02338	0.01481	0.02092	0.01175	0.00771	0.00808	0.00257	0.01028	0.00722	0.00379	0.01078
68	0.01567	0.01383	0.01925	0.06116	0.13060	0.04733	0.01464	0.04736	0.01578	0.02191	0.01860	0.02650	0.01676	0.03919	0.40085	0.00868	0.08066	0.00797	0.00434	0.00888
69	0.01017	0.00824	0.00902	0.00883	0.01132	0.00710	0.00662	0.01277	0.01986	0.02517	0.25880	0.07275	0.48230	0.01934	0.00958	0.00268	0.00402	0.01638	0.00796	0.00710
70	0.02125	0.50817	0.06551	0.01458	0.02057	0.08688	0.01403	0.02423	0.01697	0.02080	0.01330	0.01561	0.01164	0.00776	0.00662	0.00191	0.04282	0.00501	0.09235	0.00999
71	0.01773	0.01305	0.01527	0.01341	0.01671	0.01393	0.01053	0.19901	0.06257	0.03401	0.20514	0.07397	0.07413	0.02319	0.14090	0.00460	0.00905	0.01117	0.05203	0.00958
72	0.01041	0.00800	0.00957	0.01002	0.01186	0.00716	0.00738	0.01289	0.01895	0.02467	0.22903	0.24382	0.29813	0.02088	0.00989	0.00290	0.00440	0.05509	0.00792	0.00704
73	0.02167	0.02039	0.03090	0.12133	0.41946	0.05452	0.05873	0.12114	0.02157	0.02930	0.01575	0.02000	0.01260	0.00777	0.00811	0.00245	0.01017	0.00727	0.00462	0.01224
74	0.01159	0.00869	0.01304	0.01304	0.01449	0.01014	0.01014	0.01449	0.01304	0.01884	0.02173	0.03188	0.02029	0.06086	0.68268	0.01304	0.02173	0.00869	0.00435	0.00724
75	0.01002	0.00744	0.00935	0.01056	0.01165	0.00677	0.00728	0.01185	0.01701	0.02237	0.12596	0.50774	0.17553	0.02341	0.01011	0.00310	0.00448	0.02089	0.00770	0.00677
76	0.01915	0.02189	0.04788	0.03420	0.04241	0.02052	0.63475	0.02599	0.01915	0.02599	0.01642	0.02189	0.01231	0.00684	0.00958	0.00274	0.01368	0.00958	0.00410	0.01094
77	0.01077	0.00827	0.00986	0.00946	0.01169	0.00735	0.00710	0.01394	0.02129	0.02855	0.44304	0.06717	0.29594	0.01808	0.00958	0.00262	0.00393	0.01559	0.00841	0.00735
78	0.01020	0.00719	0.00932	0.01089	0.01129	0.00680	0.00710	0.01138	0.01492	0.01989	0.04155	0.60094	0.04967	0.13947	0.01548	0.00405	0.00523	0.02120	0.00710	0.00631
79	0.01013	0.00817	0.00888	0.00883	0.01115	0.00706	0.00649	0.01244	0.01901	0.02389	0.20433	0.10178	0.47412	0.05407	0.01118	0.00298	0.00426	0.01660	0.00771	0.00692
80	0.01166	0.00804	0.00995	0.01004	0.01043	0.00839	0.00638	0.01247	0.01229	0.01676	0.02545	0.07753	0.02823	0.51540	0.20470	0.00899	0.01129	0.01151	0.00489	0.00559
81	0.01048	0.00762	0.01002	0.01173	0.01268	0.00715	0.00849	0.01241	0.01643	0.02153	0.04784	0.53002	0.10836	0.02438	0.01045	0.00333	0.00519	0.13757	0.00752	0.00679
82	0.02744	0.01944	0.02071	0.01626	0.02176	0.02135	0.01331	0.50307	0.03357	0.04661	0.02100	0.02182	0.01532	0.00968	0.00759	0.00232	0.00781	0.00736	0.17116	0.01245
83	0.02169	0.71972	0.04252	0.01388	0.02083	0.03211	0.01388	0.02430	0.01649	0.01909	0.01128	0.01302	0.01041	0.00694	0.00521	0.00174	0.00868	0.00434	0.00347	0.01041
84	0.01056	0.00826	0.00956	0.00924	0.01155	0.00726	0.00693	0.01352	0.02078	0.02734	0.37717	0.06917	0.36258	0.01853	0.00958	0.00264	0.00397	0.01587	0.00825	0.00726
85	0.02336	0.02502	0.02682	0.03318	0.32835	0.23561	0.01911	0.05141	0.02050	0.02531	0.01441	0.01776	0.01197	0.00751	0.00749	0.00212	0.01068	0.00620	0.00436	0.12880
86	0.00993	0.00766	0.00882	0.00967	0.01113	0.00683	0.00667	0.01150	0.01654	0.02080	0.06006	0.36081	0.32853	0.08684	0.01286	0.00346	0.00473	0.01932	0.00729	0.00655
87	0.02802	0.02929	0.02381	0.02024	0.02437	0.33562	0.01600	0.23022	0.02594	0.03016	0.01447	0.01685	0.01160	0.00996	0.01137	0.00249	0.14717	0.00628	0.00536	0.01076
88	0.01847	0.01764	0.03003	0.26822	0.45839	0.01886	0.02410	0.02349	0.01771	0.02455	0.01498	0.02061	0.01216	0.00753	0.00806	0.00251	0.01004	0.00722	0.00388	0.01155
89	0.01336	0.00891	0.01026	0.00955	0.01247	0.00770	0.00729	0.01607	0.02037	0.10284	0.24502	0.06692	0.41318	0.01813	0.00941	0.00266	0.00436	0.01533	0.00824	0.00792
90	0.01962	0.01880	0.03209	0.11320	0.60448	0.01916	0.02467	0.02449	0.01826	0.02594	0.01518	0.02024	0.01265	0.00732	0.00804	0.00244	0.00976	0.00723	0.00398	0.01248
91	0.08064	0.01270	0.01629	0.01415	0.01816	0.01270	0.04301	0.09855	0.02086	0.18193	0.03193	0.07338	0.06432	0.01774	0.07061	0.00366	0.00820	0.10994	0.11128	0.00994
92	0.01152	0.00844	0.01161	0.01161	0.01275	0.00933	0.00849	0.01359	0.01305	0.01820	0.02654	0.04047	0.06282	0.23410	0.46822	0.01101	0.01691	0.01006	0.00470	0.00659
93	0.00977	0.00777	0.00878	0.00949	0.01132	0.00678	0.00675	0.01164	0.01749	0.02182	0.08763	0.32403	0.40352	0.02231	0.00989	0.00295	0.00433	0.01936	0.00758	0.00678
94	0.01176	0.00803	0.00967	0.00967	0.00996	0.00831	0.00594	0.01233	0.01204	0.01634	0.02481	0.04894	0.02769	0.58656	0.16711	0.00888	0.01059	0.01119	0.00480	0.00537
95	0.02008	0.01928	0.03294	0.04981	0.66422	0.01928	0.02490	0.02490	0.01848	0.02651	0.01526	0.02008	0.01285	0.00723	0.00803	0.00241	0.00964	0.00723	0.00402	0.01285
96	0.02123	0.01448	0.01403	0.01204	0.01558	0.05552	0.00950	0.22249	0.02432	0.03645	0.02331	0.02574	0.01786	0.00948	0.00658	0.00208	0.00615	0.00733	0.46610	0.00972
97	0.01137	0.00828	0.01074	0.01044	0.01231	0.00764	0.00788	0.01494	0.02200	0.03070	0.55176	0.10294	0.10798	0.01771	0.00972	0.00268	0.00411	0.05060	0.00868	0.00753
98	0.01497	0.01131	0.01307	0.01216	0.01523	0.01116	0.00977	0.13636	0.02359	0.03098	0.21728	0.06460	0.25349	0.01774	0.00962	0.00283	0.00566	0.13362	0.00801	0.00855
99	0.02133	0.30375	0.22077	0.01885	0.02590	0.15489	0.01940	0.02572	0.01746	0.02122	0.01241	0.01510	0.01041	0.00832	0.00892	0.00227	0.09384	0.00533	0.00361	0.01049
100	0.02003	0.01406	0.02008	0.02432	0.20714	0.01392	0.01526	0.02653	0.10923	0.14674	0.07295	0.04672	0.09375	0.01349	0.00902	0.00280	0.00729	0.13860	0.00714	0.01094
101	0.01032	0.00825	0.00924	0.00899	0.01141	0.00716	0.00674	0.01306	0.02023	0.02603	0.30587	0.07132	0.43469	0.01902	0.00958	0.00267	0.00400	0.01618	0.00808	0.00716
102	0.01149	0.00887	0.01064	0.01063	0.01285	0.00830	0.00815	0.01575	0.05962	0.02732	0.31422	0.11955	0.25354	0.01890	0.00975	0.00283	0.00459	0.08723	0.00816	0.00762
103	0.01439	0.01319	0.02427	0.01934	0.02276	0.01316	0.23399	0.01778	0.01485	0.02042	0.02104	0.03508	0.02037	0.25133	0.23370	0.00766	0.01437	0.01001	0.00444	0.00783
104	0.01144	0.00921	0.01030	0.00986	0.01247	0.00856	0.00744	0.01637	0.08636	0.02731	0.30171	0.06628	0.36703	0.01801	0.00944	0.00267	0.00424	0.01534	0.00815	0.00779
105	0.02441	0.02885	0.02387	0.02109	0.02331	0.37345	0.01665	0.02635	0.01803	0.01970	0.01165	0.01610	0.01055	0.01111	0.01639	0.00278	0.33657	0.00611	0.00388	0.00916
106	0.01746	0.01634	0.02753	0.31476	0.35173	0.01784	0.02283	0.02242	0.01756	0.02390	0.01747	0.02732	0.01513	0.00900	0.00836	0.00265	0.00993	0.06283	0.00416	0.01076
107	0.14372	0.02125	0.02368	0.06778	0.24653	0.15090	0.01725	0.02863	0.04883	0.11453	0.01712	0.01933	0.01311	0.00806	0.00734	0.00235	0.00947	0.00647	0.00525	0.04840
108	0.01905	0.01681	0.02078	0.02172	0.14974	0.01690	0.01420	0.03194	0.31311	0.02996	0.02329	0.02377	0.01815	0.00859	0.00747	0.00217	0.00693	0.00734	0.00626	0.26184

[dist]
# distance from previous block
# <min> <max>
0	69

[block]
# block no. 4 follows, 23 sequences, length 33
# corresponding to MSA columns:
# 410-442
name=unknown_E
#
# <colnr> <probs for GDERKNQSTAVLIFYWHMCP>
#	G	D	E	R	K	N	Q	S	T	A	V	L	I	F	Y	W	H	M	C	P
0	0.12729	0.02248	0.02366	0.15532	0.19660	0.19194	0.01799	0.02841	0.08141	0.05590	0.01639	0.01936	0.01279	0.00824	0.00747	0.00244	0.01025	0.00654	0.00482	0.01070
1	0.16788	0.28122	0.06075	0.05059	0.02357	0.21213	0.01457	0.02726	0.01823	0.05948	0.01313	0.01497	0.01067	0.00773	0.00621	0.00212	0.01009	0.00505	0.00434	0.01001
2	0.01744	0.02781	0.31726	0.05010	0.13533	0.01666	0.02209	0.05286	0.01819	0.02684	0.01617	0.04752	0.01319	0.00808	0.00749	0.00223	0.00960	0.00675	0.00428	0.20014
3	0.02095	0.14034	0.09479	0.06421	0.41663	0.04490	0.02248	0.02568	0.01831	0.05540	0.01519	0.01883	0.01237	0.00744	0.00751	0.00232	0.00980	0.00659	0.00414	0.01212
4	0.01002	0.00724	0.00949	0.01104	0.01176	0.00671	0.00747	0.01170	0.01640	0.02190	0.10539	0.61559	0.08658	0.02433	0.01024	0.00320	0.00459	0.02196	0.00767	0.00671
5	0.06616	0.01775	0.02834	0.03904	0.47197	0.01744	0.02086	0.02839	0.01937	0.18295	0.01910	0.02152	0.01438	0.00793	0.00790	0.00244	0.00879	0.00730	0.00553	0.01286
6	0.02470	0.15721	0.12594	0.08332	0.02959	0.37096	0.04979	0.02854	0.02013	0.02100	0.01300	0.01574	0.01055	0.00791	0.00719	0.00219	0.01277	0.00559	0.00388	0.01002
7	0.02075	0.17095	0.23700	0.02417	0.08902	0.02271	0.11650	0.14062	0.02125	0.02899	0.01547	0.01835	0.01194	0.00995	0.03542	0.00282	0.01118	0.00668	0.00452	0.01173
8	0.01010	0.00824	0.00893	0.00876	0.01127	0.00707	0.00657	0.01263	0.01970	0.02478	0.23770	0.07339	0.50364	0.01948	0.00958	0.00269	0.00403	0.01647	0.00791	0.00707
