[name]
unknown

[dist]
# distance from previous block
# <min> <max>
0	0

[block]
# block no. 0 follows, 22 sequences, length 9
# corresponding to MSA columns:
# 0-8
name=unknown_A
#
# <colnr> <probs for GDERKNQSTAVLIFYWHMCP>
#	G	D	E	R	K	N	Q	S	T	A	V	L	I	F	Y	W	H	M	C	P
0	0.01339	0.00956	0.01339	0.01530	0.01721	0.00956	0.01339	0.01721	0.01912	0.02486	0.04399	0.09371	0.04781	0.02295	0.01147	0.00382	0.00765	0.60031	0.00765	0.00765
1	0.02316	0.02595	0.02470	0.02963	0.23719	0.30289	0.01798	0.02644	0.01968	0.02241	0.01591	0.02085	0.01380	0.02027	0.15806	0.00478	0.01488	0.00685	0.00426	0.01033
2	0.76672	0.01607	0.01221	0.01092	0.01607	0.01864	0.00900	0.02442	0.01414	0.03727	0.01157	0.01350	0.00900	0.00771	0.00514	0.00257	0.00643	0.00450	0.00514	0.00900
3	0.01208	0.00805	0.00906	0.00906	0.00906	0.00805	0.00503	0.01208	0.01208	0.01611	0.02618	0.05436	0.03020	0.70804	0.04228	0.00805	0.00805	0.01208	0.00503	0.00503
4	0.02180	0.02321	0.02895	0.21199	0.34636	0.17707	0.02258	0.02622	0.01942	0.02394	0.01473	0.01964	0.01202	0.00792	0.00807	0.00247	0.01142	0.00690	0.00404	0.01127
5	0.02745	0.01207	0.01552	0.01261	0.01767	0.01038	0.01017	0.03038	0.02233	0.43082	0.08932	0.04582	0.21145	0.01391	0.00888	0.00264	0.00601	0.01151	0.00945	0.01161
6	0.02324	0.02353	0.02581	0.30298	0.12869	0.19311	0.02028	0.13246	0.02274	0.02734	0.01530	0.01964	0.01181	0.00854	0.00808	0.00251	0.01159	0.00687	0.00472	0.01076
7	0.02372	0.02042	0.02099	0.05357	0.02469	0.07498	0.01397	0.20959	0.23646	0.03628	0.02262	0.02279	0.01708	0.00934	0.00780	0.00230	0.00819	0.00737	0.00700	0.18082
8	0.02579	0.02855	0.02582	0.17647	0.14438	0.33392	0.01927	0.09986	0.02301	0.02554	0.01461	0.01817	0.01163	0.00847	0.00790	0.00238	0.01250	0.00642	0.00460	0.01070

[dist]
# distance from previous block
# <min> <max>
0	1

[block]
# block no. 1 follows, 22 sequences, length 10
# corresponding to MSA columns:
# 10-19
name=unknown_B
#
# <colnr> <probs for GDERKNQSTAVLIFYWHMCP>
#	G	D	E	R	K	N	Q	S	T	A	V	L	I	F	Y	W	H	M	C	P
0	0.02188	0.02334	0.03106	0.06456	0.33750	0.14898	0.07163	0.02587	0.01861	0.02417	0.01425	0.01923	0.01212	0.00899	0.01182	0.00266	0.14074	0.00717	0.00404	0.01137
1	0.02154	0.02166	0.02841	0.08043	0.37485	0.12640	0.02159	0.05190	0.01999	0.02601	0.01788	0.02706	0.01606	0.00988	0.00982	0.00266	0.05979	0.06795	0.00463	0.01151
2	0.01449	0.00923	0.01164	0.01140	0.01227	0.00949	0.00768	0.07503	0.01522	0.02041	0.02505	0.16060	0.02735	0.24457	0.06757	0.25659	0.00814	0.01195	0.00536	0.00596
3	0.02189	0.01871	0.02727	0.31186	0.20725	0.02105	0.02147	0.20967	0.02415	0.03240	0.01659	0.02105	0.01257	0.00858	0.00829	0.00260	0.01016	0.00742	0.00523	0.01179
4	0.02106	0.01967	0.01852	0.01667	0.02009	0.17026	0.01302	0.15158	0.05640	0.02745	0.02020	0.02569	0.01725	0.03567	0.33885	0.00781	0.01687	0.00779	0.00546	0.00969
5	0.01233	0.00803	0.00896	0.00896	0.00911	0.00803	0.00509	0.01261	0.01247	0.01719	0.02624	0.05266	0.02955	0.65724	0.03963	0.00761	0.00775	0.01177	0.05954	0.00523
6	0.02942	0.03341	0.02261	0.01983	0.02452	0.47581	0.01520	0.16369	0.02661	0.02762	0.02026	0.02141	0.06408	0.00990	0.00786	0.00227	0.01280	0.00682	0.00546	0.01042
7	0.09728	0.02321	0.08206	0.11168	0.28946	0.09745	0.08501	0.02562	0.01825	0.02609	0.01453	0.01915	0.01178	0.00815	0.00923	0.00260	0.05604	0.00700	0.00412	0.01131
8	0.19537	0.02367	0.02671	0.08106	0.21217	0.17439	0.08036	0.06299	0.02000	0.02887	0.01435	0.01789	0.01146	0.00793	0.00751	0.00247	0.01076	0.00650	0.00462	0.01092
9	0.22450	0.02688	0.06444	0.11482	0.10799	0.25510	0.01728	0.05152	0.01969	0.02755	0.01354	0.01665	0.01073	0.00816	0.00712	0.00243	0.01108	0.00580	0.00452	0.01021

[dist]
# distance from previous block
# <min> <max>
11	61

[block]
# block no. 2 follows, 22 sequences, length 51
# corresponding to MSA columns:
# 83-133
name=unknown_C
#
# <colnr> <probs for GDERKNQSTAVLIFYWHMCP>
#	G	D	E	R	K	N	Q	S	T	A	V	L	I	F	Y	W	H	M	C	P
0	0.02299	0.09782	0.11561	0.01933	0.05111	0.28292	0.01601	0.02624	0.01900	0.05136	0.01707	0.02371	0.01519	0.11442	0.08862	0.00434	0.01321	0.00698	0.00450	0.00958
1	0.12710	0.02358	0.14969	0.04955	0.09262	0.11899	0.01678	0.04733	0.02050	0.02937	0.17473	0.03158	0.06306	0.01098	0.00808	0.00253	0.00891	0.00884	0.00575	0.01004
2	0.02069	0.03068	0.27891	0.02062	0.05322	0.14610	0.02031	0.02822	0.07425	0.05646	0.01820	0.02055	0.01390	0.01180	0.05005	0.00304	0.01149	0.00657	0.04626	0.08867
3	0.02225	0.02378	0.02561	0.19260	0.21527	0.22541	0.01966	0.05252	0.02118	0.02529	0.08058	0.02346	0.01866	0.00910	0.00818	0.00245	0.01113	0.00754	0.00477	0.01057
4	0.02862	0.06963	0.02554	0.02320	0.09035	0.38270	0.01661	0.15090	0.08247	0.02866	0.01639	0.01792	0.01298	0.00889	0.00770	0.00229	0.01219	0.00631	0.00540	0.01127
5	0.01175	0.00836	0.01117	0.01103	0.01269	0.00818	0.00821	0.01515	0.02020	0.02883	0.41548	0.14130	0.06109	0.02666	0.13923	0.00477	0.00761	0.01462	0.04608	0.00760
6	0.01781	0.08542	0.58991	0.02295	0.03446	0.05648	0.02883	0.02660	0.01783	0.02555	0.01458	0.01713	0.01054	0.00788	0.00771	0.00255	0.01221	0.00599	0.00355	0.01203
7	0.01803	0.20764	0.51228	0.02135	0.03236	0.02263	0.02664	0.02596	0.01738	0.02465	0.01408	0.01650	0.01056	0.00770	0.00726	0.00242	0.01144	0.00572	0.00352	0.01188
8	0.01002	0.00842	0.00869	0.00863	0.01134	0.00710	0.00647	0.01231	0.01941	0.02357	0.14291	0.07810	0.59339	0.02062	0.00982	0.00279	0.00418	0.01727	0.00786	0.00710
9	0.01890	0.01344	0.01592	0.01431	0.01769	0.01450	0.01161	0.21406	0.02426	0.03382	0.07971	0.04290	0.05417	0.02600	0.17254	0.00533	0.01074	0.10821	0.11221	0.00969
10	0.01939	0.37236	0.35950	0.01903	0.02876	0.02597	0.02259	0.02560	0.01722	0.02298	0.01326	0.01547	0.01059	0.00751	0.00663	0.00221	0.01061	0.00530	0.00353	0.01148
11	0.01187	0.00890	0.01335	0.01335	0.01483	0.01038	0.01038	0.01483	0.01335	0.01928	0.02225	0.03264	0.02077	0.06231	0.67512	0.01335	0.02225	0.00890	0.00445	0.00742
12	0.01002	0.00761	0.00924	0.01055	0.01178	0.00683	0.00726	0.01168	0.01688	0.02161	0.05817	0.50163	0.24794	0.02442	0.01035	0.00319	0.00462	0.02165	0.00771	0.00683
13	0.01097	0.00982	0.00937	0.00921	0.01199	0.03696	0.00691	0.01326	0.01962	0.02347	0.13972	0.07519	0.56467	0.02006	0.00971	0.00276	0.00466	0.01673	0.00771	0.00722
14	0.03103	0.03959	0.02354	0.02140	0.02568	0.67469	0.01605	0.03317	0.02354	0.02033	0.01284	0.01498	0.01070	0.00856	0.00749	0.00214	0.01498	0.00535	0.00428	0.00963
15	0.00982	0.00842	0.00842	0.00842	0.01122	0.00701	0.00631	0.01192	0.01894	0.02244	0.08416	0.07995	0.65285	0.02104	0.00982	0.00281	0.00421	0.01753	0.00771	0.00701
16	0.03158	0.02327	0.02493	0.01911	0.02576	0.02576	0.01579	0.62852	0.03906	0.05236	0.01995	0.01995	0.01413	0.00997	0.00831	0.00249	0.00914	0.00748	0.00831	0.01413
17	0.01187	0.00890	0.01335	0.01335	0.01483	0.01038	0.01038	0.01483	0.01335	0.01928	0.02225	0.03264	0.02077	0.06231	0.67512	0.01335	0.02225	0.00890	0.00445	0.00742
18	0.00982	0.00842	0.00842	0.00842	0.01122	0.00701	0.00631	0.01192	0.01894	0.02244	0.08416	0.07995	0.65285	0.02104	0.00982	0.00281	0.00421	0.01753	0.00771	0.00701
19	0.01012	0.00723	0.00964	0.01157	0.01205	0.00675	0.00771	0.01157	0.01591	0.02121	0.04579	0.70262	0.05495	0.02603	0.01060	0.00337	0.00482	0.02362	0.00771	0.00675
20	0.03103	0.03959	0.02354	0.02140	0.02568	0.67469	0.01605	0.03317	0.02354	0.02033	0.01284	0.01498	0.01070	0.00856	0.00749	0.00214	0.01498	0.00535	0.00428	0.00963
21	0.01666	0.04297	0.66500	0.02368	0.03596	0.01929	0.03069	0.02631	0.01754	0.02631	0.01491	0.01754	0.01052	0.00789	0.00789	0.00263	0.01228	0.00614	0.00351	0.01228
22	0.02056	0.01974	0.03372	0.05099	0.65622	0.01974	0.02550	0.02550	0.01892	0.02714	0.01563	0.02056	0.01316	0.00740	0.00822	0.00247	0.00987	0.00740	0.00411	0.01316
23	0.01187	0.00890	0.01335	0.01335	0.01483	0.01038	0.01038	0.01483	0.01335	0.01928	0.02225	0.03264	0.02077	0.06231	0.67512	0.01335	0.02225	0.00890	0.00445	0.00742
24	0.01666	0.04297	0.66500	0.02368	0.03596	0.01929	0.03069	0.02631	0.01754	0.02631	0.01491	0.01754	0.01052	0.00789	0.00789	0.00263	0.01228	0.00614	0.00351	0.01228
25	0.02056	0.01974	0.03372	0.05099	0.65622	0.01974	0.02550	0.02550	0.01892	0.02714	0.01563	0.02056	0.01316	0.00740	0.00822	0.00247	0.00987	0.00740	0.00411	0.01316
26	0.01187	0.00890	0.01335	0.01335	0.01483	0.01038	0.01038	0.01483	0.01335	0.01928	0.02225	0.03264	0.02077	0.06231	0.67512	0.01335	0.02225	0.00890	0.00445	0.00742
27	0.01160	0.00785	0.00920	0.00968	0.00980	0.00773	0.00569	0.01195	0.01302	0.01736	0.03099	0.21367	0.03628	0.54044	0.03450	0.00690	0.00726	0.01492	0.00569	0.00545
28	0.01290	0.00883	0.01096	0.01023	0.01268	0.00791	0.00774	0.01633	0.02241	0.07064	0.47295	0.06430	0.21588	0.01755	0.00971	0.00266	0.00419	0.01522	0.00887	0.00804
29	0.01343	0.01113	0.01605	0.01516	0.01618	0.01394	0.01196	0.01593	0.01312	0.01926	0.01971	0.03046	0.01894	0.09165	0.47560	0.01063	0.18620	0.00870	0.00429	0.00768
30	0.01666	0.04297	0.66500	0.02368	0.03596	0.01929	0.03069	0.02631	0.01754	0.02631	0.01491	0.01754	0.01052	0.00789	0.00789	0.00263	0.01228	0.00614	0.00351	0.01228
31	0.01092	0.00780	0.01056	0.01248	0.01332	0.00744	0.00911	0.01295	0.01670	0.02210	0.04534	0.55298	0.05319	0.02527	0.01082	0.00348	0.00552	0.16534	0.00770	0.00697
32	0.01877	0.01791	0.03048	0.28511	0.43610	0.01927	0.02460	0.02393	0.01807	0.02497	0.01531	0.02114	0.01239	0.00773	0.00825	0.00258	0.01031	0.00739	0.00396	0.01171
33	0.01697	0.07989	0.63076	0.02316	0.03515	0.02004	0.02979	0.02623	0.01750	0.02594	0.01472	0.01731	0.01053	0.00785	0.00775	0.00258	0.01209	0.00605	0.00351	0.01219
34	0.01803	0.20769	0.51223	0.02135	0.03236	0.02263	0.02664	0.02596	0.01738	0.02465	0.01408	0.01650	0.01056	0.00770	0.00726	0.00242	0.01144	0.00572	0.00352	0.01188
35	0.03103	0.03959	0.02354	0.02140	0.02568	0.67469	0.01605	0.03317	0.02354	0.02033	0.01284	0.01498	0.01070	0.00856	0.00749	0.00214	0.01498	0.00535	0.00428	0.00963
36	0.01015	0.00776	0.00932	0.01034	0.01178	0.00693	0.00722	0.01204	0.01763	0.02265	0.10974	0.42550	0.27210	0.02348	0.01025	0.00311	0.00453	0.02072	0.00783	0.00693
37	0.02291	0.02439	0.03082	0.07281	0.47392	0.18063	0.02306	0.02719	0.01995	0.02520	0.01490	0.01926	0.01246	0.00773	0.00805	0.00240	0.01118	0.00690	0.00413	0.01211
38	0.02056	0.01974	0.03372	0.05099	0.65622	0.01974	0.02550	0.02550	0.01892	0.02714	0.01563	0.02056	0.01316	0.00740	0.00822	0.00247	0.00987	0.00740	0.00411	0.01316
39	0.76672	0.01607	0.01221	0.01092	0.01607	0.01864	0.00900	0.02442	0.01414	0.03727	0.01157	0.01350	0.00900	0.00771	0.00514	0.00257	0.00643	0.00450	0.00514	0.00900
40	0.02726	0.03355	0.02154	0.01982	0.02355	0.54387	0.01494	0.02956	0.02154	0.02013	0.01469	0.01846	0.01268	0.01914	0.13897	0.00435	0.01641	0.00605	0.00431	0.00919
41	0.02056	0.01974	0.03372	0.05099	0.65622	0.01974	0.02550	0.02550	0.01892	0.02714	0.01563	0.02056	0.01316	0.00740	0.00822	0.00247	0.00987	0.00740	0.00411	0.01316
42	0.02068	0.00986	0.01222	0.01094	0.01396	0.00905	0.00826	0.02358	0.01954	0.22800	0.11329	0.11855	0.06010	0.08552	0.01164	0.00306	0.00545	0.01162	0.22532	0.00935
43	0.01208	0.00805	0.00906	0.00906	0.00906	0.00805	0.00503	0.01208	0.01208	0.01611	0.02618	0.05436	0.03020	0.70804	0.04228	0.00805	0.00805	0.01208	0.00503	0.00503
44	0.41756	0.02217	0.08438	0.01617	0.02068	0.09848	0.01434	0.02457	0.01526	0.02987	0.01190	0.01524	0.00983	0.00951	0.01114	0.00279	0.17673	0.00545	0.00450	0.00943
45	0.02558	0.22608	0.03069	0.06205	0.06018	0.02286	0.04691	0.05504	0.01929	0.20863	0.01866	0.02033	0.01400	0.00969	0.01119	0.00255	0.14197	0.00689	0.00581	0.01159
46	0.00982	0.00842	0.00842	0.00842	0.01122	0.00701	0.00631	0.01192	0.01894	0.02244	0.08416	0.07995	0.65285	0.02104	0.00982	0.00281	0.00421	0.01753	0.00771	0.00701
47	0.03041	0.03856	0.02363	0.02142	0.02550	0.64339	0.01615	0.03254	0.02302	0.02032	0.01275	0.01514	0.01071	0.00885	0.00844	0.00221	0.04766	0.00544	0.00425	0.00960
48	0.01012	0.00723	0.00964	0.01157	0.01205	0.00675	0.00771	0.01157	0.01591	0.02121	0.04579	0.70262	0.05495	0.02603	0.01060	0.00337	0.00482	0.02362	0.00771	0.00675
49	0.02483	0.33690	0.13723	0.01840	0.02544	0.22948	0.01761	0.07801	0.02091	0.02363	0.01320	0.01508	0.01094	0.00793	0.00667	0.00209	0.01135	0.00525	0.00417	0.01089
50	0.01922	0.19399	0.02275	0.01483	0.01817	0.17892	0.01185	0.02141	0.01653	0.01908	0.01789	0.02706	0.01732	0.14309	0.23627	0.00679	0.01472	0.00743	0.00428	0.00838

[dist]
# distance from previous block
# <min> <max>
0	1

[block]
# block no. 3 follows, 22 sequences, length 53
# corresponding to MSA columns:
# 135-187
name=unknown_D
#
# <colnr> <probs for GDERKNQSTAVLIFYWHMCP>
#	G	D	E	R	K	N	Q	S	T	A	V	L	I	F	Y	W	H	M	C	P
0	0.02820	0.02000	0.02132	0.01672	0.02238	0.02197	0.01369	0.50043	0.03451	0.04786	0.02145	0.02226	0.01563	0.00991	0.00778	0.00238	0.00803	0.00753	0.16514	0.01279
1	0.01188	0.00886	0.01313	0.01313	0.01454	0.01026	0.01011	0.01469	0.01329	0.01912	0.02245	0.03375	0.02125	0.09542	0.64267	0.01308	0.02152	0.00906	0.00448	0.00730
2	0.02235	0.27774	0.02809	0.01646	0.02122	0.21403	0.01379	0.02749	0.09491	0.02159	0.01699	0.02018	0.01468	0.02003	0.15182	0.00452	0.01328	0.00629	0.00456	0.00996
3	0.01043	0.00805	0.00952	0.00997	0.01180	0.00715	0.00717	0.01280	0.01917	0.02492	0.22192	0.27650	0.30761	0.02158	0.01007	0.00294	0.00433	0.01884	0.00809	0.00715
4	0.01666	0.04297	0.66500	0.02368	0.03596	0.01929	0.03069	0.02631	0.01754	0.02631	0.01491	0.01754	0.01052	0.00789	0.00789	0.00263	0.01228	0.00614	0.00351	0.01228
5	0.02153	0.63056	0.12003	0.01538	0.02312	0.03120	0.01624	0.02505	0.01696	0.02038	0.01196	0.01384	0.01064	0.00720	0.00565	0.00188	0.00930	0.00465	0.00355	0.01086
6	0.02221	0.71304	0.04353	0.01421	0.02132	0.03287	0.01421	0.02488	0.01688	0.01955	0.01155	0.01333	0.01066	0.00711	0.00533	0.00178	0.00888	0.00444	0.00355	0.01066
7	0.00984	0.00833	0.00850	0.00863	0.01128	0.00699	0.00641	0.01190	0.01873	0.02236	0.08151	0.12283	0.61167	0.02138	0.00987	0.00284	0.00425	0.01795	0.00771	0.00699
8	0.01783	0.01058	0.01152	0.05239	0.01512	0.01120	0.00840	0.11280	0.02048	0.03303	0.02519	0.02969	0.01992	0.03848	0.00786	0.00233	0.00531	0.00786	0.56132	0.00871
9	0.00982	0.00842	0.00842	0.00842	0.01122	0.00701	0.00631	0.01192	0.01894	0.02244	0.08416	0.07995	0.65285	0.02104	0.00982	0.00281	0.00421	0.01753	0.00771	0.00701
10	0.01012	0.00723	0.00964	0.01157	0.01205	0.00675	0.00771	0.01157	0.01591	0.02121	0.04579	0.70262	0.05495	0.02603	0.01060	0.00337	0.00482	0.02362	0.00771	0.00675
11	0.01048	0.00819	0.00950	0.00970	0.01176	0.00721	0.00708	0.01300	0.01971	0.02552	0.25055	0.20538	0.35058	0.02084	0.00998	0.00287	0.00425	0.01804	0.00815	0.00721
12	0.02056	0.01974	0.03372	0.05099	0.65622	0.01974	0.02550	0.02550	0.01892	0.02714	0.01563	0.02056	0.01316	0.00740	0.00822	0.00247	0.00987	0.00740	0.00411	0.01316
13	0.01023	0.00843	0.00898	0.00884	0.01147	0.00719	0.00663	0.01271	0.01990	0.02473	0.20352	0.07619	0.53206	0.02019	0.00981	0.00276	0.00415	0.01701	0.00802	0.00719
14	0.01724	0.01631	0.02663	0.10015	0.36677	0.01638	0.05592	0.02232	0.04332	0.02554	0.03229	0.06871	0.15006	0.01144	0.00879	0.00265	0.00866	0.01059	0.00519	0.01103
15	0.01928	0.35953	0.37141	0.01921	0.02904	0.02571	0.02291	0.02563	0.01723	0.02311	0.01332	0.01555	0.01059	0.00752	0.00668	0.00223	0.01067	0.00534	0.00353	0.01151
16	0.01666	0.04297	0.66500	0.02368	0.03596	0.01929	0.03069	0.02631	0.01754	0.02631	0.01491	0.01754	0.01052	0.00789	0.00789	0.00263	0.01228	0.00614	0.00351	0.01228
17	0.01050	0.00901	0.00907	0.00895	0.01187	0.00787	0.00674	0.01395	0.05813	0.02322	0.08099	0.07687	0.61333	0.02042	0.00973	0.00281	0.00436	0.01702	0.00776	0.00740
18	0.02011	0.02078	0.06819	0.08068	0.59259	0.01965	0.02566	0.02533	0.01873	0.02680	0.01554	0.02047	0.01291	0.00747	0.00821	0.00249	0.01006	0.00733	0.00406	0.01292
19	0.25796	0.10798	0.02082	0.01690	0.04799	0.22518	0.01287	0.02534	0.01749	0.02568	0.01430	0.01812	0.01230	0.01892	0.14134	0.00451	0.01277	0.00578	0.00449	0.00927
20	0.03118	0.03528	0.02391	0.02080	0.02570	0.50303	0.01598	0.19066	0.02765	0.02880	0.01472	0.01629	0.01161	0.00893	0.00771	0.00223	0.01344	0.00591	0.00535	0.01082
21	0.01558	0.03703	0.55209	0.02115	0.03176	0.01722	0.02657	0.02402	0.01800	0.02618	0.05468	0.02741	0.09292	0.00996	0.00822	0.00265	0.01087	0.00798	0.00430	0.01141
22	0.01820	0.01886	0.05787	0.03753	0.42931	0.04567	0.02066	0.02259	0.01907	0.02569	0.03142	0.03637	0.15060	0.01114	0.00867	0.00260	0.00890	0.03844	0.00503	0.01138
23	0.02104	0.06051	0.40285	0.02760	0.16340	0.01879	0.02595	0.02837	0.01881	0.12889	0.01781	0.01974	0.01271	0.00814	0.00793	0.00255	0.01079	0.00669	0.00473	0.01270
24	0.01006	0.00748	0.00938	0.01090	0.01188	0.00680	0.00742	0.01164	0.01654	0.02147	0.05386	0.57169	0.18067	0.02498	0.01044	0.00325	0.00469	0.02234	0.00771	0.00680
25	0.01879	0.01044	0.01289	0.01163	0.01460	0.00971	0.00873	0.02245	0.05698	0.19329	0.16630	0.08274	0.14463	0.16156	0.01629	0.00388	0.00605	0.04183	0.00816	0.00904
26	0.02412	0.35487	0.03469	0.09788	0.05552	0.23760	0.04161	0.02723	0.01920	0.02062	0.01274	0.01558	0.01091	0.00773	0.00669	0.00208	0.01137	0.00543	0.00386	0.01029
27	0.01962	0.02368	0.11091	0.02561	0.03119	0.05404	0.22938	0.02859	0.14315	0.02606	0.01817	0.02200	0.01436	0.01015	0.01406	0.00298	0.20183	0.00834	0.00482	0.01106
28	0.01609	0.01507	0.02535	0.58397	0.12538	0.01814	0.02269	0.02148	0.01718	0.02244	0.04263	0.02370	0.01425	0.00858	0.00836	0.00273	0.01062	0.00772	0.00398	0.00963
29	0.02056	0.01974	0.03372	0.05099	0.65622	0.01974	0.02550	0.02550	0.01892	0.02714	0.01563	0.02056	0.01316	0.00740	0.00822	0.00247	0.00987	0.00740	0.00411	0.01316
30	0.17324	0.00951	0.00876	0.00849	0.01098	0.01005	0.00643	0.01998	0.01641	0.03140	0.02378	0.02870	0.01924	0.05125	0.00786	0.00244	0.00466	0.00732	0.55163	0.00784
31	0.03158	0.02327	0.02493	0.01911	0.02576	0.02576	0.01579	0.62852	0.03906	0.05236	0.01995	0.01995	0.01413	0.00997	0.00831	0.00249	0.00914	0.00748	0.00831	0.01413
32	0.02056	0.01974	0.03372	0.05099	0.65622	0.01974	0.02550	0.02550	0.01892	0.02714	0.01563	0.02056	0.01316	0.00740	0.00822	0.00247	0.00987	0.00740	0.00411	0.01316
33	0.00982	0.00842	0.00842	0.00842	0.01122	0.00701	0.00631	0.01192	0.01894	0.02244	0.08416	0.07995	0.65285	0.02104	0.00982	0.00281	0.00421	0.01753	0.00771	0.00701
34	0.01205	0.00886	0.01165	0.01293	0.01477	0.00846	0.01058	0.01521	0.01912	0.02490	0.12597	0.18527	0.15623	0.02238	0.01084	0.00343	0.00615	0.33592	0.00785	0.00742
35	0.01666	0.04297	0.66500	0.02368	0.03596	0.01929	0.03069	0.02631	0.01754	0.02631	0.01491	0.01754	0.01052	0.00789	0.00789	0.00263	0.01228	0.00614	0.00351	0.01228
36	0.02056	0.01974	0.03372	0.05099	0.65622	0.01974	0.02550	0.02550	0.01892	0.02714	0.01563	0.02056	0.01316	0.00740	0.00822	0.00247	0.00987	0.00740	0.00411	0.01316
37	0.01009	0.00736	0.00951	0.01123	0.01196	0.00678	0.00756	0.01161	0.01623	0.02134	0.04988	0.63626	0.11867	0.02550	0.01052	0.00331	0.00475	0.02297	0.00771	0.00678
38	0.00982	0.00842	0.00842	0.00842	0.01122	0.00701	0.00631	0.01192	0.01894	0.02244	0.08416	0.07995	0.65285	0.02104	0.00982	0.00281	0.00421	0.01753	0.00771	0.00701
39	0.01191	0.00872	0.01241	0.01241	0.01357	0.00987	0.00921	0.01423	0.01307	0.01859	0.02311	0.03739	0.02283	0.20366	0.53659	0.01219	0.01914	0.00960	0.00458	0.00690
40	0.01187	0.00890	0.01335	0.01335	0.01483	0.01038	0.01038	0.01483	0.01335	0.01928	0.02225	0.03264	0.02077	0.06231	0.67512	0.01335	0.02225	0.00890	0.00445	0.00742
41	0.01549	0.00774	0.00774	0.00774	0.00968	0.00774	0.00581	0.01936	0.01742	0.03097	0.02710	0.03097	0.02129	0.00968	0.00581	0.00194	0.00387	0.00774	0.75416	0.00774
42	0.01208	0.00805	0.00906	0.00906	0.00906	0.00805	0.00503	0.01208	0.01208	0.01611	0.02618	0.05436	0.03020	0.70804	0.04228	0.00805	0.00805	0.01208	0.00503	0.00503
43	0.01208	0.00805	0.00906	0.00906	0.00906	0.00805	0.00503	0.01208	0.01208	0.01611	0.02618	0.05436	0.03020	0.70804	0.04228	0.00805	0.00805	0.01208	0.00503	0.00503
44	0.01023	0.00732	0.00974	0.01149	0.01207	0.00682	0.00772	0.01185	0.01643	0.02204	0.08753	0.65851	0.05656	0.02540	0.01055	0.00332	0.00476	0.02302	0.00781	0.00682
45	0.01012	0.00723	0.00964	0.01157	0.01205	0.00675	0.00771	0.01157	0.01591	0.02121	0.04579	0.70262	0.05495	0.02603	0.01060	0.00337	0.00482	0.02362	0.00771	0.00675
46	0.02030	0.01948	0.03325	0.08467	0.62455	0.01967	0.02537	0.02527	0.01879	0.02683	0.01558	0.02064	0.01305	0.00745	0.00823	0.00248	0.00993	0.00740	0.00409	0.01295
47	0.01207	0.00884	0.01304	0.01304	0.01455	0.01024	0.01013	0.01508	0.01358	0.01993	0.02252	0.03254	0.02080	0.05940	0.63812	0.01272	0.02124	0.00884	0.04590	0.00744
48	0.03107	0.03847	0.02364	0.02124	0.02569	0.63000	0.01603	0.07417	0.02461	0.02254	0.01333	0.01532	0.01094	0.00866	0.00755	0.00216	0.01458	0.00550	0.00456	0.00994
49	0.01666	0.04297	0.66500	0.02368	0.03596	0.01929	0.03069	0.02631	0.01754	0.02631	0.01491	0.01754	0.01052	0.00789	0.00789	0.00263	0.01228	0.00614	0.00351	0.01228
50	0.02051	0.01988	0.03453	0.05015	0.62382	0.01981	0.05725	0.02555	0.01895	0.02711	0.01569	0.02066	0.01313	0.00738	0.00831	0.00248	0.01009	0.00753	0.00412	0.01306
51	0.02783	0.20883	0.07274	0.01975	0.02530	0.46849	0.01660	0.03062	0.02146	0.02055	0.01266	0.01474	0.01068	0.00815	0.00698	0.00208	0.01326	0.00518	0.00404	0.01007
52	0.06550	0.03784	0.07011	0.01212	0.01559	0.01072	0.01056	0.01838	0.02168	0.05450	0.44844	0.05430	0.08560	0.01544	0.00919	0.00265	0.00534	0.04536	0.00807	0.00860

[dist]
# distance from previous block
# <min> <max>
1	22

[block]
# block no. 4 follows, 22 sequences, length 121
# corresponding to MSA columns:
# 210-330
name=unknown_E
#
# <colnr> <probs for GDERKNQSTAVLIFYWHMCP>
#	G	D	E	R	K	N	Q	S	T	A	V	L	I	F	Y	W	H	M	C	P
0	0.03037	0.03685	0.02374	0.05234	0.02716	0.58120	0.01635	0.09025	0.02472	0.02347	0.01362	0.01580	0.01105	0.00869	0.00761	0.00220	0.01423	0.00565	0.00464	0.01005
1	0.17237	0.10650	0.18264	0.02294	0.11471	0.13659	0.01933	0.10242	0.02073	0.03008	0.01423	0.01654	0.01109	0.00808	0.00708	0.00240	0.01047	0.00583	0.00466	0.01133
2	0.02114	0.26451	0.14288	0.02875	0.23781	0.09322	0.02070	0.02568	0.01847	0.02346	0.01661	0.01939	0.03780	0.00807	0.00716	0.00224	0.01025	0.00636	0.00398	0.01152
3	0.01053	0.00865	0.00941	0.00980	0.01242	0.00752	0.00773	0.01298	0.01897	0.02293	0.07611	0.08271	0.53162	0.02142	0.01015	0.00301	0.00490	0.13430	0.00770	0.00714
4	0.03158	0.02327	0.02493	0.01911	0.02576	0.02576	0.01579	0.62852	0.03906	0.05236	0.01995	0.01995	0.01413	0.00997	0.00831	0.00249	0.00914	0.00748	0.00831	0.01413
5	0.01104	0.00861	0.01024	0.01117	0.01332	0.00781	0.00886	0.01361	0.01853	0.02305	0.06499	0.18071	0.36103	0.02244	0.01049	0.00323	0.00544	0.21055	0.00769	0.00718
6	0.01862	0.02907	0.26055	0.03225	0.10863	0.02048	0.32302	0.02607	0.01849	0.02626	0.01574	0.02031	0.01186	0.00771	0.00978	0.00274	0.04467	0.00814	0.00392	0.01170
7	0.01549	0.00774	0.00774	0.00774	0.00968	0.00774	0.00581	0.01936	0.01742	0.03097	0.02710	0.03097	0.02129	0.00968	0.00581	0.00194	0.00387	0.00774	0.75416	0.00774
8	0.00987	0.00823	0.00861	0.00891	0.01135	0.00697	0.00653	0.01187	0.01846	0.02225	0.07808	0.17856	0.55816	0.02183	0.00994	0.00290	0.00430	0.01850	0.00771	0.00697
9	0.01686	0.03786	0.53522	0.02571	0.06770	0.01889	0.09253	0.02559	0.01775	0.02614	0.01664	0.05134	0.01303	0.00865	0.00824	0.00268	0.01198	0.00744	0.00382	0.01194
10	0.01637	0.01027	0.01148	0.01028	0.01395	0.00898	0.00800	0.04755	0.02107	0.15049	0.09694	0.06604	0.47096	0.01820	0.00946	0.00274	0.00500	0.01512	0.00832	0.00880
11	0.01187	0.00890	0.01335	0.01335	0.01483	0.01038	0.01038	0.01483	0.01335	0.01928	0.02225	0.03264	0.02077	0.06231	0.67512	0.01335	0.02225	0.00890	0.00445	0.00742
12	0.03103	0.03959	0.02354	0.02140	0.02568	0.67469	0.01605	0.03317	0.02354	0.02033	0.01284	0.01498	0.01070	0.00856	0.00749	0.00214	0.01498	0.00535	0.00428	0.00963
13	0.02307	0.02647	0.02280	0.02034	0.02226	0.31063	0.01591	0.02491	0.01765	0.02000	0.01459	0.05763	0.01439	0.05106	0.01840	0.00320	0.31588	0.00762	0.00423	0.00897
14	0.01160	0.00785	0.00920	0.00968	0.00979	0.00773	0.00569	0.01195	0.01302	0.01736	0.03099	0.21354	0.03628	0.54058	0.03450	0.00690	0.00726	0.01491	0.00569	0.00545
15	0.01095	0.00758	0.00940	0.01051	0.01079	0.00730	0.00658	0.01178	0.01429	0.01906	0.03751	0.42907	0.04450	0.31382	0.02397	0.00535	0.00618	0.01875	0.00658	0.00602
16	0.01892	0.01858	0.02889	0.10094	0.30392	0.04656	0.06645	0.02268	0.01672	0.02333	0.01560	0.02387	0.01420	0.08785	0.01657	0.00341	0.16880	0.00799	0.00408	0.01061
17	0.01250	0.00964	0.01161	0.01124	0.01369	0.00928	0.00869	0.01819	0.09138	0.03010	0.38838	0.06603	0.19905	0.01790	0.00983	0.00281	0.00469	0.07818	0.00858	0.00823
18	0.01162	0.00892	0.01039	0.00996	0.01213	0.00828	0.00730	0.01555	0.05401	0.02780	0.35739	0.06553	0.26324	0.09565	0.01338	0.00330	0.00462	0.01523	0.00816	0.00753
19	0.01780	0.01333	0.01458	0.01444	0.04850	0.04927	0.01042	0.13360	0.02118	0.03005	0.03169	0.10028	0.09311	0.02264	0.13690	0.00453	0.00949	0.01045	0.22865	0.00910
20	0.02535	0.02215	0.02669	0.17584	0.03443	0.08728	0.08187	0.30839	0.05101	0.03712	0.01791	0.02047	0.01322	0.00896	0.00827	0.00249	0.01043	0.00742	0.00621	0.05448
21	0.02151	0.28731	0.02890	0.01672	0.02092	0.19310	0.01420	0.02402	0.01728	0.01974	0.01444	0.01904	0.01318	0.02187	0.17282	0.00492	0.09056	0.00609	0.00397	0.00942
22	0.01202	0.00831	0.01034	0.01034	0.01078	0.00875	0.00662	0.01290	0.01246	0.01705	0.02501	0.04791	0.02740	0.51614	0.23035	0.00963	0.01227	0.01114	0.00486	0.00574
23	0.01262	0.03591	0.01210	0.01166	0.01398	0.05654	0.00900	0.01501	0.01877	0.02291	0.08961	0.21673	0.30547	0.02092	0.00997	0.00303	0.00591	0.12502	0.00738	0.00743
24	0.02045	0.10332	0.15354	0.03307	0.29631	0.08637	0.02239	0.02651	0.05290	0.02505	0.01583	0.01967	0.01306	0.01106	0.04341	0.00304	0.05121	0.00680	0.00418	0.01182
25	0.01012	0.00723	0.00964	0.01157	0.01205	0.00675	0.00771	0.01157	0.01591	0.02121	0.04579	0.70262	0.05495	0.02603	0.01060	0.00337	0.00482	0.02362	0.00771	0.00675
26	0.03403	0.01486	0.01918	0.01520	0.02128	0.01386	0.01239	0.04120	0.14422	0.53962	0.03298	0.02881	0.02150	0.01047	0.00837	0.00262	0.00697	0.00856	0.00993	0.01395
27	0.01660	0.01434	0.01434	0.01382	0.01637	0.08590	0.01021	0.09459	0.09162	0.02888	0.15677	0.30946	0.07709	0.01842	0.00953	0.00289	0.00649	0.01600	0.00776	0.00893
28	0.11103	0.01946	0.02018	0.01599	0.02156	0.02148	0.01310	0.44285	0.03208	0.04653	0.02039	0.02135	0.01494	0.00966	0.00747	0.00239	0.00782	0.00720	0.15223	0.01232
29	0.02773	0.09848	0.09591	0.04878	0.05555	0.21488	0.01805	0.27756	0.02817	0.03451	0.01608	0.01769	0.01222	0.00887	0.00772	0.00234	0.01127	0.00640	0.00576	0.01202
30	0.01187	0.00890	0.01335	0.01335	0.01483	0.01038	0.01038	0.01483	0.01335	0.01928	0.02225	0.03264	0.02077	0.06231	0.67512	0.01335	0.02225	0.00890	0.00445	0.00742
31	0.28651	0.01582	0.01749	0.01395	0.01996	0.01593	0.01151	0.10102	0.02219	0.37951	0.02407	0.02228	0.01588	0.00937	0.00725	0.00256	0.00708	0.00694	0.00830	0.01238
32	0.03158	0.02327	0.02493	0.01911	0.02576	0.02576	0.01579	0.62852	0.03906	0.05236	0.01995	0.01995	0.01413	0.00997	0.00831	0.00249	0.00914	0.00748	0.00831	0.01413
33	0.01818	0.01818	0.02545	0.02181	0.02181	0.02545	0.01818	0.01999	0.01272	0.01999	0.01091	0.01818	0.01091	0.01454	0.02726	0.00364	0.69284	0.00727	0.00364	0.00909
34	0.01197	0.00821	0.00979	0.00956	0.01026	0.00798	0.00604	0.01337	0.01617	0.02227	0.25007	0.05712	0.04744	0.46075	0.03066	0.00611	0.00657	0.01313	0.00650	0.00604
35	0.01112	0.00835	0.01030	0.01006	0.01208	0.00753	0.00745	0.01435	0.02163	0.02944	0.45198	0.13036	0.21710	0.01888	0.00988	0.00274	0.00408	0.01650	0.00865	0.00753
36	0.01961	0.02241	0.04902	0.03501	0.04342	0.02101	0.62605	0.02661	0.01961	0.02661	0.01681	0.02241	0.01261	0.00700	0.00980	0.00280	0.01401	0.00980	0.00420	0.01120
37	0.02334	0.01918	0.02029	0.01745	0.02262	0.02192	0.01380	0.18764	0.49336	0.03907	0.03041	0.02828	0.02260	0.01095	0.00842	0.00274	0.00720	0.00892	0.00842	0.01339
38	0.01401	0.00886	0.01134	0.01086	0.01315	0.00799	0.00808	0.01710	0.02136	0.09992	0.37865	0.18839	0.15124	0.01862	0.00980	0.00279	0.00449	0.01635	0.00878	0.00821
39	0.00997	0.00782	0.00903	0.01001	0.01164	0.00688	0.00702	0.01174	0.01741	0.02182	0.06479	0.39428	0.35102	0.02356	0.01021	0.00309	0.00452	0.02060	0.00771	0.00688
40	0.01549	0.00774	0.00774	0.00774	0.00968	0.00774	0.00581	0.01936	0.01742	0.03097	0.02710	0.03097	0.02129	0.00968	0.00581	0.00194	0.00387	0.00774	0.75416	0.00774
41	0.01122	0.00807	0.01062	0.01082	0.01229	0.00748	0.00780	0.01432	0.02100	0.02931	0.45126	0.27406	0.07063	0.01998	0.01006	0.00286	0.00422	0.01787	0.00867	0.00748
42	0.01196	0.00852	0.01140	0.01140	0.01222	0.00933	0.00796	0.01359	0.01277	0.01784	0.02403	0.04249	0.02505	0.35526	0.38802	0.01095	0.01581	0.01034	0.00472	0.00634
43	0.02055	0.01593	0.01728	0.01387	0.01933	0.01577	0.01107	0.19585	0.12150	0.03521	0.03097	0.03106	0.11148	0.01066	0.00764	0.00215	0.00652	0.00855	0.09100	0.23360
44	0.01200	0.00836	0.01060	0.01060	0.01113	0.00889	0.00695	0.01307	0.01254	0.01724	0.02477	0.04659	0.02683	0.47696	0.26875	0.00995	0.01313	0.01094	0.00482	0.00589
45	0.01208	0.00805	0.00906	0.00906	0.00906	0.00805	0.00503	0.01208	0.01208	0.01611	0.02618	0.05436	0.03020	0.70804	0.04228	0.00805	0.00805	0.01208	0.00503	0.00503
46	0.02648	0.03112	0.02527	0.16216	0.11800	0.42409	0.01877	0.05422	0.02213	0.02276	0.01391	0.01742	0.01125	0.00841	0.00779	0.00233	0.01324	0.00613	0.00430	0.01021
47	0.01979	0.01886	0.03163	0.15037	0.53163	0.01958	0.02453	0.02569	0.04763	0.02656	0.01634	0.02130	0.01340	0.00773	0.00825	0.00253	0.00991	0.00749	0.00425	0.01254
48	0.01192	0.00880	0.01266	0.01261	0.01411	0.00971	0.00969	0.01494	0.01552	0.02210	0.14778	0.04223	0.03381	0.08958	0.47937	0.01053	0.01720	0.03454	0.00554	0.00737
49	0.01666	0.04297	0.66500	0.02368	0.03596	0.01929	0.03069	0.02631	0.01754	0.02631	0.01491	0.01754	0.01052	0.00789	0.00789	0.00263	0.01228	0.00614	0.00351	0.01228
50	0.01651	0.15878	0.38982	0.01939	0.02806	0.01962	0.02265	0.02323	0.01639	0.02333	0.01609	0.02047	0.01306	0.02111	0.17125	0.00510	0.01410	0.00650	0.00375	0.01078
51	0.01662	0.01540	0.02434	0.03521	0.41086	0.01497	0.01853	0.02051	0.01876	0.02537	0.03807	0.07838	0.20066	0.01295	0.00894	0.00267	0.00788	0.03356	0.00548	0.01083
52	0.01187	0.00890	0.01335	0.01335	0.01483	0.01038	0.01038	0.01483	0.01335	0.01928	0.02225	0.03264	0.02077	0.06231	0.67512	0.01335	0.02225	0.00890	0.00445	0.00742
53	0.01153	0.00894	0.00961	0.00939	0.01218	0.00782	0.00705	0.01466	0.04327	0.04867	0.14360	0.10762	0.50614	0.02005	0.00975	0.00281	0.00441	0.01691	0.00801	0.00760
54	0.01856	0.27251	0.45211	0.02044	0.03094	0.02394	0.02505	0.02582	0.01731	0.02399	0.01376	0.01610	0.01057	0.00762	0.00701	0.00234	0.01112	0.00556	0.00352	0.01172
55	0.01869	0.16688	0.38978	0.02855	0.18543	0.02203	0.02623	0.02583	0.01775	0.02520	0.01443	0.01747	0.01120	0.00762	0.00748	0.00243	0.01103	0.00612	0.00367	0.01218
56	0.01017	0.00791	0.00930	0.01034	0.01197	0.00703	0.00740	0.01206	0.01748	0.02199	0.06323	0.38221	0.32793	0.02357	0.01030	0.00314	0.00471	0.05463	0.00771	0.00692
57	0.02267	0.02424	0.02612	0.03317	0.31458	0.21075	0.01907	0.02939	0.11645	0.02589	0.02386	0.02594	0.07254	0.00958	0.00819	0.00246	0.01034	0.00803	0.00516	0.01156
58	0.01892	0.01824	0.02744	0.03953	0.46153	0.05526	0.02098	0.02317	0.01921	0.02584	0.02803	0.03628	0.10584	0.01102	0.00875	0.00264	0.00914	0.07165	0.00500	0.01151
59	0.01948	0.01964	0.03257	0.24501	0.35080	0.05484	0.10793	0.02474	0.01855	0.02486	0.01537	0.02101	0.01230	0.00769	0.00843	0.00259	0.01110	0.00762	0.00400	0.01148
60	0.03007	0.03804	0.02303	0.02100	0.02513	0.64116	0.01577	0.03225	0.02303	0.02028	0.01332	0.01587	0.01121	0.01127	0.04119	0.00271	0.01535	0.00553	0.00429	0.00952
61	0.05446	0.02105	0.02104	0.14359	0.13232	0.19341	0.01597	0.05580	0.02104	0.02572	0.08567	0.03403	0.13935	0.01149	0.00835	0.00252	0.00966	0.00933	0.00550	0.00970
62	0.23595	0.13795	0.15168	0.01934	0.05831	0.22137	0.01718	0.02760	0.01837	0.02659	0.01284	0.01511	0.01031	0.00790	0.00660	0.00232	0.01077	0.00523	0.00425	0.01033
63	0.01187	0.00890	0.01335	0.01335	0.01483	0.01038	0.01038	0.01483	0.01335	0.01928	0.02225	0.03264	0.02077	0.06231	0.67512	0.01335	0.02225	0.00890	0.00445	0.00742
64	0.02300	0.02942	0.10448	0.03086	0.15339	0.24561	0.20038	0.02806	0.02080	0.02486	0.04787	0.02099	0.01523	0.00823	0.00848	0.00248	0.01283	0.00766	0.00439	0.01099
65	0.02250	0.02180	0.06523	0.03389	0.33595	0.04934	0.02032	0.15214	0.02297	0.03208	0.01620	0.01936	0.01293	0.00779	0.00779	0.00223	0.00938	0.00677	0.00512	0.15621
66	0.01120	0.00849	0.01053	0.01149	0.01338	0.00782	0.00897	0.01388	0.01881	0.02415	0.12863	0.22848	0.26174	0.02232	0.01050	0.00323	0.00537	0.19592	0.00786	0.00724
67	0.13605	0.04252	0.01806	0.01446	0.01860	0.01812	0.01157	0.25702	0.02377	0.03534	0.02002	0.02633	0.01706	0.10075	0.17511	0.00574	0.01150	0.00779	0.05003	0.01016
68	0.01757	0.18456	0.02186	0.01365	0.01778	0.01828	0.01140	0.08194	0.12367	0.02823	0.15189	0.03691	0.09273	0.02210	0.13703	0.00453	0.00966	0.00982	0.00653	0.00986
69	0.01260	0.00925	0.01335	0.01316	0.01462	0.01087	0.01027	0.01561	0.01378	0.02063	0.02221	0.03170	0.02032	0.05392	0.56642	0.01157	0.05490	0.00869	0.08861	0.00754
70	0.01208	0.00805	0.00906	0.00906	0.00906	0.00805	0.00503	0.01208	0.01208	0.01611	0.02618	0.05436	0.03020	0.70804	0.04228	0.00805	0.00805	0.01208	0.00503	0.00503
71	0.02063	0.01993	0.02955	0.04184	0.48852	0.05321	0.02207	0.02837	0.12261	0.02784	0.02165	0.02473	0.04438	0.00873	0.00830	0.00252	0.00933	0.00809	0.00501	0.01269
72	0.01977	0.04012	0.47969	0.02434	0.06066	0.15007	0.02697	0.02735	0.01857	0.02486	0.01434	0.01719	0.01069	0.00831	0.00873	0.00257	0.04434	0.00609	0.00369	0.01164
73	0.00992	0.00842	0.00856	0.00853	0.01129	0.00706	0.00639	0.01212	0.01918	0.02303	0.11478	0.07898	0.62187	0.02082	0.00982	0.00279	0.00419	0.01740	0.00779	0.00706
74	0.13699	0.01223	0.01213	0.01066	0.01416	0.01303	0.00844	0.13657	0.02125	0.05925	0.02352	0.02604	0.01798	0.00945	0.00627	0.00216	0.00539	0.00721	0.46787	0.00939
75	0.02905	0.09759	0.02487	0.02012	0.02482	0.51012	0.01554	0.06151	0.09528	0.02343	0.01549	0.01692	0.01256	0.00881	0.00744	0.00220	0.01318	0.00584	0.00489	0.01034
76	0.05361	0.01460	0.01228	0.01207	0.01454	0.13691	0.00882	0.01728	0.01946	0.02417	0.15589	0.18357	0.24654	0.05015	0.01079	0.00299	0.00666	0.01502	0.00704	0.00762
77	0.01430	0.01173	0.01300	0.01211	0.01527	0.01207	0.00924	0.02451	0.23772	0.03063	0.26974	0.05646	0.22831	0.01618	0.00933	0.00274	0.00493	0.01379	0.00848	0.00945
78	0.04954	0.01148	0.01259	0.01178	0.01476	0.01216	0.00903	0.02482	0.20447	0.03161	0.22387	0.04498	0.10746	0.01605	0.04058	0.00308	0.00573	0.01141	0.15528	0.00934
79	0.01886	0.22657	0.43470	0.02088	0.03078	0.05038	0.02491	0.02588	0.01736	0.02388	0.01369	0.01630	0.01059	0.00804	0.00815	0.00243	0.04580	0.00569	0.00356	0.01156
80	0.02538	0.02960	0.02644	0.02856	0.17517	0.35901	0.01883	0.02810	0.01978	0.02187	0.01303	0.01710	0.01134	0.00975	0.01252	0.00259	0.18021	0.00631	0.00408	0.01034
81	0.01038	0.00795	0.00956	0.01045	0.01205	0.00713	0.00750	0.01250	0.01814	0.02334	0.13436	0.35977	0.28097	0.02289	0.01026	0.00309	0.00463	0.05014	0.00789	0.00703
82	0.01208	0.00805	0.00906	0.00906	0.00906	0.00805	0.00503	0.01208	0.01208	0.01611	0.02618	0.05436	0.03020	0.70804	0.04228	0.00805	0.00805	0.01208	0.00503	0.00503
83	0.01955	0.02280	0.17646	0.01713	0.02325	0.01813	0.01611	0.12461	0.23459	0.03141	0.02438	0.02966	0.02011	0.14471	0.01470	0.00364	0.00864	0.00855	0.00635	0.05522
84	0.01005	0.00752	0.00934	0.01079	0.01185	0.00681	0.00737	0.01165	0.01665	0.02151	0.05521	0.54973	0.20176	0.02480	0.01041	0.00323	0.00467	0.02212	0.00771	0.00681
85	0.01110	0.00868	0.01029	0.01117	0.01340	0.00787	0.00894	0.01373	0.01866	0.02315	0.06583	0.15468	0.37457	0.02227	0.01048	0.00322	0.00548	0.22157	0.00769	0.00721
86	0.01150	0.00781	0.00923	0.00981	0.00995	0.00767	0.00583	0.01193	0.01322	0.01762	0.03200	0.24702	0.03756	0.50536	0.03287	0.00666	0.00709	0.01551	0.00583	0.00554
87	0.02363	0.43361	0.03567	0.01723	0.02245	0.18473	0.01533	0.02602	0.01776	0.01981	0.01175	0.01455	0.01071	0.00872	0.00959	0.00218	0.12723	0.00514	0.00374	0.01015
88	0.01907	0.01801	0.03006	0.20445	0.45475	0.01905	0.02386	0.02493	0.04585	0.02593	0.01739	0.02443	0.01461	0.00844	0.00839	0.00261	0.00993	0.03193	0.00435	0.01197
89	0.02291	0.01490	0.01567	0.01299	0.01710	0.01605	0.01041	0.30034	0.02740	0.04084	0.02380	0.02589	0.01799	0.00981	0.00696	0.00219	0.00630	0.00762	0.41013	0.01069
90	0.72738	0.01596	0.01259	0.01113	0.01634	0.01829	0.00917	0.02529	0.01466	0.07097	0.01271	0.01429	0.00962	0.00785	0.00531	0.00257	0.00646	0.00471	0.00542	0.00927
91	0.02066	0.01785	0.01878	0.01691	0.02160	0.02066	0.01315	0.04414	0.64121	0.03475	0.03381	0.03099	0.02536	0.01127	0.00845	0.00282	0.00657	0.00939	0.00845	0.01315
92	0.01818	0.01818	0.02545	0.02181	0.02181	0.02545	0.01818	0.01999	0.01272	0.01999	0.01091	0.01818	0.01091	0.01454	0.02726	0.00364	0.69284	0.00727	0.00364	0.00909
93	0.01138	0.00848	0.01058	0.01006	0.01218	0.00768	0.00754	0.01495	0.02263	0.03121	0.54203	0.06552	0.18950	0.01777	0.00980	0.00265	0.00398	0.01551	0.00887	0.00768
94	0.01012	0.00723	0.00964	0.01157	0.01205	0.00675	0.00771	0.01157	0.01591	0.02121	0.04579	0.70262	0.05495	0.02603	0.01060	0.00337	0.00482	0.02362	0.00771	0.00675
95	0.01569	0.01477	0.02492	0.68808	0.05722	0.01846	0.02307	0.02123	0.01661	0.02123	0.01477	0.02215	0.01107	0.00831	0.00831	0.00277	0.01107	0.00738	0.00369	0.00923
96	0.03158	0.02327	0.02493	0.01911	0.02576	0.02576	0.01579	0.62852	0.03906	0.05236	0.01995	0.01995	0.01413	0.00997	0.00831	0.00249	0.00914	0.00748	0.00831	0.01413
97	0.01208	0.00805	0.00906	0.00906	0.00906	0.00805	0.00503	0.01208	0.01208	0.01611	0.02618	0.05436	0.03020	0.70804	0.04228	0.00805	0.00805	0.01208	0.00503	0.00503
98	0.01042	0.00741	0.00983	0.01165	0.01219	0.00699	0.00789	0.01193	0.01588	0.02114	0.04459	0.63083	0.05315	0.06384	0.01242	0.00366	0.00517	0.05677	0.00756	0.00671
99	0.01187	0.00890	0.01335	0.01335	0.01483	0.01038	0.01038	0.01483	0.01335	0.01928	0.02225	0.03264	0.02077	0.06231	0.67512	0.01335	0.02225	0.00890	0.00445	0.00742
100	0.07364	0.02235	0.02390	0.01841	0.02496	0.02461	0.01521	0.56157	0.03680	0.08535	0.02018	0.02004	0.01419	0.00986	0.00813	0.00250	0.00887	0.00736	0.00824	0.01384
101	0.01012	0.00723	0.00964	0.01157	0.01205	0.00675	0.00771	0.01157	0.01591	0.02121	0.04579	0.70262	0.05495	0.02603	0.01060	0.00337	0.00482	0.02362	0.00771	0.00675
102	0.68861	0.01549	0.01228	0.01092	0.01593	0.01770	0.00896	0.02487	0.01478	0.06610	0.01347	0.01521	0.01026	0.00795	0.00533	0.00253	0.00631	0.00487	0.04927	0.00916
103	0.76672	0.01607	0.01221	0.01092	0.01607	0.01864	0.00900	0.02442	0.01414	0.03727	0.01157	0.01350	0.00900	0.00771	0.00514	0.00257	0.00643	0.00450	0.00514	0.00900
104	0.01187	0.00890	0.01335	0.01335	0.01483	0.01038	0.01038	0.01483	0.01335	0.01928	0.02225	0.03264	0.02077	0.06231	0.67512	0.01335	0.02225	0.00890	0.00445	0.00742
105	0.01012	0.00723	0.00964	0.01157	0.01205	0.00675	0.00771	0.01157	0.01591	0.02121	0.04579	0.70262	0.05495	0.02603	0.01060	0.00337	0.00482	0.02362	0.00771	0.00675
106	0.02636	0.03121	0.02111	0.01931	0.02302	0.47798	0.01465	0.05949	0.02184	0.02173	0.01552	0.01957	0.01335	0.02183	0.17147	0.00491	0.01646	0.00633	0.00453	0.00932
107	0.00993	0.00842	0.00857	0.00853	0.01129	0.00706	0.00640	0.01213	0.01919	0.02305	0.11578	0.07895	0.62085	0.02081	0.00982	0.00279	0.00419	0.01739	0.00779	0.00706
108	0.03106	0.03864	0.02362	0.02127	0.02569	0.63667	0.01604	0.06806	0.02445	0.02221	0.01326	0.01527	0.01090	0.00864	0.00754	0.00216	0.01464	0.00548	0.00452	0.00989
109	0.01004	0.00842	0.00872	0.00864	0.01135	0.00711	0.00648	0.01234	0.01945	0.02366	0.14791	0.07794	0.58833	0.02058	0.00982	0.00278	0.00418	0.01725	0.00788	0.00711
110	0.03156	0.02399	0.02487	0.01922	0.02576	0.05443	0.01580	0.60222	0.03837	0.05094	0.01963	0.01973	0.01398	0.00991	0.00827	0.00248	0.00940	0.00739	0.00813	0.01393
111	0.02823	0.14127	0.02685	0.02034	0.02457	0.50259	0.01601	0.03041	0.02130	0.02017	0.01242	0.01508	0.01072	0.00901	0.00938	0.00225	0.09017	0.00543	0.00410	0.00973
112	0.00982	0.00842	0.00842	0.00842	0.01122	0.00701	0.00631	0.01192	0.01894	0.02244	0.08416	0.07995	0.65285	0.02104	0.00982	0.00281	0.00421	0.01753	0.00771	0.00701
113	0.02665	0.02082	0.02216	0.01812	0.02389	0.02346	0.01460	0.36487	0.31073	0.04441	0.02620	0.02493	0.01919	0.01056	0.00837	0.00264	0.00798	0.00834	0.00837	0.01369
