[name]
unknown

[dist]
# distance from previous block
# <min> <max>
0	25

[block]
# block no. 0 follows, 23 sequences, length 34
# corresponding to MSA columns:
# 25-58
name=unknown_A
#
# <colnr> <probs for GDERKNQSTAVLIFYWHMCP>
#	G	D	E	R	K	N	Q	S	T	A	V	L	I	F	Y	W	H	M	C	P
0	0.01137	0.00834	0.01091	0.01197	0.01360	0.00788	0.00941	0.01426	0.01873	0.02477	0.18295	0.24987	0.14285	0.02170	0.01039	0.00322	0.00545	0.23733	0.00781	0.00718
1	0.03035	0.03757	0.02309	0.02075	0.02509	0.63673	0.01566	0.07431	0.02404	0.02203	0.01302	0.01497	0.01068	0.00846	0.00737	0.00211	0.01424	0.00537	0.00445	0.00971
2	0.01545	0.08751	0.44383	0.01966	0.02840	0.01756	0.02333	0.02256	0.01597	0.02331	0.01624	0.02078	0.01299	0.02201	0.18987	0.00533	0.01436	0.00659	0.00368	0.01058
3	0.26696	0.06852	0.15426	0.01601	0.02272	0.07052	0.01545	0.17578	0.02177	0.03432	0.01980	0.02088	0.06303	0.00919	0.00690	0.00244	0.00873	0.00653	0.00550	0.01069
4	0.14173	0.00892	0.00829	0.00808	0.01050	0.00934	0.00619	0.01973	0.01648	0.03128	0.02393	0.02740	0.01879	0.00913	0.00556	0.00199	0.00420	0.00703	0.63364	0.00777
5	0.02638	0.02584	0.02145	0.01848	0.02332	0.24879	0.01444	0.21458	0.21805	0.03340	0.02135	0.02177	0.01634	0.01240	0.04413	0.00298	0.01081	0.00723	0.00660	0.01165
6	0.01220	0.00994	0.01099	0.01044	0.01323	0.00959	0.00791	0.01871	0.13638	0.02780	0.27263	0.06324	0.34185	0.01742	0.00934	0.00268	0.00444	0.01481	0.00815	0.00823
7	0.00989	0.00706	0.00942	0.01130	0.01177	0.00659	0.00753	0.01130	0.01554	0.02071	0.04472	0.70954	0.05367	0.02542	0.01036	0.00330	0.00471	0.02307	0.00753	0.00659
8	0.03493	0.01617	0.02029	0.01556	0.02189	0.01543	0.01285	0.19790	0.02718	0.50589	0.02869	0.02546	0.01842	0.00996	0.00815	0.00249	0.00744	0.00793	0.00953	0.01381
9	0.01408	0.00878	0.01158	0.01079	0.01304	0.00802	0.00812	0.01758	0.02223	0.10185	0.52711	0.12376	0.06796	0.01677	0.00950	0.00262	0.00426	0.01482	0.00891	0.00823
10	0.77215	0.01569	0.01193	0.01067	0.01569	0.01820	0.00879	0.02385	0.01381	0.03641	0.01130	0.01318	0.00879	0.00753	0.00502	0.00251	0.00628	0.00439	0.00502	0.00879
11	0.03085	0.02273	0.02435	0.01867	0.02516	0.02516	0.01542	0.63716	0.03815	0.05114	0.01948	0.01948	0.01380	0.00974	0.00812	0.00244	0.00893	0.00731	0.00812	0.01380
12	0.01420	0.01110	0.01609	0.12773	0.02251	0.01301	0.01276	0.07963	0.01616	0.02248	0.02028	0.02889	0.01803	0.04677	0.50042	0.01022	0.01859	0.00830	0.00461	0.00822
13	0.01627	0.04197	0.67279	0.02313	0.03512	0.01884	0.02998	0.02570	0.01713	0.02570	0.01456	0.01713	0.01028	0.00771	0.00771	0.00257	0.01199	0.00600	0.00343	0.01199
14	0.77215	0.01569	0.01193	0.01067	0.01569	0.01820	0.00879	0.02385	0.01381	0.03641	0.01130	0.01318	0.00879	0.00753	0.00502	0.00251	0.00628	0.00439	0.00502	0.00879
15	0.03070	0.02711	0.02398	0.01928	0.02514	0.20588	0.01549	0.47084	0.03398	0.04254	0.01757	0.01815	0.01288	0.00936	0.00790	0.00234	0.01050	0.00673	0.00703	0.01259
16	0.00959	0.00822	0.00822	0.00822	0.01096	0.00685	0.00617	0.01165	0.01850	0.02192	0.08220	0.07809	0.66092	0.02055	0.00959	0.00274	0.00411	0.01713	0.00754	0.00685
17	0.01062	0.00826	0.00965	0.00930	0.01159	0.00729	0.00698	0.01364	0.02093	0.02769	0.39602	0.06860	0.34350	0.01840	0.00958	0.00264	0.00396	0.01579	0.00829	0.00729
18	0.00989	0.00706	0.00942	0.01130	0.01177	0.00659	0.00753	0.01130	0.01554	0.02071	0.04472	0.70954	0.05367	0.02542	0.01036	0.00330	0.00471	0.02307	0.00753	0.00659
19	0.01180	0.00787	0.00885	0.00885	0.00885	0.00787	0.00492	0.01180	0.01180	0.01573	0.02557	0.05310	0.02950	0.71483	0.04130	0.00787	0.00787	0.01180	0.00492	0.00492
20	0.01776	0.01691	0.02875	0.36431	0.36783	0.01867	0.02375	0.02287	0.01738	0.02369	0.01485	0.02084	0.01186	0.00766	0.00807	0.00255	0.01021	0.00722	0.00382	0.01098
21	0.01510	0.00919	0.01142	0.01034	0.01322	0.00814	0.00794	0.01830	0.02171	0.13604	0.38699	0.06017	0.23697	0.01665	0.00934	0.00260	0.00442	0.01430	0.00871	0.00845
22	0.12667	0.33223	0.20454	0.01599	0.02312	0.02386	0.01711	0.02335	0.01619	0.02393	0.04780	0.01745	0.01392	0.00895	0.00824	0.03088	0.04605	0.00561	0.00399	0.01011
23	0.06465	0.03658	0.52185	0.02585	0.09915	0.01896	0.07002	0.02552	0.01720	0.02648	0.01456	0.01752	0.01059	0.00759	0.00770	0.00256	0.01151	0.00627	0.00363	0.01181
24	0.03031	0.03867	0.02299	0.02090	0.02508	0.68226	0.01568	0.03240	0.02299	0.01986	0.01254	0.01463	0.01045	0.00836	0.00732	0.00209	0.01463	0.00523	0.00418	0.00941
25	0.02134	0.02890	0.35134	0.02627	0.16717	0.01678	0.02362	0.02805	0.01911	0.17034	0.05399	0.02250	0.01666	0.00861	0.00798	0.00252	0.00990	0.00722	0.00534	0.01235
26	0.02273	0.02225	0.02244	0.02526	0.19411	0.20090	0.01583	0.13530	0.02418	0.03063	0.15580	0.02782	0.02662	0.01015	0.00805	0.00233	0.00931	0.00832	0.04730	0.01065
27	0.07009	0.02065	0.15873	0.01636	0.02115	0.04274	0.01529	0.13993	0.01926	0.02769	0.01973	0.06280	0.01799	0.10284	0.18582	0.00590	0.04992	0.00845	0.00512	0.00954
28	0.02158	0.01415	0.01946	0.07428	0.12229	0.01460	0.01415	0.09438	0.06418	0.17870	0.03083	0.03261	0.09994	0.02185	0.15472	0.00483	0.01070	0.00918	0.00668	0.01089
29	0.02278	0.02636	0.02026	0.14007	0.02752	0.37891	0.01484	0.02593	0.02143	0.02313	0.15349	0.02600	0.02495	0.00997	0.00788	0.00225	0.01112	0.00761	0.00514	0.05034
30	0.23672	0.15887	0.02294	0.01561	0.02068	0.22530	0.01281	0.11023	0.02083	0.02915	0.03915	0.01710	0.01347	0.01046	0.03331	0.00264	0.01019	0.00562	0.00502	0.00987
31	0.20062	0.11618	0.02036	0.01538	0.01977	0.26344	0.01215	0.02704	0.05306	0.05953	0.02060	0.09912	0.04069	0.01066	0.00703	0.00237	0.00946	0.00781	0.00534	0.00939
32	0.19803	0.06331	0.17885	0.02287	0.14192	0.09369	0.01842	0.08843	0.01950	0.02975	0.01872	0.02071	0.05588	0.00871	0.00713	0.00243	0.00946	0.00658	0.00477	0.01085
33	0.12445	0.01790	0.01804	0.11290	0.02424	0.09137	0.01297	0.16836	0.06665	0.06675	0.07744	0.03134	0.09268	0.04882	0.00968	0.00281	0.00818	0.00878	0.00654	0.01010

[dist]
# distance from previous block
# <min> <max>
40	184

[block]
# block no. 1 follows, 23 sequences, length 20
# corresponding to MSA columns:
# 264-283
name=unknown_B
#
# <colnr> <probs for GDERKNQSTAVLIFYWHMCP>
#	G	D	E	R	K	N	Q	S	T	A	V	L	I	F	Y	W	H	M	C	P
0	0.02009	0.08955	0.29147	0.02025	0.05650	0.13776	0.02029	0.02574	0.01817	0.04857	0.01495	0.01754	0.01164	0.01013	0.04043	0.00266	0.01124	0.00577	0.00415	0.15310
1	0.06609	0.05535	0.06995	0.15552	0.05732	0.13596	0.01593	0.10196	0.02121	0.02783	0.13664	0.02633	0.02371	0.01115	0.00946	0.05345	0.00933	0.00787	0.00538	0.00954
2	0.01946	0.03387	0.38027	0.02808	0.17619	0.10230	0.02520	0.06034	0.01942	0.02643	0.01757	0.02017	0.03822	0.00833	0.00784	0.00247	0.01128	0.00672	0.00409	0.01175
3	0.17742	0.02146	0.05285	0.17296	0.05703	0.12957	0.01617	0.10762	0.04314	0.09004	0.01649	0.01881	0.01222	0.00838	0.00724	0.00242	0.00954	0.00630	0.00542	0.04492
4	0.01514	0.01116	0.01331	0.01190	0.01542	0.01001	0.00924	0.05820	0.01858	0.04923	0.07669	0.09850	0.11811	0.12706	0.01390	0.00333	0.00631	0.12368	0.00659	0.21364
5	0.07435	0.03221	0.22656	0.02176	0.06912	0.22097	0.01981	0.15154	0.02304	0.03008	0.01532	0.01738	0.01160	0.00836	0.00742	0.00235	0.01125	0.00607	0.03958	0.01121
6	0.03038	0.03661	0.02317	0.02061	0.02510	0.59707	0.01564	0.11081	0.02496	0.02391	0.01344	0.01526	0.01089	0.00854	0.00742	0.00214	0.01389	0.00550	0.00469	0.00998
7	0.01532	0.01442	0.02434	0.69533	0.05589	0.01803	0.02253	0.02073	0.01622	0.02073	0.01442	0.02163	0.01082	0.00811	0.00811	0.00270	0.01082	0.00721	0.00361	0.00901
8	0.00992	0.00823	0.00868	0.00857	0.01116	0.00699	0.00643	0.01229	0.01928	0.02378	0.18338	0.07503	0.55859	0.01986	0.00959	0.00271	0.00406	0.01670	0.00778	0.00699
9	0.02821	0.03469	0.02504	0.02684	0.15631	0.54614	0.01757	0.03086	0.02207	0.02122	0.01310	0.01575	0.01094	0.00813	0.00746	0.00216	0.01361	0.00564	0.00415	0.01011
10	0.01037	0.00726	0.00927	0.01069	0.01104	0.00691	0.00688	0.01142	0.01460	0.01947	0.03992	0.54511	0.04761	0.19811	0.01811	0.00444	0.00550	0.02025	0.00688	0.00617
11	0.01037	0.00753	0.00982	0.01107	0.01209	0.00699	0.00780	0.01244	0.01739	0.02329	0.16491	0.49555	0.10662	0.02315	0.01020	0.00314	0.00467	0.05829	0.00780	0.00687
12	0.01683	0.01442	0.01683	0.01202	0.01923	0.01082	0.00961	0.02043	0.01683	0.02644	0.01442	0.01683	0.01202	0.00601	0.00601	0.00120	0.00601	0.00481	0.00481	0.76444
13	0.01159	0.00869	0.01304	0.01304	0.01449	0.01014	0.01014	0.01449	0.01304	0.01884	0.02173	0.03188	0.02029	0.06086	0.68268	0.01304	0.02173	0.00869	0.00435	0.00724
14	0.02577	0.02435	0.01862	0.01612	0.02027	0.27978	0.01251	0.20656	0.02561	0.03230	0.01890	0.02089	0.01464	0.00911	0.00704	0.00213	0.00959	0.00656	0.23911	0.01013
15	0.00970	0.00822	0.00837	0.00834	0.01103	0.00690	0.00625	0.01186	0.01876	0.02254	0.11620	0.07706	0.62653	0.02032	0.00959	0.00273	0.00409	0.01698	0.00762	0.00690
16	0.00989	0.00706	0.00942	0.01130	0.01177	0.00659	0.00753	0.01130	0.01554	0.02071	0.04472	0.70954	0.05367	0.02542	0.01036	0.00330	0.00471	0.02307	0.00753	0.00659
17	0.00997	0.00718	0.00930	0.01095	0.01155	0.00668	0.00729	0.01135	0.01552	0.02051	0.04615	0.63012	0.09299	0.06407	0.01205	0.00352	0.00485	0.02203	0.00738	0.00651
18	0.03034	0.03770	0.02308	0.02077	0.02509	0.64208	0.01566	0.06938	0.02392	0.02177	0.01297	0.01493	0.01066	0.00845	0.00737	0.00211	0.01428	0.00535	0.00442	0.00968
19	0.03031	0.03867	0.02299	0.02090	0.02508	0.68226	0.01568	0.03240	0.02299	0.01986	0.01254	0.01463	0.01045	0.00836	0.00732	0.00209	0.01463	0.00523	0.00418	0.00941

[dist]
# distance from previous block
# <min> <max>
0	1

[block]
# block no. 2 follows, 23 sequences, length 110
# corresponding to MSA columns:
# 285-394
name=unknown_C
#
# <colnr> <probs for GDERKNQSTAVLIFYWHMCP>
#	G	D	E	R	K	N	Q	S	T	A	V	L	I	F	Y	W	H	M	C	P
0	0.03003	0.03548	0.02303	0.02041	0.02495	0.55834	0.01554	0.12493	0.04784	0.02513	0.01434	0.01593	0.01148	0.00867	0.00747	0.00217	0.01347	0.00568	0.00493	0.01020
1	0.03039	0.03623	0.02320	0.02056	0.02510	0.58175	0.01564	0.12491	0.02531	0.02464	0.01360	0.01537	0.01096	0.00857	0.00744	0.00214	0.01376	0.00554	0.00478	0.01008
2	0.20264	0.01701	0.01679	0.01510	0.01979	0.01970	0.01186	0.03844	0.49530	0.03454	0.02775	0.02613	0.02089	0.01017	0.00747	0.00269	0.00639	0.00801	0.00747	0.01186
3	0.01513	0.00756	0.00756	0.00756	0.00945	0.00756	0.00567	0.01891	0.01702	0.03025	0.02647	0.03025	0.02080	0.00945	0.00567	0.00189	0.00378	0.00756	0.75988	0.00756
4	0.10896	0.03250	0.02214	0.01930	0.02411	0.45785	0.01489	0.17334	0.02558	0.02895	0.01404	0.01562	0.01106	0.00860	0.00726	0.00222	0.01241	0.00563	0.00519	0.01037
5	0.03031	0.03867	0.02299	0.02090	0.02508	0.68226	0.01568	0.03240	0.02299	0.01986	0.01254	0.01463	0.01045	0.00836	0.00732	0.00209	0.01463	0.00523	0.00418	0.00941
6	0.02935	0.02198	0.02351	0.01837	0.02459	0.02446	0.01506	0.55359	0.12417	0.04872	0.02139	0.02100	0.01534	0.00992	0.00814	0.00248	0.00858	0.00757	0.00814	0.01366
7	0.01005	0.00824	0.00886	0.00870	0.01124	0.00705	0.00653	0.01253	0.01958	0.02450	0.22238	0.07385	0.51914	0.01959	0.00959	0.00269	0.00404	0.01653	0.00787	0.00705
8	0.01338	0.01034	0.01247	0.01189	0.01425	0.01055	0.00890	0.02151	0.17398	0.03126	0.42331	0.14239	0.06085	0.01645	0.00936	0.00270	0.00458	0.01449	0.00858	0.00877
9	0.01915	0.02189	0.04788	0.03420	0.04241	0.02052	0.63475	0.02599	0.01915	0.02599	0.01642	0.02189	0.01231	0.00684	0.00958	0.00274	0.01368	0.00958	0.00410	0.01094
10	0.01022	0.00730	0.00980	0.01168	0.01230	0.00688	0.00812	0.01188	0.01587	0.02109	0.04454	0.64412	0.05293	0.02510	0.01045	0.00334	0.00500	0.08516	0.00753	0.00668
11	0.01721	0.01116	0.00971	0.00929	0.01158	0.07341	0.00702	0.04442	0.01842	0.03007	0.02485	0.02832	0.01952	0.00936	0.00593	0.00193	0.00503	0.00733	0.65746	0.00799
12	0.01175	0.00806	0.00983	0.00983	0.01017	0.00840	0.00614	0.01243	0.01209	0.01646	0.02467	0.04812	0.02734	0.56141	0.19177	0.00908	0.01112	0.01107	0.00478	0.00546
13	0.77215	0.01569	0.01193	0.01067	0.01569	0.01820	0.00879	0.02385	0.01381	0.03641	0.01130	0.01318	0.00879	0.00753	0.00502	0.00251	0.00628	0.00439	0.00502	0.00879
14	0.00989	0.00706	0.00942	0.01130	0.01177	0.00659	0.00753	0.01130	0.01554	0.02071	0.04472	0.70954	0.05367	0.02542	0.01036	0.00330	0.00471	0.02307	0.00753	0.00659
15	0.02862	0.02104	0.02266	0.01795	0.02399	0.02333	0.01464	0.46766	0.18083	0.07830	0.02329	0.02242	0.01669	0.01005	0.00815	0.00251	0.00824	0.00779	0.00825	0.01358
16	0.01494	0.00762	0.00785	0.00785	0.00972	0.00770	0.00591	0.01868	0.01681	0.02966	0.02622	0.03034	0.02077	0.01214	0.04105	0.00247	0.00472	0.00762	0.72040	0.00755
17	0.02699	0.01901	0.02024	0.01595	0.02131	0.02085	0.01303	0.48570	0.03297	0.04602	0.02119	0.02212	0.01551	0.00967	0.00752	0.00230	0.00767	0.00737	0.19229	0.01227
18	0.02709	0.02001	0.02150	0.01743	0.02242	0.07141	0.01416	0.37175	0.02916	0.11134	0.02034	0.02230	0.01532	0.01962	0.13720	0.00449	0.04794	0.00750	0.00708	0.01196
19	0.01049	0.00768	0.00978	0.01129	0.01205	0.00735	0.00760	0.01293	0.04722	0.02117	0.04487	0.61161	0.07919	0.06076	0.01184	0.00348	0.00493	0.02150	0.00743	0.00683
20	0.00959	0.00822	0.00822	0.00822	0.01096	0.00685	0.00617	0.01165	0.01850	0.02192	0.08220	0.07809	0.66092	0.02055	0.00959	0.00274	0.00411	0.01713	0.00754	0.00685
21	0.01656	0.03997	0.61064	0.02423	0.03584	0.01901	0.09013	0.02573	0.01733	0.02573	0.01475	0.01760	0.01048	0.00762	0.00789	0.00259	0.01216	0.00635	0.00349	0.01189
22	0.01513	0.00756	0.00756	0.00756	0.00945	0.00756	0.00567	0.01891	0.01702	0.03025	0.02647	0.03025	0.02080	0.00945	0.00567	0.00189	0.00378	0.00756	0.75988	0.00756
23	0.01061	0.00826	0.00963	0.00929	0.01158	0.00728	0.00696	0.01361	0.02089	0.02761	0.39180	0.06872	0.34778	0.01843	0.00958	0.00264	0.00396	0.01581	0.00828	0.00728
24	0.03085	0.02273	0.02435	0.01867	0.02516	0.02516	0.01542	0.63716	0.03815	0.05114	0.01948	0.01948	0.01380	0.00974	0.00812	0.00244	0.00893	0.00731	0.00812	0.01380
25	0.02013	0.01898	0.03172	0.11003	0.57638	0.01943	0.02424	0.05297	0.01918	0.02710	0.01538	0.02020	0.01270	0.00743	0.00804	0.00244	0.00972	0.00723	0.00417	0.01253
26	0.01627	0.04197	0.67279	0.02313	0.03512	0.01884	0.02998	0.02570	0.01713	0.02570	0.01456	0.01713	0.01028	0.00771	0.00771	0.00257	0.01199	0.00600	0.00343	0.01199
27	0.00975	0.00823	0.00844	0.00839	0.01106	0.00692	0.00629	0.01196	0.01888	0.02283	0.13146	0.07660	0.61110	0.02021	0.00959	0.00272	0.00409	0.01692	0.00765	0.00692
28	0.00989	0.00706	0.00942	0.01130	0.01177	0.00659	0.00753	0.01130	0.01554	0.02071	0.04472	0.70954	0.05367	0.02542	0.01036	0.00330	0.00471	0.02307	0.00753	0.00659
29	0.00968	0.00822	0.00835	0.00831	0.01102	0.00689	0.00624	0.01182	0.01871	0.02243	0.10972	0.07726	0.63309	0.02036	0.00959	0.00273	0.00410	0.01701	0.00760	0.00689
30	0.03085	0.02273	0.02435	0.01867	0.02516	0.02516	0.01542	0.63716	0.03815	0.05114	0.01948	0.01948	0.01380	0.00974	0.00812	0.00244	0.00893	0.00731	0.00812	0.01380
31	0.00989	0.00706	0.00942	0.01130	0.01177	0.00659	0.00753	0.01130	0.01554	0.02071	0.04472	0.70954	0.05367	0.02542	0.01036	0.00330	0.00471	0.02307	0.00753	0.00659
32	0.01626	0.01555	0.02199	0.01930	0.01965	0.02128	0.01591	0.01831	0.01258	0.01936	0.01334	0.02118	0.01299	0.02552	0.18581	0.00585	0.53542	0.00749	0.00374	0.00848
33	0.01217	0.00814	0.01089	0.01161	0.01306	0.00762	0.00860	0.01484	0.01892	0.05623	0.25570	0.36276	0.05893	0.02121	0.01011	0.00307	0.00492	0.10569	0.00813	0.00743
34	0.02210	0.68763	0.04160	0.01421	0.02103	0.06273	0.01397	0.02468	0.01679	0.01913	0.01134	0.01309	0.01041	0.00701	0.00531	0.00175	0.00896	0.00438	0.00350	0.01037
35	0.03031	0.03867	0.02299	0.02090	0.02508	0.68226	0.01568	0.03240	0.02299	0.01986	0.01254	0.01463	0.01045	0.00836	0.00732	0.00209	0.01463	0.00523	0.00418	0.00941
36	0.01657	0.01221	0.01384	0.01361	0.01665	0.01320	0.01105	0.05025	0.23889	0.02999	0.03644	0.05243	0.05859	0.01483	0.00869	0.00287	0.00615	0.20992	0.18424	0.00958
37	0.00969	0.00783	0.00863	0.00927	0.01124	0.00676	0.00663	0.01153	0.01749	0.02151	0.06944	0.29303	0.45422	0.02221	0.00985	0.00293	0.00431	0.01915	0.00753	0.00676
38	0.01792	0.00984	0.01398	0.01291	0.01557	0.01035	0.01019	0.02095	0.01585	0.17777	0.02463	0.03070	0.02028	0.04412	0.46093	0.00953	0.01660	0.00847	0.07055	0.00886
39	0.01122	0.00769	0.00896	0.00941	0.00966	0.00751	0.00561	0.01167	0.01304	0.01725	0.03305	0.21363	0.06698	0.51280	0.03220	0.00650	0.00691	0.01480	0.00568	0.00542
40	0.01409	0.00705	0.01057	0.01057	0.01057	0.00705	0.00705	0.01057	0.01057	0.01409	0.01409	0.02467	0.01409	0.02819	0.03171	0.76392	0.00705	0.00705	0.00352	0.00352
41	0.03085	0.02273	0.02435	0.01867	0.02516	0.02516	0.01542	0.63716	0.03815	0.05114	0.01948	0.01948	0.01380	0.00974	0.00812	0.00244	0.00893	0.00731	0.00812	0.01380
42	0.00982	0.00733	0.00913	0.01058	0.01158	0.00665	0.00721	0.01138	0.01623	0.02100	0.05351	0.56140	0.19613	0.02428	0.01018	0.00317	0.00457	0.02167	0.00753	0.00665
43	0.02169	0.71972	0.04252	0.01388	0.02083	0.03211	0.01388	0.02430	0.01649	0.01909	0.01128	0.01302	0.01041	0.00694	0.00521	0.00174	0.00868	0.00434	0.00347	0.01041
44	0.01627	0.04197	0.67279	0.02313	0.03512	0.01884	0.02998	0.02570	0.01713	0.02570	0.01456	0.01713	0.01028	0.00771	0.00771	0.00257	0.01199	0.00600	0.00343	0.01199
45	0.77215	0.01569	0.01193	0.01067	0.01569	0.01820	0.00879	0.02385	0.01381	0.03641	0.01130	0.01318	0.00879	0.00753	0.00502	0.00251	0.00628	0.00439	0.00502	0.00879
46	0.01532	0.01442	0.02434	0.69533	0.05589	0.01803	0.02253	0.02073	0.01622	0.02073	0.01442	0.02163	0.01082	0.00811	0.00811	0.00270	0.01082	0.00721	0.00361	0.00901
47	0.01513	0.00756	0.00756	0.00756	0.00945	0.00756	0.00567	0.01891	0.01702	0.03025	0.02647	0.03025	0.02080	0.00945	0.00567	0.00189	0.00378	0.00756	0.75988	0.00756
48	0.01180	0.00787	0.00885	0.00885	0.00885	0.00787	0.00492	0.01180	0.01180	0.01573	0.02557	0.05310	0.02950	0.71483	0.04130	0.00787	0.00787	0.01180	0.00492	0.00492
49	0.01955	0.01923	0.03033	0.17146	0.47885	0.05278	0.02358	0.02418	0.01793	0.02467	0.01471	0.01998	0.01222	0.00784	0.00904	0.00251	0.04838	0.00712	0.00392	0.01172
50	0.01086	0.00827	0.00998	0.00955	0.01174	0.00739	0.00716	0.01410	0.02149	0.02902	0.46869	0.06640	0.27000	0.01790	0.00958	0.00261	0.00392	0.01549	0.00847	0.00739
51	0.01087	0.00769	0.00985	0.01041	0.01133	0.00724	0.00707	0.01292	0.01762	0.02422	0.27420	0.33525	0.05762	0.15680	0.01611	0.00391	0.00499	0.01768	0.00755	0.00667
52	0.02040	0.02007	0.03201	0.07830	0.60229	0.05412	0.02431	0.02510	0.01861	0.02589	0.01508	0.01987	0.01263	0.00733	0.00800	0.00241	0.00996	0.00712	0.00401	0.01249
53	0.20357	0.09279	0.02220	0.01776	0.02251	0.43432	0.01389	0.06151	0.02106	0.02532	0.01250	0.01440	0.01023	0.00811	0.00663	0.00218	0.01185	0.00506	0.00452	0.00958
54	0.01178	0.00795	0.00927	0.00927	0.00941	0.00809	0.00544	0.01207	0.01192	0.01604	0.02519	0.05099	0.02858	0.64979	0.10509	0.00838	0.00925	0.01149	0.00486	0.00515
55	0.02585	0.39347	0.03331	0.01706	0.02286	0.28999	0.01472	0.07635	0.02080	0.02195	0.01244	0.01417	0.01070	0.00773	0.00628	0.00193	0.01106	0.00493	0.00412	0.01028
56	0.01180	0.00787	0.00885	0.00885	0.00885	0.00787	0.00492	0.01180	0.01180	0.01573	0.02557	0.05310	0.02950	0.71483	0.04130	0.00787	0.00787	0.01180	0.00492	0.00492
57	0.01136	0.00796	0.00993	0.01022	0.01076	0.00818	0.00664	0.01237	0.01297	0.01753	0.03008	0.15061	0.05863	0.41911	0.19074	0.00819	0.01058	0.01302	0.00530	0.00583
58	0.00977	0.00818	0.00851	0.00853	0.01110	0.00691	0.00636	0.01196	0.01877	0.02282	0.13231	0.10438	0.58178	0.02041	0.00962	0.00275	0.00411	0.01717	0.00766	0.00691
59	0.01159	0.00869	0.01304	0.01304	0.01449	0.01014	0.01014	0.01449	0.01304	0.01884	0.02173	0.03188	0.02029	0.06086	0.68268	0.01304	0.02173	0.00869	0.00435	0.00724
60	0.03034	0.03779	0.02307	0.02078	0.02509	0.64583	0.01566	0.06592	0.02383	0.02159	0.01293	0.01490	0.01064	0.00844	0.00736	0.00211	0.01432	0.00534	0.00440	0.00965
61	0.01065	0.00767	0.01025	0.01204	0.01295	0.00727	0.00881	0.01265	0.01644	0.02164	0.04606	0.52984	0.08058	0.02446	0.01053	0.00338	0.00535	0.16510	0.00752	0.00682
62	0.01580	0.01491	0.02519	0.63113	0.11639	0.01815	0.02277	0.02115	0.01645	0.02131	0.01451	0.02148	0.01102	0.00802	0.00810	0.00267	0.01070	0.00721	0.00365	0.00940
63	0.01081	0.00876	0.00966	0.00934	0.01191	0.00786	0.00703	0.01461	0.05497	0.02613	0.27244	0.06960	0.43049	0.01870	0.00951	0.00268	0.00414	0.01587	0.00804	0.00745
64	0.00989	0.00706	0.00942	0.01130	0.01177	0.00659	0.00753	0.01130	0.01554	0.02071	0.04472	0.70954	0.05367	0.02542	0.01036	0.00330	0.00471	0.02307	0.00753	0.00659
65	0.01739	0.01623	0.02436	0.01740	0.02485	0.01317	0.16129	0.02178	0.01739	0.02633	0.01491	0.01805	0.01209	0.00621	0.00687	0.00157	0.00787	0.00596	0.00464	0.58161
66	0.02169	0.71972	0.04252	0.01388	0.02083	0.03211	0.01388	0.02430	0.01649	0.01909	0.01128	0.01302	0.01041	0.00694	0.00521	0.00174	0.00868	0.00434	0.00347	0.01041
67	0.01532	0.01442	0.02434	0.69533	0.05589	0.01803	0.02253	0.02073	0.01622	0.02073	0.01442	0.02163	0.01082	0.00811	0.00811	0.00270	0.01082	0.00721	0.00361	0.00901
68	0.01532	0.01442	0.02434	0.69533	0.05589	0.01803	0.02253	0.02073	0.01622	0.02073	0.01442	0.02163	0.01082	0.00811	0.00811	0.00270	0.01082	0.00721	0.00361	0.00901
69	0.01180	0.00787	0.00885	0.00885	0.00885	0.00787	0.00492	0.01180	0.01180	0.01573	0.02557	0.05310	0.02950	0.71483	0.04130	0.00787	0.00787	0.01180	0.00492	0.00492
70	0.00991	0.00774	0.00900	0.00971	0.01142	0.00683	0.00689	0.01189	0.01773	0.02254	0.12773	0.33953	0.34586	0.02216	0.00991	0.00295	0.00433	0.01934	0.00768	0.00683
71	0.00994	0.00716	0.00942	0.01112	0.01175	0.00665	0.00748	0.01148	0.01597	0.02126	0.07181	0.65485	0.08140	0.02484	0.01029	0.00324	0.00464	0.02246	0.00759	0.00665
72	0.01027	0.00781	0.00945	0.00996	0.01161	0.00699	0.00712	0.01261	0.01873	0.02465	0.24103	0.30820	0.25982	0.02118	0.00987	0.00289	0.00425	0.01861	0.00795	0.00699
73	0.02326	0.01541	0.01625	0.01331	0.01759	0.01667	0.01072	0.33894	0.02796	0.04106	0.02285	0.02468	0.01718	0.00960	0.00694	0.00217	0.00645	0.00743	0.37073	0.01079
74	0.77215	0.01569	0.01193	0.01067	0.01569	0.01820	0.00879	0.02385	0.01381	0.03641	0.01130	0.01318	0.00879	0.00753	0.00502	0.00251	0.00628	0.00439	0.00502	0.00879
75	0.01615	0.27924	0.17811	0.01531	0.02122	0.01978	0.01572	0.02027	0.01580	0.02088	0.02147	0.09535	0.04800	0.02280	0.17092	0.00489	0.01199	0.00837	0.00429	0.00944
76	0.01936	0.01833	0.03006	0.14599	0.50217	0.01918	0.02326	0.02619	0.08493	0.02640	0.01701	0.02140	0.01380	0.00777	0.00807	0.00249	0.00948	0.00743	0.00440	0.01226
77	0.02047	0.18923	0.03526	0.04109	0.50811	0.02239	0.02223	0.02476	0.01799	0.02471	0.01430	0.01837	0.01226	0.00716	0.00735	0.00225	0.00941	0.00653	0.00388	0.01226
78	0.01099	0.00805	0.01031	0.01021	0.01194	0.00737	0.00748	0.01417	0.02110	0.02920	0.48370	0.18594	0.13200	0.01868	0.00972	0.00271	0.00402	0.01652	0.00852	0.00737
79	0.00997	0.00712	0.00949	0.01124	0.01179	0.00664	0.00754	0.01150	0.01591	0.02131	0.07553	0.67705	0.05481	0.02498	0.01032	0.00326	0.00466	0.02265	0.00760	0.00664
80	0.01079	0.00783	0.01017	0.01050	0.01193	0.00722	0.00753	0.01362	0.01997	0.02758	0.40040	0.30156	0.10049	0.02007	0.00986	0.00284	0.00417	0.01791	0.00834	0.00722
81	0.01125	0.00851	0.01062	0.01146	0.01346	0.00789	0.00919	0.01414	0.01890	0.02434	0.15370	0.15882	0.26062	0.02124	0.01030	0.00316	0.00541	0.24208	0.00773	0.00718
82	0.02169	0.71972	0.04252	0.01388	0.02083	0.03211	0.01388	0.02430	0.01649	0.01909	0.01128	0.01302	0.01041	0.00694	0.00521	0.00174	0.00868	0.00434	0.00347	0.01041
83	0.00982	0.00733	0.00913	0.01058	0.01158	0.00665	0.00721	0.01138	0.01623	0.02100	0.05351	0.56140	0.19613	0.02428	0.01018	0.00317	0.00457	0.02167	0.00753	0.00665
84	0.01409	0.00705	0.01057	0.01057	0.01057	0.00705	0.00705	0.01057	0.01057	0.01409	0.01409	0.02467	0.01409	0.02819	0.03171	0.76392	0.00705	0.00705	0.00352	0.00352
85	0.26900	0.01440	0.01665	0.01325	0.01913	0.01391	0.01093	0.03458	0.02025	0.46958	0.02546	0.02305	0.01651	0.00925	0.00717	0.00251	0.00671	0.00697	0.00846	0.01222
86	0.03031	0.03867	0.02299	0.02090	0.02508	0.68226	0.01568	0.03240	0.02299	0.01986	0.01254	0.01463	0.01045	0.00836	0.00732	0.00209	0.01463	0.00523	0.00418	0.00941
87	0.02085	0.01865	0.02712	0.03509	0.38785	0.01889	0.01955	0.09675	0.13004	0.03058	0.01870	0.02132	0.01491	0.00800	0.00779	0.00230	0.00848	0.00723	0.00533	0.12057
88	0.06277	0.41303	0.03356	0.01606	0.02226	0.16067	0.01429	0.14428	0.02184	0.02630	0.01312	0.01460	0.01099	0.00780	0.00618	0.00198	0.00980	0.00509	0.00459	0.01078
89	0.01914	0.01831	0.03123	0.17799	0.54341	0.01903	0.02443	0.02407	0.01803	0.02536	0.01510	0.02039	0.01245	0.00741	0.00805	0.00247	0.00987	0.00723	0.00393	0.01209
90	0.01627	0.04197	0.67279	0.02313	0.03512	0.01884	0.02998	0.02570	0.01713	0.02570	0.01456	0.01713	0.01028	0.00771	0.00771	0.00257	0.01199	0.00600	0.00343	0.01199
91	0.00986	0.00823	0.00860	0.00850	0.01113	0.00697	0.00638	0.01217	0.01914	0.02344	0.16492	0.07559	0.57726	0.01998	0.00959	0.00271	0.00407	0.01677	0.00774	0.00697
92	0.01005	0.00824	0.00886	0.00870	0.01124	0.00705	0.00653	0.01253	0.01958	0.02450	0.22238	0.07385	0.51914	0.01959	0.00959	0.00269	0.00404	0.01653	0.00787	0.00705
93	0.03641	0.01381	0.01883	0.01444	0.02071	0.01193	0.01193	0.03954	0.02322	0.66984	0.03201	0.02762	0.02009	0.01004	0.00816	0.00251	0.00690	0.00816	0.01004	0.01381
94	0.01649	0.04941	0.10525	0.21677	0.03498	0.01822	0.13628	0.02084	0.01561	0.02173	0.01500	0.02140	0.01228	0.01352	0.04719	0.08384	0.11585	0.00745	0.03886	0.00905
95	0.00989	0.00706	0.00942	0.01130	0.01177	0.00659	0.00753	0.01130	0.01554	0.02071	0.04472	0.70954	0.05367	0.02542	0.01036	0.00330	0.00471	0.02307	0.00753	0.00659
96	0.02484	0.02301	0.02016	0.01717	0.02208	0.17544	0.01350	0.24336	0.20414	0.03501	0.03015	0.02931	0.10364	0.01124	0.00817	0.00248	0.00891	0.00867	0.00715	0.01156
97	0.00998	0.00798	0.00876	0.00927	0.01124	0.00698	0.00669	0.01181	0.01731	0.02127	0.06752	0.22143	0.44605	0.07524	0.01228	0.00331	0.00468	0.04421	0.00733	0.00667
98	0.19592	0.31717	0.15263	0.01555	0.02266	0.05346	0.01584	0.07168	0.01782	0.02687	0.01298	0.01509	0.01063	0.00945	0.03043	0.00255	0.00950	0.00509	0.00424	0.01044
99	0.02845	0.03362	0.02209	0.01954	0.02407	0.52619	0.01483	0.09904	0.02391	0.02396	0.01481	0.04420	0.01275	0.00904	0.00743	0.00211	0.01289	0.00617	0.00482	0.07010
100	0.01684	0.08992	0.02212	0.02294	0.17401	0.09078	0.01475	0.02008	0.01585	0.02084	0.01802	0.02507	0.01632	0.03619	0.37081	0.00802	0.01661	0.00748	0.00416	0.00919
101	0.01557	0.02079	0.18165	0.02525	0.13729	0.01500	0.11592	0.02113	0.01773	0.02450	0.02820	0.04263	0.07647	0.01767	0.08049	0.00396	0.01114	0.14958	0.00503	0.00997
102	0.02329	0.03212	0.18815	0.02238	0.07690	0.29841	0.01924	0.05941	0.02038	0.02453	0.01485	0.01780	0.01182	0.00882	0.00911	0.00237	0.07470	0.00610	0.07929	0.01034
103	0.19727	0.02116	0.02018	0.08210	0.15093	0.17837	0.01503	0.02656	0.08973	0.02699	0.02373	0.02547	0.09115	0.00970	0.00737	0.00246	0.00913	0.00750	0.00516	0.00999
104	0.09354	0.12379	0.15741	0.11734	0.05771	0.02151	0.13813	0.11558	0.02015	0.02901	0.01487	0.01816	0.01132	0.00768	0.00751	0.00241	0.01032	0.00666	0.00452	0.04236
105	0.05146	0.09573	0.18164	0.02225	0.09306	0.30113	0.01878	0.02691	0.01971	0.02274	0.01988	0.02174	0.07341	0.00910	0.00743	0.00229	0.01158	0.00666	0.00427	0.01022
106	0.05888	0.08953	0.14552	0.01810	0.05006	0.07661	0.01621	0.08769	0.01983	0.05768	0.10851	0.02577	0.02227	0.01812	0.11540	0.00414	0.06244	0.00773	0.00536	0.01016
107	0.12777	0.09328	0.02403	0.05270	0.20039	0.11723	0.01605	0.05209	0.01783	0.02527	0.01555	0.02034	0.01336	0.02015	0.16547	0.00481	0.01265	0.00657	0.00438	0.01007
108	0.05181	0.12491	0.03052	0.05804	0.34833	0.17683	0.02005	0.05170	0.01980	0.02507	0.01404	0.01755	0.01175	0.00760	0.00735	0.00225	0.01056	0.00624	0.00417	0.01144
109	0.11095	0.05004	0.11472	0.05146	0.21670	0.04807	0.01926	0.17406	0.05245	0.03336	0.04151	0.02034	0.01504	0.00855	0.00759	0.00244	0.00923	0.00693	0.00541	0.01190

[dist]
# distance from previous block
# <min> <max>
6	37

[block]
# block no. 3 follows, 23 sequences, length 17
# corresponding to MSA columns:
# 433-449
name=unknown_D
#
# <colnr> <probs for GDERKNQSTAVLIFYWHMCP>
#	G	D	E	R	K	N	Q	S	T	A	V	L	I	F	Y	W	H	M	C	P
0	0.02133	0.08595	0.26364	0.07565	0.03001	0.19838	0.02072	0.05792	0.09057	0.02564	0.04324	0.01993	0.01496	0.00870	0.00760	0.00240	0.01124	0.00655	0.00465	0.01093
1	0.18846	0.14577	0.12288	0.07298	0.07676	0.10510	0.01723	0.13091	0.02068	0.03025	0.01391	0.01623	0.01085	0.00796	0.00676	0.00233	0.00968	0.00568	0.00475	0.01083
2	0.08045	0.08884	0.25471	0.09153	0.02992	0.01979	0.04936	0.02895	0.18711	0.02752	0.02213	0.02346	0.04393	0.00910	0.00763	0.00257	0.00931	0.00738	0.00510	0.01121
3	0.02143	0.14882	0.02640	0.01876	0.02157	0.15100	0.01563	0.07927	0.01763	0.02235	0.01312	0.01796	0.01189	0.01632	0.08723	0.00385	0.30665	0.00643	0.00416	0.00954
4	0.01395	0.01101	0.01319	0.01292	0.01485	0.05129	0.00998	0.01848	0.06332	0.02187	0.02280	0.03045	0.02012	0.04570	0.48268	0.00982	0.01728	0.00834	0.12410	0.00786
5	0.01437	0.19987	0.01978	0.01208	0.01459	0.01541	0.00966	0.01636	0.01362	0.01802	0.02001	0.03284	0.02025	0.23233	0.31789	0.00853	0.01428	0.00840	0.00427	0.00744
6	0.00991	0.00823	0.00867	0.00856	0.01116	0.00699	0.00642	0.01227	0.01926	0.02374	0.18099	0.07510	0.56100	0.01987	0.00959	0.00271	0.00406	0.01671	0.00777	0.00699
7	0.57408	0.01519	0.01378	0.01168	0.01704	0.01651	0.00963	0.02808	0.01634	0.20693	0.01687	0.01707	0.01183	0.00821	0.00587	0.00251	0.00645	0.00541	0.00637	0.01014
8	0.02195	0.52443	0.13965	0.01625	0.02364	0.11414	0.01666	0.02557	0.01743	0.02023	0.01196	0.01388	0.01040	0.00725	0.00588	0.00191	0.00997	0.00472	0.00356	0.01053
9	0.02641	0.01785	0.01961	0.01563	0.02115	0.01882	0.01272	0.36477	0.07875	0.14147	0.03575	0.03398	0.15233	0.01217	0.00845	0.00254	0.00740	0.00966	0.00831	0.01226
10	0.04783	0.31596	0.02729	0.01448	0.01923	0.08862	0.01285	0.02378	0.01851	0.08422	0.07861	0.03443	0.05311	0.01168	0.00826	0.00240	0.04146	0.10213	0.00553	0.00963
11	0.07862	0.41742	0.02961	0.01262	0.01819	0.02372	0.01163	0.06956	0.01884	0.02449	0.07095	0.02985	0.14529	0.01060	0.00660	0.00211	0.00726	0.00785	0.00515	0.00965
12	0.14010	0.02430	0.07379	0.21737	0.16813	0.19720	0.01959	0.02563	0.01821	0.02458	0.01361	0.01774	0.01079	0.00787	0.00736	0.00244	0.01097	0.00614	0.00406	0.01012
13	0.01660	0.01508	0.02027	0.02155	0.11959	0.05199	0.01494	0.01947	0.01472	0.02183	0.01683	0.02379	0.01518	0.02610	0.21568	0.00591	0.26228	0.00756	0.10176	0.00888
14	0.01610	0.01482	0.02267	0.02592	0.19186	0.01792	0.01687	0.01911	0.01428	0.02115	0.01599	0.02360	0.01480	0.02956	0.26393	0.00675	0.26363	0.00772	0.00397	0.00934
15	0.02283	0.01684	0.01927	0.01642	0.02091	0.01840	0.01359	0.37143	0.02893	0.03867	0.02826	0.04012	0.05659	0.02114	0.11552	0.00441	0.01038	0.13792	0.00735	0.01103
16	0.02618	0.01868	0.02000	0.01585	0.02086	0.02046	0.01270	0.46980	0.03179	0.04364	0.02125	0.02534	0.01681	0.10094	0.01207	0.00306	0.00807	0.00792	0.11281	0.01178

[dist]
# distance from previous block
# <min> <max>
1	4

[block]
# block no. 4 follows, 23 sequences, length 9
# corresponding to MSA columns:
# 454-462
name=unknown_E
#
# <colnr> <probs for GDERKNQSTAVLIFYWHMCP>
#	G	D	E	R	K	N	Q	S	T	A	V	L	I	F	Y	W	H	M	C	P
0	0.02498	0.13557	0.02453	0.01705	0.02207	0.14360	0.01404	0.28807	0.02626	0.03300	0.01738	0.02030	0.01408	0.02042	0.15770	0.00462	0.01279	0.00675	0.00580	0.01098
1	0.15900	0.02432	0.10547	0.04924	0.02619	0.05347	0.01646	0.39360	0.02943	0.04240	0.01685	0.01794	0.01217	0.00895	0.00748	0.00246	0.00921	0.00652	0.00658	0.01226
2	0.12248	0.01989	0.09548	0.01613	0.02145	0.01856	0.01414	0.31631	0.02617	0.03775	0.02312	0.17065	0.02151	0.01351	0.00924	0.03779	0.00792	0.01022	0.00681	0.01086
3	0.16140	0.18766	0.35562	0.01854	0.02746	0.07474	0.02125	0.02557	0.01683	0.02578	0.01305	0.01527	0.01004	0.00756	0.00661	0.00233	0.01039	0.00526	0.00380	0.01083
4	0.01740	0.13422	0.08795	0.01479	0.01905	0.01679	0.01346	0.11833	0.02079	0.02776	0.12629	0.07969	0.07524	0.01537	0.01140	0.06358	0.04516	0.09737	0.00619	0.00916
5	0.02933	0.03431	0.02337	0.02058	0.02478	0.51988	0.01581	0.12932	0.02455	0.02490	0.01351	0.01568	0.01101	0.00908	0.00909	0.00227	0.07196	0.00572	0.00477	0.01007
6	0.02261	0.18577	0.19467	0.01862	0.02556	0.21390	0.01816	0.07143	0.08596	0.02498	0.01920	0.02035	0.04761	0.00891	0.00723	0.00226	0.01080	0.00643	0.00471	0.01083
7	0.01258	0.00974	0.01357	0.16039	0.02214	0.01034	0.01175	0.01531	0.01603	0.02068	0.03646	0.11718	0.10052	0.20361	0.01830	0.00447	0.00771	0.20626	0.00596	0.00699
8	0.02186	0.01592	0.01957	0.01846	0.07140	0.01717	0.01376	0.29107	0.02636	0.06206	0.06874	0.05992	0.02488	0.02337	0.15883	0.00498	0.01108	0.07270	0.00700	0.01088

[dist]
# distance from previous block
# <min> <max>
19	120

[block]
# block no. 5 follows, 23 sequences, length 50
# corresponding to MSA columns:
# 609-658
name=unknown_F
#
# <colnr> <probs for GDERKNQSTAVLIFYWHMCP>
#	G	D	E	R	K	N	Q	S	T	A	V	L	I	F	Y	W	H	M	C	P
0	0.01894	0.01863	0.03055	0.10823	0.40691	0.04544	0.08410	0.02359	0.01789	0.02468	0.01683	0.02471	0.01466	0.01139	0.04504	0.00316	0.04855	0.04122	0.00418	0.01131
1	0.01823	0.01854	0.02240	0.16168	0.12804	0.12926	0.05836	0.02414	0.08922	0.02380	0.02776	0.10356	0.08462	0.01190	0.00852	0.00262	0.00934	0.03523	0.00535	0.03743
2	0.02094	0.02850	0.20233	0.11849	0.20948	0.14658	0.02269	0.06762	0.01993	0.02592	0.01468	0.01821	0.01144	0.00780	0.00771	0.00236	0.01114	0.00638	0.00416	0.05364
3	0.08482	0.10365	0.02592	0.11846	0.12570	0.36509	0.01731	0.02807	0.01992	0.02223	0.01299	0.01616	0.01073	0.00794	0.00713	0.00222	0.01203	0.00565	0.00407	0.00994
4	0.19264	0.02467	0.02078	0.05680	0.05242	0.22798	0.01439	0.21437	0.02434	0.03317	0.01472	0.01700	0.01144	0.00965	0.00850	0.04504	0.01016	0.00599	0.00550	0.01042
5	0.02263	0.05573	0.02072	0.01985	0.08551	0.33108	0.01388	0.05092	0.06202	0.02312	0.03107	0.03191	0.16451	0.01348	0.03635	0.00278	0.01094	0.00866	0.00535	0.00951
6	0.02190	0.05085	0.02648	0.09888	0.16218	0.17669	0.01872	0.06407	0.01857	0.02348	0.01320	0.01782	0.01133	0.00985	0.01344	0.00265	0.22374	0.00653	0.00414	0.03549
7	0.02377	0.05527	0.02184	0.04763	0.05011	0.22896	0.01463	0.10205	0.26130	0.02906	0.02332	0.06661	0.01918	0.01051	0.00793	0.00248	0.00960	0.00824	0.00633	0.01119
8	0.05107	0.06964	0.17938	0.04038	0.02411	0.08527	0.01652	0.17810	0.02266	0.03165	0.02011	0.08545	0.01704	0.01023	0.00743	0.00239	0.00894	0.00801	0.13100	0.01060
9	0.02474	0.23159	0.03205	0.06068	0.12382	0.24919	0.05704	0.08527	0.02122	0.02406	0.01360	0.01630	0.01126	0.00779	0.00707	0.00214	0.01131	0.00586	0.00429	0.01072
10	0.01134	0.00904	0.01040	0.01099	0.01240	0.03709	0.00779	0.01372	0.01888	0.02507	0.26884	0.37402	0.12837	0.02094	0.00985	0.00291	0.00477	0.01858	0.00789	0.00713
11	0.01817	0.01733	0.02949	0.30858	0.42035	0.01878	0.02395	0.02323	0.01757	0.02419	0.01493	0.02070	0.01204	0.00758	0.00806	0.00253	0.01011	0.00722	0.00385	0.01131
12	0.00975	0.00802	0.00858	0.00888	0.01117	0.00685	0.00649	0.01180	0.01823	0.02233	0.10923	0.18820	0.52004	0.02118	0.00972	0.00283	0.00420	0.01803	0.00762	0.00685
13	0.01513	0.00756	0.00756	0.00756	0.00945	0.00756	0.00567	0.01891	0.01702	0.03025	0.02647	0.03025	0.02080	0.00945	0.00567	0.00189	0.00378	0.00756	0.75988	0.00756
14	0.02089	0.01312	0.01372	0.01163	0.01521	0.01401	0.00925	0.24553	0.02476	0.03791	0.02391	0.02630	0.01823	0.00956	0.00657	0.00209	0.00567	0.00747	0.48431	0.00985
15	0.00983	0.00823	0.00856	0.00847	0.01111	0.00695	0.00636	0.01211	0.01907	0.02328	0.15622	0.07585	0.58606	0.02004	0.00959	0.00272	0.00407	0.01681	0.00771	0.00695
16	0.03465	0.01662	0.02057	0.01577	0.02212	0.01610	0.01303	0.22792	0.02793	0.47482	0.02806	0.02505	0.01810	0.00995	0.00815	0.00249	0.00754	0.00789	0.00944	0.01381
17	0.02355	0.01668	0.01845	0.01608	0.02102	0.01847	0.01265	0.04237	0.51942	0.16606	0.03282	0.02972	0.02380	0.01081	0.00824	0.00270	0.00652	0.00896	0.00863	0.01304
18	0.77215	0.01569	0.01193	0.01067	0.01569	0.01820	0.00879	0.02385	0.01381	0.03641	0.01130	0.01318	0.00879	0.00753	0.00502	0.00251	0.00628	0.00439	0.00502	0.00879
19	0.01086	0.00831	0.01224	0.01253	0.01384	0.00774	0.04822	0.01319	0.01751	0.02383	0.18697	0.51299	0.05635	0.02215	0.01012	0.00309	0.00508	0.02023	0.00764	0.00712
20	0.01148	0.00829	0.01085	0.01021	0.01212	0.00766	0.00766	0.01531	0.02297	0.03254	0.65994	0.06061	0.07656	0.01659	0.00957	0.00255	0.00383	0.01467	0.00893	0.00766
21	0.01683	0.01442	0.01683	0.01202	0.01923	0.01082	0.00961	0.02043	0.01683	0.02644	0.01442	0.01683	0.01202	0.00601	0.00601	0.00120	0.00601	0.00481	0.00481	0.76444
22	0.01159	0.00869	0.01304	0.01304	0.01449	0.01014	0.01014	0.01449	0.01304	0.01884	0.02173	0.03188	0.02029	0.06086	0.68268	0.01304	0.02173	0.00869	0.00435	0.00724
23	0.00989	0.00706	0.00942	0.01130	0.01177	0.00659	0.00753	0.01130	0.01554	0.02071	0.04472	0.70954	0.05367	0.02542	0.01036	0.00330	0.00471	0.02307	0.00753	0.00659
24	0.01981	0.01900	0.03245	0.08632	0.62981	0.01921	0.02477	0.02467	0.01835	0.02618	0.01522	0.02017	0.01274	0.00728	0.00804	0.00243	0.00971	0.00723	0.00399	0.01264
25	0.01707	0.03726	0.53985	0.02867	0.16583	0.01893	0.02892	0.02553	0.01741	0.02587	0.01471	0.01774	0.01081	0.00761	0.00778	0.00254	0.01150	0.00625	0.00355	0.01217
26	0.06786	0.35107	0.30189	0.01796	0.02647	0.02526	0.02048	0.02457	0.01635	0.02299	0.01261	0.01502	0.01027	0.00772	0.00748	0.00224	0.05014	0.00519	0.00356	0.01088
27	0.03031	0.03867	0.02299	0.02090	0.02508	0.68226	0.01568	0.03240	0.02299	0.01986	0.01254	0.01463	0.01045	0.00836	0.00732	0.00209	0.01463	0.00523	0.00418	0.00941
28	0.01921	0.02174	0.04701	0.03511	0.07860	0.02045	0.59925	0.02593	0.01911	0.02602	0.01635	0.02178	0.01234	0.00686	0.00949	0.00272	0.01344	0.00944	0.00410	0.01106
29	0.01554	0.01484	0.02566	0.65827	0.05513	0.01817	0.05685	0.02103	0.01639	0.02103	0.01453	0.02165	0.01090	0.00804	0.00819	0.00271	0.01098	0.00734	0.00363	0.00912
30	0.02815	0.02095	0.02270	0.01754	0.02377	0.02257	0.01435	0.53550	0.03458	0.04676	0.02037	0.05823	0.01586	0.01023	0.00802	0.00235	0.00838	0.00793	0.00773	0.09404
31	0.01024	0.00741	0.00969	0.01088	0.01181	0.00685	0.00749	0.01226	0.01743	0.02355	0.19076	0.52460	0.09073	0.02310	0.01013	0.00309	0.00447	0.02079	0.00786	0.00685
32	0.01101	0.00852	0.00904	0.00892	0.01173	0.00723	0.00683	0.01327	0.01889	0.05047	0.10097	0.07592	0.57792	0.02004	0.00961	0.00277	0.00440	0.04757	0.00770	0.00722
33	0.01900	0.02144	0.04541	0.03281	0.04014	0.02099	0.56846	0.02530	0.01843	0.02530	0.01580	0.02144	0.01213	0.00763	0.01141	0.00282	0.08741	0.00931	0.00404	0.01072
34	0.01513	0.00756	0.00756	0.00756	0.00945	0.00756	0.00567	0.01891	0.01702	0.03025	0.02647	0.03025	0.02080	0.00945	0.00567	0.00189	0.00378	0.00756	0.75988	0.00756
35	0.01183	0.00821	0.00966	0.01005	0.01073	0.00806	0.00675	0.01282	0.01395	0.01817	0.03527	0.06377	0.10091	0.49638	0.03164	0.00646	0.00738	0.13658	0.00573	0.00566
36	0.02008	0.01928	0.03294	0.04981	0.66422	0.01928	0.02490	0.02490	0.01848	0.02651	0.01526	0.02008	0.01285	0.00723	0.00803	0.00241	0.00964	0.00723	0.00402	0.01285
37	0.00987	0.00714	0.00934	0.01110	0.01172	0.00661	0.00744	0.01132	0.01573	0.02079	0.04715	0.66860	0.09303	0.02511	0.01031	0.00326	0.00467	0.02268	0.00753	0.00661
38	0.00989	0.00706	0.00942	0.01130	0.01177	0.00659	0.00753	0.01130	0.01554	0.02071	0.04472	0.70954	0.05367	0.02542	0.01036	0.00330	0.00471	0.02307	0.00753	0.00659
39	0.02008	0.01928	0.03294	0.04981	0.66422	0.01928	0.02490	0.02490	0.01848	0.02651	0.01526	0.02008	0.01285	0.00723	0.00803	0.00241	0.00964	0.00723	0.00402	0.01285
40	0.06007	0.01521	0.02488	0.56069	0.14288	0.01822	0.02208	0.02153	0.01641	0.02249	0.01436	0.02091	0.01100	0.00795	0.00792	0.00265	0.01038	0.00705	0.00375	0.00956
41	0.02008	0.01928	0.03294	0.04981	0.66422	0.01928	0.02490	0.02490	0.01848	0.02651	0.01526	0.02008	0.01285	0.00723	0.00803	0.00241	0.00964	0.00723	0.00402	0.01285
42	0.01031	0.00736	0.00917	0.01044	0.01101	0.00691	0.00680	0.01145	0.01494	0.01966	0.04370	0.49807	0.10397	0.18597	0.01751	0.00431	0.00539	0.01989	0.00692	0.00622
43	0.01153	0.00802	0.01014	0.01034	0.01082	0.00840	0.00673	0.01254	0.01257	0.01718	0.02650	0.11740	0.02939	0.44886	0.22619	0.00889	0.01160	0.01210	0.00503	0.00578
44	0.05955	0.02486	0.02356	0.09150	0.02806	0.16064	0.01597	0.42006	0.03165	0.04077	0.01716	0.01845	0.01258	0.00919	0.00782	0.00240	0.01021	0.00674	0.00669	0.01217
45	0.01519	0.01308	0.01325	0.01254	0.01587	0.04679	0.00987	0.06839	0.15737	0.02758	0.08997	0.06083	0.32044	0.01706	0.00930	0.00281	0.00599	0.09709	0.00763	0.00895
