[name]
unknown

[dist]
# distance from previous block
# <min> <max>
0	1

[block]
# block no. 0 follows, 22 sequences, length 22
# corresponding to MSA columns:
# 1-22
name=unknown_A
#
# <colnr> <probs for GDERKNQSTAVLIFYWHMCP>
#	G	D	E	R	K	N	Q	S	T	A	V	L	I	F	Y	W	H	M	C	P
0	0.01339	0.00956	0.01339	0.01530	0.01721	0.00956	0.01339	0.01721	0.01912	0.02486	0.04399	0.09371	0.04781	0.02295	0.01147	0.00382	0.00765	0.60031	0.00765	0.00765
1	0.01888	0.04002	0.54298	0.02468	0.06829	0.06014	0.02839	0.07205	0.01960	0.02795	0.01520	0.01773	0.01095	0.00806	0.00792	0.00258	0.01208	0.00626	0.00395	0.01230
2	0.02041	0.42021	0.18739	0.02057	0.02913	0.02737	0.14106	0.02555	0.01758	0.02252	0.01338	0.01612	0.01102	0.00727	0.00682	0.00218	0.01069	0.00591	0.00367	0.01114
3	0.01047	0.00775	0.00979	0.01074	0.01199	0.00707	0.00750	0.01265	0.01833	0.02443	0.20299	0.43391	0.16610	0.02290	0.01027	0.00308	0.00449	0.02041	0.00807	0.00707
4	0.02848	0.01848	0.02033	0.01591	0.02161	0.01957	0.01301	0.39596	0.03157	0.13205	0.02294	0.02320	0.01638	0.00978	0.00771	0.00233	0.00765	0.00754	0.15845	0.04704
5	0.01953	0.37376	0.30830	0.01884	0.02763	0.02650	0.02157	0.02512	0.01685	0.02248	0.01294	0.01550	0.01062	0.00800	0.00808	0.00228	0.06185	0.00538	0.00354	0.01123
6	0.01130	0.00895	0.01022	0.00982	0.01233	0.00812	0.00739	0.01538	0.05397	0.02819	0.34757	0.06898	0.35043	0.01862	0.00974	0.00272	0.00420	0.01593	0.00842	0.00772
7	0.01208	0.00805	0.00906	0.00906	0.00906	0.00805	0.00503	0.01208	0.01208	0.01611	0.02618	0.05436	0.03020	0.70804	0.04228	0.00805	0.00805	0.01208	0.00503	0.00503
8	0.02221	0.71304	0.04353	0.01421	0.02132	0.03287	0.01421	0.02488	0.01688	0.01955	0.01155	0.01333	0.01066	0.00711	0.00533	0.00178	0.00888	0.00444	0.00355	0.01066
9	0.00982	0.00842	0.00842	0.00842	0.01122	0.00701	0.00631	0.01192	0.01894	0.02244	0.08416	0.07995	0.65285	0.02104	0.00982	0.00281	0.00421	0.01753	0.00771	0.00701
10	0.01273	0.01017	0.01501	0.01451	0.01579	0.01245	0.01145	0.01554	0.01327	0.01938	0.02070	0.03066	0.01942	0.05577	0.58645	0.01202	0.11404	0.00868	0.00434	0.00765
11	0.07935	0.01425	0.01887	0.01456	0.02091	0.01258	0.01202	0.03956	0.02322	0.62594	0.03155	0.02742	0.01990	0.01013	0.00817	0.00257	0.00703	0.00813	0.00999	0.01384
12	0.00982	0.00842	0.00842	0.00842	0.01122	0.00701	0.00631	0.01192	0.01894	0.02244	0.08416	0.07995	0.65285	0.02104	0.00982	0.00281	0.00421	0.01753	0.00771	0.00701
13	0.01549	0.00774	0.00774	0.00774	0.00968	0.00774	0.00581	0.01936	0.01742	0.03097	0.02710	0.03097	0.02129	0.00968	0.00581	0.00194	0.00387	0.00774	0.75416	0.00774
14	0.03727	0.01414	0.01928	0.01478	0.02121	0.01221	0.01221	0.04049	0.02378	0.66198	0.03277	0.02828	0.02056	0.01028	0.00835	0.00257	0.00707	0.00835	0.01028	0.01414
15	0.01549	0.00774	0.00774	0.00774	0.00968	0.00774	0.00581	0.01936	0.01742	0.03097	0.02710	0.03097	0.02129	0.00968	0.00581	0.00194	0.00387	0.00774	0.75416	0.00774
16	0.01549	0.00774	0.00774	0.00774	0.00968	0.00774	0.00581	0.01936	0.01742	0.03097	0.02710	0.03097	0.02129	0.00968	0.00581	0.00194	0.00387	0.00774	0.75416	0.00774
17	0.02056	0.01974	0.03372	0.05099	0.65622	0.01974	0.02550	0.02550	0.01892	0.02714	0.01563	0.02056	0.01316	0.00740	0.00822	0.00247	0.00987	0.00740	0.00411	0.01316
18	0.01176	0.00849	0.01110	0.01045	0.01241	0.00784	0.00784	0.01568	0.02352	0.03331	0.65184	0.06206	0.07839	0.01698	0.00980	0.00261	0.00392	0.01502	0.00914	0.00784
19	0.02173	0.02429	0.23631	0.01772	0.02494	0.01621	0.01800	0.13650	0.04785	0.14063	0.02810	0.14189	0.04963	0.01247	0.00855	0.00267	0.00863	0.01038	0.00675	0.04677
20	0.02697	0.02938	0.02274	0.02140	0.08247	0.38123	0.01515	0.05769	0.02227	0.05905	0.01500	0.01702	0.01203	0.00801	0.00731	0.00198	0.01159	0.00570	0.00494	0.19808
21	0.02247	0.05885	0.08744	0.02935	0.23890	0.04836	0.04761	0.12089	0.04665	0.05586	0.01720	0.01973	0.01342	0.00790	0.00772	0.00224	0.00940	0.00681	0.00527	0.15394

[dist]
# distance from previous block
# <min> <max>
2	6

[block]
# block no. 1 follows, 22 sequences, length 60
# corresponding to MSA columns:
# 29-88
name=unknown_B
#
# <colnr> <probs for GDERKNQSTAVLIFYWHMCP>
#	G	D	E	R	K	N	Q	S	T	A	V	L	I	F	Y	W	H	M	C	P
0	0.02056	0.01974	0.03372	0.05099	0.65622	0.01974	0.02550	0.02550	0.01892	0.02714	0.01563	0.02056	0.01316	0.00740	0.00822	0.00247	0.00987	0.00740	0.00411	0.01316
1	0.03091	0.03106	0.02237	0.01934	0.02421	0.42334	0.01492	0.13392	0.02620	0.12443	0.05591	0.02071	0.01690	0.00957	0.00790	0.00229	0.01211	0.00676	0.00617	0.01097
2	0.10265	0.03612	0.48420	0.06212	0.03392	0.01986	0.02619	0.09015	0.01940	0.03002	0.01506	0.01762	0.01077	0.00812	0.00765	0.00262	0.01121	0.00617	0.00422	0.01192
3	0.01697	0.01225	0.01387	0.01158	0.01563	0.01151	0.00907	0.12097	0.02300	0.03364	0.21574	0.03973	0.09214	0.01214	0.00787	0.00215	0.00533	0.01013	0.16685	0.17944
4	0.01207	0.00810	0.00930	0.00930	0.00939	0.00819	0.00534	0.01224	0.01215	0.01629	0.02595	0.05313	0.02967	0.67144	0.07816	0.00835	0.00886	0.01190	0.00500	0.00517
5	0.11299	0.02844	0.02301	0.01904	0.02466	0.26237	0.01513	0.34366	0.03062	0.03897	0.01642	0.01741	0.01230	0.00921	0.00766	0.00237	0.01098	0.00637	0.00648	0.01191
6	0.02760	0.07370	0.02361	0.01880	0.02416	0.40000	0.01465	0.10977	0.05039	0.02637	0.01495	0.01663	0.01207	0.00833	0.00726	0.00203	0.01186	0.00567	0.00506	0.14709
7	0.01992	0.01897	0.02559	0.22210	0.23651	0.09090	0.02011	0.08490	0.01985	0.02588	0.01667	0.02245	0.01371	0.01766	0.12483	0.00442	0.01288	0.00744	0.00450	0.01073
8	0.02066	0.01785	0.01878	0.01691	0.02160	0.02066	0.01315	0.04414	0.64121	0.03475	0.03381	0.03099	0.02536	0.01127	0.00845	0.00282	0.00657	0.00939	0.00845	0.01315
9	0.01208	0.00805	0.00906	0.00906	0.00906	0.00805	0.00503	0.01208	0.01208	0.01611	0.02618	0.05436	0.03020	0.70804	0.04228	0.00805	0.00805	0.01208	0.00503	0.00503
10	0.01806	0.01780	0.02725	0.46809	0.22001	0.06271	0.02327	0.02320	0.01771	0.02279	0.01487	0.02123	0.01162	0.00807	0.00823	0.00264	0.01100	0.00725	0.00385	0.01034
11	0.76672	0.01607	0.01221	0.01092	0.01607	0.01864	0.00900	0.02442	0.01414	0.03727	0.01157	0.01350	0.00900	0.00771	0.00514	0.00257	0.00643	0.00450	0.00514	0.00900
12	0.01001	0.00768	0.00918	0.01038	0.01174	0.00685	0.00718	0.01170	0.01705	0.02167	0.06029	0.46734	0.28087	0.02414	0.01031	0.00316	0.00459	0.02132	0.00771	0.00685
13	0.76672	0.01607	0.01221	0.01092	0.01607	0.01864	0.00900	0.02442	0.01414	0.03727	0.01157	0.01350	0.00900	0.00771	0.00514	0.00257	0.00643	0.00450	0.00514	0.00900
14	0.03103	0.03959	0.02354	0.02140	0.02568	0.67469	0.01605	0.03317	0.02354	0.02033	0.01284	0.01498	0.01070	0.00856	0.00749	0.00214	0.01498	0.00535	0.00428	0.00963
15	0.02679	0.02460	0.06036	0.03393	0.32201	0.18109	0.02037	0.03088	0.02111	0.17064	0.01882	0.02078	0.01411	0.00837	0.00805	0.00242	0.01063	0.00704	0.00553	0.01246
16	0.71920	0.01554	0.01193	0.01072	0.01566	0.01795	0.00880	0.02410	0.01435	0.03687	0.01255	0.01460	0.00977	0.00784	0.00518	0.00253	0.00626	0.00470	0.05252	0.00892
17	0.13192	0.05766	0.01553	0.01268	0.01643	0.04350	0.01014	0.02494	0.12665	0.07668	0.20856	0.04429	0.10142	0.01360	0.00831	0.00264	0.00607	0.04996	0.03947	0.00954
18	0.01012	0.00723	0.00964	0.01157	0.01205	0.00675	0.00771	0.01157	0.01591	0.02121	0.04579	0.70262	0.05495	0.02603	0.01060	0.00337	0.00482	0.02362	0.00771	0.00675
19	0.01723	0.01477	0.01723	0.01230	0.01969	0.01107	0.00984	0.02092	0.01723	0.02707	0.01477	0.01723	0.01230	0.00615	0.00615	0.00123	0.00615	0.00492	0.00492	0.75883
20	0.01443	0.00722	0.01082	0.01082	0.01082	0.00722	0.00722	0.01082	0.01082	0.01443	0.01443	0.02525	0.01443	0.02886	0.03247	0.75830	0.00722	0.00722	0.00361	0.00361
21	0.02056	0.01974	0.03372	0.05099	0.65622	0.01974	0.02550	0.02550	0.01892	0.02714	0.01563	0.02056	0.01316	0.00740	0.00822	0.00247	0.00987	0.00740	0.00411	0.01316
22	0.01751	0.01027	0.01107	0.01018	0.01278	0.01083	0.00790	0.11227	0.02024	0.03281	0.02540	0.02949	0.02013	0.01623	0.08891	0.00343	0.00695	0.00785	0.54706	0.00868
23	0.02969	0.03762	0.02259	0.02058	0.02477	0.63246	0.01544	0.03183	0.02325	0.02047	0.01735	0.01909	0.05132	0.00935	0.00764	0.00218	0.01430	0.00612	0.00450	0.00947
24	0.02657	0.01994	0.02174	0.01726	0.02308	0.02139	0.01394	0.44625	0.07099	0.04449	0.02353	0.10748	0.01983	0.01168	0.00837	0.00249	0.00810	0.00937	0.00787	0.09562
25	0.01098	0.00807	0.01029	0.01057	0.01215	0.00738	0.00761	0.01387	0.02045	0.02800	0.38317	0.27459	0.14119	0.02045	0.01007	0.00289	0.00425	0.01815	0.00850	0.00738
26	0.02221	0.71304	0.04353	0.01421	0.02132	0.03287	0.01421	0.02488	0.01688	0.01955	0.01155	0.01333	0.01066	0.00711	0.00533	0.00178	0.00888	0.00444	0.00355	0.01066
27	0.01302	0.00944	0.01288	0.01460	0.01660	0.00930	0.01266	0.01667	0.01910	0.02461	0.04809	0.09230	0.10967	0.02275	0.01131	0.00372	0.00730	0.54073	0.00766	0.00758
28	0.02239	0.02143	0.03214	0.04575	0.54958	0.06417	0.02387	0.08766	0.02128	0.02926	0.01588	0.02012	0.01309	0.00774	0.00818	0.00245	0.01014	0.00727	0.00455	0.01302
29	0.01283	0.01032	0.01520	0.01464	0.01590	0.01268	0.01157	0.01562	0.01326	0.01939	0.02052	0.03043	0.01926	0.05502	0.57628	0.01187	0.12456	0.00865	0.00433	0.00767
30	0.01208	0.00805	0.00906	0.00906	0.00906	0.00805	0.00503	0.01208	0.01208	0.01611	0.02618	0.05436	0.03020	0.70804	0.04228	0.00805	0.00805	0.01208	0.00503	0.00503
31	0.02415	0.01775	0.01972	0.07132	0.02369	0.01959	0.01348	0.34479	0.09834	0.04166	0.06026	0.02836	0.04912	0.01082	0.00804	0.00248	0.00758	0.00861	0.13843	0.01182
32	0.03137	0.02107	0.02326	0.01811	0.02450	0.02283	0.01487	0.46093	0.10309	0.15704	0.02373	0.02263	0.01650	0.01017	0.00833	0.00254	0.00849	0.00784	0.00867	0.01402
33	0.01176	0.00849	0.01110	0.01045	0.01241	0.00784	0.00784	0.01568	0.02352	0.03331	0.65184	0.06206	0.07839	0.01698	0.00980	0.00261	0.00392	0.01502	0.00914	0.00784
34	0.02066	0.01785	0.01878	0.01691	0.02160	0.02066	0.01315	0.04414	0.64121	0.03475	0.03381	0.03099	0.02536	0.01127	0.00845	0.00282	0.00657	0.00939	0.00845	0.01315
35	0.02372	0.01937	0.02051	0.01752	0.02277	0.02209	0.01389	0.20790	0.47247	0.03968	0.02993	0.02790	0.02221	0.01091	0.00841	0.00273	0.00729	0.00886	0.00841	0.01342
36	0.01187	0.00890	0.01335	0.01335	0.01483	0.01038	0.01038	0.01483	0.01335	0.01928	0.02225	0.03264	0.02077	0.06231	0.67512	0.01335	0.02225	0.00890	0.00445	0.00742
37	0.01164	0.00849	0.01094	0.01033	0.01234	0.00779	0.00775	0.01545	0.02324	0.03265	0.61735	0.06314	0.11329	0.01723	0.00980	0.00262	0.00394	0.01518	0.00906	0.00779
38	0.02792	0.27694	0.03059	0.01887	0.02415	0.44850	0.01540	0.03025	0.02119	0.02005	0.01239	0.01440	0.01069	0.00805	0.00673	0.00201	0.01283	0.00503	0.00402	0.00999
39	0.01753	0.04176	0.63780	0.02330	0.03533	0.01899	0.02992	0.02691	0.01780	0.05309	0.01566	0.01799	0.01095	0.00799	0.00791	0.00263	0.01206	0.00623	0.00379	0.01236
40	0.02836	0.02450	0.02236	0.01851	0.02364	0.17137	0.01473	0.37302	0.06275	0.03907	0.01950	0.02307	0.01539	0.01220	0.01073	0.07976	0.01008	0.03236	0.00689	0.01170
41	0.02457	0.02733	0.02983	0.03967	0.41506	0.27023	0.02188	0.02843	0.02069	0.02454	0.01456	0.01843	0.01222	0.00785	0.00794	0.00234	0.01182	0.00662	0.00418	0.01181
42	0.01187	0.00890	0.01335	0.01335	0.01483	0.01038	0.01038	0.01483	0.01335	0.01928	0.02225	0.03264	0.02077	0.06231	0.67512	0.01335	0.02225	0.00890	0.00445	0.00742
43	0.06341	0.02616	0.27740	0.02171	0.11023	0.05245	0.01990	0.02205	0.01862	0.02625	0.07148	0.03850	0.16387	0.01220	0.00848	0.00268	0.00913	0.03989	0.00526	0.01032
44	0.01981	0.01968	0.03121	0.22708	0.42586	0.06001	0.04720	0.02482	0.01858	0.02504	0.01526	0.02073	0.01240	0.00771	0.00826	0.00254	0.01068	0.00736	0.00401	0.01176
45	0.01032	0.00737	0.00987	0.01180	0.01237	0.00692	0.00806	0.01192	0.01610	0.02143	0.04568	0.66489	0.05450	0.02584	0.01066	0.00340	0.00500	0.05935	0.00771	0.00680
46	0.02050	0.01992	0.03474	0.04992	0.61523	0.01982	0.06567	0.02557	0.01896	0.02710	0.01571	0.02068	0.01312	0.00738	0.00833	0.00249	0.01015	0.00756	0.00412	0.01303
47	0.01340	0.00841	0.01278	0.05387	0.01542	0.00928	0.00956	0.01319	0.01227	0.01694	0.01782	0.02824	0.01695	0.04199	0.30770	0.39071	0.01393	0.00795	0.00398	0.00560
48	0.02056	0.01974	0.03372	0.05099	0.65622	0.01974	0.02550	0.02550	0.01892	0.02714	0.01563	0.02056	0.01316	0.00740	0.00822	0.00247	0.00987	0.00740	0.00411	0.01316
49	0.01569	0.01477	0.02492	0.68808	0.05722	0.01846	0.02307	0.02123	0.01661	0.02123	0.01477	0.02215	0.01107	0.00831	0.00831	0.00277	0.01107	0.00738	0.00369	0.00923
50	0.01801	0.22458	0.37588	0.01824	0.02726	0.02108	0.02172	0.02469	0.01733	0.02523	0.01610	0.01871	0.01245	0.00798	0.00681	0.00227	0.00986	0.00594	0.13482	0.01103
51	0.01923	0.01838	0.03131	0.22506	0.49256	0.01939	0.02483	0.02433	0.01829	0.02552	0.01539	0.02099	0.01259	0.00765	0.00825	0.00255	0.01020	0.00740	0.00400	0.01209
52	0.01188	0.00886	0.01316	0.01316	0.01458	0.01028	0.01014	0.01471	0.01329	0.01914	0.02243	0.03361	0.02119	0.09124	0.64676	0.01311	0.02162	0.00904	0.00448	0.00731
53	0.01084	0.00782	0.01041	0.01223	0.01316	0.00740	0.00891	0.01286	0.01680	0.02210	0.04751	0.53123	0.08648	0.02506	0.01076	0.00344	0.00542	0.15292	0.00770	0.00697
54	0.07027	0.03304	0.29505	0.05344	0.06992	0.13431	0.17434	0.02721	0.01892	0.02591	0.01483	0.01839	0.01114	0.00777	0.00815	0.00258	0.01261	0.00692	0.00397	0.01125
55	0.04646	0.01989	0.06606	0.12283	0.50136	0.01911	0.02441	0.02466	0.01840	0.02666	0.01648	0.02326	0.01400	0.00817	0.00823	0.00257	0.00993	0.03103	0.00421	0.01227
56	0.02092	0.10644	0.35024	0.02135	0.02976	0.16505	0.02309	0.02926	0.08758	0.02486	0.01596	0.01808	0.01224	0.00874	0.00878	0.00252	0.05324	0.00622	0.00424	0.01143
57	0.02645	0.02082	0.01895	0.01756	0.05071	0.19836	0.01304	0.03218	0.10930	0.22110	0.06210	0.03583	0.11328	0.01210	0.00850	0.00256	0.00881	0.02967	0.00754	0.01115
58	0.02169	0.05005	0.01909	0.01535	0.01938	0.05873	0.01208	0.28227	0.02814	0.03723	0.16299	0.19038	0.03743	0.01508	0.00899	0.00267	0.00734	0.01267	0.00787	0.01056
59	0.13468	0.16456	0.02884	0.02629	0.19981	0.13840	0.04113	0.02830	0.08693	0.02693	0.03901	0.01976	0.01528	0.00835	0.00718	0.00234	0.00965	0.00659	0.00485	0.01112

[dist]
# distance from previous block
# <min> <max>
4	21

[block]
# block no. 2 follows, 22 sequences, length 47
# corresponding to MSA columns:
# 110-156
name=unknown_C
#
# <colnr> <probs for GDERKNQSTAVLIFYWHMCP>
#	G	D	E	R	K	N	Q	S	T	A	V	L	I	F	Y	W	H	M	C	P
0	0.19111	0.01392	0.06977	0.01255	0.01657	0.01185	0.01109	0.01964	0.01755	0.08031	0.04261	0.08846	0.19452	0.05913	0.01083	0.00328	0.00668	0.13482	0.00677	0.00854
1	0.01953	0.24623	0.06730	0.01691	0.02388	0.02100	0.08314	0.05497	0.01830	0.02524	0.01569	0.05274	0.01397	0.00828	0.00767	0.00195	0.03830	0.00661	0.00458	0.27372
2	0.02450	0.06019	0.02145	0.01862	0.05142	0.23869	0.01372	0.19657	0.02530	0.02980	0.02614	0.11533	0.07306	0.05560	0.01041	0.00282	0.01007	0.00987	0.00618	0.01025
3	0.02608	0.02131	0.02281	0.01840	0.02393	0.08450	0.05184	0.31135	0.14732	0.06692	0.08313	0.02886	0.05339	0.01109	0.00856	0.00257	0.00872	0.00900	0.00782	0.01240
4	0.02335	0.15043	0.02749	0.02483	0.16204	0.19104	0.01674	0.06148	0.13331	0.02681	0.04662	0.02596	0.01926	0.00986	0.00782	0.00241	0.00999	0.04381	0.00549	0.01127
5	0.02286	0.02437	0.03238	0.04335	0.47646	0.16704	0.06064	0.02729	0.02000	0.02558	0.01507	0.01942	0.01257	0.00764	0.00816	0.00241	0.01128	0.00709	0.00416	0.01224
6	0.01012	0.00723	0.00964	0.01157	0.01205	0.00675	0.00771	0.01157	0.01591	0.02121	0.04579	0.70262	0.05495	0.02603	0.01060	0.00337	0.00482	0.02362	0.00771	0.00675
7	0.01961	0.02241	0.04902	0.03501	0.04342	0.02101	0.62605	0.02661	0.01961	0.02661	0.01681	0.02241	0.01261	0.00700	0.00980	0.00280	0.01401	0.00980	0.00420	0.01120
8	0.03103	0.03959	0.02354	0.02140	0.02568	0.67469	0.01605	0.03317	0.02354	0.02033	0.01284	0.01498	0.01070	0.00856	0.00749	0.00214	0.01498	0.00535	0.00428	0.00963
9	0.01116	0.00847	0.01028	0.00982	0.01204	0.00758	0.00737	0.01452	0.02211	0.02997	0.47706	0.06756	0.25526	0.01823	0.00980	0.00267	0.00401	0.01580	0.00870	0.00758
10	0.01176	0.00849	0.01110	0.01045	0.01241	0.00784	0.00784	0.01568	0.02352	0.03331	0.65184	0.06206	0.07839	0.01698	0.00980	0.00261	0.00392	0.01502	0.00914	0.00784
11	0.01176	0.00849	0.01110	0.01045	0.01241	0.00784	0.00784	0.01568	0.02352	0.03331	0.65184	0.06206	0.07839	0.01698	0.00980	0.00261	0.00392	0.01502	0.00914	0.00784
12	0.01339	0.00956	0.01339	0.01530	0.01721	0.00956	0.01339	0.01721	0.01912	0.02486	0.04399	0.09371	0.04781	0.02295	0.01147	0.00382	0.00765	0.60031	0.00765	0.00765
13	0.76672	0.01607	0.01221	0.01092	0.01607	0.01864	0.00900	0.02442	0.01414	0.03727	0.01157	0.01350	0.00900	0.00771	0.00514	0.00257	0.00643	0.00450	0.00514	0.00900
14	0.01691	0.01602	0.02713	0.52778	0.20793	0.01878	0.02368	0.02230	0.01719	0.02271	0.01498	0.02175	0.01160	0.00808	0.00829	0.00269	0.01077	0.00739	0.00380	0.01022
15	0.02623	0.02011	0.02281	0.05847	0.05934	0.02245	0.01556	0.31313	0.26286	0.07159	0.02525	0.02467	0.01844	0.01024	0.00836	0.00263	0.00823	0.00823	0.00797	0.01342
16	0.03153	0.02482	0.02480	0.01933	0.02575	0.08734	0.01581	0.57203	0.03759	0.04932	0.01927	0.01947	0.01380	0.00984	0.00823	0.00246	0.00970	0.00728	0.00793	0.01370
17	0.01443	0.00722	0.01082	0.01082	0.01082	0.00722	0.00722	0.01082	0.01082	0.01443	0.01443	0.02525	0.01443	0.02886	0.03247	0.75830	0.00722	0.00722	0.00361	0.00361
18	0.01707	0.12150	0.55614	0.02185	0.03296	0.02032	0.02752	0.02558	0.01777	0.02587	0.04796	0.01937	0.01410	0.00828	0.00769	0.00253	0.01143	0.00640	0.00381	0.01185
19	0.03158	0.02327	0.02493	0.01911	0.02576	0.02576	0.01579	0.62852	0.03906	0.05236	0.01995	0.01995	0.01413	0.00997	0.00831	0.00249	0.00914	0.00748	0.00831	0.01413
20	0.00982	0.00842	0.00842	0.00842	0.01122	0.00701	0.00631	0.01192	0.01894	0.02244	0.08416	0.07995	0.65285	0.02104	0.00982	0.00281	0.00421	0.01753	0.00771	0.00701
21	0.01723	0.01477	0.01723	0.01230	0.01969	0.01107	0.00984	0.02092	0.01723	0.02707	0.01477	0.01723	0.01230	0.00615	0.00615	0.00123	0.00615	0.00492	0.00492	0.75883
22	0.02158	0.02180	0.07912	0.04149	0.45559	0.02011	0.05218	0.11011	0.02158	0.03059	0.01619	0.02015	0.01302	0.00771	0.00817	0.00243	0.00993	0.00729	0.00471	0.05627
23	0.02077	0.02068	0.03814	0.08952	0.32558	0.02063	0.25279	0.07651	0.02071	0.02863	0.01638	0.02133	0.01288	0.00753	0.00884	0.00262	0.01147	0.00832	0.00447	0.01221
24	0.01199	0.00843	0.01096	0.01096	0.01161	0.00908	0.00740	0.01330	0.01264	0.01751	0.02444	0.04476	0.02603	0.42261	0.32201	0.01040	0.01433	0.01068	0.00478	0.00609
25	0.02020	0.01937	0.03307	0.09828	0.61176	0.01964	0.02532	0.02518	0.01874	0.02670	0.01556	0.02068	0.01300	0.00747	0.00823	0.00249	0.00996	0.00740	0.00408	0.01287
26	0.01723	0.01477	0.01723	0.01230	0.01969	0.01107	0.00984	0.02092	0.01723	0.02707	0.01477	0.01723	0.01230	0.00615	0.00615	0.00123	0.00615	0.00492	0.00492	0.75883
27	0.01012	0.00723	0.00964	0.01157	0.01205	0.00675	0.00771	0.01157	0.01591	0.02121	0.04579	0.70262	0.05495	0.02603	0.01060	0.00337	0.00482	0.02362	0.00771	0.00675
28	0.02238	0.04586	0.05629	0.01788	0.02500	0.01632	0.10996	0.12771	0.02263	0.11284	0.06545	0.02312	0.01847	0.00839	0.00770	0.00206	0.00827	0.00736	0.00626	0.29606
29	0.03103	0.03959	0.02354	0.02140	0.02568	0.67469	0.01605	0.03317	0.02354	0.02033	0.01284	0.01498	0.01070	0.00856	0.00749	0.00214	0.01498	0.00535	0.00428	0.00963
30	0.01569	0.01477	0.02492	0.68808	0.05722	0.01846	0.02307	0.02123	0.01661	0.02123	0.01477	0.02215	0.01107	0.00831	0.00831	0.00277	0.01107	0.00738	0.00369	0.00923
31	0.00982	0.00842	0.00842	0.00842	0.01122	0.00701	0.00631	0.01192	0.01894	0.02244	0.08416	0.07995	0.65285	0.02104	0.00982	0.00281	0.00421	0.01753	0.00771	0.00701
32	0.03103	0.03959	0.02354	0.02140	0.02568	0.67469	0.01605	0.03317	0.02354	0.02033	0.01284	0.01498	0.01070	0.00856	0.00749	0.00214	0.01498	0.00535	0.00428	0.00963
33	0.01127	0.00847	0.01043	0.00994	0.01211	0.00763	0.00745	0.01473	0.02236	0.03058	0.50900	0.06656	0.22293	0.01800	0.00980	0.00266	0.00399	0.01566	0.00879	0.00763
34	0.01085	0.00846	0.00984	0.00950	0.01185	0.00745	0.00712	0.01392	0.02137	0.02821	0.38544	0.07045	0.34797	0.01889	0.00981	0.00270	0.00405	0.01620	0.00847	0.00745
35	0.01012	0.00723	0.00964	0.01157	0.01205	0.00675	0.00771	0.01157	0.01591	0.02121	0.04579	0.70262	0.05495	0.02603	0.01060	0.00337	0.00482	0.02362	0.00771	0.00675
36	0.03158	0.02327	0.02493	0.01911	0.02576	0.02576	0.01579	0.62852	0.03906	0.05236	0.01995	0.01995	0.01413	0.00997	0.00831	0.00249	0.00914	0.00748	0.00831	0.01413
37	0.01882	0.01731	0.02815	0.39771	0.27447	0.01954	0.02335	0.07407	0.01935	0.02603	0.01552	0.02138	0.01210	0.00811	0.00828	0.00263	0.01047	0.00740	0.00424	0.01109
38	0.02147	0.01825	0.01924	0.01707	0.02191	0.02104	0.01335	0.08752	0.59652	0.03606	0.03278	0.03017	0.02453	0.01117	0.00844	0.00279	0.00677	0.00925	0.00844	0.01322
39	0.01012	0.00723	0.00964	0.01157	0.01205	0.00675	0.00771	0.01157	0.01591	0.02121	0.04579	0.70262	0.05495	0.02603	0.01060	0.00337	0.00482	0.02362	0.00771	0.00675
40	0.02033	0.01908	0.03007	0.07689	0.48955	0.01987	0.02273	0.02925	0.15165	0.02846	0.01946	0.02287	0.01566	0.00827	0.00828	0.00256	0.00923	0.00783	0.00502	0.01295
41	0.02050	0.01973	0.03125	0.04235	0.47603	0.04737	0.05406	0.05326	0.01929	0.02693	0.01625	0.02152	0.01375	0.01342	0.07675	0.00362	0.03978	0.00759	0.00434	0.01220
42	0.01666	0.04297	0.66500	0.02368	0.03596	0.01929	0.03069	0.02631	0.01754	0.02631	0.01491	0.01754	0.01052	0.00789	0.00789	0.00263	0.01228	0.00614	0.00351	0.01228
43	0.02215	0.48437	0.07258	0.01792	0.02441	0.09252	0.06711	0.02540	0.01737	0.02061	0.01223	0.01496	0.01085	0.00803	0.00828	0.00213	0.07950	0.00536	0.00368	0.01053
44	0.01115	0.00822	0.00995	0.00991	0.01152	0.00754	0.00700	0.01364	0.01947	0.02624	0.33262	0.15481	0.19603	0.13671	0.01544	0.00369	0.00481	0.01630	0.00792	0.00702
45	0.02363	0.13612	0.03227	0.03440	0.34996	0.01992	0.05727	0.02791	0.01982	0.15210	0.05226	0.02318	0.01764	0.00841	0.00794	0.00240	0.00909	0.00764	0.00551	0.01252
46	0.07448	0.03733	0.45658	0.02632	0.12052	0.09209	0.02673	0.02682	0.01815	0.02658	0.01453	0.01738	0.01080	0.00788	0.00769	0.00255	0.01180	0.00611	0.00380	0.01186

[dist]
# distance from previous block
# <min> <max>
1	10

[block]
# block no. 3 follows, 22 sequences, length 93
# corresponding to MSA columns:
# 167-259
name=unknown_D
#
# <colnr> <probs for GDERKNQSTAVLIFYWHMCP>
#	G	D	E	R	K	N	Q	S	T	A	V	L	I	F	Y	W	H	M	C	P
0	0.01264	0.00878	0.01085	0.01016	0.01258	0.00786	0.00768	0.01605	0.02234	0.06469	0.47082	0.06486	0.22434	0.01767	0.00972	0.00266	0.00417	0.01531	0.00884	0.00797
1	0.01145	0.00845	0.01020	0.01029	0.01155	0.00844	0.00718	0.01299	0.01466	0.01912	0.04220	0.05768	0.20281	0.31551	0.19688	0.00777	0.01066	0.04008	0.00575	0.00633
2	0.00996	0.00830	0.00869	0.00884	0.01137	0.00704	0.00654	0.01211	0.01891	0.02297	0.11411	0.13941	0.56065	0.02128	0.00989	0.00285	0.00425	0.01798	0.00780	0.00704
3	0.01018	0.00853	0.00892	0.00911	0.01183	0.00727	0.00703	0.01246	0.01895	0.02269	0.08009	0.08134	0.59152	0.02123	0.00999	0.00291	0.00456	0.07661	0.00771	0.00708
4	0.02577	0.06142	0.02864	0.02957	0.19608	0.32428	0.04517	0.06225	0.02137	0.02416	0.01387	0.01740	0.01166	0.00892	0.01013	0.00244	0.09524	0.00641	0.00435	0.01089
5	0.02923	0.02529	0.02587	0.02463	0.12859	0.13683	0.01731	0.40282	0.05800	0.04197	0.01858	0.01964	0.01384	0.00936	0.00816	0.00244	0.01016	0.00718	0.00693	0.01315
6	0.01134	0.00864	0.01053	0.01052	0.01277	0.00783	0.00820	0.01461	0.02121	0.02817	0.35630	0.07338	0.27374	0.01936	0.01007	0.00287	0.00462	0.10991	0.00841	0.00752
7	0.05122	0.51871	0.19610	0.01642	0.02473	0.02893	0.01808	0.02521	0.01693	0.02194	0.01238	0.01438	0.01056	0.00733	0.00596	0.00202	0.00962	0.00486	0.00361	0.01099
8	0.02053	0.48753	0.21505	0.01805	0.02666	0.02843	0.05501	0.02537	0.01722	0.02183	0.01279	0.01503	0.01074	0.00732	0.00630	0.00207	0.01012	0.00523	0.00358	0.01114
9	0.01029	0.00736	0.00979	0.01145	0.01209	0.00686	0.00772	0.01198	0.01668	0.02243	0.10722	0.63769	0.05732	0.02511	0.01052	0.00330	0.00473	0.02275	0.00786	0.00686
10	0.01057	0.00772	0.00935	0.01032	0.01127	0.00714	0.00686	0.01199	0.01616	0.02109	0.08539	0.39939	0.17351	0.16941	0.01713	0.00421	0.00533	0.01941	0.00723	0.00650
11	0.01197	0.00909	0.01155	0.01150	0.01375	0.00789	0.00819	0.01440	0.01774	0.02493	0.16330	0.42579	0.05068	0.01995	0.00949	0.00276	0.00492	0.01788	0.00741	0.16680
12	0.01004	0.00753	0.00933	0.01076	0.01184	0.00682	0.00735	0.01166	0.01668	0.02152	0.05558	0.54365	0.20759	0.02475	0.01040	0.00323	0.00466	0.02206	0.00771	0.00682
13	0.01012	0.00723	0.00964	0.01157	0.01205	0.00675	0.00771	0.01157	0.01591	0.02121	0.04579	0.70262	0.05495	0.02603	0.01060	0.00337	0.00482	0.02362	0.00771	0.00675
14	0.17253	0.01814	0.02782	0.15101	0.42338	0.01930	0.02171	0.02455	0.01755	0.02821	0.01465	0.01938	0.01195	0.00762	0.00761	0.00254	0.00937	0.00680	0.00425	0.01164
15	0.02120	0.01817	0.02949	0.04262	0.52006	0.01819	0.02205	0.05185	0.01984	0.05818	0.01801	0.02217	0.01454	0.00793	0.00794	0.00241	0.00897	0.00749	0.09632	0.01258
16	0.01047	0.00792	0.00973	0.01107	0.01224	0.00736	0.00761	0.01295	0.04158	0.02203	0.05402	0.53446	0.18947	0.02431	0.01034	0.00322	0.00475	0.02167	0.00774	0.00706
17	0.02302	0.02548	0.02679	0.11205	0.28361	0.26396	0.02014	0.02678	0.01981	0.02309	0.01515	0.01988	0.01276	0.01351	0.07556	0.00348	0.01318	0.00678	0.00416	0.01079
18	0.01187	0.00890	0.01335	0.01335	0.01483	0.01038	0.01038	0.01483	0.01335	0.01928	0.02225	0.03264	0.02077	0.06231	0.67512	0.01335	0.02225	0.00890	0.00445	0.00742
19	0.01187	0.00890	0.01335	0.01335	0.01483	0.01038	0.01038	0.01483	0.01335	0.01928	0.02225	0.03264	0.02077	0.06231	0.67512	0.01335	0.02225	0.00890	0.00445	0.00742
20	0.02056	0.01974	0.03372	0.05099	0.65622	0.01974	0.02550	0.02550	0.01892	0.02714	0.01563	0.02056	0.01316	0.00740	0.00822	0.00247	0.00987	0.00740	0.00411	0.01316
21	0.01549	0.00774	0.00774	0.00774	0.00968	0.00774	0.00581	0.01936	0.01742	0.03097	0.02710	0.03097	0.02129	0.00968	0.00581	0.00194	0.00387	0.00774	0.75416	0.00774
22	0.01208	0.00805	0.00906	0.00906	0.00906	0.00805	0.00503	0.01208	0.01208	0.01611	0.02618	0.05436	0.03020	0.70804	0.04228	0.00805	0.00805	0.01208	0.00503	0.00503
23	0.00990	0.00842	0.00853	0.00850	0.01127	0.00705	0.00638	0.01209	0.01914	0.02292	0.10902	0.07917	0.62769	0.02086	0.00982	0.00280	0.00420	0.01742	0.00778	0.00705
24	0.00982	0.00842	0.00842	0.00842	0.01122	0.00701	0.00631	0.01192	0.01894	0.02244	0.08416	0.07995	0.65285	0.02104	0.00982	0.00281	0.00421	0.01753	0.00771	0.00701
25	0.76672	0.01607	0.01221	0.01092	0.01607	0.01864	0.00900	0.02442	0.01414	0.03727	0.01157	0.01350	0.00900	0.00771	0.00514	0.00257	0.00643	0.00450	0.00514	0.00900
26	0.76672	0.01607	0.01221	0.01092	0.01607	0.01864	0.00900	0.02442	0.01414	0.03727	0.01157	0.01350	0.00900	0.00771	0.00514	0.00257	0.00643	0.00450	0.00514	0.00900
27	0.03531	0.01729	0.02123	0.01628	0.02278	0.01689	0.01345	0.24368	0.02906	0.45132	0.02834	0.02540	0.01834	0.01018	0.00834	0.00254	0.00779	0.00805	0.00960	0.01413
28	0.09378	0.01602	0.02499	0.01941	0.02453	0.01599	0.19983	0.12125	0.02293	0.03287	0.18962	0.03867	0.10585	0.01439	0.03996	0.00317	0.00904	0.01111	0.00669	0.00992
29	0.01176	0.00849	0.01110	0.01045	0.01241	0.00784	0.00784	0.01568	0.02352	0.03331	0.65184	0.06206	0.07839	0.01698	0.00980	0.00261	0.00392	0.01502	0.00914	0.00784
30	0.01187	0.00890	0.01335	0.01335	0.01483	0.01038	0.01038	0.01483	0.01335	0.01928	0.02225	0.03264	0.02077	0.06231	0.67512	0.01335	0.02225	0.00890	0.00445	0.00742
31	0.02125	0.02178	0.03307	0.10204	0.48092	0.09423	0.07435	0.02609	0.01930	0.02580	0.01533	0.02022	0.01265	0.00758	0.00828	0.00248	0.01090	0.00737	0.00410	0.01225
32	0.01666	0.04297	0.66500	0.02368	0.03596	0.01929	0.03069	0.02631	0.01754	0.02631	0.01491	0.01754	0.01052	0.00789	0.00789	0.00263	0.01228	0.00614	0.00351	0.01228
33	0.01368	0.00791	0.00844	0.00844	0.00935	0.00791	0.00540	0.01549	0.01459	0.02308	0.02661	0.04339	0.02602	0.38053	0.02518	0.00518	0.00609	0.01005	0.35635	0.00630
34	0.01012	0.00723	0.00964	0.01157	0.01205	0.00675	0.00771	0.01157	0.01591	0.02121	0.04579	0.70262	0.05495	0.02603	0.01060	0.00337	0.00482	0.02362	0.00771	0.00675
35	0.02271	0.18042	0.26437	0.02292	0.06387	0.16760	0.05770	0.08019	0.02081	0.02589	0.01433	0.01674	0.01117	0.00798	0.00743	0.00233	0.01185	0.00601	0.00418	0.01150
36	0.01669	0.01578	0.02672	0.55762	0.17988	0.01872	0.02357	0.02210	0.01708	0.02244	0.01494	0.02182	0.01150	0.00812	0.00829	0.00271	0.01083	0.00739	0.00378	0.01003
37	0.02889	0.03553	0.02563	0.02746	0.15480	0.54058	0.01799	0.03160	0.02259	0.02173	0.01341	0.01612	0.01120	0.00832	0.00764	0.00221	0.01393	0.00577	0.00425	0.01035
38	0.01010	0.00730	0.00957	0.01139	0.01200	0.00676	0.00763	0.01159	0.01608	0.02128	0.04794	0.66767	0.08851	0.02575	0.01056	0.00334	0.00479	0.02328	0.00771	0.00676
39	0.00982	0.00842	0.00842	0.00842	0.01122	0.00701	0.00631	0.01192	0.01894	0.02244	0.08416	0.07995	0.65285	0.02104	0.00982	0.00281	0.00421	0.01753	0.00771	0.00701
40	0.02056	0.01974	0.03372	0.05099	0.65622	0.01974	0.02550	0.02550	0.01892	0.02714	0.01563	0.02056	0.01316	0.00740	0.00822	0.00247	0.00987	0.00740	0.00411	0.01316
41	0.02011	0.02099	0.04089	0.04350	0.36884	0.02033	0.30714	0.02602	0.01924	0.02689	0.01618	0.02143	0.01290	0.00721	0.00897	0.00262	0.01181	0.00853	0.00415	0.01224
42	0.01000	0.00842	0.00867	0.00861	0.01133	0.00709	0.00645	0.01227	0.01936	0.02346	0.13711	0.07828	0.59927	0.02066	0.00982	0.00279	0.00418	0.01730	0.00785	0.00709
43	0.01187	0.00890	0.01335	0.01335	0.01483	0.01038	0.01038	0.01483	0.01335	0.01928	0.02225	0.03264	0.02077	0.06231	0.67512	0.01335	0.02225	0.00890	0.00445	0.00742
44	0.01188	0.00797	0.00912	0.00931	0.00936	0.00792	0.00531	0.01203	0.01247	0.01662	0.02816	0.12008	0.03271	0.63891	0.03907	0.00758	0.00773	0.01325	0.00531	0.00521
45	0.02066	0.01785	0.01878	0.01691	0.02160	0.02066	0.01315	0.04414	0.64121	0.03475	0.03381	0.03099	0.02536	0.01127	0.00845	0.00282	0.00657	0.00939	0.00845	0.01315
46	0.01569	0.01477	0.02492	0.68808	0.05722	0.01846	0.02307	0.02123	0.01661	0.02123	0.01477	0.02215	0.01107	0.00831	0.00831	0.00277	0.01107	0.00738	0.00369	0.00923
47	0.00982	0.00842	0.00842	0.00842	0.01122	0.00701	0.00631	0.01192	0.01894	0.02244	0.08416	0.07995	0.65285	0.02104	0.00982	0.00281	0.00421	0.01753	0.00771	0.00701
48	0.03103	0.03959	0.02354	0.02140	0.02568	0.67469	0.01605	0.03317	0.02354	0.02033	0.01284	0.01498	0.01070	0.00856	0.00749	0.00214	0.01498	0.00535	0.00428	0.00963
49	0.06511	0.03244	0.02389	0.02146	0.05237	0.40920	0.01604	0.22206	0.02785	0.03162	0.01516	0.01673	0.01182	0.00892	0.00767	0.00229	0.01250	0.00608	0.00560	0.01119
50	0.02760	0.01739	0.01986	0.01638	0.02187	0.01850	0.01314	0.17266	0.28289	0.22799	0.06701	0.02953	0.02453	0.01102	0.00847	0.00266	0.00714	0.00898	0.00901	0.01335
51	0.01187	0.00890	0.01335	0.01335	0.01483	0.01038	0.01038	0.01483	0.01335	0.01928	0.02225	0.03264	0.02077	0.06231	0.67512	0.01335	0.02225	0.00890	0.00445	0.00742
52	0.01885	0.03337	0.36875	0.02265	0.03217	0.07526	0.10028	0.02852	0.09696	0.02699	0.01734	0.01960	0.01290	0.00805	0.00795	0.00246	0.01124	0.00679	0.00446	0.10542
53	0.01549	0.00774	0.00774	0.00774	0.00968	0.00774	0.00581	0.01936	0.01742	0.03097	0.02710	0.03097	0.02129	0.00968	0.00581	0.00194	0.00387	0.00774	0.75416	0.00774
54	0.02271	0.67524	0.04241	0.01462	0.02157	0.06890	0.01432	0.02534	0.01725	0.01959	0.01162	0.01342	0.01066	0.00719	0.00545	0.00180	0.00923	0.00449	0.00359	0.01060
55	0.01162	0.00839	0.01098	0.01054	0.01238	0.00775	0.00783	0.01534	0.02289	0.03232	0.60193	0.11480	0.07646	0.01773	0.00986	0.00268	0.00399	0.01573	0.00903	0.00775
56	0.01129	0.00776	0.00950	0.01041	0.01070	0.00756	0.00655	0.01208	0.01403	0.01868	0.03540	0.33556	0.04163	0.38453	0.02730	0.00585	0.00664	0.04235	0.00630	0.00589
57	0.01208	0.00805	0.00906	0.00906	0.00906	0.00805	0.00503	0.01208	0.01208	0.01611	0.02618	0.05436	0.03020	0.70804	0.04228	0.00805	0.00805	0.01208	0.00503	0.00503
58	0.01723	0.01477	0.01723	0.01230	0.01969	0.01107	0.00984	0.02092	0.01723	0.02707	0.01477	0.01723	0.01230	0.00615	0.00615	0.00123	0.00615	0.00492	0.00492	0.75883
59	0.01898	0.19536	0.46631	0.02159	0.03225	0.02218	0.05184	0.02662	0.01775	0.05299	0.01501	0.01726	0.01109	0.00778	0.00740	0.00244	0.01134	0.00600	0.00385	0.01194
60	0.01057	0.00847	0.00903	0.00923	0.01145	0.00745	0.00681	0.01249	0.01776	0.02159	0.07002	0.07690	0.48343	0.14049	0.01562	0.00382	0.00522	0.07566	0.00724	0.00673
61	0.02570	0.35316	0.03407	0.02140	0.09536	0.29920	0.01626	0.02841	0.01989	0.02074	0.01255	0.01484	0.01096	0.00775	0.00656	0.00201	0.01154	0.00516	0.00392	0.01052
62	0.01714	0.07992	0.55874	0.06186	0.06915	0.02008	0.02901	0.02590	0.01752	0.02567	0.01474	0.01771	0.01070	0.00784	0.00778	0.00258	0.01188	0.00617	0.00355	0.01206
63	0.11609	0.11729	0.06036	0.01855	0.02410	0.31803	0.01543	0.11081	0.09355	0.02848	0.01597	0.01722	0.01260	0.00873	0.00718	0.00230	0.01131	0.00592	0.00526	0.01083
64	0.01722	0.02417	0.23076	0.02388	0.06472	0.01618	0.17250	0.02437	0.05180	0.05745	0.08594	0.14267	0.02687	0.01196	0.00910	0.00280	0.00991	0.01131	0.00559	0.01080
65	0.01202	0.00828	0.01019	0.01019	0.01059	0.00867	0.00645	0.01281	0.01242	0.01695	0.02514	0.04863	0.02771	0.53750	0.20942	0.00945	0.01180	0.01124	0.00488	0.00566
66	0.01844	0.02200	0.10871	0.21579	0.19839	0.01980	0.24487	0.02483	0.01838	0.02524	0.01574	0.02133	0.01209	0.00756	0.00879	0.00269	0.01198	0.00813	0.00396	0.01127
67	0.01049	0.00849	0.00934	0.00925	0.01180	0.00734	0.00702	0.01315	0.02016	0.02543	0.23288	0.07580	0.47440	0.02005	0.00988	0.00280	0.00428	0.04210	0.00809	0.00726
68	0.01855	0.01572	0.01665	0.01518	0.01943	0.01750	0.01188	0.06320	0.45200	0.03251	0.04403	0.04392	0.15455	0.01385	0.00889	0.00285	0.00627	0.04312	0.00825	0.01164
69	0.03158	0.02327	0.02493	0.01911	0.02576	0.02576	0.01579	0.62852	0.03906	0.05236	0.01995	0.01995	0.01413	0.00997	0.00831	0.00249	0.00914	0.00748	0.00831	0.01413
70	0.01116	0.00833	0.01037	0.01015	0.01212	0.00754	0.00750	0.01441	0.02168	0.02963	0.46226	0.13872	0.19780	0.01887	0.00989	0.00274	0.00408	0.01653	0.00868	0.00754
71	0.03158	0.02327	0.02493	0.01911	0.02576	0.02576	0.01579	0.62852	0.03906	0.05236	0.01995	0.01995	0.01413	0.00997	0.00831	0.00249	0.00914	0.00748	0.00831	0.01413
72	0.02018	0.46732	0.27143	0.01768	0.02669	0.02789	0.02026	0.02540	0.01712	0.02203	0.01278	0.01487	0.01061	0.00740	0.00627	0.00209	0.01013	0.00506	0.00354	0.01125
73	0.01176	0.00849	0.01110	0.01045	0.01241	0.00784	0.00784	0.01568	0.02352	0.03331	0.65184	0.06206	0.07839	0.01698	0.00980	0.00261	0.00392	0.01502	0.00914	0.00784
74	0.01187	0.00890	0.01335	0.01335	0.01483	0.01038	0.01038	0.01483	0.01335	0.01928	0.02225	0.03264	0.02077	0.06231	0.67512	0.01335	0.02225	0.00890	0.00445	0.00742
75	0.02845	0.02925	0.02268	0.01957	0.02463	0.31906	0.01521	0.20391	0.19100	0.03317	0.02038	0.02061	0.01554	0.00967	0.00798	0.00242	0.01112	0.00702	0.00652	0.01183
76	0.02810	0.02183	0.02170	0.01740	0.02285	0.08572	0.01409	0.44848	0.03298	0.04426	0.02039	0.02176	0.01519	0.01290	0.04745	0.00302	0.00975	0.00739	0.11233	0.01239
77	0.02718	0.03229	0.02728	0.03228	0.25752	0.43388	0.01952	0.03035	0.02184	0.02284	0.01387	0.01703	0.01160	0.00813	0.00776	0.00226	0.01310	0.00610	0.00422	0.01093
78	0.41484	0.05379	0.01752	0.01481	0.01952	0.26469	0.01167	0.02742	0.01798	0.02980	0.01296	0.01508	0.01043	0.00812	0.00607	0.00234	0.00959	0.00501	0.04914	0.00923
79	0.02043	0.01625	0.01755	0.01574	0.02013	0.01834	0.01224	0.03997	0.51772	0.06857	0.09671	0.03402	0.03035	0.01173	0.00847	0.00275	0.00621	0.00984	0.04053	0.01243
80	0.02131	0.01817	0.01915	0.01704	0.02185	0.02097	0.01331	0.07877	0.60553	0.03579	0.03299	0.03034	0.02469	0.01119	0.00844	0.00280	0.00673	0.00928	0.00844	0.01321
81	0.01012	0.00723	0.00964	0.01157	0.01205	0.00675	0.00771	0.01157	0.01591	0.02121	0.04579	0.70262	0.05495	0.02603	0.01060	0.00337	0.00482	0.02362	0.00771	0.00675
82	0.02273	0.67308	0.04235	0.01464	0.02158	0.07096	0.01432	0.02537	0.01728	0.01959	0.01163	0.01342	0.01066	0.00719	0.00546	0.00180	0.00925	0.00450	0.00360	0.01060
83	0.01208	0.00805	0.00906	0.00906	0.00906	0.00805	0.00503	0.01208	0.01208	0.01611	0.02618	0.05436	0.03020	0.70804	0.04228	0.00805	0.00805	0.01208	0.00503	0.00503
84	0.01096	0.00823	0.01015	0.01016	0.01204	0.00742	0.00743	0.01395	0.02092	0.02829	0.39439	0.18878	0.21739	0.01972	0.00996	0.00281	0.00416	0.01729	0.00851	0.00742
85	0.00991	0.00842	0.00854	0.00851	0.01128	0.00705	0.00638	0.01210	0.01915	0.02295	0.11067	0.07911	0.62603	0.02085	0.00982	0.00280	0.00419	0.01742	0.00778	0.00705
86	0.01188	0.00885	0.01310	0.01310	0.01449	0.01025	0.01007	0.01467	0.01328	0.01910	0.02248	0.03392	0.02133	0.10057	0.63762	0.01304	0.02141	0.00909	0.00448	0.00728
87	0.02803	0.02226	0.02841	0.02856	0.19936	0.02390	0.04555	0.43650	0.03267	0.04430	0.01862	0.02022	0.01379	0.00914	0.00835	0.00250	0.00956	0.00756	0.00698	0.01373
88	0.01951	0.01867	0.03183	0.18804	0.52737	0.01946	0.02497	0.02458	0.01842	0.02587	0.01544	0.02090	0.01271	0.00760	0.00824	0.00253	0.01013	0.00740	0.00402	0.01231
89	0.01729	0.01518	0.02235	0.06784	0.26668	0.01578	0.01689	0.02571	0.14789	0.03016	0.21660	0.03849	0.03702	0.01182	0.00889	0.00266	0.00734	0.03365	0.00667	0.01107
90	0.17838	0.02374	0.06076	0.03158	0.30111	0.15313	0.01898	0.02749	0.04760	0.02834	0.01550	0.01870	0.01255	0.00801	0.00732	0.00242	0.00992	0.00641	0.03678	0.01128
91	0.21941	0.03140	0.25890	0.02421	0.12820	0.15340	0.02110	0.02708	0.01809	0.02813	0.01371	0.01643	0.01058	0.00790	0.00713	0.00249	0.01089	0.00574	0.00420	0.01101
92	0.08583	0.11755	0.10229	0.02252	0.15421	0.01782	0.04128	0.05637	0.01930	0.06449	0.03280	0.07260	0.15612	0.01186	0.00807	0.00255	0.00813	0.00992	0.00566	0.01062

[dist]
# distance from previous block
# <min> <max>
20	79

[block]
# block no. 4 follows, 22 sequences, length 20
# corresponding to MSA columns:
# 347-366
name=unknown_E
#
# <colnr> <probs for GDERKNQSTAVLIFYWHMCP>
#	G	D	E	R	K	N	Q	S	T	A	V	L	I	F	Y	W	H	M	C	P
0	0.02704	0.14510	0.08719	0.01795	0.02388	0.22318	0.01580	0.08689	0.04844	0.14378	0.04604	0.02526	0.01846	0.01003	0.00777	0.00239	0.01042	0.04296	0.00614	0.01127
1	0.09276	0.18791	0.10791	0.01350	0.01844	0.01742	0.01277	0.04353	0.01871	0.02672	0.16643	0.03939	0.07368	0.10148	0.01217	0.00318	0.00749	0.04160	0.00586	0.00907
2	0.02070	0.43585	0.07941	0.01407	0.02006	0.02405	0.01365	0.02350	0.01787	0.07263	0.10816	0.02316	0.02179	0.01098	0.00905	0.07539	0.00810	0.00671	0.00491	0.00996
3	0.01939	0.37205	0.35979	0.01903	0.02877	0.02596	0.02260	0.02560	0.01722	0.02299	0.01326	0.01547	0.01059	0.00751	0.00663	0.00221	0.01061	0.00531	0.00353	0.01148
4	0.01750	0.14454	0.57080	0.02224	0.03374	0.02135	0.02820	0.02609	0.01744	0.02528	0.01440	0.01690	0.01054	0.00777	0.00750	0.00250	0.01176	0.00588	0.00351	0.01203
5	0.02221	0.71304	0.04353	0.01421	0.02132	0.03287	0.01421	0.02488	0.01688	0.01955	0.01155	0.01333	0.01066	0.00711	0.00533	0.00178	0.00888	0.00444	0.00355	0.01066
6	0.02221	0.71304	0.04353	0.01421	0.02132	0.03287	0.01421	0.02488	0.01688	0.01955	0.01155	0.01333	0.01066	0.00711	0.00533	0.00178	0.00888	0.00444	0.00355	0.01066
7	0.01240	0.07656	0.01447	0.01219	0.01367	0.01112	0.00907	0.01440	0.01421	0.01932	0.02867	0.22746	0.03125	0.15717	0.31032	0.00845	0.01350	0.01325	0.00540	0.00713
8	0.01390	0.01068	0.01304	0.01237	0.01493	0.01086	0.00957	0.02215	0.16022	0.03279	0.45395	0.05832	0.06356	0.01631	0.00967	0.00278	0.00488	0.07220	0.00884	0.00900
9	0.01187	0.00890	0.01335	0.01335	0.01483	0.01038	0.01038	0.01483	0.01335	0.01928	0.02225	0.03264	0.02077	0.06231	0.67512	0.01335	0.02225	0.00890	0.00445	0.00742
10	0.01208	0.00805	0.00906	0.00906	0.00906	0.00805	0.00503	0.01208	0.01208	0.01611	0.02618	0.05436	0.03020	0.70804	0.04228	0.00805	0.00805	0.01208	0.00503	0.00503
11	0.02984	0.02823	0.02444	0.08480	0.02878	0.25496	0.01659	0.35870	0.03138	0.03799	0.01693	0.01840	0.01262	0.00931	0.00802	0.00239	0.01140	0.00672	0.00643	0.01206
12	0.01208	0.00805	0.00906	0.00906	0.00906	0.00805	0.00503	0.01208	0.01208	0.01611	0.02618	0.05436	0.03020	0.70804	0.04228	0.00805	0.00805	0.01208	0.00503	0.00503
13	0.02961	0.03750	0.02253	0.02053	0.02471	0.62984	0.01540	0.03175	0.02323	0.02047	0.01763	0.01935	0.05383	0.00940	0.00765	0.00218	0.01426	0.00617	0.00451	0.00945
14	0.02590	0.02986	0.02853	0.03591	0.33488	0.35353	0.02068	0.02941	0.02127	0.02367	0.01421	0.01772	0.01191	0.00799	0.00785	0.00230	0.01247	0.00636	0.00420	0.01136
