[name]
unknown

[dist]
# distance from previous block
# <min> <max>
2	56

[block]
# block no. 0 follows, 22 sequences, length 177
# corresponding to MSA columns:
# 59-235
name=unknown_A
#
# <colnr> <probs for GDERKNQSTAVLIFYWHMCP>
#	G	D	E	R	K	N	Q	S	T	A	V	L	I	F	Y	W	H	M	C	P
0	0.02032	0.01871	0.02939	0.17683	0.40789	0.02000	0.02276	0.06839	0.09885	0.02861	0.01805	0.02217	0.01434	0.00826	0.00828	0.00258	0.00965	0.00766	0.00486	0.01241
1	0.01828	0.01530	0.02256	0.10054	0.25151	0.01606	0.01719	0.02647	0.15192	0.06002	0.08787	0.14212	0.02935	0.01255	0.00884	0.00275	0.00772	0.01135	0.00641	0.01118
2	0.01655	0.01628	0.05416	0.14888	0.21752	0.01561	0.04142	0.02275	0.06786	0.02650	0.09436	0.06707	0.06919	0.01186	0.00884	0.00269	0.00847	0.05583	0.00563	0.04852
3	0.01812	0.01656	0.02424	0.31260	0.16344	0.01848	0.01953	0.02801	0.17981	0.02656	0.01990	0.02360	0.01534	0.00866	0.00809	0.00255	0.00913	0.00764	0.00515	0.09256
4	0.10082	0.02480	0.15808	0.06836	0.08916	0.10030	0.01947	0.05690	0.01764	0.02573	0.01478	0.01965	0.01230	0.01655	0.09929	0.00416	0.15071	0.00674	0.00427	0.01029
5	0.01940	0.01446	0.01946	0.06763	0.15471	0.04182	0.01448	0.02470	0.07401	0.12893	0.06133	0.03652	0.12012	0.02310	0.15663	0.00500	0.01101	0.00992	0.00636	0.01042
6	0.01899	0.01585	0.02141	0.15965	0.10283	0.01879	0.01639	0.07893	0.12434	0.02881	0.02039	0.02432	0.01615	0.01040	0.01164	0.00272	0.14663	0.00779	0.16354	0.01046
7	0.01786	0.10200	0.02604	0.21597	0.12031	0.01851	0.04734	0.07358	0.01921	0.02532	0.02177	0.03629	0.02015	0.01695	0.08116	0.00395	0.01113	0.12746	0.00504	0.00996
8	0.01809	0.01745	0.02553	0.06940	0.39462	0.06099	0.01939	0.02214	0.01924	0.02581	0.08009	0.09137	0.09753	0.01160	0.00871	0.00259	0.00866	0.01054	0.00527	0.01097
9	0.09873	0.01630	0.02600	0.43605	0.22046	0.01884	0.02222	0.02277	0.01699	0.02463	0.01466	0.02076	0.01143	0.00799	0.00794	0.00266	0.01023	0.00707	0.00397	0.01030
10	0.02056	0.01974	0.03372	0.05099	0.65622	0.01974	0.02550	0.02550	0.01892	0.02714	0.01563	0.02056	0.01316	0.00740	0.00822	0.00247	0.00987	0.00740	0.00411	0.01316
11	0.03103	0.03959	0.02354	0.02140	0.02568	0.67469	0.01605	0.03317	0.02354	0.02033	0.01284	0.01498	0.01070	0.00856	0.00749	0.00214	0.01498	0.00535	0.00428	0.00963
12	0.01201	0.00832	0.01043	0.01043	0.01091	0.00880	0.00674	0.01296	0.01249	0.01712	0.02492	0.04742	0.02719	0.50156	0.24464	0.00975	0.01259	0.01106	0.00485	0.00580
13	0.01756	0.01532	0.01881	0.19466	0.06286	0.08559	0.01490	0.06187	0.01925	0.05180	0.07643	0.11923	0.05274	0.02303	0.14384	0.00487	0.01168	0.01073	0.00568	0.00913
14	0.01666	0.04297	0.66500	0.02368	0.03596	0.01929	0.03069	0.02631	0.01754	0.02631	0.01491	0.01754	0.01052	0.00789	0.00789	0.00263	0.01228	0.00614	0.00351	0.01228
15	0.01025	0.00766	0.00978	0.01110	0.01218	0.00720	0.00771	0.01200	0.01627	0.02126	0.05134	0.49817	0.17758	0.02892	0.08271	0.00434	0.00659	0.02073	0.00736	0.00688
16	0.01578	0.01503	0.01494	0.01451	0.01639	0.14475	0.01094	0.01825	0.01528	0.01915	0.02078	0.03147	0.01977	0.12296	0.46971	0.01049	0.01921	0.00853	0.00448	0.00760
17	0.19377	0.01441	0.01445	0.01347	0.01726	0.04016	0.01086	0.05468	0.13068	0.08777	0.02784	0.03988	0.02437	0.04444	0.00941	0.00301	0.00690	0.13265	0.12418	0.00980
18	0.12606	0.27961	0.29627	0.01828	0.02703	0.07825	0.02049	0.02609	0.01732	0.02494	0.01306	0.01524	0.01037	0.00764	0.00655	0.00227	0.01045	0.00523	0.00382	0.01101
19	0.01737	0.07813	0.02580	0.09129	0.02736	0.06107	0.13695	0.02155	0.01698	0.02322	0.01736	0.02317	0.01470	0.02252	0.19250	0.00522	0.01349	0.00739	0.03631	0.16762
20	0.03006	0.03816	0.02285	0.02080	0.02502	0.64393	0.01560	0.03219	0.02333	0.02043	0.01613	0.01797	0.04029	0.00914	0.00760	0.00217	0.01448	0.00591	0.00444	0.00951
21	0.01933	0.29199	0.40689	0.02006	0.03008	0.05195	0.02395	0.02607	0.01755	0.02354	0.01357	0.01586	0.01058	0.00763	0.00692	0.00229	0.01113	0.00547	0.00356	0.01156
22	0.04647	0.01403	0.02116	0.42521	0.04152	0.01636	0.01808	0.04642	0.04733	0.08025	0.09676	0.02782	0.02118	0.01087	0.00971	0.04433	0.00916	0.00840	0.00539	0.00953
23	0.17466	0.01531	0.02272	0.50989	0.08151	0.01857	0.02023	0.02214	0.01622	0.02494	0.01414	0.02023	0.01075	0.00813	0.00763	0.00271	0.01003	0.00677	0.00402	0.00940
24	0.03235	0.03421	0.02264	0.02000	0.02474	0.53470	0.01524	0.03472	0.02359	0.15592	0.01705	0.01779	0.01279	0.00892	0.00767	0.00223	0.01331	0.00599	0.00555	0.01058
25	0.02268	0.02190	0.02832	0.21399	0.29209	0.11595	0.02177	0.13034	0.02247	0.02893	0.01574	0.02007	0.01240	0.00826	0.00815	0.00251	0.01082	0.00711	0.00475	0.01175
26	0.01935	0.01940	0.03409	0.11285	0.33988	0.02100	0.14241	0.02413	0.01754	0.02493	0.01481	0.02062	0.01236	0.00887	0.01240	0.00280	0.14922	0.00785	0.00399	0.01151
27	0.01321	0.00905	0.01017	0.00954	0.01256	0.00775	0.00728	0.01582	0.02043	0.09429	0.19853	0.07055	0.46269	0.01901	0.00965	0.00274	0.00446	0.01600	0.00830	0.00796
28	0.10575	0.44094	0.03430	0.01595	0.02202	0.21840	0.01418	0.02724	0.01852	0.02170	0.01193	0.01383	0.01049	0.00760	0.00594	0.00197	0.01039	0.00471	0.00394	0.01018
29	0.01410	0.01166	0.01151	0.01127	0.01204	0.08103	0.00732	0.01493	0.01358	0.01721	0.02393	0.04568	0.02617	0.50111	0.16674	0.00848	0.01168	0.01070	0.00483	0.00602
30	0.02892	0.02178	0.02326	0.01832	0.02449	0.02417	0.01498	0.50878	0.13563	0.04829	0.02481	0.02419	0.04207	0.01064	0.00840	0.00256	0.00852	0.00820	0.00831	0.01368
31	0.01187	0.00890	0.01335	0.01335	0.01483	0.01038	0.01038	0.01483	0.01335	0.01928	0.02225	0.03264	0.02077	0.06231	0.67512	0.01335	0.02225	0.00890	0.00445	0.00742
32	0.01189	0.00881	0.01288	0.01288	0.01421	0.01013	0.00980	0.01454	0.01321	0.01894	0.02268	0.03500	0.02179	0.13253	0.60630	0.01278	0.02071	0.00925	0.00451	0.00716
33	0.01007	0.00843	0.00876	0.00868	0.01137	0.00712	0.00651	0.01241	0.01953	0.02385	0.15750	0.07764	0.57863	0.02052	0.00982	0.00278	0.00417	0.01721	0.00790	0.00712
34	0.03103	0.03959	0.02354	0.02140	0.02568	0.67469	0.01605	0.03317	0.02354	0.02033	0.01284	0.01498	0.01070	0.00856	0.00749	0.00214	0.01498	0.00535	0.00428	0.00963
35	0.01276	0.01104	0.01153	0.01218	0.01471	0.05393	0.00993	0.01559	0.01933	0.02331	0.06249	0.08123	0.35624	0.02098	0.01035	0.00319	0.00638	0.25991	0.00745	0.00746
36	0.01666	0.04297	0.66500	0.02368	0.03596	0.01929	0.03069	0.02631	0.01754	0.02631	0.01491	0.01754	0.01052	0.00789	0.00789	0.00263	0.01228	0.00614	0.00351	0.01228
37	0.02993	0.02127	0.02313	0.01824	0.02447	0.02339	0.01490	0.45191	0.15957	0.10911	0.02402	0.02301	0.01704	0.01027	0.00834	0.00257	0.00842	0.00795	0.00853	0.01393
38	0.02035	0.01749	0.01855	0.01684	0.02142	0.02019	0.01316	0.04299	0.61468	0.03433	0.03425	0.03367	0.02632	0.01177	0.00858	0.00286	0.00662	0.03460	0.00842	0.01291
39	0.00991	0.00842	0.00855	0.00851	0.01128	0.00705	0.00639	0.01210	0.01916	0.02296	0.11146	0.07909	0.62522	0.02084	0.00982	0.00280	0.00419	0.01741	0.00778	0.00705
40	0.01058	0.00795	0.00979	0.01107	0.01243	0.00729	0.00801	0.01251	0.01712	0.02190	0.05619	0.40251	0.23132	0.05145	0.01177	0.00346	0.00518	0.10498	0.00760	0.00689
41	0.01666	0.04297	0.66500	0.02368	0.03596	0.01929	0.03069	0.02631	0.01754	0.02631	0.01491	0.01754	0.01052	0.00789	0.00789	0.00263	0.01228	0.00614	0.00351	0.01228
42	0.01039	0.00742	0.00994	0.01187	0.01247	0.00698	0.00817	0.01202	0.01617	0.02150	0.04564	0.65329	0.05437	0.02578	0.01067	0.00341	0.00505	0.07034	0.00771	0.00682
43	0.01012	0.00723	0.00964	0.01157	0.01205	0.00675	0.00771	0.01157	0.01591	0.02121	0.04579	0.70262	0.05495	0.02603	0.01060	0.00337	0.00482	0.02362	0.00771	0.00675
44	0.01012	0.00723	0.00964	0.01157	0.01205	0.00675	0.00771	0.01157	0.01591	0.02121	0.04579	0.70262	0.05495	0.02603	0.01060	0.00337	0.00482	0.02362	0.00771	0.00675
45	0.02221	0.71304	0.04353	0.01421	0.02132	0.03287	0.01421	0.02488	0.01688	0.01955	0.01155	0.01333	0.01066	0.00711	0.00533	0.00178	0.00888	0.00444	0.00355	0.01066
46	0.03063	0.07048	0.02446	0.02107	0.02548	0.64525	0.01597	0.03279	0.02324	0.02030	0.01278	0.01491	0.01070	0.00849	0.00739	0.00212	0.01470	0.00531	0.00425	0.00968
47	0.03105	0.03896	0.02360	0.02131	0.02569	0.64946	0.01604	0.05632	0.02415	0.02158	0.01312	0.01517	0.01083	0.00862	0.00752	0.00215	0.01475	0.00543	0.00444	0.00981
48	0.01057	0.00776	0.00986	0.01122	0.01229	0.00718	0.00790	0.01245	0.01705	0.02235	0.09261	0.47415	0.15155	0.05366	0.01186	0.00347	0.00506	0.07446	0.00769	0.00687
49	0.01666	0.04297	0.66500	0.02368	0.03596	0.01929	0.03069	0.02631	0.01754	0.02631	0.01491	0.01754	0.01052	0.00789	0.00789	0.00263	0.01228	0.00614	0.00351	0.01228
50	0.03158	0.02327	0.02493	0.01911	0.02576	0.02576	0.01579	0.62852	0.03906	0.05236	0.01995	0.01995	0.01413	0.00997	0.00831	0.00249	0.00914	0.00748	0.00831	0.01413
51	0.01201	0.00833	0.01043	0.01043	0.01091	0.00880	0.00675	0.01296	0.01249	0.01712	0.02492	0.04741	0.02718	0.50136	0.24484	0.00975	0.01260	0.01106	0.00485	0.00580
52	0.02100	0.02064	0.03280	0.04580	0.53850	0.05007	0.05707	0.02752	0.07302	0.02746	0.01714	0.02131	0.01407	0.00777	0.00830	0.00250	0.01005	0.00761	0.00450	0.01289
53	0.03107	0.03847	0.02364	0.02124	0.02569	0.63013	0.01603	0.07406	0.02461	0.02253	0.01333	0.01532	0.01094	0.00866	0.00755	0.00216	0.01458	0.00550	0.00456	0.00994
54	0.03727	0.01414	0.01928	0.01478	0.02121	0.01221	0.01221	0.04049	0.02378	0.66198	0.03277	0.02828	0.02056	0.01028	0.00835	0.00257	0.00707	0.00835	0.01028	0.01414
55	0.76672	0.01607	0.01221	0.01092	0.01607	0.01864	0.00900	0.02442	0.01414	0.03727	0.01157	0.01350	0.00900	0.00771	0.00514	0.00257	0.00643	0.00450	0.00514	0.00900
56	0.02056	0.01974	0.03372	0.05099	0.65622	0.01974	0.02550	0.02550	0.01892	0.02714	0.01563	0.02056	0.01316	0.00740	0.00822	0.00247	0.00987	0.00740	0.00411	0.01316
57	0.01012	0.00723	0.00964	0.01157	0.01205	0.00675	0.00771	0.01157	0.01591	0.02121	0.04579	0.70262	0.05495	0.02603	0.01060	0.00337	0.00482	0.02362	0.00771	0.00675
58	0.01012	0.00723	0.00964	0.01157	0.01205	0.00675	0.00771	0.01157	0.01591	0.02121	0.04579	0.70262	0.05495	0.02603	0.01060	0.00337	0.00482	0.02362	0.00771	0.00675
59	0.01208	0.00805	0.00906	0.00906	0.00906	0.00805	0.00503	0.01208	0.01208	0.01611	0.02618	0.05436	0.03020	0.70804	0.04228	0.00805	0.00805	0.01208	0.00503	0.00503
60	0.01037	0.00844	0.00918	0.00900	0.01156	0.00725	0.00675	0.01299	0.02024	0.02555	0.24624	0.07484	0.48883	0.01988	0.00981	0.00275	0.00413	0.01682	0.00812	0.00725
61	0.01034	0.00844	0.00914	0.00897	0.01154	0.00724	0.00672	0.01294	0.02017	0.02538	0.23770	0.07511	0.49747	0.01994	0.00981	0.00275	0.00413	0.01685	0.00810	0.00724
62	0.01012	0.00723	0.00964	0.01157	0.01205	0.00675	0.00771	0.01157	0.01591	0.02121	0.04579	0.70262	0.05495	0.02603	0.01060	0.00337	0.00482	0.02362	0.00771	0.00675
63	0.03084	0.02256	0.02414	0.01859	0.02502	0.02493	0.01533	0.60051	0.03806	0.05137	0.02027	0.02045	0.01446	0.00996	0.00820	0.00247	0.00890	0.00749	0.04260	0.01383
64	0.76672	0.01607	0.01221	0.01092	0.01607	0.01864	0.00900	0.02442	0.01414	0.03727	0.01157	0.01350	0.00900	0.00771	0.00514	0.00257	0.00643	0.00450	0.00514	0.00900
65	0.01057	0.00809	0.00979	0.01075	0.01243	0.00731	0.00792	0.01279	0.01815	0.02322	0.11398	0.33058	0.28336	0.02293	0.01035	0.00315	0.00487	0.09486	0.00783	0.00706
66	0.03197	0.02264	0.02454	0.01882	0.02545	0.02483	0.01554	0.58814	0.03801	0.09422	0.02083	0.02052	0.01457	0.00999	0.00831	0.00250	0.00900	0.00754	0.00845	0.01413
67	0.02042	0.01645	0.01932	0.01606	0.05579	0.01481	0.01201	0.09200	0.12478	0.05864	0.01936	0.02050	0.01510	0.00768	0.00698	0.00176	0.00679	0.00624	0.00607	0.47924
68	0.02463	0.02118	0.02494	0.28660	0.12401	0.14808	0.01946	0.09338	0.02190	0.12939	0.01799	0.02127	0.01316	0.00873	0.00814	0.00254	0.01082	0.00715	0.00544	0.01118
69	0.01364	0.01038	0.01264	0.01216	0.01445	0.01055	0.00921	0.02111	0.14710	0.03101	0.39625	0.09332	0.06032	0.06431	0.01195	0.00318	0.00512	0.06615	0.00851	0.00865
70	0.01058	0.00756	0.01017	0.01210	0.01278	0.00715	0.00852	0.01237	0.01636	0.02172	0.04553	0.61639	0.05393	0.02559	0.01073	0.00344	0.00522	0.10529	0.00770	0.00688
71	0.01187	0.00890	0.01335	0.01335	0.01483	0.01038	0.01038	0.01483	0.01335	0.01928	0.02225	0.03264	0.02077	0.06231	0.67512	0.01335	0.02225	0.00890	0.00445	0.00742
72	0.01084	0.00784	0.00924	0.00994	0.01082	0.00733	0.00646	0.01203	0.01553	0.02021	0.07598	0.30675	0.17351	0.27018	0.02181	0.00490	0.00581	0.01776	0.00682	0.00624
73	0.02056	0.01974	0.03372	0.05099	0.65622	0.01974	0.02550	0.02550	0.01892	0.02714	0.01563	0.02056	0.01316	0.00740	0.00822	0.00247	0.00987	0.00740	0.00411	0.01316
74	0.01592	0.01500	0.02534	0.65743	0.08603	0.01852	0.02319	0.02143	0.01672	0.02151	0.01481	0.02207	0.01117	0.00826	0.00830	0.00275	0.01102	0.00738	0.00371	0.00942
75	0.01085	0.00846	0.00984	0.00950	0.01185	0.00745	0.00712	0.01392	0.02137	0.02821	0.38557	0.07045	0.34783	0.01889	0.00981	0.00270	0.00405	0.01620	0.00847	0.00745
76	0.01012	0.00723	0.00964	0.01157	0.01205	0.00675	0.00771	0.01157	0.01591	0.02121	0.04579	0.70262	0.05495	0.02603	0.01060	0.00337	0.00482	0.02362	0.00771	0.00675
77	0.03022	0.10446	0.02567	0.02044	0.02526	0.54060	0.01584	0.09710	0.02457	0.02374	0.01349	0.01536	0.01107	0.00857	0.00737	0.00214	0.01374	0.00549	0.00465	0.01022
78	0.01012	0.00723	0.00964	0.01157	0.01205	0.00675	0.00771	0.01157	0.01591	0.02121	0.04579	0.70262	0.05495	0.02603	0.01060	0.00337	0.00482	0.02362	0.00771	0.00675
79	0.01082	0.00846	0.00981	0.00947	0.01184	0.00744	0.00710	0.01386	0.02130	0.02807	0.37785	0.07069	0.35565	0.01894	0.00981	0.00271	0.00406	0.01623	0.00845	0.00744
80	0.02139	0.05863	0.02476	0.02056	0.02224	0.20453	0.01669	0.02344	0.01599	0.02000	0.01248	0.01833	0.01171	0.01675	0.07822	0.00399	0.41050	0.00674	0.00388	0.00917
81	0.01102	0.00769	0.00977	0.01080	0.01120	0.00758	0.00696	0.01207	0.01424	0.01912	0.03625	0.39762	0.04249	0.28401	0.08494	0.00606	0.00767	0.01793	0.00641	0.00617
82	0.01208	0.00805	0.00906	0.00906	0.00906	0.00805	0.00503	0.01208	0.01208	0.01611	0.02618	0.05436	0.03020	0.70804	0.04228	0.00805	0.00805	0.01208	0.00503	0.00503
83	0.01208	0.00805	0.00906	0.00906	0.00906	0.00805	0.00503	0.01208	0.01208	0.01611	0.02618	0.05436	0.03020	0.70804	0.04228	0.00805	0.00805	0.01208	0.00503	0.00503
84	0.01296	0.01060	0.01540	0.01487	0.01595	0.01304	0.01167	0.01552	0.01350	0.01964	0.02251	0.10257	0.02249	0.04868	0.47156	0.01030	0.15625	0.01017	0.00464	0.00768
85	0.02056	0.01974	0.03372	0.05099	0.65622	0.01974	0.02550	0.02550	0.01892	0.02714	0.01563	0.02056	0.01316	0.00740	0.00822	0.00247	0.00987	0.00740	0.00411	0.01316
86	0.76672	0.01607	0.01221	0.01092	0.01607	0.01864	0.00900	0.02442	0.01414	0.03727	0.01157	0.01350	0.00900	0.00771	0.00514	0.00257	0.00643	0.00450	0.00514	0.00900
87	0.76672	0.01607	0.01221	0.01092	0.01607	0.01864	0.00900	0.02442	0.01414	0.03727	0.01157	0.01350	0.00900	0.00771	0.00514	0.00257	0.00643	0.00450	0.00514	0.00900
88	0.01875	0.01925	0.02855	0.05683	0.23728	0.08803	0.14611	0.02406	0.04645	0.02579	0.05972	0.03641	0.12413	0.01116	0.00900	0.00266	0.00987	0.03997	0.00534	0.01065
89	0.01932	0.01838	0.03123	0.14899	0.53276	0.01894	0.02430	0.02419	0.01842	0.02594	0.01688	0.05217	0.01475	0.00840	0.00835	0.00256	0.00983	0.00814	0.00421	0.01225
90	0.01208	0.00805	0.00906	0.00906	0.00906	0.00805	0.00503	0.01208	0.01208	0.01611	0.02618	0.05436	0.03020	0.70804	0.04228	0.00805	0.00805	0.01208	0.00503	0.00503
91	0.01187	0.00890	0.01335	0.01335	0.01483	0.01038	0.01038	0.01483	0.01335	0.01928	0.02225	0.03264	0.02077	0.06231	0.67512	0.01335	0.02225	0.00890	0.00445	0.00742
92	0.01818	0.01818	0.02545	0.02181	0.02181	0.02545	0.01818	0.01999	0.01272	0.01999	0.01091	0.01818	0.01091	0.01454	0.02726	0.00364	0.69284	0.00727	0.00364	0.00909
93	0.03158	0.02327	0.02493	0.01911	0.02576	0.02576	0.01579	0.62852	0.03906	0.05236	0.01995	0.01995	0.01413	0.00997	0.00831	0.00249	0.00914	0.00748	0.00831	0.01413
94	0.02245	0.38131	0.03136	0.01539	0.02097	0.20192	0.01343	0.02497	0.01873	0.02042	0.02054	0.02227	0.08115	0.01201	0.04333	0.00260	0.01063	0.00638	0.00432	0.04579
95	0.01139	0.00859	0.01077	0.01180	0.01370	0.00797	0.00934	0.01417	0.01886	0.02424	0.12323	0.21457	0.24468	0.02234	0.01058	0.00327	0.00555	0.22981	0.00785	0.00728
96	0.01818	0.01818	0.02545	0.02181	0.02181	0.02545	0.01818	0.01999	0.01272	0.01999	0.01091	0.01818	0.01091	0.01454	0.02726	0.00364	0.69284	0.00727	0.00364	0.00909
97	0.01080	0.00756	0.00957	0.01076	0.01120	0.00720	0.00694	0.01200	0.01531	0.02055	0.08169	0.46967	0.04934	0.22420	0.01978	0.00469	0.00570	0.01966	0.00703	0.00632
98	0.02400	0.13322	0.06262	0.03269	0.27199	0.12011	0.07425	0.13020	0.02274	0.02918	0.01539	0.01852	0.01240	0.00796	0.00780	0.00235	0.01083	0.00680	0.00475	0.01220
99	0.01056	0.00853	0.00945	0.00945	0.01198	0.00741	0.00724	0.01324	0.02004	0.02522	0.21599	0.07679	0.46798	0.02023	0.00995	0.00284	0.00441	0.06338	0.00805	0.00726
100	0.01329	0.00849	0.01070	0.01134	0.01321	0.00765	0.00825	0.01536	0.01806	0.09197	0.07982	0.40519	0.20031	0.02247	0.01019	0.00314	0.00507	0.05968	0.00805	0.00773
101	0.01071	0.00818	0.01139	0.01209	0.01336	0.00753	0.03418	0.01280	0.01740	0.02317	0.12883	0.52096	0.12125	0.02347	0.01038	0.00319	0.00503	0.02122	0.00775	0.00711
102	0.01287	0.00882	0.01037	0.01013	0.01063	0.00915	0.00629	0.03846	0.01341	0.01811	0.02533	0.04966	0.02811	0.58200	0.13556	0.00861	0.01022	0.01141	0.00508	0.00577
103	0.01002	0.00761	0.00925	0.01056	0.01178	0.00683	0.00726	0.01168	0.01687	0.02160	0.05806	0.50352	0.24613	0.02443	0.01035	0.00319	0.00462	0.02167	0.00771	0.00683
104	0.01886	0.01980	0.02474	0.09290	0.02693	0.14976	0.14253	0.02167	0.01659	0.02035	0.01785	0.03043	0.01741	0.23281	0.02231	0.00447	0.11891	0.00897	0.00434	0.00836
105	0.02677	0.14740	0.02923	0.05008	0.13615	0.14225	0.01741	0.25841	0.05568	0.03435	0.01686	0.01858	0.01313	0.00876	0.00763	0.00232	0.01023	0.00663	0.00583	0.01230
106	0.01798	0.01863	0.01913	0.19409	0.02894	0.18949	0.01525	0.02141	0.01693	0.02008	0.01776	0.02516	0.01552	0.03370	0.32077	0.00756	0.01736	0.00755	0.00420	0.00849
107	0.01095	0.00866	0.00999	0.01024	0.01269	0.00770	0.00807	0.01379	0.01994	0.02523	0.19598	0.07896	0.40884	0.02057	0.01015	0.00297	0.00484	0.13510	0.00800	0.00732
108	0.02007	0.01924	0.03283	0.11537	0.59569	0.01961	0.02525	0.02506	0.01868	0.02654	0.01554	0.02072	0.01295	0.00749	0.00823	0.00250	0.00999	0.00740	0.00407	0.01276
109	0.02007	0.01410	0.01656	0.01521	0.01853	0.01481	0.01200	0.24732	0.02545	0.05793	0.03414	0.25698	0.03542	0.05339	0.01145	0.00334	0.00730	0.13821	0.00789	0.00993
110	0.01854	0.01872	0.01979	0.16598	0.02781	0.16854	0.01540	0.04713	0.01749	0.02143	0.01736	0.02446	0.01517	0.03162	0.28953	0.00712	0.07328	0.00754	0.00434	0.00876
111	0.01803	0.01488	0.01709	0.06126	0.02064	0.07292	0.01260	0.14152	0.01991	0.02686	0.02070	0.02768	0.01789	0.04032	0.39803	0.00880	0.01717	0.00813	0.04646	0.00912
112	0.01590	0.01193	0.01397	0.01324	0.01642	0.01194	0.01085	0.14458	0.02406	0.03147	0.15847	0.06849	0.22248	0.01859	0.01003	0.00303	0.00630	0.20131	0.00807	0.00887
113	0.01761	0.05251	0.01968	0.02072	0.15125	0.01524	0.01312	0.14079	0.02185	0.02896	0.06399	0.11331	0.17198	0.07125	0.05720	0.00380	0.00825	0.01218	0.00647	0.00984
114	0.01643	0.01002	0.01117	0.00962	0.01283	0.00894	0.00706	0.01940	0.01659	0.06155	0.02395	0.03213	0.02076	0.15636	0.01375	0.00308	0.00554	0.00795	0.35658	0.20632
115	0.02400	0.01849	0.02264	0.23163	0.03379	0.02112	0.01685	0.32795	0.07088	0.03887	0.02002	0.02261	0.01470	0.00950	0.00805	0.00254	0.00901	0.00761	0.08796	0.01180
116	0.01168	0.00968	0.01331	0.01229	0.01502	0.00861	0.05803	0.01461	0.01929	0.02537	0.19652	0.21040	0.27042	0.01942	0.00988	0.00286	0.00534	0.04392	0.00761	0.04575
117	0.01323	0.01096	0.01708	0.19241	0.02644	0.01335	0.01417	0.01681	0.01418	0.01984	0.01965	0.02906	0.01766	0.04538	0.46294	0.01001	0.05623	0.00841	0.00420	0.00799
118	0.00984	0.00833	0.00850	0.00863	0.01128	0.00699	0.00641	0.01190	0.01873	0.02236	0.08152	0.12271	0.61179	0.02138	0.00987	0.00284	0.00425	0.01795	0.00771	0.00699
119	0.01197	0.00850	0.01130	0.01130	0.01208	0.00927	0.00783	0.01352	0.01274	0.01777	0.02412	0.04301	0.02527	0.37050	0.37308	0.01082	0.01548	0.01042	0.00473	0.00628
120	0.03103	0.03959	0.02354	0.02140	0.02568	0.67469	0.01605	0.03317	0.02354	0.02033	0.01284	0.01498	0.01070	0.00856	0.00749	0.00214	0.01498	0.00535	0.00428	0.00963
121	0.01012	0.00723	0.00964	0.01157	0.01205	0.00675	0.00771	0.01157	0.01591	0.02121	0.04579	0.70262	0.05495	0.02603	0.01060	0.00337	0.00482	0.02362	0.00771	0.00675
122	0.01012	0.00723	0.00964	0.01157	0.01205	0.00675	0.00771	0.01157	0.01591	0.02121	0.04579	0.70262	0.05495	0.02603	0.01060	0.00337	0.00482	0.02362	0.00771	0.00675
123	0.01109	0.00793	0.01073	0.01254	0.01348	0.00757	0.00927	0.01330	0.01714	0.02276	0.07322	0.50646	0.05407	0.02477	0.01080	0.00346	0.00555	0.18105	0.00776	0.00704
124	0.02680	0.01823	0.01966	0.01562	0.02084	0.01975	0.01272	0.41942	0.03216	0.07221	0.05131	0.02505	0.01918	0.01023	0.00774	0.00236	0.00747	0.00793	0.19910	0.01221
125	0.03050	0.03858	0.02406	0.02291	0.05775	0.64138	0.01653	0.03278	0.02331	0.02068	0.01298	0.01527	0.01083	0.00850	0.00753	0.00216	0.01472	0.00545	0.00427	0.00981
126	0.03103	0.03959	0.02354	0.02140	0.02568	0.67469	0.01605	0.03317	0.02354	0.02033	0.01284	0.01498	0.01070	0.00856	0.00749	0.00214	0.01498	0.00535	0.00428	0.00963
127	0.02917	0.18190	0.02777	0.01988	0.02476	0.53906	0.01566	0.03142	0.02213	0.02017	0.01257	0.01463	0.01069	0.00825	0.00703	0.00206	0.01369	0.00516	0.00413	0.00985
128	0.01038	0.00794	0.01000	0.01093	0.01235	0.00757	0.00781	0.01234	0.01635	0.02121	0.05319	0.36938	0.23763	0.03180	0.14502	0.00522	0.00816	0.01871	0.00705	0.00697
129	0.01993	0.04908	0.03009	0.04051	0.46311	0.04960	0.02180	0.02511	0.04662	0.02556	0.01678	0.02187	0.01435	0.01478	0.09212	0.00385	0.04107	0.00745	0.00432	0.01200
130	0.14865	0.24283	0.20011	0.06504	0.02924	0.08174	0.07640	0.02583	0.01742	0.02523	0.01328	0.01608	0.01055	0.00762	0.00680	0.00234	0.01054	0.00569	0.00395	0.01066
131	0.01050	0.00767	0.00925	0.01034	0.01120	0.00710	0.00681	0.01176	0.01568	0.02032	0.04948	0.42496	0.17572	0.17867	0.01758	0.00431	0.00542	0.01973	0.00711	0.00642
132	0.01692	0.07384	0.63637	0.02324	0.03528	0.01992	0.02993	0.02624	0.01751	0.02600	0.01475	0.01735	0.01053	0.00786	0.00777	0.00259	0.01212	0.00606	0.00351	0.01220
133	0.02106	0.02431	0.07032	0.03468	0.35017	0.17857	0.02031	0.02516	0.01996	0.02462	0.02642	0.02897	0.11993	0.01001	0.00829	0.00245	0.01034	0.00851	0.00472	0.01120
134	0.01635	0.01602	0.01634	0.01563	0.01761	0.15180	0.01212	0.01906	0.01546	0.01955	0.01948	0.02791	0.01796	0.04767	0.48955	0.01031	0.06677	0.00804	0.00436	0.00800
135	0.02056	0.01974	0.03372	0.05099	0.65622	0.01974	0.02550	0.02550	0.01892	0.02714	0.01563	0.02056	0.01316	0.00740	0.00822	0.00247	0.00987	0.00740	0.00411	0.01316
136	0.02077	0.34557	0.02966	0.01546	0.02017	0.16131	0.01338	0.02342	0.01716	0.01963	0.01524	0.01985	0.01390	0.02506	0.21996	0.00555	0.01445	0.00606	0.00399	0.00941
137	0.01579	0.01429	0.02209	0.03088	0.34510	0.01377	0.01657	0.01976	0.01992	0.02723	0.17166	0.04536	0.19755	0.01311	0.00899	0.00259	0.00707	0.01175	0.00616	0.01037
138	0.01191	0.00872	0.01244	0.01244	0.01361	0.00989	0.00925	0.01425	0.01308	0.01861	0.02308	0.03723	0.02276	0.19876	0.54139	0.01223	0.01925	0.00957	0.00457	0.00691
139	0.01485	0.01534	0.08428	0.01401	0.01817	0.01318	0.01228	0.02519	0.21875	0.02937	0.17588	0.05530	0.19158	0.01585	0.00936	0.00287	0.00618	0.07998	0.00779	0.00980
140	0.01759	0.01531	0.01902	0.01651	0.08892	0.01202	0.01155	0.02142	0.01741	0.02708	0.01486	0.01759	0.01240	0.00629	0.00638	0.00136	0.00656	0.00519	0.00483	0.67773
141	0.01974	0.01873	0.03110	0.10659	0.53076	0.01868	0.02357	0.02460	0.01852	0.02658	0.01545	0.02035	0.01287	0.00735	0.00801	0.00236	0.00958	0.00713	0.00416	0.09389
142	0.18289	0.01691	0.02174	0.02125	0.08849	0.02150	0.01577	0.02077	0.01432	0.02483	0.01881	0.02351	0.07425	0.01290	0.01858	0.00319	0.39885	0.00769	0.00442	0.00931
143	0.01865	0.01446	0.01507	0.01329	0.01696	0.04735	0.01037	0.14804	0.09693	0.03227	0.07587	0.06310	0.11094	0.01896	0.09128	0.00378	0.00837	0.01023	0.15307	0.05101
144	0.01054	0.00830	0.00862	0.00862	0.01053	0.00735	0.00590	0.01197	0.01674	0.02042	0.06562	0.07177	0.45375	0.24072	0.02020	0.00448	0.00544	0.01579	0.00686	0.00638
145	0.02355	0.01208	0.01474	0.01255	0.01617	0.01154	0.00951	0.10000	0.02149	0.25632	0.06691	0.10461	0.06294	0.16677	0.01600	0.00381	0.00672	0.01139	0.07279	0.01011
146	0.02288	0.01894	0.02003	0.01735	0.02245	0.02170	0.01368	0.16257	0.51919	0.03832	0.03100	0.02876	0.02308	0.01101	0.00842	0.00275	0.00709	0.00900	0.00842	0.01335
147	0.01240	0.00875	0.01121	0.01136	0.01204	0.00950	0.00789	0.01398	0.01382	0.01984	0.02842	0.18105	0.03085	0.28351	0.18429	0.00738	0.05739	0.01294	0.08684	0.00655
148	0.01355	0.00985	0.01250	0.01223	0.01445	0.00959	0.00958	0.06843	0.02297	0.03152	0.38643	0.13517	0.08597	0.01872	0.01010	0.00294	0.00524	0.13401	0.00856	0.00819
149	0.02221	0.71304	0.04353	0.01421	0.02132	0.03287	0.01421	0.02488	0.01688	0.01955	0.01155	0.01333	0.01066	0.00711	0.00533	0.00178	0.00888	0.00444	0.00355	0.01066
150	0.01618	0.01511	0.02111	0.01864	0.01895	0.02037	0.01510	0.01804	0.01279	0.01942	0.01496	0.02517	0.01509	0.10006	0.16580	0.00617	0.47666	0.00814	0.00396	0.00829
151	0.01242	0.00882	0.01088	0.01173	0.01266	0.00870	0.00789	0.06648	0.01719	0.02294	0.03952	0.51061	0.04630	0.16281	0.01682	0.00424	0.00586	0.01985	0.00722	0.00706
152	0.01187	0.00890	0.01335	0.01335	0.01483	0.01038	0.01038	0.01483	0.01335	0.01928	0.02225	0.03264	0.02077	0.06231	0.67512	0.01335	0.02225	0.00890	0.00445	0.00742
153	0.01201	0.00832	0.01043	0.01043	0.01091	0.00880	0.00674	0.01296	0.01249	0.01712	0.02492	0.04742	0.02719	0.50156	0.24464	0.00975	0.01259	0.01106	0.00485	0.00580
154	0.01513	0.01364	0.01919	0.01717	0.01797	0.01771	0.01392	0.01769	0.01508	0.02250	0.14393	0.03107	0.02731	0.02826	0.20312	0.00612	0.36754	0.00929	0.00498	0.00837
155	0.01085	0.00857	0.00984	0.00984	0.01227	0.00756	0.00759	0.01374	0.02047	0.02629	0.26722	0.07554	0.39738	0.01991	0.00999	0.00285	0.00449	0.08009	0.00818	0.00735
156	0.02188	0.02224	0.03244	0.04727	0.57688	0.10215	0.02431	0.02646	0.01950	0.02628	0.01528	0.01986	0.01285	0.00755	0.00813	0.00243	0.01051	0.00714	0.00413	0.01272
157	0.02172	0.65352	0.09874	0.01506	0.02262	0.03167	0.01568	0.02500	0.01694	0.02015	0.01185	0.01370	0.01065	0.00718	0.00556	0.00185	0.00919	0.00459	0.00355	0.01080
158	0.01208	0.00805	0.00906	0.00906	0.00906	0.00805	0.00503	0.01208	0.01208	0.01611	0.02618	0.05436	0.03020	0.70804	0.04228	0.00805	0.00805	0.01208	0.00503	0.00503
159	0.01201	0.00866	0.01176	0.01358	0.01502	0.00841	0.01095	0.01489	0.01795	0.02341	0.04685	0.31226	0.08370	0.02395	0.01107	0.00361	0.00644	0.36051	0.00768	0.00729
160	0.01058	0.00829	0.00982	0.01045	0.01242	0.00752	0.00783	0.01292	0.01821	0.02308	0.11304	0.22966	0.34930	0.02497	0.05588	0.00376	0.00595	0.08161	0.00760	0.00711
161	0.01735	0.01487	0.01434	0.01366	0.01684	0.08417	0.01023	0.05027	0.18153	0.05889	0.04774	0.22084	0.20118	0.01745	0.00928	0.00286	0.00651	0.01482	0.00769	0.00949
162	0.01668	0.00956	0.01224	0.01111	0.01403	0.00853	0.00849	0.01992	0.02213	0.16325	0.37146	0.11232	0.16353	0.01704	0.00956	0.00270	0.00471	0.01478	0.00902	0.00893
163	0.01569	0.01477	0.02492	0.68808	0.05722	0.01846	0.02307	0.02123	0.01661	0.02123	0.01477	0.02215	0.01107	0.00831	0.00831	0.00277	0.01107	0.00738	0.00369	0.00923
164	0.02322	0.10141	0.06429	0.03802	0.39411	0.18892	0.02211	0.02744	0.01981	0.02453	0.01443	0.01819	0.01212	0.00769	0.00770	0.00232	0.01119	0.00649	0.00406	0.01194
165	0.01158	0.00838	0.00974	0.01014	0.01131	0.00795	0.00705	0.01304	0.01580	0.02031	0.07427	0.10373	0.19998	0.34360	0.02536	0.00546	0.00661	0.11296	0.00651	0.00622
166	0.01019	0.00754	0.00934	0.01073	0.01167	0.00689	0.00723	0.01168	0.01628	0.02112	0.05255	0.52652	0.17959	0.07181	0.01261	0.00358	0.00491	0.02154	0.00753	0.00669
167	0.01120	0.00882	0.01077	0.01128	0.01357	0.00840	0.00905	0.01394	0.01781	0.02242	0.06044	0.07359	0.35914	0.03027	0.15085	0.00530	0.00893	0.16996	0.00701	0.00727
168	0.02350	0.11851	0.16046	0.02576	0.05667	0.21057	0.19040	0.06951	0.02130	0.02564	0.01480	0.01792	0.01153	0.00786	0.00803	0.00241	0.01280	0.00687	0.00428	0.01117
169	0.01944	0.20832	0.16198	0.01947	0.06683	0.12184	0.01750	0.02458	0.04441	0.02238	0.01986	0.02331	0.04886	0.01965	0.14252	0.00451	0.01296	0.00698	0.00432	0.01026
170	0.01944	0.02174	0.19130	0.01626	0.02145	0.07156	0.01575	0.05535	0.01924	0.09433	0.12581	0.03139	0.02592	0.01605	0.01491	0.20263	0.00883	0.03320	0.00573	0.00911
171	0.14168	0.04450	0.02237	0.01955	0.07731	0.01511	0.13529	0.02161	0.06140	0.02872	0.14258	0.11013	0.11983	0.01329	0.00868	0.00272	0.00745	0.01197	0.00638	0.00944
172	0.26509	0.18336	0.25133	0.01773	0.02606	0.02251	0.04948	0.05149	0.01731	0.02953	0.01337	0.01561	0.01032	0.00770	0.00653	0.00242	0.00954	0.00546	0.00430	0.01086
173	0.02412	0.02645	0.03245	0.03575	0.28512	0.22229	0.13775	0.05666	0.04995	0.02645	0.01603	0.01965	0.01290	0.00798	0.00832	0.00245	0.01206	0.00733	0.00457	0.01174
174	0.01256	0.01076	0.01552	0.08795	0.06315	0.01051	0.04461	0.01612	0.01944	0.02555	0.21147	0.05798	0.27336	0.02061	0.06870	0.00370	0.00754	0.03535	0.00692	0.00818
175	0.02118	0.02580	0.17698	0.03201	0.18840	0.02069	0.18574	0.14760	0.02257	0.03149	0.01702	0.02092	0.01303	0.01095	0.04532	0.00320	0.01206	0.00786	0.00487	0.01231
176	0.02390	0.01982	0.02025	0.01995	0.08249	0.18254	0.04158	0.02781	0.04505	0.16890	0.08168	0.10207	0.07101	0.01337	0.00890	0.00268	0.00905	0.06149	0.00704	0.01042

[dist]
# distance from previous block
# <min> <max>
6	148

[block]
# block no. 1 follows, 22 sequences, length 22
# corresponding to MSA columns:
# 393-414
name=unknown_B
#
# <colnr> <probs for GDERKNQSTAVLIFYWHMCP>
#	G	D	E	R	K	N	Q	S	T	A	V	L	I	F	Y	W	H	M	C	P
0	0.02385	0.02573	0.11992	0.03258	0.29553	0.15772	0.02088	0.02827	0.01984	0.11092	0.01806	0.02254	0.01455	0.06131	0.01062	0.00286	0.01080	0.00726	0.00497	0.01179
1	0.02016	0.01532	0.01915	0.02197	0.15606	0.06370	0.01353	0.05295	0.04342	0.11676	0.05209	0.17812	0.02905	0.13074	0.01538	0.00367	0.03942	0.01210	0.00652	0.00991
2	0.02471	0.17432	0.03252	0.03214	0.29589	0.13439	0.01967	0.13749	0.02296	0.02897	0.01506	0.01793	0.01238	0.00801	0.00749	0.00227	0.01039	0.00643	0.00479	0.01220
3	0.01912	0.03230	0.33565	0.03102	0.19974	0.07008	0.05035	0.02577	0.01779	0.02523	0.01448	0.01844	0.01138	0.00868	0.01066	0.00269	0.10430	0.00672	0.00377	0.01184
4	0.02019	0.01936	0.03305	0.09936	0.61074	0.01964	0.02531	0.02517	0.01874	0.02669	0.01556	0.02068	0.01300	0.00747	0.00823	0.00249	0.00996	0.00740	0.00408	0.01286
5	0.00994	0.00842	0.00859	0.00854	0.01130	0.00707	0.00641	0.01216	0.01922	0.02313	0.11999	0.07882	0.61659	0.02078	0.00982	0.00279	0.00419	0.01737	0.00780	0.00707
6	0.01577	0.00937	0.01184	0.01141	0.01408	0.00866	0.00912	0.01930	0.02111	0.11427	0.27062	0.06267	0.14021	0.01696	0.00942	0.00280	0.00518	0.13877	0.10992	0.00851
7	0.01116	0.00752	0.00989	0.01112	0.01192	0.00703	0.00768	0.01174	0.01543	0.02012	0.04475	0.43387	0.13576	0.02573	0.01521	0.16488	0.00538	0.04780	0.00683	0.00616
8	0.01283	0.01007	0.01420	0.01367	0.01462	0.01209	0.01038	0.01500	0.01299	0.01871	0.02143	0.03517	0.02135	0.19353	0.44505	0.01080	0.11716	0.00934	0.00446	0.00715
9	0.02285	0.02407	0.03150	0.04453	0.51857	0.16272	0.02343	0.02717	0.01993	0.02565	0.01502	0.01934	0.01262	0.00765	0.00806	0.00240	0.01099	0.00695	0.00415	0.01239
10	0.01666	0.04297	0.66500	0.02368	0.03596	0.01929	0.03069	0.02631	0.01754	0.02631	0.01491	0.01754	0.01052	0.00789	0.00789	0.00263	0.01228	0.00614	0.00351	0.01228
11	0.02603	0.02765	0.02134	0.01902	0.02370	0.30233	0.01462	0.08798	0.32558	0.03001	0.02364	0.02319	0.01812	0.01000	0.00803	0.00250	0.01040	0.00750	0.00665	0.01172
12	0.02539	0.47473	0.03677	0.01634	0.02286	0.14830	0.01481	0.12785	0.02182	0.02520	0.01320	0.01474	0.01125	0.00785	0.00622	0.00196	0.01004	0.00512	0.00449	0.01106
13	0.01666	0.04297	0.66500	0.02368	0.03596	0.01929	0.03069	0.02631	0.01754	0.02631	0.01491	0.01754	0.01052	0.00789	0.00789	0.00263	0.01228	0.00614	0.00351	0.01228
14	0.01825	0.23468	0.48720	0.02097	0.03177	0.02318	0.02598	0.02590	0.01735	0.02437	0.01395	0.01633	0.01056	0.00767	0.00716	0.00239	0.01131	0.00565	0.00352	0.01181
15	0.01156	0.00883	0.01084	0.01131	0.01358	0.00811	0.00913	0.01475	0.02026	0.02625	0.22633	0.07971	0.28972	0.02057	0.01038	0.00310	0.00530	0.21473	0.00809	0.00746
16	0.01446	0.00893	0.01150	0.01214	0.01424	0.00816	0.00926	0.01680	0.01833	0.10926	0.05184	0.34487	0.17669	0.02215	0.01032	0.00324	0.00561	0.14614	0.00805	0.00800
17	0.01708	0.01673	0.02897	0.05846	0.16286	0.01707	0.19440	0.02389	0.08808	0.02547	0.02968	0.03341	0.11776	0.01768	0.10026	0.00420	0.03815	0.01015	0.00521	0.01048
18	0.02752	0.03375	0.02406	0.02151	0.02463	0.49753	0.01663	0.02958	0.02059	0.02024	0.01231	0.01585	0.01076	0.01019	0.01289	0.00255	0.19995	0.00587	0.00410	0.00948
19	0.01177	0.00810	0.00897	0.00897	0.00935	0.00791	0.00521	0.01206	0.01301	0.01697	0.03405	0.05784	0.11474	0.61477	0.03788	0.00734	0.00753	0.01282	0.00540	0.00530
20	0.01770	0.01095	0.01280	0.01155	0.01378	0.01135	0.00848	0.12870	0.01901	0.05110	0.02699	0.03577	0.06800	0.14864	0.07487	0.16934	0.00803	0.00925	0.16602	0.00768
21	0.02267	0.02435	0.03362	0.04249	0.43807	0.16009	0.10501	0.02729	0.02000	0.02561	0.01519	0.01962	0.01256	0.00760	0.00828	0.00244	0.01152	0.00729	0.00416	0.01214

[dist]
# distance from previous block
# <min> <max>
0	1

[block]
# block no. 2 follows, 22 sequences, length 89
# corresponding to MSA columns:
# 416-504
name=unknown_C
#
# <colnr> <probs for GDERKNQSTAVLIFYWHMCP>
#	G	D	E	R	K	N	Q	S	T	A	V	L	I	F	Y	W	H	M	C	P
0	0.01005	0.00750	0.00936	0.01085	0.01186	0.00681	0.00739	0.01165	0.01659	0.02149	0.05450	0.56131	0.19064	0.02489	0.01043	0.00324	0.00468	0.02224	0.00771	0.00681
1	0.01195	0.00808	0.00945	0.00956	0.00971	0.00817	0.00563	0.01228	0.01240	0.01666	0.02697	0.08957	0.03083	0.61573	0.09279	0.00822	0.00904	0.01248	0.00514	0.00533
2	0.02445	0.02738	0.02900	0.03680	0.35272	0.27685	0.02114	0.02801	0.02018	0.02384	0.01411	0.01816	0.01200	0.00849	0.00963	0.00244	0.07266	0.00659	0.00414	0.01141
3	0.01453	0.01161	0.01278	0.01279	0.01462	0.06152	0.00974	0.01838	0.05385	0.02227	0.02967	0.04614	0.05511	0.15198	0.25531	0.00751	0.01285	0.09914	0.10260	0.00759
4	0.02057	0.02777	0.25642	0.02154	0.06019	0.01975	0.04273	0.13232	0.17695	0.03299	0.02057	0.02160	0.01528	0.00881	0.00797	0.00247	0.00947	0.00722	0.00580	0.10959
5	0.01202	0.00829	0.01026	0.01026	0.01067	0.00870	0.00653	0.01285	0.01244	0.01699	0.02508	0.04831	0.02757	0.52799	0.21874	0.00953	0.01201	0.01119	0.00487	0.00570
6	0.02419	0.01620	0.01902	0.01425	0.02113	0.01432	0.01154	0.12469	0.06287	0.17192	0.02082	0.02100	0.01527	0.00801	0.00714	0.00183	0.00686	0.00638	0.00688	0.42566
7	0.02036	0.01953	0.03336	0.07734	0.63145	0.01969	0.02540	0.02532	0.01882	0.02690	0.01559	0.02063	0.01307	0.00744	0.00823	0.00248	0.00992	0.00740	0.00409	0.01300
8	0.03140	0.02853	0.02448	0.01985	0.02574	0.23479	0.01587	0.43675	0.03406	0.04204	0.01766	0.01835	0.01302	0.00952	0.00805	0.00238	0.01102	0.00679	0.00701	0.01268
9	0.01403	0.01042	0.01205	0.01206	0.01397	0.01047	0.00866	0.09391	0.05458	0.02547	0.04439	0.30813	0.14433	0.15335	0.01620	0.00406	0.00617	0.05260	0.00731	0.00784
10	0.01767	0.18034	0.41752	0.14141	0.03668	0.02203	0.02582	0.02509	0.01723	0.02395	0.01417	0.01747	0.01065	0.00780	0.00742	0.00247	0.01134	0.00600	0.00355	0.01138
11	0.02170	0.02209	0.03201	0.07544	0.54789	0.10458	0.02416	0.02630	0.01941	0.02600	0.01523	0.01991	0.01275	0.00759	0.00813	0.00244	0.01059	0.00714	0.00412	0.01253
12	0.02539	0.02347	0.02871	0.03506	0.33727	0.11316	0.02047	0.21150	0.06363	0.03434	0.01766	0.02023	0.01385	0.00858	0.00816	0.00245	0.01016	0.00726	0.00568	0.01296
13	0.01062	0.00751	0.00952	0.01084	0.01135	0.00710	0.00706	0.01186	0.01545	0.02058	0.06679	0.50687	0.07258	0.18026	0.01773	0.00438	0.00550	0.02043	0.00716	0.00641
14	0.02056	0.01974	0.03372	0.05099	0.65622	0.01974	0.02550	0.02550	0.01892	0.02714	0.01563	0.02056	0.01316	0.00740	0.00822	0.00247	0.00987	0.00740	0.00411	0.01316
15	0.01605	0.09120	0.10466	0.14742	0.03114	0.01847	0.10977	0.02071	0.01585	0.02181	0.01782	0.05441	0.01586	0.02429	0.19383	0.00569	0.08904	0.00844	0.00412	0.00942
16	0.01008	0.00738	0.00948	0.01116	0.01194	0.00678	0.00753	0.01161	0.01630	0.02137	0.05076	0.62191	0.13245	0.02538	0.01050	0.00330	0.00474	0.02283	0.00771	0.00678
17	0.01002	0.00827	0.00880	0.00899	0.01143	0.00705	0.00662	0.01219	0.01892	0.02319	0.12653	0.15917	0.52743	0.02135	0.00992	0.00286	0.00426	0.01811	0.00783	0.00705
18	0.02370	0.02348	0.12764	0.02068	0.02733	0.02072	0.11324	0.32614	0.02788	0.03785	0.02076	0.05895	0.01746	0.10047	0.01300	0.00333	0.01005	0.00905	0.00644	0.01182
19	0.02030	0.02346	0.04747	0.03418	0.04234	0.06085	0.58887	0.02701	0.01985	0.02623	0.01657	0.02196	0.01249	0.00710	0.00966	0.00276	0.01407	0.00953	0.00421	0.01111
20	0.01549	0.00774	0.00774	0.00774	0.00968	0.00774	0.00581	0.01936	0.01742	0.03097	0.02710	0.03097	0.02129	0.00968	0.00581	0.00194	0.00387	0.00774	0.75416	0.00774
21	0.01997	0.01622	0.01746	0.01515	0.01961	0.01773	0.01181	0.13967	0.34283	0.03530	0.10551	0.03780	0.09082	0.04442	0.01016	0.00290	0.00655	0.01040	0.00811	0.04758
22	0.01693	0.01635	0.02757	0.33058	0.14001	0.01913	0.08446	0.02169	0.01728	0.02371	0.07799	0.02519	0.01825	0.01001	0.01202	0.00286	0.13335	0.00838	0.00435	0.00990
23	0.01174	0.00939	0.01062	0.01015	0.01277	0.00873	0.00766	0.01677	0.08302	0.02840	0.32599	0.06728	0.34044	0.01830	0.00967	0.00272	0.00432	0.01563	0.00841	0.00798
24	0.03103	0.03959	0.02354	0.02140	0.02568	0.67469	0.01605	0.03317	0.02354	0.02033	0.01284	0.01498	0.01070	0.00856	0.00749	0.00214	0.01498	0.00535	0.00428	0.00963
25	0.01248	0.00968	0.01427	0.14211	0.02145	0.01107	0.01139	0.01514	0.01395	0.01915	0.02398	0.10103	0.02432	0.19022	0.34263	0.00917	0.01527	0.01075	0.00475	0.00718
26	0.02178	0.01505	0.01799	0.01311	0.02027	0.01200	0.01059	0.05389	0.01954	0.15050	0.01848	0.01948	0.01398	0.00713	0.00668	0.00155	0.00647	0.00571	0.00612	0.57969
27	0.01010	0.00730	0.00957	0.01138	0.01200	0.00676	0.00763	0.01159	0.01608	0.02128	0.04806	0.66580	0.09031	0.02573	0.01056	0.00334	0.00478	0.02326	0.00771	0.00676
28	0.01818	0.01818	0.02545	0.02181	0.02181	0.02545	0.01818	0.01999	0.01272	0.01999	0.01091	0.01818	0.01091	0.01454	0.02726	0.00364	0.69284	0.00727	0.00364	0.00909
29	0.03158	0.02327	0.02493	0.01911	0.02576	0.02576	0.01579	0.62852	0.03906	0.05236	0.01995	0.01995	0.01413	0.00997	0.00831	0.00249	0.00914	0.00748	0.00831	0.01413
30	0.01011	0.00851	0.00882	0.00897	0.01171	0.00722	0.00688	0.01235	0.01895	0.02264	0.08091	0.08106	0.60393	0.02119	0.00995	0.00289	0.00449	0.06466	0.00771	0.00706
31	0.01187	0.00890	0.01335	0.01335	0.01483	0.01038	0.01038	0.01483	0.01335	0.01928	0.02225	0.03264	0.02077	0.06231	0.67512	0.01335	0.02225	0.00890	0.00445	0.00742
32	0.01012	0.00723	0.00964	0.01157	0.01205	0.00675	0.00771	0.01157	0.01591	0.02121	0.04579	0.70262	0.05495	0.02603	0.01060	0.00337	0.00482	0.02362	0.00771	0.00675
33	0.02221	0.71304	0.04353	0.01421	0.02132	0.03287	0.01421	0.02488	0.01688	0.01955	0.01155	0.01333	0.01066	0.00711	0.00533	0.00178	0.00888	0.00444	0.00355	0.01066
34	0.01046	0.00862	0.00931	0.00966	0.01230	0.00747	0.00759	0.01288	0.01897	0.02288	0.07692	0.08243	0.54381	0.02138	0.01012	0.00299	0.00483	0.12256	0.00770	0.00713
35	0.01191	0.00874	0.01253	0.01253	0.01372	0.00994	0.00935	0.01430	0.01311	0.01867	0.02301	0.03682	0.02258	0.18660	0.55331	0.01233	0.01952	0.00951	0.00456	0.00696
36	0.01002	0.00842	0.00870	0.00863	0.01135	0.00710	0.00647	0.01232	0.01942	0.02359	0.14385	0.07807	0.59245	0.02061	0.00982	0.00279	0.00418	0.01727	0.00786	0.00710
37	0.01012	0.00723	0.00964	0.01157	0.01205	0.00675	0.00771	0.01157	0.01591	0.02121	0.04579	0.70262	0.05495	0.02603	0.01060	0.00337	0.00482	0.02362	0.00771	0.00675
38	0.01310	0.01032	0.01578	0.01396	0.01673	0.01049	0.08839	0.01657	0.01621	0.02320	0.03653	0.04173	0.16326	0.03564	0.30905	0.00739	0.01355	0.01075	0.14947	0.00788
39	0.03103	0.03959	0.02354	0.02140	0.02568	0.67469	0.01605	0.03317	0.02354	0.02033	0.01284	0.01498	0.01070	0.00856	0.00749	0.00214	0.01498	0.00535	0.00428	0.00963
40	0.01050	0.00879	0.00991	0.01108	0.04389	0.00766	0.00745	0.01256	0.01820	0.02224	0.07253	0.17111	0.50442	0.04834	0.01114	0.00308	0.00474	0.01773	0.00743	0.00721
