[name]
unknown

[dist]
# distance from previous block
# <min> <max>
0	0

[block]
# block no. 0 follows, 22 sequences, length 11
# corresponding to MSA columns:
# 0-10
name=unknown_A
#
# <colnr> <probs for GDERKNQSTAVLIFYWHMCP>
#	G	D	E	R	K	N	Q	S	T	A	V	L	I	F	Y	W	H	M	C	P
0	0.01339	0.00956	0.01339	0.01530	0.01721	0.00956	0.01339	0.01721	0.01912	0.02486	0.04399	0.09371	0.04781	0.02295	0.01147	0.00382	0.00765	0.60031	0.00765	0.00765
1	0.47627	0.19476	0.11019	0.01351	0.02013	0.02230	0.01330	0.02480	0.01530	0.03131	0.01202	0.01401	0.00963	0.00758	0.00557	0.00238	0.00785	0.00471	0.00452	0.00987
2	0.02850	0.02071	0.07279	0.01736	0.02380	0.01949	0.01502	0.35441	0.03036	0.17563	0.02471	0.09346	0.01942	0.01135	0.00840	0.00254	0.00832	0.00911	0.00809	0.05653
3	0.02858	0.02327	0.02178	0.01853	0.02368	0.20982	0.04046	0.09841	0.15016	0.19784	0.02610	0.02964	0.02005	0.01093	0.00846	0.00261	0.00986	0.06047	0.00745	0.01191
4	0.01199	0.00906	0.01127	0.01225	0.01359	0.00907	0.00858	0.01722	0.11468	0.02498	0.12696	0.50988	0.05353	0.02248	0.01016	0.00318	0.00497	0.02022	0.00802	0.00790
5	0.03325	0.02059	0.02327	0.01784	0.02443	0.02179	0.01474	0.45604	0.03458	0.23117	0.02371	0.02239	0.01602	0.01006	0.00832	0.00252	0.00853	0.00774	0.00889	0.01413
6	0.02277	0.01683	0.01840	0.01561	0.02046	0.01828	0.01239	0.18811	0.29257	0.09408	0.09970	0.03691	0.10204	0.01259	0.00871	0.00269	0.00673	0.01035	0.00856	0.01222
7	0.01858	0.01679	0.02235	0.01698	0.02373	0.01534	0.10117	0.02857	0.20060	0.02926	0.02065	0.02202	0.01618	0.00778	0.00736	0.00193	0.00743	0.00695	0.00585	0.43048
8	0.02413	0.02323	0.02685	0.02059	0.02724	0.13898	0.13681	0.18080	0.06636	0.03271	0.01742	0.01948	0.01341	0.00808	0.00784	0.00214	0.01014	0.00694	0.00576	0.23109
9	0.02560	0.01290	0.01647	0.01381	0.01863	0.01174	0.01084	0.03110	0.09888	0.33591	0.07561	0.16541	0.03105	0.01354	0.00866	0.00261	0.00623	0.01161	0.00882	0.10058
10	0.02124	0.01591	0.04790	0.01376	0.02049	0.01261	0.01155	0.02749	0.09312	0.15532	0.06409	0.02414	0.01993	0.00841	0.00720	0.00185	0.00652	0.00689	0.00663	0.43496

[dist]
# distance from previous block
# <min> <max>
5	13

[block]
# block no. 1 follows, 22 sequences, length 46
# corresponding to MSA columns:
# 24-69
name=unknown_B
#
# <colnr> <probs for GDERKNQSTAVLIFYWHMCP>
#	G	D	E	R	K	N	Q	S	T	A	V	L	I	F	Y	W	H	M	C	P
0	0.03031	0.03616	0.02286	0.02063	0.02505	0.57669	0.01557	0.03463	0.08513	0.05354	0.01592	0.01724	0.01265	0.00892	0.00763	0.00223	0.01375	0.00590	0.00499	0.01020
1	0.25915	0.02177	0.01794	0.01525	0.02066	0.18791	0.01206	0.03191	0.07382	0.18110	0.01924	0.01932	0.01397	0.00870	0.00691	0.00234	0.00880	0.00611	0.00641	0.08661
2	0.12783	0.08757	0.02290	0.01796	0.02289	0.35892	0.01421	0.03235	0.02132	0.16417	0.01688	0.01772	0.01266	0.00897	0.00805	0.00233	0.04113	0.00591	0.00563	0.01061
3	0.49588	0.01773	0.04570	0.01332	0.01875	0.01887	0.01130	0.03055	0.18025	0.06858	0.01870	0.01908	0.01399	0.00879	0.00631	0.00264	0.00678	0.00607	0.00620	0.01052
4	0.03103	0.03959	0.02354	0.02140	0.02568	0.67469	0.01605	0.03317	0.02354	0.02033	0.01284	0.01498	0.01070	0.00856	0.00749	0.00214	0.01498	0.00535	0.00428	0.00963
5	0.01666	0.04297	0.66500	0.02368	0.03596	0.01929	0.03069	0.02631	0.01754	0.02631	0.01491	0.01754	0.01052	0.00789	0.00789	0.00263	0.01228	0.00614	0.00351	0.01228
6	0.03103	0.03959	0.02354	0.02140	0.02568	0.67469	0.01605	0.03317	0.02354	0.02033	0.01284	0.01498	0.01070	0.00856	0.00749	0.00214	0.01498	0.00535	0.00428	0.00963
7	0.02744	0.01874	0.03584	0.02605	0.03357	0.01711	0.35398	0.03276	0.02146	0.30822	0.02388	0.02501	0.01613	0.00846	0.00916	0.00270	0.01093	0.00916	0.00690	0.01250
8	0.01569	0.01477	0.02492	0.68808	0.05722	0.01846	0.02307	0.02123	0.01661	0.02123	0.01477	0.02215	0.01107	0.00831	0.00831	0.00277	0.01107	0.00738	0.00369	0.00923
9	0.01407	0.01092	0.01310	0.01213	0.01480	0.01117	0.00922	0.02307	0.18392	0.03369	0.49135	0.05399	0.06462	0.01550	0.00945	0.00267	0.00461	0.01356	0.00897	0.00922
10	0.01802	0.01523	0.01765	0.01268	0.02002	0.01188	0.01017	0.05435	0.01843	0.02846	0.01505	0.01738	0.01240	0.00636	0.00627	0.00130	0.00632	0.00506	0.00511	0.71785
11	0.01208	0.00805	0.00906	0.00906	0.00906	0.00805	0.00503	0.01208	0.01208	0.01611	0.02618	0.05436	0.03020	0.70804	0.04228	0.00805	0.00805	0.01208	0.00503	0.00503
12	0.01208	0.00805	0.00906	0.00906	0.00906	0.00805	0.00503	0.01208	0.01208	0.01611	0.02618	0.05436	0.03020	0.70804	0.04228	0.00805	0.00805	0.01208	0.00503	0.00503
13	0.01961	0.02241	0.04902	0.03501	0.04342	0.02101	0.62605	0.02661	0.01961	0.02661	0.01681	0.02241	0.01261	0.00700	0.00980	0.00280	0.01401	0.00980	0.00420	0.01120
14	0.02056	0.01974	0.03372	0.05099	0.65622	0.01974	0.02550	0.02550	0.01892	0.02714	0.01563	0.02056	0.01316	0.00740	0.00822	0.00247	0.00987	0.00740	0.00411	0.01316
15	0.00998	0.00777	0.00908	0.01013	0.01167	0.00687	0.00707	0.01173	0.01729	0.02177	0.06327	0.41892	0.32736	0.02375	0.01025	0.00311	0.00454	0.02084	0.00771	0.00687
16	0.01016	0.00843	0.00889	0.00877	0.01143	0.00716	0.00658	0.01258	0.01974	0.02435	0.18404	0.07680	0.55177	0.02033	0.00981	0.00277	0.00416	0.01709	0.00797	0.00716
17	0.03158	0.02327	0.02493	0.01911	0.02576	0.02576	0.01579	0.62852	0.03906	0.05236	0.01995	0.01995	0.01413	0.00997	0.00831	0.00249	0.00914	0.00748	0.00831	0.01413
18	0.00982	0.00842	0.00842	0.00842	0.01122	0.00701	0.00631	0.01192	0.01894	0.02244	0.08416	0.07995	0.65285	0.02104	0.00982	0.00281	0.00421	0.01753	0.00771	0.00701
19	0.00982	0.00842	0.00842	0.00842	0.01122	0.00701	0.00631	0.01192	0.01894	0.02244	0.08416	0.07995	0.65285	0.02104	0.00982	0.00281	0.00421	0.01753	0.00771	0.00701
20	0.01299	0.00878	0.01140	0.01058	0.01281	0.00803	0.00799	0.01679	0.02331	0.06539	0.59310	0.06114	0.10235	0.01683	0.00972	0.00262	0.00410	0.01480	0.00914	0.00813
21	0.01961	0.02241	0.04902	0.03501	0.04342	0.02101	0.62605	0.02661	0.01961	0.02661	0.01681	0.02241	0.01261	0.00700	0.00980	0.00280	0.01401	0.00980	0.00420	0.01120
22	0.01339	0.00956	0.01339	0.01530	0.01721	0.00956	0.01339	0.01721	0.01912	0.02486	0.04399	0.09371	0.04781	0.02295	0.01147	0.00382	0.00765	0.60031	0.00765	0.00765
23	0.01012	0.00723	0.00964	0.01157	0.01205	0.00675	0.00771	0.01157	0.01591	0.02121	0.04579	0.70262	0.05495	0.02603	0.01060	0.00337	0.00482	0.02362	0.00771	0.00675
24	0.00982	0.00842	0.00842	0.00842	0.01122	0.00701	0.00631	0.01192	0.01894	0.02244	0.08416	0.07995	0.65285	0.02104	0.00982	0.00281	0.00421	0.01753	0.00771	0.00701
25	0.01339	0.00956	0.01339	0.01530	0.01721	0.00956	0.01339	0.01721	0.01912	0.02486	0.04399	0.09371	0.04781	0.02295	0.01147	0.00382	0.00765	0.60031	0.00765	0.00765
26	0.01818	0.01818	0.02545	0.02181	0.02181	0.02545	0.01818	0.01999	0.01272	0.01999	0.01091	0.01818	0.01091	0.01454	0.02726	0.00364	0.69284	0.00727	0.00364	0.00909
27	0.01410	0.01082	0.01349	0.01450	0.01663	0.01134	0.01152	0.02191	0.16821	0.02608	0.04211	0.27272	0.04467	0.02111	0.01047	0.00344	0.00649	0.27385	0.00786	0.00869
28	0.01129	0.00847	0.01046	0.00996	0.01212	0.00764	0.00747	0.01477	0.02241	0.03069	0.51486	0.06637	0.21700	0.01796	0.00980	0.00266	0.00399	0.01563	0.00880	0.00764
29	0.01339	0.00956	0.01339	0.01530	0.01721	0.00956	0.01339	0.01721	0.01912	0.02486	0.04399	0.09371	0.04781	0.02295	0.01147	0.00382	0.00765	0.60031	0.00765	0.00765
30	0.01649	0.01631	0.01581	0.01529	0.01745	0.17068	0.01175	0.01926	0.01581	0.01954	0.01998	0.02838	0.01834	0.04934	0.51402	0.01065	0.02050	0.00804	0.00441	0.00795
31	0.01208	0.00805	0.00906	0.00906	0.00906	0.00805	0.00503	0.01208	0.01208	0.01611	0.02618	0.05436	0.03020	0.70804	0.04228	0.00805	0.00805	0.01208	0.00503	0.00503
32	0.01040	0.00827	0.00944	0.01022	0.01229	0.00730	0.00768	0.01258	0.01816	0.02246	0.06835	0.24618	0.40943	0.02263	0.01026	0.00310	0.00486	0.10166	0.00770	0.00703
33	0.03002	0.02249	0.02405	0.01880	0.02517	0.02503	0.01541	0.54478	0.12534	0.04983	0.02193	0.02153	0.01574	0.01016	0.00833	0.00254	0.00877	0.00775	0.00833	0.01399
34	0.76672	0.01607	0.01221	0.01092	0.01607	0.01864	0.00900	0.02442	0.01414	0.03727	0.01157	0.01350	0.00900	0.00771	0.00514	0.00257	0.00643	0.00450	0.00514	0.00900
35	0.76672	0.01607	0.01221	0.01092	0.01607	0.01864	0.00900	0.02442	0.01414	0.03727	0.01157	0.01350	0.00900	0.00771	0.00514	0.00257	0.00643	0.00450	0.00514	0.00900
36	0.01990	0.01907	0.03253	0.13723	0.57514	0.01956	0.02517	0.02492	0.01860	0.02634	0.01551	0.02078	0.01288	0.00752	0.00824	0.00251	0.01003	0.00740	0.00406	0.01263
37	0.03103	0.03959	0.02354	0.02140	0.02568	0.67469	0.01605	0.03317	0.02354	0.02033	0.01284	0.01498	0.01070	0.00856	0.00749	0.00214	0.01498	0.00535	0.00428	0.00963
38	0.02281	0.02399	0.03154	0.04465	0.52108	0.16011	0.02347	0.02714	0.01991	0.02568	0.01503	0.01937	0.01263	0.00765	0.00807	0.00240	0.01096	0.00696	0.00415	0.01240
39	0.01392	0.01123	0.01290	0.01295	0.01589	0.01143	0.01043	0.02228	0.18102	0.02741	0.11168	0.06984	0.24815	0.01872	0.00998	0.00311	0.00587	0.19629	0.00802	0.00888
40	0.21211	0.18108	0.02034	0.01323	0.01746	0.01744	0.01164	0.02188	0.01811	0.05948	0.10865	0.04600	0.03152	0.01374	0.00797	0.00278	0.00710	0.19405	0.00634	0.00907
41	0.02397	0.01999	0.02658	0.01971	0.02684	0.01967	0.12854	0.28305	0.05579	0.03816	0.01824	0.02000	0.01374	0.00818	0.00787	0.00214	0.00893	0.00714	0.00640	0.26506
42	0.02007	0.01924	0.03283	0.11544	0.59562	0.01961	0.02525	0.02506	0.01868	0.02654	0.01554	0.02072	0.01295	0.00749	0.00823	0.00250	0.00999	0.00740	0.00407	0.01276
43	0.10402	0.03052	0.02231	0.01936	0.02399	0.38015	0.01507	0.18147	0.02550	0.03008	0.01491	0.01715	0.01193	0.01189	0.04297	0.00292	0.04375	0.00607	0.00537	0.01057
44	0.52042	0.02490	0.22657	0.01511	0.02260	0.01885	0.01612	0.02504	0.01525	0.03367	0.01266	0.01482	0.00950	0.00777	0.00604	0.00259	0.00835	0.00504	0.00460	0.01007
45	0.02525	0.02315	0.02094	0.01871	0.05323	0.16951	0.01405	0.27693	0.08538	0.03576	0.03314	0.03271	0.15122	0.01201	0.00845	0.00251	0.00922	0.00932	0.00707	0.01144

[dist]
# distance from previous block
# <min> <max>
0	1

[block]
# block no. 2 follows, 22 sequences, length 36
# corresponding to MSA columns:
# 71-106
name=unknown_C
#
# <colnr> <probs for GDERKNQSTAVLIFYWHMCP>
#	G	D	E	R	K	N	Q	S	T	A	V	L	I	F	Y	W	H	M	C	P
0	0.10686	0.01044	0.01123	0.01124	0.01419	0.01031	0.00899	0.01790	0.07193	0.02735	0.13849	0.06805	0.30814	0.01841	0.00948	0.00297	0.00541	0.14295	0.00763	0.00804
1	0.06774	0.28118	0.23464	0.01958	0.02768	0.16231	0.05048	0.02714	0.01846	0.02330	0.01315	0.01548	0.01062	0.00769	0.00681	0.00222	0.01135	0.00545	0.00382	0.01088
2	0.39721	0.01461	0.01498	0.15973	0.02468	0.01658	0.01194	0.05805	0.01722	0.03154	0.02808	0.02979	0.14541	0.01079	0.00702	0.00266	0.00715	0.00806	0.00556	0.00894
3	0.02572	0.02996	0.02561	0.02199	0.02624	0.36903	0.08391	0.03305	0.15738	0.02416	0.01763	0.01977	0.01416	0.00980	0.01067	0.00257	0.10576	0.00700	0.00510	0.01051
4	0.03033	0.03826	0.02423	0.02339	0.06801	0.63073	0.01669	0.03266	0.02323	0.02079	0.01303	0.01536	0.01087	0.00848	0.00754	0.00216	0.01464	0.00549	0.00427	0.00987
5	0.01048	0.00751	0.00996	0.01132	0.01213	0.00699	0.00774	0.01247	0.01758	0.02387	0.17899	0.56183	0.06010	0.02404	0.01043	0.00321	0.00462	0.02173	0.00803	0.00699
6	0.01327	0.01046	0.01158	0.01110	0.01340	0.01056	0.00798	0.02016	0.16133	0.02605	0.17821	0.08846	0.21120	0.17960	0.01717	0.00403	0.00562	0.01413	0.00756	0.00812
7	0.01012	0.00723	0.00964	0.01157	0.01205	0.00675	0.00771	0.01157	0.01591	0.02121	0.04579	0.70262	0.05495	0.02603	0.01060	0.00337	0.00482	0.02362	0.00771	0.00675
8	0.02322	0.01987	0.02893	0.17455	0.31910	0.02148	0.02174	0.22634	0.02517	0.03433	0.01689	0.02069	0.01304	0.00845	0.00827	0.00254	0.00988	0.00742	0.00543	0.01266
9	0.03103	0.03959	0.02354	0.02140	0.02568	0.67469	0.01605	0.03317	0.02354	0.02033	0.01284	0.01498	0.01070	0.00856	0.00749	0.00214	0.01498	0.00535	0.00428	0.00963
10	0.03158	0.02327	0.02493	0.01911	0.02576	0.02576	0.01579	0.62852	0.03906	0.05236	0.01995	0.01995	0.01413	0.00997	0.00831	0.00249	0.00914	0.00748	0.00831	0.01413
11	0.01143	0.00778	0.00925	0.00990	0.01006	0.00762	0.00593	0.01191	0.01336	0.01781	0.03274	0.27124	0.03848	0.47987	0.03168	0.00649	0.00697	0.01594	0.00593	0.00561
12	0.01666	0.04297	0.66500	0.02368	0.03596	0.01929	0.03069	0.02631	0.01754	0.02631	0.01491	0.01754	0.01052	0.00789	0.00789	0.00263	0.01228	0.00614	0.00351	0.01228
13	0.02461	0.02836	0.02639	0.02804	0.16302	0.32252	0.01881	0.02726	0.01906	0.02172	0.01283	0.01723	0.01131	0.01022	0.01399	0.00269	0.23125	0.00642	0.00404	0.01023
14	0.60987	0.16290	0.01881	0.01162	0.01717	0.02164	0.01010	0.02452	0.01472	0.03354	0.01156	0.01346	0.00935	0.00758	0.00518	0.00240	0.00694	0.00449	0.00481	0.00935
15	0.02221	0.71304	0.04353	0.01421	0.02132	0.03287	0.01421	0.02488	0.01688	0.01955	0.01155	0.01333	0.01066	0.00711	0.00533	0.00178	0.00888	0.00444	0.00355	0.01066
16	0.00982	0.00842	0.00842	0.00842	0.01122	0.00701	0.00631	0.01192	0.01894	0.02244	0.08416	0.07995	0.65285	0.02104	0.00982	0.00281	0.00421	0.01753	0.00771	0.00701
17	0.01208	0.00805	0.00906	0.00906	0.00906	0.00805	0.00503	0.01208	0.01208	0.01611	0.02618	0.05436	0.03020	0.70804	0.04228	0.00805	0.00805	0.01208	0.00503	0.00503
18	0.02221	0.71304	0.04353	0.01421	0.02132	0.03287	0.01421	0.02488	0.01688	0.01955	0.01155	0.01333	0.01066	0.00711	0.00533	0.00178	0.00888	0.00444	0.00355	0.01066
19	0.01052	0.00817	0.00956	0.00979	0.01179	0.00722	0.00712	0.01306	0.01973	0.02568	0.25934	0.21526	0.33127	0.02086	0.00999	0.00287	0.00425	0.01810	0.00818	0.00722
20	0.01189	0.00882	0.01295	0.01295	0.01429	0.01016	0.00988	0.01458	0.01323	0.01899	0.02262	0.03468	0.02166	0.12313	0.61551	0.01285	0.02091	0.00920	0.00451	0.00719
21	0.01058	0.00817	0.00965	0.00985	0.01183	0.00725	0.00717	0.01318	0.01988	0.02603	0.27731	0.21467	0.31313	0.02073	0.00999	0.00287	0.00424	0.01802	0.00822	0.00725
22	0.01208	0.00805	0.00906	0.00906	0.00906	0.00805	0.00503	0.01208	0.01208	0.01611	0.02618	0.05436	0.03020	0.70804	0.04228	0.00805	0.00805	0.01208	0.00503	0.00503
23	0.01012	0.00723	0.00964	0.01157	0.01205	0.00675	0.00771	0.01157	0.01591	0.02121	0.04579	0.70262	0.05495	0.02603	0.01060	0.00337	0.00482	0.02362	0.00771	0.00675
24	0.03158	0.02327	0.02493	0.01911	0.02576	0.02576	0.01579	0.62852	0.03906	0.05236	0.01995	0.01995	0.01413	0.00997	0.00831	0.00249	0.00914	0.00748	0.00831	0.01413
25	0.02849	0.23342	0.02930	0.01933	0.02443	0.48996	0.01552	0.03078	0.02162	0.02011	0.01247	0.01450	0.01069	0.00814	0.00687	0.00204	0.01323	0.00509	0.00407	0.00993
26	0.03103	0.03959	0.02354	0.02140	0.02568	0.67469	0.01605	0.03317	0.02354	0.02033	0.01284	0.01498	0.01070	0.00856	0.00749	0.00214	0.01498	0.00535	0.00428	0.00963
27	0.01849	0.01911	0.03063	0.02471	0.02656	0.02447	0.15178	0.02145	0.01424	0.02145	0.01220	0.01911	0.01128	0.01288	0.02343	0.00345	0.54364	0.00783	0.00376	0.00955
28	0.03158	0.02327	0.02493	0.01911	0.02576	0.02576	0.01579	0.62852	0.03906	0.05236	0.01995	0.01995	0.01413	0.00997	0.00831	0.00249	0.00914	0.00748	0.00831	0.01413
29	0.01050	0.00767	0.00987	0.01095	0.01205	0.00705	0.00759	0.01264	0.01814	0.02437	0.20172	0.47462	0.12572	0.02322	0.01032	0.00312	0.00453	0.02080	0.00807	0.00705
30	0.02280	0.66784	0.04219	0.01470	0.02161	0.07595	0.01434	0.02543	0.01733	0.01960	0.01164	0.01344	0.01066	0.00720	0.00548	0.00180	0.00929	0.00450	0.00360	0.01059
31	0.01202	0.00829	0.01023	0.01023	0.01064	0.00869	0.00650	0.01283	0.01243	0.01698	0.02510	0.04842	0.02762	0.53152	0.21528	0.00950	0.01194	0.01121	0.00487	0.00569
32	0.01763	0.16034	0.55614	0.02202	0.03339	0.02167	0.02781	0.02606	0.01742	0.02512	0.01432	0.01680	0.01055	0.00776	0.00744	0.00248	0.01168	0.00584	0.00352	0.01199
33	0.01187	0.00890	0.01335	0.01335	0.01483	0.01038	0.01038	0.01483	0.01335	0.01928	0.02225	0.03264	0.02077	0.06231	0.67512	0.01335	0.02225	0.00890	0.00445	0.00742
34	0.00991	0.00804	0.00880	0.00941	0.01148	0.00693	0.00675	0.01181	0.01798	0.02205	0.07211	0.27545	0.46512	0.02261	0.01006	0.00298	0.00440	0.01944	0.00771	0.00693
35	0.01990	0.01984	0.03612	0.10721	0.47110	0.01989	0.15179	0.02533	0.01885	0.02648	0.01579	0.02110	0.01285	0.00740	0.00856	0.00257	0.01085	0.00791	0.00409	0.01238

[dist]
# distance from previous block
# <min> <max>
0	1

[block]
# block no. 3 follows, 22 sequences, length 55
# corresponding to MSA columns:
# 108-162
name=unknown_D
#
# <colnr> <probs for GDERKNQSTAVLIFYWHMCP>
#	G	D	E	R	K	N	Q	S	T	A	V	L	I	F	Y	W	H	M	C	P
0	0.02732	0.03269	0.02664	0.03017	0.21202	0.44969	0.01895	0.03027	0.02165	0.02233	0.01357	0.01679	0.01144	0.00851	0.00866	0.00231	0.04610	0.00605	0.00420	0.01065
1	0.03158	0.02327	0.02493	0.01911	0.02576	0.02576	0.01579	0.62852	0.03906	0.05236	0.01995	0.01995	0.01413	0.00997	0.00831	0.00249	0.00914	0.00748	0.00831	0.01413
2	0.02035	0.02092	0.06797	0.04749	0.58482	0.01977	0.02507	0.02662	0.05502	0.02754	0.01664	0.02100	0.01372	0.00765	0.00822	0.00250	0.00981	0.00745	0.00433	0.01311
3	0.01094	0.00787	0.01054	0.01238	0.01332	0.00747	0.00909	0.01301	0.01685	0.02218	0.04697	0.52190	0.07862	0.02503	0.01079	0.00346	0.00551	0.16938	0.00770	0.00699
4	0.00982	0.00842	0.00842	0.00842	0.01122	0.00701	0.00631	0.01192	0.01894	0.02244	0.08416	0.07995	0.65285	0.02104	0.00982	0.00281	0.00421	0.01753	0.00771	0.00701
5	0.02130	0.02445	0.03614	0.02787	0.03308	0.16432	0.32433	0.02579	0.01873	0.02347	0.01608	0.05431	0.01395	0.01001	0.01327	0.00287	0.16664	0.00896	0.00427	0.01016
6	0.01061	0.00845	0.00952	0.00925	0.01171	0.00735	0.00694	0.01346	0.02082	0.02690	0.31717	0.07260	0.41706	0.01937	0.00981	0.00273	0.00409	0.01650	0.00830	0.00735
7	0.01625	0.01534	0.02593	0.61504	0.12588	0.01860	0.02335	0.02172	0.01688	0.02190	0.01486	0.02197	0.01131	0.00820	0.00830	0.00273	0.01094	0.00738	0.00374	0.00968
8	0.01666	0.04297	0.66500	0.02368	0.03596	0.01929	0.03069	0.02631	0.01754	0.02631	0.01491	0.01754	0.01052	0.00789	0.00789	0.00263	0.01228	0.00614	0.00351	0.01228
9	0.02056	0.01974	0.03372	0.05099	0.65622	0.01974	0.02550	0.02550	0.01892	0.02714	0.01563	0.02056	0.01316	0.00740	0.00822	0.00247	0.00987	0.00740	0.00411	0.01316
10	0.01666	0.04297	0.66500	0.02368	0.03596	0.01929	0.03069	0.02631	0.01754	0.02631	0.01491	0.01754	0.01052	0.00789	0.00789	0.00263	0.01228	0.00614	0.00351	0.01228
11	0.01048	0.00749	0.01005	0.01198	0.01262	0.00706	0.00834	0.01219	0.01626	0.02161	0.04559	0.63529	0.05416	0.02569	0.01070	0.00342	0.00513	0.08739	0.00770	0.00685
12	0.01187	0.00890	0.01335	0.01335	0.01483	0.01038	0.01038	0.01483	0.01335	0.01928	0.02225	0.03264	0.02077	0.06231	0.67512	0.01335	0.02225	0.00890	0.00445	0.00742
13	0.02183	0.02114	0.01824	0.01625	0.02067	0.16132	0.01257	0.10617	0.29197	0.03098	0.03887	0.03717	0.16216	0.01272	0.00853	0.00263	0.00820	0.01011	0.00736	0.01112
14	0.01325	0.01093	0.01600	0.01520	0.01636	0.01368	0.01209	0.01596	0.01321	0.01944	0.01977	0.02947	0.01861	0.05185	0.53336	0.01123	0.16898	0.00854	0.00427	0.00778
15	0.01975	0.01891	0.03226	0.15651	0.55701	0.01953	0.02509	0.02479	0.01853	0.02616	0.01548	0.02082	0.01281	0.00755	0.00824	0.00252	0.01007	0.00740	0.00404	0.01251
16	0.02035	0.01997	0.03417	0.03965	0.36860	0.02025	0.16858	0.02985	0.15525	0.02868	0.01989	0.02329	0.01569	0.00815	0.00866	0.00263	0.01015	0.00842	0.00508	0.01268
17	0.01208	0.00805	0.00906	0.00906	0.00906	0.00805	0.00503	0.01208	0.01208	0.01611	0.02618	0.05436	0.03020	0.70804	0.04228	0.00805	0.00805	0.01208	0.00503	0.00503
18	0.03102	0.02402	0.02527	0.02077	0.05591	0.06214	0.01627	0.56604	0.03722	0.04934	0.01934	0.01969	0.01389	0.00977	0.00826	0.00247	0.00951	0.00736	0.00788	0.01383
19	0.02612	0.02394	0.02890	0.03565	0.34879	0.13885	0.02063	0.18229	0.02516	0.06456	0.01710	0.01979	0.01334	0.00842	0.00812	0.00242	0.01046	0.00710	0.00553	0.01282
20	0.01187	0.00890	0.01335	0.01335	0.01483	0.01038	0.01038	0.01483	0.01335	0.01928	0.02225	0.03264	0.02077	0.06231	0.67512	0.01335	0.02225	0.00890	0.00445	0.00742
21	0.01808	0.21474	0.50569	0.02125	0.03220	0.02277	0.02647	0.02594	0.01737	0.02457	0.01405	0.01646	0.01056	0.00769	0.00724	0.00241	0.01141	0.00570	0.00352	0.01186
22	0.02158	0.02203	0.03092	0.04142	0.46366	0.11079	0.04775	0.02606	0.01939	0.02615	0.01518	0.01945	0.01269	0.00739	0.00793	0.00228	0.01031	0.00691	0.00424	0.10386
23	0.01543	0.01383	0.01312	0.01302	0.01535	0.09181	0.00955	0.04354	0.10171	0.02399	0.04480	0.21798	0.17447	0.11789	0.01429	0.00369	0.00703	0.06334	0.00702	0.00814
24	0.02463	0.25962	0.11052	0.02417	0.12913	0.27423	0.01879	0.02832	0.01984	0.02192	0.01312	0.01566	0.01107	0.00781	0.00695	0.00213	0.01179	0.00548	0.00392	0.01088
25	0.01193	0.00865	0.01208	0.01208	0.01313	0.00969	0.00880	0.01402	0.01298	0.01835	0.02341	0.03906	0.02356	0.25333	0.48791	0.01178	0.01805	0.00984	0.00462	0.00671
26	0.02919	0.02208	0.02359	0.01863	0.02485	0.02465	0.01521	0.50065	0.17082	0.04850	0.02298	0.02236	0.01659	0.01026	0.00834	0.00256	0.00858	0.00790	0.00834	0.01391
27	0.01208	0.00805	0.00906	0.00906	0.00906	0.00805	0.00503	0.01208	0.01208	0.01611	0.02618	0.05436	0.03020	0.70804	0.04228	0.00805	0.00805	0.01208	0.00503	0.00503
28	0.01645	0.01601	0.01582	0.01527	0.01751	0.15620	0.01175	0.02015	0.04340	0.02020	0.02070	0.02870	0.01877	0.04828	0.49950	0.01043	0.01997	0.00815	0.00459	0.00816
29	0.01012	0.00723	0.00964	0.01157	0.01205	0.00675	0.00771	0.01157	0.01591	0.02121	0.04579	0.70262	0.05495	0.02603	0.01060	0.00337	0.00482	0.02362	0.00771	0.00675
30	0.02885	0.20631	0.02849	0.01962	0.02460	0.51580	0.01560	0.03112	0.02189	0.02014	0.01252	0.01457	0.01069	0.00820	0.00696	0.00205	0.01347	0.00513	0.00410	0.00989
31	0.02221	0.71304	0.04353	0.01421	0.02132	0.03287	0.01421	0.02488	0.01688	0.01955	0.01155	0.01333	0.01066	0.00711	0.00533	0.00178	0.00888	0.00444	0.00355	0.01066
32	0.02934	0.02216	0.02367	0.01866	0.02491	0.02472	0.01525	0.50867	0.16256	0.04875	0.02279	0.02221	0.01643	0.01024	0.00834	0.00256	0.00862	0.00787	0.00834	0.01393
33	0.01443	0.00722	0.01082	0.01082	0.01082	0.00722	0.00722	0.01082	0.01082	0.01443	0.01443	0.02525	0.01443	0.02886	0.03247	0.75830	0.00722	0.00722	0.00361	0.00361
34	0.02292	0.02421	0.03143	0.04433	0.51421	0.16724	0.02337	0.02722	0.01996	0.02561	0.01500	0.01930	0.01261	0.00766	0.00806	0.00239	0.01102	0.00694	0.00415	0.01236
35	0.48027	0.16972	0.02109	0.08710	0.02230	0.05785	0.01208	0.02465	0.01553	0.03069	0.01199	0.01450	0.00968	0.00769	0.00566	0.00240	0.00795	0.00485	0.00459	0.00942
36	0.01666	0.04297	0.66500	0.02368	0.03596	0.01929	0.03069	0.02631	0.01754	0.02631	0.01491	0.01754	0.01052	0.00789	0.00789	0.00263	0.01228	0.00614	0.00351	0.01228
37	0.02056	0.01974	0.03372	0.05099	0.65622	0.01974	0.02550	0.02550	0.01892	0.02714	0.01563	0.02056	0.01316	0.00740	0.00822	0.00247	0.00987	0.00740	0.00411	0.01316
38	0.01187	0.00890	0.01335	0.01335	0.01483	0.01038	0.01038	0.01483	0.01335	0.01928	0.02225	0.03264	0.02077	0.06231	0.67512	0.01335	0.02225	0.00890	0.00445	0.00742
39	0.01009	0.00736	0.00950	0.01121	0.01196	0.00678	0.00755	0.01161	0.01625	0.02135	0.05013	0.63215	0.12262	0.02546	0.01051	0.00331	0.00475	0.02293	0.00771	0.00678
40	0.03158	0.02327	0.02493	0.01911	0.02576	0.02576	0.01579	0.62852	0.03906	0.05236	0.01995	0.01995	0.01413	0.00997	0.00831	0.00249	0.00914	0.00748	0.00831	0.01413
41	0.01176	0.00849	0.01110	0.01045	0.01241	0.00784	0.00784	0.01568	0.02352	0.03331	0.65184	0.06206	0.07839	0.01698	0.00980	0.00261	0.00392	0.01502	0.00914	0.00784
42	0.01546	0.00943	0.01162	0.01052	0.01352	0.00831	0.00808	0.01867	0.02207	0.13645	0.36209	0.06215	0.25548	0.01717	0.00956	0.00267	0.00455	0.01471	0.00887	0.00864
43	0.01701	0.00969	0.01298	0.01290	0.01549	0.00896	0.01026	0.02011	0.02035	0.15649	0.18036	0.20567	0.08481	0.01958	0.01018	0.00314	0.00588	0.18882	0.00854	0.00879
44	0.01035	0.00844	0.00916	0.00898	0.01155	0.00724	0.00673	0.01296	0.02020	0.02544	0.24045	0.07502	0.49469	0.01992	0.00981	0.00275	0.00413	0.01684	0.00811	0.00724
45	0.01723	0.01477	0.01723	0.01230	0.01969	0.01107	0.00984	0.02092	0.01723	0.02707	0.01477	0.01723	0.01230	0.00615	0.00615	0.00123	0.00615	0.00492	0.00492	0.75883
46	0.01002	0.00763	0.00923	0.01052	0.01177	0.00684	0.00724	0.01169	0.01692	0.02162	0.05858	0.49499	0.25432	0.02436	0.01034	0.00318	0.00462	0.02159	0.00771	0.00684
47	0.01753	0.01734	0.02535	0.02157	0.02220	0.02347	0.05068	0.01977	0.01317	0.02028	0.01253	0.02007	0.01213	0.01960	0.10057	0.00470	0.57867	0.00760	0.00376	0.00901
48	0.01278	0.00799	0.00879	0.00879	0.00919	0.00799	0.00519	0.01357	0.01318	0.01916	0.02637	0.04957	0.02838	0.56481	0.03480	0.00680	0.00720	0.01119	0.15868	0.00559
49	0.01187	0.00890	0.01335	0.01335	0.01483	0.01038	0.01038	0.01483	0.01335	0.01928	0.02225	0.03264	0.02077	0.06231	0.67512	0.01335	0.02225	0.00890	0.00445	0.00742
50	0.02012	0.13780	0.13492	0.03893	0.38773	0.02197	0.09085	0.02564	0.01844	0.02570	0.01497	0.01911	0.01228	0.00739	0.00787	0.00242	0.01054	0.00698	0.00394	0.01239
51	0.02205	0.02333	0.02855	0.03810	0.39857	0.17955	0.02114	0.02592	0.01912	0.02424	0.01544	0.02041	0.01328	0.01412	0.08275	0.00365	0.04711	0.00706	0.00417	0.01145
52	0.01569	0.01477	0.02492	0.68808	0.05722	0.01846	0.02307	0.02123	0.01661	0.02123	0.01477	0.02215	0.01107	0.00831	0.00831	0.00277	0.01107	0.00738	0.00369	0.00923
53	0.02877	0.07371	0.02491	0.02106	0.02491	0.54974	0.01624	0.03090	0.02168	0.02024	0.01250	0.01533	0.01073	0.00931	0.01010	0.00233	0.10821	0.00557	0.00415	0.00961
54	0.13969	0.04722	0.12255	0.01559	0.02072	0.01614	0.01453	0.05529	0.08622	0.08036	0.02210	0.02843	0.01841	0.02748	0.23014	0.00623	0.01304	0.04004	0.00567	0.01015

[dist]
# distance from previous block
# <min> <max>
0	1

[block]
# block no. 4 follows, 22 sequences, length 48
# corresponding to MSA columns:
# 164-211
name=unknown_E
#
# <colnr> <probs for GDERKNQSTAVLIFYWHMCP>
#	G	D	E	R	K	N	Q	S	T	A	V	L	I	F	Y	W	H	M	C	P
0	0.02356	0.10670	0.02162	0.01513	0.02021	0.04425	0.01229	0.24123	0.02558	0.08402	0.02494	0.16559	0.02299	0.01253	0.00798	0.00240	0.00758	0.01023	0.05274	0.09843
1	0.01006	0.00748	0.00938	0.01089	0.01187	0.00680	0.00741	0.01164	0.01655	0.02147	0.05398	0.56975	0.18253	0.02496	0.01044	0.00325	0.00469	0.02232	0.00771	0.00680
2	0.01424	0.01188	0.01519	0.01885	0.12296	0.03905	0.01137	0.05367	0.01819	0.02394	0.03896	0.44000	0.07951	0.05752	0.01158	0.00333	0.00653	0.01805	0.00684	0.00835
3	0.05525	0.10817	0.02791	0.02579	0.15043	0.26595	0.01768	0.11447	0.02232	0.02684	0.01397	0.01697	0.01164	0.00910	0.00995	0.00242	0.09924	0.00618	0.00469	0.01101
4	0.02925	0.02211	0.02362	0.01864	0.02487	0.02467	0.01523	0.50382	0.16755	0.04860	0.02290	0.02230	0.01652	0.01025	0.00834	0.00256	0.00859	0.00789	0.00834	0.01392
5	0.02133	0.01914	0.01976	0.01894	0.06126	0.06317	0.01385	0.07593	0.48562	0.03363	0.03361	0.03169	0.06236	0.01138	0.00845	0.00273	0.00734	0.00940	0.00785	0.01259
6	0.01012	0.00824	0.00900	0.00954	0.01179	0.00712	0.00708	0.01220	0.01830	0.02234	0.07332	0.21373	0.48538	0.02223	0.01010	0.00299	0.00457	0.05724	0.00771	0.00700
7	0.02056	0.01974	0.03372	0.05099	0.65622	0.01974	0.02550	0.02550	0.01892	0.02714	0.01563	0.02056	0.01316	0.00740	0.00822	0.00247	0.00987	0.00740	0.00411	0.01316
8	0.02186	0.20739	0.02935	0.02549	0.18685	0.19081	0.01682	0.02504	0.01838	0.02168	0.01523	0.01976	0.01348	0.01934	0.14957	0.00452	0.01357	0.00640	0.00408	0.01035
9	0.01992	0.07217	0.50623	0.02230	0.03319	0.02126	0.02690	0.14670	0.02181	0.03118	0.01575	0.01781	0.01125	0.00827	0.00785	0.00256	0.01148	0.00632	0.00447	0.01257
10	0.01192	0.00799	0.00911	0.00926	0.00930	0.00795	0.00525	0.01204	0.01239	0.01651	0.02774	0.10598	0.03217	0.65374	0.03976	0.00768	0.00780	0.01300	0.00525	0.00517
11	0.02030	0.01947	0.03324	0.08558	0.62370	0.01967	0.02536	0.02526	0.01879	0.02682	0.01558	0.02065	0.01305	0.00745	0.00823	0.00248	0.00993	0.00740	0.00409	0.01295
12	0.02192	0.21372	0.03646	0.03319	0.28409	0.09926	0.09343	0.02591	0.01848	0.02363	0.01395	0.01796	0.01194	0.00797	0.00903	0.00237	0.06460	0.00663	0.00395	0.01151
13	0.02358	0.02648	0.03561	0.03416	0.20072	0.20872	0.23903	0.05291	0.02107	0.02574	0.01523	0.01950	0.01220	0.00800	0.00940	0.00254	0.04177	0.00768	0.00435	0.01131
14	0.01057	0.00819	0.00962	0.00980	0.01182	0.00725	0.00715	0.01317	0.01991	0.02602	0.27650	0.20474	0.32414	0.02066	0.00998	0.00286	0.00423	0.01793	0.00822	0.00725
15	0.01012	0.00723	0.00964	0.01157	0.01205	0.00675	0.00771	0.01157	0.01591	0.02121	0.04579	0.70262	0.05495	0.02603	0.01060	0.00337	0.00482	0.02362	0.00771	0.00675
16	0.01109	0.00847	0.01018	0.00975	0.01200	0.00756	0.00732	0.01439	0.02195	0.02959	0.45718	0.06819	0.27537	0.01837	0.00981	0.00268	0.00402	0.01588	0.00865	0.00756
17	0.11540	0.31493	0.32561	0.01815	0.02738	0.02479	0.02113	0.02548	0.01683	0.02494	0.01310	0.01529	0.01038	0.00755	0.00649	0.00227	0.01013	0.00523	0.00374	0.01119
18	0.03103	0.03959	0.02354	0.02140	0.02568	0.67469	0.01605	0.03317	0.02354	0.02033	0.01284	0.01498	0.01070	0.00856	0.00749	0.00214	0.01498	0.00535	0.00428	0.00963
19	0.00982	0.00842	0.00842	0.00842	0.01122	0.00701	0.00631	0.01192	0.01894	0.02244	0.08416	0.07995	0.65285	0.02104	0.00982	0.00281	0.00421	0.01753	0.00771	0.00701
20	0.01723	0.01477	0.01723	0.01230	0.01969	0.01107	0.00984	0.02092	0.01723	0.02707	0.01477	0.01723	0.01230	0.00615	0.00615	0.00123	0.00615	0.00492	0.00492	0.75883
21	0.01006	0.00745	0.00941	0.01097	0.01189	0.00680	0.00745	0.01163	0.01648	0.02144	0.05307	0.58451	0.16836	0.02508	0.01045	0.00327	0.00470	0.02246	0.00771	0.00680
22	0.02066	0.01785	0.01878	0.01691	0.02160	0.02066	0.01315	0.04414	0.64121	0.03475	0.03381	0.03099	0.02536	0.01127	0.00845	0.00282	0.00657	0.00939	0.00845	0.01315
23	0.01135	0.00848	0.01054	0.01003	0.01216	0.00767	0.00752	0.01489	0.02256	0.03104	0.53314	0.06580	0.19850	0.01783	0.00980	0.00265	0.00398	0.01555	0.00885	0.00767
24	0.02056	0.01974	0.03372	0.05099	0.65622	0.01974	0.02550	0.02550	0.01892	0.02714	0.01563	0.02056	0.01316	0.00740	0.00822	0.00247	0.00987	0.00740	0.00411	0.01316
25	0.01482	0.01160	0.01745	0.02244	0.14503	0.01160	0.01581	0.01887	0.01908	0.02532	0.03831	0.07908	0.04088	0.01984	0.01082	0.00355	0.00809	0.48171	0.00694	0.00875
26	0.01605	0.02016	0.15282	0.02766	0.20126	0.01505	0.09667	0.02126	0.01894	0.02685	0.15553	0.10958	0.03235	0.05564	0.01111	0.00303	0.00892	0.01124	0.00555	0.01035
27	0.01723	0.01477	0.01723	0.01230	0.01969	0.01107	0.00984	0.02092	0.01723	0.02707	0.01477	0.01723	0.01230	0.00615	0.00615	0.00123	0.00615	0.00492	0.00492	0.75883
28	0.01205	0.00817	0.00964	0.00964	0.00984	0.00837	0.00576	0.01245	0.01225	0.01654	0.02564	0.05141	0.02892	0.62034	0.12824	0.00877	0.00998	0.01165	0.00495	0.00536
29	0.01666	0.04297	0.66500	0.02368	0.03596	0.01929	0.03069	0.02631	0.01754	0.02631	0.01491	0.01754	0.01052	0.00789	0.00789	0.00263	0.01228	0.00614	0.00351	0.01228
30	0.03000	0.01977	0.02208	0.01750	0.02348	0.02123	0.01424	0.39806	0.11202	0.17013	0.02587	0.06474	0.01935	0.01118	0.00848	0.00260	0.00813	0.00889	0.00869	0.01355
31	0.01772	0.12139	0.50827	0.02403	0.03517	0.02116	0.10745	0.02618	0.01773	0.02553	0.01475	0.01767	0.01082	0.00768	0.00784	0.00255	0.01210	0.00642	0.00361	0.01194
32	0.01794	0.03534	0.45755	0.03265	0.23979	0.01944	0.02899	0.02604	0.01799	0.02658	0.01514	0.01853	0.01139	0.00773	0.00800	0.00258	0.01149	0.00655	0.00371	0.01257
33	0.02204	0.34497	0.25595	0.01895	0.02729	0.15655	0.02032	0.02703	0.01844	0.02206	0.01298	0.01512	0.01062	0.00767	0.00665	0.00215	0.01129	0.00521	0.00368	0.01102
34	0.01688	0.04161	0.62991	0.02331	0.03518	0.01937	0.02974	0.02728	0.05140	0.02677	0.01593	0.01827	0.01133	0.00808	0.00792	0.00264	0.01197	0.00632	0.00378	0.01232
35	0.01964	0.01843	0.03111	0.04640	0.57405	0.01843	0.02394	0.02443	0.01894	0.02685	0.01927	0.02997	0.01762	0.00940	0.00864	0.00264	0.00958	0.08365	0.00457	0.01245
36	0.01187	0.00890	0.01335	0.01335	0.01483	0.01038	0.01038	0.01483	0.01335	0.01928	0.02225	0.03264	0.02077	0.06231	0.67512	0.01335	0.02225	0.00890	0.00445	0.00742
37	0.03114	0.03650	0.02381	0.02097	0.02570	0.55160	0.01600	0.14610	0.02649	0.02641	0.01419	0.01592	0.01135	0.00883	0.00765	0.00221	0.01387	0.00575	0.00504	0.01048
38	0.01012	0.00723	0.00964	0.01157	0.01205	0.00675	0.00771	0.01157	0.01591	0.02121	0.04579	0.70262	0.05495	0.02603	0.01060	0.00337	0.00482	0.02362	0.00771	0.00675
39	0.01255	0.00913	0.01232	0.01402	0.01585	0.00890	0.01183	0.01587	0.01869	0.02411	0.04890	0.17041	0.11933	0.02312	0.01117	0.00365	0.00688	0.45815	0.00767	0.00746
40	0.06718	0.45067	0.03677	0.02168	0.14803	0.02795	0.01603	0.02722	0.08997	0.02392	0.01496	0.01685	0.01277	0.00769	0.00626	0.00208	0.00866	0.00562	0.00433	0.01135
41	0.12046	0.13981	0.26164	0.06116	0.06212	0.01964	0.01982	0.02430	0.01692	0.02659	0.01390	0.01668	0.01089	0.00737	0.00677	0.00218	0.00941	0.00552	0.00408	0.17073
42	0.12250	0.28515	0.03013	0.01652	0.02283	0.11549	0.01436	0.24208	0.02537	0.03368	0.01473	0.01594	0.01169	0.00841	0.00667	0.00218	0.00949	0.00566	0.00556	0.01155
43	0.01598	0.01538	0.01516	0.01470	0.01666	0.15194	0.01114	0.01851	0.01542	0.01924	0.02058	0.03073	0.01943	0.10613	0.47847	0.01051	0.01948	0.00842	0.00446	0.00769
44	0.02194	0.02270	0.06609	0.06971	0.43793	0.07129	0.04950	0.08246	0.04545	0.02892	0.01650	0.02046	0.01328	0.00793	0.00824	0.00249	0.01043	0.00736	0.00464	0.01267
45	0.01916	0.02054	0.01771	0.01911	0.09243	0.23687	0.01309	0.02219	0.02145	0.02476	0.16021	0.04904	0.16633	0.01462	0.00905	0.00263	0.00893	0.08663	0.00640	0.00887
46	0.02043	0.01886	0.03066	0.07175	0.51789	0.01897	0.02320	0.06244	0.02001	0.02833	0.01755	0.02488	0.01520	0.00848	0.00832	0.00250	0.00954	0.04349	0.00462	0.05288
47	0.01851	0.01933	0.06985	0.22543	0.42294	0.01882	0.02434	0.02379	0.01819	0.02524	0.01821	0.02330	0.03921	0.00826	0.00829	0.00258	0.01012	0.00774	0.00411	0.01175

[dist]
# distance from previous block
# <min> <max>
0	13

[block]
# block no. 5 follows, 22 sequences, length 93
# corresponding to MSA columns:
# 225-317
name=unknown_F
#
# <colnr> <probs for GDERKNQSTAVLIFYWHMCP>
#	G	D	E	R	K	N	Q	S	T	A	V	L	I	F	Y	W	H	M	C	P
0	0.02031	0.02121	0.07384	0.04926	0.61681	0.01971	0.02583	0.02555	0.01883	0.02709	0.01558	0.02037	0.01299	0.00743	0.00820	0.00248	0.01002	0.00732	0.00407	0.01310
1	0.07953	0.02042	0.08642	0.03868	0.43827	0.01857	0.02193	0.02585	0.07027	0.02811	0.02275	0.02578	0.06961	0.00899	0.00810	0.00255	0.00904	0.00810	0.00482	0.01220
2	0.01898	0.02134	0.08012	0.15340	0.33087	0.08140	0.04638	0.02386	0.01887	0.02474	0.02391	0.02768	0.09368	0.00943	0.00841	0.00256	0.01022	0.00848	0.00447	0.01118
3	0.02279	0.02517	0.05613	0.04318	0.48836	0.16885	0.02355	0.02728	0.01992	0.02556	0.01496	0.01917	0.01250	0.00768	0.00804	0.00240	0.01113	0.00689	0.00413	0.01232
4	0.01783	0.10400	0.49540	0.02677	0.11378	0.02075	0.05652	0.02608	0.01775	0.02577	0.01476	0.01774	0.01097	0.00771	0.00778	0.00254	0.01172	0.00631	0.00362	0.01218
5	0.01733	0.03829	0.52474	0.02626	0.03765	0.01968	0.16625	0.02638	0.01801	0.02638	0.01534	0.01865	0.01100	0.00769	0.00833	0.00267	0.01267	0.00697	0.00367	0.01203
6	0.01148	0.00786	0.00943	0.00993	0.01026	0.00765	0.00609	0.01228	0.01430	0.01926	0.09254	0.24391	0.04208	0.44242	0.02991	0.00616	0.00671	0.01573	0.00621	0.00580
7	0.01187	0.00890	0.01335	0.01335	0.01483	0.01038	0.01038	0.01483	0.01335	0.01928	0.02225	0.03264	0.02077	0.06231	0.67512	0.01335	0.02225	0.00890	0.00445	0.00742
8	0.01818	0.01818	0.02545	0.02181	0.02181	0.02545	0.01818	0.01999	0.01272	0.01999	0.01091	0.01818	0.01091	0.01454	0.02726	0.00364	0.69284	0.00727	0.00364	0.00909
9	0.00982	0.00842	0.00842	0.00842	0.01122	0.00701	0.00631	0.01192	0.01894	0.02244	0.08416	0.07995	0.65285	0.02104	0.00982	0.00281	0.00421	0.01753	0.00771	0.00701
10	0.02056	0.01974	0.03372	0.05099	0.65622	0.01974	0.02550	0.02550	0.01892	0.02714	0.01563	0.02056	0.01316	0.00740	0.00822	0.00247	0.00987	0.00740	0.00411	0.01316
11	0.01945	0.01861	0.03172	0.19605	0.51983	0.01945	0.02494	0.02452	0.01839	0.02579	0.01543	0.02092	0.01268	0.00761	0.00824	0.00254	0.01014	0.00740	0.00402	0.01226
12	0.01569	0.01477	0.02492	0.68808	0.05722	0.01846	0.02307	0.02123	0.01661	0.02123	0.01477	0.02215	0.01107	0.00831	0.00831	0.00277	0.01107	0.00738	0.00369	0.00923
13	0.00982	0.00842	0.00842	0.00842	0.01122	0.00701	0.00631	0.01192	0.01894	0.02244	0.08416	0.07995	0.65285	0.02104	0.00982	0.00281	0.00421	0.01753	0.00771	0.00701
14	0.02221	0.71304	0.04353	0.01421	0.02132	0.03287	0.01421	0.02488	0.01688	0.01955	0.01155	0.01333	0.01066	0.00711	0.00533	0.00178	0.00888	0.00444	0.00355	0.01066
15	0.00982	0.00842	0.00842	0.00842	0.01122	0.00701	0.00631	0.01192	0.01894	0.02244	0.08416	0.07995	0.65285	0.02104	0.00982	0.00281	0.00421	0.01753	0.00771	0.00701
16	0.03103	0.03959	0.02354	0.02140	0.02568	0.67469	0.01605	0.03317	0.02354	0.02033	0.01284	0.01498	0.01070	0.00856	0.00749	0.00214	0.01498	0.00535	0.00428	0.00963
17	0.00991	0.00842	0.00855	0.00852	0.01128	0.00705	0.00639	0.01211	0.01916	0.02298	0.11222	0.07906	0.62445	0.02084	0.00982	0.00280	0.00419	0.01741	0.00779	0.00705
18	0.01000	0.00842	0.00867	0.00861	0.01133	0.00709	0.00645	0.01227	0.01936	0.02346	0.13740	0.07827	0.59898	0.02066	0.00982	0.00279	0.00418	0.01730	0.00785	0.00709
19	0.01415	0.01226	0.01773	0.01641	0.01736	0.01583	0.01320	0.01670	0.01312	0.01954	0.01815	0.02740	0.01720	0.04502	0.44072	0.00984	0.26488	0.00831	0.00416	0.00802
20	0.02221	0.71304	0.04353	0.01421	0.02132	0.03287	0.01421	0.02488	0.01688	0.01955	0.01155	0.01333	0.01066	0.00711	0.00533	0.00178	0.00888	0.00444	0.00355	0.01066
21	0.01712	0.17573	0.05988	0.02250	0.02829	0.01919	0.26991	0.02150	0.01775	0.02330	0.02459	0.23271	0.02531	0.01301	0.00896	0.00274	0.00990	0.01275	0.00512	0.00973
22	0.36511	0.01783	0.01783	0.01438	0.02029	0.01929	0.01186	0.21465	0.02414	0.19164	0.01923	0.01903	0.01335	0.00903	0.00689	0.00255	0.00742	0.00634	0.00735	0.01181
23	0.02051	0.01988	0.03452	0.05016	0.62431	0.01980	0.05676	0.02555	0.01895	0.02711	0.01569	0.02066	0.01313	0.00738	0.00831	0.00248	0.01008	0.00753	0.00412	0.01306
24	0.01818	0.01818	0.02545	0.02181	0.02181	0.02545	0.01818	0.01999	0.01272	0.01999	0.01091	0.01818	0.01091	0.01454	0.02726	0.00364	0.69284	0.00727	0.00364	0.00909
25	0.01516	0.01358	0.02229	0.53489	0.04811	0.01643	0.02087	0.02031	0.01718	0.02205	0.02142	0.03844	0.01944	0.01164	0.00903	0.00301	0.01029	0.14239	0.00459	0.00887
26	0.01528	0.00949	0.01098	0.01002	0.01331	0.00814	0.00772	0.01797	0.02079	0.14249	0.19394	0.06668	0.41575	0.01821	0.00954	0.00272	0.00467	0.01532	0.00849	0.00850
27	0.02888	0.02829	0.02644	0.02719	0.16929	0.25603	0.01809	0.27870	0.02893	0.03518	0.01643	0.01831	0.01268	0.00888	0.00800	0.00236	0.01139	0.00670	0.00592	0.01230
28	0.01737	0.12820	0.58595	0.02247	0.03409	0.02102	0.02860	0.02613	0.01746	0.02545	0.01448	0.01700	0.01054	0.00779	0.00757	0.00252	0.01185	0.00592	0.00351	0.01207
29	0.01208	0.00805	0.00906	0.00906	0.00906	0.00805	0.00503	0.01208	0.01208	0.01611	0.02618	0.05436	0.03020	0.70804	0.04228	0.00805	0.00805	0.01208	0.00503	0.00503
30	0.02865	0.03507	0.02586	0.02814	0.16925	0.52556	0.01820	0.03142	0.02249	0.02188	0.01348	0.01625	0.01126	0.00830	0.00766	0.00221	0.01382	0.00582	0.00424	0.01043
31	0.01288	0.00932	0.01271	0.01435	0.01628	0.00915	0.01231	0.01646	0.01916	0.02487	0.07399	0.11695	0.10059	0.02266	0.01122	0.00367	0.00708	0.50108	0.00772	0.00757
32	0.01723	0.01477	0.01723	0.01230	0.01969	0.01107	0.00984	0.02092	0.01723	0.02707	0.01477	0.01723	0.01230	0.00615	0.00615	0.00123	0.00615	0.00492	0.00492	0.75883
33	0.01704	0.01696	0.02771	0.02269	0.02482	0.02107	0.14576	0.02023	0.01433	0.02124	0.01474	0.02237	0.01351	0.02381	0.17106	0.00567	0.39569	0.00818	0.00394	0.00916
34	0.01078	0.00757	0.00975	0.01123	0.01170	0.00722	0.00746	0.01204	0.01524	0.02028	0.04121	0.51626	0.04886	0.18112	0.01787	0.00447	0.00574	0.05769	0.00710	0.00641
35	0.02056	0.01974	0.03372	0.05099	0.65622	0.01974	0.02550	0.02550	0.01892	0.02714	0.01563	0.02056	0.01316	0.00740	0.00822	0.00247	0.00987	0.00740	0.00411	0.01316
36	0.02640	0.02997	0.02357	0.18271	0.03297	0.39191	0.01746	0.08900	0.08047	0.02499	0.01594	0.01868	0.01248	0.00889	0.00786	0.00239	0.01269	0.00642	0.00491	0.01029
37	0.01443	0.00722	0.01082	0.01082	0.01082	0.00722	0.00722	0.01082	0.01082	0.01443	0.01443	0.02525	0.01443	0.02886	0.03247	0.75830	0.00722	0.00722	0.00361	0.00361
38	0.01995	0.01904	0.03210	0.10723	0.57016	0.01919	0.02450	0.02488	0.01862	0.02660	0.01551	0.02054	0.01293	0.00742	0.00813	0.00243	0.00980	0.00728	0.00411	0.04958
39	0.01027	0.00838	0.00908	0.00901	0.01153	0.00719	0.00672	0.01276	0.01985	0.02486	0.21177	0.10253	0.49645	0.02033	0.00985	0.00279	0.00417	0.01722	0.00804	0.00719
