[name]
unknown

[dist]
# distance from previous block
# <min> <max>
0	0

[block]
# block no. 0 follows, 22 sequences, length 40
# corresponding to MSA columns:
# 0-39
name=unknown_A
#
# <colnr> <probs for GDERKNQSTAVLIFYWHMCP>
#	G	D	E	R	K	N	Q	S	T	A	V	L	I	F	Y	W	H	M	C	P
0	0.01339	0.00956	0.01339	0.01530	0.01721	0.00956	0.01339	0.01721	0.01912	0.02486	0.04399	0.09371	0.04781	0.02295	0.01147	0.00382	0.00765	0.60031	0.00765	0.00765
1	0.03120	0.03455	0.02397	0.02069	0.02571	0.47402	0.01597	0.21728	0.02834	0.03023	0.01504	0.01652	0.01176	0.00900	0.00774	0.00225	0.01318	0.00601	0.00553	0.01102
2	0.00982	0.00842	0.00842	0.00842	0.01122	0.00701	0.00631	0.01192	0.01894	0.02244	0.08416	0.07995	0.65285	0.02104	0.00982	0.00281	0.00421	0.01753	0.00771	0.00701
3	0.02549	0.02024	0.02150	0.01788	0.02344	0.02292	0.01432	0.30242	0.37508	0.04253	0.02768	0.02611	0.02040	0.01070	0.00839	0.00267	0.00771	0.00855	0.00839	0.01358
4	0.01002	0.00842	0.00869	0.00862	0.01134	0.00710	0.00647	0.01231	0.01940	0.02356	0.14232	0.07812	0.59400	0.02062	0.00982	0.00279	0.00418	0.01728	0.00786	0.00710
5	0.02056	0.01974	0.03372	0.05099	0.65622	0.01974	0.02550	0.02550	0.01892	0.02714	0.01563	0.02056	0.01316	0.00740	0.00822	0.00247	0.00987	0.00740	0.00411	0.01316
6	0.01716	0.10302	0.60931	0.02283	0.03464	0.02051	0.02922	0.02618	0.01748	0.02570	0.01461	0.01716	0.01054	0.00782	0.00766	0.00255	0.01197	0.00599	0.00351	0.01213
7	0.03158	0.02327	0.02493	0.01911	0.02576	0.02576	0.01579	0.62852	0.03906	0.05236	0.01995	0.01995	0.01413	0.00997	0.00831	0.00249	0.00914	0.00748	0.00831	0.01413
8	0.01012	0.00723	0.00964	0.01157	0.01205	0.00675	0.00771	0.01157	0.01591	0.02121	0.04579	0.70262	0.05495	0.02603	0.01060	0.00337	0.00482	0.02362	0.00771	0.00675
9	0.01666	0.04297	0.66500	0.02368	0.03596	0.01929	0.03069	0.02631	0.01754	0.02631	0.01491	0.01754	0.01052	0.00789	0.00789	0.00263	0.01228	0.00614	0.00351	0.01228
10	0.01818	0.01818	0.02545	0.02181	0.02181	0.02545	0.01818	0.01999	0.01272	0.01999	0.01091	0.01818	0.01091	0.01454	0.02726	0.00364	0.69284	0.00727	0.00364	0.00909
11	0.01153	0.00848	0.01079	0.01021	0.01227	0.00774	0.00766	0.01524	0.02298	0.03204	0.58537	0.06415	0.14565	0.01746	0.00980	0.00264	0.00395	0.01532	0.00898	0.00774
12	0.01549	0.00774	0.00774	0.00774	0.00968	0.00774	0.00581	0.01936	0.01742	0.03097	0.02710	0.03097	0.02129	0.00968	0.00581	0.00194	0.00387	0.00774	0.75416	0.00774
13	0.02219	0.16218	0.17030	0.16788	0.07201	0.22440	0.02105	0.02700	0.01915	0.02211	0.01364	0.01713	0.01088	0.00801	0.00739	0.00234	0.01206	0.00592	0.00383	0.01054
14	0.01176	0.00849	0.01110	0.01045	0.01241	0.00784	0.00784	0.01568	0.02352	0.03331	0.65184	0.06206	0.07839	0.01698	0.00980	0.00261	0.00392	0.01502	0.00914	0.00784
15	0.01138	0.00776	0.00927	0.00996	0.01013	0.00759	0.00599	0.01190	0.01345	0.01793	0.03317	0.28570	0.03903	0.46466	0.03098	0.00638	0.00690	0.01620	0.00599	0.00565
16	0.03079	0.03058	0.02260	0.06596	0.02675	0.42241	0.01558	0.06827	0.05407	0.15653	0.01855	0.01931	0.01369	0.00911	0.00782	0.00233	0.01232	0.00644	0.00592	0.01097
17	0.01199	0.00842	0.01091	0.01091	0.01155	0.00906	0.00734	0.01327	0.01263	0.01748	0.02449	0.04501	0.02614	0.43002	0.31475	0.01033	0.01417	0.01071	0.00478	0.00606
18	0.01207	0.00810	0.00932	0.00932	0.00941	0.00819	0.00536	0.01225	0.01216	0.01630	0.02594	0.05305	0.02963	0.66913	0.08042	0.00837	0.00891	0.01189	0.00500	0.00518
19	0.76672	0.01607	0.01221	0.01092	0.01607	0.01864	0.00900	0.02442	0.01414	0.03727	0.01157	0.01350	0.00900	0.00771	0.00514	0.00257	0.00643	0.00450	0.00514	0.00900
20	0.00982	0.00842	0.00842	0.00842	0.01122	0.00701	0.00631	0.01192	0.01894	0.02244	0.08416	0.07995	0.65285	0.02104	0.00982	0.00281	0.00421	0.01753	0.00771	0.00701
21	0.01982	0.42454	0.31111	0.01829	0.02762	0.02703	0.02131	0.02549	0.01716	0.02246	0.01300	0.01514	0.01060	0.00745	0.00643	0.00214	0.01035	0.00517	0.00353	0.01136
22	0.01187	0.00890	0.01335	0.01335	0.01483	0.01038	0.01038	0.01483	0.01335	0.01928	0.02225	0.03264	0.02077	0.06231	0.67512	0.01335	0.02225	0.00890	0.00445	0.00742
23	0.00982	0.00842	0.00842	0.00842	0.01122	0.00701	0.00631	0.01192	0.01894	0.02244	0.08416	0.07995	0.65285	0.02104	0.00982	0.00281	0.00421	0.01753	0.00771	0.00701
24	0.02308	0.01905	0.02015	0.01740	0.02252	0.02179	0.01373	0.17354	0.50788	0.03865	0.03074	0.02855	0.02287	0.01098	0.00842	0.00275	0.00714	0.00897	0.00842	0.01337
25	0.03201	0.01430	0.01874	0.01413	0.02081	0.01191	0.01159	0.03535	0.02206	0.49545	0.02805	0.02538	0.01840	0.00920	0.00778	0.00222	0.00683	0.00745	0.00888	0.20946
26	0.01911	0.33809	0.39129	0.01951	0.02951	0.02527	0.02344	0.02568	0.01725	0.02333	0.01343	0.01568	0.01058	0.00755	0.00676	0.00225	0.01078	0.00539	0.00353	0.01157
27	0.01153	0.00895	0.01065	0.01142	0.01309	0.00865	0.00809	0.01611	0.09573	0.02430	0.10896	0.41853	0.18846	0.02221	0.01008	0.00311	0.00482	0.01966	0.00794	0.00771
28	0.01012	0.00723	0.00964	0.01157	0.01205	0.00675	0.00771	0.01157	0.01591	0.02121	0.04579	0.70262	0.05495	0.02603	0.01060	0.00337	0.00482	0.02362	0.00771	0.00675
29	0.01569	0.01477	0.02492	0.68808	0.05722	0.01846	0.02307	0.02123	0.01661	0.02123	0.01477	0.02215	0.01107	0.00831	0.00831	0.00277	0.01107	0.00738	0.00369	0.00923
30	0.01569	0.01477	0.02492	0.68808	0.05722	0.01846	0.02307	0.02123	0.01661	0.02123	0.01477	0.02215	0.01107	0.00831	0.00831	0.00277	0.01107	0.00738	0.00369	0.00923
31	0.76672	0.01607	0.01221	0.01092	0.01607	0.01864	0.00900	0.02442	0.01414	0.03727	0.01157	0.01350	0.00900	0.00771	0.00514	0.00257	0.00643	0.00450	0.00514	0.00900
32	0.02056	0.01974	0.03372	0.05099	0.65622	0.01974	0.02550	0.02550	0.01892	0.02714	0.01563	0.02056	0.01316	0.00740	0.00822	0.00247	0.00987	0.00740	0.00411	0.01316
33	0.02526	0.02780	0.01844	0.01687	0.02029	0.41181	0.01261	0.05602	0.02161	0.02403	0.01787	0.02248	0.01515	0.05974	0.03794	0.00300	0.01191	0.00663	0.18156	0.00899
34	0.02196	0.27015	0.26805	0.01947	0.02772	0.16615	0.02065	0.02854	0.06191	0.02328	0.01462	0.01647	0.01164	0.00800	0.00697	0.00224	0.01130	0.00561	0.00403	0.01121
35	0.02054	0.02036	0.03167	0.14620	0.52100	0.06501	0.02447	0.02538	0.01889	0.02576	0.01530	0.02042	0.01267	0.00762	0.00819	0.00249	0.01041	0.00726	0.00406	0.01231
36	0.02312	0.02454	0.02888	0.15624	0.34239	0.20226	0.02196	0.05558	0.02075	0.02538	0.01490	0.01926	0.01214	0.00801	0.00804	0.00243	0.01148	0.00683	0.00428	0.01151
37	0.27439	0.01112	0.01134	0.01050	0.01362	0.01155	0.00815	0.01851	0.01999	0.03407	0.39671	0.04617	0.08692	0.01399	0.00818	0.00261	0.00481	0.01150	0.00767	0.00819
38	0.02009	0.02215	0.09189	0.04652	0.52268	0.01986	0.10270	0.02571	0.01888	0.02700	0.01571	0.02053	0.01285	0.00739	0.00840	0.00252	0.01061	0.00760	0.00407	0.01283
39	0.01655	0.01565	0.02648	0.57509	0.16345	0.01868	0.02350	0.02198	0.01702	0.02227	0.01492	0.02187	0.01144	0.00815	0.00829	0.00272	0.01086	0.00739	0.00377	0.00993

[dist]
# distance from previous block
# <min> <max>
0	1

[block]
# block no. 1 follows, 22 sequences, length 55
# corresponding to MSA columns:
# 41-95
name=unknown_B
#
# <colnr> <probs for GDERKNQSTAVLIFYWHMCP>
#	G	D	E	R	K	N	Q	S	T	A	V	L	I	F	Y	W	H	M	C	P
0	0.01776	0.01688	0.02866	0.41753	0.31159	0.01900	0.02410	0.02304	0.01759	0.02374	0.01513	0.02147	0.01196	0.00792	0.00827	0.00264	0.01056	0.00739	0.00387	0.01090
1	0.02130	0.02144	0.03395	0.04766	0.56724	0.07012	0.06452	0.02616	0.01932	0.02658	0.01549	0.02025	0.01293	0.00746	0.00827	0.00246	0.01054	0.00740	0.00413	0.01276
2	0.01176	0.00849	0.01110	0.01045	0.01241	0.00784	0.00784	0.01568	0.02352	0.03331	0.65184	0.06206	0.07839	0.01698	0.00980	0.00261	0.00392	0.01502	0.00914	0.00784
3	0.01015	0.00852	0.00888	0.00906	0.01179	0.00725	0.00698	0.01242	0.01895	0.02267	0.08037	0.08125	0.59580	0.02122	0.00997	0.00290	0.00453	0.07249	0.00771	0.00707
4	0.01042	0.00894	0.00899	0.00889	0.01180	0.00778	0.00669	0.01372	0.05367	0.02313	0.08135	0.07722	0.61782	0.02049	0.00974	0.00281	0.00434	0.01708	0.00776	0.00736
5	0.01724	0.01467	0.02334	0.19086	0.29836	0.01557	0.01867	0.02184	0.01773	0.02596	0.02173	0.02685	0.04603	0.01165	0.04236	0.00300	0.00915	0.00805	0.17657	0.01037
6	0.01187	0.00890	0.01335	0.01335	0.01483	0.01038	0.01038	0.01483	0.01335	0.01928	0.02225	0.03264	0.02077	0.06231	0.67512	0.01335	0.02225	0.00890	0.00445	0.00742
7	0.02596	0.02824	0.01949	0.01766	0.02165	0.38529	0.01340	0.06200	0.13635	0.02676	0.01997	0.02145	0.01574	0.00936	0.00736	0.00224	0.01086	0.00669	0.15942	0.01011
8	0.01208	0.00805	0.00906	0.00906	0.00906	0.00805	0.00503	0.01208	0.01208	0.01611	0.02618	0.05436	0.03020	0.70804	0.04228	0.00805	0.00805	0.01208	0.00503	0.00503
9	0.01012	0.00723	0.00964	0.01157	0.01205	0.00675	0.00771	0.01157	0.01591	0.02121	0.04579	0.70262	0.05495	0.02603	0.01060	0.00337	0.00482	0.02362	0.00771	0.00675
10	0.00982	0.00842	0.00842	0.00842	0.01122	0.00701	0.00631	0.01192	0.01894	0.02244	0.08416	0.07995	0.65285	0.02104	0.00982	0.00281	0.00421	0.01753	0.00771	0.00701
11	0.03103	0.03959	0.02354	0.02140	0.02568	0.67469	0.01605	0.03317	0.02354	0.02033	0.01284	0.01498	0.01070	0.00856	0.00749	0.00214	0.01498	0.00535	0.00428	0.00963
12	0.02221	0.71304	0.04353	0.01421	0.02132	0.03287	0.01421	0.02488	0.01688	0.01955	0.01155	0.01333	0.01066	0.00711	0.00533	0.00178	0.00888	0.00444	0.00355	0.01066
13	0.01012	0.00723	0.00964	0.01157	0.01205	0.00675	0.00771	0.01157	0.01591	0.02121	0.04579	0.70262	0.05495	0.02603	0.01060	0.00337	0.00482	0.02362	0.00771	0.00675
14	0.01912	0.01125	0.01163	0.01031	0.01331	0.01181	0.00806	0.15694	0.02231	0.03580	0.02548	0.02848	0.01967	0.00975	0.00637	0.00206	0.00506	0.00768	0.58571	0.00918
15	0.01012	0.00723	0.00964	0.01157	0.01205	0.00675	0.00771	0.01157	0.01591	0.02121	0.04579	0.70262	0.05495	0.02603	0.01060	0.00337	0.00482	0.02362	0.00771	0.00675
16	0.01012	0.00723	0.00964	0.01157	0.01205	0.00675	0.00771	0.01157	0.01591	0.02121	0.04579	0.70262	0.05495	0.02603	0.01060	0.00337	0.00482	0.02362	0.00771	0.00675
17	0.01218	0.00936	0.01395	0.01377	0.01518	0.01113	0.01077	0.01509	0.01332	0.01932	0.02169	0.03192	0.02028	0.05994	0.64299	0.01287	0.05551	0.00882	0.00441	0.00750
18	0.01365	0.00791	0.00845	0.00845	0.00935	0.00791	0.00539	0.01543	0.01454	0.02295	0.02660	0.04360	0.02610	0.38668	0.02550	0.00524	0.00613	0.01008	0.34976	0.00628
19	0.01208	0.00805	0.00906	0.00906	0.00906	0.00805	0.00503	0.01208	0.01208	0.01611	0.02618	0.05436	0.03020	0.70804	0.04228	0.00805	0.00805	0.01208	0.00503	0.00503
20	0.05479	0.28332	0.37345	0.01940	0.02915	0.02454	0.02287	0.05932	0.01834	0.02583	0.01382	0.01596	0.01070	0.00772	0.00686	0.00231	0.01060	0.00552	0.00387	0.01164
21	0.01206	0.00812	0.00939	0.00939	0.00950	0.00823	0.00544	0.01229	0.01218	0.01635	0.02587	0.05270	0.02948	0.65846	0.09088	0.00846	0.00914	0.01184	0.00499	0.00522
22	0.02106	0.02023	0.03007	0.04238	0.49233	0.04956	0.02243	0.02982	0.15187	0.02846	0.01938	0.02253	0.01565	0.00828	0.00824	0.00253	0.00940	0.00773	0.00505	0.01300
23	0.01569	0.01477	0.02492	0.68808	0.05722	0.01846	0.02307	0.02123	0.01661	0.02123	0.01477	0.02215	0.01107	0.00831	0.00831	0.00277	0.01107	0.00738	0.00369	0.00923
24	0.01867	0.01781	0.03031	0.29773	0.42423	0.01924	0.02456	0.02384	0.01802	0.02485	0.01529	0.02118	0.01235	0.00775	0.00826	0.00258	0.01034	0.00739	0.00395	0.01164
25	0.01208	0.00805	0.00906	0.00906	0.00906	0.00805	0.00503	0.01208	0.01208	0.01611	0.02618	0.05436	0.03020	0.70804	0.04228	0.00805	0.00805	0.01208	0.00503	0.00503
26	0.02056	0.01974	0.03372	0.05099	0.65622	0.01974	0.02550	0.02550	0.01892	0.02714	0.01563	0.02056	0.01316	0.00740	0.00822	0.00247	0.00987	0.00740	0.00411	0.01316
27	0.02108	0.01609	0.01863	0.01359	0.02078	0.01353	0.01098	0.12046	0.02125	0.07990	0.01698	0.01851	0.01323	0.00709	0.00667	0.00154	0.00671	0.00560	0.00588	0.58149
28	0.02245	0.01853	0.01958	0.01696	0.02197	0.02107	0.01337	0.16720	0.48190	0.03790	0.03335	0.03107	0.05409	0.01148	0.00849	0.00275	0.00700	0.00939	0.00839	0.01305
29	0.01187	0.00890	0.01335	0.01335	0.01483	0.01038	0.01038	0.01483	0.01335	0.01928	0.02225	0.03264	0.02077	0.06231	0.67512	0.01335	0.02225	0.00890	0.00445	0.00742
30	0.06765	0.03133	0.02391	0.02280	0.08389	0.38701	0.01632	0.16954	0.06707	0.03016	0.01606	0.01763	0.01260	0.00891	0.00769	0.00232	0.01216	0.00625	0.00551	0.01119
31	0.02388	0.17621	0.30325	0.02002	0.02925	0.02033	0.06769	0.03002	0.01931	0.20394	0.01937	0.02004	0.01354	0.00833	0.00762	0.00244	0.01022	0.00668	0.00548	0.01237
32	0.01187	0.00890	0.01335	0.01335	0.01483	0.01038	0.01038	0.01483	0.01335	0.01928	0.02225	0.03264	0.02077	0.06231	0.67512	0.01335	0.02225	0.00890	0.00445	0.00742
33	0.01104	0.00854	0.01012	0.00994	0.01227	0.00761	0.00760	0.01417	0.02120	0.02797	0.35979	0.07222	0.32435	0.01919	0.00994	0.00279	0.00433	0.06105	0.00841	0.00747
34	0.01990	0.02998	0.26978	0.03847	0.37509	0.06986	0.02672	0.02639	0.01875	0.02631	0.01514	0.01900	0.01198	0.00768	0.00804	0.00250	0.01117	0.00677	0.00390	0.01256
35	0.02176	0.02201	0.03256	0.04761	0.58414	0.09461	0.02442	0.02637	0.01944	0.02636	0.01531	0.01992	0.01288	0.00753	0.00814	0.00243	0.01045	0.00717	0.00413	0.01276
36	0.01666	0.04297	0.66500	0.02368	0.03596	0.01929	0.03069	0.02631	0.01754	0.02631	0.01491	0.01754	0.01052	0.00789	0.00789	0.00263	0.01228	0.00614	0.00351	0.01228
37	0.00984	0.00834	0.00850	0.00862	0.01128	0.00700	0.00640	0.01190	0.01873	0.02236	0.08162	0.12116	0.61328	0.02137	0.00987	0.00284	0.00425	0.01794	0.00771	0.00700
38	0.02042	0.01551	0.01733	0.01554	0.01923	0.01685	0.01190	0.24998	0.15798	0.03578	0.03354	0.30323	0.03332	0.01686	0.00928	0.00292	0.00682	0.01453	0.00809	0.01088
39	0.01887	0.01801	0.03066	0.27261	0.44785	0.01929	0.02465	0.02401	0.01811	0.02508	0.01533	0.02111	0.01243	0.00772	0.00825	0.00257	0.01029	0.00740	0.00397	0.01179
40	0.01783	0.01034	0.01417	0.01389	0.04180	0.00956	0.01045	0.02163	0.02263	0.16533	0.38931	0.05859	0.05813	0.01619	0.00971	0.00281	0.00548	0.11387	0.00892	0.00937
41	0.01666	0.04297	0.66500	0.02368	0.03596	0.01929	0.03069	0.02631	0.01754	0.02631	0.01491	0.01754	0.01052	0.00789	0.00789	0.00263	0.01228	0.00614	0.00351	0.01228
42	0.01788	0.02975	0.31372	0.12139	0.15339	0.01988	0.14227	0.02523	0.01784	0.02553	0.01520	0.01969	0.01150	0.00800	0.00929	0.00270	0.04402	0.00730	0.00378	0.01167
43	0.01728	0.02543	0.24771	0.03151	0.27353	0.01728	0.02303	0.02467	0.06580	0.02640	0.02393	0.11899	0.04621	0.01107	0.00853	0.00269	0.00950	0.00983	0.00490	0.01169
44	0.01125	0.00837	0.01022	0.01033	0.01163	0.00839	0.00720	0.01285	0.01469	0.01922	0.04300	0.09136	0.21053	0.27121	0.22520	0.00789	0.01111	0.01334	0.00579	0.00644
45	0.01049	0.00830	0.00895	0.00905	0.01101	0.00746	0.00636	0.01213	0.01683	0.02071	0.06474	0.10324	0.43691	0.18191	0.06136	0.00474	0.00632	0.01602	0.00688	0.00657
46	0.02291	0.01841	0.02615	0.09360	0.29609	0.01915	0.01914	0.19417	0.02470	0.07509	0.02688	0.02883	0.09754	0.01019	0.00847	0.00255	0.00885	0.00881	0.00614	0.01232
47	0.09701	0.09125	0.02472	0.17157	0.07255	0.30049	0.01697	0.05673	0.02064	0.02455	0.01414	0.01756	0.01138	0.00832	0.00726	0.00232	0.01162	0.00598	0.03497	0.00995
48	0.37208	0.01841	0.01587	0.01413	0.01876	0.09679	0.01149	0.11363	0.02086	0.06661	0.07100	0.02986	0.02133	0.01103	0.00727	0.00267	0.00785	0.08411	0.00642	0.00981
49	0.02034	0.10464	0.03394	0.04463	0.54679	0.02090	0.02337	0.02490	0.01839	0.02582	0.01545	0.02026	0.01322	0.01004	0.04031	0.00291	0.01035	0.00711	0.00406	0.01257
50	0.09109	0.18540	0.03459	0.11296	0.18778	0.09578	0.13008	0.02577	0.01834	0.02469	0.01408	0.01811	0.01154	0.00753	0.00747	0.00238	0.01080	0.00664	0.00406	0.01093
51	0.08593	0.05423	0.02325	0.02171	0.11814	0.14919	0.01512	0.08274	0.08064	0.22357	0.02184	0.02171	0.01568	0.00905	0.00769	0.00239	0.00920	0.00701	0.00688	0.04404
52	0.09205	0.02637	0.16882	0.08140	0.16682	0.07642	0.02097	0.14274	0.08784	0.03244	0.01752	0.01986	0.01327	0.00861	0.00785	0.00255	0.01014	0.00689	0.00531	0.01213
53	0.22861	0.20220	0.02480	0.15964	0.08542	0.02086	0.01456	0.02217	0.01653	0.02602	0.02300	0.02546	0.10233	0.00955	0.00682	0.00242	0.00808	0.00723	0.00468	0.00960
54	0.06105	0.02349	0.13648	0.04964	0.10294	0.15483	0.01666	0.02405	0.01896	0.02620	0.02418	0.03100	0.05896	0.01054	0.00767	0.00246	0.00934	0.05778	0.17402	0.00974

[dist]
# distance from previous block
# <min> <max>
9	66

[block]
# block no. 2 follows, 22 sequences, length 16
# corresponding to MSA columns:
# 169-184
name=unknown_C
#
# <colnr> <probs for GDERKNQSTAVLIFYWHMCP>
#	G	D	E	R	K	N	Q	S	T	A	V	L	I	F	Y	W	H	M	C	P
0	0.06017	0.15553	0.18244	0.01483	0.02063	0.01674	0.01497	0.02105	0.05821	0.02482	0.06451	0.16712	0.13892	0.01436	0.00824	0.00265	0.00756	0.01188	0.00580	0.00956
1	0.12662	0.31287	0.11634	0.01437	0.02034	0.02302	0.01392	0.05084	0.04665	0.02456	0.01642	0.02337	0.01521	0.14905	0.01340	0.00336	0.00874	0.00660	0.00453	0.00979
2	0.12410	0.19026	0.12975	0.01666	0.02326	0.06905	0.01596	0.17525	0.02232	0.03180	0.01601	0.01845	0.01273	0.01351	0.07047	0.00334	0.01064	0.00612	0.03926	0.01105
3	0.02357	0.53741	0.08027	0.01624	0.02313	0.15760	0.01565	0.02659	0.01823	0.02014	0.01202	0.01393	0.01066	0.00744	0.00592	0.00190	0.01030	0.00473	0.00369	0.01057
4	0.16378	0.41040	0.19408	0.01597	0.02400	0.02672	0.01736	0.02515	0.01652	0.02465	0.01240	0.01442	0.01031	0.00742	0.00594	0.00214	0.00927	0.00488	0.00385	0.01075
5	0.21228	0.03595	0.49475	0.02035	0.03077	0.01912	0.02504	0.02582	0.01665	0.02917	0.01404	0.01648	0.01013	0.00785	0.00718	0.00262	0.01075	0.00571	0.00393	0.01142
6	0.02024	0.51487	0.17883	0.01604	0.02393	0.02809	0.01741	0.02454	0.01750	0.02202	0.05757	0.01770	0.01542	0.00798	0.00621	0.00203	0.00928	0.00557	0.00394	0.01082
7	0.01730	0.01749	0.01731	0.01634	0.01832	0.17365	0.01271	0.01992	0.01575	0.01963	0.01858	0.02658	0.01712	0.04340	0.43365	0.00944	0.10250	0.00784	0.00431	0.00816
8	0.01439	0.00888	0.01088	0.01070	0.01204	0.00826	0.00699	0.01545	0.01491	0.08489	0.03251	0.26270	0.03610	0.36199	0.02580	0.00547	0.00675	0.01499	0.00645	0.05984
9	0.01190	0.00844	0.01098	0.01074	0.01186	0.00861	0.00752	0.01414	0.01660	0.02326	0.25367	0.05126	0.04523	0.27972	0.20278	0.00751	0.01041	0.01229	0.00638	0.00671
10	0.01666	0.04297	0.66500	0.02368	0.03596	0.01929	0.03069	0.02631	0.01754	0.02631	0.01491	0.01754	0.01052	0.00789	0.00789	0.00263	0.01228	0.00614	0.00351	0.01228
11	0.10742	0.03603	0.47110	0.02295	0.03351	0.01993	0.08801	0.07598	0.01913	0.02980	0.01512	0.01776	0.01085	0.00795	0.00780	0.00263	0.01150	0.00643	0.00417	0.01193
12	0.01012	0.00723	0.00964	0.01157	0.01205	0.00675	0.00771	0.01157	0.01591	0.02121	0.04579	0.70262	0.05495	0.02603	0.01060	0.00337	0.00482	0.02362	0.00771	0.00675
13	0.51714	0.20758	0.06148	0.01262	0.01874	0.02255	0.01177	0.02466	0.01510	0.03176	0.01177	0.01370	0.00955	0.00756	0.00536	0.00236	0.00746	0.00459	0.00461	0.00965
14	0.01659	0.16596	0.30158	0.01871	0.02616	0.01848	0.02105	0.02270	0.01799	0.02442	0.02485	0.04451	0.02417	0.01323	0.00868	0.00289	0.00990	0.22285	0.00503	0.01026
15	0.02221	0.71304	0.04353	0.01421	0.02132	0.03287	0.01421	0.02488	0.01688	0.01955	0.01155	0.01333	0.01066	0.00711	0.00533	0.00178	0.00888	0.00444	0.00355	0.01066

[dist]
# distance from previous block
# <min> <max>
0	1

[block]
# block no. 3 follows, 22 sequences, length 72
# corresponding to MSA columns:
# 186-257
name=unknown_D
#
# <colnr> <probs for GDERKNQSTAVLIFYWHMCP>
#	G	D	E	R	K	N	Q	S	T	A	V	L	I	F	Y	W	H	M	C	P
0	0.02065	0.01201	0.01481	0.01286	0.01670	0.01166	0.01006	0.02828	0.15060	0.21009	0.31072	0.04737	0.09082	0.01420	0.00912	0.00266	0.00537	0.01216	0.00922	0.01065
1	0.02252	0.02279	0.02125	0.01783	0.02240	0.18082	0.01410	0.07051	0.14803	0.02735	0.01782	0.01988	0.01445	0.00971	0.01124	0.00234	0.14312	0.00659	0.00547	0.22177
2	0.01187	0.00890	0.01335	0.01335	0.01483	0.01038	0.01038	0.01483	0.01335	0.01928	0.02225	0.03264	0.02077	0.06231	0.67512	0.01335	0.02225	0.00890	0.00445	0.00742
3	0.01334	0.00923	0.01073	0.01015	0.01116	0.00922	0.00657	0.05566	0.01717	0.02346	0.20213	0.05416	0.04268	0.46502	0.03078	0.00614	0.00696	0.01259	0.00642	0.00645
4	0.02139	0.61432	0.13509	0.01561	0.02348	0.03087	0.01664	0.02509	0.01698	0.02054	0.01204	0.01395	0.01064	0.00722	0.00571	0.00190	0.00938	0.00469	0.00355	0.01090
5	0.06191	0.54191	0.03804	0.01549	0.02171	0.12493	0.01442	0.02580	0.01748	0.02060	0.01170	0.01383	0.01059	0.00775	0.00681	0.00197	0.04625	0.00473	0.00375	0.01034
6	0.01169	0.00795	0.00937	0.00966	0.00994	0.00779	0.00580	0.01235	0.01392	0.01875	0.09217	0.17321	0.03952	0.51487	0.03327	0.00666	0.00705	0.01448	0.00593	0.00563
7	0.02110	0.02376	0.01756	0.01652	0.01931	0.33414	0.01235	0.02331	0.01859	0.01970	0.02232	0.02941	0.06043	0.09637	0.24146	0.00663	0.01607	0.00808	0.00465	0.00824
8	0.00997	0.00782	0.00903	0.00999	0.01163	0.00688	0.00701	0.01174	0.01742	0.02182	0.06498	0.39114	0.35404	0.02353	0.01021	0.00309	0.00451	0.02057	0.00771	0.00688
9	0.01028	0.00843	0.00906	0.00890	0.01151	0.00721	0.00668	0.01282	0.02004	0.02505	0.22056	0.07565	0.51482	0.02006	0.00981	0.00276	0.00414	0.01693	0.00806	0.00721
10	0.03079	0.02251	0.02409	0.01856	0.02497	0.02488	0.01530	0.59866	0.03800	0.05131	0.02030	0.02049	0.01448	0.00996	0.00819	0.00247	0.00888	0.00749	0.04487	0.01381
11	0.01723	0.01477	0.01723	0.01230	0.01969	0.01107	0.00984	0.02092	0.01723	0.02707	0.01477	0.01723	0.01230	0.00615	0.00615	0.00123	0.00615	0.00492	0.00492	0.75883
12	0.01137	0.00840	0.01086	0.01215	0.01373	0.00789	0.00944	0.01402	0.01837	0.02392	0.11193	0.30432	0.17183	0.02309	0.01068	0.00335	0.00561	0.22399	0.00783	0.00722
13	0.01895	0.01008	0.01341	0.01167	0.01489	0.00907	0.00907	0.02267	0.02359	0.21054	0.47731	0.05253	0.06208	0.01509	0.00939	0.00260	0.00481	0.01314	0.00947	0.00961
14	0.01079	0.00839	0.00981	0.00959	0.01185	0.00741	0.00714	0.01376	0.02105	0.02776	0.36313	0.10340	0.33750	0.01929	0.00985	0.00274	0.00410	0.01661	0.00842	0.00741
15	0.01009	0.00735	0.00951	0.01124	0.01196	0.00678	0.00757	0.01160	0.01622	0.02134	0.04980	0.63755	0.11743	0.02551	0.01052	0.00331	0.00476	0.02298	0.00771	0.00678
16	0.01033	0.00749	0.00976	0.01119	0.01204	0.00692	0.00763	0.01218	0.01720	0.02302	0.13483	0.56831	0.09957	0.02439	0.01043	0.00323	0.00465	0.02197	0.00792	0.00692
17	0.01012	0.00723	0.00964	0.01157	0.01205	0.00675	0.00771	0.01157	0.01591	0.02121	0.04579	0.70262	0.05495	0.02603	0.01060	0.00337	0.00482	0.02362	0.00771	0.00675
18	0.01666	0.04297	0.66500	0.02368	0.03596	0.01929	0.03069	0.02631	0.01754	0.02631	0.01491	0.01754	0.01052	0.00789	0.00789	0.00263	0.01228	0.00614	0.00351	0.01228
19	0.01310	0.01072	0.01572	0.01501	0.01620	0.01334	0.01191	0.01585	0.01323	0.01942	0.02003	0.02980	0.01883	0.05294	0.54807	0.01145	0.15376	0.00858	0.00429	0.00774
20	0.01208	0.00805	0.00906	0.00906	0.00906	0.00805	0.00503	0.01208	0.01208	0.01611	0.02618	0.05436	0.03020	0.70804	0.04228	0.00805	0.00805	0.01208	0.00503	0.00503
21	0.01726	0.03881	0.54040	0.02597	0.03746	0.01964	0.15113	0.02637	0.01796	0.02637	0.01529	0.01852	0.01094	0.00771	0.00828	0.00267	0.01263	0.00688	0.00365	0.01206
22	0.01187	0.00890	0.01335	0.01335	0.01483	0.01038	0.01038	0.01483	0.01335	0.01928	0.02225	0.03264	0.02077	0.06231	0.67512	0.01335	0.02225	0.00890	0.00445	0.00742
23	0.01723	0.01477	0.01723	0.01230	0.01969	0.01107	0.00984	0.02092	0.01723	0.02707	0.01477	0.01723	0.01230	0.00615	0.00615	0.00123	0.00615	0.00492	0.00492	0.75883
24	0.01569	0.01477	0.02492	0.68808	0.05722	0.01846	0.02307	0.02123	0.01661	0.02123	0.01477	0.02215	0.01107	0.00831	0.00831	0.00277	0.01107	0.00738	0.00369	0.00923
25	0.01012	0.00723	0.00964	0.01157	0.01205	0.00675	0.00771	0.01157	0.01591	0.02121	0.04579	0.70262	0.05495	0.02603	0.01060	0.00337	0.00482	0.02362	0.00771	0.00675
26	0.01192	0.00870	0.01233	0.01233	0.01345	0.00983	0.00910	0.01418	0.01305	0.01853	0.02319	0.03783	0.02302	0.21669	0.52382	0.01208	0.01886	0.00966	0.00459	0.00685
27	0.01860	0.02008	0.03876	0.02915	0.03430	0.02174	0.38249	0.02361	0.01690	0.02392	0.01523	0.02171	0.01261	0.01331	0.06152	0.00381	0.23909	0.00890	0.00403	0.01024
28	0.01012	0.00723	0.00964	0.01157	0.01205	0.00675	0.00771	0.01157	0.01591	0.02121	0.04579	0.70262	0.05495	0.02603	0.01060	0.00337	0.00482	0.02362	0.00771	0.00675
29	0.01069	0.00805	0.01003	0.01139	0.01284	0.00739	0.00843	0.01280	0.01744	0.02230	0.05674	0.39728	0.22973	0.02394	0.01055	0.00330	0.00521	0.13721	0.00770	0.00701
30	0.02056	0.01974	0.03372	0.05099	0.65622	0.01974	0.02550	0.02550	0.01892	0.02714	0.01563	0.02056	0.01316	0.00740	0.00822	0.00247	0.00987	0.00740	0.00411	0.01316
31	0.01549	0.00774	0.00774	0.00774	0.00968	0.00774	0.00581	0.01936	0.01742	0.03097	0.02710	0.03097	0.02129	0.00968	0.00581	0.00194	0.00387	0.00774	0.75416	0.00774
32	0.02794	0.03445	0.02400	0.02150	0.02475	0.51869	0.01656	0.03001	0.02094	0.02025	0.01238	0.01575	0.01075	0.01000	0.01224	0.00250	0.17786	0.00581	0.00413	0.00950
33	0.01208	0.00805	0.00906	0.00906	0.00906	0.00805	0.00503	0.01208	0.01208	0.01611	0.02618	0.05436	0.03020	0.70804	0.04228	0.00805	0.00805	0.01208	0.00503	0.00503
34	0.01961	0.02241	0.04902	0.03501	0.04342	0.02101	0.62605	0.02661	0.01961	0.02661	0.01681	0.02241	0.01261	0.00700	0.00980	0.00280	0.01401	0.00980	0.00420	0.01120
35	0.01702	0.01575	0.01548	0.01656	0.01896	0.14666	0.01394	0.02050	0.02003	0.02393	0.03757	0.07748	0.04016	0.01998	0.01065	0.00348	0.00916	0.47767	0.00696	0.00806
36	0.02546	0.01282	0.01511	0.01284	0.01726	0.01276	0.01020	0.03399	0.17646	0.28315	0.03104	0.02990	0.02202	0.01032	0.00749	0.00241	0.00582	0.00840	0.27090	0.01165
37	0.02056	0.01974	0.03372	0.05099	0.65622	0.01974	0.02550	0.02550	0.01892	0.02714	0.01563	0.02056	0.01316	0.00740	0.00822	0.00247	0.00987	0.00740	0.00411	0.01316
38	0.01666	0.04297	0.66500	0.02368	0.03596	0.01929	0.03069	0.02631	0.01754	0.02631	0.01491	0.01754	0.01052	0.00789	0.00789	0.00263	0.01228	0.00614	0.00351	0.01228
39	0.01012	0.00723	0.00964	0.01157	0.01205	0.00675	0.00771	0.01157	0.01591	0.02121	0.04579	0.70262	0.05495	0.02603	0.01060	0.00337	0.00482	0.02362	0.00771	0.00675
40	0.01012	0.00723	0.00964	0.01157	0.01205	0.00675	0.00771	0.01157	0.01591	0.02121	0.04579	0.70262	0.05495	0.02603	0.01060	0.00337	0.00482	0.02362	0.00771	0.00675
41	0.01012	0.00723	0.00964	0.01157	0.01205	0.00675	0.00771	0.01157	0.01591	0.02121	0.04579	0.70262	0.05495	0.02603	0.01060	0.00337	0.00482	0.02362	0.00771	0.00675
42	0.01549	0.00774	0.00774	0.00774	0.00968	0.00774	0.00581	0.01936	0.01742	0.03097	0.02710	0.03097	0.02129	0.00968	0.00581	0.00194	0.00387	0.00774	0.75416	0.00774
43	0.00982	0.00842	0.00842	0.00842	0.01122	0.00701	0.00631	0.01192	0.01894	0.02244	0.08416	0.07995	0.65285	0.02104	0.00982	0.00281	0.00421	0.01753	0.00771	0.00701
44	0.76672	0.01607	0.01221	0.01092	0.01607	0.01864	0.00900	0.02442	0.01414	0.03727	0.01157	0.01350	0.00900	0.00771	0.00514	0.00257	0.00643	0.00450	0.00514	0.00900
45	0.01208	0.00805	0.00906	0.00906	0.00906	0.00805	0.00503	0.01208	0.01208	0.01611	0.02618	0.05436	0.03020	0.70804	0.04228	0.00805	0.00805	0.01208	0.00503	0.00503
46	0.01037	0.00748	0.00987	0.01169	0.01242	0.00699	0.00809	0.01204	0.01633	0.02157	0.04778	0.61872	0.08766	0.02550	0.01063	0.00338	0.00501	0.06991	0.00771	0.00684
47	0.01026	0.00834	0.00854	0.00854	0.01080	0.00722	0.00606	0.01195	0.01759	0.02120	0.07280	0.07494	0.53090	0.15559	0.01618	0.00383	0.00496	0.01647	0.00719	0.00663
48	0.02221	0.71304	0.04353	0.01421	0.02132	0.03287	0.01421	0.02488	0.01688	0.01955	0.01155	0.01333	0.01066	0.00711	0.00533	0.00178	0.00888	0.00444	0.00355	0.01066
49	0.02301	0.01500	0.01577	0.01306	0.01719	0.01616	0.01047	0.30401	0.02753	0.04096	0.02376	0.02582	0.01794	0.00982	0.00698	0.00220	0.00633	0.00762	0.40564	0.01073
50	0.01785	0.01494	0.01580	0.01448	0.01806	0.01677	0.01085	0.03450	0.45297	0.02981	0.03758	0.04069	0.09188	0.14876	0.01522	0.00384	0.00662	0.01077	0.00771	0.01092
51	0.08141	0.01925	0.02822	0.09616	0.24992	0.05144	0.10066	0.09639	0.02053	0.03005	0.01683	0.02112	0.01336	0.00846	0.00888	0.00254	0.04518	0.00743	0.09090	0.01128
52	0.01049	0.00750	0.01007	0.01199	0.01264	0.00707	0.00836	0.01221	0.01627	0.02162	0.04558	0.63332	0.05413	0.02568	0.01070	0.00343	0.00514	0.08925	0.00770	0.00685
53	0.01195	0.00800	0.00910	0.00923	0.00927	0.00796	0.00522	0.01205	0.01235	0.01646	0.02753	0.09913	0.03191	0.66095	0.04010	0.00773	0.00783	0.01288	0.00522	0.00515
54	0.01634	0.03892	0.57854	0.02294	0.03411	0.01831	0.05398	0.02534	0.01818	0.02697	0.07361	0.02184	0.01686	0.00869	0.00815	0.00264	0.01158	0.00711	0.00406	0.01182
55	0.01920	0.02038	0.02892	0.02366	0.02599	0.09091	0.14249	0.02223	0.01533	0.02132	0.01343	0.02013	0.01220	0.01703	0.08495	0.00426	0.41650	0.00775	0.00390	0.00942
56	0.01190	0.00877	0.01270	0.01270	0.01395	0.01003	0.00957	0.01441	0.01316	0.01880	0.02285	0.03595	0.02221	0.16070	0.57869	0.01254	0.02009	0.00939	0.00454	0.00705
57	0.02221	0.71304	0.04353	0.01421	0.02132	0.03287	0.01421	0.02488	0.01688	0.01955	0.01155	0.01333	0.01066	0.00711	0.00533	0.00178	0.00888	0.00444	0.00355	0.01066
58	0.02146	0.01944	0.03295	0.04905	0.62224	0.01934	0.02478	0.02630	0.01918	0.06112	0.01654	0.02097	0.01356	0.00756	0.00823	0.00247	0.00972	0.00745	0.00444	0.01321
59	0.09008	0.01587	0.02540	0.49709	0.17051	0.01873	0.02217	0.02237	0.01682	0.02395	0.01462	0.02099	0.01128	0.00807	0.00798	0.00269	0.01038	0.00710	0.00392	0.00998
60	0.01961	0.02241	0.04902	0.03501	0.04342	0.02101	0.62605	0.02661	0.01961	0.02661	0.01681	0.02241	0.01261	0.00700	0.00980	0.00280	0.01401	0.00980	0.00420	0.01120
61	0.01691	0.01320	0.01528	0.01183	0.01779	0.01052	0.00932	0.02096	0.04395	0.07002	0.03249	0.06217	0.14736	0.01061	0.00736	0.00181	0.00577	0.00878	0.00614	0.48772
62	0.01203	0.00827	0.01014	0.01014	0.01051	0.00864	0.00638	0.01277	0.01240	0.01691	0.02519	0.04891	0.02784	0.54603	0.20106	0.00938	0.01162	0.01128	0.00489	0.00563
63	0.01187	0.00890	0.01335	0.01335	0.01483	0.01038	0.01038	0.01483	0.01335	0.01928	0.02225	0.03264	0.02077	0.06231	0.67512	0.01335	0.02225	0.00890	0.00445	0.00742
64	0.01666	0.04297	0.66500	0.02368	0.03596	0.01929	0.03069	0.02631	0.01754	0.02631	0.01491	0.01754	0.01052	0.00789	0.00789	0.00263	0.01228	0.00614	0.00351	0.01228
65	0.02257	0.02478	0.15416	0.02119	0.08387	0.05636	0.01785	0.23584	0.11166	0.03537	0.02768	0.02918	0.08882	0.04151	0.00986	0.00283	0.00921	0.00870	0.00651	0.01205
66	0.01208	0.00805	0.00906	0.00906	0.00906	0.00805	0.00503	0.01208	0.01208	0.01611	0.02618	0.05436	0.03020	0.70804	0.04228	0.00805	0.00805	0.01208	0.00503	0.00503
67	0.01208	0.00805	0.00906	0.00906	0.00906	0.00805	0.00503	0.01208	0.01208	0.01611	0.02618	0.05436	0.03020	0.70804	0.04228	0.00805	0.00805	0.01208	0.00503	0.00503
68	0.01699	0.01664	0.02981	0.49707	0.14310	0.01903	0.11343	0.02266	0.01740	0.02290	0.01520	0.02195	0.01161	0.00798	0.00852	0.00273	0.01133	0.00775	0.00383	0.01010
69	0.09814	0.18740	0.06332	0.02465	0.14779	0.30060	0.01758	0.02855	0.01987	0.02346	0.01308	0.01569	0.01100	0.00788	0.00693	0.00219	0.01161	0.00550	0.00412	0.01064
70	0.01070	0.00795	0.01004	0.01106	0.01245	0.00729	0.00800	0.01300	0.01834	0.02419	0.17222	0.38927	0.18208	0.02293	0.01037	0.00315	0.00479	0.07707	0.00799	0.00710
71	0.01855	0.01492	0.01856	0.20412	0.02803	0.04862	0.01459	0.09642	0.01925	0.02806	0.01925	0.02440	0.01534	0.01266	0.04368	0.00309	0.11626	0.00747	0.25747	0.00925

[dist]
# distance from previous block
# <min> <max>
17	41

[block]
# block no. 4 follows, 22 sequences, length 44
# corresponding to MSA columns:
# 299-342
name=unknown_E
#
# <colnr> <probs for GDERKNQSTAVLIFYWHMCP>
#	G	D	E	R	K	N	Q	S	T	A	V	L	I	F	Y	W	H	M	C	P
0	0.05411	0.15522	0.18417	0.02542	0.15711	0.08494	0.04887	0.02479	0.01894	0.02574	0.07944	0.02689	0.02048	0.00961	0.00784	0.00248	0.01007	0.04830	0.00467	0.01093
1	0.05466	0.06946	0.50247	0.02332	0.06127	0.06514	0.02680	0.02725	0.01812	0.05560	0.01531	0.01761	0.01106	0.00798	0.00765	0.00254	0.01168	0.00609	0.00398	0.01199
2	0.14042	0.02917	0.31467	0.01861	0.02628	0.08193	0.02020	0.02528	0.01714	0.07023	0.01693	0.02052	0.01312	0.01942	0.14633	0.00480	0.01331	0.00652	0.00452	0.01060
3	0.01603	0.07072	0.20492	0.01697	0.02227	0.08039	0.01691	0.02086	0.01599	0.02192	0.01865	0.02510	0.01612	0.03520	0.34142	0.00786	0.01695	0.00739	0.03505	0.00928
4	0.02064	0.22672	0.15813	0.06973	0.10294	0.10020	0.02048	0.02492	0.01714	0.02209	0.01294	0.01684	0.01102	0.00910	0.01120	0.00253	0.15290	0.00603	0.00372	0.01073
5	0.01167	0.00824	0.01032	0.01051	0.01118	0.00853	0.00694	0.01282	0.01331	0.01797	0.03102	0.11423	0.07322	0.40557	0.22013	0.00876	0.01158	0.01268	0.00532	0.00603
6	0.01193	0.00866	0.01211	0.01211	0.01316	0.00971	0.00883	0.01404	0.01298	0.01837	0.02339	0.03893	0.02350	0.24929	0.49187	0.01182	0.01814	0.00982	0.00462	0.00673
7	0.01818	0.01818	0.02545	0.02181	0.02181	0.02545	0.01818	0.01999	0.01272	0.01999	0.01091	0.01818	0.01091	0.01454	0.02726	0.00364	0.69284	0.00727	0.00364	0.00909
8	0.01185	0.00851	0.01130	0.01094	0.01240	0.00855	0.00796	0.01477	0.01866	0.02634	0.36690	0.05288	0.05405	0.16171	0.19003	0.00647	0.00951	0.01286	0.00713	0.00719
9	0.00982	0.00842	0.00842	0.00842	0.01122	0.00701	0.00631	0.01192	0.01894	0.02244	0.08416	0.07995	0.65285	0.02104	0.00982	0.00281	0.00421	0.01753	0.00771	0.00701
10	0.03103	0.03959	0.02354	0.02140	0.02568	0.67469	0.01605	0.03317	0.02354	0.02033	0.01284	0.01498	0.01070	0.00856	0.00749	0.00214	0.01498	0.00535	0.00428	0.00963
11	0.01666	0.04297	0.66500	0.02368	0.03596	0.01929	0.03069	0.02631	0.01754	0.02631	0.01491	0.01754	0.01052	0.00789	0.00789	0.00263	0.01228	0.00614	0.00351	0.01228
12	0.03727	0.01414	0.01928	0.01478	0.02121	0.01221	0.01221	0.04049	0.02378	0.66198	0.03277	0.02828	0.02056	0.01028	0.00835	0.00257	0.00707	0.00835	0.01028	0.01414
13	0.01339	0.00956	0.01339	0.01530	0.01721	0.00956	0.01339	0.01721	0.01912	0.02486	0.04399	0.09371	0.04781	0.02295	0.01147	0.00382	0.00765	0.60031	0.00765	0.00765
14	0.01447	0.01397	0.01253	0.01361	0.01489	0.14579	0.00945	0.01606	0.01749	0.02102	0.03893	0.55948	0.04574	0.02239	0.00996	0.00312	0.00693	0.01981	0.00700	0.00735
15	0.01070	0.00778	0.01022	0.01195	0.01293	0.00730	0.00863	0.01266	0.01681	0.02201	0.04926	0.52684	0.11299	0.02496	0.01069	0.00340	0.00529	0.13093	0.00770	0.00694
16	0.01012	0.00723	0.00964	0.01157	0.01205	0.00675	0.00771	0.01157	0.01591	0.02121	0.04579	0.70262	0.05495	0.02603	0.01060	0.00337	0.00482	0.02362	0.00771	0.00675
17	0.02795	0.02068	0.02286	0.01807	0.02360	0.02318	0.01484	0.50123	0.03386	0.04604	0.02009	0.02180	0.01505	0.01614	0.08501	0.00376	0.04389	0.00764	0.04148	0.01283
18	0.03103	0.03959	0.02354	0.02140	0.02568	0.67469	0.01605	0.03317	0.02354	0.02033	0.01284	0.01498	0.01070	0.00856	0.00749	0.00214	0.01498	0.00535	0.00428	0.00963
19	0.01744	0.01655	0.02807	0.45964	0.27200	0.01892	0.02394	0.02276	0.01744	0.02335	0.01507	0.02158	0.01182	0.00798	0.00828	0.00266	0.01064	0.00739	0.00384	0.01064
20	0.01723	0.01477	0.01723	0.01230	0.01969	0.01107	0.00984	0.02092	0.01723	0.02707	0.01477	0.01723	0.01230	0.00615	0.00615	0.00123	0.00615	0.00492	0.00492	0.75883
21	0.01283	0.01031	0.01519	0.01464	0.01590	0.01268	0.01157	0.01562	0.01326	0.01939	0.02052	0.03043	0.01927	0.05503	0.57650	0.01187	0.12433	0.00865	0.00433	0.00767
22	0.02117	0.58765	0.15983	0.01599	0.02406	0.03033	0.01730	0.02514	0.01700	0.02081	0.01218	0.01411	0.01064	0.00725	0.00581	0.00194	0.00952	0.00476	0.00355	0.01096
23	0.01041	0.00766	0.00983	0.01145	0.01245	0.00708	0.00807	0.01220	0.01672	0.02178	0.05171	0.54120	0.14938	0.02492	0.01057	0.00333	0.00501	0.08166	0.00771	0.00688
24	0.01666	0.04297	0.66500	0.02368	0.03596	0.01929	0.03069	0.02631	0.01754	0.02631	0.01491	0.01754	0.01052	0.00789	0.00789	0.00263	0.01228	0.00614	0.00351	0.01228
25	0.01071	0.00826	0.00990	0.01074	0.01261	0.00745	0.00809	0.01309	0.01851	0.02356	0.12183	0.26826	0.31247	0.02247	0.01034	0.00313	0.00495	0.11865	0.00784	0.00712
26	0.01208	0.00805	0.00906	0.00906	0.00906	0.00805	0.00503	0.01208	0.01208	0.01611	0.02618	0.05436	0.03020	0.70804	0.04228	0.00805	0.00805	0.01208	0.00503	0.00503
27	0.15898	0.02423	0.13226	0.02885	0.03721	0.02031	0.42348	0.02616	0.01828	0.02856	0.01555	0.02003	0.01163	0.00727	0.00865	0.00273	0.01233	0.00827	0.00428	0.01095
28	0.01223	0.00879	0.01280	0.01280	0.01433	0.01012	0.00993	0.01528	0.01375	0.02044	0.02273	0.03247	0.02082	0.05710	0.60897	0.01222	0.02044	0.00879	0.07855	0.00745
29	0.01915	0.01830	0.03117	0.23547	0.48277	0.01937	0.02479	0.02426	0.01825	0.02543	0.01538	0.02102	0.01256	0.00766	0.00825	0.00255	0.01022	0.00740	0.00399	0.01202
30	0.01504	0.01361	0.01941	0.01763	0.01829	0.01798	0.01427	0.01732	0.01317	0.01976	0.01773	0.06373	0.01762	0.03545	0.30099	0.00774	0.36888	0.00890	0.00422	0.00824
31	0.01227	0.00842	0.01043	0.01120	0.01183	0.00837	0.00783	0.01357	0.01461	0.01928	0.03361	0.13434	0.03811	0.42983	0.02967	0.00629	0.00759	0.19064	0.00610	0.00600
32	0.01187	0.00890	0.01335	0.01335	0.01483	0.01038	0.01038	0.01483	0.01335	0.01928	0.02225	0.03264	0.02077	0.06231	0.67512	0.01335	0.02225	0.00890	0.00445	0.00742
33	0.02693	0.03286	0.02950	0.02699	0.09257	0.44014	0.13205	0.03024	0.02158	0.02218	0.01374	0.01717	0.01132	0.00857	0.00938	0.00240	0.06141	0.00653	0.00420	0.01025
34	0.01208	0.00805	0.00906	0.00906	0.00906	0.00805	0.00503	0.01208	0.01208	0.01611	0.02618	0.05436	0.03020	0.70804	0.04228	0.00805	0.00805	0.01208	0.00503	0.00503
35	0.01012	0.00723	0.00964	0.01157	0.01205	0.00675	0.00771	0.01157	0.01591	0.02121	0.04579	0.70262	0.05495	0.02603	0.01060	0.00337	0.00482	0.02362	0.00771	0.00675
36	0.01913	0.03051	0.27276	0.02437	0.03212	0.11755	0.17937	0.02554	0.01826	0.02460	0.01618	0.02064	0.01267	0.01389	0.07871	0.00374	0.05366	0.00740	0.03819	0.01070
37	0.02039	0.02769	0.25606	0.03032	0.23820	0.01957	0.02344	0.14997	0.02262	0.03162	0.02307	0.02525	0.07594	0.00947	0.00828	0.00256	0.01002	0.00797	0.00513	0.01243
38	0.01280	0.01129	0.01981	0.05680	0.02219	0.01087	0.15171	0.01588	0.01696	0.02264	0.03719	0.47581	0.04225	0.02044	0.01033	0.00323	0.00745	0.04773	0.00666	0.00797
39	0.06399	0.01924	0.03195	0.08534	0.58422	0.01960	0.02439	0.02519	0.01850	0.02739	0.01534	0.02024	0.01280	0.00747	0.00805	0.00249	0.00974	0.00723	0.00415	0.01269
40	0.23615	0.01805	0.02558	0.10029	0.36725	0.01936	0.01962	0.02606	0.06057	0.03002	0.01563	0.01940	0.01259	0.00785	0.00736	0.00255	0.00876	0.00670	0.00467	0.01156
41	0.07034	0.02200	0.16758	0.18101	0.20227	0.01786	0.02150	0.05904	0.01870	0.02833	0.01692	0.02125	0.01305	0.00823	0.00760	0.00250	0.00953	0.00697	0.11430	0.01103
42	0.02144	0.01905	0.02631	0.06795	0.30364	0.02064	0.01938	0.09274	0.27380	0.03242	0.02340	0.02483	0.01810	0.00928	0.00833	0.00263	0.00852	0.00822	0.00627	0.01304
43	0.01923	0.05051	0.03025	0.17778	0.34366	0.05112	0.04783	0.02368	0.01794	0.02420	0.01834	0.02331	0.04635	0.00908	0.01019	0.00264	0.08072	0.00779	0.00415	0.01121

[dist]
# distance from previous block
# <min> <max>
44	106

[block]
# block no. 5 follows, 22 sequences, length 37
# corresponding to MSA columns:
# 454-490
name=unknown_F
#
# <colnr> <probs for GDERKNQSTAVLIFYWHMCP>
#	G	D	E	R	K	N	Q	S	T	A	V	L	I	F	Y	W	H	M	C	P
0	0.01724	0.26437	0.05389	0.01369	0.01871	0.01991	0.01240	0.02454	0.14521	0.02510	0.08275	0.04318	0.16895	0.01333	0.00799	0.00251	0.00702	0.06298	0.00628	0.00993
1	0.02360	0.14291	0.09050	0.02592	0.20835	0.01904	0.01794	0.02927	0.06500	0.18393	0.02462	0.02561	0.05148	0.01194	0.04156	0.00298	0.00930	0.00778	0.00603	0.01223
2	0.06288	0.02143	0.05187	0.03036	0.27980	0.10860	0.01833	0.02957	0.14609	0.05692	0.02679	0.02808	0.08357	0.00998	0.00816	0.00255	0.00908	0.00843	0.00572	0.01179
3	0.01661	0.02480	0.25073	0.02259	0.12802	0.01589	0.01974	0.05094	0.01885	0.02665	0.03091	0.03242	0.15844	0.01096	0.00904	0.00247	0.04061	0.00888	0.00503	0.12643
4	0.01854	0.13007	0.05720	0.02456	0.19525	0.01790	0.01620	0.02542	0.11484	0.05618	0.09041	0.13568	0.02980	0.01277	0.00847	0.00264	0.00768	0.03926	0.00620	0.01093
5	0.01907	0.23265	0.32672	0.02461	0.06460	0.02362	0.14687	0.02591	0.01784	0.02444	0.01435	0.01746	0.01112	0.00746	0.00755	0.00241	0.01152	0.00646	0.00369	0.01163
6	0.02050	0.09369	0.28203	0.02106	0.07244	0.16821	0.02041	0.02628	0.01893	0.02534	0.01667	0.01953	0.01296	0.00830	0.00717	0.00229	0.01070	0.00622	0.15660	0.01067
7	0.02040	0.03097	0.21520	0.01876	0.02448	0.27266	0.01776	0.02460	0.01942	0.02224	0.02519	0.14310	0.06655	0.04990	0.01020	0.00287	0.01121	0.01005	0.00494	0.00950
8	0.01042	0.00766	0.00925	0.01037	0.01130	0.00705	0.00689	0.01175	0.01588	0.02053	0.05087	0.43785	0.18713	0.15350	0.01640	0.00413	0.00529	0.02005	0.00721	0.00649
