[name]
unknown

[dist]
# distance from previous block
# <min> <max>
0	22

[block]
# block no. 0 follows, 22 sequences, length 32
# corresponding to MSA columns:
# 22-53
name=unknown_A
#
# <colnr> <probs for GDERKNQSTAVLIFYWHMCP>
#	G	D	E	R	K	N	Q	S	T	A	V	L	I	F	Y	W	H	M	C	P
0	0.01111	0.00895	0.00999	0.00988	0.01242	0.00809	0.00748	0.01492	0.05391	0.02610	0.23102	0.09970	0.41012	0.01972	0.00985	0.00283	0.00444	0.04375	0.00814	0.00759
1	0.01943	0.01858	0.03167	0.19926	0.51682	0.01944	0.02493	0.02450	0.01838	0.02576	0.01543	0.02093	0.01267	0.00761	0.00824	0.00254	0.01015	0.00740	0.00401	0.01224
2	0.01770	0.00981	0.01301	0.01146	0.01446	0.00886	0.00886	0.02145	0.02358	0.17962	0.50777	0.05419	0.06493	0.01542	0.00946	0.00260	0.00465	0.01347	0.00941	0.00930
3	0.01012	0.00723	0.00964	0.01157	0.01205	0.00675	0.00771	0.01157	0.01591	0.02121	0.04579	0.70262	0.05495	0.02603	0.01060	0.00337	0.00482	0.02362	0.00771	0.00675
4	0.01816	0.22415	0.49697	0.02112	0.03200	0.02296	0.02624	0.02592	0.01736	0.02448	0.01400	0.01640	0.01056	0.00768	0.00720	0.00240	0.01136	0.00568	0.00352	0.01184
5	0.01012	0.00723	0.00964	0.01157	0.01205	0.00675	0.00771	0.01157	0.01591	0.02121	0.04579	0.70262	0.05495	0.02603	0.01060	0.00337	0.00482	0.02362	0.00771	0.00675
6	0.01188	0.00884	0.01306	0.01306	0.01445	0.01023	0.01003	0.01465	0.01327	0.01907	0.02251	0.03409	0.02140	0.10546	0.63283	0.01300	0.02130	0.00911	0.00449	0.00726
7	0.06263	0.02007	0.02117	0.01664	0.02235	0.02211	0.01363	0.48820	0.03391	0.04771	0.02088	0.02168	0.01521	0.00981	0.00770	0.00239	0.00804	0.00739	0.14574	0.01271
8	0.76672	0.01607	0.01221	0.01092	0.01607	0.01864	0.00900	0.02442	0.01414	0.03727	0.01157	0.01350	0.00900	0.00771	0.00514	0.00257	0.00643	0.00450	0.00514	0.00900
9	0.00982	0.00842	0.00842	0.00842	0.01122	0.00701	0.00631	0.01192	0.01894	0.02244	0.08416	0.07995	0.65285	0.02104	0.00982	0.00281	0.00421	0.01753	0.00771	0.00701
10	0.76672	0.01607	0.01221	0.01092	0.01607	0.01864	0.00900	0.02442	0.01414	0.03727	0.01157	0.01350	0.00900	0.00771	0.00514	0.00257	0.00643	0.00450	0.00514	0.00900
11	0.76672	0.01607	0.01221	0.01092	0.01607	0.01864	0.00900	0.02442	0.01414	0.03727	0.01157	0.01350	0.00900	0.00771	0.00514	0.00257	0.00643	0.00450	0.00514	0.00900
12	0.01071	0.00748	0.00947	0.01082	0.01115	0.00714	0.00691	0.01172	0.01476	0.01968	0.03991	0.50844	0.04753	0.23032	0.02009	0.00478	0.00579	0.02016	0.00691	0.00623
13	0.01818	0.01818	0.02545	0.02181	0.02181	0.02545	0.01818	0.01999	0.01272	0.01999	0.01091	0.01818	0.01091	0.01454	0.02726	0.00364	0.69284	0.00727	0.00364	0.00909
14	0.01188	0.00885	0.01309	0.01309	0.01448	0.01024	0.01006	0.01467	0.01327	0.01909	0.02249	0.03397	0.02135	0.10189	0.63633	0.01303	0.02138	0.00910	0.00449	0.00727
15	0.03158	0.02327	0.02493	0.01911	0.02576	0.02576	0.01579	0.62852	0.03906	0.05236	0.01995	0.01995	0.01413	0.00997	0.00831	0.00249	0.00914	0.00748	0.00831	0.01413
16	0.01137	0.00815	0.01093	0.01203	0.01330	0.00772	0.00900	0.01413	0.01905	0.02589	0.23960	0.36323	0.06089	0.02245	0.01054	0.00323	0.00515	0.14789	0.00816	0.00730
17	0.01020	0.00733	0.00955	0.01129	0.01186	0.00682	0.00751	0.01161	0.01587	0.02102	0.04676	0.63964	0.08382	0.05908	0.01211	0.00357	0.00495	0.02275	0.00758	0.00668
18	0.01961	0.02241	0.04902	0.03501	0.04342	0.02101	0.62605	0.02661	0.01961	0.02661	0.01681	0.02241	0.01261	0.00700	0.00980	0.00280	0.01401	0.00980	0.00420	0.01120
19	0.03195	0.01533	0.01912	0.01546	0.02133	0.01492	0.01251	0.04166	0.22164	0.46098	0.03311	0.02915	0.02210	0.01060	0.00839	0.00265	0.00691	0.00869	0.00970	0.01382
20	0.01057	0.00742	0.00951	0.01099	0.01136	0.00705	0.00709	0.01169	0.01502	0.02003	0.04126	0.55305	0.04924	0.18339	0.01791	0.00445	0.00557	0.02096	0.00709	0.00635
21	0.01158	0.01068	0.00981	0.00959	0.01257	0.04611	0.00721	0.01476	0.05039	0.02294	0.07753	0.07376	0.58446	0.01983	0.00962	0.00277	0.00495	0.01642	0.00755	0.00747
22	0.03103	0.03959	0.02354	0.02140	0.02568	0.67469	0.01605	0.03317	0.02354	0.02033	0.01284	0.01498	0.01070	0.00856	0.00749	0.00214	0.01498	0.00535	0.00428	0.00963
23	0.01290	0.00839	0.01084	0.01084	0.01211	0.00913	0.00791	0.01542	0.01416	0.02171	0.02447	0.03720	0.02309	0.19707	0.34814	0.00904	0.01401	0.00932	0.20729	0.00696
24	0.01341	0.00891	0.01104	0.01033	0.01285	0.00796	0.00781	0.01668	0.02199	0.08505	0.42012	0.09088	0.22600	0.01786	0.00971	0.00269	0.00431	0.01547	0.00880	0.00812
25	0.01928	0.06220	0.02643	0.02132	0.02204	0.06929	0.01779	0.02117	0.01370	0.01999	0.01107	0.01766	0.01088	0.01369	0.02460	0.00342	0.60562	0.00697	0.00367	0.00922
26	0.02430	0.02762	0.17376	0.02235	0.08176	0.13578	0.04053	0.13654	0.07749	0.09598	0.02243	0.02472	0.04037	0.04746	0.01004	0.00282	0.01046	0.00777	0.00596	0.01184
27	0.02365	0.02181	0.02218	0.16686	0.06135	0.16983	0.01624	0.20105	0.02485	0.03073	0.07174	0.02363	0.01829	0.01198	0.01108	0.09102	0.01027	0.00759	0.00568	0.01018
28	0.11757	0.01938	0.04823	0.10368	0.09303	0.08210	0.01621	0.07943	0.06724	0.09340	0.05036	0.02380	0.01762	0.01509	0.07635	0.00373	0.06873	0.00755	0.00576	0.01075
29	0.01701	0.02651	0.26105	0.01834	0.02504	0.09159	0.04418	0.04965	0.01989	0.02668	0.10868	0.14568	0.06453	0.01303	0.00868	0.00263	0.00933	0.01106	0.00564	0.05077
30	0.02101	0.19438	0.10875	0.03536	0.36059	0.05392	0.02216	0.02687	0.05427	0.02528	0.01545	0.01876	0.01282	0.00766	0.00745	0.00232	0.00996	0.00654	0.00416	0.01227
31	0.24932	0.02157	0.13850	0.07342	0.02320	0.09230	0.01453	0.02267	0.01787	0.02901	0.08577	0.03000	0.10432	0.01073	0.00735	0.00255	0.00825	0.00815	0.05125	0.00926

[dist]
# distance from previous block
# <min> <max>
2	52

[block]
# block no. 1 follows, 22 sequences, length 49
# corresponding to MSA columns:
# 106-154
name=unknown_B
#
# <colnr> <probs for GDERKNQSTAVLIFYWHMCP>
#	G	D	E	R	K	N	Q	S	T	A	V	L	I	F	Y	W	H	M	C	P
0	0.02522	0.03010	0.05686	0.02708	0.17113	0.34822	0.01809	0.03215	0.13087	0.02484	0.02009	0.02178	0.03906	0.00923	0.00794	0.00239	0.01175	0.00706	0.00507	0.01110
1	0.01697	0.13688	0.02197	0.02170	0.18181	0.03750	0.01322	0.02000	0.01722	0.02424	0.02555	0.19613	0.02598	0.05386	0.00977	0.00278	0.00719	0.01127	0.16665	0.00933
2	0.01065	0.00782	0.00911	0.00990	0.01088	0.00723	0.00648	0.01183	0.01556	0.01996	0.05045	0.32515	0.21531	0.23758	0.02027	0.00468	0.00566	0.01830	0.00688	0.00629
3	0.02564	0.03202	0.10609	0.03187	0.24714	0.32331	0.02113	0.06823	0.02219	0.02552	0.01453	0.01757	0.01176	0.00817	0.00785	0.00234	0.01249	0.00630	0.00439	0.01148
4	0.02546	0.39563	0.07579	0.01760	0.02404	0.25326	0.01601	0.06403	0.02055	0.02222	0.01272	0.01457	0.01087	0.00783	0.00642	0.00200	0.01123	0.00505	0.00409	0.01062
5	0.01588	0.01061	0.01245	0.01181	0.01479	0.01020	0.00888	0.02205	0.12887	0.11373	0.15762	0.19543	0.22863	0.01823	0.00954	0.00286	0.00510	0.01573	0.00844	0.00915
6	0.01157	0.00815	0.00958	0.00955	0.01046	0.00777	0.00615	0.01299	0.01631	0.02193	0.20393	0.10917	0.12171	0.38457	0.02709	0.00558	0.00622	0.01443	0.00668	0.00617
7	0.01694	0.01524	0.02375	0.23413	0.03267	0.01895	0.07617	0.02090	0.01565	0.02340	0.01621	0.02262	0.01336	0.01076	0.01485	0.00291	0.25930	0.00765	0.16548	0.00905
8	0.01208	0.00805	0.00906	0.00906	0.00906	0.00805	0.00503	0.01208	0.01208	0.01611	0.02618	0.05436	0.03020	0.70804	0.04228	0.00805	0.00805	0.01208	0.00503	0.00503
9	0.01006	0.00843	0.00875	0.00867	0.01137	0.00711	0.00650	0.01238	0.01950	0.02378	0.15381	0.07775	0.58237	0.02054	0.00982	0.00278	0.00417	0.01722	0.00789	0.00711
10	0.03158	0.02327	0.02493	0.01911	0.02576	0.02576	0.01579	0.62852	0.03906	0.05236	0.01995	0.01995	0.01413	0.00997	0.00831	0.00249	0.00914	0.00748	0.00831	0.01413
11	0.01053	0.00823	0.00954	0.00966	0.01177	0.00725	0.00708	0.01313	0.01995	0.02590	0.26954	0.18429	0.35237	0.02055	0.00995	0.00284	0.00422	0.01776	0.00820	0.00725
12	0.02221	0.71304	0.04353	0.01421	0.02132	0.03287	0.01421	0.02488	0.01688	0.01955	0.01155	0.01333	0.01066	0.00711	0.00533	0.00178	0.00888	0.00444	0.00355	0.01066
13	0.01010	0.00731	0.00956	0.01136	0.01199	0.00677	0.00762	0.01159	0.01611	0.02129	0.04835	0.66101	0.09490	0.02569	0.01055	0.00334	0.00478	0.02321	0.00771	0.00677
14	0.03107	0.03850	0.02363	0.02125	0.02569	0.63133	0.01603	0.07296	0.02458	0.02247	0.01332	0.01531	0.01093	0.00866	0.00755	0.00216	0.01459	0.00549	0.00455	0.00993
15	0.01686	0.01372	0.01667	0.01321	0.01819	0.01271	0.01057	0.04290	0.01700	0.02657	0.01719	0.02145	0.01460	0.01610	0.10912	0.00345	0.08426	0.00623	0.09752	0.44167
16	0.01023	0.00803	0.00907	0.00960	0.01144	0.00707	0.00679	0.01215	0.01795	0.02259	0.11758	0.26816	0.37913	0.06675	0.01216	0.00330	0.00462	0.01883	0.00766	0.00687
17	0.03694	0.01468	0.01961	0.01504	0.02148	0.01301	0.01242	0.07512	0.02468	0.62607	0.03202	0.02779	0.02019	0.01026	0.00835	0.00257	0.00719	0.00830	0.01017	0.01414
18	0.03103	0.03959	0.02354	0.02140	0.02568	0.67469	0.01605	0.03317	0.02354	0.02033	0.01284	0.01498	0.01070	0.00856	0.00749	0.00214	0.01498	0.00535	0.00428	0.00963
19	0.01867	0.02827	0.22955	0.03103	0.04017	0.02072	0.42113	0.02620	0.01867	0.02620	0.01596	0.02077	0.01191	0.00763	0.01008	0.00279	0.04626	0.00860	0.00397	0.01142
20	0.02066	0.01785	0.01878	0.01691	0.02160	0.02066	0.01315	0.04414	0.64121	0.03475	0.03381	0.03099	0.02536	0.01127	0.00845	0.00282	0.00657	0.00939	0.00845	0.01315
21	0.01499	0.01349	0.01934	0.01754	0.01829	0.01784	0.01424	0.01739	0.01304	0.01964	0.01663	0.02547	0.01588	0.03865	0.35429	0.00854	0.35434	0.00809	0.00405	0.00824
22	0.01232	0.00932	0.01321	0.01297	0.01404	0.01086	0.00974	0.01458	0.01304	0.01865	0.02236	0.03638	0.02216	0.19839	0.49673	0.01158	0.06265	0.00948	0.00452	0.00701
23	0.01740	0.01703	0.02396	0.02077	0.02095	0.02359	0.01722	0.01936	0.01280	0.01991	0.01230	0.01995	0.01212	0.02042	0.10695	0.00483	0.61035	0.00747	0.00374	0.00888
24	0.03103	0.03959	0.02354	0.02140	0.02568	0.67469	0.01605	0.03317	0.02354	0.02033	0.01284	0.01498	0.01070	0.00856	0.00749	0.00214	0.01498	0.00535	0.00428	0.00963
25	0.01208	0.00805	0.00906	0.00906	0.00906	0.00805	0.00503	0.01208	0.01208	0.01611	0.02618	0.05436	0.03020	0.70804	0.04228	0.00805	0.00805	0.01208	0.00503	0.00503
26	0.01947	0.02592	0.19535	0.04231	0.43138	0.01977	0.09316	0.02582	0.01864	0.02687	0.01557	0.02000	0.01243	0.00748	0.00831	0.00255	0.01094	0.00735	0.00397	0.01272
27	0.06768	0.31192	0.34551	0.02011	0.05355	0.02477	0.02240	0.02557	0.01711	0.02431	0.01336	0.01569	0.01059	0.00754	0.00669	0.00227	0.01043	0.00540	0.00366	0.01144
28	0.02993	0.03148	0.02528	0.02425	0.10327	0.36884	0.01712	0.23892	0.02836	0.03229	0.01565	0.01739	0.01219	0.00891	0.00787	0.00230	0.01233	0.00634	0.00566	0.01163
29	0.02574	0.01992	0.02116	0.01745	0.02294	0.02241	0.01401	0.33116	0.30653	0.04322	0.02656	0.02554	0.01957	0.01053	0.00822	0.00260	0.00768	0.00835	0.05310	0.01331
30	0.01006	0.00843	0.00875	0.00867	0.01137	0.00711	0.00650	0.01238	0.01950	0.02378	0.15398	0.07775	0.58219	0.02054	0.00982	0.00278	0.00417	0.01722	0.00789	0.00711
31	0.01157	0.00857	0.01253	0.01286	0.01411	0.00965	0.00970	0.01415	0.01374	0.01949	0.02651	0.14999	0.02710	0.08295	0.53321	0.01140	0.01863	0.01159	0.00504	0.00720
32	0.01012	0.00723	0.00964	0.01157	0.01205	0.00675	0.00771	0.01157	0.01591	0.02121	0.04579	0.70262	0.05495	0.02603	0.01060	0.00337	0.00482	0.02362	0.00771	0.00675
33	0.02065	0.01815	0.02120	0.02241	0.12407	0.02051	0.01514	0.04113	0.54073	0.03352	0.03088	0.02931	0.02339	0.01065	0.00842	0.00276	0.00711	0.00907	0.00775	0.01315
34	0.02431	0.07554	0.22897	0.02354	0.03142	0.24757	0.11624	0.10500	0.02263	0.02720	0.01493	0.01748	0.01138	0.00820	0.00796	0.00242	0.01289	0.00651	0.00450	0.01133
35	0.02109	0.01885	0.03000	0.08175	0.48349	0.01945	0.02264	0.02908	0.12311	0.05870	0.01944	0.02277	0.01543	0.00824	0.00827	0.00255	0.00926	0.00778	0.00511	0.01297
36	0.01951	0.01867	0.03182	0.18831	0.52711	0.01946	0.02497	0.02458	0.01842	0.02587	0.01544	0.02090	0.01271	0.00760	0.00824	0.00253	0.01013	0.00740	0.00402	0.01231
37	0.01898	0.49317	0.03411	0.01395	0.01930	0.02585	0.01302	0.02174	0.01578	0.01946	0.01489	0.01936	0.01382	0.02434	0.21447	0.00539	0.01306	0.00583	0.00383	0.00965
38	0.00999	0.00842	0.00865	0.00859	0.01132	0.00708	0.00644	0.01225	0.01933	0.02338	0.13314	0.07841	0.60329	0.02069	0.00982	0.00279	0.00418	0.01732	0.00784	0.00708
39	0.02441	0.32794	0.03317	0.02012	0.06095	0.24745	0.01617	0.02690	0.01855	0.02034	0.01212	0.01513	0.01087	0.00886	0.00990	0.00225	0.12541	0.00540	0.00385	0.01020
40	0.01864	0.01773	0.02952	0.12456	0.50279	0.01801	0.02284	0.02330	0.01863	0.02583	0.02395	0.02806	0.09159	0.00919	0.00843	0.00255	0.00932	0.00865	0.00450	0.01192
41	0.01200	0.00802	0.00908	0.00917	0.00919	0.00800	0.00515	0.01206	0.01224	0.01632	0.02699	0.08140	0.03123	0.67960	0.04096	0.00786	0.00792	0.01256	0.00515	0.00511
42	0.01184	0.00802	0.00907	0.00920	0.00937	0.00791	0.00528	0.01204	0.01268	0.01677	0.03041	0.09897	0.06330	0.62778	0.03853	0.00748	0.00764	0.01313	0.00535	0.00525
43	0.02185	0.02218	0.03247	0.04735	0.57866	0.10030	0.02433	0.02644	0.01949	0.02630	0.01528	0.01987	0.01286	0.00754	0.00813	0.00243	0.01050	0.00715	0.00413	0.01273
44	0.02237	0.02733	0.16214	0.02841	0.20958	0.17391	0.02032	0.05473	0.01953	0.04885	0.01547	0.01963	0.01255	0.01161	0.01204	0.12887	0.01102	0.00665	0.00438	0.01061
45	0.01992	0.01476	0.01910	0.02295	0.19201	0.04698	0.01390	0.02629	0.09609	0.09714	0.10641	0.03120	0.02641	0.01363	0.05106	0.00310	0.00796	0.00883	0.19159	0.01067
46	0.01632	0.01367	0.02388	0.02054	0.06447	0.01368	0.20175	0.02062	0.01689	0.02573	0.02181	0.02999	0.01860	0.09330	0.10479	0.00456	0.03333	0.00899	0.25820	0.00889
47	0.12531	0.17337	0.05488	0.07725	0.19465	0.15188	0.01832	0.06673	0.01985	0.02675	0.01384	0.01689	0.01137	0.00787	0.00703	0.00230	0.01033	0.00592	0.00439	0.01108
48	0.09810	0.02785	0.13586	0.02242	0.09350	0.13480	0.01838	0.25185	0.02642	0.03622	0.01617	0.01790	0.01217	0.00859	0.00762	0.00237	0.01030	0.00639	0.00576	0.06736

[dist]
# distance from previous block
# <min> <max>
2	120

[block]
# block no. 2 follows, 22 sequences, length 79
# corresponding to MSA columns:
# 275-353
name=unknown_C
#
# <colnr> <probs for GDERKNQSTAVLIFYWHMCP>
#	G	D	E	R	K	N	Q	S	T	A	V	L	I	F	Y	W	H	M	C	P
0	0.16952	0.08026	0.02147	0.01690	0.02200	0.28761	0.01339	0.06959	0.06794	0.11979	0.02021	0.02056	0.03844	0.00932	0.00722	0.00235	0.01031	0.00647	0.00596	0.01069
1	0.16357	0.07732	0.05065	0.02352	0.13132	0.16478	0.07908	0.04917	0.02018	0.02828	0.08480	0.02478	0.04999	0.00946	0.00765	0.00243	0.00987	0.00767	0.00516	0.01032
2	0.09712	0.12482	0.02176	0.17007	0.06612	0.09851	0.01394	0.02145	0.01718	0.02324	0.05376	0.03004	0.05510	0.12468	0.01305	0.00332	0.00904	0.00815	0.03987	0.00876
3	0.14870	0.10529	0.02319	0.04968	0.04780	0.25310	0.01446	0.08678	0.02117	0.07401	0.01585	0.01843	0.01266	0.01414	0.07761	0.00346	0.01209	0.00609	0.00516	0.01030
4	0.02337	0.23838	0.02943	0.02018	0.06237	0.25491	0.01575	0.02589	0.01829	0.02034	0.01342	0.01741	0.01206	0.01531	0.08859	0.00361	0.12097	0.00592	0.00396	0.00982
5	0.02368	0.05747	0.09697	0.01827	0.02407	0.10554	0.03975	0.23877	0.02649	0.05915	0.02863	0.07609	0.07846	0.01278	0.00870	0.00268	0.00948	0.07510	0.00674	0.01119
6	0.02483	0.06064	0.03027	0.03727	0.37488	0.23187	0.02117	0.07272	0.02180	0.02644	0.01485	0.01836	0.01232	0.00795	0.00785	0.00233	0.01141	0.00660	0.00445	0.01197
7	0.10531	0.09622	0.17958	0.01881	0.06264	0.12038	0.01662	0.02583	0.08285	0.02473	0.01829	0.02566	0.01629	0.15653	0.01462	0.00362	0.01003	0.00734	0.00470	0.00994
8	0.02120	0.02455	0.06514	0.01669	0.02072	0.28980	0.01386	0.02442	0.02150	0.04914	0.10261	0.04630	0.14073	0.01426	0.00892	0.00266	0.01002	0.11226	0.00621	0.00899
9	0.09615	0.01742	0.08775	0.06398	0.02213	0.01499	0.01317	0.09559	0.01925	0.02847	0.03006	0.03369	0.14467	0.07122	0.01187	0.00286	0.05084	0.00887	0.00562	0.18139
10	0.01496	0.20984	0.01938	0.01099	0.01318	0.01540	0.00823	0.01603	0.01359	0.01743	0.02158	0.04033	0.02361	0.43927	0.09858	0.00682	0.00979	0.00956	0.00455	0.00690
11	0.01966	0.13781	0.02116	0.01554	0.01868	0.22343	0.01219	0.02206	0.01981	0.02292	0.14434	0.17209	0.05767	0.01455	0.00978	0.00257	0.05961	0.01153	0.00590	0.00871
12	0.01668	0.02491	0.20815	0.01907	0.04947	0.12605	0.04170	0.02140	0.01864	0.02340	0.03504	0.12287	0.15102	0.01704	0.04739	0.00337	0.01039	0.04854	0.00541	0.00946
13	0.02831	0.25224	0.03019	0.01869	0.02430	0.35247	0.01542	0.13764	0.02420	0.02584	0.01371	0.01534	0.01130	0.00835	0.00695	0.00209	0.01198	0.00544	0.00477	0.01077
14	0.02180	0.01932	0.03265	0.04830	0.60906	0.01918	0.02451	0.02661	0.01928	0.07429	0.01690	0.02113	0.01371	0.00762	0.00823	0.00247	0.00966	0.00747	0.00457	0.01323
15	0.02916	0.18225	0.02778	0.01988	0.02476	0.53874	0.01566	0.03142	0.02213	0.02017	0.01257	0.01463	0.01069	0.00825	0.00703	0.00206	0.01369	0.00516	0.00413	0.00985
16	0.01187	0.00890	0.01335	0.01335	0.01483	0.01038	0.01038	0.01483	0.01335	0.01928	0.02225	0.03264	0.02077	0.06231	0.67512	0.01335	0.02225	0.00890	0.00445	0.00742
17	0.00982	0.00842	0.00842	0.00842	0.01122	0.00701	0.00631	0.01192	0.01894	0.02244	0.08416	0.07995	0.65285	0.02104	0.00982	0.00281	0.00421	0.01753	0.00771	0.00701
18	0.01016	0.00790	0.00924	0.01002	0.01171	0.00698	0.00709	0.01216	0.01808	0.02305	0.12721	0.35288	0.32825	0.02281	0.01016	0.00304	0.00445	0.01995	0.00786	0.00698
19	0.01961	0.02241	0.04902	0.03501	0.04342	0.02101	0.62605	0.02661	0.01961	0.02661	0.01681	0.02241	0.01261	0.00700	0.00980	0.00280	0.01401	0.00980	0.00420	0.01120
20	0.02066	0.01785	0.01878	0.01691	0.02160	0.02066	0.01315	0.04414	0.64121	0.03475	0.03381	0.03099	0.02536	0.01127	0.00845	0.00282	0.00657	0.00939	0.00845	0.01315
21	0.02221	0.71304	0.04353	0.01421	0.02132	0.03287	0.01421	0.02488	0.01688	0.01955	0.01155	0.01333	0.01066	0.00711	0.00533	0.00178	0.00888	0.00444	0.00355	0.01066
22	0.00982	0.00842	0.00842	0.00842	0.01122	0.00701	0.00631	0.01192	0.01894	0.02244	0.08416	0.07995	0.65285	0.02104	0.00982	0.00281	0.00421	0.01753	0.00771	0.00701
23	0.03103	0.03959	0.02354	0.02140	0.02568	0.67469	0.01605	0.03317	0.02354	0.02033	0.01284	0.01498	0.01070	0.00856	0.00749	0.00214	0.01498	0.00535	0.00428	0.00963
24	0.03103	0.03959	0.02354	0.02140	0.02568	0.67469	0.01605	0.03317	0.02354	0.02033	0.01284	0.01498	0.01070	0.00856	0.00749	0.00214	0.01498	0.00535	0.00428	0.00963
25	0.01006	0.00747	0.00939	0.01092	0.01188	0.00680	0.00742	0.01164	0.01653	0.02146	0.05365	0.57497	0.17752	0.02500	0.01044	0.00326	0.00469	0.02237	0.00771	0.00680
26	0.02099	0.17750	0.02412	0.01641	0.02121	0.06298	0.01382	0.07690	0.28655	0.02963	0.02843	0.03796	0.02483	0.01244	0.00828	0.00272	0.00805	0.12900	0.00689	0.01130
27	0.02356	0.01755	0.10396	0.01472	0.02112	0.01295	0.01331	0.05199	0.05039	0.24296	0.12329	0.03037	0.02673	0.03872	0.00938	0.00249	0.00715	0.00845	0.00751	0.19337
28	0.01844	0.03053	0.29978	0.02658	0.03540	0.04338	0.23983	0.02553	0.01791	0.02553	0.01504	0.01924	0.01145	0.00824	0.01068	0.00269	0.09151	0.00746	0.00390	0.06687
29	0.01208	0.00805	0.00906	0.00906	0.00906	0.00805	0.00503	0.01208	0.01208	0.01611	0.02618	0.05436	0.03020	0.70804	0.04228	0.00805	0.00805	0.01208	0.00503	0.00503
30	0.01123	0.00770	0.00931	0.01015	0.01036	0.00749	0.00620	0.01186	0.01374	0.01832	0.03470	0.33606	0.04095	0.41168	0.02852	0.00602	0.00665	0.01709	0.00620	0.00578
31	0.02302	0.45441	0.15126	0.01739	0.02485	0.16200	0.01756	0.02683	0.01836	0.02092	0.01242	0.01442	0.01064	0.00755	0.00623	0.00200	0.01074	0.00493	0.00369	0.01074
32	0.01823	0.01876	0.01870	0.04828	0.02045	0.17744	0.01357	0.02053	0.01573	0.01945	0.01741	0.02688	0.01661	0.10686	0.26101	0.00728	0.17245	0.00793	0.00425	0.00817
33	0.01688	0.01603	0.02197	0.01911	0.01911	0.02176	0.01539	0.01832	0.01259	0.01917	0.01414	0.02584	0.01499	0.16144	0.03044	0.00457	0.54778	0.00829	0.00393	0.00823
34	0.01997	0.01971	0.03371	0.04325	0.45852	0.02105	0.09028	0.02449	0.01772	0.02562	0.01479	0.02028	0.01264	0.00882	0.01230	0.00274	0.15034	0.00764	0.00402	0.01211
35	0.01199	0.00807	0.00903	0.00903	0.00915	0.00801	0.00509	0.01207	0.01236	0.01637	0.02853	0.05540	0.05548	0.68016	0.04097	0.00784	0.00790	0.01230	0.00514	0.00511
36	0.01765	0.09333	0.01792	0.01410	0.01659	0.14913	0.01061	0.02107	0.06209	0.01975	0.02115	0.03313	0.02069	0.23051	0.22949	0.00744	0.01396	0.00865	0.00478	0.00796
37	0.01021	0.00832	0.00885	0.00916	0.01146	0.00720	0.00674	0.01218	0.01812	0.02197	0.07368	0.14457	0.51157	0.07269	0.01240	0.00331	0.00474	0.04846	0.00751	0.00687
38	0.01012	0.00723	0.00964	0.01157	0.01205	0.00675	0.00771	0.01157	0.01591	0.02121	0.04579	0.70262	0.05495	0.02603	0.01060	0.00337	0.00482	0.02362	0.00771	0.00675
39	0.01012	0.00723	0.00964	0.01157	0.01205	0.00675	0.00771	0.01157	0.01591	0.02121	0.04579	0.70262	0.05495	0.02603	0.01060	0.00337	0.00482	0.02362	0.00771	0.00675
40	0.00982	0.00842	0.00842	0.00842	0.01122	0.00701	0.00631	0.01192	0.01894	0.02244	0.08416	0.07995	0.65285	0.02104	0.00982	0.00281	0.00421	0.01753	0.00771	0.00701
41	0.03158	0.02327	0.02493	0.01911	0.02576	0.02576	0.01579	0.62852	0.03906	0.05236	0.01995	0.01995	0.01413	0.00997	0.00831	0.00249	0.00914	0.00748	0.00831	0.01413
42	0.03103	0.03959	0.02354	0.02140	0.02568	0.67469	0.01605	0.03317	0.02354	0.02033	0.01284	0.01498	0.01070	0.00856	0.00749	0.00214	0.01498	0.00535	0.00428	0.00963
43	0.01723	0.01477	0.01723	0.01230	0.01969	0.01107	0.00984	0.02092	0.01723	0.02707	0.01477	0.01723	0.01230	0.00615	0.00615	0.00123	0.00615	0.00492	0.00492	0.75883
44	0.01549	0.00774	0.00774	0.00774	0.00968	0.00774	0.00581	0.01936	0.01742	0.03097	0.02710	0.03097	0.02129	0.00968	0.00581	0.00194	0.00387	0.00774	0.75416	0.00774
45	0.01961	0.02241	0.04902	0.03501	0.04342	0.02101	0.62605	0.02661	0.01961	0.02661	0.01681	0.02241	0.01261	0.00700	0.00980	0.00280	0.01401	0.00980	0.00420	0.01120
46	0.01723	0.01477	0.01723	0.01230	0.01969	0.01107	0.00984	0.02092	0.01723	0.02707	0.01477	0.01723	0.01230	0.00615	0.00615	0.00123	0.00615	0.00492	0.00492	0.75883
47	0.01187	0.00890	0.01335	0.01335	0.01483	0.01038	0.01038	0.01483	0.01335	0.01928	0.02225	0.03264	0.02077	0.06231	0.67512	0.01335	0.02225	0.00890	0.00445	0.00742
48	0.02066	0.01785	0.01878	0.01691	0.02160	0.02066	0.01315	0.04414	0.64121	0.03475	0.03381	0.03099	0.02536	0.01127	0.00845	0.00282	0.00657	0.00939	0.00845	0.01315
49	0.01569	0.01477	0.02492	0.68808	0.05722	0.01846	0.02307	0.02123	0.01661	0.02123	0.01477	0.02215	0.01107	0.00831	0.00831	0.00277	0.01107	0.00738	0.00369	0.00923
50	0.01660	0.01759	0.03652	0.02757	0.03346	0.01648	0.42973	0.02183	0.01843	0.02489	0.02601	0.23838	0.02605	0.01304	0.01006	0.00298	0.01109	0.01419	0.00532	0.00979
51	0.03103	0.03959	0.02354	0.02140	0.02568	0.67469	0.01605	0.03317	0.02354	0.02033	0.01284	0.01498	0.01070	0.00856	0.00749	0.00214	0.01498	0.00535	0.00428	0.00963
52	0.01992	0.01935	0.03357	0.04752	0.57504	0.01917	0.07075	0.02487	0.01897	0.02685	0.01933	0.02383	0.04680	0.00809	0.00843	0.00251	0.00989	0.00812	0.00431	0.01268
53	0.02502	0.02718	0.02950	0.03836	0.38985	0.25897	0.02149	0.06310	0.02177	0.02611	0.01486	0.01849	0.01232	0.00797	0.00796	0.00235	0.01169	0.00666	0.00442	0.01193
54	0.01233	0.00803	0.00896	0.00896	0.00911	0.00803	0.00509	0.01262	0.01248	0.01721	0.02624	0.05263	0.02954	0.65618	0.03957	0.00760	0.00774	0.01176	0.06067	0.00523
55	0.02034	0.02035	0.03723	0.04732	0.51556	0.02003	0.16335	0.02575	0.01907	0.02702	0.01590	0.02099	0.01303	0.00731	0.00859	0.00254	0.01082	0.00795	0.00413	0.01271
56	0.09682	0.03407	0.41819	0.02651	0.07137	0.01964	0.16476	0.02613	0.01773	0.02758	0.01503	0.01840	0.01099	0.00764	0.00806	0.00265	0.01192	0.00688	0.00387	0.01174
57	0.01041	0.00844	0.00923	0.00903	0.01158	0.00726	0.00677	0.01306	0.02032	0.02573	0.25600	0.07453	0.47896	0.01981	0.00981	0.00275	0.00412	0.01677	0.00815	0.00726
58	0.02820	0.14699	0.02816	0.02416	0.10872	0.48283	0.01701	0.03080	0.02184	0.02111	0.01300	0.01545	0.01102	0.00817	0.00724	0.00212	0.01331	0.00547	0.00414	0.01027
59	0.01021	0.00737	0.00967	0.01135	0.01203	0.00683	0.00765	0.01184	0.01653	0.02203	0.08596	0.63285	0.08448	0.02522	0.01052	0.00330	0.00473	0.02279	0.00780	0.00683
60	0.02506	0.29857	0.05556	0.01936	0.06999	0.16289	0.01568	0.03173	0.12777	0.09107	0.01837	0.01903	0.01445	0.00853	0.00696	0.00220	0.00978	0.00619	0.00531	0.01149
61	0.01668	0.09829	0.26801	0.02242	0.02962	0.01915	0.14906	0.02253	0.01706	0.02396	0.02087	0.15865	0.02013	0.01204	0.01063	0.00284	0.08268	0.01044	0.00453	0.01041
62	0.01007	0.00743	0.00944	0.01105	0.01191	0.00679	0.00748	0.01163	0.01641	0.02141	0.05213	0.59974	0.15374	0.02520	0.01047	0.00328	0.00472	0.02261	0.00771	0.00679
63	0.01220	0.00833	0.01022	0.01022	0.01126	0.00866	0.00702	0.01390	0.01394	0.01976	0.03142	0.04709	0.09470	0.33156	0.24027	0.00841	0.01172	0.01109	0.10186	0.00638
64	0.05260	0.02003	0.01986	0.09615	0.07067	0.15596	0.01451	0.09895	0.05533	0.06109	0.02076	0.05804	0.01709	0.01041	0.00903	0.00249	0.05977	0.00793	0.15912	0.01021
65	0.01939	0.02745	0.23236	0.03860	0.38769	0.05130	0.02591	0.02561	0.01872	0.02640	0.01706	0.02396	0.01439	0.00860	0.00829	0.00259	0.01075	0.04444	0.00415	0.01236
66	0.01965	0.02118	0.01939	0.09753	0.05541	0.25102	0.01466	0.02272	0.01768	0.02028	0.01765	0.02445	0.01563	0.03388	0.32327	0.00753	0.01771	0.00737	0.00428	0.00871
67	0.03250	0.03272	0.02265	0.01974	0.02466	0.48154	0.01515	0.07255	0.02458	0.16964	0.01787	0.01835	0.01318	0.00905	0.00774	0.00226	0.01280	0.00617	0.00591	0.01095
68	0.01820	0.01720	0.06743	0.01623	0.01978	0.05375	0.01380	0.15239	0.02117	0.02902	0.10023	0.03020	0.02447	0.03363	0.29820	0.00729	0.07285	0.00882	0.00575	0.00959
69	0.05289	0.01278	0.01516	0.08405	0.02010	0.01420	0.01137	0.08243	0.08782	0.02839	0.06805	0.04217	0.19513	0.01963	0.08754	0.00394	0.06246	0.01083	0.09196	0.00908
70	0.10318	0.02156	0.02383	0.06642	0.23387	0.15642	0.01742	0.02963	0.06953	0.12191	0.02292	0.02447	0.05466	0.00934	0.00789	0.00249	0.00962	0.00760	0.00573	0.01150
71	0.10771	0.02303	0.12922	0.09290	0.10299	0.07925	0.04128	0.06096	0.08394	0.12495	0.02118	0.06055	0.01662	0.00975	0.00800	0.00263	0.00955	0.00805	0.00591	0.01155
72	0.05048	0.06335	0.34235	0.02296	0.03165	0.19754	0.08998	0.02754	0.01904	0.02456	0.01464	0.01776	0.01122	0.01048	0.03891	0.00298	0.01330	0.00633	0.00390	0.01102
73	0.01472	0.04563	0.23469	0.01717	0.06076	0.01346	0.01636	0.01993	0.01801	0.02625	0.15897	0.03754	0.06146	0.10893	0.04410	0.00376	0.00874	0.00976	0.09045	0.00933
74	0.02508	0.02276	0.02184	0.01879	0.05394	0.15166	0.01423	0.22810	0.05129	0.03434	0.01750	0.01934	0.01366	0.00890	0.00854	0.00215	0.04863	0.00649	0.05340	0.19937
75	0.02315	0.02754	0.09259	0.02740	0.19900	0.23119	0.01862	0.05072	0.02064	0.02581	0.01459	0.01755	0.01190	0.00762	0.00743	0.00207	0.01082	0.00597	0.00447	0.20090
76	0.01689	0.02257	0.15706	0.01723	0.02239	0.12256	0.04856	0.02246	0.05502	0.02531	0.12233	0.13409	0.07022	0.01769	0.06593	0.00354	0.01011	0.01129	0.00588	0.04888
77	0.15908	0.02352	0.20147	0.02391	0.17302	0.04107	0.01871	0.02257	0.01801	0.02790	0.05827	0.03226	0.14571	0.01089	0.00792	0.00260	0.00865	0.00885	0.00512	0.01048
78	0.15495	0.02562	0.22959	0.01931	0.07107	0.04795	0.01811	0.09896	0.01987	0.03175	0.01770	0.04705	0.01424	0.00895	0.00716	0.00240	0.00892	0.00689	0.10082	0.06867

[dist]
# distance from previous block
# <min> <max>
11	111

[block]
# block no. 3 follows, 22 sequences, length 13
# corresponding to MSA columns:
# 471-483
name=unknown_D
#
# <colnr> <probs for GDERKNQSTAVLIFYWHMCP>
#	G	D	E	R	K	N	Q	S	T	A	V	L	I	F	Y	W	H	M	C	P
0	0.16775	0.04807	0.09653	0.07736	0.02455	0.01518	0.07072	0.02316	0.01815	0.11239	0.03575	0.03607	0.18895	0.01165	0.00797	0.00259	0.00784	0.00959	0.00605	0.03968
1	0.08571	0.17206	0.13317	0.01895	0.04555	0.16043	0.03736	0.02679	0.04564	0.04621	0.01602	0.01906	0.01310	0.01547	0.09895	0.00377	0.01232	0.00619	0.00450	0.03873
2	0.02011	0.25476	0.09789	0.09004	0.03211	0.06751	0.17328	0.02472	0.01745	0.02226	0.01393	0.01828	0.01157	0.01016	0.03326	0.00286	0.08875	0.00681	0.00382	0.01045
3	0.02367	0.02336	0.03136	0.02896	0.14357	0.15425	0.18223	0.02916	0.05887	0.08963	0.01767	0.02087	0.01371	0.00878	0.01052	0.00257	0.08754	0.00767	0.00507	0.06053
4	0.01266	0.05260	0.01236	0.01052	0.01136	0.01023	0.00702	0.01361	0.01272	0.01716	0.02422	0.04605	0.02648	0.49349	0.20703	0.00906	0.01185	0.01076	0.00479	0.00602
5	0.02174	0.02264	0.01946	0.01732	0.01964	0.24073	0.01336	0.06455	0.01907	0.02310	0.02140	0.02807	0.06293	0.10655	0.01779	0.00341	0.20059	0.00810	0.08076	0.00878
6	0.01327	0.00924	0.01118	0.01089	0.01326	0.00857	0.00807	0.01748	0.06316	0.07134	0.28845	0.19758	0.21786	0.01911	0.00978	0.00284	0.00459	0.01666	0.00849	0.00819
7	0.07320	0.35058	0.07589	0.01706	0.02331	0.22036	0.01545	0.02936	0.08202	0.02295	0.01442	0.01591	0.01204	0.00805	0.00645	0.00210	0.01053	0.00533	0.00437	0.01061
8	0.02743	0.03480	0.06227	0.07032	0.13482	0.48326	0.01895	0.03070	0.02196	0.02188	0.01356	0.01654	0.01113	0.00831	0.00769	0.00226	0.01371	0.00588	0.00417	0.01035
9	0.01009	0.00736	0.00951	0.01123	0.01196	0.00678	0.00756	0.01161	0.01623	0.02134	0.04992	0.63548	0.11941	0.02549	0.01052	0.00331	0.00475	0.02296	0.00771	0.00678
10	0.02671	0.19640	0.03047	0.02593	0.15777	0.38296	0.01761	0.02957	0.02097	0.02158	0.01312	0.01576	0.01121	0.00797	0.00713	0.00212	0.01244	0.00557	0.00407	0.01062
11	0.01017	0.00810	0.00913	0.00957	0.01162	0.00705	0.00691	0.01234	0.01872	0.02359	0.15163	0.25099	0.40715	0.02187	0.01003	0.00294	0.00434	0.01888	0.00791	0.00705
12	0.02233	0.42872	0.17270	0.01759	0.02520	0.09234	0.01820	0.06534	0.01895	0.02324	0.01292	0.01503	0.01087	0.00792	0.00721	0.00212	0.03911	0.00521	0.00393	0.01107

[dist]
# distance from previous block
# <min> <max>
0	1

[block]
# block no. 4 follows, 22 sequences, length 96
# corresponding to MSA columns:
# 485-580
name=unknown_E
#
# <colnr> <probs for GDERKNQSTAVLIFYWHMCP>
#	G	D	E	R	K	N	Q	S	T	A	V	L	I	F	Y	W	H	M	C	P
0	0.02042	0.01214	0.01688	0.01874	0.12324	0.01130	0.01205	0.02431	0.04714	0.21199	0.11101	0.19235	0.13198	0.01585	0.00924	0.00279	0.00621	0.01389	0.00805	0.01043
1	0.01503	0.01515	0.01268	0.01294	0.01517	0.15898	0.00946	0.01709	0.01915	0.02221	0.08192	0.28674	0.23357	0.01986	0.00965	0.00290	0.00703	0.04588	0.00700	0.00759
2	0.15428	0.06511	0.02169	0.04491	0.02390	0.36720	0.01423	0.10039	0.02297	0.02773	0.04511	0.02030	0.04022	0.00939	0.00731	0.00231	0.01140	0.00643	0.00521	0.00991
3	0.01955	0.01497	0.01784	0.01490	0.01932	0.01567	0.01185	0.20970	0.04749	0.03179	0.02058	0.02624	0.01748	0.05889	0.27136	0.00674	0.01351	0.00777	0.00595	0.16840
4	0.01050	0.00756	0.00936	0.01063	0.01131	0.00706	0.00697	0.01172	0.01549	0.02029	0.04656	0.48588	0.12634	0.16947	0.01720	0.00429	0.00542	0.02040	0.00715	0.00642
5	0.01989	0.27432	0.09183	0.01964	0.02615	0.02332	0.13888	0.09147	0.01920	0.02525	0.01630	0.02069	0.01373	0.02004	0.15918	0.00478	0.01330	0.00704	0.00442	0.01057
6	0.01648	0.01719	0.01523	0.01661	0.08794	0.16102	0.01093	0.01975	0.04753	0.02268	0.05455	0.05476	0.37002	0.05603	0.01093	0.00292	0.00763	0.01293	0.00640	0.00847
7	0.01792	0.19541	0.52362	0.02153	0.03263	0.02238	0.02694	0.02598	0.01739	0.02477	0.01414	0.01658	0.01055	0.00771	0.00731	0.00244	0.01151	0.00575	0.00352	0.01191
8	0.02218	0.02280	0.03215	0.04642	0.55891	0.12082	0.02404	0.02668	0.01963	0.02609	0.01520	0.01970	0.01278	0.00758	0.00811	0.00242	0.01066	0.00709	0.00414	0.01261
9	0.02221	0.71304	0.04353	0.01421	0.02132	0.03287	0.01421	0.02488	0.01688	0.01955	0.01155	0.01333	0.01066	0.00711	0.00533	0.00178	0.00888	0.00444	0.00355	0.01066
10	0.01769	0.03685	0.49865	0.03088	0.19940	0.01941	0.02932	0.02609	0.01790	0.02653	0.01510	0.01834	0.01122	0.00776	0.00798	0.00259	0.01164	0.00647	0.00367	0.01251
11	0.01569	0.01477	0.02492	0.68808	0.05722	0.01846	0.02307	0.02123	0.01661	0.02123	0.01477	0.02215	0.01107	0.00831	0.00831	0.00277	0.01107	0.00738	0.00369	0.00923
12	0.02293	0.01876	0.01994	0.01716	0.02221	0.02134	0.01356	0.18487	0.46804	0.03897	0.05735	0.02966	0.02494	0.01120	0.00848	0.00273	0.00708	0.00917	0.00845	0.01316
13	0.01749	0.01683	0.02293	0.19414	0.19856	0.08379	0.01802	0.02115	0.01654	0.02167	0.01747	0.02664	0.01580	0.09911	0.15391	0.00550	0.04879	0.00803	0.00417	0.00946
14	0.03158	0.02327	0.02493	0.01911	0.02576	0.02576	0.01579	0.62852	0.03906	0.05236	0.01995	0.01995	0.01413	0.00997	0.00831	0.00249	0.00914	0.00748	0.00831	0.01413
15	0.01208	0.00805	0.00906	0.00906	0.00906	0.00805	0.00503	0.01208	0.01208	0.01611	0.02618	0.05436	0.03020	0.70804	0.04228	0.00805	0.00805	0.01208	0.00503	0.00503
16	0.01039	0.00832	0.00858	0.00858	0.01067	0.00728	0.00599	0.01196	0.01720	0.02084	0.06949	0.07348	0.49535	0.19482	0.01803	0.00413	0.00518	0.01615	0.00704	0.00651
17	0.01818	0.01818	0.02545	0.02181	0.02181	0.02545	0.01818	0.01999	0.01272	0.01999	0.01091	0.01818	0.01091	0.01454	0.02726	0.00364	0.69284	0.00727	0.00364	0.00909
18	0.01045	0.00844	0.00929	0.00908	0.01161	0.00728	0.00681	0.01314	0.02042	0.02597	0.26841	0.07414	0.46640	0.01972	0.00981	0.00274	0.00411	0.01672	0.00818	0.00728
19	0.01646	0.00868	0.00878	0.00843	0.01065	0.00883	0.00641	0.05606	0.01873	0.03226	0.02667	0.03031	0.02086	0.00970	0.00596	0.00197	0.00419	0.00773	0.70922	0.00813
20	0.02867	0.03465	0.02246	0.02038	0.02475	0.52591	0.01539	0.03567	0.16406	0.02361	0.01761	0.01862	0.01404	0.00918	0.00771	0.00229	0.01307	0.00627	0.00523	0.01043
21	0.01012	0.00723	0.00964	0.01157	0.01205	0.00675	0.00771	0.01157	0.01591	0.02121	0.04579	0.70262	0.05495	0.02603	0.01060	0.00337	0.00482	0.02362	0.00771	0.00675
22	0.01012	0.00723	0.00964	0.01157	0.01205	0.00675	0.00771	0.01157	0.01591	0.02121	0.04579	0.70262	0.05495	0.02603	0.01060	0.00337	0.00482	0.02362	0.00771	0.00675
23	0.02043	0.01973	0.03274	0.04071	0.41489	0.02015	0.11771	0.02991	0.16059	0.02879	0.01995	0.02323	0.01585	0.00822	0.00853	0.00260	0.00977	0.00823	0.00511	0.01285
24	0.02436	0.06261	0.02919	0.10917	0.30014	0.25282	0.02080	0.05779	0.02119	0.02492	0.01454	0.01835	0.01197	0.00803	0.00783	0.00235	0.01173	0.00652	0.00430	0.01138
25	0.01281	0.00967	0.01209	0.01192	0.01424	0.00943	0.00939	0.01853	0.08564	0.03051	0.39912	0.06746	0.12792	0.01809	0.01002	0.00291	0.00501	0.13836	0.00860	0.00826
26	0.02449	0.26240	0.03379	0.02895	0.23715	0.23476	0.01862	0.02775	0.01971	0.02236	0.01334	0.01630	0.01152	0.00767	0.00700	0.00213	0.01118	0.00573	0.00398	0.01117
27	0.01482	0.01784	0.17091	0.04434	0.02029	0.01208	0.01393	0.02042	0.05496	0.05447	0.26352	0.04444	0.04234	0.17097	0.01652	0.00387	0.00750	0.01124	0.00660	0.00892
28	0.10574	0.03273	0.27621	0.02862	0.17307	0.15788	0.05846	0.02738	0.01886	0.02650	0.01437	0.01751	0.01111	0.00785	0.00768	0.00249	0.01174	0.00629	0.00403	0.01148
29	0.03112	0.03686	0.02378	0.02102	0.02570	0.56585	0.01601	0.13303	0.02614	0.02570	0.01403	0.01581	0.01128	0.00880	0.00763	0.00220	0.01400	0.00571	0.00496	0.01039
30	0.01012	0.00723	0.00964	0.01157	0.01205	0.00675	0.00771	0.01157	0.01591	0.02121	0.04579	0.70262	0.05495	0.02603	0.01060	0.00337	0.00482	0.02362	0.00771	0.00675
31	0.01723	0.01477	0.01723	0.01230	0.01969	0.01107	0.00984	0.02092	0.01723	0.02707	0.01477	0.01723	0.01230	0.00615	0.00615	0.00123	0.00615	0.00492	0.00492	0.75883
32	0.01891	0.02907	0.27780	0.03793	0.31889	0.01978	0.12545	0.02599	0.01850	0.02674	0.01554	0.01971	0.01206	0.00752	0.00836	0.00258	0.01147	0.00731	0.00390	0.01250
33	0.01188	0.00885	0.01309	0.01309	0.01449	0.01024	0.01006	0.01467	0.01327	0.01909	0.02249	0.03395	0.02134	0.10121	0.63699	0.01303	0.02140	0.00909	0.00449	0.00727
34	0.00982	0.00842	0.00842	0.00842	0.01122	0.00701	0.00631	0.01192	0.01894	0.02244	0.08416	0.07995	0.65285	0.02104	0.00982	0.00281	0.00421	0.01753	0.00771	0.00701
35	0.01208	0.00805	0.00906	0.00906	0.00906	0.00805	0.00503	0.01208	0.01208	0.01611	0.02618	0.05436	0.03020	0.70804	0.04228	0.00805	0.00805	0.01208	0.00503	0.00503
36	0.00982	0.00842	0.00842	0.00842	0.01122	0.00701	0.00631	0.01192	0.01894	0.02244	0.08416	0.07995	0.65285	0.02104	0.00982	0.00281	0.00421	0.01753	0.00771	0.00701
37	0.01666	0.04297	0.66500	0.02368	0.03596	0.01929	0.03069	0.02631	0.01754	0.02631	0.01491	0.01754	0.01052	0.00789	0.00789	0.00263	0.01228	0.00614	0.00351	0.01228
38	0.03103	0.03959	0.02354	0.02140	0.02568	0.67469	0.01605	0.03317	0.02354	0.02033	0.01284	0.01498	0.01070	0.00856	0.00749	0.00214	0.01498	0.00535	0.00428	0.00963
39	0.01176	0.00849	0.01110	0.01045	0.01241	0.00784	0.00784	0.01568	0.02352	0.03331	0.65184	0.06206	0.07839	0.01698	0.00980	0.00261	0.00392	0.01502	0.00914	0.00784
40	0.01938	0.01853	0.03158	0.20576	0.51071	0.01943	0.02491	0.02446	0.01836	0.02570	0.01542	0.02095	0.01265	0.00762	0.00824	0.00254	0.01016	0.00740	0.00401	0.01220
41	0.03103	0.03959	0.02354	0.02140	0.02568	0.67469	0.01605	0.03317	0.02354	0.02033	0.01284	0.01498	0.01070	0.00856	0.00749	0.00214	0.01498	0.00535	0.00428	0.00963
42	0.01208	0.00805	0.00906	0.00906	0.00906	0.00805	0.00503	0.01208	0.01208	0.01611	0.02618	0.05436	0.03020	0.70804	0.04228	0.00805	0.00805	0.01208	0.00503	0.00503
43	0.01666	0.04297	0.66500	0.02368	0.03596	0.01929	0.03069	0.02631	0.01754	0.02631	0.01491	0.01754	0.01052	0.00789	0.00789	0.00263	0.01228	0.00614	0.00351	0.01228
44	0.01164	0.00859	0.01123	0.04123	0.01467	0.00834	0.00869	0.03976	0.01875	0.02525	0.17632	0.47198	0.08755	0.02233	0.01019	0.00311	0.00506	0.02003	0.00787	0.00743
45	0.03158	0.02327	0.02493	0.01911	0.02576	0.02576	0.01579	0.62852	0.03906	0.05236	0.01995	0.01995	0.01413	0.00997	0.00831	0.00249	0.00914	0.00748	0.00831	0.01413
46	0.02007	0.01493	0.01665	0.01444	0.01782	0.01652	0.01097	0.21298	0.14764	0.03251	0.02515	0.03409	0.02217	0.20681	0.12775	0.00583	0.01024	0.00935	0.04403	0.01005
47	0.03158	0.02327	0.02493	0.01911	0.02576	0.02576	0.01579	0.62852	0.03906	0.05236	0.01995	0.01995	0.01413	0.00997	0.00831	0.00249	0.00914	0.00748	0.00831	0.01413
48	0.01208	0.00805	0.00906	0.00906	0.00906	0.00805	0.00503	0.01208	0.01208	0.01611	0.02618	0.05436	0.03020	0.70804	0.04228	0.00805	0.00805	0.01208	0.00503	0.00503
49	0.01047	0.00759	0.00932	0.01054	0.01131	0.00705	0.00694	0.01173	0.01564	0.02039	0.04826	0.46803	0.14996	0.16244	0.01685	0.00422	0.00537	0.02028	0.00717	0.00645
50	0.01207	0.00875	0.01259	0.01259	0.01392	0.00999	0.00955	0.01475	0.01341	0.01951	0.02294	0.03502	0.02186	0.13285	0.57002	0.01218	0.01973	0.00920	0.04192	0.00716
51	0.01208	0.00805	0.00906	0.00906	0.00906	0.00805	0.00503	0.01208	0.01208	0.01611	0.02618	0.05436	0.03020	0.70804	0.04228	0.00805	0.00805	0.01208	0.00503	0.00503
52	0.01006	0.00832	0.00882	0.00891	0.01143	0.00708	0.00660	0.01232	0.01920	0.02357	0.14525	0.13034	0.53742	0.02100	0.00988	0.00283	0.00423	0.01776	0.00788	0.00708
53	0.02593	0.03137	0.02133	0.01959	0.02299	0.48594	0.01489	0.02824	0.02060	0.02007	0.01487	0.01918	0.01300	0.02113	0.16052	0.00478	0.05592	0.00627	0.00428	0.00910
54	0.02672	0.01859	0.01975	0.01568	0.02091	0.02033	0.01278	0.44474	0.03253	0.04590	0.02210	0.02327	0.01629	0.00988	0.00756	0.00232	0.00755	0.00756	0.23333	0.01220
55	0.01029	0.00843	0.00907	0.00891	0.01151	0.00721	0.00668	0.01283	0.02005	0.02508	0.22206	0.07560	0.51330	0.02005	0.00981	0.00276	0.00414	0.01692	0.00806	0.00721
56	0.02051	0.01989	0.03461	0.05007	0.62071	0.01981	0.06030	0.02556	0.01896	0.02711	0.01569	0.02067	0.01313	0.00738	0.00832	0.00249	0.01011	0.00754	0.00412	0.01305
57	0.02387	0.06033	0.13683	0.06636	0.24277	0.28009	0.02203	0.02843	0.02031	0.02367	0.01418	0.01761	0.01152	0.00798	0.00776	0.00235	0.01233	0.00625	0.00403	0.01130
58	0.03103	0.03959	0.02354	0.02140	0.02568	0.67469	0.01605	0.03317	0.02354	0.02033	0.01284	0.01498	0.01070	0.00856	0.00749	0.00214	0.01498	0.00535	0.00428	0.00963
59	0.01187	0.00890	0.01335	0.01335	0.01483	0.01038	0.01038	0.01483	0.01335	0.01928	0.02225	0.03264	0.02077	0.06231	0.67512	0.01335	0.02225	0.00890	0.00445	0.00742
60	0.02834	0.05972	0.02415	0.01998	0.02421	0.39207	0.01558	0.16567	0.02497	0.02733	0.01488	0.01846	0.01252	0.04604	0.01165	0.00268	0.08984	0.00637	0.00513	0.01039
61	0.01208	0.00805	0.00906	0.00906	0.00906	0.00805	0.00503	0.01208	0.01208	0.01611	0.02618	0.05436	0.03020	0.70804	0.04228	0.00805	0.00805	0.01208	0.00503	0.00503
62	0.01914	0.02564	0.14589	0.03323	0.04224	0.02074	0.53242	0.02656	0.01928	0.02656	0.01651	0.02164	0.01228	0.00714	0.00950	0.00277	0.01373	0.00923	0.00409	0.01137
63	0.02066	0.01785	0.01878	0.01691	0.02160	0.02066	0.01315	0.04414	0.64121	0.03475	0.03381	0.03099	0.02536	0.01127	0.00845	0.00282	0.00657	0.00939	0.00845	0.01315
