[name]
unknown

[dist]
# distance from previous block
# <min> <max>
0	0

[block]
# block no. 0 follows, 21 sequences, length 15
# corresponding to MSA columns:
# 0-14
name=unknown_A
#
# <colnr> <probs for GDERKNQSTAVLIFYWHMCP>
#	G	D	E	R	K	N	Q	S	T	A	V	L	I	F	Y	W	H	M	C	P
0	0.01371	0.00980	0.01371	0.01567	0.01763	0.00980	0.01371	0.01763	0.01959	0.02547	0.04506	0.09599	0.04898	0.02351	0.01175	0.00392	0.00784	0.59056	0.00784	0.00784
1	0.01936	0.02852	0.21763	0.03452	0.11193	0.02088	0.38546	0.02704	0.01941	0.02724	0.01653	0.02135	0.01238	0.00748	0.00931	0.00278	0.01336	0.00871	0.00410	0.01202
2	0.10713	0.23211	0.02901	0.01948	0.07995	0.07999	0.05145	0.05175	0.01864	0.02709	0.01593	0.01923	0.01328	0.00889	0.00870	0.00233	0.07740	0.00632	0.14096	0.01036
3	0.01373	0.00894	0.01112	0.01116	0.01343	0.00801	0.00829	0.01639	0.02024	0.08997	0.21517	0.25390	0.22633	0.02094	0.01022	0.00302	0.00490	0.04758	0.00856	0.00811
4	0.01586	0.00793	0.00793	0.00793	0.00991	0.00793	0.00595	0.01983	0.01785	0.03173	0.02776	0.03173	0.02181	0.00991	0.00595	0.00198	0.00397	0.00793	0.74817	0.00793
5	0.01765	0.01513	0.01765	0.01260	0.02017	0.01134	0.01008	0.02143	0.01765	0.02773	0.01513	0.01765	0.01260	0.00630	0.00630	0.00126	0.00630	0.00504	0.00504	0.75295
6	0.01037	0.00741	0.00987	0.01185	0.01234	0.00691	0.00790	0.01185	0.01629	0.02172	0.04690	0.69537	0.05629	0.02666	0.01086	0.00346	0.00494	0.02419	0.00790	0.00691
7	0.01707	0.04402	0.65683	0.02426	0.03683	0.01976	0.03144	0.02695	0.01797	0.02695	0.01527	0.01797	0.01078	0.00809	0.00809	0.00270	0.01258	0.00629	0.00359	0.01258
8	0.02592	0.03053	0.02632	0.19361	0.14469	0.38849	0.01997	0.02950	0.02148	0.02230	0.01416	0.01821	0.01151	0.00849	0.00802	0.00241	0.01341	0.00638	0.00420	0.01040
9	0.02791	0.12948	0.02954	0.02826	0.17679	0.42027	0.01853	0.03087	0.02200	0.02241	0.01366	0.01650	0.01157	0.00827	0.00754	0.00222	0.01319	0.00586	0.00424	0.01089
10	0.02465	0.01951	0.01956	0.01795	0.05893	0.09282	0.01313	0.28810	0.02813	0.03826	0.02398	0.09289	0.02071	0.04409	0.00971	0.00274	0.00837	0.00937	0.17590	0.01118
11	0.01214	0.00829	0.00921	0.00921	0.00951	0.00814	0.00529	0.01236	0.01309	0.01716	0.03287	0.05836	0.09345	0.63170	0.03993	0.00770	0.00785	0.01294	0.00544	0.00536
12	0.01759	0.01463	0.01587	0.01353	0.01843	0.01436	0.01054	0.08627	0.20418	0.03101	0.04390	0.07935	0.20225	0.01384	0.00858	0.00247	0.00609	0.01151	0.00747	0.19813
13	0.01846	0.09539	0.02260	0.07150	0.13550	0.05708	0.01399	0.05419	0.01755	0.02317	0.02010	0.05923	0.02029	0.23731	0.02032	0.00431	0.03920	0.00915	0.00489	0.07578
14	0.01921	0.27209	0.29435	0.01817	0.02773	0.02278	0.02060	0.02517	0.01765	0.02467	0.01402	0.01636	0.01125	0.00739	0.00675	0.00206	0.00992	0.00539	0.00394	0.18050

[dist]
# distance from previous block
# <min> <max>
1	5

[block]
# block no. 1 follows, 21 sequences, length 33
# corresponding to MSA columns:
# 20-52
name=unknown_B
#
# <colnr> <probs for GDERKNQSTAVLIFYWHMCP>
#	G	D	E	R	K	N	Q	S	T	A	V	L	I	F	Y	W	H	M	C	P
0	0.02675	0.11320	0.02674	0.02378	0.10396	0.35105	0.01673	0.03468	0.17025	0.02520	0.01857	0.01985	0.01492	0.00911	0.00774	0.00236	0.01183	0.00664	0.00531	0.01133
1	0.02136	0.02275	0.09432	0.04754	0.55080	0.02055	0.02603	0.06229	0.02050	0.02929	0.01621	0.02072	0.01328	0.00779	0.00840	0.00255	0.01030	0.00746	0.00441	0.01345
2	0.01958	0.11276	0.33969	0.01973	0.02831	0.01963	0.02215	0.08264	0.01952	0.06889	0.01820	0.02177	0.01411	0.02043	0.15060	0.00495	0.01370	0.00698	0.00475	0.01161
3	0.01097	0.00915	0.01027	0.01004	0.01243	0.00844	0.00758	0.01344	0.01976	0.02498	0.19014	0.11298	0.45831	0.02066	0.01115	0.00292	0.04416	0.01722	0.00795	0.00746
4	0.01362	0.01110	0.01575	0.01933	0.14985	0.01049	0.01151	0.01719	0.02123	0.02930	0.35176	0.08557	0.15400	0.05794	0.01175	0.00305	0.00568	0.01434	0.00769	0.00885
5	0.02106	0.02022	0.03454	0.05223	0.64784	0.02022	0.02612	0.02612	0.01938	0.02780	0.01601	0.02106	0.01348	0.00758	0.00842	0.00253	0.01011	0.00758	0.00421	0.01348
6	0.01862	0.01862	0.02607	0.02234	0.02234	0.02607	0.01862	0.02048	0.01303	0.02048	0.01117	0.01862	0.01117	0.01489	0.02793	0.00372	0.68535	0.00745	0.00372	0.00931
7	0.01037	0.00741	0.00987	0.01185	0.01234	0.00691	0.00790	0.01185	0.01629	0.02172	0.04690	0.69537	0.05629	0.02666	0.01086	0.00346	0.00494	0.02419	0.00790	0.00691
8	0.02106	0.02022	0.03454	0.05223	0.64784	0.02022	0.02612	0.02612	0.01938	0.02780	0.01601	0.02106	0.01348	0.00758	0.00842	0.00253	0.01011	0.00758	0.00421	0.01348
9	0.02106	0.02022	0.03454	0.05223	0.64784	0.02022	0.02612	0.02612	0.01938	0.02780	0.01601	0.02106	0.01348	0.00758	0.00842	0.00253	0.01011	0.00758	0.00421	0.01348
10	0.01586	0.00793	0.00793	0.00793	0.00991	0.00793	0.00595	0.01983	0.01785	0.03173	0.02776	0.03173	0.02181	0.00991	0.00595	0.00198	0.00397	0.00793	0.74817	0.00793
11	0.01765	0.01513	0.01765	0.01260	0.02017	0.01134	0.01008	0.02143	0.01765	0.02773	0.01513	0.01765	0.01260	0.00630	0.00630	0.00126	0.00630	0.00504	0.00504	0.75295
12	0.01037	0.00741	0.00987	0.01185	0.01234	0.00691	0.00790	0.01185	0.01629	0.02172	0.04690	0.69537	0.05629	0.02666	0.01086	0.00346	0.00494	0.02419	0.00790	0.00691
13	0.01232	0.00848	0.01043	0.01043	0.01083	0.00888	0.00659	0.01311	0.01272	0.01735	0.02576	0.04986	0.02841	0.53400	0.20678	0.00967	0.01206	0.01152	0.00500	0.00580
14	0.01032	0.00761	0.00966	0.01130	0.01220	0.00696	0.00766	0.01191	0.01682	0.02194	0.05359	0.59108	0.15626	0.02579	0.01073	0.00336	0.00483	0.02313	0.00790	0.00696
15	0.02106	0.02022	0.03454	0.05223	0.64784	0.02022	0.02612	0.02612	0.01938	0.02780	0.01601	0.02106	0.01348	0.00758	0.00842	0.00253	0.01011	0.00758	0.00421	0.01348
16	0.02841	0.02381	0.02051	0.01773	0.02201	0.24472	0.01373	0.11322	0.02370	0.17862	0.02287	0.06375	0.01890	0.06215	0.07536	0.00401	0.04036	0.00852	0.00670	0.01091
17	0.01037	0.00741	0.00987	0.01185	0.01234	0.00691	0.00790	0.01185	0.01629	0.02172	0.04690	0.69537	0.05629	0.02666	0.01086	0.00346	0.00494	0.02419	0.00790	0.00691
18	0.01216	0.00912	0.01368	0.01368	0.01520	0.01064	0.01064	0.01520	0.01368	0.01976	0.02279	0.03343	0.02127	0.06382	0.66720	0.01368	0.02279	0.00912	0.00456	0.00760
19	0.01091	0.00782	0.01056	0.01196	0.01260	0.00777	0.00817	0.01255	0.01540	0.02083	0.04025	0.50410	0.04699	0.09929	0.14217	0.00592	0.00875	0.02010	0.00698	0.00688
20	0.01862	0.01862	0.02607	0.02234	0.02234	0.02607	0.01862	0.02048	0.01303	0.02048	0.01117	0.01862	0.01117	0.01489	0.02793	0.00372	0.68535	0.00745	0.00372	0.00931
21	0.01218	0.00901	0.01314	0.01314	0.01448	0.01035	0.00997	0.01485	0.01352	0.01936	0.02328	0.03613	0.02245	0.14103	0.59160	0.01302	0.02103	0.00951	0.00463	0.00730
22	0.02958	0.03308	0.02329	0.02055	0.02542	0.42531	0.01576	0.12932	0.15840	0.02923	0.01896	0.01971	0.01477	0.00960	0.00802	0.00240	0.01253	0.00672	0.00597	0.01138
23	0.01765	0.01513	0.01765	0.01260	0.02017	0.01134	0.01008	0.02143	0.01765	0.02773	0.01513	0.01765	0.01260	0.00630	0.00630	0.00126	0.00630	0.00504	0.00504	0.75295
24	0.01238	0.00825	0.00928	0.00928	0.00928	0.00825	0.00516	0.01238	0.01238	0.01650	0.02681	0.05569	0.03094	0.70092	0.04331	0.00825	0.00825	0.01238	0.00516	0.00516
25	0.01345	0.00919	0.01246	0.01229	0.01377	0.01049	0.00943	0.01649	0.01467	0.02274	0.02381	0.03369	0.02155	0.08723	0.42391	0.00979	0.04779	0.00893	0.20070	0.00761
26	0.01238	0.00825	0.00928	0.00928	0.00928	0.00825	0.00516	0.01238	0.01238	0.01650	0.02681	0.05569	0.03094	0.70092	0.04331	0.00825	0.00825	0.01238	0.00516	0.00516
27	0.01907	0.01597	0.01841	0.01328	0.02077	0.01280	0.01067	0.07941	0.01981	0.03024	0.01564	0.01792	0.01279	0.00668	0.00652	0.00139	0.00660	0.00530	0.00538	0.68135
28	0.02014	0.01952	0.02372	0.02033	0.02264	0.10056	0.05219	0.09241	0.01823	0.02468	0.01618	0.02289	0.01451	0.02697	0.20308	0.00616	0.29366	0.00786	0.00465	0.00964
29	0.01025	0.00863	0.00889	0.00882	0.01161	0.00727	0.00662	0.01259	0.01985	0.02407	0.14022	0.08012	0.58970	0.02115	0.01006	0.00285	0.00428	0.01771	0.00804	0.00727
30	0.03179	0.04056	0.02412	0.02192	0.02631	0.66676	0.01644	0.03398	0.02412	0.02083	0.01315	0.01535	0.01096	0.00877	0.00767	0.00219	0.01535	0.00548	0.00438	0.00987
31	0.02335	0.66171	0.04323	0.01505	0.02214	0.07585	0.01469	0.02605	0.01775	0.02008	0.01192	0.01376	0.01092	0.00738	0.00561	0.00184	0.00952	0.00461	0.00369	0.01085
32	0.02889	0.02212	0.02359	0.01888	0.02507	0.02478	0.01534	0.44191	0.22319	0.04806	0.02482	0.02393	0.01803	0.01063	0.00856	0.00266	0.00855	0.00827	0.00856	0.01416

[dist]
# distance from previous block
# <min> <max>
0	1

[block]
# block no. 2 follows, 21 sequences, length 6
# corresponding to MSA columns:
# 54-59
name=unknown_C
#
# <colnr> <probs for GDERKNQSTAVLIFYWHMCP>
#	G	D	E	R	K	N	Q	S	T	A	V	L	I	F	Y	W	H	M	C	P
0	0.01740	0.01326	0.01647	0.05391	0.02026	0.01452	0.01236	0.16076	0.05750	0.02999	0.03409	0.14213	0.08472	0.03141	0.21095	0.00629	0.01215	0.06543	0.00682	0.00956
1	0.05732	0.01061	0.01504	0.01550	0.05097	0.01167	0.01133	0.01924	0.01535	0.08486	0.02317	0.03110	0.02018	0.04909	0.48905	0.01065	0.01853	0.00865	0.04899	0.00872
2	0.01029	0.00770	0.00957	0.01107	0.01214	0.00698	0.00755	0.01194	0.01705	0.02203	0.05643	0.54675	0.19876	0.02542	0.01067	0.00332	0.00479	0.02268	0.00790	0.00698
3	0.01315	0.01042	0.01215	0.01242	0.01476	0.01043	0.00930	0.02018	0.14860	0.02725	0.14723	0.25361	0.19295	0.02050	0.01016	0.00312	0.00530	0.07156	0.00829	0.00862
4	0.02027	0.14760	0.23630	0.09571	0.24433	0.06377	0.02498	0.02636	0.01863	0.02514	0.01478	0.01857	0.01179	0.00786	0.00776	0.00247	0.01119	0.00650	0.00388	0.01212
5	0.06394	0.02178	0.03079	0.03594	0.30222	0.08590	0.07899	0.02673	0.05491	0.02635	0.01555	0.02031	0.01312	0.00969	0.01306	0.00284	0.17422	0.00753	0.00445	0.01167

[dist]
# distance from previous block
# <min> <max>
0	62

[block]
# block no. 3 follows, 21 sequences, length 21
# corresponding to MSA columns:
# 122-142
name=unknown_D
#
# <colnr> <probs for GDERKNQSTAVLIFYWHMCP>
#	G	D	E	R	K	N	Q	S	T	A	V	L	I	F	Y	W	H	M	C	P
0	0.14725	0.09372	0.19942	0.02341	0.11538	0.04852	0.02010	0.10933	0.10646	0.03286	0.01778	0.01944	0.01354	0.00870	0.00752	0.00256	0.00974	0.00664	0.00537	0.01225
1	0.02434	0.27183	0.18542	0.02199	0.06960	0.24531	0.02008	0.02878	0.01992	0.02251	0.01340	0.01578	0.01107	0.00800	0.00705	0.00221	0.01214	0.00550	0.00392	0.01114
2	0.01235	0.00988	0.01120	0.01065	0.01339	0.00934	0.00805	0.01812	0.09949	0.02954	0.32711	0.06738	0.31515	0.01843	0.00987	0.00279	0.00449	0.01576	0.00865	0.00836
3	0.01746	0.04171	0.59646	0.02697	0.09611	0.01981	0.03093	0.02687	0.01810	0.02703	0.01534	0.01827	0.01104	0.00804	0.00812	0.00268	0.01234	0.00641	0.00365	0.01266
4	0.03043	0.10036	0.10061	0.02014	0.02622	0.39860	0.01727	0.03380	0.02277	0.14691	0.01733	0.01819	0.01294	0.00889	0.00768	0.00230	0.01280	0.00610	0.00544	0.01121
5	0.01341	0.02123	0.23805	0.01540	0.02138	0.01210	0.01643	0.01894	0.02008	0.02741	0.19481	0.05637	0.21747	0.01599	0.00954	0.00287	0.00753	0.07488	0.00674	0.00936
6	0.01037	0.00741	0.00987	0.01185	0.01234	0.00691	0.00790	0.01185	0.01629	0.02172	0.04690	0.69537	0.05629	0.02666	0.01086	0.00346	0.00494	0.02419	0.00790	0.00691
7	0.02214	0.04943	0.02306	0.10773	0.02703	0.21696	0.01632	0.07841	0.01973	0.02359	0.01599	0.02173	0.01387	0.02330	0.17129	0.00537	0.14268	0.00718	0.00457	0.00962
8	0.01834	0.15987	0.31954	0.18472	0.10611	0.02224	0.02577	0.02532	0.01776	0.02447	0.01466	0.01863	0.01124	0.00798	0.00773	0.00255	0.01135	0.00641	0.00372	0.01160
9	0.01216	0.00912	0.01368	0.01368	0.01520	0.01064	0.01064	0.01520	0.01368	0.01976	0.02279	0.03343	0.02127	0.06382	0.66720	0.01368	0.02279	0.00912	0.00456	0.00760
10	0.01402	0.01170	0.01664	0.01558	0.01647	0.01471	0.01221	0.01634	0.01333	0.01955	0.02001	0.03206	0.01964	0.13100	0.40631	0.01016	0.20906	0.00906	0.00440	0.00777
11	0.01721	0.07861	0.02381	0.02700	0.24554	0.04467	0.01595	0.02093	0.02020	0.02706	0.18809	0.04200	0.14593	0.01313	0.01005	0.00262	0.04968	0.01110	0.00613	0.01028
12	0.01982	0.01255	0.01369	0.01330	0.01566	0.07254	0.00951	0.02163	0.01855	0.18208	0.03738	0.36861	0.03931	0.11655	0.01457	0.00380	0.00701	0.01671	0.00784	0.00888
13	0.01238	0.00825	0.00928	0.00928	0.00928	0.00825	0.00516	0.01238	0.01238	0.01650	0.02681	0.05569	0.03094	0.70092	0.04331	0.00825	0.00825	0.01238	0.00516	0.00516
14	0.03179	0.04056	0.02412	0.02192	0.02631	0.66676	0.01644	0.03398	0.02412	0.02083	0.01315	0.01535	0.01096	0.00877	0.00767	0.00219	0.01535	0.00548	0.00438	0.00987
15	0.02118	0.16259	0.37148	0.02461	0.08798	0.14121	0.02511	0.02790	0.01910	0.02463	0.01432	0.01698	0.01109	0.00802	0.00756	0.00243	0.01222	0.00594	0.00380	0.01186
16	0.01614	0.05431	0.01615	0.01365	0.01738	0.01546	0.01062	0.02851	0.30356	0.02834	0.04993	0.10731	0.22330	0.01940	0.05393	0.00361	0.00704	0.01326	0.00777	0.01033
17	0.01010	0.00844	0.00881	0.00910	0.01162	0.00714	0.00668	0.01216	0.01893	0.02280	0.08033	0.17364	0.55644	0.02232	0.01018	0.00296	0.00440	0.01889	0.00790	0.00714
18	0.01141	0.07159	0.01269	0.01117	0.01297	0.00944	0.00810	0.01320	0.01727	0.02193	0.05496	0.45730	0.22064	0.02343	0.01014	0.00314	0.00514	0.02061	0.00751	0.00736
19	0.02036	0.42443	0.03680	0.01726	0.02231	0.02858	0.04912	0.02307	0.01653	0.02082	0.01876	0.02171	0.06898	0.01056	0.01199	0.00247	0.18510	0.00684	0.00409	0.01019
20	0.01166	0.00977	0.01118	0.06085	0.01610	0.00923	0.00861	0.01594	0.06538	0.02541	0.15733	0.10914	0.42974	0.01952	0.00988	0.00288	0.00502	0.01656	0.00786	0.00793

[dist]
# distance from previous block
# <min> <max>
1	5

[block]
# block no. 4 follows, 21 sequences, length 39
# corresponding to MSA columns:
# 148-186
name=unknown_E
#
# <colnr> <probs for GDERKNQSTAVLIFYWHMCP>
#	G	D	E	R	K	N	Q	S	T	A	V	L	I	F	Y	W	H	M	C	P
0	0.01972	0.02133	0.07126	0.03513	0.33864	0.09858	0.02115	0.02431	0.01993	0.02601	0.02680	0.04142	0.06111	0.01236	0.00918	0.00284	0.01005	0.14366	0.00527	0.01125
1	0.02403	0.15184	0.03216	0.03271	0.29815	0.06437	0.01985	0.16388	0.02367	0.03131	0.01657	0.02006	0.01364	0.01237	0.05649	0.00320	0.01101	0.00701	0.00514	0.01256
2	0.01007	0.00856	0.00868	0.00878	0.01154	0.00717	0.00654	0.01219	0.01924	0.02293	0.08423	0.11282	0.61474	0.02181	0.01010	0.00290	0.00434	0.01827	0.00790	0.00717
3	0.02322	0.05367	0.02352	0.09801	0.08291	0.20195	0.01582	0.07160	0.09716	0.02742	0.01997	0.02207	0.03753	0.00892	0.00769	0.00220	0.01012	0.00691	0.00538	0.18393
4	0.01021	0.00853	0.00889	0.00901	0.01164	0.00722	0.00668	0.01243	0.01945	0.02359	0.11829	0.12962	0.56188	0.02170	0.01012	0.00291	0.00434	0.01829	0.00799	0.00722
5	0.02318	0.02359	0.02351	0.02617	0.16840	0.17310	0.01682	0.03670	0.31955	0.02975	0.02742	0.02752	0.04592	0.01039	0.00843	0.00264	0.00946	0.00852	0.00658	0.01235
6	0.02396	0.02089	0.02113	0.04700	0.02488	0.06979	0.01467	0.15767	0.44278	0.03749	0.02937	0.02789	0.02194	0.01094	0.00855	0.00277	0.00810	0.00884	0.00810	0.01323
7	0.01228	0.00864	0.01127	0.01127	0.01196	0.00933	0.00764	0.01365	0.01297	0.01798	0.02499	0.04560	0.02656	0.41210	0.32615	0.01071	0.01484	0.01090	0.00489	0.00626
8	0.02017	0.28227	0.39100	0.02060	0.03068	0.07106	0.02429	0.02692	0.01816	0.02402	0.01388	0.01622	0.01084	0.00784	0.00711	0.00234	0.01152	0.00560	0.00367	0.01179
9	0.02148	0.02456	0.03390	0.02658	0.03231	0.19442	0.30758	0.02706	0.05104	0.02487	0.02262	0.14908	0.02127	0.01153	0.00948	0.00280	0.01245	0.01147	0.00523	0.01027
10	0.01238	0.00825	0.00928	0.00928	0.00928	0.00825	0.00516	0.01238	0.01238	0.01650	0.02681	0.05569	0.03094	0.70092	0.04331	0.00825	0.00825	0.01238	0.00516	0.00516
11	0.01257	0.01290	0.06546	0.14637	0.02408	0.01175	0.01341	0.01571	0.01693	0.02230	0.04296	0.34222	0.15221	0.01975	0.01124	0.00318	0.05538	0.01707	0.00644	0.00809
12	0.01785	0.01846	0.06675	0.02268	0.13925	0.05726	0.01574	0.02788	0.20142	0.02707	0.03284	0.03514	0.10780	0.02395	0.16209	0.00527	0.01175	0.00979	0.00611	0.01092
13	0.01106	0.00794	0.01049	0.01228	0.01313	0.00752	0.00877	0.01296	0.01687	0.02223	0.04754	0.52527	0.08239	0.05726	0.01250	0.00374	0.00560	0.12768	0.00776	0.00701
14	0.02106	0.02022	0.03454	0.05223	0.64784	0.02022	0.02612	0.02612	0.01938	0.02780	0.01601	0.02106	0.01348	0.00758	0.00842	0.00253	0.01011	0.00758	0.00421	0.01348
15	0.01336	0.01089	0.01599	0.01529	0.01653	0.01352	0.01213	0.01618	0.01356	0.01989	0.02062	0.03067	0.01939	0.05469	0.54785	0.01182	0.14649	0.00881	0.00440	0.00792
16	0.02368	0.03044	0.13550	0.03825	0.35491	0.21848	0.02404	0.02867	0.02060	0.02552	0.01501	0.01879	0.01226	0.00803	0.00814	0.00245	0.01213	0.00672	0.00416	0.01222
17	0.01064	0.00829	0.00923	0.00964	0.01145	0.00735	0.00672	0.01246	0.01798	0.02259	0.11239	0.21932	0.36891	0.12602	0.01532	0.00381	0.00503	0.01836	0.00760	0.00688
18	0.01042	0.00784	0.00965	0.01088	0.01214	0.00707	0.00752	0.01228	0.01776	0.02306	0.10508	0.47875	0.21760	0.02454	0.01058	0.00324	0.00469	0.02180	0.00802	0.00707
19	0.01096	0.00766	0.00970	0.01109	0.01143	0.00731	0.00709	0.01201	0.01513	0.02017	0.04094	0.50550	0.04876	0.22680	0.02049	0.00488	0.00592	0.02069	0.00709	0.00639
20	0.01770	0.02398	0.19757	0.03479	0.33419	0.01718	0.02321	0.02365	0.01967	0.02804	0.11148	0.03178	0.07938	0.01038	0.00871	0.00263	0.00939	0.00928	0.00511	0.01189
21	0.01555	0.01233	0.02157	0.06522	0.02290	0.01308	0.13415	0.01664	0.01434	0.01953	0.01980	0.02847	0.04440	0.02817	0.13923	0.32186	0.06283	0.00875	0.00418	0.00698
22	0.01230	0.00854	0.01076	0.01076	0.01127	0.00905	0.00700	0.01332	0.01281	0.01759	0.02546	0.04821	0.02769	0.48683	0.25297	0.01007	0.01314	0.01128	0.00496	0.00598
23	0.01063	0.00786	0.00997	0.01135	0.01249	0.00721	0.00794	0.01258	0.01772	0.02325	0.10727	0.49676	0.16567	0.02474	0.01069	0.00330	0.00488	0.05054	0.00803	0.00711
24	0.02397	0.02573	0.03172	0.04402	0.47937	0.19546	0.02350	0.02825	0.02066	0.02591	0.01523	0.01951	0.01280	0.00790	0.00822	0.00244	0.01153	0.00701	0.00426	0.01250
25	0.01547	0.01420	0.01787	0.01668	0.01802	0.06710	0.01326	0.01813	0.01433	0.02004	0.01888	0.02798	0.01771	0.04618	0.44138	0.01006	0.20178	0.00838	0.00432	0.00824
26	0.76103	0.01646	0.01251	0.01119	0.01646	0.01909	0.00922	0.02502	0.01448	0.03818	0.01185	0.01382	0.00922	0.00790	0.00527	0.00263	0.00658	0.00461	0.00527	0.00922
27	0.02021	0.01872	0.02487	0.03236	0.30765	0.08286	0.01866	0.07564	0.02273	0.03043	0.15737	0.03960	0.03262	0.01218	0.00915	0.00271	0.00895	0.08582	0.00621	0.01126
28	0.02252	0.28424	0.20040	0.02619	0.16730	0.07240	0.02162	0.02765	0.01889	0.06371	0.01515	0.01755	0.01211	0.00788	0.00718	0.00229	0.01059	0.00601	0.00425	0.01208
29	0.11135	0.09837	0.11626	0.01784	0.02370	0.12824	0.04669	0.02855	0.08144	0.08029	0.13245	0.02747	0.02585	0.01055	0.00869	0.00257	0.03462	0.00819	0.00611	0.01077
30	0.01084	0.00760	0.00974	0.01125	0.01163	0.00722	0.00726	0.01197	0.01538	0.02051	0.04223	0.54638	0.05038	0.18370	0.01842	0.00457	0.00571	0.02144	0.00726	0.00650
31	0.01101	0.00785	0.00991	0.01121	0.01191	0.00741	0.00751	0.01244	0.01614	0.02134	0.06723	0.45797	0.09476	0.17103	0.01781	0.00444	0.00572	0.05029	0.00736	0.00664
32	0.05602	0.01662	0.01974	0.05950	0.06849	0.01752	0.01364	0.25022	0.02783	0.11116	0.10220	0.03282	0.07377	0.01158	0.00836	0.00255	0.00747	0.00941	0.09939	0.01169
33	0.01899	0.01743	0.02905	0.08866	0.45890	0.01770	0.02305	0.02383	0.01926	0.02683	0.02271	0.03863	0.02159	0.01136	0.00921	0.00287	0.00967	0.14336	0.00503	0.01188
34	0.01050	0.00752	0.00978	0.01152	0.01208	0.00702	0.00763	0.01190	0.01614	0.02139	0.04715	0.62105	0.08036	0.07624	0.01322	0.00378	0.00515	0.02304	0.00770	0.00679
35	0.10131	0.03418	0.38038	0.09479	0.03602	0.07092	0.07731	0.02751	0.01849	0.05972	0.01583	0.01883	0.01141	0.00821	0.00798	0.00268	0.01188	0.00663	0.00428	0.01165
36	0.02446	0.50134	0.08511	0.01688	0.02399	0.14892	0.01623	0.05607	0.01970	0.02232	0.01275	0.01461	0.01109	0.00776	0.00621	0.00199	0.01052	0.00500	0.00401	0.01102
37	0.02362	0.44705	0.11342	0.01704	0.02426	0.12826	0.01673	0.06557	0.02022	0.02382	0.04066	0.01707	0.01418	0.00824	0.00652	0.00207	0.01029	0.00559	0.00432	0.01107
38	0.01952	0.15858	0.14253	0.01533	0.02151	0.06930	0.01494	0.06675	0.02146	0.07154	0.10245	0.04057	0.19630	0.01306	0.00835	0.00251	0.00827	0.01037	0.00634	0.01032

[dist]
# distance from previous block
# <min> <max>
0	1

[block]
# block no. 5 follows, 21 sequences, length 10
# corresponding to MSA columns:
# 188-197
name=unknown_F
#
# <colnr> <probs for GDERKNQSTAVLIFYWHMCP>
#	G	D	E	R	K	N	Q	S	T	A	V	L	I	F	Y	W	H	M	C	P
0	0.01608	0.01136	0.01328	0.01216	0.01376	0.01217	0.00840	0.12694	0.01784	0.02417	0.02475	0.04430	0.02578	0.43467	0.17054	0.00834	0.01158	0.01079	0.00566	0.00743
1	0.01345	0.01071	0.01569	0.01988	0.14850	0.01029	0.01165	0.01656	0.01965	0.02739	0.26723	0.26118	0.05442	0.06924	0.01244	0.00332	0.00594	0.01638	0.00747	0.00862
2	0.01926	0.02836	0.23392	0.22930	0.21301	0.08016	0.02620	0.02581	0.01865	0.02505	0.01524	0.02001	0.01172	0.00814	0.00827	0.00264	0.01178	0.00696	0.00390	0.01164
3	0.08276	0.01870	0.02965	0.04108	0.46436	0.01848	0.02188	0.02932	0.02006	0.16253	0.01944	0.02219	0.01477	0.00824	0.00821	0.00256	0.00922	0.00756	0.00565	0.01336
4	0.01031	0.00763	0.00964	0.01124	0.01218	0.00696	0.00763	0.01192	0.01688	0.02196	0.05428	0.58021	0.16668	0.02570	0.01071	0.00335	0.00482	0.02302	0.00790	0.00696
5	0.01951	0.07293	0.09726	0.03531	0.21903	0.02101	0.25572	0.02537	0.01899	0.02647	0.04374	0.02327	0.01598	0.01079	0.03953	0.00320	0.04722	0.00861	0.00437	0.01170
6	0.23792	0.02201	0.05944	0.08082	0.29430	0.08562	0.01972	0.02719	0.04623	0.02999	0.01525	0.01881	0.01224	0.00807	0.00742	0.00257	0.00968	0.00652	0.00468	0.01152
7	0.01968	0.02847	0.25026	0.04254	0.43603	0.02006	0.02796	0.02641	0.01889	0.02751	0.01575	0.01999	0.01254	0.00776	0.00831	0.00259	0.01097	0.00713	0.00400	0.01317
8	0.01103	0.00843	0.01017	0.01058	0.01252	0.00757	0.00782	0.01374	0.02016	0.02646	0.25440	0.22894	0.27516	0.02160	0.01037	0.00303	0.00461	0.05762	0.00837	0.00744
9	0.05341	0.08434	0.09916	0.02165	0.02751	0.28145	0.07819	0.03245	0.10605	0.05833	0.01758	0.01948	0.01371	0.00932	0.00939	0.00254	0.06238	0.00682	0.00513	0.01110

[dist]
# distance from previous block
# <min> <max>
6	49

[block]
# block no. 6 follows, 21 sequences, length 36
# corresponding to MSA columns:
# 252-287
name=unknown_G
#
# <colnr> <probs for GDERKNQSTAVLIFYWHMCP>
#	G	D	E	R	K	N	Q	S	T	A	V	L	I	F	Y	W	H	M	C	P
0	0.10047	0.14644	0.06737	0.05851	0.02075	0.01725	0.01325	0.01981	0.01728	0.02551	0.13829	0.03354	0.06591	0.02519	0.17839	0.00541	0.04311	0.00907	0.00541	0.00904
1	0.02577	0.42033	0.03547	0.01734	0.02342	0.25279	0.01513	0.03000	0.06827	0.02153	0.01409	0.01567	0.01212	0.00814	0.00648	0.00203	0.01109	0.00527	0.00430	0.01076
2	0.01286	0.01065	0.01195	0.01080	0.01451	0.00914	0.00815	0.01692	0.05789	0.02604	0.12454	0.14176	0.31055	0.01743	0.00917	0.00254	0.00499	0.01484	0.00743	0.18783
3	0.02634	0.02621	0.02529	0.10082	0.02972	0.22670	0.04918	0.21661	0.02630	0.03183	0.01827	0.07002	0.01569	0.01115	0.01068	0.00269	0.08727	0.00831	0.00582	0.01109
4	0.01051	0.00779	0.00982	0.01111	0.01223	0.00710	0.00765	0.01242	0.01781	0.02344	0.12555	0.50471	0.16956	0.02460	0.01061	0.00325	0.00471	0.02197	0.00808	0.00710
5	0.02247	0.15963	0.27402	0.02057	0.02925	0.06343	0.04580	0.16942	0.02412	0.03229	0.06545	0.02140	0.01729	0.00919	0.00790	0.00247	0.01072	0.00712	0.00533	0.01215
6	0.07685	0.10666	0.18272	0.01736	0.02359	0.05932	0.01709	0.02742	0.14293	0.02651	0.02284	0.02586	0.03958	0.02268	0.16689	0.00525	0.01282	0.00769	0.00521	0.01073
7	0.02419	0.01473	0.02216	0.01742	0.02297	0.01366	0.12433	0.03049	0.09585	0.26759	0.08417	0.04327	0.17463	0.01315	0.00931	0.00277	0.00759	0.01169	0.00842	0.01160
8	0.02803	0.12474	0.13946	0.02141	0.02762	0.47195	0.01888	0.03166	0.02216	0.02182	0.01337	0.01560	0.01092	0.00846	0.00747	0.00224	0.01407	0.00551	0.00415	0.01048
9	0.01996	0.06360	0.02973	0.05358	0.18410	0.13224	0.13961	0.02407	0.01994	0.02511	0.07083	0.14998	0.02600	0.01208	0.00903	0.00269	0.01043	0.01126	0.00531	0.01046
10	0.01160	0.00792	0.00951	0.01028	0.01047	0.00773	0.00622	0.01217	0.01389	0.01853	0.03460	0.30365	0.04076	0.43955	0.03073	0.00639	0.00697	0.01696	0.00622	0.00584
11	0.01075	0.00764	0.01003	0.01150	0.01215	0.00716	0.00770	0.01244	0.01701	0.02295	0.12375	0.56227	0.05746	0.07818	0.01329	0.00373	0.00508	0.02211	0.00788	0.00692
12	0.11342	0.19114	0.02540	0.01701	0.02169	0.27211	0.01384	0.02802	0.05724	0.02345	0.01582	0.01917	0.01361	0.01881	0.13072	0.00435	0.01364	0.00609	0.00461	0.00984
13	0.15497	0.10941	0.01693	0.01237	0.01582	0.04429	0.01009	0.01908	0.01616	0.02471	0.03100	0.03515	0.13410	0.03137	0.25274	0.00661	0.01276	0.00905	0.05497	0.00841
14	0.01489	0.01306	0.01862	0.01705	0.01783	0.01698	0.01365	0.01724	0.01332	0.01985	0.01815	0.02860	0.01763	0.08353	0.35850	0.00914	0.30090	0.00862	0.00424	0.00816
15	0.01006	0.00862	0.00862	0.00862	0.01149	0.00718	0.00647	0.01221	0.01940	0.02299	0.08621	0.08190	0.64438	0.02155	0.01006	0.00287	0.00431	0.01796	0.00790	0.00718
16	0.02303	0.12163	0.30432	0.02002	0.02858	0.14133	0.02152	0.05034	0.02088	0.09885	0.04235	0.02331	0.04871	0.00952	0.00791	0.00248	0.01117	0.00717	0.00517	0.01170
17	0.02605	0.02295	0.02704	0.07155	0.23182	0.17394	0.05344	0.03073	0.04414	0.15372	0.02432	0.02598	0.05696	0.00959	0.00849	0.00254	0.01060	0.00819	0.00594	0.01202
18	0.01145	0.00849	0.01076	0.01120	0.01299	0.00780	0.00839	0.01447	0.02071	0.02787	0.31657	0.22892	0.17714	0.02124	0.01045	0.00306	0.00476	0.08761	0.00854	0.00757
19	0.02369	0.02407	0.03211	0.04477	0.49774	0.13584	0.02376	0.06506	0.02153	0.02819	0.01578	0.02000	0.01309	0.00796	0.00830	0.00247	0.01100	0.00721	0.00452	0.01290
20	0.02154	0.17020	0.03064	0.02843	0.21548	0.12732	0.05495	0.05271	0.02012	0.02495	0.02108	0.15313	0.02106	0.01162	0.00825	0.00253	0.00995	0.01005	0.00506	0.01094
21	0.01792	0.01506	0.02340	0.04467	0.02445	0.01511	0.15703	0.13770	0.02174	0.02877	0.03348	0.17176	0.09651	0.08236	0.01467	0.05367	0.00888	0.03707	0.00645	0.00931
22	0.01025	0.00868	0.00890	0.00900	0.01183	0.00732	0.00686	0.01251	0.01941	0.02312	0.08399	0.08266	0.61231	0.02166	0.01015	0.00293	0.00450	0.04881	0.00790	0.00722
23	0.07502	0.01429	0.04720	0.01518	0.01847	0.01440	0.04943	0.07647	0.01933	0.02940	0.10703	0.07291	0.06682	0.02359	0.14295	0.00495	0.08282	0.01044	0.12021	0.00909
24	0.06573	0.02775	0.10587	0.02787	0.14718	0.18631	0.04861	0.02836	0.06707	0.02534	0.01531	0.01914	0.01266	0.01003	0.01281	0.00280	0.17463	0.00696	0.00448	0.01109
25	0.01948	0.01591	0.02255	0.02866	0.25151	0.01643	0.01661	0.07304	0.13969	0.05875	0.03034	0.23153	0.02956	0.01459	0.00924	0.00289	0.00766	0.01316	0.00685	0.01158
26	0.01607	0.01513	0.02552	0.68047	0.05861	0.01891	0.02363	0.02174	0.01702	0.02174	0.01513	0.02269	0.01134	0.00851	0.00851	0.00284	0.01134	0.00756	0.00378	0.00945
27	0.20085	0.07221	0.17534	0.11219	0.03048	0.17956	0.01902	0.02861	0.05960	0.02757	0.01498	0.01764	0.01155	0.00845	0.00724	0.00253	0.01103	0.00598	0.00456	0.01061
28	0.07987	0.01926	0.01775	0.01525	0.02007	0.11543	0.01184	0.11015	0.14017	0.03258	0.07253	0.08490	0.04880	0.01169	0.00800	0.00239	0.00776	0.00937	0.03690	0.15529
29	0.07821	0.01714	0.01848	0.05961	0.02288	0.05658	0.01268	0.08127	0.14643	0.03024	0.02071	0.02368	0.01672	0.01897	0.13121	0.00432	0.01069	0.00716	0.00591	0.23709
30	0.07833	0.02109	0.02313	0.01985	0.02335	0.17853	0.10824	0.02290	0.01811	0.02368	0.02230	0.18248	0.02289	0.01725	0.05576	0.00359	0.11296	0.01117	0.00524	0.04915
31	0.05172	0.06529	0.02477	0.10338	0.02794	0.16686	0.06050	0.12663	0.02256	0.02861	0.02360	0.02638	0.08213	0.01096	0.01047	0.00263	0.09203	0.00815	0.05510	0.01027
32	0.16992	0.05386	0.10033	0.02274	0.09177	0.18190	0.04076	0.02604	0.01790	0.02585	0.01436	0.01863	0.01210	0.01512	0.08255	0.00385	0.10131	0.00643	0.00435	0.01024
33	0.02744	0.06987	0.02730	0.02798	0.17941	0.33709	0.01817	0.11372	0.02480	0.02801	0.05433	0.02041	0.01643	0.00914	0.00800	0.00234	0.01212	0.00688	0.00520	0.01136
34	0.30695	0.14701	0.18138	0.01634	0.02406	0.02230	0.01679	0.09855	0.01960	0.07522	0.01519	0.01664	0.01134	0.00829	0.00662	0.00249	0.00891	0.00565	0.00530	0.01135
35	0.04785	0.05455	0.14890	0.05308	0.19572	0.06993	0.02023	0.02353	0.01783	0.02505	0.02256	0.02709	0.07449	0.03564	0.03441	0.00325	0.09206	0.00813	0.03494	0.01075

[dist]
# distance from previous block
# <min> <max>
5	124

[block]
# block no. 7 follows, 21 sequences, length 41
# corresponding to MSA columns:
# 415-455
name=unknown_H
#
# <colnr> <probs for GDERKNQSTAVLIFYWHMCP>
#	G	D	E	R	K	N	Q	S	T	A	V	L	I	F	Y	W	H	M	C	P
0	0.02211	0.02990	0.17428	0.08169	0.29920	0.16195	0.05674	0.02779	0.01997	0.02563	0.01522	0.01932	0.01213	0.00800	0.00828	0.00253	0.01213	0.00696	0.00408	0.01210
1	0.10545	0.01920	0.02973	0.04220	0.48625	0.01949	0.02217	0.05788	0.02016	0.05817	0.01976	0.02333	0.04209	0.00853	0.00815	0.00256	0.00928	0.00777	0.00501	0.01281
2	0.01469	0.01261	0.01947	0.01725	0.01897	0.01515	0.06696	0.01767	0.01424	0.02105	0.01993	0.03012	0.01865	0.08364	0.37464	0.00926	0.18427	0.00893	0.04426	0.00824
3	0.01692	0.05717	0.01769	0.01388	0.01888	0.01405	0.01108	0.02504	0.16345	0.02775	0.03115	0.13043	0.05855	0.01326	0.00827	0.00238	0.00645	0.07560	0.00669	0.30132
4	0.01286	0.01140	0.02023	0.01802	0.02059	0.01066	0.16430	0.01581	0.01727	0.02315	0.03928	0.52270	0.04515	0.02166	0.01065	0.00331	0.00735	0.02056	0.00698	0.00808
5	0.01765	0.01513	0.01765	0.01260	0.02017	0.01134	0.01008	0.02143	0.01765	0.02773	0.01513	0.01765	0.01260	0.00630	0.00630	0.00126	0.00630	0.00504	0.00504	0.75295
6	0.01056	0.00878	0.00932	0.00958	0.01233	0.00754	0.00745	0.01295	0.01942	0.02333	0.08059	0.08382	0.56313	0.02182	0.01029	0.00302	0.00479	0.09610	0.00789	0.00727
7	0.01037	0.00741	0.00987	0.01185	0.01234	0.00691	0.00790	0.01185	0.01629	0.02172	0.04690	0.69537	0.05629	0.02666	0.01086	0.00346	0.00494	0.02419	0.00790	0.00691
8	0.02477	0.02125	0.02120	0.01822	0.02351	0.06707	0.01437	0.19191	0.43834	0.03921	0.02951	0.02771	0.02199	0.01101	0.00855	0.00275	0.00800	0.00883	0.00833	0.01348
9	0.01037	0.00741	0.00987	0.01185	0.01234	0.00691	0.00790	0.01185	0.01629	0.02172	0.04690	0.69537	0.05629	0.02666	0.01086	0.00346	0.00494	0.02419	0.00790	0.00691
10	0.02026	0.02246	0.08188	0.07439	0.39351	0.02053	0.20739	0.02632	0.01939	0.02730	0.01629	0.02150	0.01302	0.00753	0.00890	0.00266	0.01164	0.00825	0.00418	0.01262
11	0.02927	0.02805	0.02334	0.05084	0.02633	0.26784	0.01575	0.29983	0.03010	0.03643	0.01795	0.01999	0.01379	0.01279	0.04758	0.00307	0.01225	0.00693	0.04616	0.01172
12	0.01006	0.00862	0.00862	0.00862	0.01149	0.00718	0.00647	0.01221	0.01940	0.02299	0.08621	0.08190	0.64438	0.02155	0.01006	0.00287	0.00431	0.01796	0.00790	0.00718
13	0.53048	0.02056	0.10670	0.04967	0.02229	0.01941	0.01367	0.02740	0.08487	0.03539	0.01509	0.01692	0.01145	0.00837	0.00623	0.00268	0.00772	0.00557	0.00533	0.01019
14	0.02853	0.06712	0.05893	0.02271	0.06864	0.44793	0.01717	0.09355	0.02453	0.02522	0.01876	0.02052	0.05123	0.00954	0.00788	0.00231	0.01321	0.00664	0.00495	0.01063
15	0.01006	0.00862	0.00862	0.00862	0.01149	0.00718	0.00647	0.01221	0.01940	0.02299	0.08621	0.08190	0.64438	0.02155	0.01006	0.00287	0.00431	0.01796	0.00790	0.00718
16	0.01862	0.01862	0.02607	0.02234	0.02234	0.02607	0.01862	0.02048	0.01303	0.02048	0.01117	0.01862	0.01117	0.01489	0.02793	0.00372	0.68535	0.00745	0.00372	0.00931
17	0.02788	0.03315	0.02791	0.03296	0.25265	0.43131	0.01997	0.03112	0.02239	0.02337	0.01419	0.01743	0.01188	0.00834	0.00795	0.00231	0.01344	0.00625	0.00432	0.01118
18	0.01216	0.00912	0.01368	0.01368	0.01520	0.01064	0.01064	0.01520	0.01368	0.01976	0.02279	0.03343	0.02127	0.06382	0.66720	0.01368	0.02279	0.00912	0.00456	0.00760
19	0.01835	0.02587	0.21970	0.23316	0.28575	0.01969	0.02698	0.02505	0.01824	0.02572	0.01552	0.02062	0.01202	0.00801	0.00835	0.00267	0.01123	0.00719	0.00390	0.01199
20	0.01047	0.00843	0.00939	0.01006	0.01226	0.00735	0.00748	0.01261	0.01865	0.02290	0.07274	0.23518	0.44471	0.02300	0.01041	0.00311	0.00479	0.07139	0.00790	0.00718
21	0.01663	0.01025	0.01046	0.01004	0.01270	0.01078	0.00763	0.02487	0.15280	0.03197	0.03330	0.03520	0.06570	0.01108	0.00683	0.00224	0.00460	0.00899	0.53482	0.00910
22	0.01797	0.01742	0.03137	0.38169	0.20549	0.01919	0.12342	0.02333	0.01788	0.02393	0.01569	0.02245	0.01231	0.00896	0.00982	0.03519	0.01136	0.00798	0.00398	0.01058
23	0.02191	0.34183	0.18446	0.09372	0.03124	0.02711	0.04783	0.11098	0.02082	0.02703	0.01450	0.01710	0.01154	0.00803	0.00708	0.00230	0.01046	0.00600	0.00438	0.01168
24	0.01016	0.00821	0.00905	0.00971	0.01178	0.00709	0.00695	0.01209	0.01835	0.02256	0.07291	0.28950	0.44537	0.02328	0.01033	0.00307	0.00452	0.02007	0.00790	0.00709
25	0.01099	0.00824	0.01020	0.01059	0.01229	0.00744	0.00761	0.01369	0.02029	0.02719	0.30478	0.28404	0.20839	0.02157	0.01032	0.00299	0.00440	0.01902	0.00851	0.00744
26	0.02649	0.06849	0.03164	0.02643	0.06840	0.37468	0.14427	0.02990	0.02120	0.02254	0.01387	0.01764	0.01156	0.00905	0.01067	0.00253	0.09922	0.00678	0.00423	0.01042
27	0.01230	0.00854	0.01073	0.01073	0.01122	0.00903	0.00696	0.01330	0.01280	0.01757	0.02549	0.04838	0.02776	0.49166	0.24823	0.01003	0.01303	0.01131	0.00496	0.00596
28	0.01080	0.00865	0.00965	0.00940	0.01195	0.00750	0.00705	0.01365	0.02115	0.02714	0.29389	0.07507	0.43412	0.02000	0.01005	0.00280	0.00420	0.01700	0.00845	0.00750
29	0.02377	0.63093	0.04228	0.01539	0.02235	0.10513	0.01477	0.02644	0.01806	0.02011	0.01198	0.01384	0.01093	0.00745	0.00571	0.00186	0.00981	0.00466	0.00372	0.01080
30	0.02194	0.01907	0.08427	0.02397	0.14770	0.01740	0.01720	0.03412	0.24984	0.12738	0.08025	0.03621	0.02778	0.01181	0.00893	0.00283	0.00794	0.06124	0.00754	0.01258
31	0.02152	0.06340	0.21183	0.01818	0.02464	0.10358	0.01770	0.08179	0.10834	0.06476	0.02170	0.02854	0.01837	0.16098	0.01577	0.00381	0.01036	0.00817	0.00563	0.01092
32	0.01083	0.00865	0.00969	0.00943	0.01197	0.00751	0.00708	0.01371	0.02123	0.02733	0.30340	0.07475	0.42449	0.01993	0.01005	0.00280	0.00420	0.01696	0.00847	0.00751
33	0.01238	0.00825	0.00928	0.00928	0.00928	0.00825	0.00516	0.01238	0.01238	0.01650	0.02681	0.05569	0.03094	0.70092	0.04331	0.00825	0.00825	0.01238	0.00516	0.00516
34	0.01548	0.01371	0.04347	0.04336	0.05235	0.01151	0.06309	0.01903	0.01706	0.02537	0.02551	0.17378	0.02559	0.09189	0.01213	0.00298	0.00724	0.01123	0.11242	0.23280
35	0.02221	0.02107	0.09071	0.01664	0.02183	0.06243	0.01445	0.26699	0.02825	0.03767	0.15425	0.06139	0.06429	0.05816	0.03817	0.00344	0.00906	0.01053	0.00742	0.01104
36	0.09332	0.12871	0.06861	0.10647	0.08119	0.04983	0.01621	0.07671	0.04692	0.02862	0.01760	0.06090	0.01521	0.00911	0.00731	0.00227	0.00882	0.00722	0.00512	0.16986
37	0.08803	0.17036	0.06201	0.13281	0.10099	0.06185	0.04595	0.02608	0.07398	0.02640	0.05636	0.02891	0.02019	0.01017	0.00793	0.00261	0.00956	0.06003	0.00513	0.01064
38	0.06552	0.01641	0.05005	0.03042	0.30702	0.01515	0.01716	0.02273	0.01809	0.08228	0.02913	0.06300	0.09607	0.13353	0.01472	0.00365	0.00848	0.01025	0.00560	0.01074
39	0.01908	0.02853	0.24494	0.02364	0.12237	0.13248	0.02010	0.02437	0.01875	0.02513	0.04549	0.06073	0.02003	0.09705	0.01254	0.00325	0.01061	0.00856	0.07196	0.01039
40	0.13302	0.24489	0.13323	0.02140	0.10583	0.11183	0.01782	0.02595	0.01831	0.02565	0.04182	0.01884	0.01461	0.01111	0.04079	0.00288	0.01076	0.00609	0.00436	0.01083

[dist]
# distance from previous block
# <min> <max>
5	148

[block]
# block no. 8 follows, 21 sequences, length 44
# corresponding to MSA columns:
# 608-651
name=unknown_I
#
# <colnr> <probs for GDERKNQSTAVLIFYWHMCP>
#	G	D	E	R	K	N	Q	S	T	A	V	L	I	F	Y	W	H	M	C	P
0	0.05431	0.06885	0.17245	0.05882	0.02640	0.16217	0.05461	0.02372	0.01802	0.02277	0.02173	0.02966	0.05650	0.14448	0.04721	0.00416	0.01187	0.00830	0.00454	0.00943
1	0.06003	0.01888	0.05778	0.10761	0.12658	0.04855	0.15925	0.02531	0.01971	0.09735	0.09474	0.05438	0.02419	0.05500	0.01117	0.00308	0.01009	0.00982	0.00574	0.01073
2	0.01359	0.01237	0.05164	0.01703	0.08752	0.01077	0.01145	0.01759	0.05301	0.02476	0.13131	0.27109	0.04319	0.13867	0.04654	0.00438	0.00740	0.01552	0.00677	0.03542
3	0.01596	0.17122	0.01917	0.01208	0.01603	0.09479	0.00996	0.01850	0.01997	0.02323	0.11338	0.05689	0.34457	0.01639	0.00878	0.00257	0.00686	0.03452	0.00664	0.00847
4	0.07840	0.09287	0.34401	0.02124	0.02943	0.12839	0.02322	0.02648	0.01787	0.02512	0.01430	0.01774	0.01130	0.01186	0.04507	0.00324	0.08829	0.00616	0.00393	0.01109
5	0.02358	0.02396	0.05683	0.06683	0.39296	0.13005	0.02256	0.03006	0.07813	0.06569	0.01829	0.02152	0.01449	0.00840	0.00832	0.00253	0.01067	0.00742	0.00501	0.01272
6	0.04944	0.03305	0.32941	0.21222	0.06861	0.11388	0.02587	0.02637	0.01851	0.02507	0.01482	0.01891	0.01103	0.00828	0.00805	0.00265	0.01227	0.00653	0.00386	0.01119
7	0.01991	0.02683	0.14095	0.04523	0.02432	0.21775	0.01676	0.02388	0.02018	0.02431	0.12996	0.03435	0.09673	0.04495	0.01265	0.00295	0.09401	0.00942	0.00542	0.00946
8	0.01123	0.00804	0.01086	0.01193	0.01263	0.00821	0.00821	0.01290	0.01487	0.02026	0.03654	0.39550	0.04189	0.15394	0.20407	0.00721	0.01061	0.01784	0.00647	0.00680
9	0.05593	0.35049	0.03290	0.01720	0.02317	0.23133	0.01483	0.10120	0.02247	0.02583	0.04308	0.01739	0.01457	0.00862	0.00675	0.00210	0.01077	0.00574	0.00481	0.01082
10	0.01900	0.01993	0.07174	0.27734	0.39528	0.01972	0.02557	0.02459	0.01843	0.02556	0.01564	0.02145	0.01253	0.00795	0.00843	0.00265	0.01072	0.00749	0.00402	0.01197
11	0.02275	0.70604	0.04459	0.01456	0.02184	0.03367	0.01456	0.02548	0.01729	0.02002	0.01183	0.01365	0.01092	0.00728	0.00546	0.00182	0.00910	0.00455	0.00364	0.01092
12	0.01707	0.04402	0.65683	0.02426	0.03683	0.01976	0.03144	0.02695	0.01797	0.02695	0.01527	0.01797	0.01078	0.00809	0.00809	0.00270	0.01258	0.00629	0.00359	0.01258
13	0.01033	0.00863	0.00899	0.00890	0.01166	0.00730	0.00668	0.01273	0.02003	0.02449	0.16121	0.07943	0.56844	0.02099	0.01006	0.00285	0.00427	0.01761	0.00810	0.00730
14	0.01150	0.00820	0.01045	0.01162	0.01247	0.00796	0.00813	0.01312	0.01587	0.02092	0.04311	0.34370	0.09482	0.20440	0.05993	0.00536	0.00730	0.10749	0.00697	0.00666
15	0.03235	0.02384	0.02554	0.01958	0.02639	0.02639	0.01618	0.61946	0.04001	0.05363	0.02043	0.02043	0.01447	0.01022	0.00851	0.00255	0.00936	0.00766	0.00851	0.01447
16	0.01038	0.00828	0.00931	0.00979	0.01188	0.00721	0.00706	0.01257	0.01907	0.02395	0.14122	0.25506	0.40923	0.02252	0.01029	0.00302	0.00445	0.01944	0.00808	0.00721
17	0.01133	0.00873	0.01038	0.01013	0.01248	0.00778	0.00770	0.01458	0.02193	0.02912	0.38401	0.07279	0.30837	0.01942	0.01014	0.00282	0.00434	0.04759	0.00869	0.00767
18	0.01010	0.00847	0.00878	0.00902	0.01160	0.00715	0.00664	0.01217	0.01901	0.02283	0.08135	0.15780	0.57162	0.02218	0.01016	0.00295	0.00439	0.01873	0.00790	0.00715
19	0.01216	0.00912	0.01368	0.01368	0.01520	0.01064	0.01064	0.01520	0.01368	0.01976	0.02279	0.03343	0.02127	0.06382	0.66720	0.01368	0.02279	0.00912	0.00456	0.00760
20	0.01355	0.01059	0.01264	0.01333	0.01515	0.01104	0.00949	0.02162	0.19217	0.02648	0.08219	0.46542	0.04922	0.02176	0.01018	0.00324	0.00539	0.01947	0.00821	0.00885
21	0.02065	0.01607	0.01774	0.01573	0.02010	0.01779	0.01226	0.06879	0.41875	0.07436	0.17837	0.03853	0.03796	0.01280	0.00897	0.00280	0.00626	0.01082	0.00894	0.01229
22	0.01006	0.00862	0.00862	0.00862	0.01149	0.00718	0.00647	0.01221	0.01940	0.02299	0.08621	0.08190	0.64438	0.02155	0.01006	0.00287	0.00431	0.01796	0.00790	0.00718
23	0.01216	0.00912	0.01368	0.01368	0.01520	0.01064	0.01064	0.01520	0.01368	0.01976	0.02279	0.03343	0.02127	0.06382	0.66720	0.01368	0.02279	0.00912	0.00456	0.00760
24	0.01037	0.00741	0.00987	0.01185	0.01234	0.00691	0.00790	0.01185	0.01629	0.02172	0.04690	0.69537	0.05629	0.02666	0.01086	0.00346	0.00494	0.02419	0.00790	0.00691
25	0.01586	0.00793	0.00793	0.00793	0.00991	0.00793	0.00595	0.01983	0.01785	0.03173	0.02776	0.03173	0.02181	0.00991	0.00595	0.00198	0.00397	0.00793	0.74817	0.00793
26	0.01586	0.00793	0.00793	0.00793	0.00991	0.00793	0.00595	0.01983	0.01785	0.03173	0.02776	0.03173	0.02181	0.00991	0.00595	0.00198	0.00397	0.00793	0.74817	0.00793
27	0.02176	0.02154	0.03386	0.05026	0.60743	0.06225	0.02549	0.02663	0.01969	0.02735	0.01582	0.02069	0.01332	0.00766	0.00838	0.00251	0.01045	0.00745	0.00422	0.01324
28	0.01557	0.01218	0.01483	0.01549	0.01813	0.01305	0.01252	0.02577	0.22434	0.02815	0.04192	0.18927	0.04267	0.02010	0.01055	0.00348	0.00691	0.28740	0.00812	0.00955
29	0.12139	0.02682	0.02250	0.01854	0.02418	0.20882	0.01480	0.34253	0.03099	0.04100	0.01770	0.01881	0.01324	0.00950	0.00772	0.00243	0.01043	0.00667	0.04984	0.01212
