[name]
unknown

[dist]
# distance from previous block
# <min> <max>
0	0

[block]
# block no. 0 follows, 21 sequences, length 11
# corresponding to MSA columns:
# 0-10
name=unknown_A
#
# <colnr> <probs for GDERKNQSTAVLIFYWHMCP>
#	G	D	E	R	K	N	Q	S	T	A	V	L	I	F	Y	W	H	M	C	P
0	0.01371	0.00980	0.01371	0.01567	0.01763	0.00980	0.01371	0.01763	0.01959	0.02547	0.04506	0.09599	0.04898	0.02351	0.01175	0.00392	0.00784	0.59056	0.00784	0.00784
1	0.02275	0.70604	0.04459	0.01456	0.02184	0.03367	0.01456	0.02548	0.01729	0.02002	0.01183	0.01365	0.01092	0.00728	0.00546	0.00182	0.00910	0.00455	0.00364	0.01092
2	0.01073	0.00766	0.01029	0.01226	0.01291	0.00722	0.00852	0.01247	0.01665	0.02213	0.04671	0.63112	0.05550	0.02632	0.01096	0.00351	0.00525	0.08490	0.00789	0.00701
3	0.01037	0.00741	0.00987	0.01185	0.01234	0.00691	0.00790	0.01185	0.01629	0.02172	0.04690	0.69537	0.05629	0.02666	0.01086	0.00346	0.00494	0.02419	0.00790	0.00691
4	0.02045	0.01959	0.03343	0.12965	0.57522	0.02006	0.02581	0.02558	0.01909	0.02706	0.01590	0.02126	0.01322	0.00770	0.00844	0.00257	0.01026	0.00758	0.00416	0.01298
5	0.20874	0.03692	0.49083	0.02089	0.03158	0.01959	0.02572	0.02645	0.01707	0.02984	0.01439	0.01690	0.01038	0.00804	0.00736	0.00268	0.01103	0.00586	0.00402	0.01171
6	0.01216	0.00912	0.01368	0.01368	0.01520	0.01064	0.01064	0.01520	0.01368	0.01976	0.02279	0.03343	0.02127	0.06382	0.66720	0.01368	0.02279	0.00912	0.00456	0.00760
7	0.02448	0.39541	0.14350	0.01824	0.02573	0.17767	0.01799	0.06506	0.02042	0.02351	0.01327	0.01521	0.01113	0.00795	0.00662	0.00210	0.01116	0.00526	0.00411	0.01118
8	0.02105	0.50723	0.22846	0.01747	0.02634	0.02950	0.01963	0.02592	0.01749	0.02210	0.01286	0.01495	0.01088	0.00752	0.00625	0.00208	0.01014	0.00507	0.00363	0.01142
9	0.02752	0.13884	0.02615	0.01898	0.02394	0.32292	0.01521	0.16131	0.02503	0.02791	0.01602	0.01893	0.01329	0.01712	0.10646	0.00394	0.01412	0.00637	0.00522	0.01073
10	0.02469	0.20435	0.24120	0.02063	0.02874	0.22504	0.02097	0.09229	0.02207	0.02620	0.01432	0.01635	0.01127	0.00833	0.00735	0.00231	0.01223	0.00576	0.00438	0.01153

[dist]
# distance from previous block
# <min> <max>
0	1

[block]
# block no. 1 follows, 21 sequences, length 7
# corresponding to MSA columns:
# 12-18
name=unknown_B
#
# <colnr> <probs for GDERKNQSTAVLIFYWHMCP>
#	G	D	E	R	K	N	Q	S	T	A	V	L	I	F	Y	W	H	M	C	P
0	0.05755	0.15151	0.09561	0.01506	0.02012	0.01782	0.01363	0.11484	0.02189	0.07007	0.11016	0.21433	0.03414	0.01488	0.00857	0.00271	0.00744	0.01248	0.00690	0.01030
1	0.01620	0.13683	0.35935	0.01864	0.02692	0.01816	0.02148	0.02283	0.01886	0.02665	0.14083	0.10526	0.02966	0.01194	0.00838	0.00264	0.00947	0.00988	0.00523	0.01077
2	0.20298	0.02069	0.19425	0.01395	0.02010	0.01388	0.01444	0.02008	0.01827	0.02921	0.10922	0.04439	0.24007	0.01379	0.00828	0.00274	0.00721	0.01096	0.00617	0.00933
3	0.16492	0.31253	0.20076	0.01685	0.02488	0.02561	0.01795	0.02809	0.08875	0.02725	0.01543	0.01696	0.01231	0.00812	0.00651	0.00234	0.00927	0.00562	0.00453	0.01133
4	0.23553	0.25642	0.07723	0.10100	0.06589	0.05526	0.01589	0.02517	0.01699	0.02716	0.01363	0.01662	0.01117	0.00790	0.00632	0.00232	0.00904	0.00549	0.04063	0.01034
5	0.09366	0.08968	0.15164	0.01685	0.02313	0.04884	0.01620	0.12002	0.07939	0.06006	0.02041	0.02301	0.01588	0.01773	0.11094	0.00423	0.01123	0.00716	0.07876	0.01120
6	0.02064	0.16947	0.25253	0.02253	0.08280	0.12330	0.02114	0.02799	0.07864	0.02499	0.01928	0.08431	0.01699	0.01013	0.00785	0.00252	0.01077	0.00799	0.00470	0.01143

[dist]
# distance from previous block
# <min> <max>
8	32

[block]
# block no. 2 follows, 21 sequences, length 137
# corresponding to MSA columns:
# 51-187
name=unknown_C
#
# <colnr> <probs for GDERKNQSTAVLIFYWHMCP>
#	G	D	E	R	K	N	Q	S	T	A	V	L	I	F	Y	W	H	M	C	P
0	0.15069	0.20875	0.07918	0.02092	0.02775	0.15838	0.14262	0.02900	0.06095	0.02642	0.01506	0.01756	0.01208	0.00803	0.00727	0.00240	0.01117	0.00639	0.00456	0.01082
1	0.17496	0.07175	0.21917	0.02556	0.15459	0.01908	0.06419	0.02428	0.01762	0.02844	0.02156	0.06702	0.05753	0.00997	0.00784	0.00266	0.00962	0.00834	0.00471	0.01112
2	0.11182	0.16988	0.22989	0.02636	0.16690	0.06699	0.02192	0.02781	0.05529	0.02720	0.01533	0.01792	0.01215	0.00804	0.00728	0.00245	0.01041	0.00616	0.00431	0.01189
3	0.06724	0.08110	0.27311	0.02437	0.03319	0.15608	0.14532	0.07173	0.02104	0.02790	0.01517	0.01808	0.01144	0.00813	0.00808	0.00255	0.01268	0.00677	0.00437	0.01161
4	0.02089	0.03820	0.38615	0.02815	0.09967	0.15332	0.10027	0.02835	0.01964	0.02582	0.01515	0.01837	0.01136	0.00806	0.00828	0.00260	0.01311	0.00672	0.00391	0.01198
5	0.02744	0.03126	0.02662	0.07368	0.18351	0.37851	0.01915	0.07192	0.06032	0.02577	0.01580	0.01861	0.01276	0.00872	0.00803	0.00239	0.01284	0.00655	0.00484	0.01127
6	0.17676	0.01992	0.02139	0.06257	0.02507	0.08805	0.05499	0.18028	0.07439	0.03449	0.01898	0.02247	0.01506	0.02041	0.14356	0.00489	0.01244	0.00742	0.00599	0.01085
7	0.02003	0.16297	0.06708	0.03255	0.16235	0.02270	0.30530	0.02562	0.01923	0.02558	0.02050	0.02448	0.05573	0.00830	0.00869	0.00258	0.01163	0.00879	0.00437	0.01153
8	0.01176	0.00920	0.01088	0.01163	0.01377	0.00865	0.00890	0.01570	0.06044	0.02469	0.09761	0.24171	0.29132	0.02237	0.01052	0.00323	0.00535	0.13651	0.00803	0.00772
9	0.01507	0.01176	0.01230	0.01168	0.01448	0.05388	0.00876	0.01932	0.06194	0.07367	0.26240	0.13435	0.25135	0.01836	0.00978	0.00281	0.00541	0.01569	0.00841	0.00858
10	0.03014	0.03230	0.02307	0.02003	0.02493	0.40473	0.01546	0.19217	0.06961	0.03145	0.01758	0.01895	0.01367	0.00943	0.00785	0.00232	0.01237	0.00652	0.05619	0.01123
11	0.01662	0.01078	0.01231	0.01093	0.01480	0.00949	0.00848	0.02083	0.06272	0.13846	0.14165	0.06224	0.37366	0.01732	0.00944	0.00270	0.00510	0.01450	0.00842	0.05956
12	0.02123	0.01660	0.01976	0.15253	0.02809	0.01882	0.01469	0.19445	0.17728	0.03542	0.02845	0.03021	0.06078	0.01447	0.05193	0.00338	0.00897	0.00896	0.10259	0.01140
13	0.02118	0.01699	0.01928	0.01447	0.02134	0.01517	0.01160	0.18474	0.02369	0.03442	0.01875	0.06477	0.01610	0.00877	0.00722	0.00177	0.00705	0.00707	0.00619	0.49944
14	0.01267	0.00969	0.01193	0.01227	0.01469	0.00927	0.00991	0.01746	0.06151	0.02813	0.24150	0.07774	0.22352	0.02027	0.01054	0.00317	0.00559	0.21367	0.00838	0.00809
15	0.09172	0.03098	0.02374	0.06483	0.02770	0.34487	0.01623	0.23720	0.02839	0.03381	0.01572	0.01750	0.01207	0.00919	0.00782	0.00240	0.01225	0.00631	0.00586	0.01140
16	0.01549	0.01174	0.01554	0.01480	0.01742	0.01181	0.05073	0.06119	0.11832	0.05469	0.04339	0.42179	0.08717	0.02068	0.01013	0.00318	0.00622	0.01860	0.00794	0.00915
17	0.01090	0.00859	0.00982	0.01039	0.01255	0.00764	0.00785	0.01325	0.01893	0.02363	0.10869	0.18077	0.39305	0.05258	0.01192	0.00335	0.00510	0.10589	0.00787	0.00721
18	0.03102	0.09718	0.02586	0.02130	0.02593	0.61289	0.01628	0.03326	0.02354	0.02076	0.01304	0.01520	0.01096	0.00864	0.00749	0.00216	0.01482	0.00540	0.00432	0.00996
19	0.01699	0.00902	0.00914	0.00873	0.01104	0.00919	0.00665	0.06085	0.01936	0.03323	0.02726	0.03095	0.02131	0.00994	0.00612	0.00202	0.00434	0.00791	0.69757	0.00838
20	0.03818	0.01448	0.01975	0.01514	0.02172	0.01251	0.01251	0.04147	0.02436	0.65373	0.03357	0.02897	0.02107	0.01053	0.00856	0.00263	0.00724	0.00856	0.01053	0.01448
21	0.01765	0.01513	0.01765	0.01260	0.02017	0.01134	0.01008	0.02143	0.01765	0.02773	0.01513	0.01765	0.01260	0.00630	0.00630	0.00126	0.00630	0.00504	0.00504	0.75295
22	0.02246	0.62738	0.04153	0.01485	0.02160	0.06203	0.01438	0.02519	0.01737	0.02004	0.01264	0.01507	0.01162	0.01118	0.05040	0.00264	0.01032	0.00490	0.00374	0.01065
23	0.01163	0.00868	0.01080	0.01027	0.01246	0.00785	0.00770	0.01525	0.02311	0.03180	0.52675	0.06740	0.19835	0.01827	0.01004	0.00272	0.00408	0.01593	0.00906	0.00785
24	0.02895	0.25088	0.03071	0.01944	0.02490	0.42699	0.01583	0.06668	0.02291	0.02256	0.01317	0.01512	0.01116	0.00838	0.00702	0.00210	0.01300	0.00532	0.00440	0.01048
25	0.02043	0.01764	0.01854	0.01674	0.02143	0.02024	0.01301	0.04304	0.59188	0.03476	0.03805	0.03507	0.06692	0.01221	0.00875	0.00289	0.00657	0.01017	0.00861	0.01305
26	0.01220	0.00894	0.01276	0.01276	0.01397	0.01014	0.00950	0.01461	0.01341	0.01908	0.02363	0.03806	0.02328	0.19633	0.53744	0.01255	0.01977	0.00980	0.00468	0.00709
27	0.02275	0.70604	0.04459	0.01456	0.02184	0.03367	0.01456	0.02548	0.01729	0.02002	0.01183	0.01365	0.01092	0.00728	0.00546	0.00182	0.00910	0.00455	0.00364	0.01092
28	0.01172	0.00837	0.01143	0.01340	0.01448	0.00808	0.01025	0.01419	0.01763	0.02324	0.04616	0.45286	0.05333	0.02539	0.01122	0.00364	0.00611	0.25335	0.00787	0.00729
29	0.01707	0.04402	0.65683	0.02426	0.03683	0.01976	0.03144	0.02695	0.01797	0.02695	0.01527	0.01797	0.01078	0.00809	0.00809	0.00270	0.01258	0.00629	0.00359	0.01258
30	0.01006	0.00862	0.00862	0.00862	0.01149	0.00718	0.00647	0.01221	0.01940	0.02299	0.08621	0.08190	0.64438	0.02155	0.01006	0.00287	0.00431	0.01796	0.00790	0.00718
31	0.02106	0.02022	0.03454	0.05223	0.64784	0.02022	0.02612	0.02612	0.01938	0.02780	0.01601	0.02106	0.01348	0.00758	0.00842	0.00253	0.01011	0.00758	0.00421	0.01348
32	0.02851	0.03384	0.02078	0.01904	0.02293	0.53103	0.01428	0.03107	0.02282	0.02307	0.01616	0.01872	0.01320	0.00901	0.00732	0.00215	0.01300	0.00599	0.15761	0.00947
33	0.01216	0.00912	0.01368	0.01368	0.01520	0.01064	0.01064	0.01520	0.01368	0.01976	0.02279	0.03343	0.02127	0.06382	0.66720	0.01368	0.02279	0.00912	0.00456	0.00760
34	0.02002	0.01916	0.03267	0.18289	0.52529	0.01995	0.02560	0.02521	0.01889	0.02654	0.01582	0.02140	0.01304	0.00777	0.00844	0.00259	0.01037	0.00758	0.00412	0.01264
35	0.01707	0.04402	0.65683	0.02426	0.03683	0.01976	0.03144	0.02695	0.01797	0.02695	0.01527	0.01797	0.01078	0.00809	0.00809	0.00270	0.01258	0.00629	0.00359	0.01258
36	0.02106	0.02022	0.03454	0.05223	0.64784	0.02022	0.02612	0.02612	0.01938	0.02780	0.01601	0.02106	0.01348	0.00758	0.00842	0.00253	0.01011	0.00758	0.00421	0.01348
37	0.01235	0.00836	0.00985	0.00985	0.01004	0.00856	0.00586	0.01274	0.01254	0.01692	0.02630	0.05282	0.02969	0.61882	0.12372	0.00895	0.01012	0.01196	0.00508	0.00547
38	0.02080	0.02096	0.03881	0.04778	0.48359	0.02057	0.18694	0.02643	0.01957	0.02765	0.01634	0.02158	0.01333	0.00747	0.00887	0.00262	0.01126	0.00825	0.00424	0.01293
39	0.03179	0.04056	0.02412	0.02192	0.02631	0.66676	0.01644	0.03398	0.02412	0.02083	0.01315	0.01535	0.01096	0.00877	0.00767	0.00219	0.01535	0.00548	0.00438	0.00987
40	0.01114	0.00897	0.01013	0.01071	0.01331	0.00796	0.00861	0.01382	0.01945	0.02372	0.07404	0.08607	0.46835	0.02213	0.01056	0.00318	0.00535	0.18725	0.00788	0.00738
41	0.04823	0.04286	0.62984	0.02371	0.03598	0.01974	0.03051	0.02687	0.01782	0.02742	0.01513	0.01779	0.01071	0.00808	0.00797	0.00269	0.01233	0.00622	0.00366	0.01244
42	0.02106	0.02022	0.03454	0.05223	0.64784	0.02022	0.02612	0.02612	0.01938	0.02780	0.01601	0.02106	0.01348	0.00758	0.00842	0.00253	0.01011	0.00758	0.00421	0.01348
43	0.02106	0.02022	0.03454	0.05223	0.64784	0.02022	0.02612	0.02612	0.01938	0.02780	0.01601	0.02106	0.01348	0.00758	0.00842	0.00253	0.01011	0.00758	0.00421	0.01348
44	0.01006	0.00862	0.00862	0.00862	0.01149	0.00718	0.00647	0.01221	0.01940	0.02299	0.08621	0.08190	0.64438	0.02155	0.01006	0.00287	0.00431	0.01796	0.00790	0.00718
45	0.01359	0.00971	0.01354	0.01531	0.01727	0.00967	0.01330	0.01752	0.01992	0.02610	0.08895	0.09361	0.05127	0.02306	0.01163	0.00383	0.00756	0.54836	0.00795	0.00785
46	0.01224	0.00819	0.00932	0.00946	0.00949	0.00816	0.00534	0.01234	0.01264	0.01685	0.02818	0.09903	0.03266	0.65524	0.04112	0.00793	0.00803	0.01318	0.00534	0.00528
47	0.02315	0.67651	0.04369	0.01489	0.02204	0.06177	0.01464	0.02586	0.01759	0.02006	0.01189	0.01373	0.01092	0.00735	0.00556	0.00184	0.00938	0.00459	0.00367	0.01087
48	0.02528	0.52012	0.03887	0.01662	0.02309	0.21054	0.01509	0.02786	0.01920	0.02025	0.01220	0.01412	0.01093	0.00770	0.00608	0.00192	0.01085	0.00481	0.00385	0.01063
49	0.01873	0.01576	0.01823	0.01312	0.02062	0.01245	0.01053	0.06531	0.01929	0.02963	0.01552	0.01785	0.01274	0.00659	0.00646	0.00136	0.00653	0.00523	0.00530	0.69877
50	0.12230	0.02050	0.14758	0.01597	0.02181	0.01647	0.01505	0.03055	0.21470	0.07607	0.19080	0.03476	0.03475	0.01183	0.00843	0.00274	0.00722	0.00971	0.00746	0.01130
51	0.01219	0.00837	0.01024	0.01037	0.01072	0.00866	0.00648	0.01293	0.01291	0.01753	0.02734	0.09440	0.03065	0.52273	0.17087	0.00905	0.01105	0.01250	0.00522	0.00578
52	0.01550	0.01438	0.01995	0.01838	0.01856	0.01883	0.01457	0.01722	0.01427	0.02095	0.02468	0.27445	0.02823	0.01934	0.02148	0.00362	0.42813	0.01378	0.00530	0.00840
53	0.03007	0.02983	0.02595	0.02498	0.11291	0.28314	0.01755	0.27613	0.05630	0.03604	0.01750	0.01896	0.01342	0.00932	0.00817	0.00242	0.01176	0.00686	0.00626	0.01244
54	0.01069	0.00865	0.00950	0.00928	0.01188	0.00745	0.00696	0.01343	0.02089	0.02653	0.26314	0.07608	0.46525	0.02023	0.01005	0.00281	0.00422	0.01714	0.00837	0.00745
55	0.01078	0.00770	0.01035	0.01232	0.01299	0.00727	0.00861	0.01256	0.01670	0.02218	0.04668	0.62171	0.05539	0.02627	0.01097	0.00351	0.00529	0.09379	0.00789	0.00703
56	0.03198	0.03475	0.02461	0.02111	0.02634	0.44420	0.01635	0.23746	0.02964	0.03223	0.01568	0.01711	0.01218	0.00927	0.00797	0.00232	0.01327	0.00624	0.00582	0.01147
57	0.01983	0.01896	0.03231	0.20797	0.50177	0.01989	0.02550	0.02503	0.01879	0.02630	0.01579	0.02147	0.01295	0.00781	0.00845	0.00260	0.01042	0.00758	0.00411	0.01248
58	0.01765	0.01513	0.01765	0.01260	0.02017	0.01134	0.01008	0.02143	0.01765	0.02773	0.01513	0.01765	0.01260	0.00630	0.00630	0.00126	0.00630	0.00504	0.00504	0.75295
59	0.02009	0.02296	0.05022	0.03587	0.04448	0.02152	0.61693	0.02726	0.02009	0.02726	0.01722	0.02296	0.01291	0.00717	0.01004	0.00287	0.01435	0.01004	0.00430	0.01148
60	0.02009	0.02296	0.05022	0.03587	0.04448	0.02152	0.61693	0.02726	0.02009	0.02726	0.01722	0.02296	0.01291	0.00717	0.01004	0.00287	0.01435	0.01004	0.00430	0.01148
61	0.76103	0.01646	0.01251	0.01119	0.01646	0.01909	0.00922	0.02502	0.01448	0.03818	0.01185	0.01382	0.00922	0.00790	0.00527	0.00263	0.00658	0.00461	0.00527	0.00922
62	0.01765	0.01513	0.01765	0.01260	0.02017	0.01134	0.01008	0.02143	0.01765	0.02773	0.01513	0.01765	0.01260	0.00630	0.00630	0.00126	0.00630	0.00504	0.00504	0.75295
63	0.03095	0.02248	0.02404	0.01859	0.02499	0.02482	0.01530	0.56844	0.03813	0.05177	0.02106	0.02139	0.01510	0.01019	0.00829	0.00251	0.00891	0.00768	0.07145	0.01392
64	0.01006	0.00862	0.00862	0.00862	0.01149	0.00718	0.00647	0.01221	0.01940	0.02299	0.08621	0.08190	0.64438	0.02155	0.01006	0.00287	0.00431	0.01796	0.00790	0.00718
65	0.03179	0.04056	0.02412	0.02192	0.02631	0.66676	0.01644	0.03398	0.02412	0.02083	0.01315	0.01535	0.01096	0.00877	0.00767	0.00219	0.01535	0.00548	0.00438	0.00987
66	0.23691	0.03173	0.35820	0.02008	0.02958	0.01955	0.05040	0.06322	0.01882	0.07474	0.01593	0.01789	0.01135	0.00828	0.00741	0.00267	0.01035	0.00621	0.00489	0.01179
67	0.02322	0.08427	0.02810	0.02215	0.02454	0.22997	0.04416	0.02549	0.01723	0.02085	0.01213	0.01735	0.01116	0.01196	0.01879	0.00304	0.38523	0.00669	0.00395	0.00972
68	0.01216	0.00912	0.01368	0.01368	0.01520	0.01064	0.01064	0.01520	0.01368	0.01976	0.02279	0.03343	0.02127	0.06382	0.66720	0.01368	0.02279	0.00912	0.00456	0.00760
69	0.03179	0.04056	0.02412	0.02192	0.02631	0.66676	0.01644	0.03398	0.02412	0.02083	0.01315	0.01535	0.01096	0.00877	0.00767	0.00219	0.01535	0.00548	0.00438	0.00987
70	0.01238	0.00825	0.00928	0.00928	0.00928	0.00825	0.00516	0.01238	0.01238	0.01650	0.02681	0.05569	0.03094	0.70092	0.04331	0.00825	0.00825	0.01238	0.00516	0.00516
71	0.01037	0.00741	0.00987	0.01185	0.01234	0.00691	0.00790	0.01185	0.01629	0.02172	0.04690	0.69537	0.05629	0.02666	0.01086	0.00346	0.00494	0.02419	0.00790	0.00691
72	0.02106	0.02022	0.03454	0.05223	0.64784	0.02022	0.02612	0.02612	0.01938	0.02780	0.01601	0.02106	0.01348	0.00758	0.00842	0.00253	0.01011	0.00758	0.00421	0.01348
73	0.03179	0.04056	0.02412	0.02192	0.02631	0.66676	0.01644	0.03398	0.02412	0.02083	0.01315	0.01535	0.01096	0.00877	0.00767	0.00219	0.01535	0.00548	0.00438	0.00987
74	0.03403	0.01942	0.12267	0.01671	0.02418	0.01406	0.01561	0.03929	0.04991	0.52543	0.03066	0.02731	0.01962	0.01018	0.00849	0.00265	0.00808	0.00824	0.00933	0.01413
75	0.03002	0.03163	0.02301	0.01986	0.02473	0.38919	0.01539	0.21850	0.02829	0.03196	0.01689	0.01888	0.01327	0.01175	0.03712	0.00280	0.01300	0.00650	0.05610	0.01110
76	0.02106	0.02022	0.03454	0.05223	0.64784	0.02022	0.02612	0.02612	0.01938	0.02780	0.01601	0.02106	0.01348	0.00758	0.00842	0.00253	0.01011	0.00758	0.00421	0.01348
77	0.03179	0.04056	0.02412	0.02192	0.02631	0.66676	0.01644	0.03398	0.02412	0.02083	0.01315	0.01535	0.01096	0.00877	0.00767	0.00219	0.01535	0.00548	0.00438	0.00987
78	0.01862	0.01862	0.02607	0.02234	0.02234	0.02607	0.01862	0.02048	0.01303	0.02048	0.01117	0.01862	0.01117	0.01489	0.02793	0.00372	0.68535	0.00745	0.00372	0.00931
79	0.01226	0.00871	0.01159	0.01159	0.01238	0.00950	0.00803	0.01385	0.01306	0.01821	0.02471	0.04402	0.02587	0.36694	0.37037	0.01110	0.01587	0.01067	0.00484	0.00644
80	0.03107	0.03905	0.02379	0.02161	0.02603	0.62302	0.01624	0.03474	0.06534	0.02183	0.01461	0.01646	0.01198	0.00896	0.00774	0.00224	0.01476	0.00576	0.00467	0.01011
81	0.76103	0.01646	0.01251	0.01119	0.01646	0.01909	0.00922	0.02502	0.01448	0.03818	0.01185	0.01382	0.00922	0.00790	0.00527	0.00263	0.00658	0.00461	0.00527	0.00922
82	0.02650	0.02305	0.01931	0.01642	0.02096	0.19222	0.01289	0.24826	0.05306	0.03713	0.02139	0.02312	0.01633	0.00979	0.00748	0.00229	0.00915	0.00724	0.24230	0.01112
83	0.01006	0.00862	0.00862	0.00862	0.01149	0.00718	0.00647	0.01221	0.01940	0.02299	0.08621	0.08190	0.64438	0.02155	0.01006	0.00287	0.00431	0.01796	0.00790	0.00718
84	0.01707	0.04402	0.65683	0.02426	0.03683	0.01976	0.03144	0.02695	0.01797	0.02695	0.01527	0.01797	0.01078	0.00809	0.00809	0.00270	0.01258	0.00629	0.00359	0.01258
85	0.02549	0.01958	0.02116	0.01756	0.02331	0.02158	0.01402	0.22561	0.36244	0.07812	0.02863	0.02695	0.02105	0.01068	0.00843	0.00265	0.00757	0.00860	0.00846	0.06810
86	0.02117	0.01828	0.01924	0.01732	0.02213	0.02117	0.01347	0.04522	0.63246	0.03560	0.03464	0.03175	0.02598	0.01155	0.00866	0.00289	0.00673	0.00962	0.00866	0.01347
87	0.01372	0.01081	0.01253	0.01211	0.01270	0.03964	0.00824	0.01477	0.01329	0.01788	0.02381	0.04493	0.02584	0.44615	0.20135	0.00899	0.07123	0.01080	0.00484	0.00636
88	0.01167	0.00851	0.01098	0.01072	0.01258	0.00782	0.00790	0.01521	0.02268	0.03163	0.52199	0.15300	0.11553	0.01897	0.01015	0.00280	0.00416	0.01679	0.00906	0.00782
89	0.03179	0.04056	0.02412	0.02192	0.02631	0.66676	0.01644	0.03398	0.02412	0.02083	0.01315	0.01535	0.01096	0.00877	0.00767	0.00219	0.01535	0.00548	0.00438	0.00987
90	0.02076	0.01991	0.03400	0.09022	0.61221	0.02014	0.02597	0.02585	0.01923	0.02744	0.01595	0.02116	0.01335	0.00764	0.00843	0.00255	0.01018	0.00758	0.00419	0.01324
91	0.03070	0.03833	0.02301	0.02097	0.02519	0.62169	0.01572	0.03301	0.02369	0.02157	0.01415	0.01647	0.01170	0.00885	0.00756	0.00218	0.01457	0.00565	0.05527	0.00973
92	0.01210	0.00920	0.01147	0.01232	0.01463	0.00857	0.01019	0.01537	0.02015	0.02574	0.14407	0.08616	0.27768	0.02192	0.01088	0.00335	0.00597	0.29454	0.00808	0.00762
93	0.01238	0.00825	0.00928	0.00928	0.00928	0.00825	0.00516	0.01238	0.01238	0.01650	0.02681	0.05569	0.03094	0.70092	0.04331	0.00825	0.00825	0.01238	0.00516	0.00516
94	0.02275	0.70604	0.04459	0.01456	0.02184	0.03367	0.01456	0.02548	0.01729	0.02002	0.01183	0.01365	0.01092	0.00728	0.00546	0.00182	0.00910	0.00455	0.00364	0.01092
95	0.01217	0.00906	0.01339	0.01339	0.01480	0.01048	0.01027	0.01501	0.01359	0.01954	0.02306	0.03491	0.02191	0.10600	0.62590	0.01332	0.02183	0.00933	0.00460	0.00744
96	0.02009	0.02296	0.05022	0.03587	0.04448	0.02152	0.61693	0.02726	0.02009	0.02726	0.01722	0.02296	0.01291	0.00717	0.01004	0.00287	0.01435	0.01004	0.00430	0.01148
97	0.01216	0.00912	0.01368	0.01368	0.01520	0.01064	0.01064	0.01520	0.01368	0.01976	0.02279	0.03343	0.02127	0.06382	0.66720	0.01368	0.02279	0.00912	0.00456	0.00760
98	0.03179	0.04056	0.02412	0.02192	0.02631	0.66676	0.01644	0.03398	0.02412	0.02083	0.01315	0.01535	0.01096	0.00877	0.00767	0.00219	0.01535	0.00548	0.00438	0.00987
99	0.02049	0.02300	0.04195	0.03128	0.03729	0.06688	0.41524	0.02590	0.01847	0.02500	0.01532	0.02127	0.01231	0.00936	0.01468	0.00305	0.19454	0.00903	0.00415	0.01079
100	0.01238	0.00825	0.00928	0.00928	0.00928	0.00825	0.00516	0.01238	0.01238	0.01650	0.02681	0.05569	0.03094	0.70092	0.04331	0.00825	0.00825	0.01238	0.00516	0.00516
101	0.03179	0.04056	0.02412	0.02192	0.02631	0.66676	0.01644	0.03398	0.02412	0.02083	0.01315	0.01535	0.01096	0.00877	0.00767	0.00219	0.01535	0.00548	0.00438	0.00987
102	0.01138	0.00833	0.01068	0.01081	0.01249	0.00764	0.00783	0.01451	0.02146	0.02957	0.42190	0.23962	0.13141	0.02038	0.01027	0.00291	0.00430	0.01808	0.00881	0.00764
103	0.02013	0.01710	0.01847	0.01709	0.02150	0.01958	0.01350	0.04137	0.54692	0.03419	0.03609	0.04072	0.02919	0.01322	0.00909	0.00303	0.00689	0.09070	0.00854	0.01268
104	0.76103	0.01646	0.01251	0.01119	0.01646	0.01909	0.00922	0.02502	0.01448	0.03818	0.01185	0.01382	0.00922	0.00790	0.00527	0.00263	0.00658	0.00461	0.00527	0.00922
105	0.01104	0.00870	0.00998	0.00978	0.01226	0.00765	0.00742	0.01404	0.02136	0.02774	0.31718	0.07483	0.38419	0.01990	0.01012	0.00283	0.00433	0.04056	0.00851	0.00756
106	0.03440	0.01533	0.01964	0.01562	0.02181	0.01443	0.01272	0.04231	0.15949	0.51637	0.03381	0.02958	0.02216	0.01076	0.00858	0.00269	0.00713	0.00879	0.01012	0.01426
107	0.01784	0.03864	0.50200	0.02722	0.03878	0.02021	0.18088	0.02703	0.01851	0.02703	0.01577	0.01924	0.01132	0.00785	0.00858	0.00274	0.01303	0.00725	0.00377	0.01230
108	0.03179	0.04056	0.02412	0.02192	0.02631	0.66676	0.01644	0.03398	0.02412	0.02083	0.01315	0.01535	0.01096	0.00877	0.00767	0.00219	0.01535	0.00548	0.00438	0.00987
109	0.01765	0.01513	0.01765	0.01260	0.02017	0.01134	0.01008	0.02143	0.01765	0.02773	0.01513	0.01765	0.01260	0.00630	0.00630	0.00126	0.00630	0.00504	0.00504	0.75295
110	0.03737	0.01579	0.02056	0.01576	0.02238	0.01445	0.01302	0.12214	0.02654	0.56998	0.03174	0.02777	0.02015	0.01049	0.00855	0.00262	0.00754	0.00843	0.01025	0.01448
111	0.01037	0.00741	0.00987	0.01185	0.01234	0.00691	0.00790	0.01185	0.01629	0.02172	0.04690	0.69537	0.05629	0.02666	0.01086	0.00346	0.00494	0.02419	0.00790	0.00691
112	0.02037	0.01951	0.03328	0.13992	0.56560	0.02004	0.02577	0.02551	0.01905	0.02696	0.01588	0.02129	0.01318	0.00771	0.00844	0.00257	0.01028	0.00758	0.00415	0.01292
113	0.03193	0.03638	0.02447	0.02134	0.02633	0.50679	0.01638	0.18024	0.02809	0.02902	0.01497	0.01662	0.01184	0.00913	0.00788	0.00228	0.01385	0.00603	0.00542	0.01102
114	0.01295	0.00875	0.01188	0.01188	0.01329	0.00975	0.00891	0.01575	0.01435	0.02176	0.02438	0.03619	0.02273	0.14167	0.44428	0.01052	0.01690	0.00933	0.15740	0.00733
115	0.01216	0.00912	0.01368	0.01368	0.01520	0.01064	0.01064	0.01520	0.01368	0.01976	0.02279	0.03343	0.02127	0.06382	0.66720	0.01368	0.02279	0.00912	0.00456	0.00760
116	0.02114	0.02164	0.03651	0.09309	0.44154	0.05949	0.14823	0.02651	0.01964	0.02682	0.01602	0.02123	0.01305	0.00764	0.00872	0.00260	0.01140	0.00797	0.00421	0.01255
117	0.02796	0.02866	0.02789	0.03094	0.22354	0.26189	0.01954	0.18807	0.02640	0.03183	0.01593	0.01867	0.01271	0.00905	0.00901	0.00246	0.04099	0.00682	0.00541	0.01223
118	0.03129	0.03951	0.02389	0.02171	0.02611	0.63625	0.01630	0.03451	0.05286	0.02153	0.01417	0.01612	0.01167	0.00890	0.00772	0.00223	0.01494	0.00568	0.00459	0.01004
119	0.01216	0.00912	0.01368	0.01368	0.01520	0.01064	0.01064	0.01520	0.01368	0.01976	0.02279	0.03343	0.02127	0.06382	0.66720	0.01368	0.02279	0.00912	0.00456	0.00760
120	0.02341	0.02360	0.12548	0.03089	0.10135	0.01956	0.31188	0.02961	0.02017	0.15592	0.01982	0.02303	0.01425	0.00850	0.01037	0.00281	0.05276	0.00880	0.00544	0.01233
121	0.03179	0.04056	0.02412	0.02192	0.02631	0.66676	0.01644	0.03398	0.02412	0.02083	0.01315	0.01535	0.01096	0.00877	0.00767	0.00219	0.01535	0.00548	0.00438	0.00987
122	0.01219	0.00900	0.01306	0.01306	0.01437	0.01030	0.00987	0.01480	0.01350	0.01930	0.02336	0.03654	0.02262	0.15274	0.58012	0.01292	0.02076	0.00957	0.00464	0.00726
123	0.01026	0.00829	0.00913	0.00963	0.01180	0.00716	0.00695	0.01235	0.01883	0.02332	0.10911	0.24914	0.44889	0.02270	0.01028	0.00302	0.00446	0.01952	0.00799	0.00716
124	0.01100	0.00866	0.00993	0.00961	0.01207	0.00759	0.00721	0.01404	0.02162	0.02827	0.35052	0.07320	0.37678	0.01958	0.01005	0.00278	0.00417	0.01674	0.00860	0.00759
125	0.03697	0.01642	0.02095	0.01606	0.02269	0.01539	0.01327	0.16131	0.02760	0.52931	0.03085	0.02720	0.01970	0.01047	0.00855	0.00262	0.00768	0.00837	0.01011	0.01448
126	0.01995	0.01830	0.02864	0.28363	0.30571	0.02026	0.02295	0.06701	0.09522	0.02822	0.01826	0.02295	0.01427	0.00860	0.00849	0.00269	0.01011	0.00783	0.00489	0.01202
127	0.03127	0.08521	0.02597	0.02080	0.02600	0.46034	0.01624	0.17962	0.02759	0.02896	0.01488	0.01649	0.01184	0.00902	0.00772	0.00226	0.01339	0.00596	0.00536	0.01109
128	0.01464	0.01283	0.01814	0.30948	0.03402	0.01343	0.01470	0.01841	0.01699	0.02251	0.03140	0.03844	0.14475	0.10738	0.01323	0.00327	0.00841	0.00985	0.00508	0.16302
129	0.02347	0.34670	0.03026	0.01518	0.02078	0.18221	0.01319	0.02598	0.01993	0.06733	0.02922	0.02939	0.14342	0.01085	0.00719	0.00219	0.00950	0.00786	0.00522	0.01015
130	0.02139	0.05711	0.15206	0.01853	0.02380	0.10908	0.01719	0.14623	0.02129	0.02785	0.01707	0.02210	0.01425	0.02311	0.14609	0.10146	0.05912	0.00717	0.00495	0.01014
131	0.01673	0.16638	0.22679	0.15459	0.03239	0.02003	0.02074	0.02242	0.01648	0.02251	0.01655	0.02219	0.01374	0.02297	0.18456	0.00549	0.01434	0.00695	0.00390	0.01025
132	0.01776	0.01464	0.01780	0.01993	0.12056	0.04047	0.01279	0.14208	0.02349	0.03110	0.11727	0.24880	0.12384	0.01745	0.00962	0.00288	0.00693	0.01524	0.00746	0.00987
133	0.01809	0.03177	0.32113	0.01976	0.02691	0.14905	0.02088	0.02389	0.01923	0.02487	0.06529	0.18974	0.02690	0.01350	0.00883	0.00278	0.01066	0.01121	0.00522	0.01030
134	0.02657	0.03138	0.02343	0.02487	0.11127	0.44118	0.01723	0.02952	0.02252	0.02276	0.02013	0.03276	0.01914	0.01164	0.00862	0.00259	0.01307	0.12631	0.00507	0.00995
135	0.02374	0.19733	0.02902	0.02273	0.10963	0.25815	0.01637	0.02642	0.01980	0.02182	0.02195	0.02430	0.08917	0.01056	0.01002	0.00242	0.09448	0.00732	0.00453	0.01024
136	0.35972	0.12201	0.23790	0.01637	0.02450	0.02096	0.01777	0.02674	0.01666	0.06902	0.01433	0.01613	0.01071	0.00804	0.00646	0.00254	0.00903	0.00541	0.00479	0.01092

[dist]
# distance from previous block
# <min> <max>
0	1

[block]
# block no. 3 follows, 21 sequences, length 13
# corresponding to MSA columns:
# 189-201
name=unknown_D
#
# <colnr> <probs for GDERKNQSTAVLIFYWHMCP>
#	G	D	E	R	K	N	Q	S	T	A	V	L	I	F	Y	W	H	M	C	P
0	0.08164	0.14276	0.10276	0.02392	0.03202	0.02332	0.23698	0.13866	0.02251	0.03189	0.01608	0.01916	0.01232	0.00785	0.00805	0.00245	0.01101	0.00739	0.00505	0.07418
1	0.01671	0.01221	0.01438	0.01376	0.01625	0.01240	0.01001	0.17360	0.02238	0.03013	0.03689	0.43771	0.04124	0.06836	0.01228	0.00344	0.00641	0.01802	0.00773	0.04611
2	0.01858	0.01814	0.02078	0.01854	0.02127	0.10826	0.04681	0.02610	0.15106	0.02393	0.02146	0.02706	0.01843	0.03198	0.26937	0.00716	0.14761	0.00844	0.00526	0.00975
3	0.01720	0.22264	0.02201	0.01229	0.01584	0.01679	0.01005	0.04493	0.02005	0.05234	0.24341	0.09420	0.04331	0.13312	0.01435	0.00344	0.00674	0.01164	0.00678	0.00887
4	0.02334	0.02560	0.03426	0.03876	0.32535	0.18204	0.14903	0.02805	0.02061	0.02593	0.01550	0.01983	0.01267	0.00772	0.00845	0.00244	0.01210	0.00743	0.00433	0.05656
5	0.01772	0.01733	0.03096	0.45333	0.18435	0.01956	0.10788	0.02347	0.01796	0.02384	0.01561	0.02237	0.01203	0.00812	0.00871	0.00277	0.01150	0.00792	0.00395	0.01061
6	0.02095	0.01658	0.01818	0.01576	0.01843	0.06292	0.01266	0.15385	0.02155	0.03172	0.02038	0.02493	0.01667	0.01685	0.08193	0.00380	0.18076	0.00770	0.26452	0.00984
7	0.02067	0.02057	0.03145	0.20730	0.45040	0.07162	0.02472	0.02565	0.01916	0.02573	0.01556	0.02101	0.01274	0.00791	0.00839	0.00258	0.01084	0.00741	0.00412	0.01218
8	0.02106	0.02022	0.03454	0.05223	0.64784	0.02022	0.02612	0.02612	0.01938	0.02780	0.01601	0.02106	0.01348	0.00758	0.00842	0.00253	0.01011	0.00758	0.00421	0.01348
9	0.02096	0.02051	0.03619	0.05051	0.58422	0.02036	0.08841	0.02624	0.01945	0.02775	0.01613	0.02126	0.01342	0.00754	0.00860	0.00256	0.01056	0.00784	0.00422	0.01327
10	0.01713	0.01620	0.02743	0.54776	0.18308	0.01918	0.02416	0.02267	0.01752	0.02302	0.01531	0.02235	0.01180	0.00831	0.00849	0.00277	0.01108	0.00757	0.00387	0.01030
11	0.23606	0.01399	0.01420	0.01228	0.01648	0.01464	0.00971	0.12447	0.02267	0.08225	0.17514	0.04191	0.14360	0.04561	0.00983	0.00294	0.00619	0.01071	0.00765	0.00969
12	0.02106	0.02022	0.03454	0.05223	0.64784	0.02022	0.02612	0.02612	0.01938	0.02780	0.01601	0.02106	0.01348	0.00758	0.00842	0.00253	0.01011	0.00758	0.00421	0.01348

[dist]
# distance from previous block
# <min> <max>
1	5

[block]
# block no. 4 follows, 21 sequences, length 21
# corresponding to MSA columns:
# 207-227
name=unknown_E
#
# <colnr> <probs for GDERKNQSTAVLIFYWHMCP>
#	G	D	E	R	K	N	Q	S	T	A	V	L	I	F	Y	W	H	M	C	P
0	0.02323	0.55044	0.03873	0.01527	0.02178	0.13073	0.01426	0.02583	0.01851	0.02037	0.01753	0.01896	0.05773	0.00857	0.00615	0.00196	0.00972	0.00569	0.00407	0.01048
1	0.02189	0.37876	0.06447	0.01860	0.06755	0.07066	0.01576	0.08203	0.01947	0.02420	0.01532	0.01895	0.01342	0.01851	0.13242	0.00427	0.01241	0.00609	0.00438	0.01083
2	0.13983	0.09455	0.02304	0.01765	0.02181	0.18395	0.07132	0.02388	0.01750	0.02376	0.01684	0.02249	0.01476	0.02909	0.25620	0.00662	0.01598	0.00706	0.00450	0.00918
3	0.03010	0.01748	0.01947	0.01575	0.02129	0.06035	0.01279	0.18771	0.02774	0.30857	0.08400	0.03691	0.09149	0.01258	0.00889	0.00266	0.00781	0.03275	0.00909	0.01259
4	0.01267	0.00929	0.01178	0.01266	0.01421	0.00880	0.00896	0.05701	0.01828	0.02468	0.04254	0.56574	0.04965	0.02380	0.01040	0.00325	0.00551	0.05040	0.00773	0.06263
5	0.01811	0.16504	0.54491	0.02248	0.03409	0.02231	0.02836	0.02668	0.01784	0.02568	0.01464	0.01718	0.01081	0.00794	0.00761	0.00254	0.01194	0.00597	0.00360	0.01227
6	0.01991	0.01905	0.03247	0.19677	0.51227	0.01992	0.02555	0.02511	0.01883	0.02641	0.01580	0.02144	0.01299	0.00780	0.00844	0.00260	0.01039	0.00758	0.00411	0.01255
7	0.01216	0.00912	0.01368	0.01368	0.01520	0.01064	0.01064	0.01520	0.01368	0.01976	0.02279	0.03343	0.02127	0.06382	0.66720	0.01368	0.02279	0.00912	0.00456	0.00760
8	0.02132	0.02113	0.03294	0.11127	0.54756	0.06477	0.02521	0.02624	0.01948	0.02673	0.01572	0.02083	0.01310	0.00775	0.00838	0.00253	0.01059	0.00744	0.00418	0.01284
9	0.65790	0.01750	0.01435	0.01238	0.01786	0.02012	0.01020	0.10915	0.01810	0.04037	0.01306	0.01476	0.00996	0.00823	0.00573	0.00262	0.00698	0.00504	0.00573	0.00996
10	0.01765	0.01513	0.01765	0.01260	0.02017	0.01134	0.01008	0.02143	0.01765	0.02773	0.01513	0.01765	0.01260	0.00630	0.00630	0.00126	0.00630	0.00504	0.00504	0.75295
11	0.01478	0.00739	0.01109	0.01109	0.01109	0.00739	0.00739	0.01109	0.01109	0.01478	0.01478	0.02587	0.01478	0.02956	0.03326	0.75240	0.00739	0.00739	0.00370	0.00370
12	0.01707	0.04402	0.65683	0.02426	0.03683	0.01976	0.03144	0.02695	0.01797	0.02695	0.01527	0.01797	0.01078	0.00809	0.00809	0.00270	0.01258	0.00629	0.00359	0.01258
13	0.02056	0.28917	0.18744	0.01583	0.02304	0.02282	0.01678	0.08654	0.01998	0.02828	0.01768	0.02008	0.01405	0.00846	0.00657	0.00216	0.00869	0.00618	0.19476	0.01094
14	0.01993	0.01886	0.03099	0.19294	0.45179	0.02001	0.02432	0.02697	0.07849	0.02717	0.01762	0.02248	0.01421	0.00818	0.00847	0.00263	0.01006	0.00778	0.00455	0.01256
15	0.12570	0.03123	0.33334	0.02340	0.08972	0.02045	0.02311	0.07104	0.14185	0.03220	0.01908	0.02060	0.01411	0.00885	0.00786	0.00270	0.01009	0.00693	0.00524	0.01249
16	0.02263	0.02795	0.15699	0.01913	0.02546	0.15468	0.01754	0.10395	0.22759	0.03209	0.07177	0.02880	0.05228	0.01098	0.00848	0.00264	0.00979	0.00864	0.00668	0.01194
17	0.02437	0.10591	0.02374	0.02006	0.06506	0.26111	0.01454	0.10619	0.06808	0.02669	0.02283	0.15096	0.02227	0.03904	0.00964	0.00275	0.01052	0.01001	0.00586	0.01037
18	0.02545	0.02848	0.02498	0.02800	0.18121	0.31992	0.01784	0.03312	0.15299	0.02569	0.01916	0.02156	0.01553	0.01286	0.05349	0.00322	0.01269	0.00715	0.00527	0.01139
19	0.02697	0.02535	0.02947	0.03528	0.31652	0.14620	0.02087	0.23026	0.02733	0.03529	0.01697	0.01975	0.01334	0.00871	0.00831	0.00247	0.01086	0.00721	0.00571	0.01313
20	0.10577	0.02467	0.18716	0.06069	0.28142	0.01876	0.07429	0.02476	0.01841	0.02804	0.02223	0.02558	0.07355	0.00911	0.00827	0.00266	0.01017	0.00813	0.00453	0.01180

[dist]
# distance from previous block
# <min> <max>
0	9

[block]
# block no. 5 follows, 21 sequences, length 7
# corresponding to MSA columns:
# 237-243
name=unknown_F
#
# <colnr> <probs for GDERKNQSTAVLIFYWHMCP>
#	G	D	E	R	K	N	Q	S	T	A	V	L	I	F	Y	W	H	M	C	P
0	0.01918	0.16717	0.16000	0.01706	0.02382	0.02116	0.01662	0.03184	0.25383	0.02982	0.10759	0.02853	0.02621	0.01041	0.00792	0.00250	0.00809	0.00837	0.00641	0.05346
1	0.01315	0.01248	0.04866	0.01643	0.01936	0.01052	0.11007	0.01612	0.01689	0.02300	0.03633	0.41683	0.04121	0.08332	0.01332	0.00364	0.00741	0.04576	0.00664	0.05886
2	0.01655	0.02183	0.19414	0.07859	0.02643	0.01600	0.01756	0.06570	0.15065	0.02842	0.03342	0.21470	0.07027	0.01511	0.00919	0.00296	0.00830	0.01300	0.00653	0.01066
3	0.06314	0.02679	0.02301	0.11449	0.14231	0.31849	0.01713	0.02810	0.02075	0.02491	0.01625	0.01998	0.01315	0.00865	0.00752	0.00233	0.01153	0.00650	0.12483	0.01013
4	0.02339	0.54602	0.10588	0.01658	0.02402	0.11854	0.01658	0.02679	0.01829	0.02086	0.01237	0.01433	0.01091	0.00757	0.00604	0.00196	0.01032	0.00486	0.00374	0.01095
5	0.19440	0.12332	0.08267	0.01838	0.02393	0.29654	0.01588	0.02959	0.01968	0.05724	0.01377	0.01592	0.01107	0.00881	0.00829	0.00242	0.05757	0.00552	0.00468	0.01031
6	0.02175	0.02366	0.15546	0.04006	0.41843	0.01856	0.02460	0.02751	0.01993	0.10052	0.05264	0.02372	0.01752	0.00857	0.00846	0.00258	0.00993	0.00787	0.00511	0.01311

[dist]
# distance from previous block
# <min> <max>
0	1

[block]
# block no. 6 follows, 21 sequences, length 8
# corresponding to MSA columns:
# 245-252
name=unknown_G
#
# <colnr> <probs for GDERKNQSTAVLIFYWHMCP>
#	G	D	E	R	K	N	Q	S	T	A	V	L	I	F	Y	W	H	M	C	P
0	0.02153	0.02175	0.02917	0.04106	0.45417	0.12287	0.02149	0.02538	0.01912	0.02502	0.01713	0.02520	0.01562	0.10909	0.01340	0.00331	0.01068	0.00794	0.00438	0.01168
1	0.02775	0.02080	0.07554	0.01767	0.02329	0.10958	0.04789	0.03130	0.02100	0.28837	0.05157	0.02818	0.02046	0.07663	0.01319	0.00311	0.06097	0.00832	0.00719	0.06720
2	0.02318	0.20918	0.03599	0.03711	0.38503	0.02482	0.02149	0.11265	0.02182	0.02944	0.01551	0.01893	0.01292	0.00788	0.00762	0.00234	0.00972	0.00676	0.00468	0.01292
3	0.02976	0.02889	0.02369	0.01975	0.02542	0.26660	0.01555	0.28536	0.11344	0.03728	0.01931	0.01989	0.01461	0.00962	0.00809	0.00239	0.01109	0.00695	0.00677	0.05553
4	0.02252	0.18370	0.03484	0.02387	0.06900	0.02354	0.18029	0.03404	0.23171	0.07537	0.02311	0.02410	0.01761	0.00899	0.00825	0.00258	0.00965	0.00831	0.00611	0.01239
5	0.02029	0.02277	0.05938	0.12448	0.21209	0.16447	0.01928	0.02536	0.04749	0.02470	0.02922	0.03530	0.11552	0.01155	0.00875	0.00268	0.01039	0.05047	0.00520	0.01062
6	0.02780	0.17752	0.02693	0.01909	0.02394	0.47008	0.01509	0.03010	0.02223	0.02087	0.01990	0.02139	0.07190	0.00969	0.00744	0.00218	0.01297	0.00649	0.00457	0.00983
7	0.02447	0.31247	0.15496	0.01903	0.02622	0.23545	0.01837	0.02994	0.06364	0.02274	0.01456	0.01633	0.01198	0.00822	0.00692	0.00219	0.01163	0.00555	0.00423	0.01108

[dist]
# distance from previous block
# <min> <max>
1	9

[block]
# block no. 7 follows, 21 sequences, length 48
# corresponding to MSA columns:
# 262-309
name=unknown_H
#
# <colnr> <probs for GDERKNQSTAVLIFYWHMCP>
#	G	D	E	R	K	N	Q	S	T	A	V	L	I	F	Y	W	H	M	C	P
0	0.07947	0.02355	0.02457	0.06690	0.17948	0.16415	0.01742	0.15646	0.02407	0.03189	0.01801	0.06528	0.01554	0.00969	0.00799	0.00242	0.01018	0.00778	0.00559	0.08955
1	0.02371	0.17333	0.03411	0.07584	0.35175	0.02338	0.02122	0.10006	0.02166	0.07198	0.01678	0.01997	0.01342	0.00810	0.00779	0.00240	0.00967	0.00698	0.00502	0.01285
2	0.02374	0.02561	0.02850	0.07144	0.34087	0.22377	0.02135	0.02909	0.06064	0.02564	0.01806	0.02464	0.01557	0.00924	0.00841	0.00255	0.01147	0.04288	0.00476	0.01178
3	0.02716	0.02243	0.02547	0.07114	0.21158	0.14648	0.01825	0.09911	0.06577	0.15872	0.02427	0.02534	0.04649	0.00975	0.00842	0.00255	0.01003	0.00803	0.00651	0.01251
4	0.07237	0.01583	0.01870	0.01643	0.05017	0.01585	0.01250	0.14793	0.09526	0.25293	0.07048	0.03742	0.13182	0.01258	0.00869	0.00269	0.00701	0.01023	0.00877	0.01237
5	0.02301	0.02431	0.03139	0.10250	0.45535	0.16468	0.02373	0.02748	0.02022	0.02569	0.01529	0.01993	0.01272	0.00793	0.00826	0.00248	0.01139	0.00711	0.00421	0.01231
6	0.02058	0.01973	0.03368	0.11238	0.59142	0.02009	0.02588	0.02570	0.01915	0.02722	0.01592	0.02122	0.01328	0.00767	0.00843	0.00256	0.01023	0.00758	0.00417	0.01309
7	0.02693	0.03255	0.02157	0.01988	0.02364	0.49157	0.01501	0.03028	0.04860	0.02124	0.01626	0.02011	0.01393	0.02120	0.15520	0.00479	0.01663	0.00648	0.00461	0.00952
8	0.01937	0.01110	0.01344	0.01166	0.01546	0.01002	0.00914	0.05838	0.02346	0.19232	0.24766	0.05847	0.26233	0.01666	0.00957	0.00273	0.00529	0.01406	0.00909	0.00980
9	0.01118	0.00818	0.00920	0.00964	0.01068	0.00761	0.00619	0.01221	0.01551	0.01975	0.05039	0.20716	0.23368	0.33189	0.02537	0.00545	0.00624	0.01681	0.00665	0.00620
10	0.01402	0.01099	0.01321	0.01393	0.01641	0.01127	0.01112	0.02162	0.15596	0.02652	0.05101	0.19740	0.15983	0.02108	0.01056	0.00340	0.00634	0.23852	0.00805	0.00879
11	0.02106	0.02022	0.03454	0.05223	0.64784	0.02022	0.02612	0.02612	0.01938	0.02780	0.01601	0.02106	0.01348	0.00758	0.00842	0.00253	0.01011	0.00758	0.00421	0.01348
12	0.01037	0.00741	0.00987	0.01185	0.01234	0.00691	0.00790	0.01185	0.01629	0.02172	0.04690	0.69537	0.05629	0.02666	0.01086	0.00346	0.00494	0.02419	0.00790	0.00691
13	0.01707	0.04402	0.65683	0.02426	0.03683	0.01976	0.03144	0.02695	0.01797	0.02695	0.01527	0.01797	0.01078	0.00809	0.00809	0.00270	0.01258	0.00629	0.00359	0.01258
14	0.02981	0.01943	0.02216	0.01674	0.02370	0.01930	0.01375	0.33170	0.03060	0.18247	0.02201	0.02163	0.01547	0.00926	0.00794	0.00223	0.00808	0.00718	0.00806	0.20849
15	0.01586	0.00793	0.00793	0.00793	0.00991	0.00793	0.00595	0.01983	0.01785	0.03173	0.02776	0.03173	0.02181	0.00991	0.00595	0.00198	0.00397	0.00793	0.74817	0.00793
16	0.14182	0.01753	0.01723	0.01447	0.01979	0.07577	0.01152	0.07694	0.11632	0.19622	0.03548	0.03375	0.12984	0.01175	0.00807	0.00257	0.00738	0.00917	0.00781	0.06657
17	0.01105	0.00791	0.01064	0.01190	0.01255	0.00793	0.00813	0.01267	0.01516	0.02056	0.03871	0.45825	0.04493	0.12888	0.16216	0.00641	0.00939	0.01918	0.00677	0.00682
18	0.01867	0.23006	0.48478	0.02153	0.03262	0.02367	0.02670	0.02654	0.01778	0.02500	0.01431	0.01675	0.01082	0.00786	0.00735	0.00245	0.01160	0.00580	0.00361	0.01211
19	0.01737	0.07911	0.62438	0.02374	0.03604	0.02050	0.03055	0.02687	0.01793	0.02658	0.01509	0.01774	0.01079	0.00804	0.00795	0.00265	0.01239	0.00620	0.00360	0.01249
20	0.03818	0.01448	0.01975	0.01514	0.02172	0.01251	0.01251	0.04147	0.02436	0.65373	0.03357	0.02897	0.02107	0.01053	0.00856	0.00263	0.00724	0.00856	0.01053	0.01448
21	0.01034	0.00863	0.00902	0.00892	0.01167	0.00731	0.00669	0.01276	0.02007	0.02458	0.16593	0.07928	0.56367	0.02096	0.01005	0.00285	0.00427	0.01759	0.00811	0.00731
22	0.02223	0.02333	0.03632	0.04516	0.44993	0.10227	0.14169	0.02734	0.02012	0.02681	0.01589	0.02071	0.01305	0.00765	0.00865	0.00255	0.01161	0.00780	0.00425	0.01263
23	0.02526	0.02846	0.02956	0.08033	0.34766	0.29253	0.02188	0.02915	0.02122	0.02447	0.01475	0.01876	0.01228	0.00814	0.00811	0.00241	0.01240	0.00670	0.00426	0.01170
24	0.03179	0.04056	0.02412	0.02192	0.02631	0.66676	0.01644	0.03398	0.02412	0.02083	0.01315	0.01535	0.01096	0.00877	0.00767	0.00219	0.01535	0.00548	0.00438	0.00987
25	0.01417	0.01129	0.01302	0.01213	0.01505	0.01145	0.00923	0.02330	0.18867	0.03252	0.37742	0.05822	0.16719	0.01656	0.00967	0.00277	0.00481	0.01428	0.00891	0.00936
26	0.01073	0.00857	0.00961	0.00951	0.01195	0.00745	0.00707	0.01346	0.02076	0.02659	0.26783	0.11355	0.42190	0.02049	0.01010	0.00284	0.00425	0.01749	0.00839	0.00745
27	0.02757	0.02905	0.02860	0.03368	0.27695	0.27945	0.02029	0.14655	0.02535	0.03013	0.01574	0.01866	0.01267	0.00858	0.00814	0.00240	0.01205	0.00676	0.00513	0.01223
