[name]
unknown

[dist]
# distance from previous block
# <min> <max>
0	0

[block]
# block no. 0 follows, 22 sequences, length 8
# corresponding to MSA columns:
# 0-7
name=unknown_A
#
# <colnr> <probs for GDERKNQSTAVLIFYWHMCP>
#	G	D	E	R	K	N	Q	S	T	A	V	L	I	F	Y	W	H	M	C	P
0	0.01339	0.00956	0.01339	0.01530	0.01721	0.00956	0.01339	0.01721	0.01912	0.02486	0.04399	0.09371	0.04781	0.02295	0.01147	0.00382	0.00765	0.60031	0.00765	0.00765
1	0.01835	0.01844	0.01499	0.01391	0.01729	0.17358	0.01041	0.05901	0.12831	0.02527	0.04770	0.08391	0.26946	0.06871	0.01146	0.00306	0.00787	0.01247	0.00683	0.00897
2	0.01916	0.02653	0.18823	0.03628	0.19132	0.02030	0.34124	0.02627	0.01896	0.02667	0.01608	0.02083	0.01226	0.00731	0.00897	0.00268	0.01259	0.00837	0.00402	0.01193
3	0.02059	0.16315	0.15160	0.01760	0.02303	0.22885	0.01626	0.02426	0.01926	0.02224	0.05347	0.17717	0.02440	0.01263	0.00799	0.00248	0.01032	0.01007	0.00503	0.00960
4	0.02347	0.02658	0.02328	0.02680	0.19447	0.33317	0.01662	0.02681	0.02227	0.02536	0.16963	0.02800	0.02790	0.01030	0.00825	0.00234	0.01089	0.00827	0.00542	0.01016
5	0.01283	0.01056	0.01240	0.01227	0.01426	0.04962	0.00944	0.01561	0.01557	0.02097	0.03642	0.04242	0.16689	0.04549	0.42964	0.00936	0.01623	0.01060	0.06195	0.00748
6	0.02233	0.02568	0.02176	0.02511	0.17975	0.31916	0.01563	0.02516	0.02106	0.02264	0.03396	0.03499	0.19521	0.01184	0.00834	0.00241	0.01061	0.00935	0.00522	0.00977
7	0.02223	0.46499	0.11504	0.02126	0.11259	0.09609	0.01798	0.02600	0.01794	0.02151	0.01266	0.01502	0.01100	0.00739	0.00627	0.00201	0.01007	0.00516	0.00370	0.01110

[dist]
# distance from previous block
# <min> <max>
11	13

[block]
# block no. 1 follows, 22 sequences, length 14
# corresponding to MSA columns:
# 22-35
name=unknown_B
#
# <colnr> <probs for GDERKNQSTAVLIFYWHMCP>
#	G	D	E	R	K	N	Q	S	T	A	V	L	I	F	Y	W	H	M	C	P
0	0.01245	0.00976	0.01447	0.01413	0.01548	0.01178	0.01110	0.01531	0.01329	0.01935	0.02120	0.03130	0.01986	0.05789	0.61527	0.01245	0.08420	0.00875	0.00438	0.00757
1	0.01288	0.00858	0.01178	0.01178	0.01339	0.00965	0.00911	0.01610	0.01449	0.02255	0.02361	0.03217	0.02091	0.04761	0.48819	0.01016	0.01712	0.00858	0.21383	0.00751
2	0.01824	0.01692	0.02783	0.43752	0.25366	0.01931	0.02344	0.05863	0.01870	0.02503	0.01536	0.02149	0.01195	0.00811	0.00828	0.00265	0.01056	0.00739	0.00410	0.01082
3	0.02666	0.02733	0.02155	0.01880	0.02314	0.31873	0.01463	0.21110	0.02588	0.02989	0.01724	0.02068	0.01413	0.02172	0.16582	0.00490	0.01491	0.00684	0.00555	0.01048
4	0.01187	0.00890	0.01335	0.01335	0.01483	0.01038	0.01038	0.01483	0.01335	0.01928	0.02225	0.03264	0.02077	0.06231	0.67512	0.01335	0.02225	0.00890	0.00445	0.00742
5	0.01276	0.01066	0.01138	0.01081	0.01391	0.01040	0.00822	0.02027	0.16714	0.02743	0.18035	0.06495	0.39488	0.01795	0.00949	0.00277	0.00471	0.01513	0.00816	0.00862
6	0.03031	0.03270	0.02409	0.05977	0.02756	0.42016	0.01638	0.23065	0.02830	0.03104	0.01532	0.01705	0.01186	0.00902	0.00781	0.00229	0.01281	0.00618	0.00559	0.01110
7	0.10717	0.43446	0.04003	0.01879	0.02595	0.02739	0.15838	0.02603	0.01757	0.05603	0.01388	0.01626	0.01144	0.00731	0.00652	0.00215	0.00972	0.00592	0.00423	0.01078
8	0.01083	0.00838	0.00939	0.00918	0.01123	0.00746	0.00658	0.01316	0.01924	0.02486	0.25716	0.06980	0.36112	0.13736	0.01537	0.00364	0.00477	0.01579	0.00772	0.00694
9	0.02175	0.02200	0.03256	0.04762	0.58440	0.09434	0.02442	0.02637	0.01944	0.02636	0.01531	0.01993	0.01288	0.00753	0.00814	0.00243	0.01045	0.00717	0.00413	0.01276
10	0.23537	0.03120	0.02055	0.01823	0.02302	0.41861	0.01406	0.09856	0.02270	0.02868	0.01330	0.01513	0.01062	0.00849	0.00693	0.00230	0.01194	0.00536	0.00498	0.00997
11	0.02056	0.01974	0.03372	0.05099	0.65622	0.01974	0.02550	0.02550	0.01892	0.02714	0.01563	0.02056	0.01316	0.00740	0.00822	0.00247	0.00987	0.00740	0.00411	0.01316
12	0.01234	0.00959	0.01425	0.01398	0.01535	0.01151	0.01097	0.01522	0.01330	0.01934	0.02141	0.03156	0.02003	0.05874	0.62682	0.01263	0.07225	0.00878	0.00439	0.00754
13	0.01339	0.00956	0.01339	0.01530	0.01721	0.00956	0.01339	0.01721	0.01912	0.02486	0.04399	0.09371	0.04781	0.02295	0.01147	0.00382	0.00765	0.60031	0.00765	0.00765

[dist]
# distance from previous block
# <min> <max>
0	1

[block]
# block no. 2 follows, 22 sequences, length 7
# corresponding to MSA columns:
# 37-43
name=unknown_C
#
# <colnr> <probs for GDERKNQSTAVLIFYWHMCP>
#	G	D	E	R	K	N	Q	S	T	A	V	L	I	F	Y	W	H	M	C	P
0	0.67216	0.10459	0.01619	0.01134	0.01673	0.02044	0.00966	0.02448	0.01449	0.03502	0.01157	0.01347	0.00921	0.00763	0.00517	0.00247	0.00674	0.00449	0.00494	0.00921
1	0.01202	0.00831	0.01036	0.01036	0.01081	0.00876	0.00665	0.01291	0.01246	0.01707	0.02499	0.04780	0.02735	0.51295	0.23348	0.00965	0.01234	0.01112	0.00486	0.00575
2	0.17219	0.02164	0.05566	0.05519	0.02549	0.02267	0.01525	0.41188	0.03096	0.04526	0.05127	0.02092	0.01617	0.00970	0.00775	0.00254	0.00861	0.00722	0.00722	0.01242
3	0.03120	0.03466	0.02396	0.02071	0.02571	0.47863	0.01597	0.21304	0.02823	0.03001	0.01499	0.01648	0.01174	0.00899	0.00774	0.00225	0.01322	0.00599	0.00550	0.01099
4	0.01825	0.01873	0.01555	0.01536	0.01831	0.21042	0.01219	0.02231	0.05393	0.02465	0.11853	0.06009	0.14894	0.01688	0.00960	0.00292	0.00871	0.20931	0.00688	0.00845
5	0.01458	0.01376	0.02555	0.02079	0.02434	0.01394	0.23000	0.01836	0.01603	0.02213	0.02533	0.18039	0.02576	0.08207	0.20638	0.00644	0.04786	0.01269	0.00510	0.00852
6	0.01562	0.01410	0.02338	0.34251	0.17766	0.01630	0.01978	0.02024	0.01614	0.02195	0.01722	0.02496	0.01447	0.02442	0.20975	0.00590	0.01418	0.00785	0.00401	0.00956

[dist]
# distance from previous block
# <min> <max>
4	6

[block]
# block no. 3 follows, 22 sequences, length 10
# corresponding to MSA columns:
# 51-60
name=unknown_D
#
# <colnr> <probs for GDERKNQSTAVLIFYWHMCP>
#	G	D	E	R	K	N	Q	S	T	A	V	L	I	F	Y	W	H	M	C	P
0	0.01889	0.01803	0.03070	0.26936	0.45091	0.01930	0.02466	0.02403	0.01813	0.02511	0.01533	0.02111	0.01244	0.00771	0.00825	0.00257	0.01028	0.00740	0.00397	0.01181
1	0.01354	0.01152	0.01490	0.01449	0.01604	0.05326	0.01132	0.01637	0.01394	0.01940	0.02081	0.03045	0.01940	0.05536	0.58473	0.01192	0.07193	0.00856	0.00438	0.00768
2	0.01196	0.00855	0.01158	0.01158	0.01246	0.00942	0.00818	0.01370	0.01283	0.01798	0.02387	0.04159	0.02465	0.32832	0.41443	0.01117	0.01640	0.01021	0.00469	0.00644
3	0.01902	0.02036	0.01716	0.01636	0.01889	0.25846	0.01250	0.02168	0.01716	0.01968	0.01874	0.02604	0.01701	0.04224	0.42581	0.00916	0.01954	0.00757	0.00439	0.00824
4	0.02062	0.52050	0.22211	0.01693	0.02553	0.02897	0.01895	0.02529	0.01707	0.02149	0.01251	0.01454	0.01062	0.00733	0.00607	0.00202	0.00986	0.00493	0.00354	0.01113
5	0.02409	0.01646	0.01896	0.01533	0.02068	0.01670	0.01230	0.19097	0.11933	0.14748	0.03049	0.07879	0.07527	0.01187	0.00910	0.00246	0.03835	0.00952	0.00773	0.15411
6	0.01935	0.01720	0.02652	0.41776	0.10850	0.01947	0.05335	0.13054	0.02107	0.02812	0.01589	0.02123	0.01201	0.00828	0.00822	0.00257	0.01039	0.00735	0.00468	0.06751
7	0.01845	0.01745	0.02176	0.34171	0.10064	0.12329	0.01802	0.02161	0.01701	0.02120	0.01541	0.02204	0.01260	0.01204	0.01230	0.13770	0.01036	0.00705	0.06078	0.00857
8	0.02716	0.03219	0.02398	0.19109	0.03372	0.46448	0.01782	0.06960	0.02281	0.02268	0.01380	0.01714	0.01102	0.00859	0.00775	0.00232	0.01360	0.00601	0.00440	0.00983
9	0.02671	0.20696	0.02823	0.01901	0.02364	0.39237	0.01539	0.05729	0.02117	0.02157	0.01327	0.01609	0.01147	0.01191	0.04833	0.00285	0.06399	0.00558	0.00425	0.00993

[dist]
# distance from previous block
# <min> <max>
11	106

[block]
# block no. 4 follows, 22 sequences, length 19
# corresponding to MSA columns:
# 173-191
name=unknown_E
#
# <colnr> <probs for GDERKNQSTAVLIFYWHMCP>
#	G	D	E	R	K	N	Q	S	T	A	V	L	I	F	Y	W	H	M	C	P
0	0.01186	0.00973	0.01288	0.01573	0.09563	0.00880	0.00972	0.01411	0.01733	0.02276	0.05181	0.37279	0.23406	0.02071	0.00975	0.00293	0.00537	0.01835	0.00706	0.05862
1	0.01698	0.01608	0.02725	0.51951	0.21571	0.01880	0.02371	0.02236	0.01722	0.02279	0.01499	0.02173	0.01163	0.00807	0.00828	0.00269	0.01076	0.00739	0.00380	0.01027
2	0.22218	0.02772	0.01932	0.06276	0.02387	0.37071	0.01393	0.02768	0.01927	0.02474	0.01385	0.01736	0.01158	0.01527	0.09328	0.00375	0.01339	0.00572	0.00449	0.00915
3	0.01993	0.01910	0.03258	0.13340	0.57874	0.01957	0.02518	0.02494	0.01862	0.02638	0.01551	0.02077	0.01289	0.00752	0.00823	0.00251	0.01003	0.00740	0.00406	0.01265
4	0.01774	0.01587	0.02492	0.60155	0.05315	0.01940	0.02213	0.09978	0.01951	0.02525	0.01544	0.02186	0.01147	0.00852	0.00831	0.00273	0.01082	0.00740	0.00429	0.00986
5	0.02096	0.02210	0.01751	0.01585	0.01911	0.25403	0.01209	0.09141	0.02137	0.02413	0.03453	0.03788	0.18364	0.06672	0.09808	0.00430	0.05192	0.00985	0.00569	0.00883
6	0.01569	0.01477	0.02492	0.68808	0.05722	0.01846	0.02307	0.02123	0.01661	0.02123	0.01477	0.02215	0.01107	0.00831	0.00831	0.00277	0.01107	0.00738	0.00369	0.00923
7	0.03158	0.02327	0.02493	0.01911	0.02576	0.02576	0.01579	0.62852	0.03906	0.05236	0.01995	0.01995	0.01413	0.00997	0.00831	0.00249	0.00914	0.00748	0.00831	0.01413
8	0.01332	0.00953	0.01229	0.01188	0.01308	0.01043	0.00843	0.05608	0.01458	0.02019	0.02380	0.04121	0.02441	0.33958	0.35372	0.01030	0.01517	0.01019	0.00497	0.00684
9	0.02287	0.03271	0.24511	0.18269	0.03649	0.23634	0.02250	0.02851	0.01981	0.07437	0.01563	0.01867	0.01153	0.00841	0.00790	0.00250	0.01247	0.00636	0.00436	0.01081
10	0.02819	0.02154	0.02364	0.06492	0.02706	0.02419	0.01574	0.46387	0.16389	0.04651	0.02250	0.02242	0.01627	0.01013	0.00834	0.00258	0.00874	0.00787	0.00802	0.01358
11	0.01676	0.01316	0.01453	0.01322	0.01664	0.01372	0.01013	0.13697	0.16169	0.03254	0.15186	0.15846	0.19307	0.01689	0.00935	0.00281	0.00573	0.01439	0.00824	0.00983
12	0.03158	0.02327	0.02493	0.01911	0.02576	0.02576	0.01579	0.62852	0.03906	0.05236	0.01995	0.01995	0.01413	0.00997	0.00831	0.00249	0.00914	0.00748	0.00831	0.01413
13	0.02923	0.03582	0.02272	0.02062	0.02497	0.56114	0.01555	0.03508	0.13078	0.02284	0.01648	0.01776	0.01325	0.00903	0.00766	0.00226	0.01352	0.00605	0.00500	0.01024
14	0.03158	0.02327	0.02493	0.01911	0.02576	0.02576	0.01579	0.62852	0.03906	0.05236	0.01995	0.01995	0.01413	0.00997	0.00831	0.00249	0.00914	0.00748	0.00831	0.01413
15	0.02423	0.02282	0.02987	0.03887	0.41292	0.10033	0.02166	0.15830	0.05333	0.03215	0.01709	0.02025	0.01365	0.00828	0.00817	0.00245	0.01017	0.00726	0.00525	0.01294
16	0.01874	0.01945	0.02185	0.24104	0.03281	0.15680	0.01738	0.02301	0.04223	0.02092	0.01611	0.02263	0.01375	0.02190	0.16297	0.00520	0.14265	0.00736	0.00417	0.00904
17	0.02001	0.01918	0.03273	0.12248	0.58901	0.01959	0.02522	0.02502	0.01866	0.02648	0.01553	0.02074	0.01293	0.00750	0.00823	0.00250	0.01000	0.00740	0.00406	0.01272
18	0.27134	0.07777	0.02126	0.01657	0.02095	0.13592	0.01352	0.09555	0.09965	0.03130	0.01549	0.01753	0.01245	0.00970	0.01015	0.00264	0.12637	0.00609	0.00539	0.01037

[dist]
# distance from previous block
# <min> <max>
2	4

[block]
# block no. 5 follows, 22 sequences, length 8
# corresponding to MSA columns:
# 196-203
name=unknown_F
#
# <colnr> <probs for GDERKNQSTAVLIFYWHMCP>
#	G	D	E	R	K	N	Q	S	T	A	V	L	I	F	Y	W	H	M	C	P
0	0.02057	0.01949	0.03179	0.04659	0.57425	0.01986	0.02390	0.02790	0.09929	0.02812	0.01798	0.02191	0.01473	0.00790	0.00825	0.00251	0.00944	0.00766	0.00467	0.01316
1	0.02056	0.01974	0.03372	0.05099	0.65622	0.01974	0.02550	0.02550	0.01892	0.02714	0.01563	0.02056	0.01316	0.00740	0.00822	0.00247	0.00987	0.00740	0.00411	0.01316
2	0.01193	0.00866	0.01213	0.01213	0.01319	0.00972	0.00886	0.01405	0.01299	0.01838	0.02337	0.03882	0.02345	0.24602	0.49507	0.01184	0.01821	0.00981	0.00462	0.00674
3	0.02056	0.01974	0.03372	0.05099	0.65622	0.01974	0.02550	0.02550	0.01892	0.02714	0.01563	0.02056	0.01316	0.00740	0.00822	0.00247	0.00987	0.00740	0.00411	0.01316
4	0.20280	0.02629	0.01828	0.01688	0.02067	0.35149	0.01294	0.02650	0.01874	0.02414	0.01488	0.01903	0.01280	0.02177	0.17352	0.00504	0.01474	0.00603	0.00453	0.00893
5	0.01665	0.01656	0.01589	0.01536	0.01754	0.17615	0.01180	0.01941	0.01589	0.01955	0.01990	0.02823	0.01826	0.04889	0.50853	0.01055	0.02044	0.00801	0.00441	0.00797
6	0.15643	0.33248	0.03015	0.01595	0.02177	0.23221	0.01375	0.02843	0.01895	0.06450	0.01334	0.01485	0.01102	0.00788	0.00618	0.00208	0.01027	0.00499	0.00450	0.01027
7	0.01342	0.06547	0.19798	0.01400	0.01942	0.01258	0.01440	0.01847	0.02036	0.02800	0.30255	0.05014	0.18200	0.01464	0.00896	0.00260	0.00668	0.01235	0.00686	0.00910

[dist]
# distance from previous block
# <min> <max>
0	1

[block]
# block no. 6 follows, 22 sequences, length 8
# corresponding to MSA columns:
# 205-212
name=unknown_G
#
# <colnr> <probs for GDERKNQSTAVLIFYWHMCP>
#	G	D	E	R	K	N	Q	S	T	A	V	L	I	F	Y	W	H	M	C	P
0	0.01942	0.28065	0.24835	0.02307	0.10041	0.02542	0.02180	0.02455	0.01659	0.02279	0.01304	0.01647	0.01095	0.00875	0.01050	0.00248	0.13407	0.00587	0.00362	0.01121
1	0.02287	0.03255	0.20179	0.02403	0.03040	0.22536	0.11341	0.06672	0.02018	0.02494	0.01409	0.01777	0.01121	0.00943	0.01195	0.00270	0.14888	0.00677	0.00419	0.01077
2	0.02068	0.01797	0.01899	0.01694	0.02048	0.07698	0.01381	0.17298	0.11323	0.03155	0.03502	0.04571	0.12190	0.01519	0.01205	0.00301	0.11243	0.13371	0.00702	0.01034
3	0.01060	0.00827	0.00917	0.00964	0.01150	0.00739	0.00694	0.01238	0.01725	0.02133	0.06413	0.17149	0.39363	0.14645	0.01597	0.00394	0.00531	0.07070	0.00722	0.00667
4	0.09178	0.01490	0.02363	0.61947	0.05305	0.01848	0.02165	0.02155	0.01636	0.02285	0.01444	0.02127	0.01086	0.00825	0.00799	0.00275	0.01060	0.00709	0.00384	0.00921
5	0.06448	0.14642	0.12325	0.01616	0.02267	0.02000	0.01529	0.12100	0.10959	0.13752	0.11600	0.02726	0.02493	0.01029	0.00778	0.00247	0.00795	0.00810	0.00700	0.01185
6	0.01187	0.00890	0.01335	0.01335	0.01483	0.01038	0.01038	0.01483	0.01335	0.01928	0.02225	0.03264	0.02077	0.06231	0.67512	0.01335	0.02225	0.00890	0.00445	0.00742
7	0.02240	0.22944	0.03327	0.13125	0.25008	0.15405	0.01988	0.02619	0.01888	0.02262	0.01373	0.01754	0.01161	0.00768	0.00723	0.00224	0.01078	0.00611	0.00392	0.01111

[dist]
# distance from previous block
# <min> <max>
0	2

[block]
# block no. 7 follows, 22 sequences, length 20
# corresponding to MSA columns:
# 215-234
name=unknown_H
#
# <colnr> <probs for GDERKNQSTAVLIFYWHMCP>
#	G	D	E	R	K	N	Q	S	T	A	V	L	I	F	Y	W	H	M	C	P
0	0.36993	0.01560	0.01893	0.14819	0.14244	0.01737	0.01480	0.02388	0.01625	0.06836	0.03912	0.01988	0.01384	0.00946	0.00821	0.04459	0.00794	0.00638	0.00505	0.00978
1	0.10976	0.01784	0.02421	0.41770	0.10735	0.05305	0.02028	0.10422	0.01992	0.02790	0.01506	0.02028	0.01143	0.00838	0.00787	0.00264	0.01033	0.00695	0.00456	0.01028
2	0.01997	0.01914	0.03266	0.12789	0.58392	0.01958	0.02520	0.02498	0.01864	0.02643	0.01552	0.02075	0.01291	0.00751	0.00823	0.00250	0.01001	0.00740	0.00406	0.01268
3	0.01701	0.01561	0.02395	0.48278	0.04630	0.01868	0.02033	0.05200	0.01737	0.02345	0.01456	0.02090	0.01137	0.00885	0.01030	0.00265	0.09261	0.00704	0.00409	0.11014
4	0.03063	0.02276	0.02493	0.05923	0.02765	0.02532	0.01623	0.59210	0.03771	0.05049	0.01963	0.02008	0.01394	0.00987	0.00831	0.00251	0.00926	0.00747	0.00803	0.01383
5	0.01259	0.00852	0.01148	0.01148	0.01276	0.00944	0.00850	0.01516	0.01387	0.02087	0.02391	0.03648	0.02267	0.17604	0.42821	0.01019	0.01608	0.00929	0.14543	0.00702
6	0.03158	0.02327	0.02493	0.01911	0.02576	0.02576	0.01579	0.62852	0.03906	0.05236	0.01995	0.01995	0.01413	0.00997	0.00831	0.00249	0.00914	0.00748	0.00831	0.01413
7	0.03158	0.02327	0.02493	0.01911	0.02576	0.02576	0.01579	0.62852	0.03906	0.05236	0.01995	0.01995	0.01413	0.00997	0.00831	0.00249	0.00914	0.00748	0.00831	0.01413
8	0.01379	0.01062	0.01311	0.01361	0.01606	0.01082	0.01106	0.02095	0.13657	0.02774	0.15968	0.11747	0.12280	0.01964	0.01033	0.00326	0.00614	0.26969	0.00809	0.00858
9	0.01871	0.01785	0.03038	0.29295	0.42873	0.01925	0.02457	0.02387	0.01804	0.02489	0.01530	0.02116	0.01237	0.00775	0.00826	0.00258	0.01033	0.00739	0.00395	0.01167
10	0.01869	0.02290	0.15238	0.11918	0.32149	0.01903	0.05147	0.02689	0.09375	0.02746	0.05148	0.02373	0.01730	0.00857	0.00835	0.00260	0.00996	0.00791	0.00474	0.01212
11	0.01208	0.00850	0.00985	0.00998	0.01230	0.00741	0.00730	0.01430	0.01900	0.06865	0.13850	0.24535	0.37438	0.02116	0.00993	0.00292	0.00454	0.01825	0.00807	0.00754
12	0.01752	0.04414	0.01793	0.01571	0.01823	0.12711	0.01239	0.06857	0.01729	0.02220	0.01939	0.02699	0.01755	0.04395	0.44333	0.00954	0.05703	0.00791	0.00465	0.00857
13	0.02359	0.54652	0.07458	0.01612	0.02298	0.15498	0.01549	0.02654	0.01819	0.02008	0.01199	0.01388	0.01066	0.00743	0.00589	0.00189	0.01024	0.00471	0.00369	0.01055
14	0.01864	0.01788	0.02976	0.26120	0.37816	0.02000	0.02379	0.02339	0.01739	0.02429	0.01476	0.02080	0.01219	0.00857	0.01056	0.00271	0.09326	0.00738	0.00391	0.01135
15	0.02005	0.35531	0.33949	0.01914	0.02856	0.06205	0.02219	0.02602	0.01757	0.02282	0.01323	0.01543	0.01060	0.00756	0.00668	0.00221	0.01085	0.00530	0.00357	0.01138
16	0.02018	0.02176	0.04089	0.02946	0.03742	0.04781	0.45714	0.05203	0.02018	0.02754	0.01639	0.02100	0.01253	0.00704	0.00895	0.00246	0.01236	0.00859	0.00452	0.15174
17	0.01751	0.01662	0.02820	0.45032	0.28076	0.01894	0.02398	0.02282	0.01747	0.02343	0.01509	0.02156	0.01185	0.00797	0.00828	0.00266	0.01062	0.00739	0.00385	0.01070
18	0.02039	0.02208	0.02385	0.12314	0.02758	0.18190	0.01773	0.02296	0.01602	0.02020	0.01296	0.01926	0.01174	0.01628	0.07593	0.00398	0.36406	0.00696	0.00387	0.00910
19	0.01549	0.05088	0.02084	0.01751	0.01857	0.01891	0.01438	0.01788	0.01323	0.01964	0.01616	0.02457	0.01543	0.03613	0.32428	0.00801	0.34780	0.00787	0.00401	0.00840

[dist]
# distance from previous block
# <min> <max>
0	1

[block]
# block no. 8 follows, 22 sequences, length 9
# corresponding to MSA columns:
# 236-244
name=unknown_I
#
# <colnr> <probs for GDERKNQSTAVLIFYWHMCP>
#	G	D	E	R	K	N	Q	S	T	A	V	L	I	F	Y	W	H	M	C	P
0	0.02056	0.01974	0.03372	0.05099	0.65622	0.01974	0.02550	0.02550	0.01892	0.02714	0.01563	0.02056	0.01316	0.00740	0.00822	0.00247	0.00987	0.00740	0.00411	0.01316
1	0.01303	0.00967	0.01236	0.01216	0.01426	0.00966	0.00947	0.01870	0.08577	0.03007	0.39789	0.06321	0.06105	0.05990	0.04557	0.00374	0.00611	0.13092	0.00830	0.00817
2	0.01257	0.00970	0.01375	0.01337	0.01441	0.01149	0.01013	0.01482	0.01303	0.01872	0.02185	0.03547	0.02163	0.18638	0.48120	0.01128	0.08923	0.00937	0.00448	0.00711
3	0.01049	0.00771	0.00983	0.01085	0.01202	0.00706	0.00755	0.01265	0.01824	0.02441	0.20298	0.45482	0.14468	0.02306	0.01029	0.00310	0.00451	0.02061	0.00807	0.00706
4	0.01767	0.16449	0.55229	0.02196	0.03330	0.02176	0.02771	0.02605	0.01742	0.02508	0.01430	0.01678	0.01055	0.00775	0.00743	0.00248	0.01166	0.00583	0.00352	0.01198
5	0.03044	0.02259	0.02432	0.01857	0.02528	0.02459	0.01532	0.58021	0.03732	0.05035	0.01953	0.01973	0.01398	0.00967	0.00814	0.00239	0.00890	0.00728	0.00804	0.07334
6	0.07472	0.01606	0.02605	0.48323	0.19759	0.01878	0.02257	0.02249	0.01697	0.02388	0.01473	0.02110	0.01141	0.00804	0.00804	0.00268	0.01043	0.00717	0.00390	0.01015
7	0.01187	0.00890	0.01335	0.01335	0.01483	0.01038	0.01038	0.01483	0.01335	0.01928	0.02225	0.03264	0.02077	0.06231	0.67512	0.01335	0.02225	0.00890	0.00445	0.00742
8	0.02838	0.08915	0.02673	0.02142	0.02582	0.47844	0.04726	0.06838	0.02261	0.02258	0.01318	0.01589	0.01103	0.00910	0.00964	0.00233	0.08777	0.00585	0.00440	0.01002

[dist]
# distance from previous block
# <min> <max>
0	1

[block]
# block no. 9 follows, 22 sequences, length 28
# corresponding to MSA columns:
# 246-273
name=unknown_J
#
# <colnr> <probs for GDERKNQSTAVLIFYWHMCP>
#	G	D	E	R	K	N	Q	S	T	A	V	L	I	F	Y	W	H	M	C	P
0	0.01924	0.20628	0.45862	0.02117	0.03151	0.07845	0.02542	0.02654	0.01789	0.02415	0.01391	0.01629	0.01057	0.00776	0.00723	0.00238	0.01168	0.00566	0.00358	0.01166
1	0.02128	0.42189	0.24728	0.01809	0.02662	0.09438	0.01986	0.02620	0.01778	0.02187	0.01279	0.01489	0.01062	0.00752	0.00640	0.00210	0.01063	0.00510	0.00361	0.01109
2	0.01586	0.01488	0.01988	0.01796	0.01881	0.04608	0.01455	0.01821	0.01347	0.01969	0.01613	0.02460	0.01537	0.03595	0.32024	0.00798	0.36005	0.00793	0.00403	0.00835
3	0.01926	0.01956	0.03674	0.17681	0.33998	0.01988	0.21434	0.02497	0.01866	0.02576	0.01582	0.02147	0.01256	0.00746	0.00874	0.00263	0.01142	0.00816	0.00405	0.01174
4	0.02973	0.03748	0.02366	0.07820	0.02837	0.61878	0.01665	0.03215	0.02295	0.02041	0.01301	0.01559	0.01073	0.00854	0.00756	0.00219	0.01465	0.00552	0.00423	0.00960
5	0.02458	0.02670	0.02934	0.06572	0.37861	0.25079	0.02160	0.05701	0.02142	0.02571	0.01482	0.01863	0.01225	0.00797	0.00797	0.00237	0.01169	0.00668	0.00436	0.01180
6	0.01187	0.00890	0.01335	0.01335	0.01483	0.01038	0.01038	0.01483	0.01335	0.01928	0.02225	0.03264	0.02077	0.06231	0.67512	0.01335	0.02225	0.00890	0.00445	0.00742
7	0.01242	0.00869	0.01031	0.01045	0.01282	0.00768	0.00789	0.01493	0.01943	0.06855	0.16325	0.20127	0.33809	0.02081	0.01002	0.00296	0.00479	0.06987	0.00812	0.00765
8	0.02310	0.02668	0.07476	0.04116	0.44403	0.19545	0.02332	0.02761	0.02006	0.02526	0.01483	0.01885	0.01232	0.00775	0.00800	0.00239	0.01141	0.00676	0.00412	0.01215
9	0.26161	0.02995	0.02009	0.07775	0.02547	0.40913	0.01446	0.02934	0.01996	0.02575	0.01261	0.01515	0.01020	0.00827	0.00682	0.00233	0.01193	0.00526	0.00450	0.00939
10	0.01194	0.00862	0.01193	0.01193	0.01292	0.00961	0.00861	0.01392	0.01293	0.01823	0.02355	0.03983	0.02389	0.27614	0.46556	0.01160	0.01755	0.00995	0.00464	0.00663
11	0.02989	0.07641	0.02530	0.02282	0.06434	0.59803	0.01653	0.03223	0.02288	0.02071	0.01294	0.01523	0.01085	0.00841	0.00741	0.00214	0.01432	0.00543	0.00423	0.00991
12	0.01187	0.00864	0.01085	0.01174	0.01295	0.00843	0.00817	0.05477	0.01771	0.02356	0.06969	0.49788	0.10052	0.06488	0.05313	0.00411	0.00629	0.02007	0.00746	0.00727
13	0.02743	0.02082	0.02256	0.01812	0.02389	0.02330	0.01473	0.44418	0.17295	0.04556	0.02328	0.02352	0.01723	0.01472	0.06515	0.00349	0.00968	0.00803	0.00801	0.01333
14	0.01791	0.01703	0.02893	0.39784	0.33010	0.01904	0.02418	0.02317	0.01766	0.02392	0.01516	0.02143	0.01202	0.00789	0.00827	0.00263	0.01053	0.00739	0.00388	0.01102
15	0.02056	0.01974	0.03372	0.05099	0.65622	0.01974	0.02550	0.02550	0.01892	0.02714	0.01563	0.02056	0.01316	0.00740	0.00822	0.00247	0.00987	0.00740	0.00411	0.01316
16	0.01593	0.01502	0.02536	0.65603	0.08735	0.01852	0.02319	0.02144	0.01673	0.02152	0.01481	0.02207	0.01118	0.00826	0.00830	0.00275	0.01101	0.00738	0.00371	0.00943
17	0.02818	0.03375	0.02327	0.02253	0.06856	0.49495	0.01611	0.03489	0.15009	0.02377	0.01734	0.01866	0.01388	0.00904	0.00774	0.00230	0.01290	0.00632	0.00513	0.01060
18	0.01187	0.00890	0.01335	0.01335	0.01483	0.01038	0.01038	0.01483	0.01335	0.01928	0.02225	0.03264	0.02077	0.06231	0.67512	0.01335	0.02225	0.00890	0.00445	0.00742
19	0.01187	0.00890	0.01335	0.01335	0.01483	0.01038	0.01038	0.01483	0.01335	0.01928	0.02225	0.03264	0.02077	0.06231	0.67512	0.01335	0.02225	0.00890	0.00445	0.00742
20	0.03158	0.02327	0.02493	0.01911	0.02576	0.02576	0.01579	0.62852	0.03906	0.05236	0.01995	0.01995	0.01413	0.00997	0.00831	0.00249	0.00914	0.00748	0.00831	0.01413
21	0.01187	0.00890	0.01335	0.01335	0.01483	0.01038	0.01038	0.01483	0.01335	0.01928	0.02225	0.03264	0.02077	0.06231	0.67512	0.01335	0.02225	0.00890	0.00445	0.00742
22	0.01989	0.01905	0.03251	0.13863	0.57382	0.01956	0.02516	0.02491	0.01860	0.02633	0.01551	0.02078	0.01287	0.00753	0.00824	0.00251	0.01003	0.00740	0.00405	0.01262
23	0.02056	0.01974	0.03372	0.05099	0.65622	0.01974	0.02550	0.02550	0.01892	0.02714	0.01563	0.02056	0.01316	0.00740	0.00822	0.00247	0.00987	0.00740	0.00411	0.01316
24	0.02132	0.02186	0.03082	0.14826	0.46805	0.11574	0.02372	0.02594	0.01923	0.02520	0.01508	0.01999	0.01247	0.00772	0.00813	0.00247	0.01081	0.00710	0.00407	0.01201
25	0.01025	0.00804	0.00934	0.01027	0.01207	0.00713	0.00749	0.01224	0.01774	0.02216	0.06532	0.33036	0.36109	0.02320	0.01028	0.00312	0.00475	0.07049	0.00771	0.00696
26	0.01188	0.00886	0.01313	0.01313	0.01454	0.01027	0.01011	0.01469	0.01329	0.01912	0.02245	0.03374	0.02125	0.09506	0.64302	0.01308	0.02153	0.00906	0.00448	0.00730
27	0.02906	0.03137	0.02329	0.02020	0.02493	0.38799	0.01566	0.18226	0.11649	0.03037	0.01756	0.01869	0.01369	0.00958	0.00876	0.00240	0.04404	0.00656	0.00586	0.01123

[dist]
# distance from previous block
# <min> <max>
2	4

[block]
# block no. 10 follows, 22 sequences, length 36
# corresponding to MSA columns:
# 278-313
name=unknown_K
#
# <colnr> <probs for GDERKNQSTAVLIFYWHMCP>
#	G	D	E	R	K	N	Q	S	T	A	V	L	I	F	Y	W	H	M	C	P
0	0.01609	0.01555	0.02738	0.62146	0.05581	0.01872	0.08458	0.02177	0.01692	0.02177	0.01497	0.02217	0.01123	0.00817	0.00846	0.00277	0.01137	0.00763	0.00374	0.00943
1	0.02711	0.03331	0.02146	0.01975	0.02346	0.53875	0.01489	0.02942	0.02146	0.02012	0.01477	0.01859	0.01276	0.01956	0.14411	0.00443	0.01647	0.00608	0.00432	0.00918
2	0.01194	0.00860	0.01181	0.01181	0.01276	0.00955	0.00847	0.01385	0.01290	0.01815	0.02366	0.04043	0.02415	0.29383	0.44822	0.01145	0.01716	0.01004	0.00466	0.00656
3	0.02221	0.71304	0.04353	0.01421	0.02132	0.03287	0.01421	0.02488	0.01688	0.01955	0.01155	0.01333	0.01066	0.00711	0.00533	0.00178	0.00888	0.00444	0.00355	0.01066
4	0.02066	0.01785	0.01878	0.01691	0.02160	0.02066	0.01315	0.04414	0.64121	0.03475	0.03381	0.03099	0.02536	0.01127	0.00845	0.00282	0.00657	0.00939	0.00845	0.01315
5	0.01818	0.01818	0.02545	0.02181	0.02181	0.02545	0.01818	0.01999	0.01272	0.01999	0.01091	0.01818	0.01091	0.01454	0.02726	0.00364	0.69284	0.00727	0.00364	0.00909
6	0.01203	0.00827	0.01015	0.01015	0.01053	0.00865	0.00640	0.01278	0.01240	0.01692	0.02518	0.04883	0.02780	0.54365	0.20340	0.00940	0.01167	0.01127	0.00489	0.00564
7	0.76672	0.01607	0.01221	0.01092	0.01607	0.01864	0.00900	0.02442	0.01414	0.03727	0.01157	0.01350	0.00900	0.00771	0.00514	0.00257	0.00643	0.00450	0.00514	0.00900
8	0.01947	0.02199	0.04669	0.03371	0.04128	0.02145	0.56606	0.02596	0.01893	0.02596	0.01622	0.02199	0.01244	0.00775	0.01153	0.00288	0.08100	0.00955	0.00415	0.01100
9	0.76672	0.01607	0.01221	0.01092	0.01607	0.01864	0.00900	0.02442	0.01414	0.03727	0.01157	0.01350	0.00900	0.00771	0.00514	0.00257	0.00643	0.00450	0.00514	0.00900
10	0.03103	0.03959	0.02354	0.02140	0.02568	0.67469	0.01605	0.03317	0.02354	0.02033	0.01284	0.01498	0.01070	0.00856	0.00749	0.00214	0.01498	0.00535	0.00428	0.00963
11	0.00982	0.00842	0.00842	0.00842	0.01122	0.00701	0.00631	0.01192	0.01894	0.02244	0.08416	0.07995	0.65285	0.02104	0.00982	0.00281	0.00421	0.01753	0.00771	0.00701
12	0.01151	0.00815	0.00890	0.00890	0.00961	0.00779	0.00536	0.01204	0.01382	0.01772	0.04093	0.06087	0.18863	0.53325	0.03402	0.00672	0.00708	0.01347	0.00572	0.00554
13	0.01187	0.00890	0.01335	0.01335	0.01483	0.01038	0.01038	0.01483	0.01335	0.01928	0.02225	0.03264	0.02077	0.06231	0.67512	0.01335	0.02225	0.00890	0.00445	0.00742
14	0.03103	0.03959	0.02354	0.02140	0.02568	0.67469	0.01605	0.03317	0.02354	0.02033	0.01284	0.01498	0.01070	0.00856	0.00749	0.00214	0.01498	0.00535	0.00428	0.00963
15	0.03103	0.03959	0.02354	0.02140	0.02568	0.67469	0.01605	0.03317	0.02354	0.02033	0.01284	0.01498	0.01070	0.00856	0.00749	0.00214	0.01498	0.00535	0.00428	0.00963
16	0.01666	0.04297	0.66500	0.02368	0.03596	0.01929	0.03069	0.02631	0.01754	0.02631	0.01491	0.01754	0.01052	0.00789	0.00789	0.00263	0.01228	0.00614	0.00351	0.01228
17	0.01187	0.00890	0.01335	0.01335	0.01483	0.01038	0.01038	0.01483	0.01335	0.01928	0.02225	0.03264	0.02077	0.06231	0.67512	0.01335	0.02225	0.00890	0.00445	0.00742
18	0.01187	0.00890	0.01335	0.01335	0.01483	0.01038	0.01038	0.01483	0.01335	0.01928	0.02225	0.03264	0.02077	0.06231	0.67512	0.01335	0.02225	0.00890	0.00445	0.00742
19	0.01012	0.00723	0.00964	0.01157	0.01205	0.00675	0.00771	0.01157	0.01591	0.02121	0.04579	0.70262	0.05495	0.02603	0.01060	0.00337	0.00482	0.02362	0.00771	0.00675
20	0.01105	0.00822	0.00877	0.00877	0.01004	0.00758	0.00562	0.01201	0.01520	0.01899	0.05256	0.06601	0.31350	0.39547	0.02751	0.00567	0.00630	0.01456	0.00625	0.00593
21	0.03103	0.03959	0.02354	0.02140	0.02568	0.67469	0.01605	0.03317	0.02354	0.02033	0.01284	0.01498	0.01070	0.00856	0.00749	0.00214	0.01498	0.00535	0.00428	0.00963
22	0.02221	0.71304	0.04353	0.01421	0.02132	0.03287	0.01421	0.02488	0.01688	0.01955	0.01155	0.01333	0.01066	0.00711	0.00533	0.00178	0.00888	0.00444	0.00355	0.01066
23	0.68430	0.01633	0.01362	0.05384	0.01912	0.01897	0.01021	0.05320	0.01549	0.03699	0.01217	0.01435	0.00937	0.00786	0.00549	0.00258	0.00685	0.00482	0.00520	0.00926
24	0.02914	0.01904	0.02136	0.01720	0.02301	0.02045	0.01392	0.32084	0.17984	0.18624	0.02756	0.05962	0.02042	0.01118	0.00847	0.00263	0.00782	0.00897	0.00877	0.01351
25	0.02368	0.01877	0.02033	0.01750	0.02256	0.02113	0.01413	0.25037	0.34900	0.03985	0.03009	0.03473	0.02409	0.01224	0.00877	0.00282	0.00763	0.08120	0.00830	0.01283
26	0.01012	0.00723	0.00964	0.01157	0.01205	0.00675	0.00771	0.01157	0.01591	0.02121	0.04579	0.70262	0.05495	0.02603	0.01060	0.00337	0.00482	0.02362	0.00771	0.00675
27	0.02323	0.02479	0.03113	0.04346	0.49579	0.18638	0.02309	0.02745	0.02009	0.02541	0.01492	0.01914	0.01253	0.00770	0.00804	0.00238	0.01117	0.00688	0.00415	0.01226
28	0.01895	0.01809	0.03080	0.26201	0.45782	0.01931	0.02469	0.02408	0.01815	0.02518	0.01534	0.02109	0.01247	0.00770	0.00825	0.00257	0.01027	0.00740	0.00397	0.01186
29	0.02056	0.01974	0.03372	0.05099	0.65622	0.01974	0.02550	0.02550	0.01892	0.02714	0.01563	0.02056	0.01316	0.00740	0.00822	0.00247	0.00987	0.00740	0.00411	0.01316
30	0.01957	0.01873	0.03193	0.18033	0.53461	0.01948	0.02500	0.02463	0.01845	0.02594	0.01545	0.02088	0.01274	0.00759	0.00824	0.00253	0.01011	0.00740	0.00403	0.01236
31	0.01275	0.00941	0.01223	0.01362	0.01541	0.00935	0.01106	0.01695	0.05715	0.02404	0.04689	0.20956	0.10882	0.05829	0.01254	0.00379	0.00668	0.35626	0.00758	0.00761
32	0.01445	0.01292	0.02063	0.05042	0.02158	0.01569	0.07578	0.01766	0.01399	0.02031	0.01845	0.02741	0.01696	0.04189	0.41010	0.00929	0.19149	0.00850	0.00418	0.00832
33	0.01341	0.01133	0.01464	0.01431	0.01589	0.05291	0.01116	0.01626	0.01396	0.01939	0.02105	0.03075	0.01961	0.05636	0.59833	0.01212	0.05789	0.00859	0.00440	0.00765
34	0.55067	0.01600	0.01461	0.01230	0.01784	0.01748	0.01015	0.06167	0.01783	0.18834	0.01713	0.01741	0.01206	0.00845	0.00609	0.00257	0.00673	0.00559	0.00655	0.01052
35	0.02662	0.02613	0.02769	0.06719	0.25348	0.20555	0.01974	0.21234	0.02627	0.03264	0.01612	0.01889	0.01265	0.00856	0.00805	0.00240	0.01115	0.00685	0.00542	0.01225

[dist]
# distance from previous block
# <min> <max>
0	2

[block]
# block no. 11 follows, 22 sequences, length 10
# corresponding to MSA columns:
# 316-325
name=unknown_L
#
# <colnr> <probs for GDERKNQSTAVLIFYWHMCP>
#	G	D	E	R	K	N	Q	S	T	A	V	L	I	F	Y	W	H	M	C	P
0	0.08486	0.02146	0.02256	0.01758	0.02379	0.02362	0.01447	0.53040	0.03547	0.04866	0.02482	0.02460	0.06845	0.01075	0.00820	0.00253	0.00852	0.00812	0.00802	0.01313
1	0.01361	0.00945	0.01076	0.01026	0.01111	0.00972	0.00649	0.06511	0.01487	0.01983	0.02838	0.05088	0.06110	0.55548	0.09279	0.00776	0.00918	0.01170	0.00541	0.00613
2	0.01743	0.01695	0.02997	0.44501	0.21503	0.01909	0.09164	0.02297	0.01756	0.02341	0.01522	0.02176	0.01180	0.00792	0.00845	0.00269	0.01108	0.00766	0.00386	0.01050
3	0.02727	0.02113	0.02251	0.01824	0.02412	0.02375	0.01475	0.39789	0.27671	0.04541	0.02542	0.02431	0.01856	0.01048	0.00837	0.00262	0.00813	0.00823	0.00837	0.01374
4	0.02196	0.08035	0.14728	0.11623	0.26142	0.18369	0.02295	0.02697	0.01937	0.02397	0.01439	0.01827	0.01161	0.00787	0.00777	0.00240	0.01167	0.00643	0.00395	0.01143
5	0.02796	0.02056	0.02235	0.01784	0.02345	0.02255	0.01443	0.52443	0.03515	0.04710	0.02431	0.13512	0.02101	0.01268	0.00870	0.00264	0.00841	0.01020	0.00821	0.01288
6	0.15603	0.01743	0.02865	0.30729	0.18426	0.01921	0.12276	0.02370	0.01719	0.02645	0.01472	0.02023	0.01143	0.00777	0.00796	0.00267	0.01044	0.00726	0.00414	0.01042
7	0.03158	0.02327	0.02493	0.01911	0.02576	0.02576	0.01579	0.62852	0.03906	0.05236	0.01995	0.01995	0.01413	0.00997	0.00831	0.00249	0.00914	0.00748	0.00831	0.01413
8	0.01670	0.01634	0.02371	0.02381	0.12143	0.08848	0.11726	0.02056	0.01643	0.02187	0.01923	0.02703	0.01706	0.03831	0.38311	0.00860	0.01810	0.00842	0.00434	0.00921
9	0.02861	0.04016	0.13176	0.02179	0.02742	0.56412	0.01852	0.03201	0.02253	0.02134	0.01319	0.01541	0.01067	0.00845	0.00756	0.00222	0.01453	0.00548	0.00415	0.01008

[dist]
# distance from previous block
# <min> <max>
8	12

[block]
# block no. 12 follows, 22 sequences, length 20
# corresponding to MSA columns:
# 338-357
name=unknown_M
#
# <colnr> <probs for GDERKNQSTAVLIFYWHMCP>
#	G	D	E	R	K	N	Q	S	T	A	V	L	I	F	Y	W	H	M	C	P
0	0.01719	0.01578	0.02630	0.31596	0.28579	0.01736	0.02228	0.02218	0.01797	0.02421	0.02037	0.03443	0.01852	0.01059	0.00885	0.00284	0.00998	0.11432	0.00457	0.01049
1	0.01690	0.01641	0.02367	0.21951	0.26762	0.05777	0.01901	0.02102	0.01839	0.02366	0.03191	0.07148	0.15505	0.01176	0.00868	0.00266	0.00902	0.01039	0.00499	0.01011
2	0.05253	0.15794	0.02045	0.01415	0.01687	0.04348	0.01160	0.01815	0.01480	0.02056	0.02108	0.10572	0.02102	0.03806	0.34826	0.00804	0.06513	0.00924	0.00462	0.00831
3	0.02695	0.02091	0.02293	0.10449	0.02793	0.04977	0.01557	0.44837	0.03240	0.04281	0.02101	0.06578	0.01717	0.05294	0.01048	0.00291	0.00929	0.00869	0.00731	0.01228
4	0.02937	0.02736	0.02395	0.01977	0.02488	0.23177	0.01579	0.36051	0.03077	0.03797	0.01709	0.01885	0.01311	0.01248	0.04263	0.00301	0.06539	0.00686	0.00647	0.01197
5	0.01569	0.01477	0.02492	0.68808	0.05722	0.01846	0.02307	0.02123	0.01661	0.02123	0.01477	0.02215	0.01107	0.00831	0.00831	0.00277	0.01107	0.00738	0.00369	0.00923
6	0.02547	0.03048	0.02418	0.16244	0.03165	0.41884	0.01792	0.02827	0.02013	0.02046	0.01290	0.01707	0.01082	0.00959	0.01123	0.00254	0.13641	0.00613	0.00404	0.00945
7	0.24761	0.13555	0.05771	0.01632	0.02164	0.29316	0.01375	0.02733	0.01902	0.02577	0.01757	0.01915	0.05694	0.00895	0.00664	0.00229	0.01053	0.00588	0.00463	0.00956
8	0.01530	0.01396	0.02175	0.22218	0.22821	0.01465	0.01803	0.01949	0.01827	0.02382	0.03792	0.04577	0.19829	0.01322	0.00905	0.00280	0.00837	0.07386	0.00539	0.00966
9	0.01264	0.00855	0.01165	0.01165	0.01303	0.00954	0.00876	0.01540	0.01402	0.02127	0.02375	0.03510	0.02209	0.13491	0.45643	0.01033	0.01666	0.00907	0.15797	0.00718
10	0.02404	0.01816	0.02560	0.12218	0.24290	0.01932	0.01892	0.10946	0.16415	0.13456	0.02301	0.02434	0.01698	0.00921	0.00832	0.00261	0.00874	0.00802	0.00659	0.01289
11	0.06201	0.01674	0.05904	0.04933	0.05671	0.05532	0.01355	0.02507	0.04072	0.15274	0.06565	0.03165	0.08782	0.01812	0.10194	0.00396	0.03761	0.00872	0.00633	0.10698
12	0.02280	0.02349	0.02293	0.05258	0.02468	0.18303	0.01624	0.06906	0.20543	0.02661	0.01900	0.02154	0.01540	0.01150	0.01465	0.00291	0.24441	0.00745	0.00554	0.01076
13	0.02902	0.29935	0.03043	0.01701	0.02291	0.26544	0.01442	0.03162	0.02097	0.17110	0.01702	0.01746	0.01301	0.00839	0.00684	0.00210	0.01071	0.00570	0.00541	0.01110
14	0.27143	0.01591	0.01732	0.01781	0.08395	0.05584	0.01283	0.02337	0.01804	0.08003	0.13568	0.03352	0.02763	0.01213	0.01024	0.00281	0.09564	0.07010	0.00620	0.00953
15	0.02047	0.02114	0.02356	0.02538	0.15535	0.13823	0.01697	0.02715	0.13587	0.02466	0.02533	0.02790	0.09059	0.01211	0.01403	0.00286	0.21400	0.00858	0.00525	0.01057
16	0.06663	0.01439	0.02058	0.02089	0.13385	0.01374	0.06203	0.02294	0.01916	0.13380	0.07213	0.03950	0.19145	0.01243	0.00968	0.00255	0.05091	0.01046	0.00655	0.09634
17	0.12080	0.02387	0.02667	0.07235	0.29032	0.16175	0.01947	0.13304	0.02271	0.03107	0.01521	0.01843	0.01214	0.00820	0.00769	0.00243	0.01047	0.00660	0.00500	0.01179
18	0.02364	0.02610	0.17504	0.02414	0.11493	0.04754	0.02021	0.26804	0.06670	0.03700	0.02162	0.02876	0.01774	0.01070	0.00855	0.00269	0.00988	0.07784	0.00636	0.01254
19	0.02154	0.06408	0.06187	0.15196	0.16408	0.02167	0.01916	0.13903	0.20825	0.03232	0.02139	0.02325	0.01629	0.00920	0.00812	0.00260	0.00905	0.00775	0.00602	0.01238

[dist]
# distance from previous block
# <min> <max>
31	167

[block]
# block no. 13 follows, 22 sequences, length 13
# corresponding to MSA columns:
# 546-558
name=unknown_N
#
# <colnr> <probs for GDERKNQSTAVLIFYWHMCP>
#	G	D	E	R	K	N	Q	S	T	A	V	L	I	F	Y	W	H	M	C	P
0	0.01809	0.05789	0.10923	0.25105	0.22409	0.02106	0.02334	0.02310	0.01668	0.02330	0.01413	0.01986	0.01157	0.00911	0.01170	0.00277	0.14137	0.00705	0.00378	0.01083
1	0.08211	0.02458	0.18559	0.07689	0.13720	0.02083	0.04942	0.10391	0.01920	0.02876	0.01527	0.02051	0.01248	0.04293	0.01326	0.00305	0.14113	0.00716	0.00453	0.01116
2	0.02456	0.02237	0.02323	0.02297	0.12474	0.14441	0.03912	0.22769	0.07497	0.03462	0.02674	0.02779	0.08728	0.01051	0.00817	0.00245	0.00936	0.00846	0.06896	0.01158
3	0.02300	0.09187	0.02344	0.27394	0.03452	0.11501	0.01655	0.02784	0.04642	0.15105	0.04969	0.02427	0.01740	0.00925	0.00778	0.00247	0.00958	0.00744	0.05806	0.01042
4	0.15271	0.05986	0.01993	0.01585	0.02073	0.21290	0.01258	0.02732	0.06439	0.05624	0.02025	0.02170	0.05721	0.00951	0.00862	0.00225	0.06628	0.00652	0.00530	0.15984
5	0.02568	0.05104	0.05006	0.01761	0.02263	0.25559	0.01438	0.21934	0.02733	0.03292	0.08972	0.02783	0.07314	0.01092	0.00805	0.00236	0.01016	0.00820	0.04230	0.01073
6	0.09016	0.02054	0.02195	0.01762	0.02337	0.02265	0.01448	0.49003	0.03389	0.04690	0.02282	0.07258	0.01903	0.01186	0.00844	0.00266	0.00850	0.05185	0.00796	0.01271
7	0.01187	0.00890	0.01335	0.01335	0.01483	0.01038	0.01038	0.01483	0.01335	0.01928	0.02225	0.03264	0.02077	0.06231	0.67512	0.01335	0.02225	0.00890	0.00445	0.00742
8	0.01851	0.08873	0.02269	0.09593	0.12050	0.01763	0.01515	0.14570	0.02080	0.02801	0.02328	0.15327	0.02260	0.02407	0.16013	0.00508	0.01160	0.01055	0.00565	0.01012
9	0.26967	0.21960	0.09371	0.01596	0.02239	0.14905	0.01474	0.08194	0.01936	0.02928	0.01293	0.01476	0.01042	0.00793	0.00623	0.00226	0.00963	0.00509	0.00465	0.01041
10	0.02010	0.05553	0.12146	0.03686	0.37947	0.02053	0.02265	0.03020	0.17279	0.02855	0.01983	0.02237	0.01568	0.00842	0.00810	0.00254	0.00935	0.00757	0.00507	0.01291
11	0.07539	0.01114	0.01383	0.14819	0.02263	0.01149	0.01141	0.01851	0.04662	0.05440	0.11204	0.05790	0.29118	0.01623	0.00917	0.00286	0.00636	0.07530	0.00697	0.00837
12	0.02487	0.02472	0.02595	0.09953	0.21557	0.20036	0.01883	0.17555	0.02494	0.03054	0.02087	0.02340	0.05943	0.00945	0.00817	0.00244	0.01081	0.00760	0.00542	0.01156

[dist]
# distance from previous block
# <min> <max>
6	47

[block]
# block no. 14 follows, 22 sequences, length 14
# corresponding to MSA columns:
# 610-623
name=unknown_O
#
# <colnr> <probs for GDERKNQSTAVLIFYWHMCP>
#	G	D	E	R	K	N	Q	S	T	A	V	L	I	F	Y	W	H	M	C	P
0	0.01891	0.01517	0.02146	0.33340	0.06665	0.01745	0.01739	0.09368	0.10620	0.06201	0.02201	0.06160	0.01859	0.09531	0.01259	0.00339	0.00926	0.00912	0.00564	0.01016
1	0.20336	0.05084	0.02487	0.14986	0.18401	0.02152	0.01782	0.19278	0.02286	0.03518	0.01550	0.01864	0.01192	0.00835	0.00738	0.00252	0.00901	0.00658	0.00543	0.01157
2	0.10296	0.08811	0.02371	0.01834	0.02349	0.29582	0.01456	0.22713	0.02666	0.03261	0.01706	0.06034	0.01449	0.00993	0.00754	0.00235	0.01101	0.00706	0.00586	0.01096
3	0.02313	0.02036	0.02724	0.19082	0.16938	0.05846	0.05814	0.23777	0.02580	0.03390	0.02120	0.02429	0.05330	0.00944	0.00843	0.00257	0.01011	0.00810	0.00574	0.01182
4	0.11269	0.01417	0.01406	0.01309	0.01594	0.08286	0.01010	0.07219	0.01855	0.02683	0.08649	0.03590	0.09070	0.06295	0.25730	0.00677	0.01291	0.00941	0.04875	0.00836
5	0.07389	0.01951	0.02110	0.01688	0.02240	0.02133	0.01366	0.42618	0.05477	0.04354	0.02142	0.05846	0.01741	0.03819	0.06702	0.00361	0.00957	0.00835	0.00744	0.05527
6	0.02585	0.02044	0.02178	0.01778	0.02289	0.04993	0.01440	0.38647	0.11335	0.04137	0.02475	0.02587	0.05021	0.01730	0.09075	0.00392	0.04482	0.00834	0.00742	0.01235
7	0.01501	0.18278	0.02193	0.10326	0.02147	0.01686	0.01247	0.01791	0.01527	0.02028	0.05645	0.07208	0.02302	0.09251	0.26517	0.00708	0.03443	0.00912	0.00463	0.00828
8	0.01882	0.02336	0.13672	0.01835	0.05366	0.14683	0.01585	0.07515	0.04140	0.02758	0.12021	0.04230	0.13067	0.01559	0.03850	0.00313	0.00974	0.06611	0.00619	0.00983
9	0.02298	0.15891	0.03870	0.02594	0.03253	0.21099	0.29980	0.02753	0.01988	0.02305	0.01495	0.01908	0.01213	0.01047	0.04432	0.00299	0.01375	0.00745	0.00411	0.01044
10	0.02285	0.02018	0.03080	0.09836	0.44941	0.02111	0.02290	0.17330	0.02367	0.03282	0.01661	0.02055	0.01322	0.00811	0.00825	0.00250	0.00979	0.00742	0.00511	0.01306
11	0.01936	0.01852	0.03156	0.20753	0.50904	0.01942	0.02490	0.02445	0.01835	0.02569	0.01541	0.02095	0.01265	0.00762	0.00824	0.00254	0.01017	0.00740	0.00401	0.01219
