[name]
unknown

[dist]
# distance from previous block
# <min> <max>
0	9

[block]
# block no. 0 follows, 22 sequences, length 8
# corresponding to MSA columns:
# 9-16
name=unknown_A
#
# <colnr> <probs for GDERKNQSTAVLIFYWHMCP>
#	G	D	E	R	K	N	Q	S	T	A	V	L	I	F	Y	W	H	M	C	P
0	0.01442	0.01102	0.01631	0.02042	0.10897	0.01102	0.01513	0.01840	0.01909	0.02519	0.03991	0.08320	0.04283	0.02072	0.01101	0.00363	0.00797	0.51516	0.00714	0.00844
1	0.01399	0.01541	0.07448	0.01586	0.07021	0.06605	0.01231	0.01759	0.01999	0.02519	0.15519	0.06260	0.30150	0.01720	0.00954	0.00282	0.00680	0.09785	0.00696	0.00847
2	0.02093	0.02314	0.01644	0.01543	0.01825	0.32347	0.01139	0.02303	0.01909	0.02064	0.02761	0.03405	0.10822	0.11873	0.12524	0.00495	0.01287	0.00883	0.05962	0.00809
3	0.02643	0.02549	0.02397	0.08261	0.02733	0.21064	0.01666	0.25690	0.02643	0.03267	0.01679	0.04777	0.01399	0.01098	0.01182	0.00268	0.14244	0.00751	0.00579	0.01109
4	0.01613	0.06493	0.01569	0.01403	0.01618	0.10532	0.01038	0.07364	0.01937	0.02404	0.03611	0.46312	0.04129	0.02052	0.00960	0.00302	0.00709	0.04438	0.00697	0.00817
5	0.02323	0.01834	0.04329	0.01901	0.08679	0.12426	0.01389	0.04741	0.02043	0.18867	0.03198	0.03518	0.10931	0.02275	0.15174	0.00488	0.01184	0.02992	0.00658	0.01051
6	0.01864	0.01294	0.01453	0.01316	0.01686	0.01309	0.01011	0.11054	0.14936	0.10842	0.04999	0.18865	0.22551	0.01718	0.00931	0.00286	0.00589	0.01459	0.00827	0.01012
7	0.01846	0.01732	0.02901	0.03818	0.41202	0.01782	0.07113	0.02224	0.01698	0.02412	0.01759	0.02778	0.01658	0.15849	0.01728	0.00379	0.06742	0.00860	0.00428	0.01091

[dist]
# distance from previous block
# <min> <max>
4	7

[block]
# block no. 1 follows, 22 sequences, length 8
# corresponding to MSA columns:
# 24-31
name=unknown_B
#
# <colnr> <probs for GDERKNQSTAVLIFYWHMCP>
#	G	D	E	R	K	N	Q	S	T	A	V	L	I	F	Y	W	H	M	C	P
0	0.06513	0.01093	0.01372	0.01238	0.01460	0.01163	0.00970	0.01804	0.02060	0.06809	0.40109	0.05158	0.12482	0.01602	0.01227	0.00280	0.11742	0.01292	0.00787	0.00841
1	0.01485	0.00843	0.00985	0.00955	0.01156	0.00842	0.00716	0.01814	0.01745	0.05912	0.10190	0.03990	0.07463	0.06928	0.12919	0.00458	0.00765	0.00983	0.39076	0.00777
2	0.01053	0.00775	0.01045	0.01173	0.01267	0.00768	0.00825	0.01241	0.01554	0.02084	0.04335	0.48055	0.09965	0.03461	0.17583	0.00581	0.00910	0.01941	0.00690	0.00694
3	0.01102	0.00799	0.00952	0.01035	0.01133	0.00751	0.00701	0.01235	0.01558	0.02009	0.04757	0.28596	0.18012	0.25642	0.02128	0.00488	0.00604	0.07187	0.00680	0.00631
4	0.01148	0.00845	0.00983	0.01046	0.01147	0.00820	0.00686	0.01400	0.05697	0.02051	0.04483	0.31346	0.15133	0.26874	0.02168	0.00491	0.00599	0.01744	0.00680	0.00661
5	0.16273	0.01254	0.01324	0.01212	0.01580	0.01304	0.00948	0.02607	0.13412	0.12771	0.03661	0.04333	0.12152	0.09255	0.01189	0.00333	0.00625	0.06456	0.08353	0.00956
6	0.01395	0.01112	0.01183	0.01192	0.01319	0.07054	0.00847	0.01596	0.01492	0.02048	0.02662	0.13720	0.02751	0.21300	0.25409	0.00783	0.01267	0.01145	0.11030	0.00695
7	0.01440	0.00947	0.01056	0.01003	0.01220	0.00919	0.00715	0.01829	0.07252	0.06804	0.08670	0.05425	0.21469	0.21935	0.04441	0.00459	0.00637	0.01263	0.11752	0.00766

[dist]
# distance from previous block
# <min> <max>
13	45

[block]
# block no. 2 follows, 22 sequences, length 146
# corresponding to MSA columns:
# 80-225
name=unknown_C
#
# <colnr> <probs for GDERKNQSTAVLIFYWHMCP>
#	G	D	E	R	K	N	Q	S	T	A	V	L	I	F	Y	W	H	M	C	P
0	0.09263	0.02467	0.02138	0.01984	0.05559	0.21067	0.01495	0.18476	0.15841	0.03391	0.02225	0.02760	0.01835	0.01079	0.00813	0.00260	0.00993	0.06547	0.00660	0.01146
1	0.02686	0.25149	0.02928	0.01822	0.02370	0.40496	0.01485	0.02932	0.02080	0.02075	0.01262	0.01468	0.01085	0.00786	0.00667	0.00193	0.01217	0.00502	0.00411	0.08385
2	0.01666	0.04297	0.66500	0.02368	0.03596	0.01929	0.03069	0.02631	0.01754	0.02631	0.01491	0.01754	0.01052	0.00789	0.00789	0.00263	0.01228	0.00614	0.00351	0.01228
3	0.01297	0.01109	0.01324	0.03776	0.01669	0.01006	0.03318	0.04300	0.05090	0.02501	0.06035	0.12332	0.39790	0.01751	0.00921	0.00264	0.00553	0.01489	0.00711	0.10766
4	0.01204	0.00823	0.00997	0.00997	0.01028	0.00855	0.00616	0.01266	0.01235	0.01678	0.02535	0.04977	0.02821	0.57160	0.17600	0.00917	0.01105	0.01141	0.00491	0.00554
5	0.03146	0.02672	0.02464	0.01960	0.02575	0.16288	0.01585	0.50273	0.03578	0.04559	0.01844	0.01890	0.01340	0.00967	0.00814	0.00242	0.01038	0.00703	0.00746	0.01318
6	0.02137	0.01957	0.03367	0.04843	0.59653	0.01941	0.05165	0.02631	0.01919	0.05942	0.01655	0.02104	0.01351	0.00753	0.00830	0.00249	0.00991	0.00756	0.00443	0.01312
7	0.01187	0.00890	0.01335	0.01335	0.01483	0.01038	0.01038	0.01483	0.01335	0.01928	0.02225	0.03264	0.02077	0.06231	0.67512	0.01335	0.02225	0.00890	0.00445	0.00742
8	0.00998	0.00810	0.00885	0.00934	0.01149	0.00697	0.00675	0.01197	0.01830	0.02253	0.09583	0.24703	0.46948	0.02223	0.01003	0.00295	0.00436	0.01907	0.00777	0.00697
9	0.76672	0.01607	0.01221	0.01092	0.01607	0.01864	0.00900	0.02442	0.01414	0.03727	0.01157	0.01350	0.00900	0.00771	0.00514	0.00257	0.00643	0.00450	0.00514	0.00900
10	0.02008	0.01925	0.03285	0.11383	0.59714	0.01961	0.02526	0.02507	0.01869	0.02656	0.01554	0.02072	0.01295	0.00749	0.00823	0.00250	0.00999	0.00740	0.00407	0.01277
11	0.76672	0.01607	0.01221	0.01092	0.01607	0.01864	0.00900	0.02442	0.01414	0.03727	0.01157	0.01350	0.00900	0.00771	0.00514	0.00257	0.00643	0.00450	0.00514	0.00900
12	0.01187	0.00890	0.01335	0.01335	0.01483	0.01038	0.01038	0.01483	0.01335	0.01928	0.02225	0.03264	0.02077	0.06231	0.67512	0.01335	0.02225	0.00890	0.00445	0.00742
13	0.02266	0.67878	0.04252	0.01458	0.02154	0.06553	0.01431	0.02530	0.01722	0.01959	0.01162	0.01341	0.01066	0.00718	0.00544	0.00180	0.00919	0.00449	0.00359	0.01061
14	0.00982	0.00842	0.00842	0.00842	0.01122	0.00701	0.00631	0.01192	0.01894	0.02244	0.08416	0.07995	0.65285	0.02104	0.00982	0.00281	0.00421	0.01753	0.00771	0.00701
15	0.01081	0.00772	0.01043	0.01236	0.01314	0.00734	0.00891	0.01276	0.01659	0.02198	0.04541	0.57396	0.05344	0.02538	0.01079	0.00347	0.00542	0.14547	0.00770	0.00694
16	0.01208	0.00805	0.00906	0.00906	0.00906	0.00805	0.00503	0.01208	0.01208	0.01611	0.02618	0.05436	0.03020	0.70804	0.04228	0.00805	0.00805	0.01208	0.00503	0.00503
17	0.76672	0.01607	0.01221	0.01092	0.01607	0.01864	0.00900	0.02442	0.01414	0.03727	0.01157	0.01350	0.00900	0.00771	0.00514	0.00257	0.00643	0.00450	0.00514	0.00900
18	0.01241	0.00854	0.01282	0.01282	0.01399	0.00971	0.00971	0.01399	0.01282	0.01826	0.02060	0.03108	0.01943	0.05524	0.53933	0.17076	0.01907	0.00854	0.00427	0.00661
19	0.01723	0.01477	0.01723	0.01230	0.01969	0.01107	0.00984	0.02092	0.01723	0.02707	0.01477	0.01723	0.01230	0.00615	0.00615	0.00123	0.00615	0.00492	0.00492	0.75883
20	0.01012	0.00723	0.00964	0.01157	0.01205	0.00675	0.00771	0.01157	0.01591	0.02121	0.04579	0.70262	0.05495	0.02603	0.01060	0.00337	0.00482	0.02362	0.00771	0.00675
21	0.01723	0.01477	0.01723	0.01230	0.01969	0.01107	0.00984	0.02092	0.01723	0.02707	0.01477	0.01723	0.01230	0.00615	0.00615	0.00123	0.00615	0.00492	0.00492	0.75883
22	0.03103	0.03959	0.02354	0.02140	0.02568	0.67469	0.01605	0.03317	0.02354	0.02033	0.01284	0.01498	0.01070	0.00856	0.00749	0.00214	0.01498	0.00535	0.00428	0.00963
23	0.03103	0.03959	0.02354	0.02140	0.02568	0.67469	0.01605	0.03317	0.02354	0.02033	0.01284	0.01498	0.01070	0.00856	0.00749	0.00214	0.01498	0.00535	0.00428	0.00963
24	0.01666	0.04297	0.66500	0.02368	0.03596	0.01929	0.03069	0.02631	0.01754	0.02631	0.01491	0.01754	0.01052	0.00789	0.00789	0.00263	0.01228	0.00614	0.00351	0.01228
25	0.01012	0.00723	0.00964	0.01157	0.01205	0.00675	0.00771	0.01157	0.01591	0.02121	0.04579	0.70262	0.05495	0.02603	0.01060	0.00337	0.00482	0.02362	0.00771	0.00675
26	0.01499	0.01503	0.01257	0.01188	0.01470	0.14839	0.00891	0.01774	0.02153	0.02585	0.27051	0.05987	0.31333	0.01696	0.00932	0.00260	0.00638	0.01407	0.00750	0.00786
27	0.01820	0.15086	0.53614	0.02205	0.03314	0.05077	0.02738	0.02638	0.01770	0.02495	0.01427	0.01675	0.01055	0.00780	0.00746	0.00247	0.01185	0.00583	0.00355	0.01190
28	0.02221	0.71304	0.04353	0.01421	0.02132	0.03287	0.01421	0.02488	0.01688	0.01955	0.01155	0.01333	0.01066	0.00711	0.00533	0.00178	0.00888	0.00444	0.00355	0.01066
29	0.01702	0.01369	0.01599	0.01187	0.01841	0.01049	0.00944	0.02051	0.01802	0.05623	0.05251	0.02728	0.09257	0.00862	0.00686	0.00154	0.00586	0.00705	0.00570	0.60034
30	0.76672	0.01607	0.01221	0.01092	0.01607	0.01864	0.00900	0.02442	0.01414	0.03727	0.01157	0.01350	0.00900	0.00771	0.00514	0.00257	0.00643	0.00450	0.00514	0.00900
31	0.01194	0.00808	0.00902	0.00902	0.00920	0.00799	0.00511	0.01207	0.01252	0.01651	0.02986	0.05599	0.06975	0.66441	0.04022	0.00772	0.00781	0.01243	0.00520	0.00516
32	0.01850	0.01764	0.03000	0.31988	0.40341	0.01920	0.02447	0.02369	0.01794	0.02464	0.01526	0.02123	0.01228	0.00778	0.00826	0.00259	0.01038	0.00739	0.00393	0.01150
33	0.02038	0.06864	0.41674	0.02671	0.12213	0.15303	0.02625	0.02752	0.01893	0.02491	0.01444	0.01727	0.01094	0.00792	0.00775	0.00247	0.01233	0.00608	0.00375	0.01179
34	0.01347	0.02320	0.28989	0.01570	0.02223	0.01257	0.01730	0.01948	0.02006	0.02817	0.26759	0.04658	0.16292	0.01390	0.00899	0.00266	0.00755	0.01172	0.00645	0.00957
35	0.00982	0.00842	0.00842	0.00842	0.01122	0.00701	0.00631	0.01192	0.01894	0.02244	0.08416	0.07995	0.65285	0.02104	0.00982	0.00281	0.00421	0.01753	0.00771	0.00701
36	0.01135	0.00810	0.00892	0.00905	0.00983	0.00769	0.00555	0.01201	0.01416	0.01813	0.04296	0.10240	0.19865	0.48060	0.03157	0.00635	0.00682	0.01427	0.00592	0.00567
37	0.02312	0.64327	0.04146	0.01496	0.02177	0.09937	0.01440	0.02574	0.01757	0.01963	0.01168	0.01350	0.01067	0.00726	0.00555	0.00181	0.00952	0.00454	0.00363	0.01055
38	0.02066	0.01785	0.01878	0.01691	0.02160	0.02066	0.01315	0.04414	0.64121	0.03475	0.03381	0.03099	0.02536	0.01127	0.00845	0.00282	0.00657	0.00939	0.00845	0.01315
39	0.01931	0.01860	0.03222	0.27198	0.23581	0.01997	0.14690	0.06282	0.05901	0.02696	0.01698	0.02214	0.01313	0.00805	0.00860	0.00267	0.01090	0.00802	0.00452	0.01141
40	0.02678	0.03132	0.02082	0.01915	0.02288	0.47315	0.01431	0.08744	0.02350	0.02367	0.02033	0.15707	0.02015	0.01230	0.00821	0.00243	0.01231	0.00932	0.00538	0.00948
41	0.02921	0.02513	0.02286	0.01864	0.02427	0.16117	0.01492	0.39770	0.10368	0.04224	0.02048	0.02085	0.01514	0.00981	0.00800	0.00242	0.00975	0.00727	0.05379	0.01267
42	0.01029	0.00816	0.00925	0.00956	0.01166	0.00712	0.00695	0.01262	0.01919	0.02442	0.19316	0.21817	0.39740	0.02133	0.00999	0.00289	0.00429	0.01840	0.00801	0.00712
43	0.02385	0.53912	0.06714	0.01617	0.02291	0.16937	0.01535	0.02671	0.01833	0.02002	0.01198	0.01387	0.01066	0.00745	0.00591	0.00189	0.01034	0.00471	0.00371	0.01051
44	0.01487	0.01410	0.01380	0.01326	0.01560	0.11688	0.01026	0.01779	0.01950	0.02452	0.20962	0.05288	0.18037	0.02649	0.15092	0.00499	0.04047	0.05913	0.00668	0.00789
45	0.00992	0.00842	0.00856	0.00852	0.01128	0.00706	0.00639	0.01212	0.01917	0.02301	0.11384	0.07901	0.62281	0.02083	0.00982	0.00280	0.00419	0.01740	0.00779	0.00706
46	0.02998	0.02982	0.02713	0.02188	0.02776	0.28975	0.08607	0.31661	0.03050	0.03634	0.01669	0.01820	0.01256	0.00906	0.00815	0.00238	0.01208	0.00688	0.00620	0.01196
47	0.02220	0.07922	0.26998	0.02528	0.03377	0.22263	0.17766	0.02841	0.01988	0.02411	0.01454	0.01773	0.01112	0.00782	0.00810	0.00247	0.01334	0.00673	0.00393	0.01108
48	0.01841	0.05533	0.01697	0.01455	0.01734	0.22285	0.01106	0.02115	0.02011	0.02388	0.21449	0.03886	0.06881	0.06722	0.14789	0.00499	0.01177	0.01006	0.00599	0.00825
49	0.02226	0.01136	0.01435	0.01220	0.01631	0.01025	0.00963	0.02676	0.06191	0.28571	0.24503	0.05009	0.16990	0.01474	0.00913	0.00265	0.00542	0.01248	0.00927	0.01056
50	0.01549	0.00774	0.00774	0.00774	0.00968	0.00774	0.00581	0.01936	0.01742	0.03097	0.02710	0.03097	0.02129	0.00968	0.00581	0.00194	0.00387	0.00774	0.75416	0.00774
51	0.01924	0.01957	0.03309	0.03397	0.22997	0.02268	0.14915	0.02316	0.01617	0.02369	0.01367	0.01984	0.01199	0.01065	0.01746	0.00308	0.33003	0.00785	0.00391	0.01084
52	0.01931	0.01846	0.03146	0.21421	0.50276	0.01941	0.02487	0.02440	0.01833	0.02563	0.01541	0.02097	0.01262	0.00763	0.00825	0.00254	0.01018	0.00740	0.00400	0.01215
53	0.13956	0.32146	0.29778	0.01763	0.02658	0.02492	0.02025	0.02540	0.01671	0.02522	0.01295	0.01511	0.01034	0.00753	0.00637	0.00226	0.00990	0.00516	0.00379	0.01107
54	0.01666	0.04297	0.66500	0.02368	0.03596	0.01929	0.03069	0.02631	0.01754	0.02631	0.01491	0.01754	0.01052	0.00789	0.00789	0.00263	0.01228	0.00614	0.00351	0.01228
55	0.01187	0.00890	0.01335	0.01335	0.01483	0.01038	0.01038	0.01483	0.01335	0.01928	0.02225	0.03264	0.02077	0.06231	0.67512	0.01335	0.02225	0.00890	0.00445	0.00742
56	0.01179	0.00805	0.00955	0.00964	0.01009	0.00786	0.00592	0.01276	0.01488	0.02024	0.15726	0.13049	0.04297	0.48732	0.03195	0.00640	0.00683	0.01401	0.00619	0.00581
57	0.02661	0.16876	0.03070	0.02710	0.19049	0.19993	0.01809	0.18587	0.02503	0.03037	0.01517	0.01741	0.01224	0.00833	0.00745	0.00224	0.01085	0.00626	0.00515	0.01195
58	0.01198	0.00819	0.00972	0.00951	0.01014	0.00798	0.00593	0.01323	0.01575	0.02163	0.22695	0.05683	0.04566	0.48628	0.03186	0.00631	0.00673	0.01303	0.00635	0.00593
59	0.01025	0.00837	0.00906	0.00902	0.01152	0.00718	0.00671	0.01271	0.01976	0.02472	0.20425	0.10920	0.49748	0.02043	0.00986	0.00279	0.00418	0.01732	0.00802	0.00718
60	0.01721	0.08338	0.59392	0.02450	0.06697	0.02016	0.02940	0.02618	0.01757	0.02593	0.01474	0.01743	0.01067	0.00782	0.00775	0.00257	0.01194	0.00610	0.00354	0.01222
61	0.25241	0.41298	0.03147	0.01396	0.02026	0.06789	0.01282	0.06359	0.01786	0.02713	0.01217	0.01390	0.01037	0.00757	0.00560	0.00209	0.00852	0.00471	0.00439	0.01031
62	0.00982	0.00842	0.00842	0.00842	0.01122	0.00701	0.00631	0.01192	0.01894	0.02244	0.08416	0.07995	0.65285	0.02104	0.00982	0.00281	0.00421	0.01753	0.00771	0.00701
63	0.03103	0.03959	0.02354	0.02140	0.02568	0.67469	0.01605	0.03317	0.02354	0.02033	0.01284	0.01498	0.01070	0.00856	0.00749	0.00214	0.01498	0.00535	0.00428	0.00963
64	0.02268	0.67725	0.04247	0.01460	0.02155	0.06699	0.01431	0.02532	0.01723	0.01959	0.01162	0.01341	0.01066	0.00718	0.00545	0.00180	0.00921	0.00449	0.00359	0.01061
65	0.01136	0.00848	0.01055	0.01003	0.01217	0.00767	0.00752	0.01490	0.02257	0.03108	0.53494	0.06574	0.19668	0.01782	0.00980	0.00265	0.00398	0.01554	0.00885	0.00767
66	0.17612	0.01495	0.01638	0.01490	0.01944	0.01615	0.01215	0.03358	0.25341	0.16094	0.03119	0.04023	0.02581	0.01283	0.00840	0.00293	0.00687	0.13440	0.00797	0.01132
67	0.01800	0.09891	0.05471	0.01744	0.02019	0.12405	0.01476	0.02084	0.01545	0.02002	0.01623	0.02311	0.01494	0.03231	0.29087	0.00718	0.19084	0.00726	0.00406	0.00882
68	0.01006	0.00748	0.00938	0.01090	0.01187	0.00680	0.00742	0.01164	0.01655	0.02147	0.05390	0.57105	0.18128	0.02497	0.01044	0.00325	0.00469	0.02233	0.00771	0.00680
69	0.18748	0.01453	0.01782	0.01399	0.02015	0.01353	0.01155	0.03718	0.02179	0.53334	0.02841	0.02523	0.01818	0.00975	0.00769	0.00257	0.00694	0.00756	0.00922	0.01308
70	0.01270	0.00907	0.01260	0.01451	0.01612	0.00897	0.01219	0.01602	0.01844	0.02409	0.04437	0.22237	0.04932	0.02360	0.01129	0.00373	0.00705	0.47845	0.00766	0.00746
71	0.02290	0.35148	0.11190	0.02110	0.02848	0.16448	0.14248	0.02715	0.01893	0.02194	0.01329	0.01603	0.01105	0.00748	0.00700	0.00216	0.01162	0.00593	0.00384	0.01074
72	0.02888	0.03542	0.02498	0.02598	0.12740	0.53987	0.01745	0.03242	0.05016	0.02207	0.01422	0.01659	0.01175	0.00849	0.00765	0.00222	0.01378	0.00586	0.00444	0.01036
73	0.00982	0.00842	0.00842	0.00842	0.01122	0.00701	0.00631	0.01192	0.01894	0.02244	0.08416	0.07995	0.65285	0.02104	0.00982	0.00281	0.00421	0.01753	0.00771	0.00701
74	0.03106	0.03884	0.02361	0.02130	0.02569	0.64461	0.01604	0.06077	0.02426	0.02182	0.01317	0.01521	0.01086	0.00863	0.00753	0.00216	0.01471	0.00545	0.00447	0.00984
75	0.01073	0.00845	0.00967	0.00937	0.01178	0.00740	0.00703	0.01368	0.02108	0.02753	0.34972	0.07158	0.38412	0.01914	0.00981	0.00272	0.00407	0.01636	0.00838	0.00740
76	0.02051	0.50728	0.23437	0.01712	0.02582	0.02870	0.01927	0.02532	0.01708	0.02162	0.01258	0.01462	0.01062	0.00735	0.00612	0.00204	0.00993	0.00496	0.00354	0.01116
77	0.02212	0.60908	0.07469	0.01628	0.02361	0.05716	0.05312	0.02539	0.01735	0.02036	0.01210	0.01417	0.01078	0.00720	0.00583	0.00190	0.00962	0.00490	0.00362	0.01074
78	0.01045	0.00749	0.00994	0.01134	0.01212	0.00697	0.00774	0.01240	0.01745	0.02367	0.16884	0.57256	0.05970	0.02419	0.01044	0.00322	0.00464	0.02187	0.00800	0.00697
79	0.02685	0.35895	0.03302	0.01799	0.02361	0.37033	0.01518	0.02924	0.02038	0.01996	0.01223	0.01420	0.01068	0.00787	0.00647	0.00197	0.01209	0.00492	0.00394	0.01012
80	0.02186	0.01957	0.02240	0.20361	0.08476	0.09927	0.01716	0.08606	0.22380	0.06183	0.02384	0.05973	0.01892	0.01041	0.00837	0.00268	0.00927	0.00870	0.00632	0.01145
81	0.02714	0.09672	0.02615	0.15739	0.03177	0.31001	0.01725	0.18242	0.02543	0.02864	0.01493	0.01757	0.01165	0.00873	0.00766	0.00232	0.01208	0.00622	0.00512	0.01080
82	0.00990	0.00842	0.00853	0.00851	0.01127	0.00705	0.00638	0.01209	0.01914	0.02292	0.10932	0.07916	0.62739	0.02086	0.00982	0.00280	0.00420	0.01742	0.00778	0.00705
83	0.01915	0.01989	0.02311	0.10517	0.25619	0.15417	0.01751	0.02291	0.02018	0.02488	0.10407	0.03565	0.13993	0.01145	0.00857	0.00251	0.00931	0.00978	0.00538	0.01017
84	0.01723	0.01477	0.01723	0.01230	0.01969	0.01107	0.00984	0.02092	0.01723	0.02707	0.01477	0.01723	0.01230	0.00615	0.00615	0.00123	0.00615	0.00492	0.00492	0.75883
85	0.01208	0.00805	0.00906	0.00906	0.00906	0.00805	0.00503	0.01208	0.01208	0.01611	0.02618	0.05436	0.03020	0.70804	0.04228	0.00805	0.00805	0.01208	0.00503	0.00503
86	0.03158	0.02327	0.02493	0.01911	0.02576	0.02576	0.01579	0.62852	0.03906	0.05236	0.01995	0.01995	0.01413	0.00997	0.00831	0.00249	0.00914	0.00748	0.00831	0.01413
87	0.03727	0.01414	0.01928	0.01478	0.02121	0.01221	0.01221	0.04049	0.02378	0.66198	0.03277	0.02828	0.02056	0.01028	0.00835	0.00257	0.00707	0.00835	0.01028	0.01414
88	0.03158	0.02327	0.02493	0.01911	0.02576	0.02576	0.01579	0.62852	0.03906	0.05236	0.01995	0.01995	0.01413	0.00997	0.00831	0.00249	0.00914	0.00748	0.00831	0.01413
89	0.01263	0.00932	0.01234	0.01384	0.01595	0.00902	0.01189	0.01609	0.01908	0.02435	0.05247	0.09080	0.17565	0.02255	0.01112	0.00361	0.00692	0.47717	0.00766	0.00752
90	0.01723	0.01477	0.01723	0.01230	0.01969	0.01107	0.00984	0.02092	0.01723	0.02707	0.01477	0.01723	0.01230	0.00615	0.00615	0.00123	0.00615	0.00492	0.00492	0.75883
91	0.01187	0.00890	0.01335	0.01335	0.01483	0.01038	0.01038	0.01483	0.01335	0.01928	0.02225	0.03264	0.02077	0.06231	0.67512	0.01335	0.02225	0.00890	0.00445	0.00742
92	0.02213	0.01903	0.03047	0.14177	0.45337	0.01975	0.02318	0.09428	0.02116	0.06943	0.01708	0.02122	0.01342	0.00801	0.00825	0.00252	0.00979	0.00747	0.00492	0.01273
93	0.18686	0.02346	0.02210	0.01762	0.02371	0.09215	0.01438	0.43859	0.03217	0.04582	0.01743	0.01806	0.01269	0.00935	0.00756	0.00247	0.00918	0.00663	0.00722	0.01257
94	0.01187	0.00890	0.01335	0.01335	0.01483	0.01038	0.01038	0.01483	0.01335	0.01928	0.02225	0.03264	0.02077	0.06231	0.67512	0.01335	0.02225	0.00890	0.00445	0.00742
95	0.01208	0.00805	0.00906	0.00906	0.00906	0.00805	0.00503	0.01208	0.01208	0.01611	0.02618	0.05436	0.03020	0.70804	0.04228	0.00805	0.00805	0.01208	0.00503	0.00503
96	0.05902	0.01600	0.01822	0.01532	0.02051	0.01681	0.01222	0.09314	0.28650	0.23936	0.07217	0.03276	0.05762	0.01153	0.00841	0.00268	0.00668	0.00943	0.00889	0.01273
97	0.02246	0.63561	0.07532	0.01516	0.02237	0.07200	0.01520	0.02547	0.01733	0.01995	0.01181	0.01365	0.01066	0.00724	0.00560	0.00184	0.00944	0.00459	0.00360	0.01068
98	0.01012	0.00723	0.00964	0.01157	0.01205	0.00675	0.00771	0.01157	0.01591	0.02121	0.04579	0.70262	0.05495	0.02603	0.01060	0.00337	0.00482	0.02362	0.00771	0.00675
99	0.01666	0.04297	0.66500	0.02368	0.03596	0.01929	0.03069	0.02631	0.01754	0.02631	0.01491	0.01754	0.01052	0.00789	0.00789	0.00263	0.01228	0.00614	0.00351	0.01228
100	0.01004	0.00849	0.00872	0.00884	0.01159	0.00717	0.00675	0.01225	0.01895	0.02259	0.08166	0.08080	0.61528	0.02116	0.00992	0.00287	0.00442	0.05372	0.00771	0.00705
101	0.21148	0.02024	0.06741	0.03903	0.45370	0.01943	0.02159	0.02527	0.01761	0.02968	0.01454	0.01856	0.01193	0.00751	0.00741	0.00250	0.00914	0.00658	0.00434	0.01204
102	0.01906	0.01821	0.03102	0.24662	0.47229	0.01934	0.02475	0.02418	0.01821	0.02532	0.01536	0.02105	0.01252	0.00768	0.00825	0.00256	0.01024	0.00740	0.00398	0.01195
103	0.01973	0.01889	0.03221	0.16002	0.55371	0.01952	0.02508	0.02476	0.01852	0.02613	0.01548	0.02083	0.01280	0.00756	0.00824	0.00252	0.01008	0.00740	0.00404	0.01249
104	0.02056	0.01974	0.03372	0.05099	0.65622	0.01974	0.02550	0.02550	0.01892	0.02714	0.01563	0.02056	0.01316	0.00740	0.00822	0.00247	0.00987	0.00740	0.00411	0.01316
105	0.01187	0.00890	0.01335	0.01335	0.01483	0.01038	0.01038	0.01483	0.01335	0.01928	0.02225	0.03264	0.02077	0.06231	0.67512	0.01335	0.02225	0.00890	0.00445	0.00742
106	0.01873	0.00987	0.01229	0.01146	0.01469	0.00860	0.00865	0.02098	0.01952	0.22728	0.05546	0.26156	0.25964	0.01917	0.00960	0.00291	0.00532	0.01652	0.00854	0.00922
107	0.01130	0.00823	0.01063	0.01055	0.01226	0.00756	0.00772	0.01459	0.02166	0.03013	0.49098	0.19509	0.11005	0.01910	0.00997	0.00278	0.00412	0.01695	0.00876	0.00756
108	0.03123	0.01280	0.01734	0.01375	0.01912	0.01117	0.01117	0.03461	0.02372	0.51297	0.17951	0.03628	0.03427	0.01187	0.00870	0.00258	0.00632	0.00994	0.01001	0.01264
109	0.01805	0.02526	0.17529	0.03031	0.03875	0.01924	0.43927	0.02506	0.01881	0.02601	0.01926	0.08847	0.01634	0.00907	0.00948	0.00282	0.01273	0.01039	0.00440	0.01099
110	0.03103	0.03959	0.02354	0.02140	0.02568	0.67469	0.01605	0.03317	0.02354	0.02033	0.01284	0.01498	0.01070	0.00856	0.00749	0.00214	0.01498	0.00535	0.00428	0.00963
111	0.02262	0.01859	0.01957	0.01738	0.02202	0.04876	0.01405	0.19821	0.32077	0.03690	0.03118	0.04017	0.02626	0.01320	0.00899	0.00291	0.00787	0.13037	0.00806	0.01213
112	0.01549	0.00774	0.00774	0.00774	0.00968	0.00774	0.00581	0.01936	0.01742	0.03097	0.02710	0.03097	0.02129	0.00968	0.00581	0.00194	0.00387	0.00774	0.75416	0.00774
113	0.01106	0.00796	0.01048	0.01093	0.01226	0.00737	0.00778	0.01393	0.02028	0.02817	0.39432	0.33424	0.06843	0.02083	0.01014	0.00294	0.00430	0.01868	0.00854	0.00737
114	0.01626	0.01555	0.02170	0.01936	0.01952	0.02099	0.01571	0.01805	0.01340	0.02021	0.01854	0.15969	0.02037	0.01882	0.04985	0.00397	0.52423	0.01070	0.00451	0.00854
115	0.02584	0.02427	0.02620	0.09348	0.18990	0.15655	0.01875	0.22552	0.09652	0.03424	0.01843	0.02055	0.01414	0.00901	0.00814	0.00248	0.01043	0.00723	0.00597	0.01236
116	0.01187	0.00890	0.01335	0.01335	0.01483	0.01038	0.01038	0.01483	0.01335	0.01928	0.02225	0.03264	0.02077	0.06231	0.67512	0.01335	0.02225	0.00890	0.00445	0.00742
117	0.02870	0.01257	0.01675	0.01355	0.01852	0.01125	0.01091	0.03303	0.05128	0.44091	0.22292	0.03877	0.03853	0.01238	0.00880	0.00259	0.00608	0.01045	0.00985	0.01216
118	0.02048	0.01727	0.01842	0.01641	0.02096	0.01972	0.01279	0.07846	0.54204	0.03573	0.09389	0.03336	0.02988	0.01175	0.00858	0.00278	0.00648	0.00983	0.00851	0.01269
119	0.01261	0.01010	0.01473	0.01441	0.01556	0.01222	0.01124	0.01523	0.01355	0.01961	0.02326	0.10752	0.02322	0.05099	0.50185	0.01075	0.12051	0.01035	0.00470	0.00759
120	0.02927	0.17678	0.02779	0.01971	0.02479	0.48334	0.01565	0.08577	0.02359	0.02309	0.01322	0.01509	0.01101	0.00839	0.00712	0.00210	0.01319	0.00536	0.00450	0.01025
121	0.01012	0.00723	0.00964	0.01157	0.01205	0.00675	0.00771	0.01157	0.01591	0.02121	0.04579	0.70262	0.05495	0.02603	0.01060	0.00337	0.00482	0.02362	0.00771	0.00675
122	0.05593	0.01645	0.02713	0.44553	0.25037	0.01888	0.02314	0.02278	0.01724	0.02398	0.01488	0.02119	0.01165	0.00798	0.00812	0.00266	0.01044	0.00724	0.00390	0.01050
123	0.01981	0.31461	0.37304	0.01970	0.02938	0.06550	0.02310	0.02615	0.01764	0.02319	0.01342	0.01567	0.01059	0.00762	0.00683	0.00225	0.01107	0.00540	0.00357	0.01146
124	0.02900	0.02165	0.02318	0.01821	0.02420	0.02402	0.01479	0.51708	0.11278	0.04790	0.02207	0.02347	0.01653	0.05348	0.01044	0.00288	0.00875	0.00800	0.00812	0.01344
125	0.17333	0.01572	0.01573	0.01415	0.01871	0.01754	0.01111	0.03453	0.37710	0.06513	0.03756	0.03540	0.12619	0.01211	0.00799	0.00275	0.00618	0.00969	0.00774	0.01132
126	0.02064	0.02064	0.03011	0.17554	0.43701	0.08586	0.02339	0.02640	0.05199	0.02565	0.01614	0.02087	0.01314	0.00791	0.00818	0.00251	0.01046	0.00730	0.00427	0.01200
127	0.02466	0.02858	0.02248	0.02020	0.02315	0.36763	0.01570	0.02925	0.09079	0.02180	0.01568	0.01938	0.01343	0.01571	0.07851	0.00371	0.18839	0.00666	0.00461	0.00968
128	0.01023	0.00855	0.00899	0.00921	0.01191	0.00731	0.00713	0.01253	0.01896	0.02272	0.07954	0.08153	0.58328	0.02126	0.01001	0.00292	0.00460	0.08455	0.00771	0.00709
129	0.03106	0.03873	0.02362	0.02128	0.02569	0.64020	0.01604	0.06482	0.02437	0.02203	0.01322	0.01525	0.01088	0.00864	0.00753	0.00216	0.01467	0.00546	0.00449	0.00987
130	0.02105	0.01886	0.02929	0.20719	0.36929	0.02007	0.02258	0.12660	0.02168	0.02990	0.01610	0.02072	0.01275	0.00802	0.00817	0.00250	0.00990	0.00731	0.00475	0.04327
131	0.02165	0.42684	0.22800	0.01796	0.02627	0.10941	0.01940	0.02635	0.01792	0.02168	0.01272	0.01480	0.01062	0.00753	0.00637	0.00208	0.01067	0.00507	0.00363	0.01102
132	0.01208	0.00805	0.00906	0.00906	0.00906	0.00805	0.00503	0.01208	0.01208	0.01611	0.02618	0.05436	0.03020	0.70804	0.04228	0.00805	0.00805	0.01208	0.00503	0.00503
133	0.01046	0.00749	0.00994	0.01134	0.01212	0.00697	0.00774	0.01241	0.01747	0.02370	0.17058	0.57072	0.05977	0.02416	0.01044	0.00322	0.00463	0.02185	0.00801	0.00697
134	0.01052	0.00771	0.01054	0.04746	0.01447	0.00744	0.00854	0.01234	0.01642	0.02196	0.08177	0.62668	0.05407	0.02452	0.01043	0.00329	0.00510	0.02222	0.00759	0.00695
135	0.02048	0.53238	0.17619	0.01607	0.02403	0.02866	0.01745	0.02472	0.01736	0.02171	0.04485	0.01672	0.01408	0.00778	0.00611	0.00200	0.00936	0.00535	0.00383	0.01087
136	0.01883	0.01585	0.01661	0.01485	0.01923	0.01751	0.01158	0.09315	0.41505	0.03319	0.04594	0.04303	0.19243	0.01376	0.00880	0.00278	0.00619	0.01139	0.00824	0.01160
137	0.01741	0.13293	0.58156	0.02241	0.03399	0.02112	0.02848	0.02612	0.01745	0.02540	0.01446	0.01697	0.01054	0.00779	0.00755	0.00252	0.01182	0.00591	0.00351	0.01206
138	0.02154	0.02082	0.03285	0.04819	0.59871	0.05037	0.02462	0.05290	0.02003	0.02796	0.01569	0.02027	0.01309	0.00757	0.00819	0.00245	0.01007	0.00731	0.00431	0.01304
139	0.01012	0.00723	0.00964	0.01157	0.01205	0.00675	0.00771	0.01157	0.01591	0.02121	0.04579	0.70262	0.05495	0.02603	0.01060	0.00337	0.00482	0.02362	0.00771	0.00675
140	0.01723	0.01477	0.01723	0.01230	0.01969	0.01107	0.00984	0.02092	0.01723	0.02707	0.01477	0.01723	0.01230	0.00615	0.00615	0.00123	0.00615	0.00492	0.00492	0.75883
141	0.01004	0.00842	0.00872	0.00865	0.01136	0.00711	0.00649	0.01235	0.01946	0.02369	0.14944	0.07789	0.58679	0.02057	0.00982	0.00278	0.00417	0.01724	0.00788	0.00711
142	0.01049	0.00731	0.00963	0.01129	0.01170	0.00690	0.00743	0.01159	0.01532	0.02043	0.04257	0.61105	0.05085	0.09341	0.01462	0.03464	0.00524	0.02181	0.00728	0.00645
143	0.05536	0.02566	0.16061	0.01895	0.02639	0.02226	0.01787	0.32205	0.15626	0.04118	0.02110	0.02130	0.01536	0.00950	0.00801	0.00253	0.00902	0.00733	0.00700	0.05226
144	0.02139	0.08938	0.03404	0.04548	0.55355	0.06264	0.02378	0.02592	0.01901	0.02596	0.01505	0.01949	0.01276	0.00745	0.00789	0.00238	0.01010	0.00698	0.00407	0.01269
145	0.02433	0.02623	0.06222	0.03829	0.38978	0.18062	0.02221	0.10462	0.02256	0.02866	0.01546	0.01896	0.01255	0.00804	0.00804	0.00240	0.01115	0.00685	0.00466	0.01238

[dist]
# distance from previous block
# <min> <max>
0	2

[block]
# block no. 3 follows, 22 sequences, length 11
# corresponding to MSA columns:
# 228-238
name=unknown_D
#
# <colnr> <probs for GDERKNQSTAVLIFYWHMCP>
#	G	D	E	R	K	N	Q	S	T	A	V	L	I	F	Y	W	H	M	C	P
0	0.02600	0.02934	0.02826	0.02521	0.07942	0.35390	0.14505	0.03121	0.07286	0.05829	0.02090	0.02286	0.05076	0.00919	0.00830	0.00242	0.01261	0.00767	0.00512	0.01063
1	0.11838	0.03300	0.43738	0.02157	0.03111	0.01793	0.06900	0.02477	0.01746	0.02761	0.01877	0.02829	0.01583	0.00997	0.00817	0.00281	0.01094	0.09155	0.00438	0.01109
2	0.02167	0.05696	0.07213	0.04212	0.44377	0.10536	0.08627	0.02663	0.01941	0.02579	0.01515	0.01950	0.01251	0.00753	0.00814	0.00244	0.01106	0.00717	0.00408	0.01233
3	0.01801	0.12161	0.28263	0.02470	0.14252	0.02000	0.02187	0.02719	0.11989	0.02640	0.02349	0.06331	0.05323	0.01007	0.00797	0.00257	0.00954	0.00835	0.00492	0.01173
4	0.01502	0.00779	0.00792	0.00792	0.00959	0.00779	0.00570	0.01837	0.01670	0.02895	0.02697	0.03415	0.02250	0.10462	0.01077	0.00277	0.00444	0.00833	0.65232	0.00737
5	0.01877	0.01463	0.01812	0.01612	0.01975	0.01534	0.04753	0.19432	0.11283	0.03280	0.03382	0.31145	0.03467	0.01734	0.00949	0.00296	0.00706	0.04993	0.00769	0.03538
6	0.02052	0.09359	0.05961	0.03828	0.36077	0.06521	0.14019	0.02555	0.01941	0.02617	0.05781	0.02245	0.01689	0.00803	0.00828	0.00245	0.01062	0.00789	0.00440	0.01189
7	0.29434	0.01182	0.01262	0.08115	0.01854	0.01283	0.01003	0.01861	0.01737	0.03010	0.16121	0.15198	0.08650	0.01483	0.00814	0.00283	0.00599	0.04633	0.00663	0.00815
8	0.13920	0.01665	0.10260	0.06374	0.02136	0.01431	0.01335	0.08298	0.06183	0.02999	0.09406	0.24259	0.05407	0.01547	0.00867	0.00287	0.00701	0.01317	0.00668	0.00938
9	0.01295	0.08181	0.01619	0.01315	0.01512	0.01256	0.01042	0.01569	0.01363	0.01910	0.02141	0.03209	0.02035	0.09982	0.56335	0.01180	0.01992	0.00865	0.00440	0.00759
10	0.01232	0.00939	0.01274	0.06231	0.01770	0.00890	0.01056	0.01497	0.01695	0.02292	0.03884	0.40638	0.04413	0.02125	0.01005	0.00315	0.00617	0.16485	0.00702	0.10940

[dist]
# distance from previous block
# <min> <max>
0	2

[block]
# block no. 4 follows, 22 sequences, length 82
# corresponding to MSA columns:
# 241-322
name=unknown_E
#
# <colnr> <probs for GDERKNQSTAVLIFYWHMCP>
#	G	D	E	R	K	N	Q	S	T	A	V	L	I	F	Y	W	H	M	C	P
0	0.06576	0.02485	0.09336	0.01795	0.02468	0.11818	0.01571	0.23753	0.08364	0.11541	0.02011	0.02031	0.01455	0.00909	0.00773	0.00234	0.00936	0.00682	0.00684	0.10576
1	0.06461	0.02604	0.02506	0.12006	0.18390	0.25858	0.01856	0.06717	0.10573	0.02696	0.01701	0.01975	0.01346	0.00865	0.00784	0.00244	0.01122	0.00677	0.00502	0.01116
2	0.03047	0.03722	0.02424	0.02294	0.06217	0.58802	0.01658	0.07748	0.02444	0.02313	0.01354	0.01568	0.01110	0.00860	0.00759	0.00219	0.01425	0.00563	0.00457	0.01017
3	0.05947	0.06005	0.44608	0.02092	0.03041	0.01767	0.05662	0.02374	0.01717	0.02596	0.01932	0.12025	0.01729	0.01046	0.00808	0.00266	0.01054	0.00875	0.00433	0.04025
4	0.01905	0.02061	0.03278	0.12275	0.03491	0.09490	0.25328	0.02360	0.01727	0.02269	0.01539	0.02183	0.01280	0.01599	0.09627	0.00423	0.16959	0.00825	0.00404	0.00978
5	0.01549	0.00774	0.00774	0.00774	0.00968	0.00774	0.00581	0.01936	0.01742	0.03097	0.02710	0.03097	0.02129	0.00968	0.00581	0.00194	0.00387	0.00774	0.75416	0.00774
6	0.02488	0.01544	0.01761	0.01455	0.01944	0.01560	0.01162	0.24115	0.05548	0.19048	0.04200	0.11259	0.17399	0.01454	0.00894	0.00270	0.00685	0.01198	0.00859	0.01156
7	0.19759	0.02667	0.17953	0.03164	0.28524	0.09200	0.02179	0.02629	0.01797	0.02859	0.01418	0.01754	0.01127	0.00772	0.00733	0.00249	0.01020	0.00618	0.00423	0.01157
8	0.16255	0.01631	0.01695	0.01445	0.01870	0.01816	0.01132	0.22733	0.11838	0.03587	0.02504	0.03032	0.05116	0.12500	0.08868	0.00467	0.00930	0.00861	0.00675	0.01046
9	0.00992	0.00836	0.00860	0.00865	0.01131	0.00704	0.00645	0.01208	0.01901	0.02288	0.10838	0.10775	0.59907	0.02108	0.00985	0.00282	0.00422	0.01770	0.00778	0.00704
10	0.02032	0.01949	0.03328	0.08313	0.62600	0.01967	0.02537	0.02528	0.01880	0.02684	0.01558	0.02064	0.01305	0.00745	0.00823	0.00248	0.00993	0.00740	0.00409	0.01296
11	0.01937	0.01575	0.01798	0.01372	0.02015	0.01384	0.01090	0.13591	0.04867	0.03160	0.01972	0.08769	0.01754	0.00911	0.00711	0.00176	0.00660	0.00749	0.00600	0.50909
12	0.01443	0.00722	0.01082	0.01082	0.01082	0.00722	0.00722	0.01082	0.01082	0.01443	0.01443	0.02525	0.01443	0.02886	0.03247	0.75830	0.00722	0.00722	0.00361	0.00361
13	0.01106	0.00879	0.01015	0.01073	0.01320	0.00787	0.00866	0.01381	0.01923	0.02377	0.09990	0.08347	0.42957	0.02145	0.01035	0.00312	0.00530	0.20456	0.00777	0.00726
14	0.02180	0.31160	0.16398	0.02600	0.19209	0.02453	0.02033	0.02731	0.04193	0.07487	0.01585	0.01796	0.01265	0.00776	0.00698	0.00224	0.00960	0.00607	0.00442	0.01202
15	0.01208	0.00805	0.00906	0.00906	0.00906	0.00805	0.00503	0.01208	0.01208	0.01611	0.02618	0.05436	0.03020	0.70804	0.04228	0.00805	0.00805	0.01208	0.00503	0.00503
16	0.01208	0.00805	0.00906	0.00906	0.00906	0.00805	0.00503	0.01208	0.01208	0.01611	0.02618	0.05436	0.03020	0.70804	0.04228	0.00805	0.00805	0.01208	0.00503	0.00503
17	0.01882	0.02312	0.11298	0.13819	0.14577	0.02021	0.36510	0.02555	0.01879	0.02582	0.01608	0.02151	0.01222	0.00737	0.00909	0.00272	0.01267	0.00861	0.00403	0.01134
18	0.02056	0.01974	0.03372	0.05099	0.65622	0.01974	0.02550	0.02550	0.01892	0.02714	0.01563	0.02056	0.01316	0.00740	0.00822	0.00247	0.00987	0.00740	0.00411	0.01316
19	0.01187	0.00890	0.01335	0.01335	0.01483	0.01038	0.01038	0.01483	0.01335	0.01928	0.02225	0.03264	0.02077	0.06231	0.67512	0.01335	0.02225	0.00890	0.00445	0.00742
20	0.76672	0.01607	0.01221	0.01092	0.01607	0.01864	0.00900	0.02442	0.01414	0.03727	0.01157	0.01350	0.00900	0.00771	0.00514	0.00257	0.00643	0.00450	0.00514	0.00900
21	0.02066	0.01785	0.01878	0.01691	0.02160	0.02066	0.01315	0.04414	0.64121	0.03475	0.03381	0.03099	0.02536	0.01127	0.00845	0.00282	0.00657	0.00939	0.00845	0.01315
22	0.01818	0.01818	0.02545	0.02181	0.02181	0.02545	0.01818	0.01999	0.01272	0.01999	0.01091	0.01818	0.01091	0.01454	0.02726	0.00364	0.69284	0.00727	0.00364	0.00909
23	0.01090	0.00783	0.01034	0.01104	0.01222	0.00727	0.00777	0.01352	0.01952	0.02696	0.33356	0.39846	0.06608	0.02173	0.01022	0.00301	0.00439	0.01954	0.00839	0.00727
24	0.01127	0.00834	0.01052	0.01026	0.01218	0.00759	0.00758	0.01463	0.02195	0.03026	0.49537	0.13590	0.16612	0.01862	0.00989	0.00273	0.00406	0.01637	0.00876	0.00759
25	0.01078	0.00793	0.01010	0.01066	0.01209	0.00725	0.00757	0.01337	0.01957	0.02655	0.31009	0.34379	0.14660	0.02148	0.01015	0.00297	0.00435	0.01911	0.00832	0.00725
26	0.03201	0.02258	0.02451	0.01879	0.02542	0.02474	0.01552	0.58432	0.03791	0.09818	0.02091	0.02057	0.01461	0.01000	0.00831	0.00250	0.00899	0.00755	0.00846	0.01413
27	0.03727	0.01414	0.01928	0.01478	0.02121	0.01221	0.01221	0.04049	0.02378	0.66198	0.03277	0.02828	0.02056	0.01028	0.00835	0.00257	0.00707	0.00835	0.01028	0.01414
28	0.01818	0.01818	0.02545	0.02181	0.02181	0.02545	0.01818	0.01999	0.01272	0.01999	0.01091	0.01818	0.01091	0.01454	0.02726	0.00364	0.69284	0.00727	0.00364	0.00909
29	0.01208	0.00805	0.00906	0.00906	0.00906	0.00805	0.00503	0.01208	0.01208	0.01611	0.02618	0.05436	0.03020	0.70804	0.04228	0.00805	0.00805	0.01208	0.00503	0.00503
30	0.76672	0.01607	0.01221	0.01092	0.01607	0.01864	0.00900	0.02442	0.01414	0.03727	0.01157	0.01350	0.00900	0.00771	0.00514	0.00257	0.00643	0.00450	0.00514	0.00900
31	0.71189	0.01592	0.01274	0.01121	0.01645	0.01815	0.00924	0.02563	0.01486	0.08423	0.01316	0.01461	0.00987	0.00790	0.00538	0.00257	0.00647	0.00479	0.00553	0.00938
32	0.01800	0.01677	0.02858	0.19437	0.36175	0.01758	0.05368	0.02297	0.01845	0.02528	0.02085	0.03487	0.01919	0.01054	0.00894	0.00281	0.00995	0.11966	0.00469	0.01108
33	0.02891	0.02194	0.02343	0.01857	0.02475	0.02452	0.01514	0.48569	0.18623	0.04805	0.02333	0.02265	0.01687	0.01029	0.00835	0.00257	0.00851	0.00795	0.00835	0.01389
34	0.01143	0.00816	0.00888	0.00888	0.00968	0.00776	0.00540	0.01204	0.01404	0.01792	0.04274	0.06167	0.20810	0.51176	0.03301	0.00655	0.00696	0.01364	0.00580	0.00560
35	0.03103	0.03959	0.02354	0.02140	0.02568	0.67469	0.01605	0.03317	0.02354	0.02033	0.01284	0.01498	0.01070	0.00856	0.00749	0.00214	0.01498	0.00535	0.00428	0.00963
36	0.02638	0.02004	0.02153	0.01777	0.02342	0.02246	0.01427	0.30217	0.34186	0.07634	0.02763	0.02597	0.02014	0.01064	0.00838	0.00266	0.00774	0.00849	0.00849	0.01363
37	0.01086	0.00776	0.01049	0.01241	0.01322	0.00739	0.00900	0.01285	0.01664	0.02204	0.04538	0.56439	0.05333	0.02533	0.01080	0.00348	0.00546	0.15454	0.00770	0.00695
38	0.01666	0.04297	0.66500	0.02368	0.03596	0.01929	0.03069	0.02631	0.01754	0.02631	0.01491	0.01754	0.01052	0.00789	0.00789	0.00263	0.01228	0.00614	0.00351	0.01228
39	0.01093	0.00846	0.00996	0.00958	0.01190	0.00749	0.00719	0.01408	0.02157	0.02869	0.41021	0.06967	0.32290	0.01871	0.00981	0.00269	0.00404	0.01609	0.00854	0.00749
40	0.02370	0.01909	0.02057	0.01676	0.02264	0.02053	0.01340	0.23780	0.31599	0.03923	0.02542	0.02458	0.01902	0.00984	0.00796	0.00240	0.00736	0.00788	0.00772	0.15811
41	0.04745	0.01309	0.01783	0.18316	0.12093	0.03850	0.01488	0.01812	0.01769	0.02342	0.03812	0.18831	0.14937	0.01610	0.00927	0.00295	0.00777	0.07842	0.00593	0.00868
42	0.01758	0.05454	0.07324	0.34429	0.04680	0.02062	0.22446	0.02343	0.01739	0.02316	0.01500	0.02121	0.01152	0.00826	0.01007	0.00279	0.06372	0.00796	0.00384	0.01014
43	0.02059	0.01919	0.02941	0.04115	0.47304	0.02001	0.02193	0.03088	0.19855	0.02934	0.02088	0.02357	0.01668	0.00852	0.00829	0.00257	0.00892	0.00798	0.00537	0.01316
44	0.01377	0.01007	0.01207	0.01240	0.01432	0.00997	0.00946	0.08178	0.01923	0.02496	0.04585	0.20765	0.15664	0.15470	0.01660	0.00421	0.00663	0.18490	0.00724	0.00754
45	0.01666	0.04297	0.66500	0.02368	0.03596	0.01929	0.03069	0.02631	0.01754	0.02631	0.01491	0.01754	0.01052	0.00789	0.00789	0.00263	0.01228	0.00614	0.00351	0.01228
46	0.01688	0.04143	0.61870	0.02453	0.03652	0.01942	0.07545	0.02633	0.01769	0.02633	0.01505	0.01791	0.01068	0.00783	0.00804	0.00264	0.01241	0.00641	0.00356	0.01220
47	0.01798	0.00984	0.01204	0.01105	0.01437	0.00854	0.00843	0.02044	0.02017	0.20780	0.11396	0.18417	0.30166	0.01853	0.00955	0.00283	0.00513	0.01583	0.00859	0.00909
48	0.02120	0.02096	0.03310	0.04918	0.61753	0.05993	0.02492	0.02597	0.01920	0.02672	0.01546	0.02022	0.01301	0.00747	0.00818	0.00245	0.01018	0.00728	0.00412	0.01294
49	0.00982	0.00842	0.00842	0.00842	0.01122	0.00701	0.00631	0.01192	0.01894	0.02244	0.08416	0.07995	0.65285	0.02104	0.00982	0.00281	0.00421	0.01753	0.00771	0.00701
50	0.01187	0.00890	0.01335	0.01335	0.01483	0.01038	0.01038	0.01483	0.01335	0.01928	0.02225	0.03264	0.02077	0.06231	0.67512	0.01335	0.02225	0.00890	0.00445	0.00742
51	0.02744	0.02779	0.02671	0.02938	0.21464	0.25784	0.01864	0.19895	0.06225	0.03222	0.01689	0.01898	0.01325	0.00877	0.00800	0.00238	0.01132	0.00680	0.00560	0.01216
52	0.01187	0.00890	0.01335	0.01335	0.01483	0.01038	0.01038	0.01483	0.01335	0.01928	0.02225	0.03264	0.02077	0.06231	0.67512	0.01335	0.02225	0.00890	0.00445	0.00742
53	0.02056	0.01974	0.03372	0.05099	0.65622	0.01974	0.02550	0.02550	0.01892	0.02714	0.01563	0.02056	0.01316	0.00740	0.00822	0.00247	0.00987	0.00740	0.00411	0.01316
54	0.01187	0.00890	0.01335	0.01335	0.01483	0.01038	0.01038	0.01483	0.01335	0.01928	0.02225	0.03264	0.02077	0.06231	0.67512	0.01335	0.02225	0.00890	0.00445	0.00742
55	0.02744	0.01760	0.02052	0.01565	0.02215	0.01709	0.01279	0.26442	0.02718	0.19151	0.02166	0.02194	0.01556	0.01211	0.04859	0.00280	0.00854	0.00701	0.00753	0.23791
56	0.00995	0.00790	0.00895	0.00980	0.01158	0.00690	0.00693	0.01177	0.01761	0.02190	0.06732	0.35322	0.39045	0.02323	0.01016	0.00305	0.00448	0.02020	0.00771	0.00690
57	0.24610	0.01962	0.14229	0.16116	0.02860	0.01665	0.01642	0.05345	0.01641	0.05518	0.01480	0.01936	0.01154	0.01210	0.01183	0.14555	0.00889	0.00628	0.00461	0.00915
58	0.03040	0.08934	0.02512	0.02074	0.02536	0.59147	0.01590	0.06464	0.02388	0.02200	0.01313	0.01512	0.01088	0.00853	0.00737	0.00213	0.01421	0.00540	0.00444	0.00995
59	0.01737	0.01806	0.01449	0.01348	0.01630	0.21309	0.01011	0.02044	0.02276	0.02750	0.36032	0.05054	0.15338	0.01507	0.00909	0.00250	0.00737	0.01246	0.00741	0.00825
60	0.01815	0.01561	0.01934	0.14429	0.02753	0.01444	0.01313	0.05875	0.08892	0.02827	0.01722	0.01990	0.01365	0.00737	0.00695	0.00178	0.00733	0.00605	0.00528	0.48604
61	0.01743	0.01688	0.01637	0.01555	0.01797	0.16716	0.01201	0.05222	0.01713	0.02131	0.01992	0.02781	0.01805	0.04687	0.48245	0.01013	0.01984	0.00799	0.00462	0.00830
62	0.01012	0.00723	0.00964	0.01157	0.01205	0.00675	0.00771	0.01157	0.01591	0.02121	0.04579	0.70262	0.05495	0.02603	0.01060	0.00337	0.00482	0.02362	0.00771	0.00675
63	0.02816	0.25872	0.03005	0.01906	0.02426	0.46586	0.01545	0.03047	0.02137	0.02008	0.01242	0.01444	0.01069	0.00809	0.00679	0.00202	0.01300	0.00505	0.00404	0.00997
