[name]
unknown

[dist]
# distance from previous block
# <min> <max>
0	2

[block]
# block no. 0 follows, 23 sequences, length 19
# corresponding to MSA columns:
# 2-20
name=unknown_A
#
# <colnr> <probs for GDERKNQSTAVLIFYWHMCP>
#	G	D	E	R	K	N	Q	S	T	A	V	L	I	F	Y	W	H	M	C	P
0	0.01167	0.00847	0.01137	0.01306	0.01455	0.00818	0.01054	0.01446	0.01761	0.02286	0.04746	0.29600	0.11030	0.02323	0.01076	0.00349	0.00622	0.35517	0.00750	0.00712
1	0.02118	0.02276	0.03634	0.04089	0.37895	0.11013	0.21790	0.02627	0.01931	0.02544	0.01526	0.01991	0.01235	0.00726	0.00843	0.00247	0.01161	0.00770	0.00407	0.01177
2	0.03067	0.02789	0.02391	0.01939	0.02514	0.23792	0.01551	0.44135	0.03324	0.04101	0.01723	0.01791	0.01272	0.00929	0.00786	0.00232	0.01078	0.00663	0.00684	0.01238
3	0.01008	0.00814	0.00836	0.00836	0.01049	0.00708	0.00589	0.01168	0.01701	0.02054	0.06960	0.07253	0.52046	0.17499	0.01664	0.00388	0.00495	0.01594	0.00695	0.00642
4	0.01742	0.03440	0.44437	0.02882	0.10451	0.01932	0.18403	0.02569	0.01779	0.02586	0.01511	0.01866	0.01107	0.00744	0.00822	0.00260	0.01217	0.00704	0.00366	0.01182
5	0.01148	0.00829	0.01085	0.01021	0.01212	0.00766	0.00766	0.01531	0.02297	0.03254	0.65994	0.06061	0.07656	0.01659	0.00957	0.00255	0.00383	0.01467	0.00893	0.00766
6	0.02758	0.03231	0.02355	0.02075	0.02425	0.46567	0.01611	0.09445	0.02227	0.02314	0.01287	0.01585	0.01086	0.00981	0.01169	0.00245	0.16629	0.00587	0.00446	0.00976
7	0.03085	0.02273	0.02435	0.01867	0.02516	0.02516	0.01542	0.63716	0.03815	0.05114	0.01948	0.01948	0.01380	0.00974	0.00812	0.00244	0.00893	0.00731	0.00812	0.01380
8	0.01683	0.01442	0.01683	0.01202	0.01923	0.01082	0.00961	0.02043	0.01683	0.02644	0.01442	0.01683	0.01202	0.00601	0.00601	0.00120	0.00601	0.00481	0.00481	0.76444
9	0.02008	0.01928	0.03294	0.04981	0.66422	0.01928	0.02490	0.02490	0.01848	0.02651	0.01526	0.02008	0.01285	0.00723	0.00803	0.00241	0.00964	0.00723	0.00402	0.01285
10	0.02008	0.01928	0.03294	0.04981	0.66422	0.01928	0.02490	0.02490	0.01848	0.02651	0.01526	0.02008	0.01285	0.00723	0.00803	0.00241	0.00964	0.00723	0.00402	0.01285
11	0.01179	0.00932	0.01269	0.06330	0.05749	0.00900	0.01033	0.01485	0.01888	0.02502	0.21065	0.20820	0.18779	0.01912	0.00980	0.00294	0.00553	0.10829	0.00738	0.00764
12	0.01083	0.00822	0.00968	0.00934	0.01135	0.00739	0.00682	0.01361	0.02015	0.02690	0.38298	0.06612	0.28277	0.09297	0.01298	0.00319	0.00436	0.01525	0.00800	0.00707
13	0.01687	0.01600	0.02713	0.48588	0.25327	0.01843	0.02330	0.02209	0.01696	0.02261	0.01469	0.02113	0.01148	0.00783	0.00809	0.00261	0.01043	0.00722	0.00374	0.01026
14	0.01504	0.01218	0.01708	0.02078	0.13653	0.01230	0.01411	0.02131	0.10482	0.02607	0.06556	0.14329	0.03816	0.01737	0.00979	0.00312	0.00713	0.28421	0.00689	0.04425
15	0.01669	0.22812	0.16452	0.01859	0.02559	0.01973	0.14623	0.02155	0.01805	0.02341	0.07038	0.03327	0.15973	0.01072	0.00790	0.00240	0.00909	0.00929	0.00485	0.00988
16	0.15403	0.13385	0.18889	0.01940	0.07032	0.13572	0.01772	0.02472	0.01810	0.02592	0.05735	0.02578	0.01813	0.00968	0.00727	0.00245	0.00978	0.06618	0.00465	0.01006
17	0.31269	0.02842	0.31668	0.01741	0.02585	0.01896	0.01936	0.09124	0.01837	0.06167	0.01461	0.01632	0.01052	0.00796	0.00673	0.00253	0.00921	0.00561	0.00485	0.01102
18	0.10357	0.23215	0.20364	0.01895	0.05855	0.02360	0.01846	0.15508	0.02148	0.07158	0.01544	0.01681	0.01166	0.00802	0.00681	0.00228	0.00930	0.00581	0.00506	0.01172

[dist]
# distance from previous block
# <min> <max>
1	4

[block]
# block no. 1 follows, 23 sequences, length 54
# corresponding to MSA columns:
# 25-78
name=unknown_B
#
# <colnr> <probs for GDERKNQSTAVLIFYWHMCP>
#	G	D	E	R	K	N	Q	S	T	A	V	L	I	F	Y	W	H	M	C	P
0	0.01779	0.15154	0.26165	0.02533	0.16768	0.04841	0.02150	0.02338	0.01677	0.02311	0.01544	0.01981	0.01283	0.01783	0.13854	0.00440	0.01289	0.00646	0.00378	0.01087
1	0.01627	0.04197	0.67279	0.02313	0.03512	0.01884	0.02998	0.02570	0.01713	0.02570	0.01456	0.01713	0.01028	0.00771	0.00771	0.00257	0.01199	0.00600	0.00343	0.01199
2	0.02471	0.03736	0.25950	0.02151	0.02858	0.34626	0.02094	0.09022	0.02193	0.02511	0.01389	0.01617	0.01073	0.00852	0.00838	0.00236	0.04299	0.00580	0.00427	0.01077
3	0.01756	0.20315	0.52290	0.02093	0.03172	0.02200	0.02615	0.02536	0.01698	0.02413	0.01378	0.01615	0.01031	0.00753	0.00711	0.00237	0.01120	0.00560	0.00344	0.01162
4	0.01982	0.01901	0.03247	0.08512	0.63094	0.01921	0.02477	0.02467	0.01835	0.02619	0.01522	0.02017	0.01274	0.00728	0.00804	0.00243	0.00970	0.00723	0.00399	0.01264
5	0.01627	0.04197	0.67279	0.02313	0.03512	0.01884	0.02998	0.02570	0.01713	0.02570	0.01456	0.01713	0.01028	0.00771	0.00771	0.00257	0.01199	0.00600	0.00343	0.01199
6	0.01627	0.04197	0.67279	0.02313	0.03512	0.01884	0.02998	0.02570	0.01713	0.02570	0.01456	0.01713	0.01028	0.00771	0.00771	0.00257	0.01199	0.00600	0.00343	0.01199
7	0.01159	0.00869	0.01304	0.01304	0.01449	0.01014	0.01014	0.01449	0.01304	0.01884	0.02173	0.03188	0.02029	0.06086	0.68268	0.01304	0.02173	0.00869	0.00435	0.00724
8	0.01002	0.00729	0.00945	0.01090	0.01173	0.00672	0.00742	0.01173	0.01656	0.02201	0.11006	0.58590	0.11212	0.02408	0.01021	0.00317	0.00456	0.02167	0.00767	0.00672
9	0.00959	0.00822	0.00822	0.00822	0.01096	0.00685	0.00617	0.01165	0.01850	0.02192	0.08220	0.07809	0.66092	0.02055	0.00959	0.00274	0.00411	0.01713	0.00754	0.00685
10	0.02018	0.01743	0.01835	0.01651	0.02110	0.02018	0.01284	0.04312	0.64956	0.03394	0.03303	0.03027	0.02477	0.01101	0.00826	0.00275	0.00642	0.00917	0.00826	0.01284
11	0.02840	0.18976	0.02733	0.01935	0.02414	0.53803	0.01528	0.03060	0.02155	0.01969	0.01226	0.01427	0.01044	0.00805	0.00685	0.00201	0.01331	0.00503	0.00402	0.00963
12	0.00989	0.00706	0.00942	0.01130	0.01177	0.00659	0.00753	0.01130	0.01554	0.02071	0.04472	0.70954	0.05367	0.02542	0.01036	0.00330	0.00471	0.02307	0.00753	0.00659
13	0.02352	0.01705	0.01872	0.01625	0.02123	0.01898	0.01281	0.07075	0.51132	0.14559	0.03221	0.02930	0.02343	0.01078	0.00823	0.00270	0.00663	0.00891	0.00856	0.01306
14	0.21023	0.03523	0.50321	0.01993	0.03013	0.01868	0.02454	0.02522	0.01628	0.02844	0.01372	0.01612	0.00990	0.00766	0.00702	0.00255	0.01053	0.00558	0.00384	0.01117
15	0.02803	0.03070	0.02317	0.02102	0.05018	0.40937	0.01574	0.17941	0.02526	0.02776	0.01488	0.01740	0.01205	0.01254	0.05424	0.00301	0.05349	0.00616	0.00512	0.01045
16	0.02623	0.07842	0.02638	0.09387	0.15216	0.44269	0.01804	0.02922	0.02100	0.02119	0.01318	0.01629	0.01095	0.00802	0.00739	0.00219	0.01288	0.00576	0.00404	0.01011
17	0.01981	0.01900	0.03243	0.08747	0.62873	0.01921	0.02476	0.02466	0.01834	0.02617	0.01521	0.02017	0.01273	0.00728	0.00804	0.00243	0.00971	0.00723	0.00399	0.01263
18	0.02980	0.03657	0.02361	0.02229	0.05899	0.60276	0.01615	0.07281	0.02378	0.02232	0.01315	0.01525	0.01081	0.00839	0.00741	0.00213	0.01398	0.00547	0.00444	0.00989
19	0.01308	0.00934	0.01308	0.01494	0.01681	0.00934	0.01308	0.01681	0.01868	0.02428	0.04296	0.09153	0.04670	0.02242	0.01121	0.00374	0.00747	0.60960	0.00747	0.00747
20	0.01683	0.01442	0.01683	0.01202	0.01923	0.01082	0.00961	0.02043	0.01683	0.02644	0.01442	0.01683	0.01202	0.00601	0.00601	0.00120	0.00601	0.00481	0.00481	0.76444
21	0.03085	0.02273	0.02435	0.01867	0.02516	0.02516	0.01542	0.63716	0.03815	0.05114	0.01948	0.01948	0.01380	0.00974	0.00812	0.00244	0.00893	0.00731	0.00812	0.01380
22	0.01045	0.00757	0.00987	0.01074	0.01185	0.00699	0.00750	0.01278	0.01840	0.02508	0.27043	0.44008	0.09420	0.02195	0.01003	0.00300	0.00436	0.01970	0.00804	0.00699
23	0.01006	0.00824	0.00882	0.00913	0.01151	0.00713	0.00690	0.01215	0.01802	0.02181	0.07327	0.12097	0.53078	0.05120	0.01118	0.00310	0.00465	0.07688	0.00741	0.00681
24	0.01038	0.00825	0.00931	0.00904	0.01144	0.00718	0.00678	0.01317	0.02035	0.02632	0.32168	0.07085	0.41870	0.01891	0.00958	0.00266	0.00399	0.01611	0.00811	0.00718
25	0.01532	0.01442	0.02434	0.69533	0.05589	0.01803	0.02253	0.02073	0.01622	0.02073	0.01442	0.02163	0.01082	0.00811	0.00811	0.00270	0.01082	0.00721	0.00361	0.00901
26	0.00959	0.00822	0.00822	0.00822	0.01096	0.00685	0.00617	0.01165	0.01850	0.02192	0.08220	0.07809	0.66092	0.02055	0.00959	0.00274	0.00411	0.01713	0.00754	0.00685
27	0.01683	0.01442	0.01683	0.01202	0.01923	0.01082	0.00961	0.02043	0.01683	0.02644	0.01442	0.01683	0.01202	0.00601	0.00601	0.00120	0.00601	0.00481	0.00481	0.76444
28	0.02629	0.02443	0.05851	0.18020	0.03298	0.13245	0.01793	0.35753	0.02930	0.03735	0.01686	0.01906	0.01235	0.00902	0.00796	0.00245	0.01049	0.00687	0.00614	0.01183
29	0.02925	0.12215	0.02539	0.02004	0.02456	0.60257	0.01546	0.03141	0.02220	0.01976	0.01239	0.01443	0.01045	0.00819	0.00706	0.00205	0.01390	0.00512	0.00409	0.00953
30	0.01064	0.00805	0.00997	0.01101	0.01265	0.00738	0.00832	0.01300	0.01788	0.02300	0.11399	0.30903	0.25006	0.02236	0.01022	0.00314	0.00504	0.14963	0.00765	0.00697
31	0.03031	0.03867	0.02299	0.02090	0.02508	0.68226	0.01568	0.03240	0.02299	0.01986	0.01254	0.01463	0.01045	0.00836	0.00732	0.00209	0.01463	0.00523	0.00418	0.00941
32	0.02008	0.01928	0.03294	0.04981	0.66422	0.01928	0.02490	0.02490	0.01848	0.02651	0.01526	0.02008	0.01285	0.00723	0.00803	0.00241	0.00964	0.00723	0.00402	0.01285
33	0.01156	0.00777	0.00892	0.00916	0.00922	0.00771	0.00525	0.01174	0.01227	0.01636	0.02798	0.13569	0.03254	0.62809	0.03741	0.00729	0.00747	0.01322	0.00525	0.00513
34	0.00989	0.00706	0.00942	0.01130	0.01177	0.00659	0.00753	0.01130	0.01554	0.02071	0.04472	0.70954	0.05367	0.02542	0.01036	0.00330	0.00471	0.02307	0.00753	0.00659
35	0.03085	0.02273	0.02435	0.01867	0.02516	0.02516	0.01542	0.63716	0.03815	0.05114	0.01948	0.01948	0.01380	0.00974	0.00812	0.00244	0.00893	0.00731	0.00812	0.01380
36	0.02311	0.02502	0.02999	0.04125	0.47493	0.21563	0.02217	0.02712	0.01981	0.02454	0.01446	0.01847	0.01214	0.00756	0.00782	0.00232	0.01112	0.00664	0.00407	0.01183
37	0.01627	0.04197	0.67279	0.02313	0.03512	0.01884	0.02998	0.02570	0.01713	0.02570	0.01456	0.01713	0.01028	0.00771	0.00771	0.00257	0.01199	0.00600	0.00343	0.01199
38	0.01754	0.08129	0.59217	0.02244	0.03361	0.06439	0.02808	0.02607	0.01749	0.02492	0.01423	0.01672	0.01030	0.00771	0.00754	0.00249	0.01198	0.00585	0.00348	0.01173
39	0.01434	0.01161	0.01426	0.01439	0.05861	0.01171	0.01009	0.02296	0.18268	0.03129	0.37775	0.04994	0.10930	0.01446	0.00899	0.00256	0.00500	0.01259	0.00814	0.03935
40	0.02011	0.01884	0.02947	0.04189	0.51127	0.01949	0.02203	0.02923	0.16856	0.02828	0.01949	0.02251	0.01569	0.00813	0.00809	0.00249	0.00887	0.00769	0.00502	0.01285
41	0.00959	0.00822	0.00822	0.00822	0.01096	0.00685	0.00617	0.01165	0.01850	0.02192	0.08220	0.07809	0.66092	0.02055	0.00959	0.00274	0.00411	0.01713	0.00754	0.00685
42	0.02336	0.16463	0.03206	0.03422	0.35191	0.18525	0.02004	0.05155	0.01999	0.02439	0.01397	0.01730	0.01181	0.00755	0.00729	0.00220	0.01065	0.00616	0.00411	0.01155
43	0.01168	0.00833	0.01120	0.01120	0.01201	0.00914	0.00784	0.01331	0.01250	0.01747	0.02342	0.04121	0.02434	0.34846	0.40062	0.01077	0.01564	0.01006	0.00460	0.00622
44	0.02840	0.18976	0.02733	0.01935	0.02414	0.53803	0.01528	0.03060	0.02155	0.01969	0.01226	0.01427	0.01044	0.00805	0.00685	0.00201	0.01331	0.00503	0.00402	0.00963
45	0.01712	0.03694	0.53084	0.02905	0.17468	0.01894	0.02885	0.02552	0.01743	0.02588	0.01472	0.01779	0.01085	0.00760	0.00778	0.00253	0.01147	0.00627	0.00356	0.01218
46	0.02841	0.18876	0.02730	0.01936	0.02415	0.53898	0.01528	0.03062	0.02156	0.01969	0.01226	0.01428	0.01044	0.00805	0.00685	0.00201	0.01332	0.00503	0.00402	0.00963
47	0.00959	0.00822	0.00822	0.00822	0.01096	0.00685	0.00617	0.01165	0.01850	0.02192	0.08220	0.07809	0.66092	0.02055	0.00959	0.00274	0.00411	0.01713	0.00754	0.00685
48	0.02273	0.01963	0.03078	0.04270	0.52224	0.01998	0.02264	0.13324	0.02215	0.06043	0.01678	0.02032	0.01335	0.00780	0.00805	0.00242	0.00939	0.00729	0.00501	0.01306
49	0.02080	0.01522	0.01720	0.01506	0.01871	0.01624	0.01162	0.33519	0.02756	0.03697	0.05850	0.32431	0.03404	0.01693	0.00916	0.00282	0.00685	0.01455	0.00790	0.01037
50	0.02119	0.01985	0.08515	0.01535	0.02271	0.01638	0.01357	0.21017	0.04902	0.03421	0.01673	0.01821	0.01290	0.00752	0.00691	0.00178	0.00752	0.00587	0.00582	0.42913
51	0.02720	0.10245	0.02393	0.01922	0.02377	0.47000	0.01487	0.03396	0.16134	0.02291	0.01696	0.01794	0.01362	0.00881	0.00731	0.00220	0.01221	0.00601	0.00501	0.01027
52	0.02432	0.18202	0.03129	0.03089	0.27930	0.27334	0.01896	0.02761	0.01975	0.02234	0.01335	0.01645	0.01140	0.00759	0.00713	0.00214	0.01132	0.00583	0.00396	0.01101
53	0.02346	0.02568	0.02966	0.04027	0.45339	0.23797	0.02186	0.02738	0.01997	0.02432	0.01437	0.01829	0.01206	0.00760	0.00780	0.00230	0.01129	0.00657	0.00407	0.01172

[dist]
# distance from previous block
# <min> <max>
0	3

[block]
# block no. 2 follows, 23 sequences, length 14
# corresponding to MSA columns:
# 82-95
name=unknown_C
#
# <colnr> <probs for GDERKNQSTAVLIFYWHMCP>
#	G	D	E	R	K	N	Q	S	T	A	V	L	I	F	Y	W	H	M	C	P
0	0.02463	0.03014	0.16585	0.09281	0.02952	0.23452	0.01878	0.19465	0.02469	0.03058	0.01611	0.01841	0.01212	0.00865	0.00759	0.00234	0.01128	0.00635	0.05996	0.01101
1	0.02138	0.02499	0.07233	0.07700	0.28483	0.15371	0.19599	0.02652	0.01937	0.02462	0.01495	0.01941	0.01194	0.00743	0.00831	0.00246	0.01200	0.00742	0.00401	0.01133
2	0.17192	0.01802	0.02762	0.04002	0.49825	0.01853	0.02101	0.02426	0.01754	0.02839	0.01595	0.02252	0.01384	0.00811	0.00759	0.00250	0.00884	0.03895	0.00441	0.01174
3	0.00989	0.00706	0.00942	0.01130	0.01177	0.00659	0.00753	0.01130	0.01554	0.02071	0.04472	0.70954	0.05367	0.02542	0.01036	0.00330	0.00471	0.02307	0.00753	0.00659
4	0.02050	0.01779	0.02062	0.17784	0.05910	0.06769	0.01557	0.17380	0.16183	0.03119	0.02513	0.14689	0.02244	0.01225	0.00849	0.00270	0.00851	0.01039	0.00649	0.01079
5	0.03085	0.02273	0.02435	0.01867	0.02516	0.02516	0.01542	0.63716	0.03815	0.05114	0.01948	0.01948	0.01380	0.00974	0.00812	0.00244	0.00893	0.00731	0.00812	0.01380
6	0.01180	0.00787	0.00885	0.00885	0.00885	0.00787	0.00492	0.01180	0.01180	0.01573	0.02557	0.05310	0.02950	0.71483	0.04130	0.00787	0.00787	0.01180	0.00492	0.00492
7	0.02008	0.01928	0.03294	0.04981	0.66422	0.01928	0.02490	0.02490	0.01848	0.02651	0.01526	0.02008	0.01285	0.00723	0.00803	0.00241	0.00964	0.00723	0.00402	0.01285
8	0.01234	0.00899	0.01210	0.01354	0.01543	0.00874	0.01148	0.01575	0.01884	0.02449	0.09984	0.12354	0.12203	0.02188	0.01083	0.00349	0.00661	0.45512	0.00761	0.00736
9	0.01981	0.48446	0.26130	0.01709	0.02579	0.02750	0.01947	0.02478	0.01671	0.02138	0.01242	0.01444	0.01037	0.00721	0.00608	0.00203	0.00983	0.00491	0.00346	0.01096
10	0.02555	0.07560	0.02285	0.01802	0.04755	0.19652	0.01384	0.15276	0.09179	0.07671	0.01803	0.01886	0.01384	0.00835	0.00720	0.00204	0.00936	0.00620	0.00593	0.18900
11	0.02653	0.02121	0.02385	0.02295	0.12698	0.06066	0.01601	0.42641	0.03133	0.04161	0.02146	0.10312	0.01829	0.01116	0.00833	0.00252	0.00887	0.00909	0.00715	0.01251
12	0.02074	0.01549	0.06480	0.01461	0.01988	0.01321	0.01255	0.06918	0.01869	0.16844	0.02154	0.05591	0.01754	0.02084	0.15761	0.00454	0.05223	0.00769	0.00607	0.23843
13	0.01720	0.16902	0.02037	0.01304	0.01704	0.01787	0.01041	0.02693	0.25110	0.02554	0.07485	0.03606	0.07296	0.15338	0.01433	0.00346	0.00683	0.00937	0.00632	0.05392

[dist]
# distance from previous block
# <min> <max>
2	11

[block]
# block no. 3 follows, 23 sequences, length 28
# corresponding to MSA columns:
# 107-134
name=unknown_D
#
# <colnr> <probs for GDERKNQSTAVLIFYWHMCP>
#	G	D	E	R	K	N	Q	S	T	A	V	L	I	F	Y	W	H	M	C	P
0	0.01835	0.02418	0.14272	0.01809	0.02223	0.18175	0.01652	0.02274	0.03832	0.02216	0.02620	0.06943	0.07503	0.01792	0.07211	0.00377	0.11718	0.09717	0.00503	0.00909
1	0.01729	0.16849	0.55513	0.02140	0.03245	0.02132	0.02698	0.02544	0.01701	0.02446	0.01395	0.01636	0.01030	0.00757	0.00724	0.00241	0.01137	0.00569	0.00343	0.01170
2	0.02557	0.13668	0.02931	0.02947	0.23777	0.36122	0.01848	0.02866	0.02049	0.02196	0.01326	0.01620	0.01125	0.00777	0.00723	0.00214	0.01205	0.00576	0.00402	0.01071
3	0.02205	0.01740	0.01733	0.01494	0.01957	0.06977	0.01176	0.14618	0.25683	0.10090	0.04120	0.03884	0.18255	0.01288	0.00848	0.00261	0.00702	0.01042	0.00791	0.01133
4	0.01701	0.11303	0.01895	0.01377	0.01700	0.01593	0.01130	0.13500	0.01866	0.02601	0.02021	0.02668	0.01768	0.03899	0.39913	0.00845	0.01589	0.00771	0.06964	0.00898
5	0.14319	0.01695	0.07270	0.04365	0.02131	0.01539	0.01295	0.15948	0.02258	0.18765	0.03088	0.12535	0.08889	0.01262	0.00808	0.00264	0.00724	0.01024	0.00735	0.01087
6	0.14804	0.01797	0.01883	0.01598	0.02102	0.01996	0.01314	0.30486	0.14598	0.04024	0.02660	0.03373	0.04375	0.01196	0.00816	0.00272	0.00762	0.10038	0.00751	0.01156
7	0.01840	0.14905	0.02348	0.01466	0.02017	0.01718	0.06416	0.12249	0.02066	0.02787	0.06090	0.03086	0.11270	0.04230	0.05146	0.00297	0.00833	0.00844	0.00565	0.19827
8	0.02276	0.51750	0.10609	0.01621	0.02316	0.15466	0.01594	0.02599	0.01780	0.01994	0.01187	0.01376	0.01041	0.00729	0.00588	0.00189	0.01017	0.00468	0.00360	0.01039
9	0.01154	0.00929	0.01073	0.00984	0.01294	0.00780	0.00739	0.01433	0.01915	0.02570	0.23178	0.12889	0.30513	0.01718	0.00899	0.00245	0.00445	0.01473	0.00742	0.15026
10	0.01824	0.01698	0.02836	0.06964	0.51407	0.01701	0.02151	0.02290	0.01924	0.02741	0.13815	0.02788	0.02491	0.00905	0.00833	0.00245	0.00858	0.00865	0.00494	0.01170
11	0.01088	0.00788	0.00994	0.01057	0.01180	0.00736	0.00751	0.01310	0.01786	0.02402	0.23226	0.29255	0.12759	0.12059	0.01453	0.00370	0.00506	0.06845	0.00758	0.00678
12	0.02169	0.71972	0.04252	0.01388	0.02083	0.03211	0.01388	0.02430	0.01649	0.01909	0.01128	0.01302	0.01041	0.00694	0.00521	0.00174	0.00868	0.00434	0.00347	0.01041
13	0.02521	0.01830	0.02011	0.01665	0.02164	0.02001	0.01326	0.37612	0.14650	0.07586	0.02745	0.15237	0.02371	0.01296	0.00857	0.00266	0.00756	0.01068	0.00814	0.01226
14	0.02018	0.01743	0.01835	0.01651	0.02110	0.02018	0.01284	0.04312	0.64956	0.03394	0.03303	0.03027	0.02477	0.01101	0.00826	0.00275	0.00642	0.00917	0.00826	0.01284
15	0.01161	0.00862	0.01268	0.01268	0.01401	0.00995	0.00970	0.01426	0.01293	0.01857	0.02206	0.03369	0.02107	0.11686	0.62775	0.01260	0.02055	0.00896	0.00440	0.00705
16	0.01885	0.02010	0.03987	0.03224	0.12701	0.01851	0.42930	0.02478	0.01862	0.02615	0.01587	0.02067	0.01233	0.00674	0.00868	0.00240	0.01165	0.00834	0.00422	0.15365
17	0.03085	0.02273	0.02435	0.01867	0.02516	0.02516	0.01542	0.63716	0.03815	0.05114	0.01948	0.01948	0.01380	0.00974	0.00812	0.00244	0.00893	0.00731	0.00812	0.01380
18	0.02111	0.64727	0.10989	0.01487	0.02235	0.03069	0.01560	0.02445	0.01656	0.01980	0.01163	0.01346	0.01040	0.00702	0.00547	0.00182	0.00903	0.00452	0.00347	0.01058
19	0.19836	0.02175	0.07588	0.01680	0.02307	0.02208	0.01465	0.33121	0.14632	0.04232	0.01974	0.01987	0.01442	0.00930	0.00740	0.00252	0.00811	0.00688	0.00703	0.01231
20	0.02417	0.02336	0.02034	0.01789	0.02265	0.18207	0.01390	0.12552	0.40953	0.03298	0.02610	0.02492	0.01971	0.01018	0.00801	0.00255	0.00878	0.00795	0.00724	0.01214
21	0.04571	0.31588	0.02862	0.01501	0.01957	0.06011	0.01325	0.08685	0.01867	0.02376	0.02551	0.02700	0.13373	0.01129	0.01054	0.00239	0.13990	0.00765	0.00484	0.00970
22	0.34147	0.02342	0.14274	0.01614	0.02306	0.02102	0.01539	0.26128	0.02385	0.04006	0.01508	0.01637	0.01101	0.00842	0.00673	0.00249	0.00839	0.00582	0.00591	0.01134
23	0.16193	0.07967	0.04666	0.01465	0.01882	0.12467	0.01197	0.13867	0.01981	0.02818	0.01739	0.02499	0.01578	0.14938	0.10995	0.00488	0.01109	0.00716	0.00516	0.00917
24	0.19799	0.01108	0.01182	0.01066	0.01435	0.01072	0.00833	0.02088	0.01886	0.15998	0.14857	0.09974	0.22707	0.01500	0.00826	0.00265	0.00520	0.01230	0.00768	0.00886
25	0.06272	0.01924	0.02044	0.01680	0.02216	0.02157	0.01355	0.34982	0.23614	0.04172	0.02635	0.02591	0.04531	0.01329	0.04477	0.00313	0.00846	0.00827	0.00778	0.01258
26	0.01961	0.01542	0.01785	0.01545	0.05909	0.01469	0.01112	0.19957	0.02237	0.03130	0.02350	0.02962	0.06778	0.14350	0.01377	0.00303	0.00730	0.00801	0.00597	0.29103
27	0.05637	0.01678	0.02042	0.23741	0.09758	0.07017	0.01590	0.06374	0.13714	0.02552	0.02016	0.02798	0.01729	0.14342	0.01424	0.00359	0.00926	0.00816	0.00518	0.00968

[dist]
# distance from previous block
# <min> <max>
4	50

[block]
# block no. 4 follows, 23 sequences, length 26
# corresponding to MSA columns:
# 186-211
name=unknown_E
#
# <colnr> <probs for GDERKNQSTAVLIFYWHMCP>
#	G	D	E	R	K	N	Q	S	T	A	V	L	I	F	Y	W	H	M	C	P
0	0.02324	0.45426	0.13100	0.01655	0.02379	0.12227	0.01653	0.06014	0.01899	0.04859	0.01325	0.01481	0.01098	0.00754	0.00616	0.00198	0.00996	0.00503	0.00409	0.01083
1	0.02144	0.38088	0.07768	0.02106	0.12032	0.08994	0.01669	0.02479	0.01722	0.04375	0.01375	0.01678	0.01191	0.01189	0.06009	0.00294	0.04877	0.00561	0.00393	0.01058
2	0.01683	0.12529	0.43130	0.01920	0.02908	0.01850	0.02286	0.02385	0.01692	0.02475	0.01541	0.04666	0.01253	0.00804	0.00716	0.00222	0.01006	0.00629	0.00388	0.15918
3	0.01476	0.01305	0.01355	0.01457	0.01689	0.09851	0.01222	0.01799	0.01922	0.02328	0.04574	0.07895	0.14882	0.02022	0.01041	0.00334	0.00784	0.42596	0.00704	0.00762
4	0.02764	0.25913	0.02995	0.01779	0.02370	0.23476	0.01499	0.24293	0.02618	0.03063	0.01457	0.01581	0.01162	0.00838	0.00690	0.00209	0.01064	0.00566	0.00533	0.01129
5	0.01627	0.04197	0.67279	0.02313	0.03512	0.01884	0.02998	0.02570	0.01713	0.02570	0.01456	0.01713	0.01028	0.00771	0.00771	0.00257	0.01199	0.00600	0.00343	0.01199
6	0.21575	0.02063	0.08014	0.01527	0.02067	0.05348	0.01321	0.26523	0.02438	0.03679	0.02167	0.05230	0.05098	0.08253	0.01082	0.00306	0.00829	0.00797	0.00628	0.01052
7	0.00995	0.00723	0.00925	0.01082	0.01153	0.00669	0.00724	0.01136	0.01567	0.02059	0.04792	0.60434	0.12044	0.06105	0.01189	0.00347	0.00481	0.02181	0.00740	0.00653
8	0.01001	0.00781	0.00915	0.01013	0.01180	0.00694	0.00734	0.01193	0.01721	0.02159	0.06248	0.35611	0.34324	0.02284	0.01006	0.00307	0.00465	0.06930	0.00753	0.00679
9	0.08101	0.01942	0.02911	0.08582	0.47651	0.05566	0.02202	0.02535	0.01812	0.05499	0.01527	0.01956	0.01248	0.00783	0.00865	0.00248	0.04252	0.00693	0.00433	0.01193
10	0.02621	0.15988	0.02638	0.01715	0.02323	0.02523	0.01443	0.35828	0.19548	0.04022	0.02143	0.02105	0.01603	0.00952	0.00758	0.00238	0.00822	0.00721	0.00723	0.01287
11	0.01180	0.00787	0.00885	0.00885	0.00885	0.00787	0.00492	0.01180	0.01180	0.01573	0.02557	0.05310	0.02950	0.71483	0.04130	0.00787	0.00787	0.01180	0.00492	0.00492
12	0.01945	0.01864	0.03180	0.13502	0.58392	0.01911	0.02459	0.02435	0.01818	0.02575	0.01515	0.02029	0.01258	0.00735	0.00804	0.00245	0.00980	0.00723	0.00396	0.01235
13	0.02454	0.02836	0.06529	0.03115	0.19418	0.25720	0.15511	0.09647	0.02237	0.02673	0.01498	0.01831	0.01185	0.00786	0.00811	0.00238	0.01236	0.00697	0.00452	0.01126
14	0.02786	0.03402	0.02538	0.02783	0.17830	0.52333	0.01789	0.03060	0.02191	0.02145	0.01319	0.01594	0.01103	0.00809	0.00749	0.00217	0.01344	0.00571	0.00414	0.01023
15	0.01160	0.00865	0.01281	0.01281	0.01418	0.01002	0.00986	0.01434	0.01297	0.01867	0.02194	0.03303	0.02078	0.09629	0.64793	0.01276	0.02098	0.00886	0.00438	0.00712
16	0.01127	0.00829	0.01055	0.00999	0.01199	0.00757	0.00749	0.01490	0.02247	0.03135	0.59520	0.06257	0.14204	0.01703	0.00957	0.00257	0.00386	0.01495	0.00878	0.00757
17	0.01757	0.20444	0.52170	0.02091	0.03169	0.02202	0.02612	0.02536	0.01698	0.02411	0.01378	0.01614	0.01031	0.00753	0.00711	0.00237	0.01120	0.00560	0.00344	0.01161
18	0.01777	0.01664	0.02730	0.04005	0.50774	0.01639	0.02057	0.02212	0.01897	0.02656	0.09398	0.03209	0.10481	0.00999	0.00840	0.00247	0.00828	0.00934	0.00501	0.01150
19	0.01327	0.01116	0.01626	0.01529	0.01635	0.01415	0.01222	0.01586	0.01287	0.01903	0.01871	0.02803	0.01766	0.04813	0.50377	0.01045	0.20669	0.00826	0.00413	0.00769
20	0.01703	0.03671	0.50907	0.02603	0.03703	0.01928	0.18843	0.02577	0.01766	0.02577	0.01505	0.01838	0.01081	0.00748	0.00820	0.00261	0.01243	0.00693	0.00360	0.01172
21	0.02995	0.01805	0.02145	0.01835	0.05804	0.01882	0.01408	0.24975	0.16707	0.27555	0.02690	0.02493	0.01851	0.00999	0.00816	0.00253	0.00766	0.00803	0.00864	0.01354
22	0.02911	0.13471	0.02584	0.01979	0.02448	0.55552	0.01541	0.06278	0.02286	0.02138	0.01272	0.01466	0.01062	0.00823	0.00706	0.00206	0.01349	0.00521	0.00429	0.00978
23	0.02078	0.01149	0.01410	0.01191	0.01604	0.01046	0.00941	0.05112	0.05709	0.24040	0.22163	0.04865	0.19218	0.01433	0.00882	0.00253	0.00537	0.01207	0.00871	0.04291
24	0.06314	0.01424	0.01507	0.01270	0.01659	0.01549	0.01018	0.26851	0.02502	0.03802	0.02239	0.02510	0.01726	0.01400	0.06632	0.00313	0.00758	0.00738	0.34777	0.01012
25	0.02994	0.07007	0.02402	0.02042	0.02489	0.60679	0.01558	0.07293	0.02371	0.02194	0.01295	0.01488	0.01068	0.00839	0.00727	0.00210	0.01396	0.00532	0.00441	0.00975

[dist]
# distance from previous block
# <min> <max>
0	1

[block]
# block no. 5 follows, 23 sequences, length 21
# corresponding to MSA columns:
# 213-233
name=unknown_F
#
# <colnr> <probs for GDERKNQSTAVLIFYWHMCP>
#	G	D	E	R	K	N	Q	S	T	A	V	L	I	F	Y	W	H	M	C	P
0	0.01802	0.26015	0.46989	0.02015	0.03052	0.02311	0.02480	0.02525	0.01692	0.02357	0.01351	0.01581	0.01032	0.00746	0.00690	0.00230	0.01092	0.00546	0.00344	0.01148
1	0.02555	0.02108	0.02160	0.01779	0.02245	0.09964	0.01437	0.38491	0.02903	0.03809	0.01866	0.02168	0.01472	0.02168	0.16539	0.00492	0.05311	0.00737	0.00651	0.01147
2	0.01027	0.00813	0.00924	0.00921	0.01144	0.00710	0.00681	0.01288	0.01975	0.02547	0.27816	0.13410	0.39933	0.01966	0.00966	0.00273	0.00407	0.01686	0.00802	0.00710
3	0.02233	0.02896	0.24849	0.01928	0.02660	0.12344	0.01919	0.03490	0.25483	0.10396	0.02320	0.02288	0.01687	0.00932	0.00790	0.00256	0.00973	0.00732	0.00613	0.01212
4	0.01180	0.00787	0.00885	0.00885	0.00885	0.00787	0.00492	0.01180	0.01180	0.01573	0.02557	0.05310	0.02950	0.71483	0.04130	0.00787	0.00787	0.01180	0.00492	0.00492
5	0.00982	0.00733	0.00914	0.01059	0.01158	0.00665	0.00722	0.01138	0.01622	0.02099	0.05341	0.56324	0.19436	0.02429	0.01018	0.00317	0.00457	0.02169	0.00753	0.00665
6	0.01643	0.01555	0.02633	0.54577	0.19683	0.01832	0.02308	0.02170	0.01675	0.02207	0.01462	0.02127	0.01129	0.00791	0.00809	0.00264	0.01054	0.00722	0.00370	0.00990
7	0.07952	0.11696	0.39797	0.02057	0.02963	0.17402	0.02315	0.02694	0.01815	0.02443	0.01346	0.01577	0.01022	0.00776	0.00712	0.00236	0.01177	0.00550	0.00373	0.01096
8	0.01775	0.01775	0.02485	0.02130	0.02130	0.02485	0.01775	0.01953	0.01243	0.01953	0.01065	0.01775	0.01065	0.01420	0.02663	0.00355	0.69998	0.00710	0.00355	0.00888
9	0.01935	0.01671	0.01755	0.01586	0.02030	0.01914	0.01232	0.04065	0.59999	0.03300	0.03689	0.03403	0.07473	0.01176	0.00836	0.00275	0.00624	0.00980	0.00820	0.01237
10	0.01987	0.02053	0.06810	0.04834	0.62964	0.01926	0.02518	0.02495	0.01840	0.02646	0.01522	0.01992	0.01271	0.00726	0.00802	0.00242	0.00977	0.00716	0.00398	0.01281
11	0.02909	0.03557	0.02368	0.02225	0.05694	0.57311	0.01625	0.06562	0.02301	0.02195	0.01296	0.01536	0.01077	0.00873	0.00853	0.00221	0.05426	0.00555	0.00436	0.00980
12	0.01627	0.04197	0.67279	0.02313	0.03512	0.01884	0.02998	0.02570	0.01713	0.02570	0.01456	0.01713	0.01028	0.00771	0.00771	0.00257	0.01199	0.00600	0.00343	0.01199
13	0.00989	0.00706	0.00942	0.01130	0.01177	0.00659	0.00753	0.01130	0.01554	0.02071	0.04472	0.70954	0.05367	0.02542	0.01036	0.00330	0.00471	0.02307	0.00753	0.00659
14	0.01627	0.04197	0.67279	0.02313	0.03512	0.01884	0.02998	0.02570	0.01713	0.02570	0.01456	0.01713	0.01028	0.00771	0.00771	0.00257	0.01199	0.00600	0.00343	0.01199
15	0.01535	0.01415	0.01997	0.01781	0.01829	0.01894	0.01445	0.01739	0.01259	0.01907	0.01523	0.02456	0.01498	0.07135	0.24616	0.00697	0.43283	0.00791	0.00390	0.00810
16	0.01180	0.00787	0.00885	0.00885	0.00885	0.00787	0.00492	0.01180	0.01180	0.01573	0.02557	0.05310	0.02950	0.71483	0.04130	0.00787	0.00787	0.01180	0.00492	0.00492
17	0.00989	0.00706	0.00942	0.01130	0.01177	0.00659	0.00753	0.01130	0.01554	0.02071	0.04472	0.70954	0.05367	0.02542	0.01036	0.00330	0.00471	0.02307	0.00753	0.00659
18	0.01940	0.02120	0.04395	0.03831	0.20611	0.02019	0.47419	0.02571	0.01897	0.02613	0.01611	0.02141	0.01245	0.00694	0.00917	0.00265	0.01262	0.00896	0.00408	0.01145
19	0.02089	0.02246	0.02691	0.29801	0.25487	0.19333	0.02154	0.02522	0.01877	0.02247	0.01421	0.01926	0.01141	0.00788	0.00788	0.00244	0.01142	0.00669	0.00390	0.01042
20	0.05292	0.01856	0.02838	0.27318	0.38325	0.05816	0.02280	0.02383	0.01774	0.02453	0.01463	0.01999	0.01181	0.00762	0.00788	0.00250	0.01020	0.00698	0.00393	0.01112

[dist]
# distance from previous block
# <min> <max>
0	1

[block]
# block no. 6 follows, 23 sequences, length 65
# corresponding to MSA columns:
# 235-299
name=unknown_G
#
# <colnr> <probs for GDERKNQSTAVLIFYWHMCP>
#	G	D	E	R	K	N	Q	S	T	A	V	L	I	F	Y	W	H	M	C	P
0	0.01983	0.01902	0.03248	0.08428	0.63173	0.01921	0.02478	0.02468	0.01836	0.02620	0.01522	0.02017	0.01274	0.00728	0.00804	0.00243	0.00970	0.00723	0.00399	0.01265
1	0.01291	0.01111	0.01537	0.01510	0.01549	0.01357	0.01149	0.01459	0.01418	0.02011	0.03022	0.39600	0.03496	0.02455	0.07724	0.00427	0.25962	0.01595	0.00579	0.00748
2	0.02096	0.02310	0.02438	0.02120	0.02227	0.19280	0.01722	0.02282	0.01513	0.01961	0.01113	0.01696	0.01060	0.01271	0.02169	0.00318	0.52489	0.00662	0.00371	0.00901
3	0.01664	0.01350	0.01600	0.01397	0.01645	0.01536	0.01106	0.14714	0.02005	0.02706	0.03869	0.04275	0.22341	0.08572	0.08156	0.00431	0.16813	0.01098	0.03853	0.00868
4	0.02504	0.01828	0.01940	0.01581	0.02089	0.02027	0.01276	0.36848	0.17507	0.04273	0.02410	0.02426	0.01782	0.00997	0.00763	0.00239	0.00726	0.00779	0.16779	0.01225
5	0.05322	0.21455	0.09599	0.01675	0.02184	0.22924	0.01500	0.02441	0.01759	0.02073	0.01478	0.01893	0.01293	0.02165	0.18392	0.00494	0.01424	0.00594	0.00399	0.00937
6	0.01627	0.04197	0.67279	0.02313	0.03512	0.01884	0.02998	0.02570	0.01713	0.02570	0.01456	0.01713	0.01028	0.00771	0.00771	0.00257	0.01199	0.00600	0.00343	0.01199
7	0.01308	0.00934	0.01308	0.01494	0.01681	0.00934	0.01308	0.01681	0.01868	0.02428	0.04296	0.09153	0.04670	0.02242	0.01121	0.00374	0.00747	0.60960	0.00747	0.00747
8	0.02107	0.02114	0.03198	0.04703	0.60274	0.08305	0.02402	0.02562	0.01891	0.02587	0.01500	0.01956	0.01262	0.00734	0.00796	0.00238	0.01012	0.00704	0.00403	0.01252
9	0.01003	0.00824	0.00883	0.00868	0.01123	0.00704	0.00651	0.01249	0.01953	0.02438	0.21582	0.07405	0.52577	0.01963	0.00959	0.00270	0.00404	0.01656	0.00786	0.00704
10	0.03031	0.03867	0.02299	0.02090	0.02508	0.68226	0.01568	0.03240	0.02299	0.01986	0.01254	0.01463	0.01045	0.00836	0.00732	0.00209	0.01463	0.00523	0.00418	0.00941
11	0.02169	0.71972	0.04252	0.01388	0.02083	0.03211	0.01388	0.02430	0.01649	0.01909	0.01128	0.01302	0.01041	0.00694	0.00521	0.00174	0.00868	0.00434	0.00347	0.01041
12	0.00962	0.00809	0.00835	0.00856	0.01105	0.00682	0.00631	0.01161	0.01817	0.02179	0.07812	0.14688	0.59477	0.02108	0.00967	0.00280	0.00418	0.01777	0.00753	0.00682
13	0.00968	0.00822	0.00834	0.00831	0.01102	0.00689	0.00624	0.01182	0.01871	0.02242	0.10963	0.07726	0.63318	0.02036	0.00959	0.00273	0.00410	0.01701	0.00760	0.00689
14	0.03031	0.03867	0.02299	0.02090	0.02508	0.68226	0.01568	0.03240	0.02299	0.01986	0.01254	0.01463	0.01045	0.00836	0.00732	0.00209	0.01463	0.00523	0.00418	0.00941
15	0.00959	0.00822	0.00822	0.00822	0.01096	0.00685	0.00617	0.01165	0.01850	0.02192	0.08220	0.07809	0.66092	0.02055	0.00959	0.00274	0.00411	0.01713	0.00754	0.00685
16	0.02169	0.71972	0.04252	0.01388	0.02083	0.03211	0.01388	0.02430	0.01649	0.01909	0.01128	0.01302	0.01041	0.00694	0.00521	0.00174	0.00868	0.00434	0.00347	0.01041
17	0.01159	0.00869	0.01304	0.01304	0.01449	0.01014	0.01014	0.01449	0.01304	0.01884	0.02173	0.03188	0.02029	0.06086	0.68268	0.01304	0.02173	0.00869	0.00435	0.00724
18	0.02169	0.71972	0.04252	0.01388	0.02083	0.03211	0.01388	0.02430	0.01649	0.01909	0.01128	0.01302	0.01041	0.00694	0.00521	0.00174	0.00868	0.00434	0.00347	0.01041
19	0.02008	0.01928	0.03294	0.04981	0.66422	0.01928	0.02490	0.02490	0.01848	0.02651	0.01526	0.02008	0.01285	0.00723	0.00803	0.00241	0.00964	0.00723	0.00402	0.01285
20	0.00982	0.00731	0.00916	0.01064	0.01160	0.00665	0.00724	0.01137	0.01616	0.02097	0.05268	0.57544	0.18262	0.02439	0.01019	0.00318	0.00458	0.02181	0.00753	0.00665
21	0.03031	0.03867	0.02299	0.02090	0.02508	0.68226	0.01568	0.03240	0.02299	0.01986	0.01254	0.01463	0.01045	0.00836	0.00732	0.00209	0.01463	0.00523	0.00418	0.00941
22	0.01658	0.07961	0.63779	0.02261	0.03433	0.01958	0.02909	0.02562	0.01710	0.02533	0.01438	0.01690	0.01029	0.00767	0.00757	0.00252	0.01181	0.00590	0.00343	0.01190
23	0.02008	0.01928	0.03294	0.04981	0.66422	0.01928	0.02490	0.02490	0.01848	0.02651	0.01526	0.02008	0.01285	0.00723	0.00803	0.00241	0.00964	0.00723	0.00402	0.01285
24	0.03031	0.03867	0.02299	0.02090	0.02508	0.68226	0.01568	0.03240	0.02299	0.01986	0.01254	0.01463	0.01045	0.00836	0.00732	0.00209	0.01463	0.00523	0.00418	0.00941
25	0.00959	0.00822	0.00822	0.00822	0.01096	0.00685	0.00617	0.01165	0.01850	0.02192	0.08220	0.07809	0.66092	0.02055	0.00959	0.00274	0.00411	0.01713	0.00754	0.00685
26	0.00959	0.00822	0.00822	0.00822	0.01096	0.00685	0.00617	0.01165	0.01850	0.02192	0.08220	0.07809	0.66092	0.02055	0.00959	0.00274	0.00411	0.01713	0.00754	0.00685
27	0.01683	0.01442	0.01683	0.01202	0.01923	0.01082	0.00961	0.02043	0.01683	0.02644	0.01442	0.01683	0.01202	0.00601	0.00601	0.00120	0.00601	0.00481	0.00481	0.76444
28	0.01159	0.00869	0.01304	0.01304	0.01449	0.01014	0.01014	0.01449	0.01304	0.01884	0.02173	0.03188	0.02029	0.06086	0.68268	0.01304	0.02173	0.00869	0.00435	0.00724
29	0.01180	0.00787	0.00885	0.00885	0.00885	0.00787	0.00492	0.01180	0.01180	0.01573	0.02557	0.05310	0.02950	0.71483	0.04130	0.00787	0.00787	0.01180	0.00492	0.00492
30	0.00989	0.00706	0.00942	0.01130	0.01177	0.00659	0.00753	0.01130	0.01554	0.02071	0.04472	0.70954	0.05367	0.02542	0.01036	0.00330	0.00471	0.02307	0.00753	0.00659
31	0.02018	0.01743	0.01835	0.01651	0.02110	0.02018	0.01284	0.04312	0.64956	0.03394	0.03303	0.03027	0.02477	0.01101	0.00826	0.00275	0.00642	0.00917	0.00826	0.01284
32	0.02969	0.03681	0.02316	0.02081	0.02490	0.61584	0.01577	0.06189	0.02321	0.02140	0.01279	0.01503	0.01063	0.00873	0.00835	0.00218	0.04945	0.00543	0.00434	0.00960
33	0.01271	0.00910	0.01256	0.01385	0.01573	0.00895	0.01182	0.01646	0.01967	0.02619	0.18566	0.08438	0.05361	0.02107	0.01083	0.00346	0.00663	0.47201	0.00781	0.00751
34	0.01180	0.00787	0.00885	0.00885	0.00885	0.00787	0.00492	0.01180	0.01180	0.01573	0.02557	0.05310	0.02950	0.71483	0.04130	0.00787	0.00787	0.01180	0.00492	0.00492
35	0.02169	0.71972	0.04252	0.01388	0.02083	0.03211	0.01388	0.02430	0.01649	0.01909	0.01128	0.01302	0.01041	0.00694	0.00521	0.00174	0.00868	0.00434	0.00347	0.01041
36	0.02080	0.01352	0.02188	0.01820	0.02282	0.01274	0.14391	0.02603	0.05545	0.20196	0.09387	0.05232	0.06435	0.01446	0.00963	0.00297	0.00807	0.19916	0.00764	0.01022
37	0.01627	0.04197	0.67279	0.02313	0.03512	0.01884	0.02998	0.02570	0.01713	0.02570	0.01456	0.01713	0.01028	0.00771	0.00771	0.00257	0.01199	0.00600	0.00343	0.01199
38	0.01915	0.02189	0.04788	0.03420	0.04241	0.02052	0.63475	0.02599	0.01915	0.02599	0.01642	0.02189	0.01231	0.00684	0.00958	0.00274	0.01368	0.00958	0.00410	0.01094
39	0.02009	0.01920	0.03230	0.04836	0.63628	0.01932	0.02438	0.02569	0.04589	0.02683	0.01603	0.02053	0.01337	0.00739	0.00804	0.00242	0.00950	0.00731	0.00420	0.01285
40	0.01986	0.01905	0.03253	0.08047	0.63532	0.01922	0.02479	0.02470	0.01837	0.02623	0.01522	0.02016	0.01276	0.00727	0.00804	0.00242	0.00970	0.00723	0.00400	0.01267
41	0.02008	0.01928	0.03294	0.04981	0.66422	0.01928	0.02490	0.02490	0.01848	0.02651	0.01526	0.02008	0.01285	0.00723	0.00803	0.00241	0.00964	0.00723	0.00402	0.01285
42	0.01532	0.01442	0.02434	0.69533	0.05589	0.01803	0.02253	0.02073	0.01622	0.02073	0.01442	0.02163	0.01082	0.00811	0.00811	0.00270	0.01082	0.00721	0.00361	0.00901
43	0.01672	0.09730	0.62134	0.02237	0.03395	0.01993	0.02867	0.02558	0.01708	0.02516	0.01429	0.01680	0.01029	0.00765	0.00750	0.00250	0.01172	0.00586	0.00343	0.01186
44	0.02008	0.01928	0.03294	0.04981	0.66422	0.01928	0.02490	0.02490	0.01848	0.02651	0.01526	0.02008	0.01285	0.00723	0.00803	0.00241	0.00964	0.00723	0.00402	0.01285
45	0.01224	0.00874	0.01212	0.01399	0.01549	0.00862	0.01162	0.01536	0.01785	0.02335	0.04342	0.25371	0.04853	0.02320	0.01098	0.00362	0.00675	0.45568	0.00749	0.00724
46	0.01956	0.01875	0.03200	0.12013	0.59794	0.01914	0.02464	0.02445	0.01823	0.02588	0.01517	0.02025	0.01263	0.00733	0.00804	0.00244	0.00977	0.00723	0.00397	0.01243
47	0.01503	0.01585	0.05469	0.02529	0.09626	0.01414	0.26536	0.01934	0.01739	0.02369	0.02877	0.32657	0.03063	0.01516	0.00968	0.00294	0.00919	0.01516	0.00559	0.00926
48	0.01449	0.02207	0.22879	0.02122	0.02742	0.01425	0.17935	0.01997	0.01715	0.02385	0.02770	0.27932	0.02879	0.01481	0.00936	0.00294	0.00950	0.04419	0.00534	0.00948
49	0.00989	0.00706	0.00942	0.01130	0.01177	0.00659	0.00753	0.01130	0.01554	0.02071	0.04472	0.70954	0.05367	0.02542	0.01036	0.00330	0.00471	0.02307	0.00753	0.00659
50	0.01627	0.04197	0.67279	0.02313	0.03512	0.01884	0.02998	0.02570	0.01713	0.02570	0.01456	0.01713	0.01028	0.00771	0.00771	0.00257	0.01199	0.00600	0.00343	0.01199
51	0.02480	0.04973	0.09897	0.08380	0.17709	0.04515	0.09893	0.02956	0.01961	0.23213	0.02019	0.02194	0.01437	0.00854	0.00887	0.00253	0.03840	0.00749	0.00583	0.01209
52	0.01989	0.01983	0.03611	0.04649	0.53217	0.01954	0.15441	0.02513	0.01862	0.02640	0.01551	0.02047	0.01274	0.00715	0.00836	0.00248	0.01050	0.00773	0.00404	0.01245
53	0.01553	0.01483	0.02562	0.65918	0.05515	0.01816	0.05601	0.02102	0.01639	0.02102	0.01453	0.02165	0.01090	0.00804	0.00819	0.00271	0.01097	0.00734	0.00363	0.00912
54	0.02008	0.01928	0.03294	0.04981	0.66422	0.01928	0.02490	0.02490	0.01848	0.02651	0.01526	0.02008	0.01285	0.00723	0.00803	0.00241	0.00964	0.00723	0.00402	0.01285
55	0.01483	0.01065	0.01184	0.01110	0.01401	0.01023	0.00839	0.12083	0.02152	0.05545	0.08711	0.21594	0.31439	0.01869	0.00927	0.00276	0.00517	0.01591	0.04355	0.00836
56	0.01367	0.01032	0.01324	0.01431	0.01654	0.01062	0.01196	0.02017	0.11876	0.02574	0.07028	0.13230	0.07868	0.02051	0.01051	0.00344	0.00673	0.40633	0.00767	0.00822
57	0.01216	0.01576	0.16372	0.01483	0.01841	0.01013	0.01407	0.01604	0.01683	0.02282	0.03892	0.36528	0.06805	0.02035	0.00993	0.00322	0.00707	0.16777	0.00657	0.00807
58	0.01627	0.04197	0.67279	0.02313	0.03512	0.01884	0.02998	0.02570	0.01713	0.02570	0.01456	0.01713	0.01028	0.00771	0.00771	0.00257	0.01199	0.00600	0.00343	0.01199
59	0.01812	0.01728	0.02939	0.31588	0.41347	0.01876	0.02393	0.02318	0.01755	0.02413	0.01492	0.02072	0.01201	0.00759	0.00807	0.00253	0.01012	0.00722	0.00385	0.01127
60	0.02060	0.01884	0.03086	0.18508	0.17130	0.01997	0.16889	0.15863	0.04942	0.03047	0.01855	0.05650	0.01506	0.00898	0.00857	0.00262	0.01035	0.00871	0.00520	0.01139
61	0.01982	0.01950	0.03090	0.15992	0.52401	0.05531	0.02399	0.02459	0.01833	0.02515	0.01497	0.02005	0.01237	0.00744	0.00801	0.00244	0.01012	0.00712	0.00395	0.01200
62	0.02058	0.02130	0.02476	0.20580	0.21895	0.15939	0.01925	0.02829	0.13828	0.02479	0.02064	0.02370	0.04130	0.00898	0.00801	0.00250	0.01017	0.00758	0.00489	0.01085
63	0.01820	0.02332	0.16506	0.21032	0.30598	0.05232	0.02430	0.02396	0.01784	0.02437	0.01613	0.02314	0.01334	0.00838	0.00811	0.00257	0.01060	0.03688	0.00396	0.01122
64	0.01933	0.01942	0.02234	0.13983	0.12216	0.13289	0.01716	0.02657	0.13963	0.02377	0.01963	0.02607	0.01669	0.01665	0.09385	0.00401	0.10755	0.03744	0.00494	0.01008

[dist]
# distance from previous block
# <min> <max>
51	134

[block]
# block no. 7 follows, 23 sequences, length 11
# corresponding to MSA columns:
# 447-457
name=unknown_H
#
# <colnr> <probs for GDERKNQSTAVLIFYWHMCP>
#	G	D	E	R	K	N	Q	S	T	A	V	L	I	F	Y	W	H	M	C	P
0	0.01678	0.05436	0.17465	0.01583	0.02097	0.01552	0.01548	0.12051	0.01877	0.02708	0.01964	0.02517	0.01637	0.03126	0.30025	0.00697	0.01464	0.00747	0.08863	0.00966
1	0.02169	0.71972	0.04252	0.01388	0.02083	0.03211	0.01388	0.02430	0.01649	0.01909	0.01128	0.01302	0.01041	0.00694	0.00521	0.00174	0.00868	0.00434	0.00347	0.01041
2	0.02151	0.02015	0.01821	0.01601	0.02045	0.15997	0.01254	0.14501	0.13146	0.03001	0.02826	0.10555	0.05948	0.01270	0.00829	0.00247	0.00841	0.06978	0.00663	0.12311
3	0.01234	0.06138	0.01523	0.01310	0.01496	0.01177	0.01042	0.01522	0.01330	0.01886	0.02096	0.03048	0.01955	0.05686	0.63248	0.01220	0.02077	0.00837	0.00428	0.00748
4	0.01328	0.01287	0.01131	0.01173	0.01386	0.11790	0.00856	0.01520	0.01820	0.02128	0.05558	0.29056	0.30923	0.02036	0.00957	0.00288	0.00622	0.04724	0.00698	0.00721
5	0.02109	0.64443	0.11254	0.01491	0.02241	0.03063	0.01567	0.02445	0.01656	0.01982	0.01165	0.01347	0.01040	0.00703	0.00548	0.00183	0.00905	0.00452	0.00347	0.01059
