[name]
unknown

[dist]
# distance from previous block
# <min> <max>
0	35

[block]
# block no. 0 follows, 23 sequences, length 40
# corresponding to MSA columns:
# 35-74
name=unknown_A
#
# <colnr> <probs for GDERKNQSTAVLIFYWHMCP>
#	G	D	E	R	K	N	Q	S	T	A	V	L	I	F	Y	W	H	M	C	P
0	0.02232	0.23716	0.03480	0.02181	0.02745	0.20400	0.18165	0.02598	0.01895	0.02168	0.01597	0.02355	0.01438	0.00920	0.00879	0.00240	0.05238	0.06341	0.00422	0.00991
1	0.02623	0.14976	0.15675	0.01930	0.02639	0.18926	0.01813	0.25901	0.02646	0.03276	0.01536	0.01669	0.01168	0.00851	0.00734	0.00226	0.01092	0.00602	0.00540	0.01176
2	0.01875	0.35144	0.38500	0.01891	0.02859	0.02490	0.02263	0.02506	0.01684	0.02268	0.01306	0.01525	0.01034	0.00736	0.00657	0.00219	0.01048	0.00524	0.00345	0.01127
3	0.02274	0.63701	0.04015	0.01474	0.02134	0.11106	0.01410	0.02528	0.01728	0.01918	0.01143	0.01321	0.01042	0.00711	0.00546	0.00178	0.00940	0.00445	0.00356	0.01029
4	0.01139	0.00829	0.01071	0.01011	0.01206	0.00761	0.00758	0.01512	0.02274	0.03199	0.63011	0.06151	0.10673	0.01679	0.00957	0.00256	0.00384	0.01480	0.00886	0.00761
5	0.01148	0.00829	0.01085	0.01021	0.01212	0.00766	0.00766	0.01531	0.02297	0.03254	0.65994	0.06061	0.07656	0.01659	0.00957	0.00255	0.00383	0.01467	0.00893	0.00766
6	0.77215	0.01569	0.01193	0.01067	0.01569	0.01820	0.00879	0.02385	0.01381	0.03641	0.01130	0.01318	0.00879	0.00753	0.00502	0.00251	0.00628	0.00439	0.00502	0.00879
7	0.02130	0.67007	0.08869	0.01456	0.02187	0.03114	0.01506	0.02440	0.01653	0.01957	0.01152	0.01332	0.01040	0.00700	0.00539	0.00180	0.00892	0.00446	0.00347	0.01053
8	0.02352	0.58038	0.03889	0.01484	0.02169	0.03072	0.01419	0.14682	0.02082	0.02550	0.01292	0.01431	0.01109	0.00750	0.00579	0.00188	0.00873	0.00493	0.00440	0.01109
9	0.01627	0.04197	0.67279	0.02313	0.03512	0.01884	0.02998	0.02570	0.01713	0.02570	0.01456	0.01713	0.01028	0.00771	0.00771	0.00257	0.01199	0.00600	0.00343	0.01199
10	0.01159	0.00869	0.01304	0.01304	0.01449	0.01014	0.01014	0.01449	0.01304	0.01884	0.02173	0.03188	0.02029	0.06086	0.68268	0.01304	0.02173	0.00869	0.00435	0.00724
11	0.01713	0.01343	0.01566	0.01309	0.01773	0.01216	0.01003	0.14044	0.02062	0.02932	0.02634	0.26666	0.02736	0.01374	0.00800	0.00220	0.00612	0.01188	0.00645	0.34163
12	0.02196	0.40178	0.20767	0.01777	0.02551	0.15852	0.01856	0.02629	0.01796	0.02102	0.01241	0.01444	0.01038	0.00743	0.00630	0.00203	0.01076	0.00496	0.00360	0.01064
13	0.01627	0.04197	0.67279	0.02313	0.03512	0.01884	0.02998	0.02570	0.01713	0.02570	0.01456	0.01713	0.01028	0.00771	0.00771	0.00257	0.01199	0.00600	0.00343	0.01199
14	0.01180	0.00787	0.00885	0.00885	0.00885	0.00787	0.00492	0.01180	0.01180	0.01573	0.02557	0.05310	0.02950	0.71483	0.04130	0.00787	0.00787	0.01180	0.00492	0.00492
15	0.03085	0.02273	0.02435	0.01867	0.02516	0.02516	0.01542	0.63716	0.03815	0.05114	0.01948	0.01948	0.01380	0.00974	0.00812	0.00244	0.00893	0.00731	0.00812	0.01380
16	0.01922	0.43849	0.26907	0.01704	0.02556	0.02607	0.01940	0.02435	0.01705	0.02216	0.04519	0.01691	0.01370	0.00771	0.00633	0.00208	0.00963	0.00546	0.00373	0.01085
17	0.18998	0.17709	0.17511	0.01675	0.02417	0.02337	0.01682	0.19060	0.05928	0.03398	0.01554	0.01676	0.01178	0.00824	0.00671	0.00235	0.00884	0.00582	0.00534	0.01147
18	0.26845	0.29126	0.02719	0.01445	0.02040	0.09342	0.01270	0.13848	0.02030	0.03074	0.01294	0.01443	0.01052	0.00780	0.00590	0.00215	0.00856	0.00500	0.00491	0.01041
19	0.14197	0.20821	0.29645	0.01792	0.02635	0.08437	0.01979	0.02669	0.01743	0.07237	0.01429	0.01598	0.01081	0.00772	0.00663	0.00230	0.01011	0.00540	0.00425	0.01096
20	0.02568	0.01855	0.02009	0.01594	0.02096	0.02022	0.01282	0.46110	0.03235	0.04414	0.09228	0.02803	0.02282	0.07549	0.01115	0.00291	0.00785	0.00856	0.06725	0.01180
21	0.02874	0.03904	0.09573	0.02115	0.02621	0.60800	0.01728	0.03165	0.02234	0.02051	0.01277	0.01491	0.01043	0.00829	0.00736	0.00214	0.01434	0.00531	0.00410	0.00970
22	0.01627	0.04197	0.67279	0.02313	0.03512	0.01884	0.02998	0.02570	0.01713	0.02570	0.01456	0.01713	0.01028	0.00771	0.00771	0.00257	0.01199	0.00600	0.00343	0.01199
23	0.01180	0.00787	0.00885	0.00885	0.00885	0.00787	0.00492	0.01180	0.01180	0.01573	0.02557	0.05310	0.02950	0.71483	0.04130	0.00787	0.00787	0.01180	0.00492	0.00492
24	0.01822	0.01458	0.01984	0.09756	0.15078	0.01545	0.01483	0.18496	0.02234	0.03013	0.02859	0.30740	0.02989	0.01559	0.00903	0.00282	0.00752	0.01385	0.00655	0.01007
25	0.06011	0.02414	0.13723	0.01962	0.05398	0.02177	0.01726	0.36066	0.10985	0.04097	0.02333	0.02350	0.05098	0.00994	0.00800	0.00252	0.00878	0.00773	0.00694	0.01268
26	0.25720	0.41505	0.06330	0.01386	0.02025	0.07471	0.01323	0.02482	0.01616	0.02491	0.01154	0.01339	0.00990	0.00727	0.00543	0.00205	0.00853	0.00450	0.00401	0.00991
27	0.07102	0.06755	0.09424	0.01742	0.02290	0.21459	0.01513	0.19674	0.02562	0.03269	0.13889	0.02491	0.02396	0.01012	0.00775	0.00233	0.00979	0.00760	0.00612	0.01061
28	0.15468	0.06538	0.40072	0.02159	0.06854	0.04834	0.02320	0.02581	0.01687	0.05206	0.01428	0.01674	0.01058	0.00802	0.00798	0.00253	0.04161	0.00581	0.00405	0.01121
29	0.16052	0.02542	0.13135	0.02534	0.17732	0.11242	0.01860	0.16515	0.02271	0.03314	0.04314	0.01920	0.01434	0.00850	0.00741	0.00242	0.00970	0.00657	0.00528	0.01147
30	0.17191	0.07989	0.24000	0.05072	0.02774	0.20364	0.01928	0.07165	0.01955	0.02739	0.01348	0.01575	0.01032	0.00797	0.00694	0.00236	0.01108	0.00550	0.00431	0.01052
31	0.06664	0.02021	0.05822	0.06904	0.21875	0.02015	0.01823	0.26867	0.02611	0.07170	0.02246	0.02406	0.06061	0.00946	0.00801	0.00248	0.00880	0.00781	0.00624	0.01233
32	0.17511	0.08672	0.02555	0.04639	0.13823	0.20348	0.06315	0.02636	0.03877	0.02523	0.01418	0.01769	0.01179	0.01136	0.05000	0.00304	0.04239	0.00617	0.00435	0.01005
33	0.06848	0.14168	0.17476	0.01868	0.02557	0.10360	0.06244	0.14691	0.02242	0.03019	0.08716	0.02207	0.01884	0.01077	0.03016	0.00270	0.01034	0.00711	0.00526	0.01085
34	0.22909	0.02343	0.02006	0.01672	0.02214	0.15409	0.01340	0.28468	0.09700	0.03899	0.01741	0.01802	0.01301	0.00901	0.00714	0.00242	0.00907	0.00632	0.00651	0.01147
35	0.02025	0.06903	0.02539	0.10697	0.24479	0.04791	0.01763	0.14857	0.02184	0.02909	0.04303	0.12307	0.02131	0.03421	0.00931	0.00270	0.00879	0.00968	0.00550	0.01090
36	0.15999	0.18270	0.14625	0.01806	0.05175	0.09038	0.01656	0.14732	0.02159	0.03109	0.05217	0.01839	0.01479	0.00848	0.00682	0.00229	0.00927	0.00608	0.00509	0.01093
37	0.10397	0.24224	0.21968	0.06546	0.02533	0.02062	0.01750	0.02261	0.01765	0.02587	0.14217	0.02441	0.02344	0.00925	0.00702	0.00231	0.00858	0.00712	0.00474	0.01004
38	0.17534	0.08530	0.19533	0.07184	0.27157	0.01998	0.02176	0.02458	0.01684	0.02735	0.01386	0.01736	0.01100	0.00745	0.00708	0.00243	0.00954	0.00607	0.00400	0.01133
39	0.02016	0.02333	0.18571	0.13228	0.13202	0.01874	0.02039	0.19105	0.02325	0.03253	0.05589	0.04571	0.01778	0.00949	0.00801	0.00251	0.00935	0.00793	0.05246	0.01143

[dist]
# distance from previous block
# <min> <max>
12	45

[block]
# block no. 1 follows, 23 sequences, length 149
# corresponding to MSA columns:
# 120-268
name=unknown_B
#
# <colnr> <probs for GDERKNQSTAVLIFYWHMCP>
#	G	D	E	R	K	N	Q	S	T	A	V	L	I	F	Y	W	H	M	C	P
0	0.02160	0.02729	0.15966	0.09608	0.18830	0.17031	0.02110	0.09759	0.02119	0.02676	0.01763	0.05499	0.01523	0.00956	0.00808	0.00251	0.01097	0.03541	0.00471	0.01105
1	0.25075	0.02454	0.10538	0.05756	0.02432	0.16964	0.01506	0.09326	0.02069	0.10790	0.04695	0.01926	0.01467	0.00876	0.00702	0.00243	0.00947	0.00623	0.00566	0.01046
2	0.09482	0.02820	0.26724	0.02491	0.15837	0.07601	0.02110	0.08991	0.02001	0.02870	0.02294	0.02477	0.08998	0.00943	0.00774	0.00250	0.00988	0.00751	0.00478	0.01119
3	0.01937	0.01787	0.01696	0.01818	0.09852	0.16486	0.01196	0.08022	0.02057	0.02700	0.07699	0.15370	0.02758	0.04531	0.00946	0.00262	0.00795	0.01053	0.15170	0.03865
4	0.01902	0.17673	0.02590	0.10305	0.11546	0.05779	0.03868	0.04610	0.01905	0.06084	0.06493	0.08315	0.09885	0.01118	0.00780	0.00235	0.00824	0.00941	0.00541	0.04606
5	0.01119	0.00796	0.00868	0.00868	0.00943	0.00758	0.00526	0.01176	0.01366	0.01745	0.04126	0.06002	0.20445	0.52247	0.03251	0.00645	0.00683	0.01328	0.00564	0.00545
6	0.05531	0.01084	0.01390	0.09169	0.01838	0.01080	0.00934	0.02198	0.01594	0.21917	0.02557	0.03966	0.02342	0.38086	0.02546	0.00535	0.00784	0.00979	0.00635	0.00833
7	0.02362	0.06052	0.02490	0.02783	0.21211	0.33506	0.01753	0.02669	0.02039	0.02236	0.01880	0.06667	0.01801	0.01063	0.00807	0.00243	0.01143	0.07818	0.00469	0.01008
8	0.01234	0.00883	0.01196	0.01357	0.01512	0.00870	0.01125	0.01534	0.01763	0.02292	0.04362	0.17584	0.07592	0.08223	0.01359	0.00398	0.00695	0.44583	0.00726	0.00710
9	0.01963	0.02196	0.10846	0.04666	0.58996	0.01923	0.02550	0.02500	0.01832	0.02641	0.01518	0.01973	0.01255	0.00729	0.00799	0.00243	0.00992	0.00708	0.00395	0.01275
10	0.01704	0.03738	0.54338	0.02852	0.16235	0.01893	0.02895	0.02554	0.01740	0.02586	0.01470	0.01773	0.01080	0.00761	0.00777	0.00254	0.01152	0.00625	0.00355	0.01217
11	0.01627	0.04197	0.67279	0.02313	0.03512	0.01884	0.02998	0.02570	0.01713	0.02570	0.01456	0.01713	0.01028	0.00771	0.00771	0.00257	0.01199	0.00600	0.00343	0.01199
12	0.01304	0.01013	0.01208	0.01127	0.01381	0.01010	0.00855	0.02055	0.14922	0.03169	0.47173	0.05633	0.12821	0.01588	0.00931	0.00261	0.00438	0.01382	0.00865	0.00862
13	0.00983	0.00730	0.00917	0.01068	0.01161	0.00664	0.00726	0.01137	0.01613	0.02096	0.05230	0.58183	0.17648	0.02444	0.01020	0.00318	0.00459	0.02187	0.00753	0.00664
14	0.16274	0.02742	0.02126	0.01868	0.02217	0.33574	0.01470	0.05439	0.01904	0.02448	0.01222	0.01547	0.01041	0.00968	0.01184	0.00252	0.18852	0.00563	0.00438	0.03872
15	0.01026	0.00825	0.00915	0.00892	0.01137	0.00713	0.00669	0.01294	0.02007	0.02567	0.28614	0.07192	0.45464	0.01915	0.00958	0.00267	0.00401	0.01626	0.00803	0.00713
16	0.02029	0.02198	0.02448	0.02122	0.02207	0.15781	0.01733	0.02213	0.01456	0.01959	0.01103	0.01712	0.01061	0.01302	0.02272	0.00326	0.56138	0.00672	0.00368	0.00898
17	0.02188	0.02292	0.03043	0.08094	0.50011	0.15329	0.02290	0.02618	0.01926	0.02483	0.01466	0.01907	0.01225	0.00751	0.00789	0.00236	0.01072	0.00682	0.00403	0.01194
18	0.02008	0.01928	0.03294	0.04981	0.66422	0.01928	0.02490	0.02490	0.01848	0.02651	0.01526	0.02008	0.01285	0.00723	0.00803	0.00241	0.00964	0.00723	0.00402	0.01285
19	0.02777	0.03444	0.02337	0.02098	0.02432	0.54930	0.01610	0.02980	0.02086	0.01979	0.01216	0.01526	0.01049	0.00954	0.01122	0.00239	0.15324	0.00561	0.00405	0.00930
20	0.00959	0.00822	0.00822	0.00822	0.01096	0.00685	0.00617	0.01165	0.01850	0.02192	0.08220	0.07809	0.66092	0.02055	0.00959	0.00274	0.00411	0.01713	0.00754	0.00685
21	0.01977	0.01205	0.01253	0.01085	0.01410	0.01277	0.00856	0.20174	0.02327	0.03643	0.02440	0.02707	0.01873	0.00954	0.00640	0.00205	0.00530	0.00749	0.53757	0.00941
22	0.40462	0.02073	0.05332	0.01327	0.01803	0.15090	0.01117	0.05249	0.01755	0.03196	0.01490	0.01713	0.01164	0.00816	0.00591	0.00231	0.00797	0.00537	0.14344	0.00911
23	0.01190	0.00980	0.01069	0.01076	0.01327	0.00952	0.00793	0.01810	0.14560	0.02456	0.09062	0.22409	0.35379	0.01964	0.00951	0.00287	0.00471	0.01687	0.00775	0.00804
24	0.01924	0.01842	0.03141	0.16448	0.55615	0.01906	0.02448	0.02416	0.01808	0.02548	0.01511	0.02036	0.01249	0.00739	0.00805	0.00246	0.00985	0.00723	0.00394	0.01217
25	0.01583	0.01277	0.01404	0.01337	0.01645	0.01361	0.01004	0.08958	0.25126	0.02905	0.04533	0.25914	0.16164	0.01748	0.00919	0.00289	0.00566	0.01509	0.00786	0.00970
26	0.01209	0.00947	0.01118	0.01112	0.01355	0.00910	0.00866	0.01748	0.09448	0.02745	0.27382	0.09408	0.25425	0.01852	0.00972	0.00286	0.00485	0.11129	0.00811	0.00793
27	0.01926	0.02067	0.02767	0.41914	0.10627	0.15278	0.09364	0.02411	0.01815	0.02173	0.01436	0.02010	0.01111	0.00793	0.00812	0.00256	0.01181	0.00709	0.00382	0.00969
28	0.02668	0.03178	0.02653	0.03117	0.25219	0.44668	0.01896	0.02974	0.02139	0.02222	0.01351	0.01657	0.01131	0.00796	0.00757	0.00220	0.01286	0.00594	0.00412	0.01063
29	0.77215	0.01569	0.01193	0.01067	0.01569	0.01820	0.00879	0.02385	0.01381	0.03641	0.01130	0.01318	0.00879	0.00753	0.00502	0.00251	0.00628	0.00439	0.00502	0.00879
30	0.03069	0.02748	0.02395	0.01934	0.02514	0.22092	0.01550	0.45699	0.03364	0.04182	0.01741	0.01804	0.01280	0.00933	0.00788	0.00233	0.01063	0.00669	0.00694	0.01249
31	0.02721	0.02376	0.02113	0.01753	0.02266	0.17260	0.01393	0.33362	0.12713	0.03885	0.02082	0.02132	0.01556	0.00959	0.00767	0.00234	0.00924	0.00715	0.09597	0.01191
32	0.00987	0.00711	0.00936	0.01117	0.01173	0.00660	0.00747	0.01131	0.01566	0.02076	0.04632	0.68271	0.07947	0.02521	0.01032	0.00327	0.00468	0.02281	0.00753	0.00660
33	0.00974	0.00809	0.00852	0.00870	0.01112	0.00687	0.00642	0.01182	0.01841	0.02241	0.11222	0.15158	0.55441	0.02089	0.00968	0.00279	0.00416	0.01768	0.00762	0.00687
34	0.01009	0.00795	0.00911	0.00943	0.01142	0.00697	0.00684	0.01238	0.01876	0.02400	0.20248	0.23142	0.37860	0.02087	0.00978	0.00284	0.00420	0.01806	0.00785	0.00697
35	0.02769	0.02116	0.02258	0.01803	0.02396	0.02369	0.01466	0.46149	0.21895	0.04605	0.02349	0.02267	0.01704	0.01012	0.00816	0.00253	0.00819	0.00786	0.00816	0.01352
36	0.77215	0.01569	0.01193	0.01067	0.01569	0.01820	0.00879	0.02385	0.01381	0.03641	0.01130	0.01318	0.00879	0.00753	0.00502	0.00251	0.00628	0.00439	0.00502	0.00879
37	0.03031	0.03867	0.02299	0.02090	0.02508	0.68226	0.01568	0.03240	0.02299	0.01986	0.01254	0.01463	0.01045	0.00836	0.00732	0.00209	0.01463	0.00523	0.00418	0.00941
38	0.02169	0.71972	0.04252	0.01388	0.02083	0.03211	0.01388	0.02430	0.01649	0.01909	0.01128	0.01302	0.01041	0.00694	0.00521	0.00174	0.00868	0.00434	0.00347	0.01041
39	0.02777	0.03444	0.02337	0.02098	0.02432	0.54930	0.01610	0.02980	0.02086	0.01979	0.01216	0.01526	0.01049	0.00954	0.01122	0.00239	0.15324	0.00561	0.00405	0.00930
40	0.02385	0.02683	0.01768	0.04292	0.02095	0.41854	0.01248	0.02650	0.02076	0.02275	0.02285	0.02498	0.07535	0.00980	0.00714	0.00213	0.01070	0.00704	0.19810	0.00867
41	0.01092	0.00827	0.01007	0.00962	0.01178	0.00742	0.00722	0.01423	0.02165	0.02940	0.48909	0.06578	0.24937	0.01776	0.00958	0.00261	0.00391	0.01540	0.00852	0.00742
42	0.01532	0.01442	0.02434	0.69533	0.05589	0.01803	0.02253	0.02073	0.01622	0.02073	0.01442	0.02163	0.01082	0.00811	0.00811	0.00270	0.01082	0.00721	0.00361	0.00901
43	0.00990	0.00823	0.00866	0.00855	0.01115	0.00698	0.00641	0.01225	0.01924	0.02368	0.17805	0.07519	0.56398	0.01989	0.00959	0.00271	0.00406	0.01672	0.00777	0.00698
44	0.01159	0.00869	0.01304	0.01304	0.01449	0.01014	0.01014	0.01449	0.01304	0.01884	0.02173	0.03188	0.02029	0.06086	0.68268	0.01304	0.02173	0.00869	0.00435	0.00724
45	0.01679	0.10681	0.61249	0.02224	0.03375	0.02011	0.02844	0.02556	0.01707	0.02506	0.01425	0.01674	0.01029	0.00764	0.00747	0.00249	0.01167	0.00584	0.00343	0.01184
46	0.01180	0.00787	0.00885	0.00885	0.00885	0.00787	0.00492	0.01180	0.01180	0.01573	0.02557	0.05310	0.02950	0.71483	0.04130	0.00787	0.00787	0.01180	0.00492	0.00492
47	0.01925	0.01948	0.03634	0.12139	0.40853	0.01950	0.20496	0.02473	0.01841	0.02567	0.01550	0.02080	0.01245	0.00722	0.00850	0.00254	0.01097	0.00792	0.00399	0.01184
48	0.02828	0.03003	0.02290	0.01967	0.02393	0.37843	0.01538	0.20947	0.02596	0.02957	0.01503	0.01717	0.01195	0.00951	0.00976	0.00236	0.09333	0.00617	0.04056	0.01056
49	0.01308	0.00934	0.01308	0.01494	0.01681	0.00934	0.01308	0.01681	0.01868	0.02428	0.04296	0.09153	0.04670	0.02242	0.01121	0.00374	0.00747	0.60960	0.00747	0.00747
50	0.03031	0.03867	0.02299	0.02090	0.02508	0.68226	0.01568	0.03240	0.02299	0.01986	0.01254	0.01463	0.01045	0.00836	0.00732	0.00209	0.01463	0.00523	0.00418	0.00941
51	0.01796	0.01711	0.02910	0.33791	0.39271	0.01872	0.02385	0.02304	0.01747	0.02393	0.01489	0.02077	0.01194	0.00762	0.00807	0.00254	0.01016	0.00722	0.00383	0.01114
52	0.01493	0.01941	0.18735	0.01856	0.02363	0.01434	0.08938	0.01993	0.01518	0.04679	0.01916	0.02611	0.01633	0.03675	0.37400	0.00830	0.04835	0.00801	0.00427	0.00923
53	0.01687	0.07204	0.56886	0.02399	0.03530	0.01968	0.10059	0.02566	0.01734	0.02542	0.01462	0.01750	0.01053	0.00757	0.00781	0.00255	0.01203	0.00634	0.00351	0.01179
54	0.02008	0.01928	0.03294	0.04981	0.66422	0.01928	0.02490	0.02490	0.01848	0.02651	0.01526	0.02008	0.01285	0.00723	0.00803	0.00241	0.00964	0.00723	0.00402	0.01285
55	0.19568	0.02760	0.02099	0.04854	0.02423	0.31287	0.01446	0.18003	0.02397	0.03139	0.01400	0.01596	0.01094	0.00875	0.00782	0.00236	0.03907	0.00572	0.00530	0.01032
56	0.01274	0.00833	0.01126	0.01126	0.01285	0.00930	0.00869	0.01593	0.01433	0.02255	0.02327	0.03135	0.02045	0.04415	0.46261	0.00942	0.01590	0.00833	0.24995	0.00735
57	0.02419	0.01845	0.01988	0.01688	0.02208	0.02074	0.01341	0.19075	0.44522	0.09110	0.02957	0.02737	0.02165	0.01061	0.00821	0.00265	0.00709	0.00862	0.00837	0.01316
58	0.02152	0.02201	0.03154	0.04573	0.57419	0.11266	0.02360	0.02596	0.01911	0.02557	0.01488	0.01932	0.01251	0.00739	0.00793	0.00236	0.01034	0.00695	0.00404	0.01237
59	0.01043	0.00746	0.00974	0.01137	0.01205	0.00705	0.00788	0.01201	0.01567	0.02071	0.04426	0.54727	0.07603	0.09082	0.01339	0.00376	0.00531	0.09097	0.00727	0.00655
60	0.00979	0.00823	0.00850	0.00843	0.01108	0.00694	0.00632	0.01204	0.01897	0.02305	0.14365	0.07623	0.59877	0.02013	0.00959	0.00272	0.00408	0.01686	0.00768	0.00694
61	0.02894	0.02307	0.02319	0.01847	0.02445	0.07647	0.01499	0.48519	0.14393	0.04565	0.02130	0.02098	0.01545	0.00985	0.00808	0.00246	0.00894	0.00747	0.00783	0.01328
62	0.01036	0.00735	0.00957	0.01084	0.01148	0.00691	0.00724	0.01199	0.01627	0.02199	0.13952	0.52968	0.05443	0.10540	0.01389	0.00372	0.00494	0.02041	0.00744	0.00656
63	0.06390	0.02118	0.09545	0.01953	0.06963	0.01905	0.01620	0.28621	0.02802	0.26426	0.02268	0.02185	0.01533	0.00934	0.00794	0.00248	0.00849	0.00732	0.00784	0.01331
64	0.01627	0.04197	0.67279	0.02313	0.03512	0.01884	0.02998	0.02570	0.01713	0.02570	0.01456	0.01713	0.01028	0.00771	0.00771	0.00257	0.01199	0.00600	0.00343	0.01199
65	0.62212	0.02034	0.01416	0.01274	0.01759	0.15250	0.01018	0.02558	0.01567	0.03306	0.01155	0.01347	0.00912	0.00770	0.00549	0.00243	0.00797	0.00456	0.00485	0.00891
66	0.03085	0.02273	0.02435	0.01867	0.02516	0.02516	0.01542	0.63716	0.03815	0.05114	0.01948	0.01948	0.01380	0.00974	0.00812	0.00244	0.00893	0.00731	0.00812	0.01380
67	0.01135	0.00975	0.00990	0.00960	0.01264	0.00906	0.00727	0.01687	0.12319	0.02391	0.07404	0.07016	0.55538	0.01897	0.00937	0.00274	0.00449	0.01581	0.00765	0.00784
68	0.01099	0.00912	0.00972	0.00942	0.01217	0.00829	0.00711	0.01540	0.07977	0.02522	0.19434	0.06998	0.48188	0.01884	0.00946	0.00270	0.00427	0.01587	0.00789	0.00759
69	0.02125	0.02480	0.04061	0.03005	0.03707	0.15412	0.45817	0.02679	0.01956	0.02451	0.01531	0.02004	0.01186	0.00741	0.00966	0.00257	0.04149	0.00840	0.00413	0.04219
70	0.02899	0.02094	0.02237	0.01736	0.02331	0.02309	0.01427	0.56418	0.03566	0.04867	0.02031	0.02075	0.01463	0.00971	0.00783	0.00237	0.00832	0.00734	0.09685	0.01306
71	0.01025	0.00751	0.00963	0.01066	0.01176	0.00689	0.00740	0.01234	0.01774	0.02380	0.20235	0.47340	0.13105	0.02265	0.01007	0.00304	0.00442	0.02028	0.00788	0.00689
72	0.02169	0.71972	0.04252	0.01388	0.02083	0.03211	0.01388	0.02430	0.01649	0.01909	0.01128	0.01302	0.01041	0.00694	0.00521	0.00174	0.00868	0.00434	0.00347	0.01041
73	0.09843	0.01221	0.01508	0.01232	0.01725	0.01100	0.00996	0.02954	0.02134	0.40297	0.11430	0.04034	0.15528	0.01270	0.00832	0.00256	0.00592	0.01038	0.00892	0.01120
74	0.02105	0.02148	0.02381	0.17690	0.09266	0.15352	0.05386	0.03307	0.28003	0.02689	0.02194	0.02366	0.01680	0.00920	0.00809	0.00257	0.00983	0.00776	0.00572	0.01116
75	0.02854	0.18859	0.02796	0.01848	0.02414	0.29236	0.01517	0.25253	0.02707	0.03116	0.01480	0.01604	0.01167	0.00854	0.00713	0.00214	0.01118	0.00579	0.00546	0.01125
76	0.03031	0.03867	0.02299	0.02090	0.02508	0.68226	0.01568	0.03240	0.02299	0.01986	0.01254	0.01463	0.01045	0.00836	0.00732	0.00209	0.01463	0.00523	0.00418	0.00941
77	0.01196	0.00854	0.01067	0.01096	0.01190	0.00877	0.00746	0.04185	0.01483	0.01996	0.03344	0.24226	0.07144	0.28664	0.17538	0.00714	0.00993	0.01453	0.00587	0.00648
78	0.01024	0.00871	0.00888	0.00886	0.01160	0.00763	0.00663	0.01350	0.05597	0.02258	0.07747	0.10546	0.59393	0.02021	0.00955	0.00277	0.00428	0.01694	0.00758	0.00719
79	0.00989	0.00706	0.00942	0.01130	0.01177	0.00659	0.00753	0.01130	0.01554	0.02071	0.04472	0.70954	0.05367	0.02542	0.01036	0.00330	0.00471	0.02307	0.00753	0.00659
80	0.01338	0.00867	0.01049	0.01016	0.01262	0.00764	0.00756	0.01595	0.01978	0.10129	0.23954	0.19467	0.28966	0.01912	0.00957	0.00277	0.00448	0.01654	0.00824	0.00786
81	0.25559	0.01437	0.01677	0.01331	0.01922	0.01380	0.01099	0.03487	0.02042	0.48113	0.02584	0.02332	0.01672	0.00930	0.00722	0.00251	0.00672	0.00704	0.00855	0.01231
82	0.02365	0.02782	0.02141	0.01941	0.02208	0.39597	0.01503	0.02583	0.01856	0.01958	0.01397	0.01883	0.01249	0.02031	0.14832	0.00464	0.17282	0.00636	0.00407	0.00885
83	0.77215	0.01569	0.01193	0.01067	0.01569	0.01820	0.00879	0.02385	0.01381	0.03641	0.01130	0.01318	0.00879	0.00753	0.00502	0.00251	0.00628	0.00439	0.00502	0.00879
84	0.02432	0.02907	0.01981	0.01839	0.02169	0.46699	0.01391	0.02666	0.01981	0.01953	0.01549	0.02016	0.01360	0.02517	0.22362	0.00560	0.01691	0.00634	0.00423	0.00871
85	0.02008	0.01928	0.03294	0.04981	0.66422	0.01928	0.02490	0.02490	0.01848	0.02651	0.01526	0.02008	0.01285	0.00723	0.00803	0.00241	0.00964	0.00723	0.00402	0.01285
86	0.01927	0.01097	0.01151	0.01015	0.01318	0.01140	0.00796	0.14805	0.02166	0.06115	0.02525	0.02791	0.01932	0.00954	0.00628	0.00203	0.00498	0.00753	0.57275	0.00912
87	0.01164	0.00850	0.01203	0.01203	0.01314	0.00960	0.00889	0.01384	0.01274	0.01809	0.02265	0.03697	0.02250	0.21789	0.52867	0.01180	0.01840	0.00944	0.00448	0.00669
88	0.01137	0.00829	0.01069	0.01009	0.01205	0.00761	0.00757	0.01509	0.02270	0.03189	0.62484	0.06167	0.11206	0.01683	0.00957	0.00256	0.00385	0.01482	0.00885	0.00761
89	0.01159	0.00869	0.01304	0.01304	0.01449	0.01014	0.01014	0.01449	0.01304	0.01884	0.02173	0.03188	0.02029	0.06086	0.68268	0.01304	0.02173	0.00869	0.00435	0.00724
90	0.02776	0.24007	0.02877	0.01883	0.02383	0.49000	0.01515	0.03000	0.02107	0.01963	0.01217	0.01415	0.01044	0.00794	0.00669	0.00199	0.01287	0.00496	0.00397	0.00970
91	0.01818	0.01783	0.02469	0.26872	0.24168	0.09508	0.02058	0.02267	0.01825	0.02322	0.02025	0.03444	0.01869	0.01075	0.00862	0.00274	0.01021	0.12881	0.00459	0.00999
92	0.02404	0.02618	0.02480	0.02886	0.22861	0.27413	0.01779	0.03317	0.20683	0.02615	0.01947	0.02100	0.01545	0.00878	0.00782	0.00239	0.01061	0.00704	0.00533	0.01153
93	0.41318	0.01191	0.01018	0.00952	0.01304	0.01331	0.00758	0.02125	0.01509	0.03281	0.01821	0.02137	0.01445	0.01151	0.04569	0.00288	0.00616	0.00596	0.31771	0.00819
94	0.01754	0.03422	0.45278	0.03024	0.19610	0.01909	0.05725	0.02620	0.04256	0.02625	0.01556	0.01864	0.01161	0.00767	0.00790	0.00254	0.01125	0.00661	0.00380	0.01220
95	0.01042	0.00767	0.01012	0.01113	0.01213	0.00755	0.00781	0.01226	0.01539	0.02059	0.06703	0.41190	0.11980	0.07447	0.16588	0.00570	0.00869	0.01804	0.00670	0.00671
96	0.01031	0.00820	0.00925	0.00909	0.01143	0.00714	0.00678	0.01300	0.02004	0.02582	0.29569	0.09781	0.41819	0.01928	0.00961	0.00269	0.00403	0.01646	0.00805	0.00714
97	0.02004	0.01940	0.03361	0.04910	0.63612	0.01934	0.05246	0.02495	0.01851	0.02649	0.01531	0.02016	0.01283	0.00721	0.00810	0.00242	0.00982	0.00734	0.00402	0.01277
98	0.03031	0.03867	0.02299	0.02090	0.02508	0.68226	0.01568	0.03240	0.02299	0.01986	0.01254	0.01463	0.01045	0.00836	0.00732	0.00209	0.01463	0.00523	0.00418	0.00941
99	0.02224	0.01845	0.01951	0.01693	0.02189	0.02115	0.01334	0.15795	0.53137	0.03727	0.03041	0.02819	0.02265	0.01076	0.00823	0.00269	0.00691	0.00881	0.00823	0.01303
100	0.00959	0.00822	0.00822	0.00822	0.01096	0.00685	0.00617	0.01165	0.01850	0.02192	0.08220	0.07809	0.66092	0.02055	0.00959	0.00274	0.00411	0.01713	0.00754	0.00685
101	0.01532	0.01442	0.02434	0.69533	0.05589	0.01803	0.02253	0.02073	0.01622	0.02073	0.01442	0.02163	0.01082	0.00811	0.00811	0.00270	0.01082	0.00721	0.00361	0.00901
102	0.77215	0.01569	0.01193	0.01067	0.01569	0.01820	0.00879	0.02385	0.01381	0.03641	0.01130	0.01318	0.00879	0.00753	0.00502	0.00251	0.00628	0.00439	0.00502	0.00879
103	0.02169	0.71972	0.04252	0.01388	0.02083	0.03211	0.01388	0.02430	0.01649	0.01909	0.01128	0.01302	0.01041	0.00694	0.00521	0.00174	0.00868	0.00434	0.00347	0.01041
104	0.01308	0.00934	0.01308	0.01494	0.01681	0.00934	0.01308	0.01681	0.01868	0.02428	0.04296	0.09153	0.04670	0.02242	0.01121	0.00374	0.00747	0.60960	0.00747	0.00747
105	0.01159	0.00869	0.01304	0.01304	0.01449	0.01014	0.01014	0.01449	0.01304	0.01884	0.02173	0.03188	0.02029	0.06086	0.68268	0.01304	0.02173	0.00869	0.00435	0.00724
106	0.00959	0.00822	0.00822	0.00822	0.01096	0.00685	0.00617	0.01165	0.01850	0.02192	0.08220	0.07809	0.66092	0.02055	0.00959	0.00274	0.00411	0.01713	0.00754	0.00685
107	0.02014	0.01814	0.02395	0.02930	0.26806	0.01984	0.01747	0.03612	0.40722	0.03109	0.02620	0.02636	0.02019	0.00956	0.00817	0.00262	0.00766	0.00843	0.00663	0.01285
108	0.02169	0.71972	0.04252	0.01388	0.02083	0.03211	0.01388	0.02430	0.01649	0.01909	0.01128	0.01302	0.01041	0.00694	0.00521	0.00174	0.00868	0.00434	0.00347	0.01041
109	0.01506	0.00909	0.01199	0.01082	0.01336	0.00827	0.00827	0.01879	0.02301	0.12401	0.56981	0.05588	0.06846	0.01565	0.00937	0.00255	0.00427	0.01374	0.00909	0.00854
110	0.02983	0.03776	0.02346	0.02227	0.05533	0.65089	0.01611	0.03205	0.02278	0.02017	0.01267	0.01489	0.01057	0.00831	0.00735	0.00211	0.01440	0.00532	0.00417	0.00957
111	0.02106	0.02113	0.03198	0.04704	0.60307	0.08271	0.02402	0.02562	0.01891	0.02587	0.01500	0.01956	0.01262	0.00734	0.00796	0.00238	0.01012	0.00704	0.00403	0.01252
112	0.02018	0.01743	0.01835	0.01651	0.02110	0.02018	0.01284	0.04312	0.64956	0.03394	0.03303	0.03027	0.02477	0.01101	0.00826	0.00275	0.00642	0.00917	0.00826	0.01284
113	0.01966	0.01885	0.03218	0.10676	0.61055	0.01917	0.02469	0.02453	0.01828	0.02600	0.01519	0.02022	0.01267	0.00731	0.00804	0.00244	0.00974	0.00723	0.00398	0.01251
114	0.77215	0.01569	0.01193	0.01067	0.01569	0.01820	0.00879	0.02385	0.01381	0.03641	0.01130	0.01318	0.00879	0.00753	0.00502	0.00251	0.00628	0.00439	0.00502	0.00879
115	0.01775	0.01775	0.02485	0.02130	0.02130	0.02485	0.01775	0.01953	0.01243	0.01953	0.01065	0.01775	0.01065	0.01420	0.02663	0.00355	0.69998	0.00710	0.00355	0.00888
116	0.01791	0.01484	0.01666	0.01601	0.01973	0.01671	0.01292	0.03469	0.44750	0.03085	0.03621	0.04989	0.03179	0.01466	0.00920	0.00307	0.00676	0.20148	0.00801	0.01112
117	0.01532	0.01442	0.02434	0.69533	0.05589	0.01803	0.02253	0.02073	0.01622	0.02073	0.01442	0.02163	0.01082	0.00811	0.00811	0.00270	0.01082	0.00721	0.00361	0.00901
118	0.02256	0.02351	0.04081	0.02980	0.03730	0.07853	0.45162	0.15460	0.02346	0.03073	0.01672	0.02076	0.01246	0.00758	0.00908	0.00262	0.01277	0.00873	0.00495	0.01141
119	0.01037	0.00825	0.00931	0.00904	0.01144	0.00718	0.00678	0.01316	0.02035	0.02631	0.32124	0.07086	0.41914	0.01891	0.00958	0.00266	0.00399	0.01611	0.00811	0.00718
120	0.03031	0.03867	0.02299	0.02090	0.02508	0.68226	0.01568	0.03240	0.02299	0.01986	0.01254	0.01463	0.01045	0.00836	0.00732	0.00209	0.01463	0.00523	0.00418	0.00941
121	0.01606	0.00847	0.00856	0.00822	0.01039	0.00861	0.00625	0.05576	0.01828	0.03150	0.02605	0.02961	0.02038	0.00947	0.00582	0.00192	0.00409	0.00755	0.71506	0.00793
122	0.01513	0.00756	0.00756	0.00756	0.00945	0.00756	0.00567	0.01891	0.01702	0.03025	0.02647	0.03025	0.02080	0.00945	0.00567	0.00189	0.00378	0.00756	0.75988	0.00756
123	0.01747	0.01678	0.02899	0.39733	0.30700	0.01866	0.05210	0.02270	0.01729	0.02337	0.01486	0.02100	0.01173	0.00769	0.00815	0.00258	0.01046	0.00733	0.00380	0.01069
124	0.01167	0.00789	0.00881	0.00881	0.00898	0.00781	0.00499	0.01179	0.01220	0.01610	0.02894	0.05459	0.06714	0.67344	0.03941	0.00756	0.00764	0.01212	0.00507	0.00503
125	0.01850	0.01900	0.02474	0.02128	0.02153	0.06404	0.01763	0.02030	0.01306	0.01955	0.01076	0.01757	0.01064	0.01385	0.02548	0.00346	0.65913	0.00699	0.00359	0.00891
126	0.01683	0.01442	0.01683	0.01202	0.01923	0.01082	0.00961	0.02043	0.01683	0.02644	0.01442	0.01683	0.01202	0.00601	0.00601	0.00120	0.00601	0.00481	0.00481	0.76444
127	0.01955	0.01650	0.01419	0.01311	0.01576	0.14700	0.00967	0.12907	0.02099	0.02809	0.02572	0.15600	0.02483	0.10849	0.01218	0.00311	0.00762	0.01054	0.22908	0.00850
128	0.02865	0.10403	0.06360	0.02037	0.02528	0.58051	0.01636	0.03123	0.02202	0.02013	0.01254	0.01463	0.01044	0.00819	0.00714	0.00209	0.01391	0.00519	0.00407	0.00966
129	0.10836	0.03757	0.46342	0.02112	0.03080	0.12687	0.02458	0.05083	0.01853	0.02702	0.01404	0.01635	0.01027	0.00787	0.00734	0.00248	0.01163	0.00573	0.00392	0.01127
130	0.02585	0.02997	0.02849	0.02444	0.05377	0.36748	0.13275	0.08319	0.02177	0.02404	0.01370	0.01715	0.01123	0.00908	0.01091	0.00249	0.12250	0.00661	0.00441	0.01015
131	0.01009	0.00810	0.00900	0.00907	0.01134	0.00702	0.00669	0.01250	0.01923	0.02436	0.21825	0.14837	0.44716	0.02016	0.00968	0.00276	0.00411	0.01723	0.00787	0.00702
132	0.01180	0.00787	0.00885	0.00885	0.00885	0.00787	0.00492	0.01180	0.01180	0.01573	0.02557	0.05310	0.02950	0.71483	0.04130	0.00787	0.00787	0.01180	0.00492	0.00492
133	0.01456	0.00921	0.01071	0.00993	0.01305	0.00796	0.00770	0.01722	0.02019	0.13164	0.18849	0.06675	0.41205	0.01809	0.00941	0.00270	0.00465	0.03927	0.00823	0.00819
134	0.03085	0.02273	0.02435	0.01867	0.02516	0.02516	0.01542	0.63716	0.03815	0.05114	0.01948	0.01948	0.01380	0.00974	0.00812	0.00244	0.00893	0.00731	0.00812	0.01380
135	0.70807	0.01553	0.01253	0.01100	0.01613	0.01766	0.00906	0.02522	0.01463	0.09158	0.01310	0.01444	0.00977	0.00775	0.00529	0.00251	0.00633	0.00472	0.00546	0.00923
136	0.03085	0.02273	0.02435	0.01867	0.02516	0.02516	0.01542	0.63716	0.03815	0.05114	0.01948	0.01948	0.01380	0.00974	0.00812	0.00244	0.00893	0.00731	0.00812	0.01380
137	0.00989	0.00706	0.00942	0.01130	0.01177	0.00659	0.00753	0.01130	0.01554	0.02071	0.04472	0.70954	0.05367	0.02542	0.01036	0.00330	0.00471	0.02307	0.00753	0.00659
138	0.02169	0.71972	0.04252	0.01388	0.02083	0.03211	0.01388	0.02430	0.01649	0.01909	0.01128	0.01302	0.01041	0.00694	0.00521	0.00174	0.00868	0.00434	0.00347	0.01041
139	0.03085	0.02273	0.02435	0.01867	0.02516	0.02516	0.01542	0.63716	0.03815	0.05114	0.01948	0.01948	0.01380	0.00974	0.00812	0.00244	0.00893	0.00731	0.00812	0.01380
140	0.02018	0.01743	0.01835	0.01651	0.02110	0.02018	0.01284	0.04312	0.64956	0.03394	0.03303	0.03027	0.02477	0.01101	0.00826	0.00275	0.00642	0.00917	0.00826	0.01284
141	0.01042	0.00778	0.00968	0.01020	0.01172	0.00705	0.00727	0.01287	0.01897	0.02540	0.28279	0.32640	0.19766	0.02104	0.00989	0.00289	0.00425	0.01861	0.00806	0.00705
142	0.01532	0.01442	0.02434	0.69533	0.05589	0.01803	0.02253	0.02073	0.01622	0.02073	0.01442	0.02163	0.01082	0.00811	0.00811	0.00270	0.01082	0.00721	0.00361	0.00901
143	0.00969	0.00809	0.00846	0.00866	0.01110	0.00685	0.00638	0.01174	0.01831	0.02216	0.09884	0.15199	0.56794	0.02098	0.00968	0.00280	0.00417	0.01774	0.00759	0.00685
144	0.01409	0.00705	0.01057	0.01057	0.01057	0.00705	0.00705	0.01057	0.01057	0.01409	0.01409	0.02467	0.01409	0.02819	0.03171	0.76392	0.00705	0.00705	0.00352	0.00352
145	0.02600	0.33684	0.03165	0.01784	0.02306	0.36917	0.01498	0.02830	0.01969	0.01951	0.01191	0.01405	0.01044	0.00798	0.00720	0.00200	0.04080	0.00492	0.00384	0.00983
146	0.01062	0.00758	0.01025	0.01213	0.01292	0.00722	0.00880	0.01256	0.01625	0.02153	0.04432	0.56819	0.05207	0.02473	0.01055	0.00340	0.00534	0.15722	0.00752	0.00679
147	0.01840	0.02902	0.30888	0.03405	0.29566	0.01924	0.05431	0.02721	0.08406	0.02691	0.01687	0.01996	0.01296	0.00781	0.00799	0.00253	0.01051	0.00701	0.00421	0.01239
148	0.02215	0.02320	0.03093	0.04396	0.53496	0.15336	0.02304	0.02642	0.01939	0.02516	0.01471	0.01898	0.01237	0.00746	0.00789	0.00235	0.01065	0.00682	0.00405	0.01216

[dist]
# distance from previous block
# <min> <max>
0	1

[block]
# block no. 2 follows, 23 sequences, length 66
# corresponding to MSA columns:
# 270-335
name=unknown_C
#
# <colnr> <probs for GDERKNQSTAVLIFYWHMCP>
#	G	D	E	R	K	N	Q	S	T	A	V	L	I	F	Y	W	H	M	C	P
0	0.02829	0.03485	0.02496	0.02661	0.15121	0.55142	0.01750	0.03092	0.02210	0.02117	0.01308	0.01571	0.01093	0.00814	0.00746	0.00215	0.01365	0.00562	0.00415	0.01009
1	0.02746	0.03436	0.02101	0.01919	0.02313	0.58661	0.01439	0.02962	0.02255	0.02061	0.04715	0.02287	0.07758	0.00992	0.00764	0.00217	0.01313	0.00681	0.00472	0.00908
2	0.01837	0.01306	0.01358	0.01232	0.01578	0.01437	0.00956	0.08171	0.28600	0.03324	0.03101	0.03137	0.04908	0.01061	0.00714	0.00234	0.00535	0.00863	0.34619	0.01030
3	0.01159	0.00869	0.01304	0.01304	0.01449	0.01014	0.01014	0.01449	0.01304	0.01884	0.02173	0.03188	0.02029	0.06086	0.68268	0.01304	0.02173	0.00869	0.00435	0.00724
4	0.77215	0.01569	0.01193	0.01067	0.01569	0.01820	0.00879	0.02385	0.01381	0.03641	0.01130	0.01318	0.00879	0.00753	0.00502	0.00251	0.00628	0.00439	0.00502	0.00879
5	0.00969	0.00784	0.00861	0.00922	0.01122	0.00677	0.00661	0.01153	0.01753	0.02153	0.06998	0.28396	0.46294	0.02214	0.00984	0.00292	0.00430	0.01906	0.00753	0.00677
6	0.02320	0.60066	0.03911	0.01511	0.02157	0.14576	0.01420	0.02571	0.01762	0.01922	0.01150	0.01330	0.01042	0.00719	0.00558	0.00180	0.00972	0.00449	0.00360	0.01024
7	0.02509	0.02878	0.02806	0.03564	0.35102	0.34416	0.02038	0.02858	0.02069	0.02325	0.01393	0.01741	0.01168	0.00778	0.00768	0.00225	0.01209	0.00625	0.00410	0.01116
8	0.01627	0.04197	0.67279	0.02313	0.03512	0.01884	0.02998	0.02570	0.01713	0.02570	0.01456	0.01713	0.01028	0.00771	0.00771	0.00257	0.01199	0.00600	0.00343	0.01199
9	0.01005	0.00718	0.00960	0.01148	0.01203	0.00673	0.00781	0.01158	0.01570	0.02090	0.04463	0.67812	0.05331	0.02527	0.01040	0.00332	0.00485	0.05289	0.00753	0.00664
10	0.01114	0.00828	0.01036	0.00984	0.01191	0.00751	0.00738	0.01464	0.02215	0.03059	0.55389	0.06382	0.18382	0.01732	0.00957	0.00259	0.00388	0.01512	0.00868	0.00751
11	0.01775	0.01775	0.02485	0.02130	0.02130	0.02485	0.01775	0.01953	0.01243	0.01953	0.01065	0.01775	0.01065	0.01420	0.02663	0.00355	0.69998	0.00710	0.00355	0.00888
12	0.02310	0.02158	0.02316	0.01955	0.02236	0.12519	0.01590	0.21242	0.02210	0.02930	0.01485	0.01930	0.01261	0.01685	0.08725	0.00398	0.30799	0.00704	0.00515	0.01031
13	0.01915	0.02189	0.04788	0.03420	0.04241	0.02052	0.63475	0.02599	0.01915	0.02599	0.01642	0.02189	0.01231	0.00684	0.00958	0.00274	0.01368	0.00958	0.00410	0.01094
14	0.01513	0.00756	0.00756	0.00756	0.00945	0.00756	0.00567	0.01891	0.01702	0.03025	0.02647	0.03025	0.02080	0.00945	0.00567	0.00189	0.00378	0.00756	0.75988	0.00756
15	0.00992	0.00761	0.00912	0.01027	0.01169	0.00682	0.00726	0.01169	0.01683	0.02134	0.05914	0.43675	0.28834	0.02340	0.01010	0.00310	0.00460	0.04775	0.00753	0.00673
16	0.02008	0.01928	0.03294	0.04981	0.66422	0.01928	0.02490	0.02490	0.01848	0.02651	0.01526	0.02008	0.01285	0.00723	0.00803	0.00241	0.00964	0.00723	0.00402	0.01285
17	0.01054	0.00826	0.00954	0.00922	0.01154	0.00725	0.00691	0.01349	0.02074	0.02725	0.37219	0.06932	0.36761	0.01856	0.00958	0.00265	0.00397	0.01590	0.00824	0.00725
18	0.01109	0.00799	0.01049	0.01048	0.01204	0.00739	0.00763	0.01432	0.02113	0.02961	0.50779	0.22110	0.07090	0.01877	0.00976	0.00274	0.00405	0.01675	0.00859	0.00739
19	0.03031	0.03867	0.02299	0.02090	0.02508	0.68226	0.01568	0.03240	0.02299	0.01986	0.01254	0.01463	0.01045	0.00836	0.00732	0.00209	0.01463	0.00523	0.00418	0.00941
20	0.01627	0.04197	0.67279	0.02313	0.03512	0.01884	0.02998	0.02570	0.01713	0.02570	0.01456	0.01713	0.01028	0.00771	0.00771	0.00257	0.01199	0.00600	0.00343	0.01199
21	0.01927	0.01844	0.03146	0.16072	0.55970	0.01906	0.02450	0.02419	0.01809	0.02552	0.01512	0.02035	0.01250	0.00738	0.00805	0.00246	0.00984	0.00723	0.00395	0.01219
22	0.03031	0.03867	0.02299	0.02090	0.02508	0.68226	0.01568	0.03240	0.02299	0.01986	0.01254	0.01463	0.01045	0.00836	0.00732	0.00209	0.01463	0.00523	0.00418	0.00941
23	0.01072	0.00825	0.01000	0.01107	0.01294	0.00753	0.00861	0.01311	0.01776	0.02231	0.06036	0.25101	0.31355	0.02241	0.01028	0.00319	0.00528	0.19714	0.00752	0.00697
24	0.01200	0.00864	0.01178	0.01347	0.01500	0.00842	0.01105	0.01504	0.01800	0.02356	0.07033	0.25493	0.07804	0.02290	0.01084	0.00352	0.00643	0.40129	0.00755	0.00722
25	0.02436	0.02740	0.02825	0.02310	0.02810	0.28872	0.16537	0.06281	0.15764	0.02596	0.01811	0.02029	0.01419	0.00914	0.00976	0.00253	0.07097	0.00740	0.00519	0.01070
26	0.03031	0.03867	0.02299	0.02090	0.02508	0.68226	0.01568	0.03240	0.02299	0.01986	0.01254	0.01463	0.01045	0.00836	0.00732	0.00209	0.01463	0.00523	0.00418	0.00941
27	0.03031	0.03867	0.02299	0.02090	0.02508	0.68226	0.01568	0.03240	0.02299	0.01986	0.01254	0.01463	0.01045	0.00836	0.00732	0.00209	0.01463	0.00523	0.00418	0.00941
28	0.01026	0.00825	0.00916	0.00893	0.01137	0.00714	0.00670	0.01295	0.02009	0.02570	0.28789	0.07187	0.45288	0.01914	0.00958	0.00267	0.00401	0.01625	0.00803	0.00714
29	0.00981	0.00737	0.00910	0.01048	0.01155	0.00666	0.00717	0.01139	0.01633	0.02104	0.05475	0.54067	0.21607	0.02412	0.01015	0.00315	0.00455	0.02148	0.00753	0.00666
30	0.01933	0.01162	0.01205	0.01053	0.01365	0.01227	0.00828	0.18425	0.02267	0.03584	0.02460	0.02737	0.01893	0.00953	0.00633	0.00204	0.00516	0.00749	0.55883	0.00923
31	0.01605	0.00845	0.00855	0.00821	0.01037	0.00859	0.00624	0.05515	0.01826	0.03148	0.02606	0.02962	0.02039	0.00947	0.00582	0.00192	0.00408	0.00755	0.71580	0.00793
32	0.01892	0.26467	0.28205	0.02317	0.03238	0.02379	0.19712	0.02531	0.01749	0.02355	0.01398	0.01710	0.01090	0.00720	0.00740	0.00234	0.01136	0.00646	0.00363	0.01116
33	0.01180	0.00787	0.00885	0.00885	0.00885	0.00787	0.00492	0.01180	0.01180	0.01573	0.02557	0.05310	0.02950	0.71483	0.04130	0.00787	0.00787	0.01180	0.00492	0.00492
34	0.01892	0.01608	0.01564	0.01407	0.01761	0.08518	0.01084	0.07945	0.26302	0.03294	0.20768	0.03639	0.03656	0.01199	0.00815	0.00247	0.00638	0.00994	0.11638	0.01032
35	0.01831	0.01731	0.02932	0.23196	0.45268	0.01834	0.02353	0.02324	0.01785	0.02473	0.01665	0.02471	0.01426	0.00837	0.00824	0.00257	0.00985	0.04254	0.00410	0.01144
36	0.02112	0.64808	0.10914	0.01486	0.02234	0.03071	0.01559	0.02445	0.01656	0.01979	0.01163	0.01345	0.01040	0.00702	0.00547	0.00182	0.00903	0.00451	0.00347	0.01058
37	0.57539	0.01519	0.01377	0.01168	0.01704	0.01652	0.00963	0.02805	0.01633	0.20581	0.01684	0.01704	0.01181	0.00820	0.00586	0.00251	0.00644	0.00540	0.00636	0.01013
38	0.02904	0.13911	0.02587	0.01987	0.02446	0.58637	0.01541	0.03121	0.02203	0.01975	0.01236	0.01439	0.01045	0.00815	0.00701	0.00204	0.01375	0.00510	0.00408	0.00956
39	0.02608	0.02036	0.02167	0.01771	0.02335	0.02294	0.01427	0.37149	0.31159	0.04345	0.02554	0.02431	0.01871	0.01031	0.00818	0.00258	0.00781	0.00814	0.00818	0.01337
40	0.00959	0.00822	0.00822	0.00822	0.01096	0.00685	0.00617	0.01165	0.01850	0.02192	0.08220	0.07809	0.66092	0.02055	0.00959	0.00274	0.00411	0.01713	0.00754	0.00685
41	0.00965	0.00799	0.00846	0.00883	0.01112	0.00680	0.00643	0.01158	0.01791	0.02168	0.07480	0.20270	0.54109	0.02151	0.00974	0.00285	0.00423	0.01830	0.00753	0.00680
42	0.00979	0.00789	0.00871	0.00921	0.01126	0.00682	0.00664	0.01176	0.01791	0.02220	0.10536	0.25724	0.45341	0.02171	0.00981	0.00289	0.00426	0.01868	0.00762	0.00682
43	0.77215	0.01569	0.01193	0.01067	0.01569	0.01820	0.00879	0.02385	0.01381	0.03641	0.01130	0.01318	0.00879	0.00753	0.00502	0.00251	0.00628	0.00439	0.00502	0.00879
44	0.01513	0.00756	0.00756	0.00756	0.00945	0.00756	0.00567	0.01891	0.01702	0.03025	0.02647	0.03025	0.02080	0.00945	0.00567	0.00189	0.00378	0.00756	0.75988	0.00756
45	0.02074	0.10846	0.43276	0.02096	0.03095	0.02194	0.02439	0.18908	0.02268	0.03180	0.01553	0.01732	0.01123	0.00817	0.00755	0.00245	0.01082	0.00617	0.00469	0.01231
46	0.03034	0.03774	0.02307	0.02077	0.02509	0.64373	0.01566	0.06786	0.02388	0.02169	0.01295	0.01492	0.01065	0.00844	0.00736	0.00211	0.01430	0.00535	0.00441	0.00966
47	0.77215	0.01569	0.01193	0.01067	0.01569	0.01820	0.00879	0.02385	0.01381	0.03641	0.01130	0.01318	0.00879	0.00753	0.00502	0.00251	0.00628	0.00439	0.00502	0.00879
48	0.01696	0.01789	0.03651	0.02709	0.03279	0.01721	0.44012	0.02187	0.01723	0.02342	0.02032	0.08855	0.01899	0.13507	0.01603	0.00374	0.04123	0.01107	0.00453	0.00939
49	0.00979	0.00788	0.00873	0.00925	0.01127	0.00682	0.00666	0.01176	0.01788	0.02218	0.10491	0.26480	0.44614	0.02177	0.00982	0.00289	0.00427	0.01875	0.00762	0.00682
50	0.01926	0.41496	0.32593	0.01804	0.02725	0.02614	0.02112	0.02493	0.01678	0.02206	0.01276	0.01487	0.01035	0.00729	0.00633	0.00211	0.01017	0.00508	0.00345	0.01112
