[name]
unknown

[dist]
# distance from previous block
# <min> <max>
7	157

[block]
# block no. 0 follows, 21 sequences, length 11
# corresponding to MSA columns:
# 165-175
name=unknown_A
#
# <colnr> <probs for GDERKNQSTAVLIFYWHMCP>
#	G	D	E	R	K	N	Q	S	T	A	V	L	I	F	Y	W	H	M	C	P
0	0.01693	0.09542	0.02192	0.02060	0.11308	0.01698	0.01409	0.01845	0.01535	0.02168	0.02146	0.13104	0.02221	0.01785	0.01816	0.15732	0.16688	0.04275	0.05942	0.00843
1	0.21733	0.03149	0.18448	0.07077	0.08268	0.22699	0.01976	0.02824	0.01908	0.02763	0.01375	0.01666	0.01070	0.00824	0.00727	0.00251	0.01159	0.00579	0.00435	0.01067
2	0.01713	0.01959	0.10234	0.14895	0.28188	0.01701	0.06383	0.02230	0.01862	0.02539	0.02910	0.08022	0.11453	0.01136	0.00895	0.00275	0.00964	0.01044	0.00492	0.01105
3	0.06496	0.02657	0.12552	0.08138	0.11185	0.11223	0.06264	0.12512	0.09529	0.03127	0.01782	0.02062	0.01371	0.00937	0.00980	0.00271	0.06451	0.00734	0.00536	0.01194
4	0.05390	0.02161	0.03482	0.06223	0.24706	0.06821	0.21916	0.07282	0.02129	0.02897	0.02207	0.02594	0.06448	0.00894	0.00891	0.00266	0.01128	0.00897	0.00493	0.01175
5	0.16585	0.13512	0.02872	0.02135	0.07899	0.12245	0.09703	0.07787	0.02042	0.02959	0.01447	0.01716	0.01170	0.00773	0.00707	0.00221	0.00993	0.00608	0.00488	0.14139
6	0.02047	0.12951	0.12664	0.10005	0.07042	0.02300	0.01933	0.03096	0.19725	0.05384	0.02055	0.02268	0.01601	0.01021	0.01120	0.00279	0.12029	0.00752	0.00547	0.01181
7	0.01867	0.01930	0.02628	0.16242	0.14977	0.12260	0.10922	0.02262	0.01872	0.02335	0.02349	0.18500	0.02366	0.04384	0.01073	0.00307	0.01054	0.01183	0.00510	0.00979
8	0.01959	0.02879	0.25526	0.04139	0.39656	0.02014	0.06272	0.02648	0.01892	0.02747	0.01582	0.02008	0.01249	0.00774	0.00840	0.00261	0.01123	0.00727	0.00400	0.01304
9	0.08177	0.01668	0.02718	0.31001	0.13053	0.01868	0.09329	0.02252	0.01719	0.02500	0.01717	0.06882	0.01492	0.00981	0.00997	0.00279	0.06385	0.00863	0.00440	0.05678
10	0.02003	0.01925	0.06339	0.02218	0.11845	0.05453	0.01569	0.12089	0.07327	0.02830	0.02055	0.02917	0.01848	0.14842	0.10412	0.00519	0.08121	0.00856	0.00548	0.04284

[dist]
# distance from previous block
# <min> <max>
8	31

[block]
# block no. 1 follows, 21 sequences, length 20
# corresponding to MSA columns:
# 207-226
name=unknown_B
#
# <colnr> <probs for GDERKNQSTAVLIFYWHMCP>
#	G	D	E	R	K	N	Q	S	T	A	V	L	I	F	Y	W	H	M	C	P
0	0.01685	0.02062	0.17229	0.02200	0.13384	0.01454	0.01747	0.02424	0.08618	0.06153	0.18052	0.04305	0.14534	0.01316	0.00906	0.00271	0.00769	0.01128	0.00676	0.01087
1	0.08161	0.15518	0.09472	0.06690	0.02766	0.16606	0.01730	0.19642	0.02494	0.03203	0.01576	0.01812	0.01237	0.01160	0.04164	0.00296	0.01161	0.00629	0.00537	0.01147
2	0.11232	0.02207	0.02125	0.07451	0.02504	0.20974	0.07367	0.04862	0.02053	0.02755	0.07770	0.08512	0.02300	0.01144	0.00914	0.00260	0.04668	0.00911	0.09049	0.00940
3	0.02559	0.01839	0.01950	0.04910	0.02324	0.07816	0.01308	0.06385	0.23414	0.18655	0.02744	0.02832	0.02057	0.06036	0.01073	0.00291	0.00809	0.00834	0.00772	0.11393
4	0.10062	0.02119	0.20044	0.01837	0.06706	0.01431	0.01665	0.05093	0.02029	0.03082	0.20475	0.15282	0.03951	0.01420	0.00888	0.00280	0.00767	0.01214	0.00654	0.01001
5	0.28887	0.02479	0.18055	0.09785	0.03403	0.01991	0.18581	0.02574	0.01718	0.03053	0.01455	0.01839	0.01087	0.00781	0.00765	0.00274	0.01075	0.00687	0.00442	0.01069
6	0.01245	0.00938	0.01180	0.01243	0.01453	0.00899	0.00984	0.01678	0.05363	0.02738	0.21813	0.16569	0.17768	0.02122	0.01064	0.00324	0.00560	0.20433	0.00833	0.00793
7	0.03179	0.04056	0.02412	0.02192	0.02631	0.66676	0.01644	0.03398	0.02412	0.02083	0.01315	0.01535	0.01096	0.00877	0.00767	0.00219	0.01535	0.00548	0.00438	0.00987
8	0.02009	0.02296	0.05022	0.03587	0.04448	0.02152	0.61693	0.02726	0.02009	0.02726	0.01722	0.02296	0.01291	0.00717	0.01004	0.00287	0.01435	0.01004	0.00430	0.01148
9	0.01707	0.04402	0.65683	0.02426	0.03683	0.01976	0.03144	0.02695	0.01797	0.02695	0.01527	0.01797	0.01078	0.00809	0.00809	0.00270	0.01258	0.00629	0.00359	0.01258
10	0.02432	0.24054	0.06314	0.05133	0.08258	0.18066	0.01684	0.10896	0.02184	0.02584	0.01555	0.01988	0.01342	0.05136	0.04677	0.00321	0.01176	0.00643	0.00470	0.01089
11	0.01037	0.00741	0.00987	0.01185	0.01234	0.00691	0.00790	0.01185	0.01629	0.02172	0.04690	0.69537	0.05629	0.02666	0.01086	0.00346	0.00494	0.02419	0.00790	0.00691
12	0.01037	0.00741	0.00987	0.01185	0.01234	0.00691	0.00790	0.01185	0.01629	0.02172	0.04690	0.69537	0.05629	0.02666	0.01086	0.00346	0.00494	0.02419	0.00790	0.00691
13	0.01037	0.00741	0.00987	0.01185	0.01234	0.00691	0.00790	0.01185	0.01629	0.02172	0.04690	0.69537	0.05629	0.02666	0.01086	0.00346	0.00494	0.02419	0.00790	0.00691
14	0.02581	0.10365	0.03080	0.03026	0.22093	0.16771	0.04944	0.16951	0.02486	0.03105	0.01640	0.01959	0.01328	0.01164	0.04570	0.00303	0.01193	0.00700	0.00524	0.01218
15	0.01114	0.00865	0.01016	0.01007	0.01238	0.00767	0.00759	0.01417	0.02132	0.02798	0.32913	0.10695	0.33357	0.02008	0.01018	0.00287	0.00439	0.04557	0.00855	0.00758
16	0.01059	0.00758	0.01008	0.01170	0.01239	0.00706	0.00792	0.01241	0.01734	0.02338	0.12677	0.61077	0.05950	0.02542	0.01075	0.00335	0.00481	0.02301	0.00810	0.00706
17	0.02419	0.06273	0.02540	0.07272	0.13777	0.18038	0.01733	0.15175	0.05252	0.02952	0.01807	0.02200	0.01480	0.01906	0.12985	0.00451	0.01347	0.00728	0.00537	0.01127
18	0.16791	0.02058	0.02300	0.13492	0.18883	0.13390	0.01770	0.02685	0.01936	0.08561	0.02133	0.02694	0.04598	0.00989	0.00797	0.00265	0.00988	0.04057	0.00536	0.01079
19	0.24073	0.11001	0.06923	0.01815	0.02371	0.35968	0.01523	0.02990	0.02010	0.02620	0.01278	0.01490	0.01044	0.00830	0.00675	0.00231	0.01189	0.00518	0.00450	0.01000

[dist]
# distance from previous block
# <min> <max>
23	85

[block]
# block no. 2 follows, 21 sequences, length 45
# corresponding to MSA columns:
# 327-371
name=unknown_C
#
# <colnr> <probs for GDERKNQSTAVLIFYWHMCP>
#	G	D	E	R	K	N	Q	S	T	A	V	L	I	F	Y	W	H	M	C	P
0	0.02100	0.05947	0.13542	0.02603	0.17245	0.16801	0.01895	0.02709	0.05982	0.02752	0.12854	0.02775	0.02550	0.01008	0.00819	0.00246	0.01002	0.00826	0.05240	0.01104
1	0.06202	0.06818	0.11935	0.02280	0.13389	0.05645	0.01724	0.03011	0.05857	0.20261	0.02457	0.07983	0.02007	0.05443	0.01043	0.00298	0.00899	0.00897	0.00657	0.01195
2	0.01919	0.10622	0.31470	0.02822	0.15418	0.04834	0.06532	0.02727	0.06045	0.02639	0.01833	0.06056	0.01530	0.00923	0.00819	0.00262	0.01108	0.00790	0.00441	0.01210
3	0.01794	0.09152	0.06025	0.01728	0.05768	0.11502	0.01355	0.02262	0.05611	0.02511	0.09518	0.10675	0.09467	0.01737	0.05361	0.00332	0.00930	0.05304	0.00609	0.08359
4	0.05147	0.14964	0.29835	0.02087	0.02914	0.22556	0.02200	0.02825	0.01944	0.02395	0.01428	0.01705	0.01133	0.01098	0.04073	0.00294	0.01316	0.00582	0.00396	0.01107
5	0.02164	0.02542	0.07444	0.13524	0.21019	0.13544	0.22042	0.02728	0.02001	0.02541	0.01572	0.02073	0.01235	0.00783	0.00882	0.00264	0.01279	0.00794	0.00417	0.01151
6	0.05328	0.02544	0.19037	0.07219	0.07292	0.01999	0.21945	0.02729	0.08367	0.02830	0.06286	0.02473	0.01826	0.00924	0.01011	0.00283	0.05399	0.00870	0.00492	0.01146
7	0.07120	0.01923	0.06287	0.11854	0.06398	0.05843	0.01512	0.17775	0.02308	0.03118	0.02867	0.03509	0.10777	0.13392	0.01462	0.00365	0.00918	0.00954	0.00603	0.01015
8	0.01056	0.00856	0.00951	0.00988	0.01225	0.00751	0.00742	0.01289	0.01906	0.02356	0.11075	0.16555	0.46206	0.02375	0.03539	0.00343	0.00533	0.05744	0.00786	0.00726
9	0.02094	0.02056	0.03647	0.05022	0.57355	0.02038	0.09886	0.02626	0.01946	0.02774	0.01616	0.02130	0.01341	0.00753	0.00862	0.00257	0.01063	0.00789	0.00422	0.01323
10	0.02117	0.01828	0.01924	0.01732	0.02213	0.02117	0.01347	0.04522	0.63246	0.03560	0.03464	0.03175	0.02598	0.01155	0.00866	0.00289	0.00673	0.00962	0.00866	0.01347
11	0.01575	0.01174	0.01579	0.01473	0.01719	0.01344	0.01162	0.12269	0.01836	0.02578	0.02237	0.03112	0.02006	0.05429	0.55002	0.01170	0.02041	0.00886	0.00526	0.00882
12	0.01216	0.00912	0.01368	0.01368	0.01520	0.01064	0.01064	0.01520	0.01368	0.01976	0.02279	0.03343	0.02127	0.06382	0.66720	0.01368	0.02279	0.00912	0.00456	0.00760
13	0.01741	0.08363	0.62020	0.02368	0.03594	0.02060	0.03043	0.02686	0.01793	0.02654	0.01507	0.01771	0.01079	0.00804	0.00793	0.00264	0.01237	0.00618	0.00360	0.01248
14	0.01119	0.00786	0.01003	0.01107	0.01163	0.00757	0.00725	0.01259	0.01589	0.02146	0.10326	0.41794	0.05011	0.21954	0.04796	0.00518	0.00654	0.01925	0.00713	0.00656
15	0.01216	0.00912	0.01368	0.01368	0.01520	0.01064	0.01064	0.01520	0.01368	0.01976	0.02279	0.03343	0.02127	0.06382	0.66720	0.01368	0.02279	0.00912	0.00456	0.00760
16	0.03179	0.04056	0.02412	0.02192	0.02631	0.66676	0.01644	0.03398	0.02412	0.02083	0.01315	0.01535	0.01096	0.00877	0.00767	0.00219	0.01535	0.00548	0.00438	0.00987
17	0.01436	0.01040	0.01267	0.01236	0.01447	0.01029	0.00937	0.08462	0.02186	0.02950	0.24352	0.14554	0.10241	0.12922	0.01563	0.00390	0.00614	0.11767	0.00801	0.00806
18	0.01571	0.01336	0.01412	0.01310	0.01684	0.01413	0.01006	0.02880	0.32043	0.03033	0.11915	0.05540	0.28228	0.01621	0.00937	0.00286	0.00547	0.01360	0.00843	0.01035
19	0.02106	0.02022	0.03454	0.05223	0.64784	0.02022	0.02612	0.02612	0.01938	0.02780	0.01601	0.02106	0.01348	0.00758	0.00842	0.00253	0.01011	0.00758	0.00421	0.01348
20	0.01221	0.00891	0.01262	0.01262	0.01377	0.01006	0.00932	0.01452	0.01336	0.01897	0.02376	0.03880	0.02360	0.21742	0.51679	0.01237	0.01929	0.00990	0.00470	0.00701
21	0.01976	0.02411	0.13051	0.06617	0.12745	0.02249	0.20275	0.05508	0.01846	0.02638	0.01503	0.02051	0.01216	0.00984	0.01454	0.00302	0.20806	0.00809	0.00420	0.01136
22	0.02898	0.03494	0.02461	0.02189	0.02546	0.49463	0.01690	0.06229	0.02258	0.02250	0.01312	0.01632	0.01119	0.01017	0.01208	0.00254	0.15932	0.00602	0.00446	0.00999
23	0.01019	0.00863	0.00881	0.00876	0.01158	0.00724	0.00657	0.01248	0.01972	0.02375	0.12426	0.08065	0.60585	0.02127	0.01006	0.00286	0.00429	0.01778	0.00800	0.00724
24	0.07420	0.46427	0.03663	0.01615	0.02191	0.08241	0.01486	0.02621	0.01737	0.05383	0.01295	0.01534	0.01136	0.00877	0.00920	0.00224	0.11218	0.00528	0.00418	0.01065
25	0.01941	0.01853	0.03155	0.26073	0.45229	0.01978	0.02529	0.02467	0.01859	0.02579	0.01571	0.02160	0.01277	0.00789	0.00845	0.00263	0.01052	0.00758	0.00407	0.01214
26	0.18720	0.09970	0.02018	0.01513	0.01913	0.09625	0.01236	0.09651	0.01894	0.02877	0.01723	0.02213	0.01480	0.02691	0.22353	0.00611	0.04528	0.00682	0.03344	0.00958
27	0.12759	0.01261	0.01818	0.27679	0.03254	0.01519	0.01556	0.01928	0.01512	0.02334	0.01810	0.02620	0.01552	0.03346	0.30625	0.00771	0.01580	0.00782	0.00436	0.00858
28	0.01889	0.02161	0.11198	0.25711	0.37332	0.01973	0.02598	0.02477	0.01841	0.02568	0.01562	0.02120	0.01242	0.00795	0.00841	0.00265	0.01084	0.00741	0.00399	0.01203
29	0.06851	0.01780	0.02356	0.28347	0.11721	0.04932	0.01888	0.03125	0.17566	0.09629	0.02195	0.02458	0.01627	0.00936	0.00830	0.00274	0.00944	0.00792	0.00595	0.01156
30	0.03022	0.15780	0.02786	0.02045	0.02552	0.51029	0.01609	0.07255	0.02399	0.02293	0.01342	0.01539	0.01119	0.00860	0.00734	0.00215	0.01383	0.00546	0.00453	0.01037
31	0.02343	0.07143	0.06533	0.24704	0.13200	0.27226	0.02110	0.02772	0.02021	0.02251	0.01429	0.01873	0.01146	0.00837	0.00795	0.00247	0.01265	0.00649	0.00406	0.01051
32	0.01067	0.00753	0.00978	0.01146	0.01188	0.00712	0.00748	0.01193	0.01570	0.02093	0.04385	0.59809	0.05243	0.12920	0.01580	0.00419	0.00544	0.02240	0.00748	0.00665
33	0.01008	0.00854	0.00871	0.00884	0.01155	0.00717	0.00656	0.01219	0.01918	0.02290	0.08352	0.12390	0.60412	0.02190	0.01011	0.00291	0.00435	0.01839	0.00790	0.00717
34	0.02772	0.08005	0.02715	0.02533	0.10420	0.43960	0.01789	0.03026	0.02129	0.02160	0.01311	0.01648	0.01131	0.00949	0.01084	0.00245	0.12073	0.00600	0.00421	0.01031
35	0.01238	0.00825	0.00928	0.00928	0.00928	0.00825	0.00516	0.01238	0.01238	0.01650	0.02681	0.05569	0.03094	0.70092	0.04331	0.00825	0.00825	0.01238	0.00516	0.00516
36	0.01309	0.00872	0.01205	0.01205	0.01349	0.00975	0.00913	0.01579	0.01435	0.02183	0.02369	0.03410	0.02167	0.09111	0.45478	0.04865	0.01709	0.00898	0.16237	0.00731
37	0.02738	0.03266	0.05978	0.03234	0.24103	0.37056	0.02052	0.06811	0.02318	0.02562	0.01471	0.01777	0.01204	0.00842	0.00801	0.00236	0.01302	0.00638	0.00455	0.01154
38	0.09814	0.48347	0.18085	0.01642	0.02470	0.02899	0.01786	0.02577	0.01715	0.02349	0.01262	0.01465	0.01071	0.00753	0.00604	0.00210	0.00963	0.00495	0.00380	0.01112
39	0.05492	0.04843	0.02828	0.02875	0.20676	0.01645	0.13693	0.02385	0.02085	0.06909	0.19656	0.03805	0.03471	0.01148	0.00914	0.00271	0.00869	0.04710	0.00635	0.01091
40	0.02617	0.03065	0.02895	0.06339	0.20480	0.35869	0.05772	0.02963	0.02126	0.02323	0.01415	0.01807	0.01183	0.00882	0.00974	0.00249	0.06861	0.00663	0.00425	0.01093
41	0.01048	0.00823	0.00949	0.01003	0.01198	0.00723	0.00720	0.01272	0.01913	0.02439	0.16405	0.28250	0.35719	0.02257	0.01032	0.00303	0.00447	0.01961	0.00814	0.00723
42	0.01509	0.01256	0.01945	0.02738	0.26311	0.01232	0.01480	0.01806	0.01738	0.02449	0.03216	0.34460	0.03547	0.05907	0.01154	0.00328	0.00712	0.01580	0.05684	0.00947
43	0.01905	0.01812	0.02224	0.24351	0.10988	0.10699	0.01787	0.04771	0.06903	0.02492	0.01923	0.02504	0.01570	0.02102	0.15340	0.00504	0.01337	0.00781	0.05004	0.01003
44	0.02568	0.06445	0.02172	0.04927	0.02336	0.16908	0.01413	0.12505	0.02280	0.14085	0.02104	0.02446	0.01656	0.02613	0.21044	0.00587	0.01458	0.00756	0.00616	0.01081

[dist]
# distance from previous block
# <min> <max>
17	113

[block]
# block no. 3 follows, 21 sequences, length 9
# corresponding to MSA columns:
# 489-497
name=unknown_D
#
# <colnr> <probs for GDERKNQSTAVLIFYWHMCP>
#	G	D	E	R	K	N	Q	S	T	A	V	L	I	F	Y	W	H	M	C	P
0	0.09969	0.18728	0.02492	0.05649	0.02229	0.15924	0.01384	0.02360	0.01873	0.02403	0.08153	0.02924	0.10308	0.01174	0.01045	0.00255	0.10857	0.00820	0.00511	0.00941
1	0.01519	0.09735	0.14759	0.05058	0.02368	0.01659	0.04156	0.01980	0.01694	0.02351	0.09080	0.03329	0.07519	0.02872	0.22354	0.00626	0.06579	0.00928	0.00495	0.00937
2	0.05414	0.01985	0.02241	0.05683	0.14848	0.09182	0.01595	0.12019	0.08920	0.08408	0.02817	0.03110	0.08302	0.01087	0.00836	0.00253	0.00882	0.03253	0.00656	0.08508
3	0.02300	0.24378	0.18207	0.01914	0.02650	0.16602	0.01880	0.03220	0.15926	0.02542	0.01815	0.01919	0.01433	0.00877	0.00731	0.00236	0.01077	0.00633	0.00494	0.01167
4	0.02360	0.52025	0.03811	0.01506	0.02190	0.03019	0.01424	0.13852	0.02182	0.02671	0.01932	0.02031	0.06134	0.00897	0.00641	0.00204	0.00878	0.00620	0.00491	0.01131
5	0.01692	0.14679	0.05174	0.01310	0.01788	0.01599	0.01123	0.04683	0.08992	0.02684	0.03541	0.14980	0.12378	0.01379	0.00796	0.00241	0.00651	0.01142	0.09126	0.12040
6	0.01308	0.01563	0.12485	0.01399	0.01780	0.01120	0.01250	0.01937	0.09772	0.02610	0.11555	0.30028	0.16006	0.01940	0.00984	0.00305	0.00629	0.01695	0.00741	0.00894
7	0.02463	0.02640	0.17751	0.02467	0.11874	0.02178	0.02043	0.32373	0.02910	0.03996	0.02139	0.09274	0.01795	0.01109	0.00865	0.00268	0.00977	0.00910	0.00663	0.01305
8	0.03179	0.04056	0.02412	0.02192	0.02631	0.66676	0.01644	0.03398	0.02412	0.02083	0.01315	0.01535	0.01096	0.00877	0.00767	0.00219	0.01535	0.00548	0.00438	0.00987

[dist]
# distance from previous block
# <min> <max>
8	13

[block]
# block no. 4 follows, 21 sequences, length 9
# corresponding to MSA columns:
# 511-519
name=unknown_E
#
# <colnr> <probs for GDERKNQSTAVLIFYWHMCP>
#	G	D	E	R	K	N	Q	S	T	A	V	L	I	F	Y	W	H	M	C	P
0	0.03050	0.02209	0.02558	0.02300	0.10180	0.02396	0.01683	0.44560	0.08810	0.10154	0.02229	0.02225	0.01594	0.01004	0.00852	0.00259	0.00904	0.00790	0.00818	0.01426
1	0.03108	0.09694	0.02619	0.02086	0.02592	0.49794	0.01623	0.13598	0.02630	0.02651	0.01431	0.01609	0.01157	0.00889	0.00762	0.00222	0.01374	0.00578	0.00504	0.01077
2	0.01330	0.01069	0.01536	0.01467	0.01583	0.01300	0.01144	0.01595	0.01409	0.02049	0.05851	0.03444	0.02384	0.10359	0.46527	0.01083	0.13678	0.00946	0.00475	0.00773
3	0.01031	0.00763	0.00964	0.01124	0.01218	0.00696	0.00763	0.01192	0.01688	0.02196	0.05430	0.57988	0.16700	0.02570	0.01071	0.00335	0.00482	0.02302	0.00790	0.00696
4	0.01064	0.00752	0.00979	0.01150	0.01192	0.00710	0.00752	0.01192	0.01575	0.02100	0.04414	0.60727	0.05279	0.11952	0.01533	0.00412	0.00539	0.02257	0.00752	0.00667
5	0.02124	0.13083	0.20606	0.02502	0.03234	0.12500	0.17000	0.02678	0.01850	0.02391	0.01420	0.01828	0.01143	0.00904	0.01161	0.00271	0.13102	0.00704	0.00392	0.01106
6	0.01781	0.01247	0.01418	0.05303	0.07242	0.04181	0.01062	0.08071	0.02021	0.03081	0.02785	0.14205	0.02513	0.01247	0.00750	0.00240	0.00618	0.01052	0.40272	0.00909
7	0.01440	0.00821	0.00924	0.00924	0.01067	0.00847	0.00656	0.01727	0.01584	0.02607	0.02669	0.03770	0.02388	0.18289	0.12809	0.00547	0.00821	0.00919	0.44471	0.00722
8	0.03179	0.04056	0.02412	0.02192	0.02631	0.66676	0.01644	0.03398	0.02412	0.02083	0.01315	0.01535	0.01096	0.00877	0.00767	0.00219	0.01535	0.00548	0.00438	0.00987

[dist]
# distance from previous block
# <min> <max>
0	2

[block]
# block no. 5 follows, 21 sequences, length 43
# corresponding to MSA columns:
# 522-564
name=unknown_F
#
# <colnr> <probs for GDERKNQSTAVLIFYWHMCP>
#	G	D	E	R	K	N	Q	S	T	A	V	L	I	F	Y	W	H	M	C	P
0	0.07016	0.02296	0.07117	0.03001	0.15625	0.02208	0.18637	0.23428	0.02644	0.03711	0.02066	0.02339	0.04081	0.00905	0.00876	0.00266	0.01071	0.00849	0.00594	0.01267
1	0.01351	0.01230	0.01267	0.01462	0.04415	0.08988	0.00965	0.01533	0.01780	0.02206	0.04615	0.50165	0.12231	0.02288	0.01025	0.00318	0.00640	0.02029	0.00729	0.00763
2	0.01854	0.06022	0.01680	0.01462	0.01740	0.16431	0.01123	0.02140	0.02135	0.05976	0.21781	0.20076	0.04744	0.01721	0.00949	0.00282	0.00779	0.07495	0.00739	0.00871
3	0.23505	0.02572	0.01988	0.02063	0.09694	0.28978	0.01411	0.02738	0.02079	0.02892	0.12165	0.02391	0.02271	0.00986	0.00749	0.00244	0.01026	0.00719	0.00547	0.00981
4	0.02488	0.02908	0.02476	0.09795	0.17307	0.36363	0.01822	0.02810	0.02166	0.02283	0.02319	0.02581	0.09098	0.01007	0.00824	0.00243	0.01231	0.00776	0.00472	0.01033
5	0.01955	0.06417	0.02809	0.02178	0.02626	0.16883	0.18177	0.02345	0.01829	0.02223	0.01959	0.06080	0.01776	0.02949	0.25144	0.00666	0.01686	0.00905	0.00457	0.00939
6	0.01088	0.00809	0.01013	0.01081	0.01230	0.00735	0.00765	0.01336	0.01958	0.02621	0.25809	0.35625	0.18317	0.02247	0.01042	0.00307	0.00450	0.01994	0.00840	0.00735
7	0.02879	0.03487	0.02703	0.03041	0.20024	0.48583	0.01915	0.03178	0.02279	0.02278	0.01395	0.01695	0.01167	0.00844	0.00788	0.00229	0.01388	0.00607	0.00434	0.01088
8	0.01006	0.00862	0.00862	0.00862	0.01149	0.00718	0.00647	0.01221	0.01940	0.02299	0.08621	0.08190	0.64438	0.02155	0.01006	0.00287	0.00431	0.01796	0.00790	0.00718
9	0.01862	0.01862	0.02607	0.02234	0.02234	0.02607	0.01862	0.02048	0.01303	0.02048	0.01117	0.01862	0.01117	0.01489	0.02793	0.00372	0.68535	0.00745	0.00372	0.00931
10	0.02819	0.03468	0.02614	0.02287	0.02655	0.48719	0.05355	0.03062	0.02144	0.02114	0.01297	0.01653	0.01113	0.01001	0.01225	0.00257	0.16191	0.00619	0.00424	0.00984
11	0.02117	0.01828	0.01924	0.01732	0.02213	0.02117	0.01347	0.04522	0.63246	0.03560	0.03464	0.03175	0.02598	0.01155	0.00866	0.00289	0.00673	0.00962	0.00866	0.01347
12	0.02275	0.70604	0.04459	0.01456	0.02184	0.03367	0.01456	0.02548	0.01729	0.02002	0.01183	0.01365	0.01092	0.00728	0.00546	0.00182	0.00910	0.00455	0.00364	0.01092
13	0.01326	0.00949	0.01122	0.01102	0.01183	0.01010	0.00714	0.01642	0.07824	0.01918	0.02683	0.04867	0.02846	0.49941	0.16557	0.00878	0.01103	0.01143	0.00541	0.00653
14	0.01006	0.00862	0.00862	0.00862	0.01149	0.00718	0.00647	0.01221	0.01940	0.02299	0.08621	0.08190	0.64438	0.02155	0.01006	0.00287	0.00431	0.01796	0.00790	0.00718
15	0.01767	0.11405	0.59206	0.02323	0.03525	0.02124	0.02966	0.02680	0.01790	0.02622	0.01491	0.01751	0.01080	0.00800	0.00781	0.00260	0.01221	0.00610	0.00360	0.01240
16	0.01011	0.00841	0.00884	0.00918	0.01164	0.00714	0.00671	0.01215	0.01886	0.02277	0.07944	0.18754	0.54311	0.02243	0.01020	0.00297	0.00442	0.01903	0.00790	0.00714
17	0.05055	0.06820	0.18254	0.02769	0.03499	0.02281	0.27997	0.02540	0.01755	0.02563	0.01480	0.01984	0.01174	0.00922	0.01328	0.00295	0.16973	0.00801	0.00401	0.01110
18	0.02275	0.70604	0.04459	0.01456	0.02184	0.03367	0.01456	0.02548	0.01729	0.02002	0.01183	0.01365	0.01092	0.00728	0.00546	0.00182	0.00910	0.00455	0.00364	0.01092
19	0.01006	0.00862	0.00862	0.00862	0.01149	0.00718	0.00647	0.01221	0.01940	0.02299	0.08621	0.08190	0.64438	0.02155	0.01006	0.00287	0.00431	0.01796	0.00790	0.00718
20	0.01238	0.00825	0.00928	0.00928	0.00928	0.00825	0.00516	0.01238	0.01238	0.01650	0.02681	0.05569	0.03094	0.70092	0.04331	0.00825	0.00825	0.01238	0.00516	0.00516
21	0.02319	0.67372	0.04360	0.01492	0.02206	0.06442	0.01465	0.02590	0.01762	0.02006	0.01190	0.01373	0.01092	0.00735	0.00557	0.00184	0.00940	0.00460	0.00368	0.01087
22	0.01707	0.04402	0.65683	0.02426	0.03683	0.01976	0.03144	0.02695	0.01797	0.02695	0.01527	0.01797	0.01078	0.00809	0.00809	0.00270	0.01258	0.00629	0.00359	0.01258
23	0.10188	0.02804	0.02472	0.14192	0.13778	0.30875	0.01844	0.05405	0.05876	0.02622	0.01546	0.01868	0.01234	0.00866	0.00780	0.00247	0.01206	0.00646	0.00477	0.01076
24	0.01939	0.01777	0.02969	0.18929	0.44741	0.01862	0.02342	0.02447	0.01868	0.02685	0.01705	0.02256	0.01388	0.00804	0.00818	0.00254	0.00974	0.00761	0.08282	0.01198
25	0.01037	0.00741	0.00987	0.01185	0.01234	0.00691	0.00790	0.01185	0.01629	0.02172	0.04690	0.69537	0.05629	0.02666	0.01086	0.00346	0.00494	0.02419	0.00790	0.00691
26	0.02866	0.22119	0.03015	0.04987	0.02658	0.33830	0.01620	0.14307	0.02493	0.02692	0.01427	0.01619	0.01164	0.00862	0.00726	0.00219	0.01228	0.00574	0.00494	0.01102
27	0.01885	0.01849	0.02079	0.02122	0.09780	0.12764	0.04597	0.02341	0.08154	0.02216	0.02107	0.03286	0.02024	0.22055	0.10825	0.00583	0.09014	0.00917	0.00498	0.00904
28	0.01180	0.00869	0.01103	0.01044	0.01256	0.00792	0.00783	0.01558	0.02350	0.03273	0.57352	0.06587	0.15099	0.01792	0.01004	0.00270	0.00405	0.01571	0.00918	0.00792
29	0.02076	0.01991	0.03399	0.09051	0.61194	0.02014	0.02597	0.02585	0.01923	0.02743	0.01595	0.02116	0.01335	0.00764	0.00843	0.00255	0.01019	0.00758	0.00419	0.01323
30	0.03179	0.04056	0.02412	0.02192	0.02631	0.66676	0.01644	0.03398	0.02412	0.02083	0.01315	0.01535	0.01096	0.00877	0.00767	0.00219	0.01535	0.00548	0.00438	0.00987
31	0.02071	0.02006	0.03484	0.08968	0.57927	0.02021	0.05791	0.02591	0.01927	0.02740	0.01602	0.02126	0.01332	0.00762	0.00852	0.00256	0.01041	0.00771	0.00419	0.01313
32	0.02656	0.14724	0.03075	0.02901	0.19926	0.30208	0.01893	0.06647	0.02202	0.02469	0.01408	0.01715	0.01189	0.00860	0.00864	0.00233	0.04839	0.00615	0.00443	0.01132
33	0.01197	0.00808	0.00940	0.00980	0.00990	0.00798	0.00571	0.01227	0.01317	0.01756	0.03087	0.18480	0.03605	0.56483	0.03676	0.00728	0.00758	0.01476	0.00571	0.00551
34	0.01586	0.00793	0.00793	0.00793	0.00991	0.00793	0.00595	0.01983	0.01785	0.03173	0.02776	0.03173	0.02181	0.00991	0.00595	0.00198	0.00397	0.00793	0.74817	0.00793
35	0.01238	0.00825	0.00928	0.00928	0.00928	0.00825	0.00516	0.01238	0.01238	0.01650	0.02681	0.05569	0.03094	0.70092	0.04331	0.00825	0.00825	0.01238	0.00516	0.00516
36	0.01216	0.00912	0.01368	0.01368	0.01520	0.01064	0.01064	0.01520	0.01368	0.01976	0.02279	0.03343	0.02127	0.06382	0.66720	0.01368	0.02279	0.00912	0.00456	0.00760
37	0.02012	0.01969	0.03145	0.23230	0.44876	0.04987	0.02495	0.02522	0.01892	0.02573	0.01562	0.02127	0.01275	0.00791	0.00841	0.00260	0.01071	0.00748	0.00410	0.01215
38	0.03123	0.08205	0.02539	0.02146	0.02603	0.62729	0.01633	0.03345	0.02369	0.02078	0.01307	0.01524	0.01096	0.00868	0.00754	0.00217	0.01496	0.00542	0.00434	0.00993
39	0.22177	0.01347	0.05035	0.01121	0.01509	0.01225	0.00936	0.01920	0.05039	0.02998	0.16710	0.05099	0.24331	0.05834	0.01061	0.00310	0.00576	0.01221	0.00706	0.00845
40	0.02048	0.16627	0.21028	0.03120	0.21806	0.05420	0.06002	0.02607	0.01816	0.02485	0.01439	0.01829	0.01181	0.00847	0.00986	0.00256	0.08253	0.00664	0.00389	0.01198
41	0.01238	0.00910	0.01203	0.01364	0.01546	0.00874	0.01124	0.01549	0.01889	0.02427	0.05281	0.21444	0.15727	0.02379	0.01127	0.00364	0.00662	0.37352	0.00786	0.00753
42	0.02431	0.05720	0.03191	0.04157	0.43584	0.21195	0.02274	0.02841	0.02068	0.02539	0.01498	0.01904	0.01262	0.00792	0.00807	0.00240	0.01161	0.00682	0.00424	0.01230

[dist]
# distance from previous block
# <min> <max>
0	1

[block]
# block no. 6 follows, 21 sequences, length 10
# corresponding to MSA columns:
# 566-575
name=unknown_G
#
# <colnr> <probs for GDERKNQSTAVLIFYWHMCP>
#	G	D	E	R	K	N	Q	S	T	A	V	L	I	F	Y	W	H	M	C	P
0	0.02045	0.01999	0.03528	0.11452	0.52412	0.02022	0.08822	0.02579	0.01921	0.02713	0.01605	0.02143	0.01320	0.00763	0.00860	0.00260	0.01068	0.00784	0.00418	0.01286
1	0.01710	0.01398	0.02004	0.02255	0.15888	0.01456	0.04640	0.08083	0.01764	0.02420	0.02372	0.08710	0.02494	0.34253	0.02659	0.00543	0.04816	0.01124	0.00537	0.00875
2	0.01583	0.01262	0.01737	0.14778	0.12342	0.01348	0.01387	0.02198	0.08281	0.02688	0.03584	0.03874	0.14727	0.01578	0.05633	0.00337	0.00813	0.01014	0.19886	0.00952
3	0.02084	0.02136	0.02981	0.27179	0.34735	0.11382	0.02382	0.02570	0.01923	0.02463	0.01528	0.02081	0.01235	0.00809	0.00835	0.00259	0.01131	0.00727	0.00408	0.01152
4	0.06377	0.14323	0.07330	0.02444	0.13701	0.23252	0.01773	0.08805	0.02277	0.02795	0.07600	0.02145	0.01846	0.00920	0.00766	0.00233	0.01097	0.00691	0.00513	0.01115
5	0.09340	0.02900	0.17335	0.03637	0.33423	0.13707	0.02396	0.02763	0.01944	0.02734	0.01492	0.01862	0.01199	0.00794	0.00791	0.00252	0.01128	0.00662	0.00420	0.01221
6	0.02362	0.02725	0.07539	0.02901	0.14139	0.20376	0.13151	0.08946	0.02217	0.02726	0.01846	0.08431	0.01652	0.01053	0.01016	0.00269	0.06137	0.00895	0.00501	0.01118
7	0.13622	0.07592	0.15746	0.06504	0.02669	0.10015	0.01727	0.14431	0.02275	0.03180	0.02660	0.02775	0.11267	0.01070	0.00784	0.00257	0.00968	0.00804	0.00565	0.01090
8	0.12961	0.01840	0.01977	0.13223	0.02663	0.12199	0.05725	0.06838	0.01903	0.02611	0.02466	0.03184	0.07971	0.11039	0.09453	0.00476	0.01164	0.00887	0.00521	0.00898
9	0.01914	0.01902	0.05569	0.02653	0.19667	0.08173	0.01750	0.06528	0.01978	0.02661	0.02211	0.03470	0.02052	0.02375	0.16614	0.00527	0.01303	0.09921	0.00524	0.08210

[dist]
# distance from previous block
# <min> <max>
92	288

[block]
# block no. 7 follows, 21 sequences, length 18
# corresponding to MSA columns:
# 915-932
name=unknown_H
#
# <colnr> <probs for GDERKNQSTAVLIFYWHMCP>
#	G	D	E	R	K	N	Q	S	T	A	V	L	I	F	Y	W	H	M	C	P
0	0.02384	0.43011	0.07103	0.01652	0.02321	0.08784	0.01558	0.12269	0.02134	0.02597	0.01459	0.01703	0.01247	0.01327	0.06870	0.00314	0.01121	0.00567	0.00459	0.01119
1	0.01625	0.01337	0.05404	0.01245	0.01713	0.01040	0.01035	0.01916	0.01733	0.08270	0.03631	0.04021	0.17045	0.07126	0.12000	0.04657	0.00920	0.00993	0.00602	0.23684
2	0.01606	0.16184	0.04664	0.01298	0.01686	0.01570	0.01105	0.08039	0.02054	0.02642	0.10561	0.17114	0.17249	0.05988	0.01115	0.00309	0.00676	0.04562	0.00684	0.00893
3	0.02145	0.19647	0.32927	0.02483	0.10281	0.13637	0.02422	0.02774	0.01905	0.02435	0.01418	0.01685	0.01116	0.00796	0.00743	0.00238	0.01196	0.00589	0.00382	0.01182
4	0.01314	0.01048	0.04920	0.01196	0.01380	0.00854	0.00904	0.01558	0.01807	0.05905	0.19435	0.32714	0.05277	0.15712	0.01685	0.00412	0.00594	0.01763	0.00762	0.00760
5	0.02275	0.70604	0.04459	0.01456	0.02184	0.03367	0.01456	0.02548	0.01729	0.02002	0.01183	0.01365	0.01092	0.00728	0.00546	0.00182	0.00910	0.00455	0.00364	0.01092
6	0.01104	0.00900	0.01005	0.01016	0.01284	0.00764	0.00752	0.01327	0.01845	0.02324	0.06742	0.23181	0.40609	0.02146	0.00998	0.00291	0.00483	0.04524	0.00762	0.07942
7	0.02275	0.70604	0.04459	0.01456	0.02184	0.03367	0.01456	0.02548	0.01729	0.02002	0.01183	0.01365	0.01092	0.00728	0.00546	0.00182	0.00910	0.00455	0.00364	0.01092
8	0.21326	0.02283	0.02581	0.10185	0.29741	0.15049	0.01955	0.02696	0.01883	0.02843	0.01427	0.01821	0.01165	0.00800	0.00747	0.00252	0.01039	0.00639	0.00447	0.01123
9	0.01707	0.04402	0.65683	0.02426	0.03683	0.01976	0.03144	0.02695	0.01797	0.02695	0.01527	0.01797	0.01078	0.00809	0.00809	0.00270	0.01258	0.00629	0.00359	0.01258
10	0.01238	0.00825	0.00928	0.00928	0.00928	0.00825	0.00516	0.01238	0.01238	0.01650	0.02681	0.05569	0.03094	0.70092	0.04331	0.00825	0.00825	0.01238	0.00516	0.00516
11	0.02923	0.05771	0.02462	0.01998	0.02434	0.27558	0.01595	0.11646	0.06013	0.12794	0.01830	0.01982	0.01402	0.01058	0.01195	0.00265	0.14639	0.00689	0.00605	0.01142
12	0.01218	0.00817	0.00934	0.00953	0.00958	0.00812	0.00542	0.01232	0.01276	0.01701	0.02876	0.11768	0.03340	0.63558	0.04017	0.00779	0.00793	0.01352	0.00542	0.00533
13	0.17991	0.17172	0.05562	0.01690	0.02225	0.30334	0.01426	0.02861	0.01977	0.02564	0.01413	0.01639	0.01163	0.00835	0.00656	0.00221	0.01097	0.00538	0.07645	0.00990
14	0.01990	0.37398	0.35168	0.01942	0.02936	0.02670	0.02303	0.02622	0.01763	0.02350	0.01356	0.01582	0.01085	0.00768	0.00678	0.00226	0.01084	0.00542	0.00362	0.01175
15	0.28025	0.17003	0.27281	0.01756	0.02607	0.05520	0.01941	0.02633	0.01692	0.02916	0.01326	0.01549	0.01027	0.00789	0.00654	0.00247	0.00990	0.00530	0.00423	0.01092
16	0.02713	0.20111	0.02910	0.01875	0.02396	0.22829	0.01558	0.18862	0.02563	0.03034	0.05406	0.01963	0.01627	0.00992	0.00945	0.00237	0.07635	0.00665	0.00557	0.01122
17	0.01681	0.29551	0.06610	0.01582	0.06307	0.01979	0.01291	0.01965	0.01748	0.02201	0.05677	0.14071	0.12680	0.07859	0.01121	0.00300	0.00766	0.01139	0.00543	0.00930

[dist]
# distance from previous block
# <min> <max>
170	430

[block]
# block no. 8 follows, 21 sequences, length 13
# corresponding to MSA columns:
# 1441-1453
name=unknown_I
#
# <colnr> <probs for GDERKNQSTAVLIFYWHMCP>
#	G	D	E	R	K	N	Q	S	T	A	V	L	I	F	Y	W	H	M	C	P
0	0.03045	0.03855	0.02710	0.02352	0.02838	0.59308	0.08501	0.03321	0.02366	0.02156	0.01362	0.01622	0.01118	0.00859	0.00794	0.00227	0.01523	0.00600	0.00438	0.01005
1	0.06621	0.33440	0.11040	0.01607	0.02240	0.13173	0.01543	0.02524	0.01966	0.02486	0.13463	0.02415	0.02422	0.00963	0.00704	0.00221	0.00945	0.00703	0.00496	0.01029
2	0.01804	0.15744	0.55194	0.02259	0.03426	0.02215	0.02855	0.02670	0.01785	0.02576	0.01468	0.01723	0.01080	0.00795	0.00764	0.00255	0.01198	0.00599	0.00360	0.01229
3	0.01945	0.07794	0.18647	0.03068	0.06776	0.02253	0.33178	0.02614	0.01846	0.02582	0.01554	0.02047	0.01208	0.00839	0.01144	0.00284	0.09838	0.00832	0.00401	0.01151
4	0.01722	0.16536	0.41609	0.01981	0.02936	0.02023	0.02374	0.02460	0.01900	0.02697	0.13364	0.02577	0.02398	0.00969	0.00795	0.00252	0.01028	0.00768	0.00470	0.01139
5	0.19937	0.04980	0.01237	0.01058	0.01346	0.01222	0.00811	0.01682	0.01629	0.02525	0.04363	0.05603	0.22574	0.19013	0.01725	0.00424	0.00655	0.07840	0.00630	0.00746
6	0.01009	0.00848	0.00877	0.00899	0.01159	0.00715	0.00663	0.01217	0.01904	0.02284	0.08168	0.15255	0.57665	0.02214	0.01015	0.00294	0.00438	0.01868	0.00790	0.00715
7	0.02310	0.07534	0.03185	0.11415	0.39006	0.17082	0.02273	0.02739	0.02005	0.02492	0.01494	0.01937	0.01246	0.00794	0.00804	0.00243	0.01139	0.00687	0.00416	0.01199
8	0.10990	0.34741	0.10454	0.01753	0.02430	0.22411	0.01645	0.02820	0.01913	0.02315	0.01263	0.01468	0.01072	0.00790	0.00641	0.00213	0.01112	0.00504	0.00405	0.01059
9	0.01138	0.00798	0.00943	0.01015	0.01065	0.00764	0.00631	0.01216	0.01460	0.01914	0.04079	0.29411	0.10820	0.37744	0.02768	0.00589	0.00659	0.01734	0.00647	0.00603
10	0.16240	0.22734	0.09772	0.01537	0.02087	0.07534	0.01443	0.02313	0.01629	0.02432	0.01570	0.02038	0.01375	0.02492	0.20838	0.00574	0.01373	0.00624	0.00429	0.00968
11	0.01081	0.00765	0.01006	0.01181	0.01235	0.00725	0.00797	0.01228	0.01607	0.02139	0.04456	0.58575	0.05301	0.10112	0.01451	0.00402	0.00549	0.05954	0.00759	0.00678
12	0.02833	0.08980	0.02410	0.01989	0.02443	0.44821	0.01551	0.03337	0.09533	0.04903	0.01944	0.02530	0.01673	0.01043	0.00803	0.00242	0.01276	0.06109	0.00541	0.01038

[dist]
# distance from previous block
# <min> <max>
10	15

[block]
# block no. 9 follows, 21 sequences, length 11
# corresponding to MSA columns:
# 1470-1480
name=unknown_J
#
# <colnr> <probs for GDERKNQSTAVLIFYWHMCP>
#	G	D	E	R	K	N	Q	S	T	A	V	L	I	F	Y	W	H	M	C	P
0	0.01319	0.07711	0.01669	0.01376	0.01584	0.01288	0.01102	0.01620	0.01403	0.01978	0.02173	0.03150	0.02026	0.05831	0.60264	0.01252	0.02146	0.00867	0.00447	0.00792
1	0.02021	0.01627	0.01842	0.01441	0.02045	0.01532	0.01148	0.14586	0.11583	0.03529	0.12708	0.02823	0.02663	0.00979	0.00775	0.00201	0.00660	0.00804	0.00704	0.36331
2	0.01310	0.00974	0.01368	0.01335	0.01457	0.01145	0.01020	0.01571	0.01382	0.02047	0.02274	0.03491	0.02170	0.13906	0.46796	0.01102	0.07819	0.00929	0.07157	0.00746
3	0.07525	0.31220	0.27455	0.05876	0.02973	0.07131	0.02133	0.02639	0.01781	0.02418	0.01345	0.01599	0.01077	0.00781	0.00679	0.00230	0.01083	0.00547	0.00380	0.01127
4	0.02782	0.03262	0.02416	0.05336	0.02678	0.43538	0.01669	0.07072	0.02253	0.02357	0.01356	0.01678	0.01138	0.00972	0.01112	0.00244	0.12794	0.00604	0.00458	0.06282
5	0.01797	0.10539	0.10582	0.01574	0.02057	0.12448	0.01396	0.02154	0.01794	0.02303	0.06483	0.10218	0.02449	0.06892	0.13279	0.00482	0.01190	0.00939	0.00511	0.10912
6	0.02345	0.07409	0.02368	0.04409	0.02380	0.01575	0.09158	0.05480	0.05745	0.21920	0.03130	0.09085	0.06507	0.02096	0.11967	0.00456	0.01077	0.01054	0.00722	0.01117
7	0.20172	0.24444	0.08363	0.01773	0.02371	0.17233	0.03708	0.02705	0.01795	0.02548	0.01257	0.01523	0.01060	0.00852	0.00833	0.00239	0.07135	0.00538	0.00423	0.01029
8	0.15459	0.14228	0.11356	0.12342	0.08850	0.12981	0.01820	0.02567	0.01879	0.02667	0.06971	0.02113	0.01709	0.00888	0.00733	0.00245	0.01017	0.00668	0.00464	0.01042
9	0.01865	0.01966	0.07607	0.03460	0.30474	0.01755	0.10250	0.02561	0.07477	0.02858	0.08677	0.07632	0.02455	0.01029	0.00885	0.00262	0.00928	0.00990	0.00546	0.06324
10	0.02862	0.12545	0.03006	0.02481	0.08104	0.46949	0.07052	0.03158	0.02244	0.02190	0.01359	0.01629	0.01135	0.00833	0.00766	0.00223	0.01398	0.00595	0.00426	0.01046

[dist]
# distance from previous block
# <min> <max>
2	29

[block]
# block no. 10 follows, 21 sequences, length 22
# corresponding to MSA columns:
# 1512-1533
name=unknown_K
#
# <colnr> <probs for GDERKNQSTAVLIFYWHMCP>
#	G	D	E	R	K	N	Q	S	T	A	V	L	I	F	Y	W	H	M	C	P
0	0.01697	0.04976	0.02183	0.18980	0.11939	0.01673	0.01657	0.02487	0.13682	0.02661	0.10415	0.03810	0.02847	0.04419	0.04647	0.02932	0.00922	0.06469	0.00599	0.01007
1	0.07962	0.08928	0.14223	0.05888	0.20668	0.02257	0.09972	0.02499	0.01730	0.02601	0.01433	0.01907	0.01181	0.00907	0.01181	0.00279	0.14117	0.00712	0.00403	0.01150
2	0.08099	0.01906	0.01721	0.01657	0.04476	0.15011	0.01194	0.13979	0.02243	0.02880	0.03197	0.15885	0.11290	0.01695	0.01196	0.10004	0.00857	0.01161	0.00638	0.00913
3	0.02098	0.02535	0.16109	0.07577	0.38415	0.02075	0.07365	0.08271	0.02099	0.02972	0.01633	0.02061	0.01287	0.00795	0.00850	0.00261	0.01095	0.00752	0.00448	0.01301
4	0.02281	0.02216	0.05732	0.03028	0.20842	0.10216	0.10671	0.06972	0.05505	0.07882	0.02171	0.08626	0.01866	0.01229	0.03432	0.00304	0.01089	0.00934	0.00568	0.04436
5	0.02425	0.06133	0.03205	0.04155	0.43628	0.20752	0.02273	0.02835	0.02064	0.02539	0.01497	0.01903	0.01262	0.00791	0.00806	0.00239	0.01157	0.00682	0.00423	0.01231
6	0.17678	0.05502	0.07268	0.08600	0.30441	0.11583	0.02081	0.02673	0.01867	0.02804	0.01440	0.01828	0.01174	0.00792	0.00750	0.00250	0.01037	0.00642	0.00435	0.01155
7	0.02438	0.09979	0.20894	0.08436	0.03156	0.33184	0.02106	0.02922	0.02060	0.02257	0.01423	0.01739	0.01136	0.01066	0.03469	0.00284	0.01389	0.00598	0.00404	0.01062
8	0.08070	0.06778	0.44582	0.02192	0.03234	0.05695	0.02573	0.11811	0.02138	0.03131	0.01552	0.01768	0.01124	0.00840	0.00778	0.00260	0.01160	0.00624	0.00453	0.01237
9	0.01359	0.00954	0.01344	0.01311	0.01428	0.01111	0.01001	0.01561	0.01378	0.02061	0.02160	0.03208	0.02011	0.08184	0.40487	0.10681	0.07701	0.00876	0.10467	0.00716
10	0.02552	0.42556	0.03556	0.01720	0.02331	0.23693	0.01506	0.03011	0.07814	0.02177	0.01443	0.01592	0.01237	0.00817	0.00648	0.00204	0.01089	0.00533	0.00436	0.01082
11	0.01176	0.00868	0.01043	0.01056	0.01195	0.00853	0.00747	0.01350	0.01581	0.02059	0.07366	0.06253	0.20979	0.29003	0.15360	0.00716	0.00977	0.06134	0.00625	0.00658
12	0.01238	0.00825	0.00928	0.00928	0.00928	0.00825	0.00516	0.01238	0.01238	0.01650	0.02681	0.05569	0.03094	0.70092	0.04331	0.00825	0.00825	0.01238	0.00516	0.00516
13	0.02018	0.01932	0.03295	0.16299	0.54396	0.01999	0.02568	0.02535	0.01896	0.02673	0.01585	0.02135	0.01310	0.00775	0.00844	0.00258	0.01033	0.00758	0.00414	0.01277
14	0.03056	0.13106	0.02690	0.02092	0.02570	0.58066	0.01619	0.03283	0.02319	0.02072	0.01297	0.01512	0.01096	0.00857	0.00737	0.00214	0.01450	0.00535	0.00428	0.01001
15	0.01035	0.00863	0.00902	0.00892	0.01167	0.00731	0.00669	0.01277	0.02008	0.02461	0.16715	0.07924	0.56244	0.02095	0.01005	0.00285	0.00427	0.01759	0.00812	0.00731
16	0.01218	0.00905	0.01331	0.01331	0.01471	0.01044	0.01018	0.01496	0.01357	0.01949	0.02313	0.03527	0.02207	0.11656	0.61556	0.01323	0.02159	0.00939	0.00461	0.00740
17	0.01790	0.02511	0.20378	0.28214	0.13181	0.01983	0.11312	0.02581	0.04969	0.02556	0.01660	0.02167	0.01247	0.00822	0.00861	0.00276	0.01172	0.00769	0.00412	0.01139
18	0.02240	0.52310	0.16114	0.01704	0.02511	0.08339	0.01798	0.02647	0.01799	0.02143	0.01261	0.01463	0.01090	0.00756	0.00615	0.00202	0.01029	0.00496	0.00369	0.01115
19	0.01216	0.00912	0.01368	0.01368	0.01520	0.01064	0.01064	0.01520	0.01368	0.01976	0.02279	0.03343	0.02127	0.06382	0.66720	0.01368	0.02279	0.00912	0.00456	0.00760
20	0.01545	0.01212	0.01818	0.02232	0.17234	0.01272	0.01328	0.04061	0.01650	0.02322	0.07116	0.03533	0.02486	0.14879	0.25721	0.07907	0.01364	0.00957	0.00503	0.00859
21	0.09474	0.06309	0.02707	0.02650	0.15088	0.20947	0.04054	0.07464	0.02064	0.02679	0.01710	0.02052	0.03945	0.01016	0.01165	0.00266	0.14150	0.00705	0.00475	0.01081

[dist]
# distance from previous block
# <min> <max>
0	56

[block]
# block no. 11 follows, 21 sequences, length 34
# corresponding to MSA columns:
# 1590-1623
name=unknown_L
#
# <colnr> <probs for GDERKNQSTAVLIFYWHMCP>
#	G	D	E	R	K	N	Q	S	T	A	V	L	I	F	Y	W	H	M	C	P
0	0.02119	0.12087	0.03028	0.02267	0.06500	0.11682	0.14348	0.07935	0.02024	0.02581	0.01734	0.02243	0.01466	0.02238	0.17915	0.00525	0.01460	0.00757	0.00473	0.06619
1	0.02029	0.01956	0.06238	0.05857	0.04575	0.07566	0.01428	0.12481	0.08361	0.03142	0.05525	0.12696	0.02451	0.01188	0.00825	0.00241	0.00814	0.00992	0.04031	0.17604
2	0.05756	0.01498	0.01569	0.01423	0.01774	0.05061	0.01080	0.18019	0.02377	0.06434	0.03438	0.29695	0.06146	0.01702	0.00903	0.00282	0.00688	0.01451	0.06328	0.04377
3	0.07430	0.12990	0.02456	0.02256	0.14184	0.08825	0.01528	0.02207	0.01653	0.02291	0.01716	0.02352	0.01547	0.03068	0.27326	0.00693	0.05346	0.00725	0.00433	0.00976
4	0.02567	0.38412	0.09788	0.01825	0.02505	0.24803	0.01696	0.05357	0.02065	0.02241	0.01299	0.01495	0.01107	0.00799	0.00661	0.00207	0.01159	0.00517	0.00410	0.01088
5	0.01859	0.22153	0.49267	0.02166	0.03281	0.02349	0.02692	0.02656	0.01779	0.02509	0.01435	0.01681	0.01082	0.00787	0.00738	0.00246	0.01164	0.00582	0.00361	0.01213
6	0.01087	0.00804	0.01028	0.01187	0.01307	0.00745	0.00860	0.01289	0.01744	0.02260	0.05414	0.47668	0.16803	0.02515	0.01086	0.00342	0.00530	0.11829	0.00789	0.00712
7	0.01953	0.02580	0.14747	0.02141	0.02480	0.12670	0.01964	0.02319	0.01589	0.02170	0.01396	0.02008	0.01250	0.01956	0.11211	0.00470	0.35012	0.00714	0.00392	0.00979
8	0.01037	0.00741	0.00987	0.01185	0.01234	0.00691	0.00790	0.01185	0.01629	0.02172	0.04690	0.69537	0.05629	0.02666	0.01086	0.00346	0.00494	0.02419	0.00790	0.00691
9	0.01232	0.00848	0.01046	0.01046	0.01087	0.00889	0.00663	0.01313	0.01272	0.01737	0.02574	0.04972	0.02835	0.53009	0.21060	0.00971	0.01215	0.01150	0.00500	0.00581
10	0.76103	0.01646	0.01251	0.01119	0.01646	0.01909	0.00922	0.02502	0.01448	0.03818	0.01185	0.01382	0.00922	0.00790	0.00527	0.00263	0.00658	0.00461	0.00527	0.00922
11	0.03265	0.02822	0.02232	0.01910	0.02406	0.34717	0.01491	0.06500	0.02406	0.24509	0.02101	0.02128	0.01512	0.01199	0.03574	0.00290	0.04411	0.00691	0.00673	0.01161
12	0.02557	0.30423	0.03274	0.01904	0.02373	0.28640	0.01611	0.02792	0.01920	0.02044	0.01223	0.01530	0.01099	0.00937	0.01075	0.00234	0.14401	0.00549	0.00396	0.01018
13	0.01006	0.00862	0.00862	0.00862	0.01149	0.00718	0.00647	0.01221	0.01940	0.02299	0.08621	0.08190	0.64438	0.02155	0.01006	0.00287	0.00431	0.01796	0.00790	0.00718
14	0.01508	0.01264	0.01366	0.01302	0.01650	0.01315	0.01016	0.02640	0.26671	0.02935	0.11306	0.06141	0.28353	0.01733	0.00966	0.00296	0.00561	0.07156	0.00834	0.00986
