[name]
unknown

[dist]
# distance from previous block
# <min> <max>
0	1

[block]
# block no. 0 follows, 22 sequences, length 36
# corresponding to MSA columns:
# 1-36
name=unknown_A
#
# <colnr> <probs for GDERKNQSTAVLIFYWHMCP>
#	G	D	E	R	K	N	Q	S	T	A	V	L	I	F	Y	W	H	M	C	P
0	0.01562	0.18758	0.02102	0.01502	0.01825	0.01546	0.01360	0.01915	0.01856	0.02352	0.03578	0.07337	0.03841	0.01894	0.00992	0.00331	0.00796	0.44952	0.00661	0.00841
1	0.01499	0.01327	0.01847	0.01670	0.01718	0.01731	0.01321	0.01685	0.01281	0.01905	0.01743	0.02955	0.01768	0.15724	0.24294	0.00764	0.34705	0.00869	0.00416	0.00780
2	0.01208	0.00805	0.00906	0.00906	0.00906	0.00805	0.00503	0.01208	0.01208	0.01611	0.02618	0.05436	0.03020	0.70804	0.04228	0.00805	0.00805	0.01208	0.00503	0.00503
3	0.01062	0.00744	0.00949	0.01093	0.01129	0.00708	0.00703	0.01170	0.01494	0.01992	0.04082	0.53858	0.04868	0.19861	0.01862	0.00456	0.00564	0.02070	0.00703	0.00631
4	0.02913	0.03561	0.02267	0.02058	0.02494	0.55492	0.01552	0.03518	0.13665	0.02297	0.01668	0.01791	0.01339	0.00906	0.00767	0.00226	0.01344	0.00609	0.00504	0.01028
5	0.02568	0.02896	0.01910	0.01756	0.02123	0.43102	0.01323	0.03038	0.08371	0.02409	0.01853	0.02094	0.01498	0.01152	0.03749	0.00267	0.01200	0.00645	0.17101	0.00946
6	0.01731	0.01678	0.05629	0.01632	0.02294	0.01330	0.10515	0.05832	0.01862	0.02717	0.02174	0.05581	0.05309	0.06146	0.01009	0.00233	0.00784	0.00802	0.00524	0.42217
7	0.01342	0.00915	0.01030	0.00999	0.01052	0.00930	0.00603	0.05865	0.01438	0.01919	0.02702	0.09539	0.03065	0.60937	0.03758	0.00732	0.00792	0.01251	0.00546	0.00584
8	0.02032	0.50798	0.20475	0.01653	0.02477	0.02826	0.01826	0.02486	0.01733	0.02190	0.03948	0.01649	0.01349	0.00773	0.00619	0.00204	0.00956	0.00533	0.00378	0.01096
9	0.02033	0.01951	0.03331	0.08083	0.62816	0.01968	0.02538	0.02530	0.01881	0.02686	0.01559	0.02064	0.01306	0.00744	0.00823	0.00248	0.00993	0.00740	0.00409	0.01297
10	0.02468	0.02204	0.05346	0.06613	0.36477	0.10867	0.02115	0.03021	0.05664	0.14195	0.01936	0.02176	0.01468	0.00837	0.00815	0.00248	0.01002	0.00736	0.00547	0.01264
11	0.02063	0.20272	0.07417	0.05811	0.34634	0.06310	0.02102	0.02505	0.01881	0.02488	0.05713	0.02098	0.01650	0.00811	0.00751	0.00230	0.00973	0.00693	0.00426	0.01173
12	0.01906	0.01730	0.01512	0.01387	0.01736	0.13390	0.01037	0.02744	0.20803	0.06581	0.04453	0.04636	0.21849	0.10985	0.01336	0.00340	0.00761	0.01149	0.00710	0.00954
13	0.02161	0.02346	0.03436	0.10376	0.28850	0.14020	0.17506	0.02643	0.01935	0.02475	0.01505	0.02003	0.01223	0.00802	0.00961	0.00259	0.05188	0.00762	0.00410	0.01139
14	0.01428	0.18627	0.01858	0.01204	0.01470	0.01366	0.00943	0.01632	0.01720	0.04562	0.08143	0.41101	0.08997	0.01964	0.00907	0.00284	0.00582	0.01713	0.00685	0.00811
15	0.01703	0.01812	0.14160	0.01472	0.01996	0.01354	0.01377	0.02644	0.17732	0.09244	0.15537	0.07599	0.17073	0.01439	0.00898	0.00274	0.00665	0.01214	0.00760	0.01045
16	0.01208	0.00805	0.00906	0.00906	0.00906	0.00805	0.00503	0.01208	0.01208	0.01611	0.02618	0.05436	0.03020	0.70804	0.04228	0.00805	0.00805	0.01208	0.00503	0.00503
17	0.01550	0.01407	0.02313	0.37550	0.17866	0.01587	0.01973	0.02009	0.01762	0.02360	0.07626	0.13749	0.02471	0.01179	0.00880	0.00279	0.00914	0.01074	0.00493	0.00957
18	0.02921	0.02468	0.02615	0.02836	0.21197	0.18570	0.01808	0.19126	0.02636	0.14841	0.01922	0.02040	0.01415	0.00891	0.00809	0.00241	0.01046	0.00708	0.00641	0.01270
19	0.01775	0.01707	0.02960	0.03846	0.40861	0.01666	0.10367	0.02216	0.01858	0.02570	0.02766	0.12459	0.08974	0.01151	0.00896	0.00268	0.00909	0.01116	0.00504	0.01130
20	0.01047	0.00756	0.00991	0.01118	0.01209	0.00700	0.00768	0.01249	0.01773	0.02395	0.18194	0.53232	0.08726	0.02379	0.01039	0.00318	0.00459	0.02144	0.00803	0.00700
21	0.01791	0.12570	0.39543	0.02239	0.03071	0.02274	0.04893	0.02453	0.01631	0.02382	0.01352	0.01733	0.01072	0.00943	0.01253	0.00278	0.18411	0.00634	0.00357	0.01121
22	0.01705	0.08218	0.54202	0.02442	0.08064	0.01957	0.02801	0.02558	0.01793	0.02632	0.04935	0.01992	0.01442	0.00830	0.00786	0.00256	0.01142	0.00661	0.00386	0.01200
23	0.02056	0.01974	0.03372	0.05099	0.65622	0.01974	0.02550	0.02550	0.01892	0.02714	0.01563	0.02056	0.01316	0.00740	0.00822	0.00247	0.00987	0.00740	0.00411	0.01316
24	0.01065	0.00866	0.00952	0.01003	0.01219	0.00784	0.00723	0.01397	0.05981	0.02286	0.06810	0.28221	0.41324	0.02203	0.00999	0.00299	0.00457	0.01899	0.00776	0.00734
25	0.02838	0.03457	0.02612	0.02889	0.18524	0.50896	0.01844	0.03123	0.02237	0.02205	0.01355	0.01639	0.01132	0.00827	0.00768	0.00222	0.01369	0.00587	0.00424	0.01052
26	0.01636	0.04082	0.62426	0.02285	0.03449	0.01858	0.02927	0.02565	0.01791	0.02675	0.05459	0.02031	0.01475	0.00846	0.00801	0.00263	0.01176	0.00669	0.00386	0.01200
27	0.01273	0.00929	0.01330	0.01309	0.01454	0.01091	0.01022	0.01575	0.01387	0.02091	0.02224	0.03157	0.02026	0.05240	0.54673	0.01124	0.05895	0.00865	0.10581	0.00756
28	0.01269	0.01118	0.01545	0.06213	0.16102	0.01059	0.01200	0.01554	0.01823	0.02321	0.05711	0.17677	0.35683	0.01804	0.00950	0.00283	0.00605	0.01569	0.00664	0.00850
29	0.02324	0.02551	0.02909	0.02815	0.15105	0.25854	0.17039	0.02747	0.02052	0.02521	0.01700	0.02088	0.01361	0.00814	0.00791	0.00233	0.01170	0.00732	0.14155	0.01038
30	0.05523	0.02803	0.02390	0.14370	0.03120	0.28660	0.01700	0.25318	0.02771	0.03309	0.01581	0.01811	0.01199	0.00901	0.00786	0.00240	0.01176	0.00649	0.00571	0.01121
31	0.71031	0.01634	0.01384	0.01395	0.06447	0.01872	0.01024	0.02450	0.01450	0.03651	0.01187	0.01403	0.00931	0.00769	0.00537	0.00256	0.00669	0.00472	0.00506	0.00931
32	0.01520	0.01290	0.01367	0.01269	0.01629	0.01359	0.00974	0.02768	0.31492	0.02961	0.12930	0.05453	0.28508	0.01591	0.00917	0.00279	0.00530	0.01336	0.00824	0.01003
33	0.01202	0.00850	0.00993	0.01001	0.01230	0.00744	0.00733	0.01438	0.01935	0.06509	0.17947	0.23080	0.35152	0.02084	0.00992	0.00290	0.00449	0.01801	0.00815	0.00756
34	0.02155	0.01584	0.01719	0.01462	0.01917	0.01670	0.01156	0.24664	0.13967	0.07543	0.04429	0.10820	0.20392	0.01501	0.00900	0.00273	0.00670	0.01239	0.00823	0.01117
35	0.02554	0.02631	0.06938	0.01858	0.02375	0.22586	0.01527	0.14287	0.19017	0.06808	0.02437	0.09015	0.02025	0.01135	0.00829	0.00257	0.00998	0.00889	0.00677	0.01157

[dist]
# distance from previous block
# <min> <max>
5	13

[block]
# block no. 1 follows, 22 sequences, length 30
# corresponding to MSA columns:
# 50-79
name=unknown_B
#
# <colnr> <probs for GDERKNQSTAVLIFYWHMCP>
#	G	D	E	R	K	N	Q	S	T	A	V	L	I	F	Y	W	H	M	C	P
0	0.06077	0.02225	0.07901	0.03270	0.25091	0.07145	0.12327	0.02588	0.05924	0.02625	0.02052	0.02419	0.05602	0.00959	0.01087	0.00272	0.10025	0.00819	0.00462	0.01130
1	0.14401	0.01176	0.01214	0.01114	0.01359	0.01264	0.00808	0.11410	0.01819	0.02909	0.02418	0.08571	0.02360	0.24729	0.05533	0.00492	0.00763	0.00988	0.15876	0.00797
2	0.07666	0.13887	0.10428	0.06470	0.23414	0.02006	0.04883	0.02429	0.01760	0.02617	0.01437	0.01793	0.01179	0.00721	0.00712	0.00216	0.00923	0.00614	0.00417	0.16431
3	0.11159	0.02554	0.02140	0.02351	0.15055	0.30004	0.01521	0.02753	0.02074	0.07330	0.02691	0.02801	0.12092	0.01048	0.00783	0.00240	0.01050	0.00797	0.00539	0.01018
4	0.01793	0.01860	0.14602	0.01372	0.01905	0.01397	0.01326	0.15584	0.02269	0.03269	0.03726	0.03799	0.17532	0.01222	0.00780	0.00242	0.00686	0.00980	0.24665	0.00992
5	0.02006	0.02110	0.04134	0.07312	0.19169	0.02106	0.37924	0.05222	0.01968	0.02715	0.01616	0.02156	0.01261	0.00780	0.01042	0.00276	0.05737	0.00881	0.00430	0.01156
6	0.00982	0.00842	0.00842	0.00842	0.01122	0.00701	0.00631	0.01192	0.01894	0.02244	0.08416	0.07995	0.65285	0.02104	0.00982	0.00281	0.00421	0.01753	0.00771	0.00701
7	0.02104	0.02214	0.06380	0.04778	0.58583	0.06147	0.02515	0.02602	0.01914	0.02667	0.01541	0.02006	0.01287	0.00750	0.00816	0.00245	0.01031	0.00721	0.00409	0.01289
8	0.01012	0.00781	0.00906	0.01001	0.01149	0.00695	0.00692	0.01176	0.01699	0.02142	0.06144	0.38493	0.31734	0.06878	0.01235	0.00343	0.00476	0.02017	0.00754	0.00675
9	0.02948	0.02976	0.02326	0.01978	0.02502	0.31962	0.01546	0.25879	0.13438	0.03482	0.01908	0.01957	0.01448	0.00955	0.00796	0.00239	0.01136	0.00684	0.00650	0.01192
10	0.02460	0.16293	0.02927	0.02618	0.18157	0.17599	0.01742	0.09896	0.14896	0.02843	0.01836	0.01988	0.01469	0.00869	0.00753	0.00233	0.01011	0.00675	0.00540	0.01194
11	0.01793	0.03913	0.53560	0.02792	0.13409	0.04905	0.02920	0.02649	0.01803	0.02617	0.01493	0.01790	0.01095	0.00784	0.00793	0.00258	0.01202	0.00630	0.00364	0.01230
12	0.01142	0.00778	0.00926	0.00991	0.01007	0.00761	0.00594	0.01191	0.01337	0.01783	0.03279	0.27315	0.03855	0.47786	0.03159	0.00647	0.00696	0.01597	0.00594	0.00561
13	0.01049	0.00844	0.00935	0.00912	0.01163	0.00730	0.00684	0.01323	0.02053	0.02622	0.28165	0.07372	0.45300	0.01963	0.00981	0.00274	0.00411	0.01666	0.00821	0.00730
14	0.02896	0.03371	0.06033	0.02499	0.11028	0.41527	0.01806	0.15677	0.02585	0.02829	0.01482	0.01691	0.01174	0.00867	0.00778	0.00228	0.01293	0.00611	0.00506	0.01119
15	0.02984	0.14036	0.02725	0.01938	0.02502	0.32296	0.01566	0.26095	0.02845	0.03253	0.01537	0.01663	0.01201	0.00887	0.00746	0.00222	0.01176	0.00603	0.00572	0.01153
16	0.01418	0.00792	0.00853	0.00853	0.00983	0.00802	0.00587	0.01678	0.01548	0.02553	0.02648	0.03841	0.02405	0.23182	0.06229	0.00462	0.00642	0.00918	0.46919	0.00687
17	0.03107	0.03834	0.02365	0.02123	0.02569	0.62489	0.01603	0.07886	0.02473	0.02279	0.01339	0.01536	0.01096	0.00867	0.00755	0.00217	0.01453	0.00551	0.00459	0.00998
18	0.02085	0.03208	0.39798	0.02201	0.05714	0.01853	0.02381	0.03234	0.15494	0.12531	0.02180	0.02225	0.01541	0.00898	0.00810	0.00266	0.01013	0.00724	0.00565	0.01279
19	0.02296	0.02463	0.03249	0.04278	0.46044	0.17435	0.06936	0.02739	0.02006	0.02549	0.01506	0.01939	0.01254	0.00764	0.00817	0.00242	0.01139	0.00710	0.00416	0.01218
20	0.01078	0.00751	0.00944	0.01072	0.01104	0.00719	0.00681	0.01174	0.01461	0.01949	0.03917	0.48383	0.04659	0.25621	0.02130	0.00495	0.00591	0.01972	0.00681	0.00617
21	0.01012	0.00723	0.00964	0.01157	0.01205	0.00675	0.00771	0.01157	0.01591	0.02121	0.04579	0.70262	0.05495	0.02603	0.01060	0.00337	0.00482	0.02362	0.00771	0.00675
22	0.01102	0.00948	0.03634	0.01148	0.01348	0.00787	0.00898	0.01374	0.01865	0.02462	0.17759	0.31966	0.20465	0.02186	0.01024	0.00310	0.00511	0.08694	0.00783	0.00736
23	0.02548	0.46348	0.03612	0.01688	0.02294	0.27072	0.01490	0.02795	0.01935	0.01984	0.01203	0.01394	0.01068	0.00765	0.00613	0.00191	0.01114	0.00478	0.00382	0.01028
24	0.00982	0.00842	0.00842	0.00842	0.01122	0.00701	0.00631	0.01192	0.01894	0.02244	0.08416	0.07995	0.65285	0.02104	0.00982	0.00281	0.00421	0.01753	0.00771	0.00701
25	0.01035	0.00733	0.00957	0.01127	0.01170	0.00690	0.00740	0.01163	0.01546	0.02061	0.04350	0.62700	0.05206	0.10559	0.01430	0.00392	0.00520	0.02227	0.00740	0.00655
26	0.02196	0.02238	0.03236	0.04705	0.57220	0.10701	0.02424	0.02652	0.01953	0.02623	0.01526	0.01982	0.01283	0.00756	0.00813	0.00242	0.01055	0.00713	0.00413	0.01269
27	0.01023	0.00855	0.00900	0.00922	0.01192	0.00731	0.00714	0.01254	0.01896	0.02272	0.07947	0.08155	0.58227	0.02126	0.01001	0.00292	0.00461	0.08552	0.00771	0.00709
28	0.02750	0.03425	0.05489	0.02969	0.20054	0.46439	0.01931	0.03074	0.02200	0.02248	0.01370	0.01664	0.01137	0.00821	0.00771	0.00225	0.01345	0.00595	0.00420	0.01072
29	0.02413	0.02534	0.03038	0.04085	0.44342	0.19709	0.02229	0.06817	0.02152	0.02700	0.01516	0.01901	0.01256	0.00789	0.00803	0.00238	0.01120	0.00685	0.00444	0.01227

[dist]
# distance from previous block
# <min> <max>
0	1

[block]
# block no. 2 follows, 22 sequences, length 22
# corresponding to MSA columns:
# 81-102
name=unknown_C
#
# <colnr> <probs for GDERKNQSTAVLIFYWHMCP>
#	G	D	E	R	K	N	Q	S	T	A	V	L	I	F	Y	W	H	M	C	P
0	0.02305	0.02445	0.03130	0.04397	0.50658	0.17517	0.02325	0.02732	0.02001	0.02552	0.01497	0.01924	0.01258	0.00768	0.00805	0.00239	0.01108	0.00692	0.00415	0.01232
1	0.01031	0.00738	0.00981	0.01144	0.01209	0.00688	0.00773	0.01205	0.01681	0.02264	0.11746	0.62687	0.05772	0.02496	0.01051	0.00328	0.00471	0.02260	0.00788	0.00688
2	0.02056	0.01974	0.03372	0.05099	0.65622	0.01974	0.02550	0.02550	0.01892	0.02714	0.01563	0.02056	0.01316	0.00740	0.00822	0.00247	0.00987	0.00740	0.00411	0.01316
3	0.01086	0.00813	0.01007	0.01027	0.01203	0.00735	0.00744	0.01368	0.02038	0.02747	0.35375	0.23897	0.20840	0.02038	0.01002	0.00286	0.00423	0.01794	0.00842	0.00735
4	0.01467	0.00966	0.01104	0.01057	0.01299	0.01008	0.00815	0.05864	0.04422	0.02766	0.03683	0.04036	0.14553	0.02653	0.19155	0.00533	0.00948	0.01005	0.31851	0.00817
5	0.01187	0.00890	0.01335	0.01335	0.01483	0.01038	0.01038	0.01483	0.01335	0.01928	0.02225	0.03264	0.02077	0.06231	0.67512	0.01335	0.02225	0.00890	0.00445	0.00742
6	0.07191	0.62304	0.08144	0.01460	0.02191	0.03104	0.01492	0.02494	0.01674	0.02117	0.01177	0.01361	0.01054	0.00720	0.00548	0.00189	0.00894	0.00456	0.00366	0.01065
7	0.01121	0.00847	0.01034	0.00988	0.01207	0.00760	0.00741	0.01461	0.02222	0.03024	0.49118	0.06712	0.24096	0.01813	0.00980	0.00267	0.00400	0.01573	0.00874	0.00760
8	0.02056	0.01974	0.03372	0.05099	0.65622	0.01974	0.02550	0.02550	0.01892	0.02714	0.01563	0.02056	0.01316	0.00740	0.00822	0.00247	0.00987	0.00740	0.00411	0.01316
9	0.01187	0.00890	0.01335	0.01335	0.01483	0.01038	0.01038	0.01483	0.01335	0.01928	0.02225	0.03264	0.02077	0.06231	0.67512	0.01335	0.02225	0.00890	0.00445	0.00742
10	0.02880	0.03029	0.02422	0.06161	0.06429	0.36632	0.01678	0.16248	0.05397	0.05544	0.01638	0.01827	0.01271	0.00927	0.00879	0.00239	0.04489	0.00646	0.00553	0.01112
11	0.01037	0.00844	0.00918	0.00900	0.01156	0.00725	0.00675	0.01299	0.02024	0.02554	0.24573	0.07486	0.48935	0.01988	0.00981	0.00275	0.00413	0.01682	0.00812	0.00725
12	0.01011	0.00843	0.00883	0.00873	0.01140	0.00714	0.00655	0.01250	0.01964	0.02410	0.17092	0.07721	0.56505	0.02042	0.00982	0.00278	0.00416	0.01715	0.00793	0.00714
13	0.01259	0.00997	0.01474	0.01433	0.01564	0.01212	0.01128	0.01543	0.01328	0.01937	0.02094	0.03097	0.01963	0.05680	0.60048	0.01223	0.09951	0.00871	0.00436	0.00761
14	0.03158	0.02327	0.02493	0.01911	0.02576	0.02576	0.01579	0.62852	0.03906	0.05236	0.01995	0.01995	0.01413	0.00997	0.00831	0.00249	0.00914	0.00748	0.00831	0.01413
15	0.01042	0.00794	0.00959	0.01024	0.01186	0.00711	0.00728	0.01270	0.01880	0.02461	0.20845	0.33654	0.26016	0.02213	0.01014	0.00300	0.00439	0.01946	0.00807	0.00711
16	0.01012	0.00723	0.00964	0.01157	0.01205	0.00675	0.00771	0.01157	0.01591	0.02121	0.04579	0.70262	0.05495	0.02603	0.01060	0.00337	0.00482	0.02362	0.00771	0.00675
17	0.01012	0.00723	0.00964	0.01157	0.01205	0.00675	0.00771	0.01157	0.01591	0.02121	0.04579	0.70262	0.05495	0.02603	0.01060	0.00337	0.00482	0.02362	0.00771	0.00675
18	0.01989	0.01941	0.03418	0.12477	0.52526	0.01971	0.08413	0.02510	0.01871	0.02639	0.01564	0.02093	0.01286	0.00747	0.00839	0.00254	0.01042	0.00764	0.00407	0.01250
19	0.07066	0.01861	0.02958	0.27042	0.13008	0.02016	0.13570	0.13633	0.02156	0.03026	0.01603	0.02075	0.01215	0.00810	0.00827	0.00260	0.01056	0.00756	0.00487	0.04576
20	0.13220	0.05838	0.01602	0.04591	0.08173	0.01355	0.01071	0.01867	0.01526	0.02489	0.04397	0.03150	0.02103	0.15191	0.17183	0.00599	0.01070	0.00832	0.12925	0.00818
21	0.10613	0.02894	0.19655	0.05862	0.17115	0.17390	0.02109	0.02611	0.01841	0.02536	0.01495	0.01894	0.01208	0.01357	0.07660	0.00359	0.01268	0.00640	0.00412	0.01083

[dist]
# distance from previous block
# <min> <max>
3	8

[block]
# block no. 3 follows, 22 sequences, length 141
# corresponding to MSA columns:
# 111-251
name=unknown_D
#
# <colnr> <probs for GDERKNQSTAVLIFYWHMCP>
#	G	D	E	R	K	N	Q	S	T	A	V	L	I	F	Y	W	H	M	C	P
0	0.22103	0.01902	0.01596	0.06175	0.02034	0.14953	0.01133	0.02674	0.13787	0.02752	0.05196	0.02893	0.02068	0.15759	0.01460	0.00371	0.00874	0.00797	0.00569	0.00905
1	0.02448	0.02864	0.05798	0.02899	0.20608	0.30690	0.01903	0.05911	0.02151	0.02458	0.01906	0.02434	0.04518	0.01003	0.00948	0.00250	0.06018	0.03650	0.00470	0.01075
2	0.02425	0.02289	0.02160	0.02314	0.14594	0.21024	0.01517	0.15496	0.02387	0.03085	0.01876	0.02197	0.01500	0.01269	0.05472	0.00303	0.01075	0.00700	0.17245	0.01071
3	0.02242	0.02253	0.06214	0.04131	0.46573	0.07598	0.02291	0.10097	0.02169	0.02982	0.01637	0.02029	0.01328	0.00794	0.00805	0.00243	0.01008	0.00719	0.03614	0.01271
4	0.15013	0.12899	0.02561	0.05146	0.14588	0.24325	0.01612	0.02655	0.01870	0.02434	0.01402	0.01769	0.01194	0.01351	0.07590	0.00341	0.01220	0.00592	0.00428	0.01012
5	0.01446	0.08477	0.08085	0.01299	0.01644	0.01432	0.01172	0.01780	0.01724	0.02420	0.07284	0.04405	0.23586	0.01653	0.03932	0.00309	0.12325	0.01093	0.15088	0.00846
6	0.02442	0.02632	0.07539	0.02641	0.16255	0.20453	0.04880	0.15795	0.02493	0.03144	0.08079	0.02344	0.01946	0.00939	0.00813	0.00240	0.01064	0.00765	0.04398	0.01139
7	0.01584	0.01231	0.01423	0.01151	0.01662	0.01004	0.00895	0.04258	0.01907	0.05797	0.07070	0.10611	0.18891	0.01300	0.00795	0.00205	0.00555	0.01093	0.00656	0.37910
8	0.01536	0.01373	0.02079	0.05126	0.14802	0.01316	0.07365	0.02036	0.05145	0.02544	0.04143	0.05445	0.18930	0.01485	0.00940	0.00283	0.00775	0.15522	0.00622	0.08534
9	0.02408	0.02557	0.02541	0.03089	0.26585	0.26689	0.01837	0.02907	0.06817	0.05022	0.04391	0.02400	0.04166	0.01147	0.03623	0.00285	0.01152	0.00757	0.00510	0.01117
10	0.22912	0.03326	0.02049	0.01858	0.02309	0.49804	0.01415	0.03082	0.02101	0.02489	0.01250	0.01458	0.01024	0.00833	0.00686	0.00226	0.01268	0.00512	0.00451	0.00946
11	0.01588	0.01023	0.01266	0.01193	0.01463	0.00982	0.00896	0.02159	0.10352	0.11560	0.29891	0.19097	0.11704	0.01764	0.00960	0.00282	0.00492	0.01544	0.00876	0.00909
12	0.01187	0.00890	0.01335	0.01335	0.01483	0.01038	0.01038	0.01483	0.01335	0.01928	0.02225	0.03264	0.02077	0.06231	0.67512	0.01335	0.02225	0.00890	0.00445	0.00742
13	0.02056	0.01974	0.03372	0.05099	0.65622	0.01974	0.02550	0.02550	0.01892	0.02714	0.01563	0.02056	0.01316	0.00740	0.00822	0.00247	0.00987	0.00740	0.00411	0.01316
14	0.00982	0.00842	0.00842	0.00842	0.01122	0.00701	0.00631	0.01192	0.01894	0.02244	0.08416	0.07995	0.65285	0.02104	0.00982	0.00281	0.00421	0.01753	0.00771	0.00701
15	0.01757	0.01591	0.02603	0.03720	0.43727	0.01569	0.01949	0.02216	0.02048	0.02924	0.23199	0.03467	0.03534	0.01066	0.00876	0.00252	0.00785	0.00999	0.00582	0.01135
16	0.01746	0.01657	0.02812	0.45627	0.27517	0.01892	0.02395	0.02278	0.01745	0.02338	0.01508	0.02157	0.01183	0.00798	0.00828	0.00266	0.01064	0.00739	0.00384	0.01066
17	0.02056	0.01974	0.03372	0.05099	0.65622	0.01974	0.02550	0.02550	0.01892	0.02714	0.01563	0.02056	0.01316	0.00740	0.00822	0.00247	0.00987	0.00740	0.00411	0.01316
18	0.02758	0.03289	0.02043	0.01874	0.02251	0.53338	0.01407	0.03005	0.02207	0.02209	0.01566	0.01844	0.01292	0.01102	0.03542	0.00258	0.01340	0.00591	0.13161	0.00922
19	0.01749	0.01574	0.01548	0.01423	0.01826	0.04951	0.01096	0.03256	0.39675	0.02980	0.04996	0.04692	0.23920	0.01447	0.00887	0.00278	0.00620	0.01197	0.00799	0.01087
20	0.03006	0.02213	0.02385	0.01858	0.02479	0.02442	0.01522	0.58483	0.03742	0.05015	0.02178	0.06829	0.01702	0.01111	0.00847	0.00256	0.00884	0.00862	0.00827	0.01361
21	0.01187	0.00890	0.01335	0.01335	0.01483	0.01038	0.01038	0.01483	0.01335	0.01928	0.02225	0.03264	0.02077	0.06231	0.67512	0.01335	0.02225	0.00890	0.00445	0.00742
22	0.01208	0.00805	0.00906	0.00906	0.00906	0.00805	0.00503	0.01208	0.01208	0.01611	0.02618	0.05436	0.03020	0.70804	0.04228	0.00805	0.00805	0.01208	0.00503	0.00503
23	0.01117	0.00836	0.01057	0.01172	0.01339	0.00776	0.00903	0.01374	0.01842	0.02383	0.11649	0.29396	0.21339	0.02289	0.01057	0.00328	0.00540	0.19101	0.00784	0.00719
24	0.03103	0.03959	0.02354	0.02140	0.02568	0.67469	0.01605	0.03317	0.02354	0.02033	0.01284	0.01498	0.01070	0.00856	0.00749	0.00214	0.01498	0.00535	0.00428	0.00963
25	0.01856	0.02970	0.26738	0.03100	0.04077	0.02040	0.41500	0.02650	0.01887	0.02650	0.01613	0.02068	0.01187	0.00732	0.00913	0.00274	0.01339	0.00850	0.00396	0.01158
26	0.01193	0.00867	0.01218	0.01218	0.01326	0.00975	0.00893	0.01409	0.01301	0.01842	0.02332	0.03855	0.02333	0.23792	0.50302	0.01191	0.01839	0.00977	0.00461	0.00677
27	0.01168	0.00935	0.01270	0.01355	0.01394	0.01037	0.00974	0.01320	0.01529	0.02097	0.03902	0.56989	0.04640	0.02380	0.01383	0.00342	0.13825	0.02045	0.00692	0.00720
28	0.00992	0.00803	0.00881	0.00943	0.01149	0.00693	0.00676	0.01181	0.01796	0.02204	0.07181	0.28031	0.46046	0.02264	0.01007	0.00299	0.00440	0.01949	0.00771	0.00693
29	0.00991	0.00806	0.00878	0.00936	0.01147	0.00693	0.00673	0.01182	0.01803	0.02207	0.07266	0.26649	0.47373	0.02253	0.01005	0.00298	0.00439	0.01936	0.00771	0.00693
30	0.02056	0.01974	0.03372	0.05099	0.65622	0.01974	0.02550	0.02550	0.01892	0.02714	0.01563	0.02056	0.01316	0.00740	0.00822	0.00247	0.00987	0.00740	0.00411	0.01316
31	0.01551	0.00845	0.00948	0.07662	0.01449	0.00883	0.00756	0.01955	0.01734	0.02998	0.02585	0.03008	0.02026	0.00954	0.00606	0.00202	0.00460	0.00771	0.67818	0.00789
32	0.00982	0.00842	0.00842	0.00842	0.01122	0.00701	0.00631	0.01192	0.01894	0.02244	0.08416	0.07995	0.65285	0.02104	0.00982	0.00281	0.00421	0.01753	0.00771	0.00701
33	0.01474	0.01312	0.01886	0.01720	0.01801	0.01724	0.01393	0.01718	0.01307	0.01961	0.01709	0.02605	0.01628	0.04056	0.38022	0.00893	0.32750	0.00816	0.00408	0.00818
34	0.02656	0.02562	0.03081	0.07115	0.03252	0.16131	0.18054	0.26754	0.05951	0.03554	0.01793	0.02027	0.01334	0.00882	0.00855	0.00254	0.01170	0.00774	0.00603	0.01199
35	0.26799	0.02053	0.01943	0.01609	0.02173	0.05235	0.01304	0.28091	0.15793	0.04224	0.01984	0.01996	0.01468	0.00945	0.00727	0.00257	0.00799	0.00682	0.00713	0.01205
36	0.02072	0.02592	0.24966	0.02524	0.09418	0.01706	0.14952	0.02797	0.04643	0.13815	0.05687	0.02804	0.06260	0.00961	0.00867	0.00266	0.01024	0.00883	0.00570	0.01190
37	0.01237	0.00934	0.01308	0.01282	0.01381	0.01084	0.00953	0.01448	0.01297	0.01850	0.02248	0.03732	0.02255	0.22862	0.46293	0.01127	0.06601	0.00962	0.00455	0.00691
38	0.71326	0.01553	0.01213	0.01089	0.01581	0.01787	0.00891	0.02380	0.01480	0.03699	0.05691	0.01693	0.01391	0.00837	0.00547	0.00257	0.00625	0.00524	0.00542	0.00891
39	0.03106	0.03874	0.02361	0.02128	0.02569	0.64061	0.01604	0.06444	0.02436	0.02201	0.01321	0.01524	0.01088	0.00863	0.00753	0.00216	0.01467	0.00546	0.00449	0.00987
40	0.01161	0.00989	0.01017	0.00984	0.01290	0.00918	0.00745	0.01713	0.11611	0.02491	0.10513	0.07141	0.52594	0.01931	0.00960	0.00280	0.00456	0.01614	0.00790	0.00801
41	0.01187	0.00890	0.01335	0.01335	0.01483	0.01038	0.01038	0.01483	0.01335	0.01928	0.02225	0.03264	0.02077	0.06231	0.67512	0.01335	0.02225	0.00890	0.00445	0.00742
42	0.01639	0.01279	0.01791	0.07670	0.06598	0.01454	0.01355	0.12715	0.01868	0.02599	0.02070	0.02856	0.01817	0.04418	0.44835	0.00968	0.01802	0.00840	0.00506	0.00920
43	0.01549	0.00774	0.00774	0.00774	0.00968	0.00774	0.00581	0.01936	0.01742	0.03097	0.02710	0.03097	0.02129	0.00968	0.00581	0.00194	0.00387	0.00774	0.75416	0.00774
44	0.02009	0.01926	0.03287	0.11271	0.59819	0.01961	0.02526	0.02508	0.01869	0.02657	0.01554	0.02071	0.01296	0.00749	0.00823	0.00250	0.00999	0.00740	0.00407	0.01278
45	0.02969	0.14196	0.02658	0.02031	0.02502	0.57713	0.01577	0.03191	0.02253	0.02021	0.01264	0.01473	0.01069	0.00834	0.00716	0.00208	0.01405	0.00521	0.00417	0.00979
46	0.01125	0.00847	0.01040	0.00991	0.01210	0.00762	0.00744	0.01469	0.02231	0.03045	0.50220	0.06677	0.22981	0.01805	0.00980	0.00266	0.00400	0.01569	0.00877	0.00762
47	0.01196	0.00930	0.01205	0.01396	0.07653	0.00870	0.00864	0.01428	0.01819	0.02429	0.21115	0.17127	0.19808	0.16510	0.01667	0.00393	0.00562	0.01573	0.00717	0.00739
48	0.02308	0.36903	0.19619	0.01847	0.02616	0.19511	0.01887	0.02738	0.01877	0.02147	0.01274	0.01482	0.01064	0.00768	0.00654	0.00209	0.01132	0.00511	0.00373	0.01081
49	0.02970	0.03618	0.02493	0.02512	0.10742	0.55654	0.01726	0.06269	0.02374	0.02286	0.01357	0.01596	0.01120	0.00848	0.00763	0.00220	0.01402	0.00573	0.00447	0.01032
50	0.02031	0.01948	0.03327	0.08364	0.62553	0.01967	0.02537	0.02528	0.01880	0.02684	0.01558	0.02064	0.01305	0.00745	0.00823	0.00248	0.00993	0.00740	0.00409	0.01296
51	0.02109	0.02075	0.03320	0.04949	0.62422	0.05298	0.02502	0.02589	0.01915	0.02679	0.01548	0.02028	0.01303	0.00746	0.00819	0.00245	0.01013	0.00730	0.00412	0.01298
52	0.01206	0.00878	0.01277	0.01277	0.01417	0.01009	0.00978	0.01486	0.01346	0.01964	0.02277	0.03409	0.02146	0.10544	0.59723	0.01241	0.02034	0.00907	0.04154	0.00726
53	0.01549	0.00774	0.00774	0.00774	0.00968	0.00774	0.00581	0.01936	0.01742	0.03097	0.02710	0.03097	0.02129	0.00968	0.00581	0.00194	0.00387	0.00774	0.75416	0.00774
54	0.01092	0.00807	0.01038	0.01193	0.01324	0.00753	0.00892	0.01311	0.01733	0.02240	0.05276	0.42266	0.16903	0.02425	0.01068	0.00338	0.00544	0.17322	0.00770	0.00703
55	0.02056	0.01974	0.03372	0.05099	0.65622	0.01974	0.02550	0.02550	0.01892	0.02714	0.01563	0.02056	0.01316	0.00740	0.00822	0.00247	0.00987	0.00740	0.00411	0.01316
56	0.01070	0.00796	0.00997	0.01049	0.01202	0.00723	0.00748	0.01325	0.01950	0.02621	0.29145	0.32571	0.18458	0.02147	0.01013	0.00296	0.00434	0.01902	0.00827	0.00723
57	0.01208	0.00805	0.00906	0.00906	0.00906	0.00805	0.00503	0.01208	0.01208	0.01611	0.02618	0.05436	0.03020	0.70804	0.04228	0.00805	0.00805	0.01208	0.00503	0.00503
58	0.01434	0.01254	0.01810	0.01667	0.01757	0.01630	0.01344	0.01686	0.01310	0.01956	0.01780	0.02696	0.01690	0.04355	0.42077	0.00954	0.28553	0.00826	0.00413	0.00807
59	0.01047	0.00757	0.00991	0.01117	0.01209	0.00700	0.00768	0.01250	0.01774	0.02396	0.18274	0.53097	0.08780	0.02378	0.01039	0.00318	0.00459	0.02142	0.00803	0.00700
60	0.22118	0.01911	0.14692	0.14479	0.02738	0.01533	0.01602	0.02176	0.01712	0.05672	0.03153	0.03645	0.14952	0.01189	0.00790	0.00276	0.00816	0.05053	0.00549	0.00943
61	0.01152	0.00923	0.01083	0.01065	0.01339	0.00776	0.00769	0.01367	0.01722	0.02287	0.05226	0.34553	0.24924	0.02012	0.00939	0.00273	0.00489	0.01758	0.00712	0.16631
62	0.01549	0.00774	0.00774	0.00774	0.00968	0.00774	0.00581	0.01936	0.01742	0.03097	0.02710	0.03097	0.02129	0.00968	0.00581	0.00194	0.00387	0.00774	0.75416	0.00774
63	0.01012	0.00723	0.00964	0.01157	0.01205	0.00675	0.00771	0.01157	0.01591	0.02121	0.04579	0.70262	0.05495	0.02603	0.01060	0.00337	0.00482	0.02362	0.00771	0.00675
64	0.02056	0.01974	0.03372	0.05099	0.65622	0.01974	0.02550	0.02550	0.01892	0.02714	0.01563	0.02056	0.01316	0.00740	0.00822	0.00247	0.00987	0.00740	0.00411	0.01316
65	0.01949	0.16031	0.17693	0.02615	0.09477	0.07514	0.18343	0.02510	0.01806	0.02376	0.01563	0.02009	0.01272	0.01457	0.09456	0.00385	0.01336	0.00722	0.00395	0.01092
66	0.03044	0.03860	0.02363	0.02142	0.02550	0.64469	0.01615	0.03256	0.02304	0.02032	0.01275	0.01513	0.01071	0.00884	0.00840	0.00221	0.04630	0.00544	0.00425	0.00961
67	0.01549	0.00774	0.00774	0.00774	0.00968	0.00774	0.00581	0.01936	0.01742	0.03097	0.02710	0.03097	0.02129	0.00968	0.00581	0.00194	0.00387	0.00774	0.75416	0.00774
68	0.01723	0.01477	0.01723	0.01230	0.01969	0.01107	0.00984	0.02092	0.01723	0.02707	0.01477	0.01723	0.01230	0.00615	0.00615	0.00123	0.00615	0.00492	0.00492	0.75883
69	0.01187	0.00890	0.01335	0.01335	0.01483	0.01038	0.01038	0.01483	0.01335	0.01928	0.02225	0.03264	0.02077	0.06231	0.67512	0.01335	0.02225	0.00890	0.00445	0.00742
70	0.01187	0.00890	0.01335	0.01335	0.01483	0.01038	0.01038	0.01483	0.01335	0.01928	0.02225	0.03264	0.02077	0.06231	0.67512	0.01335	0.02225	0.00890	0.00445	0.00742
71	0.01067	0.00845	0.00960	0.00931	0.01175	0.00738	0.00699	0.01358	0.02096	0.02724	0.33469	0.07205	0.39932	0.01925	0.00981	0.00272	0.00408	0.01643	0.00835	0.00738
72	0.02997	0.03758	0.02457	0.02440	0.08952	0.60838	0.01701	0.03240	0.02307	0.02102	0.01312	0.01555	0.01095	0.00844	0.00756	0.00217	0.01446	0.00556	0.00426	0.00999
73	0.08096	0.21051	0.02837	0.01816	0.02388	0.28483	0.01500	0.19068	0.02530	0.02995	0.01432	0.01578	0.01149	0.00850	0.00698	0.00217	0.01120	0.00562	0.00524	0.01107
74	0.01928	0.02544	0.15247	0.03615	0.16097	0.02047	0.40673	0.02634	0.01912	0.02666	0.01625	0.02121	0.01235	0.00723	0.00917	0.00271	0.01290	0.00870	0.00406	0.01177
75	0.01176	0.00849	0.01110	0.01045	0.01241	0.00784	0.00784	0.01568	0.02352	0.03331	0.65184	0.06206	0.07839	0.01698	0.00980	0.00261	0.00392	0.01502	0.00914	0.00784
76	0.01226	0.00911	0.01263	0.01244	0.01338	0.01043	0.00911	0.01424	0.01292	0.01833	0.02290	0.03870	0.02322	0.26216	0.44366	0.01119	0.05217	0.00981	0.00459	0.00676
77	0.01081	0.00772	0.01043	0.01236	0.01314	0.00734	0.00891	0.01276	0.01659	0.02198	0.04541	0.57351	0.05343	0.02537	0.01079	0.00347	0.00542	0.14590	0.00770	0.00694
78	0.02066	0.01785	0.01878	0.01691	0.02160	0.02066	0.01315	0.04414	0.64121	0.03475	0.03381	0.03099	0.02536	0.01127	0.00845	0.00282	0.00657	0.00939	0.00845	0.01315
79	0.03103	0.03959	0.02354	0.02140	0.02568	0.67469	0.01605	0.03317	0.02354	0.02033	0.01284	0.01498	0.01070	0.00856	0.00749	0.00214	0.01498	0.00535	0.00428	0.00963
80	0.01219	0.00937	0.01397	0.01378	0.01519	0.01115	0.01078	0.01510	0.01332	0.01932	0.02168	0.03190	0.02027	0.05988	0.64224	0.01286	0.05629	0.00882	0.00441	0.00750
81	0.01141	0.00777	0.00926	0.00991	0.01008	0.00761	0.00594	0.01191	0.01338	0.01784	0.03285	0.27482	0.03862	0.47610	0.03151	0.00646	0.00695	0.01600	0.00594	0.00562
82	0.01411	0.01121	0.01574	0.01477	0.01592	0.01403	0.01178	0.01691	0.01380	0.02125	0.01994	0.02850	0.01820	0.04149	0.39949	0.00901	0.19945	0.00829	0.11819	0.00792
83	0.02056	0.01974	0.03372	0.05099	0.65622	0.01974	0.02550	0.02550	0.01892	0.02714	0.01563	0.02056	0.01316	0.00740	0.00822	0.00247	0.00987	0.00740	0.00411	0.01316
84	0.00982	0.00842	0.00842	0.00842	0.01122	0.00701	0.00631	0.01192	0.01894	0.02244	0.08416	0.07995	0.65285	0.02104	0.00982	0.00281	0.00421	0.01753	0.00771	0.00701
85	0.01012	0.00723	0.00964	0.01157	0.01205	0.00675	0.00771	0.01157	0.01591	0.02121	0.04579	0.70262	0.05495	0.02603	0.01060	0.00337	0.00482	0.02362	0.00771	0.00675
86	0.03114	0.03643	0.02381	0.02096	0.02570	0.54884	0.01600	0.14863	0.02655	0.02654	0.01422	0.01594	0.01137	0.00883	0.00765	0.00221	0.01385	0.00576	0.00506	0.01050
87	0.01666	0.04297	0.66500	0.02368	0.03596	0.01929	0.03069	0.02631	0.01754	0.02631	0.01491	0.01754	0.01052	0.00789	0.00789	0.00263	0.01228	0.00614	0.00351	0.01228
88	0.00982	0.00842	0.00842	0.00842	0.01122	0.00701	0.00631	0.01192	0.01894	0.02244	0.08416	0.07995	0.65285	0.02104	0.00982	0.00281	0.00421	0.01753	0.00771	0.00701
89	0.01208	0.00805	0.00906	0.00906	0.00906	0.00805	0.00503	0.01208	0.01208	0.01611	0.02618	0.05436	0.03020	0.70804	0.04228	0.00805	0.00805	0.01208	0.00503	0.00503
90	0.01208	0.00805	0.00906	0.00906	0.00906	0.00805	0.00503	0.01208	0.01208	0.01611	0.02618	0.05436	0.03020	0.70804	0.04228	0.00805	0.00805	0.01208	0.00503	0.00503
91	0.01012	0.00723	0.00964	0.01157	0.01205	0.00675	0.00771	0.01157	0.01591	0.02121	0.04579	0.70262	0.05495	0.02603	0.01060	0.00337	0.00482	0.02362	0.00771	0.00675
92	0.02653	0.03298	0.02033	0.01865	0.02262	0.53312	0.01399	0.02867	0.02257	0.02078	0.02796	0.02876	0.14686	0.01121	0.00798	0.00228	0.01270	0.00793	0.00501	0.00908
93	0.01187	0.00890	0.01335	0.01335	0.01483	0.01038	0.01038	0.01483	0.01335	0.01928	0.02225	0.03264	0.02077	0.06231	0.67512	0.01335	0.02225	0.00890	0.00445	0.00742
94	0.01012	0.00723	0.00964	0.01157	0.01205	0.00675	0.00771	0.01157	0.01591	0.02121	0.04579	0.70262	0.05495	0.02603	0.01060	0.00337	0.00482	0.02362	0.00771	0.00675
95	0.02009	0.26576	0.28809	0.02614	0.16199	0.05639	0.02326	0.02599	0.01790	0.02389	0.01382	0.01662	0.01114	0.00755	0.00707	0.00228	0.01075	0.00579	0.00369	0.01178
96	0.02996	0.07212	0.02463	0.02106	0.02527	0.61060	0.01606	0.03211	0.02268	0.02028	0.01268	0.01506	0.01071	0.00878	0.00836	0.00220	0.04817	0.00540	0.00421	0.00966
97	0.02184	0.02547	0.06848	0.03664	0.26209	0.15357	0.22748	0.02707	0.01981	0.02522	0.01568	0.02037	0.01263	0.00967	0.03465	0.00295	0.01293	0.00779	0.00416	0.01150
98	0.03107	0.03844	0.02364	0.02124	0.02569	0.62873	0.01603	0.07534	0.02464	0.02260	0.01334	0.01533	0.01094	0.00866	0.00755	0.00217	0.01457	0.00550	0.00457	0.00995
99	0.01034	0.00844	0.00914	0.00896	0.01154	0.00724	0.00672	0.01293	0.02017	0.02537	0.23701	0.07513	0.49817	0.01995	0.00981	0.00275	0.00413	0.01686	0.00810	0.00724
100	0.00991	0.00842	0.00854	0.00851	0.01128	0.00705	0.00638	0.01209	0.01914	0.02294	0.11003	0.07913	0.62667	0.02085	0.00982	0.00280	0.00419	0.01742	0.00778	0.00705
101	0.02032	0.02246	0.03270	0.05625	0.09583	0.14569	0.25403	0.02474	0.01893	0.02393	0.01876	0.10459	0.01731	0.01045	0.01072	0.00271	0.07750	0.00981	0.00460	0.04867
102	0.00982	0.00842	0.00842	0.00842	0.01122	0.00701	0.00631	0.01192	0.01894	0.02244	0.08416	0.07995	0.65285	0.02104	0.00982	0.00281	0.00421	0.01753	0.00771	0.00701
103	0.01722	0.03966	0.57508	0.02757	0.12431	0.01936	0.02995	0.02619	0.01774	0.02643	0.01501	0.01797	0.01090	0.00782	0.00794	0.00261	0.01193	0.00632	0.00359	0.01240
104	0.02028	0.02820	0.20377	0.03648	0.30439	0.08698	0.09451	0.02619	0.01861	0.02560	0.01491	0.01920	0.01196	0.00817	0.00974	0.00261	0.06533	0.00712	0.00394	0.01202
105	0.01075	0.00845	0.00971	0.00940	0.01179	0.00741	0.00705	0.01373	0.02114	0.02767	0.35737	0.07134	0.37637	0.01909	0.00981	0.00271	0.00407	0.01633	0.00840	0.00741
106	0.01136	0.00782	0.00957	0.01027	0.01055	0.00775	0.00638	0.01209	0.01355	0.01818	0.03299	0.28733	0.03848	0.41560	0.07564	0.00674	0.00789	0.01603	0.00596	0.00582
107	0.01295	0.00791	0.00962	0.00962	0.00996	0.00802	0.00601	0.01287	0.01253	0.01771	0.02348	0.04379	0.02509	0.43274	0.08586	0.16685	0.00851	0.01030	0.09094	0.00523
108	0.02221	0.71304	0.04353	0.01421	0.02132	0.03287	0.01421	0.02488	0.01688	0.01955	0.01155	0.01333	0.01066	0.00711	0.00533	0.00178	0.00888	0.00444	0.00355	0.01066
109	0.02092	0.03404	0.28634	0.02849	0.06889	0.15887	0.22979	0.02782	0.01959	0.02519	0.01515	0.01881	0.01141	0.00771	0.00847	0.00258	0.01331	0.00728	0.00394	0.01140
110	0.02024	0.02165	0.08560	0.04875	0.60525	0.01970	0.02592	0.02556	0.01880	0.02707	0.01557	0.02031	0.01294	0.00744	0.00820	0.00248	0.01007	0.00730	0.00406	0.01309
111	0.02259	0.02359	0.03175	0.04525	0.53394	0.14676	0.02366	0.02698	0.01981	0.02582	0.01509	0.01948	0.01268	0.00763	0.00808	0.00240	0.01086	0.00700	0.00414	0.01247
112	0.02262	0.02959	0.15341	0.03773	0.36615	0.19600	0.02396	0.02772	0.01989	0.02515	0.01474	0.01847	0.01199	0.00781	0.00796	0.00241	0.01171	0.00660	0.00404	0.01204
113	0.01007	0.00850	0.00877	0.00890	0.01165	0.00719	0.00681	0.01230	0.01895	0.02261	0.08131	0.08092	0.61000	0.02117	0.00994	0.00288	0.00445	0.05881	0.00771	0.00706
114	0.01037	0.00771	0.00941	0.01065	0.01174	0.00706	0.00730	0.01194	0.01643	0.02115	0.05364	0.45200	0.20656	0.09367	0.01364	0.00372	0.00510	0.04378	0.00744	0.00668
115	0.01280	0.00799	0.00878	0.00878	0.00919	0.00799	0.00520	0.01362	0.01321	0.01926	0.02637	0.04940	0.02831	0.55996	0.03455	0.00676	0.00717	0.01116	0.16388	0.00561
116	0.01935	0.01370	0.01506	0.01346	0.01763	0.01415	0.01047	0.05587	0.27349	0.12588	0.05109	0.08231	0.24264	0.01522	0.00902	0.00279	0.00585	0.01271	0.00843	0.01088
117	0.01064	0.00799	0.00927	0.00976	0.01116	0.00726	0.00666	0.01233	0.01717	0.02213	0.13360	0.25875	0.26760	0.16769	0.01693	0.00406	0.00517	0.01788	0.00733	0.00662
118	0.01114	0.00770	0.00954	0.01060	0.01093	0.00745	0.00675	0.01204	0.01433	0.01908	0.03693	0.38659	0.04356	0.33136	0.02483	0.00549	0.00639	0.04278	0.00651	0.00602
119	0.01773	0.01639	0.02397	0.01712	0.02472	0.01318	0.14051	0.02213	0.01773	0.02697	0.01520	0.01833	0.01237	0.00633	0.00693	0.00156	0.00782	0.00596	0.00477	0.60030
120	0.01383	0.01217	0.02091	0.01804	0.02066	0.01363	0.12345	0.01743	0.01444	0.02068	0.02027	0.02952	0.01842	0.04807	0.49749	0.01058	0.07889	0.00892	0.00433	0.00825
121	0.01077	0.00845	0.00974	0.00942	0.01181	0.00742	0.00706	0.01377	0.02119	0.02780	0.36390	0.07113	0.36977	0.01904	0.00981	0.00271	0.00407	0.01630	0.00842	0.00742
122	0.01967	0.01827	0.02822	0.03816	0.43988	0.01747	0.02041	0.02558	0.06253	0.02766	0.01668	0.02040	0.01379	0.00734	0.00768	0.00216	0.00864	0.00688	0.00464	0.21394
123	0.01309	0.01070	0.01570	0.01499	0.01619	0.01331	0.01190	0.01583	0.01323	0.01942	0.02005	0.02983	0.01886	0.05304	0.54948	0.01147	0.15230	0.00858	0.00429	0.00774
124	0.01965	0.02229	0.04831	0.03575	0.07168	0.02095	0.59836	0.02656	0.01958	0.02664	0.01675	0.02232	0.01263	0.00702	0.00973	0.00279	0.01381	0.00969	0.00420	0.01129
125	0.03158	0.02327	0.02493	0.01911	0.02576	0.02576	0.01579	0.62852	0.03906	0.05236	0.01995	0.01995	0.01413	0.00997	0.00831	0.00249	0.00914	0.00748	0.00831	0.01413
126	0.01322	0.00944	0.01319	0.01511	0.01695	0.00942	0.01310	0.01692	0.01896	0.02467	0.04408	0.12499	0.04818	0.02311	0.01143	0.00380	0.00750	0.57068	0.00765	0.00760
127	0.01386	0.01184	0.01718	0.01603	0.01704	0.01515	0.01285	0.01647	0.01315	0.01951	0.01866	0.02806	0.01765	0.04719	0.47011	0.01028	0.23446	0.00838	0.00419	0.00795
128	0.01197	0.00849	0.01129	0.01129	0.01206	0.00926	0.00781	0.01351	0.01274	0.01776	0.02414	0.04309	0.02531	0.37310	0.37054	0.01080	0.01542	0.01043	0.00473	0.00627
129	0.02056	0.01974	0.03372	0.05099	0.65622	0.01974	0.02550	0.02550	0.01892	0.02714	0.01563	0.02056	0.01316	0.00740	0.00822	0.00247	0.00987	0.00740	0.00411	0.01316
130	0.02111	0.02078	0.03319	0.04944	0.62310	0.05414	0.02500	0.02590	0.01916	0.02678	0.01548	0.02027	0.01303	0.00746	0.00819	0.00245	0.01014	0.00729	0.00412	0.01297
131	0.01972	0.01888	0.03221	0.16061	0.55315	0.01952	0.02508	0.02476	0.01852	0.02612	0.01548	0.02083	0.01280	0.00756	0.00824	0.00252	0.01008	0.00740	0.00404	0.01248
132	0.01414	0.01242	0.01598	0.01485	0.01640	0.04125	0.01169	0.01669	0.01465	0.02055	0.05295	0.03418	0.07276	0.06891	0.36299	0.00864	0.17037	0.00935	0.00478	0.03644
133	0.49437	0.01825	0.01850	0.06760	0.14411	0.05290	0.01389	0.05498	0.01697	0.03405	0.01306	0.01588	0.01029	0.00785	0.00624	0.00254	0.00800	0.00546	0.00495	0.01011
134	0.01003	0.00834	0.00864	0.00871	0.01122	0.00709	0.00640	0.01210	0.01869	0.02263	0.10755	0.11060	0.56468	0.05241	0.01134	0.00306	0.00440	0.01748	0.00766	0.00695
135	0.01187	0.00890	0.01335	0.01335	0.01483	0.01038	0.01038	0.01483	0.01335	0.01928	0.02225	0.03264	0.02077	0.06231	0.67512	0.01335	0.02225	0.00890	0.00445	0.00742
136	0.03158	0.02327	0.02493	0.01911	0.02576	0.02576	0.01579	0.62852	0.03906	0.05236	0.01995	0.01995	0.01413	0.00997	0.00831	0.00249	0.00914	0.00748	0.00831	0.01413
137	0.01338	0.00980	0.01096	0.01027	0.01330	0.00899	0.00783	0.01822	0.08351	0.07191	0.22827	0.06652	0.38986	0.01820	0.00957	0.00274	0.00457	0.01538	0.00836	0.00836
138	0.01378	0.04113	0.01665	0.01456	0.01570	0.01436	0.01139	0.01596	0.01314	0.01891	0.01990	0.03227	0.01973	0.16024	0.39085	0.00974	0.17096	0.00889	0.00433	0.00752
139	0.12319	0.02819	0.02472	0.06165	0.19269	0.32481	0.01782	0.05716	0.02147	0.05292	0.01468	0.01742	0.01172	0.00827	0.00750	0.00235	0.01172	0.00611	0.00476	0.01086
140	0.02056	0.01974	0.03372	0.05099	0.65622	0.01974	0.02550	0.02550	0.01892	0.02714	0.01563	0.02056	0.01316	0.00740	0.00822	0.00247	0.00987	0.00740	0.00411	0.01316

[dist]
# distance from previous block
# <min> <max>
5	15

[block]
# block no. 4 follows, 22 sequences, length 62
# corresponding to MSA columns:
# 267-328
name=unknown_E
#
# <colnr> <probs for GDERKNQSTAVLIFYWHMCP>
#	G	D	E	R	K	N	Q	S	T	A	V	L	I	F	Y	W	H	M	C	P
0	0.02248	0.05265	0.03237	0.12912	0.31191	0.13787	0.09701	0.06885	0.02084	0.02648	0.01529	0.01966	0.01232	0.00785	0.00818	0.00246	0.01137	0.00721	0.00437	0.01170
1	0.01761	0.01392	0.01945	0.02375	0.20403	0.01483	0.01418	0.07507	0.04686	0.02756	0.02426	0.03112	0.04751	0.08911	0.12125	0.00479	0.04515	0.00874	0.16095	0.00987
2	0.01122	0.00828	0.01004	0.00988	0.01157	0.00758	0.00704	0.01386	0.01991	0.02695	0.36589	0.12733	0.19576	0.13016	0.01512	0.00361	0.00474	0.01594	0.00803	0.00710
3	0.01918	0.02679	0.20326	0.03773	0.25852	0.02011	0.25904	0.02614	0.01883	0.02672	0.01590	0.02049	0.01226	0.00737	0.00875	0.00264	0.01209	0.00800	0.00399	0.01217
4	0.01091	0.00896	0.00967	0.00940	0.01210	0.00798	0.00708	0.01466	0.05479	0.02586	0.22393	0.07272	0.47357	0.01948	0.00974	0.00276	0.00427	0.01645	0.00811	0.00756
5	0.01766	0.01793	0.02756	0.02241	0.02484	0.05388	0.16066	0.02070	0.01494	0.02107	0.01560	0.02489	0.01472	0.09363	0.11199	0.00516	0.33081	0.00852	0.00407	0.00896
6	0.01012	0.00723	0.00964	0.01157	0.01205	0.00675	0.00771	0.01157	0.01591	0.02121	0.04579	0.70262	0.05495	0.02603	0.01060	0.00337	0.00482	0.02362	0.00771	0.00675
7	0.01187	0.00890	0.01335	0.01335	0.01483	0.01038	0.01038	0.01483	0.01335	0.01928	0.02225	0.03264	0.02077	0.06231	0.67512	0.01335	0.02225	0.00890	0.00445	0.00742
