[name]
unknown

[dist]
# distance from previous block
# <min> <max>
0	0

[block]
# block no. 0 follows, 21 sequences, length 11
# corresponding to MSA columns:
# 0-10
name=unknown_A
#
# <colnr> <probs for GDERKNQSTAVLIFYWHMCP>
#	G	D	E	R	K	N	Q	S	T	A	V	L	I	F	Y	W	H	M	C	P
0	0.01371	0.00980	0.01371	0.01567	0.01763	0.00980	0.01371	0.01763	0.01959	0.02547	0.04506	0.09599	0.04898	0.02351	0.01175	0.00392	0.00784	0.59056	0.00784	0.00784
1	0.02106	0.02022	0.03454	0.05223	0.64784	0.02022	0.02612	0.02612	0.01938	0.02780	0.01601	0.02106	0.01348	0.00758	0.00842	0.00253	0.01011	0.00758	0.00421	0.01348
2	0.01426	0.01274	0.01308	0.07808	0.01838	0.06608	0.00982	0.05293	0.02003	0.02444	0.08883	0.15330	0.31544	0.07940	0.01268	0.00334	0.00670	0.01549	0.00707	0.00792
3	0.01971	0.01651	0.01808	0.07799	0.02256	0.05425	0.01162	0.13067	0.02075	0.02860	0.01904	0.02844	0.01751	0.18868	0.01667	0.00353	0.00842	0.00771	0.00555	0.30371
4	0.01539	0.01026	0.01267	0.04657	0.01550	0.00951	0.00815	0.01693	0.01530	0.07427	0.02815	0.15656	0.03013	0.36018	0.02605	0.00537	0.00739	0.01252	0.00600	0.14310
5	0.01154	0.00790	0.00953	0.01035	0.01056	0.00769	0.00630	0.01216	0.01401	0.01868	0.03521	0.32301	0.04153	0.41915	0.02975	0.00625	0.00687	0.01731	0.00630	0.00589
6	0.02004	0.01252	0.01374	0.01210	0.01544	0.01303	0.00936	0.14058	0.08409	0.06784	0.03301	0.03492	0.09873	0.01426	0.01102	0.10195	0.00600	0.00928	0.29259	0.00950
7	0.01302	0.01041	0.01500	0.22593	0.02643	0.01158	0.01223	0.01555	0.01517	0.01990	0.03016	0.16706	0.06618	0.24609	0.08402	0.00578	0.00977	0.01312	0.00535	0.00723
8	0.01286	0.00994	0.01174	0.01125	0.01217	0.01073	0.00786	0.01406	0.01491	0.02010	0.04134	0.08991	0.19258	0.33004	0.02788	0.00544	0.11514	0.01344	0.05197	0.00663
9	0.01679	0.01180	0.01370	0.01199	0.01574	0.01056	0.00891	0.07538	0.01974	0.07986	0.04166	0.18974	0.16567	0.11033	0.01364	0.00331	0.00620	0.01374	0.00713	0.18411
10	0.01102	0.00798	0.01012	0.01096	0.01206	0.00739	0.00752	0.01313	0.01842	0.02485	0.21833	0.39274	0.11729	0.09077	0.01379	0.00366	0.00494	0.01991	0.00804	0.00708

[dist]
# distance from previous block
# <min> <max>
2	5

[block]
# block no. 1 follows, 21 sequences, length 24
# corresponding to MSA columns:
# 16-39
name=unknown_B
#
# <colnr> <probs for GDERKNQSTAVLIFYWHMCP>
#	G	D	E	R	K	N	Q	S	T	A	V	L	I	F	Y	W	H	M	C	P
0	0.01623	0.00862	0.01005	0.00986	0.01181	0.00865	0.00728	0.01940	0.01704	0.07659	0.02902	0.09176	0.02556	0.08735	0.11259	0.00459	0.00764	0.01001	0.43790	0.00804
1	0.01126	0.00825	0.01113	0.01192	0.01298	0.00844	0.00847	0.01331	0.01557	0.02116	0.06726	0.31712	0.08880	0.10924	0.24581	0.00748	0.01149	0.01674	0.00650	0.00704
2	0.02422	0.01427	0.01695	0.01443	0.01882	0.01432	0.01135	0.12743	0.11690	0.21440	0.11579	0.08135	0.08642	0.06838	0.01188	0.00322	0.00681	0.03278	0.00885	0.01143
3	0.02204	0.01741	0.02340	0.02761	0.24094	0.01768	0.01650	0.18846	0.02441	0.03523	0.02175	0.07570	0.01858	0.01012	0.00796	0.00237	0.00796	0.00871	0.14316	0.09000
4	0.01861	0.01684	0.01991	0.14361	0.02762	0.08256	0.04184	0.10414	0.02102	0.02751	0.02623	0.24230	0.02686	0.01428	0.00886	0.00264	0.00857	0.01248	0.00613	0.14799
5	0.12676	0.01519	0.01619	0.01332	0.01903	0.01468	0.01056	0.02877	0.18874	0.07955	0.03192	0.03131	0.10904	0.01055	0.00753	0.00225	0.00624	0.00842	0.00693	0.27302
6	0.09973	0.02202	0.02388	0.36337	0.04212	0.15532	0.01939	0.12407	0.02206	0.02857	0.01526	0.01986	0.01156	0.00878	0.00800	0.00263	0.01135	0.00684	0.00485	0.01035
7	0.02095	0.13109	0.01808	0.01233	0.01592	0.13624	0.00994	0.05848	0.02022	0.02903	0.02196	0.02500	0.01755	0.00928	0.00634	0.00203	0.00726	0.00690	0.44226	0.00917
8	0.01202	0.00898	0.01338	0.01353	0.01497	0.01034	0.01042	0.01493	0.01388	0.01991	0.02470	0.08566	0.02404	0.06089	0.61542	0.01287	0.02139	0.01031	0.00482	0.00754
9	0.02127	0.01074	0.01433	0.01227	0.01589	0.00961	0.00961	0.02503	0.02418	0.25283	0.42812	0.05135	0.05939	0.01497	0.00952	0.00266	0.00515	0.01298	0.00978	0.01031
10	0.02045	0.02182	0.02772	0.02336	0.02461	0.10918	0.06571	0.02278	0.01504	0.02106	0.01191	0.01854	0.01128	0.01349	0.02387	0.00346	0.54492	0.00740	0.00386	0.00955
11	0.03137	0.03370	0.02431	0.02088	0.02610	0.41599	0.01618	0.23031	0.06404	0.03263	0.01681	0.01798	0.01299	0.00941	0.00801	0.00235	0.01286	0.00645	0.00601	0.01161
12	0.02255	0.46272	0.03522	0.01464	0.02104	0.02796	0.01361	0.13436	0.02217	0.02747	0.06016	0.02514	0.08219	0.00995	0.00679	0.00212	0.00833	0.00720	0.00535	0.01101
13	0.01140	0.00853	0.01057	0.01036	0.01239	0.00771	0.00766	0.01469	0.02212	0.03015	0.44715	0.14088	0.20627	0.01942	0.01014	0.00281	0.00419	0.01700	0.00886	0.00771
14	0.01832	0.01404	0.01517	0.01327	0.01733	0.01420	0.01059	0.22714	0.02678	0.03445	0.08309	0.08392	0.32702	0.01772	0.00968	0.00286	0.00639	0.06003	0.00818	0.00984
15	0.02219	0.02235	0.03345	0.04906	0.58276	0.08792	0.02510	0.02694	0.01987	0.02707	0.01571	0.02046	0.01322	0.00771	0.00835	0.00249	0.01066	0.00736	0.00423	0.01310
16	0.01238	0.00825	0.00928	0.00928	0.00928	0.00825	0.00516	0.01238	0.01238	0.01650	0.02681	0.05569	0.03094	0.70092	0.04331	0.00825	0.00825	0.01238	0.00516	0.00516
17	0.68314	0.01934	0.07997	0.01256	0.01859	0.01916	0.01154	0.02522	0.01485	0.03701	0.01221	0.01426	0.00938	0.00792	0.00556	0.00264	0.00721	0.00478	0.00509	0.00957
18	0.02242	0.03822	0.43389	0.02279	0.03314	0.07281	0.02607	0.18973	0.02449	0.03377	0.01652	0.01843	0.01181	0.00872	0.00817	0.00262	0.01192	0.00660	0.00500	0.01288
19	0.01733	0.04222	0.60488	0.02525	0.03749	0.01991	0.08158	0.02698	0.01815	0.02698	0.01544	0.01839	0.01096	0.00801	0.00825	0.00271	0.01273	0.00661	0.00365	0.01248
20	0.03179	0.04056	0.02412	0.02192	0.02631	0.66676	0.01644	0.03398	0.02412	0.02083	0.01315	0.01535	0.01096	0.00877	0.00767	0.00219	0.01535	0.00548	0.00438	0.00987
21	0.02840	0.02188	0.02332	0.01878	0.02489	0.02455	0.01522	0.41677	0.24913	0.04727	0.02545	0.02443	0.01853	0.01069	0.00856	0.00267	0.00844	0.00835	0.00856	0.01412
22	0.01037	0.00741	0.00987	0.01185	0.01234	0.00691	0.00790	0.01185	0.01629	0.02172	0.04690	0.69537	0.05629	0.02666	0.01086	0.00346	0.00494	0.02419	0.00790	0.00691
23	0.02179	0.02208	0.03537	0.04818	0.53681	0.07041	0.08697	0.02685	0.01982	0.02721	0.01591	0.02082	0.01323	0.00763	0.00854	0.00254	0.01096	0.00768	0.00424	0.01299

[dist]
# distance from previous block
# <min> <max>
0	26

[block]
# block no. 2 follows, 21 sequences, length 12
# corresponding to MSA columns:
# 66-77
name=unknown_C
#
# <colnr> <probs for GDERKNQSTAVLIFYWHMCP>
#	G	D	E	R	K	N	Q	S	T	A	V	L	I	F	Y	W	H	M	C	P
0	0.01586	0.00793	0.00793	0.00793	0.00991	0.00793	0.00595	0.01983	0.01785	0.03173	0.02776	0.03173	0.02181	0.00991	0.00595	0.00198	0.00397	0.00793	0.74817	0.00793
1	0.01516	0.01497	0.01296	0.01341	0.01573	0.14231	0.01006	0.01740	0.01946	0.02255	0.05305	0.25495	0.24538	0.02078	0.01008	0.00307	0.00730	0.10644	0.00717	0.00775
2	0.02637	0.41891	0.06984	0.01726	0.02394	0.21380	0.01585	0.02938	0.01990	0.07479	0.01426	0.01568	0.01179	0.00803	0.00651	0.00204	0.01093	0.00526	0.00444	0.01101
3	0.01886	0.21989	0.43893	0.02268	0.03348	0.02365	0.07858	0.02658	0.01797	0.02512	0.01452	0.01725	0.01101	0.00779	0.00755	0.00248	0.01180	0.00615	0.00367	0.01204
4	0.01126	0.00867	0.01029	0.00989	0.01223	0.00770	0.00741	0.01455	0.02224	0.02975	0.42422	0.07078	0.30216	0.01903	0.01005	0.00275	0.00413	0.01640	0.00879	0.00770
5	0.01707	0.04402	0.65683	0.02426	0.03683	0.01976	0.03144	0.02695	0.01797	0.02695	0.01527	0.01797	0.01078	0.00809	0.00809	0.00270	0.01258	0.00629	0.00359	0.01258
6	0.02536	0.02176	0.11674	0.03429	0.32172	0.01807	0.02175	0.03249	0.08182	0.20571	0.02274	0.02393	0.01649	0.00888	0.00844	0.00262	0.00931	0.00788	0.00636	0.01364
7	0.01969	0.01880	0.03163	0.12131	0.53406	0.01913	0.02441	0.02461	0.01911	0.02676	0.02098	0.02565	0.05887	0.00870	0.00855	0.00259	0.00983	0.00833	0.00443	0.01256
8	0.01586	0.00793	0.00793	0.00793	0.00991	0.00793	0.00595	0.01983	0.01785	0.03173	0.02776	0.03173	0.02181	0.00991	0.00595	0.00198	0.00397	0.00793	0.74817	0.00793
9	0.02092	0.02054	0.02331	0.02897	0.22661	0.14881	0.01802	0.05143	0.06430	0.02696	0.02733	0.08921	0.02695	0.01407	0.00941	0.00294	0.00990	0.17355	0.00603	0.01072
10	0.51971	0.19555	0.02158	0.01281	0.01854	0.06849	0.01110	0.02577	0.01588	0.03229	0.01194	0.01389	0.00978	0.00780	0.00549	0.00239	0.00785	0.00465	0.00479	0.00970
11	0.02790	0.03345	0.02696	0.02976	0.18586	0.44568	0.01912	0.03080	0.02195	0.02259	0.01372	0.01710	0.01163	0.00899	0.00960	0.00241	0.07126	0.00619	0.00428	0.01075

[dist]
# distance from previous block
# <min> <max>
0	1

[block]
# block no. 3 follows, 21 sequences, length 11
# corresponding to MSA columns:
# 79-89
name=unknown_D
#
# <colnr> <probs for GDERKNQSTAVLIFYWHMCP>
#	G	D	E	R	K	N	Q	S	T	A	V	L	I	F	Y	W	H	M	C	P
0	0.02181	0.02012	0.03132	0.04410	0.49979	0.02078	0.02329	0.06762	0.12656	0.03081	0.01951	0.02287	0.01570	0.00844	0.00847	0.00259	0.00948	0.00794	0.00526	0.01354
1	0.01586	0.00793	0.00793	0.00793	0.00991	0.00793	0.00595	0.01983	0.01785	0.03173	0.02776	0.03173	0.02181	0.00991	0.00595	0.00198	0.00397	0.00793	0.74817	0.00793
2	0.01925	0.01601	0.02175	0.02601	0.20920	0.01659	0.01592	0.15830	0.02338	0.03139	0.03709	0.15041	0.14318	0.01534	0.01027	0.00289	0.03926	0.04616	0.00673	0.01088
3	0.01216	0.00912	0.01368	0.01368	0.01520	0.01064	0.01064	0.01520	0.01368	0.01976	0.02279	0.03343	0.02127	0.06382	0.66720	0.01368	0.02279	0.00912	0.00456	0.00760
4	0.01231	0.00895	0.01259	0.01271	0.01388	0.00999	0.00947	0.01465	0.01374	0.01931	0.02523	0.04301	0.02547	0.21963	0.46976	0.01170	0.01821	0.04746	0.00492	0.00701
5	0.01238	0.00825	0.00928	0.00928	0.00928	0.00825	0.00516	0.01238	0.01238	0.01650	0.02681	0.05569	0.03094	0.70092	0.04331	0.00825	0.00825	0.01238	0.00516	0.00516
6	0.02109	0.51256	0.22353	0.01739	0.02622	0.02961	0.01950	0.02591	0.01749	0.02205	0.01284	0.01491	0.01088	0.00752	0.00623	0.00208	0.01012	0.00506	0.00363	0.01140
7	0.01216	0.00912	0.01368	0.01368	0.01520	0.01064	0.01064	0.01520	0.01368	0.01976	0.02279	0.03343	0.02127	0.06382	0.66720	0.01368	0.02279	0.00912	0.00456	0.00760
8	0.01295	0.01754	0.17139	0.01393	0.01876	0.01087	0.01388	0.01799	0.02118	0.02920	0.31861	0.05864	0.19064	0.01645	0.00967	0.00281	0.00647	0.05257	0.00749	0.00895
9	0.01350	0.00900	0.01153	0.05612	0.01519	0.00879	0.00844	0.01523	0.01654	0.06187	0.08726	0.25220	0.09718	0.25800	0.02176	0.00494	0.00667	0.04173	0.00695	0.00711
10	0.02193	0.02217	0.02923	0.25342	0.30835	0.12840	0.02303	0.06420	0.02072	0.02629	0.01552	0.02060	0.01241	0.00826	0.00833	0.00258	0.01135	0.00723	0.00438	0.01160

[dist]
# distance from previous block
# <min> <max>
0	1

[block]
# block no. 4 follows, 21 sequences, length 8
# corresponding to MSA columns:
# 92-99
name=unknown_E
#
# <colnr> <probs for GDERKNQSTAVLIFYWHMCP>
#	G	D	E	R	K	N	Q	S	T	A	V	L	I	F	Y	W	H	M	C	P
0	0.02120	0.02124	0.03196	0.16038	0.48489	0.08118	0.02476	0.02609	0.01941	0.02607	0.01558	0.02081	0.01286	0.00786	0.00837	0.00255	0.01082	0.00738	0.00415	0.01243
1	0.06238	0.02005	0.01948	0.01803	0.05221	0.12378	0.01312	0.07241	0.22014	0.15319	0.02675	0.02995	0.02109	0.11389	0.01349	0.00348	0.00881	0.00867	0.00740	0.01168
2	0.01905	0.02029	0.03391	0.02652	0.03051	0.06091	0.26057	0.02327	0.01667	0.02315	0.01549	0.02241	0.01338	0.01873	0.11537	0.00478	0.27228	0.00863	0.00413	0.00997
3	0.02996	0.02574	0.02692	0.02782	0.18095	0.16488	0.01837	0.28751	0.02987	0.09674	0.01897	0.02027	0.01407	0.00927	0.00831	0.00248	0.01067	0.00725	0.00672	0.01321
4	0.01110	0.00771	0.00966	0.01092	0.01123	0.00740	0.00690	0.01204	0.01487	0.01983	0.03962	0.46328	0.04709	0.27130	0.02264	0.00520	0.00614	0.01991	0.00690	0.00628
5	0.09695	0.01527	0.02411	0.60781	0.05404	0.01893	0.02207	0.02210	0.01674	0.02353	0.01477	0.02173	0.01111	0.00844	0.00816	0.00281	0.01083	0.00724	0.00394	0.00943
6	0.03122	0.08808	0.02600	0.02085	0.02598	0.47906	0.01624	0.16044	0.02704	0.02789	0.01463	0.01632	0.01172	0.00897	0.00769	0.00224	0.01357	0.00588	0.00522	0.01095
7	0.02293	0.02355	0.07012	0.03692	0.35049	0.08111	0.04590	0.11909	0.04578	0.03118	0.01986	0.02295	0.03859	0.00876	0.00838	0.00249	0.01028	0.00778	0.00521	0.04863

[dist]
# distance from previous block
# <min> <max>
0	2

[block]
# block no. 5 follows, 21 sequences, length 33
# corresponding to MSA columns:
# 102-134
name=unknown_F
#
# <colnr> <probs for GDERKNQSTAVLIFYWHMCP>
#	G	D	E	R	K	N	Q	S	T	A	V	L	I	F	Y	W	H	M	C	P
0	0.03184	0.03904	0.02425	0.02171	0.02632	0.60860	0.01642	0.08715	0.02556	0.02381	0.01382	0.01581	0.01128	0.00890	0.00775	0.00223	0.01480	0.00568	0.00476	0.01028
1	0.02692	0.03183	0.21220	0.02114	0.02917	0.11606	0.02055	0.31788	0.07414	0.03969	0.01888	0.01979	0.01371	0.00947	0.00828	0.00257	0.01099	0.00708	0.00647	0.01318
2	0.01006	0.00862	0.00862	0.00862	0.01149	0.00718	0.00647	0.01221	0.01940	0.02299	0.08621	0.08190	0.64438	0.02155	0.01006	0.00287	0.00431	0.01796	0.00790	0.00718
3	0.01550	0.02993	0.38676	0.02199	0.06367	0.01646	0.02355	0.02261	0.01648	0.02437	0.01806	0.02379	0.01476	0.02840	0.24863	0.00669	0.01617	0.00739	0.00398	0.01081
4	0.01106	0.00863	0.00987	0.00957	0.01190	0.00762	0.00708	0.01391	0.02106	0.02751	0.32766	0.07235	0.36163	0.05834	0.01194	0.00309	0.00440	0.01651	0.00839	0.00744
5	0.06546	0.31498	0.18462	0.01830	0.02644	0.07387	0.01880	0.15252	0.02261	0.02990	0.01458	0.01626	0.01155	0.00824	0.00689	0.00226	0.01031	0.00570	0.00481	0.01190
6	0.01937	0.17065	0.48733	0.02220	0.03309	0.07574	0.02697	0.02725	0.01834	0.02512	0.01444	0.01692	0.01082	0.00799	0.00755	0.00249	0.01214	0.00589	0.00367	0.01204
7	0.01586	0.00793	0.00793	0.00793	0.00991	0.00793	0.00595	0.01983	0.01785	0.03173	0.02776	0.03173	0.02181	0.00991	0.00595	0.00198	0.00397	0.00793	0.74817	0.00793
8	0.01118	0.00866	0.01017	0.00980	0.01218	0.00766	0.00735	0.01438	0.02204	0.02926	0.40012	0.07157	0.32655	0.01921	0.01005	0.00276	0.00414	0.01651	0.00873	0.00766
9	0.01931	0.28441	0.39899	0.02138	0.03180	0.02494	0.05850	0.02643	0.01784	0.02444	0.01413	0.01668	0.01095	0.00774	0.00724	0.00239	0.01141	0.00587	0.00365	0.01191
10	0.03235	0.02384	0.02554	0.01958	0.02639	0.02639	0.01618	0.61946	0.04001	0.05363	0.02043	0.02043	0.01447	0.01022	0.00851	0.00255	0.00936	0.00766	0.00851	0.01447
11	0.02055	0.29294	0.36887	0.02039	0.03023	0.08376	0.02372	0.02704	0.01827	0.02379	0.01378	0.01610	0.01085	0.00784	0.00706	0.00232	0.01152	0.00556	0.00368	0.01171
12	0.01999	0.02670	0.17551	0.05822	0.20157	0.04657	0.23472	0.04733	0.02016	0.02762	0.01949	0.02363	0.04133	0.00836	0.00897	0.00270	0.01212	0.00856	0.00442	0.01203
13	0.03179	0.04056	0.02412	0.02192	0.02631	0.66676	0.01644	0.03398	0.02412	0.02083	0.01315	0.01535	0.01096	0.00877	0.00767	0.00219	0.01535	0.00548	0.00438	0.00987
14	0.01668	0.04203	0.62049	0.02338	0.03541	0.01906	0.03004	0.02612	0.01805	0.02673	0.01925	0.02155	0.04630	0.00884	0.00820	0.00271	0.01211	0.00694	0.00383	0.01227
15	0.01050	0.00864	0.00924	0.00909	0.01177	0.00737	0.00682	0.01307	0.02045	0.02548	0.21067	0.07780	0.51837	0.02062	0.01005	0.00283	0.00424	0.01739	0.00823	0.00737
16	0.02106	0.02022	0.03454	0.05223	0.64784	0.02022	0.02612	0.02612	0.01938	0.02780	0.01601	0.02106	0.01348	0.00758	0.00842	0.00253	0.01011	0.00758	0.00421	0.01348
17	0.02520	0.02183	0.02141	0.01836	0.02368	0.08123	0.01448	0.20160	0.41482	0.03920	0.02879	0.02716	0.02146	0.01093	0.00853	0.00273	0.00824	0.00871	0.00823	0.01342
18	0.02827	0.02181	0.02324	0.01875	0.02484	0.02448	0.01519	0.40991	0.25621	0.04705	0.02562	0.02456	0.01867	0.01070	0.00857	0.00268	0.00840	0.00838	0.00857	0.01411
19	0.01796	0.01462	0.01561	0.01439	0.01744	0.01645	0.01044	0.03323	0.40618	0.02863	0.03178	0.04049	0.02779	0.26311	0.02131	0.00484	0.00729	0.01063	0.00738	0.01044
20	0.02117	0.01828	0.01924	0.01732	0.02213	0.02117	0.01347	0.04522	0.63246	0.03560	0.03464	0.03175	0.02598	0.01155	0.00866	0.00289	0.00673	0.00962	0.00866	0.01347
21	0.01586	0.00793	0.00793	0.00793	0.00991	0.00793	0.00595	0.01983	0.01785	0.03173	0.02776	0.03173	0.02181	0.00991	0.00595	0.00198	0.00397	0.00793	0.74817	0.00793
22	0.01674	0.00924	0.01219	0.01219	0.01441	0.00833	0.00884	0.01903	0.01941	0.16341	0.13239	0.41463	0.09271	0.02141	0.01018	0.00312	0.00527	0.01904	0.00869	0.00877
23	0.01037	0.00741	0.00987	0.01185	0.01234	0.00691	0.00790	0.01185	0.01629	0.02172	0.04690	0.69537	0.05629	0.02666	0.01086	0.00346	0.00494	0.02419	0.00790	0.00691
24	0.03215	0.02994	0.02502	0.02044	0.02636	0.26008	0.01627	0.40581	0.03421	0.04166	0.01778	0.01858	0.01319	0.00969	0.00821	0.00242	0.01155	0.00687	0.00701	0.01279
25	0.02551	0.06928	0.05013	0.11921	0.03169	0.36973	0.06060	0.02913	0.02123	0.02261	0.01403	0.01732	0.01139	0.00815	0.00766	0.00220	0.01293	0.00604	0.00431	0.11686
26	0.03054	0.02248	0.02425	0.01894	0.02523	0.02479	0.01549	0.56940	0.03806	0.05100	0.02261	0.07604	0.01792	0.01157	0.00871	0.00263	0.00900	0.00902	0.00846	0.01385
27	0.01164	0.00794	0.00950	0.01022	0.01040	0.00776	0.00616	0.01218	0.01381	0.01841	0.03415	0.28912	0.04019	0.45487	0.03147	0.00650	0.00704	0.01669	0.00616	0.00580
28	0.01339	0.02149	0.24608	0.01583	0.02126	0.01235	0.01623	0.01883	0.04224	0.02393	0.03958	0.26046	0.13414	0.07993	0.01259	0.00350	0.00800	0.01495	0.00611	0.00913
29	0.01110	0.00771	0.00966	0.01091	0.01123	0.00740	0.00690	0.01204	0.01486	0.01982	0.03957	0.46194	0.04704	0.27271	0.02270	0.00521	0.00615	0.01988	0.00690	0.00627
30	0.02185	0.60064	0.14207	0.01610	0.02423	0.03146	0.01725	0.02572	0.01740	0.02112	0.01238	0.01434	0.01090	0.00741	0.00588	0.00196	0.00965	0.00483	0.00363	0.01118
31	0.02276	0.08032	0.39120	0.02285	0.03214	0.25666	0.02501	0.02943	0.02017	0.02432	0.01430	0.01677	0.01085	0.00829	0.00779	0.00246	0.01339	0.00590	0.00388	0.01149
32	0.02933	0.08931	0.02340	0.01838	0.02343	0.30688	0.01442	0.03607	0.14246	0.16464	0.02333	0.05247	0.01822	0.01039	0.00801	0.00245	0.01081	0.00775	0.00668	0.01156

[dist]
# distance from previous block
# <min> <max>
0	2

[block]
# block no. 6 follows, 21 sequences, length 100
# corresponding to MSA columns:
# 137-236
name=unknown_G
#
# <colnr> <probs for GDERKNQSTAVLIFYWHMCP>
#	G	D	E	R	K	N	Q	S	T	A	V	L	I	F	Y	W	H	M	C	P
0	0.02139	0.02109	0.01820	0.01661	0.01902	0.22669	0.01246	0.04890	0.01836	0.05001	0.01971	0.03029	0.01874	0.18273	0.18014	0.00661	0.08707	0.00841	0.00500	0.00858
1	0.01177	0.00946	0.01059	0.01017	0.01286	0.00868	0.00767	0.01648	0.07242	0.02842	0.30113	0.07050	0.37080	0.01908	0.00993	0.00280	0.00440	0.01625	0.00854	0.00804
2	0.01770	0.01864	0.03766	0.02946	0.06162	0.01752	0.40503	0.02355	0.01988	0.02641	0.03103	0.04349	0.10088	0.01196	0.01028	0.00304	0.01171	0.11437	0.00539	0.01036
3	0.01216	0.00912	0.01368	0.01368	0.01520	0.01064	0.01064	0.01520	0.01368	0.01976	0.02279	0.03343	0.02127	0.06382	0.66720	0.01368	0.02279	0.00912	0.00456	0.00760
4	0.01484	0.01258	0.01198	0.01170	0.01253	0.09369	0.00759	0.01567	0.01412	0.01764	0.02433	0.04652	0.02664	0.49807	0.14985	0.00843	0.01176	0.01091	0.00495	0.00620
5	0.01238	0.00825	0.00928	0.00928	0.00928	0.00825	0.00516	0.01238	0.01238	0.01650	0.02681	0.05569	0.03094	0.70092	0.04331	0.00825	0.00825	0.01238	0.00516	0.00516
6	0.01216	0.00828	0.00992	0.01053	0.01085	0.00818	0.00669	0.01290	0.01397	0.01855	0.03277	0.18066	0.03785	0.49338	0.03345	0.00683	0.00758	0.08363	0.00599	0.00581
7	0.01026	0.00816	0.00922	0.00995	0.01187	0.00712	0.00709	0.01224	0.01841	0.02299	0.09548	0.31700	0.39356	0.02334	0.01037	0.00309	0.00454	0.02024	0.00797	0.00712
8	0.02436	0.02647	0.03134	0.04292	0.45688	0.21886	0.02314	0.02853	0.02083	0.02566	0.01513	0.01931	0.01271	0.00795	0.00819	0.00242	0.01172	0.00694	0.00427	0.01237
9	0.03179	0.04056	0.02412	0.02192	0.02631	0.66676	0.01644	0.03398	0.02412	0.02083	0.01315	0.01535	0.01096	0.00877	0.00767	0.00219	0.01535	0.00548	0.00438	0.00987
10	0.02088	0.02131	0.06310	0.05095	0.61980	0.02020	0.02636	0.02616	0.01931	0.02776	0.01597	0.02092	0.01336	0.00761	0.00841	0.00254	0.01022	0.00752	0.00418	0.01344
11	0.03179	0.04056	0.02412	0.02192	0.02631	0.66676	0.01644	0.03398	0.02412	0.02083	0.01315	0.01535	0.01096	0.00877	0.00767	0.00219	0.01535	0.00548	0.00438	0.00987
12	0.02066	0.06459	0.35520	0.02302	0.05757	0.11634	0.02391	0.03233	0.16819	0.02789	0.01955	0.02088	0.01462	0.00897	0.00807	0.00262	0.01131	0.00696	0.00497	0.01236
13	0.01929	0.30268	0.41762	0.02047	0.03098	0.02520	0.02485	0.02638	0.01770	0.02424	0.01393	0.01628	0.01084	0.00777	0.00706	0.00235	0.01122	0.00561	0.00361	0.01193
14	0.01870	0.01669	0.02284	0.02478	0.21301	0.01407	0.01501	0.02287	0.01818	0.02775	0.01540	0.01870	0.01287	0.00670	0.00695	0.00165	0.00747	0.00582	0.00479	0.52575
15	0.01045	0.00856	0.00922	0.00922	0.01178	0.00733	0.00685	0.01291	0.02008	0.02500	0.18822	0.11750	0.50114	0.02110	0.01011	0.00287	0.00429	0.01787	0.00818	0.00733
16	0.01525	0.01217	0.01384	0.01283	0.01602	0.01257	0.00991	0.04856	0.20316	0.03284	0.30526	0.05735	0.16906	0.01644	0.00965	0.00282	0.00526	0.03852	0.00878	0.00973
17	0.01586	0.00793	0.00793	0.00793	0.00991	0.00793	0.00595	0.01983	0.01785	0.03173	0.02776	0.03173	0.02181	0.00991	0.00595	0.00198	0.00397	0.00793	0.74817	0.00793
18	0.02114	0.02121	0.03424	0.11506	0.49590	0.06133	0.07456	0.02625	0.01949	0.02668	0.01583	0.02103	0.01305	0.00772	0.00852	0.00257	0.01093	0.00765	0.00419	0.01266
19	0.02784	0.28906	0.05955	0.01884	0.02509	0.28881	0.01634	0.13183	0.02402	0.02647	0.01401	0.01570	0.01155	0.00843	0.00700	0.00214	0.01183	0.00554	0.00478	0.01118
20	0.53715	0.01872	0.01651	0.01377	0.01951	0.02133	0.01135	0.20765	0.02233	0.04293	0.01449	0.01585	0.01083	0.00861	0.00626	0.00261	0.00744	0.00555	0.00626	0.01083
21	0.02706	0.03283	0.02408	0.05447	0.08759	0.46317	0.01708	0.02967	0.02198	0.02171	0.01946	0.02209	0.06412	0.01023	0.00971	0.00244	0.07080	0.00699	0.00458	0.00993
22	0.01023	0.00829	0.00908	0.00958	0.01178	0.00715	0.00692	0.01228	0.01875	0.02312	0.09914	0.24745	0.46106	0.02276	0.01027	0.00302	0.00447	0.01954	0.00796	0.00715
23	0.02477	0.02752	0.02224	0.01976	0.02351	0.34552	0.04015	0.08729	0.02190	0.02411	0.01695	0.02188	0.01458	0.02602	0.21134	0.00585	0.04498	0.00710	0.00483	0.00969
24	0.01063	0.00864	0.00941	0.00922	0.01184	0.00743	0.00691	0.01331	0.02074	0.02618	0.24568	0.07665	0.48293	0.02036	0.01005	0.00282	0.00423	0.01722	0.00832	0.00743
25	0.02571	0.02904	0.03002	0.03909	0.37836	0.30054	0.02192	0.02953	0.02143	0.02478	0.01477	0.01858	0.01239	0.00810	0.00810	0.00238	0.01238	0.00667	0.00429	0.01191
26	0.03218	0.02897	0.02510	0.02030	0.02637	0.22314	0.01626	0.43958	0.03513	0.04355	0.01820	0.01887	0.01339	0.00977	0.00826	0.00244	0.01120	0.00699	0.00724	0.01306
27	0.03818	0.01448	0.01975	0.01514	0.02172	0.01251	0.01251	0.04147	0.02436	0.65373	0.03357	0.02897	0.02107	0.01053	0.00856	0.00263	0.00724	0.00856	0.01053	0.01448
28	0.01450	0.01201	0.01317	0.01304	0.01592	0.01256	0.00966	0.02499	0.25795	0.02752	0.05365	0.25605	0.21703	0.01926	0.00977	0.00306	0.00546	0.01667	0.00820	0.00955
29	0.01027	0.00778	0.00949	0.01086	0.01208	0.00700	0.00746	0.01196	0.01725	0.02211	0.05898	0.50688	0.23697	0.02509	0.01061	0.00328	0.00474	0.02228	0.00790	0.00700
30	0.01862	0.01862	0.02607	0.02234	0.02234	0.02607	0.01862	0.02048	0.01303	0.02048	0.01117	0.01862	0.01117	0.01489	0.02793	0.00372	0.68535	0.00745	0.00372	0.00931
31	0.02533	0.01868	0.02123	0.01735	0.02225	0.02081	0.01403	0.40909	0.03080	0.04171	0.02142	0.02586	0.01723	0.05481	0.21231	0.00620	0.01345	0.00830	0.00716	0.01198
32	0.02076	0.01564	0.01820	0.01379	0.02072	0.01333	0.01101	0.02829	0.13394	0.10395	0.02099	0.02165	0.01613	0.00779	0.00701	0.00173	0.00650	0.00632	0.00638	0.52587
33	0.01181	0.00834	0.00912	0.00912	0.00982	0.00799	0.00547	0.01234	0.01408	0.01808	0.04124	0.06206	0.17996	0.53588	0.03524	0.00694	0.00729	0.01373	0.00582	0.00565
34	0.01850	0.05639	0.08975	0.01193	0.01595	0.05473	0.01084	0.06049	0.01966	0.03117	0.02392	0.02723	0.01868	0.00949	0.00645	0.00211	0.00638	0.00736	0.51977	0.00921
35	0.02109	0.25593	0.19699	0.02831	0.20681	0.06523	0.02213	0.02636	0.01852	0.02454	0.01419	0.01724	0.01172	0.00762	0.00718	0.00224	0.01053	0.00596	0.00392	0.05347
36	0.01470	0.01162	0.01488	0.01755	0.12626	0.01073	0.01093	0.01889	0.05451	0.06674	0.13346	0.06266	0.39020	0.01730	0.00959	0.00277	0.00563	0.01473	0.00763	0.00923
37	0.02291	0.02944	0.14247	0.03851	0.35921	0.18090	0.02436	0.02799	0.02004	0.02562	0.01497	0.01899	0.01228	0.00826	0.00897	0.00252	0.03934	0.00682	0.00413	0.01225
38	0.01063	0.00781	0.00983	0.01132	0.01229	0.00721	0.00779	0.01227	0.01678	0.02182	0.05251	0.51147	0.15901	0.06894	0.01286	0.00369	0.00520	0.05396	0.00772	0.00690
39	0.02042	0.01956	0.03338	0.13351	0.57161	0.02005	0.02580	0.02555	0.01907	0.02702	0.01589	0.02127	0.01320	0.00770	0.00844	0.00257	0.01027	0.00758	0.00416	0.01296
40	0.02275	0.70604	0.04459	0.01456	0.02184	0.03367	0.01456	0.02548	0.01729	0.02002	0.01183	0.01365	0.01092	0.00728	0.00546	0.00182	0.00910	0.00455	0.00364	0.01092
41	0.01089	0.00870	0.00978	0.00963	0.01217	0.00758	0.00730	0.01376	0.02101	0.02690	0.27517	0.07621	0.42644	0.02021	0.01012	0.00285	0.00436	0.04101	0.00840	0.00750
42	0.02406	0.01972	0.02087	0.01790	0.02323	0.02252	0.01417	0.19352	0.47946	0.04026	0.03097	0.02883	0.02301	0.01120	0.00862	0.00280	0.00741	0.00912	0.00862	0.01373
43	0.02189	0.06373	0.35673	0.02151	0.03091	0.04837	0.02365	0.15638	0.13234	0.03361	0.01958	0.02065	0.01429	0.00915	0.00815	0.00264	0.01082	0.00707	0.00558	0.01296
44	0.01410	0.01199	0.01673	0.01541	0.01654	0.01475	0.01222	0.01679	0.01576	0.02287	0.14611	0.03795	0.05924	0.06436	0.27576	0.00759	0.22791	0.01039	0.00543	0.00810
45	0.01302	0.00881	0.01047	0.01051	0.01287	0.00773	0.00770	0.01542	0.01978	0.08116	0.16938	0.25118	0.31805	0.02130	0.01015	0.00299	0.00470	0.01846	0.00840	0.00791
46	0.01933	0.01845	0.03141	0.27080	0.44284	0.01976	0.02525	0.02460	0.01856	0.02569	0.01570	0.02163	0.01274	0.00790	0.00845	0.00263	0.01054	0.00758	0.00406	0.01208
47	0.01896	0.02417	0.16845	0.20075	0.36914	0.01980	0.02667	0.02522	0.01849	0.02612	0.01563	0.02079	0.01236	0.00792	0.00837	0.00264	0.01095	0.00729	0.00397	0.01229
48	0.02078	0.02327	0.09095	0.03941	0.28549	0.02153	0.24130	0.05924	0.02010	0.02832	0.01620	0.02124	0.01290	0.00828	0.01074	0.00278	0.07236	0.00837	0.00439	0.01235
49	0.01586	0.00793	0.00793	0.00793	0.00991	0.00793	0.00595	0.01983	0.01785	0.03173	0.02776	0.03173	0.02181	0.00991	0.00595	0.00198	0.00397	0.00793	0.74817	0.00793
50	0.02553	0.50158	0.03830	0.01682	0.02321	0.22818	0.01514	0.02809	0.01939	0.02027	0.01224	0.01417	0.01093	0.00774	0.00614	0.00193	0.01102	0.00484	0.00387	0.01060
51	0.02545	0.09530	0.22075	0.02331	0.05496	0.35831	0.02140	0.03016	0.02094	0.02292	0.01372	0.01640	0.01102	0.00867	0.00859	0.00240	0.04492	0.00583	0.00404	0.01091
52	0.02763	0.03262	0.02578	0.14304	0.11231	0.43810	0.01896	0.05802	0.02298	0.02342	0.01421	0.01763	0.01152	0.00864	0.00796	0.00237	0.01368	0.00622	0.00445	0.01047
53	0.02139	0.02052	0.03469	0.06968	0.38307	0.02093	0.14015	0.06638	0.09988	0.03008	0.01889	0.02285	0.01495	0.00822	0.00878	0.00266	0.01052	0.00833	0.00506	0.01297
54	0.02207	0.09822	0.41133	0.02273	0.03235	0.21971	0.02542	0.02899	0.01980	0.02449	0.01433	0.01680	0.01085	0.00823	0.00774	0.00247	0.01314	0.00590	0.00384	0.01161
55	0.01586	0.00793	0.00793	0.00793	0.00991	0.00793	0.00595	0.01983	0.01785	0.03173	0.02776	0.03173	0.02181	0.00991	0.00595	0.00198	0.00397	0.00793	0.74817	0.00793
56	0.01111	0.00813	0.01043	0.01098	0.01242	0.00746	0.00781	0.01383	0.02021	0.02757	0.32554	0.33926	0.13002	0.02185	0.01040	0.00304	0.00445	0.01948	0.00858	0.00746
57	0.01006	0.00862	0.00862	0.00862	0.01149	0.00718	0.00647	0.01221	0.01940	0.02299	0.08621	0.08190	0.64438	0.02155	0.01006	0.00287	0.00431	0.01796	0.00790	0.00718
58	0.02971	0.19404	0.02884	0.02023	0.02528	0.52075	0.01601	0.03202	0.02254	0.02064	0.01285	0.01496	0.01095	0.00843	0.00716	0.00211	0.01391	0.00527	0.00421	0.01011
59	0.01765	0.01513	0.01765	0.01260	0.02017	0.01134	0.01008	0.02143	0.01765	0.02773	0.01513	0.01765	0.01260	0.00630	0.00630	0.00126	0.00630	0.00504	0.00504	0.75295
60	0.01167	0.00878	0.01259	0.01294	0.01439	0.00970	0.00981	0.01436	0.01461	0.02037	0.03230	0.15317	0.07941	0.05380	0.49763	0.01099	0.01813	0.01249	0.00542	0.00744
61	0.01984	0.11876	0.19514	0.01785	0.02464	0.04430	0.01784	0.09897	0.13708	0.03200	0.14856	0.03273	0.02990	0.01145	0.00842	0.00262	0.00878	0.03309	0.00653	0.01152
62	0.01054	0.00811	0.00964	0.01037	0.01207	0.00722	0.00735	0.01273	0.01889	0.02439	0.16675	0.34146	0.29390	0.02301	0.01040	0.00309	0.00453	0.02018	0.00816	0.00722
63	0.01988	0.02230	0.04750	0.03393	0.04245	0.02067	0.56627	0.02677	0.01988	0.02730	0.01704	0.02251	0.01289	0.00710	0.00973	0.00274	0.01368	0.00963	0.00437	0.07337
64	0.02000	0.01836	0.02804	0.03876	0.41951	0.01898	0.02087	0.02954	0.16859	0.03046	0.09621	0.02878	0.02457	0.00973	0.00868	0.00263	0.00856	0.00902	0.00591	0.01282
65	0.02391	0.36359	0.07001	0.01687	0.02318	0.13402	0.01532	0.07862	0.10713	0.02538	0.01703	0.01966	0.01446	0.04717	0.00880	0.00250	0.00998	0.00622	0.00496	0.01118
66	0.01844	0.01183	0.01452	0.01474	0.05120	0.01136	0.01039	0.02463	0.12615	0.15434	0.05239	0.21737	0.22210	0.01810	0.00962	0.00296	0.00582	0.01561	0.00837	0.01005
67	0.01037	0.00741	0.00987	0.01185	0.01234	0.00691	0.00790	0.01185	0.01629	0.02172	0.04690	0.69537	0.05629	0.02666	0.01086	0.00346	0.00494	0.02419	0.00790	0.00691
68	0.09217	0.03772	0.02322	0.02104	0.02534	0.58855	0.01592	0.03272	0.02289	0.02226	0.01297	0.01534	0.01082	0.00893	0.00824	0.00229	0.03986	0.00548	0.00443	0.00979
69	0.01754	0.09928	0.60572	0.02345	0.03558	0.02092	0.03003	0.02683	0.01791	0.02637	0.01498	0.01761	0.01079	0.00802	0.00787	0.00262	0.01229	0.00614	0.00360	0.01244
70	0.02042	0.08049	0.12027	0.07447	0.48441	0.02122	0.02577	0.02598	0.01890	0.02675	0.01552	0.02010	0.01280	0.00767	0.00813	0.00251	0.01042	0.00715	0.00406	0.01296
71	0.02548	0.50491	0.03841	0.01679	0.02319	0.22501	0.01513	0.02805	0.01935	0.02027	0.01223	0.01416	0.01093	0.00773	0.00613	0.00193	0.01099	0.00483	0.00387	0.01060
72	0.02064	0.13165	0.14446	0.02183	0.03012	0.09786	0.16472	0.02599	0.01903	0.02546	0.01492	0.01812	0.01190	0.00728	0.00758	0.00211	0.01092	0.00647	0.00431	0.23465
73	0.01978	0.01413	0.01170	0.01114	0.01375	0.12553	0.00837	0.02323	0.01928	0.06914	0.02677	0.07163	0.02206	0.01084	0.00674	0.00216	0.00627	0.00859	0.52027	0.00863
74	0.01203	0.00898	0.01282	0.01274	0.01430	0.00997	0.00973	0.01494	0.01517	0.02145	0.10088	0.04132	0.06555	0.09707	0.50971	0.01138	0.01852	0.01060	0.00537	0.00747
75	0.01034	0.00825	0.00929	0.01007	0.01208	0.00721	0.00730	0.01234	0.01833	0.02266	0.07062	0.29602	0.41206	0.02342	0.01042	0.00312	0.00469	0.04676	0.00790	0.00712
76	0.02521	0.03037	0.01974	0.01883	0.02202	0.46403	0.01382	0.02718	0.02171	0.02110	0.02352	0.22428	0.02489	0.01427	0.00865	0.00258	0.01215	0.01123	0.00546	0.00896
77	0.03179	0.04056	0.02412	0.02192	0.02631	0.66676	0.01644	0.03398	0.02412	0.02083	0.01315	0.01535	0.01096	0.00877	0.00767	0.00219	0.01535	0.00548	0.00438	0.00987
78	0.03235	0.02384	0.02554	0.01958	0.02639	0.02639	0.01618	0.61946	0.04001	0.05363	0.02043	0.02043	0.01447	0.01022	0.00851	0.00255	0.00936	0.00766	0.00851	0.01447
79	0.01216	0.00912	0.01368	0.01368	0.01520	0.01064	0.01064	0.01520	0.01368	0.01976	0.02279	0.03343	0.02127	0.06382	0.66720	0.01368	0.02279	0.00912	0.00456	0.00760
80	0.01616	0.00971	0.01212	0.01093	0.01399	0.00860	0.00840	0.01955	0.02287	0.14150	0.38421	0.06236	0.22213	0.01730	0.00978	0.00272	0.00467	0.01487	0.00918	0.00895
81	0.03235	0.02384	0.02554	0.01958	0.02639	0.02639	0.01618	0.61946	0.04001	0.05363	0.02043	0.02043	0.01447	0.01022	0.00851	0.00255	0.00936	0.00766	0.00851	0.01447
82	0.01057	0.00801	0.00975	0.01066	0.01215	0.00719	0.00748	0.01270	0.01861	0.02428	0.16323	0.39646	0.24117	0.02347	0.01047	0.00314	0.00458	0.02074	0.00816	0.00719
83	0.03199	0.03472	0.02461	0.02111	0.02634	0.44325	0.01635	0.23834	0.02966	0.03228	0.01569	0.01712	0.01219	0.00927	0.00797	0.00232	0.01326	0.00624	0.00583	0.01147
84	0.01198	0.00855	0.01050	0.01009	0.01156	0.00803	0.00702	0.01461	0.02010	0.02778	0.40741	0.06268	0.11222	0.22775	0.02026	0.00441	0.00534	0.01468	0.00795	0.00708
85	0.01980	0.01047	0.01356	0.01178	0.01531	0.00929	0.00919	0.02333	0.02352	0.22294	0.37837	0.05549	0.14069	0.01587	0.00959	0.00269	0.00505	0.01365	0.00952	0.00989
86	0.01586	0.00793	0.00793	0.00793	0.00991	0.00793	0.00595	0.01983	0.01785	0.03173	0.02776	0.03173	0.02181	0.00991	0.00595	0.00198	0.00397	0.00793	0.74817	0.00793
87	0.01939	0.01865	0.01784	0.07173	0.02292	0.12951	0.01313	0.03131	0.28595	0.02840	0.07138	0.19139	0.03299	0.01486	0.00910	0.00289	0.00801	0.01264	0.00737	0.01056
88	0.02164	0.08161	0.03390	0.07214	0.50524	0.02176	0.02388	0.05984	0.04651	0.02863	0.01664	0.02089	0.01375	0.00791	0.00818	0.00249	0.00989	0.00740	0.00457	0.01314
89	0.08492	0.06944	0.31439	0.01878	0.02668	0.11351	0.02051	0.02485	0.01971	0.02769	0.13091	0.02920	0.06381	0.01065	0.00810	0.00257	0.01020	0.00829	0.00517	0.01062
90	0.17228	0.05282	0.14805	0.01960	0.05179	0.10476	0.01754	0.20927	0.02541	0.03701	0.06824	0.02134	0.01755	0.00952	0.00768	0.00253	0.00979	0.00702	0.00606	0.01174
91	0.08678	0.02968	0.34604	0.01855	0.02759	0.01675	0.02097	0.06197	0.01902	0.02920	0.02322	0.06658	0.06701	0.01021	0.00787	0.00249	0.00951	0.00812	0.00496	0.14346
92	0.04771	0.08870	0.39696	0.07883	0.03185	0.01844	0.02366	0.02365	0.01822	0.02624	0.05963	0.02916	0.10149	0.01041	0.00816	0.00266	0.01031	0.00829	0.00460	0.01102
93	0.12016	0.05339	0.19534	0.01829	0.02480	0.01791	0.06726	0.09994	0.04328	0.03066	0.05623	0.07851	0.02309	0.09567	0.01260	0.00344	0.00935	0.03390	0.00572	0.01045
94	0.05061	0.08803	0.06870	0.01419	0.01860	0.04337	0.01211	0.06995	0.01874	0.04973	0.08142	0.03231	0.02433	0.14427	0.15409	0.00572	0.01141	0.00863	0.00560	0.09816
95	0.15516	0.05175	0.28817	0.01731	0.02428	0.01658	0.01869	0.04715	0.01680	0.02708	0.01872	0.10600	0.01724	0.01434	0.01232	0.13630	0.00928	0.00848	0.00469	0.00966
96	0.02150	0.18110	0.30825	0.01976	0.02855	0.05850	0.02177	0.10755	0.02141	0.05224	0.04287	0.02055	0.01533	0.01231	0.05004	0.00316	0.01162	0.00670	0.00489	0.01188
97	0.25126	0.02340	0.07380	0.01796	0.02387	0.08542	0.04114	0.14916	0.15768	0.03676	0.01922	0.02022	0.01453	0.00956	0.00839	0.00270	0.04003	0.00692	0.00633	0.01165
98	0.10356	0.10093	0.25184	0.02067	0.05413	0.07651	0.02051	0.09785	0.07060	0.03082	0.01782	0.02166	0.01414	0.00910	0.00763	0.00252	0.01028	0.03101	0.00513	0.05329
99	0.02139	0.21508	0.10113	0.02091	0.02750	0.05954	0.13653	0.10593	0.02153	0.02813	0.07203	0.02336	0.01889	0.01381	0.06389	0.00340	0.04305	0.00780	0.00507	0.01103

[dist]
# distance from previous block
# <min> <max>
31	95

[block]
# block no. 7 follows, 21 sequences, length 44
# corresponding to MSA columns:
# 350-393
name=unknown_H
#
# <colnr> <probs for GDERKNQSTAVLIFYWHMCP>
#	G	D	E	R	K	N	Q	S	T	A	V	L	I	F	Y	W	H	M	C	P
0	0.07974	0.15090	0.31112	0.02482	0.13718	0.02090	0.02298	0.02513	0.01851	0.02763	0.08688	0.02266	0.01916	0.00891	0.00767	0.00250	0.01004	0.00712	0.00451	0.01164
1	0.02758	0.03280	0.13498	0.02091	0.02748	0.26743	0.01851	0.19693	0.12922	0.03347	0.01914	0.01996	0.01442	0.00951	0.00814	0.00250	0.01176	0.00692	0.00611	0.01222
2	0.01684	0.01693	0.01373	0.01318	0.01534	0.18183	0.00939	0.01873	0.01880	0.02188	0.11796	0.08528	0.15948	0.19725	0.07244	0.00499	0.00977	0.01250	0.00618	0.00750
3	0.05805	0.02106	0.10858	0.02721	0.20525	0.01809	0.01870	0.07622	0.12960	0.09245	0.02374	0.08223	0.01966	0.01045	0.00833	0.00261	0.00856	0.00899	0.00632	0.07391
4	0.08515	0.14022	0.28112	0.02389	0.10025	0.12391	0.02241	0.02908	0.06952	0.02668	0.01579	0.01802	0.01226	0.00828	0.00745	0.00247	0.01118	0.00617	0.00436	0.01178
5	0.02010	0.01986	0.02800	0.10731	0.40231	0.09237	0.02126	0.02411	0.01874	0.02477	0.01899	0.07452	0.01793	0.07932	0.01206	0.00317	0.01027	0.00907	0.00456	0.01131
6	0.01071	0.00823	0.00981	0.01029	0.01212	0.00733	0.00739	0.01316	0.01965	0.02565	0.22737	0.28477	0.28861	0.02213	0.01032	0.00302	0.00444	0.01936	0.00831	0.00733
7	0.01772	0.01625	0.02694	0.06963	0.43550	0.01628	0.02070	0.02176	0.01837	0.02575	0.02496	0.21744	0.02584	0.01318	0.00914	0.00281	0.00866	0.01242	0.00527	0.01138
8	0.01963	0.01976	0.02717	0.06479	0.40963	0.09174	0.02050	0.02373	0.01983	0.02567	0.03135	0.03408	0.15428	0.01088	0.00871	0.00258	0.00947	0.00966	0.00504	0.01149
9	0.03219	0.02083	0.13381	0.02125	0.09677	0.01540	0.01760	0.06729	0.02348	0.44008	0.02765	0.02568	0.01804	0.00975	0.00846	0.00263	0.00862	0.00800	0.00848	0.01403
10	0.02106	0.02022	0.03454	0.05223	0.64784	0.02022	0.02612	0.02612	0.01938	0.02780	0.01601	0.02106	0.01348	0.00758	0.00842	0.00253	0.01011	0.00758	0.00421	0.01348
11	0.02310	0.01721	0.02054	0.02026	0.09279	0.01838	0.01426	0.23118	0.13484	0.07098	0.03113	0.09344	0.05395	0.07623	0.01225	0.00334	0.00802	0.05860	0.00771	0.01179
12	0.01869	0.09393	0.01884	0.01392	0.01812	0.01704	0.01114	0.15629	0.13099	0.03254	0.09737	0.13474	0.19069	0.01595	0.00905	0.00275	0.00648	0.01328	0.00781	0.01039
13	0.01053	0.00783	0.00981	0.01103	0.01222	0.00712	0.00762	0.01248	0.01797	0.02363	0.13406	0.48498	0.18089	0.02438	0.01059	0.00323	0.00469	0.02174	0.00809	0.00712
14	0.01972	0.01489	0.01683	0.01543	0.01883	0.01602	0.01168	0.22369	0.13271	0.03498	0.03577	0.34985	0.03678	0.01843	0.00968	0.00305	0.00675	0.01603	0.00824	0.01063
15	0.02502	0.02556	0.11613	0.02649	0.16522	0.07482	0.01950	0.28322	0.02854	0.03778	0.02568	0.02688	0.08601	0.01051	0.00854	0.00258	0.00991	0.00845	0.00643	0.01276
16	0.01994	0.02349	0.12451	0.10156	0.43879	0.02019	0.09514	0.02598	0.01905	0.02709	0.01596	0.02098	0.01284	0.00769	0.00857	0.00262	0.01106	0.00768	0.00410	0.01276
17	0.01159	0.00885	0.01092	0.01210	0.01413	0.00818	0.00967	0.01432	0.01886	0.02374	0.06187	0.20900	0.28838	0.02335	0.01090	0.00341	0.00585	0.24961	0.00788	0.00739
18	0.02536	0.09366	0.09601	0.01913	0.02444	0.41692	0.01620	0.02848	0.02195	0.02185	0.02653	0.02757	0.12584	0.01088	0.00796	0.00234	0.01248	0.00776	0.00487	0.00978
19	0.12560	0.06361	0.27188	0.03024	0.21045	0.05086	0.04886	0.05286	0.01920	0.02936	0.01504	0.01826	0.01161	0.00796	0.00774	0.00257	0.01090	0.00652	0.00430	0.01219
20	0.02053	0.03342	0.37624	0.02717	0.03770	0.01953	0.22923	0.02873	0.01943	0.09927	0.01804	0.02094	0.01269	0.00806	0.00881	0.00275	0.01257	0.00783	0.00464	0.01242
21	0.01294	0.01048	0.04071	0.01189	0.01409	0.00881	0.00910	0.01611	0.04331	0.05440	0.09224	0.31737	0.18309	0.10011	0.01407	0.00375	0.00580	0.04628	0.00764	0.00780
22	0.08624	0.01655	0.02144	0.02299	0.16003	0.01694	0.01492	0.14772	0.05939	0.14608	0.18223	0.03326	0.03256	0.01141	0.00863	0.00262	0.00740	0.00964	0.00786	0.01210
23	0.02039	0.01969	0.03261	0.07792	0.50880	0.02118	0.02468	0.02491	0.01815	0.02622	0.01511	0.02071	0.01297	0.00891	0.01186	0.00275	0.12894	0.00756	0.00411	0.01255
24	0.01975	0.01888	0.03216	0.21795	0.49241	0.01987	0.02546	0.02496	0.01875	0.02620	0.01577	0.02149	0.01292	0.00783	0.00845	0.00261	0.01044	0.00758	0.00410	0.01242
25	0.02589	0.18208	0.10112	0.02068	0.04739	0.28101	0.01755	0.06560	0.12963	0.02602	0.01739	0.01864	0.01386	0.00889	0.00748	0.00232	0.01162	0.00629	0.00511	0.01143
26	0.02778	0.25736	0.10127	0.01597	0.02299	0.02099	0.01522	0.06400	0.02138	0.27631	0.02430	0.07704	0.01891	0.01044	0.00762	0.00242	0.00843	0.00815	0.00702	0.01240
27	0.01015	0.00827	0.00899	0.00956	0.01174	0.00710	0.00688	0.01211	0.01849	0.02262	0.07477	0.26049	0.47318	0.02304	0.01029	0.00304	0.00449	0.01977	0.00790	0.00710
28	0.01238	0.00825	0.00928	0.00928	0.00928	0.00825	0.00516	0.01238	0.01238	0.01650	0.02681	0.05569	0.03094	0.70092	0.04331	0.00825	0.00825	0.01238	0.00516	0.00516
29	0.02625	0.03024	0.02938	0.03296	0.23835	0.33725	0.06914	0.03175	0.07565	0.02502	0.01635	0.01936	0.01330	0.00848	0.00821	0.00242	0.01273	0.00694	0.00470	0.01154
30	0.02145	0.02632	0.11498	0.03608	0.33765	0.16302	0.02221	0.02605	0.01982	0.02530	0.01947	0.11118	0.01837	0.01052	0.00854	0.00260	0.01092	0.00920	0.00467	0.01165
31	0.01034	0.00751	0.00977	0.01158	0.01227	0.00693	0.00778	0.01188	0.01655	0.02183	0.05016	0.64462	0.10493	0.02624	0.01080	0.00341	0.00489	0.02368	0.00790	0.00693
32	0.35502	0.01535	0.01658	0.01341	0.01942	0.01539	0.01107	0.03426	0.02003	0.38393	0.02405	0.02233	0.01587	0.00938	0.00712	0.00263	0.00695	0.00683	0.00822	0.01217
33	0.02235	0.23199	0.23599	0.02303	0.05561	0.16150	0.07399	0.02771	0.01909	0.02340	0.01383	0.01675	0.01118	0.00821	0.00834	0.00239	0.04342	0.00605	0.00387	0.01131
