[name]
unknown

[dist]
# distance from previous block
# <min> <max>
0	0

[block]
# block no. 0 follows, 22 sequences, length 46
# corresponding to MSA columns:
# 0-45
name=unknown_A
#
# <colnr> <probs for GDERKNQSTAVLIFYWHMCP>
#	G	D	E	R	K	N	Q	S	T	A	V	L	I	F	Y	W	H	M	C	P
0	0.01339	0.00956	0.01339	0.01530	0.01721	0.00956	0.01339	0.01721	0.01912	0.02486	0.04399	0.09371	0.04781	0.02295	0.01147	0.00382	0.00765	0.60031	0.00765	0.00765
1	0.39189	0.01869	0.01762	0.01455	0.02011	0.02111	0.01191	0.26206	0.07005	0.04283	0.04404	0.01939	0.01519	0.00926	0.00682	0.00256	0.00739	0.00648	0.00680	0.01126
2	0.02223	0.53337	0.07081	0.01818	0.02550	0.07786	0.10358	0.02580	0.01780	0.02093	0.01256	0.01495	0.01094	0.00723	0.00625	0.00199	0.01023	0.00536	0.00370	0.01074
3	0.01445	0.02162	0.22024	0.01478	0.02003	0.05029	0.01482	0.01961	0.04616	0.02359	0.09319	0.04621	0.17961	0.18053	0.01681	0.00396	0.00842	0.01127	0.00569	0.00873
4	0.01916	0.16956	0.02258	0.01566	0.01910	0.19034	0.01271	0.02184	0.01680	0.01962	0.01745	0.02380	0.01592	0.03618	0.35403	0.00789	0.01744	0.00700	0.00421	0.00870
5	0.02478	0.25232	0.06706	0.01999	0.04592	0.30700	0.01666	0.02761	0.01925	0.02058	0.01277	0.01583	0.01117	0.01075	0.03446	0.00266	0.09165	0.00553	0.00393	0.01009
6	0.01076	0.00779	0.01016	0.01098	0.01215	0.00719	0.00770	0.01321	0.01906	0.02607	0.28803	0.41979	0.09176	0.02221	0.01025	0.00305	0.00443	0.01993	0.00828	0.00719
7	0.12909	0.02016	0.01973	0.01653	0.02144	0.07506	0.01312	0.36094	0.02928	0.04082	0.02378	0.16655	0.02197	0.01302	0.00830	0.00267	0.00832	0.01038	0.00740	0.01144
8	0.01083	0.00934	0.01103	0.10688	0.01797	0.00874	0.00886	0.01358	0.01898	0.02317	0.12131	0.07010	0.51229	0.01886	0.00960	0.00278	0.00518	0.01586	0.00725	0.00740
9	0.02328	0.25264	0.18388	0.01810	0.02546	0.02450	0.01842	0.15639	0.02192	0.08216	0.01652	0.01849	0.01281	0.01190	0.04696	0.00301	0.06027	0.00630	0.00519	0.01179
10	0.00997	0.00782	0.00903	0.00999	0.01163	0.00688	0.00701	0.01174	0.01742	0.02182	0.06498	0.39108	0.35409	0.02353	0.01021	0.00309	0.00451	0.02057	0.00771	0.00688
11	0.02215	0.02025	0.03245	0.04638	0.56504	0.02061	0.02409	0.11271	0.02183	0.03079	0.01625	0.02047	0.01330	0.00777	0.00824	0.00247	0.00976	0.00741	0.00472	0.01330
12	0.01887	0.01808	0.03126	0.14561	0.47198	0.01853	0.06013	0.02373	0.01835	0.02569	0.01809	0.07810	0.01630	0.00908	0.00853	0.00261	0.00988	0.00890	0.00435	0.01189
13	0.01954	0.01553	0.01657	0.01491	0.01932	0.01708	0.01160	0.03689	0.46086	0.07832	0.04464	0.04140	0.16097	0.01331	0.00874	0.00280	0.00610	0.01108	0.00843	0.01189
14	0.01748	0.14125	0.57385	0.02229	0.03381	0.02128	0.02828	0.02610	0.01744	0.02532	0.01442	0.01692	0.01054	0.00778	0.00752	0.00251	0.01178	0.00589	0.00351	0.01204
15	0.02046	0.01462	0.01760	0.01527	0.01882	0.01525	0.03243	0.26027	0.02590	0.06199	0.07666	0.28252	0.03556	0.06789	0.01184	0.00326	0.00714	0.01455	0.00785	0.01012
16	0.01006	0.00813	0.00894	0.00936	0.01152	0.00702	0.00678	0.01215	0.01857	0.02305	0.12230	0.23177	0.45746	0.02193	0.01001	0.00293	0.00433	0.01882	0.00783	0.00702
17	0.02015	0.01932	0.03298	0.10440	0.60600	0.01963	0.02529	0.02514	0.01872	0.02664	0.01555	0.02069	0.01298	0.00748	0.00823	0.00249	0.00997	0.00740	0.00408	0.01283
18	0.01952	0.06229	0.49367	0.02244	0.03282	0.02127	0.02678	0.12937	0.02092	0.03016	0.01541	0.01784	0.01117	0.00863	0.00905	0.00264	0.05299	0.00638	0.00434	0.01234
19	0.01905	0.05350	0.11835	0.04843	0.02994	0.07084	0.15910	0.02337	0.01611	0.02240	0.01363	0.01941	0.01167	0.01305	0.04655	0.00352	0.30971	0.00751	0.00383	0.01005
20	0.01012	0.00723	0.00964	0.01157	0.01205	0.00675	0.00771	0.01157	0.01591	0.02121	0.04579	0.70262	0.05495	0.02603	0.01060	0.00337	0.00482	0.02362	0.00771	0.00675
21	0.02272	0.02424	0.02843	0.12898	0.34646	0.19653	0.02152	0.02861	0.07457	0.02514	0.01635	0.02019	0.01328	0.00818	0.00806	0.00245	0.01113	0.00702	0.00448	0.01166
22	0.02329	0.02512	0.07736	0.02858	0.13934	0.16628	0.18840	0.02946	0.06510	0.09015	0.02337	0.02551	0.06104	0.00916	0.00862	0.00256	0.01142	0.00851	0.00533	0.01140
23	0.01020	0.00768	0.00920	0.01034	0.01152	0.00695	0.00703	0.01173	0.01654	0.02115	0.05634	0.44639	0.24407	0.08441	0.01314	0.00360	0.00491	0.02066	0.00748	0.00668
24	0.02920	0.02564	0.02230	0.06799	0.02630	0.25390	0.01528	0.18877	0.07157	0.14094	0.02039	0.02135	0.01501	0.01267	0.04857	0.00308	0.01163	0.00709	0.00664	0.01168
25	0.09962	0.02333	0.08197	0.03223	0.25646	0.10298	0.06995	0.02503	0.01749	0.02552	0.01414	0.01893	0.01194	0.01089	0.03419	0.00308	0.15018	0.00695	0.00411	0.01102
26	0.01862	0.01033	0.01270	0.01148	0.01491	0.00924	0.00881	0.02226	0.04867	0.20873	0.17236	0.14947	0.24445	0.01744	0.00945	0.00278	0.00517	0.01492	0.00876	0.00946
27	0.01037	0.00842	0.00924	0.00943	0.01188	0.00729	0.00713	0.01281	0.01939	0.02409	0.16063	0.12376	0.48350	0.02095	0.00999	0.00289	0.00445	0.05870	0.00792	0.00716
28	0.06317	0.02368	0.07980	0.02285	0.02724	0.13281	0.14879	0.02595	0.06930	0.02416	0.01597	0.02079	0.01332	0.01559	0.08236	0.00399	0.20817	0.00758	0.00443	0.01006
29	0.03059	0.08277	0.02551	0.02004	0.02539	0.39120	0.01582	0.24969	0.02872	0.03195	0.01534	0.01667	0.01195	0.00897	0.00763	0.00224	0.01241	0.00606	0.00570	0.01135
30	0.01666	0.04297	0.66500	0.02368	0.03596	0.01929	0.03069	0.02631	0.01754	0.02631	0.01491	0.01754	0.01052	0.00789	0.00789	0.00263	0.01228	0.00614	0.00351	0.01228
31	0.01194	0.00799	0.00910	0.00924	0.00928	0.00796	0.00523	0.01204	0.01236	0.01648	0.02761	0.10166	0.03201	0.65829	0.03997	0.00771	0.00782	0.01292	0.00523	0.00516
32	0.57935	0.01975	0.01528	0.01351	0.01822	0.10911	0.01093	0.05130	0.01639	0.03433	0.01205	0.01432	0.00959	0.00843	0.00723	0.00259	0.05831	0.00495	0.00505	0.00931
33	0.01278	0.00953	0.01371	0.01344	0.01510	0.01100	0.01042	0.04285	0.01448	0.02067	0.02230	0.03292	0.02084	0.08578	0.61921	0.01264	0.02108	0.00896	0.00465	0.00763
34	0.01206	0.00813	0.00945	0.00945	0.00959	0.00827	0.00552	0.01233	0.01220	0.01640	0.02582	0.05239	0.02935	0.64941	0.09975	0.00853	0.00934	0.01179	0.00498	0.00525
35	0.01549	0.00774	0.00774	0.00774	0.00968	0.00774	0.00581	0.01936	0.01742	0.03097	0.02710	0.03097	0.02129	0.00968	0.00581	0.00194	0.00387	0.00774	0.75416	0.00774
36	0.18247	0.01988	0.07835	0.11420	0.03073	0.01821	0.12491	0.10371	0.02005	0.05681	0.01585	0.01887	0.01188	0.00776	0.00741	0.00236	0.00927	0.00663	0.00520	0.16546
37	0.06967	0.02708	0.02218	0.10475	0.02794	0.28614	0.01561	0.21975	0.02667	0.03185	0.02156	0.02312	0.06822	0.01003	0.00793	0.00242	0.01117	0.00732	0.00585	0.01075
38	0.09850	0.15739	0.14443	0.02823	0.21376	0.17528	0.02044	0.02721	0.01889	0.02501	0.01367	0.01665	0.01122	0.00774	0.00714	0.00230	0.01096	0.00585	0.00404	0.01129
39	0.22589	0.02894	0.02091	0.04632	0.06026	0.36532	0.01478	0.07319	0.02129	0.02761	0.01358	0.01615	0.01099	0.01018	0.02955	0.00270	0.01206	0.00560	0.00478	0.00990
40	0.07775	0.05736	0.02141	0.13696	0.16653	0.05314	0.01555	0.02116	0.01999	0.02832	0.25224	0.03726	0.03753	0.01169	0.00846	0.00256	0.00775	0.02862	0.00608	0.00964
41	0.02212	0.02884	0.17510	0.02882	0.20820	0.16518	0.02114	0.08259	0.07295	0.02797	0.02232	0.02426	0.06524	0.00944	0.00814	0.00249	0.01077	0.00765	0.00504	0.01175
42	0.01458	0.01206	0.01293	0.01199	0.01491	0.04126	0.00920	0.08342	0.05735	0.02849	0.20013	0.07727	0.26489	0.02383	0.10571	0.00424	0.00794	0.01375	0.00754	0.00852
43	0.02738	0.02431	0.04701	0.01755	0.02346	0.16138	0.01438	0.29095	0.02844	0.08266	0.02139	0.02341	0.03999	0.04968	0.00985	0.00259	0.00972	0.00736	0.00673	0.11176
44	0.01439	0.01530	0.08639	0.01891	0.09059	0.01192	0.07456	0.01768	0.01631	0.02266	0.03037	0.18086	0.07949	0.18093	0.01690	0.00391	0.00802	0.01266	0.00547	0.11267
45	0.08451	0.31018	0.11564	0.01648	0.02327	0.11487	0.01582	0.10240	0.04171	0.02691	0.01935	0.02048	0.05879	0.00899	0.00677	0.00221	0.00958	0.00632	0.00485	0.01085

[dist]
# distance from previous block
# <min> <max>
1	8

[block]
# block no. 1 follows, 22 sequences, length 78
# corresponding to MSA columns:
# 54-131
name=unknown_B
#
# <colnr> <probs for GDERKNQSTAVLIFYWHMCP>
#	G	D	E	R	K	N	Q	S	T	A	V	L	I	F	Y	W	H	M	C	P
0	0.02105	0.14759	0.02381	0.01582	0.02059	0.02074	0.01337	0.19508	0.05245	0.03128	0.02580	0.06000	0.07008	0.01491	0.04474	0.00309	0.08370	0.05478	0.00620	0.09494
1	0.02758	0.30528	0.03159	0.01835	0.02396	0.36355	0.01530	0.08178	0.02225	0.02281	0.01295	0.01476	0.01098	0.00811	0.00671	0.00203	0.01205	0.00518	0.00434	0.01043
2	0.01805	0.16767	0.30392	0.02123	0.08854	0.02027	0.02110	0.07046	0.01949	0.02634	0.02773	0.02892	0.13199	0.01032	0.00780	0.00246	0.00959	0.00817	0.00474	0.01119
3	0.01191	0.00798	0.00911	0.00927	0.00931	0.00794	0.00526	0.01204	0.01241	0.01654	0.02784	0.10939	0.03230	0.65016	0.03959	0.00766	0.00778	0.01306	0.00526	0.00518
4	0.02962	0.18742	0.02909	0.01773	0.02448	0.02679	0.01524	0.45563	0.03302	0.07443	0.01857	0.01877	0.01362	0.00930	0.00760	0.00233	0.00898	0.00680	0.00727	0.01330
5	0.02003	0.01936	0.03266	0.09930	0.42878	0.01993	0.10076	0.02810	0.11323	0.02771	0.01846	0.02252	0.01476	0.00802	0.00847	0.00259	0.01001	0.00801	0.00475	0.01256
6	0.02861	0.02179	0.02326	0.01851	0.02463	0.02437	0.01507	0.46943	0.20299	0.04756	0.02372	0.02295	0.01719	0.01033	0.00835	0.00258	0.00844	0.00800	0.00835	0.01386
7	0.01486	0.01235	0.01445	0.04569	0.04878	0.01220	0.01056	0.06903	0.11486	0.02782	0.08421	0.10812	0.29407	0.01648	0.00917	0.00271	0.00587	0.03345	0.00736	0.06793
8	0.01198	0.00749	0.00979	0.01055	0.01074	0.00730	0.00671	0.01152	0.01323	0.01764	0.03056	0.30158	0.03547	0.24600	0.02700	0.21966	0.00654	0.01524	0.00568	0.00530
9	0.02505	0.02639	0.02463	0.05984	0.17635	0.28234	0.01818	0.11786	0.02373	0.02755	0.01964	0.02998	0.01774	0.01078	0.00846	0.00257	0.01152	0.10122	0.00536	0.01081
10	0.01882	0.01947	0.01871	0.17541	0.02829	0.16935	0.01407	0.02473	0.09700	0.02429	0.05251	0.03414	0.14867	0.01133	0.00815	0.00238	0.00898	0.00913	0.00564	0.12894
11	0.01065	0.00752	0.00942	0.01071	0.01118	0.00712	0.00690	0.01173	0.01500	0.01986	0.04235	0.49061	0.07918	0.21476	0.01934	0.00464	0.00568	0.02010	0.00697	0.00629
12	0.01290	0.01036	0.01320	0.01308	0.01448	0.04455	0.00982	0.01535	0.01368	0.01883	0.02239	0.03519	0.02175	0.16257	0.53941	0.01192	0.01961	0.00922	0.00453	0.00715
13	0.02548	0.01943	0.02086	0.01735	0.02271	0.02177	0.01382	0.27839	0.34152	0.07069	0.02783	0.02743	0.02081	0.04117	0.00987	0.00290	0.00770	0.00869	0.00833	0.01324
14	0.03158	0.02327	0.02493	0.01911	0.02576	0.02576	0.01579	0.62852	0.03906	0.05236	0.01995	0.01995	0.01413	0.00997	0.00831	0.00249	0.00914	0.00748	0.00831	0.01413
15	0.01443	0.00722	0.01082	0.01082	0.01082	0.00722	0.00722	0.01082	0.01082	0.01443	0.01443	0.02525	0.01443	0.02886	0.03247	0.75830	0.00722	0.00722	0.00361	0.00361
16	0.01700	0.01611	0.02729	0.51645	0.21858	0.01880	0.02372	0.02238	0.01723	0.02282	0.01500	0.02172	0.01164	0.00806	0.00828	0.00269	0.01075	0.00739	0.00380	0.01029
17	0.01277	0.00912	0.01268	0.01460	0.01624	0.00903	0.01232	0.01615	0.01852	0.02417	0.04432	0.20831	0.04915	0.02353	0.01131	0.00374	0.00712	0.49177	0.00766	0.00748
18	0.01789	0.19075	0.52794	0.02159	0.03273	0.02229	0.02706	0.02599	0.01739	0.02482	0.01417	0.01661	0.01055	0.00772	0.00733	0.00244	0.01153	0.00576	0.00352	0.01192
19	0.02221	0.71304	0.04353	0.01421	0.02132	0.03287	0.01421	0.02488	0.01688	0.01955	0.01155	0.01333	0.01066	0.00711	0.00533	0.00178	0.00888	0.00444	0.00355	0.01066
20	0.01130	0.00773	0.00929	0.01006	0.01025	0.00753	0.00610	0.01188	0.01360	0.01814	0.03399	0.31252	0.04006	0.43644	0.02967	0.00619	0.00677	0.01667	0.00610	0.00572
21	0.02672	0.06479	0.02270	0.01779	0.02307	0.13775	0.01427	0.22383	0.20301	0.08655	0.02334	0.02347	0.01755	0.01405	0.06032	0.00334	0.01029	0.00764	0.00720	0.01231
22	0.02218	0.02504	0.02392	0.21186	0.06224	0.28050	0.01842	0.02542	0.01848	0.02075	0.01393	0.01934	0.01179	0.01401	0.06671	0.00354	0.14182	0.00668	0.00400	0.00939
23	0.01169	0.00798	0.00965	0.01035	0.01067	0.00785	0.00658	0.01245	0.01380	0.01834	0.03320	0.23199	0.03858	0.45728	0.03074	0.00638	0.00715	0.07356	0.00601	0.00575
24	0.02680	0.36296	0.03314	0.01795	0.02359	0.36651	0.01517	0.02919	0.02034	0.01995	0.01222	0.01419	0.01068	0.00786	0.00645	0.00197	0.01205	0.00491	0.00393	0.01013
25	0.12703	0.00913	0.00987	0.01022	0.01187	0.00906	0.00707	0.01422	0.01616	0.02415	0.11516	0.26421	0.14506	0.18044	0.01693	0.00416	0.00561	0.01594	0.00686	0.00687
26	0.11685	0.02169	0.02697	0.08934	0.32264	0.09972	0.01999	0.11635	0.05403	0.03123	0.01629	0.01958	0.01294	0.00824	0.00778	0.00249	0.00988	0.00690	0.00507	0.01202
27	0.06926	0.02353	0.02462	0.02031	0.05505	0.05694	0.01591	0.53941	0.03605	0.04881	0.01896	0.01940	0.01365	0.00966	0.00810	0.00248	0.00932	0.00722	0.00775	0.01359
28	0.01239	0.00880	0.01032	0.00974	0.01238	0.00771	0.00738	0.01539	0.02134	0.06643	0.34287	0.06855	0.34935	0.01851	0.00972	0.00270	0.00425	0.01582	0.00853	0.00783
29	0.01051	0.00773	0.00968	0.01107	0.01209	0.00715	0.00771	0.01217	0.01647	0.02136	0.05161	0.47377	0.17037	0.08014	0.01310	0.00368	0.00521	0.07194	0.00749	0.00674
30	0.02618	0.13189	0.02813	0.10909	0.09821	0.29359	0.01776	0.12406	0.02321	0.02617	0.01426	0.01718	0.01157	0.00864	0.00824	0.00232	0.03789	0.00611	0.00470	0.01082
31	0.00982	0.00842	0.00842	0.00842	0.01122	0.00701	0.00631	0.01192	0.01894	0.02244	0.08416	0.07995	0.65285	0.02104	0.00982	0.00281	0.00421	0.01753	0.00771	0.00701
32	0.01104	0.00789	0.01065	0.01237	0.01331	0.00751	0.00908	0.01325	0.01730	0.02308	0.09550	0.50432	0.05518	0.02454	0.01074	0.00342	0.00542	0.16052	0.00782	0.00705
33	0.01900	0.02464	0.18323	0.12630	0.43127	0.01947	0.02642	0.02514	0.01829	0.02618	0.01534	0.02004	0.01226	0.00764	0.00816	0.00255	0.01060	0.00710	0.00391	0.01244
34	0.01569	0.01477	0.02492	0.68808	0.05722	0.01846	0.02307	0.02123	0.01661	0.02123	0.01477	0.02215	0.01107	0.00831	0.00831	0.00277	0.01107	0.00738	0.00369	0.00923
35	0.03103	0.03959	0.02354	0.02140	0.02568	0.67469	0.01605	0.03317	0.02354	0.02033	0.01284	0.01498	0.01070	0.00856	0.00749	0.00214	0.01498	0.00535	0.00428	0.00963
36	0.01937	0.02012	0.03189	0.02314	0.03073	0.06755	0.28498	0.02442	0.01878	0.02634	0.01552	0.01936	0.01231	0.00672	0.00788	0.00200	0.01035	0.00713	0.00455	0.36685
37	0.01190	0.00877	0.01267	0.01267	0.01391	0.01001	0.00953	0.01440	0.01315	0.01878	0.02288	0.03610	0.02227	0.16537	0.57412	0.01251	0.01999	0.00941	0.00454	0.00704
38	0.01158	0.00841	0.01046	0.00998	0.01173	0.00777	0.00721	0.01465	0.02114	0.02926	0.48374	0.06298	0.13975	0.12777	0.01499	0.00350	0.00461	0.01486	0.00832	0.00729
39	0.01263	0.00922	0.01239	0.01393	0.01587	0.00897	0.01184	0.01609	0.01911	0.02471	0.07763	0.12750	0.13071	0.02260	0.01112	0.00360	0.00684	0.45999	0.00773	0.00752
40	0.15729	0.01197	0.01204	0.01106	0.01384	0.01287	0.00816	0.06835	0.09782	0.02938	0.05780	0.03757	0.07470	0.17839	0.01675	0.04087	0.00631	0.00947	0.14709	0.00827
41	0.01827	0.01129	0.01190	0.01060	0.01312	0.01184	0.00785	0.15370	0.02098	0.03220	0.02528	0.03409	0.02182	0.17639	0.01507	0.00352	0.00605	0.00872	0.40878	0.00852
42	0.01102	0.00819	0.00951	0.00957	0.01108	0.00750	0.00658	0.01298	0.01799	0.02365	0.22448	0.14814	0.24422	0.20670	0.01871	0.00425	0.00525	0.01613	0.00739	0.00668
43	0.01335	0.00984	0.01353	0.01321	0.01487	0.01109	0.01003	0.06409	0.01550	0.02177	0.02434	0.08653	0.02395	0.12613	0.49937	0.01111	0.01826	0.01029	0.00508	0.00765
44	0.01208	0.00805	0.00906	0.00906	0.00906	0.00805	0.00503	0.01208	0.01208	0.01611	0.02618	0.05436	0.03020	0.70804	0.04228	0.00805	0.00805	0.01208	0.00503	0.00503
45	0.01009	0.00736	0.00951	0.01122	0.01196	0.00678	0.00756	0.01161	0.01624	0.02134	0.05000	0.63424	0.12061	0.02548	0.01052	0.00331	0.00475	0.02295	0.00771	0.00678
46	0.07370	0.00900	0.01015	0.01029	0.01243	0.00853	0.00755	0.01557	0.01800	0.05477	0.13684	0.21162	0.21353	0.07945	0.01216	0.00332	0.00510	0.04438	0.06613	0.00747
47	0.00994	0.00832	0.00865	0.00877	0.01135	0.00703	0.00650	0.01208	0.01891	0.02287	0.10889	0.12962	0.57614	0.02125	0.00988	0.00284	0.00424	0.01790	0.00778	0.00703
48	0.01208	0.00805	0.00906	0.00906	0.00906	0.00805	0.00503	0.01208	0.01208	0.01611	0.02618	0.05436	0.03020	0.70804	0.04228	0.00805	0.00805	0.01208	0.00503	0.00503
49	0.02152	0.01708	0.01818	0.01557	0.02036	0.01863	0.01245	0.23839	0.25277	0.03745	0.04150	0.04191	0.17229	0.01372	0.00888	0.00275	0.00696	0.03965	0.00819	0.01176
50	0.07599	0.00862	0.00838	0.00828	0.01052	0.00850	0.00613	0.01738	0.01706	0.02820	0.03935	0.04320	0.17174	0.07150	0.00981	0.00272	0.00452	0.01018	0.45049	0.00744
51	0.01093	0.00841	0.01000	0.00970	0.01193	0.00747	0.00724	0.01405	0.02142	0.02858	0.40590	0.09459	0.30187	0.01893	0.00984	0.00272	0.00407	0.01635	0.00853	0.00747
52	0.01187	0.00890	0.01335	0.01335	0.01483	0.01038	0.01038	0.01483	0.01335	0.01928	0.02225	0.03264	0.02077	0.06231	0.67512	0.01335	0.02225	0.00890	0.00445	0.00742
53	0.01087	0.00765	0.00931	0.01032	0.01080	0.00729	0.00654	0.01180	0.01464	0.01929	0.04114	0.39557	0.09369	0.29549	0.02308	0.00518	0.00605	0.01856	0.00665	0.00609
54	0.01511	0.01084	0.01265	0.01263	0.01490	0.01103	0.00910	0.04884	0.14883	0.06427	0.04455	0.35597	0.11882	0.07701	0.01243	0.00348	0.00572	0.01722	0.00783	0.00878
55	0.02501	0.02001	0.02123	0.01779	0.02326	0.02269	0.01420	0.27686	0.40142	0.04176	0.02829	0.02659	0.02089	0.01075	0.00840	0.00269	0.00760	0.00863	0.00840	0.01354
56	0.01084	0.00753	0.00943	0.01064	0.01095	0.00723	0.00672	0.01176	0.01449	0.01933	0.03855	0.46338	0.04581	0.27772	0.02229	0.00510	0.00601	0.01936	0.00672	0.00612
57	0.01042	0.00801	0.00890	0.00942	0.01094	0.00718	0.00639	0.01186	0.01653	0.02064	0.06033	0.24266	0.34667	0.18155	0.01755	0.00418	0.00526	0.01792	0.00709	0.00648
58	0.01012	0.00723	0.00964	0.01157	0.01205	0.00675	0.00771	0.01157	0.01591	0.02121	0.04579	0.70262	0.05495	0.02603	0.01060	0.00337	0.00482	0.02362	0.00771	0.00675
59	0.01187	0.00890	0.01335	0.01335	0.01483	0.01038	0.01038	0.01483	0.01335	0.01928	0.02225	0.03264	0.02077	0.06231	0.67512	0.01335	0.02225	0.00890	0.00445	0.00742
60	0.02241	0.01871	0.01977	0.01726	0.02227	0.02148	0.01357	0.13741	0.54511	0.03756	0.03160	0.02923	0.02357	0.01106	0.00843	0.00277	0.00698	0.00909	0.00843	0.01331
61	0.02202	0.02251	0.03230	0.04687	0.56835	0.11101	0.02418	0.02657	0.01956	0.02619	0.01524	0.01978	0.01282	0.00756	0.00812	0.00242	0.01058	0.00712	0.00414	0.01267
62	0.01495	0.00772	0.00825	0.00825	0.00973	0.00772	0.00587	0.01751	0.01603	0.02730	0.02559	0.03326	0.02165	0.09893	0.01329	0.08577	0.00476	0.00823	0.57825	0.00695
63	0.01444	0.00940	0.01070	0.01014	0.01159	0.00921	0.00664	0.01713	0.06421	0.07218	0.08051	0.05482	0.12632	0.44410	0.02967	0.00602	0.00698	0.01260	0.00642	0.00691
64	0.01714	0.01625	0.02754	0.49820	0.23574	0.01884	0.02379	0.02250	0.01730	0.02299	0.01502	0.02168	0.01170	0.00804	0.00828	0.00268	0.01072	0.00739	0.00382	0.01040
65	0.01858	0.01832	0.02503	0.43897	0.12767	0.08362	0.02123	0.02636	0.11024	0.02392	0.01751	0.02255	0.01343	0.00865	0.00824	0.00267	0.01063	0.00748	0.00451	0.01037
66	0.01121	0.00853	0.01049	0.01174	0.01318	0.00815	0.00847	0.01469	0.06314	0.02288	0.05260	0.45516	0.17507	0.02356	0.01038	0.00327	0.00515	0.08720	0.00776	0.00738
67	0.00999	0.00776	0.00910	0.01017	0.01168	0.00687	0.00709	0.01173	0.01725	0.02176	0.06283	0.42609	0.32048	0.02381	0.01025	0.00312	0.00455	0.02091	0.00771	0.00687
68	0.02016	0.01933	0.03299	0.10370	0.60667	0.01963	0.02529	0.02514	0.01873	0.02665	0.01556	0.02069	0.01299	0.00748	0.00823	0.00249	0.00997	0.00740	0.00408	0.01283
69	0.02143	0.01628	0.02371	0.02982	0.29040	0.01631	0.01715	0.12832	0.02286	0.10113	0.07890	0.13635	0.05584	0.01256	0.00884	0.00266	0.00787	0.01121	0.00668	0.01169
70	0.01163	0.00789	0.00928	0.00953	0.01039	0.00743	0.00615	0.01173	0.01429	0.01825	0.04299	0.13966	0.20757	0.29691	0.02712	0.14716	0.00639	0.01420	0.00587	0.00555
71	0.01851	0.01427	0.01791	0.17256	0.02651	0.01605	0.01347	0.11442	0.11941	0.05748	0.03108	0.06161	0.09651	0.12122	0.01474	0.00359	0.04147	0.01035	0.03912	0.00973
72	0.02176	0.01782	0.01426	0.01282	0.01606	0.16977	0.00984	0.11988	0.02234	0.03185	0.02256	0.02540	0.01762	0.00946	0.00661	0.00207	0.00736	0.00713	0.45618	0.00921
73	0.02161	0.01788	0.02609	0.13661	0.30844	0.01906	0.01966	0.16774	0.02312	0.03284	0.01835	0.02233	0.01436	0.00852	0.00787	0.00244	0.00893	0.00747	0.12476	0.01191
74	0.01720	0.01377	0.01666	0.08814	0.02189	0.01543	0.01231	0.05315	0.21582	0.02858	0.02746	0.03031	0.04903	0.02042	0.13427	0.00454	0.04311	0.00863	0.12562	0.07365
75	0.01664	0.01145	0.01486	0.01884	0.16502	0.01156	0.01112	0.02216	0.06682	0.02966	0.02952	0.03247	0.07094	0.01018	0.00692	0.00220	0.00554	0.00859	0.45610	0.00940
76	0.02258	0.02217	0.02557	0.26249	0.15193	0.14796	0.01990	0.12044	0.09252	0.02846	0.01750	0.02112	0.01347	0.00878	0.00815	0.00255	0.01081	0.00723	0.00513	0.01122
77	0.02095	0.05290	0.05013	0.18467	0.19242	0.14691	0.04168	0.05053	0.07048	0.02529	0.02174	0.02497	0.06316	0.00932	0.00817	0.00252	0.01060	0.00787	0.00480	0.01089

[dist]
# distance from previous block
# <min> <max>
7	117

[block]
# block no. 2 follows, 22 sequences, length 72
# corresponding to MSA columns:
# 249-320
name=unknown_C
#
# <colnr> <probs for GDERKNQSTAVLIFYWHMCP>
#	G	D	E	R	K	N	Q	S	T	A	V	L	I	F	Y	W	H	M	C	P
0	0.02018	0.11086	0.24755	0.05998	0.02887	0.16383	0.02112	0.02508	0.01769	0.02236	0.01556	0.06689	0.01392	0.01055	0.01137	0.00268	0.13982	0.00733	0.00402	0.01033
1	0.05702	0.06997	0.12576	0.02164	0.07613	0.21960	0.01794	0.16760	0.02482	0.08974	0.01727	0.01864	0.01289	0.00877	0.00760	0.00235	0.01096	0.00641	0.03316	0.01175
2	0.01707	0.13695	0.52298	0.02149	0.03213	0.02036	0.02670	0.02515	0.01744	0.02507	0.01682	0.04760	0.01381	0.00911	0.00777	0.00258	0.01130	0.03016	0.00385	0.01164
3	0.02611	0.07153	0.07731	0.02743	0.11147	0.39028	0.12620	0.03005	0.02144	0.02272	0.01399	0.01712	0.01134	0.00800	0.00791	0.00232	0.01361	0.00641	0.00415	0.01062
4	0.02450	0.02310	0.02789	0.15684	0.26037	0.12994	0.02072	0.19674	0.02496	0.03204	0.01623	0.01976	0.01263	0.00849	0.00814	0.00248	0.01074	0.00708	0.00525	0.01211
5	0.02361	0.25210	0.07483	0.06684	0.02635	0.21918	0.01634	0.03166	0.16398	0.02392	0.01758	0.01887	0.01411	0.00865	0.00710	0.00226	0.01057	0.00620	0.00492	0.01094
6	0.05880	0.01134	0.01189	0.01138	0.01393	0.05605	0.00850	0.01783	0.02081	0.07435	0.31085	0.16611	0.17163	0.01767	0.00940	0.00274	0.00530	0.01517	0.00813	0.00815
7	0.01470	0.01128	0.01257	0.01207	0.01483	0.01118	0.00906	0.12977	0.04796	0.02811	0.05449	0.25970	0.27554	0.04268	0.01085	0.00314	0.00569	0.04011	0.00777	0.00849
8	0.02060	0.03035	0.25709	0.07835	0.14855	0.10292	0.13789	0.02796	0.04409	0.04906	0.01653	0.01994	0.01242	0.00798	0.00833	0.00259	0.01200	0.00726	0.00431	0.01178
9	0.02580	0.08105	0.02178	0.01792	0.02222	0.44644	0.01378	0.06093	0.02291	0.02251	0.02868	0.02929	0.15078	0.01125	0.00789	0.00228	0.01187	0.00806	0.00520	0.00938
10	0.01214	0.00909	0.01134	0.01081	0.01296	0.00864	0.00809	0.01719	0.06776	0.03176	0.52147	0.09907	0.12329	0.01745	0.00975	0.00269	0.00419	0.01534	0.00889	0.00809
11	0.01637	0.01497	0.02393	0.08676	0.36573	0.01494	0.01867	0.02028	0.01831	0.02485	0.03361	0.13373	0.13415	0.01344	0.00904	0.00276	0.00811	0.04439	0.00543	0.01053
12	0.02150	0.02152	0.03281	0.04834	0.59969	0.07846	0.02465	0.02618	0.01933	0.02653	0.01538	0.02006	0.01294	0.00751	0.00816	0.00244	0.01033	0.00722	0.00413	0.01284
13	0.01597	0.01500	0.02458	0.44190	0.18977	0.01710	0.02121	0.02087	0.01748	0.02278	0.02498	0.03012	0.10422	0.00993	0.00851	0.00270	0.00980	0.00885	0.00437	0.00982
14	0.08951	0.01309	0.01462	0.01295	0.01607	0.01355	0.00969	0.16026	0.02121	0.10871	0.03027	0.12691	0.05409	0.23537	0.01939	0.00449	0.00742	0.04621	0.00708	0.00911
15	0.01520	0.01075	0.01418	0.01634	0.10488	0.01122	0.00997	0.05261	0.01617	0.02398	0.02365	0.03729	0.02267	0.26282	0.16475	0.00665	0.01050	0.00943	0.17905	0.00789
16	0.02588	0.02886	0.02144	0.05280	0.02476	0.39386	0.01505	0.11399	0.02306	0.02474	0.01615	0.02016	0.01355	0.02124	0.16280	0.00483	0.01563	0.00658	0.00487	0.00974
17	0.01037	0.00823	0.00867	0.00883	0.01079	0.00723	0.00613	0.01193	0.01709	0.02087	0.06742	0.12692	0.45735	0.18111	0.01743	0.00407	0.00515	0.01678	0.00709	0.00653
18	0.01102	0.00855	0.01021	0.01089	0.01303	0.00773	0.00852	0.01370	0.01912	0.02424	0.13928	0.17115	0.33920	0.02174	0.01035	0.00313	0.00514	0.16786	0.00788	0.00724
19	0.01864	0.01559	0.01681	0.01550	0.01964	0.01735	0.01227	0.06994	0.42580	0.03255	0.04222	0.04633	0.12580	0.01427	0.00906	0.00293	0.00650	0.08906	0.00822	0.01152
20	0.01604	0.01559	0.01557	0.01510	0.01720	0.15510	0.01162	0.01883	0.01557	0.01951	0.02020	0.02879	0.01858	0.05060	0.52968	0.01091	0.02067	0.00813	0.00441	0.00790
21	0.01744	0.01191	0.01376	0.01253	0.01520	0.01215	0.00930	0.16729	0.02303	0.05490	0.14538	0.21470	0.07130	0.11675	0.01396	0.00352	0.00617	0.01426	0.06755	0.00889
22	0.01492	0.01073	0.01163	0.01064	0.01238	0.01085	0.00715	0.11730	0.01818	0.02368	0.03774	0.05406	0.16310	0.43920	0.02941	0.00596	0.00740	0.01248	0.00618	0.00702
23	0.01015	0.00777	0.00932	0.01032	0.01178	0.00694	0.00721	0.01205	0.01766	0.02269	0.11131	0.42076	0.27532	0.02344	0.01025	0.00310	0.00452	0.02066	0.00783	0.00694
24	0.02028	0.01281	0.01354	0.01168	0.01534	0.01336	0.00923	0.18302	0.05824	0.06374	0.03338	0.03441	0.10333	0.01138	0.00727	0.00228	0.00561	0.00909	0.38209	0.00993
25	0.01984	0.01301	0.01404	0.01201	0.01544	0.01349	0.00927	0.20815	0.02432	0.05785	0.07707	0.03928	0.10760	0.10639	0.01244	0.00312	0.00625	0.01008	0.24083	0.00952
26	0.01069	0.00747	0.00947	0.01084	0.01118	0.00713	0.00693	0.01172	0.01479	0.01972	0.04008	0.51408	0.04775	0.22438	0.01982	0.00473	0.00576	0.02026	0.00693	0.00625
27	0.01011	0.00728	0.00959	0.01144	0.01202	0.00676	0.00766	0.01158	0.01603	0.02126	0.04731	0.67793	0.07866	0.02583	0.01057	0.00335	0.00480	0.02338	0.00771	0.00676
28	0.01532	0.00918	0.00990	0.00970	0.01187	0.00917	0.00722	0.07362	0.01953	0.03048	0.06166	0.16268	0.08313	0.01408	0.00746	0.00236	0.00457	0.01187	0.44812	0.00809
29	0.06935	0.00901	0.01036	0.01003	0.01187	0.00882	0.00711	0.01748	0.01779	0.07227	0.19517	0.13426	0.04222	0.17846	0.01626	0.00385	0.00541	0.01266	0.17007	0.00754
30	0.01012	0.00723	0.00964	0.01157	0.01205	0.00675	0.00771	0.01157	0.01591	0.02121	0.04579	0.70262	0.05495	0.02603	0.01060	0.00337	0.00482	0.02362	0.00771	0.00675
31	0.01028	0.00819	0.00926	0.00988	0.01195	0.00718	0.00729	0.01244	0.01842	0.02293	0.10445	0.24502	0.41591	0.02226	0.01015	0.00302	0.00461	0.06193	0.00779	0.00704
32	0.12560	0.01208	0.01288	0.01196	0.01492	0.01263	0.00890	0.09468	0.06895	0.07481	0.03330	0.18993	0.07412	0.11470	0.01307	0.00349	0.00618	0.01245	0.10645	0.00892
33	0.01647	0.01212	0.01428	0.01365	0.01613	0.01262	0.01021	0.15829	0.06787	0.03089	0.11605	0.32054	0.04401	0.07006	0.01220	0.00341	0.00628	0.05803	0.00789	0.00901
34	0.76672	0.01607	0.01221	0.01092	0.01607	0.01864	0.00900	0.02442	0.01414	0.03727	0.01157	0.01350	0.00900	0.00771	0.00514	0.00257	0.00643	0.00450	0.00514	0.00900
35	0.01654	0.01190	0.01278	0.01120	0.01504	0.01128	0.00879	0.13973	0.02364	0.08024	0.09560	0.06272	0.44348	0.01772	0.00939	0.00271	0.00543	0.01463	0.00811	0.00907
36	0.01514	0.00981	0.01231	0.01205	0.01319	0.01042	0.00833	0.01882	0.15797	0.02002	0.02354	0.09364	0.02301	0.12257	0.02628	0.40437	0.00697	0.00995	0.00532	0.00632
37	0.11325	0.01019	0.01154	0.01121	0.01289	0.01123	0.00796	0.01782	0.06659	0.02255	0.02373	0.03854	0.02341	0.30566	0.22814	0.00809	0.01182	0.00955	0.05863	0.00718
38	0.01138	0.00859	0.01079	0.01208	0.01392	0.00800	0.00961	0.01403	0.01823	0.02313	0.05762	0.24579	0.24796	0.02311	0.01071	0.00337	0.00579	0.26099	0.00769	0.00721
39	0.01613	0.01396	0.01711	0.01536	0.01676	0.04818	0.01209	0.01818	0.01580	0.05327	0.07961	0.03964	0.13586	0.10875	0.11267	0.00518	0.26730	0.01052	0.00546	0.00816
40	0.01626	0.01357	0.01625	0.10733	0.02226	0.04642	0.01237	0.12264	0.02011	0.02613	0.03483	0.06696	0.15692	0.03248	0.25992	0.00671	0.01338	0.01077	0.00586	0.00883
41	0.01208	0.00805	0.00906	0.00906	0.00906	0.00805	0.00503	0.01208	0.01208	0.01611	0.02618	0.05436	0.03020	0.70804	0.04228	0.00805	0.00805	0.01208	0.00503	0.00503
42	0.01561	0.00956	0.01103	0.01041	0.01276	0.00882	0.00735	0.01816	0.04649	0.12639	0.05068	0.12869	0.25575	0.23807	0.01993	0.00450	0.00608	0.01456	0.00732	0.00782
43	0.02074	0.17059	0.03553	0.06652	0.49578	0.02255	0.02295	0.02520	0.01839	0.02527	0.01471	0.01904	0.01254	0.00737	0.00760	0.00233	0.00970	0.00676	0.00397	0.01247
44	0.02158	0.01707	0.01844	0.01641	0.02111	0.01932	0.01280	0.04241	0.55917	0.08641	0.06487	0.03234	0.02764	0.01148	0.00851	0.00279	0.00648	0.00959	0.00864	0.01296
45	0.01891	0.01885	0.03444	0.23650	0.34504	0.01963	0.15560	0.02447	0.01838	0.02527	0.01563	0.02143	0.01242	0.00758	0.00859	0.00263	0.01113	0.00792	0.00401	0.01157
46	0.02411	0.02708	0.02834	0.12993	0.31511	0.28507	0.02132	0.02800	0.02046	0.02354	0.01437	0.01853	0.01186	0.00800	0.00794	0.00238	0.01211	0.00657	0.00412	0.01117
47	0.71358	0.06582	0.01445	0.01116	0.01644	0.01965	0.00937	0.02445	0.01433	0.03601	0.01157	0.01348	0.00912	0.00767	0.00515	0.00251	0.00660	0.00449	0.00503	0.00912
48	0.00982	0.00842	0.00842	0.00842	0.01122	0.00701	0.00631	0.01192	0.01894	0.02244	0.08416	0.07995	0.65285	0.02104	0.00982	0.00281	0.00421	0.01753	0.00771	0.00701
49	0.01930	0.02037	0.02181	0.01947	0.02079	0.16287	0.01564	0.02149	0.01525	0.01988	0.01435	0.02133	0.01349	0.02597	0.19561	0.00590	0.36647	0.00729	0.00399	0.00876
50	0.01655	0.11165	0.01892	0.01532	0.01851	0.01506	0.01327	0.07218	0.06985	0.02679	0.03556	0.09842	0.03692	0.02065	0.04126	0.00376	0.00841	0.36087	0.00704	0.00902
51	0.03106	0.03878	0.02361	0.02129	0.02569	0.64233	0.01604	0.06286	0.02432	0.02193	0.01320	0.01523	0.01087	0.00863	0.00753	0.00216	0.01469	0.00546	0.00448	0.00986
52	0.01024	0.00843	0.00900	0.00886	0.01148	0.00719	0.00664	0.01274	0.01993	0.02480	0.20713	0.07607	0.52841	0.02016	0.00981	0.00276	0.00415	0.01699	0.00802	0.00719
53	0.01549	0.00774	0.00774	0.00774	0.00968	0.00774	0.00581	0.01936	0.01742	0.03097	0.02710	0.03097	0.02129	0.00968	0.00581	0.00194	0.00387	0.00774	0.75416	0.00774
54	0.19024	0.02941	0.02148	0.04712	0.02479	0.35266	0.01485	0.14527	0.02377	0.03023	0.01394	0.01605	0.01102	0.00887	0.00796	0.00239	0.03871	0.00574	0.00520	0.01032
55	0.01691	0.00952	0.01207	0.01123	0.01411	0.00843	0.00848	0.01971	0.02085	0.17508	0.24321	0.19786	0.19326	0.01833	0.00964	0.00281	0.00492	0.01592	0.00877	0.00888
56	0.02700	0.01993	0.02224	0.01777	0.02322	0.02219	0.01453	0.48591	0.03309	0.04467	0.02048	0.02289	0.01567	0.02213	0.16327	0.00502	0.01219	0.00781	0.00741	0.01257
57	0.01932	0.01774	0.02572	0.13299	0.30383	0.01924	0.01971	0.03092	0.24365	0.02876	0.02549	0.02754	0.04915	0.00962	0.00840	0.00266	0.00858	0.00862	0.00580	0.01225
58	0.02384	0.01943	0.02299	0.13840	0.06462	0.02212	0.01657	0.25680	0.27182	0.03850	0.02427	0.02473	0.01797	0.01005	0.00836	0.00267	0.00851	0.00821	0.00732	0.01282
59	0.01044	0.00822	0.00902	0.00919	0.01117	0.00723	0.00651	0.01238	0.01814	0.02277	0.14412	0.15651	0.40936	0.12037	0.01461	0.00361	0.00481	0.01723	0.00751	0.00680
60	0.01795	0.19868	0.52058	0.02148	0.03255	0.02245	0.02686	0.02598	0.01739	0.02474	0.01413	0.01656	0.01056	0.00771	0.00730	0.00243	0.01149	0.00574	0.00352	0.01190
61	0.02628	0.02850	0.02940	0.02940	0.16831	0.30601	0.11832	0.05126	0.07632	0.06075	0.01728	0.01975	0.01350	0.00842	0.00819	0.00242	0.01232	0.00713	0.00506	0.01138
62	0.01153	0.00786	0.00934	0.00982	0.01007	0.00769	0.00593	0.01215	0.01379	0.01851	0.06834	0.23077	0.03976	0.48223	0.03177	0.00646	0.00693	0.01539	0.00600	0.00566
63	0.01008	0.00740	0.00946	0.01111	0.01193	0.00679	0.00751	0.01162	0.01634	0.02139	0.05133	0.61272	0.14127	0.02531	0.01049	0.00329	0.00473	0.02274	0.00771	0.00679
64	0.01478	0.01231	0.01574	0.01803	0.10758	0.01262	0.01158	0.02326	0.18512	0.02863	0.18346	0.19888	0.12123	0.01669	0.00940	0.00285	0.00573	0.01473	0.00772	0.00967
65	0.02470	0.52296	0.03789	0.01624	0.02255	0.21402	0.01473	0.02722	0.01876	0.01977	0.01191	0.01379	0.01067	0.00752	0.00594	0.00188	0.01061	0.00470	0.00376	0.01037
66	0.01928	0.01865	0.03208	0.19732	0.45912	0.01975	0.05456	0.02432	0.01815	0.02543	0.01528	0.02092	0.01255	0.00790	0.00913	0.00260	0.03947	0.00751	0.00400	0.01197
67	0.01549	0.00774	0.00774	0.00774	0.00968	0.00774	0.00581	0.01936	0.01742	0.03097	0.02710	0.03097	0.02129	0.00968	0.00581	0.00194	0.00387	0.00774	0.75416	0.00774
68	0.02352	0.01826	0.02025	0.01569	0.02196	0.01812	0.01263	0.30686	0.06194	0.03885	0.02104	0.08072	0.01771	0.01001	0.00769	0.00210	0.00746	0.00805	0.00696	0.30017
69	0.02258	0.36157	0.03074	0.01534	0.02068	0.16845	0.01335	0.06877	0.02141	0.02510	0.15115	0.02473	0.02559	0.00978	0.00699	0.00209	0.00917	0.00716	0.00527	0.01008
70	0.05074	0.02156	0.05286	0.06881	0.05203	0.08970	0.11909	0.07746	0.15591	0.02991	0.01938	0.02142	0.01491	0.00832	0.00786	0.00231	0.00954	0.00728	0.00560	0.18531
71	0.18937	0.05002	0.02411	0.02856	0.26607	0.11223	0.01691	0.02755	0.06313	0.06570	0.02146	0.02341	0.05977	0.00907	0.00745	0.00247	0.00897	0.00727	0.00528	0.01123

[dist]
# distance from previous block
# <min> <max>
0	1

[block]
# block no. 3 follows, 22 sequences, length 38
# corresponding to MSA columns:
# 322-359
name=unknown_D
#
# <colnr> <probs for GDERKNQSTAVLIFYWHMCP>
#	G	D	E	R	K	N	Q	S	T	A	V	L	I	F	Y	W	H	M	C	P
0	0.13244	0.07874	0.04648	0.04802	0.15712	0.21257	0.01700	0.02701	0.04570	0.02607	0.06515	0.02085	0.01703	0.00930	0.00893	0.00247	0.06316	0.00678	0.00478	0.01040
1	0.01429	0.11136	0.01667	0.01174	0.01476	0.01293	0.00937	0.02029	0.09371	0.03149	0.48814	0.05144	0.06249	0.01490	0.00900	0.00252	0.00494	0.01285	0.00826	0.00886
2	0.02571	0.38409	0.03392	0.01774	0.02321	0.30523	0.01524	0.02810	0.01946	0.01991	0.01206	0.01433	0.01069	0.00818	0.00760	0.00205	0.05349	0.00500	0.00387	0.01013
3	0.02130	0.02077	0.13507	0.01615	0.02261	0.01652	0.01520	0.20964	0.04805	0.08345	0.03630	0.03895	0.16230	0.01269	0.00859	0.00257	0.00793	0.04918	0.00708	0.08565
4	0.02378	0.02236	0.10584	0.01918	0.02592	0.02008	0.07639	0.33375	0.02987	0.04107	0.13322	0.02731	0.02503	0.01039	0.00851	0.00247	0.00885	0.00871	0.00718	0.07010
5	0.01549	0.00774	0.00774	0.00774	0.00968	0.00774	0.00581	0.01936	0.01742	0.03097	0.02710	0.03097	0.02129	0.00968	0.00581	0.00194	0.00387	0.00774	0.75416	0.00774
6	0.01190	0.00878	0.01273	0.01273	0.01400	0.01005	0.00961	0.01444	0.01317	0.01883	0.02282	0.03578	0.02213	0.15560	0.58369	0.01259	0.02020	0.00936	0.00453	0.00707
7	0.03158	0.02327	0.02493	0.01911	0.02576	0.02576	0.01579	0.62852	0.03906	0.05236	0.01995	0.01995	0.01413	0.00997	0.00831	0.00249	0.00914	0.00748	0.00831	0.01413
8	0.01575	0.00894	0.01193	0.01181	0.01389	0.00813	0.00860	0.01834	0.01986	0.14547	0.24085	0.36724	0.05613	0.02012	0.00992	0.00297	0.00495	0.01795	0.00866	0.00849
9	0.01666	0.04297	0.66500	0.02368	0.03596	0.01929	0.03069	0.02631	0.01754	0.02631	0.01491	0.01754	0.01052	0.00789	0.00789	0.00263	0.01228	0.00614	0.00351	0.01228
10	0.01939	0.01971	0.02552	0.02372	0.07116	0.06824	0.01827	0.02290	0.05555	0.02155	0.01292	0.01899	0.01202	0.01337	0.02322	0.00339	0.54906	0.00729	0.00403	0.00971
11	0.01223	0.00883	0.01030	0.00996	0.01260	0.00776	0.00767	0.01515	0.02082	0.06071	0.27798	0.07188	0.37384	0.01917	0.00985	0.00280	0.00451	0.05785	0.00835	0.00773
12	0.01081	0.00815	0.01003	0.01044	0.01220	0.00737	0.00763	0.01349	0.01980	0.02633	0.28697	0.25689	0.23030	0.02105	0.01012	0.00295	0.00444	0.04550	0.00825	0.00728
13	0.04816	0.02557	0.02123	0.09575	0.02716	0.25960	0.01531	0.05681	0.30282	0.02860	0.02277	0.02318	0.01745	0.00978	0.00797	0.00255	0.01025	0.00746	0.00627	0.01131
14	0.02141	0.61681	0.13279	0.01557	0.02342	0.03092	0.01658	0.02508	0.01697	0.02052	0.01203	0.01393	0.01064	0.00722	0.00570	0.00190	0.00937	0.00469	0.00355	0.01089
15	0.02509	0.01271	0.01606	0.01361	0.01809	0.01205	0.01075	0.03189	0.13321	0.32685	0.17582	0.09008	0.06982	0.01372	0.00894	0.00270	0.00595	0.01167	0.00937	0.01162
16	0.01707	0.04179	0.01514	0.01234	0.01588	0.01273	0.00972	0.09531	0.09547	0.07690	0.32951	0.05217	0.16235	0.01532	0.00917	0.00262	0.00535	0.01300	0.00854	0.00963
17	0.02565	0.02264	0.09577	0.01809	0.02441	0.02164	0.01599	0.42279	0.06393	0.04309	0.02616	0.07050	0.05959	0.01364	0.03442	0.00303	0.00926	0.00923	0.00754	0.01264
18	0.01011	0.00843	0.00882	0.00872	0.01140	0.00714	0.00654	0.01249	0.01963	0.02409	0.16998	0.07724	0.56600	0.02043	0.00982	0.00278	0.00416	0.01715	0.00793	0.00714
19	0.01170	0.00846	0.01127	0.01225	0.01380	0.00803	0.00952	0.01476	0.01959	0.02640	0.24467	0.26316	0.09231	0.02182	0.01058	0.00324	0.00541	0.20749	0.00816	0.00741
20	0.15541	0.03158	0.21816	0.02565	0.10355	0.19018	0.10841	0.02771	0.01895	0.02685	0.01413	0.01721	0.01091	0.00785	0.00761	0.00250	0.01190	0.00632	0.00417	0.01095
21	0.01895	0.02618	0.18743	0.03420	0.16830	0.02085	0.28998	0.02554	0.01818	0.02589	0.01543	0.02039	0.01204	0.00816	0.01103	0.00279	0.09092	0.00815	0.00395	0.01162
22	0.01187	0.00890	0.01335	0.01335	0.01483	0.01038	0.01038	0.01483	0.01335	0.01928	0.02225	0.03264	0.02077	0.06231	0.67512	0.01335	0.02225	0.00890	0.00445	0.00742
23	0.02003	0.02121	0.04217	0.04216	0.31761	0.02044	0.35733	0.02611	0.01930	0.02685	0.01628	0.02158	0.01285	0.00718	0.00910	0.00265	0.01215	0.00873	0.00416	0.01208
24	0.02177	0.32739	0.03230	0.02223	0.14028	0.11843	0.01582	0.02732	0.09774	0.02319	0.01874	0.08563	0.01741	0.00978	0.00711	0.00225	0.00925	0.00766	0.00480	0.01091
25	0.01282	0.01012	0.01187	0.01191	0.01441	0.00998	0.00922	0.01931	0.12760	0.02763	0.21030	0.14106	0.22716	0.01920	0.00994	0.00299	0.00518	0.11273	0.00820	0.00836
26	0.02056	0.01974	0.03372	0.05099	0.65622	0.01974	0.02550	0.02550	0.01892	0.02714	0.01563	0.02056	0.01316	0.00740	0.00822	0.00247	0.00987	0.00740	0.00411	0.01316
27	0.01690	0.14723	0.17166	0.02268	0.11546	0.01841	0.06404	0.02305	0.06214	0.02449	0.02647	0.17739	0.04661	0.01299	0.00848	0.00270	0.00889	0.03466	0.00527	0.01048
28	0.01673	0.01795	0.05621	0.05374	0.03238	0.01638	0.36735	0.02182	0.01815	0.02476	0.09193	0.03404	0.02404	0.16726	0.01704	0.00396	0.01131	0.01069	0.00491	0.00937
29	0.01554	0.00951	0.01124	0.01021	0.01344	0.00823	0.00786	0.01838	0.02118	0.14570	0.24021	0.06502	0.36644	0.01784	0.00954	0.00271	0.00466	0.01508	0.00861	0.00859
30	0.01908	0.02230	0.12394	0.16198	0.43338	0.01949	0.04987	0.02488	0.01833	0.02593	0.01541	0.02049	0.01238	0.00762	0.00825	0.00256	0.01060	0.00731	0.00395	0.01224
31	0.02224	0.25628	0.10562	0.02849	0.21971	0.05369	0.05990	0.02804	0.05942	0.06766	0.01648	0.01886	0.01318	0.00783	0.00731	0.00229	0.00991	0.00653	0.00457	0.01200
32	0.02247	0.38130	0.11000	0.02469	0.16765	0.12106	0.01894	0.02638	0.01838	0.02216	0.01305	0.01569	0.01122	0.00747	0.00659	0.00208	0.01038	0.00544	0.00378	0.01126
33	0.02046	0.01524	0.01719	0.01548	0.01952	0.01645	0.01231	0.16270	0.23282	0.06850	0.07481	0.12035	0.07406	0.01531	0.00927	0.00293	0.00680	0.09634	0.00831	0.01116
34	0.01540	0.01530	0.01384	0.01448	0.01579	0.15949	0.01030	0.01703	0.01743	0.02093	0.03600	0.50132	0.04199	0.02130	0.01100	0.00311	0.05268	0.01839	0.00666	0.00756
35	0.01091	0.00795	0.01058	0.01125	0.01250	0.00761	0.00803	0.01347	0.01844	0.02535	0.26119	0.35924	0.08680	0.02719	0.09502	0.00435	0.00669	0.01839	0.00781	0.00724
36	0.08148	0.47349	0.06559	0.01605	0.02238	0.14303	0.01510	0.02611	0.01765	0.02141	0.01190	0.01408	0.01054	0.00783	0.00695	0.00204	0.04539	0.00483	0.00381	0.01034
37	0.01863	0.03145	0.33011	0.02488	0.09291	0.08261	0.08760	0.04846	0.04351	0.02731	0.06397	0.02653	0.06599	0.00965	0.00840	0.00260	0.01097	0.00823	0.00479	0.01139

[dist]
# distance from previous block
# <min> <max>
0	1

[block]
# block no. 4 follows, 22 sequences, length 159
# corresponding to MSA columns:
# 361-519
name=unknown_E
#
# <colnr> <probs for GDERKNQSTAVLIFYWHMCP>
#	G	D	E	R	K	N	Q	S	T	A	V	L	I	F	Y	W	H	M	C	P
0	0.02705	0.23299	0.07433	0.02075	0.05193	0.41640	0.01694	0.02998	0.02101	0.02081	0.01273	0.01492	0.01078	0.00805	0.00693	0.00208	0.01282	0.00523	0.00401	0.01026
1	0.02041	0.02215	0.06199	0.19271	0.23299	0.10118	0.08102	0.02873	0.12425	0.02605	0.01823	0.02204	0.01422	0.00841	0.00833	0.00260	0.01077	0.00765	0.00474	0.01153
2	0.17107	0.01771	0.01990	0.01528	0.02185	0.01742	0.04518	0.16573	0.07779	0.03567	0.01715	0.01863	0.01325	0.00786	0.00686	0.00202	0.00737	0.00610	0.00603	0.32710
