[name]
unknown

[dist]
# distance from previous block
# <min> <max>
0	0

[block]
# block no. 0 follows, 21 sequences, length 53
# corresponding to MSA columns:
# 0-52
name=unknown_A
#
# <colnr> <probs for GDERKNQSTAVLIFYWHMCP>
#	G	D	E	R	K	N	Q	S	T	A	V	L	I	F	Y	W	H	M	C	P
0	0.01371	0.00980	0.01371	0.01567	0.01763	0.00980	0.01371	0.01763	0.01959	0.02547	0.04506	0.09599	0.04898	0.02351	0.01175	0.00392	0.00784	0.59056	0.00784	0.00784
1	0.02288	0.02288	0.13730	0.01830	0.02480	0.02007	0.01674	0.12453	0.33920	0.08861	0.06995	0.02945	0.02472	0.01102	0.00862	0.00277	0.00806	0.00902	0.00791	0.01317
2	0.02066	0.01981	0.03381	0.10306	0.60017	0.02011	0.02592	0.02576	0.01919	0.02731	0.01594	0.02119	0.01331	0.00766	0.00843	0.00255	0.01021	0.00758	0.00418	0.01315
3	0.02024	0.03467	0.40393	0.02786	0.07819	0.02002	0.15915	0.05816	0.02010	0.07161	0.01728	0.02017	0.01233	0.00813	0.00860	0.00271	0.01227	0.00744	0.00452	0.01262
4	0.01087	0.00836	0.00994	0.01016	0.01215	0.00743	0.00739	0.01355	0.02040	0.02681	0.28316	0.22074	0.29593	0.02123	0.01024	0.00294	0.00435	0.01849	0.00844	0.00743
5	0.01048	0.00749	0.00998	0.01177	0.01237	0.00699	0.00791	0.01213	0.01682	0.02256	0.08715	0.65273	0.05791	0.02604	0.01081	0.00340	0.00488	0.02360	0.00800	0.00699
6	0.01037	0.00741	0.00987	0.01185	0.01234	0.00691	0.00790	0.01185	0.01629	0.02172	0.04690	0.69537	0.05629	0.02666	0.01086	0.00346	0.00494	0.02419	0.00790	0.00691
7	0.02958	0.01887	0.02074	0.01631	0.02202	0.02017	0.01334	0.39788	0.03269	0.14043	0.02407	0.02425	0.01711	0.01020	0.00795	0.00244	0.00784	0.00786	0.17324	0.01302
8	0.01037	0.00741	0.00987	0.01185	0.01234	0.00691	0.00790	0.01185	0.01629	0.02172	0.04690	0.69537	0.05629	0.02666	0.01086	0.00346	0.00494	0.02419	0.00790	0.00691
9	0.01845	0.00977	0.01307	0.01232	0.01500	0.00882	0.00918	0.02133	0.02127	0.19599	0.25869	0.28820	0.05549	0.01898	0.00995	0.00295	0.00522	0.01681	0.00914	0.00935
10	0.01854	0.01892	0.03000	0.02445	0.02618	0.02433	0.13280	0.02148	0.01442	0.02174	0.01298	0.02028	0.01207	0.01617	0.06045	0.00412	0.51954	0.00804	0.00388	0.00963
11	0.02978	0.18849	0.02867	0.02029	0.02532	0.52603	0.01602	0.03209	0.02260	0.02065	0.01286	0.01497	0.01095	0.00844	0.00718	0.00211	0.01396	0.00527	0.00422	0.01010
12	0.03506	0.01379	0.01875	0.01461	0.02065	0.01197	0.01197	0.03844	0.02433	0.57967	0.10646	0.03310	0.02815	0.01135	0.00873	0.00264	0.00686	0.00937	0.01039	0.01371
13	0.02715	0.02467	0.02590	0.08623	0.13582	0.14199	0.01823	0.26914	0.11906	0.03752	0.01994	0.02149	0.01507	0.00953	0.00836	0.00256	0.01039	0.00753	0.00660	0.01284
14	0.02667	0.02253	0.02042	0.01794	0.02298	0.16308	0.01395	0.04203	0.38505	0.14634	0.02967	0.02759	0.02173	0.01074	0.00842	0.00269	0.00874	0.00850	0.00805	0.01286
15	0.02257	0.02652	0.04250	0.03169	0.03868	0.16531	0.43594	0.02822	0.02042	0.02529	0.01583	0.02092	0.01234	0.00814	0.01094	0.00279	0.06785	0.00882	0.00428	0.01095
16	0.01022	0.00798	0.00928	0.01032	0.01194	0.00704	0.00722	0.01202	0.01777	0.02232	0.06554	0.40443	0.33519	0.02424	0.01048	0.00318	0.00464	0.02124	0.00790	0.00704
17	0.02671	0.02694	0.02828	0.03339	0.27881	0.21534	0.02009	0.15740	0.07357	0.03187	0.01757	0.02006	0.01392	0.00882	0.00824	0.00246	0.01125	0.00713	0.00554	0.01261
18	0.08907	0.08427	0.02460	0.02057	0.02522	0.57193	0.01574	0.03269	0.02288	0.02215	0.01296	0.01511	0.01082	0.00860	0.00733	0.00220	0.01422	0.00535	0.00440	0.00989
19	0.01707	0.04402	0.65683	0.02426	0.03683	0.01976	0.03144	0.02695	0.01797	0.02695	0.01527	0.01797	0.01078	0.00809	0.00809	0.00270	0.01258	0.00629	0.00359	0.01258
20	0.01038	0.00858	0.00916	0.00952	0.01207	0.00736	0.00719	0.01260	0.01908	0.02305	0.07879	0.14813	0.53501	0.02225	0.01028	0.00302	0.00466	0.06377	0.00790	0.00721
21	0.02120	0.01437	0.01707	0.01487	0.01888	0.01486	0.01200	0.18029	0.08693	0.10180	0.26915	0.05037	0.04699	0.01514	0.00960	0.00284	0.00658	0.09720	0.00897	0.01089
22	0.02418	0.03033	0.32776	0.02406	0.03393	0.01794	0.15582	0.03145	0.02039	0.21810	0.02128	0.02243	0.01439	0.00863	0.00866	0.00271	0.01134	0.00781	0.00587	0.01291
23	0.01041	0.00765	0.00977	0.01131	0.01224	0.00701	0.00769	0.01213	0.01717	0.02257	0.08443	0.57101	0.14458	0.02541	0.01070	0.00333	0.00480	0.02280	0.00798	0.00701
24	0.02799	0.09326	0.02471	0.01975	0.02472	0.37134	0.01540	0.08570	0.19822	0.02773	0.01977	0.02030	0.01553	0.00955	0.00782	0.00239	0.01182	0.00676	0.00588	0.01138
25	0.02191	0.60809	0.13518	0.01600	0.02406	0.03162	0.01706	0.02570	0.01739	0.02105	0.01234	0.01429	0.01090	0.00740	0.00585	0.00195	0.00962	0.00481	0.00363	0.01117
26	0.02170	0.58392	0.15753	0.01635	0.02461	0.03111	0.01768	0.02575	0.01742	0.02130	0.01247	0.01445	0.01090	0.00743	0.00594	0.00198	0.00974	0.00487	0.00363	0.01123
27	0.01006	0.00862	0.00862	0.00862	0.01149	0.00718	0.00647	0.01221	0.01940	0.02299	0.08621	0.08190	0.64438	0.02155	0.01006	0.00287	0.00431	0.01796	0.00790	0.00718
28	0.01632	0.11204	0.07301	0.07049	0.02145	0.11041	0.01309	0.01919	0.01808	0.02178	0.03658	0.27272	0.11936	0.04479	0.01041	0.00304	0.00828	0.01443	0.00597	0.00856
29	0.01228	0.00861	0.01110	0.01110	0.01173	0.00924	0.00743	0.01355	0.01292	0.01785	0.02515	0.04646	0.02693	0.43670	0.30206	0.01050	0.01428	0.01102	0.00491	0.00617
30	0.01063	0.00760	0.01018	0.01215	0.01276	0.00714	0.00836	0.01231	0.01655	0.02202	0.04676	0.64778	0.05570	0.02641	0.01093	0.00349	0.00517	0.06916	0.00789	0.00699
31	0.02187	0.03004	0.17418	0.03550	0.21494	0.13978	0.20562	0.02810	0.02016	0.02616	0.01569	0.01990	0.01225	0.00779	0.00870	0.00261	0.01291	0.00766	0.00414	0.01200
32	0.02656	0.03722	0.16387	0.02159	0.02788	0.40384	0.01923	0.03449	0.13497	0.02491	0.01759	0.01896	0.01369	0.00913	0.00795	0.00243	0.01314	0.00642	0.00500	0.01113
33	0.05389	0.03219	0.35732	0.02950	0.18790	0.02009	0.02590	0.02985	0.12577	0.02921	0.01869	0.02097	0.01405	0.00856	0.00814	0.00268	0.01065	0.00712	0.00472	0.01280
34	0.01160	0.00896	0.01302	0.01357	0.01499	0.00842	0.05015	0.01376	0.01701	0.02237	0.04661	0.47166	0.10073	0.06996	0.01305	0.00375	0.00615	0.09951	0.00746	0.00726
35	0.09279	0.06197	0.08120	0.07187	0.18061	0.11102	0.01974	0.21763	0.02582	0.03520	0.01632	0.01887	0.01256	0.00871	0.00788	0.00250	0.01051	0.00678	0.00560	0.01243
36	0.01039	0.00853	0.00915	0.00921	0.01175	0.00729	0.00683	0.01279	0.01988	0.02463	0.17021	0.12866	0.50854	0.02132	0.01012	0.00289	0.00431	0.01806	0.00813	0.00729
37	0.02540	0.08496	0.02896	0.06618	0.21761	0.08392	0.01912	0.21026	0.11650	0.03513	0.01942	0.02133	0.01504	0.00911	0.00815	0.00251	0.00985	0.00744	0.00612	0.01298
38	0.02074	0.02196	0.07732	0.04953	0.57647	0.02025	0.05599	0.02623	0.01932	0.02772	0.01602	0.02095	0.01327	0.00760	0.00848	0.00256	0.01049	0.00762	0.00418	0.01332
39	0.02916	0.19332	0.02860	0.01999	0.02506	0.48745	0.01586	0.03259	0.05354	0.02139	0.01394	0.01579	0.01172	0.00857	0.00721	0.00214	0.01346	0.00548	0.00443	0.01029
40	0.02540	0.02750	0.03043	0.03994	0.39824	0.24582	0.02222	0.06040	0.02213	0.02675	0.01525	0.01904	0.01266	0.00814	0.00817	0.00241	0.01189	0.00685	0.00450	0.01227
41	0.01960	0.01960	0.02760	0.27334	0.19739	0.08190	0.04162	0.02597	0.07373	0.02444	0.01683	0.02232	0.01358	0.01129	0.03485	0.00320	0.08973	0.00768	0.00443	0.01088
42	0.01166	0.00836	0.00902	0.00916	0.01128	0.00758	0.00664	0.01410	0.01832	0.02473	0.10108	0.12404	0.35181	0.07807	0.03520	0.00357	0.00526	0.01556	0.15735	0.00721
43	0.02184	0.01677	0.02022	0.01642	0.02089	0.01815	0.05294	0.27138	0.02705	0.03710	0.03527	0.03652	0.15558	0.01589	0.04725	0.00329	0.06544	0.01022	0.11691	0.01086
44	0.06822	0.33885	0.03329	0.01931	0.05306	0.28468	0.01563	0.05530	0.02097	0.02323	0.01294	0.01499	0.01112	0.00805	0.00661	0.00208	0.01151	0.00521	0.00427	0.01068
45	0.01569	0.01221	0.01381	0.01274	0.01567	0.01241	0.00973	0.14784	0.02324	0.03024	0.10202	0.21931	0.27798	0.01966	0.01083	0.00298	0.04028	0.01651	0.00794	0.00891
46	0.05403	0.00903	0.01132	0.01082	0.01289	0.00856	0.00809	0.01623	0.02293	0.03337	0.56048	0.11094	0.07439	0.01760	0.00983	0.00274	0.00423	0.01548	0.00902	0.00801
47	0.02271	0.02201	0.03242	0.07819	0.51130	0.07581	0.02430	0.07825	0.02146	0.02915	0.01611	0.02060	0.01325	0.00796	0.00837	0.00252	0.01055	0.00741	0.00458	0.01306
48	0.11841	0.01773	0.05245	0.35999	0.14870	0.01911	0.02101	0.02629	0.07509	0.05594	0.01753	0.02215	0.01323	0.00863	0.00806	0.00274	0.00992	0.00735	0.00482	0.01087
49	0.01907	0.01883	0.02889	0.39391	0.28281	0.06383	0.02410	0.02426	0.01841	0.02401	0.01533	0.02156	0.01214	0.00817	0.00842	0.00267	0.01114	0.00743	0.00399	0.01103
50	0.01506	0.01052	0.01218	0.01200	0.01388	0.01136	0.00863	0.02211	0.16147	0.02557	0.03044	0.12970	0.02894	0.15546	0.11389	0.04755	0.00857	0.01163	0.17277	0.00828
51	0.02399	0.22629	0.08478	0.02109	0.05952	0.21930	0.01766	0.05439	0.01969	0.02292	0.01380	0.01736	0.01197	0.01293	0.05475	0.00317	0.11557	0.00605	0.00419	0.01058
52	0.22684	0.01877	0.07106	0.05766	0.18070	0.01786	0.01658	0.02818	0.10660	0.08360	0.02661	0.02776	0.08363	0.01011	0.00775	0.00268	0.00802	0.00816	0.00601	0.01141

[dist]
# distance from previous block
# <min> <max>
0	1

[block]
# block no. 1 follows, 21 sequences, length 29
# corresponding to MSA columns:
# 54-82
name=unknown_B
#
# <colnr> <probs for GDERKNQSTAVLIFYWHMCP>
#	G	D	E	R	K	N	Q	S	T	A	V	L	I	F	Y	W	H	M	C	P
0	0.01831	0.01661	0.02499	0.45991	0.09908	0.01984	0.02140	0.05508	0.14514	0.02661	0.01947	0.02431	0.01469	0.00914	0.00853	0.00281	0.01020	0.00799	0.00505	0.01086
1	0.02073	0.02222	0.08682	0.04988	0.59651	0.02018	0.02656	0.02619	0.01926	0.02773	0.01595	0.02080	0.01325	0.00762	0.00840	0.00254	0.01032	0.00747	0.00416	0.01340
2	0.01860	0.03472	0.41068	0.03452	0.24832	0.02001	0.05967	0.02668	0.01856	0.02726	0.01563	0.01929	0.01182	0.00786	0.00830	0.00265	0.01182	0.00693	0.00384	0.01283
3	0.02035	0.02645	0.16101	0.06921	0.31550	0.05360	0.17614	0.02678	0.01941	0.02687	0.01598	0.02071	0.01258	0.00768	0.00873	0.00264	0.01200	0.00784	0.00410	0.01243
4	0.02202	0.02367	0.03565	0.11504	0.32918	0.12712	0.16982	0.02720	0.02006	0.02582	0.01573	0.02077	0.01268	0.00778	0.00871	0.00259	0.01216	0.00784	0.00421	0.01193
5	0.01507	0.01089	0.01419	0.01377	0.01588	0.01196	0.01051	0.10826	0.01868	0.02626	0.02885	0.19889	0.02912	0.04271	0.35731	0.00863	0.01501	0.01263	0.05288	0.00851
6	0.01976	0.03286	0.37413	0.03278	0.24115	0.01963	0.02754	0.02857	0.05750	0.05995	0.01768	0.02044	0.01318	0.00826	0.00826	0.00265	0.01110	0.00705	0.00448	0.01304
7	0.01814	0.03521	0.42180	0.06440	0.11822	0.02013	0.14805	0.02663	0.01853	0.02685	0.01575	0.01961	0.01159	0.00786	0.00854	0.00272	0.01255	0.00728	0.00383	0.01231
8	0.01037	0.00741	0.00987	0.01185	0.01234	0.00691	0.00790	0.01185	0.01629	0.02172	0.04690	0.69537	0.05629	0.02666	0.01086	0.00346	0.00494	0.02419	0.00790	0.00691
9	0.02934	0.02991	0.02717	0.02860	0.17949	0.29153	0.01874	0.22945	0.02831	0.03361	0.01631	0.01847	0.01277	0.00896	0.00814	0.00240	0.01204	0.00673	0.00573	0.01231
10	0.05135	0.02843	0.20150	0.02394	0.11984	0.14860	0.02002	0.02996	0.02115	0.16265	0.06175	0.02604	0.04781	0.00990	0.00827	0.00256	0.01046	0.00788	0.00598	0.01191
11	0.01224	0.00827	0.00924	0.00924	0.00941	0.00819	0.00523	0.01237	0.01278	0.01687	0.03022	0.05719	0.06615	0.66193	0.04141	0.00794	0.00802	0.01270	0.00531	0.00527
12	0.01109	0.00780	0.00957	0.01068	0.01115	0.00743	0.00678	0.01207	0.01505	0.01987	0.04211	0.41599	0.08682	0.27687	0.02287	0.00520	0.00613	0.01938	0.00688	0.00628
13	0.02548	0.01955	0.02090	0.01722	0.02230	0.02182	0.01356	0.33178	0.23549	0.04180	0.02621	0.02971	0.02090	0.11768	0.01395	0.00355	0.00831	0.00905	0.00804	0.01269
14	0.02266	0.02112	0.06537	0.04436	0.46160	0.01951	0.10904	0.02805	0.01997	0.09820	0.01812	0.02207	0.01412	0.00788	0.00865	0.00260	0.01051	0.00798	0.00491	0.01326
15	0.01216	0.00912	0.01368	0.01368	0.01520	0.01064	0.01064	0.01520	0.01368	0.01976	0.02279	0.03343	0.02127	0.06382	0.66720	0.01368	0.02279	0.00912	0.00456	0.00760
16	0.01194	0.00859	0.01029	0.01037	0.01252	0.00761	0.00758	0.01459	0.02039	0.05203	0.25886	0.22484	0.28733	0.02099	0.01019	0.00294	0.00449	0.01826	0.00849	0.00769
17	0.01472	0.01177	0.01553	0.01817	0.08144	0.01187	0.01344	0.02113	0.10297	0.02657	0.04925	0.07664	0.16647	0.01984	0.01064	0.00342	0.00718	0.33233	0.00759	0.00904
18	0.01223	0.00843	0.01039	0.01048	0.01087	0.00878	0.00663	0.01305	0.01287	0.01753	0.02671	0.07837	0.02967	0.51425	0.19562	0.00938	0.01169	0.01209	0.00513	0.00584
19	0.01037	0.00741	0.00987	0.01185	0.01234	0.00691	0.00790	0.01185	0.01629	0.02172	0.04690	0.69537	0.05629	0.02666	0.01086	0.00346	0.00494	0.02419	0.00790	0.00691
20	0.01093	0.00780	0.01051	0.01249	0.01322	0.00739	0.00887	0.01281	0.01684	0.02235	0.04660	0.59558	0.05507	0.02614	0.01101	0.00353	0.00542	0.11848	0.00789	0.00707
21	0.02304	0.43579	0.15129	0.01852	0.02676	0.02924	0.05875	0.11789	0.02112	0.02696	0.01414	0.01610	0.01158	0.00787	0.00671	0.00216	0.01012	0.00572	0.00443	0.01180
22	0.02460	0.02710	0.05588	0.03393	0.29867	0.22343	0.02047	0.09528	0.02317	0.02811	0.02164	0.02431	0.06716	0.00949	0.00832	0.00246	0.01128	0.00777	0.00505	0.01187
23	0.13740	0.01826	0.02472	0.42069	0.14044	0.07357	0.02111	0.02397	0.01757	0.02524	0.01457	0.02040	0.01130	0.00829	0.00791	0.00270	0.01073	0.00692	0.00414	0.01007
24	0.02230	0.02664	0.15994	0.09213	0.33390	0.06489	0.02481	0.11838	0.02241	0.03065	0.01627	0.02008	0.01273	0.00825	0.00832	0.00257	0.01096	0.00718	0.00473	0.01286
25	0.20623	0.12866	0.02258	0.01636	0.02140	0.27783	0.01314	0.05616	0.02118	0.05800	0.04712	0.02230	0.05732	0.00974	0.00711	0.00235	0.01034	0.00667	0.00544	0.01004
26	0.02329	0.21549	0.21360	0.01934	0.02676	0.20717	0.01946	0.05851	0.02049	0.02469	0.01507	0.01768	0.01217	0.01078	0.03677	0.00276	0.01223	0.00589	0.04686	0.01097
27	0.02475	0.16559	0.07724	0.01620	0.02192	0.14363	0.01424	0.03041	0.09078	0.15396	0.05747	0.03078	0.08370	0.04181	0.00949	0.00269	0.00917	0.00851	0.00655	0.01111
28	0.01904	0.02630	0.21003	0.01727	0.02481	0.08973	0.01725	0.07415	0.04849	0.02880	0.05705	0.03048	0.11371	0.01057	0.00805	0.00230	0.00909	0.00839	0.00563	0.19885

[dist]
# distance from previous block
# <min> <max>
26	70

[block]
# block no. 2 follows, 21 sequences, length 46
# corresponding to MSA columns:
# 153-198
name=unknown_C
#
# <colnr> <probs for GDERKNQSTAVLIFYWHMCP>
#	G	D	E	R	K	N	Q	S	T	A	V	L	I	F	Y	W	H	M	C	P
0	0.02008	0.02092	0.17394	0.05815	0.02487	0.01492	0.01635	0.05577	0.10614	0.14417	0.07387	0.04173	0.18686	0.01322	0.00893	0.00276	0.00790	0.01090	0.00728	0.01127
1	0.02056	0.03195	0.27638	0.02707	0.12697	0.11100	0.02389	0.02911	0.10022	0.02626	0.01697	0.02004	0.01333	0.00975	0.01161	0.00280	0.12867	0.00703	0.00450	0.01189
2	0.01445	0.01281	0.01786	0.16937	0.02630	0.04667	0.06171	0.01766	0.01784	0.02303	0.10684	0.16878	0.07166	0.14522	0.01611	0.00400	0.00845	0.05720	0.00612	0.00793
3	0.01037	0.00741	0.00987	0.01185	0.01234	0.00691	0.00790	0.01185	0.01629	0.02172	0.04690	0.69537	0.05629	0.02666	0.01086	0.00346	0.00494	0.02419	0.00790	0.00691
4	0.02182	0.02229	0.03177	0.14063	0.47473	0.10976	0.02441	0.02656	0.01969	0.02594	0.01548	0.02051	0.01282	0.00788	0.00833	0.00253	0.01102	0.00729	0.00417	0.01238
5	0.02212	0.30927	0.07724	0.01567	0.02151	0.06528	0.01463	0.11693	0.02113	0.02764	0.01981	0.02214	0.04393	0.01203	0.03941	0.00276	0.04264	0.00670	0.10846	0.01070
6	0.01255	0.00903	0.01233	0.01420	0.01577	0.00882	0.01164	0.01566	0.01861	0.02424	0.04760	0.27274	0.08005	0.02435	0.01141	0.00373	0.00681	0.39509	0.00786	0.00753
7	0.01387	0.00857	0.01103	0.01103	0.01276	0.00939	0.00848	0.01733	0.01560	0.02527	0.02508	0.03265	0.02152	0.03898	0.36240	0.00829	0.01412	0.00857	0.34732	0.00775
8	0.02096	0.02726	0.12291	0.03024	0.10325	0.15129	0.27041	0.02655	0.02006	0.02527	0.01967	0.10407	0.01767	0.01010	0.00921	0.00274	0.01266	0.01007	0.00466	0.01096
9	0.02106	0.02022	0.03454	0.05223	0.64784	0.02022	0.02612	0.02612	0.01938	0.02780	0.01601	0.02106	0.01348	0.00758	0.00842	0.00253	0.01011	0.00758	0.00421	0.01348
10	0.01740	0.01648	0.02793	0.51292	0.21576	0.01926	0.02430	0.02291	0.01765	0.02336	0.01536	0.02225	0.01191	0.00826	0.00849	0.00275	0.01102	0.00757	0.00390	0.01053
11	0.02543	0.27265	0.03016	0.01736	0.02289	0.18081	0.01475	0.16402	0.02363	0.02799	0.01595	0.01888	0.01345	0.01759	0.11521	0.00402	0.01291	0.00625	0.00510	0.01095
12	0.02004	0.04648	0.11140	0.01701	0.06014	0.01481	0.01434	0.02820	0.14266	0.14845	0.06987	0.04486	0.21890	0.01381	0.00890	0.00273	0.00713	0.01145	0.00758	0.01123
13	0.01037	0.00741	0.00987	0.01185	0.01234	0.00691	0.00790	0.01185	0.01629	0.02172	0.04690	0.69537	0.05629	0.02666	0.01086	0.00346	0.00494	0.02419	0.00790	0.00691
14	0.01921	0.02891	0.26684	0.08084	0.35362	0.02003	0.05629	0.02621	0.01874	0.02707	0.01574	0.02010	0.01231	0.00781	0.00838	0.00263	0.01131	0.00722	0.00396	0.01279
15	0.02381	0.27682	0.11574	0.02410	0.06883	0.19508	0.13134	0.02827	0.01983	0.02295	0.01389	0.01686	0.01145	0.00777	0.00742	0.00227	0.01223	0.00624	0.00399	0.01112
16	0.01076	0.00885	0.00960	0.00998	0.01268	0.00769	0.00786	0.01326	0.01943	0.02347	0.07827	0.08462	0.52947	0.02193	0.01039	0.00308	0.00499	0.12848	0.00789	0.00731
17	0.01073	0.00756	0.00977	0.01138	0.01178	0.00716	0.00740	0.01195	0.01558	0.02077	0.04324	0.57869	0.05166	0.14965	0.01678	0.00433	0.00554	0.02204	0.00740	0.00659
18	0.02220	0.12542	0.05496	0.16180	0.10392	0.17843	0.01970	0.02683	0.04785	0.02260	0.01443	0.01884	0.01208	0.00968	0.01170	0.00267	0.14555	0.00665	0.00417	0.01053
19	0.01310	0.00945	0.01182	0.01281	0.01409	0.00933	0.00893	0.08737	0.01924	0.02569	0.04361	0.61148	0.05109	0.02462	0.01057	0.00334	0.00549	0.02214	0.00798	0.00785
20	0.01017	0.00819	0.00907	0.00977	0.01180	0.00709	0.00698	0.01208	0.01829	0.02254	0.07218	0.30087	0.43447	0.02338	0.01034	0.00308	0.00453	0.02018	0.00790	0.00709
21	0.01999	0.02014	0.03732	0.14946	0.38928	0.02036	0.18554	0.02572	0.01919	0.02668	0.01619	0.02184	0.01298	0.00762	0.00888	0.00267	0.01146	0.00824	0.00417	0.01229
22	0.01306	0.01002	0.01151	0.01176	0.01413	0.00952	0.00886	0.08032	0.02062	0.02623	0.06046	0.29276	0.30090	0.02231	0.01036	0.00316	0.00549	0.08260	0.00796	0.00797
23	0.02570	0.02477	0.02029	0.09949	0.02595	0.26073	0.01446	0.16487	0.02525	0.03149	0.01901	0.02183	0.01473	0.00938	0.00751	0.00230	0.01041	0.00690	0.20456	0.01037
24	0.02651	0.22446	0.15283	0.01984	0.02711	0.23594	0.01877	0.14715	0.02418	0.02834	0.01465	0.01639	0.01162	0.00851	0.00730	0.00226	0.01186	0.00581	0.00485	0.01161
25	0.01120	0.00849	0.01036	0.01055	0.01254	0.00765	0.00784	0.01414	0.02087	0.02776	0.31998	0.19025	0.25241	0.02081	0.01030	0.00296	0.00450	0.05128	0.00854	0.00754
26	0.01869	0.03400	0.38845	0.03455	0.23396	0.02011	0.09583	0.02672	0.01866	0.02726	0.01573	0.01952	0.01189	0.00782	0.00842	0.00266	0.01198	0.00713	0.00387	0.01274
27	0.02549	0.16879	0.03091	0.10933	0.17400	0.30633	0.01920	0.02889	0.02074	0.02240	0.01379	0.01724	0.01159	0.00816	0.00750	0.00227	0.01235	0.00604	0.00412	0.01087
28	0.01119	0.00788	0.01023	0.01180	0.01237	0.00754	0.00806	0.01268	0.01590	0.02112	0.04257	0.49003	0.05019	0.16419	0.01761	0.00449	0.00598	0.09217	0.00733	0.00667
29	0.03217	0.02912	0.02509	0.02032	0.02636	0.22870	0.01626	0.43449	0.03499	0.04327	0.01813	0.01883	0.01336	0.00976	0.00825	0.00244	0.01125	0.00697	0.00721	0.01302
30	0.02035	0.45275	0.03274	0.01357	0.01884	0.05716	0.01240	0.02304	0.01693	0.02129	0.01631	0.02143	0.01499	0.06579	0.08217	0.00366	0.01020	0.00613	0.10058	0.00968
31	0.01950	0.16717	0.39638	0.02756	0.14861	0.04817	0.02659	0.02679	0.01835	0.02553	0.01466	0.01761	0.01132	0.00786	0.00763	0.00247	0.01155	0.00616	0.00375	0.01232
32	0.02210	0.02755	0.16266	0.03850	0.31867	0.09199	0.12785	0.02811	0.01998	0.05715	0.01660	0.02050	0.01292	0.00789	0.00856	0.00259	0.01179	0.00756	0.00443	0.01259
33	0.03096	0.02280	0.02455	0.01909	0.02550	0.02516	0.01565	0.58094	0.03851	0.05161	0.02211	0.06322	0.01712	0.01126	0.00866	0.00261	0.00908	0.00871	0.00847	0.01399
34	0.01993	0.02430	0.10578	0.03755	0.16628	0.02126	0.41529	0.02673	0.01946	0.02708	0.01654	0.02191	0.01275	0.00765	0.01021	0.00282	0.03929	0.00907	0.00419	0.01191
35	0.02268	0.26730	0.11571	0.05943	0.07381	0.19019	0.01860	0.02673	0.01957	0.02252	0.01727	0.02599	0.01586	0.00988	0.00757	0.00241	0.01123	0.07827	0.00440	0.01060
36	0.01129	0.00850	0.01058	0.01146	0.01325	0.00780	0.00869	0.01396	0.01940	0.02527	0.17387	0.26881	0.23333	0.02271	0.01065	0.00323	0.00517	0.13649	0.00817	0.00740
37	0.01215	0.00816	0.00935	0.00957	0.00962	0.00810	0.00546	0.01232	0.01281	0.01708	0.02905	0.12694	0.03376	0.62582	0.03970	0.00772	0.00788	0.01369	0.00546	0.00535
38	0.03069	0.02260	0.02436	0.01900	0.02533	0.02492	0.01555	0.57365	0.03822	0.05123	0.02243	0.07132	0.01762	0.01146	0.00869	0.00262	0.00903	0.00891	0.00847	0.01390
39	0.02445	0.58070	0.04074	0.01595	0.02268	0.15292	0.01492	0.02708	0.01858	0.02017	0.01208	0.01397	0.01093	0.00756	0.00588	0.00189	0.01028	0.00473	0.00378	0.01072
40	0.01030	0.00765	0.00962	0.01119	0.01217	0.00697	0.00761	0.01192	0.01693	0.02198	0.05494	0.56989	0.17658	0.02562	0.01070	0.00334	0.00481	0.02292	0.00790	0.00697
41	0.01261	0.00927	0.01224	0.01353	0.01555	0.00890	0.01130	0.01605	0.01987	0.02583	0.12676	0.13469	0.15749	0.02264	0.01118	0.00355	0.00653	0.37629	0.00804	0.00768
42	0.01553	0.01249	0.01354	0.01337	0.01505	0.06014	0.00952	0.08984	0.01843	0.02406	0.03169	0.28304	0.03489	0.18031	0.15177	0.00640	0.01066	0.01502	0.00642	0.00783
43	0.02033	0.02290	0.08970	0.04366	0.38918	0.02085	0.20109	0.02625	0.01917	0.02722	0.01607	0.02125	0.01298	0.00785	0.00981	0.00270	0.04400	0.00820	0.00417	0.01261
44	0.01070	0.00769	0.01007	0.01184	0.01255	0.00721	0.00813	0.01233	0.01651	0.02182	0.04787	0.58588	0.08581	0.05948	0.01249	0.00370	0.00529	0.06598	0.00776	0.00691
45	0.11333	0.02050	0.03086	0.07579	0.51064	0.05169	0.02342	0.02616	0.01889	0.02846	0.01531	0.01996	0.01272	0.00772	0.00800	0.00254	0.00999	0.00711	0.00433	0.01258

[dist]
# distance from previous block
# <min> <max>
47	113

[block]
# block no. 3 follows, 21 sequences, length 13
# corresponding to MSA columns:
# 312-324
name=unknown_D
#
# <colnr> <probs for GDERKNQSTAVLIFYWHMCP>
#	G	D	E	R	K	N	Q	S	T	A	V	L	I	F	Y	W	H	M	C	P
0	0.02579	0.01898	0.02119	0.01734	0.02212	0.02113	0.01398	0.41027	0.03155	0.04318	0.02431	0.11619	0.02114	0.01631	0.05331	0.00344	0.05011	0.01007	0.06747	0.01212
1	0.03235	0.02384	0.02554	0.01958	0.02639	0.02639	0.01618	0.61946	0.04001	0.05363	0.02043	0.02043	0.01447	0.01022	0.00851	0.00255	0.00936	0.00766	0.00851	0.01447
2	0.02117	0.01828	0.01924	0.01732	0.02213	0.02117	0.01347	0.04522	0.63246	0.03560	0.03464	0.03175	0.02598	0.01155	0.00866	0.00289	0.00673	0.00962	0.00866	0.01347
3	0.03222	0.01800	0.10889	0.01593	0.02284	0.01302	0.01468	0.03653	0.02342	0.49463	0.10033	0.03135	0.02635	0.01097	0.00866	0.00265	0.00763	0.00901	0.00942	0.01348
4	0.02607	0.01513	0.01861	0.01399	0.02094	0.01260	0.01132	0.03129	0.06984	0.27651	0.02401	0.02327	0.01704	0.00840	0.00739	0.00194	0.00671	0.00680	0.00751	0.40064
5	0.03100	0.02304	0.02482	0.01894	0.02582	0.02501	0.01562	0.56460	0.03796	0.05126	0.01994	0.02018	0.01430	0.00986	0.00831	0.00244	0.00908	0.00742	0.00819	0.08222
6	0.02143	0.01379	0.04186	0.01443	0.01846	0.01270	0.01155	0.02972	0.17059	0.20600	0.14163	0.20812	0.04119	0.01605	0.00942	0.00292	0.00618	0.01396	0.00890	0.01108
7	0.24551	0.02146	0.04866	0.01526	0.02008	0.13774	0.01260	0.11583	0.05103	0.03556	0.18191	0.02931	0.03001	0.01111	0.00777	0.00257	0.00826	0.00840	0.00676	0.01018
8	0.02640	0.01767	0.02016	0.01641	0.02110	0.01892	0.01302	0.36957	0.03043	0.09094	0.06934	0.07516	0.02311	0.01559	0.01340	0.14196	0.00810	0.00949	0.00780	0.01143
9	0.27110	0.01579	0.06245	0.07429	0.02100	0.01536	0.01217	0.08353	0.01833	0.03170	0.02436	0.19577	0.02429	0.04481	0.00936	0.00307	0.00721	0.01103	0.06523	0.00916
10	0.05058	0.01401	0.06035	0.01234	0.01602	0.03791	0.01049	0.01924	0.07661	0.02796	0.19874	0.06309	0.30022	0.01758	0.00957	0.00286	0.00594	0.06015	0.00771	0.00863
11	0.02449	0.29221	0.05638	0.01910	0.06835	0.20353	0.01542	0.06632	0.02095	0.02511	0.01564	0.01805	0.01301	0.00834	0.00668	0.00208	0.01029	0.00582	0.11757	0.01066
12	0.02303	0.01732	0.01907	0.01622	0.02076	0.01876	0.01297	0.30973	0.11439	0.03987	0.07001	0.08026	0.07762	0.06507	0.01180	0.00325	0.00776	0.07241	0.00818	0.01152

[dist]
# distance from previous block
# <min> <max>
0	1

[block]
# block no. 4 follows, 21 sequences, length 6
# corresponding to MSA columns:
# 326-331
name=unknown_E
#
# <colnr> <probs for GDERKNQSTAVLIFYWHMCP>
#	G	D	E	R	K	N	Q	S	T	A	V	L	I	F	Y	W	H	M	C	P
0	0.02357	0.02276	0.02030	0.13265	0.02749	0.20575	0.01467	0.17244	0.02493	0.03001	0.02796	0.03148	0.10660	0.05661	0.01060	0.00288	0.01024	0.00885	0.06014	0.01010
1	0.02218	0.13978	0.38355	0.02216	0.03158	0.20973	0.02462	0.02878	0.01965	0.02416	0.01415	0.01658	0.01085	0.00817	0.00758	0.00242	0.01287	0.00580	0.00383	0.01155
2	0.05439	0.21937	0.07663	0.11638	0.13991	0.02279	0.13018	0.02414	0.01795	0.02444	0.01772	0.08582	0.01620	0.00949	0.00795	0.00254	0.01026	0.00858	0.00438	0.01090
3	0.01718	0.01750	0.10281	0.02590	0.20202	0.01419	0.01777	0.02310	0.04819	0.05744	0.21941	0.04812	0.04128	0.01386	0.00949	0.00286	0.00784	0.11349	0.00687	0.01070
4	0.02796	0.02224	0.02753	0.02884	0.20648	0.02408	0.01879	0.39016	0.09278	0.04434	0.02056	0.02174	0.01533	0.00958	0.00850	0.00258	0.00932	0.00783	0.00728	0.01408
5	0.01864	0.40237	0.03157	0.01592	0.06299	0.02370	0.01285	0.02114	0.01634	0.02023	0.02126	0.02815	0.06082	0.11898	0.10831	0.00463	0.01071	0.00755	0.00434	0.00950

[dist]
# distance from previous block
# <min> <max>
31	64

[block]
# block no. 5 follows, 21 sequences, length 6
# corresponding to MSA columns:
# 398-403
name=unknown_F
#
# <colnr> <probs for GDERKNQSTAVLIFYWHMCP>
#	G	D	E	R	K	N	Q	S	T	A	V	L	I	F	Y	W	H	M	C	P
0	0.02549	0.11311	0.02447	0.01910	0.05109	0.20445	0.01467	0.16374	0.05267	0.05518	0.02360	0.02560	0.06287	0.01811	0.10461	0.00403	0.01244	0.00776	0.00597	0.01105
1	0.06784	0.01096	0.01206	0.01131	0.01347	0.01121	0.00809	0.10296	0.01917	0.02733	0.07012	0.12968	0.12242	0.18760	0.01995	0.08433	0.00655	0.01274	0.07460	0.00760
2	0.02375	0.07653	0.02793	0.07815	0.22963	0.18908	0.01902	0.08990	0.02182	0.02690	0.01598	0.02010	0.01330	0.01375	0.07351	0.00345	0.01246	0.00682	0.00472	0.05319
3	0.02205	0.01927	0.02061	0.01789	0.02123	0.10361	0.01432	0.20934	0.02327	0.03071	0.01908	0.02479	0.01630	0.03252	0.27916	0.00720	0.11475	0.00794	0.00566	0.01032
4	0.02251	0.02374	0.02523	0.02129	0.02500	0.20405	0.10301	0.05427	0.09775	0.02582	0.01955	0.04885	0.01673	0.01507	0.06095	0.00359	0.15207	0.00837	0.06192	0.01022
5	0.02123	0.01719	0.02097	0.06423	0.11214	0.01912	0.01511	0.03779	0.40754	0.07531	0.02996	0.03159	0.02336	0.07234	0.01171	0.00329	0.00768	0.00937	0.00753	0.01254

[dist]
# distance from previous block
# <min> <max>
0	6

[block]
# block no. 6 follows, 21 sequences, length 14
# corresponding to MSA columns:
# 410-423
name=unknown_G
#
# <colnr> <probs for GDERKNQSTAVLIFYWHMCP>
#	G	D	E	R	K	N	Q	S	T	A	V	L	I	F	Y	W	H	M	C	P
0	0.02079	0.02034	0.03529	0.04853	0.54721	0.02078	0.07776	0.02579	0.01896	0.02720	0.01575	0.02104	0.01326	0.00810	0.01004	0.00265	0.06155	0.00779	0.00418	0.01299
1	0.02680	0.02384	0.02557	0.02098	0.02476	0.10622	0.01718	0.30721	0.02726	0.03630	0.01583	0.01907	0.01272	0.01190	0.01616	0.00298	0.28000	0.00730	0.00609	0.01184
2	0.11290	0.02638	0.25463	0.02075	0.08114	0.01722	0.01971	0.06993	0.01921	0.05386	0.01692	0.01980	0.01296	0.01169	0.05113	0.00308	0.01027	0.00638	0.03281	0.15922
3	0.03235	0.02384	0.02554	0.01958	0.02639	0.02639	0.01618	0.61946	0.04001	0.05363	0.02043	0.02043	0.01447	0.01022	0.00851	0.00255	0.00936	0.00766	0.00851	0.01447
4	0.01397	0.01153	0.01208	0.01291	0.01409	0.06668	0.00883	0.05386	0.01802	0.02305	0.03951	0.50571	0.04615	0.11376	0.01475	0.00392	0.00659	0.01988	0.00726	0.00744
5	0.12399	0.02552	0.02024	0.01788	0.02268	0.23557	0.01387	0.10858	0.23369	0.03318	0.06273	0.02458	0.02089	0.01036	0.00795	0.00257	0.00973	0.00771	0.00681	0.01147
6	0.02725	0.02348	0.02947	0.03440	0.30510	0.07206	0.02065	0.30907	0.02956	0.03957	0.01790	0.02033	0.01376	0.00893	0.00841	0.00251	0.01015	0.00746	0.00627	0.01368
7	0.01453	0.01151	0.01303	0.01133	0.01420	0.01095	0.00818	0.05377	0.01733	0.02340	0.03994	0.05040	0.20090	0.26807	0.02263	0.00455	0.05173	0.01179	0.00604	0.16571
8	0.01204	0.00811	0.00938	0.00971	0.00979	0.00803	0.00561	0.01229	0.01303	0.01737	0.03016	0.16216	0.03516	0.58870	0.03791	0.00745	0.00770	0.01434	0.00561	0.00545
9	0.01052	0.00747	0.00983	0.01165	0.01211	0.00701	0.00769	0.01189	0.01600	0.02133	0.04538	0.64690	0.05436	0.07775	0.01332	0.00382	0.00519	0.02330	0.00769	0.00678
10	0.02669	0.03076	0.02810	0.03411	0.28191	0.35914	0.02023	0.03147	0.06122	0.02465	0.01571	0.01875	0.01296	0.00846	0.00805	0.00237	0.01264	0.00661	0.00459	0.01159
11	0.02056	0.10033	0.03206	0.12085	0.40372	0.06371	0.02244	0.02505	0.01865	0.02496	0.01582	0.02111	0.01343	0.01271	0.06625	0.00345	0.01161	0.00722	0.00413	0.01192
12	0.10243	0.08153	0.03791	0.03925	0.33381	0.02170	0.20821	0.02630	0.01887	0.02809	0.01556	0.02020	0.01261	0.00746	0.00832	0.00258	0.01096	0.00776	0.00431	0.01216
13	0.01957	0.02054	0.11438	0.02044	0.02627	0.01729	0.13605	0.19168	0.02432	0.03283	0.03153	0.22775	0.06947	0.01502	0.00957	0.00293	0.00915	0.01362	0.00674	0.01083

[dist]
# distance from previous block
# <min> <max>
1	9

[block]
# block no. 7 follows, 21 sequences, length 12
# corresponding to MSA columns:
# 433-444
name=unknown_H
#
# <colnr> <probs for GDERKNQSTAVLIFYWHMCP>
#	G	D	E	R	K	N	Q	S	T	A	V	L	I	F	Y	W	H	M	C	P
0	0.06220	0.34888	0.03209	0.01673	0.02143	0.13348	0.01468	0.02461	0.01708	0.02118	0.01350	0.01754	0.01234	0.01680	0.10322	0.00391	0.12061	0.00582	0.00400	0.00992
1	0.02361	0.02056	0.02491	0.02826	0.22078	0.05604	0.01759	0.19939	0.16199	0.03600	0.02959	0.03016	0.09126	0.01094	0.00865	0.00264	0.00874	0.00918	0.00688	0.01282
2	0.01585	0.01150	0.01378	0.01378	0.01585	0.01177	0.00996	0.16337	0.02221	0.02968	0.04030	0.52705	0.04586	0.02256	0.01028	0.00323	0.00604	0.02007	0.00805	0.00880
3	0.01718	0.01426	0.01404	0.01370	0.01639	0.09105	0.01027	0.08859	0.02173	0.05649	0.07798	0.29793	0.16678	0.01999	0.00994	0.00303	0.00688	0.05735	0.00774	0.00871
4	0.02690	0.03022	0.07686	0.02750	0.10660	0.24520	0.12385	0.16646	0.05782	0.03158	0.01717	0.01960	0.01319	0.00877	0.00846	0.00251	0.01250	0.00732	0.00546	0.01204
5	0.01886	0.05820	0.02947	0.08297	0.43220	0.01827	0.02131	0.02359	0.02013	0.02832	0.15290	0.03003	0.02780	0.00977	0.00861	0.00254	0.00880	0.00911	0.00528	0.01187
6	0.01336	0.09073	0.01353	0.01022	0.01115	0.01109	0.00661	0.01386	0.01344	0.01756	0.02751	0.12948	0.03169	0.53581	0.03484	0.00690	0.00794	0.01290	0.00531	0.00605
7	0.02846	0.22229	0.03011	0.01963	0.02481	0.37192	0.01603	0.10000	0.02336	0.02446	0.01351	0.01570	0.01138	0.00894	0.00851	0.00223	0.05776	0.00561	0.00462	0.01067
8	0.01630	0.00983	0.01274	0.01264	0.01455	0.00945	0.00911	0.06748	0.01979	0.10041	0.12667	0.38720	0.04716	0.02234	0.01292	0.09180	0.00574	0.01766	0.00798	0.00824
9	0.10086	0.01412	0.01659	0.01484	0.01938	0.01424	0.01232	0.09838	0.08018	0.20561	0.03937	0.05213	0.10128	0.01534	0.00931	0.00304	0.00720	0.17624	0.00848	0.01107
10	0.01725	0.01657	0.02652	0.43850	0.10371	0.02102	0.02247	0.02180	0.01613	0.02196	0.01411	0.02140	0.01150	0.01020	0.01390	0.00305	0.19877	0.00753	0.00381	0.00979
11	0.02153	0.21105	0.03734	0.04175	0.47365	0.02396	0.02290	0.02594	0.01880	0.02564	0.01485	0.01900	0.01277	0.00750	0.00760	0.00233	0.00983	0.00674	0.00405	0.01277

[dist]
# distance from previous block
# <min> <max>
0	1

[block]
# block no. 8 follows, 21 sequences, length 26
# corresponding to MSA columns:
# 446-471
name=unknown_I
#
# <colnr> <probs for GDERKNQSTAVLIFYWHMCP>
#	G	D	E	R	K	N	Q	S	T	A	V	L	I	F	Y	W	H	M	C	P
0	0.07053	0.05453	0.01902	0.01436	0.01900	0.01914	0.01156	0.31413	0.02791	0.04063	0.02219	0.02662	0.01780	0.08336	0.01112	0.00296	0.00752	0.00788	0.21866	0.01109
1	0.01232	0.00848	0.01042	0.01042	0.01082	0.00887	0.00658	0.01311	0.01271	0.01735	0.02577	0.04990	0.02843	0.53532	0.20549	0.00966	0.01203	0.01153	0.00500	0.00579
2	0.03218	0.02903	0.02510	0.02031	0.02637	0.22531	0.01626	0.43759	0.03507	0.04344	0.01817	0.01885	0.01338	0.00977	0.00825	0.00244	0.01122	0.00698	0.00723	0.01304
3	0.02632	0.03590	0.14199	0.03023	0.18978	0.38094	0.02169	0.03066	0.02177	0.02376	0.01428	0.01731	0.01158	0.00834	0.00794	0.00237	0.01348	0.00617	0.00420	0.01130
4	0.02365	0.01828	0.01967	0.01679	0.02166	0.02054	0.01330	0.24354	0.30299	0.04016	0.02899	0.06146	0.02281	0.01424	0.04068	0.00324	0.00810	0.00948	0.07772	0.01269
5	0.05250	0.03211	0.28537	0.17269	0.13511	0.12788	0.02540	0.02676	0.01886	0.02540	0.01485	0.01888	0.01129	0.00821	0.00804	0.00261	0.01212	0.00656	0.00394	0.01143
6	0.15726	0.01721	0.02692	0.02460	0.10335	0.01758	0.18711	0.05727	0.07988	0.03078	0.04983	0.16139	0.02534	0.01238	0.00890	0.00288	0.00899	0.01167	0.00608	0.01059
7	0.04989	0.01752	0.02038	0.02407	0.18911	0.10105	0.01474	0.02362	0.02070	0.09664	0.11896	0.04225	0.18660	0.01338	0.00979	0.00267	0.04062	0.01102	0.00661	0.01037
8	0.05018	0.02067	0.18187	0.04833	0.02388	0.01474	0.01628	0.04518	0.10251	0.10443	0.08357	0.16528	0.03045	0.01370	0.00873	0.00282	0.00782	0.01164	0.05711	0.01081
9	0.10364	0.02333	0.08009	0.05685	0.08627	0.13603	0.01622	0.03133	0.19469	0.03017	0.08695	0.02636	0.02280	0.01002	0.00800	0.00254	0.00910	0.00799	0.00615	0.06148
10	0.02097	0.02000	0.06008	0.02615	0.11122	0.01888	0.17180	0.16039	0.06571	0.03402	0.08372	0.09777	0.02538	0.01130	0.00916	0.00270	0.00956	0.01071	0.00644	0.05406
11	0.02226	0.01822	0.01924	0.01614	0.02005	0.05878	0.01242	0.22385	0.08761	0.03321	0.02326	0.07452	0.02152	0.16904	0.01816	0.00390	0.07198	0.00962	0.00664	0.08958
12	0.01367	0.00895	0.01020	0.01002	0.01216	0.00815	0.00705	0.01619	0.01663	0.02542	0.03466	0.23038	0.06738	0.11819	0.01326	0.00329	0.00526	0.01349	0.26654	0.11910
13	0.01497	0.01267	0.05297	0.01307	0.01554	0.01122	0.01029	0.09920	0.02087	0.02849	0.18013	0.21136	0.04678	0.18356	0.01806	0.00428	0.00681	0.05410	0.00740	0.00823
14	0.02263	0.34659	0.08761	0.08970	0.06217	0.09195	0.01772	0.05741	0.10150	0.02501	0.01630	0.01831	0.01328	0.00836	0.00697	0.00226	0.01002	0.00611	0.00466	0.01145
15	0.02483	0.02824	0.02688	0.17985	0.19501	0.31533	0.02044	0.02976	0.05473	0.02366	0.01553	0.01941	0.01253	0.00855	0.00811	0.00246	0.01260	0.00673	0.00444	0.01091
16	0.02092	0.29364	0.16380	0.03184	0.27959	0.02540	0.02266	0.02604	0.01828	0.02458	0.01422	0.01754	0.01193	0.00757	0.00720	0.00228	0.01021	0.00613	0.00386	0.01230
17	0.11801	0.02349	0.19128	0.15113	0.17588	0.01789	0.02193	0.02584	0.01879	0.08509	0.07404	0.02419	0.01859	0.00910	0.00809	0.00267	0.00971	0.00764	0.00515	0.01151
18	0.08497	0.01163	0.01428	0.01788	0.10786	0.03661	0.01083	0.01618	0.01678	0.02388	0.03818	0.42827	0.07116	0.06665	0.01199	0.00348	0.00648	0.01798	0.00677	0.00813
19	0.02012	0.16385	0.02321	0.01735	0.04579	0.15807	0.01376	0.02546	0.08574	0.02510	0.09005	0.04693	0.08629	0.01422	0.00876	0.00272	0.00901	0.14756	0.00630	0.00971
20	0.02515	0.07814	0.06474	0.14615	0.16191	0.15502	0.01960	0.03131	0.07802	0.12930	0.01954	0.02171	0.01463	0.00887	0.00807	0.00252	0.01070	0.00718	0.00556	0.01190
21	0.11279	0.08441	0.11841	0.06283	0.13819	0.01729	0.05782	0.02152	0.01712	0.02584	0.02341	0.19517	0.02369	0.01586	0.04598	0.00342	0.00966	0.01129	0.00516	0.01013
22	0.18789	0.01863	0.01958	0.13619	0.13896	0.11703	0.01521	0.02271	0.01859	0.02678	0.03271	0.03462	0.17574	0.01163	0.00803	0.00264	0.00883	0.00927	0.00536	0.00961
23	0.01929	0.02008	0.16321	0.06131	0.08152	0.01440	0.01799	0.05905	0.02076	0.12060	0.03721	0.08311	0.12308	0.01476	0.00943	0.00298	0.00862	0.12510	0.00675	0.01076
24	0.06304	0.01384	0.01782	0.01962	0.13061	0.01392	0.01213	0.05115	0.08415	0.14217	0.05649	0.03996	0.06395	0.23192	0.01964	0.00445	0.00776	0.01034	0.00686	0.01017
25	0.02048	0.29310	0.13453	0.02451	0.13860	0.02431	0.05480	0.02488	0.01783	0.04785	0.01772	0.08447	0.01637	0.01001	0.00886	0.00247	0.05541	0.00800	0.00447	0.01132

[dist]
# distance from previous block
# <min> <max>
17	79

[block]
# block no. 9 follows, 21 sequences, length 12
# corresponding to MSA columns:
# 551-562
name=unknown_J
#
# <colnr> <probs for GDERKNQSTAVLIFYWHMCP>
#	G	D	E	R	K	N	Q	S	T	A	V	L	I	F	Y	W	H	M	C	P
0	0.02116	0.02017	0.01758	0.01607	0.01957	0.18569	0.01217	0.13673	0.02422	0.02989	0.11005	0.22814	0.03601	0.01594	0.00917	0.00271	0.00864	0.03660	0.00708	0.06241
1	0.11896	0.01892	0.01527	0.01391	0.01758	0.18430	0.01065	0.02419	0.04516	0.07320	0.22170	0.04394	0.15177	0.01392	0.00862	0.00258	0.00774	0.01111	0.00729	0.00918
2	0.01677	0.01936	0.10762	0.02214	0.08718	0.01739	0.06731	0.02068	0.01618	0.02352	0.02249	0.02958	0.07122	0.08676	0.06369	0.00412	0.18908	0.00874	0.00459	0.12158
3	0.01363	0.01224	0.01214	0.01325	0.01470	0.09527	0.00952	0.01565	0.01836	0.02277	0.07811	0.45684	0.10049	0.02301	0.01042	0.00324	0.00652	0.07883	0.00750	0.00748
4	0.02203	0.03120	0.24102	0.03118	0.20403	0.10875	0.04553	0.08172	0.06442	0.02904	0.01688	0.01988	0.01306	0.00879	0.00929	0.00264	0.04625	0.00709	0.00470	0.01249
5	0.02338	0.02451	0.02662	0.17650	0.21069	0.19903	0.02028	0.05420	0.12813	0.02691	0.01845	0.02169	0.01453	0.00891	0.00828	0.00257	0.01121	0.00736	0.00511	0.01162
6	0.01631	0.01230	0.01731	0.02166	0.17997	0.01306	0.01248	0.01924	0.01608	0.02481	0.02261	0.03437	0.02111	0.20141	0.05829	0.00469	0.06893	0.00908	0.23754	0.00875
7	0.01615	0.01964	0.13722	0.01875	0.02236	0.05107	0.01780	0.02054	0.01737	0.02368	0.02766	0.05240	0.02812	0.02338	0.10163	0.00486	0.15340	0.24929	0.00555	0.00911
8	0.13853	0.02524	0.01999	0.01771	0.02267	0.24397	0.01373	0.03777	0.24700	0.11327	0.02360	0.02298	0.01758	0.00990	0.00779	0.00257	0.00977	0.00729	0.00691	0.01171
9	0.02955	0.08107	0.02507	0.02021	0.02534	0.39346	0.01578	0.14928	0.12422	0.02953	0.01792	0.01885	0.01405	0.00939	0.00784	0.00235	0.01236	0.00650	0.00582	0.01142
10	0.01787	0.01915	0.08071	0.02477	0.14288	0.06089	0.09933	0.05764	0.02264	0.03091	0.26740	0.07203	0.04182	0.01269	0.00934	0.00267	0.00856	0.01162	0.00668	0.01042
11	0.02563	0.02609	0.11683	0.07776	0.07426	0.14047	0.09348	0.05808	0.07632	0.14826	0.02038	0.02221	0.01485	0.00945	0.00984	0.00269	0.05775	0.00768	0.00591	0.01205

[dist]
# distance from previous block
# <min> <max>
51	91

[block]
# block no. 10 follows, 21 sequences, length 28
# corresponding to MSA columns:
# 658-685
name=unknown_K
#
# <colnr> <probs for GDERKNQSTAVLIFYWHMCP>
#	G	D	E	R	K	N	Q	S	T	A	V	L	I	F	Y	W	H	M	C	P
0	0.02799	0.02394	0.05932	0.02533	0.12662	0.06611	0.04519	0.30576	0.11586	0.08455	0.02175	0.02237	0.01590	0.00966	0.00851	0.00260	0.00976	0.00788	0.00726	0.01363
1	0.10400	0.05703	0.09051	0.12365	0.23136	0.13361	0.04395	0.06875	0.02058	0.02823	0.01502	0.01888	0.01194	0.00816	0.00786	0.00252	0.01111	0.00672	0.00452	0.01160
2	0.02555	0.15362	0.02531	0.01700	0.02215	0.17527	0.01369	0.21497	0.02560	0.03124	0.01944	0.07316	0.01783	0.08579	0.01157	0.00293	0.01007	0.00816	0.00596	0.06068
3	0.15731	0.03009	0.16165	0.06416	0.02874	0.22488	0.05385	0.05118	0.02048	0.05675	0.01600	0.01857	0.01211	0.00857	0.00748	0.00249	0.01143	0.00631	0.05729	0.01066
4	0.05970	0.13529	0.03062	0.05512	0.23166	0.18029	0.01923	0.13611	0.02365	0.02983	0.01523	0.01810	0.01236	0.00835	0.00764	0.00235	0.01097	0.00646	0.00498	0.01202
5	0.02554	0.02790	0.02789	0.04831	0.02943	0.27106	0.12339	0.09446	0.09040	0.02791	0.01719	0.01982	0.01355	0.00908	0.00954	0.00246	0.05741	0.00715	0.00529	0.09220
6	0.03866	0.00994	0.01271	0.01314	0.01511	0.01017	0.01034	0.01837	0.06794	0.02760	0.21413	0.13468	0.05152	0.07042	0.08356	0.00472	0.00792	0.19324	0.00773	0.00808
7	0.47460	0.01699	0.01939	0.14005	0.15409	0.01929	0.01529	0.02465	0.01595	0.03309	0.01330	0.01691	0.01048	0.00794	0.00650	0.00265	0.00817	0.00575	0.00478	0.01014
8	0.01665	0.01590	0.02840	0.31305	0.12630	0.01719	0.14238	0.02157	0.01774	0.02371	0.05041	0.06325	0.02009	0.09180	0.01315	0.00347	0.01072	0.00990	0.00461	0.00971
9	0.01880	0.01783	0.02920	0.04325	0.51677	0.01753	0.02207	0.02325	0.01938	0.02681	0.03047	0.03359	0.14343	0.01046	0.00876	0.00260	0.00892	0.00972	0.00497	0.01218
10	0.02018	0.01932	0.03295	0.16307	0.54389	0.01999	0.02568	0.02535	0.01896	0.02673	0.01585	0.02135	0.01310	0.00775	0.00844	0.00258	0.01033	0.00758	0.00414	0.01277
