[name]
unknown

[dist]
# distance from previous block
# <min> <max>
7	31

[block]
# block no. 0 follows, 23 sequences, length 13
# corresponding to MSA columns:
# 33-45
name=unknown_A
#
# <colnr> <probs for GDERKNQSTAVLIFYWHMCP>
#	G	D	E	R	K	N	Q	S	T	A	V	L	I	F	Y	W	H	M	C	P
0	0.01375	0.01108	0.01046	0.01054	0.01160	0.08092	0.00695	0.01511	0.01556	0.02055	0.07933	0.17246	0.06394	0.33141	0.02328	0.00496	0.00700	0.01316	0.10159	0.00636
1	0.02194	0.05414	0.01869	0.01601	0.01932	0.31136	0.01207	0.06138	0.05745	0.02324	0.08551	0.03080	0.05681	0.11149	0.08142	0.00412	0.01171	0.00838	0.00540	0.00877
2	0.01464	0.01027	0.01277	0.01198	0.01414	0.01056	0.00892	0.09789	0.01967	0.04937	0.17757	0.14075	0.08959	0.12431	0.17415	0.00589	0.00959	0.01304	0.00690	0.00800
3	0.01557	0.01215	0.01618	0.01918	0.13258	0.01226	0.01195	0.11093	0.01952	0.02613	0.03524	0.26230	0.08359	0.12743	0.01448	0.00372	0.00698	0.07455	0.00657	0.00869
4	0.01525	0.01090	0.01264	0.03342	0.01524	0.01142	0.00905	0.10885	0.06761	0.02675	0.03464	0.21205	0.07780	0.15795	0.03908	0.00415	0.00684	0.03904	0.10925	0.00810
5	0.02091	0.01570	0.01775	0.01380	0.01925	0.01515	0.01104	0.24295	0.02504	0.03575	0.10485	0.02511	0.02215	0.01036	0.00877	0.04751	0.00669	0.00737	0.05692	0.29291
6	0.01335	0.03854	0.01174	0.01050	0.01198	0.00946	0.00784	0.01504	0.01398	0.02099	0.02448	0.03367	0.04977	0.10254	0.26017	0.13782	0.01151	0.00862	0.21143	0.00658
7	0.12054	0.13939	0.35940	0.02055	0.06488	0.07259	0.02184	0.02491	0.01720	0.02550	0.01735	0.01941	0.04733	0.00832	0.00705	0.00240	0.01033	0.00617	0.00398	0.01087
8	0.01943	0.10685	0.22234	0.09957	0.26443	0.07295	0.05258	0.02529	0.01801	0.02430	0.01436	0.01821	0.01139	0.00750	0.00764	0.00240	0.01093	0.00648	0.00376	0.01157
9	0.25720	0.10574	0.02289	0.05747	0.05322	0.20284	0.04066	0.02696	0.01791	0.07548	0.01417	0.01668	0.01124	0.00998	0.03103	0.00272	0.03362	0.00567	0.00475	0.00978
10	0.01787	0.01760	0.01717	0.14505	0.02444	0.16595	0.01307	0.05681	0.01840	0.02230	0.02779	0.03358	0.11701	0.07637	0.13905	0.00490	0.03629	0.00898	0.04907	0.00830
11	0.01486	0.15130	0.16839	0.01372	0.01936	0.01509	0.01376	0.01923	0.01843	0.02535	0.21187	0.03862	0.10360	0.06581	0.01040	0.00270	0.00717	0.00979	0.00576	0.08478
12	0.01580	0.02021	0.14895	0.51718	0.05092	0.01837	0.07103	0.02208	0.01662	0.02208	0.01460	0.02080	0.01083	0.00794	0.00815	0.00268	0.01126	0.00716	0.00361	0.00973

[dist]
# distance from previous block
# <min> <max>
6	10

[block]
# block no. 1 follows, 23 sequences, length 48
# corresponding to MSA columns:
# 58-105
name=unknown_B
#
# <colnr> <probs for GDERKNQSTAVLIFYWHMCP>
#	G	D	E	R	K	N	Q	S	T	A	V	L	I	F	Y	W	H	M	C	P
0	0.01843	0.05476	0.06950	0.02008	0.12074	0.19064	0.01425	0.02254	0.04639	0.02361	0.08876	0.04091	0.23159	0.01286	0.00833	0.00244	0.00867	0.01041	0.00572	0.00936
1	0.18242	0.02065	0.11314	0.12018	0.10740	0.04367	0.01721	0.10594	0.02018	0.10685	0.02058	0.04874	0.04067	0.00948	0.00751	0.00255	0.00878	0.00752	0.00564	0.01090
2	0.07610	0.09506	0.02076	0.09710	0.06667	0.01805	0.01365	0.08478	0.14658	0.02790	0.02184	0.05675	0.01853	0.02112	0.15603	0.00480	0.01081	0.00817	0.04520	0.01009
3	0.02251	0.02814	0.13160	0.02298	0.10675	0.25704	0.01801	0.09787	0.02099	0.02517	0.01611	0.02019	0.01333	0.02001	0.15867	0.00470	0.01446	0.00664	0.00454	0.01032
4	0.10622	0.02434	0.25757	0.05544	0.02844	0.01581	0.09170	0.02622	0.01904	0.15035	0.12132	0.02646	0.02288	0.00948	0.00803	0.00258	0.00920	0.00811	0.00584	0.01099
5	0.01570	0.00838	0.00854	0.00825	0.01023	0.00851	0.00613	0.05084	0.01773	0.03023	0.02603	0.03145	0.02110	0.06381	0.00855	0.00238	0.00437	0.00788	0.66222	0.00769
6	0.02382	0.06742	0.10622	0.03195	0.26503	0.19675	0.05397	0.10865	0.02206	0.02748	0.01486	0.01790	0.01187	0.00788	0.00774	0.00233	0.01131	0.00652	0.00451	0.01172
7	0.02867	0.07221	0.02590	0.02305	0.07121	0.53751	0.04298	0.06248	0.02294	0.02218	0.01320	0.01550	0.01087	0.00821	0.00739	0.00214	0.01362	0.00562	0.00433	0.01000
8	0.00976	0.00757	0.00889	0.00995	0.01141	0.00670	0.00693	0.01145	0.01683	0.02124	0.06113	0.43308	0.31953	0.02329	0.01002	0.00305	0.00445	0.02047	0.00753	0.00670
9	0.01020	0.00805	0.00919	0.00931	0.01144	0.00705	0.00683	0.01267	0.01933	0.02486	0.24663	0.17652	0.38877	0.02018	0.00971	0.00278	0.00412	0.01738	0.00795	0.00705
10	0.01683	0.01442	0.01683	0.01202	0.01923	0.01082	0.00961	0.02043	0.01683	0.02644	0.01442	0.01683	0.01202	0.00601	0.00601	0.00120	0.00601	0.00481	0.00481	0.76444
11	0.01144	0.00777	0.00913	0.00940	0.00966	0.00763	0.00562	0.01204	0.01349	0.01816	0.08845	0.16618	0.03806	0.53121	0.03302	0.00658	0.00695	0.01400	0.00574	0.00546
12	0.01165	0.00847	0.01193	0.01193	0.01299	0.00954	0.00876	0.01378	0.01271	0.01801	0.02275	0.03750	0.02273	0.23425	0.51262	0.01167	0.01806	0.00952	0.00450	0.00663
13	0.01001	0.00711	0.00938	0.01114	0.01158	0.00667	0.00736	0.01133	0.01529	0.02039	0.04348	0.66702	0.05210	0.07008	0.01236	0.00359	0.00491	0.02234	0.00736	0.00648
14	0.03031	0.03867	0.02299	0.02090	0.02508	0.68226	0.01568	0.03240	0.02299	0.01986	0.01254	0.01463	0.01045	0.00836	0.00732	0.00209	0.01463	0.00523	0.00418	0.00941
15	0.02782	0.02705	0.02166	0.01866	0.02364	0.28956	0.01453	0.17656	0.21259	0.07341	0.02150	0.02125	0.01611	0.00958	0.00784	0.00239	0.01037	0.00707	0.00669	0.01173
16	0.01537	0.04278	0.01747	0.01367	0.01771	0.01326	0.01079	0.01800	0.01563	0.02330	0.02161	0.20051	0.02273	0.01275	0.01105	0.00223	0.13782	0.01007	0.00523	0.38802
17	0.02047	0.06861	0.34509	0.02477	0.03382	0.17401	0.16801	0.02726	0.01894	0.02410	0.01437	0.01747	0.01080	0.00762	0.00794	0.00246	0.01285	0.00658	0.00376	0.01107
18	0.01218	0.00929	0.01309	0.01279	0.01377	0.01089	0.00959	0.01430	0.01270	0.01818	0.02166	0.03558	0.02159	0.20874	0.47657	0.01101	0.07753	0.00928	0.00441	0.00685
19	0.01817	0.01245	0.01452	0.01279	0.01541	0.01347	0.00965	0.20371	0.02082	0.02901	0.02340	0.03276	0.03964	0.16513	0.16581	0.09591	0.01052	0.00882	0.09963	0.00836
20	0.02979	0.03670	0.02281	0.02055	0.02487	0.61262	0.01551	0.06430	0.05748	0.02224	0.01400	0.01573	0.01140	0.00858	0.00741	0.00214	0.01390	0.00555	0.00460	0.00982
21	0.01143	0.00934	0.01063	0.01024	0.01336	0.00786	0.00787	0.01387	0.01771	0.02286	0.05850	0.17162	0.36501	0.01880	0.00923	0.00266	0.00497	0.08600	0.00701	0.15103
22	0.02062	0.01440	0.01656	0.01475	0.01821	0.01515	0.01128	0.29160	0.02601	0.06837	0.03281	0.36629	0.03414	0.01763	0.00924	0.00287	0.00670	0.01526	0.00792	0.01018
23	0.10937	0.02179	0.02413	0.17707	0.03110	0.18855	0.08693	0.02375	0.01689	0.02234	0.01390	0.02051	0.01206	0.06364	0.01402	0.00310	0.15086	0.00697	0.00407	0.00896
24	0.01733	0.17439	0.54965	0.02132	0.03233	0.02144	0.02684	0.02542	0.01701	0.02441	0.01392	0.01633	0.01031	0.00756	0.00722	0.00241	0.01134	0.00567	0.00344	0.01168
25	0.00986	0.00831	0.00859	0.00874	0.01141	0.00704	0.00670	0.01204	0.01851	0.02210	0.07918	0.07913	0.61361	0.02069	0.00971	0.00282	0.00437	0.06277	0.00753	0.00690
26	0.03077	0.03394	0.02304	0.02007	0.02485	0.50729	0.01541	0.15887	0.02617	0.06322	0.01509	0.01638	0.01170	0.00874	0.00753	0.00219	0.01301	0.00583	0.00533	0.01057
27	0.01053	0.00781	0.00945	0.00991	0.01155	0.00704	0.00710	0.01299	0.01880	0.02520	0.24912	0.29448	0.23409	0.02056	0.00969	0.00284	0.00422	0.01806	0.03954	0.00704
28	0.03085	0.02273	0.02435	0.01867	0.02516	0.02516	0.01542	0.63716	0.03815	0.05114	0.01948	0.01948	0.01380	0.00974	0.00812	0.00244	0.00893	0.00731	0.00812	0.01380
29	0.08326	0.11188	0.02624	0.09027	0.13364	0.37826	0.01715	0.02839	0.02010	0.02224	0.01294	0.01593	0.01076	0.00792	0.00709	0.00219	0.01208	0.00559	0.00408	0.01002
30	0.02350	0.08126	0.05652	0.01769	0.02244	0.25374	0.01448	0.03331	0.23539	0.05847	0.02166	0.02270	0.01700	0.01542	0.08745	0.00363	0.01164	0.00711	0.00580	0.01077
31	0.01169	0.00831	0.01108	0.01108	0.01185	0.00908	0.00770	0.01323	0.01246	0.01738	0.02353	0.04182	0.02460	0.36710	0.38233	0.01062	0.01524	0.01015	0.00461	0.00615
32	0.03024	0.02243	0.02401	0.01855	0.02493	0.02488	0.01528	0.60349	0.07281	0.05016	0.02025	0.02009	0.01442	0.00981	0.00813	0.00245	0.00879	0.00741	0.00813	0.01375
33	0.00991	0.00760	0.00911	0.01027	0.01167	0.00681	0.00724	0.01166	0.01680	0.02133	0.05905	0.44095	0.28667	0.02342	0.01010	0.00310	0.00459	0.04546	0.00753	0.00673
34	0.01777	0.01692	0.02875	0.36393	0.36819	0.01867	0.02375	0.02287	0.01738	0.02370	0.01485	0.02084	0.01186	0.00766	0.00807	0.00255	0.01021	0.00722	0.00382	0.01098
35	0.01261	0.00753	0.01094	0.01125	0.01172	0.00784	0.00783	0.01180	0.01212	0.01654	0.02183	0.14203	0.02315	0.07332	0.20127	0.39764	0.01060	0.01040	0.00448	0.00510
36	0.08141	0.22571	0.02610	0.01575	0.02159	0.26669	0.01303	0.02625	0.01879	0.02266	0.01258	0.01464	0.01073	0.00727	0.00619	0.00179	0.01000	0.00480	0.00421	0.20984
37	0.01133	0.00900	0.01075	0.03934	0.01401	0.00843	0.00796	0.01550	0.05332	0.02780	0.36567	0.06443	0.30763	0.01754	0.00945	0.00265	0.00438	0.01506	0.00810	0.00766
38	0.02475	0.02845	0.02246	0.02004	0.02320	0.36221	0.01560	0.03135	0.15812	0.02287	0.01655	0.01890	0.01366	0.01049	0.01264	0.00262	0.19454	0.00659	0.00491	0.01002
39	0.01159	0.00869	0.01304	0.01304	0.01449	0.01014	0.01014	0.01449	0.01304	0.01884	0.02173	0.03188	0.02029	0.06086	0.68268	0.01304	0.02173	0.00869	0.00435	0.00724
40	0.01069	0.00836	0.00987	0.01058	0.01271	0.00753	0.00830	0.01323	0.01845	0.02315	0.10852	0.16915	0.37023	0.02144	0.01013	0.00307	0.00506	0.17487	0.00762	0.00704
41	0.01159	0.00869	0.01304	0.01304	0.01449	0.01014	0.01014	0.01449	0.01304	0.01884	0.02173	0.03188	0.02029	0.06086	0.68268	0.01304	0.02173	0.00869	0.00435	0.00724
42	0.01180	0.00787	0.00885	0.00885	0.00885	0.00787	0.00492	0.01180	0.01180	0.01573	0.02557	0.05310	0.02950	0.71483	0.04130	0.00787	0.00787	0.01180	0.00492	0.00492
43	0.01728	0.03540	0.47577	0.02837	0.10859	0.01923	0.14917	0.02566	0.01769	0.02585	0.01501	0.01841	0.01098	0.00748	0.00812	0.00258	0.01206	0.00685	0.00363	0.01188
44	0.01308	0.01061	0.01613	0.01785	0.09166	0.01226	0.01226	0.01600	0.01358	0.01967	0.02028	0.03028	0.01905	0.07836	0.52539	0.01083	0.07197	0.00853	0.00427	0.00794
45	0.01610	0.01184	0.01312	0.01177	0.01437	0.01205	0.00861	0.17793	0.02203	0.02906	0.11377	0.12869	0.17278	0.21039	0.01808	0.00413	0.00647	0.01346	0.00713	0.00822
46	0.03045	0.03445	0.02335	0.02031	0.02511	0.50804	0.01561	0.19275	0.02701	0.02815	0.01438	0.01592	0.01134	0.00873	0.00753	0.00218	0.01312	0.00578	0.00522	0.01057
47	0.01945	0.28347	0.16123	0.09465	0.02698	0.08092	0.01790	0.02375	0.01673	0.02192	0.01395	0.01736	0.01156	0.00848	0.00882	0.00228	0.09141	0.00575	0.08340	0.01000

[dist]
# distance from previous block
# <min> <max>
0	1

[block]
# block no. 2 follows, 23 sequences, length 8
# corresponding to MSA columns:
# 107-114
name=unknown_C
#
# <colnr> <probs for GDERKNQSTAVLIFYWHMCP>
#	G	D	E	R	K	N	Q	S	T	A	V	L	I	F	Y	W	H	M	C	P
0	0.02385	0.14723	0.19587	0.02400	0.12255	0.12041	0.02038	0.19540	0.02390	0.03088	0.01518	0.01716	0.01169	0.00817	0.00739	0.00230	0.01062	0.00615	0.00493	0.01197
1	0.01179	0.00898	0.00957	0.00938	0.01092	0.00872	0.00621	0.01492	0.07914	0.02000	0.04843	0.06054	0.27553	0.37234	0.02557	0.00535	0.00625	0.01361	0.00628	0.00648
2	0.01333	0.00929	0.01113	0.01065	0.01153	0.00984	0.00702	0.06426	0.01428	0.01940	0.02416	0.04530	0.02602	0.50182	0.19016	0.00864	0.01123	0.01069	0.00505	0.00620
3	0.01070	0.00826	0.00976	0.00938	0.01164	0.00732	0.00704	0.01379	0.02112	0.02814	0.42060	0.06785	0.31864	0.01823	0.00958	0.00263	0.00394	0.01569	0.00835	0.00732
4	0.03031	0.03867	0.02299	0.02090	0.02508	0.68226	0.01568	0.03240	0.02299	0.01986	0.01254	0.01463	0.01045	0.00836	0.00732	0.00209	0.01463	0.00523	0.00418	0.00941
5	0.01129	0.00792	0.01021	0.01066	0.01119	0.00823	0.00707	0.01247	0.01305	0.01782	0.02897	0.20206	0.03251	0.36033	0.22183	0.00830	0.01118	0.01355	0.00537	0.00599
6	0.02531	0.02991	0.02449	0.02699	0.17490	0.42054	0.01744	0.02811	0.02032	0.02131	0.01397	0.01779	0.01199	0.01356	0.07451	0.00332	0.05527	0.00615	0.00412	0.00998
7	0.00980	0.00740	0.00907	0.01040	0.01153	0.00667	0.00713	0.01140	0.01640	0.02107	0.05570	0.52460	0.23152	0.02399	0.01013	0.00313	0.00453	0.02133	0.00753	0.00667

[dist]
# distance from previous block
# <min> <max>
0	4

[block]
# block no. 3 follows, 23 sequences, length 16
# corresponding to MSA columns:
# 119-134
name=unknown_D
#
# <colnr> <probs for GDERKNQSTAVLIFYWHMCP>
#	G	D	E	R	K	N	Q	S	T	A	V	L	I	F	Y	W	H	M	C	P
0	0.01900	0.01617	0.02095	0.01804	0.02014	0.02035	0.01475	0.15979	0.04439	0.02711	0.01688	0.02287	0.01482	0.02697	0.21732	0.00609	0.31196	0.00771	0.00502	0.00967
1	0.02885	0.02117	0.02272	0.01764	0.02345	0.02335	0.01432	0.57154	0.03539	0.04742	0.02012	0.02301	0.01545	0.08373	0.01160	0.00301	0.00882	0.00778	0.00778	0.01287
2	0.09664	0.01285	0.01671	0.04172	0.13820	0.01294	0.01238	0.02310	0.09141	0.11033	0.06599	0.17741	0.13859	0.01463	0.00859	0.00273	0.00634	0.01264	0.00695	0.00984
3	0.01407	0.08180	0.01738	0.01406	0.01586	0.01440	0.01116	0.04370	0.01479	0.02059	0.02298	0.13981	0.02355	0.06978	0.35345	0.00827	0.11113	0.01047	0.00487	0.00788
4	0.01136	0.00829	0.01068	0.01008	0.01205	0.00760	0.00756	0.01508	0.02268	0.03186	0.62321	0.06172	0.11370	0.01684	0.00957	0.00256	0.00385	0.01483	0.00884	0.00760
5	0.02080	0.11801	0.03380	0.04340	0.54370	0.05289	0.02292	0.02518	0.01842	0.02515	0.01458	0.01883	0.01240	0.00724	0.00760	0.00230	0.00975	0.00673	0.00395	0.01235
6	0.02310	0.13652	0.07773	0.05830	0.29295	0.19418	0.02054	0.05884	0.02019	0.02462	0.01406	0.01736	0.01162	0.00768	0.00738	0.00224	0.01097	0.00617	0.00413	0.01141
7	0.01121	0.00828	0.01046	0.00992	0.01195	0.00754	0.00744	0.01478	0.02232	0.03099	0.57566	0.06316	0.16181	0.01717	0.00957	0.00258	0.00387	0.01503	0.00873	0.00754
8	0.01680	0.03618	0.51146	0.07297	0.07830	0.01902	0.10137	0.02534	0.01740	0.02544	0.01482	0.01820	0.01073	0.00760	0.00798	0.00259	0.01196	0.00659	0.00356	0.01172
9	0.01002	0.00712	0.00938	0.01113	0.01157	0.00668	0.00735	0.01133	0.01528	0.02037	0.04339	0.66385	0.05199	0.07340	0.01251	0.00361	0.00493	0.02228	0.00735	0.00647
10	0.01160	0.00864	0.01278	0.01278	0.01413	0.01000	0.00981	0.01432	0.01296	0.01864	0.02198	0.03321	0.02087	0.10205	0.64227	0.01271	0.02086	0.00889	0.00438	0.00710
11	0.01650	0.04062	0.63457	0.02472	0.07270	0.01887	0.02968	0.02565	0.01721	0.02575	0.01460	0.01731	0.01043	0.00768	0.00773	0.00256	0.01185	0.00607	0.00346	0.01204
12	0.01210	0.00944	0.01401	0.01372	0.01505	0.01135	0.01077	0.01490	0.01299	0.01889	0.02083	0.03072	0.01950	0.05703	0.62887	0.01226	0.07737	0.00856	0.00428	0.00738
13	0.01572	0.02131	0.19570	0.26635	0.06968	0.01664	0.02064	0.02410	0.09800	0.02626	0.13797	0.02875	0.02488	0.00991	0.00829	0.00263	0.00920	0.00853	0.00517	0.01025
14	0.02086	0.26721	0.08557	0.01677	0.02182	0.11946	0.01537	0.07788	0.01893	0.02313	0.02218	0.02409	0.10073	0.01073	0.01067	0.00241	0.14054	0.00717	0.00456	0.00993
15	0.01833	0.01949	0.02161	0.20974	0.17230	0.16998	0.01707	0.02194	0.01891	0.02214	0.03238	0.03482	0.18583	0.01131	0.00831	0.00251	0.00964	0.00942	0.00489	0.00938

[dist]
# distance from previous block
# <min> <max>
5	9

[block]
# block no. 4 follows, 23 sequences, length 20
# corresponding to MSA columns:
# 144-163
name=unknown_E
#
# <colnr> <probs for GDERKNQSTAVLIFYWHMCP>
#	G	D	E	R	K	N	Q	S	T	A	V	L	I	F	Y	W	H	M	C	P
0	0.05089	0.10866	0.04754	0.14061	0.16042	0.01972	0.01766	0.10264	0.06432	0.17881	0.02008	0.02149	0.01458	0.00859	0.00762	0.00243	0.00873	0.00707	0.00609	0.01204
1	0.01805	0.02714	0.26697	0.11871	0.32392	0.01904	0.06082	0.02474	0.01774	0.02547	0.01497	0.01929	0.01163	0.00749	0.00801	0.00252	0.01087	0.00691	0.00375	0.01196
2	0.02302	0.25786	0.16766	0.02343	0.12173	0.23170	0.01949	0.02723	0.01897	0.02184	0.01297	0.01545	0.01076	0.00759	0.00682	0.00212	0.01139	0.00540	0.00377	0.01080
3	0.05554	0.18635	0.05137	0.07796	0.02320	0.01837	0.01353	0.08419	0.02163	0.21681	0.14316	0.02804	0.02624	0.01013	0.00755	0.00234	0.00749	0.00806	0.00696	0.01106
4	0.02147	0.02204	0.13770	0.01953	0.05251	0.01864	0.05902	0.28892	0.02710	0.03649	0.06197	0.03523	0.12381	0.01194	0.00864	0.00261	0.00870	0.04553	0.00673	0.01142
5	0.06679	0.28312	0.24327	0.01850	0.02550	0.05803	0.01969	0.02421	0.01607	0.02247	0.01230	0.01537	0.01031	0.00870	0.01026	0.00243	0.14341	0.00546	0.00360	0.01048
6	0.11706	0.14279	0.02580	0.02321	0.14510	0.31873	0.01557	0.02714	0.01914	0.02277	0.01360	0.01788	0.01201	0.05644	0.00916	0.00254	0.01119	0.00581	0.00419	0.00985
7	0.01827	0.03344	0.36806	0.01997	0.02751	0.17725	0.02153	0.02414	0.01820	0.02318	0.02075	0.16987	0.01993	0.01179	0.00820	0.00261	0.01102	0.00959	0.00452	0.01017
8	0.01030	0.00825	0.00920	0.00896	0.01139	0.00715	0.00672	0.01301	0.02016	0.02588	0.29744	0.07158	0.44321	0.01907	0.00958	0.00267	0.00400	0.01621	0.00806	0.00715
9	0.02079	0.02052	0.03152	0.04614	0.58788	0.06497	0.02366	0.02633	0.05052	0.02643	0.01597	0.02022	0.01329	0.00750	0.00799	0.00241	0.00982	0.00719	0.00424	0.01262
10	0.01167	0.00849	0.00989	0.00973	0.01068	0.00866	0.00650	0.01280	0.01387	0.01851	0.03820	0.05375	0.18040	0.39677	0.11310	0.00680	0.03985	0.01228	0.04205	0.00599
11	0.01059	0.00761	0.00951	0.01027	0.01119	0.00711	0.00691	0.01233	0.01675	0.02249	0.18222	0.37267	0.11390	0.15896	0.01621	0.00398	0.00508	0.01838	0.00733	0.00652
12	0.01388	0.01164	0.01527	0.01630	0.07939	0.01293	0.01096	0.01842	0.09001	0.02140	0.03359	0.04239	0.14464	0.18085	0.18187	0.00645	0.09580	0.01072	0.00542	0.00808
13	0.01598	0.01352	0.01765	0.14609	0.02452	0.01607	0.01347	0.05395	0.16955	0.02434	0.02521	0.03223	0.05135	0.10933	0.16830	0.00579	0.08894	0.00908	0.00548	0.00915
14	0.01051	0.00826	0.00949	0.00918	0.01152	0.00724	0.00689	0.01342	0.02066	0.02705	0.36149	0.06964	0.37843	0.01863	0.00958	0.00265	0.00397	0.01594	0.00821	0.00724
15	0.01852	0.11524	0.29905	0.02573	0.08745	0.02110	0.15882	0.02824	0.11626	0.02631	0.01751	0.01998	0.01323	0.00790	0.00793	0.00252	0.01088	0.00719	0.00439	0.01177
16	0.02022	0.08238	0.02894	0.05471	0.18120	0.04565	0.13067	0.05149	0.01857	0.06914	0.01755	0.02357	0.01482	0.08107	0.04493	0.00334	0.01030	0.00760	0.00478	0.10908
17	0.01895	0.54698	0.03446	0.01289	0.01876	0.02611	0.01240	0.02152	0.01699	0.01991	0.02629	0.02958	0.13381	0.01035	0.00636	0.00204	0.00776	0.04081	0.00445	0.00958
18	0.04696	0.18745	0.03095	0.09583	0.34590	0.02080	0.01928	0.02314	0.01816	0.02527	0.09351	0.02325	0.01977	0.00841	0.00743	0.00230	0.00868	0.00734	0.00449	0.01111
19	0.02993	0.03008	0.02373	0.01987	0.02493	0.33846	0.01566	0.31766	0.02963	0.03463	0.01573	0.01708	0.01204	0.00931	0.00867	0.00233	0.04650	0.00630	0.00601	0.01146

[dist]
# distance from previous block
# <min> <max>
1	10

[block]
# block no. 5 follows, 23 sequences, length 20
# corresponding to MSA columns:
# 174-193
name=unknown_F
#
# <colnr> <probs for GDERKNQSTAVLIFYWHMCP>
#	G	D	E	R	K	N	Q	S	T	A	V	L	I	F	Y	W	H	M	C	P
0	0.14617	0.07606	0.08951	0.06869	0.05963	0.14087	0.01717	0.02368	0.01599	0.02344	0.01265	0.01715	0.01088	0.01245	0.04803	0.00325	0.21480	0.00609	0.00396	0.00953
1	0.02264	0.02516	0.11483	0.02135	0.09503	0.16556	0.03890	0.05969	0.05776	0.07520	0.01689	0.01867	0.01298	0.00774	0.00730	0.00204	0.00972	0.00615	0.00513	0.23726
2	0.23617	0.02329	0.14369	0.02536	0.20324	0.09481	0.01800	0.02395	0.01704	0.02772	0.01730	0.10188	0.01594	0.00978	0.00731	0.00254	0.00909	0.00790	0.00465	0.01034
3	0.01965	0.20222	0.32236	0.02651	0.16840	0.07989	0.02369	0.02576	0.01778	0.02375	0.01374	0.01655	0.01089	0.00747	0.00713	0.00229	0.01090	0.00579	0.00363	0.01157
4	0.01830	0.01730	0.03037	0.03937	0.42329	0.01711	0.10861	0.02315	0.01862	0.02591	0.02196	0.03719	0.02076	0.01076	0.00900	0.00277	0.00970	0.14968	0.00484	0.01131
5	0.01532	0.01442	0.02434	0.69533	0.05589	0.01803	0.02253	0.02073	0.01622	0.02073	0.01442	0.02163	0.01082	0.00811	0.00811	0.00270	0.01082	0.00721	0.00361	0.00901
6	0.01429	0.01193	0.01295	0.01252	0.01553	0.01255	0.00939	0.02525	0.28844	0.02740	0.08490	0.18739	0.23082	0.01726	0.00918	0.00285	0.00521	0.01482	0.00792	0.00941
7	0.01180	0.00787	0.00885	0.00885	0.00885	0.00787	0.00492	0.01180	0.01180	0.01573	0.02557	0.05310	0.02950	0.71483	0.04130	0.00787	0.00787	0.01180	0.00492	0.00492
8	0.01159	0.00869	0.01304	0.01304	0.01449	0.01014	0.01014	0.01449	0.01304	0.01884	0.02173	0.03188	0.02029	0.06086	0.68268	0.01304	0.02173	0.00869	0.00435	0.00724
9	0.01166	0.00781	0.00889	0.00903	0.00907	0.00777	0.00511	0.01176	0.01208	0.01610	0.02699	0.10180	0.03129	0.66369	0.03900	0.00753	0.00763	0.01264	0.00511	0.00504
10	0.01170	0.00962	0.01047	0.01002	0.01280	0.00907	0.00758	0.01738	0.11424	0.02668	0.23580	0.06606	0.40286	0.01802	0.00938	0.00269	0.00438	0.01525	0.00803	0.00797
11	0.00996	0.00830	0.00873	0.00880	0.01142	0.00707	0.00672	0.01225	0.01884	0.02287	0.12335	0.07763	0.57760	0.02037	0.00969	0.00279	0.00430	0.05473	0.00764	0.00695
12	0.01816	0.01905	0.02324	0.10316	0.02636	0.14378	0.07659	0.02127	0.01574	0.02017	0.01530	0.02220	0.01363	0.02534	0.21190	0.00588	0.21807	0.00747	0.00397	0.00872
13	0.02321	0.01757	0.01931	0.01599	0.02120	0.01875	0.01268	0.25830	0.22989	0.06716	0.02689	0.10806	0.02232	0.01160	0.00816	0.00248	0.00712	0.00956	0.00774	0.11200
14	0.16764	0.02162	0.01879	0.01942	0.09889	0.19279	0.01334	0.05451	0.15045	0.02893	0.05300	0.02842	0.09865	0.01055	0.00757	0.00246	0.00867	0.00812	0.00596	0.01021
15	0.05161	0.01517	0.02006	0.02462	0.21824	0.03843	0.01485	0.04666	0.06574	0.02529	0.03253	0.03788	0.15314	0.05495	0.09122	0.00417	0.06069	0.02951	0.00547	0.00976
16	0.10797	0.01893	0.17391	0.01367	0.01961	0.01271	0.01361	0.04272	0.01920	0.05321	0.16114	0.04001	0.17491	0.01241	0.00801	0.00242	0.00677	0.01012	0.00628	0.10242
17	0.02012	0.02517	0.14443	0.01849	0.02489	0.15337	0.06252	0.07842	0.01992	0.02615	0.01826	0.10247	0.01663	0.00992	0.00837	0.00222	0.03576	0.00804	0.00495	0.21990
18	0.02554	0.14850	0.02532	0.01825	0.02291	0.30820	0.01464	0.09890	0.14129	0.02630	0.04008	0.01968	0.01591	0.00941	0.00845	0.00230	0.05180	0.00650	0.00540	0.01062
19	0.01789	0.10315	0.01735	0.01313	0.01551	0.15769	0.00962	0.05218	0.01675	0.01971	0.02298	0.06033	0.04486	0.31595	0.09459	0.00577	0.01073	0.00948	0.00488	0.00743

[dist]
# distance from previous block
# <min> <max>
0	3

[block]
# block no. 6 follows, 23 sequences, length 17
# corresponding to MSA columns:
# 197-213
name=unknown_G
#
# <colnr> <probs for GDERKNQSTAVLIFYWHMCP>
#	G	D	E	R	K	N	Q	S	T	A	V	L	I	F	Y	W	H	M	C	P
0	0.02558	0.25756	0.03068	0.02097	0.09810	0.15155	0.01586	0.19833	0.07464	0.03023	0.01601	0.01733	0.01280	0.00835	0.00699	0.00216	0.00981	0.00606	0.00535	0.01165
1	0.04658	0.01989	0.12349	0.10319	0.02686	0.01755	0.01628	0.10660	0.20980	0.09861	0.06308	0.03150	0.05602	0.01100	0.00827	0.00267	0.00801	0.03221	0.00691	0.01148
2	0.01469	0.00770	0.00824	0.00824	0.01007	0.00788	0.00622	0.01836	0.01653	0.02885	0.02589	0.03045	0.02073	0.01577	0.08890	0.00326	0.00599	0.00770	0.66700	0.00752
3	0.01088	0.00831	0.01005	0.01001	0.01215	0.00748	0.00765	0.01395	0.02058	0.02734	0.36192	0.10107	0.28281	0.01901	0.00978	0.00277	0.00433	0.07440	0.00822	0.00730
4	0.02710	0.13818	0.02649	0.02242	0.08891	0.48561	0.01609	0.02959	0.02109	0.02037	0.01305	0.01574	0.01114	0.01046	0.03830	0.00258	0.01355	0.00546	0.00406	0.00981
5	0.01068	0.00826	0.00973	0.00937	0.01163	0.00731	0.00703	0.01376	0.02108	0.02804	0.41540	0.06801	0.32390	0.01827	0.00958	0.00263	0.00395	0.01571	0.00834	0.00731
6	0.09628	0.01987	0.01815	0.12512	0.02567	0.18239	0.01439	0.02760	0.15839	0.02585	0.02745	0.03884	0.05601	0.01247	0.00837	0.00276	0.00927	0.13567	0.00596	0.00949
7	0.01065	0.00777	0.01018	0.01183	0.01293	0.00731	0.00875	0.01272	0.01669	0.02176	0.04889	0.47717	0.12658	0.02407	0.01048	0.00334	0.00533	0.16920	0.00752	0.00684
8	0.02201	0.29806	0.26780	0.01845	0.02712	0.02553	0.02014	0.17826	0.02215	0.02952	0.01453	0.01614	0.01121	0.00792	0.00685	0.00221	0.00995	0.00569	0.00462	0.01184
9	0.01048	0.00795	0.00973	0.01046	0.01213	0.00720	0.00772	0.01287	0.01844	0.02403	0.18872	0.29733	0.25546	0.02161	0.01003	0.00300	0.00463	0.08337	0.00783	0.00700
10	0.14824	0.03324	0.02137	0.01930	0.02326	0.52084	0.01475	0.02995	0.02064	0.02249	0.01218	0.01466	0.01020	0.00872	0.00856	0.00228	0.07053	0.00525	0.00426	0.00926
11	0.00976	0.00823	0.00845	0.00839	0.01106	0.00692	0.00630	0.01197	0.01889	0.02285	0.13282	0.07656	0.60972	0.02020	0.00959	0.00272	0.00409	0.01691	0.00766	0.00692
12	0.40651	0.01433	0.01626	0.25679	0.02971	0.01684	0.01359	0.02168	0.01580	0.03029	0.09216	0.02205	0.01785	0.00885	0.00669	0.00259	0.00761	0.00667	0.00499	0.00873
13	0.10701	0.01212	0.01421	0.01517	0.08082	0.01171	0.01028	0.01967	0.08625	0.02656	0.06695	0.15457	0.18687	0.01495	0.00835	0.00256	0.00574	0.03975	0.00657	0.12988
14	0.01392	0.00998	0.01218	0.01109	0.01359	0.00984	0.00865	0.01661	0.01965	0.09084	0.25164	0.06000	0.33041	0.01744	0.01153	0.00276	0.08985	0.01420	0.00774	0.00806
15	0.01875	0.09247	0.02409	0.12664	0.18304	0.03824	0.01605	0.06731	0.02063	0.05035	0.17559	0.02933	0.02826	0.00985	0.00790	0.00229	0.00791	0.00849	0.00571	0.08708
16	0.11051	0.19239	0.02385	0.13764	0.07402	0.09122	0.01404	0.02117	0.01703	0.02272	0.02486	0.13362	0.08353	0.01175	0.00742	0.00245	0.00839	0.00948	0.00487	0.00907

[dist]
# distance from previous block
# <min> <max>
0	35

[block]
# block no. 7 follows, 23 sequences, length 42
# corresponding to MSA columns:
# 256-297
name=unknown_H
#
# <colnr> <probs for GDERKNQSTAVLIFYWHMCP>
#	G	D	E	R	K	N	Q	S	T	A	V	L	I	F	Y	W	H	M	C	P
0	0.07825	0.05360	0.04517	0.10335	0.04990	0.05944	0.01469	0.22801	0.02466	0.07983	0.06672	0.08488	0.02174	0.04276	0.00948	0.00276	0.00852	0.00895	0.00651	0.01080
1	0.22783	0.21638	0.05392	0.06675	0.07877	0.08133	0.01402	0.02331	0.01724	0.02644	0.07687	0.02230	0.04787	0.00895	0.00655	0.00228	0.00827	0.00657	0.00473	0.00962
2	0.01431	0.07677	0.06814	0.15916	0.05618	0.01479	0.06064	0.01847	0.01674	0.02186	0.03268	0.04172	0.14849	0.02236	0.14157	0.00476	0.01129	0.07636	0.00501	0.00871
3	0.02097	0.02263	0.04845	0.01798	0.04832	0.21721	0.01400	0.07142	0.14044	0.02704	0.06244	0.03921	0.10568	0.01268	0.00849	0.00258	0.00919	0.08986	0.00633	0.03508
4	0.01581	0.02069	0.19565	0.02116	0.12556	0.01351	0.04000	0.02105	0.01882	0.05106	0.12923	0.03816	0.13747	0.01161	0.00837	0.00244	0.00790	0.02972	0.00570	0.10609
5	0.07417	0.06260	0.14089	0.01641	0.02123	0.19799	0.01503	0.02276	0.01933	0.02472	0.13535	0.07416	0.08347	0.01244	0.00898	0.00253	0.04357	0.02977	0.00548	0.00910
6	0.07391	0.02566	0.16527	0.08063	0.21379	0.08793	0.11838	0.02509	0.01766	0.02517	0.01421	0.01857	0.01132	0.00817	0.00978	0.00260	0.07998	0.00691	0.00392	0.01105
7	0.01361	0.02196	0.25586	0.04838	0.02486	0.01330	0.06257	0.01968	0.04435	0.02423	0.06345	0.20464	0.14005	0.01491	0.00897	0.00281	0.00824	0.01309	0.00569	0.00936
8	0.01836	0.01714	0.02891	0.04236	0.53261	0.01743	0.02191	0.02279	0.01738	0.02496	0.01657	0.02247	0.01436	0.01809	0.14469	0.00456	0.01209	0.00753	0.00408	0.01172
9	0.02210	0.02578	0.07830	0.06349	0.39163	0.18406	0.06693	0.02675	0.01947	0.02454	0.01459	0.01870	0.01195	0.00755	0.00795	0.00238	0.01139	0.00681	0.00401	0.01165
10	0.02419	0.21222	0.02888	0.05983	0.02490	0.13202	0.01584	0.18404	0.05093	0.02838	0.01466	0.01722	0.01202	0.00962	0.01096	0.00245	0.14976	0.00621	0.00503	0.01084
11	0.01732	0.01610	0.02692	0.13610	0.44338	0.01653	0.02104	0.02154	0.01755	0.02449	0.02111	0.15997	0.02082	0.01104	0.00852	0.00263	0.00881	0.01044	0.00467	0.01102
12	0.01283	0.01100	0.01755	0.05437	0.14480	0.01070	0.05776	0.01555	0.01660	0.02232	0.03763	0.44997	0.07784	0.01931	0.00968	0.00302	0.00661	0.01780	0.00639	0.00828
13	0.01487	0.01274	0.01450	0.01099	0.01699	0.00974	0.00868	0.01805	0.01728	0.02522	0.03277	0.03341	0.18769	0.00995	0.00698	0.00162	0.00550	0.00814	0.00555	0.55934
14	0.01856	0.01837	0.19163	0.01552	0.02068	0.01144	0.01507	0.02273	0.01812	0.18754	0.03321	0.31043	0.03294	0.01653	0.00913	0.00293	0.00741	0.05077	0.00706	0.00994
15	0.01866	0.01926	0.02472	0.02127	0.02158	0.07232	0.01760	0.02046	0.01319	0.01955	0.01079	0.01753	0.01064	0.01378	0.02523	0.00345	0.65050	0.00697	0.00360	0.00891
16	0.02276	0.10401	0.02616	0.02033	0.02262	0.26459	0.01657	0.02474	0.01672	0.01960	0.01141	0.01609	0.01055	0.01127	0.01721	0.00282	0.37344	0.00611	0.00377	0.00924
17	0.02359	0.02593	0.02953	0.03989	0.44505	0.24663	0.02174	0.02747	0.02003	0.02423	0.01433	0.01821	0.01203	0.00762	0.00779	0.00230	0.01135	0.00654	0.00407	0.01167
18	0.13593	0.07474	0.02347	0.01780	0.02349	0.20434	0.01444	0.34142	0.02902	0.03824	0.01584	0.01680	0.01193	0.00885	0.00725	0.00230	0.01009	0.00611	0.00627	0.01165
19	0.01159	0.00869	0.01304	0.01304	0.01449	0.01014	0.01014	0.01449	0.01304	0.01884	0.02173	0.03188	0.02029	0.06086	0.68268	0.01304	0.02173	0.00869	0.00435	0.00724
20	0.00959	0.00822	0.00822	0.00822	0.01096	0.00685	0.00617	0.01165	0.01850	0.02192	0.08220	0.07809	0.66092	0.02055	0.00959	0.00274	0.00411	0.01713	0.00754	0.00685
21	0.00979	0.00823	0.00850	0.00843	0.01108	0.00693	0.00632	0.01203	0.01896	0.02303	0.14276	0.07626	0.59967	0.02013	0.00959	0.00272	0.00408	0.01687	0.00768	0.00693
22	0.01045	0.00825	0.00941	0.00912	0.01149	0.00721	0.00684	0.01330	0.02052	0.02672	0.34319	0.07019	0.39694	0.01876	0.00958	0.00266	0.00398	0.01602	0.00817	0.00721
23	0.01920	0.01838	0.03135	0.16911	0.55178	0.01905	0.02446	0.02413	0.01806	0.02544	0.01511	0.02037	0.01248	0.00739	0.00805	0.00246	0.00986	0.00723	0.00394	0.01214
24	0.01925	0.41354	0.32725	0.01806	0.02728	0.02612	0.02116	0.02493	0.01678	0.02208	0.01276	0.01488	0.01035	0.00729	0.00634	0.00211	0.01017	0.00509	0.00345	0.01113
25	0.03031	0.03867	0.02299	0.02090	0.02508	0.68226	0.01568	0.03240	0.02299	0.01986	0.01254	0.01463	0.01045	0.00836	0.00732	0.00209	0.01463	0.00523	0.00418	0.00941
26	0.01159	0.00869	0.01304	0.01304	0.01449	0.01014	0.01014	0.01449	0.01304	0.01884	0.02173	0.03188	0.02029	0.06086	0.68268	0.01304	0.02173	0.00869	0.00435	0.00724
27	0.01262	0.01018	0.01579	0.19744	0.02528	0.01211	0.01311	0.01598	0.01381	0.01912	0.02004	0.03067	0.01840	0.09482	0.45275	0.00986	0.01776	0.00852	0.00419	0.00755
28	0.01159	0.00869	0.01304	0.01304	0.01449	0.01014	0.01014	0.01449	0.01304	0.01884	0.02173	0.03188	0.02029	0.06086	0.68268	0.01304	0.02173	0.00869	0.00435	0.00724
29	0.02872	0.01324	0.01670	0.01348	0.01850	0.01245	0.01090	0.07726	0.07502	0.40818	0.11054	0.03180	0.02731	0.01086	0.00802	0.00245	0.00621	0.00893	0.10730	0.01213
30	0.02458	0.01921	0.02065	0.01652	0.02236	0.02067	0.01334	0.34189	0.21231	0.04101	0.02612	0.02543	0.05191	0.01016	0.00794	0.00237	0.00752	0.00803	0.00765	0.12034
31	0.02979	0.08544	0.02472	0.01992	0.02479	0.49684	0.01549	0.15843	0.02569	0.02635	0.01390	0.01553	0.01115	0.00855	0.00733	0.00214	0.01300	0.00560	0.00495	0.01040
32	0.18120	0.20862	0.36953	0.01808	0.02728	0.02208	0.02130	0.02494	0.01625	0.02633	0.01302	0.01523	0.00999	0.00748	0.00649	0.00234	0.00991	0.00523	0.00378	0.01090
33	0.01968	0.50158	0.05957	0.01429	0.02018	0.02637	0.01375	0.05176	0.01679	0.02084	0.01413	0.01768	0.01277	0.01910	0.15614	0.00432	0.01172	0.00552	0.00389	0.00993
34	0.01167	0.00838	0.01144	0.01144	0.01234	0.00927	0.00815	0.01346	0.01257	0.01765	0.02320	0.03998	0.02381	0.31066	0.43769	0.01106	0.01644	0.00988	0.00456	0.00636
35	0.01798	0.01883	0.01738	0.01794	0.06456	0.22131	0.01276	0.02072	0.01680	0.01985	0.02117	0.02774	0.04611	0.03868	0.39135	0.00837	0.01783	0.00789	0.00442	0.00831
36	0.01154	0.00814	0.01002	0.00990	0.01074	0.00822	0.00656	0.01297	0.01457	0.01987	0.14416	0.05199	0.08223	0.40488	0.16314	0.00758	0.00967	0.01208	0.00572	0.00603
37	0.02551	0.02582	0.02319	0.19151	0.03250	0.26160	0.01704	0.19434	0.09508	0.03012	0.01718	0.01947	0.01304	0.00897	0.00784	0.00241	0.01120	0.00673	0.00555	0.01088
38	0.01188	0.00874	0.01083	0.01113	0.01283	0.00804	0.00811	0.01388	0.01617	0.02177	0.08395	0.23585	0.09838	0.19709	0.01780	0.00421	0.00610	0.13583	0.00665	0.09076
39	0.02203	0.10449	0.17485	0.07814	0.22348	0.21354	0.02201	0.02690	0.01911	0.02318	0.01383	0.01719	0.01117	0.00770	0.00746	0.00230	0.01161	0.00606	0.00384	0.01112
40	0.02359	0.10832	0.13164	0.11371	0.03143	0.29823	0.07045	0.06042	0.02049	0.02286	0.01374	0.01702	0.01093	0.00867	0.00830	0.02763	0.01238	0.00606	0.00409	0.01005
41	0.04874	0.04719	0.09048	0.01726	0.04249	0.19588	0.01436	0.09447	0.04924	0.10313	0.06009	0.03265	0.14733	0.01148	0.00803	0.00242	0.00918	0.00890	0.00630	0.01037

[dist]
# distance from previous block
# <min> <max>
0	6

[block]
# block no. 8 follows, 23 sequences, length 12
# corresponding to MSA columns:
# 304-315
name=unknown_I
#
# <colnr> <probs for GDERKNQSTAVLIFYWHMCP>
#	G	D	E	R	K	N	Q	S	T	A	V	L	I	F	Y	W	H	M	C	P
0	0.01999	0.14695	0.36957	0.02533	0.12668	0.12803	0.02432	0.02643	0.01818	0.02382	0.01382	0.01651	0.01072	0.00762	0.00729	0.00233	0.01153	0.00579	0.00364	0.01145
1	0.02057	0.38877	0.25187	0.01974	0.06382	0.08622	0.02010	0.02554	0.01741	0.02182	0.01273	0.01496	0.01051	0.00735	0.00641	0.00209	0.01039	0.00515	0.00355	0.01099
2	0.01784	0.01352	0.01546	0.01322	0.01682	0.01380	0.01000	0.18068	0.05808	0.02922	0.02690	0.09906	0.05719	0.17209	0.10871	0.00500	0.00916	0.01023	0.00626	0.13677
3	0.01369	0.01192	0.01447	0.01404	0.01552	0.07000	0.01081	0.01624	0.01378	0.01876	0.02040	0.03082	0.01937	0.09818	0.53180	0.01104	0.06898	0.00849	0.00431	0.00739
4	0.01926	0.01063	0.01351	0.01204	0.01559	0.00998	0.00954	0.02343	0.05823	0.22278	0.15199	0.05040	0.19755	0.02226	0.11092	0.00425	0.00789	0.04206	0.00810	0.00958
5	0.02157	0.59729	0.03880	0.01482	0.02087	0.07327	0.01411	0.02409	0.01649	0.01916	0.01176	0.01424	0.01085	0.00979	0.03521	0.00236	0.05690	0.00477	0.00356	0.01011
6	0.01631	0.15250	0.20280	0.01638	0.02194	0.04883	0.01648	0.05052	0.01804	0.02372	0.02701	0.23948	0.02851	0.01503	0.00850	0.00276	0.00853	0.08774	0.00549	0.00942
7	0.02163	0.02382	0.03101	0.03313	0.25819	0.19345	0.16272	0.02588	0.01951	0.02422	0.01679	0.06657	0.01486	0.00861	0.00822	0.00238	0.01130	0.00817	0.00438	0.06517
8	0.30910	0.05160	0.01932	0.01626	0.05856	0.02000	0.01246	0.23892	0.02375	0.06503	0.06016	0.02059	0.01655	0.01167	0.04090	0.00297	0.00817	0.00666	0.00641	0.01092
9	0.13941	0.06479	0.02500	0.02696	0.20815	0.31548	0.01699	0.02892	0.01996	0.06254	0.01422	0.01667	0.01146	0.00793	0.00711	0.00225	0.01115	0.00581	0.00457	0.01062
10	0.01955	0.09823	0.07769	0.13052	0.29759	0.04837	0.16297	0.02486	0.01820	0.02443	0.01481	0.01952	0.01191	0.00731	0.00804	0.00245	0.01099	0.00728	0.00389	0.01141
11	0.01704	0.01671	0.09116	0.02188	0.11885	0.01412	0.09985	0.05670	0.01869	0.07158	0.06784	0.03597	0.11572	0.06284	0.14922	0.00505	0.01142	0.00998	0.00558	0.00979

[dist]
# distance from previous block
# <min> <max>
0	1

[block]
# block no. 9 follows, 23 sequences, length 61
# corresponding to MSA columns:
# 317-377
name=unknown_J
#
# <colnr> <probs for GDERKNQSTAVLIFYWHMCP>
#	G	D	E	R	K	N	Q	S	T	A	V	L	I	F	Y	W	H	M	C	P
0	0.04414	0.00896	0.01055	0.01020	0.01252	0.00843	0.00776	0.01574	0.04569	0.02919	0.40615	0.08598	0.22321	0.01759	0.00943	0.00269	0.00430	0.04157	0.00826	0.00765
1	0.01164	0.01051	0.01003	0.00970	0.01233	0.05740	0.00727	0.01418	0.02003	0.02462	0.23233	0.06866	0.45535	0.01858	0.00942	0.00264	0.00482	0.01558	0.00766	0.00726
2	0.01055	0.00826	0.00956	0.00923	0.01155	0.00726	0.00692	0.01351	0.02077	0.02732	0.37603	0.06920	0.36373	0.01854	0.00958	0.00264	0.00397	0.01588	0.00825	0.00726
3	0.01159	0.00869	0.01304	0.01304	0.01449	0.01014	0.01014	0.01449	0.01304	0.01884	0.02173	0.03188	0.02029	0.06086	0.68268	0.01304	0.02173	0.00869	0.00435	0.00724
4	0.02834	0.02448	0.02275	0.01860	0.02423	0.14534	0.01489	0.39159	0.17320	0.04149	0.02125	0.02102	0.01565	0.00977	0.00800	0.00244	0.00942	0.00734	0.00742	0.01277
5	0.01266	0.00858	0.01109	0.01030	0.01249	0.00783	0.00778	0.01633	0.02269	0.06503	0.58932	0.06004	0.11197	0.01651	0.00950	0.00256	0.00401	0.01450	0.00890	0.00792
6	0.01139	0.00844	0.01031	0.01128	0.01262	0.00802	0.00787	0.05800	0.01777	0.02320	0.04976	0.54155	0.16280	0.02335	0.01005	0.00313	0.00491	0.02080	0.00758	0.00718
7	0.01033	0.00749	0.00905	0.01009	0.01086	0.00697	0.00660	0.01149	0.01511	0.01964	0.04665	0.42197	0.15947	0.20411	0.01828	0.00438	0.00542	0.01904	0.00685	0.00620
8	0.01139	0.00793	0.00873	0.00873	0.00924	0.00768	0.00515	0.01177	0.01304	0.01688	0.03602	0.05771	0.14606	0.58667	0.03545	0.00692	0.00717	0.01278	0.00540	0.00527
9	0.01368	0.01130	0.01258	0.01182	0.01503	0.01114	0.00889	0.02200	0.19921	0.02703	0.13147	0.17228	0.22123	0.01668	0.00898	0.00266	0.00504	0.01434	0.00765	0.08700
10	0.01845	0.16947	0.30903	0.02550	0.03505	0.02213	0.25718	0.02553	0.01777	0.02449	0.01461	0.01812	0.01108	0.00723	0.00792	0.00247	0.01197	0.00703	0.00369	0.01128
11	0.01180	0.00787	0.00885	0.00885	0.00885	0.00787	0.00492	0.01180	0.01180	0.01573	0.02557	0.05310	0.02950	0.71483	0.04130	0.00787	0.00787	0.01180	0.00492	0.00492
12	0.02622	0.09963	0.02741	0.05313	0.17017	0.27640	0.01769	0.15509	0.04879	0.02835	0.01534	0.01760	0.01226	0.00834	0.00749	0.00225	0.01123	0.00625	0.00502	0.01132
13	0.01944	0.02765	0.23041	0.03696	0.34339	0.05981	0.08765	0.02641	0.04250	0.02608	0.01568	0.01941	0.01231	0.00755	0.00806	0.00249	0.01096	0.00704	0.00402	0.01218
14	0.01747	0.02811	0.29313	0.02579	0.09477	0.02154	0.06120	0.02301	0.01540	0.02318	0.01309	0.01799	0.01083	0.01037	0.01590	0.00298	0.30416	0.00681	0.00358	0.01069
15	0.25016	0.01780	0.01497	0.01310	0.01752	0.13712	0.01034	0.02913	0.06007	0.17496	0.02103	0.02165	0.01538	0.00891	0.00651	0.00231	0.00741	0.00642	0.17515	0.01003
16	0.02994	0.03486	0.02332	0.02050	0.02496	0.53296	0.01571	0.14652	0.02547	0.02577	0.01379	0.01567	0.01109	0.00884	0.00820	0.00221	0.03938	0.00569	0.00490	0.01022
17	0.00959	0.00822	0.00822	0.00822	0.01096	0.00685	0.00617	0.01165	0.01850	0.02192	0.08220	0.07809	0.66092	0.02055	0.00959	0.00274	0.00411	0.01713	0.00754	0.00685
18	0.02537	0.02141	0.02661	0.02991	0.25943	0.05063	0.01856	0.30285	0.11595	0.03833	0.01953	0.02101	0.01484	0.00894	0.00807	0.00246	0.00908	0.00745	0.00646	0.01313
19	0.01170	0.00782	0.00888	0.00898	0.00900	0.00780	0.00505	0.01177	0.01199	0.01599	0.02656	0.08728	0.03076	0.67894	0.03969	0.00763	0.00770	0.01239	0.00505	0.00500
20	0.01343	0.01154	0.04627	0.01213	0.01396	0.01123	0.00910	0.01874	0.12335	0.02031	0.02519	0.04118	0.02504	0.36821	0.21759	0.00818	0.01180	0.01015	0.00526	0.00733
21	0.03085	0.02273	0.02435	0.01867	0.02516	0.02516	0.01542	0.63716	0.03815	0.05114	0.01948	0.01948	0.01380	0.00974	0.00812	0.00244	0.00893	0.00731	0.00812	0.01380
22	0.01350	0.01083	0.01462	0.01365	0.01442	0.01216	0.03692	0.03893	0.01447	0.01992	0.02783	0.24639	0.03178	0.30019	0.02601	0.00513	0.14678	0.01406	0.00554	0.00686
23	0.00998	0.00714	0.00950	0.01123	0.01179	0.00666	0.00754	0.01154	0.01599	0.02144	0.08231	0.66990	0.05507	0.02488	0.01031	0.00325	0.00465	0.02255	0.00762	0.00666
24	0.02318	0.02102	0.02323	0.02489	0.16760	0.08939	0.01634	0.14755	0.32926	0.03398	0.02439	0.02436	0.01857	0.00965	0.00808	0.00255	0.00846	0.00798	0.00685	0.01267
25	0.09553	0.02524	0.21476	0.07410	0.03241	0.02088	0.17115	0.02341	0.01584	0.02471	0.01353	0.01840	0.01077	0.00940	0.01343	0.00290	0.21235	0.00712	0.00381	0.01027
26	0.12705	0.48060	0.16767	0.01533	0.02303	0.02741	0.01647	0.02452	0.01624	0.02290	0.01196	0.01389	0.01015	0.00718	0.00569	0.00202	0.00902	0.00469	0.00368	0.01051
27	0.01150	0.01116	0.03823	0.01497	0.10678	0.00918	0.00992	0.01436	0.01873	0.02343	0.10773	0.06612	0.50284	0.01785	0.00929	0.00267	0.00521	0.01509	0.00695	0.00798
28	0.02475	0.02819	0.06145	0.02351	0.11395	0.29212	0.01687	0.07142	0.22902	0.02768	0.02020	0.02099	0.01569	0.00912	0.00780	0.00240	0.01073	0.00698	0.00569	0.01144
29	0.02094	0.02148	0.03108	0.04241	0.49796	0.11156	0.05870	0.02543	0.01942	0.02591	0.05433	0.02190	0.01638	0.00794	0.00812	0.00239	0.01022	0.00754	0.00435	0.01194
30	0.06080	0.02043	0.20420	0.01928	0.08739	0.01446	0.01675	0.06483	0.01615	0.02397	0.01706	0.02446	0.01495	0.07000	0.16678	0.14580	0.01220	0.00731	0.00426	0.00893
31	0.02428	0.02724	0.02885	0.03794	0.40180	0.29149	0.02112	0.02798	0.02033	0.02378	0.01415	0.01785	0.01187	0.00769	0.00774	0.00228	0.01169	0.00641	0.00408	0.01144
32	0.03031	0.03867	0.02299	0.02090	0.02508	0.68226	0.01568	0.03240	0.02299	0.01986	0.01254	0.01463	0.01045	0.00836	0.00732	0.00209	0.01463	0.00523	0.00418	0.00941
33	0.01151	0.00783	0.00885	0.00899	0.00921	0.00770	0.00519	0.01175	0.01252	0.01651	0.03071	0.10366	0.07274	0.61790	0.03691	0.00719	0.00738	0.01299	0.00528	0.00517
