[name]
unknown

[dist]
# distance from previous block
# <min> <max>
0	15

[block]
# block no. 0 follows, 19 sequences, length 55
# corresponding to MSA columns:
# 15-69
name=unknown_A
#
# <colnr> <probs for GDERKNQSTAVLIFYWHMCP>
#	G	D	E	R	K	N	Q	S	T	A	V	L	I	F	Y	W	H	M	C	P
0	0.01696	0.01282	0.01737	0.05809	0.02254	0.01388	0.01569	0.07964	0.02220	0.02926	0.04028	0.08229	0.04253	0.02165	0.01294	0.00388	0.05335	0.43770	0.00775	0.00918
1	0.02171	0.01978	0.03047	0.10754	0.39345	0.02083	0.02313	0.06800	0.11682	0.03132	0.02224	0.06542	0.01895	0.01019	0.00907	0.00281	0.00980	0.00942	0.00568	0.01336
2	0.02598	0.24183	0.03151	0.02225	0.10250	0.12573	0.01639	0.03433	0.15698	0.09085	0.05100	0.02425	0.02013	0.00985	0.00787	0.00246	0.00973	0.00757	0.00629	0.01251
3	0.03008	0.03725	0.02320	0.02115	0.02536	0.54651	0.01586	0.03269	0.02535	0.02414	0.11216	0.02429	0.02325	0.01068	0.00847	0.00239	0.01422	0.00744	0.00545	0.01006
4	0.07748	0.01729	0.02226	0.02520	0.15181	0.04871	0.01629	0.02603	0.08023	0.07742	0.02700	0.18117	0.02637	0.01720	0.03653	0.00360	0.13584	0.01216	0.00641	0.01099
5	0.11559	0.01543	0.01677	0.01443	0.01907	0.01615	0.01167	0.18042	0.02441	0.03636	0.03253	0.03885	0.10416	0.02175	0.11161	0.00452	0.00992	0.05266	0.08303	0.09067
6	0.14043	0.02541	0.06267	0.12001	0.13336	0.16854	0.01886	0.07127	0.02127	0.02916	0.01953	0.02441	0.04264	0.04597	0.01103	0.00304	0.03865	0.00765	0.00511	0.01098
7	0.01649	0.01395	0.01811	0.02184	0.14831	0.05173	0.01363	0.02081	0.02329	0.03239	0.35095	0.05543	0.05682	0.01566	0.00994	0.00284	0.00680	0.07401	0.05724	0.00978
8	0.02256	0.02382	0.03026	0.28403	0.27906	0.15700	0.02424	0.02747	0.02049	0.02517	0.01582	0.02150	0.01273	0.00862	0.00872	0.00271	0.01233	0.00748	0.00429	0.01171
9	0.14397	0.02965	0.02106	0.01907	0.02360	0.33799	0.01463	0.05804	0.11058	0.02904	0.04063	0.02250	0.01752	0.01594	0.07490	0.00378	0.01341	0.00714	0.00583	0.01072
10	0.02577	0.02229	0.02043	0.01697	0.02229	0.11941	0.01350	0.30648	0.03188	0.03972	0.04429	0.04308	0.22685	0.01464	0.00937	0.00274	0.00900	0.01145	0.00804	0.01178
11	0.01301	0.00867	0.00976	0.00976	0.00976	0.00867	0.00542	0.01301	0.01301	0.01735	0.02819	0.05855	0.03253	0.68559	0.04554	0.00867	0.00867	0.01301	0.00542	0.00542
12	0.01151	0.00908	0.01045	0.01073	0.01318	0.00803	0.00817	0.01435	0.02120	0.02699	0.20384	0.14522	0.37994	0.02244	0.01085	0.00316	0.00494	0.07945	0.00865	0.00780
13	0.01278	0.00959	0.01438	0.01438	0.01598	0.01118	0.01118	0.01598	0.01438	0.02077	0.02396	0.03515	0.02237	0.06710	0.65013	0.01438	0.02396	0.00959	0.00479	0.00799
14	0.03169	0.03552	0.02377	0.02096	0.02578	0.46054	0.01602	0.14175	0.02782	0.02974	0.01698	0.01905	0.01348	0.00964	0.00804	0.00235	0.01362	0.00648	0.08571	0.01107
15	0.02135	0.24258	0.22818	0.03231	0.22443	0.02568	0.05267	0.02757	0.01925	0.02632	0.01525	0.01874	0.01240	0.00801	0.00783	0.00249	0.01131	0.00666	0.00404	0.01292
16	0.02022	0.02377	0.13012	0.04470	0.45451	0.01958	0.02618	0.02608	0.02015	0.02860	0.02341	0.03097	0.05471	0.01011	0.00914	0.00281	0.01050	0.04643	0.00483	0.01320
17	0.01202	0.00891	0.01121	0.01107	0.01308	0.00810	0.00814	0.01548	0.02316	0.03177	0.44055	0.16875	0.17350	0.02061	0.01070	0.00298	0.00443	0.01813	0.00934	0.00810
18	0.02309	0.03180	0.17550	0.03457	0.25623	0.19413	0.02398	0.02840	0.02106	0.02631	0.01920	0.08827	0.01745	0.01054	0.00882	0.00270	0.01221	0.00885	0.00473	0.01217
19	0.01934	0.14738	0.48106	0.02693	0.09782	0.02318	0.02962	0.02799	0.01893	0.02725	0.01555	0.01850	0.01165	0.00831	0.00809	0.00267	0.01236	0.00646	0.00385	0.01304
20	0.01085	0.00799	0.01017	0.01191	0.01283	0.00731	0.00806	0.01252	0.01765	0.02305	0.05596	0.58424	0.15039	0.02716	0.01128	0.00353	0.00508	0.02438	0.00831	0.00731
21	0.01959	0.01085	0.01359	0.01261	0.01564	0.01031	0.00954	0.02479	0.07059	0.16128	0.22997	0.18384	0.05105	0.01709	0.00960	0.00288	0.00538	0.01489	0.12642	0.01009
22	0.01621	0.03094	0.36900	0.02245	0.06285	0.01674	0.02404	0.02376	0.01903	0.02796	0.11579	0.03031	0.02564	0.02275	0.14800	0.00532	0.01396	0.00887	0.00501	0.01137
23	0.02241	0.02891	0.16592	0.04521	0.43881	0.08668	0.02761	0.02851	0.02057	0.02827	0.01635	0.02081	0.01328	0.00822	0.00870	0.00266	0.01176	0.00745	0.00431	0.01357
24	0.01146	0.00882	0.01048	0.01065	0.01278	0.00784	0.00776	0.01433	0.02161	0.02844	0.28992	0.20733	0.29209	0.02212	0.01075	0.00307	0.00455	0.01925	0.00891	0.00784
25	0.01241	0.01020	0.01106	0.01065	0.01365	0.00940	0.00804	0.01772	0.08687	0.02873	0.22638	0.07520	0.41671	0.02034	0.01041	0.00297	0.00473	0.01720	0.00880	0.00851
26	0.01564	0.01048	0.01207	0.01183	0.01366	0.01036	0.00803	0.01995	0.09537	0.07338	0.04427	0.18657	0.13171	0.29781	0.02500	0.00549	0.00699	0.01582	0.00744	0.00811
27	0.01088	0.00785	0.01031	0.01228	0.01293	0.00728	0.00822	0.01248	0.01730	0.02291	0.05152	0.64800	0.08949	0.02774	0.01137	0.00360	0.00516	0.02508	0.00830	0.00728
28	0.03572	0.01789	0.02188	0.01725	0.02389	0.01768	0.01410	0.15487	0.13414	0.41364	0.03275	0.02919	0.02169	0.01120	0.00901	0.00280	0.00796	0.00901	0.01030	0.01503
29	0.02644	0.02929	0.02793	0.05855	0.26819	0.30361	0.02043	0.03029	0.02235	0.02613	0.01680	0.02073	0.01385	0.00884	0.00822	0.00245	0.01245	0.00701	0.08479	0.01165
30	0.10909	0.02809	0.02754	0.02979	0.19291	0.19973	0.01917	0.22033	0.02843	0.03741	0.01706	0.01940	0.01328	0.00928	0.00830	0.00258	0.01151	0.00704	0.00611	0.01296
31	0.01087	0.00792	0.01025	0.01211	0.01289	0.00730	0.00815	0.01250	0.01746	0.02297	0.05350	0.61952	0.11670	0.02748	0.01133	0.00357	0.00512	0.02477	0.00831	0.00730
32	0.03092	0.02204	0.02452	0.01933	0.02559	0.02429	0.01586	0.47607	0.03672	0.08183	0.02262	0.02416	0.01674	0.01982	0.11210	0.00457	0.01200	0.00835	0.00840	0.01405
33	0.01462	0.01295	0.01814	0.02101	0.11440	0.01419	0.01361	0.01704	0.01764	0.02388	0.04525	0.28268	0.17501	0.02070	0.01491	0.00340	0.15784	0.01705	0.00668	0.00902
34	0.01300	0.00941	0.01348	0.01348	0.01489	0.01072	0.01019	0.01583	0.01441	0.02094	0.02477	0.03811	0.02372	0.14505	0.53980	0.01303	0.02100	0.00997	0.04052	0.00767
35	0.01744	0.01646	0.02782	0.60056	0.12087	0.02002	0.02512	0.02334	0.01815	0.02352	0.01600	0.02367	0.01216	0.00884	0.00894	0.00295	0.01179	0.00795	0.00402	0.01038
36	0.02261	0.02215	0.03586	0.05359	0.60470	0.04743	0.02703	0.02780	0.02058	0.02892	0.01670	0.02189	0.01406	0.00802	0.00882	0.00264	0.01086	0.00788	0.00444	0.01401
37	0.02130	0.02040	0.03479	0.15292	0.53837	0.02103	0.02704	0.02672	0.01997	0.02820	0.01668	0.02242	0.01381	0.00813	0.00887	0.00271	0.01084	0.00797	0.00436	0.01349
38	0.01278	0.00959	0.01438	0.01438	0.01598	0.01118	0.01118	0.01598	0.01438	0.02077	0.02396	0.03515	0.02237	0.06710	0.65013	0.01438	0.02396	0.00959	0.00479	0.00799
39	0.01637	0.01572	0.01529	0.01630	0.05787	0.11649	0.01163	0.01969	0.02262	0.02780	0.21420	0.06711	0.23918	0.01854	0.01032	0.00300	0.00739	0.10379	0.00784	0.00883
40	0.02398	0.02422	0.03088	0.04141	0.39446	0.12225	0.02278	0.03338	0.15690	0.02993	0.02083	0.02375	0.01675	0.00912	0.00879	0.00269	0.01070	0.00811	0.00553	0.01356
41	0.01287	0.00923	0.01259	0.01259	0.01357	0.01021	0.00895	0.01483	0.01385	0.01944	0.02560	0.04421	0.02630	0.30674	0.41587	0.01217	0.01804	0.01091	0.00504	0.00699
42	0.01376	0.00924	0.01130	0.01126	0.01362	0.00821	0.00826	0.01654	0.02146	0.07804	0.24186	0.24026	0.24926	0.02182	0.01067	0.00311	0.00487	0.01904	0.00902	0.00839
43	0.02020	0.01895	0.03197	0.18301	0.44282	0.01981	0.02553	0.02553	0.01986	0.02759	0.01981	0.03073	0.01758	0.00993	0.00924	0.00288	0.01066	0.06653	0.00473	0.01263
44	0.07352	0.01859	0.05374	0.33477	0.14301	0.02077	0.02285	0.02449	0.01785	0.04737	0.01703	0.02513	0.01395	0.01047	0.01207	0.00309	0.11684	0.02902	0.00457	0.01087
45	0.01875	0.02359	0.15905	0.15255	0.27236	0.01888	0.02453	0.02598	0.04649	0.02929	0.11520	0.02944	0.02503	0.01011	0.00908	0.00280	0.01024	0.00909	0.00528	0.01226
46	0.01852	0.02525	0.19027	0.03717	0.33910	0.01816	0.02446	0.02452	0.01998	0.02789	0.03263	0.03515	0.14613	0.01130	0.00913	0.00278	0.00999	0.00998	0.00510	0.01248
47	0.01793	0.10285	0.02282	0.05469	0.16536	0.04625	0.01488	0.02144	0.01859	0.02597	0.02759	0.19841	0.02781	0.01819	0.05586	0.00357	0.00911	0.01227	0.14640	0.01002
48	0.05958	0.09024	0.23945	0.02811	0.17282	0.02114	0.02310	0.08550	0.02076	0.03050	0.01797	0.02300	0.01466	0.04562	0.05967	0.00383	0.01184	0.00743	0.03242	0.01234
49	0.08254	0.16552	0.03249	0.02286	0.06425	0.06496	0.13945	0.02756	0.08204	0.02889	0.10936	0.05645	0.02658	0.01121	0.00975	0.00273	0.04678	0.00963	0.00586	0.01110
50	0.16304	0.02011	0.02700	0.10269	0.26276	0.05921	0.04073	0.02968	0.06652	0.08127	0.04848	0.02431	0.01799	0.00929	0.00835	0.00275	0.00973	0.00798	0.00579	0.01234
51	0.21894	0.01750	0.05880	0.09301	0.13500	0.01745	0.01650	0.05061	0.01823	0.03040	0.02340	0.05072	0.05735	0.02287	0.14721	0.00534	0.01216	0.00874	0.00534	0.01043
52	0.02078	0.05529	0.15577	0.10973	0.38786	0.02173	0.06630	0.02720	0.01977	0.02799	0.01647	0.02147	0.01322	0.00813	0.00877	0.00272	0.01153	0.00774	0.00423	0.01328
53	0.02827	0.13414	0.06725	0.02174	0.06682	0.11841	0.01757	0.27422	0.05218	0.03862	0.01931	0.02105	0.01491	0.01197	0.03365	0.00296	0.01115	0.00725	0.04553	0.01300
54	0.30228	0.02266	0.09720	0.01768	0.06748	0.10473	0.01435	0.02523	0.01871	0.03193	0.02778	0.02939	0.11106	0.01096	0.00742	0.00267	0.00864	0.00807	0.08163	0.01011

[dist]
# distance from previous block
# <min> <max>
9	44

[block]
# block no. 1 follows, 19 sequences, length 9
# corresponding to MSA columns:
# 114-122
name=unknown_B
#
# <colnr> <probs for GDERKNQSTAVLIFYWHMCP>
#	G	D	E	R	K	N	Q	S	T	A	V	L	I	F	Y	W	H	M	C	P
0	0.01616	0.01477	0.01780	0.18442	0.02840	0.08186	0.04037	0.01971	0.01917	0.02468	0.03921	0.21799	0.12741	0.01670	0.00951	0.00297	0.00836	0.01457	0.10722	0.00872
1	0.02633	0.02262	0.07636	0.10954	0.02979	0.09968	0.01737	0.15294	0.05503	0.14267	0.02778	0.11905	0.02392	0.01341	0.00934	0.00293	0.00997	0.04164	0.00750	0.01213
2	0.02704	0.12429	0.03328	0.03620	0.29601	0.28249	0.02155	0.03077	0.02212	0.02505	0.01497	0.01857	0.01270	0.00844	0.00809	0.00241	0.01275	0.00661	0.00442	0.01223
3	0.11619	0.02040	0.08148	0.01997	0.08686	0.10382	0.01515	0.02501	0.01840	0.06963	0.02052	0.02571	0.01687	0.02523	0.17474	0.04316	0.01338	0.00764	0.10575	0.01010
4	0.02688	0.11983	0.02825	0.02536	0.14369	0.18263	0.01723	0.16901	0.02654	0.03291	0.02298	0.02493	0.05804	0.01020	0.00813	0.00245	0.01068	0.00780	0.07038	0.01209
5	0.01681	0.10276	0.16694	0.06354	0.02549	0.06055	0.01745	0.02151	0.01890	0.02485	0.08295	0.12514	0.09335	0.02125	0.09009	0.00432	0.03683	0.01169	0.00566	0.00991
6	0.14533	0.06993	0.13454	0.03019	0.21912	0.02067	0.05294	0.06596	0.02134	0.03318	0.10160	0.02609	0.02265	0.00972	0.00835	0.00270	0.00966	0.00828	0.00555	0.01220
7	0.02412	0.02197	0.02223	0.02347	0.12081	0.14279	0.01532	0.18802	0.02586	0.03255	0.02605	0.16550	0.02606	0.10747	0.01437	0.00364	0.01007	0.01197	0.00672	0.01104
8	0.01760	0.05938	0.08403	0.04973	0.02332	0.01601	0.07435	0.06151	0.01872	0.02621	0.02654	0.07351	0.05374	0.20014	0.01993	0.00435	0.04219	0.01070	0.06998	0.06807

[dist]
# distance from previous block
# <min> <max>
0	1

[block]
# block no. 2 follows, 19 sequences, length 100
# corresponding to MSA columns:
# 124-223
name=unknown_C
#
# <colnr> <probs for GDERKNQSTAVLIFYWHMCP>
#	G	D	E	R	K	N	Q	S	T	A	V	L	I	F	Y	W	H	M	C	P
0	0.28395	0.02481	0.01725	0.01597	0.01984	0.25892	0.01197	0.02663	0.01882	0.02771	0.01783	0.05529	0.01701	0.11668	0.04947	0.00420	0.01161	0.00771	0.00525	0.00908
1	0.02486	0.02199	0.01872	0.01664	0.02057	0.17959	0.01280	0.18924	0.02663	0.03464	0.02572	0.12313	0.02320	0.01634	0.04779	0.00330	0.01026	0.01025	0.18366	0.01065
2	0.03261	0.02577	0.02597	0.02050	0.02722	0.07588	0.01670	0.49208	0.10658	0.05150	0.02260	0.02243	0.01632	0.01078	0.00890	0.00270	0.01002	0.00811	0.00863	0.01471
3	0.01843	0.01291	0.01417	0.01255	0.01440	0.01360	0.00841	0.16463	0.02052	0.02743	0.02646	0.04897	0.02805	0.51126	0.03608	0.00713	0.00898	0.01173	0.00633	0.00795
4	0.01271	0.00880	0.01097	0.01121	0.01167	0.00913	0.00718	0.01368	0.01382	0.01883	0.02958	0.12429	0.03308	0.45677	0.19126	0.00951	0.01206	0.01359	0.00560	0.00627
5	0.02321	0.15985	0.05996	0.02172	0.05800	0.15528	0.01770	0.02639	0.01854	0.02366	0.01357	0.01773	0.01203	0.01029	0.01387	0.00258	0.21113	0.00627	0.00432	0.14389
6	0.01199	0.00952	0.01088	0.01103	0.01351	0.00869	0.00826	0.01600	0.05380	0.02769	0.20859	0.16893	0.34360	0.02195	0.01072	0.00313	0.00491	0.04996	0.00872	0.00813
7	0.01210	0.00850	0.00981	0.01035	0.01094	0.00814	0.00637	0.01284	0.01519	0.01979	0.04307	0.22318	0.12897	0.41570	0.03145	0.00652	0.00715	0.01711	0.00660	0.00622
8	0.02080	0.02747	0.18454	0.15599	0.13851	0.06340	0.02366	0.03342	0.20014	0.02972	0.02219	0.02466	0.01680	0.00965	0.00880	0.00286	0.01085	0.00812	0.00560	0.01282
9	0.02130	0.05919	0.13109	0.02175	0.02778	0.13199	0.10484	0.07155	0.04753	0.02681	0.01999	0.02669	0.01702	0.06944	0.17690	0.00609	0.01577	0.00844	0.00507	0.01077
10	0.01278	0.00959	0.01438	0.01438	0.01598	0.01118	0.01118	0.01598	0.01438	0.02077	0.02396	0.03515	0.02237	0.06710	0.65013	0.01438	0.02396	0.00959	0.00479	0.00799
11	0.02039	0.31009	0.39684	0.02133	0.03227	0.02676	0.02579	0.02770	0.01860	0.02535	0.01457	0.01703	0.01139	0.00815	0.00737	0.00246	0.01173	0.00586	0.00380	0.01251
12	0.01908	0.03632	0.41620	0.03246	0.18984	0.02014	0.05374	0.02762	0.01936	0.02892	0.01722	0.02092	0.01294	0.00845	0.00853	0.00275	0.01202	0.00725	0.05315	0.01309
13	0.01197	0.00824	0.01006	0.01108	0.01134	0.00798	0.00684	0.01274	0.01503	0.02004	0.03855	0.36343	0.04560	0.36286	0.02879	0.00620	0.00696	0.01911	0.00684	0.00633
14	0.01212	0.00912	0.01121	0.01069	0.01303	0.00821	0.00802	0.01584	0.02405	0.03285	0.48700	0.07181	0.22436	0.01942	0.01056	0.00287	0.00430	0.01688	0.00945	0.00821
15	0.02485	0.06491	0.03196	0.11164	0.12397	0.24191	0.08694	0.02864	0.02040	0.02378	0.01454	0.01955	0.01225	0.01002	0.01277	0.00283	0.14641	0.00729	0.00431	0.01103
16	0.02408	0.22340	0.12727	0.05912	0.06228	0.17953	0.02033	0.02925	0.04885	0.02382	0.01485	0.01818	0.01246	0.00969	0.01082	0.00261	0.11133	0.00638	0.00433	0.01142
17	0.01131	0.00808	0.01086	0.01293	0.01363	0.00762	0.00902	0.01317	0.01754	0.02330	0.04908	0.61156	0.05827	0.02764	0.01153	0.00369	0.00555	0.08953	0.00830	0.00738
18	0.01084	0.00802	0.01014	0.01184	0.01281	0.00732	0.00803	0.01253	0.01772	0.02308	0.05679	0.57226	0.16183	0.02706	0.01127	0.00352	0.00507	0.02425	0.00831	0.00732
19	0.01858	0.09585	0.02456	0.01903	0.02090	0.07096	0.01570	0.02114	0.01539	0.02121	0.01664	0.02462	0.01574	0.03379	0.26113	0.00754	0.29560	0.00798	0.00429	0.00935
20	0.01090	0.00779	0.01038	0.01246	0.01298	0.00727	0.00830	0.01246	0.01713	0.02284	0.04931	0.67975	0.05917	0.02803	0.01142	0.00363	0.00519	0.02543	0.00830	0.00727
21	0.01668	0.00834	0.00834	0.00834	0.01042	0.00834	0.00625	0.02085	0.01876	0.03335	0.02918	0.03335	0.02293	0.01042	0.00625	0.00208	0.00417	0.00834	0.73525	0.00834
22	0.03033	0.11027	0.02641	0.02018	0.02545	0.38784	0.01589	0.14560	0.02729	0.02933	0.02056	0.02202	0.05046	0.01022	0.00805	0.00237	0.01290	0.00702	0.03661	0.01121
23	0.02689	0.03194	0.02535	0.09645	0.02984	0.38701	0.01834	0.02959	0.02099	0.02185	0.01418	0.01902	0.01229	0.01430	0.05273	0.00351	0.17455	0.00675	0.00438	0.01003
24	0.02242	0.07105	0.21302	0.05452	0.03057	0.18993	0.02252	0.02736	0.01888	0.02368	0.01467	0.01941	0.01227	0.01444	0.05674	0.00370	0.18286	0.00686	0.00411	0.01097
25	0.02137	0.01749	0.01857	0.01671	0.02156	0.01959	0.01300	0.04211	0.49509	0.06497	0.04454	0.04119	0.11741	0.01367	0.00932	0.00302	0.00672	0.01138	0.00908	0.01322
26	0.02415	0.61332	0.08035	0.01638	0.02418	0.07224	0.01647	0.02743	0.01866	0.02153	0.01274	0.01473	0.01148	0.00780	0.00605	0.00199	0.01019	0.00495	0.00387	0.01152
27	0.01153	0.00970	0.01008	0.00988	0.01292	0.00856	0.00744	0.01543	0.05736	0.02633	0.14885	0.08064	0.52701	0.02151	0.01048	0.00300	0.00465	0.01803	0.00853	0.00806
28	0.01278	0.00959	0.01438	0.01438	0.01598	0.01118	0.01118	0.01598	0.01438	0.02077	0.02396	0.03515	0.02237	0.06710	0.65013	0.01438	0.02396	0.00959	0.00479	0.00799
29	0.01071	0.00907	0.00926	0.00921	0.01217	0.00761	0.00691	0.01311	0.02072	0.02496	0.12656	0.08480	0.58973	0.02236	0.01057	0.00301	0.00451	0.01870	0.00841	0.00761
30	0.01794	0.04628	0.63923	0.02550	0.03872	0.02078	0.03305	0.02833	0.01889	0.02833	0.01606	0.01889	0.01133	0.00850	0.00850	0.00283	0.01322	0.00661	0.00378	0.01322
31	0.01276	0.00857	0.00983	0.01008	0.01014	0.00851	0.00576	0.01294	0.01350	0.01800	0.03070	0.13227	0.03569	0.60755	0.04149	0.00808	0.00826	0.01448	0.00576	0.00564
32	0.01090	0.00779	0.01038	0.01246	0.01298	0.00727	0.00830	0.01246	0.01713	0.02284	0.04931	0.67975	0.05917	0.02803	0.01142	0.00363	0.00519	0.02543	0.00830	0.00727
33	0.01278	0.00959	0.01438	0.01438	0.01598	0.01118	0.01118	0.01598	0.01438	0.02077	0.02396	0.03515	0.02237	0.06710	0.65013	0.01438	0.02396	0.00959	0.00479	0.00799
34	0.01551	0.01184	0.01338	0.01270	0.01590	0.01181	0.00959	0.02421	0.17499	0.05815	0.20740	0.13333	0.23866	0.01890	0.01021	0.00303	0.00533	0.01622	0.00904	0.00981
35	0.01090	0.00779	0.01038	0.01246	0.01298	0.00727	0.00830	0.01246	0.01713	0.02284	0.04931	0.67975	0.05917	0.02803	0.01142	0.00363	0.00519	0.02543	0.00830	0.00727
36	0.01073	0.00845	0.00969	0.01069	0.01251	0.00742	0.00752	0.01266	0.01883	0.02353	0.07088	0.36984	0.35516	0.02522	0.01098	0.00331	0.00485	0.02201	0.00831	0.00742
37	0.01057	0.00906	0.00906	0.00906	0.01208	0.00755	0.00680	0.01284	0.02039	0.02417	0.09063	0.08610	0.62615	0.02266	0.01057	0.00302	0.00453	0.01888	0.00831	0.00755
38	0.03233	0.11730	0.02783	0.02216	0.02712	0.57893	0.01706	0.03470	0.02453	0.02180	0.01367	0.01593	0.01152	0.00904	0.00780	0.00226	0.01538	0.00565	0.00452	0.01050
39	0.03401	0.02506	0.02685	0.02058	0.02774	0.02774	0.01700	0.59995	0.04206	0.05638	0.02148	0.02148	0.01521	0.01074	0.00895	0.00268	0.00984	0.00805	0.00895	0.01521
40	0.02062	0.11085	0.34546	0.02815	0.06952	0.06547	0.14215	0.02828	0.01947	0.02681	0.01570	0.01947	0.01199	0.00864	0.00980	0.00278	0.05106	0.00729	0.00403	0.01246
41	0.01088	0.00788	0.01029	0.01221	0.01291	0.00729	0.00820	0.01248	0.01737	0.02293	0.05230	0.63673	0.10025	0.02764	0.01136	0.00359	0.00514	0.02496	0.00831	0.00729
42	0.01296	0.00887	0.01073	0.01073	0.01106	0.00920	0.00663	0.01363	0.01330	0.01807	0.02730	0.05363	0.03039	0.55562	0.17259	0.00987	0.01189	0.01229	0.00529	0.00596
43	0.03342	0.04264	0.02535	0.02305	0.02766	0.64967	0.01729	0.03572	0.02535	0.02190	0.01383	0.01613	0.01152	0.00922	0.00807	0.00230	0.01613	0.00576	0.00461	0.01037
44	0.02141	0.02312	0.02390	0.18691	0.03294	0.20052	0.01850	0.02477	0.01827	0.02182	0.01601	0.02300	0.01398	0.02299	0.14973	0.00543	0.17513	0.00764	0.00432	0.00961
45	0.01301	0.00867	0.00976	0.00976	0.00976	0.00867	0.00542	0.01301	0.01301	0.01735	0.02819	0.05855	0.03253	0.68559	0.04554	0.00867	0.00867	0.01301	0.00542	0.00542
46	0.01088	0.00787	0.01029	0.01223	0.01292	0.00729	0.00820	0.01248	0.01735	0.02293	0.05209	0.63984	0.09729	0.02767	0.01136	0.00359	0.00515	0.02499	0.00830	0.00729
47	0.01286	0.00925	0.01270	0.01270	0.01372	0.01027	0.00909	0.01490	0.01388	0.01953	0.02550	0.04364	0.02605	0.29148	0.43079	0.01231	0.01842	0.01083	0.00502	0.00706
48	0.01068	0.00864	0.00950	0.01019	0.01238	0.00746	0.00730	0.01271	0.01931	0.02373	0.07696	0.28247	0.43860	0.02443	0.01085	0.00322	0.00475	0.02105	0.00831	0.00746
49	0.02017	0.01171	0.01207	0.01081	0.01392	0.01225	0.00842	0.13760	0.02346	0.03800	0.02763	0.03096	0.02138	0.01049	0.00680	0.00221	0.00531	0.00828	0.58881	0.00972
50	0.02134	0.01832	0.02055	0.02026	0.05994	0.02081	0.01501	0.04297	0.50892	0.03570	0.03647	0.04047	0.02929	0.01333	0.00946	0.00314	0.00743	0.07441	0.00872	0.01348
51	0.01292	0.00901	0.01148	0.01148	0.01208	0.00961	0.00757	0.01412	0.01352	0.01862	0.02661	0.04981	0.02873	0.45459	0.27135	0.01080	0.01438	0.01173	0.00519	0.00638
52	0.01747	0.01506	0.01566	0.01447	0.01869	0.01624	0.01115	0.03334	0.37087	0.03200	0.05860	0.05495	0.27236	0.01644	0.00970	0.00303	0.00604	0.01370	0.00878	0.01146
53	0.03111	0.02254	0.02433	0.01903	0.02538	0.02490	0.01562	0.51013	0.03821	0.05211	0.02237	0.02342	0.01638	0.01390	0.04504	0.00329	0.01009	0.00817	0.07983	0.01413
54	0.74878	0.01730	0.01315	0.01177	0.01730	0.02007	0.00969	0.02630	0.01523	0.04014	0.01246	0.01453	0.00969	0.00830	0.00554	0.00277	0.00692	0.00484	0.00554	0.00969
55	0.02392	0.69097	0.04688	0.01531	0.02296	0.03540	0.01531	0.02679	0.01818	0.02105	0.01244	0.01435	0.01148	0.00765	0.00574	0.00191	0.00957	0.00478	0.00383	0.01148
56	0.02208	0.02142	0.03726	0.05392	0.59616	0.02134	0.06031	0.02753	0.02041	0.02920	0.01690	0.02226	0.01414	0.00795	0.00896	0.00268	0.01089	0.00812	0.00443	0.01405
57	0.02399	0.26406	0.03423	0.02720	0.17976	0.17125	0.01828	0.02741	0.01984	0.02332	0.01564	0.01992	0.01383	0.01707	0.10431	0.00408	0.01354	0.00656	0.00431	0.01139
58	0.02392	0.69097	0.04688	0.01531	0.02296	0.03540	0.01531	0.02679	0.01818	0.02105	0.01244	0.01435	0.01148	0.00765	0.00574	0.00191	0.00957	0.00478	0.00383	0.01148
59	0.05018	0.01511	0.01986	0.06793	0.04708	0.01405	0.04063	0.02222	0.05094	0.02782	0.02660	0.14399	0.05236	0.01242	0.00934	0.00238	0.03939	0.01058	0.00597	0.34116
60	0.01301	0.00867	0.00976	0.00976	0.00976	0.00867	0.00542	0.01301	0.01301	0.01735	0.02819	0.05855	0.03253	0.68559	0.04554	0.00867	0.00867	0.01301	0.00542	0.00542
61	0.01085	0.00798	0.01018	0.01195	0.01284	0.00731	0.00808	0.01251	0.01762	0.02304	0.05554	0.59018	0.14471	0.02722	0.01129	0.00354	0.00509	0.02444	0.00831	0.00731
62	0.01376	0.01003	0.01337	0.01366	0.01512	0.01075	0.00995	0.06013	0.01744	0.02398	0.03375	0.27915	0.03672	0.11259	0.29628	0.00882	0.01419	0.01579	0.00651	0.00801
63	0.01090	0.00779	0.01038	0.01246	0.01298	0.00727	0.00830	0.01246	0.01713	0.02284	0.04931	0.67975	0.05917	0.02803	0.01142	0.00363	0.00519	0.02543	0.00830	0.00727
64	0.01083	0.00915	0.00942	0.00956	0.01252	0.00774	0.00731	0.01322	0.02041	0.02434	0.08772	0.08710	0.58752	0.02280	0.01069	0.00309	0.00478	0.05590	0.00830	0.00760
65	0.01489	0.01290	0.01618	0.01572	0.01744	0.06243	0.01227	0.01793	0.01519	0.02091	0.02228	0.03253	0.02075	0.05883	0.55480	0.01267	0.07010	0.00916	0.00471	0.00831
66	0.02639	0.02932	0.03218	0.04290	0.40278	0.25817	0.02362	0.03057	0.02225	0.02646	0.01570	0.01988	0.01317	0.00844	0.00856	0.00252	0.01270	0.00714	0.00450	0.01274
67	0.02275	0.02486	0.02693	0.02339	0.02444	0.17012	0.01905	0.02479	0.01637	0.02161	0.01222	0.01878	0.01169	0.01418	0.02448	0.00355	0.51943	0.00736	0.00407	0.00992
68	0.01301	0.00867	0.00976	0.00976	0.00976	0.00867	0.00542	0.01301	0.01301	0.01735	0.02819	0.05855	0.03253	0.68559	0.04554	0.00867	0.00867	0.01301	0.00542	0.00542
69	0.01261	0.00951	0.01187	0.01332	0.01453	0.00953	0.00919	0.01775	0.10712	0.02504	0.04736	0.58223	0.05436	0.02563	0.01107	0.00354	0.00548	0.02312	0.00843	0.00831
70	0.01251	0.01074	0.01091	0.01058	0.01393	0.00999	0.00802	0.01858	0.11859	0.02636	0.08166	0.07737	0.52702	0.02092	0.01033	0.00302	0.00495	0.01743	0.00844	0.00865
71	0.01090	0.00779	0.01038	0.01246	0.01298	0.00727	0.00830	0.01246	0.01713	0.02284	0.04931	0.67975	0.05917	0.02803	0.01142	0.00363	0.00519	0.02543	0.00830	0.00727
72	0.01226	0.00966	0.01113	0.01067	0.01334	0.00881	0.00803	0.01678	0.05556	0.03076	0.35534	0.07354	0.32179	0.01989	0.01048	0.00292	0.00452	0.01704	0.00912	0.00836
73	0.01858	0.04250	0.54827	0.02994	0.12790	0.02085	0.03221	0.02820	0.01911	0.02847	0.01617	0.01938	0.01176	0.00842	0.00855	0.00281	0.01283	0.00682	0.00388	0.01337
74	0.01278	0.00959	0.01438	0.01438	0.01598	0.01118	0.01118	0.01598	0.01438	0.02077	0.02396	0.03515	0.02237	0.06710	0.65013	0.01438	0.02396	0.00959	0.00479	0.00799
75	0.01278	0.00959	0.01438	0.01438	0.01598	0.01118	0.01118	0.01598	0.01438	0.02077	0.02396	0.03515	0.02237	0.06710	0.65013	0.01438	0.02396	0.00959	0.00479	0.00799
76	0.01370	0.01063	0.01491	0.01441	0.01542	0.01263	0.01085	0.01596	0.01396	0.02003	0.02344	0.03885	0.02349	0.21062	0.42488	0.01167	0.10195	0.01019	0.00483	0.00759
77	0.01278	0.00959	0.01438	0.01438	0.01598	0.01118	0.01118	0.01598	0.01438	0.02077	0.02396	0.03515	0.02237	0.06710	0.65013	0.01438	0.02396	0.00959	0.00479	0.00799
78	0.01612	0.01138	0.01353	0.01258	0.01408	0.01220	0.00866	0.10233	0.01775	0.02412	0.02609	0.04691	0.02729	0.42400	0.19620	0.00924	0.01280	0.01138	0.00579	0.00756
79	0.02997	0.03342	0.02850	0.03093	0.18303	0.36535	0.01997	0.11807	0.02606	0.02898	0.01566	0.01865	0.01277	0.00942	0.00937	0.00253	0.04331	0.00677	0.00519	0.01206
80	0.03351	0.03999	0.02558	0.02268	0.02767	0.55583	0.01724	0.12085	0.02787	0.02710	0.01498	0.01694	0.01208	0.00945	0.00820	0.00236	0.01518	0.00611	0.00526	0.01110
81	0.02408	0.01480	0.01685	0.01425	0.01826	0.01567	0.01121	0.21049	0.02591	0.10679	0.02650	0.03188	0.02118	0.08500	0.10842	0.00486	0.00984	0.00897	0.23402	0.01103
82	0.02046	0.01586	0.01971	0.05340	0.02172	0.01867	0.01397	0.11027	0.05449	0.06533	0.03290	0.06762	0.11134	0.06020	0.01771	0.00354	0.20838	0.01099	0.08315	0.01029
83	0.01278	0.00959	0.01438	0.01438	0.01598	0.01118	0.01118	0.01598	0.01438	0.02077	0.02396	0.03515	0.02237	0.06710	0.65013	0.01438	0.02396	0.00959	0.00479	0.00799
84	0.01296	0.00886	0.01068	0.01068	0.01100	0.00917	0.00657	0.01360	0.01328	0.01803	0.02735	0.05389	0.03050	0.56247	0.16589	0.00981	0.01172	0.01233	0.00530	0.00593
85	0.03027	0.20881	0.03159	0.02300	0.06339	0.45242	0.01740	0.03291	0.02319	0.02213	0.01365	0.01604	0.01168	0.00874	0.00751	0.00223	0.01410	0.00564	0.00440	0.01089
86	0.02083	0.26071	0.24195	0.02409	0.03286	0.02704	0.13441	0.02698	0.01840	0.02500	0.01464	0.01843	0.01187	0.00895	0.01066	0.00269	0.09768	0.00690	0.00396	0.01195
87	0.01107	0.00800	0.01047	0.01214	0.01297	0.00741	0.00823	0.01294	0.01817	0.02428	0.11209	0.58174	0.09397	0.02670	0.01128	0.00351	0.00505	0.02409	0.00847	0.00741
88	0.01278	0.00959	0.01438	0.01438	0.01598	0.01118	0.01118	0.01598	0.01438	0.02077	0.02396	0.03515	0.02237	0.06710	0.65013	0.01438	0.02396	0.00959	0.00479	0.00799
89	0.02090	0.02153	0.02085	0.12452	0.02788	0.18048	0.01581	0.02751	0.10871	0.02472	0.02537	0.02991	0.05814	0.02392	0.15161	0.00538	0.07967	0.00881	0.03427	0.01002
90	0.02811	0.02838	0.03025	0.03624	0.29104	0.21035	0.02154	0.15589	0.05344	0.03334	0.01783	0.02071	0.01420	0.00914	0.00865	0.00258	0.01194	0.00743	0.00568	0.01326
91	0.01090	0.00779	0.01038	0.01246	0.01298	0.00727	0.00830	0.01246	0.01713	0.02284	0.04931	0.67975	0.05917	0.02803	0.01142	0.00363	0.00519	0.02543	0.00830	0.00727
92	0.02087	0.02176	0.07148	0.17103	0.48352	0.02096	0.02729	0.02662	0.01980	0.02794	0.01660	0.02227	0.01356	0.00819	0.00885	0.00273	0.01104	0.00788	0.00430	0.01329
93	0.24404	0.17310	0.10300	0.01833	0.02494	0.25183	0.01656	0.03008	0.01998	0.02799	0.01340	0.01562	0.01094	0.00852	0.00687	0.00243	0.01161	0.00539	0.00462	0.01076
94	0.01363	0.01154	0.01210	0.01182	0.01507	0.01132	0.00887	0.02176	0.17326	0.02744	0.07187	0.14085	0.40616	0.02056	0.01029	0.00310	0.00527	0.01737	0.00851	0.00923
95	0.01278	0.00959	0.01438	0.01438	0.01598	0.01118	0.01118	0.01598	0.01438	0.02077	0.02396	0.03515	0.02237	0.06710	0.65013	0.01438	0.02396	0.00959	0.00479	0.00799
96	0.02092	0.47063	0.13655	0.01614	0.02381	0.02840	0.01692	0.02513	0.01924	0.02411	0.08788	0.02508	0.05373	0.00984	0.00701	0.00223	0.00927	0.00717	0.00476	0.01120
97	0.03092	0.08724	0.02889	0.02827	0.14681	0.43027	0.01886	0.03395	0.02382	0.06778	0.01587	0.01823	0.01282	0.00898	0.00811	0.00238	0.01391	0.00636	0.00498	0.01157
98	0.02033	0.02047	0.02446	0.07272	0.24127	0.11969	0.01790	0.02441	0.02127	0.02750	0.09130	0.03523	0.11467	0.01137	0.00884	0.00249	0.00941	0.00974	0.00572	0.12120
99	0.02305	0.18904	0.08136	0.12452	0.07313	0.12909	0.20278	0.02841	0.02043	0.02483	0.01548	0.01992	0.01236	0.00815	0.00850	0.00259	0.01306	0.00755	0.00423	0.01152

[dist]
# distance from previous block
# <min> <max>
12	55

[block]
# block no. 3 follows, 19 sequences, length 26
# corresponding to MSA columns:
# 279-304
name=unknown_D
#
# <colnr> <probs for GDERKNQSTAVLIFYWHMCP>
#	G	D	E	R	K	N	Q	S	T	A	V	L	I	F	Y	W	H	M	C	P
0	0.01933	0.01420	0.01641	0.01485	0.01846	0.01493	0.01126	0.08879	0.19305	0.06947	0.12331	0.14380	0.05845	0.07666	0.05945	0.00427	0.00794	0.01346	0.00837	0.04354
1	0.18625	0.01508	0.01641	0.13140	0.02448	0.07017	0.01287	0.02051	0.01604	0.02519	0.02047	0.07349	0.01957	0.08799	0.18235	0.06198	0.01322	0.00914	0.00504	0.00835
2	0.02307	0.01996	0.02785	0.03502	0.29859	0.02120	0.02066	0.12027	0.18422	0.03534	0.02655	0.03463	0.02241	0.01156	0.00936	0.00294	0.00926	0.07664	0.00685	0.01361
3	0.02732	0.03195	0.19352	0.02589	0.10748	0.15919	0.02184	0.08501	0.10303	0.12461	0.02183	0.02265	0.01589	0.00967	0.00865	0.00270	0.01154	0.00756	0.00634	0.01333
4	0.13280	0.02892	0.21367	0.02442	0.08338	0.06474	0.06592	0.11499	0.02200	0.03300	0.01759	0.02154	0.01376	0.01743	0.10337	0.00447	0.01345	0.00737	0.00517	0.01201
5	0.02322	0.12771	0.18580	0.19974	0.03853	0.06705	0.02254	0.08116	0.06497	0.07845	0.01887	0.02164	0.01394	0.00923	0.00831	0.00270	0.01131	0.00723	0.00535	0.01226
6	0.13454	0.02074	0.06413	0.01499	0.01988	0.13747	0.01264	0.02605	0.02230	0.11974	0.16627	0.04365	0.15479	0.01403	0.00890	0.00274	0.00824	0.01113	0.00755	0.01021
7	0.02797	0.03080	0.05831	0.03307	0.23042	0.25546	0.02114	0.12084	0.07885	0.03140	0.01816	0.02066	0.01440	0.00926	0.00858	0.00257	0.01236	0.00729	0.00558	0.01288
8	0.01318	0.00857	0.00968	0.00984	0.01007	0.00853	0.00572	0.01367	0.01385	0.01921	0.02992	0.10446	0.03373	0.57387	0.03936	0.00769	0.00800	0.01355	0.07127	0.00583
9	0.01146	0.00838	0.01098	0.01252	0.01358	0.00761	0.00847	0.01319	0.01723	0.02330	0.04687	0.63152	0.05582	0.02647	0.01107	0.00346	0.00530	0.02397	0.00809	0.06073
10	0.01456	0.11463	0.01814	0.01326	0.01535	0.01424	0.01024	0.01684	0.01459	0.01988	0.02334	0.03834	0.02346	0.22719	0.38508	0.01089	0.01755	0.00978	0.00482	0.00783
11	0.02831	0.03427	0.11976	0.06081	0.03071	0.28873	0.01961	0.14700	0.12390	0.03230	0.01952	0.02091	0.01484	0.00987	0.00853	0.00262	0.01270	0.00719	0.00604	0.01236
12	0.01312	0.00943	0.01360	0.01360	0.01514	0.01080	0.01043	0.01620	0.01466	0.02160	0.02465	0.03642	0.02303	0.09995	0.56047	0.01302	0.02141	0.00969	0.06494	0.00786
13	0.02766	0.02130	0.02344	0.01757	0.02506	0.02124	0.01437	0.36264	0.03240	0.04519	0.01919	0.02028	0.01441	0.00905	0.00799	0.00213	0.00852	0.00692	0.00745	0.31320
14	0.03087	0.02772	0.02669	0.02506	0.10720	0.17201	0.01785	0.35528	0.03393	0.04270	0.02323	0.02421	0.05106	0.01073	0.00883	0.00261	0.01111	0.00816	0.00729	0.01347
15	0.01984	0.03342	0.33228	0.03761	0.28433	0.02157	0.02950	0.02735	0.01904	0.02810	0.01599	0.02031	0.01256	0.00892	0.01052	0.00286	0.07113	0.00729	0.00406	0.01331
16	0.02188	0.07839	0.02404	0.18665	0.03216	0.04720	0.01623	0.15539	0.02352	0.03199	0.01900	0.02361	0.01516	0.01662	0.09180	0.00394	0.01149	0.00743	0.06971	0.12377
17	0.03228	0.13315	0.02950	0.02050	0.02698	0.21244	0.01683	0.34489	0.03344	0.04075	0.01782	0.01880	0.01355	0.00981	0.00819	0.00245	0.01166	0.00687	0.00688	0.01321
18	0.02056	0.36873	0.29188	0.01949	0.02901	0.02741	0.02240	0.02660	0.01818	0.02407	0.01484	0.01786	0.01226	0.01262	0.05687	0.00326	0.01221	0.00592	0.00388	0.01194
19	0.02281	0.02385	0.01731	0.01596	0.01832	0.27767	0.01108	0.05791	0.01992	0.02160	0.02178	0.03859	0.02271	0.36225	0.02767	0.00565	0.01186	0.00968	0.00529	0.00808
20	0.02130	0.01452	0.01672	0.01433	0.01795	0.01466	0.01068	0.19022	0.02517	0.07871	0.10213	0.14395	0.03571	0.19186	0.01899	0.00433	0.00766	0.01301	0.00788	0.07019
21	0.02527	0.02913	0.02070	0.02086	0.06400	0.38023	0.01409	0.02712	0.02103	0.02130	0.02094	0.08604	0.02143	0.18889	0.01828	0.00412	0.01282	0.00955	0.00514	0.00906
22	0.01645	0.01396	0.01695	0.01771	0.06066	0.04450	0.01264	0.02447	0.14507	0.02590	0.03189	0.03744	0.07665	0.04168	0.34850	0.00893	0.01634	0.01018	0.04023	0.00984
23	0.01763	0.03089	0.33938	0.06799	0.07526	0.01787	0.02403	0.06844	0.02148	0.02995	0.07514	0.03597	0.13427	0.01208	0.00914	0.00285	0.01037	0.00995	0.00555	0.01179
24	0.02395	0.02738	0.07273	0.05385	0.07935	0.18691	0.08305	0.07749	0.02159	0.02713	0.01615	0.02102	0.01343	0.01518	0.07002	0.00382	0.13211	0.00752	0.00482	0.06250
25	0.17937	0.02992	0.06319	0.02561	0.11446	0.22908	0.04409	0.15155	0.02549	0.03477	0.01593	0.01833	0.01239	0.00905	0.00798	0.00260	0.01186	0.00664	0.00564	0.01206

[dist]
# distance from previous block
# <min> <max>
1	21

[block]
# block no. 4 follows, 19 sequences, length 6
# corresponding to MSA columns:
# 326-331
name=unknown_E
#
# <colnr> <probs for GDERKNQSTAVLIFYWHMCP>
#	G	D	E	R	K	N	Q	S	T	A	V	L	I	F	Y	W	H	M	C	P
0	0.08984	0.02641	0.16719	0.04435	0.44149	0.02104	0.02701	0.02754	0.01956	0.03006	0.01624	0.02071	0.01312	0.00812	0.00846	0.00271	0.01085	0.00738	0.00439	0.01354
1	0.02416	0.02359	0.10876	0.04111	0.36486	0.02023	0.08094	0.03157	0.06633	0.11820	0.02105	0.02401	0.01593	0.00876	0.00902	0.00276	0.01067	0.00837	0.00568	0.01400
2	0.06662	0.02270	0.02629	0.08444	0.26707	0.15169	0.01974	0.02716	0.02014	0.02798	0.01765	0.02233	0.01452	0.00933	0.00954	0.00261	0.05883	0.00737	0.13258	0.01141
3	0.02248	0.03949	0.34999	0.03084	0.13641	0.16631	0.07252	0.02992	0.02081	0.02702	0.01583	0.01921	0.01203	0.00850	0.00862	0.00270	0.01360	0.00695	0.00414	0.01263
4	0.01955	0.01925	0.02421	0.02431	0.10542	0.11860	0.10155	0.02497	0.05367	0.02728	0.06713	0.04597	0.07618	0.01995	0.08228	0.00426	0.01177	0.10815	0.05528	0.01022
5	0.02427	0.02725	0.12222	0.03352	0.22691	0.09307	0.06919	0.13200	0.02414	0.03295	0.01791	0.02169	0.01409	0.00938	0.01009	0.00272	0.05701	0.00776	0.06096	0.01287

[dist]
# distance from previous block
# <min> <max>
37	268

[block]
# block no. 5 follows, 19 sequences, length 8
# corresponding to MSA columns:
# 613-620
name=unknown_F
#
# <colnr> <probs for GDERKNQSTAVLIFYWHMCP>
#	G	D	E	R	K	N	Q	S	T	A	V	L	I	F	Y	W	H	M	C	P
0	0.02741	0.03164	0.02518	0.07481	0.10502	0.38501	0.01817	0.03055	0.02220	0.02415	0.01587	0.01977	0.01319	0.00984	0.01023	0.00254	0.08114	0.00671	0.08601	0.01054
1	0.02226	0.02341	0.02423	0.18813	0.10891	0.20901	0.01884	0.05249	0.02065	0.02437	0.01782	0.02423	0.01505	0.02464	0.18126	0.00579	0.01618	0.00773	0.00468	0.01032
2	0.02707	0.02311	0.02257	0.01918	0.02374	0.12048	0.01509	0.32080	0.03106	0.03995	0.02644	0.18395	0.02528	0.01517	0.01099	0.00296	0.06041	0.01199	0.00772	0.01206
3	0.01801	0.01406	0.01542	0.01432	0.01735	0.04983	0.01113	0.08237	0.10046	0.03027	0.06494	0.03737	0.06656	0.03385	0.25682	0.00715	0.01352	0.01005	0.14674	0.00976
4	0.02638	0.43786	0.04006	0.02150	0.09197	0.11680	0.01716	0.10529	0.02262	0.02684	0.01434	0.01642	0.01229	0.00832	0.00684	0.00215	0.01062	0.00571	0.00469	0.01213
5	0.02205	0.02086	0.08685	0.01672	0.02145	0.08123	0.01431	0.12205	0.09856	0.06754	0.09498	0.08138	0.03179	0.09660	0.01368	0.00356	0.00878	0.04313	0.06352	0.01094
6	0.02641	0.22242	0.03536	0.02202	0.02861	0.17577	0.11303	0.09250	0.14192	0.02944	0.01944	0.02095	0.01539	0.00922	0.00810	0.00249	0.01158	0.00739	0.00571	0.01224
7	0.01836	0.13198	0.10556	0.01715	0.02139	0.09744	0.01541	0.02198	0.01836	0.02375	0.08860	0.09914	0.02817	0.06528	0.14152	0.00547	0.07515	0.01037	0.00537	0.00956

[dist]
# distance from previous block
# <min> <max>
9	15

[block]
# block no. 6 follows, 19 sequences, length 75
# corresponding to MSA columns:
# 636-710
name=unknown_G
#
# <colnr> <probs for GDERKNQSTAVLIFYWHMCP>
#	G	D	E	R	K	N	Q	S	T	A	V	L	I	F	Y	W	H	M	C	P
0	0.01770	0.01533	0.02218	0.10516	0.12724	0.01799	0.01648	0.05356	0.01715	0.02406	0.02119	0.07083	0.02130	0.17847	0.09345	0.00578	0.16725	0.01035	0.00502	0.00949
1	0.02197	0.01658	0.01842	0.01524	0.02048	0.01672	0.01206	0.19650	0.11243	0.06143	0.11339	0.07893	0.13246	0.01430	0.00922	0.00265	0.00694	0.01185	0.00843	0.13000
2	0.02782	0.02675	0.02324	0.01953	0.02472	0.22005	0.01536	0.23033	0.02834	0.03499	0.01973	0.05974	0.01688	0.01613	0.06775	0.00357	0.04606	0.00814	0.00644	0.10441
3	0.02585	0.06521	0.02537	0.02498	0.12639	0.23702	0.01694	0.03025	0.05220	0.08734	0.07019	0.02628	0.02139	0.01775	0.09128	0.00410	0.05224	0.00812	0.00584	0.01127
4	0.02814	0.02567	0.06432	0.03368	0.27189	0.16751	0.02078	0.03243	0.02270	0.17069	0.02478	0.02625	0.05126	0.00990	0.00878	0.00263	0.01102	0.00825	0.00623	0.01307
5	0.02925	0.03616	0.02732	0.02377	0.02853	0.49158	0.09012	0.03226	0.02359	0.02271	0.01670	0.04706	0.01469	0.01443	0.05973	0.00341	0.01616	0.00752	0.00477	0.01026
6	0.01301	0.00867	0.00976	0.00976	0.00976	0.00867	0.00542	0.01301	0.01301	0.01735	0.02819	0.05855	0.03253	0.68559	0.04554	0.00867	0.00867	0.01301	0.00542	0.00542
7	0.03166	0.03971	0.02561	0.02310	0.02713	0.57059	0.01758	0.03392	0.02387	0.02185	0.01356	0.01657	0.01155	0.01004	0.01077	0.00251	0.09912	0.00602	0.00452	0.01030
8	0.01259	0.00997	0.01110	0.01069	0.01361	0.00900	0.00821	0.04444	0.02294	0.02935	0.23930	0.07802	0.40685	0.02089	0.01058	0.00300	0.00492	0.04751	0.00878	0.00824
9	0.02823	0.03042	0.03066	0.03762	0.30885	0.27718	0.02200	0.10356	0.02515	0.02970	0.01620	0.01962	0.01323	0.00883	0.00855	0.00252	0.01276	0.00709	0.00508	0.01276
10	0.02623	0.05793	0.05542	0.02404	0.02958	0.35800	0.12961	0.03015	0.02308	0.02421	0.02352	0.03267	0.05349	0.01157	0.00917	0.00272	0.01386	0.07912	0.00521	0.01043
11	0.01292	0.00905	0.01164	0.01164	0.01229	0.00970	0.00777	0.01422	0.01357	0.01874	0.02647	0.04901	0.02838	0.43349	0.29197	0.01100	0.01491	0.01161	0.00516	0.00647
12	0.01332	0.01055	0.01535	0.01521	0.01642	0.01258	0.01176	0.01608	0.01476	0.02122	0.02673	0.14307	0.02729	0.05390	0.46235	0.01122	0.10276	0.01206	0.00528	0.00809
13	0.02130	0.02482	0.09843	0.04451	0.31421	0.02183	0.28396	0.02808	0.02057	0.02889	0.01733	0.02274	0.01365	0.00783	0.00959	0.00283	0.01286	0.00901	0.00441	0.01314
14	0.01101	0.00783	0.01035	0.01231	0.01280	0.00734	0.00815	0.01249	0.01690	0.02254	0.04816	0.64595	0.05772	0.06381	0.01328	0.00391	0.00538	0.02476	0.00815	0.00717
15	0.02161	0.02444	0.11293	0.05118	0.55467	0.02120	0.02817	0.02757	0.02018	0.02911	0.01673	0.02173	0.01381	0.00804	0.00881	0.00268	0.01096	0.00780	0.00435	0.01405
16	0.02821	0.03352	0.02771	0.02859	0.12933	0.39498	0.01956	0.03095	0.02174	0.02306	0.01385	0.01797	0.01203	0.01053	0.01325	0.00275	0.17005	0.00663	0.00441	0.01088
17	0.01351	0.01000	0.01315	0.01472	0.01701	0.00965	0.01261	0.01719	0.02055	0.02616	0.05763	0.09740	0.18775	0.02423	0.01193	0.00386	0.00736	0.43899	0.00825	0.00808
18	0.01295	0.00905	0.01072	0.01107	0.01187	0.00895	0.00743	0.01409	0.01525	0.01995	0.03861	0.06775	0.10537	0.46090	0.06864	0.00754	0.00894	0.10841	0.00621	0.00629
19	0.01837	0.01397	0.01746	0.05525	0.05648	0.01455	0.01273	0.17483	0.02509	0.03363	0.09217	0.33644	0.07292	0.01984	0.01033	0.00317	0.00706	0.01745	0.00814	0.01013
20	0.01379	0.01068	0.01305	0.01403	0.01653	0.01053	0.01141	0.01955	0.09019	0.02678	0.05878	0.16222	0.21517	0.02306	0.01134	0.00361	0.00665	0.27563	0.00837	0.00862
21	0.01301	0.00867	0.00976	0.00976	0.00976	0.00867	0.00542	0.01301	0.01301	0.01735	0.02819	0.05855	0.03253	0.68559	0.04554	0.00867	0.00867	0.01301	0.00542	0.00542
22	0.02430	0.07837	0.20654	0.03212	0.16546	0.18171	0.10239	0.05441	0.02210	0.02766	0.01593	0.01943	0.01248	0.00848	0.00859	0.00262	0.01326	0.00717	0.00446	0.01252
23	0.02191	0.02102	0.03589	0.08195	0.60456	0.02120	0.02734	0.02725	0.02026	0.02895	0.01679	0.02222	0.01407	0.00801	0.00886	0.00267	0.01069	0.00797	0.00441	0.01398
24	0.01084	0.00800	0.01016	0.01188	0.01282	0.00732	0.00805	0.01252	0.01769	0.02306	0.05635	0.57853	0.15584	0.02711	0.01127	0.00353	0.00508	0.02432	0.00831	0.00732
25	0.02483	0.02597	0.03098	0.04112	0.38391	0.17010	0.02278	0.03284	0.12269	0.02889	0.01946	0.02264	0.01578	0.00898	0.00871	0.00264	0.01133	0.00781	0.00527	0.01327
26	0.01588	0.01210	0.01524	0.01418	0.01706	0.01315	0.01114	0.11480	0.02052	0.02765	0.03935	0.04490	0.16431	0.04695	0.38917	0.00969	0.01695	0.01153	0.00633	0.00912
27	0.01849	0.10478	0.58547	0.02457	0.03729	0.02210	0.03144	0.02819	0.01882	0.02767	0.01573	0.01848	0.01135	0.00842	0.00825	0.00275	0.01289	0.00645	0.00378	0.01306
28	0.01957	0.01957	0.02740	0.02349	0.02349	0.02740	0.01957	0.02153	0.01370	0.02153	0.01174	0.01957	0.01174	0.01566	0.02936	0.00391	0.66921	0.00783	0.00391	0.00979
29	0.01084	0.00800	0.01016	0.01188	0.01282	0.00732	0.00805	0.01252	0.01769	0.02306	0.05635	0.57853	0.15584	0.02711	0.01127	0.00353	0.00508	0.02432	0.00831	0.00732
