[name]
unknown

[dist]
# distance from previous block
# <min> <max>
0	55

[block]
# block no. 0 follows, 21 sequences, length 12
# corresponding to MSA columns:
# 57-68
name=unknown_A
#
# <colnr> <probs for GDERKNQSTAVLIFYWHMCP>
#	G	D	E	R	K	N	Q	S	T	A	V	L	I	F	Y	W	H	M	C	P
0	0.01371	0.00980	0.01371	0.01567	0.01763	0.00980	0.01371	0.01763	0.01959	0.02547	0.04506	0.09599	0.04898	0.02351	0.01175	0.00392	0.00784	0.59056	0.00784	0.00784
1	0.01092	0.00865	0.00982	0.00953	0.01202	0.00755	0.00715	0.01389	0.02144	0.02783	0.32842	0.07393	0.39915	0.01975	0.01005	0.00279	0.00418	0.01684	0.00854	0.00755
2	0.02162	0.09060	0.02382	0.24910	0.03386	0.18200	0.01691	0.05461	0.01990	0.02474	0.01671	0.02128	0.01332	0.00918	0.00866	0.00245	0.05058	0.00680	0.14420	0.00966
3	0.01341	0.01097	0.01609	0.01536	0.01659	0.01364	0.01219	0.01622	0.01355	0.01990	0.02053	0.03055	0.01931	0.05431	0.54287	0.01174	0.15165	0.00879	0.00440	0.00793
4	0.01051	0.00855	0.00930	0.00929	0.01181	0.00735	0.00690	0.01301	0.02019	0.02529	0.20312	0.11980	0.48320	0.02101	0.01011	0.00287	0.00429	0.01783	0.00822	0.00735
5	0.01707	0.04402	0.65683	0.02426	0.03683	0.01976	0.03144	0.02695	0.01797	0.02695	0.01527	0.01797	0.01078	0.00809	0.00809	0.00270	0.01258	0.00629	0.00359	0.01258
6	0.02928	0.03023	0.02329	0.02010	0.02528	0.32333	0.01562	0.20240	0.18155	0.03382	0.02061	0.02091	0.01573	0.00988	0.00816	0.00247	0.01149	0.00714	0.00663	0.01207
7	0.01362	0.01162	0.01207	0.01144	0.01486	0.01157	0.00873	0.02267	0.20980	0.02754	0.10216	0.06530	0.42025	0.01821	0.00962	0.00287	0.00505	0.01523	0.00822	0.00918
8	0.01216	0.00912	0.01368	0.01368	0.01520	0.01064	0.01064	0.01520	0.01368	0.01976	0.02279	0.03343	0.02127	0.06382	0.66720	0.01368	0.02279	0.00912	0.00456	0.00760
9	0.03053	0.02138	0.02316	0.01799	0.02410	0.02336	0.01468	0.51214	0.03610	0.08655	0.02205	0.02367	0.01627	0.04953	0.01034	0.00285	0.00883	0.00800	0.05495	0.01353
10	0.06864	0.09762	0.02585	0.02072	0.02445	0.42813	0.01634	0.02967	0.02047	0.02164	0.01252	0.01583	0.01091	0.00994	0.01183	0.00252	0.16312	0.00578	0.00422	0.00981
11	0.34634	0.10979	0.02018	0.01510	0.02002	0.24816	0.01214	0.02777	0.01852	0.02924	0.01372	0.01593	0.01116	0.00831	0.00620	0.00232	0.00975	0.00520	0.07060	0.00954

[dist]
# distance from previous block
# <min> <max>
1	13

[block]
# block no. 1 follows, 21 sequences, length 15
# corresponding to MSA columns:
# 82-96
name=unknown_B
#
# <colnr> <probs for GDERKNQSTAVLIFYWHMCP>
#	G	D	E	R	K	N	Q	S	T	A	V	L	I	F	Y	W	H	M	C	P
0	0.01849	0.03588	0.45983	0.02141	0.03223	0.01878	0.02546	0.06891	0.05429	0.02947	0.01671	0.01886	0.01223	0.00811	0.00782	0.00244	0.01088	0.00635	0.00449	0.14735
1	0.01982	0.02076	0.06576	0.08445	0.45993	0.01955	0.10909	0.02525	0.01909	0.02697	0.01784	0.05949	0.01556	0.00869	0.00878	0.00266	0.01062	0.00881	0.00438	0.01253
2	0.02018	0.01976	0.07352	0.24832	0.32504	0.01939	0.02384	0.02726	0.07016	0.06303	0.01826	0.02273	0.01409	0.00842	0.00846	0.00268	0.01023	0.00771	0.00477	0.01217
3	0.02187	0.50808	0.16920	0.01875	0.05647	0.05621	0.01869	0.02617	0.01782	0.02187	0.01280	0.01498	0.01102	0.00752	0.00624	0.00205	0.01012	0.00510	0.00369	0.01135
4	0.02055	0.01887	0.01943	0.02075	0.12276	0.11159	0.01368	0.16549	0.02485	0.03082	0.04447	0.09840	0.24362	0.01502	0.00913	0.00269	0.00819	0.01241	0.00692	0.01037
5	0.09273	0.00965	0.01077	0.01034	0.01184	0.00959	0.00683	0.01500	0.01510	0.02281	0.11754	0.10165	0.03633	0.39244	0.05601	0.00616	0.00766	0.01231	0.00599	0.05925
6	0.01744	0.02687	0.31493	0.02211	0.10239	0.01538	0.02076	0.02323	0.01768	0.06934	0.07222	0.03260	0.02282	0.18622	0.01734	0.00409	0.01007	0.00893	0.00504	0.01054
7	0.02324	0.05497	0.02712	0.03253	0.31035	0.10179	0.01867	0.10477	0.02231	0.05629	0.02244	0.02676	0.05348	0.05358	0.01039	0.00281	0.00967	0.00817	0.04883	0.01183
8	0.01788	0.01831	0.01863	0.01707	0.01880	0.14965	0.01336	0.02010	0.01626	0.02039	0.02544	0.03265	0.09392	0.07141	0.22135	0.00667	0.21584	0.00916	0.00472	0.00838
9	0.01238	0.00825	0.00928	0.00928	0.00928	0.00825	0.00516	0.01238	0.01238	0.01650	0.02681	0.05569	0.03094	0.70092	0.04331	0.00825	0.00825	0.01238	0.00516	0.00516
10	0.34002	0.02264	0.18036	0.17409	0.03146	0.01844	0.01826	0.02410	0.01666	0.03110	0.05825	0.02052	0.01516	0.00877	0.00710	0.00270	0.00907	0.00651	0.00477	0.01005
11	0.02523	0.02537	0.03080	0.04035	0.41156	0.16701	0.02240	0.11963	0.02364	0.03022	0.01605	0.01968	0.01307	0.00826	0.00827	0.00246	0.01118	0.00712	0.00492	0.01282
12	0.02963	0.03145	0.02435	0.02245	0.06520	0.37239	0.01649	0.21294	0.02785	0.03133	0.01639	0.01880	0.01307	0.01375	0.06322	0.00329	0.01379	0.00659	0.00566	0.01133
13	0.02128	0.15262	0.04158	0.03614	0.24321	0.04735	0.24771	0.02642	0.01909	0.02547	0.01531	0.02003	0.01256	0.00780	0.00948	0.00257	0.04754	0.00786	0.00412	0.01188
14	0.01125	0.00867	0.01028	0.00988	0.01223	0.00769	0.00741	0.01453	0.02222	0.02970	0.42192	0.07085	0.30448	0.01905	0.01005	0.00275	0.00413	0.01641	0.00879	0.00769

[dist]
# distance from previous block
# <min> <max>
0	1

[block]
# block no. 2 follows, 21 sequences, length 34
# corresponding to MSA columns:
# 98-131
name=unknown_C
#
# <colnr> <probs for GDERKNQSTAVLIFYWHMCP>
#	G	D	E	R	K	N	Q	S	T	A	V	L	I	F	Y	W	H	M	C	P
0	0.40263	0.02422	0.01808	0.01567	0.02098	0.20645	0.01245	0.10557	0.02129	0.08105	0.01495	0.01625	0.01128	0.00865	0.00663	0.00250	0.00952	0.00555	0.00582	0.01047
1	0.01437	0.01237	0.01147	0.01130	0.01239	0.09048	0.00737	0.01527	0.01510	0.01847	0.03370	0.08635	0.11031	0.43200	0.08789	0.00700	0.00972	0.01260	0.00552	0.00632
2	0.01078	0.00806	0.01002	0.01077	0.01225	0.00730	0.00760	0.01315	0.01927	0.02560	0.22820	0.36995	0.20039	0.02280	0.01044	0.00310	0.00452	0.02020	0.00832	0.00730
3	0.01545	0.01310	0.01832	0.01670	0.01762	0.01700	0.01350	0.01809	0.01394	0.02162	0.01838	0.02677	0.01695	0.03558	0.30379	0.00784	0.30853	0.00824	0.10020	0.00839
4	0.02089	0.01501	0.01937	0.02113	0.11343	0.01569	0.01445	0.07373	0.19795	0.11125	0.03473	0.16349	0.03221	0.01559	0.00954	0.00306	0.00736	0.11169	0.00794	0.01149
5	0.02255	0.62016	0.04143	0.01491	0.02188	0.03211	0.01443	0.02795	0.09411	0.02197	0.01468	0.01591	0.01280	0.00781	0.00586	0.00195	0.00881	0.00518	0.00427	0.01124
6	0.02672	0.02661	0.02735	0.02843	0.17048	0.20482	0.01908	0.19255	0.02515	0.03153	0.01544	0.01877	0.01257	0.01016	0.01228	0.00269	0.15116	0.00699	0.00536	0.01188
7	0.02995	0.12249	0.02678	0.02103	0.02554	0.55335	0.01632	0.03220	0.02267	0.02071	0.01288	0.01531	0.01097	0.00891	0.00848	0.00223	0.05049	0.00547	0.00426	0.00997
8	0.01296	0.00845	0.01035	0.01035	0.01118	0.00891	0.00695	0.01461	0.01379	0.02031	0.02578	0.04453	0.02633	0.38048	0.22424	0.00872	0.01183	0.01057	0.14324	0.00641
9	0.01707	0.04402	0.65683	0.02426	0.03683	0.01976	0.03144	0.02695	0.01797	0.02695	0.01527	0.01797	0.01078	0.00809	0.00809	0.00270	0.01258	0.00629	0.00359	0.01258
10	0.02250	0.02368	0.03077	0.12549	0.41002	0.15384	0.02340	0.02687	0.01971	0.02519	0.01505	0.01996	0.01256	0.00834	0.00932	0.00256	0.04744	0.00714	0.00417	0.01199
11	0.01324	0.00927	0.01076	0.01049	0.01337	0.00813	0.00822	0.01610	0.02080	0.07706	0.19194	0.07561	0.39990	0.02005	0.01015	0.00295	0.00494	0.09058	0.00841	0.00804
12	0.01217	0.00906	0.01336	0.01336	0.01477	0.01047	0.01024	0.01499	0.01358	0.01952	0.02308	0.03503	0.02197	0.10957	0.62240	0.01329	0.02175	0.00935	0.00460	0.00742
13	0.03105	0.09484	0.02579	0.02132	0.02594	0.61512	0.01629	0.03329	0.02356	0.02076	0.01305	0.01521	0.01096	0.00865	0.00749	0.00216	0.01484	0.00541	0.00432	0.00995
14	0.01324	0.01689	0.15682	0.01557	0.01903	0.01212	0.01444	0.01709	0.01601	0.02308	0.03110	0.32007	0.03355	0.02743	0.13489	0.00513	0.06545	0.01491	0.05460	0.00857
15	0.01478	0.00739	0.01109	0.01109	0.01109	0.00739	0.00739	0.01109	0.01109	0.01478	0.01478	0.02587	0.01478	0.02956	0.03326	0.75240	0.00739	0.00739	0.00370	0.00370
16	0.02759	0.03464	0.05557	0.11123	0.11656	0.46358	0.01941	0.03099	0.02226	0.02219	0.01390	0.01721	0.01135	0.00854	0.00790	0.00235	0.01398	0.00608	0.00425	0.01044
17	0.01909	0.09924	0.06362	0.02074	0.11310	0.11692	0.01479	0.02398	0.06317	0.02344	0.02034	0.02798	0.01823	0.10768	0.16251	0.00564	0.01284	0.00795	0.06902	0.00970
18	0.01229	0.00859	0.01099	0.01099	0.01158	0.00918	0.00729	0.01347	0.01288	0.01777	0.02525	0.04702	0.02718	0.45286	0.28623	0.01036	0.01391	0.01111	0.00492	0.00611
19	0.01900	0.08274	0.02779	0.02162	0.02230	0.02678	0.01824	0.02095	0.01343	0.02044	0.01123	0.01816	0.01115	0.01418	0.02583	0.00355	0.62226	0.00718	0.00372	0.00946
20	0.01164	0.00798	0.00970	0.01041	0.01066	0.00788	0.00640	0.01231	0.01385	0.01854	0.03391	0.28640	0.03968	0.42733	0.06027	0.00676	0.00772	0.01651	0.00612	0.00590
21	0.14542	0.01803	0.02794	0.07126	0.44126	0.01877	0.02128	0.02434	0.01770	0.02818	0.01572	0.02102	0.01328	0.01270	0.05793	0.03145	0.01042	0.00718	0.00438	0.01176
22	0.15254	0.08526	0.02452	0.02247	0.10388	0.34847	0.01569	0.03010	0.02084	0.04879	0.01410	0.01637	0.01149	0.00823	0.00711	0.00223	0.01170	0.00561	0.00473	0.06587
23	0.01930	0.03070	0.30851	0.03992	0.37883	0.02002	0.02846	0.02648	0.01876	0.02743	0.01568	0.01970	0.01229	0.00780	0.00828	0.00260	0.01120	0.00701	0.00394	0.01308
24	0.07261	0.02129	0.02345	0.06090	0.02588	0.10617	0.05957	0.23553	0.02727	0.03690	0.14635	0.02840	0.02664	0.01149	0.01057	0.00270	0.07738	0.00892	0.00683	0.01112
25	0.02371	0.02871	0.15112	0.02294	0.09497	0.17710	0.01890	0.17297	0.02538	0.03152	0.02793	0.03134	0.10682	0.01143	0.00859	0.00260	0.01075	0.03584	0.00591	0.01147
26	0.01656	0.10082	0.01858	0.10585	0.02176	0.01423	0.01175	0.02193	0.07753	0.07853	0.23429	0.12644	0.10812	0.01534	0.00909	0.00272	0.00636	0.01317	0.00754	0.00941
27	0.02084	0.08026	0.15480	0.16949	0.27432	0.02175	0.02443	0.10193	0.02110	0.02908	0.01591	0.02010	0.01243	0.00819	0.00814	0.00257	0.01067	0.00709	0.00451	0.01239
28	0.01935	0.03241	0.38190	0.12775	0.16952	0.01919	0.02772	0.02708	0.01860	0.07308	0.01677	0.02015	0.01221	0.00822	0.00826	0.00268	0.01147	0.00692	0.00427	0.01244
29	0.02412	0.03614	0.25016	0.02969	0.17500	0.25305	0.02398	0.06105	0.02169	0.02638	0.01496	0.01788	0.01167	0.00833	0.00804	0.00247	0.01283	0.00637	0.00429	0.01191
30	0.01975	0.11298	0.11702	0.01904	0.06847	0.16844	0.01580	0.02524	0.06479	0.02575	0.12971	0.03691	0.13779	0.01228	0.00839	0.00250	0.00930	0.00979	0.00590	0.01016
31	0.02649	0.08751	0.02507	0.02291	0.09009	0.42953	0.01619	0.02901	0.02187	0.02176	0.02237	0.02430	0.09034	0.01045	0.00896	0.00236	0.04882	0.00729	0.00471	0.00997
32	0.01950	0.01673	0.01771	0.01789	0.06968	0.09535	0.01267	0.02897	0.19478	0.06983	0.27278	0.04474	0.04559	0.01378	0.00922	0.00273	0.00709	0.04222	0.00812	0.01062
33	0.02142	0.02133	0.02324	0.02883	0.25011	0.16716	0.01691	0.02645	0.06672	0.05493	0.07243	0.03669	0.15427	0.01192	0.00873	0.00256	0.00931	0.01002	0.00600	0.01098

[dist]
# distance from previous block
# <min> <max>
7	23

[block]
# block no. 3 follows, 21 sequences, length 16
# corresponding to MSA columns:
# 155-170
name=unknown_D
#
# <colnr> <probs for GDERKNQSTAVLIFYWHMCP>
#	G	D	E	R	K	N	Q	S	T	A	V	L	I	F	Y	W	H	M	C	P
0	0.02897	0.12014	0.02871	0.02550	0.12701	0.36688	0.01773	0.13481	0.02527	0.02764	0.01473	0.01696	0.01199	0.00864	0.00766	0.00226	0.01263	0.00609	0.00499	0.01140
1	0.02073	0.02574	0.12312	0.20912	0.03426	0.19402	0.01883	0.02646	0.05533	0.05089	0.02907	0.03115	0.12400	0.01107	0.00850	0.00264	0.01095	0.00878	0.00522	0.01012
2	0.02298	0.02222	0.01698	0.01545	0.01845	0.25914	0.01186	0.06284	0.02100	0.02749	0.02012	0.02377	0.01631	0.01231	0.03783	0.00277	0.06900	0.00700	0.32328	0.00918
3	0.02191	0.03280	0.27739	0.02803	0.16804	0.14896	0.02350	0.07087	0.02112	0.02836	0.01668	0.01973	0.01283	0.00845	0.00789	0.00247	0.01146	0.00669	0.08093	0.01190
4	0.02072	0.02590	0.12928	0.02963	0.19012	0.13409	0.04643	0.02520	0.01804	0.02426	0.01547	0.02063	0.01311	0.01441	0.06893	0.00371	0.16366	0.00722	0.03825	0.01092
5	0.21154	0.01013	0.01125	0.01200	0.01395	0.01083	0.00873	0.01596	0.01535	0.02578	0.03328	0.39633	0.03752	0.02819	0.12506	0.00504	0.00853	0.01630	0.00661	0.00765
6	0.02852	0.07525	0.02555	0.02292	0.07668	0.39500	0.01657	0.09381	0.13213	0.02726	0.01783	0.01912	0.01417	0.00921	0.00785	0.00236	0.01240	0.00655	0.00549	0.01133
7	0.02664	0.14646	0.02753	0.01922	0.02406	0.19223	0.01583	0.20452	0.06380	0.03128	0.01671	0.01912	0.01357	0.01318	0.04858	0.00316	0.11028	0.00672	0.00567	0.01144
8	0.01130	0.00867	0.01034	0.00992	0.01225	0.00771	0.00744	0.01461	0.02232	0.02993	0.43334	0.07048	0.29292	0.01896	0.01004	0.00275	0.00413	0.01636	0.00882	0.00771
9	0.01238	0.00825	0.00928	0.00928	0.00928	0.00825	0.00516	0.01238	0.01238	0.01650	0.02681	0.05569	0.03094	0.70092	0.04331	0.00825	0.00825	0.01238	0.00516	0.00516
10	0.02084	0.02083	0.03805	0.04857	0.51269	0.02051	0.15845	0.02637	0.01954	0.02768	0.01628	0.02149	0.01335	0.00749	0.00879	0.00260	0.01106	0.00813	0.00423	0.01303
11	0.01158	0.00797	0.00975	0.01053	0.01081	0.00786	0.00653	0.01232	0.01398	0.01873	0.03448	0.30546	0.04036	0.40165	0.06459	0.00667	0.00774	0.01683	0.00620	0.00598
12	0.01586	0.00793	0.00793	0.00793	0.00991	0.00793	0.00595	0.01983	0.01785	0.03173	0.02776	0.03173	0.02181	0.00991	0.00595	0.00198	0.00397	0.00793	0.74817	0.00793
13	0.03027	0.02232	0.02432	0.01897	0.02524	0.02477	0.01560	0.55723	0.03730	0.05014	0.02067	0.02177	0.01517	0.01574	0.07634	0.00370	0.01075	0.00781	0.00811	0.01376
14	0.02859	0.27758	0.03151	0.01917	0.02472	0.40597	0.01576	0.06243	0.02253	0.02230	0.01307	0.01501	0.01114	0.00832	0.00693	0.00208	0.01279	0.00527	0.00434	0.01049
15	0.01845	0.20544	0.50755	0.02189	0.03318	0.02316	0.02733	0.02659	0.01780	0.02526	0.01443	0.01691	0.01081	0.00789	0.00745	0.00248	0.01173	0.00586	0.00360	0.01217

[dist]
# distance from previous block
# <min> <max>
0	1

[block]
# block no. 4 follows, 21 sequences, length 82
# corresponding to MSA columns:
# 172-253
name=unknown_E
#
# <colnr> <probs for GDERKNQSTAVLIFYWHMCP>
#	G	D	E	R	K	N	Q	S	T	A	V	L	I	F	Y	W	H	M	C	P
0	0.63577	0.05531	0.05588	0.01351	0.01951	0.02004	0.04377	0.02528	0.01515	0.03593	0.01235	0.01456	0.00960	0.00784	0.00571	0.00261	0.00751	0.00500	0.00502	0.00964
1	0.02179	0.31576	0.22974	0.01989	0.02809	0.13342	0.05197	0.02691	0.01860	0.02268	0.01399	0.01682	0.01154	0.01079	0.04221	0.00284	0.01223	0.00578	0.00383	0.01111
2	0.01402	0.01151	0.01689	0.18304	0.06320	0.01217	0.01551	0.01810	0.01890	0.02419	0.04388	0.07054	0.15336	0.01845	0.01042	0.00336	0.00816	0.29925	0.00662	0.00844
3	0.03192	0.03674	0.02444	0.02139	0.02633	0.52070	0.01638	0.16752	0.02774	0.02831	0.01481	0.01651	0.01176	0.00910	0.00786	0.00227	0.01398	0.00598	0.00533	0.01092
4	0.01036	0.00863	0.00904	0.00894	0.01168	0.00731	0.00670	0.01280	0.02011	0.02469	0.17137	0.07910	0.55816	0.02092	0.01005	0.00284	0.00427	0.01757	0.00813	0.00731
5	0.01355	0.00969	0.01348	0.01518	0.01715	0.00962	0.01315	0.01748	0.02003	0.02632	0.10412	0.09279	0.05207	0.02291	0.01158	0.00380	0.00746	0.53378	0.00799	0.00786
6	0.02063	0.02277	0.10116	0.04924	0.58242	0.02017	0.02669	0.02621	0.01923	0.02771	0.01593	0.02073	0.01319	0.00764	0.00839	0.00255	0.01037	0.00744	0.00415	0.01338
7	0.01885	0.01796	0.03054	0.33072	0.38665	0.01964	0.02502	0.02418	0.01833	0.02512	0.01562	0.02178	0.01253	0.00799	0.00846	0.00266	0.01066	0.00757	0.00402	0.01170
8	0.03179	0.04056	0.02412	0.02192	0.02631	0.66676	0.01644	0.03398	0.02412	0.02083	0.01315	0.01535	0.01096	0.00877	0.00767	0.00219	0.01535	0.00548	0.00438	0.00987
9	0.01061	0.00827	0.00963	0.01008	0.01203	0.00730	0.00726	0.01298	0.01953	0.02516	0.20202	0.26411	0.33633	0.02215	0.01030	0.00301	0.00443	0.01926	0.00824	0.00730
10	0.01044	0.00864	0.00916	0.00903	0.01173	0.00735	0.00677	0.01296	0.02031	0.02515	0.19437	0.07834	0.53488	0.02075	0.01005	0.00284	0.00425	0.01746	0.00819	0.00735
11	0.76103	0.01646	0.01251	0.01119	0.01646	0.01909	0.00922	0.02502	0.01448	0.03818	0.01185	0.01382	0.00922	0.00790	0.00527	0.00263	0.00658	0.00461	0.00527	0.00922
12	0.01006	0.00862	0.00862	0.00862	0.01149	0.00718	0.00647	0.01221	0.01940	0.02299	0.08621	0.08190	0.64438	0.02155	0.01006	0.00287	0.00431	0.01796	0.00790	0.00718
13	0.01216	0.00912	0.01368	0.01368	0.01520	0.01064	0.01064	0.01520	0.01368	0.01976	0.02279	0.03343	0.02127	0.06382	0.66720	0.01368	0.02279	0.00912	0.00456	0.00760
14	0.01071	0.00865	0.00952	0.00931	0.01189	0.00746	0.00698	0.01347	0.02094	0.02664	0.26896	0.07589	0.45935	0.02019	0.01005	0.00281	0.00421	0.01712	0.00838	0.00746
15	0.01765	0.01513	0.01765	0.01260	0.02017	0.01134	0.01008	0.02143	0.01765	0.02773	0.01513	0.01765	0.01260	0.00630	0.00630	0.00126	0.00630	0.00504	0.00504	0.75295
16	0.01615	0.01830	0.14037	0.01609	0.02120	0.01353	0.04605	0.02462	0.13880	0.06478	0.15052	0.15029	0.13285	0.01566	0.00944	0.00289	0.00714	0.01365	0.00744	0.01021
17	0.02635	0.03792	0.16950	0.02252	0.02810	0.41805	0.02022	0.03025	0.02097	0.02218	0.01333	0.01646	0.01095	0.00957	0.01094	0.00255	0.11965	0.00597	0.00410	0.01040
18	0.01734	0.01640	0.02755	0.45883	0.23707	0.01880	0.02365	0.02267	0.01784	0.02365	0.01848	0.02476	0.03949	0.00879	0.00855	0.00274	0.01066	0.00802	0.00409	0.01059
19	0.06980	0.03437	0.02393	0.02067	0.02582	0.44397	0.01599	0.20648	0.02831	0.03142	0.01524	0.01677	0.01191	0.00915	0.00780	0.00232	0.01312	0.00608	0.00565	0.01119
20	0.01070	0.00918	0.00924	0.00912	0.01211	0.00799	0.00687	0.01412	0.05490	0.02372	0.08322	0.07900	0.60857	0.02097	0.00998	0.00287	0.00445	0.01748	0.00795	0.00755
21	0.01900	0.01941	0.02041	0.01826	0.01929	0.14486	0.01419	0.02064	0.01511	0.01955	0.01649	0.02820	0.01683	0.17667	0.10143	0.00561	0.32311	0.00839	0.00428	0.00827
22	0.03235	0.02384	0.02554	0.01958	0.02639	0.02639	0.01618	0.61946	0.04001	0.05363	0.02043	0.02043	0.01447	0.01022	0.00851	0.00255	0.00936	0.00766	0.00851	0.01447
23	0.01575	0.01125	0.01306	0.01192	0.01501	0.01089	0.00911	0.09677	0.05041	0.06534	0.26947	0.13306	0.22873	0.01812	0.00980	0.00282	0.00521	0.01552	0.00869	0.00909
24	0.02482	0.27430	0.03512	0.02972	0.23907	0.21471	0.01910	0.02819	0.02001	0.02294	0.01366	0.01670	0.01182	0.00782	0.00713	0.00217	0.01128	0.00587	0.00406	0.01149
25	0.01596	0.00964	0.01148	0.01068	0.01383	0.00836	0.00812	0.01863	0.02094	0.14779	0.18236	0.13888	0.34278	0.01917	0.00985	0.00285	0.00489	0.01634	0.00871	0.00874
26	0.03182	0.03969	0.02419	0.02180	0.02631	0.63353	0.01643	0.06436	0.02494	0.02253	0.01353	0.01561	0.01114	0.00884	0.00772	0.00221	0.01504	0.00559	0.00460	0.01010
27	0.01216	0.00912	0.01368	0.01368	0.01520	0.01064	0.01064	0.01520	0.01368	0.01976	0.02279	0.03343	0.02127	0.06382	0.66720	0.01368	0.02279	0.00912	0.00456	0.00760
28	0.01379	0.00966	0.01109	0.01056	0.01093	0.01022	0.00650	0.04496	0.01388	0.01869	0.02559	0.05173	0.02895	0.62561	0.04060	0.00769	0.04657	0.01185	0.00525	0.00588
29	0.01216	0.00912	0.01368	0.01368	0.01520	0.01064	0.01064	0.01520	0.01368	0.01976	0.02279	0.03343	0.02127	0.06382	0.66720	0.01368	0.02279	0.00912	0.00456	0.00760
30	0.01038	0.00832	0.00910	0.00951	0.01162	0.00723	0.00680	0.01235	0.01851	0.02290	0.10371	0.21996	0.44127	0.06428	0.01229	0.00333	0.00468	0.01891	0.00781	0.00704
31	0.01238	0.00825	0.00928	0.00928	0.00928	0.00825	0.00516	0.01238	0.01238	0.01650	0.02681	0.05569	0.03094	0.70092	0.04331	0.00825	0.00825	0.01238	0.00516	0.00516
32	0.02328	0.02464	0.03172	0.07546	0.47702	0.16841	0.02378	0.02771	0.02035	0.02591	0.01531	0.01983	0.01280	0.00790	0.00826	0.00247	0.01137	0.00710	0.00423	0.01246
33	0.03103	0.03450	0.02356	0.02054	0.02540	0.46813	0.01578	0.18075	0.02777	0.02971	0.01581	0.01755	0.01246	0.00920	0.00779	0.00227	0.01320	0.00617	0.04745	0.01092
34	0.01037	0.00741	0.00987	0.01185	0.01234	0.00691	0.00790	0.01185	0.01629	0.02172	0.04690	0.69537	0.05629	0.02666	0.01086	0.00346	0.00494	0.02419	0.00790	0.00691
35	0.02163	0.02130	0.03399	0.05062	0.61475	0.05464	0.02560	0.02654	0.01963	0.02743	0.01586	0.02076	0.01335	0.00765	0.00838	0.00251	0.01039	0.00747	0.00422	0.01329
36	0.02071	0.37692	0.31512	0.01925	0.02873	0.06120	0.02215	0.02659	0.01795	0.02314	0.01343	0.01566	0.01086	0.00772	0.00674	0.00223	0.01098	0.00537	0.00366	0.01160
37	0.01713	0.01254	0.01465	0.01396	0.01659	0.01291	0.01034	0.19675	0.02412	0.03221	0.07551	0.42075	0.07655	0.02085	0.01006	0.00311	0.00620	0.01833	0.00817	0.00929
38	0.01395	0.01005	0.01284	0.01387	0.01548	0.01030	0.01109	0.01840	0.06993	0.02361	0.03862	0.07824	0.04152	0.22833	0.02108	0.00515	0.00787	0.36507	0.00709	0.00750
39	0.02345	0.15778	0.03383	0.06859	0.36450	0.16136	0.02168	0.02747	0.01987	0.02450	0.01454	0.01847	0.01234	0.00782	0.00769	0.00233	0.01110	0.00654	0.00412	0.01201
40	0.76103	0.01646	0.01251	0.01119	0.01646	0.01909	0.00922	0.02502	0.01448	0.03818	0.01185	0.01382	0.00922	0.00790	0.00527	0.00263	0.00658	0.00461	0.00527	0.00922
41	0.02106	0.02022	0.03454	0.05223	0.64784	0.02022	0.02612	0.02612	0.01938	0.02780	0.01601	0.02106	0.01348	0.00758	0.00842	0.00253	0.01011	0.00758	0.00421	0.01348
42	0.01063	0.00784	0.00983	0.01131	0.01233	0.00722	0.00782	0.01231	0.01687	0.02190	0.05328	0.50210	0.16880	0.06452	0.01264	0.00365	0.00519	0.05712	0.00774	0.00692
43	0.01177	0.00843	0.00999	0.01010	0.01096	0.00840	0.00656	0.01283	0.01420	0.01865	0.03878	0.09289	0.14998	0.41484	0.14841	0.00792	0.00994	0.01354	0.00574	0.00609
44	0.01236	0.00881	0.01244	0.01244	0.01350	0.00986	0.00910	0.01427	0.01321	0.01867	0.02334	0.03851	0.02330	0.21948	0.47705	0.05408	0.01833	0.00983	0.00466	0.00677
45	0.01707	0.04402	0.65683	0.02426	0.03683	0.01976	0.03144	0.02695	0.01797	0.02695	0.01527	0.01797	0.01078	0.00809	0.00809	0.00270	0.01258	0.00629	0.00359	0.01258
46	0.01085	0.00834	0.01005	0.01121	0.01295	0.00755	0.00836	0.01305	0.01818	0.02293	0.06283	0.33257	0.29832	0.02397	0.01069	0.00330	0.00520	0.12455	0.00789	0.00719
47	0.01216	0.00912	0.01368	0.01368	0.01520	0.01064	0.01064	0.01520	0.01368	0.01976	0.02279	0.03343	0.02127	0.06382	0.66720	0.01368	0.02279	0.00912	0.00456	0.00760
48	0.01199	0.00809	0.00940	0.00978	0.00988	0.00799	0.00569	0.01227	0.01314	0.01752	0.03072	0.18016	0.03587	0.56973	0.03700	0.00732	0.00761	0.01467	0.00569	0.00550
49	0.01071	0.00906	0.00916	0.00907	0.01188	0.00791	0.00673	0.01379	0.04817	0.02324	0.08059	0.07812	0.58224	0.05734	0.01177	0.00316	0.00464	0.01727	0.00779	0.00737
50	0.01037	0.00741	0.00987	0.01185	0.01234	0.00691	0.00790	0.01185	0.01629	0.02172	0.04690	0.69537	0.05629	0.02666	0.01086	0.00346	0.00494	0.02419	0.00790	0.00691
51	0.01765	0.01513	0.01765	0.01260	0.02017	0.01134	0.01008	0.02143	0.01765	0.02773	0.01513	0.01765	0.01260	0.00630	0.00630	0.00126	0.00630	0.00504	0.00504	0.75295
52	0.02945	0.03492	0.02461	0.02177	0.02560	0.48709	0.01681	0.08932	0.02367	0.02400	0.01351	0.01644	0.01135	0.01003	0.01144	0.00251	0.13653	0.00605	0.00467	0.01022
53	0.01674	0.00878	0.00887	0.00855	0.01079	0.00891	0.00649	0.05175	0.01903	0.03289	0.02737	0.03113	0.02142	0.00993	0.00609	0.00201	0.00425	0.00792	0.70879	0.00828
54	0.01163	0.00957	0.01034	0.00998	0.01282	0.00874	0.00753	0.01635	0.07946	0.02701	0.22193	0.07245	0.44256	0.01954	0.00992	0.00283	0.00447	0.01651	0.00835	0.00800
55	0.01238	0.00825	0.00928	0.00928	0.00928	0.00825	0.00516	0.01238	0.01238	0.01650	0.02681	0.05569	0.03094	0.70092	0.04331	0.00825	0.00825	0.01238	0.00516	0.00516
56	0.01140	0.00803	0.01043	0.01135	0.01189	0.00810	0.00753	0.01269	0.01446	0.01959	0.03539	0.34989	0.04085	0.25954	0.15216	0.00709	0.00959	0.01724	0.00632	0.00646
57	0.01126	0.00785	0.00955	0.01053	0.01091	0.00753	0.00659	0.01211	0.01466	0.01941	0.03965	0.37578	0.07274	0.33254	0.02556	0.00561	0.00641	0.01853	0.00665	0.00613
58	0.03166	0.02350	0.02515	0.01944	0.02613	0.02607	0.01601	0.58415	0.07644	0.05252	0.02131	0.02113	0.01518	0.01030	0.00852	0.00257	0.00920	0.00778	0.00852	0.01441
59	0.01227	0.00821	0.00931	0.00942	0.00945	0.00818	0.00530	0.01235	0.01259	0.01678	0.02789	0.09004	0.03230	0.66472	0.04157	0.00799	0.00807	0.01301	0.00530	0.00525
60	0.01402	0.00925	0.01136	0.01050	0.01323	0.00821	0.00799	0.01739	0.02268	0.09188	0.41232	0.06577	0.24741	0.01799	0.00990	0.00273	0.00442	0.01550	0.00903	0.00841
61	0.02373	0.03664	0.32908	0.02388	0.03315	0.14735	0.08282	0.16421	0.02443	0.03191	0.01623	0.01851	0.01187	0.00862	0.00830	0.00258	0.01255	0.00682	0.00495	0.01238
62	0.01419	0.01280	0.01173	0.01106	0.01404	0.06807	0.00821	0.05041	0.05230	0.02509	0.09711	0.06609	0.42405	0.09161	0.01324	0.00336	0.00611	0.01510	0.00745	0.00799
63	0.01233	0.00845	0.01029	0.01029	0.01064	0.00880	0.00641	0.01302	0.01267	0.01725	0.02589	0.05059	0.02872	0.55484	0.18637	0.00949	0.01159	0.01163	0.00502	0.00572
64	0.02106	0.02022	0.03454	0.05223	0.64784	0.02022	0.02612	0.02612	0.01938	0.02780	0.01601	0.02106	0.01348	0.00758	0.00842	0.00253	0.01011	0.00758	0.00421	0.01348
65	0.02301	0.03273	0.39562	0.02654	0.13274	0.01802	0.02583	0.03045	0.01980	0.18418	0.01998	0.02123	0.01380	0.00862	0.00826	0.00265	0.01084	0.00707	0.00543	0.01320
66	0.01037	0.00741	0.00987	0.01185	0.01234	0.00691	0.00790	0.01185	0.01629	0.02172	0.04690	0.69537	0.05629	0.02666	0.01086	0.00346	0.00494	0.02419	0.00790	0.00691
67	0.01008	0.00855	0.00870	0.00882	0.01155	0.00717	0.00655	0.01219	0.01921	0.02291	0.08379	0.11962	0.60822	0.02187	0.01011	0.00291	0.00435	0.01834	0.00790	0.00717
68	0.01216	0.00912	0.01368	0.01368	0.01520	0.01064	0.01064	0.01520	0.01368	0.01976	0.02279	0.03343	0.02127	0.06382	0.66720	0.01368	0.02279	0.00912	0.00456	0.00760
69	0.01251	0.00963	0.01435	0.01415	0.01558	0.01147	0.01107	0.01548	0.01364	0.01979	0.02217	0.03263	0.02073	0.06118	0.63259	0.01314	0.05866	0.00903	0.00451	0.00769
70	0.01992	0.03913	0.45121	0.02908	0.14801	0.11275	0.02831	0.02781	0.01911	0.02623	0.01510	0.01816	0.01130	0.00809	0.00809	0.00259	0.01252	0.00641	0.00382	0.01235
71	0.02091	0.01965	0.03272	0.14454	0.52676	0.02035	0.02522	0.05686	0.02012	0.02826	0.01611	0.02127	0.01321	0.00786	0.00844	0.00258	0.01026	0.00758	0.00438	0.01293
72	0.01085	0.00837	0.00990	0.01012	0.01213	0.00743	0.00736	0.01352	0.02038	0.02673	0.27876	0.21594	0.30546	0.02122	0.01023	0.00294	0.00435	0.01846	0.00843	0.00743
73	0.01061	0.00869	0.00945	0.00976	0.01233	0.00752	0.00748	0.01304	0.01950	0.02384	0.11130	0.12019	0.50673	0.02185	0.01030	0.00302	0.00474	0.08439	0.00798	0.00729
74	0.02277	0.03063	0.35443	0.08189	0.06660	0.01804	0.02423	0.03160	0.07221	0.18231	0.02149	0.02246	0.01482	0.00900	0.00831	0.00270	0.01051	0.00732	0.00579	0.01289
75	0.01385	0.01097	0.01465	0.01395	0.01453	0.01318	0.01036	0.01553	0.01366	0.01985	0.02420	0.11300	0.02580	0.24055	0.20048	0.00765	0.18122	0.01138	0.04798	0.00721
76	0.01674	0.01205	0.01310	0.01206	0.01523	0.01220	0.00889	0.02517	0.20457	0.08760	0.05172	0.05543	0.25428	0.17320	0.01711	0.00409	0.00624	0.01322	0.00776	0.00935
77	0.01995	0.02407	0.15337	0.16691	0.37945	0.02022	0.02611	0.05896	0.01981	0.02792	0.01594	0.02074	0.01260	0.00801	0.00838	0.00262	0.01079	0.00733	0.00425	0.01258
78	0.01755	0.01553	0.02479	0.16538	0.28005	0.01645	0.02071	0.02334	0.05142	0.02619	0.02673	0.04753	0.02582	0.01342	0.00959	0.00308	0.00941	0.20668	0.00560	0.01074
79	0.01789	0.02921	0.33712	0.02820	0.19848	0.01718	0.02413	0.02509	0.01833	0.02828	0.01834	0.02197	0.01405	0.00837	0.00769	0.00249	0.00992	0.00702	0.17449	0.01176
80	0.02219	0.02555	0.05193	0.10373	0.18104	0.25407	0.01898	0.02602	0.01947	0.02267	0.01639	0.02186	0.01398	0.02104	0.15920	0.00500	0.01518	0.00711	0.00428	0.01031
81	0.07828	0.02290	0.06712	0.09615	0.45416	0.08382	0.02397	0.02650	0.01919	0.02736	0.01529	0.01990	0.01257	0.00783	0.00810	0.00254	0.01060	0.00707	0.00424	0.01241

[dist]
# distance from previous block
# <min> <max>
1	34

[block]
# block no. 5 follows, 21 sequences, length 37
# corresponding to MSA columns:
# 288-324
name=unknown_F
#
# <colnr> <probs for GDERKNQSTAVLIFYWHMCP>
#	G	D	E	R	K	N	Q	S	T	A	V	L	I	F	Y	W	H	M	C	P
0	0.01789	0.02497	0.26262	0.01952	0.05281	0.01572	0.01903	0.05561	0.09045	0.06434	0.02711	0.18216	0.02559	0.05974	0.01117	0.00319	0.00896	0.01151	0.00605	0.04155
1	0.02540	0.02403	0.02104	0.06547	0.02517	0.19430	0.01449	0.24647	0.07047	0.03456	0.03336	0.03336	0.15099	0.01226	0.00863	0.00257	0.00984	0.00944	0.00693	0.01121
2	0.01253	0.01039	0.01461	0.01912	0.14093	0.00973	0.01122	0.01504	0.01811	0.02388	0.07918	0.36568	0.20527	0.02100	0.01012	0.00308	0.00578	0.01875	0.00722	0.00837
3	0.01818	0.01872	0.03521	0.06904	0.24274	0.01804	0.26271	0.02354	0.01955	0.02629	0.03068	0.03425	0.14101	0.01029	0.00942	0.00275	0.01072	0.01069	0.00498	0.01118
4	0.01857	0.01884	0.02274	0.03024	0.29162	0.11809	0.01712	0.02211	0.02015	0.02491	0.04114	0.04576	0.22743	0.01356	0.00908	0.00269	0.00884	0.05098	0.00573	0.01040
5	0.02031	0.02128	0.02591	0.12081	0.31276	0.14841	0.01979	0.02427	0.02003	0.02459	0.02972	0.03261	0.14220	0.01081	0.00862	0.00257	0.01015	0.00928	0.00495	0.01092
6	0.01954	0.02077	0.01628	0.01578	0.01918	0.23098	0.01235	0.02472	0.09391	0.02434	0.04587	0.05690	0.21824	0.01653	0.00949	0.00289	0.00913	0.14730	0.00680	0.00899
7	0.02106	0.02022	0.03454	0.05223	0.64784	0.02022	0.02612	0.02612	0.01938	0.02780	0.01601	0.02106	0.01348	0.00758	0.00842	0.00253	0.01011	0.00758	0.00421	0.01348
8	0.03182	0.03974	0.02419	0.02181	0.02631	0.63530	0.01643	0.06275	0.02490	0.02244	0.01351	0.01560	0.01113	0.00884	0.00771	0.00221	0.01505	0.00559	0.00459	0.01009
9	0.02808	0.03314	0.02519	0.02697	0.15121	0.45036	0.01767	0.06525	0.02375	0.02433	0.01944	0.02162	0.05748	0.00954	0.00805	0.00233	0.01314	0.00694	0.00485	0.01068
10	0.01024	0.00790	0.00936	0.01053	0.01200	0.00702	0.00731	0.01200	0.01756	0.02224	0.06294	0.44509	0.29621	0.02458	0.01053	0.00322	0.00468	0.02165	0.00790	0.00702
11	0.01037	0.00741	0.00987	0.01185	0.01234	0.00691	0.00790	0.01185	0.01629	0.02172	0.04690	0.69537	0.05629	0.02666	0.01086	0.00346	0.00494	0.02419	0.00790	0.00691
12	0.01696	0.01715	0.02690	0.16039	0.11531	0.05946	0.15746	0.02159	0.01941	0.02449	0.03681	0.04478	0.17678	0.01298	0.00954	0.00288	0.01000	0.07188	0.00548	0.00975
13	0.02221	0.02330	0.03058	0.17506	0.40091	0.15099	0.02365	0.02681	0.01985	0.02514	0.01525	0.02024	0.01253	0.00801	0.00829	0.00252	0.01142	0.00715	0.00416	0.01192
14	0.01078	0.00832	0.00984	0.01016	0.01211	0.00738	0.00735	0.01334	0.02005	0.02620	0.25329	0.24274	0.30462	0.02162	0.01027	0.00297	0.00439	0.01883	0.00837	0.00738
15	0.01216	0.00912	0.01368	0.01368	0.01520	0.01064	0.01064	0.01520	0.01368	0.01976	0.02279	0.03343	0.02127	0.06382	0.66720	0.01368	0.02279	0.00912	0.00456	0.00760
16	0.07007	0.02005	0.10854	0.28262	0.16534	0.01870	0.02150	0.07594	0.01957	0.02877	0.01702	0.02195	0.01304	0.00853	0.00792	0.00262	0.00991	0.00724	0.08973	0.01095
17	0.02015	0.02261	0.06236	0.07260	0.17366	0.08672	0.20478	0.02511	0.01830	0.02457	0.01583	0.02176	0.01314	0.01405	0.07287	0.00385	0.12431	0.00819	0.00416	0.01098
18	0.01887	0.01798	0.03057	0.32880	0.38845	0.01964	0.02502	0.02419	0.01834	0.02513	0.01562	0.02178	0.01254	0.00799	0.00846	0.00266	0.01065	0.00757	0.00402	0.01171
19	0.01847	0.02466	0.19559	0.06915	0.37363	0.01835	0.02499	0.02453	0.01905	0.02738	0.06302	0.06444	0.02010	0.00963	0.00860	0.00265	0.01007	0.00881	0.00463	0.01226
20	0.02595	0.09383	0.02459	0.02337	0.14801	0.18342	0.01556	0.02909	0.02116	0.17106	0.02877	0.02961	0.09890	0.01420	0.05260	0.00319	0.01076	0.00844	0.00620	0.01128
21	0.02297	0.30594	0.02961	0.01594	0.02171	0.08224	0.01371	0.03380	0.25377	0.05883	0.02632	0.02567	0.05577	0.01008	0.00732	0.00237	0.00836	0.00760	0.00624	0.01176
22	0.01034	0.00753	0.00974	0.01151	0.01225	0.00694	0.00775	0.01189	0.01662	0.02186	0.05099	0.63157	0.11744	0.02613	0.01078	0.00340	0.00487	0.02354	0.00790	0.00694
23	0.02072	0.01987	0.03392	0.09560	0.60716	0.02013	0.02595	0.02582	0.01921	0.02738	0.01595	0.02117	0.01333	0.00765	0.00843	0.00255	0.01020	0.00758	0.00418	0.01320
24	0.14402	0.02168	0.09845	0.10826	0.41292	0.01984	0.02361	0.02557	0.01815	0.02881	0.01514	0.01968	0.01224	0.00779	0.00787	0.00260	0.00992	0.00694	0.00428	0.01224
25	0.08102	0.03966	0.55872	0.02253	0.03408	0.01921	0.02827	0.02779	0.01812	0.07116	0.01625	0.01838	0.01136	0.00824	0.00788	0.00269	0.01171	0.00630	0.00421	0.01243
26	0.01066	0.00821	0.00984	0.01099	0.01266	0.00739	0.00803	0.01273	0.01800	0.02272	0.06300	0.36516	0.29969	0.02414	0.01064	0.00327	0.00504	0.09280	0.00789	0.00714
27	0.01955	0.01868	0.03182	0.24220	0.46966	0.01982	0.02537	0.02479	0.01866	0.02597	0.01574	0.02155	0.01283	0.00786	0.00845	0.00262	0.01048	0.00758	0.00408	0.01226
28	0.11183	0.08815	0.20943	0.02065	0.06691	0.16305	0.01874	0.02504	0.01861	0.02537	0.02054	0.15400	0.02004	0.01188	0.00800	0.00264	0.01044	0.00947	0.00490	0.01032
29	0.02015	0.10111	0.28899	0.01936	0.02723	0.06304	0.02077	0.09863	0.02050	0.05315	0.02052	0.02378	0.03912	0.02025	0.14152	0.00478	0.01352	0.00735	0.00492	0.01131
30	0.01093	0.00769	0.00994	0.01151	0.01198	0.00732	0.00762	0.01223	0.01566	0.02085	0.04279	0.53881	0.05086	0.16179	0.01742	0.00444	0.00574	0.04848	0.00735	0.00660
31	0.09521	0.04112	0.58915	0.02288	0.03469	0.01969	0.02911	0.02675	0.01760	0.02813	0.01491	0.01753	0.01062	0.00807	0.00779	0.00269	0.01195	0.00611	0.00377	0.01222
32	0.02013	0.01927	0.03285	0.16982	0.53755	0.01997	0.02565	0.02530	0.01894	0.02667	0.01584	0.02137	0.01308	0.00776	0.00844	0.00259	0.01034	0.00758	0.00413	0.01273
33	0.01051	0.00855	0.00931	0.00931	0.01182	0.00735	0.00691	0.01302	0.02019	0.02531	0.20429	0.12228	0.47943	0.02102	0.01011	0.00287	0.00429	0.01785	0.00822	0.00735
34	0.01177	0.00800	0.00946	0.01006	0.01021	0.00785	0.00599	0.01222	0.01356	0.01808	0.03289	0.24912	0.03860	0.49704	0.03350	0.00680	0.00725	0.01595	0.00599	0.00569
35	0.02313	0.01669	0.01819	0.01507	0.01882	0.01805	0.01135	0.34336	0.02771	0.03710	0.02469	0.07961	0.02367	0.27883	0.02215	0.00482	0.00863	0.01060	0.00717	0.01035
36	0.02364	0.02798	0.03764	0.06778	0.03704	0.23852	0.32193	0.02853	0.02057	0.02411	0.01514	0.01996	0.01200	0.00854	0.01090	0.00272	0.08002	0.00811	0.00424	0.01061

[dist]
# distance from previous block
# <min> <max>
0	1

[block]
# block no. 6 follows, 21 sequences, length 84
# corresponding to MSA columns:
# 326-409
name=unknown_G
#
# <colnr> <probs for GDERKNQSTAVLIFYWHMCP>
#	G	D	E	R	K	N	Q	S	T	A	V	L	I	F	Y	W	H	M	C	P
0	0.01866	0.01734	0.02899	0.04314	0.50478	0.01722	0.02202	0.02291	0.01868	0.02643	0.02296	0.17286	0.02312	0.01188	0.00897	0.00274	0.00895	0.01132	0.00504	0.01200
1	0.01216	0.00912	0.01368	0.01368	0.01520	0.01064	0.01064	0.01520	0.01368	0.01976	0.02279	0.03343	0.02127	0.06382	0.66720	0.01368	0.02279	0.00912	0.00456	0.00760
2	0.01832	0.01580	0.01652	0.01509	0.01940	0.01758	0.01167	0.03675	0.47510	0.03236	0.04787	0.04462	0.18471	0.01411	0.00902	0.00288	0.00611	0.01176	0.00847	0.01186
3	0.02106	0.02022	0.03454	0.05223	0.64784	0.02022	0.02612	0.02612	0.01938	0.02780	0.01601	0.02106	0.01348	0.00758	0.00842	0.00253	0.01011	0.00758	0.00421	0.01348
4	0.01140	0.00867	0.01048	0.01003	0.01232	0.00775	0.00752	0.01480	0.02256	0.03049	0.46164	0.06955	0.26427	0.01875	0.01004	0.00274	0.00411	0.01623	0.00889	0.00775
5	0.01031	0.00863	0.00903	0.00927	0.01195	0.00734	0.00702	0.01255	0.01923	0.02308	0.08121	0.11889	0.57095	0.02198	0.01022	0.00298	0.00458	0.05570	0.00790	0.00721
6	0.01216	0.00912	0.01368	0.01368	0.01520	0.01064	0.01064	0.01520	0.01368	0.01976	0.02279	0.03343	0.02127	0.06382	0.66720	0.01368	0.02279	0.00912	0.00456	0.00760
7	0.01707	0.04402	0.65683	0.02426	0.03683	0.01976	0.03144	0.02695	0.01797	0.02695	0.01527	0.01797	0.01078	0.00809	0.00809	0.00270	0.01258	0.00629	0.00359	0.01258
8	0.02275	0.70604	0.04459	0.01456	0.02184	0.03367	0.01456	0.02548	0.01729	0.02002	0.01183	0.01365	0.01092	0.00728	0.00546	0.00182	0.00910	0.00455	0.00364	0.01092
9	0.06629	0.02112	0.02348	0.01807	0.02475	0.02251	0.01493	0.44514	0.03487	0.20646	0.02341	0.02232	0.01592	0.01019	0.00838	0.00258	0.00870	0.00776	0.00889	0.01424
10	0.01250	0.00887	0.01016	0.00990	0.01237	0.00777	0.00728	0.01498	0.02010	0.06491	0.21187	0.13108	0.37048	0.06467	0.01221	0.00322	0.00474	0.01697	0.00825	0.00769
11	0.01707	0.04402	0.65683	0.02426	0.03683	0.01976	0.03144	0.02695	0.01797	0.02695	0.01527	0.01797	0.01078	0.00809	0.00809	0.00270	0.01258	0.00629	0.00359	0.01258
12	0.01037	0.00741	0.00987	0.01185	0.01234	0.00691	0.00790	0.01185	0.01629	0.02172	0.04690	0.69537	0.05629	0.02666	0.01086	0.00346	0.00494	0.02419	0.00790	0.00691
13	0.02702	0.01726	0.01870	0.01499	0.02006	0.01847	0.01217	0.34993	0.03060	0.10324	0.02431	0.02528	0.01773	0.01014	0.00760	0.00236	0.00723	0.00784	0.27294	0.01214
14	0.03235	0.02384	0.02554	0.01958	0.02639	0.02639	0.01618	0.61946	0.04001	0.05363	0.02043	0.02043	0.01447	0.01022	0.00851	0.00255	0.00936	0.00766	0.00851	0.01447
15	0.01238	0.00825	0.00928	0.00928	0.00928	0.00825	0.00516	0.01238	0.01238	0.01650	0.02681	0.05569	0.03094	0.70092	0.04331	0.00825	0.00825	0.01238	0.00516	0.00516
16	0.01097	0.00766	0.00970	0.01108	0.01142	0.00731	0.00708	0.01201	0.01512	0.02016	0.04087	0.50325	0.04867	0.22917	0.02061	0.00490	0.00593	0.02064	0.00708	0.00638
17	0.01864	0.01161	0.01647	0.05639	0.01969	0.01285	0.01213	0.04830	0.01703	0.14283	0.02394	0.03189	0.02038	0.08275	0.40156	0.00957	0.04990	0.00896	0.00583	0.00929
18	0.02654	0.03146	0.02510	0.02700	0.14775	0.42110	0.01783	0.02937	0.02125	0.02206	0.01470	0.01878	0.01267	0.01530	0.08544	0.00369	0.05890	0.00645	0.00433	0.01028
19	0.01238	0.00825	0.00928	0.00928	0.00928	0.00825	0.00516	0.01238	0.01238	0.01650	0.02681	0.05569	0.03094	0.70092	0.04331	0.00825	0.00825	0.01238	0.00516	0.00516
20	0.01037	0.00741	0.00987	0.01185	0.01234	0.00691	0.00790	0.01185	0.01629	0.02172	0.04690	0.69537	0.05629	0.02666	0.01086	0.00346	0.00494	0.02419	0.00790	0.00691
21	0.02118	0.02415	0.14384	0.04550	0.50956	0.01977	0.02640	0.02701	0.01937	0.05790	0.01673	0.02090	0.01337	0.00781	0.00837	0.00256	0.01041	0.00740	0.00441	0.01337
22	0.01017	0.00863	0.00878	0.00874	0.01157	0.00723	0.00656	0.01244	0.01967	0.02364	0.11896	0.08082	0.61122	0.02131	0.01006	0.00286	0.00429	0.01781	0.00799	0.00723
23	0.03179	0.04056	0.02412	0.02192	0.02631	0.66676	0.01644	0.03398	0.02412	0.02083	0.01315	0.01535	0.01096	0.00877	0.00767	0.00219	0.01535	0.00548	0.00438	0.00987
24	0.02686	0.01841	0.02064	0.01704	0.02214	0.01973	0.01356	0.37186	0.06724	0.10968	0.02928	0.18996	0.02627	0.01442	0.00911	0.00281	0.00788	0.01199	0.00859	0.01253
25	0.01447	0.01165	0.01584	0.01959	0.15428	0.01186	0.01100	0.01631	0.01553	0.02121	0.03419	0.04914	0.13633	0.34526	0.02667	0.00540	0.05040	0.01178	0.04130	0.00779
26	0.03179	0.04056	0.02412	0.02192	0.02631	0.66676	0.01644	0.03398	0.02412	0.02083	0.01315	0.01535	0.01096	0.00877	0.00767	0.00219	0.01535	0.00548	0.00438	0.00987
27	0.01207	0.00834	0.00979	0.00964	0.01066	0.00791	0.00628	0.01305	0.01628	0.02158	0.17597	0.05980	0.16214	0.34836	0.02828	0.07716	0.00644	0.01368	0.00651	0.00606
28	0.01006	0.00862	0.00862	0.00862	0.01149	0.00718	0.00647	0.01221	0.01940	0.02299	0.08621	0.08190	0.64438	0.02155	0.01006	0.00287	0.00431	0.01796	0.00790	0.00718
29	0.02275	0.70604	0.04459	0.01456	0.02184	0.03367	0.01456	0.02548	0.01729	0.02002	0.01183	0.01365	0.01092	0.00728	0.00546	0.00182	0.00910	0.00455	0.00364	0.01092
30	0.01054	0.00753	0.01007	0.01204	0.01261	0.00706	0.00820	0.01214	0.01646	0.02191	0.04681	0.66484	0.05591	0.02650	0.01091	0.00348	0.00508	0.05304	0.00790	0.00696
31	0.01874	0.01899	0.02814	0.02350	0.02424	0.02568	0.06994	0.02106	0.01364	0.02106	0.01169	0.01899	0.01132	0.01423	0.02639	0.00365	0.62779	0.00767	0.00377	0.00950
32	0.01690	0.01609	0.02277	0.02004	0.02044	0.02196	0.01649	0.01907	0.01320	0.02029	0.01426	0.02256	0.01386	0.02792	0.19807	0.00637	0.50901	0.00789	0.00395	0.00885
33	0.01037	0.00741	0.00987	0.01185	0.01234	0.00691	0.00790	0.01185	0.01629	0.02172	0.04690	0.69537	0.05629	0.02666	0.01086	0.00346	0.00494	0.02419	0.00790	0.00691
34	0.01216	0.00912	0.01368	0.01368	0.01520	0.01064	0.01064	0.01520	0.01368	0.01976	0.02279	0.03343	0.02127	0.06382	0.66720	0.01368	0.02279	0.00912	0.00456	0.00760
35	0.01950	0.02419	0.10565	0.03204	0.03934	0.02225	0.44042	0.02589	0.01848	0.02589	0.01583	0.02160	0.01236	0.00879	0.01339	0.00302	0.14695	0.00916	0.00412	0.01116
36	0.01912	0.14845	0.05141	0.01469	0.01851	0.14466	0.01248	0.02247	0.01757	0.02306	0.01957	0.02498	0.01689	0.02741	0.23090	0.00600	0.01400	0.00713	0.17170	0.00899
37	0.01110	0.00866	0.01007	0.00972	0.01214	0.00763	0.00729	0.01423	0.02186	0.02884	0.37896	0.07227	0.34798	0.01937	0.01005	0.00277	0.00416	0.01661	0.00867	0.00763
