[name]
unknown

[dist]
# distance from previous block
# <min> <max>
0	0

[block]
# block no. 0 follows, 22 sequences, length 150
# corresponding to MSA columns:
# 0-149
name=unknown_A
#
# <colnr> <probs for GDERKNQSTAVLIFYWHMCP>
#	G	D	E	R	K	N	Q	S	T	A	V	L	I	F	Y	W	H	M	C	P
0	0.01339	0.00956	0.01339	0.01530	0.01721	0.00956	0.01339	0.01721	0.01912	0.02486	0.04399	0.09371	0.04781	0.02295	0.01147	0.00382	0.00765	0.60031	0.00765	0.00765
1	0.01666	0.04297	0.66500	0.02368	0.03596	0.01929	0.03069	0.02631	0.01754	0.02631	0.01491	0.01754	0.01052	0.00789	0.00789	0.00263	0.01228	0.00614	0.00351	0.01228
2	0.01666	0.04297	0.66500	0.02368	0.03596	0.01929	0.03069	0.02631	0.01754	0.02631	0.01491	0.01754	0.01052	0.00789	0.00789	0.00263	0.01228	0.00614	0.00351	0.01228
3	0.01666	0.04297	0.66500	0.02368	0.03596	0.01929	0.03069	0.02631	0.01754	0.02631	0.01491	0.01754	0.01052	0.00789	0.00789	0.00263	0.01228	0.00614	0.00351	0.01228
4	0.02033	0.01950	0.03330	0.08143	0.62760	0.01968	0.02538	0.02529	0.01881	0.02686	0.01559	0.02064	0.01306	0.00745	0.00823	0.00248	0.00993	0.00740	0.00409	0.01297
5	0.01089	0.00846	0.00990	0.00954	0.01188	0.00747	0.00715	0.01399	0.02146	0.02843	0.39707	0.07009	0.33620	0.01880	0.00981	0.00270	0.00405	0.01615	0.00850	0.00747
6	0.01238	0.01055	0.01380	0.01361	0.01456	0.01197	0.01028	0.01427	0.01630	0.02215	0.09536	0.33523	0.16735	0.02112	0.01490	0.00326	0.19142	0.01721	0.00673	0.00753
7	0.02516	0.38613	0.16416	0.01631	0.02429	0.02448	0.01704	0.02941	0.01889	0.19535	0.01800	0.01825	0.01332	0.00813	0.00668	0.00217	0.00909	0.00585	0.00537	0.01194
8	0.02871	0.02007	0.02229	0.01776	0.02336	0.02187	0.01457	0.48543	0.03383	0.07991	0.02215	0.02714	0.01736	0.01289	0.01089	0.07496	0.00872	0.05757	0.00791	0.01257
9	0.23894	0.01045	0.00995	0.00956	0.01119	0.01122	0.00626	0.01611	0.01293	0.02312	0.02183	0.04106	0.02344	0.46704	0.02953	0.00614	0.00738	0.00961	0.03790	0.00634
10	0.04920	0.07313	0.57983	0.02318	0.03473	0.01999	0.05537	0.02617	0.01745	0.02647	0.01469	0.01738	0.01056	0.00781	0.00774	0.00259	0.01194	0.00615	0.00361	0.01201
11	0.01176	0.00849	0.01110	0.01045	0.01241	0.00784	0.00784	0.01568	0.02352	0.03331	0.65184	0.06206	0.07839	0.01698	0.00980	0.00261	0.00392	0.01502	0.00914	0.00784
12	0.01003	0.00759	0.00927	0.01062	0.01180	0.00683	0.00729	0.01167	0.01682	0.02158	0.05731	0.51556	0.23457	0.02453	0.01037	0.00320	0.00464	0.02179	0.00771	0.00683
13	0.01187	0.00890	0.01335	0.01335	0.01483	0.01038	0.01038	0.01483	0.01335	0.01928	0.02225	0.03264	0.02077	0.06231	0.67512	0.01335	0.02225	0.00890	0.00445	0.00742
14	0.03103	0.03959	0.02354	0.02140	0.02568	0.67469	0.01605	0.03317	0.02354	0.02033	0.01284	0.01498	0.01070	0.00856	0.00749	0.00214	0.01498	0.00535	0.00428	0.00963
15	0.03103	0.03959	0.02354	0.02140	0.02568	0.67469	0.01605	0.03317	0.02354	0.02033	0.01284	0.01498	0.01070	0.00856	0.00749	0.00214	0.01498	0.00535	0.00428	0.00963
16	0.22552	0.02843	0.34937	0.01742	0.02560	0.01678	0.01997	0.02362	0.01780	0.03080	0.14352	0.02546	0.02390	0.00969	0.00751	0.00261	0.00894	0.00749	0.00511	0.01046
17	0.02056	0.01974	0.03372	0.05099	0.65622	0.01974	0.02550	0.02550	0.01892	0.02714	0.01563	0.02056	0.01316	0.00740	0.00822	0.00247	0.00987	0.00740	0.00411	0.01316
18	0.76672	0.01607	0.01221	0.01092	0.01607	0.01864	0.00900	0.02442	0.01414	0.03727	0.01157	0.01350	0.00900	0.00771	0.00514	0.00257	0.00643	0.00450	0.00514	0.00900
19	0.02480	0.07313	0.28368	0.02198	0.02962	0.37921	0.02188	0.03000	0.02080	0.02271	0.01361	0.01594	0.01063	0.00822	0.00755	0.00232	0.01360	0.00563	0.00393	0.01075
20	0.01077	0.00776	0.01034	0.01218	0.01306	0.00733	0.00880	0.01273	0.01670	0.02201	0.04725	0.54903	0.08206	0.02516	0.01074	0.00344	0.00537	0.14062	0.00770	0.00694
21	0.01194	0.00861	0.01187	0.01187	0.01284	0.00958	0.00854	0.01389	0.01291	0.01819	0.02360	0.04013	0.02402	0.28495	0.45693	0.01152	0.01736	0.01000	0.00465	0.00660
22	0.01018	0.00832	0.00900	0.00906	0.01150	0.00713	0.00671	0.01254	0.01945	0.02422	0.17922	0.13421	0.49799	0.02079	0.00989	0.00282	0.00421	0.01766	0.00796	0.00713
23	0.02066	0.01785	0.01878	0.01691	0.02160	0.02066	0.01315	0.04414	0.64121	0.03475	0.03381	0.03099	0.02536	0.01127	0.00845	0.00282	0.00657	0.00939	0.00845	0.01315
24	0.03121	0.03431	0.02399	0.02066	0.02571	0.46483	0.01597	0.22571	0.02856	0.03069	0.01514	0.01659	0.01181	0.00902	0.00776	0.00225	0.01309	0.00604	0.00558	0.01109
25	0.01798	0.01711	0.02906	0.38826	0.33911	0.01906	0.02421	0.02324	0.01770	0.02401	0.01517	0.02140	0.01206	0.00788	0.00827	0.00263	0.01051	0.00739	0.00389	0.01108
26	0.01199	0.00843	0.01098	0.01098	0.01165	0.00910	0.00743	0.01332	0.01265	0.01753	0.02442	0.04462	0.02597	0.41848	0.32606	0.01043	0.01442	0.01065	0.00477	0.00610
27	0.01029	0.00730	0.00959	0.01136	0.01180	0.00686	0.00749	0.01161	0.01558	0.02078	0.04413	0.64787	0.05286	0.08363	0.01328	0.00377	0.00509	0.02264	0.00749	0.00660
28	0.01044	0.00844	0.00928	0.00907	0.01160	0.00728	0.00680	0.01312	0.02040	0.02592	0.26558	0.07423	0.46926	0.01974	0.00981	0.00274	0.00412	0.01673	0.00817	0.00728
29	0.01189	0.00883	0.01299	0.01299	0.01435	0.01019	0.00993	0.01460	0.01324	0.01902	0.02258	0.03447	0.02157	0.11685	0.62167	0.01290	0.02105	0.00917	0.00450	0.00722
30	0.00982	0.00842	0.00842	0.00842	0.01122	0.00701	0.00631	0.01192	0.01894	0.02244	0.08416	0.07995	0.65285	0.02104	0.00982	0.00281	0.00421	0.01753	0.00771	0.00701
31	0.03158	0.02327	0.02493	0.01911	0.02576	0.02576	0.01579	0.62852	0.03906	0.05236	0.01995	0.01995	0.01413	0.00997	0.00831	0.00249	0.00914	0.00748	0.00831	0.01413
32	0.01780	0.18013	0.53779	0.02174	0.03296	0.02207	0.02732	0.02602	0.01740	0.02492	0.01422	0.01668	0.01055	0.00773	0.00737	0.00246	0.01158	0.00579	0.00352	0.01195
33	0.02191	0.02109	0.02794	0.09722	0.26519	0.08372	0.04637	0.08690	0.14711	0.02922	0.01902	0.02211	0.01507	0.00925	0.00996	0.00266	0.07014	0.00771	0.00533	0.01208
34	0.02066	0.01785	0.01878	0.01691	0.02160	0.02066	0.01315	0.04414	0.64121	0.03475	0.03381	0.03099	0.02536	0.01127	0.00845	0.00282	0.00657	0.00939	0.00845	0.01315
35	0.02052	0.01987	0.03446	0.05022	0.62675	0.01980	0.05438	0.02555	0.01895	0.02711	0.01568	0.02065	0.01313	0.00738	0.00830	0.00248	0.01007	0.00752	0.00412	0.01306
36	0.02203	0.02311	0.03042	0.13322	0.44415	0.15362	0.02323	0.02648	0.01954	0.02493	0.01494	0.01964	0.01237	0.00776	0.00809	0.00244	0.01108	0.00698	0.00409	0.01189
37	0.05208	0.03712	0.54714	0.02132	0.03189	0.01775	0.02663	0.02481	0.01817	0.02776	0.09897	0.02323	0.01942	0.00909	0.00801	0.00263	0.01089	0.00723	0.00433	0.01153
38	0.02056	0.01974	0.03372	0.05099	0.65622	0.01974	0.02550	0.02550	0.01892	0.02714	0.01563	0.02056	0.01316	0.00740	0.00822	0.00247	0.00987	0.00740	0.00411	0.01316
39	0.02157	0.23164	0.24480	0.01706	0.02505	0.02053	0.01848	0.02771	0.04641	0.14306	0.07518	0.02563	0.04970	0.00965	0.00749	0.00238	0.00896	0.00749	0.00567	0.01155
40	0.02044	0.08519	0.22353	0.02664	0.06404	0.02028	0.24388	0.05259	0.04371	0.07557	0.01914	0.05329	0.01504	0.00874	0.00860	0.00265	0.01140	0.00859	0.00491	0.01178
41	0.02938	0.05565	0.02531	0.01997	0.02507	0.22975	0.01610	0.34226	0.03005	0.03699	0.01626	0.01790	0.01251	0.00998	0.01027	0.00249	0.09517	0.00666	0.00628	0.01196
42	0.03103	0.03959	0.02354	0.02140	0.02568	0.67469	0.01605	0.03317	0.02354	0.02033	0.01284	0.01498	0.01070	0.00856	0.00749	0.00214	0.01498	0.00535	0.00428	0.00963
43	0.03213	0.02238	0.02438	0.01869	0.02532	0.02444	0.01544	0.57127	0.03757	0.11171	0.02119	0.02076	0.01475	0.01000	0.00831	0.00250	0.00894	0.00756	0.00850	0.01413
44	0.01051	0.00776	0.01040	0.01206	0.01252	0.00765	0.00822	0.01198	0.01575	0.02115	0.04410	0.66950	0.05281	0.02547	0.01141	0.00339	0.03812	0.02283	0.00751	0.00686
45	0.01205	0.00810	0.00926	0.00919	0.00938	0.00803	0.00530	0.01243	0.01318	0.01776	0.08607	0.05510	0.03481	0.64189	0.03917	0.00753	0.00766	0.01236	0.00543	0.00530
46	0.01012	0.00723	0.00964	0.01157	0.01205	0.00675	0.00771	0.01157	0.01591	0.02121	0.04579	0.70262	0.05495	0.02603	0.01060	0.00337	0.00482	0.02362	0.00771	0.00675
47	0.01054	0.00865	0.00943	0.00982	0.01244	0.00753	0.00775	0.01300	0.01897	0.02293	0.07599	0.08275	0.52979	0.02143	0.01016	0.00301	0.00491	0.13606	0.00770	0.00714
48	0.02351	0.51594	0.09523	0.01653	0.02352	0.16219	0.01607	0.02669	0.01829	0.02031	0.01211	0.01404	0.01066	0.00747	0.00600	0.00193	0.01043	0.00478	0.00370	0.01060
49	0.02221	0.71304	0.04353	0.01421	0.02132	0.03287	0.01421	0.02488	0.01688	0.01955	0.01155	0.01333	0.01066	0.00711	0.00533	0.00178	0.00888	0.00444	0.00355	0.01066
50	0.01004	0.00837	0.00881	0.00910	0.01163	0.00713	0.00683	0.01218	0.01866	0.02246	0.07828	0.14031	0.56235	0.02162	0.00998	0.00292	0.00446	0.05015	0.00771	0.00702
51	0.02221	0.71304	0.04353	0.01421	0.02132	0.03287	0.01421	0.02488	0.01688	0.01955	0.01155	0.01333	0.01066	0.00711	0.00533	0.00178	0.00888	0.00444	0.00355	0.01066
52	0.01012	0.00723	0.00964	0.01157	0.01205	0.00675	0.00771	0.01157	0.01591	0.02121	0.04579	0.70262	0.05495	0.02603	0.01060	0.00337	0.00482	0.02362	0.00771	0.00675
53	0.02056	0.01974	0.03372	0.05099	0.65622	0.01974	0.02550	0.02550	0.01892	0.02714	0.01563	0.02056	0.01316	0.00740	0.00822	0.00247	0.00987	0.00740	0.00411	0.01316
54	0.01057	0.00813	0.00966	0.00995	0.01185	0.00723	0.00721	0.01312	0.01971	0.02586	0.26936	0.23856	0.29694	0.02096	0.01002	0.00289	0.00427	0.01828	0.00821	0.00723
55	0.01549	0.00774	0.00774	0.00774	0.00968	0.00774	0.00581	0.01936	0.01742	0.03097	0.02710	0.03097	0.02129	0.00968	0.00581	0.00194	0.00387	0.00774	0.75416	0.00774
56	0.01015	0.00843	0.00888	0.00876	0.01142	0.00715	0.00657	0.01256	0.01972	0.02430	0.18114	0.07689	0.55471	0.02035	0.00981	0.00277	0.00416	0.01710	0.00796	0.00715
57	0.01192	0.00798	0.00911	0.00927	0.00931	0.00794	0.00526	0.01204	0.01240	0.01654	0.02783	0.10912	0.03229	0.65044	0.03961	0.00766	0.00778	0.01306	0.00526	0.00518
58	0.03158	0.02327	0.02493	0.01911	0.02576	0.02576	0.01579	0.62852	0.03906	0.05236	0.01995	0.01995	0.01413	0.00997	0.00831	0.00249	0.00914	0.00748	0.00831	0.01413
59	0.01443	0.00722	0.01082	0.01082	0.01082	0.00722	0.00722	0.01082	0.01082	0.01443	0.01443	0.02525	0.01443	0.02886	0.03247	0.75830	0.00722	0.00722	0.00361	0.00361
60	0.02015	0.01932	0.03298	0.10480	0.60563	0.01963	0.02529	0.02513	0.01872	0.02664	0.01555	0.02069	0.01298	0.00748	0.00823	0.00249	0.00997	0.00740	0.00408	0.01283
61	0.02033	0.01950	0.03330	0.08115	0.62787	0.01968	0.02538	0.02529	0.01881	0.02686	0.01559	0.02064	0.01306	0.00744	0.00823	0.00248	0.00993	0.00740	0.00409	0.01297
62	0.02066	0.01785	0.01878	0.01691	0.02160	0.02066	0.01315	0.04414	0.64121	0.03475	0.03381	0.03099	0.02536	0.01127	0.00845	0.00282	0.00657	0.00939	0.00845	0.01315
63	0.01666	0.04297	0.66500	0.02368	0.03596	0.01929	0.03069	0.02631	0.01754	0.02631	0.01491	0.01754	0.01052	0.00789	0.00789	0.00263	0.01228	0.00614	0.00351	0.01228
64	0.02056	0.01974	0.03372	0.05099	0.65622	0.01974	0.02550	0.02550	0.01892	0.02714	0.01563	0.02056	0.01316	0.00740	0.00822	0.00247	0.00987	0.00740	0.00411	0.01316
65	0.03158	0.02327	0.02493	0.01911	0.02576	0.02576	0.01579	0.62852	0.03906	0.05236	0.01995	0.01995	0.01413	0.00997	0.00831	0.00249	0.00914	0.00748	0.00831	0.01413
66	0.02056	0.01974	0.03372	0.05099	0.65622	0.01974	0.02550	0.02550	0.01892	0.02714	0.01563	0.02056	0.01316	0.00740	0.00822	0.00247	0.00987	0.00740	0.00411	0.01316
67	0.02056	0.01974	0.03372	0.05099	0.65622	0.01974	0.02550	0.02550	0.01892	0.02714	0.01563	0.02056	0.01316	0.00740	0.00822	0.00247	0.00987	0.00740	0.00411	0.01316
68	0.02057	0.01958	0.03246	0.04811	0.60262	0.01982	0.02445	0.02707	0.07148	0.02778	0.01716	0.02144	0.01419	0.00773	0.00824	0.00250	0.00959	0.00757	0.00448	0.01316
69	0.03030	0.03348	0.02478	0.02328	0.07896	0.44319	0.01678	0.19416	0.02736	0.02960	0.01501	0.01680	0.01184	0.00885	0.00778	0.00226	0.01296	0.00610	0.00536	0.01115
70	0.02056	0.01974	0.03372	0.05099	0.65622	0.01974	0.02550	0.02550	0.01892	0.02714	0.01563	0.02056	0.01316	0.00740	0.00822	0.00247	0.00987	0.00740	0.00411	0.01316
71	0.01276	0.01098	0.01123	0.01072	0.01404	0.01072	0.00817	0.02067	0.18789	0.02578	0.07049	0.06666	0.48248	0.01839	0.00945	0.00281	0.00485	0.01532	0.00791	0.00868
72	0.01569	0.01477	0.02492	0.68808	0.05722	0.01846	0.02307	0.02123	0.01661	0.02123	0.01477	0.02215	0.01107	0.00831	0.00831	0.00277	0.01107	0.00738	0.00369	0.00923
73	0.01168	0.00789	0.00918	0.00957	0.00967	0.00779	0.00558	0.01198	0.01286	0.01715	0.03019	0.18706	0.03527	0.56844	0.03580	0.00710	0.00739	0.01444	0.00558	0.00538
74	0.02159	0.01830	0.01930	0.01709	0.02195	0.02109	0.01337	0.09350	0.59035	0.03624	0.03264	0.03006	0.02441	0.01116	0.00844	0.00279	0.00679	0.00923	0.00844	0.01323
75	0.01208	0.00805	0.00906	0.00906	0.00906	0.00805	0.00503	0.01208	0.01208	0.01611	0.02618	0.05436	0.03020	0.70804	0.04228	0.00805	0.00805	0.01208	0.00503	0.00503
76	0.03703	0.01453	0.01952	0.01497	0.02140	0.01280	0.01237	0.06604	0.02444	0.63548	0.03222	0.02791	0.02028	0.01027	0.00835	0.00257	0.00716	0.00832	0.01020	0.01414
77	0.01235	0.01052	0.01475	0.15152	0.08035	0.01058	0.01200	0.01555	0.01852	0.02398	0.13956	0.18754	0.25632	0.01762	0.00952	0.00285	0.00621	0.01541	0.00677	0.00810
78	0.02024	0.01759	0.01930	0.07360	0.02461	0.02048	0.01399	0.04221	0.58846	0.03361	0.03220	0.03025	0.02415	0.01102	0.00844	0.00281	0.00695	0.00922	0.00805	0.01282
79	0.02855	0.16910	0.02768	0.01877	0.02448	0.26517	0.01534	0.23768	0.07971	0.03243	0.01680	0.01771	0.01311	0.00898	0.00742	0.00225	0.01102	0.00624	0.00587	0.01169
80	0.01869	0.01822	0.02818	0.17367	0.42118	0.04912	0.02208	0.02325	0.01867	0.02501	0.02415	0.02827	0.09503	0.00940	0.00841	0.00256	0.00963	0.00861	0.00450	0.01140
81	0.02056	0.01974	0.03372	0.05099	0.65622	0.01974	0.02550	0.02550	0.01892	0.02714	0.01563	0.02056	0.01316	0.00740	0.00822	0.00247	0.00987	0.00740	0.00411	0.01316
82	0.03103	0.03959	0.02354	0.02140	0.02568	0.67469	0.01605	0.03317	0.02354	0.02033	0.01284	0.01498	0.01070	0.00856	0.00749	0.00214	0.01498	0.00535	0.00428	0.00963
83	0.03103	0.03959	0.02354	0.02140	0.02568	0.67469	0.01605	0.03317	0.02354	0.02033	0.01284	0.01498	0.01070	0.00856	0.00749	0.00214	0.01498	0.00535	0.00428	0.00963
84	0.01208	0.00805	0.00906	0.00906	0.00906	0.00805	0.00503	0.01208	0.01208	0.01611	0.02618	0.05436	0.03020	0.70804	0.04228	0.00805	0.00805	0.01208	0.00503	0.00503
85	0.01549	0.00774	0.00774	0.00774	0.00968	0.00774	0.00581	0.01936	0.01742	0.03097	0.02710	0.03097	0.02129	0.00968	0.00581	0.00194	0.00387	0.00774	0.75416	0.00774
86	0.01208	0.00805	0.00906	0.00906	0.00906	0.00805	0.00503	0.01208	0.01208	0.01611	0.02618	0.05436	0.03020	0.70804	0.04228	0.00805	0.00805	0.01208	0.00503	0.00503
87	0.01818	0.01818	0.02545	0.02181	0.02181	0.02545	0.01818	0.01999	0.01272	0.01999	0.01091	0.01818	0.01091	0.01454	0.02726	0.00364	0.69284	0.00727	0.00364	0.00909
88	0.02221	0.71304	0.04353	0.01421	0.02132	0.03287	0.01421	0.02488	0.01688	0.01955	0.01155	0.01333	0.01066	0.00711	0.00533	0.00178	0.00888	0.00444	0.00355	0.01066
89	0.01187	0.00890	0.01335	0.01335	0.01483	0.01038	0.01038	0.01483	0.01335	0.01928	0.02225	0.03264	0.02077	0.06231	0.67512	0.01335	0.02225	0.00890	0.00445	0.00742
90	0.03103	0.03959	0.02354	0.02140	0.02568	0.67469	0.01605	0.03317	0.02354	0.02033	0.01284	0.01498	0.01070	0.00856	0.00749	0.00214	0.01498	0.00535	0.00428	0.00963
91	0.02813	0.03126	0.02427	0.02103	0.02479	0.39073	0.01650	0.15117	0.02417	0.02677	0.01383	0.01674	0.01145	0.01025	0.01229	0.00256	0.17247	0.00623	0.00495	0.01042
92	0.02290	0.01896	0.02004	0.01736	0.02245	0.02171	0.01369	0.16376	0.51796	0.03836	0.03097	0.02873	0.02306	0.01101	0.00842	0.00275	0.00710	0.00900	0.00842	0.01335
93	0.01779	0.17925	0.53860	0.02175	0.03298	0.02205	0.02734	0.02602	0.01741	0.02493	0.01423	0.01668	0.01055	0.00773	0.00737	0.00246	0.01159	0.00579	0.00352	0.01195
94	0.02856	0.02100	0.02262	0.01789	0.02372	0.02315	0.01456	0.52267	0.06495	0.04798	0.02309	0.07860	0.01842	0.01138	0.00840	0.00256	0.00843	0.00894	0.03988	0.01319
95	0.01195	0.00859	0.01177	0.01177	0.01271	0.00953	0.00841	0.01382	0.01288	0.01811	0.02370	0.04064	0.02424	0.30011	0.44207	0.01140	0.01702	0.01007	0.00467	0.00654
96	0.00992	0.00842	0.00856	0.00853	0.01129	0.00706	0.00640	0.01213	0.01919	0.02304	0.11536	0.07897	0.62127	0.02082	0.00982	0.00279	0.00419	0.01739	0.00779	0.00706
97	0.01208	0.00805	0.00906	0.00906	0.00906	0.00805	0.00503	0.01208	0.01208	0.01611	0.02618	0.05436	0.03020	0.70804	0.04228	0.00805	0.00805	0.01208	0.00503	0.00503
98	0.01666	0.04297	0.66500	0.02368	0.03596	0.01929	0.03069	0.02631	0.01754	0.02631	0.01491	0.01754	0.01052	0.00789	0.00789	0.00263	0.01228	0.00614	0.00351	0.01228
99	0.01208	0.00805	0.00906	0.00906	0.00906	0.00805	0.00503	0.01208	0.01208	0.01611	0.02618	0.05436	0.03020	0.70804	0.04228	0.00805	0.00805	0.01208	0.00503	0.00503
100	0.01139	0.00783	0.00920	0.00977	0.01005	0.00762	0.00589	0.01192	0.01354	0.01792	0.03477	0.24812	0.06730	0.47267	0.03132	0.00641	0.00691	0.01577	0.00596	0.00564
101	0.02681	0.03252	0.02096	0.01931	0.02297	0.52268	0.01455	0.02918	0.02139	0.02061	0.01521	0.01894	0.01303	0.01852	0.13047	0.00420	0.01583	0.00611	0.03757	0.00914
102	0.01890	0.31372	0.41389	0.01985	0.03004	0.02478	0.02404	0.02573	0.01727	0.02358	0.01355	0.01584	0.01058	0.00758	0.00686	0.00229	0.01091	0.00545	0.00353	0.01162
103	0.01883	0.02101	0.08891	0.20394	0.33772	0.01962	0.13912	0.02472	0.01836	0.02550	0.01557	0.02104	0.01231	0.00759	0.00852	0.00262	0.01116	0.00774	0.00397	0.01174
104	0.02614	0.27218	0.03211	0.01967	0.02478	0.35489	0.04914	0.02870	0.02001	0.02037	0.01243	0.01510	0.01081	0.00851	0.00867	0.00219	0.07485	0.00545	0.00396	0.01003
105	0.01799	0.01871	0.01661	0.01592	0.01830	0.22269	0.01220	0.02070	0.01661	0.01962	0.01924	0.02699	0.01755	0.04513	0.46175	0.00977	0.01993	0.00777	0.00440	0.00812
106	0.03116	0.03577	0.02387	0.02087	0.02570	0.52278	0.01599	0.17254	0.02717	0.02783	0.01450	0.01614	0.01150	0.00889	0.00768	0.00222	0.01361	0.00585	0.00522	0.01068
107	0.02423	0.16538	0.03024	0.02628	0.17067	0.17492	0.04430	0.08195	0.14868	0.02768	0.01829	0.01996	0.01464	0.00860	0.00759	0.00234	0.01030	0.00685	0.00528	0.01183
108	0.01214	0.00876	0.01014	0.00962	0.01227	0.00764	0.00727	0.01506	0.02112	0.06215	0.31885	0.06962	0.37774	0.01875	0.00973	0.00271	0.00424	0.01598	0.00845	0.00775
109	0.02420	0.01720	0.01818	0.01503	0.01977	0.01896	0.01206	0.31422	0.15540	0.04192	0.02507	0.02573	0.01872	0.01014	0.00754	0.00238	0.00693	0.00796	0.24671	0.01189
110	0.01995	0.26665	0.25855	0.02342	0.03255	0.05143	0.18609	0.02618	0.01812	0.02383	0.01419	0.01731	0.01114	0.00741	0.00752	0.00236	0.01170	0.00652	0.00374	0.01132
111	0.01671	0.01018	0.01226	0.01180	0.01506	0.00923	0.00941	0.02037	0.04982	0.15433	0.05979	0.12239	0.31950	0.01917	0.00986	0.00301	0.00566	0.13430	0.00826	0.00888
112	0.00982	0.00842	0.00842	0.00842	0.01122	0.00701	0.00631	0.01192	0.01894	0.02244	0.08416	0.07995	0.65285	0.02104	0.00982	0.00281	0.00421	0.01753	0.00771	0.00701
113	0.03103	0.03959	0.02354	0.02140	0.02568	0.67469	0.01605	0.03317	0.02354	0.02033	0.01284	0.01498	0.01070	0.00856	0.00749	0.00214	0.01498	0.00535	0.00428	0.00963
114	0.01869	0.01468	0.01744	0.01566	0.01922	0.01680	0.01237	0.14902	0.21924	0.03095	0.02548	0.02953	0.02089	0.03535	0.32644	0.00778	0.01458	0.00877	0.00651	0.01061
115	0.01012	0.00723	0.00964	0.01157	0.01205	0.00675	0.00771	0.01157	0.01591	0.02121	0.04579	0.70262	0.05495	0.02603	0.01060	0.00337	0.00482	0.02362	0.00771	0.00675
116	0.03103	0.03959	0.02354	0.02140	0.02568	0.67469	0.01605	0.03317	0.02354	0.02033	0.01284	0.01498	0.01070	0.00856	0.00749	0.00214	0.01498	0.00535	0.00428	0.00963
117	0.02012	0.01929	0.03292	0.10861	0.60205	0.01962	0.02528	0.02511	0.01871	0.02661	0.01555	0.02070	0.01297	0.00748	0.00823	0.00249	0.00998	0.00740	0.00407	0.01280
118	0.08521	0.58517	0.07409	0.01480	0.02189	0.06158	0.01477	0.02531	0.01700	0.02145	0.01180	0.01365	0.01051	0.00727	0.00556	0.00191	0.00915	0.00458	0.00372	0.01056
119	0.03103	0.03959	0.02354	0.02140	0.02568	0.67469	0.01605	0.03317	0.02354	0.02033	0.01284	0.01498	0.01070	0.00856	0.00749	0.00214	0.01498	0.00535	0.00428	0.00963
120	0.01012	0.00766	0.00935	0.01055	0.01182	0.00689	0.00729	0.01190	0.01725	0.02225	0.09077	0.47801	0.23810	0.02401	0.01032	0.00316	0.00458	0.02129	0.00779	0.00689
121	0.01957	0.01873	0.03193	0.18057	0.53439	0.01948	0.02500	0.02463	0.01845	0.02594	0.01545	0.02088	0.01273	0.00759	0.00824	0.00253	0.01011	0.00740	0.00403	0.01236
122	0.03110	0.03743	0.02373	0.02110	0.02569	0.58888	0.01602	0.11190	0.02559	0.02457	0.01378	0.01564	0.01115	0.00875	0.00760	0.00219	0.01421	0.00563	0.00481	0.01023
123	0.01818	0.01818	0.02545	0.02181	0.02181	0.02545	0.01818	0.01999	0.01272	0.01999	0.01091	0.01818	0.01091	0.01454	0.02726	0.00364	0.69284	0.00727	0.00364	0.00909
124	0.00996	0.00785	0.00900	0.00992	0.01162	0.00689	0.00698	0.01175	0.01749	0.02185	0.06590	0.37616	0.36842	0.02341	0.01019	0.00308	0.00450	0.02043	0.00771	0.00689
125	0.01191	0.00873	0.01248	0.01248	0.01366	0.00991	0.00930	0.01427	0.01309	0.01864	0.02305	0.03706	0.02269	0.19364	0.54641	0.01227	0.01936	0.00955	0.00457	0.00693
126	0.01021	0.00843	0.00896	0.00883	0.01146	0.00718	0.00662	0.01269	0.01987	0.02465	0.19962	0.07631	0.53601	0.02021	0.00981	0.00277	0.00415	0.01702	0.00801	0.00718
127	0.02125	0.43684	0.24031	0.01790	0.02640	0.08767	0.01965	0.02610	0.01770	0.02178	0.01274	0.01483	0.01062	0.00749	0.00635	0.00208	0.01053	0.00507	0.00361	0.01108
128	0.01208	0.00805	0.00906	0.00906	0.00906	0.00805	0.00503	0.01208	0.01208	0.01611	0.02618	0.05436	0.03020	0.70804	0.04228	0.00805	0.00805	0.01208	0.00503	0.00503
129	0.03106	0.03887	0.02360	0.02130	0.02569	0.64590	0.01604	0.05959	0.02423	0.02175	0.01316	0.01520	0.01085	0.00862	0.00753	0.00216	0.01472	0.00544	0.00446	0.00983
130	0.01012	0.00723	0.00964	0.01157	0.01205	0.00675	0.00771	0.01157	0.01591	0.02121	0.04579	0.70262	0.05495	0.02603	0.01060	0.00337	0.00482	0.02362	0.00771	0.00675
131	0.02610	0.05988	0.02446	0.02078	0.02403	0.40490	0.01629	0.03022	0.07939	0.02158	0.01426	0.01733	0.01216	0.01042	0.01298	0.00260	0.20206	0.00623	0.00447	0.00986
132	0.01012	0.00723	0.00964	0.01157	0.01205	0.00675	0.00771	0.01157	0.01591	0.02121	0.04579	0.70262	0.05495	0.02603	0.01060	0.00337	0.00482	0.02362	0.00771	0.00675
133	0.00984	0.00832	0.00852	0.00868	0.01129	0.00699	0.00643	0.01189	0.01868	0.02234	0.08092	0.13254	0.60235	0.02146	0.00988	0.00285	0.00426	0.01805	0.00771	0.00699
134	0.02017	0.01869	0.03059	0.22127	0.44034	0.01990	0.02402	0.07527	0.01999	0.02766	0.01576	0.02094	0.01267	0.00786	0.00825	0.00255	0.01013	0.00740	0.00435	0.01217
135	0.08951	0.31731	0.03089	0.01753	0.02306	0.35272	0.01469	0.02899	0.01998	0.02144	0.01220	0.01417	0.01054	0.00789	0.00640	0.00203	0.01173	0.00490	0.00405	0.01001
136	0.02115	0.08190	0.11038	0.04123	0.44390	0.08117	0.05064	0.02630	0.01904	0.02576	0.01500	0.01916	0.01238	0.00753	0.00795	0.00241	0.01073	0.00692	0.00401	0.01244
137	0.01187	0.00890	0.01335	0.01335	0.01483	0.01038	0.01038	0.01483	0.01335	0.01928	0.02225	0.03264	0.02077	0.06231	0.67512	0.01335	0.02225	0.00890	0.00445	0.00742
138	0.02291	0.02489	0.02922	0.14648	0.36865	0.21629	0.02226	0.02710	0.01993	0.02413	0.01465	0.01914	0.01208	0.00790	0.00802	0.00242	0.01160	0.00678	0.00409	0.01146
139	0.01118	0.00847	0.01030	0.00984	0.01206	0.00759	0.00738	0.01455	0.02215	0.03006	0.48204	0.06741	0.25022	0.01820	0.00980	0.00267	0.00401	0.01577	0.00872	0.00759
140	0.01190	0.00879	0.01280	0.01280	0.01409	0.01008	0.00969	0.01448	0.01319	0.01888	0.02276	0.03544	0.02198	0.14550	0.59359	0.01267	0.02042	0.00931	0.00453	0.00711
141	0.01700	0.07423	0.60465	0.02313	0.03458	0.02024	0.02930	0.02594	0.01728	0.02568	0.01456	0.01737	0.01055	0.00817	0.00869	0.00264	0.04433	0.00611	0.00352	0.01205
142	0.01895	0.20728	0.34864	0.01981	0.02872	0.02328	0.02241	0.02931	0.14402	0.02604	0.01773	0.01923	0.01359	0.00866	0.00817	0.00249	0.03881	0.00642	0.00453	0.01191
143	0.10986	0.02379	0.07380	0.01724	0.02236	0.15206	0.01447	0.24551	0.02622	0.03526	0.04848	0.14801	0.02290	0.01256	0.00824	0.00261	0.00925	0.00994	0.00664	0.01082
144	0.02075	0.06235	0.33613	0.02466	0.06261	0.02117	0.11862	0.16274	0.02256	0.03158	0.01673	0.02042	0.01267	0.03886	0.00970	0.00282	0.01138	0.00726	0.00481	0.01218
145	0.22339	0.15692	0.02132	0.01364	0.01827	0.01997	0.01158	0.07640	0.04904	0.07901	0.10254	0.02869	0.07972	0.01120	0.00900	0.00254	0.07241	0.00807	0.00624	0.01005
146	0.17549	0.04606	0.01734	0.01344	0.01868	0.01621	0.01095	0.11444	0.09354	0.18090	0.06049	0.03369	0.12966	0.01167	0.00779	0.00254	0.00659	0.00913	0.00772	0.04367
147	0.02037	0.11410	0.12639	0.01885	0.05222	0.24245	0.01586	0.02377	0.01932	0.02191	0.02693	0.18236	0.07568	0.01337	0.00825	0.00254	0.01023	0.01078	0.00515	0.00946
148	0.23592	0.16541	0.05235	0.01428	0.01986	0.02142	0.01259	0.06075	0.15564	0.03079	0.02357	0.02404	0.06970	0.00986	0.00755	0.00245	0.03434	0.00708	0.00579	0.04660
149	0.05674	0.02684	0.02395	0.02630	0.17354	0.28970	0.01697	0.07971	0.07579	0.02680	0.02201	0.02389	0.06901	0.00998	0.00887	0.00245	0.04383	0.00749	0.00525	0.01087

[dist]
# distance from previous block
# <min> <max>
0	5

[block]
# block no. 1 follows, 22 sequences, length 6
# corresponding to MSA columns:
# 155-160
name=unknown_B
#
# <colnr> <probs for GDERKNQSTAVLIFYWHMCP>
#	G	D	E	R	K	N	Q	S	T	A	V	L	I	F	Y	W	H	M	C	P
0	0.10539	0.01857	0.02018	0.20192	0.10206	0.12957	0.01587	0.05970	0.01991	0.02655	0.07035	0.07625	0.09744	0.01167	0.00824	0.00262	0.00918	0.00960	0.00545	0.00949
1	0.22346	0.02483	0.02123	0.02430	0.17522	0.26165	0.01533	0.02649	0.01936	0.02678	0.02143	0.02346	0.08512	0.00949	0.00731	0.00241	0.01019	0.00703	0.00487	0.01002
2	0.01848	0.01673	0.01381	0.01299	0.01620	0.17495	0.00973	0.02074	0.02051	0.09642	0.09159	0.14529	0.29641	0.01712	0.00918	0.00268	0.00731	0.01412	0.00724	0.00851
3	0.02101	0.16308	0.25068	0.01734	0.02541	0.01974	0.01861	0.10494	0.02138	0.09797	0.05667	0.02735	0.08683	0.01011	0.00772	0.00239	0.00902	0.00788	0.00571	0.04615
4	0.01975	0.11513	0.32314	0.02575	0.13819	0.02172	0.02370	0.07139	0.12711	0.02892	0.01825	0.02004	0.01382	0.00844	0.00776	0.00252	0.01024	0.00681	0.00481	0.01251
5	0.02174	0.18912	0.27999	0.02036	0.02869	0.13451	0.06197	0.02747	0.01942	0.06939	0.05895	0.02029	0.01610	0.00856	0.00753	0.00236	0.01115	0.00663	0.00457	0.01121

[dist]
# distance from previous block
# <min> <max>
40	108

[block]
# block no. 2 follows, 22 sequences, length 6
# corresponding to MSA columns:
# 274-279
name=unknown_C
#
# <colnr> <probs for GDERKNQSTAVLIFYWHMCP>
#	G	D	E	R	K	N	Q	S	T	A	V	L	I	F	Y	W	H	M	C	P
0	0.06244	0.30563	0.14959	0.01740	0.02465	0.11083	0.01718	0.13228	0.02199	0.02834	0.04736	0.01805	0.01471	0.00850	0.00684	0.00219	0.00997	0.00597	0.00486	0.01120
1	0.06364	0.24792	0.16438	0.01859	0.02512	0.02623	0.01852	0.14975	0.02063	0.02887	0.01387	0.01659	0.01131	0.00943	0.01097	0.00253	0.14971	0.00601	0.00464	0.01131
2	0.02553	0.10579	0.17627	0.02181	0.02989	0.06128	0.09871	0.31105	0.02824	0.03756	0.01704	0.01869	0.01252	0.00871	0.00803	0.00246	0.01080	0.00702	0.00592	0.01268
3	0.02374	0.12175	0.27265	0.02096	0.02886	0.18189	0.02152	0.14039	0.02267	0.02851	0.01469	0.01687	0.01128	0.00874	0.00869	0.00244	0.05209	0.00605	0.00461	0.01159
4	0.14066	0.24965	0.20079	0.09162	0.03006	0.07355	0.05869	0.02553	0.01727	0.02491	0.01324	0.01616	0.01053	0.00765	0.00676	0.00233	0.01043	0.00564	0.00391	0.01062
5	0.02779	0.11622	0.06793	0.02150	0.02809	0.21315	0.09622	0.26597	0.02796	0.03405	0.01612	0.01785	0.01229	0.00869	0.00787	0.00235	0.01162	0.00670	0.00572	0.01190

[dist]
# distance from previous block
# <min> <max>
0	2

[block]
# block no. 3 follows, 22 sequences, length 11
# corresponding to MSA columns:
# 282-292
name=unknown_D
#
# <colnr> <probs for GDERKNQSTAVLIFYWHMCP>
#	G	D	E	R	K	N	Q	S	T	A	V	L	I	F	Y	W	H	M	C	P
0	0.02573	0.24906	0.09010	0.01800	0.02442	0.21103	0.01621	0.17277	0.02433	0.02853	0.01858	0.01975	0.04960	0.00912	0.00718	0.00220	0.01073	0.00637	0.00515	0.01114
1	0.01960	0.20102	0.27693	0.01874	0.02653	0.07010	0.02019	0.08128	0.01905	0.02530	0.01581	0.01943	0.01288	0.01841	0.13560	0.00443	0.01325	0.00632	0.00421	0.01092
2	0.02139	0.23368	0.31087	0.02235	0.08195	0.02451	0.02266	0.13773	0.02146	0.02924	0.01492	0.01701	0.01146	0.00801	0.00725	0.00234	0.01050	0.00600	0.00446	0.01222
3	0.02668	0.16040	0.02991	0.02141	0.02606	0.41118	0.07374	0.02934	0.02056	0.02074	0.01273	0.01578	0.01090	0.00890	0.00982	0.00232	0.09973	0.00585	0.00406	0.00990
4	0.01873	0.17466	0.17355	0.01554	0.02124	0.01643	0.01532	0.02267	0.01777	0.12484	0.02875	0.27844	0.02903	0.01499	0.00842	0.00271	0.00785	0.01275	0.00620	0.01011
5	0.02432	0.02703	0.05263	0.02613	0.12863	0.26874	0.07541	0.10346	0.02329	0.02722	0.02065	0.03247	0.01885	0.01114	0.00872	0.00265	0.01179	0.12084	0.00537	0.01065
6	0.01468	0.01786	0.14764	0.01804	0.07330	0.01303	0.01553	0.02208	0.09880	0.02847	0.19719	0.05401	0.12306	0.01528	0.00943	0.00289	0.00722	0.12476	0.00700	0.00972
7	0.02902	0.03577	0.02550	0.02709	0.14696	0.54872	0.01787	0.03170	0.02265	0.02164	0.01338	0.01605	0.01117	0.00834	0.00763	0.00220	0.01400	0.00575	0.00425	0.01031
8	0.01837	0.24922	0.47371	0.02077	0.03145	0.02347	0.02562	0.02587	0.01734	0.02423	0.01387	0.01624	0.01057	0.00765	0.00710	0.00237	0.01123	0.00562	0.00352	0.01178
9	0.02052	0.01335	0.01491	0.01280	0.01599	0.01428	0.00978	0.21861	0.02311	0.06087	0.02417	0.03267	0.02083	0.17269	0.09979	0.00496	0.00901	0.00880	0.21337	0.00948
10	0.01306	0.01086	0.01567	0.09966	0.02023	0.01302	0.01224	0.01543	0.01430	0.01997	0.02649	0.23066	0.02865	0.08974	0.21404	0.00671	0.14341	0.01306	0.00522	0.00757

[dist]
# distance from previous block
# <min> <max>
0	1

[block]
# block no. 4 follows, 22 sequences, length 139
# corresponding to MSA columns:
# 294-432
name=unknown_E
#
# <colnr> <probs for GDERKNQSTAVLIFYWHMCP>
#	G	D	E	R	K	N	Q	S	T	A	V	L	I	F	Y	W	H	M	C	P
0	0.02469	0.01661	0.01907	0.01577	0.02047	0.01748	0.01270	0.33193	0.03040	0.11200	0.15619	0.11074	0.03462	0.01399	0.00906	0.00270	0.00726	0.04409	0.00860	0.01163
1	0.01012	0.00723	0.00964	0.01157	0.01205	0.00675	0.00771	0.01157	0.01591	0.02121	0.04579	0.70262	0.05495	0.02603	0.01060	0.00337	0.00482	0.02362	0.00771	0.00675
2	0.06826	0.03207	0.02347	0.02080	0.02420	0.44105	0.01618	0.06269	0.02120	0.02297	0.01269	0.01597	0.01085	0.01008	0.01232	0.00256	0.18265	0.00590	0.00439	0.00971
3	0.01932	0.01847	0.03148	0.21293	0.50396	0.01941	0.02488	0.02441	0.01833	0.02564	0.01541	0.02096	0.01263	0.00763	0.00825	0.00254	0.01018	0.00740	0.00401	0.01216
4	0.01160	0.00882	0.01099	0.01205	0.01414	0.00820	0.00981	0.01452	0.01893	0.02399	0.09108	0.15435	0.27736	0.02226	0.01067	0.00333	0.00585	0.28698	0.00776	0.00732
5	0.01167	0.00788	0.00918	0.00958	0.00968	0.00778	0.00559	0.01197	0.01288	0.01717	0.03025	0.18909	0.03534	0.56630	0.03570	0.00708	0.00738	0.01448	0.00559	0.00539
6	0.01744	0.11451	0.56039	0.02333	0.03482	0.02087	0.06477	0.02617	0.01759	0.02559	0.01466	0.01737	0.01066	0.00775	0.00773	0.00255	0.01201	0.00618	0.00355	0.01204
7	0.02355	0.01692	0.01884	0.01565	0.02049	0.01821	0.01249	0.25178	0.19306	0.09410	0.17599	0.03614	0.06103	0.01248	0.00877	0.00263	0.00684	0.01028	0.00869	0.01208
8	0.02221	0.71304	0.04353	0.01421	0.02132	0.03287	0.01421	0.02488	0.01688	0.01955	0.01155	0.01333	0.01066	0.00711	0.00533	0.00178	0.00888	0.00444	0.00355	0.01066
9	0.02242	0.02204	0.15411	0.16081	0.03233	0.01843	0.01879	0.08129	0.19561	0.14090	0.02372	0.02436	0.01694	0.00944	0.00818	0.00263	0.00899	0.00776	0.00657	0.04467
10	0.01875	0.16619	0.03549	0.23433	0.07640	0.02339	0.17038	0.02340	0.01691	0.02236	0.01400	0.01959	0.01146	0.00870	0.01116	0.00269	0.12342	0.00734	0.00380	0.01024
11	0.01064	0.00745	0.00949	0.01091	0.01126	0.00709	0.00701	0.01170	0.01490	0.01986	0.04062	0.53176	0.04842	0.20579	0.01895	0.00461	0.00567	0.02058	0.00701	0.00630
12	0.02056	0.01974	0.03372	0.05099	0.65622	0.01974	0.02550	0.02550	0.01892	0.02714	0.01563	0.02056	0.01316	0.00740	0.00822	0.00247	0.00987	0.00740	0.00411	0.01316
13	0.14091	0.02543	0.02453	0.02522	0.15849	0.18279	0.01689	0.26203	0.02717	0.03683	0.01601	0.01788	0.01230	0.00873	0.00761	0.00241	0.01032	0.00649	0.00594	0.01204
14	0.01012	0.00723	0.00964	0.01157	0.01205	0.00675	0.00771	0.01157	0.01591	0.02121	0.04579	0.70262	0.05495	0.02603	0.01060	0.00337	0.00482	0.02362	0.00771	0.00675
15	0.01187	0.00890	0.01335	0.01335	0.01483	0.01038	0.01038	0.01483	0.01335	0.01928	0.02225	0.03264	0.02077	0.06231	0.67512	0.01335	0.02225	0.00890	0.00445	0.00742
16	0.01959	0.28027	0.07910	0.16147	0.03756	0.02481	0.23688	0.02483	0.01784	0.02284	0.01431	0.01867	0.01144	0.00736	0.00771	0.00240	0.01138	0.00708	0.00381	0.01066
17	0.01303	0.00931	0.01298	0.01489	0.01665	0.00926	0.01277	0.01660	0.01877	0.02446	0.04418	0.15985	0.04859	0.02328	0.01138	0.00378	0.00734	0.53767	0.00766	0.00755
18	0.01549	0.00774	0.00774	0.00774	0.00968	0.00774	0.00581	0.01936	0.01742	0.03097	0.02710	0.03097	0.02129	0.00968	0.00581	0.00194	0.00387	0.00774	0.75416	0.00774
19	0.01021	0.00854	0.00897	0.00918	0.01188	0.00730	0.00710	0.01251	0.01896	0.02271	0.07971	0.08147	0.58581	0.02125	0.01000	0.00292	0.00459	0.08210	0.00771	0.00708
20	0.01789	0.03439	0.40790	0.02841	0.03907	0.02001	0.27918	0.02643	0.01840	0.02643	0.01570	0.01957	0.01139	0.00752	0.00869	0.00270	0.01300	0.00767	0.00380	0.01183
21	0.03103	0.03959	0.02354	0.02140	0.02568	0.67469	0.01605	0.03317	0.02354	0.02033	0.01284	0.01498	0.01070	0.00856	0.00749	0.00214	0.01498	0.00535	0.00428	0.00963
22	0.02752	0.17564	0.02886	0.02315	0.09310	0.44302	0.01679	0.03006	0.02120	0.02089	0.01279	0.01538	0.01097	0.00839	0.00797	0.00216	0.04234	0.00547	0.00408	0.01020
23	0.00982	0.00842	0.00842	0.00842	0.01122	0.00701	0.00631	0.01192	0.01894	0.02244	0.08416	0.07995	0.65285	0.02104	0.00982	0.00281	0.00421	0.01753	0.00771	0.00701
24	0.01012	0.00723	0.00964	0.01157	0.01205	0.00675	0.00771	0.01157	0.01591	0.02121	0.04579	0.70262	0.05495	0.02603	0.01060	0.00337	0.00482	0.02362	0.00771	0.00675
25	0.02555	0.20725	0.02725	0.01815	0.02329	0.30657	0.01468	0.03441	0.21253	0.02458	0.01898	0.01950	0.01522	0.00902	0.00723	0.00226	0.01081	0.00636	0.00538	0.01098
26	0.01788	0.14321	0.51004	0.02482	0.09262	0.02141	0.02768	0.02601	0.01757	0.02535	0.01446	0.01718	0.01079	0.00773	0.00753	0.00248	0.01153	0.00600	0.00357	0.01211
27	0.01956	0.03063	0.29656	0.03781	0.35938	0.05901	0.02710	0.02630	0.01862	0.02638	0.01516	0.01896	0.01191	0.00768	0.00804	0.00252	0.01118	0.00675	0.00387	0.01258
28	0.01666	0.04297	0.66500	0.02368	0.03596	0.01929	0.03069	0.02631	0.01754	0.02631	0.01491	0.01754	0.01052	0.00789	0.00789	0.00263	0.01228	0.00614	0.00351	0.01228
29	0.01208	0.00805	0.00906	0.00906	0.00906	0.00805	0.00503	0.01208	0.01208	0.01611	0.02618	0.05436	0.03020	0.70804	0.04228	0.00805	0.00805	0.01208	0.00503	0.00503
30	0.01188	0.00885	0.01311	0.01311	0.01451	0.01025	0.01009	0.01468	0.01328	0.01911	0.02247	0.03385	0.02130	0.09840	0.63975	0.01306	0.02146	0.00908	0.00448	0.00728
31	0.02140	0.02160	0.03208	0.08616	0.55165	0.09080	0.02432	0.02607	0.01928	0.02604	0.01527	0.02005	0.01277	0.00758	0.00815	0.00245	0.01050	0.00718	0.00411	0.01254
32	0.01021	0.00784	0.00938	0.01045	0.01196	0.00701	0.00741	0.01212	0.01755	0.02236	0.08687	0.40768	0.28810	0.02357	0.01030	0.00314	0.00466	0.04469	0.00777	0.00694
33	0.01818	0.01818	0.02545	0.02181	0.02181	0.02545	0.01818	0.01999	0.01272	0.01999	0.01091	0.01818	0.01091	0.01454	0.02726	0.00364	0.69284	0.00727	0.00364	0.00909
34	0.02056	0.01974	0.03372	0.05099	0.65622	0.01974	0.02550	0.02550	0.01892	0.02714	0.01563	0.02056	0.01316	0.00740	0.00822	0.00247	0.00987	0.00740	0.00411	0.01316
35	0.03120	0.03455	0.02397	0.02070	0.02571	0.47433	0.01597	0.21699	0.02833	0.03022	0.01503	0.01651	0.01176	0.00900	0.00774	0.00225	0.01318	0.00601	0.00552	0.01102
36	0.02127	0.38590	0.06612	0.01976	0.02644	0.09843	0.14498	0.02514	0.01784	0.02140	0.01412	0.01772	0.01217	0.01328	0.07938	0.00333	0.01225	0.00624	0.00387	0.01038
37	0.00990	0.00811	0.00873	0.00922	0.01143	0.00695	0.00667	0.01183	0.01816	0.02213	0.07433	0.23948	0.49967	0.02232	0.01002	0.00295	0.00436	0.01909	0.00771	0.00695
38	0.01187	0.00890	0.01335	0.01335	0.01483	0.01038	0.01038	0.01483	0.01335	0.01928	0.02225	0.03264	0.02077	0.06231	0.67512	0.01335	0.02225	0.00890	0.00445	0.00742
39	0.01666	0.04297	0.66500	0.02368	0.03596	0.01929	0.03069	0.02631	0.01754	0.02631	0.01491	0.01754	0.01052	0.00789	0.00789	0.00263	0.01228	0.00614	0.00351	0.01228
40	0.01395	0.01206	0.01730	0.01620	0.01704	0.01541	0.01289	0.01633	0.01341	0.01975	0.02077	0.10166	0.02100	0.04108	0.36816	0.00875	0.26184	0.00994	0.00452	0.00794
41	0.01880	0.01794	0.03054	0.28104	0.43992	0.01928	0.02462	0.02395	0.01808	0.02500	0.01532	0.02113	0.01241	0.00773	0.00825	0.00258	0.01030	0.00740	0.00396	0.01174
42	0.02707	0.03325	0.02144	0.01974	0.02344	0.53746	0.01488	0.02938	0.02144	0.02012	0.01479	0.01863	0.01278	0.01966	0.14541	0.00446	0.01648	0.00608	0.00432	0.00917
43	0.01044	0.00859	0.00928	0.00952	0.01215	0.00743	0.00742	0.01289	0.01920	0.02336	0.10805	0.08101	0.53512	0.02110	0.01006	0.00294	0.00469	0.10184	0.00778	0.00715
44	0.06050	0.01548	0.01719	0.01476	0.01876	0.01688	0.01169	0.29834	0.02636	0.03723	0.02769	0.13702	0.05012	0.02175	0.12082	0.00442	0.00971	0.01066	0.09010	0.01051
45	0.02452	0.01771	0.01930	0.01604	0.02083	0.01946	0.01298	0.36313	0.09852	0.04199	0.02561	0.06379	0.02106	0.01400	0.03773	0.00304	0.00822	0.04436	0.13585	0.01185
46	0.07190	0.02115	0.02074	0.01783	0.04907	0.09172	0.01370	0.37164	0.03039	0.04232	0.02000	0.02139	0.01493	0.00951	0.00749	0.00234	0.00852	0.00712	0.16629	0.01193
47	0.02834	0.13237	0.20003	0.01821	0.02598	0.12543	0.01819	0.03305	0.02099	0.28598	0.02142	0.02090	0.01471	0.00887	0.00763	0.00240	0.01006	0.00666	0.00643	0.01237
48	0.02050	0.50615	0.23542	0.01714	0.02584	0.02868	0.01930	0.02532	0.01708	0.02163	0.01259	0.01463	0.01062	0.00735	0.00612	0.00204	0.00993	0.00497	0.00354	0.01116
49	0.01873	0.08567	0.19732	0.02494	0.15548	0.01861	0.02047	0.09090	0.05321	0.02867	0.02651	0.03859	0.05741	0.01210	0.00868	0.00278	0.00938	0.13372	0.00555	0.01127
50	0.21124	0.02721	0.02053	0.05823	0.02438	0.31403	0.01449	0.10679	0.02166	0.02873	0.01399	0.01686	0.01132	0.01185	0.04547	0.00304	0.04947	0.00584	0.00496	0.00989
51	0.00982	0.00842	0.00842	0.00842	0.01122	0.00701	0.00631	0.01192	0.01894	0.02244	0.08416	0.07995	0.65285	0.02104	0.00982	0.00281	0.00421	0.01753	0.00771	0.00701
52	0.01012	0.00723	0.00964	0.01157	0.01205	0.00675	0.00771	0.01157	0.01591	0.02121	0.04579	0.70262	0.05495	0.02603	0.01060	0.00337	0.00482	0.02362	0.00771	0.00675
53	0.02056	0.01974	0.03372	0.05099	0.65622	0.01974	0.02550	0.02550	0.01892	0.02714	0.01563	0.02056	0.01316	0.00740	0.00822	0.00247	0.00987	0.00740	0.00411	0.01316
54	0.01666	0.04297	0.66500	0.02368	0.03596	0.01929	0.03069	0.02631	0.01754	0.02631	0.01491	0.01754	0.01052	0.00789	0.00789	0.00263	0.01228	0.00614	0.00351	0.01228
55	0.01723	0.01477	0.01723	0.01230	0.01969	0.01107	0.00984	0.02092	0.01723	0.02707	0.01477	0.01723	0.01230	0.00615	0.00615	0.00123	0.00615	0.00492	0.00492	0.75883
56	0.00991	0.00805	0.00879	0.00939	0.01148	0.00693	0.00674	0.01181	0.01800	0.02206	0.07231	0.27221	0.46824	0.02258	0.01006	0.00298	0.00440	0.01941	0.00771	0.00693
57	0.01186	0.00851	0.01159	0.01169	0.01258	0.00935	0.00829	0.01366	0.01301	0.01822	0.02488	0.07456	0.02596	0.29726	0.40939	0.01090	0.01616	0.01081	0.00483	0.00651
58	0.00982	0.00842	0.00842	0.00842	0.01122	0.00701	0.00631	0.01192	0.01894	0.02244	0.08416	0.07995	0.65285	0.02104	0.00982	0.00281	0.00421	0.01753	0.00771	0.00701
59	0.02764	0.02131	0.02271	0.01832	0.02426	0.02392	0.01484	0.41750	0.25650	0.04600	0.02495	0.02394	0.01818	0.01044	0.00836	0.00261	0.00821	0.00817	0.00836	0.01377
60	0.01666	0.04297	0.66500	0.02368	0.03596	0.01929	0.03069	0.02631	0.01754	0.02631	0.01491	0.01754	0.01052	0.00789	0.00789	0.00263	0.01228	0.00614	0.00351	0.01228
61	0.01666	0.04297	0.66500	0.02368	0.03596	0.01929	0.03069	0.02631	0.01754	0.02631	0.01491	0.01754	0.01052	0.00789	0.00789	0.00263	0.01228	0.00614	0.00351	0.01228
62	0.01961	0.02241	0.04902	0.03501	0.04342	0.02101	0.62605	0.02661	0.01961	0.02661	0.01681	0.02241	0.01261	0.00700	0.00980	0.00280	0.01401	0.00980	0.00420	0.01120
63	0.02056	0.01974	0.03372	0.05099	0.65622	0.01974	0.02550	0.02550	0.01892	0.02714	0.01563	0.02056	0.01316	0.00740	0.00822	0.00247	0.00987	0.00740	0.00411	0.01316
