[name]
unknown

[dist]
# distance from previous block
# <min> <max>
5	75

[block]
# block no. 0 follows, 22 sequences, length 110
# corresponding to MSA columns:
# 76-185
name=unknown_A
#
# <colnr> <probs for GDERKNQSTAVLIFYWHMCP>
#	G	D	E	R	K	N	Q	S	T	A	V	L	I	F	Y	W	H	M	C	P
0	0.28487	0.03184	0.39049	0.02091	0.06943	0.01909	0.02260	0.02558	0.01641	0.03028	0.01376	0.01629	0.01015	0.00780	0.00693	0.00260	0.01003	0.00564	0.00413	0.01116
1	0.13158	0.06343	0.33526	0.02901	0.19111	0.02006	0.06425	0.02577	0.01748	0.02788	0.01455	0.01782	0.01111	0.00764	0.00756	0.00255	0.01073	0.00637	0.00396	0.01186
2	0.09555	0.21825	0.16405	0.01720	0.02390	0.14814	0.01685	0.05549	0.05107	0.02598	0.01566	0.01798	0.01264	0.01105	0.04195	0.00282	0.01081	0.00584	0.05420	0.01057
3	0.01871	0.34655	0.11325	0.01429	0.01988	0.02253	0.01426	0.02257	0.01654	0.02329	0.01667	0.02014	0.01411	0.01275	0.06069	0.00298	0.05456	0.00603	0.19041	0.00979
4	0.01092	0.00757	0.00940	0.01054	0.01083	0.00728	0.00662	0.01178	0.01434	0.01912	0.03776	0.43740	0.04482	0.30506	0.02356	0.00529	0.00614	0.01890	0.00662	0.00605
5	0.01059	0.00817	0.00918	0.00939	0.01117	0.00729	0.00657	0.01251	0.01795	0.02288	0.16054	0.17575	0.34768	0.14444	0.01577	0.00381	0.00495	0.01715	0.00747	0.00675
6	0.02867	0.02182	0.02329	0.01853	0.02465	0.02440	0.01509	0.47284	0.19948	0.04767	0.02364	0.02289	0.01712	0.01032	0.00835	0.00258	0.00846	0.00799	0.00835	0.01387
7	0.00989	0.00812	0.00872	0.00919	0.01142	0.00695	0.00666	0.01184	0.01819	0.02214	0.07473	0.23293	0.50595	0.02226	0.01001	0.00294	0.00436	0.01903	0.00771	0.00695
8	0.02279	0.66898	0.04222	0.01468	0.02161	0.07486	0.01433	0.02542	0.01732	0.01960	0.01163	0.01343	0.01066	0.00720	0.00547	0.00180	0.00928	0.00450	0.00360	0.01059
9	0.01719	0.01602	0.01665	0.08130	0.02198	0.08980	0.01251	0.02751	0.24306	0.02578	0.03515	0.08437	0.11278	0.02388	0.14907	0.00499	0.01081	0.01082	0.00651	0.00982
10	0.00992	0.00834	0.00860	0.00870	0.01132	0.00703	0.00646	0.01205	0.01892	0.02280	0.10449	0.11997	0.59062	0.02120	0.00987	0.00283	0.00424	0.01783	0.00777	0.00703
11	0.01074	0.00776	0.01023	0.01157	0.01259	0.00725	0.00823	0.01293	0.01783	0.02395	0.16397	0.48981	0.08713	0.02375	0.01050	0.00325	0.00490	0.07858	0.00798	0.00706
12	0.02710	0.13812	0.02628	0.01794	0.02392	0.08720	0.01486	0.31827	0.19191	0.03924	0.02151	0.02127	0.01617	0.00970	0.00777	0.00243	0.00898	0.00727	0.00717	0.01287
13	0.02051	0.01989	0.03457	0.05011	0.62233	0.01981	0.05871	0.02556	0.01895	0.02711	0.01569	0.02066	0.01313	0.00738	0.00831	0.00249	0.01010	0.00753	0.00412	0.01305
14	0.01175	0.00879	0.01311	0.01323	0.01465	0.01015	0.01021	0.01462	0.01352	0.01941	0.02379	0.07647	0.02300	0.05993	0.63164	0.01270	0.02111	0.00986	0.00466	0.00737
15	0.01985	0.40460	0.29906	0.01983	0.05706	0.02666	0.02153	0.02549	0.01725	0.02269	0.01312	0.01540	0.01072	0.00744	0.00652	0.00216	0.01033	0.00528	0.00356	0.01144
16	0.01552	0.01489	0.05709	0.02001	0.05464	0.01331	0.13891	0.08905	0.01965	0.02659	0.03347	0.40816	0.03675	0.01823	0.00989	0.00306	0.00790	0.01705	0.00664	0.00918
17	0.01174	0.00857	0.01216	0.01235	0.01345	0.00958	0.00909	0.01398	0.01336	0.01886	0.02533	0.10292	0.02595	0.18289	0.48787	0.01135	0.01780	0.01096	0.00488	0.00689
18	0.01612	0.01361	0.01605	0.15588	0.02477	0.08575	0.01338	0.01964	0.01966	0.05749	0.16474	0.17666	0.04243	0.01690	0.00967	0.00300	0.00782	0.14111	0.00690	0.00841
19	0.02812	0.17601	0.02723	0.01865	0.02398	0.35638	0.01507	0.16440	0.02538	0.02750	0.01811	0.01934	0.04698	0.00926	0.00735	0.00218	0.01179	0.00631	0.00523	0.01072
20	0.26128	0.03108	0.02009	0.01813	0.02246	0.43452	0.01395	0.02973	0.02002	0.02563	0.01234	0.01468	0.01018	0.00861	0.00780	0.00235	0.04806	0.00518	0.00452	0.00940
21	0.21335	0.01410	0.04684	0.01228	0.01707	0.01272	0.01035	0.02535	0.04848	0.20223	0.06574	0.08378	0.18841	0.01369	0.00810	0.00270	0.00612	0.01099	0.00763	0.01005
22	0.00997	0.00819	0.00878	0.00912	0.01144	0.00700	0.00665	0.01203	0.01857	0.02272	0.10373	0.19883	0.51061	0.02181	0.00997	0.00291	0.00431	0.01858	0.00778	0.00700
23	0.20593	0.02140	0.02340	0.24126	0.17086	0.15698	0.01864	0.02546	0.01796	0.02630	0.01376	0.01815	0.01094	0.00802	0.00733	0.00252	0.01048	0.00624	0.00427	0.01011
24	0.02563	0.03043	0.02325	0.02471	0.12706	0.43948	0.01651	0.02839	0.02082	0.02125	0.01511	0.01929	0.01304	0.01870	0.13599	0.00435	0.01554	0.00637	0.00429	0.00978
25	0.14770	0.31051	0.23074	0.01679	0.02495	0.02471	0.01835	0.06438	0.01834	0.02739	0.03875	0.01706	0.01327	0.00804	0.00648	0.00226	0.00935	0.00561	0.00434	0.01100
26	0.06646	0.04118	0.62166	0.02283	0.03463	0.01925	0.02925	0.02618	0.01731	0.02704	0.01469	0.01727	0.01042	0.00788	0.00771	0.00263	0.01189	0.00603	0.00362	0.01206
27	0.01016	0.00757	0.00947	0.01081	0.01189	0.00688	0.00742	0.01192	0.01707	0.02228	0.09434	0.52507	0.18616	0.02434	0.01038	0.00320	0.00463	0.02173	0.00781	0.00688
28	0.01912	0.02003	0.02552	0.49703	0.11025	0.14477	0.02196	0.02394	0.01817	0.02164	0.01448	0.02061	0.01121	0.00827	0.00814	0.00262	0.01171	0.00699	0.00385	0.00969
29	0.02138	0.06667	0.02798	0.17611	0.25777	0.09212	0.02028	0.06230	0.13955	0.02746	0.01860	0.02179	0.01467	0.00859	0.00802	0.00252	0.00995	0.00737	0.00507	0.01180
30	0.01203	0.04209	0.01275	0.01196	0.01356	0.01002	0.00908	0.01424	0.01590	0.02123	0.04217	0.24200	0.14987	0.08165	0.16343	0.00580	0.03701	0.07303	0.03497	0.00723
31	0.00990	0.00810	0.00874	0.00925	0.01144	0.00694	0.00668	0.01183	0.01813	0.02211	0.07395	0.24552	0.49387	0.02237	0.01003	0.00296	0.00437	0.01915	0.00771	0.00694
32	0.01945	0.21692	0.39708	0.02373	0.09263	0.06579	0.02488	0.02630	0.01789	0.02422	0.01396	0.01656	0.01083	0.00768	0.00722	0.00236	0.01132	0.00576	0.00363	0.01177
33	0.02037	0.02131	0.02778	0.33359	0.26392	0.14510	0.02258	0.02504	0.01876	0.02315	0.01470	0.02021	0.01174	0.00803	0.00812	0.00254	0.01140	0.00700	0.00395	0.01070
34	0.01208	0.00805	0.00906	0.00906	0.00906	0.00805	0.00503	0.01208	0.01208	0.01611	0.02618	0.05436	0.03020	0.70804	0.04228	0.00805	0.00805	0.01208	0.00503	0.00503
35	0.01094	0.00878	0.00998	0.01058	0.01310	0.00781	0.00853	0.01358	0.01899	0.02320	0.07155	0.08427	0.46294	0.02164	0.01034	0.00313	0.00529	0.20046	0.00769	0.00721
36	0.01191	0.00816	0.00992	0.01005	0.01037	0.00842	0.00624	0.01258	0.01258	0.01705	0.02670	0.09260	0.03001	0.53926	0.16190	0.00877	0.01057	0.01222	0.00510	0.00560
37	0.01961	0.02241	0.04902	0.03501	0.04342	0.02101	0.62605	0.02661	0.01961	0.02661	0.01681	0.02241	0.01261	0.00700	0.00980	0.00280	0.01401	0.00980	0.00420	0.01120
38	0.01187	0.00890	0.01335	0.01335	0.01483	0.01038	0.01038	0.01483	0.01335	0.01928	0.02225	0.03264	0.02077	0.06231	0.67512	0.01335	0.02225	0.00890	0.00445	0.00742
39	0.03103	0.03959	0.02354	0.02140	0.02568	0.67469	0.01605	0.03317	0.02354	0.02033	0.01284	0.01498	0.01070	0.00856	0.00749	0.00214	0.01498	0.00535	0.00428	0.00963
40	0.02653	0.01840	0.01954	0.01554	0.02071	0.02011	0.01266	0.43731	0.03227	0.04564	0.02219	0.02341	0.01638	0.00988	0.00752	0.00232	0.00749	0.00756	0.24242	0.01212
41	0.01024	0.00777	0.00911	0.01009	0.01138	0.00700	0.00687	0.01176	0.01658	0.02106	0.05783	0.39208	0.27602	0.10542	0.01408	0.00372	0.00498	0.01996	0.00739	0.00664
42	0.02304	0.67438	0.04219	0.01425	0.02132	0.03173	0.01410	0.02574	0.01726	0.05508	0.01272	0.01415	0.01121	0.00728	0.00550	0.00182	0.00878	0.00466	0.00393	0.01085
43	0.01666	0.04297	0.66500	0.02368	0.03596	0.01929	0.03069	0.02631	0.01754	0.02631	0.01491	0.01754	0.01052	0.00789	0.00789	0.00263	0.01228	0.00614	0.00351	0.01228
44	0.01549	0.00774	0.00774	0.00774	0.00968	0.00774	0.00581	0.01936	0.01742	0.03097	0.02710	0.03097	0.02129	0.00968	0.00581	0.00194	0.00387	0.00774	0.75416	0.00774
45	0.01666	0.04297	0.66500	0.02368	0.03596	0.01929	0.03069	0.02631	0.01754	0.02631	0.01491	0.01754	0.01052	0.00789	0.00789	0.00263	0.01228	0.00614	0.00351	0.01228
46	0.01954	0.01837	0.02968	0.07664	0.50258	0.01879	0.02251	0.02644	0.08899	0.02776	0.04637	0.02582	0.04191	0.00881	0.00838	0.00254	0.00910	0.00833	0.00492	0.01250
47	0.02056	0.01974	0.03372	0.05099	0.65622	0.01974	0.02550	0.02550	0.01892	0.02714	0.01563	0.02056	0.01316	0.00740	0.00822	0.00247	0.00987	0.00740	0.00411	0.01316
48	0.01010	0.00733	0.00954	0.01131	0.01198	0.00677	0.00760	0.01160	0.01615	0.02131	0.04889	0.65224	0.10332	0.02562	0.01054	0.00333	0.00477	0.02312	0.00771	0.00677
49	0.01038	0.00817	0.00941	0.00990	0.01191	0.00720	0.00726	0.01269	0.01890	0.02401	0.16533	0.24164	0.37282	0.02178	0.01010	0.00297	0.00448	0.04599	0.00795	0.00711
50	0.01860	0.17083	0.40141	0.02036	0.02954	0.08558	0.02358	0.02534	0.01750	0.02355	0.01492	0.01825	0.01179	0.01429	0.08684	0.00369	0.01306	0.00606	0.00371	0.01112
51	0.01019	0.00818	0.00910	0.00940	0.01159	0.00709	0.00685	0.01245	0.01903	0.02392	0.16669	0.20822	0.43524	0.02144	0.00998	0.00289	0.00429	0.01841	0.00794	0.00709
52	0.00991	0.00805	0.00879	0.00939	0.01148	0.00693	0.00674	0.01181	0.01800	0.02206	0.07229	0.27252	0.46794	0.02258	0.01006	0.00298	0.00440	0.01941	0.00771	0.00693
53	0.02322	0.02207	0.03086	0.07039	0.46260	0.08531	0.02284	0.12689	0.02264	0.03043	0.01604	0.01998	0.01299	0.00799	0.00817	0.00245	0.01030	0.00721	0.00481	0.01280
54	0.07261	0.05556	0.02719	0.14037	0.15276	0.21540	0.04236	0.08849	0.02105	0.02638	0.01428	0.01819	0.01157	0.00878	0.00943	0.00252	0.07125	0.00656	0.00453	0.01073
55	0.01796	0.04427	0.01211	0.01046	0.01278	0.11985	0.00779	0.02103	0.01778	0.02693	0.02393	0.03032	0.02012	0.09259	0.01041	0.00269	0.00644	0.00772	0.50696	0.00786
56	0.01864	0.17054	0.51692	0.02146	0.03249	0.02159	0.02671	0.02666	0.01769	0.05315	0.01505	0.01720	0.01099	0.00785	0.00742	0.00246	0.01139	0.00591	0.00382	0.01205
57	0.02817	0.03431	0.02578	0.02765	0.15827	0.50335	0.01815	0.03088	0.02201	0.02175	0.01333	0.01632	0.01123	0.00862	0.00866	0.00229	0.04880	0.00588	0.00421	0.01035
58	0.01203	0.00847	0.01144	0.01155	0.01250	0.00928	0.00823	0.01397	0.01327	0.01892	0.02504	0.07513	0.02574	0.27263	0.39556	0.01048	0.01568	0.01068	0.04279	0.00661
59	0.17820	0.02929	0.22389	0.02506	0.14764	0.12695	0.02063	0.02901	0.09238	0.02880	0.01626	0.01845	0.01251	0.00827	0.00738	0.00253	0.01035	0.00629	0.00468	0.01143
60	0.01496	0.00861	0.00999	0.01107	0.03945	0.00861	0.00785	0.01840	0.01713	0.02801	0.02929	0.04374	0.02641	0.09499	0.01120	0.00300	0.00526	0.10683	0.50754	0.00764
61	0.01993	0.10515	0.06036	0.19082	0.38530	0.05002	0.02337	0.02481	0.01828	0.02451	0.01478	0.01966	0.01215	0.00765	0.00784	0.00245	0.01036	0.00689	0.00393	0.01175
62	0.01897	0.01876	0.02933	0.04024	0.45965	0.05109	0.06061	0.02335	0.01920	0.02585	0.02874	0.03181	0.13600	0.01006	0.00860	0.00254	0.00931	0.00940	0.00482	0.01167
63	0.01160	0.00813	0.00892	0.00892	0.00952	0.00783	0.00530	0.01205	0.01352	0.01744	0.03839	0.05975	0.16133	0.56337	0.03545	0.00695	0.00724	0.01323	0.00560	0.00545
64	0.01917	0.02623	0.17580	0.03570	0.15968	0.02040	0.38520	0.02633	0.01904	0.02665	0.01618	0.02103	0.01227	0.00727	0.00910	0.00270	0.01285	0.00857	0.00404	0.01181
65	0.06240	0.02230	0.02533	0.10816	0.23211	0.17664	0.01859	0.03079	0.02083	0.19439	0.01922	0.02111	0.01409	0.00857	0.00794	0.00246	0.01035	0.00702	0.00580	0.01190
66	0.01736	0.01695	0.02295	0.02450	0.14230	0.08197	0.04459	0.02053	0.01556	0.02142	0.01697	0.02450	0.01548	0.03199	0.28889	0.00724	0.18541	0.00790	0.00415	0.00933
67	0.01187	0.00890	0.01335	0.01335	0.01483	0.01038	0.01038	0.01483	0.01335	0.01928	0.02225	0.03264	0.02077	0.06231	0.67512	0.01335	0.02225	0.00890	0.00445	0.00742
68	0.01012	0.00723	0.00964	0.01157	0.01205	0.00675	0.00771	0.01157	0.01591	0.02121	0.04579	0.70262	0.05495	0.02603	0.01060	0.00337	0.00482	0.02362	0.00771	0.00675
69	0.01176	0.00792	0.00916	0.00947	0.00955	0.00784	0.00547	0.01200	0.01271	0.01694	0.02939	0.16065	0.03426	0.59622	0.03709	0.00729	0.00752	0.01397	0.00547	0.00531
70	0.00982	0.00842	0.00842	0.00842	0.01122	0.00701	0.00631	0.01192	0.01894	0.02244	0.08416	0.07995	0.65285	0.02104	0.00982	0.00281	0.00421	0.01753	0.00771	0.00701
71	0.02066	0.01785	0.01878	0.01691	0.02160	0.02066	0.01315	0.04414	0.64121	0.03475	0.03381	0.03099	0.02536	0.01127	0.00845	0.00282	0.00657	0.00939	0.00845	0.01315
72	0.03111	0.03714	0.02375	0.02106	0.02569	0.57726	0.01601	0.12256	0.02587	0.02514	0.01391	0.01573	0.01122	0.00877	0.00761	0.00219	0.01410	0.00567	0.00489	0.01031
73	0.00984	0.00834	0.00850	0.00862	0.01128	0.00700	0.00640	0.01190	0.01873	0.02236	0.08161	0.12129	0.61316	0.02137	0.00987	0.00284	0.00425	0.01794	0.00771	0.00700
74	0.01019	0.00837	0.00897	0.00894	0.01148	0.00715	0.00666	0.01260	0.01964	0.02439	0.18712	0.10578	0.51887	0.02052	0.00985	0.00280	0.00418	0.01735	0.00798	0.00715
75	0.02056	0.01974	0.03372	0.05099	0.65622	0.01974	0.02550	0.02550	0.01892	0.02714	0.01563	0.02056	0.01316	0.00740	0.00822	0.00247	0.00987	0.00740	0.00411	0.01316
76	0.01723	0.03902	0.54656	0.02586	0.03739	0.01962	0.14517	0.02637	0.01794	0.02637	0.01527	0.01848	0.01092	0.00772	0.00826	0.00266	0.01261	0.00684	0.00364	0.01207
77	0.00995	0.00842	0.00859	0.00855	0.01130	0.00707	0.00641	0.01217	0.01924	0.02315	0.12130	0.07878	0.61526	0.02077	0.00982	0.00279	0.00419	0.01737	0.00781	0.00707
78	0.01549	0.00774	0.00774	0.00774	0.00968	0.00774	0.00581	0.01936	0.01742	0.03097	0.02710	0.03097	0.02129	0.00968	0.00581	0.00194	0.00387	0.00774	0.75416	0.00774
79	0.01818	0.01818	0.02545	0.02181	0.02181	0.02545	0.01818	0.01999	0.01272	0.01999	0.01091	0.01818	0.01091	0.01454	0.02726	0.00364	0.69284	0.00727	0.00364	0.00909
80	0.01573	0.01304	0.01448	0.01413	0.01757	0.01394	0.01133	0.02808	0.30372	0.02872	0.05042	0.06121	0.20454	0.01708	0.00963	0.00308	0.00621	0.16907	0.00804	0.00999
81	0.01666	0.04297	0.66500	0.02368	0.03596	0.01929	0.03069	0.02631	0.01754	0.02631	0.01491	0.01754	0.01052	0.00789	0.00789	0.00263	0.01228	0.00614	0.00351	0.01228
82	0.01035	0.00733	0.00957	0.01127	0.01169	0.00690	0.00739	0.01163	0.01545	0.02060	0.04345	0.62539	0.05200	0.10729	0.01438	0.00393	0.00521	0.02224	0.00739	0.00654
83	0.01001	0.00842	0.00868	0.00862	0.01134	0.00709	0.00646	0.01229	0.01939	0.02351	0.14017	0.07818	0.59617	0.02064	0.00982	0.00279	0.00418	0.01729	0.00786	0.00709
84	0.01961	0.01469	0.01747	0.01260	0.01987	0.01121	0.01013	0.02325	0.01801	0.10272	0.01691	0.01854	0.01329	0.00664	0.00641	0.00139	0.00626	0.00533	0.00556	0.67010
85	0.00982	0.00842	0.00842	0.00842	0.01122	0.00701	0.00631	0.01192	0.01894	0.02244	0.08416	0.07995	0.65285	0.02104	0.00982	0.00281	0.00421	0.01753	0.00771	0.00701
86	0.00982	0.00842	0.00842	0.00842	0.01122	0.00701	0.00631	0.01192	0.01894	0.02244	0.08416	0.07995	0.65285	0.02104	0.00982	0.00281	0.00421	0.01753	0.00771	0.00701
87	0.01187	0.00890	0.01335	0.01335	0.01483	0.01038	0.01038	0.01483	0.01335	0.01928	0.02225	0.03264	0.02077	0.06231	0.67512	0.01335	0.02225	0.00890	0.00445	0.00742
88	0.03106	0.03869	0.02362	0.02128	0.02569	0.63880	0.01604	0.06610	0.02440	0.02210	0.01323	0.01526	0.01089	0.00864	0.00754	0.00216	0.01466	0.00547	0.00450	0.00988
89	0.01748	0.03808	0.53206	0.02943	0.16658	0.01939	0.02960	0.02614	0.01783	0.02648	0.01506	0.01818	0.01108	0.00779	0.00796	0.00260	0.01177	0.00640	0.00364	0.01246
90	0.00982	0.00842	0.00842	0.00842	0.01122	0.00701	0.00631	0.01192	0.01894	0.02244	0.08416	0.07995	0.65285	0.02104	0.00982	0.00281	0.00421	0.01753	0.00771	0.00701
91	0.01012	0.00723	0.00964	0.01157	0.01205	0.00675	0.00771	0.01157	0.01591	0.02121	0.04579	0.70262	0.05495	0.02603	0.01060	0.00337	0.00482	0.02362	0.00771	0.00675
92	0.01865	0.02977	0.28014	0.03335	0.14173	0.02015	0.30110	0.02631	0.01871	0.02658	0.01589	0.02026	0.01191	0.00741	0.00882	0.00268	0.01267	0.00802	0.00392	0.01193
93	0.01666	0.04297	0.66500	0.02368	0.03596	0.01929	0.03069	0.02631	0.01754	0.02631	0.01491	0.01754	0.01052	0.00789	0.00789	0.00263	0.01228	0.00614	0.00351	0.01228
94	0.01871	0.01785	0.03037	0.29326	0.42843	0.01925	0.02457	0.02387	0.01804	0.02489	0.01530	0.02116	0.01237	0.00775	0.00826	0.00258	0.01033	0.00739	0.00395	0.01166
95	0.02868	0.18049	0.02823	0.02127	0.05427	0.50889	0.01611	0.03107	0.02192	0.02048	0.01270	0.01489	0.01081	0.00820	0.00707	0.00208	0.01346	0.00526	0.00412	0.01001
96	0.02316	0.02483	0.25123	0.02503	0.15906	0.01568	0.02099	0.02885	0.01975	0.22547	0.02637	0.07032	0.05107	0.01044	0.00839	0.00264	0.00921	0.00886	0.00626	0.01240
97	0.01890	0.02774	0.25821	0.07650	0.40204	0.01951	0.02721	0.02555	0.01830	0.02652	0.01532	0.01957	0.01210	0.00763	0.00811	0.00254	0.01079	0.00695	0.00387	0.01263
98	0.02391	0.31946	0.15005	0.01777	0.02516	0.11618	0.01752	0.15550	0.02277	0.02807	0.01713	0.01849	0.03772	0.00864	0.00693	0.00218	0.01021	0.00607	0.00484	0.01141
99	0.02271	0.03824	0.34232	0.02390	0.03274	0.23539	0.09186	0.06858	0.02117	0.02611	0.01478	0.01741	0.01106	0.00815	0.00800	0.00248	0.01315	0.00638	0.00416	0.01141
100	0.02767	0.02062	0.02094	0.01736	0.02281	0.08471	0.01385	0.23040	0.24540	0.14854	0.05888	0.02696	0.02216	0.01070	0.00836	0.00259	0.00819	0.00848	0.00835	0.01302
101	0.01643	0.01133	0.01249	0.01121	0.01282	0.01184	0.00750	0.14510	0.01862	0.02537	0.05054	0.04608	0.02826	0.49372	0.03177	0.00632	0.00790	0.01099	0.04447	0.00724
102	0.01144	0.00880	0.01231	0.01231	0.01407	0.00967	0.00953	0.01422	0.01453	0.01995	0.03529	0.04260	0.15388	0.05362	0.53502	0.01113	0.01845	0.01072	0.00514	0.00733
103	0.01051	0.00784	0.00978	0.01057	0.01197	0.00711	0.00744	0.01278	0.01867	0.02482	0.22143	0.39019	0.19165	0.02244	0.01021	0.00304	0.00444	0.01992	0.00811	0.00711
104	0.02969	0.02905	0.10090	0.02014	0.02696	0.16165	0.01762	0.43140	0.03323	0.04251	0.01785	0.01861	0.01298	0.00943	0.00809	0.00244	0.01074	0.00687	0.00689	0.01296
105	0.01569	0.01477	0.02492	0.68808	0.05722	0.01846	0.02307	0.02123	0.01661	0.02123	0.01477	0.02215	0.01107	0.00831	0.00831	0.00277	0.01107	0.00738	0.00369	0.00923
106	0.02258	0.32604	0.09590	0.02099	0.02796	0.16786	0.14479	0.02670	0.01880	0.02181	0.01375	0.01690	0.01155	0.01009	0.03878	0.00270	0.01224	0.00614	0.00389	0.01055
107	0.01980	0.17867	0.18526	0.01827	0.02422	0.16294	0.01789	0.02413	0.01736	0.02136	0.01549	0.02011	0.01334	0.02268	0.18592	0.00524	0.04709	0.00639	0.00394	0.00990
108	0.01197	0.00851	0.01139	0.01139	0.01219	0.00932	0.00793	0.01357	0.01277	0.01783	0.02405	0.04259	0.02509	0.35817	0.38516	0.01092	0.01575	0.01036	0.00472	0.00633
109	0.01355	0.01417	0.05804	0.01925	0.13790	0.04542	0.01256	0.01650	0.01817	0.02312	0.05102	0.24919	0.27258	0.01839	0.00950	0.00287	0.00659	0.01602	0.00656	0.00860

[dist]
# distance from previous block
# <min> <max>
0	2

[block]
# block no. 1 follows, 22 sequences, length 95
# corresponding to MSA columns:
# 188-282
name=unknown_B
#
# <colnr> <probs for GDERKNQSTAVLIFYWHMCP>
#	G	D	E	R	K	N	Q	S	T	A	V	L	I	F	Y	W	H	M	C	P
0	0.01944	0.01716	0.01589	0.01509	0.01805	0.15721	0.01149	0.02533	0.11475	0.08182	0.14127	0.15660	0.03749	0.02083	0.08474	0.00397	0.00954	0.05282	0.00718	0.00934
1	0.01666	0.04297	0.66500	0.02368	0.03596	0.01929	0.03069	0.02631	0.01754	0.02631	0.01491	0.01754	0.01052	0.00789	0.00789	0.00263	0.01228	0.00614	0.00351	0.01228
2	0.03040	0.03532	0.02449	0.02304	0.06937	0.51408	0.01666	0.13837	0.02598	0.02649	0.01430	0.01625	0.01148	0.00873	0.00769	0.00223	0.01359	0.00587	0.00498	0.01067
3	0.01985	0.02000	0.03705	0.10549	0.43514	0.01996	0.18774	0.02540	0.01889	0.02645	0.01587	0.02121	0.01282	0.00738	0.00866	0.00259	0.01110	0.00805	0.00410	0.01227
4	0.01915	0.01946	0.06194	0.04132	0.48716	0.01836	0.02234	0.02587	0.08143	0.02733	0.02520	0.02820	0.08686	0.00936	0.00841	0.00255	0.00902	0.00869	0.00493	0.01241
5	0.02001	0.18660	0.38185	0.02444	0.10195	0.09942	0.02477	0.02671	0.01826	0.02422	0.01401	0.01666	0.01087	0.00774	0.00732	0.00237	0.01158	0.00582	0.00368	0.01171
6	0.03076	0.02120	0.05391	0.01958	0.02649	0.02090	0.07667	0.34492	0.06292	0.21991	0.02375	0.02301	0.01621	0.00974	0.00846	0.00257	0.00905	0.00800	0.00825	0.01370
7	0.01828	0.23803	0.48409	0.02092	0.03170	0.02325	0.02590	0.02589	0.01735	0.02434	0.01393	0.01631	0.01056	0.00766	0.00715	0.00238	0.01129	0.00564	0.00352	0.01181
8	0.01813	0.19315	0.49058	0.02301	0.06603	0.02239	0.02669	0.02594	0.01746	0.02483	0.01419	0.01675	0.01070	0.00769	0.00733	0.00243	0.01138	0.00582	0.00355	0.01196
9	0.02715	0.18395	0.03101	0.02127	0.02654	0.39192	0.08498	0.06066	0.02187	0.02251	0.01327	0.01588	0.01110	0.00845	0.00835	0.00223	0.04847	0.00587	0.00429	0.01024
10	0.01202	0.00828	0.01023	0.01023	0.01063	0.00869	0.00649	0.01283	0.01243	0.01697	0.02511	0.04846	0.02764	0.53253	0.21429	0.00949	0.01191	0.01122	0.00488	0.00568
11	0.02029	0.02135	0.07744	0.04910	0.61326	0.01971	0.02586	0.02555	0.01882	0.02708	0.01558	0.02035	0.01298	0.00744	0.00820	0.00248	0.01004	0.00731	0.00407	0.01310
12	0.02254	0.01739	0.01892	0.02025	0.13120	0.11471	0.01326	0.06111	0.02244	0.16600	0.11269	0.04238	0.19600	0.01320	0.00876	0.00255	0.00776	0.01095	0.00731	0.01059
13	0.01161	0.00998	0.01013	0.00982	0.01294	0.00927	0.00744	0.01725	0.12192	0.02448	0.07583	0.07185	0.54900	0.01942	0.00959	0.00281	0.00460	0.01619	0.00784	0.00803
14	0.01903	0.01116	0.01153	0.01025	0.01322	0.01171	0.00801	0.15347	0.02219	0.03568	0.02552	0.02854	0.01972	0.00974	0.00636	0.00206	0.00503	0.00768	0.58995	0.00915
15	0.18251	0.03264	0.39883	0.02546	0.12431	0.01929	0.05261	0.02579	0.01709	0.02886	0.01437	0.01732	0.01068	0.00774	0.00742	0.00260	0.01071	0.00613	0.00399	0.01164
16	0.02214	0.01777	0.02461	0.35301	0.08438	0.02048	0.01962	0.19481	0.08625	0.06619	0.01916	0.02264	0.01402	0.00911	0.00832	0.00266	0.00978	0.00767	0.00585	0.01153
17	0.01111	0.00847	0.01021	0.00977	0.01201	0.00756	0.00733	0.01442	0.02199	0.02969	0.46242	0.06803	0.27007	0.01834	0.00980	0.00268	0.00402	0.01586	0.00867	0.00756
18	0.01187	0.00890	0.01335	0.01335	0.01483	0.01038	0.01038	0.01483	0.01335	0.01928	0.02225	0.03264	0.02077	0.06231	0.67512	0.01335	0.02225	0.00890	0.00445	0.00742
19	0.02056	0.01974	0.03372	0.05099	0.65622	0.01974	0.02550	0.02550	0.01892	0.02714	0.01563	0.02056	0.01316	0.00740	0.00822	0.00247	0.00987	0.00740	0.00411	0.01316
20	0.02056	0.01974	0.03372	0.05099	0.65622	0.01974	0.02550	0.02550	0.01892	0.02714	0.01563	0.02056	0.01316	0.00740	0.00822	0.00247	0.00987	0.00740	0.00411	0.01316
21	0.01187	0.00890	0.01335	0.01335	0.01483	0.01038	0.01038	0.01483	0.01335	0.01928	0.02225	0.03264	0.02077	0.06231	0.67512	0.01335	0.02225	0.00890	0.00445	0.00742
22	0.00982	0.00842	0.00842	0.00842	0.01122	0.00701	0.00631	0.01192	0.01894	0.02244	0.08416	0.07995	0.65285	0.02104	0.00982	0.00281	0.00421	0.01753	0.00771	0.00701
23	0.01012	0.00723	0.00964	0.01157	0.01205	0.00675	0.00771	0.01157	0.01591	0.02121	0.04579	0.70262	0.05495	0.02603	0.01060	0.00337	0.00482	0.02362	0.00771	0.00675
24	0.01280	0.00876	0.01123	0.01046	0.01272	0.00797	0.00790	0.01650	0.02307	0.06264	0.56479	0.06222	0.13336	0.01707	0.00973	0.00263	0.00410	0.01495	0.00906	0.00806
25	0.01139	0.00791	0.00911	0.00954	0.00996	0.00765	0.00577	0.01195	0.01370	0.01795	0.03707	0.19999	0.10632	0.47991	0.03162	0.00643	0.00691	0.01524	0.00593	0.00564
26	0.00982	0.00842	0.00842	0.00842	0.01122	0.00701	0.00631	0.01192	0.01894	0.02244	0.08416	0.07995	0.65285	0.02104	0.00982	0.00281	0.00421	0.01753	0.00771	0.00701
27	0.02056	0.01974	0.03372	0.05099	0.65622	0.01974	0.02550	0.02550	0.01892	0.02714	0.01563	0.02056	0.01316	0.00740	0.00822	0.00247	0.00987	0.00740	0.00411	0.01316
28	0.01033	0.00870	0.01053	0.01045	0.01286	0.00755	0.03382	0.01247	0.01813	0.02228	0.07065	0.24876	0.46032	0.02180	0.01003	0.00296	0.00481	0.01887	0.00756	0.00712
29	0.01012	0.00723	0.00964	0.01157	0.01205	0.00675	0.00771	0.01157	0.01591	0.02121	0.04579	0.70262	0.05495	0.02603	0.01060	0.00337	0.00482	0.02362	0.00771	0.00675
30	0.01187	0.00890	0.01335	0.01335	0.01483	0.01038	0.01038	0.01483	0.01335	0.01928	0.02225	0.03264	0.02077	0.06231	0.67512	0.01335	0.02225	0.00890	0.00445	0.00742
31	0.01328	0.01085	0.01553	0.01473	0.01571	0.01344	0.01149	0.01566	0.01307	0.01908	0.02020	0.03192	0.01967	0.12508	0.46066	0.01061	0.16828	0.00890	0.00434	0.00751
32	0.02960	0.02182	0.02377	0.01853	0.02466	0.02422	0.01525	0.56681	0.03647	0.04903	0.02018	0.02122	0.01480	0.01524	0.07537	0.00359	0.01046	0.00762	0.00792	0.01345
33	0.02539	0.01855	0.02065	0.01678	0.02180	0.02062	0.01363	0.41593	0.05795	0.04248	0.02167	0.02416	0.01669	0.02153	0.15491	0.00485	0.01147	0.00790	0.07097	0.01206
34	0.02873	0.03522	0.02578	0.02792	0.16450	0.53050	0.01813	0.03148	0.02252	0.02183	0.01345	0.01621	0.01124	0.00831	0.00765	0.00221	0.01386	0.00580	0.00424	0.01041
35	0.01029	0.00760	0.00968	0.01127	0.01226	0.00699	0.00786	0.01202	0.01667	0.02168	0.05248	0.54986	0.16063	0.02493	0.01052	0.00330	0.00491	0.06248	0.00771	0.00686
36	0.02774	0.02100	0.02287	0.01729	0.02414	0.02184	0.01420	0.46612	0.03322	0.04560	0.01856	0.01922	0.01364	0.00895	0.00773	0.00216	0.00834	0.00680	0.00740	0.21317
37	0.01994	0.01624	0.01785	0.01486	0.01959	0.04639	0.01183	0.19663	0.05515	0.03180	0.02629	0.02935	0.08027	0.02524	0.19914	0.00536	0.01188	0.00833	0.00620	0.17767
38	0.02656	0.06275	0.02503	0.02121	0.02426	0.44026	0.01664	0.02862	0.01981	0.02019	0.01217	0.01592	0.01076	0.01039	0.01366	0.00260	0.22967	0.00592	0.00404	0.00950
39	0.01070	0.00779	0.01088	0.01216	0.01298	0.00796	0.00860	0.01266	0.01505	0.02057	0.03793	0.47907	0.04354	0.03813	0.23233	0.00670	0.01064	0.01871	0.00662	0.00697
40	0.01552	0.01497	0.02467	0.02091	0.02302	0.01734	0.14821	0.01844	0.01562	0.02209	0.02566	0.25670	0.02805	0.01720	0.01699	0.00337	0.27644	0.04078	0.00534	0.00869
41	0.02580	0.02856	0.02724	0.03275	0.27934	0.31151	0.01955	0.06193	0.08459	0.02618	0.01644	0.01910	0.01334	0.00844	0.00793	0.00236	0.01177	0.00669	0.00484	0.01164
42	0.03103	0.03959	0.02354	0.02140	0.02568	0.67469	0.01605	0.03317	0.02354	0.02033	0.01284	0.01498	0.01070	0.00856	0.00749	0.00214	0.01498	0.00535	0.00428	0.00963
43	0.01012	0.00723	0.00964	0.01157	0.01205	0.00675	0.00771	0.01157	0.01591	0.02121	0.04579	0.70262	0.05495	0.02603	0.01060	0.00337	0.00482	0.02362	0.00771	0.00675
44	0.01046	0.00876	0.00896	0.00896	0.01156	0.00767	0.00658	0.01333	0.04558	0.02249	0.07643	0.10057	0.55870	0.06839	0.01204	0.00319	0.00460	0.01704	0.00756	0.00713
45	0.02895	0.02896	0.02299	0.01959	0.02481	0.29817	0.01532	0.24891	0.16509	0.03498	0.02000	0.02029	0.01516	0.00966	0.00800	0.00242	0.01104	0.00700	0.00664	0.01202
46	0.03310	0.02083	0.02342	0.01796	0.02454	0.02214	0.01483	0.47135	0.03497	0.21529	0.02337	0.02217	0.01585	0.01006	0.00832	0.00251	0.00859	0.00771	0.00884	0.01413
47	0.01020	0.00759	0.00953	0.01104	0.01209	0.00693	0.00765	0.01189	0.01671	0.02164	0.05416	0.53884	0.18627	0.02479	0.01047	0.00327	0.00481	0.04756	0.00771	0.00685
48	0.03048	0.02272	0.02431	0.01889	0.02534	0.02525	0.01552	0.56976	0.09961	0.05059	0.02134	0.02106	0.01526	0.01010	0.00832	0.00253	0.00888	0.00767	0.00832	0.01403
49	0.01302	0.00853	0.01156	0.01156	0.01319	0.00954	0.00892	0.01628	0.01465	0.02301	0.02380	0.03211	0.02094	0.04552	0.46167	0.00971	0.01639	0.00853	0.24354	0.00752
50	0.01088	0.00873	0.00990	0.01039	0.01291	0.00775	0.00831	0.01354	0.01920	0.02360	0.09939	0.08288	0.46131	0.02137	0.01027	0.00307	0.00513	0.17638	0.00776	0.00722
51	0.01549	0.00774	0.00774	0.00774	0.00968	0.00774	0.00581	0.01936	0.01742	0.03097	0.02710	0.03097	0.02129	0.00968	0.00581	0.00194	0.00387	0.00774	0.75416	0.00774
52	0.00995	0.00842	0.00860	0.00856	0.01130	0.00707	0.00642	0.01218	0.01925	0.02319	0.12348	0.07871	0.61306	0.02076	0.00982	0.00279	0.00419	0.01736	0.00781	0.00707
53	0.01068	0.00763	0.01028	0.01220	0.01293	0.00723	0.00868	0.01253	0.01645	0.02183	0.04548	0.59921	0.05373	0.02550	0.01075	0.00345	0.00530	0.12155	0.00770	0.00690
54	0.01060	0.00867	0.00951	0.00993	0.01254	0.00757	0.00787	0.01309	0.01898	0.02297	0.07531	0.08298	0.51964	0.02146	0.01018	0.00303	0.00497	0.14584	0.00770	0.00715
55	0.03158	0.02327	0.02493	0.01911	0.02576	0.02576	0.01579	0.62852	0.03906	0.05236	0.01995	0.01995	0.01413	0.00997	0.00831	0.00249	0.00914	0.00748	0.00831	0.01413
56	0.02007	0.01924	0.03283	0.11506	0.59598	0.01961	0.02525	0.02507	0.01868	0.02655	0.01554	0.02072	0.01295	0.00749	0.00823	0.00250	0.00999	0.00740	0.00407	0.01276
57	0.01187	0.00890	0.01335	0.01335	0.01483	0.01038	0.01038	0.01483	0.01335	0.01928	0.02225	0.03264	0.02077	0.06231	0.67512	0.01335	0.02225	0.00890	0.00445	0.00742
58	0.02062	0.58836	0.03865	0.01439	0.02044	0.02947	0.01384	0.02330	0.01623	0.01953	0.01300	0.01619	0.01207	0.01503	0.09875	0.00345	0.03768	0.00517	0.00368	0.01015
59	0.02372	0.01919	0.02049	0.01746	0.02264	0.02186	0.01387	0.22431	0.43106	0.03964	0.02908	0.02763	0.02170	0.01277	0.03324	0.00311	0.00795	0.00878	0.00826	0.01324
60	0.01266	0.00960	0.00975	0.00962	0.01027	0.03921	0.00584	0.01321	0.01401	0.01788	0.06067	0.05616	0.11176	0.55603	0.03503	0.00686	0.00770	0.01260	0.00553	0.00563
61	0.02606	0.02909	0.02229	0.13472	0.02950	0.37926	0.01612	0.12621	0.02436	0.02597	0.02243	0.02441	0.08422	0.01016	0.00803	0.00238	0.01213	0.00743	0.00523	0.01000
62	0.01923	0.05339	0.19657	0.01740	0.02380	0.01756	0.01695	0.17688	0.07033	0.03194	0.02613	0.21070	0.02514	0.01360	0.00857	0.00268	0.00838	0.01146	0.00639	0.06291
63	0.01753	0.01537	0.01920	0.01388	0.02120	0.01213	0.04678	0.02238	0.04756	0.02741	0.01581	0.01820	0.01295	0.00645	0.00648	0.00140	0.00664	0.00543	0.00505	0.67812
64	0.02808	0.03451	0.02458	0.02352	0.06868	0.51687	0.01707	0.03036	0.02135	0.02074	0.01270	0.01592	0.01091	0.00952	0.01097	0.00242	0.13204	0.00583	0.00416	0.00978
65	0.01666	0.04297	0.66500	0.02368	0.03596	0.01929	0.03069	0.02631	0.01754	0.02631	0.01491	0.01754	0.01052	0.00789	0.00789	0.00263	0.01228	0.00614	0.00351	0.01228
66	0.02374	0.02266	0.03027	0.04029	0.44099	0.10001	0.02209	0.13175	0.05218	0.03104	0.01689	0.02027	0.01360	0.00817	0.00816	0.00245	0.01021	0.00726	0.00506	0.01290
67	0.01145	0.00816	0.00888	0.00888	0.00967	0.00776	0.00539	0.01204	0.01400	0.01788	0.04240	0.06152	0.20445	0.51579	0.03320	0.00659	0.00698	0.01361	0.00578	0.00559
68	0.02842	0.02140	0.02324	0.01761	0.02442	0.02253	0.01448	0.49475	0.03425	0.04679	0.01880	0.01935	0.01373	0.00913	0.00784	0.00222	0.00848	0.00692	0.00756	0.17808
69	0.01666	0.04297	0.66500	0.02368	0.03596	0.01929	0.03069	0.02631	0.01754	0.02631	0.01491	0.01754	0.01052	0.00789	0.00789	0.00263	0.01228	0.00614	0.00351	0.01228
70	0.01024	0.00728	0.00960	0.01142	0.01187	0.00683	0.00755	0.01160	0.01568	0.02090	0.04462	0.66393	0.05347	0.06673	0.01249	0.00365	0.00501	0.02293	0.00755	0.00665
71	0.00982	0.00842	0.00842	0.00842	0.01122	0.00701	0.00631	0.01192	0.01894	0.02244	0.08416	0.07995	0.65285	0.02104	0.00982	0.00281	0.00421	0.01753	0.00771	0.00701
72	0.01187	0.00890	0.01335	0.01335	0.01483	0.01038	0.01038	0.01483	0.01335	0.01928	0.02225	0.03264	0.02077	0.06231	0.67512	0.01335	0.02225	0.00890	0.00445	0.00742
73	0.01569	0.01477	0.02492	0.68808	0.05722	0.01846	0.02307	0.02123	0.01661	0.02123	0.01477	0.02215	0.01107	0.00831	0.00831	0.00277	0.01107	0.00738	0.00369	0.00923
74	0.00982	0.00842	0.00842	0.00842	0.01122	0.00701	0.00631	0.01192	0.01894	0.02244	0.08416	0.07995	0.65285	0.02104	0.00982	0.00281	0.00421	0.01753	0.00771	0.00701
75	0.01208	0.00805	0.00906	0.00906	0.00906	0.00805	0.00503	0.01208	0.01208	0.01611	0.02618	0.05436	0.03020	0.70804	0.04228	0.00805	0.00805	0.01208	0.00503	0.00503
76	0.01443	0.00722	0.01082	0.01082	0.01082	0.00722	0.00722	0.01082	0.01082	0.01443	0.01443	0.02525	0.01443	0.02886	0.03247	0.75830	0.00722	0.00722	0.00361	0.00361
77	0.02734	0.03302	0.02727	0.02867	0.16523	0.45656	0.05109	0.03034	0.02167	0.02215	0.01355	0.01680	0.01136	0.00858	0.00896	0.00234	0.05426	0.00616	0.00420	0.01046
78	0.01187	0.00890	0.01335	0.01335	0.01483	0.01038	0.01038	0.01483	0.01335	0.01928	0.02225	0.03264	0.02077	0.06231	0.67512	0.01335	0.02225	0.00890	0.00445	0.00742
79	0.01206	0.00815	0.00955	0.00955	0.00972	0.00832	0.00564	0.01239	0.01223	0.01647	0.02573	0.05190	0.02913	0.63475	0.11411	0.00866	0.00967	0.01172	0.00497	0.00530
80	0.03158	0.02327	0.02493	0.01911	0.02576	0.02576	0.01579	0.62852	0.03906	0.05236	0.01995	0.01995	0.01413	0.00997	0.00831	0.00249	0.00914	0.00748	0.00831	0.01413
81	0.02011	0.02024	0.03740	0.07268	0.47013	0.02002	0.18390	0.02562	0.01900	0.02676	0.01590	0.02111	0.01293	0.00733	0.00864	0.00257	0.01101	0.00804	0.00412	0.01248
82	0.03125	0.03326	0.02408	0.02051	0.02571	0.42279	0.01595	0.26427	0.02957	0.03276	0.01560	0.01691	0.01203	0.00911	0.00781	0.00228	0.01271	0.00618	0.00584	0.01138
83	0.01208	0.00805	0.00906	0.00906	0.00906	0.00805	0.00503	0.01208	0.01208	0.01611	0.02618	0.05436	0.03020	0.70804	0.04228	0.00805	0.00805	0.01208	0.00503	0.00503
84	0.02373	0.29879	0.06450	0.01829	0.02334	0.20910	0.01620	0.05845	0.01908	0.02195	0.01289	0.01607	0.01134	0.01145	0.03948	0.00280	0.13263	0.00564	0.00406	0.01022
85	0.01056	0.00822	0.00871	0.00884	0.01059	0.00733	0.00600	0.01195	0.01654	0.02034	0.06301	0.11492	0.41287	0.24048	0.02023	0.00452	0.00548	0.01622	0.00686	0.00636
86	0.01289	0.04779	0.01836	0.01404	0.01831	0.01119	0.11804	0.01599	0.01859	0.02336	0.05957	0.10380	0.40713	0.01684	0.00931	0.00265	0.00642	0.01478	0.00662	0.07433
87	0.02760	0.03387	0.02405	0.02151	0.02465	0.50116	0.01662	0.02965	0.02065	0.02024	0.01232	0.01583	0.01076	0.01016	0.01278	0.00254	0.19616	0.00586	0.00411	0.00949
88	0.01666	0.04297	0.66500	0.02368	0.03596	0.01929	0.03069	0.02631	0.01754	0.02631	0.01491	0.01754	0.01052	0.00789	0.00789	0.00263	0.01228	0.00614	0.00351	0.01228
89	0.02881	0.03310	0.02264	0.02017	0.02479	0.46311	0.01539	0.09760	0.16115	0.02684	0.01820	0.01902	0.01429	0.00930	0.00779	0.00233	0.01252	0.00646	0.00562	0.01087
90	0.01558	0.01121	0.01420	0.01317	0.01527	0.01248	0.00996	0.12342	0.01782	0.02500	0.02293	0.03509	0.02169	0.19275	0.38649	0.00973	0.01595	0.00930	0.03986	0.00810
91	0.01118	0.00814	0.00886	0.00896	0.00998	0.00762	0.00562	0.01200	0.01471	0.01862	0.04773	0.09690	0.25205	0.42945	0.02915	0.00595	0.00652	0.01461	0.00612	0.00582
92	0.02534	0.01772	0.01942	0.01592	0.02061	0.01928	0.01242	0.30142	0.16400	0.10159	0.02570	0.03099	0.02088	0.16804	0.01602	0.00383	0.00812	0.00903	0.00780	0.01186
93	0.01498	0.01440	0.02022	0.01747	0.02056	0.07748	0.14464	0.01804	0.01826	0.02378	0.10802	0.33301	0.04052	0.05871	0.01169	0.00321	0.00801	0.01609	0.00648	0.04444
94	0.02153	0.18660	0.23816	0.02063	0.02721	0.17392	0.02090	0.02617	0.01771	0.02204	0.01280	0.01615	0.01068	0.00933	0.01149	0.00255	0.16197	0.00583	0.00372	0.01061

[dist]
# distance from previous block
# <min> <max>
1	12

[block]
# block no. 2 follows, 22 sequences, length 14
# corresponding to MSA columns:
# 295-308
name=unknown_C
#
# <colnr> <probs for GDERKNQSTAVLIFYWHMCP>
#	G	D	E	R	K	N	Q	S	T	A	V	L	I	F	Y	W	H	M	C	P
0	0.02076	0.39016	0.03054	0.01364	0.01951	0.02460	0.01242	0.14010	0.02179	0.02677	0.03250	0.03233	0.18203	0.01137	0.00711	0.00219	0.00769	0.00852	0.00559	0.01037
1	0.02039	0.02072	0.11961	0.01669	0.02242	0.01832	0.01508	0.18658	0.22109	0.03689	0.15157	0.03550	0.07457	0.01220	0.00869	0.00266	0.00746	0.01005	0.00772	0.01180
2	0.02477	0.01820	0.02022	0.01678	0.02150	0.01984	0.01334	0.43006	0.03146	0.04222	0.02694	0.20210	0.02535	0.01718	0.04639	0.00334	0.00873	0.01185	0.00793	0.01179
3	0.03158	0.02327	0.02493	0.01911	0.02576	0.02576	0.01579	0.62852	0.03906	0.05236	0.01995	0.01995	0.01413	0.00997	0.00831	0.00249	0.00914	0.00748	0.00831	0.01413
4	0.03158	0.02327	0.02493	0.01911	0.02576	0.02576	0.01579	0.62852	0.03906	0.05236	0.01995	0.01995	0.01413	0.00997	0.00831	0.00249	0.00914	0.00748	0.00831	0.01413
5	0.14487	0.01715	0.01883	0.01568	0.01998	0.01940	0.01265	0.29627	0.02591	0.03832	0.06983	0.02626	0.02031	0.05571	0.13316	0.00487	0.05529	0.00808	0.00668	0.01075
6	0.01311	0.00844	0.01111	0.01111	0.01263	0.00930	0.00841	0.01614	0.01462	0.02297	0.02420	0.03383	0.02171	0.09678	0.39819	0.00907	0.01490	0.00877	0.25736	0.00733
7	0.03011	0.13155	0.02785	0.01834	0.02507	0.02688	0.01554	0.53376	0.03558	0.04721	0.01863	0.01891	0.01358	0.00952	0.00784	0.00238	0.00910	0.00700	0.00756	0.01358
8	0.02063	0.03773	0.49488	0.02246	0.03325	0.02101	0.02673	0.18637	0.02326	0.03323	0.01625	0.01818	0.01148	0.00845	0.00800	0.00259	0.01144	0.00650	0.00478	0.01277
9	0.01606	0.01178	0.01390	0.01361	0.01604	0.01205	0.01020	0.17603	0.02258	0.02989	0.04205	0.41869	0.09463	0.02108	0.01000	0.00313	0.00614	0.06545	0.00787	0.00880
10	0.01122	0.00816	0.01097	0.01225	0.01333	0.00812	0.00906	0.01337	0.01597	0.02127	0.04210	0.36176	0.08710	0.08096	0.14362	0.00572	0.00899	0.13221	0.00687	0.00695
11	0.02782	0.02692	0.02357	0.02182	0.07838	0.23929	0.01590	0.25942	0.13000	0.03551	0.02199	0.02250	0.03966	0.00993	0.00811	0.00244	0.01053	0.00747	0.00661	0.01211
12	0.02413	0.16849	0.24686	0.02131	0.05304	0.12659	0.02098	0.18713	0.02413	0.03099	0.01529	0.01706	0.01164	0.00838	0.00745	0.00234	0.01110	0.00609	0.00494	0.01207
13	0.01871	0.23603	0.17862	0.01716	0.02298	0.11243	0.01687	0.02259	0.01750	0.02173	0.02160	0.19801	0.02242	0.01291	0.00876	0.00255	0.04439	0.01021	0.00475	0.00978

[dist]
# distance from previous block
# <min> <max>
0	3

[block]
# block no. 3 follows, 22 sequences, length 14
# corresponding to MSA columns:
# 312-325
name=unknown_D
#
# <colnr> <probs for GDERKNQSTAVLIFYWHMCP>
#	G	D	E	R	K	N	Q	S	T	A	V	L	I	F	Y	W	H	M	C	P
0	0.05713	0.01965	0.01865	0.10325	0.02455	0.14759	0.01351	0.15013	0.05284	0.02995	0.02585	0.02852	0.08434	0.01728	0.09471	0.00383	0.01090	0.00820	0.07133	0.03781
1	0.02115	0.01388	0.01628	0.01376	0.01779	0.01462	0.01100	0.20535	0.02330	0.08212	0.02292	0.02675	0.01816	0.02482	0.20141	0.00541	0.01126	0.00781	0.18984	0.07237
2	0.01374	0.11445	0.01567	0.01108	0.01323	0.01258	0.00826	0.01516	0.01506	0.01948	0.03532	0.09345	0.13797	0.31839	0.02409	0.00500	0.03876	0.05202	0.00557	0.05071
3	0.01606	0.08433	0.06162	0.01389	0.01857	0.01437	0.01174	0.02344	0.14202	0.02671	0.08959	0.15702	0.03194	0.04550	0.00980	0.00269	0.00663	0.04440	0.00649	0.19318
4	0.01647	0.01291	0.01850	0.01598	0.01890	0.01388	0.07739	0.13550	0.01905	0.02617	0.02367	0.08403	0.02278	0.15161	0.31506	0.00842	0.01507	0.01038	0.00553	0.00869
5	0.02104	0.15720	0.18137	0.01738	0.02406	0.05246	0.01733	0.14164	0.02174	0.05872	0.02513	0.02690	0.09184	0.01598	0.07947	0.00362	0.03981	0.00789	0.00544	0.01099
6	0.20929	0.08517	0.02203	0.01734	0.02246	0.31601	0.01374	0.09086	0.05833	0.06987	0.01564	0.01677	0.01212	0.00864	0.00693	0.00232	0.01081	0.00571	0.00546	0.01051
7	0.01853	0.01801	0.01452	0.01347	0.01629	0.19346	0.00984	0.02237	0.07148	0.05065	0.14617	0.04758	0.17385	0.15005	0.01535	0.00361	0.00821	0.01159	0.00666	0.00831
8	0.02266	0.02564	0.02077	0.01909	0.02162	0.31364	0.01462	0.02691	0.08667	0.02199	0.02110	0.15208	0.02101	0.01374	0.01305	0.00282	0.17819	0.00984	0.00525	0.00932
9	0.02844	0.02779	0.02798	0.02217	0.02811	0.23083	0.11137	0.29691	0.02918	0.03586	0.01663	0.01858	0.01260	0.00909	0.00895	0.00242	0.03858	0.00706	0.00607	0.04138
10	0.01723	0.01352	0.01685	0.01868	0.12303	0.01342	0.01201	0.15012	0.02249	0.03041	0.04275	0.18413	0.19821	0.01584	0.00891	0.00267	0.00642	0.01361	0.06902	0.04068
11	0.01877	0.07327	0.01853	0.01421	0.01695	0.05936	0.01106	0.13679	0.02002	0.02619	0.03010	0.03878	0.12499	0.20291	0.02059	0.00415	0.12250	0.01001	0.04210	0.00872
12	0.08504	0.02607	0.22395	0.01756	0.02439	0.06765	0.01746	0.14461	0.02174	0.11403	0.01999	0.02597	0.01622	0.14297	0.01437	0.00359	0.00988	0.00764	0.00584	0.01102
13	0.05878	0.39290	0.08400	0.02091	0.10125	0.17303	0.01703	0.02690	0.01854	0.02201	0.01260	0.01492	0.01089	0.00756	0.00636	0.00205	0.01051	0.00514	0.00386	0.01078

[dist]
# distance from previous block
# <min> <max>
20	63

[block]
# block no. 4 follows, 22 sequences, length 19
# corresponding to MSA columns:
# 391-409
name=unknown_E
#
# <colnr> <probs for GDERKNQSTAVLIFYWHMCP>
#	G	D	E	R	K	N	Q	S	T	A	V	L	I	F	Y	W	H	M	C	P
0	0.01798	0.02274	0.16106	0.27676	0.31038	0.01918	0.02569	0.02411	0.01779	0.02482	0.01517	0.02051	0.01186	0.00783	0.00819	0.00261	0.01080	0.00713	0.00383	0.01155
1	0.01738	0.01650	0.02798	0.46643	0.26562	0.01890	0.02391	0.02271	0.01741	0.02328	0.01507	0.02160	0.01180	0.00799	0.00828	0.00266	0.01065	0.00739	0.00384	0.01060
2	0.01816	0.01729	0.02938	0.36484	0.36113	0.01911	0.02430	0.02339	0.01778	0.02423	0.01520	0.02134	0.01213	0.00785	0.00826	0.00262	0.01046	0.00739	0.00390	0.01122
3	0.01831	0.02919	0.33113	0.20408	0.16903	0.01879	0.02662	0.02556	0.01791	0.05912	0.01597	0.01995	0.01175	0.00803	0.00809	0.00263	0.01118	0.00685	0.00404	0.01176
