[name]
unknown

[dist]
# distance from previous block
# <min> <max>
0	7

[block]
# block no. 0 follows, 22 sequences, length 24
# corresponding to MSA columns:
# 7-30
name=unknown_A
#
# <colnr> <probs for GDERKNQSTAVLIFYWHMCP>
#	G	D	E	R	K	N	Q	S	T	A	V	L	I	F	Y	W	H	M	C	P
0	0.06164	0.02107	0.12985	0.05061	0.20650	0.01705	0.01905	0.06909	0.06167	0.02929	0.02007	0.05820	0.01759	0.00973	0.00796	0.00244	0.00872	0.04849	0.00524	0.15575
1	0.02272	0.24514	0.07111	0.01679	0.02214	0.27802	0.01472	0.02564	0.02001	0.02111	0.02618	0.02996	0.11898	0.01096	0.00745	0.00227	0.01067	0.04179	0.00476	0.00959
2	0.01658	0.01520	0.01840	0.19186	0.07021	0.08495	0.01436	0.01961	0.01627	0.02159	0.02345	0.03297	0.06424	0.14775	0.05495	0.00430	0.08953	0.00894	0.09656	0.00827
3	0.02254	0.02785	0.10873	0.11717	0.32039	0.21123	0.02308	0.02732	0.01981	0.02432	0.01462	0.01874	0.01185	0.00791	0.00798	0.00243	0.01182	0.00664	0.00403	0.01153
4	0.01780	0.03617	0.48023	0.03167	0.21751	0.01942	0.02917	0.02607	0.01794	0.02655	0.01512	0.01842	0.01129	0.00775	0.00799	0.00258	0.01157	0.00651	0.00368	0.01254
5	0.03158	0.02327	0.02493	0.01911	0.02576	0.02576	0.01579	0.62852	0.03906	0.05236	0.01995	0.01995	0.01413	0.00997	0.00831	0.00249	0.00914	0.00748	0.00831	0.01413
6	0.01289	0.01634	0.16512	0.01504	0.01870	0.01044	0.03652	0.01600	0.01661	0.02309	0.10914	0.33080	0.03963	0.02035	0.01321	0.11957	0.00717	0.01538	0.00614	0.00787
7	0.01208	0.00805	0.00906	0.00906	0.00906	0.00805	0.00503	0.01208	0.01208	0.01611	0.02618	0.05436	0.03020	0.70804	0.04228	0.00805	0.00805	0.01208	0.00503	0.00503
8	0.01188	0.00884	0.01306	0.01306	0.01444	0.01023	0.01002	0.01465	0.01326	0.01907	0.02252	0.03411	0.02141	0.10621	0.63210	0.01299	0.02129	0.00912	0.00449	0.00726
9	0.05520	0.01894	0.05279	0.16942	0.33947	0.01873	0.11875	0.02407	0.01863	0.02680	0.06260	0.02380	0.01720	0.00826	0.00845	0.00260	0.01024	0.00816	0.00445	0.01144
10	0.02055	0.02025	0.03203	0.12969	0.54452	0.05709	0.02465	0.02540	0.01889	0.02600	0.01536	0.02044	0.01276	0.00758	0.00819	0.00249	0.01031	0.00728	0.00407	0.01246
11	0.00996	0.00842	0.00861	0.00857	0.01131	0.00707	0.00642	0.01220	0.01927	0.02324	0.12609	0.07863	0.61042	0.02074	0.00982	0.00279	0.00419	0.01735	0.00782	0.00707
12	0.01802	0.01657	0.02776	0.03997	0.46849	0.01700	0.02107	0.02238	0.01729	0.02484	0.01757	0.02410	0.01539	0.02347	0.20342	0.00565	0.01349	0.00784	0.00421	0.01148
13	0.02080	0.01744	0.02095	0.01918	0.10142	0.01641	0.01344	0.13480	0.12527	0.03291	0.01898	0.02043	0.01491	0.00785	0.00719	0.00188	0.00723	0.00644	0.00602	0.40644
14	0.01549	0.00774	0.00774	0.00774	0.00968	0.00774	0.00581	0.01936	0.01742	0.03097	0.02710	0.03097	0.02129	0.00968	0.00581	0.00194	0.00387	0.00774	0.75416	0.00774
15	0.00999	0.00847	0.00865	0.00874	0.01151	0.00713	0.00665	0.01217	0.01894	0.02256	0.08224	0.08061	0.62397	0.02113	0.00990	0.00285	0.00437	0.04535	0.00771	0.00704
16	0.01699	0.04104	0.61257	0.02595	0.08747	0.01933	0.03026	0.02624	0.01765	0.02638	0.01497	0.01779	0.01074	0.00785	0.00792	0.00262	0.01208	0.00624	0.00356	0.01235
17	0.01942	0.02654	0.21849	0.04300	0.47467	0.01961	0.02702	0.02573	0.01851	0.02690	0.01542	0.01968	0.01239	0.00755	0.00813	0.00252	0.01057	0.00703	0.00394	0.01290
18	0.01293	0.00856	0.01171	0.01171	0.01333	0.00961	0.00904	0.01616	0.01454	0.02271	0.02367	0.03215	0.02092	0.04690	0.47922	0.01001	0.01687	0.00856	0.22389	0.00751
19	0.01083	0.00788	0.01013	0.01166	0.01268	0.00740	0.00838	0.01270	0.01662	0.02167	0.04910	0.45897	0.13119	0.07517	0.01300	0.00373	0.00550	0.12905	0.00750	0.00682
20	0.01723	0.01477	0.01723	0.01230	0.01969	0.01107	0.00984	0.02092	0.01723	0.02707	0.01477	0.01723	0.01230	0.00615	0.00615	0.00123	0.00615	0.00492	0.00492	0.75883
21	0.11540	0.02531	0.02335	0.15331	0.15073	0.27162	0.01765	0.05005	0.02034	0.02584	0.01483	0.01853	0.01189	0.00831	0.00742	0.00238	0.01122	0.00628	0.05537	0.01020
22	0.01187	0.00890	0.01335	0.01335	0.01483	0.01038	0.01038	0.01483	0.01335	0.01928	0.02225	0.03264	0.02077	0.06231	0.67512	0.01335	0.02225	0.00890	0.00445	0.00742
23	0.02255	0.01720	0.01898	0.01594	0.02062	0.01873	0.01282	0.29229	0.17063	0.04112	0.17510	0.03895	0.05841	0.01310	0.00893	0.00268	0.00706	0.04463	0.00848	0.01178

[dist]
# distance from previous block
# <min> <max>
0	6

[block]
# block no. 1 follows, 22 sequences, length 65
# corresponding to MSA columns:
# 37-101
name=unknown_B
#
# <colnr> <probs for GDERKNQSTAVLIFYWHMCP>
#	G	D	E	R	K	N	Q	S	T	A	V	L	I	F	Y	W	H	M	C	P
0	0.02002	0.02513	0.13288	0.01969	0.06449	0.16837	0.04198	0.08735	0.05667	0.02737	0.06192	0.03786	0.19678	0.01248	0.00860	0.00256	0.00955	0.01011	0.00596	0.01024
1	0.01716	0.03989	0.57886	0.02675	0.09508	0.01941	0.05561	0.02624	0.01776	0.02640	0.01506	0.01803	0.01086	0.00781	0.00801	0.00262	0.01212	0.00641	0.00359	0.01232
2	0.43919	0.05658	0.08620	0.01740	0.08147	0.09820	0.01381	0.02548	0.01645	0.03177	0.01348	0.01592	0.01066	0.00790	0.00607	0.00243	0.00837	0.00527	0.05351	0.00983
3	0.13375	0.04673	0.06746	0.02065	0.02514	0.09108	0.10340	0.07654	0.07297	0.02807	0.01705	0.05684	0.01479	0.01106	0.01310	0.00288	0.19514	0.00795	0.00504	0.01035
4	0.01035	0.00844	0.00915	0.00897	0.01155	0.00724	0.00673	0.01295	0.02019	0.02541	0.23925	0.07506	0.49590	0.01993	0.00981	0.00275	0.00413	0.01685	0.00811	0.00724
5	0.01738	0.01816	0.03394	0.03078	0.16119	0.01796	0.29361	0.02228	0.01859	0.02506	0.03158	0.03494	0.16119	0.01113	0.01131	0.00282	0.08189	0.01083	0.00494	0.01042
6	0.01208	0.00805	0.00906	0.00906	0.00906	0.00805	0.00503	0.01208	0.01208	0.01611	0.02618	0.05436	0.03020	0.70804	0.04228	0.00805	0.00805	0.01208	0.00503	0.00503
7	0.01692	0.04115	0.61053	0.02468	0.03662	0.01944	0.08334	0.02634	0.01772	0.02634	0.01508	0.01797	0.01071	0.00781	0.00806	0.00265	0.01243	0.00646	0.00357	0.01218
8	0.02691	0.02088	0.02109	0.01707	0.02205	0.07905	0.01383	0.40238	0.03109	0.04231	0.02029	0.02207	0.01531	0.01259	0.04138	0.00295	0.04412	0.00740	0.14527	0.01197
9	0.02277	0.10115	0.05117	0.01680	0.02289	0.12362	0.01404	0.10212	0.23039	0.03065	0.02111	0.02139	0.01639	0.00888	0.00737	0.00218	0.00862	0.00679	0.00618	0.18552
10	0.01326	0.00867	0.01073	0.01052	0.01187	0.00913	0.00770	0.01608	0.01680	0.02574	0.16276	0.08220	0.03666	0.13794	0.13546	0.00534	0.04302	0.01120	0.24765	0.00726
11	0.01666	0.04297	0.66500	0.02368	0.03596	0.01929	0.03069	0.02631	0.01754	0.02631	0.01491	0.01754	0.01052	0.00789	0.00789	0.00263	0.01228	0.00614	0.00351	0.01228
12	0.01137	0.00802	0.00931	0.00956	0.01029	0.00765	0.00602	0.01241	0.01513	0.01999	0.11380	0.16917	0.13250	0.40681	0.02816	0.00582	0.00643	0.01520	0.00638	0.00596
13	0.02527	0.01879	0.02060	0.01679	0.02166	0.02078	0.01334	0.40893	0.09224	0.04163	0.02344	0.05643	0.01963	0.10037	0.07741	0.00429	0.00984	0.00907	0.00753	0.01195
14	0.01187	0.00890	0.01335	0.01335	0.01483	0.01038	0.01038	0.01483	0.01335	0.01928	0.02225	0.03264	0.02077	0.06231	0.67512	0.01335	0.02225	0.00890	0.00445	0.00742
15	0.76672	0.01607	0.01221	0.01092	0.01607	0.01864	0.00900	0.02442	0.01414	0.03727	0.01157	0.01350	0.00900	0.00771	0.00514	0.00257	0.00643	0.00450	0.00514	0.00900
16	0.02999	0.03807	0.02280	0.02077	0.02497	0.64201	0.01557	0.03213	0.02332	0.02044	0.01633	0.01816	0.04213	0.00917	0.00760	0.00217	0.01445	0.00595	0.00445	0.00950
17	0.02784	0.01966	0.02094	0.01647	0.02203	0.02158	0.01347	0.48709	0.03404	0.04739	0.02161	0.02251	0.01579	0.00990	0.00773	0.00236	0.00792	0.00754	0.18148	0.01265
18	0.76672	0.01607	0.01221	0.01092	0.01607	0.01864	0.00900	0.02442	0.01414	0.03727	0.01157	0.01350	0.00900	0.00771	0.00514	0.00257	0.00643	0.00450	0.00514	0.00900
19	0.01203	0.00825	0.01006	0.01006	0.01040	0.00859	0.00628	0.01272	0.01238	0.01685	0.02526	0.04932	0.02801	0.55812	0.18922	0.00928	0.01135	0.01134	0.00490	0.00559
20	0.01569	0.01477	0.02492	0.68808	0.05722	0.01846	0.02307	0.02123	0.01661	0.02123	0.01477	0.02215	0.01107	0.00831	0.00831	0.00277	0.01107	0.00738	0.00369	0.00923
21	0.12395	0.46102	0.18349	0.01596	0.02399	0.02775	0.01732	0.02515	0.01665	0.02357	0.01233	0.01433	0.01040	0.00737	0.00590	0.00208	0.00933	0.00484	0.00376	0.01081
22	0.02056	0.01974	0.03372	0.05099	0.65622	0.01974	0.02550	0.02550	0.01892	0.02714	0.01563	0.02056	0.01316	0.00740	0.00822	0.00247	0.00987	0.00740	0.00411	0.01316
23	0.01188	0.00885	0.01309	0.01309	0.01448	0.01024	0.01006	0.01467	0.01327	0.01909	0.02249	0.03396	0.02134	0.10164	0.63657	0.01303	0.02139	0.00909	0.00449	0.00727
24	0.02238	0.02730	0.10090	0.03601	0.27811	0.17208	0.15418	0.02856	0.05166	0.02574	0.01609	0.01988	0.01281	0.00783	0.00837	0.00250	0.01205	0.00742	0.00433	0.01182
25	0.02715	0.02402	0.02122	0.01821	0.02309	0.19573	0.01435	0.24805	0.12811	0.07640	0.02471	0.08532	0.02088	0.01195	0.00849	0.00261	0.00970	0.04096	0.00729	0.01176
26	0.02835	0.12461	0.02857	0.02381	0.14039	0.04949	0.04725	0.17112	0.06542	0.20574	0.02183	0.02197	0.01569	0.00902	0.00791	0.00242	0.00900	0.00740	0.00699	0.01302
27	0.07437	0.02005	0.02410	0.23460	0.03529	0.02294	0.01770	0.39303	0.03019	0.04132	0.01773	0.02024	0.01281	0.00929	0.00810	0.00259	0.00959	0.00725	0.00661	0.01221
28	0.01549	0.00774	0.00774	0.00774	0.00968	0.00774	0.00581	0.01936	0.01742	0.03097	0.02710	0.03097	0.02129	0.00968	0.00581	0.00194	0.00387	0.00774	0.75416	0.00774
29	0.02223	0.64026	0.08318	0.01514	0.02246	0.05972	0.01537	0.02533	0.01721	0.02002	0.01182	0.01367	0.01065	0.00722	0.00559	0.00185	0.00937	0.00459	0.00358	0.01072
30	0.01012	0.00723	0.00964	0.01157	0.01205	0.00675	0.00771	0.01157	0.01591	0.02121	0.04579	0.70262	0.05495	0.02603	0.01060	0.00337	0.00482	0.02362	0.00771	0.00675
31	0.01105	0.00908	0.01349	0.01333	0.01515	0.00830	0.07210	0.01322	0.01695	0.02204	0.05113	0.49553	0.18103	0.02295	0.01035	0.00319	0.00565	0.02084	0.00734	0.00727
32	0.03103	0.03959	0.02354	0.02140	0.02568	0.67469	0.01605	0.03317	0.02354	0.02033	0.01284	0.01498	0.01070	0.00856	0.00749	0.00214	0.01498	0.00535	0.00428	0.00963
33	0.02737	0.01195	0.01611	0.01310	0.01779	0.01051	0.01051	0.03086	0.02368	0.41799	0.27304	0.04139	0.04300	0.01288	0.00891	0.00259	0.00585	0.01094	0.00984	0.01169
34	0.01018	0.00756	0.00932	0.01067	0.01166	0.00689	0.00721	0.01168	0.01636	0.02116	0.05342	0.51579	0.19215	0.06933	0.01249	0.00355	0.00489	0.02145	0.00754	0.00670
35	0.03115	0.03598	0.02385	0.02090	0.02570	0.53121	0.01599	0.16481	0.02697	0.02741	0.01441	0.01608	0.01146	0.00887	0.00767	0.00222	0.01369	0.00582	0.00517	0.01063
36	0.02056	0.01974	0.03372	0.05099	0.65622	0.01974	0.02550	0.02550	0.01892	0.02714	0.01563	0.02056	0.01316	0.00740	0.00822	0.00247	0.00987	0.00740	0.00411	0.01316
37	0.02679	0.01865	0.01982	0.01573	0.02098	0.02040	0.01282	0.44738	0.03262	0.04600	0.02207	0.02322	0.01626	0.00989	0.00757	0.00233	0.00757	0.00756	0.23010	0.01223
38	0.76672	0.01607	0.01221	0.01092	0.01607	0.01864	0.00900	0.02442	0.01414	0.03727	0.01157	0.01350	0.00900	0.00771	0.00514	0.00257	0.00643	0.00450	0.00514	0.00900
39	0.00982	0.00842	0.00842	0.00842	0.01122	0.00701	0.00631	0.01192	0.01894	0.02244	0.08416	0.07995	0.65285	0.02104	0.00982	0.00281	0.00421	0.01753	0.00771	0.00701
40	0.01095	0.00780	0.00917	0.00992	0.01057	0.00738	0.00628	0.01186	0.01470	0.01913	0.04341	0.30755	0.14394	0.33117	0.02468	0.00538	0.00617	0.01742	0.00651	0.00602
41	0.01102	0.00808	0.01035	0.01060	0.01217	0.00740	0.00764	0.01395	0.02057	0.02825	0.39592	0.27080	0.13175	0.02033	0.01006	0.00288	0.00424	0.01806	0.00853	0.00740
42	0.73459	0.01598	0.01252	0.01109	0.01629	0.01835	0.00914	0.02513	0.01456	0.06480	0.01250	0.01415	0.00951	0.00782	0.00528	0.00257	0.00645	0.00467	0.00537	0.00922
43	0.01021	0.00735	0.00953	0.01124	0.01184	0.00683	0.00748	0.01162	0.01588	0.02100	0.04706	0.62942	0.09002	0.06283	0.01228	0.00359	0.00496	0.02262	0.00757	0.00667
44	0.01012	0.00723	0.00964	0.01157	0.01205	0.00675	0.00771	0.01157	0.01591	0.02121	0.04579	0.70262	0.05495	0.02603	0.01060	0.00337	0.00482	0.02362	0.00771	0.00675
45	0.01208	0.00805	0.00906	0.00906	0.00906	0.00805	0.00503	0.01208	0.01208	0.01611	0.02618	0.05436	0.03020	0.70804	0.04228	0.00805	0.00805	0.01208	0.00503	0.00503
46	0.01127	0.00867	0.00927	0.00898	0.01182	0.00735	0.00678	0.01368	0.01980	0.05131	0.16396	0.07516	0.54289	0.01999	0.00975	0.00277	0.00429	0.01678	0.00803	0.00744
47	0.02056	0.01974	0.03372	0.05099	0.65622	0.01974	0.02550	0.02550	0.01892	0.02714	0.01563	0.02056	0.01316	0.00740	0.00822	0.00247	0.00987	0.00740	0.00411	0.01316
48	0.01222	0.00942	0.01402	0.01382	0.01522	0.01122	0.01082	0.01512	0.01332	0.01932	0.02162	0.03183	0.02022	0.05965	0.63912	0.01281	0.05952	0.00881	0.00441	0.00751
49	0.03103	0.03959	0.02354	0.02140	0.02568	0.67469	0.01605	0.03317	0.02354	0.02033	0.01284	0.01498	0.01070	0.00856	0.00749	0.00214	0.01498	0.00535	0.00428	0.00963
50	0.01187	0.00890	0.01335	0.01335	0.01483	0.01038	0.01038	0.01483	0.01335	0.01928	0.02225	0.03264	0.02077	0.06231	0.67512	0.01335	0.02225	0.00890	0.00445	0.00742
51	0.01886	0.19730	0.45877	0.02263	0.06082	0.05581	0.02588	0.02629	0.01776	0.02447	0.01406	0.01657	0.01069	0.00772	0.00729	0.00240	0.01152	0.00576	0.00359	0.01181
52	0.01385	0.01182	0.01432	0.12684	0.02205	0.01263	0.01133	0.02224	0.18816	0.02533	0.05022	0.19266	0.24165	0.01729	0.00936	0.00293	0.00616	0.01491	0.00723	0.00901
53	0.02460	0.01183	0.01474	0.01242	0.01697	0.01044	0.00984	0.05406	0.02196	0.34442	0.05147	0.11647	0.24433	0.01567	0.00910	0.00273	0.00593	0.01311	0.00903	0.01088
54	0.01719	0.01593	0.02674	0.11614	0.32982	0.01616	0.07762	0.02107	0.01711	0.02349	0.02255	0.03266	0.05850	0.17104	0.01640	0.00386	0.00963	0.00938	0.00452	0.01019
55	0.02033	0.02086	0.02725	0.22235	0.30539	0.13705	0.02183	0.02481	0.01912	0.02399	0.01784	0.02765	0.01575	0.00949	0.00845	0.00264	0.01091	0.06906	0.00439	0.01083
56	0.01494	0.01397	0.02406	0.02013	0.02284	0.01593	0.15488	0.01851	0.01481	0.02125	0.01982	0.06434	0.01862	0.03703	0.34245	0.00823	0.16560	0.00957	0.00440	0.00862
57	0.02595	0.03029	0.02631	0.09927	0.20661	0.38803	0.01930	0.03032	0.05294	0.02308	0.01490	0.01812	0.01218	0.00835	0.00783	0.00233	0.01270	0.00635	0.00438	0.01076
58	0.01261	0.01719	0.16585	0.01664	0.02083	0.01117	0.07765	0.01659	0.01686	0.02303	0.03792	0.43447	0.07662	0.01952	0.00984	0.00311	0.00748	0.01774	0.00637	0.00851
59	0.01298	0.01034	0.01519	0.02020	0.16107	0.01006	0.01135	0.01508	0.01622	0.02216	0.06182	0.39476	0.04165	0.14890	0.01594	0.00401	0.00656	0.01732	0.00644	0.00796
60	0.25971	0.13470	0.16404	0.13975	0.06167	0.02155	0.01857	0.02409	0.01592	0.02746	0.01304	0.01658	0.01031	0.00819	0.00795	0.00256	0.05387	0.00570	0.00411	0.01024
61	0.10222	0.05131	0.04425	0.02007	0.08823	0.13794	0.01460	0.15956	0.02209	0.03001	0.03835	0.02508	0.01725	0.11237	0.05719	0.00398	0.05226	0.00758	0.00545	0.01020
62	0.02037	0.21897	0.17868	0.02400	0.08210	0.05305	0.13180	0.06424	0.01934	0.02539	0.01861	0.02140	0.05056	0.00880	0.00876	0.00245	0.04870	0.00726	0.00431	0.01121
63	0.01630	0.01393	0.04810	0.01730	0.08335	0.01310	0.01195	0.11841	0.05134	0.02696	0.03300	0.22627	0.06128	0.18744	0.01755	0.00422	0.00746	0.04655	0.00660	0.00889
64	0.05093	0.15052	0.20647	0.01994	0.06023	0.12255	0.01861	0.02869	0.13137	0.02574	0.02293	0.05358	0.05448	0.01005	0.00762	0.00247	0.00986	0.00779	0.00508	0.01108

[dist]
# distance from previous block
# <min> <max>
0	145

[block]
# block no. 2 follows, 22 sequences, length 6
# corresponding to MSA columns:
# 247-252
name=unknown_C
#
# <colnr> <probs for GDERKNQSTAVLIFYWHMCP>
#	G	D	E	R	K	N	Q	S	T	A	V	L	I	F	Y	W	H	M	C	P
0	0.01648	0.01637	0.01690	0.02025	0.14739	0.13370	0.01219	0.01896	0.01886	0.02287	0.08933	0.12050	0.20236	0.11135	0.01364	0.00339	0.00796	0.01290	0.00607	0.00853
1	0.11997	0.10635	0.02474	0.02284	0.13515	0.07153	0.01593	0.02213	0.01554	0.02345	0.01451	0.02020	0.01312	0.02110	0.15477	0.00500	0.19307	0.00676	0.00414	0.00970
2	0.02293	0.02785	0.10951	0.02891	0.19157	0.20197	0.02052	0.06306	0.01982	0.02515	0.01397	0.01789	0.01167	0.00940	0.01194	0.00258	0.15760	0.00651	0.00428	0.05287
3	0.01570	0.04497	0.01946	0.07104	0.07468	0.07906	0.04495	0.01914	0.01888	0.02412	0.14030	0.04647	0.15841	0.02075	0.09649	0.00413	0.04816	0.05860	0.00597	0.00871
4	0.01215	0.00804	0.00943	0.00981	0.01143	0.00790	0.00710	0.01467	0.01631	0.02371	0.04328	0.17581	0.17807	0.07853	0.13689	0.00504	0.00793	0.01371	0.23307	0.00711
5	0.14199	0.09912	0.08374	0.01662	0.02193	0.21671	0.01437	0.08370	0.02185	0.06000	0.10572	0.05738	0.02296	0.01049	0.00753	0.00240	0.00970	0.00783	0.00580	0.01015

[dist]
# distance from previous block
# <min> <max>
0	3

[block]
# block no. 3 follows, 22 sequences, length 57
# corresponding to MSA columns:
# 256-312
name=unknown_D
#
# <colnr> <probs for GDERKNQSTAVLIFYWHMCP>
#	G	D	E	R	K	N	Q	S	T	A	V	L	I	F	Y	W	H	M	C	P
0	0.02007	0.02137	0.08791	0.03059	0.28320	0.11038	0.01908	0.02458	0.02054	0.06178	0.14768	0.05885	0.02943	0.01117	0.00865	0.00257	0.00918	0.03621	0.00574	0.01103
1	0.04998	0.03044	0.24344	0.02594	0.09202	0.12727	0.07277	0.02553	0.01735	0.02413	0.01356	0.01784	0.01103	0.00972	0.01329	0.00283	0.20149	0.00669	0.00385	0.01083
2	0.01920	0.02297	0.10630	0.09638	0.22513	0.12025	0.06924	0.02389	0.01796	0.02337	0.01685	0.02366	0.01448	0.05907	0.12096	0.00464	0.01337	0.00765	0.00414	0.01050
3	0.01288	0.01196	0.01103	0.01058	0.01341	0.07437	0.00795	0.01637	0.04779	0.02541	0.21268	0.06698	0.42184	0.01838	0.00952	0.00269	0.00532	0.01535	0.00775	0.00774
4	0.01838	0.01774	0.03087	0.22675	0.35454	0.01843	0.08908	0.02348	0.01810	0.02510	0.01697	0.05505	0.01454	0.00848	0.00844	0.00257	0.01023	0.00834	0.00422	0.04867
5	0.01365	0.00736	0.01078	0.01122	0.01141	0.00728	0.00767	0.01133	0.01217	0.01618	0.02142	0.14182	0.02317	0.02803	0.02757	0.58749	0.00684	0.04570	0.00453	0.00437
6	0.01983	0.01913	0.02916	0.04203	0.49933	0.05396	0.02200	0.02520	0.04689	0.02721	0.06119	0.02885	0.04589	0.00946	0.00849	0.00254	0.00929	0.03247	0.00493	0.01214
7	0.03103	0.03959	0.02354	0.02140	0.02568	0.67469	0.01605	0.03317	0.02354	0.02033	0.01284	0.01498	0.01070	0.00856	0.00749	0.00214	0.01498	0.00535	0.00428	0.00963
8	0.01156	0.00848	0.01083	0.01024	0.01229	0.00775	0.00768	0.01530	0.02305	0.03221	0.59413	0.06387	0.13678	0.01740	0.00980	0.00263	0.00395	0.01528	0.00900	0.00775
9	0.76672	0.01607	0.01221	0.01092	0.01607	0.01864	0.00900	0.02442	0.01414	0.03727	0.01157	0.01350	0.00900	0.00771	0.00514	0.00257	0.00643	0.00450	0.00514	0.00900
10	0.01032	0.00849	0.00911	0.00912	0.01174	0.00728	0.00695	0.01280	0.01965	0.02425	0.16910	0.07798	0.53026	0.02052	0.00991	0.00283	0.00436	0.05021	0.00793	0.00718
11	0.01038	0.00844	0.00920	0.00901	0.01157	0.00725	0.00676	0.01302	0.02027	0.02561	0.24943	0.07474	0.48560	0.01986	0.00981	0.00275	0.00412	0.01680	0.00813	0.00725
12	0.00984	0.00834	0.00849	0.00861	0.01127	0.00700	0.00640	0.01190	0.01875	0.02237	0.08184	0.11750	0.61679	0.02134	0.00987	0.00284	0.00424	0.01790	0.00771	0.00700
13	0.02066	0.01785	0.01878	0.01691	0.02160	0.02066	0.01315	0.04414	0.64121	0.03475	0.03381	0.03099	0.02536	0.01127	0.00845	0.00282	0.00657	0.00939	0.00845	0.01315
14	0.03727	0.01414	0.01928	0.01478	0.02121	0.01221	0.01221	0.04049	0.02378	0.66198	0.03277	0.02828	0.02056	0.01028	0.00835	0.00257	0.00707	0.00835	0.01028	0.01414
15	0.03158	0.02327	0.02493	0.01911	0.02576	0.02576	0.01579	0.62852	0.03906	0.05236	0.01995	0.01995	0.01413	0.00997	0.00831	0.00249	0.00914	0.00748	0.00831	0.01413
16	0.01818	0.01818	0.02545	0.02181	0.02181	0.02545	0.01818	0.01999	0.01272	0.01999	0.01091	0.01818	0.01091	0.01454	0.02726	0.00364	0.69284	0.00727	0.00364	0.00909
17	0.03103	0.03959	0.02354	0.02140	0.02568	0.67469	0.01605	0.03317	0.02354	0.02033	0.01284	0.01498	0.01070	0.00856	0.00749	0.00214	0.01498	0.00535	0.00428	0.00963
18	0.01807	0.01474	0.01731	0.01241	0.01975	0.01112	0.00994	0.02174	0.01750	0.05369	0.01552	0.01769	0.01265	0.00633	0.00624	0.00129	0.00619	0.00507	0.00515	0.72760
19	0.01967	0.01613	0.02219	0.01899	0.01981	0.02114	0.01543	0.02139	0.01403	0.10068	0.01598	0.02492	0.01504	0.11882	0.02714	0.00417	0.50252	0.00813	0.00469	0.00911
20	0.02341	0.52553	0.03737	0.01568	0.02183	0.16699	0.01436	0.02598	0.01806	0.01969	0.01251	0.01492	0.01132	0.01096	0.04885	0.00260	0.01103	0.00492	0.00376	0.01023
21	0.01702	0.08605	0.62505	0.02307	0.03501	0.02017	0.02963	0.02622	0.01750	0.02587	0.01469	0.01727	0.01053	0.00784	0.00773	0.00258	0.01206	0.00603	0.00351	0.01217
22	0.03103	0.03959	0.02354	0.02140	0.02568	0.67469	0.01605	0.03317	0.02354	0.02033	0.01284	0.01498	0.01070	0.00856	0.00749	0.00214	0.01498	0.00535	0.00428	0.00963
23	0.76672	0.01607	0.01221	0.01092	0.01607	0.01864	0.00900	0.02442	0.01414	0.03727	0.01157	0.01350	0.00900	0.00771	0.00514	0.00257	0.00643	0.00450	0.00514	0.00900
24	0.01079	0.00845	0.00977	0.00944	0.01182	0.00743	0.00708	0.01381	0.02124	0.02790	0.36919	0.07096	0.36441	0.01900	0.00981	0.00271	0.00406	0.01627	0.00843	0.00743
25	0.02056	0.01974	0.03372	0.05099	0.65622	0.01974	0.02550	0.02550	0.01892	0.02714	0.01563	0.02056	0.01316	0.00740	0.00822	0.00247	0.00987	0.00740	0.00411	0.01316
26	0.00982	0.00842	0.00842	0.00842	0.01122	0.00701	0.00631	0.01192	0.01894	0.02244	0.08416	0.07995	0.65285	0.02104	0.00982	0.00281	0.00421	0.01753	0.00771	0.00701
27	0.01022	0.00830	0.00907	0.00916	0.01154	0.00714	0.00676	0.01260	0.01947	0.02438	0.18824	0.14598	0.47651	0.02082	0.00990	0.00283	0.00422	0.01773	0.00799	0.00714
28	0.19069	0.55532	0.03644	0.01347	0.02013	0.02965	0.01303	0.02477	0.01626	0.02356	0.01155	0.01336	0.01028	0.00724	0.00529	0.00196	0.00833	0.00445	0.00391	0.01028
29	0.01689	0.01594	0.02811	0.02879	0.19470	0.01634	0.16679	0.02153	0.01882	0.02699	0.16068	0.03199	0.02878	0.01641	0.08514	0.00389	0.07874	0.00989	0.03940	0.01018
30	0.02694	0.26092	0.03131	0.02232	0.09456	0.38861	0.01649	0.02956	0.02081	0.02083	0.01272	0.01505	0.01096	0.00795	0.00686	0.00206	0.01239	0.00528	0.00402	0.01037
31	0.76672	0.01607	0.01221	0.01092	0.01607	0.01864	0.00900	0.02442	0.01414	0.03727	0.01157	0.01350	0.00900	0.00771	0.00514	0.00257	0.00643	0.00450	0.00514	0.00900
32	0.01809	0.01672	0.02741	0.46476	0.22473	0.01929	0.02329	0.06148	0.01871	0.02490	0.01534	0.02156	0.01186	0.00816	0.00828	0.00267	0.01061	0.00739	0.00411	0.01066
33	0.01786	0.01935	0.04095	0.03011	0.03695	0.01860	0.48673	0.02395	0.01819	0.02495	0.01804	0.02472	0.01445	0.01952	0.16036	0.00519	0.01587	0.00960	0.00426	0.01035
34	0.00982	0.00842	0.00842	0.00842	0.01122	0.00701	0.00631	0.01192	0.01894	0.02244	0.08416	0.07995	0.65285	0.02104	0.00982	0.00281	0.00421	0.01753	0.00771	0.00701
35	0.03063	0.07206	0.02461	0.02092	0.02547	0.60605	0.01595	0.06654	0.02409	0.02211	0.01318	0.01518	0.01089	0.00857	0.00743	0.00214	0.01435	0.00543	0.00447	0.00994
36	0.01734	0.03357	0.43270	0.02947	0.17475	0.01849	0.05146	0.02523	0.01809	0.02636	0.01804	0.02601	0.01492	0.00925	0.00840	0.00272	0.01134	0.06580	0.00409	0.01197
37	0.01336	0.01273	0.04989	0.08475	0.07154	0.01131	0.01204	0.03983	0.04521	0.02664	0.17598	0.11920	0.27229	0.01673	0.00939	0.00277	0.00611	0.01440	0.00712	0.00869
38	0.01187	0.00890	0.01335	0.01335	0.01483	0.01038	0.01038	0.01483	0.01335	0.01928	0.02225	0.03264	0.02077	0.06231	0.67512	0.01335	0.02225	0.00890	0.00445	0.00742
39	0.01666	0.04297	0.66500	0.02368	0.03596	0.01929	0.03069	0.02631	0.01754	0.02631	0.01491	0.01754	0.01052	0.00789	0.00789	0.00263	0.01228	0.00614	0.00351	0.01228
40	0.09325	0.03179	0.08802	0.02198	0.05405	0.34882	0.05155	0.12136	0.02350	0.02795	0.01489	0.01750	0.01182	0.01144	0.04420	0.00295	0.01317	0.00622	0.00490	0.01065
41	0.01187	0.00890	0.01335	0.01335	0.01483	0.01038	0.01038	0.01483	0.01335	0.01928	0.02225	0.03264	0.02077	0.06231	0.67512	0.01335	0.02225	0.00890	0.00445	0.00742
42	0.01012	0.00723	0.00964	0.01157	0.01205	0.00675	0.00771	0.01157	0.01591	0.02121	0.04579	0.70262	0.05495	0.02603	0.01060	0.00337	0.00482	0.02362	0.00771	0.00675
43	0.02083	0.01653	0.01760	0.01515	0.01981	0.01789	0.01211	0.22819	0.23044	0.03659	0.04400	0.04461	0.20045	0.01424	0.00896	0.00276	0.00682	0.04344	0.00815	0.01144
44	0.02045	0.50077	0.24041	0.01721	0.02596	0.02857	0.01944	0.02533	0.01709	0.02169	0.01261	0.01466	0.01062	0.00736	0.00614	0.00205	0.00996	0.00498	0.00354	0.01117
45	0.01012	0.00723	0.00964	0.01157	0.01205	0.00675	0.00771	0.01157	0.01591	0.02121	0.04579	0.70262	0.05495	0.02603	0.01060	0.00337	0.00482	0.02362	0.00771	0.00675
46	0.01636	0.01192	0.01432	0.01246	0.01551	0.01200	0.00969	0.15800	0.02713	0.03774	0.50509	0.05228	0.06346	0.01536	0.00945	0.00259	0.00513	0.01327	0.00895	0.00930
47	0.03103	0.03959	0.02354	0.02140	0.02568	0.67469	0.01605	0.03317	0.02354	0.02033	0.01284	0.01498	0.01070	0.00856	0.00749	0.00214	0.01498	0.00535	0.00428	0.00963
48	0.02297	0.02593	0.05602	0.22789	0.20841	0.23086	0.02138	0.06310	0.02087	0.02467	0.01470	0.01906	0.01168	0.00822	0.00800	0.00246	0.01194	0.00668	0.00427	0.01087
49	0.01818	0.01818	0.02545	0.02181	0.02181	0.02545	0.01818	0.01999	0.01272	0.01999	0.01091	0.01818	0.01091	0.01454	0.02726	0.00364	0.69284	0.00727	0.00364	0.00909
50	0.01012	0.00723	0.00964	0.01157	0.01205	0.00675	0.00771	0.01157	0.01591	0.02121	0.04579	0.70262	0.05495	0.02603	0.01060	0.00337	0.00482	0.02362	0.00771	0.00675
51	0.01702	0.01605	0.02671	0.51264	0.19486	0.01884	0.02323	0.02316	0.04273	0.02315	0.01575	0.02214	0.01214	0.00822	0.00829	0.00270	0.01061	0.00747	0.00398	0.01030
52	0.01192	0.00870	0.01231	0.01231	0.01343	0.00982	0.00909	0.01417	0.01304	0.01851	0.02320	0.03791	0.02306	0.21910	0.52146	0.01206	0.01880	0.00967	0.00459	0.00684
53	0.01015	0.00790	0.00922	0.01001	0.01171	0.00698	0.00708	0.01214	0.01805	0.02298	0.12380	0.35326	0.33144	0.02284	0.01016	0.00304	0.00445	0.01997	0.00786	0.00698
54	0.01894	0.02112	0.10199	0.20264	0.44160	0.01938	0.02549	0.02455	0.01820	0.02561	0.01534	0.02061	0.01236	0.00768	0.00821	0.00256	0.01043	0.00726	0.00394	0.01211
55	0.02070	0.02703	0.17866	0.04022	0.42173	0.08496	0.02522	0.02726	0.04611	0.02660	0.01597	0.01976	0.01283	0.00780	0.00808	0.00249	0.01079	0.00699	0.00418	0.01260
56	0.06752	0.03843	0.02298	0.02088	0.02521	0.64216	0.01570	0.03274	0.02308	0.02117	0.01278	0.01491	0.01062	0.00852	0.00737	0.00216	0.01456	0.00531	0.00432	0.00960

[dist]
# distance from previous block
# <min> <max>
0	2

[block]
# block no. 4 follows, 22 sequences, length 6
# corresponding to MSA columns:
# 315-320
name=unknown_E
#
# <colnr> <probs for GDERKNQSTAVLIFYWHMCP>
#	G	D	E	R	K	N	Q	S	T	A	V	L	I	F	Y	W	H	M	C	P
0	0.01881	0.02839	0.23197	0.02608	0.14058	0.13029	0.08057	0.02456	0.01987	0.02583	0.09590	0.03017	0.09036	0.01034	0.00850	0.00255	0.01063	0.00888	0.00493	0.01078
1	0.02185	0.02571	0.06510	0.02885	0.22877	0.25356	0.01850	0.02558	0.02014	0.02344	0.02411	0.03105	0.07853	0.01421	0.05372	0.00324	0.01197	0.05648	0.00480	0.01038
2	0.01549	0.00774	0.00774	0.00774	0.00968	0.00774	0.00581	0.01936	0.01742	0.03097	0.02710	0.03097	0.02129	0.00968	0.00581	0.00194	0.00387	0.00774	0.75416	0.00774
3	0.02308	0.01911	0.02246	0.02288	0.13194	0.02107	0.01559	0.20748	0.31837	0.03770	0.03000	0.02925	0.06167	0.01088	0.00846	0.00266	0.00773	0.00904	0.00761	0.01303
4	0.01115	0.00808	0.00845	0.00874	0.01100	0.00714	0.00641	0.01355	0.01813	0.02418	0.06542	0.16352	0.41912	0.01923	0.00903	0.00270	0.00422	0.01624	0.17654	0.00714
5	0.08305	0.39399	0.14445	0.01716	0.02394	0.09746	0.01725	0.02546	0.01704	0.02231	0.01220	0.01476	0.01053	0.00823	0.00831	0.00223	0.08219	0.00514	0.00376	0.01053

[dist]
# distance from previous block
# <min> <max>
0	6

[block]
# block no. 5 follows, 22 sequences, length 46
# corresponding to MSA columns:
# 327-372
name=unknown_F
#
# <colnr> <probs for GDERKNQSTAVLIFYWHMCP>
#	G	D	E	R	K	N	Q	S	T	A	V	L	I	F	Y	W	H	M	C	P
0	0.02315	0.60235	0.04022	0.01503	0.02153	0.05817	0.01443	0.02577	0.01727	0.05478	0.01272	0.01452	0.01122	0.00781	0.00698	0.00195	0.05254	0.00487	0.00396	0.01071
1	0.01005	0.00842	0.00873	0.00865	0.01136	0.00711	0.00649	0.01236	0.01947	0.02372	0.15069	0.07785	0.58552	0.02056	0.00982	0.00278	0.00417	0.01724	0.00788	0.00711
2	0.01073	0.00839	0.00971	0.00950	0.01181	0.00738	0.00708	0.01363	0.02090	0.02739	0.34359	0.10139	0.35997	0.01941	0.00985	0.00274	0.00410	0.01667	0.00837	0.00738
3	0.02399	0.29120	0.03033	0.01784	0.02237	0.27652	0.01501	0.02638	0.01854	0.01988	0.01311	0.01664	0.01179	0.01452	0.08077	0.00339	0.09843	0.00562	0.00394	0.00972
4	0.02745	0.31286	0.03165	0.01849	0.02391	0.41426	0.01531	0.02981	0.02084	0.02001	0.01232	0.01431	0.01068	0.00797	0.00661	0.00199	0.01251	0.00498	0.00399	0.01005
5	0.01249	0.01073	0.01097	0.01050	0.01377	0.01037	0.00799	0.01985	0.17196	0.02547	0.07178	0.06791	0.49855	0.01864	0.00948	0.00281	0.00479	0.01553	0.00790	0.00852
6	0.00982	0.00842	0.00842	0.00842	0.01122	0.00701	0.00631	0.01192	0.01894	0.02244	0.08416	0.07995	0.65285	0.02104	0.00982	0.00281	0.00421	0.01753	0.00771	0.00701
7	0.02017	0.39620	0.14934	0.01615	0.02309	0.09278	0.01652	0.02408	0.01807	0.02154	0.02233	0.02696	0.08210	0.00999	0.00693	0.00222	0.00955	0.04738	0.00435	0.01025
8	0.01376	0.00873	0.01023	0.01086	0.01247	0.00890	0.00804	0.01832	0.06947	0.02635	0.03479	0.23470	0.03499	0.05800	0.04204	0.00354	0.00593	0.08224	0.30891	0.00773
9	0.01005	0.00842	0.00873	0.00866	0.01136	0.00711	0.00649	0.01237	0.01948	0.02373	0.15135	0.07783	0.58486	0.02056	0.00982	0.00278	0.00417	0.01724	0.00788	0.00711
10	0.02478	0.01211	0.01570	0.01295	0.01733	0.01105	0.01033	0.06922	0.02451	0.32334	0.29825	0.04440	0.07285	0.01360	0.00903	0.00259	0.00574	0.01155	0.00955	0.01113
11	0.01890	0.14553	0.03132	0.08849	0.09548	0.04907	0.10053	0.02242	0.01597	0.02163	0.01411	0.02006	0.01249	0.01612	0.09180	0.00405	0.23098	0.00724	0.00387	0.00994
12	0.01003	0.00806	0.00880	0.00936	0.01134	0.00700	0.00664	0.01183	0.01768	0.02173	0.06989	0.25704	0.44631	0.06120	0.01187	0.00326	0.00460	0.01897	0.00756	0.00683
13	0.01208	0.00805	0.00906	0.00906	0.00906	0.00805	0.00503	0.01208	0.01208	0.01611	0.02618	0.05436	0.03020	0.70804	0.04228	0.00805	0.00805	0.01208	0.00503	0.00503
14	0.01750	0.02073	0.13232	0.07905	0.38591	0.01696	0.02261	0.02255	0.01793	0.02543	0.02154	0.15782	0.02103	0.01130	0.00866	0.00270	0.00932	0.01047	0.00471	0.01147
15	0.01862	0.03001	0.31771	0.06317	0.35384	0.01949	0.02774	0.02570	0.01821	0.02654	0.01527	0.01926	0.01189	0.00766	0.00808	0.00255	0.01100	0.00683	0.00382	0.01261
16	0.01666	0.04297	0.66500	0.02368	0.03596	0.01929	0.03069	0.02631	0.01754	0.02631	0.01491	0.01754	0.01052	0.00789	0.00789	0.00263	0.01228	0.00614	0.00351	0.01228
17	0.01937	0.01141	0.01320	0.01159	0.01565	0.01051	0.00909	0.02497	0.10954	0.20832	0.10141	0.05690	0.34227	0.01628	0.00920	0.00273	0.00535	0.01356	0.00865	0.00999
18	0.05818	0.02505	0.02774	0.02400	0.04969	0.22576	0.11679	0.02526	0.01766	0.02234	0.01414	0.04615	0.01294	0.01132	0.01576	0.00293	0.28283	0.00764	0.00419	0.00966
19	0.00990	0.00809	0.00876	0.00929	0.01145	0.00694	0.00670	0.01182	0.01809	0.02210	0.07346	0.25353	0.48617	0.02243	0.01004	0.00296	0.00438	0.01923	0.00771	0.00694
20	0.02442	0.54473	0.03854	0.01601	0.02241	0.19328	0.01467	0.02695	0.01854	0.01974	0.01187	0.01374	0.01067	0.00747	0.00587	0.00187	0.01041	0.00467	0.00374	0.01040
21	0.01081	0.00819	0.01014	0.01141	0.01302	0.00752	0.00862	0.01305	0.01770	0.02251	0.05821	0.34651	0.25361	0.02361	0.01055	0.00329	0.00530	0.16120	0.00770	0.00705
22	0.01514	0.01110	0.01408	0.01316	0.01511	0.01238	0.00982	0.10529	0.03946	0.02384	0.02340	0.03662	0.02253	0.22845	0.38093	0.00993	0.01590	0.00957	0.00532	0.00796
23	0.02282	0.66656	0.04215	0.01471	0.02162	0.07717	0.01434	0.02545	0.01734	0.01960	0.01164	0.01344	0.01066	0.00721	0.00548	0.00180	0.00930	0.00450	0.00360	0.01059
24	0.02589	0.43191	0.03519	0.01721	0.02314	0.30080	0.01498	0.02834	0.01966	0.01987	0.01209	0.01402	0.01068	0.00771	0.00623	0.00193	0.01143	0.00482	0.00386	0.01023
25	0.01783	0.01670	0.05517	0.02262	0.17629	0.05913	0.01443	0.02338	0.08552	0.06575	0.09288	0.04134	0.14042	0.10415	0.04508	0.00381	0.00859	0.01071	0.00622	0.00998
26	0.01901	0.01222	0.01375	0.01187	0.01596	0.01161	0.00936	0.10925	0.05992	0.14984	0.11647	0.05683	0.34806	0.01643	0.00924	0.00270	0.00558	0.01361	0.00847	0.00984
27	0.01198	0.00844	0.01101	0.01101	0.01168	0.00911	0.00746	0.01333	0.01266	0.01755	0.02439	0.04450	0.02592	0.41497	0.32950	0.01046	0.01450	0.01064	0.00477	0.00612
28	0.02424	0.03993	0.29645	0.05196	0.03145	0.36679	0.02259	0.02972	0.02068	0.02291	0.01381	0.01639	0.01064	0.00827	0.00770	0.00238	0.01366	0.00578	0.00393	0.01074
29	0.02785	0.02818	0.02640	0.02160	0.02692	0.26921	0.08714	0.24123	0.07028	0.03327	0.01751	0.01952	0.01353	0.01136	0.03410	0.00288	0.04443	0.00712	0.00595	0.01153
30	0.00991	0.00808	0.00877	0.00932	0.01146	0.00694	0.00671	0.01182	0.01807	0.02209	0.07316	0.25849	0.48142	0.02247	0.01004	0.00297	0.00438	0.01928	0.00771	0.00694
31	0.02091	0.01918	0.02700	0.21917	0.26454	0.05696	0.02097	0.10850	0.04847	0.02865	0.01689	0.02142	0.01336	0.00881	0.00932	0.00260	0.05340	0.00739	0.04098	0.01146
32	0.01732	0.09225	0.07063	0.02919	0.26705	0.01743	0.05127	0.02288	0.05824	0.02544	0.03463	0.04040	0.16402	0.01213	0.00864	0.00264	0.00845	0.06114	0.00543	0.01083
33	0.01011	0.00729	0.00958	0.01142	0.01201	0.00676	0.00765	0.01158	0.01605	0.02127	0.04759	0.67330	0.08311	0.02579	0.01057	0.00335	0.00479	0.02333	0.00771	0.00676
34	0.02221	0.71304	0.04353	0.01421	0.02132	0.03287	0.01421	0.02488	0.01688	0.01955	0.01155	0.01333	0.01066	0.00711	0.00533	0.00178	0.00888	0.00444	0.00355	0.01066
35	0.02608	0.28750	0.03123	0.01878	0.02356	0.35134	0.01564	0.02837	0.01966	0.01999	0.01211	0.01478	0.01071	0.00880	0.00926	0.00220	0.10086	0.00526	0.00393	0.00994
36	0.01161	0.00959	0.01040	0.01043	0.01326	0.00889	0.00814	0.01637	0.08601	0.02480	0.10917	0.07551	0.46326	0.02000	0.00991	0.00294	0.00493	0.09908	0.00788	0.00781
37	0.01021	0.00843	0.00895	0.00882	0.01146	0.00718	0.00662	0.01267	0.01985	0.02461	0.19757	0.07637	0.53808	0.02023	0.00981	0.00277	0.00415	0.01703	0.00800	0.00718
38	0.01528	0.01403	0.01871	0.01714	0.01815	0.04613	0.01380	0.01775	0.01355	0.01962	0.01723	0.02598	0.01632	0.04053	0.38245	0.00891	0.29404	0.00808	0.00411	0.00819
39	0.02272	0.02153	0.01909	0.01804	0.05056	0.21284	0.01334	0.15230	0.02271	0.02862	0.01928	0.02383	0.01604	0.02523	0.20965	0.00560	0.01418	0.00730	0.10731	0.00983
40	0.01721	0.01161	0.01339	0.01209	0.01441	0.01254	0.00898	0.15288	0.01972	0.02857	0.02401	0.03562	0.02211	0.22325	0.18551	0.00669	0.01089	0.00922	0.18299	0.00832
41	0.03103	0.03959	0.02354	0.02140	0.02568	0.67469	0.01605	0.03317	0.02354	0.02033	0.01284	0.01498	0.01070	0.00856	0.00749	0.00214	0.01498	0.00535	0.00428	0.00963
42	0.01164	0.01011	0.01343	0.20374	0.02457	0.01031	0.01135	0.01476	0.01820	0.02257	0.09215	0.12917	0.37230	0.01769	0.00947	0.00284	0.00623	0.01513	0.00664	0.00767
43	0.01831	0.01878	0.02326	0.02026	0.02151	0.10301	0.04174	0.02067	0.01452	0.02014	0.01416	0.02147	0.01335	0.02509	0.18169	0.00578	0.41593	0.00753	0.00394	0.00884
44	0.03106	0.03863	0.02362	0.02127	0.02569	0.63642	0.01604	0.06828	0.02446	0.02222	0.01326	0.01527	0.01090	0.00864	0.00754	0.00216	0.01464	0.00548	0.00452	0.00990
45	0.01668	0.01436	0.02294	0.02626	0.21966	0.01380	0.08604	0.02187	0.05052	0.05678	0.21939	0.04448	0.14626	0.01293	0.00918	0.00263	0.00730	0.01188	0.00674	0.01030

[dist]
# distance from previous block
# <min> <max>
0	1

[block]
# block no. 6 follows, 22 sequences, length 60
# corresponding to MSA columns:
# 374-433
name=unknown_G
#
# <colnr> <probs for GDERKNQSTAVLIFYWHMCP>
#	G	D	E	R	K	N	Q	S	T	A	V	L	I	F	Y	W	H	M	C	P
0	0.01038	0.00783	0.00923	0.01007	0.01138	0.00708	0.00688	0.01201	0.01690	0.02169	0.09341	0.36137	0.25957	0.11537	0.01454	0.00376	0.00499	0.01944	0.00744	0.00668
1	0.02056	0.01974	0.03372	0.05099	0.65622	0.01974	0.02550	0.02550	0.01892	0.02714	0.01563	0.02056	0.01316	0.00740	0.00822	0.00247	0.00987	0.00740	0.00411	0.01316
2	0.17590	0.01535	0.01803	0.04377	0.02185	0.01557	0.01226	0.03729	0.15535	0.37560	0.02805	0.02570	0.01892	0.00991	0.00774	0.00263	0.00701	0.00778	0.00859	0.01270
3	0.03103	0.03959	0.02354	0.02140	0.02568	0.67469	0.01605	0.03317	0.02354	0.02033	0.01284	0.01498	0.01070	0.00856	0.00749	0.00214	0.01498	0.00535	0.00428	0.00963
4	0.01054	0.00844	0.00941	0.00917	0.01166	0.00732	0.00688	0.01331	0.02063	0.02647	0.29432	0.07332	0.44018	0.01954	0.00981	0.00273	0.00410	0.01660	0.00824	0.00732
5	0.01549	0.00774	0.00774	0.00774	0.00968	0.00774	0.00581	0.01936	0.01742	0.03097	0.02710	0.03097	0.02129	0.00968	0.00581	0.00194	0.00387	0.00774	0.75416	0.00774
6	0.00982	0.00842	0.00842	0.00842	0.01122	0.00701	0.00631	0.01192	0.01894	0.02244	0.08416	0.07995	0.65285	0.02104	0.00982	0.00281	0.00421	0.01753	0.00771	0.00701
7	0.76672	0.01607	0.01221	0.01092	0.01607	0.01864	0.00900	0.02442	0.01414	0.03727	0.01157	0.01350	0.00900	0.00771	0.00514	0.00257	0.00643	0.00450	0.00514	0.00900
8	0.01208	0.00805	0.00906	0.00906	0.00906	0.00805	0.00503	0.01208	0.01208	0.01611	0.02618	0.05436	0.03020	0.70804	0.04228	0.00805	0.00805	0.01208	0.00503	0.00503
9	0.02221	0.71304	0.04353	0.01421	0.02132	0.03287	0.01421	0.02488	0.01688	0.01955	0.01155	0.01333	0.01066	0.00711	0.00533	0.00178	0.00888	0.00444	0.00355	0.01066
10	0.02066	0.01785	0.01878	0.01691	0.02160	0.02066	0.01315	0.04414	0.64121	0.03475	0.03381	0.03099	0.02536	0.01127	0.00845	0.00282	0.00657	0.00939	0.00845	0.01315
11	0.01569	0.01477	0.02492	0.68808	0.05722	0.01846	0.02307	0.02123	0.01661	0.02123	0.01477	0.02215	0.01107	0.00831	0.00831	0.00277	0.01107	0.00738	0.00369	0.00923
12	0.02891	0.07266	0.02407	0.01925	0.02438	0.35990	0.01513	0.22020	0.05600	0.03120	0.02029	0.02112	0.05136	0.00980	0.00780	0.00230	0.01172	0.00689	0.00591	0.01112
13	0.03158	0.02327	0.02493	0.01911	0.02576	0.02576	0.01579	0.62852	0.03906	0.05236	0.01995	0.01995	0.01413	0.00997	0.00831	0.00249	0.00914	0.00748	0.00831	0.01413
14	0.27459	0.02319	0.01939	0.01616	0.02155	0.15151	0.01298	0.27249	0.02638	0.03968	0.01618	0.01748	0.01218	0.00892	0.00694	0.00241	0.00908	0.00608	0.05164	0.01114
15	0.01144	0.00900	0.01067	0.01030	0.01290	0.00773	0.00757	0.01411	0.01926	0.02586	0.22713	0.22082	0.25481	0.01912	0.00951	0.00268	0.00454	0.01663	0.00775	0.10817
16	0.01826	0.01801	0.02474	0.02114	0.02171	0.02457	0.01755	0.02129	0.04555	0.02107	0.01226	0.01880	0.01172	0.01400	0.02536	0.00349	0.62718	0.00728	0.00394	0.04208
17	0.01012	0.00723	0.00964	0.01157	0.01205	0.00675	0.00771	0.01157	0.01591	0.02121	0.04579	0.70262	0.05495	0.02603	0.01060	0.00337	0.00482	0.02362	0.00771	0.00675
18	0.03103	0.03959	0.02354	0.02140	0.02568	0.67469	0.01605	0.03317	0.02354	0.02033	0.01284	0.01498	0.01070	0.00856	0.00749	0.00214	0.01498	0.00535	0.00428	0.00963
19	0.02590	0.03146	0.03123	0.08690	0.07185	0.39747	0.18354	0.02984	0.02156	0.02254	0.01427	0.01799	0.01140	0.00804	0.00824	0.00240	0.01405	0.00687	0.00420	0.01024
20	0.01001	0.00842	0.00868	0.00862	0.01134	0.00710	0.00646	0.01230	0.01939	0.02352	0.14061	0.07817	0.59573	0.02064	0.00982	0.00279	0.00418	0.01728	0.00786	0.00710
21	0.00990	0.00809	0.00875	0.00927	0.01145	0.00694	0.00669	0.01183	0.01811	0.02211	0.07370	0.24968	0.48987	0.02240	0.01003	0.00296	0.00437	0.01919	0.00771	0.00694
22	0.01026	0.00837	0.00908	0.00903	0.01153	0.00718	0.00672	0.01274	0.01980	0.02480	0.20845	0.10726	0.49508	0.02039	0.00985	0.00279	0.00417	0.01728	0.00803	0.00718
23	0.02006	0.04217	0.51336	0.02314	0.03353	0.17422	0.02723	0.02793	0.01896	0.02490	0.01442	0.01693	0.01057	0.00805	0.00780	0.00251	0.01292	0.00595	0.00369	0.01165
24	0.02744	0.02121	0.02260	0.01828	0.02418	0.02383	0.01479	0.40684	0.26748	0.04568	0.02521	0.02414	0.01839	0.01047	0.00836	0.00262	0.00817	0.00821	0.00836	0.01376
25	0.01012	0.00723	0.00964	0.01157	0.01205	0.00675	0.00771	0.01157	0.01591	0.02121	0.04579	0.70262	0.05495	0.02603	0.01060	0.00337	0.00482	0.02362	0.00771	0.00675
26	0.02810	0.03188	0.02344	0.05082	0.02632	0.42481	0.01620	0.11427	0.09313	0.02634	0.01606	0.01806	0.01284	0.00958	0.00953	0.00243	0.07406	0.00636	0.00521	0.01057
27	0.01979	0.01376	0.01646	0.01407	0.01725	0.01506	0.03819	0.19060	0.02296	0.03447	0.02539	0.11207	0.02215	0.01221	0.00944	0.00249	0.07445	0.00974	0.33972	0.00971
28	0.01010	0.00730	0.00957	0.01138	0.01200	0.00676	0.00763	0.01159	0.01609	0.02128	0.04811	0.66490	0.09117	0.02572	0.01056	0.00334	0.00478	0.02325	0.00771	0.00676
29	0.03103	0.03959	0.02354	0.02140	0.02568	0.67469	0.01605	0.03317	0.02354	0.02033	0.01284	0.01498	0.01070	0.00856	0.00749	0.00214	0.01498	0.00535	0.00428	0.00963
