[name]
unknown

[dist]
# distance from previous block
# <min> <max>
0	0

[block]
# block no. 0 follows, 22 sequences, length 9
# corresponding to MSA columns:
# 0-8
name=unknown_A
#
# <colnr> <probs for GDERKNQSTAVLIFYWHMCP>
#	G	D	E	R	K	N	Q	S	T	A	V	L	I	F	Y	W	H	M	C	P
0	0.01339	0.00956	0.01339	0.01530	0.01721	0.00956	0.01339	0.01721	0.01912	0.02486	0.04399	0.09371	0.04781	0.02295	0.01147	0.00382	0.00765	0.60031	0.00765	0.00765
1	0.02654	0.02954	0.02452	0.11151	0.10581	0.36028	0.01773	0.09530	0.09932	0.02644	0.01675	0.01908	0.01321	0.00887	0.00789	0.00238	0.01220	0.00659	0.00512	0.01091
2	0.01665	0.01530	0.02358	0.15931	0.29649	0.01591	0.01879	0.02242	0.06719	0.02535	0.03462	0.04060	0.16252	0.01213	0.00886	0.00273	0.00839	0.05312	0.00545	0.01059
3	0.01065	0.00758	0.00994	0.01112	0.01191	0.00710	0.00754	0.01256	0.01739	0.02363	0.18486	0.50580	0.05854	0.07473	0.01278	0.00355	0.00485	0.02076	0.00784	0.00687
4	0.01433	0.00785	0.00997	0.00997	0.01121	0.00819	0.00729	0.01570	0.01446	0.02321	0.02209	0.02959	0.01906	0.02763	0.16726	0.23723	0.00911	0.00785	0.35160	0.00640
5	0.01014	0.00811	0.00907	0.00950	0.01159	0.00704	0.00687	0.01229	0.01869	0.02344	0.14341	0.24372	0.42319	0.02187	0.01003	0.00293	0.00434	0.01885	0.00789	0.00704
6	0.01139	0.00797	0.01018	0.01081	0.01129	0.00813	0.00707	0.01251	0.01361	0.01847	0.03177	0.26262	0.03629	0.34420	0.16887	0.00766	0.01007	0.01518	0.00579	0.00611
7	0.01338	0.00923	0.01116	0.01109	0.01310	0.00878	0.00813	0.01703	0.06487	0.05945	0.18795	0.16865	0.18817	0.10424	0.01497	0.04082	0.00545	0.05820	0.00770	0.00764
8	0.25152	0.01364	0.01600	0.07412	0.02116	0.01385	0.01135	0.02886	0.02015	0.28751	0.14926	0.03003	0.02782	0.01067	0.00767	0.00260	0.00661	0.00844	0.00789	0.01086

[dist]
# distance from previous block
# <min> <max>
5	8

[block]
# block no. 1 follows, 22 sequences, length 13
# corresponding to MSA columns:
# 17-29
name=unknown_B
#
# <colnr> <probs for GDERKNQSTAVLIFYWHMCP>
#	G	D	E	R	K	N	Q	S	T	A	V	L	I	F	Y	W	H	M	C	P
0	0.02000	0.10252	0.02388	0.06996	0.02346	0.17893	0.01537	0.02233	0.01728	0.02057	0.02542	0.02867	0.13065	0.01296	0.01520	0.00284	0.26799	0.00840	0.00455	0.00903
1	0.01729	0.01258	0.01452	0.01325	0.01592	0.01289	0.00968	0.19348	0.02263	0.03062	0.08093	0.29089	0.03785	0.15131	0.01576	0.00385	0.00671	0.01501	0.00734	0.04748
2	0.02004	0.01281	0.01353	0.01165	0.01475	0.01361	0.00888	0.21439	0.02340	0.03509	0.02462	0.03178	0.02065	0.14011	0.01342	0.00326	0.00635	0.00847	0.37389	0.00930
3	0.02789	0.03364	0.02659	0.03027	0.21467	0.47839	0.01888	0.03087	0.02216	0.02237	0.01368	0.01665	0.01144	0.00821	0.00771	0.00224	0.01345	0.00597	0.00423	0.01069
4	0.02854	0.02885	0.02249	0.01919	0.02369	0.32776	0.01504	0.23604	0.02738	0.03249	0.01666	0.01865	0.01303	0.00965	0.00918	0.00236	0.06603	0.00649	0.08556	0.01094
5	0.01419	0.00908	0.01157	0.01061	0.01317	0.00818	0.00808	0.01776	0.02286	0.09870	0.50079	0.06114	0.15829	0.01688	0.00965	0.00264	0.00430	0.01469	0.00905	0.00839
6	0.01818	0.01880	0.01515	0.01407	0.01779	0.17443	0.01069	0.02653	0.20180	0.02552	0.05200	0.04975	0.31241	0.01513	0.00885	0.00265	0.00754	0.01217	0.00709	0.00945
7	0.15899	0.23473	0.24671	0.02323	0.13613	0.02332	0.02080	0.02538	0.01695	0.02647	0.01340	0.01605	0.01074	0.00754	0.00667	0.00234	0.00975	0.00554	0.00393	0.01133
8	0.02265	0.02493	0.03379	0.03775	0.31449	0.17762	0.15124	0.02706	0.01960	0.02473	0.01477	0.01940	0.01224	0.00826	0.01016	0.00257	0.07570	0.00741	0.00413	0.01151
9	0.02018	0.06814	0.02198	0.01756	0.02044	0.14505	0.04221	0.07019	0.01835	0.02432	0.01736	0.02285	0.01503	0.02281	0.17065	0.00515	0.16844	0.00729	0.11278	0.00921
10	0.01768	0.09155	0.07155	0.01755	0.06475	0.01819	0.01384	0.03087	0.31751	0.02861	0.03920	0.08317	0.14500	0.01319	0.00847	0.00270	0.00693	0.01102	0.00704	0.01119
11	0.19979	0.01245	0.01342	0.01206	0.01587	0.01229	0.00908	0.02193	0.06847	0.08558	0.02611	0.19801	0.02584	0.06926	0.01157	0.03912	0.00620	0.01099	0.00643	0.15551
12	0.16875	0.02279	0.02212	0.06673	0.10397	0.15936	0.01566	0.19384	0.02420	0.06235	0.01670	0.01926	0.01290	0.01297	0.06046	0.00331	0.01103	0.00659	0.00579	0.01120

[dist]
# distance from previous block
# <min> <max>
28	43

[block]
# block no. 2 follows, 22 sequences, length 7
# corresponding to MSA columns:
# 74-80
name=unknown_C
#
# <colnr> <probs for GDERKNQSTAVLIFYWHMCP>
#	G	D	E	R	K	N	Q	S	T	A	V	L	I	F	Y	W	H	M	C	P
0	0.01854	0.01867	0.02516	0.28395	0.18832	0.10509	0.02037	0.02276	0.01725	0.02213	0.01551	0.02205	0.01298	0.01687	0.11100	0.00429	0.07379	0.00734	0.00398	0.00995
1	0.01807	0.01488	0.01986	0.02223	0.17180	0.01411	0.01360	0.11118	0.02018	0.02856	0.02410	0.18365	0.02446	0.07432	0.01125	0.00284	0.00736	0.01096	0.00591	0.22069
2	0.02349	0.01527	0.01942	0.02146	0.15088	0.07027	0.01367	0.02691	0.02164	0.23669	0.17825	0.12295	0.03663	0.01323	0.00890	0.00263	0.00729	0.01152	0.00785	0.01104
3	0.01962	0.01878	0.03203	0.17338	0.54115	0.01949	0.02503	0.02468	0.01847	0.02600	0.01546	0.02087	0.01276	0.00758	0.00824	0.00253	0.01010	0.00740	0.00403	0.01240
4	0.02160	0.02437	0.01820	0.04976	0.02193	0.32825	0.01314	0.02602	0.08443	0.02211	0.02759	0.18191	0.05996	0.01791	0.06206	0.00347	0.01153	0.01109	0.00569	0.00898
5	0.01592	0.01155	0.01135	0.06965	0.01596	0.07175	0.00867	0.01964	0.01904	0.02880	0.13020	0.03763	0.07929	0.01154	0.00715	0.00221	0.00559	0.00945	0.43660	0.00801
6	0.01913	0.01470	0.01973	0.16951	0.06284	0.01675	0.01531	0.03047	0.24985	0.09260	0.02560	0.02854	0.01985	0.02263	0.16963	0.00531	0.01162	0.00860	0.00636	0.01098

[dist]
# distance from previous block
# <min> <max>
3	13

[block]
# block no. 3 follows, 22 sequences, length 6
# corresponding to MSA columns:
# 94-99
name=unknown_D
#
# <colnr> <probs for GDERKNQSTAVLIFYWHMCP>
#	G	D	E	R	K	N	Q	S	T	A	V	L	I	F	Y	W	H	M	C	P
0	0.02284	0.10895	0.07775	0.09594	0.30903	0.19788	0.02176	0.02716	0.01961	0.02379	0.01426	0.01812	0.01181	0.00780	0.00766	0.00234	0.01142	0.00640	0.00401	0.01148
1	0.01843	0.01664	0.02432	0.08838	0.30118	0.01774	0.01850	0.02856	0.21041	0.02799	0.02622	0.13805	0.02374	0.01179	0.00870	0.00275	0.00811	0.01073	0.00602	0.01175
2	0.05351	0.01549	0.01680	0.05104	0.02024	0.05333	0.01197	0.15470	0.09590	0.06584	0.02329	0.02671	0.01836	0.02276	0.17264	0.00510	0.01119	0.00790	0.16296	0.01027
3	0.07992	0.01203	0.01535	0.12513	0.02177	0.01295	0.01134	0.08555	0.01903	0.02766	0.16847	0.03571	0.03100	0.10301	0.08365	0.09434	0.00881	0.00953	0.00593	0.04882
4	0.01899	0.05405	0.02280	0.01718	0.02132	0.01847	0.07182	0.10530	0.04370	0.02848	0.02510	0.02789	0.09118	0.01141	0.01273	0.00255	0.18531	0.00837	0.09432	0.13903
5	0.10060	0.12148	0.16251	0.02320	0.10145	0.24896	0.01930	0.08241	0.02129	0.02692	0.01395	0.01627	0.01109	0.00813	0.00722	0.00231	0.01161	0.00575	0.00445	0.01109

[dist]
# distance from previous block
# <min> <max>
0	9

[block]
# block no. 4 follows, 22 sequences, length 7
# corresponding to MSA columns:
# 109-115
name=unknown_E
#
# <colnr> <probs for GDERKNQSTAVLIFYWHMCP>
#	G	D	E	R	K	N	Q	S	T	A	V	L	I	F	Y	W	H	M	C	P
0	0.24100	0.01365	0.05734	0.01162	0.01564	0.01279	0.01001	0.02039	0.01542	0.02929	0.01924	0.02392	0.01588	0.02166	0.17135	0.00493	0.00999	0.00668	0.22177	0.07743
1	0.07267	0.02652	0.33473	0.01701	0.02482	0.01442	0.01924	0.02258	0.01807	0.08417	0.03641	0.09282	0.17705	0.01297	0.00845	0.00273	0.00868	0.01059	0.00568	0.01040
2	0.01784	0.01707	0.02974	0.03144	0.23448	0.01717	0.17303	0.05082	0.01986	0.02759	0.10532	0.10374	0.05834	0.01193	0.01061	0.00278	0.06073	0.01129	0.00553	0.01069
3	0.02161	0.17851	0.03352	0.02282	0.06489	0.09165	0.20328	0.02552	0.01912	0.08197	0.06557	0.02689	0.01985	0.09498	0.01232	0.00309	0.01056	0.00849	0.00509	0.01028
4	0.01620	0.01291	0.01791	0.22553	0.02915	0.01444	0.01424	0.10103	0.01876	0.02583	0.02342	0.07587	0.04252	0.05276	0.18650	0.00563	0.01215	0.00934	0.05053	0.06526
5	0.12453	0.01408	0.01966	0.18329	0.16303	0.01521	0.01565	0.02170	0.05570	0.02858	0.17129	0.03644	0.09518	0.01156	0.00834	0.00265	0.00748	0.00993	0.00597	0.00972
6	0.04594	0.11691	0.01979	0.01418	0.01779	0.08810	0.01100	0.05882	0.07676	0.02437	0.02327	0.13966	0.02364	0.14708	0.01549	0.00351	0.04867	0.01012	0.00562	0.10929

[dist]
# distance from previous block
# <min> <max>
0	3

[block]
# block no. 5 follows, 22 sequences, length 19
# corresponding to MSA columns:
# 119-137
name=unknown_F
#
# <colnr> <probs for GDERKNQSTAVLIFYWHMCP>
#	G	D	E	R	K	N	Q	S	T	A	V	L	I	F	Y	W	H	M	C	P
0	0.12170	0.01751	0.02648	0.13938	0.27362	0.01863	0.05863	0.08710	0.02009	0.02986	0.01956	0.03046	0.01732	0.01008	0.00840	0.00275	0.00946	0.09271	0.00514	0.01113
1	0.22633	0.01746	0.04735	0.14136	0.10518	0.01785	0.12200	0.02467	0.06616	0.02989	0.08503	0.02603	0.03825	0.00931	0.00787	0.00267	0.00888	0.00822	0.00529	0.01018
2	0.26194	0.01848	0.02194	0.25259	0.14961	0.07703	0.01775	0.02544	0.05317	0.02823	0.01482	0.01893	0.01158	0.00814	0.00720	0.00260	0.00943	0.00639	0.00457	0.01014
3	0.09685	0.02368	0.07280	0.02294	0.08094	0.14253	0.09862	0.09187	0.02028	0.02885	0.01605	0.01978	0.01285	0.00943	0.01085	0.00260	0.12507	0.00699	0.10659	0.01044
4	0.02210	0.02273	0.03008	0.08179	0.45337	0.13397	0.02261	0.02823	0.07472	0.02627	0.01670	0.02061	0.01368	0.00800	0.00812	0.00246	0.01054	0.00722	0.00450	0.01230
5	0.01411	0.01301	0.06225	0.01197	0.01577	0.01073	0.01001	0.02063	0.13088	0.06584	0.06121	0.14708	0.36841	0.01824	0.00943	0.00286	0.00553	0.01541	0.00768	0.00895
6	0.01579	0.01061	0.01192	0.01090	0.01286	0.01061	0.00729	0.02041	0.11581	0.06262	0.02689	0.04394	0.02658	0.43811	0.02881	0.00581	0.00728	0.01046	0.05936	0.07392
7	0.01160	0.00847	0.01198	0.01232	0.01338	0.00936	0.00902	0.01380	0.01358	0.01909	0.02702	0.15314	0.02831	0.16447	0.45290	0.01072	0.01683	0.01200	0.00512	0.00690
8	0.01220	0.00869	0.01018	0.00985	0.01094	0.00829	0.00626	0.01319	0.01400	0.01903	0.06337	0.10064	0.07680	0.46620	0.07484	0.00679	0.00810	0.01265	0.00559	0.07240
9	0.02606	0.02267	0.02400	0.09095	0.02764	0.11208	0.01663	0.33277	0.02812	0.03667	0.01701	0.02010	0.01325	0.01413	0.05907	0.00345	0.13032	0.00724	0.00618	0.01164
10	0.02206	0.02397	0.02226	0.09726	0.13196	0.25832	0.01646	0.02853	0.11546	0.02492	0.07655	0.02695	0.04239	0.01411	0.06010	0.00331	0.01162	0.00809	0.00539	0.01030
11	0.17060	0.13386	0.06389	0.01882	0.10600	0.01833	0.01421	0.02767	0.06750	0.14426	0.12956	0.02719	0.02540	0.00994	0.00742	0.00245	0.00737	0.00790	0.00651	0.01110
12	0.06145	0.01431	0.02231	0.07994	0.09093	0.01517	0.12207	0.01965	0.01735	0.02525	0.03460	0.07188	0.17038	0.01298	0.01109	0.00278	0.10066	0.01098	0.10715	0.00910
13	0.06388	0.04374	0.01739	0.06581	0.02033	0.01596	0.01170	0.19066	0.02334	0.05883	0.08002	0.02849	0.02251	0.01897	0.11957	0.00419	0.00949	0.00821	0.18684	0.01005
14	0.14750	0.01729	0.07318	0.05194	0.06996	0.05261	0.01360	0.02381	0.09093	0.05995	0.03934	0.06196	0.19037	0.01371	0.00842	0.00277	0.00746	0.05908	0.00641	0.00970
15	0.07529	0.02851	0.02397	0.06080	0.02736	0.30792	0.04925	0.18399	0.05826	0.03128	0.01616	0.01801	0.01248	0.00874	0.00768	0.00230	0.01157	0.00640	0.00559	0.06444
16	0.16252	0.02190	0.02336	0.19913	0.14185	0.14904	0.01798	0.09144	0.06487	0.02938	0.01585	0.01923	0.01232	0.00848	0.00755	0.00253	0.01023	0.00660	0.00499	0.01075
17	0.01653	0.01424	0.02152	0.23278	0.13984	0.01691	0.01713	0.02016	0.01573	0.02294	0.01774	0.02691	0.01572	0.10482	0.01641	0.00347	0.14999	0.00806	0.13002	0.00906
18	0.01663	0.08946	0.01913	0.01560	0.01814	0.10404	0.01268	0.02035	0.04261	0.02090	0.02231	0.03504	0.02132	0.03807	0.34707	0.00814	0.06944	0.08574	0.00486	0.00847

[dist]
# distance from previous block
# <min> <max>
54	140

[block]
# block no. 6 follows, 22 sequences, length 48
# corresponding to MSA columns:
# 306-353
name=unknown_G
#
# <colnr> <probs for GDERKNQSTAVLIFYWHMCP>
#	G	D	E	R	K	N	Q	S	T	A	V	L	I	F	Y	W	H	M	C	P
0	0.06886	0.02292	0.17490	0.01824	0.02497	0.01818	0.05040	0.08036	0.23573	0.08837	0.03009	0.05992	0.06819	0.01123	0.00836	0.00273	0.00834	0.00935	0.00687	0.01196
1	0.20321	0.09272	0.06336	0.01764	0.05641	0.07445	0.01418	0.21653	0.02352	0.03498	0.01768	0.05193	0.01530	0.07191	0.01029	0.00295	0.00888	0.00735	0.00587	0.01084
2	0.19424	0.11032	0.01921	0.05832	0.04926	0.01621	0.01248	0.02046	0.01649	0.02661	0.05570	0.03583	0.02308	0.02069	0.12751	0.00452	0.01014	0.11772	0.00533	0.07589
3	0.02034	0.05498	0.01907	0.01474	0.02018	0.05635	0.01195	0.07276	0.12957	0.06804	0.04742	0.05781	0.02356	0.01107	0.00787	0.00223	0.00727	0.08190	0.00662	0.28627
4	0.02363	0.26201	0.02873	0.01767	0.05677	0.16306	0.01398	0.07439	0.02052	0.05347	0.01693	0.06955	0.01527	0.00911	0.00689	0.00201	0.00939	0.00680	0.00500	0.14481
5	0.01913	0.04711	0.06239	0.06189	0.03085	0.02227	0.21221	0.02336	0.01650	0.05132	0.04328	0.02196	0.01492	0.01111	0.01726	0.00311	0.31850	0.00832	0.00435	0.01015
6	0.01938	0.01971	0.07860	0.06713	0.06500	0.06616	0.04800	0.12023	0.04536	0.02922	0.02379	0.15139	0.02275	0.01224	0.00846	0.00251	0.00872	0.04272	0.00593	0.16272
7	0.07054	0.03528	0.02320	0.02041	0.02518	0.51811	0.01562	0.14412	0.02594	0.02723	0.01410	0.01583	0.01125	0.00878	0.00752	0.00223	0.01343	0.00570	0.00508	0.01044
8	0.01922	0.24306	0.43896	0.02071	0.03094	0.06450	0.02485	0.02631	0.01772	0.02391	0.01377	0.01612	0.01058	0.00770	0.00710	0.00234	0.01143	0.00558	0.00357	0.01163
9	0.02019	0.03438	0.40652	0.02394	0.03403	0.02086	0.11271	0.14042	0.06970	0.03187	0.01758	0.01973	0.01264	0.00841	0.00829	0.00264	0.01150	0.00717	0.00489	0.01254
10	0.02858	0.03544	0.02433	0.10211	0.06794	0.55700	0.01746	0.03129	0.02244	0.02085	0.01324	0.01617	0.01090	0.00846	0.00763	0.00223	0.01421	0.00572	0.00420	0.00980
11	0.01092	0.00757	0.00940	0.01054	0.01083	0.00728	0.00662	0.01178	0.01434	0.01912	0.03777	0.43768	0.04483	0.30476	0.02355	0.00529	0.00614	0.01890	0.00662	0.00605
12	0.09336	0.08110	0.18369	0.01862	0.02609	0.12191	0.01807	0.15466	0.04967	0.14667	0.01909	0.01946	0.01360	0.00892	0.00758	0.00245	0.01009	0.00655	0.00620	0.01221
13	0.02256	0.02535	0.11733	0.03571	0.26911	0.06341	0.16842	0.13922	0.02297	0.03118	0.01645	0.02014	0.01270	0.00793	0.00853	0.00255	0.01137	0.00770	0.00485	0.01253
14	0.03544	0.01379	0.01883	0.01482	0.02090	0.01201	0.01230	0.03870	0.02342	0.61311	0.03363	0.03329	0.02265	0.01125	0.00859	0.00267	0.00711	0.05375	0.01008	0.01364
15	0.01212	0.00910	0.01166	0.01297	0.01510	0.00864	0.01091	0.01530	0.01893	0.02394	0.05674	0.11551	0.23907	0.02248	0.01091	0.00348	0.00644	0.39162	0.00767	0.00741
16	0.02013	0.02162	0.07206	0.04595	0.48650	0.01999	0.15845	0.02579	0.01899	0.02698	0.01585	0.02080	0.01289	0.00734	0.00855	0.00255	0.01092	0.00786	0.00410	0.01268
17	0.01883	0.01827	0.03198	0.26570	0.40318	0.01941	0.07362	0.02414	0.01819	0.02509	0.01543	0.02125	0.01241	0.00768	0.00838	0.00260	0.01061	0.00759	0.00398	0.01167
18	0.03429	0.01480	0.01919	0.01516	0.02128	0.01373	0.01238	0.04114	0.13479	0.54921	0.03296	0.02876	0.02143	0.01046	0.00837	0.00261	0.00698	0.00854	0.00995	0.01396
19	0.01685	0.04164	0.62522	0.02441	0.03644	0.01940	0.06914	0.02633	0.01767	0.02633	0.01503	0.01785	0.01066	0.00784	0.00802	0.00264	0.01239	0.00638	0.00355	0.01221
20	0.02132	0.17546	0.33322	0.05810	0.06960	0.11302	0.02334	0.02757	0.01868	0.06491	0.01512	0.01744	0.01142	0.00797	0.00738	0.00238	0.01141	0.00597	0.00411	0.01159
21	0.01187	0.00890	0.01335	0.01335	0.01483	0.01038	0.01038	0.01483	0.01335	0.01928	0.02225	0.03264	0.02077	0.06231	0.67512	0.01335	0.02225	0.00890	0.00445	0.00742
22	0.01002	0.00838	0.00847	0.00847	0.01103	0.00711	0.00620	0.01194	0.01832	0.02188	0.07897	0.07766	0.59717	0.08247	0.01272	0.00327	0.00455	0.01705	0.00747	0.00684
23	0.02056	0.01974	0.03372	0.05099	0.65622	0.01974	0.02550	0.02550	0.01892	0.02714	0.01563	0.02056	0.01316	0.00740	0.00822	0.00247	0.00987	0.00740	0.00411	0.01316
24	0.76672	0.01607	0.01221	0.01092	0.01607	0.01864	0.00900	0.02442	0.01414	0.03727	0.01157	0.01350	0.00900	0.00771	0.00514	0.00257	0.00643	0.00450	0.00514	0.00900
25	0.02056	0.01974	0.03372	0.05099	0.65622	0.01974	0.02550	0.02550	0.01892	0.02714	0.01563	0.02056	0.01316	0.00740	0.00822	0.00247	0.00987	0.00740	0.00411	0.01316
26	0.01731	0.03878	0.54480	0.02718	0.08773	0.01952	0.09633	0.02628	0.01788	0.02641	0.01518	0.01833	0.01097	0.00775	0.00813	0.00264	0.01227	0.00665	0.00363	0.01223
27	0.02221	0.71304	0.04353	0.01421	0.02132	0.03287	0.01421	0.02488	0.01688	0.01955	0.01155	0.01333	0.01066	0.00711	0.00533	0.00178	0.00888	0.00444	0.00355	0.01066
28	0.02459	0.53108	0.03813	0.01616	0.02250	0.20629	0.01471	0.02712	0.01868	0.01976	0.01190	0.01377	0.01067	0.00750	0.00591	0.00188	0.01053	0.00469	0.00375	0.01038
29	0.01041	0.00837	0.00929	0.00921	0.01162	0.00724	0.00685	0.01301	0.02011	0.02559	0.25023	0.11269	0.44588	0.02014	0.00986	0.00278	0.00416	0.01716	0.00814	0.00724
30	0.00991	0.00806	0.00879	0.00937	0.01147	0.00693	0.00674	0.01181	0.01802	0.02207	0.07255	0.26824	0.47205	0.02255	0.01006	0.00298	0.00439	0.01937	0.00771	0.00693
31	0.01707	0.04010	0.57909	0.02526	0.03700	0.01953	0.11373	0.02635	0.01783	0.02635	0.01517	0.01822	0.01081	0.00777	0.00816	0.00265	0.01252	0.00665	0.00360	0.01213
32	0.01747	0.02148	0.14291	0.35796	0.25147	0.01903	0.02524	0.02355	0.01754	0.02410	0.01508	0.02079	0.01166	0.00793	0.00820	0.00264	0.01089	0.00717	0.00380	0.01108
33	0.01569	0.01477	0.02492	0.68808	0.05722	0.01846	0.02307	0.02123	0.01661	0.02123	0.01477	0.02215	0.01107	0.00831	0.00831	0.00277	0.01107	0.00738	0.00369	0.00923
34	0.01666	0.04297	0.66500	0.02368	0.03596	0.01929	0.03069	0.02631	0.01754	0.02631	0.01491	0.01754	0.01052	0.00789	0.00789	0.00263	0.01228	0.00614	0.00351	0.01228
35	0.01574	0.01438	0.05878	0.02075	0.13723	0.01231	0.04643	0.02070	0.04831	0.06575	0.15971	0.05474	0.21105	0.01528	0.00944	0.00280	0.00694	0.08294	0.00704	0.00966
36	0.01856	0.08562	0.15111	0.07559	0.06733	0.04958	0.20238	0.06138	0.01999	0.02611	0.02788	0.03041	0.12707	0.01008	0.00865	0.00261	0.01075	0.00936	0.00486	0.01067
37	0.02056	0.01974	0.03372	0.05099	0.65622	0.01974	0.02550	0.02550	0.01892	0.02714	0.01563	0.02056	0.01316	0.00740	0.00822	0.00247	0.00987	0.00740	0.00411	0.01316
38	0.02056	0.01974	0.03372	0.05099	0.65622	0.01974	0.02550	0.02550	0.01892	0.02714	0.01563	0.02056	0.01316	0.00740	0.00822	0.00247	0.00987	0.00740	0.00411	0.01316
39	0.02056	0.01974	0.03372	0.05099	0.65622	0.01974	0.02550	0.02550	0.01892	0.02714	0.01563	0.02056	0.01316	0.00740	0.00822	0.00247	0.00987	0.00740	0.00411	0.01316
40	0.01993	0.02016	0.06114	0.04751	0.58791	0.01908	0.02497	0.02501	0.01887	0.02696	0.01737	0.02502	0.01521	0.00840	0.00841	0.00256	0.00984	0.04457	0.00431	0.01277
41	0.01108	0.00847	0.01016	0.00974	0.01199	0.00755	0.00730	0.01436	0.02191	0.02950	0.45261	0.06834	0.28000	0.01841	0.00981	0.00268	0.00402	0.01590	0.00864	0.00755
42	0.01205	0.00883	0.01006	0.00980	0.01251	0.00769	0.00755	0.01480	0.02036	0.05962	0.22122	0.07373	0.42798	0.01959	0.00986	0.00282	0.00455	0.06110	0.00821	0.00765
43	0.01755	0.08067	0.53898	0.02691	0.12157	0.02018	0.02896	0.02611	0.01769	0.02601	0.01480	0.01770	0.01090	0.00778	0.00778	0.00256	0.01173	0.00621	0.00359	0.01230
44	0.02676	0.03149	0.02769	0.03348	0.28297	0.40744	0.01990	0.03004	0.02165	0.02311	0.01398	0.01726	0.01170	0.00809	0.00779	0.00227	0.01290	0.00619	0.00421	0.01107
45	0.01119	0.00799	0.01086	0.01279	0.01374	0.00767	0.00957	0.01341	0.01696	0.02240	0.04520	0.50374	0.05261	0.02502	0.01089	0.00352	0.00574	0.21197	0.00769	0.00704
46	0.02056	0.01974	0.03372	0.05099	0.65622	0.01974	0.02550	0.02550	0.01892	0.02714	0.01563	0.02056	0.01316	0.00740	0.00822	0.00247	0.00987	0.00740	0.00411	0.01316
47	0.38767	0.04774	0.16489	0.05839	0.02440	0.01815	0.01564	0.02755	0.01691	0.14538	0.01635	0.01763	0.01162	0.00823	0.00656	0.00257	0.00827	0.00575	0.00554	0.01075

[dist]
# distance from previous block
# <min> <max>
0	1

[block]
# block no. 7 follows, 22 sequences, length 51
# corresponding to MSA columns:
# 355-405
name=unknown_H
#
# <colnr> <probs for GDERKNQSTAVLIFYWHMCP>
#	G	D	E	R	K	N	Q	S	T	A	V	L	I	F	Y	W	H	M	C	P
0	0.01703	0.08705	0.62412	0.02306	0.03499	0.02019	0.02961	0.02621	0.01750	0.02586	0.01469	0.01726	0.01053	0.00784	0.00772	0.00257	0.01205	0.00603	0.00351	0.01217
1	0.02406	0.57187	0.03934	0.01572	0.02224	0.16742	0.01460	0.02661	0.01828	0.01971	0.01182	0.01367	0.01067	0.00741	0.00578	0.00185	0.01016	0.00463	0.00371	0.01045
2	0.01639	0.00952	0.01259	0.01124	0.01401	0.00863	0.00863	0.02018	0.02356	0.14747	0.53942	0.05592	0.06789	0.01577	0.00954	0.00261	0.00449	0.01381	0.00935	0.00898
3	0.01199	0.00801	0.00909	0.00918	0.00920	0.00799	0.00516	0.01206	0.01226	0.01635	0.02711	0.08519	0.03138	0.67561	0.04078	0.00783	0.00790	0.01263	0.00516	0.00512
4	0.02728	0.02113	0.02251	0.01824	0.02412	0.02375	0.01475	0.39832	0.27627	0.04542	0.02541	0.02430	0.01855	0.01048	0.00837	0.00262	0.00813	0.00823	0.00837	0.01374
5	0.02245	0.63834	0.07449	0.01513	0.02234	0.07032	0.01518	0.02544	0.01731	0.01994	0.01180	0.01364	0.01066	0.00723	0.00559	0.00184	0.00942	0.00458	0.00359	0.01068
6	0.02056	0.01974	0.03372	0.05099	0.65622	0.01974	0.02550	0.02550	0.01892	0.02714	0.01563	0.02056	0.01316	0.00740	0.00822	0.00247	0.00987	0.00740	0.00411	0.01316
7	0.01257	0.00921	0.01095	0.01050	0.01219	0.00829	0.00685	0.01378	0.01431	0.01994	0.02970	0.24205	0.03391	0.35525	0.02516	0.00521	0.00668	0.01406	0.00582	0.16357
8	0.01012	0.00723	0.00964	0.01157	0.01205	0.00675	0.00771	0.01157	0.01591	0.02121	0.04579	0.70262	0.05495	0.02603	0.01060	0.00337	0.00482	0.02362	0.00771	0.00675
9	0.02272	0.67447	0.04239	0.01463	0.02157	0.06963	0.01432	0.02535	0.01726	0.01959	0.01162	0.01342	0.01066	0.00719	0.00545	0.00180	0.00923	0.00449	0.00360	0.01060
10	0.01012	0.00723	0.00964	0.01157	0.01205	0.00675	0.00771	0.01157	0.01591	0.02121	0.04579	0.70262	0.05495	0.02603	0.01060	0.00337	0.00482	0.02362	0.00771	0.00675
11	0.27579	0.01902	0.02107	0.14746	0.05910	0.02165	0.01538	0.27807	0.02534	0.04002	0.01591	0.01823	0.01176	0.00876	0.00724	0.00257	0.00864	0.00645	0.00614	0.01140
12	0.01253	0.00926	0.01219	0.01357	0.01568	0.00892	0.01158	0.01598	0.01928	0.02471	0.07999	0.08927	0.18217	0.02226	0.01104	0.00355	0.00673	0.44604	0.00773	0.00752
13	0.01319	0.01084	0.01589	0.01512	0.01630	0.01354	0.01202	0.01592	0.01322	0.01943	0.01987	0.02960	0.01870	0.05229	0.53931	0.01131	0.16283	0.00856	0.00428	0.00777
14	0.02221	0.71304	0.04353	0.01421	0.02132	0.03287	0.01421	0.02488	0.01688	0.01955	0.01155	0.01333	0.01066	0.00711	0.00533	0.00178	0.00888	0.00444	0.00355	0.01066
15	0.01138	0.00859	0.01064	0.01085	0.01296	0.00785	0.00845	0.01457	0.02077	0.02757	0.32108	0.11580	0.24509	0.01997	0.01018	0.00296	0.00479	0.13067	0.00832	0.00748
16	0.01012	0.00723	0.00964	0.01157	0.01205	0.00675	0.00771	0.01157	0.01591	0.02121	0.04579	0.70262	0.05495	0.02603	0.01060	0.00337	0.00482	0.02362	0.00771	0.00675
17	0.02056	0.01974	0.03372	0.05099	0.65622	0.01974	0.02550	0.02550	0.01892	0.02714	0.01563	0.02056	0.01316	0.00740	0.00822	0.00247	0.00987	0.00740	0.00411	0.01316
18	0.01603	0.01503	0.02134	0.01894	0.01944	0.02033	0.01553	0.01824	0.01294	0.01975	0.01476	0.02309	0.01425	0.03076	0.24729	0.00693	0.46509	0.00782	0.00391	0.00852
19	0.01135	0.00848	0.01054	0.01002	0.01216	0.00767	0.00752	0.01489	0.02256	0.03103	0.53284	0.06581	0.19881	0.01783	0.00980	0.00265	0.00398	0.01555	0.00885	0.00767
20	0.01187	0.00890	0.01335	0.01335	0.01483	0.01038	0.01038	0.01483	0.01335	0.01928	0.02225	0.03264	0.02077	0.06231	0.67512	0.01335	0.02225	0.00890	0.00445	0.00742
21	0.06283	0.05966	0.17485	0.19574	0.23979	0.02006	0.08141	0.02464	0.01771	0.02566	0.01491	0.01965	0.01162	0.00770	0.00799	0.00258	0.01085	0.00701	0.00391	0.01143
22	0.16594	0.06335	0.14486	0.02079	0.06665	0.28451	0.01765	0.03009	0.02004	0.09189	0.01519	0.01686	0.01153	0.00831	0.00716	0.00236	0.01141	0.00575	0.00487	0.01077
23	0.42842	0.02702	0.04613	0.01584	0.02094	0.29040	0.01289	0.02813	0.01819	0.02976	0.01224	0.01429	0.00977	0.00807	0.00624	0.00239	0.01023	0.00492	0.00471	0.00941
24	0.01070	0.00822	0.00986	0.01044	0.01232	0.00738	0.00775	0.01321	0.01917	0.02484	0.20023	0.25007	0.29498	0.02168	0.01019	0.00302	0.00465	0.07606	0.00804	0.00719
25	0.01204	0.00881	0.01290	0.01290	0.01433	0.01016	0.00993	0.01491	0.01348	0.01966	0.02266	0.03358	0.02123	0.09019	0.61518	0.01259	0.02075	0.00900	0.03840	0.00732
26	0.02365	0.01471	0.01829	0.14555	0.02611	0.04332	0.01338	0.08036	0.05434	0.23542	0.14059	0.03809	0.10584	0.01233	0.00874	0.00263	0.00747	0.01029	0.00795	0.01096
27	0.02601	0.21558	0.02787	0.01715	0.02295	0.12841	0.01441	0.22424	0.14706	0.03375	0.01954	0.02000	0.01515	0.00919	0.00726	0.00228	0.00924	0.00669	0.04126	0.01197
28	0.03158	0.02327	0.02493	0.01911	0.02576	0.02576	0.01579	0.62852	0.03906	0.05236	0.01995	0.01995	0.01413	0.00997	0.00831	0.00249	0.00914	0.00748	0.00831	0.01413
29	0.01961	0.01894	0.03122	0.10888	0.47252	0.02073	0.02382	0.02399	0.01748	0.02515	0.01462	0.02025	0.01251	0.00889	0.01195	0.00273	0.14339	0.00737	0.00398	0.01197
30	0.02348	0.02528	0.11788	0.02224	0.08742	0.12368	0.04685	0.22812	0.02724	0.03570	0.14996	0.02781	0.02635	0.01051	0.00849	0.00249	0.00975	0.00863	0.00652	0.01158
31	0.01012	0.00723	0.00964	0.01157	0.01205	0.00675	0.00771	0.01157	0.01591	0.02121	0.04579	0.70262	0.05495	0.02603	0.01060	0.00337	0.00482	0.02362	0.00771	0.00675
32	0.01176	0.00849	0.01110	0.01045	0.01241	0.00784	0.00784	0.01568	0.02352	0.03331	0.65184	0.06206	0.07839	0.01698	0.00980	0.00261	0.00392	0.01502	0.00914	0.00784
33	0.02510	0.18859	0.20604	0.02045	0.02758	0.35161	0.01971	0.02944	0.02041	0.02182	0.01313	0.01533	0.01064	0.00806	0.00713	0.00220	0.01289	0.00537	0.00391	0.01059
34	0.02742	0.17957	0.02439	0.01530	0.02062	0.14379	0.01274	0.05918	0.02283	0.24049	0.14239	0.02837	0.02719	0.01049	0.00777	0.00231	0.00850	0.00812	0.00727	0.01126
35	0.01057	0.00845	0.00945	0.00920	0.01168	0.00733	0.00690	0.01337	0.02070	0.02663	0.30300	0.07305	0.43139	0.01948	0.00981	0.00273	0.00410	0.01657	0.00827	0.00733
36	0.01481	0.00789	0.00842	0.00842	0.01013	0.00803	0.00619	0.01823	0.01652	0.02843	0.02654	0.03333	0.02208	0.08025	0.07516	0.00363	0.00607	0.00826	0.61016	0.00746
37	0.05177	0.01498	0.02138	0.14592	0.16509	0.01582	0.01684	0.05690	0.08167	0.10718	0.08105	0.03983	0.05005	0.01224	0.00886	0.00281	0.00816	0.10198	0.00661	0.01088
38	0.01443	0.00722	0.01082	0.01082	0.01082	0.00722	0.00722	0.01082	0.01082	0.01443	0.01443	0.02525	0.01443	0.02886	0.03247	0.75830	0.00722	0.00722	0.00361	0.00361
39	0.01317	0.00941	0.01314	0.01505	0.01687	0.00938	0.01301	0.01684	0.01891	0.02462	0.04410	0.13377	0.04828	0.02315	0.01142	0.00380	0.00746	0.56237	0.00765	0.00759
40	0.01897	0.01853	0.03229	0.22457	0.39182	0.01985	0.08355	0.02409	0.01798	0.02502	0.01522	0.02104	0.01239	0.00804	0.00953	0.00265	0.05121	0.00763	0.00398	0.01163
41	0.02691	0.08884	0.02581	0.17099	0.03245	0.35568	0.01743	0.13591	0.02417	0.02618	0.01443	0.01734	0.01139	0.00863	0.00764	0.00231	0.01253	0.00611	0.00480	0.01043
42	0.03067	0.01483	0.01842	0.01498	0.02066	0.01431	0.01209	0.03966	0.20188	0.43866	0.03645	0.03246	0.06355	0.01128	0.00848	0.00266	0.00674	0.00926	0.00958	0.01338
43	0.01187	0.00890	0.01335	0.01335	0.01483	0.01038	0.01038	0.01483	0.01335	0.01928	0.02225	0.03264	0.02077	0.06231	0.67512	0.01335	0.02225	0.00890	0.00445	0.00742
44	0.02060	0.01750	0.04651	0.01538	0.01984	0.04955	0.01255	0.14605	0.20753	0.06793	0.19834	0.06941	0.06650	0.01336	0.00887	0.00267	0.00688	0.01118	0.00820	0.01116
45	0.24414	0.05306	0.02098	0.08285	0.02541	0.22719	0.01425	0.12487	0.05222	0.05983	0.01564	0.01735	0.01193	0.00866	0.00701	0.00242	0.01015	0.00593	0.00556	0.01054
46	0.18261	0.01189	0.04506	0.01164	0.01405	0.01154	0.00909	0.01665	0.01451	0.02425	0.08407	0.07685	0.02815	0.23636	0.19227	0.00710	0.01101	0.01021	0.00539	0.00730
47	0.01742	0.00989	0.01266	0.01205	0.01475	0.00913	0.00897	0.02125	0.05704	0.17397	0.19163	0.29052	0.10974	0.01882	0.00968	0.00291	0.00517	0.01656	0.00870	0.00913
48	0.02368	0.15570	0.06808	0.03231	0.31927	0.02120	0.02002	0.07601	0.02065	0.11621	0.01748	0.01980	0.01358	0.00791	0.00754	0.00228	0.00914	0.00674	0.00522	0.05716
49	0.09832	0.02427	0.13035	0.05693	0.02747	0.02249	0.01750	0.31155	0.15648	0.04105	0.02085	0.02132	0.01517	0.00957	0.00796	0.00261	0.00898	0.00735	0.00695	0.01283
50	0.05518	0.03008	0.15514	0.03167	0.25350	0.20925	0.02191	0.06333	0.05312	0.02728	0.01569	0.01855	0.01243	0.00820	0.00783	0.00243	0.01147	0.00654	0.00455	0.01184

[dist]
# distance from previous block
# <min> <max>
7	95

[block]
# block no. 8 follows, 22 sequences, length 20
# corresponding to MSA columns:
# 504-523
name=unknown_I
#
# <colnr> <probs for GDERKNQSTAVLIFYWHMCP>
#	G	D	E	R	K	N	Q	S	T	A	V	L	I	F	Y	W	H	M	C	P
0	0.08847	0.06409	0.16975	0.05065	0.06270	0.16570	0.01800	0.11144	0.02189	0.02854	0.02557	0.02689	0.11170	0.01033	0.00782	0.00248	0.01027	0.00783	0.00522	0.01066
1	0.06289	0.02742	0.29410	0.02194	0.05513	0.01699	0.09717	0.02821	0.05186	0.12985	0.07100	0.02410	0.01886	0.00895	0.00814	0.00256	0.00987	0.00774	0.00561	0.05763
2	0.07067	0.11634	0.13099	0.02304	0.12055	0.13469	0.01836	0.12234	0.02244	0.08987	0.01650	0.01813	0.01252	0.00825	0.00736	0.00228	0.01017	0.00621	0.00533	0.06395
3	0.07927	0.09271	0.12388	0.02522	0.20045	0.01723	0.01773	0.02124	0.01606	0.02404	0.01838	0.05186	0.01688	0.06292	0.19104	0.00574	0.01291	0.00798	0.00434	0.01012
4	0.01083	0.00820	0.01003	0.01043	0.01225	0.00740	0.00768	0.01353	0.01982	0.02625	0.27997	0.24084	0.24483	0.02100	0.01012	0.00295	0.00448	0.05388	0.00824	0.00728
5	0.01188	0.00914	0.01221	0.08259	0.01727	0.00888	0.00955	0.01554	0.02136	0.02912	0.42362	0.09889	0.15797	0.01757	0.00979	0.00278	0.00500	0.05088	0.00817	0.00778
6	0.01824	0.23307	0.48869	0.02099	0.03180	0.02315	0.02602	0.02590	0.01735	0.02439	0.01396	0.01634	0.01056	0.00767	0.00717	0.00239	0.01131	0.00566	0.00352	0.01182
7	0.02266	0.02266	0.02931	0.16343	0.36351	0.13527	0.02233	0.09111	0.02146	0.02754	0.01544	0.01982	0.01244	0.00805	0.00812	0.00247	0.01092	0.00705	0.00451	0.01190
8	0.02188	0.61245	0.03958	0.01434	0.02085	0.07047	0.01379	0.02462	0.01785	0.02075	0.06519	0.01750	0.01633	0.00802	0.00584	0.00187	0.00885	0.00538	0.00407	0.01036
9	0.01003	0.00803	0.00897	0.00957	0.01156	0.00697	0.00686	0.01202	0.01820	0.02267	0.10444	0.28361	0.42300	0.02244	0.01008	0.00298	0.00439	0.01939	0.00780	0.00697
10	0.03181	0.01980	0.02245	0.01747	0.02368	0.02090	0.01432	0.43056	0.03348	0.21626	0.02503	0.06427	0.01839	0.01105	0.00846	0.00257	0.00831	0.00871	0.00881	0.01368
11	0.02541	0.34149	0.03186	0.01744	0.02307	0.28133	0.01476	0.03113	0.11723	0.02223	0.01554	0.01674	0.01298	0.00833	0.00666	0.00208	0.01090	0.00557	0.00460	0.01065
12	0.02691	0.35696	0.03316	0.01776	0.02362	0.30395	0.01515	0.09042	0.02198	0.02325	0.01296	0.01471	0.01103	0.00802	0.00655	0.00200	0.01149	0.00514	0.00435	0.01058
13	0.01250	0.00973	0.01397	0.01367	0.01476	0.01157	0.01045	0.01490	0.01326	0.01908	0.02271	0.06873	0.02262	0.13354	0.49228	0.01112	0.09338	0.00988	0.00460	0.00728
14	0.02792	0.29235	0.03219	0.01720	0.02403	0.02854	0.01518	0.39304	0.03041	0.03956	0.01667	0.01736	0.01278	0.00885	0.00715	0.00221	0.00904	0.00629	0.00645	0.01278
15	0.02196	0.02340	0.02553	0.13570	0.23091	0.20329	0.01873	0.02591	0.01946	0.02424	0.01449	0.01845	0.01193	0.00758	0.00754	0.00213	0.01064	0.00623	0.00428	0.18760
16	0.05889	0.33996	0.29331	0.01817	0.02689	0.05295	0.02056	0.02531	0.01712	0.02326	0.01350	0.01606	0.01101	0.01020	0.03891	0.00274	0.01105	0.00539	0.00369	0.01103
17	0.22163	0.01681	0.02446	0.28701	0.24994	0.01894	0.02007	0.02355	0.01672	0.02760	0.01419	0.01925	0.01122	0.00784	0.00742	0.00261	0.00940	0.00660	0.00423	0.01050
18	0.22570	0.02313	0.02661	0.03283	0.31097	0.15922	0.05489	0.02691	0.01864	0.02841	0.01400	0.01756	0.01147	0.00771	0.00732	0.00245	0.01027	0.00632	0.00443	0.01116
19	0.01747	0.22767	0.38631	0.01892	0.02812	0.02135	0.02244	0.02424	0.01829	0.02549	0.11368	0.02331	0.02119	0.00909	0.00746	0.00239	0.01001	0.00705	0.00440	0.01112

[dist]
# distance from previous block
# <min> <max>
0	2

[block]
# block no. 9 follows, 22 sequences, length 10
# corresponding to MSA columns:
# 526-535
name=unknown_J
#
# <colnr> <probs for GDERKNQSTAVLIFYWHMCP>
#	G	D	E	R	K	N	Q	S	T	A	V	L	I	F	Y	W	H	M	C	P
0	0.01583	0.01003	0.01207	0.01143	0.01334	0.00987	0.00809	0.08128	0.01973	0.07736	0.16788	0.21239	0.04389	0.20612	0.01832	0.00423	0.00608	0.01455	0.05955	0.00796
1	0.02401	0.02842	0.02015	0.01878	0.02175	0.42229	0.01418	0.02619	0.01993	0.02023	0.01848	0.10451	0.01804	0.02070	0.12718	0.00439	0.06883	0.00842	0.00469	0.00884
2	0.02464	0.02827	0.02353	0.02087	0.02361	0.33226	0.01641	0.02989	0.11305	0.02239	0.01529	0.01860	0.01300	0.01121	0.01505	0.00280	0.26779	0.00668	0.00467	0.00996
3	0.01208	0.00805	0.00906	0.00906	0.00906	0.00805	0.00503	0.01208	0.01208	0.01611	0.02618	0.05436	0.03020	0.70804	0.04228	0.00805	0.00805	0.01208	0.00503	0.00503
4	0.01655	0.01438	0.01966	0.17563	0.02748	0.01628	0.04520	0.10957	0.01980	0.02587	0.03714	0.04190	0.20711	0.08403	0.01523	0.00341	0.11500	0.01104	0.00576	0.00896
5	0.01136	0.00775	0.00927	0.00999	0.01016	0.00757	0.00602	0.01189	0.01349	0.01799	0.03341	0.29363	0.03933	0.45632	0.03059	0.00633	0.00686	0.01634	0.00602	0.00567
6	0.02132	0.48291	0.12405	0.10049	0.02814	0.07845	0.01770	0.02525	0.01745	0.02073	0.01251	0.01513	0.01070	0.00748	0.00622	0.00204	0.01009	0.00511	0.00362	0.01062
7	0.02066	0.02064	0.02877	0.03506	0.35337	0.08954	0.06241	0.02506	0.01897	0.02633	0.01515	0.01908	0.01259	0.00713	0.00764	0.00209	0.00962	0.00661	0.00438	0.23493
8	0.02619	0.02471	0.02098	0.01722	0.02305	0.23244	0.01350	0.13388	0.10174	0.07888	0.01879	0.01953	0.01436	0.00856	0.00742	0.00205	0.00968	0.00633	0.00615	0.23454
9	0.20602	0.26926	0.06248	0.01647	0.02210	0.21157	0.01461	0.02690	0.01788	0.02449	0.01206	0.01438	0.01027	0.00819	0.00746	0.00224	0.05453	0.00499	0.00415	0.00995

[dist]
# distance from previous block
# <min> <max>
0	18

[block]
# block no. 10 follows, 22 sequences, length 49
# corresponding to MSA columns:
# 554-602
name=unknown_K
#
# <colnr> <probs for GDERKNQSTAVLIFYWHMCP>
#	G	D	E	R	K	N	Q	S	T	A	V	L	I	F	Y	W	H	M	C	P
0	0.01925	0.10193	0.35493	0.03135	0.22291	0.05438	0.04907	0.02628	0.01828	0.02559	0.01476	0.01809	0.01143	0.00767	0.00779	0.00248	0.01141	0.00645	0.00376	0.01221
1	0.02107	0.02071	0.03251	0.04584	0.54359	0.05381	0.04810	0.02756	0.07340	0.02743	0.01711	0.02126	0.01407	0.00778	0.00827	0.00249	0.01001	0.00757	0.00450	0.01290
2	0.15455	0.01614	0.10855	0.01574	0.01987	0.01297	0.07333	0.01947	0.04856	0.02681	0.06283	0.33961	0.03543	0.01687	0.00896	0.00299	0.00715	0.01497	0.00639	0.00879
3	0.16030	0.02625	0.05896	0.05589	0.08114	0.17863	0.01670	0.26015	0.02676	0.03672	0.01582	0.01764	0.01194	0.00880	0.00752	0.00244	0.01039	0.00635	0.00590	0.01169
4	0.03095	0.04986	0.02192	0.01722	0.02296	0.18382	0.01378	0.11879	0.11502	0.26880	0.02442	0.02304	0.01709	0.00963	0.00792	0.00239	0.00931	0.00731	0.00771	0.04805
5	0.01692	0.09609	0.27343	0.02366	0.03178	0.01897	0.20006	0.02350	0.01726	0.02422	0.01791	0.05376	0.01509	0.01814	0.12765	0.00455	0.01388	0.00837	0.00409	0.01067
6	0.01208	0.00886	0.01163	0.01246	0.01439	0.00841	0.01013	0.01548	0.02020	0.02686	0.24161	0.13480	0.14507	0.02106	0.01063	0.00326	0.00573	0.28169	0.00814	0.00754
7	0.01692	0.04118	0.61133	0.02467	0.03661	0.01944	0.08257	0.02634	0.01772	0.02634	0.01507	0.01796	0.01070	0.00782	0.00806	0.00265	0.01243	0.00646	0.00357	0.01218
8	0.02886	0.02099	0.02291	0.01767	0.02410	0.02245	0.01448	0.47600	0.06640	0.07706	0.04552	0.02226	0.01733	0.00989	0.00813	0.00237	0.00836	0.00762	0.00806	0.09954
9	0.01012	0.00723	0.00964	0.01157	0.01205	0.00675	0.00771	0.01157	0.01591	0.02121	0.04579	0.70262	0.05495	0.02603	0.01060	0.00337	0.00482	0.02362	0.00771	0.00675
10	0.02056	0.01974	0.03372	0.05099	0.65622	0.01974	0.02550	0.02550	0.01892	0.02714	0.01563	0.02056	0.01316	0.00740	0.00822	0.00247	0.00987	0.00740	0.00411	0.01316
11	0.01012	0.00723	0.00964	0.01157	0.01205	0.00675	0.00771	0.01157	0.01591	0.02121	0.04579	0.70262	0.05495	0.02603	0.01060	0.00337	0.00482	0.02362	0.00771	0.00675
12	0.01187	0.00890	0.01335	0.01335	0.01483	0.01038	0.01038	0.01483	0.01335	0.01928	0.02225	0.03264	0.02077	0.06231	0.67512	0.01335	0.02225	0.00890	0.00445	0.00742
13	0.03103	0.03959	0.02354	0.02140	0.02568	0.67469	0.01605	0.03317	0.02354	0.02033	0.01284	0.01498	0.01070	0.00856	0.00749	0.00214	0.01498	0.00535	0.00428	0.00963
14	0.01987	0.01903	0.03247	0.14130	0.57131	0.01956	0.02515	0.02489	0.01859	0.02630	0.01550	0.02079	0.01286	0.00753	0.00824	0.00251	0.01004	0.00740	0.00405	0.01260
15	0.02056	0.01974	0.03372	0.05099	0.65622	0.01974	0.02550	0.02550	0.01892	0.02714	0.01563	0.02056	0.01316	0.00740	0.00822	0.00247	0.00987	0.00740	0.00411	0.01316
16	0.03103	0.03959	0.02354	0.02140	0.02568	0.67469	0.01605	0.03317	0.02354	0.02033	0.01284	0.01498	0.01070	0.00856	0.00749	0.00214	0.01498	0.00535	0.00428	0.00963
17	0.01012	0.00723	0.00964	0.01157	0.01205	0.00675	0.00771	0.01157	0.01591	0.02121	0.04579	0.70262	0.05495	0.02603	0.01060	0.00337	0.00482	0.02362	0.00771	0.00675
18	0.06582	0.02095	0.02598	0.12293	0.15362	0.02313	0.01840	0.38936	0.03050	0.04205	0.01790	0.02005	0.01322	0.00910	0.00813	0.00253	0.00942	0.00729	0.00664	0.01295
19	0.02056	0.01974	0.03372	0.05099	0.65622	0.01974	0.02550	0.02550	0.01892	0.02714	0.01563	0.02056	0.01316	0.00740	0.00822	0.00247	0.00987	0.00740	0.00411	0.01316
20	0.01187	0.00890	0.01335	0.01335	0.01483	0.01038	0.01038	0.01483	0.01335	0.01928	0.02225	0.03264	0.02077	0.06231	0.67512	0.01335	0.02225	0.00890	0.00445	0.00742
21	0.01208	0.00805	0.00906	0.00906	0.00906	0.00805	0.00503	0.01208	0.01208	0.01611	0.02618	0.05436	0.03020	0.70804	0.04228	0.00805	0.00805	0.01208	0.00503	0.00503
22	0.01169	0.00797	0.00954	0.00991	0.01013	0.00801	0.00600	0.01222	0.01291	0.01735	0.02953	0.17462	0.03404	0.52327	0.09145	0.00763	0.00868	0.01398	0.00549	0.00556
23	0.03190	0.02276	0.02461	0.01887	0.02551	0.02500	0.01559	0.59557	0.03820	0.08652	0.02066	0.02041	0.01449	0.00999	0.00831	0.00250	0.00903	0.00753	0.00842	0.01413
24	0.01102	0.00761	0.00937	0.01042	0.01068	0.00734	0.00649	0.01180	0.01416	0.01888	0.03682	0.40635	0.04364	0.33772	0.02508	0.00551	0.00630	0.01834	0.00649	0.00596
25	0.02612	0.03173	0.02093	0.01934	0.02290	0.50448	0.01460	0.02847	0.02093	0.02006	0.01525	0.01951	0.01328	0.02233	0.17856	0.00501	0.01684	0.00626	0.00432	0.00906
26	0.06145	0.01629	0.02673	0.46251	0.22928	0.01884	0.02295	0.02266	0.01714	0.02390	0.01483	0.02118	0.01156	0.00801	0.00810	0.00267	0.01045	0.00722	0.00390	0.01036
27	0.76672	0.01607	0.01221	0.01092	0.01607	0.01864	0.00900	0.02442	0.01414	0.03727	0.01157	0.01350	0.00900	0.00771	0.00514	0.00257	0.00643	0.00450	0.00514	0.00900
28	0.03103	0.03959	0.02354	0.02140	0.02568	0.67469	0.01605	0.03317	0.02354	0.02033	0.01284	0.01498	0.01070	0.00856	0.00749	0.00214	0.01498	0.00535	0.00428	0.00963
29	0.00982	0.00842	0.00842	0.00842	0.01122	0.00701	0.00631	0.01192	0.01894	0.02244	0.08416	0.07995	0.65285	0.02104	0.00982	0.00281	0.00421	0.01753	0.00771	0.00701
30	0.01012	0.00723	0.00964	0.01157	0.01205	0.00675	0.00771	0.01157	0.01591	0.02121	0.04579	0.70262	0.05495	0.02603	0.01060	0.00337	0.00482	0.02362	0.00771	0.00675
31	0.02056	0.01974	0.03372	0.05099	0.65622	0.01974	0.02550	0.02550	0.01892	0.02714	0.01563	0.02056	0.01316	0.00740	0.00822	0.00247	0.00987	0.00740	0.00411	0.01316
32	0.01961	0.02241	0.04902	0.03501	0.04342	0.02101	0.62605	0.02661	0.01961	0.02661	0.01681	0.02241	0.01261	0.00700	0.00980	0.00280	0.01401	0.00980	0.00420	0.01120
33	0.01026	0.00734	0.00977	0.01147	0.01208	0.00684	0.00772	0.01193	0.01657	0.02226	0.09859	0.64681	0.05699	0.02524	0.01053	0.00331	0.00474	0.02287	0.00784	0.00684
34	0.01176	0.00849	0.01110	0.01045	0.01241	0.00784	0.00784	0.01568	0.02352	0.03331	0.65184	0.06206	0.07839	0.01698	0.00980	0.00261	0.00392	0.01502	0.00914	0.00784
35	0.01982	0.01687	0.01772	0.01587	0.02042	0.01909	0.01237	0.07423	0.52024	0.03410	0.03990	0.03706	0.11083	0.01253	0.00863	0.00280	0.00640	0.01040	0.00834	0.01236
36	0.01666	0.04297	0.66500	0.02368	0.03596	0.01929	0.03069	0.02631	0.01754	0.02631	0.01491	0.01754	0.01052	0.00789	0.00789	0.00263	0.01228	0.00614	0.00351	0.01228
37	0.76672	0.01607	0.01221	0.01092	0.01607	0.01864	0.00900	0.02442	0.01414	0.03727	0.01157	0.01350	0.00900	0.00771	0.00514	0.00257	0.00643	0.00450	0.00514	0.00900
