[name]
unknown

[dist]
# distance from previous block
# <min> <max>
0	0

[block]
# block no. 0 follows, 21 sequences, length 62
# corresponding to MSA columns:
# 0-61
name=unknown_A
#
# <colnr> <probs for GDERKNQSTAVLIFYWHMCP>
#	G	D	E	R	K	N	Q	S	T	A	V	L	I	F	Y	W	H	M	C	P
0	0.01371	0.00980	0.01371	0.01567	0.01763	0.00980	0.01371	0.01763	0.01959	0.02547	0.04506	0.09599	0.04898	0.02351	0.01175	0.00392	0.00784	0.59056	0.00784	0.00784
1	0.19826	0.01607	0.01780	0.01470	0.02053	0.01644	0.01187	0.03749	0.19687	0.29423	0.02771	0.02557	0.01922	0.00995	0.00769	0.00262	0.00688	0.00773	0.00843	0.05994
2	0.01067	0.00856	0.00935	0.00929	0.01168	0.00743	0.00681	0.01309	0.01991	0.02510	0.20895	0.10490	0.45008	0.06174	0.01209	0.00318	0.00451	0.01733	0.00807	0.00724
3	0.01538	0.00809	0.00868	0.00868	0.01061	0.00829	0.00656	0.01922	0.01730	0.03016	0.02711	0.03195	0.02174	0.01697	0.09254	0.00351	0.00643	0.00809	0.65079	0.00789
4	0.02219	0.02254	0.03285	0.07535	0.54501	0.10089	0.02480	0.02691	0.01987	0.02667	0.01561	0.02042	0.01307	0.00777	0.00833	0.00250	0.01082	0.00732	0.00422	0.01286
5	0.21132	0.02191	0.02465	0.05487	0.19740	0.07231	0.01752	0.23498	0.02568	0.03869	0.01626	0.01865	0.01247	0.00872	0.00761	0.00255	0.00942	0.00670	0.00598	0.01231
6	0.02084	0.01999	0.03414	0.08057	0.62126	0.02016	0.02601	0.02592	0.01927	0.02753	0.01597	0.02114	0.01338	0.00762	0.00843	0.00254	0.01017	0.00758	0.00419	0.01330
7	0.01469	0.01318	0.02373	0.02183	0.07196	0.01390	0.15133	0.01884	0.01560	0.02212	0.02097	0.03004	0.01873	0.04635	0.46393	0.01031	0.01985	0.00921	0.00447	0.00896
8	0.02084	0.02085	0.03815	0.04847	0.50904	0.02052	0.16203	0.02638	0.01954	0.02768	0.01629	0.02150	0.01335	0.00749	0.00880	0.00261	0.01108	0.00815	0.00423	0.01302
9	0.03182	0.03977	0.02418	0.02181	0.02631	0.63644	0.01643	0.06170	0.02487	0.02238	0.01350	0.01559	0.01113	0.00884	0.00771	0.00221	0.01506	0.00558	0.00458	0.01008
10	0.02912	0.01492	0.01834	0.01518	0.02034	0.01471	0.01202	0.07209	0.17664	0.35727	0.05948	0.07071	0.02713	0.05831	0.01111	0.00312	0.00704	0.01022	0.00938	0.01289
11	0.67815	0.01560	0.01225	0.01104	0.01599	0.01783	0.00901	0.02385	0.01532	0.03721	0.05550	0.02018	0.04355	0.00914	0.00579	0.00265	0.00631	0.00592	0.00565	0.00905
12	0.02996	0.02232	0.02400	0.01890	0.02514	0.02472	0.01542	0.52764	0.09601	0.04999	0.02338	0.06172	0.01808	0.01132	0.00867	0.00264	0.00885	0.00884	0.00849	0.01393
13	0.02037	0.15644	0.35491	0.02053	0.02974	0.09435	0.02303	0.05546	0.07191	0.02676	0.02053	0.02200	0.05002	0.00921	0.00776	0.00250	0.01113	0.00693	0.00460	0.01182
14	0.02251	0.33800	0.26166	0.01912	0.02811	0.05678	0.02097	0.11230	0.02114	0.02742	0.01438	0.01627	0.01139	0.00806	0.00695	0.00226	0.01068	0.00567	0.00436	0.01198
15	0.02329	0.66642	0.04337	0.01500	0.02211	0.07137	0.01467	0.02599	0.01770	0.02007	0.01191	0.01375	0.01092	0.00737	0.00559	0.00184	0.00947	0.00461	0.00368	0.01086
16	0.02077	0.02105	0.03929	0.04728	0.46523	0.02061	0.20493	0.02646	0.01959	0.02764	0.01637	0.02164	0.01331	0.00746	0.00891	0.00263	0.01139	0.00833	0.00424	0.01287
17	0.01049	0.00756	0.00998	0.01186	0.01253	0.00705	0.00808	0.01211	0.01658	0.02194	0.04867	0.64143	0.08359	0.02629	0.01086	0.00345	0.00503	0.04765	0.00790	0.00696
18	0.01037	0.00741	0.00987	0.01185	0.01234	0.00691	0.00790	0.01185	0.01629	0.02172	0.04690	0.69537	0.05629	0.02666	0.01086	0.00346	0.00494	0.02419	0.00790	0.00691
19	0.01235	0.00834	0.00976	0.00976	0.00993	0.00851	0.00575	0.01268	0.01252	0.01686	0.02638	0.05326	0.02989	0.63146	0.11134	0.00884	0.00984	0.01202	0.00509	0.00542
20	0.02082	0.02091	0.03847	0.04813	0.49645	0.02055	0.17436	0.02640	0.01956	0.02767	0.01631	0.02154	0.01334	0.00748	0.00883	0.00261	0.01117	0.00820	0.00424	0.01298
21	0.02491	0.02363	0.02050	0.01834	0.02315	0.18260	0.01415	0.04216	0.44115	0.07120	0.02918	0.02746	0.02190	0.01078	0.00841	0.00270	0.00893	0.00851	0.00771	0.01263
22	0.01586	0.00793	0.00793	0.00793	0.00991	0.00793	0.00595	0.01983	0.01785	0.03173	0.02776	0.03173	0.02181	0.00991	0.00595	0.00198	0.00397	0.00793	0.74817	0.00793
23	0.01984	0.01568	0.01640	0.01496	0.01906	0.01785	0.01158	0.03885	0.47825	0.03463	0.03291	0.03174	0.02493	0.01114	0.00798	0.00266	0.00604	0.00920	0.19421	0.01208
24	0.01734	0.04129	0.58408	0.02484	0.03646	0.02023	0.06596	0.02660	0.01781	0.02660	0.01515	0.01830	0.01093	0.00842	0.00934	0.00276	0.05132	0.00658	0.00364	0.01232
25	0.03235	0.02384	0.02554	0.01958	0.02639	0.02639	0.01618	0.61946	0.04001	0.05363	0.02043	0.02043	0.01447	0.01022	0.00851	0.00255	0.00936	0.00766	0.00851	0.01447
26	0.01915	0.01652	0.01743	0.01561	0.02029	0.01827	0.01212	0.03833	0.49296	0.03305	0.04159	0.03884	0.12419	0.01280	0.00873	0.00278	0.00632	0.01065	0.00830	0.06207
27	0.01707	0.04402	0.65683	0.02426	0.03683	0.01976	0.03144	0.02695	0.01797	0.02695	0.01527	0.01797	0.01078	0.00809	0.00809	0.00270	0.01258	0.00629	0.00359	0.01258
28	0.01259	0.00976	0.01451	0.01426	0.01568	0.01167	0.01117	0.01555	0.01363	0.01980	0.02201	0.03244	0.02060	0.06054	0.62431	0.01301	0.06725	0.00901	0.00450	0.00771
29	0.01062	0.00751	0.00980	0.01153	0.01196	0.00708	0.00756	0.01192	0.01581	0.02107	0.04440	0.61571	0.05313	0.11062	0.01490	0.00405	0.00535	0.02272	0.00756	0.00669
30	0.02192	0.02412	0.02558	0.02224	0.02334	0.18682	0.01807	0.02387	0.01581	0.02057	0.01167	0.01780	0.01112	0.01336	0.02285	0.00334	0.51724	0.00695	0.00389	0.00945
31	0.01093	0.00825	0.01019	0.01159	0.01275	0.00778	0.00796	0.01383	0.05223	0.02275	0.05318	0.54829	0.15901	0.02489	0.01059	0.00332	0.00493	0.02225	0.00794	0.00734
32	0.01216	0.00912	0.01368	0.01368	0.01520	0.01064	0.01064	0.01520	0.01368	0.01976	0.02279	0.03343	0.02127	0.06382	0.66720	0.01368	0.02279	0.00912	0.00456	0.00760
33	0.01238	0.00825	0.00928	0.00928	0.00928	0.00825	0.00516	0.01238	0.01238	0.01650	0.02681	0.05569	0.03094	0.70092	0.04331	0.00825	0.00825	0.01238	0.00516	0.00516
34	0.02099	0.02114	0.03123	0.20230	0.43793	0.08869	0.02448	0.02589	0.01931	0.02558	0.01549	0.02085	0.01269	0.00793	0.00837	0.00257	0.01097	0.00735	0.00413	0.01211
35	0.01886	0.25222	0.46428	0.02121	0.03212	0.02414	0.02613	0.02649	0.01775	0.02477	0.01419	0.01661	0.01082	0.00783	0.00726	0.00242	0.01148	0.00574	0.00361	0.01206
36	0.01037	0.00741	0.00987	0.01185	0.01234	0.00691	0.00790	0.01185	0.01629	0.02172	0.04690	0.69537	0.05629	0.02666	0.01086	0.00346	0.00494	0.02419	0.00790	0.00691
37	0.02041	0.01955	0.03336	0.13433	0.57084	0.02005	0.02579	0.02555	0.01907	0.02701	0.01589	0.02127	0.01320	0.00770	0.00844	0.00257	0.01027	0.00758	0.00416	0.01295
38	0.02320	0.24712	0.28005	0.02057	0.02908	0.21630	0.02178	0.02859	0.01959	0.02299	0.01358	0.01586	0.01088	0.00804	0.00715	0.00228	0.01233	0.00551	0.00384	0.01126
39	0.01659	0.01563	0.02217	0.01962	0.02009	0.02121	0.01611	0.01882	0.01324	0.02025	0.01483	0.02328	0.01435	0.03028	0.22898	0.00685	0.47698	0.00797	0.00399	0.00877
40	0.01037	0.00741	0.00987	0.01185	0.01234	0.00691	0.00790	0.01185	0.01629	0.02172	0.04690	0.69537	0.05629	0.02666	0.01086	0.00346	0.00494	0.02419	0.00790	0.00691
41	0.01078	0.00842	0.00915	0.00940	0.01149	0.00754	0.00672	0.01272	0.01770	0.02221	0.06725	0.14969	0.42708	0.10892	0.05590	0.00426	0.00604	0.01703	0.04074	0.00696
42	0.01813	0.01660	0.02449	0.41468	0.10580	0.01973	0.02076	0.02938	0.20614	0.02660	0.02120	0.02531	0.01605	0.00935	0.00855	0.00282	0.00981	0.00820	0.00532	0.01109
43	0.01617	0.01400	0.01779	0.01625	0.01756	0.04369	0.01272	0.05553	0.01542	0.02168	0.01948	0.03088	0.01893	0.13888	0.31994	0.00880	0.21048	0.00887	0.00465	0.00826
44	0.02428	0.02703	0.02917	0.14269	0.31898	0.26274	0.02208	0.02836	0.02077	0.02420	0.01479	0.01918	0.01219	0.00818	0.00816	0.00245	0.01228	0.00679	0.00421	0.01147
45	0.02101	0.02036	0.03535	0.05139	0.61662	0.02029	0.05669	0.02618	0.01941	0.02777	0.01607	0.02116	0.01345	0.00756	0.00851	0.00255	0.01033	0.00771	0.00422	0.01338
46	0.01183	0.00879	0.01155	0.01152	0.01292	0.00929	0.00838	0.01399	0.01490	0.02024	0.06619	0.04925	0.13890	0.21375	0.35949	0.00982	0.01488	0.01184	0.00555	0.00693
47	0.01735	0.07705	0.62629	0.02377	0.03608	0.02046	0.03060	0.02688	0.01793	0.02660	0.01510	0.01775	0.01079	0.00805	0.00795	0.00265	0.01240	0.00620	0.00360	0.01249
48	0.01707	0.04402	0.65683	0.02426	0.03683	0.01976	0.03144	0.02695	0.01797	0.02695	0.01527	0.01797	0.01078	0.00809	0.00809	0.00270	0.01258	0.00629	0.00359	0.01258
49	0.01037	0.00741	0.00987	0.01185	0.01234	0.00691	0.00790	0.01185	0.01629	0.02172	0.04690	0.69537	0.05629	0.02666	0.01086	0.00346	0.00494	0.02419	0.00790	0.00691
50	0.01347	0.01087	0.01307	0.01293	0.01420	0.05167	0.00943	0.01558	0.01397	0.01889	0.02334	0.03870	0.02340	0.24388	0.44551	0.01138	0.01813	0.00983	0.00472	0.00704
51	0.03179	0.04056	0.02412	0.02192	0.02631	0.66676	0.01644	0.03398	0.02412	0.02083	0.01315	0.01535	0.01096	0.00877	0.00767	0.00219	0.01535	0.00548	0.00438	0.00987
52	0.01229	0.00858	0.01093	0.01093	0.01150	0.00915	0.00721	0.01343	0.01286	0.01772	0.02530	0.04733	0.02731	0.46173	0.27754	0.01029	0.01371	0.01115	0.00493	0.00607
53	0.01586	0.00793	0.00793	0.00793	0.00991	0.00793	0.00595	0.01983	0.01785	0.03173	0.02776	0.03173	0.02181	0.00991	0.00595	0.00198	0.00397	0.00793	0.74817	0.00793
54	0.01262	0.00897	0.01296	0.01296	0.01454	0.01030	0.01005	0.01577	0.01420	0.02125	0.02341	0.03322	0.02134	0.05711	0.58486	0.01222	0.02045	0.00897	0.09716	0.00764
55	0.08400	0.02677	0.01852	0.01709	0.02084	0.35738	0.01285	0.05224	0.02222	0.04842	0.05056	0.12526	0.07264	0.01292	0.00824	0.00251	0.01071	0.00991	0.03756	0.00937
56	0.02065	0.02052	0.01727	0.01564	0.01970	0.17157	0.01199	0.06950	0.22528	0.02984	0.10433	0.04332	0.18751	0.01398	0.00892	0.00267	0.00807	0.01125	0.00750	0.01048
57	0.01035	0.00748	0.00980	0.01166	0.01229	0.00693	0.00781	0.01187	0.01648	0.02180	0.04927	0.65843	0.09169	0.02635	0.01081	0.00342	0.00490	0.02382	0.00790	0.00693
58	0.15635	0.01650	0.02090	0.25280	0.05869	0.01902	0.01670	0.03204	0.21144	0.09733	0.02270	0.02454	0.01670	0.00954	0.00797	0.00278	0.00853	0.00778	0.00633	0.01138
59	0.02937	0.21836	0.02959	0.01996	0.02512	0.49761	0.01594	0.03171	0.02229	0.02061	0.01280	0.01489	0.01095	0.00837	0.00708	0.00209	0.01368	0.00523	0.00419	0.01015
60	0.01056	0.00864	0.00931	0.00914	0.01180	0.00740	0.00686	0.01318	0.02057	0.02578	0.22600	0.07730	0.50285	0.02051	0.01005	0.00282	0.00424	0.01732	0.00827	0.00740
61	0.02169	0.02245	0.03684	0.04386	0.41369	0.07300	0.17292	0.02803	0.05166	0.02750	0.01704	0.02163	0.01378	0.00778	0.00878	0.00260	0.01142	0.00814	0.00448	0.01268

[dist]
# distance from previous block
# <min> <max>
0	1

[block]
# block no. 1 follows, 21 sequences, length 48
# corresponding to MSA columns:
# 63-110
name=unknown_B
#
# <colnr> <probs for GDERKNQSTAVLIFYWHMCP>
#	G	D	E	R	K	N	Q	S	T	A	V	L	I	F	Y	W	H	M	C	P
0	0.02872	0.03388	0.02148	0.01952	0.02355	0.51739	0.01473	0.05743	0.02349	0.02374	0.01593	0.01866	0.01308	0.01155	0.03816	0.00271	0.01387	0.00608	0.10632	0.00970
1	0.02289	0.01930	0.02037	0.01549	0.02243	0.05419	0.01244	0.19278	0.07317	0.03527	0.01806	0.01942	0.01410	0.00797	0.00719	0.00181	0.00772	0.00617	0.00627	0.44297
2	0.02406	0.01339	0.01642	0.01270	0.01881	0.01086	0.01022	0.02728	0.02071	0.27502	0.03866	0.03680	0.16012	0.01146	0.00805	0.00217	0.00622	0.00938	0.00787	0.28979
3	0.01670	0.01513	0.01416	0.01419	0.01666	0.12801	0.01096	0.01910	0.01953	0.05634	0.04921	0.21011	0.20994	0.01992	0.01092	0.00312	0.03964	0.13093	0.00719	0.00823
4	0.03235	0.02384	0.02554	0.01958	0.02639	0.02639	0.01618	0.61946	0.04001	0.05363	0.02043	0.02043	0.01447	0.01022	0.00851	0.00255	0.00936	0.00766	0.00851	0.01447
5	0.01607	0.01513	0.02552	0.68047	0.05861	0.01891	0.02363	0.02174	0.01702	0.02174	0.01513	0.02269	0.01134	0.00851	0.00851	0.00284	0.01134	0.00756	0.00378	0.00945
6	0.01405	0.01194	0.01257	0.01208	0.01553	0.01205	0.00938	0.02365	0.22384	0.02739	0.06574	0.06630	0.39088	0.01837	0.00973	0.00296	0.00540	0.06066	0.00815	0.00933
7	0.02117	0.01828	0.01924	0.01732	0.02213	0.02117	0.01347	0.04522	0.63246	0.03560	0.03464	0.03175	0.02598	0.01155	0.00866	0.00289	0.00673	0.00962	0.00866	0.01347
8	0.03313	0.01936	0.02238	0.01751	0.02395	0.02017	0.01435	0.31139	0.11505	0.28926	0.02759	0.02537	0.01867	0.01052	0.00855	0.00263	0.00816	0.00829	0.00933	0.01434
9	0.01037	0.00741	0.00987	0.01185	0.01234	0.00691	0.00790	0.01185	0.01629	0.02172	0.04690	0.69537	0.05629	0.02666	0.01086	0.00346	0.00494	0.02419	0.00790	0.00691
10	0.02106	0.02022	0.03454	0.05223	0.64784	0.02022	0.02612	0.02612	0.01938	0.02780	0.01601	0.02106	0.01348	0.00758	0.00842	0.00253	0.01011	0.00758	0.00421	0.01348
11	0.01770	0.00984	0.01297	0.01179	0.01467	0.00886	0.00897	0.02112	0.02289	0.17334	0.39932	0.14307	0.08688	0.01727	0.00981	0.00278	0.00489	0.01515	0.00937	0.00931
12	0.01728	0.01004	0.01201	0.01073	0.01426	0.00868	0.00832	0.02021	0.02184	0.17606	0.22365	0.06437	0.34424	0.01781	0.00970	0.00276	0.00493	0.01503	0.00892	0.00915
13	0.20302	0.02581	0.02217	0.01813	0.02404	0.16645	0.01460	0.35051	0.03051	0.04275	0.01681	0.01776	0.01246	0.00935	0.00757	0.00249	0.01004	0.00646	0.00684	0.01222
14	0.01022	0.00798	0.00928	0.01033	0.01194	0.00704	0.00722	0.01202	0.01775	0.02232	0.06540	0.40668	0.33303	0.02426	0.01048	0.00318	0.00464	0.02126	0.00790	0.00704
15	0.16552	0.01794	0.01937	0.01573	0.02156	0.01915	0.01280	0.20646	0.14064	0.21625	0.02562	0.02435	0.01792	0.01011	0.00782	0.00262	0.00747	0.00773	0.04798	0.01297
16	0.01096	0.00784	0.00975	0.01084	0.01158	0.00735	0.00713	0.01238	0.01636	0.02172	0.09893	0.43058	0.10879	0.18338	0.01832	0.00445	0.00557	0.02004	0.00739	0.00663
17	0.01405	0.01161	0.01270	0.01203	0.01518	0.01177	0.00912	0.02350	0.21279	0.02963	0.20547	0.09240	0.28170	0.01764	0.00965	0.00286	0.00503	0.01502	0.00850	0.00935
18	0.01156	0.01010	0.01482	0.01364	0.01635	0.00904	0.09075	0.01413	0.01826	0.02307	0.06115	0.31722	0.32445	0.02161	0.01037	0.00310	0.00594	0.01935	0.00741	0.00767
19	0.02579	0.07341	0.17168	0.02813	0.15305	0.35516	0.02170	0.03034	0.02139	0.02358	0.01414	0.01700	0.01142	0.00829	0.00780	0.00235	0.01333	0.00604	0.00413	0.01127
20	0.01881	0.02196	0.16986	0.01554	0.02423	0.01342	0.01532	0.02401	0.01815	0.06718	0.01633	0.01844	0.01271	0.00699	0.00687	0.00169	0.00785	0.00556	0.00504	0.53003
21	0.02038	0.01989	0.03503	0.12450	0.51876	0.02019	0.08436	0.02572	0.01917	0.02704	0.01602	0.02144	0.01317	0.00765	0.00860	0.00260	0.01067	0.00782	0.00417	0.01281
22	0.03065	0.03385	0.02317	0.02023	0.02502	0.45707	0.01554	0.17638	0.02751	0.02974	0.01611	0.01790	0.01269	0.00922	0.00774	0.00226	0.01297	0.00621	0.06489	0.01084
23	0.02158	0.01096	0.01354	0.01159	0.01578	0.00945	0.00915	0.02453	0.02223	0.27529	0.16763	0.05753	0.29349	0.01642	0.00946	0.00274	0.00542	0.01376	0.00922	0.01024
24	0.02538	0.26341	0.06924	0.02211	0.02945	0.11529	0.15349	0.16845	0.02430	0.03013	0.01546	0.01784	0.01222	0.00820	0.00767	0.00233	0.01139	0.00676	0.00505	0.01183
25	0.01373	0.01429	0.07495	0.01689	0.01911	0.01375	0.04211	0.01685	0.01544	0.02187	0.02899	0.26186	0.03143	0.03134	0.18732	0.00613	0.14770	0.04226	0.00561	0.00835
26	0.01311	0.01037	0.01321	0.05482	0.01767	0.00981	0.00982	0.01733	0.07201	0.02413	0.03764	0.46205	0.04227	0.02022	0.00963	0.00294	0.00577	0.01813	0.00715	0.15193
27	0.01140	0.00867	0.01048	0.01003	0.01232	0.00775	0.00752	0.01480	0.02256	0.03049	0.46164	0.06955	0.26427	0.01875	0.01004	0.00274	0.00411	0.01623	0.00889	0.00775
28	0.02999	0.03262	0.02397	0.02076	0.02541	0.40822	0.01612	0.19864	0.02738	0.03007	0.01573	0.01812	0.01263	0.01300	0.05077	0.00311	0.05050	0.00644	0.00553	0.01100
29	0.05985	0.02076	0.03059	0.04091	0.44176	0.02162	0.02235	0.16247	0.05656	0.03462	0.01781	0.02113	0.01416	0.00841	0.00830	0.00256	0.00959	0.00756	0.00548	0.01350
30	0.02033	0.33449	0.27335	0.07359	0.06673	0.05175	0.02241	0.02612	0.01792	0.02326	0.01369	0.01650	0.01105	0.00776	0.00696	0.00229	0.01090	0.00566	0.00370	0.01154
31	0.01006	0.00862	0.00862	0.00862	0.01149	0.00718	0.00647	0.01221	0.01940	0.02299	0.08621	0.08190	0.64438	0.02155	0.01006	0.00287	0.00431	0.01796	0.00790	0.00718
32	0.01067	0.00829	0.00970	0.01009	0.01206	0.00733	0.00729	0.01311	0.01973	0.02553	0.22039	0.25309	0.32842	0.02193	0.01028	0.00299	0.00441	0.01908	0.00828	0.00733
33	0.01927	0.02399	0.16835	0.02564	0.14132	0.01958	0.05155	0.03395	0.29772	0.03074	0.02995	0.03015	0.06863	0.01059	0.00867	0.00277	0.00890	0.00917	0.00639	0.01266
34	0.01216	0.00912	0.01368	0.01368	0.01520	0.01064	0.01064	0.01520	0.01368	0.01976	0.02279	0.03343	0.02127	0.06382	0.66720	0.01368	0.02279	0.00912	0.00456	0.00760
35	0.03611	0.01402	0.01908	0.01479	0.02101	0.01215	0.01215	0.03945	0.02434	0.60451	0.08201	0.03171	0.02577	0.01108	0.00868	0.00264	0.00699	0.00910	0.01044	0.01397
36	0.01216	0.00912	0.01368	0.01368	0.01520	0.01064	0.01064	0.01520	0.01368	0.01976	0.02279	0.03343	0.02127	0.06382	0.66720	0.01368	0.02279	0.00912	0.00456	0.00760
37	0.02106	0.02022	0.03454	0.05223	0.64784	0.02022	0.02612	0.02612	0.01938	0.02780	0.01601	0.02106	0.01348	0.00758	0.00842	0.00253	0.01011	0.00758	0.00421	0.01348
38	0.01025	0.00786	0.00940	0.01064	0.01202	0.00701	0.00736	0.01199	0.01746	0.02220	0.06169	0.46461	0.27750	0.02474	0.01056	0.00324	0.00470	0.02185	0.00790	0.00701
39	0.01037	0.00741	0.00987	0.01185	0.01234	0.00691	0.00790	0.01185	0.01629	0.02172	0.04690	0.69537	0.05629	0.02666	0.01086	0.00346	0.00494	0.02419	0.00790	0.00691
40	0.02106	0.02022	0.03454	0.05223	0.64784	0.02022	0.02612	0.02612	0.01938	0.02780	0.01601	0.02106	0.01348	0.00758	0.00842	0.00253	0.01011	0.00758	0.00421	0.01348
41	0.01607	0.01513	0.02552	0.68047	0.05861	0.01891	0.02363	0.02174	0.01702	0.02174	0.01513	0.02269	0.01134	0.00851	0.00851	0.00284	0.01134	0.00756	0.00378	0.00945
42	0.02873	0.26594	0.03105	0.01943	0.02480	0.45235	0.01581	0.03110	0.02180	0.02055	0.01271	0.01477	0.01095	0.00827	0.00692	0.00207	0.01323	0.00517	0.00413	0.01022
43	0.02047	0.02746	0.19517	0.04260	0.42367	0.05009	0.06445	0.02677	0.01928	0.02723	0.01576	0.02012	0.01263	0.00774	0.00841	0.00258	0.01126	0.00731	0.00407	0.01295
44	0.01707	0.04402	0.65683	0.02426	0.03683	0.01976	0.03144	0.02695	0.01797	0.02695	0.01527	0.01797	0.01078	0.00809	0.00809	0.00270	0.01258	0.00629	0.00359	0.01258
45	0.76103	0.01646	0.01251	0.01119	0.01646	0.01909	0.00922	0.02502	0.01448	0.03818	0.01185	0.01382	0.00922	0.00790	0.00527	0.00263	0.00658	0.00461	0.00527	0.00922
46	0.01831	0.01735	0.06180	0.02440	0.16980	0.01612	0.04581	0.02841	0.19389	0.05815	0.12097	0.04131	0.14183	0.01275	0.00908	0.00275	0.00750	0.01122	0.00711	0.01146
47	0.03179	0.04056	0.02412	0.02192	0.02631	0.66676	0.01644	0.03398	0.02412	0.02083	0.01315	0.01535	0.01096	0.00877	0.00767	0.00219	0.01535	0.00548	0.00438	0.00987

[dist]
# distance from previous block
# <min> <max>
0	1

[block]
# block no. 2 follows, 21 sequences, length 62
# corresponding to MSA columns:
# 112-173
name=unknown_C
#
# <colnr> <probs for GDERKNQSTAVLIFYWHMCP>
#	G	D	E	R	K	N	Q	S	T	A	V	L	I	F	Y	W	H	M	C	P
0	0.02037	0.01951	0.03329	0.13939	0.56610	0.02004	0.02577	0.02551	0.01905	0.02696	0.01589	0.02129	0.01318	0.00771	0.00844	0.00257	0.01028	0.00758	0.00415	0.01292
1	0.02106	0.02022	0.03454	0.05223	0.64784	0.02022	0.02612	0.02612	0.01938	0.02780	0.01601	0.02106	0.01348	0.00758	0.00842	0.00253	0.01011	0.00758	0.00421	0.01348
2	0.01667	0.01214	0.01515	0.01383	0.01612	0.01349	0.01042	0.14792	0.01915	0.02639	0.02333	0.03639	0.02230	0.21892	0.35824	0.00980	0.01602	0.00965	0.00559	0.00848
3	0.01347	0.00862	0.01033	0.01043	0.01174	0.00804	0.00692	0.01482	0.01652	0.07102	0.09380	0.22782	0.14461	0.29636	0.02360	0.00517	0.00628	0.01639	0.00712	0.00694
4	0.02463	0.01969	0.02101	0.01783	0.02313	0.02227	0.01414	0.25209	0.38249	0.04138	0.03016	0.06492	0.02350	0.01191	0.00873	0.00280	0.00759	0.00973	0.00856	0.01347
5	0.01216	0.00912	0.01368	0.01368	0.01520	0.01064	0.01064	0.01520	0.01368	0.01976	0.02279	0.03343	0.02127	0.06382	0.66720	0.01368	0.02279	0.00912	0.00456	0.00760
6	0.01238	0.00825	0.00928	0.00928	0.00928	0.00825	0.00516	0.01238	0.01238	0.01650	0.02681	0.05569	0.03094	0.70092	0.04331	0.00825	0.00825	0.01238	0.00516	0.00516
7	0.76103	0.01646	0.01251	0.01119	0.01646	0.01909	0.00922	0.02502	0.01448	0.03818	0.01185	0.01382	0.00922	0.00790	0.00527	0.00263	0.00658	0.00461	0.00527	0.00922
8	0.02099	0.20046	0.03268	0.02688	0.16059	0.06327	0.01909	0.02381	0.01618	0.02200	0.01253	0.01767	0.01160	0.01093	0.01658	0.00287	0.32072	0.00661	0.00385	0.01068
9	0.05542	0.02077	0.09929	0.04893	0.02410	0.01872	0.01506	0.29443	0.02836	0.03821	0.04012	0.03955	0.21466	0.01338	0.00881	0.00269	0.00813	0.01063	0.00732	0.01142
10	0.02437	0.01844	0.02076	0.01922	0.05774	0.02051	0.01432	0.09797	0.46508	0.11494	0.03211	0.02973	0.02357	0.01107	0.00862	0.00280	0.00724	0.00919	0.00863	0.01369
11	0.02666	0.03287	0.05719	0.02010	0.02445	0.44966	0.01598	0.06243	0.02236	0.02278	0.01581	0.01977	0.01343	0.02097	0.15342	0.00478	0.01650	0.00645	0.00461	0.00978
12	0.01652	0.02529	0.23732	0.02851	0.18564	0.01659	0.10051	0.02265	0.01901	0.02610	0.03558	0.03732	0.18920	0.01161	0.00898	0.00273	0.00987	0.01038	0.00505	0.01115
13	0.01832	0.19024	0.52160	0.02211	0.03352	0.02284	0.02771	0.02663	0.01782	0.02542	0.01451	0.01701	0.01081	0.00791	0.00751	0.00250	0.01181	0.00590	0.00360	0.01221
14	0.01704	0.01603	0.02594	0.24312	0.31922	0.01692	0.02098	0.02165	0.01863	0.02481	0.03123	0.03502	0.15215	0.01096	0.00881	0.00270	0.00922	0.00987	0.00489	0.01080
15	0.06826	0.18421	0.05653	0.01869	0.02420	0.31488	0.01572	0.10341	0.02277	0.02595	0.01471	0.01735	0.01226	0.01374	0.06953	0.00329	0.01327	0.00588	0.00477	0.01056
16	0.02665	0.01578	0.01843	0.01530	0.02037	0.01587	0.01231	0.22194	0.05759	0.22518	0.03987	0.11334	0.12549	0.01466	0.00919	0.00281	0.00720	0.03698	0.00894	0.01210
17	0.01042	0.00761	0.00968	0.01130	0.01209	0.00701	0.00758	0.01192	0.01652	0.02165	0.05118	0.58376	0.13318	0.05776	0.01228	0.00360	0.00501	0.02281	0.00777	0.00687
18	0.01597	0.01169	0.01402	0.01254	0.01543	0.01166	0.00962	0.13969	0.02642	0.03645	0.43257	0.11386	0.09243	0.01698	0.00980	0.00273	0.00522	0.01474	0.00898	0.00921
19	0.02267	0.01631	0.02023	0.15298	0.02859	0.01800	0.01496	0.18854	0.14071	0.10379	0.02935	0.17308	0.02599	0.01378	0.00906	0.00288	0.00806	0.01176	0.00766	0.01158
20	0.01707	0.04402	0.65683	0.02426	0.03683	0.01976	0.03144	0.02695	0.01797	0.02695	0.01527	0.01797	0.01078	0.00809	0.00809	0.00270	0.01258	0.00629	0.00359	0.01258
21	0.03084	0.01755	0.02005	0.01575	0.02149	0.01811	0.01289	0.30956	0.03040	0.24273	0.02618	0.02551	0.01811	0.01026	0.00800	0.00246	0.00757	0.00801	0.16142	0.01313
22	0.01920	0.02480	0.15683	0.03555	0.34340	0.07879	0.02267	0.02439	0.01939	0.02600	0.02687	0.06169	0.10251	0.01068	0.00863	0.00262	0.01005	0.00938	0.00480	0.01175
23	0.01998	0.02141	0.01886	0.05500	0.02192	0.24120	0.01387	0.02273	0.01792	0.02099	0.02144	0.02749	0.05077	0.03144	0.26450	0.00686	0.09195	0.00802	0.03497	0.00868
24	0.01059	0.00750	0.00981	0.01156	0.01200	0.00706	0.00759	0.01191	0.01585	0.02114	0.04464	0.62332	0.05343	0.10260	0.01452	0.00400	0.00531	0.02286	0.00759	0.00671
25	0.01222	0.00819	0.00933	0.00948	0.00952	0.00815	0.00537	0.01234	0.01268	0.01690	0.02835	0.10458	0.03288	0.64939	0.04083	0.00788	0.00800	0.01328	0.00537	0.00529
26	0.01947	0.01859	0.03166	0.25275	0.45977	0.01980	0.02532	0.02472	0.01862	0.02587	0.01573	0.02158	0.01280	0.00788	0.00845	0.00263	0.01050	0.00758	0.00407	0.01219
27	0.02221	0.02155	0.01896	0.01704	0.02150	0.15203	0.01314	0.06958	0.37086	0.03207	0.06988	0.03517	0.09460	0.01235	0.00868	0.00271	0.00823	0.00992	0.00773	0.01177
28	0.01288	0.01064	0.01158	0.01148	0.01426	0.01047	0.00852	0.02017	0.16285	0.02654	0.10861	0.19502	0.33523	0.01994	0.00989	0.00298	0.00499	0.01709	0.00819	0.00867
29	0.02161	0.03269	0.27392	0.03220	0.17957	0.10248	0.12995	0.07477	0.02120	0.02855	0.01593	0.01944	0.01211	0.00806	0.00849	0.00261	0.01240	0.00726	0.00435	0.01240
30	0.01934	0.01614	0.01844	0.01700	0.04214	0.08765	0.03838	0.02328	0.05392	0.10820	0.10363	0.09974	0.19431	0.01587	0.01242	0.00292	0.11726	0.01267	0.00707	0.00964
31	0.01034	0.00871	0.00901	0.00916	0.01196	0.00738	0.00702	0.01263	0.01941	0.02318	0.08306	0.08298	0.59887	0.02170	0.01019	0.00295	0.00458	0.06173	0.00790	0.00723
32	0.02502	0.02935	0.06434	0.03691	0.33664	0.27184	0.02194	0.03030	0.05569	0.02548	0.01591	0.01927	0.01305	0.00830	0.00813	0.00243	0.01210	0.00681	0.00450	0.01202
33	0.01780	0.01244	0.04281	0.01285	0.01635	0.01063	0.01024	0.08205	0.02123	0.13685	0.05210	0.29136	0.22015	0.01969	0.00984	0.00301	0.00598	0.01700	0.00823	0.00939
34	0.04505	0.01441	0.04419	0.22343	0.08757	0.01411	0.01543	0.02014	0.05341	0.02524	0.06618	0.04527	0.24464	0.01350	0.00886	0.00272	0.00771	0.01144	0.00593	0.05077
35	0.02160	0.02182	0.03532	0.03984	0.34495	0.06936	0.17555	0.05928	0.02067	0.02811	0.01669	0.02161	0.01359	0.01081	0.04570	0.00316	0.01209	0.00803	0.00455	0.04726
36	0.02657	0.08433	0.02944	0.02317	0.02780	0.40657	0.11600	0.02956	0.02132	0.02185	0.01540	0.05467	0.01383	0.01003	0.01022	0.00251	0.08490	0.00742	0.00444	0.00999
37	0.02179	0.01667	0.01845	0.01589	0.02025	0.01781	0.01227	0.25480	0.15220	0.03712	0.03049	0.20814	0.02899	0.05309	0.01094	0.00308	0.00731	0.01262	0.00791	0.07016
38	0.02068	0.01983	0.03385	0.10025	0.60280	0.02012	0.02593	0.02578	0.01920	0.02734	0.01594	0.02119	0.01332	0.00765	0.00843	0.00255	0.01020	0.00758	0.00418	0.01317
39	0.01893	0.26099	0.45618	0.02108	0.03192	0.02432	0.02591	0.02647	0.01775	0.02468	0.01414	0.01655	0.01083	0.00782	0.00722	0.00241	0.01144	0.00572	0.00361	0.01203
40	0.01908	0.11492	0.23100	0.02296	0.03021	0.08855	0.13806	0.02476	0.01800	0.02388	0.01779	0.07142	0.01574	0.01513	0.07228	0.00375	0.06906	0.00845	0.00425	0.01069
41	0.02404	0.02405	0.03185	0.04375	0.47874	0.13072	0.02346	0.08806	0.02229	0.02926	0.01597	0.02003	0.01315	0.00805	0.00831	0.00247	0.01092	0.00723	0.00468	0.01297
42	0.01229	0.00859	0.01099	0.01099	0.01158	0.00918	0.00728	0.01347	0.01288	0.01776	0.02525	0.04706	0.02719	0.45377	0.28534	0.01036	0.01389	0.01111	0.00492	0.00610
43	0.01006	0.00862	0.00862	0.00862	0.01149	0.00718	0.00647	0.01221	0.01940	0.02299	0.08621	0.08190	0.64438	0.02155	0.01006	0.00287	0.00431	0.01796	0.00790	0.00718
44	0.02778	0.18373	0.03059	0.02598	0.14190	0.40566	0.01784	0.03063	0.02172	0.02196	0.01340	0.01604	0.01143	0.00822	0.00733	0.00217	0.01298	0.00567	0.00419	0.01078
45	0.06318	0.03353	0.02321	0.05762	0.02717	0.45399	0.01612	0.09588	0.09958	0.02694	0.01661	0.01824	0.01311	0.00921	0.00782	0.00237	0.01303	0.00630	0.00535	0.01074
46	0.01012	0.00837	0.00888	0.00929	0.01167	0.00713	0.00676	0.01214	0.01876	0.02273	0.07812	0.20818	0.52333	0.02260	0.01022	0.00299	0.00444	0.01924	0.00790	0.00713
47	0.01389	0.01080	0.01465	0.01830	0.14131	0.01073	0.00993	0.01534	0.01469	0.01975	0.03109	0.05028	0.09632	0.44542	0.06741	0.00677	0.00900	0.01184	0.00524	0.00724
48	0.02490	0.02655	0.02857	0.14932	0.27439	0.23941	0.02145	0.08480	0.02254	0.02685	0.01531	0.01935	0.01235	0.00840	0.00819	0.00247	0.01203	0.00688	0.00461	0.01164
49	0.02106	0.02022	0.03454	0.05223	0.64784	0.02022	0.02612	0.02612	0.01938	0.02780	0.01601	0.02106	0.01348	0.00758	0.00842	0.00253	0.01011	0.00758	0.00421	0.01348
50	0.01050	0.00871	0.00928	0.00960	0.01226	0.00748	0.00739	0.01284	0.01928	0.02323	0.07962	0.11031	0.54825	0.02201	0.01029	0.00302	0.00476	0.08603	0.00789	0.00725
51	0.01810	0.05831	0.28711	0.17271	0.04359	0.02075	0.22648	0.02584	0.01844	0.02561	0.01575	0.02051	0.01163	0.00784	0.00873	0.00275	0.01276	0.00776	0.00388	0.01145
52	0.02298	0.17603	0.08264	0.03652	0.35776	0.09677	0.02232	0.06003	0.02050	0.02667	0.01495	0.01851	0.01248	0.00784	0.00766	0.00235	0.01063	0.00658	0.00430	0.01249
53	0.02706	0.03159	0.02871	0.03529	0.30044	0.38159	0.02071	0.03051	0.02203	0.02390	0.01441	0.01787	0.01207	0.00825	0.00800	0.00234	0.01304	0.00641	0.00431	0.01146
54	0.02069	0.02073	0.03384	0.16089	0.44968	0.05695	0.08167	0.02590	0.01929	0.02627	0.01580	0.02121	0.01290	0.00778	0.00855	0.00260	0.01103	0.00769	0.00415	0.01236
55	0.01006	0.00862	0.00862	0.00862	0.01149	0.00718	0.00647	0.01221	0.01940	0.02299	0.08621	0.08190	0.64438	0.02155	0.01006	0.00287	0.00431	0.01796	0.00790	0.00718
56	0.01794	0.16969	0.10591	0.01465	0.01910	0.01865	0.01328	0.09266	0.01875	0.02496	0.05863	0.03601	0.05770	0.22934	0.04686	0.00474	0.04732	0.00934	0.00532	0.00917
57	0.01024	0.00833	0.00894	0.00939	0.01158	0.00718	0.00673	0.01214	0.01834	0.02238	0.07434	0.22003	0.48043	0.05627	0.01188	0.00327	0.00465	0.01910	0.00777	0.00702
58	0.07381	0.01550	0.05170	0.01356	0.01954	0.01226	0.01125	0.05131	0.01886	0.08615	0.02387	0.16825	0.02277	0.01160	0.00765	0.00212	0.00661	0.00976	0.00629	0.38714
59	0.02004	0.21668	0.19430	0.02739	0.09272	0.02377	0.21596	0.02626	0.01859	0.02526	0.01501	0.01868	0.01187	0.00742	0.00793	0.00241	0.01161	0.00709	0.00398	0.05305
60	0.27751	0.01802	0.02500	0.06685	0.25753	0.02011	0.04509	0.02430	0.01649	0.02973	0.01426	0.01899	0.01192	0.01132	0.04096	0.00328	0.09656	0.00671	0.00451	0.01087
61	0.01998	0.16493	0.04598	0.01272	0.01675	0.01536	0.01099	0.02298	0.01762	0.12762	0.05127	0.02953	0.02154	0.05994	0.13528	0.04644	0.00999	0.00801	0.17365	0.00941

[dist]
# distance from previous block
# <min> <max>
0	11

[block]
# block no. 3 follows, 21 sequences, length 56
# corresponding to MSA columns:
# 185-240
name=unknown_D
#
# <colnr> <probs for GDERKNQSTAVLIFYWHMCP>
#	G	D	E	R	K	N	Q	S	T	A	V	L	I	F	Y	W	H	M	C	P
0	0.02275	0.70604	0.04459	0.01456	0.02184	0.03367	0.01456	0.02548	0.01729	0.02002	0.01183	0.01365	0.01092	0.00728	0.00546	0.00182	0.00910	0.00455	0.00364	0.01092
1	0.01182	0.00836	0.00924	0.00921	0.00999	0.00799	0.00562	0.01254	0.01465	0.01898	0.07440	0.06223	0.17658	0.50522	0.03374	0.00669	0.00710	0.01384	0.00603	0.00579
2	0.02358	0.11490	0.03051	0.03364	0.30456	0.15889	0.01993	0.03163	0.14651	0.02691	0.01869	0.02108	0.01519	0.00861	0.00792	0.00244	0.01039	0.00716	0.00509	0.01238
3	0.02466	0.02759	0.02885	0.03760	0.36322	0.27580	0.02110	0.02840	0.02126	0.02475	0.01909	0.02244	0.05032	0.00889	0.00822	0.00242	0.01184	0.00737	0.00450	0.01167
4	0.02040	0.01119	0.01378	0.01278	0.01585	0.01114	0.00974	0.05997	0.06856	0.17167	0.03416	0.22156	0.03139	0.02091	0.08059	0.00394	0.00760	0.01300	0.18184	0.00993
5	0.02106	0.02022	0.03454	0.05223	0.64784	0.02022	0.02612	0.02612	0.01938	0.02780	0.01601	0.02106	0.01348	0.00758	0.00842	0.00253	0.01011	0.00758	0.00421	0.01348
6	0.02190	0.02377	0.02747	0.32705	0.20307	0.20566	0.02221	0.02641	0.01968	0.02306	0.01479	0.02015	0.01179	0.00834	0.00825	0.00257	0.01217	0.00697	0.00407	0.01062
7	0.02045	0.19787	0.29229	0.02981	0.20839	0.06078	0.02494	0.02676	0.01857	0.02516	0.01452	0.01766	0.01160	0.00778	0.00752	0.00241	0.01118	0.00619	0.00383	0.01228
8	0.01026	0.00782	0.00944	0.01074	0.01205	0.00701	0.00741	0.01197	0.01736	0.02216	0.06042	0.48446	0.25847	0.02490	0.01059	0.00326	0.00472	0.02205	0.00790	0.00701
9	0.01100	0.00784	0.01049	0.01197	0.01261	0.00770	0.00821	0.01262	0.01564	0.02102	0.04126	0.50440	0.04832	0.11096	0.10161	0.00540	0.00783	0.04717	0.00713	0.00684
10	0.02075	0.28525	0.36416	0.02046	0.03021	0.09563	0.02364	0.02718	0.01839	0.02375	0.01378	0.01611	0.01085	0.00787	0.00708	0.00232	0.01161	0.00557	0.00370	0.01168
11	0.01536	0.00880	0.01126	0.01160	0.01352	0.00826	0.00864	0.01826	0.01924	0.09882	0.14439	0.30677	0.04835	0.01934	0.00951	0.00296	0.00514	0.07652	0.16496	0.00829
12	0.01037	0.00741	0.00987	0.01185	0.01234	0.00691	0.00790	0.01185	0.01629	0.02172	0.04690	0.69537	0.05629	0.02666	0.01086	0.00346	0.00494	0.02419	0.00790	0.00691
13	0.01915	0.28628	0.43279	0.02071	0.03135	0.02485	0.02526	0.02641	0.01772	0.02442	0.01401	0.01639	0.01083	0.00779	0.00712	0.00237	0.01130	0.00565	0.00361	0.01197
14	0.02442	0.06968	0.05962	0.02438	0.03063	0.24391	0.18899	0.03419	0.18297	0.02680	0.02001	0.02188	0.01548	0.00892	0.00850	0.00257	0.01229	0.00787	0.00541	0.01147
15	0.01782	0.13165	0.57579	0.02297	0.03485	0.02160	0.02921	0.02676	0.01788	0.02603	0.01482	0.01740	0.01080	0.00798	0.00774	0.00258	0.01212	0.00606	0.00360	0.01236
16	0.01278	0.00900	0.01069	0.01044	0.01054	0.00960	0.00642	0.01310	0.01250	0.01698	0.02550	0.05175	0.02898	0.61331	0.08300	0.00830	0.05464	0.01183	0.00502	0.00559
17	0.06206	0.01150	0.05278	0.01102	0.01419	0.00929	0.00919	0.01626	0.02169	0.03073	0.39967	0.06253	0.23330	0.01735	0.00960	0.00273	0.00483	0.01481	0.00829	0.00816
18	0.02930	0.22859	0.03030	0.01932	0.02504	0.35257	0.01585	0.15225	0.02543	0.02736	0.01427	0.01591	0.01167	0.00864	0.00721	0.00216	0.01232	0.00566	0.00502	0.01112
19	0.02241	0.02493	0.02550	0.02222	0.02348	0.21042	0.01799	0.02437	0.01622	0.02058	0.01174	0.01768	0.01111	0.01313	0.02210	0.00328	0.49256	0.00688	0.00391	0.00947
20	0.17454	0.02145	0.01960	0.01895	0.06119	0.15585	0.01389	0.06218	0.11955	0.02989	0.05107	0.06571	0.05717	0.01208	0.01056	0.00278	0.09835	0.00881	0.00605	0.01033
21	0.02100	0.02040	0.03556	0.05117	0.60858	0.02030	0.06456	0.02619	0.01942	0.02777	0.01609	0.02119	0.01344	0.00756	0.00853	0.00255	0.01039	0.00774	0.00422	0.01335
22	0.01071	0.00833	0.00973	0.01005	0.01206	0.00736	0.00728	0.01323	0.01995	0.02587	0.23658	0.23353	0.33154	0.02166	0.01026	0.00297	0.00439	0.01881	0.00832	0.00736
23	0.02566	0.43964	0.07881	0.01721	0.02413	0.17564	0.01613	0.06377	0.02055	0.04971	0.01381	0.01539	0.01157	0.00799	0.00646	0.00204	0.01069	0.00524	0.00439	0.01116
24	0.02373	0.21834	0.03333	0.08799	0.06524	0.05309	0.08038	0.18689	0.02366	0.03064	0.01607	0.01955	0.01301	0.01257	0.05323	0.00321	0.05533	0.00699	0.00519	0.01158
25	0.01129	0.00832	0.01057	0.01075	0.01244	0.00759	0.00778	0.01432	0.02121	0.02904	0.39569	0.24786	0.15038	0.02063	0.01028	0.00293	0.00432	0.01827	0.00875	0.00759
26	0.01402	0.01185	0.01724	0.01617	0.01725	0.01508	0.01293	0.01672	0.01349	0.01996	0.01945	0.02917	0.01837	0.04975	0.48326	0.01081	0.21343	0.00864	0.00432	0.00809
27	0.03074	0.02282	0.02461	0.01917	0.02561	0.02534	0.01576	0.55689	0.07432	0.05097	0.02139	0.02172	0.01548	0.01279	0.03918	0.00309	0.00983	0.00785	0.00834	0.01409
28	0.02482	0.18088	0.21037	0.02033	0.02805	0.20845	0.02008	0.10718	0.07245	0.02788	0.01617	0.01773	0.01258	0.00867	0.00750	0.00236	0.01173	0.00613	0.00488	0.01177
29	0.01216	0.00912	0.01368	0.01368	0.01520	0.01064	0.01064	0.01520	0.01368	0.01976	0.02279	0.03343	0.02127	0.06382	0.66720	0.01368	0.02279	0.00912	0.00456	0.00760
30	0.01233	0.00979	0.01121	0.01066	0.01334	0.00924	0.00805	0.01796	0.09363	0.02989	0.35134	0.06709	0.29724	0.01836	0.00988	0.00278	0.00445	0.01573	0.00870	0.00833
31	0.01778	0.01666	0.02762	0.42504	0.24206	0.01905	0.02357	0.02399	0.04496	0.02443	0.01749	0.02557	0.01420	0.00896	0.00862	0.00278	0.01061	0.03147	0.00430	0.01084
32	0.01161	0.00761	0.00969	0.01115	0.01201	0.00734	0.00766	0.01369	0.01646	0.02367	0.04156	0.52017	0.04715	0.02536	0.04790	0.00374	0.00577	0.01997	0.16033	0.00716
33	0.01028	0.00776	0.00951	0.01092	0.01210	0.00699	0.00749	0.01195	0.01719	0.02209	0.05821	0.51885	0.22550	0.02519	0.01063	0.00329	0.00476	0.02240	0.00790	0.00699
34	0.02790	0.11857	0.02953	0.02670	0.15697	0.23359	0.01826	0.19906	0.02629	0.03162	0.01559	0.01794	0.01251	0.00901	0.00868	0.00239	0.04140	0.00652	0.00541	0.01207
35	0.02007	0.07683	0.40460	0.02865	0.13456	0.10160	0.06284	0.02763	0.01905	0.02594	0.01504	0.01819	0.01138	0.00799	0.00805	0.00256	0.01243	0.00652	0.00384	0.01222
36	0.01909	0.01009	0.01330	0.01210	0.01515	0.00903	0.00920	0.02225	0.02224	0.20912	0.30838	0.18829	0.09201	0.01763	0.00979	0.00284	0.00516	0.01544	0.00930	0.00960
37	0.02106	0.02022	0.03454	0.05223	0.64784	0.02022	0.02612	0.02612	0.01938	0.02780	0.01601	0.02106	0.01348	0.00758	0.00842	0.00253	0.01011	0.00758	0.00421	0.01348
38	0.06236	0.22976	0.36094	0.02441	0.11222	0.02379	0.02459	0.02631	0.01776	0.02572	0.01418	0.01689	0.01109	0.00778	0.00721	0.00242	0.01090	0.00586	0.00379	0.01203
39	0.02128	0.02128	0.02868	0.18661	0.33341	0.10087	0.02228	0.02921	0.11922	0.02681	0.01848	0.02246	0.01471	0.00859	0.00839	0.00261	0.01050	0.00765	0.00486	0.01210
40	0.02011	0.01587	0.01748	0.01568	0.01996	0.01766	0.01217	0.03835	0.45743	0.07229	0.17326	0.03883	0.03806	0.01282	0.00897	0.00282	0.00615	0.01087	0.00893	0.01229
41	0.01148	0.00951	0.01173	0.09821	0.01812	0.00900	0.00923	0.01469	0.02056	0.02634	0.25271	0.06827	0.38248	0.01851	0.00985	0.00281	0.00515	0.01577	0.00782	0.00775
42	0.02244	0.08266	0.30352	0.02739	0.10816	0.20707	0.07757	0.02880	0.02005	0.02486	0.01470	0.01775	0.01136	0.00809	0.00801	0.00249	0.01300	0.00643	0.00396	0.01170
43	0.01238	0.00825	0.00928	0.00928	0.00928	0.00825	0.00516	0.01238	0.01238	0.01650	0.02681	0.05569	0.03094	0.70092	0.04331	0.00825	0.00825	0.01238	0.00516	0.00516
44	0.01037	0.00741	0.00987	0.01185	0.01234	0.00691	0.00790	0.01185	0.01629	0.02172	0.04690	0.69537	0.05629	0.02666	0.01086	0.00346	0.00494	0.02419	0.00790	0.00691
45	0.01638	0.07027	0.25971	0.02304	0.05635	0.01775	0.12074	0.02270	0.01682	0.02403	0.01807	0.02414	0.01499	0.02764	0.24214	0.00656	0.01616	0.00786	0.00409	0.01056
46	0.03179	0.04056	0.02412	0.02192	0.02631	0.66676	0.01644	0.03398	0.02412	0.02083	0.01315	0.01535	0.01096	0.00877	0.00767	0.00219	0.01535	0.00548	0.00438	0.00987
47	0.76103	0.01646	0.01251	0.01119	0.01646	0.01909	0.00922	0.02502	0.01448	0.03818	0.01185	0.01382	0.00922	0.00790	0.00527	0.00263	0.00658	0.00461	0.00527	0.00922
48	0.01645	0.17350	0.34120	0.01849	0.02645	0.01908	0.02095	0.02232	0.01712	0.02369	0.02253	0.17631	0.02249	0.05085	0.01014	0.00300	0.00983	0.01041	0.00469	0.01050
49	0.01216	0.00912	0.01368	0.01368	0.01520	0.01064	0.01064	0.01520	0.01368	0.01976	0.02279	0.03343	0.02127	0.06382	0.66720	0.01368	0.02279	0.00912	0.00456	0.00760
50	0.02162	0.12065	0.21857	0.02230	0.02973	0.02425	0.08657	0.13414	0.08763	0.03068	0.01735	0.01997	0.01340	0.00978	0.01143	0.00276	0.12464	0.00727	0.00513	0.01212
51	0.01231	0.00924	0.01101	0.01146	0.01326	0.00865	0.00808	0.05543	0.01894	0.02487	0.08512	0.40926	0.18810	0.06217	0.01218	0.00341	0.00529	0.01973	0.00777	0.03371
52	0.01216	0.00912	0.01368	0.01368	0.01520	0.01064	0.01064	0.01520	0.01368	0.01976	0.02279	0.03343	0.02127	0.06382	0.66720	0.01368	0.02279	0.00912	0.00456	0.00760
53	0.01586	0.00793	0.00793	0.00793	0.00991	0.00793	0.00595	0.01983	0.01785	0.03173	0.02776	0.03173	0.02181	0.00991	0.00595	0.00198	0.00397	0.00793	0.74817	0.00793
54	0.02162	0.11968	0.17361	0.16308	0.17373	0.15832	0.02325	0.02699	0.01930	0.02386	0.01450	0.01850	0.01156	0.00810	0.00781	0.00246	0.01190	0.00644	0.00394	0.01135
55	0.01491	0.01114	0.01215	0.01159	0.01298	0.01197	0.00755	0.02183	0.19080	0.02200	0.02906	0.04880	0.02951	0.50256	0.03334	0.00671	0.00781	0.01158	0.00616	0.00755

[dist]
# distance from previous block
# <min> <max>
1	27

[block]
# block no. 4 follows, 21 sequences, length 25
# corresponding to MSA columns:
# 268-292
name=unknown_E
#
# <colnr> <probs for GDERKNQSTAVLIFYWHMCP>
#	G	D	E	R	K	N	Q	S	T	A	V	L	I	F	Y	W	H	M	C	P
0	0.01467	0.02016	0.19739	0.01694	0.02238	0.01321	0.01739	0.02184	0.07630	0.02637	0.04340	0.06497	0.14930	0.01760	0.01009	0.00327	0.00842	0.25998	0.00671	0.00960
1	0.01721	0.01885	0.03831	0.02807	0.03503	0.01742	0.44214	0.02295	0.01989	0.02604	0.03697	0.03983	0.19371	0.01129	0.01005	0.00287	0.01147	0.01231	0.00533	0.01025
2	0.01799	0.15137	0.55755	0.02268	0.03440	0.02202	0.02870	0.02671	0.01786	0.02583	0.01471	0.01727	0.01080	0.00795	0.00766	0.00255	0.01201	0.00601	0.00360	0.01231
3	0.01870	0.23357	0.48154	0.02148	0.03254	0.02375	0.02661	0.02653	0.01777	0.02497	0.01429	0.01673	0.01082	0.00785	0.00733	0.00244	0.01158	0.00579	0.00361	0.01210
4	0.01893	0.22200	0.36762	0.02121	0.02993	0.02481	0.02434	0.02531	0.01684	0.02380	0.01354	0.01690	0.01089	0.00916	0.01114	0.00265	0.13976	0.00603	0.00363	0.01150
5	0.02128	0.04303	0.47567	0.02359	0.03382	0.20501	0.02715	0.02896	0.01973	0.02520	0.01467	0.01722	0.01083	0.00828	0.00797	0.00255	0.01337	0.00606	0.00382	0.01180
6	0.01044	0.00816	0.00947	0.01014	0.01198	0.00719	0.00723	0.01258	0.01881	0.02396	0.14381	0.31709	0.34289	0.02299	0.01037	0.00307	0.00451	0.02004	0.00809	0.00719
7	0.03196	0.03554	0.02454	0.02122	0.02633	0.47470	0.01636	0.20958	0.02888	0.03067	0.01534	0.01687	0.01201	0.00920	0.00793	0.00230	0.01355	0.00614	0.00562	0.01125
8	0.01035	0.00863	0.00903	0.00893	0.01168	0.00731	0.00670	0.01279	0.02010	0.02465	0.16941	0.07916	0.56015	0.02093	0.01005	0.00284	0.00427	0.01758	0.00812	0.00731
