[name]
unknown

[dist]
# distance from previous block
# <min> <max>
0	7

[block]
# block no. 0 follows, 21 sequences, length 19
# corresponding to MSA columns:
# 7-25
name=unknown_A
#
# <colnr> <probs for GDERKNQSTAVLIFYWHMCP>
#	G	D	E	R	K	N	Q	S	T	A	V	L	I	F	Y	W	H	M	C	P
0	0.01637	0.01325	0.01889	0.02354	0.14969	0.01368	0.01626	0.02355	0.11183	0.02748	0.03743	0.07070	0.03811	0.01839	0.01059	0.00347	0.00814	0.38155	0.00720	0.00986
1	0.09254	0.02064	0.09472	0.04862	0.11900	0.01843	0.01727	0.13148	0.09736	0.19647	0.02700	0.02676	0.05158	0.01018	0.00828	0.00266	0.00852	0.00826	0.00733	0.01291
2	0.01955	0.01939	0.02823	0.03758	0.38355	0.05908	0.02100	0.02333	0.01835	0.02512	0.02540	0.02936	0.10785	0.01128	0.01269	0.00281	0.15032	0.00899	0.00468	0.01144
3	0.02150	0.02215	0.02767	0.10168	0.36375	0.15307	0.02070	0.02525	0.01908	0.02405	0.01695	0.02525	0.01537	0.11233	0.01353	0.00335	0.01104	0.00786	0.00435	0.01107
4	0.02074	0.01930	0.02133	0.02468	0.17173	0.13495	0.01563	0.02753	0.11696	0.06174	0.09037	0.03554	0.06371	0.01962	0.10746	0.00430	0.01120	0.03617	0.00627	0.01078
5	0.06586	0.01440	0.01557	0.15422	0.02480	0.07939	0.01292	0.02108	0.05329	0.02620	0.07400	0.07365	0.15022	0.01495	0.00892	0.00285	0.00774	0.10123	0.09007	0.00865
6	0.01264	0.00861	0.01114	0.01114	0.01204	0.00931	0.00774	0.01444	0.01354	0.01958	0.02508	0.04304	0.02558	0.33828	0.32375	0.01007	0.01443	0.01043	0.08260	0.00656
7	0.01476	0.01019	0.01261	0.01235	0.01406	0.01065	0.00876	0.01987	0.10819	0.06019	0.09560	0.16421	0.03745	0.23205	0.15397	0.00676	0.00988	0.01356	0.00682	0.00807
8	0.01140	0.00810	0.00931	0.00983	0.01052	0.00769	0.00613	0.01221	0.01477	0.01914	0.04367	0.22877	0.15720	0.39142	0.02831	0.00594	0.00661	0.01657	0.00641	0.00601
9	0.01193	0.00812	0.00967	0.01010	0.01030	0.00810	0.00608	0.01243	0.01330	0.01783	0.03094	0.19336	0.03587	0.51665	0.07326	0.00753	0.00839	0.01475	0.00572	0.00568
10	0.01186	0.00823	0.01042	0.01159	0.01219	0.00804	0.00798	0.01324	0.01539	0.02038	0.03842	0.31497	0.04457	0.29805	0.02414	0.00548	0.00687	0.13501	0.00678	0.00639
11	0.15866	0.00927	0.01125	0.01116	0.01242	0.00966	0.00786	0.01432	0.01351	0.02185	0.07427	0.10349	0.02433	0.02394	0.02319	0.45419	0.00665	0.00949	0.00499	0.00552
12	0.01041	0.00857	0.00872	0.00872	0.01116	0.00734	0.00627	0.01224	0.01834	0.02201	0.07727	0.07795	0.55201	0.12385	0.01507	0.00368	0.00490	0.01712	0.00749	0.00688
13	0.01099	0.00795	0.01038	0.01126	0.01244	0.00735	0.00788	0.01346	0.01939	0.02647	0.27418	0.42741	0.09335	0.02292	0.01051	0.00313	0.00456	0.02057	0.00845	0.00735
14	0.06495	0.01518	0.01736	0.01486	0.01931	0.01575	0.01169	0.17655	0.11131	0.15678	0.12539	0.14576	0.05941	0.01464	0.00905	0.00280	0.00668	0.01230	0.00874	0.01151
15	0.01473	0.01052	0.01281	0.01250	0.01399	0.01107	0.00876	0.10421	0.01798	0.02433	0.03108	0.23845	0.03412	0.26388	0.15562	0.00706	0.01039	0.01456	0.00637	0.00759
16	0.01148	0.00808	0.00934	0.00988	0.01045	0.00772	0.00610	0.01221	0.01450	0.01890	0.04124	0.23434	0.13023	0.41447	0.02944	0.00613	0.00675	0.01644	0.00632	0.00594
17	0.01324	0.01140	0.01262	0.01320	0.05119	0.01104	0.00924	0.02044	0.15289	0.02669	0.10501	0.06631	0.43848	0.01830	0.00966	0.00284	0.00516	0.01538	0.00794	0.00897
18	0.02194	0.01828	0.01658	0.01492	0.01883	0.14874	0.01143	0.02940	0.15522	0.12867	0.16645	0.07314	0.13249	0.01431	0.00905	0.00268	0.00757	0.01179	0.00806	0.01044

[dist]
# distance from previous block
# <min> <max>
0	1

[block]
# block no. 1 follows, 21 sequences, length 63
# corresponding to MSA columns:
# 27-89
name=unknown_B
#
# <colnr> <probs for GDERKNQSTAVLIFYWHMCP>
#	G	D	E	R	K	N	Q	S	T	A	V	L	I	F	Y	W	H	M	C	P
0	0.06306	0.02263	0.16303	0.01867	0.02296	0.05453	0.01735	0.02468	0.11192	0.02572	0.02480	0.18864	0.02449	0.01499	0.01365	0.00314	0.17856	0.01141	0.00563	0.01012
1	0.02626	0.23047	0.08799	0.02014	0.02612	0.36156	0.04231	0.02956	0.02084	0.02136	0.01367	0.01642	0.01159	0.01127	0.04382	0.00280	0.01366	0.00568	0.00410	0.01036
2	0.01174	0.00869	0.01095	0.01038	0.01252	0.00790	0.00779	0.01546	0.02336	0.03240	0.55707	0.06641	0.16765	0.01804	0.01004	0.00271	0.00406	0.01579	0.00914	0.00790
3	0.01969	0.06976	0.19910	0.03494	0.16283	0.02157	0.31362	0.02684	0.01924	0.02685	0.01615	0.02075	0.01237	0.00749	0.00894	0.00269	0.01272	0.00827	0.00407	0.01212
4	0.50525	0.01905	0.01708	0.01414	0.01994	0.02165	0.01166	0.23368	0.02344	0.04361	0.01486	0.01614	0.01106	0.00871	0.00641	0.00261	0.00756	0.00568	0.00641	0.01106
5	0.02106	0.02022	0.03454	0.05223	0.64784	0.02022	0.02612	0.02612	0.01938	0.02780	0.01601	0.02106	0.01348	0.00758	0.00842	0.00253	0.01011	0.00758	0.00421	0.01348
6	0.01204	0.00870	0.01138	0.01071	0.01271	0.00803	0.00803	0.01606	0.02409	0.03413	0.64335	0.06357	0.08030	0.01740	0.01004	0.00268	0.00401	0.01539	0.00937	0.00803
7	0.01233	0.00845	0.01028	0.01028	0.01062	0.00879	0.00640	0.01302	0.01267	0.01724	0.02590	0.05064	0.02875	0.55648	0.18476	0.00948	0.01155	0.01164	0.00502	0.00571
8	0.01903	0.01984	0.03288	0.02616	0.02859	0.02478	0.18751	0.02239	0.01502	0.02239	0.01288	0.01984	0.01166	0.01272	0.02288	0.00348	0.49593	0.00818	0.00389	0.00992
9	0.76103	0.01646	0.01251	0.01119	0.01646	0.01909	0.00922	0.02502	0.01448	0.03818	0.01185	0.01382	0.00922	0.00790	0.00527	0.00263	0.00658	0.00461	0.00527	0.00922
10	0.02763	0.06727	0.03101	0.02360	0.02975	0.25650	0.15209	0.17905	0.09180	0.03199	0.01811	0.02000	0.01388	0.00898	0.00840	0.00249	0.01236	0.00745	0.00581	0.01182
11	0.01238	0.00825	0.00928	0.00928	0.00928	0.00825	0.00516	0.01238	0.01238	0.01650	0.02681	0.05569	0.03094	0.70092	0.04331	0.00825	0.00825	0.01238	0.00516	0.00516
12	0.02323	0.02685	0.01957	0.01833	0.02146	0.38076	0.01391	0.02579	0.01957	0.02036	0.01736	0.02323	0.01546	0.03277	0.29515	0.00720	0.01859	0.00707	0.00446	0.00888
13	0.01051	0.00847	0.00944	0.01009	0.01233	0.00739	0.00755	0.01269	0.01871	0.02296	0.07302	0.22245	0.44909	0.02291	0.01042	0.00311	0.00482	0.07896	0.00790	0.00719
14	0.02003	0.01917	0.03268	0.18209	0.52605	0.01995	0.02560	0.02521	0.01889	0.02655	0.01583	0.02140	0.01304	0.00777	0.00844	0.00259	0.01037	0.00758	0.00412	0.01265
15	0.02160	0.02123	0.03402	0.05073	0.61688	0.05242	0.02564	0.02651	0.01961	0.02745	0.01587	0.02078	0.01335	0.00764	0.00839	0.00251	0.01037	0.00748	0.00422	0.01330
16	0.03121	0.03947	0.02467	0.02355	0.05962	0.63211	0.01696	0.03356	0.02386	0.02120	0.01331	0.01565	0.01110	0.00871	0.00771	0.00221	0.01507	0.00559	0.00438	0.01006
17	0.01755	0.07512	0.59501	0.02522	0.06745	0.02047	0.03034	0.02684	0.01801	0.02666	0.01514	0.01792	0.01093	0.00802	0.00797	0.00264	0.01228	0.00627	0.00363	0.01254
18	0.02106	0.02022	0.03454	0.05223	0.64784	0.02022	0.02612	0.02612	0.01938	0.02780	0.01601	0.02106	0.01348	0.00758	0.00842	0.00253	0.01011	0.00758	0.00421	0.01348
19	0.01006	0.00862	0.00862	0.00862	0.01149	0.00718	0.00647	0.01221	0.01940	0.02299	0.08621	0.08190	0.64438	0.02155	0.01006	0.00287	0.00431	0.01796	0.00790	0.00718
20	0.01862	0.01862	0.02607	0.02234	0.02234	0.02607	0.01862	0.02048	0.01303	0.02048	0.01117	0.01862	0.01117	0.01489	0.02793	0.00372	0.68535	0.00745	0.00372	0.00931
21	0.01216	0.00912	0.01368	0.01368	0.01520	0.01064	0.01064	0.01520	0.01368	0.01976	0.02279	0.03343	0.02127	0.06382	0.66720	0.01368	0.02279	0.00912	0.00456	0.00760
22	0.01037	0.00741	0.00987	0.01185	0.01234	0.00691	0.00790	0.01185	0.01629	0.02172	0.04690	0.69537	0.05629	0.02666	0.01086	0.00346	0.00494	0.02419	0.00790	0.00691
23	0.02117	0.01828	0.01924	0.01732	0.02213	0.02117	0.01347	0.04522	0.63246	0.03560	0.03464	0.03175	0.02598	0.01155	0.00866	0.00289	0.00673	0.00962	0.00866	0.01347
24	0.02106	0.02022	0.03454	0.05223	0.64784	0.02022	0.02612	0.02612	0.01938	0.02780	0.01601	0.02106	0.01348	0.00758	0.00842	0.00253	0.01011	0.00758	0.00421	0.01348
25	0.01238	0.00825	0.00928	0.00928	0.00928	0.00825	0.00516	0.01238	0.01238	0.01650	0.02681	0.05569	0.03094	0.70092	0.04331	0.00825	0.00825	0.01238	0.00516	0.00516
26	0.03235	0.02384	0.02554	0.01958	0.02639	0.02639	0.01618	0.61946	0.04001	0.05363	0.02043	0.02043	0.01447	0.01022	0.00851	0.00255	0.00936	0.00766	0.00851	0.01447
27	0.01586	0.00793	0.00793	0.00793	0.00991	0.00793	0.00595	0.01983	0.01785	0.03173	0.02776	0.03173	0.02181	0.00991	0.00595	0.00198	0.00397	0.00793	0.74817	0.00793
28	0.03202	0.03362	0.02471	0.02095	0.02634	0.40088	0.01633	0.27707	0.03072	0.03445	0.01618	0.01746	0.01242	0.00937	0.00802	0.00234	0.01286	0.00639	0.00610	0.01178
29	0.01006	0.00862	0.00862	0.00862	0.01149	0.00718	0.00647	0.01221	0.01940	0.02299	0.08621	0.08190	0.64438	0.02155	0.01006	0.00287	0.00431	0.01796	0.00790	0.00718
30	0.76103	0.01646	0.01251	0.01119	0.01646	0.01909	0.00922	0.02502	0.01448	0.03818	0.01185	0.01382	0.00922	0.00790	0.00527	0.00263	0.00658	0.00461	0.00527	0.00922
31	0.02117	0.01828	0.01924	0.01732	0.02213	0.02117	0.01347	0.04522	0.63246	0.03560	0.03464	0.03175	0.02598	0.01155	0.00866	0.00289	0.00673	0.00962	0.00866	0.01347
32	0.01586	0.00793	0.00793	0.00793	0.00991	0.00793	0.00595	0.01983	0.01785	0.03173	0.02776	0.03173	0.02181	0.00991	0.00595	0.00198	0.00397	0.00793	0.74817	0.00793
33	0.01897	0.03072	0.27391	0.03159	0.04166	0.02087	0.40102	0.02715	0.01930	0.02715	0.01650	0.02112	0.01213	0.00751	0.00932	0.00281	0.01369	0.00866	0.00404	0.01188
34	0.01238	0.00825	0.00928	0.00928	0.00928	0.00825	0.00516	0.01238	0.01238	0.01650	0.02681	0.05569	0.03094	0.70092	0.04331	0.00825	0.00825	0.01238	0.00516	0.00516
35	0.03077	0.03448	0.02556	0.02462	0.09275	0.44805	0.01741	0.16993	0.02732	0.02924	0.01516	0.01715	0.01205	0.00898	0.00795	0.00231	0.01339	0.00622	0.00533	0.01133
36	0.01026	0.00863	0.00891	0.00884	0.01162	0.00727	0.00663	0.01261	0.01989	0.02415	0.14419	0.07999	0.58568	0.02112	0.01006	0.00285	0.00428	0.01769	0.00806	0.00727
37	0.02106	0.02022	0.03454	0.05223	0.64784	0.02022	0.02612	0.02612	0.01938	0.02780	0.01601	0.02106	0.01348	0.00758	0.00842	0.00253	0.01011	0.00758	0.00421	0.01348
38	0.01371	0.00980	0.01371	0.01567	0.01763	0.00980	0.01371	0.01763	0.01959	0.02547	0.04506	0.09599	0.04898	0.02351	0.01175	0.00392	0.00784	0.59056	0.00784	0.00784
39	0.02051	0.01965	0.03354	0.12231	0.58211	0.02007	0.02584	0.02563	0.01911	0.02713	0.01591	0.02124	0.01324	0.00769	0.00843	0.00256	0.01025	0.00758	0.00416	0.01303
40	0.01037	0.00741	0.00987	0.01185	0.01234	0.00691	0.00790	0.01185	0.01629	0.02172	0.04690	0.69537	0.05629	0.02666	0.01086	0.00346	0.00494	0.02419	0.00790	0.00691
41	0.01994	0.01898	0.03184	0.19316	0.48721	0.01996	0.02501	0.02595	0.04534	0.02677	0.01661	0.02189	0.01354	0.00796	0.00845	0.00261	0.01024	0.00767	0.00431	0.01257
42	0.02275	0.70604	0.04459	0.01456	0.02184	0.03367	0.01456	0.02548	0.01729	0.02002	0.01183	0.01365	0.01092	0.00728	0.00546	0.00182	0.00910	0.00455	0.00364	0.01092
43	0.03179	0.04056	0.02412	0.02192	0.02631	0.66676	0.01644	0.03398	0.02412	0.02083	0.01315	0.01535	0.01096	0.00877	0.00767	0.00219	0.01535	0.00548	0.00438	0.00987
44	0.01006	0.00862	0.00862	0.00862	0.01149	0.00718	0.00647	0.01221	0.01940	0.02299	0.08621	0.08190	0.64438	0.02155	0.01006	0.00287	0.00431	0.01796	0.00790	0.00718
45	0.01315	0.01052	0.01196	0.01202	0.01425	0.01078	0.00871	0.01994	0.15617	0.02442	0.05088	0.21638	0.21774	0.10494	0.08408	0.00481	0.00746	0.01603	0.00739	0.00835
46	0.02942	0.02444	0.21542	0.01841	0.02663	0.01643	0.01861	0.06549	0.09464	0.35968	0.02745	0.02550	0.01817	0.00989	0.00842	0.00268	0.00892	0.00794	0.00809	0.01378
47	0.02106	0.02022	0.03454	0.05223	0.64784	0.02022	0.02612	0.02612	0.01938	0.02780	0.01601	0.02106	0.01348	0.00758	0.00842	0.00253	0.01011	0.00758	0.00421	0.01348
48	0.01135	0.00811	0.01100	0.01297	0.01390	0.00776	0.00961	0.01355	0.01726	0.02282	0.04636	0.51935	0.05414	0.02574	0.01112	0.00359	0.00579	0.19051	0.00788	0.00718
49	0.01137	0.00841	0.01070	0.01167	0.01293	0.00800	0.00815	0.01478	0.05268	0.02569	0.19848	0.46200	0.09684	0.02318	0.01048	0.00319	0.00477	0.02079	0.00831	0.00757
50	0.02168	0.06620	0.03178	0.02443	0.02817	0.16934	0.16751	0.02510	0.01763	0.02217	0.01416	0.01992	0.01240	0.01524	0.07161	0.00389	0.26712	0.00762	0.00409	0.00993
51	0.02662	0.02486	0.01988	0.01788	0.02187	0.30758	0.01378	0.03048	0.05422	0.14581	0.02121	0.02430	0.01684	0.02565	0.20421	0.00574	0.01550	0.00739	0.00588	0.01030
52	0.01216	0.00912	0.01368	0.01368	0.01520	0.01064	0.01064	0.01520	0.01368	0.01976	0.02279	0.03343	0.02127	0.06382	0.66720	0.01368	0.02279	0.00912	0.00456	0.00760
53	0.01216	0.00912	0.01368	0.01368	0.01520	0.01064	0.01064	0.01520	0.01368	0.01976	0.02279	0.03343	0.02127	0.06382	0.66720	0.01368	0.02279	0.00912	0.00456	0.00760
54	0.02066	0.02261	0.09717	0.04942	0.58635	0.02017	0.02665	0.02620	0.01924	0.02772	0.01593	0.02075	0.01321	0.00763	0.00839	0.00254	0.01036	0.00745	0.00415	0.01339
55	0.01209	0.00872	0.01180	0.01365	0.01504	0.00843	0.01084	0.01487	0.01818	0.02374	0.04815	0.34966	0.08540	0.02474	0.01128	0.00366	0.00641	0.31806	0.00787	0.00741
56	0.06183	0.06633	0.02585	0.02329	0.08098	0.41027	0.01684	0.16089	0.02644	0.02935	0.01488	0.01682	0.01188	0.00887	0.00771	0.00230	0.01289	0.00606	0.00528	0.01122
57	0.11241	0.02767	0.02371	0.01931	0.02527	0.20362	0.01548	0.39125	0.03278	0.04281	0.01746	0.01829	0.01292	0.00956	0.00792	0.00246	0.01072	0.00672	0.00701	0.01261
58	0.02268	0.02511	0.06540	0.07519	0.36651	0.15214	0.04790	0.05446	0.02113	0.02692	0.01919	0.02298	0.04509	0.00873	0.00841	0.00252	0.01124	0.00772	0.00458	0.01210
59	0.05731	0.09258	0.04997	0.01592	0.02051	0.04937	0.01316	0.14884	0.16182	0.03305	0.06680	0.19587	0.03079	0.01454	0.00869	0.00278	0.00758	0.01213	0.00733	0.01098
60	0.01838	0.01348	0.01536	0.01365	0.01672	0.01368	0.00998	0.19843	0.02269	0.03081	0.03028	0.25414	0.03235	0.18879	0.01780	0.00414	0.00727	0.01407	0.00708	0.09090
61	0.02723	0.02565	0.02598	0.02719	0.16612	0.18654	0.01805	0.18060	0.12551	0.06021	0.01989	0.02138	0.01531	0.00977	0.00950	0.00259	0.05216	0.00743	0.00630	0.01259
62	0.02343	0.41987	0.14810	0.01788	0.02540	0.15505	0.01788	0.02849	0.05229	0.02226	0.01395	0.01574	0.01172	0.00795	0.00654	0.00211	0.01082	0.00532	0.00405	0.01115

[dist]
# distance from previous block
# <min> <max>
4	32

[block]
# block no. 2 follows, 21 sequences, length 75
# corresponding to MSA columns:
# 122-196
name=unknown_C
#
# <colnr> <probs for GDERKNQSTAVLIFYWHMCP>
#	G	D	E	R	K	N	Q	S	T	A	V	L	I	F	Y	W	H	M	C	P
0	0.02822	0.03025	0.05471	0.02198	0.05815	0.29571	0.01702	0.19476	0.12444	0.03302	0.02016	0.02318	0.01604	0.01013	0.00829	0.00252	0.01161	0.03158	0.00629	0.01194
1	0.02831	0.17841	0.05617	0.02310	0.08232	0.41427	0.01754	0.06118	0.02280	0.02323	0.01360	0.01588	0.01135	0.00839	0.00734	0.00218	0.01313	0.00562	0.00439	0.01077
2	0.02286	0.02362	0.03280	0.04717	0.54389	0.12835	0.02450	0.02743	0.02017	0.02664	0.01553	0.02011	0.01306	0.00778	0.00830	0.00247	0.01099	0.00723	0.00424	0.01288
3	0.01037	0.00741	0.00987	0.01185	0.01234	0.00691	0.00790	0.01185	0.01629	0.02172	0.04690	0.69537	0.05629	0.02666	0.01086	0.00346	0.00494	0.02419	0.00790	0.00691
4	0.01201	0.00810	0.00939	0.00975	0.00984	0.00801	0.00565	0.01228	0.01308	0.01745	0.03045	0.17152	0.03553	0.57883	0.03744	0.00738	0.00765	0.01452	0.00565	0.00547
5	0.02086	0.02261	0.02299	0.02045	0.02195	0.19643	0.01639	0.02305	0.01617	0.02043	0.01410	0.02078	0.01319	0.02329	0.15379	0.00535	0.36775	0.00726	0.00407	0.00911
6	0.01371	0.00980	0.01371	0.01567	0.01763	0.00980	0.01371	0.01763	0.01959	0.02547	0.04506	0.09599	0.04898	0.02351	0.01175	0.00392	0.00784	0.59056	0.00784	0.00784
7	0.02426	0.59474	0.04117	0.01579	0.02259	0.13955	0.01488	0.02690	0.01843	0.02016	0.01205	0.01393	0.01093	0.00753	0.00583	0.00188	0.01015	0.00471	0.00376	0.01074
8	0.01216	0.00912	0.01368	0.01368	0.01520	0.01064	0.01064	0.01520	0.01368	0.01976	0.02279	0.03343	0.02127	0.06382	0.66720	0.01368	0.02279	0.00912	0.00456	0.00760
9	0.02275	0.70604	0.04459	0.01456	0.02184	0.03367	0.01456	0.02548	0.01729	0.02002	0.01183	0.01365	0.01092	0.00728	0.00546	0.00182	0.00910	0.00455	0.00364	0.01092
10	0.03179	0.04056	0.02412	0.02192	0.02631	0.66676	0.01644	0.03398	0.02412	0.02083	0.01315	0.01535	0.01096	0.00877	0.00767	0.00219	0.01535	0.00548	0.00438	0.00987
11	0.03698	0.01640	0.02094	0.01605	0.02268	0.01536	0.01326	0.16023	0.02757	0.53043	0.03087	0.02721	0.01971	0.01047	0.00855	0.00262	0.00768	0.00837	0.01012	0.01448
12	0.01216	0.00912	0.01368	0.01368	0.01520	0.01064	0.01064	0.01520	0.01368	0.01976	0.02279	0.03343	0.02127	0.06382	0.66720	0.01368	0.02279	0.00912	0.00456	0.00760
13	0.01355	0.01117	0.01635	0.01555	0.01674	0.01397	0.01236	0.01634	0.01354	0.01991	0.02028	0.03023	0.01909	0.05326	0.52913	0.01153	0.16589	0.00876	0.00438	0.00797
14	0.01194	0.00869	0.01123	0.01060	0.01265	0.00799	0.00795	0.01586	0.02384	0.03355	0.61436	0.06452	0.10965	0.01761	0.01004	0.00269	0.00403	0.01552	0.00929	0.00799
15	0.01037	0.00741	0.00987	0.01185	0.01234	0.00691	0.00790	0.01185	0.01629	0.02172	0.04690	0.69537	0.05629	0.02666	0.01086	0.00346	0.00494	0.02419	0.00790	0.00691
16	0.02263	0.01849	0.01979	0.01733	0.02230	0.02091	0.01379	0.16911	0.43055	0.03833	0.03441	0.03605	0.05103	0.01255	0.00891	0.00289	0.00730	0.05209	0.00853	0.01302
17	0.03184	0.03899	0.02425	0.02170	0.02632	0.60656	0.01642	0.08902	0.02561	0.02391	0.01384	0.01582	0.01129	0.00891	0.00775	0.00223	0.01478	0.00569	0.00477	0.01030
18	0.02920	0.03666	0.02990	0.02501	0.03034	0.52372	0.14956	0.03249	0.02322	0.02225	0.01405	0.01703	0.01139	0.00842	0.00820	0.00234	0.01513	0.00649	0.00437	0.01022
19	0.02287	0.41748	0.03729	0.02062	0.08135	0.10966	0.01672	0.02557	0.01746	0.02095	0.01225	0.01558	0.01122	0.00906	0.01063	0.00232	0.14892	0.00555	0.00380	0.01070
20	0.01238	0.01550	0.14323	0.01453	0.01769	0.01032	0.01286	0.01661	0.04650	0.02320	0.03875	0.49018	0.04412	0.05755	0.01189	0.00352	0.00677	0.01918	0.00691	0.00830
21	0.01840	0.02888	0.27512	0.03027	0.15849	0.02130	0.08680	0.02464	0.01701	0.02517	0.01487	0.01993	0.01209	0.01197	0.04082	0.00340	0.18800	0.00736	0.00387	0.01159
22	0.17562	0.01332	0.01488	0.01258	0.01693	0.01320	0.00974	0.05241	0.01699	0.08412	0.02003	0.02787	0.01774	0.13615	0.15910	0.00566	0.01059	0.00753	0.00568	0.19986
23	0.05015	0.00890	0.00942	0.00935	0.01152	0.00813	0.00664	0.01345	0.01821	0.02398	0.14762	0.10178	0.37444	0.16009	0.01668	0.00397	0.00523	0.01607	0.00741	0.00698
24	0.02606	0.02016	0.02215	0.01675	0.02375	0.02027	0.01367	0.35744	0.06168	0.04263	0.01910	0.01993	0.01434	0.00876	0.00766	0.00207	0.00804	0.00674	0.00717	0.30163
25	0.02009	0.02296	0.05022	0.03587	0.04448	0.02152	0.61693	0.02726	0.02009	0.02726	0.01722	0.02296	0.01291	0.00717	0.01004	0.00287	0.01435	0.01004	0.00430	0.01148
26	0.01607	0.01513	0.02552	0.68047	0.05861	0.01891	0.02363	0.02174	0.01702	0.02174	0.01513	0.02269	0.01134	0.00851	0.00851	0.00284	0.01134	0.00756	0.00378	0.00945
27	0.01115	0.00866	0.01014	0.00977	0.01217	0.00765	0.00733	0.01434	0.02199	0.02914	0.39367	0.07178	0.33309	0.01926	0.01005	0.00276	0.00415	0.01654	0.00871	0.00765
28	0.02117	0.01828	0.01924	0.01732	0.02213	0.02117	0.01347	0.04522	0.63246	0.03560	0.03464	0.03175	0.02598	0.01155	0.00866	0.00289	0.00673	0.00962	0.00866	0.01347
29	0.01037	0.00741	0.00987	0.01185	0.01234	0.00691	0.00790	0.01185	0.01629	0.02172	0.04690	0.69537	0.05629	0.02666	0.01086	0.00346	0.00494	0.02419	0.00790	0.00691
30	0.01337	0.00968	0.01323	0.01501	0.01705	0.00955	0.01303	0.01712	0.01957	0.02523	0.04893	0.09467	0.10495	0.02332	0.01159	0.00382	0.00750	0.53673	0.00784	0.00777
31	0.01252	0.01085	0.01882	0.01717	0.01947	0.01015	0.14291	0.01527	0.01713	0.02295	0.04032	0.54631	0.04667	0.02234	0.01068	0.00333	0.00702	0.02106	0.00710	0.00792
32	0.02275	0.70604	0.04459	0.01456	0.02184	0.03367	0.01456	0.02548	0.01729	0.02002	0.01183	0.01365	0.01092	0.00728	0.00546	0.00182	0.00910	0.00455	0.00364	0.01092
33	0.01324	0.01330	0.01089	0.01057	0.01366	0.10371	0.00793	0.01540	0.02009	0.02267	0.07552	0.07216	0.55168	0.01968	0.00971	0.00277	0.00593	0.01613	0.00739	0.00758
34	0.01707	0.04402	0.65683	0.02426	0.03683	0.01976	0.03144	0.02695	0.01797	0.02695	0.01527	0.01797	0.01078	0.00809	0.00809	0.00270	0.01258	0.00629	0.00359	0.01258
35	0.01947	0.02728	0.17485	0.03348	0.04291	0.02116	0.49663	0.02720	0.01965	0.02720	0.01682	0.02193	0.01247	0.00736	0.00964	0.00283	0.01398	0.00927	0.00416	0.01170
36	0.02354	0.02607	0.02849	0.20639	0.27365	0.24827	0.02205	0.02775	0.02043	0.02375	0.01477	0.01947	0.01203	0.00824	0.00818	0.00249	0.01228	0.00683	0.00416	0.01115
37	0.01216	0.00912	0.01368	0.01368	0.01520	0.01064	0.01064	0.01520	0.01368	0.01976	0.02279	0.03343	0.02127	0.06382	0.66720	0.01368	0.02279	0.00912	0.00456	0.00760
38	0.01186	0.00869	0.01112	0.01051	0.01260	0.00795	0.00788	0.01570	0.02365	0.03308	0.59097	0.06529	0.13332	0.01779	0.01004	0.00270	0.00404	0.01563	0.00923	0.00795
39	0.03179	0.04056	0.02412	0.02192	0.02631	0.66676	0.01644	0.03398	0.02412	0.02083	0.01315	0.01535	0.01096	0.00877	0.00767	0.00219	0.01535	0.00548	0.00438	0.00987
40	0.02052	0.02075	0.03865	0.08014	0.44094	0.02053	0.19856	0.02622	0.01946	0.02733	0.01631	0.02170	0.01320	0.00751	0.00890	0.00264	0.01141	0.00830	0.00422	0.01269
41	0.25017	0.09423	0.02200	0.01757	0.02234	0.37802	0.01379	0.02951	0.02003	0.02594	0.01313	0.01565	0.01096	0.01119	0.04054	0.00288	0.01249	0.00532	0.00459	0.00965
42	0.01970	0.26651	0.42004	0.02088	0.03128	0.05601	0.02503	0.02680	0.01804	0.02432	0.01401	0.01639	0.01084	0.00785	0.00718	0.00238	0.01154	0.00566	0.00365	0.01189
43	0.02106	0.02022	0.03454	0.05223	0.64784	0.02022	0.02612	0.02612	0.01938	0.02780	0.01601	0.02106	0.01348	0.00758	0.00842	0.00253	0.01011	0.00758	0.00421	0.01348
44	0.01586	0.00793	0.00793	0.00793	0.00991	0.00793	0.00595	0.01983	0.01785	0.03173	0.02776	0.03173	0.02181	0.00991	0.00595	0.00198	0.00397	0.00793	0.74817	0.00793
45	0.01453	0.01297	0.02068	0.01775	0.01976	0.01445	0.11317	0.01711	0.01499	0.02089	0.02686	0.12383	0.05716	0.17624	0.16678	0.00669	0.15098	0.01211	0.00509	0.00796
46	0.03721	0.01605	0.02072	0.01588	0.02250	0.01483	0.01312	0.13814	0.02698	0.55337	0.03138	0.02754	0.01996	0.01048	0.00855	0.00262	0.00760	0.00841	0.01020	0.01448
47	0.01152	0.00789	0.00954	0.01038	0.01059	0.00768	0.00633	0.01215	0.01405	0.01873	0.03540	0.32921	0.04178	0.41261	0.02944	0.00620	0.00683	0.01743	0.00633	0.00591
48	0.76103	0.01646	0.01251	0.01119	0.01646	0.01909	0.00922	0.02502	0.01448	0.03818	0.01185	0.01382	0.00922	0.00790	0.00527	0.00263	0.00658	0.00461	0.00527	0.00922
49	0.02897	0.03520	0.02686	0.02990	0.18995	0.49653	0.01899	0.03191	0.02287	0.02266	0.01391	0.01685	0.01162	0.00846	0.00787	0.00228	0.01397	0.00603	0.00434	0.01082
50	0.01037	0.00741	0.00987	0.01185	0.01234	0.00691	0.00790	0.01185	0.01629	0.02172	0.04690	0.69537	0.05629	0.02666	0.01086	0.00346	0.00494	0.02419	0.00790	0.00691
51	0.01718	0.01626	0.02752	0.54120	0.18923	0.01920	0.02418	0.02271	0.01754	0.02309	0.01532	0.02233	0.01182	0.00830	0.00849	0.00277	0.01107	0.00757	0.00388	0.01035
52	0.03141	0.03006	0.02501	0.02064	0.02615	0.27529	0.01641	0.36039	0.03241	0.03914	0.01712	0.01836	0.01293	0.00990	0.00921	0.00247	0.04722	0.00680	0.00666	0.01241
53	0.01740	0.01296	0.01525	0.01330	0.01663	0.01333	0.01035	0.15256	0.08481	0.03859	0.44804	0.05101	0.06060	0.01526	0.00957	0.00267	0.00546	0.01313	0.00911	0.00997
54	0.01958	0.02023	0.02592	0.02231	0.02263	0.07299	0.01846	0.02147	0.01384	0.02051	0.01132	0.01838	0.01116	0.01445	0.02644	0.00361	0.63627	0.00730	0.00377	0.00935
55	0.01856	0.01875	0.02377	0.42488	0.07725	0.12579	0.02088	0.02332	0.01876	0.02254	0.01990	0.03377	0.01776	0.01104	0.00891	0.00290	0.01136	0.10581	0.00459	0.00946
56	0.01177	0.00800	0.00946	0.01006	0.01021	0.00785	0.00598	0.01222	0.01356	0.01808	0.03288	0.24888	0.03859	0.49729	0.03351	0.00680	0.00725	0.01594	0.00598	0.00569
57	0.02809	0.03064	0.02803	0.03225	0.24601	0.33362	0.01982	0.12684	0.02504	0.02865	0.01535	0.01820	0.01243	0.00859	0.00808	0.00237	0.01252	0.00658	0.00500	0.01190
58	0.01045	0.00837	0.00935	0.00967	0.01188	0.00726	0.00704	0.01277	0.01949	0.02455	0.16951	0.21340	0.42235	0.02199	0.01023	0.00297	0.00440	0.01890	0.00814	0.00726
59	0.01765	0.01513	0.01765	0.01260	0.02017	0.01134	0.01008	0.02143	0.01765	0.02773	0.01513	0.01765	0.01260	0.00630	0.00630	0.00126	0.00630	0.00504	0.00504	0.75295
60	0.01238	0.00825	0.00928	0.00928	0.00928	0.00825	0.00516	0.01238	0.01238	0.01650	0.02681	0.05569	0.03094	0.70092	0.04331	0.00825	0.00825	0.01238	0.00516	0.00516
61	0.01951	0.02100	0.02951	0.02392	0.02760	0.12771	0.19262	0.02331	0.01714	0.02234	0.01643	0.02336	0.01438	0.02483	0.19217	0.00591	0.19611	0.00834	0.00423	0.00958
62	0.01238	0.00825	0.00928	0.00928	0.00928	0.00825	0.00516	0.01238	0.01238	0.01650	0.02681	0.05569	0.03094	0.70092	0.04331	0.00825	0.00825	0.01238	0.00516	0.00516
63	0.02106	0.02022	0.03454	0.05223	0.64784	0.02022	0.02612	0.02612	0.01938	0.02780	0.01601	0.02106	0.01348	0.00758	0.00842	0.00253	0.01011	0.00758	0.00421	0.01348
64	0.01217	0.00905	0.01335	0.01335	0.01476	0.01046	0.01024	0.01499	0.01358	0.01952	0.02309	0.03506	0.02198	0.11049	0.62150	0.01328	0.02173	0.00936	0.00460	0.00742
65	0.03045	0.02245	0.02442	0.01903	0.02534	0.02491	0.01565	0.56266	0.03754	0.05045	0.02065	0.02165	0.01511	0.01526	0.07043	0.00360	0.01063	0.00780	0.00814	0.01383
66	0.02275	0.70604	0.04459	0.01456	0.02184	0.03367	0.01456	0.02548	0.01729	0.02002	0.01183	0.01365	0.01092	0.00728	0.00546	0.00182	0.00910	0.00455	0.00364	0.01092
67	0.01037	0.00741	0.00987	0.01185	0.01234	0.00691	0.00790	0.01185	0.01629	0.02172	0.04690	0.69537	0.05629	0.02666	0.01086	0.00346	0.00494	0.02419	0.00790	0.00691
68	0.01120	0.00860	0.01025	0.00998	0.01223	0.00765	0.00743	0.01438	0.02190	0.02926	0.40111	0.10358	0.29269	0.01946	0.01009	0.00279	0.00418	0.01682	0.00874	0.00765
69	0.03179	0.04056	0.02412	0.02192	0.02631	0.66676	0.01644	0.03398	0.02412	0.02083	0.01315	0.01535	0.01096	0.00877	0.00767	0.00219	0.01535	0.00548	0.00438	0.00987
70	0.03235	0.02384	0.02554	0.01958	0.02639	0.02639	0.01618	0.61946	0.04001	0.05363	0.02043	0.02043	0.01447	0.01022	0.00851	0.00255	0.00936	0.00766	0.00851	0.01447
71	0.01998	0.01911	0.03258	0.18885	0.51970	0.01993	0.02558	0.02517	0.01886	0.02648	0.01582	0.02142	0.01302	0.00778	0.00844	0.00259	0.01038	0.00758	0.00412	0.01260
72	0.02117	0.01828	0.01924	0.01732	0.02213	0.02117	0.01347	0.04522	0.63246	0.03560	0.03464	0.03175	0.02598	0.01155	0.00866	0.00289	0.00673	0.00962	0.00866	0.01347
73	0.01216	0.00912	0.01368	0.01368	0.01520	0.01064	0.01064	0.01520	0.01368	0.01976	0.02279	0.03343	0.02127	0.06382	0.66720	0.01368	0.02279	0.00912	0.00456	0.00760
74	0.03028	0.15186	0.02754	0.02069	0.02556	0.56088	0.01613	0.03256	0.02297	0.02069	0.01293	0.01506	0.01096	0.00852	0.00730	0.00213	0.01430	0.00533	0.00426	0.01004

[dist]
# distance from previous block
# <min> <max>
2	3

[block]
# block no. 3 follows, 21 sequences, length 105
# corresponding to MSA columns:
# 200-304
name=unknown_D
#
# <colnr> <probs for GDERKNQSTAVLIFYWHMCP>
#	G	D	E	R	K	N	Q	S	T	A	V	L	I	F	Y	W	H	M	C	P
0	0.02908	0.03534	0.02613	0.02815	0.15776	0.50346	0.01837	0.03278	0.04797	0.02291	0.01464	0.01723	0.01211	0.00863	0.00787	0.00229	0.01389	0.00610	0.00452	0.01078
1	0.01188	0.00833	0.00914	0.00914	0.00975	0.00802	0.00543	0.01234	0.01386	0.01787	0.03939	0.06124	0.16085	0.55705	0.03627	0.00711	0.00742	0.01356	0.00574	0.00559
2	0.01478	0.01176	0.01357	0.01368	0.01677	0.01197	0.01119	0.04683	0.15017	0.02792	0.05644	0.07421	0.25421	0.01972	0.01036	0.00327	0.00641	0.23960	0.00806	0.00908
3	0.03197	0.03506	0.02458	0.02115	0.02634	0.45622	0.01635	0.22647	0.02934	0.03161	0.01555	0.01702	0.01212	0.00925	0.00795	0.00231	0.01338	0.00620	0.00574	0.01138
4	0.03110	0.09111	0.02567	0.02136	0.02597	0.61867	0.01630	0.03334	0.02360	0.02077	0.01305	0.01522	0.01096	0.00866	0.00751	0.00216	0.01487	0.00541	0.00433	0.00995
5	0.02106	0.02022	0.03454	0.05223	0.64784	0.02022	0.02612	0.02612	0.01938	0.02780	0.01601	0.02106	0.01348	0.00758	0.00842	0.00253	0.01011	0.00758	0.00421	0.01348
6	0.01315	0.01074	0.01716	0.01586	0.01782	0.01241	0.05616	0.01642	0.01411	0.02036	0.02166	0.03173	0.02003	0.05658	0.57864	0.01226	0.06336	0.00908	0.00449	0.00799
7	0.03091	0.02312	0.02473	0.01929	0.02584	0.02572	0.01583	0.54565	0.11616	0.05132	0.02226	0.02189	0.01595	0.01039	0.00853	0.00260	0.00903	0.00791	0.00853	0.01434
8	0.01401	0.01198	0.01607	0.02020	0.14848	0.01148	0.01291	0.01859	0.05754	0.02542	0.05765	0.06949	0.32054	0.01847	0.01006	0.00307	0.00659	0.16123	0.00715	0.00907
9	0.03084	0.02294	0.02473	0.01886	0.02575	0.02485	0.01555	0.55812	0.03772	0.05098	0.01989	0.02015	0.01428	0.00981	0.00829	0.00242	0.00905	0.00739	0.00816	0.09022
10	0.01238	0.00825	0.00928	0.00928	0.00928	0.00825	0.00516	0.01238	0.01238	0.01650	0.02681	0.05569	0.03094	0.70092	0.04331	0.00825	0.00825	0.01238	0.00516	0.00516
11	0.08494	0.06498	0.02396	0.02032	0.02513	0.49706	0.01562	0.08289	0.06226	0.02576	0.01495	0.01661	0.01206	0.00893	0.00753	0.00228	0.01338	0.00582	0.00503	0.01048
12	0.02745	0.01912	0.02320	0.02240	0.11212	0.02050	0.01579	0.21550	0.22051	0.15846	0.02694	0.02632	0.01954	0.01265	0.03716	0.00315	0.00881	0.00851	0.00816	0.01372
13	0.01102	0.00920	0.00946	0.00931	0.01205	0.00817	0.00688	0.01446	0.05720	0.02380	0.10472	0.07593	0.53278	0.07234	0.01250	0.00327	0.00475	0.01690	0.00781	0.00746
14	0.01519	0.01357	0.01948	0.01774	0.01855	0.01787	0.01438	0.01767	0.01337	0.02010	0.01735	0.02649	0.01654	0.04089	0.36755	0.00901	0.33336	0.00833	0.00417	0.00840
15	0.03224	0.02699	0.02527	0.02002	0.02638	0.14726	0.01623	0.50895	0.03701	0.04744	0.01906	0.01947	0.01381	0.00994	0.00835	0.00249	0.01049	0.00725	0.00773	0.01360
16	0.01707	0.04402	0.65683	0.02426	0.03683	0.01976	0.03144	0.02695	0.01797	0.02695	0.01527	0.01797	0.01078	0.00809	0.00809	0.00270	0.01258	0.00629	0.00359	0.01258
17	0.01037	0.00741	0.00987	0.01185	0.01234	0.00691	0.00790	0.01185	0.01629	0.02172	0.04690	0.69537	0.05629	0.02666	0.01086	0.00346	0.00494	0.02419	0.00790	0.00691
18	0.02086	0.02080	0.03786	0.04877	0.52006	0.02050	0.15124	0.02636	0.01953	0.02769	0.01626	0.02146	0.01336	0.00750	0.00877	0.00260	0.01101	0.00810	0.00423	0.01306
19	0.03183	0.03929	0.02422	0.02175	0.02631	0.61812	0.01642	0.07845	0.02532	0.02332	0.01371	0.01573	0.01123	0.00888	0.00774	0.00222	0.01489	0.00565	0.00470	0.01022
20	0.03179	0.04056	0.02412	0.02192	0.02631	0.66676	0.01644	0.03398	0.02412	0.02083	0.01315	0.01535	0.01096	0.00877	0.00767	0.00219	0.01535	0.00548	0.00438	0.00987
21	0.02107	0.02014	0.03391	0.05078	0.62182	0.02026	0.02559	0.02691	0.04487	0.02813	0.01678	0.02151	0.01400	0.00775	0.00843	0.00254	0.00997	0.00767	0.00440	0.01348
22	0.01439	0.01080	0.01332	0.01272	0.01531	0.01062	0.00962	0.09059	0.02109	0.02878	0.16722	0.23986	0.10986	0.02597	0.10731	0.00449	0.00810	0.03870	0.00758	0.06367
23	0.01091	0.00797	0.01036	0.01194	0.01302	0.00742	0.00856	0.01298	0.01762	0.02318	0.08842	0.49720	0.12728	0.02502	0.01084	0.00340	0.00522	0.10352	0.00798	0.00715
24	0.02009	0.02296	0.05022	0.03587	0.04448	0.02152	0.61693	0.02726	0.02009	0.02726	0.01722	0.02296	0.01291	0.00717	0.01004	0.00287	0.01435	0.01004	0.00430	0.01148
25	0.02986	0.02234	0.02506	0.02149	0.07255	0.02448	0.01632	0.52926	0.03668	0.04930	0.02206	0.07061	0.01750	0.01124	0.00868	0.00262	0.00909	0.00888	0.00814	0.01384
26	0.07964	0.04170	0.60264	0.02316	0.03512	0.01971	0.02957	0.02679	0.01767	0.02790	0.01498	0.01762	0.01065	0.00807	0.00785	0.00269	0.01207	0.00615	0.00373	0.01229
27	0.01040	0.00864	0.00913	0.00933	0.01199	0.00738	0.00708	0.01271	0.01945	0.02355	0.10430	0.11097	0.55421	0.02175	0.01021	0.00296	0.00456	0.05616	0.00796	0.00725
28	0.01870	0.01363	0.01581	0.01478	0.01766	0.01429	0.01103	0.24203	0.02528	0.03381	0.03688	0.43968	0.04045	0.02043	0.00997	0.00311	0.00661	0.01793	0.00813	0.00978
29	0.03055	0.03465	0.02513	0.05238	0.06638	0.46327	0.01731	0.15612	0.02685	0.02820	0.01495	0.01710	0.01187	0.00899	0.00793	0.00232	0.01359	0.00616	0.00522	0.01104
30	0.01382	0.01156	0.01686	0.01590	0.01703	0.01460	0.01269	0.01655	0.01351	0.01994	0.01981	0.02963	0.01868	0.05126	0.50300	0.01112	0.19297	0.00869	0.00434	0.00804
31	0.17034	0.02144	0.12728	0.01745	0.02464	0.01765	0.04172	0.07870	0.10892	0.26978	0.02477	0.02370	0.01691	0.00959	0.00792	0.00268	0.00841	0.00756	0.00766	0.01287
32	0.02716	0.02060	0.02250	0.01742	0.02392	0.02154	0.01416	0.42098	0.05929	0.04499	0.02149	0.06226	0.01715	0.01041	0.00816	0.00233	0.00828	0.00818	0.00769	0.18149
33	0.01899	0.01149	0.01355	0.01223	0.01587	0.01066	0.00950	0.08953	0.02263	0.16216	0.09372	0.16633	0.28085	0.01855	0.00976	0.00291	0.00575	0.03727	0.00862	0.00963
34	0.06355	0.01192	0.01390	0.01538	0.06327	0.01211	0.01075	0.02151	0.14474	0.02702	0.05269	0.18243	0.24043	0.01875	0.00969	0.00307	0.00596	0.08612	0.00759	0.00912
35	0.03183	0.03932	0.02422	0.02175	0.02631	0.61920	0.01642	0.07747	0.02530	0.02326	0.01369	0.01572	0.01122	0.00888	0.00774	0.00222	0.01490	0.00564	0.00469	0.01021
36	0.01707	0.04402	0.65683	0.02426	0.03683	0.01976	0.03144	0.02695	0.01797	0.02695	0.01527	0.01797	0.01078	0.00809	0.00809	0.00270	0.01258	0.00629	0.00359	0.01258
37	0.02186	0.02164	0.03309	0.04844	0.57406	0.06828	0.02484	0.02754	0.04679	0.02763	0.01662	0.02111	0.01384	0.00785	0.00838	0.00252	0.01035	0.00752	0.00442	0.01321
38	0.02828	0.30001	0.03218	0.01895	0.02457	0.39237	0.01570	0.05525	0.02212	0.02189	0.01294	0.01490	0.01109	0.00825	0.00684	0.00206	0.01265	0.00521	0.00427	0.01047
39	0.02490	0.02006	0.05975	0.01695	0.02202	0.02010	0.01413	0.38240	0.03006	0.04038	0.02361	0.03499	0.02105	0.18688	0.01759	0.00412	0.00916	0.05305	0.00730	0.01148
40	0.03097	0.03901	0.02491	0.02423	0.07352	0.61765	0.01718	0.03338	0.02376	0.02136	0.01337	0.01578	0.01115	0.00868	0.00773	0.00222	0.01495	0.00564	0.00437	0.01014
41	0.01216	0.00912	0.01368	0.01368	0.01520	0.01064	0.01064	0.01520	0.01368	0.01976	0.02279	0.03343	0.02127	0.06382	0.66720	0.01368	0.02279	0.00912	0.00456	0.00760
42	0.02321	0.09465	0.43258	0.02096	0.03147	0.01906	0.02489	0.03070	0.01961	0.19372	0.01986	0.02052	0.01354	0.00867	0.00798	0.00260	0.01084	0.00674	0.00545	0.01294
43	0.01395	0.01186	0.01502	0.01459	0.01610	0.05519	0.01128	0.01666	0.01424	0.01968	0.02154	0.03251	0.02044	0.09613	0.53716	0.01184	0.07061	0.00895	0.00452	0.00772
44	0.01821	0.01657	0.02721	0.03908	0.44672	0.01636	0.02039	0.02293	0.02087	0.02980	0.21466	0.03452	0.03464	0.01069	0.00894	0.00257	0.00818	0.01005	0.00584	0.01175
45	0.02835	0.08541	0.14745	0.02188	0.02804	0.50000	0.01921	0.03206	0.02248	0.02195	0.01347	0.01574	0.01092	0.00854	0.00761	0.00226	0.01440	0.00557	0.00418	0.01046
46	0.01006	0.00862	0.00862	0.00862	0.01149	0.00718	0.00647	0.01221	0.01940	0.02299	0.08621	0.08190	0.64438	0.02155	0.01006	0.00287	0.00431	0.01796	0.00790	0.00718
47	0.02068	0.01550	0.01870	0.01624	0.02005	0.01752	0.01300	0.25443	0.06510	0.03411	0.02265	0.02822	0.01892	0.03931	0.36487	0.00859	0.01646	0.00858	0.00638	0.01069
48	0.03818	0.01448	0.01975	0.01514	0.02172	0.01251	0.01251	0.04147	0.02436	0.65373	0.03357	0.02897	0.02107	0.01053	0.00856	0.00263	0.00724	0.00856	0.01053	0.01448
49	0.02106	0.02022	0.03454	0.05223	0.64784	0.02022	0.02612	0.02612	0.01938	0.02780	0.01601	0.02106	0.01348	0.00758	0.00842	0.00253	0.01011	0.00758	0.00421	0.01348
50	0.02117	0.01828	0.01924	0.01732	0.02213	0.02117	0.01347	0.04522	0.63246	0.03560	0.03464	0.03175	0.02598	0.01155	0.00866	0.00289	0.00673	0.00962	0.00866	0.01347
51	0.02117	0.01828	0.01924	0.01732	0.02213	0.02117	0.01347	0.04522	0.63246	0.03560	0.03464	0.03175	0.02598	0.01155	0.00866	0.00289	0.00673	0.00962	0.00866	0.01347
52	0.01862	0.01862	0.02607	0.02234	0.02234	0.02607	0.01862	0.02048	0.01303	0.02048	0.01117	0.01862	0.01117	0.01489	0.02793	0.00372	0.68535	0.00745	0.00372	0.00931
53	0.01607	0.01513	0.02552	0.68047	0.05861	0.01891	0.02363	0.02174	0.01702	0.02174	0.01513	0.02269	0.01134	0.00851	0.00851	0.00284	0.01134	0.00756	0.00378	0.00945
54	0.01204	0.00870	0.01138	0.01071	0.01271	0.00803	0.00803	0.01606	0.02409	0.03413	0.64335	0.06357	0.08030	0.01740	0.01004	0.00268	0.00401	0.01539	0.00937	0.00803
55	0.01862	0.01862	0.02607	0.02234	0.02234	0.02607	0.01862	0.02048	0.01303	0.02048	0.01117	0.01862	0.01117	0.01489	0.02793	0.00372	0.68535	0.00745	0.00372	0.00931
56	0.01204	0.00870	0.01138	0.01071	0.01271	0.00803	0.00803	0.01606	0.02409	0.03413	0.64335	0.06357	0.08030	0.01740	0.01004	0.00268	0.00401	0.01539	0.00937	0.00803
57	0.01478	0.00739	0.01109	0.01109	0.01109	0.00739	0.00739	0.01109	0.01109	0.01478	0.01478	0.02587	0.01478	0.02956	0.03326	0.75240	0.00739	0.00739	0.00370	0.00370
58	0.01238	0.00825	0.00928	0.00928	0.00928	0.00825	0.00516	0.01238	0.01238	0.01650	0.02681	0.05569	0.03094	0.70092	0.04331	0.00825	0.00825	0.01238	0.00516	0.00516
59	0.01037	0.00741	0.00987	0.01185	0.01234	0.00691	0.00790	0.01185	0.01629	0.02172	0.04690	0.69537	0.05629	0.02666	0.01086	0.00346	0.00494	0.02419	0.00790	0.00691
60	0.01346	0.00962	0.01343	0.01539	0.01724	0.00958	0.01328	0.01720	0.01935	0.02519	0.04520	0.14051	0.04952	0.02374	0.01169	0.00388	0.00762	0.54849	0.00784	0.00777
61	0.01236	0.00832	0.00962	0.00962	0.00973	0.00843	0.00557	0.01259	0.01247	0.01675	0.02651	0.05400	0.03020	0.65253	0.09070	0.00866	0.00936	0.01213	0.00511	0.00534
62	0.02275	0.70604	0.04459	0.01456	0.02184	0.03367	0.01456	0.02548	0.01729	0.02002	0.01183	0.01365	0.01092	0.00728	0.00546	0.00182	0.00910	0.00455	0.00364	0.01092
63	0.02275	0.70604	0.04459	0.01456	0.02184	0.03367	0.01456	0.02548	0.01729	0.02002	0.01183	0.01365	0.01092	0.00728	0.00546	0.00182	0.00910	0.00455	0.00364	0.01092
64	0.01586	0.00793	0.00793	0.00793	0.00991	0.00793	0.00595	0.01983	0.01785	0.03173	0.02776	0.03173	0.02181	0.00991	0.00595	0.00198	0.00397	0.00793	0.74817	0.00793
65	0.01216	0.00912	0.01368	0.01368	0.01520	0.01064	0.01064	0.01520	0.01368	0.01976	0.02279	0.03343	0.02127	0.06382	0.66720	0.01368	0.02279	0.00912	0.00456	0.00760
66	0.02114	0.43731	0.03735	0.01760	0.02204	0.03070	0.01615	0.02353	0.01563	0.02020	0.01157	0.01559	0.01102	0.01026	0.01424	0.00256	0.27346	0.00568	0.00367	0.01029
67	0.02989	0.02949	0.02370	0.02008	0.02550	0.28441	0.01574	0.26767	0.15215	0.03675	0.02033	0.02064	0.01535	0.00990	0.00820	0.00247	0.01126	0.00717	0.00687	0.01241
68	0.01224	0.00819	0.00932	0.00945	0.00948	0.00816	0.00534	0.01234	0.01264	0.01685	0.02815	0.09816	0.03262	0.65616	0.04116	0.00793	0.00803	0.01316	0.00534	0.00527
69	0.01029	0.00863	0.00895	0.00887	0.01164	0.00728	0.00665	0.01267	0.01995	0.02430	0.15187	0.07974	0.57790	0.02106	0.01006	0.00285	0.00428	0.01766	0.00808	0.00728
70	0.01847	0.01896	0.02536	0.54581	0.05176	0.11157	0.02230	0.02341	0.01778	0.02153	0.01460	0.02139	0.01128	0.00894	0.00960	0.00280	0.05382	0.00726	0.00386	0.00950
71	0.03179	0.04056	0.02412	0.02192	0.02631	0.66676	0.01644	0.03398	0.02412	0.02083	0.01315	0.01535	0.01096	0.00877	0.00767	0.00219	0.01535	0.00548	0.00438	0.00987
72	0.01049	0.00750	0.00999	0.01176	0.01237	0.00700	0.00791	0.01216	0.01687	0.02265	0.09120	0.64844	0.05807	0.02597	0.01080	0.00340	0.00487	0.02354	0.00801	0.00700
73	0.02106	0.02022	0.03454	0.05223	0.64784	0.02022	0.02612	0.02612	0.01938	0.02780	0.01601	0.02106	0.01348	0.00758	0.00842	0.00253	0.01011	0.00758	0.00421	0.01348
74	0.01037	0.00741	0.00987	0.01185	0.01234	0.00691	0.00790	0.01185	0.01629	0.02172	0.04690	0.69537	0.05629	0.02666	0.01086	0.00346	0.00494	0.02419	0.00790	0.00691
75	0.03189	0.03749	0.02438	0.02149	0.02632	0.54916	0.01639	0.14150	0.02704	0.02685	0.01449	0.01628	0.01161	0.00904	0.00783	0.00226	0.01425	0.00588	0.00514	0.01071
76	0.01006	0.00862	0.00862	0.00862	0.01149	0.00718	0.00647	0.01221	0.01940	0.02299	0.08621	0.08190	0.64438	0.02155	0.01006	0.00287	0.00431	0.01796	0.00790	0.00718
77	0.02075	0.01990	0.03398	0.09129	0.61120	0.02014	0.02596	0.02585	0.01923	0.02743	0.01595	0.02116	0.01335	0.00764	0.00843	0.00255	0.01019	0.00758	0.00419	0.01323
78	0.02962	0.01639	0.01949	0.01624	0.02193	0.01687	0.01299	0.04336	0.33052	0.34252	0.03411	0.03037	0.02354	0.01104	0.00861	0.00276	0.00699	0.00909	0.00959	0.01397
79	0.02106	0.02022	0.03454	0.05223	0.64784	0.02022	0.02612	0.02612	0.01938	0.02780	0.01601	0.02106	0.01348	0.00758	0.00842	0.00253	0.01011	0.00758	0.00421	0.01348
80	0.01026	0.00841	0.00905	0.00935	0.01174	0.00720	0.00684	0.01244	0.01920	0.02361	0.12157	0.18909	0.49744	0.02214	0.01020	0.00296	0.00440	0.01887	0.00801	0.00720
81	0.03818	0.01448	0.01975	0.01514	0.02172	0.01251	0.01251	0.04147	0.02436	0.65373	0.03357	0.02897	0.02107	0.01053	0.00856	0.00263	0.00724	0.00856	0.01053	0.01448
