[name]
unknown

[dist]
# distance from previous block
# <min> <max>
0	53

[block]
# block no. 0 follows, 22 sequences, length 56
# corresponding to MSA columns:
# 53-108
name=unknown_A
#
# <colnr> <probs for GDERKNQSTAVLIFYWHMCP>
#	G	D	E	R	K	N	Q	S	T	A	V	L	I	F	Y	W	H	M	C	P
0	0.01339	0.00956	0.01339	0.01530	0.01721	0.00956	0.01339	0.01721	0.01912	0.02486	0.04399	0.09371	0.04781	0.02295	0.01147	0.00382	0.00765	0.60031	0.00765	0.00765
1	0.02830	0.03138	0.02265	0.04932	0.02599	0.41240	0.01555	0.14763	0.10225	0.02840	0.01985	0.02093	0.03990	0.00967	0.00790	0.00235	0.01220	0.00686	0.00569	0.01080
2	0.01294	0.01100	0.01519	0.01461	0.01566	0.01325	0.01139	0.01516	0.01446	0.02030	0.03236	0.17517	0.10950	0.03629	0.27215	0.00723	0.19765	0.01269	0.00535	0.00768
3	0.01335	0.01118	0.01703	0.14966	0.02409	0.01375	0.01379	0.01661	0.01405	0.01986	0.02047	0.06215	0.01927	0.04355	0.42525	0.00949	0.10500	0.00912	0.00436	0.00796
4	0.02428	0.02716	0.02427	0.31658	0.03966	0.32693	0.01914	0.08018	0.02183	0.02354	0.01432	0.01859	0.01117	0.00857	0.00792	0.00245	0.01274	0.00644	0.00437	0.00985
5	0.02008	0.02060	0.06473	0.08739	0.58973	0.01964	0.02561	0.02528	0.01871	0.02675	0.01554	0.02050	0.01290	0.00748	0.00821	0.00249	0.01006	0.00734	0.00406	0.01288
6	0.20843	0.01868	0.04728	0.02468	0.19082	0.01931	0.01607	0.03325	0.25235	0.07347	0.02254	0.02310	0.01708	0.00914	0.00753	0.00264	0.00768	0.00743	0.00638	0.01214
7	0.02056	0.01974	0.03372	0.05099	0.65622	0.01974	0.02550	0.02550	0.01892	0.02714	0.01563	0.02056	0.01316	0.00740	0.00822	0.00247	0.00987	0.00740	0.00411	0.01316
8	0.01601	0.01496	0.02452	0.64477	0.05492	0.01860	0.02243	0.02270	0.05691	0.02210	0.01599	0.02272	0.01200	0.00850	0.00832	0.00277	0.01078	0.00751	0.00400	0.00948
9	0.01991	0.01908	0.03255	0.13591	0.57638	0.01957	0.02517	0.02493	0.01861	0.02635	0.01551	0.02077	0.01288	0.00752	0.00824	0.00251	0.01003	0.00740	0.00406	0.01264
10	0.01530	0.00780	0.00803	0.00803	0.00994	0.00788	0.00604	0.01913	0.01721	0.03038	0.02685	0.03106	0.02127	0.01235	0.03981	0.00252	0.00481	0.00780	0.71607	0.00773
11	0.02275	0.02389	0.03159	0.04480	0.52433	0.15674	0.02352	0.02710	0.01988	0.02572	0.01504	0.01939	0.01264	0.00764	0.00807	0.00240	0.01094	0.00697	0.00415	0.01242
12	0.01064	0.00839	0.00959	0.00942	0.01176	0.00734	0.00702	0.01346	0.02068	0.02689	0.31775	0.10416	0.38412	0.01961	0.00985	0.00275	0.00412	0.01680	0.00831	0.00734
13	0.03119	0.03485	0.02395	0.02074	0.02571	0.48626	0.01598	0.20605	0.02805	0.02963	0.01490	0.01642	0.01170	0.00897	0.00773	0.00224	0.01329	0.00597	0.00545	0.01094
14	0.01472	0.00935	0.01039	0.00988	0.01112	0.00968	0.00658	0.06792	0.01603	0.02368	0.02560	0.04317	0.02559	0.40257	0.07616	0.00624	0.00803	0.01022	0.21631	0.00676
15	0.01019	0.00843	0.00893	0.00881	0.01145	0.00717	0.00661	0.01264	0.01982	0.02453	0.19335	0.07651	0.54235	0.02026	0.00981	0.00277	0.00415	0.01705	0.00799	0.00717
16	0.02221	0.71304	0.04353	0.01421	0.02132	0.03287	0.01421	0.02488	0.01688	0.01955	0.01155	0.01333	0.01066	0.00711	0.00533	0.00178	0.00888	0.00444	0.00355	0.01066
17	0.00982	0.00842	0.00842	0.00842	0.01122	0.00701	0.00631	0.01192	0.01894	0.02244	0.08416	0.07995	0.65285	0.02104	0.00982	0.00281	0.00421	0.01753	0.00771	0.00701
18	0.01666	0.04297	0.66500	0.02368	0.03596	0.01929	0.03069	0.02631	0.01754	0.02631	0.01491	0.01754	0.01052	0.00789	0.00789	0.00263	0.01228	0.00614	0.00351	0.01228
19	0.01012	0.00723	0.00964	0.01157	0.01205	0.00675	0.00771	0.01157	0.01591	0.02121	0.04579	0.70262	0.05495	0.02603	0.01060	0.00337	0.00482	0.02362	0.00771	0.00675
20	0.01666	0.04297	0.66500	0.02368	0.03596	0.01929	0.03069	0.02631	0.01754	0.02631	0.01491	0.01754	0.01052	0.00789	0.00789	0.00263	0.01228	0.00614	0.00351	0.01228
21	0.03727	0.01414	0.01928	0.01478	0.02121	0.01221	0.01221	0.04049	0.02378	0.66198	0.03277	0.02828	0.02056	0.01028	0.00835	0.00257	0.00707	0.00835	0.01028	0.01414
22	0.01208	0.00805	0.00906	0.00906	0.00906	0.00805	0.00503	0.01208	0.01208	0.01611	0.02618	0.05436	0.03020	0.70804	0.04228	0.00805	0.00805	0.01208	0.00503	0.00503
23	0.00982	0.00842	0.00842	0.00842	0.01122	0.00701	0.00631	0.01192	0.01894	0.02244	0.08416	0.07995	0.65285	0.02104	0.00982	0.00281	0.00421	0.01753	0.00771	0.00701
24	0.01208	0.00805	0.00906	0.00906	0.00906	0.00805	0.00503	0.01208	0.01208	0.01611	0.02618	0.05436	0.03020	0.70804	0.04228	0.00805	0.00805	0.01208	0.00503	0.00503
25	0.76672	0.01607	0.01221	0.01092	0.01607	0.01864	0.00900	0.02442	0.01414	0.03727	0.01157	0.01350	0.00900	0.00771	0.00514	0.00257	0.00643	0.00450	0.00514	0.00900
26	0.01549	0.00774	0.00774	0.00774	0.00968	0.00774	0.00581	0.01936	0.01742	0.03097	0.02710	0.03097	0.02129	0.00968	0.00581	0.00194	0.00387	0.00774	0.75416	0.00774
27	0.01208	0.00805	0.00906	0.00906	0.00906	0.00805	0.00503	0.01208	0.01208	0.01611	0.02618	0.05436	0.03020	0.70804	0.04228	0.00805	0.00805	0.01208	0.00503	0.00503
28	0.01065	0.00745	0.00948	0.01089	0.01124	0.00710	0.00699	0.01171	0.01487	0.01983	0.04048	0.52721	0.04825	0.21057	0.01918	0.00464	0.00569	0.02050	0.00699	0.00628
29	0.01187	0.00890	0.01335	0.01335	0.01483	0.01038	0.01038	0.01483	0.01335	0.01928	0.02225	0.03264	0.02077	0.06231	0.67512	0.01335	0.02225	0.00890	0.00445	0.00742
30	0.02349	0.01925	0.02038	0.01748	0.02268	0.02198	0.01383	0.19549	0.48527	0.03931	0.03022	0.02813	0.02245	0.01093	0.00842	0.00273	0.00724	0.00890	0.00842	0.01340
31	0.01443	0.00722	0.01082	0.01082	0.01082	0.00722	0.00722	0.01082	0.01082	0.01443	0.01443	0.02525	0.01443	0.02886	0.03247	0.75830	0.00722	0.00722	0.00361	0.00361
32	0.03103	0.03959	0.02354	0.02140	0.02568	0.67469	0.01605	0.03317	0.02354	0.02033	0.01284	0.01498	0.01070	0.00856	0.00749	0.00214	0.01498	0.00535	0.00428	0.00963
33	0.02066	0.16544	0.03965	0.03925	0.36819	0.02281	0.17526	0.02565	0.01867	0.02542	0.01507	0.01952	0.01250	0.00724	0.00802	0.00241	0.01071	0.00739	0.00402	0.01214
34	0.00983	0.00836	0.00847	0.00855	0.01126	0.00700	0.00637	0.01191	0.01880	0.02239	0.08248	0.10722	0.62667	0.02126	0.00985	0.00283	0.00423	0.01780	0.00771	0.00700
35	0.01103	0.00792	0.01005	0.01082	0.01158	0.00788	0.00726	0.01239	0.01453	0.01938	0.03899	0.31118	0.10001	0.24378	0.14816	0.00669	0.00911	0.01661	0.00626	0.00637
36	0.02130	0.01827	0.01999	0.01895	0.05753	0.02091	0.01400	0.07773	0.57053	0.03537	0.03197	0.02975	0.02401	0.01098	0.00843	0.00278	0.00691	0.00917	0.00820	0.01321
37	0.02234	0.36461	0.23186	0.01865	0.02677	0.16292	0.01970	0.02706	0.01848	0.02180	0.01286	0.01498	0.01063	0.00765	0.00658	0.00212	0.01121	0.00516	0.00369	0.01095
38	0.02883	0.16830	0.02746	0.02004	0.02469	0.52579	0.01578	0.03106	0.02184	0.02017	0.01252	0.01479	0.01070	0.00852	0.00785	0.00213	0.04037	0.00525	0.00412	0.00981
39	0.01574	0.00980	0.01182	0.01071	0.01384	0.00880	0.00824	0.01968	0.04707	0.13604	0.31467	0.06158	0.27586	0.01709	0.00951	0.00268	0.00467	0.01458	0.00879	0.00882
40	0.02037	0.02119	0.03132	0.10544	0.37509	0.10429	0.10238	0.02503	0.01938	0.02517	0.02135	0.02545	0.06875	0.00879	0.00849	0.00253	0.01071	0.00834	0.00442	0.01150
41	0.01875	0.01938	0.03077	0.11932	0.18531	0.08322	0.17619	0.02344	0.01773	0.02349	0.01666	0.02309	0.01396	0.01942	0.14914	0.00490	0.05260	0.00812	0.00414	0.01035
42	0.02029	0.02134	0.07713	0.04911	0.61357	0.01971	0.02585	0.02555	0.01882	0.02708	0.01558	0.02035	0.01298	0.00744	0.00820	0.00248	0.01003	0.00732	0.00407	0.01310
43	0.02133	0.02143	0.03222	0.08388	0.56000	0.08463	0.02442	0.02602	0.01925	0.02613	0.01530	0.02010	0.01280	0.00757	0.00816	0.00245	0.01044	0.00720	0.00411	0.01259
44	0.06605	0.02431	0.02236	0.05735	0.15026	0.24789	0.01610	0.10663	0.02219	0.02821	0.01695	0.02052	0.01375	0.01308	0.06319	0.00322	0.01171	0.00670	0.09905	0.01046
45	0.23207	0.03001	0.08815	0.01775	0.02327	0.32046	0.01506	0.08650	0.02153	0.02889	0.01763	0.01918	0.04861	0.00913	0.00710	0.00239	0.01112	0.00613	0.00503	0.01002
46	0.02758	0.03177	0.02507	0.02417	0.08749	0.41594	0.01737	0.09309	0.02265	0.02434	0.01350	0.01668	0.01135	0.00975	0.01145	0.00250	0.14424	0.00615	0.00457	0.01035
47	0.02539	0.02754	0.02744	0.03366	0.29928	0.28799	0.01996	0.08296	0.02266	0.02650	0.01671	0.02294	0.01448	0.00911	0.00814	0.00242	0.01175	0.04482	0.00479	0.01145
48	0.16367	0.02177	0.02426	0.21919	0.17748	0.14574	0.01889	0.08534	0.02023	0.02854	0.01450	0.01855	0.01139	0.00820	0.00753	0.00251	0.01048	0.00646	0.00463	0.01065
49	0.02906	0.20460	0.02949	0.01827	0.02460	0.14642	0.01543	0.36344	0.03048	0.03801	0.01647	0.01732	0.01260	0.00897	0.00739	0.00224	0.01014	0.00630	0.00634	0.01241
50	0.02198	0.02527	0.15593	0.02078	0.06874	0.06882	0.01789	0.14797	0.24436	0.03378	0.02592	0.02588	0.04850	0.01007	0.00817	0.00256	0.00898	0.00809	0.00657	0.04973
51	0.12539	0.02496	0.02524	0.02829	0.21861	0.18397	0.01779	0.17942	0.06136	0.03357	0.01655	0.01870	0.01296	0.00860	0.00767	0.00243	0.01030	0.00664	0.00560	0.01197
52	0.20821	0.02122	0.01746	0.06000	0.05675	0.20715	0.01266	0.05907	0.01944	0.02690	0.02674	0.05446	0.12171	0.01255	0.00928	0.05449	0.00919	0.00843	0.00536	0.00894
53	0.05528	0.01705	0.02459	0.03025	0.28801	0.05266	0.05866	0.05235	0.02142	0.03018	0.21564	0.03544	0.06097	0.01115	0.00870	0.00254	0.00814	0.01012	0.00610	0.01075
54	0.24533	0.02684	0.02109	0.06519	0.05618	0.27892	0.01488	0.14491	0.02309	0.03191	0.01412	0.01628	0.01101	0.00851	0.00705	0.00239	0.01082	0.00575	0.00527	0.01046
55	0.02507	0.02515	0.02816	0.07336	0.30660	0.19019	0.02046	0.14244	0.05479	0.03019	0.01658	0.01962	0.01319	0.00843	0.00807	0.00242	0.01096	0.00698	0.00514	0.01220

[dist]
# distance from previous block
# <min> <max>
18	104

[block]
# block no. 1 follows, 22 sequences, length 9
# corresponding to MSA columns:
# 223-231
name=unknown_B
#
# <colnr> <probs for GDERKNQSTAVLIFYWHMCP>
#	G	D	E	R	K	N	Q	S	T	A	V	L	I	F	Y	W	H	M	C	P
0	0.02858	0.02752	0.02475	0.02381	0.11435	0.24672	0.01671	0.30298	0.02971	0.03606	0.02059	0.02178	0.04957	0.00976	0.00810	0.00239	0.01097	0.00732	0.00630	0.01204
1	0.02332	0.06623	0.02306	0.02271	0.11278	0.34244	0.01543	0.02590	0.02059	0.02221	0.05716	0.09332	0.06685	0.01191	0.00952	0.00248	0.06043	0.00903	0.00504	0.00957
2	0.01180	0.00977	0.01327	0.01216	0.01473	0.00869	0.06085	0.01408	0.01726	0.02254	0.08483	0.24370	0.25207	0.11726	0.01434	0.00357	0.00593	0.01664	0.00687	0.06962
3	0.06101	0.01894	0.01542	0.01444	0.01646	0.20960	0.01047	0.02023	0.01777	0.02178	0.09726	0.09565	0.06829	0.20895	0.01975	0.00418	0.07578	0.01085	0.00555	0.00763
4	0.10490	0.06030	0.01903	0.07215	0.06846	0.10794	0.01298	0.02328	0.01899	0.09533	0.12981	0.03221	0.06216	0.02061	0.13212	0.00450	0.01090	0.00886	0.00599	0.00948
5	0.09323	0.02331	0.02406	0.02596	0.18424	0.17838	0.01676	0.10715	0.06253	0.17374	0.02016	0.02091	0.01477	0.00893	0.00783	0.00245	0.00988	0.00700	0.00644	0.01228
6	0.13683	0.02052	0.06168	0.01864	0.09039	0.11938	0.01376	0.05058	0.11432	0.05329	0.02571	0.02679	0.07096	0.00993	0.00734	0.00240	0.00812	0.00770	0.11681	0.04485
7	0.02611	0.02702	0.02869	0.03519	0.32852	0.23933	0.02054	0.14032	0.02421	0.02956	0.01550	0.01859	0.01252	0.00827	0.00800	0.00236	0.01144	0.00673	0.00495	0.01216
8	0.02145	0.01686	0.02702	0.10096	0.38842	0.01700	0.02043	0.05312	0.01988	0.11568	0.02242	0.11854	0.01997	0.01065	0.00859	0.00264	0.00884	0.00984	0.00564	0.01205

[dist]
# distance from previous block
# <min> <max>
7	24

[block]
# block no. 2 follows, 22 sequences, length 11
# corresponding to MSA columns:
# 256-266
name=unknown_C
#
# <colnr> <probs for GDERKNQSTAVLIFYWHMCP>
#	G	D	E	R	K	N	Q	S	T	A	V	L	I	F	Y	W	H	M	C	P
0	0.11599	0.02697	0.13364	0.05051	0.12381	0.16184	0.01844	0.14421	0.02279	0.03182	0.01629	0.01888	0.01253	0.00853	0.00742	0.00240	0.01031	0.00642	0.07594	0.01124
1	0.01918	0.10709	0.06682	0.06286	0.02346	0.09912	0.01572	0.07017	0.01904	0.02478	0.09345	0.02857	0.07054	0.01584	0.06055	0.00351	0.19618	0.00846	0.00509	0.00955
2	0.02168	0.18914	0.02527	0.09441	0.02501	0.26138	0.01453	0.02450	0.01878	0.02021	0.02034	0.02410	0.06438	0.01971	0.13796	0.00437	0.01363	0.00704	0.00435	0.00919
3	0.01733	0.13844	0.30442	0.01986	0.02805	0.01954	0.07788	0.02610	0.09116	0.02761	0.14144	0.02760	0.02575	0.00985	0.00810	0.00253	0.00960	0.00833	0.00526	0.01115
4	0.14527	0.07749	0.12586	0.09672	0.02914	0.28299	0.01792	0.08504	0.02128	0.02710	0.01377	0.01634	0.01076	0.00832	0.00720	0.00237	0.01175	0.00571	0.00456	0.01040
5	0.02691	0.07054	0.02215	0.01768	0.02271	0.20595	0.01399	0.08626	0.24440	0.13217	0.02449	0.02396	0.01828	0.01229	0.03855	0.00297	0.01013	0.00756	0.00704	0.01196
6	0.01282	0.00854	0.01046	0.01064	0.01242	0.00813	0.00759	0.01529	0.01582	0.02392	0.03225	0.29446	0.03406	0.07827	0.10220	0.00446	0.00735	0.01413	0.21294	0.09423
7	0.02318	0.02176	0.02170	0.09540	0.02664	0.14738	0.01504	0.17133	0.08202	0.03070	0.01773	0.02063	0.01409	0.01346	0.06291	0.00321	0.06498	0.00684	0.00566	0.15532
8	0.01966	0.24888	0.19620	0.02644	0.15090	0.02486	0.06264	0.02469	0.01696	0.02329	0.01345	0.01721	0.01129	0.00856	0.01039	0.00250	0.12078	0.00627	0.00371	0.01134
9	0.04913	0.04395	0.01921	0.01597	0.02044	0.15088	0.01262	0.09872	0.12966	0.10671	0.02734	0.02865	0.06852	0.02077	0.13855	0.00457	0.01159	0.00827	0.00655	0.03790
10	0.02581	0.09696	0.02431	0.01817	0.04899	0.09599	0.01428	0.32877	0.02948	0.03822	0.05692	0.02568	0.06960	0.01033	0.00789	0.00229	0.00883	0.00790	0.00684	0.08273

[dist]
# distance from previous block
# <min> <max>
2	4

[block]
# block no. 3 follows, 22 sequences, length 80
# corresponding to MSA columns:
# 271-350
name=unknown_D
#
# <colnr> <probs for GDERKNQSTAVLIFYWHMCP>
#	G	D	E	R	K	N	Q	S	T	A	V	L	I	F	Y	W	H	M	C	P
0	0.01141	0.00897	0.00963	0.00929	0.01162	0.00809	0.00672	0.03781	0.01927	0.02426	0.16042	0.07019	0.42713	0.14066	0.01546	0.00368	0.00504	0.01577	0.00749	0.00709
1	0.12775	0.09234	0.07093	0.26077	0.03608	0.02238	0.01838	0.21651	0.02353	0.03363	0.01564	0.01897	0.01167	0.00860	0.00752	0.00254	0.00966	0.00661	0.00535	0.01113
2	0.01757	0.01116	0.01344	0.07228	0.05097	0.01196	0.01013	0.09997	0.01991	0.03165	0.02400	0.02833	0.01896	0.01436	0.06858	0.00317	0.00723	0.00777	0.47959	0.00898
3	0.02814	0.06136	0.02737	0.02792	0.18384	0.31464	0.01827	0.18325	0.02605	0.03020	0.01530	0.01758	0.01219	0.00856	0.00779	0.00230	0.01192	0.00637	0.00524	0.01172
4	0.01045	0.00776	0.00982	0.01122	0.01238	0.00712	0.00796	0.01239	0.01723	0.02245	0.08573	0.48511	0.17691	0.02424	0.01048	0.00326	0.00491	0.07585	0.00778	0.00694
5	0.03030	0.03504	0.02294	0.02027	0.02484	0.52570	0.01546	0.13649	0.02593	0.02650	0.01484	0.01670	0.01186	0.00887	0.00754	0.00219	0.01337	0.00585	0.04498	0.01032
6	0.01767	0.03672	0.50243	0.02366	0.06388	0.01959	0.02687	0.02989	0.14422	0.02806	0.01878	0.02042	0.01367	0.00855	0.00802	0.00266	0.01100	0.00686	0.00454	0.01250
7	0.01922	0.32195	0.36596	0.02140	0.06812	0.02500	0.02348	0.02566	0.01735	0.02353	0.01355	0.01596	0.01074	0.00753	0.00684	0.00226	0.01071	0.00551	0.00356	0.01166
8	0.01198	0.00807	0.00903	0.00903	0.00916	0.00801	0.00509	0.01207	0.01240	0.01640	0.02884	0.05554	0.05880	0.67649	0.04079	0.00781	0.00788	0.01233	0.00516	0.00512
9	0.01896	0.02114	0.04502	0.14347	0.04571	0.02058	0.52591	0.02572	0.01911	0.02572	0.01647	0.02237	0.01235	0.00722	0.00956	0.00280	0.01352	0.00940	0.00412	0.01088
10	0.01447	0.01223	0.01667	0.14465	0.09449	0.01292	0.01303	0.02069	0.10533	0.02593	0.16176	0.04905	0.15446	0.10194	0.01333	0.00342	0.00704	0.03308	0.00659	0.00892
11	0.02012	0.01929	0.03292	0.10867	0.60199	0.01962	0.02528	0.02511	0.01871	0.02660	0.01555	0.02070	0.01297	0.00748	0.00823	0.00249	0.00998	0.00740	0.00407	0.01280
12	0.02226	0.02533	0.02102	0.01914	0.02155	0.32047	0.01491	0.02456	0.01790	0.01994	0.01513	0.02094	0.01370	0.02579	0.20810	0.00579	0.18358	0.00686	0.00417	0.00885
13	0.02269	0.02377	0.03165	0.04498	0.52822	0.15270	0.02358	0.02705	0.01986	0.02576	0.01506	0.01943	0.01266	0.00764	0.00808	0.00240	0.01091	0.00699	0.00415	0.01244
14	0.00982	0.00842	0.00842	0.00842	0.01122	0.00701	0.00631	0.01192	0.01894	0.02244	0.08416	0.07995	0.65285	0.02104	0.00982	0.00281	0.00421	0.01753	0.00771	0.00701
15	0.02734	0.32324	0.03210	0.01819	0.02384	0.35426	0.01525	0.07456	0.02189	0.02241	0.01283	0.01466	0.01094	0.00805	0.00664	0.00201	0.01196	0.00513	0.00428	0.01041
16	0.01004	0.00849	0.00872	0.00884	0.01159	0.00717	0.00675	0.01225	0.01895	0.02259	0.08168	0.08080	0.61550	0.02116	0.00992	0.00287	0.00442	0.05351	0.00771	0.00705
17	0.07217	0.09343	0.02312	0.02037	0.08109	0.34471	0.01458	0.07228	0.02224	0.02475	0.02596	0.02704	0.12391	0.01056	0.00768	0.00231	0.01105	0.00770	0.00516	0.00990
18	0.01907	0.22613	0.35353	0.01900	0.02791	0.02173	0.02184	0.05663	0.01855	0.05019	0.01853	0.09677	0.01633	0.00999	0.00752	0.00247	0.01008	0.00785	0.00453	0.01135
19	0.01012	0.00723	0.00964	0.01157	0.01205	0.00675	0.00771	0.01157	0.01591	0.02121	0.04579	0.70262	0.05495	0.02603	0.01060	0.00337	0.00482	0.02362	0.00771	0.00675
20	0.03103	0.03959	0.02354	0.02140	0.02568	0.67469	0.01605	0.03317	0.02354	0.02033	0.01284	0.01498	0.01070	0.00856	0.00749	0.00214	0.01498	0.00535	0.00428	0.00963
21	0.01877	0.17317	0.38031	0.02862	0.18874	0.02216	0.02604	0.02581	0.01775	0.02514	0.01441	0.01744	0.01121	0.00761	0.00746	0.00242	0.01098	0.00611	0.00367	0.01217
22	0.02021	0.02138	0.06952	0.04707	0.52859	0.01991	0.11866	0.02571	0.01895	0.02701	0.01577	0.02069	0.01293	0.00737	0.00845	0.00253	0.01064	0.00771	0.00409	0.01281
23	0.01012	0.00723	0.00964	0.01157	0.01205	0.00675	0.00771	0.01157	0.01591	0.02121	0.04579	0.70262	0.05495	0.02603	0.01060	0.00337	0.00482	0.02362	0.00771	0.00675
24	0.01012	0.00723	0.00964	0.01157	0.01205	0.00675	0.00771	0.01157	0.01591	0.02121	0.04579	0.70262	0.05495	0.02603	0.01060	0.00337	0.00482	0.02362	0.00771	0.00675
25	0.01724	0.01726	0.02213	0.01935	0.02108	0.09474	0.06063	0.01995	0.01476	0.02025	0.01615	0.02395	0.01498	0.03252	0.28465	0.00731	0.29246	0.00789	0.00408	0.00864
26	0.01208	0.00805	0.00906	0.00906	0.00906	0.00805	0.00503	0.01208	0.01208	0.01611	0.02618	0.05436	0.03020	0.70804	0.04228	0.00805	0.00805	0.01208	0.00503	0.00503
27	0.01176	0.00849	0.01110	0.01045	0.01241	0.00784	0.00784	0.01568	0.02352	0.03331	0.65184	0.06206	0.07839	0.01698	0.00980	0.00261	0.00392	0.01502	0.00914	0.00784
28	0.02056	0.01974	0.03372	0.05099	0.65622	0.01974	0.02550	0.02550	0.01892	0.02714	0.01563	0.02056	0.01316	0.00740	0.00822	0.00247	0.00987	0.00740	0.00411	0.01316
29	0.01408	0.01072	0.01217	0.01175	0.01440	0.01042	0.00885	0.12075	0.02201	0.02850	0.11579	0.25721	0.27644	0.02029	0.00986	0.00295	0.00538	0.04218	0.00796	0.00829
30	0.03103	0.03959	0.02354	0.02140	0.02568	0.67469	0.01605	0.03317	0.02354	0.02033	0.01284	0.01498	0.01070	0.00856	0.00749	0.00214	0.01498	0.00535	0.00428	0.00963
31	0.01208	0.00805	0.00906	0.00906	0.00906	0.00805	0.00503	0.01208	0.01208	0.01611	0.02618	0.05436	0.03020	0.70804	0.04228	0.00805	0.00805	0.01208	0.00503	0.00503
32	0.01736	0.00955	0.00975	0.00907	0.01155	0.00984	0.00697	0.09038	0.01994	0.03346	0.02627	0.02969	0.02046	0.00971	0.00610	0.00200	0.00449	0.00771	0.66721	0.00849
33	0.01012	0.00723	0.00964	0.01157	0.01205	0.00675	0.00771	0.01157	0.01591	0.02121	0.04579	0.70262	0.05495	0.02603	0.01060	0.00337	0.00482	0.02362	0.00771	0.00675
34	0.02887	0.06324	0.02631	0.02608	0.13629	0.47161	0.01761	0.08715	0.02390	0.02449	0.01394	0.01636	0.01145	0.00843	0.00760	0.00222	0.01328	0.00587	0.00460	0.01072
35	0.02553	0.15926	0.08280	0.05479	0.02673	0.30665	0.01684	0.07006	0.13092	0.02532	0.01702	0.01841	0.01349	0.00878	0.00739	0.00229	0.01155	0.00620	0.00503	0.01094
36	0.02074	0.02050	0.03374	0.07602	0.57176	0.04705	0.05703	0.02569	0.01905	0.02658	0.01554	0.02049	0.01294	0.00747	0.00828	0.00248	0.01035	0.00744	0.00411	0.01274
37	0.02429	0.48713	0.07642	0.01677	0.02342	0.20792	0.01574	0.02724	0.01875	0.02018	0.01211	0.01404	0.01066	0.00755	0.00608	0.00193	0.01076	0.00480	0.00375	0.01048
38	0.01191	0.00808	0.00901	0.00901	0.00922	0.00798	0.00513	0.01207	0.01260	0.01659	0.03055	0.05629	0.07716	0.65624	0.03984	0.00766	0.00776	0.01249	0.00524	0.00518
39	0.02270	0.02605	0.02415	0.08347	0.02698	0.30288	0.04905	0.02544	0.01821	0.02051	0.01399	0.01940	0.01229	0.01760	0.10595	0.00421	0.20703	0.00681	0.00406	0.00922
40	0.00982	0.00842	0.00842	0.00842	0.01122	0.00701	0.00631	0.01192	0.01894	0.02244	0.08416	0.07995	0.65285	0.02104	0.00982	0.00281	0.00421	0.01753	0.00771	0.00701
41	0.01241	0.00798	0.00910	0.00910	0.00921	0.00798	0.00521	0.01239	0.01229	0.01679	0.02548	0.05127	0.02873	0.62784	0.03972	0.05529	0.00778	0.01154	0.04479	0.00509
42	0.01763	0.01606	0.02185	0.01895	0.01935	0.02185	0.01566	0.01986	0.01368	0.02222	0.01419	0.02077	0.01301	0.01355	0.02291	0.00329	0.55297	0.00737	0.15600	0.00881
43	0.02400	0.57633	0.03947	0.01567	0.02221	0.16317	0.01459	0.02656	0.01823	0.01970	0.01181	0.01366	0.01067	0.00740	0.00577	0.00185	0.01012	0.00463	0.00370	0.01045
44	0.01010	0.00730	0.00956	0.01137	0.01200	0.00676	0.00763	0.01159	0.01609	0.02128	0.04816	0.66419	0.09185	0.02572	0.01055	0.00334	0.00478	0.02324	0.00771	0.00676
45	0.01187	0.00890	0.01335	0.01335	0.01483	0.01038	0.01038	0.01483	0.01335	0.01928	0.02225	0.03264	0.02077	0.06231	0.67512	0.01335	0.02225	0.00890	0.00445	0.00742
46	0.02452	0.10020	0.02481	0.01781	0.02218	0.02363	0.01472	0.33885	0.02736	0.03690	0.02028	0.09640	0.01832	0.04293	0.01355	0.00298	0.14738	0.00908	0.00660	0.01148
47	0.01208	0.00805	0.00906	0.00906	0.00906	0.00805	0.00503	0.01208	0.01208	0.01611	0.02618	0.05436	0.03020	0.70804	0.04228	0.00805	0.00805	0.01208	0.00503	0.00503
48	0.01187	0.00890	0.01335	0.01335	0.01483	0.01038	0.01038	0.01483	0.01335	0.01928	0.02225	0.03264	0.02077	0.06231	0.67512	0.01335	0.02225	0.00890	0.00445	0.00742
49	0.02132	0.17517	0.06582	0.02921	0.22702	0.06339	0.06466	0.03098	0.18627	0.02701	0.01950	0.02141	0.01556	0.00845	0.00770	0.00242	0.00952	0.00727	0.00514	0.01219
50	0.01818	0.01818	0.02545	0.02181	0.02181	0.02545	0.01818	0.01999	0.01272	0.01999	0.01091	0.01818	0.01091	0.01454	0.02726	0.00364	0.69284	0.00727	0.00364	0.00909
51	0.00994	0.00833	0.00865	0.00876	0.01135	0.00704	0.00650	0.01209	0.01895	0.02292	0.11132	0.12596	0.57734	0.02120	0.00988	0.00284	0.00424	0.01786	0.00779	0.00704
52	0.01865	0.01843	0.03327	0.27550	0.33482	0.01950	0.13015	0.02417	0.01822	0.02494	0.01553	0.02145	0.01232	0.00765	0.00853	0.00263	0.01103	0.00782	0.00398	0.01141
53	0.01690	0.07182	0.63825	0.02327	0.03533	0.01988	0.02998	0.02625	0.01751	0.02602	0.01476	0.01736	0.01053	0.00786	0.00778	0.00259	0.01213	0.00607	0.00351	0.01221
54	0.01803	0.14494	0.42663	0.02652	0.14169	0.02117	0.02627	0.02545	0.01750	0.02507	0.01481	0.01804	0.01144	0.01000	0.03595	0.00292	0.01173	0.00621	0.00366	0.01197
55	0.02038	0.02353	0.10887	0.04467	0.48263	0.04445	0.10178	0.02602	0.01902	0.02672	0.01559	0.02023	0.01269	0.00745	0.00836	0.00252	0.01087	0.00748	0.00406	0.01268
56	0.01985	0.01901	0.03243	0.14455	0.56826	0.01955	0.02514	0.02487	0.01858	0.02627	0.01550	0.02079	0.01285	0.00753	0.00824	0.00251	0.01005	0.00740	0.00405	0.01258
57	0.15403	0.18865	0.12507	0.01766	0.02360	0.23137	0.01632	0.02670	0.01819	0.02396	0.01327	0.01620	0.01113	0.01228	0.05783	0.00312	0.04105	0.00546	0.00413	0.00998
58	0.01765	0.14272	0.53862	0.02286	0.03415	0.02143	0.05997	0.02611	0.01755	0.02531	0.01450	0.01716	0.01066	0.00773	0.00761	0.00251	0.01186	0.00608	0.00355	0.01198
59	0.01688	0.04142	0.61855	0.02453	0.03652	0.01942	0.07559	0.02633	0.01770	0.02633	0.01505	0.01791	0.01068	0.00783	0.00804	0.00264	0.01241	0.00642	0.00356	0.01220
60	0.01132	0.00916	0.01015	0.00978	0.01243	0.00834	0.00737	0.01570	0.06808	0.02718	0.27869	0.06996	0.40416	0.01888	0.00971	0.00274	0.00429	0.01603	0.00827	0.00777
61	0.02235	0.02415	0.02730	0.07721	0.33750	0.22170	0.02041	0.02619	0.01947	0.02361	0.01559	0.02053	0.01327	0.01510	0.09643	0.00383	0.01317	0.00696	0.00418	0.01105
62	0.01104	0.00837	0.01026	0.01109	0.01256	0.00789	0.00781	0.01448	0.05758	0.02461	0.16789	0.41804	0.17271	0.02241	0.01016	0.00308	0.00464	0.01991	0.00803	0.00741
63	0.01679	0.01670	0.02638	0.02205	0.02363	0.02087	0.12286	0.01945	0.01458	0.02140	0.01902	0.15787	0.02014	0.01555	0.02081	0.00344	0.43389	0.01103	0.00456	0.00898
64	0.02104	0.02340	0.02204	0.20246	0.03151	0.26624	0.01708	0.02424	0.01802	0.02031	0.01508	0.02109	0.01295	0.02060	0.15070	0.00487	0.10840	0.00692	0.00407	0.00898
65	0.02230	0.10189	0.02304	0.01957	0.08634	0.16713	0.01409	0.14609	0.02466	0.03093	0.19025	0.03061	0.03096	0.01492	0.05846	0.00318	0.01007	0.00881	0.00634	0.01037
66	0.01208	0.00805	0.00906	0.00906	0.00906	0.00805	0.00503	0.01208	0.01208	0.01611	0.02618	0.05436	0.03020	0.70804	0.04228	0.00805	0.00805	0.01208	0.00503	0.00503
67	0.01167	0.00788	0.00918	0.00959	0.00969	0.00778	0.00560	0.01197	0.01289	0.01719	0.03033	0.19154	0.03544	0.56373	0.03558	0.00706	0.00737	0.01452	0.00560	0.00540
68	0.02059	0.02035	0.02921	0.08947	0.44024	0.07937	0.02168	0.02509	0.01888	0.02605	0.01515	0.01957	0.01262	0.00736	0.00780	0.00224	0.00979	0.00677	0.00424	0.14355
69	0.08051	0.01914	0.02339	0.04762	0.02550	0.04724	0.07176	0.15922	0.17014	0.10631	0.02371	0.02762	0.01848	0.01111	0.01068	0.00283	0.09044	0.04549	0.00698	0.01183
70	0.02504	0.15521	0.02938	0.07496	0.12895	0.25567	0.01800	0.08800	0.02129	0.02455	0.01368	0.01701	0.01149	0.00895	0.00975	0.00239	0.09441	0.00612	0.00440	0.01075
71	0.02007	0.02585	0.19567	0.01804	0.02418	0.09951	0.01748	0.15118	0.02302	0.03035	0.07506	0.07816	0.10110	0.01251	0.00991	0.00264	0.06084	0.00974	0.00596	0.03875
72	0.22359	0.01832	0.01707	0.01686	0.05709	0.14184	0.01233	0.02236	0.01786	0.02782	0.14372	0.02770	0.02580	0.01939	0.11871	0.00437	0.08282	0.00799	0.00545	0.00889
73	0.04875	0.01095	0.01509	0.01862	0.14306	0.01115	0.01143	0.01796	0.01724	0.02620	0.08939	0.08772	0.10046	0.02486	0.16639	0.00506	0.00969	0.01082	0.17650	0.00867
74	0.02310	0.01727	0.01873	0.01606	0.01920	0.09309	0.01288	0.08231	0.04698	0.14547	0.06302	0.02860	0.04933	0.01419	0.04114	0.00316	0.18018	0.00845	0.12655	0.01027
75	0.17362	0.01859	0.01887	0.01788	0.06801	0.05929	0.01302	0.16815	0.16822	0.03620	0.05804	0.06850	0.04415	0.01116	0.00783	0.00258	0.00755	0.00886	0.00698	0.04249
76	0.01903	0.01908	0.03080	0.06209	0.28825	0.05387	0.12854	0.02344	0.01832	0.02521	0.04960	0.05673	0.01970	0.01082	0.01188	0.00284	0.11881	0.04539	0.00467	0.01093
77	0.23204	0.02372	0.02265	0.02502	0.17928	0.19185	0.01608	0.06974	0.01973	0.02954	0.01371	0.01668	0.01122	0.00832	0.00820	0.00239	0.05208	0.00586	0.00478	0.06712
78	0.22166	0.01507	0.01685	0.01781	0.10372	0.01626	0.01159	0.15251	0.01994	0.03190	0.02169	0.10668	0.02148	0.18956	0.01640	0.00404	0.00772	0.00972	0.00597	0.00942
79	0.10912	0.02939	0.21583	0.03111	0.25326	0.13416	0.02275	0.02775	0.01902	0.06050	0.01536	0.01827	0.01185	0.00794	0.00764	0.00248	0.01093	0.00638	0.00441	0.01184

[dist]
# distance from previous block
# <min> <max>
0	188

[block]
# block no. 4 follows, 22 sequences, length 19
# corresponding to MSA columns:
# 558-576
name=unknown_E
#
# <colnr> <probs for GDERKNQSTAVLIFYWHMCP>
#	G	D	E	R	K	N	Q	S	T	A	V	L	I	F	Y	W	H	M	C	P
0	0.02004	0.01759	0.02263	0.02769	0.24007	0.06487	0.01661	0.02909	0.18557	0.06532	0.02733	0.02976	0.06281	0.01960	0.12917	0.00454	0.01104	0.00882	0.00598	0.01149
1	0.14815	0.01623	0.01484	0.01537	0.06103	0.12019	0.01061	0.05561	0.01850	0.02549	0.03617	0.11696	0.18518	0.01680	0.01186	0.11429	0.00757	0.01115	0.00588	0.00812
2	0.02328	0.02390	0.02322	0.07409	0.09994	0.23567	0.01652	0.02640	0.01919	0.06145	0.01608	0.02182	0.01377	0.00978	0.01103	0.00242	0.12824	0.03523	0.00475	0.15324
3	0.02199	0.01904	0.09611	0.15259	0.13069	0.01713	0.01840	0.11713	0.05266	0.13294	0.12916	0.02931	0.02560	0.01032	0.00852	0.00261	0.00864	0.00883	0.00666	0.01168
4	0.02716	0.06589	0.02671	0.02814	0.18374	0.42796	0.01811	0.03168	0.06983	0.02312	0.01510	0.01754	0.01245	0.00841	0.00764	0.00226	0.01275	0.00613	0.00453	0.01084
5	0.01549	0.00774	0.00774	0.00774	0.00968	0.00774	0.00581	0.01936	0.01742	0.03097	0.02710	0.03097	0.02129	0.00968	0.00581	0.00194	0.00387	0.00774	0.75416	0.00774
6	0.01723	0.01463	0.01527	0.01277	0.01706	0.06019	0.00953	0.08339	0.01933	0.02661	0.05604	0.13234	0.05376	0.13176	0.01372	0.00307	0.00706	0.01034	0.00601	0.30988
7	0.01173	0.00790	0.00917	0.00951	0.00960	0.00782	0.00552	0.01199	0.01277	0.01703	0.02973	0.17180	0.03468	0.58449	0.03654	0.00721	0.00747	0.01417	0.00552	0.00534
8	0.01549	0.00774	0.00774	0.00774	0.00968	0.00774	0.00581	0.01936	0.01742	0.03097	0.02710	0.03097	0.02129	0.00968	0.00581	0.00194	0.00387	0.00774	0.75416	0.00774
9	0.02060	0.39657	0.29198	0.01852	0.02751	0.07229	0.02097	0.02603	0.01761	0.02232	0.01299	0.01514	0.01061	0.00752	0.00651	0.00215	0.01067	0.00519	0.00359	0.01124
10	0.01018	0.00811	0.00918	0.00996	0.01193	0.00711	0.00729	0.01219	0.01795	0.02221	0.06860	0.28573	0.41195	0.02282	0.01020	0.00307	0.00466	0.06217	0.00771	0.00697
11	0.02259	0.01508	0.01783	0.01532	0.01965	0.01586	0.01206	0.18848	0.12461	0.13245	0.02899	0.14875	0.02540	0.02193	0.12342	0.00451	0.00970	0.01095	0.00767	0.05476
12	0.01204	0.01030	0.01523	0.16577	0.02395	0.01044	0.04676	0.01522	0.01802	0.02328	0.11827	0.25929	0.21285	0.01844	0.00972	0.00296	0.00650	0.01642	0.00676	0.00777
13	0.17222	0.03035	0.02169	0.07055	0.02628	0.38688	0.01519	0.13163	0.02382	0.02911	0.01395	0.01609	0.01098	0.00862	0.00724	0.00233	0.01203	0.00570	0.00509	0.01024
14	0.02056	0.01974	0.03372	0.05099	0.65622	0.01974	0.02550	0.02550	0.01892	0.02714	0.01563	0.02056	0.01316	0.00740	0.00822	0.00247	0.00987	0.00740	0.00411	0.01316
15	0.15837	0.26309	0.11876	0.02067	0.10412	0.11377	0.01712	0.02731	0.01814	0.06970	0.01420	0.01614	0.01136	0.00779	0.00653	0.00223	0.00975	0.00547	0.00448	0.01101
16	0.02236	0.02316	0.03197	0.04590	0.54768	0.13248	0.02387	0.02682	0.01971	0.02597	0.01515	0.01960	0.01274	0.00760	0.00810	0.00241	0.01075	0.00705	0.00414	0.01255
17	0.20556	0.01907	0.06446	0.06261	0.02008	0.13294	0.01179	0.02109	0.01753	0.02593	0.08565	0.03633	0.11704	0.13136	0.01355	0.00350	0.00848	0.00925	0.00550	0.00829
18	0.07060	0.13435	0.02106	0.01579	0.06438	0.01724	0.01178	0.11212	0.05189	0.03037	0.11904	0.10539	0.10697	0.01289	0.00799	0.00240	0.00668	0.01063	0.00658	0.09185

[dist]
# distance from previous block
# <min> <max>
0	3

[block]
# block no. 5 follows, 22 sequences, length 101
# corresponding to MSA columns:
# 580-680
name=unknown_F
#
# <colnr> <probs for GDERKNQSTAVLIFYWHMCP>
#	G	D	E	R	K	N	Q	S	T	A	V	L	I	F	Y	W	H	M	C	P
0	0.01945	0.01860	0.03171	0.19632	0.51958	0.01945	0.02494	0.02452	0.01839	0.02579	0.01543	0.02092	0.01268	0.00761	0.00824	0.00254	0.01014	0.00740	0.00402	0.01226
1	0.01342	0.01111	0.01594	0.20380	0.02712	0.01231	0.01415	0.01825	0.04953	0.02281	0.03895	0.05589	0.14998	0.02533	0.13655	0.00509	0.01067	0.17491	0.00598	0.00821
2	0.01915	0.02638	0.18024	0.03559	0.15856	0.02039	0.38197	0.02633	0.01903	0.02665	0.01617	0.02100	0.01226	0.00727	0.00909	0.00270	0.01284	0.00855	0.00403	0.01181
3	0.02108	0.02073	0.03321	0.04952	0.62482	0.05236	0.02503	0.02588	0.01915	0.02680	0.01549	0.02028	0.01304	0.00746	0.00819	0.00245	0.01012	0.00730	0.00412	0.01298
4	0.01208	0.00805	0.00906	0.00906	0.00906	0.00805	0.00503	0.01208	0.01208	0.01611	0.02618	0.05436	0.03020	0.70804	0.04228	0.00805	0.00805	0.01208	0.00503	0.00503
5	0.01293	0.00888	0.00981	0.00959	0.01246	0.00755	0.00718	0.01506	0.01903	0.09364	0.07276	0.16612	0.49400	0.02058	0.00977	0.00286	0.00462	0.01741	0.00800	0.00777
6	0.01818	0.01818	0.02545	0.02181	0.02181	0.02545	0.01818	0.01999	0.01272	0.01999	0.01091	0.01818	0.01091	0.01454	0.02726	0.00364	0.69284	0.00727	0.00364	0.00909
7	0.02498	0.01541	0.05007	0.01476	0.01979	0.01384	0.01253	0.15781	0.02562	0.25088	0.14858	0.07472	0.08251	0.01391	0.00905	0.00272	0.00691	0.05568	0.00877	0.01146
8	0.01549	0.00774	0.00774	0.00774	0.00968	0.00774	0.00581	0.01936	0.01742	0.03097	0.02710	0.03097	0.02129	0.00968	0.00581	0.00194	0.00387	0.00774	0.75416	0.00774
9	0.01779	0.01492	0.01638	0.01555	0.01941	0.01663	0.01239	0.03446	0.43193	0.03114	0.04200	0.05046	0.10467	0.01497	0.00927	0.00304	0.00653	0.13904	0.00819	0.01122
10	0.09675	0.02222	0.02673	0.22880	0.27723	0.16188	0.02106	0.02580	0.01876	0.02493	0.01436	0.01910	0.01159	0.00795	0.00778	0.00250	0.01099	0.00666	0.00413	0.01081
11	0.01918	0.01833	0.03123	0.23105	0.48693	0.01938	0.02481	0.02429	0.01826	0.02547	0.01538	0.02101	0.01257	0.00766	0.00825	0.00255	0.01021	0.00740	0.00399	0.01205
12	0.01167	0.00849	0.01098	0.01035	0.01235	0.00780	0.00777	0.01550	0.02330	0.03279	0.62470	0.06291	0.10585	0.01718	0.00980	0.00262	0.00393	0.01514	0.00908	0.00780
13	0.01187	0.00890	0.01335	0.01335	0.01483	0.01038	0.01038	0.01483	0.01335	0.01928	0.02225	0.03264	0.02077	0.06231	0.67512	0.01335	0.02225	0.00890	0.00445	0.00742
14	0.60787	0.01565	0.01375	0.01176	0.01719	0.01724	0.00970	0.02792	0.01624	0.17331	0.01619	0.01671	0.01152	0.00827	0.00584	0.00257	0.00657	0.00534	0.00626	0.01012
15	0.02363	0.14787	0.24816	0.02388	0.09217	0.24642	0.02172	0.05833	0.02070	0.02454	0.01398	0.01640	0.01105	0.00805	0.00739	0.00230	0.01225	0.00579	0.00408	0.01129
16	0.02056	0.01974	0.03372	0.05099	0.65622	0.01974	0.02550	0.02550	0.01892	0.02714	0.01563	0.02056	0.01316	0.00740	0.00822	0.00247	0.00987	0.00740	0.00411	0.01316
17	0.05834	0.02587	0.02529	0.06100	0.25337	0.27573	0.01856	0.02697	0.02001	0.02425	0.01819	0.02159	0.04536	0.00910	0.00873	0.00241	0.04592	0.00700	0.04172	0.01060
18	0.01214	0.00774	0.00914	0.00980	0.01045	0.00763	0.00633	0.01360	0.01461	0.02122	0.03296	0.27102	0.03639	0.29656	0.04817	0.00532	0.00659	0.01497	0.16907	0.00631
19	0.02197	0.16212	0.17338	0.02568	0.03376	0.16526	0.25006	0.02764	0.01950	0.02383	0.01454	0.01803	0.01138	0.00755	0.00804	0.00243	0.01287	0.00703	0.00395	0.01099
20	0.01067	0.00798	0.01004	0.01146	0.01282	0.00735	0.00843	0.01273	0.01730	0.02222	0.05539	0.42516	0.20860	0.02415	0.01057	0.00331	0.00520	0.13193	0.00770	0.00699
21	0.01149	0.00860	0.01078	0.01084	0.01293	0.00789	0.00842	0.01484	0.02131	0.02868	0.38251	0.10131	0.21074	0.01940	0.01013	0.00290	0.00467	0.11653	0.00848	0.00756
22	0.03103	0.03959	0.02354	0.02140	0.02568	0.67469	0.01605	0.03317	0.02354	0.02033	0.01284	0.01498	0.01070	0.00856	0.00749	0.00214	0.01498	0.00535	0.00428	0.00963
23	0.02056	0.01974	0.03372	0.05099	0.65622	0.01974	0.02550	0.02550	0.01892	0.02714	0.01563	0.02056	0.01316	0.00740	0.00822	0.00247	0.00987	0.00740	0.00411	0.01316
24	0.01549	0.00774	0.00774	0.00774	0.00968	0.00774	0.00581	0.01936	0.01742	0.03097	0.02710	0.03097	0.02129	0.00968	0.00581	0.00194	0.00387	0.00774	0.75416	0.00774
25	0.00982	0.00842	0.00842	0.00842	0.01122	0.00701	0.00631	0.01192	0.01894	0.02244	0.08416	0.07995	0.65285	0.02104	0.00982	0.00281	0.00421	0.01753	0.00771	0.00701
26	0.01001	0.00842	0.00869	0.00862	0.01134	0.00710	0.00647	0.01230	0.01940	0.02354	0.14148	0.07814	0.59484	0.02063	0.00982	0.00279	0.00418	0.01728	0.00786	0.00710
27	0.03103	0.03959	0.02354	0.02140	0.02568	0.67469	0.01605	0.03317	0.02354	0.02033	0.01284	0.01498	0.01070	0.00856	0.00749	0.00214	0.01498	0.00535	0.00428	0.00963
28	0.00982	0.00842	0.00842	0.00842	0.01122	0.00701	0.00631	0.01192	0.01894	0.02244	0.08416	0.07995	0.65285	0.02104	0.00982	0.00281	0.00421	0.01753	0.00771	0.00701
29	0.02007	0.01924	0.03283	0.11532	0.59574	0.01961	0.02525	0.02506	0.01868	0.02654	0.01554	0.02072	0.01295	0.00749	0.00823	0.00250	0.00999	0.00740	0.00407	0.01276
30	0.02066	0.01785	0.01878	0.01691	0.02160	0.02066	0.01315	0.04414	0.64121	0.03475	0.03381	0.03099	0.02536	0.01127	0.00845	0.00282	0.00657	0.00939	0.00845	0.01315
31	0.01208	0.00805	0.00906	0.00906	0.00906	0.00805	0.00503	0.01208	0.01208	0.01611	0.02618	0.05436	0.03020	0.70804	0.04228	0.00805	0.00805	0.01208	0.00503	0.00503
32	0.02221	0.71304	0.04353	0.01421	0.02132	0.03287	0.01421	0.02488	0.01688	0.01955	0.01155	0.01333	0.01066	0.00711	0.00533	0.00178	0.00888	0.00444	0.00355	0.01066
33	0.02221	0.71304	0.04353	0.01421	0.02132	0.03287	0.01421	0.02488	0.01688	0.01955	0.01155	0.01333	0.01066	0.00711	0.00533	0.00178	0.00888	0.00444	0.00355	0.01066
34	0.03138	0.02915	0.02443	0.01994	0.02573	0.25959	0.01588	0.41400	0.03347	0.04082	0.01739	0.01816	0.01289	0.00946	0.00802	0.00237	0.01125	0.00671	0.00686	0.01251
35	0.01208	0.00805	0.00906	0.00906	0.00906	0.00805	0.00503	0.01208	0.01208	0.01611	0.02618	0.05436	0.03020	0.70804	0.04228	0.00805	0.00805	0.01208	0.00503	0.00503
36	0.01047	0.00844	0.00932	0.00910	0.01162	0.00729	0.00682	0.01318	0.02047	0.02609	0.27451	0.07395	0.46022	0.01968	0.00981	0.00274	0.00411	0.01669	0.00819	0.00729
37	0.01818	0.01818	0.02545	0.02181	0.02181	0.02545	0.01818	0.01999	0.01272	0.01999	0.01091	0.01818	0.01091	0.01454	0.02726	0.00364	0.69284	0.00727	0.00364	0.00909
38	0.03158	0.02327	0.02493	0.01911	0.02576	0.02576	0.01579	0.62852	0.03906	0.05236	0.01995	0.01995	0.01413	0.00997	0.00831	0.00249	0.00914	0.00748	0.00831	0.01413
39	0.01228	0.01047	0.01081	0.01037	0.01354	0.01003	0.00788	0.01913	0.15468	0.02568	0.10207	0.06838	0.48698	0.01871	0.00952	0.00280	0.00471	0.01563	0.00795	0.00839
40	0.02117	0.01810	0.01907	0.01701	0.02180	0.02090	0.01327	0.07142	0.61311	0.03557	0.03317	0.03048	0.02484	0.01121	0.00845	0.00280	0.00669	0.00930	0.00845	0.01319
41	0.01001	0.00842	0.00869	0.00862	0.01134	0.00710	0.00647	0.01230	0.01940	0.02354	0.14148	0.07814	0.59484	0.02063	0.00982	0.00279	0.00418	0.01728	0.00786	0.00710
42	0.01666	0.04297	0.66500	0.02368	0.03596	0.01929	0.03069	0.02631	0.01754	0.02631	0.01491	0.01754	0.01052	0.00789	0.00789	0.00263	0.01228	0.00614	0.00351	0.01228
43	0.01569	0.01477	0.02492	0.68808	0.05722	0.01846	0.02307	0.02123	0.01661	0.02123	0.01477	0.02215	0.01107	0.00831	0.00831	0.00277	0.01107	0.00738	0.00369	0.00923
44	0.01012	0.00723	0.00964	0.01157	0.01205	0.00675	0.00771	0.01157	0.01591	0.02121	0.04579	0.70262	0.05495	0.02603	0.01060	0.00337	0.00482	0.02362	0.00771	0.00675
45	0.01208	0.00805	0.00906	0.00906	0.00906	0.00805	0.00503	0.01208	0.01208	0.01611	0.02618	0.05436	0.03020	0.70804	0.04228	0.00805	0.00805	0.01208	0.00503	0.00503
46	0.02802	0.02143	0.02106	0.01685	0.02225	0.08307	0.01364	0.43969	0.03288	0.04468	0.02083	0.02188	0.01536	0.00978	0.00769	0.00234	0.00854	0.00734	0.17035	0.01231
47	0.01191	0.00872	0.01242	0.01242	0.01358	0.00988	0.00922	0.01423	0.01307	0.01859	0.02311	0.03737	0.02282	0.20293	0.53731	0.01220	0.01916	0.00959	0.00458	0.00690
48	0.00992	0.00842	0.00856	0.00853	0.01129	0.00706	0.00640	0.01213	0.01919	0.02303	0.11510	0.07897	0.62154	0.02082	0.00982	0.00279	0.00419	0.01740	0.00779	0.00706
49	0.01835	0.01652	0.01468	0.01392	0.01642	0.16853	0.01066	0.04777	0.01809	0.02436	0.02130	0.02739	0.01823	0.03207	0.29437	0.00692	0.01466	0.00766	0.21976	0.00834
50	0.02046	0.06269	0.06683	0.03802	0.41128	0.02076	0.02179	0.03051	0.18588	0.02868	0.02022	0.02275	0.01613	0.00845	0.00809	0.00253	0.00906	0.00768	0.00521	0.01295
51	0.06209	0.02468	0.19577	0.05571	0.09955	0.05263	0.02093	0.02368	0.01609	0.05205	0.01496	0.01995	0.01238	0.01558	0.08128	0.00399	0.22710	0.00694	0.00416	0.01050
52	0.02326	0.06660	0.02094	0.01938	0.04976	0.36535	0.01468	0.02599	0.02132	0.02200	0.02830	0.04249	0.08526	0.01349	0.00869	0.00265	0.01138	0.16394	0.00547	0.00906
53	0.02470	0.52271	0.03788	0.01625	0.02255	0.21426	0.01473	0.02722	0.01876	0.01977	0.01191	0.01379	0.01067	0.00752	0.00594	0.00188	0.01061	0.00470	0.00376	0.01037
54	0.02028	0.01945	0.03321	0.08785	0.62156	0.01966	0.02536	0.02525	0.01878	0.02680	0.01558	0.02065	0.01304	0.00745	0.00823	0.00248	0.00994	0.00740	0.00409	0.01293
55	0.03103	0.03959	0.02354	0.02140	0.02568	0.67469	0.01605	0.03317	0.02354	0.02033	0.01284	0.01498	0.01070	0.00856	0.00749	0.00214	0.01498	0.00535	0.00428	0.00963
56	0.01012	0.00723	0.00964	0.01157	0.01205	0.00675	0.00771	0.01157	0.01591	0.02121	0.04579	0.70262	0.05495	0.02603	0.01060	0.00337	0.00482	0.02362	0.00771	0.00675
57	0.01059	0.00793	0.01014	0.01102	0.01226	0.00764	0.00778	0.01254	0.01633	0.02157	0.08541	0.36511	0.17871	0.06848	0.13873	0.00536	0.00813	0.01834	0.00703	0.00691
58	0.01208	0.00805	0.00906	0.00906	0.00906	0.00805	0.00503	0.01208	0.01208	0.01611	0.02618	0.05436	0.03020	0.70804	0.04228	0.00805	0.00805	0.01208	0.00503	0.00503
59	0.01208	0.00805	0.00906	0.00906	0.00906	0.00805	0.00503	0.01208	0.01208	0.01611	0.02618	0.05436	0.03020	0.70804	0.04228	0.00805	0.00805	0.01208	0.00503	0.00503
60	0.01443	0.00722	0.01082	0.01082	0.01082	0.00722	0.00722	0.01082	0.01082	0.01443	0.01443	0.02525	0.01443	0.02886	0.03247	0.75830	0.00722	0.00722	0.00361	0.00361
