[name]
unknown

[dist]
# distance from previous block
# <min> <max>
0	4

[block]
# block no. 0 follows, 23 sequences, length 50
# corresponding to MSA columns:
# 4-53
name=unknown_A
#
# <colnr> <probs for GDERKNQSTAVLIFYWHMCP>
#	G	D	E	R	K	N	Q	S	T	A	V	L	I	F	Y	W	H	M	C	P
0	0.01308	0.00934	0.01308	0.01494	0.01681	0.00934	0.01308	0.01681	0.01868	0.02428	0.04296	0.09153	0.04670	0.02242	0.01121	0.00374	0.00747	0.60960	0.00747	0.00747
1	0.02018	0.01743	0.01835	0.01651	0.02110	0.02018	0.01284	0.04312	0.64956	0.03394	0.03303	0.03027	0.02477	0.01101	0.00826	0.00275	0.00642	0.00917	0.00826	0.01284
2	0.02055	0.02016	0.03249	0.04850	0.63527	0.04931	0.02448	0.02524	0.01868	0.02621	0.01514	0.01984	0.01274	0.00728	0.00800	0.00240	0.00987	0.00714	0.00402	0.01270
3	0.01596	0.25602	0.02137	0.01126	0.01407	0.01735	0.00871	0.01884	0.06833	0.01847	0.02125	0.03721	0.02246	0.40829	0.02591	0.00530	0.00802	0.00898	0.00470	0.00751
4	0.02127	0.01655	0.01853	0.01422	0.02012	0.01573	0.01128	0.25238	0.02438	0.03451	0.01916	0.06358	0.01676	0.06964	0.01011	0.00237	0.00719	0.00748	0.00624	0.36852
5	0.01627	0.04197	0.67279	0.02313	0.03512	0.01884	0.02998	0.02570	0.01713	0.02570	0.01456	0.01713	0.01028	0.00771	0.00771	0.00257	0.01199	0.00600	0.00343	0.01199
6	0.29859	0.21198	0.05839	0.01366	0.01896	0.06177	0.01224	0.02492	0.01600	0.09112	0.01483	0.01857	0.01244	0.06892	0.00994	0.00279	0.04470	0.00568	0.00487	0.00963
7	0.01989	0.02187	0.03296	0.02552	0.02992	0.10928	0.25910	0.02385	0.01685	0.02271	0.01349	0.01888	0.01139	0.00983	0.01559	0.00283	0.27965	0.00763	0.00396	0.07480
8	0.01159	0.00869	0.01304	0.01304	0.01449	0.01014	0.01014	0.01449	0.01304	0.01884	0.02173	0.03188	0.02029	0.06086	0.68268	0.01304	0.02173	0.00869	0.00435	0.00724
9	0.01832	0.29830	0.43441	0.01963	0.02971	0.02386	0.02389	0.02517	0.01689	0.02320	0.01332	0.01557	0.01033	0.00742	0.00676	0.00225	0.01074	0.00537	0.00344	0.01139
10	0.02340	0.01166	0.01402	0.01170	0.01622	0.01055	0.00932	0.02816	0.07539	0.30015	0.04190	0.03968	0.17245	0.01227	0.00791	0.00239	0.00556	0.01006	0.15012	0.05709
11	0.00989	0.00706	0.00942	0.01130	0.01177	0.00659	0.00753	0.01130	0.01554	0.02071	0.04472	0.70954	0.05367	0.02542	0.01036	0.00330	0.00471	0.02307	0.00753	0.00659
12	0.03046	0.03411	0.02338	0.02027	0.02511	0.49438	0.01561	0.20531	0.02733	0.02880	0.01453	0.01602	0.01141	0.00876	0.00755	0.00219	0.01300	0.00582	0.00531	0.01066
13	0.00989	0.00706	0.00942	0.01130	0.01177	0.00659	0.00753	0.01130	0.01554	0.02071	0.04472	0.70954	0.05367	0.02542	0.01036	0.00330	0.00471	0.02307	0.00753	0.00659
14	0.01766	0.01524	0.01594	0.01454	0.01869	0.01701	0.01126	0.03564	0.49956	0.03109	0.04471	0.04164	0.17597	0.01328	0.00857	0.00275	0.00587	0.01106	0.00809	0.01142
15	0.01627	0.04197	0.67279	0.02313	0.03512	0.01884	0.02998	0.02570	0.01713	0.02570	0.01456	0.01713	0.01028	0.00771	0.00771	0.00257	0.01199	0.00600	0.00343	0.01199
16	0.01025	0.00743	0.00968	0.01085	0.01180	0.00686	0.00748	0.01227	0.01748	0.02360	0.19326	0.51644	0.09648	0.02302	0.01012	0.00308	0.00446	0.02071	0.00787	0.00686
17	0.02008	0.01928	0.03294	0.04981	0.66422	0.01928	0.02490	0.02490	0.01848	0.02651	0.01526	0.02008	0.01285	0.00723	0.00803	0.00241	0.00964	0.00723	0.00402	0.01285
18	0.03085	0.02273	0.02435	0.01867	0.02516	0.02516	0.01542	0.63716	0.03815	0.05114	0.01948	0.01948	0.01380	0.00974	0.00812	0.00244	0.00893	0.00731	0.00812	0.01380
19	0.03041	0.03572	0.02325	0.02049	0.02510	0.56054	0.01563	0.14443	0.02580	0.02565	0.01383	0.01553	0.01107	0.00862	0.00746	0.00215	0.01358	0.00561	0.00491	0.01022
20	0.01529	0.04704	0.01213	0.00977	0.01335	0.00917	0.00771	0.01766	0.01948	0.14229	0.09663	0.06445	0.47987	0.01769	0.00909	0.00264	0.00486	0.01467	0.00785	0.00837
21	0.01823	0.02831	0.24762	0.03066	0.04008	0.01998	0.44145	0.02590	0.01851	0.02590	0.01582	0.02037	0.01166	0.00712	0.00898	0.00268	0.01314	0.00843	0.00389	0.01128
22	0.01676	0.08261	0.60083	0.02315	0.03463	0.01975	0.06110	0.02563	0.01720	0.02531	0.01446	0.01713	0.01040	0.00762	0.00765	0.00253	0.01188	0.00608	0.00347	0.01184
23	0.01969	0.01938	0.03454	0.08303	0.54441	0.01938	0.10956	0.02483	0.01845	0.02612	0.01538	0.02042	0.01267	0.00722	0.00825	0.00247	0.01027	0.00755	0.00401	0.01238
24	0.02993	0.03324	0.02346	0.02028	0.02495	0.46710	0.01569	0.20434	0.02687	0.02877	0.01444	0.01615	0.01142	0.00900	0.00836	0.00225	0.04194	0.00590	0.00528	0.01064
25	0.01013	0.00824	0.00897	0.00879	0.01129	0.00708	0.00659	0.01269	0.01977	0.02496	0.24738	0.07309	0.49385	0.01942	0.00958	0.00269	0.00403	0.01642	0.00793	0.00708
26	0.00972	0.00773	0.00873	0.00953	0.01130	0.00674	0.00675	0.01150	0.01723	0.02141	0.06624	0.34704	0.40227	0.02262	0.00992	0.00298	0.00436	0.01966	0.00753	0.00674
27	0.77215	0.01569	0.01193	0.01067	0.01569	0.01820	0.00879	0.02385	0.01381	0.03641	0.01130	0.01318	0.00879	0.00753	0.00502	0.00251	0.00628	0.00439	0.00502	0.00879
28	0.01159	0.00869	0.01304	0.01304	0.01449	0.01014	0.01014	0.01449	0.01304	0.01884	0.02173	0.03188	0.02029	0.06086	0.68268	0.01304	0.02173	0.00869	0.00435	0.00724
29	0.03038	0.02250	0.02409	0.01858	0.02499	0.02495	0.01531	0.61139	0.06467	0.05039	0.02007	0.01995	0.01428	0.00980	0.00812	0.00245	0.00882	0.00739	0.00812	0.01376
30	0.01067	0.00826	0.00972	0.00935	0.01162	0.00731	0.00702	0.01374	0.02105	0.02798	0.41199	0.06811	0.32735	0.01829	0.00958	0.00263	0.00395	0.01573	0.00833	0.00731
31	0.02810	0.21343	0.02800	0.01910	0.02399	0.51543	0.01522	0.03032	0.02132	0.01966	0.01222	0.01422	0.01044	0.00800	0.00678	0.00200	0.01310	0.00500	0.00400	0.00967
32	0.01167	0.00837	0.01141	0.01141	0.01229	0.00925	0.00810	0.01344	0.01256	0.01763	0.02323	0.04016	0.02388	0.31599	0.43246	0.01102	0.01632	0.00991	0.00457	0.00634
33	0.02018	0.01743	0.01835	0.01651	0.02110	0.02018	0.01284	0.04312	0.64956	0.03394	0.03303	0.03027	0.02477	0.01101	0.00826	0.00275	0.00642	0.00917	0.00826	0.01284
34	0.01212	0.00835	0.01070	0.01032	0.01231	0.00760	0.00766	0.01538	0.02145	0.05692	0.48389	0.15204	0.13471	0.01798	0.00962	0.00267	0.00411	0.01584	0.00863	0.00768
35	0.55955	0.05201	0.01604	0.01316	0.01819	0.14420	0.01066	0.05796	0.01695	0.03329	0.01197	0.01378	0.00944	0.00778	0.00563	0.00239	0.00810	0.00470	0.00496	0.00924
36	0.77215	0.01569	0.01193	0.01067	0.01569	0.01820	0.00879	0.02385	0.01381	0.03641	0.01130	0.01318	0.00879	0.00753	0.00502	0.00251	0.00628	0.00439	0.00502	0.00879
37	0.01044	0.00749	0.00991	0.01092	0.01189	0.00696	0.00758	0.01269	0.01812	0.02482	0.25848	0.48407	0.06162	0.02235	0.01008	0.00304	0.00440	0.02015	0.00802	0.00696
38	0.01010	0.00715	0.00935	0.01102	0.01144	0.00674	0.00723	0.01136	0.01511	0.02015	0.04254	0.63486	0.05092	0.10386	0.01388	0.00382	0.00507	0.02179	0.00723	0.00640
39	0.01080	0.00745	0.00915	0.01013	0.01038	0.00720	0.00629	0.01154	0.01376	0.01834	0.03560	0.39681	0.04215	0.35386	0.02510	0.00547	0.00621	0.01770	0.00629	0.00579
40	0.01180	0.00787	0.00885	0.00885	0.00885	0.00787	0.00492	0.01180	0.01180	0.01573	0.02557	0.05310	0.02950	0.71483	0.04130	0.00787	0.00787	0.01180	0.00492	0.00492
41	0.77215	0.01569	0.01193	0.01067	0.01569	0.01820	0.00879	0.02385	0.01381	0.03641	0.01130	0.01318	0.00879	0.00753	0.00502	0.00251	0.00628	0.00439	0.00502	0.00879
42	0.77215	0.01569	0.01193	0.01067	0.01569	0.01820	0.00879	0.02385	0.01381	0.03641	0.01130	0.01318	0.00879	0.00753	0.00502	0.00251	0.00628	0.00439	0.00502	0.00879
43	0.01180	0.00787	0.00885	0.00885	0.00885	0.00787	0.00492	0.01180	0.01180	0.01573	0.02557	0.05310	0.02950	0.71483	0.04130	0.00787	0.00787	0.01180	0.00492	0.00492
44	0.01987	0.01906	0.03255	0.07859	0.63709	0.01922	0.02480	0.02472	0.01838	0.02625	0.01523	0.02015	0.01276	0.00727	0.00804	0.00242	0.00969	0.00723	0.00400	0.01268
45	0.00986	0.00823	0.00860	0.00851	0.01113	0.00697	0.00638	0.01218	0.01914	0.02345	0.16570	0.07556	0.57646	0.01998	0.00959	0.00271	0.00407	0.01677	0.00774	0.00697
46	0.02215	0.68365	0.04149	0.01426	0.02105	0.06653	0.01398	0.02473	0.01683	0.01913	0.01135	0.01310	0.01042	0.00702	0.00532	0.00175	0.00899	0.00439	0.00351	0.01036
47	0.01963	0.11553	0.04523	0.01215	0.01659	0.01331	0.01040	0.04889	0.02093	0.18238	0.19208	0.04586	0.18446	0.04522	0.00988	0.00270	0.00610	0.01135	0.00762	0.00969
48	0.05809	0.03789	0.55435	0.02390	0.03501	0.01903	0.10838	0.02563	0.01722	0.02632	0.01463	0.01754	0.01046	0.00759	0.00781	0.00259	0.01190	0.00638	0.00360	0.01168
49	0.02338	0.03006	0.26902	0.02274	0.06811	0.14210	0.07463	0.03000	0.04726	0.15374	0.04666	0.02180	0.01610	0.00872	0.00801	0.00248	0.01088	0.00719	0.00543	0.01168

[dist]
# distance from previous block
# <min> <max>
0	28

[block]
# block no. 1 follows, 23 sequences, length 80
# corresponding to MSA columns:
# 82-161
name=unknown_B
#
# <colnr> <probs for GDERKNQSTAVLIFYWHMCP>
#	G	D	E	R	K	N	Q	S	T	A	V	L	I	F	Y	W	H	M	C	P
0	0.27166	0.02825	0.01890	0.01667	0.02150	0.37432	0.01288	0.05768	0.02018	0.02736	0.01264	0.01459	0.01021	0.00795	0.00649	0.00217	0.01087	0.00502	0.00470	0.07599
1	0.02504	0.02618	0.05492	0.01801	0.02265	0.28763	0.01452	0.08288	0.16546	0.08085	0.04819	0.06995	0.02166	0.01119	0.00813	0.00249	0.01015	0.03295	0.00642	0.01073
2	0.77215	0.01569	0.01193	0.01067	0.01569	0.01820	0.00879	0.02385	0.01381	0.03641	0.01130	0.01318	0.00879	0.00753	0.00502	0.00251	0.00628	0.00439	0.00502	0.00879
3	0.01778	0.01487	0.01518	0.01336	0.01685	0.06912	0.01041	0.15935	0.07547	0.03255	0.24048	0.04624	0.16741	0.01825	0.06287	0.00338	0.00759	0.01179	0.00764	0.00942
4	0.01011	0.00824	0.00894	0.00876	0.01128	0.00707	0.00657	0.01265	0.01972	0.02482	0.23996	0.07332	0.50135	0.01947	0.00958	0.00269	0.00403	0.01646	0.00792	0.00707
5	0.01513	0.00756	0.00756	0.00756	0.00945	0.00756	0.00567	0.01891	0.01702	0.03025	0.02647	0.03025	0.02080	0.00945	0.00567	0.00189	0.00378	0.00756	0.75988	0.00756
6	0.03031	0.03867	0.02299	0.02090	0.02508	0.68226	0.01568	0.03240	0.02299	0.01986	0.01254	0.01463	0.01045	0.00836	0.00732	0.00209	0.01463	0.00523	0.00418	0.00941
7	0.02169	0.71972	0.04252	0.01388	0.02083	0.03211	0.01388	0.02430	0.01649	0.01909	0.01128	0.01302	0.01041	0.00694	0.00521	0.00174	0.00868	0.00434	0.00347	0.01041
8	0.03514	0.01583	0.02008	0.01540	0.02172	0.01493	0.01272	0.17514	0.02661	0.52946	0.02917	0.02577	0.01866	0.00997	0.00815	0.00249	0.00736	0.00797	0.00961	0.01381
9	0.01159	0.00869	0.01304	0.01304	0.01449	0.01014	0.01014	0.01449	0.01304	0.01884	0.02173	0.03188	0.02029	0.06086	0.68268	0.01304	0.02173	0.00869	0.00435	0.00724
10	0.00989	0.00706	0.00942	0.01130	0.01177	0.00659	0.00753	0.01130	0.01554	0.02071	0.04472	0.70954	0.05367	0.02542	0.01036	0.00330	0.00471	0.02307	0.00753	0.00659
11	0.01181	0.00860	0.00957	0.00912	0.01189	0.00738	0.00691	0.01438	0.01993	0.06672	0.22403	0.07042	0.47250	0.01887	0.00949	0.00268	0.00422	0.01593	0.00805	0.00751
12	0.02182	0.02453	0.02425	0.02117	0.02253	0.23784	0.01708	0.02370	0.01585	0.01964	0.01126	0.01674	0.01059	0.01231	0.02037	0.00308	0.47794	0.00649	0.00375	0.00905
13	0.00962	0.00811	0.00834	0.00852	0.01104	0.00682	0.00630	0.01161	0.01821	0.02180	0.07856	0.13940	0.60197	0.02102	0.00966	0.00279	0.00417	0.01770	0.00753	0.00682
14	0.02307	0.02494	0.03004	0.04138	0.47780	0.21266	0.02221	0.02709	0.01979	0.02457	0.01447	0.01849	0.01215	0.00756	0.00782	0.00232	0.01110	0.00665	0.00406	0.01185
15	0.02456	0.02777	0.02858	0.03715	0.38434	0.30959	0.02086	0.02819	0.02045	0.02360	0.01407	0.01770	0.01180	0.00773	0.00772	0.00227	0.01183	0.00635	0.00409	0.01134
16	0.01815	0.27635	0.45483	0.01993	0.03018	0.02343	0.02441	0.02521	0.01691	0.02341	0.01343	0.01571	0.01033	0.00744	0.00684	0.00228	0.01085	0.00542	0.00344	0.01145
17	0.01971	0.01913	0.03334	0.09077	0.58437	0.01928	0.06426	0.02470	0.01837	0.02610	0.01528	0.02030	0.01269	0.00726	0.00814	0.00245	0.00998	0.00738	0.00400	0.01248
18	0.02713	0.01176	0.01586	0.01286	0.01752	0.01034	0.01034	0.03053	0.02313	0.43266	0.26570	0.03990	0.04110	0.01248	0.00868	0.00253	0.00576	0.01058	0.00963	0.01152
19	0.01766	0.10263	0.46642	0.02828	0.17647	0.02023	0.02727	0.02538	0.01737	0.02524	0.01440	0.01740	0.01088	0.00753	0.00754	0.00245	0.01114	0.00612	0.00356	0.01203
20	0.01159	0.00869	0.01304	0.01304	0.01449	0.01014	0.01014	0.01449	0.01304	0.01884	0.02173	0.03188	0.02029	0.06086	0.68268	0.01304	0.02173	0.00869	0.00435	0.00724
21	0.01627	0.04197	0.67279	0.02313	0.03512	0.01884	0.02998	0.02570	0.01713	0.02570	0.01456	0.01713	0.01028	0.00771	0.00771	0.00257	0.01199	0.00600	0.00343	0.01199
22	0.02379	0.02236	0.01949	0.01693	0.02148	0.18332	0.01329	0.20069	0.19510	0.03360	0.07010	0.03251	0.08418	0.01176	0.00832	0.00253	0.00881	0.03347	0.00715	0.01112
23	0.00995	0.00731	0.00934	0.01078	0.01167	0.00670	0.00734	0.01161	0.01645	0.02166	0.09016	0.57585	0.14315	0.02414	0.01019	0.00317	0.00456	0.02166	0.00762	0.00670
24	0.01819	0.01511	0.02028	0.17856	0.11491	0.01662	0.01564	0.14745	0.10583	0.02957	0.02933	0.18188	0.06541	0.01345	0.00873	0.00275	0.00786	0.01174	0.00635	0.01034
25	0.09848	0.01908	0.01985	0.01576	0.02134	0.02075	0.01289	0.44987	0.03177	0.04374	0.03149	0.03084	0.14546	0.01173	0.00812	0.00250	0.00769	0.00903	0.00770	0.01189
26	0.02008	0.01928	0.03294	0.04981	0.66422	0.01928	0.02490	0.02490	0.01848	0.02651	0.01526	0.02008	0.01285	0.00723	0.00803	0.00241	0.00964	0.00723	0.00402	0.01285
27	0.01021	0.00824	0.00907	0.00887	0.01134	0.00711	0.00665	0.01284	0.01995	0.02538	0.27026	0.07240	0.47070	0.01926	0.00958	0.00268	0.00402	0.01633	0.00799	0.00711
28	0.02057	0.02020	0.03246	0.04843	0.63391	0.05072	0.02447	0.02526	0.01869	0.02619	0.01513	0.01982	0.01274	0.00728	0.00800	0.00239	0.00988	0.00713	0.00402	0.01269
29	0.01683	0.01442	0.01683	0.01202	0.01923	0.01082	0.00961	0.02043	0.01683	0.02644	0.01442	0.01683	0.01202	0.00601	0.00601	0.00120	0.00601	0.00481	0.00481	0.76444
30	0.02292	0.02069	0.02551	0.02402	0.13172	0.07264	0.08114	0.18137	0.15965	0.03365	0.01990	0.02129	0.01526	0.00850	0.00784	0.00228	0.00894	0.00732	0.00612	0.14926
31	0.01570	0.01135	0.01253	0.01077	0.01446	0.01051	0.00824	0.10126	0.02016	0.02915	0.07661	0.09311	0.15528	0.05069	0.00943	0.00246	0.00536	0.01079	0.18235	0.17979
32	0.01532	0.01442	0.02434	0.69533	0.05589	0.01803	0.02253	0.02073	0.01622	0.02073	0.01442	0.02163	0.01082	0.00811	0.00811	0.00270	0.01082	0.00721	0.00361	0.00901
33	0.01513	0.00756	0.00756	0.00756	0.00945	0.00756	0.00567	0.01891	0.01702	0.03025	0.02647	0.03025	0.02080	0.00945	0.00567	0.00189	0.00378	0.00756	0.75988	0.00756
34	0.01159	0.00869	0.01304	0.01304	0.01449	0.01014	0.01014	0.01449	0.01304	0.01884	0.02173	0.03188	0.02029	0.06086	0.68268	0.01304	0.02173	0.00869	0.00435	0.00724
35	0.01775	0.01775	0.02485	0.02130	0.02130	0.02485	0.01775	0.01953	0.01243	0.01953	0.01065	0.01775	0.01065	0.01420	0.02663	0.00355	0.69998	0.00710	0.00355	0.00888
36	0.03035	0.03764	0.02308	0.02076	0.02509	0.63969	0.01566	0.07158	0.02398	0.02189	0.01299	0.01495	0.01067	0.00845	0.00737	0.00211	0.01426	0.00536	0.00444	0.00969
37	0.03111	0.02122	0.02329	0.01797	0.02434	0.02307	0.01481	0.52475	0.06551	0.13706	0.02189	0.02114	0.01521	0.00984	0.00813	0.00246	0.00852	0.00752	0.00839	0.01375
38	0.01513	0.00756	0.00756	0.00756	0.00945	0.00756	0.00567	0.01891	0.01702	0.03025	0.02647	0.03025	0.02080	0.00945	0.00567	0.00189	0.00378	0.00756	0.75988	0.00756
39	0.02087	0.01777	0.01874	0.01665	0.02136	0.02051	0.01301	0.08160	0.60995	0.03506	0.03215	0.02957	0.02406	0.01093	0.00825	0.00273	0.00658	0.00905	0.00825	0.01291
40	0.01001	0.00711	0.00938	0.01114	0.01158	0.00667	0.00736	0.01133	0.01529	0.02039	0.04348	0.66701	0.05210	0.07009	0.01236	0.00359	0.00491	0.02234	0.00736	0.00648
41	0.00989	0.00706	0.00942	0.01130	0.01177	0.00659	0.00753	0.01130	0.01554	0.02071	0.04472	0.70954	0.05367	0.02542	0.01036	0.00330	0.00471	0.02307	0.00753	0.00659
42	0.01750	0.19575	0.52979	0.02103	0.03188	0.02185	0.02633	0.02538	0.01699	0.02420	0.01382	0.01620	0.01031	0.00754	0.00714	0.00238	0.01124	0.00562	0.00344	0.01163
43	0.02976	0.03763	0.02353	0.02246	0.05949	0.64657	0.01617	0.03200	0.02275	0.02022	0.01269	0.01493	0.01058	0.00830	0.00736	0.00211	0.01436	0.00533	0.00417	0.00959
44	0.01299	0.01075	0.01572	0.01492	0.01604	0.01348	0.01187	0.01563	0.01290	0.01899	0.01922	0.02867	0.01810	0.05027	0.53383	0.01089	0.17562	0.00833	0.00417	0.00761
45	0.01148	0.00829	0.01085	0.01021	0.01212	0.00766	0.00766	0.01531	0.02297	0.03254	0.65994	0.06061	0.07656	0.01659	0.00957	0.00255	0.00383	0.01467	0.00893	0.00766
46	0.01066	0.00819	0.00975	0.00952	0.01166	0.00728	0.00708	0.01365	0.02078	0.02772	0.39972	0.10932	0.29796	0.01867	0.00963	0.00267	0.00399	0.01615	0.00831	0.00728
47	0.00959	0.00822	0.00822	0.00822	0.01096	0.00685	0.00617	0.01165	0.01850	0.02192	0.08220	0.07809	0.66092	0.02055	0.00959	0.00274	0.00411	0.01713	0.00754	0.00685
48	0.01180	0.00787	0.00885	0.00885	0.00885	0.00787	0.00492	0.01180	0.01180	0.01573	0.02557	0.05310	0.02950	0.71483	0.04130	0.00787	0.00787	0.01180	0.00492	0.00492
49	0.77215	0.01569	0.01193	0.01067	0.01569	0.01820	0.00879	0.02385	0.01381	0.03641	0.01130	0.01318	0.00879	0.00753	0.00502	0.00251	0.00628	0.00439	0.00502	0.00879
50	0.77215	0.01569	0.01193	0.01067	0.01569	0.01820	0.00879	0.02385	0.01381	0.03641	0.01130	0.01318	0.00879	0.00753	0.00502	0.00251	0.00628	0.00439	0.00502	0.00879
51	0.00989	0.00706	0.00942	0.01130	0.01177	0.00659	0.00753	0.01130	0.01554	0.02071	0.04472	0.70954	0.05367	0.02542	0.01036	0.00330	0.00471	0.02307	0.00753	0.00659
52	0.02977	0.03777	0.02308	0.02092	0.02492	0.65375	0.01577	0.03184	0.02254	0.01984	0.01246	0.01477	0.01046	0.00861	0.00815	0.00215	0.04435	0.00531	0.00415	0.00938
53	0.03082	0.02359	0.02428	0.01879	0.02516	0.06054	0.01544	0.60460	0.03733	0.04945	0.01911	0.01922	0.01362	0.00967	0.00807	0.00242	0.00924	0.00719	0.00791	0.01356
54	0.01627	0.04197	0.67279	0.02313	0.03512	0.01884	0.02998	0.02570	0.01713	0.02570	0.01456	0.01713	0.01028	0.00771	0.00771	0.00257	0.01199	0.00600	0.00343	0.01199
55	0.01338	0.00919	0.01117	0.01037	0.01259	0.00894	0.00786	0.04514	0.04834	0.03302	0.49011	0.05199	0.06146	0.01475	0.00874	0.00243	0.00416	0.01282	0.14540	0.00813
56	0.01683	0.01442	0.01683	0.01202	0.01923	0.01082	0.00961	0.02043	0.01683	0.02644	0.01442	0.01683	0.01202	0.00601	0.00601	0.00120	0.00601	0.00481	0.00481	0.76444
57	0.01180	0.00787	0.00885	0.00885	0.00885	0.00787	0.00492	0.01180	0.01180	0.01573	0.02557	0.05310	0.02950	0.71483	0.04130	0.00787	0.00787	0.01180	0.00492	0.00492
58	0.01044	0.00825	0.00940	0.00911	0.01148	0.00721	0.00684	0.01330	0.02051	0.02670	0.34214	0.07023	0.39800	0.01877	0.00958	0.00266	0.00398	0.01602	0.00816	0.00721
59	0.03641	0.01381	0.01883	0.01444	0.02071	0.01193	0.01193	0.03954	0.02322	0.66984	0.03201	0.02762	0.02009	0.01004	0.00816	0.00251	0.00690	0.00816	0.01004	0.01381
60	0.00989	0.00706	0.00942	0.01130	0.01177	0.00659	0.00753	0.01130	0.01554	0.02071	0.04472	0.70954	0.05367	0.02542	0.01036	0.00330	0.00471	0.02307	0.00753	0.00659
61	0.03031	0.03867	0.02299	0.02090	0.02508	0.68226	0.01568	0.03240	0.02299	0.01986	0.01254	0.01463	0.01045	0.00836	0.00732	0.00209	0.01463	0.00523	0.00418	0.00941
62	0.02169	0.71972	0.04252	0.01388	0.02083	0.03211	0.01388	0.02430	0.01649	0.01909	0.01128	0.01302	0.01041	0.00694	0.00521	0.00174	0.00868	0.00434	0.00347	0.01041
63	0.00989	0.00706	0.00942	0.01130	0.01177	0.00659	0.00753	0.01130	0.01554	0.02071	0.04472	0.70954	0.05367	0.02542	0.01036	0.00330	0.00471	0.02307	0.00753	0.00659
64	0.01409	0.00705	0.01057	0.01057	0.01057	0.00705	0.00705	0.01057	0.01057	0.01409	0.01409	0.02467	0.01409	0.02819	0.03171	0.76392	0.00705	0.00705	0.00352	0.00352
65	0.01009	0.00813	0.00899	0.00901	0.01133	0.00703	0.00667	0.01253	0.01932	0.02445	0.22259	0.13504	0.45629	0.02004	0.00966	0.00275	0.00410	0.01709	0.00788	0.00703
66	0.01180	0.00787	0.00885	0.00885	0.00885	0.00787	0.00492	0.01180	0.01180	0.01573	0.02557	0.05310	0.02950	0.71483	0.04130	0.00787	0.00787	0.01180	0.00492	0.00492
67	0.02975	0.08296	0.02426	0.02045	0.02481	0.63998	0.01556	0.03187	0.02257	0.01981	0.01246	0.01453	0.01045	0.00827	0.00718	0.00207	0.01425	0.00517	0.00413	0.00947
68	0.03085	0.02273	0.02435	0.01867	0.02516	0.02516	0.01542	0.63716	0.03815	0.05114	0.01948	0.01948	0.01380	0.00974	0.00812	0.00244	0.00893	0.00731	0.00812	0.01380
69	0.01951	0.01144	0.01396	0.01297	0.01626	0.01121	0.00980	0.02646	0.16215	0.20167	0.07227	0.27306	0.10125	0.01702	0.00916	0.00286	0.00559	0.01483	0.00845	0.01006
70	0.02986	0.03781	0.02344	0.02219	0.05354	0.65274	0.01609	0.03207	0.02279	0.02015	0.01266	0.01488	0.01056	0.00831	0.00735	0.00210	0.01441	0.00532	0.00417	0.00956
71	0.02008	0.01928	0.03294	0.04981	0.66422	0.01928	0.02490	0.02490	0.01848	0.02651	0.01526	0.02008	0.01285	0.00723	0.00803	0.00241	0.00964	0.00723	0.00402	0.01285
72	0.02088	0.01777	0.01874	0.01665	0.02136	0.02051	0.01301	0.08175	0.60980	0.03506	0.03215	0.02957	0.02406	0.01093	0.00825	0.00273	0.00658	0.00905	0.00825	0.01291
73	0.01180	0.00787	0.00885	0.00885	0.00885	0.00787	0.00492	0.01180	0.01180	0.01573	0.02557	0.05310	0.02950	0.71483	0.04130	0.00787	0.00787	0.01180	0.00492	0.00492
74	0.01691	0.01158	0.04811	0.01234	0.01534	0.00987	0.00980	0.02152	0.07021	0.15086	0.25263	0.19598	0.04818	0.08420	0.01235	0.00325	0.00566	0.01413	0.00809	0.00898
75	0.01714	0.03682	0.52761	0.02918	0.17786	0.01894	0.02883	0.02552	0.01744	0.02588	0.01472	0.01780	0.01086	0.00760	0.00778	0.00253	0.01146	0.00628	0.00356	0.01219
76	0.00986	0.00796	0.00877	0.00913	0.01127	0.00688	0.00663	0.01195	0.01829	0.02276	0.13433	0.21953	0.46181	0.02124	0.00976	0.00285	0.00422	0.01822	0.00768	0.00688
77	0.01900	0.01818	0.03098	0.19627	0.52619	0.01900	0.02437	0.02396	0.01797	0.02520	0.01507	0.02043	0.01239	0.00743	0.00805	0.00248	0.00991	0.00723	0.00392	0.01198
78	0.01642	0.01593	0.01460	0.01414	0.01609	0.16228	0.01044	0.04353	0.01933	0.02407	0.17429	0.24433	0.04103	0.04857	0.07675	0.00395	0.04614	0.01373	0.00650	0.00789
79	0.24054	0.05420	0.02027	0.02117	0.15028	0.13908	0.01384	0.05279	0.07128	0.02887	0.02479	0.02597	0.10613	0.00987	0.00713	0.00243	0.00842	0.00750	0.00536	0.01009

[dist]
# distance from previous block
# <min> <max>
0	1

[block]
# block no. 2 follows, 23 sequences, length 12
# corresponding to MSA columns:
# 163-174
name=unknown_C
#
# <colnr> <probs for GDERKNQSTAVLIFYWHMCP>
#	G	D	E	R	K	N	Q	S	T	A	V	L	I	F	Y	W	H	M	C	P
0	0.11235	0.04487	0.13175	0.05280	0.21126	0.01699	0.01855	0.02613	0.05996	0.10247	0.07360	0.02684	0.02041	0.01114	0.03019	0.00289	0.00892	0.03209	0.00555	0.01123
1	0.01942	0.12243	0.51437	0.02091	0.03158	0.01964	0.02577	0.02723	0.01780	0.10405	0.01630	0.01791	0.01150	0.00790	0.00745	0.00246	0.01096	0.00606	0.00425	0.01202
2	0.08144	0.02563	0.25404	0.03221	0.30728	0.01761	0.02321	0.02391	0.01816	0.02780	0.09391	0.02344	0.01943	0.00857	0.00785	0.00249	0.00947	0.00747	0.00450	0.01157
3	0.06689	0.02343	0.09932	0.01684	0.02215	0.16377	0.01479	0.10586	0.02216	0.15214	0.06885	0.02316	0.01869	0.00984	0.00905	0.00240	0.06501	0.00716	0.06761	0.04088
4	0.02256	0.02756	0.20786	0.04449	0.10739	0.08744	0.02026	0.14639	0.16907	0.05571	0.02031	0.02127	0.01503	0.00897	0.00794	0.00252	0.00987	0.00718	0.00584	0.01235
5	0.08281	0.10474	0.31633	0.02080	0.06894	0.06765	0.02094	0.08211	0.01910	0.02733	0.01801	0.10169	0.01602	0.01000	0.00757	0.00251	0.01000	0.00793	0.00461	0.01093
6	0.34379	0.02406	0.20772	0.02028	0.10725	0.01882	0.01766	0.02734	0.10833	0.03163	0.01594	0.01773	0.01209	0.00805	0.00667	0.00255	0.00840	0.00593	0.00490	0.01085
7	0.02374	0.08732	0.04755	0.02021	0.05865	0.36765	0.05545	0.02700	0.02124	0.02350	0.11003	0.02345	0.02134	0.00936	0.00754	0.00219	0.01121	0.00717	0.06592	0.00947
8	0.08360	0.07310	0.16470	0.01570	0.02136	0.09682	0.01496	0.02510	0.05390	0.11286	0.07888	0.13372	0.06745	0.01255	0.00803	0.00257	0.00827	0.01021	0.00618	0.01005
9	0.14416	0.02274	0.16934	0.01830	0.02440	0.03858	0.07731	0.02809	0.18723	0.02860	0.02711	0.02795	0.09414	0.01061	0.00935	0.00271	0.06480	0.00837	0.00560	0.01062
10	0.02820	0.08577	0.02200	0.01758	0.02220	0.42276	0.01367	0.03052	0.02196	0.14017	0.02457	0.02467	0.09187	0.01005	0.00758	0.00222	0.01143	0.00715	0.00562	0.00999
11	0.26190	0.01557	0.01728	0.01711	0.09699	0.01630	0.01195	0.12471	0.01919	0.03318	0.01623	0.01942	0.01310	0.01423	0.08865	0.00348	0.00877	0.00609	0.06637	0.14950

[dist]
# distance from previous block
# <min> <max>
17	40

[block]
# block no. 3 follows, 23 sequences, length 22
# corresponding to MSA columns:
# 220-241
name=unknown_D
#
# <colnr> <probs for GDERKNQSTAVLIFYWHMCP>
#	G	D	E	R	K	N	Q	S	T	A	V	L	I	F	Y	W	H	M	C	P
0	0.02001	0.23130	0.13828	0.01808	0.07979	0.02012	0.01588	0.05307	0.07119	0.09272	0.03090	0.03078	0.14444	0.01064	0.00748	0.00234	0.00805	0.00841	0.00563	0.01090
1	0.16862	0.36197	0.23945	0.01622	0.02441	0.02508	0.01806	0.02466	0.01616	0.02465	0.01234	0.01437	0.01005	0.00731	0.00598	0.00216	0.00927	0.00488	0.00376	0.01060
2	0.01835	0.30165	0.43130	0.01959	0.02964	0.02393	0.02381	0.02516	0.01688	0.02317	0.01330	0.01555	0.01033	0.00742	0.00675	0.00225	0.01072	0.00536	0.00344	0.01139
3	0.01967	0.41053	0.22261	0.01660	0.02446	0.07273	0.01805	0.02419	0.01732	0.02133	0.01850	0.02000	0.06697	0.00845	0.00647	0.00209	0.00968	0.00600	0.00386	0.01049
4	0.37707	0.11113	0.04684	0.01286	0.01753	0.06625	0.01120	0.02195	0.01573	0.02826	0.02470	0.02595	0.13103	0.01053	0.00806	0.00251	0.06740	0.00713	0.00502	0.00884
5	0.02791	0.23355	0.02895	0.01841	0.02386	0.36034	0.01510	0.15227	0.02416	0.02596	0.01358	0.01514	0.01112	0.00823	0.00686	0.00206	0.01175	0.00539	0.00477	0.01059
6	0.02703	0.14323	0.02795	0.02518	0.14366	0.45529	0.01711	0.02971	0.02112	0.02098	0.01285	0.01539	0.01089	0.00792	0.00712	0.00209	0.01276	0.00546	0.00404	0.01021
7	0.02374	0.45119	0.03508	0.01667	0.02209	0.21709	0.01480	0.02611	0.01792	0.01936	0.01157	0.01398	0.01045	0.00811	0.00807	0.00203	0.08321	0.00488	0.00368	0.00996
8	0.02421	0.52846	0.03753	0.01520	0.02202	0.03020	0.01431	0.19247	0.02243	0.02788	0.01353	0.01479	0.01134	0.00771	0.00601	0.00193	0.00875	0.00515	0.00475	0.01134
9	0.09209	0.01906	0.04780	0.01659	0.02180	0.02014	0.01399	0.38464	0.02816	0.03985	0.01915	0.02221	0.01497	0.02348	0.19292	0.00536	0.01233	0.00737	0.00660	0.01147
10	0.01004	0.00815	0.00835	0.00835	0.01053	0.00706	0.00591	0.01168	0.01714	0.02067	0.07075	0.07304	0.53331	0.16087	0.01600	0.00378	0.00487	0.01605	0.00701	0.00646
11	0.00989	0.00706	0.00942	0.01130	0.01177	0.00659	0.00753	0.01130	0.01554	0.02071	0.04472	0.70954	0.05367	0.02542	0.01036	0.00330	0.00471	0.02307	0.00753	0.00659
12	0.02448	0.50140	0.03637	0.01600	0.02219	0.20148	0.01444	0.06201	0.01944	0.02115	0.01209	0.01381	0.01062	0.00748	0.00593	0.00187	0.01025	0.00474	0.00393	0.01035
13	0.02874	0.17123	0.02737	0.01877	0.02425	0.34111	0.01523	0.22381	0.02652	0.02969	0.01450	0.01585	0.01151	0.00851	0.00715	0.00213	0.01161	0.00571	0.00529	0.01101
14	0.01933	0.01949	0.14867	0.01547	0.02108	0.01516	0.01458	0.13904	0.10690	0.09178	0.22900	0.03842	0.08149	0.01247	0.00862	0.00257	0.00707	0.01041	0.00758	0.01086
15	0.01490	0.01374	0.01753	0.01624	0.01743	0.06312	0.01297	0.01738	0.01356	0.01913	0.01754	0.02613	0.01650	0.04219	0.42475	0.00922	0.23772	0.00794	0.00408	0.00792
16	0.01056	0.00788	0.00981	0.01012	0.01175	0.00714	0.00729	0.01322	0.01961	0.02643	0.33630	0.27160	0.19797	0.02028	0.00983	0.00283	0.00417	0.01789	0.00818	0.00714
17	0.01912	0.01830	0.03120	0.18027	0.54127	0.01903	0.02442	0.02406	0.01802	0.02534	0.01509	0.02040	0.01244	0.00741	0.00805	0.00247	0.00988	0.00723	0.00393	0.01208
18	0.02647	0.02823	0.02617	0.02842	0.20014	0.30798	0.01835	0.15140	0.02386	0.02798	0.01452	0.01739	0.01181	0.00886	0.00942	0.00238	0.07419	0.00637	0.00487	0.01119
19	0.00989	0.00706	0.00942	0.01130	0.01177	0.00659	0.00753	0.01130	0.01554	0.02071	0.04472	0.70954	0.05367	0.02542	0.01036	0.00330	0.00471	0.02307	0.00753	0.00659
20	0.22792	0.02160	0.02407	0.11501	0.28001	0.15282	0.01832	0.02560	0.01782	0.02715	0.01352	0.01728	0.01099	0.00765	0.00707	0.00241	0.00988	0.00604	0.00427	0.01055
21	0.02101	0.02104	0.03204	0.04719	0.60632	0.07933	0.02407	0.02558	0.01889	0.02591	0.01502	0.01959	0.01264	0.00733	0.00797	0.00238	0.01009	0.00705	0.00403	0.01254

[dist]
# distance from previous block
# <min> <max>
0	1

[block]
# block no. 4 follows, 23 sequences, length 8
# corresponding to MSA columns:
# 243-250
name=unknown_E
#
# <colnr> <probs for GDERKNQSTAVLIFYWHMCP>
#	G	D	E	R	K	N	Q	S	T	A	V	L	I	F	Y	W	H	M	C	P
0	0.00982	0.00732	0.00915	0.01062	0.01159	0.00665	0.00723	0.01137	0.01619	0.02098	0.05298	0.57046	0.18742	0.02435	0.01019	0.00317	0.00458	0.02176	0.00753	0.00665
1	0.02154	0.02165	0.03143	0.20670	0.19156	0.10801	0.15602	0.11318	0.02147	0.02755	0.01554	0.02008	0.01202	0.00789	0.00831	0.00252	0.01140	0.00749	0.00454	0.01111
2	0.01686	0.01270	0.01809	0.01540	0.01843	0.01397	0.08193	0.11449	0.01872	0.02790	0.02133	0.02738	0.01784	0.02929	0.26822	0.00647	0.06012	0.00816	0.21382	0.00889
3	0.02389	0.15604	0.13450	0.01945	0.02485	0.34675	0.01750	0.02733	0.01917	0.02059	0.01321	0.01638	0.01120	0.01261	0.06153	0.00309	0.07259	0.00563	0.00389	0.00980
4	0.01987	0.02059	0.02574	0.03519	0.39703	0.14457	0.01909	0.02366	0.01963	0.02488	0.06576	0.03071	0.11843	0.01013	0.00824	0.00241	0.00937	0.00887	0.00491	0.01092
5	0.12311	0.07865	0.02363	0.12063	0.02792	0.26971	0.01580	0.14313	0.02235	0.02802	0.01374	0.01655	0.01094	0.00883	0.00864	0.00239	0.06508	0.00589	0.00485	0.01014
6	0.02494	0.13486	0.12944	0.02622	0.16717	0.14780	0.06552	0.02941	0.01984	0.15337	0.01747	0.01913	0.01303	0.00801	0.00755	0.00231	0.01057	0.00657	0.00509	0.01172
7	0.05815	0.05199	0.12068	0.01757	0.02192	0.24847	0.01522	0.06270	0.01936	0.02349	0.02087	0.17001	0.02114	0.05287	0.01117	0.00289	0.05742	0.00982	0.00507	0.00919

[dist]
# distance from previous block
# <min> <max>
0	28

[block]
# block no. 5 follows, 23 sequences, length 28
# corresponding to MSA columns:
# 279-306
name=unknown_F
#
# <colnr> <probs for GDERKNQSTAVLIFYWHMCP>
#	G	D	E	R	K	N	Q	S	T	A	V	L	I	F	Y	W	H	M	C	P
0	0.05510	0.01447	0.02445	0.01998	0.02405	0.01433	0.22556	0.04846	0.08404	0.02592	0.03008	0.30770	0.03126	0.04224	0.01067	0.00314	0.00839	0.01482	0.00622	0.00913
1	0.22380	0.01714	0.01780	0.01537	0.01890	0.08635	0.04398	0.06703	0.01732	0.02844	0.01834	0.10423	0.01717	0.01314	0.03517	0.00298	0.12674	0.00823	0.07339	0.06445
2	0.07614	0.01870	0.01856	0.01543	0.02035	0.06774	0.01233	0.27743	0.12884	0.06680	0.09276	0.03312	0.11316	0.01191	0.00822	0.00252	0.00749	0.00940	0.00772	0.01138
3	0.02476	0.02471	0.01806	0.01609	0.01997	0.31215	0.01233	0.11939	0.08866	0.02911	0.01991	0.02169	0.01556	0.00917	0.00704	0.00215	0.00966	0.00665	0.23309	0.00986
4	0.02206	0.16826	0.02300	0.01551	0.01972	0.24447	0.01250	0.08820	0.02322	0.02737	0.23715	0.03072	0.03368	0.01106	0.00774	0.00221	0.00905	0.00853	0.00609	0.00947
5	0.09075	0.00905	0.01029	0.00975	0.01220	0.00856	0.00740	0.01528	0.02087	0.03025	0.44533	0.06007	0.21774	0.01664	0.00910	0.00260	0.00416	0.01422	0.00817	0.00757
6	0.01683	0.01442	0.01683	0.01202	0.01923	0.01082	0.00961	0.02043	0.01683	0.02644	0.01442	0.01683	0.01202	0.00601	0.00601	0.00120	0.00601	0.00481	0.00481	0.76444
7	0.02423	0.01283	0.01536	0.01321	0.01727	0.01272	0.01035	0.11536	0.08820	0.25317	0.03169	0.16230	0.02648	0.01302	0.00808	0.00255	0.00606	0.01097	0.16518	0.01098
8	0.01683	0.01442	0.01683	0.01202	0.01923	0.01082	0.00961	0.02043	0.01683	0.02644	0.01442	0.01683	0.01202	0.00601	0.00601	0.00120	0.00601	0.00481	0.00481	0.76444
9	0.01532	0.01442	0.02434	0.69533	0.05589	0.01803	0.02253	0.02073	0.01622	0.02073	0.01442	0.02163	0.01082	0.00811	0.00811	0.00270	0.01082	0.00721	0.00361	0.00901
10	0.01159	0.00869	0.01304	0.01304	0.01449	0.01014	0.01014	0.01449	0.01304	0.01884	0.02173	0.03188	0.02029	0.06086	0.68268	0.01304	0.02173	0.00869	0.00435	0.00724
11	0.01175	0.00807	0.00990	0.00990	0.01026	0.00844	0.00622	0.01247	0.01211	0.01651	0.02461	0.04779	0.02719	0.55111	0.20187	0.00916	0.01134	0.01102	0.00477	0.00550
12	0.03085	0.02273	0.02435	0.01867	0.02516	0.02516	0.01542	0.63716	0.03815	0.05114	0.01948	0.01948	0.01380	0.00974	0.00812	0.00244	0.00893	0.00731	0.00812	0.01380
13	0.03085	0.02273	0.02435	0.01867	0.02516	0.02516	0.01542	0.63716	0.03815	0.05114	0.01948	0.01948	0.01380	0.00974	0.00812	0.00244	0.00893	0.00731	0.00812	0.01380
14	0.00989	0.00706	0.00942	0.01130	0.01177	0.00659	0.00753	0.01130	0.01554	0.02071	0.04472	0.70954	0.05367	0.02542	0.01036	0.00330	0.00471	0.02307	0.00753	0.00659
15	0.02169	0.71972	0.04252	0.01388	0.02083	0.03211	0.01388	0.02430	0.01649	0.01909	0.01128	0.01302	0.01041	0.00694	0.00521	0.00174	0.00868	0.00434	0.00347	0.01041
16	0.00995	0.00738	0.00928	0.01061	0.01164	0.00672	0.00727	0.01166	0.01667	0.02183	0.09780	0.53635	0.17560	0.02380	0.01015	0.00313	0.00452	0.02127	0.00764	0.00672
17	0.01159	0.00869	0.01304	0.01304	0.01449	0.01014	0.01014	0.01449	0.01304	0.01884	0.02173	0.03188	0.02029	0.06086	0.68268	0.01304	0.02173	0.00869	0.00435	0.00724
18	0.01026	0.00825	0.00915	0.00893	0.01137	0.00714	0.00669	0.01295	0.02008	0.02569	0.28711	0.07189	0.45366	0.01914	0.00958	0.00267	0.00401	0.01626	0.00803	0.00714
19	0.01866	0.01366	0.01515	0.01279	0.01660	0.01408	0.01013	0.24915	0.02732	0.03717	0.25131	0.04650	0.17042	0.01430	0.00874	0.00250	0.00581	0.01188	0.06407	0.00980
20	0.01784	0.01699	0.02888	0.35467	0.37692	0.01869	0.02378	0.02293	0.01741	0.02378	0.01487	0.02082	0.01189	0.00765	0.00807	0.00255	0.01020	0.00722	0.00382	0.01104
21	0.01975	0.01894	0.03234	0.09484	0.62178	0.01919	0.02474	0.02461	0.01832	0.02611	0.01520	0.02019	0.01271	0.00729	0.00804	0.00243	0.00972	0.00723	0.00399	0.01259
22	0.22847	0.02280	0.02314	0.02673	0.22500	0.15796	0.01656	0.12325	0.05001	0.03203	0.01509	0.01744	0.01194	0.00811	0.00709	0.00239	0.00951	0.00614	0.00516	0.01118
23	0.02730	0.15412	0.07140	0.02048	0.07124	0.33467	0.01612	0.03043	0.02112	0.12742	0.04089	0.01883	0.01474	0.00857	0.00724	0.00217	0.01133	0.00612	0.00513	0.01068
24	0.02118	0.01218	0.01548	0.01494	0.06453	0.01113	0.01091	0.04738	0.04928	0.23947	0.07597	0.05086	0.24397	0.01470	0.00889	0.00265	0.00608	0.06391	0.00811	0.03836
25	0.05261	0.17027	0.44664	0.02066	0.03078	0.02100	0.05169	0.02632	0.01737	0.06983	0.01508	0.01710	0.01101	0.00768	0.00722	0.00241	0.01081	0.00591	0.00400	0.01162
26	0.11301	0.02519	0.26047	0.01913	0.07118	0.05062	0.01836	0.02429	0.08410	0.02752	0.07280	0.03376	0.11957	0.01127	0.00800	0.00262	0.00865	0.03376	0.00542	0.01030
27	0.01998	0.02355	0.20684	0.02379	0.08620	0.01678	0.14445	0.02670	0.05183	0.12750	0.05233	0.02719	0.06458	0.00966	0.00940	0.00259	0.04731	0.00856	0.00553	0.04524

[dist]
# distance from previous block
# <min> <max>
0	48

[block]
# block no. 6 follows, 23 sequences, length 35
# corresponding to MSA columns:
# 355-389
name=unknown_G
#
# <colnr> <probs for GDERKNQSTAVLIFYWHMCP>
#	G	D	E	R	K	N	Q	S	T	A	V	L	I	F	Y	W	H	M	C	P
0	0.10535	0.02556	0.24291	0.02626	0.18865	0.01789	0.02120	0.06189	0.04627	0.15883	0.01895	0.02025	0.01355	0.00829	0.00763	0.00251	0.00934	0.00678	0.00555	0.01236
1	0.08881	0.02623	0.32337	0.01917	0.06630	0.01582	0.01919	0.05474	0.01644	0.02520	0.01783	0.02735	0.01609	0.19861	0.04820	0.00445	0.01048	0.00767	0.00432	0.00973
2	0.20195	0.02914	0.33047	0.02763	0.20826	0.01881	0.02337	0.02502	0.01670	0.02854	0.01396	0.01700	0.01064	0.00753	0.00714	0.00251	0.00993	0.00595	0.00398	0.01145
3	0.06909	0.01835	0.03032	0.13919	0.53470	0.01903	0.02350	0.02424	0.01785	0.02634	0.01488	0.01985	0.01229	0.00738	0.00785	0.00246	0.00959	0.00704	0.00402	0.01204
4	0.02414	0.50609	0.07169	0.01562	0.02231	0.13851	0.01489	0.02708	0.01821	0.07711	0.01350	0.01480	0.01127	0.00750	0.00596	0.00191	0.00970	0.00492	0.00417	0.01063
5	0.01676	0.03283	0.43751	0.02174	0.03211	0.01709	0.09767	0.02445	0.01730	0.02591	0.01475	0.01763	0.01095	0.00719	0.00752	0.00226	0.01073	0.00614	0.00384	0.19563
6	0.00970	0.00778	0.00867	0.00938	0.01127	0.00675	0.00668	0.01151	0.01738	0.02146	0.06804	0.31674	0.43142	0.02239	0.00988	0.00295	0.00434	0.01937	0.00753	0.00675
7	0.02275	0.01978	0.02305	0.02518	0.19207	0.09345	0.01610	0.23930	0.02634	0.03497	0.13803	0.02780	0.02547	0.01427	0.06200	0.00326	0.00983	0.00854	0.00643	0.01137
8	0.01225	0.00998	0.01105	0.01048	0.01327	0.00964	0.00795	0.01885	0.13859	0.02793	0.27696	0.06294	0.33512	0.01736	0.00933	0.00268	0.00444	0.01477	0.00816	0.00826
9	0.01727	0.01633	0.02654	0.09739	0.46152	0.01634	0.02042	0.02151	0.01828	0.02495	0.03045	0.03344	0.16041	0.01034	0.00840	0.00251	0.00848	0.00948	0.00478	0.01115
10	0.05838	0.13313	0.02729	0.02503	0.14755	0.43149	0.01691	0.02941	0.02079	0.02173	0.01283	0.01539	0.01084	0.00790	0.00705	0.00212	0.01245	0.00545	0.00408	0.01019
11	0.03031	0.03867	0.02299	0.02090	0.02508	0.68226	0.01568	0.03240	0.02299	0.01986	0.01254	0.01463	0.01045	0.00836	0.00732	0.00209	0.01463	0.00523	0.00418	0.00941
12	0.02214	0.02205	0.03021	0.08568	0.47833	0.11562	0.02262	0.07669	0.02062	0.02722	0.01516	0.01935	0.01245	0.00766	0.00794	0.00239	0.01038	0.00694	0.00435	0.01218
13	0.00976	0.00823	0.00845	0.00840	0.01106	0.00692	0.00630	0.01197	0.01889	0.02286	0.13327	0.07655	0.60927	0.02020	0.00959	0.00272	0.00409	0.01691	0.00766	0.00692
14	0.01088	0.00807	0.00963	0.00953	0.01116	0.00737	0.00673	0.01327	0.01892	0.02535	0.32427	0.12995	0.22104	0.14967	0.01561	0.00368	0.00475	0.01564	0.00766	0.00682
15	0.01055	0.00783	0.00983	0.01023	0.01178	0.00712	0.00733	0.01316	0.01942	0.02624	0.32728	0.30034	0.17796	0.02055	0.00986	0.00286	0.00420	0.01819	0.00816	0.00712
16	0.02734	0.02954	0.02514	0.08501	0.13831	0.35913	0.01782	0.16794	0.02507	0.02822	0.01476	0.01730	0.01166	0.00846	0.00769	0.00228	0.01213	0.00622	0.00500	0.01097
17	0.03031	0.03867	0.02299	0.02090	0.02508	0.68226	0.01568	0.03240	0.02299	0.01986	0.01254	0.01463	0.01045	0.00836	0.00732	0.00209	0.01463	0.00523	0.00418	0.00941
18	0.03065	0.01708	0.06212	0.01531	0.02149	0.01499	0.01328	0.17937	0.02596	0.39706	0.05909	0.02857	0.04521	0.01050	0.00814	0.00248	0.00735	0.00844	0.04004	0.01287
19	0.08822	0.08476	0.07356	0.02061	0.09570	0.24834	0.01525	0.05788	0.01977	0.02440	0.02052	0.17388	0.02060	0.01195	0.00778	0.00247	0.01002	0.00955	0.00510	0.00964
20	0.02859	0.02873	0.05596	0.01838	0.02325	0.37426	0.01484	0.03246	0.05632	0.17981	0.02305	0.02312	0.05657	0.00993	0.00855	0.00236	0.04015	0.00707	0.00599	0.01062
21	0.01159	0.00869	0.01304	0.01304	0.01449	0.01014	0.01014	0.01449	0.01304	0.01884	0.02173	0.03188	0.02029	0.06086	0.68268	0.01304	0.02173	0.00869	0.00435	0.00724
22	0.01627	0.04197	0.67279	0.02313	0.03512	0.01884	0.02998	0.02570	0.01713	0.02570	0.01456	0.01713	0.01028	0.00771	0.00771	0.00257	0.01199	0.00600	0.00343	0.01199
23	0.01242	0.00940	0.01365	0.01333	0.01469	0.01124	0.01046	0.01529	0.01330	0.01981	0.02113	0.03050	0.01947	0.05264	0.57077	0.01131	0.08026	0.00846	0.06445	0.00741
24	0.01180	0.00787	0.00885	0.00885	0.00885	0.00787	0.00492	0.01180	0.01180	0.01573	0.02557	0.05310	0.02950	0.71483	0.04130	0.00787	0.00787	0.01180	0.00492	0.00492
25	0.03085	0.02273	0.02435	0.01867	0.02516	0.02516	0.01542	0.63716	0.03815	0.05114	0.01948	0.01948	0.01380	0.00974	0.00812	0.00244	0.00893	0.00731	0.00812	0.01380
26	0.00989	0.00706	0.00942	0.01130	0.01177	0.00659	0.00753	0.01130	0.01554	0.02071	0.04472	0.70954	0.05367	0.02542	0.01036	0.00330	0.00471	0.02307	0.00753	0.00659
27	0.00959	0.00822	0.00822	0.00822	0.01096	0.00685	0.00617	0.01165	0.01850	0.02192	0.08220	0.07809	0.66092	0.02055	0.00959	0.00274	0.00411	0.01713	0.00754	0.00685
28	0.01012	0.00750	0.00945	0.01052	0.01168	0.00683	0.00730	0.01209	0.01744	0.02308	0.16305	0.47356	0.17185	0.02291	0.01007	0.00306	0.00444	0.02043	0.00779	0.00683
29	0.01180	0.00787	0.00885	0.00885	0.00885	0.00787	0.00492	0.01180	0.01180	0.01573	0.02557	0.05310	0.02950	0.71483	0.04130	0.00787	0.00787	0.01180	0.00492	0.00492
30	0.77215	0.01569	0.01193	0.01067	0.01569	0.01820	0.00879	0.02385	0.01381	0.03641	0.01130	0.01318	0.00879	0.00753	0.00502	0.00251	0.00628	0.00439	0.00502	0.00879
31	0.77215	0.01569	0.01193	0.01067	0.01569	0.01820	0.00879	0.02385	0.01381	0.03641	0.01130	0.01318	0.00879	0.00753	0.00502	0.00251	0.00628	0.00439	0.00502	0.00879
32	0.01159	0.00869	0.01304	0.01304	0.01449	0.01014	0.01014	0.01449	0.01304	0.01884	0.02173	0.03188	0.02029	0.06086	0.68268	0.01304	0.02173	0.00869	0.00435	0.00724
33	0.77215	0.01569	0.01193	0.01067	0.01569	0.01820	0.00879	0.02385	0.01381	0.03641	0.01130	0.01318	0.00879	0.00753	0.00502	0.00251	0.00628	0.00439	0.00502	0.00879
