[name]
unknown

[dist]
# distance from previous block
# <min> <max>
0	28

[block]
# block no. 0 follows, 21 sequences, length 40
# corresponding to MSA columns:
# 28-67
name=unknown_A
#
# <colnr> <probs for GDERKNQSTAVLIFYWHMCP>
#	G	D	E	R	K	N	Q	S	T	A	V	L	I	F	Y	W	H	M	C	P
0	0.01157	0.00911	0.01073	0.01154	0.01403	0.00826	0.00946	0.01445	0.01948	0.02401	0.06920	0.08772	0.39832	0.02236	0.01076	0.00331	0.00577	0.25459	0.00788	0.00745
1	0.01857	0.03900	0.49683	0.02923	0.13574	0.05105	0.05754	0.02717	0.01859	0.02681	0.01538	0.01858	0.01133	0.00799	0.00821	0.00265	0.01239	0.00664	0.00377	0.01254
2	0.01900	0.01811	0.03082	0.31186	0.40433	0.01968	0.02509	0.02431	0.01840	0.02530	0.01564	0.02173	0.01260	0.00797	0.00846	0.00266	0.01062	0.00757	0.00403	0.01182
3	0.01607	0.01513	0.02552	0.68047	0.05861	0.01891	0.02363	0.02174	0.01702	0.02174	0.01513	0.02269	0.01134	0.00851	0.00851	0.00284	0.01134	0.00756	0.00378	0.00945
4	0.01236	0.00831	0.00958	0.00958	0.00969	0.00841	0.00553	0.01257	0.01246	0.01672	0.02654	0.05417	0.03028	0.65740	0.08594	0.00862	0.00924	0.01215	0.00512	0.00532
5	0.01238	0.00825	0.00928	0.00928	0.00928	0.00825	0.00516	0.01238	0.01238	0.01650	0.02681	0.05569	0.03094	0.70092	0.04331	0.00825	0.00825	0.01238	0.00516	0.00516
6	0.01238	0.00825	0.00928	0.00928	0.00928	0.00825	0.00516	0.01238	0.01238	0.01650	0.02681	0.05569	0.03094	0.70092	0.04331	0.00825	0.00825	0.01238	0.00516	0.00516
7	0.02893	0.03110	0.02303	0.02018	0.02516	0.36263	0.01556	0.15012	0.19731	0.03129	0.02057	0.02092	0.01584	0.00983	0.00811	0.00246	0.01178	0.00706	0.00638	0.01176
8	0.02770	0.02478	0.02581	0.08929	0.13751	0.15792	0.01820	0.24033	0.09764	0.06703	0.01989	0.02141	0.01490	0.00945	0.00834	0.00254	0.01054	0.00745	0.00655	0.01273
9	0.01635	0.01514	0.02047	0.01762	0.01903	0.01889	0.01437	0.01899	0.01675	0.02496	0.18462	0.03364	0.06051	0.01506	0.02017	0.00316	0.40401	0.00985	0.00557	0.08086
10	0.01905	0.05176	0.13349	0.05971	0.16888	0.01807	0.08007	0.02649	0.07781	0.02770	0.01731	0.02045	0.01369	0.00764	0.00776	0.00221	0.00944	0.00688	0.00477	0.24682
11	0.01902	0.01775	0.02775	0.21449	0.33711	0.01919	0.02197	0.02738	0.12601	0.02721	0.02352	0.02727	0.05546	0.00942	0.00859	0.00270	0.00948	0.00860	0.00511	0.01198
12	0.12335	0.03545	0.42002	0.02098	0.03102	0.06051	0.02439	0.05741	0.01972	0.10571	0.01714	0.01869	0.01201	0.00850	0.00775	0.00264	0.01113	0.00635	0.00496	0.01227
13	0.01995	0.02214	0.04681	0.07792	0.11739	0.02120	0.50949	0.02678	0.01981	0.02698	0.01694	0.02271	0.01288	0.00731	0.00975	0.00283	0.01365	0.00959	0.00426	0.01159
14	0.01151	0.00829	0.01090	0.01107	0.01260	0.00768	0.00799	0.01473	0.02162	0.03020	0.45460	0.26350	0.07270	0.02033	0.01030	0.00292	0.00431	0.01818	0.00890	0.00768
15	0.03179	0.04056	0.02412	0.02192	0.02631	0.66676	0.01644	0.03398	0.02412	0.02083	0.01315	0.01535	0.01096	0.00877	0.00767	0.00219	0.01535	0.00548	0.00438	0.00987
16	0.02106	0.02022	0.03454	0.05223	0.64784	0.02022	0.02612	0.02612	0.01938	0.02780	0.01601	0.02106	0.01348	0.00758	0.00842	0.00253	0.01011	0.00758	0.00421	0.01348
17	0.01141	0.00848	0.00865	0.00861	0.01124	0.00740	0.00646	0.01406	0.01937	0.02554	0.10958	0.07018	0.47741	0.01884	0.00919	0.00267	0.00422	0.01569	0.16362	0.00740
18	0.01140	0.00867	0.01048	0.01003	0.01232	0.00776	0.00752	0.01481	0.02257	0.03051	0.46266	0.06951	0.26324	0.01875	0.01004	0.00274	0.00411	0.01622	0.00889	0.00776
19	0.01818	0.01405	0.01813	0.05699	0.02076	0.01638	0.01300	0.16942	0.02037	0.02819	0.02105	0.03056	0.01905	0.11470	0.32569	0.00859	0.08115	0.00886	0.00550	0.00935
20	0.01986	0.36936	0.35596	0.01949	0.02947	0.02660	0.02315	0.02623	0.01764	0.02355	0.01358	0.01585	0.01085	0.00769	0.00680	0.00227	0.01087	0.00543	0.00362	0.01176
21	0.01216	0.00912	0.01368	0.01368	0.01520	0.01064	0.01064	0.01520	0.01368	0.01976	0.02279	0.03343	0.02127	0.06382	0.66720	0.01368	0.02279	0.00912	0.00456	0.00760
22	0.01238	0.00825	0.00928	0.00928	0.00928	0.00825	0.00516	0.01238	0.01238	0.01650	0.02681	0.05569	0.03094	0.70092	0.04331	0.00825	0.00825	0.01238	0.00516	0.00516
23	0.01216	0.00912	0.01368	0.01368	0.01520	0.01064	0.01064	0.01520	0.01368	0.01976	0.02279	0.03343	0.02127	0.06382	0.66720	0.01368	0.02279	0.00912	0.00456	0.00760
24	0.01324	0.01008	0.01178	0.01149	0.01345	0.01011	0.00818	0.01933	0.12640	0.02759	0.25615	0.15114	0.12125	0.16190	0.01692	0.00402	0.00555	0.01533	0.00798	0.00812
25	0.01861	0.22395	0.49043	0.02162	0.03276	0.02354	0.02685	0.02655	0.01778	0.02507	0.01434	0.01679	0.01082	0.00787	0.00737	0.00246	0.01163	0.00582	0.00361	0.01213
26	0.01760	0.02579	0.19994	0.02892	0.06753	0.01849	0.32763	0.02449	0.01938	0.02646	0.02872	0.03188	0.12288	0.00995	0.00945	0.00281	0.01191	0.01033	0.00474	0.01111
27	0.02106	0.02022	0.03454	0.05223	0.64784	0.02022	0.02612	0.02612	0.01938	0.02780	0.01601	0.02106	0.01348	0.00758	0.00842	0.00253	0.01011	0.00758	0.00421	0.01348
28	0.01107	0.00894	0.01003	0.01057	0.01319	0.00790	0.00846	0.01371	0.01945	0.02367	0.07486	0.08579	0.48018	0.02209	0.01053	0.00316	0.00528	0.17587	0.00788	0.00736
29	0.01560	0.07989	0.02029	0.01601	0.01722	0.01802	0.01279	0.01754	0.01352	0.01936	0.01832	0.03077	0.01860	0.17435	0.23766	0.00774	0.26127	0.00875	0.00429	0.00803
30	0.02586	0.02932	0.02988	0.03867	0.36976	0.30949	0.02179	0.02964	0.02150	0.02468	0.01473	0.01851	0.01235	0.00811	0.00809	0.00238	0.01245	0.00664	0.00429	0.01186
31	0.01140	0.00867	0.01048	0.01003	0.01232	0.00776	0.00752	0.01481	0.02257	0.03051	0.46266	0.06951	0.26324	0.01875	0.01004	0.00274	0.00411	0.01622	0.00889	0.00776
32	0.01025	0.00863	0.00889	0.00882	0.01161	0.00727	0.00662	0.01259	0.01985	0.02407	0.14015	0.08012	0.58977	0.02115	0.01006	0.00285	0.00428	0.01771	0.00804	0.00727
33	0.02366	0.54997	0.03810	0.01446	0.02099	0.07312	0.01373	0.02651	0.01825	0.06063	0.01482	0.01647	0.01261	0.00784	0.00585	0.00191	0.00891	0.00519	0.07620	0.01078
34	0.01740	0.01832	0.05822	0.05445	0.02671	0.01980	0.11831	0.02135	0.01713	0.02523	0.12367	0.02728	0.02371	0.01239	0.01735	0.00302	0.30790	0.00895	0.00496	0.09386
35	0.02219	0.01881	0.02076	0.13585	0.02859	0.08905	0.01407	0.08257	0.02102	0.08310	0.01703	0.01956	0.01311	0.00773	0.00727	0.00190	0.00863	0.00611	0.00555	0.39709
36	0.25518	0.34820	0.16356	0.01554	0.02330	0.02613	0.01643	0.02564	0.01655	0.02723	0.01256	0.01462	0.01035	0.00765	0.00595	0.00226	0.00904	0.00494	0.00415	0.01073
37	0.17738	0.01052	0.01040	0.01001	0.01328	0.01012	0.00765	0.01677	0.01871	0.05714	0.11830	0.12196	0.36230	0.01810	0.00901	0.00285	0.00498	0.01492	0.00759	0.00803
38	0.06993	0.08898	0.13247	0.19245	0.30348	0.02106	0.02411	0.02506	0.01804	0.02616	0.01499	0.01974	0.01199	0.00788	0.00789	0.00257	0.01047	0.00687	0.00403	0.01183
39	0.02600	0.02122	0.02751	0.02883	0.19418	0.11642	0.07226	0.05910	0.02199	0.17093	0.07429	0.02558	0.02041	0.01026	0.01096	0.00269	0.09064	0.00838	0.00630	0.01205

[dist]
# distance from previous block
# <min> <max>
17	61

[block]
# block no. 1 follows, 21 sequences, length 6
# corresponding to MSA columns:
# 132-137
name=unknown_B
#
# <colnr> <probs for GDERKNQSTAVLIFYWHMCP>
#	G	D	E	R	K	N	Q	S	T	A	V	L	I	F	Y	W	H	M	C	P
0	0.02238	0.03786	0.32205	0.02787	0.09688	0.21875	0.10059	0.02906	0.02027	0.02520	0.01494	0.01811	0.01138	0.00813	0.00824	0.00255	0.01340	0.00665	0.00399	0.01170
1	0.15612	0.08207	0.16951	0.02524	0.10687	0.14392	0.08103	0.02710	0.01835	0.02679	0.01387	0.01735	0.01114	0.00864	0.00950	0.00262	0.07830	0.00636	0.00421	0.01101
2	0.01445	0.00926	0.01181	0.01190	0.01429	0.00844	0.00922	0.01743	0.02063	0.09557	0.21661	0.19899	0.18932	0.02062	0.01037	0.00311	0.00535	0.12577	0.00858	0.00828
3	0.02438	0.27300	0.11419	0.02601	0.16281	0.14788	0.01977	0.09035	0.02153	0.02633	0.01435	0.01687	0.01185	0.00804	0.00719	0.00223	0.01097	0.00594	0.00442	0.01187
4	0.09936	0.27626	0.03144	0.08247	0.02646	0.02314	0.08012	0.05396	0.01794	0.02545	0.01518	0.01931	0.01290	0.01593	0.10507	0.00387	0.01139	0.00635	0.00444	0.08896
5	0.01835	0.01835	0.01500	0.01423	0.01755	0.17748	0.01091	0.08260	0.02246	0.02579	0.05223	0.12726	0.29261	0.01785	0.00954	0.00283	0.00808	0.07113	0.00706	0.00867

[dist]
# distance from previous block
# <min> <max>
0	2

[block]
# block no. 2 follows, 21 sequences, length 22
# corresponding to MSA columns:
# 140-161
name=unknown_C
#
# <colnr> <probs for GDERKNQSTAVLIFYWHMCP>
#	G	D	E	R	K	N	Q	S	T	A	V	L	I	F	Y	W	H	M	C	P
0	0.14272	0.19825	0.08512	0.10987	0.02874	0.20622	0.01690	0.02864	0.01934	0.07170	0.01462	0.01697	0.01147	0.00829	0.00696	0.00234	0.01096	0.00570	0.00464	0.01056
1	0.02055	0.17904	0.09850	0.02942	0.14620	0.07153	0.21338	0.02575	0.01936	0.02481	0.02159	0.02483	0.06996	0.00880	0.00834	0.00250	0.01136	0.00836	0.00440	0.01131
2	0.01752	0.01569	0.02167	0.02403	0.16620	0.01625	0.05936	0.02815	0.22904	0.02884	0.07562	0.04255	0.14703	0.07565	0.01224	0.00328	0.00759	0.01142	0.00687	0.01100
3	0.01434	0.01250	0.02161	0.01765	0.02031	0.01199	0.18842	0.01674	0.01533	0.02059	0.02729	0.15253	0.02978	0.38124	0.02796	0.00584	0.00952	0.01365	0.00536	0.00734
4	0.02894	0.19446	0.02669	0.01673	0.02253	0.16560	0.01395	0.08778	0.09710	0.18628	0.02215	0.02182	0.01631	0.00938	0.00743	0.00231	0.00945	0.00688	0.05218	0.01204
5	0.02012	0.22841	0.36208	0.02503	0.11215	0.06408	0.02502	0.02686	0.01834	0.02472	0.01426	0.01699	0.01119	0.00783	0.00736	0.00239	0.01144	0.00592	0.00374	0.01206
6	0.02223	0.02741	0.08709	0.03377	0.13115	0.15798	0.33415	0.02808	0.02046	0.02570	0.01621	0.02102	0.01271	0.00956	0.03137	0.00303	0.01406	0.00838	0.00426	0.01139
7	0.01049	0.00746	0.00984	0.01169	0.01215	0.00700	0.00773	0.01188	0.01605	0.02140	0.04565	0.65551	0.05471	0.06868	0.01288	0.00375	0.00514	0.02346	0.00773	0.00680
8	0.02220	0.02096	0.02813	0.03692	0.36665	0.06943	0.02081	0.06443	0.18870	0.03073	0.02244	0.02689	0.01836	0.00962	0.00859	0.00266	0.00944	0.03419	0.00584	0.01300
9	0.02112	0.08615	0.07028	0.01879	0.02261	0.18057	0.01635	0.06076	0.02021	0.02440	0.02557	0.04021	0.05809	0.01601	0.03518	0.00336	0.13821	0.14708	0.00543	0.00963
10	0.01837	0.01216	0.01475	0.01214	0.01666	0.01062	0.00953	0.06018	0.02292	0.12328	0.27989	0.04647	0.12517	0.01366	0.00878	0.00233	0.00546	0.01160	0.00819	0.19785
11	0.01100	0.00854	0.00979	0.00967	0.01185	0.00756	0.00705	0.01365	0.02045	0.02663	0.28967	0.11324	0.34749	0.07050	0.01256	0.00323	0.00453	0.01699	0.00825	0.00734
12	0.02849	0.07403	0.02327	0.01933	0.02375	0.44064	0.01485	0.11091	0.02481	0.02616	0.01773	0.06879	0.01570	0.01032	0.00777	0.00230	0.01250	0.00733	0.06113	0.01019
13	0.02509	0.15964	0.15010	0.02734	0.15731	0.29226	0.02096	0.02944	0.02070	0.02330	0.01391	0.01673	0.01145	0.00812	0.00750	0.00229	0.01258	0.00590	0.00406	0.01133
14	0.01874	0.23354	0.02802	0.01724	0.02025	0.06163	0.01479	0.02125	0.01522	0.02014	0.01503	0.02136	0.01415	0.02699	0.21378	0.00606	0.23158	0.00693	0.00399	0.00933
15	0.01037	0.00805	0.00924	0.01013	0.01171	0.00714	0.00702	0.01206	0.01748	0.02194	0.06409	0.35675	0.33373	0.07404	0.01288	0.00353	0.00488	0.02036	0.00770	0.00691
16	0.14521	0.01459	0.01456	0.01239	0.01636	0.01586	0.00979	0.21663	0.02414	0.03886	0.02264	0.02681	0.01798	0.06072	0.00944	0.00274	0.00649	0.00762	0.32709	0.01008
17	0.07681	0.03264	0.02538	0.06527	0.13670	0.42392	0.01807	0.07573	0.02344	0.02573	0.01424	0.01707	0.01158	0.00860	0.00776	0.00235	0.01316	0.00608	0.00469	0.01078
18	0.01216	0.00912	0.01368	0.01368	0.01520	0.01064	0.01064	0.01520	0.01368	0.01976	0.02279	0.03343	0.02127	0.06382	0.66720	0.01368	0.02279	0.00912	0.00456	0.00760
19	0.01067	0.00865	0.00947	0.00926	0.01187	0.00745	0.00695	0.01340	0.02084	0.02643	0.25810	0.07624	0.47035	0.02027	0.01005	0.00281	0.00422	0.01717	0.00835	0.00745
20	0.02833	0.03382	0.02326	0.02098	0.02506	0.47117	0.01601	0.03513	0.15221	0.02393	0.01753	0.01913	0.01417	0.00992	0.00973	0.00248	0.07478	0.00654	0.00523	0.01058
21	0.03224	0.02705	0.02527	0.02003	0.02638	0.14928	0.01623	0.50711	0.03696	0.04734	0.01904	0.01946	0.01380	0.00994	0.00835	0.00248	0.01051	0.00724	0.00772	0.01359

[dist]
# distance from previous block
# <min> <max>
0	1

[block]
# block no. 3 follows, 21 sequences, length 108
# corresponding to MSA columns:
# 163-270
name=unknown_D
#
# <colnr> <probs for GDERKNQSTAVLIFYWHMCP>
#	G	D	E	R	K	N	Q	S	T	A	V	L	I	F	Y	W	H	M	C	P
0	0.12838	0.02286	0.02382	0.01847	0.02508	0.02543	0.01526	0.54112	0.03665	0.05160	0.01930	0.01956	0.01378	0.00991	0.00809	0.00256	0.00900	0.00726	0.00809	0.01378
1	0.02106	0.02022	0.03454	0.05223	0.64784	0.02022	0.02612	0.02612	0.01938	0.02780	0.01601	0.02106	0.01348	0.00758	0.00842	0.00253	0.01011	0.00758	0.00421	0.01348
2	0.06629	0.00927	0.01181	0.01171	0.01354	0.01038	0.00897	0.01699	0.01479	0.02411	0.02358	0.03280	0.02109	0.08014	0.40797	0.00945	0.01578	0.00866	0.20503	0.00767
3	0.01238	0.00825	0.00928	0.00928	0.00928	0.00825	0.00516	0.01238	0.01238	0.01650	0.02681	0.05569	0.03094	0.70092	0.04331	0.00825	0.00825	0.01238	0.00516	0.00516
4	0.01746	0.01749	0.01472	0.01373	0.01738	0.13932	0.01043	0.02576	0.18931	0.02672	0.09171	0.05404	0.31674	0.01606	0.00921	0.00273	0.00711	0.01308	0.00752	0.00949
5	0.01862	0.01862	0.02607	0.02234	0.02234	0.02607	0.01862	0.02048	0.01303	0.02048	0.01117	0.01862	0.01117	0.01489	0.02793	0.00372	0.68535	0.00745	0.00372	0.00931
6	0.01037	0.00741	0.00987	0.01185	0.01234	0.00691	0.00790	0.01185	0.01629	0.02172	0.04690	0.69537	0.05629	0.02666	0.01086	0.00346	0.00494	0.02419	0.00790	0.00691
7	0.01586	0.00793	0.00793	0.00793	0.00991	0.00793	0.00595	0.01983	0.01785	0.03173	0.02776	0.03173	0.02181	0.00991	0.00595	0.00198	0.00397	0.00793	0.74817	0.00793
8	0.02059	0.01113	0.01358	0.01177	0.01579	0.00992	0.00924	0.02472	0.05463	0.23877	0.19700	0.05709	0.26878	0.01633	0.00947	0.00275	0.00536	0.01375	0.00917	0.01017
9	0.01219	0.00837	0.01024	0.01038	0.01073	0.00865	0.00649	0.01293	0.01292	0.01755	0.02740	0.09644	0.03073	0.52050	0.17085	0.00904	0.01104	0.01254	0.00523	0.00579
10	0.01216	0.00912	0.01368	0.01368	0.01520	0.01064	0.01064	0.01520	0.01368	0.01976	0.02279	0.03343	0.02127	0.06382	0.66720	0.01368	0.02279	0.00912	0.00456	0.00760
11	0.01006	0.00862	0.00862	0.00862	0.01149	0.00718	0.00647	0.01221	0.01940	0.02299	0.08621	0.08190	0.64438	0.02155	0.01006	0.00287	0.00431	0.01796	0.00790	0.00718
12	0.01394	0.01174	0.01710	0.01607	0.01717	0.01490	0.01284	0.01665	0.01350	0.01996	0.01959	0.02934	0.01849	0.05032	0.49074	0.01093	0.20568	0.00866	0.00433	0.00807
13	0.03179	0.04056	0.02412	0.02192	0.02631	0.66676	0.01644	0.03398	0.02412	0.02083	0.01315	0.01535	0.01096	0.00877	0.00767	0.00219	0.01535	0.00548	0.00438	0.00987
14	0.08112	0.21583	0.02874	0.01920	0.02442	0.45245	0.01543	0.03109	0.02162	0.02184	0.01271	0.01479	0.01083	0.00831	0.00691	0.00212	0.01306	0.00517	0.00425	0.01010
15	0.01707	0.04402	0.65683	0.02426	0.03683	0.01976	0.03144	0.02695	0.01797	0.02695	0.01527	0.01797	0.01078	0.00809	0.00809	0.00270	0.01258	0.00629	0.00359	0.01258
16	0.02106	0.02022	0.03454	0.05223	0.64784	0.02022	0.02612	0.02612	0.01938	0.02780	0.01601	0.02106	0.01348	0.00758	0.00842	0.00253	0.01011	0.00758	0.00421	0.01348
17	0.02282	0.07811	0.10436	0.07268	0.36715	0.02245	0.02361	0.14941	0.02322	0.03214	0.01646	0.02007	0.01306	0.00821	0.00817	0.00251	0.01022	0.00721	0.00497	0.01316
18	0.02083	0.01998	0.03412	0.08184	0.62007	0.02016	0.02600	0.02591	0.01927	0.02752	0.01597	0.02114	0.01338	0.00763	0.00843	0.00254	0.01017	0.00758	0.00419	0.01329
19	0.01238	0.00825	0.00928	0.00928	0.00928	0.00825	0.00516	0.01238	0.01238	0.01650	0.02681	0.05569	0.03094	0.70092	0.04331	0.00825	0.00825	0.01238	0.00516	0.00516
20	0.01128	0.00811	0.01089	0.01170	0.01269	0.00801	0.00820	0.01349	0.01715	0.02361	0.17354	0.36396	0.05240	0.09671	0.14140	0.00573	0.00852	0.01816	0.00731	0.00713
21	0.01925	0.07048	0.28736	0.03343	0.16569	0.02126	0.22659	0.02680	0.01894	0.02683	0.01588	0.02004	0.01207	0.00763	0.00866	0.00267	0.01246	0.00772	0.00396	0.01230
22	0.01037	0.00741	0.00987	0.01185	0.01234	0.00691	0.00790	0.01185	0.01629	0.02172	0.04690	0.69537	0.05629	0.02666	0.01086	0.00346	0.00494	0.02419	0.00790	0.00691
23	0.01222	0.00904	0.01180	0.01334	0.01519	0.00863	0.01092	0.01525	0.01886	0.02415	0.05441	0.21766	0.18030	0.02374	0.01120	0.00359	0.00646	0.34786	0.00786	0.00750
24	0.02157	0.02236	0.03782	0.04589	0.44925	0.06642	0.17671	0.02697	0.01990	0.02717	0.01611	0.02114	0.01316	0.00756	0.00879	0.00259	0.01157	0.00806	0.00425	0.01271
25	0.02713	0.03172	0.02864	0.03509	0.29628	0.38593	0.02065	0.03057	0.02206	0.02386	0.01439	0.01783	0.01206	0.00825	0.00800	0.00234	0.01307	0.00639	0.00431	0.01144
26	0.01656	0.00931	0.01121	0.01039	0.01167	0.00892	0.00665	0.01751	0.01553	0.12241	0.09116	0.05213	0.03439	0.51802	0.03422	0.00676	0.00765	0.01206	0.00647	0.00697
27	0.02398	0.02534	0.01955	0.01782	0.02195	0.28306	0.01381	0.08880	0.14945	0.02876	0.07444	0.03836	0.09414	0.01304	0.00881	0.00266	0.01018	0.06866	0.00677	0.01042
28	0.02740	0.06856	0.02759	0.02969	0.19940	0.41950	0.01891	0.03051	0.02220	0.02297	0.01548	0.02091	0.01357	0.00910	0.00797	0.00235	0.01317	0.03540	0.00447	0.01083
29	0.01217	0.00907	0.01346	0.01346	0.01490	0.01052	0.01036	0.01505	0.01361	0.01959	0.02300	0.03455	0.02176	0.09582	0.63586	0.01340	0.02206	0.00928	0.00459	0.00748
30	0.02081	0.01299	0.01352	0.01173	0.01523	0.01386	0.00925	0.19046	0.05768	0.03812	0.02607	0.02854	0.01997	0.01009	0.00682	0.00219	0.00564	0.00795	0.49900	0.01008
31	0.01238	0.00825	0.00928	0.00928	0.00928	0.00825	0.00516	0.01238	0.01238	0.01650	0.02681	0.05569	0.03094	0.70092	0.04331	0.00825	0.00825	0.01238	0.00516	0.00516
32	0.53399	0.01876	0.01657	0.01381	0.01955	0.02137	0.01138	0.21023	0.02244	0.04300	0.01452	0.01588	0.01085	0.00862	0.00628	0.00261	0.00745	0.00556	0.00628	0.01085
33	0.01216	0.00912	0.01368	0.01368	0.01520	0.01064	0.01064	0.01520	0.01368	0.01976	0.02279	0.03343	0.02127	0.06382	0.66720	0.01368	0.02279	0.00912	0.00456	0.00760
34	0.01707	0.04402	0.65683	0.02426	0.03683	0.01976	0.03144	0.02695	0.01797	0.02695	0.01527	0.01797	0.01078	0.00809	0.00809	0.00270	0.01258	0.00629	0.00359	0.01258
35	0.02275	0.70604	0.04459	0.01456	0.02184	0.03367	0.01456	0.02548	0.01729	0.02002	0.01183	0.01365	0.01092	0.00728	0.00546	0.00182	0.00910	0.00455	0.00364	0.01092
36	0.01037	0.00741	0.00987	0.01185	0.01234	0.00691	0.00790	0.01185	0.01629	0.02172	0.04690	0.69537	0.05629	0.02666	0.01086	0.00346	0.00494	0.02419	0.00790	0.00691
37	0.01238	0.00825	0.00928	0.00928	0.00928	0.00825	0.00516	0.01238	0.01238	0.01650	0.02681	0.05569	0.03094	0.70092	0.04331	0.00825	0.00825	0.01238	0.00516	0.00516
38	0.01006	0.00862	0.00862	0.00862	0.01149	0.00718	0.00647	0.01221	0.01940	0.02299	0.08621	0.08190	0.64438	0.02155	0.01006	0.00287	0.00431	0.01796	0.00790	0.00718
39	0.01037	0.00741	0.00987	0.01185	0.01234	0.00691	0.00790	0.01185	0.01629	0.02172	0.04690	0.69537	0.05629	0.02666	0.01086	0.00346	0.00494	0.02419	0.00790	0.00691
40	0.01238	0.00825	0.00928	0.00928	0.00928	0.00825	0.00516	0.01238	0.01238	0.01650	0.02681	0.05569	0.03094	0.70092	0.04331	0.00825	0.00825	0.01238	0.00516	0.00516
41	0.01216	0.00912	0.01368	0.01368	0.01520	0.01064	0.01064	0.01520	0.01368	0.01976	0.02279	0.03343	0.02127	0.06382	0.66720	0.01368	0.02279	0.00912	0.00456	0.00760
42	0.01049	0.00746	0.00984	0.01169	0.01216	0.00699	0.00773	0.01188	0.01605	0.02141	0.04568	0.65645	0.05474	0.06769	0.01284	0.00375	0.00514	0.02347	0.00773	0.00681
43	0.01138	0.00896	0.01051	0.01124	0.01365	0.00808	0.00904	0.01417	0.01949	0.02419	0.09209	0.11674	0.39227	0.02231	0.01067	0.00325	0.00552	0.21107	0.00794	0.00742
44	0.01586	0.00793	0.00793	0.00793	0.00991	0.00793	0.00595	0.01983	0.01785	0.03173	0.02776	0.03173	0.02181	0.00991	0.00595	0.00198	0.00397	0.00793	0.74817	0.00793
45	0.01804	0.01705	0.02843	0.43162	0.26421	0.01946	0.02408	0.02427	0.04384	0.02446	0.01626	0.02250	0.01271	0.00831	0.00849	0.00273	0.01072	0.00766	0.00414	0.01104
46	0.01051	0.00864	0.00925	0.00910	0.01177	0.00738	0.00682	0.01309	0.02047	0.02553	0.21329	0.07772	0.51572	0.02060	0.01005	0.00283	0.00424	0.01737	0.00824	0.00738
47	0.03179	0.04056	0.02412	0.02192	0.02631	0.66676	0.01644	0.03398	0.02412	0.02083	0.01315	0.01535	0.01096	0.00877	0.00767	0.00219	0.01535	0.00548	0.00438	0.00987
48	0.01216	0.00912	0.01368	0.01368	0.01520	0.01064	0.01064	0.01520	0.01368	0.01976	0.02279	0.03343	0.02127	0.06382	0.66720	0.01368	0.02279	0.00912	0.00456	0.00760
49	0.02020	0.01934	0.03298	0.16121	0.54563	0.01999	0.02569	0.02536	0.01897	0.02675	0.01585	0.02134	0.01311	0.00774	0.00844	0.00258	0.01032	0.00758	0.00414	0.01278
50	0.02456	0.57266	0.04049	0.01604	0.02274	0.16056	0.01494	0.02719	0.01866	0.02018	0.01210	0.01399	0.01093	0.00758	0.00590	0.00189	0.01035	0.00474	0.00379	0.01071
51	0.07368	0.01952	0.05801	0.02285	0.11985	0.04354	0.01680	0.12405	0.18158	0.03377	0.02857	0.04208	0.02545	0.01322	0.00908	0.00299	0.00863	0.15761	0.00703	0.01169
52	0.01825	0.16425	0.03006	0.01961	0.02398	0.04528	0.13851	0.02160	0.01623	0.02175	0.01698	0.02524	0.01575	0.09362	0.15036	0.00543	0.11873	0.00799	0.00427	0.06209
53	0.01047	0.00864	0.00919	0.00905	0.01175	0.00736	0.00679	0.01301	0.02036	0.02528	0.20095	0.07812	0.52822	0.02070	0.01005	0.00283	0.00425	0.01743	0.00820	0.00736
54	0.01018	0.00814	0.00912	0.00990	0.01183	0.00708	0.00703	0.01207	0.01817	0.02249	0.07068	0.32425	0.41206	0.02357	0.01038	0.00310	0.00456	0.02042	0.00790	0.00708
55	0.01709	0.01628	0.02683	0.44536	0.07945	0.02017	0.05651	0.02195	0.01652	0.02253	0.01499	0.02214	0.01194	0.00977	0.01253	0.00297	0.15142	0.00770	0.03414	0.00969
56	0.02367	0.02467	0.02535	0.02998	0.23312	0.23023	0.01833	0.08755	0.02174	0.02632	0.01711	0.02200	0.01457	0.02131	0.16126	0.00501	0.01469	0.00726	0.00479	0.01103
57	0.01208	0.00912	0.01143	0.01204	0.01430	0.00847	0.00981	0.01546	0.02077	0.02706	0.22344	0.08251	0.24901	0.02119	0.01074	0.00324	0.00565	0.24774	0.00828	0.00768
58	0.01037	0.00741	0.00987	0.01185	0.01234	0.00691	0.00790	0.01185	0.01629	0.02172	0.04690	0.69537	0.05629	0.02666	0.01086	0.00346	0.00494	0.02419	0.00790	0.00691
59	0.02591	0.02411	0.02686	0.02689	0.14592	0.12564	0.01863	0.22582	0.05890	0.03390	0.01681	0.01990	0.01350	0.01076	0.01339	0.00281	0.18494	0.00735	0.00580	0.01217
60	0.01379	0.00911	0.01182	0.01091	0.01329	0.00830	0.00826	0.01766	0.02386	0.07749	0.57042	0.06209	0.10613	0.01713	0.00993	0.00268	0.00426	0.01504	0.00937	0.00844
61	0.01170	0.00797	0.00948	0.01015	0.01031	0.00780	0.00608	0.01220	0.01370	0.01826	0.03358	0.27119	0.03948	0.47378	0.03238	0.00664	0.00713	0.01636	0.00608	0.00575
62	0.01707	0.04402	0.65683	0.02426	0.03683	0.01976	0.03144	0.02695	0.01797	0.02695	0.01527	0.01797	0.01078	0.00809	0.00809	0.00270	0.01258	0.00629	0.00359	0.01258
63	0.01149	0.01004	0.01003	0.01014	0.01291	0.03373	0.00784	0.01397	0.01989	0.02388	0.11219	0.07986	0.51224	0.02103	0.01017	0.00296	0.00516	0.08721	0.00784	0.00742
64	0.01291	0.05856	0.01587	0.01374	0.01567	0.01227	0.01092	0.01593	0.01393	0.01977	0.02202	0.03203	0.02054	0.05981	0.62026	0.01284	0.02182	0.00879	0.00449	0.00783
65	0.01216	0.00912	0.01368	0.01368	0.01520	0.01064	0.01064	0.01520	0.01368	0.01976	0.02279	0.03343	0.02127	0.06382	0.66720	0.01368	0.02279	0.00912	0.00456	0.00760
66	0.01223	0.00883	0.01220	0.01220	0.01320	0.00983	0.00879	0.01425	0.01324	0.01866	0.02415	0.04093	0.02453	0.27845	0.45702	0.01185	0.01789	0.01022	0.00476	0.00678
67	0.02101	0.02036	0.03537	0.05137	0.61590	0.02029	0.05739	0.02618	0.01941	0.02777	0.01607	0.02116	0.01345	0.00756	0.00851	0.00255	0.01033	0.00771	0.00422	0.01337
68	0.01014	0.00828	0.00897	0.00952	0.01173	0.00711	0.00687	0.01211	0.01853	0.02264	0.07524	0.25309	0.48027	0.02298	0.01028	0.00304	0.00449	0.01970	0.00790	0.00711
69	0.02336	0.60634	0.07387	0.01579	0.02305	0.09561	0.01561	0.02640	0.01800	0.02046	0.01214	0.01404	0.01092	0.00747	0.00581	0.00190	0.00990	0.00473	0.00371	0.01090
70	0.03189	0.03760	0.02437	0.02151	0.02632	0.55338	0.01640	0.13764	0.02693	0.02664	0.01444	0.01625	0.01158	0.00903	0.00782	0.00226	0.01429	0.00587	0.00512	0.01068
71	0.01923	0.05308	0.05647	0.01780	0.02154	0.01966	0.05034	0.08612	0.20422	0.02832	0.02498	0.06650	0.02257	0.15558	0.01914	0.00408	0.12366	0.00999	0.00624	0.01048
72	0.01238	0.00825	0.00928	0.00928	0.00928	0.00825	0.00516	0.01238	0.01238	0.01650	0.02681	0.05569	0.03094	0.70092	0.04331	0.00825	0.00825	0.01238	0.00516	0.00516
73	0.03123	0.06081	0.02625	0.01919	0.02592	0.02651	0.01594	0.55661	0.07013	0.05084	0.02071	0.02066	0.01489	0.01013	0.00835	0.00253	0.00921	0.00760	0.00825	0.01423
74	0.01216	0.00912	0.01368	0.01368	0.01520	0.01064	0.01064	0.01520	0.01368	0.01976	0.02279	0.03343	0.02127	0.06382	0.66720	0.01368	0.02279	0.00912	0.00456	0.00760
75	0.02514	0.17579	0.06046	0.02519	0.15441	0.18303	0.01790	0.11587	0.02288	0.02818	0.01490	0.01735	0.01220	0.00806	0.00732	0.00214	0.01070	0.00602	0.00485	0.10760
76	0.01016	0.00821	0.00904	0.00971	0.01178	0.00709	0.00695	0.01209	0.01835	0.02256	0.07297	0.28857	0.44626	0.02327	0.01033	0.00307	0.00452	0.02006	0.00790	0.00709
77	0.03235	0.02384	0.02554	0.01958	0.02639	0.02639	0.01618	0.61946	0.04001	0.05363	0.02043	0.02043	0.01447	0.01022	0.00851	0.00255	0.00936	0.00766	0.00851	0.01447
78	0.02726	0.03407	0.06539	0.03127	0.19959	0.41140	0.05652	0.03099	0.02221	0.02350	0.01431	0.01754	0.01177	0.00830	0.00805	0.00236	0.01368	0.00639	0.00429	0.01112
79	0.01288	0.00855	0.01093	0.01141	0.01319	0.00777	0.00827	0.01538	0.01959	0.07023	0.21101	0.35300	0.15721	0.02207	0.01038	0.00311	0.00488	0.04383	0.00847	0.00783
80	0.01121	0.00776	0.00963	0.01077	0.01106	0.00747	0.00675	0.01207	0.01465	0.01954	0.03850	0.42768	0.04568	0.30883	0.02444	0.00546	0.00632	0.01925	0.00675	0.00618
81	0.01238	0.00825	0.00928	0.00928	0.00928	0.00825	0.00516	0.01238	0.01238	0.01650	0.02681	0.05569	0.03094	0.70092	0.04331	0.00825	0.00825	0.01238	0.00516	0.00516
82	0.02726	0.01510	0.01938	0.01586	0.02073	0.01547	0.01290	0.15193	0.02356	0.27772	0.02557	0.02738	0.01881	0.02610	0.20263	0.00584	0.04625	0.00829	0.00773	0.05152
83	0.01765	0.01513	0.01765	0.01260	0.02017	0.01134	0.01008	0.02143	0.01765	0.02773	0.01513	0.01765	0.01260	0.00630	0.00630	0.00126	0.00630	0.00504	0.00504	0.75295
84	0.01638	0.01533	0.02177	0.01934	0.01987	0.02072	0.01585	0.01865	0.01326	0.02023	0.01520	0.02375	0.01467	0.03185	0.24951	0.00717	0.45570	0.00803	0.00401	0.00872
85	0.02546	0.16843	0.02583	0.01810	0.02311	0.28051	0.01449	0.03536	0.23145	0.02630	0.02101	0.02148	0.01667	0.00948	0.00747	0.00234	0.01051	0.00684	0.04392	0.01122
86	0.03136	0.07192	0.02508	0.02158	0.02610	0.63692	0.01635	0.03358	0.02379	0.02079	0.01309	0.01527	0.01096	0.00870	0.00757	0.00217	0.01505	0.00544	0.00435	0.00992
87	0.01037	0.00741	0.00987	0.01185	0.01234	0.00691	0.00790	0.01185	0.01629	0.02172	0.04690	0.69537	0.05629	0.02666	0.01086	0.00346	0.00494	0.02419	0.00790	0.00691
88	0.01722	0.01671	0.02179	0.01941	0.02017	0.05816	0.01581	0.01949	0.01389	0.02026	0.01519	0.02340	0.01455	0.03096	0.24129	0.00697	0.42402	0.00789	0.00404	0.00877
89	0.02379	0.01861	0.01999	0.01717	0.02227	0.02085	0.01356	0.19460	0.39122	0.06430	0.03367	0.06610	0.05067	0.01238	0.00879	0.00282	0.00726	0.01019	0.00862	0.01316
90	0.03818	0.01448	0.01975	0.01514	0.02172	0.01251	0.01251	0.04147	0.02436	0.65373	0.03357	0.02897	0.02107	0.01053	0.00856	0.00263	0.00724	0.00856	0.01053	0.01448
91	0.01017	0.00855	0.00882	0.00890	0.01160	0.00721	0.00662	0.01237	0.01943	0.02343	0.10956	0.11674	0.58422	0.02166	0.01010	0.00290	0.00433	0.01820	0.00797	0.00721
92	0.03179	0.04056	0.02412	0.02192	0.02631	0.66676	0.01644	0.03398	0.02412	0.02083	0.01315	0.01535	0.01096	0.00877	0.00767	0.00219	0.01535	0.00548	0.00438	0.00987
93	0.02813	0.03255	0.02482	0.02179	0.02520	0.41651	0.01703	0.09363	0.02271	0.02429	0.01338	0.01682	0.01140	0.01066	0.01348	0.00266	0.20380	0.00627	0.00465	0.01021
94	0.01035	0.00747	0.00981	0.01168	0.01230	0.00693	0.00783	0.01187	0.01645	0.02179	0.04892	0.66384	0.08651	0.02640	0.01082	0.00343	0.00491	0.02387	0.00790	0.00693
95	0.01765	0.01513	0.01765	0.01260	0.02017	0.01134	0.01008	0.02143	0.01765	0.02773	0.01513	0.01765	0.01260	0.00630	0.00630	0.00126	0.00630	0.00504	0.00504	0.75295
96	0.01037	0.00741	0.00987	0.01185	0.01234	0.00691	0.00790	0.01185	0.01629	0.02172	0.04690	0.69537	0.05629	0.02666	0.01086	0.00346	0.00494	0.02419	0.00790	0.00691
97	0.01157	0.00881	0.00993	0.00963	0.01161	0.00788	0.00668	0.01353	0.01808	0.02361	0.17903	0.09952	0.28392	0.21761	0.01956	0.00434	0.00553	0.01544	0.00726	0.04647
98	0.01216	0.00912	0.01368	0.01368	0.01520	0.01064	0.01064	0.01520	0.01368	0.01976	0.02279	0.03343	0.02127	0.06382	0.66720	0.01368	0.02279	0.00912	0.00456	0.00760
99	0.02106	0.02022	0.03454	0.05223	0.64784	0.02022	0.02612	0.02612	0.01938	0.02780	0.01601	0.02106	0.01348	0.00758	0.00842	0.00253	0.01011	0.00758	0.00421	0.01348
100	0.01103	0.00866	0.00997	0.00964	0.01209	0.00760	0.00723	0.01410	0.02170	0.02845	0.35941	0.07291	0.36778	0.01952	0.01005	0.00278	0.00417	0.01670	0.00862	0.00760
101	0.02076	0.01991	0.03399	0.09046	0.61199	0.02014	0.02597	0.02585	0.01923	0.02743	0.01595	0.02116	0.01335	0.00764	0.00843	0.00255	0.01019	0.00758	0.00419	0.01323
102	0.01037	0.00741	0.00987	0.01185	0.01234	0.00691	0.00790	0.01185	0.01629	0.02172	0.04690	0.69537	0.05629	0.02666	0.01086	0.00346	0.00494	0.02419	0.00790	0.00691
103	0.01075	0.00858	0.00962	0.00951	0.01195	0.00745	0.00708	0.01349	0.02080	0.02667	0.27161	0.11141	0.42015	0.02045	0.01010	0.00284	0.00425	0.01746	0.00840	0.00745
104	0.03179	0.04056	0.02412	0.02192	0.02631	0.66676	0.01644	0.03398	0.02412	0.02083	0.01315	0.01535	0.01096	0.00877	0.00767	0.00219	0.01535	0.00548	0.00438	0.00987
105	0.01536	0.01049	0.01358	0.01409	0.01647	0.01037	0.01143	0.05060	0.04685	0.06436	0.13295	0.19642	0.08047	0.02116	0.01075	0.00340	0.00653	0.27778	0.00830	0.00863
106	0.02399	0.63860	0.04233	0.01493	0.02204	0.06168	0.01454	0.02672	0.01798	0.05380	0.01305	0.01454	0.01146	0.00752	0.00573	0.00188	0.00929	0.00481	0.00404	0.01106
107	0.01746	0.05257	0.02701	0.25956	0.27775	0.01791	0.02081	0.02231	0.01923	0.02613	0.12231	0.03086	0.05053	0.01011	0.00863	0.00264	0.00923	0.00915	0.00504	0.01078

[dist]
# distance from previous block
# <min> <max>
22	85

[block]
# block no. 4 follows, 21 sequences, length 6
# corresponding to MSA columns:
# 358-363
name=unknown_E
#
# <colnr> <probs for GDERKNQSTAVLIFYWHMCP>
#	G	D	E	R	K	N	Q	S	T	A	V	L	I	F	Y	W	H	M	C	P
0	0.02422	0.36733	0.07039	0.08121	0.07830	0.09887	0.01773	0.12155	0.02187	0.02668	0.01419	0.01660	0.01174	0.00810	0.00686	0.00218	0.01031	0.00577	0.00456	0.01154
1	0.02288	0.02221	0.09958	0.02773	0.20968	0.02006	0.01906	0.25561	0.02729	0.03688	0.03121	0.03220	0.13536	0.01137	0.00873	0.00262	0.00899	0.00946	0.00653	0.01255
2	0.08259	0.14294	0.25970	0.02052	0.02915	0.06873	0.06144	0.14453	0.02262	0.03144	0.01894	0.02072	0.04282	0.00901	0.00771	0.00250	0.01079	0.00691	0.00504	0.01188
3	0.02058	0.02724	0.15675	0.03413	0.24603	0.12412	0.12483	0.02607	0.01963	0.02568	0.01926	0.09955	0.01749	0.01006	0.00880	0.00267	0.01157	0.00937	0.00457	0.01159
4	0.18635	0.01842	0.01795	0.09530	0.05658	0.11460	0.01376	0.06673	0.06073	0.02965	0.02556	0.03237	0.06837	0.01603	0.06688	0.00367	0.01008	0.05605	0.05120	0.00972
5	0.10846	0.06367	0.20666	0.02347	0.09500	0.06610	0.02071	0.06032	0.11716	0.02942	0.01739	0.01985	0.01361	0.00970	0.01071	0.00277	0.11138	0.00687	0.00501	0.01176

[dist]
# distance from previous block
# <min> <max>
7	35

[block]
# block no. 5 follows, 21 sequences, length 80
# corresponding to MSA columns:
# 399-478
name=unknown_F
#
# <colnr> <probs for GDERKNQSTAVLIFYWHMCP>
#	G	D	E	R	K	N	Q	S	T	A	V	L	I	F	Y	W	H	M	C	P
0	0.20770	0.02173	0.09047	0.07034	0.12109	0.09290	0.01673	0.06921	0.02073	0.03200	0.12347	0.02890	0.02474	0.01051	0.00794	0.00265	0.00899	0.03365	0.00577	0.01048
1	0.02216	0.06165	0.26902	0.07801	0.17786	0.16019	0.02487	0.05998	0.02072	0.02661	0.01512	0.01843	0.01170	0.00823	0.00802	0.00251	0.01219	0.00651	0.00419	0.01201
2	0.02535	0.05934	0.06486	0.09723	0.07624	0.35150	0.04563	0.02888	0.02059	0.02232	0.01369	0.01749	0.01136	0.00908	0.01013	0.00247	0.09083	0.00629	0.00418	0.04254
3	0.01976	0.20784	0.07170	0.01547	0.02143	0.09322	0.01362	0.02546	0.08905	0.02465	0.02176	0.13522	0.02093	0.01111	0.00742	0.00219	0.00837	0.00889	0.00539	0.19652
4	0.01584	0.01184	0.01496	0.01410	0.01629	0.01302	0.01107	0.06104	0.04476	0.05554	0.03902	0.08624	0.14582	0.10828	0.15788	0.00607	0.09635	0.08681	0.00653	0.00853
5	0.01363	0.00838	0.01071	0.01115	0.01261	0.00783	0.00784	0.01606	0.01874	0.07220	0.19308	0.36095	0.05385	0.07268	0.01239	0.00339	0.00501	0.01803	0.09370	0.00774
6	0.02046	0.03016	0.21202	0.10264	0.03690	0.14345	0.18633	0.02796	0.05342	0.02625	0.06273	0.02350	0.01742	0.00889	0.00877	0.00267	0.01250	0.00817	0.00466	0.01110
7	0.07444	0.01895	0.02991	0.12110	0.38857	0.02127	0.02289	0.02424	0.01731	0.02618	0.01452	0.02019	0.01239	0.00935	0.01254	0.00284	0.16013	0.00733	0.00413	0.01174
8	0.01078	0.00871	0.00962	0.00955	0.01215	0.00755	0.00727	0.01352	0.02064	0.02605	0.23038	0.07785	0.46384	0.02057	0.01014	0.00288	0.00442	0.04836	0.00828	0.00744
9	0.02507	0.47074	0.07521	0.01731	0.02405	0.21900	0.01612	0.02807	0.01934	0.02067	0.01243	0.01441	0.01092	0.00777	0.00627	0.00198	0.01115	0.00493	0.00386	0.01071
10	0.01916	0.28749	0.43167	0.02069	0.03132	0.02488	0.02523	0.02641	0.01772	0.02440	0.01401	0.01638	0.01083	0.00779	0.00712	0.00237	0.01130	0.00565	0.00361	0.01197
11	0.03031	0.02456	0.02272	0.01881	0.02456	0.16090	0.01497	0.25644	0.18453	0.13651	0.02454	0.02355	0.01768	0.01029	0.00838	0.00257	0.00965	0.00783	0.00798	0.01323
12	0.02185	0.03707	0.36587	0.02296	0.03214	0.15924	0.05593	0.03184	0.11357	0.05139	0.01859	0.02020	0.01366	0.00881	0.00821	0.00262	0.01217	0.00691	0.00485	0.01214
13	0.02697	0.01493	0.01815	0.01444	0.02010	0.01404	0.01162	0.10139	0.09483	0.27972	0.11732	0.03151	0.02805	0.01084	0.00825	0.00239	0.00662	0.00893	0.04899	0.14091
14	0.13417	0.03606	0.46649	0.02239	0.03311	0.01925	0.06859	0.02774	0.01805	0.07491	0.01623	0.01849	0.01145	0.00817	0.00782	0.00269	0.01138	0.00646	0.00442	0.01212
15	0.02717	0.03341	0.02105	0.01975	0.02330	0.52454	0.01460	0.02921	0.02243	0.02102	0.02043	0.16191	0.02073	0.01263	0.00836	0.00246	0.01310	0.00951	0.00514	0.00923
16	0.01265	0.01629	0.14983	0.01312	0.01762	0.01035	0.01270	0.01748	0.02164	0.02989	0.37364	0.05816	0.20132	0.01639	0.00962	0.00273	0.00593	0.01405	0.00777	0.00881
17	0.01037	0.00741	0.00987	0.01185	0.01234	0.00691	0.00790	0.01185	0.01629	0.02172	0.04690	0.69537	0.05629	0.02666	0.01086	0.00346	0.00494	0.02419	0.00790	0.00691
18	0.01772	0.03948	0.52608	0.02676	0.03848	0.02014	0.15763	0.02702	0.01842	0.02702	0.01569	0.01904	0.01124	0.00789	0.00851	0.00273	0.01296	0.00710	0.00375	0.01234
19	0.03179	0.04056	0.02412	0.02192	0.02631	0.66676	0.01644	0.03398	0.02412	0.02083	0.01315	0.01535	0.01096	0.00877	0.00767	0.00219	0.01535	0.00548	0.00438	0.00987
20	0.01055	0.00753	0.01008	0.01205	0.01263	0.00707	0.00821	0.01216	0.01647	0.02192	0.04681	0.66343	0.05590	0.02649	0.01091	0.00348	0.00509	0.05438	0.00790	0.00696
21	0.02042	0.14170	0.07535	0.03169	0.04024	0.02354	0.48783	0.02694	0.01951	0.02600	0.01620	0.02114	0.01248	0.00723	0.00917	0.00268	0.01337	0.00893	0.00416	0.01143
22	0.02276	0.43768	0.15975	0.01874	0.02696	0.05697	0.06123	0.08154	0.02003	0.02503	0.01374	0.01585	0.01137	0.00777	0.00667	0.00215	0.01044	0.00561	0.00416	0.01156
23	0.01204	0.00870	0.01138	0.01071	0.01271	0.00803	0.00803	0.01606	0.02409	0.03413	0.64335	0.06357	0.08030	0.01740	0.01004	0.00268	0.00401	0.01539	0.00937	0.00803
24	0.02275	0.70604	0.04459	0.01456	0.02184	0.03367	0.01456	0.02548	0.01729	0.02002	0.01183	0.01365	0.01092	0.00728	0.00546	0.00182	0.00910	0.00455	0.00364	0.01092
25	0.01371	0.00980	0.01371	0.01567	0.01763	0.00980	0.01371	0.01763	0.01959	0.02547	0.04506	0.09599	0.04898	0.02351	0.01175	0.00392	0.00784	0.59056	0.00784	0.00784
26	0.01707	0.04402	0.65683	0.02426	0.03683	0.01976	0.03144	0.02695	0.01797	0.02695	0.01527	0.01797	0.01078	0.00809	0.00809	0.00270	0.01258	0.00629	0.00359	0.01258
27	0.02728	0.02220	0.03360	0.03104	0.17058	0.06811	0.19438	0.15786	0.02534	0.15274	0.02048	0.02258	0.01480	0.00868	0.00889	0.00263	0.01103	0.00836	0.00639	0.01303
28	0.01216	0.00912	0.01368	0.01368	0.01520	0.01064	0.01064	0.01520	0.01368	0.01976	0.02279	0.03343	0.02127	0.06382	0.66720	0.01368	0.02279	0.00912	0.00456	0.00760
29	0.01707	0.04402	0.65683	0.02426	0.03683	0.01976	0.03144	0.02695	0.01797	0.02695	0.01527	0.01797	0.01078	0.00809	0.00809	0.00270	0.01258	0.00629	0.00359	0.01258
30	0.02106	0.02022	0.03454	0.05223	0.64784	0.02022	0.02612	0.02612	0.01938	0.02780	0.01601	0.02106	0.01348	0.00758	0.00842	0.00253	0.01011	0.00758	0.00421	0.01348
31	0.01719	0.07608	0.24562	0.15334	0.16766	0.01871	0.02378	0.02344	0.01813	0.02502	0.02273	0.06433	0.05268	0.01070	0.00853	0.00275	0.01038	0.04329	0.00450	0.01115
32	0.01070	0.00865	0.00951	0.00930	0.01189	0.00746	0.00697	0.01346	0.02092	0.02660	0.26693	0.07595	0.46141	0.02020	0.01005	0.00281	0.00421	0.01713	0.00838	0.00746
33	0.03235	0.02384	0.02554	0.01958	0.02639	0.02639	0.01618	0.61946	0.04001	0.05363	0.02043	0.02043	0.01447	0.01022	0.00851	0.00255	0.00936	0.00766	0.00851	0.01447
34	0.02106	0.02022	0.03454	0.05223	0.64784	0.02022	0.02612	0.02612	0.01938	0.02780	0.01601	0.02106	0.01348	0.00758	0.00842	0.00253	0.01011	0.00758	0.00421	0.01348
35	0.02285	0.61897	0.08854	0.01570	0.02320	0.06906	0.01591	0.02608	0.01773	0.02058	0.01216	0.01407	0.01091	0.00743	0.00578	0.00191	0.00972	0.00473	0.00368	0.01098
36	0.12344	0.02291	0.02391	0.01853	0.02515	0.02548	0.01531	0.54515	0.03682	0.05170	0.01936	0.01961	0.01382	0.00993	0.00811	0.00256	0.00902	0.00728	0.00811	0.01382
37	0.01145	0.00868	0.01055	0.01008	0.01235	0.00778	0.00756	0.01491	0.02268	0.03079	0.47657	0.06906	0.24916	0.01864	0.01004	0.00274	0.00410	0.01616	0.00893	0.00778
38	0.02071	0.02056	0.03701	0.04709	0.49551	0.02009	0.14704	0.02614	0.01945	0.02769	0.01622	0.02130	0.01332	0.00744	0.00866	0.00254	0.01081	0.00798	0.00427	0.04617
39	0.01233	0.00844	0.01023	0.01023	0.01056	0.00876	0.00634	0.01298	0.01266	0.01720	0.02595	0.05089	0.02886	0.56361	0.17778	0.00942	0.01139	0.01167	0.00503	0.00568
40	0.01006	0.00862	0.00862	0.00862	0.01149	0.00718	0.00647	0.01221	0.01940	0.02299	0.08621	0.08190	0.64438	0.02155	0.01006	0.00287	0.00431	0.01796	0.00790	0.00718
41	0.03088	0.03864	0.02370	0.02153	0.02595	0.61122	0.01619	0.03495	0.07645	0.02210	0.01500	0.01676	0.01225	0.00901	0.00776	0.00225	0.01461	0.00584	0.00475	0.01018
42	0.01049	0.00787	0.00978	0.01124	0.01244	0.00716	0.00787	0.01229	0.01730	0.02228	0.05703	0.49981	0.20893	0.02514	0.01071	0.00333	0.00495	0.05646	0.00790	0.00704
43	0.03179	0.04056	0.02412	0.02192	0.02631	0.66676	0.01644	0.03398	0.02412	0.02083	0.01315	0.01535	0.01096	0.00877	0.00767	0.00219	0.01535	0.00548	0.00438	0.00987
44	0.01318	0.01073	0.01192	0.01126	0.01424	0.01051	0.00855	0.02074	0.15326	0.02980	0.27999	0.06435	0.30365	0.01787	0.00975	0.00280	0.00472	0.01522	0.00860	0.00885
45	0.02160	0.02123	0.03402	0.05073	0.61696	0.05233	0.02564	0.02651	0.01961	0.02746	0.01587	0.02078	0.01335	0.00764	0.00839	0.00251	0.01037	0.00748	0.00422	0.01330
46	0.02094	0.02120	0.03082	0.22273	0.41166	0.09573	0.02429	0.02583	0.01928	0.02531	0.01543	0.02084	0.01259	0.00798	0.00836	0.00257	0.01107	0.00733	0.00411	0.01194
47	0.01707	0.04402	0.65683	0.02426	0.03683	0.01976	0.03144	0.02695	0.01797	0.02695	0.01527	0.01797	0.01078	0.00809	0.00809	0.00270	0.01258	0.00629	0.00359	0.01258
48	0.01963	0.01876	0.03195	0.23269	0.47859	0.01984	0.02540	0.02486	0.01870	0.02606	0.01575	0.02153	0.01287	0.00785	0.00845	0.00262	0.01046	0.00758	0.00409	0.01232
49	0.01926	0.01966	0.03726	0.23136	0.26790	0.02028	0.22776	0.02522	0.01893	0.02583	0.01616	0.02219	0.01266	0.00771	0.00900	0.00274	0.01192	0.00842	0.00412	0.01161
50	0.02333	0.02498	0.03042	0.07663	0.42328	0.19398	0.02276	0.02757	0.02030	0.02527	0.01546	0.02010	0.01299	0.01018	0.03437	0.00290	0.01209	0.00708	0.00425	0.01205
51	0.01072	0.00883	0.00954	0.00990	0.01261	0.00766	0.00778	0.01320	0.01943	0.02344	0.07875	0.08445	0.53645	0.02191	0.01037	0.00306	0.00495	0.12176	0.00789	0.00730
52	0.02101	0.02038	0.03544	0.05129	0.61314	0.02029	0.06010	0.02618	0.01942	0.02777	0.01608	0.02117	0.01345	0.00756	0.00852	0.00255	0.01035	0.00772	0.00422	0.01336
53	0.05912	0.01609	0.01665	0.01509	0.01895	0.05305	0.01196	0.15272	0.14204	0.03486	0.14186	0.09429	0.10064	0.01564	0.00934	0.00290	0.00709	0.08919	0.00808	0.01044
