[name]
unknown

[dist]
# distance from previous block
# <min> <max>
0	339

[block]
# block no. 0 follows, 22 sequences, length 9
# corresponding to MSA columns:
# 339-347
name=unknown_A
#
# <colnr> <probs for GDERKNQSTAVLIFYWHMCP>
#	G	D	E	R	K	N	Q	S	T	A	V	L	I	F	Y	W	H	M	C	P
0	0.01214	0.00935	0.01233	0.01306	0.01374	0.01008	0.00962	0.01382	0.01547	0.02082	0.03879	0.36035	0.06875	0.14450	0.01865	0.00429	0.10150	0.11913	0.00666	0.00694
1	0.01994	0.01728	0.01571	0.01381	0.01646	0.12796	0.00983	0.15345	0.02038	0.02559	0.02174	0.03702	0.02192	0.36575	0.05845	0.00573	0.01011	0.00939	0.00560	0.04389
2	0.08352	0.01133	0.01460	0.01772	0.12907	0.01126	0.01061	0.01756	0.04326	0.02594	0.15448	0.15278	0.13771	0.13671	0.01482	0.00369	0.00625	0.01369	0.00666	0.00833
3	0.01077	0.00761	0.00998	0.01162	0.01220	0.00725	0.00796	0.01228	0.01571	0.02088	0.04274	0.54029	0.05056	0.12446	0.01529	0.00410	0.00561	0.08677	0.00732	0.00660
4	0.01379	0.01089	0.01234	0.01127	0.01464	0.00983	0.00848	0.08302	0.02051	0.02721	0.10308	0.22069	0.26774	0.01815	0.00921	0.00263	0.00523	0.01556	0.00742	0.13830
5	0.18468	0.01699	0.02611	0.03382	0.34781	0.01735	0.07183	0.02294	0.01739	0.02832	0.02006	0.13753	0.01944	0.01067	0.00809	0.00268	0.00859	0.00978	0.00497	0.01095
6	0.01322	0.00830	0.01038	0.01038	0.01169	0.00891	0.00755	0.01585	0.01453	0.02279	0.02487	0.03687	0.02306	0.18702	0.29321	0.00806	0.01247	0.00919	0.27465	0.00700
7	0.01034	0.00801	0.00889	0.00944	0.01104	0.00714	0.00647	0.01185	0.01675	0.02087	0.06204	0.25310	0.36222	0.15448	0.01628	0.00398	0.00512	0.01822	0.00720	0.00656
8	0.01425	0.01115	0.01414	0.01595	0.08531	0.01148	0.00985	0.02021	0.13438	0.02492	0.14484	0.16008	0.04052	0.25236	0.02060	0.00463	0.00666	0.01359	0.00680	0.00829

[dist]
# distance from previous block
# <min> <max>
5	32

[block]
# block no. 1 follows, 22 sequences, length 9
# corresponding to MSA columns:
# 380-388
name=unknown_B
#
# <colnr> <probs for GDERKNQSTAVLIFYWHMCP>
#	G	D	E	R	K	N	Q	S	T	A	V	L	I	F	Y	W	H	M	C	P
0	0.02203	0.17261	0.02590	0.11081	0.02645	0.12736	0.01492	0.13529	0.02181	0.02690	0.02140	0.02403	0.07155	0.01315	0.05082	0.00299	0.04685	0.00725	0.00513	0.07274
1	0.01767	0.01389	0.01560	0.01365	0.01694	0.04818	0.01048	0.02370	0.11689	0.06272	0.06911	0.03196	0.02408	0.11005	0.12171	0.00483	0.06652	0.00864	0.07519	0.14817
2	0.01483	0.00892	0.01072	0.01216	0.06397	0.00906	0.00770	0.01786	0.01600	0.02631	0.02549	0.03538	0.02252	0.16740	0.07590	0.00438	0.00699	0.00877	0.45808	0.00757
3	0.01924	0.01884	0.02755	0.16573	0.37985	0.06775	0.02158	0.02480	0.05218	0.02540	0.02302	0.02875	0.06792	0.00960	0.00845	0.00260	0.00976	0.03082	0.00471	0.01140
4	0.23183	0.02035	0.05700	0.01589	0.02179	0.02088	0.01366	0.33935	0.02870	0.04396	0.10629	0.02394	0.02154	0.01021	0.00762	0.00254	0.00784	0.00764	0.00727	0.01171
5	0.01603	0.02043	0.16541	0.02903	0.26379	0.01500	0.01975	0.02132	0.01913	0.02727	0.16395	0.06970	0.06410	0.01487	0.05105	0.00329	0.00928	0.01034	0.00551	0.01073
6	0.02018	0.01934	0.03302	0.10142	0.60880	0.01964	0.02530	0.02516	0.01873	0.02667	0.01556	0.02069	0.01299	0.00747	0.00823	0.00249	0.00996	0.00740	0.00408	0.01285
7	0.01746	0.01681	0.02998	0.39808	0.21050	0.01864	0.10788	0.02263	0.01738	0.02323	0.01526	0.02191	0.01199	0.00882	0.00959	0.03697	0.01100	0.00772	0.00387	0.01028
8	0.13151	0.02758	0.02406	0.08619	0.13456	0.28978	0.01727	0.14000	0.02367	0.02990	0.01463	0.01731	0.01155	0.00848	0.00751	0.00238	0.01146	0.00616	0.00507	0.01094

[dist]
# distance from previous block
# <min> <max>
1	9

[block]
# block no. 2 follows, 22 sequences, length 23
# corresponding to MSA columns:
# 398-420
name=unknown_C
#
# <colnr> <probs for GDERKNQSTAVLIFYWHMCP>
#	G	D	E	R	K	N	Q	S	T	A	V	L	I	F	Y	W	H	M	C	P
0	0.02435	0.09694	0.14054	0.03060	0.22901	0.29049	0.02146	0.02874	0.02039	0.02348	0.01397	0.01706	0.01145	0.00794	0.00759	0.00230	0.01230	0.00606	0.00402	0.01132
1	0.13586	0.02395	0.01951	0.09085	0.02503	0.27313	0.01400	0.02887	0.02043	0.14479	0.02501	0.02591	0.08842	0.01047	0.00852	0.00250	0.03935	0.00754	0.00586	0.01001
2	0.01750	0.01133	0.01350	0.01235	0.01503	0.01126	0.00894	0.04304	0.12535	0.11303	0.13644	0.15818	0.03908	0.20047	0.01796	0.00416	0.00635	0.01312	0.00760	0.04532
3	0.01326	0.00989	0.01208	0.01153	0.01382	0.00903	0.00815	0.04885	0.01816	0.02533	0.14102	0.31848	0.04473	0.13142	0.01469	0.00356	0.00568	0.01583	0.00704	0.14746
4	0.01257	0.00800	0.00922	0.00938	0.00992	0.00808	0.00586	0.01370	0.01355	0.01971	0.02766	0.10198	0.02972	0.45953	0.08634	0.00692	0.00817	0.01192	0.15186	0.00591
5	0.01149	0.00818	0.01030	0.01063	0.01136	0.00839	0.00709	0.01274	0.01367	0.01840	0.03338	0.16172	0.08480	0.35340	0.20969	0.00827	0.01111	0.01364	0.00556	0.00616
6	0.01569	0.01601	0.01289	0.01245	0.01540	0.15685	0.00938	0.01912	0.05847	0.02243	0.05722	0.06147	0.37171	0.07293	0.01195	0.00316	0.00734	0.06088	0.00678	0.00787
7	0.02064	0.01691	0.01917	0.01506	0.02101	0.01648	0.01204	0.16083	0.12887	0.03334	0.02095	0.06325	0.01756	0.00956	0.00839	0.00204	0.04193	0.00756	0.00640	0.37800
8	0.01352	0.01048	0.01555	0.16564	0.07735	0.01115	0.01317	0.01702	0.01738	0.02428	0.08132	0.25701	0.03688	0.01885	0.03762	0.00339	0.00751	0.08093	0.10273	0.00819
9	0.04952	0.09831	0.02804	0.03002	0.27346	0.04602	0.01830	0.17024	0.02262	0.03116	0.01709	0.02119	0.01417	0.01747	0.12218	0.00425	0.01177	0.00716	0.00517	0.01184
10	0.11929	0.16758	0.02371	0.01475	0.02036	0.02220	0.01257	0.27857	0.02618	0.03631	0.02914	0.02945	0.13224	0.01343	0.03686	0.00288	0.00839	0.00838	0.00660	0.01110
11	0.01684	0.06552	0.01630	0.04729	0.01701	0.01324	0.01044	0.04761	0.01655	0.08098	0.02827	0.04817	0.04925	0.29314	0.07885	0.00585	0.05218	0.09877	0.00586	0.00790
12	0.01670	0.01579	0.01668	0.01954	0.13368	0.12483	0.01158	0.01857	0.01607	0.01985	0.02622	0.04046	0.07430	0.31181	0.11366	0.00628	0.01120	0.01007	0.00488	0.00783
13	0.23333	0.01695	0.01558	0.01586	0.06967	0.10482	0.01124	0.07440	0.01872	0.03121	0.01849	0.02222	0.01498	0.01606	0.09859	0.00381	0.00960	0.00660	0.20857	0.00931
14	0.01907	0.07983	0.07447	0.18475	0.03239	0.16721	0.06901	0.02332	0.01763	0.02119	0.01633	0.02237	0.01375	0.02320	0.19414	0.00549	0.01524	0.00721	0.00406	0.00934
15	0.01871	0.05714	0.03107	0.15034	0.22872	0.01960	0.14020	0.02699	0.12529	0.02646	0.02431	0.02755	0.06796	0.00927	0.00856	0.00264	0.00982	0.00890	0.00507	0.01141
16	0.02430	0.02940	0.07450	0.08765	0.29717	0.29591	0.02169	0.02845	0.02058	0.02373	0.01433	0.01812	0.01176	0.00800	0.00790	0.00237	0.01230	0.00644	0.00411	0.01129
17	0.32097	0.04490	0.01613	0.06741	0.02060	0.05310	0.01193	0.02428	0.05648	0.06115	0.07413	0.03578	0.02436	0.01367	0.03107	0.00316	0.00800	0.11752	0.00614	0.00923
18	0.01848	0.01624	0.01720	0.01567	0.01833	0.07225	0.01195	0.09341	0.17557	0.02710	0.02898	0.12069	0.05257	0.11038	0.09163	0.00479	0.09764	0.01109	0.00643	0.00961
19	0.01571	0.01381	0.01547	0.08223	0.04680	0.07383	0.01168	0.08134	0.01933	0.02452	0.03784	0.33519	0.10833	0.05754	0.01198	0.00327	0.03022	0.01596	0.00661	0.00834
20	0.20900	0.01250	0.01522	0.21619	0.02690	0.01408	0.01260	0.01921	0.04229	0.02543	0.03110	0.08682	0.14367	0.01459	0.01073	0.08881	0.00736	0.01004	0.00539	0.00805
21	0.18361	0.01526	0.02135	0.34950	0.11300	0.01783	0.01812	0.02347	0.06639	0.02659	0.01832	0.07863	0.01574	0.00981	0.00780	0.00274	0.00900	0.00828	0.00479	0.00975
22	0.08464	0.01859	0.02760	0.23323	0.30393	0.02038	0.02155	0.13668	0.02158	0.03093	0.01583	0.02032	0.01236	0.00818	0.00800	0.00257	0.00980	0.00716	0.00486	0.01180

[dist]
# distance from previous block
# <min> <max>
30	78

[block]
# block no. 3 follows, 22 sequences, length 62
# corresponding to MSA columns:
# 510-571
name=unknown_D
#
# <colnr> <probs for GDERKNQSTAVLIFYWHMCP>
#	G	D	E	R	K	N	Q	S	T	A	V	L	I	F	Y	W	H	M	C	P
0	0.02212	0.02164	0.15561	0.01937	0.05510	0.05410	0.01741	0.05767	0.11490	0.15655	0.02972	0.06917	0.02581	0.01333	0.00904	0.00292	0.00884	0.14817	0.00708	0.01143
1	0.06781	0.12966	0.02374	0.01944	0.07740	0.27745	0.01419	0.02655	0.02019	0.06606	0.02762	0.02853	0.13336	0.01096	0.00854	0.00237	0.04308	0.00796	0.00524	0.00985
2	0.06146	0.06093	0.05464	0.02198	0.10846	0.22393	0.01584	0.06091	0.14635	0.05789	0.02597	0.02641	0.07978	0.01022	0.00789	0.00245	0.00996	0.00788	0.00590	0.01114
3	0.11723	0.10538	0.05212	0.01429	0.01939	0.04899	0.01235	0.05512	0.05038	0.18604	0.08939	0.03013	0.05986	0.01803	0.10177	0.00400	0.00960	0.00841	0.00686	0.01067
4	0.01887	0.05109	0.01684	0.01443	0.01766	0.13318	0.01093	0.02447	0.11220	0.06843	0.11599	0.17434	0.03444	0.05265	0.06967	0.00381	0.00895	0.01197	0.00678	0.05329
5	0.02096	0.05257	0.02042	0.01896	0.06913	0.10723	0.01377	0.09237	0.26835	0.03087	0.06170	0.09327	0.05472	0.01299	0.00864	0.00271	0.00801	0.04491	0.00719	0.01123
6	0.02598	0.15393	0.02593	0.05899	0.08031	0.19501	0.01513	0.11896	0.02307	0.09764	0.02037	0.02187	0.03842	0.00916	0.00734	0.00224	0.00990	0.00684	0.07789	0.01101
7	0.05698	0.11346	0.05698	0.01423	0.01801	0.07558	0.01187	0.10478	0.01920	0.02610	0.04515	0.07533	0.02252	0.14196	0.14018	0.00544	0.01122	0.00911	0.04297	0.00895
8	0.12232	0.21861	0.24016	0.01710	0.02520	0.02173	0.01847	0.02709	0.07084	0.05823	0.01738	0.02105	0.01399	0.00864	0.00692	0.00236	0.00915	0.03358	0.00480	0.06237
9	0.10105	0.15796	0.16934	0.01939	0.05689	0.10994	0.01788	0.07135	0.05052	0.14354	0.01820	0.01890	0.01334	0.00853	0.00723	0.00238	0.00985	0.00626	0.00562	0.01183
10	0.01296	0.04143	0.10413	0.01518	0.01914	0.01124	0.07096	0.01651	0.01752	0.02377	0.08320	0.35101	0.11262	0.01840	0.00950	0.00289	0.00683	0.01656	0.00655	0.05960
11	0.01775	0.01847	0.06619	0.38640	0.30288	0.01903	0.02452	0.02328	0.01762	0.02396	0.01513	0.02122	0.01190	0.00791	0.00825	0.00264	0.01065	0.00732	0.00385	0.01103
12	0.06819	0.02465	0.20697	0.14708	0.12869	0.07495	0.02051	0.02267	0.01818	0.02489	0.02927	0.03160	0.14720	0.01073	0.00821	0.00262	0.00981	0.00880	0.00471	0.01027
13	0.01971	0.04225	0.52893	0.02320	0.03378	0.15832	0.02759	0.02776	0.01881	0.02504	0.01447	0.01700	0.01056	0.00803	0.00781	0.00253	0.01285	0.00597	0.00367	0.01172
14	0.01187	0.00890	0.01335	0.01335	0.01483	0.01038	0.01038	0.01483	0.01335	0.01928	0.02225	0.03264	0.02077	0.06231	0.67512	0.01335	0.02225	0.00890	0.00445	0.00742
15	0.01004	0.00754	0.00932	0.01074	0.01183	0.00682	0.00735	0.01166	0.01670	0.02153	0.05583	0.53958	0.21150	0.02472	0.01040	0.00322	0.00466	0.02202	0.00771	0.00682
16	0.02358	0.05316	0.05498	0.02520	0.19269	0.07448	0.01641	0.02918	0.08303	0.18395	0.02698	0.15198	0.02370	0.01216	0.00851	0.00265	0.00840	0.01053	0.00673	0.01170
17	0.01861	0.01775	0.03019	0.30613	0.41633	0.01923	0.02452	0.02379	0.01799	0.02477	0.01528	0.02120	0.01232	0.00776	0.00826	0.00259	0.01035	0.00739	0.00394	0.01158
18	0.01085	0.00840	0.01004	0.01090	0.01288	0.00759	0.00838	0.01331	0.01856	0.02345	0.10448	0.23160	0.33037	0.02240	0.01039	0.00316	0.00513	0.15316	0.00780	0.00715
19	0.01090	0.00793	0.01040	0.01184	0.01299	0.00743	0.00867	0.01315	0.01769	0.02342	0.11903	0.45291	0.11420	0.02392	0.01060	0.00332	0.00519	0.13148	0.00787	0.00707
20	0.07915	0.05785	0.02493	0.01897	0.02423	0.08940	0.01566	0.40019	0.03047	0.04131	0.01679	0.01840	0.01275	0.01028	0.01093	0.00261	0.12015	0.00688	0.00670	0.01235
21	0.09592	0.16758	0.39171	0.02026	0.02973	0.11216	0.02333	0.02679	0.01790	0.02531	0.01364	0.01597	0.01042	0.00782	0.00707	0.00239	0.01141	0.00554	0.00379	0.01127
22	0.28682	0.02056	0.08976	0.06337	0.33650	0.01924	0.02001	0.02500	0.01696	0.03041	0.01406	0.01780	0.01131	0.00760	0.00709	0.00253	0.00894	0.00623	0.00440	0.01140
23	0.01832	0.24323	0.47926	0.02085	0.03158	0.02335	0.02577	0.02588	0.01734	0.02429	0.01390	0.01628	0.01056	0.00766	0.00713	0.00238	0.01126	0.00563	0.00352	0.01179
24	0.02066	0.01785	0.01878	0.01691	0.02160	0.02066	0.01315	0.04414	0.64121	0.03475	0.03381	0.03099	0.02536	0.01127	0.00845	0.00282	0.00657	0.00939	0.00845	0.01315
25	0.00982	0.00842	0.00842	0.00842	0.01122	0.00701	0.00631	0.01192	0.01894	0.02244	0.08416	0.07995	0.65285	0.02104	0.00982	0.00281	0.00421	0.01753	0.00771	0.00701
26	0.01187	0.00890	0.01335	0.01335	0.01483	0.01038	0.01038	0.01483	0.01335	0.01928	0.02225	0.03264	0.02077	0.06231	0.67512	0.01335	0.02225	0.00890	0.00445	0.00742
27	0.03727	0.01414	0.01928	0.01478	0.02121	0.01221	0.01221	0.04049	0.02378	0.66198	0.03277	0.02828	0.02056	0.01028	0.00835	0.00257	0.00707	0.00835	0.01028	0.01414
28	0.01114	0.00881	0.01032	0.01205	0.01271	0.03931	0.00812	0.01262	0.01628	0.02116	0.04418	0.66910	0.05279	0.02518	0.01045	0.00331	0.00532	0.02273	0.00754	0.00689
29	0.03158	0.02327	0.02493	0.01911	0.02576	0.02576	0.01579	0.62852	0.03906	0.05236	0.01995	0.01995	0.01413	0.00997	0.00831	0.00249	0.00914	0.00748	0.00831	0.01413
30	0.03158	0.02327	0.02493	0.01911	0.02576	0.02576	0.01579	0.62852	0.03906	0.05236	0.01995	0.01995	0.01413	0.00997	0.00831	0.00249	0.00914	0.00748	0.00831	0.01413
31	0.76672	0.01607	0.01221	0.01092	0.01607	0.01864	0.00900	0.02442	0.01414	0.03727	0.01157	0.01350	0.00900	0.00771	0.00514	0.00257	0.00643	0.00450	0.00514	0.00900
32	0.07391	0.02517	0.02395	0.24968	0.10801	0.26852	0.01876	0.02870	0.07984	0.02397	0.01576	0.01950	0.01241	0.00855	0.00778	0.00249	0.01167	0.00661	0.00452	0.01020
33	0.07037	0.29802	0.02628	0.01372	0.01848	0.08459	0.01183	0.02457	0.08266	0.02690	0.22463	0.03132	0.03432	0.01096	0.00731	0.00225	0.00744	0.00852	0.00607	0.00977
34	0.01188	0.00951	0.01383	0.11511	0.02016	0.00948	0.03280	0.01511	0.01918	0.02587	0.26064	0.28111	0.11581	0.01887	0.00985	0.00293	0.00573	0.01693	0.00748	0.00771
35	0.03158	0.02327	0.02493	0.01911	0.02576	0.02576	0.01579	0.62852	0.03906	0.05236	0.01995	0.01995	0.01413	0.00997	0.00831	0.00249	0.00914	0.00748	0.00831	0.01413
36	0.03727	0.01414	0.01928	0.01478	0.02121	0.01221	0.01221	0.04049	0.02378	0.66198	0.03277	0.02828	0.02056	0.01028	0.00835	0.00257	0.00707	0.00835	0.01028	0.01414
37	0.00982	0.00842	0.00842	0.00842	0.01122	0.00701	0.00631	0.01192	0.01894	0.02244	0.08416	0.07995	0.65285	0.02104	0.00982	0.00281	0.00421	0.01753	0.00771	0.00701
38	0.03448	0.01862	0.02205	0.01691	0.02344	0.01886	0.01397	0.32921	0.03128	0.36265	0.02648	0.02419	0.01740	0.01013	0.00833	0.00253	0.00809	0.00792	0.00931	0.01413
39	0.01148	0.00848	0.01072	0.01016	0.01224	0.00772	0.00762	0.01514	0.02286	0.03176	0.57058	0.06462	0.16061	0.01756	0.00980	0.00264	0.00396	0.01538	0.00894	0.00772
40	0.01040	0.00844	0.00922	0.00902	0.01158	0.00726	0.00677	0.01304	0.02030	0.02569	0.25382	0.07460	0.48116	0.01983	0.00981	0.00275	0.00412	0.01678	0.00814	0.00726
41	0.01569	0.01477	0.02492	0.68808	0.05722	0.01846	0.02307	0.02123	0.01661	0.02123	0.01477	0.02215	0.01107	0.00831	0.00831	0.00277	0.01107	0.00738	0.00369	0.00923
42	0.01113	0.00871	0.01032	0.01120	0.01345	0.00790	0.00898	0.01378	0.01869	0.02318	0.06589	0.14814	0.37569	0.02223	0.01049	0.00323	0.00550	0.22659	0.00769	0.00721
43	0.03158	0.02327	0.02493	0.01911	0.02576	0.02576	0.01579	0.62852	0.03906	0.05236	0.01995	0.01995	0.01413	0.00997	0.00831	0.00249	0.00914	0.00748	0.00831	0.01413
44	0.76672	0.01607	0.01221	0.01092	0.01607	0.01864	0.00900	0.02442	0.01414	0.03727	0.01157	0.01350	0.00900	0.00771	0.00514	0.00257	0.00643	0.00450	0.00514	0.00900
45	0.02018	0.01825	0.07564	0.01436	0.02153	0.01429	0.01261	0.13895	0.02197	0.06237	0.02371	0.02469	0.07799	0.00876	0.00720	0.00182	0.00712	0.00697	0.00600	0.43559
46	0.01012	0.00723	0.00964	0.01157	0.01205	0.00675	0.00771	0.01157	0.01591	0.02121	0.04579	0.70262	0.05495	0.02603	0.01060	0.00337	0.00482	0.02362	0.00771	0.00675
47	0.03158	0.02327	0.02493	0.01911	0.02576	0.02576	0.01579	0.62852	0.03906	0.05236	0.01995	0.01995	0.01413	0.00997	0.00831	0.00249	0.00914	0.00748	0.00831	0.01413
48	0.01882	0.01796	0.03057	0.27886	0.44197	0.01928	0.02463	0.02397	0.01809	0.02502	0.01532	0.02113	0.01241	0.00773	0.00825	0.00258	0.01030	0.00740	0.00396	0.01175
49	0.01063	0.00864	0.00954	0.00986	0.01244	0.00755	0.00776	0.01318	0.01928	0.02364	0.11534	0.08134	0.49875	0.02112	0.01013	0.00299	0.00484	0.12796	0.00780	0.00719
50	0.01040	0.00844	0.00922	0.00902	0.01158	0.00726	0.00677	0.01304	0.02030	0.02569	0.25382	0.07460	0.48116	0.01983	0.00981	0.00275	0.00412	0.01678	0.00814	0.00726
51	0.01012	0.00723	0.00964	0.01157	0.01205	0.00675	0.00771	0.01157	0.01591	0.02121	0.04579	0.70262	0.05495	0.02603	0.01060	0.00337	0.00482	0.02362	0.00771	0.00675
52	0.01666	0.04297	0.66500	0.02368	0.03596	0.01929	0.03069	0.02631	0.01754	0.02631	0.01491	0.01754	0.01052	0.00789	0.00789	0.00263	0.01228	0.00614	0.00351	0.01228
53	0.01051	0.00844	0.00938	0.00914	0.01165	0.00731	0.00686	0.01327	0.02057	0.02633	0.28720	0.07355	0.44738	0.01959	0.00981	0.00274	0.00410	0.01664	0.00823	0.00731
54	0.01012	0.00723	0.00964	0.01157	0.01205	0.00675	0.00771	0.01157	0.01591	0.02121	0.04579	0.70262	0.05495	0.02603	0.01060	0.00337	0.00482	0.02362	0.00771	0.00675
55	0.01012	0.00723	0.00964	0.01157	0.01205	0.00675	0.00771	0.01157	0.01591	0.02121	0.04579	0.70262	0.05495	0.02603	0.01060	0.00337	0.00482	0.02362	0.00771	0.00675
56	0.01803	0.01774	0.02576	0.02182	0.02224	0.02415	0.04774	0.01978	0.01295	0.01999	0.01141	0.01880	0.01120	0.01501	0.02670	0.04797	0.61879	0.00739	0.00366	0.00887
57	0.24587	0.02301	0.02505	0.03251	0.32622	0.16345	0.01849	0.02686	0.01851	0.02867	0.01380	0.01722	0.01137	0.00775	0.00714	0.00243	0.00996	0.00608	0.00446	0.01114
58	0.51774	0.08923	0.01797	0.01376	0.01889	0.17774	0.01120	0.02657	0.01666	0.03148	0.01187	0.01384	0.00957	0.00786	0.00572	0.00239	0.00872	0.00470	0.00478	0.00931
59	0.08875	0.06018	0.08487	0.05172	0.14334	0.01864	0.01668	0.16873	0.02428	0.06669	0.16326	0.02907	0.02791	0.01047	0.00814	0.00251	0.00810	0.00866	0.00657	0.01144
60	0.02269	0.15720	0.16380	0.02283	0.11331	0.05368	0.01919	0.17898	0.08676	0.03206	0.02154	0.02268	0.05111	0.00935	0.00771	0.00242	0.00958	0.00729	0.00560	0.01221
61	0.11048	0.02425	0.02705	0.09901	0.25803	0.20588	0.04497	0.02757	0.01939	0.05328	0.01485	0.01862	0.01196	0.00830	0.00863	0.00249	0.04309	0.00661	0.00449	0.01104

[dist]
# distance from previous block
# <min> <max>
1	103

[block]
# block no. 4 follows, 22 sequences, length 80
# corresponding to MSA columns:
# 675-754
name=unknown_E
#
# <colnr> <probs for GDERKNQSTAVLIFYWHMCP>
#	G	D	E	R	K	N	Q	S	T	A	V	L	I	F	Y	W	H	M	C	P
0	0.01787	0.05651	0.02924	0.41342	0.27720	0.01976	0.02346	0.02302	0.01748	0.02332	0.01490	0.02106	0.01182	0.00790	0.00811	0.00260	0.01050	0.00722	0.00384	0.01077
1	0.02011	0.01980	0.03125	0.18623	0.49144	0.05689	0.02443	0.02502	0.01868	0.02548	0.01528	0.02058	0.01257	0.00766	0.00820	0.00251	0.01042	0.00728	0.00403	0.01211
2	0.02676	0.12744	0.02915	0.02185	0.02630	0.42407	0.07783	0.02942	0.02063	0.02081	0.01278	0.01598	0.01092	0.00909	0.01035	0.00238	0.11436	0.00596	0.00408	0.00985
3	0.01096	0.00815	0.00970	0.01058	0.01192	0.00756	0.00754	0.01267	0.01652	0.02103	0.05343	0.26499	0.23975	0.17582	0.01754	0.00430	0.00578	0.10808	0.00711	0.00659
4	0.01666	0.04297	0.66500	0.02368	0.03596	0.01929	0.03069	0.02631	0.01754	0.02631	0.01491	0.01754	0.01052	0.00789	0.00789	0.00263	0.01228	0.00614	0.00351	0.01228
5	0.02361	0.02711	0.25766	0.01913	0.02714	0.01913	0.01970	0.16736	0.13769	0.13230	0.06587	0.02525	0.02025	0.00997	0.00829	0.00262	0.00915	0.00799	0.00693	0.01284
6	0.05908	0.01512	0.02469	0.61280	0.08908	0.01854	0.02240	0.02165	0.01660	0.02248	0.01463	0.02156	0.01107	0.00822	0.00812	0.00274	0.01074	0.00722	0.00380	0.00944
7	0.02056	0.01974	0.03372	0.05099	0.65622	0.01974	0.02550	0.02550	0.01892	0.02714	0.01563	0.02056	0.01316	0.00740	0.00822	0.00247	0.00987	0.00740	0.00411	0.01316
8	0.01121	0.00801	0.01087	0.01268	0.01368	0.00767	0.00949	0.01351	0.01724	0.02288	0.07192	0.48451	0.05375	0.02467	0.01084	0.00348	0.00566	0.20309	0.00776	0.00708
9	0.01265	0.00971	0.01419	0.01385	0.01522	0.01166	0.01087	0.01556	0.01351	0.01997	0.02144	0.03119	0.01987	0.05505	0.57911	0.01184	0.08415	0.00869	0.04390	0.00759
10	0.01642	0.01432	0.01526	0.01513	0.01743	0.10111	0.01225	0.05084	0.01848	0.02397	0.03067	0.05099	0.05668	0.03187	0.22855	0.00647	0.04233	0.20189	0.05713	0.00822
11	0.55034	0.01756	0.01557	0.01304	0.01861	0.01981	0.01075	0.16229	0.02044	0.08347	0.01492	0.01597	0.01095	0.00840	0.00608	0.00255	0.00709	0.00544	0.00621	0.01051
12	0.05794	0.02646	0.23541	0.06631	0.32351	0.01901	0.06649	0.02513	0.01838	0.02739	0.04473	0.02134	0.01498	0.00803	0.00814	0.00257	0.01053	0.00736	0.00419	0.01210
13	0.01013	0.00789	0.00924	0.01027	0.01190	0.00700	0.00732	0.01200	0.01747	0.02195	0.06364	0.38332	0.33410	0.02355	0.01028	0.00313	0.00466	0.04752	0.00771	0.00691
14	0.01187	0.00890	0.01335	0.01335	0.01483	0.01038	0.01038	0.01483	0.01335	0.01928	0.02225	0.03264	0.02077	0.06231	0.67512	0.01335	0.02225	0.00890	0.00445	0.00742
15	0.02585	0.44014	0.03579	0.01666	0.02308	0.16626	0.01490	0.14171	0.02251	0.02597	0.01342	0.01494	0.01133	0.00796	0.00635	0.00199	0.01021	0.00521	0.00461	0.01111
16	0.02906	0.03508	0.02554	0.02693	0.14571	0.52101	0.01784	0.05833	0.02336	0.02306	0.01369	0.01627	0.01132	0.00840	0.00767	0.00222	0.01375	0.00584	0.00443	0.01050
17	0.02564	0.13070	0.02223	0.01535	0.02013	0.17550	0.01251	0.18175	0.02474	0.06821	0.01974	0.02139	0.01521	0.00912	0.00692	0.00214	0.00885	0.00662	0.22260	0.01066
18	0.02758	0.03229	0.02344	0.02080	0.02434	0.45410	0.01610	0.08546	0.02238	0.02321	0.01368	0.01706	0.01164	0.01290	0.04960	0.00310	0.14184	0.00611	0.00455	0.00982
19	0.02170	0.31991	0.24505	0.01919	0.02701	0.14508	0.02029	0.02653	0.01803	0.02197	0.01286	0.01536	0.01064	0.00814	0.00808	0.00225	0.05796	0.00537	0.00368	0.01090
20	0.01208	0.01030	0.01277	0.01130	0.01494	0.00867	0.04020	0.01491	0.01879	0.02449	0.11308	0.12079	0.36783	0.01767	0.00927	0.00259	0.00526	0.03905	0.00713	0.14889
21	0.00982	0.00842	0.00842	0.00842	0.01122	0.00701	0.00631	0.01192	0.01894	0.02244	0.08416	0.07995	0.65285	0.02104	0.00982	0.00281	0.00421	0.01753	0.00771	0.00701
22	0.02221	0.71304	0.04353	0.01421	0.02132	0.03287	0.01421	0.02488	0.01688	0.01955	0.01155	0.01333	0.01066	0.00711	0.00533	0.00178	0.00888	0.00444	0.00355	0.01066
23	0.02145	0.02465	0.02974	0.02697	0.11224	0.22770	0.19767	0.02539	0.02025	0.02350	0.02786	0.03049	0.13384	0.01066	0.00986	0.00259	0.05087	0.00938	0.00485	0.01004
24	0.01099	0.00846	0.01004	0.00965	0.01194	0.00751	0.00724	0.01420	0.02171	0.02903	0.42802	0.06911	0.30488	0.01858	0.00981	0.00269	0.00403	0.01601	0.00858	0.00751
25	0.01269	0.00919	0.01248	0.01410	0.01596	0.00899	0.01195	0.01614	0.01904	0.02475	0.07968	0.14793	0.10252	0.02276	0.01116	0.00363	0.00689	0.46490	0.00774	0.00752
26	0.01190	0.00877	0.01268	0.01268	0.01393	0.01002	0.00954	0.01440	0.01315	0.01878	0.02287	0.03606	0.02225	0.16393	0.57553	0.01252	0.02002	0.00940	0.00454	0.00704
27	0.02929	0.02054	0.02246	0.01792	0.02399	0.02253	0.01458	0.38692	0.20528	0.12862	0.02553	0.02414	0.01812	0.01038	0.00836	0.00259	0.00815	0.00813	0.00861	0.01386
28	0.01187	0.00850	0.01155	0.01164	0.01251	0.00933	0.00823	0.01364	0.01299	0.01817	0.02483	0.07196	0.02593	0.30567	0.40414	0.01088	0.01606	0.01079	0.00482	0.00648
29	0.01208	0.00805	0.00906	0.00906	0.00906	0.00805	0.00503	0.01208	0.01208	0.01611	0.02618	0.05436	0.03020	0.70804	0.04228	0.00805	0.00805	0.01208	0.00503	0.00503
30	0.02021	0.02180	0.08984	0.04856	0.60108	0.01970	0.02596	0.02557	0.01879	0.02707	0.01556	0.02029	0.01292	0.00745	0.00819	0.00248	0.01008	0.00729	0.00406	0.01308
31	0.21219	0.02667	0.14347	0.01814	0.02528	0.08044	0.01695	0.31018	0.02736	0.04079	0.01626	0.01744	0.01186	0.00889	0.00737	0.00251	0.00958	0.00629	0.00625	0.01210
32	0.01723	0.01477	0.01723	0.01230	0.01969	0.01107	0.00984	0.02092	0.01723	0.02707	0.01477	0.01723	0.01230	0.00615	0.00615	0.00123	0.00615	0.00492	0.00492	0.75883
33	0.02369	0.02448	0.03081	0.04211	0.47030	0.16843	0.02269	0.06853	0.02134	0.02733	0.01529	0.01926	0.01267	0.00784	0.00806	0.00240	0.01098	0.00694	0.00444	0.01243
34	0.03158	0.02327	0.02493	0.01911	0.02576	0.02576	0.01579	0.62852	0.03906	0.05236	0.01995	0.01995	0.01413	0.00997	0.00831	0.00249	0.00914	0.00748	0.00831	0.01413
35	0.01187	0.00890	0.01335	0.01335	0.01483	0.01038	0.01038	0.01483	0.01335	0.01928	0.02225	0.03264	0.02077	0.06231	0.67512	0.01335	0.02225	0.00890	0.00445	0.00742
36	0.02066	0.01785	0.01878	0.01691	0.02160	0.02066	0.01315	0.04414	0.64121	0.03475	0.03381	0.03099	0.02536	0.01127	0.00845	0.00282	0.00657	0.00939	0.00845	0.01315
37	0.76672	0.01607	0.01221	0.01092	0.01607	0.01864	0.00900	0.02442	0.01414	0.03727	0.01157	0.01350	0.00900	0.00771	0.00514	0.00257	0.00643	0.00450	0.00514	0.00900
38	0.01666	0.04297	0.66500	0.02368	0.03596	0.01929	0.03069	0.02631	0.01754	0.02631	0.01491	0.01754	0.01052	0.00789	0.00789	0.00263	0.01228	0.00614	0.00351	0.01228
39	0.02135	0.60899	0.14003	0.01568	0.02359	0.03076	0.01677	0.02510	0.01698	0.02060	0.01207	0.01398	0.01064	0.00723	0.00573	0.00191	0.00941	0.00471	0.00355	0.01091
40	0.01142	0.00835	0.01076	0.01065	0.01247	0.00769	0.00794	0.01482	0.02180	0.03019	0.48504	0.15751	0.12555	0.01893	0.00999	0.00280	0.00425	0.04350	0.00874	0.00760
41	0.01167	0.00849	0.01098	0.01036	0.01236	0.00780	0.00777	0.01550	0.02330	0.03281	0.62564	0.06288	0.10490	0.01717	0.00980	0.00262	0.00393	0.01514	0.00908	0.00780
42	0.01666	0.04297	0.66500	0.02368	0.03596	0.01929	0.03069	0.02631	0.01754	0.02631	0.01491	0.01754	0.01052	0.00789	0.00789	0.00263	0.01228	0.00614	0.00351	0.01228
43	0.00985	0.00830	0.00854	0.00873	0.01130	0.00699	0.00645	0.01189	0.01863	0.02232	0.08034	0.14189	0.59337	0.02154	0.00990	0.00286	0.00427	0.01814	0.00771	0.00699
44	0.01187	0.00890	0.01335	0.01335	0.01483	0.01038	0.01038	0.01483	0.01335	0.01928	0.02225	0.03264	0.02077	0.06231	0.67512	0.01335	0.02225	0.00890	0.00445	0.00742
45	0.01549	0.00774	0.00774	0.00774	0.00968	0.00774	0.00581	0.01936	0.01742	0.03097	0.02710	0.03097	0.02129	0.00968	0.00581	0.00194	0.00387	0.00774	0.75416	0.00774
46	0.01818	0.01818	0.02545	0.02181	0.02181	0.02545	0.01818	0.01999	0.01272	0.01999	0.01091	0.01818	0.01091	0.01454	0.02726	0.00364	0.69284	0.00727	0.00364	0.00909
47	0.76672	0.01607	0.01221	0.01092	0.01607	0.01864	0.00900	0.02442	0.01414	0.03727	0.01157	0.01350	0.00900	0.00771	0.00514	0.00257	0.00643	0.00450	0.00514	0.00900
48	0.03121	0.03417	0.02400	0.02064	0.02571	0.45916	0.01596	0.23091	0.02870	0.03097	0.01520	0.01663	0.01184	0.00903	0.00776	0.00226	0.01304	0.00606	0.00562	0.01112
49	0.01650	0.01378	0.01650	0.01287	0.01922	0.01079	0.01052	0.02021	0.01759	0.02665	0.02033	0.03179	0.01906	0.00935	0.00717	0.00172	0.00644	0.11826	0.00544	0.61584
50	0.01074	0.00749	0.00946	0.01078	0.01111	0.00716	0.00687	0.01173	0.01470	0.01960	0.03960	0.49823	0.04714	0.24106	0.02059	0.00485	0.00584	0.01998	0.00687	0.00621
51	0.00982	0.00842	0.00842	0.00842	0.01122	0.00701	0.00631	0.01192	0.01894	0.02244	0.08416	0.07995	0.65285	0.02104	0.00982	0.00281	0.00421	0.01753	0.00771	0.00701
52	0.01153	0.00848	0.01079	0.01021	0.01227	0.00774	0.00766	0.01524	0.02298	0.03205	0.58585	0.06414	0.14517	0.01745	0.00980	0.00264	0.00395	0.01532	0.00898	0.00774
53	0.02296	0.02416	0.03054	0.04228	0.47581	0.16935	0.02263	0.02832	0.05569	0.02602	0.01603	0.01989	0.01330	0.00789	0.00807	0.00241	0.01085	0.00705	0.00440	0.01235
54	0.01666	0.04297	0.66500	0.02368	0.03596	0.01929	0.03069	0.02631	0.01754	0.02631	0.01491	0.01754	0.01052	0.00789	0.00789	0.00263	0.01228	0.00614	0.00351	0.01228
55	0.00983	0.00836	0.00847	0.00856	0.01126	0.00700	0.00637	0.01191	0.01880	0.02239	0.08246	0.10747	0.62642	0.02126	0.00985	0.00283	0.00423	0.01780	0.00771	0.00700
56	0.01316	0.00940	0.01313	0.01504	0.01686	0.00937	0.01300	0.01683	0.01890	0.02461	0.04411	0.13541	0.04830	0.02316	0.01141	0.00379	0.00746	0.56082	0.00765	0.00759
57	0.05855	0.12821	0.11820	0.02027	0.05389	0.18150	0.01756	0.20015	0.02556	0.09501	0.01702	0.01803	0.01266	0.00874	0.00749	0.00233	0.01068	0.00629	0.00584	0.01202
58	0.02525	0.03095	0.39590	0.01997	0.02981	0.01634	0.02299	0.03222	0.02014	0.29122	0.02235	0.02201	0.01471	0.00889	0.00809	0.00261	0.01011	0.00706	0.00633	0.01305
59	0.01002	0.00848	0.00870	0.00881	0.01156	0.00716	0.00672	0.01223	0.01895	0.02258	0.08185	0.08074	0.61812	0.02115	0.00991	0.00286	0.00441	0.05099	0.00771	0.00705
60	0.02170	0.16129	0.37460	0.02124	0.03047	0.17375	0.02364	0.05641	0.01984	0.02496	0.01407	0.01631	0.01076	0.00801	0.00736	0.00236	0.01215	0.00572	0.00392	0.01146
61	0.02536	0.02794	0.02589	0.02904	0.20567	0.31444	0.01844	0.08411	0.02189	0.02517	0.01494	0.01882	0.01260	0.01343	0.06616	0.00335	0.07073	0.00660	0.00457	0.01083
62	0.01095	0.00795	0.01045	0.01185	0.01301	0.00746	0.00869	0.01325	0.01785	0.02371	0.13417	0.44322	0.10796	0.02374	0.01059	0.00330	0.00518	0.13166	0.00790	0.00710
63	0.03103	0.03959	0.02354	0.02140	0.02568	0.67469	0.01605	0.03317	0.02354	0.02033	0.01284	0.01498	0.01070	0.00856	0.00749	0.00214	0.01498	0.00535	0.00428	0.00963
64	0.02459	0.03430	0.33478	0.02103	0.02986	0.14040	0.02245	0.11508	0.04920	0.12181	0.01864	0.01954	0.01316	0.00880	0.00797	0.00252	0.01133	0.00664	0.00552	0.01236
65	0.01013	0.00756	0.00943	0.01080	0.01188	0.00686	0.00740	0.01184	0.01696	0.02207	0.08351	0.53096	0.19143	0.02446	0.01039	0.00321	0.00464	0.02183	0.00778	0.00686
66	0.01192	0.00807	0.00951	0.00995	0.01018	0.00800	0.00612	0.01245	0.01322	0.01757	0.03046	0.14912	0.03519	0.55337	0.03519	0.00703	0.00756	0.06395	0.00563	0.00550
67	0.01928	0.01479	0.01797	0.01593	0.01887	0.04520	0.01273	0.16153	0.02033	0.06104	0.02078	0.02728	0.01782	0.04040	0.39289	0.00882	0.08091	0.00823	0.00558	0.00960
68	0.02342	0.03249	0.17174	0.09268	0.20704	0.28190	0.02266	0.02835	0.02024	0.02367	0.01427	0.01779	0.01138	0.00806	0.00786	0.00240	0.01258	0.00629	0.00400	0.01118
69	0.01015	0.00820	0.00903	0.00930	0.01154	0.00708	0.00679	0.01238	0.01901	0.02374	0.15697	0.19469	0.45926	0.02141	0.00996	0.00289	0.00428	0.01832	0.00792	0.00708
70	0.01038	0.00780	0.00962	0.01051	0.01191	0.00704	0.00737	0.01251	0.01828	0.02404	0.18127	0.40664	0.21672	0.02285	0.01023	0.00307	0.00447	0.02024	0.00801	0.00704
71	0.02098	0.02508	0.08574	0.07774	0.29207	0.19045	0.02039	0.02523	0.01985	0.02414	0.02525	0.02800	0.10995	0.00990	0.00825	0.00247	0.01066	0.00829	0.00462	0.01094
72	0.02031	0.10864	0.35502	0.02127	0.05693	0.05056	0.02266	0.08514	0.04657	0.05454	0.01753	0.01978	0.01313	0.01077	0.03706	0.00293	0.01111	0.00654	0.04766	0.01183
73	0.01666	0.04297	0.66500	0.02368	0.03596	0.01929	0.03069	0.02631	0.01754	0.02631	0.01491	0.01754	0.01052	0.00789	0.00789	0.00263	0.01228	0.00614	0.00351	0.01228
74	0.01925	0.01840	0.03135	0.22238	0.49507	0.01939	0.02484	0.02435	0.01830	0.02555	0.01539	0.02099	0.01260	0.00765	0.00825	0.00255	0.01019	0.00740	0.00400	0.01210
75	0.01831	0.15445	0.41362	0.02468	0.03516	0.02205	0.16657	0.02613	0.01791	0.02521	0.01477	0.01794	0.01103	0.00755	0.00789	0.00252	0.01209	0.00670	0.00368	0.01175
76	0.02332	0.02518	0.03031	0.04073	0.43670	0.20303	0.02236	0.02726	0.01978	0.02475	0.01453	0.01884	0.01232	0.00821	0.00932	0.00246	0.05807	0.00682	0.00413	0.01189
77	0.01508	0.01375	0.01397	0.01426	0.03901	0.11126	0.01031	0.01783	0.01689	0.02184	0.05949	0.04024	0.13792	0.06619	0.30897	0.00757	0.01429	0.01018	0.07312	0.00784
78	0.05669	0.01145	0.01539	0.09947	0.04732	0.01284	0.01190	0.04421	0.01614	0.02275	0.03191	0.03947	0.13897	0.09806	0.27634	0.00746	0.04616	0.01019	0.00519	0.00807
79	0.02199	0.01850	0.01881	0.01647	0.02036	0.10428	0.01310	0.25593	0.02541	0.03285	0.02523	0.06619	0.04713	0.02887	0.22543	0.00611	0.01366	0.04297	0.00642	0.01028

[dist]
# distance from previous block
# <min> <max>
7	86

[block]
# block no. 5 follows, 22 sequences, length 91
# corresponding to MSA columns:
# 844-934
name=unknown_F
#
# <colnr> <probs for GDERKNQSTAVLIFYWHMCP>
#	G	D	E	R	K	N	Q	S	T	A	V	L	I	F	Y	W	H	M	C	P
0	0.02367	0.29827	0.02848	0.05432	0.02269	0.25475	0.01376	0.02654	0.01933	0.02212	0.01519	0.01782	0.01275	0.00819	0.00636	0.00199	0.01021	0.00557	0.14835	0.00965
1	0.01651	0.22286	0.02652	0.08432	0.02283	0.02024	0.04667	0.01902	0.01562	0.02045	0.02282	0.21681	0.02485	0.05829	0.01395	0.00315	0.13986	0.01158	0.00491	0.00876
2	0.02531	0.02668	0.02049	0.01826	0.02160	0.35040	0.01403	0.02836	0.04375	0.08579	0.08178	0.02756	0.05807	0.04245	0.01258	0.00279	0.11681	0.00806	0.00564	0.00959
3	0.02401	0.13663	0.02237	0.01613	0.01989	0.29840	0.01237	0.08737	0.02083	0.02303	0.01753	0.02611	0.01658	0.18637	0.01598	0.00361	0.01103	0.00727	0.04552	0.00899
4	0.01208	0.00805	0.00906	0.00906	0.00906	0.00805	0.00503	0.01208	0.01208	0.01611	0.02618	0.05436	0.03020	0.70804	0.04228	0.00805	0.00805	0.01208	0.00503	0.00503
5	0.01652	0.01689	0.01334	0.01243	0.01560	0.17289	0.00933	0.05053	0.02133	0.02438	0.12022	0.05770	0.37236	0.04732	0.01060	0.00284	0.00727	0.01348	0.00693	0.00804
6	0.02056	0.01974	0.03372	0.05099	0.65622	0.01974	0.02550	0.02550	0.01892	0.02714	0.01563	0.02056	0.01316	0.00740	0.00822	0.00247	0.00987	0.00740	0.00411	0.01316
7	0.01004	0.00842	0.00872	0.00864	0.01135	0.00711	0.00648	0.01234	0.01945	0.02366	0.14769	0.07795	0.58856	0.02059	0.00982	0.00278	0.00418	0.01725	0.00787	0.00711
8	0.01569	0.01477	0.02492	0.68808	0.05722	0.01846	0.02307	0.02123	0.01661	0.02123	0.01477	0.02215	0.01107	0.00831	0.00831	0.00277	0.01107	0.00738	0.00369	0.00923
9	0.01530	0.03143	0.44028	0.02013	0.02893	0.01564	0.02378	0.02261	0.01755	0.02543	0.02360	0.12198	0.02243	0.01260	0.00872	0.00284	0.01022	0.10101	0.00480	0.05072
10	0.11386	0.02246	0.02351	0.01820	0.02468	0.02496	0.01503	0.56091	0.03627	0.05067	0.01901	0.01922	0.01355	0.00972	0.00796	0.00250	0.00884	0.00715	0.00796	0.01355
11	0.01755	0.01610	0.02735	0.07177	0.37315	0.01650	0.05667	0.02210	0.01779	0.02496	0.02096	0.03349	0.01941	0.02021	0.13720	0.00479	0.01225	0.09216	0.00466	0.01094
12	0.01923	0.01838	0.03132	0.22462	0.49297	0.01939	0.02483	0.02433	0.01829	0.02553	0.01539	0.02099	0.01259	0.00765	0.00825	0.00255	0.01020	0.00740	0.00400	0.01209
13	0.76672	0.01607	0.01221	0.01092	0.01607	0.01864	0.00900	0.02442	0.01414	0.03727	0.01157	0.01350	0.00900	0.00771	0.00514	0.00257	0.00643	0.00450	0.00514	0.00900
14	0.01666	0.04297	0.66500	0.02368	0.03596	0.01929	0.03069	0.02631	0.01754	0.02631	0.01491	0.01754	0.01052	0.00789	0.00789	0.00263	0.01228	0.00614	0.00351	0.01228
15	0.01208	0.00805	0.00906	0.00906	0.00906	0.00805	0.00503	0.01208	0.01208	0.01611	0.02618	0.05436	0.03020	0.70804	0.04228	0.00805	0.00805	0.01208	0.00503	0.00503
16	0.02066	0.01785	0.01878	0.01691	0.02160	0.02066	0.01315	0.04414	0.64121	0.03475	0.03381	0.03099	0.02536	0.01127	0.00845	0.00282	0.00657	0.00939	0.00845	0.01315
17	0.01598	0.01550	0.02763	0.56285	0.05310	0.01826	0.10829	0.02153	0.01700	0.02199	0.01653	0.05451	0.01338	0.00896	0.00863	0.00280	0.01119	0.00850	0.00396	0.00939
18	0.01569	0.01477	0.02492	0.68808	0.05722	0.01846	0.02307	0.02123	0.01661	0.02123	0.01477	0.02215	0.01107	0.00831	0.00831	0.00277	0.01107	0.00738	0.00369	0.00923
19	0.03587	0.01639	0.02067	0.01585	0.02233	0.01555	0.01309	0.18558	0.02755	0.51156	0.02961	0.02622	0.01898	0.01021	0.00834	0.00255	0.00758	0.00814	0.00980	0.01414
20	0.01208	0.00805	0.00906	0.00906	0.00906	0.00805	0.00503	0.01208	0.01208	0.01611	0.02618	0.05436	0.03020	0.70804	0.04228	0.00805	0.00805	0.01208	0.00503	0.00503
21	0.01593	0.02967	0.37223	0.02326	0.06415	0.01669	0.09154	0.02392	0.05339	0.02570	0.02339	0.17737	0.02202	0.01215	0.00879	0.00282	0.01029	0.01085	0.00488	0.01098
22	0.03103	0.03959	0.02354	0.02140	0.02568	0.67469	0.01605	0.03317	0.02354	0.02033	0.01284	0.01498	0.01070	0.00856	0.00749	0.00214	0.01498	0.00535	0.00428	0.00963
23	0.13229	0.03153	0.09556	0.09762	0.07773	0.35465	0.04543	0.02893	0.02022	0.02434	0.01349	0.01661	0.01075	0.00818	0.00745	0.00238	0.01258	0.00590	0.00424	0.01013
24	0.02027	0.01944	0.03319	0.08911	0.62038	0.01966	0.02535	0.02524	0.01878	0.02679	0.01557	0.02066	0.01303	0.00746	0.00823	0.00249	0.00994	0.00740	0.00409	0.01292
25	0.01339	0.00956	0.01339	0.01530	0.01721	0.00956	0.01339	0.01721	0.01912	0.02486	0.04399	0.09371	0.04781	0.02295	0.01147	0.00382	0.00765	0.60031	0.00765	0.00765
26	0.02848	0.14863	0.02668	0.01924	0.02450	0.36731	0.01536	0.14762	0.09453	0.02798	0.01634	0.01745	0.01299	0.00889	0.00739	0.00222	0.01188	0.00606	0.00540	0.01107
27	0.01057	0.00751	0.00997	0.01178	0.01237	0.00711	0.00810	0.01215	0.01598	0.02124	0.04437	0.60206	0.05269	0.06871	0.01269	0.00371	0.00530	0.07943	0.00754	0.00673
28	0.01012	0.00723	0.00964	0.01157	0.01205	0.00675	0.00771	0.01157	0.01591	0.02121	0.04579	0.70262	0.05495	0.02603	0.01060	0.00337	0.00482	0.02362	0.00771	0.00675
29	0.01932	0.02442	0.10941	0.03390	0.04269	0.02084	0.56768	0.02658	0.01941	0.02658	0.01662	0.02193	0.01240	0.00709	0.00962	0.00278	0.01384	0.00944	0.00413	0.01131
30	0.01082	0.00845	0.00980	0.00947	0.01183	0.00744	0.00710	0.01386	0.02130	0.02805	0.37686	0.07072	0.35665	0.01895	0.00981	0.00271	0.00406	0.01624	0.00845	0.00744
31	0.01666	0.04297	0.66500	0.02368	0.03596	0.01929	0.03069	0.02631	0.01754	0.02631	0.01491	0.01754	0.01052	0.00789	0.00789	0.00263	0.01228	0.00614	0.00351	0.01228
32	0.76672	0.01607	0.01221	0.01092	0.01607	0.01864	0.00900	0.02442	0.01414	0.03727	0.01157	0.01350	0.00900	0.00771	0.00514	0.00257	0.00643	0.00450	0.00514	0.00900
33	0.01012	0.00723	0.00964	0.01157	0.01205	0.00675	0.00771	0.01157	0.01591	0.02121	0.04579	0.70262	0.05495	0.02603	0.01060	0.00337	0.00482	0.02362	0.00771	0.00675
34	0.02071	0.01940	0.03218	0.12029	0.54944	0.01997	0.02461	0.06303	0.01993	0.02807	0.01580	0.02070	0.01299	0.00767	0.00824	0.00250	0.00996	0.00740	0.00433	0.01278
35	0.01666	0.04297	0.66500	0.02368	0.03596	0.01929	0.03069	0.02631	0.01754	0.02631	0.01491	0.01754	0.01052	0.00789	0.00789	0.00263	0.01228	0.00614	0.00351	0.01228
36	0.01012	0.00723	0.00964	0.01157	0.01205	0.00675	0.00771	0.01157	0.01591	0.02121	0.04579	0.70262	0.05495	0.02603	0.01060	0.00337	0.00482	0.02362	0.00771	0.00675
37	0.01012	0.00723	0.00964	0.01157	0.01205	0.00675	0.00771	0.01157	0.01591	0.02121	0.04579	0.70262	0.05495	0.02603	0.01060	0.00337	0.00482	0.02362	0.00771	0.00675
38	0.01269	0.00780	0.00981	0.00990	0.00999	0.00785	0.00605	0.01181	0.01193	0.01597	0.02334	0.07329	0.02613	0.44446	0.06688	0.23331	0.00831	0.01098	0.00470	0.00479
39	0.01549	0.00774	0.00774	0.00774	0.00968	0.00774	0.00581	0.01936	0.01742	0.03097	0.02710	0.03097	0.02129	0.00968	0.00581	0.00194	0.00387	0.00774	0.75416	0.00774
40	0.02071	0.02092	0.06826	0.07471	0.51940	0.02003	0.02439	0.05876	0.05903	0.02865	0.01692	0.02108	0.01373	0.00785	0.00823	0.00251	0.00982	0.00746	0.00456	0.01298
41	0.02110	0.02370	0.04261	0.03721	0.18411	0.09366	0.41816	0.02708	0.01989	0.02603	0.01609	0.02115	0.01252	0.00727	0.00918	0.00265	0.01315	0.00875	0.00419	0.01148
42	0.06734	0.01925	0.03191	0.08144	0.58487	0.01960	0.02433	0.02521	0.01850	0.02747	0.01533	0.02020	0.01279	0.00747	0.00803	0.00249	0.00971	0.00722	0.00416	0.01269
43	0.01277	0.01922	0.20656	0.01382	0.01936	0.01148	0.01427	0.01848	0.04703	0.02652	0.18481	0.05515	0.30713	0.01578	0.00918	0.00271	0.00667	0.01321	0.00680	0.00904
44	0.01961	0.02241	0.04902	0.03501	0.04342	0.02101	0.62605	0.02661	0.01961	0.02661	0.01681	0.02241	0.01261	0.00700	0.00980	0.00280	0.01401	0.00980	0.00420	0.01120
45	0.02056	0.01974	0.03372	0.05099	0.65622	0.01974	0.02550	0.02550	0.01892	0.02714	0.01563	0.02056	0.01316	0.00740	0.00822	0.00247	0.00987	0.00740	0.00411	0.01316
46	0.02007	0.01994	0.03611	0.08807	0.50047	0.01990	0.14098	0.02544	0.01890	0.02667	0.01580	0.02102	0.01292	0.00738	0.00853	0.00255	0.01074	0.00786	0.00410	0.01253
47	0.01012	0.00843	0.00884	0.00873	0.01141	0.00714	0.00655	0.01251	0.01965	0.02414	0.17277	0.07716	0.56318	0.02041	0.00982	0.00278	0.00416	0.01714	0.00794	0.00714
48	0.03727	0.01414	0.01928	0.01478	0.02121	0.01221	0.01221	0.04049	0.02378	0.66198	0.03277	0.02828	0.02056	0.01028	0.00835	0.00257	0.00707	0.00835	0.01028	0.01414
49	0.01012	0.00723	0.00964	0.01157	0.01205	0.00675	0.00771	0.01157	0.01591	0.02121	0.04579	0.70262	0.05495	0.02603	0.01060	0.00337	0.00482	0.02362	0.00771	0.00675
50	0.03103	0.03959	0.02354	0.02140	0.02568	0.67469	0.01605	0.03317	0.02354	0.02033	0.01284	0.01498	0.01070	0.00856	0.00749	0.00214	0.01498	0.00535	0.00428	0.00963
51	0.01187	0.00890	0.01335	0.01335	0.01483	0.01038	0.01038	0.01483	0.01335	0.01928	0.02225	0.03264	0.02077	0.06231	0.67512	0.01335	0.02225	0.00890	0.00445	0.00742
52	0.01058	0.00777	0.01004	0.01168	0.01273	0.00722	0.00839	0.01250	0.01686	0.02196	0.05123	0.51517	0.14294	0.02480	0.01062	0.00336	0.00517	0.11235	0.00770	0.00693
