[name]
unknown

[dist]
# distance from previous block
# <min> <max>
0	258

[block]
# block no. 0 follows, 17 sequences, length 22
# corresponding to MSA columns:
# 258-279
name=unknown_A
#
# <colnr> <probs for GDERKNQSTAVLIFYWHMCP>
#	G	D	E	R	K	N	Q	S	T	A	V	L	I	F	Y	W	H	M	C	P
0	0.01520	0.01085	0.01520	0.01737	0.01954	0.01085	0.01520	0.01954	0.02171	0.02822	0.04993	0.10637	0.05427	0.02605	0.01303	0.00434	0.00868	0.54629	0.00868	0.00868
1	0.02662	0.25457	0.07712	0.02058	0.02640	0.25350	0.01813	0.02997	0.02113	0.02309	0.01541	0.01940	0.01357	0.01735	0.08795	0.00407	0.06901	0.00648	0.00447	0.01119
2	0.01290	0.00938	0.01150	0.01173	0.01286	0.00945	0.00793	0.01444	0.01610	0.02128	0.04399	0.12440	0.14825	0.31477	0.19097	0.00898	0.01214	0.01537	0.00647	0.00708
3	0.02213	0.02507	0.05362	0.03861	0.04743	0.02423	0.53353	0.02964	0.02167	0.02964	0.01857	0.02507	0.01416	0.00860	0.01263	0.00325	0.06398	0.01091	0.00472	0.01254
4	0.02036	0.01937	0.03290	0.37448	0.31644	0.02162	0.02746	0.02633	0.02006	0.02719	0.01721	0.02431	0.01366	0.00895	0.00939	0.00298	0.01194	0.00839	0.00441	0.01254
5	0.02468	0.03434	0.34148	0.03007	0.14907	0.01957	0.02773	0.03263	0.02212	0.15987	0.05112	0.02582	0.01893	0.00997	0.00926	0.00293	0.01161	0.00832	0.00614	0.01435
6	0.01115	0.00955	0.00955	0.00955	0.01274	0.00796	0.00716	0.01353	0.02149	0.02547	0.09553	0.09075	0.60594	0.02388	0.01115	0.00318	0.00478	0.01990	0.00876	0.00796
7	0.02100	0.01498	0.02056	0.02491	0.17959	0.01427	0.01495	0.02674	0.07024	0.12374	0.09197	0.05381	0.23497	0.01574	0.01000	0.00297	0.00724	0.01351	0.04695	0.01186
8	0.02334	0.02241	0.03828	0.05788	0.60977	0.02241	0.02894	0.02894	0.02147	0.03081	0.01774	0.02334	0.01494	0.00840	0.00934	0.00280	0.01120	0.00840	0.00467	0.01494
9	0.01628	0.00831	0.01150	0.01165	0.01212	0.00827	0.00791	0.01427	0.01418	0.02065	0.02172	0.07401	0.02113	0.02820	0.02910	0.53141	0.00725	0.00960	0.14716	0.00528
10	0.01269	0.00963	0.01174	0.01165	0.01409	0.00869	0.00886	0.01630	0.02411	0.03225	0.36234	0.11337	0.25149	0.02192	0.01134	0.00320	0.00497	0.06322	0.00962	0.00851
11	0.02216	0.04801	0.50165	0.02636	0.03849	0.14313	0.03153	0.03142	0.02127	0.02851	0.01646	0.01933	0.01199	0.00911	0.00887	0.00288	0.01455	0.00679	0.00416	0.01334
12	0.01902	0.01876	0.03480	0.21920	0.16892	0.01945	0.17979	0.02471	0.02024	0.02729	0.02465	0.15173	0.02350	0.01279	0.01041	0.00322	0.01181	0.01284	0.00537	0.01153
13	0.02334	0.02241	0.03828	0.05788	0.60977	0.02241	0.02894	0.02894	0.02147	0.03081	0.01774	0.02334	0.01494	0.00840	0.00934	0.00280	0.01120	0.00840	0.00467	0.01494
14	0.02457	0.02405	0.03183	0.25979	0.26078	0.10836	0.02508	0.09626	0.02410	0.03084	0.01755	0.02301	0.01383	0.00932	0.00926	0.00287	0.01241	0.00808	0.00511	0.01291
15	0.02779	0.02897	0.07628	0.03880	0.28729	0.12677	0.02432	0.16105	0.02716	0.03565	0.01791	0.02165	0.01432	0.00997	0.01083	0.00286	0.06062	0.00791	0.00575	0.01410
16	0.01197	0.00841	0.01080	0.01251	0.01294	0.00798	0.00809	0.01326	0.01711	0.02281	0.04713	0.53162	0.05625	0.16870	0.01987	0.00499	0.00627	0.02396	0.00809	0.00724
17	0.06064	0.02849	0.17180	0.04678	0.40001	0.02234	0.07544	0.02919	0.02089	0.03116	0.01742	0.02230	0.01394	0.00851	0.00921	0.00288	0.01202	0.00813	0.00458	0.01427
18	0.01990	0.01932	0.02792	0.10348	0.33402	0.05826	0.02151	0.02433	0.02126	0.02786	0.03722	0.09105	0.14715	0.01373	0.00991	0.00298	0.00986	0.01228	0.00586	0.01207
19	0.40545	0.01730	0.01766	0.01702	0.06863	0.01776	0.01224	0.02785	0.01851	0.09826	0.01972	0.06757	0.01669	0.01025	0.00721	0.00267	0.00750	0.00758	0.00653	0.15361
20	0.02388	0.02384	0.03647	0.10405	0.51532	0.07366	0.02781	0.02927	0.02170	0.02960	0.01739	0.02295	0.01450	0.00860	0.00927	0.00280	0.01181	0.00820	0.00464	0.01423
21	0.16257	0.01940	0.02658	0.27444	0.19660	0.05339	0.02187	0.02595	0.01936	0.02948	0.01912	0.07537	0.01687	0.01071	0.00885	0.00302	0.01080	0.00914	0.00506	0.01142

[dist]
# distance from previous block
# <min> <max>
1	24

[block]
# block no. 1 follows, 17 sequences, length 20
# corresponding to MSA columns:
# 304-323
name=unknown_B
#
# <colnr> <probs for GDERKNQSTAVLIFYWHMCP>
#	G	D	E	R	K	N	Q	S	T	A	V	L	I	F	Y	W	H	M	C	P
0	0.01791	0.01538	0.01874	0.02279	0.15034	0.05309	0.01319	0.02247	0.06126	0.02779	0.12489	0.05089	0.09311	0.22215	0.02190	0.00485	0.00854	0.01265	0.04833	0.00973
1	0.01245	0.00868	0.01097	0.01219	0.01261	0.00848	0.00781	0.01359	0.01623	0.02176	0.04188	0.39619	0.04931	0.27255	0.06547	0.00656	0.00813	0.02081	0.00737	0.00698
2	0.01756	0.01658	0.01499	0.01505	0.01659	0.13883	0.01049	0.01926	0.01788	0.02161	0.03131	0.20233	0.03450	0.22932	0.16366	0.00774	0.01351	0.01469	0.00617	0.00792
3	0.01421	0.01161	0.01619	0.22098	0.02939	0.01259	0.01324	0.01703	0.01767	0.02255	0.04239	0.14363	0.15027	0.22251	0.02229	0.00514	0.00883	0.01515	0.00629	0.00804
4	0.01371	0.00914	0.01029	0.01029	0.01029	0.00914	0.00571	0.01371	0.01371	0.01828	0.02971	0.06171	0.03428	0.66859	0.04800	0.00914	0.00914	0.01371	0.00571	0.00571
5	0.02325	0.11101	0.08360	0.05000	0.48906	0.02435	0.02768	0.02892	0.02105	0.02959	0.01706	0.02199	0.01433	0.00840	0.00887	0.00271	0.01126	0.00785	0.00453	0.01448
6	0.02287	0.02603	0.09020	0.20618	0.26972	0.09665	0.02593	0.03111	0.08391	0.02889	0.01927	0.02401	0.01517	0.00938	0.00925	0.00291	0.01215	0.00822	0.00503	0.01313
7	0.02934	0.02775	0.06054	0.07843	0.22304	0.17658	0.02207	0.03619	0.08049	0.13950	0.02254	0.02450	0.01686	0.00990	0.00916	0.00280	0.01196	0.00816	0.00646	0.01375
8	0.01941	0.01103	0.01368	0.01221	0.01563	0.00981	0.00925	0.02269	0.02408	0.16470	0.28220	0.06623	0.20627	0.08344	0.01443	0.00363	0.00582	0.01575	0.00978	0.00996
9	0.02247	0.02135	0.03546	0.14880	0.48076	0.02225	0.02749	0.02969	0.06224	0.03036	0.01907	0.02448	0.01556	0.00888	0.00937	0.00288	0.01115	0.00856	0.00495	0.01423
10	0.02118	0.02702	0.16829	0.16752	0.27890	0.02214	0.02768	0.03124	0.10422	0.03046	0.02037	0.02466	0.01578	0.00939	0.00931	0.00297	0.01157	0.00840	0.00513	0.01377
11	0.06942	0.17051	0.02955	0.01852	0.02487	0.02698	0.01579	0.30373	0.03086	0.04211	0.02046	0.02350	0.01637	0.02280	0.13796	0.00522	0.01323	0.00784	0.00708	0.01321
12	0.01130	0.00893	0.01020	0.01121	0.01317	0.00782	0.00790	0.01335	0.01990	0.02482	0.07533	0.35585	0.35388	0.02651	0.01156	0.00348	0.00510	0.02310	0.00876	0.00782
13	0.01349	0.00883	0.01065	0.01115	0.01127	0.00870	0.00667	0.01343	0.01455	0.01940	0.03338	0.19539	0.03879	0.45491	0.03860	0.08425	0.00820	0.01612	0.00624	0.00599
14	0.28046	0.02774	0.10487	0.05286	0.02770	0.14698	0.01718	0.03453	0.05264	0.14253	0.02005	0.02108	0.01446	0.00979	0.00792	0.00285	0.01069	0.00687	0.00658	0.01225
15	0.03033	0.04178	0.16528	0.02798	0.08969	0.37065	0.02311	0.08764	0.02634	0.02896	0.01622	0.01886	0.01276	0.00957	0.00878	0.00263	0.01507	0.00675	0.00508	0.01252
16	0.01584	0.01349	0.07284	0.01425	0.01746	0.00998	0.01173	0.01914	0.02094	0.09182	0.13408	0.36737	0.12793	0.02328	0.01120	0.00343	0.00635	0.02059	0.00884	0.00943
17	0.01939	0.01409	0.01691	0.01652	0.01946	0.01465	0.01278	0.17998	0.02651	0.03529	0.04296	0.35926	0.04711	0.02348	0.01148	0.00364	0.00758	0.12964	0.00894	0.01033
18	0.02373	0.02428	0.01707	0.01603	0.01904	0.27384	0.01171	0.02565	0.02154	0.02498	0.03079	0.03674	0.09650	0.08005	0.01546	0.08247	0.01071	0.00953	0.17111	0.00877
19	0.02148	0.02219	0.02561	0.15862	0.16668	0.13406	0.01983	0.02721	0.06436	0.02677	0.03377	0.06667	0.12311	0.01355	0.01112	0.00304	0.05364	0.01108	0.00587	0.01133

[dist]
# distance from previous block
# <min> <max>
0	1

[block]
# block no. 2 follows, 17 sequences, length 7
# corresponding to MSA columns:
# 325-331
name=unknown_C
#
# <colnr> <probs for GDERKNQSTAVLIFYWHMCP>
#	G	D	E	R	K	N	Q	S	T	A	V	L	I	F	Y	W	H	M	C	P
0	0.01706	0.01234	0.01799	0.10278	0.07638	0.01250	0.01376	0.02153	0.02328	0.07839	0.31677	0.05350	0.08743	0.02373	0.09644	0.00467	0.00935	0.01369	0.00829	0.01011
1	0.11029	0.01555	0.01801	0.01940	0.09474	0.01643	0.01299	0.05670	0.15239	0.03702	0.15547	0.04497	0.11068	0.01418	0.00921	0.00291	0.00672	0.01183	0.09905	0.01145
2	0.02235	0.02534	0.07232	0.03380	0.25101	0.15601	0.02040	0.02622	0.02094	0.02618	0.02461	0.14084	0.02502	0.09655	0.01452	0.00372	0.01144	0.01173	0.00552	0.01148
3	0.11705	0.35637	0.11754	0.01815	0.02573	0.11124	0.01784	0.02863	0.01952	0.02596	0.01495	0.01807	0.01289	0.01422	0.06375	0.00352	0.01258	0.00592	0.00447	0.01162
4	0.15395	0.02809	0.09965	0.02460	0.10652	0.12686	0.01862	0.16419	0.02581	0.03680	0.01910	0.02541	0.01613	0.09904	0.01379	0.00365	0.01137	0.00797	0.00614	0.01230
5	0.19299	0.12732	0.09792	0.01606	0.02222	0.02105	0.01490	0.02985	0.13434	0.03567	0.17755	0.03462	0.03558	0.01230	0.00843	0.00285	0.00786	0.00964	0.00727	0.01158
6	0.01831	0.01678	0.01569	0.01461	0.01831	0.09100	0.01100	0.06404	0.09346	0.03101	0.12661	0.15568	0.23201	0.01925	0.01042	0.00305	0.00726	0.01618	0.00846	0.04687

[dist]
# distance from previous block
# <min> <max>
9	19

[block]
# block no. 3 follows, 17 sequences, length 8
# corresponding to MSA columns:
# 352-359
name=unknown_D
#
# <colnr> <probs for GDERKNQSTAVLIFYWHMCP>
#	G	D	E	R	K	N	Q	S	T	A	V	L	I	F	Y	W	H	M	C	P
0	0.31135	0.02802	0.10701	0.01819	0.02455	0.14846	0.01622	0.09173	0.02237	0.03612	0.01997	0.09850	0.01810	0.01189	0.00805	0.00293	0.01044	0.00870	0.00614	0.01126
1	0.01908	0.02163	0.09425	0.01706	0.02168	0.10412	0.01489	0.08487	0.02394	0.02960	0.05007	0.19312	0.18884	0.01994	0.01069	0.00328	0.00901	0.07620	0.00763	0.01012
2	0.14561	0.01439	0.01907	0.02396	0.16858	0.01467	0.01435	0.02112	0.02020	0.03126	0.12840	0.10642	0.13678	0.02287	0.08771	0.00457	0.00948	0.01327	0.00697	0.01034
3	0.02339	0.14917	0.09919	0.02168	0.02763	0.10051	0.06458	0.09755	0.02222	0.02865	0.01853	0.02394	0.01577	0.02579	0.17131	0.00598	0.07937	0.00797	0.00516	0.01160
4	0.13036	0.32613	0.03288	0.01639	0.02244	0.13929	0.01413	0.02937	0.01999	0.06985	0.01736	0.02283	0.01556	0.09433	0.01217	0.00322	0.01068	0.00670	0.00525	0.01108
5	0.02476	0.08141	0.02430	0.09678	0.02814	0.13435	0.01572	0.17504	0.02841	0.03509	0.09760	0.09768	0.09290	0.01461	0.00960	0.00288	0.01007	0.01178	0.00740	0.01148
6	0.08086	0.02392	0.08948	0.06646	0.02705	0.09630	0.01718	0.08210	0.09642	0.03168	0.03469	0.10527	0.10764	0.01517	0.01192	0.00319	0.08081	0.01174	0.00679	0.01133
7	0.11448	0.07729	0.02755	0.02719	0.14643	0.11269	0.01829	0.07030	0.06117	0.03072	0.01866	0.02336	0.01582	0.02024	0.11183	0.00489	0.09385	0.00778	0.00549	0.01196

[dist]
# distance from previous block
# <min> <max>
8	47

[block]
# block no. 4 follows, 17 sequences, length 33
# corresponding to MSA columns:
# 413-445
name=unknown_E
#
# <colnr> <probs for GDERKNQSTAVLIFYWHMCP>
#	G	D	E	R	K	N	Q	S	T	A	V	L	I	F	Y	W	H	M	C	P
0	0.02193	0.02172	0.06184	0.10603	0.10910	0.07610	0.01868	0.05514	0.05132	0.05322	0.02574	0.07535	0.04809	0.01574	0.04937	0.00356	0.05355	0.00981	0.00603	0.13768
1	0.02584	0.13853	0.07661	0.03345	0.22901	0.10392	0.02207	0.07592	0.14126	0.03222	0.02111	0.02326	0.01682	0.00968	0.00870	0.00272	0.01112	0.00790	0.00591	0.01395
2	0.02661	0.10487	0.13650	0.02468	0.07274	0.16477	0.02105	0.14238	0.02559	0.03211	0.01800	0.02182	0.01463	0.01806	0.09173	0.00437	0.05452	0.00746	0.00552	0.01260
3	0.02092	0.02079	0.02552	0.20220	0.03654	0.13920	0.09040	0.02572	0.02025	0.02609	0.02077	0.02774	0.01698	0.02246	0.13994	0.00538	0.01519	0.00871	0.12503	0.01015
4	0.01989	0.02507	0.14543	0.10339	0.08616	0.07452	0.02046	0.05311	0.05852	0.02946	0.03422	0.09972	0.09734	0.01442	0.00982	0.00304	0.01037	0.05012	0.00630	0.05863
5	0.02480	0.15055	0.03325	0.10213	0.03372	0.16739	0.09472	0.03086	0.06515	0.02702	0.01752	0.02083	0.01418	0.00873	0.00826	0.00237	0.01195	0.00712	0.00513	0.17433
6	0.02348	0.02271	0.02770	0.03179	0.20092	0.10177	0.02001	0.09615	0.02297	0.03029	0.02629	0.11321	0.05807	0.01474	0.01485	0.00323	0.16249	0.01131	0.00599	0.01202
7	0.02387	0.02271	0.01958	0.01724	0.02175	0.16212	0.01333	0.13777	0.10174	0.03630	0.17047	0.04790	0.15544	0.01554	0.00997	0.00289	0.00907	0.01251	0.00845	0.01139
8	0.02225	0.02033	0.02423	0.06065	0.02700	0.09780	0.05806	0.13351	0.02337	0.03054	0.02285	0.06953	0.02066	0.03433	0.24083	0.00756	0.07951	0.01015	0.00598	0.01086
9	0.01371	0.04600	0.01393	0.01315	0.01470	0.01070	0.00973	0.01577	0.01789	0.02328	0.04648	0.23848	0.11028	0.20017	0.06856	0.00604	0.00879	0.12726	0.00739	0.00769
10	0.01149	0.00821	0.01094	0.01313	0.01368	0.00766	0.00875	0.01313	0.01805	0.02407	0.05198	0.66244	0.06237	0.02954	0.01204	0.00383	0.00547	0.02681	0.00875	0.00766
11	0.02334	0.02241	0.03828	0.05788	0.60977	0.02241	0.02894	0.02894	0.02147	0.03081	0.01774	0.02334	0.01494	0.00840	0.00934	0.00280	0.01120	0.00840	0.00467	0.01494
12	0.06667	0.01902	0.02147	0.15985	0.03091	0.06376	0.01632	0.12976	0.02447	0.03232	0.04159	0.04338	0.19864	0.01521	0.01244	0.00316	0.09187	0.01161	0.00679	0.01077
13	0.01488	0.01280	0.01312	0.01247	0.01631	0.01266	0.00952	0.02462	0.19460	0.02971	0.07821	0.07391	0.43104	0.02052	0.01068	0.00319	0.00559	0.01710	0.00901	0.01007
14	0.01143	0.00954	0.00979	0.00974	0.01270	0.00809	0.00720	0.01382	0.02142	0.02591	0.12557	0.08787	0.54153	0.05782	0.01310	0.00349	0.00499	0.01939	0.00870	0.00790
15	0.01528	0.01339	0.02304	0.02200	0.06617	0.01275	0.13857	0.01833	0.01840	0.02482	0.03746	0.34920	0.04224	0.15073	0.01881	0.00467	0.00901	0.01923	0.00693	0.00897
16	0.03523	0.04494	0.02672	0.02429	0.02915	0.63073	0.01822	0.03766	0.02672	0.02308	0.01458	0.01701	0.01215	0.00972	0.00850	0.00243	0.01701	0.00607	0.00486	0.01093
17	0.01239	0.00885	0.01087	0.01212	0.01295	0.00838	0.00810	0.01382	0.01744	0.02280	0.05062	0.36729	0.12246	0.22223	0.02289	0.00539	0.00673	0.05964	0.00783	0.00718
18	0.02682	0.03026	0.03007	0.07517	0.20404	0.27034	0.02205	0.03044	0.02187	0.02533	0.01583	0.02111	0.01364	0.01363	0.04471	0.00354	0.12711	0.00751	0.00464	0.01186
19	0.03093	0.03657	0.02453	0.02227	0.02670	0.46122	0.01691	0.07470	0.02575	0.02561	0.01733	0.02144	0.01473	0.02203	0.13301	0.00500	0.01815	0.00706	0.00525	0.01082
20	0.01203	0.00938	0.01097	0.01132	0.01365	0.00831	0.00838	0.01495	0.02226	0.02875	0.22526	0.20019	0.32556	0.02385	0.01142	0.00331	0.00503	0.04800	0.00920	0.00820
21	0.01987	0.01729	0.02517	0.16325	0.03323	0.02075	0.05489	0.02790	0.12607	0.05607	0.02784	0.15352	0.02616	0.01600	0.01589	0.00355	0.18221	0.01269	0.00651	0.01113
22	0.01585	0.01337	0.01874	0.05831	0.02064	0.01666	0.01377	0.01811	0.01503	0.02156	0.02358	0.07716	0.02449	0.18948	0.23113	0.00888	0.20833	0.01136	0.00511	0.00844
23	0.01149	0.00821	0.01094	0.01313	0.01368	0.00766	0.00875	0.01313	0.01805	0.02407	0.05198	0.66244	0.06237	0.02954	0.01204	0.00383	0.00547	0.02681	0.00875	0.00766
24	0.01246	0.00870	0.01094	0.01203	0.01261	0.00831	0.00777	0.01392	0.01773	0.02392	0.11573	0.38735	0.05649	0.23983	0.02383	0.00548	0.00656	0.02122	0.00796	0.00717
25	0.50176	0.02443	0.01724	0.01564	0.02091	0.17583	0.01237	0.02942	0.01870	0.03585	0.01442	0.01740	0.01172	0.01372	0.05418	0.00373	0.01114	0.00573	0.00553	0.01026
26	0.02272	0.02227	0.03246	0.21296	0.33992	0.06814	0.02557	0.03098	0.09464	0.02948	0.01988	0.02488	0.01585	0.00935	0.00933	0.00292	0.01154	0.00851	0.00518	0.01340
27	0.03523	0.04494	0.02672	0.02429	0.02915	0.63073	0.01822	0.03766	0.02672	0.02308	0.01458	0.01701	0.01215	0.00972	0.00850	0.00243	0.01701	0.00607	0.00486	0.01093
28	0.02721	0.54851	0.04488	0.01777	0.02519	0.15589	0.01655	0.03012	0.02067	0.02236	0.01340	0.01550	0.01211	0.00840	0.00654	0.00210	0.01147	0.00525	0.00420	0.01187
29	0.02041	0.06841	0.02308	0.01741	0.02238	0.05247	0.01396	0.02651	0.09242	0.02821	0.02333	0.11378	0.02228	0.01311	0.01285	0.00263	0.13637	0.00981	0.00611	0.29446
30	0.01428	0.01460	0.05107	0.01699	0.02158	0.01213	0.11446	0.01869	0.02226	0.02911	0.18779	0.06629	0.30389	0.02265	0.05791	0.00403	0.00879	0.01622	0.00786	0.00940
31	0.01318	0.00989	0.01342	0.01342	0.01549	0.01069	0.01036	0.01638	0.01695	0.02359	0.04228	0.04966	0.16173	0.05579	0.44420	0.01149	0.01907	0.01234	0.05172	0.00833
32	0.07816	0.01753	0.01768	0.01586	0.01902	0.10128	0.01191	0.02681	0.02107	0.16047	0.10327	0.12121	0.03547	0.14622	0.01934	0.00433	0.06964	0.01264	0.00781	0.01025

[dist]
# distance from previous block
# <min> <max>
0	1

[block]
# block no. 5 follows, 17 sequences, length 18
# corresponding to MSA columns:
# 447-464
name=unknown_F
#
# <colnr> <probs for GDERKNQSTAVLIFYWHMCP>
#	G	D	E	R	K	N	Q	S	T	A	V	L	I	F	Y	W	H	M	C	P
0	0.02180	0.27927	0.03736	0.07860	0.11438	0.02504	0.08331	0.02593	0.02048	0.05078	0.03053	0.06488	0.10691	0.01193	0.00867	0.00268	0.01001	0.01016	0.00553	0.01175
1	0.01149	0.00821	0.01094	0.01313	0.01368	0.00766	0.00875	0.01313	0.01805	0.02407	0.05198	0.66244	0.06237	0.02954	0.01204	0.00383	0.00547	0.02681	0.00875	0.00766
2	0.03054	0.01795	0.02165	0.01757	0.02239	0.01955	0.01438	0.18549	0.02787	0.21130	0.02717	0.02820	0.01958	0.01225	0.01250	0.00293	0.12030	0.00882	0.18634	0.01323
3	0.01789	0.01710	0.02611	0.12624	0.03040	0.02163	0.06042	0.02099	0.01671	0.02386	0.02398	0.18973	0.02564	0.01809	0.02092	0.00381	0.32791	0.01335	0.00540	0.00983
4	0.01654	0.01225	0.01536	0.01667	0.05541	0.01214	0.01131	0.02372	0.12604	0.06489	0.14379	0.28669	0.13498	0.02150	0.01098	0.00336	0.00609	0.01899	0.00908	0.01021
5	0.01369	0.00923	0.01071	0.01071	0.01085	0.00937	0.00624	0.01398	0.01384	0.01860	0.02933	0.05957	0.03335	0.61668	0.09863	0.00966	0.01054	0.01340	0.00566	0.00595
6	0.02808	0.02022	0.02881	0.05643	0.16891	0.02069	0.06127	0.15530	0.07760	0.14820	0.03129	0.03688	0.05243	0.01242	0.00996	0.00306	0.00994	0.05634	0.00805	0.01412
7	0.02292	0.11420	0.27838	0.10802	0.04135	0.13042	0.11763	0.03034	0.02126	0.02707	0.01639	0.02043	0.01247	0.00888	0.00895	0.00283	0.01416	0.00745	0.00430	0.01254
8	0.15273	0.10895	0.30264	0.02379	0.06510	0.09503	0.02447	0.02934	0.01972	0.03003	0.01609	0.01946	0.01257	0.01275	0.04705	0.00355	0.01320	0.00659	0.00454	0.01240
9	0.01144	0.00838	0.01076	0.01267	0.01356	0.00770	0.00855	0.01318	0.01850	0.02425	0.05759	0.58876	0.13242	0.02881	0.01192	0.00375	0.00538	0.02592	0.00875	0.00770
10	0.02090	0.02192	0.03747	0.07588	0.03826	0.06006	0.29526	0.02950	0.09586	0.02944	0.02676	0.13724	0.02431	0.01254	0.01057	0.00315	0.01232	0.01298	0.00610	0.04947
11	0.06527	0.01944	0.04974	0.06514	0.02570	0.06061	0.01543	0.08541	0.02215	0.09834	0.02619	0.13596	0.02419	0.02090	0.08479	0.00440	0.06681	0.01112	0.00685	0.11156
12	0.01529	0.01573	0.06487	0.12349	0.03003	0.01385	0.11229	0.01916	0.01894	0.02503	0.03999	0.26834	0.10260	0.04885	0.01414	0.04519	0.00932	0.01712	0.00656	0.00920
13	0.01952	0.02558	0.16166	0.18286	0.13276	0.02319	0.02595	0.02527	0.01794	0.02591	0.01619	0.02310	0.01348	0.01532	0.05670	0.00414	0.20623	0.00814	0.00426	0.01179
14	0.09936	0.06037	0.05510	0.01792	0.02245	0.12536	0.01478	0.09137	0.06283	0.03084	0.02586	0.12869	0.02457	0.02830	0.16392	0.00599	0.01409	0.01095	0.00643	0.01083
15	0.01658	0.09591	0.12197	0.02306	0.13193	0.01646	0.01731	0.02109	0.02073	0.02736	0.08223	0.14644	0.20819	0.01723	0.00998	0.00303	0.00823	0.01475	0.00673	0.01077
16	0.02104	0.02055	0.02143	0.01952	0.02267	0.12444	0.04612	0.06302	0.11691	0.02903	0.03662	0.24873	0.06682	0.01880	0.01324	0.00338	0.09406	0.01554	0.00742	0.01065
17	0.01791	0.01558	0.01391	0.01366	0.01653	0.10984	0.01006	0.02011	0.02125	0.06625	0.06016	0.16734	0.27327	0.09819	0.01524	0.00393	0.00789	0.05216	0.00797	0.00875

[dist]
# distance from previous block
# <min> <max>
12	43

[block]
# block no. 6 follows, 17 sequences, length 37
# corresponding to MSA columns:
# 509-545
name=unknown_G
#
# <colnr> <probs for GDERKNQSTAVLIFYWHMCP>
#	G	D	E	R	K	N	Q	S	T	A	V	L	I	F	Y	W	H	M	C	P
0	0.02572	0.16364	0.03141	0.02790	0.17256	0.13270	0.01837	0.10720	0.02475	0.03110	0.02463	0.02748	0.06369	0.01384	0.04231	0.00323	0.01163	0.00835	0.05710	0.01240
1	0.01902	0.09061	0.01940	0.01502	0.01836	0.01695	0.01173	0.06526	0.14221	0.03031	0.03203	0.16089	0.03029	0.02639	0.11265	0.06432	0.01008	0.01260	0.11156	0.01033
2	0.01243	0.00980	0.01200	0.01228	0.01469	0.00903	0.00898	0.01492	0.01887	0.02469	0.05985	0.26728	0.25342	0.03406	0.13882	0.00572	0.00941	0.01904	0.00773	0.06697
3	0.03021	0.16947	0.03051	0.02073	0.02693	0.22937	0.01688	0.14665	0.17268	0.03431	0.02193	0.02235	0.01715	0.01047	0.00844	0.00262	0.01178	0.00750	0.00680	0.01322
4	0.01172	0.00909	0.01068	0.01131	0.01335	0.00804	0.00809	0.01426	0.02131	0.02749	0.18370	0.29265	0.30459	0.02498	0.01146	0.00337	0.00496	0.02181	0.00909	0.00804
5	0.02050	0.02974	0.24115	0.01977	0.02703	0.10397	0.02040	0.02696	0.02348	0.07007	0.22771	0.03934	0.04087	0.01673	0.04807	0.00364	0.01131	0.01079	0.00696	0.01151
6	0.02642	0.59957	0.04687	0.01692	0.02479	0.06794	0.01636	0.06411	0.02118	0.02463	0.01380	0.01571	0.01236	0.00836	0.00640	0.00209	0.01047	0.00532	0.00442	0.01229
7	0.01180	0.00894	0.01095	0.01226	0.01388	0.00809	0.00878	0.01408	0.01999	0.02574	0.10115	0.39853	0.23548	0.02681	0.01178	0.00361	0.00544	0.06593	0.00885	0.00792
8	0.01287	0.00985	0.01137	0.01202	0.01424	0.00906	0.00924	0.01535	0.01996	0.02481	0.06848	0.08939	0.32495	0.15732	0.01929	0.00475	0.00683	0.17439	0.00811	0.00771
9	0.03012	0.02823	0.02892	0.02419	0.02810	0.22702	0.06402	0.03312	0.02178	0.14571	0.01878	0.02217	0.01472	0.01253	0.01738	0.00323	0.25409	0.00801	0.00598	0.01190
10	0.01149	0.00821	0.01094	0.01313	0.01368	0.00766	0.00875	0.01313	0.01805	0.02407	0.05198	0.66244	0.06237	0.02954	0.01204	0.00383	0.00547	0.02681	0.00875	0.00766
11	0.01371	0.00914	0.01029	0.01029	0.01029	0.00914	0.00571	0.01371	0.01371	0.01828	0.02971	0.06171	0.03428	0.66859	0.04800	0.00914	0.00914	0.01371	0.00571	0.00571
12	0.02623	0.10726	0.02381	0.01855	0.02324	0.35876	0.01438	0.02871	0.02414	0.02375	0.04071	0.04075	0.20509	0.01413	0.00907	0.00263	0.01222	0.01045	0.00603	0.01010
13	0.01365	0.00939	0.01152	0.01152	0.01195	0.00982	0.00726	0.01451	0.01408	0.01920	0.02858	0.05543	0.03156	0.51643	0.19644	0.01067	0.01324	0.01279	0.00555	0.00640
14	0.01347	0.01010	0.01516	0.01516	0.01684	0.01179	0.01179	0.01684	0.01516	0.02189	0.02526	0.03705	0.02357	0.07072	0.63122	0.01516	0.02526	0.01010	0.00505	0.00842
15	0.01554	0.01275	0.01408	0.01320	0.01669	0.01287	0.01006	0.02582	0.19231	0.03385	0.25364	0.06733	0.25749	0.01902	0.01068	0.00311	0.00546	0.01619	0.00956	0.01034
16	0.02332	0.07224	0.02515	0.01938	0.02318	0.02318	0.01600	0.20485	0.02500	0.03451	0.02074	0.02710	0.01783	0.03474	0.25038	0.00772	0.14804	0.00877	0.00623	0.01163
17	0.01579	0.01052	0.01174	0.01111	0.01474	0.00899	0.00862	0.01859	0.02260	0.10778	0.11785	0.08219	0.46337	0.02202	0.01101	0.00319	0.00541	0.04604	0.00926	0.00917
18	0.02147	0.03354	0.28378	0.04479	0.36954	0.02219	0.03143	0.02933	0.02081	0.03041	0.01739	0.02189	0.01367	0.00864	0.00918	0.00288	0.01236	0.00780	0.00438	0.01451
19	0.01536	0.01238	0.01787	0.14751	0.09892	0.01259	0.01420	0.01774	0.01941	0.02493	0.09441	0.05378	0.24058	0.02047	0.01606	0.15752	0.00790	0.01334	0.00644	0.00861
20	0.01505	0.01216	0.01709	0.01620	0.01718	0.01490	0.01243	0.01745	0.01471	0.02132	0.02342	0.03862	0.02339	0.18228	0.38279	0.01156	0.15575	0.01045	0.00499	0.00827
21	0.01559	0.01331	0.02065	0.20293	0.03200	0.01650	0.01709	0.01967	0.01617	0.02264	0.02123	0.03160	0.01901	0.04623	0.37682	0.01031	0.09494	0.00938	0.00469	0.00925
22	0.01360	0.00950	0.01205	0.01197	0.01274	0.00993	0.00795	0.01515	0.01568	0.02168	0.09580	0.05516	0.03741	0.40874	0.22286	0.01027	0.01354	0.01300	0.00606	0.00692
23	0.07275	0.28501	0.03373	0.01918	0.02427	0.18891	0.01640	0.02845	0.01976	0.02379	0.01493	0.01921	0.01348	0.01769	0.08929	0.00415	0.10711	0.00643	0.00451	0.01094
24	0.01353	0.00907	0.01034	0.01051	0.01056	0.00902	0.00596	0.01367	0.01406	0.01875	0.03151	0.11020	0.03655	0.61701	0.04509	0.00871	0.00885	0.01477	0.00596	0.00587
25	0.01249	0.00863	0.01065	0.01185	0.01215	0.00833	0.00739	0.01339	0.01610	0.02147	0.04197	0.39236	0.04974	0.31685	0.02820	0.00622	0.00712	0.02092	0.00739	0.00678
26	0.02060	0.02256	0.01689	0.01630	0.01934	0.24002	0.01199	0.02287	0.02165	0.02347	0.04617	0.13610	0.19785	0.06633	0.09096	0.00489	0.01229	0.01411	0.00665	0.00894
27	0.01589	0.01365	0.01673	0.01559	0.01916	0.01386	0.04771	0.02616	0.20232	0.02985	0.06051	0.22334	0.23617	0.02083	0.01089	0.00336	0.00656	0.01825	0.00876	0.01041
28	0.01123	0.00921	0.00991	0.01046	0.01298	0.00788	0.00757	0.01343	0.02062	0.02512	0.08444	0.23625	0.46759	0.02532	0.01137	0.00335	0.00495	0.02166	0.00876	0.00788
29	0.01149	0.00821	0.01094	0.01313	0.01368	0.00766	0.00875	0.01313	0.01805	0.02407	0.05198	0.66244	0.06237	0.02954	0.01204	0.00383	0.00547	0.02681	0.00875	0.00766
30	0.02070	0.01908	0.03116	0.43162	0.21937	0.02197	0.02639	0.06533	0.02144	0.02857	0.01747	0.02444	0.01350	0.00927	0.00940	0.00302	0.01202	0.00839	0.00470	0.01216
31	0.02013	0.01302	0.01783	0.14418	0.02694	0.01446	0.01399	0.02667	0.09102	0.09666	0.02701	0.03269	0.02148	0.02797	0.16936	0.06534	0.01251	0.00931	0.15916	0.01028
32	0.01115	0.00955	0.00955	0.00955	0.01274	0.00796	0.00716	0.01353	0.02149	0.02547	0.09553	0.09075	0.60594	0.02388	0.01115	0.00318	0.00478	0.01990	0.00876	0.00796
33	0.02086	0.10109	0.09730	0.01741	0.02286	0.14351	0.01530	0.02603	0.05800	0.02517	0.03164	0.03742	0.10511	0.09686	0.09898	0.00507	0.01277	0.00982	0.00573	0.06910
34	0.02251	0.11641	0.02840	0.19846	0.07714	0.14239	0.01929	0.05298	0.02095	0.02527	0.01832	0.02486	0.01556	0.02491	0.16701	0.00586	0.01612	0.00789	0.00481	0.01087
35	0.02010	0.01981	0.01801	0.01938	0.06646	0.16873	0.01360	0.02318	0.02176	0.02614	0.07653	0.05841	0.11593	0.10261	0.05147	0.00459	0.01094	0.12436	0.04869	0.00929
36	0.23054	0.02345	0.14494	0.02462	0.12468	0.01866	0.05799	0.02499	0.01763	0.03079	0.01935	0.03018	0.01780	0.17661	0.01819	0.00451	0.01042	0.00868	0.00515	0.01083

[dist]
# distance from previous block
# <min> <max>
0	119

[block]
# block no. 7 follows, 17 sequences, length 40
# corresponding to MSA columns:
# 698-737
name=unknown_H
#
# <colnr> <probs for GDERKNQSTAVLIFYWHMCP>
#	G	D	E	R	K	N	Q	S	T	A	V	L	I	F	Y	W	H	M	C	P
0	0.03089	0.20885	0.03308	0.02325	0.06842	0.28968	0.01779	0.12852	0.02704	0.03037	0.01663	0.01885	0.01362	0.00952	0.00797	0.00240	0.01292	0.00652	0.04137	0.01232
1	0.01498	0.01300	0.01314	0.01307	0.01622	0.03827	0.00996	0.02162	0.12020	0.02761	0.07000	0.11717	0.34543	0.05863	0.01314	0.00367	0.00653	0.07956	0.00855	0.00924
2	0.02601	0.01845	0.02368	0.11051	0.03026	0.05749	0.05329	0.09942	0.07211	0.16342	0.03136	0.07720	0.04828	0.02298	0.11666	0.00513	0.01269	0.01099	0.00774	0.01232
3	0.02825	0.07355	0.02480	0.02041	0.02539	0.28309	0.01608	0.11112	0.11008	0.03167	0.05214	0.03421	0.05213	0.01535	0.03646	0.00334	0.01276	0.05049	0.00689	0.01179
4	0.01667	0.01267	0.01543	0.01483	0.01792	0.01293	0.01181	0.05596	0.12111	0.03649	0.32145	0.07114	0.09259	0.01954	0.01121	0.00333	0.00630	0.13871	0.00972	0.01023
5	0.03185	0.03887	0.02518	0.02207	0.02769	0.49743	0.01670	0.03466	0.02518	0.02473	0.01505	0.01756	0.01254	0.00913	0.00818	0.00221	0.01484	0.00597	0.00502	0.16518
6	0.02254	0.20031	0.07528	0.02263	0.02848	0.06927	0.10595	0.06303	0.02037	0.02655	0.01757	0.02327	0.01522	0.02321	0.14597	0.00550	0.11060	0.00801	0.00480	0.01144
7	0.02163	0.17940	0.21305	0.03129	0.15810	0.02512	0.09800	0.02979	0.05966	0.02876	0.02245	0.02536	0.04786	0.00961	0.00883	0.00278	0.01176	0.00837	0.00490	0.01330
8	0.01617	0.01106	0.01417	0.01453	0.01695	0.01116	0.01104	0.02147	0.08135	0.07558	0.04948	0.26908	0.12032	0.03344	0.13786	0.00597	0.01023	0.08234	0.00833	0.00947
9	0.02261	0.01565	0.01757	0.04192	0.02058	0.01697	0.01224	0.20485	0.02811	0.04084	0.07373	0.07744	0.07080	0.01407	0.00990	0.00278	0.03937	0.01124	0.26812	0.01121
10	0.01521	0.01012	0.01196	0.01144	0.01447	0.00884	0.00859	0.01826	0.02323	0.09285	0.23528	0.14551	0.32567	0.02186	0.01106	0.00317	0.00511	0.01874	0.00955	0.00908
11	0.13061	0.02514	0.03170	0.04128	0.35861	0.09556	0.02312	0.12063	0.02509	0.03630	0.01750	0.02130	0.01410	0.00909	0.00874	0.00278	0.01119	0.00766	0.00565	0.01395
12	0.01371	0.00914	0.01029	0.01029	0.01029	0.00914	0.00571	0.01371	0.01371	0.01828	0.02971	0.06171	0.03428	0.66859	0.04800	0.00914	0.00914	0.01371	0.00571	0.00571
13	0.01146	0.00832	0.01083	0.01283	0.01360	0.00768	0.00862	0.01316	0.01834	0.02419	0.05562	0.61456	0.10789	0.02907	0.01196	0.00378	0.00541	0.02623	0.00875	0.00768
14	0.02528	0.02663	0.03593	0.04777	0.42394	0.14600	0.06283	0.03033	0.02261	0.02906	0.01880	0.02637	0.01630	0.00953	0.00947	0.00283	0.01258	0.03517	0.00492	0.01366
15	0.03717	0.02430	0.02699	0.02069	0.02819	0.02611	0.01709	0.46973	0.04080	0.17302	0.02561	0.02457	0.01753	0.01139	0.00944	0.00285	0.00990	0.00869	0.00989	0.01604
16	0.01758	0.00879	0.00879	0.00879	0.01099	0.00879	0.00659	0.02197	0.01978	0.03516	0.03076	0.03516	0.02417	0.01099	0.00659	0.00220	0.00439	0.00879	0.72094	0.00879
17	0.01251	0.00932	0.01164	0.01166	0.01373	0.00845	0.00851	0.01595	0.02383	0.03243	0.38538	0.19831	0.18886	0.02236	0.01132	0.00319	0.00473	0.01967	0.00971	0.00845
18	0.02741	0.05880	0.03715	0.04188	0.30477	0.23487	0.10048	0.03212	0.02331	0.02766	0.01662	0.02107	0.01376	0.00878	0.00915	0.00269	0.01382	0.00783	0.00472	0.01311
19	0.01176	0.00842	0.01118	0.01295	0.01374	0.00784	0.00877	0.01381	0.01931	0.02608	0.13258	0.57612	0.06625	0.02805	0.01190	0.00370	0.00532	0.02539	0.00899	0.00784
20	0.02163	0.02066	0.03519	0.23978	0.44124	0.02196	0.02809	0.02744	0.02066	0.02873	0.01744	0.02390	0.01421	0.00872	0.00936	0.00291	0.01163	0.00840	0.00452	0.01356
21	0.01873	0.01890	0.02261	0.11791	0.18993	0.09641	0.01751	0.02259	0.02180	0.02645	0.05150	0.05251	0.27498	0.01556	0.01004	0.00297	0.00934	0.01316	0.00643	0.01068
22	0.01820	0.03575	0.37384	0.02627	0.03700	0.01954	0.14590	0.02689	0.02109	0.02987	0.06766	0.03419	0.09886	0.01148	0.00987	0.00305	0.01247	0.01031	0.00523	0.01252
23	0.01174	0.00974	0.01038	0.01069	0.01373	0.00838	0.00834	0.01441	0.02153	0.02588	0.08888	0.09303	0.52550	0.02420	0.01142	0.00335	0.00535	0.09666	0.00875	0.00807
24	0.02874	0.02763	0.02782	0.02948	0.15732	0.19545	0.01930	0.17176	0.02700	0.03330	0.01747	0.02191	0.01443	0.01377	0.01495	0.10821	0.06581	0.00772	0.00584	0.01212
25	0.02536	0.02720	0.03802	0.07404	0.38584	0.14664	0.10633	0.03069	0.02254	0.02885	0.01725	0.02243	0.01417	0.00865	0.00943	0.00280	0.01313	0.00832	0.00470	0.01360
26	0.02215	0.02522	0.01851	0.01862	0.05422	0.27172	0.01302	0.02462	0.02331	0.02441	0.05355	0.05426	0.29239	0.04925	0.01177	0.00314	0.01053	0.01309	0.00672	0.00951
27	0.01287	0.00872	0.01082	0.01182	0.01307	0.00819	0.00816	0.01540	0.01992	0.02807	0.15831	0.37680	0.09555	0.06817	0.01347	0.00374	0.00532	0.02093	0.11271	0.00795
28	0.02705	0.10898	0.03648	0.04277	0.36938	0.14893	0.02423	0.07664	0.02417	0.03055	0.01692	0.02096	0.01411	0.00887	0.00876	0.00263	0.01218	0.00751	0.00503	0.01386
29	0.02024	0.01670	0.02120	0.02398	0.14625	0.01704	0.01516	0.12988	0.09197	0.03629	0.12332	0.09486	0.19102	0.01665	0.01031	0.00305	0.00755	0.01428	0.00832	0.01192
30	0.02818	0.03217	0.03184	0.02905	0.09388	0.31104	0.13005	0.06930	0.02646	0.02998	0.10243	0.02756	0.02435	0.01072	0.00957	0.00273	0.01387	0.00911	0.00594	0.01178
31	0.02309	0.02770	0.12727	0.09441	0.43909	0.06571	0.02889	0.02935	0.02141	0.02961	0.01731	0.02249	0.01410	0.00866	0.00922	0.00283	0.01215	0.00801	0.00454	0.01416
32	0.18423	0.02068	0.07278	0.06304	0.06954	0.01903	0.04827	0.03234	0.11061	0.10512	0.02267	0.02482	0.01710	0.01372	0.05088	0.00361	0.01027	0.00789	0.00665	0.11676
33	0.13447	0.02048	0.03173	0.07756	0.25147	0.02129	0.11229	0.03043	0.10386	0.03289	0.02669	0.02991	0.06544	0.01039	0.00927	0.00300	0.01037	0.00962	0.00590	0.01294
34	0.02315	0.01880	0.02679	0.03331	0.26723	0.01969	0.01939	0.11794	0.02396	0.03553	0.02155	0.02631	0.01750	0.01350	0.04542	0.00338	0.05384	0.00843	0.16993	0.05434
35	0.01861	0.02103	0.13902	0.01699	0.02247	0.01593	0.01582	0.13903	0.02415	0.03244	0.04311	0.13581	0.15750	0.07882	0.09121	0.00516	0.01088	0.01406	0.00721	0.01075
36	0.01752	0.01350	0.01815	0.02186	0.13580	0.01351	0.01304	0.06471	0.01990	0.02645	0.03791	0.05822	0.11346	0.26163	0.02638	0.05405	0.00891	0.07943	0.00652	0.00905
37	0.06853	0.02073	0.02574	0.22230	0.19154	0.10314	0.02064	0.02524	0.02103	0.02728	0.03346	0.03702	0.14094	0.01226	0.00940	0.00295	0.01078	0.01033	0.00551	0.01117
38	0.02118	0.01746	0.02452	0.03045	0.22853	0.01774	0.01781	0.14129	0.02636	0.03608	0.11303	0.17829	0.07471	0.01632	0.01033	0.00309	0.00838	0.01452	0.00768	0.01224
39	0.08150	0.01945	0.02424	0.10249	0.11305	0.06110	0.04517	0.03102	0.13648	0.03220	0.02352	0.02724	0.01857	0.01095	0.01089	0.00294	0.07864	0.00863	0.16013	0.01177

[dist]
# distance from previous block
# <min> <max>
3	12

[block]
# block no. 8 follows, 17 sequences, length 6
# corresponding to MSA columns:
# 750-755
name=unknown_I
#
# <colnr> <probs for GDERKNQSTAVLIFYWHMCP>
#	G	D	E	R	K	N	Q	S	T	A	V	L	I	F	Y	W	H	M	C	P
0	0.02145	0.02133	0.02354	0.11079	0.02923	0.10846	0.01764	0.03027	0.16247	0.02739	0.02659	0.13367	0.02500	0.01581	0.01608	0.00346	0.19758	0.01172	0.00640	0.01113
1	0.01769	0.01142	0.01388	0.01293	0.01483	0.01174	0.00926	0.09532	0.01937	0.02608	0.03393	0.04454	0.11439	0.13886	0.08729	0.26902	0.00956	0.01126	0.05121	0.00743
2	0.27808	0.01457	0.01599	0.11493	0.02457	0.01557	0.01218	0.02181	0.01728	0.03118	0.02505	0.17702	0.02581	0.07251	0.01183	0.00351	0.00783	0.01168	0.00622	0.11238
3	0.02244	0.02276	0.02795	0.03103	0.19560	0.12271	0.06802	0.06559	0.02403	0.03032	0.08230	0.04116	0.15304	0.01372	0.01142	0.00297	0.05527	0.01153	0.00640	0.01176
4	0.03017	0.03105	0.02331	0.02018	0.02503	0.30396	0.01536	0.19591	0.02979	0.03367	0.02685	0.03188	0.07332	0.10140	0.01442	0.00354	0.01275	0.00917	0.00674	0.01148
5	0.09076	0.06885	0.02222	0.01788	0.02176	0.10140	0.01440	0.11746	0.02201	0.03047	0.02053	0.02719	0.01794	0.03853	0.29894	0.00853	0.05647	0.00832	0.00571	0.01062

[dist]
# distance from previous block
# <min> <max>
0	1

[block]
# block no. 9 follows, 17 sequences, length 14
# corresponding to MSA columns:
# 757-770
name=unknown_J
#
# <colnr> <probs for GDERKNQSTAVLIFYWHMCP>
#	G	D	E	R	K	N	Q	S	T	A	V	L	I	F	Y	W	H	M	C	P
0	0.01299	0.00936	0.01118	0.01126	0.01239	0.00922	0.00747	0.01452	0.01694	0.02244	0.09589	0.10382	0.15096	0.34487	0.12910	0.00803	0.01022	0.01551	0.00683	0.00701
1	0.11585	0.01723	0.02165	0.04777	0.02371	0.02079	0.01559	0.07783	0.05888	0.08494	0.05678	0.02904	0.02172	0.02613	0.15265	0.00599	0.19668	0.00909	0.00650	0.01118
2	0.01489	0.01260	0.02002	0.13957	0.02755	0.01379	0.06583	0.01806	0.01724	0.02328	0.03200	0.24567	0.03468	0.13410	0.11815	0.00635	0.04551	0.01594	0.00615	0.00863
3	0.01418	0.01174	0.01495	0.01489	0.01657	0.01272	0.01172	0.01678	0.01947	0.02563	0.09216	0.16934	0.22070	0.06296	0.01779	0.00406	0.13209	0.12603	0.00776	0.00844
4	0.16047	0.02049	0.03312	0.14734	0.18801	0.02091	0.14668	0.02740	0.01985	0.03167	0.01683	0.02208	0.01331	0.00837	0.00876	0.00279	0.01120	0.00800	0.00495	0.10778
5	0.03270	0.04114	0.03237	0.02731	0.03308	0.51231	0.12696	0.03620	0.02585	0.02447	0.01545	0.01865	0.01257	0.00937	0.00902	0.00258	0.01679	0.00706	0.00484	0.01128
6	0.13817	0.01952	0.02116	0.09990	0.02692	0.07838	0.01556	0.07899	0.02167	0.09555	0.02209	0.05961	0.01825	0.01252	0.01266	0.00306	0.13438	0.00884	0.12162	0.01114
7	0.01193	0.00932	0.01082	0.01101	0.01336	0.00821	0.00804	0.01485	0.02252	0.02923	0.25341	0.19567	0.33098	0.02348	0.01131	0.00324	0.00480	0.02032	0.00929	0.00821
8	0.01728	0.01457	0.01764	0.01522	0.01842	0.01510	0.01145	0.02169	0.07020	0.02576	0.02996	0.09722	0.06537	0.18440	0.02331	0.00446	0.13302	0.01165	0.00622	0.21706
9	0.02825	0.02621	0.02381	0.02039	0.02633	0.14250	0.01598	0.16352	0.32134	0.04011	0.02877	0.02778	0.02170	0.01147	0.00917	0.00284	0.00994	0.00894	0.00836	0.06258
10	0.01930	0.02394	0.14391	0.03851	0.32598	0.01838	0.02450	0.02520	0.02119	0.02933	0.03600	0.04368	0.13555	0.01321	0.00996	0.00305	0.01023	0.05960	0.00571	0.01278
11	0.02311	0.12830	0.03085	0.16763	0.14705	0.13833	0.02056	0.02732	0.02030	0.02526	0.01739	0.02317	0.01470	0.01590	0.07359	0.00400	0.05525	0.00760	0.04834	0.01137
12	0.24935	0.01669	0.01878	0.02113	0.11462	0.04346	0.01389	0.02519	0.04985	0.03446	0.14940	0.03426	0.03219	0.02339	0.12993	0.00529	0.01124	0.00961	0.00666	0.01062
13	0.02691	0.02058	0.02215	0.01773	0.02396	0.02170	0.01433	0.33178	0.08777	0.04681	0.07092	0.04008	0.14133	0.01407	0.00967	0.00281	0.00832	0.01123	0.00901	0.07883

[dist]
# distance from previous block
# <min> <max>
12	80

[block]
# block no. 10 follows, 17 sequences, length 7
# corresponding to MSA columns:
# 859-865
name=unknown_K
#
# <colnr> <probs for GDERKNQSTAVLIFYWHMCP>
#	G	D	E	R	K	N	Q	S	T	A	V	L	I	F	Y	W	H	M	C	P
0	0.01897	0.01588	0.02242	0.11014	0.02729	0.01818	0.05547	0.10119	0.02069	0.02814	0.02772	0.17225	0.02913	0.16800	0.02299	0.00482	0.12681	0.01385	0.00635	0.00971
1	0.02155	0.02104	0.02308	0.01917	0.02396	0.12741	0.09477	0.09693	0.02416	0.02972	0.04050	0.11024	0.15450	0.09339	0.01457	0.00363	0.01018	0.01334	0.00692	0.07094
2	0.01842	0.01780	0.01900	0.02318	0.11514	0.12713	0.01478	0.02126	0.02078	0.02560	0.03906	0.35492	0.04400	0.02185	0.01108	0.00347	0.00904	0.09651	0.00734	0.00962
3	0.02307	0.02467	0.02144	0.13239	0.02987	0.23009	0.01534	0.02615	0.02093	0.02433	0.02143	0.09018	0.02091	0.10820	0.01452	0.00346	0.01169	0.00959	0.00541	0.16632
4	0.02372	0.02465	0.02173	0.01820	0.02334	0.19038	0.01429	0.06323	0.02286	0.02836	0.03028	0.03220	0.12148	0.01254	0.01187	0.00252	0.10466	0.00893	0.00600	0.23874
5	0.08070	0.01644	0.01450	0.01330	0.01693	0.07962	0.01007	0.07495	0.07961	0.03321	0.04325	0.04637	0.16424	0.07407	0.01218	0.00332	0.00737	0.01151	0.20841	0.00993
6	0.17793	0.01933	0.02668	0.14595	0.25146	0.02083	0.02064	0.08089	0.02210	0.03432	0.02633	0.02989	0.08413	0.01081	0.00881	0.00294	0.00975	0.00906	0.00580	0.01237

[dist]
# distance from previous block
# <min> <max>
0	1

[block]
# block no. 11 follows, 17 sequences, length 6
# corresponding to MSA columns:
# 867-872
name=unknown_L
#
# <colnr> <probs for GDERKNQSTAVLIFYWHMCP>
#	G	D	E	R	K	N	Q	S	T	A	V	L	I	F	Y	W	H	M	C	P
0	0.14858	0.01957	0.03021	0.26761	0.30214	0.02164	0.02457	0.02693	0.01953	0.03038	0.01655	0.02257	0.01322	0.00885	0.00874	0.00295	0.01101	0.00780	0.00470	0.01244
1	0.02100	0.02002	0.03406	0.30616	0.37974	0.02179	0.02778	0.02689	0.02037	0.02797	0.01733	0.02410	0.01394	0.00884	0.00937	0.00295	0.01178	0.00839	0.00447	0.01305
2	0.02369	0.02001	0.02331	0.02227	0.07425	0.06335	0.01633	0.20106	0.02637	0.03525	0.02719	0.03226	0.06485	0.03206	0.21634	0.00702	0.08623	0.00973	0.00661	0.01180
3	0.01484	0.01237	0.01645	0.01546	0.01666	0.01448	0.01183	0.01726	0.01768	0.02472	0.12389	0.10390	0.11760	0.12529	0.15453	0.00688	0.17706	0.01406	0.00657	0.00846
4	0.01900	0.01841	0.02568	0.02268	0.02278	0.02509	0.01851	0.02098	0.01509	0.02294	0.01946	0.13540	0.02132	0.01884	0.02757	0.00407	0.53584	0.01157	0.00495	0.00984
5	0.01366	0.00921	0.01062	0.01051	0.01083	0.00911	0.00617	0.01430	0.01558	0.02110	0.11258	0.06297	0.04217	0.57503	0.04268	0.00825	0.00847	0.01419	0.00639	0.00617

[dist]
# distance from previous block
# <min> <max>
0	9

[block]
# block no. 12 follows, 17 sequences, length 38
# corresponding to MSA columns:
# 882-919
name=unknown_M
#
# <colnr> <probs for GDERKNQSTAVLIFYWHMCP>
#	G	D	E	R	K	N	Q	S	T	A	V	L	I	F	Y	W	H	M	C	P
0	0.02579	0.03611	0.14827	0.11537	0.03691	0.28987	0.06637	0.03091	0.02271	0.02531	0.02115	0.02474	0.05316	0.01078	0.01054	0.00286	0.05491	0.00808	0.00480	0.01137
1	0.01426	0.01830	0.13859	0.01811	0.02261	0.01226	0.05916	0.01872	0.01963	0.02642	0.04730	0.34326	0.11332	0.02254	0.01135	0.00359	0.00833	0.08529	0.00746	0.00950
2	0.02548	0.02647	0.02158	0.02009	0.02469	0.22161	0.01563	0.03955	0.29138	0.03164	0.03531	0.04255	0.05853	0.01431	0.00982	0.00311	0.01065	0.08746	0.00785	0.01232
3	0.01391	0.01074	0.01599	0.01574	0.01732	0.01282	0.01232	0.01719	0.01511	0.02194	0.02448	0.03605	0.02290	0.06744	0.59485	0.01449	0.06319	0.00999	0.00500	0.00853
4	0.02864	0.02474	0.14766	0.02015	0.02683	0.02058	0.01922	0.14158	0.02568	0.19108	0.02465	0.02604	0.01765	0.01180	0.01279	0.00303	0.12461	0.00844	0.11130	0.01352
5	0.02300	0.02206	0.03767	0.09351	0.57676	0.02232	0.02877	0.02865	0.02131	0.03040	0.01768	0.02345	0.01479	0.00846	0.00934	0.00282	0.01129	0.00840	0.00464	0.01467
6	0.01435	0.00917	0.01222	0.01222	0.01270	0.00965	0.00812	0.01423	0.01375	0.01882	0.02488	0.04580	0.02643	0.32703	0.21289	0.20185	0.01353	0.01120	0.00509	0.00606
