[name]
unknown

[dist]
# distance from previous block
# <min> <max>
5	181

[block]
# block no. 0 follows, 22 sequences, length 16
# corresponding to MSA columns:
# 235-250
name=unknown_A
#
# <colnr> <probs for GDERKNQSTAVLIFYWHMCP>
#	G	D	E	R	K	N	Q	S	T	A	V	L	I	F	Y	W	H	M	C	P
0	0.08858	0.06624	0.01746	0.01507	0.05243	0.01617	0.01119	0.10290	0.14489	0.03003	0.04307	0.08156	0.22063	0.01760	0.05280	0.00338	0.00744	0.01158	0.00697	0.00999
1	0.16159	0.15069	0.02333	0.01589	0.02126	0.16495	0.01300	0.09115	0.14125	0.03046	0.04883	0.02048	0.01701	0.00906	0.00695	0.00228	0.00892	0.00647	0.00581	0.06061
2	0.21301	0.07706	0.02213	0.05800	0.02487	0.42930	0.01459	0.02973	0.02034	0.02456	0.01255	0.01493	0.01030	0.00824	0.00681	0.00226	0.01221	0.00520	0.00441	0.00952
3	0.01846	0.01724	0.02902	0.20676	0.42756	0.01817	0.02341	0.02341	0.01836	0.02538	0.01888	0.02990	0.01687	0.00953	0.00864	0.00271	0.00990	0.07986	0.00444	0.01150
4	0.01549	0.00774	0.00774	0.00774	0.00968	0.00774	0.00581	0.01936	0.01742	0.03097	0.02710	0.03097	0.02129	0.00968	0.00581	0.00194	0.00387	0.00774	0.75416	0.00774
5	0.01765	0.01012	0.01270	0.01190	0.01497	0.00924	0.00917	0.02146	0.05122	0.17823	0.17889	0.18289	0.18906	0.01823	0.00967	0.00289	0.00532	0.05851	0.00866	0.00919
6	0.02048	0.02003	0.06094	0.03872	0.39271	0.01799	0.11129	0.02563	0.01890	0.05846	0.01647	0.02049	0.01317	0.00729	0.00808	0.00231	0.00979	0.00731	0.00455	0.14541
7	0.01549	0.00774	0.00774	0.00774	0.00968	0.00774	0.00581	0.01936	0.01742	0.03097	0.02710	0.03097	0.02129	0.00968	0.00581	0.00194	0.00387	0.00774	0.75416	0.00774
8	0.03023	0.10962	0.02626	0.01981	0.02522	0.38117	0.01576	0.23543	0.02809	0.03117	0.01512	0.01649	0.01187	0.00888	0.00753	0.00222	0.01230	0.00598	0.00557	0.01128
9	0.02596	0.01776	0.05369	0.01564	0.02179	0.01609	0.01321	0.19530	0.07195	0.20502	0.06268	0.07515	0.02298	0.01090	0.00815	0.00237	0.00735	0.00893	0.00794	0.15714
10	0.01201	0.01003	0.01441	0.01437	0.01537	0.01078	0.04263	0.01386	0.01577	0.02138	0.04100	0.50142	0.08907	0.02264	0.01339	0.00335	0.12469	0.01959	0.00682	0.00741
11	0.01666	0.04297	0.66500	0.02368	0.03596	0.01929	0.03069	0.02631	0.01754	0.02631	0.01491	0.01754	0.01052	0.00789	0.00789	0.00263	0.01228	0.00614	0.00351	0.01228
12	0.01484	0.01054	0.01266	0.01203	0.01350	0.01120	0.00838	0.11096	0.01727	0.02341	0.02736	0.14533	0.02936	0.34324	0.17574	0.00764	0.01095	0.01243	0.00584	0.00729
13	0.01549	0.00774	0.00774	0.00774	0.00968	0.00774	0.00581	0.01936	0.01742	0.03097	0.02710	0.03097	0.02129	0.00968	0.00581	0.00194	0.00387	0.00774	0.75416	0.00774
14	0.02097	0.46531	0.03830	0.02308	0.16530	0.02809	0.01686	0.02410	0.01684	0.02129	0.01302	0.01640	0.01181	0.01078	0.04468	0.00271	0.06023	0.00557	0.00374	0.01093
15	0.12184	0.35818	0.06629	0.01617	0.02289	0.09696	0.01497	0.16297	0.02231	0.02975	0.01378	0.01525	0.01123	0.00803	0.00635	0.00213	0.00945	0.00533	0.00492	0.01121

[dist]
# distance from previous block
# <min> <max>
0	2

[block]
# block no. 1 follows, 22 sequences, length 113
# corresponding to MSA columns:
# 253-365
name=unknown_B
#
# <colnr> <probs for GDERKNQSTAVLIFYWHMCP>
#	G	D	E	R	K	N	Q	S	T	A	V	L	I	F	Y	W	H	M	C	P
0	0.21051	0.06913	0.02146	0.01805	0.02274	0.42311	0.01397	0.03149	0.07273	0.02566	0.01422	0.01587	0.01151	0.00850	0.00687	0.00228	0.01184	0.00543	0.00480	0.00983
1	0.01686	0.03961	0.58164	0.06783	0.07916	0.01927	0.02986	0.02593	0.01757	0.02604	0.01495	0.01804	0.01074	0.00789	0.00794	0.00263	0.01204	0.00630	0.00356	0.01214
2	0.02781	0.03438	0.02383	0.16150	0.03231	0.53679	0.01753	0.03066	0.02209	0.02052	0.01325	0.01649	0.01078	0.00851	0.00766	0.00227	0.01416	0.00578	0.00416	0.00955
3	0.01522	0.01140	0.01334	0.01224	0.01528	0.01159	0.00936	0.02445	0.19875	0.06102	0.37947	0.05383	0.12981	0.01554	0.00935	0.00269	0.00485	0.01342	0.00883	0.00954
4	0.01443	0.00722	0.01082	0.01082	0.01082	0.00722	0.00722	0.01082	0.01082	0.01443	0.01443	0.02525	0.01443	0.02886	0.03247	0.75830	0.00722	0.00722	0.00361	0.00361
5	0.02802	0.01984	0.02113	0.01660	0.02221	0.02178	0.01358	0.49397	0.03428	0.04763	0.02153	0.02238	0.01571	0.00991	0.00776	0.00237	0.00798	0.00754	0.17305	0.01272
6	0.01207	0.00810	0.00930	0.00930	0.00938	0.00818	0.00533	0.01223	0.01215	0.01628	0.02596	0.05317	0.02968	0.67243	0.07719	0.00835	0.00884	0.01191	0.00500	0.00517
7	0.01872	0.01810	0.03145	0.09349	0.38441	0.01891	0.10141	0.02351	0.01819	0.02572	0.04354	0.02614	0.01729	0.01185	0.04361	0.00325	0.07153	0.03298	0.00442	0.01148
8	0.03061	0.03785	0.02406	0.02257	0.05312	0.61127	0.01645	0.06488	0.02418	0.02235	0.01334	0.01549	0.01099	0.00859	0.00757	0.00217	0.01444	0.00555	0.00449	0.01003
9	0.01319	0.00950	0.01312	0.01493	0.01689	0.00942	0.01301	0.01693	0.01911	0.02473	0.04615	0.09297	0.08037	0.02285	0.01139	0.00377	0.00746	0.56894	0.00765	0.00762
10	0.01549	0.00774	0.00774	0.00774	0.00968	0.00774	0.00581	0.01936	0.01742	0.03097	0.02710	0.03097	0.02129	0.00968	0.00581	0.00194	0.00387	0.00774	0.75416	0.00774
11	0.01637	0.01308	0.01638	0.07181	0.02131	0.01448	0.01326	0.08497	0.13944	0.02821	0.03800	0.16639	0.07662	0.01799	0.01104	0.00325	0.05080	0.19989	0.00730	0.00940
12	0.02038	0.02080	0.06252	0.04975	0.62793	0.01972	0.02573	0.02553	0.01885	0.02710	0.01559	0.02042	0.01304	0.00742	0.00821	0.00247	0.00998	0.00734	0.00408	0.01312
13	0.02059	0.18565	0.31094	0.02703	0.16172	0.10834	0.02404	0.02672	0.01847	0.02421	0.01405	0.01691	0.01113	0.00770	0.00734	0.00234	0.01138	0.00593	0.00375	0.01176
14	0.01914	0.01768	0.02809	0.31653	0.29232	0.01989	0.02272	0.06533	0.05867	0.02652	0.01652	0.02176	0.01302	0.00850	0.00906	0.00267	0.03821	0.00752	0.00447	0.01138
15	0.37477	0.02290	0.01793	0.07174	0.02336	0.19855	0.01296	0.06701	0.06122	0.05804	0.01510	0.01683	0.01155	0.00848	0.00661	0.00248	0.00937	0.00565	0.00542	0.01001
16	0.01769	0.02693	0.27193	0.06417	0.30721	0.01795	0.02506	0.02433	0.01889	0.02736	0.09875	0.02492	0.02061	0.00889	0.00831	0.00256	0.01007	0.00792	0.00452	0.01195
17	0.01686	0.03961	0.58164	0.06783	0.07916	0.01927	0.02986	0.02593	0.01757	0.02604	0.01495	0.01804	0.01074	0.00789	0.00794	0.00263	0.01204	0.00630	0.00356	0.01214
18	0.01610	0.01568	0.01560	0.01513	0.01723	0.15712	0.01164	0.01889	0.01560	0.01952	0.02017	0.02874	0.01854	0.05043	0.52766	0.01087	0.02065	0.00812	0.00441	0.00791
19	0.01488	0.01023	0.01392	0.05904	0.05731	0.00968	0.01040	0.01858	0.02178	0.09316	0.37882	0.05787	0.16443	0.01609	0.00953	0.00270	0.00531	0.03926	0.00825	0.00875
20	0.01834	0.03296	0.39291	0.03545	0.30330	0.01949	0.02845	0.02596	0.01813	0.02667	0.01522	0.01884	0.01166	0.00768	0.00804	0.00256	0.01124	0.00668	0.00377	0.01266
21	0.01012	0.00723	0.00964	0.01157	0.01205	0.00675	0.00771	0.01157	0.01591	0.02121	0.04579	0.70262	0.05495	0.02603	0.01060	0.00337	0.00482	0.02362	0.00771	0.00675
22	0.01549	0.00774	0.00774	0.00774	0.00968	0.00774	0.00581	0.01936	0.01742	0.03097	0.02710	0.03097	0.02129	0.00968	0.00581	0.00194	0.00387	0.00774	0.75416	0.00774
23	0.01985	0.03142	0.27655	0.19122	0.14527	0.14502	0.02512	0.02624	0.01870	0.02405	0.01460	0.01870	0.01114	0.00804	0.00797	0.00254	0.01209	0.00651	0.00380	0.01117
24	0.02285	0.03097	0.19667	0.03438	0.29554	0.18102	0.02389	0.06829	0.02105	0.02695	0.01504	0.01835	0.01193	0.00799	0.00796	0.00243	0.01171	0.00657	0.00428	0.01213
25	0.01263	0.00934	0.01197	0.01169	0.01380	0.00906	0.00902	0.01801	0.07259	0.03172	0.49105	0.09298	0.06884	0.01775	0.00996	0.00283	0.00469	0.09507	0.00882	0.00819
26	0.01831	0.02075	0.10950	0.20289	0.39565	0.01867	0.02459	0.02379	0.01801	0.02525	0.01695	0.05728	0.01456	0.00869	0.00833	0.00261	0.01020	0.00811	0.00413	0.01173
27	0.08400	0.02059	0.02494	0.03091	0.27850	0.09417	0.01841	0.03124	0.20601	0.02903	0.02143	0.02553	0.01759	0.00978	0.00910	0.00267	0.04520	0.03331	0.00565	0.01195
28	0.05175	0.13885	0.09083	0.03909	0.43291	0.05798	0.02288	0.02584	0.01851	0.02583	0.01456	0.01848	0.01220	0.00747	0.00754	0.00235	0.01006	0.00656	0.00402	0.01230
29	0.02005	0.03134	0.32909	0.02704	0.07690	0.02048	0.17314	0.13146	0.02173	0.03069	0.01664	0.02005	0.01231	0.01048	0.03877	0.00312	0.01244	0.00749	0.00460	0.01218
30	0.01040	0.00844	0.00922	0.00903	0.01158	0.00726	0.00677	0.01305	0.02031	0.02571	0.25500	0.07456	0.47996	0.01982	0.00981	0.00275	0.00412	0.01678	0.00814	0.00726
31	0.01187	0.00890	0.01335	0.01335	0.01483	0.01038	0.01038	0.01483	0.01335	0.01928	0.02225	0.03264	0.02077	0.06231	0.67512	0.01335	0.02225	0.00890	0.00445	0.00742
32	0.02766	0.07625	0.02483	0.01990	0.02421	0.34417	0.01578	0.17605	0.02483	0.02804	0.01484	0.01763	0.01221	0.01302	0.05266	0.00311	0.10276	0.00629	0.00515	0.01059
33	0.01151	0.00819	0.01094	0.01142	0.01214	0.00867	0.00786	0.01307	0.01354	0.01866	0.02944	0.20594	0.03250	0.27784	0.29070	0.00904	0.01300	0.01365	0.00546	0.00642
34	0.02325	0.02993	0.09091	0.02946	0.03678	0.24283	0.37008	0.02881	0.02077	0.02445	0.01530	0.01949	0.01179	0.00760	0.00886	0.00256	0.01420	0.00799	0.00417	0.01076
35	0.01012	0.00848	0.00883	0.00889	0.01160	0.00719	0.00676	0.01243	0.01924	0.02325	0.11830	0.07950	0.58608	0.02088	0.00990	0.00284	0.00436	0.04645	0.00780	0.00710
36	0.01619	0.01108	0.01317	0.01268	0.01458	0.01135	0.00898	0.13962	0.01990	0.05222	0.03403	0.34364	0.03752	0.19723	0.04431	0.00475	0.00731	0.01617	0.00713	0.00815
37	0.01549	0.00774	0.00774	0.00774	0.00968	0.00774	0.00581	0.01936	0.01742	0.03097	0.02710	0.03097	0.02129	0.00968	0.00581	0.00194	0.00387	0.00774	0.75416	0.00774
38	0.01348	0.01017	0.01218	0.01098	0.01264	0.00996	0.00738	0.01463	0.01344	0.01908	0.02329	0.06904	0.02554	0.44496	0.07269	0.00647	0.05464	0.01052	0.00499	0.16393
39	0.02056	0.01974	0.03372	0.05099	0.65622	0.01974	0.02550	0.02550	0.01892	0.02714	0.01563	0.02056	0.01316	0.00740	0.00822	0.00247	0.00987	0.00740	0.00411	0.01316
40	0.02008	0.02263	0.11235	0.04759	0.57897	0.01968	0.02614	0.02560	0.01874	0.02704	0.01554	0.02018	0.01283	0.00746	0.00818	0.00249	0.01017	0.00724	0.00404	0.01305
41	0.48608	0.27880	0.02402	0.01216	0.01805	0.02400	0.01096	0.02459	0.01517	0.03059	0.01156	0.01343	0.00962	0.00748	0.00521	0.00227	0.00735	0.00448	0.00454	0.00962
42	0.01176	0.00849	0.01110	0.01045	0.01241	0.00784	0.00784	0.01568	0.02352	0.03331	0.65184	0.06206	0.07839	0.01698	0.00980	0.00261	0.00392	0.01502	0.00914	0.00784
43	0.01549	0.00774	0.00774	0.00774	0.00968	0.00774	0.00581	0.01936	0.01742	0.03097	0.02710	0.03097	0.02129	0.00968	0.00581	0.00194	0.00387	0.00774	0.75416	0.00774
44	0.01374	0.00993	0.01222	0.01284	0.01436	0.00995	0.00907	0.11557	0.01981	0.02646	0.04143	0.58754	0.04806	0.02332	0.01022	0.00323	0.00555	0.02090	0.00781	0.00799
45	0.03103	0.03959	0.02354	0.02140	0.02568	0.67469	0.01605	0.03317	0.02354	0.02033	0.01284	0.01498	0.01070	0.00856	0.00749	0.00214	0.01498	0.00535	0.00428	0.00963
46	0.01434	0.04984	0.01635	0.01410	0.01532	0.01397	0.01115	0.01660	0.01651	0.02289	0.16355	0.05317	0.03872	0.20231	0.02290	0.00453	0.17542	0.13474	0.00607	0.00751
47	0.01943	0.02430	0.16582	0.08582	0.48774	0.01956	0.02643	0.02539	0.01848	0.02659	0.01542	0.02003	0.01247	0.00756	0.00816	0.00252	0.01045	0.00714	0.00396	0.01272
48	0.05885	0.03661	0.49634	0.02871	0.16520	0.01935	0.02840	0.02603	0.01764	0.02709	0.01487	0.01795	0.01099	0.00778	0.00781	0.00259	0.01145	0.00631	0.00372	0.01228
49	0.21015	0.06873	0.07764	0.11850	0.14188	0.17214	0.01796	0.02728	0.04653	0.02707	0.01434	0.01747	0.01142	0.00808	0.00709	0.00245	0.01035	0.00599	0.00446	0.01050
50	0.02235	0.02359	0.03052	0.11329	0.45223	0.16427	0.02315	0.02673	0.01969	0.02500	0.01492	0.01950	0.01239	0.00776	0.00807	0.00243	0.01113	0.00695	0.00410	0.01196
51	0.03111	0.02380	0.02462	0.01913	0.02559	0.05516	0.01570	0.57781	0.06262	0.05019	0.02018	0.02016	0.01442	0.00996	0.00828	0.00249	0.00930	0.00746	0.00813	0.01388
52	0.01549	0.00774	0.00774	0.00774	0.00968	0.00774	0.00581	0.01936	0.01742	0.03097	0.02710	0.03097	0.02129	0.00968	0.00581	0.00194	0.00387	0.00774	0.75416	0.00774
53	0.01142	0.00834	0.01051	0.01155	0.01274	0.00791	0.00803	0.04472	0.01831	0.02441	0.12004	0.53354	0.11006	0.02365	0.01031	0.00318	0.00489	0.02119	0.00791	0.00729
54	0.01873	0.23747	0.41215	0.02393	0.10049	0.02334	0.02527	0.02580	0.01750	0.02441	0.01400	0.01664	0.01086	0.00761	0.00718	0.00236	0.01101	0.00578	0.00359	0.01190
55	0.76672	0.01607	0.01221	0.01092	0.01607	0.01864	0.00900	0.02442	0.01414	0.03727	0.01157	0.01350	0.00900	0.00771	0.00514	0.00257	0.00643	0.00450	0.00514	0.00900
56	0.03103	0.03959	0.02354	0.02140	0.02568	0.67469	0.01605	0.03317	0.02354	0.02033	0.01284	0.01498	0.01070	0.00856	0.00749	0.00214	0.01498	0.00535	0.00428	0.00963
57	0.02025	0.01953	0.03263	0.04716	0.57302	0.02049	0.02454	0.02477	0.01810	0.02620	0.01501	0.02025	0.01286	0.00834	0.01072	0.00262	0.09944	0.00738	0.00405	0.01262
58	0.01084	0.00774	0.01047	0.01239	0.01319	0.00737	0.00897	0.01281	0.01662	0.02201	0.04539	0.56812	0.05337	0.02535	0.01080	0.00347	0.00544	0.15100	0.00770	0.00695
59	0.00982	0.00842	0.00842	0.00842	0.01122	0.00701	0.00631	0.01192	0.01894	0.02244	0.08416	0.07995	0.65285	0.02104	0.00982	0.00281	0.00421	0.01753	0.00771	0.00701
60	0.01961	0.02241	0.04902	0.03501	0.04342	0.02101	0.62605	0.02661	0.01961	0.02661	0.01681	0.02241	0.01261	0.00700	0.00980	0.00280	0.01401	0.00980	0.00420	0.01120
61	0.01549	0.00774	0.00774	0.00774	0.00968	0.00774	0.00581	0.01936	0.01742	0.03097	0.02710	0.03097	0.02129	0.00968	0.00581	0.00194	0.00387	0.00774	0.75416	0.00774
62	0.02056	0.01974	0.03372	0.05099	0.65622	0.01974	0.02550	0.02550	0.01892	0.02714	0.01563	0.02056	0.01316	0.00740	0.00822	0.00247	0.00987	0.00740	0.00411	0.01316
63	0.00982	0.00842	0.00842	0.00842	0.01122	0.00701	0.00631	0.01192	0.01894	0.02244	0.08416	0.07995	0.65285	0.02104	0.00982	0.00281	0.00421	0.01753	0.00771	0.00701
64	0.01549	0.00774	0.00774	0.00774	0.00968	0.00774	0.00581	0.01936	0.01742	0.03097	0.02710	0.03097	0.02129	0.00968	0.00581	0.00194	0.00387	0.00774	0.75416	0.00774
65	0.02062	0.38221	0.31328	0.01837	0.02770	0.02581	0.02129	0.02636	0.01755	0.05793	0.01419	0.01599	0.01115	0.00762	0.00661	0.00219	0.01026	0.00540	0.00390	0.01156
66	0.01666	0.04297	0.66500	0.02368	0.03596	0.01929	0.03069	0.02631	0.01754	0.02631	0.01491	0.01754	0.01052	0.00789	0.00789	0.00263	0.01228	0.00614	0.00351	0.01228
67	0.03110	0.03749	0.02372	0.02111	0.02569	0.59088	0.01602	0.11006	0.02555	0.02447	0.01376	0.01562	0.01114	0.00874	0.00760	0.00219	0.01423	0.00563	0.00480	0.01021
68	0.01193	0.00865	0.01206	0.01206	0.01310	0.00968	0.00877	0.01401	0.01297	0.01833	0.02343	0.03918	0.02361	0.25664	0.48467	0.01176	0.01798	0.00986	0.00463	0.00670
69	0.01569	0.01477	0.02492	0.68808	0.05722	0.01846	0.02307	0.02123	0.01661	0.02123	0.01477	0.02215	0.01107	0.00831	0.00831	0.00277	0.01107	0.00738	0.00369	0.00923
70	0.01311	0.01024	0.01579	0.01478	0.01686	0.01160	0.04456	0.04072	0.01475	0.02105	0.02186	0.03155	0.02005	0.05710	0.61101	0.01232	0.02126	0.00889	0.00460	0.00790
71	0.02355	0.45371	0.03632	0.01690	0.02237	0.14398	0.01523	0.05299	0.01840	0.02124	0.01206	0.01468	0.01086	0.00867	0.00931	0.00217	0.11807	0.00519	0.00391	0.01039
72	0.01154	0.00783	0.00922	0.00976	0.00989	0.00769	0.00578	0.01194	0.01314	0.01752	0.03162	0.23433	0.03707	0.51870	0.03349	0.00675	0.00716	0.01528	0.00578	0.00551
73	0.01030	0.00817	0.00926	0.00955	0.01166	0.00713	0.00695	0.01264	0.01924	0.02449	0.19664	0.21367	0.39838	0.02128	0.00999	0.00289	0.00428	0.01834	0.00802	0.00713
74	0.02916	0.05391	0.02268	0.01719	0.02322	0.02140	0.01408	0.28454	0.21559	0.18848	0.02671	0.02490	0.01885	0.01029	0.00821	0.00257	0.00787	0.00811	0.00858	0.01366
75	0.01723	0.01477	0.01723	0.01230	0.01969	0.01107	0.00984	0.02092	0.01723	0.02707	0.01477	0.01723	0.01230	0.00615	0.00615	0.00123	0.00615	0.00492	0.00492	0.75883
76	0.01995	0.01145	0.01599	0.01421	0.01759	0.01074	0.04266	0.06315	0.02189	0.19687	0.18788	0.23309	0.04599	0.01728	0.00968	0.00292	0.00621	0.06407	0.00860	0.00979
77	0.01876	0.01915	0.03229	0.03626	0.31910	0.05212	0.18606	0.02367	0.01974	0.02656	0.07763	0.03176	0.09931	0.00988	0.00895	0.00260	0.01006	0.00987	0.00502	0.01121
78	0.02478	0.02735	0.05915	0.18869	0.09150	0.24419	0.06934	0.14299	0.02378	0.02812	0.01535	0.01893	0.01182	0.00850	0.00812	0.00247	0.01223	0.00685	0.00485	0.01097
79	0.01991	0.01649	0.01934	0.01527	0.04973	0.01406	0.01161	0.12837	0.02116	0.03154	0.01572	0.01786	0.01267	0.00688	0.00663	0.00151	0.00685	0.00549	0.00548	0.59346
80	0.01549	0.00774	0.00774	0.00774	0.00968	0.00774	0.00581	0.01936	0.01742	0.03097	0.02710	0.03097	0.02129	0.00968	0.00581	0.00194	0.00387	0.00774	0.75416	0.00774
81	0.01292	0.00943	0.01184	0.01090	0.01320	0.00894	0.00826	0.05450	0.02426	0.03395	0.58158	0.06032	0.10468	0.01675	0.00970	0.00262	0.00427	0.01468	0.00902	0.00820
82	0.01098	0.00793	0.01056	0.01147	0.01227	0.00807	0.00793	0.01264	0.01459	0.01975	0.03713	0.35372	0.07011	0.16351	0.21191	0.00715	0.01052	0.01684	0.00625	0.00664
83	0.01549	0.00774	0.00774	0.00774	0.00968	0.00774	0.00581	0.01936	0.01742	0.03097	0.02710	0.03097	0.02129	0.00968	0.00581	0.00194	0.00387	0.00774	0.75416	0.00774
84	0.03059	0.03138	0.02425	0.02043	0.02551	0.35869	0.01605	0.29088	0.02970	0.03421	0.01582	0.01730	0.01220	0.00949	0.00889	0.00237	0.04830	0.00638	0.00600	0.01155
85	0.01276	0.00817	0.01042	0.01094	0.01139	0.00814	0.00748	0.01292	0.01357	0.01796	0.02868	0.09122	0.03209	0.37792	0.03174	0.16453	0.00762	0.14160	0.00545	0.00540
86	0.02484	0.01803	0.01937	0.01615	0.02158	0.04758	0.01278	0.14027	0.27317	0.14611	0.02840	0.06873	0.02197	0.01098	0.00819	0.00250	0.00732	0.00898	0.00803	0.11499
87	0.02387	0.01944	0.02059	0.01756	0.02283	0.02216	0.01393	0.21602	0.46411	0.03993	0.02973	0.02774	0.02206	0.01089	0.00841	0.00272	0.00733	0.00883	0.00841	0.01344
88	0.01187	0.00890	0.01335	0.01335	0.01483	0.01038	0.01038	0.01483	0.01335	0.01928	0.02225	0.03264	0.02077	0.06231	0.67512	0.01335	0.02225	0.00890	0.00445	0.00742
89	0.01198	0.00802	0.01014	0.01074	0.01179	0.00750	0.00725	0.01372	0.01711	0.04865	0.16818	0.36625	0.08510	0.17390	0.01730	0.00419	0.00541	0.01835	0.00752	0.00691
90	0.01861	0.01011	0.01251	0.01097	0.01446	0.00885	0.00850	0.02155	0.02159	0.21384	0.25144	0.05798	0.25692	0.04215	0.01059	0.00287	0.00510	0.01381	0.00883	0.00930
91	0.01560	0.01250	0.01322	0.01191	0.01554	0.01251	0.00923	0.13490	0.10806	0.03040	0.09418	0.09425	0.38048	0.01762	0.00938	0.00277	0.00550	0.01468	0.00801	0.00925
92	0.01127	0.00765	0.00919	0.01012	0.01070	0.00733	0.00648	0.01243	0.01484	0.02025	0.03964	0.36723	0.08342	0.27362	0.02173	0.00493	0.00588	0.01766	0.06942	0.00622
93	0.01191	0.00871	0.01240	0.01240	0.01356	0.00987	0.00920	0.01423	0.01307	0.01858	0.02312	0.03744	0.02285	0.20494	0.53534	0.01218	0.01912	0.00960	0.00458	0.00689
94	0.01200	0.00802	0.00909	0.00917	0.00919	0.00800	0.00515	0.01206	0.01224	0.01633	0.02701	0.08198	0.03126	0.67899	0.04093	0.00785	0.00792	0.01257	0.00515	0.00511
95	0.01245	0.00886	0.01071	0.01075	0.01295	0.00810	0.00831	0.01522	0.01964	0.05046	0.22458	0.07285	0.26865	0.09997	0.01389	0.00357	0.00541	0.13830	0.00789	0.00743
96	0.01790	0.01046	0.01232	0.01135	0.01483	0.00944	0.00867	0.02194	0.07109	0.18941	0.05958	0.17708	0.32664	0.01835	0.00947	0.00285	0.00526	0.01559	0.00844	0.00932
97	0.01066	0.00793	0.00932	0.00992	0.01118	0.00725	0.00671	0.01229	0.01691	0.02193	0.12703	0.29245	0.23367	0.17405	0.01726	0.00414	0.00524	0.01818	0.00730	0.00658
98	0.16001	0.01239	0.01305	0.01211	0.01577	0.01278	0.00967	0.05459	0.10180	0.06598	0.15195	0.05320	0.20510	0.01553	0.00877	0.00282	0.00573	0.08183	0.00773	0.00919
99	0.01097	0.00786	0.00911	0.00974	0.01048	0.00741	0.00617	0.01188	0.01476	0.01909	0.04472	0.26984	0.16906	0.34263	0.02519	0.00543	0.00620	0.01697	0.00646	0.00601
100	0.01149	0.00798	0.00951	0.00979	0.01039	0.00769	0.00616	0.01260	0.01527	0.02056	0.14435	0.19196	0.07740	0.40662	0.02818	0.00583	0.00644	0.01530	0.00646	0.00599
101	0.01001	0.00811	0.00875	0.00922	0.01132	0.00700	0.00659	0.01184	0.01785	0.02182	0.07183	0.23173	0.47482	0.05654	0.01163	0.00321	0.00455	0.01876	0.00758	0.00685
102	0.03062	0.02947	0.02396	0.01989	0.02545	0.28639	0.01572	0.34966	0.07345	0.03829	0.01802	0.01869	0.01351	0.00949	0.00799	0.00237	0.01132	0.00675	0.00670	0.01225
103	0.01136	0.00942	0.00980	0.00951	0.01241	0.00846	0.00718	0.03925	0.04828	0.02493	0.11596	0.09912	0.53488	0.02006	0.00972	0.00280	0.00453	0.01682	0.00787	0.00763
104	0.01206	0.00866	0.01052	0.01120	0.01226	0.00840	0.00755	0.05356	0.01729	0.02294	0.07555	0.42660	0.09820	0.17468	0.01734	0.00426	0.00573	0.01901	0.00724	0.00695
105	0.01354	0.01202	0.01518	0.20988	0.02666	0.01289	0.01250	0.02059	0.13278	0.02435	0.05448	0.05394	0.34861	0.01550	0.00912	0.00280	0.00666	0.01305	0.00667	0.00879
106	0.01840	0.01033	0.01328	0.01194	0.01490	0.00955	0.00907	0.05110	0.02245	0.17866	0.32684	0.15809	0.07911	0.04457	0.01083	0.00295	0.00525	0.01448	0.00891	0.00930
107	0.01406	0.01209	0.01273	0.01303	0.01572	0.04710	0.01024	0.02064	0.13829	0.02516	0.05461	0.15586	0.25395	0.01967	0.00998	0.00312	0.00626	0.17138	0.00765	0.00847
108	0.01473	0.00799	0.00892	0.00892	0.01076	0.00830	0.00677	0.01841	0.01657	0.02852	0.02608	0.03132	0.02118	0.02074	0.14646	0.00433	0.00773	0.00799	0.59662	0.00767
109	0.01106	0.00881	0.00998	0.00986	0.01231	0.00793	0.00744	0.01467	0.04589	0.02658	0.26685	0.10545	0.38234	0.01963	0.00986	0.00281	0.00437	0.03840	0.00822	0.00755
110	0.05789	0.03823	0.12175	0.02206	0.02781	0.51366	0.05082	0.03143	0.02204	0.02226	0.01332	0.01571	0.01071	0.00834	0.00758	0.00227	0.01417	0.00568	0.00419	0.01009
111	0.02615	0.02905	0.02340	0.18452	0.03287	0.37269	0.01756	0.11707	0.02383	0.02559	0.01646	0.02279	0.01380	0.00968	0.00808	0.00246	0.01266	0.04631	0.00496	0.01006
112	0.01490	0.02582	0.31878	0.01970	0.05905	0.01442	0.01989	0.02172	0.05002	0.02512	0.02647	0.25220	0.02676	0.01409	0.00872	0.00277	0.00879	0.01224	0.00536	0.07318

[dist]
# distance from previous block
# <min> <max>
0	2

[block]
# block no. 2 follows, 22 sequences, length 52
# corresponding to MSA columns:
# 368-419
name=unknown_C
#
# <colnr> <probs for GDERKNQSTAVLIFYWHMCP>
#	G	D	E	R	K	N	Q	S	T	A	V	L	I	F	Y	W	H	M	C	P
0	0.01806	0.02250	0.16037	0.32618	0.23546	0.01933	0.02509	0.04938	0.01847	0.02542	0.01528	0.02061	0.01173	0.00801	0.00820	0.00264	0.01087	0.00713	0.00398	0.01128
1	0.01558	0.03457	0.49053	0.02151	0.03154	0.01696	0.06315	0.02357	0.01797	0.02563	0.02770	0.03136	0.11847	0.01064	0.00848	0.00272	0.01086	0.03319	0.00442	0.01115
2	0.01619	0.01360	0.01785	0.07238	0.10316	0.01457	0.01460	0.02603	0.20975	0.02748	0.03944	0.08480	0.10096	0.01613	0.00966	0.00312	0.00737	0.20571	0.00714	0.01006
3	0.02063	0.01848	0.02535	0.30178	0.17257	0.04868	0.02014	0.14944	0.05863	0.02978	0.02139	0.02516	0.05309	0.00944	0.00836	0.00262	0.00990	0.00807	0.00530	0.01119
4	0.01050	0.00877	0.00922	0.00942	0.01196	0.00777	0.00694	0.01374	0.05472	0.02296	0.07500	0.17807	0.51931	0.02128	0.00987	0.00290	0.00445	0.01804	0.00776	0.00733
5	0.00982	0.00842	0.00842	0.00842	0.01122	0.00701	0.00631	0.01192	0.01894	0.02244	0.08416	0.07995	0.65285	0.02104	0.00982	0.00281	0.00421	0.01753	0.00771	0.00701
6	0.02226	0.02421	0.05993	0.20932	0.22323	0.15591	0.07073	0.08617	0.02126	0.02658	0.01531	0.01977	0.01202	0.00813	0.00821	0.00252	0.01163	0.00711	0.00443	0.01127
7	0.01607	0.00912	0.01183	0.01187	0.01418	0.00821	0.00879	0.01838	0.01897	0.15573	0.10933	0.36429	0.14244	0.02089	0.00999	0.00307	0.00528	0.05470	0.00838	0.00849
8	0.01198	0.00821	0.00981	0.00964	0.01024	0.00811	0.00604	0.01318	0.01520	0.02087	0.19356	0.05538	0.04265	0.49196	0.06397	0.00685	0.00763	0.01272	0.00611	0.00590
9	0.01137	0.00891	0.00977	0.00951	0.01165	0.00821	0.00680	0.01470	0.05485	0.02435	0.19980	0.06767	0.35490	0.16209	0.01647	0.00385	0.00508	0.01535	0.00753	0.00715
10	0.02059	0.01915	0.02909	0.04042	0.45947	0.02003	0.02167	0.03128	0.21185	0.02950	0.02126	0.02380	0.01694	0.00860	0.00830	0.00258	0.00885	0.00802	0.00546	0.01316
11	0.01187	0.00890	0.01335	0.01335	0.01483	0.01038	0.01038	0.01483	0.01335	0.01928	0.02225	0.03264	0.02077	0.06231	0.67512	0.01335	0.02225	0.00890	0.00445	0.00742
12	0.01394	0.01171	0.01260	0.01227	0.01556	0.01191	0.00965	0.02337	0.22453	0.02688	0.06141	0.06587	0.35346	0.01810	0.00962	0.00296	0.00551	0.10356	0.00795	0.00914
13	0.01885	0.02055	0.04040	0.09271	0.03888	0.02197	0.40541	0.02432	0.01747	0.02432	0.01502	0.02124	0.01200	0.00916	0.01438	0.00302	0.19695	0.00889	0.00400	0.01045
14	0.01199	0.00840	0.01082	0.01082	0.01143	0.00901	0.00723	0.01321	0.01260	0.01741	0.02457	0.04545	0.02633	0.44316	0.30187	0.01023	0.01388	0.01078	0.00479	0.00601
15	0.01136	0.00880	0.01057	0.01104	0.01339	0.00800	0.00890	0.01440	0.01995	0.02547	0.18908	0.08064	0.33979	0.02081	0.01034	0.00309	0.00525	0.20373	0.00799	0.00739
16	0.03158	0.02327	0.02493	0.01911	0.02576	0.02576	0.01579	0.62852	0.03906	0.05236	0.01995	0.01995	0.01413	0.00997	0.00831	0.00249	0.00914	0.00748	0.00831	0.01413
17	0.01012	0.00723	0.00964	0.01157	0.01205	0.00675	0.00771	0.01157	0.01591	0.02121	0.04579	0.70262	0.05495	0.02603	0.01060	0.00337	0.00482	0.02362	0.00771	0.00675
18	0.01012	0.00723	0.00964	0.01157	0.01205	0.00675	0.00771	0.01157	0.01591	0.02121	0.04579	0.70262	0.05495	0.02603	0.01060	0.00337	0.00482	0.02362	0.00771	0.00675
19	0.01569	0.01477	0.02492	0.68808	0.05722	0.01846	0.02307	0.02123	0.01661	0.02123	0.01477	0.02215	0.01107	0.00831	0.00831	0.00277	0.01107	0.00738	0.00369	0.00923
20	0.01187	0.00890	0.01335	0.01335	0.01483	0.01038	0.01038	0.01483	0.01335	0.01928	0.02225	0.03264	0.02077	0.06231	0.67512	0.01335	0.02225	0.00890	0.00445	0.00742
21	0.01159	0.00849	0.01087	0.01027	0.01231	0.00777	0.00770	0.01535	0.02311	0.03236	0.60183	0.06363	0.12900	0.01734	0.00980	0.00263	0.00394	0.01524	0.00902	0.00777
22	0.02975	0.03746	0.02373	0.02144	0.02530	0.60999	0.01626	0.03186	0.02246	0.02030	0.01265	0.01530	0.01072	0.00916	0.00946	0.00229	0.08254	0.00554	0.00422	0.00958
23	0.03158	0.02327	0.02493	0.01911	0.02576	0.02576	0.01579	0.62852	0.03906	0.05236	0.01995	0.01995	0.01413	0.00997	0.00831	0.00249	0.00914	0.00748	0.00831	0.01413
24	0.03056	0.07580	0.02462	0.02102	0.02545	0.64019	0.01595	0.03273	0.02318	0.02029	0.01277	0.01489	0.01070	0.00848	0.00737	0.00212	0.01465	0.00530	0.00424	0.00969
25	0.01187	0.00890	0.01335	0.01335	0.01483	0.01038	0.01038	0.01483	0.01335	0.01928	0.02225	0.03264	0.02077	0.06231	0.67512	0.01335	0.02225	0.00890	0.00445	0.00742
26	0.02612	0.42417	0.03564	0.01640	0.02318	0.06477	0.01489	0.24644	0.02536	0.03161	0.01469	0.01584	0.01193	0.00823	0.00654	0.00206	0.00931	0.00560	0.00534	0.01188
27	0.02203	0.02459	0.02487	0.02169	0.02297	0.22000	0.01754	0.02394	0.01596	0.02009	0.01149	0.01722	0.01084	0.01275	0.02134	0.00319	0.48971	0.00669	0.00383	0.00925
28	0.04907	0.01594	0.11862	0.01413	0.01758	0.01303	0.01245	0.07916	0.01629	0.02361	0.02160	0.03498	0.02092	0.25254	0.26549	0.00831	0.01402	0.00913	0.00491	0.00820
29	0.01238	0.00923	0.01077	0.01121	0.01289	0.00885	0.00786	0.07320	0.01864	0.02412	0.05156	0.40006	0.20972	0.09300	0.01341	0.00361	0.00542	0.01918	0.00750	0.00738
30	0.01243	0.00842	0.01059	0.01066	0.01260	0.00759	0.00775	0.01513	0.02014	0.06648	0.30123	0.26889	0.18640	0.02030	0.00997	0.00289	0.00446	0.01788	0.00846	0.00771
31	0.02422	0.21211	0.03068	0.02525	0.15441	0.26729	0.01745	0.02709	0.01918	0.02145	0.01335	0.01692	0.01173	0.01127	0.04298	0.00283	0.08142	0.00591	0.00399	0.01047
32	0.01755	0.01014	0.01273	0.01134	0.01423	0.00940	0.00854	0.02167	0.05448	0.16500	0.34727	0.05400	0.11584	0.10471	0.01360	0.00334	0.00530	0.01317	0.00868	0.00903
33	0.01070	0.00759	0.00987	0.01103	0.01176	0.00713	0.00741	0.01248	0.01702	0.02310	0.16911	0.49145	0.05682	0.10654	0.01426	0.00378	0.00502	0.02044	0.00769	0.00677
34	0.01389	0.01187	0.01723	0.01606	0.01707	0.01521	0.01288	0.01649	0.01315	0.01951	0.01862	0.02800	0.01761	0.04700	0.46755	0.01024	0.23711	0.00838	0.00419	0.00795
35	0.01148	0.00780	0.00924	0.00983	0.00998	0.00765	0.00586	0.01192	0.01326	0.01767	0.03220	0.25342	0.03780	0.49862	0.03256	0.00662	0.00706	0.01562	0.00586	0.00556
36	0.01208	0.00805	0.00906	0.00906	0.00906	0.00805	0.00503	0.01208	0.01208	0.01611	0.02618	0.05436	0.03020	0.70804	0.04228	0.00805	0.00805	0.01208	0.00503	0.00503
37	0.02009	0.01734	0.01823	0.01645	0.02105	0.01994	0.01279	0.04243	0.60812	0.03410	0.03649	0.03360	0.05873	0.01179	0.00853	0.00282	0.00645	0.00983	0.00841	0.01282
38	0.01105	0.00837	0.00961	0.00935	0.01124	0.00756	0.00665	0.01344	0.01932	0.02543	0.29664	0.06756	0.29645	0.16199	0.01655	0.00382	0.00489	0.01541	0.00772	0.00693
39	0.76672	0.01607	0.01221	0.01092	0.01607	0.01864	0.00900	0.02442	0.01414	0.03727	0.01157	0.01350	0.00900	0.00771	0.00514	0.00257	0.00643	0.00450	0.00514	0.00900
40	0.01034	0.00844	0.00914	0.00896	0.01154	0.00723	0.00672	0.01293	0.02016	0.02535	0.23620	0.07516	0.49899	0.01995	0.00981	0.00275	0.00413	0.01686	0.00810	0.00723
41	0.01723	0.01477	0.01723	0.01230	0.01969	0.01107	0.00984	0.02092	0.01723	0.02707	0.01477	0.01723	0.01230	0.00615	0.00615	0.00123	0.00615	0.00492	0.00492	0.75883
42	0.01006	0.00748	0.00939	0.01091	0.01188	0.00680	0.00742	0.01164	0.01653	0.02146	0.05375	0.57341	0.17901	0.02499	0.01044	0.00326	0.00469	0.02235	0.00771	0.00680
43	0.03103	0.03959	0.02354	0.02140	0.02568	0.67469	0.01605	0.03317	0.02354	0.02033	0.01284	0.01498	0.01070	0.00856	0.00749	0.00214	0.01498	0.00535	0.00428	0.00963
44	0.01666	0.04297	0.66500	0.02368	0.03596	0.01929	0.03069	0.02631	0.01754	0.02631	0.01491	0.01754	0.01052	0.00789	0.00789	0.00263	0.01228	0.00614	0.00351	0.01228
45	0.01070	0.00836	0.00913	0.00899	0.01103	0.00741	0.00637	0.01276	0.01849	0.02345	0.19365	0.07081	0.40067	0.16273	0.01655	0.00385	0.00494	0.01586	0.00746	0.00678
46	0.01022	0.00727	0.00961	0.01144	0.01189	0.00682	0.00757	0.01159	0.01570	0.02094	0.04476	0.66854	0.05364	0.06188	0.01227	0.00362	0.00499	0.02301	0.00757	0.00666
47	0.02221	0.71304	0.04353	0.01421	0.02132	0.03287	0.01421	0.02488	0.01688	0.01955	0.01155	0.01333	0.01066	0.00711	0.00533	0.00178	0.00888	0.00444	0.00355	0.01066
48	0.01549	0.00774	0.00774	0.00774	0.00968	0.00774	0.00581	0.01936	0.01742	0.03097	0.02710	0.03097	0.02129	0.00968	0.00581	0.00194	0.00387	0.00774	0.75416	0.00774
49	0.01042	0.00826	0.00937	0.00948	0.01169	0.00721	0.00696	0.01294	0.01978	0.02535	0.24001	0.16964	0.39821	0.02064	0.00993	0.00284	0.00422	0.01774	0.00812	0.00721
50	0.01194	0.00808	0.00902	0.00902	0.00920	0.00799	0.00511	0.01207	0.01251	0.01650	0.02980	0.05596	0.06912	0.66510	0.04025	0.00773	0.00781	0.01242	0.00520	0.00516
51	0.02223	0.01684	0.02141	0.02308	0.15257	0.01772	0.01523	0.05888	0.30332	0.11651	0.06200	0.03219	0.02501	0.01091	0.00848	0.00265	0.00732	0.03987	0.00758	0.05622

[dist]
# distance from previous block
# <min> <max>
0	10

[block]
# block no. 3 follows, 22 sequences, length 14
# corresponding to MSA columns:
# 430-443
name=unknown_D
#
# <colnr> <probs for GDERKNQSTAVLIFYWHMCP>
#	G	D	E	R	K	N	Q	S	T	A	V	L	I	F	Y	W	H	M	C	P
0	0.01811	0.01731	0.02753	0.03814	0.43106	0.01819	0.02063	0.02200	0.01794	0.02510	0.02809	0.03164	0.13617	0.01117	0.01156	0.00272	0.11726	0.00933	0.00473	0.01133
1	0.01381	0.01181	0.01391	0.01278	0.01526	0.01282	0.00996	0.02052	0.13931	0.02763	0.22995	0.05543	0.26073	0.01693	0.01232	0.00288	0.11396	0.01359	0.00763	0.00877
2	0.02392	0.12936	0.02352	0.01744	0.02172	0.23500	0.01379	0.12342	0.10852	0.02745	0.02296	0.15045	0.02180	0.01249	0.00863	0.00252	0.03086	0.00969	0.00603	0.01041
3	0.01170	0.00789	0.00917	0.00954	0.00964	0.00780	0.00555	0.01198	0.01282	0.01709	0.02996	0.17939	0.03497	0.57651	0.03617	0.00715	0.00743	0.01431	0.00555	0.00536
4	0.13554	0.00997	0.01191	0.01208	0.01445	0.00969	0.00878	0.01919	0.01714	0.14734	0.03784	0.46311	0.04102	0.02008	0.00930	0.00309	0.00551	0.01764	0.00780	0.00853
5	0.01081	0.00752	0.00944	0.01069	0.01100	0.00721	0.00677	0.01175	0.01456	0.01941	0.03889	0.47463	0.04624	0.26589	0.02175	0.00502	0.00596	0.01956	0.00677	0.00614
6	0.01247	0.00817	0.00968	0.00965	0.01023	0.00838	0.00613	0.01363	0.01353	0.01936	0.05632	0.04826	0.02991	0.48112	0.13765	0.00786	0.00960	0.01116	0.10102	0.00590
7	0.01122	0.00762	0.00956	0.01079	0.01171	0.00720	0.00743	0.01319	0.01666	0.02319	0.09073	0.45611	0.07928	0.07971	0.01257	0.00351	0.00499	0.04452	0.10313	0.00687
8	0.28083	0.01522	0.01546	0.01182	0.01841	0.01373	0.00955	0.02215	0.01614	0.03066	0.01364	0.01591	0.01114	0.00670	0.00580	0.00170	0.00625	0.00477	0.00500	0.49511
9	0.27672	0.01085	0.01106	0.01133	0.01393	0.01124	0.00830	0.01684	0.01573	0.02779	0.06104	0.38877	0.03738	0.01797	0.00838	0.00293	0.00542	0.01537	0.00671	0.05224
10	0.01444	0.25557	0.02158	0.01232	0.01530	0.01600	0.00995	0.01646	0.01674	0.02126	0.06480	0.40519	0.06330	0.01874	0.00868	0.00275	0.00618	0.01622	0.00632	0.00819
11	0.01463	0.01226	0.01811	0.02428	0.23770	0.01219	0.01309	0.01703	0.01575	0.02144	0.03103	0.07554	0.11047	0.26713	0.08912	0.00568	0.00946	0.01143	0.00515	0.00849
12	0.01826	0.01616	0.02693	0.02140	0.02611	0.01600	0.22696	0.15231	0.02273	0.03065	0.06591	0.27574	0.03250	0.01528	0.00977	0.00293	0.00894	0.01471	0.00669	0.01000
13	0.01556	0.01124	0.01626	0.24882	0.02862	0.01193	0.01318	0.01936	0.01944	0.09145	0.22785	0.04627	0.12366	0.07681	0.01209	0.00319	0.00718	0.01172	0.00677	0.00861

[dist]
# distance from previous block
# <min> <max>
0	4

[block]
# block no. 4 follows, 22 sequences, length 11
# corresponding to MSA columns:
# 448-458
name=unknown_E
#
# <colnr> <probs for GDERKNQSTAVLIFYWHMCP>
#	G	D	E	R	K	N	Q	S	T	A	V	L	I	F	Y	W	H	M	C	P
0	0.38022	0.01434	0.01711	0.01404	0.01866	0.01534	0.11560	0.02308	0.01621	0.03326	0.01778	0.02101	0.01382	0.00826	0.00618	0.00239	0.00688	0.00653	0.26033	0.00895
1	0.02179	0.13845	0.02268	0.01588	0.02105	0.02149	0.01295	0.03903	0.45407	0.08246	0.03211	0.02990	0.05070	0.01090	0.00796	0.00262	0.00691	0.00881	0.00771	0.01252
2	0.01429	0.01053	0.01154	0.01065	0.01275	0.01040	0.00747	0.10760	0.01962	0.02553	0.10467	0.08315	0.22439	0.29534	0.02267	0.00487	0.00651	0.01378	0.00687	0.00739
3	0.01589	0.01604	0.12608	0.01323	0.01796	0.01123	0.01234	0.06254	0.02164	0.09292	0.20905	0.09508	0.24103	0.01612	0.00927	0.00271	0.00622	0.01363	0.00766	0.00937
4	0.01177	0.01406	0.12398	0.01250	0.01574	0.00937	0.01112	0.01508	0.01779	0.02404	0.16321	0.24770	0.17098	0.10812	0.01390	0.00358	0.00624	0.01617	0.00691	0.00776
5	0.01759	0.01555	0.01863	0.17920	0.05512	0.07264	0.01425	0.07478	0.08757	0.02486	0.05158	0.03236	0.02174	0.15483	0.13837	0.00566	0.01183	0.00900	0.00536	0.00909
6	0.01255	0.01099	0.01847	0.10253	0.02331	0.01082	0.11753	0.01566	0.01721	0.02283	0.06891	0.42478	0.08155	0.01966	0.01008	0.00312	0.00714	0.01830	0.00665	0.00792
7	0.01084	0.00785	0.00948	0.01026	0.01110	0.00749	0.00675	0.01204	0.01505	0.01962	0.04506	0.31973	0.16023	0.25292	0.06860	0.00553	0.00702	0.01757	0.00659	0.00628
8	0.01539	0.01411	0.02084	0.32827	0.09438	0.03986	0.01768	0.02053	0.04358	0.02185	0.02278	0.02934	0.06077	0.02510	0.20385	0.00582	0.01369	0.00857	0.00447	0.00909
9	0.02291	0.01846	0.03108	0.09370	0.42718	0.01867	0.06148	0.02758	0.01933	0.13709	0.01840	0.02204	0.01414	0.00829	0.00926	0.00259	0.04226	0.00772	0.00514	0.01269
10	0.02278	0.02607	0.05865	0.07235	0.19114	0.21929	0.08345	0.03050	0.12855	0.02556	0.01828	0.02137	0.01456	0.01092	0.03793	0.00298	0.01204	0.00738	0.00489	0.01132

[dist]
# distance from previous block
# <min> <max>
1	372

[block]
# block no. 5 follows, 22 sequences, length 58
# corresponding to MSA columns:
# 835-892
name=unknown_F
#
# <colnr> <probs for GDERKNQSTAVLIFYWHMCP>
#	G	D	E	R	K	N	Q	S	T	A	V	L	I	F	Y	W	H	M	C	P
0	0.01763	0.01527	0.02384	0.03148	0.32193	0.01506	0.04266	0.02308	0.07286	0.05533	0.03462	0.15979	0.12402	0.01353	0.00902	0.00274	0.00778	0.01238	0.00603	0.01094
1	0.01336	0.01037	0.01443	0.15712	0.02218	0.01160	0.01122	0.04047	0.01520	0.02035	0.02691	0.07674	0.06213	0.25180	0.22259	0.00772	0.01266	0.01088	0.00502	0.00726
2	0.02291	0.16379	0.02772	0.02465	0.18967	0.08229	0.01618	0.16816	0.02361	0.03079	0.02394	0.02570	0.08226	0.00973	0.00754	0.00229	0.00883	0.00774	0.07080	0.01141
3	0.02390	0.01486	0.01824	0.04797	0.08240	0.04391	0.01301	0.03043	0.12059	0.25322	0.07094	0.04208	0.14787	0.01305	0.00883	0.00270	0.00712	0.03934	0.00812	0.01143
4	0.01962	0.13986	0.30076	0.03088	0.21130	0.05430	0.07791	0.02622	0.01831	0.02521	0.01465	0.01804	0.01149	0.00758	0.00773	0.00244	0.01134	0.00651	0.00379	0.01205
5	0.06824	0.03220	0.19718	0.02515	0.08878	0.24669	0.07977	0.02744	0.01914	0.02415	0.01426	0.01795	0.01148	0.01118	0.04186	0.00306	0.07031	0.00647	0.00406	0.01063
6	0.05525	0.01840	0.01686	0.01541	0.01856	0.13773	0.01169	0.18258	0.02302	0.02957	0.02678	0.17263	0.02750	0.12733	0.04457	0.00411	0.00951	0.06277	0.00653	0.00921
7	0.25426	0.01298	0.01567	0.01885	0.14657	0.01360	0.01162	0.02023	0.01762	0.03097	0.16731	0.08879	0.03165	0.01278	0.00892	0.04429	0.00621	0.00970	0.07900	0.00897
8	0.02094	0.02162	0.02936	0.16267	0.41414	0.12712	0.02269	0.02541	0.01925	0.02472	0.01784	0.02239	0.03886	0.00833	0.00818	0.00248	0.01070	0.00748	0.00421	0.01159
9	0.01679	0.01171	0.01459	0.01333	0.01582	0.01327	0.01054	0.12961	0.01916	0.02856	0.02256	0.02912	0.01919	0.03612	0.33984	0.00779	0.04845	0.00825	0.20646	0.00883
10	0.01207	0.00809	0.00925	0.00925	0.00932	0.00816	0.00527	0.01220	0.01214	0.01625	0.02600	0.05340	0.02978	0.67937	0.07039	0.00829	0.00868	0.01194	0.00501	0.00514
11	0.01731	0.00953	0.01193	0.01152	0.01426	0.00846	0.00860	0.01944	0.01876	0.18609	0.05244	0.27266	0.22020	0.06221	0.01179	0.00331	0.00557	0.04903	0.00821	0.00867
12	0.01366	0.01357	0.05567	0.05860	0.02252	0.01233	0.14067	0.01666	0.01578	0.02138	0.02986	0.29595	0.03304	0.17944	0.01833	0.00428	0.03943	0.01528	0.00568	0.00785
13	0.01164	0.00793	0.00913	0.00946	0.00967	0.00778	0.00555	0.01199	0.01304	0.01726	0.03214	0.16592	0.06257	0.56083	0.03542	0.00702	0.00733	0.01429	0.00561	0.00542
14	0.01206	0.00812	0.00941	0.00941	0.00954	0.00825	0.00547	0.01231	0.01219	0.01637	0.02585	0.05258	0.02943	0.65494	0.09433	0.00849	0.00922	0.01182	0.00499	0.00523
15	0.01000	0.00811	0.00874	0.00921	0.01132	0.00700	0.00659	0.01184	0.01788	0.02185	0.07218	0.22993	0.47907	0.05384	0.01150	0.00318	0.00453	0.01876	0.00759	0.00686
16	0.01067	0.00751	0.00969	0.01107	0.01149	0.00724	0.00722	0.01185	0.01488	0.01991	0.03998	0.51626	0.04740	0.18827	0.05167	0.00498	0.00646	0.02016	0.00692	0.00638
17	0.01187	0.00890	0.01335	0.01335	0.01483	0.01038	0.01038	0.01483	0.01335	0.01928	0.02225	0.03264	0.02077	0.06231	0.67512	0.01335	0.02225	0.00890	0.00445	0.00742
18	0.02084	0.02261	0.02505	0.02173	0.02261	0.15995	0.01774	0.02272	0.01496	0.02006	0.01131	0.01751	0.01086	0.01330	0.02317	0.00333	0.55240	0.00687	0.00377	0.00920
19	0.02231	0.36437	0.23337	0.01866	0.02679	0.16160	0.01974	0.02704	0.01847	0.02182	0.01287	0.01498	0.01063	0.00765	0.00658	0.00212	0.01121	0.00516	0.00369	0.01095
20	0.01138	0.00805	0.01059	0.01121	0.01182	0.00836	0.00757	0.01278	0.01371	0.01874	0.03126	0.25623	0.03522	0.28697	0.22962	0.00820	0.01144	0.01480	0.00571	0.00633
21	0.01005	0.00751	0.00935	0.01083	0.01185	0.00681	0.00738	0.01165	0.01662	0.02150	0.05479	0.55650	0.19525	0.02486	0.01042	0.00324	0.00468	0.02219	0.00771	0.00681
22	0.01187	0.00890	0.01335	0.01335	0.01483	0.01038	0.01038	0.01483	0.01335	0.01928	0.02225	0.03264	0.02077	0.06231	0.67512	0.01335	0.02225	0.00890	0.00445	0.00742
23	0.01105	0.00793	0.00906	0.00955	0.01034	0.00747	0.00602	0.01191	0.01467	0.01890	0.04482	0.22692	0.18267	0.37160	0.02653	0.00562	0.00632	0.01632	0.00635	0.00594
24	0.01666	0.04297	0.66500	0.02368	0.03596	0.01929	0.03069	0.02631	0.01754	0.02631	0.01491	0.01754	0.01052	0.00789	0.00789	0.00263	0.01228	0.00614	0.00351	0.01228
25	0.01048	0.00899	0.00905	0.00894	0.01186	0.00785	0.00673	0.01390	0.05713	0.02320	0.08107	0.07694	0.61433	0.02044	0.00973	0.00281	0.00435	0.01703	0.00776	0.00739
26	0.01002	0.00848	0.00869	0.00880	0.01155	0.00715	0.00670	0.01221	0.01895	0.02258	0.08194	0.08071	0.61945	0.02114	0.00991	0.00286	0.00440	0.04971	0.00771	0.00705
27	0.01660	0.01569	0.02656	0.56906	0.16912	0.01870	0.02352	0.02202	0.01704	0.02233	0.01493	0.02185	0.01146	0.00814	0.00829	0.00271	0.01085	0.00739	0.00377	0.00996
28	0.01012	0.00723	0.00964	0.01157	0.01205	0.00675	0.00771	0.01157	0.01591	0.02121	0.04579	0.70262	0.05495	0.02603	0.01060	0.00337	0.00482	0.02362	0.00771	0.00675
29	0.01549	0.00774	0.00774	0.00774	0.00968	0.00774	0.00581	0.01936	0.01742	0.03097	0.02710	0.03097	0.02129	0.00968	0.00581	0.00194	0.00387	0.00774	0.75416	0.00774
