[name]
unknown

[dist]
# distance from previous block
# <min> <max>
8	23

[block]
# block no. 0 follows, 23 sequences, length 6
# corresponding to MSA columns:
# 23-28
name=unknown_A
#
# <colnr> <probs for GDERKNQSTAVLIFYWHMCP>
#	G	D	E	R	K	N	Q	S	T	A	V	L	I	F	Y	W	H	M	C	P
0	0.02539	0.03212	0.11830	0.02251	0.02904	0.33140	0.12470	0.11098	0.02305	0.02649	0.01459	0.01707	0.01133	0.00800	0.00777	0.00224	0.01263	0.00634	0.00464	0.07140
1	0.01647	0.17589	0.10699	0.01541	0.05495	0.01678	0.01306	0.05079	0.01619	0.02263	0.01932	0.02870	0.01800	0.17060	0.14462	0.00545	0.01093	0.00772	0.09670	0.00879
2	0.02196	0.15456	0.27884	0.01758	0.02518	0.07850	0.01876	0.02695	0.01805	0.15164	0.01876	0.02311	0.01488	0.10350	0.01184	0.00308	0.01005	0.00684	0.00503	0.01088
3	0.02096	0.25461	0.16916	0.01771	0.02455	0.09032	0.05041	0.10132	0.01990	0.02590	0.01563	0.01850	0.01267	0.01269	0.06799	0.00313	0.01109	0.00611	0.06677	0.01058
4	0.02307	0.02596	0.17809	0.02945	0.19931	0.09290	0.10409	0.03009	0.07039	0.13785	0.01929	0.02116	0.01413	0.00821	0.00813	0.00250	0.01056	0.00735	0.00530	0.01217
5	0.08086	0.11474	0.02626	0.02918	0.29265	0.13348	0.01709	0.02355	0.01849	0.02425	0.02475	0.05633	0.10566	0.01011	0.00761	0.00236	0.00910	0.00837	0.00471	0.01047

[dist]
# distance from previous block
# <min> <max>
0	34

[block]
# block no. 1 follows, 23 sequences, length 29
# corresponding to MSA columns:
# 63-91
name=unknown_B
#
# <colnr> <probs for GDERKNQSTAVLIFYWHMCP>
#	G	D	E	R	K	N	Q	S	T	A	V	L	I	F	Y	W	H	M	C	P
0	0.04638	0.02714	0.28641	0.14164	0.03367	0.04256	0.05094	0.02410	0.01675	0.05632	0.01583	0.02159	0.01255	0.00945	0.01089	0.00272	0.12185	0.03134	0.00416	0.04371
1	0.17076	0.33175	0.07755	0.01491	0.05235	0.02233	0.01325	0.02265	0.01649	0.02555	0.06478	0.02001	0.01686	0.01083	0.03989	0.00264	0.00833	0.00596	0.07342	0.00970
2	0.02086	0.15737	0.14853	0.01953	0.04744	0.05390	0.07321	0.14180	0.02179	0.05441	0.02356	0.10593	0.04714	0.01134	0.00805	0.00251	0.00934	0.03688	0.00559	0.01084
3	0.09468	0.02298	0.02192	0.02007	0.08107	0.15085	0.01462	0.30411	0.02754	0.03688	0.01850	0.07129	0.01553	0.00993	0.00766	0.00233	0.00930	0.00763	0.00635	0.07676
4	0.42329	0.08590	0.02031	0.01895	0.11118	0.17414	0.01316	0.02603	0.01686	0.02956	0.01215	0.01449	0.00991	0.00763	0.00600	0.00233	0.00892	0.00499	0.00454	0.00966
5	0.08825	0.17225	0.24620	0.02546	0.10930	0.05644	0.14257	0.02555	0.01757	0.02517	0.01393	0.01710	0.01090	0.00734	0.00734	0.00238	0.01097	0.00633	0.00383	0.01114
6	0.01937	0.28603	0.22053	0.02498	0.08919	0.02423	0.17849	0.02518	0.01753	0.02340	0.01388	0.01709	0.01108	0.00716	0.00729	0.00229	0.01098	0.00641	0.00367	0.01122
7	0.01674	0.03802	0.55534	0.02453	0.03540	0.01938	0.11105	0.02542	0.01716	0.02542	0.01461	0.01781	0.01057	0.00792	0.00893	0.00264	0.04729	0.00654	0.00352	0.01169
8	0.01155	0.00911	0.01145	0.01266	0.04565	0.00836	0.00940	0.01463	0.01962	0.02535	0.20614	0.07476	0.31661	0.01946	0.00996	0.00296	0.00526	0.18188	0.00768	0.00752
9	0.02169	0.71972	0.04252	0.01388	0.02083	0.03211	0.01388	0.02430	0.01649	0.01909	0.01128	0.01302	0.01041	0.00694	0.00521	0.00174	0.00868	0.00434	0.00347	0.01041
10	0.01778	0.01528	0.01726	0.01330	0.01976	0.01348	0.01053	0.02689	0.19687	0.02858	0.01972	0.02065	0.01565	0.00743	0.00665	0.00164	0.00613	0.00605	0.00579	0.55058
11	0.00989	0.00706	0.00942	0.01130	0.01177	0.00659	0.00753	0.01130	0.01554	0.02071	0.04472	0.70954	0.05367	0.02542	0.01036	0.00330	0.00471	0.02307	0.00753	0.00659
12	0.02015	0.52687	0.22186	0.01651	0.02489	0.02833	0.01846	0.02470	0.01667	0.02097	0.01221	0.01419	0.01037	0.00716	0.00592	0.00197	0.00962	0.00481	0.00346	0.01086
13	0.01650	0.04041	0.62433	0.02399	0.03568	0.01897	0.07688	0.02572	0.01729	0.02572	0.01471	0.01750	0.01044	0.00764	0.00785	0.00258	0.01212	0.00627	0.00348	0.01191
14	0.01180	0.00787	0.00885	0.00885	0.00885	0.00787	0.00492	0.01180	0.01180	0.01573	0.02557	0.05310	0.02950	0.71483	0.04130	0.00787	0.00787	0.01180	0.00492	0.00492
15	0.01308	0.00934	0.01308	0.01494	0.01681	0.00934	0.01308	0.01681	0.01868	0.02428	0.04296	0.09153	0.04670	0.02242	0.01121	0.00374	0.00747	0.60960	0.00747	0.00747
16	0.01150	0.01058	0.06207	0.01296	0.01495	0.00845	0.01073	0.01457	0.01783	0.02418	0.15432	0.37779	0.05269	0.02166	0.01023	0.00322	0.00583	0.17158	0.00745	0.00743
17	0.01627	0.04197	0.67279	0.02313	0.03512	0.01884	0.02998	0.02570	0.01713	0.02570	0.01456	0.01713	0.01028	0.00771	0.00771	0.00257	0.01199	0.00600	0.00343	0.01199
18	0.00959	0.00822	0.00822	0.00822	0.01096	0.00685	0.00617	0.01165	0.01850	0.02192	0.08220	0.07809	0.66092	0.02055	0.00959	0.00274	0.00411	0.01713	0.00754	0.00685
19	0.02989	0.07217	0.02395	0.02056	0.02488	0.65028	0.01559	0.03200	0.02267	0.01982	0.01248	0.01455	0.01045	0.00829	0.00721	0.00207	0.01434	0.00518	0.00415	0.00946
20	0.02008	0.01928	0.03294	0.04981	0.66422	0.01928	0.02490	0.02490	0.01848	0.02651	0.01526	0.02008	0.01285	0.00723	0.00803	0.00241	0.00964	0.00723	0.00402	0.01285
21	0.01152	0.00825	0.01065	0.01007	0.01180	0.00768	0.00739	0.01497	0.02187	0.03088	0.59746	0.05987	0.07193	0.08535	0.01270	0.00308	0.00423	0.01439	0.00854	0.00739
22	0.00967	0.00792	0.00853	0.00901	0.01117	0.00678	0.00652	0.01156	0.01773	0.02161	0.07253	0.24105	0.50420	0.02181	0.00979	0.00288	0.00426	0.01866	0.00753	0.00678
23	0.01627	0.04197	0.67279	0.02313	0.03512	0.01884	0.02998	0.02570	0.01713	0.02570	0.01456	0.01713	0.01028	0.00771	0.00771	0.00257	0.01199	0.00600	0.00343	0.01199
24	0.01627	0.04197	0.67279	0.02313	0.03512	0.01884	0.02998	0.02570	0.01713	0.02570	0.01456	0.01713	0.01028	0.00771	0.00771	0.00257	0.01199	0.00600	0.00343	0.01199
25	0.01627	0.04197	0.67279	0.02313	0.03512	0.01884	0.02998	0.02570	0.01713	0.02570	0.01456	0.01713	0.01028	0.00771	0.00771	0.00257	0.01199	0.00600	0.00343	0.01199
26	0.01954	0.02253	0.12453	0.04599	0.57416	0.01922	0.02563	0.02502	0.01828	0.02639	0.01516	0.01966	0.01248	0.00730	0.00799	0.00243	0.00998	0.00705	0.00393	0.01273
27	0.01859	0.01879	0.03262	0.03842	0.37559	0.04265	0.17912	0.02331	0.01847	0.02525	0.02167	0.10459	0.04375	0.00987	0.00874	0.00260	0.01006	0.01004	0.00461	0.01124
28	0.01980	0.01943	0.03050	0.04508	0.58028	0.05283	0.02297	0.02426	0.01871	0.02581	0.02031	0.02430	0.06299	0.00832	0.00812	0.00242	0.00947	0.00789	0.00430	0.01221

[dist]
# distance from previous block
# <min> <max>
1	3

[block]
# block no. 2 follows, 23 sequences, length 8
# corresponding to MSA columns:
# 95-102
name=unknown_C
#
# <colnr> <probs for GDERKNQSTAVLIFYWHMCP>
#	G	D	E	R	K	N	Q	S	T	A	V	L	I	F	Y	W	H	M	C	P
0	0.01698	0.02722	0.30473	0.14268	0.15914	0.01829	0.02409	0.02597	0.09440	0.02549	0.01748	0.02122	0.01342	0.01214	0.05932	0.00338	0.01139	0.00704	0.00424	0.01139
1	0.01754	0.17130	0.50298	0.02219	0.03292	0.02153	0.07343	0.02545	0.01716	0.02444	0.01407	0.01670	0.01046	0.00749	0.00737	0.00242	0.01148	0.00595	0.00349	0.01161
2	0.05777	0.07465	0.10284	0.02621	0.22744	0.08828	0.01735	0.02203	0.01861	0.02562	0.11794	0.13636	0.02826	0.01179	0.00815	0.00251	0.00853	0.01020	0.00530	0.01016
3	0.01579	0.14094	0.16965	0.10380	0.12417	0.01736	0.01836	0.02054	0.01743	0.02297	0.03111	0.07016	0.14255	0.01215	0.00816	0.00258	0.00864	0.05891	0.00489	0.00984
4	0.02273	0.02368	0.14709	0.02091	0.10334	0.11363	0.01653	0.12576	0.02113	0.10955	0.02004	0.02748	0.01707	0.17750	0.01585	0.00372	0.00994	0.00792	0.00559	0.01056
5	0.02367	0.02948	0.10467	0.10418	0.05840	0.31644	0.01834	0.06593	0.02045	0.02365	0.01427	0.01779	0.01151	0.00910	0.00990	0.00244	0.09986	0.00618	0.05380	0.00994
6	0.02286	0.03462	0.26461	0.02597	0.09298	0.24006	0.09762	0.07837	0.02119	0.02597	0.01459	0.01736	0.01113	0.00794	0.00787	0.00240	0.01259	0.00641	0.00420	0.01124
7	0.02060	0.01720	0.08192	0.01977	0.11069	0.04101	0.01452	0.11398	0.02018	0.12108	0.02329	0.07888	0.02021	0.07896	0.14794	0.00508	0.01112	0.00908	0.05421	0.01030

[dist]
# distance from previous block
# <min> <max>
15	32

[block]
# block no. 3 follows, 23 sequences, length 8
# corresponding to MSA columns:
# 138-145
name=unknown_D
#
# <colnr> <probs for GDERKNQSTAVLIFYWHMCP>
#	G	D	E	R	K	N	Q	S	T	A	V	L	I	F	Y	W	H	M	C	P
0	0.01983	0.01826	0.02049	0.01745	0.06236	0.07268	0.03925	0.06420	0.14477	0.02886	0.01841	0.01990	0.01459	0.00755	0.00698	0.00181	0.00758	0.00623	0.00556	0.42325
1	0.02372	0.16452	0.02827	0.02402	0.15075	0.24266	0.01652	0.05666	0.01983	0.02343	0.01327	0.01620	0.01131	0.00811	0.00856	0.00211	0.06964	0.00566	0.00423	0.11051
2	0.01752	0.01338	0.02272	0.14252	0.08281	0.01345	0.13653	0.02120	0.01710	0.10108	0.02514	0.15166	0.02380	0.12091	0.01377	0.00351	0.00871	0.01139	0.06368	0.00913
3	0.02263	0.01762	0.02537	0.03185	0.33433	0.01803	0.01823	0.15904	0.04999	0.08815	0.08675	0.02590	0.02135	0.00930	0.00809	0.00242	0.00815	0.00821	0.05232	0.01227
4	0.05285	0.16129	0.02571	0.18768	0.08392	0.13363	0.01629	0.02280	0.01715	0.02152	0.01719	0.02150	0.04267	0.01405	0.07776	0.00341	0.04429	0.00667	0.00409	0.04554
5	0.02319	0.02541	0.02353	0.07764	0.02761	0.27056	0.07867	0.03319	0.23179	0.02593	0.02016	0.02144	0.01563	0.00885	0.00781	0.00235	0.01063	0.00713	0.00555	0.08294
6	0.01191	0.00991	0.01374	0.01598	0.09916	0.01003	0.01050	0.01473	0.01595	0.02109	0.04516	0.04888	0.27662	0.03756	0.32293	0.00749	0.01305	0.01189	0.00558	0.00783
7	0.01369	0.18935	0.01764	0.01047	0.01299	0.01391	0.00805	0.01512	0.01483	0.01853	0.03558	0.08849	0.16743	0.28452	0.07219	0.00526	0.00809	0.01157	0.00526	0.00704

[dist]
# distance from previous block
# <min> <max>
5	41

[block]
# block no. 4 follows, 23 sequences, length 36
# corresponding to MSA columns:
# 187-222
name=unknown_E
#
# <colnr> <probs for GDERKNQSTAVLIFYWHMCP>
#	G	D	E	R	K	N	Q	S	T	A	V	L	I	F	Y	W	H	M	C	P
0	0.20903	0.15887	0.09675	0.01507	0.02026	0.11512	0.01376	0.02394	0.04415	0.02493	0.01539	0.01918	0.01306	0.02083	0.17260	0.00491	0.01243	0.00596	0.00439	0.00937
1	0.15049	0.09911	0.09951	0.08046	0.12795	0.14474	0.01746	0.02670	0.01838	0.08847	0.03831	0.01903	0.01390	0.00847	0.00780	0.00239	0.03519	0.00627	0.00481	0.01057
2	0.06208	0.12001	0.06218	0.02161	0.12596	0.06919	0.04285	0.02176	0.01722	0.04670	0.02881	0.06168	0.14302	0.01211	0.01106	0.00262	0.12717	0.00925	0.00499	0.00973
3	0.01919	0.41821	0.10699	0.01524	0.02122	0.07093	0.01496	0.02262	0.01617	0.01985	0.01432	0.01825	0.01283	0.02040	0.17236	0.00464	0.01269	0.00567	0.00373	0.00975
4	0.02107	0.64111	0.11562	0.01496	0.02248	0.03057	0.01575	0.02446	0.01656	0.01986	0.01166	0.01349	0.01040	0.00703	0.00550	0.00183	0.00906	0.00453	0.00347	0.01060
5	0.02817	0.20981	0.02804	0.01896	0.02401	0.46770	0.01520	0.07639	0.02250	0.02205	0.01275	0.01459	0.01070	0.00811	0.00684	0.00203	0.01269	0.00516	0.00430	0.01000
6	0.03085	0.02273	0.02435	0.01867	0.02516	0.02516	0.01542	0.63716	0.03815	0.05114	0.01948	0.01948	0.01380	0.00974	0.00812	0.00244	0.00893	0.00731	0.00812	0.01380
7	0.00989	0.00706	0.00942	0.01130	0.01177	0.00659	0.00753	0.01130	0.01554	0.02071	0.04472	0.70954	0.05367	0.02542	0.01036	0.00330	0.00471	0.02307	0.00753	0.00659
8	0.02169	0.71972	0.04252	0.01388	0.02083	0.03211	0.01388	0.02430	0.01649	0.01909	0.01128	0.01302	0.01041	0.00694	0.00521	0.00174	0.00868	0.00434	0.00347	0.01041
9	0.02169	0.71972	0.04252	0.01388	0.02083	0.03211	0.01388	0.02430	0.01649	0.01909	0.01128	0.01302	0.01041	0.00694	0.00521	0.00174	0.00868	0.00434	0.00347	0.01041
10	0.03031	0.03867	0.02299	0.02090	0.02508	0.68226	0.01568	0.03240	0.02299	0.01986	0.01254	0.01463	0.01045	0.00836	0.00732	0.00209	0.01463	0.00523	0.00418	0.00941
11	0.02235	0.66787	0.04103	0.01442	0.02115	0.08160	0.01402	0.02491	0.01698	0.01915	0.01138	0.01314	0.01042	0.00705	0.00537	0.00176	0.00913	0.00441	0.00353	0.01034
12	0.02218	0.01066	0.01427	0.01202	0.01581	0.00949	0.00949	0.02571	0.02308	0.30611	0.39039	0.04645	0.05232	0.01378	0.00896	0.00253	0.00515	0.01188	0.00941	0.01030
13	0.02018	0.01743	0.01835	0.01651	0.02110	0.02018	0.01284	0.04312	0.64956	0.03394	0.03303	0.03027	0.02477	0.01101	0.00826	0.00275	0.00642	0.00917	0.00826	0.01284
14	0.03641	0.01381	0.01883	0.01444	0.02071	0.01193	0.01193	0.03954	0.02322	0.66984	0.03201	0.02762	0.02009	0.01004	0.00816	0.00251	0.00690	0.00816	0.01004	0.01381
15	0.02169	0.71972	0.04252	0.01388	0.02083	0.03211	0.01388	0.02430	0.01649	0.01909	0.01128	0.01302	0.01041	0.00694	0.00521	0.00174	0.00868	0.00434	0.00347	0.01041
16	0.00959	0.00822	0.00822	0.00822	0.01096	0.00685	0.00617	0.01165	0.01850	0.02192	0.08220	0.07809	0.66092	0.02055	0.00959	0.00274	0.00411	0.01713	0.00754	0.00685
17	0.01159	0.00869	0.01304	0.01304	0.01449	0.01014	0.01014	0.01449	0.01304	0.01884	0.02173	0.03188	0.02029	0.06086	0.68268	0.01304	0.02173	0.00869	0.00435	0.00724
18	0.01861	0.03871	0.59694	0.02212	0.03345	0.01804	0.02789	0.02730	0.01784	0.10041	0.01659	0.01835	0.01142	0.00798	0.00776	0.00256	0.01140	0.00625	0.00419	0.01220
19	0.01175	0.00807	0.00988	0.00988	0.01024	0.00843	0.00620	0.01246	0.01211	0.01650	0.02462	0.04788	0.02723	0.55390	0.19913	0.00914	0.01128	0.01104	0.00478	0.00549
20	0.00986	0.00717	0.00930	0.01101	0.01169	0.00661	0.00741	0.01133	0.01581	0.02083	0.04819	0.65118	0.10979	0.02497	0.01029	0.00324	0.00465	0.02252	0.00753	0.00661
21	0.01627	0.04197	0.67279	0.02313	0.03512	0.01884	0.02998	0.02570	0.01713	0.02570	0.01456	0.01713	0.01028	0.00771	0.00771	0.00257	0.01199	0.00600	0.00343	0.01199
22	0.02008	0.01928	0.03294	0.04981	0.66422	0.01928	0.02490	0.02490	0.01848	0.02651	0.01526	0.02008	0.01285	0.00723	0.00803	0.00241	0.00964	0.00723	0.00402	0.01285
23	0.01985	0.01992	0.03661	0.04597	0.51120	0.01958	0.17497	0.02517	0.01864	0.02638	0.01555	0.02053	0.01272	0.00713	0.00841	0.00249	0.01063	0.00781	0.00404	0.01238
24	0.02632	0.03110	0.02688	0.03219	0.27476	0.42326	0.01928	0.02947	0.02123	0.02246	0.01361	0.01676	0.01139	0.00792	0.00760	0.00222	0.01268	0.00601	0.00412	0.01075
25	0.01757	0.04167	0.61274	0.02292	0.03419	0.08015	0.02866	0.02632	0.01767	0.02516	0.01438	0.01690	0.01029	0.00777	0.00767	0.00253	0.01224	0.00592	0.00350	0.01175
26	0.01463	0.03367	0.50926	0.01946	0.02917	0.01589	0.02412	0.02224	0.01747	0.02477	0.03121	0.03213	0.17039	0.01087	0.00817	0.00261	0.01005	0.00873	0.00444	0.01073
27	0.01191	0.01051	0.07043	0.01163	0.01358	0.00808	0.00940	0.01475	0.01619	0.02368	0.03737	0.45089	0.04126	0.01972	0.00900	0.00290	0.00528	0.04378	0.19229	0.00737
28	0.02141	0.18618	0.02348	0.07874	0.05572	0.01673	0.01395	0.02480	0.01904	0.18598	0.03130	0.04483	0.07271	0.01322	0.00838	0.00269	0.00779	0.17626	0.00661	0.01018
29	0.02514	0.02917	0.02075	0.01937	0.02276	0.43825	0.01518	0.05370	0.02178	0.02227	0.02018	0.03400	0.01953	0.01232	0.00978	0.00262	0.06480	0.15418	0.00511	0.00908
30	0.01729	0.16904	0.55463	0.02139	0.03244	0.02133	0.02696	0.02543	0.01701	0.02446	0.01395	0.01636	0.01030	0.00757	0.00724	0.00241	0.01137	0.00569	0.00343	0.01170
31	0.01844	0.01874	0.02447	0.11041	0.34054	0.11191	0.01875	0.02222	0.01874	0.02369	0.02950	0.06313	0.14349	0.01100	0.00836	0.00250	0.00917	0.00965	0.00486	0.01042
32	0.01833	0.08328	0.02439	0.17467	0.20585	0.12596	0.01743	0.02188	0.01820	0.02219	0.02627	0.10628	0.09966	0.01140	0.00814	0.00251	0.00935	0.00974	0.00476	0.00972
33	0.02028	0.01750	0.02498	0.23158	0.26471	0.07788	0.01974	0.02447	0.01826	0.09794	0.01928	0.07402	0.01635	0.01211	0.04337	0.00310	0.01039	0.00843	0.00489	0.01073
34	0.02072	0.02586	0.28826	0.02616	0.18377	0.01594	0.02191	0.02683	0.01921	0.16151	0.07934	0.05398	0.02097	0.00967	0.00817	0.00255	0.00928	0.00829	0.00565	0.01195
35	0.10678	0.07953	0.18960	0.19045	0.13872	0.11556	0.02156	0.02499	0.01754	0.02450	0.01372	0.01759	0.01070	0.00775	0.00730	0.00244	0.01078	0.00607	0.00386	0.01053

[dist]
# distance from previous block
# <min> <max>
16	72

[block]
# block no. 5 follows, 23 sequences, length 136
# corresponding to MSA columns:
# 302-437
name=unknown_F
#
# <colnr> <probs for GDERKNQSTAVLIFYWHMCP>
#	G	D	E	R	K	N	Q	S	T	A	V	L	I	F	Y	W	H	M	C	P
0	0.02561	0.27191	0.03184	0.02302	0.13420	0.21509	0.01660	0.14211	0.02278	0.02663	0.01388	0.01592	0.01148	0.00793	0.00685	0.00209	0.01060	0.00565	0.00464	0.01118
1	0.10471	0.17191	0.06279	0.01847	0.02383	0.41857	0.01541	0.05454	0.02104	0.02305	0.01256	0.01450	0.01040	0.00801	0.00671	0.00210	0.01219	0.00509	0.00425	0.00987
2	0.02215	0.12229	0.02994	0.16187	0.28324	0.19987	0.02040	0.02603	0.01898	0.02255	0.01380	0.01792	0.01147	0.00767	0.00746	0.00229	0.01108	0.00628	0.00390	0.01084
3	0.12504	0.07421	0.35919	0.01936	0.02759	0.13341	0.02144	0.02531	0.01720	0.02507	0.01433	0.01748	0.01118	0.01345	0.07949	0.00355	0.01249	0.00583	0.00388	0.01049
4	0.06635	0.26716	0.24916	0.01870	0.02650	0.19992	0.01952	0.02690	0.01828	0.02255	0.01273	0.01485	0.01028	0.00761	0.00661	0.00216	0.01125	0.00514	0.00374	0.01058
5	0.01806	0.26489	0.46548	0.02009	0.03042	0.02321	0.02469	0.02524	0.01692	0.02352	0.01348	0.01578	0.01032	0.00746	0.00689	0.00230	0.01090	0.00545	0.00344	0.01147
6	0.01227	0.01022	0.01330	0.01561	0.10962	0.00952	0.00982	0.01618	0.04542	0.02678	0.27186	0.08812	0.30686	0.01698	0.00933	0.00265	0.00496	0.01471	0.00753	0.00826
7	0.00959	0.00822	0.00822	0.00822	0.01096	0.00685	0.00617	0.01165	0.01850	0.02192	0.08220	0.07809	0.66092	0.02055	0.00959	0.00274	0.00411	0.01713	0.00754	0.00685
8	0.01256	0.01781	0.18660	0.01400	0.01869	0.01135	0.01362	0.01854	0.08264	0.02380	0.04758	0.25094	0.23512	0.01764	0.00919	0.00287	0.00663	0.01516	0.00651	0.00876
9	0.02159	0.26863	0.09523	0.01500	0.02035	0.19702	0.01382	0.02511	0.01844	0.02309	0.01617	0.01866	0.01328	0.00810	0.00617	0.00196	0.00926	0.00564	0.21296	0.00953
10	0.02459	0.43539	0.06698	0.01693	0.02311	0.27039	0.01535	0.02735	0.01891	0.01970	0.01191	0.01382	0.01042	0.00750	0.00611	0.00191	0.01103	0.00475	0.00373	0.01012
11	0.01018	0.00824	0.00908	0.00916	0.01157	0.00714	0.00693	0.01265	0.01923	0.02407	0.19068	0.10669	0.48079	0.02013	0.00972	0.00279	0.00428	0.05183	0.00780	0.00703
12	0.02895	0.03654	0.02433	0.05715	0.02759	0.61353	0.04756	0.03146	0.02244	0.02022	0.01284	0.01537	0.01057	0.00827	0.00747	0.00216	0.01438	0.00555	0.00415	0.00946
13	0.01192	0.00917	0.01366	0.01348	0.01485	0.01092	0.01054	0.01476	0.01301	0.01887	0.02115	0.03113	0.01978	0.05840	0.64808	0.01254	0.05750	0.00861	0.00430	0.00733
14	0.02187	0.47872	0.16879	0.01683	0.02439	0.12683	0.01745	0.02580	0.01759	0.02056	0.01214	0.01410	0.01039	0.00731	0.00604	0.00196	0.01025	0.00481	0.00357	0.01059
15	0.02059	0.04096	0.47311	0.02244	0.03204	0.22271	0.02559	0.02776	0.01893	0.02390	0.01394	0.01636	0.01033	0.00791	0.00759	0.00242	0.01280	0.00576	0.00366	0.01120
16	0.01019	0.00824	0.00905	0.00885	0.01133	0.00710	0.00663	0.01280	0.01990	0.02526	0.26400	0.07259	0.47704	0.01930	0.00958	0.00268	0.00402	0.01635	0.00797	0.00710
17	0.01949	0.02729	0.24072	0.02482	0.03311	0.02001	0.22582	0.11088	0.02028	0.02887	0.01548	0.01907	0.01167	0.00815	0.01003	0.00255	0.07774	0.00735	0.00447	0.09219
18	0.01044	0.00787	0.01053	0.01282	0.04444	0.00731	0.00825	0.01222	0.01640	0.02174	0.07855	0.56900	0.12325	0.02350	0.01011	0.00315	0.00484	0.02116	0.00743	0.00699
19	0.01825	0.28848	0.44355	0.01977	0.02992	0.02367	0.02413	0.02519	0.01690	0.02329	0.01337	0.01563	0.01033	0.00743	0.00680	0.00227	0.01079	0.00539	0.00344	0.01142
20	0.01763	0.09328	0.33829	0.02298	0.06648	0.04372	0.06797	0.02388	0.01655	0.02386	0.01474	0.01874	0.01172	0.01148	0.04609	0.00315	0.11999	0.00655	0.04213	0.01076
21	0.01180	0.00787	0.00885	0.00885	0.00885	0.00787	0.00492	0.01180	0.01180	0.01573	0.02557	0.05310	0.02950	0.71483	0.04130	0.00787	0.00787	0.01180	0.00492	0.00492
22	0.02306	0.05561	0.06694	0.07255	0.33012	0.20621	0.02109	0.05774	0.04389	0.02544	0.01511	0.01852	0.01230	0.00788	0.00771	0.00233	0.01105	0.00655	0.00434	0.01156
23	0.02008	0.01928	0.03294	0.04981	0.66422	0.01928	0.02490	0.02490	0.01848	0.02651	0.01526	0.02008	0.01285	0.00723	0.00803	0.00241	0.00964	0.00723	0.00402	0.01285
24	0.02353	0.57458	0.03836	0.01538	0.02173	0.17066	0.01427	0.02602	0.01787	0.01925	0.01155	0.01336	0.01042	0.00724	0.00566	0.00181	0.00995	0.00453	0.00362	0.01020
25	0.00973	0.00827	0.00842	0.00849	0.01120	0.00695	0.00644	0.01185	0.01850	0.02202	0.08062	0.07863	0.63612	0.02063	0.00966	0.00278	0.00425	0.04105	0.00753	0.00688
26	0.01180	0.00787	0.00885	0.00885	0.00885	0.00787	0.00492	0.01180	0.01180	0.01573	0.02557	0.05310	0.02950	0.71483	0.04130	0.00787	0.00787	0.01180	0.00492	0.00492
27	0.01193	0.00932	0.01202	0.01130	0.01314	0.00940	0.00875	0.01528	0.02099	0.02919	0.47510	0.06034	0.15572	0.01723	0.01142	0.00274	0.07621	0.04419	0.00809	0.00765
28	0.01693	0.01460	0.01524	0.01396	0.01798	0.01609	0.01079	0.03345	0.45564	0.03025	0.04814	0.04497	0.22026	0.01394	0.00867	0.00275	0.00571	0.01162	0.00803	0.01100
29	0.02169	0.71972	0.04252	0.01388	0.02083	0.03211	0.01388	0.02430	0.01649	0.01909	0.01128	0.01302	0.01041	0.00694	0.00521	0.00174	0.00868	0.00434	0.00347	0.01041
30	0.04516	0.11641	0.52606	0.02119	0.03183	0.04468	0.02611	0.02631	0.01742	0.05245	0.01474	0.01688	0.01066	0.00774	0.00733	0.00245	0.01130	0.00581	0.00380	0.01168
31	0.03005	0.03033	0.02411	0.02130	0.05672	0.34509	0.01602	0.31218	0.02979	0.03468	0.01589	0.01715	0.01212	0.00894	0.00772	0.00227	0.01174	0.00629	0.00600	0.01161
32	0.01017	0.00824	0.00903	0.00883	0.01132	0.00710	0.00662	0.01277	0.01987	0.02518	0.25974	0.07272	0.48135	0.01933	0.00958	0.00268	0.00402	0.01637	0.00796	0.00710
33	0.02712	0.02792	0.02219	0.01919	0.02385	0.30631	0.01496	0.18799	0.19315	0.03153	0.01966	0.02018	0.01512	0.00971	0.00874	0.00243	0.04540	0.00690	0.00623	0.01141
34	0.02755	0.18085	0.02727	0.01814	0.02376	0.24607	0.01490	0.23837	0.09169	0.03184	0.01676	0.01756	0.01307	0.00879	0.00722	0.00220	0.01052	0.00615	0.00579	0.01149
35	0.01180	0.00787	0.00885	0.00885	0.00885	0.00787	0.00492	0.01180	0.01180	0.01573	0.02557	0.05310	0.02950	0.71483	0.04130	0.00787	0.00787	0.01180	0.00492	0.00492
36	0.02018	0.01743	0.01835	0.01651	0.02110	0.02018	0.01284	0.04312	0.64956	0.03394	0.03303	0.03027	0.02477	0.01101	0.00826	0.00275	0.00642	0.00917	0.00826	0.01284
37	0.00989	0.00706	0.00942	0.01130	0.01177	0.00659	0.00753	0.01130	0.01554	0.02071	0.04472	0.70954	0.05367	0.02542	0.01036	0.00330	0.00471	0.02307	0.00753	0.00659
38	0.01627	0.04197	0.67279	0.02313	0.03512	0.01884	0.02998	0.02570	0.01713	0.02570	0.01456	0.01713	0.01028	0.00771	0.00771	0.00257	0.01199	0.00600	0.00343	0.01199
39	0.01677	0.03850	0.56465	0.02504	0.03638	0.01913	0.13463	0.02575	0.01748	0.02575	0.01488	0.01795	0.01063	0.00756	0.00803	0.00260	0.01228	0.00662	0.00354	0.01181
40	0.03085	0.02273	0.02435	0.01867	0.02516	0.02516	0.01542	0.63716	0.03815	0.05114	0.01948	0.01948	0.01380	0.00974	0.00812	0.00244	0.00893	0.00731	0.00812	0.01380
41	0.01148	0.00829	0.01085	0.01021	0.01212	0.00766	0.00766	0.01531	0.02297	0.03254	0.65994	0.06061	0.07656	0.01659	0.00957	0.00255	0.00383	0.01467	0.00893	0.00766
42	0.01694	0.07401	0.56748	0.02483	0.07063	0.01964	0.06449	0.02560	0.01729	0.02542	0.01454	0.01737	0.01055	0.00759	0.00771	0.00253	0.01179	0.00619	0.00350	0.01190
43	0.01159	0.00869	0.01304	0.01304	0.01449	0.01014	0.01014	0.01449	0.01304	0.01884	0.02173	0.03188	0.02029	0.06086	0.68268	0.01304	0.02173	0.00869	0.00435	0.00724
44	0.02008	0.01928	0.03294	0.04981	0.66422	0.01928	0.02490	0.02490	0.01848	0.02651	0.01526	0.02008	0.01285	0.00723	0.00803	0.00241	0.00964	0.00723	0.00402	0.01285
45	0.02008	0.01928	0.03294	0.04981	0.66422	0.01928	0.02490	0.02490	0.01848	0.02651	0.01526	0.02008	0.01285	0.00723	0.00803	0.00241	0.00964	0.00723	0.00402	0.01285
46	0.01987	0.02057	0.06935	0.04829	0.62841	0.01925	0.02519	0.02495	0.01840	0.02646	0.01522	0.01991	0.01271	0.00726	0.00801	0.00242	0.00977	0.00716	0.00398	0.01280
47	0.02901	0.03650	0.02319	0.02095	0.02469	0.61411	0.01589	0.03107	0.02190	0.01982	0.01235	0.01496	0.01047	0.00897	0.00932	0.00224	0.08567	0.00542	0.00412	0.00935
48	0.03031	0.03867	0.02299	0.02090	0.02508	0.68226	0.01568	0.03240	0.02299	0.01986	0.01254	0.01463	0.01045	0.00836	0.00732	0.00209	0.01463	0.00523	0.00418	0.00941
49	0.00959	0.00822	0.00822	0.00822	0.01096	0.00685	0.00617	0.01165	0.01850	0.02192	0.08220	0.07809	0.66092	0.02055	0.00959	0.00274	0.00411	0.01713	0.00754	0.00685
50	0.01620	0.01407	0.01683	0.01880	0.12823	0.01454	0.01219	0.06130	0.23065	0.02846	0.05048	0.04861	0.29796	0.01442	0.00879	0.00267	0.00612	0.01218	0.00720	0.01030
51	0.02441	0.01885	0.02022	0.01705	0.02233	0.02123	0.01358	0.22545	0.42479	0.07668	0.02880	0.02680	0.02112	0.01056	0.00821	0.00264	0.00722	0.00854	0.00832	0.01319
52	0.01077	0.00857	0.00987	0.01040	0.01283	0.00766	0.00838	0.01345	0.01882	0.02327	0.10417	0.08119	0.43776	0.02089	0.01009	0.00303	0.00513	0.19905	0.00760	0.00709
53	0.77215	0.01569	0.01193	0.01067	0.01569	0.01820	0.00879	0.02385	0.01381	0.03641	0.01130	0.01318	0.00879	0.00753	0.00502	0.00251	0.00628	0.00439	0.00502	0.00879
54	0.01180	0.00787	0.00885	0.00885	0.00885	0.00787	0.00492	0.01180	0.01180	0.01573	0.02557	0.05310	0.02950	0.71483	0.04130	0.00787	0.00787	0.01180	0.00492	0.00492
55	0.03043	0.03510	0.02330	0.02040	0.02510	0.53517	0.01562	0.16778	0.02639	0.02686	0.01410	0.01572	0.01120	0.00867	0.00750	0.00217	0.01336	0.00569	0.00506	0.01039
56	0.01090	0.00827	0.01004	0.00960	0.01177	0.00741	0.00720	0.01419	0.02159	0.02928	0.48240	0.06598	0.25613	0.01781	0.00958	0.00261	0.00391	0.01543	0.00850	0.00741
57	0.01683	0.01442	0.01683	0.01202	0.01923	0.01082	0.00961	0.02043	0.01683	0.02644	0.01442	0.01683	0.01202	0.00601	0.00601	0.00120	0.00601	0.00481	0.00481	0.76444
58	0.02008	0.01928	0.03294	0.04981	0.66422	0.01928	0.02490	0.02490	0.01848	0.02651	0.01526	0.02008	0.01285	0.00723	0.00803	0.00241	0.00964	0.00723	0.00402	0.01285
59	0.01683	0.01442	0.01683	0.01202	0.01923	0.01082	0.00961	0.02043	0.01683	0.02644	0.01442	0.01683	0.01202	0.00601	0.00601	0.00120	0.00601	0.00481	0.00481	0.76444
60	0.00967	0.00789	0.00856	0.00910	0.01119	0.00678	0.00656	0.01155	0.01765	0.02157	0.07147	0.25895	0.48700	0.02195	0.00981	0.00290	0.00428	0.01883	0.00753	0.00678
61	0.01174	0.00812	0.01014	0.01014	0.01058	0.00857	0.00652	0.01263	0.01218	0.01669	0.02439	0.04658	0.02667	0.51387	0.23839	0.00946	0.01213	0.01085	0.00474	0.00563
62	0.03085	0.02273	0.02435	0.01867	0.02516	0.02516	0.01542	0.63716	0.03815	0.05114	0.01948	0.01948	0.01380	0.00974	0.00812	0.00244	0.00893	0.00731	0.00812	0.01380
63	0.01121	0.00762	0.00902	0.00960	0.00975	0.00747	0.00572	0.01165	0.01295	0.01726	0.03145	0.25482	0.03693	0.50298	0.03179	0.00646	0.00690	0.01526	0.00572	0.00543
64	0.00989	0.00706	0.00942	0.01130	0.01177	0.00659	0.00753	0.01130	0.01554	0.02071	0.04472	0.70954	0.05367	0.02542	0.01036	0.00330	0.00471	0.02307	0.00753	0.00659
65	0.01915	0.02189	0.04788	0.03420	0.04241	0.02052	0.63475	0.02599	0.01915	0.02599	0.01642	0.02189	0.01231	0.00684	0.00958	0.00274	0.01368	0.00958	0.00410	0.01094
66	0.00978	0.00749	0.00898	0.01017	0.01147	0.00669	0.00703	0.01143	0.01662	0.02116	0.05845	0.47831	0.27604	0.02364	0.01008	0.00309	0.00449	0.02089	0.00753	0.00669
67	0.02008	0.01928	0.03294	0.04981	0.66422	0.01928	0.02490	0.02490	0.01848	0.02651	0.01526	0.02008	0.01285	0.00723	0.00803	0.00241	0.00964	0.00723	0.00402	0.01285
68	0.10673	0.03550	0.02192	0.01986	0.02397	0.58847	0.01504	0.03103	0.02164	0.02156	0.01234	0.01460	0.01029	0.00850	0.00781	0.00219	0.03978	0.00521	0.00424	0.00932
69	0.01023	0.00771	0.00947	0.01016	0.01164	0.00695	0.00719	0.01246	0.01833	0.02420	0.21891	0.36201	0.22779	0.02172	0.00994	0.00294	0.00431	0.01919	0.00791	0.00695
70	0.00959	0.00822	0.00822	0.00822	0.01096	0.00685	0.00617	0.01165	0.01850	0.02192	0.08220	0.07809	0.66092	0.02055	0.00959	0.00274	0.00411	0.01713	0.00754	0.00685
71	0.02129	0.64695	0.04069	0.01465	0.02088	0.03136	0.01429	0.02380	0.01607	0.01914	0.01122	0.01351	0.01044	0.00769	0.00743	0.00192	0.08034	0.00463	0.00348	0.01025
72	0.02114	0.02176	0.03019	0.04099	0.46719	0.11364	0.02241	0.02507	0.01811	0.02441	0.01411	0.01893	0.01215	0.00855	0.01103	0.00255	0.12519	0.00693	0.00396	0.01171
73	0.01895	0.31309	0.34704	0.01852	0.02755	0.06282	0.02145	0.02482	0.01729	0.02250	0.01652	0.01839	0.04308	0.00808	0.00677	0.00221	0.01042	0.00584	0.00370	0.01094
74	0.01085	0.00827	0.00997	0.00955	0.01174	0.00739	0.00716	0.01409	0.02148	0.02900	0.46751	0.06643	0.27120	0.01791	0.00958	0.00261	0.00392	0.01549	0.00847	0.00739
75	0.00989	0.00706	0.00942	0.01130	0.01177	0.00659	0.00753	0.01130	0.01554	0.02071	0.04472	0.70954	0.05367	0.02542	0.01036	0.00330	0.00471	0.02307	0.00753	0.00659
76	0.01733	0.03462	0.44396	0.02718	0.03779	0.01946	0.25144	0.02580	0.01787	0.02580	0.01524	0.01887	0.01102	0.00739	0.00839	0.00263	0.01261	0.00731	0.00367	0.01161
77	0.02650	0.03203	0.02484	0.12076	0.13576	0.47835	0.01818	0.02951	0.02129	0.02109	0.01326	0.01653	0.01090	0.00814	0.00755	0.00223	0.01326	0.00584	0.00407	0.00992
78	0.01169	0.00889	0.01114	0.01227	0.01448	0.00835	0.01032	0.01475	0.01861	0.02334	0.05858	0.08618	0.29123	0.02167	0.01056	0.00334	0.00613	0.37373	0.00750	0.00722
79	0.01159	0.00869	0.01304	0.01304	0.01449	0.01014	0.01014	0.01449	0.01304	0.01884	0.02173	0.03188	0.02029	0.06086	0.68268	0.01304	0.02173	0.00869	0.00435	0.00724
80	0.02600	0.34073	0.05513	0.01777	0.02356	0.34230	0.01539	0.05358	0.02052	0.02102	0.01234	0.01421	0.01057	0.00776	0.00643	0.00196	0.01166	0.00495	0.00400	0.01013
81	0.01662	0.01324	0.01595	0.01681	0.07524	0.01390	0.01146	0.12544	0.15755	0.02988	0.06524	0.29016	0.10088	0.01712	0.00920	0.00286	0.00614	0.01498	0.00753	0.00980
82	0.02493	0.01842	0.02088	0.01694	0.02188	0.02055	0.01380	0.44582	0.03043	0.04121	0.02017	0.02329	0.01579	0.02545	0.21541	0.00569	0.01286	0.00773	0.00696	0.01179
83	0.00965	0.00799	0.00846	0.00883	0.01112	0.00680	0.00644	0.01158	0.01791	0.02168	0.07479	0.20302	0.54078	0.02151	0.00974	0.00285	0.00423	0.01830	0.00753	0.00680
84	0.03081	0.02367	0.02427	0.01880	0.02516	0.06402	0.01544	0.60140	0.03725	0.04929	0.01907	0.01919	0.01360	0.00966	0.00807	0.00241	0.00927	0.00718	0.00788	0.01354
85	0.01235	0.01053	0.01091	0.01041	0.01357	0.01024	0.00792	0.01974	0.17676	0.02556	0.10391	0.06509	0.46723	0.01793	0.00925	0.00273	0.00467	0.01499	0.00780	0.00840
86	0.00989	0.00706	0.00942	0.01130	0.01177	0.00659	0.00753	0.01130	0.01554	0.02071	0.04472	0.70954	0.05367	0.02542	0.01036	0.00330	0.00471	0.02307	0.00753	0.00659
87	0.02498	0.01845	0.02053	0.05499	0.02315	0.02029	0.01348	0.44544	0.03071	0.04109	0.02281	0.09987	0.02021	0.11073	0.01304	0.00331	0.00842	0.00966	0.00735	0.01149
88	0.01683	0.01442	0.01683	0.01202	0.01923	0.01082	0.00961	0.02043	0.01683	0.02644	0.01442	0.01683	0.01202	0.00601	0.00601	0.00120	0.00601	0.00481	0.00481	0.76444
89	0.01507	0.00922	0.01122	0.01018	0.01316	0.00809	0.00782	0.01810	0.02129	0.13874	0.32924	0.06162	0.29137	0.01698	0.00933	0.00262	0.00447	0.01449	0.00859	0.00841
90	0.01915	0.02189	0.04788	0.03420	0.04241	0.02052	0.63475	0.02599	0.01915	0.02599	0.01642	0.02189	0.01231	0.00684	0.00958	0.00274	0.01368	0.00958	0.00410	0.01094
91	0.03085	0.02273	0.02435	0.01867	0.02516	0.02516	0.01542	0.63716	0.03815	0.05114	0.01948	0.01948	0.01380	0.00974	0.00812	0.00244	0.00893	0.00731	0.00812	0.01380
92	0.01066	0.00856	0.00971	0.01029	0.01276	0.00762	0.00829	0.01323	0.01855	0.02265	0.07014	0.08222	0.47218	0.02112	0.01009	0.00305	0.00514	0.19919	0.00752	0.00704
93	0.01148	0.00829	0.01085	0.01021	0.01212	0.00766	0.00766	0.01531	0.02297	0.03254	0.65994	0.06061	0.07656	0.01659	0.00957	0.00255	0.00383	0.01467	0.00893	0.00766
94	0.00959	0.00822	0.00822	0.00822	0.01096	0.00685	0.00617	0.01165	0.01850	0.02192	0.08220	0.07809	0.66092	0.02055	0.00959	0.00274	0.00411	0.01713	0.00754	0.00685
95	0.01683	0.01442	0.01683	0.01202	0.01923	0.01082	0.00961	0.02043	0.01683	0.02644	0.01442	0.01683	0.01202	0.00601	0.00601	0.00120	0.00601	0.00481	0.00481	0.76444
96	0.01219	0.01048	0.01071	0.01026	0.01345	0.01013	0.00781	0.01938	0.17363	0.02488	0.07011	0.06634	0.50454	0.01820	0.00926	0.00274	0.00468	0.01517	0.00771	0.00832
97	0.01180	0.00787	0.00885	0.00885	0.00885	0.00787	0.00492	0.01180	0.01180	0.01573	0.02557	0.05310	0.02950	0.71483	0.04130	0.00787	0.00787	0.01180	0.00492	0.00492
98	0.00989	0.00706	0.00942	0.01130	0.01177	0.00659	0.00753	0.01130	0.01554	0.02071	0.04472	0.70954	0.05367	0.02542	0.01036	0.00330	0.00471	0.02307	0.00753	0.00659
99	0.03085	0.02273	0.02435	0.01867	0.02516	0.02516	0.01542	0.63716	0.03815	0.05114	0.01948	0.01948	0.01380	0.00974	0.00812	0.00244	0.00893	0.00731	0.00812	0.01380
100	0.77215	0.01569	0.01193	0.01067	0.01569	0.01820	0.00879	0.02385	0.01381	0.03641	0.01130	0.01318	0.00879	0.00753	0.00502	0.00251	0.00628	0.00439	0.00502	0.00879
101	0.01532	0.01442	0.02434	0.69533	0.05589	0.01803	0.02253	0.02073	0.01622	0.02073	0.01442	0.02163	0.01082	0.00811	0.00811	0.00270	0.01082	0.00721	0.00361	0.00901
102	0.02169	0.71972	0.04252	0.01388	0.02083	0.03211	0.01388	0.02430	0.01649	0.01909	0.01128	0.01302	0.01041	0.00694	0.00521	0.00174	0.00868	0.00434	0.00347	0.01041
103	0.01363	0.01090	0.01377	0.01268	0.01268	0.01309	0.00886	0.01417	0.01199	0.01690	0.02098	0.04224	0.02371	0.49953	0.03679	0.00654	0.22055	0.01036	0.00450	0.00613
104	0.00959	0.00822	0.00822	0.00822	0.01096	0.00685	0.00617	0.01165	0.01850	0.02192	0.08220	0.07809	0.66092	0.02055	0.00959	0.00274	0.00411	0.01713	0.00754	0.00685
105	0.02875	0.01211	0.01638	0.01314	0.01807	0.01061	0.01061	0.03210	0.02315	0.47400	0.22497	0.03776	0.03744	0.01205	0.00859	0.00252	0.00596	0.01016	0.00970	0.01192
106	0.02647	0.02534	0.02192	0.01996	0.05506	0.23220	0.01488	0.17163	0.25561	0.05924	0.02254	0.02225	0.01696	0.00965	0.00791	0.00244	0.00978	0.00736	0.00679	0.01200
107	0.03085	0.02273	0.02435	0.01867	0.02516	0.02516	0.01542	0.63716	0.03815	0.05114	0.01948	0.01948	0.01380	0.00974	0.00812	0.00244	0.00893	0.00731	0.00812	0.01380
108	0.01993	0.02187	0.02392	0.48808	0.04642	0.22214	0.02043	0.02432	0.01831	0.02046	0.01384	0.01948	0.01070	0.00819	0.00787	0.00252	0.01199	0.00660	0.00378	0.00913
109	0.02374	0.01733	0.01897	0.01638	0.02141	0.01932	0.01293	0.09644	0.49409	0.13702	0.03164	0.02887	0.02303	0.01074	0.00823	0.00268	0.00673	0.00884	0.00853	0.01308
110	0.72831	0.01611	0.01266	0.01114	0.01625	0.01861	0.00918	0.06012	0.01525	0.03728	0.01178	0.01355	0.00908	0.00766	0.00520	0.00251	0.00643	0.00457	0.00520	0.00908
111	0.02811	0.02137	0.02281	0.01812	0.02412	0.02388	0.01476	0.48450	0.19527	0.04672	0.02296	0.02225	0.01662	0.01007	0.00815	0.00252	0.00828	0.00779	0.00815	0.01355
112	0.77215	0.01569	0.01193	0.01067	0.01569	0.01820	0.00879	0.02385	0.01381	0.03641	0.01130	0.01318	0.00879	0.00753	0.00502	0.00251	0.00628	0.00439	0.00502	0.00879
113	0.02008	0.01928	0.03294	0.04981	0.66422	0.01928	0.02490	0.02490	0.01848	0.02651	0.01526	0.02008	0.01285	0.00723	0.00803	0.00241	0.00964	0.00723	0.00402	0.01285
114	0.02018	0.01743	0.01835	0.01651	0.02110	0.02018	0.01284	0.04312	0.64956	0.03394	0.03303	0.03027	0.02477	0.01101	0.00826	0.00275	0.00642	0.00917	0.00826	0.01284
115	0.00989	0.00706	0.00942	0.01130	0.01177	0.00659	0.00753	0.01130	0.01554	0.02071	0.04472	0.70954	0.05367	0.02542	0.01036	0.00330	0.00471	0.02307	0.00753	0.00659
116	0.03181	0.02118	0.02340	0.01794	0.02439	0.02287	0.01482	0.53374	0.03557	0.15820	0.02165	0.02089	0.01489	0.00979	0.00812	0.00245	0.00858	0.00745	0.00845	0.01380
117	0.01167	0.00839	0.01150	0.01150	0.01242	0.00931	0.00823	0.01350	0.01259	0.01770	0.02314	0.03966	0.02366	0.30058	0.44758	0.01114	0.01665	0.00983	0.00456	0.00639
118	0.00968	0.00822	0.00835	0.00832	0.01102	0.00689	0.00624	0.01183	0.01872	0.02245	0.11077	0.07723	0.63203	0.02035	0.00959	0.00273	0.00410	0.01700	0.00760	0.00689
119	0.00960	0.00817	0.00827	0.00835	0.01099	0.00684	0.00622	0.01163	0.01837	0.02187	0.08061	0.10488	0.63516	0.02076	0.00962	0.00276	0.00414	0.01738	0.00753	0.00684
120	0.03085	0.02273	0.02435	0.01867	0.02516	0.02516	0.01542	0.63716	0.03815	0.05114	0.01948	0.01948	0.01380	0.00974	0.00812	0.00244	0.00893	0.00731	0.00812	0.01380
121	0.00989	0.00706	0.00942	0.01130	0.01177	0.00659	0.00753	0.01130	0.01554	0.02071	0.04472	0.70954	0.05367	0.02542	0.01036	0.00330	0.00471	0.02307	0.00753	0.00659
122	0.00970	0.00822	0.00837	0.00834	0.01103	0.00690	0.00625	0.01186	0.01876	0.02255	0.11623	0.07706	0.62651	0.02032	0.00959	0.00273	0.00409	0.01698	0.00762	0.00690
123	0.00959	0.00822	0.00822	0.00822	0.01096	0.00685	0.00617	0.01165	0.01850	0.02192	0.08220	0.07809	0.66092	0.02055	0.00959	0.00274	0.00411	0.01713	0.00754	0.00685
124	0.01775	0.01775	0.02485	0.02130	0.02130	0.02485	0.01775	0.01953	0.01243	0.01953	0.01065	0.01775	0.01065	0.01420	0.02663	0.00355	0.69998	0.00710	0.00355	0.00888
125	0.01047	0.00764	0.00994	0.01134	0.01242	0.00712	0.00817	0.01253	0.01709	0.02258	0.11259	0.48205	0.12538	0.02352	0.01031	0.00322	0.00494	0.10417	0.00767	0.00686
126	0.15430	0.01018	0.01229	0.01348	0.01576	0.01057	0.01133	0.01734	0.01751	0.02638	0.06021	0.15810	0.04166	0.01982	0.00988	0.00340	0.00674	0.39635	0.00708	0.00761
127	0.02805	0.03323	0.02275	0.02026	0.02411	0.51047	0.01554	0.09279	0.02295	0.02301	0.01360	0.01643	0.01138	0.01207	0.04776	0.00289	0.08265	0.00583	0.00454	0.00969
128	0.01231	0.00901	0.01299	0.01281	0.01424	0.01057	0.01000	0.01525	0.01347	0.02019	0.02173	0.03099	0.01987	0.05260	0.57184	0.01128	0.05319	0.00848	0.09180	0.00736
129	0.02008	0.01928	0.03294	0.04981	0.66422	0.01928	0.02490	0.02490	0.01848	0.02651	0.01526	0.02008	0.01285	0.00723	0.00803	0.00241	0.00964	0.00723	0.00402	0.01285
130	0.02096	0.02179	0.03480	0.04379	0.47762	0.08824	0.14198	0.02589	0.01908	0.02572	0.01520	0.01987	0.01250	0.00727	0.00826	0.00244	0.01094	0.00748	0.00405	0.01213
131	0.01565	0.01680	0.12753	0.05499	0.05174	0.03885	0.01332	0.01957	0.01906	0.09099	0.13629	0.04945	0.26181	0.05565	0.01072	0.00292	0.00705	0.01203	0.00659	0.00900
132	0.05770	0.03014	0.33248	0.06801	0.18751	0.01996	0.02471	0.13093	0.02088	0.03054	0.01541	0.01833	0.01147	0.00796	0.00775	0.00251	0.01053	0.00652	0.00447	0.01218
133	0.06364	0.01849	0.03119	0.14067	0.50675	0.01910	0.05376	0.02429	0.01791	0.02623	0.01496	0.01999	0.01229	0.00736	0.00794	0.00247	0.00981	0.00718	0.00402	0.01196
134	0.10059	0.02966	0.14617	0.06672	0.17048	0.25096	0.04299	0.02811	0.04533	0.02501	0.01450	0.01749	0.01146	0.00794	0.00748	0.00238	0.01156	0.00617	0.00422	0.01077
135	0.10218	0.14468	0.02672	0.04869	0.14597	0.18359	0.01616	0.14288	0.02269	0.02947	0.05224	0.01915	0.01528	0.00855	0.00717	0.00225	0.00991	0.00640	0.00512	0.01090

[dist]
# distance from previous block
# <min> <max>
1	54

[block]
# block no. 6 follows, 23 sequences, length 123
# corresponding to MSA columns:
# 492-614
name=unknown_G
#
# <colnr> <probs for GDERKNQSTAVLIFYWHMCP>
#	G	D	E	R	K	N	Q	S	T	A	V	L	I	F	Y	W	H	M	C	P
0	0.02028	0.01886	0.03038	0.03033	0.23306	0.01774	0.16385	0.10468	0.02073	0.02962	0.01583	0.01943	0.01259	0.00709	0.00779	0.00212	0.00939	0.00705	0.00482	0.24437
1	0.05508	0.02257	0.02631	0.03157	0.29887	0.12916	0.01875	0.18397	0.06221	0.03288	0.04736	0.02128	0.01627	0.00874	0.00790	0.00240	0.00967	0.00727	0.00563	0.01212
2	0.19216	0.01973	0.02645	0.03592	0.41480	0.06553	0.01959	0.05255	0.01882	0.05931	0.01514	0.01846	0.01214	0.00762	0.00731	0.00242	0.00907	0.00649	0.00471	0.01178
3	0.09342	0.01972	0.02370	0.04807	0.05534	0.15457	0.14499	0.02528	0.02000	0.11024	0.09355	0.06051	0.09357	0.01109	0.00838	0.00254	0.00947	0.00974	0.00601	0.00981
4	0.18063	0.19515	0.02810	0.12862	0.16626	0.06916	0.01703	0.02392	0.01640	0.02476	0.01268	0.01648	0.01069	0.00807	0.00832	0.00239	0.07144	0.00574	0.00400	0.01017
5	0.01842	0.01486	0.02432	0.09996	0.33228	0.01551	0.01868	0.02252	0.01695	0.08472	0.01886	0.02475	0.01573	0.02484	0.22514	0.00587	0.01339	0.00779	0.00466	0.01075
6	0.22422	0.01586	0.01787	0.02075	0.15771	0.04750	0.01287	0.06592	0.07740	0.02885	0.02105	0.10097	0.02004	0.11125	0.04151	0.00378	0.00833	0.00902	0.00552	0.00959
7	0.02512	0.02501	0.01949	0.01683	0.02124	0.28227	0.01310	0.22177	0.02627	0.03085	0.02803	0.02886	0.12449	0.01346	0.03987	0.00282	0.01067	0.00825	0.05144	0.01017
8	0.02471	0.01547	0.01764	0.01374	0.01937	0.01490	0.01114	0.22351	0.02529	0.17312	0.02754	0.02731	0.07302	0.00986	0.00743	0.00212	0.00667	0.00782	0.11287	0.18647
9	0.02666	0.14441	0.02566	0.01672	0.02259	0.02411	0.01415	0.43959	0.03093	0.04145	0.01860	0.02002	0.01415	0.01375	0.06720	0.00322	0.00974	0.00692	0.04784	0.01228
10	0.02722	0.01654	0.01942	0.01507	0.02136	0.01593	0.01223	0.16541	0.13158	0.25526	0.02477	0.02342	0.01737	0.00907	0.00759	0.00219	0.00703	0.00725	0.00793	0.21338
