[name]
unknown

[dist]
# distance from previous block
# <min> <max>
0	0

[block]
# block no. 0 follows, 22 sequences, length 73
# corresponding to MSA columns:
# 0-72
name=unknown_A
#
# <colnr> <probs for GDERKNQSTAVLIFYWHMCP>
#	G	D	E	R	K	N	Q	S	T	A	V	L	I	F	Y	W	H	M	C	P
0	0.01339	0.00956	0.01339	0.01530	0.01721	0.00956	0.01339	0.01721	0.01912	0.02486	0.04399	0.09371	0.04781	0.02295	0.01147	0.00382	0.00765	0.60031	0.00765	0.00765
1	0.01666	0.04297	0.66500	0.02368	0.03596	0.01929	0.03069	0.02631	0.01754	0.02631	0.01491	0.01754	0.01052	0.00789	0.00789	0.00263	0.01228	0.00614	0.00351	0.01228
2	0.01754	0.01665	0.02826	0.44617	0.28466	0.01894	0.02399	0.02285	0.01749	0.02347	0.01509	0.02155	0.01187	0.00796	0.00827	0.00265	0.01062	0.00739	0.00385	0.01072
3	0.01187	0.00890	0.01335	0.01335	0.01483	0.01038	0.01038	0.01483	0.01335	0.01928	0.02225	0.03264	0.02077	0.06231	0.67512	0.01335	0.02225	0.00890	0.00445	0.00742
4	0.02008	0.01925	0.03286	0.11328	0.59766	0.01961	0.02526	0.02508	0.01869	0.02656	0.01554	0.02072	0.01296	0.00749	0.00823	0.00250	0.00999	0.00740	0.00407	0.01277
5	0.01983	0.00970	0.01309	0.01272	0.01532	0.00870	0.00932	0.02190	0.01872	0.25026	0.04114	0.46157	0.04266	0.02040	0.00980	0.00309	0.00562	0.01816	0.00863	0.00939
6	0.01208	0.00805	0.00906	0.00906	0.00906	0.00805	0.00503	0.01208	0.01208	0.01611	0.02618	0.05436	0.03020	0.70804	0.04228	0.00805	0.00805	0.01208	0.00503	0.00503
7	0.01180	0.00794	0.01024	0.01105	0.01219	0.00735	0.00760	0.01376	0.01771	0.05091	0.17604	0.43896	0.09195	0.08601	0.01321	0.00357	0.00498	0.01969	0.00788	0.00716
8	0.10163	0.09476	0.02518	0.02101	0.06220	0.37489	0.01570	0.15693	0.02501	0.02909	0.01427	0.01607	0.01140	0.00857	0.00728	0.00224	0.01204	0.00576	0.00514	0.01083
9	0.01691	0.04122	0.61251	0.02464	0.03659	0.01944	0.08143	0.02633	0.01772	0.02633	0.01507	0.01795	0.01070	0.00782	0.00806	0.00265	0.01242	0.00645	0.00357	0.01219
10	0.00984	0.00834	0.00849	0.00860	0.01127	0.00700	0.00640	0.01190	0.01875	0.02237	0.08186	0.11715	0.61713	0.02134	0.00987	0.00284	0.00424	0.01790	0.00771	0.00700
11	0.02050	0.02015	0.03163	0.07349	0.56391	0.05839	0.02400	0.02513	0.01896	0.02621	0.01682	0.05197	0.01487	0.00837	0.00829	0.00250	0.00999	0.00803	0.00427	0.01249
12	0.01673	0.05673	0.34975	0.28753	0.08101	0.01952	0.02672	0.02419	0.01723	0.02408	0.01476	0.01938	0.01090	0.00800	0.00798	0.00264	0.01152	0.00664	0.00362	0.01106
13	0.01666	0.04297	0.66500	0.02368	0.03596	0.01929	0.03069	0.02631	0.01754	0.02631	0.01491	0.01754	0.01052	0.00789	0.00789	0.00263	0.01228	0.00614	0.00351	0.01228
14	0.03103	0.03959	0.02354	0.02140	0.02568	0.67469	0.01605	0.03317	0.02354	0.02033	0.01284	0.01498	0.01070	0.00856	0.00749	0.00214	0.01498	0.00535	0.00428	0.00963
15	0.01566	0.03082	0.40526	0.02414	0.12411	0.01634	0.02391	0.02282	0.01837	0.02612	0.06638	0.03251	0.13685	0.01086	0.00842	0.00264	0.00988	0.00903	0.00474	0.01115
16	0.02056	0.01974	0.03372	0.05099	0.65622	0.01974	0.02550	0.02550	0.01892	0.02714	0.01563	0.02056	0.01316	0.00740	0.00822	0.00247	0.00987	0.00740	0.00411	0.01316
17	0.00982	0.00842	0.00842	0.00842	0.01122	0.00701	0.00631	0.01192	0.01894	0.02244	0.08416	0.07995	0.65285	0.02104	0.00982	0.00281	0.00421	0.01753	0.00771	0.00701
18	0.38111	0.01313	0.01360	0.09209	0.01994	0.01452	0.01042	0.02153	0.01775	0.06196	0.20494	0.06415	0.03270	0.01157	0.00732	0.00265	0.00619	0.00911	0.00652	0.00880
19	0.02025	0.01942	0.03315	0.09197	0.61769	0.01966	0.02534	0.02522	0.01877	0.02676	0.01557	0.02066	0.01302	0.00746	0.00823	0.00249	0.00995	0.00740	0.00409	0.01291
20	0.02056	0.01974	0.03372	0.05099	0.65622	0.01974	0.02550	0.02550	0.01892	0.02714	0.01563	0.02056	0.01316	0.00740	0.00822	0.00247	0.00987	0.00740	0.00411	0.01316
21	0.01088	0.00934	0.00943	0.00925	0.01224	0.00835	0.00698	0.01507	0.07977	0.02365	0.07924	0.07516	0.59150	0.02008	0.00968	0.00281	0.00444	0.01674	0.00779	0.00761
22	0.01133	0.00989	0.01270	0.17978	0.02288	0.00986	0.01068	0.01423	0.01803	0.02201	0.06264	0.13130	0.42808	0.01836	0.00952	0.00286	0.00600	0.01562	0.00670	0.00754
23	0.01202	0.00830	0.01030	0.01030	0.01073	0.00873	0.00658	0.01288	0.01245	0.01703	0.02504	0.04809	0.02748	0.52149	0.22511	0.00958	0.01216	0.01116	0.00487	0.00572
24	0.01316	0.00880	0.01155	0.01069	0.01289	0.00808	0.00808	0.01704	0.02353	0.06780	0.61788	0.06020	0.07521	0.01662	0.00972	0.00261	0.00409	0.01466	0.00921	0.00818
25	0.03103	0.03959	0.02354	0.02140	0.02568	0.67469	0.01605	0.03317	0.02354	0.02033	0.01284	0.01498	0.01070	0.00856	0.00749	0.00214	0.01498	0.00535	0.00428	0.00963
26	0.02886	0.09721	0.02553	0.02081	0.02488	0.54760	0.01612	0.03101	0.02178	0.02023	0.01252	0.01518	0.01072	0.00908	0.00943	0.00227	0.08751	0.00548	0.00415	0.00966
27	0.01883	0.01798	0.03060	0.27673	0.44397	0.01928	0.02464	0.02398	0.01810	0.02504	0.01532	0.02112	0.01242	0.00772	0.00825	0.00257	0.01030	0.00740	0.00396	0.01177
28	0.01645	0.01392	0.01448	0.01320	0.01717	0.01481	0.01022	0.06714	0.32070	0.03031	0.05572	0.05245	0.30878	0.01561	0.00906	0.00279	0.00567	0.01296	0.00811	0.01043
29	0.02056	0.01974	0.03372	0.05099	0.65622	0.01974	0.02550	0.02550	0.01892	0.02714	0.01563	0.02056	0.01316	0.00740	0.00822	0.00247	0.00987	0.00740	0.00411	0.01316
30	0.01191	0.00872	0.01245	0.01245	0.01363	0.00990	0.00927	0.01426	0.01309	0.01862	0.02307	0.03718	0.02274	0.19729	0.54284	0.01224	0.01928	0.00957	0.00457	0.00692
31	0.02050	0.01991	0.03470	0.04996	0.61681	0.01982	0.06412	0.02557	0.01896	0.02711	0.01570	0.02068	0.01312	0.00738	0.00833	0.00249	0.01014	0.00756	0.00412	0.01303
32	0.01561	0.02103	0.18070	0.01897	0.02522	0.01473	0.11741	0.02126	0.01958	0.02847	0.24136	0.03418	0.03530	0.01123	0.01014	0.00252	0.06191	0.00981	0.00585	0.12471
33	0.01683	0.01327	0.01459	0.01371	0.01648	0.03871	0.01026	0.14227	0.09241	0.03174	0.17400	0.29557	0.07007	0.01823	0.00957	0.00289	0.00607	0.01589	0.00810	0.00933
34	0.03010	0.11086	0.02566	0.02064	0.02522	0.60677	0.01586	0.03229	0.02284	0.02025	0.01270	0.01481	0.01070	0.00841	0.00726	0.00210	0.01434	0.00525	0.00420	0.00974
35	0.43082	0.23822	0.02362	0.01341	0.01905	0.11414	0.01161	0.02578	0.01630	0.02935	0.01174	0.01365	0.00976	0.00764	0.00553	0.00226	0.00839	0.00460	0.00452	0.00961
36	0.13699	0.01944	0.02256	0.12885	0.24084	0.12186	0.01738	0.02333	0.01856	0.02585	0.02741	0.03006	0.13315	0.01036	0.00794	0.00254	0.00926	0.00854	0.00492	0.01017
37	0.01799	0.01693	0.02783	0.10765	0.46385	0.01707	0.02144	0.02252	0.01896	0.02623	0.06339	0.03173	0.10869	0.01002	0.00856	0.00256	0.00882	0.00931	0.00489	0.01156
38	0.01053	0.00829	0.00951	0.00954	0.01174	0.00726	0.00702	0.01317	0.02012	0.02604	0.27541	0.15589	0.37533	0.02029	0.00991	0.00281	0.00419	0.01747	0.00821	0.00726
39	0.10190	0.03059	0.28938	0.02259	0.06682	0.05984	0.04983	0.18119	0.02303	0.03352	0.01626	0.01881	0.01212	0.01136	0.04440	0.00315	0.01149	0.00666	0.00509	0.01198
40	0.01189	0.00882	0.01296	0.01296	0.01430	0.01017	0.00989	0.01458	0.01323	0.01899	0.02261	0.03464	0.02164	0.12186	0.61676	0.01286	0.02094	0.00919	0.00450	0.00720
41	0.02927	0.03676	0.02260	0.02066	0.02468	0.61343	0.01553	0.03148	0.02260	0.02024	0.01371	0.01661	0.01163	0.01352	0.06906	0.00317	0.01565	0.00568	0.00430	0.00943
42	0.02227	0.02334	0.03090	0.09983	0.47661	0.15264	0.02337	0.02669	0.01966	0.02525	0.01499	0.01956	0.01248	0.00772	0.00808	0.00243	0.01101	0.00698	0.00411	0.01210
43	0.01193	0.00865	0.01207	0.01207	0.01312	0.00969	0.00879	0.01402	0.01297	0.01834	0.02342	0.03910	0.02357	0.25438	0.48688	0.01178	0.01803	0.00985	0.00462	0.00671
44	0.01208	0.00805	0.00906	0.00906	0.00906	0.00805	0.00503	0.01208	0.01208	0.01611	0.02618	0.05436	0.03020	0.70804	0.04228	0.00805	0.00805	0.01208	0.00503	0.00503
45	0.01063	0.00845	0.00954	0.00927	0.01172	0.00736	0.00695	0.01349	0.02085	0.02698	0.32100	0.07248	0.41318	0.01935	0.00981	0.00272	0.00409	0.01649	0.00831	0.00736
46	0.02661	0.16214	0.03001	0.02782	0.19058	0.38079	0.01819	0.02958	0.02106	0.02197	0.01333	0.01613	0.01134	0.00798	0.00727	0.00216	0.01248	0.00572	0.00410	0.01075
47	0.03158	0.02327	0.02493	0.01911	0.02576	0.02576	0.01579	0.62852	0.03906	0.05236	0.01995	0.01995	0.01413	0.00997	0.00831	0.00249	0.00914	0.00748	0.00831	0.01413
48	0.01187	0.00890	0.01335	0.01335	0.01483	0.01038	0.01038	0.01483	0.01335	0.01928	0.02225	0.03264	0.02077	0.06231	0.67512	0.01335	0.02225	0.00890	0.00445	0.00742
49	0.01660	0.04129	0.62676	0.06337	0.03723	0.01924	0.03024	0.02601	0.01748	0.02601	0.01490	0.01781	0.01056	0.00792	0.00792	0.00264	0.01221	0.00621	0.00352	0.01210
50	0.01997	0.22584	0.06485	0.01924	0.09108	0.13534	0.01481	0.02472	0.05741	0.02538	0.17612	0.05994	0.03088	0.01105	0.00774	0.00232	0.00870	0.00888	0.00563	0.01011
51	0.01666	0.04297	0.66500	0.02368	0.03596	0.01929	0.03069	0.02631	0.01754	0.02631	0.01491	0.01754	0.01052	0.00789	0.00789	0.00263	0.01228	0.00614	0.00351	0.01228
52	0.02056	0.01974	0.03372	0.05099	0.65622	0.01974	0.02550	0.02550	0.01892	0.02714	0.01563	0.02056	0.01316	0.00740	0.00822	0.00247	0.00987	0.00740	0.00411	0.01316
53	0.01981	0.07612	0.10404	0.10380	0.48218	0.02060	0.02497	0.02514	0.01839	0.02591	0.01515	0.01980	0.01248	0.00752	0.00797	0.00246	0.01017	0.00703	0.00396	0.01250
54	0.02368	0.16664	0.02821	0.02561	0.17600	0.28021	0.01676	0.02656	0.01938	0.02147	0.01498	0.02009	0.01344	0.05522	0.07459	0.00360	0.01280	0.00642	0.00415	0.01021
55	0.03103	0.03959	0.02354	0.02140	0.02568	0.67469	0.01605	0.03317	0.02354	0.02033	0.01284	0.01498	0.01070	0.00856	0.00749	0.00214	0.01498	0.00535	0.00428	0.00963
56	0.01135	0.00817	0.01074	0.01073	0.01232	0.00756	0.00781	0.01464	0.02160	0.03027	0.49933	0.22325	0.07249	0.01926	0.01000	0.00280	0.00415	0.01719	0.00878	0.00756
57	0.01294	0.00856	0.01168	0.01168	0.01330	0.00960	0.00902	0.01618	0.01456	0.02276	0.02369	0.03214	0.02092	0.04665	0.47603	0.00996	0.01678	0.00856	0.22746	0.00751
58	0.02056	0.01974	0.03372	0.05099	0.65622	0.01974	0.02550	0.02550	0.01892	0.02714	0.01563	0.02056	0.01316	0.00740	0.00822	0.00247	0.00987	0.00740	0.00411	0.01316
59	0.01187	0.00890	0.01335	0.01335	0.01483	0.01038	0.01038	0.01483	0.01335	0.01928	0.02225	0.03264	0.02077	0.06231	0.67512	0.01335	0.02225	0.00890	0.00445	0.00742
60	0.01191	0.00873	0.01248	0.01248	0.01366	0.00991	0.00930	0.01428	0.01309	0.01864	0.02305	0.03705	0.02268	0.19344	0.54661	0.01228	0.01937	0.00955	0.00457	0.00693
61	0.02056	0.01974	0.03372	0.05099	0.65622	0.01974	0.02550	0.02550	0.01892	0.02714	0.01563	0.02056	0.01316	0.00740	0.00822	0.00247	0.00987	0.00740	0.00411	0.01316
62	0.01716	0.01669	0.02351	0.02046	0.02069	0.02303	0.01693	0.01917	0.01282	0.01988	0.01272	0.02049	0.01248	0.02219	0.13103	0.00519	0.58543	0.00753	0.00377	0.00882
63	0.02056	0.01974	0.03372	0.05099	0.65622	0.01974	0.02550	0.02550	0.01892	0.02714	0.01563	0.02056	0.01316	0.00740	0.00822	0.00247	0.00987	0.00740	0.00411	0.01316
64	0.00992	0.00842	0.00856	0.00853	0.01129	0.00706	0.00640	0.01213	0.01919	0.02304	0.11530	0.07897	0.62133	0.02082	0.00982	0.00279	0.00419	0.01740	0.00779	0.00706
65	0.01556	0.21947	0.02260	0.01572	0.07824	0.01684	0.01144	0.01953	0.05562	0.02420	0.13199	0.16681	0.16091	0.01531	0.00839	0.00255	0.00637	0.01293	0.00639	0.00914
66	0.02479	0.02597	0.05466	0.10634	0.17484	0.21255	0.01884	0.16639	0.02409	0.02941	0.01649	0.02143	0.01360	0.06233	0.01064	0.00285	0.01132	0.00712	0.00513	0.01121
67	0.10345	0.02257	0.02369	0.01831	0.02481	0.02507	0.01513	0.56946	0.03662	0.05088	0.01913	0.01931	0.01363	0.00975	0.00800	0.00250	0.00888	0.00719	0.00800	0.01363
68	0.01911	0.01826	0.03110	0.24050	0.47804	0.01936	0.02477	0.02423	0.01823	0.02538	0.01537	0.02103	0.01254	0.00767	0.00825	0.00256	0.01023	0.00740	0.00399	0.01199
69	0.06706	0.01798	0.02963	0.24405	0.43110	0.01927	0.02369	0.02412	0.01790	0.02598	0.01510	0.02059	0.01225	0.00770	0.00805	0.00257	0.01002	0.00721	0.00405	0.01168
70	0.02056	0.01974	0.03372	0.05099	0.65622	0.01974	0.02550	0.02550	0.01892	0.02714	0.01563	0.02056	0.01316	0.00740	0.00822	0.00247	0.00987	0.00740	0.00411	0.01316
71	0.02056	0.01974	0.03372	0.05099	0.65622	0.01974	0.02550	0.02550	0.01892	0.02714	0.01563	0.02056	0.01316	0.00740	0.00822	0.00247	0.00987	0.00740	0.00411	0.01316
72	0.01705	0.01591	0.02606	0.17061	0.38154	0.01643	0.02060	0.02137	0.01811	0.02469	0.02744	0.10439	0.09796	0.01138	0.00871	0.00267	0.00884	0.01048	0.00488	0.01087

[dist]
# distance from previous block
# <min> <max>
0	2

[block]
# block no. 1 follows, 22 sequences, length 48
# corresponding to MSA columns:
# 75-122
name=unknown_B
#
# <colnr> <probs for GDERKNQSTAVLIFYWHMCP>
#	G	D	E	R	K	N	Q	S	T	A	V	L	I	F	Y	W	H	M	C	P
0	0.01126	0.00840	0.01169	0.01215	0.01343	0.00903	0.00898	0.01358	0.01443	0.01985	0.03431	0.19806	0.09283	0.09258	0.40837	0.00957	0.01536	0.01347	0.00559	0.00706
1	0.01550	0.04613	0.01477	0.01392	0.01560	0.11279	0.01012	0.04404	0.01807	0.02274	0.03540	0.47128	0.04060	0.02048	0.01044	0.00302	0.04212	0.01770	0.03743	0.00787
2	0.02811	0.17989	0.02902	0.02271	0.09026	0.40339	0.01661	0.09116	0.02322	0.02413	0.01358	0.01571	0.01130	0.00827	0.00719	0.00213	0.01255	0.00559	0.00452	0.01068
3	0.02217	0.19001	0.05238	0.02198	0.09649	0.20525	0.01667	0.02599	0.04341	0.02156	0.01482	0.01892	0.01301	0.01655	0.10325	0.00392	0.11297	0.00635	0.00416	0.01014
4	0.13625	0.42696	0.03215	0.01430	0.02035	0.06607	0.01301	0.02813	0.11591	0.02519	0.01580	0.01697	0.01317	0.00805	0.00595	0.00209	0.00830	0.00543	0.03529	0.01062
5	0.01208	0.00805	0.00906	0.00906	0.00906	0.00805	0.00503	0.01208	0.01208	0.01611	0.02618	0.05436	0.03020	0.70804	0.04228	0.00805	0.00805	0.01208	0.00503	0.00503
6	0.01723	0.01477	0.01723	0.01230	0.01969	0.01107	0.00984	0.02092	0.01723	0.02707	0.01477	0.01723	0.01230	0.00615	0.00615	0.00123	0.00615	0.00492	0.00492	0.75883
7	0.01196	0.00852	0.01140	0.01140	0.01221	0.00932	0.00795	0.01358	0.01277	0.01784	0.02404	0.04252	0.02506	0.35595	0.38734	0.01094	0.01580	0.01035	0.00472	0.00633
8	0.01208	0.00805	0.00906	0.00906	0.00906	0.00805	0.00503	0.01208	0.01208	0.01611	0.02618	0.05436	0.03020	0.70804	0.04228	0.00805	0.00805	0.01208	0.00503	0.00503
9	0.01760	0.14830	0.54029	0.02210	0.03306	0.02170	0.02757	0.02582	0.01724	0.02498	0.01421	0.01690	0.01056	0.00804	0.00828	0.00254	0.03950	0.00592	0.00352	0.01189
10	0.01001	0.00842	0.00869	0.00862	0.01134	0.00710	0.00646	0.01230	0.01939	0.02353	0.14102	0.07816	0.59531	0.02063	0.00982	0.00279	0.00418	0.01728	0.00786	0.00710
11	0.01187	0.00890	0.01335	0.01335	0.01483	0.01038	0.01038	0.01483	0.01335	0.01928	0.02225	0.03264	0.02077	0.06231	0.67512	0.01335	0.02225	0.00890	0.00445	0.00742
12	0.02056	0.01974	0.03372	0.05099	0.65622	0.01974	0.02550	0.02550	0.01892	0.02714	0.01563	0.02056	0.01316	0.00740	0.00822	0.00247	0.00987	0.00740	0.00411	0.01316
13	0.03103	0.03959	0.02354	0.02140	0.02568	0.67469	0.01605	0.03317	0.02354	0.02033	0.01284	0.01498	0.01070	0.00856	0.00749	0.00214	0.01498	0.00535	0.00428	0.00963
14	0.02008	0.01749	0.01950	0.09537	0.02577	0.02041	0.01431	0.04146	0.56820	0.03317	0.03159	0.02996	0.02369	0.01092	0.00844	0.00281	0.00710	0.00916	0.00790	0.01269
15	0.03000	0.11832	0.02588	0.02056	0.02517	0.59966	0.01584	0.03220	0.02276	0.02024	0.01269	0.01479	0.01070	0.00839	0.00724	0.00210	0.01427	0.00524	0.00420	0.00975
16	0.02050	0.47844	0.06457	0.01409	0.02152	0.02589	0.01370	0.02379	0.01701	0.02205	0.01264	0.01466	0.01113	0.00687	0.00569	0.00166	0.00824	0.00466	0.00395	0.22894
17	0.03661	0.01521	0.01994	0.01529	0.02174	0.01379	0.01263	0.10923	0.02556	0.59071	0.03127	0.02730	0.01981	0.01025	0.00835	0.00256	0.00731	0.00825	0.01005	0.01414
18	0.01208	0.00805	0.00906	0.00906	0.00906	0.00805	0.00503	0.01208	0.01208	0.01611	0.02618	0.05436	0.03020	0.70804	0.04228	0.00805	0.00805	0.01208	0.00503	0.00503
19	0.02017	0.01934	0.03301	0.10202	0.60825	0.01964	0.02530	0.02515	0.01873	0.02667	0.01556	0.02069	0.01299	0.00747	0.00823	0.00249	0.00997	0.00740	0.00408	0.01284
20	0.03103	0.03959	0.02354	0.02140	0.02568	0.67469	0.01605	0.03317	0.02354	0.02033	0.01284	0.01498	0.01070	0.00856	0.00749	0.00214	0.01498	0.00535	0.00428	0.00963
21	0.03103	0.03959	0.02354	0.02140	0.02568	0.67469	0.01605	0.03317	0.02354	0.02033	0.01284	0.01498	0.01070	0.00856	0.00749	0.00214	0.01498	0.00535	0.00428	0.00963
22	0.01024	0.00728	0.00960	0.01142	0.01187	0.00683	0.00755	0.01160	0.01568	0.02090	0.04462	0.66390	0.05347	0.06677	0.01250	0.00365	0.00501	0.02293	0.00755	0.00665
23	0.09953	0.02225	0.04457	0.04609	0.02492	0.14716	0.04993	0.09386	0.02110	0.06261	0.01571	0.01782	0.01218	0.00765	0.00705	0.00197	0.00923	0.00588	0.00533	0.30516
24	0.50403	0.01952	0.06194	0.01871	0.02523	0.01937	0.19025	0.02517	0.01594	0.03351	0.01329	0.01634	0.01014	0.00752	0.00667	0.00264	0.00899	0.00614	0.00477	0.00984
25	0.01187	0.00890	0.01335	0.01335	0.01483	0.01038	0.01038	0.01483	0.01335	0.01928	0.02225	0.03264	0.02077	0.06231	0.67512	0.01335	0.02225	0.00890	0.00445	0.00742
26	0.09582	0.02527	0.02368	0.07102	0.18057	0.26032	0.01768	0.05991	0.05373	0.02668	0.01865	0.02699	0.01645	0.01008	0.00806	0.00256	0.01103	0.07578	0.00511	0.01060
27	0.01034	0.00812	0.00944	0.01035	0.01222	0.00722	0.00764	0.01241	0.01787	0.02228	0.06571	0.30466	0.36790	0.02305	0.01029	0.00313	0.00483	0.08784	0.00771	0.00699
28	0.01079	0.00751	0.00944	0.01071	0.01103	0.00720	0.00679	0.01174	0.01459	0.01946	0.03907	0.48051	0.04647	0.25970	0.02146	0.00498	0.00593	0.01966	0.00679	0.00616
29	0.01922	0.02666	0.20162	0.03836	0.28169	0.02007	0.23736	0.02610	0.01880	0.02674	0.01586	0.02043	0.01229	0.00739	0.00869	0.00263	0.01194	0.00792	0.00399	0.01225
30	0.01341	0.01213	0.01191	0.01264	0.01484	0.08575	0.00983	0.01587	0.01885	0.02263	0.05555	0.21520	0.26801	0.02125	0.01020	0.00315	0.00661	0.18743	0.00729	0.00745
31	0.01051	0.00785	0.00982	0.01091	0.01225	0.00716	0.00778	0.01264	0.01797	0.02356	0.14579	0.42065	0.19724	0.02330	0.01036	0.00316	0.00473	0.05934	0.00792	0.00703
32	0.02363	0.02585	0.03170	0.04108	0.42680	0.21571	0.06269	0.02787	0.02035	0.02507	0.01487	0.01902	0.01239	0.00772	0.00811	0.00239	0.01167	0.00695	0.00417	0.01197
33	0.03031	0.10078	0.02583	0.02013	0.02528	0.44964	0.01581	0.18176	0.02679	0.02829	0.01450	0.01607	0.01156	0.00877	0.00749	0.00219	0.01292	0.00580	0.00522	0.01086
34	0.01187	0.00890	0.01335	0.01335	0.01483	0.01038	0.01038	0.01483	0.01335	0.01928	0.02225	0.03264	0.02077	0.06231	0.67512	0.01335	0.02225	0.00890	0.00445	0.00742
35	0.02663	0.37598	0.03353	0.01781	0.02350	0.35410	0.01513	0.02903	0.02021	0.01994	0.01220	0.01415	0.01068	0.00783	0.00641	0.00196	0.01194	0.00490	0.00392	0.01015
36	0.01666	0.04297	0.66500	0.02368	0.03596	0.01929	0.03069	0.02631	0.01754	0.02631	0.01491	0.01754	0.01052	0.00789	0.00789	0.00263	0.01228	0.00614	0.00351	0.01228
37	0.01012	0.00723	0.00964	0.01157	0.01205	0.00675	0.00771	0.01157	0.01591	0.02121	0.04579	0.70262	0.05495	0.02603	0.01060	0.00337	0.00482	0.02362	0.00771	0.00675
38	0.01771	0.06601	0.31193	0.02903	0.13588	0.01944	0.16256	0.02483	0.01771	0.02533	0.01614	0.02069	0.01263	0.01393	0.08625	0.00385	0.01326	0.00742	0.00388	0.01152
39	0.01004	0.00754	0.00932	0.01075	0.01184	0.00682	0.00735	0.01166	0.01669	0.02153	0.05570	0.54173	0.20944	0.02474	0.01040	0.00323	0.00466	0.02204	0.00771	0.00682
40	0.01208	0.00805	0.00906	0.00906	0.00906	0.00805	0.00503	0.01208	0.01208	0.01611	0.02618	0.05436	0.03020	0.70804	0.04228	0.00805	0.00805	0.01208	0.00503	0.00503
41	0.02362	0.22047	0.06373	0.02633	0.12703	0.21678	0.11353	0.02743	0.01934	0.02242	0.01351	0.01689	0.01138	0.00810	0.00870	0.00232	0.05737	0.00628	0.00396	0.01081
42	0.01167	0.00801	0.00976	0.01010	0.01045	0.00807	0.00629	0.01246	0.01346	0.01820	0.05673	0.17601	0.03593	0.47215	0.10880	0.00754	0.00892	0.01404	0.00566	0.00576
43	0.01842	0.01057	0.01087	0.00981	0.01261	0.01103	0.00763	0.13034	0.02136	0.03487	0.02580	0.02896	0.01999	0.00973	0.00626	0.00204	0.00483	0.00769	0.61828	0.00891
44	0.03196	0.02266	0.02455	0.01883	0.02546	0.02486	0.01555	0.58933	0.03804	0.09298	0.02080	0.02050	0.01456	0.00999	0.00831	0.00250	0.00900	0.00754	0.00844	0.01413
45	0.01936	0.01851	0.03155	0.20811	0.50849	0.01942	0.02490	0.02444	0.01835	0.02568	0.01541	0.02095	0.01264	0.00762	0.00824	0.00254	0.01017	0.00740	0.00401	0.01219
46	0.06668	0.03264	0.02298	0.11820	0.02941	0.48129	0.01665	0.03096	0.05395	0.02210	0.01407	0.01693	0.01144	0.00888	0.00840	0.00236	0.04305	0.00590	0.00443	0.00970
47	0.09247	0.06974	0.09527	0.06281	0.30729	0.08430	0.02103	0.05936	0.07810	0.02862	0.01652	0.01957	0.01319	0.00811	0.00766	0.00246	0.00993	0.00679	0.00473	0.01204

[dist]
# distance from previous block
# <min> <max>
0	16

[block]
# block no. 2 follows, 22 sequences, length 112
# corresponding to MSA columns:
# 139-250
name=unknown_C
#
# <colnr> <probs for GDERKNQSTAVLIFYWHMCP>
#	G	D	E	R	K	N	Q	S	T	A	V	L	I	F	Y	W	H	M	C	P
0	0.01168	0.00880	0.01049	0.01109	0.01280	0.00825	0.00789	0.05495	0.01910	0.02487	0.11250	0.41752	0.22405	0.02264	0.01014	0.00308	0.00486	0.01995	0.00789	0.00744
1	0.02385	0.02602	0.08122	0.03762	0.37706	0.17968	0.02234	0.02822	0.01998	0.06920	0.01585	0.01937	0.01275	0.00827	0.00894	0.00246	0.04370	0.00686	0.00451	0.01210
2	0.02453	0.02814	0.02027	0.02032	0.06532	0.40812	0.01409	0.05004	0.02115	0.02173	0.02035	0.14834	0.02062	0.05049	0.01127	0.03998	0.01171	0.00949	0.00509	0.00897
3	0.01132	0.00795	0.00975	0.01034	0.01166	0.00766	0.00728	0.01291	0.01570	0.02113	0.04631	0.25249	0.20051	0.10000	0.12109	0.05766	0.00786	0.01583	0.07593	0.00662
4	0.02934	0.02400	0.02244	0.01818	0.02361	0.14532	0.01442	0.38790	0.06496	0.07988	0.02076	0.02348	0.01606	0.07792	0.01148	0.00299	0.00987	0.00768	0.00736	0.01234
5	0.01377	0.01111	0.01513	0.01349	0.01662	0.01138	0.01064	0.01689	0.01445	0.02160	0.01946	0.02736	0.01777	0.04336	0.44521	0.00929	0.05309	0.00765	0.00455	0.22718
6	0.01021	0.00758	0.00953	0.01084	0.01192	0.00690	0.00745	0.01202	0.01721	0.02257	0.10954	0.52077	0.17469	0.02421	0.01037	0.00319	0.00462	0.02162	0.00785	0.00690
7	0.01149	0.00832	0.01154	0.01201	0.01293	0.00901	0.00860	0.01346	0.01370	0.01908	0.02879	0.19960	0.03105	0.19067	0.37968	0.00981	0.01501	0.01314	0.00536	0.00675
8	0.02681	0.02319	0.02655	0.02588	0.14390	0.08789	0.01812	0.33701	0.02857	0.03811	0.01666	0.01923	0.01298	0.01025	0.01194	0.00268	0.14429	0.00722	0.00621	0.01252
9	0.01957	0.02067	0.02750	0.02303	0.02425	0.08838	0.07584	0.02191	0.01443	0.02066	0.01166	0.01827	0.01105	0.01324	0.02367	0.00341	0.56206	0.00732	0.00375	0.00934
10	0.01194	0.00808	0.00902	0.00902	0.00920	0.00799	0.00511	0.01207	0.01251	0.01650	0.02979	0.05596	0.06907	0.66516	0.04026	0.00773	0.00781	0.01242	0.00520	0.00516
11	0.00982	0.00842	0.00842	0.00842	0.01122	0.00701	0.00631	0.01192	0.01894	0.02244	0.08416	0.07995	0.65285	0.02104	0.00982	0.00281	0.00421	0.01753	0.00771	0.00701
12	0.01724	0.03893	0.54387	0.02591	0.03742	0.01963	0.14776	0.02637	0.01795	0.02637	0.01528	0.01850	0.01093	0.00772	0.00827	0.00266	0.01262	0.00686	0.00364	0.01207
13	0.00990	0.00842	0.00853	0.00850	0.01127	0.00705	0.00638	0.01208	0.01913	0.02291	0.10842	0.07918	0.62829	0.02087	0.00982	0.00280	0.00420	0.01743	0.00778	0.00705
14	0.01074	0.00845	0.00969	0.00938	0.01179	0.00741	0.00704	0.01371	0.02111	0.02761	0.35384	0.07145	0.37994	0.01911	0.00981	0.00271	0.00407	0.01634	0.00839	0.00741
15	0.00985	0.00830	0.00854	0.00872	0.01130	0.00699	0.00645	0.01189	0.01864	0.02232	0.08041	0.14072	0.59450	0.02153	0.00989	0.00286	0.00427	0.01813	0.00771	0.00699
16	0.02236	0.02338	0.03124	0.07946	0.49999	0.14846	0.02351	0.02678	0.01970	0.02548	0.01503	0.01955	0.01256	0.00768	0.00808	0.00242	0.01094	0.00700	0.00412	0.01225
17	0.02056	0.01974	0.03372	0.05099	0.65622	0.01974	0.02550	0.02550	0.01892	0.02714	0.01563	0.02056	0.01316	0.00740	0.00822	0.00247	0.00987	0.00740	0.00411	0.01316
18	0.01593	0.01501	0.02536	0.65621	0.08718	0.01852	0.02319	0.02144	0.01673	0.02152	0.01481	0.02207	0.01118	0.00826	0.00830	0.00275	0.01101	0.00738	0.00371	0.00943
19	0.02221	0.71304	0.04353	0.01421	0.02132	0.03287	0.01421	0.02488	0.01688	0.01955	0.01155	0.01333	0.01066	0.00711	0.00533	0.00178	0.00888	0.00444	0.00355	0.01066
20	0.01012	0.00723	0.00964	0.01157	0.01205	0.00675	0.00771	0.01157	0.01591	0.02121	0.04579	0.70262	0.05495	0.02603	0.01060	0.00337	0.00482	0.02362	0.00771	0.00675
21	0.01187	0.00890	0.01335	0.01335	0.01483	0.01038	0.01038	0.01483	0.01335	0.01928	0.02225	0.03264	0.02077	0.06231	0.67512	0.01335	0.02225	0.00890	0.00445	0.00742
22	0.02966	0.03384	0.02358	0.05658	0.02714	0.47694	0.01620	0.14478	0.06463	0.02728	0.01558	0.01730	0.01228	0.00898	0.00775	0.00228	0.01315	0.00611	0.00526	0.01067
23	0.00982	0.00842	0.00842	0.00842	0.01122	0.00701	0.00631	0.01192	0.01894	0.02244	0.08416	0.07995	0.65285	0.02104	0.00982	0.00281	0.00421	0.01753	0.00771	0.00701
24	0.03000	0.07870	0.02504	0.02069	0.02525	0.52683	0.01600	0.10553	0.02458	0.02422	0.01355	0.01563	0.01113	0.00890	0.00830	0.00222	0.04286	0.00564	0.00470	0.01023
25	0.02342	0.25829	0.09475	0.02017	0.02557	0.22711	0.05537	0.02671	0.01834	0.02098	0.01247	0.01578	0.01083	0.00911	0.01090	0.00241	0.14795	0.00579	0.00383	0.01022
26	0.01050	0.00810	0.00959	0.00995	0.01182	0.00719	0.00718	0.01297	0.01946	0.02541	0.24680	0.25461	0.30406	0.02124	0.01004	0.00291	0.00430	0.01852	0.00815	0.00719
27	0.01021	0.00727	0.00961	0.01145	0.01191	0.00681	0.00759	0.01159	0.01573	0.02098	0.04490	0.67342	0.05383	0.05675	0.01203	0.00358	0.00497	0.02310	0.00759	0.00667
28	0.01095	0.00822	0.01025	0.01166	0.01274	0.00791	0.00800	0.01426	0.06713	0.02244	0.04893	0.58118	0.11665	0.02429	0.01034	0.00327	0.00490	0.02181	0.00777	0.00730
29	0.01012	0.00723	0.00964	0.01157	0.01205	0.00675	0.00771	0.01157	0.01591	0.02121	0.04579	0.70262	0.05495	0.02603	0.01060	0.00337	0.00482	0.02362	0.00771	0.00675
30	0.02016	0.01686	0.01771	0.01601	0.02044	0.01940	0.01243	0.04173	0.58034	0.03438	0.03316	0.03099	0.02496	0.01112	0.00819	0.00273	0.00631	0.00923	0.08123	0.01262
31	0.01955	0.21920	0.34615	0.02445	0.08276	0.05791	0.08889	0.02625	0.01801	0.02427	0.01416	0.01704	0.01101	0.00758	0.00741	0.00238	0.01150	0.00614	0.00368	0.01166
32	0.02632	0.03117	0.02880	0.02393	0.02825	0.38630	0.13145	0.06084	0.02144	0.02314	0.01358	0.01729	0.01128	0.00955	0.01195	0.00258	0.15103	0.00669	0.00435	0.01006
33	0.00993	0.00834	0.00863	0.00873	0.01134	0.00703	0.00648	0.01208	0.01894	0.02287	0.10857	0.12239	0.58388	0.02119	0.00987	0.00284	0.00424	0.01784	0.00778	0.00703
34	0.01885	0.01799	0.03062	0.27519	0.44543	0.01929	0.02464	0.02399	0.01810	0.02506	0.01532	0.02112	0.01243	0.00772	0.00825	0.00257	0.01029	0.00740	0.00396	0.01178
35	0.02159	0.02158	0.03198	0.04640	0.56294	0.08370	0.02396	0.02718	0.05050	0.02686	0.01626	0.02054	0.01353	0.00771	0.00816	0.00245	0.01020	0.00730	0.00435	0.01281
36	0.01007	0.00744	0.00942	0.01100	0.01190	0.00680	0.00746	0.01163	0.01645	0.02143	0.05266	0.59117	0.16197	0.02513	0.01046	0.00327	0.00471	0.02253	0.00771	0.00680
37	0.03103	0.03959	0.02354	0.02140	0.02568	0.67469	0.01605	0.03317	0.02354	0.02033	0.01284	0.01498	0.01070	0.00856	0.00749	0.00214	0.01498	0.00535	0.00428	0.00963
38	0.01191	0.00873	0.01251	0.01251	0.01370	0.00993	0.00933	0.01429	0.01310	0.01866	0.02302	0.03691	0.02262	0.18928	0.55068	0.01231	0.01946	0.00953	0.00457	0.00695
39	0.01187	0.00890	0.01335	0.01335	0.01483	0.01038	0.01038	0.01483	0.01335	0.01928	0.02225	0.03264	0.02077	0.06231	0.67512	0.01335	0.02225	0.00890	0.00445	0.00742
40	0.02281	0.02589	0.02476	0.02166	0.02321	0.25945	0.01741	0.02474	0.01662	0.02011	0.01160	0.01702	0.01083	0.01239	0.02014	0.00310	0.44852	0.00658	0.00387	0.00928
41	0.01723	0.01477	0.01723	0.01230	0.01969	0.01107	0.00984	0.02092	0.01723	0.02707	0.01477	0.01723	0.01230	0.00615	0.00615	0.00123	0.00615	0.00492	0.00492	0.75883
42	0.01188	0.00886	0.01316	0.01316	0.01457	0.01028	0.01014	0.01471	0.01329	0.01914	0.02243	0.03362	0.02119	0.09148	0.64653	0.01311	0.02161	0.00904	0.00448	0.00731
43	0.01208	0.00805	0.00906	0.00906	0.00906	0.00805	0.00503	0.01208	0.01208	0.01611	0.02618	0.05436	0.03020	0.70804	0.04228	0.00805	0.00805	0.01208	0.00503	0.00503
44	0.01549	0.00774	0.00774	0.00774	0.00968	0.00774	0.00581	0.01936	0.01742	0.03097	0.02710	0.03097	0.02129	0.00968	0.00581	0.00194	0.00387	0.00774	0.75416	0.00774
45	0.02056	0.01974	0.03372	0.05099	0.65622	0.01974	0.02550	0.02550	0.01892	0.02714	0.01563	0.02056	0.01316	0.00740	0.00822	0.00247	0.00987	0.00740	0.00411	0.01316
46	0.01037	0.00742	0.00986	0.01140	0.01210	0.00691	0.00773	0.01219	0.01706	0.02304	0.13758	0.60560	0.05850	0.02466	0.01048	0.00326	0.00468	0.02232	0.00793	0.00691
47	0.01045	0.00844	0.00930	0.00908	0.01161	0.00728	0.00681	0.01315	0.02043	0.02600	0.27001	0.07409	0.46478	0.01971	0.00981	0.00274	0.00411	0.01671	0.00818	0.00728
48	0.01549	0.00774	0.00774	0.00774	0.00968	0.00774	0.00581	0.01936	0.01742	0.03097	0.02710	0.03097	0.02129	0.00968	0.00581	0.00194	0.00387	0.00774	0.75416	0.00774
49	0.01590	0.01498	0.02530	0.66053	0.08312	0.01851	0.02318	0.02141	0.01671	0.02148	0.01480	0.02208	0.01116	0.00827	0.00830	0.00276	0.01102	0.00738	0.00371	0.00940
50	0.01666	0.04297	0.66500	0.02368	0.03596	0.01929	0.03069	0.02631	0.01754	0.02631	0.01491	0.01754	0.01052	0.00789	0.00789	0.00263	0.01228	0.00614	0.00351	0.01228
51	0.01126	0.00847	0.01041	0.00993	0.01210	0.00763	0.00744	0.01471	0.02233	0.03051	0.50529	0.06667	0.22669	0.01803	0.00980	0.00266	0.00399	0.01567	0.00878	0.00763
52	0.01503	0.00843	0.00933	0.00914	0.01079	0.00897	0.00687	0.01843	0.01639	0.02819	0.02569	0.03209	0.02131	0.06375	0.07641	0.00359	0.04252	0.00814	0.58733	0.00759
53	0.01052	0.00777	0.01042	0.01207	0.01253	0.00767	0.00823	0.01198	0.01575	0.02115	0.04407	0.66890	0.05278	0.02546	0.01142	0.00339	0.03871	0.02281	0.00751	0.00686
54	0.02221	0.71304	0.04353	0.01421	0.02132	0.03287	0.01421	0.02488	0.01688	0.01955	0.01155	0.01333	0.01066	0.00711	0.00533	0.00178	0.00888	0.00444	0.00355	0.01066
55	0.01038	0.00839	0.00932	0.00990	0.01221	0.00734	0.00755	0.01263	0.01849	0.02260	0.07234	0.17966	0.47175	0.02210	0.01018	0.00304	0.00480	0.10253	0.00770	0.00706
56	0.01415	0.01226	0.01773	0.01641	0.01736	0.01583	0.01320	0.01670	0.01312	0.01954	0.01815	0.02740	0.01720	0.04502	0.44068	0.00984	0.26492	0.00831	0.00416	0.00802
57	0.02032	0.01949	0.03329	0.08238	0.62671	0.01968	0.02538	0.02529	0.01880	0.02685	0.01558	0.02064	0.01306	0.00745	0.00823	0.00248	0.00993	0.00740	0.00409	0.01297
58	0.00982	0.00842	0.00842	0.00842	0.01122	0.00701	0.00631	0.01192	0.01894	0.02244	0.08416	0.07995	0.65285	0.02104	0.00982	0.00281	0.00421	0.01753	0.00771	0.00701
59	0.02101	0.02109	0.03169	0.12279	0.52447	0.08350	0.02429	0.02574	0.01910	0.02578	0.01525	0.02020	0.01267	0.00762	0.00816	0.00247	0.01051	0.00720	0.00408	0.01235
60	0.02397	0.12967	0.02472	0.01930	0.04954	0.24683	0.01478	0.05550	0.20252	0.02608	0.02401	0.02456	0.05988	0.01038	0.00891	0.00245	0.05272	0.00753	0.00574	0.01092
61	0.01075	0.00794	0.01010	0.01096	0.01234	0.00729	0.00788	0.01318	0.01882	0.02517	0.22908	0.37624	0.15844	0.02238	0.01029	0.00309	0.00463	0.05611	0.00813	0.00717
62	0.02115	0.09689	0.05572	0.09028	0.12476	0.12843	0.04702	0.06177	0.01848	0.02376	0.01433	0.01935	0.01228	0.01403	0.06684	0.00357	0.17988	0.00690	0.00419	0.01040
63	0.01967	0.02130	0.04275	0.03729	0.18542	0.02121	0.41595	0.02560	0.01867	0.02599	0.01586	0.02150	0.01254	0.00795	0.01140	0.00282	0.08958	0.00895	0.00412	0.01143
64	0.01020	0.00843	0.00895	0.00882	0.01146	0.00718	0.00661	0.01266	0.01984	0.02459	0.19615	0.07642	0.53952	0.02024	0.00981	0.00277	0.00415	0.01704	0.00800	0.00718
65	0.02066	0.01785	0.01878	0.01691	0.02160	0.02066	0.01315	0.04414	0.64121	0.03475	0.03381	0.03099	0.02536	0.01127	0.00845	0.00282	0.00657	0.00939	0.00845	0.01315
66	0.19527	0.05474	0.02288	0.33602	0.03826	0.04685	0.01760	0.14206	0.02074	0.03097	0.01479	0.01894	0.01115	0.00844	0.00738	0.00259	0.00965	0.00649	0.00495	0.01023
67	0.01208	0.00805	0.00906	0.00906	0.00906	0.00805	0.00503	0.01208	0.01208	0.01611	0.02618	0.05436	0.03020	0.70804	0.04228	0.00805	0.00805	0.01208	0.00503	0.00503
68	0.00993	0.00799	0.00886	0.00956	0.01152	0.00692	0.00682	0.01179	0.01784	0.02200	0.07027	0.30528	0.43649	0.02284	0.01010	0.00301	0.00443	0.01973	0.00771	0.00692
69	0.02552	0.40909	0.03518	0.01929	0.06264	0.28048	0.01563	0.02813	0.01959	0.02032	0.01230	0.01442	0.01083	0.00769	0.00635	0.00196	0.01131	0.00498	0.00387	0.01042
70	0.01208	0.00805	0.00906	0.00906	0.00906	0.00805	0.00503	0.01208	0.01208	0.01611	0.02618	0.05436	0.03020	0.70804	0.04228	0.00805	0.00805	0.01208	0.00503	0.00503
71	0.01026	0.00729	0.00960	0.01139	0.01184	0.00684	0.00753	0.01160	0.01564	0.02085	0.04442	0.65755	0.05322	0.07344	0.01281	0.00370	0.00504	0.02281	0.00753	0.00663
72	0.01311	0.00937	0.01307	0.01499	0.01678	0.00933	0.01291	0.01674	0.01885	0.02455	0.04414	0.14490	0.04841	0.02321	0.01140	0.00379	0.00741	0.55182	0.00765	0.00757
73	0.01684	0.01613	0.02256	0.01970	0.01992	0.02206	0.01614	0.01870	0.01277	0.01962	0.01360	0.02278	0.01367	0.06965	0.12181	0.00534	0.54844	0.00784	0.00385	0.00856
74	0.01208	0.00805	0.00906	0.00906	0.00906	0.00805	0.00503	0.01208	0.01208	0.01611	0.02618	0.05436	0.03020	0.70804	0.04228	0.00805	0.00805	0.01208	0.00503	0.00503
75	0.03103	0.03959	0.02354	0.02140	0.02568	0.67469	0.01605	0.03317	0.02354	0.02033	0.01284	0.01498	0.01070	0.00856	0.00749	0.00214	0.01498	0.00535	0.00428	0.00963
76	0.00982	0.00842	0.00842	0.00842	0.01122	0.00701	0.00631	0.01192	0.01894	0.02244	0.08416	0.07995	0.65285	0.02104	0.00982	0.00281	0.00421	0.01753	0.00771	0.00701
77	0.01208	0.00805	0.00906	0.00906	0.00906	0.00805	0.00503	0.01208	0.01208	0.01611	0.02618	0.05436	0.03020	0.70804	0.04228	0.00805	0.00805	0.01208	0.00503	0.00503
78	0.03103	0.03959	0.02354	0.02140	0.02568	0.67469	0.01605	0.03317	0.02354	0.02033	0.01284	0.01498	0.01070	0.00856	0.00749	0.00214	0.01498	0.00535	0.00428	0.00963
79	0.01236	0.00880	0.01097	0.01077	0.01112	0.00955	0.00702	0.01316	0.01242	0.01707	0.02442	0.04723	0.02691	0.51669	0.19242	0.00908	0.04830	0.01106	0.00482	0.00582
80	0.01187	0.00890	0.01335	0.01335	0.01483	0.01038	0.01038	0.01483	0.01335	0.01928	0.02225	0.03264	0.02077	0.06231	0.67512	0.01335	0.02225	0.00890	0.00445	0.00742
81	0.01187	0.00890	0.01335	0.01335	0.01483	0.01038	0.01038	0.01483	0.01335	0.01928	0.02225	0.03264	0.02077	0.06231	0.67512	0.01335	0.02225	0.00890	0.00445	0.00742
82	0.01057	0.00771	0.00995	0.01093	0.01207	0.00709	0.00761	0.01280	0.01843	0.02487	0.22671	0.45459	0.12015	0.02290	0.01029	0.00310	0.00450	0.02051	0.00813	0.00709
83	0.02953	0.11109	0.02633	0.02210	0.05915	0.53858	0.01635	0.06025	0.02331	0.02214	0.01319	0.01534	0.01099	0.00841	0.00733	0.00214	0.01376	0.00546	0.00438	0.01015
84	0.02056	0.01974	0.03372	0.05099	0.65622	0.01974	0.02550	0.02550	0.01892	0.02714	0.01563	0.02056	0.01316	0.00740	0.00822	0.00247	0.00987	0.00740	0.00411	0.01316
85	0.01064	0.00828	0.00865	0.00865	0.01044	0.00739	0.00585	0.01198	0.01645	0.02015	0.06318	0.07069	0.42753	0.26965	0.02157	0.00470	0.00560	0.01556	0.00674	0.00630
86	0.01187	0.00890	0.01335	0.01335	0.01483	0.01038	0.01038	0.01483	0.01335	0.01928	0.02225	0.03264	0.02077	0.06231	0.67512	0.01335	0.02225	0.00890	0.00445	0.00742
87	0.02056	0.01974	0.03372	0.05099	0.65622	0.01974	0.02550	0.02550	0.01892	0.02714	0.01563	0.02056	0.01316	0.00740	0.00822	0.00247	0.00987	0.00740	0.00411	0.01316
88	0.01187	0.00890	0.01335	0.01335	0.01483	0.01038	0.01038	0.01483	0.01335	0.01928	0.02225	0.03264	0.02077	0.06231	0.67512	0.01335	0.02225	0.00890	0.00445	0.00742
89	0.01030	0.00812	0.00929	0.00966	0.01168	0.00711	0.00699	0.01260	0.01908	0.02435	0.19066	0.23914	0.37854	0.02151	0.01002	0.00291	0.00431	0.01861	0.00801	0.00711
90	0.01480	0.01324	0.01299	0.01218	0.01569	0.04216	0.00930	0.02473	0.24456	0.02735	0.09154	0.05839	0.36760	0.01673	0.00922	0.00277	0.00554	0.01391	0.00790	0.00939
91	0.01346	0.01126	0.01683	0.08451	0.02052	0.01407	0.01317	0.01647	0.01357	0.01962	0.01933	0.02882	0.01790	0.04770	0.48377	0.01042	0.14801	0.00844	0.00422	0.00792
92	0.01026	0.00729	0.00960	0.01139	0.01184	0.00684	0.00753	0.01160	0.01564	0.02085	0.04442	0.65755	0.05322	0.07344	0.01281	0.00370	0.00504	0.02281	0.00753	0.00663
93	0.00994	0.00842	0.00858	0.00854	0.01130	0.00706	0.00641	0.01216	0.01922	0.02312	0.11959	0.07883	0.61699	0.02079	0.00982	0.00279	0.00419	0.01738	0.00780	0.00706
94	0.01818	0.01542	0.01659	0.01552	0.01933	0.01742	0.01181	0.03654	0.49514	0.03164	0.03835	0.15990	0.05929	0.01450	0.00892	0.00292	0.00614	0.01244	0.00828	0.01166
95	0.01951	0.15080	0.05737	0.05291	0.02788	0.02452	0.12959	0.02720	0.13874	0.02434	0.01696	0.02072	0.01401	0.01055	0.01454	0.00289	0.24451	0.00758	0.00467	0.01071
96	0.06672	0.02413	0.02194	0.01853	0.02364	0.15540	0.01471	0.24948	0.23441	0.03754	0.02223	0.02219	0.01675	0.01023	0.00897	0.00259	0.04352	0.00752	0.00714	0.01236
97	0.03103	0.03959	0.02354	0.02140	0.02568	0.67469	0.01605	0.03317	0.02354	0.02033	0.01284	0.01498	0.01070	0.00856	0.00749	0.00214	0.01498	0.00535	0.00428	0.00963
98	0.13902	0.01964	0.06242	0.13843	0.43132	0.01935	0.02277	0.02473	0.01773	0.02783	0.01481	0.01951	0.01204	0.00761	0.00773	0.00254	0.00963	0.00687	0.00418	0.01186
99	0.01426	0.00722	0.01078	0.01085	0.01087	0.00720	0.00723	0.01085	0.01102	0.01469	0.01564	0.05142	0.01599	0.02875	0.03162	0.72914	0.00712	0.00785	0.00377	0.00373
100	0.02143	0.13237	0.02880	0.10600	0.23016	0.09328	0.01876	0.03119	0.20075	0.02671	0.01988	0.02202	0.01581	0.00872	0.00775	0.00246	0.00944	0.00728	0.00526	0.01191
101	0.01181	0.03775	0.09432	0.01326	0.01624	0.00991	0.03239	0.01472	0.01709	0.02263	0.07654	0.39257	0.16038	0.04703	0.01107	0.00324	0.00619	0.01822	0.00688	0.00778
102	0.01642	0.01899	0.07739	0.01494	0.01795	0.16163	0.01202	0.02041	0.05755	0.02334	0.09326	0.31354	0.07146	0.04904	0.01081	0.00309	0.00801	0.01519	0.00658	0.00839
103	0.01699	0.01423	0.01524	0.01371	0.01751	0.04783	0.01077	0.08201	0.13931	0.03108	0.18859	0.07928	0.11451	0.01495	0.00903	0.00263	0.00632	0.07985	0.00771	0.10847
104	0.02344	0.19637	0.02784	0.01801	0.02338	0.21150	0.05629	0.06182	0.13755	0.02666	0.08594	0.02351	0.02110	0.00947	0.00753	0.00225	0.00993	0.00732	0.00564	0.04445
105	0.10094	0.02125	0.02128	0.18342	0.03081	0.17425	0.04630	0.02948	0.17079	0.02720	0.06600	0.02695	0.04675	0.01011	0.00805	0.00260	0.00976	0.00817	0.00573	0.01016
106	0.01753	0.01564	0.01831	0.01723	0.04398	0.09381	0.05643	0.04842	0.01939	0.06391	0.07009	0.23227	0.14920	0.01719	0.01169	0.00294	0.09202	0.01440	0.00665	0.00889
107	0.01900	0.25774	0.02408	0.01328	0.01803	0.13510	0.01126	0.05283	0.02011	0.02265	0.04309	0.04229	0.28386	0.01344	0.00778	0.00232	0.00799	0.01033	0.00570	0.00911
108	0.02752	0.09167	0.02400	0.01853	0.02341	0.28444	0.01462	0.22538	0.06543	0.03143	0.01872	0.06574	0.01598	0.01122	0.00900	0.03751	0.01091	0.00757	0.00600	0.01094
109	0.02392	0.02351	0.06789	0.09117	0.02855	0.14767	0.06562	0.17136	0.08700	0.07068	0.02524	0.08730	0.05050	0.01133	0.00855	0.00262	0.01007	0.00940	0.00641	0.01121
110	0.02549	0.04973	0.02266	0.02088	0.08140	0.24908	0.01495	0.14935	0.12371	0.03069	0.02043	0.05218	0.01682	0.00989	0.00776	0.00234	0.01012	0.00757	0.05803	0.04692
111	0.01863	0.01241	0.01589	0.01489	0.05027	0.03711	0.04301	0.02320	0.04989	0.14105	0.22647	0.04502	0.12175	0.01559	0.03749	0.00299	0.00672	0.01152	0.11651	0.00959

[dist]
# distance from previous block
# <min> <max>
10	66

[block]
# block no. 3 follows, 22 sequences, length 49
# corresponding to MSA columns:
# 319-367
name=unknown_D
#
# <colnr> <probs for GDERKNQSTAVLIFYWHMCP>
#	G	D	E	R	K	N	Q	S	T	A	V	L	I	F	Y	W	H	M	C	P
0	0.02505	0.20744	0.12964	0.02327	0.09347	0.05161	0.09501	0.12162	0.02233	0.12729	0.01780	0.01929	0.01322	0.00824	0.00761	0.00236	0.01017	0.00680	0.00550	0.01227
1	0.02183	0.01916	0.01807	0.01523	0.02013	0.12277	0.01163	0.05727	0.21188	0.07142	0.02342	0.02726	0.01926	0.10804	0.01245	0.00298	0.00819	0.00774	0.00644	0.21483
2	0.02239	0.29615	0.08737	0.02312	0.10359	0.14816	0.04380	0.02585	0.01783	0.02158	0.01269	0.01611	0.01109	0.00876	0.01028	0.00237	0.12858	0.00584	0.00380	0.01067
3	0.12988	0.07152	0.01870	0.01509	0.01878	0.20057	0.01187	0.02487	0.02000	0.08792	0.16047	0.06346	0.02974	0.01601	0.06412	0.00338	0.03919	0.00894	0.00619	0.00930
4	0.02238	0.10316	0.20219	0.02222	0.08081	0.15707	0.01986	0.12132	0.02206	0.02775	0.02144	0.02331	0.07380	0.00997	0.00915	0.00249	0.05762	0.00730	0.00491	0.01120
5	0.01112	0.00825	0.01071	0.01177	0.01257	0.00797	0.00798	0.01254	0.01540	0.02090	0.04015	0.55675	0.04763	0.10420	0.01478	0.00381	0.03541	0.02046	0.00706	0.05056
