[name]
unknown

[dist]
# distance from previous block
# <min> <max>
0	7

[block]
# block no. 0 follows, 22 sequences, length 45
# corresponding to MSA columns:
# 7-51
name=unknown_A
#
# <colnr> <probs for GDERKNQSTAVLIFYWHMCP>
#	G	D	E	R	K	N	Q	S	T	A	V	L	I	F	Y	W	H	M	C	P
0	0.25153	0.02017	0.01958	0.01945	0.09399	0.11797	0.01386	0.08779	0.07657	0.14715	0.02091	0.02447	0.01624	0.00977	0.00744	0.00259	0.00860	0.04407	0.00658	0.01128
1	0.01458	0.01849	0.18015	0.01833	0.08931	0.01187	0.01537	0.01879	0.01791	0.05973	0.07019	0.21797	0.16369	0.05232	0.01096	0.00312	0.00740	0.01420	0.00632	0.00930
2	0.02151	0.02104	0.02587	0.03130	0.30316	0.10996	0.01811	0.05438	0.05225	0.02773	0.01611	0.01923	0.01322	0.00749	0.00748	0.00205	0.00921	0.00643	0.00481	0.24865
3	0.01003	0.00761	0.00925	0.01057	0.01179	0.00683	0.00727	0.01168	0.01687	0.02160	0.05798	0.50473	0.24496	0.02444	0.01035	0.00319	0.00463	0.02168	0.00771	0.00683
4	0.03158	0.02327	0.02493	0.01911	0.02576	0.02576	0.01579	0.62852	0.03906	0.05236	0.01995	0.01995	0.01413	0.00997	0.00831	0.00249	0.00914	0.00748	0.00831	0.01413
5	0.03103	0.03959	0.02354	0.02140	0.02568	0.67469	0.01605	0.03317	0.02354	0.02033	0.01284	0.01498	0.01070	0.00856	0.00749	0.00214	0.01498	0.00535	0.00428	0.00963
6	0.01123	0.00847	0.01038	0.00990	0.01209	0.00761	0.00743	0.01466	0.02228	0.03037	0.49809	0.06690	0.23398	0.01808	0.00980	0.00266	0.00400	0.01570	0.00876	0.00761
7	0.01187	0.00890	0.01335	0.01335	0.01483	0.01038	0.01038	0.01483	0.01335	0.01928	0.02225	0.03264	0.02077	0.06231	0.67512	0.01335	0.02225	0.00890	0.00445	0.00742
8	0.01012	0.00723	0.00964	0.01157	0.01205	0.00675	0.00771	0.01157	0.01591	0.02121	0.04579	0.70262	0.05495	0.02603	0.01060	0.00337	0.00482	0.02362	0.00771	0.00675
9	0.01361	0.01146	0.01669	0.01568	0.01676	0.01454	0.01253	0.01626	0.01318	0.01948	0.01912	0.02865	0.01805	0.04914	0.49652	0.01067	0.20712	0.00845	0.00423	0.00788
10	0.01922	0.01837	0.03129	0.22663	0.49108	0.01939	0.02483	0.02432	0.01828	0.02551	0.01539	0.02100	0.01258	0.00765	0.00825	0.00255	0.01020	0.00740	0.00400	0.01208
11	0.02750	0.25223	0.03061	0.02119	0.06848	0.42483	0.01613	0.03000	0.02110	0.02056	0.01263	0.01485	0.01086	0.00802	0.00686	0.00205	0.01269	0.00521	0.00404	0.01021
12	0.45475	0.05787	0.01795	0.01502	0.01993	0.26612	0.01190	0.02773	0.01781	0.03006	0.01205	0.01405	0.00972	0.00800	0.00603	0.00237	0.00976	0.00482	0.00474	0.00931
13	0.01883	0.02934	0.28116	0.03670	0.27303	0.01986	0.16822	0.02607	0.01855	0.02670	0.01563	0.01983	0.01201	0.00750	0.00847	0.00261	0.01177	0.00748	0.00390	0.01236
14	0.01168	0.00789	0.01004	0.01113	0.01243	0.00716	0.00772	0.01346	0.01727	0.05802	0.08251	0.52187	0.16029	0.02380	0.01030	0.00319	0.00479	0.02125	0.00793	0.00726
15	0.01897	0.03501	0.41022	0.03260	0.24141	0.06536	0.02794	0.02652	0.01842	0.02617	0.01500	0.01836	0.01141	0.00778	0.00797	0.00254	0.01167	0.00650	0.00376	0.01239
16	0.01012	0.00723	0.00964	0.01157	0.01205	0.00675	0.00771	0.01157	0.01591	0.02121	0.04579	0.70262	0.05495	0.02603	0.01060	0.00337	0.00482	0.02362	0.00771	0.00675
17	0.01001	0.00834	0.00873	0.00881	0.01138	0.00707	0.00654	0.01222	0.01912	0.02329	0.13031	0.12204	0.56153	0.02104	0.00987	0.00283	0.00423	0.01774	0.00784	0.00707
18	0.01958	0.01874	0.02773	0.11455	0.38314	0.04815	0.02052	0.02411	0.01840	0.02610	0.01516	0.01958	0.01256	0.00723	0.00764	0.00215	0.00925	0.00663	0.00429	0.21449
19	0.01536	0.03374	0.48850	0.02088	0.03023	0.01688	0.02519	0.02320	0.01640	0.02441	0.01690	0.02163	0.01330	0.02263	0.18861	0.00553	0.01498	0.00689	0.00376	0.01096
20	0.01012	0.00723	0.00964	0.01157	0.01205	0.00675	0.00771	0.01157	0.01591	0.02121	0.04579	0.70262	0.05495	0.02603	0.01060	0.00337	0.00482	0.02362	0.00771	0.00675
21	0.01666	0.04297	0.66500	0.02368	0.03596	0.01929	0.03069	0.02631	0.01754	0.02631	0.01491	0.01754	0.01052	0.00789	0.00789	0.00263	0.01228	0.00614	0.00351	0.01228
22	0.03103	0.03959	0.02354	0.02140	0.02568	0.67469	0.01605	0.03317	0.02354	0.02033	0.01284	0.01498	0.01070	0.00856	0.00749	0.00214	0.01498	0.00535	0.00428	0.00963
23	0.01176	0.00849	0.01110	0.01045	0.01241	0.00784	0.00784	0.01568	0.02352	0.03331	0.65184	0.06206	0.07839	0.01698	0.00980	0.00261	0.00392	0.01502	0.00914	0.00784
24	0.01161	0.00793	0.00913	0.00947	0.00971	0.00777	0.00558	0.01198	0.01312	0.01735	0.03268	0.17142	0.06690	0.55067	0.03494	0.00695	0.00728	0.01442	0.00565	0.00544
25	0.00982	0.00842	0.00842	0.00842	0.01122	0.00701	0.00631	0.01192	0.01894	0.02244	0.08416	0.07995	0.65285	0.02104	0.00982	0.00281	0.00421	0.01753	0.00771	0.00701
26	0.01923	0.01838	0.03132	0.22459	0.49300	0.01939	0.02483	0.02433	0.01829	0.02553	0.01539	0.02099	0.01259	0.00765	0.00825	0.00255	0.01020	0.00740	0.00400	0.01209
27	0.22757	0.02784	0.05040	0.13430	0.06879	0.31281	0.01659	0.02795	0.01923	0.02580	0.01309	0.01627	0.01045	0.00818	0.00705	0.00241	0.01154	0.00563	0.00437	0.00973
28	0.01081	0.00845	0.00979	0.00945	0.01183	0.00743	0.00709	0.01384	0.02127	0.02798	0.37345	0.07083	0.36011	0.01897	0.00981	0.00271	0.00406	0.01625	0.00844	0.00743
29	0.01687	0.01246	0.01304	0.01180	0.01332	0.04225	0.00816	0.11069	0.01763	0.02438	0.02377	0.04148	0.02428	0.42107	0.02910	0.00574	0.05123	0.01012	0.11529	0.00731
30	0.01926	0.01511	0.01579	0.01442	0.01837	0.01716	0.01116	0.03743	0.47226	0.03373	0.03199	0.03099	0.02426	0.01084	0.00774	0.00258	0.00584	0.00895	0.21042	0.01168
31	0.01549	0.00774	0.00774	0.00774	0.00968	0.00774	0.00581	0.01936	0.01742	0.03097	0.02710	0.03097	0.02129	0.00968	0.00581	0.00194	0.00387	0.00774	0.75416	0.00774
32	0.26305	0.07267	0.02107	0.01638	0.02143	0.19449	0.01325	0.18075	0.02327	0.03432	0.01472	0.01654	0.01152	0.00888	0.00765	0.00240	0.04162	0.00576	0.03968	0.01054
33	0.02221	0.02433	0.02068	0.01864	0.02086	0.28810	0.01461	0.02459	0.01786	0.02142	0.01539	0.02057	0.01356	0.01837	0.11011	0.00421	0.23006	0.00678	0.09875	0.00890
34	0.03158	0.02327	0.02493	0.01911	0.02576	0.02576	0.01579	0.62852	0.03906	0.05236	0.01995	0.01995	0.01413	0.00997	0.00831	0.00249	0.00914	0.00748	0.00831	0.01413
35	0.00984	0.00834	0.00849	0.00862	0.01127	0.00700	0.00640	0.01190	0.01874	0.02236	0.08173	0.11933	0.61504	0.02135	0.00987	0.00284	0.00425	0.01792	0.00771	0.00700
36	0.03103	0.03959	0.02354	0.02140	0.02568	0.67469	0.01605	0.03317	0.02354	0.02033	0.01284	0.01498	0.01070	0.00856	0.00749	0.00214	0.01498	0.00535	0.00428	0.00963
37	0.01019	0.00843	0.00893	0.00881	0.01145	0.00717	0.00660	0.01264	0.01981	0.02453	0.19315	0.07651	0.54255	0.02026	0.00981	0.00277	0.00415	0.01705	0.00799	0.00717
38	0.01074	0.00768	0.00954	0.01055	0.01129	0.00721	0.00695	0.01217	0.01610	0.02141	0.11063	0.41818	0.10779	0.18885	0.01807	0.00436	0.00544	0.01933	0.00722	0.00648
39	0.01009	0.00734	0.00953	0.01128	0.01197	0.00677	0.00758	0.01160	0.01618	0.02132	0.04929	0.64585	0.10946	0.02557	0.01053	0.00332	0.00476	0.02306	0.00771	0.00677
40	0.02280	0.05385	0.02916	0.03359	0.28834	0.19770	0.02050	0.02604	0.01839	0.02306	0.01343	0.01811	0.01178	0.00963	0.01306	0.00267	0.19618	0.00669	0.00400	0.01100
41	0.19279	0.06603	0.02048	0.08958	0.04917	0.08702	0.01359	0.13152	0.02028	0.03047	0.01619	0.02100	0.01356	0.04883	0.10515	0.00419	0.01096	0.00658	0.00519	0.06741
42	0.09897	0.06124	0.14131	0.03198	0.27666	0.15503	0.02157	0.06933	0.02045	0.02803	0.01462	0.01777	0.01171	0.00792	0.00757	0.00241	0.01090	0.00632	0.00441	0.01180
43	0.02120	0.32444	0.27711	0.01999	0.02874	0.11782	0.05509	0.02669	0.01823	0.02262	0.01330	0.01567	0.01072	0.00761	0.00686	0.00221	0.01132	0.00552	0.00368	0.01116
44	0.28793	0.21130	0.11458	0.01878	0.08081	0.11667	0.01594	0.02616	0.01714	0.02761	0.01258	0.01488	0.01029	0.00767	0.00619	0.00229	0.00944	0.00510	0.00427	0.01037

[dist]
# distance from previous block
# <min> <max>
3	10

[block]
# block no. 1 follows, 22 sequences, length 8
# corresponding to MSA columns:
# 62-69
name=unknown_B
#
# <colnr> <probs for GDERKNQSTAVLIFYWHMCP>
#	G	D	E	R	K	N	Q	S	T	A	V	L	I	F	Y	W	H	M	C	P
0	0.03108	0.03809	0.02367	0.02119	0.02569	0.61475	0.01603	0.08816	0.02498	0.02329	0.01350	0.01544	0.01102	0.00869	0.00757	0.00217	0.01444	0.00555	0.00465	0.01005
1	0.01833	0.01486	0.01810	0.11565	0.05367	0.01641	0.01394	0.03162	0.31960	0.06575	0.03986	0.04329	0.13458	0.01336	0.00893	0.00287	0.00710	0.06355	0.00746	0.01106
2	0.01065	0.00763	0.00947	0.01059	0.01129	0.00715	0.00695	0.01199	0.01581	0.02092	0.08395	0.44591	0.11221	0.18443	0.01788	0.00436	0.00546	0.01974	0.00718	0.00644
3	0.00982	0.00842	0.00842	0.00842	0.01122	0.00701	0.00631	0.01192	0.01894	0.02244	0.08416	0.07995	0.65285	0.02104	0.00982	0.00281	0.00421	0.01753	0.00771	0.00701
4	0.01877	0.02045	0.06924	0.17876	0.24836	0.01928	0.22367	0.02468	0.01846	0.02564	0.01574	0.02113	0.01233	0.00741	0.00861	0.00257	0.01138	0.00796	0.00407	0.06148
5	0.01005	0.00750	0.00936	0.01084	0.01186	0.00681	0.00739	0.01165	0.01660	0.02149	0.05461	0.55944	0.19243	0.02488	0.01042	0.00324	0.00468	0.02222	0.00771	0.00681
6	0.02500	0.44190	0.03624	0.01918	0.06758	0.24371	0.01562	0.02766	0.01922	0.02034	0.01226	0.01438	0.01085	0.00761	0.00625	0.00195	0.01097	0.00495	0.00383	0.01050
7	0.02506	0.15695	0.05864	0.02434	0.14538	0.19241	0.01741	0.16041	0.02455	0.03005	0.07231	0.02120	0.01801	0.00910	0.00763	0.00228	0.01043	0.00695	0.00541	0.01147

[dist]
# distance from previous block
# <min> <max>
0	11

[block]
# block no. 2 follows, 22 sequences, length 11
# corresponding to MSA columns:
# 81-91
name=unknown_C
#
# <colnr> <probs for GDERKNQSTAVLIFYWHMCP>
#	G	D	E	R	K	N	Q	S	T	A	V	L	I	F	Y	W	H	M	C	P
0	0.43276	0.06465	0.01821	0.01455	0.01973	0.14893	0.01175	0.08402	0.08215	0.03399	0.01485	0.01615	0.01157	0.00841	0.00624	0.00246	0.00852	0.00543	0.00550	0.01012
1	0.10040	0.01952	0.03172	0.10640	0.38890	0.02021	0.10103	0.08085	0.02013	0.02988	0.01566	0.02015	0.01252	0.00771	0.00812	0.00255	0.01010	0.00741	0.00458	0.01215
2	0.14328	0.06826	0.02423	0.01754	0.02398	0.02515	0.01465	0.49588	0.03377	0.04786	0.01810	0.01852	0.01311	0.00944	0.00763	0.00246	0.00871	0.00682	0.00751	0.01311
3	0.01190	0.00878	0.01272	0.01272	0.01399	0.01004	0.00960	0.01443	0.01317	0.01882	0.02283	0.03581	0.02215	0.15670	0.58261	0.01258	0.02018	0.00937	0.00454	0.00707
4	0.01016	0.00787	0.00926	0.01009	0.01173	0.00697	0.00712	0.01214	0.01799	0.02297	0.12394	0.36821	0.31596	0.02295	0.01018	0.00305	0.00446	0.02011	0.00786	0.00697
5	0.03103	0.03959	0.02354	0.02140	0.02568	0.67469	0.01605	0.03317	0.02354	0.02033	0.01284	0.01498	0.01070	0.00856	0.00749	0.00214	0.01498	0.00535	0.00428	0.00963
6	0.00982	0.00842	0.00842	0.00842	0.01122	0.00701	0.00631	0.01192	0.01894	0.02244	0.08416	0.07995	0.65285	0.02104	0.00982	0.00281	0.00421	0.01753	0.00771	0.00701
7	0.03158	0.02327	0.02493	0.01911	0.02576	0.02576	0.01579	0.62852	0.03906	0.05236	0.01995	0.01995	0.01413	0.00997	0.00831	0.00249	0.00914	0.00748	0.00831	0.01413
8	0.01634	0.01238	0.01621	0.01475	0.01675	0.01480	0.01178	0.10130	0.01747	0.02593	0.02068	0.02798	0.01815	0.03763	0.35383	0.00818	0.13904	0.00822	0.12989	0.00870
9	0.10874	0.02285	0.02111	0.01927	0.06938	0.14755	0.01423	0.28551	0.05518	0.03866	0.01899	0.02043	0.01438	0.00927	0.00743	0.00236	0.00914	0.00686	0.11703	0.01163
10	0.08026	0.48941	0.03610	0.01580	0.02204	0.19514	0.01429	0.02695	0.01837	0.02107	0.01188	0.01376	0.01055	0.00752	0.00587	0.00193	0.01025	0.00468	0.00386	0.01027

[dist]
# distance from previous block
# <min> <max>
5	21

[block]
# block no. 3 follows, 22 sequences, length 14
# corresponding to MSA columns:
# 113-126
name=unknown_D
#
# <colnr> <probs for GDERKNQSTAVLIFYWHMCP>
#	G	D	E	R	K	N	Q	S	T	A	V	L	I	F	Y	W	H	M	C	P
0	0.01186	0.00836	0.01094	0.01106	0.01173	0.00897	0.00750	0.01323	0.01288	0.01781	0.02578	0.08768	0.02779	0.38641	0.31145	0.01002	0.01393	0.01148	0.00496	0.00617
1	0.01070	0.00788	0.01008	0.01115	0.01243	0.00726	0.00800	0.01298	0.01828	0.02431	0.18222	0.41755	0.15162	0.02305	0.01038	0.00316	0.00477	0.06906	0.00802	0.00710
2	0.02284	0.13337	0.02347	0.01672	0.02198	0.05606	0.01358	0.07325	0.44407	0.06184	0.02825	0.02652	0.02133	0.01033	0.00788	0.00258	0.00755	0.00822	0.00751	0.01266
3	0.02544	0.02043	0.02659	0.19587	0.15284	0.02276	0.01948	0.35966	0.02953	0.03965	0.01781	0.02062	0.01317	0.00906	0.00829	0.00256	0.00977	0.00744	0.00634	0.01269
4	0.02295	0.65672	0.04186	0.01482	0.02169	0.08655	0.01437	0.02557	0.01744	0.01961	0.01166	0.01346	0.01066	0.00723	0.00551	0.00181	0.00939	0.00452	0.00361	0.01057
5	0.01071	0.00748	0.00947	0.01081	0.01115	0.00714	0.00691	0.01172	0.01475	0.01967	0.03988	0.50747	0.04750	0.23134	0.02014	0.00478	0.00579	0.02014	0.00691	0.00623
6	0.01392	0.01296	0.01210	0.01199	0.01412	0.11025	0.00875	0.01658	0.02069	0.02606	0.28529	0.21580	0.18283	0.01876	0.00964	0.00277	0.00591	0.01617	0.00774	0.00767
7	0.01012	0.00723	0.00964	0.01157	0.01205	0.00675	0.00771	0.01157	0.01591	0.02121	0.04579	0.70262	0.05495	0.02603	0.01060	0.00337	0.00482	0.02362	0.00771	0.00675
8	0.01187	0.00890	0.01335	0.01335	0.01483	0.01038	0.01038	0.01483	0.01335	0.01928	0.02225	0.03264	0.02077	0.06231	0.67512	0.01335	0.02225	0.00890	0.00445	0.00742
9	0.02661	0.02464	0.17930	0.01862	0.02598	0.01961	0.01791	0.27493	0.06897	0.16410	0.02426	0.07636	0.01854	0.01089	0.00841	0.00263	0.00898	0.00874	0.00749	0.01302
10	0.01168	0.00841	0.00958	0.00994	0.01075	0.00821	0.00628	0.01354	0.04571	0.01929	0.04075	0.20941	0.13873	0.39954	0.02779	0.00583	0.00659	0.01555	0.00628	0.00617
11	0.01499	0.01534	0.06298	0.15330	0.02706	0.01746	0.01681	0.01855	0.01409	0.02037	0.01660	0.02485	0.01495	0.03238	0.28719	0.00737	0.23522	0.00788	0.00397	0.00865
12	0.12725	0.02220	0.10502	0.05912	0.21892	0.08836	0.01841	0.06871	0.01937	0.02841	0.02061	0.02481	0.05534	0.03994	0.03638	0.00316	0.01005	0.00754	0.03565	0.01075
13	0.05007	0.05994	0.02594	0.16352	0.06230	0.12620	0.09150	0.07113	0.08684	0.02696	0.02256	0.02517	0.06575	0.00934	0.00800	0.00244	0.01007	0.00790	0.00522	0.07915

[dist]
# distance from previous block
# <min> <max>
12	45

[block]
# block no. 4 follows, 22 sequences, length 10
# corresponding to MSA columns:
# 174-183
name=unknown_E
#
# <colnr> <probs for GDERKNQSTAVLIFYWHMCP>
#	G	D	E	R	K	N	Q	S	T	A	V	L	I	F	Y	W	H	M	C	P
0	0.10848	0.02234	0.02123	0.06509	0.05590	0.13358	0.01499	0.15350	0.27172	0.03475	0.02276	0.02296	0.01719	0.00975	0.00786	0.00259	0.00898	0.00753	0.00680	0.01200
1	0.01515	0.01203	0.01901	0.02015	0.11881	0.01175	0.06946	0.01908	0.01951	0.05975	0.22253	0.04814	0.10699	0.02446	0.14767	0.00494	0.01008	0.05464	0.00670	0.00914
2	0.01045	0.00770	0.00921	0.01025	0.01122	0.00709	0.00680	0.01176	0.01588	0.02046	0.05140	0.41090	0.20076	0.16630	0.01698	0.00420	0.00534	0.01969	0.00716	0.00646
3	0.02082	0.01924	0.02545	0.02061	0.02498	0.09078	0.15666	0.17406	0.02280	0.02965	0.02336	0.14929	0.02248	0.06517	0.07634	0.00417	0.04695	0.01120	0.00595	0.01005
4	0.01386	0.01228	0.01659	0.20799	0.07289	0.01306	0.01355	0.02007	0.09843	0.02506	0.10730	0.05103	0.28635	0.01475	0.00909	0.00275	0.00687	0.01260	0.00653	0.00896
5	0.01967	0.02073	0.02379	0.26232	0.15087	0.18269	0.01911	0.02370	0.01811	0.02169	0.01599	0.02222	0.01338	0.01941	0.14646	0.00475	0.01416	0.00719	0.00408	0.00968
6	0.02703	0.22467	0.10174	0.01941	0.02564	0.35055	0.01717	0.09644	0.02275	0.02436	0.01351	0.01537	0.01105	0.00824	0.00703	0.00213	0.01234	0.00543	0.00444	0.01072
7	0.00995	0.00790	0.00894	0.00978	0.01158	0.00690	0.00692	0.01177	0.01763	0.02191	0.06757	0.34919	0.39432	0.02320	0.01016	0.00305	0.00447	0.02016	0.00771	0.00690
8	0.01953	0.01869	0.03187	0.18513	0.53010	0.01947	0.02499	0.02460	0.01843	0.02589	0.01545	0.02090	0.01272	0.00759	0.00824	0.00253	0.01012	0.00740	0.00402	0.01233
9	0.02369	0.10130	0.06683	0.02608	0.18820	0.12645	0.01786	0.14542	0.02300	0.03013	0.01536	0.01785	0.01234	0.00784	0.00735	0.00210	0.00982	0.00616	0.00504	0.16719

[dist]
# distance from previous block
# <min> <max>
0	2

[block]
# block no. 5 follows, 22 sequences, length 20
# corresponding to MSA columns:
# 186-205
name=unknown_F
#
# <colnr> <probs for GDERKNQSTAVLIFYWHMCP>
#	G	D	E	R	K	N	Q	S	T	A	V	L	I	F	Y	W	H	M	C	P
0	0.06451	0.06777	0.07422	0.04287	0.09710	0.01685	0.01437	0.02674	0.20935	0.02723	0.03116	0.16576	0.06192	0.05103	0.01027	0.00306	0.00737	0.01161	0.00639	0.01041
1	0.01390	0.01176	0.01836	0.01811	0.05148	0.01164	0.10322	0.01907	0.08634	0.02401	0.03682	0.35019	0.04022	0.07012	0.01258	0.00359	0.00733	0.10592	0.00687	0.00847
2	0.01367	0.01234	0.01269	0.01333	0.04642	0.08215	0.00912	0.01635	0.01995	0.02544	0.25576	0.12882	0.21523	0.07017	0.03860	0.00352	0.00667	0.01473	0.00731	0.00774
3	0.02158	0.16184	0.03158	0.02804	0.19671	0.10877	0.06303	0.05871	0.01914	0.02441	0.01890	0.02237	0.05884	0.00996	0.01138	0.00256	0.13942	0.00743	0.00444	0.01088
4	0.08663	0.02256	0.02479	0.20117	0.16035	0.15416	0.01891	0.12159	0.07748	0.02967	0.01678	0.02007	0.01299	0.00865	0.00787	0.00252	0.01053	0.00692	0.00517	0.01120
5	0.30616	0.03097	0.36453	0.01966	0.02888	0.01918	0.06942	0.02560	0.01639	0.03056	0.01377	0.01636	0.01010	0.00775	0.00698	0.00262	0.01016	0.00580	0.00419	0.01093
6	0.07743	0.02385	0.02686	0.20914	0.26824	0.20752	0.02092	0.02649	0.01928	0.02436	0.01430	0.01886	0.01159	0.00800	0.00781	0.00246	0.01140	0.00659	0.00412	0.01079
7	0.02047	0.06579	0.17269	0.01973	0.05613	0.23849	0.01741	0.02506	0.02094	0.02541	0.18209	0.02917	0.02917	0.01354	0.04607	0.00301	0.01125	0.00834	0.00534	0.00989
8	0.03199	0.02901	0.02337	0.02149	0.07077	0.35573	0.01569	0.12315	0.02557	0.19444	0.01935	0.01963	0.01399	0.00914	0.00789	0.00233	0.01165	0.00661	0.00645	0.01174
9	0.01442	0.01156	0.01428	0.07003	0.01893	0.01219	0.01085	0.02349	0.18480	0.03123	0.34741	0.05421	0.09762	0.01549	0.00945	0.00279	0.00553	0.05814	0.00828	0.00928
10	0.01443	0.00722	0.01082	0.01082	0.01082	0.00722	0.00722	0.01082	0.01082	0.01443	0.01443	0.02525	0.01443	0.02886	0.03247	0.75830	0.00722	0.00722	0.00361	0.00361
11	0.07406	0.01857	0.02042	0.09170	0.07006	0.11948	0.01526	0.02403	0.07870	0.02444	0.04770	0.02632	0.04619	0.01817	0.10107	0.00421	0.17019	0.00804	0.03193	0.00946
12	0.01284	0.00853	0.01154	0.01154	0.01303	0.00951	0.00877	0.01581	0.01432	0.02212	0.02383	0.03387	0.02163	0.09819	0.45026	0.00994	0.01632	0.00884	0.20178	0.00732
13	0.02067	0.15779	0.02703	0.02373	0.19127	0.01971	0.01543	0.08485	0.06785	0.02901	0.01743	0.01989	0.01419	0.00777	0.00690	0.00198	0.00783	0.00634	0.07184	0.20848
14	0.01101	0.00872	0.01002	0.01064	0.01255	0.00812	0.00761	0.01479	0.07092	0.02376	0.10539	0.34143	0.30065	0.02205	0.01004	0.00304	0.00465	0.01926	0.00788	0.00748
15	0.02012	0.19979	0.10298	0.07183	0.08518	0.02209	0.11093	0.09193	0.04432	0.02717	0.01836	0.07813	0.01613	0.00935	0.00776	0.00238	0.00967	0.00817	0.00490	0.06880
16	0.05963	0.10081	0.02934	0.03079	0.26219	0.18714	0.01903	0.15863	0.02403	0.03055	0.01524	0.01792	0.01229	0.00824	0.00760	0.00232	0.01073	0.00645	0.00505	0.01202
17	0.01760	0.02540	0.21755	0.01914	0.05293	0.09227	0.04157	0.06934	0.05581	0.02669	0.03841	0.08033	0.20210	0.01326	0.00873	0.00267	0.00916	0.01097	0.00580	0.01027
18	0.02569	0.02763	0.08109	0.05213	0.02916	0.23948	0.11572	0.11506	0.02341	0.09027	0.02191	0.02374	0.05997	0.00986	0.00938	0.00254	0.04858	0.00784	0.00557	0.01096
19	0.02013	0.05423	0.05689	0.05081	0.11851	0.05454	0.01604	0.15061	0.02248	0.03030	0.05026	0.06068	0.02239	0.01714	0.08344	0.00373	0.01036	0.07595	0.00586	0.09564

[dist]
# distance from previous block
# <min> <max>
0	28

[block]
# block no. 6 follows, 22 sequences, length 38
# corresponding to MSA columns:
# 234-271
name=unknown_G
#
# <colnr> <probs for GDERKNQSTAVLIFYWHMCP>
#	G	D	E	R	K	N	Q	S	T	A	V	L	I	F	Y	W	H	M	C	P
0	0.02078	0.02151	0.02372	0.02982	0.26698	0.18624	0.01761	0.02563	0.05291	0.02685	0.15154	0.03503	0.02997	0.01133	0.00867	0.00256	0.00958	0.06289	0.00575	0.01063
1	0.01642	0.01720	0.09282	0.05845	0.16098	0.01603	0.04289	0.02208	0.05339	0.02465	0.01957	0.02564	0.01651	0.02485	0.20600	0.00578	0.07988	0.00795	0.09890	0.01001
2	0.02231	0.01576	0.02200	0.13206	0.16962	0.01647	0.01650	0.03140	0.18064	0.17330	0.03257	0.03260	0.09644	0.01089	0.00852	0.00267	0.00787	0.00938	0.00703	0.01199
3	0.02140	0.02359	0.06585	0.04212	0.48067	0.12530	0.02311	0.02598	0.01959	0.02571	0.01922	0.02303	0.05079	0.00843	0.00818	0.00244	0.01050	0.00760	0.00432	0.01217
4	0.01456	0.00995	0.01304	0.01286	0.01425	0.01076	0.00965	0.04703	0.05673	0.02190	0.02827	0.11411	0.05387	0.06776	0.13623	0.22644	0.04264	0.07545	0.03759	0.00692
5	0.01343	0.01120	0.01662	0.02219	0.19138	0.01073	0.01286	0.01644	0.01843	0.02496	0.12734	0.29859	0.12724	0.01870	0.00978	0.00297	0.00620	0.05526	0.00691	0.00878
6	0.01677	0.01519	0.01756	0.01435	0.01899	0.05655	0.01141	0.01993	0.01602	0.02361	0.01625	0.02148	0.01438	0.02293	0.19474	0.00495	0.09418	0.00634	0.00459	0.40979
7	0.01889	0.01674	0.05496	0.02374	0.16379	0.01591	0.04161	0.02912	0.20712	0.07820	0.11998	0.04054	0.08983	0.01247	0.00894	0.00275	0.00745	0.04940	0.00715	0.01140
8	0.02823	0.03528	0.02231	0.02125	0.05155	0.57226	0.01538	0.03049	0.02283	0.02086	0.02086	0.02242	0.08189	0.00989	0.00778	0.00223	0.01357	0.00679	0.00465	0.00949
9	0.01593	0.01179	0.01232	0.01139	0.01433	0.01232	0.00849	0.06904	0.18043	0.02881	0.04400	0.04753	0.19879	0.12628	0.01370	0.00344	0.00575	0.01157	0.17511	0.00899
10	0.02095	0.13673	0.19226	0.06432	0.24818	0.11429	0.02320	0.02619	0.01846	0.02411	0.01412	0.01783	0.01153	0.00806	0.00859	0.00243	0.04693	0.00632	0.00385	0.01164
11	0.02080	0.02106	0.08556	0.07094	0.47711	0.01939	0.02386	0.02813	0.08732	0.05732	0.01833	0.02188	0.01453	0.00804	0.00823	0.00254	0.00964	0.00756	0.00481	0.01296
12	0.01082	0.00857	0.01039	0.01024	0.01249	0.00814	0.00779	0.01357	0.01841	0.02401	0.19440	0.06278	0.34818	0.03160	0.19474	0.00569	0.00916	0.01457	0.00713	0.00731
13	0.01200	0.00838	0.01072	0.01072	0.01129	0.00896	0.00710	0.01315	0.01257	0.01734	0.02466	0.04596	0.02655	0.45822	0.28712	0.01010	0.01355	0.01085	0.00481	0.00596
14	0.01151	0.00808	0.01040	0.01090	0.01144	0.00836	0.00722	0.01271	0.01343	0.01831	0.03017	0.21647	0.03400	0.35166	0.20997	0.00831	0.01116	0.01419	0.00557	0.00614
15	0.41915	0.01222	0.01014	0.00945	0.01311	0.01360	0.00752	0.02208	0.01566	0.03436	0.01875	0.02158	0.01469	0.00862	0.00545	0.00228	0.00524	0.00600	0.35169	0.00842
16	0.02362	0.02988	0.18805	0.05181	0.02755	0.20117	0.01874	0.16975	0.02389	0.03036	0.01723	0.02014	0.01331	0.01373	0.06886	0.00339	0.01243	0.00669	0.06840	0.01101
17	0.02359	0.02053	0.02090	0.02032	0.09167	0.12696	0.01407	0.25554	0.02550	0.03267	0.02082	0.05846	0.01888	0.13502	0.09346	0.00471	0.01137	0.00882	0.00613	0.01058
18	0.08459	0.02336	0.20002	0.02315	0.06042	0.01637	0.20653	0.02219	0.01833	0.02637	0.03448	0.03618	0.18970	0.01123	0.00879	0.00272	0.00992	0.01036	0.00507	0.01022
19	0.01208	0.00805	0.00906	0.00906	0.00906	0.00805	0.00503	0.01208	0.01208	0.01611	0.02618	0.05436	0.03020	0.70804	0.04228	0.00805	0.00805	0.01208	0.00503	0.00503
20	0.01193	0.00867	0.01216	0.01216	0.01323	0.00974	0.00890	0.01407	0.01300	0.01840	0.02334	0.03868	0.02339	0.24179	0.49922	0.01188	0.01831	0.00978	0.00461	0.00675
21	0.42090	0.01515	0.01556	0.01275	0.01850	0.01559	0.01052	0.03204	0.01871	0.33344	0.02162	0.02050	0.01448	0.00893	0.00666	0.00257	0.00673	0.00633	0.00758	0.01143
22	0.01052	0.00847	0.00948	0.00991	0.01228	0.00742	0.00761	0.01295	0.01900	0.02350	0.11790	0.14483	0.45838	0.02152	0.01014	0.00300	0.00475	0.10339	0.00781	0.00714
23	0.02653	0.38339	0.03375	0.01773	0.02346	0.34705	0.01511	0.02894	0.02014	0.01993	0.01218	0.01414	0.01068	0.00782	0.00639	0.00195	0.01187	0.00489	0.00391	0.01016
24	0.05753	0.15393	0.25570	0.06860	0.11595	0.16471	0.02233	0.02702	0.01869	0.02412	0.01379	0.01676	0.01091	0.00785	0.00729	0.00236	0.01158	0.00584	0.00386	0.01117
25	0.01628	0.02675	0.29356	0.06813	0.21843	0.01670	0.02335	0.02262	0.01820	0.02541	0.03024	0.03235	0.15163	0.01064	0.00844	0.00263	0.00972	0.00908	0.00462	0.01121
26	0.02784	0.03381	0.02522	0.02736	0.16053	0.50121	0.01780	0.03062	0.02204	0.02174	0.01390	0.01705	0.01173	0.01097	0.04067	0.00276	0.01424	0.00597	0.00425	0.01028
27	0.02278	0.26556	0.11154	0.05093	0.16792	0.17127	0.05074	0.02700	0.01904	0.02265	0.01354	0.01661	0.01132	0.00763	0.00711	0.00220	0.01122	0.00589	0.00387	0.01116
28	0.01218	0.00876	0.00993	0.00954	0.01225	0.00757	0.00719	0.01483	0.02037	0.06771	0.23477	0.10072	0.42538	0.01945	0.00975	0.00276	0.00435	0.01652	0.00828	0.00770
29	0.01286	0.00822	0.01017	0.01026	0.01131	0.00870	0.00717	0.01499	0.01414	0.02149	0.02594	0.06831	0.02562	0.26847	0.24498	0.00796	0.01157	0.01031	0.21087	0.00666
30	0.01761	0.01560	0.02327	0.15320	0.16903	0.01697	0.04833	0.02727	0.17998	0.02732	0.02812	0.04399	0.02553	0.01288	0.00928	0.00301	0.00883	0.17283	0.00615	0.01078
31	0.01443	0.00722	0.01082	0.01082	0.01082	0.00722	0.00722	0.01082	0.01082	0.01443	0.01443	0.02525	0.01443	0.02886	0.03247	0.75830	0.00722	0.00722	0.00361	0.00361
32	0.02203	0.19450	0.13418	0.02357	0.09818	0.16958	0.01963	0.02575	0.01762	0.02181	0.01269	0.01647	0.01100	0.00952	0.01225	0.00256	0.18830	0.00599	0.00379	0.01058
33	0.01606	0.02139	0.19476	0.01557	0.02171	0.01511	0.01550	0.07299	0.16368	0.02928	0.07563	0.04565	0.25078	0.01405	0.00885	0.00273	0.00738	0.01156	0.00683	0.01050
34	0.02175	0.52033	0.04080	0.02444	0.19780	0.02922	0.01735	0.02505	0.01745	0.02166	0.01268	0.01534	0.01136	0.00719	0.00613	0.00197	0.00916	0.00526	0.00371	0.01136
35	0.01297	0.05839	0.15266	0.01501	0.05343	0.01201	0.01344	0.01713	0.01903	0.02509	0.15391	0.10959	0.29332	0.01638	0.00911	0.00270	0.00653	0.01385	0.00661	0.00882
36	0.02252	0.05503	0.12853	0.02293	0.06402	0.06538	0.06527	0.13165	0.05272	0.06663	0.01705	0.02040	0.01345	0.01290	0.04607	0.00334	0.18816	0.00733	0.00523	0.01141
37	0.02529	0.06707	0.02462	0.02138	0.06516	0.24784	0.01606	0.15745	0.04977	0.02812	0.01617	0.01954	0.01343	0.01595	0.08784	0.00377	0.11785	0.00677	0.00520	0.01071

[dist]
# distance from previous block
# <min> <max>
3	32

[block]
# block no. 7 follows, 22 sequences, length 16
# corresponding to MSA columns:
# 308-323
name=unknown_H
#
# <colnr> <probs for GDERKNQSTAVLIFYWHMCP>
#	G	D	E	R	K	N	Q	S	T	A	V	L	I	F	Y	W	H	M	C	P
0	0.01474	0.08835	0.01852	0.04422	0.10483	0.05314	0.01199	0.01747	0.01819	0.02227	0.05178	0.05190	0.35500	0.01865	0.05206	0.00332	0.04650	0.01246	0.00597	0.00864
1	0.01774	0.01824	0.01674	0.01597	0.01803	0.20184	0.01217	0.02017	0.01630	0.01959	0.02015	0.06218	0.01939	0.07209	0.37330	0.00868	0.06619	0.00868	0.00454	0.00802
2	0.02659	0.07888	0.02370	0.01889	0.02335	0.38116	0.01472	0.09594	0.02243	0.02438	0.01439	0.01832	0.01245	0.05066	0.01115	0.00254	0.07402	0.00605	0.00474	0.09561
3	0.01187	0.00890	0.01335	0.01335	0.01483	0.01038	0.01038	0.01483	0.01335	0.01928	0.02225	0.03264	0.02077	0.06231	0.67512	0.01335	0.02225	0.00890	0.00445	0.00742
4	0.01584	0.01613	0.02416	0.02221	0.08528	0.06126	0.16150	0.01926	0.01813	0.02325	0.04019	0.15901	0.20365	0.01549	0.01175	0.00293	0.09153	0.01362	0.00576	0.00903
5	0.02829	0.02164	0.02308	0.01845	0.02451	0.02423	0.01499	0.45244	0.22050	0.04705	0.02412	0.02327	0.01751	0.01036	0.00835	0.00259	0.00837	0.00806	0.00835	0.01383
6	0.10817	0.01922	0.02870	0.08597	0.43134	0.02022	0.02158	0.09101	0.05979	0.03109	0.01671	0.02045	0.01340	0.00802	0.00790	0.00253	0.00927	0.00720	0.00493	0.01250
7	0.01208	0.00805	0.00906	0.00906	0.00906	0.00805	0.00503	0.01208	0.01208	0.01611	0.02618	0.05436	0.03020	0.70804	0.04228	0.00805	0.00805	0.01208	0.00503	0.00503
8	0.01115	0.00830	0.01037	0.01020	0.01213	0.00752	0.00752	0.01437	0.02156	0.02949	0.45603	0.15395	0.18871	0.01903	0.00991	0.00276	0.00410	0.01671	0.00866	0.00752
9	0.02665	0.02628	0.02748	0.03163	0.26258	0.20821	0.01936	0.19824	0.06187	0.03273	0.01710	0.01940	0.01344	0.00868	0.00805	0.00240	0.01093	0.00695	0.00559	0.01242
10	0.01187	0.00890	0.01335	0.01335	0.01483	0.01038	0.01038	0.01483	0.01335	0.01928	0.02225	0.03264	0.02077	0.06231	0.67512	0.01335	0.02225	0.00890	0.00445	0.00742
11	0.01031	0.00809	0.00932	0.00974	0.01171	0.00711	0.00703	0.01260	0.01902	0.02434	0.19085	0.25497	0.36211	0.02163	0.01004	0.00293	0.00432	0.01876	0.00801	0.00711
12	0.02410	0.02597	0.02434	0.02545	0.13566	0.29056	0.01735	0.02681	0.01893	0.05332	0.01503	0.01956	0.01292	0.01646	0.09449	0.00395	0.17382	0.00675	0.00442	0.01008
13	0.01209	0.00851	0.00983	0.00973	0.01058	0.00804	0.00596	0.01275	0.01349	0.01821	0.03120	0.16185	0.06174	0.50060	0.03232	0.00643	0.00717	0.01367	0.00560	0.07025
14	0.01904	0.01497	0.01693	0.01419	0.01891	0.01466	0.01091	0.16324	0.11195	0.03202	0.02694	0.18890	0.02604	0.05320	0.01016	0.00267	0.00670	0.01113	0.00691	0.25053
15	0.01975	0.28618	0.22370	0.02333	0.13267	0.06124	0.02054	0.02498	0.01846	0.02427	0.07662	0.02073	0.01774	0.00845	0.00716	0.00225	0.00993	0.00655	0.00423	0.01123

[dist]
# distance from previous block
# <min> <max>
0	2

[block]
# block no. 8 follows, 22 sequences, length 36
# corresponding to MSA columns:
# 326-361
name=unknown_I
#
# <colnr> <probs for GDERKNQSTAVLIFYWHMCP>
#	G	D	E	R	K	N	Q	S	T	A	V	L	I	F	Y	W	H	M	C	P
0	0.02143	0.02065	0.02840	0.03963	0.45491	0.09617	0.02108	0.05930	0.02047	0.02786	0.02004	0.02381	0.04608	0.00858	0.00801	0.00240	0.00961	0.00771	0.07187	0.01200
1	0.00994	0.00842	0.00859	0.00855	0.01130	0.00707	0.00641	0.01217	0.01923	0.02315	0.12102	0.07879	0.61554	0.02078	0.00982	0.00279	0.00419	0.01737	0.00781	0.00707
2	0.01463	0.06637	0.19692	0.01394	0.01973	0.01272	0.01440	0.01937	0.01972	0.06331	0.18446	0.05079	0.26198	0.01485	0.00888	0.00263	0.00690	0.01233	0.00672	0.00935
3	0.02277	0.26950	0.02831	0.01641	0.02095	0.16953	0.01374	0.08750	0.04801	0.02347	0.01617	0.02154	0.01466	0.08482	0.07501	0.00385	0.06257	0.00659	0.00467	0.00991
4	0.01045	0.00844	0.00929	0.00908	0.01161	0.00728	0.00681	0.01314	0.02042	0.02597	0.26848	0.07414	0.46633	0.01972	0.00981	0.00274	0.00411	0.01672	0.00818	0.00728
5	0.03229	0.02213	0.02423	0.01857	0.02520	0.02407	0.01534	0.55529	0.03716	0.12827	0.02154	0.02098	0.01493	0.01001	0.00832	0.00250	0.00888	0.00759	0.00856	0.01413
6	0.01549	0.00774	0.00774	0.00774	0.00968	0.00774	0.00581	0.01936	0.01742	0.03097	0.02710	0.03097	0.02129	0.00968	0.00581	0.00194	0.00387	0.00774	0.75416	0.00774
7	0.76672	0.01607	0.01221	0.01092	0.01607	0.01864	0.00900	0.02442	0.01414	0.03727	0.01157	0.01350	0.00900	0.00771	0.00514	0.00257	0.00643	0.00450	0.00514	0.00900
8	0.01958	0.02070	0.03581	0.03413	0.20099	0.05766	0.25784	0.02439	0.01776	0.02448	0.01555	0.02150	0.01299	0.01329	0.06805	0.00372	0.14824	0.00833	0.00409	0.01091
9	0.02969	0.15532	0.02794	0.01890	0.02492	0.22174	0.01558	0.33865	0.03032	0.03670	0.01627	0.01724	0.01246	0.00902	0.00752	0.00226	0.01085	0.00628	0.00622	0.01214
10	0.01818	0.01818	0.02545	0.02181	0.02181	0.02545	0.01818	0.01999	0.01272	0.01999	0.01091	0.01818	0.01091	0.01454	0.02726	0.00364	0.69284	0.00727	0.00364	0.00909
11	0.02927	0.01495	0.01840	0.01515	0.02059	0.01478	0.01216	0.03962	0.23937	0.38868	0.08658	0.03214	0.02723	0.01121	0.00851	0.00266	0.00662	0.00929	0.00955	0.01325
12	0.01012	0.00723	0.00964	0.01157	0.01205	0.00675	0.00771	0.01157	0.01591	0.02121	0.04579	0.70262	0.05495	0.02603	0.01060	0.00337	0.00482	0.02362	0.00771	0.00675
13	0.01195	0.00800	0.00910	0.00923	0.00926	0.00797	0.00522	0.01205	0.01234	0.01645	0.02751	0.09841	0.03188	0.66171	0.04013	0.00774	0.00783	0.01286	0.00522	0.00515
14	0.01012	0.00723	0.00964	0.01157	0.01205	0.00675	0.00771	0.01157	0.01591	0.02121	0.04579	0.70262	0.05495	0.02603	0.01060	0.00337	0.00482	0.02362	0.00771	0.00675
15	0.03120	0.02238	0.02420	0.01872	0.02522	0.02464	0.01541	0.55606	0.07727	0.08699	0.02160	0.02115	0.01523	0.01008	0.00832	0.00252	0.00885	0.00765	0.00844	0.01406
16	0.01854	0.02802	0.26074	0.09277	0.21032	0.01979	0.15107	0.02690	0.06064	0.02672	0.01677	0.02072	0.01274	0.00784	0.00846	0.00265	0.01147	0.00758	0.00417	0.01208
17	0.02634	0.24854	0.02970	0.02077	0.07705	0.37280	0.01561	0.02900	0.02065	0.02136	0.01360	0.01597	0.01159	0.00808	0.00676	0.00204	0.01190	0.00539	0.05274	0.01013
18	0.02056	0.01974	0.03372	0.05099	0.65622	0.01974	0.02550	0.02550	0.01892	0.02714	0.01563	0.02056	0.01316	0.00740	0.00822	0.00247	0.00987	0.00740	0.00411	0.01316
19	0.03103	0.03959	0.02354	0.02140	0.02568	0.67469	0.01605	0.03317	0.02354	0.02033	0.01284	0.01498	0.01070	0.00856	0.00749	0.00214	0.01498	0.00535	0.00428	0.00963
20	0.01549	0.00774	0.00774	0.00774	0.00968	0.00774	0.00581	0.01936	0.01742	0.03097	0.02710	0.03097	0.02129	0.00968	0.00581	0.00194	0.00387	0.00774	0.75416	0.00774
21	0.01187	0.00890	0.01335	0.01335	0.01483	0.01038	0.01038	0.01483	0.01335	0.01928	0.02225	0.03264	0.02077	0.06231	0.67512	0.01335	0.02225	0.00890	0.00445	0.00742
22	0.14582	0.01405	0.01765	0.01390	0.01983	0.01288	0.01143	0.03637	0.02230	0.52482	0.07163	0.02834	0.02274	0.01035	0.00797	0.00257	0.00676	0.00822	0.00943	0.01293
23	0.01282	0.00898	0.01173	0.01276	0.01441	0.00902	0.01036	0.01578	0.01715	0.02309	0.04109	0.07333	0.09977	0.13312	0.09751	0.00540	0.00885	0.32715	0.07053	0.00716
24	0.76672	0.01607	0.01221	0.01092	0.01607	0.01864	0.00900	0.02442	0.01414	0.03727	0.01157	0.01350	0.00900	0.00771	0.00514	0.00257	0.00643	0.00450	0.00514	0.00900
25	0.05760	0.02043	0.01872	0.04273	0.02153	0.12748	0.01268	0.28618	0.02765	0.03835	0.02045	0.02241	0.01547	0.00948	0.00725	0.00227	0.00841	0.00708	0.24289	0.01094
26	0.03103	0.03959	0.02354	0.02140	0.02568	0.67469	0.01605	0.03317	0.02354	0.02033	0.01284	0.01498	0.01070	0.00856	0.00749	0.00214	0.01498	0.00535	0.00428	0.00963
27	0.02266	0.37660	0.03693	0.02289	0.11974	0.13260	0.07093	0.02690	0.04592	0.02212	0.01428	0.01709	0.01229	0.00988	0.03477	0.00256	0.01094	0.00592	0.00407	0.01089
28	0.02148	0.02023	0.01686	0.01523	0.01850	0.18965	0.01142	0.12543	0.09397	0.02746	0.02856	0.03885	0.07423	0.17973	0.01649	0.00386	0.00931	0.04937	0.05014	0.00922
29	0.01187	0.00890	0.01335	0.01335	0.01483	0.01038	0.01038	0.01483	0.01335	0.01928	0.02225	0.03264	0.02077	0.06231	0.67512	0.01335	0.02225	0.00890	0.00445	0.00742
30	0.01961	0.02241	0.04902	0.03501	0.04342	0.02101	0.62605	0.02661	0.01961	0.02661	0.01681	0.02241	0.01261	0.00700	0.00980	0.00280	0.01401	0.00980	0.00420	0.01120
31	0.01093	0.00846	0.00995	0.00958	0.01190	0.00748	0.00718	0.01407	0.02155	0.02865	0.40814	0.06974	0.32499	0.01872	0.00981	0.00270	0.00404	0.01610	0.00853	0.00748
32	0.06752	0.02017	0.01673	0.01456	0.01851	0.17409	0.01138	0.18818	0.02439	0.03405	0.02059	0.02318	0.01605	0.01177	0.03739	0.00269	0.00897	0.00696	0.29281	0.00999
33	0.02357	0.07492	0.12535	0.01788	0.02367	0.07440	0.04068	0.06710	0.04543	0.18150	0.02164	0.02420	0.01643	0.02211	0.16948	0.00514	0.04173	0.00757	0.00602	0.01119
34	0.01883	0.12704	0.40242	0.02578	0.09455	0.05486	0.07334	0.02605	0.01778	0.02485	0.01435	0.01756	0.01100	0.00808	0.00881	0.00255	0.05038	0.00635	0.00367	0.01175
35	0.02056	0.01974	0.03372	0.05099	0.65622	0.01974	0.02550	0.02550	0.01892	0.02714	0.01563	0.02056	0.01316	0.00740	0.00822	0.00247	0.00987	0.00740	0.00411	0.01316

[dist]
# distance from previous block
# <min> <max>
0	6

[block]
# block no. 9 follows, 22 sequences, length 13
# corresponding to MSA columns:
# 368-380
name=unknown_J
#
# <colnr> <probs for GDERKNQSTAVLIFYWHMCP>
#	G	D	E	R	K	N	Q	S	T	A	V	L	I	F	Y	W	H	M	C	P
0	0.01923	0.01890	0.02506	0.03393	0.36323	0.08006	0.01862	0.02595	0.10894	0.02655	0.03296	0.03451	0.15453	0.01105	0.00854	0.00256	0.00865	0.00971	0.00554	0.01147
1	0.01761	0.01565	0.01811	0.01816	0.08652	0.07866	0.01267	0.02059	0.01880	0.05699	0.13574	0.06815	0.12949	0.01361	0.01199	0.00259	0.13572	0.01057	0.03492	0.11346
2	0.01475	0.01263	0.01158	0.01128	0.01205	0.10307	0.00718	0.01538	0.01385	0.01705	0.02385	0.04641	0.02641	0.53851	0.10604	0.00779	0.01058	0.01078	0.00486	0.00595
3	0.01200	0.00838	0.01073	0.01073	0.01131	0.00896	0.00712	0.01315	0.01258	0.01735	0.02465	0.04590	0.02653	0.45639	0.28891	0.01012	0.01359	0.01084	0.00481	0.00596
4	0.02534	0.23425	0.11956	0.02155	0.06638	0.15448	0.04925	0.18017	0.02419	0.02980	0.01492	0.01683	0.01179	0.00824	0.00728	0.00224	0.01094	0.00609	0.00497	0.01174
5	0.02186	0.02122	0.06815	0.02363	0.06662	0.02088	0.15917	0.16179	0.25092	0.03490	0.02754	0.02805	0.05585	0.01012	0.00877	0.00271	0.00929	0.00924	0.00680	0.01248
6	0.01723	0.01477	0.01723	0.01230	0.01969	0.01107	0.00984	0.02092	0.01723	0.02707	0.01477	0.01723	0.01230	0.00615	0.00615	0.00123	0.00615	0.00492	0.00492	0.75883
7	0.01693	0.01724	0.03222	0.03102	0.19786	0.01628	0.26727	0.02199	0.01964	0.02646	0.09209	0.03855	0.16213	0.01120	0.00938	0.00269	0.00974	0.01138	0.00543	0.01047
8	0.01005	0.00751	0.00935	0.01083	0.01185	0.00681	0.00738	0.01165	0.01662	0.02150	0.05480	0.55632	0.19543	0.02485	0.01042	0.00324	0.00468	0.02219	0.00771	0.00681
9	0.01025	0.00843	0.00901	0.00887	0.01149	0.00720	0.00665	0.01276	0.01995	0.02486	0.21046	0.07597	0.52503	0.02014	0.00981	0.00276	0.00414	0.01697	0.00803	0.00720
10	0.01539	0.01306	0.02012	0.13667	0.21157	0.01383	0.01595	0.02006	0.04223	0.02490	0.06503	0.12972	0.05883	0.01999	0.10627	0.00424	0.00982	0.01111	0.07162	0.00959
11	0.00994	0.00792	0.00892	0.00973	0.01157	0.00690	0.00689	0.01177	0.01768	0.02193	0.06821	0.33882	0.40427	0.02311	0.01014	0.00304	0.00446	0.02006	0.00771	0.00690
12	0.09280	0.32033	0.02993	0.01630	0.02197	0.18592	0.01393	0.03139	0.16495	0.02495	0.01710	0.01790	0.01397	0.00850	0.00658	0.00218	0.00961	0.00583	0.00503	0.01084

[dist]
# distance from previous block
# <min> <max>
0	7

[block]
# block no. 10 follows, 22 sequences, length 35
# corresponding to MSA columns:
# 388-422
name=unknown_K
#
# <colnr> <probs for GDERKNQSTAVLIFYWHMCP>
#	G	D	E	R	K	N	Q	S	T	A	V	L	I	F	Y	W	H	M	C	P
0	0.02098	0.19576	0.03621	0.04165	0.49503	0.02307	0.02263	0.02534	0.01840	0.02521	0.01459	0.01872	0.01252	0.00733	0.00749	0.00229	0.00962	0.00665	0.00397	0.01252
1	0.01077	0.00845	0.00974	0.00942	0.01181	0.00742	0.00706	0.01377	0.02119	0.02778	0.36308	0.07116	0.37059	0.01905	0.00981	0.00271	0.00407	0.01630	0.00842	0.00742
2	0.02056	0.01974	0.03372	0.05099	0.65622	0.01974	0.02550	0.02550	0.01892	0.02714	0.01563	0.02056	0.01316	0.00740	0.00822	0.00247	0.00987	0.00740	0.00411	0.01316
3	0.01203	0.00853	0.01172	0.01181	0.01287	0.00944	0.00857	0.01417	0.01334	0.01913	0.02470	0.07056	0.02499	0.23257	0.43709	0.01084	0.01662	0.01041	0.04386	0.00676
4	0.00982	0.00842	0.00842	0.00842	0.01122	0.00701	0.00631	0.01192	0.01894	0.02244	0.08416	0.07995	0.65285	0.02104	0.00982	0.00281	0.00421	0.01753	0.00771	0.00701
5	0.03574	0.01660	0.02081	0.01595	0.02244	0.01587	0.01318	0.19924	0.02790	0.49739	0.02931	0.02603	0.01883	0.01020	0.00834	0.00255	0.00763	0.00812	0.00975	0.01414
6	0.03696	0.01465	0.01959	0.01502	0.02146	0.01296	0.01241	0.07320	0.02463	0.62806	0.03206	0.02781	0.02021	0.01026	0.00835	0.00257	0.00718	0.00831	0.01017	0.01414
7	0.76672	0.01607	0.01221	0.01092	0.01607	0.01864	0.00900	0.02442	0.01414	0.03727	0.01157	0.01350	0.00900	0.00771	0.00514	0.00257	0.00643	0.00450	0.00514	0.00900
8	0.01353	0.01135	0.01655	0.01559	0.01668	0.01436	0.01244	0.01620	0.01319	0.01947	0.01925	0.02881	0.01816	0.04968	0.50390	0.01078	0.19948	0.00847	0.00423	0.00786
9	0.03043	0.02270	0.02428	0.01888	0.02532	0.02522	0.01551	0.56692	0.10253	0.05050	0.02141	0.02111	0.01531	0.01011	0.00833	0.00253	0.00887	0.00768	0.00833	0.01402
10	0.01818	0.01818	0.02545	0.02181	0.02181	0.02545	0.01818	0.01999	0.01272	0.01999	0.01091	0.01818	0.01091	0.01454	0.02726	0.00364	0.69284	0.00727	0.00364	0.00909
11	0.03103	0.03959	0.02354	0.02140	0.02568	0.67469	0.01605	0.03317	0.02354	0.02033	0.01284	0.01498	0.01070	0.00856	0.00749	0.00214	0.01498	0.00535	0.00428	0.00963
12	0.01018	0.00741	0.00959	0.01119	0.01199	0.00683	0.00758	0.01182	0.01660	0.02196	0.08105	0.60708	0.11602	0.02506	0.01048	0.00328	0.00471	0.02256	0.00779	0.00683
13	0.00991	0.00842	0.00855	0.00852	0.01128	0.00705	0.00639	0.01211	0.01916	0.02298	0.11212	0.07907	0.62456	0.02084	0.00982	0.00280	0.00419	0.01741	0.00778	0.00705
14	0.01641	0.00864	0.00873	0.00840	0.01060	0.00878	0.00638	0.05437	0.01867	0.03220	0.02669	0.03034	0.02088	0.00970	0.00595	0.00197	0.00417	0.00773	0.71129	0.00811
15	0.02066	0.01785	0.01878	0.01691	0.02160	0.02066	0.01315	0.04414	0.64121	0.03475	0.03381	0.03099	0.02536	0.01127	0.00845	0.00282	0.00657	0.00939	0.00845	0.01315
16	0.01333	0.01040	0.01590	0.01475	0.01684	0.01168	0.04829	0.04580	0.01494	0.02121	0.02201	0.03250	0.02043	0.08979	0.56833	0.01189	0.02036	0.00905	0.00466	0.00786
