[name]
unknown

[dist]
# distance from previous block
# <min> <max>
108	562

[block]
# block no. 0 follows, 22 sequences, length 63
# corresponding to MSA columns:
# 598-660
name=unknown_A
#
# <colnr> <probs for GDERKNQSTAVLIFYWHMCP>
#	G	D	E	R	K	N	Q	S	T	A	V	L	I	F	Y	W	H	M	C	P
0	0.05621	0.02981	0.15364	0.05871	0.13468	0.20985	0.02017	0.08710	0.11652	0.02868	0.01764	0.01964	0.01358	0.00873	0.00786	0.00248	0.01117	0.00674	0.00512	0.01167
1	0.05996	0.10769	0.02540	0.02293	0.14120	0.07719	0.05817	0.10461	0.02075	0.02755	0.02665	0.03173	0.09982	0.01884	0.11197	0.00418	0.01129	0.03433	0.00537	0.01034
2	0.23668	0.04867	0.01691	0.01562	0.06189	0.11777	0.01093	0.07443	0.01814	0.02757	0.02316	0.03028	0.07921	0.15167	0.01533	0.04123	0.00849	0.00807	0.00530	0.00865
3	0.09073	0.02428	0.01934	0.01831	0.04884	0.27426	0.01341	0.10611	0.05695	0.02933	0.12326	0.07406	0.02673	0.01410	0.04170	0.00301	0.01057	0.00894	0.00617	0.00990
4	0.07767	0.01780	0.01976	0.02173	0.14680	0.10793	0.01409	0.05431	0.01910	0.02652	0.06810	0.02986	0.08257	0.02031	0.13487	0.00443	0.03974	0.00842	0.00531	0.10070
5	0.02244	0.12798	0.03229	0.11303	0.36077	0.08168	0.02153	0.09359	0.02103	0.02751	0.01513	0.01906	0.01242	0.00786	0.00773	0.00237	0.01024	0.00677	0.00447	0.01211
6	0.12104	0.02373	0.01978	0.01707	0.02226	0.20060	0.01334	0.09816	0.23563	0.06347	0.02181	0.02170	0.01653	0.00939	0.00752	0.00240	0.00914	0.00696	0.00661	0.08285
7	0.15313	0.20746	0.05905	0.02410	0.19341	0.05429	0.01634	0.02573	0.01798	0.08084	0.04488	0.02119	0.01599	0.04314	0.00863	0.00258	0.00877	0.00659	0.00493	0.01096
8	0.18968	0.42014	0.03261	0.01478	0.02104	0.11393	0.01341	0.06869	0.01872	0.02592	0.01232	0.01405	0.01054	0.00764	0.00578	0.00205	0.00916	0.00479	0.00434	0.01040
9	0.10067	0.08518	0.10758	0.01874	0.02472	0.29985	0.01630	0.05676	0.12358	0.02686	0.01675	0.01801	0.01315	0.00865	0.00726	0.00230	0.01116	0.00603	0.00510	0.05136
10	0.01208	0.00805	0.00906	0.00906	0.00906	0.00805	0.00503	0.01208	0.01208	0.01611	0.02618	0.05436	0.03020	0.70804	0.04228	0.00805	0.00805	0.01208	0.00503	0.00503
11	0.02263	0.16648	0.15136	0.02271	0.06230	0.08948	0.09221	0.11896	0.10364	0.02911	0.01733	0.01935	0.01348	0.00878	0.00876	0.00248	0.04711	0.00692	0.00509	0.01183
12	0.71498	0.01593	0.01271	0.01120	0.01643	0.01818	0.00922	0.02556	0.01482	0.08159	0.01307	0.01454	0.00982	0.00789	0.00537	0.00257	0.00647	0.00477	0.00551	0.00936
13	0.01953	0.01475	0.01695	0.04824	0.02024	0.01577	0.01188	0.25398	0.06993	0.03497	0.06727	0.26903	0.08872	0.01697	0.00934	0.00287	0.00683	0.01457	0.00787	0.01027
14	0.01311	0.01065	0.01189	0.01119	0.01411	0.01052	0.00850	0.02091	0.16603	0.02956	0.29378	0.06154	0.28230	0.01718	0.00949	0.00273	0.00465	0.01465	0.00844	0.00877
15	0.01012	0.00723	0.00964	0.01157	0.01205	0.00675	0.00771	0.01157	0.01591	0.02121	0.04579	0.70262	0.05495	0.02603	0.01060	0.00337	0.00482	0.02362	0.00771	0.00675
16	0.02897	0.19685	0.02821	0.01972	0.02466	0.52482	0.01562	0.03124	0.02199	0.02015	0.01254	0.01459	0.01069	0.00822	0.00699	0.00206	0.01356	0.00514	0.00411	0.00987
17	0.01060	0.00817	0.00969	0.00989	0.01185	0.00726	0.00720	0.01322	0.01993	0.02616	0.28455	0.21682	0.30336	0.02069	0.00999	0.00287	0.00424	0.01801	0.00824	0.00726
18	0.01443	0.01267	0.01827	0.01679	0.01767	0.01651	0.01355	0.01693	0.01310	0.01957	0.01764	0.02676	0.01676	0.04288	0.41166	0.00940	0.29496	0.00824	0.00412	0.00810
19	0.01208	0.00812	0.00939	0.00962	0.00978	0.00810	0.00575	0.01242	0.01276	0.01696	0.02834	0.08696	0.03259	0.62809	0.03864	0.00754	0.00788	0.05434	0.00534	0.00530
20	0.02066	0.01785	0.01878	0.01691	0.02160	0.02066	0.01315	0.04414	0.64121	0.03475	0.03381	0.03099	0.02536	0.01127	0.00845	0.00282	0.00657	0.00939	0.00845	0.01315
21	0.01912	0.03690	0.50420	0.02252	0.03350	0.01896	0.05331	0.07735	0.01973	0.06024	0.01630	0.01847	0.01155	0.00802	0.00791	0.00252	0.01138	0.00643	0.00438	0.06721
22	0.02789	0.03366	0.02233	0.02022	0.02405	0.52293	0.01537	0.06009	0.02246	0.02179	0.01437	0.01775	0.01224	0.01613	0.09812	0.00373	0.04683	0.00602	0.00448	0.00953
23	0.02348	0.02667	0.02574	0.10737	0.24795	0.30338	0.01918	0.02698	0.02067	0.02302	0.02119	0.02427	0.07601	0.00938	0.00807	0.00239	0.01167	0.00752	0.00450	0.01055
24	0.03103	0.03959	0.02354	0.02140	0.02568	0.67469	0.01605	0.03317	0.02354	0.02033	0.01284	0.01498	0.01070	0.00856	0.00749	0.00214	0.01498	0.00535	0.00428	0.00963
25	0.01003	0.00757	0.00929	0.01066	0.01181	0.00682	0.00731	0.01167	0.01677	0.02156	0.05680	0.52392	0.22654	0.02460	0.01038	0.00321	0.00464	0.02187	0.00771	0.00682
26	0.01188	0.00885	0.01312	0.01312	0.01452	0.01026	0.01009	0.01469	0.01328	0.01911	0.02246	0.03381	0.02128	0.09729	0.64084	0.01306	0.02148	0.00907	0.00448	0.00729
27	0.02066	0.01785	0.01878	0.01691	0.02160	0.02066	0.01315	0.04414	0.64121	0.03475	0.03381	0.03099	0.02536	0.01127	0.00845	0.00282	0.00657	0.00939	0.00845	0.01315
28	0.02826	0.03434	0.02624	0.02924	0.19267	0.50124	0.01855	0.03114	0.02232	0.02213	0.01358	0.01646	0.01135	0.00825	0.00768	0.00223	0.01363	0.00589	0.00424	0.01057
29	0.01176	0.00849	0.01110	0.01045	0.01241	0.00784	0.00784	0.01568	0.02352	0.03331	0.65184	0.06206	0.07839	0.01698	0.00980	0.00261	0.00392	0.01502	0.00914	0.00784
30	0.02158	0.02167	0.03273	0.04812	0.59496	0.08337	0.02458	0.02624	0.01937	0.02648	0.01536	0.02002	0.01292	0.00751	0.00815	0.00244	0.01037	0.00720	0.00413	0.01282
31	0.01165	0.00849	0.01096	0.01034	0.01235	0.00779	0.00776	0.01548	0.02327	0.03274	0.62164	0.06301	0.10895	0.01720	0.00980	0.00262	0.00393	0.01516	0.00907	0.00779
32	0.76672	0.01607	0.01221	0.01092	0.01607	0.01864	0.00900	0.02442	0.01414	0.03727	0.01157	0.01350	0.00900	0.00771	0.00514	0.00257	0.00643	0.00450	0.00514	0.00900
33	0.39153	0.16408	0.06748	0.01494	0.02078	0.17475	0.01324	0.02669	0.01713	0.02896	0.01210	0.01410	0.00984	0.00780	0.00592	0.00231	0.00933	0.00480	0.00450	0.00971
34	0.01961	0.02241	0.04902	0.03501	0.04342	0.02101	0.62605	0.02661	0.01961	0.02661	0.01681	0.02241	0.01261	0.00700	0.00980	0.00280	0.01401	0.00980	0.00420	0.01120
35	0.01438	0.00944	0.01211	0.01191	0.01445	0.00826	0.00873	0.01678	0.01806	0.09030	0.10639	0.39370	0.07865	0.01988	0.00958	0.00286	0.00527	0.04569	0.00769	0.12586
36	0.01012	0.00723	0.00964	0.01157	0.01205	0.00675	0.00771	0.01157	0.01591	0.02121	0.04579	0.70262	0.05495	0.02603	0.01060	0.00337	0.00482	0.02362	0.00771	0.00675
37	0.02161	0.02173	0.03270	0.04802	0.59298	0.08543	0.02455	0.02627	0.01938	0.02646	0.01535	0.02000	0.01291	0.00752	0.00815	0.00243	0.01038	0.00720	0.00413	0.01281
38	0.01012	0.00723	0.00964	0.01157	0.01205	0.00675	0.00771	0.01157	0.01591	0.02121	0.04579	0.70262	0.05495	0.02603	0.01060	0.00337	0.00482	0.02362	0.00771	0.00675
39	0.03352	0.02016	0.02301	0.01764	0.02421	0.02115	0.01457	0.42857	0.03386	0.25965	0.02431	0.02278	0.01632	0.01008	0.00833	0.00252	0.00844	0.00778	0.00898	0.01413
40	0.01010	0.00731	0.00955	0.01134	0.01199	0.00677	0.00761	0.01159	0.01612	0.02129	0.04851	0.65845	0.09736	0.02567	0.01055	0.00333	0.00478	0.02319	0.00771	0.00677
41	0.03103	0.03959	0.02354	0.02140	0.02568	0.67469	0.01605	0.03317	0.02354	0.02033	0.01284	0.01498	0.01070	0.00856	0.00749	0.00214	0.01498	0.00535	0.00428	0.00963
42	0.03158	0.02327	0.02493	0.01911	0.02576	0.02576	0.01579	0.62852	0.03906	0.05236	0.01995	0.01995	0.01413	0.00997	0.00831	0.00249	0.00914	0.00748	0.00831	0.01413
43	0.01569	0.01477	0.02492	0.68808	0.05722	0.01846	0.02307	0.02123	0.01661	0.02123	0.01477	0.02215	0.01107	0.00831	0.00831	0.00277	0.01107	0.00738	0.00369	0.00923
44	0.01055	0.00756	0.01002	0.01128	0.01214	0.00703	0.00774	0.01264	0.01789	0.02437	0.20404	0.53535	0.06107	0.02367	0.01039	0.00318	0.00458	0.02137	0.00809	0.00703
45	0.01666	0.04297	0.66500	0.02368	0.03596	0.01929	0.03069	0.02631	0.01754	0.02631	0.01491	0.01754	0.01052	0.00789	0.00789	0.00263	0.01228	0.00614	0.00351	0.01228
46	0.76672	0.01607	0.01221	0.01092	0.01607	0.01864	0.00900	0.02442	0.01414	0.03727	0.01157	0.01350	0.00900	0.00771	0.00514	0.00257	0.00643	0.00450	0.00514	0.00900
47	0.01088	0.00865	0.00990	0.01013	0.01259	0.00766	0.00796	0.01368	0.01990	0.02509	0.19108	0.07894	0.42249	0.02058	0.01013	0.00296	0.00480	0.12728	0.00799	0.00730
48	0.01187	0.00890	0.01335	0.01335	0.01483	0.01038	0.01038	0.01483	0.01335	0.01928	0.02225	0.03264	0.02077	0.06231	0.67512	0.01335	0.02225	0.00890	0.00445	0.00742
49	0.01167	0.00842	0.01103	0.01051	0.01239	0.00778	0.00783	0.01546	0.02311	0.03267	0.61943	0.09631	0.07713	0.01747	0.00984	0.00265	0.00397	0.01548	0.00907	0.00778
50	0.01206	0.00816	0.00958	0.00958	0.00976	0.00834	0.00568	0.01242	0.01224	0.01649	0.02570	0.05173	0.02906	0.62964	0.11912	0.00870	0.00978	0.01169	0.00496	0.00532
51	0.01339	0.00956	0.01339	0.01530	0.01721	0.00956	0.01339	0.01721	0.01912	0.02486	0.04399	0.09371	0.04781	0.02295	0.01147	0.00382	0.00765	0.60031	0.00765	0.00765
52	0.02142	0.14580	0.03495	0.04279	0.50820	0.05695	0.02296	0.02579	0.01880	0.02541	0.01474	0.01896	0.01258	0.00741	0.00766	0.00233	0.00996	0.00676	0.00402	0.01252
53	0.02308	0.64678	0.04157	0.01492	0.02175	0.09602	0.01440	0.02569	0.01754	0.01962	0.01168	0.01349	0.01066	0.00725	0.00554	0.00181	0.00948	0.00453	0.00363	0.01056
54	0.03060	0.02278	0.02438	0.01891	0.02539	0.02530	0.01555	0.57582	0.09337	0.05077	0.02120	0.02094	0.01514	0.01009	0.00832	0.00252	0.00891	0.00765	0.00832	0.01404
55	0.01684	0.01760	0.03312	0.02422	0.03111	0.01574	0.35702	0.02203	0.01897	0.02573	0.03212	0.03480	0.16205	0.01011	0.00907	0.00249	0.01013	0.01062	0.00517	0.16105
56	0.03594	0.01627	0.02060	0.01579	0.02227	0.01537	0.01305	0.17780	0.02735	0.51962	0.02978	0.02633	0.01906	0.01021	0.00834	0.00255	0.00755	0.00815	0.00982	0.01414
57	0.01549	0.00774	0.00774	0.00774	0.00968	0.00774	0.00581	0.01936	0.01742	0.03097	0.02710	0.03097	0.02129	0.00968	0.00581	0.00194	0.00387	0.00774	0.75416	0.00774
58	0.01376	0.01173	0.01519	0.01459	0.01590	0.04776	0.01132	0.01630	0.01371	0.01919	0.02052	0.03145	0.01964	0.10392	0.50182	0.01102	0.11148	0.00874	0.00438	0.00757
59	0.01545	0.01407	0.02387	0.02783	0.23330	0.01352	0.10484	0.01957	0.01963	0.02727	0.19376	0.17238	0.07065	0.01432	0.00943	0.00275	0.00760	0.01355	0.00636	0.00986
60	0.20696	0.13940	0.15650	0.02423	0.14230	0.12229	0.04816	0.02653	0.01787	0.02718	0.01344	0.01625	0.01078	0.00769	0.00688	0.00238	0.01033	0.00575	0.00419	0.01090
61	0.02076	0.45156	0.25386	0.01779	0.02652	0.06031	0.01991	0.02578	0.01744	0.02188	0.01276	0.01484	0.01062	0.00745	0.00631	0.00209	0.01034	0.00506	0.00357	0.01116
62	0.07723	0.17262	0.39458	0.01940	0.02871	0.05363	0.02278	0.02521	0.01800	0.02617	0.07376	0.02043	0.01682	0.00861	0.00732	0.00243	0.01048	0.00646	0.00421	0.01114

[dist]
# distance from previous block
# <min> <max>
0	4

[block]
# block no. 1 follows, 22 sequences, length 79
# corresponding to MSA columns:
# 665-743
name=unknown_B
#
# <colnr> <probs for GDERKNQSTAVLIFYWHMCP>
#	G	D	E	R	K	N	Q	S	T	A	V	L	I	F	Y	W	H	M	C	P
0	0.02261	0.05708	0.06136	0.03785	0.39078	0.17258	0.02190	0.02796	0.05287	0.02548	0.01682	0.02218	0.01434	0.00849	0.00804	0.00244	0.01087	0.02990	0.00446	0.01196
1	0.01689	0.01599	0.02709	0.53069	0.20519	0.01877	0.02367	0.02228	0.01718	0.02269	0.01498	0.02176	0.01159	0.00808	0.00829	0.00269	0.01078	0.00739	0.00380	0.01020
2	0.02099	0.02060	0.02196	0.05203	0.18019	0.14411	0.01590	0.08550	0.12892	0.02914	0.08625	0.03436	0.12165	0.01159	0.00853	0.00255	0.00885	0.00963	0.00630	0.01096
3	0.01549	0.00774	0.00774	0.00774	0.00968	0.00774	0.00581	0.01936	0.01742	0.03097	0.02710	0.03097	0.02129	0.00968	0.00581	0.00194	0.00387	0.00774	0.75416	0.00774
4	0.01187	0.00890	0.01335	0.01335	0.01483	0.01038	0.01038	0.01483	0.01335	0.01928	0.02225	0.03264	0.02077	0.06231	0.67512	0.01335	0.02225	0.00890	0.00445	0.00742
5	0.02343	0.61993	0.04077	0.01521	0.02192	0.12161	0.01447	0.02602	0.01780	0.01965	0.01173	0.01356	0.01067	0.00731	0.00563	0.00183	0.00973	0.00457	0.00365	0.01052
6	0.01723	0.01477	0.01723	0.01230	0.01969	0.01107	0.00984	0.02092	0.01723	0.02707	0.01477	0.01723	0.01230	0.00615	0.00615	0.00123	0.00615	0.00492	0.00492	0.75883
7	0.02562	0.02903	0.02230	0.02314	0.10582	0.39340	0.01563	0.08723	0.02299	0.02459	0.02036	0.15072	0.02002	0.01197	0.00828	0.00246	0.01174	0.00941	0.00533	0.00998
8	0.01449	0.01064	0.01345	0.01492	0.05158	0.01060	0.01055	0.02013	0.11447	0.05829	0.04604	0.27484	0.13578	0.05693	0.01176	0.00344	0.00613	0.12973	0.00760	0.00862
9	0.03161	0.02103	0.02314	0.01784	0.02420	0.02270	0.01470	0.50495	0.03554	0.14580	0.02232	0.02182	0.01551	0.01000	0.00818	0.00248	0.00854	0.00763	0.04821	0.01379
10	0.01834	0.02516	0.18618	0.33877	0.15994	0.08318	0.02474	0.02446	0.01795	0.02350	0.01477	0.02000	0.01129	0.00806	0.00811	0.00262	0.01153	0.00688	0.00378	0.01076
11	0.02689	0.03121	0.02387	0.02468	0.11841	0.41408	0.01673	0.03477	0.17702	0.02494	0.01849	0.01981	0.01472	0.00906	0.00784	0.00236	0.01212	0.00666	0.00530	0.01103
12	0.03248	0.01963	0.02228	0.01717	0.02350	0.02063	0.01416	0.41480	0.03320	0.23926	0.02428	0.02310	0.01649	0.01005	0.00819	0.00249	0.00822	0.00776	0.04851	0.01379
13	0.01888	0.01595	0.01760	0.05419	0.02194	0.01810	0.01271	0.06771	0.45082	0.03233	0.03655	0.12560	0.06433	0.01364	0.00881	0.00287	0.00659	0.01161	0.00803	0.01174
14	0.01443	0.00722	0.01082	0.01082	0.01082	0.00722	0.00722	0.01082	0.01082	0.01443	0.01443	0.02525	0.01443	0.02886	0.03247	0.75830	0.00722	0.00722	0.00361	0.00361
15	0.01549	0.00774	0.00774	0.00774	0.00968	0.00774	0.00581	0.01936	0.01742	0.03097	0.02710	0.03097	0.02129	0.00968	0.00581	0.00194	0.00387	0.00774	0.75416	0.00774
16	0.03111	0.03734	0.02373	0.02109	0.02569	0.58496	0.01602	0.11549	0.02569	0.02476	0.01382	0.01567	0.01117	0.00876	0.00760	0.00219	0.01417	0.00564	0.00484	0.01025
17	0.03103	0.03959	0.02354	0.02140	0.02568	0.67469	0.01605	0.03317	0.02354	0.02033	0.01284	0.01498	0.01070	0.00856	0.00749	0.00214	0.01498	0.00535	0.00428	0.00963
18	0.02441	0.54495	0.03854	0.01601	0.02241	0.19306	0.01467	0.02695	0.01854	0.01974	0.01187	0.01374	0.01067	0.00747	0.00587	0.00187	0.01041	0.00467	0.00374	0.01040
19	0.01094	0.00781	0.01057	0.01250	0.01334	0.00745	0.00913	0.01298	0.01671	0.02212	0.04534	0.55064	0.05316	0.02526	0.01082	0.00349	0.00553	0.16755	0.00770	0.00697
20	0.01052	0.00805	0.00976	0.01094	0.01254	0.00729	0.00806	0.01259	0.01757	0.02225	0.06024	0.36804	0.28348	0.02363	0.01044	0.00323	0.00503	0.11165	0.00770	0.00699
21	0.01549	0.00774	0.00774	0.00774	0.00968	0.00774	0.00581	0.01936	0.01742	0.03097	0.02710	0.03097	0.02129	0.00968	0.00581	0.00194	0.00387	0.00774	0.75416	0.00774
22	0.01011	0.00729	0.00958	0.01142	0.01201	0.00676	0.00764	0.01158	0.01605	0.02127	0.04763	0.67269	0.08369	0.02579	0.01057	0.00335	0.00479	0.02332	0.00771	0.00676
23	0.01723	0.01477	0.01723	0.01230	0.01969	0.01107	0.00984	0.02092	0.01723	0.02707	0.01477	0.01723	0.01230	0.00615	0.00615	0.00123	0.00615	0.00492	0.00492	0.75883
24	0.03342	0.01426	0.01888	0.01430	0.02091	0.01199	0.01176	0.03673	0.02252	0.53998	0.02931	0.02615	0.01898	0.00949	0.00793	0.00231	0.00689	0.00769	0.00925	0.15723
25	0.00982	0.00842	0.00842	0.00842	0.01122	0.00701	0.00631	0.01192	0.01894	0.02244	0.08416	0.07995	0.65285	0.02104	0.00982	0.00281	0.00421	0.01753	0.00771	0.00701
26	0.01012	0.00723	0.00964	0.01157	0.01205	0.00675	0.00771	0.01157	0.01591	0.02121	0.04579	0.70262	0.05495	0.02603	0.01060	0.00337	0.00482	0.02362	0.00771	0.00675
27	0.02840	0.02169	0.02314	0.01847	0.02455	0.02428	0.01502	0.45834	0.21441	0.04723	0.02398	0.02316	0.01740	0.01035	0.00835	0.00259	0.00839	0.00804	0.00835	0.01384
28	0.01748	0.01602	0.02639	0.18539	0.36133	0.01677	0.02155	0.02218	0.01844	0.02511	0.02466	0.03844	0.05369	0.01138	0.00897	0.00282	0.00940	0.12422	0.00490	0.01086
29	0.01723	0.01477	0.01723	0.01230	0.01969	0.01107	0.00984	0.02092	0.01723	0.02707	0.01477	0.01723	0.01230	0.00615	0.00615	0.00123	0.00615	0.00492	0.00492	0.75883
30	0.01188	0.00886	0.01314	0.01314	0.01455	0.01027	0.01012	0.01470	0.01329	0.01913	0.02245	0.03372	0.02124	0.09450	0.64357	0.01309	0.02154	0.00906	0.00448	0.00730
31	0.01666	0.04297	0.66500	0.02368	0.03596	0.01929	0.03069	0.02631	0.01754	0.02631	0.01491	0.01754	0.01052	0.00789	0.00789	0.00263	0.01228	0.00614	0.00351	0.01228
32	0.01549	0.00774	0.00774	0.00774	0.00968	0.00774	0.00581	0.01936	0.01742	0.03097	0.02710	0.03097	0.02129	0.00968	0.00581	0.00194	0.00387	0.00774	0.75416	0.00774
33	0.01189	0.00883	0.01297	0.01297	0.01432	0.01018	0.00991	0.01459	0.01324	0.01900	0.02260	0.03456	0.02161	0.11958	0.61900	0.01288	0.02099	0.00918	0.00450	0.00721
34	0.03085	0.02468	0.12352	0.01871	0.02604	0.05904	0.01711	0.32946	0.03036	0.22227	0.02244	0.02168	0.01522	0.00965	0.00821	0.00252	0.00938	0.00740	0.00789	0.01358
35	0.02086	0.55040	0.19437	0.01651	0.02487	0.02958	0.01821	0.02522	0.01704	0.02119	0.01236	0.01435	0.01063	0.00730	0.00595	0.00198	0.00971	0.00485	0.00354	0.01105
36	0.02669	0.02692	0.09004	0.02960	0.21757	0.13422	0.02023	0.28526	0.02820	0.03670	0.01693	0.01905	0.01290	0.00875	0.00810	0.00244	0.01067	0.00696	0.00588	0.01288
37	0.02788	0.02801	0.02358	0.08322	0.09739	0.33407	0.01670	0.10079	0.04806	0.09965	0.02057	0.02199	0.04282	0.00945	0.00799	0.00238	0.01164	0.00708	0.00569	0.01105
38	0.01010	0.00730	0.00957	0.01139	0.01200	0.00676	0.00763	0.01159	0.01608	0.02128	0.04801	0.66660	0.08953	0.02574	0.01056	0.00334	0.00478	0.02326	0.00771	0.00676
39	0.02296	0.02687	0.01799	0.01718	0.02008	0.40754	0.01259	0.02481	0.02041	0.02039	0.02624	0.16785	0.05992	0.08195	0.01183	0.00308	0.01130	0.03326	0.00539	0.00836
40	0.01000	0.00771	0.00915	0.01029	0.01171	0.00685	0.00715	0.01171	0.01713	0.02171	0.06129	0.45103	0.29653	0.02401	0.01029	0.00314	0.00457	0.02116	0.00771	0.00685
41	0.02086	0.07961	0.40943	0.02364	0.03324	0.18384	0.08298	0.02797	0.01920	0.02445	0.01438	0.01712	0.01077	0.00793	0.00782	0.00247	0.01292	0.00619	0.00377	0.01142
42	0.03106	0.03863	0.02362	0.02127	0.02569	0.63649	0.01604	0.06822	0.02446	0.02222	0.01326	0.01527	0.01090	0.00864	0.00754	0.00216	0.01464	0.00548	0.00452	0.00990
43	0.02056	0.01974	0.03372	0.05099	0.65622	0.01974	0.02550	0.02550	0.01892	0.02714	0.01563	0.02056	0.01316	0.00740	0.00822	0.00247	0.00987	0.00740	0.00411	0.01316
44	0.06220	0.01119	0.01448	0.01223	0.01618	0.01019	0.00968	0.02622	0.02312	0.28883	0.36644	0.04576	0.05122	0.01377	0.00896	0.00259	0.00533	0.01176	0.00939	0.01046
45	0.01843	0.05942	0.41027	0.02364	0.03379	0.01864	0.14301	0.02627	0.01859	0.06395	0.05025	0.02132	0.01526	0.00821	0.00820	0.00255	0.01138	0.00733	0.00443	0.05507
46	0.01187	0.00890	0.01335	0.01335	0.01483	0.01038	0.01038	0.01483	0.01335	0.01928	0.02225	0.03264	0.02077	0.06231	0.67512	0.01335	0.02225	0.00890	0.00445	0.00742
47	0.01723	0.01477	0.01723	0.01230	0.01969	0.01107	0.00984	0.02092	0.01723	0.02707	0.01477	0.01723	0.01230	0.00615	0.00615	0.00123	0.00615	0.00492	0.00492	0.75883
48	0.02912	0.03160	0.02248	0.01944	0.02429	0.41307	0.01502	0.21112	0.02778	0.03022	0.02197	0.02285	0.07463	0.01021	0.00797	0.00231	0.01216	0.00719	0.00584	0.01073
49	0.01158	0.00879	0.01087	0.01121	0.01345	0.00807	0.00899	0.01485	0.02061	0.02701	0.27207	0.07780	0.26744	0.02019	0.01031	0.00305	0.00515	0.19288	0.00820	0.00750
50	0.01187	0.00890	0.01335	0.01335	0.01483	0.01038	0.01038	0.01483	0.01335	0.01928	0.02225	0.03264	0.02077	0.06231	0.67512	0.01335	0.02225	0.00890	0.00445	0.00742
51	0.01187	0.00890	0.01335	0.01335	0.01483	0.01038	0.01038	0.01483	0.01335	0.01928	0.02225	0.03264	0.02077	0.06231	0.67512	0.01335	0.02225	0.00890	0.00445	0.00742
52	0.02221	0.71304	0.04353	0.01421	0.02132	0.03287	0.01421	0.02488	0.01688	0.01955	0.01155	0.01333	0.01066	0.00711	0.00533	0.00178	0.00888	0.00444	0.00355	0.01066
53	0.03238	0.02068	0.02317	0.01791	0.02439	0.02209	0.01475	0.44832	0.06969	0.20351	0.02394	0.02266	0.01638	0.01012	0.00833	0.00253	0.00848	0.00781	0.00881	0.01407
54	0.01012	0.00723	0.00964	0.01157	0.01205	0.00675	0.00771	0.01157	0.01591	0.02121	0.04579	0.70262	0.05495	0.02603	0.01060	0.00337	0.00482	0.02362	0.00771	0.00675
55	0.02056	0.01974	0.03372	0.05099	0.65622	0.01974	0.02550	0.02550	0.01892	0.02714	0.01563	0.02056	0.01316	0.00740	0.00822	0.00247	0.00987	0.00740	0.00411	0.01316
56	0.01201	0.00835	0.01054	0.01054	0.01106	0.00886	0.00688	0.01303	0.01252	0.01721	0.02482	0.04685	0.02694	0.48480	0.26107	0.00989	0.01296	0.01098	0.00483	0.00586
57	0.10017	0.02412	0.02155	0.01809	0.02354	0.15046	0.01438	0.27618	0.21567	0.03929	0.02193	0.02168	0.01635	0.00987	0.00788	0.00253	0.00924	0.00735	0.00725	0.01245
58	0.01872	0.03916	0.57569	0.02255	0.03393	0.01872	0.02818	0.02844	0.04790	0.08424	0.01743	0.01915	0.01214	0.00827	0.00796	0.00263	0.01153	0.00649	0.00436	0.01249
59	0.02944	0.02221	0.02373	0.01868	0.02495	0.02476	0.01527	0.51421	0.15685	0.04891	0.02266	0.02211	0.01632	0.01023	0.00834	0.00256	0.00864	0.00785	0.00834	0.01394
60	0.01818	0.01818	0.02545	0.02181	0.02181	0.02545	0.01818	0.01999	0.01272	0.01999	0.01091	0.01818	0.01091	0.01454	0.02726	0.00364	0.69284	0.00727	0.00364	0.00909
61	0.01073	0.00839	0.00972	0.00952	0.01181	0.00738	0.00709	0.01363	0.02088	0.02737	0.34278	0.10503	0.35709	0.01944	0.00985	0.00275	0.00411	0.01671	0.00837	0.00738
62	0.01666	0.04297	0.66500	0.02368	0.03596	0.01929	0.03069	0.02631	0.01754	0.02631	0.01491	0.01754	0.01052	0.00789	0.00789	0.00263	0.01228	0.00614	0.00351	0.01228
63	0.76672	0.01607	0.01221	0.01092	0.01607	0.01864	0.00900	0.02442	0.01414	0.03727	0.01157	0.01350	0.00900	0.00771	0.00514	0.00257	0.00643	0.00450	0.00514	0.00900
64	0.02671	0.01947	0.02097	0.01660	0.02159	0.02134	0.01311	0.47466	0.03233	0.04331	0.02150	0.02854	0.01814	0.18421	0.01679	0.00388	0.00887	0.00863	0.00749	0.01186
65	0.02221	0.71304	0.04353	0.01421	0.02132	0.03287	0.01421	0.02488	0.01688	0.01955	0.01155	0.01333	0.01066	0.00711	0.00533	0.00178	0.00888	0.00444	0.00355	0.01066
66	0.02182	0.53953	0.03736	0.01489	0.02139	0.02982	0.01395	0.02968	0.17271	0.02334	0.01711	0.01774	0.01433	0.00815	0.00611	0.00204	0.00831	0.00568	0.00478	0.01128
67	0.01120	0.00842	0.01036	0.00998	0.01209	0.00758	0.00745	0.01455	0.02204	0.03005	0.48268	0.09301	0.22332	0.01839	0.00984	0.00269	0.00403	0.01602	0.00872	0.00758
68	0.01716	0.08124	0.59318	0.02377	0.03552	0.02019	0.06378	0.02624	0.01762	0.02593	0.01482	0.01757	0.01065	0.00780	0.00785	0.00259	0.01218	0.00625	0.00355	0.01212
69	0.01095	0.00807	0.00990	0.01084	0.01213	0.00750	0.00775	0.01287	0.01715	0.02228	0.10571	0.31238	0.19415	0.13049	0.01543	0.00397	0.00549	0.09877	0.00741	0.00676
70	0.01146	0.00852	0.01083	0.01139	0.01326	0.00789	0.00883	0.01454	0.02017	0.02687	0.27992	0.18452	0.18838	0.02085	0.01035	0.00308	0.00504	0.15845	0.00823	0.00743
71	0.06528	0.67272	0.04172	0.01402	0.02102	0.03205	0.01391	0.02485	0.01672	0.02057	0.01155	0.01334	0.01056	0.00714	0.00532	0.00182	0.00874	0.00445	0.00365	0.01056
72	0.01038	0.00739	0.00954	0.01109	0.01175	0.00687	0.00740	0.01160	0.01577	0.02075	0.04704	0.57797	0.10901	0.06468	0.01325	0.03484	0.00505	0.02170	0.00739	0.00654
73	0.01633	0.01278	0.01999	0.05077	0.17776	0.01234	0.04997	0.02028	0.02028	0.07574	0.21055	0.11115	0.10214	0.01497	0.00947	0.00280	0.00700	0.06894	0.00704	0.00970
74	0.16329	0.04804	0.01870	0.06956	0.06778	0.04680	0.01326	0.04996	0.01712	0.02671	0.07658	0.06565	0.02231	0.02496	0.18717	0.00554	0.07370	0.00865	0.00519	0.00903
75	0.06516	0.04395	0.05581	0.01840	0.10399	0.01393	0.01341	0.06096	0.02250	0.19887	0.23797	0.03853	0.06726	0.01224	0.00855	0.00255	0.00670	0.01035	0.00787	0.01099
76	0.12121	0.05783	0.09113	0.02331	0.05340	0.24685	0.13603	0.09882	0.02233	0.05152	0.01526	0.01770	0.01169	0.00820	0.00775	0.00243	0.01201	0.00659	0.00495	0.01098
77	0.08731	0.02120	0.11219	0.11977	0.20969	0.01923	0.02000	0.09014	0.11655	0.05663	0.02239	0.02453	0.04599	0.00928	0.00804	0.00262	0.00908	0.00782	0.00560	0.01196
78	0.06325	0.01740	0.02442	0.06610	0.24318	0.01767	0.01754	0.10120	0.08181	0.21696	0.02545	0.02592	0.04244	0.00954	0.00821	0.00257	0.00831	0.00815	0.00700	0.01287

[dist]
# distance from previous block
# <min> <max>
0	58

[block]
# block no. 2 follows, 22 sequences, length 78
# corresponding to MSA columns:
# 802-879
name=unknown_C
#
# <colnr> <probs for GDERKNQSTAVLIFYWHMCP>
#	G	D	E	R	K	N	Q	S	T	A	V	L	I	F	Y	W	H	M	C	P
0	0.09013	0.02056	0.07882	0.01567	0.02026	0.12319	0.01320	0.13253	0.02302	0.06118	0.12480	0.17344	0.03213	0.01380	0.00849	0.00262	0.00816	0.01137	0.00685	0.03978
1	0.08940	0.05906	0.04901	0.07486	0.10731	0.01881	0.01565	0.19134	0.02488	0.11579	0.11095	0.02621	0.02304	0.00991	0.00794	0.00244	0.00809	0.00804	0.00683	0.05044
2	0.12427	0.05077	0.10965	0.04950	0.10410	0.11708	0.04878	0.05691	0.04452	0.02848	0.07337	0.05143	0.05652	0.01024	0.00785	0.00249	0.00938	0.00835	0.00536	0.04095
3	0.12054	0.06513	0.10788	0.02357	0.12377	0.24308	0.01789	0.05929	0.02128	0.11850	0.01654	0.01807	0.01244	0.00842	0.00741	0.00237	0.01100	0.00616	0.00528	0.01137
4	0.08651	0.12965	0.18196	0.02093	0.06037	0.16181	0.01907	0.15885	0.05266	0.03107	0.01573	0.01737	0.01208	0.00849	0.00735	0.00237	0.01080	0.00610	0.00512	0.01170
5	0.05815	0.24268	0.07808	0.01552	0.02016	0.16164	0.01357	0.02239	0.01792	0.02174	0.02339	0.24113	0.02516	0.01375	0.00774	0.00249	0.00902	0.01110	0.00516	0.00920
6	0.02409	0.02365	0.01922	0.01749	0.02143	0.24797	0.01326	0.10151	0.18848	0.05845	0.02736	0.16965	0.02508	0.01332	0.00856	0.00265	0.00948	0.01078	0.00689	0.01068
7	0.01402	0.01130	0.01385	0.01543	0.06432	0.01170	0.01013	0.02165	0.18321	0.02548	0.07383	0.30725	0.09779	0.09478	0.01322	0.00358	0.00593	0.01627	0.00741	0.00885
8	0.01208	0.00805	0.00906	0.00906	0.00906	0.00805	0.00503	0.01208	0.01208	0.01611	0.02618	0.05436	0.03020	0.70804	0.04228	0.00805	0.00805	0.01208	0.00503	0.00503
9	0.01841	0.03002	0.28252	0.02999	0.03942	0.02059	0.36657	0.02614	0.01845	0.02614	0.01577	0.02033	0.01172	0.00775	0.01001	0.00278	0.04973	0.00827	0.00391	0.01150
10	0.18941	0.03191	0.02052	0.01860	0.02311	0.45483	0.01418	0.03257	0.09473	0.02572	0.01505	0.01656	0.01207	0.00870	0.00709	0.00231	0.01213	0.00564	0.00496	0.00991
11	0.02720	0.01595	0.01825	0.01515	0.02008	0.04984	0.01218	0.12598	0.10543	0.28392	0.16755	0.03699	0.03367	0.01231	0.00877	0.00263	0.00708	0.03587	0.00905	0.01208
12	0.02324	0.63414	0.04119	0.01506	0.02183	0.10807	0.01443	0.02585	0.01766	0.01964	0.01170	0.01352	0.01067	0.00728	0.00558	0.00182	0.00960	0.00455	0.00364	0.01054
13	0.01027	0.00837	0.00908	0.00904	0.01153	0.00718	0.00673	0.01274	0.01980	0.02481	0.20895	0.10932	0.49244	0.02040	0.00986	0.00279	0.00418	0.01730	0.00803	0.00718
14	0.02056	0.01974	0.03372	0.05099	0.65622	0.01974	0.02550	0.02550	0.01892	0.02714	0.01563	0.02056	0.01316	0.00740	0.00822	0.00247	0.00987	0.00740	0.00411	0.01316
15	0.01012	0.00723	0.00964	0.01157	0.01205	0.00675	0.00771	0.01157	0.01591	0.02121	0.04579	0.70262	0.05495	0.02603	0.01060	0.00337	0.00482	0.02362	0.00771	0.00675
16	0.01116	0.00847	0.01028	0.00983	0.01205	0.00759	0.00737	0.01452	0.02211	0.02998	0.47760	0.06755	0.25470	0.01823	0.00980	0.00267	0.00401	0.01579	0.00871	0.00759
17	0.01505	0.01210	0.01388	0.01307	0.01600	0.01282	0.00988	0.02644	0.27065	0.03191	0.30309	0.12555	0.08401	0.01596	0.00935	0.00279	0.00511	0.01390	0.00863	0.00980
18	0.02221	0.71304	0.04353	0.01421	0.02132	0.03287	0.01421	0.02488	0.01688	0.01955	0.01155	0.01333	0.01066	0.00711	0.00533	0.00178	0.00888	0.00444	0.00355	0.01066
19	0.01079	0.00787	0.01031	0.01201	0.01307	0.00739	0.00878	0.01283	0.01696	0.02214	0.04989	0.49756	0.12345	0.02477	0.01070	0.00341	0.00536	0.14802	0.00770	0.00697
20	0.02750	0.02124	0.02264	0.01829	0.02421	0.02386	0.01480	0.41037	0.26384	0.04578	0.02512	0.02407	0.01832	0.01046	0.00836	0.00261	0.00818	0.00819	0.00836	0.01376
21	0.01171	0.00904	0.01201	0.04611	0.01485	0.00870	0.03493	0.01360	0.01633	0.02130	0.10178	0.20247	0.17138	0.25010	0.02083	0.00471	0.00653	0.04034	0.00659	0.00670
22	0.01187	0.00890	0.01335	0.01335	0.01483	0.01038	0.01038	0.01483	0.01335	0.01928	0.02225	0.03264	0.02077	0.06231	0.67512	0.01335	0.02225	0.00890	0.00445	0.00742
23	0.02779	0.03344	0.02670	0.03058	0.22123	0.47157	0.01898	0.03079	0.02211	0.02244	0.01370	0.01671	0.01146	0.00820	0.00772	0.00224	0.01340	0.00599	0.00423	0.01072
24	0.26340	0.14975	0.05065	0.01690	0.02229	0.32574	0.01410	0.02864	0.01913	0.02585	0.01230	0.01433	0.01014	0.00801	0.00638	0.00223	0.01108	0.00495	0.00440	0.00972
25	0.01443	0.00722	0.01082	0.01082	0.01082	0.00722	0.00722	0.01082	0.01082	0.01443	0.01443	0.02525	0.01443	0.02886	0.03247	0.75830	0.00722	0.00722	0.00361	0.00361
26	0.03052	0.09349	0.02621	0.01942	0.02532	0.24406	0.01573	0.37220	0.03177	0.03854	0.01677	0.01766	0.01265	0.00923	0.00776	0.00231	0.01108	0.00648	0.00651	0.01229
27	0.01012	0.00723	0.00964	0.01157	0.01205	0.00675	0.00771	0.01157	0.01591	0.02121	0.04579	0.70262	0.05495	0.02603	0.01060	0.00337	0.00482	0.02362	0.00771	0.00675
28	0.01207	0.00810	0.00931	0.00931	0.00940	0.00819	0.00535	0.01224	0.01216	0.01629	0.02594	0.05309	0.02965	0.67010	0.07947	0.00837	0.00889	0.01189	0.00500	0.00517
29	0.02112	0.02079	0.03318	0.04943	0.62286	0.05440	0.02500	0.02590	0.01916	0.02678	0.01548	0.02027	0.01303	0.00746	0.00819	0.00245	0.01014	0.00729	0.00412	0.01297
30	0.02221	0.71304	0.04353	0.01421	0.02132	0.03287	0.01421	0.02488	0.01688	0.01955	0.01155	0.01333	0.01066	0.00711	0.00533	0.00178	0.00888	0.00444	0.00355	0.01066
31	0.02066	0.01785	0.01878	0.01691	0.02160	0.02066	0.01315	0.04414	0.64121	0.03475	0.03381	0.03099	0.02536	0.01127	0.00845	0.00282	0.00657	0.00939	0.00845	0.01315
32	0.02221	0.71304	0.04353	0.01421	0.02132	0.03287	0.01421	0.02488	0.01688	0.01955	0.01155	0.01333	0.01066	0.00711	0.00533	0.00178	0.00888	0.00444	0.00355	0.01066
33	0.76672	0.01607	0.01221	0.01092	0.01607	0.01864	0.00900	0.02442	0.01414	0.03727	0.01157	0.01350	0.00900	0.00771	0.00514	0.00257	0.00643	0.00450	0.00514	0.00900
34	0.01135	0.00891	0.01055	0.01137	0.01379	0.00811	0.00935	0.01419	0.01902	0.02348	0.06691	0.08586	0.39315	0.02186	0.01053	0.00324	0.00569	0.26767	0.00769	0.00729
35	0.01195	0.00846	0.01135	0.01301	0.01411	0.00827	0.01006	0.01434	0.01692	0.02225	0.04223	0.32242	0.04813	0.11825	0.01537	0.00423	0.00662	0.29777	0.00731	0.00694
36	0.76672	0.01607	0.01221	0.01092	0.01607	0.01864	0.00900	0.02442	0.01414	0.03727	0.01157	0.01350	0.00900	0.00771	0.00514	0.00257	0.00643	0.00450	0.00514	0.00900
37	0.01009	0.00734	0.00953	0.01128	0.01197	0.00677	0.00758	0.01160	0.01618	0.02132	0.04933	0.64515	0.11013	0.02557	0.01053	0.00332	0.00476	0.02306	0.00771	0.00677
38	0.03727	0.01414	0.01928	0.01478	0.02121	0.01221	0.01221	0.04049	0.02378	0.66198	0.03277	0.02828	0.02056	0.01028	0.00835	0.00257	0.00707	0.00835	0.01028	0.01414
39	0.76672	0.01607	0.01221	0.01092	0.01607	0.01864	0.00900	0.02442	0.01414	0.03727	0.01157	0.01350	0.00900	0.00771	0.00514	0.00257	0.00643	0.00450	0.00514	0.00900
40	0.02250	0.02415	0.02950	0.15300	0.38571	0.19321	0.02257	0.02680	0.01975	0.02431	0.01474	0.01935	0.01215	0.00787	0.00804	0.00243	0.01143	0.00685	0.00408	0.01155
41	0.01776	0.04144	0.63071	0.02321	0.03517	0.01892	0.02971	0.02706	0.01787	0.06007	0.01586	0.01811	0.01106	0.00802	0.00792	0.00263	0.01200	0.00626	0.00387	0.01238
42	0.01012	0.00723	0.00964	0.01157	0.01205	0.00675	0.00771	0.01157	0.01591	0.02121	0.04579	0.70262	0.05495	0.02603	0.01060	0.00337	0.00482	0.02362	0.00771	0.00675
43	0.18436	0.02177	0.02229	0.01741	0.02375	0.02428	0.01438	0.50297	0.03388	0.04922	0.01820	0.01860	0.01306	0.00950	0.00765	0.00251	0.00858	0.00686	0.00765	0.01306
44	0.01549	0.00774	0.00774	0.00774	0.00968	0.00774	0.00581	0.01936	0.01742	0.03097	0.02710	0.03097	0.02129	0.00968	0.00581	0.00194	0.00387	0.00774	0.75416	0.00774
45	0.01569	0.01477	0.02492	0.68808	0.05722	0.01846	0.02307	0.02123	0.01661	0.02123	0.01477	0.02215	0.01107	0.00831	0.00831	0.00277	0.01107	0.00738	0.00369	0.00923
46	0.02996	0.03689	0.02378	0.02132	0.02535	0.58453	0.01622	0.06354	0.02343	0.02200	0.01305	0.01552	0.01090	0.00915	0.00923	0.00229	0.07296	0.00563	0.00444	0.00982
47	0.01617	0.01236	0.01538	0.01635	0.09101	0.01217	0.01097	0.05711	0.11234	0.06758	0.24291	0.05355	0.22819	0.01543	0.00925	0.00267	0.00559	0.01322	0.00804	0.00973
48	0.03158	0.02327	0.02493	0.01911	0.02576	0.02576	0.01579	0.62852	0.03906	0.05236	0.01995	0.01995	0.01413	0.00997	0.00831	0.00249	0.00914	0.00748	0.00831	0.01413
49	0.02365	0.01189	0.01536	0.01244	0.01725	0.01016	0.00992	0.02705	0.02229	0.30927	0.23237	0.04228	0.09707	0.01283	0.00863	0.00241	0.00566	0.01084	0.00890	0.11972
50	0.01443	0.00722	0.01082	0.01082	0.01082	0.00722	0.00722	0.01082	0.01082	0.01443	0.01443	0.02525	0.01443	0.02886	0.03247	0.75830	0.00722	0.00722	0.00361	0.00361
51	0.03103	0.03959	0.02354	0.02140	0.02568	0.67469	0.01605	0.03317	0.02354	0.02033	0.01284	0.01498	0.01070	0.00856	0.00749	0.00214	0.01498	0.00535	0.00428	0.00963
52	0.02351	0.02795	0.09866	0.02362	0.12023	0.25467	0.01756	0.10836	0.05023	0.02718	0.02374	0.02587	0.08109	0.01441	0.06356	0.00333	0.01218	0.00781	0.00527	0.01078
53	0.00982	0.00842	0.00842	0.00842	0.01122	0.00701	0.00631	0.01192	0.01894	0.02244	0.08416	0.07995	0.65285	0.02104	0.00982	0.00281	0.00421	0.01753	0.00771	0.00701
54	0.01124	0.00804	0.00960	0.00989	0.01168	0.00731	0.00716	0.01400	0.01953	0.02688	0.26406	0.23542	0.21884	0.01964	0.00955	0.00279	0.00423	0.01715	0.09567	0.00731
55	0.01666	0.04297	0.66500	0.02368	0.03596	0.01929	0.03069	0.02631	0.01754	0.02631	0.01491	0.01754	0.01052	0.00789	0.00789	0.00263	0.01228	0.00614	0.00351	0.01228
56	0.02283	0.02405	0.03151	0.04457	0.51943	0.16183	0.02345	0.02716	0.01992	0.02566	0.01502	0.01935	0.01263	0.00765	0.00807	0.00240	0.01098	0.00696	0.00415	0.01239
57	0.03039	0.03771	0.02371	0.02131	0.02549	0.61047	0.01615	0.06063	0.02372	0.02183	0.01308	0.01538	0.01087	0.00894	0.00855	0.00223	0.04973	0.00555	0.00444	0.00982
58	0.02906	0.03586	0.02546	0.02697	0.14426	0.55152	0.01783	0.03173	0.02267	0.02161	0.01336	0.01603	0.01116	0.00834	0.00763	0.00220	0.01402	0.00574	0.00425	0.01029
59	0.02850	0.01982	0.02183	0.01734	0.02289	0.02147	0.01397	0.47460	0.03364	0.09747	0.02437	0.10245	0.02030	0.04895	0.01039	0.00290	0.00841	0.00969	0.00823	0.01278
60	0.01006	0.00748	0.00938	0.01089	0.01187	0.00680	0.00741	0.01164	0.01656	0.02147	0.05404	0.56867	0.18357	0.02495	0.01043	0.00325	0.00469	0.02231	0.00771	0.00680
61	0.01201	0.00832	0.01043	0.01043	0.01090	0.00880	0.00674	0.01296	0.01249	0.01712	0.02492	0.04744	0.02720	0.50220	0.24402	0.00974	0.01258	0.01107	0.00485	0.00579
62	0.20711	0.01459	0.01763	0.01388	0.02001	0.01371	0.01146	0.03675	0.02153	0.51653	0.02784	0.02483	0.01787	0.00968	0.00761	0.00257	0.00692	0.00746	0.00909	0.01294
63	0.01010	0.00782	0.00904	0.00998	0.01149	0.00695	0.00691	0.01176	0.01707	0.02148	0.06225	0.37909	0.32781	0.06357	0.01209	0.00339	0.00473	0.02015	0.00756	0.00677
64	0.02221	0.71304	0.04353	0.01421	0.02132	0.03287	0.01421	0.02488	0.01688	0.01955	0.01155	0.01333	0.01066	0.00711	0.00533	0.00178	0.00888	0.00444	0.00355	0.01066
65	0.01023	0.00843	0.00899	0.00885	0.01147	0.00719	0.00664	0.01272	0.01991	0.02475	0.20466	0.07615	0.53091	0.02018	0.00981	0.00276	0.00415	0.01700	0.00802	0.00719
66	0.03103	0.03959	0.02354	0.02140	0.02568	0.67469	0.01605	0.03317	0.02354	0.02033	0.01284	0.01498	0.01070	0.00856	0.00749	0.00214	0.01498	0.00535	0.00428	0.00963
67	0.01039	0.00734	0.00956	0.01123	0.01164	0.00693	0.00735	0.01164	0.01538	0.02051	0.04312	0.61442	0.05158	0.11882	0.01491	0.00401	0.00526	0.02205	0.00735	0.00651
68	0.01868	0.01563	0.01801	0.01299	0.02030	0.01256	0.01045	0.08247	0.01944	0.02963	0.01529	0.01750	0.01249	0.00654	0.00637	0.00136	0.00646	0.00518	0.00527	0.68338
69	0.01980	0.04152	0.52590	0.02308	0.03373	0.13278	0.02751	0.05413	0.01953	0.02643	0.01477	0.01720	0.01071	0.00810	0.00784	0.00254	0.01261	0.00606	0.00385	0.01190
70	0.22363	0.21391	0.02652	0.01842	0.05900	0.28858	0.01424	0.02816	0.01897	0.02502	0.01232	0.01447	0.01038	0.00787	0.00633	0.00218	0.01076	0.00500	0.00430	0.00995
71	0.03401	0.01713	0.02090	0.01612	0.02241	0.01684	0.01328	0.24933	0.02922	0.41392	0.05803	0.02693	0.02105	0.01049	0.00841	0.00254	0.00766	0.00836	0.00952	0.01383
72	0.01293	0.01053	0.01175	0.01133	0.01424	0.01034	0.00876	0.02020	0.15227	0.02815	0.22105	0.06594	0.31661	0.01805	0.00966	0.00284	0.00492	0.06359	0.00825	0.00859
73	0.02005	0.01908	0.03240	0.04862	0.61862	0.01904	0.02446	0.02492	0.01918	0.02750	0.05279	0.02298	0.01697	0.00796	0.00832	0.00248	0.00952	0.00785	0.00441	0.01285
74	0.08813	0.01757	0.02416	0.05570	0.26415	0.01702	0.01701	0.07425	0.04662	0.05824	0.01685	0.01967	0.01336	0.00757	0.00731	0.00212	0.00810	0.00648	0.00525	0.25045
75	0.01184	0.00854	0.01177	0.01187	0.01282	0.00944	0.00851	0.01377	0.01308	0.01836	0.02478	0.07555	0.02564	0.26874	0.43529	0.01111	0.01674	0.01072	0.00481	0.00661
76	0.01288	0.00993	0.01201	0.01110	0.01374	0.00949	0.00841	0.01903	0.10022	0.03194	0.47943	0.05834	0.13697	0.01628	0.00947	0.00260	0.00438	0.01418	0.00871	0.04088
77	0.06025	0.02658	0.16077	0.05006	0.02914	0.13106	0.10043	0.02703	0.06996	0.02624	0.01595	0.01882	0.01247	0.00809	0.00857	0.00229	0.04580	0.00650	0.00460	0.19541

[dist]
# distance from previous block
# <min> <max>
5	11

[block]
# block no. 3 follows, 22 sequences, length 10
# corresponding to MSA columns:
# 891-900
name=unknown_D
#
# <colnr> <probs for GDERKNQSTAVLIFYWHMCP>
#	G	D	E	R	K	N	Q	S	T	A	V	L	I	F	Y	W	H	M	C	P
0	0.22052	0.04157	0.01517	0.01210	0.01661	0.01496	0.00980	0.12159	0.02212	0.10347	0.13142	0.04111	0.19194	0.01327	0.00797	0.00259	0.00608	0.01046	0.00746	0.00978
1	0.08487	0.02124	0.01871	0.01596	0.02038	0.14361	0.01233	0.23228	0.10625	0.03413	0.02732	0.03135	0.08329	0.11652	0.01321	0.00335	0.00902	0.00882	0.00674	0.01061
2	0.02217	0.01737	0.01975	0.01869	0.07076	0.06579	0.01319	0.18370	0.02208	0.07950	0.02253	0.08664	0.02146	0.19363	0.02016	0.00417	0.11233	0.00992	0.00622	0.00996
3	0.01244	0.00957	0.01374	0.01343	0.01456	0.01133	0.01024	0.01486	0.01310	0.01886	0.02187	0.03468	0.02135	0.15597	0.52365	0.01171	0.07772	0.00924	0.00447	0.00720
4	0.08488	0.01884	0.01940	0.02084	0.11784	0.14073	0.01383	0.02751	0.11219	0.08704	0.02163	0.02696	0.01815	0.08156	0.16684	0.00550	0.01252	0.00791	0.00565	0.01019
5	0.02035	0.02231	0.12451	0.10887	0.22445	0.06680	0.02122	0.02515	0.01873	0.08103	0.08150	0.02446	0.01935	0.00999	0.01118	0.00271	0.11330	0.00790	0.00497	0.01122
6	0.01524	0.01162	0.01457	0.01389	0.01596	0.01250	0.01078	0.06718	0.05193	0.02409	0.02859	0.07414	0.02960	0.20950	0.12259	0.00604	0.06442	0.15807	0.00603	0.06323
7	0.01202	0.04128	0.01244	0.01163	0.01329	0.00896	0.00881	0.01495	0.01974	0.02698	0.32022	0.25454	0.06135	0.05270	0.01161	0.00324	0.00518	0.10555	0.00804	0.00749
8	0.02069	0.02688	0.24031	0.01978	0.04962	0.07065	0.01909	0.13738	0.02188	0.05942	0.02068	0.09948	0.01793	0.01436	0.05730	0.00327	0.01074	0.00858	0.00553	0.09641
9	0.02345	0.12931	0.03226	0.09061	0.29503	0.17759	0.04886	0.06057	0.02067	0.02525	0.01457	0.01833	0.01205	0.00784	0.00770	0.00233	0.01119	0.00658	0.00427	0.01157

[dist]
# distance from previous block
# <min> <max>
11	139

[block]
# block no. 4 follows, 22 sequences, length 99
# corresponding to MSA columns:
# 1045-1143
name=unknown_E
#
# <colnr> <probs for GDERKNQSTAVLIFYWHMCP>
#	G	D	E	R	K	N	Q	S	T	A	V	L	I	F	Y	W	H	M	C	P
0	0.02125	0.19804	0.34912	0.02152	0.03065	0.16579	0.05288	0.02749	0.01880	0.02343	0.01376	0.01623	0.01070	0.00781	0.00730	0.00233	0.01216	0.00575	0.00372	0.01127
1	0.10998	0.01445	0.04797	0.04474	0.04727	0.01209	0.01079	0.01914	0.01638	0.02588	0.05386	0.03183	0.07378	0.14172	0.01366	0.00310	0.00698	0.00810	0.00525	0.31302
2	0.01904	0.09391	0.28534	0.01847	0.02627	0.10196	0.01969	0.07653	0.01995	0.02615	0.02464	0.02661	0.09782	0.01423	0.06297	0.00330	0.01138	0.00767	0.00476	0.05929
3	0.17864	0.01621	0.04383	0.01463	0.01896	0.01673	0.01214	0.10387	0.19845	0.03364	0.06175	0.08153	0.05419	0.04244	0.00977	0.00309	0.00697	0.08558	0.00722	0.01036
4	0.02103	0.01597	0.01854	0.01694	0.05175	0.01696	0.01257	0.24313	0.10757	0.03618	0.05619	0.14183	0.02648	0.01728	0.06608	0.00349	0.00840	0.01078	0.05584	0.07299
5	0.02291	0.02010	0.02082	0.06235	0.07615	0.10897	0.01427	0.16585	0.10377	0.05880	0.02853	0.02902	0.10282	0.01050	0.00804	0.00233	0.00853	0.00839	0.00653	0.14130
6	0.03158	0.02327	0.02493	0.01911	0.02576	0.02576	0.01579	0.62852	0.03906	0.05236	0.01995	0.01995	0.01413	0.00997	0.00831	0.00249	0.00914	0.00748	0.00831	0.01413
