[name]
unknown

[dist]
# distance from previous block
# <min> <max>
0	6

[block]
# block no. 0 follows, 22 sequences, length 8
# corresponding to MSA columns:
# 6-13
name=unknown_A
#
# <colnr> <probs for GDERKNQSTAVLIFYWHMCP>
#	G	D	E	R	K	N	Q	S	T	A	V	L	I	F	Y	W	H	M	C	P
0	0.01525	0.01269	0.01991	0.18907	0.14207	0.01360	0.01797	0.01970	0.01846	0.02437	0.03162	0.06276	0.03244	0.01651	0.01010	0.00332	0.00890	0.34621	0.00603	0.00903
1	0.01431	0.01011	0.01306	0.01290	0.01497	0.01076	0.00964	0.01989	0.11064	0.06367	0.06914	0.19175	0.06763	0.07443	0.26934	0.00729	0.01208	0.01332	0.00665	0.00843
2	0.02077	0.01472	0.01651	0.01365	0.01793	0.01484	0.01042	0.17604	0.09971	0.07377	0.05995	0.05944	0.02481	0.16374	0.01542	0.00354	0.00713	0.00940	0.05018	0.14804
3	0.02068	0.01809	0.02293	0.17805	0.11187	0.05093	0.01672	0.13758	0.02149	0.02994	0.01624	0.02008	0.01283	0.00842	0.00876	0.00224	0.05346	0.00665	0.04896	0.21409
4	0.01093	0.00809	0.00951	0.00976	0.01116	0.00742	0.00667	0.01282	0.01771	0.02330	0.20263	0.20309	0.22582	0.19266	0.01809	0.00419	0.00523	0.01686	0.00740	0.00667
5	0.02756	0.02030	0.02201	0.01719	0.02319	0.02178	0.01400	0.48381	0.03380	0.04616	0.02170	0.07049	0.01734	0.01073	0.00811	0.00239	0.00821	0.00841	0.05027	0.09258
6	0.01690	0.01600	0.02711	0.52961	0.20621	0.01878	0.02367	0.02229	0.01718	0.02270	0.01498	0.02175	0.01159	0.00808	0.00829	0.00269	0.01077	0.00739	0.00380	0.01021
7	0.01110	0.00838	0.01053	0.01062	0.01227	0.00820	0.00773	0.01347	0.01714	0.02287	0.17255	0.13208	0.21391	0.12004	0.19468	0.00637	0.00961	0.01468	0.00678	0.00701

[dist]
# distance from previous block
# <min> <max>
2	4

[block]
# block no. 1 follows, 22 sequences, length 11
# corresponding to MSA columns:
# 18-28
name=unknown_B
#
# <colnr> <probs for GDERKNQSTAVLIFYWHMCP>
#	G	D	E	R	K	N	Q	S	T	A	V	L	I	F	Y	W	H	M	C	P
0	0.20904	0.01286	0.01477	0.01231	0.01700	0.01243	0.00984	0.02854	0.02040	0.31496	0.14707	0.03552	0.06581	0.05195	0.00989	0.00291	0.00621	0.00941	0.00835	0.01074
1	0.01012	0.00723	0.00964	0.01157	0.01205	0.00675	0.00771	0.01157	0.01591	0.02121	0.04579	0.70262	0.05495	0.02603	0.01060	0.00337	0.00482	0.02362	0.00771	0.00675
2	0.24589	0.02923	0.02053	0.01785	0.02289	0.34432	0.01394	0.15803	0.02412	0.03213	0.01399	0.01561	0.01094	0.00862	0.00698	0.00234	0.01123	0.00556	0.00539	0.01041
3	0.25355	0.02109	0.02109	0.01664	0.02283	0.02361	0.01374	0.44612	0.03153	0.04780	0.01742	0.01800	0.01258	0.00929	0.00735	0.00252	0.00832	0.00658	0.00735	0.01258
4	0.01187	0.00890	0.01335	0.01335	0.01483	0.01038	0.01038	0.01483	0.01335	0.01928	0.02225	0.03264	0.02077	0.06231	0.67512	0.01335	0.02225	0.00890	0.00445	0.00742
5	0.01157	0.00848	0.01213	0.01249	0.01360	0.00942	0.00923	0.01388	0.01367	0.01925	0.02714	0.16067	0.02832	0.13498	0.47291	0.01083	0.01724	0.01205	0.00513	0.00700
6	0.01245	0.00767	0.00895	0.00963	0.01054	0.00746	0.00642	0.01445	0.01583	0.02373	0.06608	0.28655	0.03893	0.19276	0.01701	0.00405	0.00528	0.01508	0.25044	0.00669
7	0.01082	0.00844	0.00933	0.00937	0.01145	0.00753	0.00684	0.01295	0.01841	0.02319	0.16229	0.07327	0.39913	0.14907	0.01601	0.00383	0.00513	0.05869	0.00744	0.00682
8	0.02345	0.02451	0.03003	0.08832	0.41892	0.18249	0.02240	0.06258	0.02108	0.02650	0.01513	0.01926	0.01245	0.00791	0.00805	0.00241	0.01118	0.00690	0.00437	0.01205
9	0.11328	0.02252	0.02534	0.26730	0.20288	0.18483	0.02021	0.02577	0.01867	0.02454	0.01411	0.01885	0.01128	0.00806	0.00769	0.00251	0.01117	0.00652	0.00413	0.01034
10	0.02321	0.02476	0.03115	0.04351	0.49671	0.18543	0.02311	0.02744	0.02009	0.02542	0.01492	0.01915	0.01254	0.00770	0.00804	0.00238	0.01116	0.00688	0.00415	0.01227

[dist]
# distance from previous block
# <min> <max>
0	27

[block]
# block no. 2 follows, 22 sequences, length 10
# corresponding to MSA columns:
# 59-68
name=unknown_C
#
# <colnr> <probs for GDERKNQSTAVLIFYWHMCP>
#	G	D	E	R	K	N	Q	S	T	A	V	L	I	F	Y	W	H	M	C	P
0	0.02193	0.12559	0.22045	0.10829	0.13587	0.15548	0.02259	0.06914	0.02030	0.02550	0.01448	0.01768	0.01133	0.00804	0.00759	0.00239	0.01160	0.00620	0.00413	0.01141
1	0.02547	0.02566	0.02842	0.09240	0.19521	0.20147	0.06737	0.16823	0.06000	0.03095	0.01691	0.01977	0.01316	0.00859	0.00819	0.00246	0.01136	0.00716	0.00535	0.01189
2	0.01038	0.00844	0.00919	0.00900	0.01156	0.00725	0.00675	0.01301	0.02026	0.02558	0.24803	0.07478	0.48702	0.01987	0.00981	0.00275	0.00412	0.01681	0.00813	0.00725
3	0.01408	0.01026	0.01212	0.01142	0.01281	0.01149	0.00849	0.01721	0.04457	0.02329	0.03412	0.04323	0.13299	0.18573	0.07105	0.00478	0.12270	0.01060	0.22164	0.00741
4	0.01201	0.00834	0.01050	0.01050	0.01100	0.00884	0.00683	0.01301	0.01251	0.01717	0.02486	0.04707	0.02704	0.49132	0.25468	0.00983	0.01282	0.01101	0.00484	0.00583
5	0.01549	0.00774	0.00774	0.00774	0.00968	0.00774	0.00581	0.01936	0.01742	0.03097	0.02710	0.03097	0.02129	0.00968	0.00581	0.00194	0.00387	0.00774	0.75416	0.00774
6	0.06768	0.07817	0.49462	0.02391	0.03483	0.02031	0.11481	0.02614	0.01757	0.02668	0.01476	0.01772	0.01073	0.00770	0.00783	0.00260	0.01193	0.00646	0.00372	0.01181
7	0.02991	0.12906	0.02647	0.02009	0.02510	0.49282	0.01576	0.11859	0.02489	0.02488	0.01370	0.01548	0.01119	0.00857	0.00732	0.00214	0.01330	0.00554	0.00477	0.01043
8	0.23653	0.02120	0.02367	0.17771	0.22092	0.13922	0.01846	0.02563	0.01787	0.02748	0.01375	0.01786	0.01104	0.00791	0.00722	0.00251	0.01009	0.00618	0.00434	0.01043
9	0.01953	0.02364	0.12209	0.03494	0.30550	0.07387	0.05796	0.02417	0.01771	0.02459	0.01679	0.07226	0.01535	0.01037	0.01207	0.00278	0.14241	0.00842	0.00423	0.01134

[dist]
# distance from previous block
# <min> <max>
0	2

[block]
# block no. 3 follows, 22 sequences, length 58
# corresponding to MSA columns:
# 71-128
name=unknown_D
#
# <colnr> <probs for GDERKNQSTAVLIFYWHMCP>
#	G	D	E	R	K	N	Q	S	T	A	V	L	I	F	Y	W	H	M	C	P
0	0.01666	0.04297	0.66500	0.02368	0.03596	0.01929	0.03069	0.02631	0.01754	0.02631	0.01491	0.01754	0.01052	0.00789	0.00789	0.00263	0.01228	0.00614	0.00351	0.01228
1	0.01856	0.01769	0.03010	0.31295	0.40992	0.01921	0.02450	0.02374	0.01797	0.02471	0.01527	0.02121	0.01230	0.00777	0.00826	0.00259	0.01036	0.00739	0.00394	0.01154
2	0.01176	0.00849	0.01110	0.01045	0.01241	0.00784	0.00784	0.01568	0.02352	0.03331	0.65184	0.06206	0.07839	0.01698	0.00980	0.00261	0.00392	0.01502	0.00914	0.00784
3	0.01202	0.00831	0.01035	0.01035	0.01080	0.00875	0.00664	0.01291	0.01246	0.01706	0.02500	0.04784	0.02737	0.51406	0.23239	0.00965	0.01232	0.01113	0.00486	0.00575
4	0.01025	0.00728	0.00960	0.01140	0.01185	0.00683	0.00753	0.01160	0.01565	0.02087	0.04449	0.65964	0.05330	0.07125	0.01270	0.00368	0.00503	0.02285	0.00753	0.00663
5	0.01208	0.00805	0.00906	0.00906	0.00906	0.00805	0.00503	0.01208	0.01208	0.01611	0.02618	0.05436	0.03020	0.70804	0.04228	0.00805	0.00805	0.01208	0.00503	0.00503
6	0.76672	0.01607	0.01221	0.01092	0.01607	0.01864	0.00900	0.02442	0.01414	0.03727	0.01157	0.01350	0.00900	0.00771	0.00514	0.00257	0.00643	0.00450	0.00514	0.00900
7	0.02221	0.71304	0.04353	0.01421	0.02132	0.03287	0.01421	0.02488	0.01688	0.01955	0.01155	0.01333	0.01066	0.00711	0.00533	0.00178	0.00888	0.00444	0.00355	0.01066
8	0.01831	0.01744	0.02966	0.34505	0.37974	0.01915	0.02438	0.02352	0.01785	0.02441	0.01523	0.02129	0.01220	0.00782	0.00826	0.00261	0.01043	0.00739	0.00392	0.01134
9	0.01601	0.01510	0.02550	0.64583	0.09694	0.01854	0.02323	0.02151	0.01676	0.02162	0.01482	0.02204	0.01121	0.00825	0.00830	0.00275	0.01099	0.00738	0.00372	0.00949
10	0.02440	0.01635	0.01727	0.01404	0.01859	0.01773	0.01134	0.35692	0.02941	0.04282	0.02314	0.02486	0.01732	0.00984	0.00719	0.00224	0.00679	0.00760	0.34086	0.01128
11	0.01012	0.00723	0.00964	0.01157	0.01205	0.00675	0.00771	0.01157	0.01591	0.02121	0.04579	0.70262	0.05495	0.02603	0.01060	0.00337	0.00482	0.02362	0.00771	0.00675
12	0.01158	0.00893	0.01074	0.01163	0.01388	0.00824	0.00951	0.01437	0.01868	0.02324	0.06269	0.08501	0.34216	0.05654	0.01222	0.00354	0.00599	0.28629	0.00755	0.00721
13	0.02036	0.02030	0.03696	0.04761	0.52645	0.02001	0.15268	0.02573	0.01906	0.02703	0.01588	0.02095	0.01304	0.00732	0.00856	0.00254	0.01075	0.00791	0.00413	0.01275
14	0.20695	0.38202	0.18119	0.01561	0.02343	0.02614	0.01677	0.02510	0.01635	0.02556	0.01234	0.01435	0.01021	0.00744	0.00588	0.00218	0.00906	0.00485	0.00394	0.01062
15	0.01623	0.01347	0.01492	0.01451	0.01776	0.01474	0.01114	0.03013	0.36015	0.02921	0.04395	0.18644	0.11482	0.01694	0.00942	0.00304	0.00602	0.07861	0.00811	0.01040
16	0.02187	0.02368	0.05597	0.04204	0.47189	0.14049	0.02315	0.02640	0.01973	0.02569	0.01696	0.02425	0.01489	0.00867	0.00829	0.00250	0.01077	0.04629	0.00435	0.01210
17	0.01807	0.03317	0.37128	0.02908	0.03951	0.02011	0.31458	0.02645	0.01853	0.02645	0.01581	0.01986	0.01152	0.00747	0.00880	0.00271	0.01310	0.00789	0.00384	0.01177
18	0.02850	0.23279	0.02928	0.01934	0.02443	0.49057	0.01552	0.03079	0.02163	0.02011	0.01247	0.01451	0.01069	0.00814	0.00687	0.00204	0.01323	0.00509	0.00407	0.00993
19	0.76672	0.01607	0.01221	0.01092	0.01607	0.01864	0.00900	0.02442	0.01414	0.03727	0.01157	0.01350	0.00900	0.00771	0.00514	0.00257	0.00643	0.00450	0.00514	0.00900
20	0.01666	0.04297	0.66500	0.02368	0.03596	0.01929	0.03069	0.02631	0.01754	0.02631	0.01491	0.01754	0.01052	0.00789	0.00789	0.00263	0.01228	0.00614	0.00351	0.01228
21	0.02545	0.01115	0.01443	0.01199	0.01619	0.01001	0.00956	0.02900	0.02222	0.34867	0.19451	0.03780	0.03597	0.01191	0.00814	0.00243	0.00549	0.00997	0.18412	0.01098
22	0.05334	0.01464	0.01809	0.01376	0.02013	0.01252	0.03344	0.02632	0.07524	0.14141	0.08399	0.02499	0.02149	0.00854	0.00721	0.00187	0.00643	0.00712	0.00660	0.42287
23	0.01208	0.00805	0.00906	0.00906	0.00906	0.00805	0.00503	0.01208	0.01208	0.01611	0.02618	0.05436	0.03020	0.70804	0.04228	0.00805	0.00805	0.01208	0.00503	0.00503
24	0.01208	0.00805	0.00906	0.00906	0.00906	0.00805	0.00503	0.01208	0.01208	0.01611	0.02618	0.05436	0.03020	0.70804	0.04228	0.00805	0.00805	0.01208	0.00503	0.00503
25	0.02365	0.03356	0.39142	0.02125	0.03111	0.02056	0.02394	0.21828	0.02503	0.10463	0.01847	0.01948	0.01277	0.00881	0.00808	0.00258	0.01071	0.00681	0.00577	0.01307
26	0.02031	0.02048	0.02980	0.16662	0.44443	0.09114	0.02314	0.02493	0.01899	0.02506	0.01821	0.02289	0.04096	0.00831	0.00823	0.00250	0.01041	0.00762	0.00421	0.01175
27	0.03049	0.03845	0.02329	0.02116	0.02547	0.64017	0.01590	0.03375	0.05614	0.02109	0.01395	0.01583	0.01147	0.00870	0.00754	0.00218	0.01454	0.00556	0.00450	0.00982
28	0.11727	0.02766	0.08276	0.03361	0.29862	0.22670	0.04478	0.02790	0.01969	0.02617	0.01422	0.01772	0.01161	0.00783	0.00764	0.00240	0.01142	0.00638	0.00425	0.01137
29	0.00982	0.00842	0.00842	0.00842	0.01122	0.00701	0.00631	0.01192	0.01894	0.02244	0.08416	0.07995	0.65285	0.02104	0.00982	0.00281	0.00421	0.01753	0.00771	0.00701
30	0.02032	0.01950	0.03329	0.08200	0.62707	0.01968	0.02538	0.02529	0.01880	0.02685	0.01558	0.02064	0.01306	0.00745	0.00823	0.00248	0.00993	0.00740	0.00409	0.01297
31	0.01176	0.00849	0.01110	0.01045	0.01241	0.00784	0.00784	0.01568	0.02352	0.03331	0.65184	0.06206	0.07839	0.01698	0.00980	0.00261	0.00392	0.01502	0.00914	0.00784
32	0.02056	0.01974	0.03372	0.05099	0.65622	0.01974	0.02550	0.02550	0.01892	0.02714	0.01563	0.02056	0.01316	0.00740	0.00822	0.00247	0.00987	0.00740	0.00411	0.01316
33	0.02056	0.01974	0.03372	0.05099	0.65622	0.01974	0.02550	0.02550	0.01892	0.02714	0.01563	0.02056	0.01316	0.00740	0.00822	0.00247	0.00987	0.00740	0.00411	0.01316
34	0.00982	0.00842	0.00842	0.00842	0.01122	0.00701	0.00631	0.01192	0.01894	0.02244	0.08416	0.07995	0.65285	0.02104	0.00982	0.00281	0.00421	0.01753	0.00771	0.00701
35	0.02307	0.01864	0.01970	0.01695	0.02198	0.02122	0.01340	0.18675	0.45915	0.03888	0.03003	0.02827	0.02237	0.01086	0.00827	0.00269	0.00706	0.00883	0.04874	0.01310
36	0.01208	0.00805	0.00906	0.00906	0.00906	0.00805	0.00503	0.01208	0.01208	0.01611	0.02618	0.05436	0.03020	0.70804	0.04228	0.00805	0.00805	0.01208	0.00503	0.00503
37	0.76672	0.01607	0.01221	0.01092	0.01607	0.01864	0.00900	0.02442	0.01414	0.03727	0.01157	0.01350	0.00900	0.00771	0.00514	0.00257	0.00643	0.00450	0.00514	0.00900
38	0.03006	0.11385	0.02575	0.02061	0.02520	0.60393	0.01585	0.03226	0.02281	0.02024	0.01270	0.01480	0.01070	0.00840	0.00725	0.00210	0.01431	0.00525	0.00420	0.00974
39	0.13657	0.01145	0.01109	0.01000	0.01316	0.01224	0.00785	0.11391	0.02023	0.03526	0.02355	0.02652	0.01825	0.00941	0.00609	0.00212	0.00509	0.00719	0.52112	0.00892
40	0.00982	0.00842	0.00842	0.00842	0.01122	0.00701	0.00631	0.01192	0.01894	0.02244	0.08416	0.07995	0.65285	0.02104	0.00982	0.00281	0.00421	0.01753	0.00771	0.00701
41	0.59570	0.01603	0.01412	0.01202	0.01748	0.01775	0.00991	0.05498	0.01709	0.15573	0.01595	0.01658	0.01141	0.00830	0.00589	0.00257	0.00667	0.00536	0.00625	0.01020
42	0.06862	0.02291	0.02429	0.01870	0.02527	0.02540	0.01545	0.59808	0.03780	0.05160	0.01952	0.01962	0.01387	0.00986	0.00815	0.00250	0.00900	0.00733	0.00815	0.01387
43	0.01549	0.00774	0.00774	0.00774	0.00968	0.00774	0.00581	0.01936	0.01742	0.03097	0.02710	0.03097	0.02129	0.00968	0.00581	0.00194	0.00387	0.00774	0.75416	0.00774
44	0.01023	0.00843	0.00899	0.00885	0.01147	0.00719	0.00664	0.01272	0.01991	0.02474	0.20438	0.07616	0.53120	0.02018	0.00981	0.00276	0.00415	0.01700	0.00802	0.00719
45	0.02176	0.01760	0.01882	0.01677	0.02158	0.02010	0.01309	0.04390	0.60027	0.07634	0.03374	0.03081	0.02504	0.01121	0.00845	0.00280	0.00661	0.00932	0.00857	0.01321
46	0.01696	0.07834	0.63220	0.02318	0.03518	0.02001	0.02982	0.02623	0.01750	0.02595	0.01473	0.01732	0.01053	0.00785	0.00776	0.00259	0.01210	0.00605	0.00351	0.01219
47	0.03006	0.11385	0.02575	0.02061	0.02520	0.60393	0.01585	0.03226	0.02281	0.02024	0.01270	0.01480	0.01070	0.00840	0.00725	0.00210	0.01431	0.00525	0.00420	0.00974
48	0.10430	0.63619	0.04008	0.01385	0.02074	0.03130	0.01364	0.02483	0.01658	0.02150	0.01155	0.01334	0.01048	0.00717	0.00531	0.00186	0.00861	0.00445	0.00373	0.01048
49	0.01974	0.41428	0.32062	0.01843	0.02785	0.02682	0.02156	0.02551	0.01717	0.02256	0.01305	0.01520	0.01060	0.00746	0.00647	0.00216	0.01040	0.00520	0.00353	0.01138
50	0.00990	0.00842	0.00854	0.00851	0.01127	0.00705	0.00638	0.01209	0.01914	0.02293	0.10944	0.07915	0.62726	0.02086	0.00982	0.00280	0.00420	0.01742	0.00778	0.00705
51	0.01187	0.00890	0.01335	0.01335	0.01483	0.01038	0.01038	0.01483	0.01335	0.01928	0.02225	0.03264	0.02077	0.06231	0.67512	0.01335	0.02225	0.00890	0.00445	0.00742
52	0.00982	0.00842	0.00842	0.00842	0.01122	0.00701	0.00631	0.01192	0.01894	0.02244	0.08416	0.07995	0.65285	0.02104	0.00982	0.00281	0.00421	0.01753	0.00771	0.00701
53	0.01443	0.00722	0.01082	0.01082	0.01082	0.00722	0.00722	0.01082	0.01082	0.01443	0.01443	0.02525	0.01443	0.02886	0.03247	0.75830	0.00722	0.00722	0.00361	0.00361
54	0.76672	0.01607	0.01221	0.01092	0.01607	0.01864	0.00900	0.02442	0.01414	0.03727	0.01157	0.01350	0.00900	0.00771	0.00514	0.00257	0.00643	0.00450	0.00514	0.00900
55	0.03071	0.02243	0.02400	0.01850	0.02489	0.02479	0.01525	0.59558	0.03789	0.05120	0.02033	0.02054	0.01452	0.00996	0.00818	0.00246	0.00886	0.00749	0.04864	0.01378
56	0.01187	0.00890	0.01335	0.01335	0.01483	0.01038	0.01038	0.01483	0.01335	0.01928	0.02225	0.03264	0.02077	0.06231	0.67512	0.01335	0.02225	0.00890	0.00445	0.00742
57	0.01749	0.03796	0.53063	0.02791	0.13839	0.01943	0.02903	0.02699	0.04618	0.02683	0.01589	0.01865	0.01164	0.00797	0.00797	0.00261	0.01162	0.00650	0.00383	0.01246

[dist]
# distance from previous block
# <min> <max>
0	3

[block]
# block no. 4 follows, 22 sequences, length 67
# corresponding to MSA columns:
# 132-198
name=unknown_E
#
# <colnr> <probs for GDERKNQSTAVLIFYWHMCP>
#	G	D	E	R	K	N	Q	S	T	A	V	L	I	F	Y	W	H	M	C	P
0	0.05720	0.61235	0.04006	0.01480	0.02153	0.09777	0.01416	0.02570	0.01743	0.02044	0.01168	0.01350	0.01059	0.00728	0.00554	0.00185	0.00939	0.00454	0.00370	0.01048
1	0.01919	0.25896	0.34668	0.02551	0.14326	0.02384	0.02434	0.02569	0.01757	0.02424	0.01393	0.01670	0.01105	0.00755	0.00711	0.00232	0.01073	0.00581	0.00363	0.01191
2	0.02146	0.04184	0.45098	0.02292	0.03253	0.23797	0.02581	0.02860	0.01954	0.02431	0.01422	0.01669	0.01058	0.00812	0.00776	0.00247	0.01318	0.00588	0.00377	0.01139
3	0.02332	0.02500	0.03040	0.03554	0.30625	0.19152	0.06714	0.05486	0.02005	0.02527	0.01438	0.01881	0.01213	0.00903	0.01145	0.00261	0.12951	0.00703	0.00428	0.01143
4	0.07721	0.02670	0.05792	0.03768	0.38617	0.22290	0.02162	0.02784	0.01995	0.02572	0.01444	0.01818	0.01198	0.00781	0.00776	0.00238	0.01132	0.00650	0.00421	0.01172
5	0.11619	0.15036	0.47630	0.02043	0.03092	0.02145	0.02511	0.02582	0.01698	0.02663	0.01391	0.01631	0.01035	0.00774	0.00711	0.00248	0.01095	0.00564	0.00373	0.01158
6	0.01062	0.00860	0.01112	0.01117	0.01320	0.00765	0.03607	0.01289	0.01825	0.02335	0.12910	0.32843	0.31530	0.02195	0.01013	0.00301	0.00488	0.01936	0.00771	0.00719
7	0.01022	0.00843	0.00898	0.00884	0.01147	0.00719	0.00663	0.01271	0.01989	0.02471	0.20263	0.07621	0.53296	0.02019	0.00981	0.00277	0.00415	0.01701	0.00801	0.00719
8	0.01187	0.00890	0.01335	0.01335	0.01483	0.01038	0.01038	0.01483	0.01335	0.01928	0.02225	0.03264	0.02077	0.06231	0.67512	0.01335	0.02225	0.00890	0.00445	0.00742
9	0.01324	0.01079	0.01200	0.01129	0.01425	0.01072	0.00858	0.02135	0.17565	0.02955	0.28283	0.06110	0.28280	0.01710	0.00947	0.00274	0.00469	0.01457	0.00843	0.00885
10	0.02554	0.25663	0.02896	0.01791	0.02323	0.29976	0.01472	0.03317	0.17521	0.02366	0.01764	0.01842	0.01434	0.00876	0.00702	0.00219	0.01087	0.00606	0.00508	0.01085
11	0.01723	0.01477	0.01723	0.01230	0.01969	0.01107	0.00984	0.02092	0.01723	0.02707	0.01477	0.01723	0.01230	0.00615	0.00615	0.00123	0.00615	0.00492	0.00492	0.75883
12	0.01117	0.00843	0.01031	0.01075	0.01265	0.00770	0.00816	0.01392	0.01958	0.02571	0.24227	0.17612	0.25022	0.05090	0.01164	0.00324	0.00497	0.11699	0.00802	0.00725
13	0.02056	0.01974	0.03372	0.05099	0.65622	0.01974	0.02550	0.02550	0.01892	0.02714	0.01563	0.02056	0.01316	0.00740	0.00822	0.00247	0.00987	0.00740	0.00411	0.01316
14	0.01026	0.00766	0.00954	0.01069	0.01190	0.00695	0.00740	0.01217	0.01757	0.02301	0.13075	0.47715	0.19724	0.02373	0.01032	0.00315	0.00456	0.02112	0.00789	0.00695
15	0.02861	0.05950	0.02678	0.02677	0.15681	0.37087	0.01789	0.16074	0.02568	0.02868	0.01491	0.01716	0.01196	0.00857	0.00773	0.00227	0.01240	0.00620	0.00509	0.01139
16	0.02126	0.01666	0.01826	0.01645	0.04837	0.01795	0.01218	0.24817	0.17594	0.03589	0.03785	0.04002	0.15778	0.10014	0.01293	0.00334	0.00734	0.01070	0.00761	0.01116
17	0.02694	0.19857	0.05549	0.02042	0.05959	0.23858	0.01642	0.17764	0.07746	0.02985	0.01628	0.01756	0.01290	0.00869	0.00730	0.00223	0.01094	0.00614	0.00540	0.01159
18	0.01757	0.15318	0.56279	0.02212	0.03355	0.02153	0.02798	0.02607	0.01743	0.02520	0.01436	0.01685	0.01055	0.00776	0.00747	0.00249	0.01172	0.00586	0.00352	0.01201
19	0.32628	0.01628	0.06226	0.01927	0.14898	0.01549	0.01306	0.02247	0.01654	0.03157	0.02325	0.02562	0.07825	0.00942	0.00659	0.00245	0.00681	0.00722	0.15854	0.00964
20	0.01232	0.00871	0.00946	0.00912	0.01142	0.00767	0.00648	0.01408	0.01782	0.06389	0.09992	0.06911	0.42216	0.19089	0.01779	0.00408	0.00534	0.01542	0.00730	0.00704
21	0.02027	0.01839	0.01770	0.06352	0.02223	0.09938	0.01262	0.11545	0.25437	0.03128	0.04010	0.03895	0.17675	0.01290	0.00854	0.00265	0.00763	0.01043	0.03603	0.01083
22	0.02221	0.71304	0.04353	0.01421	0.02132	0.03287	0.01421	0.02488	0.01688	0.01955	0.01155	0.01333	0.01066	0.00711	0.00533	0.00178	0.00888	0.00444	0.00355	0.01066
23	0.01066	0.00862	0.00959	0.00983	0.01238	0.00755	0.00770	0.01328	0.01953	0.02419	0.14724	0.08007	0.47977	0.02086	0.01010	0.00295	0.00475	0.11582	0.00788	0.00722
24	0.01899	0.02669	0.17728	0.03265	0.04186	0.02065	0.50209	0.02655	0.01918	0.02655	0.01641	0.02139	0.01217	0.00719	0.00941	0.00277	0.01365	0.00904	0.00406	0.01143
25	0.01208	0.00805	0.00906	0.00906	0.00906	0.00805	0.00503	0.01208	0.01208	0.01611	0.02618	0.05436	0.03020	0.70804	0.04228	0.00805	0.00805	0.01208	0.00503	0.00503
26	0.03158	0.02327	0.02493	0.01911	0.02576	0.02576	0.01579	0.62852	0.03906	0.05236	0.01995	0.01995	0.01413	0.00997	0.00831	0.00249	0.00914	0.00748	0.00831	0.01413
27	0.02822	0.03523	0.02601	0.02253	0.02713	0.54500	0.09216	0.03103	0.02232	0.02104	0.01401	0.01718	0.01166	0.01222	0.05572	0.00303	0.01538	0.00616	0.00428	0.00967
28	0.02895	0.03369	0.02578	0.02721	0.15488	0.46769	0.01796	0.09840	0.02434	0.02532	0.01421	0.01668	0.01159	0.00848	0.00773	0.00225	0.01328	0.00601	0.00470	0.01086
29	0.02221	0.71304	0.04353	0.01421	0.02132	0.03287	0.01421	0.02488	0.01688	0.01955	0.01155	0.01333	0.01066	0.00711	0.00533	0.00178	0.00888	0.00444	0.00355	0.01066
30	0.01006	0.00843	0.00875	0.00867	0.01137	0.00712	0.00650	0.01239	0.01951	0.02381	0.15536	0.07770	0.58079	0.02053	0.00982	0.00278	0.00417	0.01722	0.00789	0.00712
31	0.01188	0.00884	0.01307	0.01307	0.01445	0.01023	0.01003	0.01465	0.01327	0.01907	0.02251	0.03408	0.02139	0.10510	0.63318	0.01300	0.02131	0.00911	0.00449	0.00726
32	0.01002	0.00763	0.00923	0.01052	0.01177	0.00684	0.00724	0.01169	0.01692	0.02162	0.05859	0.49487	0.25444	0.02436	0.01034	0.00318	0.00462	0.02159	0.00771	0.00684
33	0.01205	0.00892	0.01162	0.01282	0.01476	0.00848	0.01055	0.01525	0.01925	0.02497	0.12780	0.15820	0.17948	0.02217	0.01082	0.00341	0.00613	0.33803	0.00786	0.00743
34	0.02917	0.02736	0.02323	0.01939	0.02488	0.23136	0.01533	0.31921	0.15749	0.03855	0.02052	0.02063	0.01534	0.00979	0.00808	0.00245	0.01048	0.00719	0.00706	0.01250
35	0.02170	0.02328	0.06103	0.04604	0.54905	0.10187	0.02455	0.02650	0.01943	0.02625	0.01524	0.01972	0.01273	0.00757	0.00812	0.00243	0.01062	0.00709	0.00411	0.01268
36	0.02406	0.02629	0.02973	0.03976	0.42061	0.23830	0.02185	0.02880	0.04520	0.02517	0.01542	0.01911	0.01282	0.00794	0.00799	0.00237	0.01144	0.00680	0.00434	0.01198
37	0.76672	0.01607	0.01221	0.01092	0.01607	0.01864	0.00900	0.02442	0.01414	0.03727	0.01157	0.01350	0.00900	0.00771	0.00514	0.00257	0.00643	0.00450	0.00514	0.00900
38	0.01666	0.04297	0.66500	0.02368	0.03596	0.01929	0.03069	0.02631	0.01754	0.02631	0.01491	0.01754	0.01052	0.00789	0.00789	0.00263	0.01228	0.00614	0.00351	0.01228
39	0.01011	0.00728	0.00958	0.01142	0.01201	0.00676	0.00765	0.01158	0.01604	0.02126	0.04753	0.67435	0.08209	0.02580	0.01057	0.00335	0.00479	0.02334	0.00771	0.00676
40	0.02056	0.01974	0.03372	0.05099	0.65622	0.01974	0.02550	0.02550	0.01892	0.02714	0.01563	0.02056	0.01316	0.00740	0.00822	0.00247	0.00987	0.00740	0.00411	0.01316
41	0.00982	0.00842	0.00842	0.00842	0.01122	0.00701	0.00631	0.01192	0.01894	0.02244	0.08416	0.07995	0.65285	0.02104	0.00982	0.00281	0.00421	0.01753	0.00771	0.00701
42	0.01054	0.00844	0.00942	0.00918	0.01167	0.00732	0.00688	0.01333	0.02065	0.02651	0.29678	0.07325	0.43769	0.01952	0.00981	0.00273	0.00410	0.01659	0.00825	0.00732
43	0.01624	0.01550	0.02669	0.60901	0.10340	0.01867	0.05031	0.02180	0.01693	0.02193	0.01492	0.02204	0.01131	0.00818	0.00837	0.00275	0.01111	0.00749	0.00375	0.00962
44	0.02946	0.11462	0.02547	0.01964	0.02454	0.46837	0.01538	0.12719	0.02500	0.02581	0.01441	0.01623	0.01167	0.00866	0.00730	0.00215	0.01288	0.00568	0.03514	0.01040
45	0.01187	0.00890	0.01335	0.01335	0.01483	0.01038	0.01038	0.01483	0.01335	0.01928	0.02225	0.03264	0.02077	0.06231	0.67512	0.01335	0.02225	0.00890	0.00445	0.00742
46	0.02229	0.02140	0.06618	0.08859	0.44762	0.02088	0.02359	0.15080	0.02287	0.03192	0.01642	0.02038	0.01307	0.00803	0.00823	0.00250	0.00994	0.00735	0.00492	0.01303
47	0.02491	0.26047	0.07836	0.02523	0.15415	0.27929	0.01842	0.02834	0.01994	0.02189	0.01313	0.01576	0.01118	0.00779	0.00695	0.00212	0.01171	0.00552	0.00395	0.01089
48	0.01750	0.00969	0.00990	0.00917	0.01170	0.01000	0.00706	0.09577	0.02014	0.03365	0.02620	0.02959	0.02039	0.00972	0.00612	0.00201	0.00453	0.00771	0.66061	0.00854
49	0.01012	0.00723	0.00964	0.01157	0.01205	0.00675	0.00771	0.01157	0.01591	0.02121	0.04579	0.70262	0.05495	0.02603	0.01060	0.00337	0.00482	0.02362	0.00771	0.00675
50	0.01994	0.01911	0.03260	0.13198	0.58007	0.01958	0.02519	0.02495	0.01862	0.02639	0.01552	0.02076	0.01289	0.00752	0.00823	0.00251	0.01002	0.00740	0.00406	0.01266
51	0.02078	0.05141	0.02817	0.24432	0.27099	0.12561	0.02145	0.02725	0.08239	0.02460	0.01658	0.02092	0.01323	0.00826	0.00803	0.00252	0.01070	0.00714	0.00442	0.01123
52	0.06680	0.02915	0.02707	0.06393	0.28018	0.34431	0.01979	0.02904	0.02084	0.02405	0.01398	0.01748	0.01161	0.00804	0.00769	0.00232	0.01227	0.00622	0.00423	0.01100
53	0.01721	0.03972	0.57653	0.02751	0.12289	0.01936	0.02997	0.02619	0.01773	0.02643	0.01501	0.01796	0.01089	0.00782	0.00794	0.00261	0.01194	0.00632	0.00359	0.01240
54	0.01208	0.00805	0.00906	0.00906	0.00906	0.00805	0.00503	0.01208	0.01208	0.01611	0.02618	0.05436	0.03020	0.70804	0.04228	0.00805	0.00805	0.01208	0.00503	0.00503
55	0.01042	0.00883	0.00971	0.01044	0.03741	0.00758	0.00727	0.01275	0.01916	0.02344	0.12471	0.10432	0.55433	0.02039	0.00979	0.00280	0.00444	0.01720	0.00768	0.00731
56	0.01038	0.00841	0.00901	0.00888	0.01131	0.00726	0.00653	0.01270	0.01938	0.02420	0.19570	0.07446	0.49105	0.06954	0.01215	0.00314	0.00443	0.01663	0.00781	0.00704
57	0.01666	0.04297	0.66500	0.02368	0.03596	0.01929	0.03069	0.02631	0.01754	0.02631	0.01491	0.01754	0.01052	0.00789	0.00789	0.00263	0.01228	0.00614	0.00351	0.01228
58	0.02387	0.27532	0.03627	0.02170	0.02732	0.22652	0.14267	0.02717	0.01897	0.02131	0.01296	0.01633	0.01111	0.00846	0.00968	0.00233	0.09761	0.00619	0.00392	0.01026
59	0.01208	0.00805	0.00906	0.00906	0.00906	0.00805	0.00503	0.01208	0.01208	0.01611	0.02618	0.05436	0.03020	0.70804	0.04228	0.00805	0.00805	0.01208	0.00503	0.00503
60	0.01187	0.00890	0.01335	0.01335	0.01483	0.01038	0.01038	0.01483	0.01335	0.01928	0.02225	0.03264	0.02077	0.06231	0.67512	0.01335	0.02225	0.00890	0.00445	0.00742
61	0.02056	0.01974	0.03372	0.05099	0.65622	0.01974	0.02550	0.02550	0.01892	0.02714	0.01563	0.02056	0.01316	0.00740	0.00822	0.00247	0.00987	0.00740	0.00411	0.01316
62	0.07903	0.00970	0.00982	0.00924	0.01178	0.01014	0.00713	0.06577	0.01889	0.03272	0.05341	0.03016	0.02229	0.01217	0.03541	0.00256	0.00529	0.00783	0.56832	0.00832
63	0.02170	0.02307	0.05791	0.04472	0.52492	0.10075	0.02400	0.02729	0.04658	0.02660	0.01605	0.02020	0.01328	0.00773	0.00813	0.00245	0.01046	0.00718	0.00430	0.01269
64	0.02451	0.06438	0.02485	0.02523	0.15452	0.28531	0.01672	0.10203	0.02207	0.02551	0.01617	0.02029	0.01370	0.01943	0.14442	0.00453	0.01434	0.00672	0.00475	0.01053
65	0.12244	0.02787	0.02322	0.04802	0.05409	0.26327	0.01577	0.28135	0.02839	0.03625	0.01587	0.01743	0.01205	0.00898	0.00761	0.00238	0.01106	0.00631	0.00605	0.01158
66	0.01142	0.00787	0.00916	0.00965	0.00997	0.00765	0.00580	0.01194	0.01354	0.01786	0.03531	0.22053	0.08118	0.48582	0.03192	0.00649	0.00696	0.01540	0.00591	0.00561

[dist]
# distance from previous block
# <min> <max>
0	2

[block]
# block no. 5 follows, 22 sequences, length 64
# corresponding to MSA columns:
# 201-264
name=unknown_F
#
# <colnr> <probs for GDERKNQSTAVLIFYWHMCP>
#	G	D	E	R	K	N	Q	S	T	A	V	L	I	F	Y	W	H	M	C	P
0	0.01303	0.00879	0.00983	0.00955	0.00987	0.00891	0.00555	0.04193	0.01339	0.01786	0.02587	0.05270	0.02942	0.67425	0.04064	0.00778	0.00811	0.01186	0.00519	0.00547
1	0.01879	0.02503	0.16778	0.11289	0.19912	0.02004	0.28200	0.02564	0.01866	0.02606	0.01588	0.02092	0.01214	0.00744	0.00884	0.00268	0.01226	0.00817	0.00398	0.01169
2	0.03019	0.03456	0.02285	0.02014	0.02472	0.51103	0.01538	0.14528	0.02611	0.02705	0.01506	0.01690	0.01199	0.00890	0.00754	0.00219	0.01320	0.00590	0.05063	0.01037
3	0.01666	0.04297	0.66500	0.02368	0.03596	0.01929	0.03069	0.02631	0.01754	0.02631	0.01491	0.01754	0.01052	0.00789	0.00789	0.00263	0.01228	0.00614	0.00351	0.01228
4	0.01866	0.01780	0.03028	0.29979	0.42230	0.01924	0.02455	0.02383	0.01802	0.02483	0.01529	0.02118	0.01234	0.00775	0.00826	0.00258	0.01034	0.00739	0.00395	0.01162
5	0.00982	0.00842	0.00842	0.00842	0.01122	0.00701	0.00631	0.01192	0.01894	0.02244	0.08416	0.07995	0.65285	0.02104	0.00982	0.00281	0.00421	0.01753	0.00771	0.00701
6	0.01004	0.00842	0.00872	0.00865	0.01136	0.00711	0.00649	0.01235	0.01946	0.02368	0.14887	0.07791	0.58737	0.02058	0.00982	0.00278	0.00417	0.01725	0.00788	0.00711
7	0.02056	0.01974	0.03372	0.05099	0.65622	0.01974	0.02550	0.02550	0.01892	0.02714	0.01563	0.02056	0.01316	0.00740	0.00822	0.00247	0.00987	0.00740	0.00411	0.01316
8	0.01079	0.00771	0.01041	0.01233	0.01311	0.00733	0.00888	0.01273	0.01657	0.02196	0.04542	0.57742	0.05348	0.02539	0.01078	0.00347	0.00540	0.14219	0.00770	0.00693
9	0.03158	0.02327	0.02493	0.01911	0.02576	0.02576	0.01579	0.62852	0.03906	0.05236	0.01995	0.01995	0.01413	0.00997	0.00831	0.00249	0.00914	0.00748	0.00831	0.01413
10	0.01176	0.00849	0.01110	0.01045	0.01241	0.00784	0.00784	0.01568	0.02352	0.03331	0.65184	0.06206	0.07839	0.01698	0.00980	0.00261	0.00392	0.01502	0.00914	0.00784
11	0.03103	0.03959	0.02354	0.02140	0.02568	0.67469	0.01605	0.03317	0.02354	0.02033	0.01284	0.01498	0.01070	0.00856	0.00749	0.00214	0.01498	0.00535	0.00428	0.00963
12	0.02056	0.01974	0.03372	0.05099	0.65622	0.01974	0.02550	0.02550	0.01892	0.02714	0.01563	0.02056	0.01316	0.00740	0.00822	0.00247	0.00987	0.00740	0.00411	0.01316
13	0.01194	0.00863	0.01199	0.01199	0.01301	0.00965	0.00869	0.01396	0.01295	0.01828	0.02349	0.03952	0.02376	0.26685	0.47466	0.01167	0.01775	0.00991	0.00464	0.00666
14	0.01818	0.01818	0.02545	0.02181	0.02181	0.02545	0.01818	0.01999	0.01272	0.01999	0.01091	0.01818	0.01091	0.01454	0.02726	0.00364	0.69284	0.00727	0.00364	0.00909
15	0.01012	0.00723	0.00964	0.01157	0.01205	0.00675	0.00771	0.01157	0.01591	0.02121	0.04579	0.70262	0.05495	0.02603	0.01060	0.00337	0.00482	0.02362	0.00771	0.00675
16	0.03727	0.01414	0.01928	0.01478	0.02121	0.01221	0.01221	0.04049	0.02378	0.66198	0.03277	0.02828	0.02056	0.01028	0.00835	0.00257	0.00707	0.00835	0.01028	0.01414
17	0.01208	0.00805	0.00906	0.00906	0.00906	0.00805	0.00503	0.01208	0.01208	0.01611	0.02618	0.05436	0.03020	0.70804	0.04228	0.00805	0.00805	0.01208	0.00503	0.00503
18	0.01136	0.00848	0.01055	0.01003	0.01217	0.00767	0.00752	0.01491	0.02257	0.03108	0.53512	0.06573	0.19650	0.01782	0.00980	0.00265	0.00398	0.01554	0.00885	0.00767
19	0.02066	0.01785	0.01878	0.01691	0.02160	0.02066	0.01315	0.04414	0.64121	0.03475	0.03381	0.03099	0.02536	0.01127	0.00845	0.00282	0.00657	0.00939	0.00845	0.01315
20	0.03103	0.03959	0.02354	0.02140	0.02568	0.67469	0.01605	0.03317	0.02354	0.02033	0.01284	0.01498	0.01070	0.00856	0.00749	0.00214	0.01498	0.00535	0.00428	0.00963
21	0.02056	0.01974	0.03372	0.05099	0.65622	0.01974	0.02550	0.02550	0.01892	0.02714	0.01563	0.02056	0.01316	0.00740	0.00822	0.00247	0.00987	0.00740	0.00411	0.01316
22	0.76672	0.01607	0.01221	0.01092	0.01607	0.01864	0.00900	0.02442	0.01414	0.03727	0.01157	0.01350	0.00900	0.00771	0.00514	0.00257	0.00643	0.00450	0.00514	0.00900
23	0.03045	0.03862	0.02363	0.02142	0.02551	0.64517	0.01615	0.03257	0.02305	0.02032	0.01275	0.01513	0.01071	0.00883	0.00839	0.00221	0.04581	0.00544	0.00425	0.00961
24	0.01127	0.00827	0.01059	0.01065	0.01241	0.00760	0.00788	0.01447	0.02124	0.02921	0.43555	0.19600	0.13923	0.01956	0.01004	0.00284	0.00430	0.04275	0.00862	0.00751
25	0.01188	0.00885	0.01311	0.01311	0.01451	0.01025	0.01009	0.01468	0.01328	0.01911	0.02247	0.03385	0.02129	0.09832	0.63983	0.01306	0.02146	0.00908	0.00448	0.00728
26	0.01549	0.00774	0.00774	0.00774	0.00968	0.00774	0.00581	0.01936	0.01742	0.03097	0.02710	0.03097	0.02129	0.00968	0.00581	0.00194	0.00387	0.00774	0.75416	0.00774
27	0.03158	0.02327	0.02493	0.01911	0.02576	0.02576	0.01579	0.62852	0.03906	0.05236	0.01995	0.01995	0.01413	0.00997	0.00831	0.00249	0.00914	0.00748	0.00831	0.01413
28	0.76672	0.01607	0.01221	0.01092	0.01607	0.01864	0.00900	0.02442	0.01414	0.03727	0.01157	0.01350	0.00900	0.00771	0.00514	0.00257	0.00643	0.00450	0.00514	0.00900
29	0.03106	0.03879	0.02361	0.02129	0.02569	0.64271	0.01604	0.06251	0.02431	0.02191	0.01319	0.01523	0.01087	0.00863	0.00753	0.00216	0.01469	0.00546	0.00448	0.00985
30	0.03103	0.03959	0.02354	0.02140	0.02568	0.67469	0.01605	0.03317	0.02354	0.02033	0.01284	0.01498	0.01070	0.00856	0.00749	0.00214	0.01498	0.00535	0.00428	0.00963
31	0.01154	0.00783	0.00922	0.00975	0.00988	0.00770	0.00577	0.01194	0.01313	0.01750	0.03155	0.23196	0.03698	0.52120	0.03360	0.00677	0.00717	0.01524	0.00577	0.00550
32	0.01187	0.00890	0.01335	0.01335	0.01483	0.01038	0.01038	0.01483	0.01335	0.01928	0.02225	0.03264	0.02077	0.06231	0.67512	0.01335	0.02225	0.00890	0.00445	0.00742
33	0.76672	0.01607	0.01221	0.01092	0.01607	0.01864	0.00900	0.02442	0.01414	0.03727	0.01157	0.01350	0.00900	0.00771	0.00514	0.00257	0.00643	0.00450	0.00514	0.00900
34	0.01961	0.02241	0.04902	0.03501	0.04342	0.02101	0.62605	0.02661	0.01961	0.02661	0.01681	0.02241	0.01261	0.00700	0.00980	0.00280	0.01401	0.00980	0.00420	0.01120
35	0.01549	0.00774	0.00774	0.00774	0.00968	0.00774	0.00581	0.01936	0.01742	0.03097	0.02710	0.03097	0.02129	0.00968	0.00581	0.00194	0.00387	0.00774	0.75416	0.00774
36	0.33582	0.01493	0.01639	0.01320	0.01910	0.01484	0.01089	0.03391	0.01983	0.40630	0.02409	0.02223	0.01583	0.00923	0.00704	0.00257	0.00681	0.00678	0.00818	0.01203
37	0.01785	0.01645	0.02740	0.07263	0.46462	0.01654	0.02117	0.02205	0.01820	0.02553	0.02310	0.16309	0.02324	0.01199	0.00887	0.00273	0.00879	0.03936	0.00500	0.01139
38	0.01779	0.17945	0.53842	0.02175	0.03298	0.02206	0.02734	0.02602	0.01740	0.02493	0.01422	0.01668	0.01055	0.00773	0.00737	0.00246	0.01159	0.00579	0.00352	0.01195
39	0.01723	0.01477	0.01723	0.01230	0.01969	0.01107	0.00984	0.02092	0.01723	0.02707	0.01477	0.01723	0.01230	0.00615	0.00615	0.00123	0.00615	0.00492	0.00492	0.75883
40	0.03158	0.02327	0.02493	0.01911	0.02576	0.02576	0.01579	0.62852	0.03906	0.05236	0.01995	0.01995	0.01413	0.00997	0.00831	0.00249	0.00914	0.00748	0.00831	0.01413
41	0.01109	0.00764	0.00935	0.01032	0.01057	0.00740	0.00638	0.01182	0.01401	0.01868	0.03606	0.38105	0.04267	0.36434	0.02632	0.00570	0.00642	0.01789	0.00638	0.00590
42	0.01883	0.01797	0.03059	0.27762	0.44314	0.01928	0.02463	0.02398	0.01810	0.02504	0.01532	0.02113	0.01242	0.00772	0.00825	0.00257	0.01030	0.00740	0.00396	0.01176
43	0.03103	0.03959	0.02354	0.02140	0.02568	0.67469	0.01605	0.03317	0.02354	0.02033	0.01284	0.01498	0.01070	0.00856	0.00749	0.00214	0.01498	0.00535	0.00428	0.00963
44	0.03103	0.03959	0.02354	0.02140	0.02568	0.67469	0.01605	0.03317	0.02354	0.02033	0.01284	0.01498	0.01070	0.00856	0.00749	0.00214	0.01498	0.00535	0.00428	0.00963
45	0.01250	0.00880	0.01010	0.01025	0.01110	0.00867	0.00653	0.04941	0.01550	0.02037	0.03753	0.22463	0.10667	0.40903	0.02824	0.00589	0.00684	0.01544	0.00624	0.00626
46	0.02982	0.03765	0.02290	0.02089	0.02499	0.63253	0.01569	0.03201	0.02290	0.02027	0.01344	0.01610	0.01134	0.01197	0.04987	0.00285	0.01544	0.00558	0.00429	0.00949
47	0.01022	0.00770	0.00947	0.01058	0.01186	0.00694	0.00734	0.01213	0.01760	0.02293	0.12538	0.45902	0.22142	0.02363	0.01030	0.00313	0.00455	0.02097	0.00788	0.00694
48	0.03103	0.03959	0.02354	0.02140	0.02568	0.67469	0.01605	0.03317	0.02354	0.02033	0.01284	0.01498	0.01070	0.00856	0.00749	0.00214	0.01498	0.00535	0.00428	0.00963
49	0.01187	0.00890	0.01335	0.01335	0.01483	0.01038	0.01038	0.01483	0.01335	0.01928	0.02225	0.03264	0.02077	0.06231	0.67512	0.01335	0.02225	0.00890	0.00445	0.00742
50	0.03103	0.03959	0.02354	0.02140	0.02568	0.67469	0.01605	0.03317	0.02354	0.02033	0.01284	0.01498	0.01070	0.00856	0.00749	0.00214	0.01498	0.00535	0.00428	0.00963
51	0.01208	0.00805	0.00906	0.00906	0.00906	0.00805	0.00503	0.01208	0.01208	0.01611	0.02618	0.05436	0.03020	0.70804	0.04228	0.00805	0.00805	0.01208	0.00503	0.00503
52	0.01782	0.15199	0.52245	0.02385	0.07291	0.02156	0.02765	0.02602	0.01752	0.02525	0.01440	0.01704	0.01071	0.00773	0.00749	0.00248	0.01157	0.00594	0.00355	0.01207
53	0.01199	0.00802	0.00909	0.00918	0.00920	0.00799	0.00516	0.01206	0.01226	0.01635	0.02709	0.08459	0.03136	0.67624	0.04081	0.00784	0.00790	0.01262	0.00516	0.00511
54	0.02793	0.01297	0.01684	0.01425	0.01879	0.01201	0.01118	0.09826	0.02300	0.38729	0.03548	0.24328	0.03084	0.01529	0.00907	0.00282	0.00658	0.01314	0.00923	0.01177
55	0.02771	0.03329	0.02678	0.03080	0.22598	0.46664	0.01905	0.03073	0.02207	0.02249	0.01373	0.01675	0.01148	0.00819	0.00772	0.00224	0.01336	0.00600	0.00423	0.01075
56	0.02541	0.02913	0.02839	0.06549	0.32362	0.33700	0.02081	0.02902	0.02105	0.02357	0.01424	0.01793	0.01187	0.00800	0.00787	0.00232	0.01240	0.00641	0.00417	0.01127
57	0.01090	0.00813	0.00949	0.01024	0.01157	0.00750	0.00717	0.01247	0.01634	0.02073	0.05395	0.24661	0.25744	0.20087	0.01865	0.00444	0.00577	0.08423	0.00701	0.00650
58	0.03031	0.03664	0.02380	0.02120	0.02545	0.56966	0.01615	0.09252	0.02445	0.02355	0.01344	0.01568	0.01106	0.00907	0.00878	0.00227	0.05560	0.00568	0.00465	0.01005
59	0.28887	0.02093	0.01768	0.01544	0.02053	0.13689	0.01221	0.06299	0.20259	0.11174	0.02137	0.02105	0.01580	0.00934	0.00709	0.00256	0.00822	0.00671	0.00675	0.01122
60	0.02431	0.01727	0.01975	0.01642	0.02149	0.01877	0.01319	0.23828	0.19567	0.10869	0.02537	0.02637	0.01919	0.02089	0.14532	0.00475	0.01072	0.00824	0.00757	0.05776
61	0.13472	0.03870	0.01129	0.01083	0.01236	0.01011	0.00750	0.01437	0.01491	0.02263	0.03601	0.37902	0.06867	0.18170	0.01687	0.00424	0.00598	0.01669	0.00649	0.00689
62	0.10770	0.02132	0.02155	0.07609	0.02508	0.12446	0.01542	0.12661	0.14847	0.03040	0.01835	0.02111	0.01464	0.01318	0.04441	0.00332	0.16423	0.00721	0.00571	0.01075
63	0.01544	0.01272	0.01397	0.01471	0.01675	0.06608	0.01186	0.02063	0.09056	0.02384	0.03654	0.07174	0.03847	0.16125	0.01712	0.00444	0.00822	0.36081	0.00692	0.00792

[dist]
# distance from previous block
# <min> <max>
51	94

[block]
# block no. 6 follows, 22 sequences, length 14
# corresponding to MSA columns:
# 379-392
name=unknown_G
#
# <colnr> <probs for GDERKNQSTAVLIFYWHMCP>
#	G	D	E	R	K	N	Q	S	T	A	V	L	I	F	Y	W	H	M	C	P
0	0.04640	0.01189	0.01432	0.01311	0.01601	0.04934	0.05867	0.01752	0.01877	0.07599	0.10728	0.23778	0.23600	0.04513	0.01083	0.00308	0.00628	0.01614	0.00735	0.00811
1	0.02369	0.02429	0.02333	0.02685	0.20239	0.25253	0.01661	0.07824	0.02290	0.05100	0.10085	0.06777	0.05185	0.01109	0.00839	0.00244	0.01023	0.00910	0.00578	0.01068
2	0.02324	0.36691	0.08806	0.02449	0.16167	0.16268	0.01840	0.02686	0.01877	0.02192	0.01298	0.01559	0.01120	0.00754	0.00662	0.00207	0.01065	0.00541	0.00382	0.01112
3	0.11302	0.03187	0.02343	0.02231	0.07910	0.41051	0.01602	0.15425	0.02528	0.02943	0.01440	0.01632	0.01143	0.00866	0.00746	0.00229	0.01237	0.00587	0.00519	0.01079
4	0.16474	0.02376	0.10087	0.01744	0.02307	0.10242	0.01549	0.23262	0.02461	0.03578	0.04501	0.02119	0.01583	0.01615	0.09160	0.00389	0.04157	0.00698	0.00595	0.01102
5	0.02689	0.10112	0.02719	0.02513	0.16103	0.16181	0.01704	0.10562	0.04638	0.13509	0.01829	0.01985	0.01397	0.00911	0.00926	0.00240	0.06588	0.00677	0.00582	0.04136
6	0.01573	0.01633	0.10974	0.01441	0.01765	0.01378	0.01256	0.09378	0.01991	0.02793	0.21008	0.06459	0.03838	0.20953	0.02048	0.00427	0.08451	0.01136	0.00639	0.00860
7	0.01369	0.04007	0.01502	0.01264	0.01520	0.01110	0.03632	0.01595	0.01726	0.04669	0.09724	0.20231	0.20219	0.09571	0.01473	0.00341	0.06981	0.01489	0.00669	0.06909
8	0.02457	0.17479	0.05719	0.02064	0.09409	0.07870	0.01583	0.05989	0.23523	0.12074	0.02340	0.02303	0.01760	0.00932	0.00761	0.00243	0.00863	0.00734	0.00655	0.01244
9	0.01643	0.05172	0.09615	0.02750	0.23158	0.01616	0.04298	0.02055	0.01673	0.02372	0.07003	0.03050	0.02191	0.12177	0.14149	0.00543	0.04198	0.00881	0.00461	0.00995
10	0.02166	0.02318	0.15609	0.02405	0.13155	0.03911	0.01924	0.09844	0.17729	0.08308	0.02599	0.03366	0.02138	0.01131	0.00869	0.00279	0.00907	0.09461	0.00657	0.01224
11	0.02225	0.23574	0.13635	0.01922	0.04912	0.22419	0.01722	0.02617	0.01995	0.02327	0.10656	0.02216	0.02069	0.00942	0.00801	0.00225	0.03579	0.00678	0.00462	0.01024
12	0.01799	0.02276	0.12439	0.01564	0.01999	0.17297	0.01365	0.05016	0.05006	0.02369	0.03708	0.14362	0.16326	0.09287	0.01257	0.00328	0.00907	0.01212	0.00593	0.00891
13	0.01787	0.01712	0.01881	0.18103	0.02772	0.11197	0.01462	0.08758	0.01994	0.02465	0.03278	0.17196	0.12873	0.01511	0.01115	0.00288	0.08915	0.01218	0.00581	0.00893

[dist]
# distance from previous block
# <min> <max>
3	11

[block]
# block no. 7 follows, 22 sequences, length 15
# corresponding to MSA columns:
# 404-418
name=unknown_H
#
# <colnr> <probs for GDERKNQSTAVLIFYWHMCP>
#	G	D	E	R	K	N	Q	S	T	A	V	L	I	F	Y	W	H	M	C	P
0	0.02089	0.01991	0.07139	0.03064	0.24002	0.01902	0.09264	0.16669	0.02253	0.03158	0.01846	0.02320	0.01494	0.01902	0.14131	0.00468	0.01263	0.00794	0.03076	0.01176
