[name]
unknown

[dist]
# distance from previous block
# <min> <max>
0	18

[block]
# block no. 0 follows, 23 sequences, length 83
# corresponding to MSA columns:
# 18-100
name=unknown_A
#
# <colnr> <probs for GDERKNQSTAVLIFYWHMCP>
#	G	D	E	R	K	N	Q	S	T	A	V	L	I	F	Y	W	H	M	C	P
0	0.01927	0.01389	0.01442	0.01286	0.01576	0.04179	0.00973	0.16622	0.10573	0.03072	0.02497	0.03487	0.02203	0.15537	0.01619	0.06058	0.00709	0.04355	0.19598	0.00897
1	0.01191	0.00889	0.01148	0.01285	0.04976	0.00823	0.00795	0.01332	0.01467	0.02013	0.03333	0.37843	0.03868	0.24223	0.01959	0.00446	0.00616	0.01640	0.00617	0.09534
2	0.02208	0.05712	0.02157	0.01791	0.02091	0.23977	0.01425	0.07810	0.05644	0.02387	0.02284	0.02551	0.08876	0.01386	0.04119	0.00307	0.20217	0.00774	0.03340	0.00943
3	0.01720	0.01683	0.02987	0.20472	0.23861	0.01768	0.14624	0.02195	0.01727	0.02383	0.01844	0.10147	0.01684	0.00987	0.00964	0.00267	0.05029	0.00945	0.00435	0.04278
4	0.01581	0.01200	0.01278	0.01166	0.01522	0.01208	0.00893	0.04880	0.21071	0.07496	0.05766	0.05595	0.35670	0.05691	0.01087	0.00301	0.00544	0.01333	0.00781	0.00936
5	0.01880	0.08960	0.02099	0.04051	0.02085	0.09515	0.01280	0.07742	0.01806	0.02421	0.01713	0.06019	0.01574	0.02022	0.14792	0.00438	0.09877	0.00728	0.00476	0.20523
6	0.13352	0.01080	0.01210	0.01106	0.01387	0.01093	0.00850	0.07703	0.02231	0.03366	0.42517	0.08794	0.09240	0.01523	0.00876	0.00259	0.00478	0.01296	0.00807	0.00833
7	0.10798	0.02358	0.16077	0.28174	0.07568	0.08984	0.04858	0.02530	0.01765	0.07275	0.01534	0.01930	0.01131	0.00802	0.00764	0.00256	0.01071	0.00659	0.00432	0.01033
8	0.28043	0.04556	0.01459	0.01148	0.01587	0.01582	0.00938	0.13202	0.02017	0.09133	0.01982	0.02147	0.01490	0.00878	0.00608	0.00225	0.00604	0.00633	0.26792	0.00976
9	0.11295	0.01951	0.15665	0.01537	0.02235	0.01367	0.01494	0.03235	0.02061	0.40018	0.05620	0.02773	0.05125	0.01008	0.00784	0.00254	0.00764	0.00801	0.00789	0.01223
10	0.01537	0.02372	0.27613	0.01946	0.02624	0.01410	0.12019	0.02102	0.01760	0.05541	0.06528	0.17350	0.07384	0.04825	0.01053	0.00302	0.00922	0.01193	0.00543	0.00977
11	0.02974	0.03675	0.02364	0.02248	0.06231	0.61080	0.01620	0.06220	0.02349	0.02181	0.01305	0.01519	0.01076	0.00836	0.00740	0.00213	0.01406	0.00545	0.00437	0.00983
12	0.06326	0.09313	0.08359	0.01928	0.02439	0.46536	0.01603	0.02994	0.02088	0.04898	0.01393	0.01622	0.01134	0.01127	0.04643	0.00278	0.01356	0.00551	0.00435	0.00977
13	0.02057	0.01783	0.07629	0.28791	0.07183	0.01674	0.15060	0.02588	0.01864	0.15961	0.02256	0.02582	0.05101	0.00890	0.00849	0.00265	0.01024	0.00840	0.00531	0.01073
14	0.08822	0.12552	0.15988	0.08108	0.02611	0.01851	0.01658	0.09813	0.02095	0.16764	0.06977	0.02536	0.04927	0.00965	0.00752	0.00243	0.00843	0.00754	0.00618	0.01122
15	0.24626	0.01741	0.01979	0.02197	0.15680	0.01937	0.01440	0.07702	0.25542	0.03403	0.02207	0.02440	0.01741	0.00948	0.00734	0.00262	0.00729	0.02908	0.00634	0.01150
16	0.00998	0.00755	0.00926	0.01057	0.01182	0.00683	0.00744	0.01173	0.01662	0.02129	0.05608	0.48047	0.23894	0.02376	0.01017	0.00315	0.00469	0.05541	0.00753	0.00672
17	0.02611	0.50798	0.03541	0.01405	0.02079	0.02605	0.01330	0.02887	0.01851	0.21428	0.01750	0.01740	0.01331	0.00787	0.00609	0.00197	0.00815	0.00548	0.00544	0.01143
18	0.18293	0.07880	0.02256	0.01910	0.05967	0.27031	0.01433	0.14553	0.08115	0.03089	0.01556	0.01689	0.01220	0.00852	0.00696	0.00230	0.01031	0.00586	0.00542	0.01071
19	0.00989	0.00706	0.00942	0.01130	0.01177	0.00659	0.00753	0.01130	0.01554	0.02071	0.04472	0.70954	0.05367	0.02542	0.01036	0.00330	0.00471	0.02307	0.00753	0.00659
20	0.02487	0.36758	0.09258	0.01761	0.02396	0.27704	0.01612	0.05501	0.01999	0.02143	0.01243	0.01430	0.01057	0.00768	0.00637	0.00198	0.01125	0.00496	0.00394	0.01033
21	0.07678	0.52239	0.17466	0.01561	0.02349	0.02824	0.01694	0.02456	0.01642	0.02180	0.01198	0.01391	0.01026	0.00715	0.00573	0.00197	0.00920	0.00470	0.00358	0.01063
22	0.03031	0.03867	0.02299	0.02090	0.02508	0.68226	0.01568	0.03240	0.02299	0.01986	0.01254	0.01463	0.01045	0.00836	0.00732	0.00209	0.01463	0.00523	0.00418	0.00941
23	0.02378	0.01854	0.01886	0.01583	0.02046	0.08141	0.01254	0.22969	0.17314	0.09191	0.18887	0.03286	0.03281	0.01170	0.00845	0.00251	0.00740	0.00952	0.00815	0.01157
24	0.01111	0.00868	0.01266	0.15715	0.02119	0.00907	0.01074	0.01348	0.01599	0.02121	0.06403	0.53563	0.04549	0.02136	0.00985	0.00314	0.00597	0.01933	0.00675	0.00715
25	0.01029	0.00737	0.00978	0.01102	0.01186	0.00686	0.00756	0.01231	0.01740	0.02369	0.19943	0.54636	0.05942	0.02320	0.01016	0.00311	0.00449	0.02096	0.00788	0.00686
26	0.03641	0.01381	0.01883	0.01444	0.02071	0.01193	0.01193	0.03954	0.02322	0.66984	0.03201	0.02762	0.02009	0.01004	0.00816	0.00251	0.00690	0.00816	0.01004	0.01381
27	0.01180	0.00787	0.00885	0.00885	0.00885	0.00787	0.00492	0.01180	0.01180	0.01573	0.02557	0.05310	0.02950	0.71483	0.04130	0.00787	0.00787	0.01180	0.00492	0.00492
28	0.01114	0.00759	0.00905	0.00970	0.00986	0.00743	0.00582	0.01163	0.01309	0.01745	0.03218	0.27976	0.03784	0.47679	0.03062	0.00629	0.00678	0.01569	0.00582	0.00549
29	0.00989	0.00706	0.00942	0.01130	0.01177	0.00659	0.00753	0.01130	0.01554	0.02071	0.04472	0.70954	0.05367	0.02542	0.01036	0.00330	0.00471	0.02307	0.00753	0.00659
30	0.00989	0.00706	0.00942	0.01130	0.01177	0.00659	0.00753	0.01130	0.01554	0.02071	0.04472	0.70954	0.05367	0.02542	0.01036	0.00330	0.00471	0.02307	0.00753	0.00659
31	0.01059	0.00826	0.00960	0.00927	0.01157	0.00727	0.00695	0.01358	0.02085	0.02752	0.38673	0.06888	0.35290	0.01846	0.00958	0.00264	0.00396	0.01583	0.00827	0.00727
32	0.01915	0.02189	0.04788	0.03420	0.04241	0.02052	0.63475	0.02599	0.01915	0.02599	0.01642	0.02189	0.01231	0.00684	0.00958	0.00274	0.01368	0.00958	0.00410	0.01094
33	0.00989	0.00706	0.00942	0.01130	0.01177	0.00659	0.00753	0.01130	0.01554	0.02071	0.04472	0.70954	0.05367	0.02542	0.01036	0.00330	0.00471	0.02307	0.00753	0.00659
34	0.01798	0.03733	0.49019	0.02596	0.06115	0.06887	0.13316	0.02622	0.01797	0.02534	0.01476	0.01789	0.01075	0.00759	0.00802	0.00256	0.01239	0.00661	0.00362	0.01165
35	0.01114	0.00828	0.01037	0.00984	0.01191	0.00751	0.00738	0.01464	0.02215	0.03059	0.55411	0.06381	0.18360	0.01731	0.00957	0.00259	0.00388	0.01512	0.00868	0.00751
36	0.01683	0.01442	0.01683	0.01202	0.01923	0.01082	0.00961	0.02043	0.01683	0.02644	0.01442	0.01683	0.01202	0.00601	0.00601	0.00120	0.00601	0.00481	0.00481	0.76444
37	0.01478	0.01371	0.01577	0.01507	0.01670	0.09979	0.01179	0.01744	0.01427	0.01905	0.01919	0.02792	0.01784	0.04836	0.51518	0.01046	0.10268	0.00805	0.00423	0.00772
38	0.01139	0.00769	0.00897	0.00937	0.00947	0.00759	0.00547	0.01169	0.01260	0.01680	0.02965	0.19312	0.03465	0.56778	0.03470	0.00689	0.00719	0.01420	0.00547	0.00527
39	0.00989	0.00706	0.00942	0.01130	0.01177	0.00659	0.00753	0.01130	0.01554	0.02071	0.04472	0.70954	0.05367	0.02542	0.01036	0.00330	0.00471	0.02307	0.00753	0.00659
40	0.25363	0.09833	0.35639	0.02032	0.07479	0.01997	0.02139	0.02492	0.01613	0.02846	0.01327	0.01571	0.01002	0.00754	0.00665	0.00246	0.00970	0.00543	0.00397	0.01090
41	0.23779	0.02281	0.02121	0.02070	0.11098	0.19753	0.04374	0.05532	0.01901	0.02868	0.01348	0.01601	0.01089	0.00747	0.00664	0.00212	0.00944	0.00549	0.00471	0.16596
42	0.01107	0.00756	0.00907	0.00979	0.00997	0.00738	0.00592	0.01161	0.01323	0.01764	0.03288	0.30386	0.03873	0.45147	0.02948	0.00612	0.00666	0.01610	0.00592	0.00556
43	0.02857	0.02160	0.02307	0.01821	0.02430	0.02410	0.01487	0.51045	0.16856	0.04747	0.02237	0.02178	0.01614	0.01001	0.00815	0.00250	0.00839	0.00770	0.00815	0.01360
44	0.02147	0.02067	0.03672	0.03234	0.16609	0.02063	0.31988	0.15498	0.05330	0.03157	0.01884	0.05093	0.01512	0.00853	0.00892	0.00263	0.01110	0.00917	0.00528	0.01185
45	0.02231	0.02213	0.03093	0.04346	0.52790	0.10751	0.02291	0.07545	0.02067	0.02762	0.01524	0.01931	0.01261	0.00758	0.00795	0.00237	0.01024	0.00697	0.00437	0.01247
46	0.01240	0.02135	0.26936	0.01457	0.02062	0.01160	0.01578	0.01742	0.01801	0.02415	0.09913	0.12107	0.29181	0.01571	0.00893	0.00272	0.00724	0.01320	0.00604	0.00891
47	0.01708	0.01612	0.02587	0.03791	0.47735	0.01572	0.01954	0.02111	0.01848	0.02520	0.03441	0.03668	0.19824	0.01104	0.00848	0.00250	0.00806	0.01006	0.00502	0.01114
48	0.01159	0.00869	0.01304	0.01304	0.01449	0.01014	0.01014	0.01449	0.01304	0.01884	0.02173	0.03188	0.02029	0.06086	0.68268	0.01304	0.02173	0.00869	0.00435	0.00724
49	0.04879	0.07137	0.56285	0.02187	0.03278	0.01899	0.04831	0.02494	0.01709	0.02568	0.01732	0.01962	0.03905	0.00820	0.00762	0.00254	0.01130	0.00646	0.00370	0.01151
50	0.02008	0.01928	0.03294	0.04981	0.66422	0.01928	0.02490	0.02490	0.01848	0.02651	0.01526	0.02008	0.01285	0.00723	0.00803	0.00241	0.00964	0.00723	0.00402	0.01285
51	0.01118	0.00814	0.01052	0.01023	0.01201	0.00748	0.00755	0.01460	0.02179	0.03046	0.55031	0.14173	0.10781	0.01791	0.00967	0.00265	0.00395	0.01585	0.00868	0.00748
52	0.00961	0.00813	0.00831	0.00845	0.01102	0.00683	0.00627	0.01162	0.01827	0.02183	0.07939	0.12542	0.61541	0.02092	0.00965	0.00278	0.00415	0.01757	0.00753	0.00683
53	0.09083	0.62175	0.07025	0.01404	0.02104	0.03018	0.01419	0.02432	0.01627	0.02101	0.01144	0.01323	0.01026	0.00703	0.00531	0.00185	0.00862	0.00442	0.00361	0.01034
54	0.31224	0.01452	0.01624	0.01302	0.01883	0.01428	0.01075	0.03366	0.01969	0.43236	0.02425	0.02221	0.01585	0.00910	0.00698	0.00251	0.00667	0.00675	0.00816	0.01193
55	0.02123	0.01378	0.01564	0.01383	0.01814	0.01424	0.01079	0.03312	0.30993	0.19029	0.04414	0.09072	0.16145	0.01388	0.00867	0.00273	0.00592	0.01166	0.00850	0.01134
56	0.01069	0.00886	0.00953	0.00976	0.01244	0.00792	0.00766	0.01405	0.04912	0.02290	0.07318	0.07805	0.52614	0.02040	0.00980	0.00291	0.00479	0.11700	0.00756	0.00725
57	0.01292	0.01065	0.01559	0.01482	0.01596	0.01332	0.01179	0.01558	0.01291	0.01899	0.01934	0.02883	0.01821	0.05078	0.54103	0.01099	0.16817	0.00835	0.00417	0.00760
58	0.01091	0.00802	0.01054	0.03782	0.01393	0.00776	0.00833	0.03379	0.01693	0.02253	0.08037	0.58943	0.08231	0.02345	0.01011	0.00317	0.00501	0.02112	0.00748	0.00701
59	0.01143	0.00791	0.00984	0.01016	0.01055	0.00813	0.00648	0.01229	0.01270	0.01724	0.02801	0.16033	0.03165	0.45797	0.17284	0.00819	0.01029	0.01306	0.00524	0.00570
60	0.02437	0.02754	0.02308	0.12720	0.09586	0.34347	0.01699	0.03250	0.17903	0.02423	0.01827	0.02022	0.01436	0.00887	0.00775	0.00239	0.01145	0.00674	0.00510	0.01057
61	0.01771	0.03718	0.51142	0.02847	0.16319	0.05021	0.02827	0.02585	0.01768	0.02559	0.01461	0.01762	0.01081	0.00764	0.00776	0.00251	0.01164	0.00621	0.00358	0.01205
62	0.01646	0.04081	0.64194	0.02282	0.03446	0.01891	0.02917	0.02652	0.04694	0.02609	0.01543	0.01775	0.01096	0.00786	0.00773	0.00258	0.01173	0.00615	0.00365	0.01203
63	0.01013	0.00799	0.00914	0.00938	0.01142	0.00700	0.00683	0.01249	0.01899	0.02433	0.21949	0.20838	0.38445	0.02059	0.00975	0.00281	0.00417	0.01778	0.00789	0.00700
64	0.08162	0.03966	0.01768	0.07604	0.02161	0.01387	0.01171	0.09371	0.02223	0.30447	0.06691	0.03677	0.15529	0.01206	0.00817	0.00254	0.00677	0.00976	0.00804	0.01110
65	0.02041	0.01963	0.02903	0.06771	0.47292	0.05156	0.02182	0.02893	0.15157	0.02752	0.01884	0.02203	0.01516	0.00812	0.00805	0.00248	0.00925	0.00754	0.00490	0.01253
66	0.12826	0.02466	0.15397	0.01815	0.02497	0.06914	0.04547	0.20094	0.09152	0.03470	0.01919	0.05905	0.01542	0.00952	0.00758	0.00245	0.00908	0.00750	0.00595	0.07249
67	0.11001	0.17729	0.27318	0.02326	0.12711	0.02250	0.02129	0.10623	0.01960	0.02907	0.01424	0.01656	0.01100	0.00772	0.00696	0.00234	0.00983	0.00582	0.00434	0.01165
68	0.01621	0.06869	0.02139	0.13041	0.02465	0.01624	0.06471	0.07501	0.01888	0.02545	0.15827	0.03636	0.07609	0.08905	0.01559	0.03913	0.09971	0.01000	0.00562	0.00856
69	0.01665	0.01132	0.01559	0.01794	0.13972	0.01035	0.01122	0.01998	0.02066	0.13341	0.24003	0.05305	0.24783	0.01500	0.00904	0.00258	0.00556	0.01296	0.00770	0.00942
70	0.02268	0.02930	0.13514	0.03551	0.32926	0.23097	0.05017	0.02748	0.01973	0.02423	0.01433	0.01794	0.01164	0.00765	0.00782	0.00235	0.01180	0.00649	0.00398	0.01153
71	0.01807	0.06188	0.48172	0.02809	0.16202	0.05810	0.02753	0.02588	0.01772	0.02528	0.01447	0.01744	0.01082	0.00762	0.00766	0.00248	0.01155	0.00614	0.00359	0.01196
72	0.01669	0.02212	0.13660	0.02699	0.03464	0.01737	0.40809	0.02292	0.01870	0.02509	0.03002	0.03301	0.14892	0.00987	0.00929	0.00271	0.01140	0.01061	0.00472	0.01024
73	0.02063	0.02175	0.02786	0.26566	0.31867	0.16026	0.02212	0.02507	0.01867	0.02310	0.01439	0.01945	0.01164	0.00777	0.00791	0.00244	0.01111	0.00680	0.00391	0.01080
74	0.40340	0.05477	0.06071	0.01737	0.02347	0.02081	0.11772	0.13022	0.01919	0.03500	0.01374	0.01616	0.01050	0.00806	0.00740	0.00254	0.03750	0.00598	0.00517	0.01029
75	0.01530	0.01141	0.01490	0.01384	0.01618	0.01297	0.01078	0.12497	0.03962	0.02482	0.02202	0.03123	0.01999	0.09913	0.49221	0.01043	0.01790	0.00870	0.00519	0.00842
76	0.02098	0.06877	0.01932	0.01502	0.01919	0.01865	0.01180	0.24206	0.18277	0.03421	0.02983	0.14457	0.05186	0.08927	0.01197	0.00321	0.00725	0.01112	0.00733	0.01083
77	0.01036	0.00807	0.00941	0.00946	0.01153	0.00712	0.00695	0.01300	0.01975	0.02580	0.29774	0.16891	0.34328	0.01978	0.00970	0.00275	0.00409	0.01710	0.00807	0.00712
78	0.01915	0.02189	0.04788	0.03420	0.04241	0.02052	0.63475	0.02599	0.01915	0.02599	0.01642	0.02189	0.01231	0.00684	0.00958	0.00274	0.01368	0.00958	0.00410	0.01094
79	0.02169	0.71972	0.04252	0.01388	0.02083	0.03211	0.01388	0.02430	0.01649	0.01909	0.01128	0.01302	0.01041	0.00694	0.00521	0.00174	0.00868	0.00434	0.00347	0.01041
80	0.01024	0.00814	0.00919	0.00915	0.01141	0.00709	0.00678	0.01281	0.01968	0.02527	0.26732	0.13077	0.41403	0.01971	0.00965	0.00273	0.00407	0.01687	0.00799	0.00709
81	0.02140	0.02335	0.02669	0.28304	0.24213	0.22007	0.02121	0.02562	0.01900	0.02232	0.01412	0.01901	0.01136	0.00790	0.00785	0.00242	0.01160	0.00661	0.00391	0.01037
82	0.02478	0.02643	0.02243	0.01952	0.02257	0.30219	0.01543	0.12807	0.02148	0.02546	0.01437	0.01817	0.01216	0.01346	0.05249	0.00321	0.21912	0.00646	0.04244	0.00976

[dist]
# distance from previous block
# <min> <max>
0	7

[block]
# block no. 1 follows, 23 sequences, length 143
# corresponding to MSA columns:
# 108-250
name=unknown_B
#
# <colnr> <probs for GDERKNQSTAVLIFYWHMCP>
#	G	D	E	R	K	N	Q	S	T	A	V	L	I	F	Y	W	H	M	C	P
0	0.00967	0.00789	0.00856	0.00909	0.01119	0.00678	0.00655	0.01155	0.01765	0.02158	0.07155	0.25751	0.48838	0.02193	0.00981	0.00290	0.00428	0.01881	0.00753	0.00678
1	0.01126	0.00894	0.01348	0.11546	0.01980	0.00903	0.03710	0.01374	0.01651	0.02207	0.09763	0.51384	0.04758	0.02116	0.00991	0.00311	0.00594	0.01929	0.00692	0.00725
2	0.08994	0.05527	0.02493	0.16500	0.06496	0.17599	0.07517	0.03028	0.13070	0.08224	0.01863	0.02081	0.01407	0.00858	0.00768	0.00247	0.01030	0.00701	0.00532	0.01064
3	0.02169	0.71972	0.04252	0.01388	0.02083	0.03211	0.01388	0.02430	0.01649	0.01909	0.01128	0.01302	0.01041	0.00694	0.00521	0.00174	0.00868	0.00434	0.00347	0.01041
4	0.00973	0.00811	0.00848	0.00863	0.01110	0.00687	0.00638	0.01182	0.01847	0.02240	0.11125	0.13736	0.56997	0.02079	0.00966	0.00278	0.00415	0.01755	0.00761	0.00687
5	0.01854	0.01967	0.06807	0.18049	0.37255	0.01965	0.08882	0.02367	0.01742	0.02452	0.01473	0.02021	0.01201	0.00807	0.00997	0.00262	0.07633	0.00739	0.00386	0.01141
6	0.05782	0.10644	0.02420	0.10567	0.05823	0.29748	0.01555	0.11827	0.02261	0.02585	0.02041	0.02233	0.07312	0.00945	0.00745	0.00228	0.01098	0.00689	0.00497	0.01003
7	0.42346	0.15741	0.08806	0.01612	0.06579	0.02174	0.01373	0.08273	0.01733	0.03262	0.01269	0.01465	0.01003	0.00762	0.00584	0.00235	0.00782	0.00503	0.00478	0.01020
8	0.02462	0.27919	0.09772	0.01780	0.02383	0.30707	0.01600	0.06016	0.02062	0.02200	0.01661	0.01817	0.04734	0.00855	0.00678	0.00207	0.01133	0.00577	0.00425	0.01013
9	0.05964	0.03099	0.39554	0.02280	0.09378	0.01826	0.02324	0.02790	0.14017	0.02772	0.02286	0.02411	0.05963	0.00921	0.00783	0.00260	0.00978	0.00744	0.00481	0.01170
10	0.01987	0.01919	0.02966	0.13769	0.48637	0.05271	0.02280	0.04967	0.01921	0.02615	0.01836	0.02276	0.04331	0.00815	0.00809	0.00245	0.00977	0.00760	0.00430	0.01188
11	0.01159	0.00869	0.01304	0.01304	0.01449	0.01014	0.01014	0.01449	0.01304	0.01884	0.02173	0.03188	0.02029	0.06086	0.68268	0.01304	0.02173	0.00869	0.00435	0.00724
12	0.01162	0.00785	0.00884	0.00892	0.00907	0.00777	0.00508	0.01177	0.01227	0.01623	0.02903	0.08063	0.06051	0.65414	0.03855	0.00744	0.00756	0.01251	0.00515	0.00508
13	0.02174	0.02080	0.02019	0.01992	0.07877	0.12529	0.01419	0.05934	0.44669	0.03116	0.02968	0.02841	0.04657	0.01059	0.00814	0.00260	0.00801	0.00862	0.00720	0.01209
14	0.01409	0.00705	0.01057	0.01057	0.01057	0.00705	0.00705	0.01057	0.01057	0.01409	0.01409	0.02467	0.01409	0.02819	0.03171	0.76392	0.00705	0.00705	0.00352	0.00352
15	0.01121	0.00825	0.01078	0.01233	0.01380	0.00782	0.00968	0.01374	0.01741	0.02246	0.05053	0.33246	0.15712	0.02327	0.01059	0.00339	0.00579	0.27484	0.00751	0.00702
16	0.02104	0.25464	0.26938	0.02116	0.02958	0.14950	0.09865	0.02656	0.01830	0.02252	0.01337	0.01595	0.01061	0.00748	0.00707	0.00223	0.01165	0.00577	0.00367	0.01086
17	0.00989	0.00706	0.00942	0.01130	0.01177	0.00659	0.00753	0.01130	0.01554	0.02071	0.04472	0.70954	0.05367	0.02542	0.01036	0.00330	0.00471	0.02307	0.00753	0.00659
18	0.00959	0.00822	0.00822	0.00822	0.01096	0.00685	0.00617	0.01165	0.01850	0.02192	0.08220	0.07809	0.66092	0.02055	0.00959	0.00274	0.00411	0.01713	0.00754	0.00685
19	0.01813	0.01333	0.01535	0.01378	0.01671	0.01475	0.01033	0.11448	0.20467	0.05678	0.02628	0.03534	0.02323	0.21956	0.17452	0.00652	0.01078	0.00948	0.00647	0.00950
20	0.02628	0.06269	0.02776	0.03065	0.25571	0.30829	0.01888	0.12367	0.02341	0.02710	0.01455	0.01728	0.01184	0.00810	0.00760	0.00224	0.01165	0.00623	0.00470	0.01139
21	0.01811	0.11425	0.54741	0.02194	0.03269	0.07938	0.02698	0.02614	0.01758	0.02447	0.01403	0.01647	0.01031	0.00769	0.00741	0.00244	0.01187	0.00575	0.00350	0.01159
22	0.01513	0.00756	0.00756	0.00756	0.00945	0.00756	0.00567	0.01891	0.01702	0.03025	0.02647	0.03025	0.02080	0.00945	0.00567	0.00189	0.00378	0.00756	0.75988	0.00756
23	0.01409	0.00705	0.01057	0.01057	0.01057	0.00705	0.00705	0.01057	0.01057	0.01409	0.01409	0.02467	0.01409	0.02819	0.03171	0.76392	0.00705	0.00705	0.00352	0.00352
24	0.02022	0.02204	0.02274	0.25273	0.11435	0.23940	0.01809	0.02394	0.01815	0.02080	0.01534	0.02111	0.01282	0.01850	0.14105	0.00450	0.01410	0.00684	0.00400	0.00928
25	0.05095	0.06031	0.35993	0.05736	0.12064	0.01766	0.05027	0.02312	0.01753	0.02550	0.04205	0.02661	0.09498	0.00947	0.00792	0.00254	0.01002	0.00791	0.00431	0.01092
26	0.05992	0.05700	0.47797	0.05517	0.03337	0.01844	0.06912	0.02529	0.01723	0.05495	0.01658	0.04969	0.01281	0.00855	0.00777	0.00259	0.01106	0.00705	0.00407	0.01137
27	0.02698	0.20291	0.06256	0.02074	0.05603	0.45704	0.01645	0.02971	0.02089	0.02031	0.01248	0.01464	0.01055	0.00793	0.00686	0.00205	0.01280	0.00515	0.00396	0.00996
28	0.38244	0.02078	0.01627	0.01599	0.05229	0.19756	0.01178	0.02442	0.01641	0.02796	0.01388	0.01758	0.01169	0.01811	0.13759	0.00444	0.01174	0.00561	0.00461	0.00887
29	0.01513	0.00756	0.00756	0.00756	0.00945	0.00756	0.00567	0.01891	0.01702	0.03025	0.02647	0.03025	0.02080	0.00945	0.00567	0.00189	0.00378	0.00756	0.75988	0.00756
30	0.01742	0.01818	0.09151	0.34311	0.04057	0.01858	0.07906	0.02231	0.01649	0.06783	0.01918	0.02423	0.05026	0.01001	0.01190	0.00285	0.14456	0.00795	0.00432	0.00969
31	0.06680	0.05440	0.01909	0.01552	0.02003	0.11833	0.01278	0.03046	0.05610	0.28049	0.02991	0.03816	0.04815	0.01257	0.00927	0.00272	0.04225	0.12463	0.00749	0.01086
32	0.00998	0.00741	0.00932	0.01059	0.01164	0.00674	0.00728	0.01175	0.01683	0.02208	0.11078	0.52374	0.17498	0.02362	0.01013	0.00312	0.00451	0.02110	0.00767	0.00674
33	0.02194	0.01793	0.01907	0.01653	0.02139	0.02029	0.01311	0.18363	0.44675	0.03711	0.03275	0.03234	0.05709	0.01161	0.00840	0.00271	0.00694	0.02969	0.00816	0.01257
34	0.02385	0.01907	0.02214	0.15043	0.02966	0.02155	0.01575	0.30404	0.22103	0.03871	0.02242	0.02310	0.01651	0.00963	0.00806	0.00253	0.00839	0.00774	0.00712	0.04828
35	0.01818	0.01958	0.07869	0.41951	0.15188	0.05160	0.05563	0.06395	0.01863	0.02437	0.01493	0.02054	0.01138	0.00799	0.00811	0.00260	0.01093	0.00715	0.00402	0.01034
36	0.02687	0.02762	0.02593	0.07547	0.18537	0.28426	0.01838	0.20155	0.02570	0.03045	0.01532	0.01786	0.01202	0.00846	0.00778	0.00231	0.01151	0.00645	0.00522	0.01148
37	0.01513	0.00756	0.00756	0.00756	0.00945	0.00756	0.00567	0.01891	0.01702	0.03025	0.02647	0.03025	0.02080	0.00945	0.00567	0.00189	0.00378	0.00756	0.75988	0.00756
38	0.02904	0.01856	0.02097	0.01667	0.02247	0.01978	0.01357	0.32938	0.15626	0.20539	0.06159	0.02606	0.02116	0.01046	0.00824	0.00252	0.00762	0.00832	0.00869	0.01326
39	0.01005	0.00718	0.00960	0.01149	0.01203	0.00673	0.00782	0.01158	0.01570	0.02090	0.04463	0.67789	0.05331	0.02527	0.01040	0.00332	0.00485	0.05310	0.00753	0.00664
40	0.02980	0.01973	0.02213	0.01684	0.02340	0.02041	0.01386	0.42725	0.03201	0.16771	0.02115	0.02066	0.01475	0.00923	0.00781	0.00226	0.00809	0.00709	0.00799	0.12783
41	0.01471	0.01070	0.01310	0.01162	0.01430	0.01057	0.00895	0.11896	0.02550	0.03564	0.55318	0.05376	0.06610	0.01545	0.00933	0.00253	0.00468	0.01345	0.00880	0.00868
42	0.01026	0.00722	0.00931	0.01082	0.01120	0.00684	0.00702	0.01140	0.01481	0.01975	0.04100	0.58188	0.04897	0.15949	0.01637	0.00418	0.00532	0.02088	0.00702	0.00627
43	0.02507	0.02309	0.02195	0.06944	0.10373	0.20673	0.01551	0.12907	0.12549	0.09462	0.02609	0.02650	0.07669	0.01019	0.00805	0.00244	0.00970	0.00803	0.00634	0.01128
44	0.09833	0.01238	0.01501	0.01471	0.01823	0.01284	0.01237	0.02674	0.14167	0.14308	0.03574	0.05994	0.03369	0.01642	0.00944	0.00320	0.00704	0.32155	0.00783	0.00979
45	0.00994	0.00725	0.00936	0.01092	0.01170	0.00667	0.00739	0.01155	0.01624	0.02147	0.08120	0.60850	0.11906	0.02444	0.01023	0.00320	0.00460	0.02200	0.00761	0.00667
46	0.01683	0.01442	0.01683	0.01202	0.01923	0.01082	0.00961	0.02043	0.01683	0.02644	0.01442	0.01683	0.01202	0.00601	0.00601	0.00120	0.00601	0.00481	0.00481	0.76444
47	0.02083	0.01921	0.03119	0.06971	0.41602	0.01999	0.08040	0.11635	0.02094	0.02927	0.01699	0.05010	0.01450	0.00880	0.00935	0.00256	0.04875	0.00815	0.00475	0.01214
48	0.02018	0.01943	0.03062	0.16007	0.50144	0.04817	0.02366	0.05186	0.01916	0.02631	0.01519	0.02009	0.01243	0.00755	0.00802	0.00245	0.01003	0.00714	0.00414	0.01207
49	0.16892	0.01717	0.02003	0.02151	0.14486	0.01884	0.01424	0.09427	0.26527	0.06489	0.06855	0.02587	0.02166	0.00981	0.00765	0.00258	0.00711	0.00801	0.00692	0.01182
50	0.00995	0.00728	0.00921	0.01071	0.01149	0.00670	0.00718	0.01138	0.01576	0.02061	0.04914	0.57987	0.14135	0.06365	0.01199	0.00347	0.00480	0.02156	0.00738	0.00653
51	0.01861	0.01529	0.01891	0.01629	0.08540	0.01241	0.01154	0.05099	0.01827	0.05344	0.01545	0.01772	0.01251	0.00647	0.00640	0.00144	0.00655	0.00531	0.00509	0.62190
52	0.01034	0.00824	0.00930	0.00933	0.01166	0.00721	0.00705	0.01296	0.01962	0.02501	0.24216	0.10725	0.42810	0.01979	0.00972	0.00277	0.00425	0.05021	0.00793	0.00710
53	0.02018	0.01743	0.01835	0.01651	0.02110	0.02018	0.01284	0.04312	0.64956	0.03394	0.03303	0.03027	0.02477	0.01101	0.00826	0.00275	0.00642	0.00917	0.00826	0.01284
54	0.01513	0.00756	0.00756	0.00756	0.00945	0.00756	0.00567	0.01891	0.01702	0.03025	0.02647	0.03025	0.02080	0.00945	0.00567	0.00189	0.00378	0.00756	0.75988	0.00756
55	0.04994	0.01427	0.01496	0.08032	0.02032	0.04187	0.01109	0.11650	0.12649	0.02898	0.05014	0.05035	0.31280	0.01502	0.00875	0.00269	0.00656	0.03250	0.00710	0.00936
56	0.02858	0.05716	0.02557	0.02137	0.08564	0.05932	0.01608	0.47429	0.07797	0.04433	0.01927	0.01973	0.01415	0.00938	0.00793	0.00240	0.00911	0.00718	0.00730	0.01324
57	0.01513	0.00756	0.00756	0.00756	0.00945	0.00756	0.00567	0.01891	0.01702	0.03025	0.02647	0.03025	0.02080	0.00945	0.00567	0.00189	0.00378	0.00756	0.75988	0.00756
58	0.01190	0.00866	0.01016	0.01031	0.01280	0.00769	0.00810	0.01457	0.01930	0.05584	0.15954	0.10947	0.38680	0.02004	0.00987	0.00292	0.00489	0.13184	0.00786	0.00742
59	0.01092	0.00845	0.01005	0.01090	0.01294	0.00772	0.00862	0.01337	0.01788	0.02228	0.06164	0.15550	0.34930	0.05605	0.01180	0.00340	0.00551	0.21936	0.00738	0.00694
60	0.01159	0.00869	0.01304	0.01304	0.01449	0.01014	0.01014	0.01449	0.01304	0.01884	0.02173	0.03188	0.02029	0.06086	0.68268	0.01304	0.02173	0.00869	0.00435	0.00724
61	0.03641	0.01381	0.01883	0.01444	0.02071	0.01193	0.01193	0.03954	0.02322	0.66984	0.03201	0.02762	0.02009	0.01004	0.00816	0.00251	0.00690	0.00816	0.01004	0.01381
62	0.01019	0.00762	0.00954	0.01083	0.01206	0.00697	0.00772	0.01211	0.01694	0.02195	0.08525	0.46344	0.20309	0.02349	0.01021	0.00316	0.00478	0.07625	0.00760	0.00679
63	0.03031	0.03867	0.02299	0.02090	0.02508	0.68226	0.01568	0.03240	0.02299	0.01986	0.01254	0.01463	0.01045	0.00836	0.00732	0.00209	0.01463	0.00523	0.00418	0.00941
64	0.01159	0.00869	0.01304	0.01304	0.01449	0.01014	0.01014	0.01449	0.01304	0.01884	0.02173	0.03188	0.02029	0.06086	0.68268	0.01304	0.02173	0.00869	0.00435	0.00724
65	0.06842	0.01389	0.01853	0.01427	0.02050	0.01220	0.01179	0.03886	0.02281	0.64228	0.03111	0.02699	0.01959	0.00993	0.00802	0.00251	0.00688	0.00800	0.00982	0.01359
66	0.01614	0.01173	0.01387	0.01350	0.01576	0.01213	0.00989	0.19795	0.02228	0.02979	0.03719	0.50374	0.04178	0.02074	0.00969	0.00304	0.00597	0.01837	0.00771	0.00874
67	0.01719	0.01693	0.02378	0.02055	0.02068	0.02351	0.01706	0.01907	0.01248	0.01946	0.01166	0.01904	0.01153	0.01845	0.08638	0.00441	0.63821	0.00725	0.00362	0.00873
68	0.03027	0.02244	0.02403	0.01855	0.02494	0.02490	0.01528	0.60521	0.07103	0.05021	0.02021	0.02006	0.01439	0.00981	0.00812	0.00245	0.00879	0.00741	0.00812	0.01375
69	0.01718	0.02128	0.15232	0.06751	0.38501	0.01677	0.02238	0.02241	0.01800	0.02521	0.02543	0.05674	0.09492	0.01023	0.00836	0.00257	0.00920	0.02857	0.00457	0.01134
70	0.04437	0.01046	0.01452	0.01405	0.01515	0.01268	0.01089	0.01524	0.01324	0.01980	0.02269	0.12734	0.02328	0.08143	0.39419	0.00907	0.14904	0.01046	0.00471	0.00740
71	0.00989	0.00706	0.00942	0.01130	0.01177	0.00659	0.00753	0.01130	0.01554	0.02071	0.04472	0.70954	0.05367	0.02542	0.01036	0.00330	0.00471	0.02307	0.00753	0.00659
72	0.01180	0.00787	0.00885	0.00885	0.00885	0.00787	0.00492	0.01180	0.01180	0.01573	0.02557	0.05310	0.02950	0.71483	0.04130	0.00787	0.00787	0.01180	0.00492	0.00492
73	0.02077	0.01918	0.02741	0.03775	0.43528	0.06529	0.02049	0.02781	0.11168	0.05610	0.02272	0.02750	0.04503	0.00930	0.00824	0.00252	0.00905	0.03651	0.00525	0.01213
74	0.02223	0.06059	0.01891	0.01619	0.01999	0.33770	0.01261	0.06763	0.02220	0.02357	0.06209	0.04036	0.17685	0.01318	0.00832	0.00244	0.01013	0.07035	0.00580	0.00887
75	0.01244	0.00877	0.01059	0.01111	0.01213	0.00869	0.00779	0.04570	0.01592	0.02092	0.03729	0.21772	0.08283	0.32690	0.02396	0.00531	0.00682	0.13228	0.00640	0.00643
76	0.02385	0.01863	0.01920	0.01613	0.02045	0.06578	0.01261	0.38111	0.02951	0.03883	0.05577	0.18623	0.02686	0.05350	0.01053	0.00293	0.00803	0.01149	0.00756	0.01099
77	0.02374	0.06357	0.07043	0.07377	0.03433	0.28043	0.25595	0.05534	0.02105	0.02398	0.01453	0.01821	0.01133	0.00771	0.00820	0.00241	0.01329	0.00714	0.00421	0.01036
78	0.01022	0.01063	0.05578	0.00944	0.01278	0.00777	0.00798	0.01294	0.01876	0.02305	0.12403	0.07234	0.56738	0.01932	0.00945	0.00271	0.00465	0.01613	0.00736	0.00728
79	0.01653	0.02715	0.28668	0.02518	0.03365	0.01736	0.27472	0.02380	0.01910	0.02715	0.14083	0.02755	0.02401	0.00908	0.00884	0.00263	0.01110	0.00916	0.00478	0.01072
80	0.02210	0.02556	0.01861	0.01694	0.01993	0.37147	0.01289	0.02465	0.02159	0.02365	0.20501	0.03280	0.07597	0.01221	0.01010	0.00242	0.08070	0.00900	0.00573	0.00866
81	0.01513	0.00756	0.00756	0.00756	0.00945	0.00756	0.00567	0.01891	0.01702	0.03025	0.02647	0.03025	0.02080	0.00945	0.00567	0.00189	0.00378	0.00756	0.75988	0.00756
82	0.02840	0.03561	0.02198	0.02010	0.02400	0.61366	0.01511	0.03057	0.02198	0.01975	0.01348	0.01639	0.01146	0.01372	0.07624	0.00321	0.01536	0.00558	0.00420	0.00919
83	0.02071	0.15437	0.31165	0.02628	0.15302	0.15137	0.02340	0.02662	0.01843	0.02356	0.01373	0.01650	0.01084	0.00761	0.00726	0.00230	0.01148	0.00580	0.00370	0.01138
84	0.01838	0.06537	0.45164	0.02146	0.03120	0.05148	0.05742	0.02784	0.08504	0.05463	0.02010	0.02160	0.04069	0.00867	0.00784	0.00254	0.01090	0.00700	0.00449	0.01169
85	0.06570	0.19061	0.02708	0.04926	0.02504	0.40652	0.01520	0.08740	0.02218	0.02356	0.01294	0.01497	0.01069	0.00812	0.00683	0.00209	0.01212	0.00527	0.00441	0.01001
86	0.02833	0.03577	0.02158	0.01969	0.02374	0.61780	0.01477	0.03042	0.02257	0.02006	0.01919	0.02069	0.07253	0.00952	0.00753	0.00215	0.01363	0.00636	0.00450	0.00916
87	0.01469	0.01125	0.01381	0.01489	0.06074	0.01121	0.01006	0.13594	0.02079	0.02737	0.04499	0.40026	0.16201	0.02007	0.00960	0.00295	0.00578	0.01766	0.00740	0.00851
88	0.01979	0.01926	0.03291	0.04606	0.56516	0.01992	0.05697	0.02441	0.01790	0.02577	0.01485	0.01994	0.01260	0.00792	0.01001	0.00254	0.08031	0.00734	0.00397	0.01234
89	0.01007	0.00714	0.00936	0.01106	0.01149	0.00671	0.00728	0.01135	0.01518	0.02024	0.04289	0.64689	0.05136	0.09121	0.01331	0.00373	0.00501	0.02199	0.00728	0.00643
90	0.01236	0.00847	0.00972	0.00973	0.01218	0.00733	0.00716	0.01448	0.01852	0.08420	0.10917	0.23049	0.40574	0.02049	0.00964	0.00284	0.00451	0.01759	0.00787	0.00751
91	0.06200	0.02780	0.02385	0.02438	0.13876	0.32019	0.01647	0.15636	0.02452	0.07459	0.01619	0.01820	0.01260	0.01072	0.03582	0.00273	0.01191	0.00634	0.00543	0.01114
92	0.00986	0.00714	0.00933	0.01108	0.01171	0.00661	0.00743	0.01132	0.01575	0.02080	0.04739	0.66455	0.09693	0.02507	0.01030	0.00326	0.00467	0.02264	0.00753	0.00661
93	0.02929	0.02196	0.02348	0.01836	0.02457	0.02444	0.01505	0.55068	0.12716	0.04864	0.02145	0.02105	0.01540	0.00993	0.00814	0.00248	0.00856	0.00758	0.00814	0.01366
94	0.02291	0.02461	0.02578	0.05871	0.29349	0.24383	0.01886	0.04771	0.06596	0.02593	0.07723	0.02287	0.01891	0.00889	0.00796	0.00235	0.01058	0.00740	0.00496	0.01106
95	0.02063	0.58676	0.16616	0.01570	0.02363	0.02951	0.01704	0.02457	0.01661	0.02039	0.01192	0.01382	0.01039	0.00709	0.00570	0.00190	0.00933	0.00466	0.00346	0.01072
96	0.01023	0.00825	0.00911	0.00889	0.01135	0.00712	0.00667	0.01288	0.02001	0.02551	0.27732	0.07219	0.46357	0.01921	0.00958	0.00268	0.00401	0.01630	0.00801	0.00712
97	0.39626	0.01926	0.01823	0.01473	0.02049	0.02173	0.01215	0.33484	0.02615	0.04388	0.01545	0.01638	0.01133	0.00865	0.00659	0.00247	0.00762	0.00587	0.00659	0.01133
98	0.01055	0.00782	0.00964	0.01039	0.01164	0.00735	0.00730	0.01239	0.01648	0.02158	0.11442	0.31240	0.19692	0.12604	0.06254	0.00446	0.00628	0.04811	0.00707	0.00661
99	0.01048	0.00819	0.00949	0.00929	0.01154	0.00721	0.00692	0.01331	0.02040	0.02674	0.34584	0.10239	0.36122	0.01898	0.00962	0.00268	0.00401	0.01630	0.00818	0.00721
100	0.01532	0.01442	0.02434	0.69533	0.05589	0.01803	0.02253	0.02073	0.01622	0.02073	0.01442	0.02163	0.01082	0.00811	0.00811	0.00270	0.01082	0.00721	0.00361	0.00901
101	0.01627	0.04197	0.67279	0.02313	0.03512	0.01884	0.02998	0.02570	0.01713	0.02570	0.01456	0.01713	0.01028	0.00771	0.00771	0.00257	0.01199	0.00600	0.00343	0.01199
102	0.01833	0.01933	0.01822	0.01693	0.01893	0.21335	0.01322	0.02078	0.01589	0.01927	0.01692	0.02409	0.01555	0.03646	0.35831	0.00800	0.14673	0.00736	0.00415	0.00820
103	0.01530	0.01380	0.02118	0.51232	0.04488	0.01634	0.01882	0.06287	0.01823	0.02313	0.02808	0.03256	0.13856	0.01067	0.00840	0.00269	0.00937	0.00916	0.00470	0.00893
104	0.00982	0.00818	0.00858	0.00858	0.01113	0.00693	0.00640	0.01206	0.01890	0.02312	0.14840	0.10246	0.56698	0.02029	0.00962	0.00274	0.00410	0.01709	0.00770	0.00693
105	0.01159	0.00869	0.01304	0.01304	0.01449	0.01014	0.01014	0.01449	0.01304	0.01884	0.02173	0.03188	0.02029	0.06086	0.68268	0.01304	0.02173	0.00869	0.00435	0.00724
106	0.01003	0.00716	0.00958	0.01146	0.01199	0.00671	0.00778	0.01154	0.01567	0.02087	0.04464	0.68220	0.05336	0.02529	0.01039	0.00331	0.00483	0.04901	0.00753	0.00663
107	0.03037	0.03705	0.02313	0.02068	0.02509	0.61520	0.01565	0.09412	0.02454	0.02305	0.01325	0.01513	0.01079	0.00850	0.00740	0.00213	0.01405	0.00544	0.00458	0.00986
108	0.02708	0.02074	0.02148	0.01702	0.02233	0.05711	0.01368	0.48340	0.03340	0.04436	0.08771	0.02656	0.02167	0.07258	0.01116	0.00291	0.00860	0.00837	0.00771	0.01213
109	0.00989	0.00706	0.00942	0.01130	0.01177	0.00659	0.00753	0.01130	0.01554	0.02071	0.04472	0.70954	0.05367	0.02542	0.01036	0.00330	0.00471	0.02307	0.00753	0.00659
110	0.02056	0.10464	0.44007	0.02150	0.03109	0.14958	0.02463	0.07043	0.01971	0.02574	0.01421	0.01642	0.01058	0.00791	0.00742	0.00239	0.01197	0.00578	0.00391	0.01147
111	0.02163	0.01847	0.02578	0.05509	0.31749	0.01975	0.01888	0.08496	0.25742	0.06050	0.02303	0.02426	0.01767	0.00902	0.00813	0.00256	0.00829	0.00801	0.00622	0.01284
112	0.01233	0.11615	0.01402	0.00964	0.01307	0.04082	0.00775	0.01447	0.01840	0.02140	0.06846	0.06551	0.53442	0.01797	0.00883	0.00256	0.00526	0.01468	0.00678	0.00750
113	0.02801	0.02647	0.15046	0.01954	0.02710	0.02393	0.01825	0.51825	0.03406	0.04619	0.01852	0.01902	0.01311	0.00935	0.00804	0.00246	0.00952	0.00705	0.00720	0.01345
114	0.01665	0.00927	0.01232	0.01135	0.01394	0.00839	0.00857	0.01986	0.02158	0.17040	0.40219	0.17955	0.05969	0.01687	0.00941	0.00269	0.00468	0.01487	0.00890	0.00880
115	0.05631	0.00923	0.01170	0.01207	0.01406	0.00879	0.00865	0.01863	0.04342	0.14448	0.04004	0.51512	0.04371	0.02096	0.00957	0.00308	0.00528	0.01867	0.00790	0.00833
116	0.02061	0.02027	0.03243	0.04833	0.63149	0.05323	0.02443	0.02529	0.01871	0.02617	0.01512	0.01980	0.01273	0.00729	0.00800	0.00239	0.00990	0.00713	0.00402	0.01268
117	0.03034	0.03777	0.02307	0.02078	0.02509	0.64514	0.01566	0.06656	0.02385	0.02163	0.01293	0.01491	0.01064	0.00844	0.00736	0.00211	0.01431	0.00534	0.00440	0.00965
118	0.01080	0.00827	0.00990	0.00949	0.01170	0.00737	0.00712	0.01399	0.02135	0.02870	0.45128	0.06692	0.28761	0.01802	0.00958	0.00262	0.00393	0.01556	0.00843	0.00737
119	0.01771	0.01884	0.03791	0.29275	0.08052	0.01948	0.36386	0.02388	0.01798	0.02397	0.01558	0.02169	0.01176	0.00736	0.00892	0.00271	0.01235	0.00853	0.00391	0.01029
120	0.03085	0.02273	0.02435	0.01867	0.02516	0.02516	0.01542	0.63716	0.03815	0.05114	0.01948	0.01948	0.01380	0.00974	0.00812	0.00244	0.00893	0.00731	0.00812	0.01380
121	0.01687	0.03707	0.52600	0.02501	0.03568	0.01947	0.13766	0.02542	0.01724	0.02542	0.01468	0.01802	0.01066	0.00790	0.00906	0.00265	0.04929	0.00670	0.00355	0.01164
122	0.01013	0.00824	0.00897	0.00878	0.01129	0.00708	0.00659	0.01269	0.01977	0.02494	0.24635	0.07312	0.49489	0.01942	0.00958	0.00269	0.00403	0.01643	0.00793	0.00708
123	0.00985	0.00813	0.00835	0.00843	0.01076	0.00695	0.00609	0.01165	0.01760	0.02117	0.07409	0.10400	0.56188	0.09928	0.01321	0.00335	0.00456	0.01679	0.00724	0.00662
124	0.01055	0.00826	0.00956	0.00923	0.01155	0.00726	0.00692	0.01351	0.02077	0.02732	0.37593	0.06920	0.36382	0.01854	0.00958	0.00264	0.00397	0.01588	0.00825	0.00726
125	0.01011	0.00721	0.00930	0.01087	0.01137	0.00676	0.00715	0.01137	0.01519	0.02014	0.04383	0.60213	0.07501	0.11142	0.01419	0.00384	0.00508	0.02142	0.00721	0.00639
126	0.02037	0.02237	0.02486	0.05122	0.02444	0.18354	0.05177	0.02265	0.01571	0.02009	0.01341	0.05396	0.01298	0.01269	0.01928	0.00310	0.42699	0.00763	0.00395	0.00901
127	0.00959	0.00822	0.00822	0.00822	0.01096	0.00685	0.00617	0.01165	0.01850	0.02192	0.08220	0.07809	0.66092	0.02055	0.00959	0.00274	0.00411	0.01713	0.00754	0.00685
128	0.01972	0.02145	0.09400	0.04726	0.60418	0.01924	0.02539	0.02498	0.01835	0.02643	0.01520	0.01980	0.01261	0.00728	0.00800	0.00243	0.00986	0.00711	0.00396	0.01277
129	0.02864	0.14258	0.02648	0.02070	0.04744	0.51063	0.01571	0.07396	0.02290	0.02221	0.01294	0.01492	0.01077	0.00820	0.00707	0.00207	0.01312	0.00531	0.00435	0.01000
130	0.28419	0.01484	0.01675	0.01336	0.01922	0.01463	0.01102	0.06096	0.02072	0.42865	0.02447	0.02239	0.01600	0.00918	0.00710	0.00251	0.00678	0.00685	0.00826	0.01212
131	0.02437	0.02282	0.08464	0.05269	0.07147	0.05884	0.01683	0.29622	0.18122	0.03863	0.05290	0.02378	0.01883	0.00986	0.00813	0.00252	0.00882	0.00787	0.00701	0.01255
132	0.31451	0.01608	0.02108	0.15592	0.21726	0.01802	0.01657	0.02277	0.01627	0.02942	0.05928	0.02046	0.01530	0.00848	0.00775	0.00256	0.03701	0.00663	0.00466	0.00997
133	0.00989	0.00706	0.00942	0.01130	0.01177	0.00659	0.00753	0.01130	0.01554	0.02071	0.04472	0.70954	0.05367	0.02542	0.01036	0.00330	0.00471	0.02307	0.00753	0.00659
134	0.01013	0.00824	0.00897	0.00878	0.01129	0.00708	0.00659	0.01269	0.01977	0.02494	0.24635	0.07312	0.49489	0.01942	0.00958	0.00269	0.00403	0.01643	0.00793	0.00708
135	0.02544	0.15468	0.02864	0.02536	0.14931	0.36671	0.01738	0.02813	0.01983	0.02099	0.01265	0.01574	0.01094	0.00850	0.00911	0.00224	0.08454	0.00566	0.00396	0.01021
136	0.01004	0.00755	0.00920	0.01043	0.01162	0.00686	0.00725	0.01168	0.01637	0.02099	0.05476	0.46265	0.23136	0.05790	0.01170	0.00338	0.00481	0.04745	0.00740	0.00662
137	0.00989	0.00706	0.00942	0.01130	0.01177	0.00659	0.00753	0.01130	0.01554	0.02071	0.04472	0.70954	0.05367	0.02542	0.01036	0.00330	0.00471	0.02307	0.00753	0.00659
138	0.02166	0.02216	0.02654	0.09748	0.32112	0.14944	0.01987	0.03050	0.17581	0.02650	0.01906	0.02169	0.01515	0.00847	0.00796	0.00246	0.00993	0.00732	0.00506	0.01181
139	0.02125	0.01876	0.02219	0.02103	0.08408	0.04919	0.05857	0.12563	0.35728	0.03348	0.02984	0.03241	0.04745	0.01119	0.00852	0.00271	0.00797	0.04908	0.00727	0.01210
140	0.09790	0.05994	0.15696	0.02248	0.06236	0.19652	0.07358	0.02548	0.01749	0.02350	0.01338	0.01734	0.01109	0.01166	0.04551	0.00312	0.14141	0.00629	0.00396	0.01003
141	0.53164	0.05318	0.01404	0.01169	0.01623	0.06426	0.00965	0.02257	0.01553	0.03170	0.02171	0.02708	0.08164	0.01026	0.00623	0.00257	0.00687	0.05918	0.00536	0.00860
142	0.01723	0.02224	0.15252	0.02242	0.02616	0.02153	0.10287	0.02235	0.05046	0.02250	0.01589	0.06819	0.01467	0.01256	0.01844	0.00319	0.38432	0.00848	0.00415	0.00982

[dist]
# distance from previous block
# <min> <max>
0	6

[block]
# block no. 2 follows, 23 sequences, length 28
# corresponding to MSA columns:
# 257-284
name=unknown_C
#
# <colnr> <probs for GDERKNQSTAVLIFYWHMCP>
#	G	D	E	R	K	N	Q	S	T	A	V	L	I	F	Y	W	H	M	C	P
0	0.21871	0.03063	0.41112	0.01814	0.02698	0.01725	0.02145	0.02388	0.01698	0.02944	0.09573	0.02160	0.01830	0.00879	0.00722	0.00255	0.00942	0.00667	0.00455	0.01058
1	0.02550	0.01789	0.02325	0.13317	0.17730	0.06974	0.01715	0.03323	0.14485	0.23733	0.02391	0.02438	0.01706	0.00913	0.00807	0.00253	0.00869	0.00776	0.00678	0.01227
2	0.01180	0.00787	0.00885	0.00885	0.00885	0.00787	0.00492	0.01180	0.01180	0.01573	0.02557	0.05310	0.02950	0.71483	0.04130	0.00787	0.00787	0.01180	0.00492	0.00492
3	0.01520	0.01331	0.01620	0.07749	0.08961	0.01413	0.01225	0.02557	0.25275	0.02669	0.04761	0.09935	0.24752	0.01483	0.00885	0.00275	0.00622	0.01268	0.00707	0.00990
4	0.01948	0.02126	0.02849	0.30505	0.04036	0.15124	0.13251	0.02376	0.01734	0.02128	0.01366	0.01951	0.01099	0.00915	0.01195	0.00276	0.15076	0.00723	0.00380	0.00942
5	0.01052	0.00816	0.00957	0.00941	0.01158	0.00721	0.00698	0.01337	0.02039	0.02689	0.35459	0.12013	0.33394	0.01905	0.00964	0.00269	0.00402	0.01643	0.00820	0.00721
6	0.01134	0.00853	0.01065	0.01082	0.01296	0.00784	0.00858	0.01463	0.02061	0.02743	0.34004	0.07334	0.23724	0.01918	0.00998	0.00290	0.00482	0.16357	0.00817	0.00738
7	0.02780	0.02915	0.02368	0.14098	0.03063	0.35005	0.01682	0.22657	0.02670	0.03017	0.01513	0.01746	0.01160	0.00876	0.00772	0.00231	0.01210	0.00626	0.00536	0.01076
8	0.02390	0.24543	0.15971	0.02040	0.02733	0.29336	0.07361	0.02803	0.01951	0.02133	0.01291	0.01529	0.01057	0.00766	0.00695	0.00214	0.01221	0.00550	0.00381	0.01036
9	0.03298	0.01930	0.02223	0.01704	0.02345	0.02007	0.01408	0.40730	0.03241	0.28910	0.02430	0.02261	0.01622	0.00986	0.00813	0.00246	0.00815	0.00763	0.00886	0.01380
10	0.01056	0.00780	0.01001	0.01140	0.01264	0.00725	0.00839	0.01270	0.01715	0.02237	0.08912	0.43432	0.16223	0.02341	0.01034	0.00324	0.00509	0.13750	0.00761	0.00688
11	0.01621	0.03531	0.01520	0.01374	0.01618	0.01301	0.01070	0.15680	0.02039	0.02731	0.03089	0.20988	0.03268	0.11376	0.13673	0.00548	0.00982	0.12084	0.00661	0.00844
12	0.01737	0.15577	0.52861	0.02222	0.03313	0.02119	0.06328	0.02548	0.01714	0.02459	0.01412	0.01672	0.01042	0.00753	0.00740	0.00244	0.01153	0.00593	0.00347	0.01166
13	0.01111	0.00828	0.01033	0.00982	0.01189	0.00750	0.00736	0.01459	0.02208	0.03044	0.54567	0.06407	0.19214	0.01737	0.00957	0.00259	0.00388	0.01516	0.00866	0.00750
