[name]
unknown

[dist]
# distance from previous block
# <min> <max>
0	13

[block]
# block no. 0 follows, 21 sequences, length 62
# corresponding to MSA columns:
# 13-74
name=unknown_A
#
# <colnr> <probs for GDERKNQSTAVLIFYWHMCP>
#	G	D	E	R	K	N	Q	S	T	A	V	L	I	F	Y	W	H	M	C	P
0	0.23318	0.01967	0.01739	0.01831	0.08116	0.15175	0.01294	0.02567	0.07000	0.03004	0.09943	0.03772	0.07624	0.01248	0.00811	0.00273	0.00845	0.07882	0.00627	0.00965
1	0.12959	0.06855	0.02742	0.02674	0.16430	0.19112	0.08626	0.02647	0.02029	0.02749	0.10388	0.02420	0.02141	0.00957	0.00878	0.00252	0.03795	0.00779	0.00510	0.01056
2	0.02045	0.33717	0.34955	0.01969	0.02959	0.02632	0.02309	0.05928	0.01889	0.02536	0.01403	0.01619	0.01105	0.00785	0.00694	0.00230	0.01085	0.00559	0.00389	0.01195
3	0.01014	0.00831	0.00894	0.00944	0.01171	0.00712	0.00683	0.01212	0.01861	0.02267	0.07628	0.23694	0.49575	0.02284	0.01026	0.00302	0.00447	0.01954	0.00790	0.00712
4	0.01034	0.00753	0.00975	0.01153	0.01226	0.00694	0.00776	0.01189	0.01660	0.02185	0.05082	0.63428	0.11485	0.02615	0.01078	0.00340	0.00487	0.02357	0.00790	0.00694
5	0.01238	0.00825	0.00928	0.00928	0.00928	0.00825	0.00516	0.01238	0.01238	0.01650	0.02681	0.05569	0.03094	0.70092	0.04331	0.00825	0.00825	0.01238	0.00516	0.00516
6	0.02001	0.03310	0.29392	0.02288	0.02962	0.14971	0.05222	0.02565	0.01786	0.02365	0.01566	0.04669	0.01341	0.01327	0.04503	0.00341	0.17166	0.00746	0.00404	0.01073
7	0.01037	0.00741	0.00987	0.01185	0.01234	0.00691	0.00790	0.01185	0.01629	0.02172	0.04690	0.69537	0.05629	0.02666	0.01086	0.00346	0.00494	0.02419	0.00790	0.00691
8	0.02412	0.01190	0.01513	0.01262	0.01705	0.01063	0.01004	0.05243	0.02391	0.30804	0.22878	0.05018	0.16940	0.01491	0.00932	0.00269	0.00574	0.01256	0.00954	0.01100
9	0.02074	0.01989	0.03395	0.09334	0.60929	0.02013	0.02595	0.02583	0.01922	0.02741	0.01595	0.02117	0.01334	0.00764	0.00843	0.00255	0.01019	0.00758	0.00418	0.01322
10	0.01812	0.01911	0.03810	0.35226	0.05141	0.02024	0.32572	0.02455	0.01858	0.02455	0.01619	0.02282	0.01214	0.00783	0.00929	0.00285	0.01287	0.00883	0.00405	0.01048
11	0.02221	0.02429	0.02739	0.31625	0.19923	0.21957	0.02205	0.02665	0.01982	0.02301	0.01474	0.02000	0.01177	0.00835	0.00823	0.00256	0.01227	0.00692	0.00408	0.01061
12	0.02400	0.61434	0.04177	0.01558	0.02246	0.12091	0.01482	0.02665	0.01823	0.02013	0.01201	0.01388	0.01093	0.00749	0.00577	0.00187	0.00996	0.00468	0.00374	0.01078
13	0.01754	0.09850	0.60645	0.02346	0.03560	0.02091	0.03005	0.02683	0.01791	0.02638	0.01499	0.01761	0.01079	0.00802	0.00787	0.00262	0.01229	0.00615	0.00360	0.01244
14	0.01868	0.02174	0.09155	0.39232	0.13809	0.07281	0.09597	0.02457	0.01841	0.02373	0.01536	0.02142	0.01176	0.00819	0.00857	0.00273	0.01198	0.00757	0.00394	0.01063
15	0.01055	0.00858	0.00934	0.00928	0.01183	0.00737	0.00691	0.01311	0.02036	0.02557	0.21667	0.10809	0.48104	0.02082	0.01009	0.00286	0.00427	0.01766	0.00825	0.00737
16	0.01220	0.00894	0.01280	0.01280	0.01401	0.01016	0.00954	0.01463	0.01342	0.01910	0.02360	0.03788	0.02321	0.19120	0.54246	0.01259	0.01989	0.00977	0.00468	0.00711
17	0.01892	0.05300	0.06252	0.01883	0.04861	0.07821	0.01524	0.10258	0.01914	0.02562	0.02127	0.02729	0.04420	0.03287	0.28112	0.00724	0.12037	0.00824	0.00498	0.00976
18	0.01111	0.00818	0.00920	0.00967	0.01076	0.00757	0.00625	0.01220	0.01570	0.01996	0.05186	0.21641	0.24645	0.30894	0.02426	0.00528	0.00612	0.01709	0.00675	0.00627
19	0.01037	0.00741	0.00987	0.01185	0.01234	0.00691	0.00790	0.01185	0.01629	0.02172	0.04690	0.69537	0.05629	0.02666	0.01086	0.00346	0.00494	0.02419	0.00790	0.00691
20	0.01707	0.04402	0.65683	0.02426	0.03683	0.01976	0.03144	0.02695	0.01797	0.02695	0.01527	0.01797	0.01078	0.00809	0.00809	0.00270	0.01258	0.00629	0.00359	0.01258
21	0.01942	0.02383	0.12819	0.13544	0.26757	0.02040	0.22745	0.02598	0.01907	0.02660	0.01618	0.02150	0.01258	0.00765	0.00894	0.00271	0.01209	0.00823	0.00409	0.01207
22	0.02427	0.52321	0.08036	0.01674	0.02376	0.16549	0.01606	0.02736	0.01877	0.02064	0.01233	0.01429	0.01092	0.00765	0.00610	0.00196	0.01064	0.00486	0.00379	0.01081
23	0.12772	0.02203	0.09012	0.04288	0.46963	0.02008	0.05346	0.02609	0.01857	0.02920	0.01540	0.01982	0.01258	0.00765	0.00802	0.00258	0.01004	0.00715	0.00431	0.01268
24	0.02463	0.06548	0.02381	0.17641	0.03209	0.31566	0.01693	0.03214	0.14337	0.02450	0.01857	0.02109	0.01459	0.00924	0.00786	0.00245	0.01176	0.00687	0.04209	0.01045
25	0.01037	0.00741	0.00987	0.01185	0.01234	0.00691	0.00790	0.01185	0.01629	0.02172	0.04690	0.69537	0.05629	0.02666	0.01086	0.00346	0.00494	0.02419	0.00790	0.00691
26	0.01024	0.00828	0.00912	0.00965	0.01180	0.00715	0.00695	0.01230	0.01873	0.02317	0.10209	0.25735	0.44781	0.02282	0.01029	0.00303	0.00448	0.01963	0.00797	0.00715
27	0.03179	0.04056	0.02412	0.02192	0.02631	0.66676	0.01644	0.03398	0.02412	0.02083	0.01315	0.01535	0.01096	0.00877	0.00767	0.00219	0.01535	0.00548	0.00438	0.00987
28	0.01785	0.01150	0.01223	0.01098	0.01412	0.01187	0.00858	0.14364	0.02246	0.03359	0.03750	0.03953	0.14470	0.01674	0.06172	0.00324	0.00672	0.00998	0.38391	0.00913
29	0.01887	0.01962	0.03822	0.26677	0.17596	0.02033	0.28370	0.02507	0.01885	0.02543	0.01623	0.02246	0.01248	0.00773	0.00916	0.00279	0.01240	0.00865	0.00410	0.01118
30	0.02275	0.70604	0.04459	0.01456	0.02184	0.03367	0.01456	0.02548	0.01729	0.02002	0.01183	0.01365	0.01092	0.00728	0.00546	0.00182	0.00910	0.00455	0.00364	0.01092
31	0.34803	0.03021	0.32971	0.02028	0.06775	0.01949	0.02121	0.02604	0.01651	0.03200	0.01380	0.01633	0.01026	0.00797	0.00685	0.00266	0.00975	0.00563	0.00438	0.01114
32	0.03179	0.04056	0.02412	0.02192	0.02631	0.66676	0.01644	0.03398	0.02412	0.02083	0.01315	0.01535	0.01096	0.00877	0.00767	0.00219	0.01535	0.00548	0.00438	0.00987
33	0.76103	0.01646	0.01251	0.01119	0.01646	0.01909	0.00922	0.02502	0.01448	0.03818	0.01185	0.01382	0.00922	0.00790	0.00527	0.00263	0.00658	0.00461	0.00527	0.00922
34	0.03179	0.04056	0.02412	0.02192	0.02631	0.66676	0.01644	0.03398	0.02412	0.02083	0.01315	0.01535	0.01096	0.00877	0.00767	0.00219	0.01535	0.00548	0.00438	0.00987
35	0.03027	0.02280	0.02437	0.01916	0.02560	0.02542	0.01567	0.51240	0.15047	0.05027	0.02308	0.02254	0.01662	0.01046	0.00854	0.00262	0.00887	0.00803	0.00854	0.01429
36	0.01037	0.00741	0.00987	0.01185	0.01234	0.00691	0.00790	0.01185	0.01629	0.02172	0.04690	0.69537	0.05629	0.02666	0.01086	0.00346	0.00494	0.02419	0.00790	0.00691
37	0.01037	0.00741	0.00987	0.01185	0.01234	0.00691	0.00790	0.01185	0.01629	0.02172	0.04690	0.69537	0.05629	0.02666	0.01086	0.00346	0.00494	0.02419	0.00790	0.00691
38	0.01862	0.01862	0.02607	0.02234	0.02234	0.02607	0.01862	0.02048	0.01303	0.02048	0.01117	0.01862	0.01117	0.01489	0.02793	0.00372	0.68535	0.00745	0.00372	0.00931
39	0.01478	0.00739	0.01109	0.01109	0.01109	0.00739	0.00739	0.01109	0.01109	0.01478	0.01478	0.02587	0.01478	0.02956	0.03326	0.75240	0.00739	0.00739	0.00370	0.00370
40	0.03651	0.01717	0.02141	0.01642	0.02307	0.01650	0.01356	0.20762	0.02886	0.48123	0.02980	0.02651	0.01917	0.01044	0.00855	0.00261	0.00785	0.00830	0.00995	0.01448
41	0.01204	0.00870	0.01138	0.01071	0.01271	0.00803	0.00803	0.01606	0.02409	0.03413	0.64335	0.06357	0.08030	0.01740	0.01004	0.00268	0.00401	0.01539	0.00937	0.00803
42	0.01238	0.00825	0.00928	0.00928	0.00928	0.00825	0.00516	0.01238	0.01238	0.01650	0.02681	0.05569	0.03094	0.70092	0.04331	0.00825	0.00825	0.01238	0.00516	0.00516
43	0.01037	0.00741	0.00987	0.01185	0.01234	0.00691	0.00790	0.01185	0.01629	0.02172	0.04690	0.69537	0.05629	0.02666	0.01086	0.00346	0.00494	0.02419	0.00790	0.00691
44	0.03182	0.03963	0.02420	0.02179	0.02631	0.63111	0.01643	0.06657	0.02500	0.02265	0.01356	0.01563	0.01116	0.00885	0.00772	0.00221	0.01501	0.00560	0.00461	0.01012
45	0.02865	0.27402	0.03146	0.01913	0.02474	0.39066	0.01576	0.07916	0.02302	0.02324	0.01329	0.01517	0.01124	0.00836	0.00696	0.00209	0.01265	0.00533	0.00446	0.01062
46	0.02050	0.01234	0.01505	0.01302	0.01687	0.01199	0.01020	0.06507	0.10848	0.17830	0.32180	0.05016	0.11094	0.01494	0.00941	0.00271	0.00552	0.01276	0.00934	0.01061
47	0.01216	0.00912	0.01368	0.01368	0.01520	0.01064	0.01064	0.01520	0.01368	0.01976	0.02279	0.03343	0.02127	0.06382	0.66720	0.01368	0.02279	0.00912	0.00456	0.00760
48	0.01037	0.00741	0.00987	0.01185	0.01234	0.00691	0.00790	0.01185	0.01629	0.02172	0.04690	0.69537	0.05629	0.02666	0.01086	0.00346	0.00494	0.02419	0.00790	0.00691
49	0.01601	0.01287	0.01480	0.01358	0.01681	0.01375	0.01040	0.02875	0.28884	0.03477	0.37845	0.04972	0.05666	0.01485	0.00944	0.00277	0.00520	0.01288	0.00906	0.01040
50	0.01435	0.00842	0.01028	0.01028	0.01208	0.00904	0.00787	0.01793	0.01614	0.02682	0.02573	0.03243	0.02159	0.03200	0.27678	0.00677	0.01168	0.00842	0.44360	0.00780
51	0.01216	0.00912	0.01368	0.01368	0.01520	0.01064	0.01064	0.01520	0.01368	0.01976	0.02279	0.03343	0.02127	0.06382	0.66720	0.01368	0.02279	0.00912	0.00456	0.00760
52	0.01037	0.00741	0.00987	0.01185	0.01234	0.00691	0.00790	0.01185	0.01629	0.02172	0.04690	0.69537	0.05629	0.02666	0.01086	0.00346	0.00494	0.02419	0.00790	0.00691
53	0.01035	0.00747	0.00981	0.01167	0.01230	0.00693	0.00782	0.01187	0.01646	0.02179	0.04908	0.66140	0.08885	0.02638	0.01082	0.00342	0.00490	0.02385	0.00790	0.00693
54	0.01784	0.03886	0.51179	0.02792	0.07206	0.02011	0.13788	0.02696	0.01843	0.02705	0.01567	0.01905	0.01132	0.00789	0.00846	0.00272	0.01276	0.00704	0.00376	0.01243
55	0.02806	0.03372	0.02847	0.03151	0.20966	0.44498	0.04905	0.03134	0.02253	0.02319	0.01419	0.01740	0.01180	0.00834	0.00801	0.00232	0.01376	0.00632	0.00433	0.01101
56	0.31807	0.08800	0.02201	0.01837	0.05336	0.26960	0.01389	0.07747	0.02078	0.03065	0.01326	0.01530	0.01069	0.00835	0.00663	0.00238	0.01058	0.00534	0.00500	0.01026
57	0.03677	0.01495	0.02097	0.01819	0.07325	0.01314	0.01363	0.04021	0.02395	0.60222	0.03213	0.02832	0.02044	0.01029	0.00855	0.00262	0.00748	0.00848	0.01001	0.01440
58	0.02239	0.53748	0.11541	0.01918	0.07536	0.06283	0.01761	0.02614	0.01789	0.02153	0.01265	0.01486	0.01112	0.00748	0.00613	0.00200	0.00991	0.00505	0.00372	0.01127
59	0.01622	0.01260	0.01789	0.14868	0.07622	0.01215	0.01332	0.02056	0.02095	0.06428	0.30047	0.04034	0.04352	0.01210	0.00873	0.00240	0.00664	0.01063	0.00698	0.16529
60	0.02877	0.17390	0.08028	0.02064	0.02628	0.48694	0.01730	0.03170	0.02225	0.02117	0.01306	0.01522	0.01094	0.00842	0.00726	0.00216	0.01387	0.00536	0.00417	0.01030
61	0.01998	0.01069	0.01255	0.01092	0.01510	0.00906	0.00860	0.02254	0.02115	0.24557	0.06764	0.06322	0.42442	0.01766	0.00953	0.00279	0.00534	0.01464	0.00883	0.00976

[dist]
# distance from previous block
# <min> <max>
0	22

[block]
# block no. 1 follows, 21 sequences, length 167
# corresponding to MSA columns:
# 97-263
name=unknown_B
#
# <colnr> <probs for GDERKNQSTAVLIFYWHMCP>
#	G	D	E	R	K	N	Q	S	T	A	V	L	I	F	Y	W	H	M	C	P
0	0.02083	0.02162	0.07107	0.05059	0.61197	0.02019	0.02643	0.02617	0.01929	0.02775	0.01596	0.02088	0.01332	0.00761	0.00841	0.00254	0.01025	0.00751	0.00418	0.01343
1	0.03402	0.02115	0.02388	0.01831	0.02505	0.02241	0.01512	0.45358	0.03552	0.22586	0.02420	0.02288	0.01636	0.01031	0.00853	0.00258	0.00876	0.00792	0.00909	0.01448
2	0.10712	0.02356	0.02443	0.08506	0.05930	0.17317	0.01776	0.06319	0.01823	0.02522	0.01294	0.01795	0.01125	0.01138	0.01651	0.00302	0.30884	0.00670	0.00439	0.00999
3	0.02998	0.03400	0.02317	0.02037	0.02517	0.46176	0.01560	0.15159	0.05912	0.02838	0.02035	0.02142	0.05228	0.01001	0.00805	0.00234	0.01299	0.00692	0.00567	0.01082
4	0.14797	0.10838	0.02869	0.02795	0.21908	0.07689	0.05484	0.03034	0.01997	0.17961	0.01887	0.02045	0.01403	0.00839	0.00759	0.00247	0.00943	0.00691	0.00587	0.01225
5	0.02009	0.02296	0.05022	0.03587	0.04448	0.02152	0.61693	0.02726	0.02009	0.02726	0.01722	0.02296	0.01291	0.00717	0.01004	0.00287	0.01435	0.01004	0.00430	0.01148
6	0.02117	0.01828	0.01924	0.01732	0.02213	0.02117	0.01347	0.04522	0.63246	0.03560	0.03464	0.03175	0.02598	0.01155	0.00866	0.00289	0.00673	0.00962	0.00866	0.01347
7	0.01765	0.01513	0.01765	0.01260	0.02017	0.01134	0.01008	0.02143	0.01765	0.02773	0.01513	0.01765	0.01260	0.00630	0.00630	0.00126	0.00630	0.00504	0.00504	0.75295
8	0.01048	0.00765	0.00987	0.01141	0.01229	0.00704	0.00776	0.01226	0.01731	0.02295	0.10355	0.57512	0.12036	0.02531	0.01070	0.00333	0.00479	0.02276	0.00803	0.00704
9	0.01227	0.00821	0.00931	0.00942	0.00944	0.00818	0.00530	0.01235	0.01258	0.01678	0.02787	0.08943	0.03228	0.66536	0.04160	0.00800	0.00808	0.01300	0.00530	0.00525
10	0.01478	0.00739	0.01109	0.01109	0.01109	0.00739	0.00739	0.01109	0.01109	0.01478	0.01478	0.02587	0.01478	0.02956	0.03326	0.75240	0.00739	0.00739	0.00370	0.00370
11	0.03818	0.01448	0.01975	0.01514	0.02172	0.01251	0.01251	0.04147	0.02436	0.65373	0.03357	0.02897	0.02107	0.01053	0.00856	0.00263	0.00724	0.00856	0.01053	0.01448
12	0.01154	0.00868	0.01068	0.01018	0.01241	0.00782	0.00763	0.01509	0.02290	0.03131	0.50245	0.06820	0.22295	0.01845	0.01004	0.00273	0.00409	0.01604	0.00900	0.00782
13	0.02513	0.01688	0.01783	0.01448	0.01918	0.01831	0.01170	0.35703	0.03031	0.04405	0.02364	0.02538	0.01768	0.01008	0.00739	0.00230	0.00700	0.00778	0.33223	0.01161
14	0.24700	0.02088	0.02105	0.01676	0.02299	0.02324	0.01379	0.38302	0.06448	0.07849	0.01935	0.01954	0.01389	0.00962	0.00757	0.00260	0.00829	0.00691	0.00767	0.01287
15	0.06630	0.03626	0.02384	0.02097	0.02586	0.51509	0.01605	0.14429	0.02667	0.02785	0.01447	0.01624	0.01154	0.00900	0.00772	0.00228	0.01380	0.00585	0.00521	0.01071
16	0.03179	0.04056	0.02412	0.02192	0.02631	0.66676	0.01644	0.03398	0.02412	0.02083	0.01315	0.01535	0.01096	0.00877	0.00767	0.00219	0.01535	0.00548	0.00438	0.00987
17	0.01026	0.00834	0.00909	0.00952	0.01177	0.00717	0.00691	0.01238	0.01897	0.02341	0.11286	0.22569	0.46902	0.02249	0.01025	0.00300	0.00444	0.01927	0.00800	0.00717
18	0.01355	0.01066	0.01363	0.01305	0.01320	0.01244	0.00910	0.01438	0.01323	0.01846	0.02612	0.14967	0.02984	0.39669	0.06270	0.00662	0.17190	0.01296	0.00523	0.00656
19	0.01371	0.00980	0.01371	0.01567	0.01763	0.00980	0.01371	0.01763	0.01959	0.02547	0.04506	0.09599	0.04898	0.02351	0.01175	0.00392	0.00784	0.59056	0.00784	0.00784
20	0.01016	0.00863	0.00876	0.00873	0.01156	0.00723	0.00655	0.01241	0.01964	0.02356	0.11500	0.08095	0.61523	0.02134	0.01006	0.00286	0.00430	0.01783	0.00798	0.00723
21	0.01439	0.01240	0.01796	0.01667	0.01767	0.01597	0.01340	0.01702	0.01345	0.02001	0.01878	0.02831	0.01778	0.04691	0.44621	0.01024	0.25184	0.00854	0.00427	0.00819
22	0.01040	0.00773	0.00971	0.01113	0.01219	0.00703	0.00762	0.01217	0.01738	0.02271	0.08986	0.53424	0.17661	0.02508	0.01065	0.00329	0.00476	0.02242	0.00799	0.00703
23	0.01037	0.00741	0.00987	0.01185	0.01234	0.00691	0.00790	0.01185	0.01629	0.02172	0.04690	0.69537	0.05629	0.02666	0.01086	0.00346	0.00494	0.02419	0.00790	0.00691
24	0.02210	0.02370	0.02874	0.26161	0.28407	0.18628	0.02277	0.02663	0.01978	0.02391	0.01497	0.02015	0.01209	0.00821	0.00826	0.00255	0.01189	0.00703	0.00411	0.01116
25	0.02201	0.02226	0.03281	0.08562	0.54165	0.09462	0.02486	0.02677	0.01978	0.02664	0.01563	0.02050	0.01306	0.00777	0.00834	0.00251	0.01079	0.00734	0.00421	0.01283
26	0.01368	0.01136	0.01660	0.01572	0.01689	0.01428	0.01252	0.01645	0.01352	0.01993	0.02005	0.02993	0.01889	0.05226	0.51613	0.01132	0.17936	0.00872	0.00436	0.00800
27	0.60072	0.01727	0.01728	0.02008	0.15324	0.01934	0.01288	0.02525	0.01554	0.03593	0.01275	0.01539	0.01014	0.00783	0.00595	0.00261	0.00735	0.00525	0.00504	0.01014
28	0.23123	0.01235	0.01142	0.01032	0.01390	0.01329	0.00816	0.09276	0.01967	0.03550	0.02711	0.02935	0.06838	0.01033	0.00640	0.00231	0.00539	0.00777	0.38535	0.00903
29	0.02920	0.23155	0.02999	0.01981	0.02503	0.48507	0.01590	0.03154	0.02216	0.02060	0.01277	0.01486	0.01095	0.00834	0.00704	0.00209	0.01355	0.00521	0.00417	0.01017
30	0.01026	0.00783	0.00944	0.01073	0.01205	0.00701	0.00740	0.01198	0.01737	0.02216	0.06049	0.48330	0.25959	0.02490	0.01058	0.00325	0.00472	0.02204	0.00790	0.00701
31	0.01351	0.01062	0.01192	0.01179	0.01265	0.05057	0.00800	0.01483	0.01362	0.01804	0.02439	0.04449	0.02592	0.40943	0.28391	0.00998	0.01436	0.01067	0.00488	0.00640
32	0.01851	0.03186	0.32102	0.02869	0.03786	0.02137	0.26687	0.02615	0.01812	0.02615	0.01547	0.02008	0.01170	0.00869	0.01171	0.00291	0.10927	0.00798	0.00390	0.01167
33	0.01743	0.01936	0.14397	0.01501	0.02010	0.05451	0.01409	0.02422	0.08209	0.08768	0.30387	0.04679	0.10788	0.01417	0.00922	0.00269	0.00707	0.01198	0.00777	0.01011
34	0.02275	0.70604	0.04459	0.01456	0.02184	0.03367	0.01456	0.02548	0.01729	0.02002	0.01183	0.01365	0.01092	0.00728	0.00546	0.00182	0.00910	0.00455	0.00364	0.01092
35	0.02684	0.40518	0.03534	0.01789	0.02386	0.31989	0.01541	0.02932	0.02038	0.02039	0.01243	0.01442	0.01094	0.00795	0.00646	0.00199	0.01192	0.00497	0.00398	0.01044
36	0.02012	0.01888	0.03186	0.04753	0.56679	0.01888	0.02452	0.02503	0.01940	0.02750	0.01974	0.03070	0.01805	0.00963	0.00885	0.00271	0.00982	0.08256	0.00468	0.01275
37	0.76103	0.01646	0.01251	0.01119	0.01646	0.01909	0.00922	0.02502	0.01448	0.03818	0.01185	0.01382	0.00922	0.00790	0.00527	0.00263	0.00658	0.00461	0.00527	0.00922
38	0.01216	0.00912	0.01368	0.01368	0.01520	0.01064	0.01064	0.01520	0.01368	0.01976	0.02279	0.03343	0.02127	0.06382	0.66720	0.01368	0.02279	0.00912	0.00456	0.00760
39	0.03195	0.03576	0.02452	0.02125	0.02633	0.48298	0.01637	0.20201	0.02868	0.03024	0.01524	0.01681	0.01197	0.00918	0.00791	0.00230	0.01363	0.00611	0.00557	0.01119
40	0.01586	0.00793	0.00793	0.00793	0.00991	0.00793	0.00595	0.01983	0.01785	0.03173	0.02776	0.03173	0.02181	0.00991	0.00595	0.00198	0.00397	0.00793	0.74817	0.00793
41	0.01037	0.00741	0.00987	0.01185	0.01234	0.00691	0.00790	0.01185	0.01629	0.02172	0.04690	0.69537	0.05629	0.02666	0.01086	0.00346	0.00494	0.02419	0.00790	0.00691
42	0.01764	0.01521	0.01587	0.01455	0.01875	0.01672	0.01124	0.03473	0.43763	0.03159	0.05103	0.04769	0.22251	0.01473	0.00910	0.00288	0.00596	0.01227	0.00842	0.01147
43	0.01019	0.00863	0.00880	0.00876	0.01157	0.00724	0.00657	0.01246	0.01970	0.02371	0.12215	0.08072	0.60799	0.02128	0.01006	0.00286	0.00429	0.01779	0.00800	0.00724
44	0.03131	0.02284	0.02443	0.01885	0.02536	0.02523	0.01553	0.58177	0.03862	0.05226	0.02089	0.02114	0.01493	0.01020	0.00835	0.00252	0.00903	0.00768	0.05501	0.01406
45	0.01321	0.01098	0.01183	0.01121	0.01435	0.01077	0.00852	0.02110	0.16910	0.02861	0.20177	0.06553	0.36480	0.01817	0.00971	0.00283	0.00483	0.01535	0.00842	0.00890
46	0.02009	0.02296	0.05022	0.03587	0.04448	0.02152	0.61693	0.02726	0.02009	0.02726	0.01722	0.02296	0.01291	0.00717	0.01004	0.00287	0.01435	0.01004	0.00430	0.01148
47	0.01216	0.00912	0.01368	0.01368	0.01520	0.01064	0.01064	0.01520	0.01368	0.01976	0.02279	0.03343	0.02127	0.06382	0.66720	0.01368	0.02279	0.00912	0.00456	0.00760
48	0.24108	0.03364	0.02078	0.01884	0.02348	0.48088	0.01437	0.03141	0.02135	0.02581	0.01278	0.01491	0.01046	0.00852	0.00698	0.00232	0.01283	0.00523	0.00464	0.00968
49	0.02175	0.02117	0.02270	0.01958	0.02265	0.15313	0.04542	0.12975	0.02075	0.02663	0.01740	0.02339	0.01515	0.02858	0.23074	0.00644	0.17210	0.00776	0.00503	0.00990
50	0.01146	0.00895	0.01046	0.01054	0.01272	0.00824	0.00772	0.01539	0.05632	0.02727	0.26540	0.20559	0.28757	0.02065	0.01014	0.00293	0.00449	0.01794	0.00845	0.00778
51	0.01037	0.00741	0.00987	0.01185	0.01234	0.00691	0.00790	0.01185	0.01629	0.02172	0.04690	0.69537	0.05629	0.02666	0.01086	0.00346	0.00494	0.02419	0.00790	0.00691
52	0.02371	0.01365	0.01557	0.01248	0.01747	0.01289	0.01000	0.13162	0.02308	0.16055	0.02489	0.02610	0.01836	0.00931	0.00701	0.00206	0.00610	0.00738	0.30595	0.17183
53	0.01238	0.00825	0.00928	0.00928	0.00928	0.00825	0.00516	0.01238	0.01238	0.01650	0.02681	0.05569	0.03094	0.70092	0.04331	0.00825	0.00825	0.01238	0.00516	0.00516
54	0.01112	0.00772	0.00965	0.01089	0.01120	0.00741	0.00688	0.01205	0.01483	0.01978	0.03941	0.45667	0.04683	0.27826	0.02297	0.00525	0.00617	0.01978	0.00688	0.00626
55	0.01216	0.00912	0.01368	0.01368	0.01520	0.01064	0.01064	0.01520	0.01368	0.01976	0.02279	0.03343	0.02127	0.06382	0.66720	0.01368	0.02279	0.00912	0.00456	0.00760
56	0.01037	0.00741	0.00987	0.01185	0.01234	0.00691	0.00790	0.01185	0.01629	0.02172	0.04690	0.69537	0.05629	0.02666	0.01086	0.00346	0.00494	0.02419	0.00790	0.00691
57	0.01018	0.00816	0.00910	0.00986	0.01182	0.00708	0.00701	0.01207	0.01821	0.02251	0.07118	0.31644	0.41954	0.02351	0.01037	0.00310	0.00455	0.02034	0.00790	0.00708
58	0.01981	0.02092	0.02245	0.02002	0.02136	0.16090	0.01609	0.02204	0.01560	0.02037	0.01459	0.02172	0.01373	0.02617	0.18818	0.00596	0.36955	0.00745	0.00408	0.00899
59	0.01037	0.00741	0.00987	0.01185	0.01234	0.00691	0.00790	0.01185	0.01629	0.02172	0.04690	0.69537	0.05629	0.02666	0.01086	0.00346	0.00494	0.02419	0.00790	0.00691
60	0.27780	0.03078	0.12948	0.02181	0.08953	0.26694	0.01754	0.02889	0.01927	0.02854	0.01337	0.01587	0.01060	0.00823	0.00700	0.00246	0.01133	0.00554	0.00453	0.01048
61	0.01840	0.01037	0.01277	0.01187	0.01474	0.00950	0.00876	0.04816	0.02033	0.17565	0.10565	0.23041	0.17771	0.09904	0.01374	0.00357	0.00586	0.01604	0.00838	0.00905
62	0.02490	0.01896	0.02115	0.01594	0.02297	0.01835	0.01296	0.27511	0.06698	0.06487	0.01937	0.02019	0.01460	0.00846	0.00748	0.00197	0.00766	0.00658	0.00696	0.36452
63	0.01020	0.00807	0.00919	0.01009	0.01188	0.00706	0.00712	0.01205	0.01799	0.02241	0.06836	0.36048	0.37732	0.02387	0.01042	0.00314	0.00460	0.02079	0.00790	0.00706
64	0.02073	0.01778	0.01892	0.01722	0.02187	0.02050	0.01348	0.04360	0.59649	0.03500	0.03525	0.03552	0.02733	0.01225	0.00884	0.00295	0.00680	0.04372	0.00861	0.01314
65	0.01737	0.01939	0.09579	0.02018	0.02200	0.02176	0.01796	0.02049	0.01411	0.02213	0.01460	0.02160	0.01336	0.01996	0.10592	0.00473	0.46238	0.00757	0.06935	0.00935
66	0.01956	0.01869	0.03183	0.24142	0.47040	0.01982	0.02537	0.02480	0.01867	0.02598	0.01574	0.02155	0.01284	0.00786	0.00845	0.00262	0.01048	0.00758	0.00408	0.01227
67	0.02275	0.70604	0.04459	0.01456	0.02184	0.03367	0.01456	0.02548	0.01729	0.02002	0.01183	0.01365	0.01092	0.00728	0.00546	0.00182	0.00910	0.00455	0.00364	0.01092
68	0.01226	0.00899	0.01243	0.01215	0.01302	0.00910	0.03852	0.01359	0.01396	0.01894	0.03023	0.20003	0.03402	0.37758	0.16011	0.00794	0.01073	0.01438	0.00564	0.00639
69	0.03141	0.07002	0.02512	0.02147	0.02611	0.60546	0.01634	0.06327	0.02461	0.02245	0.01346	0.01553	0.01114	0.00878	0.00762	0.00219	0.01476	0.00555	0.00456	0.01015
70	0.03093	0.11029	0.02678	0.02048	0.02583	0.42639	0.01616	0.18829	0.02757	0.02944	0.01494	0.01651	0.01189	0.00899	0.00765	0.00225	0.01306	0.00596	0.00540	0.01120
71	0.01586	0.00793	0.00793	0.00793	0.00991	0.00793	0.00595	0.01983	0.01785	0.03173	0.02776	0.03173	0.02181	0.00991	0.00595	0.00198	0.00397	0.00793	0.74817	0.00793
72	0.02988	0.02261	0.02415	0.01908	0.02545	0.02524	0.01558	0.49244	0.17106	0.04964	0.02357	0.02294	0.01702	0.01051	0.00855	0.00263	0.00878	0.00810	0.00855	0.01425
73	0.01143	0.00867	0.01052	0.01006	0.01233	0.00777	0.00754	0.01486	0.02263	0.03066	0.46994	0.06927	0.25586	0.01869	0.01004	0.00274	0.00411	0.01619	0.00891	0.00777
74	0.01227	0.00858	0.01032	0.01046	0.01245	0.00768	0.00751	0.01466	0.01960	0.05780	0.21776	0.24360	0.25888	0.06400	0.01229	0.00331	0.00481	0.01817	0.00826	0.00758
75	0.02275	0.70604	0.04459	0.01456	0.02184	0.03367	0.01456	0.02548	0.01729	0.02002	0.01183	0.01365	0.01092	0.00728	0.00546	0.00182	0.00910	0.00455	0.00364	0.01092
76	0.01478	0.00739	0.01109	0.01109	0.01109	0.00739	0.00739	0.01109	0.01109	0.01478	0.01478	0.02587	0.01478	0.02956	0.03326	0.75240	0.00739	0.00739	0.00370	0.00370
77	0.03751	0.01556	0.02042	0.01565	0.02226	0.01411	0.01293	0.10829	0.02617	0.58436	0.03205	0.02798	0.02030	0.01050	0.00855	0.00262	0.00749	0.00845	0.01030	0.01448
78	0.03711	0.01621	0.02082	0.01596	0.02258	0.01507	0.01318	0.14795	0.02724	0.54318	0.03115	0.02739	0.01985	0.01047	0.00855	0.00262	0.00763	0.00839	0.01016	0.01448
79	0.01216	0.00912	0.01368	0.01368	0.01520	0.01064	0.01064	0.01520	0.01368	0.01976	0.02279	0.03343	0.02127	0.06382	0.66720	0.01368	0.02279	0.00912	0.00456	0.00760
80	0.03179	0.04056	0.02412	0.02192	0.02631	0.66676	0.01644	0.03398	0.02412	0.02083	0.01315	0.01535	0.01096	0.00877	0.00767	0.00219	0.01535	0.00548	0.00438	0.00987
81	0.03179	0.04056	0.02412	0.02192	0.02631	0.66676	0.01644	0.03398	0.02412	0.02083	0.01315	0.01535	0.01096	0.00877	0.00767	0.00219	0.01535	0.00548	0.00438	0.00987
82	0.03179	0.04056	0.02412	0.02192	0.02631	0.66676	0.01644	0.03398	0.02412	0.02083	0.01315	0.01535	0.01096	0.00877	0.00767	0.00219	0.01535	0.00548	0.00438	0.00987
83	0.01069	0.00845	0.00971	0.01039	0.01250	0.00747	0.00777	0.01300	0.01893	0.02367	0.10741	0.23809	0.38986	0.02281	0.01046	0.00313	0.00486	0.08557	0.00799	0.00725
84	0.01237	0.00829	0.00949	0.00949	0.00956	0.00836	0.00541	0.01251	0.01244	0.01665	0.02662	0.05464	0.03048	0.67089	0.07273	0.00851	0.00894	0.01222	0.00513	0.00527
85	0.01238	0.00825	0.00928	0.00928	0.00928	0.00825	0.00516	0.01238	0.01238	0.01650	0.02681	0.05569	0.03094	0.70092	0.04331	0.00825	0.00825	0.01238	0.00516	0.00516
86	0.01037	0.00741	0.00987	0.01185	0.01234	0.00691	0.00790	0.01185	0.01629	0.02172	0.04690	0.69537	0.05629	0.02666	0.01086	0.00346	0.00494	0.02419	0.00790	0.00691
87	0.01607	0.01513	0.02552	0.68047	0.05861	0.01891	0.02363	0.02174	0.01702	0.02174	0.01513	0.02269	0.01134	0.00851	0.00851	0.00284	0.01134	0.00756	0.00378	0.00945
88	0.01077	0.00758	0.00975	0.01133	0.01172	0.00718	0.00734	0.01196	0.01550	0.02067	0.04284	0.56602	0.05116	0.16300	0.01742	0.00443	0.00561	0.02180	0.00734	0.00656
89	0.01180	0.00801	0.00945	0.01002	0.01016	0.00787	0.00594	0.01222	0.01350	0.01800	0.03258	0.23928	0.03821	0.50741	0.03400	0.00687	0.00730	0.01577	0.00594	0.00566
90	0.03235	0.02384	0.02554	0.01958	0.02639	0.02639	0.01618	0.61946	0.04001	0.05363	0.02043	0.02043	0.01447	0.01022	0.00851	0.00255	0.00936	0.00766	0.00851	0.01447
91	0.01535	0.01502	0.01669	0.04965	0.14165	0.07859	0.01254	0.01945	0.05370	0.02436	0.05875	0.05758	0.39170	0.01633	0.00934	0.00273	0.00704	0.01370	0.00667	0.00916
92	0.01228	0.00838	0.00988	0.00969	0.01027	0.00819	0.00598	0.01343	0.01574	0.02156	0.20376	0.05795	0.04510	0.50475	0.03376	0.00665	0.00703	0.01324	0.00637	0.00598
93	0.01862	0.01280	0.01536	0.01423	0.01750	0.01305	0.01147	0.16668	0.02545	0.06386	0.18003	0.13177	0.07886	0.01774	0.00991	0.00302	0.00657	0.15735	0.04603	0.00970
94	0.02704	0.03223	0.02379	0.02007	0.02561	0.44078	0.04987	0.02998	0.02202	0.02319	0.01396	0.01645	0.01155	0.00797	0.00742	0.00196	0.01269	0.00562	0.00457	0.22322
95	0.02944	0.08014	0.02715	0.02644	0.12841	0.51941	0.01792	0.03214	0.02290	0.02192	0.01354	0.01618	0.01137	0.00848	0.00765	0.00222	0.01408	0.00577	0.00431	0.01053
96	0.01062	0.00751	0.00980	0.01152	0.01195	0.00708	0.00755	0.01192	0.01579	0.02106	0.04435	0.61389	0.05306	0.11254	0.01500	0.00407	0.00536	0.02269	0.00755	0.00669
97	0.01222	0.00887	0.01242	0.01242	0.01350	0.00995	0.00906	0.01439	0.01330	0.01882	0.02395	0.03982	0.02405	0.24667	0.48815	0.01212	0.01862	0.01005	0.00473	0.00690
98	0.02783	0.02062	0.02242	0.01809	0.02367	0.02266	0.01456	0.47893	0.07062	0.04696	0.02592	0.13975	0.02250	0.01319	0.00893	0.00273	0.00843	0.01068	0.00841	0.01308
99	0.01279	0.01039	0.01166	0.01200	0.01454	0.01024	0.00904	0.01942	0.14363	0.02549	0.06092	0.23577	0.29933	0.02107	0.01017	0.00314	0.00534	0.07854	0.00805	0.00846
100	0.02903	0.06823	0.02543	0.02165	0.02540	0.52340	0.01674	0.03119	0.02183	0.02073	0.01274	0.01585	0.01100	0.00978	0.01115	0.00245	0.13358	0.00578	0.00423	0.00982
101	0.01125	0.00813	0.01018	0.01120	0.01214	0.00749	0.00738	0.01258	0.01566	0.02102	0.04222	0.48823	0.07293	0.17124	0.01757	0.00433	0.00571	0.02017	0.00713	0.05344
102	0.02348	0.11422	0.08479	0.06317	0.21032	0.15309	0.02019	0.06375	0.13139	0.02784	0.01838	0.02066	0.01460	0.00874	0.00791	0.00247	0.01067	0.00702	0.00514	0.01219
103	0.02403	0.02733	0.06769	0.03253	0.26424	0.21322	0.02037	0.03337	0.17635	0.02765	0.01984	0.02187	0.01573	0.00898	0.00824	0.00253	0.01097	0.00739	0.00535	0.01234
104	0.01765	0.01513	0.01765	0.01260	0.02017	0.01134	0.01008	0.02143	0.01765	0.02773	0.01513	0.01765	0.01260	0.00630	0.00630	0.00126	0.00630	0.00504	0.00504	0.75295
105	0.09700	0.01763	0.02037	0.01628	0.02244	0.01811	0.01328	0.17687	0.15014	0.33326	0.02878	0.02619	0.01946	0.01043	0.00828	0.00267	0.00758	0.00821	0.00921	0.01381
106	0.03140	0.02314	0.02498	0.01930	0.02586	0.02565	0.01591	0.59097	0.03877	0.05204	0.02054	0.02104	0.01479	0.01274	0.03957	0.00308	0.01000	0.00773	0.00833	0.01415
107	0.01777	0.01443	0.01538	0.01403	0.01812	0.01551	0.01085	0.03269	0.37272	0.05763	0.08932	0.04965	0.22666	0.01507	0.00919	0.00286	0.00581	0.01260	0.00854	0.01116
108	0.01037	0.00741	0.00987	0.01185	0.01234	0.00691	0.00790	0.01185	0.01629	0.02172	0.04690	0.69537	0.05629	0.02666	0.01086	0.00346	0.00494	0.02419	0.00790	0.00691
109	0.01888	0.01938	0.03031	0.02472	0.02623	0.02527	0.12380	0.02167	0.01427	0.02167	0.01223	0.01938	0.01148	0.01354	0.02478	0.00357	0.56738	0.00790	0.00383	0.00969
110	0.02106	0.02022	0.03454	0.05223	0.64784	0.02022	0.02612	0.02612	0.01938	0.02780	0.01601	0.02106	0.01348	0.00758	0.00842	0.00253	0.01011	0.00758	0.00421	0.01348
111	0.03818	0.01448	0.01975	0.01514	0.02172	0.01251	0.01251	0.04147	0.02436	0.65373	0.03357	0.02897	0.02107	0.01053	0.00856	0.00263	0.00724	0.00856	0.01053	0.01448
112	0.01006	0.00862	0.00862	0.00862	0.01149	0.00718	0.00647	0.01221	0.01940	0.02299	0.08621	0.08190	0.64438	0.02155	0.01006	0.00287	0.00431	0.01796	0.00790	0.00718
113	0.01008	0.00855	0.00869	0.00880	0.01154	0.00717	0.00655	0.01219	0.01923	0.02292	0.08403	0.11585	0.61184	0.02184	0.01010	0.00291	0.00435	0.01831	0.00790	0.00717
114	0.76103	0.01646	0.01251	0.01119	0.01646	0.01909	0.00922	0.02502	0.01448	0.03818	0.01185	0.01382	0.00922	0.00790	0.00527	0.00263	0.00658	0.00461	0.00527	0.00922
115	0.03179	0.04056	0.02412	0.02192	0.02631	0.66676	0.01644	0.03398	0.02412	0.02083	0.01315	0.01535	0.01096	0.00877	0.00767	0.00219	0.01535	0.00548	0.00438	0.00987
116	0.03700	0.01637	0.02092	0.01604	0.02267	0.01532	0.01325	0.15835	0.02752	0.53239	0.03092	0.02724	0.01973	0.01047	0.00855	0.00262	0.00767	0.00838	0.01012	0.01448
117	0.01220	0.00893	0.01272	0.01272	0.01392	0.01012	0.00945	0.01459	0.01339	0.01905	0.02367	0.03825	0.02337	0.20185	0.53204	0.01250	0.01964	0.00982	0.00469	0.00707
118	0.01903	0.27288	0.44518	0.02090	0.03165	0.02457	0.02561	0.02644	0.01773	0.02456	0.01408	0.01648	0.01083	0.00781	0.00718	0.00239	0.01138	0.00569	0.00361	0.01200
119	0.03719	0.01607	0.02073	0.01589	0.02252	0.01486	0.01313	0.13944	0.02701	0.55201	0.03135	0.02752	0.01995	0.01048	0.00855	0.00262	0.00760	0.00841	0.01019	0.01448
120	0.01282	0.00854	0.01068	0.01015	0.01215	0.00801	0.00761	0.01682	0.02283	0.03364	0.51887	0.05713	0.06847	0.01588	0.00921	0.00254	0.00400	0.01388	0.15876	0.00801
121	0.01309	0.04601	0.01354	0.01139	0.01377	0.01015	0.00871	0.01816	0.06154	0.03279	0.53877	0.09390	0.07189	0.01701	0.00975	0.00269	0.00451	0.01494	0.00894	0.00846
122	0.01223	0.00882	0.01216	0.01216	0.01315	0.00981	0.00874	0.01422	0.01323	0.01863	0.02418	0.04113	0.02462	0.28407	0.45152	0.01180	0.01777	0.01024	0.00477	0.00675
123	0.01037	0.00741	0.00987	0.01185	0.01234	0.00691	0.00790	0.01185	0.01629	0.02172	0.04690	0.69537	0.05629	0.02666	0.01086	0.00346	0.00494	0.02419	0.00790	0.00691
124	0.01146	0.00927	0.01026	0.00990	0.01260	0.00838	0.00746	0.01567	0.06057	0.02765	0.27548	0.07233	0.40949	0.01947	0.00996	0.00281	0.00436	0.01653	0.00846	0.00788
125	0.01150	0.00892	0.01063	0.01167	0.01338	0.00848	0.00843	0.01536	0.07174	0.02363	0.05749	0.40405	0.22981	0.02354	0.01050	0.00327	0.00514	0.06685	0.00796	0.00765
126	0.02724	0.03297	0.02479	0.02207	0.02494	0.44527	0.01719	0.02931	0.02028	0.02071	0.01247	0.01648	0.01103	0.01089	0.01468	0.00272	0.24696	0.00616	0.00416	0.00967
127	0.27877	0.02233	0.02219	0.16566	0.13087	0.15617	0.01706	0.06472	0.01950	0.03027	0.01406	0.01767	0.01108	0.00831	0.00720	0.00256	0.01021	0.00611	0.00480	0.01044
128	0.01663	0.01585	0.02220	0.01977	0.02001	0.02141	0.01608	0.01856	0.01362	0.02060	0.01807	0.12813	0.01941	0.02183	0.09132	0.00471	0.50826	0.01029	0.00448	0.00875
129	0.02009	0.02296	0.05022	0.03587	0.04448	0.02152	0.61693	0.02726	0.02009	0.02726	0.01722	0.02296	0.01291	0.00717	0.01004	0.00287	0.01435	0.01004	0.00430	0.01148
130	0.03186	0.03855	0.02429	0.02164	0.02632	0.59001	0.01641	0.10415	0.02602	0.02476	0.01403	0.01596	0.01138	0.00894	0.00777	0.00224	0.01463	0.00574	0.00488	0.01042
131	0.01126	0.00867	0.01028	0.00988	0.01223	0.00769	0.00741	0.01453	0.02223	0.02971	0.42230	0.07084	0.30410	0.01905	0.01005	0.00275	0.00413	0.01641	0.00879	0.00769
132	0.01423	0.01239	0.01984	0.01764	0.01959	0.01477	0.07435	0.01746	0.01421	0.02067	0.01995	0.02947	0.01844	0.04846	0.47500	0.01063	0.15130	0.00889	0.00437	0.00833
133	0.02275	0.70604	0.04459	0.01456	0.02184	0.03367	0.01456	0.02548	0.01729	0.02002	0.01183	0.01365	0.01092	0.00728	0.00546	0.00182	0.00910	0.00455	0.00364	0.01092
134	0.01029	0.00863	0.00894	0.00886	0.01164	0.00728	0.00665	0.01266	0.01994	0.02428	0.15094	0.07977	0.57885	0.02107	0.01006	0.00285	0.00428	0.01766	0.00807	0.00728
135	0.22910	0.01803	0.01969	0.01552	0.02183	0.01874	0.01281	0.22364	0.02678	0.29587	0.02354	0.02217	0.01578	0.00973	0.00767	0.00261	0.00775	0.00722	0.00848	0.01307
136	0.02117	0.01828	0.01924	0.01732	0.02213	0.02117	0.01347	0.04522	0.63246	0.03560	0.03464	0.03175	0.02598	0.01155	0.00866	0.00289	0.00673	0.00962	0.00866	0.01347
137	0.02112	0.51605	0.22030	0.01734	0.02614	0.02968	0.01941	0.02590	0.01749	0.02201	0.01282	0.01489	0.01088	0.00751	0.00621	0.00207	0.01010	0.00505	0.00363	0.01140
138	0.05980	0.43393	0.22166	0.01770	0.02625	0.06863	0.01937	0.02642	0.01777	0.02305	0.01293	0.01504	0.01079	0.00764	0.00636	0.00214	0.01039	0.00512	0.00376	0.01125
139	0.02746	0.03269	0.05777	0.03225	0.23937	0.37366	0.02045	0.06873	0.02323	0.02562	0.01470	0.01775	0.01204	0.00842	0.00800	0.00235	0.01304	0.00638	0.00455	0.01153
140	0.02081	0.02172	0.07366	0.05048	0.60943	0.02019	0.02645	0.02617	0.01929	0.02775	0.01596	0.02087	0.01331	0.00761	0.00840	0.00254	0.01027	0.00750	0.00417	0.01342
141	0.02412	0.02343	0.02067	0.01845	0.02328	0.16134	0.01427	0.07649	0.46589	0.03346	0.02915	0.02753	0.02205	0.01087	0.00844	0.00272	0.00876	0.00861	0.00772	0.01275
142	0.01718	0.01029	0.01203	0.01063	0.01444	0.00873	0.00827	0.01997	0.02119	0.16973	0.15814	0.06385	0.38309	0.01765	0.00953	0.00271	0.00503	0.01479	0.00860	0.04415
143	0.01554	0.00998	0.01205	0.01174	0.01442	0.00929	0.00870	0.01997	0.07680	0.11598	0.14960	0.26536	0.21758	0.02004	0.00997	0.00300	0.00511	0.01745	0.00858	0.00886
144	0.01889	0.03131	0.29089	0.03126	0.04144	0.02082	0.38463	0.02714	0.01925	0.02714	0.01645	0.02098	0.01207	0.00754	0.00927	0.00280	0.01364	0.00855	0.00402	0.01191
145	0.01238	0.00825	0.00928	0.00928	0.00928	0.00825	0.00516	0.01238	0.01238	0.01650	0.02681	0.05569	0.03094	0.70092	0.04331	0.00825	0.00825	0.01238	0.00516	0.00516
146	0.01115	0.00866	0.01013	0.00976	0.01216	0.00765	0.00732	0.01432	0.02197	0.02909	0.39147	0.07186	0.33532	0.01928	0.01005	0.00277	0.00415	0.01655	0.00871	0.00765
147	0.01744	0.08673	0.61733	0.02363	0.03587	0.02066	0.03035	0.02686	0.01792	0.02650	0.01505	0.01769	0.01079	0.00803	0.00792	0.00264	0.01235	0.00618	0.00360	0.01247
148	0.05137	0.17666	0.50432	0.02171	0.03289	0.02255	0.02704	0.02657	0.01768	0.02605	0.01442	0.01691	0.01074	0.00791	0.00743	0.00252	0.01161	0.00586	0.00368	0.01209
149	0.02376	0.02745	0.02241	0.02026	0.02276	0.34074	0.01581	0.02604	0.01867	0.02050	0.01467	0.02020	0.01326	0.02245	0.15637	0.00512	0.20925	0.00683	0.00423	0.00921
150	0.02079	0.01994	0.03404	0.08700	0.61523	0.02015	0.02598	0.02588	0.01925	0.02747	0.01596	0.02115	0.01336	0.00763	0.00843	0.00254	0.01018	0.00758	0.00419	0.01326
151	0.02577	0.49012	0.03846	0.01628	0.02328	0.06513	0.01509	0.18337	0.02367	0.02897	0.01418	0.01554	0.01186	0.00814	0.00639	0.00203	0.00950	0.00542	0.00497	0.01181
152	0.02274	0.02365	0.03373	0.04645	0.51433	0.12444	0.05726	0.02745	0.02018	0.02665	0.01561	0.02025	0.01304	0.00775	0.00839	0.00249	0.01119	0.00738	0.00425	0.01279
153	0.01115	0.00866	0.01014	0.00977	0.01217	0.00765	0.00733	0.01433	0.02198	0.02912	0.39303	0.07180	0.33373	0.01926	0.01005	0.00277	0.00415	0.01655	0.00871	0.00765
154	0.02332	0.66421	0.04331	0.01502	0.02212	0.07347	0.01468	0.02602	0.01772	0.02007	0.01191	0.01376	0.01092	0.00737	0.00560	0.00184	0.00949	0.00461	0.00369	0.01085
155	0.05860	0.01616	0.02027	0.17065	0.02983	0.01533	0.01407	0.09200	0.02031	0.06660	0.01665	0.01962	0.01285	0.00760	0.00716	0.00193	0.00791	0.00612	0.00548	0.41084
156	0.01901	0.01698	0.02657	0.51183	0.12205	0.02015	0.02284	0.10909	0.02063	0.02708	0.01600	0.02217	0.01205	0.00865	0.00850	0.00276	0.01091	0.00758	0.00452	0.01065
157	0.01006	0.00862	0.00862	0.00862	0.01149	0.00718	0.00647	0.01221	0.01940	0.02299	0.08621	0.08190	0.64438	0.02155	0.01006	0.00287	0.00431	0.01796	0.00790	0.00718
158	0.01216	0.00912	0.01368	0.01368	0.01520	0.01064	0.01064	0.01520	0.01368	0.01976	0.02279	0.03343	0.02127	0.06382	0.66720	0.01368	0.02279	0.00912	0.00456	0.00760
159	0.02142	0.02611	0.10235	0.03256	0.16760	0.12577	0.20424	0.02766	0.04749	0.02588	0.01779	0.02476	0.01490	0.00952	0.01097	0.00281	0.08197	0.04020	0.00455	0.01144
160	0.01238	0.00825	0.00928	0.00928	0.00928	0.00825	0.00516	0.01238	0.01238	0.01650	0.02681	0.05569	0.03094	0.70092	0.04331	0.00825	0.00825	0.01238	0.00516	0.00516
161	0.01073	0.00810	0.00992	0.01061	0.01220	0.00729	0.00752	0.01309	0.01929	0.02544	0.21966	0.34837	0.23146	0.02269	0.01041	0.00308	0.00451	0.02002	0.00830	0.00729
162	0.02288	0.02311	0.02605	0.03211	0.27262	0.15073	0.01913	0.03386	0.23229	0.02896	0.02340	0.02755	0.01916	0.01003	0.00853	0.00266	0.00988	0.03861	0.00598	0.01245
163	0.02441	0.01648	0.01769	0.01451	0.01904	0.01794	0.01170	0.33907	0.02939	0.04263	0.02353	0.02582	0.01787	0.01355	0.04997	0.00304	0.00806	0.00786	0.30604	0.01140
164	0.01963	0.01876	0.03195	0.23254	0.47873	0.01984	0.02540	0.02486	0.01870	0.02606	0.01575	0.02153	0.01287	0.00785	0.00845	0.00262	0.01046	0.00758	0.00409	0.01232
165	0.02073	0.02114	0.03982	0.04672	0.44471	0.02066	0.22502	0.02650	0.01962	0.02762	0.01641	0.02170	0.01329	0.00744	0.00897	0.00264	0.01154	0.00841	0.00424	0.01281
166	0.01358	0.01088	0.01241	0.01164	0.01453	0.01081	0.00884	0.02167	0.16248	0.03133	0.34692	0.06142	0.22642	0.01722	0.00973	0.00278	0.00472	0.01479	0.00879	0.00904

[dist]
# distance from previous block
# <min> <max>
0	1

[block]
# block no. 2 follows, 21 sequences, length 6
# corresponding to MSA columns:
# 265-270
name=unknown_C
#
# <colnr> <probs for GDERKNQSTAVLIFYWHMCP>
#	G	D	E	R	K	N	Q	S	T	A	V	L	I	F	Y	W	H	M	C	P
0	0.17874	0.01921	0.03415	0.02564	0.03218	0.01942	0.34172	0.06316	0.01906	0.03001	0.01724	0.02265	0.01368	0.01739	0.12335	0.00468	0.01383	0.00856	0.00483	0.01051
1	0.01920	0.07124	0.16995	0.21535	0.11962	0.05384	0.17931	0.02572	0.01869	0.02489	0.01549	0.02057	0.01185	0.00789	0.00856	0.00268	0.01229	0.00763	0.00395	0.01127
2	0.01141	0.00805	0.01062	0.01218	0.01323	0.00759	0.00889	0.01303	0.01691	0.02205	0.04857	0.43615	0.12388	0.02563	0.01291	0.06916	0.00568	0.13969	0.00752	0.00686
3	0.01784	0.00984	0.01005	0.00933	0.01189	0.01015	0.00718	0.09188	0.02051	0.03436	0.02688	0.03037	0.02093	0.00995	0.00626	0.00205	0.00461	0.00790	0.65929	0.00872
4	0.01963	0.02209	0.09135	0.15312	0.34936	0.02027	0.16743	0.02572	0.01902	0.02656	0.01608	0.02152	0.01274	0.00769	0.00880	0.00268	0.01155	0.00805	0.00411	0.01223
5	0.02127	0.02235	0.05909	0.16407	0.29863	0.07560	0.08211	0.06504	0.02014	0.02702	0.01555	0.02069	0.01254	0.00866	0.01024	0.00271	0.07049	0.00758	0.00437	0.01186

[dist]
# distance from previous block
# <min> <max>
2	8

[block]
# block no. 3 follows, 21 sequences, length 64
# corresponding to MSA columns:
# 279-342
name=unknown_D
#
# <colnr> <probs for GDERKNQSTAVLIFYWHMCP>
#	G	D	E	R	K	N	Q	S	T	A	V	L	I	F	Y	W	H	M	C	P
0	0.02207	0.03245	0.19572	0.12351	0.07584	0.26884	0.02113	0.02709	0.02047	0.02338	0.02282	0.02541	0.08562	0.00996	0.00825	0.00253	0.01232	0.00763	0.00448	0.01048
1	0.01924	0.20336	0.02384	0.11747	0.02377	0.07512	0.01273	0.02289	0.04953	0.06271	0.03066	0.03701	0.12414	0.14640	0.01470	0.00356	0.00877	0.00944	0.00546	0.00920
2	0.02220	0.20537	0.02885	0.01767	0.02373	0.18624	0.06596	0.02550	0.01896	0.02293	0.01483	0.01831	0.01278	0.01403	0.08446	0.00325	0.01201	0.00594	0.00438	0.21259
