[name]
unknown

[dist]
# distance from previous block
# <min> <max>
0	16

[block]
# block no. 0 follows, 23 sequences, length 26
# corresponding to MSA columns:
# 16-41
name=unknown_A
#
# <colnr> <probs for GDERKNQSTAVLIFYWHMCP>
#	G	D	E	R	K	N	Q	S	T	A	V	L	I	F	Y	W	H	M	C	P
0	0.01458	0.01048	0.01403	0.01526	0.01752	0.01068	0.01327	0.06949	0.02033	0.02656	0.04097	0.08541	0.04390	0.02134	0.01095	0.00363	0.00760	0.55845	0.00753	0.00801
1	0.02581	0.07481	0.01894	0.01354	0.01844	0.01690	0.01119	0.24625	0.02588	0.17097	0.02383	0.02436	0.01725	0.00947	0.00703	0.00220	0.00671	0.00732	0.26775	0.01136
2	0.02152	0.36700	0.02975	0.01489	0.01992	0.16271	0.01279	0.02630	0.09250	0.02198	0.07626	0.02326	0.01995	0.06874	0.00948	0.00253	0.00914	0.00670	0.00482	0.00976
3	0.01180	0.00787	0.00885	0.00885	0.00885	0.00787	0.00492	0.01180	0.01180	0.01573	0.02557	0.05310	0.02950	0.71483	0.04130	0.00787	0.00787	0.01180	0.00492	0.00492
4	0.00989	0.00706	0.00942	0.01130	0.01177	0.00659	0.00753	0.01130	0.01554	0.02071	0.04472	0.70954	0.05367	0.02542	0.01036	0.00330	0.00471	0.02307	0.00753	0.00659
5	0.77215	0.01569	0.01193	0.01067	0.01569	0.01820	0.00879	0.02385	0.01381	0.03641	0.01130	0.01318	0.00879	0.00753	0.00502	0.00251	0.00628	0.00439	0.00502	0.00879
6	0.02171	0.01819	0.01921	0.01682	0.02168	0.02090	0.01321	0.12829	0.56190	0.03641	0.03108	0.02873	0.02320	0.01083	0.00824	0.00271	0.00678	0.00891	0.00824	0.01298
7	0.01941	0.01860	0.03173	0.14061	0.57864	0.01910	0.02457	0.02432	0.01816	0.02570	0.01514	0.02030	0.01257	0.00735	0.00804	0.00245	0.00981	0.00723	0.00396	0.01231
8	0.01024	0.00744	0.00940	0.01054	0.01144	0.00688	0.00713	0.01191	0.01652	0.02193	0.12732	0.48366	0.13149	0.08843	0.01306	0.00356	0.00481	0.02017	0.00747	0.00660
9	0.02201	0.01834	0.01937	0.01688	0.02180	0.02103	0.01328	0.14475	0.54496	0.03689	0.03071	0.02843	0.02289	0.01079	0.00823	0.00270	0.00685	0.00885	0.00823	0.01301
10	0.02647	0.22346	0.02980	0.02311	0.11554	0.40815	0.01651	0.02909	0.02055	0.02060	0.01259	0.01497	0.01079	0.00781	0.00684	0.00204	0.01228	0.00527	0.00396	0.01018
11	0.01311	0.01164	0.01568	0.01475	0.01572	0.01420	0.01160	0.01510	0.01449	0.02014	0.03518	0.18111	0.15818	0.02735	0.15209	0.00524	0.26844	0.01294	0.00540	0.00763
12	0.02129	0.48059	0.09883	0.02236	0.15234	0.06070	0.01771	0.02496	0.01727	0.02125	0.01246	0.01491	0.01090	0.00714	0.00612	0.00197	0.00948	0.00512	0.00361	0.01100
13	0.01074	0.00790	0.01014	0.01093	0.01236	0.00730	0.00803	0.01331	0.01876	0.02518	0.25126	0.33393	0.14740	0.02148	0.01009	0.00302	0.00466	0.08844	0.00798	0.00708
14	0.02658	0.09016	0.02521	0.02022	0.02381	0.41490	0.01601	0.07735	0.02111	0.02224	0.01254	0.01564	0.01077	0.00977	0.01188	0.00244	0.17961	0.00577	0.00429	0.00972
15	0.01758	0.20507	0.52112	0.02090	0.03168	0.02204	0.02611	0.02536	0.01698	0.02411	0.01377	0.01614	0.01031	0.00752	0.00711	0.00237	0.01119	0.00560	0.00344	0.01161
16	0.01319	0.00879	0.01072	0.00994	0.01254	0.00779	0.00756	0.01637	0.02150	0.08887	0.40820	0.06334	0.26621	0.01730	0.00944	0.00261	0.00421	0.01488	0.00857	0.00797
17	0.01852	0.01769	0.03012	0.26110	0.46510	0.01887	0.02413	0.02354	0.01774	0.02462	0.01499	0.02059	0.01219	0.00752	0.00806	0.00251	0.01002	0.00722	0.00388	0.01160
18	0.01730	0.02076	0.13750	0.16705	0.36129	0.01747	0.02326	0.02262	0.01746	0.02456	0.01844	0.10095	0.01682	0.00962	0.00827	0.00260	0.00969	0.00888	0.00425	0.01122
19	0.01627	0.04197	0.67279	0.02313	0.03512	0.01884	0.02998	0.02570	0.01713	0.02570	0.01456	0.01713	0.01028	0.00771	0.00771	0.00257	0.01199	0.00600	0.00343	0.01199
20	0.01090	0.00749	0.00912	0.01000	0.01022	0.00727	0.00615	0.01156	0.01356	0.01808	0.03458	0.36208	0.04088	0.39033	0.02674	0.00571	0.00638	0.01710	0.00615	0.00570
21	0.02197	0.01825	0.02535	0.35413	0.11537	0.02097	0.02002	0.26291	0.02509	0.03333	0.01650	0.02061	0.01223	0.00865	0.00811	0.00256	0.00994	0.00725	0.00542	0.01134
22	0.01956	0.02100	0.08691	0.07461	0.58528	0.01919	0.02523	0.02480	0.01827	0.02620	0.01517	0.01990	0.01255	0.00731	0.00801	0.00244	0.00989	0.00712	0.00395	0.01262
23	0.01952	0.01871	0.03192	0.12571	0.59269	0.01913	0.02462	0.02441	0.01821	0.02583	0.01516	0.02027	0.01261	0.00733	0.00804	0.00244	0.00978	0.00723	0.00397	0.01240
24	0.01953	0.02039	0.02445	0.40790	0.11736	0.15772	0.02037	0.02598	0.08328	0.02259	0.01605	0.02087	0.01242	0.00836	0.00795	0.00255	0.01103	0.00700	0.00425	0.00994
25	0.02008	0.01928	0.03294	0.04981	0.66422	0.01928	0.02490	0.02490	0.01848	0.02651	0.01526	0.02008	0.01285	0.00723	0.00803	0.00241	0.00964	0.00723	0.00402	0.01285

[dist]
# distance from previous block
# <min> <max>
0	2

[block]
# block no. 1 follows, 23 sequences, length 27
# corresponding to MSA columns:
# 44-70
name=unknown_B
#
# <colnr> <probs for GDERKNQSTAVLIFYWHMCP>
#	G	D	E	R	K	N	Q	S	T	A	V	L	I	F	Y	W	H	M	C	P
0	0.02058	0.02161	0.02447	0.05653	0.02401	0.14294	0.01751	0.05438	0.01588	0.02131	0.01165	0.01749	0.01079	0.01260	0.02120	0.00318	0.50396	0.00678	0.00391	0.00924
1	0.05713	0.01012	0.01272	0.01256	0.01420	0.03587	0.00957	0.01562	0.01350	0.02004	0.02134	0.03220	0.02019	0.11974	0.52584	0.01105	0.01845	0.00858	0.03409	0.00720
2	0.02169	0.71972	0.04252	0.01388	0.02083	0.03211	0.01388	0.02430	0.01649	0.01909	0.01128	0.01302	0.01041	0.00694	0.00521	0.00174	0.00868	0.00434	0.00347	0.01041
3	0.01752	0.19797	0.52772	0.02100	0.03183	0.02190	0.02628	0.02537	0.01698	0.02418	0.01381	0.01618	0.01031	0.00753	0.00713	0.00238	0.01123	0.00561	0.00344	0.01163
4	0.01204	0.00936	0.01390	0.01364	0.01499	0.01122	0.01070	0.01486	0.01300	0.01889	0.02092	0.03084	0.01958	0.05744	0.63470	0.01235	0.07134	0.00858	0.00429	0.00736
5	0.02169	0.71972	0.04252	0.01388	0.02083	0.03211	0.01388	0.02430	0.01649	0.01909	0.01128	0.01302	0.01041	0.00694	0.00521	0.00174	0.00868	0.00434	0.00347	0.01041
6	0.01121	0.00769	0.00926	0.00972	0.01009	0.00748	0.00601	0.01210	0.01426	0.01926	0.11035	0.24131	0.04228	0.43085	0.02851	0.00590	0.00646	0.01537	0.00616	0.00574
7	0.01159	0.00869	0.01304	0.01304	0.01449	0.01014	0.01014	0.01449	0.01304	0.01884	0.02173	0.03188	0.02029	0.06086	0.68268	0.01304	0.02173	0.00869	0.00435	0.00724
8	0.01148	0.00829	0.01085	0.01021	0.01212	0.00766	0.00766	0.01531	0.02297	0.03254	0.65994	0.06061	0.07656	0.01659	0.00957	0.00255	0.00383	0.01467	0.00893	0.00766
9	0.01161	0.00861	0.01262	0.01262	0.01392	0.00991	0.00962	0.01422	0.01292	0.01852	0.02212	0.03402	0.02122	0.12689	0.61791	0.01252	0.02033	0.00901	0.00440	0.00701
10	0.01159	0.00869	0.01304	0.01304	0.01449	0.01014	0.01014	0.01449	0.01304	0.01884	0.02173	0.03188	0.02029	0.06086	0.68268	0.01304	0.02173	0.00869	0.00435	0.00724
11	0.01973	0.01892	0.03231	0.09701	0.61973	0.01919	0.02473	0.02460	0.01831	0.02609	0.01520	0.02020	0.01270	0.00729	0.00804	0.00243	0.00973	0.00723	0.00399	0.01257
12	0.02791	0.03280	0.02547	0.02763	0.17776	0.47288	0.01786	0.07755	0.02309	0.02388	0.01373	0.01631	0.01129	0.00820	0.00755	0.00219	0.01300	0.00587	0.00445	0.01057
13	0.00998	0.00713	0.00950	0.01123	0.01179	0.00665	0.00754	0.01153	0.01597	0.02141	0.08086	0.67143	0.05501	0.02490	0.01031	0.00325	0.00466	0.02257	0.00761	0.00665
14	0.01034	0.00741	0.00982	0.01099	0.01187	0.00689	0.00757	0.01243	0.01762	0.02404	0.21767	0.52711	0.06010	0.02294	0.01014	0.00309	0.00446	0.02071	0.00793	0.00689
15	0.02841	0.09584	0.14884	0.01552	0.02254	0.01552	0.01516	0.05542	0.02120	0.38208	0.02528	0.02394	0.01695	0.00917	0.00749	0.00237	0.00784	0.00722	0.08679	0.01243
16	0.01754	0.02260	0.22628	0.01675	0.02278	0.01554	0.01672	0.18408	0.02243	0.03061	0.03220	0.23548	0.09287	0.01501	0.00882	0.00277	0.00812	0.01273	0.00637	0.01029
17	0.01682	0.11041	0.60915	0.02219	0.03368	0.02018	0.02835	0.02556	0.01707	0.02503	0.01423	0.01672	0.01029	0.00763	0.00746	0.00249	0.01166	0.00583	0.00343	0.01183
18	0.01883	0.01801	0.03068	0.21914	0.50464	0.01895	0.02428	0.02381	0.01789	0.02499	0.01504	0.02049	0.01232	0.00746	0.00805	0.00249	0.00995	0.00722	0.00391	0.01185
19	0.01823	0.01674	0.02638	0.14812	0.39495	0.01729	0.02039	0.06934	0.01963	0.02663	0.02751	0.03075	0.12933	0.00997	0.00833	0.00252	0.00879	0.00902	0.00490	0.01120
20	0.02040	0.02029	0.03130	0.11274	0.55318	0.07061	0.02395	0.02506	0.01860	0.02541	0.01497	0.01982	0.01246	0.00741	0.00799	0.00241	0.01015	0.00707	0.00399	0.01220
21	0.02213	0.02219	0.02857	0.16664	0.36380	0.13909	0.02178	0.08982	0.02092	0.02678	0.01505	0.01934	0.01212	0.00787	0.00793	0.00241	0.01069	0.00687	0.00440	0.01159
22	0.09440	0.03767	0.52492	0.02142	0.03191	0.05073	0.02603	0.07329	0.01871	0.02848	0.01452	0.01680	0.01041	0.00788	0.00745	0.00253	0.01130	0.00590	0.00399	0.01169
23	0.01923	0.01880	0.03016	0.22463	0.47035	0.04790	0.02385	0.02409	0.01806	0.02464	0.01491	0.02027	0.01219	0.00752	0.00802	0.00248	0.01018	0.00714	0.00391	0.01166
24	0.01835	0.01751	0.02981	0.28432	0.44321	0.01882	0.02404	0.02339	0.01766	0.02441	0.01496	0.02065	0.01211	0.00755	0.00806	0.00252	0.01007	0.00722	0.00387	0.01146
25	0.01858	0.02998	0.34346	0.13210	0.19944	0.01947	0.02607	0.08648	0.01946	0.02772	0.01522	0.01882	0.01138	0.00785	0.00790	0.00254	0.01090	0.00663	0.00408	0.01194
26	0.01964	0.01852	0.03220	0.14017	0.38291	0.01901	0.12504	0.06839	0.01922	0.02662	0.01557	0.02084	0.01260	0.00871	0.00970	0.04724	0.01029	0.00762	0.00424	0.01147

[dist]
# distance from previous block
# <min> <max>
2	12

[block]
# block no. 2 follows, 23 sequences, length 17
# corresponding to MSA columns:
# 83-99
name=unknown_C
#
# <colnr> <probs for GDERKNQSTAVLIFYWHMCP>
#	G	D	E	R	K	N	Q	S	T	A	V	L	I	F	Y	W	H	M	C	P
0	0.01875	0.35151	0.38494	0.01891	0.02859	0.02490	0.02263	0.02506	0.01684	0.02268	0.01306	0.01525	0.01034	0.00736	0.00657	0.00219	0.01048	0.00524	0.00345	0.01127
1	0.12949	0.39556	0.16922	0.01545	0.02311	0.02503	0.01635	0.02625	0.01700	0.09643	0.01432	0.01556	0.01124	0.00754	0.00604	0.00211	0.00884	0.00513	0.00443	0.01090
2	0.18444	0.03386	0.45510	0.02162	0.03163	0.01889	0.09394	0.02532	0.01662	0.02811	0.01405	0.01679	0.01018	0.00757	0.00732	0.00258	0.01091	0.00605	0.00386	0.01116
3	0.01180	0.00787	0.00885	0.00885	0.00885	0.00787	0.00492	0.01180	0.01180	0.01573	0.02557	0.05310	0.02950	0.71483	0.04130	0.00787	0.00787	0.01180	0.00492	0.00492
4	0.01944	0.02290	0.13111	0.04472	0.52758	0.01930	0.06596	0.02510	0.01832	0.02635	0.01523	0.01975	0.01243	0.00728	0.00809	0.00246	0.01026	0.00720	0.00393	0.01260
5	0.01683	0.01442	0.01683	0.01202	0.01923	0.01082	0.00961	0.02043	0.01683	0.02644	0.01442	0.01683	0.01202	0.00601	0.00601	0.00120	0.00601	0.00481	0.00481	0.76444
6	0.01795	0.01072	0.01104	0.01002	0.01284	0.01132	0.00777	0.11523	0.07419	0.03375	0.02596	0.02861	0.02007	0.00963	0.00627	0.00205	0.00479	0.00766	0.58116	0.00896
7	0.02819	0.03413	0.02339	0.02084	0.02444	0.53018	0.01602	0.06645	0.02209	0.02168	0.01263	0.01546	0.01069	0.00945	0.01067	0.00236	0.13176	0.00567	0.00431	0.00958
8	0.01159	0.00869	0.01304	0.01304	0.01449	0.01014	0.01014	0.01449	0.01304	0.01884	0.02173	0.03188	0.02029	0.06086	0.68268	0.01304	0.02173	0.00869	0.00435	0.00724
9	0.00971	0.00816	0.00842	0.00849	0.01107	0.00688	0.00632	0.01182	0.01858	0.02243	0.11143	0.11024	0.59755	0.02059	0.00963	0.00276	0.00413	0.01730	0.00761	0.00688
10	0.03085	0.02273	0.02435	0.01867	0.02516	0.02516	0.01542	0.63716	0.03815	0.05114	0.01948	0.01948	0.01380	0.00974	0.00812	0.00244	0.00893	0.00731	0.00812	0.01380
11	0.03085	0.02273	0.02435	0.01867	0.02516	0.02516	0.01542	0.63716	0.03815	0.05114	0.01948	0.01948	0.01380	0.00974	0.00812	0.00244	0.00893	0.00731	0.00812	0.01380
12	0.01125	0.01002	0.01290	0.20759	0.02400	0.01009	0.01091	0.01428	0.01784	0.02158	0.06253	0.06171	0.47229	0.01694	0.00916	0.00273	0.00606	0.01425	0.00639	0.00748
13	0.01159	0.00869	0.01304	0.01304	0.01449	0.01014	0.01014	0.01449	0.01304	0.01884	0.02173	0.03188	0.02029	0.06086	0.68268	0.01304	0.02173	0.00869	0.00435	0.00724
14	0.02182	0.02304	0.02976	0.11626	0.45363	0.16635	0.02259	0.02610	0.01923	0.02438	0.01456	0.01905	0.01209	0.00758	0.00788	0.00237	0.01088	0.00678	0.00401	0.01165
15	0.01875	0.01670	0.02514	0.35829	0.18136	0.01850	0.02026	0.10169	0.04737	0.02714	0.01607	0.02085	0.01240	0.00801	0.00786	0.00244	0.00958	0.00704	0.00462	0.09593
16	0.02260	0.02513	0.02431	0.02973	0.26568	0.29316	0.01756	0.02608	0.02127	0.02496	0.14486	0.02603	0.02477	0.00960	0.00805	0.00231	0.01054	0.00790	0.00508	0.01036

[dist]
# distance from previous block
# <min> <max>
0	1

[block]
# block no. 3 follows, 23 sequences, length 35
# corresponding to MSA columns:
# 101-135
name=unknown_D
#
# <colnr> <probs for GDERKNQSTAVLIFYWHMCP>
#	G	D	E	R	K	N	Q	S	T	A	V	L	I	F	Y	W	H	M	C	P
0	0.02282	0.21731	0.03199	0.07257	0.24589	0.19902	0.01891	0.02619	0.01868	0.02198	0.01316	0.01667	0.01130	0.00785	0.00799	0.00221	0.04488	0.00589	0.00386	0.01082
1	0.01253	0.01049	0.01501	0.01697	0.11349	0.00974	0.03616	0.01595	0.02015	0.02711	0.29926	0.10113	0.23383	0.01672	0.00946	0.00269	0.00542	0.03821	0.00741	0.00828
2	0.01613	0.02035	0.16627	0.02153	0.13251	0.01554	0.01707	0.02626	0.19078	0.02787	0.08981	0.04032	0.14920	0.01248	0.00860	0.00268	0.00761	0.03788	0.00631	0.01079
3	0.01900	0.01779	0.02809	0.19316	0.39733	0.01917	0.02200	0.02749	0.14126	0.02662	0.01854	0.02243	0.01471	0.00817	0.00810	0.00255	0.00928	0.00761	0.00475	0.01196
4	0.02008	0.01928	0.03294	0.04981	0.66422	0.01928	0.02490	0.02490	0.01848	0.02651	0.01526	0.02008	0.01285	0.00723	0.00803	0.00241	0.00964	0.00723	0.00402	0.01285
5	0.29354	0.02733	0.01860	0.01666	0.02130	0.33960	0.01289	0.06009	0.09044	0.02886	0.01473	0.01610	0.01162	0.00843	0.00664	0.00233	0.01046	0.00547	0.00513	0.00978
6	0.00963	0.00807	0.00838	0.00863	0.01107	0.00682	0.00635	0.01160	0.01810	0.02176	0.07722	0.16204	0.58019	0.02120	0.00969	0.00281	0.00419	0.01792	0.00753	0.00682
7	0.01159	0.00869	0.01304	0.01304	0.01449	0.01014	0.01014	0.01449	0.01304	0.01884	0.02173	0.03188	0.02029	0.06086	0.68268	0.01304	0.02173	0.00869	0.00435	0.00724
8	0.02169	0.71972	0.04252	0.01388	0.02083	0.03211	0.01388	0.02430	0.01649	0.01909	0.01128	0.01302	0.01041	0.00694	0.00521	0.00174	0.00868	0.00434	0.00347	0.01041
9	0.01159	0.00869	0.01304	0.01304	0.01449	0.01014	0.01014	0.01449	0.01304	0.01884	0.02173	0.03188	0.02029	0.06086	0.68268	0.01304	0.02173	0.00869	0.00435	0.00724
10	0.00959	0.00822	0.00822	0.00822	0.01096	0.00685	0.00617	0.01165	0.01850	0.02192	0.08220	0.07809	0.66092	0.02055	0.00959	0.00274	0.00411	0.01713	0.00754	0.00685
11	0.02169	0.71972	0.04252	0.01388	0.02083	0.03211	0.01388	0.02430	0.01649	0.01909	0.01128	0.01302	0.01041	0.00694	0.00521	0.00174	0.00868	0.00434	0.00347	0.01041
12	0.01803	0.13110	0.39034	0.02697	0.10479	0.02109	0.14531	0.02547	0.01759	0.02491	0.01454	0.01781	0.01098	0.00738	0.00776	0.00247	0.01159	0.00660	0.00363	0.01166
13	0.02029	0.17546	0.23696	0.01863	0.02540	0.19949	0.01889	0.02503	0.01779	0.02140	0.01473	0.01848	0.01231	0.01811	0.13897	0.00431	0.01392	0.00597	0.00382	0.01004
14	0.02169	0.71972	0.04252	0.01388	0.02083	0.03211	0.01388	0.02430	0.01649	0.01909	0.01128	0.01302	0.01041	0.00694	0.00521	0.00174	0.00868	0.00434	0.00347	0.01041
15	0.03052	0.03245	0.02352	0.02003	0.02512	0.42597	0.01558	0.26827	0.02891	0.03206	0.01525	0.01652	0.01176	0.00890	0.00763	0.00222	0.01241	0.00604	0.00572	0.01112
16	0.00959	0.00822	0.00822	0.00822	0.01096	0.00685	0.00617	0.01165	0.01850	0.02192	0.08220	0.07809	0.66092	0.02055	0.00959	0.00274	0.00411	0.01713	0.00754	0.00685
17	0.01159	0.00869	0.01304	0.01304	0.01449	0.01014	0.01014	0.01449	0.01304	0.01884	0.02173	0.03188	0.02029	0.06086	0.68268	0.01304	0.02173	0.00869	0.00435	0.00724
18	0.01703	0.11338	0.56699	0.02281	0.03403	0.02037	0.06527	0.02557	0.01719	0.02501	0.01432	0.01698	0.01042	0.00757	0.00756	0.00249	0.01174	0.00604	0.00347	0.01176
19	0.02169	0.71972	0.04252	0.01388	0.02083	0.03211	0.01388	0.02430	0.01649	0.01909	0.01128	0.01302	0.01041	0.00694	0.00521	0.00174	0.00868	0.00434	0.00347	0.01041
20	0.00959	0.00822	0.00822	0.00822	0.01096	0.00685	0.00617	0.01165	0.01850	0.02192	0.08220	0.07809	0.66092	0.02055	0.00959	0.00274	0.00411	0.01713	0.00754	0.00685
21	0.01100	0.00835	0.01058	0.01024	0.01228	0.00793	0.00775	0.01418	0.01985	0.02706	0.38264	0.05961	0.21991	0.02628	0.14110	0.00465	0.00740	0.01415	0.00767	0.00736
22	0.02018	0.01743	0.01835	0.01651	0.02110	0.02018	0.01284	0.04312	0.64956	0.03394	0.03303	0.03027	0.02477	0.01101	0.00826	0.00275	0.00642	0.00917	0.00826	0.01284
23	0.02972	0.03307	0.02344	0.05361	0.02663	0.46813	0.01595	0.19870	0.02684	0.02853	0.01455	0.01632	0.01139	0.00873	0.00758	0.00222	0.01287	0.00590	0.00524	0.01060
24	0.05808	0.15560	0.11645	0.16924	0.02988	0.01819	0.01676	0.02781	0.01872	0.23316	0.02379	0.02452	0.05564	0.00923	0.00746	0.00243	0.00865	0.00730	0.00597	0.01112
25	0.02504	0.03025	0.02492	0.02160	0.02516	0.43028	0.08191	0.02759	0.01987	0.02045	0.01452	0.04873	0.01313	0.01246	0.04232	0.00298	0.13830	0.00701	0.00422	0.00925
26	0.01173	0.00813	0.01019	0.01019	0.01065	0.00859	0.00658	0.01266	0.01220	0.01672	0.02435	0.04634	0.02656	0.50638	0.24574	0.00952	0.01229	0.01081	0.00474	0.00566
27	0.16771	0.24762	0.09096	0.07036	0.02746	0.02217	0.13584	0.02430	0.01679	0.05647	0.01601	0.06160	0.01375	0.00855	0.00696	0.00237	0.00931	0.00714	0.00449	0.01015
28	0.01870	0.32839	0.37848	0.01969	0.02938	0.02454	0.04943	0.02512	0.01695	0.02291	0.01325	0.01559	0.01042	0.00735	0.00673	0.00222	0.01066	0.00545	0.00347	0.01128
29	0.06911	0.08718	0.18361	0.03326	0.29468	0.09831	0.07044	0.02594	0.01827	0.02550	0.01427	0.01783	0.01145	0.00744	0.00755	0.00238	0.01080	0.00645	0.00392	0.01162
30	0.02416	0.02455	0.08050	0.02361	0.12583	0.20857	0.01737	0.02749	0.01914	0.13558	0.02082	0.02312	0.05273	0.01221	0.03632	0.00298	0.14185	0.00734	0.00521	0.01062
31	0.02927	0.03372	0.02265	0.01999	0.02445	0.51273	0.01529	0.14947	0.02535	0.02591	0.01446	0.01664	0.01171	0.01184	0.04881	0.00283	0.01395	0.00584	0.00496	0.01013
32	0.01195	0.00890	0.01246	0.01228	0.01326	0.01022	0.00907	0.01399	0.01267	0.01802	0.02226	0.03704	0.02236	0.23871	0.47446	0.01116	0.05057	0.00947	0.00447	0.00668
33	0.02382	0.01657	0.01857	0.01567	0.02100	0.01761	0.01241	0.06778	0.41636	0.17127	0.03014	0.02772	0.02185	0.01019	0.00798	0.00252	0.00660	0.00839	0.00826	0.09528
34	0.02169	0.71972	0.04252	0.01388	0.02083	0.03211	0.01388	0.02430	0.01649	0.01909	0.01128	0.01302	0.01041	0.00694	0.00521	0.00174	0.00868	0.00434	0.00347	0.01041

[dist]
# distance from previous block
# <min> <max>
0	1

[block]
# block no. 4 follows, 23 sequences, length 47
# corresponding to MSA columns:
# 137-183
name=unknown_E
#
# <colnr> <probs for GDERKNQSTAVLIFYWHMCP>
#	G	D	E	R	K	N	Q	S	T	A	V	L	I	F	Y	W	H	M	C	P
0	0.02410	0.52941	0.03706	0.01585	0.02202	0.21378	0.01439	0.02656	0.01831	0.01931	0.01163	0.01347	0.01042	0.00734	0.00580	0.00183	0.01034	0.00459	0.00367	0.01013
1	0.00967	0.00792	0.00853	0.00901	0.01117	0.00678	0.00652	0.01156	0.01773	0.02161	0.07253	0.24098	0.50428	0.02181	0.00979	0.00288	0.00426	0.01866	0.00753	0.00678
2	0.02221	0.02347	0.02628	0.08652	0.02975	0.19571	0.14646	0.06447	0.22196	0.02745	0.02216	0.05890	0.01792	0.00984	0.00838	0.00258	0.01061	0.00866	0.00580	0.01088
3	0.01169	0.00782	0.00888	0.00899	0.00902	0.00779	0.00507	0.01177	0.01202	0.01603	0.02670	0.09177	0.03092	0.67422	0.03948	0.00760	0.00768	0.01246	0.00507	0.00502
4	0.02270	0.01868	0.01977	0.01702	0.02206	0.02136	0.01345	0.18337	0.50520	0.03800	0.02983	0.02773	0.02218	0.01071	0.00822	0.00268	0.00701	0.00873	0.00822	0.01307
5	0.01169	0.00782	0.00888	0.00899	0.00902	0.00779	0.00507	0.01177	0.01201	0.01602	0.02667	0.09084	0.03089	0.67520	0.03952	0.00760	0.00769	0.01245	0.00507	0.00501
6	0.01180	0.00787	0.00885	0.00885	0.00885	0.00787	0.00492	0.01180	0.01180	0.01573	0.02557	0.05310	0.02950	0.71483	0.04130	0.00787	0.00787	0.01180	0.00492	0.00492
7	0.03031	0.03867	0.02299	0.02090	0.02508	0.68226	0.01568	0.03240	0.02299	0.01986	0.01254	0.01463	0.01045	0.00836	0.00732	0.00209	0.01463	0.00523	0.00418	0.00941
8	0.01771	0.22144	0.50589	0.02068	0.03133	0.02236	0.02572	0.02533	0.01696	0.02395	0.01369	0.01604	0.01031	0.00751	0.00705	0.00235	0.01111	0.00556	0.00344	0.01157
9	0.03074	0.02596	0.02408	0.01912	0.02515	0.15844	0.01547	0.51450	0.03508	0.04479	0.01807	0.01850	0.01312	0.00946	0.00795	0.00237	0.01009	0.00688	0.00732	0.01291
10	0.01028	0.00789	0.00941	0.00978	0.01157	0.00703	0.00705	0.01270	0.01901	0.02491	0.25314	0.26304	0.29342	0.02077	0.00982	0.00285	0.00420	0.01814	0.00797	0.00703
11	0.03085	0.02273	0.02435	0.01867	0.02516	0.02516	0.01542	0.63716	0.03815	0.05114	0.01948	0.01948	0.01380	0.00974	0.00812	0.00244	0.00893	0.00731	0.00812	0.01380
12	0.01159	0.00869	0.01304	0.01304	0.01449	0.01014	0.01014	0.01449	0.01304	0.01884	0.02173	0.03188	0.02029	0.06086	0.68268	0.01304	0.02173	0.00869	0.00435	0.00724
13	0.02767	0.05286	0.08009	0.01687	0.02300	0.07757	0.01464	0.09992	0.22122	0.25899	0.02676	0.02483	0.01872	0.00981	0.00793	0.00251	0.00820	0.00776	0.00785	0.01279
14	0.00989	0.00706	0.00942	0.01130	0.01177	0.00659	0.00753	0.01130	0.01554	0.02071	0.04472	0.70954	0.05367	0.02542	0.01036	0.00330	0.00471	0.02307	0.00753	0.00659
15	0.00989	0.00706	0.00942	0.01130	0.01177	0.00659	0.00753	0.01130	0.01554	0.02071	0.04472	0.70954	0.05367	0.02542	0.01036	0.00330	0.00471	0.02307	0.00753	0.00659
16	0.01532	0.01442	0.02434	0.69533	0.05589	0.01803	0.02253	0.02073	0.01622	0.02073	0.01442	0.02163	0.01082	0.00811	0.00811	0.00270	0.01082	0.00721	0.00361	0.00901
17	0.02800	0.03429	0.02524	0.02744	0.16961	0.53234	0.01776	0.03071	0.02197	0.02136	0.01316	0.01587	0.01099	0.00811	0.00748	0.00216	0.01350	0.00568	0.00414	0.01019
18	0.02747	0.03394	0.02341	0.02099	0.02423	0.53360	0.01615	0.02949	0.02060	0.01978	0.01211	0.01534	0.01050	0.00968	0.01168	0.00242	0.16961	0.00565	0.00404	0.00929
19	0.02942	0.10915	0.02502	0.02018	0.02464	0.61498	0.01549	0.03156	0.02232	0.01978	0.01241	0.01447	0.01045	0.00821	0.00710	0.00205	0.01402	0.00513	0.00411	0.00951
20	0.01159	0.00869	0.01304	0.01304	0.01449	0.01014	0.01014	0.01449	0.01304	0.01884	0.02173	0.03188	0.02029	0.06086	0.68268	0.01304	0.02173	0.00869	0.00435	0.00724
21	0.00959	0.00822	0.00822	0.00822	0.01096	0.00685	0.00617	0.01165	0.01850	0.02192	0.08220	0.07809	0.66092	0.02055	0.00959	0.00274	0.00411	0.01713	0.00754	0.00685
22	0.02169	0.71972	0.04252	0.01388	0.02083	0.03211	0.01388	0.02430	0.01649	0.01909	0.01128	0.01302	0.01041	0.00694	0.00521	0.00174	0.00868	0.00434	0.00347	0.01041
23	0.77215	0.01569	0.01193	0.01067	0.01569	0.01820	0.00879	0.02385	0.01381	0.03641	0.01130	0.01318	0.00879	0.00753	0.00502	0.00251	0.00628	0.00439	0.00502	0.00879
24	0.00959	0.00822	0.00822	0.00822	0.01096	0.00685	0.00617	0.01165	0.01850	0.02192	0.08220	0.07809	0.66092	0.02055	0.00959	0.00274	0.00411	0.01713	0.00754	0.00685
25	0.01683	0.01442	0.01683	0.01202	0.01923	0.01082	0.00961	0.02043	0.01683	0.02644	0.01442	0.01683	0.01202	0.00601	0.00601	0.00120	0.00601	0.00481	0.00481	0.76444
26	0.00959	0.00822	0.00822	0.00822	0.01096	0.00685	0.00617	0.01165	0.01850	0.02192	0.08220	0.07809	0.66092	0.02055	0.00959	0.00274	0.00411	0.01713	0.00754	0.00685
27	0.77215	0.01569	0.01193	0.01067	0.01569	0.01820	0.00879	0.02385	0.01381	0.03641	0.01130	0.01318	0.00879	0.00753	0.00502	0.00251	0.00628	0.00439	0.00502	0.00879
28	0.01042	0.00804	0.00952	0.00960	0.01159	0.00714	0.00703	0.01309	0.01980	0.02608	0.31370	0.18505	0.31011	0.01980	0.00972	0.00276	0.00410	0.01719	0.00811	0.00714
29	0.02349	0.25550	0.03029	0.17281	0.06830	0.27969	0.01718	0.02666	0.01906	0.02020	0.01271	0.01601	0.01066	0.00777	0.00685	0.00213	0.01152	0.00550	0.00381	0.00985
30	0.01085	0.00842	0.01001	0.01035	0.01257	0.00758	0.00812	0.01369	0.01952	0.02509	0.21951	0.11020	0.34555	0.02020	0.00998	0.00294	0.00480	0.14556	0.00788	0.00718
31	0.02254	0.02569	0.06191	0.03969	0.41754	0.19492	0.06926	0.02701	0.01966	0.02467	0.01460	0.01864	0.01205	0.00752	0.00795	0.00236	0.01138	0.00682	0.00404	0.01175
32	0.01312	0.05047	0.19752	0.05340	0.02163	0.01241	0.01521	0.01798	0.01874	0.02525	0.17457	0.07977	0.19685	0.01518	0.00898	0.00273	0.00722	0.07391	0.00627	0.00880
33	0.05274	0.01834	0.05569	0.03886	0.46860	0.01713	0.02114	0.02547	0.01868	0.10678	0.02159	0.05606	0.04478	0.00908	0.00809	0.00249	0.00877	0.00838	0.00511	0.01219
34	0.02294	0.03351	0.21042	0.02744	0.15719	0.29066	0.02184	0.02764	0.01931	0.02284	0.01347	0.01677	0.01091	0.00855	0.00957	0.00244	0.08379	0.00605	0.00387	0.01079
35	0.02017	0.16160	0.02761	0.05746	0.19425	0.11569	0.01697	0.05541	0.01807	0.02293	0.01544	0.02044	0.01352	0.02005	0.16101	0.00471	0.05358	0.00668	0.00417	0.01023
36	0.01361	0.04753	0.01399	0.01243	0.01451	0.08158	0.00945	0.01586	0.01541	0.01939	0.03422	0.08045	0.15155	0.10597	0.33809	0.00814	0.01439	0.01096	0.00517	0.00729
37	0.01894	0.02034	0.02563	0.02637	0.16224	0.16533	0.14082	0.02275	0.01950	0.02350	0.03148	0.07785	0.12885	0.01266	0.00899	0.00268	0.01009	0.08704	0.00531	0.00962
38	0.02123	0.02410	0.06000	0.16053	0.30527	0.16908	0.09359	0.02598	0.01910	0.02383	0.01459	0.01921	0.01175	0.00763	0.00805	0.00244	0.01157	0.00699	0.00396	0.01110
39	0.02198	0.03056	0.29547	0.02873	0.19565	0.05193	0.02394	0.19571	0.02360	0.03270	0.01602	0.01844	0.01194	0.00818	0.00789	0.00247	0.01065	0.00664	0.00492	0.01260
40	0.02407	0.20378	0.03385	0.02372	0.09310	0.12212	0.14129	0.17710	0.02364	0.02942	0.01778	0.01998	0.03784	0.00840	0.00759	0.00227	0.01055	0.00708	0.00507	0.01132
41	0.01792	0.01316	0.01482	0.01288	0.01648	0.01366	0.01005	0.17724	0.08890	0.05921	0.15200	0.04693	0.19923	0.06047	0.07642	0.00393	0.00759	0.01184	0.00765	0.00961
42	0.02468	0.13881	0.02448	0.01651	0.02187	0.07467	0.01367	0.30088	0.08865	0.03509	0.01860	0.02051	0.01465	0.01539	0.07854	0.04396	0.01018	0.00684	0.00625	0.04578
43	0.02459	0.02900	0.02618	0.06133	0.10667	0.36899	0.05328	0.02740	0.01932	0.02101	0.01275	0.01685	0.01093	0.00951	0.01219	0.00255	0.17741	0.00628	0.00397	0.00978
44	0.11470	0.11282	0.01944	0.01385	0.01807	0.12844	0.01108	0.14439	0.02238	0.02986	0.11918	0.03403	0.11035	0.07536	0.01063	0.00284	0.00802	0.00901	0.00620	0.00934
45	0.02396	0.16169	0.06555	0.02105	0.04956	0.10771	0.11915	0.19869	0.02405	0.03103	0.01537	0.01752	0.01199	0.00782	0.00738	0.00214	0.01020	0.00642	0.00518	0.11353
46	0.13250	0.02193	0.05725	0.05011	0.08292	0.14883	0.09824	0.07713	0.04596	0.02780	0.02888	0.03025	0.14349	0.01058	0.00797	0.00251	0.00954	0.00875	0.00540	0.00996

[dist]
# distance from previous block
# <min> <max>
25	77

[block]
# block no. 5 follows, 23 sequences, length 29
# corresponding to MSA columns:
# 270-298
name=unknown_F
#
# <colnr> <probs for GDERKNQSTAVLIFYWHMCP>
#	G	D	E	R	K	N	Q	S	T	A	V	L	I	F	Y	W	H	M	C	P
0	0.20984	0.02195	0.06174	0.02987	0.27653	0.11199	0.04858	0.02739	0.01843	0.09786	0.01573	0.01834	0.01212	0.00778	0.00726	0.00243	0.00955	0.00639	0.00492	0.01132
1	0.01975	0.23408	0.20784	0.01974	0.08919	0.10108	0.01808	0.02466	0.01777	0.02401	0.01579	0.01853	0.01270	0.00786	0.00654	0.00211	0.00945	0.00585	0.15456	0.01041
2	0.02024	0.01497	0.01905	0.13334	0.05944	0.01630	0.01398	0.15581	0.12370	0.08857	0.12844	0.03413	0.06257	0.03892	0.05136	0.00342	0.00838	0.00963	0.00707	0.01069
3	0.02038	0.02383	0.15896	0.03150	0.24093	0.01921	0.11851	0.13981	0.02175	0.03056	0.01788	0.06214	0.01491	0.00879	0.00825	0.00248	0.01009	0.00820	0.00495	0.05684
4	0.19048	0.10081	0.02613	0.02502	0.17007	0.23161	0.05269	0.02818	0.05776	0.02621	0.01425	0.01679	0.01163	0.00784	0.00693	0.00230	0.01042	0.00591	0.00450	0.01047
5	0.02280	0.02030	0.02262	0.24154	0.11161	0.16434	0.01758	0.02888	0.09228	0.12542	0.02287	0.02503	0.05087	0.00940	0.00803	0.00251	0.01001	0.00771	0.00556	0.01065
6	0.10780	0.01913	0.01985	0.32982	0.03578	0.16416	0.01645	0.02462	0.05140	0.02446	0.01637	0.02079	0.01268	0.00845	0.00723	0.00243	0.00988	0.00659	0.11304	0.00907
7	0.01974	0.01992	0.02919	0.24560	0.40633	0.09189	0.02316	0.02444	0.01828	0.02400	0.01470	0.01996	0.01196	0.00763	0.00798	0.00247	0.01055	0.00700	0.00391	0.01129
8	0.01654	0.10046	0.25703	0.01814	0.02614	0.01635	0.09255	0.02215	0.01778	0.04748	0.03006	0.03113	0.15565	0.01020	0.00784	0.00233	0.00899	0.00862	0.00488	0.12570
9	0.01018	0.00841	0.00904	0.00936	0.01195	0.00727	0.00734	0.01252	0.01853	0.02232	0.07555	0.08037	0.55682	0.02087	0.00986	0.00291	0.00468	0.11754	0.00752	0.00696
10	0.77215	0.01569	0.01193	0.01067	0.01569	0.01820	0.00879	0.02385	0.01381	0.03641	0.01130	0.01318	0.00879	0.00753	0.00502	0.00251	0.00628	0.00439	0.00502	0.00879
11	0.01683	0.01442	0.01683	0.01202	0.01923	0.01082	0.00961	0.02043	0.01683	0.02644	0.01442	0.01683	0.01202	0.00601	0.00601	0.00120	0.00601	0.00481	0.00481	0.76444
12	0.01988	0.01986	0.03625	0.04634	0.52613	0.01955	0.16033	0.02514	0.01863	0.02639	0.01552	0.02048	0.01273	0.00714	0.00838	0.00248	0.01054	0.00775	0.00404	0.01243
13	0.01059	0.00757	0.01023	0.01211	0.01289	0.00720	0.00876	0.01252	0.01623	0.02151	0.04433	0.57230	0.05212	0.02475	0.01055	0.00339	0.00532	0.15332	0.00752	0.00679
14	0.01683	0.01442	0.01683	0.01202	0.01923	0.01082	0.00961	0.02043	0.01683	0.02644	0.01442	0.01683	0.01202	0.00601	0.00601	0.00120	0.00601	0.00481	0.00481	0.76444
15	0.05221	0.28355	0.06596	0.01930	0.05377	0.02553	0.05086	0.02719	0.14247	0.02401	0.01615	0.01859	0.01349	0.00944	0.01108	0.00251	0.16215	0.00645	0.00457	0.01072
16	0.00987	0.00823	0.00861	0.00851	0.01113	0.00697	0.00638	0.01218	0.01915	0.02348	0.16711	0.07552	0.57504	0.01997	0.00959	0.00271	0.00407	0.01676	0.00774	0.00697
17	0.01180	0.00787	0.00885	0.00885	0.00885	0.00787	0.00492	0.01180	0.01180	0.01573	0.02557	0.05310	0.02950	0.71483	0.04130	0.00787	0.00787	0.01180	0.00492	0.00492
18	0.01736	0.17724	0.54700	0.02128	0.03227	0.02149	0.02677	0.02542	0.01700	0.02438	0.01391	0.01631	0.01031	0.00756	0.00721	0.00240	0.01133	0.00567	0.00344	0.01168
19	0.01784	0.02878	0.32088	0.02565	0.03460	0.01777	0.26149	0.02503	0.01809	0.06174	0.01955	0.09482	0.01634	0.00943	0.00875	0.00271	0.01157	0.00936	0.00451	0.01110
20	0.01046	0.00830	0.00942	0.00928	0.01168	0.00727	0.00706	0.01324	0.02014	0.02591	0.29103	0.07239	0.41693	0.01920	0.00966	0.00272	0.00418	0.04592	0.00804	0.00718
21	0.01532	0.01442	0.02434	0.69533	0.05589	0.01803	0.02253	0.02073	0.01622	0.02073	0.01442	0.02163	0.01082	0.00811	0.00811	0.00270	0.01082	0.00721	0.00361	0.00901
22	0.01944	0.01905	0.03180	0.04173	0.46599	0.02075	0.05936	0.02362	0.01700	0.02473	0.01417	0.01961	0.01227	0.00896	0.01279	0.00272	0.18305	0.00734	0.00390	0.01174
23	0.02310	0.02396	0.03362	0.03113	0.16852	0.13914	0.21772	0.12715	0.02204	0.02841	0.01531	0.01932	0.01215	0.00854	0.01061	0.00260	0.09305	0.00763	0.00470	0.01131
24	0.01161	0.01509	0.14185	0.01258	0.01687	0.00969	0.01223	0.01546	0.01828	0.02342	0.08200	0.09922	0.37284	0.01840	0.00953	0.00290	0.00628	0.11699	0.00676	0.00800
25	0.33364	0.01545	0.04731	0.01921	0.15919	0.01497	0.01258	0.02041	0.01645	0.02923	0.03419	0.03491	0.21078	0.01149	0.00723	0.00256	0.00663	0.00903	0.00550	0.00925
26	0.02211	0.03048	0.18221	0.02047	0.06432	0.27024	0.01787	0.09185	0.02201	0.02553	0.02787	0.02878	0.14074	0.01071	0.00800	0.00240	0.01095	0.00814	0.00508	0.01023
27	0.01632	0.06380	0.35479	0.02341	0.03211	0.01818	0.17544	0.02346	0.01678	0.02407	0.01629	0.02105	0.01279	0.01806	0.14276	0.00466	0.01419	0.00734	0.00378	0.01071
28	0.10205	0.02524	0.16637	0.02444	0.15239	0.08755	0.01891	0.03242	0.24967	0.02945	0.02091	0.02186	0.01596	0.00887	0.00764	0.00255	0.00913	0.00715	0.00557	0.01186

[dist]
# distance from previous block
# <min> <max>
1	7

[block]
# block no. 6 follows, 23 sequences, length 64
# corresponding to MSA columns:
# 306-369
name=unknown_G
#
# <colnr> <probs for GDERKNQSTAVLIFYWHMCP>
#	G	D	E	R	K	N	Q	S	T	A	V	L	I	F	Y	W	H	M	C	P
0	0.02765	0.03224	0.02147	0.01917	0.02354	0.48613	0.01459	0.09959	0.08825	0.02497	0.02108	0.02193	0.06519	0.00978	0.00769	0.00225	0.01230	0.00683	0.00531	0.01004
1	0.01732	0.01751	0.01609	0.04445	0.04430	0.16940	0.01173	0.02274	0.10942	0.02212	0.03404	0.03817	0.15768	0.07257	0.18075	0.00552	0.01213	0.00987	0.00556	0.00862
2	0.09357	0.03515	0.48183	0.02527	0.08381	0.01901	0.09836	0.02548	0.01714	0.02688	0.01450	0.01752	0.01057	0.00755	0.00768	0.00257	0.01142	0.00635	0.00371	0.01161
3	0.01648	0.01475	0.02416	0.59387	0.05067	0.01850	0.02157	0.02140	0.01612	0.04826	0.01477	0.02147	0.01119	0.00885	0.01010	0.00279	0.08472	0.00724	0.00387	0.00920
4	0.01729	0.01725	0.01599	0.01522	0.01737	0.18359	0.01157	0.04368	0.01813	0.02234	0.09720	0.14180	0.02899	0.03110	0.24732	0.00631	0.06055	0.01073	0.00547	0.00811
5	0.01685	0.03795	0.54771	0.02534	0.03658	0.01918	0.15103	0.02576	0.01754	0.02576	0.01493	0.01808	0.01069	0.00754	0.00808	0.00260	0.01233	0.00671	0.00356	0.01178
6	0.03031	0.03867	0.02299	0.02090	0.02508	0.68226	0.01568	0.03240	0.02299	0.01986	0.01254	0.01463	0.01045	0.00836	0.00732	0.00209	0.01463	0.00523	0.00418	0.00941
7	0.01955	0.11439	0.41580	0.02356	0.09858	0.01989	0.02446	0.02815	0.06785	0.08721	0.01738	0.01901	0.01266	0.00805	0.00754	0.00246	0.01042	0.00639	0.00451	0.01214
8	0.01159	0.00869	0.01304	0.01304	0.01449	0.01014	0.01014	0.01449	0.01304	0.01884	0.02173	0.03188	0.02029	0.06086	0.68268	0.01304	0.02173	0.00869	0.00435	0.00724
9	0.01053	0.00802	0.00968	0.00976	0.01166	0.00717	0.00713	0.01329	0.01999	0.02663	0.34401	0.19633	0.26698	0.01968	0.00973	0.00276	0.00410	0.01717	0.00819	0.00717
10	0.02788	0.03258	0.02435	0.02358	0.08821	0.46860	0.01681	0.09515	0.02293	0.02384	0.01334	0.01606	0.01107	0.00908	0.00974	0.00233	0.09390	0.00587	0.00451	0.01016
11	0.01000	0.00835	0.00879	0.00901	0.01165	0.00714	0.00698	0.01225	0.01852	0.02220	0.07760	0.07967	0.58888	0.02077	0.00978	0.00286	0.00450	0.08661	0.00753	0.00692
12	0.00989	0.00706	0.00942	0.01130	0.01177	0.00659	0.00753	0.01130	0.01554	0.02071	0.04472	0.70954	0.05367	0.02542	0.01036	0.00330	0.00471	0.02307	0.00753	0.00659
13	0.03085	0.02273	0.02435	0.01867	0.02516	0.02516	0.01542	0.63716	0.03815	0.05114	0.01948	0.01948	0.01380	0.00974	0.00812	0.00244	0.00893	0.00731	0.00812	0.01380
14	0.01754	0.01430	0.01929	0.12884	0.02478	0.01717	0.01454	0.15784	0.01934	0.02675	0.01965	0.07094	0.01784	0.02999	0.25799	0.00661	0.13333	0.00883	0.00516	0.00927
15	0.01679	0.01697	0.03191	0.45480	0.09394	0.01885	0.20411	0.02258	0.01725	0.02269	0.01507	0.02160	0.01140	0.00767	0.00854	0.00269	0.01158	0.00791	0.00378	0.00985
16	0.02973	0.08493	0.02432	0.02043	0.02480	0.63809	0.01556	0.03185	0.02255	0.01981	0.01246	0.01452	0.01045	0.00827	0.00717	0.00207	0.01423	0.00517	0.00413	0.00948
17	0.01699	0.01707	0.02180	0.33042	0.03629	0.10731	0.01803	0.02073	0.01574	0.01998	0.01505	0.02219	0.01279	0.02074	0.15795	0.00502	0.14217	0.00724	0.00383	0.00866
18	0.01142	0.00849	0.01095	0.01221	0.01397	0.00801	0.00982	0.01424	0.01821	0.02348	0.09449	0.22687	0.19468	0.02226	0.01052	0.00332	0.00581	0.29650	0.00760	0.00714
19	0.00959	0.00822	0.00822	0.00822	0.01096	0.00685	0.00617	0.01165	0.01850	0.02192	0.08220	0.07809	0.66092	0.02055	0.00959	0.00274	0.00411	0.01713	0.00754	0.00685
20	0.02883	0.02064	0.02249	0.01769	0.02352	0.02257	0.01442	0.54314	0.03505	0.07517	0.02276	0.09440	0.01838	0.01145	0.00836	0.00253	0.00838	0.00905	0.00814	0.01302
21	0.01043	0.00820	0.00901	0.00913	0.01118	0.00727	0.00666	0.01244	0.01781	0.02225	0.13644	0.09739	0.42226	0.13559	0.01499	0.00366	0.00495	0.05643	0.00726	0.00666
22	0.02008	0.01928	0.03294	0.04981	0.66422	0.01928	0.02490	0.02490	0.01848	0.02651	0.01526	0.02008	0.01285	0.00723	0.00803	0.00241	0.00964	0.00723	0.00402	0.01285
23	0.01387	0.01101	0.01553	0.16228	0.02496	0.01204	0.01418	0.01983	0.09162	0.02405	0.03589	0.17170	0.03749	0.01847	0.01005	0.00332	0.00762	0.31105	0.00673	0.00829
24	0.01934	0.02373	0.15834	0.04458	0.54092	0.01919	0.02590	0.02506	0.01821	0.02635	0.01513	0.01950	0.01235	0.00732	0.00797	0.00244	0.01010	0.00699	0.00390	0.01268
25	0.01627	0.04197	0.67279	0.02313	0.03512	0.01884	0.02998	0.02570	0.01713	0.02570	0.01456	0.01713	0.01028	0.00771	0.00771	0.00257	0.01199	0.00600	0.00343	0.01199
26	0.01896	0.02325	0.09033	0.03345	0.04191	0.02041	0.59367	0.02597	0.01901	0.02597	0.01629	0.02156	0.01217	0.00690	0.00945	0.00272	0.01357	0.00933	0.00406	0.01102
27	0.01975	0.01894	0.03234	0.09443	0.62217	0.01919	0.02474	0.02461	0.01832	0.02611	0.01520	0.02019	0.01271	0.00729	0.00804	0.00243	0.00972	0.00723	0.00399	0.01259
28	0.05151	0.08930	0.45249	0.02281	0.05652	0.01982	0.06668	0.02732	0.06370	0.05183	0.01636	0.01845	0.01191	0.00790	0.00759	0.00252	0.01089	0.00640	0.00419	0.01182
29	0.01175	0.00805	0.00976	0.00976	0.01007	0.00836	0.00605	0.01238	0.01207	0.01641	0.02473	0.04849	0.02750	0.57281	0.18058	0.00899	0.01088	0.01113	0.00479	0.00542
30	0.01728	0.13662	0.54387	0.02347	0.07202	0.02075	0.02738	0.02545	0.01712	0.02481	0.01414	0.01673	0.01046	0.00757	0.00737	0.00244	0.01138	0.00584	0.00347	0.01182
31	0.01932	0.01850	0.03156	0.15302	0.56694	0.01908	0.02452	0.02424	0.01812	0.02559	0.01513	0.02033	0.01253	0.00737	0.00805	0.00246	0.00983	0.00723	0.00395	0.01224
32	0.01315	0.01122	0.01838	0.06726	0.12624	0.01156	0.06182	0.01624	0.01568	0.02158	0.02922	0.30810	0.03154	0.02941	0.19335	0.00572	0.01131	0.01435	0.00554	0.00832
33	0.00959	0.00822	0.00822	0.00822	0.01096	0.00685	0.00617	0.01165	0.01850	0.02192	0.08220	0.07809	0.66092	0.02055	0.00959	0.00274	0.00411	0.01713	0.00754	0.00685
34	0.02092	0.02180	0.03401	0.07120	0.45480	0.09720	0.13017	0.02579	0.01903	0.02539	0.01511	0.01982	0.01239	0.00733	0.00822	0.00244	0.01098	0.00740	0.00403	0.01195
35	0.01513	0.06432	0.50089	0.02015	0.02942	0.01677	0.02439	0.02251	0.01676	0.02432	0.02097	0.16732	0.01971	0.01152	0.00817	0.00269	0.01026	0.00963	0.00432	0.01075
36	0.01460	0.01221	0.01279	0.01192	0.01537	0.01254	0.00912	0.06464	0.23068	0.02784	0.05890	0.10177	0.36223	0.01696	0.00910	0.00276	0.00525	0.01421	0.00782	0.00931
37	0.01159	0.00869	0.01304	0.01304	0.01449	0.01014	0.01014	0.01449	0.01304	0.01884	0.02173	0.03188	0.02029	0.06086	0.68268	0.01304	0.02173	0.00869	0.00435	0.00724
38	0.01815	0.01685	0.02647	0.11492	0.40737	0.01752	0.02031	0.02533	0.10797	0.02696	0.06729	0.02889	0.06760	0.00952	0.00830	0.00253	0.00850	0.00876	0.00517	0.01159
39	0.01912	0.01435	0.01706	0.01230	0.01940	0.01095	0.00989	0.02267	0.01758	0.10190	0.01649	0.01809	0.01296	0.00648	0.00626	0.00136	0.00611	0.00520	0.00542	0.67640
40	0.02008	0.01928	0.03294	0.04981	0.66422	0.01928	0.02490	0.02490	0.01848	0.02651	0.01526	0.02008	0.01285	0.00723	0.00803	0.00241	0.00964	0.00723	0.00402	0.01285
41	0.03035	0.03741	0.02310	0.02073	0.02509	0.63024	0.01566	0.08028	0.02419	0.02234	0.01309	0.01502	0.01072	0.00847	0.00738	0.00212	0.01418	0.00539	0.00449	0.00975
42	0.03031	0.03867	0.02299	0.02090	0.02508	0.68226	0.01568	0.03240	0.02299	0.01986	0.01254	0.01463	0.01045	0.00836	0.00732	0.00209	0.01463	0.00523	0.00418	0.00941
43	0.01180	0.00787	0.00885	0.00885	0.00885	0.00787	0.00492	0.01180	0.01180	0.01573	0.02557	0.05310	0.02950	0.71483	0.04130	0.00787	0.00787	0.01180	0.00492	0.00492
44	0.01627	0.04197	0.67279	0.02313	0.03512	0.01884	0.02998	0.02570	0.01713	0.02570	0.01456	0.01713	0.01028	0.00771	0.00771	0.00257	0.01199	0.00600	0.00343	0.01199
45	0.77215	0.01569	0.01193	0.01067	0.01569	0.01820	0.00879	0.02385	0.01381	0.03641	0.01130	0.01318	0.00879	0.00753	0.00502	0.00251	0.00628	0.00439	0.00502	0.00879
46	0.03535	0.01358	0.01849	0.01426	0.02035	0.01175	0.01175	0.03852	0.02321	0.64281	0.05864	0.02902	0.02248	0.01032	0.00822	0.00251	0.00677	0.00844	0.01000	0.01355
47	0.01180	0.00787	0.00885	0.00885	0.00885	0.00787	0.00492	0.01180	0.01180	0.01573	0.02557	0.05310	0.02950	0.71483	0.04130	0.00787	0.00787	0.01180	0.00492	0.00492
48	0.01169	0.00829	0.01100	0.01100	0.01174	0.00903	0.00760	0.01318	0.01244	0.01732	0.02360	0.04222	0.02478	0.37961	0.37007	0.01052	0.01498	0.01021	0.00462	0.00611
49	0.01793	0.23210	0.15057	0.02437	0.16945	0.02062	0.06094	0.02286	0.01865	0.02540	0.15401	0.02634	0.02544	0.00924	0.00756	0.00229	0.00880	0.00791	0.00482	0.01070
50	0.02028	0.02369	0.11868	0.04420	0.53506	0.06505	0.02495	0.02553	0.01861	0.02594	0.01498	0.01931	0.01234	0.00737	0.00794	0.00241	0.01030	0.00692	0.00395	0.01250
51	0.02318	0.10673	0.13273	0.02354	0.12480	0.30579	0.01820	0.02715	0.01957	0.02255	0.01478	0.01793	0.01216	0.01094	0.04490	0.00278	0.01230	0.00595	0.06378	0.01022
52	0.07760	0.02493	0.22450	0.03264	0.30737	0.01773	0.04712	0.02414	0.01792	0.02744	0.05929	0.02129	0.01607	0.00795	0.00773	0.00241	0.00960	0.00707	0.00431	0.06289
