[name]
unknown

[dist]
# distance from previous block
# <min> <max>
5	7

[block]
# block no. 0 follows, 22 sequences, length 25
# corresponding to MSA columns:
# 7-31
name=unknown_A
#
# <colnr> <probs for GDERKNQSTAVLIFYWHMCP>
#	G	D	E	R	K	N	Q	S	T	A	V	L	I	F	Y	W	H	M	C	P
0	0.01151	0.00811	0.00897	0.00897	0.00988	0.00766	0.00559	0.01194	0.01420	0.01804	0.04407	0.06063	0.22982	0.44043	0.03115	0.05737	0.00676	0.01351	0.00580	0.00557
1	0.01916	0.01050	0.01307	0.01200	0.01448	0.01010	0.00858	0.02304	0.07864	0.19190	0.10455	0.17597	0.03768	0.23921	0.01992	0.00453	0.00653	0.01348	0.00777	0.00890
2	0.01384	0.01135	0.01264	0.01259	0.01535	0.01171	0.00949	0.02311	0.22594	0.02691	0.08123	0.21779	0.22812	0.01896	0.00967	0.00301	0.00537	0.05583	0.00802	0.00908
3	0.01246	0.00722	0.01028	0.01116	0.01138	0.00700	0.00744	0.01116	0.01314	0.01752	0.02875	0.33458	0.03293	0.02757	0.02248	0.41356	0.00612	0.01470	0.00548	0.00504
4	0.02736	0.01967	0.02109	0.01653	0.02209	0.02137	0.01339	0.47416	0.03322	0.04577	0.02115	0.02372	0.01615	0.05722	0.01017	0.00274	0.00819	0.00772	0.11330	0.04496
5	0.01140	0.00800	0.00976	0.01024	0.01077	0.00798	0.00654	0.01233	0.01370	0.01828	0.03468	0.21353	0.08013	0.39829	0.12149	0.00726	0.00898	0.01488	0.00581	0.00594
6	0.01040	0.00735	0.00956	0.01121	0.01163	0.00693	0.00733	0.01164	0.01536	0.02049	0.04302	0.61104	0.05145	0.12237	0.01508	0.00403	0.00528	0.02199	0.00733	0.00651
7	0.01435	0.01036	0.01255	0.01289	0.01453	0.01047	0.00913	0.13020	0.02016	0.02693	0.03981	0.53793	0.04582	0.05814	0.01180	0.00345	0.00582	0.01992	0.00769	0.00808
8	0.01464	0.00782	0.00807	0.00807	0.00953	0.00782	0.00562	0.01756	0.01610	0.02729	0.02687	0.03676	0.02350	0.18246	0.01483	0.00345	0.00491	0.00882	0.56883	0.00707
9	0.06309	0.41158	0.03273	0.01428	0.02103	0.02426	0.01320	0.03085	0.01940	0.26728	0.01971	0.01908	0.01439	0.00836	0.00648	0.00212	0.00807	0.00595	0.00621	0.01192
10	0.01166	0.00818	0.00925	0.00925	0.00987	0.00803	0.00565	0.01225	0.01341	0.01749	0.03639	0.05742	0.14225	0.53685	0.08228	0.00749	0.00839	0.01284	0.00548	0.00556
11	0.01341	0.00949	0.01316	0.01286	0.01468	0.01082	0.01002	0.04757	0.01527	0.02267	0.02282	0.03174	0.02050	0.05213	0.54570	0.01117	0.01897	0.00866	0.11056	0.00781
12	0.02268	0.43592	0.17664	0.01768	0.02538	0.15326	0.01820	0.02679	0.01831	0.02119	0.01254	0.01457	0.01064	0.00756	0.00631	0.00203	0.01080	0.00499	0.00368	0.01082
13	0.02516	0.01912	0.02061	0.01738	0.02278	0.02146	0.01384	0.21321	0.41733	0.09002	0.02971	0.02758	0.02172	0.01082	0.00840	0.00270	0.00736	0.00875	0.00856	0.01351
14	0.01039	0.00764	0.00975	0.01091	0.01200	0.00699	0.00754	0.01241	0.01780	0.02371	0.16771	0.49152	0.14392	0.02358	0.01034	0.00315	0.00456	0.02111	0.00799	0.00699
15	0.02239	0.02353	0.03299	0.04448	0.49764	0.13841	0.06732	0.02697	0.01980	0.02587	0.01521	0.01968	0.01267	0.00758	0.00821	0.00243	0.01109	0.00720	0.00415	0.01238
16	0.01003	0.00757	0.00928	0.01065	0.01181	0.00682	0.00730	0.01167	0.01679	0.02157	0.05694	0.52162	0.22875	0.02458	0.01038	0.00321	0.00464	0.02185	0.00771	0.00682
17	0.01569	0.01477	0.02492	0.68808	0.05722	0.01846	0.02307	0.02123	0.01661	0.02123	0.01477	0.02215	0.01107	0.00831	0.00831	0.00277	0.01107	0.00738	0.00369	0.00923
18	0.02145	0.01965	0.02680	0.06995	0.36459	0.09087	0.01979	0.08641	0.01986	0.02627	0.01549	0.02086	0.01312	0.01197	0.01282	0.14775	0.00992	0.00714	0.00445	0.01083
19	0.03130	0.03149	0.02423	0.02027	0.02572	0.35254	0.01592	0.32873	0.03125	0.03623	0.01637	0.01745	0.01240	0.00926	0.00790	0.00232	0.01208	0.00641	0.00628	0.01186
20	0.05250	0.01742	0.13824	0.01387	0.01919	0.01251	0.01315	0.02418	0.09499	0.12240	0.17511	0.04746	0.20719	0.01425	0.00884	0.00269	0.00651	0.01185	0.00756	0.01009
21	0.02584	0.32376	0.03367	0.02224	0.11215	0.24464	0.01656	0.08663	0.02155	0.02407	0.01337	0.01554	0.01136	0.00791	0.00675	0.00206	0.01108	0.00546	0.00434	0.01101
22	0.02235	0.03064	0.14742	0.25260	0.03839	0.29105	0.02140	0.02710	0.01948	0.02177	0.01381	0.01810	0.01081	0.00863	0.00878	0.00252	0.04498	0.00630	0.00390	0.00997
23	0.01602	0.01210	0.01525	0.01752	0.13003	0.01118	0.01105	0.06186	0.02086	0.08786	0.06208	0.05981	0.42904	0.01672	0.00928	0.00270	0.00587	0.01407	0.00736	0.00934
24	0.01260	0.00927	0.01014	0.01003	0.01281	0.00828	0.00746	0.01615	0.06178	0.06918	0.07002	0.18558	0.45561	0.02049	0.00976	0.00289	0.00469	0.01741	0.00795	0.00790

[dist]
# distance from previous block
# <min> <max>
8	14

[block]
# block no. 1 follows, 22 sequences, length 7
# corresponding to MSA columns:
# 46-52
name=unknown_B
#
# <colnr> <probs for GDERKNQSTAVLIFYWHMCP>
#	G	D	E	R	K	N	Q	S	T	A	V	L	I	F	Y	W	H	M	C	P
0	0.02207	0.01788	0.01999	0.06671	0.05709	0.07203	0.01334	0.20047	0.02278	0.03059	0.01611	0.02029	0.01317	0.01311	0.01342	0.18151	0.00861	0.00658	0.00543	0.19883
1	0.02604	0.02294	0.02115	0.01754	0.02264	0.15178	0.01378	0.30311	0.09159	0.03679	0.02122	0.05529	0.01767	0.05547	0.03979	0.00321	0.01011	0.00815	0.00683	0.07490
2	0.01324	0.00956	0.01187	0.01177	0.01333	0.00969	0.00839	0.07588	0.01878	0.02555	0.15573	0.26019	0.07139	0.15684	0.11384	0.00546	0.00823	0.01569	0.00707	0.00750
3	0.17211	0.02404	0.02212	0.14385	0.02976	0.17328	0.01589	0.25839	0.02637	0.03614	0.01569	0.01795	0.01176	0.00889	0.00750	0.00248	0.01033	0.00639	0.00589	0.01116
4	0.02353	0.02400	0.02691	0.02765	0.17102	0.18127	0.05523	0.11622	0.02157	0.02749	0.01518	0.01929	0.01268	0.01259	0.05236	0.00319	0.13182	0.00694	0.00479	0.06628
5	0.02642	0.13087	0.02912	0.02577	0.15141	0.22626	0.01783	0.17031	0.02419	0.02915	0.01469	0.01736	0.01202	0.00905	0.00952	0.00239	0.08078	0.00633	0.00503	0.01151
6	0.01995	0.01847	0.02901	0.03331	0.30081	0.01842	0.10991	0.09014	0.08907	0.02995	0.02747	0.02974	0.10098	0.00981	0.00858	0.00253	0.00906	0.00921	0.00559	0.05799

[dist]
# distance from previous block
# <min> <max>
0	1

[block]
# block no. 2 follows, 22 sequences, length 9
# corresponding to MSA columns:
# 54-62
name=unknown_C
#
# <colnr> <probs for GDERKNQSTAVLIFYWHMCP>
#	G	D	E	R	K	N	Q	S	T	A	V	L	I	F	Y	W	H	M	C	P
0	0.02081	0.01619	0.02483	0.08035	0.31183	0.01645	0.01843	0.08377	0.02186	0.09923	0.14655	0.03056	0.02752	0.01330	0.04900	0.00319	0.00913	0.00914	0.00620	0.01165
1	0.01844	0.01873	0.02415	0.27362	0.13167	0.11602	0.01947	0.02237	0.01684	0.02148	0.01532	0.02204	0.01298	0.01847	0.12607	0.00459	0.11690	0.00733	0.00397	0.00956
2	0.01382	0.01203	0.01762	0.01631	0.01724	0.01459	0.04150	0.01594	0.01406	0.02016	0.02522	0.21725	0.02751	0.08543	0.19528	0.00646	0.23388	0.01280	0.00514	0.00777
3	0.01341	0.01172	0.01698	0.01544	0.01740	0.04392	0.10541	0.01566	0.01558	0.02051	0.03130	0.30440	0.03494	0.18986	0.11873	0.00585	0.01020	0.01553	0.00585	0.00729
4	0.01208	0.00805	0.00906	0.00906	0.00906	0.00805	0.00503	0.01208	0.01208	0.01611	0.02618	0.05436	0.03020	0.70804	0.04228	0.00805	0.00805	0.01208	0.00503	0.00503
5	0.01339	0.01050	0.01141	0.01075	0.01369	0.00991	0.00814	0.10590	0.02204	0.02802	0.13250	0.16429	0.39948	0.01967	0.00971	0.00282	0.00502	0.01666	0.00797	0.00815
6	0.17988	0.02641	0.02290	0.12203	0.02880	0.28944	0.04444	0.05088	0.01942	0.02552	0.01306	0.01676	0.01066	0.00917	0.01005	0.00258	0.10791	0.00605	0.00443	0.00961
7	0.02953	0.03408	0.02530	0.02554	0.12142	0.47578	0.01744	0.12328	0.02522	0.02628	0.01435	0.01659	0.01160	0.00860	0.00773	0.00224	0.01331	0.00599	0.00487	0.01086
8	0.02577	0.02608	0.02441	0.02615	0.17254	0.25582	0.01697	0.17827	0.02634	0.03195	0.11229	0.02469	0.02242	0.00992	0.00822	0.00238	0.01063	0.00784	0.00599	0.01132

[dist]
# distance from previous block
# <min> <max>
23	47

[block]
# block no. 3 follows, 22 sequences, length 10
# corresponding to MSA columns:
# 113-122
name=unknown_D
#
# <colnr> <probs for GDERKNQSTAVLIFYWHMCP>
#	G	D	E	R	K	N	Q	S	T	A	V	L	I	F	Y	W	H	M	C	P
0	0.02020	0.07114	0.40822	0.02301	0.07010	0.02076	0.02471	0.15913	0.02275	0.03222	0.05661	0.02088	0.01583	0.00886	0.00799	0.00254	0.01071	0.00699	0.00497	0.01237
1	0.01144	0.00842	0.01101	0.01259	0.01408	0.00798	0.00986	0.01401	0.01779	0.02296	0.05170	0.33784	0.15589	0.02386	0.01083	0.00346	0.00591	0.26550	0.00769	0.00717
2	0.02065	0.01727	0.02246	0.02882	0.28614	0.07487	0.01643	0.02507	0.04812	0.11495	0.03924	0.03949	0.20709	0.01219	0.00867	0.00257	0.00809	0.01049	0.00628	0.01112
3	0.01025	0.00831	0.00917	0.00974	0.01201	0.00723	0.00733	0.01242	0.01839	0.02247	0.07267	0.19857	0.47608	0.02218	0.01014	0.00302	0.00469	0.08059	0.00771	0.00703
4	0.01785	0.04269	0.61204	0.02349	0.03511	0.07340	0.02948	0.02688	0.01803	0.02582	0.01474	0.01733	0.01054	0.00795	0.00786	0.00259	0.01250	0.00607	0.00357	0.01206
5	0.02128	0.02066	0.02993	0.04192	0.48211	0.06329	0.02230	0.02989	0.14902	0.02828	0.01924	0.02237	0.01554	0.00829	0.00822	0.00252	0.00952	0.00768	0.00503	0.01292
6	0.01199	0.00831	0.01034	0.01025	0.01087	0.00856	0.00666	0.01322	0.01399	0.01927	0.11348	0.05043	0.03482	0.46160	0.18374	0.00851	0.01075	0.01176	0.00548	0.00598
7	0.02212	0.02342	0.17558	0.12089	0.31760	0.01808	0.02392	0.02790	0.01920	0.14368	0.01852	0.02150	0.01365	0.00817	0.00818	0.00256	0.01006	0.00728	0.00506	0.01263
8	0.02693	0.02306	0.02199	0.01822	0.02323	0.14589	0.01459	0.37344	0.03017	0.03862	0.01912	0.02193	0.01501	0.02178	0.16203	0.00493	0.01328	0.00740	0.00665	0.01172
9	0.02424	0.07798	0.02605	0.02465	0.16921	0.14457	0.01632	0.16103	0.02369	0.03088	0.01550	0.01787	0.01247	0.00783	0.00730	0.00202	0.00958	0.00611	0.00526	0.21741

[dist]
# distance from previous block
# <min> <max>
0	1

[block]
# block no. 4 follows, 22 sequences, length 41
# corresponding to MSA columns:
# 124-164
name=unknown_E
#
# <colnr> <probs for GDERKNQSTAVLIFYWHMCP>
#	G	D	E	R	K	N	Q	S	T	A	V	L	I	F	Y	W	H	M	C	P
0	0.03128	0.03229	0.02416	0.02038	0.02572	0.38440	0.01593	0.29950	0.03048	0.03466	0.01602	0.01720	0.01223	0.00919	0.00786	0.00230	0.01237	0.00630	0.00608	0.01164
1	0.61457	0.01842	0.01477	0.01274	0.01807	0.05447	0.01042	0.11790	0.01847	0.03870	0.01292	0.01457	0.00988	0.00810	0.00575	0.00254	0.00730	0.00500	0.00558	0.00982
2	0.02903	0.03633	0.02311	0.02098	0.02479	0.59058	0.01589	0.03119	0.02219	0.02025	0.01323	0.01620	0.01128	0.01201	0.04644	0.00288	0.06422	0.00569	0.00424	0.00947
3	0.01743	0.29676	0.27906	0.01689	0.02501	0.02207	0.01913	0.02275	0.01731	0.02267	0.02566	0.02719	0.11951	0.01254	0.04074	0.00287	0.01009	0.00754	0.00428	0.01051
4	0.01206	0.00809	0.00921	0.00916	0.00930	0.00804	0.00523	0.01234	0.01289	0.01733	0.07059	0.05491	0.03362	0.65898	0.03998	0.00767	0.00776	0.01229	0.00533	0.00523
5	0.01053	0.00740	0.00952	0.01105	0.01143	0.00702	0.00716	0.01167	0.01511	0.02015	0.04173	0.56848	0.04983	0.16715	0.01716	0.00434	0.00549	0.02123	0.00716	0.00639
6	0.01372	0.00819	0.01013	0.01013	0.01160	0.00874	0.00751	0.01650	0.01503	0.02426	0.02460	0.03379	0.02172	0.10358	0.26233	0.04162	0.01137	0.00861	0.35942	0.00715
7	0.10301	0.01857	0.01939	0.01661	0.02185	0.02103	0.01320	0.16277	0.41574	0.07354	0.02852	0.02670	0.02103	0.01057	0.00807	0.00271	0.00712	0.00842	0.00817	0.01297
8	0.02132	0.02117	0.03299	0.04886	0.61080	0.06692	0.02482	0.02605	0.01925	0.02665	0.01543	0.02016	0.01298	0.00749	0.00817	0.00244	0.01024	0.00725	0.00412	0.01290
9	0.01032	0.00731	0.00958	0.01131	0.01174	0.00688	0.00744	0.01162	0.01551	0.02068	0.04376	0.63573	0.05239	0.09640	0.01387	0.00386	0.00515	0.02243	0.00744	0.00657
10	0.01212	0.00831	0.01019	0.01081	0.01139	0.00822	0.00734	0.01333	0.01466	0.01950	0.06327	0.14170	0.03945	0.44028	0.03005	0.00629	0.00737	0.14363	0.00614	0.00596
11	0.01157	0.00889	0.01085	0.01150	0.01381	0.00817	0.00939	0.01466	0.01978	0.02524	0.16397	0.08241	0.31478	0.02112	0.01047	0.00318	0.00553	0.24934	0.00793	0.00741
12	0.03103	0.03959	0.02354	0.02140	0.02568	0.67469	0.01605	0.03317	0.02354	0.02033	0.01284	0.01498	0.01070	0.00856	0.00749	0.00214	0.01498	0.00535	0.00428	0.00963
13	0.09467	0.25221	0.02889	0.01816	0.02342	0.41078	0.01483	0.02974	0.02057	0.02161	0.01231	0.01432	0.01053	0.00802	0.00659	0.00206	0.01226	0.00498	0.00413	0.00990
14	0.01818	0.03380	0.41298	0.03383	0.25416	0.01953	0.05817	0.02604	0.01812	0.02662	0.01525	0.01884	0.01155	0.00768	0.00810	0.00258	0.01152	0.00676	0.00375	0.01253
15	0.01885	0.03991	0.59648	0.02273	0.03439	0.01854	0.02873	0.02781	0.01820	0.09376	0.01680	0.01868	0.01159	0.00815	0.00794	0.00262	0.01172	0.00637	0.00423	0.01247
16	0.02088	0.02167	0.02917	0.24522	0.35781	0.13453	0.02308	0.02551	0.01901	0.02409	0.01487	0.02008	0.01207	0.00789	0.00812	0.00250	0.01115	0.00704	0.00401	0.01131
17	0.01949	0.01920	0.02888	0.28682	0.35176	0.06649	0.02325	0.02543	0.05133	0.02483	0.01606	0.02131	0.01284	0.00803	0.00821	0.00258	0.01052	0.00735	0.00420	0.01143
18	0.01208	0.00805	0.00906	0.00906	0.00906	0.00805	0.00503	0.01208	0.01208	0.01611	0.02618	0.05436	0.03020	0.70804	0.04228	0.00805	0.00805	0.01208	0.00503	0.00503
19	0.01003	0.00836	0.00875	0.00879	0.01139	0.00708	0.00654	0.01227	0.01922	0.02345	0.13815	0.11318	0.56242	0.02092	0.00986	0.00282	0.00421	0.01763	0.00786	0.00708
20	0.01097	0.00832	0.01011	0.00995	0.01200	0.00746	0.00735	0.01405	0.02123	0.02858	0.40755	0.14146	0.25213	0.01927	0.00990	0.00276	0.00411	0.01679	0.00854	0.00746
21	0.02221	0.71304	0.04353	0.01421	0.02132	0.03287	0.01421	0.02488	0.01688	0.01955	0.01155	0.01333	0.01066	0.00711	0.00533	0.00178	0.00888	0.00444	0.00355	0.01066
22	0.01012	0.00723	0.00964	0.01157	0.01205	0.00675	0.00771	0.01157	0.01591	0.02121	0.04579	0.70262	0.05495	0.02603	0.01060	0.00337	0.00482	0.02362	0.00771	0.00675
23	0.01638	0.00861	0.00870	0.00838	0.01057	0.00874	0.00636	0.05323	0.01862	0.03216	0.02670	0.03036	0.02089	0.00970	0.00595	0.00197	0.00416	0.00773	0.71269	0.00810
24	0.03158	0.02327	0.02493	0.01911	0.02576	0.02576	0.01579	0.62852	0.03906	0.05236	0.01995	0.01995	0.01413	0.00997	0.00831	0.00249	0.00914	0.00748	0.00831	0.01413
25	0.02221	0.71304	0.04353	0.01421	0.02132	0.03287	0.01421	0.02488	0.01688	0.01955	0.01155	0.01333	0.01066	0.00711	0.00533	0.00178	0.00888	0.00444	0.00355	0.01066
26	0.03009	0.03803	0.02368	0.02143	0.02540	0.62731	0.01621	0.03221	0.02275	0.02031	0.01270	0.01521	0.01072	0.00900	0.00893	0.00225	0.06446	0.00549	0.00423	0.00959
27	0.03158	0.02327	0.02493	0.01911	0.02576	0.02576	0.01579	0.62852	0.03906	0.05236	0.01995	0.01995	0.01413	0.00997	0.00831	0.00249	0.00914	0.00748	0.00831	0.01413
28	0.01207	0.00811	0.00937	0.00937	0.00947	0.00822	0.00541	0.01228	0.01217	0.01633	0.02590	0.05282	0.02953	0.66220	0.08721	0.00843	0.00906	0.01186	0.00499	0.00520
29	0.01016	0.00818	0.00910	0.00976	0.01188	0.00713	0.00720	0.01221	0.01813	0.02228	0.07089	0.24921	0.44769	0.02252	0.01015	0.00303	0.00462	0.06116	0.00771	0.00699
30	0.01208	0.00805	0.00906	0.00906	0.00906	0.00805	0.00503	0.01208	0.01208	0.01611	0.02618	0.05436	0.03020	0.70804	0.04228	0.00805	0.00805	0.01208	0.00503	0.00503
31	0.01831	0.12250	0.17249	0.02344	0.03065	0.01972	0.24223	0.05274	0.01819	0.02472	0.01776	0.04832	0.01544	0.06968	0.04321	0.04555	0.01183	0.00864	0.00434	0.01023
32	0.01924	0.01839	0.03134	0.22316	0.49435	0.01939	0.02484	0.02434	0.01829	0.02554	0.01539	0.02099	0.01260	0.00765	0.00825	0.00255	0.01019	0.00740	0.00400	0.01210
33	0.27428	0.16357	0.09391	0.13435	0.13947	0.02182	0.01767	0.02437	0.01633	0.02794	0.01318	0.01660	0.01059	0.00765	0.00655	0.00243	0.00895	0.00566	0.00421	0.01046
34	0.01621	0.09427	0.36124	0.02014	0.02821	0.01834	0.05476	0.02368	0.05219	0.02479	0.02413	0.13687	0.05027	0.01201	0.00934	0.00276	0.04536	0.00992	0.00475	0.01076
35	0.02156	0.25445	0.10487	0.02645	0.19986	0.13325	0.01884	0.02516	0.01827	0.02238	0.01522	0.05248	0.01385	0.00969	0.00854	0.04327	0.01027	0.00676	0.00405	0.01078
36	0.14428	0.08639	0.13390	0.01424	0.01929	0.01608	0.03313	0.06982	0.01791	0.02714	0.06993	0.03607	0.08827	0.19120	0.01651	0.00395	0.00821	0.00930	0.00545	0.00893
37	0.18299	0.01850	0.14616	0.05095	0.02139	0.01429	0.01400	0.06243	0.01768	0.02853	0.05503	0.21510	0.02780	0.06394	0.01059	0.00315	0.00759	0.01167	0.00586	0.04234
38	0.06676	0.06124	0.01603	0.08643	0.08453	0.01242	0.01088	0.01611	0.01602	0.02198	0.03804	0.18816	0.15771	0.16924	0.01618	0.00396	0.00701	0.01365	0.00583	0.00780
39	0.05761	0.05201	0.02124	0.14814	0.16783	0.08407	0.01561	0.02023	0.01708	0.02272	0.02405	0.20889	0.02530	0.08507	0.01201	0.00328	0.00883	0.01177	0.00515	0.00911
40	0.09813	0.16885	0.16397	0.07119	0.13466	0.04837	0.02008	0.14758	0.02181	0.03085	0.01493	0.01748	0.01162	0.00811	0.00724	0.00238	0.00996	0.00616	0.00480	0.01182

[dist]
# distance from previous block
# <min> <max>
3	35

[block]
# block no. 5 follows, 22 sequences, length 38
# corresponding to MSA columns:
# 200-237
name=unknown_F
#
# <colnr> <probs for GDERKNQSTAVLIFYWHMCP>
#	G	D	E	R	K	N	Q	S	T	A	V	L	I	F	Y	W	H	M	C	P
0	0.09953	0.08103	0.04538	0.03905	0.05569	0.12036	0.07210	0.04454	0.01975	0.07546	0.06091	0.03141	0.12887	0.01123	0.00920	0.00252	0.05290	0.00887	0.00569	0.03550
1	0.11659	0.11883	0.13151	0.08344	0.12546	0.16017	0.01937	0.10197	0.02111	0.02845	0.01434	0.01712	0.01129	0.00813	0.00727	0.00238	0.01080	0.00602	0.00459	0.01119
2	0.12639	0.02108	0.02466	0.09833	0.12577	0.14910	0.09320	0.02567	0.05081	0.02611	0.01758	0.06118	0.01526	0.01176	0.04211	0.00300	0.01086	0.00780	0.00480	0.08452
3	0.12119	0.06858	0.20268	0.07651	0.17055	0.01912	0.02071	0.02710	0.08312	0.06089	0.01919	0.06141	0.01575	0.00932	0.00771	0.00260	0.00930	0.00771	0.00501	0.01154
4	0.13268	0.01421	0.01685	0.01478	0.01838	0.01536	0.01199	0.07656	0.01768	0.02800	0.02183	0.09675	0.02153	0.01929	0.09445	0.00402	0.12488	0.08346	0.00562	0.18167
5	0.01222	0.00917	0.01179	0.01229	0.01435	0.00819	0.00906	0.01447	0.01657	0.02277	0.03842	0.42127	0.04406	0.05668	0.01154	0.00328	0.00578	0.12845	0.00702	0.15261
6	0.02028	0.01927	0.01998	0.04276	0.02084	0.14203	0.01432	0.06672	0.01793	0.02480	0.01673	0.02207	0.01435	0.01653	0.08109	0.00383	0.27293	0.00719	0.16724	0.00911
7	0.01116	0.00800	0.01060	0.01231	0.01328	0.00764	0.00908	0.01321	0.01672	0.02197	0.04589	0.45849	0.08053	0.06869	0.01284	0.00377	0.00580	0.18559	0.00752	0.00691
8	0.02343	0.02412	0.02513	0.05563	0.02680	0.24740	0.12884	0.10993	0.02161	0.02501	0.01732	0.06771	0.01540	0.01367	0.01321	0.15094	0.01153	0.00824	0.00492	0.00916
9	0.01198	0.00846	0.01113	0.01113	0.01185	0.00918	0.00762	0.01341	0.01269	0.01764	0.02428	0.04388	0.02565	0.39648	0.34762	0.01061	0.01490	0.01055	0.00475	0.00618
10	0.19366	0.11215	0.14466	0.07715	0.02711	0.10416	0.01784	0.08860	0.01894	0.02866	0.01343	0.01651	0.01069	0.00901	0.00964	0.00259	0.10436	0.00586	0.00453	0.01047
11	0.10020	0.02443	0.08187	0.07284	0.14319	0.14230	0.10478	0.05602	0.01981	0.02760	0.01478	0.01826	0.01170	0.00761	0.00760	0.00228	0.01066	0.00651	0.00454	0.14302
12	0.01991	0.16556	0.36378	0.02667	0.14886	0.05469	0.02510	0.05624	0.01904	0.02618	0.01455	0.01730	0.01123	0.00779	0.00747	0.00241	0.01115	0.00608	0.00391	0.01210
13	0.02331	0.62893	0.04104	0.01511	0.02187	0.11304	0.01444	0.02591	0.01771	0.01964	0.01171	0.01353	0.01067	0.00729	0.00560	0.00182	0.00965	0.00456	0.00364	0.01053
14	0.01076	0.00845	0.00972	0.00940	0.01180	0.00741	0.00705	0.01374	0.02115	0.02771	0.35899	0.07129	0.37474	0.01908	0.00981	0.00271	0.00407	0.01632	0.00841	0.00741
15	0.01855	0.02522	0.16096	0.10079	0.04215	0.02069	0.41359	0.02558	0.01848	0.02558	0.01588	0.02121	0.01195	0.00777	0.01035	0.00282	0.05467	0.00871	0.00398	0.01107
16	0.02742	0.11985	0.09120	0.02359	0.09741	0.32045	0.01828	0.15320	0.02477	0.02819	0.01466	0.01668	0.01166	0.00847	0.00751	0.00225	0.01216	0.00598	0.00492	0.01135
17	0.01313	0.01035	0.01214	0.01175	0.01443	0.01023	0.00914	0.02021	0.13653	0.02975	0.31613	0.06484	0.21010	0.01771	0.00977	0.00285	0.00496	0.08894	0.00846	0.00859
18	0.02040	0.02030	0.03079	0.04097	0.43901	0.05510	0.02288	0.02429	0.01735	0.02471	0.01411	0.01958	0.01238	0.00954	0.01373	0.00279	0.20904	0.00726	0.00398	0.01179
19	0.01821	0.19287	0.47785	0.02355	0.07836	0.02240	0.02658	0.02592	0.01749	0.02484	0.01420	0.01681	0.01075	0.00768	0.00734	0.00243	0.01133	0.00585	0.00356	0.01198
20	0.01559	0.03531	0.51639	0.02249	0.05631	0.01695	0.02616	0.02350	0.01729	0.02538	0.02075	0.14657	0.01899	0.01129	0.00842	0.00276	0.01078	0.00948	0.00432	0.01127
21	0.01077	0.00822	0.00945	0.01014	0.01177	0.00747	0.00729	0.01254	0.01697	0.02127	0.05930	0.22035	0.32109	0.15170	0.01632	0.00405	0.00551	0.09192	0.00720	0.00666
22	0.01540	0.01403	0.01988	0.01785	0.01843	0.01867	0.01445	0.01757	0.01293	0.01951	0.01612	0.02570	0.01575	0.06931	0.28043	0.00765	0.39589	0.00816	0.00403	0.00823
23	0.01012	0.00723	0.00964	0.01157	0.01205	0.00675	0.00771	0.01157	0.01591	0.02121	0.04579	0.70262	0.05495	0.02603	0.01060	0.00337	0.00482	0.02362	0.00771	0.00675
24	0.03103	0.03959	0.02354	0.02140	0.02568	0.67469	0.01605	0.03317	0.02354	0.02033	0.01284	0.01498	0.01070	0.00856	0.00749	0.00214	0.01498	0.00535	0.00428	0.00963
25	0.02953	0.08131	0.02491	0.06150	0.02732	0.59357	0.01636	0.03191	0.02269	0.02034	0.01288	0.01531	0.01072	0.00845	0.00740	0.00216	0.01435	0.00542	0.00420	0.00967
26	0.02228	0.01984	0.02232	0.10493	0.09369	0.06301	0.01626	0.12334	0.37077	0.03389	0.02616	0.02616	0.01972	0.01013	0.00833	0.00268	0.00840	0.00840	0.00711	0.01258
27	0.01987	0.01972	0.03567	0.11502	0.47788	0.01984	0.13825	0.02526	0.01880	0.02642	0.01576	0.02108	0.01284	0.00742	0.00853	0.00256	0.01077	0.00785	0.00408	0.01238
28	0.01090	0.00819	0.01009	0.01019	0.01203	0.00738	0.00742	0.01379	0.02063	0.02781	0.37062	0.21154	0.21889	0.02006	0.00999	0.00283	0.00420	0.01760	0.00846	0.00738
29	0.01910	0.20681	0.23289	0.02220	0.09308	0.02101	0.06491	0.02552	0.04992	0.05761	0.02323	0.06694	0.06247	0.01000	0.00777	0.00247	0.00963	0.00834	0.00482	0.01127
30	0.01669	0.01042	0.01285	0.01136	0.01449	0.00966	0.00880	0.06388	0.02384	0.12727	0.40529	0.05724	0.17305	0.01622	0.00948	0.00263	0.00483	0.01394	0.00899	0.00909
31	0.01922	0.18680	0.25663	0.02503	0.14584	0.02227	0.02196	0.02855	0.12839	0.02634	0.01904	0.02324	0.01550	0.00895	0.00764	0.00249	0.00981	0.03557	0.00471	0.01200
32	0.01978	0.01873	0.03072	0.15084	0.49219	0.01963	0.02380	0.02676	0.08402	0.02698	0.01740	0.02192	0.01410	0.00796	0.00826	0.00255	0.00972	0.00761	0.00450	0.01252
33	0.01545	0.01346	0.01333	0.01246	0.01495	0.09377	0.00937	0.06232	0.02300	0.03005	0.37594	0.09452	0.11704	0.05195	0.01117	0.00293	0.00614	0.03593	0.00797	0.00823
34	0.01056	0.00844	0.00944	0.00919	0.01167	0.00733	0.00689	0.01335	0.02068	0.02658	0.30037	0.07313	0.43405	0.01949	0.00981	0.00273	0.00410	0.01658	0.00826	0.00733
35	0.02291	0.02544	0.02431	0.02797	0.20667	0.26591	0.01750	0.02794	0.08179	0.02398	0.02459	0.02678	0.09444	0.01071	0.01018	0.00254	0.08262	0.00810	0.00501	0.01062
36	0.02070	0.01230	0.01453	0.01285	0.01699	0.01187	0.01019	0.02827	0.16164	0.21279	0.11496	0.05282	0.22743	0.01539	0.00919	0.00278	0.00577	0.05016	0.00878	0.01060
37	0.01890	0.01864	0.02724	0.03918	0.46380	0.06514	0.02046	0.02299	0.01926	0.02558	0.03093	0.03359	0.15772	0.01057	0.00853	0.00252	0.00897	0.00954	0.00494	0.01151

[dist]
# distance from previous block
# <min> <max>
1	5

[block]
# block no. 6 follows, 22 sequences, length 50
# corresponding to MSA columns:
# 243-292
name=unknown_G
#
# <colnr> <probs for GDERKNQSTAVLIFYWHMCP>
#	G	D	E	R	K	N	Q	S	T	A	V	L	I	F	Y	W	H	M	C	P
0	0.08421	0.19444	0.15943	0.02188	0.13356	0.02122	0.01792	0.05048	0.07411	0.02700	0.02629	0.02741	0.10955	0.00997	0.00743	0.00242	0.00864	0.00787	0.00505	0.01110
1	0.02125	0.06534	0.19300	0.03474	0.31553	0.11977	0.02377	0.02838	0.07074	0.02612	0.01631	0.01942	0.01299	0.00801	0.00789	0.00245	0.01094	0.00678	0.00431	0.01226
2	0.08901	0.02103	0.03022	0.04213	0.49170	0.06119	0.02239	0.09092	0.02095	0.03034	0.01556	0.01952	0.01274	0.00778	0.00791	0.00246	0.00980	0.00702	0.00467	0.01267
3	0.09926	0.01856	0.05027	0.02522	0.17145	0.04444	0.05842	0.02672	0.13917	0.02876	0.07367	0.08128	0.02349	0.01112	0.00986	0.00268	0.06745	0.00934	0.00578	0.05306
4	0.01170	0.00811	0.00929	0.00929	0.00987	0.00785	0.00566	0.01251	0.01450	0.01929	0.11551	0.08841	0.10484	0.51134	0.03304	0.00655	0.00695	0.01359	0.00599	0.00570
5	0.02061	0.12474	0.03170	0.02093	0.02727	0.04871	0.17422	0.07764	0.01936	0.02675	0.01463	0.01828	0.01203	0.00818	0.01030	0.00223	0.10907	0.00672	0.00461	0.24200
6	0.01208	0.00805	0.00906	0.00906	0.00906	0.00805	0.00503	0.01208	0.01208	0.01611	0.02618	0.05436	0.03020	0.70804	0.04228	0.00805	0.00805	0.01208	0.00503	0.00503
7	0.01187	0.00890	0.01335	0.01335	0.01483	0.01038	0.01038	0.01483	0.01335	0.01928	0.02225	0.03264	0.02077	0.06231	0.67512	0.01335	0.02225	0.00890	0.00445	0.00742
8	0.01101	0.00810	0.01031	0.01052	0.01214	0.00740	0.00760	0.01394	0.02061	0.02821	0.39351	0.25856	0.14681	0.02026	0.01004	0.00287	0.00423	0.01796	0.00852	0.00740
9	0.01136	0.00891	0.01057	0.01139	0.01381	0.00812	0.00937	0.01421	0.01902	0.02349	0.06677	0.08590	0.39103	0.02187	0.01054	0.00325	0.00570	0.26972	0.00769	0.00729
10	0.02116	0.09018	0.16997	0.12596	0.22905	0.14803	0.04982	0.02655	0.01903	0.02409	0.01449	0.01847	0.01156	0.00782	0.00783	0.00244	0.01165	0.00656	0.00391	0.01141
11	0.02762	0.19193	0.09167	0.02001	0.02572	0.46483	0.01709	0.03062	0.02144	0.02075	0.01275	0.01486	0.01067	0.00817	0.00704	0.00211	0.01334	0.00522	0.00404	0.01013
12	0.02082	0.11782	0.31408	0.02931	0.19519	0.13309	0.02482	0.02709	0.01885	0.02468	0.01433	0.01738	0.01126	0.00778	0.00760	0.00240	0.01169	0.00613	0.00380	0.01186
13	0.06423	0.14341	0.46368	0.02114	0.03142	0.02081	0.05098	0.02538	0.01765	0.02634	0.05013	0.01934	0.01436	0.00823	0.00751	0.00250	0.01098	0.00643	0.00396	0.01152
14	0.01051	0.00783	0.00988	0.01135	0.01258	0.00720	0.00818	0.01244	0.01706	0.02201	0.05451	0.47202	0.19377	0.02443	0.01054	0.00330	0.00507	0.10268	0.00770	0.00694
15	0.09196	0.34770	0.06858	0.01634	0.02339	0.02810	0.01528	0.25716	0.02521	0.03413	0.01497	0.01613	0.01184	0.00831	0.00660	0.00217	0.00895	0.00571	0.00552	0.01194
16	0.01912	0.01769	0.02963	0.04381	0.52771	0.01769	0.02306	0.02383	0.01896	0.02668	0.02133	0.03527	0.02013	0.01053	0.00888	0.00274	0.00942	0.12664	0.00482	0.01205
17	0.02937	0.06341	0.02467	0.02097	0.02511	0.52764	0.01618	0.08007	0.02341	0.02288	0.01317	0.01565	0.01100	0.00924	0.00954	0.00231	0.08521	0.00569	0.00451	0.00998
18	0.01156	0.00788	0.00945	0.00995	0.01016	0.00784	0.00603	0.01210	0.01315	0.01762	0.03111	0.22329	0.03618	0.49370	0.06863	0.00712	0.00798	0.01493	0.00570	0.00561
19	0.02013	0.57143	0.03746	0.01404	0.02002	0.02835	0.01344	0.02286	0.01617	0.01949	0.01370	0.01721	0.01269	0.01821	0.14004	0.00410	0.01157	0.00534	0.00373	0.01001
20	0.76672	0.01607	0.01221	0.01092	0.01607	0.01864	0.00900	0.02442	0.01414	0.03727	0.01157	0.01350	0.00900	0.00771	0.00514	0.00257	0.00643	0.00450	0.00514	0.00900
21	0.00985	0.00831	0.00852	0.00870	0.01129	0.00699	0.00644	0.01189	0.01866	0.02233	0.08073	0.13553	0.59948	0.02148	0.00989	0.00286	0.00426	0.01808	0.00771	0.00699
22	0.00984	0.00834	0.00849	0.00861	0.01127	0.00700	0.00640	0.01190	0.01875	0.02236	0.08176	0.11884	0.61551	0.02135	0.00987	0.00284	0.00425	0.01791	0.00771	0.00700
23	0.76672	0.01607	0.01221	0.01092	0.01607	0.01864	0.00900	0.02442	0.01414	0.03727	0.01157	0.01350	0.00900	0.00771	0.00514	0.00257	0.00643	0.00450	0.00514	0.00900
24	0.01208	0.00805	0.00906	0.00906	0.00906	0.00805	0.00503	0.01208	0.01208	0.01611	0.02618	0.05436	0.03020	0.70804	0.04228	0.00805	0.00805	0.01208	0.00503	0.00503
25	0.02494	0.50497	0.03736	0.01644	0.02267	0.23117	0.01478	0.02744	0.01894	0.01979	0.01195	0.01384	0.01067	0.00756	0.00600	0.00189	0.01077	0.00472	0.00378	0.01034
26	0.01164	0.00812	0.00894	0.00894	0.00948	0.00785	0.00528	0.01205	0.01341	0.01734	0.03742	0.05933	0.15100	0.57477	0.03599	0.00704	0.00731	0.01314	0.00555	0.00542
27	0.01170	0.00789	0.00917	0.00955	0.00964	0.00780	0.00555	0.01198	0.01282	0.01710	0.02998	0.18013	0.03500	0.57573	0.03614	0.00715	0.00743	0.01432	0.00555	0.00537
28	0.02351	0.01962	0.02936	0.10902	0.38638	0.02059	0.02178	0.16499	0.04788	0.06834	0.01820	0.02143	0.01405	0.00840	0.00827	0.00253	0.00955	0.00755	0.00555	0.01301
29	0.02457	0.02921	0.03249	0.08809	0.09853	0.32292	0.20187	0.02876	0.02078	0.02299	0.01441	0.01858	0.01157	0.00821	0.00921	0.00250	0.04358	0.00717	0.00416	0.01041
30	0.01201	0.00833	0.01047	0.01047	0.01096	0.00882	0.00680	0.01299	0.01250	0.01715	0.02488	0.04721	0.02709	0.49529	0.25078	0.00980	0.01273	0.01103	0.00484	0.00582
31	0.02427	0.38419	0.13781	0.01761	0.02511	0.10987	0.01742	0.14514	0.02220	0.02720	0.01391	0.01552	0.01133	0.00798	0.00660	0.00210	0.01025	0.00543	0.00458	0.01148
32	0.08891	0.01997	0.01916	0.01820	0.04786	0.11577	0.01396	0.13959	0.21051	0.03327	0.02956	0.03887	0.05042	0.01284	0.00862	0.00282	0.00852	0.12291	0.00714	0.01110
33	0.01202	0.00814	0.00946	0.00933	0.00971	0.00801	0.00558	0.01278	0.01430	0.01945	0.14755	0.05586	0.03955	0.57398	0.03598	0.00700	0.00725	0.01265	0.00583	0.00558
34	0.01221	0.00952	0.01131	0.01170	0.01378	0.00931	0.00870	0.01773	0.10962	0.02624	0.17502	0.27273	0.19748	0.02059	0.01002	0.00304	0.00500	0.06984	0.00810	0.00804
35	0.01122	0.00769	0.00932	0.01016	0.01038	0.00748	0.00621	0.01185	0.01377	0.01835	0.03481	0.33989	0.04110	0.40765	0.02833	0.00599	0.00663	0.01716	0.00621	0.00579
36	0.02221	0.71304	0.04353	0.01421	0.02132	0.03287	0.01421	0.02488	0.01688	0.01955	0.01155	0.01333	0.01066	0.00711	0.00533	0.00178	0.00888	0.00444	0.00355	0.01066
37	0.02208	0.01718	0.01881	0.01662	0.02147	0.01912	0.01321	0.09121	0.46391	0.08212	0.03273	0.03492	0.02554	0.01194	0.00862	0.00280	0.00691	0.06173	0.00837	0.04069
38	0.01117	0.00890	0.01071	0.01108	0.03750	0.00791	0.00780	0.01425	0.02112	0.02781	0.35217	0.06905	0.35338	0.01856	0.00975	0.00270	0.00430	0.01593	0.00825	0.00765
39	0.02749	0.03306	0.05775	0.05190	0.03011	0.40501	0.11128	0.10767	0.02392	0.02574	0.01447	0.01732	0.01145	0.00870	0.00881	0.00240	0.04116	0.00651	0.00470	0.01054
40	0.01339	0.00956	0.01339	0.01530	0.01721	0.00956	0.01339	0.01721	0.01912	0.02486	0.04399	0.09371	0.04781	0.02295	0.01147	0.00382	0.00765	0.60031	0.00765	0.00765
41	0.02296	0.02509	0.02840	0.07477	0.38100	0.22786	0.02115	0.02686	0.02026	0.02434	0.01897	0.02258	0.05221	0.00867	0.00809	0.00240	0.01121	0.00738	0.00437	0.01143
42	0.00982	0.00842	0.00842	0.00842	0.01122	0.00701	0.00631	0.01192	0.01894	0.02244	0.08416	0.07995	0.65285	0.02104	0.00982	0.00281	0.00421	0.01753	0.00771	0.00701
43	0.01717	0.02435	0.18583	0.01720	0.02195	0.14169	0.01612	0.02229	0.05149	0.02395	0.08386	0.19249	0.06419	0.04398	0.01143	0.00302	0.05183	0.01213	0.00574	0.00928
44	0.01047	0.00748	0.01004	0.01197	0.01261	0.00705	0.00832	0.01218	0.01625	0.02160	0.04559	0.63695	0.05418	0.02569	0.01070	0.00342	0.00512	0.08581	0.00770	0.00684
45	0.26334	0.02145	0.01798	0.09002	0.07944	0.20278	0.01347	0.02423	0.01843	0.02695	0.02672	0.02837	0.13498	0.01057	0.00733	0.00251	0.00923	0.00784	0.00515	0.00919
46	0.26627	0.19811	0.13295	0.01442	0.02050	0.02058	0.01419	0.04797	0.01666	0.02821	0.03977	0.05014	0.01564	0.01271	0.03685	0.05539	0.00874	0.00657	0.00473	0.00961
47	0.02618	0.26417	0.11563	0.01931	0.02560	0.37380	0.01739	0.02950	0.02053	0.02087	0.01269	0.01477	0.01066	0.00799	0.00683	0.00208	0.01259	0.00515	0.00394	0.01033
48	0.10475	0.15168	0.22076	0.01778	0.02564	0.07488	0.01837	0.08965	0.02111	0.14277	0.04479	0.02021	0.01547	0.00882	0.00731	0.00240	0.00965	0.00651	0.00570	0.01174
49	0.09166	0.17862	0.12145	0.01714	0.02360	0.14790	0.01597	0.06319	0.04534	0.13119	0.01808	0.01946	0.01377	0.01299	0.06243	0.00322	0.01108	0.00627	0.00548	0.01116

[dist]
# distance from previous block
# <min> <max>
4	36

[block]
# block no. 7 follows, 22 sequences, length 23
# corresponding to MSA columns:
# 330-352
name=unknown_H
#
# <colnr> <probs for GDERKNQSTAVLIFYWHMCP>
#	G	D	E	R	K	N	Q	S	T	A	V	L	I	F	Y	W	H	M	C	P
0	0.19673	0.10308	0.35585	0.01986	0.02863	0.04584	0.04381	0.02556	0.01664	0.02758	0.01349	0.01626	0.01028	0.00821	0.00833	0.00258	0.05657	0.00575	0.00396	0.01098
1	0.08565	0.04718	0.06565	0.01968	0.04610	0.11667	0.04881	0.02309	0.03992	0.02515	0.10951	0.06027	0.02404	0.01475	0.04559	0.00336	0.20114	0.00883	0.00514	0.00947
2	0.01277	0.00841	0.01098	0.01159	0.01301	0.00872	0.00886	0.01569	0.01623	0.02390	0.06589	0.14575	0.03497	0.09025	0.20223	0.00633	0.01034	0.12233	0.18450	0.00726
3	0.01423	0.01376	0.05099	0.01672	0.01826	0.01589	0.01404	0.01715	0.01336	0.01988	0.01807	0.02702	0.01694	0.04351	0.42383	0.00955	0.24625	0.00821	0.00413	0.00823
4	0.02198	0.02694	0.26260	0.07111	0.27432	0.01809	0.02477	0.02836	0.01919	0.14557	0.01853	0.02099	0.01346	0.00818	0.00813	0.00256	0.01030	0.00712	0.00502	0.01279
5	0.01093	0.00872	0.00985	0.00986	0.01218	0.00786	0.00727	0.01447	0.04973	0.02590	0.23495	0.16419	0.37393	0.02017	0.00986	0.00284	0.00433	0.01733	0.00815	0.00750
6	0.02242	0.05299	0.14575	0.03219	0.27841	0.14589	0.02175	0.07391	0.02088	0.02737	0.01505	0.01825	0.01209	0.00777	0.00770	0.00228	0.01080	0.00640	0.00443	0.09367
7	0.01024	0.00732	0.00975	0.01149	0.01208	0.00683	0.00772	0.01187	0.01646	0.02209	0.09000	0.65589	0.05666	0.02537	0.01054	0.00332	0.00475	0.02299	0.00782	0.00683
8	0.01575	0.01476	0.02049	0.14343	0.02586	0.04515	0.01593	0.01873	0.01415	0.01996	0.01619	0.02450	0.01482	0.03198	0.27866	0.00725	0.27206	0.00786	0.00399	0.00848
9	0.02595	0.31874	0.03325	0.02231	0.10735	0.31943	0.01653	0.02868	0.02014	0.02090	0.01267	0.01503	0.01101	0.00780	0.00668	0.00203	0.01175	0.00524	0.00395	0.01053
10	0.01190	0.00878	0.01272	0.01272	0.01399	0.01004	0.00960	0.01443	0.01316	0.01882	0.02283	0.03583	0.02216	0.15730	0.58203	0.01257	0.02016	0.00937	0.00454	0.00707
11	0.02327	0.01679	0.01817	0.01483	0.01865	0.01822	0.01121	0.36587	0.02756	0.03691	0.02260	0.03461	0.02098	0.30741	0.02279	0.00486	0.00868	0.00944	0.00691	0.01025
12	0.03039	0.08873	0.02500	0.02088	0.02536	0.62787	0.01592	0.03257	0.02306	0.02027	0.01275	0.01486	0.01070	0.00845	0.00733	0.00211	0.01454	0.00528	0.00423	0.00971
13	0.02524	0.02877	0.02244	0.01997	0.02279	0.37548	0.01558	0.05236	0.02011	0.02243	0.01413	0.01814	0.01218	0.01250	0.03843	0.00300	0.21307	0.00634	0.06761	0.00942
14	0.01003	0.00825	0.00882	0.00905	0.01144	0.00704	0.00664	0.01219	0.01888	0.02318	0.12652	0.16917	0.51720	0.02142	0.00993	0.00287	0.00427	0.01821	0.00783	0.00704
15	0.02056	0.01974	0.03372	0.05099	0.65622	0.01974	0.02550	0.02550	0.01892	0.02714	0.01563	0.02056	0.01316	0.00740	0.00822	0.00247	0.00987	0.00740	0.00411	0.01316
16	0.01280	0.01027	0.01513	0.01460	0.01586	0.01260	0.01153	0.01559	0.01326	0.01939	0.02058	0.03051	0.01932	0.05528	0.57982	0.01192	0.12090	0.00866	0.00433	0.00766
17	0.01177	0.00804	0.00904	0.00915	0.00942	0.00789	0.00530	0.01204	0.01289	0.01695	0.03231	0.09417	0.08534	0.60923	0.03765	0.00733	0.00753	0.01322	0.00542	0.00530
18	0.02580	0.02811	0.02119	0.01854	0.02257	0.34700	0.01440	0.15008	0.02471	0.02727	0.02747	0.02853	0.13188	0.01183	0.01020	0.00250	0.08396	0.00828	0.00568	0.01001
19	0.01588	0.00952	0.01171	0.01056	0.01365	0.00837	0.00813	0.01904	0.02199	0.14750	0.34059	0.06187	0.26501	0.01712	0.00953	0.00267	0.00461	0.01464	0.00887	0.00874
20	0.02403	0.25398	0.02936	0.07441	0.02553	0.26375	0.01556	0.05734	0.01981	0.02167	0.01381	0.01736	0.01197	0.01417	0.07842	0.00337	0.05557	0.00583	0.00418	0.00990
21	0.01120	0.00841	0.01038	0.01002	0.01210	0.00758	0.00746	0.01455	0.02201	0.03005	0.48294	0.09939	0.21651	0.01843	0.00984	0.00270	0.00404	0.01607	0.00872	0.00758
22	0.02756	0.24444	0.06487	0.01934	0.02492	0.44362	0.01630	0.03027	0.02119	0.02042	0.01256	0.01462	0.01068	0.00808	0.00686	0.00206	0.01298	0.00512	0.00402	0.01009

[dist]
# distance from previous block
# <min> <max>
0	4

[block]
# block no. 8 follows, 22 sequences, length 20
# corresponding to MSA columns:
# 357-376
name=unknown_I
#
# <colnr> <probs for GDERKNQSTAVLIFYWHMCP>
#	G	D	E	R	K	N	Q	S	T	A	V	L	I	F	Y	W	H	M	C	P
0	0.07275	0.14511	0.02730	0.02148	0.07515	0.33974	0.01603	0.15578	0.02476	0.02849	0.01427	0.01611	0.01151	0.00847	0.00722	0.00221	0.01182	0.00576	0.00504	0.01099
1	0.01951	0.02620	0.16518	0.02628	0.05880	0.07658	0.16210	0.02558	0.05237	0.02405	0.01480	0.01960	0.01213	0.01038	0.01555	0.00301	0.26548	0.00759	0.00409	0.01071
2	0.01220	0.00944	0.01189	0.01201	0.01454	0.00835	0.00904	0.01468	0.01695	0.02308	0.04267	0.34046	0.12137	0.02277	0.04761	0.00349	0.00647	0.11101	0.00693	0.16503
3	0.01438	0.01260	0.01817	0.01672	0.01762	0.01639	0.01349	0.01689	0.01310	0.01957	0.01773	0.02687	0.01684	0.04326	0.41685	0.00948	0.28959	0.00825	0.00413	0.00808
4	0.02016	0.01933	0.03299	0.10392	0.60646	0.01963	0.02529	0.02514	0.01872	0.02665	0.01555	0.02069	0.01299	0.00748	0.00823	0.00249	0.00997	0.00740	0.00408	0.01283
5	0.60884	0.01432	0.01127	0.01026	0.01472	0.01635	0.00833	0.02336	0.01483	0.03595	0.01483	0.01717	0.01158	0.00813	0.00528	0.00244	0.00589	0.00518	0.16256	0.00873
6	0.01038	0.00800	0.00890	0.00946	0.01101	0.00716	0.00645	0.01185	0.01662	0.02075	0.06092	0.25394	0.34976	0.16686	0.01687	0.00407	0.00519	0.01814	0.00715	0.00652
7	0.01013	0.00762	0.00939	0.01065	0.01185	0.00688	0.00734	0.01189	0.01715	0.02222	0.09027	0.49852	0.21761	0.02417	0.01035	0.00318	0.00460	0.02149	0.00779	0.00688
8	0.02221	0.71304	0.04353	0.01421	0.02132	0.03287	0.01421	0.02488	0.01688	0.01955	0.01155	0.01333	0.01066	0.00711	0.00533	0.00178	0.00888	0.00444	0.00355	0.01066
9	0.02381	0.01941	0.02056	0.01754	0.02280	0.02213	0.01391	0.21248	0.46776	0.03982	0.02982	0.02781	0.02212	0.01090	0.00841	0.00272	0.00731	0.00884	0.00841	0.01343
10	0.69825	0.01588	0.01287	0.01129	0.01655	0.01803	0.00930	0.02593	0.01504	0.09592	0.01356	0.01488	0.01008	0.00795	0.00544	0.00257	0.00649	0.00486	0.00562	0.00948
11	0.02478	0.02338	0.02088	0.01824	0.02320	0.15903	0.01423	0.14567	0.40440	0.03485	0.02694	0.02567	0.02028	0.01047	0.00823	0.00262	0.00880	0.00820	0.00755	0.01258
12	0.02627	0.01832	0.02049	0.01662	0.02187	0.01940	0.01328	0.40191	0.03118	0.09434	0.02666	0.17764	0.02395	0.01347	0.00872	0.00263	0.00780	0.01112	0.00814	0.05621
13	0.02240	0.02435	0.02829	0.16999	0.29849	0.20982	0.02165	0.02639	0.01927	0.02337	0.01425	0.01907	0.01183	0.00852	0.00961	0.00253	0.06833	0.00679	0.00404	0.01100
14	0.02066	0.01785	0.01878	0.01691	0.02160	0.02066	0.01315	0.04414	0.64121	0.03475	0.03381	0.03099	0.02536	0.01127	0.00845	0.00282	0.00657	0.00939	0.00845	0.01315
15	0.01030	0.00815	0.00932	0.00993	0.01193	0.00717	0.00728	0.01249	0.01850	0.02325	0.12400	0.25845	0.39058	0.02221	0.01014	0.00301	0.00456	0.05383	0.00784	0.00705
16	0.01022	0.00795	0.00914	0.00981	0.01150	0.00704	0.00689	0.01211	0.01776	0.02250	0.11283	0.31200	0.34344	0.06298	0.01202	0.00331	0.00464	0.01930	0.00767	0.00686
17	0.01092	0.00832	0.01004	0.00990	0.01197	0.00744	0.00731	0.01396	0.02112	0.02831	0.39336	0.14065	0.26778	0.01936	0.00990	0.00276	0.00412	0.01684	0.00850	0.00744
18	0.03103	0.03959	0.02354	0.02140	0.02568	0.67469	0.01605	0.03317	0.02354	0.02033	0.01284	0.01498	0.01070	0.00856	0.00749	0.00214	0.01498	0.00535	0.00428	0.00963
19	0.03143	0.02772	0.02455	0.01974	0.02574	0.20287	0.01586	0.46603	0.03482	0.04362	0.01801	0.01859	0.01319	0.00959	0.00809	0.00240	0.01074	0.00690	0.00721	0.01290

[dist]
# distance from previous block
# <min> <max>
8	19

[block]
# block no. 9 follows, 22 sequences, length 18
# corresponding to MSA columns:
# 396-413
name=unknown_J
#
# <colnr> <probs for GDERKNQSTAVLIFYWHMCP>
#	G	D	E	R	K	N	Q	S	T	A	V	L	I	F	Y	W	H	M	C	P
0	0.08836	0.16696	0.05121	0.01717	0.02227	0.19727	0.01467	0.05514	0.14680	0.02686	0.02179	0.02989	0.01923	0.01093	0.00768	0.00253	0.00981	0.09524	0.00570	0.01051
1	0.10900	0.02167	0.02280	0.06581	0.07721	0.07927	0.01563	0.34791	0.05451	0.04152	0.06729	0.02270	0.01841	0.00987	0.00800	0.00251	0.00904	0.00761	0.00702	0.01223
2	0.01200	0.01478	0.12996	0.01219	0.01632	0.00966	0.01151	0.01636	0.02087	0.02836	0.34328	0.05995	0.26016	0.01669	0.00946	0.00268	0.00555	0.01424	0.00763	0.00837
3	0.02083	0.06263	0.01868	0.01464	0.01922	0.01719	0.01172	0.08462	0.25916	0.10974	0.04040	0.06915	0.15449	0.01341	0.00924	0.00268	0.03287	0.01087	0.00782	0.04066
4	0.01082	0.00846	0.00981	0.00947	0.01184	0.00744	0.00710	0.01387	0.02131	0.02808	0.37841	0.07067	0.35508	0.01894	0.00981	0.00271	0.00406	0.01623	0.00846	0.00744
5	0.01698	0.04107	0.61334	0.02591	0.08671	0.01933	0.03027	0.02624	0.01765	0.02638	0.01497	0.01779	0.01074	0.00785	0.00792	0.00262	0.01208	0.00624	0.00356	0.01235
6	0.03108	0.03810	0.02367	0.02119	0.02569	0.61548	0.01603	0.08749	0.02496	0.02325	0.01349	0.01543	0.01101	0.00869	0.00757	0.00217	0.01445	0.00554	0.00465	0.01004
