[name]
unknown

[dist]
# distance from previous block
# <min> <max>
6	232

[block]
# block no. 0 follows, 23 sequences, length 70
# corresponding to MSA columns:
# 238-307
name=unknown_A
#
# <colnr> <probs for GDERKNQSTAVLIFYWHMCP>
#	G	D	E	R	K	N	Q	S	T	A	V	L	I	F	Y	W	H	M	C	P
0	0.46837	0.01793	0.01629	0.01348	0.01894	0.02024	0.01109	0.24686	0.02289	0.04114	0.01740	0.01834	0.03933	0.00891	0.00635	0.00249	0.00715	0.00602	0.00626	0.01053
1	0.02513	0.02538	0.02037	0.01776	0.02196	0.29293	0.01384	0.21231	0.02514	0.02931	0.02044	0.02339	0.04816	0.02134	0.16089	0.00471	0.01394	0.00728	0.00560	0.01013
2	0.01926	0.02124	0.04421	0.03650	0.15450	0.02047	0.49828	0.02552	0.01875	0.02582	0.01597	0.02139	0.01234	0.00722	0.01001	0.00271	0.04150	0.00905	0.00407	0.01120
3	0.01308	0.00934	0.01308	0.01494	0.01681	0.00934	0.01308	0.01681	0.01868	0.02428	0.04296	0.09153	0.04670	0.02242	0.01121	0.00374	0.00747	0.60960	0.00747	0.00747
4	0.02008	0.01928	0.03294	0.04981	0.66422	0.01928	0.02490	0.02490	0.01848	0.02651	0.01526	0.02008	0.01285	0.00723	0.00803	0.00241	0.00964	0.00723	0.00402	0.01285
5	0.02299	0.02659	0.02561	0.02199	0.02424	0.29366	0.05745	0.02522	0.01719	0.02009	0.01180	0.01675	0.01068	0.01133	0.01760	0.00290	0.37435	0.00650	0.00384	0.00923
6	0.03641	0.01381	0.01883	0.01444	0.02071	0.01193	0.01193	0.03954	0.02322	0.66984	0.03201	0.02762	0.02009	0.01004	0.00816	0.00251	0.00690	0.00816	0.01004	0.01381
7	0.01747	0.01594	0.02601	0.03783	0.45343	0.01581	0.02039	0.02177	0.01852	0.02556	0.02810	0.04197	0.08394	0.01198	0.00891	0.00274	0.00861	0.14485	0.00514	0.01104
8	0.02949	0.03473	0.02257	0.01998	0.02448	0.54541	0.01522	0.13006	0.02527	0.02505	0.01674	0.01822	0.03964	0.00912	0.00755	0.00218	0.01324	0.00609	0.00497	0.01001
9	0.01148	0.00829	0.01085	0.01021	0.01212	0.00766	0.00766	0.01531	0.02297	0.03254	0.65994	0.06061	0.07656	0.01659	0.00957	0.00255	0.00383	0.01467	0.00893	0.00766
10	0.01101	0.00799	0.00863	0.00863	0.00960	0.00750	0.00536	0.01174	0.01418	0.01794	0.04573	0.06200	0.25430	0.46765	0.03001	0.00604	0.00653	0.01370	0.00585	0.00560
11	0.18910	0.20519	0.36554	0.01799	0.02714	0.02201	0.02115	0.02493	0.01622	0.02648	0.01300	0.01521	0.00997	0.00748	0.00647	0.00235	0.00987	0.00522	0.00380	0.01087
12	0.28539	0.03262	0.43751	0.01869	0.02820	0.01862	0.02243	0.02504	0.01595	0.02951	0.01340	0.01573	0.00975	0.00765	0.00675	0.00255	0.00996	0.00543	0.00399	0.01085
13	0.01158	0.00836	0.01098	0.01049	0.01240	0.00776	0.00798	0.01540	0.02272	0.03205	0.62357	0.06243	0.07480	0.01693	0.00967	0.00262	0.00404	0.04974	0.00885	0.00765
14	0.02008	0.01928	0.03294	0.04981	0.66422	0.01928	0.02490	0.02490	0.01848	0.02651	0.01526	0.02008	0.01285	0.00723	0.00803	0.00241	0.00964	0.00723	0.00402	0.01285
15	0.01627	0.04197	0.67279	0.02313	0.03512	0.01884	0.02998	0.02570	0.01713	0.02570	0.01456	0.01713	0.01028	0.00771	0.00771	0.00257	0.01199	0.00600	0.00343	0.01199
16	0.01789	0.01816	0.02711	0.02256	0.02337	0.02443	0.07812	0.02016	0.01308	0.02016	0.01122	0.01816	0.01081	0.01348	0.02496	0.00347	0.63283	0.00734	0.00360	0.00908
17	0.00968	0.00788	0.00857	0.00911	0.01119	0.00677	0.00656	0.01154	0.01764	0.02157	0.07132	0.26141	0.48463	0.02196	0.00981	0.00290	0.00428	0.01885	0.00753	0.00677
18	0.01888	0.01805	0.03077	0.21264	0.51076	0.01896	0.02431	0.02385	0.01791	0.02505	0.01505	0.02047	0.01234	0.00745	0.00805	0.00248	0.00994	0.00723	0.00391	0.01188
19	0.01315	0.00820	0.01063	0.01063	0.01227	0.00901	0.00817	0.01644	0.01479	0.02387	0.02382	0.03116	0.02051	0.03821	0.38435	0.00813	0.01382	0.00820	0.33727	0.00738
20	0.02018	0.01743	0.01835	0.01651	0.02110	0.02018	0.01284	0.04312	0.64956	0.03394	0.03303	0.03027	0.02477	0.01101	0.00826	0.00275	0.00642	0.00917	0.00826	0.01284
21	0.03641	0.01381	0.01883	0.01444	0.02071	0.01193	0.01193	0.03954	0.02322	0.66984	0.03201	0.02762	0.02009	0.01004	0.00816	0.00251	0.00690	0.00816	0.01004	0.01381
22	0.02248	0.02141	0.03087	0.04293	0.51924	0.07601	0.02277	0.11282	0.02166	0.02946	0.01563	0.01954	0.01279	0.00768	0.00798	0.00239	0.00996	0.00707	0.00461	0.01270
23	0.05056	0.03973	0.61025	0.02314	0.03462	0.01890	0.06066	0.02563	0.01709	0.02620	0.01451	0.01720	0.01032	0.00766	0.00769	0.00258	0.01182	0.00611	0.00353	0.01179
24	0.03641	0.01381	0.01883	0.01444	0.02071	0.01193	0.01193	0.03954	0.02322	0.66984	0.03201	0.02762	0.02009	0.01004	0.00816	0.00251	0.00690	0.00816	0.01004	0.01381
25	0.02312	0.02067	0.03224	0.03576	0.32349	0.02131	0.13217	0.20807	0.06164	0.03417	0.01777	0.02083	0.01374	0.00813	0.00835	0.00250	0.00997	0.00779	0.00550	0.01279
26	0.02008	0.01928	0.03294	0.04981	0.66422	0.01928	0.02490	0.02490	0.01848	0.02651	0.01526	0.02008	0.01285	0.00723	0.00803	0.00241	0.00964	0.00723	0.00402	0.01285
27	0.03031	0.03867	0.02299	0.02090	0.02508	0.68226	0.01568	0.03240	0.02299	0.01986	0.01254	0.01463	0.01045	0.00836	0.00732	0.00209	0.01463	0.00523	0.00418	0.00941
28	0.01238	0.00912	0.01211	0.01360	0.01564	0.00884	0.01170	0.01578	0.01864	0.02381	0.05079	0.08885	0.16922	0.02204	0.01088	0.00354	0.00680	0.49142	0.00748	0.00735
29	0.03031	0.03867	0.02299	0.02090	0.02508	0.68226	0.01568	0.03240	0.02299	0.01986	0.01254	0.01463	0.01045	0.00836	0.00732	0.00209	0.01463	0.00523	0.00418	0.00941
30	0.01159	0.00869	0.01304	0.01304	0.01449	0.01014	0.01014	0.01449	0.01304	0.01884	0.02173	0.03188	0.02029	0.06086	0.68268	0.01304	0.02173	0.00869	0.00435	0.00724
31	0.01701	0.01458	0.01691	0.01226	0.01933	0.01132	0.00979	0.02165	0.05084	0.02684	0.01542	0.01755	0.01270	0.00628	0.00613	0.00129	0.00603	0.00504	0.00499	0.72403
32	0.01180	0.00787	0.00885	0.00885	0.00885	0.00787	0.00492	0.01180	0.01180	0.01573	0.02557	0.05310	0.02950	0.71483	0.04130	0.00787	0.00787	0.01180	0.00492	0.00492
33	0.01513	0.00756	0.00756	0.00756	0.00945	0.00756	0.00567	0.01891	0.01702	0.03025	0.02647	0.03025	0.02080	0.00945	0.00567	0.00189	0.00378	0.00756	0.75988	0.00756
34	0.02008	0.01928	0.03294	0.04981	0.66422	0.01928	0.02490	0.02490	0.01848	0.02651	0.01526	0.02008	0.01285	0.00723	0.00803	0.00241	0.00964	0.00723	0.00402	0.01285
35	0.03305	0.01824	0.02145	0.01655	0.02286	0.01862	0.01364	0.32581	0.05732	0.34627	0.02606	0.02384	0.01728	0.00994	0.00814	0.00248	0.00785	0.00779	0.00904	0.01376
36	0.01683	0.01442	0.01683	0.01202	0.01923	0.01082	0.00961	0.02043	0.01683	0.02644	0.01442	0.01683	0.01202	0.00601	0.00601	0.00120	0.00601	0.00481	0.00481	0.76444
37	0.01513	0.00756	0.00756	0.00756	0.00945	0.00756	0.00567	0.01891	0.01702	0.03025	0.02647	0.03025	0.02080	0.00945	0.00567	0.00189	0.00378	0.00756	0.75988	0.00756
38	0.03035	0.03762	0.02308	0.02076	0.02509	0.63908	0.01566	0.07214	0.02399	0.02191	0.01300	0.01495	0.01067	0.00845	0.00737	0.00211	0.01426	0.00536	0.00444	0.00970
39	0.00959	0.00822	0.00822	0.00822	0.01096	0.00685	0.00617	0.01165	0.01850	0.02192	0.08220	0.07809	0.66092	0.02055	0.00959	0.00274	0.00411	0.01713	0.00754	0.00685
40	0.01743	0.18673	0.53817	0.02115	0.03207	0.02168	0.02654	0.02540	0.01699	0.02429	0.01386	0.01625	0.01031	0.00755	0.00717	0.00239	0.01128	0.00564	0.00344	0.01165
41	0.02754	0.21025	0.05667	0.01911	0.02445	0.45320	0.01584	0.06257	0.02190	0.02160	0.01269	0.01459	0.01061	0.00805	0.00684	0.00204	0.01270	0.00515	0.00418	0.01001
42	0.01006	0.00722	0.00928	0.01085	0.01142	0.00674	0.00718	0.01137	0.01535	0.02029	0.04523	0.60111	0.09111	0.09539	0.01346	0.00372	0.00499	0.02153	0.00727	0.00644
43	0.01900	0.01818	0.03099	0.19625	0.52621	0.01900	0.02437	0.02396	0.01797	0.02520	0.01507	0.02043	0.01239	0.00743	0.00805	0.00248	0.00991	0.00723	0.00392	0.01198
44	0.03031	0.03867	0.02299	0.02090	0.02508	0.68226	0.01568	0.03240	0.02299	0.01986	0.01254	0.01463	0.01045	0.00836	0.00732	0.00209	0.01463	0.00523	0.00418	0.00941
45	0.02088	0.01778	0.01874	0.01665	0.02137	0.02051	0.01301	0.08215	0.60938	0.03507	0.03214	0.02956	0.02405	0.01093	0.00825	0.00273	0.00659	0.00905	0.00825	0.01291
46	0.00959	0.00822	0.00822	0.00822	0.01096	0.00685	0.00617	0.01165	0.01850	0.02192	0.08220	0.07809	0.66092	0.02055	0.00959	0.00274	0.00411	0.01713	0.00754	0.00685
47	0.01167	0.00839	0.01151	0.01151	0.01243	0.00931	0.00824	0.01351	0.01259	0.01771	0.02313	0.03961	0.02364	0.29920	0.44893	0.01115	0.01668	0.00983	0.00455	0.00640
48	0.00959	0.00822	0.00822	0.00822	0.01096	0.00685	0.00617	0.01165	0.01850	0.02192	0.08220	0.07809	0.66092	0.02055	0.00959	0.00274	0.00411	0.01713	0.00754	0.00685
49	0.03031	0.03867	0.02299	0.02090	0.02508	0.68226	0.01568	0.03240	0.02299	0.01986	0.01254	0.01463	0.01045	0.00836	0.00732	0.00209	0.01463	0.00523	0.00418	0.00941
50	0.01690	0.11959	0.60061	0.02207	0.03348	0.02036	0.02814	0.02554	0.01706	0.02494	0.01419	0.01666	0.01029	0.00762	0.00742	0.00247	0.01161	0.00581	0.00343	0.01181
51	0.28539	0.03262	0.43751	0.01869	0.02820	0.01862	0.02243	0.02504	0.01595	0.02951	0.01340	0.01573	0.00975	0.00765	0.00675	0.00255	0.00996	0.00543	0.00399	0.01085
52	0.01627	0.04197	0.67279	0.02313	0.03512	0.01884	0.02998	0.02570	0.01713	0.02570	0.01456	0.01713	0.01028	0.00771	0.00771	0.00257	0.01199	0.00600	0.00343	0.01199
53	0.00959	0.00822	0.00822	0.00822	0.01096	0.00685	0.00617	0.01165	0.01850	0.02192	0.08220	0.07809	0.66092	0.02055	0.00959	0.00274	0.00411	0.01713	0.00754	0.00685
54	0.01087	0.00827	0.00999	0.00956	0.01174	0.00739	0.00717	0.01412	0.02152	0.02909	0.47225	0.06629	0.26640	0.01788	0.00958	0.00261	0.00392	0.01547	0.00848	0.00739
55	0.00959	0.00822	0.00822	0.00822	0.01096	0.00685	0.00617	0.01165	0.01850	0.02192	0.08220	0.07809	0.66092	0.02055	0.00959	0.00274	0.00411	0.01713	0.00754	0.00685
56	0.02709	0.03332	0.02376	0.14318	0.06404	0.52864	0.01739	0.02992	0.02155	0.02036	0.01302	0.01617	0.01064	0.00826	0.00750	0.00222	0.01369	0.00569	0.00407	0.00952
57	0.02008	0.01928	0.03294	0.04981	0.66422	0.01928	0.02490	0.02490	0.01848	0.02651	0.01526	0.02008	0.01285	0.00723	0.00803	0.00241	0.00964	0.00723	0.00402	0.01285
58	0.02892	0.06641	0.02494	0.02338	0.08916	0.55165	0.01651	0.06332	0.02305	0.02215	0.01313	0.01537	0.01087	0.00826	0.00734	0.00212	0.01356	0.00550	0.00434	0.01003
59	0.01630	0.00951	0.01092	0.00994	0.01327	0.00814	0.00757	0.01846	0.01910	0.18008	0.06462	0.09730	0.43508	0.05916	0.01115	0.00302	0.00505	0.01493	0.00799	0.00843
60	0.01174	0.00864	0.01280	0.01280	0.01427	0.01003	0.00995	0.01468	0.01321	0.01933	0.02194	0.03181	0.02031	0.05863	0.65337	0.01256	0.02096	0.00864	0.03706	0.00726
61	0.02061	0.02226	0.06922	0.07960	0.53238	0.08406	0.02417	0.02546	0.01872	0.02550	0.01491	0.01946	0.01236	0.00742	0.00795	0.00240	0.01033	0.00696	0.00398	0.01226
62	0.02934	0.03594	0.02260	0.02038	0.02470	0.59053	0.01539	0.05825	0.08492	0.02252	0.01483	0.01636	0.01199	0.00868	0.00744	0.00217	0.01360	0.00570	0.00474	0.00992
63	0.00988	0.00787	0.00890	0.00967	0.01156	0.00689	0.00702	0.01180	0.01745	0.02162	0.06678	0.30361	0.41219	0.02238	0.00995	0.00299	0.00450	0.05062	0.00753	0.00679
64	0.01180	0.00787	0.00885	0.00885	0.00885	0.00787	0.00492	0.01180	0.01180	0.01573	0.02557	0.05310	0.02950	0.71483	0.04130	0.00787	0.00787	0.01180	0.00492	0.00492
65	0.02610	0.02719	0.02525	0.02338	0.08817	0.27487	0.06825	0.15435	0.17227	0.03058	0.01933	0.02042	0.01487	0.00902	0.00796	0.00240	0.01100	0.00713	0.00590	0.01156
66	0.02661	0.02661	0.02715	0.03116	0.26649	0.23666	0.01909	0.20923	0.02579	0.03166	0.01563	0.01813	0.01235	0.00834	0.00782	0.00231	0.01105	0.00660	0.00529	0.01201
67	0.10234	0.01788	0.02824	0.16413	0.44498	0.01897	0.02204	0.02497	0.05097	0.02692	0.01561	0.02015	0.01265	0.00763	0.00773	0.00249	0.00932	0.00702	0.00428	0.01169
68	0.02082	0.02173	0.02656	0.32188	0.22660	0.16940	0.02136	0.05232	0.01941	0.02360	0.01447	0.01949	0.01147	0.00798	0.00791	0.00247	0.01125	0.00677	0.00406	0.01045
69	0.06105	0.08520	0.08720	0.19340	0.17396	0.04578	0.01816	0.02113	0.01751	0.02352	0.02944	0.03203	0.15853	0.01056	0.00790	0.00250	0.00884	0.00882	0.00467	0.00982

[dist]
# distance from previous block
# <min> <max>
4	25

[block]
# block no. 1 follows, 23 sequences, length 81
# corresponding to MSA columns:
# 333-413
name=unknown_B
#
# <colnr> <probs for GDERKNQSTAVLIFYWHMCP>
#	G	D	E	R	K	N	Q	S	T	A	V	L	I	F	Y	W	H	M	C	P
0	0.16134	0.01822	0.09561	0.02184	0.15537	0.05511	0.04097	0.02057	0.01756	0.02681	0.07933	0.15286	0.09676	0.01294	0.00816	0.00265	0.00776	0.01110	0.00558	0.00945
1	0.02214	0.02225	0.02876	0.15244	0.39787	0.15701	0.02199	0.02642	0.01925	0.05326	0.01531	0.01955	0.01233	0.00774	0.00790	0.00240	0.01076	0.00685	0.00425	0.01152
2	0.02103	0.01885	0.03124	0.04576	0.58829	0.01891	0.02343	0.02685	0.05670	0.06420	0.01730	0.02113	0.01399	0.00762	0.00805	0.00244	0.00929	0.00740	0.00462	0.01291
3	0.11376	0.02818	0.02568	0.03129	0.28037	0.33792	0.01857	0.02838	0.02010	0.02448	0.01349	0.01665	0.01122	0.00781	0.00733	0.00227	0.01164	0.00593	0.00421	0.01072
4	0.02248	0.07155	0.34012	0.02069	0.02947	0.14830	0.02218	0.16033	0.02281	0.02982	0.01507	0.01693	0.01118	0.00815	0.00751	0.00234	0.01136	0.00599	0.00467	0.04908
5	0.02776	0.06237	0.02421	0.02339	0.09945	0.53594	0.01616	0.02985	0.02143	0.02026	0.01291	0.01583	0.01096	0.00939	0.00881	0.04884	0.01333	0.00554	0.00409	0.00949
6	0.01769	0.12812	0.43960	0.02452	0.03494	0.02102	0.17167	0.02558	0.01753	0.02488	0.01456	0.01771	0.01078	0.00740	0.00782	0.00250	0.01195	0.00663	0.00359	0.01153
7	0.02198	0.40414	0.16913	0.01762	0.02466	0.15411	0.01782	0.02586	0.01763	0.02064	0.01217	0.01448	0.01041	0.00782	0.00745	0.00209	0.05292	0.00502	0.00360	0.01045
8	0.00971	0.00776	0.00870	0.00945	0.01128	0.00675	0.00671	0.01151	0.01731	0.02144	0.06717	0.33141	0.41731	0.02250	0.00990	0.00296	0.00435	0.01951	0.00753	0.00675
9	0.01180	0.00787	0.00885	0.00885	0.00885	0.00787	0.00492	0.01180	0.01180	0.01573	0.02557	0.05310	0.02950	0.71483	0.04130	0.00787	0.00787	0.01180	0.00492	0.00492
10	0.02674	0.01913	0.02092	0.01703	0.02260	0.02105	0.01374	0.32121	0.26301	0.11621	0.05216	0.02612	0.02118	0.01053	0.00823	0.00257	0.00755	0.00840	0.00843	0.01319
11	0.01513	0.00756	0.00756	0.00756	0.00945	0.00756	0.00567	0.01891	0.01702	0.03025	0.02647	0.03025	0.02080	0.00945	0.00567	0.00189	0.00378	0.00756	0.75988	0.00756
12	0.02671	0.07854	0.14979	0.02194	0.05249	0.44978	0.01868	0.06615	0.02219	0.02306	0.01338	0.01552	0.01071	0.00819	0.00734	0.00219	0.01323	0.00552	0.00422	0.01036
13	0.02204	0.02423	0.10564	0.03132	0.23797	0.07996	0.10267	0.12005	0.13606	0.03075	0.01893	0.02124	0.01456	0.00839	0.00819	0.00251	0.01022	0.00758	0.00535	0.01233
14	0.02665	0.02423	0.02403	0.19659	0.03320	0.17494	0.01735	0.33598	0.02890	0.03595	0.01655	0.01893	0.01224	0.00900	0.00793	0.00243	0.01074	0.00680	0.00603	0.01153
15	0.02169	0.71972	0.04252	0.01388	0.02083	0.03211	0.01388	0.02430	0.01649	0.01909	0.01128	0.01302	0.01041	0.00694	0.00521	0.00174	0.00868	0.00434	0.00347	0.01041
16	0.00959	0.00822	0.00822	0.00822	0.01096	0.00685	0.00617	0.01165	0.01850	0.02192	0.08220	0.07809	0.66092	0.02055	0.00959	0.00274	0.00411	0.01713	0.00754	0.00685
17	0.01408	0.01077	0.01145	0.01054	0.01393	0.01024	0.00812	0.05570	0.11245	0.06359	0.10377	0.06358	0.45610	0.01765	0.00922	0.00270	0.00488	0.01470	0.00791	0.00860
18	0.01041	0.00811	0.00856	0.00853	0.01033	0.00723	0.00583	0.01189	0.01653	0.02044	0.09374	0.06898	0.42331	0.24811	0.01999	0.00441	0.00533	0.01525	0.00675	0.00626
19	0.01799	0.01714	0.02916	0.33347	0.39689	0.01873	0.02386	0.02307	0.01749	0.02397	0.01489	0.02076	0.01196	0.00762	0.00807	0.00254	0.01016	0.00722	0.00384	0.01117
20	0.77215	0.01569	0.01193	0.01067	0.01569	0.01820	0.00879	0.02385	0.01381	0.03641	0.01130	0.01318	0.00879	0.00753	0.00502	0.00251	0.00628	0.00439	0.00502	0.00879
21	0.02627	0.03153	0.07644	0.02330	0.09611	0.37591	0.01734	0.08862	0.13520	0.02647	0.01730	0.01868	0.01357	0.00878	0.00767	0.00231	0.01187	0.00641	0.00519	0.01102
22	0.01298	0.01074	0.01571	0.01491	0.01603	0.01346	0.01186	0.01563	0.01290	0.01899	0.01923	0.02869	0.01811	0.05033	0.53462	0.01090	0.17480	0.00833	0.00417	0.00761
23	0.03031	0.03867	0.02299	0.02090	0.02508	0.68226	0.01568	0.03240	0.02299	0.01986	0.01254	0.01463	0.01045	0.00836	0.00732	0.00209	0.01463	0.00523	0.00418	0.00941
24	0.01180	0.00787	0.00885	0.00885	0.00885	0.00787	0.00492	0.01180	0.01180	0.01573	0.02557	0.05310	0.02950	0.71483	0.04130	0.00787	0.00787	0.01180	0.00492	0.00492
25	0.74043	0.04545	0.01322	0.01081	0.01591	0.01879	0.00900	0.02387	0.01392	0.03567	0.01130	0.01317	0.00886	0.00751	0.00503	0.00248	0.00638	0.00439	0.00496	0.00886
26	0.01134	0.00794	0.00872	0.00872	0.00929	0.00765	0.00518	0.01177	0.01320	0.01702	0.03738	0.05831	0.16120	0.57002	0.03469	0.00680	0.00708	0.01291	0.00546	0.00532
27	0.02076	0.20561	0.06687	0.01888	0.02252	0.11987	0.01662	0.02560	0.08597	0.02143	0.01380	0.01742	0.01210	0.01073	0.01511	0.00272	0.30360	0.00628	0.00413	0.00998
28	0.01072	0.00826	0.00979	0.00941	0.01166	0.00733	0.00706	0.01384	0.02117	0.02828	0.42817	0.06762	0.31099	0.01818	0.00958	0.00263	0.00394	0.01566	0.00837	0.00733
29	0.01773	0.16965	0.46275	0.02292	0.03340	0.02164	0.11268	0.02547	0.01729	0.02447	0.01419	0.01701	0.01059	0.00744	0.00749	0.00243	0.01159	0.00618	0.00353	0.01154
30	0.01099	0.00812	0.01033	0.01056	0.01230	0.00746	0.00790	0.01402	0.02029	0.02758	0.38040	0.20260	0.16267	0.01962	0.00989	0.00285	0.00440	0.07245	0.00828	0.00729
31	0.01798	0.01437	0.01696	0.01701	0.08931	0.01479	0.01179	0.18160	0.09906	0.03373	0.17295	0.04694	0.22170	0.01427	0.00887	0.00259	0.00621	0.01199	0.00767	0.01022
32	0.01644	0.01103	0.01345	0.01236	0.01492	0.01220	0.00972	0.13583	0.01916	0.02874	0.02283	0.02897	0.01920	0.03444	0.33456	0.00740	0.01348	0.00806	0.24859	0.00861
33	0.01787	0.06487	0.47664	0.02114	0.03105	0.01801	0.05509	0.02642	0.04369	0.07456	0.07689	0.02256	0.01790	0.00877	0.00792	0.00254	0.01056	0.00720	0.00467	0.01163
34	0.02840	0.03912	0.11130	0.02121	0.02645	0.59210	0.01762	0.03149	0.02220	0.02065	0.01282	0.01497	0.01043	0.00827	0.00737	0.00216	0.01427	0.00533	0.00408	0.00976
35	0.05654	0.14814	0.53833	0.02101	0.03184	0.02092	0.02632	0.02538	0.01686	0.02521	0.01387	0.01627	0.01022	0.00758	0.00717	0.00243	0.01117	0.00565	0.00352	0.01157
36	0.08018	0.03246	0.41494	0.02521	0.06505	0.01858	0.15306	0.02502	0.01744	0.02661	0.01645	0.02250	0.01294	0.00839	0.00810	0.00266	0.01147	0.04369	0.00398	0.01127
37	0.03031	0.03867	0.02299	0.02090	0.02508	0.68226	0.01568	0.03240	0.02299	0.01986	0.01254	0.01463	0.01045	0.00836	0.00732	0.00209	0.01463	0.00523	0.00418	0.00941
38	0.02008	0.01928	0.03294	0.04981	0.66422	0.01928	0.02490	0.02490	0.01848	0.02651	0.01526	0.02008	0.01285	0.00723	0.00803	0.00241	0.00964	0.00723	0.00402	0.01285
39	0.00959	0.00822	0.00822	0.00822	0.01096	0.00685	0.00617	0.01165	0.01850	0.02192	0.08220	0.07809	0.66092	0.02055	0.00959	0.00274	0.00411	0.01713	0.00754	0.00685
40	0.01021	0.00824	0.00908	0.00887	0.01134	0.00711	0.00665	0.01284	0.01996	0.02539	0.27089	0.07238	0.47007	0.01926	0.00958	0.00268	0.00402	0.01632	0.00799	0.00711
41	0.02679	0.01170	0.01564	0.01272	0.01737	0.01025	0.01022	0.03010	0.02289	0.42586	0.24135	0.04114	0.07251	0.01275	0.00870	0.00254	0.00574	0.01078	0.00954	0.01142
42	0.01292	0.01065	0.01559	0.01482	0.01596	0.01332	0.01178	0.01558	0.01291	0.01899	0.01934	0.02883	0.01821	0.05080	0.54120	0.01099	0.16800	0.00835	0.00418	0.00760
43	0.03540	0.01359	0.01851	0.01427	0.02037	0.01175	0.01175	0.03857	0.02321	0.64415	0.05732	0.02895	0.02236	0.01031	0.00822	0.00251	0.00678	0.00842	0.01000	0.01356
44	0.01160	0.00864	0.01279	0.01279	0.01416	0.01001	0.00983	0.01433	0.01297	0.01865	0.02196	0.03313	0.02083	0.09960	0.64468	0.01273	0.02091	0.00888	0.00438	0.00711
45	0.02065	0.58919	0.16390	0.01566	0.02358	0.02955	0.01698	0.02457	0.01661	0.02036	0.01191	0.01381	0.01039	0.00709	0.00569	0.00190	0.00932	0.00466	0.00346	0.01072
46	0.01969	0.01871	0.03091	0.10088	0.55552	0.01926	0.02362	0.02619	0.07495	0.02669	0.01679	0.02113	0.01375	0.00764	0.00806	0.00247	0.00945	0.00740	0.00436	0.01253
47	0.01935	0.42612	0.31555	0.01789	0.02702	0.02636	0.02086	0.02490	0.01677	0.02195	0.01270	0.01480	0.01035	0.00727	0.00629	0.00210	0.01011	0.00506	0.00345	0.01110
48	0.02071	0.01769	0.01865	0.01662	0.02130	0.02043	0.01297	0.07254	0.61927	0.03480	0.03236	0.02974	0.02423	0.01095	0.00825	0.00274	0.00655	0.00908	0.00825	0.01289
49	0.02191	0.02393	0.02741	0.22368	0.29338	0.22486	0.02137	0.02605	0.01924	0.02281	0.01418	0.01883	0.01153	0.00783	0.00783	0.00239	0.01152	0.00660	0.00395	0.01070
50	0.01981	0.02077	0.06496	0.11549	0.54003	0.04715	0.02453	0.02482	0.01836	0.02557	0.01502	0.01986	0.01240	0.00740	0.00799	0.00244	0.01010	0.00708	0.00395	0.01226
51	0.01884	0.01789	0.02979	0.21700	0.46528	0.01901	0.02354	0.02493	0.05660	0.02545	0.01613	0.02111	0.01305	0.00769	0.00807	0.00251	0.00975	0.00734	0.00417	0.01185
52	0.00976	0.00800	0.00861	0.00893	0.01119	0.00685	0.00652	0.01180	0.01820	0.02234	0.11042	0.19863	0.50813	0.02125	0.00974	0.00284	0.00421	0.01812	0.00762	0.00685
53	0.01683	0.01442	0.01683	0.01202	0.01923	0.01082	0.00961	0.02043	0.01683	0.02644	0.01442	0.01683	0.01202	0.00601	0.00601	0.00120	0.00601	0.00481	0.00481	0.76444
54	0.01513	0.00756	0.00756	0.00756	0.00945	0.00756	0.00567	0.01891	0.01702	0.03025	0.02647	0.03025	0.02080	0.00945	0.00567	0.00189	0.00378	0.00756	0.75988	0.00756
55	0.01849	0.01439	0.01572	0.01352	0.01752	0.01518	0.01065	0.20144	0.15702	0.03573	0.20513	0.04646	0.18647	0.01437	0.00888	0.00260	0.00592	0.01196	0.00822	0.01034
56	0.01159	0.00869	0.01304	0.01304	0.01449	0.01014	0.01014	0.01449	0.01304	0.01884	0.02173	0.03188	0.02029	0.06086	0.68268	0.01304	0.02173	0.00869	0.00435	0.00724
57	0.01806	0.01721	0.02928	0.32445	0.40540	0.01875	0.02390	0.02313	0.01752	0.02405	0.01491	0.02074	0.01199	0.00761	0.00807	0.00254	0.01014	0.00722	0.00384	0.01122
58	0.01409	0.00705	0.01057	0.01057	0.01057	0.00705	0.00705	0.01057	0.01057	0.01409	0.01409	0.02467	0.01409	0.02819	0.03171	0.76392	0.00705	0.00705	0.00352	0.00352
59	0.01851	0.01603	0.02177	0.15383	0.16717	0.01802	0.01666	0.03098	0.31419	0.02743	0.02332	0.02572	0.01822	0.01165	0.01095	0.09250	0.00805	0.00812	0.00588	0.01101
60	0.01561	0.01471	0.02485	0.65709	0.09192	0.01810	0.02267	0.02098	0.01636	0.02107	0.01447	0.02154	0.01094	0.00806	0.00811	0.00269	0.01075	0.00721	0.00363	0.00924
61	0.01061	0.00831	0.00968	0.00980	0.01206	0.00738	0.00752	0.01339	0.01977	0.02548	0.25768	0.10750	0.37219	0.01978	0.00982	0.00283	0.00445	0.08659	0.00797	0.00716
62	0.01232	0.00976	0.01443	0.01402	0.01529	0.01188	0.01104	0.01508	0.01297	0.01892	0.02043	0.03021	0.01915	0.05535	0.60525	0.01192	0.10178	0.00851	0.00425	0.00744
63	0.01799	0.01324	0.01611	0.01390	0.01728	0.01444	0.01111	0.17172	0.02039	0.02978	0.02043	0.02586	0.01719	0.03003	0.27920	0.00652	0.05524	0.00760	0.13358	0.09840
64	0.02338	0.41756	0.03248	0.01568	0.02105	0.24172	0.01361	0.02573	0.01868	0.01985	0.04678	0.01843	0.01505	0.04985	0.00826	0.00226	0.01032	0.00562	0.00408	0.00961
65	0.01913	0.01885	0.03375	0.15727	0.46601	0.01926	0.11737	0.02436	0.01820	0.02545	0.01530	0.02062	0.01242	0.00732	0.00828	0.00251	0.01046	0.00758	0.00396	0.01191
66	0.01585	0.02548	0.28288	0.17720	0.05715	0.01832	0.02262	0.02245	0.04142	0.02326	0.01818	0.10063	0.01627	0.01113	0.01143	0.00286	0.12983	0.00866	0.00419	0.01019
67	0.01445	0.00778	0.00862	0.00862	0.01042	0.00806	0.00653	0.01806	0.01625	0.02805	0.02556	0.03056	0.02070	0.01935	0.13606	0.00404	0.00724	0.00778	0.61437	0.00750
68	0.16841	0.18197	0.16072	0.01774	0.02445	0.23580	0.01693	0.06342	0.01949	0.02595	0.01286	0.01481	0.01029	0.00784	0.00655	0.00221	0.01084	0.00516	0.00426	0.01031
69	0.01229	0.03541	0.04101	0.01220	0.01404	0.00883	0.00953	0.01460	0.01676	0.04731	0.07462	0.42463	0.08412	0.06206	0.01180	0.00343	0.00578	0.10700	0.00721	0.00736
70	0.01160	0.00934	0.01047	0.01000	0.01262	0.00875	0.00755	0.01683	0.09477	0.02760	0.30802	0.06544	0.35156	0.01784	0.00942	0.00267	0.00427	0.01520	0.00818	0.00788
71	0.02158	0.10781	0.36427	0.02151	0.03089	0.05704	0.05952	0.18623	0.02300	0.03137	0.01550	0.01746	0.01135	0.00814	0.00764	0.00243	0.01108	0.00633	0.00474	0.01210
72	0.01746	0.01718	0.03056	0.36968	0.23882	0.01907	0.11595	0.02276	0.01720	0.02325	0.01483	0.02104	0.01166	0.00790	0.00907	0.00265	0.03906	0.00757	0.00380	0.01048
73	0.02843	0.06095	0.02319	0.01870	0.02377	0.34786	0.01472	0.26027	0.02809	0.03188	0.02081	0.02158	0.06483	0.00982	0.00771	0.00226	0.01134	0.00695	0.00592	0.01091
74	0.01097	0.00777	0.00968	0.01034	0.01119	0.00738	0.00699	0.01263	0.01630	0.02193	0.16930	0.29863	0.08713	0.23506	0.01971	0.00454	0.00562	0.05145	0.00702	0.00636
75	0.10490	0.01995	0.01710	0.01527	0.01908	0.21991	0.01175	0.02729	0.01897	0.19165	0.02203	0.06468	0.01842	0.05797	0.15013	0.00491	0.01225	0.00803	0.00608	0.00964
76	0.02143	0.17568	0.02312	0.01483	0.01999	0.17193	0.01201	0.05586	0.01937	0.05268	0.01979	0.14034	0.01923	0.01063	0.00712	0.00203	0.00857	0.00836	0.00527	0.21177
77	0.02027	0.01913	0.05210	0.02458	0.16887	0.04586	0.01673	0.15254	0.09179	0.03061	0.05808	0.06948	0.07252	0.01211	0.01151	0.00273	0.12455	0.00947	0.00601	0.01106
78	0.32982	0.01993	0.07390	0.02527	0.22613	0.05846	0.01642	0.02571	0.01687	0.08183	0.01506	0.01782	0.01175	0.01012	0.03728	0.00293	0.00908	0.00598	0.00489	0.01073
79	0.05330	0.02561	0.01925	0.09677	0.02495	0.34322	0.01383	0.05108	0.04976	0.02385	0.05727	0.02888	0.11897	0.01072	0.00780	0.00230	0.01056	0.00805	0.00530	0.04854
80	0.06837	0.01792	0.02160	0.02022	0.09222	0.09038	0.06401	0.11912	0.02343	0.11460	0.20969	0.03204	0.03226	0.01125	0.00935	0.00253	0.04412	0.00937	0.00696	0.01057

[dist]
# distance from previous block
# <min> <max>
2	48

[block]
# block no. 2 follows, 23 sequences, length 29
# corresponding to MSA columns:
# 464-492
name=unknown_C
#
# <colnr> <probs for GDERKNQSTAVLIFYWHMCP>
#	G	D	E	R	K	N	Q	S	T	A	V	L	I	F	Y	W	H	M	C	P
0	0.28148	0.13924	0.25502	0.01672	0.02474	0.02160	0.01808	0.10690	0.01870	0.03177	0.01356	0.01541	0.01026	0.00780	0.00643	0.00240	0.00906	0.00535	0.00462	0.01087
1	0.03066	0.02824	0.02388	0.01944	0.02514	0.25218	0.01551	0.42822	0.03291	0.04033	0.01708	0.01781	0.01264	0.00926	0.00784	0.00232	0.01090	0.00659	0.00676	0.01228
2	0.01597	0.03981	0.63034	0.02230	0.03364	0.01813	0.02855	0.02503	0.01751	0.02614	0.05595	0.01992	0.01453	0.00828	0.00783	0.00257	0.01147	0.00655	0.00378	0.01171
3	0.01159	0.00869	0.01304	0.01304	0.01449	0.01014	0.01014	0.01449	0.01304	0.01884	0.02173	0.03188	0.02029	0.06086	0.68268	0.01304	0.02173	0.00869	0.00435	0.00724
4	0.01576	0.03831	0.60046	0.02189	0.03275	0.01778	0.02770	0.02451	0.01713	0.02557	0.04433	0.02005	0.01393	0.01152	0.05104	0.00324	0.01225	0.00656	0.00374	0.01149
5	0.00989	0.00706	0.00942	0.01130	0.01177	0.00659	0.00753	0.01130	0.01554	0.02071	0.04472	0.70954	0.05367	0.02542	0.01036	0.00330	0.00471	0.02307	0.00753	0.00659
6	0.02018	0.01743	0.01835	0.01651	0.02110	0.02018	0.01284	0.04312	0.64956	0.03394	0.03303	0.03027	0.02477	0.01101	0.00826	0.00275	0.00642	0.00917	0.00826	0.01284
7	0.01968	0.01196	0.01243	0.01078	0.01401	0.01267	0.00850	0.19813	0.02314	0.03631	0.02444	0.02713	0.01877	0.00954	0.00638	0.00205	0.00527	0.00749	0.54195	0.00937
8	0.01923	0.41166	0.32900	0.01809	0.02732	0.02608	0.02120	0.02493	0.01678	0.02209	0.01277	0.01489	0.01035	0.00729	0.00634	0.00211	0.01018	0.00509	0.00345	0.01113
9	0.02169	0.71972	0.04252	0.01388	0.02083	0.03211	0.01388	0.02430	0.01649	0.01909	0.01128	0.01302	0.01041	0.00694	0.00521	0.00174	0.00868	0.00434	0.00347	0.01041
10	0.00959	0.00822	0.00822	0.00822	0.01096	0.00685	0.00617	0.01165	0.01850	0.02192	0.08220	0.07809	0.66092	0.02055	0.00959	0.00274	0.00411	0.01713	0.00754	0.00685
11	0.77215	0.01569	0.01193	0.01067	0.01569	0.01820	0.00879	0.02385	0.01381	0.03641	0.01130	0.01318	0.00879	0.00753	0.00502	0.00251	0.00628	0.00439	0.00502	0.00879
12	0.01251	0.00960	0.01112	0.01161	0.01310	0.00985	0.00800	0.01837	0.15306	0.02265	0.04170	0.36027	0.10091	0.16921	0.01644	0.00410	0.00570	0.01706	0.00713	0.00762
13	0.02008	0.01928	0.03294	0.04981	0.66422	0.01928	0.02490	0.02490	0.01848	0.02651	0.01526	0.02008	0.01285	0.00723	0.00803	0.00241	0.00964	0.00723	0.00402	0.01285
14	0.00959	0.00822	0.00822	0.00822	0.01096	0.00685	0.00617	0.01165	0.01850	0.02192	0.08220	0.07809	0.66092	0.02055	0.00959	0.00274	0.00411	0.01713	0.00754	0.00685
15	0.01542	0.00979	0.01138	0.01069	0.01265	0.01048	0.00796	0.09173	0.01749	0.02683	0.02413	0.03379	0.02148	0.15959	0.20083	0.00620	0.01018	0.00866	0.31299	0.00773
16	0.01148	0.00829	0.01085	0.01021	0.01212	0.00766	0.00766	0.01531	0.02297	0.03254	0.65994	0.06061	0.07656	0.01659	0.00957	0.00255	0.00383	0.01467	0.00893	0.00766
17	0.01627	0.04197	0.67279	0.02313	0.03512	0.01884	0.02998	0.02570	0.01713	0.02570	0.01456	0.01713	0.01028	0.00771	0.00771	0.00257	0.01199	0.00600	0.00343	0.01199
18	0.01513	0.00756	0.00756	0.00756	0.00945	0.00756	0.00567	0.01891	0.01702	0.03025	0.02647	0.03025	0.02080	0.00945	0.00567	0.00189	0.00378	0.00756	0.75988	0.00756
19	0.02857	0.02160	0.02307	0.01821	0.02429	0.02410	0.01487	0.51015	0.16887	0.04746	0.02238	0.02179	0.01614	0.01001	0.00815	0.00250	0.00839	0.00770	0.00815	0.01359
20	0.01379	0.00799	0.00963	0.00963	0.01135	0.00854	0.00736	0.01724	0.01552	0.02595	0.02468	0.03086	0.02060	0.02884	0.26095	0.00610	0.01055	0.00799	0.47499	0.00744
21	0.00987	0.00798	0.00878	0.00912	0.01127	0.00689	0.00663	0.01199	0.01837	0.02288	0.14042	0.21300	0.46215	0.02115	0.00975	0.00284	0.00421	0.01813	0.00769	0.00689
22	0.02974	0.03486	0.02385	0.02240	0.06605	0.53388	0.01623	0.12938	0.02515	0.02533	0.01383	0.01576	0.01115	0.00851	0.00749	0.00217	0.01339	0.00569	0.00480	0.01034
23	0.06468	0.18517	0.05449	0.01789	0.02361	0.25372	0.01521	0.20316	0.02472	0.02973	0.01470	0.01649	0.01177	0.01078	0.03797	0.00265	0.01144	0.00577	0.00517	0.01088
24	0.16823	0.12792	0.42412	0.01897	0.02862	0.02020	0.02271	0.02580	0.01667	0.05772	0.01430	0.01629	0.01047	0.00768	0.00685	0.00244	0.01016	0.00555	0.00407	0.01123
25	0.05853	0.02071	0.04283	0.08960	0.04115	0.02039	0.51891	0.02511	0.01829	0.02577	0.01569	0.02121	0.01192	0.00734	0.01003	0.00276	0.04613	0.00898	0.00408	0.01056
26	0.01270	0.00930	0.01114	0.01163	0.01391	0.00885	0.00901	0.01705	0.07631	0.05222	0.08687	0.22429	0.25949	0.02060	0.00996	0.00308	0.00534	0.15266	0.00777	0.00783
27	0.02367	0.17320	0.06803	0.02120	0.10888	0.16515	0.01599	0.03131	0.15539	0.09331	0.02258	0.02297	0.04597	0.00920	0.00739	0.00231	0.00942	0.00709	0.00562	0.01134
28	0.10084	0.02346	0.13455	0.01744	0.05075	0.15695	0.01503	0.06367	0.02150	0.07786	0.18783	0.03185	0.06295	0.01112	0.00800	0.00244	0.00870	0.00882	0.00625	0.00999

[dist]
# distance from previous block
# <min> <max>
0	1

[block]
# block no. 3 follows, 23 sequences, length 12
# corresponding to MSA columns:
# 494-505
name=unknown_D
#
# <colnr> <probs for GDERKNQSTAVLIFYWHMCP>
#	G	D	E	R	K	N	Q	S	T	A	V	L	I	F	Y	W	H	M	C	P
0	0.20143	0.06240	0.02144	0.07980	0.02513	0.21259	0.01426	0.16903	0.08559	0.03237	0.01599	0.01752	0.01229	0.00865	0.00701	0.00237	0.00987	0.00604	0.00560	0.01063
1	0.01373	0.01138	0.01246	0.01234	0.01508	0.01186	0.00914	0.02355	0.25850	0.02614	0.05184	0.25508	0.23030	0.01841	0.00932	0.00292	0.00518	0.01593	0.00781	0.00906
2	0.02293	0.01772	0.02190	0.21268	0.03196	0.01980	0.01608	0.28808	0.09333	0.05829	0.07909	0.02520	0.02004	0.00986	0.00816	0.00250	0.00852	0.00806	0.00680	0.04898
3	0.02124	0.01649	0.02236	0.02713	0.26836	0.01689	0.01592	0.18210	0.02307	0.03399	0.01954	0.02266	0.01534	0.00845	0.00725	0.00219	0.00753	0.00719	0.22351	0.05877
4	0.01584	0.01957	0.16859	0.13777	0.10016	0.01500	0.01749	0.07619	0.01791	0.02441	0.02577	0.06677	0.08201	0.15238	0.04242	0.00409	0.00967	0.00969	0.00491	0.00936
5	0.01820	0.05766	0.01761	0.01503	0.01785	0.16703	0.01179	0.06865	0.01774	0.02229	0.01911	0.02575	0.01697	0.03868	0.39607	0.00839	0.01730	0.00747	0.04793	0.00846
6	0.01358	0.01111	0.01368	0.01170	0.01589	0.00947	0.00898	0.01647	0.01592	0.02317	0.02910	0.14895	0.09467	0.02368	0.16281	0.00447	0.00918	0.01030	0.00549	0.37138
7	0.02155	0.02352	0.02428	0.25336	0.09254	0.25715	0.05175	0.02600	0.05640	0.02140	0.01501	0.01978	0.01209	0.01009	0.01010	0.07314	0.01163	0.00673	0.00415	0.00933
8	0.09486	0.21289	0.09224	0.01964	0.06219	0.26331	0.01639	0.08184	0.02092	0.04709	0.01373	0.01552	0.01104	0.00796	0.00673	0.00215	0.01096	0.00539	0.00453	0.01061
9	0.02780	0.08722	0.02454	0.05686	0.02556	0.09543	0.01506	0.34172	0.12692	0.08667	0.02071	0.02076	0.01512	0.00946	0.00778	0.00240	0.00910	0.00715	0.00716	0.01258
10	0.05961	0.02310	0.12168	0.01743	0.02270	0.10948	0.01563	0.10483	0.14840	0.08596	0.11803	0.02711	0.02456	0.01086	0.00975	0.00260	0.07237	0.00822	0.00658	0.01108
11	0.11052	0.02058	0.05465	0.01767	0.05223	0.17300	0.06964	0.02342	0.01744	0.06199	0.01938	0.05529	0.01796	0.17125	0.01514	0.00359	0.00963	0.00821	0.04627	0.05215

[dist]
# distance from previous block
# <min> <max>
13	66

[block]
# block no. 4 follows, 23 sequences, length 11
# corresponding to MSA columns:
# 572-582
name=unknown_E
#
# <colnr> <probs for GDERKNQSTAVLIFYWHMCP>
#	G	D	E	R	K	N	Q	S	T	A	V	L	I	F	Y	W	H	M	C	P
0	0.06982	0.06087	0.08930	0.01869	0.02380	0.19287	0.01638	0.20101	0.02425	0.03102	0.01887	0.02763	0.01660	0.01117	0.00971	0.00262	0.07490	0.09419	0.00567	0.01062
1	0.04719	0.02563	0.15962	0.08160	0.03134	0.14736	0.17344	0.02378	0.01807	0.02343	0.01952	0.13793	0.01834	0.01103	0.00943	0.00270	0.04547	0.00980	0.00454	0.00975
2	0.02233	0.02926	0.15169	0.05697	0.02457	0.31962	0.01621	0.02659	0.01973	0.02400	0.01695	0.01991	0.01332	0.00852	0.00698	0.00217	0.01084	0.00615	0.21478	0.00940
3	0.02401	0.14657	0.02346	0.01661	0.02136	0.24358	0.01358	0.16716	0.02426	0.02778	0.02768	0.03300	0.11440	0.01173	0.00788	0.00238	0.00992	0.06880	0.00582	0.01002
4	0.01959	0.29580	0.03129	0.19211	0.12190	0.02338	0.01718	0.08524	0.01884	0.02404	0.01689	0.08767	0.01561	0.00945	0.00717	0.00231	0.00898	0.00769	0.00447	0.01037
5	0.02383	0.02763	0.02220	0.02432	0.15281	0.38942	0.01570	0.02688	0.02206	0.02417	0.16398	0.02646	0.02635	0.01005	0.00799	0.00226	0.01109	0.00784	0.00525	0.00970
6	0.02174	0.34225	0.07336	0.01917	0.02544	0.10132	0.12321	0.07144	0.01887	0.02301	0.01410	0.01850	0.01234	0.05681	0.01016	0.00257	0.04497	0.00634	0.00412	0.01028
7	0.01356	0.00953	0.01136	0.01114	0.01220	0.00990	0.00746	0.08535	0.01593	0.02146	0.02880	0.19929	0.03205	0.38358	0.11644	0.00686	0.00912	0.01348	0.00582	0.00666
8	0.01640	0.01626	0.01695	0.01596	0.01774	0.14996	0.01248	0.01895	0.01498	0.01916	0.01810	0.02611	0.01675	0.04273	0.44070	0.00930	0.12762	0.00773	0.00419	0.00795
9	0.09705	0.05608	0.02255	0.01945	0.06155	0.27133	0.01455	0.18710	0.02533	0.10613	0.02007	0.02068	0.04469	0.00931	0.00748	0.00230	0.01041	0.00671	0.00609	0.01113
10	0.06445	0.36203	0.16286	0.04970	0.02401	0.05089	0.01639	0.02329	0.01774	0.02373	0.11482	0.02190	0.02078	0.00878	0.00663	0.00215	0.00880	0.00650	0.00446	0.01009

[dist]
# distance from previous block
# <min> <max>
39	87

[block]
# block no. 5 follows, 23 sequences, length 13
# corresponding to MSA columns:
# 685-697
name=unknown_F
#
# <colnr> <probs for GDERKNQSTAVLIFYWHMCP>
#	G	D	E	R	K	N	Q	S	T	A	V	L	I	F	Y	W	H	M	C	P
0	0.01930	0.01968	0.02750	0.03595	0.37985	0.11440	0.06680	0.02313	0.01855	0.02423	0.02137	0.16961	0.02135	0.01133	0.00855	0.00258	0.00961	0.01057	0.00481	0.01083
1	0.02147	0.02328	0.17628	0.14857	0.17216	0.01887	0.02140	0.15830	0.02272	0.08439	0.05887	0.02279	0.01680	0.00889	0.00810	0.00252	0.00965	0.00751	0.00551	0.01190
2	0.10114	0.01967	0.11616	0.04098	0.02238	0.01785	0.01468	0.15862	0.11403	0.03343	0.02019	0.02245	0.01553	0.01255	0.05051	0.00310	0.04956	0.00706	0.13124	0.04888
3	0.01491	0.16859	0.11543	0.01371	0.01791	0.01524	0.01282	0.03807	0.01743	0.02289	0.07756	0.15776	0.08074	0.11191	0.01304	0.00342	0.00750	0.09684	0.00580	0.00845
4	0.01711	0.01239	0.01417	0.01448	0.06498	0.03572	0.00992	0.02217	0.10284	0.12032	0.04921	0.12092	0.26564	0.06736	0.01126	0.00303	0.00608	0.01323	0.00730	0.04186
5	0.01749	0.01426	0.01789	0.02018	0.13368	0.04274	0.01274	0.14357	0.02006	0.02693	0.02608	0.20149	0.02696	0.12204	0.13109	0.00526	0.01032	0.01208	0.00594	0.00920
6	0.02977	0.14223	0.02561	0.01730	0.02282	0.16050	0.01438	0.18430	0.02495	0.21622	0.01958	0.01959	0.01410	0.00940	0.00889	0.00235	0.06280	0.00659	0.00670	0.01192
7	0.02496	0.14728	0.02754	0.01732	0.02419	0.02263	0.05858	0.33299	0.02770	0.03755	0.01655	0.01784	0.01265	0.00812	0.00719	0.00203	0.00852	0.00633	0.00619	0.19383
8	0.07282	0.14174	0.06578	0.01463	0.01817	0.06484	0.01285	0.01972	0.01492	0.02152	0.01729	0.02355	0.01548	0.03261	0.31782	0.00722	0.07218	0.00695	0.05134	0.00857
9	0.01683	0.03848	0.57959	0.02219	0.03312	0.01904	0.02754	0.02818	0.10719	0.02687	0.01719	0.01900	0.01234	0.00818	0.00779	0.00260	0.01120	0.00645	0.00411	0.01211
10	0.02452	0.01808	0.01909	0.01621	0.02063	0.06077	0.01294	0.30962	0.07161	0.08955	0.02673	0.08563	0.02398	0.08789	0.01220	0.00326	0.00833	0.09030	0.00756	0.01111
11	0.02946	0.02172	0.02354	0.01826	0.02439	0.02408	0.01504	0.59224	0.03634	0.04881	0.01964	0.02038	0.01427	0.01343	0.05679	0.00320	0.00985	0.00741	0.00785	0.01333
12	0.01259	0.01054	0.01138	0.01147	0.01339	0.05041	0.00833	0.01684	0.07187	0.02646	0.28255	0.26950	0.14580	0.01907	0.00958	0.00281	0.00505	0.01672	0.00792	0.00773

[dist]
# distance from previous block
# <min> <max>
9	48

[block]
# block no. 6 follows, 23 sequences, length 54
# corresponding to MSA columns:
# 749-802
name=unknown_G
#
# <colnr> <probs for GDERKNQSTAVLIFYWHMCP>
#	G	D	E	R	K	N	Q	S	T	A	V	L	I	F	Y	W	H	M	C	P
0	0.02054	0.01941	0.01792	0.01675	0.04835	0.14421	0.01228	0.12725	0.16166	0.02945	0.03482	0.10777	0.13847	0.01305	0.00834	0.00249	0.00792	0.01065	0.00676	0.07190
1	0.02601	0.06093	0.02196	0.07168	0.02518	0.47053	0.01479	0.05264	0.02251	0.02301	0.08511	0.02110	0.01839	0.00929	0.00749	0.00218	0.01216	0.00658	0.03916	0.00932
2	0.24397	0.02698	0.08624	0.02134	0.10535	0.23554	0.01610	0.09543	0.02084	0.05756	0.01434	0.01626	0.01104	0.00813	0.00690	0.00236	0.01033	0.00567	0.00502	0.01060
3	0.02008	0.01928	0.03294	0.04981	0.66422	0.01928	0.02490	0.02490	0.01848	0.02651	0.01526	0.02008	0.01285	0.00723	0.00803	0.00241	0.00964	0.00723	0.00402	0.01285
4	0.01199	0.00928	0.01380	0.01357	0.01493	0.01109	0.01063	0.01481	0.01300	0.01888	0.02102	0.03097	0.01967	0.05785	0.64046	0.01243	0.06538	0.00859	0.00430	0.00735
5	0.01956	0.01461	0.01987	0.01680	0.01995	0.01677	0.05314	0.13943	0.04694	0.07842	0.02062	0.02568	0.01696	0.02818	0.24567	0.00632	0.14075	0.00807	0.07242	0.00983
6	0.77215	0.01569	0.01193	0.01067	0.01569	0.01820	0.00879	0.02385	0.01381	0.03641	0.01130	0.01318	0.00879	0.00753	0.00502	0.00251	0.00628	0.00439	0.00502	0.00879
7	0.01148	0.00829	0.01085	0.01021	0.01212	0.00766	0.00766	0.01531	0.02297	0.03254	0.65994	0.06061	0.07656	0.01659	0.00957	0.00255	0.00383	0.01467	0.00893	0.00766
8	0.03641	0.01381	0.01883	0.01444	0.02071	0.01193	0.01193	0.03954	0.02322	0.66984	0.03201	0.02762	0.02009	0.01004	0.00816	0.00251	0.00690	0.00816	0.01004	0.01381
9	0.01075	0.01010	0.04579	0.00987	0.01277	0.00785	0.00810	0.01395	0.02030	0.02658	0.32084	0.06741	0.38009	0.01818	0.00948	0.00265	0.00442	0.01549	0.00790	0.00747
10	0.17860	0.01417	0.01750	0.01371	0.01974	0.01314	0.01132	0.03651	0.02140	0.54741	0.02801	0.02483	0.01790	0.00956	0.00755	0.00251	0.00678	0.00743	0.00907	0.01284
11	0.01627	0.04197	0.67279	0.02313	0.03512	0.01884	0.02998	0.02570	0.01713	0.02570	0.01456	0.01713	0.01028	0.00771	0.00771	0.00257	0.01199	0.00600	0.00343	0.01199
12	0.01014	0.00824	0.00899	0.00880	0.01130	0.00709	0.00660	0.01272	0.01980	0.02502	0.25096	0.07298	0.49023	0.01939	0.00958	0.00269	0.00403	0.01641	0.00794	0.00709
13	0.77215	0.01569	0.01193	0.01067	0.01569	0.01820	0.00879	0.02385	0.01381	0.03641	0.01130	0.01318	0.00879	0.00753	0.00502	0.00251	0.00628	0.00439	0.00502	0.00879
14	0.01683	0.01442	0.01683	0.01202	0.01923	0.01082	0.00961	0.02043	0.01683	0.02644	0.01442	0.01683	0.01202	0.00601	0.00601	0.00120	0.00601	0.00481	0.00481	0.76444
15	0.01143	0.00771	0.00896	0.00932	0.00941	0.00762	0.00542	0.01170	0.01252	0.01670	0.02927	0.17997	0.03417	0.58159	0.03532	0.00698	0.00726	0.01398	0.00542	0.00524
16	0.02654	0.02802	0.02110	0.01849	0.02280	0.35149	0.01420	0.17284	0.10146	0.02860	0.01819	0.02130	0.01489	0.05238	0.06870	0.00353	0.01255	0.00686	0.00566	0.01042
17	0.00983	0.00729	0.00918	0.01070	0.01161	0.00664	0.00727	0.01137	0.01611	0.02095	0.05197	0.58750	0.17103	0.02448	0.01021	0.00319	0.00459	0.02192	0.00753	0.00664
