[name]
unknown

[dist]
# distance from previous block
# <min> <max>
0	3

[block]
# block no. 0 follows, 21 sequences, length 24
# corresponding to MSA columns:
# 3-26
name=unknown_A
#
# <colnr> <probs for GDERKNQSTAVLIFYWHMCP>
#	G	D	E	R	K	N	Q	S	T	A	V	L	I	F	Y	W	H	M	C	P
0	0.01417	0.01031	0.01405	0.01577	0.01791	0.01049	0.01370	0.01931	0.05688	0.02608	0.04442	0.09209	0.04758	0.02278	0.01157	0.00386	0.00777	0.55521	0.00789	0.00818
1	0.02601	0.47221	0.03785	0.01656	0.02340	0.10274	0.01515	0.16526	0.02336	0.02797	0.01399	0.01543	0.01176	0.00813	0.00642	0.00203	0.00986	0.00538	0.00486	0.01163
2	0.02208	0.02062	0.02047	0.02043	0.08280	0.14247	0.01447	0.12025	0.16532	0.03024	0.02542	0.02824	0.04383	0.02359	0.17001	0.00528	0.01288	0.00848	0.03209	0.01104
3	0.01849	0.01435	0.01604	0.01448	0.01805	0.01546	0.01127	0.16220	0.15845	0.03203	0.04067	0.08516	0.14723	0.08923	0.09102	0.00473	0.00891	0.05451	0.00754	0.01016
4	0.03022	0.17493	0.02976	0.01847	0.02538	0.02800	0.01582	0.48791	0.03498	0.04619	0.01853	0.01893	0.01369	0.00957	0.00784	0.00239	0.00931	0.00697	0.00743	0.01369
5	0.06949	0.03016	0.16271	0.01991	0.02671	0.17224	0.01839	0.25647	0.02757	0.03600	0.01970	0.08494	0.01665	0.01089	0.00826	0.00259	0.01087	0.00830	0.00621	0.01192
6	0.02900	0.18273	0.02937	0.01818	0.02491	0.02758	0.01553	0.42395	0.09319	0.04400	0.01982	0.01996	0.01478	0.00966	0.00781	0.00242	0.00904	0.00713	0.00739	0.01354
7	0.02758	0.10336	0.17433	0.02122	0.02835	0.31122	0.01970	0.16117	0.02553	0.02944	0.01513	0.01692	0.01169	0.00878	0.00774	0.00235	0.01276	0.00606	0.00504	0.01162
8	0.02091	0.03650	0.38816	0.03016	0.17759	0.09671	0.02725	0.07318	0.02072	0.02848	0.01559	0.01857	0.01172	0.00821	0.00815	0.00259	0.01208	0.00660	0.00421	0.01261
9	0.01895	0.42952	0.09267	0.01499	0.02103	0.02509	0.01476	0.02252	0.01701	0.02165	0.06108	0.02235	0.01842	0.02131	0.16071	0.00474	0.01226	0.00658	0.00427	0.01009
10	0.01248	0.01072	0.01093	0.01051	0.01381	0.01023	0.00799	0.01940	0.15285	0.02573	0.07498	0.07098	0.50977	0.01937	0.00975	0.00288	0.00484	0.01615	0.00807	0.00855
11	0.02324	0.02555	0.02810	0.03140	0.21562	0.21241	0.02028	0.02618	0.01824	0.02283	0.01324	0.01841	0.01182	0.01085	0.01599	0.00291	0.28121	0.00691	0.00407	0.01075
12	0.02407	0.01753	0.01942	0.01602	0.02026	0.01917	0.01245	0.37331	0.02921	0.03927	0.02410	0.07951	0.02206	0.17815	0.08185	0.00505	0.01010	0.01012	0.00729	0.01106
13	0.02043	0.13389	0.17027	0.03960	0.39301	0.02230	0.04967	0.02624	0.01877	0.02637	0.01524	0.01930	0.01247	0.00763	0.00795	0.00247	0.01065	0.00693	0.00399	0.01280
14	0.13984	0.02607	0.14826	0.02786	0.19332	0.05941	0.02047	0.16001	0.08371	0.03536	0.01786	0.01990	0.01359	0.00878	0.00786	0.00260	0.00985	0.00696	0.00566	0.01264
15	0.22497	0.03209	0.39948	0.01898	0.02825	0.01818	0.02243	0.02511	0.01772	0.03095	0.08903	0.02223	0.01861	0.00914	0.00753	0.00268	0.00988	0.00690	0.00475	0.01109
16	0.02676	0.02974	0.02367	0.02344	0.09801	0.35752	0.01639	0.11881	0.02455	0.02694	0.02413	0.02585	0.09561	0.01099	0.00969	0.00249	0.06154	0.00786	0.00541	0.01061
17	0.16662	0.01666	0.01741	0.01506	0.01946	0.01811	0.01183	0.28931	0.02682	0.03943	0.03005	0.22667	0.05744	0.01531	0.00867	0.00286	0.00723	0.01259	0.00766	0.01080
18	0.02410	0.01752	0.01961	0.01666	0.02101	0.01898	0.01345	0.36046	0.02985	0.03981	0.02743	0.04497	0.02575	0.14796	0.01605	0.00398	0.00879	0.14482	0.00770	0.01111
19	0.19714	0.34556	0.03066	0.01503	0.02129	0.09055	0.01341	0.11685	0.02088	0.02963	0.01637	0.01773	0.03730	0.00861	0.00629	0.00220	0.00897	0.00569	0.00502	0.01081
20	0.22216	0.12333	0.02244	0.01476	0.02090	0.02093	0.01253	0.19233	0.02464	0.18242	0.02476	0.02416	0.06034	0.01006	0.00731	0.00250	0.00773	0.00735	0.00734	0.01201
21	0.01663	0.01204	0.01397	0.01338	0.01564	0.01240	0.00976	0.16989	0.02205	0.02927	0.03833	0.32562	0.07465	0.15335	0.01658	0.00415	0.00686	0.04932	0.00752	0.00860
22	0.01836	0.07971	0.47324	0.03019	0.17870	0.02074	0.02915	0.02666	0.01825	0.02672	0.01523	0.01842	0.01142	0.00792	0.00800	0.00260	0.01178	0.00648	0.00374	0.01268
23	0.02238	0.05553	0.14384	0.18360	0.19171	0.21020	0.02323	0.02753	0.01988	0.02389	0.01467	0.01891	0.01165	0.00823	0.00805	0.00250	0.01235	0.00661	0.00403	0.01121

[dist]
# distance from previous block
# <min> <max>
11	23

[block]
# block no. 1 follows, 21 sequences, length 59
# corresponding to MSA columns:
# 50-108
name=unknown_B
#
# <colnr> <probs for GDERKNQSTAVLIFYWHMCP>
#	G	D	E	R	K	N	Q	S	T	A	V	L	I	F	Y	W	H	M	C	P
0	0.02672	0.10433	0.02882	0.02855	0.19496	0.26358	0.01859	0.12254	0.05033	0.02862	0.01721	0.02166	0.01446	0.00925	0.00798	0.00240	0.01159	0.03143	0.00523	0.01176
1	0.01737	0.07860	0.62485	0.02375	0.03605	0.02049	0.03056	0.02687	0.01793	0.02659	0.01509	0.01774	0.01079	0.00804	0.00795	0.00265	0.01240	0.00620	0.00360	0.01249
2	0.02202	0.01612	0.01818	0.01595	0.01979	0.01724	0.01229	0.33396	0.02887	0.03864	0.03287	0.33756	0.03412	0.01794	0.00962	0.00298	0.00728	0.01543	0.00822	0.01092
3	0.01468	0.01022	0.01308	0.12551	0.01978	0.01122	0.01027	0.01824	0.01786	0.02719	0.11804	0.04079	0.08844	0.07714	0.01261	0.00304	0.05927	0.01028	0.31437	0.00798
4	0.02355	0.03232	0.40296	0.02039	0.03067	0.01677	0.02368	0.03085	0.01988	0.21774	0.02083	0.02128	0.01408	0.00866	0.00806	0.00254	0.01036	0.00686	0.00584	0.08267
5	0.02542	0.02098	0.01898	0.01669	0.02122	0.17160	0.01293	0.03609	0.24402	0.15810	0.14766	0.03344	0.03194	0.01181	0.00867	0.00263	0.00837	0.00953	0.00816	0.01175
6	0.01988	0.30782	0.21645	0.09574	0.03462	0.02571	0.13872	0.02583	0.01800	0.02359	0.01423	0.01771	0.01132	0.00762	0.00744	0.00239	0.01136	0.00646	0.00377	0.01133
7	0.02657	0.03096	0.02571	0.19493	0.10395	0.39787	0.01936	0.05720	0.02250	0.02337	0.01432	0.01811	0.01150	0.00864	0.00801	0.00241	0.01345	0.00635	0.00440	0.01038
8	0.02341	0.02637	0.06569	0.04347	0.46615	0.17483	0.02409	0.02804	0.02043	0.02609	0.01529	0.01953	0.01273	0.00789	0.00823	0.00246	0.01150	0.00701	0.00422	0.01257
9	0.02045	0.01980	0.03438	0.12141	0.54951	0.02014	0.05778	0.02569	0.01915	0.02710	0.01597	0.02135	0.01321	0.00766	0.00852	0.00258	0.01048	0.00771	0.00417	0.01292
10	0.02162	0.01693	0.01819	0.01621	0.02099	0.01891	0.01266	0.04146	0.51199	0.09234	0.03987	0.03667	0.08945	0.01249	0.00879	0.00286	0.00653	0.01038	0.00876	0.01292
11	0.01216	0.00912	0.01368	0.01368	0.01520	0.01064	0.01064	0.01520	0.01368	0.01976	0.02279	0.03343	0.02127	0.06382	0.66720	0.01368	0.02279	0.00912	0.00456	0.00760
12	0.01654	0.01560	0.02637	0.62148	0.11394	0.01903	0.02387	0.02215	0.01724	0.02231	0.01521	0.02254	0.01154	0.00842	0.00850	0.00281	0.01123	0.00756	0.00382	0.00983
13	0.01586	0.00793	0.00793	0.00793	0.00991	0.00793	0.00595	0.01983	0.01785	0.03173	0.02776	0.03173	0.02181	0.00991	0.00595	0.00198	0.00397	0.00793	0.74817	0.00793
14	0.02930	0.01265	0.01725	0.01418	0.01920	0.01156	0.01149	0.03243	0.02133	0.44253	0.03593	0.03501	0.07964	0.02434	0.16659	0.00530	0.01069	0.00958	0.00885	0.01215
15	0.02496	0.02300	0.02220	0.01898	0.02293	0.16295	0.01514	0.23619	0.05163	0.03281	0.01868	0.02265	0.01535	0.02345	0.16865	0.00532	0.11051	0.00758	0.00598	0.01104
16	0.01586	0.00793	0.00793	0.00793	0.00991	0.00793	0.00595	0.01983	0.01785	0.03173	0.02776	0.03173	0.02181	0.00991	0.00595	0.00198	0.00397	0.00793	0.74817	0.00793
17	0.17998	0.02635	0.02259	0.05517	0.05484	0.21860	0.01553	0.23316	0.02703	0.06550	0.01658	0.01808	0.01242	0.00910	0.00759	0.00248	0.01066	0.00641	0.00623	0.01168
18	0.01607	0.01513	0.02552	0.68047	0.05861	0.01891	0.02363	0.02174	0.01702	0.02174	0.01513	0.02269	0.01134	0.00851	0.00851	0.00284	0.01134	0.00756	0.00378	0.00945
19	0.02562	0.02223	0.13164	0.03304	0.29740	0.01789	0.02167	0.03272	0.07823	0.21886	0.02298	0.02396	0.01651	0.00894	0.00843	0.00262	0.00933	0.00786	0.00645	0.01363
20	0.01204	0.00870	0.01138	0.01071	0.01271	0.00803	0.00803	0.01606	0.02409	0.03413	0.64335	0.06357	0.08030	0.01740	0.01004	0.00268	0.00401	0.01539	0.00937	0.00803
21	0.01760	0.10618	0.59934	0.02335	0.03542	0.02107	0.02986	0.02681	0.01790	0.02630	0.01495	0.01756	0.01079	0.00801	0.00784	0.00261	0.01225	0.00613	0.00360	0.01242
22	0.02275	0.70604	0.04459	0.01456	0.02184	0.03367	0.01456	0.02548	0.01729	0.02002	0.01183	0.01365	0.01092	0.00728	0.00546	0.00182	0.00910	0.00455	0.00364	0.01092
23	0.01204	0.00870	0.01138	0.01071	0.01271	0.00803	0.00803	0.01606	0.02409	0.03413	0.64335	0.06357	0.08030	0.01740	0.01004	0.00268	0.00401	0.01539	0.00937	0.00803
24	0.01035	0.00747	0.00981	0.01168	0.01230	0.00693	0.00782	0.01187	0.01646	0.02179	0.04903	0.66226	0.08803	0.02639	0.01082	0.00342	0.00490	0.02386	0.00790	0.00693
25	0.01024	0.00863	0.00888	0.00882	0.01161	0.00726	0.00661	0.01257	0.01984	0.02404	0.13852	0.08018	0.59142	0.02116	0.01006	0.00286	0.00428	0.01772	0.00804	0.00726
26	0.01206	0.00777	0.00931	0.01030	0.01093	0.00752	0.00668	0.01358	0.01541	0.02210	0.03703	0.37031	0.04180	0.22854	0.01977	0.00463	0.00575	0.01740	0.15254	0.00658
27	0.03235	0.02384	0.02554	0.01958	0.02639	0.02639	0.01618	0.61946	0.04001	0.05363	0.02043	0.02043	0.01447	0.01022	0.00851	0.00255	0.00936	0.00766	0.00851	0.01447
28	0.01586	0.00793	0.00793	0.00793	0.00991	0.00793	0.00595	0.01983	0.01785	0.03173	0.02776	0.03173	0.02181	0.00991	0.00595	0.00198	0.00397	0.00793	0.74817	0.00793
29	0.02106	0.02022	0.03454	0.05223	0.64784	0.02022	0.02612	0.02612	0.01938	0.02780	0.01601	0.02106	0.01348	0.00758	0.00842	0.00253	0.01011	0.00758	0.00421	0.01348
30	0.01862	0.01862	0.02607	0.02234	0.02234	0.02607	0.01862	0.02048	0.01303	0.02048	0.01117	0.01862	0.01117	0.01489	0.02793	0.00372	0.68535	0.00745	0.00372	0.00931
31	0.01037	0.00741	0.00987	0.01185	0.01234	0.00691	0.00790	0.01185	0.01629	0.02172	0.04690	0.69537	0.05629	0.02666	0.01086	0.00346	0.00494	0.02419	0.00790	0.00691
32	0.01153	0.00909	0.01067	0.01146	0.01396	0.00823	0.00938	0.01439	0.01947	0.02399	0.06967	0.08756	0.40507	0.02234	0.01074	0.00329	0.00573	0.24810	0.00788	0.00745
33	0.01586	0.00793	0.00793	0.00793	0.00991	0.00793	0.00595	0.01983	0.01785	0.03173	0.02776	0.03173	0.02181	0.00991	0.00595	0.00198	0.00397	0.00793	0.74817	0.00793
34	0.01037	0.00741	0.00987	0.01185	0.01234	0.00691	0.00790	0.01185	0.01629	0.02172	0.04690	0.69537	0.05629	0.02666	0.01086	0.00346	0.00494	0.02419	0.00790	0.00691
35	0.01252	0.01052	0.01111	0.01063	0.01376	0.01005	0.00807	0.01924	0.14007	0.02710	0.15816	0.06939	0.44029	0.01898	0.00978	0.00285	0.00474	0.01595	0.00827	0.00854
36	0.01586	0.00793	0.00793	0.00793	0.00991	0.00793	0.00595	0.01983	0.01785	0.03173	0.02776	0.03173	0.02181	0.00991	0.00595	0.00198	0.00397	0.00793	0.74817	0.00793
37	0.03645	0.01726	0.02147	0.01646	0.02311	0.01663	0.01360	0.21323	0.02901	0.47541	0.02967	0.02643	0.01911	0.01044	0.00854	0.00261	0.00787	0.00829	0.00993	0.01448
38	0.03235	0.02384	0.02554	0.01958	0.02639	0.02639	0.01618	0.61946	0.04001	0.05363	0.02043	0.02043	0.01447	0.01022	0.00851	0.00255	0.00936	0.00766	0.00851	0.01447
39	0.01229	0.01736	0.17210	0.01391	0.01861	0.01055	0.01372	0.01650	0.01866	0.02453	0.08657	0.19258	0.28389	0.01917	0.00987	0.00303	0.00679	0.06439	0.00689	0.00858
40	0.02009	0.02296	0.05022	0.03587	0.04448	0.02152	0.61693	0.02726	0.02009	0.02726	0.01722	0.02296	0.01291	0.00717	0.01004	0.00287	0.01435	0.01004	0.00430	0.01148
41	0.01037	0.00741	0.00987	0.01185	0.01234	0.00691	0.00790	0.01185	0.01629	0.02172	0.04690	0.69537	0.05629	0.02666	0.01086	0.00346	0.00494	0.02419	0.00790	0.00691
42	0.01898	0.02686	0.18927	0.02952	0.03681	0.02230	0.31888	0.02540	0.01772	0.02540	0.01516	0.02062	0.01194	0.00943	0.01429	0.00305	0.19077	0.00846	0.00398	0.01117
43	0.01876	0.06590	0.40571	0.03384	0.25510	0.02057	0.02876	0.02658	0.01844	0.02694	0.01538	0.01888	0.01175	0.00787	0.00809	0.00259	0.01153	0.00667	0.00382	0.01282
44	0.02363	0.02510	0.03204	0.04497	0.49884	0.17521	0.02380	0.02800	0.02051	0.02613	0.01532	0.01969	0.01288	0.00787	0.00824	0.00245	0.01137	0.00708	0.00425	0.01261
45	0.01216	0.00912	0.01368	0.01368	0.01520	0.01064	0.01064	0.01520	0.01368	0.01976	0.02279	0.03343	0.02127	0.06382	0.66720	0.01368	0.02279	0.00912	0.00456	0.00760
46	0.02013	0.21589	0.31826	0.02827	0.17886	0.04922	0.02504	0.02664	0.01837	0.02505	0.01444	0.01745	0.01147	0.00778	0.00745	0.00240	0.01116	0.00610	0.00379	0.01224
47	0.02509	0.02359	0.03084	0.04212	0.45548	0.14683	0.02269	0.02938	0.02087	0.09623	0.01740	0.02082	0.01383	0.00815	0.00829	0.00247	0.01082	0.00728	0.00495	0.01288
48	0.01322	0.00819	0.00881	0.00881	0.00968	0.00805	0.00552	0.01463	0.01470	0.02174	0.03268	0.05086	0.08576	0.42687	0.02882	0.00584	0.00658	0.01155	0.23150	0.00619
49	0.01333	0.00958	0.01269	0.01379	0.01553	0.00944	0.01097	0.04793	0.02033	0.02717	0.14299	0.28658	0.05472	0.02284	0.01100	0.00349	0.00632	0.27526	0.00815	0.00792
50	0.02011	0.02593	0.18372	0.04553	0.50137	0.02011	0.02739	0.02632	0.01904	0.02760	0.01583	0.02032	0.01283	0.00770	0.00834	0.00257	0.01070	0.00727	0.00406	0.01326
51	0.02904	0.01610	0.02386	0.02738	0.22997	0.01518	0.01691	0.03403	0.05511	0.35104	0.03063	0.03232	0.04689	0.01077	0.00875	0.00269	0.00808	0.03975	0.00807	0.01343
52	0.01528	0.00878	0.00961	0.00937	0.01102	0.00906	0.00669	0.04175	0.01697	0.02763	0.02668	0.03721	0.02364	0.18159	0.08875	0.00481	0.00731	0.00912	0.45725	0.00749
53	0.02788	0.02047	0.02270	0.01864	0.02429	0.02241	0.01558	0.47519	0.03512	0.04688	0.02634	0.03855	0.02274	0.01340	0.00929	0.00288	0.00900	0.14739	0.00835	0.01288
54	0.10716	0.03263	0.21717	0.02546	0.12039	0.17616	0.02158	0.14474	0.02359	0.03210	0.01551	0.01782	0.01177	0.00857	0.00781	0.00252	0.01158	0.00637	0.00503	0.01206
55	0.02150	0.02724	0.28096	0.02770	0.17693	0.01731	0.02322	0.02762	0.01914	0.14944	0.02238	0.09644	0.01854	0.01083	0.00949	0.00278	0.04140	0.00910	0.00559	0.01238
56	0.04970	0.02327	0.13782	0.14940	0.42122	0.01988	0.02592	0.02549	0.01855	0.02708	0.01557	0.02051	0.01250	0.00783	0.00825	0.00261	0.01059	0.00724	0.00408	0.01249
57	0.01932	0.06078	0.17892	0.01941	0.08100	0.08861	0.01700	0.08299	0.02123	0.02881	0.03179	0.03320	0.13808	0.01129	0.00795	0.00246	0.00886	0.00898	0.14882	0.01051
58	0.01473	0.01451	0.05131	0.02168	0.17388	0.01281	0.01374	0.02074	0.08838	0.02746	0.14149	0.05492	0.29984	0.01560	0.00938	0.00275	0.00643	0.01342	0.00705	0.00988

[dist]
# distance from previous block
# <min> <max>
0	3

[block]
# block no. 2 follows, 21 sequences, length 19
# corresponding to MSA columns:
# 112-130
name=unknown_C
#
# <colnr> <probs for GDERKNQSTAVLIFYWHMCP>
#	G	D	E	R	K	N	Q	S	T	A	V	L	I	F	Y	W	H	M	C	P
0	0.02149	0.05753	0.12876	0.04352	0.47022	0.07858	0.02553	0.02692	0.01949	0.02669	0.01545	0.01974	0.01273	0.00775	0.00817	0.00249	0.01091	0.00706	0.00411	0.01290
1	0.02054	0.02106	0.02657	0.28093	0.23085	0.13582	0.02129	0.04674	0.02011	0.02476	0.02160	0.02606	0.06865	0.00950	0.00847	0.00262	0.01098	0.00813	0.00457	0.01077
2	0.01995	0.02305	0.15022	0.02795	0.21147	0.04479	0.01982	0.11367	0.02231	0.03096	0.09509	0.08555	0.02491	0.01185	0.00964	0.03296	0.00920	0.00953	0.00573	0.05134
3	0.05121	0.02000	0.13298	0.12577	0.17491	0.01593	0.01967	0.02662	0.02051	0.15349	0.14369	0.03050	0.02730	0.01036	0.00860	0.00266	0.00880	0.00898	0.00637	0.01165
4	0.03195	0.03565	0.02453	0.02124	0.02633	0.47873	0.01636	0.20590	0.02878	0.03046	0.01529	0.01684	0.01199	0.00919	0.00792	0.00230	0.01359	0.00612	0.00560	0.01122
5	0.01550	0.01403	0.02008	0.01816	0.01889	0.01861	0.01476	0.01793	0.01334	0.02013	0.01679	0.02577	0.01605	0.03853	0.33671	0.00853	0.36532	0.00825	0.00413	0.00848
6	0.02158	0.02175	0.03208	0.04411	0.47904	0.07908	0.02389	0.02580	0.01865	0.02585	0.01488	0.02011	0.01284	0.00901	0.01189	0.00271	0.13281	0.00737	0.00414	0.01240
7	0.01009	0.00848	0.00876	0.00898	0.01159	0.00715	0.00663	0.01217	0.01905	0.02285	0.08178	0.15098	0.57816	0.02213	0.01015	0.00294	0.00438	0.01866	0.00790	0.00715
8	0.17478	0.15238	0.07936	0.01807	0.02444	0.21013	0.01586	0.17440	0.02435	0.03276	0.01463	0.01621	0.01146	0.00862	0.00703	0.00234	0.01076	0.00574	0.00538	0.01129
9	0.01922	0.10138	0.53217	0.02315	0.03434	0.09383	0.02828	0.02761	0.01860	0.02566	0.01473	0.01730	0.01081	0.00809	0.00781	0.00256	0.01259	0.00605	0.00369	0.01213
10	0.01914	0.01109	0.01143	0.01025	0.01319	0.01160	0.00798	0.13893	0.02225	0.03608	0.02631	0.02948	0.02035	0.00997	0.00646	0.00210	0.00504	0.00788	0.60126	0.00923
11	0.01238	0.00825	0.00928	0.00928	0.00928	0.00825	0.00516	0.01238	0.01238	0.01650	0.02681	0.05569	0.03094	0.70092	0.04331	0.00825	0.00825	0.01238	0.00516	0.00516
12	0.01941	0.13704	0.02126	0.14541	0.02508	0.01538	0.01303	0.02259	0.01917	0.14888	0.08554	0.19690	0.08672	0.01508	0.00881	0.00275	0.00729	0.01291	0.00696	0.00977
13	0.02998	0.17355	0.02821	0.02045	0.02542	0.54024	0.01607	0.03228	0.02275	0.02067	0.01289	0.01501	0.01095	0.00847	0.00723	0.00212	0.01410	0.00529	0.00424	0.01008
14	0.02242	0.01620	0.01810	0.01459	0.01957	0.01670	0.01167	0.26862	0.02622	0.03772	0.02140	0.02539	0.01719	0.04584	0.10057	0.00396	0.00949	0.00758	0.15402	0.16277
15	0.02105	0.01887	0.02892	0.03566	0.34623	0.01897	0.07019	0.14203	0.02356	0.03196	0.03094	0.03318	0.13894	0.01085	0.00890	0.00263	0.00917	0.00987	0.00581	0.01226
16	0.16400	0.34126	0.03108	0.14740	0.02804	0.08007	0.01515	0.02486	0.01764	0.02469	0.04650	0.01831	0.01440	0.00831	0.00646	0.00226	0.00932	0.00582	0.00435	0.01005
17	0.01522	0.01059	0.01284	0.01258	0.01539	0.01029	0.00985	0.02132	0.10839	0.08125	0.20284	0.13726	0.18710	0.01907	0.01012	0.00306	0.00554	0.11968	0.00859	0.00900
18	0.01869	0.01296	0.01711	0.05428	0.12763	0.01233	0.01258	0.02367	0.07370	0.14652	0.05553	0.05355	0.32648	0.01542	0.00928	0.00277	0.00647	0.01306	0.00761	0.01036

[dist]
# distance from previous block
# <min> <max>
3	18

[block]
# block no. 3 follows, 21 sequences, length 59
# corresponding to MSA columns:
# 149-207
name=unknown_D
#
# <colnr> <probs for GDERKNQSTAVLIFYWHMCP>
#	G	D	E	R	K	N	Q	S	T	A	V	L	I	F	Y	W	H	M	C	P
0	0.02899	0.24644	0.03045	0.01965	0.02493	0.47090	0.01586	0.03135	0.02200	0.02058	0.01274	0.01482	0.01095	0.00831	0.00699	0.00208	0.01341	0.00519	0.00415	0.01019
1	0.02699	0.39573	0.03517	0.01783	0.02392	0.28730	0.01542	0.06653	0.02147	0.02247	0.01291	0.01476	0.01116	0.00806	0.00654	0.00202	0.01162	0.00512	0.00425	0.01072
2	0.02038	0.48840	0.03466	0.01377	0.01987	0.02672	0.01303	0.06009	0.01927	0.02303	0.02878	0.03191	0.13772	0.01114	0.00689	0.00219	0.00811	0.03878	0.00501	0.01025
3	0.01806	0.01883	0.06749	0.03955	0.44993	0.01693	0.02154	0.02269	0.01929	0.02654	0.03352	0.03609	0.17115	0.01111	0.00881	0.00262	0.00882	0.01010	0.00510	0.01185
4	0.01051	0.00802	0.00966	0.01056	0.01210	0.00717	0.00742	0.01260	0.01852	0.02400	0.14875	0.38959	0.26336	0.02352	0.01046	0.00314	0.00458	0.02073	0.00812	0.00717
5	0.02385	0.28314	0.23558	0.01939	0.02807	0.07117	0.02051	0.16928	0.02344	0.03038	0.01510	0.01679	0.01173	0.00835	0.00719	0.00230	0.01071	0.00592	0.00485	0.01223
6	0.07915	0.26932	0.28511	0.01906	0.02768	0.09279	0.02110	0.02645	0.01821	0.02468	0.01547	0.02081	0.01315	0.00884	0.00714	0.00241	0.01089	0.04249	0.00409	0.01115
7	0.01147	0.00855	0.01084	0.01181	0.01354	0.00793	0.00904	0.01424	0.01944	0.02549	0.17722	0.27148	0.19860	0.02278	0.01073	0.00328	0.00533	0.16261	0.00818	0.00744
8	0.01172	0.00822	0.01056	0.01115	0.01167	0.00845	0.00735	0.01292	0.01387	0.01887	0.03180	0.24082	0.03608	0.34053	0.18972	0.00818	0.01090	0.01508	0.00582	0.00629
9	0.02082	0.01997	0.03410	0.08295	0.61902	0.02016	0.02600	0.02590	0.01926	0.02751	0.01596	0.02114	0.01338	0.00763	0.00843	0.00254	0.01017	0.00758	0.00419	0.01328
10	0.02106	0.02022	0.03454	0.05223	0.64784	0.02022	0.02612	0.02612	0.01938	0.02780	0.01601	0.02106	0.01348	0.00758	0.00842	0.00253	0.01011	0.00758	0.00421	0.01348
11	0.01822	0.17856	0.53241	0.02229	0.03379	0.02259	0.02801	0.02665	0.01783	0.02554	0.01457	0.01709	0.01081	0.00792	0.00755	0.00252	0.01187	0.00594	0.00360	0.01224
12	0.02106	0.02022	0.03454	0.05223	0.64784	0.02022	0.02612	0.02612	0.01938	0.02780	0.01601	0.02106	0.01348	0.00758	0.00842	0.00253	0.01011	0.00758	0.00421	0.01348
13	0.01070	0.00807	0.00990	0.01065	0.01220	0.00727	0.00753	0.01301	0.01912	0.02518	0.20722	0.36409	0.22834	0.02290	0.01043	0.00310	0.00453	0.02023	0.00827	0.00727
14	0.76103	0.01646	0.01251	0.01119	0.01646	0.01909	0.00922	0.02502	0.01448	0.03818	0.01185	0.01382	0.00922	0.00790	0.00527	0.00263	0.00658	0.00461	0.00527	0.00922
15	0.01221	0.00890	0.01258	0.01258	0.01372	0.01004	0.00927	0.01449	0.01335	0.01894	0.02380	0.03900	0.02369	0.22321	0.51112	0.01232	0.01916	0.00993	0.00471	0.00699
16	0.01046	0.00864	0.00918	0.00905	0.01174	0.00736	0.00678	0.01300	0.02035	0.02526	0.19972	0.07816	0.52946	0.02071	0.01005	0.00283	0.00425	0.01744	0.00820	0.00736
17	0.02116	0.01841	0.02030	0.01973	0.06534	0.02110	0.01434	0.04390	0.59013	0.03506	0.03335	0.03101	0.02511	0.01127	0.00864	0.00286	0.00697	0.00948	0.00835	0.01347
18	0.01586	0.00793	0.00793	0.00793	0.00991	0.00793	0.00595	0.01983	0.01785	0.03173	0.02776	0.03173	0.02181	0.00991	0.00595	0.00198	0.00397	0.00793	0.74817	0.00793
19	0.01903	0.01907	0.02157	0.02520	0.17556	0.14783	0.01567	0.02185	0.01698	0.02159	0.01861	0.02842	0.01765	0.12460	0.21888	0.00684	0.07856	0.00830	0.00444	0.00935
20	0.01052	0.00825	0.00959	0.01055	0.01241	0.00732	0.00771	0.01258	0.01820	0.02273	0.06690	0.32403	0.35735	0.02374	0.01053	0.00320	0.00489	0.07445	0.00790	0.00714
21	0.01586	0.00793	0.00793	0.00793	0.00991	0.00793	0.00595	0.01983	0.01785	0.03173	0.02776	0.03173	0.02181	0.00991	0.00595	0.00198	0.00397	0.00793	0.74817	0.00793
22	0.03070	0.12054	0.02658	0.02104	0.02577	0.59067	0.01622	0.03296	0.02330	0.02073	0.01300	0.01514	0.01096	0.00859	0.00741	0.00215	0.01460	0.00537	0.00430	0.00999
23	0.01067	0.00865	0.00947	0.00927	0.01187	0.00745	0.00695	0.01340	0.02085	0.02643	0.25857	0.07623	0.46987	0.02027	0.01005	0.00281	0.00422	0.01717	0.00836	0.00745
24	0.02072	0.01987	0.03392	0.09562	0.60715	0.02013	0.02595	0.02582	0.01921	0.02738	0.01595	0.02117	0.01333	0.00765	0.00843	0.00255	0.01020	0.00758	0.00418	0.01320
25	0.03179	0.04056	0.02412	0.02192	0.02631	0.66676	0.01644	0.03398	0.02412	0.02083	0.01315	0.01535	0.01096	0.00877	0.00767	0.00219	0.01535	0.00548	0.00438	0.00987
26	0.02106	0.02022	0.03454	0.05223	0.64784	0.02022	0.02612	0.02612	0.01938	0.02780	0.01601	0.02106	0.01348	0.00758	0.00842	0.00253	0.01011	0.00758	0.00421	0.01348
27	0.01037	0.00741	0.00987	0.01185	0.01234	0.00691	0.00790	0.01185	0.01629	0.02172	0.04690	0.69537	0.05629	0.02666	0.01086	0.00346	0.00494	0.02419	0.00790	0.00691
28	0.02561	0.01999	0.02137	0.01799	0.02354	0.02257	0.01434	0.23759	0.40903	0.06686	0.02983	0.02784	0.02192	0.01106	0.00861	0.00276	0.00764	0.00892	0.00869	0.01385
29	0.01028	0.00775	0.00952	0.01094	0.01210	0.00699	0.00749	0.01195	0.01717	0.02208	0.05802	0.52193	0.22255	0.02522	0.01063	0.00329	0.00476	0.02243	0.00790	0.00699
30	0.02088	0.48814	0.24611	0.01775	0.02678	0.02909	0.02012	0.02597	0.01751	0.02230	0.01296	0.01507	0.01087	0.00755	0.00632	0.00211	0.01024	0.00512	0.00362	0.01147
31	0.02396	0.01967	0.02082	0.01788	0.02320	0.02247	0.01415	0.18888	0.48425	0.04011	0.03108	0.02892	0.02310	0.01121	0.00862	0.00280	0.00739	0.00913	0.00862	0.01372
32	0.01025	0.00838	0.00905	0.00941	0.01174	0.00718	0.00686	0.01238	0.01906	0.02344	0.11350	0.20572	0.48883	0.02233	0.01022	0.00298	0.00442	0.01907	0.00799	0.00718
33	0.01707	0.04402	0.65683	0.02426	0.03683	0.01976	0.03144	0.02695	0.01797	0.02695	0.01527	0.01797	0.01078	0.00809	0.00809	0.00270	0.01258	0.00629	0.00359	0.01258
34	0.01042	0.00781	0.00968	0.01095	0.01216	0.00707	0.00755	0.01227	0.01769	0.02302	0.10384	0.49200	0.20531	0.02465	0.01060	0.00325	0.00471	0.02194	0.00802	0.00707
35	0.01037	0.00741	0.00987	0.01185	0.01234	0.00691	0.00790	0.01185	0.01629	0.02172	0.04690	0.69537	0.05629	0.02666	0.01086	0.00346	0.00494	0.02419	0.00790	0.00691
36	0.02117	0.01828	0.01924	0.01732	0.02213	0.02117	0.01347	0.04522	0.63246	0.03560	0.03464	0.03175	0.02598	0.01155	0.00866	0.00289	0.00673	0.00962	0.00866	0.01347
37	0.02106	0.02022	0.03454	0.05223	0.64784	0.02022	0.02612	0.02612	0.01938	0.02780	0.01601	0.02106	0.01348	0.00758	0.00842	0.00253	0.01011	0.00758	0.00421	0.01348
38	0.01189	0.00869	0.01116	0.01054	0.01262	0.00796	0.00791	0.01576	0.02372	0.03325	0.59935	0.06502	0.12485	0.01773	0.01004	0.00269	0.00404	0.01559	0.00925	0.00796
39	0.76103	0.01646	0.01251	0.01119	0.01646	0.01909	0.00922	0.02502	0.01448	0.03818	0.01185	0.01382	0.00922	0.00790	0.00527	0.00263	0.00658	0.00461	0.00527	0.00922
40	0.01037	0.00741	0.00987	0.01185	0.01234	0.00691	0.00790	0.01185	0.01629	0.02172	0.04690	0.69537	0.05629	0.02666	0.01086	0.00346	0.00494	0.02419	0.00790	0.00691
41	0.01219	0.00828	0.00923	0.00923	0.00946	0.00817	0.00526	0.01236	0.01293	0.01701	0.03150	0.05776	0.07939	0.64727	0.04069	0.00783	0.00794	0.01282	0.00537	0.00532
42	0.03235	0.02384	0.02554	0.01958	0.02639	0.02639	0.01618	0.61946	0.04001	0.05363	0.02043	0.02043	0.01447	0.01022	0.00851	0.00255	0.00936	0.00766	0.00851	0.01447
43	0.02419	0.06783	0.02675	0.05510	0.02574	0.02571	0.01727	0.25918	0.02447	0.03401	0.01528	0.01917	0.01254	0.01180	0.01670	0.00297	0.30513	0.00724	0.00568	0.04324
44	0.02501	0.53956	0.03947	0.01640	0.02296	0.19206	0.01503	0.02761	0.01900	0.02022	0.01216	0.01408	0.01093	0.00765	0.00601	0.00191	0.01066	0.00478	0.00383	0.01066
45	0.01155	0.00868	0.01069	0.01018	0.01241	0.00782	0.00764	0.01510	0.02292	0.03134	0.50397	0.06815	0.22142	0.01844	0.01004	0.00273	0.00409	0.01603	0.00900	0.00782
46	0.01037	0.00741	0.00987	0.01185	0.01234	0.00691	0.00790	0.01185	0.01629	0.02172	0.04690	0.69537	0.05629	0.02666	0.01086	0.00346	0.00494	0.02419	0.00790	0.00691
47	0.03105	0.03915	0.02484	0.02402	0.06923	0.62211	0.01711	0.03344	0.02379	0.02131	0.01335	0.01574	0.01114	0.00869	0.00773	0.00222	0.01499	0.00563	0.00437	0.01012
48	0.01164	0.00868	0.01081	0.01028	0.01247	0.00786	0.00771	0.01528	0.02313	0.03186	0.52984	0.06730	0.19522	0.01824	0.01004	0.00272	0.00408	0.01591	0.00907	0.00786
49	0.01862	0.01862	0.02607	0.02234	0.02234	0.02607	0.01862	0.02048	0.01303	0.02048	0.01117	0.01862	0.01117	0.01489	0.02793	0.00372	0.68535	0.00745	0.00372	0.00931
50	0.02112	0.01923	0.02675	0.03444	0.32903	0.02070	0.01967	0.03585	0.33175	0.03177	0.02550	0.02651	0.01985	0.00960	0.00854	0.00271	0.00839	0.00862	0.00648	0.01347
51	0.01219	0.00828	0.00923	0.00923	0.00946	0.00817	0.00526	0.01236	0.01293	0.01701	0.03150	0.05776	0.07939	0.64727	0.04069	0.00783	0.00794	0.01282	0.00537	0.00532
52	0.01279	0.00948	0.01237	0.01212	0.01265	0.01067	0.00840	0.01406	0.01307	0.01823	0.02497	0.07599	0.02706	0.38904	0.25000	0.00941	0.07688	0.01139	0.00495	0.00646
53	0.01426	0.00972	0.01082	0.01025	0.01090	0.00996	0.00620	0.06967	0.01498	0.02001	0.02621	0.05236	0.02938	0.63574	0.04003	0.00771	0.00836	0.01193	0.00547	0.00604
54	0.03179	0.04056	0.02412	0.02192	0.02631	0.66676	0.01644	0.03398	0.02412	0.02083	0.01315	0.01535	0.01096	0.00877	0.00767	0.00219	0.01535	0.00548	0.00438	0.00987
55	0.02015	0.01731	0.01942	0.08534	0.08696	0.07870	0.01409	0.18080	0.02390	0.03068	0.03258	0.21238	0.08562	0.05896	0.01141	0.00318	0.00846	0.01321	0.00676	0.01008
56	0.01941	0.07483	0.01978	0.07996	0.02270	0.20951	0.01319	0.02294	0.04532	0.02324	0.09230	0.11445	0.15252	0.01467	0.01010	0.00269	0.05584	0.01158	0.00600	0.00895
57	0.21200	0.05527	0.02078	0.02126	0.13749	0.08153	0.01405	0.06567	0.11924	0.03277	0.05093	0.02523	0.04162	0.00978	0.00733	0.00251	0.00798	0.00758	0.07606	0.01094
58	0.14862	0.08079	0.02287	0.01921	0.04889	0.28001	0.01457	0.12130	0.02269	0.02897	0.01558	0.01878	0.01291	0.01713	0.10844	0.00407	0.01337	0.00625	0.00515	0.01038

[dist]
# distance from previous block
# <min> <max>
7	31

[block]
# block no. 4 follows, 21 sequences, length 72
# corresponding to MSA columns:
# 239-310
name=unknown_E
#
# <colnr> <probs for GDERKNQSTAVLIFYWHMCP>
#	G	D	E	R	K	N	Q	S	T	A	V	L	I	F	Y	W	H	M	C	P
0	0.02215	0.01479	0.01728	0.01517	0.01909	0.01510	0.01164	0.24415	0.02619	0.10526	0.03378	0.33101	0.03431	0.01759	0.00948	0.00291	0.00693	0.01521	0.00828	0.04967
1	0.02468	0.05984	0.02358	0.02278	0.08616	0.37316	0.01594	0.02702	0.02057	0.02163	0.01965	0.14705	0.01996	0.01271	0.01055	0.00263	0.08803	0.00947	0.00494	0.00965
2	0.02715	0.10146	0.02832	0.02511	0.14220	0.12093	0.01754	0.28869	0.02864	0.03666	0.02045	0.02212	0.04587	0.01001	0.00916	0.00249	0.04692	0.00749	0.00624	0.01254
3	0.02349	0.44252	0.03873	0.05733	0.13938	0.09117	0.01743	0.05857	0.01956	0.02345	0.01337	0.01602	0.01161	0.00770	0.00654	0.00208	0.01002	0.00552	0.00409	0.01141
4	0.01321	0.01032	0.01217	0.01165	0.01428	0.01048	0.00889	0.01985	0.12212	0.02829	0.23134	0.05614	0.21915	0.02617	0.13604	0.00485	0.00817	0.01359	0.04471	0.00861
5	0.01071	0.00803	0.00994	0.01077	0.01223	0.00726	0.00758	0.01300	0.01902	0.02515	0.20643	0.38523	0.20749	0.02307	0.01046	0.00312	0.00455	0.02044	0.00827	0.00726
6	0.02239	0.02488	0.06520	0.04282	0.46495	0.14397	0.02362	0.02702	0.02021	0.02619	0.01873	0.02267	0.04263	0.00850	0.00834	0.00249	0.01098	0.00760	0.00439	0.01244
7	0.03185	0.03867	0.02428	0.02166	0.02632	0.59459	0.01641	0.09996	0.02591	0.02452	0.01397	0.01592	0.01136	0.00893	0.00777	0.00223	0.01467	0.00573	0.00485	0.01038
8	0.01981	0.36366	0.36123	0.01957	0.02959	0.02648	0.02329	0.02624	0.01764	0.02361	0.01361	0.01588	0.01085	0.00770	0.00682	0.00227	0.01090	0.00545	0.00362	0.01178
9	0.02329	0.11685	0.18648	0.03215	0.24505	0.20311	0.02329	0.02845	0.02010	0.02467	0.01451	0.01778	0.01179	0.00800	0.00776	0.00239	0.01206	0.00630	0.00404	0.01193
10	0.01619	0.01294	0.01829	0.02305	0.17138	0.01301	0.01378	0.09974	0.02047	0.02780	0.03554	0.41094	0.03963	0.01955	0.00997	0.00312	0.00695	0.04097	0.00707	0.00962
11	0.02210	0.02220	0.03353	0.04929	0.58747	0.08301	0.02518	0.02688	0.01984	0.02712	0.01573	0.02051	0.01324	0.00770	0.00835	0.00249	0.01062	0.00738	0.00423	0.01313
12	0.02020	0.02010	0.03615	0.11857	0.43808	0.02058	0.13867	0.02559	0.01897	0.02669	0.01592	0.02150	0.01303	0.00793	0.00961	0.00268	0.04106	0.00805	0.00416	0.01246
13	0.01086	0.00761	0.00973	0.01122	0.01159	0.00724	0.00722	0.01198	0.01533	0.02043	0.04194	0.53746	0.05003	0.19310	0.01887	0.00464	0.00576	0.02128	0.00722	0.00648
14	0.01316	0.00919	0.01182	0.01216	0.01427	0.00802	0.00854	0.01516	0.01696	0.05592	0.04037	0.53604	0.04642	0.02208	0.00990	0.00301	0.00531	0.01986	0.00751	0.14429
15	0.01223	0.00902	0.01120	0.01119	0.01309	0.00846	0.00816	0.04360	0.02177	0.02962	0.34759	0.26047	0.15064	0.02052	0.01022	0.00294	0.00460	0.01812	0.00866	0.00787
16	0.02723	0.01930	0.02137	0.01744	0.02268	0.02086	0.01394	0.43948	0.03334	0.07690	0.02765	0.18748	0.02514	0.01429	0.00910	0.00278	0.00816	0.01179	0.00847	0.01261
17	0.02943	0.02689	0.02743	0.02819	0.17978	0.17597	0.01869	0.33484	0.03117	0.03952	0.01762	0.01939	0.01340	0.00922	0.00829	0.00246	0.01096	0.00713	0.00648	0.01314
18	0.03149	0.03242	0.02524	0.02244	0.05730	0.36180	0.01681	0.28296	0.03065	0.03515	0.01640	0.01780	0.01258	0.00933	0.00807	0.00236	0.01254	0.00651	0.00613	0.01201
19	0.01884	0.01706	0.02824	0.04116	0.45702	0.01706	0.02236	0.02355	0.01944	0.02710	0.02480	0.04375	0.02423	0.01240	0.00943	0.00295	0.00942	0.18409	0.00531	0.01177
20	0.01216	0.00912	0.01368	0.01368	0.01520	0.01064	0.01064	0.01520	0.01368	0.01976	0.02279	0.03343	0.02127	0.06382	0.66720	0.01368	0.02279	0.00912	0.00456	0.00760
21	0.02450	0.12244	0.02999	0.16323	0.19597	0.27640	0.02020	0.02823	0.02047	0.02274	0.01412	0.01811	0.01170	0.00820	0.00773	0.00236	0.01228	0.00633	0.00411	0.01088
22	0.01216	0.00912	0.01368	0.01368	0.01520	0.01064	0.01064	0.01520	0.01368	0.01976	0.02279	0.03343	0.02127	0.06382	0.66720	0.01368	0.02279	0.00912	0.00456	0.00760
23	0.01026	0.00783	0.00944	0.01073	0.01205	0.00701	0.00740	0.01198	0.01737	0.02216	0.06059	0.48173	0.26109	0.02488	0.01058	0.00325	0.00472	0.02202	0.00790	0.00701
24	0.02341	0.35797	0.20951	0.01907	0.02711	0.18609	0.01971	0.02799	0.01916	0.02214	0.01311	0.01527	0.01089	0.00787	0.00674	0.00215	0.01161	0.00526	0.00381	0.01112
25	0.01913	0.20368	0.47923	0.02181	0.03272	0.05359	0.02666	0.02693	0.01809	0.02499	0.01434	0.01680	0.01082	0.00792	0.00743	0.00246	0.01187	0.00583	0.00364	0.01205
26	0.01862	0.01920	0.02927	0.02359	0.02700	0.07982	0.19343	0.02247	0.01654	0.02288	0.01667	0.02372	0.01455	0.02335	0.17055	0.00559	0.23546	0.00845	0.03929	0.00954
27	0.01902	0.01413	0.01602	0.01511	0.01900	0.01511	0.01203	0.03241	0.32210	0.09114	0.04557	0.08345	0.13201	0.01617	0.00960	0.00309	0.00653	0.12786	0.00852	0.01111
28	0.02246	0.67189	0.07617	0.01506	0.02262	0.03296	0.01543	0.02556	0.01733	0.02038	0.01201	0.01387	0.01091	0.00732	0.00560	0.00187	0.00928	0.00464	0.00364	0.01101
29	0.02275	0.70604	0.04459	0.01456	0.02184	0.03367	0.01456	0.02548	0.01729	0.02002	0.01183	0.01365	0.01092	0.00728	0.00546	0.00182	0.00910	0.00455	0.00364	0.01092
30	0.01121	0.00801	0.01084	0.01281	0.01367	0.00764	0.00936	0.01330	0.01712	0.02266	0.04644	0.54481	0.05445	0.02587	0.01109	0.00357	0.00567	0.16646	0.00788	0.00714
31	0.05543	0.19010	0.18414	0.01897	0.02674	0.09006	0.01880	0.15174	0.10123	0.05771	0.01838	0.01922	0.01388	0.00894	0.00749	0.00243	0.01017	0.00653	0.00570	0.01235
32	0.01906	0.01818	0.03093	0.30388	0.41182	0.01969	0.02512	0.02437	0.01843	0.02538	0.01565	0.02171	0.01262	0.00795	0.00846	0.00265	0.01060	0.00757	0.00404	0.01187
33	0.01235	0.00906	0.01338	0.01338	0.01492	0.01050	0.01040	0.01544	0.01389	0.02037	0.02305	0.03334	0.02130	0.06104	0.63309	0.01307	0.02182	0.00906	0.04292	0.00762
34	0.03235	0.02384	0.02554	0.01958	0.02639	0.02639	0.01618	0.61946	0.04001	0.05363	0.02043	0.02043	0.01447	0.01022	0.00851	0.00255	0.00936	0.00766	0.00851	0.01447
35	0.01216	0.00912	0.01368	0.01368	0.01520	0.01064	0.01064	0.01520	0.01368	0.01976	0.02279	0.03343	0.02127	0.06382	0.66720	0.01368	0.02279	0.00912	0.00456	0.00760
36	0.01009	0.00848	0.00876	0.00898	0.01159	0.00715	0.00663	0.01217	0.01905	0.02285	0.08178	0.15103	0.57811	0.02213	0.01015	0.00294	0.00438	0.01866	0.00790	0.00715
37	0.01586	0.00793	0.00793	0.00793	0.00991	0.00793	0.00595	0.01983	0.01785	0.03173	0.02776	0.03173	0.02181	0.00991	0.00595	0.00198	0.00397	0.00793	0.74817	0.00793
38	0.03179	0.04056	0.02412	0.02192	0.02631	0.66676	0.01644	0.03398	0.02412	0.02083	0.01315	0.01535	0.01096	0.00877	0.00767	0.00219	0.01535	0.00548	0.00438	0.00987
39	0.01056	0.00864	0.00931	0.00914	0.01180	0.00740	0.00686	0.01318	0.02058	0.02579	0.22616	0.07729	0.50269	0.02051	0.01005	0.00282	0.00424	0.01731	0.00827	0.00740
40	0.01586	0.00793	0.00793	0.00793	0.00991	0.00793	0.00595	0.01983	0.01785	0.03173	0.02776	0.03173	0.02181	0.00991	0.00595	0.00198	0.00397	0.00793	0.74817	0.00793
41	0.03235	0.02384	0.02554	0.01958	0.02639	0.02639	0.01618	0.61946	0.04001	0.05363	0.02043	0.02043	0.01447	0.01022	0.00851	0.00255	0.00936	0.00766	0.00851	0.01447
42	0.01181	0.00830	0.01073	0.01123	0.01181	0.00862	0.00747	0.01308	0.01375	0.01878	0.03067	0.20977	0.03444	0.34255	0.22025	0.00866	0.01173	0.01438	0.00567	0.00632
43	0.03190	0.03736	0.02439	0.02147	0.02632	0.54410	0.01639	0.14612	0.02716	0.02711	0.01455	0.01632	0.01163	0.00905	0.00783	0.00226	0.01420	0.00590	0.00518	0.01075
44	0.01707	0.04402	0.65683	0.02426	0.03683	0.01976	0.03144	0.02695	0.01797	0.02695	0.01527	0.01797	0.01078	0.00809	0.00809	0.00270	0.01258	0.00629	0.00359	0.01258
45	0.03818	0.01448	0.01975	0.01514	0.02172	0.01251	0.01251	0.04147	0.02436	0.65373	0.03357	0.02897	0.02107	0.01053	0.00856	0.00263	0.00724	0.00856	0.01053	0.01448
46	0.01218	0.00973	0.01189	0.01237	0.04566	0.00897	0.00863	0.01651	0.05163	0.02954	0.36456	0.06694	0.29349	0.01822	0.00989	0.00276	0.00458	0.01570	0.00850	0.00825
47	0.01065	0.00881	0.00945	0.00977	0.01250	0.00761	0.00765	0.01310	0.01943	0.02339	0.07950	0.08420	0.54728	0.02187	0.01033	0.00304	0.00489	0.11134	0.00789	0.00729
48	0.01216	0.00912	0.01368	0.01368	0.01520	0.01064	0.01064	0.01520	0.01368	0.01976	0.02279	0.03343	0.02127	0.06382	0.66720	0.01368	0.02279	0.00912	0.00456	0.00760
49	0.01586	0.00793	0.00793	0.00793	0.00991	0.00793	0.00595	0.01983	0.01785	0.03173	0.02776	0.03173	0.02181	0.00991	0.00595	0.00198	0.00397	0.00793	0.74817	0.00793
50	0.02805	0.03347	0.02775	0.03249	0.24295	0.44140	0.01982	0.03124	0.02246	0.02326	0.01415	0.01734	0.01184	0.00836	0.00794	0.00231	0.01352	0.00621	0.00432	0.01113
51	0.02275	0.70604	0.04459	0.01456	0.02184	0.03367	0.01456	0.02548	0.01729	0.02002	0.01183	0.01365	0.01092	0.00728	0.00546	0.00182	0.00910	0.00455	0.00364	0.01092
52	0.01586	0.00793	0.00793	0.00793	0.00991	0.00793	0.00595	0.01983	0.01785	0.03173	0.02776	0.03173	0.02181	0.00991	0.00595	0.00198	0.00397	0.00793	0.74817	0.00793
53	0.01158	0.00868	0.01073	0.01021	0.01243	0.00783	0.00766	0.01515	0.02298	0.03150	0.51188	0.06789	0.21340	0.01838	0.01004	0.00272	0.00408	0.01600	0.00902	0.00783
54	0.01707	0.04402	0.65683	0.02426	0.03683	0.01976	0.03144	0.02695	0.01797	0.02695	0.01527	0.01797	0.01078	0.00809	0.00809	0.00270	0.01258	0.00629	0.00359	0.01258
55	0.01216	0.00912	0.01368	0.01368	0.01520	0.01064	0.01064	0.01520	0.01368	0.01976	0.02279	0.03343	0.02127	0.06382	0.66720	0.01368	0.02279	0.00912	0.00456	0.00760
56	0.01037	0.00741	0.00987	0.01185	0.01234	0.00691	0.00790	0.01185	0.01629	0.02172	0.04690	0.69537	0.05629	0.02666	0.01086	0.00346	0.00494	0.02419	0.00790	0.00691
57	0.01586	0.00793	0.00793	0.00793	0.00991	0.00793	0.00595	0.01983	0.01785	0.03173	0.02776	0.03173	0.02181	0.00991	0.00595	0.00198	0.00397	0.00793	0.74817	0.00793
58	0.01930	0.02665	0.21351	0.11409	0.37269	0.02001	0.05955	0.02593	0.01874	0.02684	0.01576	0.02046	0.01243	0.00781	0.00842	0.00263	0.01119	0.00734	0.00399	0.01266
59	0.02088	0.04083	0.43917	0.02501	0.03521	0.17263	0.09388	0.02864	0.01966	0.02554	0.01499	0.01791	0.01106	0.00814	0.00821	0.00260	0.01343	0.00652	0.00386	0.01181
60	0.01586	0.00793	0.00793	0.00793	0.00991	0.00793	0.00595	0.01983	0.01785	0.03173	0.02776	0.03173	0.02181	0.00991	0.00595	0.00198	0.00397	0.00793	0.74817	0.00793
61	0.01586	0.00793	0.00793	0.00793	0.00991	0.00793	0.00595	0.01983	0.01785	0.03173	0.02776	0.03173	0.02181	0.00991	0.00595	0.00198	0.00397	0.00793	0.74817	0.00793
62	0.05570	0.19688	0.10184	0.02350	0.11208	0.14731	0.01865	0.18952	0.02504	0.03194	0.01540	0.01734	0.01217	0.00852	0.00741	0.00232	0.01078	0.00619	0.00525	0.01216
63	0.03093	0.02899	0.02477	0.02040	0.02595	0.24380	0.01625	0.36258	0.06287	0.03997	0.01822	0.01918	0.01369	0.01002	0.00918	0.00250	0.04421	0.00701	0.00688	0.01260
64	0.01006	0.00862	0.00862	0.00862	0.01149	0.00718	0.00647	0.01221	0.01940	0.02299	0.08621	0.08190	0.64438	0.02155	0.01006	0.00287	0.00431	0.01796	0.00790	0.00718
65	0.01862	0.01862	0.02607	0.02234	0.02234	0.02607	0.01862	0.02048	0.01303	0.02048	0.01117	0.01862	0.01117	0.01489	0.02793	0.00372	0.68535	0.00745	0.00372	0.00931
66	0.01800	0.07393	0.49691	0.02621	0.03767	0.02086	0.15425	0.02694	0.01838	0.02666	0.01550	0.01880	0.01124	0.00785	0.00836	0.00269	0.01277	0.00699	0.00375	0.01226
67	0.01645	0.04682	0.15073	0.01631	0.02132	0.04704	0.01591	0.02204	0.05104	0.05577	0.04249	0.09268	0.14675	0.01738	0.00984	0.00315	0.00839	0.21961	0.00678	0.00951
68	0.02455	0.51023	0.07563	0.01687	0.02377	0.18225	0.01599	0.02757	0.01894	0.02062	0.01234	0.01430	0.01092	0.00768	0.00614	0.00196	0.01078	0.00487	0.00381	0.01077
69	0.01335	0.01129	0.01255	0.05036	0.01696	0.01130	0.00937	0.02117	0.16466	0.02765	0.15787	0.06370	0.37229	0.01777	0.00963	0.00284	0.00525	0.01498	0.00807	0.00893
70	0.01206	0.00974	0.01134	0.01080	0.01390	0.00812	0.00790	0.01447	0.01816	0.02427	0.08588	0.27958	0.25979	0.01951	0.00945	0.00269	0.00498	0.01695	0.00731	0.18311
71	0.02738	0.03327	0.02498	0.18600	0.06524	0.47463	0.01870	0.03057	0.02213	0.02140	0.01378	0.01744	0.01118	0.00865	0.00792	0.00237	0.01410	0.00610	0.00423	0.00994

[dist]
# distance from previous block
# <min> <max>
0	1

[block]
# block no. 5 follows, 21 sequences, length 6
# corresponding to MSA columns:
# 312-317
name=unknown_F
#
# <colnr> <probs for GDERKNQSTAVLIFYWHMCP>
#	G	D	E	R	K	N	Q	S	T	A	V	L	I	F	Y	W	H	M	C	P
0	0.21919	0.01921	0.02864	0.04125	0.47878	0.01992	0.02159	0.02582	0.01807	0.03058	0.01489	0.01912	0.01234	0.00767	0.00758	0.00256	0.00917	0.00679	0.00449	0.01234
1	0.01600	0.00955	0.01203	0.01172	0.01445	0.00854	0.00899	0.01878	0.02058	0.13878	0.17712	0.20710	0.21997	0.02008	0.01015	0.00304	0.00531	0.08046	0.00867	0.00868
2	0.12174	0.03526	0.02383	0.02398	0.09480	0.51327	0.01662	0.03198	0.02238	0.02378	0.01331	0.01580	0.01103	0.00853	0.00746	0.00229	0.01366	0.00561	0.00448	0.01019
