[name]
unknown

[dist]
# distance from previous block
# <min> <max>
0	0

[block]
# block no. 0 follows, 22 sequences, length 9
# corresponding to MSA columns:
# 0-8
name=unknown_A
#
# <colnr> <probs for GDERKNQSTAVLIFYWHMCP>
#	G	D	E	R	K	N	Q	S	T	A	V	L	I	F	Y	W	H	M	C	P
0	0.01339	0.00956	0.01339	0.01530	0.01721	0.00956	0.01339	0.01721	0.01912	0.02486	0.04399	0.09371	0.04781	0.02295	0.01147	0.00382	0.00765	0.60031	0.00765	0.00765
1	0.01006	0.00843	0.00876	0.00867	0.01137	0.00712	0.00650	0.01240	0.01951	0.02382	0.15594	0.07769	0.58021	0.02053	0.00982	0.00278	0.00417	0.01722	0.00790	0.00712
2	0.01248	0.00890	0.01104	0.01194	0.01295	0.00877	0.00811	0.07132	0.01760	0.02349	0.04048	0.54378	0.04745	0.12211	0.01492	0.00396	0.00570	0.02040	0.00739	0.00722
3	0.01222	0.00952	0.01013	0.00977	0.01254	0.00869	0.00735	0.06475	0.02066	0.02637	0.12289	0.13040	0.44917	0.01950	0.00951	0.00276	0.00464	0.01643	0.05498	0.00771
4	0.01312	0.00910	0.01046	0.00984	0.01202	0.00849	0.00695	0.01532	0.01548	0.02274	0.03425	0.08286	0.12153	0.21982	0.10190	0.00526	0.00785	0.01116	0.17316	0.11868
5	0.01449	0.01003	0.01382	0.01322	0.01508	0.00969	0.04576	0.06034	0.01842	0.06456	0.09660	0.39650	0.04526	0.13738	0.01553	0.00394	0.00630	0.01784	0.00739	0.00784
6	0.01108	0.00771	0.00928	0.01014	0.01051	0.00741	0.00630	0.01184	0.01417	0.01874	0.03818	0.34445	0.07637	0.36558	0.02634	0.00567	0.00640	0.01753	0.00638	0.00591
7	0.01208	0.00793	0.00904	0.00928	0.00948	0.00787	0.00543	0.01255	0.01296	0.01785	0.02872	0.13461	0.03267	0.57025	0.03558	0.00701	0.00734	0.01322	0.06068	0.00545
8	0.01069	0.00760	0.00979	0.01110	0.01190	0.00732	0.00755	0.01233	0.01561	0.02107	0.04395	0.49137	0.09810	0.09057	0.08357	0.00474	0.00687	0.01981	0.03933	0.00673

[dist]
# distance from previous block
# <min> <max>
0	3

[block]
# block no. 1 follows, 22 sequences, length 34
# corresponding to MSA columns:
# 12-45
name=unknown_B
#
# <colnr> <probs for GDERKNQSTAVLIFYWHMCP>
#	G	D	E	R	K	N	Q	S	T	A	V	L	I	F	Y	W	H	M	C	P
0	0.02054	0.01178	0.01396	0.01238	0.01625	0.01101	0.00959	0.07920	0.05800	0.21241	0.05272	0.17888	0.25481	0.01728	0.00933	0.00282	0.00576	0.01464	0.00856	0.01006
1	0.01195	0.00811	0.00923	0.00923	0.00944	0.00811	0.00535	0.01220	0.01250	0.01659	0.02902	0.05468	0.06228	0.64196	0.07019	0.00803	0.00852	0.01222	0.00515	0.00525
2	0.01192	0.00788	0.01048	0.01148	0.01261	0.00728	0.00798	0.01403	0.01807	0.05751	0.18464	0.51987	0.05854	0.02312	0.01030	0.00316	0.00473	0.02084	0.00818	0.00739
3	0.03122	0.03394	0.02402	0.02061	0.02571	0.44995	0.01596	0.23936	0.02892	0.03142	0.01530	0.01670	0.01189	0.00905	0.00777	0.00226	0.01296	0.00609	0.00568	0.01119
4	0.01313	0.01069	0.01316	0.01302	0.01439	0.05230	0.00969	0.01546	0.01375	0.01873	0.02242	0.03578	0.02198	0.18586	0.50809	0.01159	0.01900	0.00930	0.00455	0.00709
5	0.02011	0.01112	0.01315	0.01130	0.01540	0.00986	0.00892	0.05728	0.02214	0.23077	0.12365	0.05798	0.35221	0.01651	0.00926	0.00269	0.00538	0.01374	0.00872	0.00980
6	0.02033	0.02110	0.07063	0.04939	0.61996	0.01971	0.02580	0.02554	0.01884	0.02709	0.01558	0.02038	0.01300	0.00743	0.00820	0.00248	0.01001	0.00733	0.00408	0.01311
7	0.01549	0.00774	0.00774	0.00774	0.00968	0.00774	0.00581	0.01936	0.01742	0.03097	0.02710	0.03097	0.02129	0.00968	0.00581	0.00194	0.00387	0.00774	0.75416	0.00774
8	0.02221	0.71304	0.04353	0.01421	0.02132	0.03287	0.01421	0.02488	0.01688	0.01955	0.01155	0.01333	0.01066	0.00711	0.00533	0.00178	0.00888	0.00444	0.00355	0.01066
9	0.00992	0.00842	0.00855	0.00852	0.01128	0.00705	0.00639	0.01211	0.01916	0.02299	0.11256	0.07905	0.62411	0.02084	0.00982	0.00280	0.00419	0.01741	0.00779	0.00705
10	0.01723	0.01477	0.01723	0.01230	0.01969	0.01107	0.00984	0.02092	0.01723	0.02707	0.01477	0.01723	0.01230	0.00615	0.00615	0.00123	0.00615	0.00492	0.00492	0.75883
11	0.01176	0.00849	0.01110	0.01045	0.01241	0.00784	0.00784	0.01568	0.02352	0.03331	0.65184	0.06206	0.07839	0.01698	0.00980	0.00261	0.00392	0.01502	0.00914	0.00784
12	0.01818	0.01818	0.02545	0.02181	0.02181	0.02545	0.01818	0.01999	0.01272	0.01999	0.01091	0.01818	0.01091	0.01454	0.02726	0.00364	0.69284	0.00727	0.00364	0.00909
13	0.01549	0.00774	0.00774	0.00774	0.00968	0.00774	0.00581	0.01936	0.01742	0.03097	0.02710	0.03097	0.02129	0.00968	0.00581	0.00194	0.00387	0.00774	0.75416	0.00774
14	0.01023	0.00731	0.00973	0.01150	0.01207	0.00682	0.00772	0.01183	0.01640	0.02199	0.08495	0.66123	0.05646	0.02544	0.01055	0.00332	0.00476	0.02306	0.00780	0.00682
15	0.03158	0.02327	0.02493	0.01911	0.02576	0.02576	0.01579	0.62852	0.03906	0.05236	0.01995	0.01995	0.01413	0.00997	0.00831	0.00249	0.00914	0.00748	0.00831	0.01413
16	0.01569	0.01477	0.02492	0.68808	0.05722	0.01846	0.02307	0.02123	0.01661	0.02123	0.01477	0.02215	0.01107	0.00831	0.00831	0.00277	0.01107	0.00738	0.00369	0.00923
17	0.01844	0.06308	0.02661	0.02132	0.02178	0.02593	0.01792	0.02031	0.01299	0.01996	0.01095	0.01786	0.01089	0.01406	0.02585	0.00351	0.64864	0.00709	0.00363	0.00919
18	0.01176	0.00849	0.01110	0.01045	0.01241	0.00784	0.00784	0.01568	0.02352	0.03331	0.65184	0.06206	0.07839	0.01698	0.00980	0.00261	0.00392	0.01502	0.00914	0.00784
19	0.01666	0.04297	0.66500	0.02368	0.03596	0.01929	0.03069	0.02631	0.01754	0.02631	0.01491	0.01754	0.01052	0.00789	0.00789	0.00263	0.01228	0.00614	0.00351	0.01228
20	0.76672	0.01607	0.01221	0.01092	0.01607	0.01864	0.00900	0.02442	0.01414	0.03727	0.01157	0.01350	0.00900	0.00771	0.00514	0.00257	0.00643	0.00450	0.00514	0.00900
21	0.01837	0.01698	0.02779	0.04062	0.48357	0.01702	0.02100	0.02363	0.05108	0.02676	0.04864	0.14185	0.02383	0.01126	0.00872	0.00265	0.00857	0.01066	0.00518	0.01182
22	0.01443	0.00722	0.01082	0.01082	0.01082	0.00722	0.00722	0.01082	0.01082	0.01443	0.01443	0.02525	0.01443	0.02886	0.03247	0.75830	0.00722	0.00722	0.00361	0.00361
23	0.01666	0.04297	0.66500	0.02368	0.03596	0.01929	0.03069	0.02631	0.01754	0.02631	0.01491	0.01754	0.01052	0.00789	0.00789	0.00263	0.01228	0.00614	0.00351	0.01228
24	0.00982	0.00842	0.00842	0.00842	0.01122	0.00701	0.00631	0.01192	0.01894	0.02244	0.08416	0.07995	0.65285	0.02104	0.00982	0.00281	0.00421	0.01753	0.00771	0.00701
25	0.02485	0.02324	0.02735	0.03003	0.22580	0.11694	0.01927	0.20377	0.05318	0.03253	0.01641	0.01959	0.01321	0.00991	0.01190	0.00267	0.14454	0.00720	0.00548	0.01214
26	0.01010	0.00731	0.00956	0.01137	0.01200	0.00676	0.00762	0.01159	0.01610	0.02129	0.04823	0.66290	0.09308	0.02571	0.01055	0.00334	0.00478	0.02323	0.00771	0.00676
27	0.76672	0.01607	0.01221	0.01092	0.01607	0.01864	0.00900	0.02442	0.01414	0.03727	0.01157	0.01350	0.00900	0.00771	0.00514	0.00257	0.00643	0.00450	0.00514	0.00900
28	0.01012	0.00723	0.00964	0.01157	0.01205	0.00675	0.00771	0.01157	0.01591	0.02121	0.04579	0.70262	0.05495	0.02603	0.01060	0.00337	0.00482	0.02362	0.00771	0.00675
29	0.01012	0.00723	0.00964	0.01157	0.01205	0.00675	0.00771	0.01157	0.01591	0.02121	0.04579	0.70262	0.05495	0.02603	0.01060	0.00337	0.00482	0.02362	0.00771	0.00675
30	0.02028	0.01945	0.03321	0.08797	0.62145	0.01966	0.02535	0.02525	0.01878	0.02680	0.01558	0.02065	0.01304	0.00745	0.00823	0.00248	0.00994	0.00740	0.00409	0.01293
31	0.20073	0.02594	0.02312	0.11677	0.15176	0.27019	0.01720	0.05546	0.02017	0.02728	0.01368	0.01695	0.01099	0.00816	0.00723	0.00241	0.01114	0.00593	0.00456	0.01033
32	0.01908	0.02855	0.27316	0.04063	0.42096	0.01957	0.02747	0.02580	0.01839	0.02682	0.01535	0.01941	0.01216	0.00759	0.00810	0.00253	0.01078	0.00692	0.00388	0.01282
33	0.02484	0.02395	0.03253	0.06723	0.21620	0.11582	0.15124	0.20392	0.02553	0.03315	0.01671	0.02006	0.01286	0.00829	0.00849	0.00252	0.01135	0.00765	0.00537	0.01231

[dist]
# distance from previous block
# <min> <max>
8	62

[block]
# block no. 2 follows, 22 sequences, length 17
# corresponding to MSA columns:
# 113-129
name=unknown_C
#
# <colnr> <probs for GDERKNQSTAVLIFYWHMCP>
#	G	D	E	R	K	N	Q	S	T	A	V	L	I	F	Y	W	H	M	C	P
0	0.02039	0.18536	0.05153	0.04586	0.02217	0.17323	0.01419	0.05784	0.01934	0.02284	0.04951	0.02730	0.07790	0.02088	0.14223	0.00452	0.04287	0.00778	0.00483	0.00943
1	0.01187	0.00890	0.01335	0.01335	0.01483	0.01038	0.01038	0.01483	0.01335	0.01928	0.02225	0.03264	0.02077	0.06231	0.67512	0.01335	0.02225	0.00890	0.00445	0.00742
2	0.02221	0.71304	0.04353	0.01421	0.02132	0.03287	0.01421	0.02488	0.01688	0.01955	0.01155	0.01333	0.01066	0.00711	0.00533	0.00178	0.00888	0.00444	0.00355	0.01066
3	0.01187	0.00890	0.01335	0.01335	0.01483	0.01038	0.01038	0.01483	0.01335	0.01928	0.02225	0.03264	0.02077	0.06231	0.67512	0.01335	0.02225	0.00890	0.00445	0.00742
4	0.01771	0.03601	0.46274	0.02892	0.09759	0.01973	0.16673	0.02630	0.01815	0.02646	0.01541	0.01895	0.01126	0.00764	0.00836	0.00265	0.01244	0.00710	0.00373	0.01212
5	0.01549	0.00774	0.00774	0.00774	0.00968	0.00774	0.00581	0.01936	0.01742	0.03097	0.02710	0.03097	0.02129	0.00968	0.00581	0.00194	0.00387	0.00774	0.75416	0.00774
6	0.76672	0.01607	0.01221	0.01092	0.01607	0.01864	0.00900	0.02442	0.01414	0.03727	0.01157	0.01350	0.00900	0.00771	0.00514	0.00257	0.00643	0.00450	0.00514	0.00900
7	0.01187	0.00890	0.01335	0.01335	0.01483	0.01038	0.01038	0.01483	0.01335	0.01928	0.02225	0.03264	0.02077	0.06231	0.67512	0.01335	0.02225	0.00890	0.00445	0.00742
8	0.01701	0.01612	0.02731	0.51484	0.22010	0.01881	0.02373	0.02239	0.01724	0.02283	0.01500	0.02172	0.01164	0.00806	0.00828	0.00269	0.01075	0.00739	0.00381	0.01030
9	0.01569	0.01477	0.02492	0.68808	0.05722	0.01846	0.02307	0.02123	0.01661	0.02123	0.01477	0.02215	0.01107	0.00831	0.00831	0.00277	0.01107	0.00738	0.00369	0.00923
10	0.01723	0.01477	0.01723	0.01230	0.01969	0.01107	0.00984	0.02092	0.01723	0.02707	0.01477	0.01723	0.01230	0.00615	0.00615	0.00123	0.00615	0.00492	0.00492	0.75883
11	0.02221	0.71304	0.04353	0.01421	0.02132	0.03287	0.01421	0.02488	0.01688	0.01955	0.01155	0.01333	0.01066	0.00711	0.00533	0.00178	0.00888	0.00444	0.00355	0.01066
12	0.02507	0.39768	0.03442	0.01760	0.02298	0.26873	0.01527	0.02746	0.01893	0.01988	0.01196	0.01440	0.01070	0.00836	0.00825	0.00209	0.07721	0.00505	0.00383	0.01013
13	0.03150	0.02035	0.02289	0.01746	0.02413	0.02124	0.01439	0.43496	0.03345	0.18973	0.02239	0.02159	0.01543	0.00967	0.00811	0.00239	0.00838	0.00743	0.00844	0.08607
14	0.02099	0.28264	0.10306	0.01936	0.08594	0.05185	0.01627	0.10419	0.04879	0.02871	0.13570	0.02548	0.02482	0.00972	0.00738	0.00226	0.00863	0.00759	0.00554	0.01108
15	0.01189	0.00881	0.01288	0.01288	0.01421	0.01013	0.00980	0.01454	0.01321	0.01894	0.02268	0.03500	0.02179	0.13248	0.60635	0.01278	0.02071	0.00925	0.00451	0.00716
16	0.01818	0.01818	0.02545	0.02181	0.02181	0.02545	0.01818	0.01999	0.01272	0.01999	0.01091	0.01818	0.01091	0.01454	0.02726	0.00364	0.69284	0.00727	0.00364	0.00909

[dist]
# distance from previous block
# <min> <max>
0	26

[block]
# block no. 3 follows, 22 sequences, length 7
# corresponding to MSA columns:
# 156-162
name=unknown_D
#
# <colnr> <probs for GDERKNQSTAVLIFYWHMCP>
#	G	D	E	R	K	N	Q	S	T	A	V	L	I	F	Y	W	H	M	C	P
0	0.02221	0.71304	0.04353	0.01421	0.02132	0.03287	0.01421	0.02488	0.01688	0.01955	0.01155	0.01333	0.01066	0.00711	0.00533	0.00178	0.00888	0.00444	0.00355	0.01066
1	0.01569	0.01477	0.02492	0.68808	0.05722	0.01846	0.02307	0.02123	0.01661	0.02123	0.01477	0.02215	0.01107	0.00831	0.00831	0.00277	0.01107	0.00738	0.00369	0.00923
2	0.02472	0.01986	0.02107	0.01773	0.02315	0.02256	0.01413	0.26134	0.41742	0.04129	0.02866	0.02689	0.02118	0.01079	0.00840	0.00270	0.00753	0.00868	0.00840	0.01351
3	0.01017	0.00807	0.00915	0.00963	0.01163	0.00705	0.00694	0.01233	0.01866	0.02355	0.14998	0.26313	0.39644	0.02197	0.01005	0.00295	0.00435	0.01900	0.00791	0.00705
4	0.02832	0.03534	0.02452	0.02167	0.02600	0.56099	0.06222	0.03091	0.02226	0.02071	0.01405	0.01724	0.01181	0.01359	0.07163	0.00326	0.01560	0.00603	0.00429	0.00954
5	0.01010	0.00843	0.00881	0.00872	0.01140	0.00713	0.00654	0.01248	0.01961	0.02405	0.16795	0.07731	0.56806	0.02044	0.00982	0.00278	0.00417	0.01716	0.00793	0.00713
6	0.00992	0.00802	0.00883	0.00948	0.01150	0.00692	0.00678	0.01180	0.01791	0.02203	0.07123	0.28971	0.45143	0.02272	0.01008	0.00300	0.00441	0.01958	0.00771	0.00692

[dist]
# distance from previous block
# <min> <max>
0	1

[block]
# block no. 4 follows, 22 sequences, length 30
# corresponding to MSA columns:
# 164-193
name=unknown_E
#
# <colnr> <probs for GDERKNQSTAVLIFYWHMCP>
#	G	D	E	R	K	N	Q	S	T	A	V	L	I	F	Y	W	H	M	C	P
0	0.01703	0.08684	0.62432	0.02306	0.03500	0.02018	0.02961	0.02622	0.01750	0.02587	0.01469	0.01726	0.01053	0.00784	0.00772	0.00257	0.01206	0.00603	0.00351	0.01217
1	0.02869	0.06714	0.05890	0.02461	0.09857	0.53705	0.01782	0.03157	0.02240	0.02139	0.01321	0.01568	0.01097	0.00833	0.00750	0.00219	0.01398	0.00559	0.00419	0.01022
2	0.47505	0.13406	0.12640	0.01425	0.02083	0.06335	0.01389	0.02537	0.01575	0.03151	0.01220	0.01424	0.00963	0.00770	0.00578	0.00243	0.00834	0.00482	0.00456	0.00985
3	0.02045	0.24375	0.14410	0.02777	0.18395	0.05426	0.05646	0.02497	0.01730	0.02312	0.01341	0.01723	0.01142	0.00856	0.01034	0.00247	0.11910	0.00628	0.00377	0.01130
4	0.01203	0.01050	0.01018	0.00972	0.01270	0.03644	0.00737	0.04457	0.02063	0.02500	0.13670	0.07228	0.53354	0.01953	0.00964	0.00274	0.00489	0.01624	0.00775	0.00757
5	0.02816	0.08761	0.02455	0.02073	0.04986	0.45608	0.01549	0.10221	0.02469	0.02562	0.07366	0.02009	0.01756	0.00936	0.00766	0.00221	0.01255	0.00653	0.00516	0.01023
6	0.01799	0.01436	0.01703	0.01360	0.01902	0.01304	0.01074	0.12575	0.02023	0.02947	0.02057	0.09928	0.01903	0.01904	0.12527	0.00384	0.00937	0.00823	0.00576	0.40838
7	0.01839	0.02982	0.33791	0.08725	0.07348	0.01898	0.05078	0.09531	0.07792	0.02922	0.02183	0.06251	0.03990	0.00998	0.00837	0.00269	0.01045	0.00842	0.00502	0.01176
8	0.01187	0.00890	0.01335	0.01335	0.01483	0.01038	0.01038	0.01483	0.01335	0.01928	0.02225	0.03264	0.02077	0.06231	0.67512	0.01335	0.02225	0.00890	0.00445	0.00742
9	0.02823	0.02276	0.02442	0.06011	0.06552	0.06602	0.01641	0.42599	0.12991	0.04416	0.02109	0.02152	0.01543	0.00983	0.00827	0.00254	0.00927	0.00763	0.00755	0.01334
10	0.76672	0.01607	0.01221	0.01092	0.01607	0.01864	0.00900	0.02442	0.01414	0.03727	0.01157	0.01350	0.00900	0.00771	0.00514	0.00257	0.00643	0.00450	0.00514	0.00900
11	0.01224	0.00919	0.01303	0.01285	0.01393	0.01064	0.00961	0.01450	0.01304	0.01863	0.02253	0.03664	0.02233	0.20093	0.50381	0.01170	0.05338	0.00951	0.00454	0.00698
12	0.01443	0.00722	0.01082	0.01082	0.01082	0.00722	0.00722	0.01082	0.01082	0.01443	0.01443	0.02525	0.01443	0.02886	0.03247	0.75830	0.00722	0.00722	0.00361	0.00361
13	0.01661	0.01570	0.02658	0.56785	0.17026	0.01870	0.02353	0.02203	0.01705	0.02234	0.01493	0.02185	0.01147	0.00814	0.00829	0.00271	0.01085	0.00739	0.00377	0.00997
14	0.00982	0.00842	0.00842	0.00842	0.01122	0.00701	0.00631	0.01192	0.01894	0.02244	0.08416	0.07995	0.65285	0.02104	0.00982	0.00281	0.00421	0.01753	0.00771	0.00701
15	0.01097	0.00846	0.01001	0.00962	0.01193	0.00750	0.00722	0.01414	0.02165	0.02887	0.42006	0.06936	0.31293	0.01864	0.00981	0.00269	0.00404	0.01605	0.00856	0.00750
16	0.01187	0.00890	0.01335	0.01335	0.01483	0.01038	0.01038	0.01483	0.01335	0.01928	0.02225	0.03264	0.02077	0.06231	0.67512	0.01335	0.02225	0.00890	0.00445	0.00742
17	0.02221	0.71304	0.04353	0.01421	0.02132	0.03287	0.01421	0.02488	0.01688	0.01955	0.01155	0.01333	0.01066	0.00711	0.00533	0.00178	0.00888	0.00444	0.00355	0.01066
18	0.01666	0.04297	0.66500	0.02368	0.03596	0.01929	0.03069	0.02631	0.01754	0.02631	0.01491	0.01754	0.01052	0.00789	0.00789	0.00263	0.01228	0.00614	0.00351	0.01228
19	0.67504	0.01582	0.01310	0.01141	0.01671	0.01783	0.00940	0.02644	0.01535	0.11579	0.01423	0.01535	0.01045	0.00803	0.00554	0.00257	0.00651	0.00498	0.00579	0.00964
20	0.01012	0.00723	0.00964	0.01157	0.01205	0.00675	0.00771	0.01157	0.01591	0.02121	0.04579	0.70262	0.05495	0.02603	0.01060	0.00337	0.00482	0.02362	0.00771	0.00675
21	0.01246	0.00977	0.01449	0.01414	0.01549	0.01180	0.01112	0.01532	0.01329	0.01935	0.02119	0.03128	0.01984	0.05782	0.61434	0.01244	0.08516	0.00875	0.00437	0.00757
22	0.01095	0.00878	0.01000	0.01060	0.01313	0.00782	0.00856	0.01360	0.01900	0.02321	0.07138	0.08432	0.46047	0.02165	0.01034	0.00313	0.00530	0.20284	0.00769	0.00722
23	0.01666	0.04297	0.66500	0.02368	0.03596	0.01929	0.03069	0.02631	0.01754	0.02631	0.01491	0.01754	0.01052	0.00789	0.00789	0.00263	0.01228	0.00614	0.00351	0.01228
24	0.01071	0.00827	0.00977	0.00978	0.01186	0.00733	0.00719	0.01351	0.02048	0.02700	0.32593	0.16606	0.31216	0.02002	0.00993	0.00281	0.00417	0.01736	0.00834	0.00733
25	0.01187	0.00890	0.01335	0.01335	0.01483	0.01038	0.01038	0.01483	0.01335	0.01928	0.02225	0.03264	0.02077	0.06231	0.67512	0.01335	0.02225	0.00890	0.00445	0.00742
26	0.02362	0.05584	0.03125	0.04093	0.44844	0.20719	0.02231	0.02766	0.02015	0.02486	0.01465	0.01865	0.01235	0.00772	0.00789	0.00234	0.01128	0.00669	0.00414	0.01204
27	0.02138	0.11748	0.29042	0.02564	0.08069	0.02273	0.13244	0.15510	0.02254	0.03116	0.01596	0.01863	0.01189	0.00804	0.00803	0.00251	0.01131	0.00697	0.00471	0.01234
28	0.02430	0.06673	0.10069	0.02990	0.22615	0.31696	0.02005	0.02821	0.02075	0.02327	0.01826	0.02094	0.05075	0.00880	0.00780	0.00232	0.01207	0.00679	0.00431	0.01095
29	0.06570	0.14455	0.28459	0.02427	0.10779	0.18862	0.02240	0.02762	0.01894	0.02445	0.01374	0.01636	0.01083	0.00787	0.00726	0.00235	0.01178	0.00573	0.00388	0.01126

[dist]
# distance from previous block
# <min> <max>
0	1

[block]
# block no. 5 follows, 22 sequences, length 43
# corresponding to MSA columns:
# 195-237
name=unknown_F
#
# <colnr> <probs for GDERKNQSTAVLIFYWHMCP>
#	G	D	E	R	K	N	Q	S	T	A	V	L	I	F	Y	W	H	M	C	P
0	0.02278	0.03272	0.26938	0.02738	0.15412	0.15090	0.02321	0.13540	0.02271	0.02967	0.01585	0.01869	0.01216	0.01059	0.03598	0.00293	0.01219	0.00659	0.00469	0.01205
1	0.02056	0.01974	0.03372	0.05099	0.65622	0.01974	0.02550	0.02550	0.01892	0.02714	0.01563	0.02056	0.01316	0.00740	0.00822	0.00247	0.00987	0.00740	0.00411	0.01316
2	0.06041	0.04140	0.62693	0.02293	0.03480	0.01925	0.02943	0.02620	0.01734	0.02695	0.01471	0.01730	0.01043	0.00788	0.00773	0.00263	0.01194	0.00604	0.00360	0.01209
3	0.01025	0.00843	0.00901	0.00887	0.01149	0.00720	0.00665	0.01276	0.01995	0.02485	0.21016	0.07598	0.52535	0.02014	0.00981	0.00276	0.00414	0.01698	0.00803	0.00720
4	0.01187	0.00890	0.01335	0.01335	0.01483	0.01038	0.01038	0.01483	0.01335	0.01928	0.02225	0.03264	0.02077	0.06231	0.67512	0.01335	0.02225	0.00890	0.00445	0.00742
5	0.01208	0.00805	0.00906	0.00906	0.00906	0.00805	0.00503	0.01208	0.01208	0.01611	0.02618	0.05436	0.03020	0.70804	0.04228	0.00805	0.00805	0.01208	0.00503	0.00503
6	0.03158	0.02327	0.02493	0.01911	0.02576	0.02576	0.01579	0.62852	0.03906	0.05236	0.01995	0.01995	0.01413	0.00997	0.00831	0.00249	0.00914	0.00748	0.00831	0.01413
7	0.01208	0.00805	0.00906	0.00906	0.00906	0.00805	0.00503	0.01208	0.01208	0.01611	0.02618	0.05436	0.03020	0.70804	0.04228	0.00805	0.00805	0.01208	0.00503	0.00503
8	0.01208	0.00805	0.00906	0.00906	0.00906	0.00805	0.00503	0.01208	0.01208	0.01611	0.02618	0.05436	0.03020	0.70804	0.04228	0.00805	0.00805	0.01208	0.00503	0.00503
9	0.02056	0.01974	0.03372	0.05099	0.65622	0.01974	0.02550	0.02550	0.01892	0.02714	0.01563	0.02056	0.01316	0.00740	0.00822	0.00247	0.00987	0.00740	0.00411	0.01316
10	0.01208	0.00805	0.00906	0.00906	0.00906	0.00805	0.00503	0.01208	0.01208	0.01611	0.02618	0.05436	0.03020	0.70804	0.04228	0.00805	0.00805	0.01208	0.00503	0.00503
11	0.01918	0.01869	0.05785	0.03757	0.37279	0.01724	0.12194	0.02438	0.02009	0.05469	0.14341	0.02934	0.02627	0.00939	0.00879	0.00256	0.00936	0.00931	0.00536	0.01177
12	0.01965	0.02148	0.06737	0.17790	0.33178	0.05255	0.15750	0.02528	0.01875	0.02540	0.01553	0.02087	0.01234	0.00759	0.00854	0.00260	0.01142	0.00776	0.00402	0.01168
13	0.02106	0.02340	0.05994	0.16464	0.35701	0.14956	0.02258	0.02566	0.01933	0.02440	0.01780	0.02214	0.03949	0.00841	0.00815	0.00248	0.01100	0.00736	0.00419	0.01139
14	0.42640	0.13219	0.02158	0.01743	0.08035	0.15488	0.01285	0.02638	0.01695	0.03002	0.01221	0.01445	0.01001	0.00776	0.00595	0.00235	0.00889	0.00494	0.00461	0.00979
15	0.02231	0.43453	0.19482	0.01764	0.02568	0.10229	0.01860	0.05695	0.01893	0.02299	0.01296	0.01490	0.01081	0.00761	0.00637	0.00207	0.01044	0.00512	0.00387	0.01112
16	0.01797	0.01016	0.01311	0.01182	0.01461	0.00956	0.00892	0.02205	0.06631	0.16450	0.32666	0.08906	0.07719	0.04302	0.01287	0.07645	0.00533	0.01295	0.00849	0.00896
17	0.03158	0.02327	0.02493	0.01911	0.02576	0.02576	0.01579	0.62852	0.03906	0.05236	0.01995	0.01995	0.01413	0.00997	0.00831	0.00249	0.00914	0.00748	0.00831	0.01413
18	0.01187	0.00890	0.01335	0.01335	0.01483	0.01038	0.01038	0.01483	0.01335	0.01928	0.02225	0.03264	0.02077	0.06231	0.67512	0.01335	0.02225	0.00890	0.00445	0.00742
19	0.03158	0.02327	0.02493	0.01911	0.02576	0.02576	0.01579	0.62852	0.03906	0.05236	0.01995	0.01995	0.01413	0.00997	0.00831	0.00249	0.00914	0.00748	0.00831	0.01413
20	0.01224	0.00944	0.01406	0.01384	0.01524	0.01126	0.01084	0.01514	0.01331	0.01933	0.02159	0.03179	0.02019	0.05952	0.63734	0.01278	0.06136	0.00881	0.00440	0.00751
21	0.01549	0.00774	0.00774	0.00774	0.00968	0.00774	0.00581	0.01936	0.01742	0.03097	0.02710	0.03097	0.02129	0.00968	0.00581	0.00194	0.00387	0.00774	0.75416	0.00774
22	0.03108	0.03804	0.02367	0.02118	0.02569	0.61287	0.01603	0.08989	0.02502	0.02338	0.01352	0.01545	0.01103	0.00870	0.00757	0.00217	0.01442	0.00555	0.00466	0.01006
23	0.02663	0.02748	0.02496	0.19006	0.07623	0.28520	0.01838	0.19530	0.02581	0.02993	0.01549	0.01854	0.01191	0.00881	0.00797	0.00242	0.01203	0.00659	0.00524	0.01102
24	0.01012	0.00723	0.00964	0.01157	0.01205	0.00675	0.00771	0.01157	0.01591	0.02121	0.04579	0.70262	0.05495	0.02603	0.01060	0.00337	0.00482	0.02362	0.00771	0.00675
25	0.01026	0.00843	0.00903	0.00888	0.01149	0.00720	0.00666	0.01278	0.01999	0.02494	0.21440	0.07584	0.52105	0.02011	0.00981	0.00276	0.00414	0.01696	0.00804	0.00720
26	0.01286	0.00933	0.01270	0.01442	0.01635	0.00916	0.01239	0.01640	0.01894	0.02443	0.04813	0.12284	0.10918	0.02291	0.01126	0.00370	0.00716	0.51264	0.00766	0.00754
27	0.76672	0.01607	0.01221	0.01092	0.01607	0.01864	0.00900	0.02442	0.01414	0.03727	0.01157	0.01350	0.00900	0.00771	0.00514	0.00257	0.00643	0.00450	0.00514	0.00900
28	0.01157	0.00855	0.01084	0.01044	0.01253	0.00782	0.00795	0.01521	0.02255	0.03115	0.52855	0.06671	0.16321	0.01796	0.00990	0.00272	0.00419	0.05161	0.00884	0.00770
29	0.01201	0.00866	0.01146	0.01120	0.01315	0.00811	0.00870	0.01591	0.02284	0.03201	0.55782	0.06695	0.07366	0.01791	0.01006	0.00280	0.00450	0.10555	0.00891	0.00781
30	0.03113	0.03657	0.02380	0.02098	0.02570	0.55453	0.01600	0.14342	0.02642	0.02626	0.01416	0.01590	0.01134	0.00882	0.00764	0.00221	0.01390	0.00574	0.00503	0.01046
31	0.01566	0.01158	0.01699	0.02060	0.15680	0.01108	0.01308	0.01965	0.02140	0.07219	0.31821	0.05780	0.08359	0.01580	0.00969	0.00283	0.00621	0.12975	0.00773	0.00936
32	0.01187	0.00890	0.01335	0.01335	0.01483	0.01038	0.01038	0.01483	0.01335	0.01928	0.02225	0.03264	0.02077	0.06231	0.67512	0.01335	0.02225	0.00890	0.00445	0.00742
33	0.01993	0.01798	0.02745	0.02190	0.02549	0.02064	0.15525	0.15500	0.02037	0.02844	0.01860	0.06579	0.01703	0.06419	0.08435	0.00445	0.22837	0.00940	0.00523	0.01011
34	0.01012	0.00723	0.00964	0.01157	0.01205	0.00675	0.00771	0.01157	0.01591	0.02121	0.04579	0.70262	0.05495	0.02603	0.01060	0.00337	0.00482	0.02362	0.00771	0.00675
35	0.02724	0.18396	0.02895	0.02143	0.06335	0.35722	0.01641	0.09498	0.02243	0.02406	0.01332	0.01582	0.01124	0.00890	0.00907	0.00226	0.07867	0.00570	0.00449	0.01052
36	0.23765	0.18000	0.05545	0.06112	0.02347	0.19708	0.01423	0.02578	0.01753	0.02529	0.01336	0.01657	0.01123	0.01336	0.07372	0.00338	0.01147	0.00543	0.00430	0.00956
37	0.05778	0.02911	0.02314	0.02271	0.08919	0.35749	0.01602	0.13263	0.02390	0.02738	0.01739	0.08353	0.01580	0.01076	0.00925	0.00247	0.05790	0.00781	0.00529	0.01044
38	0.05019	0.06877	0.15450	0.01940	0.08053	0.05765	0.01658	0.05587	0.09703	0.05064	0.03037	0.03202	0.12144	0.01864	0.10627	0.00415	0.01080	0.00888	0.00564	0.01063
39	0.20720	0.15346	0.02065	0.05454	0.01961	0.01893	0.01136	0.11968	0.01870	0.02867	0.02110	0.02437	0.07643	0.01404	0.01243	0.17017	0.00760	0.00707	0.00518	0.00879
40	0.15182	0.08337	0.02035	0.01748	0.05903	0.23613	0.01291	0.07104	0.02064	0.02645	0.02809	0.02946	0.13958	0.01445	0.05259	0.00312	0.01054	0.00808	0.00536	0.00950
41	0.01944	0.01911	0.10373	0.08579	0.08961	0.01707	0.01755	0.17411	0.05497	0.03358	0.11928	0.04315	0.03095	0.01328	0.00918	0.00286	0.00857	0.14009	0.00680	0.01088
42	0.14363	0.01827	0.02216	0.09549	0.15137	0.02008	0.01612	0.20321	0.10975	0.03615	0.02532	0.02663	0.07651	0.01017	0.00794	0.00261	0.00822	0.00821	0.00642	0.01174

[dist]
# distance from previous block
# <min> <max>
1	5

[block]
# block no. 6 follows, 22 sequences, length 14
# corresponding to MSA columns:
# 243-256
name=unknown_G
#
# <colnr> <probs for GDERKNQSTAVLIFYWHMCP>
#	G	D	E	R	K	N	Q	S	T	A	V	L	I	F	Y	W	H	M	C	P
0	0.06449	0.02321	0.02256	0.13999	0.02961	0.20828	0.04825	0.13828	0.07195	0.02881	0.01936	0.06635	0.01644	0.01486	0.06804	0.00352	0.01197	0.00816	0.00554	0.01033
1	0.06506	0.00888	0.00947	0.00939	0.01194	0.00804	0.00701	0.01374	0.01947	0.02613	0.21796	0.12659	0.40838	0.01951	0.00955	0.00279	0.00435	0.01651	0.00789	0.00734
2	0.01871	0.32400	0.14314	0.01574	0.02221	0.02315	0.01576	0.02634	0.12330	0.02536	0.11216	0.02563	0.02390	0.01312	0.05177	0.00300	0.00925	0.00746	0.00527	0.01073
3	0.19893	0.22374	0.11552	0.01656	0.02257	0.16435	0.01554	0.02576	0.01731	0.02486	0.01312	0.01604	0.01107	0.01236	0.06009	0.00316	0.03956	0.00536	0.00416	0.00995
4	0.02070	0.02134	0.02078	0.01970	0.06465	0.21147	0.06770	0.09499	0.02227	0.02641	0.07554	0.16501	0.09842	0.04073	0.01022	0.00284	0.00955	0.01210	0.00619	0.00938
5	0.02182	0.01724	0.01967	0.01568	0.02092	0.04109	0.05124	0.26301	0.02765	0.05933	0.09415	0.04050	0.19793	0.01311	0.00873	0.00248	0.00748	0.01083	0.00756	0.07957
6	0.15724	0.21939	0.07496	0.18585	0.03020	0.02194	0.01620	0.02615	0.06464	0.07592	0.01898	0.02118	0.03863	0.00872	0.00691	0.00242	0.00874	0.00655	0.00495	0.01043
7	0.05165	0.02325	0.10049	0.02374	0.07052	0.07098	0.16512	0.13796	0.02240	0.03064	0.02355	0.02596	0.08354	0.00972	0.00939	0.00252	0.04684	0.00844	0.00537	0.08791
8	0.02745	0.13163	0.09965	0.02265	0.07183	0.42156	0.01812	0.06920	0.02260	0.02346	0.01356	0.01576	0.01107	0.00829	0.00734	0.00219	0.01308	0.00560	0.00434	0.01062
9	0.08895	0.11775	0.06500	0.02049	0.10908	0.11624	0.01524	0.07273	0.02083	0.07537	0.11227	0.02602	0.02320	0.01566	0.08303	0.00360	0.01058	0.00773	0.00570	0.01055
10	0.16619	0.02085	0.04709	0.08334	0.11265	0.10965	0.01549	0.12786	0.05913	0.03303	0.05122	0.02232	0.01697	0.00916	0.00737	0.00245	0.00883	0.00708	0.08860	0.01074
11	0.15032	0.02349	0.05249	0.05923	0.02286	0.20660	0.01350	0.12583	0.02221	0.02918	0.02857	0.03102	0.13564	0.05290	0.00983	0.00282	0.00964	0.00848	0.00574	0.00962
12	0.02096	0.13174	0.17484	0.01985	0.05958	0.20152	0.01784	0.02549	0.01936	0.02384	0.07165	0.02152	0.01785	0.01287	0.06026	0.00305	0.01174	0.00662	0.00450	0.09493
13	0.02368	0.02572	0.04968	0.06591	0.22869	0.23607	0.01848	0.09412	0.02160	0.02584	0.01658	0.02332	0.01461	0.10566	0.01272	0.00316	0.01139	0.00733	0.00472	0.01072

[dist]
# distance from previous block
# <min> <max>
8	66

[block]
# block no. 7 follows, 22 sequences, length 7
# corresponding to MSA columns:
# 330-336
name=unknown_H
#
# <colnr> <probs for GDERKNQSTAVLIFYWHMCP>
#	G	D	E	R	K	N	Q	S	T	A	V	L	I	F	Y	W	H	M	C	P
0	0.01835	0.01704	0.02859	0.18952	0.42225	0.01788	0.02308	0.02325	0.01843	0.02545	0.01981	0.03220	0.01803	0.01000	0.00874	0.00274	0.00980	0.09884	0.00456	0.01142
1	0.09056	0.07158	0.23994	0.07404	0.08314	0.20886	0.06705	0.02761	0.01912	0.02493	0.01401	0.01715	0.01085	0.00795	0.00758	0.00245	0.01217	0.00614	0.00400	0.01089
2	0.02493	0.02699	0.02526	0.02650	0.15018	0.28315	0.01783	0.10044	0.02173	0.02561	0.01597	0.06155	0.01450	0.01089	0.01214	0.00265	0.15667	0.00760	0.00482	0.01059
3	0.09189	0.12664	0.09135	0.03332	0.31167	0.05259	0.04871	0.09723	0.02067	0.02952	0.01501	0.01829	0.01213	0.00777	0.00752	0.00239	0.00997	0.00659	0.00458	0.01218
4	0.20759	0.01935	0.05804	0.04023	0.02056	0.10096	0.01308	0.07084	0.04376	0.02855	0.02804	0.12761	0.10065	0.01345	0.01017	0.00281	0.08909	0.01013	0.00580	0.00930
5	0.05045	0.01994	0.05685	0.11037	0.26185	0.06742	0.06938	0.02625	0.09110	0.02599	0.01834	0.02308	0.01496	0.01626	0.10786	0.00419	0.01216	0.00772	0.00466	0.01119
6	0.02593	0.02651	0.02403	0.10365	0.13477	0.29689	0.01740	0.07892	0.05787	0.07393	0.06454	0.02259	0.01806	0.00936	0.00807	0.00240	0.01129	0.00729	0.00556	0.01095

[dist]
# distance from previous block
# <min> <max>
7	21

[block]
# block no. 8 follows, 22 sequences, length 6
# corresponding to MSA columns:
# 360-365
name=unknown_I
#
# <colnr> <probs for GDERKNQSTAVLIFYWHMCP>
#	G	D	E	R	K	N	Q	S	T	A	V	L	I	F	Y	W	H	M	C	P
0	0.06833	0.10271	0.19922	0.01745	0.02415	0.10279	0.01754	0.11103	0.02155	0.02850	0.02921	0.03551	0.11832	0.01200	0.00816	0.00261	0.00959	0.07532	0.00556	0.01044
1	0.09248	0.01654	0.02106	0.06605	0.18447	0.04809	0.01543	0.10051	0.01979	0.02878	0.02119	0.13024	0.02020	0.01772	0.09300	0.00388	0.01010	0.00954	0.00546	0.09547
2	0.01453	0.01336	0.01201	0.01159	0.01335	0.11508	0.00810	0.01619	0.01698	0.02062	0.10821	0.05214	0.17672	0.27495	0.10566	0.00593	0.00960	0.01220	0.00593	0.00685
3	0.01941	0.01923	0.02269	0.02319	0.12728	0.09699	0.01607	0.06539	0.01851	0.02461	0.02687	0.03004	0.13409	0.01288	0.01536	0.00283	0.26278	0.00886	0.00501	0.06790
4	0.01666	0.01310	0.01423	0.01298	0.01607	0.01395	0.00967	0.11365	0.19067	0.02876	0.04276	0.09477	0.18046	0.15948	0.05165	0.00444	0.00740	0.01265	0.00728	0.00936
5	0.01767	0.01640	0.06542	0.01417	0.01818	0.04259	0.01178	0.13306	0.07477	0.03060	0.14433	0.07312	0.09410	0.12553	0.01429	0.00350	0.00736	0.04939	0.00706	0.05668

[dist]
# distance from previous block
# <min> <max>
4	29

[block]
# block no. 9 follows, 22 sequences, length 35
# corresponding to MSA columns:
# 395-429
name=unknown_J
#
# <colnr> <probs for GDERKNQSTAVLIFYWHMCP>
#	G	D	E	R	K	N	Q	S	T	A	V	L	I	F	Y	W	H	M	C	P
0	0.07267	0.02309	0.06037	0.03083	0.27823	0.14828	0.01895	0.03002	0.05935	0.12887	0.05413	0.02303	0.01784	0.00892	0.00798	0.00246	0.00981	0.00744	0.00572	0.01200
1	0.02049	0.03001	0.22993	0.11251	0.20056	0.14910	0.02354	0.02633	0.01896	0.02477	0.01466	0.01838	0.01149	0.00779	0.00779	0.00238	0.01147	0.00636	0.00397	0.07948
2	0.07102	0.02561	0.06177	0.03968	0.42692	0.18238	0.02235	0.02737	0.01969	0.02606	0.01464	0.01857	0.01215	0.00773	0.00783	0.00240	0.01104	0.00664	0.00419	0.01197
3	0.02518	0.19325	0.06810	0.01824	0.02358	0.29210	0.01554	0.11062	0.02237	0.02493	0.01632	0.05483	0.01451	0.01424	0.06835	0.00323	0.01265	0.00681	0.00482	0.01031
4	0.01793	0.01324	0.01401	0.01225	0.01476	0.04816	0.00871	0.12645	0.02062	0.05458	0.14859	0.04436	0.03443	0.33748	0.02433	0.00503	0.00766	0.01091	0.00662	0.04990
5	0.01963	0.02127	0.09120	0.02154	0.11738	0.12110	0.01560	0.09384	0.05455	0.02624	0.04787	0.02977	0.02052	0.13982	0.13817	0.00545	0.01241	0.00848	0.00525	0.00990
6	0.06113	0.02651	0.14885	0.02513	0.08715	0.12764	0.09736	0.02572	0.04647	0.02451	0.01754	0.02139	0.04035	0.01042	0.01346	0.00285	0.20119	0.00748	0.00432	0.01053
7	0.01748	0.01273	0.01488	0.01415	0.01675	0.01326	0.01048	0.22302	0.02384	0.03188	0.03693	0.46865	0.04096	0.02052	0.00982	0.00307	0.00630	0.01809	0.00792	0.00928
8	0.00994	0.00842	0.00859	0.00855	0.01130	0.00707	0.00641	0.01216	0.01923	0.02314	0.12071	0.07880	0.61586	0.02078	0.00982	0.00279	0.00419	0.01737	0.00781	0.00707
9	0.02221	0.71304	0.04353	0.01421	0.02132	0.03287	0.01421	0.02488	0.01688	0.01955	0.01155	0.01333	0.01066	0.00711	0.00533	0.00178	0.00888	0.00444	0.00355	0.01066
10	0.01244	0.00974	0.01445	0.01412	0.01547	0.01175	0.01109	0.01530	0.01329	0.01935	0.02122	0.03132	0.01987	0.05796	0.61616	0.01247	0.08328	0.00875	0.00438	0.00757
11	0.01187	0.00890	0.01335	0.01335	0.01483	0.01038	0.01038	0.01483	0.01335	0.01928	0.02225	0.03264	0.02077	0.06231	0.67512	0.01335	0.02225	0.00890	0.00445	0.00742
12	0.03103	0.03959	0.02354	0.02140	0.02568	0.67469	0.01605	0.03317	0.02354	0.02033	0.01284	0.01498	0.01070	0.00856	0.00749	0.00214	0.01498	0.00535	0.00428	0.00963
13	0.02221	0.71304	0.04353	0.01421	0.02132	0.03287	0.01421	0.02488	0.01688	0.01955	0.01155	0.01333	0.01066	0.00711	0.00533	0.00178	0.00888	0.00444	0.00355	0.01066
14	0.03103	0.03959	0.02354	0.02140	0.02568	0.67469	0.01605	0.03317	0.02354	0.02033	0.01284	0.01498	0.01070	0.00856	0.00749	0.00214	0.01498	0.00535	0.00428	0.00963
15	0.01194	0.00851	0.01138	0.01132	0.01224	0.00919	0.00795	0.01379	0.01379	0.01931	0.08345	0.04433	0.03009	0.32275	0.35271	0.01016	0.01470	0.01078	0.00513	0.00648
16	0.01221	0.01129	0.01038	0.01006	0.01315	0.05005	0.00759	0.01643	0.08059	0.02352	0.07474	0.07106	0.55087	0.01930	0.00954	0.00276	0.00511	0.01597	0.00757	0.00778
17	0.02468	0.27385	0.03815	0.02242	0.02919	0.17538	0.18933	0.10445	0.02202	0.02594	0.01442	0.01714	0.01167	0.00778	0.00748	0.00224	0.01177	0.00657	0.00451	0.01102
18	0.01618	0.01135	0.01278	0.01163	0.01319	0.01194	0.00783	0.14600	0.01825	0.02447	0.02583	0.08618	0.02774	0.47847	0.06769	0.00685	0.00887	0.01163	0.00588	0.00725
19	0.08466	0.41195	0.07098	0.02251	0.14858	0.09321	0.01711	0.02588	0.01777	0.02299	0.01268	0.01518	0.01102	0.00741	0.00625	0.00206	0.00968	0.00522	0.00387	0.01100
20	0.01419	0.01159	0.01472	0.12515	0.02137	0.01291	0.01133	0.02053	0.13986	0.02282	0.03495	0.16520	0.08937	0.19522	0.01879	0.00435	0.04177	0.04141	0.00629	0.00818
21	0.01126	0.00798	0.01016	0.01147	0.01225	0.00766	0.00806	0.01285	0.01575	0.02070	0.04276	0.37513	0.08447	0.20115	0.01891	0.00464	0.00618	0.13512	0.00701	0.00650
22	0.02336	0.02200	0.02173	0.01818	0.02368	0.12896	0.04437	0.12039	0.32669	0.03325	0.02460	0.02423	0.01870	0.00964	0.00799	0.00242	0.00865	0.00779	0.00698	0.12643
23	0.01239	0.00909	0.01208	0.01353	0.01546	0.00877	0.01136	0.01571	0.01903	0.02458	0.08474	0.14728	0.15104	0.02259	0.01102	0.00354	0.00660	0.41595	0.00775	0.00747
24	0.05384	0.14316	0.06275	0.07057	0.36509	0.06291	0.07588	0.02574	0.01852	0.02545	0.01459	0.01875	0.01211	0.00747	0.00767	0.00238	0.01040	0.00679	0.00403	0.01191
25	0.01675	0.01584	0.02683	0.54980	0.18723	0.01874	0.02360	0.02215	0.01711	0.02251	0.01495	0.02180	0.01153	0.00811	0.00829	0.00270	0.01081	0.00739	0.00378	0.01008
26	0.01186	0.00851	0.01158	0.01167	0.01255	0.00934	0.00827	0.01365	0.01300	0.01820	0.02484	0.07291	0.02592	0.30062	0.40792	0.01090	0.01614	0.01079	0.00482	0.00650
27	0.01549	0.00774	0.00774	0.00774	0.00968	0.00774	0.00581	0.01936	0.01742	0.03097	0.02710	0.03097	0.02129	0.00968	0.00581	0.00194	0.00387	0.00774	0.75416	0.00774
28	0.01443	0.00722	0.01082	0.01082	0.01082	0.00722	0.00722	0.01082	0.01082	0.01443	0.01443	0.02525	0.01443	0.02886	0.03247	0.75830	0.00722	0.00722	0.00361	0.00361
29	0.01579	0.01176	0.01566	0.01450	0.01701	0.01345	0.01146	0.13707	0.01847	0.02587	0.02179	0.03011	0.01945	0.05188	0.54231	0.01119	0.01964	0.00862	0.00522	0.00875
30	0.68992	0.01586	0.01295	0.01133	0.01661	0.01796	0.00934	0.02611	0.01515	0.10305	0.01380	0.01505	0.01021	0.00798	0.00548	0.00257	0.00649	0.00490	0.00568	0.00954
31	0.02056	0.01974	0.03372	0.05099	0.65622	0.01974	0.02550	0.02550	0.01892	0.02714	0.01563	0.02056	0.01316	0.00740	0.00822	0.00247	0.00987	0.00740	0.00411	0.01316
32	0.02056	0.01974	0.03372	0.05099	0.65622	0.01974	0.02550	0.02550	0.01892	0.02714	0.01563	0.02056	0.01316	0.00740	0.00822	0.00247	0.00987	0.00740	0.00411	0.01316
33	0.01092	0.00792	0.01030	0.01084	0.01218	0.00730	0.00770	0.01362	0.01984	0.02727	0.34812	0.35119	0.09930	0.02127	0.01016	0.00297	0.00434	0.01903	0.00842	0.00730
34	0.23039	0.22844	0.11416	0.01761	0.02458	0.10204	0.06643	0.08129	0.01926	0.02907	0.01336	0.01550	0.01066	0.00781	0.00652	0.00231	0.00983	0.00552	0.00457	0.01065

[dist]
# distance from previous block
# <min> <max>
0	1

[block]
# block no. 10 follows, 22 sequences, length 11
# corresponding to MSA columns:
# 431-441
name=unknown_K
#
# <colnr> <probs for GDERKNQSTAVLIFYWHMCP>
#	G	D	E	R	K	N	Q	S	T	A	V	L	I	F	Y	W	H	M	C	P
0	0.02419	0.02415	0.02032	0.01816	0.02205	0.24685	0.01419	0.06761	0.19074	0.06463	0.02680	0.02953	0.06344	0.01388	0.03838	0.00312	0.08140	0.03352	0.00634	0.01070
1	0.02750	0.02006	0.02202	0.01713	0.02357	0.02111	0.01396	0.37104	0.13506	0.09174	0.02230	0.02194	0.01617	0.00950	0.00793	0.00232	0.00799	0.00739	0.00785	0.15343
2	0.02177	0.46120	0.20546	0.01724	0.02567	0.02852	0.01873	0.09095	0.01947	0.02490	0.01335	0.01516	0.01100	0.00763	0.00633	0.00208	0.00981	0.00522	0.00406	0.01146
3	0.01807	0.02415	0.18026	0.03380	0.22211	0.01838	0.20531	0.02447	0.01843	0.02601	0.01899	0.02826	0.01623	0.01280	0.05662	0.00351	0.01234	0.06447	0.00436	0.01143
4	0.02546	0.01451	0.01807	0.01332	0.02031	0.01154	0.01082	0.02895	0.01992	0.28779	0.02216	0.02176	0.01570	0.00785	0.00706	0.00178	0.00653	0.00633	0.00712	0.45303
5	0.02066	0.01785	0.01878	0.01691	0.02160	0.02066	0.01315	0.04414	0.64121	0.03475	0.03381	0.03099	0.02536	0.01127	0.00845	0.00282	0.00657	0.00939	0.00845	0.01315
6	0.03103	0.03959	0.02354	0.02140	0.02568	0.67469	0.01605	0.03317	0.02354	0.02033	0.01284	0.01498	0.01070	0.00856	0.00749	0.00214	0.01498	0.00535	0.00428	0.00963
7	0.02056	0.01974	0.03372	0.05099	0.65622	0.01974	0.02550	0.02550	0.01892	0.02714	0.01563	0.02056	0.01316	0.00740	0.00822	0.00247	0.00987	0.00740	0.00411	0.01316
8	0.01001	0.00839	0.00847	0.00847	0.01104	0.00710	0.00620	0.01194	0.01835	0.02190	0.07923	0.07778	0.59998	0.07938	0.01258	0.00325	0.00453	0.01707	0.00749	0.00685
9	0.01914	0.01590	0.01826	0.01321	0.02050	0.01304	0.01064	0.10212	0.02014	0.03045	0.01546	0.01759	0.01255	0.00666	0.00644	0.00140	0.00655	0.00526	0.00537	0.65931
10	0.02317	0.02028	0.01735	0.01530	0.01915	0.21171	0.01176	0.06307	0.06844	0.12553	0.25686	0.03882	0.06825	0.01279	0.00870	0.00248	0.00825	0.01036	0.00768	0.01005

[dist]
# distance from previous block
# <min> <max>
0	1

[block]
# block no. 11 follows, 22 sequences, length 25
# corresponding to MSA columns:
# 443-467
name=unknown_L
#
# <colnr> <probs for GDERKNQSTAVLIFYWHMCP>
#	G	D	E	R	K	N	Q	S	T	A	V	L	I	F	Y	W	H	M	C	P
0	0.01562	0.01444	0.01385	0.05080	0.01827	0.09795	0.01088	0.07057	0.02122	0.02524	0.05666	0.06577	0.34726	0.01811	0.00965	0.00290	0.00718	0.13832	0.00707	0.00824
1	0.01060	0.00819	0.00967	0.00984	0.01184	0.00726	0.00717	0.01323	0.01998	0.02619	0.28539	0.20571	0.31385	0.02060	0.00998	0.00286	0.00423	0.01790	0.00824	0.00726
2	0.03158	0.02327	0.02493	0.01911	0.02576	0.02576	0.01579	0.62852	0.03906	0.05236	0.01995	0.01995	0.01413	0.00997	0.00831	0.00249	0.00914	0.00748	0.00831	0.01413
3	0.01723	0.01477	0.01723	0.01230	0.01969	0.01107	0.00984	0.02092	0.01723	0.02707	0.01477	0.01723	0.01230	0.00615	0.00615	0.00123	0.00615	0.00492	0.00492	0.75883
4	0.01012	0.00723	0.00964	0.01157	0.01205	0.00675	0.00771	0.01157	0.01591	0.02121	0.04579	0.70262	0.05495	0.02603	0.01060	0.00337	0.00482	0.02362	0.00771	0.00675
5	0.01901	0.16256	0.02295	0.01680	0.07764	0.01815	0.01248	0.15299	0.02472	0.03312	0.27146	0.03997	0.08983	0.01277	0.00838	0.00241	0.00671	0.01060	0.00719	0.01025
6	0.01340	0.00868	0.01089	0.01073	0.01291	0.00778	0.00789	0.01613	0.02033	0.09020	0.28764	0.24409	0.19836	0.01981	0.00989	0.00287	0.00456	0.01737	0.00852	0.00797
7	0.02682	0.36367	0.03332	0.01774	0.02358	0.30982	0.01514	0.07935	0.02163	0.02265	0.01282	0.01460	0.01097	0.00798	0.00652	0.00199	0.01154	0.00509	0.00427	0.01051
8	0.02913	0.01353	0.01770	0.01362	0.01967	0.01136	0.01107	0.03255	0.02220	0.42817	0.11171	0.03022	0.02639	0.01021	0.00803	0.00226	0.00643	0.00844	0.00887	0.18845
9	0.02311	0.49188	0.06664	0.01559	0.02205	0.11540	0.01481	0.02609	0.01790	0.05608	0.01398	0.01622	0.01207	0.01217	0.06238	0.00289	0.01089	0.00524	0.00410	0.01052
10	0.01476	0.02023	0.19290	0.01582	0.02136	0.01393	0.01572	0.02415	0.16455	0.02662	0.04458	0.10555	0.19636	0.01579	0.00925	0.00294	0.00751	0.09129	0.00672	0.00997
11	0.01722	0.01667	0.02570	0.02495	0.10899	0.02102	0.06324	0.02011	0.01423	0.02132	0.01449	0.02200	0.01351	0.02349	0.16577	0.00555	0.40053	0.00784	0.00392	0.00944
12	0.02740	0.03346	0.02406	0.02552	0.13562	0.50294	0.01690	0.03003	0.02234	0.02171	0.01934	0.02144	0.06527	0.00941	0.00782	0.00225	0.01317	0.00674	0.00454	0.01003
13	0.01932	0.02059	0.06555	0.09213	0.34981	0.02102	0.11422	0.02419	0.01745	0.02502	0.01469	0.02031	0.01230	0.00896	0.01250	0.00280	0.15589	0.00767	0.00396	0.01164
