[name]
unknown

[dist]
# distance from previous block
# <min> <max>
0	0

[block]
# block no. 0 follows, 23 sequences, length 33
# corresponding to MSA columns:
# 0-32
name=unknown_A
#
# <colnr> <probs for GDERKNQSTAVLIFYWHMCP>
#	G	D	E	R	K	N	Q	S	T	A	V	L	I	F	Y	W	H	M	C	P
0	0.01308	0.00934	0.01308	0.01494	0.01681	0.00934	0.01308	0.01681	0.01868	0.02428	0.04296	0.09153	0.04670	0.02242	0.01121	0.00374	0.00747	0.60960	0.00747	0.00747
1	0.01180	0.00787	0.00885	0.00885	0.00885	0.00787	0.00492	0.01180	0.01180	0.01573	0.02557	0.05310	0.02950	0.71483	0.04130	0.00787	0.00787	0.01180	0.00492	0.00492
2	0.02362	0.56740	0.03815	0.01545	0.02178	0.17752	0.01429	0.02611	0.01794	0.01926	0.01156	0.01338	0.01042	0.00726	0.00568	0.00181	0.01001	0.00454	0.00363	0.01019
3	0.01533	0.01080	0.01248	0.01140	0.01458	0.01054	0.00876	0.02265	0.15613	0.09465	0.28853	0.05596	0.23450	0.01591	0.00915	0.00265	0.00478	0.01356	0.00848	0.00916
4	0.02644	0.02035	0.02167	0.01748	0.02319	0.02270	0.01416	0.41870	0.23076	0.04428	0.02682	0.02575	0.04871	0.01067	0.00823	0.00255	0.00790	0.00837	0.00813	0.01316
5	0.03085	0.02273	0.02435	0.01867	0.02516	0.02516	0.01542	0.63716	0.03815	0.05114	0.01948	0.01948	0.01380	0.00974	0.00812	0.00244	0.00893	0.00731	0.00812	0.01380
6	0.00989	0.00706	0.00942	0.01130	0.01177	0.00659	0.00753	0.01130	0.01554	0.02071	0.04472	0.70954	0.05367	0.02542	0.01036	0.00330	0.00471	0.02307	0.00753	0.00659
7	0.00969	0.00822	0.00836	0.00833	0.01102	0.00689	0.00624	0.01184	0.01873	0.02249	0.11316	0.07715	0.62961	0.02034	0.00959	0.00273	0.00409	0.01699	0.00761	0.00689
8	0.01566	0.01459	0.02051	0.01817	0.01857	0.01966	0.01477	0.01761	0.01255	0.01907	0.01472	0.02412	0.01461	0.07745	0.20460	0.00642	0.46704	0.00787	0.00386	0.00815
9	0.01103	0.00754	0.00908	0.00984	0.01003	0.00735	0.00598	0.01160	0.01331	0.01775	0.03332	0.31888	0.03928	0.43570	0.02877	0.00602	0.00659	0.01636	0.00598	0.00559
10	0.77215	0.01569	0.01193	0.01067	0.01569	0.01820	0.00879	0.02385	0.01381	0.03641	0.01130	0.01318	0.00879	0.00753	0.00502	0.00251	0.00628	0.00439	0.00502	0.00879
11	0.03045	0.03448	0.02335	0.02032	0.02511	0.50931	0.01561	0.19157	0.02698	0.02809	0.01437	0.01591	0.01133	0.00872	0.00753	0.00218	0.01313	0.00577	0.00522	0.01056
12	0.02710	0.02794	0.01993	0.01742	0.02166	0.37371	0.01341	0.17661	0.02537	0.02976	0.01730	0.01925	0.01355	0.00894	0.00715	0.00213	0.01085	0.00625	0.17161	0.01007
13	0.02722	0.03187	0.02813	0.02320	0.02851	0.42407	0.14831	0.09349	0.07024	0.02541	0.01560	0.01785	0.01226	0.00837	0.00795	0.00231	0.01324	0.00666	0.00487	0.01044
14	0.02873	0.01905	0.02125	0.01700	0.02276	0.02053	0.01379	0.35864	0.16528	0.17260	0.02611	0.05521	0.01927	0.01080	0.00826	0.00256	0.00778	0.00861	0.00851	0.01326
15	0.01216	0.00865	0.00986	0.00933	0.01205	0.00749	0.00708	0.01489	0.02033	0.07232	0.27153	0.06860	0.41941	0.01847	0.00948	0.00266	0.00422	0.01566	0.00818	0.00762
16	0.01965	0.01960	0.03573	0.07783	0.50120	0.01948	0.15567	0.02493	0.01851	0.02612	0.01547	0.02055	0.01264	0.00719	0.00837	0.00249	0.01056	0.00773	0.00402	0.01226
17	0.02074	0.02049	0.02858	0.04002	0.47857	0.09829	0.02122	0.05426	0.02031	0.02714	0.06576	0.02498	0.04624	0.00877	0.00813	0.00240	0.00953	0.00798	0.00476	0.01183
18	0.03001	0.02192	0.02345	0.01808	0.02432	0.02422	0.01490	0.60412	0.03702	0.05002	0.01985	0.02006	0.01417	0.00973	0.00799	0.00241	0.00865	0.00732	0.04829	0.01347
19	0.00986	0.00823	0.00859	0.00850	0.01112	0.00696	0.00637	0.01216	0.01912	0.02341	0.16346	0.07563	0.57873	0.01999	0.00959	0.00271	0.00407	0.01678	0.00773	0.00696
20	0.03228	0.01923	0.02204	0.01703	0.02334	0.02013	0.01402	0.38998	0.06544	0.27325	0.02472	0.02299	0.01665	0.00992	0.00814	0.00248	0.00807	0.00771	0.00882	0.01375
21	0.69655	0.01641	0.01319	0.01149	0.01666	0.01891	0.00946	0.08639	0.01629	0.03791	0.01213	0.01382	0.00930	0.00776	0.00534	0.00250	0.00655	0.00469	0.00534	0.00930
22	0.01969	0.31785	0.33788	0.01888	0.02790	0.07230	0.02157	0.02641	0.04638	0.02295	0.01392	0.01587	0.01101	0.00759	0.00668	0.00220	0.01057	0.00541	0.00372	0.01120
23	0.01016	0.00733	0.00962	0.01097	0.01180	0.00679	0.00750	0.01204	0.01701	0.02291	0.15779	0.56514	0.08360	0.02361	0.01018	0.00314	0.00452	0.02129	0.00779	0.00679
24	0.01338	0.01087	0.01363	0.01311	0.01417	0.04124	0.00982	0.01543	0.01328	0.01870	0.02114	0.03458	0.02098	0.21237	0.38468	0.00963	0.09918	0.00906	0.03776	0.00698
25	0.01189	0.00882	0.01143	0.01224	0.01432	0.00836	0.01016	0.01528	0.01972	0.02584	0.20792	0.08070	0.19163	0.02052	0.01043	0.00321	0.00580	0.32649	0.00786	0.00738
26	0.01159	0.00869	0.01304	0.01304	0.01449	0.01014	0.01014	0.01449	0.01304	0.01884	0.02173	0.03188	0.02029	0.06086	0.68268	0.01304	0.02173	0.00869	0.00435	0.00724
27	0.01422	0.01159	0.01401	0.06277	0.01922	0.01222	0.01184	0.02280	0.18857	0.02600	0.04874	0.06635	0.20284	0.01781	0.00975	0.00313	0.00653	0.24531	0.00742	0.00887
28	0.02596	0.01834	0.01967	0.01575	0.02082	0.02004	0.01276	0.45921	0.03198	0.04446	0.02281	0.07169	0.01818	0.01081	0.00775	0.00238	0.00752	0.00850	0.16942	0.01194
29	0.02008	0.01928	0.03294	0.04981	0.66422	0.01928	0.02490	0.02490	0.01848	0.02651	0.01526	0.02008	0.01285	0.00723	0.00803	0.00241	0.00964	0.00723	0.00402	0.01285
30	0.01839	0.01755	0.02988	0.27904	0.44819	0.01883	0.02406	0.02342	0.01768	0.02446	0.01496	0.02063	0.01213	0.00754	0.00806	0.00251	0.01006	0.00722	0.00387	0.01149
31	0.01823	0.01739	0.02958	0.30154	0.42699	0.01879	0.02398	0.02328	0.01760	0.02426	0.01494	0.02069	0.01206	0.00757	0.00806	0.00252	0.01010	0.00722	0.00386	0.01136
32	0.01760	0.01757	0.03141	0.03693	0.36661	0.01693	0.17526	0.02233	0.01865	0.02539	0.02992	0.03299	0.15180	0.00999	0.00876	0.00256	0.00948	0.00995	0.00479	0.01108

[dist]
# distance from previous block
# <min> <max>
4	7

[block]
# block no. 1 follows, 23 sequences, length 10
# corresponding to MSA columns:
# 40-49
name=unknown_B
#
# <colnr> <probs for GDERKNQSTAVLIFYWHMCP>
#	G	D	E	R	K	N	Q	S	T	A	V	L	I	F	Y	W	H	M	C	P
0	0.02007	0.01634	0.01857	0.01356	0.02060	0.01414	0.01096	0.16311	0.02176	0.03215	0.01559	0.01744	0.01243	0.00687	0.00650	0.00149	0.00668	0.00539	0.00557	0.59077
1	0.01126	0.00850	0.01232	0.01238	0.01335	0.00828	0.05174	0.01278	0.01448	0.01947	0.03502	0.40731	0.04063	0.22840	0.08057	0.00548	0.00782	0.01751	0.00623	0.00647
2	0.01424	0.01096	0.01270	0.01273	0.01513	0.01125	0.00974	0.07480	0.12365	0.02620	0.04595	0.22868	0.16277	0.07957	0.01249	0.00350	0.00608	0.13374	0.00747	0.00837
3	0.01432	0.01128	0.01539	0.06541	0.01759	0.01393	0.01144	0.01679	0.01369	0.02092	0.01969	0.03040	0.01853	0.14266	0.20858	0.00655	0.20295	0.00843	0.15396	0.00751
4	0.01571	0.17426	0.01909	0.01239	0.01532	0.01507	0.00960	0.08735	0.01783	0.02334	0.02941	0.32671	0.03300	0.13031	0.01371	0.00347	0.00669	0.01415	0.00610	0.04648
5	0.01601	0.02361	0.21636	0.02520	0.11855	0.01735	0.13042	0.02144	0.01728	0.02405	0.03004	0.03260	0.16160	0.01145	0.01142	0.00277	0.11542	0.00956	0.00460	0.01026
6	0.02834	0.02754	0.02416	0.02611	0.17490	0.34209	0.01690	0.03286	0.06960	0.15168	0.01861	0.01969	0.01402	0.00863	0.00772	0.00230	0.01129	0.00658	0.00562	0.01136
7	0.02479	0.27668	0.09197	0.02007	0.02637	0.32160	0.08309	0.02825	0.01976	0.02078	0.01270	0.01507	0.01062	0.00764	0.00685	0.00208	0.01219	0.00545	0.00385	0.01016
8	0.02206	0.18590	0.05547	0.12736	0.02762	0.28411	0.01589	0.02523	0.01881	0.02010	0.01766	0.02103	0.04912	0.01430	0.07949	0.00334	0.01268	0.00644	0.00410	0.00931
9	0.02102	0.01652	0.05570	0.06488	0.24468	0.01513	0.01700	0.02732	0.08795	0.15921	0.09296	0.03200	0.08094	0.01042	0.00829	0.00249	0.00768	0.00914	0.00652	0.04016

[dist]
# distance from previous block
# <min> <max>
4	14

[block]
# block no. 2 follows, 23 sequences, length 82
# corresponding to MSA columns:
# 64-145
name=unknown_C
#
# <colnr> <probs for GDERKNQSTAVLIFYWHMCP>
#	G	D	E	R	K	N	Q	S	T	A	V	L	I	F	Y	W	H	M	C	P
0	0.01744	0.01420	0.01308	0.01196	0.01530	0.10793	0.00912	0.05809	0.02126	0.10237	0.12627	0.10529	0.33300	0.01673	0.00905	0.00262	0.00631	0.01385	0.00754	0.00858
1	0.09490	0.01183	0.01331	0.01250	0.01526	0.01268	0.00955	0.15177	0.02023	0.03005	0.03103	0.23431	0.06261	0.02419	0.13217	0.00459	0.00877	0.01259	0.10898	0.00867
2	0.01733	0.02568	0.21994	0.02308	0.08990	0.11302	0.09274	0.02306	0.04118	0.02380	0.02408	0.22109	0.02406	0.01297	0.00870	0.00272	0.01001	0.01156	0.00506	0.01002
3	0.11081	0.16024	0.05509	0.01710	0.04810	0.20860	0.01377	0.02374	0.01773	0.02283	0.05561	0.02155	0.01689	0.02102	0.16888	0.00477	0.01313	0.00651	0.00444	0.00918
4	0.06228	0.11542	0.12759	0.02280	0.09791	0.31449	0.01824	0.06802	0.05531	0.02501	0.01451	0.01653	0.01160	0.00815	0.00719	0.00224	0.01172	0.00577	0.00447	0.01076
5	0.01607	0.01081	0.01360	0.01249	0.01479	0.03929	0.04001	0.01937	0.01659	0.07111	0.04730	0.08231	0.02379	0.02579	0.20246	0.00540	0.03848	0.00935	0.30283	0.00815
6	0.06680	0.02500	0.05932	0.02774	0.18408	0.21000	0.09174	0.03084	0.04715	0.15180	0.01841	0.02011	0.01367	0.00826	0.00787	0.00240	0.01083	0.00698	0.00546	0.01155
7	0.06483	0.22640	0.15769	0.01795	0.02442	0.02046	0.10636	0.02181	0.01674	0.02333	0.04774	0.02604	0.07936	0.01561	0.08905	0.00366	0.03660	0.00777	0.00439	0.00979
8	0.02699	0.19850	0.02780	0.02026	0.05560	0.43998	0.01547	0.05339	0.02141	0.02121	0.01303	0.01542	0.01110	0.01019	0.03473	0.00249	0.01303	0.00534	0.00417	0.00990
9	0.01818	0.01866	0.01536	0.01465	0.01678	0.23790	0.01082	0.02032	0.01641	0.01923	0.01957	0.02982	0.01866	0.16017	0.29886	0.00777	0.01580	0.00802	0.04542	0.00757
10	0.02064	0.02033	0.03240	0.04824	0.62951	0.05528	0.02440	0.02531	0.01872	0.02615	0.01512	0.01979	0.01272	0.00729	0.00799	0.00239	0.00991	0.00712	0.00403	0.01267
11	0.01409	0.00705	0.01057	0.01057	0.01057	0.00705	0.00705	0.01057	0.01057	0.01409	0.01409	0.02467	0.01409	0.02819	0.03171	0.76392	0.00705	0.00705	0.00352	0.00352
12	0.01388	0.02653	0.37052	0.01717	0.02453	0.01363	0.01969	0.02051	0.01911	0.02750	0.23900	0.07332	0.07632	0.01249	0.00860	0.00261	0.00833	0.01057	0.00577	0.00990
13	0.01914	0.01831	0.03123	0.17809	0.54333	0.01903	0.02443	0.02407	0.01803	0.02536	0.01510	0.02039	0.01245	0.00741	0.00805	0.00247	0.00987	0.00723	0.00393	0.01209
14	0.01359	0.00938	0.01251	0.01208	0.01351	0.01099	0.00946	0.01667	0.01438	0.02299	0.02209	0.02960	0.01931	0.03693	0.36256	0.00793	0.09673	0.00810	0.27363	0.00755
15	0.01161	0.00809	0.00982	0.00982	0.01034	0.00835	0.00625	0.01244	0.01252	0.01687	0.02824	0.04959	0.06731	0.51389	0.19320	0.00878	0.01096	0.01139	0.00495	0.00560
16	0.01513	0.00756	0.00756	0.00756	0.00945	0.00756	0.00567	0.01891	0.01702	0.03025	0.02647	0.03025	0.02080	0.00945	0.00567	0.00189	0.00378	0.00756	0.75988	0.00756
17	0.01199	0.00789	0.00899	0.00899	0.00919	0.00797	0.00524	0.01238	0.01219	0.01680	0.02542	0.05055	0.02847	0.63629	0.07340	0.00777	0.00836	0.01137	0.05152	0.00520
18	0.01027	0.00825	0.00916	0.00893	0.01138	0.00714	0.00670	0.01296	0.02010	0.02573	0.28953	0.07182	0.45122	0.01913	0.00958	0.00267	0.00401	0.01625	0.00804	0.00714
19	0.02008	0.01928	0.03294	0.04981	0.66422	0.01928	0.02490	0.02490	0.01848	0.02651	0.01526	0.02008	0.01285	0.00723	0.00803	0.00241	0.00964	0.00723	0.00402	0.01285
20	0.03478	0.01642	0.02045	0.01568	0.02202	0.01581	0.01295	0.21474	0.02760	0.48846	0.02834	0.02523	0.01824	0.00995	0.00815	0.00249	0.00750	0.00791	0.00948	0.01381
21	0.03031	0.03867	0.02299	0.02090	0.02508	0.68226	0.01568	0.03240	0.02299	0.01986	0.01254	0.01463	0.01045	0.00836	0.00732	0.00209	0.01463	0.00523	0.00418	0.00941
22	0.01130	0.00774	0.00891	0.00926	0.00953	0.00756	0.00549	0.01170	0.01295	0.01708	0.03297	0.17605	0.07711	0.54006	0.03342	0.00667	0.00703	0.01424	0.00558	0.00536
23	0.01164	0.00780	0.00890	0.00905	0.00909	0.00776	0.00513	0.01176	0.01211	0.01615	0.02715	0.10749	0.03150	0.65771	0.03874	0.00749	0.00760	0.01273	0.00513	0.00506
24	0.01163	0.00854	0.01227	0.01227	0.01345	0.00972	0.00918	0.01400	0.01281	0.01827	0.02244	0.03578	0.02198	0.18102	0.56483	0.01209	0.01919	0.00926	0.00445	0.00682
25	0.01103	0.00828	0.01022	0.00973	0.01184	0.00746	0.00730	0.01443	0.02190	0.02999	0.52130	0.06481	0.21679	0.01754	0.00958	0.00260	0.00390	0.01526	0.00860	0.00746
26	0.01159	0.00869	0.01304	0.01304	0.01449	0.01014	0.01014	0.01449	0.01304	0.01884	0.02173	0.03188	0.02029	0.06086	0.68268	0.01304	0.02173	0.00869	0.00435	0.00724
27	0.01912	0.01830	0.03119	0.18050	0.54105	0.01903	0.02442	0.02406	0.01802	0.02534	0.01509	0.02040	0.01244	0.00741	0.00805	0.00247	0.00988	0.00723	0.00393	0.01208
28	0.01221	0.00979	0.03476	0.01147	0.01302	0.00872	0.00840	0.05262	0.01825	0.02494	0.19647	0.35336	0.05100	0.14819	0.01560	0.00386	0.00559	0.01722	0.00730	0.00721
29	0.01717	0.01631	0.02767	0.44490	0.29189	0.01851	0.02345	0.02235	0.01710	0.02297	0.01475	0.02103	0.01161	0.00777	0.00808	0.00259	0.01036	0.00722	0.00376	0.01050
30	0.77215	0.01569	0.01193	0.01067	0.01569	0.01820	0.00879	0.02385	0.01381	0.03641	0.01130	0.01318	0.00879	0.00753	0.00502	0.00251	0.00628	0.00439	0.00502	0.00879
31	0.02148	0.68218	0.04158	0.01428	0.02085	0.03172	0.01409	0.02404	0.01627	0.01911	0.01125	0.01327	0.01043	0.00733	0.00635	0.00183	0.04565	0.00449	0.00348	0.01033
32	0.01159	0.00869	0.01304	0.01304	0.01449	0.01014	0.01014	0.01449	0.01304	0.01884	0.02173	0.03188	0.02029	0.06086	0.68268	0.01304	0.02173	0.00869	0.00435	0.00724
33	0.01760	0.01674	0.02845	0.38676	0.34668	0.01863	0.02367	0.02273	0.01730	0.02349	0.01482	0.02089	0.01179	0.00769	0.00807	0.00256	0.01025	0.00722	0.00380	0.01085
34	0.01683	0.01442	0.01683	0.01202	0.01923	0.01082	0.00961	0.02043	0.01683	0.02644	0.01442	0.01683	0.01202	0.00601	0.00601	0.00120	0.00601	0.00481	0.00481	0.76444
35	0.01778	0.05019	0.02388	0.01842	0.02142	0.01820	0.12641	0.06571	0.04440	0.02538	0.01867	0.02572	0.01624	0.08051	0.05903	0.00387	0.20974	0.00816	0.15713	0.00912
36	0.01482	0.00986	0.01186	0.01096	0.01371	0.00946	0.00830	0.01956	0.08226	0.10329	0.23572	0.05511	0.22630	0.07491	0.08355	0.00415	0.00676	0.01320	0.00779	0.00842
37	0.01006	0.00824	0.00887	0.00871	0.01125	0.00705	0.00653	0.01255	0.01960	0.02454	0.22498	0.07377	0.51651	0.01957	0.00959	0.00269	0.00404	0.01652	0.00788	0.00705
38	0.01180	0.00787	0.00885	0.00885	0.00885	0.00787	0.00492	0.01180	0.01180	0.01573	0.02557	0.05310	0.02950	0.71483	0.04130	0.00787	0.00787	0.01180	0.00492	0.00492
39	0.00999	0.00710	0.00939	0.01117	0.01161	0.00666	0.00739	0.01133	0.01534	0.02045	0.04370	0.67443	0.05237	0.06229	0.01201	0.00354	0.00488	0.02246	0.00739	0.00650
40	0.00989	0.00706	0.00942	0.01130	0.01177	0.00659	0.00753	0.01130	0.01554	0.02071	0.04472	0.70954	0.05367	0.02542	0.01036	0.00330	0.00471	0.02307	0.00753	0.00659
41	0.01627	0.04197	0.67279	0.02313	0.03512	0.01884	0.02998	0.02570	0.01713	0.02570	0.01456	0.01713	0.01028	0.00771	0.00771	0.00257	0.01199	0.00600	0.00343	0.01199
42	0.68166	0.01752	0.05397	0.01372	0.05467	0.01831	0.01104	0.02403	0.01429	0.03517	0.01173	0.01383	0.00912	0.00753	0.00536	0.00251	0.00683	0.00466	0.00486	0.00922
43	0.02432	0.02154	0.01948	0.01628	0.02092	0.15074	0.01294	0.29953	0.05298	0.03547	0.03243	0.03231	0.15620	0.01206	0.00893	0.00247	0.03704	0.00913	0.04440	0.01085
44	0.01756	0.07125	0.42232	0.02647	0.03688	0.02013	0.23889	0.02572	0.01780	0.02545	0.01503	0.01856	0.01099	0.00737	0.00822	0.00258	0.01240	0.00715	0.00366	0.01154
45	0.01061	0.00826	0.00964	0.00929	0.01159	0.00729	0.00697	0.01363	0.02091	0.02766	0.39434	0.06865	0.34520	0.01841	0.00958	0.00264	0.00396	0.01580	0.00829	0.00729
46	0.01934	0.02188	0.07003	0.03902	0.25332	0.02003	0.40123	0.02561	0.01883	0.02615	0.01594	0.02107	0.01241	0.00701	0.00897	0.00262	0.01223	0.00862	0.00404	0.01164
47	0.01798	0.01718	0.01541	0.01404	0.01734	0.14545	0.01070	0.05086	0.17801	0.03007	0.29232	0.04402	0.10632	0.01369	0.00874	0.00252	0.00685	0.01138	0.00765	0.00946
48	0.01040	0.00825	0.00934	0.00907	0.01145	0.00719	0.00680	0.01320	0.02040	0.02644	0.32794	0.07066	0.41237	0.01887	0.00958	0.00266	0.00399	0.01608	0.00813	0.00719
49	0.02825	0.20134	0.02766	0.01923	0.02407	0.52697	0.01525	0.03047	0.02144	0.01968	0.01224	0.01425	0.01044	0.00802	0.00681	0.00201	0.01321	0.00501	0.00401	0.00965
50	0.01159	0.00869	0.01304	0.01304	0.01449	0.01014	0.01014	0.01449	0.01304	0.01884	0.02173	0.03188	0.02029	0.06086	0.68268	0.01304	0.02173	0.00869	0.00435	0.00724
51	0.01590	0.01531	0.01840	0.01689	0.01813	0.09070	0.01350	0.01831	0.01393	0.01920	0.01672	0.02487	0.01572	0.03821	0.37121	0.00840	0.26476	0.00773	0.00404	0.00807
52	0.01048	0.00805	0.00947	0.00952	0.01146	0.00717	0.00692	0.01304	0.01950	0.02564	0.30103	0.17011	0.30835	0.04911	0.01104	0.00297	0.00425	0.01688	0.00797	0.00704
53	0.03641	0.01381	0.01883	0.01444	0.02071	0.01193	0.01193	0.03954	0.02322	0.66984	0.03201	0.02762	0.02009	0.01004	0.00816	0.00251	0.00690	0.00816	0.01004	0.01381
54	0.01004	0.00793	0.00905	0.00941	0.01140	0.00694	0.00681	0.01228	0.01861	0.02369	0.18604	0.23863	0.38835	0.02104	0.00979	0.00285	0.00421	0.01819	0.00781	0.00694
55	0.02008	0.01928	0.03294	0.04981	0.66422	0.01928	0.02490	0.02490	0.01848	0.02651	0.01526	0.02008	0.01285	0.00723	0.00803	0.00241	0.00964	0.00723	0.00402	0.01285
56	0.02908	0.03635	0.02419	0.02437	0.10179	0.60269	0.01679	0.03150	0.02245	0.02066	0.01287	0.01529	0.01074	0.00823	0.00740	0.00213	0.01403	0.00547	0.00416	0.00982
57	0.24853	0.01819	0.02655	0.03792	0.46722	0.01895	0.02001	0.02458	0.01706	0.02952	0.01406	0.01799	0.01162	0.00732	0.00712	0.00244	0.00862	0.00637	0.00432	0.01162
58	0.01293	0.00890	0.00966	0.00909	0.01220	0.00751	0.00695	0.01523	0.01935	0.10035	0.11280	0.07093	0.54697	0.01904	0.00942	0.00270	0.00443	0.01589	0.00792	0.00774
59	0.00959	0.00822	0.00822	0.00822	0.01096	0.00685	0.00617	0.01165	0.01850	0.02192	0.08220	0.07809	0.66092	0.02055	0.00959	0.00274	0.00411	0.01713	0.00754	0.00685
60	0.01746	0.03408	0.43380	0.02886	0.09875	0.01936	0.20017	0.02570	0.01783	0.02586	0.01515	0.01876	0.01110	0.00742	0.00827	0.00260	0.01224	0.00713	0.00368	0.01178
61	0.01732	0.07664	0.41208	0.10856	0.15259	0.01974	0.05169	0.02488	0.01731	0.02484	0.01454	0.01815	0.01091	0.00759	0.00773	0.00251	0.01128	0.00641	0.00359	0.01165
62	0.01617	0.01484	0.01422	0.01360	0.01677	0.07970	0.01020	0.02680	0.27927	0.02686	0.07045	0.17680	0.18931	0.01620	0.00896	0.00278	0.00622	0.01374	0.00755	0.00956
63	0.06832	0.35409	0.11197	0.06072	0.17801	0.05832	0.01868	0.02479	0.01718	0.02288	0.01286	0.01576	0.01090	0.00727	0.00643	0.00212	0.00957	0.00543	0.00374	0.01096
64	0.02213	0.35532	0.22598	0.01831	0.02611	0.18292	0.01912	0.02664	0.01823	0.02125	0.01256	0.01463	0.01038	0.00751	0.00646	0.00207	0.01108	0.00504	0.00363	0.01064
65	0.01110	0.00765	0.00898	0.00953	0.00984	0.00743	0.00576	0.01164	0.01332	0.01759	0.03477	0.24712	0.07661	0.46872	0.03022	0.00620	0.00670	0.01544	0.00585	0.00553
66	0.02245	0.02692	0.05535	0.02470	0.03145	0.24803	0.27186	0.02708	0.01994	0.02394	0.01460	0.01818	0.01153	0.00723	0.00800	0.00220	0.01240	0.00697	0.00425	0.16291
67	0.00984	0.00756	0.00902	0.01008	0.01147	0.00673	0.00701	0.01160	0.01697	0.02166	0.08443	0.44126	0.28687	0.02319	0.01003	0.00305	0.00444	0.02045	0.00759	0.00673
68	0.69691	0.01581	0.01359	0.04686	0.04995	0.01825	0.01028	0.02375	0.01416	0.03513	0.01165	0.01395	0.00909	0.00755	0.00533	0.00252	0.00667	0.00468	0.00490	0.00900
69	0.04863	0.07228	0.50878	0.02334	0.03396	0.05266	0.09827	0.02592	0.01749	0.02555	0.01438	0.01719	0.01047	0.00759	0.00767	0.00252	0.01192	0.00623	0.00361	0.01153
70	0.03031	0.03867	0.02299	0.02090	0.02508	0.68226	0.01568	0.03240	0.02299	0.01986	0.01254	0.01463	0.01045	0.00836	0.00732	0.00209	0.01463	0.00523	0.00418	0.00941
71	0.01706	0.03592	0.48868	0.02586	0.03642	0.01951	0.18277	0.02553	0.01746	0.02553	0.01488	0.01836	0.01081	0.00775	0.00893	0.00265	0.03974	0.00695	0.00360	0.01160
72	0.02169	0.71972	0.04252	0.01388	0.02083	0.03211	0.01388	0.02430	0.01649	0.01909	0.01128	0.01302	0.01041	0.00694	0.00521	0.00174	0.00868	0.00434	0.00347	0.01041
73	0.00996	0.00795	0.00892	0.00927	0.01134	0.00691	0.00673	0.01214	0.01848	0.02329	0.16356	0.22688	0.42381	0.02110	0.00977	0.00284	0.00421	0.01817	0.00775	0.00691
74	0.00982	0.00823	0.00854	0.00846	0.01110	0.00695	0.00634	0.01209	0.01903	0.02319	0.15153	0.07599	0.59079	0.02007	0.00959	0.00272	0.00408	0.01683	0.00770	0.00695
75	0.01866	0.02043	0.03979	0.02967	0.03499	0.02204	0.41793	0.02372	0.01679	0.02372	0.01439	0.02043	0.01173	0.00943	0.01557	0.00302	0.25485	0.00871	0.00391	0.01022
76	0.00982	0.00823	0.00854	0.00846	0.01110	0.00695	0.00634	0.01209	0.01903	0.02319	0.15153	0.07599	0.59079	0.02007	0.00959	0.00272	0.00408	0.01683	0.00770	0.00695
77	0.02009	0.01906	0.03118	0.04581	0.58704	0.01939	0.02346	0.02709	0.09421	0.02740	0.01739	0.02131	0.01428	0.00768	0.00806	0.00245	0.00925	0.00746	0.00453	0.01285
78	0.01839	0.01251	0.01416	0.01231	0.01617	0.01228	0.00930	0.02663	0.20343	0.13016	0.06206	0.04329	0.15510	0.14173	0.01436	0.00346	0.00615	0.01079	0.00740	0.10033
79	0.01739	0.01112	0.01235	0.01115	0.01470	0.03614	0.00846	0.01983	0.01872	0.15864	0.04860	0.19299	0.24489	0.01640	0.00867	0.00254	0.00548	0.01392	0.05527	0.10274
80	0.02002	0.05403	0.06214	0.02192	0.05451	0.01684	0.21138	0.06958	0.01956	0.06267	0.01627	0.01918	0.01255	0.00695	0.00755	0.00200	0.00930	0.00683	0.00494	0.32177
81	0.01892	0.02117	0.17424	0.01641	0.02151	0.01685	0.01547	0.20593	0.02173	0.03013	0.04671	0.03041	0.02013	0.19246	0.09382	0.00509	0.04499	0.00858	0.00557	0.00989

[dist]
# distance from previous block
# <min> <max>
0	1

[block]
# block no. 3 follows, 23 sequences, length 339
# corresponding to MSA columns:
# 147-485
name=unknown_D
#
# <colnr> <probs for GDERKNQSTAVLIFYWHMCP>
#	G	D	E	R	K	N	Q	S	T	A	V	L	I	F	Y	W	H	M	C	P
0	0.23878	0.02638	0.01877	0.01784	0.04730	0.32506	0.01317	0.03039	0.12185	0.02724	0.01903	0.02008	0.04415	0.00910	0.00696	0.00236	0.01020	0.00629	0.00524	0.00981
1	0.02621	0.09088	0.05726	0.02468	0.17324	0.16394	0.01693	0.09947	0.02281	0.15989	0.06947	0.02277	0.01863	0.00909	0.00774	0.00232	0.00965	0.00724	0.00607	0.01171
2	0.26727	0.13744	0.20549	0.01568	0.02232	0.01873	0.01660	0.02291	0.01626	0.02786	0.01916	0.03144	0.01778	0.01075	0.00717	0.00267	0.00856	0.13739	0.00485	0.00968
3	0.02363	0.19091	0.03052	0.02066	0.02468	0.27811	0.07581	0.02621	0.01808	0.02018	0.01208	0.01585	0.01068	0.00955	0.01255	0.00249	0.20858	0.00597	0.00383	0.00964
4	0.02040	0.01500	0.01699	0.01561	0.01978	0.01640	0.01256	0.05857	0.38443	0.10534	0.03696	0.04530	0.05965	0.01381	0.00895	0.00293	0.00669	0.14087	0.00825	0.01152
5	0.01175	0.00864	0.01279	0.01279	0.01426	0.01002	0.00994	0.01469	0.01322	0.01936	0.02195	0.03180	0.02031	0.05848	0.65144	0.01253	0.02091	0.00864	0.03920	0.00726
6	0.01625	0.01183	0.01294	0.01201	0.01555	0.01186	0.00919	0.02534	0.22951	0.10063	0.05635	0.11746	0.31565	0.01662	0.00905	0.00277	0.00526	0.01401	0.00807	0.00963
7	0.01132	0.00766	0.00899	0.00946	0.00958	0.00755	0.00557	0.01167	0.01274	0.01698	0.03037	0.21764	0.03556	0.54202	0.03354	0.00672	0.00707	0.01462	0.00557	0.00534
8	0.01159	0.00869	0.01304	0.01304	0.01449	0.01014	0.01014	0.01449	0.01304	0.01884	0.02173	0.03188	0.02029	0.06086	0.68268	0.01304	0.02173	0.00869	0.00435	0.00724
9	0.02463	0.01593	0.01920	0.01523	0.02043	0.01604	0.04196	0.26942	0.02787	0.17676	0.09883	0.03912	0.17305	0.01287	0.00868	0.00255	0.00709	0.01062	0.00829	0.01144
10	0.02312	0.02306	0.02204	0.15177	0.05430	0.19796	0.01598	0.11875	0.17018	0.02890	0.01905	0.02085	0.01465	0.00882	0.00769	0.00233	0.00994	0.00687	0.00566	0.09809
11	0.02134	0.56631	0.04042	0.02175	0.16174	0.02930	0.01630	0.02443	0.01692	0.02072	0.01215	0.01456	0.01095	0.00701	0.00583	0.00188	0.00889	0.00497	0.00359	0.01095
12	0.01641	0.01490	0.02266	0.03157	0.36856	0.01451	0.01694	0.04640	0.01973	0.02663	0.09389	0.04231	0.22718	0.01245	0.00867	0.00253	0.00732	0.01108	0.00576	0.01050
13	0.71136	0.01627	0.01294	0.01133	0.01647	0.01877	0.00933	0.07414	0.01581	0.03761	0.01197	0.01370	0.00920	0.00771	0.00528	0.00250	0.00649	0.00463	0.00528	0.00920
14	0.01424	0.01174	0.01351	0.01291	0.01533	0.03884	0.00978	0.02222	0.17287	0.02819	0.28009	0.10897	0.04664	0.02546	0.15665	0.00495	0.00891	0.01246	0.00743	0.00880
15	0.01554	0.01175	0.01364	0.01266	0.01553	0.01215	0.00969	0.17343	0.02172	0.02854	0.04440	0.21882	0.21002	0.02693	0.14120	0.00482	0.00896	0.01449	0.00706	0.00865
16	0.01953	0.01872	0.03194	0.12434	0.59397	0.01913	0.02463	0.02442	0.01822	0.02584	0.01517	0.02026	0.01262	0.00733	0.00804	0.00244	0.00978	0.00723	0.00397	0.01241
17	0.01849	0.01765	0.03006	0.26572	0.46074	0.01886	0.02411	0.02351	0.01772	0.02458	0.01498	0.02060	0.01217	0.00753	0.00806	0.00251	0.01003	0.00722	0.00388	0.01157
18	0.01409	0.00705	0.01057	0.01057	0.01057	0.00705	0.00705	0.01057	0.01057	0.01409	0.01409	0.02467	0.01409	0.02819	0.03171	0.76392	0.00705	0.00705	0.00352	0.00352
19	0.01928	0.01180	0.01484	0.01417	0.01737	0.01202	0.01133	0.02691	0.16713	0.16725	0.06667	0.12821	0.03586	0.05164	0.04448	0.00379	0.00733	0.18200	0.00802	0.00990
20	0.02191	0.02490	0.03046	0.22089	0.14265	0.23900	0.15473	0.02644	0.01948	0.02254	0.01437	0.01911	0.01136	0.00777	0.00816	0.00246	0.01252	0.00707	0.00397	0.01020
21	0.01911	0.01346	0.01453	0.01256	0.01677	0.01363	0.00992	0.14279	0.14642	0.10510	0.05232	0.04956	0.31056	0.01492	0.00872	0.00262	0.00581	0.01224	0.03874	0.01021
22	0.00989	0.00706	0.00942	0.01130	0.01177	0.00659	0.00753	0.01130	0.01554	0.02071	0.04472	0.70954	0.05367	0.02542	0.01036	0.00330	0.00471	0.02307	0.00753	0.00659
23	0.02234	0.02395	0.02494	0.16161	0.20365	0.22566	0.01892	0.03040	0.15765	0.02492	0.01814	0.02093	0.01431	0.00858	0.00787	0.00244	0.01072	0.00703	0.00491	0.01102
24	0.02492	0.15103	0.05547	0.15276	0.05560	0.30758	0.01766	0.09794	0.02185	0.02402	0.01368	0.01660	0.01099	0.00815	0.00724	0.00222	0.01187	0.00581	0.00436	0.01026
25	0.03243	0.02018	0.02278	0.01746	0.02389	0.02139	0.01443	0.46674	0.03389	0.22757	0.02305	0.02180	0.01559	0.00983	0.00813	0.00246	0.00835	0.00755	0.00867	0.01380
26	0.03031	0.03867	0.02299	0.02090	0.02508	0.68226	0.01568	0.03240	0.02299	0.01986	0.01254	0.01463	0.01045	0.00836	0.00732	0.00209	0.01463	0.00523	0.00418	0.00941
27	0.01179	0.00790	0.00903	0.00903	0.00909	0.00796	0.00514	0.01192	0.01185	0.01587	0.02540	0.05219	0.02910	0.68664	0.06895	0.00809	0.00846	0.01167	0.00489	0.00502
28	0.02199	0.01780	0.01837	0.01606	0.02034	0.05157	0.01250	0.23159	0.26645	0.03618	0.02956	0.15901	0.02593	0.01322	0.00847	0.00269	0.00721	0.01102	0.03850	0.01155
29	0.02351	0.01269	0.01644	0.01440	0.01834	0.01274	0.01153	0.10783	0.05198	0.26165	0.03061	0.12412	0.02628	0.02509	0.16701	0.00519	0.01039	0.06168	0.00781	0.01071
30	0.00970	0.00777	0.00868	0.00940	0.01127	0.00675	0.00669	0.01151	0.01736	0.02146	0.06778	0.32102	0.42730	0.02242	0.00989	0.00295	0.00434	0.01941	0.00753	0.00675
31	0.02592	0.03164	0.02066	0.01906	0.02260	0.52452	0.01438	0.02820	0.02066	0.01962	0.01470	0.01868	0.01276	0.02068	0.16581	0.00466	0.01630	0.00604	0.00422	0.00890
32	0.02588	0.03098	0.02375	0.02617	0.16378	0.45922	0.01701	0.02867	0.02150	0.02169	0.01886	0.02395	0.04970	0.00963	0.00783	0.00229	0.01252	0.04213	0.00453	0.00990
33	0.02891	0.03436	0.02378	0.06223	0.06286	0.53220	0.01657	0.09887	0.02403	0.02378	0.01358	0.01590	0.01098	0.00844	0.00749	0.00218	0.01349	0.00569	0.00458	0.01007
34	0.01519	0.00927	0.01081	0.00993	0.01311	0.00797	0.00762	0.01774	0.02007	0.15061	0.17224	0.09427	0.40466	0.01802	0.00934	0.00269	0.00464	0.01521	0.00827	0.00834
35	0.02462	0.02838	0.03015	0.03489	0.30244	0.32021	0.09114	0.02843	0.02060	0.02343	0.01416	0.01782	0.01170	0.00770	0.00789	0.00230	0.01237	0.00659	0.00410	0.01107
36	0.01490	0.01125	0.01236	0.01188	0.01457	0.01163	0.00887	0.02328	0.21369	0.05007	0.04640	0.08732	0.20566	0.15194	0.01530	0.00381	0.00598	0.06443	0.03800	0.00868
37	0.01057	0.00868	0.00940	0.00937	0.01193	0.00773	0.00708	0.01399	0.05045	0.02424	0.16793	0.10431	0.48177	0.01976	0.00962	0.00278	0.00435	0.04095	0.00779	0.00729
38	0.02445	0.02348	0.02462	0.02785	0.22525	0.17537	0.01736	0.17911	0.09721	0.03181	0.02141	0.02305	0.04583	0.00929	0.00790	0.00238	0.00977	0.00750	0.03458	0.01178
39	0.01652	0.07324	0.64371	0.02270	0.03446	0.01946	0.02924	0.02563	0.01710	0.02539	0.01441	0.01694	0.01029	0.00767	0.00759	0.00253	0.01184	0.00592	0.00343	0.01192
40	0.01627	0.04197	0.67279	0.02313	0.03512	0.01884	0.02998	0.02570	0.01713	0.02570	0.01456	0.01713	0.01028	0.00771	0.00771	0.00257	0.01199	0.00600	0.00343	0.01199
41	0.03031	0.03867	0.02299	0.02090	0.02508	0.68226	0.01568	0.03240	0.02299	0.01986	0.01254	0.01463	0.01045	0.00836	0.00732	0.00209	0.01463	0.00523	0.00418	0.00941
42	0.05424	0.04065	0.63960	0.02250	0.03414	0.01881	0.02892	0.02560	0.01696	0.02623	0.01440	0.01693	0.01020	0.00770	0.00757	0.00257	0.01170	0.00592	0.00351	0.01183
43	0.01698	0.13014	0.59080	0.02192	0.03326	0.02057	0.02789	0.02551	0.01705	0.02484	0.01413	0.01660	0.01030	0.00761	0.00738	0.00246	0.01156	0.00578	0.00343	0.01179
44	0.01091	0.00857	0.01009	0.01080	0.01310	0.00775	0.00871	0.01361	0.01865	0.02320	0.09415	0.10790	0.39322	0.02122	0.01019	0.00310	0.00530	0.22486	0.00758	0.00710
45	0.01984	0.01904	0.03250	0.08223	0.63366	0.01922	0.02478	0.02469	0.01836	0.02622	0.01522	0.02016	0.01275	0.00727	0.00804	0.00242	0.00970	0.00723	0.00400	0.01266
46	0.02093	0.02193	0.02092	0.02418	0.17079	0.22549	0.01511	0.05539	0.09304	0.02488	0.02694	0.18440	0.05566	0.01309	0.00846	0.00257	0.00937	0.01104	0.00576	0.01004
47	0.02452	0.29317	0.03599	0.02153	0.05305	0.14844	0.13519	0.14616	0.02253	0.02715	0.01428	0.01659	0.01155	0.00775	0.00713	0.00216	0.01084	0.00622	0.00466	0.01109
48	0.01223	0.00863	0.01077	0.01168	0.01374	0.00794	0.00927	0.01479	0.01810	0.05411	0.05677	0.22868	0.26501	0.02186	0.01029	0.00322	0.00560	0.23235	0.00763	0.00735
49	0.02043	0.24035	0.26661	0.02565	0.16741	0.02369	0.02230	0.09570	0.01966	0.02681	0.01429	0.01680	0.01129	0.00761	0.00707	0.00227	0.01012	0.00591	0.00411	0.01191
50	0.02994	0.06803	0.02384	0.02060	0.02490	0.65423	0.01560	0.03205	0.02271	0.01983	0.01249	0.01456	0.01045	0.00830	0.00723	0.00208	0.01438	0.00519	0.00415	0.00945
51	0.01367	0.01102	0.01248	0.01235	0.01515	0.01127	0.00973	0.02198	0.19333	0.02660	0.11860	0.06472	0.24189	0.05696	0.01138	0.00325	0.00572	0.15355	0.00772	0.00863
52	0.02053	0.02012	0.03250	0.04855	0.63643	0.04810	0.02450	0.02523	0.01867	0.02622	0.01514	0.01985	0.01275	0.00728	0.00800	0.00240	0.00986	0.00714	0.00402	0.01270
53	0.01848	0.01841	0.03363	0.23617	0.35139	0.01918	0.15566	0.02391	0.01796	0.02470	0.01526	0.02093	0.01214	0.00741	0.00839	0.00257	0.01086	0.00773	0.00391	0.01131
54	0.00982	0.00732	0.00915	0.01062	0.01159	0.00665	0.00723	0.01137	0.01618	0.02098	0.05293	0.57124	0.18666	0.02435	0.01019	0.00317	0.00458	0.02177	0.00753	0.00665
55	0.02876	0.03160	0.02383	0.02259	0.08191	0.42600	0.01621	0.18680	0.02609	0.02847	0.01495	0.01708	0.01193	0.01077	0.03531	0.00266	0.01301	0.00608	0.00519	0.01076
56	0.02024	0.43369	0.16452	0.02287	0.13702	0.02675	0.04644	0.02475	0.01708	0.02199	0.01285	0.01545	0.01090	0.00714	0.00638	0.00206	0.00972	0.00540	0.00359	0.01117
57	0.00959	0.00822	0.00822	0.00822	0.01096	0.00685	0.00617	0.01165	0.01850	0.02192	0.08220	0.07809	0.66092	0.02055	0.00959	0.00274	0.00411	0.01713	0.00754	0.00685
58	0.01627	0.04197	0.67279	0.02313	0.03512	0.01884	0.02998	0.02570	0.01713	0.02570	0.01456	0.01713	0.01028	0.00771	0.00771	0.00257	0.01199	0.00600	0.00343	0.01199
59	0.00967	0.00789	0.00856	0.00910	0.01119	0.00678	0.00655	0.01155	0.01765	0.02158	0.07151	0.25816	0.48775	0.02194	0.00981	0.00290	0.00428	0.01882	0.00753	0.00678
60	0.01990	0.01902	0.03204	0.07315	0.61599	0.01927	0.02434	0.02545	0.04293	0.02658	0.01592	0.02054	0.01324	0.00741	0.00804	0.00243	0.00956	0.00730	0.00417	0.01271
61	0.03031	0.03867	0.02299	0.02090	0.02508	0.68226	0.01568	0.03240	0.02299	0.01986	0.01254	0.01463	0.01045	0.00836	0.00732	0.00209	0.01463	0.00523	0.00418	0.00941
62	0.01930	0.01848	0.03152	0.15585	0.56429	0.01907	0.02451	0.02422	0.01811	0.02556	0.01512	0.02034	0.01252	0.00737	0.00805	0.00246	0.00983	0.00723	0.00395	0.01222
63	0.02117	0.65407	0.10357	0.01478	0.02221	0.03082	0.01544	0.02443	0.01655	0.01973	0.01160	0.01341	0.01040	0.00702	0.00545	0.00182	0.00900	0.00450	0.00347	0.01057
64	0.00959	0.00822	0.00822	0.00822	0.01096	0.00685	0.00617	0.01165	0.01850	0.02192	0.08220	0.07809	0.66092	0.02055	0.00959	0.00274	0.00411	0.01713	0.00754	0.00685
65	0.01703	0.03346	0.43285	0.02426	0.03290	0.02049	0.11215	0.02429	0.01631	0.02429	0.01390	0.01795	0.01065	0.00911	0.01241	0.00282	0.17369	0.00676	0.00355	0.01111
66	0.00959	0.00822	0.00822	0.00822	0.01096	0.00685	0.00617	0.01165	0.01850	0.02192	0.08220	0.07809	0.66092	0.02055	0.00959	0.00274	0.00411	0.01713	0.00754	0.00685
67	0.11437	0.02395	0.02346	0.05009	0.14982	0.19766	0.01637	0.17605	0.02447	0.12190	0.01741	0.01879	0.01290	0.00860	0.00753	0.00237	0.01008	0.00651	0.00599	0.01167
68	0.17059	0.02601	0.17354	0.01799	0.02528	0.05252	0.01730	0.29272	0.05701	0.06561	0.01760	0.01835	0.01264	0.00885	0.00739	0.00248	0.00920	0.00646	0.00632	0.01215
69	0.00989	0.00706	0.00942	0.01130	0.01177	0.00659	0.00753	0.01130	0.01554	0.02071	0.04472	0.70954	0.05367	0.02542	0.01036	0.00330	0.00471	0.02307	0.00753	0.00659
70	0.02254	0.02528	0.03046	0.08680	0.24171	0.23087	0.11521	0.02650	0.01914	0.02304	0.01398	0.01848	0.01159	0.00841	0.01020	0.00251	0.09166	0.00694	0.00400	0.01069
71	0.01626	0.06517	0.48759	0.01905	0.02844	0.01681	0.02353	0.02404	0.01707	0.02646	0.01721	0.02002	0.01275	0.00808	0.00712	0.00237	0.00991	0.00629	0.18096	0.01088
72	0.01693	0.01717	0.03152	0.39704	0.07862	0.01959	0.19622	0.02230	0.01673	0.02238	0.01460	0.02118	0.01133	0.00841	0.01066	0.00280	0.09115	0.00787	0.00376	0.00974
73	0.00959	0.00822	0.00822	0.00822	0.01096	0.00685	0.00617	0.01165	0.01850	0.02192	0.08220	0.07809	0.66092	0.02055	0.00959	0.00274	0.00411	0.01713	0.00754	0.00685
74	0.02958	0.03749	0.02306	0.05382	0.02659	0.64984	0.01601	0.03183	0.02266	0.01990	0.01263	0.01497	0.01047	0.00835	0.00736	0.00212	0.01445	0.00532	0.00415	0.00939
75	0.02693	0.02042	0.02183	0.01794	0.02333	0.04732	0.01492	0.47771	0.03330	0.04404	0.02435	0.03507	0.02087	0.01246	0.00876	0.00271	0.00883	0.13913	0.00782	0.01224
76	0.00989	0.00706	0.00942	0.01130	0.01177	0.00659	0.00753	0.01130	0.01554	0.02071	0.04472	0.70954	0.05367	0.02542	0.01036	0.00330	0.00471	0.02307	0.00753	0.00659
77	0.02008	0.01928	0.03294	0.04981	0.66422	0.01928	0.02490	0.02490	0.01848	0.02651	0.01526	0.02008	0.01285	0.00723	0.00803	0.00241	0.00964	0.00723	0.00402	0.01285
78	0.02595	0.17794	0.02204	0.01304	0.01830	0.01544	0.01113	0.02906	0.02135	0.33981	0.17259	0.03421	0.06254	0.01133	0.00786	0.00235	0.00648	0.00919	0.00812	0.01127
79	0.02469	0.45907	0.03504	0.01523	0.02184	0.02628	0.03775	0.05293	0.08007	0.14953	0.01797	0.01815	0.01390	0.00805	0.00636	0.00205	0.00832	0.00588	0.00543	0.01147
80	0.01021	0.00790	0.00932	0.00969	0.01153	0.00700	0.00699	0.01258	0.01889	0.02458	0.23495	0.25898	0.31654	0.02086	0.00981	0.00285	0.00421	0.01818	0.00793	0.00700
81	0.01690	0.12023	0.60001	0.02206	0.03347	0.02038	0.02812	0.02554	0.01706	0.02493	0.01418	0.01666	0.01029	0.00762	0.00742	0.00247	0.01161	0.00580	0.00343	0.01181
82	0.02935	0.11478	0.02518	0.02012	0.02461	0.60960	0.01548	0.03150	0.02227	0.01977	0.01240	0.01445	0.01045	0.00820	0.00708	0.00205	0.01397	0.00513	0.00410	0.00952
83	0.01132	0.00930	0.01010	0.00971	0.01244	0.00861	0.00734	0.01627	0.09257	0.02617	0.23207	0.06786	0.43013	0.01838	0.00943	0.00269	0.00430	0.01555	0.00799	0.00776
84	0.01532	0.01442	0.02434	0.69533	0.05589	0.01803	0.02253	0.02073	0.01622	0.02073	0.01442	0.02163	0.01082	0.00811	0.00811	0.00270	0.01082	0.00721	0.00361	0.00901
85	0.01782	0.01399	0.01568	0.01461	0.01835	0.01528	0.01156	0.03245	0.38303	0.06313	0.11959	0.04782	0.09209	0.01430	0.00900	0.00287	0.00607	0.10327	0.00825	0.01085
86	0.02008	0.01928	0.03294	0.04981	0.66422	0.01928	0.02490	0.02490	0.01848	0.02651	0.01526	0.02008	0.01285	0.00723	0.00803	0.00241	0.00964	0.00723	0.00402	0.01285
87	0.03031	0.03867	0.02299	0.02090	0.02508	0.68226	0.01568	0.03240	0.02299	0.01986	0.01254	0.01463	0.01045	0.00836	0.00732	0.00209	0.01463	0.00523	0.00418	0.00941
88	0.02008	0.01928	0.03294	0.04981	0.66422	0.01928	0.02490	0.02490	0.01848	0.02651	0.01526	0.02008	0.01285	0.00723	0.00803	0.00241	0.00964	0.00723	0.00402	0.01285
89	0.01532	0.01442	0.02434	0.69533	0.05589	0.01803	0.02253	0.02073	0.01622	0.02073	0.01442	0.02163	0.01082	0.00811	0.00811	0.00270	0.01082	0.00721	0.00361	0.00901
90	0.00989	0.00706	0.00942	0.01130	0.01177	0.00659	0.00753	0.01130	0.01554	0.02071	0.04472	0.70954	0.05367	0.02542	0.01036	0.00330	0.00471	0.02307	0.00753	0.00659
91	0.01915	0.02189	0.04788	0.03420	0.04241	0.02052	0.63475	0.02599	0.01915	0.02599	0.01642	0.02189	0.01231	0.00684	0.00958	0.00274	0.01368	0.00958	0.00410	0.01094
92	0.01145	0.00984	0.01000	0.00968	0.01274	0.00919	0.00734	0.01717	0.12927	0.02403	0.07357	0.06970	0.54925	0.01888	0.00936	0.00274	0.00452	0.01573	0.00766	0.00790
93	0.03641	0.01381	0.01883	0.01444	0.02071	0.01193	0.01193	0.03954	0.02322	0.66984	0.03201	0.02762	0.02009	0.01004	0.00816	0.00251	0.00690	0.00816	0.01004	0.01381
94	0.03614	0.01423	0.01909	0.01464	0.02092	0.01255	0.01209	0.06771	0.02393	0.64067	0.03142	0.02723	0.01979	0.01003	0.00816	0.00251	0.00700	0.00812	0.00995	0.01381
95	0.01871	0.34658	0.38952	0.01897	0.02870	0.02481	0.02275	0.02507	0.01684	0.02273	0.01309	0.01528	0.01034	0.00736	0.00658	0.00219	0.01050	0.00525	0.00345	0.01128
96	0.01670	0.00989	0.01283	0.01132	0.01420	0.00917	0.00874	0.04660	0.02367	0.14522	0.52187	0.05303	0.06392	0.01514	0.00926	0.00254	0.00459	0.01321	0.00909	0.00900
97	0.03031	0.03867	0.02299	0.02090	0.02508	0.68226	0.01568	0.03240	0.02299	0.01986	0.01254	0.01463	0.01045	0.00836	0.00732	0.00209	0.01463	0.00523	0.00418	0.00941
98	0.01137	0.00852	0.00936	0.00900	0.01172	0.00729	0.00680	0.01389	0.01978	0.05663	0.21529	0.07148	0.49192	0.01910	0.00951	0.00268	0.00418	0.01610	0.00799	0.00739
99	0.01988	0.01985	0.03621	0.04639	0.52803	0.01955	0.15847	0.02514	0.01862	0.02640	0.01552	0.02048	0.01273	0.00714	0.00837	0.00248	0.01052	0.00774	0.00404	0.01243
100	0.03085	0.02273	0.02435	0.01867	0.02516	0.02516	0.01542	0.63716	0.03815	0.05114	0.01948	0.01948	0.01380	0.00974	0.00812	0.00244	0.00893	0.00731	0.00812	0.01380
101	0.03613	0.01425	0.01911	0.01465	0.02093	0.01258	0.01210	0.06926	0.02397	0.63907	0.03139	0.02721	0.01977	0.01003	0.00816	0.00251	0.00701	0.00812	0.00995	0.01381
102	0.02169	0.71972	0.04252	0.01388	0.02083	0.03211	0.01388	0.02430	0.01649	0.01909	0.01128	0.01302	0.01041	0.00694	0.00521	0.00174	0.00868	0.00434	0.00347	0.01041
103	0.01627	0.04197	0.67279	0.02313	0.03512	0.01884	0.02998	0.02570	0.01713	0.02570	0.01456	0.01713	0.01028	0.00771	0.00771	0.00257	0.01199	0.00600	0.00343	0.01199
104	0.01098	0.00774	0.01006	0.01081	0.01134	0.00789	0.00719	0.01223	0.01359	0.01846	0.03234	0.31111	0.03702	0.28515	0.17942	0.00725	0.00986	0.01559	0.00583	0.00613
105	0.00989	0.00706	0.00942	0.01130	0.01177	0.00659	0.00753	0.01130	0.01554	0.02071	0.04472	0.70954	0.05367	0.02542	0.01036	0.00330	0.00471	0.02307	0.00753	0.00659
106	0.01915	0.02189	0.04788	0.03420	0.04241	0.02052	0.63475	0.02599	0.01915	0.02599	0.01642	0.02189	0.01231	0.00684	0.00958	0.00274	0.01368	0.00958	0.00410	0.01094
107	0.02008	0.01928	0.03294	0.04981	0.66422	0.01928	0.02490	0.02490	0.01848	0.02651	0.01526	0.02008	0.01285	0.00723	0.00803	0.00241	0.00964	0.00723	0.00402	0.01285
108	0.02008	0.01928	0.03294	0.04981	0.66422	0.01928	0.02490	0.02490	0.01848	0.02651	0.01526	0.02008	0.01285	0.00723	0.00803	0.00241	0.00964	0.00723	0.00402	0.01285
109	0.01157	0.00886	0.01098	0.01205	0.01429	0.00827	0.01010	0.01459	0.01860	0.02327	0.05987	0.08574	0.31133	0.02161	0.01051	0.00331	0.00602	0.35434	0.00750	0.00720
110	0.02200	0.02156	0.01879	0.01699	0.02118	0.17431	0.01303	0.06701	0.39903	0.03067	0.06533	0.06606	0.02555	0.01146	0.00822	0.00260	0.00822	0.00926	0.00729	0.01143
111	0.01627	0.04197	0.67279	0.02313	0.03512	0.01884	0.02998	0.02570	0.01713	0.02570	0.01456	0.01713	0.01028	0.00771	0.00771	0.00257	0.01199	0.00600	0.00343	0.01199
112	0.01154	0.00870	0.01103	0.01228	0.01428	0.00819	0.01013	0.01445	0.01825	0.02308	0.05627	0.15840	0.25264	0.02214	0.01057	0.00335	0.00603	0.34401	0.00750	0.00716
113	0.01958	0.03697	0.50633	0.02258	0.03322	0.02029	0.05045	0.15963	0.02181	0.03128	0.01571	0.01783	0.01113	0.00812	0.00787	0.00255	0.01139	0.00642	0.00448	0.01235
