[name]
unknown

[dist]
# distance from previous block
# <min> <max>
0	14

[block]
# block no. 0 follows, 22 sequences, length 88
# corresponding to MSA columns:
# 14-101
name=unknown_A
#
# <colnr> <probs for GDERKNQSTAVLIFYWHMCP>
#	G	D	E	R	K	N	Q	S	T	A	V	L	I	F	Y	W	H	M	C	P
0	0.01472	0.01492	0.09747	0.01447	0.01850	0.01179	0.01323	0.02173	0.11648	0.05130	0.04942	0.10641	0.20656	0.01832	0.00989	0.00315	0.00692	0.20822	0.00737	0.00914
1	0.01370	0.01104	0.01682	0.19881	0.02681	0.01138	0.05137	0.01729	0.01866	0.05241	0.15218	0.20296	0.16074	0.01661	0.00952	0.00288	0.00695	0.01483	0.00675	0.00829
2	0.01809	0.01434	0.01495	0.01374	0.01757	0.01598	0.01061	0.03437	0.41972	0.03230	0.03884	0.03735	0.10593	0.01218	0.00803	0.00262	0.00566	0.01008	0.17653	0.01113
3	0.02199	0.68597	0.06864	0.01460	0.02191	0.03232	0.01488	0.02493	0.01691	0.01982	0.01169	0.01350	0.01066	0.00714	0.00543	0.00181	0.00902	0.00451	0.00355	0.01073
4	0.01814	0.11014	0.45547	0.02882	0.17426	0.02086	0.02774	0.02597	0.01778	0.02577	0.01471	0.01777	0.01113	0.00770	0.00769	0.00250	0.01137	0.00624	0.00365	0.01230
5	0.01818	0.01818	0.02545	0.02181	0.02181	0.02545	0.01818	0.01999	0.01272	0.01999	0.01091	0.01818	0.01091	0.01454	0.02726	0.00364	0.69284	0.00727	0.00364	0.00909
6	0.28525	0.05116	0.14346	0.01624	0.06013	0.01598	0.01447	0.02204	0.01814	0.03189	0.19463	0.03257	0.03121	0.01110	0.00753	0.00262	0.00727	0.03879	0.00594	0.00959
7	0.00984	0.00835	0.00848	0.00859	0.01127	0.00700	0.00639	0.01190	0.01876	0.02237	0.08200	0.11503	0.61917	0.02132	0.00986	0.00284	0.00424	0.01788	0.00771	0.00700
8	0.01717	0.03995	0.58302	0.02722	0.11650	0.01935	0.03002	0.02620	0.01772	0.02642	0.01500	0.01793	0.01087	0.00783	0.00794	0.00261	0.01196	0.00630	0.00359	0.01239
9	0.02897	0.03568	0.02555	0.02723	0.14998	0.54558	0.01791	0.03166	0.02263	0.02167	0.01339	0.01608	0.01119	0.00833	0.00764	0.00220	0.01397	0.00575	0.00425	0.01033
10	0.01818	0.01818	0.02545	0.02181	0.02181	0.02545	0.01818	0.01999	0.01272	0.01999	0.01091	0.01818	0.01091	0.01454	0.02726	0.00364	0.69284	0.00727	0.00364	0.00909
11	0.02096	0.56192	0.18369	0.01635	0.02462	0.02981	0.01793	0.02520	0.01703	0.02107	0.01231	0.01428	0.01063	0.00728	0.00591	0.00197	0.00965	0.00482	0.00354	0.01103
12	0.02048	0.02014	0.03204	0.13216	0.54506	0.05424	0.02468	0.02535	0.01886	0.02601	0.01537	0.02047	0.01276	0.00758	0.00820	0.00249	0.01030	0.00729	0.00407	0.01246
13	0.01320	0.00945	0.01077	0.01034	0.01177	0.00955	0.00698	0.01769	0.09766	0.02458	0.20291	0.05340	0.07736	0.34383	0.02478	0.00519	0.00624	0.01257	0.05459	0.00715
14	0.01208	0.00805	0.00906	0.00906	0.00906	0.00805	0.00503	0.01208	0.01208	0.01611	0.02618	0.05436	0.03020	0.70804	0.04228	0.00805	0.00805	0.01208	0.00503	0.00503
15	0.01132	0.00847	0.01050	0.01000	0.01215	0.00765	0.00750	0.01484	0.02249	0.03088	0.52499	0.06605	0.20675	0.01789	0.00980	0.00266	0.00398	0.01558	0.00883	0.00765
16	0.02221	0.71304	0.04353	0.01421	0.02132	0.03287	0.01421	0.02488	0.01688	0.01955	0.01155	0.01333	0.01066	0.00711	0.00533	0.00178	0.00888	0.00444	0.00355	0.01066
17	0.02056	0.01974	0.03372	0.05099	0.65622	0.01974	0.02550	0.02550	0.01892	0.02714	0.01563	0.02056	0.01316	0.00740	0.00822	0.00247	0.00987	0.00740	0.00411	0.01316
18	0.01702	0.01657	0.03128	0.11425	0.03376	0.01708	0.28816	0.02381	0.08423	0.02410	0.01940	0.02584	0.01577	0.02193	0.16139	0.06801	0.01410	0.00901	0.00460	0.00966
19	0.01880	0.02637	0.18418	0.03148	0.06709	0.02114	0.38525	0.02563	0.01822	0.02571	0.01556	0.02068	0.01194	0.00820	0.01157	0.00286	0.10158	0.00854	0.00397	0.01126
20	0.02850	0.03480	0.02600	0.02855	0.17795	0.51653	0.01833	0.03132	0.02242	0.02198	0.01351	0.01633	0.01129	0.00828	0.00767	0.00222	0.01375	0.00585	0.00424	0.01048
21	0.01525	0.01139	0.01326	0.01172	0.01479	0.01120	0.00908	0.13568	0.02560	0.03474	0.40592	0.05758	0.18852	0.01647	0.00951	0.00263	0.00501	0.01407	0.00867	0.00890
22	0.01167	0.00822	0.01086	0.01240	0.01329	0.00801	0.00920	0.01367	0.01630	0.02150	0.04128	0.35843	0.04753	0.15938	0.01716	0.00446	0.00646	0.22629	0.00716	0.00673
23	0.01549	0.00774	0.00774	0.00774	0.00968	0.00774	0.00581	0.01936	0.01742	0.03097	0.02710	0.03097	0.02129	0.00968	0.00581	0.00194	0.00387	0.00774	0.75416	0.00774
24	0.01670	0.00959	0.01269	0.01129	0.01411	0.00869	0.00869	0.02048	0.02357	0.15509	0.53192	0.05551	0.06719	0.01569	0.00952	0.00260	0.00453	0.01373	0.00937	0.00906
25	0.01747	0.03730	0.49525	0.02680	0.03801	0.01977	0.19476	0.02639	0.01811	0.02639	0.01543	0.01888	0.01110	0.00765	0.00842	0.00268	0.01275	0.00715	0.00370	0.01198
26	0.01549	0.00774	0.00774	0.00774	0.00968	0.00774	0.00581	0.01936	0.01742	0.03097	0.02710	0.03097	0.02129	0.00968	0.00581	0.00194	0.00387	0.00774	0.75416	0.00774
27	0.01087	0.00846	0.01006	0.01102	0.01306	0.00766	0.00858	0.01330	0.01830	0.02283	0.06443	0.22417	0.35127	0.02269	0.01045	0.00321	0.00529	0.17950	0.00770	0.00713
28	0.02428	0.02692	0.02007	0.01829	0.02184	0.36848	0.01401	0.09099	0.02160	0.02342	0.01695	0.02179	0.01465	0.02781	0.24485	0.00616	0.01693	0.00684	0.00478	0.00933
29	0.02056	0.01974	0.03372	0.05099	0.65622	0.01974	0.02550	0.02550	0.01892	0.02714	0.01563	0.02056	0.01316	0.00740	0.00822	0.00247	0.00987	0.00740	0.00411	0.01316
30	0.01039	0.00810	0.00880	0.00918	0.01090	0.00720	0.00630	0.01189	0.01679	0.02077	0.06352	0.19693	0.39456	0.17696	0.01729	0.00410	0.00520	0.01750	0.00711	0.00651
31	0.01083	0.00770	0.00926	0.01020	0.01080	0.00728	0.00650	0.01181	0.01483	0.01941	0.04325	0.37307	0.12310	0.28703	0.02266	0.00510	0.00598	0.01840	0.00668	0.00612
32	0.01208	0.00805	0.00906	0.00906	0.00906	0.00805	0.00503	0.01208	0.01208	0.01611	0.02618	0.05436	0.03020	0.70804	0.04228	0.00805	0.00805	0.01208	0.00503	0.00503
33	0.02435	0.02651	0.02711	0.03363	0.30433	0.25549	0.01966	0.03193	0.14325	0.02619	0.01821	0.02061	0.01468	0.00858	0.00801	0.00242	0.01106	0.00706	0.00503	0.01189
34	0.02194	0.02235	0.03238	0.04710	0.57322	0.10596	0.02425	0.02651	0.01952	0.02624	0.01526	0.01983	0.01284	0.00755	0.00813	0.00242	0.01054	0.00713	0.00413	0.01269
35	0.02084	0.01396	0.01560	0.01337	0.01701	0.01525	0.01067	0.25204	0.02480	0.03654	0.02326	0.02712	0.01843	0.02166	0.15772	0.00472	0.01004	0.00790	0.29894	0.01012
36	0.01723	0.01477	0.01723	0.01230	0.01969	0.01107	0.00984	0.02092	0.01723	0.02707	0.01477	0.01723	0.01230	0.00615	0.00615	0.00123	0.00615	0.00492	0.00492	0.75883
37	0.01101	0.00789	0.01027	0.01188	0.01262	0.00753	0.00805	0.03706	0.01686	0.02249	0.04472	0.67442	0.05326	0.02536	0.01051	0.00334	0.00500	0.02295	0.00774	0.00705
38	0.01187	0.00890	0.01335	0.01335	0.01483	0.01038	0.01038	0.01483	0.01335	0.01928	0.02225	0.03264	0.02077	0.06231	0.67512	0.01335	0.02225	0.00890	0.00445	0.00742
39	0.02056	0.01974	0.03372	0.05099	0.65622	0.01974	0.02550	0.02550	0.01892	0.02714	0.01563	0.02056	0.01316	0.00740	0.00822	0.00247	0.00987	0.00740	0.00411	0.01316
40	0.02056	0.01974	0.03372	0.05099	0.65622	0.01974	0.02550	0.02550	0.01892	0.02714	0.01563	0.02056	0.01316	0.00740	0.00822	0.00247	0.00987	0.00740	0.00411	0.01316
41	0.01187	0.00890	0.01335	0.01335	0.01483	0.01038	0.01038	0.01483	0.01335	0.01928	0.02225	0.03264	0.02077	0.06231	0.67512	0.01335	0.02225	0.00890	0.00445	0.00742
42	0.01656	0.00910	0.01189	0.01207	0.01430	0.00818	0.00882	0.01861	0.01827	0.17128	0.04765	0.43867	0.12425	0.02157	0.01001	0.00313	0.00538	0.04340	0.00831	0.00855
43	0.01012	0.00723	0.00964	0.01157	0.01205	0.00675	0.00771	0.01157	0.01591	0.02121	0.04579	0.70262	0.05495	0.02603	0.01060	0.00337	0.00482	0.02362	0.00771	0.00675
44	0.01208	0.00805	0.00906	0.00906	0.00906	0.00805	0.00503	0.01208	0.01208	0.01611	0.02618	0.05436	0.03020	0.70804	0.04228	0.00805	0.00805	0.01208	0.00503	0.00503
45	0.02056	0.01974	0.03372	0.05099	0.65622	0.01974	0.02550	0.02550	0.01892	0.02714	0.01563	0.02056	0.01316	0.00740	0.00822	0.00247	0.00987	0.00740	0.00411	0.01316
46	0.03140	0.02861	0.02448	0.01986	0.02574	0.23796	0.01588	0.43385	0.03399	0.04188	0.01762	0.01832	0.01301	0.00951	0.00804	0.00238	0.01105	0.00678	0.00699	0.01266
47	0.01037	0.00836	0.00923	0.00918	0.01160	0.00722	0.00682	0.01293	0.02000	0.02536	0.23815	0.11477	0.45637	0.02024	0.00986	0.00279	0.00417	0.01723	0.00811	0.00722
48	0.03103	0.03959	0.02354	0.02140	0.02568	0.67469	0.01605	0.03317	0.02354	0.02033	0.01284	0.01498	0.01070	0.00856	0.00749	0.00214	0.01498	0.00535	0.00428	0.00963
49	0.02267	0.37651	0.21029	0.01844	0.02634	0.17388	0.01917	0.02714	0.01856	0.02159	0.01277	0.01486	0.01063	0.00765	0.00652	0.00209	0.01119	0.00511	0.00370	0.01087
50	0.00989	0.00815	0.00869	0.00913	0.01141	0.00695	0.00663	0.01184	0.01825	0.02216	0.07550	0.22038	0.51801	0.02216	0.01000	0.00293	0.00435	0.01890	0.00771	0.00695
51	0.01192	0.00871	0.01238	0.01238	0.01353	0.00986	0.00918	0.01421	0.01306	0.01857	0.02314	0.03754	0.02290	0.20794	0.53240	0.01216	0.01905	0.00962	0.00458	0.00688
52	0.02265	0.01680	0.02030	0.14820	0.02735	0.01920	0.01476	0.29205	0.02638	0.03715	0.02013	0.02362	0.01539	0.01341	0.05413	0.00323	0.05165	0.00760	0.17506	0.01095
53	0.01019	0.00843	0.00894	0.00881	0.01145	0.00717	0.00661	0.01265	0.01982	0.02455	0.19412	0.07648	0.54157	0.02025	0.00981	0.00277	0.00415	0.01705	0.00799	0.00717
54	0.02123	0.02101	0.03307	0.04910	0.61597	0.06155	0.02489	0.02599	0.01921	0.02671	0.01545	0.02020	0.01300	0.00748	0.00818	0.00245	0.01020	0.00727	0.00412	0.01293
55	0.02585	0.12516	0.17050	0.02050	0.02711	0.35504	0.01887	0.06496	0.07125	0.02453	0.01521	0.01689	0.01201	0.00852	0.00742	0.00228	0.01258	0.00585	0.00457	0.01089
56	0.01531	0.00776	0.00781	0.00781	0.00965	0.00776	0.00577	0.01897	0.01714	0.03018	0.02705	0.03221	0.02176	0.04665	0.00774	0.00226	0.00409	0.00797	0.71451	0.00760
57	0.01712	0.02330	0.17405	0.02438	0.02973	0.02019	0.18714	0.02233	0.01582	0.02312	0.01543	0.02174	0.01302	0.01936	0.13202	0.00489	0.23435	0.00800	0.00391	0.01010
58	0.01987	0.42983	0.30620	0.01821	0.02751	0.02713	0.02118	0.02548	0.01716	0.02240	0.01297	0.01511	0.01060	0.00744	0.00641	0.00214	0.01032	0.00516	0.00353	0.01134
59	0.01208	0.00805	0.00906	0.00906	0.00906	0.00805	0.00503	0.01208	0.01208	0.01611	0.02618	0.05436	0.03020	0.70804	0.04228	0.00805	0.00805	0.01208	0.00503	0.00503
60	0.01569	0.01477	0.02492	0.68808	0.05722	0.01846	0.02307	0.02123	0.01661	0.02123	0.01477	0.02215	0.01107	0.00831	0.00831	0.00277	0.01107	0.00738	0.00369	0.00923
61	0.01263	0.01002	0.01480	0.01437	0.01567	0.01219	0.01132	0.01545	0.01328	0.01937	0.02089	0.03090	0.01958	0.05657	0.59726	0.01218	0.10284	0.00870	0.00435	0.00762
62	0.01818	0.01818	0.02545	0.02181	0.02181	0.02545	0.01818	0.01999	0.01272	0.01999	0.01091	0.01818	0.01091	0.01454	0.02726	0.00364	0.69284	0.00727	0.00364	0.00909
63	0.01208	0.00805	0.00906	0.00906	0.00906	0.00805	0.00503	0.01208	0.01208	0.01611	0.02618	0.05436	0.03020	0.70804	0.04228	0.00805	0.00805	0.01208	0.00503	0.00503
64	0.03158	0.02327	0.02493	0.01911	0.02576	0.02576	0.01579	0.62852	0.03906	0.05236	0.01995	0.01995	0.01413	0.00997	0.00831	0.00249	0.00914	0.00748	0.00831	0.01413
65	0.01208	0.00805	0.00906	0.00906	0.00906	0.00805	0.00503	0.01208	0.01208	0.01611	0.02618	0.05436	0.03020	0.70804	0.04228	0.00805	0.00805	0.01208	0.00503	0.00503
66	0.01201	0.00835	0.01059	0.01059	0.01111	0.00888	0.00694	0.01306	0.01253	0.01724	0.02478	0.04664	0.02685	0.47856	0.26719	0.00994	0.01310	0.01095	0.00483	0.00588
67	0.01012	0.00723	0.00964	0.01157	0.01205	0.00675	0.00771	0.01157	0.01591	0.02121	0.04579	0.70262	0.05495	0.02603	0.01060	0.00337	0.00482	0.02362	0.00771	0.00675
68	0.01011	0.00728	0.00958	0.01142	0.01201	0.00676	0.00765	0.01158	0.01604	0.02126	0.04755	0.67401	0.08242	0.02580	0.01057	0.00335	0.00479	0.02334	0.00771	0.00676
69	0.02149	0.62603	0.12424	0.01544	0.02322	0.03111	0.01635	0.02506	0.01697	0.02042	0.01199	0.01387	0.01064	0.00721	0.00566	0.00189	0.00932	0.00466	0.00355	0.01087
70	0.01836	0.01873	0.02851	0.02352	0.02462	0.02487	0.09711	0.02085	0.01362	0.02085	0.01167	0.01873	0.01113	0.01356	0.02500	0.00353	0.60469	0.00760	0.00371	0.00936
71	0.02066	0.01785	0.01878	0.01691	0.02160	0.02066	0.01315	0.04414	0.64121	0.03475	0.03381	0.03099	0.02536	0.01127	0.00845	0.00282	0.00657	0.00939	0.00845	0.01315
72	0.01012	0.00723	0.00964	0.01157	0.01205	0.00675	0.00771	0.01157	0.01591	0.02121	0.04579	0.70262	0.05495	0.02603	0.01060	0.00337	0.00482	0.02362	0.00771	0.00675
73	0.01208	0.00805	0.00906	0.00906	0.00906	0.00805	0.00503	0.01208	0.01208	0.01611	0.02618	0.05436	0.03020	0.70804	0.04228	0.00805	0.00805	0.01208	0.00503	0.00503
74	0.01012	0.00723	0.00964	0.01157	0.01205	0.00675	0.00771	0.01157	0.01591	0.02121	0.04579	0.70262	0.05495	0.02603	0.01060	0.00337	0.00482	0.02362	0.00771	0.00675
75	0.03158	0.02327	0.02493	0.01911	0.02576	0.02576	0.01579	0.62852	0.03906	0.05236	0.01995	0.01995	0.01413	0.00997	0.00831	0.00249	0.00914	0.00748	0.00831	0.01413
76	0.02613	0.11178	0.17106	0.02314	0.07028	0.41312	0.01980	0.03021	0.02115	0.02206	0.01336	0.01576	0.01082	0.00817	0.00740	0.00223	0.01337	0.00557	0.00402	0.01058
77	0.02184	0.01843	0.01945	0.01714	0.02205	0.02121	0.01343	0.10729	0.57614	0.03665	0.03231	0.02980	0.02415	0.01113	0.00844	0.00278	0.00685	0.00919	0.00844	0.01325
78	0.01208	0.00805	0.00906	0.00906	0.00906	0.00805	0.00503	0.01208	0.01208	0.01611	0.02618	0.05436	0.03020	0.70804	0.04228	0.00805	0.00805	0.01208	0.00503	0.00503
79	0.02608	0.02215	0.06499	0.15099	0.03207	0.02325	0.01783	0.39447	0.11146	0.04227	0.02040	0.02166	0.01475	0.00968	0.00830	0.00260	0.00939	0.00762	0.00711	0.01292
80	0.01190	0.00876	0.01266	0.01266	0.01391	0.01001	0.00952	0.01439	0.01315	0.01877	0.02288	0.03613	0.02229	0.16627	0.57324	0.01250	0.01997	0.00941	0.00454	0.00703
81	0.01005	0.00750	0.00936	0.01086	0.01186	0.00681	0.00740	0.01165	0.01659	0.02149	0.05444	0.56219	0.18979	0.02490	0.01043	0.00325	0.00468	0.02224	0.00771	0.00681
82	0.01666	0.04297	0.66500	0.02368	0.03596	0.01929	0.03069	0.02631	0.01754	0.02631	0.01491	0.01754	0.01052	0.00789	0.00789	0.00263	0.01228	0.00614	0.00351	0.01228
83	0.58001	0.02130	0.14155	0.04847	0.02212	0.01876	0.01400	0.02463	0.01494	0.03428	0.01239	0.01474	0.00941	0.00778	0.00585	0.00259	0.00782	0.00497	0.00474	0.00966
84	0.01694	0.01974	0.14467	0.01975	0.10336	0.01537	0.01589	0.02730	0.20403	0.05425	0.04448	0.04320	0.22998	0.01332	0.00876	0.00272	0.00736	0.01116	0.00674	0.01097
85	0.02707	0.02170	0.02065	0.01691	0.02210	0.10589	0.01355	0.36359	0.10237	0.04195	0.02204	0.02275	0.01639	0.00988	0.00773	0.00237	0.00856	0.00748	0.15483	0.01217
86	0.01943	0.02577	0.18471	0.04100	0.37305	0.01992	0.16215	0.02594	0.01875	0.02683	0.01572	0.02027	0.01242	0.00743	0.00850	0.00258	0.01136	0.00765	0.00399	0.01251
87	0.01630	0.01247	0.01550	0.13994	0.05167	0.01313	0.01191	0.12151	0.02119	0.02876	0.04159	0.08579	0.21305	0.04430	0.00994	0.00284	0.00675	0.01180	0.14261	0.00896

[dist]
# distance from previous block
# <min> <max>
0	88

[block]
# block no. 1 follows, 22 sequences, length 53
# corresponding to MSA columns:
# 197-249
name=unknown_B
#
# <colnr> <probs for GDERKNQSTAVLIFYWHMCP>
#	G	D	E	R	K	N	Q	S	T	A	V	L	I	F	Y	W	H	M	C	P
0	0.02071	0.17160	0.06436	0.06266	0.35833	0.06568	0.02105	0.02601	0.04937	0.02490	0.01866	0.02189	0.04339	0.00832	0.00762	0.00235	0.00973	0.00714	0.00434	0.01188
1	0.02313	0.44666	0.03441	0.01596	0.02160	0.19566	0.01419	0.02570	0.01814	0.01971	0.01329	0.01629	0.01200	0.01473	0.09385	0.00339	0.01221	0.00526	0.00386	0.00997
2	0.02196	0.34005	0.02768	0.01369	0.01852	0.16384	0.01191	0.02490	0.01850	0.02339	0.01684	0.01937	0.01409	0.00825	0.00595	0.00191	0.00859	0.00570	0.24537	0.00950
3	0.01187	0.00890	0.01335	0.01335	0.01483	0.01038	0.01038	0.01483	0.01335	0.01928	0.02225	0.03264	0.02077	0.06231	0.67512	0.01335	0.02225	0.00890	0.00445	0.00742
4	0.02296	0.01181	0.01427	0.01209	0.01663	0.01061	0.00961	0.02764	0.07971	0.30460	0.08169	0.05190	0.29146	0.01523	0.00905	0.00270	0.00567	0.01263	0.00897	0.01075
5	0.01436	0.09111	0.01931	0.01521	0.01702	0.01608	0.01244	0.01705	0.01362	0.01946	0.01867	0.02743	0.01757	0.04608	0.46404	0.01001	0.16017	0.00805	0.00418	0.00813
6	0.02675	0.01535	0.01836	0.01537	0.02004	0.01549	0.01213	0.24758	0.02695	0.23895	0.03210	0.23467	0.02888	0.01506	0.00904	0.00279	0.00713	0.01277	0.00876	0.01184
7	0.01835	0.00995	0.01322	0.01157	0.01468	0.00897	0.00897	0.02208	0.02358	0.19566	0.49197	0.05333	0.06345	0.01525	0.00943	0.00260	0.00473	0.01330	0.00944	0.00947
8	0.03103	0.03959	0.02354	0.02140	0.02568	0.67469	0.01605	0.03317	0.02354	0.02033	0.01284	0.01498	0.01070	0.00856	0.00749	0.00214	0.01498	0.00535	0.00428	0.00963
9	0.03077	0.06714	0.02489	0.02041	0.02550	0.46010	0.01589	0.20152	0.02762	0.02937	0.01479	0.01631	0.01167	0.00889	0.00762	0.00222	0.01303	0.00591	0.00539	0.01095
10	0.01666	0.04297	0.66500	0.02368	0.03596	0.01929	0.03069	0.02631	0.01754	0.02631	0.01491	0.01754	0.01052	0.00789	0.00789	0.00263	0.01228	0.00614	0.00351	0.01228
11	0.01012	0.00723	0.00964	0.01157	0.01205	0.00675	0.00771	0.01157	0.01591	0.02121	0.04579	0.70262	0.05495	0.02603	0.01060	0.00337	0.00482	0.02362	0.00771	0.00675
12	0.00982	0.00842	0.00842	0.00842	0.01122	0.00701	0.00631	0.01192	0.01894	0.02244	0.08416	0.07995	0.65285	0.02104	0.00982	0.00281	0.00421	0.01753	0.00771	0.00701
13	0.01963	0.01759	0.02271	0.02727	0.22825	0.01910	0.01656	0.03507	0.38017	0.03112	0.03251	0.03210	0.07932	0.01091	0.00850	0.00270	0.00743	0.00949	0.00696	0.01259
14	0.01012	0.00723	0.00964	0.01157	0.01205	0.00675	0.00771	0.01157	0.01591	0.02121	0.04579	0.70262	0.05495	0.02603	0.01060	0.00337	0.00482	0.02362	0.00771	0.00675
15	0.03211	0.01529	0.01913	0.01544	0.02133	0.01484	0.01250	0.04162	0.21555	0.46716	0.03310	0.02912	0.02205	0.01059	0.00838	0.00265	0.00692	0.00868	0.00971	0.01383
16	0.02012	0.01737	0.01826	0.01648	0.02108	0.01998	0.01281	0.04252	0.60991	0.03413	0.03634	0.03346	0.05692	0.01176	0.00852	0.00282	0.00646	0.00980	0.00842	0.01284
17	0.03103	0.03959	0.02354	0.02140	0.02568	0.67469	0.01605	0.03317	0.02354	0.02033	0.01284	0.01498	0.01070	0.00856	0.00749	0.00214	0.01498	0.00535	0.00428	0.00963
18	0.03727	0.01414	0.01928	0.01478	0.02121	0.01221	0.01221	0.04049	0.02378	0.66198	0.03277	0.02828	0.02056	0.01028	0.00835	0.00257	0.00707	0.00835	0.01028	0.01414
19	0.01549	0.00774	0.00774	0.00774	0.00968	0.00774	0.00581	0.01936	0.01742	0.03097	0.02710	0.03097	0.02129	0.00968	0.00581	0.00194	0.00387	0.00774	0.75416	0.00774
20	0.02056	0.01974	0.03372	0.05099	0.65622	0.01974	0.02550	0.02550	0.01892	0.02714	0.01563	0.02056	0.01316	0.00740	0.00822	0.00247	0.00987	0.00740	0.00411	0.01316
21	0.01666	0.04297	0.66500	0.02368	0.03596	0.01929	0.03069	0.02631	0.01754	0.02631	0.01491	0.01754	0.01052	0.00789	0.00789	0.00263	0.01228	0.00614	0.00351	0.01228
22	0.01208	0.00805	0.00906	0.00906	0.00906	0.00805	0.00503	0.01208	0.01208	0.01611	0.02618	0.05436	0.03020	0.70804	0.04228	0.00805	0.00805	0.01208	0.00503	0.00503
23	0.01012	0.00723	0.00964	0.01157	0.01205	0.00675	0.00771	0.01157	0.01591	0.02121	0.04579	0.70262	0.05495	0.02603	0.01060	0.00337	0.00482	0.02362	0.00771	0.00675
24	0.02706	0.02769	0.02178	0.01892	0.02336	0.32183	0.01474	0.22087	0.02633	0.03042	0.01717	0.02040	0.01399	0.02066	0.15241	0.00468	0.01468	0.00681	0.00561	0.01060
25	0.01598	0.01388	0.01748	0.02057	0.15419	0.01432	0.01265	0.02550	0.21894	0.02755	0.08556	0.04772	0.21538	0.07920	0.01208	0.00322	0.00654	0.01204	0.00702	0.01019
26	0.01549	0.00774	0.00774	0.00774	0.00968	0.00774	0.00581	0.01936	0.01742	0.03097	0.02710	0.03097	0.02129	0.00968	0.00581	0.00194	0.00387	0.00774	0.75416	0.00774
27	0.03085	0.02291	0.02452	0.01897	0.02548	0.02542	0.01561	0.58950	0.07926	0.05118	0.02087	0.02068	0.01488	0.01006	0.00832	0.00251	0.00897	0.00761	0.00832	0.01406
28	0.01896	0.21329	0.36559	0.02712	0.16652	0.02294	0.02525	0.02576	0.01767	0.02472	0.01418	0.01709	0.01113	0.00758	0.00729	0.00237	0.01087	0.00597	0.00365	0.01205
29	0.01970	0.36398	0.30595	0.02168	0.08716	0.02588	0.02226	0.02554	0.01735	0.02312	0.01336	0.01579	0.01084	0.00747	0.00669	0.00220	0.01041	0.00544	0.00359	0.01158
30	0.01012	0.00723	0.00964	0.01157	0.01205	0.00675	0.00771	0.01157	0.01591	0.02121	0.04579	0.70262	0.05495	0.02603	0.01060	0.00337	0.00482	0.02362	0.00771	0.00675
31	0.01526	0.00827	0.00921	0.05146	0.01305	0.00860	0.00721	0.01917	0.01710	0.02957	0.02599	0.03052	0.02061	0.01310	0.05066	0.00275	0.00556	0.00780	0.65629	0.00782
32	0.02928	0.03655	0.02264	0.02066	0.02477	0.60041	0.01554	0.03245	0.05112	0.02092	0.01443	0.01689	0.01204	0.01227	0.05211	0.00292	0.01508	0.00577	0.00448	0.00964
33	0.00994	0.00842	0.00859	0.00855	0.01130	0.00707	0.00641	0.01216	0.01923	0.02313	0.12032	0.07881	0.61625	0.02078	0.00982	0.00279	0.00419	0.01737	0.00781	0.00707
34	0.01208	0.00805	0.00906	0.00906	0.00906	0.00805	0.00503	0.01208	0.01208	0.01611	0.02618	0.05436	0.03020	0.70804	0.04228	0.00805	0.00805	0.01208	0.00503	0.00503
35	0.02025	0.01942	0.03316	0.09158	0.61806	0.01966	0.02534	0.02522	0.01877	0.02676	0.01557	0.02066	0.01303	0.00746	0.00823	0.00249	0.00995	0.00740	0.00409	0.01291
36	0.02221	0.71304	0.04353	0.01421	0.02132	0.03287	0.01421	0.02488	0.01688	0.01955	0.01155	0.01333	0.01066	0.00711	0.00533	0.00178	0.00888	0.00444	0.00355	0.01066
37	0.03727	0.01414	0.01928	0.01478	0.02121	0.01221	0.01221	0.04049	0.02378	0.66198	0.03277	0.02828	0.02056	0.01028	0.00835	0.00257	0.00707	0.00835	0.01028	0.01414
38	0.00982	0.00842	0.00842	0.00842	0.01122	0.00701	0.00631	0.01192	0.01894	0.02244	0.08416	0.07995	0.65285	0.02104	0.00982	0.00281	0.00421	0.01753	0.00771	0.00701
39	0.01187	0.00890	0.01335	0.01335	0.01483	0.01038	0.01038	0.01483	0.01335	0.01928	0.02225	0.03264	0.02077	0.06231	0.67512	0.01335	0.02225	0.00890	0.00445	0.00742
40	0.02066	0.01785	0.01878	0.01691	0.02160	0.02066	0.01315	0.04414	0.64121	0.03475	0.03381	0.03099	0.02536	0.01127	0.00845	0.00282	0.00657	0.00939	0.00845	0.01315
41	0.01549	0.00774	0.00774	0.00774	0.00968	0.00774	0.00581	0.01936	0.01742	0.03097	0.02710	0.03097	0.02129	0.00968	0.00581	0.00194	0.00387	0.00774	0.75416	0.00774
42	0.01176	0.00849	0.01110	0.01045	0.01241	0.00784	0.00784	0.01568	0.02352	0.03331	0.65184	0.06206	0.07839	0.01698	0.00980	0.00261	0.00392	0.01502	0.00914	0.00784
43	0.01012	0.00723	0.00964	0.01157	0.01205	0.00675	0.00771	0.01157	0.01591	0.02121	0.04579	0.70262	0.05495	0.02603	0.01060	0.00337	0.00482	0.02362	0.00771	0.00675
44	0.01136	0.00848	0.01055	0.01003	0.01216	0.00767	0.00752	0.01490	0.02257	0.03106	0.53429	0.06576	0.19734	0.01782	0.00980	0.00265	0.00398	0.01554	0.00885	0.00767
45	0.01569	0.01477	0.02492	0.68808	0.05722	0.01846	0.02307	0.02123	0.01661	0.02123	0.01477	0.02215	0.01107	0.00831	0.00831	0.00277	0.01107	0.00738	0.00369	0.00923
46	0.01012	0.00723	0.00964	0.01157	0.01205	0.00675	0.00771	0.01157	0.01591	0.02121	0.04579	0.70262	0.05495	0.02603	0.01060	0.00337	0.00482	0.02362	0.00771	0.00675
47	0.02056	0.01974	0.03372	0.05099	0.65622	0.01974	0.02550	0.02550	0.01892	0.02714	0.01563	0.02056	0.01316	0.00740	0.00822	0.00247	0.00987	0.00740	0.00411	0.01316
48	0.02456	0.02732	0.02983	0.03969	0.41542	0.26986	0.02189	0.02843	0.02068	0.02454	0.01456	0.01843	0.01222	0.00784	0.00794	0.00234	0.01182	0.00662	0.00418	0.01181
49	0.01192	0.00825	0.00992	0.00992	0.01036	0.00848	0.00621	0.01264	0.01269	0.01708	0.02826	0.05114	0.05933	0.54004	0.17170	0.00889	0.01080	0.01169	0.00505	0.00563
50	0.03158	0.02327	0.02493	0.01911	0.02576	0.02576	0.01579	0.62852	0.03906	0.05236	0.01995	0.01995	0.01413	0.00997	0.00831	0.00249	0.00914	0.00748	0.00831	0.01413
51	0.02100	0.01702	0.02065	0.01943	0.06415	0.01840	0.04086	0.18932	0.22471	0.03538	0.03499	0.04456	0.08458	0.01382	0.00921	0.00291	0.00780	0.13189	0.00770	0.01161
52	0.02465	0.02714	0.02181	0.07909	0.05377	0.33114	0.01595	0.06120	0.15051	0.02561	0.02096	0.02703	0.01772	0.01303	0.04150	0.00307	0.01212	0.05767	0.00558	0.01042

[dist]
# distance from previous block
# <min> <max>
0	2

[block]
# block no. 2 follows, 22 sequences, length 51
# corresponding to MSA columns:
# 252-302
name=unknown_C
#
# <colnr> <probs for GDERKNQSTAVLIFYWHMCP>
#	G	D	E	R	K	N	Q	S	T	A	V	L	I	F	Y	W	H	M	C	P
0	0.01876	0.02417	0.17763	0.16281	0.40217	0.01940	0.02624	0.02489	0.01817	0.02585	0.01530	0.02016	0.01216	0.00768	0.00816	0.00256	0.01065	0.00711	0.00389	0.01223
1	0.01746	0.01657	0.02812	0.45630	0.27514	0.01892	0.02395	0.02278	0.01745	0.02338	0.01508	0.02157	0.01183	0.00798	0.00828	0.00266	0.01064	0.00739	0.00384	0.01066
2	0.02207	0.02321	0.03032	0.13559	0.43811	0.15741	0.02316	0.02650	0.01956	0.02486	0.01492	0.01961	0.01234	0.00777	0.00808	0.00244	0.01112	0.00697	0.00409	0.01186
3	0.01352	0.01129	0.01330	0.01312	0.01453	0.06557	0.00973	0.01579	0.01394	0.01870	0.02229	0.03573	0.02191	0.19372	0.48597	0.01130	0.01865	0.00927	0.00456	0.00710
4	0.01372	0.00933	0.01039	0.00990	0.01046	0.00954	0.00594	0.06375	0.01434	0.01915	0.02565	0.05148	0.02886	0.64954	0.03944	0.00759	0.00815	0.01170	0.00531	0.00580
5	0.01203	0.00825	0.01005	0.01005	0.01039	0.00859	0.00627	0.01272	0.01237	0.01684	0.02527	0.04935	0.02803	0.55917	0.18818	0.00928	0.01133	0.01135	0.00490	0.00558
6	0.00988	0.00817	0.00867	0.00908	0.01140	0.00696	0.00661	0.01185	0.01830	0.02218	0.07608	0.21101	0.52700	0.02209	0.00998	0.00292	0.00434	0.01881	0.00771	0.00696
7	0.01089	0.00755	0.00941	0.01058	0.01087	0.00726	0.00666	0.01177	0.01440	0.01920	0.03806	0.44710	0.04519	0.29485	0.02309	0.00522	0.00609	0.01907	0.00666	0.00607
8	0.02091	0.16567	0.03579	0.04325	0.52259	0.02250	0.02312	0.02537	0.01849	0.02554	0.01477	0.01904	0.01263	0.00734	0.00762	0.00232	0.00966	0.00678	0.00399	0.01263
9	0.01092	0.00757	0.00940	0.01054	0.01083	0.00728	0.00662	0.01178	0.01434	0.01912	0.03778	0.43783	0.04484	0.30461	0.02354	0.00529	0.00614	0.01890	0.00662	0.00605
10	0.01012	0.00723	0.00964	0.01157	0.01205	0.00675	0.00771	0.01157	0.01591	0.02121	0.04579	0.70262	0.05495	0.02603	0.01060	0.00337	0.00482	0.02362	0.00771	0.00675
11	0.02056	0.01974	0.03372	0.05099	0.65622	0.01974	0.02550	0.02550	0.01892	0.02714	0.01563	0.02056	0.01316	0.00740	0.00822	0.00247	0.00987	0.00740	0.00411	0.01316
12	0.02881	0.02925	0.02638	0.02742	0.17108	0.29459	0.01814	0.24159	0.02795	0.03321	0.01599	0.01802	0.01248	0.00879	0.00795	0.00234	0.01174	0.00658	0.00566	0.01203
13	0.01012	0.00723	0.00964	0.01157	0.01205	0.00675	0.00771	0.01157	0.01591	0.02121	0.04579	0.70262	0.05495	0.02603	0.01060	0.00337	0.00482	0.02362	0.00771	0.00675
14	0.01086	0.00857	0.00998	0.01079	0.01302	0.00769	0.00849	0.01335	0.01856	0.02294	0.06744	0.17257	0.39821	0.02229	0.01039	0.00317	0.00526	0.18157	0.00770	0.00715
15	0.02001	0.46167	0.07195	0.01809	0.02488	0.02697	0.11790	0.02381	0.01687	0.02105	0.01414	0.01783	0.01242	0.01500	0.10170	0.00364	0.01183	0.00607	0.00379	0.01037
16	0.13921	0.08653	0.05196	0.02128	0.02575	0.23494	0.10285	0.02657	0.01798	0.02393	0.01269	0.01657	0.01075	0.00957	0.01228	0.00267	0.18424	0.00629	0.00415	0.00981
17	0.01160	0.00849	0.01088	0.01028	0.01231	0.00777	0.00771	0.01536	0.02313	0.03240	0.60426	0.06355	0.12653	0.01732	0.00980	0.00263	0.00394	0.01523	0.00903	0.00777
18	0.02191	0.03285	0.41204	0.02354	0.03382	0.01795	0.12704	0.02963	0.01933	0.17291	0.01935	0.02084	0.01319	0.00829	0.00832	0.00265	0.01137	0.00727	0.00519	0.01253
19	0.01389	0.00924	0.01019	0.00949	0.01274	0.00782	0.00728	0.01631	0.02001	0.11453	0.12441	0.07108	0.51456	0.01917	0.00961	0.00276	0.00459	0.01601	0.00820	0.00810
20	0.01009	0.00843	0.00880	0.00871	0.01139	0.00713	0.00653	0.01246	0.01959	0.02399	0.16509	0.07740	0.57095	0.02046	0.00982	0.00278	0.00417	0.01718	0.00792	0.00713
21	0.01689	0.01604	0.02200	0.01913	0.01913	0.02178	0.01541	0.01833	0.01259	0.01918	0.01412	0.02579	0.01497	0.16051	0.03042	0.00457	0.54871	0.00828	0.00393	0.00823
22	0.01881	0.01626	0.01619	0.01466	0.01875	0.05022	0.01134	0.06311	0.38664	0.03209	0.06986	0.04094	0.15312	0.01320	0.00857	0.00270	0.00636	0.01089	0.05510	0.01119
23	0.02303	0.01732	0.01886	0.01660	0.02155	0.01946	0.01302	0.04362	0.55319	0.12417	0.03366	0.03061	0.02468	0.01113	0.00844	0.00278	0.00665	0.00924	0.00871	0.01329
24	0.01012	0.00723	0.00964	0.01157	0.01205	0.00675	0.00771	0.01157	0.01591	0.02121	0.04579	0.70262	0.05495	0.02603	0.01060	0.00337	0.00482	0.02362	0.00771	0.00675
25	0.02056	0.01974	0.03372	0.05099	0.65622	0.01974	0.02550	0.02550	0.01892	0.02714	0.01563	0.02056	0.01316	0.00740	0.00822	0.00247	0.00987	0.00740	0.00411	0.01316
26	0.02197	0.25858	0.28414	0.02143	0.05950	0.17482	0.02171	0.02739	0.01878	0.02278	0.01338	0.01573	0.01074	0.00777	0.00698	0.00223	0.01168	0.00547	0.00373	0.01119
27	0.01666	0.04297	0.66500	0.02368	0.03596	0.01929	0.03069	0.02631	0.01754	0.02631	0.01491	0.01754	0.01052	0.00789	0.00789	0.00263	0.01228	0.00614	0.00351	0.01228
28	0.02789	0.02109	0.02295	0.01737	0.02420	0.02199	0.01426	0.47253	0.03345	0.04586	0.01862	0.01925	0.01366	0.00899	0.00776	0.00217	0.00837	0.00682	0.00744	0.20532
29	0.03003	0.01703	0.02009	0.01609	0.02184	0.01746	0.01305	0.20568	0.15804	0.30465	0.08125	0.02932	0.02460	0.01096	0.00848	0.00260	0.00729	0.00888	0.00924	0.01340
30	0.01114	0.00845	0.01013	0.00972	0.01186	0.00758	0.00720	0.01428	0.02146	0.02893	0.43661	0.06748	0.26250	0.05247	0.01141	0.00294	0.00422	0.01569	0.00848	0.00743
31	0.00982	0.00842	0.00842	0.00842	0.01122	0.00701	0.00631	0.01192	0.01894	0.02244	0.08416	0.07995	0.65285	0.02104	0.00982	0.00281	0.00421	0.01753	0.00771	0.00701
32	0.11902	0.03930	0.57592	0.02194	0.03324	0.01920	0.02773	0.02605	0.01708	0.02781	0.01445	0.01699	0.01032	0.00787	0.00752	0.00262	0.01148	0.00591	0.00373	0.01183
33	0.07953	0.04072	0.61029	0.02261	0.03429	0.01924	0.02888	0.02615	0.01725	0.02723	0.01463	0.01720	0.01040	0.00788	0.00766	0.00263	0.01179	0.00600	0.00364	0.01200
34	0.01104	0.00771	0.00927	0.01014	0.01056	0.00739	0.00633	0.01184	0.01430	0.01886	0.03926	0.34654	0.08751	0.35164	0.02569	0.00557	0.00632	0.01765	0.00643	0.00595
35	0.01206	0.00913	0.01153	0.01273	0.01498	0.00861	0.01075	0.01524	0.01905	0.02396	0.05897	0.08857	0.27356	0.02224	0.01086	0.00344	0.00637	0.38287	0.00767	0.00741
36	0.02053	0.02028	0.03182	0.13995	0.53110	0.06082	0.02455	0.02537	0.01888	0.02587	0.01533	0.02044	0.01271	0.00760	0.00819	0.00249	0.01036	0.00727	0.00406	0.01238
37	0.01010	0.00730	0.00956	0.01137	0.01200	0.00676	0.00762	0.01159	0.01610	0.02128	0.04821	0.66339	0.09262	0.02571	0.01055	0.00334	0.00478	0.02323	0.00771	0.00676
38	0.01208	0.00805	0.00906	0.00906	0.00906	0.00805	0.00503	0.01208	0.01208	0.01611	0.02618	0.05436	0.03020	0.70804	0.04228	0.00805	0.00805	0.01208	0.00503	0.00503
39	0.01036	0.00844	0.00917	0.00899	0.01155	0.00724	0.00674	0.01297	0.02022	0.02549	0.24310	0.07494	0.49201	0.01990	0.00981	0.00275	0.00413	0.01683	0.00811	0.00724
40	0.01861	0.02212	0.09868	0.17021	0.14799	0.02033	0.31306	0.02495	0.01833	0.02523	0.01571	0.02136	0.01210	0.00781	0.00994	0.00276	0.04727	0.00842	0.00399	0.01112
41	0.03103	0.03959	0.02354	0.02140	0.02568	0.67469	0.01605	0.03317	0.02354	0.02033	0.01284	0.01498	0.01070	0.00856	0.00749	0.00214	0.01498	0.00535	0.00428	0.00963
42	0.01476	0.15817	0.02108	0.01450	0.01700	0.01684	0.01208	0.01754	0.01402	0.01942	0.01870	0.02692	0.01751	0.04523	0.46018	0.00981	0.09600	0.00778	0.00417	0.00829
43	0.02916	0.02625	0.15893	0.01952	0.02733	0.02268	0.01847	0.42690	0.03258	0.12449	0.02052	0.02050	0.01419	0.00957	0.00823	0.00253	0.00954	0.00731	0.00755	0.01374
44	0.01464	0.01065	0.01253	0.01207	0.01493	0.01036	0.00971	0.05777	0.02016	0.07226	0.06092	0.10287	0.36388	0.01973	0.01109	0.00306	0.04890	0.13849	0.00767	0.00828
45	0.02037	0.02138	0.09394	0.01751	0.02274	0.07280	0.03884	0.17613	0.02314	0.03066	0.03138	0.05985	0.14884	0.01272	0.01113	0.00262	0.10610	0.00971	0.00607	0.09408
46	0.02736	0.22844	0.08290	0.01958	0.02532	0.44006	0.01676	0.03027	0.02117	0.02061	0.01265	0.01473	0.01067	0.00810	0.00692	0.00208	0.01305	0.00516	0.00401	0.01014
47	0.02732	0.16004	0.03132	0.02152	0.02724	0.29664	0.10270	0.15543	0.02454	0.02780	0.01458	0.01691	0.01169	0.00861	0.00841	0.00230	0.04068	0.00634	0.00495	0.01097
48	0.01950	0.01785	0.01951	0.02223	0.15215	0.10852	0.01401	0.13979	0.02272	0.02871	0.03611	0.22065	0.13280	0.01560	0.00907	0.00274	0.00808	0.01338	0.00658	0.01001
49	0.06953	0.01943	0.02352	0.03001	0.28322	0.12654	0.01722	0.02593	0.01946	0.11588	0.02369	0.16383	0.02233	0.01195	0.00843	0.00262	0.00905	0.01042	0.00584	0.01109
50	0.10127	0.07554	0.07143	0.08000	0.07746	0.28083	0.01695	0.10140	0.02219	0.02770	0.01499	0.01766	0.01187	0.00846	0.00725	0.00231	0.01128	0.00602	0.05489	0.01050

[dist]
# distance from previous block
# <min> <max>
10	143

[block]
# block no. 3 follows, 22 sequences, length 90
# corresponding to MSA columns:
# 448-537
name=unknown_D
#
# <colnr> <probs for GDERKNQSTAVLIFYWHMCP>
#	G	D	E	R	K	N	Q	S	T	A	V	L	I	F	Y	W	H	M	C	P
0	0.11686	0.07109	0.10034	0.10349	0.15447	0.14515	0.01840	0.06624	0.01981	0.02791	0.01562	0.01900	0.01236	0.00823	0.00721	0.00237	0.01009	0.00633	0.08434	0.01070
1	0.02616	0.10711	0.02670	0.02463	0.15059	0.21796	0.01673	0.13913	0.02349	0.07529	0.01717	0.01992	0.01376	0.01493	0.08698	0.00359	0.01242	0.00670	0.00537	0.01137
2	0.18732	0.01510	0.02259	0.05249	0.09072	0.01587	0.13561	0.04367	0.01674	0.02689	0.02222	0.02973	0.05877	0.10230	0.14004	0.00535	0.01173	0.00875	0.00492	0.00918
3	0.05364	0.17187	0.05488	0.04566	0.02318	0.24511	0.01445	0.05801	0.02119	0.04859	0.09075	0.02555	0.05373	0.01288	0.04405	0.00287	0.01100	0.00742	0.00529	0.00988
4	0.14836	0.02750	0.06039	0.01740	0.02206	0.31138	0.01420	0.09092	0.02256	0.02879	0.10848	0.02356	0.02144	0.01338	0.05241	0.00310	0.01162	0.00715	0.00553	0.00976
5	0.06031	0.28264	0.06790	0.02154	0.07374	0.28051	0.05566	0.02833	0.01972	0.02210	0.01289	0.01535	0.01091	0.00776	0.00682	0.00212	0.01174	0.00546	0.00399	0.01049
6	0.02137	0.06833	0.03256	0.23807	0.15991	0.09899	0.14281	0.08952	0.02089	0.02654	0.01545	0.02021	0.01204	0.00800	0.00829	0.00255	0.01154	0.00744	0.00443	0.01105
7	0.14291	0.17308	0.02317	0.04153	0.02038	0.06420	0.01301	0.04589	0.01623	0.02424	0.01538	0.02062	0.01368	0.02488	0.20942	0.00567	0.09324	0.00644	0.00440	0.04162
8	0.01876	0.01949	0.02282	0.05307	0.06360	0.14304	0.04069	0.02158	0.01583	0.02062	0.01549	0.02254	0.01413	0.02706	0.22026	0.00620	0.25421	0.00752	0.00406	0.00903
9	0.02850	0.15246	0.02600	0.01912	0.02386	0.48385	0.01503	0.06345	0.02283	0.02267	0.01397	0.01604	0.01159	0.00846	0.00705	0.00208	0.01287	0.00547	0.05476	0.00993
10	0.02183	0.02652	0.17977	0.02160	0.06857	0.10502	0.01926	0.14961	0.12372	0.03191	0.02433	0.03469	0.02100	0.01180	0.00872	0.00279	0.01003	0.12099	0.00621	0.01161
11	0.04626	0.03499	0.50432	0.02060	0.03064	0.01707	0.02528	0.02498	0.01865	0.05212	0.12290	0.02530	0.02229	0.00951	0.00812	0.00262	0.01044	0.00766	0.00478	0.01147
12	0.01174	0.00956	0.01263	0.01308	0.01385	0.01044	0.00956	0.01350	0.01617	0.02193	0.08437	0.45415	0.11915	0.02262	0.01365	0.00331	0.13678	0.01918	0.00703	0.00730
13	0.01424	0.01031	0.01258	0.01302	0.01468	0.01040	0.00926	0.13001	0.02035	0.02719	0.04083	0.57156	0.04711	0.02294	0.01016	0.00320	0.00565	0.02052	0.00783	0.00816
14	0.01012	0.00723	0.00964	0.01157	0.01205	0.00675	0.00771	0.01157	0.01591	0.02121	0.04579	0.70262	0.05495	0.02603	0.01060	0.00337	0.00482	0.02362	0.00771	0.00675
15	0.02009	0.01991	0.01720	0.01573	0.01988	0.14908	0.01206	0.03403	0.36406	0.02883	0.04194	0.03978	0.17639	0.01312	0.00859	0.00268	0.00769	0.01058	0.00743	0.01093
16	0.01012	0.00723	0.00964	0.01157	0.01205	0.00675	0.00771	0.01157	0.01591	0.02121	0.04579	0.70262	0.05495	0.02603	0.01060	0.00337	0.00482	0.02362	0.00771	0.00675
17	0.01961	0.02241	0.04902	0.03501	0.04342	0.02101	0.62605	0.02661	0.01961	0.02661	0.01681	0.02241	0.01261	0.00700	0.00980	0.00280	0.01401	0.00980	0.00420	0.01120
18	0.00982	0.00842	0.00842	0.00842	0.01122	0.00701	0.00631	0.01192	0.01894	0.02244	0.08416	0.07995	0.65285	0.02104	0.00982	0.00281	0.00421	0.01753	0.00771	0.00701
19	0.00982	0.00842	0.00842	0.00842	0.01122	0.00701	0.00631	0.01192	0.01894	0.02244	0.08416	0.07995	0.65285	0.02104	0.00982	0.00281	0.00421	0.01753	0.00771	0.00701
20	0.01223	0.00935	0.01373	0.01353	0.01483	0.01105	0.01045	0.01493	0.01323	0.01911	0.02189	0.03330	0.02086	0.10307	0.59709	0.01246	0.05805	0.00903	0.00444	0.00735
21	0.02056	0.02444	0.15432	0.04359	0.49451	0.02006	0.02584	0.06642	0.02001	0.02869	0.01578	0.01994	0.01272	0.00767	0.00817	0.00250	0.01028	0.00716	0.00428	0.01306
22	0.01012	0.00723	0.00964	0.01157	0.01205	0.00675	0.00771	0.01157	0.01591	0.02121	0.04579	0.70262	0.05495	0.02603	0.01060	0.00337	0.00482	0.02362	0.00771	0.00675
23	0.01443	0.00722	0.01082	0.01082	0.01082	0.00722	0.00722	0.01082	0.01082	0.01443	0.01443	0.02525	0.01443	0.02886	0.03247	0.75830	0.00722	0.00722	0.00361	0.00361
24	0.20189	0.01411	0.01379	0.01259	0.01506	0.05923	0.01003	0.02142	0.01586	0.02895	0.01878	0.02310	0.01543	0.01298	0.04677	0.00307	0.14506	0.00675	0.32670	0.00843
25	0.01952	0.38801	0.34499	0.01881	0.02842	0.02628	0.02221	0.02557	0.01720	0.02283	0.01318	0.01537	0.01059	0.00749	0.00657	0.00219	0.01053	0.00527	0.00353	0.01145
26	0.03103	0.03959	0.02354	0.02140	0.02568	0.67469	0.01605	0.03317	0.02354	0.02033	0.01284	0.01498	0.01070	0.00856	0.00749	0.00214	0.01498	0.00535	0.00428	0.00963
27	0.02726	0.02004	0.02185	0.01759	0.02300	0.02193	0.01416	0.50423	0.03439	0.04608	0.02515	0.15748	0.02235	0.01321	0.00877	0.00267	0.00827	0.01073	0.00819	0.01264
28	0.01012	0.00723	0.00964	0.01157	0.01205	0.00675	0.00771	0.01157	0.01591	0.02121	0.04579	0.70262	0.05495	0.02603	0.01060	0.00337	0.00482	0.02362	0.00771	0.00675
29	0.01443	0.00722	0.01082	0.01082	0.01082	0.00722	0.00722	0.01082	0.01082	0.01443	0.01443	0.02525	0.01443	0.02886	0.03247	0.75830	0.00722	0.00722	0.00361	0.00361
30	0.01961	0.02241	0.04902	0.03501	0.04342	0.02101	0.62605	0.02661	0.01961	0.02661	0.01681	0.02241	0.01261	0.00700	0.00980	0.00280	0.01401	0.00980	0.00420	0.01120
31	0.00988	0.00819	0.00865	0.00902	0.01138	0.00696	0.00658	0.01185	0.01835	0.02220	0.07679	0.19949	0.53806	0.02200	0.00997	0.00291	0.00433	0.01870	0.00771	0.00696
32	0.02973	0.08350	0.02557	0.02292	0.06802	0.58729	0.01657	0.03210	0.02278	0.02074	0.01294	0.01525	0.01086	0.00838	0.00740	0.00214	0.01423	0.00543	0.00422	0.00994
33	0.02199	0.02310	0.03017	0.11096	0.42245	0.15194	0.02284	0.02622	0.01918	0.02465	0.01465	0.01944	0.01229	0.00821	0.00937	0.00251	0.05720	0.00698	0.00407	0.01175
34	0.02225	0.36732	0.23431	0.01863	0.02679	0.15792	0.01975	0.02700	0.01843	0.02182	0.01286	0.01498	0.01063	0.00765	0.00657	0.00212	0.01118	0.00516	0.00369	0.01096
35	0.01012	0.00723	0.00964	0.01157	0.01205	0.00675	0.00771	0.01157	0.01591	0.02121	0.04579	0.70262	0.05495	0.02603	0.01060	0.00337	0.00482	0.02362	0.00771	0.00675
36	0.01012	0.00723	0.00964	0.01157	0.01205	0.00675	0.00771	0.01157	0.01591	0.02121	0.04579	0.70262	0.05495	0.02603	0.01060	0.00337	0.00482	0.02362	0.00771	0.00675
37	0.02056	0.01974	0.03372	0.05099	0.65622	0.01974	0.02550	0.02550	0.01892	0.02714	0.01563	0.02056	0.01316	0.00740	0.00822	0.00247	0.00987	0.00740	0.00411	0.01316
38	0.02695	0.02870	0.02337	0.15443	0.03128	0.33863	0.01688	0.18393	0.02592	0.02892	0.01888	0.02118	0.04597	0.00954	0.00799	0.00239	0.01211	0.00696	0.00539	0.01058
39	0.01208	0.00805	0.00906	0.00906	0.00906	0.00805	0.00503	0.01208	0.01208	0.01611	0.02618	0.05436	0.03020	0.70804	0.04228	0.00805	0.00805	0.01208	0.00503	0.00503
40	0.01208	0.00805	0.00906	0.00906	0.00906	0.00805	0.00503	0.01208	0.01208	0.01611	0.02618	0.05436	0.03020	0.70804	0.04228	0.00805	0.00805	0.01208	0.00503	0.00503
41	0.01706	0.01371	0.01428	0.01253	0.01661	0.01400	0.00983	0.16937	0.13203	0.03195	0.05960	0.05667	0.38651	0.01662	0.00921	0.00273	0.00583	0.01364	0.00799	0.00983
42	0.02574	0.03130	0.02047	0.01890	0.02252	0.49571	0.01425	0.02804	0.02118	0.02026	0.01956	0.02293	0.05615	0.02023	0.14215	0.00444	0.01572	0.00689	0.00455	0.00901
43	0.01012	0.00723	0.00964	0.01157	0.01205	0.00675	0.00771	0.01157	0.01591	0.02121	0.04579	0.70262	0.05495	0.02603	0.01060	0.00337	0.00482	0.02362	0.00771	0.00675
44	0.00982	0.00842	0.00842	0.00842	0.01122	0.00701	0.00631	0.01192	0.01894	0.02244	0.08416	0.07995	0.65285	0.02104	0.00982	0.00281	0.00421	0.01753	0.00771	0.00701
45	0.01868	0.01750	0.02693	0.03608	0.39147	0.01776	0.04399	0.02694	0.14432	0.02784	0.03125	0.03306	0.12675	0.01054	0.00861	0.00261	0.00839	0.00966	0.00562	0.01201
46	0.02576	0.03032	0.02606	0.02746	0.15176	0.38285	0.01848	0.02838	0.01995	0.02162	0.01293	0.01689	0.01125	0.00980	0.01251	0.00257	0.18089	0.00624	0.00409	0.01021
