[name]
unknown

[dist]
# distance from previous block
# <min> <max>
0	28

[block]
# block no. 0 follows, 21 sequences, length 10
# corresponding to MSA columns:
# 28-37
name=unknown_A
#
# <colnr> <probs for GDERKNQSTAVLIFYWHMCP>
#	G	D	E	R	K	N	Q	S	T	A	V	L	I	F	Y	W	H	M	C	P
0	0.13017	0.01128	0.01202	0.01161	0.01481	0.01128	0.00927	0.04951	0.04707	0.03030	0.17974	0.06436	0.26519	0.01784	0.00945	0.00295	0.00557	0.11127	0.00785	0.00845
1	0.25666	0.01776	0.02269	0.26472	0.12504	0.02042	0.01814	0.12451	0.02044	0.03325	0.01511	0.01925	0.01151	0.00847	0.00747	0.00268	0.00932	0.00664	0.00512	0.01081
2	0.01309	0.00812	0.01003	0.01015	0.01027	0.00812	0.00627	0.01236	0.01248	0.01660	0.02479	0.05037	0.02782	0.48386	0.03875	0.20252	0.00800	0.04654	0.00494	0.00494
3	0.02171	0.02180	0.02555	0.16403	0.20881	0.14117	0.01915	0.05661	0.06676	0.02688	0.01792	0.04561	0.01501	0.00894	0.00808	0.00239	0.01028	0.00756	0.00497	0.12676
4	0.02216	0.01998	0.03111	0.04351	0.49594	0.02031	0.02299	0.12545	0.02287	0.03182	0.02192	0.02543	0.06004	0.00906	0.00856	0.00256	0.00956	0.00836	0.00521	0.01318
5	0.01199	0.00921	0.01325	0.13901	0.02151	0.00963	0.01136	0.01444	0.01652	0.02177	0.03914	0.44944	0.04499	0.07379	0.01297	0.00375	0.00674	0.08622	0.00690	0.00737
6	0.25474	0.02219	0.21643	0.01504	0.02132	0.01498	0.01558	0.02097	0.01677	0.02891	0.03217	0.15602	0.12607	0.01383	0.00804	0.00285	0.00779	0.01112	0.00568	0.00950
7	0.01744	0.02031	0.09700	0.11610	0.17100	0.07871	0.05044	0.02226	0.01983	0.02565	0.08648	0.04260	0.13090	0.01282	0.00918	0.00279	0.00952	0.07117	0.00558	0.01020
8	0.17090	0.01666	0.02556	0.23732	0.19689	0.01826	0.07714	0.02387	0.01751	0.02841	0.01636	0.02152	0.01284	0.00818	0.00767	0.00262	0.00948	0.00725	0.09109	0.01048
9	0.07729	0.02122	0.02323	0.15169	0.14740	0.15194	0.01778	0.05691	0.09112	0.02682	0.01848	0.02296	0.01505	0.01814	0.11950	0.00445	0.01287	0.00742	0.00504	0.01069

[dist]
# distance from previous block
# <min> <max>
2	10

[block]
# block no. 1 follows, 21 sequences, length 18
# corresponding to MSA columns:
# 48-65
name=unknown_B
#
# <colnr> <probs for GDERKNQSTAVLIFYWHMCP>
#	G	D	E	R	K	N	Q	S	T	A	V	L	I	F	Y	W	H	M	C	P
0	0.01640	0.01661	0.06271	0.12122	0.11734	0.05396	0.01462	0.02142	0.07672	0.02252	0.02842	0.04057	0.08312	0.26455	0.02138	0.00474	0.00920	0.01035	0.00526	0.00889
1	0.01228	0.00845	0.01087	0.01110	0.01183	0.00895	0.00752	0.01380	0.01363	0.01922	0.02770	0.11921	0.02975	0.34900	0.26505	0.00930	0.01292	0.01227	0.05073	0.00642
2	0.01566	0.01114	0.01230	0.01134	0.01304	0.01140	0.00772	0.12014	0.01860	0.02442	0.03475	0.05509	0.11303	0.45103	0.03099	0.00628	0.00789	0.04170	0.00626	0.00722
3	0.02901	0.03067	0.02468	0.02113	0.02540	0.33476	0.01664	0.19960	0.05319	0.03080	0.01580	0.01813	0.01266	0.01046	0.01176	0.00261	0.13916	0.00666	0.00563	0.01124
4	0.10472	0.01657	0.01702	0.01531	0.01941	0.01890	0.01164	0.06527	0.42294	0.03340	0.02995	0.03339	0.02438	0.13316	0.01440	0.00379	0.00712	0.00944	0.00764	0.01156
5	0.05013	0.01046	0.01248	0.01104	0.01468	0.00931	0.00861	0.02137	0.02194	0.18610	0.24862	0.05975	0.27892	0.01685	0.00947	0.00274	0.00505	0.01419	0.00892	0.00938
6	0.03196	0.03542	0.02455	0.02120	0.02633	0.47009	0.01636	0.21379	0.02900	0.03090	0.01539	0.01691	0.01204	0.00921	0.00793	0.00230	0.01351	0.00615	0.00565	0.01128
7	0.02513	0.03158	0.06836	0.02659	0.07514	0.35431	0.15792	0.02926	0.02126	0.02309	0.01554	0.01977	0.01277	0.01456	0.08369	0.00372	0.01541	0.00717	0.00433	0.01041
8	0.02507	0.02345	0.02544	0.02697	0.19075	0.13435	0.01730	0.17930	0.06968	0.03371	0.01779	0.01989	0.01400	0.00846	0.00785	0.00221	0.00974	0.00680	0.00585	0.18138
9	0.03113	0.02922	0.02446	0.02020	0.02597	0.25175	0.01602	0.36028	0.08878	0.04041	0.01917	0.01968	0.01429	0.00983	0.00823	0.00246	0.01123	0.00707	0.00707	0.01276
10	0.01806	0.01556	0.01491	0.01389	0.01677	0.11733	0.01042	0.05837	0.06775	0.06098	0.29869	0.16176	0.07829	0.01661	0.00953	0.00275	0.00672	0.01422	0.00819	0.00920
11	0.02471	0.15592	0.02934	0.02804	0.20685	0.28182	0.01765	0.02760	0.02009	0.02224	0.01531	0.02133	0.01398	0.08725	0.01155	0.00291	0.01182	0.00671	0.00428	0.01059
12	0.01209	0.00813	0.00937	0.00965	0.00972	0.00806	0.00555	0.01230	0.01293	0.01724	0.02966	0.14644	0.03453	0.60526	0.03871	0.00757	0.00778	0.01405	0.00555	0.00541
13	0.06565	0.01917	0.09077	0.01481	0.02186	0.01515	0.01329	0.13776	0.02263	0.06286	0.05474	0.02747	0.08225	0.00969	0.00755	0.00206	0.00735	0.00768	0.00633	0.33090
14	0.02632	0.03173	0.02236	0.06054	0.02594	0.46392	0.01593	0.02886	0.02103	0.02066	0.01496	0.01940	0.01294	0.01948	0.13292	0.00449	0.05839	0.00641	0.00434	0.00938
15	0.02212	0.01972	0.02654	0.06831	0.35848	0.09534	0.01978	0.02614	0.02041	0.09734	0.03006	0.03213	0.12567	0.01058	0.00864	0.00258	0.00945	0.00928	0.00559	0.01184
16	0.02755	0.02715	0.02042	0.01768	0.02201	0.30618	0.01357	0.20245	0.02677	0.03224	0.01904	0.02286	0.01549	0.05975	0.01019	0.00270	0.01093	0.00709	0.14542	0.01052
17	0.34468	0.14309	0.11165	0.01846	0.02548	0.02164	0.12762	0.02532	0.01682	0.03061	0.01539	0.02120	0.01291	0.00865	0.00698	0.00262	0.00937	0.04248	0.00473	0.01031

[dist]
# distance from previous block
# <min> <max>
0	19

[block]
# block no. 2 follows, 21 sequences, length 7
# corresponding to MSA columns:
# 85-91
name=unknown_C
#
# <colnr> <probs for GDERKNQSTAVLIFYWHMCP>
#	G	D	E	R	K	N	Q	S	T	A	V	L	I	F	Y	W	H	M	C	P
0	0.02614	0.12492	0.02914	0.13510	0.16313	0.27998	0.01911	0.02968	0.02098	0.07271	0.01552	0.01861	0.01236	0.00840	0.00773	0.00235	0.01204	0.00638	0.00463	0.01109
1	0.02189	0.02793	0.16480	0.02821	0.18087	0.12151	0.02104	0.03470	0.24978	0.02945	0.02239	0.02349	0.01718	0.00937	0.00832	0.00265	0.01021	0.00773	0.00577	0.01271
2	0.18140	0.02520	0.02240	0.13072	0.11091	0.25025	0.01653	0.02736	0.01942	0.02651	0.01384	0.01729	0.01120	0.00806	0.00722	0.00231	0.01094	0.00586	0.00454	0.10807
3	0.09278	0.03276	0.21648	0.06963	0.18308	0.21173	0.02310	0.02833	0.01975	0.02609	0.01449	0.01785	0.01138	0.00817	0.00781	0.00251	0.01215	0.00629	0.00415	0.01148
4	0.01906	0.02812	0.24358	0.03339	0.28412	0.06951	0.02420	0.02538	0.02005	0.02799	0.11870	0.02654	0.02334	0.00946	0.00851	0.00258	0.01037	0.00825	0.00486	0.01199
5	0.15967	0.01431	0.01672	0.07200	0.10010	0.01554	0.01237	0.11999	0.02068	0.03444	0.02040	0.02411	0.01597	0.01007	0.00802	0.03662	0.00691	0.00716	0.29504	0.00990
6	0.22196	0.16956	0.11125	0.12924	0.07972	0.07612	0.05206	0.02579	0.01746	0.02725	0.01358	0.01701	0.01083	0.00790	0.00693	0.00247	0.01014	0.00592	0.00424	0.01058

[dist]
# distance from previous block
# <min> <max>
2	4

[block]
# block no. 3 follows, 21 sequences, length 56
# corresponding to MSA columns:
# 96-151
name=unknown_D
#
# <colnr> <probs for GDERKNQSTAVLIFYWHMCP>
#	G	D	E	R	K	N	Q	S	T	A	V	L	I	F	Y	W	H	M	C	P
0	0.01238	0.00825	0.00928	0.00928	0.00928	0.00825	0.00516	0.01238	0.01238	0.01650	0.02681	0.05569	0.03094	0.70092	0.04331	0.00825	0.00825	0.01238	0.00516	0.00516
1	0.02481	0.02963	0.17596	0.02852	0.16307	0.11302	0.05385	0.20604	0.02588	0.03437	0.01678	0.01926	0.01271	0.00857	0.00824	0.00248	0.01122	0.00700	0.00544	0.05316
2	0.23235	0.01739	0.02443	0.07457	0.35052	0.01820	0.01867	0.02381	0.01782	0.02981	0.02342	0.02659	0.08998	0.00946	0.00772	0.00262	0.00846	0.00801	0.00494	0.01122
3	0.01879	0.03826	0.47718	0.03068	0.17931	0.05461	0.02939	0.02713	0.01863	0.02682	0.01533	0.01855	0.01142	0.00800	0.00814	0.00263	0.01215	0.00655	0.00378	0.01264
4	0.01741	0.01563	0.02479	0.03558	0.39186	0.01543	0.01883	0.02116	0.01832	0.02514	0.03036	0.04313	0.10421	0.11856	0.01442	0.00362	0.00879	0.07677	0.00527	0.01071
5	0.01646	0.01161	0.01292	0.01149	0.01327	0.01188	0.00765	0.12947	0.01848	0.02499	0.05320	0.04738	0.02912	0.50227	0.03326	0.00655	0.00817	0.01124	0.00599	0.04463
6	0.02032	0.06187	0.09808	0.01633	0.02215	0.20038	0.01420	0.02416	0.02042	0.02556	0.10837	0.06875	0.05171	0.01080	0.00785	0.00214	0.00932	0.00853	0.00552	0.22355
7	0.03061	0.12747	0.02679	0.02096	0.02573	0.58407	0.01620	0.03287	0.02322	0.02072	0.01298	0.01513	0.01096	0.00858	0.00738	0.00214	0.01453	0.00536	0.00429	0.01000
8	0.01184	0.00838	0.00938	0.00930	0.01015	0.00800	0.00577	0.01276	0.01523	0.01992	0.11050	0.06223	0.16851	0.47623	0.03234	0.00645	0.00692	0.01392	0.00623	0.00592
9	0.01944	0.03452	0.37369	0.03419	0.23978	0.05695	0.06766	0.02710	0.01893	0.02690	0.01552	0.01918	0.01183	0.00790	0.00830	0.00262	0.01203	0.00692	0.00389	0.01265
10	0.02915	0.03654	0.02645	0.02303	0.02771	0.55121	0.08845	0.03191	0.02318	0.02166	0.01557	0.05507	0.01378	0.00960	0.00814	0.00235	0.01463	0.00710	0.00458	0.00989
11	0.01134	0.00832	0.01064	0.01081	0.01247	0.00761	0.00782	0.01442	0.02132	0.02931	0.40953	0.24851	0.13523	0.02054	0.01028	0.00292	0.00431	0.01822	0.00878	0.00761
12	0.03120	0.03943	0.02469	0.02360	0.06070	0.63099	0.01698	0.03355	0.02385	0.02121	0.01331	0.01566	0.01110	0.00870	0.00771	0.00221	0.01506	0.00560	0.00438	0.01007
13	0.01078	0.00830	0.00986	0.01022	0.01213	0.00738	0.00738	0.01334	0.02000	0.02618	0.25276	0.25260	0.29505	0.02170	0.01028	0.00298	0.00440	0.01893	0.00837	0.00738
14	0.02293	0.02528	0.03628	0.03913	0.30120	0.15997	0.19360	0.02778	0.02020	0.02569	0.01544	0.02022	0.01263	0.00818	0.00996	0.00263	0.05494	0.00783	0.00425	0.01186
15	0.02992	0.03571	0.02510	0.02497	0.09755	0.50928	0.01735	0.07263	0.06290	0.02474	0.01532	0.01737	0.01243	0.00890	0.00788	0.00230	0.01381	0.00613	0.00491	0.01081
16	0.01037	0.00741	0.00987	0.01185	0.01234	0.00691	0.00790	0.01185	0.01629	0.02172	0.04690	0.69537	0.05629	0.02666	0.01086	0.00346	0.00494	0.02419	0.00790	0.00691
17	0.03057	0.03800	0.02356	0.02139	0.02583	0.59250	0.01610	0.03527	0.09409	0.02253	0.01563	0.01723	0.01269	0.00909	0.00779	0.00227	0.01436	0.00596	0.00488	0.01028
18	0.03179	0.04056	0.02412	0.02192	0.02631	0.66676	0.01644	0.03398	0.02412	0.02083	0.01315	0.01535	0.01096	0.00877	0.00767	0.00219	0.01535	0.00548	0.00438	0.00987
19	0.01607	0.01513	0.02552	0.68047	0.05861	0.01891	0.02363	0.02174	0.01702	0.02174	0.01513	0.02269	0.01134	0.00851	0.00851	0.00284	0.01134	0.00756	0.00378	0.00945
20	0.01737	0.04193	0.59652	0.02541	0.03759	0.01994	0.08965	0.02698	0.01818	0.02698	0.01547	0.01846	0.01099	0.00799	0.00828	0.00271	0.01275	0.00666	0.00366	0.01247
21	0.01176	0.00827	0.01059	0.01129	0.01226	0.00792	0.00789	0.01386	0.01789	0.02435	0.21308	0.27688	0.05571	0.20041	0.01924	0.00454	0.00587	0.08371	0.00760	0.00688
22	0.01035	0.00747	0.00981	0.01169	0.01230	0.00693	0.00783	0.01187	0.01645	0.02179	0.04888	0.66456	0.08582	0.02640	0.01082	0.00343	0.00491	0.02388	0.00790	0.00693
23	0.01216	0.00912	0.01368	0.01368	0.01520	0.01064	0.01064	0.01520	0.01368	0.01976	0.02279	0.03343	0.02127	0.06382	0.66720	0.01368	0.02279	0.00912	0.00456	0.00760
24	0.01218	0.00902	0.01317	0.01317	0.01452	0.01036	0.01001	0.01487	0.01353	0.01938	0.02326	0.03599	0.02239	0.13711	0.59543	0.01305	0.02112	0.00949	0.00463	0.00732
25	0.01020	0.00806	0.00920	0.01012	0.01189	0.00706	0.00713	0.01204	0.01795	0.02240	0.06790	0.36762	0.37048	0.02393	0.01043	0.00314	0.00460	0.02086	0.00790	0.00706
26	0.76103	0.01646	0.01251	0.01119	0.01646	0.01909	0.00922	0.02502	0.01448	0.03818	0.01185	0.01382	0.00922	0.00790	0.00527	0.00263	0.00658	0.00461	0.00527	0.00922
27	0.01216	0.00912	0.01368	0.01368	0.01520	0.01064	0.01064	0.01520	0.01368	0.01976	0.02279	0.03343	0.02127	0.06382	0.66720	0.01368	0.02279	0.00912	0.00456	0.00760
28	0.09762	0.00887	0.00843	0.00829	0.01063	0.00916	0.00631	0.02040	0.01748	0.03244	0.02602	0.02976	0.02043	0.00969	0.00587	0.00205	0.00425	0.00757	0.66666	0.00807
29	0.03235	0.02384	0.02554	0.01958	0.02639	0.02639	0.01618	0.61946	0.04001	0.05363	0.02043	0.02043	0.01447	0.01022	0.00851	0.00255	0.00936	0.00766	0.00851	0.01447
30	0.02106	0.02022	0.03454	0.05223	0.64784	0.02022	0.02612	0.02612	0.01938	0.02780	0.01601	0.02106	0.01348	0.00758	0.00842	0.00253	0.01011	0.00758	0.00421	0.01348
31	0.03016	0.03785	0.02436	0.02198	0.02582	0.58769	0.01671	0.03232	0.02275	0.02078	0.01291	0.01575	0.01099	0.00953	0.01017	0.00238	0.09803	0.00572	0.00430	0.00980
32	0.02081	0.02172	0.07370	0.05047	0.60939	0.02019	0.02645	0.02617	0.01929	0.02775	0.01596	0.02087	0.01331	0.00761	0.00840	0.00254	0.01027	0.00750	0.00417	0.01342
33	0.01030	0.00767	0.00961	0.01116	0.01216	0.00697	0.00759	0.01193	0.01696	0.02200	0.05536	0.56347	0.18273	0.02556	0.01069	0.00333	0.00480	0.02285	0.00790	0.00697
34	0.01050	0.00746	0.00984	0.01168	0.01214	0.00700	0.00772	0.01188	0.01603	0.02138	0.04557	0.65293	0.05460	0.07139	0.01302	0.00377	0.00516	0.02341	0.00772	0.00680
35	0.02676	0.17779	0.03152	0.02906	0.20422	0.34457	0.01882	0.02989	0.02129	0.02266	0.01369	0.01663	0.01168	0.00811	0.00741	0.00221	0.01250	0.00589	0.00418	0.01113
36	0.01028	0.00774	0.00953	0.01095	0.01211	0.00699	0.00750	0.01195	0.01716	0.02208	0.05783	0.52487	0.21973	0.02524	0.01064	0.00329	0.00476	0.02246	0.00790	0.00699
37	0.02620	0.16689	0.02846	0.01946	0.02414	0.19683	0.01609	0.15671	0.09390	0.02935	0.01652	0.01863	0.01348	0.01032	0.01155	0.00258	0.14542	0.00663	0.00548	0.01138
38	0.01516	0.01192	0.01584	0.01861	0.10485	0.01177	0.01242	0.08530	0.02117	0.02797	0.07885	0.24481	0.15474	0.01994	0.01024	0.00317	0.00663	0.14007	0.00752	0.00902
39	0.01147	0.00772	0.01013	0.01110	0.01200	0.00718	0.00760	0.01222	0.01651	0.02184	0.11417	0.39197	0.13331	0.02550	0.01547	0.16431	0.00527	0.01869	0.00717	0.00639
40	0.02769	0.34232	0.03340	0.01859	0.02428	0.37969	0.01559	0.03013	0.02102	0.02046	0.01255	0.01458	0.01094	0.00809	0.00667	0.00202	0.01251	0.00506	0.00405	0.01034
41	0.02528	0.01879	0.01990	0.01649	0.02167	0.02095	0.01322	0.30567	0.23609	0.04317	0.02670	0.02651	0.01983	0.01061	0.00805	0.00255	0.00740	0.00838	0.15593	0.01283
42	0.01441	0.01236	0.01286	0.01206	0.01517	0.03860	0.00916	0.02261	0.17198	0.02997	0.26906	0.06024	0.26471	0.01708	0.00961	0.00278	0.00526	0.01447	0.00846	0.00914
43	0.01371	0.00980	0.01371	0.01567	0.01763	0.00980	0.01371	0.01763	0.01959	0.02547	0.04506	0.09599	0.04898	0.02351	0.01175	0.00392	0.00784	0.59056	0.00784	0.00784
44	0.02311	0.02479	0.07243	0.04286	0.44295	0.10380	0.05648	0.07863	0.02172	0.02906	0.01604	0.02018	0.01304	0.00797	0.00840	0.00252	0.01110	0.00737	0.00457	0.01294
45	0.01858	0.07248	0.48592	0.02121	0.03163	0.01838	0.02589	0.02676	0.01927	0.08241	0.09669	0.02451	0.02054	0.00944	0.00823	0.00264	0.01083	0.00755	0.00494	0.01208
46	0.01058	0.00757	0.01006	0.01171	0.01239	0.00705	0.00792	0.01237	0.01726	0.02325	0.12051	0.61740	0.05925	0.02552	0.01076	0.00336	0.00482	0.02311	0.00808	0.00705
47	0.01932	0.17337	0.19937	0.06176	0.10123	0.02472	0.05482	0.02436	0.01659	0.02338	0.01350	0.01812	0.01138	0.00984	0.01355	0.00281	0.21031	0.00668	0.00376	0.01113
48	0.06622	0.01659	0.01793	0.09203	0.04614	0.04326	0.01304	0.16969	0.10281	0.03308	0.04494	0.04424	0.24770	0.01408	0.00886	0.00274	0.00748	0.01142	0.00723	0.01052
49	0.01931	0.01904	0.02616	0.03687	0.38824	0.09618	0.01968	0.02298	0.01907	0.02519	0.02455	0.21442	0.02549	0.01322	0.00903	0.00275	0.00927	0.01210	0.00529	0.01114
50	0.01152	0.00868	0.01065	0.01015	0.01239	0.00781	0.00762	0.01504	0.02285	0.03118	0.49578	0.06842	0.22970	0.01850	0.01004	0.00273	0.00409	0.01607	0.00898	0.00781
51	0.01381	0.01180	0.01586	0.02013	0.14983	0.01150	0.01200	0.01887	0.08883	0.02503	0.05140	0.27821	0.23134	0.01919	0.00983	0.00300	0.00606	0.01696	0.00720	0.00917
52	0.02958	0.20774	0.02962	0.01960	0.02518	0.38592	0.01591	0.14047	0.02532	0.02671	0.01417	0.01586	0.01160	0.00866	0.00726	0.00216	0.01264	0.00565	0.00496	0.01099
53	0.03235	0.02384	0.02554	0.01958	0.02639	0.02639	0.01618	0.61946	0.04001	0.05363	0.02043	0.02043	0.01447	0.01022	0.00851	0.00255	0.00936	0.00766	0.00851	0.01447
54	0.01075	0.00865	0.00959	0.00935	0.01192	0.00748	0.00701	0.01356	0.02104	0.02690	0.28161	0.07547	0.44655	0.02010	0.01005	0.00280	0.00421	0.01706	0.00842	0.00748
55	0.02881	0.26019	0.03087	0.01949	0.02483	0.45782	0.01582	0.03118	0.02186	0.02056	0.01272	0.01479	0.01095	0.00828	0.00694	0.00207	0.01329	0.00517	0.00414	0.01021

[dist]
# distance from previous block
# <min> <max>
0	1

[block]
# block no. 4 follows, 21 sequences, length 22
# corresponding to MSA columns:
# 153-174
name=unknown_E
#
# <colnr> <probs for GDERKNQSTAVLIFYWHMCP>
#	G	D	E	R	K	N	Q	S	T	A	V	L	I	F	Y	W	H	M	C	P
0	0.01784	0.01118	0.01151	0.01035	0.01346	0.01137	0.00805	0.13496	0.02249	0.03413	0.03879	0.04022	0.15308	0.01245	0.00732	0.00228	0.00509	0.01002	0.44637	0.00905
1	0.01076	0.00923	0.00930	0.00917	0.01217	0.00807	0.00691	0.01431	0.05834	0.02379	0.08293	0.07871	0.60510	0.02092	0.00997	0.00287	0.00446	0.01743	0.00795	0.00758
2	0.03019	0.02277	0.02433	0.01914	0.02557	0.02538	0.01565	0.50872	0.15426	0.05016	0.02317	0.02261	0.01669	0.01047	0.00854	0.00262	0.00886	0.00804	0.00854	0.01428
3	0.02609	0.02319	0.02185	0.01867	0.02402	0.11644	0.01472	0.21723	0.36503	0.03891	0.02722	0.02595	0.02032	0.01074	0.00847	0.00269	0.00878	0.00843	0.00799	0.01325
4	0.02275	0.70604	0.04459	0.01456	0.02184	0.03367	0.01456	0.02548	0.01729	0.02002	0.01183	0.01365	0.01092	0.00728	0.00546	0.00182	0.00910	0.00455	0.00364	0.01092
5	0.01212	0.00814	0.00936	0.00961	0.00967	0.00808	0.00551	0.01231	0.01288	0.01717	0.02939	0.13776	0.03419	0.61442	0.03915	0.00764	0.00783	0.01389	0.00551	0.00538
6	0.02811	0.02810	0.02819	0.02279	0.02816	0.23067	0.10114	0.24052	0.07020	0.03439	0.01758	0.01974	0.01355	0.00994	0.01066	0.00264	0.08822	0.00741	0.00606	0.01192
7	0.02039	0.02209	0.04527	0.04103	0.23469	0.02111	0.43067	0.02690	0.01986	0.02743	0.01684	0.02236	0.01309	0.00730	0.00953	0.00276	0.01301	0.00927	0.00428	0.01211
8	0.03179	0.04056	0.02412	0.02192	0.02631	0.66676	0.01644	0.03398	0.02412	0.02083	0.01315	0.01535	0.01096	0.00877	0.00767	0.00219	0.01535	0.00548	0.00438	0.00987
9	0.02080	0.02176	0.07471	0.05043	0.60839	0.02019	0.02646	0.02617	0.01929	0.02775	0.01596	0.02086	0.01331	0.00761	0.00840	0.00254	0.01027	0.00750	0.00417	0.01342
10	0.02106	0.02022	0.03454	0.05223	0.64784	0.02022	0.02612	0.02612	0.01938	0.02780	0.01601	0.02106	0.01348	0.00758	0.00842	0.00253	0.01011	0.00758	0.00421	0.01348
11	0.03179	0.04056	0.02412	0.02192	0.02631	0.66676	0.01644	0.03398	0.02412	0.02083	0.01315	0.01535	0.01096	0.00877	0.00767	0.00219	0.01535	0.00548	0.00438	0.00987
12	0.01006	0.00862	0.00862	0.00862	0.01149	0.00718	0.00647	0.01221	0.01940	0.02299	0.08621	0.08190	0.64438	0.02155	0.01006	0.00287	0.00431	0.01796	0.00790	0.00718
13	0.01037	0.00741	0.00987	0.01185	0.01234	0.00691	0.00790	0.01185	0.01629	0.02172	0.04690	0.69537	0.05629	0.02666	0.01086	0.00346	0.00494	0.02419	0.00790	0.00691
14	0.03179	0.04056	0.02412	0.02192	0.02631	0.66676	0.01644	0.03398	0.02412	0.02083	0.01315	0.01535	0.01096	0.00877	0.00767	0.00219	0.01535	0.00548	0.00438	0.00987
15	0.02746	0.02125	0.02445	0.02114	0.08827	0.02194	0.01564	0.40686	0.03222	0.04441	0.01863	0.01979	0.01390	0.00895	0.00794	0.00222	0.00866	0.00699	0.00719	0.20208
16	0.02083	0.02163	0.07143	0.05058	0.61162	0.02019	0.02643	0.02617	0.01929	0.02775	0.01596	0.02088	0.01332	0.00761	0.00840	0.00254	0.01026	0.00751	0.00418	0.01343
17	0.02122	0.01310	0.01366	0.01172	0.01527	0.01393	0.00927	0.21479	0.02505	0.03885	0.02538	0.02805	0.01943	0.01001	0.00678	0.00217	0.00572	0.00784	0.50768	0.01006
18	0.01216	0.00912	0.01368	0.01368	0.01520	0.01064	0.01064	0.01520	0.01368	0.01976	0.02279	0.03343	0.02127	0.06382	0.66720	0.01368	0.02279	0.00912	0.00456	0.00760
19	0.09116	0.11214	0.06201	0.02462	0.03070	0.23158	0.20713	0.02830	0.01972	0.02458	0.01406	0.01787	0.01143	0.00860	0.01002	0.00258	0.08177	0.00697	0.00425	0.01051
20	0.01898	0.05429	0.18984	0.13284	0.06598	0.02002	0.13750	0.06835	0.09624	0.02955	0.08240	0.02621	0.02066	0.00944	0.00874	0.00272	0.01063	0.00865	0.00535	0.01160
21	0.26933	0.02650	0.23572	0.01880	0.02645	0.04810	0.09457	0.02561	0.01733	0.03121	0.01612	0.01912	0.01217	0.00821	0.00705	0.00257	0.00963	0.00641	0.11463	0.01049

[dist]
# distance from previous block
# <min> <max>
1	6

[block]
# block no. 5 follows, 21 sequences, length 37
# corresponding to MSA columns:
# 181-217
name=unknown_F
#
# <colnr> <probs for GDERKNQSTAVLIFYWHMCP>
#	G	D	E	R	K	N	Q	S	T	A	V	L	I	F	Y	W	H	M	C	P
0	0.01989	0.02712	0.22779	0.03848	0.37224	0.01962	0.02590	0.06322	0.02057	0.02961	0.05989	0.02302	0.01736	0.00859	0.00844	0.00259	0.01041	0.00773	0.00465	0.01288
1	0.02360	0.02503	0.03208	0.04507	0.50095	0.17302	0.02383	0.02798	0.02050	0.02615	0.01533	0.01971	0.01288	0.00786	0.00825	0.00245	0.01135	0.00709	0.00425	0.01263
2	0.01765	0.01513	0.01765	0.01260	0.02017	0.01134	0.01008	0.02143	0.01765	0.02773	0.01513	0.01765	0.01260	0.00630	0.00630	0.00126	0.00630	0.00504	0.00504	0.75295
3	0.01238	0.00825	0.00928	0.00928	0.00928	0.00825	0.00516	0.01238	0.01238	0.01650	0.02681	0.05569	0.03094	0.70092	0.04331	0.00825	0.00825	0.01238	0.00516	0.00516
4	0.01238	0.00825	0.00928	0.00928	0.00928	0.00825	0.00516	0.01238	0.01238	0.01650	0.02681	0.05569	0.03094	0.70092	0.04331	0.00825	0.00825	0.01238	0.00516	0.00516
5	0.02275	0.70604	0.04459	0.01456	0.02184	0.03367	0.01456	0.02548	0.01729	0.02002	0.01183	0.01365	0.01092	0.00728	0.00546	0.00182	0.00910	0.00455	0.00364	0.01092
6	0.01006	0.00862	0.00862	0.00862	0.01149	0.00718	0.00647	0.01221	0.01940	0.02299	0.08621	0.08190	0.64438	0.02155	0.01006	0.00287	0.00431	0.01796	0.00790	0.00718
7	0.01862	0.01862	0.02607	0.02234	0.02234	0.02607	0.01862	0.02048	0.01303	0.02048	0.01117	0.01862	0.01117	0.01489	0.02793	0.00372	0.68535	0.00745	0.00372	0.00931
8	0.02275	0.70604	0.04459	0.01456	0.02184	0.03367	0.01456	0.02548	0.01729	0.02002	0.01183	0.01365	0.01092	0.00728	0.00546	0.00182	0.00910	0.00455	0.00364	0.01092
9	0.01037	0.00741	0.00987	0.01185	0.01234	0.00691	0.00790	0.01185	0.01629	0.02172	0.04690	0.69537	0.05629	0.02666	0.01086	0.00346	0.00494	0.02419	0.00790	0.00691
10	0.01216	0.00894	0.01153	0.01155	0.01366	0.00831	0.00910	0.01590	0.02245	0.03070	0.43460	0.07330	0.14836	0.01933	0.01043	0.00298	0.00491	0.14510	0.00883	0.00787
11	0.02106	0.02022	0.03454	0.05223	0.64784	0.02022	0.02612	0.02612	0.01938	0.02780	0.01601	0.02106	0.01348	0.00758	0.00842	0.00253	0.01011	0.00758	0.00421	0.01348
12	0.01160	0.00868	0.01076	0.01024	0.01244	0.00784	0.00768	0.01519	0.02303	0.03162	0.51804	0.06769	0.20717	0.01833	0.01004	0.00272	0.00408	0.01597	0.00904	0.00784
13	0.01216	0.00912	0.01368	0.01368	0.01520	0.01064	0.01064	0.01520	0.01368	0.01976	0.02279	0.03343	0.02127	0.06382	0.66720	0.01368	0.02279	0.00912	0.00456	0.00760
14	0.01255	0.01090	0.01895	0.01725	0.01957	0.01020	0.14488	0.01532	0.01715	0.02297	0.04023	0.54413	0.04653	0.02228	0.01068	0.00332	0.00705	0.02101	0.00709	0.00794
15	0.03179	0.04056	0.02412	0.02192	0.02631	0.66676	0.01644	0.03398	0.02412	0.02083	0.01315	0.01535	0.01096	0.00877	0.00767	0.00219	0.01535	0.00548	0.00438	0.00987
16	0.01033	0.00863	0.00900	0.00891	0.01166	0.00730	0.00668	0.01274	0.02004	0.02451	0.16228	0.07940	0.56737	0.02099	0.01006	0.00285	0.00427	0.01761	0.00810	0.00730
17	0.01586	0.00793	0.00793	0.00793	0.00991	0.00793	0.00595	0.01983	0.01785	0.03173	0.02776	0.03173	0.02181	0.00991	0.00595	0.00198	0.00397	0.00793	0.74817	0.00793
18	0.01216	0.00912	0.01368	0.01368	0.01520	0.01064	0.01064	0.01520	0.01368	0.01976	0.02279	0.03343	0.02127	0.06382	0.66720	0.01368	0.02279	0.00912	0.00456	0.00760
19	0.01006	0.00862	0.00862	0.00862	0.01149	0.00718	0.00647	0.01221	0.01940	0.02299	0.08621	0.08190	0.64438	0.02155	0.01006	0.00287	0.00431	0.01796	0.00790	0.00718
20	0.03179	0.04056	0.02412	0.02192	0.02631	0.66676	0.01644	0.03398	0.02412	0.02083	0.01315	0.01535	0.01096	0.00877	0.00767	0.00219	0.01535	0.00548	0.00438	0.00987
21	0.03235	0.02384	0.02554	0.01958	0.02639	0.02639	0.01618	0.61946	0.04001	0.05363	0.02043	0.02043	0.01447	0.01022	0.00851	0.00255	0.00936	0.00766	0.00851	0.01447
22	0.01571	0.00985	0.01451	0.01388	0.01609	0.01089	0.01089	0.01878	0.01514	0.10631	0.02427	0.03282	0.02125	0.05655	0.57727	0.01217	0.02067	0.00904	0.00537	0.00854
23	0.01234	0.00840	0.01006	0.01006	0.01033	0.00867	0.00613	0.01288	0.01261	0.01708	0.02610	0.05174	0.02922	0.58782	0.15407	0.00921	0.01083	0.01180	0.00505	0.00559
24	0.01222	0.00818	0.00933	0.00948	0.00952	0.00814	0.00537	0.01233	0.01268	0.01691	0.02840	0.10619	0.03294	0.64770	0.04075	0.00787	0.00799	0.01331	0.00537	0.00530
25	0.01037	0.00741	0.00987	0.01185	0.01234	0.00691	0.00790	0.01185	0.01629	0.02172	0.04690	0.69537	0.05629	0.02666	0.01086	0.00346	0.00494	0.02419	0.00790	0.00691
26	0.02106	0.02022	0.03454	0.05223	0.64784	0.02022	0.02612	0.02612	0.01938	0.02780	0.01601	0.02106	0.01348	0.00758	0.00842	0.00253	0.01011	0.00758	0.00421	0.01348
27	0.02011	0.02137	0.13185	0.01912	0.05747	0.01835	0.01633	0.03616	0.36366	0.07511	0.03715	0.03537	0.10669	0.01201	0.00873	0.00281	0.00766	0.00998	0.00754	0.01252
28	0.02106	0.02022	0.03454	0.05223	0.64784	0.02022	0.02612	0.02612	0.01938	0.02780	0.01601	0.02106	0.01348	0.00758	0.00842	0.00253	0.01011	0.00758	0.00421	0.01348
29	0.01615	0.01503	0.02386	0.37641	0.07119	0.01903	0.02019	0.02044	0.01561	0.02138	0.01572	0.02371	0.01328	0.02029	0.13659	0.00506	0.16503	0.00783	0.00394	0.00927
30	0.01686	0.09163	0.52287	0.02208	0.03277	0.01965	0.02734	0.02527	0.01734	0.02545	0.01600	0.01969	0.01219	0.01544	0.09564	0.00409	0.01366	0.00653	0.00373	0.01178
31	0.07059	0.02872	0.10546	0.03238	0.26177	0.21224	0.02111	0.03110	0.10401	0.02735	0.01735	0.01998	0.01383	0.00856	0.00799	0.00250	0.01129	0.00689	0.00486	0.01202
32	0.02233	0.05211	0.02354	0.05844	0.10689	0.13406	0.01618	0.15694	0.02253	0.02879	0.01826	0.02356	0.01546	0.02694	0.22238	0.00612	0.04200	0.00758	0.00525	0.01065
33	0.15728	0.01782	0.01795	0.02094	0.12800	0.12966	0.01318	0.02120	0.01746	0.02530	0.02585	0.25219	0.02802	0.06318	0.01187	0.00326	0.03940	0.01268	0.00575	0.00901
34	0.02334	0.21734	0.03494	0.02775	0.16658	0.14005	0.09955	0.03089	0.12857	0.02567	0.01779	0.02011	0.01445	0.00836	0.00772	0.00238	0.01074	0.00705	0.00488	0.01184
35	0.15492	0.02409	0.13614	0.02120	0.10126	0.06022	0.01724	0.18620	0.02418	0.03527	0.02862	0.02947	0.12434	0.01101	0.00806	0.00262	0.00902	0.00854	0.00613	0.01148
36	0.18031	0.02219	0.06459	0.02201	0.13193	0.13308	0.01548	0.07989	0.02199	0.05694	0.12844	0.02924	0.05842	0.01073	0.00797	0.00255	0.00891	0.00845	0.00617	0.01070

[dist]
# distance from previous block
# <min> <max>
10	17

[block]
# block no. 6 follows, 21 sequences, length 6
# corresponding to MSA columns:
# 235-240
name=unknown_G
#
# <colnr> <probs for GDERKNQSTAVLIFYWHMCP>
#	G	D	E	R	K	N	Q	S	T	A	V	L	I	F	Y	W	H	M	C	P
0	0.22133	0.02284	0.07658	0.03473	0.30887	0.06781	0.09620	0.02661	0.01839	0.02996	0.01477	0.01869	0.01187	0.00774	0.00770	0.00259	0.01027	0.00684	0.00448	0.01174
1	0.02356	0.18224	0.02698	0.06366	0.06258	0.26790	0.01514	0.02639	0.01945	0.02158	0.01503	0.02012	0.01343	0.05812	0.05932	0.00333	0.01235	0.00622	0.00431	0.09830
2	0.13084	0.10891	0.02221	0.11330	0.11907	0.06599	0.01452	0.02193	0.01943	0.02779	0.16315	0.03551	0.10206	0.01167	0.00805	0.00254	0.00795	0.00954	0.00584	0.00967
3	0.01635	0.12054	0.02235	0.01581	0.01868	0.04116	0.08228	0.01950	0.03723	0.02148	0.02416	0.12106	0.02489	0.19889	0.09864	0.00548	0.06157	0.01106	0.05057	0.00829
4	0.13080	0.06150	0.06226	0.06059	0.10979	0.02071	0.03938	0.03504	0.28348	0.07376	0.02431	0.02467	0.01829	0.00959	0.00794	0.00270	0.00826	0.00792	0.00662	0.01239
5	0.02156	0.07092	0.20134	0.06156	0.03140	0.20614	0.10471	0.02653	0.01943	0.02355	0.01642	0.05546	0.01402	0.01032	0.00966	0.04712	0.01224	0.00753	0.00427	0.05583

[dist]
# distance from previous block
# <min> <max>
1	21

[block]
# block no. 7 follows, 21 sequences, length 6
# corresponding to MSA columns:
# 262-267
name=unknown_H
#
# <colnr> <probs for GDERKNQSTAVLIFYWHMCP>
#	G	D	E	R	K	N	Q	S	T	A	V	L	I	F	Y	W	H	M	C	P
0	0.01992	0.01781	0.01813	0.01809	0.07151	0.10054	0.01267	0.10761	0.14016	0.03193	0.13265	0.12292	0.08512	0.01417	0.00892	0.00266	0.00751	0.01194	0.03631	0.03944
1	0.01193	0.00841	0.01073	0.01137	0.01299	0.00787	0.00853	0.01499	0.02010	0.02784	0.26952	0.25666	0.11738	0.02086	0.01020	0.00306	0.00489	0.10455	0.07055	0.00758
2	0.06732	0.02773	0.02534	0.06242	0.16042	0.28089	0.01816	0.10702	0.05608	0.02838	0.01625	0.01938	0.01316	0.01148	0.03781	0.00298	0.04206	0.00675	0.00511	0.01126
3	0.02139	0.02551	0.15551	0.01865	0.05569	0.17355	0.01631	0.02573	0.02140	0.10741	0.10234	0.03961	0.17609	0.01287	0.00876	0.00260	0.00947	0.01032	0.00641	0.01039
4	0.02103	0.03303	0.38709	0.03144	0.21774	0.01895	0.02737	0.02860	0.01923	0.10933	0.01789	0.02033	0.01294	0.00826	0.00825	0.00264	0.01114	0.00697	0.00469	0.01310
5	0.02104	0.05911	0.02815	0.03667	0.39149	0.10529	0.01972	0.02483	0.01887	0.02533	0.01780	0.02523	0.01596	0.09647	0.01239	0.00313	0.00998	0.00777	0.06948	0.01130

[dist]
# distance from previous block
# <min> <max>
12	28

[block]
# block no. 8 follows, 21 sequences, length 21
# corresponding to MSA columns:
# 296-316
name=unknown_I
#
# <colnr> <probs for GDERKNQSTAVLIFYWHMCP>
#	G	D	E	R	K	N	Q	S	T	A	V	L	I	F	Y	W	H	M	C	P
0	0.06801	0.06313	0.02045	0.05122	0.02270	0.29249	0.01351	0.06923	0.02295	0.02702	0.14407	0.03134	0.07069	0.01482	0.04983	0.00313	0.01126	0.00872	0.00592	0.00951
1	0.02141	0.10024	0.12832	0.06497	0.14207	0.18048	0.01951	0.02736	0.06520	0.02468	0.02489	0.03003	0.07807	0.01067	0.00826	0.00256	0.01081	0.04455	0.00499	0.01093
2	0.02521	0.07031	0.02137	0.01802	0.02210	0.38828	0.01388	0.07071	0.02359	0.02446	0.05998	0.06668	0.10886	0.01267	0.00842	0.00246	0.01148	0.03622	0.00575	0.00954
3	0.01762	0.17170	0.09804	0.01630	0.04410	0.01870	0.01408	0.06572	0.10896	0.02638	0.03455	0.13583	0.12089	0.04660	0.04075	0.00341	0.00844	0.01151	0.00617	0.01023
4	0.01226	0.00970	0.01166	0.01146	0.01301	0.00956	0.00806	0.01377	0.01586	0.02112	0.04519	0.25251	0.18739	0.19602	0.02024	0.00437	0.07095	0.01627	0.00654	0.07406
5	0.01458	0.01137	0.01544	0.06469	0.12113	0.01130	0.01044	0.01617	0.01436	0.01979	0.02311	0.04408	0.02495	0.47230	0.03163	0.00627	0.00861	0.01056	0.00489	0.07433
6	0.02057	0.03071	0.25323	0.08353	0.31525	0.09692	0.02668	0.02704	0.01927	0.02624	0.01534	0.01940	0.01207	0.00797	0.00822	0.00257	0.01170	0.00687	0.00398	0.01244
7	0.02534	0.25075	0.03387	0.02771	0.20404	0.15284	0.01845	0.11241	0.04896	0.02786	0.01550	0.01787	0.01282	0.00826	0.00732	0.00225	0.01056	0.00627	0.00486	0.01207
8	0.02468	0.36426	0.15103	0.01878	0.02609	0.23982	0.01830	0.02856	0.01967	0.02157	0.01290	0.01501	0.01091	0.00792	0.00668	0.00210	0.01180	0.00518	0.00388	0.01088
9	0.01806	0.01970	0.06690	0.03305	0.22850	0.01903	0.17291	0.02280	0.01826	0.02537	0.02739	0.05646	0.11110	0.01165	0.01254	0.00292	0.12718	0.01035	0.00483	0.01097
10	0.01618	0.01467	0.01248	0.01205	0.01301	0.13803	0.00772	0.01681	0.01477	0.01756	0.02387	0.04634	0.02640	0.52441	0.07573	0.00740	0.01057	0.01081	0.00497	0.00624
11	0.01036	0.00863	0.00903	0.00893	0.01168	0.00731	0.00670	0.01279	0.02010	0.02466	0.16981	0.07915	0.55974	0.02093	0.01005	0.00284	0.00427	0.01757	0.00812	0.00731
12	0.01216	0.00912	0.01368	0.01368	0.01520	0.01064	0.01064	0.01520	0.01368	0.01976	0.02279	0.03343	0.02127	0.06382	0.66720	0.01368	0.02279	0.00912	0.00456	0.00760
13	0.02134	0.01997	0.01893	0.01769	0.02191	0.11345	0.01395	0.03848	0.43022	0.03157	0.03342	0.04123	0.02803	0.01335	0.00909	0.00298	0.00820	0.11642	0.00788	0.01190
14	0.03012	0.16359	0.02790	0.02056	0.02548	0.54972	0.01610	0.03241	0.02285	0.02068	0.01291	0.01503	0.01095	0.00849	0.00726	0.00212	0.01419	0.00531	0.00425	0.01006
15	0.02267	0.02347	0.08021	0.01736	0.02264	0.13776	0.01484	0.18002	0.12589	0.03419	0.09682	0.03821	0.11718	0.01301	0.00888	0.00268	0.00897	0.03672	0.00727	0.01122
16	0.02451	0.02391	0.20733	0.01858	0.02609	0.01670	0.06043	0.10706	0.05978	0.18738	0.02425	0.02491	0.01706	0.00947	0.00801	0.00255	0.00891	0.00782	0.15288	0.01236
17	0.03010	0.08769	0.02663	0.02429	0.08553	0.55811	0.01723	0.03260	0.02316	0.02144	0.01333	0.01577	0.01120	0.00855	0.00758	0.00220	0.01438	0.00561	0.00431	0.01029
18	0.02581	0.02680	0.02707	0.18205	0.17422	0.24584	0.02025	0.14243	0.02446	0.02895	0.01566	0.01933	0.01230	0.00872	0.00820	0.00249	0.01207	0.00686	0.00500	0.01148
19	0.02636	0.07900	0.02533	0.02335	0.09858	0.29694	0.01646	0.06579	0.22526	0.02815	0.02088	0.02159	0.01641	0.00951	0.00797	0.00245	0.01111	0.00714	0.00593	0.01180
20	0.01381	0.01118	0.01536	0.01523	0.01659	0.01301	0.01206	0.01785	0.05357	0.02356	0.08608	0.17480	0.03686	0.03290	0.20339	0.00643	0.13643	0.11637	0.00633	0.00822

[dist]
# distance from previous block
# <min> <max>
0	1

[block]
# block no. 9 follows, 21 sequences, length 182
# corresponding to MSA columns:
# 318-499
name=unknown_J
#
# <colnr> <probs for GDERKNQSTAVLIFYWHMCP>
#	G	D	E	R	K	N	Q	S	T	A	V	L	I	F	Y	W	H	M	C	P
0	0.02386	0.02921	0.29729	0.02838	0.18025	0.01860	0.02417	0.06081	0.04999	0.17322	0.02084	0.02203	0.01471	0.00880	0.00833	0.00264	0.01031	0.00735	0.00583	0.01337
1	0.02173	0.01665	0.01858	0.01525	0.01975	0.01779	0.01227	0.27065	0.02689	0.03688	0.03517	0.07404	0.15148	0.01366	0.01058	0.00261	0.07921	0.01056	0.07647	0.08977
2	0.02885	0.03192	0.02658	0.02846	0.17265	0.37691	0.01854	0.13036	0.05445	0.02865	0.01606	0.01832	0.01285	0.00886	0.00804	0.00236	0.01271	0.00654	0.00524	0.01166
3	0.01664	0.03469	0.46111	0.02354	0.03347	0.01781	0.08412	0.02499	0.01852	0.02666	0.02181	0.03510	0.01914	0.01129	0.00906	0.00297	0.01174	0.13131	0.00457	0.01146
4	0.01232	0.00846	0.01036	0.01036	0.01074	0.00884	0.00650	0.01307	0.01270	0.01730	0.02583	0.05022	0.02856	0.54429	0.19670	0.00958	0.01183	0.01157	0.00501	0.00576
5	0.01176	0.00878	0.01144	0.01101	0.01305	0.00845	0.00834	0.01527	0.02113	0.02932	0.42367	0.06001	0.15606	0.02795	0.15026	0.00505	0.00807	0.01445	0.00811	0.00781
6	0.01586	0.00793	0.00793	0.00793	0.00991	0.00793	0.00595	0.01983	0.01785	0.03173	0.02776	0.03173	0.02181	0.00991	0.00595	0.00198	0.00397	0.00793	0.74817	0.00793
7	0.03192	0.03674	0.02444	0.02139	0.02633	0.52041	0.01638	0.16779	0.02775	0.02833	0.01482	0.01651	0.01176	0.00910	0.00787	0.00228	0.01398	0.00598	0.00533	0.01092
8	0.02021	0.04328	0.52183	0.02376	0.03459	0.15781	0.02824	0.02845	0.01928	0.02564	0.01482	0.01741	0.01082	0.00823	0.00800	0.00259	0.01317	0.00612	0.00376	0.01200
9	0.17499	0.01541	0.02175	0.01857	0.02122	0.01877	0.08358	0.02043	0.01438	0.02480	0.01600	0.02317	0.01441	0.02924	0.23974	0.00680	0.23566	0.00772	0.00441	0.00896
10	0.01183	0.00869	0.01108	0.01048	0.01258	0.00794	0.00786	0.01565	0.02359	0.03294	0.58415	0.06552	0.14023	0.01784	0.01004	0.00270	0.00405	0.01566	0.00921	0.00794
11	0.02106	0.02022	0.03454	0.05223	0.64784	0.02022	0.02612	0.02612	0.01938	0.02780	0.01601	0.02106	0.01348	0.00758	0.00842	0.00253	0.01011	0.00758	0.00421	0.01348
12	0.03179	0.04056	0.02412	0.02192	0.02631	0.66676	0.01644	0.03398	0.02412	0.02083	0.01315	0.01535	0.01096	0.00877	0.00767	0.00219	0.01535	0.00548	0.00438	0.00987
13	0.01084	0.00887	0.00971	0.01013	0.01280	0.00774	0.00801	0.01337	0.01944	0.02352	0.07743	0.08491	0.51734	0.02197	0.01042	0.00310	0.00506	0.14013	0.00789	0.00732
14	0.01238	0.00825	0.00928	0.00928	0.00928	0.00825	0.00516	0.01238	0.01238	0.01650	0.02681	0.05569	0.03094	0.70092	0.04331	0.00825	0.00825	0.01238	0.00516	0.00516
15	0.02557	0.09412	0.02528	0.02037	0.02367	0.38090	0.01610	0.02783	0.01966	0.02055	0.01369	0.01806	0.01221	0.01648	0.08904	0.00385	0.17260	0.00628	0.00418	0.00957
16	0.01061	0.00774	0.01003	0.01166	0.01257	0.00716	0.00808	0.01242	0.01719	0.02266	0.07929	0.56462	0.12073	0.02549	0.01079	0.00338	0.00499	0.05557	0.00797	0.00705
17	0.01037	0.00741	0.00987	0.01185	0.01234	0.00691	0.00790	0.01185	0.01629	0.02172	0.04690	0.69537	0.05629	0.02666	0.01086	0.00346	0.00494	0.02419	0.00790	0.00691
18	0.03235	0.02384	0.02554	0.01958	0.02639	0.02639	0.01618	0.61946	0.04001	0.05363	0.02043	0.02043	0.01447	0.01022	0.00851	0.00255	0.00936	0.00766	0.00851	0.01447
19	0.01006	0.00862	0.00862	0.00862	0.01149	0.00718	0.00647	0.01221	0.01940	0.02299	0.08621	0.08190	0.64438	0.02155	0.01006	0.00287	0.00431	0.01796	0.00790	0.00718
20	0.01233	0.00841	0.01010	0.01010	0.01039	0.00870	0.00618	0.01290	0.01262	0.01711	0.02606	0.05153	0.02913	0.58197	0.15980	0.00926	0.01097	0.01177	0.00504	0.00561
21	0.01238	0.00825	0.00928	0.00928	0.00928	0.00825	0.00516	0.01238	0.01238	0.01650	0.02681	0.05569	0.03094	0.70092	0.04331	0.00825	0.00825	0.01238	0.00516	0.00516
22	0.01037	0.00741	0.00987	0.01185	0.01234	0.00691	0.00790	0.01185	0.01629	0.02172	0.04690	0.69537	0.05629	0.02666	0.01086	0.00346	0.00494	0.02419	0.00790	0.00691
23	0.02009	0.02296	0.05022	0.03587	0.04448	0.02152	0.61693	0.02726	0.02009	0.02726	0.01722	0.02296	0.01291	0.00717	0.01004	0.00287	0.01435	0.01004	0.00430	0.01148
24	0.03179	0.04056	0.02412	0.02192	0.02631	0.66676	0.01644	0.03398	0.02412	0.02083	0.01315	0.01535	0.01096	0.00877	0.00767	0.00219	0.01535	0.00548	0.00438	0.00987
25	0.01071	0.00865	0.00952	0.00930	0.01189	0.00746	0.00698	0.01347	0.02094	0.02664	0.26895	0.07589	0.45937	0.02019	0.01005	0.00281	0.00421	0.01712	0.00838	0.00746
26	0.03010	0.16481	0.02794	0.02055	0.02547	0.54856	0.01609	0.03240	0.02284	0.02068	0.01291	0.01503	0.01095	0.00849	0.00726	0.00212	0.01418	0.00531	0.00425	0.01006
27	0.01059	0.00852	0.00951	0.01005	0.01235	0.00744	0.00756	0.01288	0.01905	0.02351	0.09966	0.19708	0.44693	0.02252	0.01038	0.00308	0.00478	0.07888	0.00796	0.00724
28	0.01044	0.00804	0.00954	0.01043	0.01205	0.00715	0.00734	0.01248	0.01843	0.02365	0.13094	0.37758	0.29432	0.02356	0.01045	0.00313	0.00458	0.02069	0.00807	0.00715
29	0.03179	0.04056	0.02412	0.02192	0.02631	0.66676	0.01644	0.03398	0.02412	0.02083	0.01315	0.01535	0.01096	0.00877	0.00767	0.00219	0.01535	0.00548	0.00438	0.00987
30	0.02787	0.32954	0.03301	0.01873	0.02437	0.39185	0.01563	0.03029	0.02115	0.02048	0.01258	0.01461	0.01094	0.00812	0.00671	0.00203	0.01263	0.00508	0.00406	0.01032
31	0.01862	0.01862	0.02607	0.02234	0.02234	0.02607	0.01862	0.02048	0.01303	0.02048	0.01117	0.01862	0.01117	0.01489	0.02793	0.00372	0.68535	0.00745	0.00372	0.00931
32	0.01216	0.00912	0.01368	0.01368	0.01520	0.01064	0.01064	0.01520	0.01368	0.01976	0.02279	0.03343	0.02127	0.06382	0.66720	0.01368	0.02279	0.00912	0.00456	0.00760
33	0.01037	0.00741	0.00987	0.01185	0.01234	0.00691	0.00790	0.01185	0.01629	0.02172	0.04690	0.69537	0.05629	0.02666	0.01086	0.00346	0.00494	0.02419	0.00790	0.00691
34	0.01586	0.00793	0.00793	0.00793	0.00991	0.00793	0.00595	0.01983	0.01785	0.03173	0.02776	0.03173	0.02181	0.00991	0.00595	0.00198	0.00397	0.00793	0.74817	0.00793
35	0.01607	0.01513	0.02552	0.68047	0.05861	0.01891	0.02363	0.02174	0.01702	0.02174	0.01513	0.02269	0.01134	0.00851	0.00851	0.00284	0.01134	0.00756	0.00378	0.00945
36	0.01025	0.00786	0.00940	0.01063	0.01202	0.00701	0.00736	0.01199	0.01746	0.02220	0.06172	0.46406	0.27802	0.02474	0.01056	0.00324	0.00470	0.02184	0.00790	0.00701
37	0.01238	0.00825	0.00928	0.00928	0.00928	0.00825	0.00516	0.01238	0.01238	0.01650	0.02681	0.05569	0.03094	0.70092	0.04331	0.00825	0.00825	0.01238	0.00516	0.00516
38	0.01216	0.00912	0.01368	0.01368	0.01520	0.01064	0.01064	0.01520	0.01368	0.01976	0.02279	0.03343	0.02127	0.06382	0.66720	0.01368	0.02279	0.00912	0.00456	0.00760
39	0.76103	0.01646	0.01251	0.01119	0.01646	0.01909	0.00922	0.02502	0.01448	0.03818	0.01185	0.01382	0.00922	0.00790	0.00527	0.00263	0.00658	0.00461	0.00527	0.00922
40	0.01216	0.00912	0.01368	0.01368	0.01520	0.01064	0.01064	0.01520	0.01368	0.01976	0.02279	0.03343	0.02127	0.06382	0.66720	0.01368	0.02279	0.00912	0.00456	0.00760
41	0.03179	0.04056	0.02412	0.02192	0.02631	0.66676	0.01644	0.03398	0.02412	0.02083	0.01315	0.01535	0.01096	0.00877	0.00767	0.00219	0.01535	0.00548	0.00438	0.00987
42	0.02106	0.02022	0.03454	0.05223	0.64784	0.02022	0.02612	0.02612	0.01938	0.02780	0.01601	0.02106	0.01348	0.00758	0.00842	0.00253	0.01011	0.00758	0.00421	0.01348
43	0.03235	0.02384	0.02554	0.01958	0.02639	0.02639	0.01618	0.61946	0.04001	0.05363	0.02043	0.02043	0.01447	0.01022	0.00851	0.00255	0.00936	0.00766	0.00851	0.01447
44	0.02106	0.02022	0.03454	0.05223	0.64784	0.02022	0.02612	0.02612	0.01938	0.02780	0.01601	0.02106	0.01348	0.00758	0.00842	0.00253	0.01011	0.00758	0.00421	0.01348
45	0.01238	0.00825	0.00928	0.00928	0.00928	0.00825	0.00516	0.01238	0.01238	0.01650	0.02681	0.05569	0.03094	0.70092	0.04331	0.00825	0.00825	0.01238	0.00516	0.00516
46	0.01582	0.01164	0.01496	0.01379	0.01628	0.01268	0.01066	0.12791	0.02104	0.02930	0.16554	0.07151	0.03570	0.07349	0.33040	0.00831	0.01439	0.01118	0.00659	0.00882
