[name]
unknown

[dist]
# distance from previous block
# <min> <max>
0	0

[block]
# block no. 0 follows, 22 sequences, length 52
# corresponding to MSA columns:
# 0-51
name=unknown_A
#
# <colnr> <probs for GDERKNQSTAVLIFYWHMCP>
#	G	D	E	R	K	N	Q	S	T	A	V	L	I	F	Y	W	H	M	C	P
0	0.01339	0.00956	0.01339	0.01530	0.01721	0.00956	0.01339	0.01721	0.01912	0.02486	0.04399	0.09371	0.04781	0.02295	0.01147	0.00382	0.00765	0.60031	0.00765	0.00765
1	0.01666	0.04297	0.66500	0.02368	0.03596	0.01929	0.03069	0.02631	0.01754	0.02631	0.01491	0.01754	0.01052	0.00789	0.00789	0.00263	0.01228	0.00614	0.00351	0.01228
2	0.02066	0.01785	0.01878	0.01691	0.02160	0.02066	0.01315	0.04414	0.64121	0.03475	0.03381	0.03099	0.02536	0.01127	0.00845	0.00282	0.00657	0.00939	0.00845	0.01315
3	0.00982	0.00842	0.00842	0.00842	0.01122	0.00701	0.00631	0.01192	0.01894	0.02244	0.08416	0.07995	0.65285	0.02104	0.00982	0.00281	0.00421	0.01753	0.00771	0.00701
4	0.01078	0.00751	0.00945	0.01073	0.01105	0.00718	0.00682	0.01174	0.01463	0.01950	0.03923	0.48600	0.04668	0.25393	0.02119	0.00494	0.00590	0.01976	0.00682	0.00617
5	0.01569	0.01477	0.02492	0.68808	0.05722	0.01846	0.02307	0.02123	0.01661	0.02123	0.01477	0.02215	0.01107	0.00831	0.00831	0.00277	0.01107	0.00738	0.00369	0.00923
6	0.01902	0.01817	0.03094	0.25204	0.46719	0.01933	0.02473	0.02415	0.01819	0.02527	0.01535	0.02106	0.01250	0.00769	0.00825	0.00256	0.01025	0.00740	0.00398	0.01192
7	0.01012	0.00723	0.00964	0.01157	0.01205	0.00675	0.00771	0.01157	0.01591	0.02121	0.04579	0.70262	0.05495	0.02603	0.01060	0.00337	0.00482	0.02362	0.00771	0.00675
8	0.01569	0.01477	0.02492	0.68808	0.05722	0.01846	0.02307	0.02123	0.01661	0.02123	0.01477	0.02215	0.01107	0.00831	0.00831	0.00277	0.01107	0.00738	0.00369	0.00923
9	0.01591	0.01499	0.02531	0.65952	0.08406	0.01851	0.02318	0.02142	0.01671	0.02149	0.01480	0.02208	0.01117	0.00827	0.00830	0.00276	0.01102	0.00738	0.00371	0.00940
10	0.03158	0.02327	0.02493	0.01911	0.02576	0.02576	0.01579	0.62852	0.03906	0.05236	0.01995	0.01995	0.01413	0.00997	0.00831	0.00249	0.00914	0.00748	0.00831	0.01413
11	0.02890	0.02574	0.02363	0.01941	0.02483	0.17008	0.01554	0.36438	0.13439	0.04047	0.02016	0.02058	0.01505	0.01013	0.00920	0.00253	0.04782	0.00731	0.00717	0.01268
12	0.05802	0.02070	0.02693	0.24736	0.23336	0.08713	0.02091	0.15165	0.02264	0.03030	0.01578	0.02004	0.01223	0.00837	0.00805	0.00254	0.01046	0.00706	0.00492	0.01152
13	0.02056	0.01974	0.03372	0.05099	0.65622	0.01974	0.02550	0.02550	0.01892	0.02714	0.01563	0.02056	0.01316	0.00740	0.00822	0.00247	0.00987	0.00740	0.00411	0.01316
14	0.02022	0.08945	0.11513	0.04397	0.51604	0.02095	0.02507	0.02554	0.01854	0.02630	0.01514	0.01948	0.01258	0.00744	0.00790	0.00242	0.01008	0.00696	0.00398	0.01281
15	0.01969	0.02494	0.17496	0.04488	0.51745	0.01964	0.02666	0.02568	0.01861	0.02695	0.01547	0.01988	0.01257	0.00751	0.00815	0.00250	0.01041	0.00712	0.00398	0.01296
16	0.02079	0.02182	0.06232	0.03348	0.31598	0.07861	0.02026	0.02923	0.14941	0.02742	0.01865	0.02157	0.01507	0.00889	0.00976	0.00252	0.07257	0.00733	0.00504	0.07929
17	0.01436	0.01260	0.01998	0.01747	0.02110	0.01222	0.13981	0.02040	0.08283	0.02673	0.12844	0.10730	0.14902	0.01746	0.01023	0.00313	0.00756	0.19331	0.00723	0.00881
18	0.01495	0.01671	0.15786	0.01359	0.01835	0.01071	0.01319	0.01991	0.02174	0.08722	0.39590	0.05087	0.11641	0.01476	0.00924	0.00263	0.00610	0.01269	0.00784	0.00931
19	0.01666	0.04297	0.66500	0.02368	0.03596	0.01929	0.03069	0.02631	0.01754	0.02631	0.01491	0.01754	0.01052	0.00789	0.00789	0.00263	0.01228	0.00614	0.00351	0.01228
20	0.01054	0.00844	0.00942	0.00918	0.01167	0.00732	0.00688	0.01333	0.02065	0.02651	0.29663	0.07325	0.43784	0.01952	0.00981	0.00273	0.00410	0.01659	0.00825	0.00732
21	0.02221	0.71304	0.04353	0.01421	0.02132	0.03287	0.01421	0.02488	0.01688	0.01955	0.01155	0.01333	0.01066	0.00711	0.00533	0.00178	0.00888	0.00444	0.00355	0.01066
22	0.06375	0.01450	0.01745	0.01442	0.01977	0.01424	0.01159	0.03704	0.19727	0.36874	0.06389	0.03456	0.08195	0.01172	0.00843	0.00266	0.00650	0.00960	0.00923	0.01268
23	0.01058	0.00834	0.00954	0.00947	0.01174	0.00730	0.00701	0.01330	0.02039	0.02642	0.29438	0.12926	0.38281	0.01996	0.00988	0.00278	0.00415	0.01714	0.00825	0.00730
24	0.02221	0.71304	0.04353	0.01421	0.02132	0.03287	0.01421	0.02488	0.01688	0.01955	0.01155	0.01333	0.01066	0.00711	0.00533	0.00178	0.00888	0.00444	0.00355	0.01066
25	0.01666	0.04297	0.66500	0.02368	0.03596	0.01929	0.03069	0.02631	0.01754	0.02631	0.01491	0.01754	0.01052	0.00789	0.00789	0.00263	0.01228	0.00614	0.00351	0.01228
26	0.17497	0.08590	0.08094	0.26718	0.19125	0.02027	0.02052	0.02374	0.01677	0.02632	0.01401	0.01870	0.01107	0.00781	0.00730	0.00255	0.00969	0.00639	0.00407	0.01055
27	0.02129	0.39975	0.12460	0.01584	0.02280	0.08450	0.01579	0.07564	0.01975	0.02379	0.02290	0.02386	0.09972	0.00952	0.00677	0.00214	0.00930	0.00684	0.00459	0.01059
28	0.01443	0.00722	0.01082	0.01082	0.01082	0.00722	0.00722	0.01082	0.01082	0.01443	0.01443	0.02525	0.01443	0.02886	0.03247	0.75830	0.00722	0.00722	0.00361	0.00361
29	0.03727	0.01414	0.01928	0.01478	0.02121	0.01221	0.01221	0.04049	0.02378	0.66198	0.03277	0.02828	0.02056	0.01028	0.00835	0.00257	0.00707	0.00835	0.01028	0.01414
30	0.01907	0.02082	0.04020	0.03007	0.03533	0.02267	0.39853	0.02413	0.01703	0.02413	0.01460	0.02082	0.01197	0.00982	0.01634	0.00311	0.26808	0.00886	0.00399	0.01041
31	0.03550	0.01699	0.02104	0.01613	0.02263	0.01644	0.01333	0.22394	0.02855	0.47179	0.02877	0.02568	0.01856	0.01019	0.00834	0.00255	0.00772	0.00808	0.00967	0.01413
32	0.02005	0.02278	0.11637	0.04741	0.57501	0.01968	0.02618	0.02560	0.01874	0.02703	0.01553	0.02017	0.01281	0.00747	0.00818	0.00249	0.01018	0.00724	0.00403	0.01304
33	0.02066	0.01785	0.01878	0.01691	0.02160	0.02066	0.01315	0.04414	0.64121	0.03475	0.03381	0.03099	0.02536	0.01127	0.00845	0.00282	0.00657	0.00939	0.00845	0.01315
34	0.01012	0.00723	0.00964	0.01157	0.01205	0.00675	0.00771	0.01157	0.01591	0.02121	0.04579	0.70262	0.05495	0.02603	0.01060	0.00337	0.00482	0.02362	0.00771	0.00675
35	0.02221	0.71304	0.04353	0.01421	0.02132	0.03287	0.01421	0.02488	0.01688	0.01955	0.01155	0.01333	0.01066	0.00711	0.00533	0.00178	0.00888	0.00444	0.00355	0.01066
36	0.01065	0.00745	0.00948	0.01089	0.01124	0.00710	0.00698	0.01171	0.01486	0.01982	0.04045	0.52621	0.04821	0.21163	0.01922	0.00465	0.00570	0.02048	0.00698	0.00628
37	0.01985	0.27378	0.38271	0.01958	0.02938	0.02374	0.02312	0.02744	0.04933	0.05670	0.01561	0.01730	0.01184	0.00791	0.00705	0.00234	0.01054	0.00583	0.00412	0.01185
38	0.25084	0.24083	0.13585	0.01585	0.02314	0.02471	0.01576	0.15193	0.02082	0.03302	0.01389	0.01549	0.01086	0.00803	0.00634	0.00232	0.00876	0.00539	0.00503	0.01116
39	0.02035	0.56509	0.03719	0.01444	0.02046	0.02797	0.01404	0.02326	0.01735	0.02066	0.01837	0.03023	0.01847	0.01044	0.00662	0.00221	0.00862	0.12976	0.00442	0.01003
40	0.02021	0.01631	0.01841	0.01432	0.02053	0.01511	0.01137	0.16283	0.09305	0.03318	0.02128	0.08911	0.01854	0.00964	0.00736	0.00192	0.00675	0.00792	0.00639	0.42575
41	0.01334	0.00941	0.01174	0.01134	0.01235	0.01013	0.00775	0.05537	0.01440	0.01977	0.02429	0.04395	0.02560	0.42094	0.27442	0.00964	0.01339	0.01059	0.00504	0.00654
42	0.15665	0.16307	0.06980	0.01776	0.02388	0.22906	0.01540	0.17741	0.02405	0.03149	0.01427	0.01581	0.01124	0.00843	0.00689	0.00227	0.01067	0.00561	0.00524	0.01102
43	0.01341	0.01699	0.15284	0.01701	0.02124	0.01299	0.05687	0.01806	0.01466	0.02126	0.02033	0.02876	0.01805	0.04707	0.48918	0.01037	0.01959	0.00838	0.00424	0.00870
44	0.02293	0.16629	0.02844	0.02369	0.16415	0.06675	0.01611	0.13645	0.08538	0.03042	0.01703	0.01889	0.01370	0.00801	0.00716	0.00208	0.00875	0.00632	0.00538	0.17206
45	0.02036	0.19111	0.05941	0.01539	0.02019	0.02020	0.01333	0.20950	0.02333	0.03071	0.02578	0.23201	0.02625	0.01774	0.05398	0.00334	0.00880	0.01178	0.00640	0.01039
46	0.07344	0.09228	0.02499	0.02620	0.21386	0.16562	0.01593	0.07853	0.01979	0.02549	0.01692	0.02515	0.01574	0.15523	0.01473	0.00351	0.01023	0.00743	0.00474	0.01021
47	0.01989	0.01886	0.02868	0.02953	0.19743	0.01982	0.14506	0.03385	0.31186	0.03038	0.02776	0.02874	0.04985	0.00980	0.00874	0.00272	0.00891	0.00934	0.00635	0.01244
48	0.01843	0.01829	0.05642	0.03789	0.41478	0.01813	0.02130	0.02426	0.06001	0.02558	0.01797	0.02355	0.01535	0.01963	0.14953	0.00485	0.05012	0.00779	0.00443	0.01169
49	0.01742	0.01414	0.02087	0.05985	0.15563	0.01538	0.03817	0.09746	0.04552	0.02725	0.02086	0.02727	0.01771	0.03199	0.29782	0.00720	0.01470	0.00827	0.07246	0.01001
50	0.02335	0.02492	0.03030	0.04150	0.45842	0.19373	0.02240	0.02843	0.04989	0.02570	0.01576	0.01958	0.01309	0.00789	0.00804	0.00240	0.01107	0.00695	0.00436	0.01222
51	0.02648	0.20993	0.03148	0.02554	0.16562	0.19518	0.01761	0.17834	0.02462	0.02967	0.01490	0.01703	0.01210	0.00827	0.00729	0.00221	0.01076	0.00610	0.00506	0.01182

[dist]
# distance from previous block
# <min> <max>
2	10

[block]
# block no. 1 follows, 22 sequences, length 20
# corresponding to MSA columns:
# 62-81
name=unknown_B
#
# <colnr> <probs for GDERKNQSTAVLIFYWHMCP>
#	G	D	E	R	K	N	Q	S	T	A	V	L	I	F	Y	W	H	M	C	P
0	0.02193	0.18932	0.03034	0.13275	0.14478	0.18000	0.04536	0.02669	0.05553	0.02273	0.01705	0.06581	0.01522	0.00926	0.00762	0.00237	0.01071	0.00754	0.00446	0.01054
1	0.02157	0.03346	0.27447	0.03337	0.26589	0.17681	0.02523	0.02765	0.01950	0.02519	0.01468	0.01806	0.01155	0.00787	0.00792	0.00245	0.01202	0.00642	0.00392	0.01197
2	0.02127	0.09459	0.01946	0.01592	0.01920	0.32515	0.01201	0.02320	0.01991	0.02061	0.03159	0.19096	0.11619	0.04169	0.00971	0.00273	0.01007	0.01169	0.00556	0.00848
3	0.01760	0.03739	0.51344	0.03024	0.18487	0.01940	0.02945	0.02611	0.01787	0.02651	0.01508	0.01826	0.01116	0.00777	0.00797	0.00259	0.01170	0.00644	0.00365	0.01249
4	0.01939	0.01854	0.03161	0.20394	0.51241	0.01943	0.02491	0.02447	0.01836	0.02572	0.01542	0.02094	0.01266	0.00762	0.00824	0.00254	0.01016	0.00740	0.00401	0.01222
5	0.01592	0.02154	0.17859	0.52857	0.05211	0.01866	0.02490	0.02245	0.01683	0.02245	0.01480	0.02104	0.01094	0.00821	0.00821	0.00274	0.01136	0.00708	0.00365	0.00996
6	0.01687	0.04154	0.62222	0.02447	0.03647	0.01941	0.07205	0.02633	0.01768	0.02633	0.01504	0.01788	0.01067	0.00783	0.00803	0.00264	0.01240	0.00639	0.00356	0.01220
7	0.02149	0.29577	0.02800	0.01431	0.02054	0.08380	0.01245	0.05689	0.06481	0.04813	0.02284	0.02353	0.07948	0.00904	0.00669	0.00193	0.00810	0.00667	0.00524	0.19030
8	0.06989	0.02138	0.02055	0.01673	0.02220	0.08758	0.01348	0.37745	0.07411	0.04144	0.03161	0.03096	0.13276	0.01184	0.00833	0.00254	0.00848	0.00909	0.00761	0.01198
9	0.02025	0.01712	0.02469	0.01953	0.02472	0.01729	0.15897	0.22531	0.04759	0.03391	0.03392	0.17255	0.11207	0.01409	0.00929	0.00276	0.00851	0.01281	0.00700	0.03764
10	0.01852	0.26776	0.45652	0.02050	0.03105	0.02385	0.02517	0.02583	0.01732	0.02404	0.01378	0.01613	0.01057	0.00763	0.00703	0.00234	0.01114	0.00557	0.00352	0.01174
11	0.02312	0.55485	0.09094	0.01609	0.02318	0.13065	0.01584	0.02627	0.01796	0.02022	0.01202	0.01392	0.01066	0.00740	0.00587	0.00190	0.01010	0.00472	0.00366	0.01063
12	0.01197	0.00818	0.01017	0.01063	0.01200	0.00763	0.00736	0.01382	0.01714	0.05126	0.13656	0.31335	0.16158	0.14267	0.05283	0.00448	0.00621	0.01772	0.00740	0.00703
13	0.01187	0.00890	0.01335	0.01335	0.01483	0.01038	0.01038	0.01483	0.01335	0.01928	0.02225	0.03264	0.02077	0.06231	0.67512	0.01335	0.02225	0.00890	0.00445	0.00742
14	0.23156	0.01347	0.01447	0.01449	0.04246	0.01458	0.01069	0.02601	0.16487	0.06675	0.11421	0.15796	0.03399	0.01425	0.00825	0.00285	0.00607	0.04596	0.00734	0.00978
15	0.01268	0.01486	0.13275	0.01403	0.01716	0.01089	0.01268	0.01622	0.01529	0.02158	0.07669	0.11444	0.03084	0.17905	0.25260	0.00773	0.01316	0.04423	0.00532	0.00779
16	0.02289	0.02563	0.02653	0.15926	0.17389	0.25832	0.02003	0.02626	0.01882	0.02198	0.01344	0.01834	0.01137	0.00953	0.01205	0.00266	0.15816	0.00663	0.00399	0.01023
17	0.05227	0.57665	0.10657	0.01548	0.02289	0.06672	0.01584	0.02547	0.01721	0.02102	0.01198	0.01387	0.01058	0.00730	0.00571	0.00192	0.00948	0.00467	0.00365	0.01071
18	0.01890	0.21280	0.28109	0.02172	0.05879	0.02448	0.02213	0.02530	0.04873	0.02347	0.01407	0.01742	0.01155	0.00943	0.01191	0.00265	0.17435	0.00619	0.00384	0.01117
19	0.01065	0.00761	0.00962	0.01102	0.01168	0.00717	0.00738	0.01199	0.01558	0.02051	0.04503	0.49514	0.09843	0.15699	0.01669	0.00425	0.00554	0.05103	0.00719	0.00649

[dist]
# distance from previous block
# <min> <max>
3	16

[block]
# block no. 2 follows, 22 sequences, length 36
# corresponding to MSA columns:
# 98-133
name=unknown_C
#
# <colnr> <probs for GDERKNQSTAVLIFYWHMCP>
#	G	D	E	R	K	N	Q	S	T	A	V	L	I	F	Y	W	H	M	C	P
0	0.02502	0.05593	0.02888	0.03132	0.24553	0.24680	0.05452	0.10728	0.02273	0.02720	0.01561	0.01923	0.01285	0.01208	0.05625	0.00314	0.01264	0.00683	0.00473	0.01143
1	0.03061	0.03454	0.02362	0.02062	0.02548	0.48514	0.01583	0.17555	0.06029	0.02873	0.01566	0.01702	0.01230	0.00904	0.00774	0.00226	0.01314	0.00607	0.00546	0.01089
2	0.01980	0.02640	0.16302	0.07133	0.19723	0.09743	0.16694	0.02559	0.01852	0.02479	0.01556	0.02048	0.01245	0.01159	0.05332	0.00334	0.04939	0.00756	0.00400	0.01127
3	0.02078	0.01601	0.02365	0.03097	0.32345	0.01575	0.01735	0.02725	0.10217	0.12811	0.03645	0.03676	0.16234	0.01149	0.00864	0.00261	0.00769	0.01014	0.00649	0.01191
4	0.01996	0.02100	0.02080	0.07635	0.14773	0.21611	0.01626	0.02349	0.02065	0.02425	0.08810	0.04537	0.07739	0.01359	0.00907	0.00276	0.00998	0.15195	0.00576	0.00943
5	0.32089	0.06327	0.32882	0.01985	0.06797	0.01972	0.02076	0.02542	0.01622	0.03047	0.01344	0.01589	0.01009	0.00775	0.00668	0.00255	0.00958	0.00547	0.00421	0.01093
6	0.01889	0.02063	0.07348	0.03802	0.43073	0.06758	0.02122	0.02337	0.01918	0.02559	0.02938	0.03206	0.14366	0.01032	0.00847	0.00252	0.00928	0.00923	0.00482	0.01157
7	0.01580	0.01513	0.01519	0.01475	0.01672	0.14617	0.01123	0.01843	0.01536	0.01931	0.02056	0.03030	0.01926	0.08910	0.50149	0.01075	0.01993	0.00836	0.00445	0.00773
8	0.01245	0.01036	0.01737	0.01589	0.01803	0.01062	0.10508	0.01536	0.01520	0.02099	0.03013	0.27566	0.03233	0.06797	0.30286	0.00785	0.01402	0.01453	0.00562	0.00766
9	0.01810	0.01158	0.01527	0.14989	0.02365	0.01159	0.01171	0.02277	0.06504	0.16356	0.10431	0.08703	0.22453	0.04132	0.01036	0.00296	0.00657	0.01277	0.00754	0.00946
10	0.07325	0.03217	0.15444	0.16277	0.03386	0.30662	0.02006	0.07570	0.02145	0.02539	0.01415	0.01732	0.01090	0.00843	0.00766	0.00243	0.01257	0.00606	0.00437	0.01040
11	0.02755	0.02033	0.02256	0.01793	0.02353	0.02262	0.01468	0.50296	0.03380	0.04559	0.02042	0.02254	0.01549	0.02068	0.14474	0.00471	0.01182	0.00777	0.00752	0.01275
12	0.01527	0.01127	0.01233	0.01124	0.01354	0.01139	0.00800	0.13825	0.01993	0.02584	0.04325	0.08878	0.21541	0.29370	0.05135	0.00531	0.00756	0.01326	0.00663	0.00769
13	0.03158	0.02327	0.02493	0.01911	0.02576	0.02576	0.01579	0.62852	0.03906	0.05236	0.01995	0.01995	0.01413	0.00997	0.00831	0.00249	0.00914	0.00748	0.00831	0.01413
14	0.01413	0.01273	0.02062	0.50008	0.04463	0.01522	0.01874	0.01856	0.01656	0.02128	0.02525	0.18069	0.05245	0.01298	0.00891	0.00291	0.00931	0.01159	0.00481	0.00855
15	0.05592	0.01123	0.01363	0.01370	0.01637	0.01158	0.01080	0.02327	0.14647	0.07472	0.14006	0.20591	0.04582	0.01854	0.00981	0.00316	0.00606	0.17567	0.00813	0.00915
16	0.03103	0.03959	0.02354	0.02140	0.02568	0.67469	0.01605	0.03317	0.02354	0.02033	0.01284	0.01498	0.01070	0.00856	0.00749	0.00214	0.01498	0.00535	0.00428	0.00963
17	0.16470	0.27652	0.31641	0.01782	0.02687	0.02400	0.02060	0.02543	0.01664	0.02603	0.01306	0.01525	0.01028	0.00758	0.00644	0.00231	0.00993	0.00521	0.00384	0.01106
18	0.01906	0.38775	0.16298	0.01624	0.02301	0.05074	0.01678	0.02320	0.01647	0.02090	0.01474	0.01867	0.01295	0.01996	0.15921	0.00461	0.01288	0.00585	0.00378	0.01021
19	0.06226	0.00905	0.01045	0.01042	0.01282	0.00829	0.00768	0.01570	0.01911	0.07591	0.18502	0.24662	0.26657	0.01988	0.00962	0.00289	0.00469	0.01717	0.00805	0.00781
20	0.01952	0.01727	0.01988	0.01790	0.02130	0.02088	0.01432	0.03649	0.44824	0.03059	0.02937	0.03302	0.02383	0.01294	0.01300	0.00308	0.16370	0.05560	0.00729	0.01179
21	0.03043	0.03832	0.02326	0.02114	0.02544	0.63642	0.01588	0.03381	0.05969	0.02118	0.01407	0.01592	0.01156	0.00872	0.00755	0.00218	0.01449	0.00559	0.00452	0.00984
22	0.38845	0.01489	0.05519	0.01184	0.01636	0.01424	0.01021	0.02236	0.01849	0.07654	0.25111	0.03279	0.03565	0.01134	0.00727	0.00259	0.00592	0.00877	0.00686	0.00912
23	0.03158	0.02327	0.02493	0.01911	0.02576	0.02576	0.01579	0.62852	0.03906	0.05236	0.01995	0.01995	0.01413	0.00997	0.00831	0.00249	0.00914	0.00748	0.00831	0.01413
24	0.02112	0.01837	0.02132	0.02217	0.11809	0.02074	0.01514	0.06670	0.52062	0.03436	0.03045	0.02893	0.02302	0.01063	0.00841	0.00275	0.00719	0.00901	0.00779	0.01319
25	0.02177	0.66009	0.09264	0.01496	0.02248	0.03180	0.01552	0.02499	0.01693	0.02008	0.01181	0.01366	0.01065	0.00717	0.00553	0.00184	0.00915	0.00458	0.00355	0.01079
26	0.04360	0.01014	0.03874	0.01070	0.01210	0.00937	0.00770	0.01401	0.01395	0.01972	0.07027	0.04909	0.07771	0.41732	0.16405	0.00791	0.01050	0.01147	0.00533	0.00634
27	0.02749	0.01462	0.01793	0.01476	0.01987	0.01448	0.01183	0.08278	0.17772	0.32997	0.15868	0.03520	0.03307	0.01187	0.00867	0.00263	0.00647	0.00991	0.00944	0.01260
28	0.02831	0.03472	0.02529	0.07046	0.13021	0.52473	0.01805	0.03113	0.02233	0.02150	0.01342	0.01636	0.01113	0.00836	0.00766	0.00224	0.01389	0.00582	0.00421	0.01018
29	0.02025	0.12001	0.46167	0.02211	0.03216	0.15496	0.02579	0.02755	0.01869	0.02430	0.01410	0.01653	0.01058	0.00794	0.00751	0.00243	0.01244	0.00578	0.00367	0.01155
30	0.01414	0.01240	0.01594	0.01522	0.01666	0.05685	0.01199	0.01687	0.01393	0.01947	0.01984	0.02918	0.01854	0.05120	0.52857	0.01107	0.12760	0.00841	0.00431	0.00783
31	0.01284	0.00961	0.01392	0.01364	0.01537	0.01114	0.01065	0.04511	0.01462	0.02092	0.02214	0.03201	0.02044	0.05972	0.64222	0.01282	0.02161	0.00883	0.00464	0.00775
32	0.01173	0.00985	0.01164	0.01290	0.06261	0.00903	0.00864	0.01573	0.06078	0.02538	0.16911	0.11821	0.41610	0.01903	0.00966	0.00279	0.00481	0.01625	0.00773	0.00802
33	0.02041	0.02015	0.03610	0.04850	0.56077	0.01994	0.11904	0.02567	0.01902	0.02706	0.01581	0.02085	0.01307	0.00734	0.00847	0.00252	0.01051	0.00778	0.00413	0.01285
34	0.02125	0.02104	0.03305	0.04905	0.61476	0.06280	0.02487	0.02600	0.01922	0.02669	0.01544	0.02019	0.01300	0.00748	0.00818	0.00245	0.01021	0.00727	0.00412	0.01293
35	0.19183	0.01988	0.02830	0.04036	0.47862	0.05180	0.02125	0.02563	0.01805	0.02912	0.01456	0.01867	0.01209	0.00753	0.00748	0.00247	0.00933	0.00664	0.00436	0.01203

[dist]
# distance from previous block
# <min> <max>
17	40

[block]
# block no. 3 follows, 22 sequences, length 18
# corresponding to MSA columns:
# 177-194
name=unknown_D
#
# <colnr> <probs for GDERKNQSTAVLIFYWHMCP>
#	G	D	E	R	K	N	Q	S	T	A	V	L	I	F	Y	W	H	M	C	P
0	0.02156	0.10619	0.02006	0.01430	0.01846	0.01371	0.03687	0.02466	0.01905	0.22778	0.07632	0.09698	0.06395	0.02465	0.15836	0.00506	0.01046	0.04426	0.00720	0.01013
1	0.02035	0.04727	0.03164	0.10710	0.03326	0.16672	0.22381	0.02469	0.01823	0.02234	0.01571	0.02159	0.01307	0.01743	0.11998	0.00443	0.09066	0.00788	0.00411	0.00973
2	0.25432	0.01835	0.02152	0.02394	0.16577	0.09198	0.06349	0.02291	0.01705	0.02790	0.02025	0.16164	0.02023	0.01188	0.00874	0.00274	0.04248	0.00986	0.00520	0.00973
3	0.07999	0.19168	0.02822	0.01764	0.02283	0.01825	0.14079	0.02339	0.01815	0.11011	0.02794	0.17914	0.05066	0.01323	0.00836	0.00267	0.00835	0.04263	0.00605	0.00992
4	0.01455	0.01175	0.01405	0.01688	0.12042	0.04602	0.00912	0.01551	0.01387	0.01822	0.02366	0.04647	0.02624	0.55071	0.03459	0.00678	0.00874	0.01092	0.00484	0.00667
5	0.09041	0.12801	0.26729	0.02152	0.05293	0.25692	0.02106	0.02838	0.01936	0.02428	0.01344	0.01581	0.01057	0.00799	0.00717	0.00233	0.01217	0.00553	0.00396	0.01085
6	0.01841	0.01705	0.02855	0.06941	0.48637	0.01746	0.02173	0.02278	0.01750	0.02496	0.01728	0.02444	0.01526	0.05237	0.12610	0.00466	0.01199	0.00790	0.00420	0.01158
7	0.01651	0.01569	0.01511	0.01463	0.01678	0.15937	0.01123	0.01938	0.01602	0.02062	0.02060	0.02851	0.01856	0.04527	0.46199	0.00976	0.01888	0.00799	0.07515	0.00795
8	0.02536	0.01413	0.02034	0.01751	0.05229	0.01339	0.06718	0.03213	0.11243	0.30779	0.20261	0.03714	0.03624	0.01185	0.00889	0.00263	0.00689	0.01044	0.00885	0.01193
9	0.34421	0.01277	0.01124	0.01016	0.01391	0.01411	0.00810	0.07653	0.01794	0.03565	0.01969	0.02236	0.01529	0.00885	0.00574	0.00226	0.00546	0.00631	0.36055	0.00887
10	0.01730	0.11964	0.59389	0.02260	0.03428	0.02085	0.02881	0.02614	0.01746	0.02553	0.01452	0.01706	0.01054	0.00780	0.00760	0.00253	0.01189	0.00594	0.00351	0.01209
11	0.02066	0.01785	0.01878	0.01691	0.02160	0.02066	0.01315	0.04414	0.64121	0.03475	0.03381	0.03099	0.02536	0.01127	0.00845	0.00282	0.00657	0.00939	0.00845	0.01315
12	0.02056	0.01974	0.03372	0.05099	0.65622	0.01974	0.02550	0.02550	0.01892	0.02714	0.01563	0.02056	0.01316	0.00740	0.00822	0.00247	0.00987	0.00740	0.00411	0.01316
13	0.01666	0.04297	0.66500	0.02368	0.03596	0.01929	0.03069	0.02631	0.01754	0.02631	0.01491	0.01754	0.01052	0.00789	0.00789	0.00263	0.01228	0.00614	0.00351	0.01228
14	0.01193	0.00865	0.01210	0.01210	0.01315	0.00970	0.00882	0.01403	0.01298	0.01836	0.02340	0.03897	0.02352	0.25058	0.49061	0.01181	0.01811	0.00983	0.00462	0.00672
15	0.02700	0.01981	0.02163	0.01729	0.02256	0.02177	0.01388	0.48964	0.03339	0.04481	0.02292	0.08509	0.01950	0.07272	0.04554	0.00360	0.00933	0.00939	0.00778	0.01235
16	0.01818	0.22671	0.49459	0.02108	0.03194	0.02302	0.02618	0.02592	0.01736	0.02445	0.01399	0.01638	0.01056	0.00768	0.00719	0.00240	0.01135	0.00567	0.00352	0.01183
17	0.01595	0.01488	0.04705	0.01271	0.01641	0.08530	0.01032	0.01980	0.02216	0.05793	0.40572	0.04802	0.08655	0.01407	0.00890	0.00239	0.00606	0.01199	0.00773	0.10607

[dist]
# distance from previous block
# <min> <max>
0	4

[block]
# block no. 4 follows, 22 sequences, length 9
# corresponding to MSA columns:
# 199-207
name=unknown_E
#
# <colnr> <probs for GDERKNQSTAVLIFYWHMCP>
#	G	D	E	R	K	N	Q	S	T	A	V	L	I	F	Y	W	H	M	C	P
0	0.20295	0.24110	0.11188	0.01698	0.02340	0.23351	0.01573	0.02762	0.01845	0.02495	0.01241	0.01446	0.01026	0.00782	0.00632	0.00220	0.01070	0.00497	0.00416	0.01015
1	0.02080	0.01556	0.02207	0.01838	0.02209	0.01672	0.09063	0.15791	0.02301	0.09962	0.09397	0.16607	0.03165	0.01527	0.01235	0.00301	0.11595	0.05741	0.00718	0.01033
2	0.07428	0.01591	0.14432	0.01473	0.01841	0.01181	0.01361	0.01699	0.01501	0.02275	0.02676	0.22357	0.02770	0.03620	0.29086	0.00738	0.01384	0.01227	0.00527	0.00834
3	0.01775	0.03055	0.34960	0.05755	0.16796	0.01806	0.06478	0.02501	0.01788	0.02641	0.01516	0.01866	0.01156	0.00745	0.00781	0.00237	0.01077	0.00650	0.00393	0.14026
4	0.01708	0.04046	0.59671	0.02663	0.10306	0.01934	0.03013	0.02622	0.01769	0.02640	0.01499	0.01787	0.01081	0.00784	0.00793	0.00261	0.01202	0.00628	0.00357	0.01237
5	0.08490	0.05970	0.20642	0.01641	0.02360	0.01570	0.01674	0.03018	0.05978	0.24366	0.13090	0.02910	0.02638	0.01042	0.00805	0.00257	0.00806	0.00839	0.00722	0.01184
6	0.02243	0.21834	0.19459	0.01643	0.02402	0.02066	0.01709	0.09855	0.02125	0.13585	0.02901	0.02874	0.11828	0.01049	0.00762	0.00239	0.00873	0.00808	0.00595	0.01150
7	0.01205	0.05198	0.10143	0.01201	0.01620	0.01055	0.01131	0.01552	0.01866	0.02323	0.06377	0.07008	0.42564	0.01880	0.00959	0.00290	0.00616	0.11517	0.00690	0.00805
8	0.01796	0.22569	0.33315	0.01819	0.02683	0.06333	0.02082	0.02383	0.01799	0.02334	0.02597	0.02713	0.12318	0.01002	0.00748	0.00239	0.01008	0.00761	0.00431	0.01073

[dist]
# distance from previous block
# <min> <max>
45	131

[block]
# block no. 5 follows, 22 sequences, length 8
# corresponding to MSA columns:
# 348-355
name=unknown_F
#
# <colnr> <probs for GDERKNQSTAVLIFYWHMCP>
#	G	D	E	R	K	N	Q	S	T	A	V	L	I	F	Y	W	H	M	C	P
0	0.08209	0.02890	0.26248	0.02555	0.15886	0.11208	0.02139	0.02499	0.01952	0.02785	0.13299	0.02575	0.02360	0.00956	0.00803	0.00252	0.01011	0.00780	0.00493	0.01098
1	0.01675	0.01763	0.14514	0.01579	0.02067	0.01334	0.01482	0.06566	0.01743	0.07664	0.02205	0.06148	0.01925	0.03661	0.34618	0.00797	0.01577	0.00862	0.00524	0.07297
2	0.02212	0.08536	0.08582	0.01593	0.02207	0.14633	0.01394	0.07564	0.07404	0.07462	0.02868	0.02879	0.11675	0.01034	0.00765	0.00219	0.00880	0.00796	0.00596	0.16701
3	0.07044	0.34962	0.07191	0.01470	0.02055	0.02317	0.01390	0.05215	0.01759	0.08569	0.01687	0.02012	0.01415	0.02115	0.16981	0.00483	0.01205	0.00617	0.00476	0.01037
4	0.01866	0.24587	0.41262	0.02193	0.03223	0.02362	0.08583	0.02590	0.01755	0.02427	0.01407	0.01674	0.01078	0.00756	0.00730	0.00239	0.01141	0.00599	0.00359	0.01167
5	0.01994	0.07802	0.14257	0.01644	0.02206	0.01603	0.01575	0.02858	0.14497	0.13356	0.08095	0.03981	0.02827	0.01771	0.07608	0.00387	0.00949	0.10801	0.00692	0.01098
6	0.01988	0.11095	0.20097	0.02198	0.05919	0.01860	0.13722	0.02693	0.06576	0.10449	0.02969	0.03051	0.11694	0.01026	0.00837	0.00258	0.00970	0.00906	0.00557	0.01136
7	0.02086	0.16908	0.29950	0.02008	0.02817	0.15970	0.02146	0.02825	0.07181	0.02432	0.01778	0.02351	0.01488	0.00939	0.00764	0.00247	0.01132	0.05423	0.00444	0.01110

[dist]
# distance from previous block
# <min> <max>
18	51

[block]
# block no. 6 follows, 22 sequences, length 11
# corresponding to MSA columns:
# 407-417
name=unknown_G
#
# <colnr> <probs for GDERKNQSTAVLIFYWHMCP>
#	G	D	E	R	K	N	Q	S	T	A	V	L	I	F	Y	W	H	M	C	P
0	0.12174	0.05348	0.21296	0.05220	0.02901	0.17006	0.07517	0.06671	0.02018	0.02735	0.02114	0.02319	0.07356	0.00936	0.00775	0.00251	0.01110	0.00728	0.00472	0.01054
1	0.05781	0.07200	0.08295	0.01674	0.02201	0.20836	0.01432	0.08830	0.13037	0.02786	0.03311	0.03278	0.15620	0.01174	0.00804	0.00249	0.00945	0.00895	0.00609	0.01041
2	0.02328	0.06696	0.17065	0.01847	0.02559	0.04769	0.01768	0.25560	0.14638	0.03673	0.02711	0.02694	0.07905	0.01062	0.00818	0.00256	0.00909	0.00828	0.00673	0.01242
3	0.02022	0.10588	0.04675	0.02294	0.15617	0.11219	0.01546	0.08340	0.07892	0.02753	0.06766	0.09827	0.10585	0.01240	0.00832	0.00252	0.00858	0.01031	0.00600	0.01063
4	0.06075	0.01640	0.09885	0.10691	0.08611	0.01414	0.01523	0.02182	0.09764	0.02566	0.06011	0.10354	0.11174	0.08181	0.01214	0.00337	0.00785	0.06052	0.00602	0.00936
5	0.01904	0.35173	0.03299	0.02408	0.20119	0.02315	0.01596	0.02221	0.01766	0.02277	0.05402	0.13893	0.02287	0.01105	0.00733	0.00230	0.00818	0.00924	0.00475	0.01054
6	0.05152	0.02581	0.21137	0.14202	0.09498	0.08302	0.02184	0.02344	0.01665	0.02350	0.01490	0.02025	0.01220	0.01595	0.09576	0.00411	0.12164	0.00687	0.00389	0.01029
7	0.02224	0.05581	0.07808	0.03356	0.31732	0.14055	0.02071	0.08594	0.02160	0.02756	0.02130	0.02738	0.05288	0.00976	0.00825	0.00250	0.01040	0.04751	0.00494	0.01168
8	0.01939	0.03079	0.33564	0.02818	0.17506	0.02011	0.02466	0.06787	0.15792	0.03001	0.01959	0.02138	0.01466	0.00866	0.00812	0.00263	0.01026	0.00724	0.00505	0.01279
9	0.02149	0.06268	0.21914	0.01928	0.02620	0.12355	0.01903	0.03309	0.22015	0.06748	0.02447	0.02937	0.01961	0.01067	0.00826	0.00268	0.00992	0.06515	0.00606	0.01172
10	0.02251	0.33768	0.18044	0.01877	0.02572	0.17329	0.01882	0.02658	0.01811	0.02133	0.01255	0.01515	0.01066	0.00836	0.00860	0.00224	0.07949	0.00532	0.00371	0.01064

[dist]
# distance from previous block
# <min> <max>
4	5

[block]
# block no. 7 follows, 22 sequences, length 458
# corresponding to MSA columns:
# 423-880
name=unknown_H
#
# <colnr> <probs for GDERKNQSTAVLIFYWHMCP>
#	G	D	E	R	K	N	Q	S	T	A	V	L	I	F	Y	W	H	M	C	P
0	0.01666	0.04297	0.66500	0.02368	0.03596	0.01929	0.03069	0.02631	0.01754	0.02631	0.01491	0.01754	0.01052	0.00789	0.00789	0.00263	0.01228	0.00614	0.00351	0.01228
1	0.21997	0.06536	0.43183	0.02031	0.03025	0.01981	0.05131	0.02575	0.01668	0.02898	0.01394	0.01648	0.01021	0.00777	0.00712	0.00258	0.01062	0.00579	0.00398	0.01127
2	0.02520	0.25088	0.14517	0.02091	0.05520	0.32547	0.01853	0.02898	0.02016	0.02147	0.01293	0.01518	0.01077	0.00793	0.00692	0.00213	0.01235	0.00530	0.00391	0.01059
3	0.01666	0.04297	0.66500	0.02368	0.03596	0.01929	0.03069	0.02631	0.01754	0.02631	0.01491	0.01754	0.01052	0.00789	0.00789	0.00263	0.01228	0.00614	0.00351	0.01228
4	0.01758	0.06922	0.45725	0.02408	0.08771	0.01962	0.02589	0.02804	0.10221	0.02754	0.04931	0.02165	0.01618	0.00872	0.00797	0.00260	0.01070	0.00705	0.00452	0.01217
5	0.01226	0.00958	0.01514	0.01444	0.01627	0.01092	0.04134	0.01543	0.01367	0.01965	0.02198	0.03212	0.02036	0.05952	0.64167	0.01282	0.02184	0.00895	0.00444	0.00761
6	0.01148	0.00825	0.01074	0.01058	0.01218	0.00766	0.00768	0.01477	0.02160	0.03031	0.51328	0.17494	0.07182	0.05325	0.01157	0.00302	0.00429	0.01640	0.00869	0.00750
7	0.01694	0.07642	0.63397	0.02321	0.03522	0.01997	0.02987	0.02624	0.01751	0.02597	0.01474	0.01733	0.01053	0.00785	0.00776	0.00259	0.01211	0.00605	0.00351	0.01220
8	0.01666	0.04297	0.66500	0.02368	0.03596	0.01929	0.03069	0.02631	0.01754	0.02631	0.01491	0.01754	0.01052	0.00789	0.00789	0.00263	0.01228	0.00614	0.00351	0.01228
9	0.02149	0.02151	0.03281	0.04836	0.60011	0.07802	0.02466	0.02618	0.01933	0.02653	0.01538	0.02006	0.01294	0.00751	0.00816	0.00244	0.01032	0.00722	0.00413	0.01284
10	0.01009	0.00734	0.00953	0.01127	0.01197	0.00677	0.00758	0.01160	0.01619	0.02132	0.04937	0.64444	0.11081	0.02556	0.01053	0.00332	0.00476	0.02305	0.00771	0.00677
11	0.01895	0.31948	0.40855	0.01977	0.02992	0.02490	0.02389	0.02572	0.01727	0.02352	0.01352	0.01580	0.01058	0.00757	0.00684	0.00228	0.01088	0.00544	0.00353	0.01161
12	0.01078	0.00845	0.00974	0.00942	0.01181	0.00742	0.00707	0.01378	0.02120	0.02781	0.36441	0.07112	0.36925	0.01904	0.00981	0.00271	0.00407	0.01629	0.00842	0.00742
13	0.01187	0.00890	0.01335	0.01335	0.01483	0.01038	0.01038	0.01483	0.01335	0.01928	0.02225	0.03264	0.02077	0.06231	0.67512	0.01335	0.02225	0.00890	0.00445	0.00742
14	0.02544	0.02699	0.02103	0.01885	0.02348	0.28768	0.01447	0.06899	0.35907	0.02975	0.02456	0.02391	0.01882	0.01010	0.00805	0.00253	0.01013	0.00765	0.00674	0.01176
15	0.02171	0.02511	0.01795	0.01751	0.04850	0.34449	0.01257	0.02520	0.05290	0.02322	0.09548	0.04042	0.21546	0.01327	0.00850	0.00244	0.00998	0.01030	0.00599	0.00900
16	0.01684	0.04194	0.63692	0.02489	0.06354	0.01931	0.03046	0.02627	0.01760	0.02635	0.01494	0.01767	0.01064	0.00787	0.00791	0.00262	0.01217	0.00619	0.00353	0.01232
17	0.01773	0.03549	0.44075	0.02780	0.03867	0.01992	0.24744	0.02642	0.01829	0.02642	0.01560	0.01931	0.01128	0.00757	0.00859	0.00269	0.01291	0.00747	0.00376	0.01189
18	0.00982	0.00842	0.00842	0.00842	0.01122	0.00701	0.00631	0.01192	0.01894	0.02244	0.08416	0.07995	0.65285	0.02104	0.00982	0.00281	0.00421	0.01753	0.00771	0.00701
19	0.02221	0.71304	0.04353	0.01421	0.02132	0.03287	0.01421	0.02488	0.01688	0.01955	0.01155	0.01333	0.01066	0.00711	0.00533	0.00178	0.00888	0.00444	0.00355	0.01066
20	0.02614	0.03795	0.20047	0.02467	0.08710	0.40536	0.02093	0.05693	0.02215	0.02402	0.01398	0.01642	0.01103	0.00833	0.00771	0.00232	0.01351	0.00585	0.00423	0.01088
21	0.01890	0.18630	0.32538	0.02596	0.06313	0.02283	0.19253	0.02603	0.01803	0.02492	0.01472	0.01809	0.01125	0.00745	0.00787	0.00248	0.01189	0.00684	0.00374	0.01166
22	0.01176	0.00849	0.01110	0.01045	0.01241	0.00784	0.00784	0.01568	0.02352	0.03331	0.65184	0.06206	0.07839	0.01698	0.00980	0.00261	0.00392	0.01502	0.00914	0.00784
23	0.01666	0.04297	0.66500	0.02368	0.03596	0.01929	0.03069	0.02631	0.01754	0.02631	0.01491	0.01754	0.01052	0.00789	0.00789	0.00263	0.01228	0.00614	0.00351	0.01228
24	0.01010	0.00843	0.00880	0.00871	0.01139	0.00713	0.00653	0.01246	0.01959	0.02400	0.16551	0.07739	0.57053	0.02046	0.00982	0.00278	0.00417	0.01717	0.00792	0.00713
25	0.03317	0.01646	0.02013	0.01562	0.02153	0.01610	0.01268	0.22331	0.02753	0.41068	0.02813	0.02803	0.01942	0.07400	0.01144	0.00305	0.00781	0.00842	0.00918	0.01330
26	0.02068	0.02281	0.02804	0.02324	0.02586	0.16860	0.12602	0.02362	0.01645	0.02119	0.01353	0.01967	0.01215	0.01663	0.08454	0.00412	0.35202	0.00746	0.00396	0.00942
27	0.01132	0.00847	0.01050	0.00999	0.01214	0.00765	0.00750	0.01483	0.02249	0.03087	0.52423	0.06608	0.20752	0.01790	0.00980	0.00266	0.00398	0.01559	0.00882	0.00765
28	0.02056	0.01974	0.03372	0.05099	0.65622	0.01974	0.02550	0.02550	0.01892	0.02714	0.01563	0.02056	0.01316	0.00740	0.00822	0.00247	0.00987	0.00740	0.00411	0.01316
29	0.76672	0.01607	0.01221	0.01092	0.01607	0.01864	0.00900	0.02442	0.01414	0.03727	0.01157	0.01350	0.00900	0.00771	0.00514	0.00257	0.00643	0.00450	0.00514	0.00900
30	0.02056	0.01974	0.03372	0.05099	0.65622	0.01974	0.02550	0.02550	0.01892	0.02714	0.01563	0.02056	0.01316	0.00740	0.00822	0.00247	0.00987	0.00740	0.00411	0.01316
31	0.76672	0.01607	0.01221	0.01092	0.01607	0.01864	0.00900	0.02442	0.01414	0.03727	0.01157	0.01350	0.00900	0.00771	0.00514	0.00257	0.00643	0.00450	0.00514	0.00900
32	0.01569	0.01477	0.02492	0.68808	0.05722	0.01846	0.02307	0.02123	0.01661	0.02123	0.01477	0.02215	0.01107	0.00831	0.00831	0.00277	0.01107	0.00738	0.00369	0.00923
33	0.01549	0.00774	0.00774	0.00774	0.00968	0.00774	0.00581	0.01936	0.01742	0.03097	0.02710	0.03097	0.02129	0.00968	0.00581	0.00194	0.00387	0.00774	0.75416	0.00774
34	0.01339	0.00956	0.01339	0.01530	0.01721	0.00956	0.01339	0.01721	0.01912	0.02486	0.04399	0.09371	0.04781	0.02295	0.01147	0.00382	0.00765	0.60031	0.00765	0.00765
35	0.01208	0.00805	0.00906	0.00906	0.00906	0.00805	0.00503	0.01208	0.01208	0.01611	0.02618	0.05436	0.03020	0.70804	0.04228	0.00805	0.00805	0.01208	0.00503	0.00503
36	0.02066	0.01785	0.01878	0.01691	0.02160	0.02066	0.01315	0.04414	0.64121	0.03475	0.03381	0.03099	0.02536	0.01127	0.00845	0.00282	0.00657	0.00939	0.00845	0.01315
37	0.01746	0.01657	0.02811	0.45666	0.27480	0.01892	0.02395	0.02278	0.01745	0.02337	0.01508	0.02157	0.01183	0.00798	0.00828	0.00266	0.01064	0.00739	0.00384	0.01066
38	0.02056	0.01974	0.03372	0.05099	0.65622	0.01974	0.02550	0.02550	0.01892	0.02714	0.01563	0.02056	0.01316	0.00740	0.00822	0.00247	0.00987	0.00740	0.00411	0.01316
39	0.02447	0.06464	0.19958	0.02813	0.16953	0.26860	0.02201	0.07906	0.02189	0.02611	0.01456	0.01726	0.01149	0.00817	0.00774	0.00236	0.01235	0.00616	0.00434	0.01156
40	0.01011	0.00728	0.00958	0.01142	0.01201	0.00676	0.00765	0.01158	0.01604	0.02126	0.04756	0.67393	0.08249	0.02580	0.01057	0.00335	0.00479	0.02334	0.00771	0.00676
41	0.02240	0.34503	0.23995	0.01889	0.02703	0.17276	0.01995	0.02720	0.01859	0.02191	0.01293	0.01506	0.01063	0.00769	0.00664	0.00213	0.01135	0.00519	0.00370	0.01095
42	0.02286	0.01459	0.01780	0.01300	0.02011	0.01139	0.01051	0.02642	0.01907	0.20549	0.01983	0.02033	0.01463	0.00731	0.00677	0.00161	0.00641	0.00589	0.00643	0.54956
43	0.76672	0.01607	0.01221	0.01092	0.01607	0.01864	0.00900	0.02442	0.01414	0.03727	0.01157	0.01350	0.00900	0.00771	0.00514	0.00257	0.00643	0.00450	0.00514	0.00900
44	0.03088	0.02747	0.02500	0.02133	0.05744	0.19934	0.01635	0.43868	0.03389	0.04251	0.01782	0.01865	0.01316	0.00947	0.00809	0.00240	0.01074	0.00691	0.00702	0.01287
45	0.01008	0.00843	0.00877	0.00869	0.01138	0.00712	0.00652	0.01242	0.01955	0.02389	0.15993	0.07756	0.57617	0.02050	0.00982	0.00278	0.00417	0.01720	0.00791	0.00712
46	0.00982	0.00842	0.00842	0.00842	0.01122	0.00701	0.00631	0.01192	0.01894	0.02244	0.08416	0.07995	0.65285	0.02104	0.00982	0.00281	0.00421	0.01753	0.00771	0.00701
47	0.01208	0.00805	0.00906	0.00906	0.00906	0.00805	0.00503	0.01208	0.01208	0.01611	0.02618	0.05436	0.03020	0.70804	0.04228	0.00805	0.00805	0.01208	0.00503	0.00503
48	0.01078	0.00845	0.00976	0.00943	0.01181	0.00742	0.00707	0.01379	0.02122	0.02786	0.36703	0.07103	0.36660	0.01902	0.00981	0.00271	0.00406	0.01628	0.00843	0.00742
49	0.01666	0.04297	0.66500	0.02368	0.03596	0.01929	0.03069	0.02631	0.01754	0.02631	0.01491	0.01754	0.01052	0.00789	0.00789	0.00263	0.01228	0.00614	0.00351	0.01228
50	0.02291	0.02419	0.03144	0.04436	0.51496	0.16647	0.02338	0.02722	0.01995	0.02562	0.01500	0.01931	0.01261	0.00766	0.00806	0.00239	0.01101	0.00694	0.00415	0.01237
51	0.01723	0.01477	0.01723	0.01230	0.01969	0.01107	0.00984	0.02092	0.01723	0.02707	0.01477	0.01723	0.01230	0.00615	0.00615	0.00123	0.00615	0.00492	0.00492	0.75883
52	0.01005	0.00750	0.00937	0.01086	0.01186	0.00681	0.00740	0.01165	0.01658	0.02148	0.05438	0.56312	0.18890	0.02491	0.01043	0.00325	0.00468	0.02225	0.00771	0.00681
53	0.01014	0.00760	0.00927	0.01058	0.01167	0.00689	0.00719	0.01169	0.01654	0.02129	0.05533	0.49933	0.21768	0.05887	0.01198	0.00345	0.00481	0.02137	0.00758	0.00673
54	0.00982	0.00842	0.00842	0.00842	0.01122	0.00701	0.00631	0.01192	0.01894	0.02244	0.08416	0.07995	0.65285	0.02104	0.00982	0.00281	0.00421	0.01753	0.00771	0.00701
55	0.01025	0.00843	0.00902	0.00887	0.01149	0.00720	0.00665	0.01276	0.01996	0.02488	0.21134	0.07594	0.52415	0.02013	0.00981	0.00276	0.00414	0.01697	0.00803	0.00720
56	0.01823	0.01573	0.01645	0.01500	0.01927	0.01759	0.01161	0.03690	0.50133	0.03198	0.04513	0.04200	0.16641	0.01347	0.00876	0.00281	0.00604	0.01122	0.00829	0.01177
57	0.01723	0.01477	0.01723	0.01230	0.01969	0.01107	0.00984	0.02092	0.01723	0.02707	0.01477	0.01723	0.01230	0.00615	0.00615	0.00123	0.00615	0.00492	0.00492	0.75883
58	0.06378	0.21576	0.02912	0.01789	0.02407	0.17276	0.01509	0.30091	0.02832	0.03547	0.01565	0.01671	0.01217	0.00876	0.00716	0.00222	0.01025	0.00603	0.00595	0.01193
59	0.01026	0.00734	0.00976	0.01147	0.01208	0.00684	0.00772	0.01191	0.01654	0.02222	0.09651	0.64901	0.05691	0.02527	0.01054	0.00331	0.00474	0.02290	0.00783	0.00684
60	0.03103	0.03959	0.02354	0.02140	0.02568	0.67469	0.01605	0.03317	0.02354	0.02033	0.01284	0.01498	0.01070	0.00856	0.00749	0.00214	0.01498	0.00535	0.00428	0.00963
61	0.01691	0.07308	0.63707	0.02325	0.03530	0.01990	0.02995	0.02624	0.01751	0.02600	0.01476	0.01735	0.01053	0.00786	0.00778	0.00259	0.01212	0.00606	0.00351	0.01220
62	0.01953	0.05496	0.15039	0.03052	0.17418	0.02040	0.18699	0.02991	0.15857	0.02821	0.01968	0.02238	0.01511	0.00818	0.00842	0.00258	0.01049	0.00803	0.00501	0.04646
63	0.01012	0.00723	0.00964	0.01157	0.01205	0.00675	0.00771	0.01157	0.01591	0.02121	0.04579	0.70262	0.05495	0.02603	0.01060	0.00337	0.00482	0.02362	0.00771	0.00675
64	0.01443	0.00722	0.01082	0.01082	0.01082	0.00722	0.00722	0.01082	0.01082	0.01443	0.01443	0.02525	0.01443	0.02886	0.03247	0.75830	0.00722	0.00722	0.00361	0.00361
65	0.02118	0.11911	0.19704	0.01839	0.02538	0.08182	0.01802	0.03422	0.27188	0.06056	0.05219	0.02479	0.02022	0.00976	0.00785	0.00254	0.00911	0.00768	0.00619	0.01206
66	0.01267	0.01074	0.01561	0.01445	0.01633	0.01227	0.03875	0.01546	0.01480	0.02043	0.03429	0.04073	0.16106	0.04365	0.40222	0.00910	0.11399	0.01065	0.00506	0.00774
67	0.01012	0.00723	0.00964	0.01157	0.01205	0.00675	0.00771	0.01157	0.01591	0.02121	0.04579	0.70262	0.05495	0.02603	0.01060	0.00337	0.00482	0.02362	0.00771	0.00675
68	0.03103	0.03959	0.02354	0.02140	0.02568	0.67469	0.01605	0.03317	0.02354	0.02033	0.01284	0.01498	0.01070	0.00856	0.00749	0.00214	0.01498	0.00535	0.00428	0.00963
69	0.02291	0.02420	0.03143	0.04434	0.51448	0.16696	0.02337	0.02722	0.01996	0.02561	0.01500	0.01931	0.01261	0.00766	0.00806	0.00239	0.01102	0.00694	0.00415	0.01237
70	0.01012	0.00723	0.00964	0.01157	0.01205	0.00675	0.00771	0.01157	0.01591	0.02121	0.04579	0.70262	0.05495	0.02603	0.01060	0.00337	0.00482	0.02362	0.00771	0.00675
71	0.03103	0.03959	0.02354	0.02140	0.02568	0.67469	0.01605	0.03317	0.02354	0.02033	0.01284	0.01498	0.01070	0.00856	0.00749	0.00214	0.01498	0.00535	0.00428	0.00963
72	0.02906	0.19047	0.02802	0.01979	0.02471	0.53090	0.01564	0.03131	0.02205	0.02016	0.01255	0.01461	0.01069	0.00824	0.00701	0.00206	0.01362	0.00515	0.00412	0.00986
73	0.01666	0.04297	0.66500	0.02368	0.03596	0.01929	0.03069	0.02631	0.01754	0.02631	0.01491	0.01754	0.01052	0.00789	0.00789	0.00263	0.01228	0.00614	0.00351	0.01228
74	0.01864	0.06453	0.27782	0.02976	0.03954	0.02096	0.37410	0.02641	0.01870	0.02615	0.01584	0.02014	0.01173	0.00734	0.00887	0.00269	0.01311	0.00817	0.00391	0.01158
75	0.02729	0.03102	0.02155	0.01853	0.02363	0.43330	0.01417	0.08717	0.02335	0.02541	0.01459	0.01668	0.01186	0.00821	0.00719	0.00196	0.01194	0.00557	0.03820	0.17839
76	0.01208	0.00805	0.00906	0.00906	0.00906	0.00805	0.00503	0.01208	0.01208	0.01611	0.02618	0.05436	0.03020	0.70804	0.04228	0.00805	0.00805	0.01208	0.00503	0.00503
77	0.01666	0.04297	0.66500	0.02368	0.03596	0.01929	0.03069	0.02631	0.01754	0.02631	0.01491	0.01754	0.01052	0.00789	0.00789	0.00263	0.01228	0.00614	0.00351	0.01228
78	0.01012	0.00723	0.00964	0.01157	0.01205	0.00675	0.00771	0.01157	0.01591	0.02121	0.04579	0.70262	0.05495	0.02603	0.01060	0.00337	0.00482	0.02362	0.00771	0.00675
