[name]
unknown

[dist]
# distance from previous block
# <min> <max>
0	1

[block]
# block no. 0 follows, 20 sequences, length 10
# corresponding to MSA columns:
# 1-10
name=unknown_A
#
# <colnr> <probs for GDERKNQSTAVLIFYWHMCP>
#	G	D	E	R	K	N	Q	S	T	A	V	L	I	F	Y	W	H	M	C	P
0	0.01657	0.01394	0.02127	0.02827	0.24100	0.01391	0.01693	0.02196	0.05211	0.02934	0.17131	0.09409	0.04372	0.01631	0.01019	0.00312	0.00773	0.18070	0.00710	0.01041
1	0.16855	0.01816	0.07122	0.31980	0.03955	0.01755	0.01836	0.02332	0.01715	0.02771	0.01483	0.01971	0.01146	0.00799	0.00744	0.00245	0.00943	0.00638	0.00450	0.19445
2	0.02469	0.02660	0.03239	0.04479	0.46656	0.20042	0.02398	0.02904	0.02123	0.02648	0.01558	0.01994	0.01309	0.00811	0.00842	0.00249	0.01188	0.00717	0.00437	0.01277
3	0.01433	0.00881	0.01055	0.06221	0.01496	0.00908	0.00817	0.01747	0.01705	0.02674	0.03334	0.13981	0.06274	0.10015	0.06422	0.00412	0.00692	0.01192	0.37973	0.00768
4	0.01693	0.15314	0.02133	0.01634	0.07351	0.01651	0.01176	0.08870	0.02153	0.02743	0.07495	0.18354	0.22717	0.01729	0.00917	0.00277	0.00672	0.01457	0.00700	0.00962
5	0.01203	0.00818	0.00971	0.01035	0.01051	0.00802	0.00618	0.01251	0.01396	0.01862	0.03403	0.25768	0.03998	0.48158	0.03382	0.00689	0.00738	0.01654	0.00618	0.00586
6	0.01830	0.01296	0.01445	0.01300	0.01511	0.01363	0.00902	0.18601	0.02156	0.02883	0.02890	0.14824	0.03100	0.38778	0.02868	0.00597	0.00824	0.01323	0.00674	0.00835
7	0.01069	0.00881	0.00912	0.00907	0.01167	0.00753	0.00663	0.01285	0.01960	0.02386	0.12617	0.07999	0.53623	0.08326	0.01343	0.00343	0.00476	0.01768	0.00796	0.00724
8	0.01241	0.00902	0.01223	0.01219	0.01337	0.00981	0.00880	0.01458	0.01454	0.02027	0.06400	0.04567	0.06045	0.25269	0.39864	0.01107	0.01668	0.01122	0.00533	0.00703
9	0.01748	0.01013	0.01280	0.01217	0.01473	0.00972	0.00901	0.02080	0.04283	0.14311	0.09053	0.18003	0.12758	0.10721	0.11498	0.00534	0.00862	0.01464	0.04936	0.00893

[dist]
# distance from previous block
# <min> <max>
0	1

[block]
# block no. 1 follows, 20 sequences, length 38
# corresponding to MSA columns:
# 12-49
name=unknown_B
#
# <colnr> <probs for GDERKNQSTAVLIFYWHMCP>
#	G	D	E	R	K	N	Q	S	T	A	V	L	I	F	Y	W	H	M	C	P
0	0.02188	0.01957	0.02789	0.02136	0.02672	0.02081	0.12292	0.15137	0.02207	0.03166	0.01654	0.02172	0.01385	0.04060	0.01528	0.00288	0.18808	0.00769	0.00545	0.22168
1	0.02084	0.01142	0.01334	0.01186	0.01561	0.01089	0.00921	0.02625	0.08793	0.19252	0.04766	0.04782	0.19927	0.04991	0.05509	0.00370	0.00692	0.01175	0.16782	0.01018
2	0.02842	0.01311	0.01686	0.01375	0.01826	0.01207	0.01066	0.07068	0.02336	0.36415	0.13424	0.04108	0.03367	0.16012	0.01676	0.00395	0.00723	0.01075	0.00925	0.01164
3	0.01193	0.00837	0.00964	0.01014	0.01139	0.00796	0.00682	0.01357	0.01632	0.02199	0.04862	0.21450	0.19769	0.22976	0.06611	0.00545	0.00710	0.01644	0.08942	0.00678
4	0.01235	0.00821	0.00959	0.01013	0.01038	0.00808	0.00608	0.01299	0.01408	0.01925	0.03298	0.22221	0.03802	0.47714	0.03335	0.00678	0.00730	0.01562	0.04954	0.00593
5	0.01371	0.00982	0.01217	0.01246	0.01409	0.00965	0.00923	0.05563	0.02009	0.02694	0.17078	0.20566	0.08678	0.17384	0.01845	0.00448	0.00652	0.13420	0.00782	0.00767
6	0.01222	0.00916	0.01133	0.01228	0.01363	0.00899	0.00854	0.01670	0.08604	0.02563	0.13811	0.45340	0.08898	0.05683	0.01235	0.00356	0.00525	0.02077	0.00828	0.00794
7	0.01801	0.01321	0.01407	0.01230	0.01539	0.01349	0.00905	0.18658	0.02354	0.03085	0.04568	0.05435	0.22524	0.24384	0.02112	0.00466	0.00727	0.01297	0.03952	0.00887
8	0.01515	0.00758	0.01136	0.01136	0.01136	0.00758	0.00758	0.01136	0.01136	0.01515	0.01515	0.02652	0.01515	0.03030	0.03409	0.74621	0.00758	0.00758	0.00379	0.00379
9	0.02434	0.02518	0.02639	0.03150	0.24390	0.21841	0.01909	0.09236	0.02249	0.02745	0.01751	0.02244	0.01486	0.02097	0.14951	0.00497	0.01477	0.00745	0.00495	0.01147
10	0.01554	0.01188	0.01309	0.01198	0.01468	0.01205	0.00873	0.08523	0.10542	0.02959	0.17566	0.05845	0.19956	0.19785	0.01904	0.00434	0.00636	0.01393	0.00785	0.00873
11	0.49318	0.11270	0.10690	0.01474	0.02102	0.02226	0.01415	0.02560	0.01561	0.03353	0.01257	0.01514	0.01007	0.00863	0.00774	0.00269	0.06329	0.00520	0.00480	0.01017
12	0.02577	0.20814	0.02794	0.01864	0.02329	0.35312	0.01505	0.02835	0.02055	0.02089	0.01527	0.01929	0.01352	0.02083	0.14854	0.00470	0.01570	0.00618	0.00433	0.00989
13	0.16965	0.01093	0.01240	0.01134	0.01437	0.01087	0.00875	0.01988	0.02264	0.07095	0.46941	0.05242	0.06353	0.01539	0.00918	0.00273	0.00486	0.01305	0.00879	0.00887
14	0.02064	0.02163	0.02620	0.15802	0.18902	0.15796	0.04736	0.02477	0.02049	0.02558	0.10109	0.08140	0.02548	0.01162	0.01017	0.00277	0.05013	0.00989	0.00527	0.01053
15	0.55527	0.05851	0.01682	0.01330	0.01887	0.08796	0.01093	0.02855	0.01720	0.10426	0.01479	0.01607	0.01110	0.00846	0.00605	0.00260	0.00793	0.00527	0.00581	0.01023
16	0.21688	0.02175	0.04114	0.03000	0.03791	0.02139	0.44756	0.02733	0.01905	0.03093	0.01618	0.02103	0.01222	0.00755	0.00899	0.00288	0.01258	0.00881	0.00468	0.01115
17	0.02086	0.05874	0.02094	0.01569	0.02155	0.15030	0.01239	0.02399	0.01901	0.02542	0.01746	0.07613	0.01629	0.00950	0.00868	0.00190	0.05571	0.00713	0.00511	0.43320
18	0.02130	0.02815	0.23621	0.02141	0.03036	0.01943	0.08835	0.15313	0.05582	0.03468	0.05487	0.02301	0.01759	0.00901	0.00837	0.00244	0.01015	0.00766	0.00581	0.17225
19	0.02087	0.13350	0.03610	0.14465	0.37852	0.02319	0.05643	0.02572	0.01883	0.02576	0.01537	0.02057	0.01287	0.00822	0.00922	0.00260	0.04369	0.00738	0.00413	0.01238
20	0.07011	0.01585	0.02473	0.31701	0.20190	0.01749	0.02048	0.02341	0.01908	0.05714	0.07370	0.03110	0.07139	0.01041	0.00873	0.00279	0.00951	0.00916	0.00528	0.01071
21	0.39798	0.01645	0.01796	0.15937	0.05643	0.01786	0.01371	0.02416	0.01636	0.03260	0.01381	0.01737	0.01089	0.00786	0.00651	0.00243	0.00793	0.00563	0.00496	0.16971
22	0.02697	0.03186	0.02708	0.11210	0.14263	0.38820	0.01987	0.03018	0.02161	0.02274	0.01405	0.01815	0.01178	0.00944	0.01046	0.00257	0.08882	0.00651	0.00431	0.01067
23	0.01235	0.00892	0.01166	0.01097	0.01303	0.00823	0.00823	0.01646	0.02469	0.03498	0.63443	0.06516	0.08230	0.01783	0.01029	0.00274	0.00412	0.01578	0.00960	0.00823
24	0.02628	0.02651	0.02821	0.17130	0.19775	0.20818	0.02104	0.15851	0.02548	0.03098	0.01637	0.02009	0.01282	0.00894	0.00845	0.00257	0.01203	0.00716	0.00526	0.01207
25	0.02307	0.52615	0.15153	0.01734	0.02552	0.08498	0.01818	0.02713	0.01844	0.02186	0.01287	0.01493	0.01117	0.00774	0.00627	0.00206	0.01051	0.00506	0.00379	0.01141
26	0.01063	0.00759	0.01012	0.01215	0.01265	0.00709	0.00810	0.01215	0.01670	0.02227	0.04808	0.68775	0.05769	0.02733	0.01113	0.00354	0.00506	0.02480	0.00810	0.00709
27	0.01031	0.00884	0.00884	0.00884	0.01178	0.00736	0.00663	0.01252	0.01988	0.02356	0.08837	0.08395	0.63549	0.02209	0.01031	0.00295	0.00442	0.01841	0.00810	0.00736
28	0.01895	0.01803	0.03063	0.37307	0.34014	0.02003	0.02546	0.02446	0.01861	0.02529	0.01594	0.02245	0.01269	0.00826	0.00868	0.00275	0.01102	0.00776	0.00409	0.01169
29	0.01820	0.01820	0.02835	0.54609	0.09120	0.06465	0.06402	0.02383	0.01832	0.02298	0.01556	0.02265	0.01184	0.00859	0.00876	0.00284	0.01205	0.00778	0.00398	0.01011
30	0.01263	0.00869	0.01072	0.01072	0.01113	0.00911	0.00679	0.01346	0.01304	0.01780	0.02638	0.05099	0.02907	0.52561	0.20862	0.00994	0.01244	0.01179	0.00512	0.00595
31	0.01750	0.04512	0.64825	0.02486	0.03775	0.02026	0.03223	0.02762	0.01842	0.02762	0.01565	0.01842	0.01105	0.00829	0.00829	0.00276	0.01289	0.00645	0.00368	0.01289
32	0.02680	0.02735	0.02347	0.02018	0.02488	0.25905	0.03925	0.16053	0.13828	0.03308	0.07518	0.05641	0.02337	0.01169	0.00964	0.00266	0.04080	0.00897	0.00682	0.01158
33	0.04986	0.01780	0.02274	0.01824	0.02337	0.05993	0.11750	0.12459	0.04901	0.03214	0.09668	0.08301	0.12499	0.01405	0.01029	0.03593	0.00852	0.01152	0.00686	0.09296
34	0.24060	0.03015	0.02116	0.01859	0.02376	0.33026	0.01446	0.12297	0.06657	0.03281	0.01581	0.01728	0.01237	0.00916	0.00736	0.00249	0.01155	0.00601	0.00573	0.01092
35	0.02761	0.07570	0.16128	0.05263	0.03042	0.34437	0.02026	0.10692	0.05112	0.02772	0.01591	0.01798	0.01236	0.00905	0.00802	0.00245	0.01337	0.00632	0.00498	0.01153
36	0.02080	0.02660	0.22973	0.01851	0.02668	0.01805	0.01892	0.18533	0.02494	0.03522	0.05998	0.07139	0.05292	0.01112	0.00845	0.00248	0.00914	0.00902	0.00628	0.16444
37	0.02527	0.24856	0.02928	0.01680	0.02244	0.13484	0.01426	0.18710	0.02689	0.03334	0.14985	0.02732	0.02764	0.01081	0.00787	0.00233	0.00938	0.00812	0.00652	0.01137

[dist]
# distance from previous block
# <min> <max>
0	39

[block]
# block no. 2 follows, 20 sequences, length 13
# corresponding to MSA columns:
# 89-101
name=unknown_C
#
# <colnr> <probs for GDERKNQSTAVLIFYWHMCP>
#	G	D	E	R	K	N	Q	S	T	A	V	L	I	F	Y	W	H	M	C	P
0	0.07338	0.09996	0.38579	0.02251	0.03260	0.10016	0.05497	0.02953	0.01956	0.08004	0.01652	0.01861	0.01199	0.00845	0.00793	0.00261	0.01211	0.00645	0.00456	0.01226
1	0.10090	0.01735	0.02400	0.30320	0.08549	0.01944	0.01905	0.11174	0.05301	0.15059	0.02068	0.02357	0.01472	0.00939	0.00839	0.00278	0.00968	0.00776	0.00635	0.01192
2	0.23150	0.05608	0.02065	0.01728	0.02226	0.28697	0.01353	0.05332	0.05780	0.02900	0.01570	0.01822	0.01285	0.01358	0.06300	0.00336	0.01215	0.00597	0.00522	0.06158
3	0.02154	0.01739	0.01884	0.04837	0.02191	0.05738	0.01305	0.23360	0.05101	0.03388	0.03131	0.03647	0.10384	0.08484	0.18028	0.00612	0.01272	0.01005	0.00680	0.01057
4	0.01970	0.08452	0.31488	0.02714	0.03623	0.05032	0.19329	0.02696	0.01853	0.02595	0.01526	0.01953	0.01175	0.00899	0.01158	0.00288	0.10917	0.00755	0.00395	0.01184
5	0.23303	0.13814	0.02300	0.07228	0.02400	0.19267	0.01392	0.02602	0.01806	0.02618	0.01489	0.01911	0.01273	0.01903	0.12888	0.00458	0.01314	0.00608	0.00460	0.00963
6	0.07277	0.14190	0.02444	0.21541	0.08349	0.01855	0.01656	0.02098	0.01795	0.02415	0.03028	0.04103	0.11288	0.01374	0.00990	0.04099	0.00889	0.09144	0.00525	0.00941
7	0.02020	0.22393	0.26847	0.06512	0.03259	0.02358	0.06797	0.05488	0.01939	0.02671	0.01503	0.01796	0.01175	0.00786	0.00747	0.00232	0.01087	0.00622	0.00422	0.11346
8	0.02396	0.02647	0.02810	0.02513	0.07349	0.22360	0.09287	0.02996	0.09456	0.02531	0.01670	0.02034	0.01384	0.01030	0.01328	0.00273	0.17496	0.00735	0.00492	0.09213
9	0.02037	0.01784	0.01687	0.01431	0.01921	0.13157	0.01093	0.02345	0.02070	0.08415	0.10373	0.13148	0.07229	0.01303	0.00840	0.00224	0.00764	0.01083	0.00677	0.28419
10	0.01291	0.00992	0.01237	0.01219	0.01474	0.00848	0.00855	0.01500	0.01683	0.02367	0.03732	0.45259	0.04307	0.06666	0.01206	0.00323	0.00569	0.01834	0.00706	0.21931
11	0.02505	0.02519	0.02099	0.01868	0.02264	0.26084	0.01452	0.16477	0.02453	0.02896	0.01903	0.02404	0.01613	0.03086	0.25628	0.00682	0.01718	0.00757	0.00557	0.01035
12	0.17481	0.02093	0.02354	0.38178	0.07293	0.13928	0.01986	0.02556	0.01838	0.02595	0.01446	0.01986	0.01120	0.00859	0.00786	0.00272	0.01131	0.00672	0.00433	0.00992

[dist]
# distance from previous block
# <min> <max>
0	2

[block]
# block no. 3 follows, 20 sequences, length 7
# corresponding to MSA columns:
# 104-110
name=unknown_D
#
# <colnr> <probs for GDERKNQSTAVLIFYWHMCP>
#	G	D	E	R	K	N	Q	S	T	A	V	L	I	F	Y	W	H	M	C	P
0	0.02272	0.02574	0.03921	0.13263	0.14232	0.15855	0.29550	0.02838	0.02088	0.02576	0.01622	0.02149	0.01266	0.00798	0.00926	0.00273	0.01374	0.00848	0.00433	0.01144
1	0.02619	0.13126	0.02867	0.05842	0.12868	0.28857	0.01793	0.03402	0.15145	0.02572	0.01861	0.02044	0.01499	0.00916	0.00791	0.00243	0.01176	0.00685	0.00526	0.01167
2	0.02315	0.01500	0.02105	0.01887	0.06240	0.01425	0.06321	0.05436	0.10295	0.19106	0.12098	0.13219	0.03432	0.01350	0.00923	0.00272	0.00731	0.01201	0.00827	0.09316
3	0.01998	0.02003	0.11485	0.08542	0.08544	0.01663	0.01716	0.08466	0.10515	0.07753	0.03561	0.03917	0.13308	0.04043	0.01041	0.00298	0.00854	0.03256	0.00670	0.06370
4	0.01300	0.01015	0.01425	0.01387	0.01513	0.01187	0.01058	0.01547	0.01417	0.02006	0.02740	0.03968	0.06581	0.15116	0.45798	0.01138	0.08523	0.01032	0.00492	0.00756
5	0.02206	0.30015	0.31833	0.02061	0.03011	0.12236	0.02314	0.02813	0.01910	0.02390	0.01395	0.01628	0.01113	0.00807	0.00717	0.00233	0.01193	0.00562	0.00382	0.01181
6	0.02234	0.21944	0.30308	0.02289	0.03225	0.14946	0.08190	0.02866	0.01968	0.02450	0.01447	0.01720	0.01134	0.00811	0.00768	0.00244	0.01266	0.00618	0.00393	0.01177

[dist]
# distance from previous block
# <min> <max>
0	1

[block]
# block no. 4 follows, 20 sequences, length 12
# corresponding to MSA columns:
# 112-123
name=unknown_E
#
# <colnr> <probs for GDERKNQSTAVLIFYWHMCP>
#	G	D	E	R	K	N	Q	S	T	A	V	L	I	F	Y	W	H	M	C	P
0	0.08943	0.01903	0.03574	0.02798	0.06832	0.01803	0.34476	0.02603	0.02050	0.08275	0.06111	0.03426	0.11015	0.01049	0.00961	0.00287	0.01098	0.01099	0.00588	0.01109
1	0.02411	0.01810	0.07802	0.01479	0.02274	0.01278	0.01311	0.02843	0.02011	0.20642	0.02098	0.02147	0.01525	0.00788	0.00730	0.00184	0.00734	0.00633	0.00665	0.46634
2	0.44728	0.01991	0.05335	0.01459	0.02057	0.02069	0.01264	0.18676	0.02316	0.04249	0.06925	0.02075	0.01741	0.00962	0.00692	0.00268	0.00766	0.00666	0.00659	0.01103
3	0.02050	0.01845	0.02413	0.12013	0.09725	0.02032	0.05144	0.03722	0.37393	0.03223	0.02748	0.02806	0.02090	0.01015	0.00868	0.00275	0.00841	0.00890	0.00702	0.08206
4	0.03316	0.02443	0.02618	0.02007	0.02705	0.02705	0.01658	0.60995	0.04101	0.05497	0.02094	0.02094	0.01483	0.01047	0.00873	0.00262	0.00960	0.00785	0.00873	0.01483
5	0.01246	0.00935	0.01402	0.01402	0.01558	0.01090	0.01090	0.01558	0.01402	0.02025	0.02336	0.03427	0.02181	0.06542	0.65888	0.01402	0.02336	0.00935	0.00467	0.00779
6	0.21187	0.05979	0.05496	0.01405	0.01950	0.01626	0.01221	0.07824	0.02285	0.18179	0.20223	0.03376	0.03454	0.01179	0.00812	0.00266	0.00691	0.00932	0.00801	0.01116
7	0.02832	0.02865	0.02311	0.01886	0.02507	0.27825	0.01478	0.19697	0.02740	0.03322	0.01626	0.01796	0.01279	0.00864	0.00768	0.00206	0.01112	0.00613	0.00592	0.23681
8	0.02057	0.01701	0.07618	0.30478	0.03879	0.01635	0.01907	0.02758	0.07658	0.14353	0.06768	0.07435	0.02487	0.01205	0.00916	0.00295	0.00935	0.04163	0.00654	0.01098
9	0.07946	0.02877	0.02314	0.17763	0.03313	0.33098	0.01717	0.07806	0.02296	0.02629	0.01823	0.02131	0.04158	0.00945	0.00799	0.00244	0.01243	0.00684	0.00499	0.05715
10	0.02021	0.11862	0.02727	0.34736	0.04174	0.07896	0.01896	0.05674	0.01960	0.02500	0.01513	0.02004	0.01197	0.00820	0.00773	0.00235	0.01051	0.00659	0.00444	0.15857
11	0.06224	0.06950	0.11098	0.02802	0.16253	0.19518	0.02054	0.18738	0.02636	0.03369	0.01630	0.01862	0.01267	0.00890	0.00808	0.00249	0.01171	0.00671	0.00550	0.01261

[dist]
# distance from previous block
# <min> <max>
0	2

[block]
# block no. 5 follows, 20 sequences, length 7
# corresponding to MSA columns:
# 126-132
name=unknown_F
#
# <colnr> <probs for GDERKNQSTAVLIFYWHMCP>
#	G	D	E	R	K	N	Q	S	T	A	V	L	I	F	Y	W	H	M	C	P
0	0.02259	0.01774	0.10442	0.01582	0.02065	0.01462	0.01395	0.11562	0.02107	0.17006	0.02537	0.03397	0.02136	0.17505	0.18136	0.00684	0.01279	0.00932	0.00672	0.01067
1	0.09005	0.01061	0.01234	0.01222	0.01392	0.01115	0.00874	0.05910	0.01747	0.02566	0.08148	0.17103	0.03722	0.25104	0.11675	0.00653	0.00951	0.05107	0.00655	0.00756
2	0.02276	0.01851	0.02286	0.18252	0.03281	0.01879	0.01596	0.22025	0.02565	0.03582	0.01734	0.02036	0.01324	0.00839	0.00780	0.00215	0.00883	0.00673	0.00604	0.31320
3	0.02066	0.01666	0.02074	0.02236	0.11201	0.01788	0.01588	0.13922	0.18951	0.03463	0.03666	0.05343	0.06751	0.01562	0.00994	0.00319	0.00814	0.19641	0.00785	0.01172
4	0.02357	0.40133	0.16555	0.01983	0.02798	0.14083	0.06077	0.02809	0.01930	0.02265	0.01348	0.01588	0.01132	0.00789	0.00688	0.00219	0.01157	0.00560	0.00390	0.01139
5	0.01732	0.01558	0.02136	0.02791	0.23550	0.04699	0.01677	0.02261	0.05578	0.02826	0.12582	0.05646	0.12004	0.01568	0.00995	0.00303	0.00810	0.15557	0.00683	0.01044
6	0.01863	0.01573	0.02225	0.16745	0.14447	0.01669	0.01774	0.09045	0.06658	0.03041	0.07449	0.04484	0.07201	0.01340	0.00943	0.00291	0.00870	0.11791	0.00649	0.05941

[dist]
# distance from previous block
# <min> <max>
0	11

[block]
# block no. 6 follows, 20 sequences, length 6
# corresponding to MSA columns:
# 144-149
name=unknown_G
#
# <colnr> <probs for GDERKNQSTAVLIFYWHMCP>
#	G	D	E	R	K	N	Q	S	T	A	V	L	I	F	Y	W	H	M	C	P
0	0.15700	0.10018	0.02549	0.01896	0.02361	0.15591	0.01559	0.17038	0.05152	0.03327	0.01550	0.01803	0.01255	0.01050	0.01188	0.00275	0.15336	0.00653	0.00566	0.01132
1	0.17314	0.26162	0.02546	0.01394	0.01889	0.05187	0.01222	0.02434	0.04810	0.02907	0.15634	0.03583	0.03181	0.01205	0.00759	0.00255	0.00767	0.07148	0.00615	0.00989
2	0.01953	0.20439	0.31238	0.02004	0.02856	0.08570	0.02225	0.02567	0.01803	0.02379	0.01600	0.02003	0.01315	0.01899	0.13099	0.00462	0.01425	0.00646	0.00396	0.01121
3	0.02378	0.43316	0.04455	0.02175	0.02919	0.11160	0.17384	0.02773	0.01939	0.02262	0.01378	0.01677	0.01175	0.00763	0.00715	0.00220	0.01159	0.00629	0.00401	0.01121
4	0.01438	0.05649	0.01890	0.08856	0.02182	0.01520	0.01359	0.01764	0.01457	0.02058	0.02039	0.02998	0.01879	0.04957	0.47159	0.01082	0.09563	0.00866	0.00442	0.00842
5	0.02544	0.22167	0.02754	0.01636	0.02189	0.08575	0.01406	0.15702	0.02583	0.10073	0.12292	0.03459	0.02891	0.01208	0.00831	0.00253	0.00882	0.06693	0.00712	0.01149

[dist]
# distance from previous block
# <min> <max>
29	69

[block]
# block no. 7 follows, 20 sequences, length 40
# corresponding to MSA columns:
# 221-260
name=unknown_H
#
# <colnr> <probs for GDERKNQSTAVLIFYWHMCP>
#	G	D	E	R	K	N	Q	S	T	A	V	L	I	F	Y	W	H	M	C	P
0	0.22684	0.22804	0.02412	0.01509	0.05340	0.05244	0.01198	0.02260	0.01759	0.02695	0.03043	0.03181	0.15202	0.01536	0.05575	0.00331	0.00892	0.00835	0.00533	0.00968
1	0.29499	0.02108	0.11546	0.02044	0.02709	0.01800	0.16433	0.02450	0.01798	0.03155	0.02408	0.03528	0.05276	0.01142	0.00845	0.00301	0.00974	0.10416	0.00549	0.01018
2	0.06091	0.07685	0.03086	0.28186	0.04176	0.05326	0.15109	0.02557	0.05889	0.02505	0.01766	0.02351	0.01399	0.01503	0.08357	0.00406	0.01309	0.00810	0.00453	0.01035
3	0.02358	0.02085	0.02042	0.05547	0.02451	0.13387	0.01521	0.19844	0.07261	0.03536	0.09760	0.04746	0.03238	0.01481	0.00968	0.00299	0.00956	0.16663	0.00760	0.01097
4	0.10885	0.07133	0.02730	0.02757	0.20569	0.02259	0.01768	0.20556	0.08234	0.03793	0.01868	0.02060	0.01454	0.00884	0.00784	0.00244	0.00886	0.00711	0.00627	0.09796
5	0.10363	0.01845	0.02844	0.02471	0.11692	0.01650	0.16335	0.02460	0.01861	0.02954	0.01579	0.01952	0.01273	0.00706	0.00762	0.00206	0.00915	0.00679	0.00488	0.36963
6	0.02314	0.02696	0.06104	0.10453	0.21459	0.24637	0.02012	0.02745	0.02205	0.02627	0.11938	0.02685	0.02403	0.01004	0.00863	0.00254	0.01152	0.00827	0.00519	0.01103
7	0.21905	0.07866	0.06999	0.06283	0.02704	0.28696	0.01639	0.09299	0.02244	0.03014	0.01415	0.01647	0.01117	0.00874	0.00724	0.00246	0.01176	0.00576	0.00503	0.01071
8	0.03167	0.03204	0.02280	0.01974	0.02508	0.42183	0.01514	0.03548	0.05471	0.14789	0.01904	0.01966	0.01429	0.00921	0.00794	0.00226	0.01254	0.00642	0.00606	0.09621
9	0.01518	0.01299	0.01401	0.01266	0.01621	0.04968	0.00929	0.01889	0.04707	0.02646	0.12953	0.22253	0.08292	0.06705	0.01170	0.00295	0.00629	0.01414	0.00704	0.23341
10	0.01447	0.01245	0.01627	0.01565	0.01718	0.04996	0.01230	0.01738	0.01454	0.02041	0.02126	0.03124	0.01986	0.05570	0.54008	0.01203	0.10761	0.00891	0.00455	0.00815
11	0.01061	0.00768	0.01003	0.01192	0.01259	0.00710	0.00800	0.01217	0.01692	0.02235	0.05080	0.64701	0.09668	0.02697	0.01108	0.00350	0.00502	0.02437	0.00810	0.00710
12	0.70987	0.05898	0.01485	0.01168	0.01721	0.02049	0.00979	0.02567	0.01502	0.03799	0.01214	0.01416	0.00955	0.00806	0.00541	0.00265	0.00691	0.00472	0.00530	0.00955
13	0.02093	0.02290	0.07593	0.20513	0.39854	0.07391	0.02568	0.02638	0.01956	0.02627	0.01588	0.02129	0.01285	0.00815	0.00857	0.00265	0.01131	0.00749	0.00418	0.01240
14	0.02988	0.24922	0.03269	0.01835	0.02550	0.02954	0.01603	0.41531	0.03325	0.04349	0.01800	0.01863	0.01362	0.00947	0.00768	0.00237	0.00951	0.00679	0.00706	0.01362
15	0.01222	0.00826	0.00965	0.01011	0.01022	0.00815	0.00592	0.01256	0.01359	0.01812	0.03211	0.19889	0.03755	0.54366	0.03692	0.00735	0.00769	0.01541	0.00592	0.00569
16	0.02138	0.48080	0.24659	0.01824	0.02751	0.02976	0.02069	0.02662	0.01795	0.02289	0.01330	0.01547	0.01115	0.00774	0.00649	0.00216	0.01052	0.00526	0.00372	0.01176
17	0.02641	0.32988	0.03388	0.01882	0.02424	0.27601	0.01599	0.03048	0.06327	0.02203	0.01426	0.01648	0.01234	0.00911	0.00889	0.00228	0.07474	0.00569	0.00440	0.01080
18	0.01268	0.00846	0.00951	0.00951	0.00951	0.00846	0.00529	0.01268	0.01268	0.01691	0.02748	0.05708	0.03171	0.69345	0.04440	0.00846	0.00846	0.01268	0.00529	0.00529
19	0.02094	0.02281	0.02295	0.30772	0.03903	0.23052	0.01877	0.02496	0.01910	0.02152	0.01660	0.02322	0.01379	0.02156	0.15463	0.00519	0.01563	0.00740	0.00426	0.00940
20	0.02689	0.02895	0.03045	0.03847	0.34690	0.26153	0.02201	0.08853	0.02382	0.02847	0.01576	0.01932	0.01295	0.00850	0.00835	0.00246	0.01231	0.00697	0.00483	0.01252
21	0.02458	0.02766	0.02696	0.23345	0.15885	0.28698	0.02095	0.03005	0.06185	0.02409	0.01619	0.02040	0.01291	0.00885	0.00836	0.00257	0.01277	0.00701	0.00456	0.01097
22	0.01063	0.00759	0.01012	0.01215	0.01265	0.00709	0.00810	0.01215	0.01670	0.02227	0.04808	0.68775	0.05769	0.02733	0.01113	0.00354	0.00506	0.02480	0.00810	0.00709
23	0.75506	0.01687	0.01282	0.01147	0.01687	0.01957	0.00945	0.02564	0.01484	0.03914	0.01215	0.01417	0.00945	0.00810	0.00540	0.00270	0.00675	0.00472	0.00540	0.00945
24	0.01101	0.00789	0.01047	0.01188	0.01274	0.00734	0.00813	0.01312	0.01850	0.02513	0.17992	0.54776	0.06323	0.02519	0.01094	0.00336	0.00485	0.02277	0.00844	0.00734
25	0.16604	0.02197	0.02274	0.10771	0.02909	0.05772	0.01594	0.31598	0.10632	0.04333	0.01999	0.02118	0.01469	0.00988	0.00807	0.00270	0.00932	0.00738	0.00722	0.01272
26	0.02076	0.01562	0.01829	0.01659	0.02101	0.01612	0.01393	0.21076	0.05894	0.03603	0.03752	0.06068	0.07753	0.01711	0.01011	0.00315	0.00805	0.26489	0.00802	0.08487
27	0.02213	0.46919	0.22199	0.01828	0.02717	0.06545	0.02013	0.02705	0.01832	0.02266	0.01324	0.01539	0.01115	0.00779	0.00652	0.00215	0.01074	0.00524	0.00376	0.01163
28	0.02332	0.69869	0.04571	0.01493	0.02239	0.03451	0.01493	0.02612	0.01772	0.02052	0.01213	0.01399	0.01119	0.00746	0.00560	0.00187	0.00933	0.00466	0.00373	0.01119
29	0.01261	0.00875	0.01102	0.01102	0.01153	0.00927	0.00716	0.01365	0.01313	0.01803	0.02611	0.04948	0.02841	0.48407	0.24926	0.01031	0.01343	0.01157	0.00508	0.00612
30	0.02266	0.05243	0.13650	0.02188	0.07157	0.02000	0.01927	0.23800	0.02734	0.03691	0.02768	0.04605	0.02570	0.01428	0.00961	0.00308	0.00972	0.19830	0.00703	0.01198
31	0.02193	0.15938	0.11440	0.23238	0.03730	0.02371	0.02019	0.17706	0.02398	0.03132	0.02147	0.02445	0.05684	0.00982	0.00815	0.00260	0.01029	0.00774	0.00539	0.01162
32	0.06286	0.57265	0.07959	0.01592	0.02338	0.07950	0.01584	0.02684	0.01814	0.02202	0.01245	0.01441	0.01109	0.00766	0.00592	0.00199	0.00989	0.00485	0.00387	0.01112
33	0.02286	0.02671	0.18663	0.02132	0.05691	0.02137	0.01951	0.16955	0.23028	0.03718	0.02369	0.02395	0.01760	0.00978	0.00840	0.00262	0.00922	0.00786	0.00684	0.09775
34	0.05657	0.13362	0.38466	0.02437	0.03501	0.02221	0.13178	0.02821	0.01891	0.06250	0.01640	0.01913	0.01199	0.00813	0.00814	0.00266	0.01208	0.00693	0.00431	0.01238
35	0.01506	0.15772	0.01933	0.01282	0.01638	0.01553	0.01052	0.02022	0.08796	0.02437	0.07302	0.12437	0.21557	0.02504	0.11027	0.00455	0.00895	0.04252	0.00678	0.00903
36	0.02126	0.14846	0.02365	0.01684	0.02066	0.18631	0.01363	0.06505	0.01945	0.02307	0.01849	0.02464	0.01654	0.03580	0.31893	0.00783	0.01774	0.00738	0.00474	0.00954
37	0.02660	0.15133	0.02722	0.01772	0.02357	0.02486	0.01498	0.36348	0.03044	0.04051	0.01978	0.02260	0.01570	0.02225	0.15431	0.00504	0.01264	0.00757	0.00685	0.01255
38	0.02717	0.03286	0.02103	0.01974	0.02321	0.48804	0.01461	0.02922	0.02245	0.02133	0.02074	0.11112	0.02089	0.06907	0.01153	0.00302	0.01336	0.03621	0.00520	0.00921
39	0.20312	0.07958	0.16058	0.01657	0.02361	0.01966	0.01613	0.02992	0.16999	0.03184	0.02190	0.07058	0.01830	0.01028	0.00749	0.00261	0.00822	0.00796	0.00593	0.09573

[dist]
# distance from previous block
# <min> <max>
7	14

[block]
# block no. 8 follows, 20 sequences, length 26
# corresponding to MSA columns:
# 275-300
name=unknown_I
#
# <colnr> <probs for GDERKNQSTAVLIFYWHMCP>
#	G	D	E	R	K	N	Q	S	T	A	V	L	I	F	Y	W	H	M	C	P
0	0.06393	0.09117	0.02241	0.01703	0.02191	0.17212	0.01349	0.13688	0.02482	0.15417	0.02652	0.16776	0.02416	0.01348	0.00858	0.00268	0.00947	0.01077	0.00731	0.01135
1	0.02224	0.06948	0.02952	0.02249	0.02754	0.18584	0.15698	0.05983	0.02042	0.02492	0.01750	0.02308	0.01487	0.02394	0.18459	0.00560	0.04852	0.00789	0.00472	0.05003
2	0.07993	0.23738	0.02950	0.01925	0.05289	0.24968	0.01499	0.09370	0.02220	0.02608	0.01537	0.02016	0.01371	0.07824	0.01083	0.00285	0.01139	0.00633	0.00487	0.01062
3	0.02255	0.34021	0.12096	0.01660	0.02351	0.02476	0.01643	0.05189	0.04845	0.09256	0.01869	0.02132	0.01520	0.01906	0.12800	0.00443	0.01213	0.00663	0.00514	0.01149
4	0.06731	0.47255	0.03555	0.01461	0.02054	0.05954	0.01332	0.05423	0.01851	0.02323	0.01664	0.06440	0.01651	0.07900	0.01019	0.00276	0.00912	0.00706	0.00458	0.01034
5	0.15226	0.13405	0.02618	0.09800	0.02814	0.13125	0.03915	0.09477	0.12967	0.03131	0.01950	0.02327	0.01574	0.00976	0.00771	0.00261	0.01000	0.02951	0.00584	0.01129
6	0.02668	0.01892	0.02070	0.01714	0.02231	0.02074	0.01347	0.25602	0.24111	0.10925	0.02861	0.03150	0.02233	0.11428	0.01418	0.00363	0.00823	0.00940	0.00849	0.01303
7	0.02195	0.06614	0.02038	0.01516	0.02002	0.01785	0.01195	0.24591	0.02642	0.03602	0.06265	0.14644	0.02806	0.09430	0.01286	0.00319	0.00772	0.01123	0.00725	0.14449
8	0.01142	0.00959	0.01116	0.01121	0.01321	0.00933	0.00836	0.01356	0.01878	0.02376	0.10777	0.22139	0.39550	0.02237	0.01237	0.00316	0.07307	0.01867	0.00776	0.00758
9	0.01629	0.01098	0.01511	0.01440	0.01681	0.01227	0.01117	0.02185	0.08760	0.08571	0.02614	0.03470	0.02284	0.08391	0.48546	0.01128	0.01906	0.00951	0.00583	0.00910
10	0.09622	0.45001	0.20763	0.01730	0.02604	0.02908	0.01911	0.02648	0.01762	0.02437	0.01310	0.01522	0.01098	0.00775	0.00631	0.00220	0.01004	0.00516	0.00389	0.01148
11	0.02296	0.46726	0.18835	0.01817	0.02660	0.10148	0.01931	0.02746	0.01868	0.02232	0.01313	0.01525	0.01116	0.00783	0.00650	0.00212	0.01091	0.00520	0.00381	0.01148
12	0.01118	0.00858	0.00921	0.00941	0.01107	0.00772	0.00630	0.01254	0.01701	0.02108	0.06274	0.13592	0.36324	0.25995	0.02244	0.00495	0.00591	0.01704	0.00710	0.00660
13	0.01984	0.02873	0.19510	0.03390	0.04370	0.02163	0.46894	0.02786	0.02007	0.02786	0.01717	0.02230	0.01271	0.00758	0.00981	0.00290	0.01427	0.00937	0.00424	0.01204
14	0.01258	0.00887	0.01159	0.01159	0.01231	0.00959	0.00788	0.01402	0.01330	0.01845	0.02558	0.04655	0.02714	0.40352	0.32807	0.01102	0.01534	0.01114	0.00500	0.00644
15	0.01408	0.01098	0.01304	0.01234	0.01501	0.01103	0.00929	0.02235	0.15589	0.03322	0.40371	0.10529	0.12452	0.01763	0.01004	0.00287	0.00483	0.01539	0.00918	0.00929
16	0.02099	0.18278	0.03551	0.14380	0.36506	0.02337	0.02269	0.02564	0.01886	0.02556	0.01518	0.01986	0.01278	0.00779	0.00781	0.00240	0.01013	0.00689	0.00415	0.04874
17	0.02009	0.01647	0.02169	0.18963	0.03160	0.01796	0.01606	0.16210	0.02230	0.03102	0.01835	0.02376	0.01493	0.02148	0.15285	0.00497	0.04504	0.00754	0.00551	0.17662
18	0.09556	0.02459	0.10244	0.25837	0.16882	0.11165	0.06570	0.02642	0.01907	0.02622	0.01524	0.02034	0.01186	0.00835	0.00830	0.00271	0.01183	0.00717	0.00423	0.01113
19	0.06103	0.11446	0.02797	0.02399	0.08831	0.41714	0.01729	0.10105	0.02491	0.02673	0.01445	0.01667	0.01185	0.00882	0.00767	0.00230	0.01331	0.00595	0.00493	0.01115
20	0.07690	0.02315	0.01956	0.01766	0.02126	0.21732	0.01358	0.11541	0.06282	0.02836	0.02110	0.06388	0.01909	0.06126	0.16757	0.00569	0.04091	0.00867	0.00578	0.01002
21	0.02039	0.02452	0.20848	0.18488	0.03768	0.01798	0.08149	0.02904	0.08205	0.11332	0.09026	0.02843	0.02251	0.01009	0.00895	0.00283	0.01040	0.00889	0.00599	0.01181
22	0.18108	0.02755	0.06790	0.11015	0.06430	0.20806	0.16573	0.02866	0.01999	0.02768	0.01478	0.01878	0.01152	0.00825	0.00812	0.00265	0.01257	0.00703	0.00453	0.01068
23	0.02380	0.02179	0.01999	0.01616	0.02192	0.13955	0.01262	0.17870	0.04914	0.03305	0.02563	0.02851	0.07839	0.05994	0.01058	0.00258	0.00902	0.00804	0.00643	0.25413
24	0.20381	0.03173	0.01996	0.01820	0.02273	0.42717	0.01385	0.02996	0.02177	0.02589	0.02208	0.02348	0.08512	0.01033	0.00756	0.00244	0.01222	0.00693	0.00514	0.00962
25	0.07453	0.17126	0.02848	0.02024	0.04937	0.26448	0.01587	0.13642	0.06056	0.07498	0.01739	0.01844	0.01353	0.00913	0.00755	0.00235	0.01139	0.00633	0.00586	0.01186

[dist]
# distance from previous block
# <min> <max>
23	55

[block]
# block no. 9 follows, 20 sequences, length 11
# corresponding to MSA columns:
# 358-368
name=unknown_J
#
# <colnr> <probs for GDERKNQSTAVLIFYWHMCP>
#	G	D	E	R	K	N	Q	S	T	A	V	L	I	F	Y	W	H	M	C	P
0	0.02336	0.02101	0.10597	0.07400	0.05298	0.01866	0.01695	0.13249	0.18278	0.12207	0.03598	0.03507	0.11605	0.01215	0.00896	0.00281	0.00841	0.00998	0.00768	0.01265
1	0.02084	0.02605	0.10566	0.01723	0.02315	0.21451	0.01483	0.02457	0.02005	0.02476	0.02428	0.13935	0.05095	0.01198	0.00817	0.00228	0.00991	0.00962	0.00542	0.24639
2	0.02709	0.01977	0.02193	0.01729	0.02355	0.02046	0.01394	0.34993	0.07425	0.07871	0.02468	0.09612	0.02046	0.01165	0.00854	0.00248	0.00813	0.00939	0.00806	0.16357
3	0.02979	0.03711	0.02324	0.02130	0.02539	0.56866	0.01603	0.03216	0.02324	0.02120	0.01485	0.01830	0.01270	0.01681	0.09812	0.00388	0.01679	0.00613	0.00452	0.00979
4	0.01325	0.01016	0.01281	0.01279	0.01522	0.01007	0.00980	0.01730	0.06514	0.02364	0.04483	0.15232	0.17300	0.03288	0.18010	0.05897	0.01046	0.08270	0.00672	0.06782
5	0.01471	0.01293	0.02098	0.01847	0.02060	0.01529	0.08445	0.01811	0.01468	0.02132	0.02039	0.03006	0.01878	0.04878	0.45961	0.01072	0.14790	0.00913	0.00448	0.00860
6	0.02208	0.02018	0.02174	0.14340	0.02925	0.09380	0.01603	0.16326	0.10781	0.03194	0.03325	0.03464	0.13787	0.01303	0.01136	0.00289	0.08990	0.00992	0.00661	0.01104
7	0.02148	0.15102	0.02337	0.01619	0.02042	0.16912	0.01317	0.09343	0.02132	0.02521	0.02760	0.03130	0.10152	0.02839	0.21204	0.00601	0.01459	0.00865	0.00541	0.00978
8	0.02115	0.10256	0.02221	0.01518	0.02162	0.13875	0.01216	0.02546	0.04972	0.02608	0.01804	0.06568	0.01628	0.00883	0.00708	0.00179	0.00851	0.00683	0.00526	0.42682
9	0.02249	0.26351	0.15148	0.02478	0.12314	0.14087	0.04723	0.02712	0.01977	0.02385	0.01994	0.02226	0.06057	0.00909	0.00758	0.00235	0.01120	0.00700	0.00433	0.01146
10	0.01874	0.06710	0.27888	0.01884	0.02684	0.01899	0.02025	0.10668	0.09444	0.03072	0.03314	0.03404	0.13419	0.01609	0.05960	0.00363	0.01070	0.00947	0.00594	0.01171

[dist]
# distance from previous block
# <min> <max>
13	49

[block]
# block no. 10 follows, 20 sequences, length 28
# corresponding to MSA columns:
# 442-469
name=unknown_K
#
# <colnr> <probs for GDERKNQSTAVLIFYWHMCP>
#	G	D	E	R	K	N	Q	S	T	A	V	L	I	F	Y	W	H	M	C	P
0	0.11287	0.02297	0.01982	0.06127	0.02455	0.19387	0.01479	0.15381	0.02514	0.03224	0.02951	0.04196	0.08054	0.01378	0.00897	0.00288	0.01023	0.13386	0.00662	0.01032
1	0.14567	0.10271	0.09353	0.05088	0.02669	0.23109	0.01685	0.12798	0.02408	0.03160	0.05811	0.02030	0.01652	0.00946	0.00762	0.00247	0.01119	0.00666	0.00552	0.01108
2	0.02843	0.11159	0.02702	0.06271	0.02773	0.19531	0.01613	0.25012	0.05824	0.03559	0.01758	0.01908	0.01356	0.00920	0.00786	0.00231	0.01087	0.00665	0.00625	0.09379
3	0.09601	0.15875	0.02604	0.07834	0.02577	0.02263	0.01454	0.22160	0.02569	0.07858	0.02124	0.09330	0.01831	0.01101	0.00784	0.00249	0.00854	0.00860	0.00669	0.07402
4	0.03094	0.06917	0.08681	0.02089	0.02780	0.19732	0.01807	0.36554	0.03312	0.04131	0.01792	0.01890	0.01329	0.00969	0.00827	0.00249	0.01156	0.00693	0.00682	0.01317
5	0.01553	0.01173	0.01342	0.01216	0.01529	0.01145	0.00932	0.12837	0.02556	0.03405	0.29193	0.12198	0.23838	0.01865	0.01008	0.00286	0.00535	0.01594	0.00883	0.00912
6	0.02007	0.20149	0.02728	0.01637	0.02117	0.02221	0.01400	0.07821	0.01859	0.02588	0.01682	0.05065	0.01559	0.01784	0.09873	0.00392	0.15153	0.00728	0.00490	0.18745
7	0.01351	0.01158	0.01936	0.08193	0.02318	0.01128	0.11265	0.01736	0.02020	0.02763	0.24203	0.29237	0.05395	0.01876	0.01046	0.00310	0.00705	0.01749	0.00756	0.00854
8	0.01836	0.02456	0.16336	0.12969	0.04041	0.01875	0.26583	0.02516	0.01902	0.02676	0.01816	0.05682	0.01484	0.00868	0.00904	0.00266	0.01197	0.00902	0.00450	0.13242
9	0.05954	0.12416	0.05419	0.01803	0.02497	0.02499	0.01569	0.35653	0.06166	0.04270	0.01934	0.02047	0.01465	0.01221	0.03986	0.00297	0.00981	0.00709	0.00708	0.08407
10	0.08859	0.22002	0.24102	0.01672	0.02449	0.02092	0.01838	0.02355	0.01907	0.02748	0.12420	0.03144	0.08922	0.01108	0.00778	0.00252	0.00893	0.00858	0.00531	0.01071
11	0.01286	0.00996	0.01523	0.07980	0.02002	0.01175	0.01223	0.01625	0.01436	0.02045	0.02258	0.03317	0.02079	0.05976	0.59393	0.01291	0.02219	0.00919	0.00459	0.00798
12	0.03316	0.02443	0.02618	0.02007	0.02705	0.02705	0.01658	0.60995	0.04101	0.05497	0.02094	0.02094	0.01483	0.01047	0.00873	0.00262	0.00960	0.00785	0.00873	0.01483
13	0.02296	0.02547	0.02091	0.02260	0.09994	0.29465	0.01530	0.02777	0.07955	0.02447	0.03026	0.15171	0.06672	0.01470	0.00920	0.00280	0.01080	0.06404	0.00611	0.01002
14	0.01809	0.01550	0.01809	0.01292	0.02067	0.01163	0.01034	0.02196	0.01809	0.02842	0.01550	0.01809	0.01292	0.00646	0.00646	0.00129	0.00646	0.00517	0.00517	0.74677
15	0.01261	0.00917	0.01128	0.01186	0.01329	0.00879	0.00826	0.05292	0.01972	0.02637	0.15448	0.40573	0.11833	0.08809	0.01394	0.00375	0.00545	0.02019	0.00814	0.00767
16	0.02294	0.65609	0.08498	0.01557	0.02339	0.03359	0.01605	0.02622	0.01777	0.02099	0.01236	0.01428	0.01118	0.00752	0.00577	0.00192	0.00956	0.00478	0.00373	0.01130
17	0.02820	0.06125	0.02282	0.01824	0.02321	0.19562	0.01453	0.15926	0.06561	0.13218	0.02211	0.02421	0.01705	0.02192	0.14894	0.00498	0.01372	0.00767	0.00676	0.01174
18	0.01550	0.01412	0.01655	0.01837	0.08540	0.07406	0.01263	0.01972	0.04860	0.02323	0.03838	0.04635	0.16013	0.03841	0.30273	0.00791	0.01508	0.04810	0.00582	0.00891
19	0.05415	0.02408	0.02355	0.06555	0.08544	0.15555	0.01643	0.22046	0.10900	0.03755	0.09780	0.02695	0.02368	0.01081	0.00863	0.00262	0.00994	0.00852	0.00709	0.01222
20	0.02291	0.10820	0.02746	0.01975	0.02421	0.12379	0.07363	0.11160	0.05456	0.02753	0.01808	0.02457	0.01596	0.08963	0.06085	0.00407	0.12148	0.00787	0.00529	0.05854
21	0.02773	0.02324	0.02133	0.01749	0.02317	0.15670	0.01383	0.24616	0.02890	0.09784	0.02830	0.07294	0.07724	0.01191	0.00854	0.00245	0.00945	0.00928	0.00741	0.11608
22	0.02101	0.05929	0.02062	0.01742	0.02039	0.21857	0.01366	0.04913	0.02060	0.02481	0.12576	0.03052	0.02712	0.02826	0.20725	0.00606	0.08594	0.00879	0.00552	0.00929
23	0.09768	0.30224	0.03168	0.01804	0.02385	0.30115	0.01515	0.03124	0.06276	0.02379	0.01435	0.01605	0.01212	0.00849	0.00678	0.00219	0.01167	0.00544	0.00458	0.01074
24	0.02250	0.01830	0.02573	0.02180	0.05864	0.01934	0.10303	0.24622	0.02595	0.03574	0.02064	0.02571	0.01678	0.02833	0.23079	0.00646	0.01488	0.00853	0.00620	0.06441
25	0.12430	0.01921	0.06705	0.20218	0.03615	0.01902	0.11469	0.11413	0.02181	0.03152	0.02678	0.03412	0.08426	0.01137	0.00892	0.00292	0.01012	0.05511	0.00573	0.01062
26	0.07232	0.09784	0.11045	0.01689	0.02244	0.10131	0.01530	0.11147	0.02184	0.02921	0.02548	0.09484	0.04327	0.07613	0.01179	0.00322	0.00955	0.07241	0.00596	0.05826
27	0.07855	0.05903	0.09474	0.02093	0.02649	0.18638	0.01830	0.21883	0.02616	0.03420	0.01562	0.01820	0.01231	0.01049	0.01195	0.00274	0.14079	0.00673	0.00569	0.01186

[dist]
# distance from previous block
# <min> <max>
0	7

[block]
# block no. 11 follows, 20 sequences, length 8
# corresponding to MSA columns:
# 477-484
name=unknown_L
#
# <colnr> <probs for GDERKNQSTAVLIFYWHMCP>
#	G	D	E	R	K	N	Q	S	T	A	V	L	I	F	Y	W	H	M	C	P
0	0.01584	0.01651	0.06275	0.16149	0.03284	0.01610	0.13657	0.02260	0.07027	0.02453	0.02895	0.03459	0.09187	0.02790	0.21101	0.00636	0.01469	0.01016	0.00517	0.00980
1	0.02434	0.05967	0.12068	0.02417	0.10007	0.23718	0.01904	0.10247	0.02269	0.02725	0.01716	0.02137	0.01422	0.02079	0.14573	0.00489	0.01518	0.00704	0.00490	0.01115
2	0.17567	0.01314	0.01460	0.01253	0.01717	0.01280	0.00995	0.02517	0.05250	0.15377	0.12920	0.03995	0.12736	0.01786	0.06983	0.00366	0.00764	0.01025	0.00767	0.09928
3	0.02308	0.02751	0.02558	0.02133	0.02628	0.31867	0.14145	0.02642	0.02232	0.02346	0.03762	0.03859	0.20541	0.01270	0.00915	0.00261	0.01200	0.01060	0.00560	0.00962
4	0.02409	0.10557	0.02551	0.01797	0.02351	0.15607	0.01471	0.10779	0.02183	0.02838	0.01471	0.01767	0.01236	0.00925	0.01093	0.00220	0.12913	0.00602	0.00511	0.26717
5	0.17481	0.01260	0.01342	0.01291	0.01632	0.01304	0.01038	0.08932	0.02177	0.03274	0.12790	0.11886	0.16900	0.01799	0.00950	0.00311	0.00633	0.13327	0.00779	0.00895
6	0.01966	0.11334	0.43346	0.02185	0.03262	0.08105	0.02577	0.02734	0.01889	0.02635	0.01503	0.01762	0.01135	0.00800	0.00769	0.00241	0.01186	0.00599	0.00397	0.11575
7	0.06483	0.16958	0.31613	0.02076	0.02985	0.11130	0.02272	0.03084	0.10409	0.02727	0.01724	0.01890	0.01320	0.00871	0.00761	0.00254	0.01137	0.00636	0.00464	0.01210

[dist]
# distance from previous block
# <min> <max>
1	3

[block]
# block no. 12 follows, 20 sequences, length 7
# corresponding to MSA columns:
# 488-494
name=unknown_M
#
# <colnr> <probs for GDERKNQSTAVLIFYWHMCP>
#	G	D	E	R	K	N	Q	S	T	A	V	L	I	F	Y	W	H	M	C	P
0	0.02584	0.19736	0.17927	0.02367	0.08419	0.19927	0.02090	0.11942	0.02361	0.02850	0.01509	0.01729	0.01197	0.00857	0.00762	0.00237	0.01206	0.00613	0.00476	0.01211
1	0.01840	0.02398	0.17868	0.07565	0.32656	0.01806	0.02467	0.02443	0.01939	0.02720	0.02583	0.03595	0.06758	0.01124	0.00914	0.00287	0.01027	0.08312	0.00493	0.01207
2	0.01269	0.01024	0.01270	0.07482	0.01837	0.01041	0.01009	0.01809	0.10420	0.02462	0.05297	0.38452	0.18913	0.02208	0.01038	0.00325	0.00579	0.01950	0.00781	0.00836
3	0.02759	0.03041	0.02677	0.16800	0.12162	0.33588	0.01983	0.11511	0.02483	0.02749	0.01543	0.01897	0.01222	0.00897	0.00829	0.00249	0.01317	0.00672	0.00495	0.01124
4	0.06513	0.02057	0.02788	0.20270	0.03744	0.02241	0.09273	0.28453	0.02824	0.03905	0.01801	0.02127	0.01326	0.00908	0.00853	0.00262	0.01036	0.00771	0.00631	0.08219
5	0.01972	0.01926	0.03268	0.21485	0.17288	0.02036	0.16546	0.02940	0.13879	0.02819	0.02019	0.02451	0.01554	0.00867	0.00899	0.00277	0.01089	0.00866	0.00517	0.05303
6	0.01969	0.02399	0.17368	0.29354	0.09782	0.02007	0.02368	0.12429	0.02256	0.03082	0.06954	0.02514	0.01829	0.00961	0.00875	0.00278	0.01082	0.00815	0.00519	0.01158

[dist]
# distance from previous block
# <min> <max>
7	13

[block]
# block no. 13 follows, 20 sequences, length 12
# corresponding to MSA columns:
# 508-519
name=unknown_N
#
# <colnr> <probs for GDERKNQSTAVLIFYWHMCP>
#	G	D	E	R	K	N	Q	S	T	A	V	L	I	F	Y	W	H	M	C	P
0	0.10013	0.09285	0.01809	0.01401	0.01772	0.01470	0.01111	0.04805	0.05619	0.14623	0.03531	0.29642	0.03584	0.01785	0.00924	0.00305	0.00673	0.05848	0.00788	0.01011
1	0.02696	0.16577	0.07608	0.02154	0.07355	0.24694	0.01709	0.03281	0.08640	0.09737	0.05838	0.02265	0.01884	0.00961	0.00787	0.00240	0.01113	0.00713	0.00579	0.01167
2	0.05161	0.02044	0.07572	0.25824	0.03782	0.02250	0.02066	0.13988	0.02133	0.03016	0.04150	0.02266	0.01507	0.01116	0.01398	0.00307	0.19036	0.00784	0.00512	0.01087
3	0.02066	0.07048	0.02154	0.04014	0.02191	0.01859	0.01325	0.18323	0.02426	0.03331	0.07379	0.13024	0.06545	0.01390	0.01102	0.00263	0.08755	0.01097	0.00682	0.15024
4	0.02884	0.27439	0.03311	0.02125	0.06863	0.25823	0.01663	0.12159	0.02440	0.05554	0.01533	0.01698	0.01245	0.00866	0.00727	0.00221	0.01168	0.00592	0.00516	0.01173
5	0.01900	0.01587	0.02087	0.28494	0.03602	0.01744	0.01657	0.16413	0.02395	0.03110	0.03680	0.03895	0.18336	0.01266	0.00900	0.00274	0.00880	0.01052	0.00631	0.06097
6	0.02887	0.03357	0.02870	0.09982	0.06217	0.41006	0.08761	0.09584	0.02497	0.02629	0.01517	0.01837	0.01204	0.00887	0.00838	0.00246	0.01421	0.00676	0.00487	0.01096
7	0.06966	0.03512	0.16340	0.02042	0.02637	0.34712	0.01826	0.03085	0.06746	0.02448	0.01729	0.02254	0.01475	0.09166	0.01230	0.00320	0.01298	0.00693	0.00480	0.01041
8	0.02258	0.10507	0.02529	0.05032	0.14077	0.19897	0.01612	0.07012	0.02282	0.02703	0.09182	0.07384	0.09531	0.01233	0.00859	0.00254	0.01004	0.00998	0.00587	0.01058
9	0.01738	0.09855	0.06924	0.01514	0.02001	0.01618	0.01281	0.05164	0.14134	0.02803	0.03130	0.26505	0.03177	0.01562	0.00880	0.00270	0.00704	0.01345	0.00686	0.14708
