[name]
unknown

[dist]
# distance from previous block
# <min> <max>
0	51

[block]
# block no. 0 follows, 21 sequences, length 10
# corresponding to MSA columns:
# 51-60
name=unknown_A
#
# <colnr> <probs for GDERKNQSTAVLIFYWHMCP>
#	G	D	E	R	K	N	Q	S	T	A	V	L	I	F	Y	W	H	M	C	P
0	0.01343	0.00970	0.01331	0.01512	0.01715	0.00959	0.01314	0.01720	0.01958	0.02527	0.04830	0.09488	0.09594	0.02335	0.01162	0.00384	0.00756	0.54540	0.00784	0.00778
1	0.17797	0.01448	0.01594	0.01377	0.01771	0.01545	0.03995	0.09885	0.11958	0.03334	0.13389	0.04166	0.11671	0.10944	0.01326	0.00350	0.00684	0.01082	0.00721	0.00963
2	0.01716	0.01171	0.01335	0.01267	0.01578	0.01170	0.00942	0.02503	0.18374	0.11201	0.05108	0.20491	0.20427	0.07228	0.01230	0.00341	0.00583	0.01547	0.00825	0.00965
3	0.01489	0.01337	0.01963	0.05939	0.18582	0.01290	0.04058	0.01956	0.05187	0.02610	0.09883	0.12182	0.23765	0.01549	0.00939	0.00276	0.00695	0.01374	0.00658	0.04268
4	0.02000	0.01782	0.02806	0.32013	0.20599	0.01983	0.05391	0.12012	0.02122	0.02848	0.01721	0.02436	0.01397	0.06000	0.01116	0.00311	0.01062	0.00808	0.00480	0.01114
5	0.01986	0.02035	0.02369	0.08736	0.25467	0.15981	0.01804	0.02322	0.01918	0.02367	0.02401	0.17168	0.02471	0.05081	0.01087	0.00306	0.01005	0.03954	0.00524	0.01017
6	0.02339	0.02934	0.14870	0.13142	0.12008	0.19156	0.02115	0.10252	0.02241	0.02808	0.01543	0.01874	0.01197	0.00834	0.00795	0.00238	0.01167	0.00650	0.00471	0.09367
7	0.02548	0.01986	0.02086	0.01767	0.02139	0.10978	0.01418	0.11906	0.09267	0.14205	0.07598	0.02688	0.02208	0.01193	0.01293	0.00279	0.16926	0.00838	0.07542	0.01132
8	0.01356	0.01054	0.01134	0.06362	0.01615	0.04873	0.00894	0.01628	0.01786	0.02448	0.04569	0.25473	0.17934	0.02014	0.03671	0.00324	0.00643	0.01540	0.19916	0.00765
9	0.01293	0.00918	0.01110	0.01164	0.01292	0.00893	0.00798	0.06632	0.01786	0.02344	0.04458	0.40110	0.12806	0.12796	0.01718	0.05976	0.00594	0.01878	0.00722	0.00712

[dist]
# distance from previous block
# <min> <max>
4	18

[block]
# block no. 1 follows, 21 sequences, length 9
# corresponding to MSA columns:
# 79-87
name=unknown_B
#
# <colnr> <probs for GDERKNQSTAVLIFYWHMCP>
#	G	D	E	R	K	N	Q	S	T	A	V	L	I	F	Y	W	H	M	C	P
0	0.38845	0.01768	0.02189	0.09439	0.21660	0.02004	0.01678	0.02461	0.01613	0.03168	0.01341	0.01741	0.01093	0.00849	0.00861	0.00272	0.06888	0.00609	0.00465	0.01057
1	0.10894	0.01751	0.02787	0.32497	0.31049	0.01950	0.02296	0.02405	0.01774	0.02639	0.01511	0.02090	0.01202	0.00803	0.00808	0.00268	0.01023	0.00721	0.00415	0.01118
2	0.09915	0.01770	0.01820	0.04148	0.07634	0.09537	0.01290	0.12188	0.05005	0.02906	0.02797	0.03416	0.09386	0.11035	0.12989	0.00530	0.01144	0.00928	0.00590	0.00971
3	0.02119	0.01584	0.01594	0.01427	0.01810	0.08145	0.01111	0.06390	0.16504	0.11086	0.06956	0.03716	0.10017	0.01973	0.10140	0.00413	0.00925	0.00995	0.12042	0.01054
4	0.01553	0.01250	0.02046	0.08032	0.02385	0.01247	0.12800	0.01948	0.01680	0.02513	0.02315	0.08711	0.02073	0.02320	0.15497	0.04017	0.01135	0.00969	0.18705	0.08804
5	0.15682	0.01367	0.01429	0.01325	0.01741	0.01437	0.01061	0.02802	0.19684	0.09723	0.04633	0.05086	0.20136	0.01518	0.00882	0.00294	0.00622	0.08762	0.00790	0.01025
6	0.01277	0.01000	0.01149	0.01111	0.01339	0.00966	0.00790	0.01682	0.08001	0.02252	0.04633	0.14429	0.21113	0.19597	0.09806	0.00548	0.00807	0.01433	0.00663	0.07404
7	0.01199	0.00835	0.01027	0.01053	0.01175	0.00831	0.00731	0.01401	0.01611	0.02242	0.10371	0.16147	0.12343	0.21685	0.15305	0.00655	0.00921	0.01435	0.08350	0.00683
8	0.02134	0.02393	0.02096	0.05268	0.02302	0.26874	0.03852	0.02368	0.01927	0.02160	0.06065	0.03361	0.10566	0.09645	0.01669	0.00342	0.14665	0.00931	0.00508	0.00875

[dist]
# distance from previous block
# <min> <max>
0	4

[block]
# block no. 2 follows, 21 sequences, length 13
# corresponding to MSA columns:
# 92-104
name=unknown_C
#
# <colnr> <probs for GDERKNQSTAVLIFYWHMCP>
#	G	D	E	R	K	N	Q	S	T	A	V	L	I	F	Y	W	H	M	C	P
0	0.02134	0.04819	0.02386	0.11352	0.16316	0.18699	0.01744	0.05167	0.05893	0.02519	0.02371	0.15714	0.02327	0.01283	0.00877	0.00272	0.01024	0.03511	0.00553	0.01040
1	0.06023	0.04353	0.02698	0.11861	0.19873	0.03853	0.07340	0.02362	0.04501	0.02623	0.08049	0.02680	0.02088	0.01706	0.09816	0.00420	0.07352	0.00853	0.00493	0.01057
2	0.14033	0.01268	0.01373	0.01234	0.01625	0.01320	0.00981	0.02899	0.13510	0.15025	0.09244	0.03553	0.02814	0.01161	0.00762	0.00257	0.00576	0.04396	0.22926	0.01042
3	0.02099	0.05633	0.05282	0.10776	0.06522	0.25688	0.01577	0.02451	0.02124	0.02438	0.14090	0.09885	0.05487	0.01258	0.00863	0.00256	0.01036	0.01022	0.00568	0.00946
4	0.06396	0.01987	0.11008	0.19081	0.28260	0.01763	0.02224	0.02281	0.01782	0.02590	0.02040	0.12900	0.01922	0.01096	0.00859	0.00278	0.00968	0.00989	0.00468	0.01107
5	0.02150	0.06149	0.02423	0.20163	0.13549	0.21611	0.01784	0.02532	0.01992	0.02353	0.02265	0.02630	0.07371	0.00977	0.00795	0.00245	0.01079	0.00780	0.08157	0.00996
6	0.11680	0.01973	0.08175	0.21853	0.03283	0.06327	0.01778	0.02554	0.09962	0.02735	0.08301	0.05122	0.02178	0.01121	0.01063	0.00287	0.09207	0.00861	0.00538	0.01003
7	0.25820	0.02187	0.06297	0.12459	0.05917	0.09233	0.08801	0.07818	0.01974	0.03132	0.01816	0.02122	0.04268	0.00882	0.00752	0.00259	0.00992	0.00702	0.00507	0.04061
8	0.02112	0.02120	0.03058	0.08272	0.47188	0.09679	0.02320	0.02566	0.01921	0.02576	0.01631	0.02176	0.01386	0.01361	0.07661	0.00366	0.01213	0.00749	0.00424	0.01219
9	0.01750	0.08620	0.02520	0.02862	0.27404	0.01637	0.04526	0.02060	0.01689	0.02342	0.02366	0.03532	0.05360	0.22669	0.01910	0.00425	0.00890	0.00949	0.05512	0.00978
10	0.01895	0.01882	0.11107	0.01641	0.02108	0.01589	0.04745	0.17478	0.02128	0.02932	0.02181	0.03428	0.02048	0.26084	0.10864	0.00603	0.01136	0.00933	0.00567	0.04652
11	0.01147	0.00865	0.01038	0.01038	0.01188	0.00859	0.00730	0.01317	0.01532	0.01984	0.04715	0.05844	0.25060	0.26099	0.22065	0.00795	0.01124	0.01341	0.00597	0.00663
12	0.02197	0.02034	0.02411	0.12957	0.10733	0.07131	0.01789	0.09440	0.26591	0.03111	0.02291	0.02477	0.01774	0.01066	0.01109	0.00286	0.09940	0.00822	0.00632	0.01210

[dist]
# distance from previous block
# <min> <max>
7	33

[block]
# block no. 3 follows, 21 sequences, length 16
# corresponding to MSA columns:
# 138-153
name=unknown_D
#
# <colnr> <probs for GDERKNQSTAVLIFYWHMCP>
#	G	D	E	R	K	N	Q	S	T	A	V	L	I	F	Y	W	H	M	C	P
0	0.02168	0.07039	0.18590	0.02500	0.15231	0.01862	0.02011	0.10381	0.02125	0.10533	0.02298	0.02583	0.04710	0.01857	0.11906	0.00443	0.01206	0.00796	0.00560	0.01202
1	0.05384	0.03300	0.42280	0.02172	0.03150	0.01736	0.09181	0.02388	0.01832	0.02675	0.02979	0.03137	0.14020	0.01072	0.00857	0.00275	0.01079	0.00901	0.00464	0.01118
2	0.02049	0.03022	0.23680	0.03468	0.24331	0.08836	0.09424	0.02670	0.01877	0.02590	0.01506	0.01940	0.01201	0.00865	0.01064	0.00272	0.08875	0.00721	0.00398	0.01210
3	0.02411	0.10013	0.13698	0.02588	0.14009	0.29738	0.01969	0.02843	0.02149	0.02461	0.08559	0.02217	0.01927	0.00927	0.00793	0.00236	0.01199	0.00704	0.00471	0.01090
4	0.01407	0.01172	0.01059	0.01032	0.01199	0.07660	0.00697	0.01562	0.01698	0.02159	0.07609	0.05716	0.21743	0.30697	0.02345	0.00497	0.00708	0.01301	0.09064	0.00673
5	0.02306	0.06951	0.02240	0.01683	0.02230	0.16707	0.04430	0.12867	0.02305	0.02986	0.01998	0.08965	0.01787	0.01014	0.00759	0.00212	0.00919	0.00810	0.07531	0.21300
6	0.01187	0.01248	0.07785	0.01244	0.01579	0.00917	0.01108	0.01535	0.01941	0.02488	0.11568	0.13805	0.32693	0.02074	0.01033	0.00314	0.00605	0.15324	0.00757	0.00795
7	0.09642	0.17649	0.37951	0.02455	0.11209	0.02266	0.02489	0.02633	0.01765	0.02679	0.01429	0.01704	0.01100	0.00783	0.00729	0.00248	0.01090	0.00592	0.00386	0.01200
8	0.02078	0.24850	0.32993	0.02422	0.10167	0.08865	0.02404	0.02709	0.01853	0.02427	0.01407	0.01671	0.01115	0.00784	0.00726	0.00235	0.01148	0.00581	0.00376	0.01189
9	0.01037	0.00741	0.00987	0.01185	0.01234	0.00691	0.00790	0.01185	0.01629	0.02172	0.04690	0.69537	0.05629	0.02666	0.01086	0.00346	0.00494	0.02419	0.00790	0.00691
10	0.02288	0.02450	0.02938	0.10394	0.37644	0.19578	0.02218	0.02708	0.02005	0.02475	0.01560	0.02051	0.01311	0.01184	0.05317	0.00323	0.01253	0.00711	0.00424	0.01169
11	0.02040	0.01991	0.03503	0.12210	0.52238	0.02020	0.08306	0.02573	0.01918	0.02706	0.01602	0.02143	0.01318	0.00765	0.00859	0.00260	0.01066	0.00782	0.00417	0.01283
12	0.01269	0.00871	0.01151	0.01151	0.01288	0.00948	0.00848	0.01521	0.01446	0.02130	0.02836	0.04068	0.06176	0.18216	0.38858	0.00994	0.01553	0.01013	0.12951	0.00713
13	0.01412	0.01295	0.01357	0.01602	0.05767	0.10083	0.01035	0.01594	0.01761	0.02201	0.04004	0.55351	0.04698	0.02284	0.01025	0.00321	0.00676	0.02042	0.00715	0.00778
14	0.01461	0.01699	0.14374	0.03572	0.01954	0.01268	0.01367	0.02048	0.07797	0.02525	0.03073	0.24616	0.03132	0.09395	0.01374	0.00353	0.04294	0.01351	0.13455	0.00891
15	0.01935	0.10562	0.02546	0.02309	0.15125	0.01653	0.07672	0.05462	0.02097	0.08159	0.11712	0.10166	0.09969	0.01290	0.00872	0.00260	0.00772	0.01148	0.05231	0.01060

[dist]
# distance from previous block
# <min> <max>
0	2

[block]
# block no. 4 follows, 21 sequences, length 18
# corresponding to MSA columns:
# 156-173
name=unknown_E
#
# <colnr> <probs for GDERKNQSTAVLIFYWHMCP>
#	G	D	E	R	K	N	Q	S	T	A	V	L	I	F	Y	W	H	M	C	P
0	0.02218	0.04042	0.38988	0.02645	0.09772	0.22589	0.02610	0.02910	0.02007	0.02509	0.01467	0.01746	0.01112	0.00825	0.00799	0.00252	0.01320	0.00617	0.00391	0.01181
1	0.02052	0.01990	0.03467	0.11142	0.55328	0.02018	0.06316	0.02577	0.01920	0.02719	0.01600	0.02134	0.01324	0.00765	0.00854	0.00258	0.01050	0.00774	0.00418	0.01297
2	0.01094	0.00881	0.00985	0.01001	0.01260	0.00771	0.00780	0.01368	0.02025	0.02531	0.17848	0.08072	0.45833	0.02110	0.01030	0.00299	0.00477	0.10076	0.00815	0.00743
3	0.02705	0.16731	0.02944	0.02180	0.05930	0.27760	0.01695	0.12786	0.02312	0.02651	0.01391	0.01678	0.01172	0.00977	0.01112	0.00248	0.13541	0.00614	0.00480	0.01095
4	0.01548	0.01411	0.07462	0.01388	0.01658	0.01201	0.01106	0.12462	0.01992	0.02690	0.03455	0.36448	0.03863	0.17200	0.01739	0.00429	0.00722	0.01682	0.00699	0.00845
5	0.02001	0.30487	0.26425	0.02147	0.07734	0.05986	0.02141	0.02555	0.01773	0.02321	0.01455	0.01782	0.01207	0.01310	0.07021	0.00335	0.01211	0.00592	0.00380	0.01136
6	0.01579	0.13871	0.01850	0.01269	0.01641	0.01587	0.01030	0.02346	0.16910	0.02562	0.07549	0.05487	0.22958	0.08724	0.01250	0.00334	0.00652	0.06764	0.00708	0.00930
7	0.01182	0.00802	0.00945	0.00999	0.01013	0.00788	0.00592	0.01223	0.01346	0.01795	0.03238	0.23305	0.03797	0.51397	0.03432	0.00692	0.00733	0.01565	0.00592	0.00564
8	0.02372	0.02778	0.08175	0.04158	0.42631	0.19945	0.02386	0.02837	0.02058	0.02580	0.01516	0.01923	0.01256	0.00795	0.00819	0.00245	0.01176	0.00690	0.00421	0.01241
9	0.02099	0.02042	0.03568	0.05105	0.60416	0.02031	0.06889	0.02620	0.01943	0.02776	0.01609	0.02120	0.01344	0.00755	0.00854	0.00255	0.01042	0.00776	0.00422	0.01333
10	0.01072	0.00851	0.00974	0.01054	0.01268	0.00753	0.00797	0.01298	0.01866	0.02307	0.06995	0.23591	0.40436	0.02313	0.01053	0.00318	0.00503	0.11041	0.00789	0.00722
11	0.01166	0.00932	0.01059	0.01061	0.01324	0.00851	0.00826	0.01568	0.05297	0.02675	0.21441	0.07678	0.38747	0.02028	0.01022	0.00298	0.00487	0.09929	0.00829	0.00782
12	0.02425	0.06232	0.02189	0.01876	0.02226	0.31315	0.01463	0.02904	0.08705	0.04723	0.02080	0.06213	0.01880	0.01933	0.10590	0.00423	0.07814	0.03486	0.00537	0.00985
13	0.01845	0.01753	0.03101	0.03919	0.38577	0.01775	0.10668	0.02325	0.01790	0.02549	0.01806	0.02476	0.01556	0.02312	0.19132	0.00567	0.01424	0.00836	0.00432	0.01156
14	0.12632	0.01101	0.01205	0.01067	0.01446	0.01046	0.00840	0.02340	0.02012	0.18081	0.11981	0.04519	0.18430	0.01366	0.00804	0.00255	0.00523	0.01108	0.18294	0.00952
15	0.01390	0.01171	0.01648	0.02125	0.16641	0.01131	0.01268	0.01812	0.05321	0.02593	0.11523	0.23346	0.18923	0.01871	0.00993	0.00300	0.00623	0.05686	0.00721	0.00912
16	0.01604	0.01766	0.05379	0.01817	0.02214	0.10670	0.12238	0.01964	0.01945	0.02375	0.04403	0.20067	0.17909	0.01781	0.01004	0.00305	0.00886	0.10155	0.00649	0.00868
17	0.02121	0.13545	0.19678	0.02430	0.12349	0.17315	0.02038	0.02633	0.02048	0.02554	0.10590	0.02678	0.02277	0.00999	0.00806	0.00246	0.01089	0.03019	0.00488	0.01098

[dist]
# distance from previous block
# <min> <max>
1	4

[block]
# block no. 5 follows, 21 sequences, length 142
# corresponding to MSA columns:
# 178-319
name=unknown_F
#
# <colnr> <probs for GDERKNQSTAVLIFYWHMCP>
#	G	D	E	R	K	N	Q	S	T	A	V	L	I	F	Y	W	H	M	C	P
0	0.02661	0.07185	0.15390	0.02139	0.02765	0.23426	0.01960	0.19111	0.02530	0.03099	0.01523	0.01763	0.01192	0.00980	0.01068	0.00259	0.10615	0.00646	0.00522	0.01166
1	0.02391	0.25121	0.03885	0.02932	0.17762	0.10222	0.13954	0.09082	0.02161	0.02706	0.01500	0.01824	0.01232	0.00782	0.00769	0.00232	0.01117	0.00683	0.00452	0.01190
2	0.01693	0.01884	0.14440	0.01620	0.02121	0.01440	0.01506	0.02727	0.19818	0.06496	0.07293	0.17032	0.08990	0.01623	0.00950	0.00304	0.00735	0.07520	0.00748	0.01060
3	0.02566	0.09827	0.02611	0.16199	0.03208	0.17825	0.01719	0.18300	0.13509	0.03203	0.01916	0.02100	0.01464	0.00942	0.00801	0.00251	0.01073	0.00713	0.00600	0.01172
4	0.01087	0.00865	0.00974	0.00947	0.01199	0.00753	0.00710	0.01378	0.02131	0.02752	0.31304	0.07444	0.41473	0.01986	0.01005	0.00279	0.00419	0.01691	0.00850	0.00753
5	0.01707	0.04402	0.65683	0.02426	0.03683	0.01976	0.03144	0.02695	0.01797	0.02695	0.01527	0.01797	0.01078	0.00809	0.00809	0.00270	0.01258	0.00629	0.00359	0.01258
6	0.02779	0.33470	0.03317	0.01867	0.02433	0.38693	0.01561	0.03023	0.02110	0.02047	0.01257	0.01460	0.01094	0.00811	0.00670	0.00203	0.01259	0.00507	0.00406	0.01033
7	0.01052	0.00767	0.00996	0.01172	0.01255	0.00710	0.00807	0.01221	0.01681	0.02207	0.05102	0.59586	0.11907	0.02594	0.01083	0.00342	0.00503	0.05527	0.00790	0.00699
8	0.01037	0.00741	0.00987	0.01185	0.01234	0.00691	0.00790	0.01185	0.01629	0.02172	0.04690	0.69537	0.05629	0.02666	0.01086	0.00346	0.00494	0.02419	0.00790	0.00691
9	0.01037	0.00741	0.00987	0.01185	0.01234	0.00691	0.00790	0.01185	0.01629	0.02172	0.04690	0.69537	0.05629	0.02666	0.01086	0.00346	0.00494	0.02419	0.00790	0.00691
10	0.01117	0.00859	0.01037	0.01123	0.01321	0.00779	0.00861	0.01375	0.01918	0.02444	0.12795	0.23604	0.30326	0.02281	0.01064	0.00323	0.00522	0.14711	0.00805	0.00735
11	0.01037	0.00741	0.00987	0.01185	0.01234	0.00691	0.00790	0.01185	0.01629	0.02172	0.04690	0.69537	0.05629	0.02666	0.01086	0.00346	0.00494	0.02419	0.00790	0.00691
12	0.01120	0.00853	0.01030	0.01014	0.01227	0.00763	0.00750	0.01433	0.02169	0.02909	0.39402	0.13755	0.26527	0.01977	0.01013	0.00283	0.00421	0.01719	0.00872	0.00763
13	0.01084	0.00792	0.01020	0.01118	0.01237	0.00728	0.00779	0.01316	0.01897	0.02561	0.23149	0.44234	0.12270	0.02334	0.01053	0.00316	0.00459	0.02090	0.00834	0.00728
14	0.01216	0.00816	0.00935	0.00956	0.00961	0.00811	0.00545	0.01232	0.01280	0.01706	0.02897	0.12442	0.03366	0.62847	0.03983	0.00774	0.00789	0.01365	0.00545	0.00535
15	0.02602	0.02990	0.02242	0.02133	0.05151	0.38248	0.01567	0.03353	0.16463	0.02446	0.01924	0.02156	0.01571	0.01561	0.07988	0.00368	0.04938	0.00704	0.00536	0.01060
16	0.02106	0.02022	0.03454	0.05223	0.64784	0.02022	0.02612	0.02612	0.01938	0.02780	0.01601	0.02106	0.01348	0.00758	0.00842	0.00253	0.01011	0.00758	0.00421	0.01348
17	0.02283	0.02513	0.01898	0.01745	0.02014	0.32431	0.01295	0.04981	0.01946	0.02106	0.01824	0.02814	0.01753	0.16989	0.15004	0.00593	0.05690	0.00792	0.00472	0.00855
18	0.01398	0.01004	0.01291	0.01237	0.01379	0.01097	0.00890	0.06645	0.01591	0.02207	0.05133	0.04217	0.02698	0.30179	0.34182	0.01015	0.01522	0.01052	0.00534	0.00727
19	0.01786	0.01475	0.01675	0.01261	0.01899	0.01220	0.00995	0.08387	0.01999	0.02920	0.02628	0.02912	0.10191	0.04942	0.00922	0.00203	0.00647	0.00755	0.00582	0.52600
20	0.01927	0.08862	0.02290	0.01823	0.02042	0.15035	0.01479	0.02173	0.01594	0.02023	0.01599	0.02300	0.01488	0.03120	0.26076	0.00695	0.23425	0.00738	0.00416	0.00894
21	0.01230	0.00855	0.01081	0.01081	0.01134	0.00908	0.00706	0.01336	0.01283	0.01763	0.02542	0.04796	0.02758	0.47962	0.26003	0.01014	0.01330	0.01124	0.00495	0.00600
22	0.02107	0.02350	0.10830	0.11103	0.36506	0.04661	0.11863	0.02691	0.01948	0.05336	0.01665	0.02127	0.01306	0.00785	0.00862	0.00262	0.01130	0.00777	0.00438	0.01252
23	0.02349	0.42584	0.03972	0.02249	0.10575	0.08891	0.06811	0.02683	0.01845	0.04647	0.01377	0.01648	0.01184	0.00805	0.00797	0.00219	0.05242	0.00584	0.00412	0.01124
24	0.02116	0.02487	0.09609	0.02585	0.14519	0.14965	0.04607	0.03032	0.16422	0.02814	0.08998	0.02924	0.05027	0.01088	0.00975	0.00268	0.04938	0.00889	0.00591	0.01145
25	0.01296	0.00828	0.00947	0.00947	0.00997	0.00843	0.00583	0.01395	0.01346	0.01948	0.02659	0.04934	0.02840	0.51815	0.09752	0.00768	0.00892	0.01128	0.13494	0.00588
26	0.19280	0.02259	0.17064	0.04607	0.02502	0.01785	0.01672	0.12097	0.01984	0.03238	0.01682	0.02070	0.01338	0.01948	0.14059	0.00472	0.01194	0.00661	0.00517	0.09570
27	0.02504	0.19054	0.15989	0.01942	0.02628	0.17925	0.01858	0.14732	0.02345	0.02916	0.01550	0.01767	0.01227	0.00899	0.00847	0.00236	0.04994	0.00613	0.04828	0.01146
28	0.16287	0.03319	0.19911	0.01997	0.02725	0.22664	0.01912	0.13136	0.05033	0.03206	0.01571	0.01740	0.01186	0.00879	0.00753	0.00251	0.01153	0.00610	0.00523	0.01145
29	0.01147	0.00815	0.01079	0.01161	0.01225	0.00837	0.00787	0.01296	0.01439	0.01962	0.03407	0.31689	0.03878	0.23684	0.20803	0.00780	0.01102	0.01639	0.00613	0.00659
30	0.01551	0.10765	0.01899	0.01415	0.01630	0.01600	0.01163	0.01849	0.01491	0.02234	0.02024	0.02774	0.01818	0.03649	0.32956	0.00792	0.13286	0.00795	0.15465	0.00843
31	0.01725	0.21524	0.02323	0.01462	0.01762	0.08758	0.01181	0.01949	0.01796	0.02236	0.09463	0.28942	0.03646	0.01695	0.01052	0.00279	0.07341	0.01388	0.00604	0.00875
32	0.02089	0.16667	0.20930	0.03513	0.31625	0.05905	0.02472	0.02666	0.01883	0.02560	0.01480	0.01838	0.01207	0.00773	0.00769	0.00241	0.01089	0.00649	0.00393	0.01251
33	0.01225	0.00896	0.01018	0.00970	0.01247	0.00776	0.00734	0.01512	0.02131	0.06039	0.27938	0.07264	0.41288	0.01951	0.00997	0.00279	0.00436	0.01656	0.00856	0.00787
34	0.01843	0.01462	0.01186	0.01153	0.01387	0.14136	0.00863	0.02181	0.01863	0.02783	0.02536	0.06441	0.02143	0.01579	0.07032	0.00323	0.00814	0.00843	0.48610	0.00824
35	0.02042	0.01831	0.02283	0.02487	0.14759	0.05975	0.01667	0.02998	0.20525	0.05489	0.05985	0.06984	0.02524	0.01315	0.01309	0.00302	0.15440	0.04299	0.00646	0.01138
36	0.02859	0.03403	0.02306	0.02224	0.06328	0.50431	0.01597	0.05837	0.02332	0.02329	0.01529	0.01839	0.01276	0.01358	0.06464	0.00321	0.01477	0.00616	0.04474	0.01001
37	0.01017	0.00817	0.00908	0.00981	0.01181	0.00708	0.00699	0.01208	0.01825	0.02252	0.07174	0.30770	0.42792	0.02343	0.01035	0.00309	0.00454	0.02025	0.00790	0.00708
38	0.01219	0.00829	0.01041	0.01164	0.01267	0.00803	0.00844	0.01425	0.01658	0.02265	0.04214	0.30687	0.07647	0.16950	0.01752	0.00442	0.00622	0.15799	0.08683	0.00688
39	0.03098	0.06036	0.02530	0.02032	0.02589	0.32457	0.01606	0.28564	0.06864	0.03580	0.01756	0.01848	0.01340	0.00950	0.00800	0.00238	0.01197	0.00664	0.00639	0.01211
40	0.10699	0.02266	0.02622	0.06369	0.17622	0.06111	0.01825	0.34554	0.03010	0.04207	0.01773	0.01970	0.01329	0.00915	0.00809	0.00255	0.00970	0.00718	0.00663	0.01312
41	0.01040	0.00863	0.00909	0.00898	0.01170	0.00733	0.00673	0.01287	0.02019	0.02488	0.18087	0.07879	0.54855	0.02085	0.01005	0.00284	0.00426	0.01752	0.00815	0.00733
42	0.02106	0.02022	0.03454	0.05223	0.64784	0.02022	0.02612	0.02612	0.01938	0.02780	0.01601	0.02106	0.01348	0.00758	0.00842	0.00253	0.01011	0.00758	0.00421	0.01348
43	0.01077	0.00758	0.00975	0.01133	0.01172	0.00718	0.00734	0.01196	0.01550	0.02067	0.04284	0.56601	0.05116	0.16301	0.01742	0.00443	0.00561	0.02180	0.00734	0.00656
44	0.02106	0.02022	0.03454	0.05223	0.64784	0.02022	0.02612	0.02612	0.01938	0.02780	0.01601	0.02106	0.01348	0.00758	0.00842	0.00253	0.01011	0.00758	0.00421	0.01348
45	0.01563	0.00976	0.01148	0.01102	0.01400	0.00868	0.00825	0.01884	0.04522	0.13404	0.10024	0.21661	0.33360	0.02018	0.00993	0.00296	0.00505	0.01731	0.00848	0.00871
46	0.01862	0.01862	0.02607	0.02234	0.02234	0.02607	0.01862	0.02048	0.01303	0.02048	0.01117	0.01862	0.01117	0.01489	0.02793	0.00372	0.68535	0.00745	0.00372	0.00931
47	0.01216	0.00912	0.01368	0.01368	0.01520	0.01064	0.01064	0.01520	0.01368	0.01976	0.02279	0.03343	0.02127	0.06382	0.66720	0.01368	0.02279	0.00912	0.00456	0.00760
48	0.01037	0.00741	0.00987	0.01185	0.01234	0.00691	0.00790	0.01185	0.01629	0.02172	0.04690	0.69537	0.05629	0.02666	0.01086	0.00346	0.00494	0.02419	0.00790	0.00691
49	0.01216	0.00912	0.01368	0.01368	0.01520	0.01064	0.01064	0.01520	0.01368	0.01976	0.02279	0.03343	0.02127	0.06382	0.66720	0.01368	0.02279	0.00912	0.00456	0.00760
50	0.02117	0.01828	0.01924	0.01732	0.02213	0.02117	0.01347	0.04522	0.63246	0.03560	0.03464	0.03175	0.02598	0.01155	0.00866	0.00289	0.00673	0.00962	0.00866	0.01347
51	0.03139	0.02291	0.02451	0.01890	0.02543	0.02531	0.01558	0.58444	0.03872	0.05235	0.02086	0.02109	0.01490	0.01020	0.00836	0.00252	0.00905	0.00768	0.05171	0.01409
52	0.02106	0.02022	0.03454	0.05223	0.64784	0.02022	0.02612	0.02612	0.01938	0.02780	0.01601	0.02106	0.01348	0.00758	0.00842	0.00253	0.01011	0.00758	0.00421	0.01348
53	0.01371	0.00980	0.01371	0.01567	0.01763	0.00980	0.01371	0.01763	0.01959	0.02547	0.04506	0.09599	0.04898	0.02351	0.01175	0.00392	0.00784	0.59056	0.00784	0.00784
54	0.01046	0.00748	0.00996	0.01179	0.01236	0.00697	0.00791	0.01209	0.01673	0.02242	0.08033	0.65996	0.05763	0.02614	0.01082	0.00341	0.00489	0.02370	0.00798	0.00697
55	0.01006	0.00862	0.00862	0.00862	0.01149	0.00718	0.00647	0.01221	0.01940	0.02299	0.08621	0.08190	0.64438	0.02155	0.01006	0.00287	0.00431	0.01796	0.00790	0.00718
56	0.01601	0.01479	0.02107	0.01885	0.01946	0.01984	0.01540	0.01835	0.01329	0.02019	0.01586	0.02459	0.01525	0.03463	0.28582	0.00774	0.41807	0.00812	0.00406	0.00862
57	0.02283	0.01791	0.01929	0.01711	0.02209	0.02032	0.01338	0.04486	0.57321	0.09583	0.03453	0.03148	0.02550	0.01145	0.00865	0.00286	0.00678	0.00952	0.00884	0.01357
58	0.01291	0.00922	0.01279	0.01476	0.01636	0.00910	0.01232	0.01624	0.01880	0.02457	0.04550	0.23979	0.05073	0.02427	0.01154	0.00381	0.00714	0.45468	0.00785	0.00761
59	0.03131	0.07581	0.02520	0.02153	0.02607	0.63323	0.01634	0.03353	0.02375	0.02078	0.01308	0.01526	0.01096	0.00869	0.00756	0.00217	0.01502	0.00543	0.00435	0.00992
60	0.01006	0.00862	0.00862	0.00862	0.01149	0.00718	0.00647	0.01221	0.01940	0.02299	0.08621	0.08190	0.64438	0.02155	0.01006	0.00287	0.00431	0.01796	0.00790	0.00718
61	0.01037	0.00741	0.00987	0.01185	0.01234	0.00691	0.00790	0.01185	0.01629	0.02172	0.04690	0.69537	0.05629	0.02666	0.01086	0.00346	0.00494	0.02419	0.00790	0.00691
62	0.01921	0.01648	0.01743	0.01597	0.02029	0.01866	0.01231	0.03931	0.52295	0.03327	0.04138	0.07900	0.09953	0.01365	0.00896	0.00292	0.00634	0.01150	0.00852	0.01233
63	0.03179	0.04056	0.02412	0.02192	0.02631	0.66676	0.01644	0.03398	0.02412	0.02083	0.01315	0.01535	0.01096	0.00877	0.00767	0.00219	0.01535	0.00548	0.00438	0.00987
64	0.01046	0.00748	0.00996	0.01179	0.01236	0.00697	0.00791	0.01208	0.01672	0.02240	0.07933	0.66103	0.05759	0.02616	0.01082	0.00341	0.00489	0.02371	0.00798	0.00697
65	0.02302	0.02492	0.03582	0.04257	0.39179	0.15124	0.15181	0.02795	0.02049	0.02627	0.01569	0.02032	0.01285	0.00773	0.00862	0.00253	0.01208	0.00769	0.00427	0.01232
66	0.01064	0.00752	0.00980	0.01151	0.01194	0.00709	0.00753	0.01192	0.01577	0.02103	0.04423	0.61010	0.05291	0.11654	0.01519	0.00410	0.00538	0.02262	0.00753	0.00668
67	0.01218	0.00896	0.01006	0.00961	0.01242	0.00773	0.00727	0.01497	0.02110	0.06044	0.25320	0.07345	0.43878	0.01969	0.00997	0.00280	0.00438	0.01667	0.00849	0.00784
68	0.02275	0.70604	0.04459	0.01456	0.02184	0.03367	0.01456	0.02548	0.01729	0.02002	0.01183	0.01365	0.01092	0.00728	0.00546	0.00182	0.00910	0.00455	0.00364	0.01092
69	0.03179	0.04056	0.02412	0.02192	0.02631	0.66676	0.01644	0.03398	0.02412	0.02083	0.01315	0.01535	0.01096	0.00877	0.00767	0.00219	0.01535	0.00548	0.00438	0.00987
70	0.01930	0.18127	0.02192	0.01380	0.01786	0.08736	0.01115	0.02558	0.12543	0.05359	0.16663	0.04029	0.09370	0.09234	0.01224	0.00312	0.00758	0.01033	0.00676	0.00972
71	0.01019	0.00811	0.00915	0.00997	0.01185	0.00707	0.00707	0.01206	0.01810	0.02246	0.06977	0.33850	0.39840	0.02369	0.01039	0.00312	0.00457	0.02057	0.00790	0.00707
72	0.01064	0.00768	0.01008	0.01151	0.01237	0.00712	0.00786	0.01259	0.01777	0.02391	0.15105	0.55968	0.08650	0.02484	0.01068	0.00330	0.00475	0.02240	0.00815	0.00712
73	0.01930	0.21457	0.15794	0.02555	0.17349	0.02230	0.01975	0.04934	0.01846	0.02492	0.02082	0.08067	0.04454	0.03908	0.01047	0.00277	0.05168	0.00856	0.00461	0.01117
74	0.15256	0.01784	0.02004	0.01573	0.02198	0.01826	0.01296	0.24403	0.02808	0.30447	0.02817	0.02630	0.05043	0.01058	0.00809	0.00262	0.00774	0.00810	0.00881	0.01323
75	0.01226	0.00872	0.01167	0.01167	0.01250	0.00955	0.00814	0.01391	0.01308	0.01827	0.02463	0.04358	0.02568	0.35432	0.38273	0.01120	0.01616	0.01060	0.00483	0.00648
76	0.01561	0.01270	0.01453	0.01454	0.01780	0.01343	0.01182	0.02669	0.25061	0.02867	0.05137	0.06826	0.18846	0.01851	0.01017	0.00327	0.00654	0.22905	0.00816	0.00980
77	0.03182	0.03960	0.02420	0.02179	0.02631	0.62996	0.01643	0.06763	0.02503	0.02271	0.01357	0.01564	0.01116	0.00885	0.00772	0.00221	0.01500	0.00561	0.00462	0.01013
78	0.02106	0.02022	0.03454	0.05223	0.64784	0.02022	0.02612	0.02612	0.01938	0.02780	0.01601	0.02106	0.01348	0.00758	0.00842	0.00253	0.01011	0.00758	0.00421	0.01348
79	0.01586	0.00793	0.00793	0.00793	0.00991	0.00793	0.00595	0.01983	0.01785	0.03173	0.02776	0.03173	0.02181	0.00991	0.00595	0.00198	0.00397	0.00793	0.74817	0.00793
80	0.02384	0.18277	0.02555	0.01566	0.02064	0.02278	0.01296	0.28927	0.02614	0.03442	0.01991	0.02733	0.01768	0.15494	0.08559	0.00472	0.01052	0.00803	0.00624	0.01100
81	0.01322	0.00995	0.01408	0.01373	0.01564	0.01136	0.01072	0.05032	0.01554	0.02192	0.02630	0.03546	0.05669	0.05826	0.59096	0.01241	0.02095	0.00954	0.00498	0.00798
82	0.01238	0.00825	0.00928	0.00928	0.00928	0.00825	0.00516	0.01238	0.01238	0.01650	0.02681	0.05569	0.03094	0.70092	0.04331	0.00825	0.00825	0.01238	0.00516	0.00516
83	0.01042	0.00861	0.00896	0.00889	0.01149	0.00734	0.00655	0.01264	0.01946	0.02378	0.14237	0.07829	0.54546	0.06353	0.01213	0.00319	0.00452	0.01734	0.00789	0.00715
84	0.02025	0.02009	0.03655	0.04644	0.48186	0.01976	0.15274	0.02556	0.01936	0.02734	0.01800	0.05927	0.01576	0.00856	0.00891	0.00265	0.01074	0.00905	0.00444	0.01268
85	0.02727	0.03312	0.02278	0.02159	0.05138	0.47682	0.01580	0.03084	0.05801	0.02220	0.02222	0.02398	0.08003	0.01076	0.00970	0.00245	0.06887	0.00732	0.00495	0.00990
86	0.06109	0.21351	0.43349	0.02042	0.03076	0.02286	0.02480	0.02601	0.01784	0.02609	0.04021	0.01849	0.01361	0.00825	0.00732	0.00246	0.01097	0.00612	0.00394	0.01176
87	0.01707	0.04402	0.65683	0.02426	0.03683	0.01976	0.03144	0.02695	0.01797	0.02695	0.01527	0.01797	0.01078	0.00809	0.00809	0.00270	0.01258	0.00629	0.00359	0.01258
88	0.01216	0.00912	0.01368	0.01368	0.01520	0.01064	0.01064	0.01520	0.01368	0.01976	0.02279	0.03343	0.02127	0.06382	0.66720	0.01368	0.02279	0.00912	0.00456	0.00760
89	0.02066	0.03924	0.41498	0.02690	0.07137	0.15085	0.10295	0.02836	0.01956	0.02580	0.01514	0.01826	0.01125	0.00808	0.00827	0.00261	0.01322	0.00668	0.00388	0.01194
90	0.01016	0.00857	0.00880	0.00885	0.01159	0.00721	0.00660	0.01237	0.01948	0.02344	0.10969	0.10669	0.59439	0.02158	0.01009	0.00289	0.00432	0.01810	0.00797	0.00721
91	0.01741	0.14267	0.32856	0.01939	0.02734	0.05714	0.02162	0.02364	0.01695	0.02332	0.01681	0.02168	0.01392	0.02449	0.20270	0.00577	0.01519	0.00679	0.00393	0.01067
92	0.02275	0.70604	0.04459	0.01456	0.02184	0.03367	0.01456	0.02548	0.01729	0.02002	0.01183	0.01365	0.01092	0.00728	0.00546	0.00182	0.00910	0.00455	0.00364	0.01092
93	0.01037	0.00741	0.00987	0.01185	0.01234	0.00691	0.00790	0.01185	0.01629	0.02172	0.04690	0.69537	0.05629	0.02666	0.01086	0.00346	0.00494	0.02419	0.00790	0.00691
94	0.01132	0.00867	0.01036	0.00994	0.01227	0.00772	0.00746	0.01465	0.02237	0.03004	0.43880	0.07030	0.28739	0.01892	0.01004	0.00275	0.00412	0.01633	0.00883	0.00772
95	0.09537	0.01708	0.02203	0.01878	0.02047	0.02211	0.01555	0.05440	0.01614	0.08002	0.01559	0.02065	0.01324	0.01299	0.02040	0.00326	0.44376	0.00733	0.09098	0.00986
96	0.01233	0.00843	0.01017	0.01017	0.01048	0.00873	0.00626	0.01295	0.01264	0.01716	0.02600	0.05119	0.02898	0.57209	0.16947	0.00935	0.01119	0.01172	0.00504	0.00565
97	0.01032	0.00760	0.00967	0.01132	0.01220	0.00696	0.00767	0.01191	0.01680	0.02193	0.05333	0.59507	0.15244	0.02583	0.01073	0.00336	0.00483	0.02317	0.00790	0.00696
98	0.02844	0.02175	0.02554	0.17813	0.03412	0.02460	0.01796	0.47606	0.03450	0.04598	0.01916	0.02097	0.01372	0.00981	0.00851	0.00262	0.00984	0.00764	0.00738	0.01327
99	0.01006	0.00862	0.00862	0.00862	0.01149	0.00718	0.00647	0.01221	0.01940	0.02299	0.08621	0.08190	0.64438	0.02155	0.01006	0.00287	0.00431	0.01796	0.00790	0.00718
100	0.01197	0.00808	0.00940	0.00980	0.00990	0.00798	0.00571	0.01227	0.01317	0.01756	0.03088	0.18504	0.03606	0.56458	0.03675	0.00728	0.00758	0.01477	0.00571	0.00551
101	0.03224	0.02722	0.02525	0.02005	0.02637	0.15588	0.01623	0.50107	0.03680	0.04700	0.01896	0.01940	0.01376	0.00992	0.00834	0.00248	0.01057	0.00722	0.00768	0.01354
102	0.02019	0.02655	0.18233	0.10826	0.40598	0.05621	0.02660	0.02631	0.01906	0.02659	0.01558	0.02017	0.01247	0.00786	0.00831	0.00258	0.01112	0.00715	0.00403	0.01265
103	0.01155	0.00893	0.00921	0.00897	0.01204	0.00747	0.00679	0.01376	0.01966	0.05640	0.08342	0.07910	0.61137	0.02097	0.00998	0.00286	0.00447	0.01746	0.00804	0.00757
104	0.01968	0.01674	0.01814	0.01624	0.01903	0.09139	0.01287	0.14069	0.02058	0.02810	0.02036	0.02677	0.01756	0.03501	0.31078	0.00766	0.09570	0.00808	0.08514	0.00949
105	0.01201	0.01036	0.01060	0.01095	0.01329	0.03873	0.00806	0.01533	0.05156	0.02397	0.10021	0.23438	0.37272	0.02159	0.01015	0.00303	0.00525	0.04231	0.00786	0.00765
106	0.01079	0.00797	0.01002	0.01149	0.01261	0.00737	0.00812	0.01261	0.01708	0.02212	0.05356	0.46874	0.17301	0.06167	0.01255	0.00365	0.00532	0.08659	0.00774	0.00698
107	0.02356	0.02532	0.03328	0.04367	0.45116	0.17543	0.07037	0.02809	0.02057	0.02609	0.01542	0.01984	0.01283	0.00784	0.00837	0.00247	0.01170	0.00727	0.00426	0.01246
108	0.02457	0.02738	0.03281	0.04016	0.36995	0.23819	0.08992	0.02890	0.02105	0.02539	0.01518	0.01935	0.01257	0.00794	0.00836	0.00245	0.01236	0.00715	0.00428	0.01203
109	0.02309	0.35761	0.10935	0.01873	0.02462	0.15855	0.01774	0.02639	0.01791	0.02110	0.01238	0.01548	0.01096	0.00918	0.01064	0.00237	0.14398	0.00552	0.00380	0.01059
110	0.01977	0.01671	0.01752	0.01507	0.01953	0.07663	0.01186	0.14332	0.02256	0.03038	0.05096	0.09963	0.02629	0.05758	0.07674	0.00386	0.00953	0.07895	0.00645	0.21666
111	0.02184	0.02285	0.02782	0.03717	0.37080	0.17339	0.02067	0.02580	0.01936	0.02450	0.01670	0.02219	0.01445	0.01924	0.14146	0.00470	0.01393	0.00739	0.00432	0.01142
112	0.01787	0.01193	0.01291	0.01148	0.01351	0.01254	0.00796	0.15953	0.02011	0.02849	0.02547	0.04239	0.02514	0.39548	0.02741	0.00562	0.00765	0.01035	0.15621	0.00795
113	0.01797	0.01553	0.02275	0.03015	0.29202	0.01543	0.01741	0.08463	0.02184	0.02930	0.06582	0.05036	0.17399	0.01439	0.00947	0.00286	0.00798	0.11083	0.00641	0.01087
114	0.02402	0.02645	0.02946	0.03639	0.32031	0.22981	0.02147	0.02751	0.01961	0.02407	0.01410	0.01872	0.01220	0.00945	0.01215	0.00266	0.14910	0.00688	0.00417	0.01147
115	0.01065	0.00752	0.00979	0.01149	0.01192	0.00710	0.00752	0.01192	0.01575	0.02100	0.04410	0.60623	0.05275	0.12062	0.01538	0.00412	0.00540	0.02255	0.00752	0.00667
116	0.01994	0.02071	0.03985	0.04228	0.34134	0.01998	0.28610	0.02575	0.01969	0.02726	0.02093	0.02570	0.05263	0.00827	0.00924	0.00270	0.01162	0.00932	0.00448	0.01220
117	0.02726	0.02623	0.02440	0.16740	0.03304	0.21728	0.01747	0.25171	0.05329	0.03440	0.01734	0.01971	0.01308	0.00923	0.00814	0.00245	0.01134	0.00691	0.00602	0.05331
118	0.01212	0.00817	0.00947	0.00967	0.00984	0.00808	0.00564	0.01251	0.01348	0.01808	0.06253	0.13342	0.03667	0.58253	0.03760	0.00737	0.00762	0.01397	0.00572	0.00552
119	0.03179	0.04056	0.02412	0.02192	0.02631	0.66676	0.01644	0.03398	0.02412	0.02083	0.01315	0.01535	0.01096	0.00877	0.00767	0.00219	0.01535	0.00548	0.00438	0.00987
120	0.01478	0.00739	0.01109	0.01109	0.01109	0.00739	0.00739	0.01109	0.01109	0.01478	0.01478	0.02587	0.01478	0.02956	0.03326	0.75240	0.00739	0.00739	0.00370	0.00370
121	0.01816	0.01390	0.01603	0.01357	0.01794	0.01334	0.01066	0.17216	0.02497	0.03441	0.17177	0.13365	0.10494	0.01508	0.00900	0.00251	0.00624	0.03811	0.00775	0.17579
122	0.01037	0.00741	0.00987	0.01185	0.01234	0.00691	0.00790	0.01185	0.01629	0.02172	0.04690	0.69537	0.05629	0.02666	0.01086	0.00346	0.00494	0.02419	0.00790	0.00691
123	0.01008	0.00855	0.00870	0.00882	0.01155	0.00717	0.00656	0.01219	0.01920	0.02291	0.08376	0.12021	0.60766	0.02187	0.01011	0.00291	0.00435	0.01835	0.00790	0.00717
124	0.02084	0.01999	0.03414	0.08057	0.62126	0.02016	0.02601	0.02592	0.01927	0.02753	0.01597	0.02114	0.01338	0.00762	0.00843	0.00254	0.01017	0.00758	0.00419	0.01330
125	0.02035	0.02065	0.01688	0.01548	0.01940	0.19013	0.01191	0.06467	0.17458	0.02821	0.08034	0.04716	0.22200	0.01475	0.00904	0.00271	0.00834	0.03614	0.00726	0.01000
126	0.01006	0.00862	0.00862	0.00862	0.01149	0.00718	0.00647	0.01221	0.01940	0.02299	0.08621	0.08190	0.64438	0.02155	0.01006	0.00287	0.00431	0.01796	0.00790	0.00718
127	0.01586	0.00793	0.00793	0.00793	0.00991	0.00793	0.00595	0.01983	0.01785	0.03173	0.02776	0.03173	0.02181	0.00991	0.00595	0.00198	0.00397	0.00793	0.74817	0.00793
128	0.02618	0.45378	0.03683	0.01735	0.02354	0.27365	0.01527	0.02870	0.01988	0.02033	0.01233	0.01429	0.01094	0.00785	0.00630	0.00196	0.01147	0.00490	0.00392	0.01052
129	0.02106	0.02022	0.03454	0.05223	0.64784	0.02022	0.02612	0.02612	0.01938	0.02780	0.01601	0.02106	0.01348	0.00758	0.00842	0.00253	0.01011	0.00758	0.00421	0.01348
130	0.01037	0.00741	0.00987	0.01185	0.01234	0.00691	0.00790	0.01185	0.01629	0.02172	0.04690	0.69537	0.05629	0.02666	0.01086	0.00346	0.00494	0.02419	0.00790	0.00691
131	0.02025	0.01732	0.01845	0.01665	0.02118	0.01985	0.01292	0.04229	0.57128	0.03545	0.09585	0.03495	0.03144	0.01213	0.00880	0.00287	0.00646	0.01020	0.00873	0.01292
132	0.01257	0.00966	0.01420	0.01397	0.01530	0.01146	0.01082	0.01536	0.01356	0.01961	0.02230	0.03379	0.02120	0.09738	0.59143	0.01274	0.06333	0.00920	0.00454	0.00756
133	0.03179	0.04056	0.02412	0.02192	0.02631	0.66676	0.01644	0.03398	0.02412	0.02083	0.01315	0.01535	0.01096	0.00877	0.00767	0.00219	0.01535	0.00548	0.00438	0.00987
134	0.01238	0.00825	0.00928	0.00928	0.00928	0.00825	0.00516	0.01238	0.01238	0.01650	0.02681	0.05569	0.03094	0.70092	0.04331	0.00825	0.00825	0.01238	0.00516	0.00516
135	0.02209	0.62933	0.11553	0.01568	0.02358	0.03206	0.01652	0.02565	0.01737	0.02082	0.01223	0.01415	0.01090	0.00737	0.00576	0.00192	0.00950	0.00475	0.00363	0.01111
136	0.01586	0.01760	0.09522	0.16187	0.02974	0.01742	0.05492	0.01965	0.01564	0.02175	0.02121	0.06669	0.02126	0.14635	0.02076	0.00424	0.18447	0.07189	0.00467	0.00878
137	0.01093	0.00764	0.00971	0.01113	0.01149	0.00728	0.00714	0.01200	0.01520	0.02027	0.04131	0.51722	0.04923	0.21444	0.01990	0.00479	0.00586	0.02090	0.00714	0.00642
138	0.01238	0.00825	0.00928	0.00928	0.00928	0.00825	0.00516	0.01238	0.01238	0.01650	0.02681	0.05569	0.03094	0.70092	0.04331	0.00825	0.00825	0.01238	0.00516	0.00516
139	0.01186	0.00881	0.01128	0.01254	0.01400	0.00850	0.00934	0.01550	0.05356	0.02479	0.11386	0.39812	0.11497	0.02360	0.01076	0.00338	0.00550	0.14391	0.00809	0.00764
140	0.01457	0.01166	0.01373	0.01305	0.01614	0.01114	0.00946	0.02139	0.14950	0.02584	0.03538	0.34945	0.03767	0.06062	0.01132	0.00311	0.00586	0.01571	0.00721	0.18720
141	0.01813	0.08808	0.02083	0.01597	0.01900	0.01809	0.01310	0.13911	0.01932	0.02672	0.01979	0.02696	0.01762	0.04124	0.38882	0.00900	0.09538	0.00814	0.00516	0.00954

[dist]
# distance from previous block
# <min> <max>
0	1

[block]
# block no. 6 follows, 21 sequences, length 17
# corresponding to MSA columns:
# 321-337
name=unknown_G
#
# <colnr> <probs for GDERKNQSTAVLIFYWHMCP>
#	G	D	E	R	K	N	Q	S	T	A	V	L	I	F	Y	W	H	M	C	P
0	0.02167	0.02184	0.03396	0.08284	0.53153	0.07590	0.05535	0.02662	0.01969	0.02685	0.01578	0.02076	0.01312	0.00771	0.00845	0.00253	0.01084	0.00753	0.00421	0.01285
1	0.02510	0.53285	0.03926	0.01648	0.02300	0.19843	0.01505	0.02769	0.01907	0.02023	0.01218	0.01409	0.01093	0.00767	0.00604	0.00192	0.01073	0.00479	0.00383	0.01065
2	0.02616	0.03155	0.02113	0.01956	0.02312	0.47877	0.01478	0.02860	0.02113	0.02052	0.01592	0.02053	0.01392	0.02454	0.19664	0.00548	0.01748	0.00652	0.00443	0.00922
3	0.02681	0.01786	0.02156	0.01802	0.02253	0.02028	0.01460	0.10235	0.25627	0.21444	0.02770	0.02686	0.02008	0.01182	0.01276	0.00296	0.15337	0.00863	0.00813	0.01298
4	0.01404	0.01043	0.01354	0.01307	0.01472	0.01170	0.00964	0.04789	0.06876	0.02196	0.02483	0.03884	0.02404	0.23461	0.40157	0.01065	0.01664	0.01000	0.00529	0.00778
5	0.02915	0.02224	0.02374	0.01893	0.02517	0.02489	0.01540	0.45493	0.20976	0.04847	0.02450	0.02367	0.01777	0.01060	0.00856	0.00265	0.00861	0.00822	0.00856	0.01419
6	0.01379	0.01082	0.01399	0.01313	0.01340	0.01284	0.00929	0.01478	0.01277	0.01802	0.02244	0.04300	0.02457	0.42501	0.15339	0.00818	0.16867	0.01063	0.00471	0.00657
7	0.02143	0.02212	0.02616	0.07051	0.33239	0.16883	0.01920	0.02476	0.01885	0.02340	0.01762	0.02728	0.01653	0.15729	0.01577	0.00370	0.01100	0.00812	0.00443	0.01062
8	0.01030	0.00767	0.00960	0.01115	0.01216	0.00697	0.00759	0.01193	0.01696	0.02200	0.05537	0.56320	0.18299	0.02556	0.01069	0.00333	0.00480	0.02285	0.00790	0.00697
9	0.01910	0.01822	0.03100	0.29930	0.41611	0.01970	0.02514	0.02440	0.01845	0.02542	0.01566	0.02170	0.01264	0.00795	0.00846	0.00265	0.01060	0.00757	0.00404	0.01190
10	0.02106	0.02022	0.03454	0.05223	0.64784	0.02022	0.02612	0.02612	0.01938	0.02780	0.01601	0.02106	0.01348	0.00758	0.00842	0.00253	0.01011	0.00758	0.00421	0.01348
11	0.02393	0.02687	0.11954	0.11068	0.29504	0.15852	0.02315	0.02896	0.02042	0.08802	0.01694	0.02036	0.01306	0.00831	0.00824	0.00253	0.01145	0.00704	0.00474	0.01221
12	0.01159	0.01043	0.00999	0.01037	0.01271	0.05120	0.00751	0.01357	0.01889	0.02251	0.07087	0.24069	0.44556	0.02206	0.01011	0.00298	0.00521	0.01878	0.00767	0.00729
13	0.02637	0.02549	0.02636	0.02396	0.08205	0.22174	0.07637	0.12724	0.02345	0.07470	0.01762	0.02081	0.01390	0.01215	0.03850	0.00307	0.11261	0.00733	0.05513	0.01116
14	0.01824	0.03758	0.46403	0.07820	0.03828	0.05485	0.10412	0.02663	0.01825	0.02593	0.01519	0.01887	0.01113	0.00837	0.00932	0.00275	0.04575	0.00688	0.00375	0.01188
15	0.01910	0.02656	0.17214	0.09198	0.04419	0.02092	0.44325	0.02670	0.01937	0.02670	0.01663	0.02191	0.01233	0.00748	0.00950	0.00283	0.01371	0.00905	0.00411	0.01152
16	0.01039	0.00873	0.00908	0.00926	0.01205	0.00742	0.00712	0.01270	0.01941	0.02321	0.08248	0.08318	0.59036	0.02173	0.01021	0.00297	0.00463	0.06992	0.00790	0.00724

[dist]
# distance from previous block
# <min> <max>
23	141

[block]
# block no. 7 follows, 21 sequences, length 42
# corresponding to MSA columns:
# 497-538
name=unknown_H
#
# <colnr> <probs for GDERKNQSTAVLIFYWHMCP>
#	G	D	E	R	K	N	Q	S	T	A	V	L	I	F	Y	W	H	M	C	P
0	0.02052	0.12622	0.27225	0.02541	0.14153	0.02117	0.02260	0.09627	0.02070	0.02944	0.01551	0.01816	0.01204	0.00783	0.00752	0.00228	0.01018	0.00623	0.00455	0.13962
1	0.12694	0.02125	0.02866	0.17302	0.27718	0.08954	0.05939	0.07418	0.02041	0.02930	0.01536	0.01984	0.01220	0.00814	0.00803	0.00260	0.01064	0.00710	0.00464	0.01158
2	0.01772	0.01847	0.10843	0.01720	0.02133	0.01672	0.01524	0.02559	0.14432	0.06450	0.02925	0.14873	0.05487	0.01788	0.05535	0.00369	0.15241	0.01127	0.00627	0.07075
3	0.01318	0.00974	0.01198	0.01167	0.01312	0.01061	0.00856	0.01618	0.04066	0.02205	0.03654	0.06858	0.13937	0.19384	0.20089	0.00712	0.06581	0.01176	0.11099	0.00734
4	0.01140	0.00891	0.01004	0.01061	0.01236	0.00837	0.00738	0.01478	0.06709	0.02263	0.05908	0.30058	0.29001	0.11897	0.01496	0.00385	0.00530	0.01879	0.00757	0.00731
5	0.01032	0.00758	0.00970	0.01139	0.01222	0.00695	0.00770	0.01190	0.01673	0.02190	0.05248	0.60837	0.13968	0.02594	0.01075	0.00337	0.00485	0.02331	0.00790	0.00695
6	0.02256	0.40040	0.18470	0.02095	0.07688	0.11909	0.01973	0.02708	0.01859	0.02240	0.01317	0.01551	0.01110	0.00771	0.00663	0.00214	0.01089	0.00534	0.00378	0.01137
