[name]
unknown

[dist]
# distance from previous block
# <min> <max>
4	8

[block]
# block no. 0 follows, 22 sequences, length 11
# corresponding to MSA columns:
# 8-18
name=unknown_A
#
# <colnr> <probs for GDERKNQSTAVLIFYWHMCP>
#	G	D	E	R	K	N	Q	S	T	A	V	L	I	F	Y	W	H	M	C	P
0	0.11003	0.01843	0.02475	0.29501	0.13201	0.02105	0.01941	0.21991	0.02397	0.03414	0.01620	0.02017	0.01214	0.00864	0.00792	0.00261	0.00972	0.00708	0.00543	0.01139
1	0.02263	0.02376	0.07924	0.10853	0.24303	0.12131	0.02035	0.11787	0.07945	0.03004	0.01807	0.02115	0.01409	0.00861	0.00797	0.00247	0.01022	0.00719	0.05213	0.01188
2	0.01160	0.00868	0.00961	0.00981	0.01110	0.00834	0.00644	0.01409	0.05705	0.02025	0.04854	0.17239	0.23255	0.32522	0.02423	0.00523	0.00617	0.01562	0.00658	0.00650
3	0.01596	0.01340	0.01921	0.06134	0.11554	0.01266	0.04607	0.05361	0.01913	0.02707	0.13313	0.13349	0.03258	0.09427	0.01249	0.00304	0.00726	0.01128	0.00605	0.18242
4	0.01204	0.00894	0.01089	0.01056	0.01224	0.00848	0.00726	0.01371	0.01500	0.02049	0.06907	0.14712	0.11356	0.28260	0.13837	0.00650	0.00911	0.01328	0.00589	0.09488
5	0.01090	0.00789	0.00908	0.00969	0.01054	0.00738	0.00619	0.01188	0.01499	0.01929	0.04680	0.26412	0.19343	0.32255	0.02424	0.00528	0.00608	0.01706	0.00654	0.00607
6	0.01324	0.01051	0.01612	0.01382	0.01534	0.01022	0.11427	0.01459	0.01372	0.01838	0.02616	0.10262	0.02917	0.52831	0.03395	0.00674	0.00883	0.01264	0.00511	0.00626
7	0.01893	0.02474	0.21625	0.02783	0.18130	0.01659	0.09238	0.02491	0.01832	0.06406	0.01811	0.05891	0.01497	0.00846	0.00799	0.00233	0.00977	0.00774	0.00470	0.18170
8	0.00984	0.00832	0.00851	0.00866	0.01128	0.00699	0.00642	0.01189	0.01870	0.02235	0.08119	0.12806	0.60666	0.02142	0.00988	0.00285	0.00426	0.01800	0.00771	0.00699
9	0.01257	0.00884	0.01077	0.01080	0.01191	0.00866	0.00728	0.04948	0.01815	0.02479	0.21504	0.24414	0.05062	0.26460	0.02148	0.00476	0.00596	0.01604	0.00722	0.00690
10	0.01441	0.01151	0.01292	0.01229	0.01490	0.01204	0.00904	0.02400	0.23296	0.02860	0.20705	0.11840	0.13733	0.11067	0.01385	0.00353	0.00553	0.01394	0.00799	0.00905

[dist]
# distance from previous block
# <min> <max>
0	3

[block]
# block no. 1 follows, 22 sequences, length 28
# corresponding to MSA columns:
# 22-49
name=unknown_B
#
# <colnr> <probs for GDERKNQSTAVLIFYWHMCP>
#	G	D	E	R	K	N	Q	S	T	A	V	L	I	F	Y	W	H	M	C	P
0	0.01731	0.00925	0.01164	0.01109	0.01277	0.00865	0.00750	0.01860	0.01626	0.16587	0.05994	0.21966	0.03661	0.33876	0.02477	0.00533	0.00680	0.01440	0.00712	0.00769
1	0.01183	0.00801	0.00935	0.00949	0.00976	0.00789	0.00564	0.01243	0.01377	0.01858	0.09811	0.12564	0.03827	0.55686	0.03522	0.00694	0.00724	0.01366	0.00578	0.00553
2	0.01281	0.00770	0.00895	0.00959	0.01063	0.00762	0.00654	0.01504	0.01562	0.02408	0.03289	0.26016	0.03430	0.15865	0.05107	0.00427	0.00603	0.01398	0.31322	0.00685
3	0.01115	0.00818	0.01028	0.01057	0.01184	0.00797	0.00740	0.01317	0.01665	0.02239	0.16587	0.19910	0.15197	0.17987	0.13999	0.00599	0.00846	0.01558	0.00681	0.00676
4	0.01036	0.00772	0.00918	0.01022	0.01130	0.00705	0.00685	0.01176	0.01615	0.02071	0.05374	0.41092	0.22615	0.13932	0.01570	0.00399	0.00518	0.01989	0.00726	0.00654
5	0.01532	0.01416	0.01215	0.01228	0.01328	0.14194	0.00804	0.01618	0.01551	0.01845	0.02924	0.23647	0.03353	0.36723	0.02599	0.00549	0.00850	0.01411	0.00567	0.00646
6	0.01968	0.02149	0.08212	0.04129	0.41470	0.02099	0.08927	0.02457	0.01764	0.02558	0.01475	0.02005	0.01244	0.00883	0.01220	0.00275	0.14805	0.00754	0.00398	0.01206
7	0.01637	0.02143	0.14648	0.01692	0.02109	0.13486	0.01552	0.02053	0.01608	0.02089	0.01903	0.02634	0.01685	0.04142	0.41744	0.00912	0.01890	0.00769	0.00423	0.00880
8	0.18446	0.02971	0.38582	0.01836	0.02666	0.01662	0.02117	0.02291	0.01644	0.02775	0.02037	0.15461	0.01913	0.01150	0.00782	0.00277	0.00946	0.00929	0.00472	0.01042
9	0.01131	0.00778	0.00953	0.01027	0.01054	0.00768	0.00637	0.01204	0.01363	0.01825	0.03351	0.30289	0.03920	0.40825	0.06635	0.00655	0.00762	0.01634	0.00603	0.00583
10	0.01477	0.00973	0.01244	0.01134	0.01392	0.00923	0.00865	0.02013	0.07133	0.09056	0.54776	0.05658	0.06903	0.01593	0.00956	0.00262	0.00441	0.01398	0.00919	0.00882
11	0.02111	0.02290	0.10413	0.23509	0.22961	0.06635	0.02271	0.12247	0.04351	0.02907	0.01641	0.02056	0.01261	0.00837	0.00818	0.00257	0.01065	0.00718	0.00475	0.01175
12	0.76672	0.01607	0.01221	0.01092	0.01607	0.01864	0.00900	0.02442	0.01414	0.03727	0.01157	0.01350	0.00900	0.00771	0.00514	0.00257	0.00643	0.00450	0.00514	0.00900
13	0.01805	0.01371	0.01565	0.01450	0.01761	0.01465	0.01094	0.18024	0.14874	0.03341	0.10243	0.31888	0.04084	0.01787	0.00948	0.00295	0.00621	0.01559	0.00817	0.01009
14	0.01255	0.00991	0.01466	0.01427	0.01559	0.01202	0.01123	0.01539	0.01328	0.01936	0.02102	0.03107	0.01970	0.05712	0.60475	0.01230	0.09509	0.00872	0.00436	0.00760
15	0.01696	0.04117	0.61616	0.02579	0.08394	0.01933	0.03029	0.02625	0.01765	0.02637	0.01496	0.01777	0.01073	0.00785	0.00792	0.00262	0.01209	0.00624	0.00355	0.01235
16	0.02158	0.01830	0.01930	0.01709	0.02195	0.02109	0.01337	0.09308	0.59079	0.03623	0.03265	0.03007	0.02442	0.01116	0.00844	0.00279	0.00679	0.00923	0.00844	0.01323
17	0.02056	0.01974	0.03372	0.05099	0.65622	0.01974	0.02550	0.02550	0.01892	0.02714	0.01563	0.02056	0.01316	0.00740	0.00822	0.00247	0.00987	0.00740	0.00411	0.01316
18	0.45457	0.01524	0.01524	0.01257	0.01827	0.01589	0.01037	0.03130	0.01826	0.30460	0.02064	0.01982	0.01395	0.00881	0.00652	0.00257	0.00670	0.00615	0.00734	0.01120
19	0.01188	0.00886	0.01315	0.01315	0.01456	0.01027	0.01013	0.01470	0.01329	0.01913	0.02244	0.03367	0.02122	0.09289	0.64515	0.01310	0.02158	0.00905	0.00448	0.00730
20	0.01821	0.01473	0.01733	0.01243	0.01976	0.01113	0.00996	0.02188	0.01755	0.05835	0.01565	0.01777	0.01271	0.00636	0.00626	0.00130	0.00620	0.00509	0.00519	0.72213
21	0.01055	0.00741	0.00951	0.01102	0.01139	0.00704	0.00712	0.01168	0.01506	0.02008	0.04147	0.55988	0.04950	0.17620	0.01758	0.00440	0.00553	0.02108	0.00712	0.00637
22	0.01025	0.00843	0.00901	0.00886	0.01148	0.00719	0.00665	0.01275	0.01994	0.02484	0.20916	0.07601	0.52636	0.02015	0.00981	0.00276	0.00414	0.01698	0.00803	0.00719
23	0.01818	0.01818	0.02545	0.02181	0.02181	0.02545	0.01818	0.01999	0.01272	0.01999	0.01091	0.01818	0.01091	0.01454	0.02726	0.00364	0.69284	0.00727	0.00364	0.00909
24	0.01052	0.00751	0.01010	0.01202	0.01268	0.00709	0.00840	0.01225	0.01630	0.02165	0.04557	0.62844	0.05408	0.02565	0.01071	0.00343	0.00516	0.09387	0.00770	0.00686
25	0.01549	0.01136	0.01418	0.01436	0.01707	0.01149	0.01204	0.11251	0.02258	0.02965	0.11127	0.10359	0.12104	0.02015	0.01055	0.00334	0.00693	0.34589	0.00793	0.00857
26	0.02628	0.10471	0.02392	0.01888	0.02345	0.37599	0.01475	0.06097	0.16201	0.02490	0.01849	0.02001	0.01494	0.01324	0.05916	0.00314	0.01271	0.00654	0.00534	0.01057
27	0.03109	0.03782	0.02369	0.02115	0.02569	0.60421	0.01602	0.09784	0.02523	0.02381	0.01361	0.01552	0.01107	0.00871	0.00758	0.00218	0.01435	0.00558	0.00472	0.01012

[dist]
# distance from previous block
# <min> <max>
0	1

[block]
# block no. 2 follows, 22 sequences, length 29
# corresponding to MSA columns:
# 51-79
name=unknown_C
#
# <colnr> <probs for GDERKNQSTAVLIFYWHMCP>
#	G	D	E	R	K	N	Q	S	T	A	V	L	I	F	Y	W	H	M	C	P
0	0.03103	0.03959	0.02354	0.02140	0.02568	0.67469	0.01605	0.03317	0.02354	0.02033	0.01284	0.01498	0.01070	0.00856	0.00749	0.00214	0.01498	0.00535	0.00428	0.00963
1	0.01870	0.08761	0.36602	0.02052	0.05086	0.01859	0.02230	0.02831	0.10620	0.07498	0.10259	0.02585	0.02240	0.00966	0.00806	0.00257	0.00962	0.00783	0.00547	0.01185
2	0.01789	0.06711	0.01889	0.01560	0.01816	0.11520	0.01229	0.06511	0.03963	0.02227	0.01959	0.02805	0.01807	0.09373	0.34018	0.00830	0.07844	0.00807	0.00476	0.00865
3	0.01321	0.01080	0.01196	0.01126	0.01423	0.01071	0.00856	0.02129	0.17586	0.02937	0.27277	0.06139	0.29267	0.01716	0.00947	0.00274	0.00470	0.01461	0.00841	0.00884
4	0.76672	0.01607	0.01221	0.01092	0.01607	0.01864	0.00900	0.02442	0.01414	0.03727	0.01157	0.01350	0.00900	0.00771	0.00514	0.00257	0.00643	0.00450	0.00514	0.00900
5	0.02916	0.02167	0.02321	0.01818	0.02416	0.02401	0.01476	0.53038	0.09185	0.04811	0.02166	0.02346	0.01632	0.06105	0.01080	0.00293	0.00883	0.00799	0.00808	0.01337
6	0.10147	0.02080	0.02089	0.01680	0.02242	0.07985	0.01360	0.33813	0.05310	0.13106	0.09604	0.02545	0.02228	0.01055	0.00811	0.00251	0.00840	0.00809	0.00802	0.01243
7	0.08302	0.03408	0.02156	0.01939	0.02378	0.52324	0.01471	0.07488	0.02362	0.02412	0.01920	0.02064	0.06419	0.00964	0.00757	0.00225	0.01303	0.00646	0.00493	0.00970
8	0.02077	0.02309	0.01881	0.01757	0.02016	0.30197	0.01351	0.02328	0.01775	0.01980	0.01720	0.02372	0.01555	0.03485	0.32950	0.00764	0.07480	0.00721	0.00431	0.00852
9	0.01486	0.01063	0.01307	0.01320	0.01508	0.01081	0.01003	0.11051	0.02042	0.02728	0.09290	0.26067	0.04439	0.14228	0.01599	0.00411	0.00674	0.17162	0.00745	0.00794
10	0.01313	0.00878	0.01066	0.01030	0.01273	0.00777	0.00767	0.01595	0.02072	0.08472	0.29850	0.16603	0.27363	0.01924	0.00980	0.00280	0.00445	0.01666	0.00851	0.00795
11	0.02056	0.01974	0.03372	0.05099	0.65622	0.01974	0.02550	0.02550	0.01892	0.02714	0.01563	0.02056	0.01316	0.00740	0.00822	0.00247	0.00987	0.00740	0.00411	0.01316
12	0.15176	0.03219	0.02199	0.01919	0.02412	0.42629	0.01484	0.16095	0.02537	0.03006	0.01417	0.01581	0.01117	0.00873	0.00728	0.00229	0.01231	0.00567	0.00530	0.01050
13	0.03103	0.03959	0.02354	0.02140	0.02568	0.67469	0.01605	0.03317	0.02354	0.02033	0.01284	0.01498	0.01070	0.00856	0.00749	0.00214	0.01498	0.00535	0.00428	0.00963
14	0.01007	0.00742	0.00945	0.01107	0.01192	0.00679	0.00749	0.01162	0.01638	0.02140	0.05182	0.60475	0.14893	0.02524	0.01048	0.00328	0.00472	0.02266	0.00771	0.00679
15	0.01001	0.00842	0.00868	0.00861	0.01134	0.00709	0.00646	0.01229	0.01938	0.02351	0.13967	0.07820	0.59667	0.02064	0.00982	0.00279	0.00418	0.01729	0.00785	0.00709
16	0.03103	0.03959	0.02354	0.02140	0.02568	0.67469	0.01605	0.03317	0.02354	0.02033	0.01284	0.01498	0.01070	0.00856	0.00749	0.00214	0.01498	0.00535	0.00428	0.00963
17	0.01012	0.00757	0.00941	0.01076	0.01187	0.00686	0.00738	0.01183	0.01696	0.02203	0.08123	0.52562	0.19929	0.02444	0.01038	0.00320	0.00463	0.02179	0.00777	0.00686
18	0.01012	0.00723	0.00964	0.01157	0.01205	0.00675	0.00771	0.01157	0.01591	0.02121	0.04579	0.70262	0.05495	0.02603	0.01060	0.00337	0.00482	0.02362	0.00771	0.00675
19	0.01945	0.01475	0.01685	0.01478	0.01809	0.01647	0.01129	0.19563	0.15666	0.03134	0.02501	0.03366	0.02204	0.18494	0.19454	0.00675	0.01184	0.00933	0.00655	0.01003
20	0.01007	0.00744	0.00942	0.01101	0.01190	0.00679	0.00746	0.01163	0.01644	0.02142	0.05256	0.59268	0.16051	0.02515	0.01046	0.00327	0.00471	0.02254	0.00771	0.00679
21	0.01187	0.00890	0.01335	0.01335	0.01483	0.01038	0.01038	0.01483	0.01335	0.01928	0.02225	0.03264	0.02077	0.06231	0.67512	0.01335	0.02225	0.00890	0.00445	0.00742
22	0.01978	0.05535	0.23561	0.03967	0.40868	0.04511	0.02635	0.02602	0.01857	0.02631	0.01513	0.01910	0.01212	0.00759	0.00798	0.00248	0.01080	0.00680	0.00390	0.01264
23	0.09682	0.40779	0.09176	0.01663	0.02328	0.19813	0.01568	0.02713	0.01841	0.02210	0.01219	0.01416	0.01050	0.00762	0.00611	0.00203	0.01055	0.00484	0.00389	0.01038
24	0.01128	0.00847	0.01044	0.00995	0.01212	0.00763	0.00746	0.01475	0.02238	0.03062	0.51098	0.06650	0.22093	0.01799	0.00980	0.00266	0.00399	0.01565	0.00879	0.00763
25	0.02007	0.01968	0.02881	0.06687	0.46662	0.06534	0.02173	0.02624	0.07575	0.02665	0.02375	0.02698	0.07657	0.00921	0.00835	0.00252	0.00943	0.00843	0.00485	0.01215
26	0.01172	0.00816	0.00946	0.00946	0.01025	0.00798	0.00601	0.01222	0.01367	0.01774	0.03814	0.05594	0.16991	0.43888	0.09606	0.06215	0.00851	0.01266	0.00548	0.00561
27	0.07265	0.15529	0.40774	0.07257	0.08504	0.02162	0.02520	0.02547	0.01722	0.02561	0.01412	0.01709	0.01070	0.00773	0.00730	0.00247	0.01096	0.00592	0.00370	0.01160
28	0.32825	0.02951	0.34237	0.04520	0.02799	0.01870	0.02065	0.02589	0.01634	0.05621	0.01424	0.01648	0.01032	0.00793	0.00679	0.00261	0.00959	0.00560	0.00446	0.01087

[dist]
# distance from previous block
# <min> <max>
1	7

[block]
# block no. 3 follows, 22 sequences, length 93
# corresponding to MSA columns:
# 87-179
name=unknown_D
#
# <colnr> <probs for GDERKNQSTAVLIFYWHMCP>
#	G	D	E	R	K	N	Q	S	T	A	V	L	I	F	Y	W	H	M	C	P
0	0.02360	0.02832	0.16151	0.01948	0.02584	0.16244	0.01791	0.16900	0.16479	0.03215	0.02070	0.02222	0.01586	0.01517	0.08026	0.00370	0.01193	0.00731	0.00600	0.01180
1	0.02287	0.01493	0.01878	0.01863	0.08204	0.01524	0.01312	0.21729	0.02517	0.14137	0.03215	0.27085	0.03143	0.01617	0.00929	0.00288	0.00723	0.04150	0.00798	0.01107
2	0.15696	0.04548	0.01795	0.01478	0.01963	0.01840	0.01179	0.03645	0.35668	0.11939	0.08988	0.02979	0.02638	0.01088	0.00784	0.00268	0.00645	0.00872	0.00796	0.01190
3	0.00994	0.00842	0.00858	0.00854	0.01129	0.00706	0.00641	0.01215	0.01922	0.02311	0.11903	0.07885	0.61756	0.02079	0.00982	0.00279	0.00419	0.01738	0.00780	0.00706
4	0.02221	0.71304	0.04353	0.01421	0.02132	0.03287	0.01421	0.02488	0.01688	0.01955	0.01155	0.01333	0.01066	0.00711	0.00533	0.00178	0.00888	0.00444	0.00355	0.01066
5	0.02722	0.21461	0.06496	0.01883	0.02468	0.30897	0.01611	0.15021	0.02416	0.02689	0.01443	0.01639	0.01178	0.01057	0.03382	0.00259	0.01232	0.00573	0.00486	0.01088
6	0.01041	0.00764	0.00927	0.01043	0.01133	0.00704	0.00692	0.01174	0.01587	0.02055	0.05061	0.44971	0.18081	0.14823	0.01616	0.00410	0.00527	0.02021	0.00723	0.00650
7	0.02191	0.01039	0.01388	0.01265	0.01597	0.00923	0.00958	0.02445	0.02036	0.29649	0.11821	0.30535	0.07073	0.01793	0.00951	0.00291	0.00564	0.01574	0.00899	0.01005
8	0.02246	0.46358	0.06879	0.02339	0.16084	0.09290	0.01763	0.02590	0.01801	0.02160	0.01272	0.01527	0.01120	0.00735	0.00630	0.00200	0.00986	0.00526	0.00375	0.01118
9	0.01190	0.00918	0.01107	0.01146	0.01348	0.00880	0.00859	0.01662	0.08094	0.02650	0.21520	0.24281	0.20399	0.02058	0.01008	0.00303	0.00493	0.08483	0.00816	0.00784
10	0.01906	0.28534	0.36928	0.02233	0.06435	0.02437	0.05801	0.02576	0.01749	0.02390	0.01383	0.01644	0.01083	0.00753	0.00708	0.00232	0.01101	0.00579	0.00360	0.01167
11	0.02221	0.71304	0.04353	0.01421	0.02132	0.03287	0.01421	0.02488	0.01688	0.01955	0.01155	0.01333	0.01066	0.00711	0.00533	0.00178	0.00888	0.00444	0.00355	0.01066
12	0.01767	0.16410	0.55266	0.02197	0.03331	0.02175	0.02771	0.02605	0.01742	0.02509	0.01430	0.01678	0.01055	0.00775	0.00743	0.00248	0.01166	0.00583	0.00352	0.01199
13	0.02066	0.01785	0.01878	0.01691	0.02160	0.02066	0.01315	0.04414	0.64121	0.03475	0.03381	0.03099	0.02536	0.01127	0.00845	0.00282	0.00657	0.00939	0.00845	0.01315
14	0.02010	0.01932	0.03265	0.09019	0.57871	0.02001	0.02489	0.02488	0.01839	0.02632	0.01528	0.02052	0.01289	0.00790	0.00940	0.00256	0.05190	0.00739	0.00406	0.01266
15	0.01137	0.00870	0.00928	0.00898	0.01185	0.00737	0.00679	0.01376	0.01975	0.05411	0.15460	0.07521	0.54917	0.02001	0.00975	0.00277	0.00431	0.01678	0.00802	0.00746
16	0.01666	0.04297	0.66500	0.02368	0.03596	0.01929	0.03069	0.02631	0.01754	0.02631	0.01491	0.01754	0.01052	0.00789	0.00789	0.00263	0.01228	0.00614	0.00351	0.01228
17	0.01915	0.01662	0.02492	0.54225	0.05036	0.02005	0.02148	0.15361	0.02150	0.02801	0.01589	0.02167	0.01174	0.00867	0.00831	0.00271	0.01065	0.00740	0.00470	0.01030
18	0.01011	0.00766	0.00934	0.01053	0.01181	0.00689	0.00728	0.01189	0.01723	0.02221	0.08881	0.47688	0.24130	0.02402	0.01032	0.00316	0.00458	0.02129	0.00779	0.00689
19	0.01035	0.00837	0.00920	0.00913	0.01158	0.00722	0.00679	0.01291	0.02001	0.02529	0.23445	0.10740	0.46778	0.02021	0.00985	0.00278	0.00416	0.01717	0.00810	0.00722
20	0.01950	0.02230	0.11734	0.11753	0.50711	0.01954	0.02592	0.02513	0.01848	0.02638	0.01544	0.02033	0.01258	0.00757	0.00819	0.00252	0.01032	0.00723	0.00398	0.01261
21	0.14846	0.03824	0.55030	0.02144	0.03246	0.01918	0.02688	0.02598	0.01694	0.02824	0.01432	0.01683	0.01026	0.00786	0.00741	0.00262	0.01125	0.00585	0.00379	0.01170
22	0.02031	0.01948	0.03326	0.08399	0.62520	0.01967	0.02537	0.02527	0.01880	0.02683	0.01558	0.02064	0.01305	0.00745	0.00823	0.00248	0.00993	0.00740	0.00409	0.01296
23	0.01163	0.00894	0.01093	0.01172	0.01403	0.00824	0.00964	0.01470	0.01952	0.02472	0.12875	0.08413	0.31905	0.02145	0.01056	0.00324	0.00571	0.27781	0.00784	0.00739
24	0.01727	0.01999	0.07841	0.02937	0.06710	0.01745	0.40689	0.02314	0.01901	0.02605	0.06087	0.14740	0.02419	0.01113	0.00974	0.00286	0.01140	0.01226	0.00509	0.01036
25	0.01490	0.01276	0.01668	0.01543	0.01715	0.01560	0.01216	0.02107	0.12861	0.02235	0.02693	0.03405	0.07228	0.07913	0.29500	0.00777	0.18462	0.00951	0.00529	0.00870
26	0.00982	0.00842	0.00842	0.00842	0.01122	0.00701	0.00631	0.01192	0.01894	0.02244	0.08416	0.07995	0.65285	0.02104	0.00982	0.00281	0.00421	0.01753	0.00771	0.00701
27	0.03013	0.03235	0.02338	0.02027	0.02519	0.41926	0.01580	0.22905	0.02840	0.03120	0.01710	0.02146	0.01411	0.00991	0.00801	0.00236	0.01260	0.04260	0.00582	0.01100
28	0.02057	0.01962	0.03280	0.04890	0.61724	0.01980	0.02474	0.02664	0.05714	0.02761	0.01674	0.02120	0.01391	0.00764	0.00824	0.00249	0.00967	0.00752	0.00438	0.01316
29	0.01707	0.01694	0.02142	0.01863	0.02053	0.10109	0.07383	0.01962	0.01493	0.01999	0.01747	0.02746	0.01674	0.11132	0.24899	0.00724	0.22581	0.00841	0.00422	0.00831
30	0.01506	0.00960	0.01199	0.01091	0.01371	0.00879	0.00835	0.01939	0.04883	0.11211	0.44363	0.05964	0.17257	0.01661	0.00956	0.00265	0.00449	0.01438	0.00900	0.00872
31	0.03110	0.03750	0.02372	0.02111	0.02569	0.59147	0.01602	0.10952	0.02553	0.02444	0.01375	0.01562	0.01114	0.00874	0.00760	0.00219	0.01423	0.00562	0.00480	0.01021
32	0.02711	0.02196	0.02404	0.02184	0.09396	0.05382	0.01594	0.37086	0.16429	0.04272	0.02180	0.02199	0.01616	0.00967	0.00816	0.00247	0.00876	0.00762	0.00748	0.05934
33	0.01579	0.01483	0.02457	0.54539	0.12999	0.01760	0.02188	0.02094	0.01712	0.02209	0.02109	0.02712	0.06885	0.00933	0.00843	0.00273	0.01030	0.00829	0.00411	0.00953
34	0.01792	0.01946	0.04124	0.03029	0.03719	0.01869	0.49185	0.02404	0.01824	0.02501	0.01799	0.02464	0.01438	0.01906	0.15483	0.00510	0.01580	0.00961	0.00426	0.01038
35	0.01130	0.00816	0.01093	0.01273	0.01388	0.00779	0.00970	0.01365	0.01728	0.02262	0.04760	0.44000	0.09080	0.02458	0.01087	0.00350	0.00581	0.23400	0.00769	0.00709
36	0.01057	0.00839	0.00950	0.00933	0.01171	0.00732	0.00696	0.01334	0.02055	0.02655	0.29968	0.10056	0.40668	0.01971	0.00985	0.00276	0.00412	0.01684	0.00826	0.00732
37	0.02056	0.01974	0.03372	0.05099	0.65622	0.01974	0.02550	0.02550	0.01892	0.02714	0.01563	0.02056	0.01316	0.00740	0.00822	0.00247	0.00987	0.00740	0.00411	0.01316
38	0.01212	0.00915	0.01332	0.01319	0.01445	0.01068	0.01008	0.01472	0.01319	0.01896	0.02227	0.03450	0.02145	0.13171	0.58170	0.01241	0.04521	0.00919	0.00448	0.00722
39	0.03072	0.02294	0.02496	0.01929	0.02551	0.02574	0.01594	0.58937	0.03736	0.05027	0.01936	0.01983	0.01392	0.01027	0.00953	0.00257	0.05313	0.00747	0.00801	0.01380
40	0.76672	0.01607	0.01221	0.01092	0.01607	0.01864	0.00900	0.02442	0.01414	0.03727	0.01157	0.01350	0.00900	0.00771	0.00514	0.00257	0.00643	0.00450	0.00514	0.00900
41	0.01165	0.00807	0.00927	0.00936	0.00989	0.00782	0.00569	0.01241	0.01433	0.01904	0.10152	0.11233	0.10039	0.50634	0.03282	0.00654	0.00695	0.01392	0.00598	0.00568
42	0.00982	0.00842	0.00842	0.00842	0.01122	0.00701	0.00631	0.01192	0.01894	0.02244	0.08416	0.07995	0.65285	0.02104	0.00982	0.00281	0.00421	0.01753	0.00771	0.00701
43	0.01735	0.01760	0.01706	0.01618	0.01825	0.18187	0.01254	0.02000	0.01590	0.01962	0.01881	0.02680	0.01729	0.04420	0.44532	0.00960	0.08129	0.00784	0.00433	0.00814
44	0.01012	0.00723	0.00964	0.01157	0.01205	0.00675	0.00771	0.01157	0.01591	0.02121	0.04579	0.70262	0.05495	0.02603	0.01060	0.00337	0.00482	0.02362	0.00771	0.00675
45	0.01187	0.00890	0.01335	0.01335	0.01483	0.01038	0.01038	0.01483	0.01335	0.01928	0.02225	0.03264	0.02077	0.06231	0.67512	0.01335	0.02225	0.00890	0.00445	0.00742
46	0.01666	0.04297	0.66500	0.02368	0.03596	0.01929	0.03069	0.02631	0.01754	0.02631	0.01491	0.01754	0.01052	0.00789	0.00789	0.00263	0.01228	0.00614	0.00351	0.01228
47	0.00999	0.00847	0.00865	0.00874	0.01150	0.00713	0.00665	0.01217	0.01894	0.02256	0.08225	0.08060	0.62419	0.02113	0.00990	0.00285	0.00437	0.04514	0.00771	0.00704
48	0.01038	0.00838	0.00924	0.00914	0.01160	0.00723	0.00681	0.01297	0.02009	0.02546	0.24321	0.10431	0.46179	0.02013	0.00985	0.00278	0.00416	0.01711	0.00812	0.00723
49	0.01903	0.02459	0.14029	0.02171	0.02447	0.09518	0.01985	0.02235	0.01481	0.02114	0.01236	0.01837	0.01127	0.01488	0.05141	0.00374	0.46426	0.00693	0.00372	0.00965
50	0.13282	0.14204	0.16579	0.02225	0.11546	0.04546	0.04136	0.02946	0.01899	0.18400	0.01837	0.01941	0.01327	0.00825	0.00727	0.00243	0.00939	0.00645	0.00557	0.01197
51	0.02618	0.02933	0.02657	0.02874	0.18432	0.33620	0.01879	0.08298	0.02188	0.02490	0.01385	0.01740	0.01167	0.00945	0.01122	0.00252	0.13227	0.00640	0.00449	0.01084
52	0.03103	0.03959	0.02354	0.02140	0.02568	0.67469	0.01605	0.03317	0.02354	0.02033	0.01284	0.01498	0.01070	0.00856	0.00749	0.00214	0.01498	0.00535	0.00428	0.00963
53	0.01134	0.00810	0.00892	0.00904	0.00984	0.00769	0.00555	0.01201	0.01420	0.01816	0.04329	0.10121	0.20261	0.47760	0.03143	0.00633	0.00680	0.01429	0.00593	0.00568
54	0.01189	0.00882	0.01293	0.01293	0.01426	0.01015	0.00985	0.01456	0.01323	0.01897	0.02264	0.03479	0.02170	0.12622	0.61248	0.01283	0.02085	0.00922	0.00451	0.00718
55	0.01293	0.00877	0.00992	0.00978	0.01016	0.00886	0.00580	0.04372	0.01377	0.01838	0.02743	0.10452	0.03136	0.61754	0.03800	0.00739	0.00785	0.01277	0.00542	0.00564
56	0.01042	0.00735	0.00955	0.01119	0.01160	0.00694	0.00731	0.01164	0.01533	0.02044	0.04283	0.60488	0.05121	0.12886	0.01538	0.00408	0.00531	0.02188	0.00731	0.00649
57	0.01040	0.00781	0.00971	0.01111	0.01239	0.00713	0.00795	0.01229	0.01710	0.02195	0.05618	0.46365	0.21920	0.02431	0.01048	0.00327	0.00496	0.08548	0.00771	0.00692
58	0.01818	0.01818	0.02545	0.02181	0.02181	0.02545	0.01818	0.01999	0.01272	0.01999	0.01091	0.01818	0.01091	0.01454	0.02726	0.00364	0.69284	0.00727	0.00364	0.00909
59	0.01208	0.00805	0.00906	0.00906	0.00906	0.00805	0.00503	0.01208	0.01208	0.01611	0.02618	0.05436	0.03020	0.70804	0.04228	0.00805	0.00805	0.01208	0.00503	0.00503
60	0.00995	0.00788	0.00897	0.00984	0.01159	0.00689	0.00694	0.01176	0.01757	0.02189	0.06687	0.36049	0.38347	0.02329	0.01017	0.00306	0.00448	0.02027	0.00771	0.00689
61	0.01473	0.01127	0.01401	0.01454	0.01683	0.01200	0.01149	0.05009	0.15416	0.02669	0.03901	0.24893	0.04074	0.02459	0.07610	0.00435	0.00810	0.21595	0.00756	0.00887
62	0.02031	0.01757	0.02676	0.24892	0.27627	0.01933	0.02116	0.05144	0.14328	0.06179	0.02006	0.02355	0.01535	0.00872	0.00831	0.00264	0.00943	0.00785	0.00533	0.01196
63	0.03103	0.03959	0.02354	0.02140	0.02568	0.67469	0.01605	0.03317	0.02354	0.02033	0.01284	0.01498	0.01070	0.00856	0.00749	0.00214	0.01498	0.00535	0.00428	0.00963
64	0.02714	0.03195	0.02131	0.01969	0.02361	0.48787	0.01519	0.06792	0.02379	0.02378	0.04886	0.03096	0.02046	0.01151	0.00833	0.00247	0.01283	0.10747	0.00534	0.00950
65	0.03114	0.03645	0.02381	0.02096	0.02570	0.54964	0.01600	0.14790	0.02653	0.02650	0.01421	0.01594	0.01136	0.00883	0.00765	0.00221	0.01386	0.00576	0.00506	0.01050
66	0.19140	0.03446	0.02107	0.01912	0.02359	0.53168	0.01451	0.03126	0.02149	0.02402	0.01256	0.01466	0.01033	0.00838	0.00698	0.00223	0.01312	0.00516	0.00447	0.00949
67	0.71839	0.01553	0.01192	0.01072	0.01565	0.01794	0.00879	0.02409	0.01435	0.03687	0.01257	0.01462	0.00979	0.00784	0.00518	0.00253	0.00626	0.00471	0.05333	0.00892
68	0.01091	0.00792	0.01029	0.01084	0.01218	0.00730	0.00769	0.01361	0.01981	0.02722	0.34556	0.35290	0.10022	0.02130	0.01016	0.00297	0.00434	0.01905	0.00842	0.00730
69	0.01110	0.00847	0.01019	0.00976	0.01200	0.00756	0.00732	0.01440	0.02195	0.02960	0.45816	0.06816	0.27438	0.01837	0.00981	0.00268	0.00402	0.01588	0.00866	0.00756
70	0.00982	0.00842	0.00842	0.00842	0.01122	0.00701	0.00631	0.01192	0.01894	0.02244	0.08416	0.07995	0.65285	0.02104	0.00982	0.00281	0.00421	0.01753	0.00771	0.00701
71	0.01026	0.00843	0.00903	0.00888	0.01149	0.00720	0.00666	0.01278	0.01998	0.02492	0.21371	0.07587	0.52175	0.02011	0.00981	0.00276	0.00414	0.01696	0.00804	0.00720
72	0.01063	0.00778	0.00999	0.01085	0.01208	0.00714	0.00760	0.01296	0.01875	0.02534	0.25036	0.42293	0.12788	0.02249	0.01025	0.00306	0.00446	0.02011	0.00819	0.00714
73	0.01723	0.01477	0.01723	0.01230	0.01969	0.01107	0.00984	0.02092	0.01723	0.02707	0.01477	0.01723	0.01230	0.00615	0.00615	0.00123	0.00615	0.00492	0.00492	0.75883
74	0.01825	0.04260	0.59432	0.02343	0.03482	0.09151	0.02908	0.02707	0.01820	0.02565	0.01468	0.01726	0.01054	0.00797	0.00785	0.00258	0.01258	0.00605	0.00359	0.01199
75	0.05850	0.30574	0.03198	0.01966	0.06199	0.24088	0.01569	0.08705	0.02100	0.02433	0.01301	0.01529	0.01111	0.00839	0.00791	0.00216	0.05487	0.00541	0.00437	0.01064
76	0.01333	0.00973	0.01232	0.01307	0.01482	0.00947	0.00969	0.07729	0.01897	0.02542	0.04111	0.48469	0.04712	0.02273	0.01028	0.00325	0.00585	0.12518	0.00761	0.04808
77	0.01413	0.01237	0.01904	0.01712	0.01863	0.01529	0.05218	0.01704	0.01358	0.01995	0.01872	0.02792	0.01748	0.04535	0.45061	0.00995	0.20980	0.00850	0.00421	0.00813
78	0.00983	0.00837	0.00846	0.00854	0.01125	0.00700	0.00637	0.01191	0.01881	0.02239	0.08262	0.10486	0.62893	0.02124	0.00985	0.00283	0.00423	0.01778	0.00771	0.00700
79	0.02354	0.55963	0.06930	0.01596	0.02280	0.14825	0.01533	0.02644	0.01812	0.02001	0.01194	0.01382	0.01066	0.00741	0.00584	0.00188	0.01015	0.00469	0.00368	0.01055
80	0.01705	0.01485	0.02216	0.35464	0.10763	0.01691	0.01840	0.08160	0.05573	0.02797	0.13534	0.03257	0.05906	0.01079	0.00866	0.00268	0.00883	0.00943	0.00567	0.01000
81	0.05570	0.27461	0.25454	0.02053	0.02902	0.12747	0.08053	0.02683	0.01830	0.02353	0.01344	0.01595	0.01074	0.00763	0.00699	0.00227	0.01141	0.00571	0.00379	0.01104
82	0.01666	0.04297	0.66500	0.02368	0.03596	0.01929	0.03069	0.02631	0.01754	0.02631	0.01491	0.01754	0.01052	0.00789	0.00789	0.00263	0.01228	0.00614	0.00351	0.01228
83	0.01191	0.00872	0.01245	0.01245	0.01363	0.00990	0.00927	0.01426	0.01309	0.01862	0.02307	0.03718	0.02274	0.19737	0.54275	0.01224	0.01928	0.00957	0.00457	0.00692
84	0.01122	0.00786	0.01008	0.01089	0.01136	0.00793	0.00712	0.01236	0.01391	0.01882	0.03368	0.32207	0.03886	0.30554	0.14340	0.00705	0.00927	0.01634	0.00605	0.00618
85	0.01745	0.01656	0.02810	0.45805	0.27349	0.01892	0.02395	0.02277	0.01744	0.02336	0.01508	0.02158	0.01183	0.00798	0.00828	0.00266	0.01064	0.00739	0.00384	0.01065
86	0.01036	0.00832	0.00925	0.00927	0.01162	0.00721	0.00686	0.01289	0.01986	0.02522	0.23154	0.13682	0.44068	0.02045	0.00989	0.00281	0.00419	0.01747	0.00810	0.00721
87	0.03103	0.03959	0.02354	0.02140	0.02568	0.67469	0.01605	0.03317	0.02354	0.02033	0.01284	0.01498	0.01070	0.00856	0.00749	0.00214	0.01498	0.00535	0.00428	0.00963
88	0.15107	0.02378	0.02699	0.03466	0.34922	0.16290	0.01969	0.08481	0.02104	0.02980	0.01474	0.01808	0.01201	0.00795	0.00755	0.00242	0.01033	0.00647	0.00473	0.01177
89	0.04713	0.00919	0.00979	0.00939	0.01242	0.00804	0.00713	0.01519	0.01939	0.07720	0.12577	0.10042	0.49075	0.01940	0.00952	0.00278	0.00455	0.01623	0.00794	0.00776
90	0.02695	0.14041	0.05515	0.01854	0.05829	0.13804	0.01486	0.06542	0.12335	0.19595	0.02637	0.02555	0.05548	0.00996	0.00776	0.00240	0.00907	0.00767	0.00682	0.01199
91	0.01892	0.01702	0.05692	0.02271	0.16811	0.01569	0.01496	0.10889	0.01981	0.02892	0.01980	0.06019	0.01801	0.10053	0.01332	0.00301	0.05194	0.00828	0.07938	0.17360
92	0.05551	0.05412	0.04970	0.03011	0.28840	0.01657	0.04130	0.02522	0.04714	0.10038	0.02416	0.14505	0.02214	0.01141	0.00829	0.00262	0.00818	0.01030	0.04803	0.01137

[dist]
# distance from previous block
# <min> <max>
0	36

[block]
# block no. 4 follows, 22 sequences, length 59
# corresponding to MSA columns:
# 216-274
name=unknown_E
#
# <colnr> <probs for GDERKNQSTAVLIFYWHMCP>
#	G	D	E	R	K	N	Q	S	T	A	V	L	I	F	Y	W	H	M	C	P
0	0.02508	0.11182	0.11566	0.03059	0.25244	0.18519	0.02069	0.02944	0.02029	0.10811	0.01659	0.01888	0.01286	0.00810	0.00766	0.00234	0.01099	0.00648	0.00482	0.01198
1	0.01839	0.05527	0.01912	0.05071	0.02046	0.19065	0.01307	0.02093	0.01846	0.02232	0.11761	0.13592	0.05322	0.02036	0.09120	0.00403	0.12333	0.01094	0.00553	0.00849
2	0.01046	0.00844	0.00930	0.00909	0.01161	0.00729	0.00682	0.01316	0.02045	0.02603	0.27176	0.07404	0.46301	0.01970	0.00981	0.00274	0.00411	0.01670	0.00819	0.00729
3	0.02638	0.02355	0.02182	0.01848	0.02380	0.13531	0.01460	0.25280	0.31772	0.03861	0.02520	0.02425	0.01878	0.01034	0.00824	0.00258	0.00895	0.00801	0.00768	0.01289
4	0.02506	0.27583	0.07944	0.02121	0.02794	0.24396	0.13081	0.02887	0.02002	0.05413	0.01428	0.01664	0.01153	0.00779	0.00723	0.00219	0.01203	0.00607	0.00426	0.01070
5	0.02181	0.45778	0.20343	0.01754	0.02566	0.10585	0.01874	0.02624	0.01785	0.02141	0.01258	0.01462	0.01063	0.00749	0.00626	0.00204	0.01050	0.00499	0.00363	0.01096
6	0.01178	0.00920	0.01278	0.01563	0.08905	0.00862	0.00972	0.01438	0.01865	0.02532	0.20976	0.37951	0.12249	0.02081	0.01002	0.00300	0.00511	0.01869	0.00767	0.00784
7	0.01009	0.00737	0.00949	0.01119	0.01195	0.00678	0.00754	0.01161	0.01627	0.02135	0.05036	0.62839	0.12623	0.02543	0.01051	0.00331	0.00475	0.02289	0.00771	0.00678
8	0.01666	0.04297	0.66500	0.02368	0.03596	0.01929	0.03069	0.02631	0.01754	0.02631	0.01491	0.01754	0.01052	0.00789	0.00789	0.00263	0.01228	0.00614	0.00351	0.01228
9	0.01988	0.01905	0.03249	0.13965	0.57286	0.01956	0.02516	0.02490	0.01860	0.02632	0.01551	0.02078	0.01287	0.00753	0.00824	0.00251	0.01004	0.00740	0.00405	0.01261
10	0.01569	0.01477	0.02492	0.68808	0.05722	0.01846	0.02307	0.02123	0.01661	0.02123	0.01477	0.02215	0.01107	0.00831	0.00831	0.00277	0.01107	0.00738	0.00369	0.00923
11	0.00982	0.00842	0.00842	0.00842	0.01122	0.00701	0.00631	0.01192	0.01894	0.02244	0.08416	0.07995	0.65285	0.02104	0.00982	0.00281	0.00421	0.01753	0.00771	0.00701
12	0.01167	0.00869	0.01073	0.01182	0.01336	0.00822	0.00868	0.04465	0.01828	0.02366	0.05278	0.43502	0.18587	0.02360	0.01044	0.00327	0.00534	0.10886	0.00773	0.00733
13	0.01196	0.00800	0.00910	0.00921	0.00924	0.00797	0.00520	0.01205	0.01231	0.01642	0.02736	0.09363	0.03170	0.66673	0.04036	0.00777	0.00786	0.01278	0.00520	0.00514
14	0.02000	0.01120	0.01335	0.01178	0.01552	0.01034	0.00913	0.02470	0.08590	0.22239	0.09791	0.05531	0.25954	0.08703	0.01262	0.00330	0.00585	0.03597	0.00842	0.00976
15	0.01961	0.02241	0.04902	0.03501	0.04342	0.02101	0.62605	0.02661	0.01961	0.02661	0.01681	0.02241	0.01261	0.00700	0.00980	0.00280	0.01401	0.00980	0.00420	0.01120
16	0.06597	0.02276	0.02703	0.03133	0.27558	0.09951	0.01903	0.23045	0.05816	0.06277	0.01819	0.02018	0.01391	0.00874	0.00802	0.00246	0.00976	0.00717	0.00608	0.01288
17	0.01087	0.00777	0.00952	0.01032	0.01114	0.00730	0.00679	0.01230	0.01617	0.02148	0.12464	0.35721	0.12219	0.22066	0.01953	0.00455	0.00556	0.01844	0.00713	0.00643
18	0.01005	0.00751	0.00935	0.01082	0.01185	0.00681	0.00738	0.01165	0.01663	0.02150	0.05494	0.55411	0.19755	0.02484	0.01042	0.00324	0.00467	0.02217	0.00771	0.00681
19	0.01012	0.00723	0.00964	0.01157	0.01205	0.00675	0.00771	0.01157	0.01591	0.02121	0.04579	0.70262	0.05495	0.02603	0.01060	0.00337	0.00482	0.02362	0.00771	0.00675
20	0.02903	0.03614	0.02423	0.02279	0.05371	0.56769	0.01673	0.03125	0.02204	0.02060	0.01274	0.01561	0.01084	0.00922	0.00988	0.00233	0.09557	0.00567	0.00420	0.00973
21	0.01120	0.00788	0.01025	0.01159	0.01222	0.00769	0.00803	0.01272	0.01529	0.02037	0.03933	0.41142	0.04583	0.20042	0.05292	0.00514	0.00697	0.10739	0.00686	0.00648
22	0.02031	0.01948	0.03327	0.08373	0.62544	0.01967	0.02537	0.02528	0.01880	0.02684	0.01558	0.02064	0.01305	0.00745	0.00823	0.00248	0.00993	0.00740	0.00409	0.01296
23	0.01012	0.00723	0.00964	0.01157	0.01205	0.00675	0.00771	0.01157	0.01591	0.02121	0.04579	0.70262	0.05495	0.02603	0.01060	0.00337	0.00482	0.02362	0.00771	0.00675
24	0.02833	0.03531	0.02887	0.02554	0.06260	0.51700	0.13116	0.03153	0.02256	0.02187	0.01373	0.01667	0.01119	0.00821	0.00796	0.00228	0.01453	0.00630	0.00426	0.01011
25	0.01961	0.02241	0.04902	0.03501	0.04342	0.02101	0.62605	0.02661	0.01961	0.02661	0.01681	0.02241	0.01261	0.00700	0.00980	0.00280	0.01401	0.00980	0.00420	0.01120
26	0.02908	0.01909	0.02171	0.01641	0.02320	0.01902	0.01347	0.34349	0.03008	0.17760	0.02137	0.02104	0.01505	0.00905	0.00776	0.00218	0.00792	0.00700	0.00786	0.20764
27	0.01023	0.00843	0.00898	0.00885	0.01147	0.00719	0.00664	0.01272	0.01991	0.02474	0.20434	0.07616	0.53123	0.02018	0.00981	0.00276	0.00415	0.01700	0.00802	0.00719
28	0.01187	0.00890	0.01335	0.01335	0.01483	0.01038	0.01038	0.01483	0.01335	0.01928	0.02225	0.03264	0.02077	0.06231	0.67512	0.01335	0.02225	0.00890	0.00445	0.00742
29	0.01208	0.00805	0.00906	0.00906	0.00906	0.00805	0.00503	0.01208	0.01208	0.01611	0.02618	0.05436	0.03020	0.70804	0.04228	0.00805	0.00805	0.01208	0.00503	0.00503
30	0.01094	0.00852	0.00997	0.00977	0.01213	0.00755	0.00744	0.01399	0.02109	0.02767	0.34748	0.07238	0.34851	0.01925	0.00991	0.00277	0.00427	0.05054	0.00838	0.00744
31	0.01801	0.01900	0.07245	0.03936	0.45000	0.01704	0.04536	0.02281	0.01904	0.02648	0.05326	0.03255	0.12819	0.01021	0.00861	0.00256	0.00896	0.00950	0.00491	0.01173
32	0.03042	0.08599	0.02492	0.02091	0.02538	0.63048	0.01592	0.03260	0.02308	0.02028	0.01275	0.01487	0.01070	0.00846	0.00734	0.00212	0.01456	0.00529	0.00423	0.00970
33	0.03004	0.11814	0.02610	0.02027	0.02517	0.52061	0.01580	0.10316	0.02460	0.02406	0.01353	0.01538	0.01110	0.00856	0.00733	0.00214	0.01356	0.00550	0.00467	0.01029
34	0.02195	0.02098	0.06498	0.04484	0.52219	0.01979	0.04998	0.06791	0.02052	0.06190	0.01683	0.02085	0.01345	0.00774	0.00829	0.00250	0.00997	0.00750	0.00470	0.01315
35	0.01803	0.20816	0.51180	0.02135	0.03235	0.02264	0.02663	0.02596	0.01738	0.02464	0.01408	0.01650	0.01056	0.00770	0.00726	0.00242	0.01144	0.00572	0.00352	0.01188
36	0.01073	0.00845	0.00967	0.00937	0.01178	0.00740	0.00703	0.01368	0.02108	0.02753	0.34984	0.07157	0.38400	0.01914	0.00981	0.00272	0.00407	0.01636	0.00838	0.00740
37	0.01693	0.04137	0.62151	0.02556	0.07869	0.01932	0.03034	0.02625	0.01763	0.02637	0.01496	0.01775	0.01071	0.00786	0.00792	0.00262	0.01211	0.00623	0.00355	0.01234
38	0.02077	0.08578	0.02704	0.19504	0.19352	0.17478	0.01933	0.02455	0.01863	0.02229	0.01848	0.02294	0.04960	0.01184	0.04268	0.00304	0.04796	0.00730	0.00420	0.01024
39	0.00982	0.00842	0.00842	0.00842	0.01122	0.00701	0.00631	0.01192	0.01894	0.02244	0.08416	0.07995	0.65285	0.02104	0.00982	0.00281	0.00421	0.01753	0.00771	0.00701
40	0.01187	0.00890	0.01335	0.01335	0.01483	0.01038	0.01038	0.01483	0.01335	0.01928	0.02225	0.03264	0.02077	0.06231	0.67512	0.01335	0.02225	0.00890	0.00445	0.00742
41	0.01930	0.06311	0.26868	0.03069	0.16902	0.01945	0.17629	0.02623	0.01901	0.05977	0.05489	0.02246	0.01626	0.00820	0.00846	0.00259	0.01124	0.00790	0.00451	0.01194
42	0.03007	0.03776	0.02448	0.02413	0.08379	0.61433	0.01692	0.03247	0.02312	0.02096	0.01310	0.01550	0.01093	0.00845	0.00756	0.00217	0.01451	0.00554	0.00426	0.00996
43	0.01187	0.00890	0.01335	0.01335	0.01483	0.01038	0.01038	0.01483	0.01335	0.01928	0.02225	0.03264	0.02077	0.06231	0.67512	0.01335	0.02225	0.00890	0.00445	0.00742
44	0.02040	0.01999	0.03462	0.04349	0.45740	0.02010	0.13669	0.02816	0.10112	0.02804	0.01825	0.02228	0.01466	0.00784	0.00855	0.00258	0.01021	0.00812	0.00470	0.01279
45	0.22280	0.02293	0.02120	0.01706	0.02303	0.10067	0.01389	0.37399	0.03004	0.07217	0.01750	0.01805	0.01268	0.00923	0.00739	0.00247	0.00904	0.00649	0.00710	0.01226
46	0.02086	0.02054	0.03272	0.08261	0.59142	0.05455	0.02487	0.02568	0.01904	0.02647	0.01543	0.02035	0.01292	0.00751	0.00819	0.00247	0.01020	0.00729	0.00410	0.01277
47	0.01190	0.00798	0.00911	0.00929	0.00934	0.00793	0.00528	0.01203	0.01243	0.01658	0.02798	0.11411	0.03248	0.64519	0.03936	0.00762	0.00776	0.01314	0.00528	0.00519
48	0.46972	0.01704	0.01597	0.01325	0.01878	0.01880	0.01090	0.15709	0.02133	0.13329	0.04159	0.01899	0.01454	0.00895	0.00649	0.00256	0.00701	0.00613	0.00675	0.01083
49	0.01149	0.00878	0.01085	0.01096	0.01256	0.00896	0.00791	0.01425	0.03992	0.02035	0.04409	0.11533	0.21312	0.17968	0.25582	0.00775	0.01165	0.01355	0.00601	0.00696
50	0.01208	0.00805	0.00906	0.00906	0.00906	0.00805	0.00503	0.01208	0.01208	0.01611	0.02618	0.05436	0.03020	0.70804	0.04228	0.00805	0.00805	0.01208	0.00503	0.00503
51	0.02199	0.68619	0.06843	0.01459	0.02191	0.03233	0.01487	0.02493	0.01691	0.01982	0.01168	0.01350	0.01066	0.00714	0.00543	0.00181	0.00902	0.00451	0.00355	0.01073
52	0.01012	0.00723	0.00964	0.01157	0.01205	0.00675	0.00771	0.01157	0.01591	0.02121	0.04579	0.70262	0.05495	0.02603	0.01060	0.00337	0.00482	0.02362	0.00771	0.00675
53	0.02066	0.01785	0.01878	0.01691	0.02160	0.02066	0.01315	0.04414	0.64121	0.03475	0.03381	0.03099	0.02536	0.01127	0.00845	0.00282	0.00657	0.00939	0.00845	0.01315
54	0.01569	0.01477	0.02492	0.68808	0.05722	0.01846	0.02307	0.02123	0.01661	0.02123	0.01477	0.02215	0.01107	0.00831	0.00831	0.00277	0.01107	0.00738	0.00369	0.00923
55	0.03106	0.03887	0.02360	0.02130	0.02569	0.64604	0.01604	0.05946	0.02423	0.02175	0.01315	0.01520	0.01085	0.00862	0.00753	0.00216	0.01472	0.00544	0.00446	0.00983
56	0.01324	0.00887	0.01128	0.01046	0.01285	0.00802	0.00792	0.01685	0.02287	0.07506	0.52739	0.06231	0.15718	0.01711	0.00970	0.00264	0.00418	0.01493	0.00902	0.00815
57	0.03148	0.02626	0.02468	0.01953	0.02575	0.14475	0.01584	0.51936	0.03621	0.04648	0.01864	0.01903	0.01350	0.00971	0.00816	0.00243	0.01021	0.00709	0.00757	0.01330
58	0.01047	0.00844	0.00932	0.00910	0.01162	0.00729	0.00682	0.01318	0.02047	0.02609	0.27476	0.07394	0.45997	0.01968	0.00981	0.00274	0.00411	0.01669	0.00819	0.00729

[dist]
# distance from previous block
# <min> <max>
0	1

[block]
# block no. 5 follows, 22 sequences, length 23
# corresponding to MSA columns:
# 276-298
name=unknown_F
#
# <colnr> <probs for GDERKNQSTAVLIFYWHMCP>
#	G	D	E	R	K	N	Q	S	T	A	V	L	I	F	Y	W	H	M	C	P
0	0.01746	0.01553	0.02039	0.01456	0.02205	0.01206	0.07108	0.02148	0.01746	0.02702	0.01497	0.01774	0.01233	0.00624	0.00652	0.00139	0.00693	0.00541	0.00485	0.68453
1	0.01049	0.00809	0.00943	0.00980	0.01161	0.00719	0.00699	0.01272	0.01881	0.02434	0.20525	0.24605	0.31741	0.05903	0.01181	0.00320	0.00452	0.01832	0.00791	0.00703
2	0.03202	0.02256	0.02450	0.01878	0.02541	0.02472	0.01551	0.58312	0.03788	0.09942	0.02094	0.02059	0.01462	0.01000	0.00831	0.00250	0.00898	0.00755	0.00846	0.01413
3	0.02399	0.02624	0.03039	0.04130	0.44962	0.23434	0.02240	0.02801	0.02043	0.02491	0.01471	0.01873	0.01235	0.00778	0.00798	0.00236	0.01154	0.00673	0.00417	0.01200
4	0.02680	0.02494	0.01925	0.01667	0.02131	0.29393	0.01292	0.12397	0.02489	0.13153	0.03523	0.03433	0.17472	0.01221	0.00835	0.00243	0.01003	0.00925	0.00678	0.01043
5	0.01755	0.01837	0.03736	0.02845	0.03448	0.01779	0.41879	0.02323	0.01891	0.02554	0.02440	0.08023	0.02304	0.01215	0.01113	0.00311	0.04712	0.14317	0.00516	0.01002
6	0.02317	0.02578	0.02650	0.02232	0.02565	0.25290	0.09685	0.05452	0.05650	0.02331	0.01507	0.01962	0.01286	0.01484	0.06779	0.00367	0.23705	0.00719	0.00451	0.00990
7	0.01382	0.01083	0.01521	0.23199	0.02719	0.01129	0.01257	0.01765	0.01978	0.06050	0.22509	0.05292	0.23928	0.01509	0.00924	0.00272	0.00653	0.01297	0.00696	0.00837
8	0.02209	0.02310	0.02246	0.02513	0.16376	0.23199	0.01622	0.06010	0.08405	0.02481	0.01874	0.02327	0.01587	0.02422	0.20117	0.00555	0.01475	0.00737	0.00494	0.01039
9	0.02137	0.02127	0.03293	0.04871	0.60754	0.07030	0.02477	0.02609	0.01927	0.02661	0.01541	0.02013	0.01297	0.00749	0.00817	0.00244	0.01026	0.00724	0.00413	0.01289
10	0.01047	0.00821	0.00958	0.01050	0.01241	0.00732	0.00786	0.01262	0.01798	0.02241	0.06554	0.28382	0.36592	0.02295	0.01033	0.00315	0.00494	0.10928	0.00770	0.00703
11	0.06180	0.03193	0.02254	0.01950	0.02444	0.42454	0.01507	0.17861	0.02677	0.06220	0.01861	0.01960	0.03944	0.00949	0.00774	0.00230	0.01231	0.00651	0.00576	0.01083
12	0.07802	0.01923	0.02194	0.01691	0.02338	0.01999	0.01397	0.36027	0.03153	0.29189	0.02450	0.02284	0.01636	0.00996	0.00814	0.00253	0.00816	0.00765	0.00890	0.01382
13	0.02046	0.02002	0.03532	0.04932	0.59202	0.01987	0.08842	0.02561	0.01899	0.02708	0.01575	0.02075	0.01310	0.00736	0.00839	0.00250	0.01030	0.00765	0.00412	0.01295
14	0.03129	0.03193	0.02419	0.02033	0.02572	0.36997	0.01593	0.31274	0.03083	0.03537	0.01618	0.01731	0.01231	0.00922	0.00788	0.00231	0.01224	0.00635	0.00617	0.01174
15	0.01067	0.00779	0.00975	0.01059	0.01171	0.00718	0.00726	0.01265	0.01776	0.02375	0.19389	0.39326	0.14416	0.09342	0.01356	0.00359	0.00485	0.01950	0.00778	0.00687
