[name]
unknown

[dist]
# distance from previous block
# <min> <max>
0	1

[block]
# block no. 0 follows, 21 sequences, length 35
# corresponding to MSA columns:
# 1-35
name=unknown_A
#
# <colnr> <probs for GDERKNQSTAVLIFYWHMCP>
#	G	D	E	R	K	N	Q	S	T	A	V	L	I	F	Y	W	H	M	C	P
0	0.01284	0.00952	0.01250	0.01399	0.01617	0.00917	0.01199	0.01634	0.01954	0.02488	0.05487	0.09263	0.19091	0.02304	0.01135	0.00367	0.00700	0.45406	0.00785	0.00768
1	0.02076	0.02052	0.03209	0.17455	0.49141	0.06145	0.02501	0.02576	0.01921	0.02616	0.01565	0.02102	0.01290	0.00784	0.00839	0.00257	0.01069	0.00744	0.00414	0.01245
2	0.01048	0.00832	0.00942	0.00981	0.01192	0.00726	0.00710	0.01279	0.01942	0.02461	0.17334	0.23542	0.39576	0.02213	0.01026	0.00299	0.00442	0.01910	0.00816	0.00726
3	0.03235	0.02384	0.02554	0.01958	0.02639	0.02639	0.01618	0.61946	0.04001	0.05363	0.02043	0.02043	0.01447	0.01022	0.00851	0.00255	0.00936	0.00766	0.00851	0.01447
4	0.13808	0.05788	0.06124	0.04762	0.06235	0.01992	0.09010	0.16609	0.02286	0.03477	0.01602	0.01858	0.01236	0.00791	0.00740	0.00223	0.00901	0.00651	0.00556	0.21352
5	0.01013	0.00833	0.00892	0.00939	0.01170	0.00712	0.00681	0.01213	0.01866	0.02269	0.07684	0.22814	0.50419	0.02277	0.01025	0.00301	0.00446	0.01945	0.00790	0.00712
6	0.01607	0.01513	0.02552	0.68047	0.05861	0.01891	0.02363	0.02174	0.01702	0.02174	0.01513	0.02269	0.01134	0.00851	0.00851	0.00284	0.01134	0.00756	0.00378	0.00945
7	0.01750	0.01659	0.02811	0.50013	0.22776	0.01928	0.02435	0.02300	0.01769	0.02348	0.01538	0.02222	0.01196	0.00824	0.00848	0.00275	0.01099	0.00757	0.00391	0.01061
8	0.02106	0.02022	0.03454	0.05223	0.64784	0.02022	0.02612	0.02612	0.01938	0.02780	0.01601	0.02106	0.01348	0.00758	0.00842	0.00253	0.01011	0.00758	0.00421	0.01348
9	0.01875	0.01046	0.01377	0.01190	0.01532	0.00931	0.00924	0.02257	0.02381	0.18548	0.45996	0.05260	0.06212	0.01511	0.00947	0.00259	0.00493	0.01316	0.00942	0.05004
10	0.02521	0.52508	0.03903	0.01656	0.02306	0.20582	0.01507	0.02779	0.01915	0.02024	0.01219	0.01411	0.01093	0.00769	0.00606	0.00192	0.01080	0.00480	0.00384	0.01063
11	0.02120	0.01703	0.01932	0.01446	0.02138	0.01517	0.01161	0.18346	0.02365	0.03441	0.01850	0.05956	0.01577	0.00860	0.00718	0.00175	0.00705	0.00692	0.00616	0.50684
12	0.01950	0.01436	0.01653	0.01496	0.01836	0.01489	0.01131	0.25350	0.02578	0.03473	0.03460	0.38907	0.03721	0.01898	0.00967	0.00297	0.00677	0.01655	0.00798	0.05226
13	0.01037	0.00741	0.00987	0.01185	0.01234	0.00691	0.00790	0.01185	0.01629	0.02172	0.04690	0.69537	0.05629	0.02666	0.01086	0.00346	0.00494	0.02419	0.00790	0.00691
14	0.01037	0.00863	0.00905	0.00894	0.01168	0.00732	0.00671	0.01281	0.02013	0.02472	0.17274	0.07905	0.55677	0.02091	0.01005	0.00284	0.00426	0.01756	0.00813	0.00732
15	0.01204	0.00870	0.01138	0.01071	0.01271	0.00803	0.00803	0.01606	0.02409	0.03413	0.64335	0.06357	0.08030	0.01740	0.01004	0.00268	0.00401	0.01539	0.00937	0.00803
16	0.02774	0.02137	0.02554	0.20656	0.03551	0.02427	0.01829	0.45035	0.03351	0.04461	0.01893	0.02107	0.01359	0.00973	0.00851	0.00263	0.00992	0.00763	0.00717	0.01305
17	0.02106	0.02022	0.03454	0.05223	0.64784	0.02022	0.02612	0.02612	0.01938	0.02780	0.01601	0.02106	0.01348	0.00758	0.00842	0.00253	0.01011	0.00758	0.00421	0.01348
18	0.01607	0.01513	0.02552	0.68047	0.05861	0.01891	0.02363	0.02174	0.01702	0.02174	0.01513	0.02269	0.01134	0.00851	0.00851	0.00284	0.01134	0.00756	0.00378	0.00945
19	0.01028	0.00774	0.00953	0.01097	0.01211	0.00699	0.00751	0.01195	0.01714	0.02207	0.05759	0.52855	0.21620	0.02527	0.01064	0.00330	0.00477	0.02250	0.00790	0.00699
20	0.01765	0.01513	0.01765	0.01260	0.02017	0.01134	0.01008	0.02143	0.01765	0.02773	0.01513	0.01765	0.01260	0.00630	0.00630	0.00126	0.00630	0.00504	0.00504	0.75295
21	0.03235	0.02384	0.02554	0.01958	0.02639	0.02639	0.01618	0.61946	0.04001	0.05363	0.02043	0.02043	0.01447	0.01022	0.00851	0.00255	0.00936	0.00766	0.00851	0.01447
22	0.01220	0.00896	0.01288	0.01288	0.01412	0.01020	0.00964	0.01468	0.01344	0.01916	0.02352	0.03748	0.02303	0.17956	0.55386	0.01269	0.02015	0.00971	0.00467	0.00715
23	0.01029	0.00770	0.00958	0.01108	0.01214	0.00698	0.00756	0.01194	0.01703	0.02203	0.05627	0.54913	0.19648	0.02544	0.01067	0.00332	0.00479	0.02271	0.00790	0.00698
24	0.02077	0.01993	0.03402	0.08847	0.61385	0.02014	0.02597	0.02587	0.01924	0.02745	0.01596	0.02116	0.01336	0.00764	0.00843	0.00255	0.01018	0.00758	0.00419	0.01325
25	0.02106	0.02022	0.03454	0.05223	0.64784	0.02022	0.02612	0.02612	0.01938	0.02780	0.01601	0.02106	0.01348	0.00758	0.00842	0.00253	0.01011	0.00758	0.00421	0.01348
26	0.01707	0.04402	0.65683	0.02426	0.03683	0.01976	0.03144	0.02695	0.01797	0.02695	0.01527	0.01797	0.01078	0.00809	0.00809	0.00270	0.01258	0.00629	0.00359	0.01258
27	0.02106	0.02022	0.03454	0.05223	0.64784	0.02022	0.02612	0.02612	0.01938	0.02780	0.01601	0.02106	0.01348	0.00758	0.00842	0.00253	0.01011	0.00758	0.00421	0.01348
28	0.01006	0.00862	0.00862	0.00862	0.01149	0.00718	0.00647	0.01221	0.01940	0.02299	0.08621	0.08190	0.64438	0.02155	0.01006	0.00287	0.00431	0.01796	0.00790	0.00718
29	0.02934	0.03370	0.02358	0.02197	0.05623	0.45846	0.01608	0.12150	0.06051	0.02712	0.02031	0.02160	0.05312	0.00991	0.00805	0.00235	0.01298	0.00695	0.00547	0.01078
30	0.01037	0.00741	0.00987	0.01185	0.01234	0.00691	0.00790	0.01185	0.01629	0.02172	0.04690	0.69537	0.05629	0.02666	0.01086	0.00346	0.00494	0.02419	0.00790	0.00691
31	0.02507	0.02016	0.02302	0.06024	0.06604	0.02204	0.01564	0.27655	0.24385	0.04082	0.02425	0.02430	0.01807	0.00998	0.00832	0.00254	0.00827	0.00805	0.00762	0.09517
32	0.01987	0.01901	0.03239	0.20200	0.50738	0.01991	0.02553	0.02507	0.01881	0.02636	0.01580	0.02145	0.01297	0.00780	0.00844	0.00260	0.01040	0.00758	0.00411	0.01252
33	0.02978	0.03329	0.02340	0.02061	0.02550	0.42958	0.01581	0.13631	0.14716	0.02936	0.01865	0.01946	0.01453	0.00957	0.00801	0.00239	0.01262	0.00667	0.00594	0.01137
34	0.02976	0.14950	0.05819	0.01973	0.02606	0.24647	0.01671	0.28754	0.02957	0.03528	0.01620	0.01739	0.01248	0.00911	0.00767	0.00231	0.01152	0.00631	0.00602	0.01219

[dist]
# distance from previous block
# <min> <max>
0	13

[block]
# block no. 1 follows, 21 sequences, length 30
# corresponding to MSA columns:
# 49-78
name=unknown_B
#
# <colnr> <probs for GDERKNQSTAVLIFYWHMCP>
#	G	D	E	R	K	N	Q	S	T	A	V	L	I	F	Y	W	H	M	C	P
0	0.02586	0.19980	0.02660	0.01784	0.02229	0.36636	0.01403	0.02921	0.05863	0.02088	0.01629	0.02223	0.01500	0.11625	0.01273	0.00309	0.01215	0.00658	0.00459	0.00962
1	0.02106	0.02022	0.03454	0.05223	0.64784	0.02022	0.02612	0.02612	0.01938	0.02780	0.01601	0.02106	0.01348	0.00758	0.00842	0.00253	0.01011	0.00758	0.00421	0.01348
2	0.02106	0.02022	0.03454	0.05223	0.64784	0.02022	0.02612	0.02612	0.01938	0.02780	0.01601	0.02106	0.01348	0.00758	0.00842	0.00253	0.01011	0.00758	0.00421	0.01348
3	0.02733	0.02805	0.02481	0.02240	0.05654	0.26153	0.01696	0.17788	0.10004	0.03108	0.01733	0.01960	0.01385	0.01069	0.01227	0.00270	0.15258	0.00705	0.00579	0.01152
4	0.01204	0.00870	0.01138	0.01071	0.01271	0.00803	0.00803	0.01606	0.02409	0.03413	0.64335	0.06357	0.08030	0.01740	0.01004	0.00268	0.00401	0.01539	0.00937	0.00803
5	0.02106	0.02022	0.03454	0.05223	0.64784	0.02022	0.02612	0.02612	0.01938	0.02780	0.01601	0.02106	0.01348	0.00758	0.00842	0.00253	0.01011	0.00758	0.00421	0.01348
6	0.01216	0.00912	0.01368	0.01368	0.01520	0.01064	0.01064	0.01520	0.01368	0.01976	0.02279	0.03343	0.02127	0.06382	0.66720	0.01368	0.02279	0.00912	0.00456	0.00760
7	0.02760	0.03386	0.02189	0.02017	0.02394	0.52686	0.01521	0.02998	0.02189	0.02060	0.01521	0.01920	0.01316	0.02051	0.14830	0.00464	0.01693	0.00626	0.00442	0.00938
8	0.02009	0.02296	0.05022	0.03587	0.04448	0.02152	0.61693	0.02726	0.02009	0.02726	0.01722	0.02296	0.01291	0.00717	0.01004	0.00287	0.01435	0.01004	0.00430	0.01148
9	0.01185	0.00940	0.01074	0.01028	0.01289	0.00866	0.00775	0.01658	0.06882	0.02924	0.34634	0.06935	0.32938	0.01881	0.00994	0.00278	0.00436	0.01610	0.00866	0.00807
10	0.01765	0.01513	0.01765	0.01260	0.02017	0.01134	0.01008	0.02143	0.01765	0.02773	0.01513	0.01765	0.01260	0.00630	0.00630	0.00126	0.00630	0.00504	0.00504	0.75295
11	0.02336	0.02000	0.03876	0.08043	0.03795	0.02002	0.36601	0.02891	0.01982	0.15689	0.01968	0.02363	0.01427	0.00899	0.01194	0.00293	0.10006	0.00920	0.00549	0.01166
12	0.01395	0.00948	0.01056	0.01009	0.01063	0.00968	0.00602	0.06009	0.01455	0.01942	0.02631	0.05292	0.02964	0.64664	0.04058	0.00780	0.00834	0.01201	0.00542	0.00589
13	0.01194	0.00869	0.01123	0.01059	0.01265	0.00798	0.00795	0.01585	0.02384	0.03353	0.61356	0.06455	0.11045	0.01762	0.01004	0.00269	0.00403	0.01553	0.00929	0.00798
14	0.02009	0.02296	0.05022	0.03587	0.04448	0.02152	0.61693	0.02726	0.02009	0.02726	0.01722	0.02296	0.01291	0.00717	0.01004	0.00287	0.01435	0.01004	0.00430	0.01148
15	0.02633	0.22375	0.25054	0.01817	0.02706	0.02114	0.01975	0.03178	0.02008	0.25144	0.02090	0.02070	0.01454	0.00874	0.00750	0.00242	0.00965	0.00661	0.00611	0.01279
16	0.01012	0.00836	0.00889	0.00931	0.01168	0.00713	0.00677	0.01214	0.01874	0.02272	0.07783	0.21270	0.51899	0.02264	0.01023	0.00300	0.00444	0.01929	0.00790	0.00713
17	0.01351	0.01125	0.01239	0.01283	0.05508	0.01039	0.00894	0.08751	0.02192	0.02706	0.07354	0.07038	0.52581	0.01925	0.00976	0.00281	0.00531	0.01602	0.00774	0.00849
18	0.02106	0.02022	0.03454	0.05223	0.64784	0.02022	0.02612	0.02612	0.01938	0.02780	0.01601	0.02106	0.01348	0.00758	0.00842	0.00253	0.01011	0.00758	0.00421	0.01348
19	0.01238	0.00825	0.00928	0.00928	0.00928	0.00825	0.00516	0.01238	0.01238	0.01650	0.02681	0.05569	0.03094	0.70092	0.04331	0.00825	0.00825	0.01238	0.00516	0.00516
20	0.02411	0.01824	0.01979	0.01723	0.02241	0.02051	0.01356	0.08897	0.51236	0.11271	0.03341	0.03054	0.02449	0.01132	0.00864	0.00283	0.00700	0.00934	0.00888	0.01367
21	0.02000	0.01913	0.03262	0.18619	0.52220	0.01994	0.02559	0.02518	0.01887	0.02651	0.01582	0.02141	0.01302	0.00778	0.00844	0.00259	0.01037	0.00758	0.00412	0.01262
22	0.02045	0.01960	0.03344	0.12919	0.57566	0.02006	0.02581	0.02558	0.01909	0.02706	0.01590	0.02126	0.01322	0.00770	0.00844	0.00257	0.01026	0.00758	0.00416	0.01299
23	0.03179	0.04056	0.02412	0.02192	0.02631	0.66676	0.01644	0.03398	0.02412	0.02083	0.01315	0.01535	0.01096	0.00877	0.00767	0.00219	0.01535	0.00548	0.00438	0.00987
24	0.06963	0.01997	0.03310	0.04954	0.60640	0.02015	0.02501	0.02605	0.01906	0.02848	0.01573	0.02059	0.01320	0.00760	0.00822	0.00253	0.00988	0.00739	0.00428	0.01320
25	0.04911	0.00849	0.01091	0.01207	0.01328	0.00856	0.00867	0.01361	0.01593	0.02226	0.04219	0.41338	0.09039	0.06015	0.14907	0.00573	0.00901	0.05306	0.00695	0.00718
26	0.01638	0.01456	0.01340	0.01360	0.01481	0.14540	0.00945	0.01660	0.01590	0.01895	0.02718	0.25153	0.03021	0.10350	0.07139	0.20225	0.00954	0.01331	0.00548	0.00653
27	0.01826	0.12276	0.02887	0.02628	0.17840	0.01875	0.10350	0.02244	0.01728	0.02503	0.01867	0.02446	0.01592	0.02012	0.14675	0.00478	0.05648	0.00784	0.13308	0.01032
28	0.01824	0.18062	0.53050	0.02226	0.03374	0.02263	0.02796	0.02665	0.01783	0.02552	0.01456	0.01708	0.01081	0.00792	0.00754	0.00251	0.01186	0.00593	0.00360	0.01224
29	0.07819	0.08279	0.29648	0.02342	0.03262	0.02109	0.14944	0.03041	0.12098	0.05514	0.01916	0.02114	0.01409	0.00850	0.00819	0.00269	0.01102	0.00748	0.00502	0.01218

[dist]
# distance from previous block
# <min> <max>
0	44

[block]
# block no. 2 follows, 21 sequences, length 123
# corresponding to MSA columns:
# 123-245
name=unknown_C
#
# <colnr> <probs for GDERKNQSTAVLIFYWHMCP>
#	G	D	E	R	K	N	Q	S	T	A	V	L	I	F	Y	W	H	M	C	P
0	0.02623	0.06898	0.02264	0.01810	0.02283	0.26427	0.01423	0.17896	0.08978	0.03331	0.14650	0.02810	0.02762	0.01110	0.00833	0.00243	0.01024	0.00843	0.00684	0.01109
1	0.01426	0.01258	0.05188	0.01227	0.01557	0.01071	0.01011	0.08915	0.02400	0.03265	0.35984	0.11210	0.18689	0.01761	0.00980	0.00277	0.00533	0.01518	0.00847	0.00882
2	0.01016	0.00863	0.00877	0.00873	0.01156	0.00723	0.00655	0.01242	0.01965	0.02358	0.11600	0.08092	0.61422	0.02133	0.01006	0.00286	0.00429	0.01782	0.00798	0.00723
3	0.03012	0.17159	0.02880	0.01963	0.02542	0.32205	0.01597	0.22855	0.02804	0.03166	0.01532	0.01670	0.01213	0.00895	0.00750	0.00224	0.01206	0.00602	0.00562	0.01163
4	0.02106	0.02022	0.03454	0.05223	0.64784	0.02022	0.02612	0.02612	0.01938	0.02780	0.01601	0.02106	0.01348	0.00758	0.00842	0.00253	0.01011	0.00758	0.00421	0.01348
5	0.03179	0.04056	0.02412	0.02192	0.02631	0.66676	0.01644	0.03398	0.02412	0.02083	0.01315	0.01535	0.01096	0.00877	0.00767	0.00219	0.01535	0.00548	0.00438	0.00987
6	0.02106	0.02022	0.03454	0.05223	0.64784	0.02022	0.02612	0.02612	0.01938	0.02780	0.01601	0.02106	0.01348	0.00758	0.00842	0.00253	0.01011	0.00758	0.00421	0.01348
7	0.01028	0.00827	0.00932	0.00994	0.01199	0.00731	0.00717	0.01228	0.01807	0.02240	0.07002	0.27110	0.42203	0.02574	0.05052	0.00372	0.00564	0.01937	0.00770	0.00712
8	0.01189	0.01076	0.01236	0.01156	0.01382	0.01123	0.00907	0.01398	0.01803	0.02245	0.07013	0.06834	0.50870	0.02013	0.01389	0.00306	0.15024	0.01571	0.00701	0.00764
9	0.01222	0.00886	0.01237	0.01237	0.01344	0.00993	0.00901	0.01436	0.01329	0.01879	0.02399	0.04002	0.02414	0.25253	0.48241	0.01207	0.01849	0.01008	0.00474	0.00687
10	0.01120	0.00818	0.00976	0.01020	0.01141	0.00757	0.00687	0.01297	0.01761	0.02327	0.17812	0.25160	0.18617	0.20398	0.01919	0.00444	0.00549	0.01775	0.00748	0.00674
11	0.03179	0.04056	0.02412	0.02192	0.02631	0.66676	0.01644	0.03398	0.02412	0.02083	0.01315	0.01535	0.01096	0.00877	0.00767	0.00219	0.01535	0.00548	0.00438	0.00987
12	0.03179	0.04056	0.02412	0.02192	0.02631	0.66676	0.01644	0.03398	0.02412	0.02083	0.01315	0.01535	0.01096	0.00877	0.00767	0.00219	0.01535	0.00548	0.00438	0.00987
13	0.01037	0.00741	0.00987	0.01185	0.01234	0.00691	0.00790	0.01185	0.01629	0.02172	0.04690	0.69537	0.05629	0.02666	0.01086	0.00346	0.00494	0.02419	0.00790	0.00691
14	0.01037	0.00741	0.00987	0.01185	0.01234	0.00691	0.00790	0.01185	0.01629	0.02172	0.04690	0.69537	0.05629	0.02666	0.01086	0.00346	0.00494	0.02419	0.00790	0.00691
15	0.03043	0.14927	0.02815	0.01982	0.02557	0.32970	0.01602	0.24095	0.02860	0.03237	0.01552	0.01686	0.01220	0.00903	0.00759	0.00226	0.01214	0.00610	0.00573	0.01169
16	0.01707	0.04402	0.65683	0.02426	0.03683	0.01976	0.03144	0.02695	0.01797	0.02695	0.01527	0.01797	0.01078	0.00809	0.00809	0.00270	0.01258	0.00629	0.00359	0.01258
17	0.01006	0.00862	0.00862	0.00862	0.01149	0.00718	0.00647	0.01221	0.01940	0.02299	0.08621	0.08190	0.64438	0.02155	0.01006	0.00287	0.00431	0.01796	0.00790	0.00718
18	0.01785	0.02255	0.15623	0.02062	0.02910	0.01535	0.15626	0.02368	0.01840	0.02732	0.01753	0.02388	0.01459	0.00795	0.00788	0.00210	0.00956	0.04330	0.00475	0.38109
19	0.02082	0.01997	0.03410	0.08274	0.61922	0.02016	0.02600	0.02590	0.01926	0.02751	0.01596	0.02114	0.01338	0.00763	0.00843	0.00254	0.01017	0.00758	0.00419	0.01328
20	0.02993	0.03745	0.02439	0.02198	0.02575	0.57611	0.01675	0.03207	0.02255	0.02078	0.01287	0.01581	0.01099	0.00964	0.01054	0.00241	0.11014	0.00576	0.00429	0.00979
21	0.02106	0.02022	0.03454	0.05223	0.64784	0.02022	0.02612	0.02612	0.01938	0.02780	0.01601	0.02106	0.01348	0.00758	0.00842	0.00253	0.01011	0.00758	0.00421	0.01348
22	0.02729	0.06942	0.02281	0.01901	0.02367	0.35730	0.01468	0.03613	0.20286	0.06540	0.06033	0.02396	0.02037	0.01015	0.00804	0.00243	0.01123	0.00746	0.00630	0.01116
23	0.01188	0.00884	0.01078	0.01153	0.01309	0.00832	0.00814	0.05029	0.01936	0.02548	0.12603	0.45107	0.17662	0.02346	0.01045	0.00319	0.00497	0.02082	0.00812	0.00758
24	0.01037	0.00741	0.00987	0.01185	0.01234	0.00691	0.00790	0.01185	0.01629	0.02172	0.04690	0.69537	0.05629	0.02666	0.01086	0.00346	0.00494	0.02419	0.00790	0.00691
25	0.02117	0.01828	0.01924	0.01732	0.02213	0.02117	0.01347	0.04522	0.63246	0.03560	0.03464	0.03175	0.02598	0.01155	0.00866	0.00289	0.00673	0.00962	0.00866	0.01347
26	0.03235	0.02384	0.02554	0.01958	0.02639	0.02639	0.01618	0.61946	0.04001	0.05363	0.02043	0.02043	0.01447	0.01022	0.00851	0.00255	0.00936	0.00766	0.00851	0.01447
27	0.07132	0.01802	0.01940	0.01616	0.02093	0.01990	0.01266	0.26448	0.18797	0.07747	0.02566	0.03016	0.02071	0.13170	0.04200	0.00410	0.00873	0.00892	0.00773	0.01198
28	0.01688	0.01227	0.01451	0.01414	0.01650	0.01268	0.01035	0.19182	0.02332	0.03118	0.03906	0.49546	0.04390	0.02179	0.01017	0.00319	0.00625	0.01930	0.00808	0.00915
29	0.01006	0.00862	0.00862	0.00862	0.01149	0.00718	0.00647	0.01221	0.01940	0.02299	0.08621	0.08190	0.64438	0.02155	0.01006	0.00287	0.00431	0.01796	0.00790	0.00718
30	0.01746	0.01510	0.02034	0.01786	0.01850	0.02015	0.01466	0.01997	0.01439	0.02350	0.01643	0.02313	0.01471	0.01661	0.06215	0.00387	0.45767	0.00768	0.20698	0.00883
31	0.01991	0.37489	0.35085	0.01941	0.02934	0.02672	0.02301	0.02622	0.01763	0.02349	0.01355	0.01581	0.01085	0.00768	0.00677	0.00226	0.01084	0.00542	0.00362	0.01175
32	0.01007	0.00856	0.00868	0.00878	0.01154	0.00717	0.00654	0.01220	0.01925	0.02293	0.08430	0.11169	0.61583	0.02180	0.01010	0.00290	0.00434	0.01826	0.00790	0.00717
33	0.01216	0.00912	0.01368	0.01368	0.01520	0.01064	0.01064	0.01520	0.01368	0.01976	0.02279	0.03343	0.02127	0.06382	0.66720	0.01368	0.02279	0.00912	0.00456	0.00760
34	0.17653	0.01702	0.02780	0.40471	0.04668	0.01948	0.14236	0.02358	0.01710	0.02640	0.01485	0.02084	0.01121	0.00810	0.00813	0.00280	0.01094	0.00744	0.00421	0.00982
35	0.01586	0.00793	0.00793	0.00793	0.00991	0.00793	0.00595	0.01983	0.01785	0.03173	0.02776	0.03173	0.02181	0.00991	0.00595	0.00198	0.00397	0.00793	0.74817	0.00793
36	0.01037	0.00741	0.00987	0.01185	0.01234	0.00691	0.00790	0.01185	0.01629	0.02172	0.04690	0.69537	0.05629	0.02666	0.01086	0.00346	0.00494	0.02419	0.00790	0.00691
37	0.01216	0.00912	0.01368	0.01368	0.01520	0.01064	0.01064	0.01520	0.01368	0.01976	0.02279	0.03343	0.02127	0.06382	0.66720	0.01368	0.02279	0.00912	0.00456	0.00760
38	0.02106	0.02022	0.03454	0.05223	0.64784	0.02022	0.02612	0.02612	0.01938	0.02780	0.01601	0.02106	0.01348	0.00758	0.00842	0.00253	0.01011	0.00758	0.00421	0.01348
39	0.01037	0.00741	0.00987	0.01185	0.01234	0.00691	0.00790	0.01185	0.01629	0.02172	0.04690	0.69537	0.05629	0.02666	0.01086	0.00346	0.00494	0.02419	0.00790	0.00691
40	0.03179	0.04056	0.02412	0.02192	0.02631	0.66676	0.01644	0.03398	0.02412	0.02083	0.01315	0.01535	0.01096	0.00877	0.00767	0.00219	0.01535	0.00548	0.00438	0.00987
41	0.01206	0.00896	0.01318	0.01330	0.01467	0.01026	0.01014	0.01482	0.01377	0.01969	0.02455	0.07639	0.02404	0.09887	0.58930	0.01272	0.02082	0.01026	0.00480	0.00741
42	0.01057	0.00766	0.00965	0.01114	0.01187	0.00711	0.00739	0.01196	0.01620	0.02125	0.04932	0.54183	0.12583	0.10802	0.01471	0.00397	0.00526	0.02199	0.00757	0.00673
43	0.02035	0.01950	0.03326	0.14146	0.56415	0.02003	0.02576	0.02550	0.01904	0.02694	0.01588	0.02129	0.01318	0.00771	0.00844	0.00257	0.01029	0.00758	0.00415	0.01291
44	0.01054	0.00844	0.00947	0.00994	0.01216	0.00737	0.00736	0.01285	0.01922	0.02400	0.13222	0.21231	0.42587	0.02234	0.01033	0.00304	0.00462	0.05263	0.00805	0.00725
45	0.02244	0.67014	0.07780	0.01509	0.02265	0.03292	0.01548	0.02556	0.01733	0.02040	0.01202	0.01389	0.01091	0.00732	0.00560	0.00187	0.00929	0.00464	0.00364	0.01101
46	0.01097	0.00866	0.00988	0.00958	0.01205	0.00757	0.00718	0.01398	0.02155	0.02810	0.34183	0.07349	0.38558	0.01965	0.01005	0.00278	0.00417	0.01678	0.00857	0.00757
47	0.01020	0.00860	0.00866	0.00866	0.01136	0.00725	0.00639	0.01222	0.01897	0.02259	0.08258	0.08030	0.60685	0.06312	0.01209	0.00320	0.00455	0.01762	0.00773	0.00706
48	0.01410	0.00811	0.00845	0.00845	0.00986	0.00796	0.00574	0.01655	0.01617	0.02573	0.03341	0.04488	0.08840	0.24277	0.01890	0.00418	0.00544	0.01044	0.42353	0.00693
49	0.02233	0.02323	0.01883	0.01765	0.02140	0.22917	0.01325	0.03440	0.30155	0.02780	0.03024	0.16859	0.02756	0.01388	0.00881	0.00278	0.00917	0.01139	0.00710	0.01089
50	0.01037	0.00741	0.00987	0.01185	0.01234	0.00691	0.00790	0.01185	0.01629	0.02172	0.04690	0.69537	0.05629	0.02666	0.01086	0.00346	0.00494	0.02419	0.00790	0.00691
51	0.01235	0.00836	0.00982	0.00982	0.01000	0.00854	0.00582	0.01272	0.01253	0.01690	0.02633	0.05298	0.02976	0.62345	0.11918	0.00891	0.01002	0.01198	0.00508	0.00545
52	0.03232	0.02460	0.02547	0.01969	0.02639	0.05574	0.01619	0.59262	0.03928	0.05213	0.02010	0.02020	0.01431	0.01015	0.00847	0.00254	0.00964	0.00756	0.00832	0.01426
53	0.01077	0.00915	0.00934	0.00920	0.01214	0.00799	0.00693	0.01421	0.05290	0.02427	0.11320	0.07820	0.58068	0.02079	0.00998	0.00286	0.00443	0.01737	0.00802	0.00757
54	0.01037	0.00741	0.00987	0.01185	0.01234	0.00691	0.00790	0.01185	0.01629	0.02172	0.04690	0.69537	0.05629	0.02666	0.01086	0.00346	0.00494	0.02419	0.00790	0.00691
55	0.01075	0.00922	0.00928	0.00916	0.01216	0.00806	0.00690	0.01427	0.05759	0.02377	0.08300	0.07878	0.60586	0.02093	0.00997	0.00287	0.00446	0.01744	0.00795	0.00758
56	0.03179	0.04056	0.02412	0.02192	0.02631	0.66676	0.01644	0.03398	0.02412	0.02083	0.01315	0.01535	0.01096	0.00877	0.00767	0.00219	0.01535	0.00548	0.00438	0.00987
57	0.03179	0.04056	0.02412	0.02192	0.02631	0.66676	0.01644	0.03398	0.02412	0.02083	0.01315	0.01535	0.01096	0.00877	0.00767	0.00219	0.01535	0.00548	0.00438	0.00987
58	0.02360	0.01774	0.01932	0.01701	0.02207	0.01993	0.01333	0.04468	0.54544	0.12405	0.03448	0.03135	0.02527	0.01140	0.00864	0.00285	0.00681	0.00947	0.00893	0.01361
59	0.01009	0.00849	0.00876	0.00897	0.01159	0.00715	0.00662	0.01217	0.01906	0.02285	0.08190	0.14910	0.57996	0.02211	0.01015	0.00294	0.00438	0.01864	0.00790	0.00715
60	0.02788	0.32843	0.03297	0.01874	0.02438	0.39290	0.01563	0.03031	0.02116	0.02048	0.01258	0.01461	0.01094	0.00813	0.00672	0.00203	0.01264	0.00508	0.00406	0.01032
61	0.01238	0.00825	0.00928	0.00928	0.00928	0.00825	0.00516	0.01238	0.01238	0.01650	0.02681	0.05569	0.03094	0.70092	0.04331	0.00825	0.00825	0.01238	0.00516	0.00516
62	0.02739	0.02016	0.02167	0.01724	0.02246	0.02218	0.01365	0.45424	0.07034	0.04457	0.02267	0.02868	0.01870	0.15830	0.01598	0.00379	0.00896	0.00879	0.00780	0.01241
63	0.02853	0.03353	0.05325	0.02940	0.18391	0.39849	0.01948	0.10289	0.02459	0.02683	0.01485	0.01752	0.01202	0.00862	0.00798	0.00234	0.01318	0.00631	0.00481	0.01145
64	0.01024	0.00791	0.00935	0.01051	0.01199	0.00703	0.00730	0.01200	0.01758	0.02225	0.06326	0.44013	0.30097	0.02454	0.01053	0.00321	0.00468	0.02160	0.00790	0.00703
65	0.02885	0.02318	0.02589	0.10425	0.08068	0.06229	0.01780	0.43561	0.06254	0.04480	0.01966	0.02100	0.01434	0.00977	0.00846	0.00258	0.00990	0.00761	0.00734	0.01345
66	0.76103	0.01646	0.01251	0.01119	0.01646	0.01909	0.00922	0.02502	0.01448	0.03818	0.01185	0.01382	0.00922	0.00790	0.00527	0.00263	0.00658	0.00461	0.00527	0.00922
67	0.01216	0.00912	0.01368	0.01368	0.01520	0.01064	0.01064	0.01520	0.01368	0.01976	0.02279	0.03343	0.02127	0.06382	0.66720	0.01368	0.02279	0.00912	0.00456	0.00760
68	0.01204	0.00870	0.01138	0.01071	0.01271	0.00803	0.00803	0.01606	0.02409	0.03413	0.64335	0.06357	0.08030	0.01740	0.01004	0.00268	0.00401	0.01539	0.00937	0.00803
69	0.02791	0.03410	0.02469	0.02205	0.02514	0.47810	0.01708	0.03001	0.02085	0.02073	0.01257	0.01631	0.01102	0.01057	0.01364	0.00264	0.21264	0.00606	0.00419	0.00970
70	0.01586	0.00793	0.00793	0.00793	0.00991	0.00793	0.00595	0.01983	0.01785	0.03173	0.02776	0.03173	0.02181	0.00991	0.00595	0.00198	0.00397	0.00793	0.74817	0.00793
71	0.02820	0.30466	0.03224	0.01900	0.02454	0.41551	0.01570	0.03061	0.02141	0.02051	0.01263	0.01467	0.01095	0.00818	0.00680	0.00204	0.01287	0.00511	0.00409	0.01028
72	0.01238	0.00825	0.00928	0.00928	0.00928	0.00825	0.00516	0.01238	0.01238	0.01650	0.02681	0.05569	0.03094	0.70092	0.04331	0.00825	0.00825	0.01238	0.00516	0.00516
73	0.02055	0.01970	0.03362	0.11634	0.58771	0.02009	0.02586	0.02567	0.01914	0.02718	0.01592	0.02123	0.01326	0.00768	0.00843	0.00256	0.01024	0.00758	0.00417	0.01307
74	0.01743	0.08567	0.61831	0.02365	0.03589	0.02064	0.03038	0.02686	0.01792	0.02651	0.01506	0.01770	0.01079	0.00803	0.00792	0.00264	0.01236	0.00618	0.00360	0.01247
75	0.01037	0.00741	0.00987	0.01185	0.01234	0.00691	0.00790	0.01185	0.01629	0.02172	0.04690	0.69537	0.05629	0.02666	0.01086	0.00346	0.00494	0.02419	0.00790	0.00691
76	0.01066	0.00881	0.00946	0.00978	0.01251	0.00761	0.00766	0.01311	0.01943	0.02340	0.07942	0.08422	0.54617	0.02188	0.01034	0.00305	0.00489	0.11241	0.00789	0.00729
77	0.03089	0.10770	0.02627	0.02107	0.02586	0.57281	0.01624	0.05995	0.02415	0.02225	0.01335	0.01541	0.01112	0.00868	0.00749	0.00217	0.01444	0.00549	0.00450	0.01018
78	0.01006	0.00862	0.00862	0.00862	0.01149	0.00718	0.00647	0.01221	0.01940	0.02299	0.08621	0.08190	0.64438	0.02155	0.01006	0.00287	0.00431	0.01796	0.00790	0.00718
79	0.02117	0.01828	0.01924	0.01732	0.02213	0.02117	0.01347	0.04522	0.63246	0.03560	0.03464	0.03175	0.02598	0.01155	0.00866	0.00289	0.00673	0.00962	0.00866	0.01347
80	0.02076	0.02106	0.03936	0.04720	0.46239	0.02062	0.20771	0.02647	0.01960	0.02764	0.01638	0.02164	0.01331	0.00746	0.00892	0.00263	0.01141	0.00834	0.00424	0.01286
81	0.01221	0.00892	0.01265	0.01265	0.01382	0.01008	0.00936	0.01454	0.01337	0.01900	0.02373	0.03862	0.02353	0.21244	0.52166	0.01241	0.01940	0.00988	0.00470	0.00703
82	0.01030	0.00767	0.00961	0.01116	0.01216	0.00697	0.00759	0.01193	0.01696	0.02200	0.05533	0.56391	0.18230	0.02557	0.01069	0.00333	0.00480	0.02286	0.00790	0.00697
83	0.01382	0.01129	0.01633	0.01546	0.01665	0.01413	0.01231	0.01662	0.01370	0.02041	0.02029	0.02991	0.01894	0.05022	0.49115	0.01088	0.17658	0.00868	0.03464	0.00801
84	0.01850	0.01845	0.02604	0.05346	0.02406	0.02573	0.01886	0.02054	0.01322	0.02054	0.01136	0.01881	0.01118	0.01459	0.02701	0.00368	0.65348	0.00745	0.00373	0.00932
85	0.01238	0.00825	0.00928	0.00928	0.00928	0.00825	0.00516	0.01238	0.01238	0.01650	0.02681	0.05569	0.03094	0.70092	0.04331	0.00825	0.00825	0.01238	0.00516	0.00516
86	0.01968	0.02217	0.04773	0.10081	0.04590	0.02126	0.55715	0.02670	0.01978	0.02670	0.01701	0.02293	0.01275	0.00731	0.00989	0.00287	0.01404	0.00979	0.00425	0.01127
87	0.02874	0.03401	0.02547	0.02674	0.13741	0.47172	0.01782	0.06830	0.02365	0.02408	0.01469	0.01776	0.01224	0.01188	0.04656	0.00295	0.01447	0.00621	0.00462	0.01067
88	0.01088	0.00865	0.00984	0.01008	0.01246	0.00761	0.00767	0.01356	0.02014	0.02551	0.19785	0.13473	0.40973	0.02132	0.01030	0.00299	0.00466	0.07640	0.00821	0.00741
89	0.01586	0.00793	0.00793	0.00793	0.00991	0.00793	0.00595	0.01983	0.01785	0.03173	0.02776	0.03173	0.02181	0.00991	0.00595	0.00198	0.00397	0.00793	0.74817	0.00793
90	0.02967	0.03391	0.02647	0.02780	0.15393	0.43932	0.01839	0.11894	0.02549	0.02711	0.01482	0.01727	0.01200	0.00874	0.00795	0.00231	0.01339	0.00623	0.00496	0.01129
91	0.02798	0.02207	0.02623	0.02587	0.15320	0.02416	0.01772	0.39203	0.14473	0.04501	0.02214	0.02264	0.01638	0.00992	0.00852	0.00261	0.00903	0.00801	0.00766	0.01408
92	0.03179	0.04056	0.02412	0.02192	0.02631	0.66676	0.01644	0.03398	0.02412	0.02083	0.01315	0.01535	0.01096	0.00877	0.00767	0.00219	0.01535	0.00548	0.00438	0.00987
93	0.01006	0.00862	0.00862	0.00862	0.01149	0.00718	0.00647	0.01221	0.01940	0.02299	0.08621	0.08190	0.64438	0.02155	0.01006	0.00287	0.00431	0.01796	0.00790	0.00718
94	0.01993	0.02250	0.04770	0.03446	0.04217	0.02199	0.55466	0.02655	0.01935	0.02655	0.01659	0.02250	0.01273	0.00798	0.01190	0.00296	0.08419	0.00977	0.00424	0.01125
95	0.03291	0.02490	0.02350	0.01891	0.02502	0.16005	0.01521	0.32404	0.06921	0.18549	0.02281	0.02203	0.01596	0.01006	0.00835	0.00252	0.00999	0.00752	0.00811	0.01343
96	0.01006	0.00862	0.00862	0.00862	0.01149	0.00718	0.00647	0.01221	0.01940	0.02299	0.08621	0.08190	0.64438	0.02155	0.01006	0.00287	0.00431	0.01796	0.00790	0.00718
97	0.01028	0.00776	0.00951	0.01090	0.01209	0.00699	0.00748	0.01196	0.01721	0.02210	0.05848	0.51473	0.22946	0.02516	0.01063	0.00328	0.00475	0.02236	0.00790	0.00699
98	0.01795	0.01841	0.02561	0.02153	0.02424	0.09599	0.13021	0.02125	0.01608	0.02164	0.01810	0.05596	0.01695	0.02941	0.23256	0.00665	0.22489	0.00905	0.00439	0.00911
99	0.02689	0.23045	0.03253	0.02601	0.15818	0.27646	0.01793	0.08953	0.02271	0.02543	0.01412	0.01659	0.01185	0.00822	0.00727	0.00219	0.01177	0.00588	0.00455	0.01142
100	0.02812	0.03004	0.02539	0.02691	0.15831	0.33828	0.01768	0.14088	0.05441	0.02979	0.01703	0.01929	0.01353	0.00899	0.00793	0.00235	0.01201	0.00668	0.05083	0.01155
101	0.02081	0.10417	0.06898	0.02611	0.15291	0.02200	0.05500	0.08439	0.01933	0.02768	0.01466	0.01872	0.01234	0.00925	0.01225	0.00248	0.16702	0.00672	0.00461	0.17057
102	0.02324	0.10378	0.27832	0.02304	0.05592	0.20999	0.04747	0.02899	0.01997	0.06241	0.01601	0.01875	0.01234	0.01180	0.04930	0.00315	0.01333	0.00641	0.00437	0.01141
103	0.01912	0.05916	0.01938	0.01586	0.01870	0.05532	0.01248	0.15759	0.02140	0.02826	0.02861	0.17216	0.06321	0.06664	0.12163	0.00504	0.10771	0.01201	0.00625	0.00947
104	0.04977	0.01148	0.01407	0.04571	0.05496	0.01217	0.00985	0.02061	0.11930	0.02563	0.15316	0.07381	0.03786	0.28231	0.04940	0.00536	0.00777	0.01201	0.00658	0.00822
105	0.02540	0.03171	0.08334	0.03207	0.24308	0.34248	0.02062	0.02923	0.02143	0.02386	0.01644	0.05994	0.01465	0.00941	0.00817	0.00243	0.01263	0.00745	0.00447	0.01118
106	0.01035	0.00748	0.00980	0.01165	0.01229	0.00693	0.00781	0.01187	0.01649	0.02180	0.04935	0.65715	0.09293	0.02634	0.01081	0.00342	0.00490	0.02380	0.00790	0.00693
107	0.01913	0.01824	0.03081	0.23541	0.44782	0.01929	0.02457	0.02425	0.01868	0.02582	0.01867	0.02408	0.03914	0.00844	0.00852	0.00263	0.01023	0.00801	0.00424	0.01203
108	0.01136	0.00925	0.01013	0.00980	0.01253	0.00832	0.00738	0.01545	0.05903	0.02720	0.25424	0.07314	0.43248	0.01965	0.00996	0.00281	0.00437	0.01665	0.00840	0.00784
109	0.01204	0.00870	0.01138	0.01071	0.01271	0.00803	0.00803	0.01606	0.02409	0.03413	0.64335	0.06357	0.08030	0.01740	0.01004	0.00268	0.00401	0.01539	0.00937	0.00803
110	0.02095	0.11261	0.18835	0.03001	0.07034	0.08836	0.31346	0.02760	0.01962	0.02568	0.01563	0.01978	0.01200	0.00759	0.00870	0.00261	0.01317	0.00790	0.00406	0.01161
111	0.01607	0.01513	0.02552	0.68047	0.05861	0.01891	0.02363	0.02174	0.01702	0.02174	0.01513	0.02269	0.01134	0.00851	0.00851	0.00284	0.01134	0.00756	0.00378	0.00945
112	0.01222	0.00889	0.01251	0.01251	0.01362	0.01000	0.00918	0.01444	0.01333	0.01889	0.02387	0.03936	0.02385	0.23362	0.50093	0.01223	0.01892	0.00999	0.00472	0.00695
113	0.01071	0.00767	0.01018	0.01161	0.01242	0.00714	0.00793	0.01271	0.01789	0.02427	0.16937	0.56565	0.06122	0.02476	0.01069	0.00330	0.00475	0.02239	0.00820	0.00714
114	0.02118	0.02071	0.03136	0.11564	0.48141	0.05974	0.02396	0.02807	0.08197	0.02751	0.01764	0.02198	0.01437	0.00816	0.00841	0.00258	0.01022	0.00766	0.00463	0.01282
115	0.01740	0.08287	0.62091	0.02369	0.03595	0.02058	0.03045	0.02686	0.01793	0.02654	0.01507	0.01771	0.01079	0.00804	0.00793	0.00264	0.01237	0.00619	0.00360	0.01248
116	0.02615	0.03124	0.02413	0.02156	0.02429	0.41053	0.01682	0.02828	0.01974	0.02064	0.01308	0.01756	0.01166	0.01420	0.05486	0.00341	0.24176	0.00637	0.00417	0.00954
117	0.36330	0.02120	0.01693	0.04226	0.02079	0.15688	0.01179	0.08694	0.01962	0.07107	0.01631	0.02123	0.01360	0.09278	0.01108	0.00322	0.00919	0.00642	0.00566	0.00974
118	0.06043	0.13206	0.03574	0.04060	0.42371	0.02209	0.08296	0.02562	0.01861	0.02669	0.01551	0.02017	0.01310	0.00985	0.03539	0.00292	0.01072	0.00724	0.00420	0.01238
119	0.02590	0.03530	0.16173	0.06295	0.14205	0.33966	0.02177	0.06476	0.02250	0.02537	0.01465	0.01763	0.01160	0.00848	0.00799	0.00242	0.01325	0.00627	0.00439	0.01134
120	0.01896	0.02089	0.12279	0.09721	0.02660	0.05587	0.01651	0.15951	0.02400	0.03084	0.04053	0.04769	0.19714	0.01459	0.00927	0.00286	0.00885	0.08897	0.00661	0.01030
121	0.19876	0.02835	0.02330	0.02525	0.15682	0.31135	0.01643	0.05291	0.02110	0.02811	0.01387	0.01656	0.01134	0.00822	0.00722	0.00232	0.01139	0.00579	0.00476	0.05614
122	0.02013	0.01592	0.01696	0.01382	0.01829	0.04188	0.01058	0.19555	0.02460	0.03353	0.12445	0.03761	0.06748	0.15293	0.01545	0.00345	0.00749	0.00982	0.00694	0.18314

[dist]
# distance from previous block
# <min> <max>
0	9

[block]
# block no. 3 follows, 21 sequences, length 36
# corresponding to MSA columns:
# 255-290
name=unknown_D
#
# <colnr> <probs for GDERKNQSTAVLIFYWHMCP>
#	G	D	E	R	K	N	Q	S	T	A	V	L	I	F	Y	W	H	M	C	P
0	0.16806	0.01843	0.12686	0.01749	0.07306	0.01506	0.01466	0.02033	0.01856	0.02950	0.17173	0.04092	0.15626	0.01357	0.01040	0.00280	0.07597	0.01063	0.00620	0.00949
1	0.01091	0.00868	0.00977	0.00969	0.01219	0.00789	0.00733	0.01352	0.01901	0.02428	0.14580	0.06947	0.44287	0.02741	0.11709	0.00457	0.00727	0.01576	0.03909	0.00739
2	0.01284	0.01031	0.01682	0.01559	0.01772	0.01157	0.06281	0.01623	0.01423	0.02040	0.02231	0.03253	0.02056	0.05895	0.61065	0.01275	0.02207	0.00920	0.00454	0.00793
3	0.02474	0.02641	0.02176	0.01954	0.02367	0.25612	0.01512	0.03841	0.34326	0.02857	0.02425	0.02435	0.01889	0.01091	0.01043	0.00273	0.08470	0.00788	0.00656	0.01170
4	0.02006	0.02152	0.02049	0.01873	0.02068	0.21624	0.01474	0.02249	0.01669	0.02030	0.01645	0.02357	0.01517	0.03269	0.27876	0.00726	0.21359	0.00752	0.00426	0.00879
5	0.01053	0.00864	0.00927	0.00911	0.01178	0.00738	0.00683	0.01312	0.02050	0.02562	0.21762	0.07758	0.51133	0.02057	0.01005	0.00283	0.00424	0.01735	0.00825	0.00738
6	0.01216	0.00912	0.01368	0.01368	0.01520	0.01064	0.01064	0.01520	0.01368	0.01976	0.02279	0.03343	0.02127	0.06382	0.66720	0.01368	0.02279	0.00912	0.00456	0.00760
7	0.03182	0.03952	0.02420	0.02178	0.02631	0.62716	0.01643	0.07019	0.02510	0.02286	0.01360	0.01566	0.01118	0.00886	0.00773	0.00221	0.01498	0.00562	0.00464	0.01015
8	0.01216	0.00912	0.01368	0.01368	0.01520	0.01064	0.01064	0.01520	0.01368	0.01976	0.02279	0.03343	0.02127	0.06382	0.66720	0.01368	0.02279	0.00912	0.00456	0.00760
9	0.01006	0.00862	0.00862	0.00862	0.01149	0.00718	0.00647	0.01221	0.01940	0.02299	0.08621	0.08190	0.64438	0.02155	0.01006	0.00287	0.00431	0.01796	0.00790	0.00718
10	0.05666	0.01405	0.02235	0.01774	0.02286	0.01284	0.13504	0.02794	0.02141	0.27596	0.11700	0.14503	0.06520	0.01391	0.00938	0.00284	0.00770	0.01270	0.00829	0.01112
11	0.02109	0.02076	0.03298	0.11987	0.54913	0.05516	0.02532	0.02606	0.01937	0.02676	0.01576	0.02093	0.01311	0.00775	0.00839	0.00254	0.01053	0.00747	0.00417	0.01284
12	0.01218	0.00902	0.01319	0.01319	0.01455	0.01038	0.01004	0.01489	0.01353	0.01940	0.02324	0.03588	0.02234	0.13379	0.59869	0.01308	0.02120	0.00948	0.00462	0.00733
13	0.02459	0.50405	0.03954	0.01911	0.07666	0.09616	0.01593	0.09191	0.02067	0.02448	0.01327	0.01521	0.01154	0.00778	0.00628	0.00200	0.00985	0.00525	0.00430	0.01143
14	0.02179	0.02420	0.03134	0.18354	0.10537	0.17874	0.14258	0.02607	0.01881	0.02306	0.01436	0.01994	0.01177	0.00951	0.01261	0.00283	0.15148	0.00754	0.00407	0.01038
15	0.02001	0.08879	0.01859	0.01324	0.01728	0.01439	0.01086	0.04781	0.02152	0.15701	0.19574	0.04613	0.17485	0.01463	0.01078	0.00264	0.07502	0.01166	0.00779	0.05127
16	0.02104	0.33187	0.32590	0.01980	0.02924	0.09168	0.02257	0.02703	0.01830	0.02331	0.01356	0.01582	0.01086	0.00780	0.00690	0.00226	0.01135	0.00545	0.00369	0.01158
17	0.03179	0.04056	0.02412	0.02192	0.02631	0.66676	0.01644	0.03398	0.02412	0.02083	0.01315	0.01535	0.01096	0.00877	0.00767	0.00219	0.01535	0.00548	0.00438	0.00987
18	0.01070	0.00865	0.00951	0.00929	0.01189	0.00746	0.00697	0.01345	0.02091	0.02657	0.26556	0.07600	0.46280	0.02022	0.01005	0.00281	0.00422	0.01713	0.00837	0.00746
19	0.02275	0.70604	0.04459	0.01456	0.02184	0.03367	0.01456	0.02548	0.01729	0.02002	0.01183	0.01365	0.01092	0.00728	0.00546	0.00182	0.00910	0.00455	0.00364	0.01092
20	0.01006	0.00862	0.00862	0.00862	0.01149	0.00718	0.00647	0.01221	0.01940	0.02299	0.08621	0.08190	0.64438	0.02155	0.01006	0.00287	0.00431	0.01796	0.00790	0.00718
21	0.01037	0.00741	0.00987	0.01185	0.01234	0.00691	0.00790	0.01185	0.01629	0.02172	0.04690	0.69537	0.05629	0.02666	0.01086	0.00346	0.00494	0.02419	0.00790	0.00691
22	0.01023	0.00796	0.00930	0.01037	0.01196	0.00704	0.00724	0.01202	0.01771	0.02230	0.06487	0.41490	0.32516	0.02433	0.01049	0.00319	0.00465	0.02134	0.00790	0.00704
23	0.01348	0.01106	0.01621	0.01545	0.01666	0.01380	0.01227	0.01628	0.01354	0.01990	0.02042	0.03040	0.01921	0.05381	0.53634	0.01164	0.15842	0.00878	0.00439	0.00795
24	0.03319	0.02249	0.02470	0.01894	0.02572	0.02439	0.01565	0.53606	0.03775	0.14022	0.02233	0.02166	0.01542	0.01026	0.00852	0.00257	0.00906	0.00779	0.00880	0.01447
25	0.01030	0.00765	0.00962	0.01119	0.01217	0.00697	0.00761	0.01192	0.01693	0.02198	0.05495	0.56979	0.17667	0.02562	0.01070	0.00334	0.00481	0.02292	0.00790	0.00697
26	0.01014	0.00831	0.00894	0.00945	0.01171	0.00711	0.00684	0.01212	0.01860	0.02266	0.07606	0.24028	0.49256	0.02287	0.01027	0.00302	0.00447	0.01957	0.00790	0.00711
27	0.02106	0.02022	0.03454	0.05223	0.64784	0.02022	0.02612	0.02612	0.01938	0.02780	0.01601	0.02106	0.01348	0.00758	0.00842	0.00253	0.01011	0.00758	0.00421	0.01348
28	0.32120	0.01517	0.01620	0.07044	0.02148	0.01658	0.01172	0.09133	0.01975	0.16196	0.02017	0.02214	0.01485	0.01463	0.07402	0.00370	0.00883	0.00678	0.07846	0.01060
29	0.02326	0.02438	0.03241	0.04603	0.52061	0.15257	0.02414	0.02773	0.02035	0.02637	0.01542	0.01989	0.01296	0.00783	0.00827	0.00246	0.01118	0.00715	0.00425	0.01274
30	0.02493	0.03051	0.05874	0.06990	0.12623	0.32442	0.14838	0.02923	0.02124	0.02354	0.01521	0.01943	0.01235	0.01126	0.04501	0.00309	0.01438	0.00715	0.00428	0.01073
31	0.02233	0.16190	0.07985	0.01730	0.02234	0.05189	0.01549	0.08924	0.13674	0.06360	0.02072	0.02271	0.01638	0.01259	0.03810	0.00306	0.11949	0.00728	0.08766	0.01133
32	0.02464	0.10327	0.22555	0.02072	0.02824	0.21030	0.02044	0.14913	0.02383	0.02930	0.01601	0.01860	0.01251	0.01344	0.06450	0.00338	0.01325	0.00640	0.00492	0.01158
33	0.02261	0.02106	0.02482	0.03110	0.28217	0.14908	0.01800	0.02774	0.05595	0.08216	0.16594	0.03119	0.03007	0.01061	0.00868	0.00252	0.00931	0.00919	0.00625	0.01154
34	0.13429	0.05573	0.08747	0.05296	0.19323	0.01683	0.01743	0.02661	0.01910	0.15453	0.05109	0.11055	0.02246	0.01123	0.00817	0.00268	0.00830	0.00955	0.00625	0.01153
35	0.01699	0.01518	0.02283	0.03046	0.29886	0.01561	0.01714	0.02358	0.09816	0.02681	0.06946	0.03702	0.11824	0.02243	0.14435	0.00493	0.01101	0.01025	0.00575	0.01096

[dist]
# distance from previous block
# <min> <max>
37	199

[block]
# block no. 4 follows, 21 sequences, length 86
# corresponding to MSA columns:
# 499-584
name=unknown_E
#
# <colnr> <probs for GDERKNQSTAVLIFYWHMCP>
#	G	D	E	R	K	N	Q	S	T	A	V	L	I	F	Y	W	H	M	C	P
0	0.05173	0.09003	0.39265	0.02517	0.09113	0.15540	0.02561	0.02814	0.01919	0.02570	0.01450	0.01722	0.01102	0.00811	0.00772	0.00251	0.01241	0.00604	0.00389	0.01183
1	0.19957	0.07818	0.12306	0.02208	0.10937	0.15393	0.01755	0.03046	0.01977	0.14562	0.01731	0.01861	0.01276	0.00851	0.00727	0.00248	0.01014	0.00620	0.00554	0.01158
2	0.02132	0.09180	0.31505	0.03011	0.17619	0.13990	0.05498	0.02794	0.01947	0.02546	0.01486	0.01809	0.01156	0.00798	0.00797	0.00250	0.01231	0.00648	0.00392	0.01210
3	0.01782	0.02297	0.17765	0.13305	0.28145	0.01774	0.02443	0.02389	0.01873	0.02620	0.02174	0.03615	0.01989	0.01116	0.00905	0.00290	0.01041	0.12852	0.00475	0.01148
4	0.01993	0.17556	0.34988	0.02051	0.02977	0.05496	0.02301	0.03124	0.16110	0.02722	0.01896	0.02015	0.01435	0.00876	0.00765	0.00253	0.01063	0.00666	0.00482	0.01231
5	0.04145	0.00934	0.01186	0.06633	0.01641	0.00956	0.00915	0.04330	0.01691	0.02351	0.03785	0.45770	0.04354	0.12594	0.01510	0.00400	0.00621	0.01883	0.03566	0.00735
6	0.01035	0.00747	0.00981	0.01169	0.01230	0.00693	0.00783	0.01187	0.01645	0.02179	0.04885	0.66505	0.08535	0.02641	0.01082	0.00343	0.00491	0.02388	0.00790	0.00693
7	0.01062	0.00864	0.00940	0.00921	0.01184	0.00742	0.00691	0.01330	0.02072	0.02613	0.24337	0.07673	0.48527	0.02038	0.01005	0.00282	0.00423	0.01724	0.00832	0.00742
8	0.02002	0.38723	0.33943	0.01923	0.02906	0.02697	0.02269	0.02619	0.01762	0.02336	0.01349	0.01573	0.01085	0.00767	0.00672	0.00224	0.01077	0.00539	0.00362	0.01172
9	0.01257	0.00972	0.01446	0.01423	0.01565	0.01162	0.01114	0.01553	0.01364	0.01980	0.02206	0.03249	0.02063	0.06072	0.62666	0.01305	0.06481	0.00901	0.00451	0.00771
10	0.01006	0.00862	0.00862	0.00862	0.01149	0.00718	0.00647	0.01221	0.01940	0.02299	0.08621	0.08190	0.64438	0.02155	0.01006	0.00287	0.00431	0.01796	0.00790	0.00718
11	0.03183	0.03929	0.02422	0.02175	0.02631	0.61825	0.01642	0.07833	0.02532	0.02331	0.01371	0.01573	0.01123	0.00888	0.00774	0.00222	0.01489	0.00565	0.00470	0.01021
12	0.03266	0.02578	0.02492	0.01964	0.02606	0.12420	0.01597	0.48968	0.03649	0.08958	0.02021	0.02023	0.01438	0.01001	0.00839	0.00250	0.01014	0.00739	0.00801	0.01376
