[name]
unknown

[dist]
# distance from previous block
# <min> <max>
0	0

[block]
# block no. 0 follows, 22 sequences, length 13
# corresponding to MSA columns:
# 0-12
name=unknown_A
#
# <colnr> <probs for GDERKNQSTAVLIFYWHMCP>
#	G	D	E	R	K	N	Q	S	T	A	V	L	I	F	Y	W	H	M	C	P
0	0.01339	0.00956	0.01339	0.01530	0.01721	0.00956	0.01339	0.01721	0.01912	0.02486	0.04399	0.09371	0.04781	0.02295	0.01147	0.00382	0.00765	0.60031	0.00765	0.00765
1	0.03103	0.03959	0.02354	0.02140	0.02568	0.67469	0.01605	0.03317	0.02354	0.02033	0.01284	0.01498	0.01070	0.00856	0.00749	0.00214	0.01498	0.00535	0.00428	0.00963
2	0.02056	0.01974	0.03372	0.05099	0.65622	0.01974	0.02550	0.02550	0.01892	0.02714	0.01563	0.02056	0.01316	0.00740	0.00822	0.00247	0.00987	0.00740	0.00411	0.01316
3	0.01569	0.01477	0.02492	0.68808	0.05722	0.01846	0.02307	0.02123	0.01661	0.02123	0.01477	0.02215	0.01107	0.00831	0.00831	0.00277	0.01107	0.00738	0.00369	0.00923
4	0.01812	0.01528	0.01664	0.01566	0.01963	0.01711	0.01242	0.03562	0.45808	0.03157	0.04133	0.04790	0.10014	0.01449	0.00916	0.00300	0.00650	0.11766	0.00822	0.01146
5	0.01012	0.00723	0.00964	0.01157	0.01205	0.00675	0.00771	0.01157	0.01591	0.02121	0.04579	0.70262	0.05495	0.02603	0.01060	0.00337	0.00482	0.02362	0.00771	0.00675
6	0.02607	0.01953	0.02129	0.01620	0.02269	0.02000	0.01324	0.40116	0.03091	0.04321	0.01899	0.02002	0.01416	0.00882	0.00748	0.00208	0.00784	0.00675	0.06671	0.23282
7	0.02827	0.25316	0.03010	0.01884	0.02430	0.39519	0.01543	0.09858	0.02318	0.02374	0.01324	0.01502	0.01108	0.00826	0.00689	0.00206	0.01236	0.00530	0.00451	0.01047
8	0.24136	0.50789	0.03431	0.01325	0.01977	0.02868	0.01268	0.02474	0.01607	0.02476	0.01155	0.01338	0.01017	0.00729	0.00527	0.00201	0.00816	0.00446	0.00402	0.01017
9	0.01670	0.03462	0.46237	0.17849	0.04154	0.01925	0.08156	0.02516	0.01751	0.02516	0.01504	0.01904	0.01084	0.00791	0.00816	0.00268	0.01215	0.00675	0.00361	0.01148
10	0.03004	0.11547	0.02579	0.02059	0.02519	0.60238	0.01584	0.03224	0.02279	0.02024	0.01270	0.01479	0.01070	0.00840	0.00725	0.00210	0.01429	0.00525	0.00420	0.00975
11	0.02064	0.32108	0.17779	0.01731	0.02449	0.09796	0.01763	0.02756	0.09832	0.02357	0.02073	0.02432	0.04746	0.00952	0.00711	0.00231	0.00975	0.03689	0.00468	0.01089
12	0.02678	0.08748	0.02545	0.17516	0.03264	0.47166	0.01753	0.02975	0.02141	0.02048	0.01318	0.01651	0.01078	0.00839	0.00751	0.00226	0.01359	0.00575	0.00409	0.00962

[dist]
# distance from previous block
# <min> <max>
0	1

[block]
# block no. 1 follows, 22 sequences, length 19
# corresponding to MSA columns:
# 14-32
name=unknown_B
#
# <colnr> <probs for GDERKNQSTAVLIFYWHMCP>
#	G	D	E	R	K	N	Q	S	T	A	V	L	I	F	Y	W	H	M	C	P
0	0.02120	0.28783	0.03751	0.03677	0.41071	0.02482	0.02113	0.02526	0.01813	0.02420	0.01405	0.01776	0.01219	0.00729	0.00711	0.00220	0.00949	0.00626	0.00390	0.01219
1	0.03109	0.03785	0.02369	0.02116	0.02569	0.60520	0.01602	0.09693	0.02520	0.02376	0.01360	0.01551	0.01107	0.00871	0.00758	0.00218	0.01436	0.00558	0.00471	0.01011
2	0.02056	0.01974	0.03372	0.05099	0.65622	0.01974	0.02550	0.02550	0.01892	0.02714	0.01563	0.02056	0.01316	0.00740	0.00822	0.00247	0.00987	0.00740	0.00411	0.01316
3	0.02498	0.01825	0.02002	0.01644	0.02165	0.01989	0.01320	0.30246	0.20742	0.08594	0.12256	0.03248	0.05347	0.01187	0.00864	0.00262	0.00727	0.00963	0.00859	0.01261
4	0.76672	0.01607	0.01221	0.01092	0.01607	0.01864	0.00900	0.02442	0.01414	0.03727	0.01157	0.01350	0.00900	0.00771	0.00514	0.00257	0.00643	0.00450	0.00514	0.00900
5	0.01154	0.00848	0.01081	0.01023	0.01228	0.00775	0.00767	0.01526	0.02301	0.03211	0.58905	0.06403	0.14192	0.01743	0.00980	0.00263	0.00395	0.01530	0.00899	0.00775
6	0.02179	0.02207	0.03252	0.04752	0.58216	0.09666	0.02439	0.02640	0.01946	0.02634	0.01530	0.01991	0.01287	0.00754	0.00814	0.00243	0.01047	0.00716	0.00413	0.01274
7	0.01612	0.01561	0.02758	0.61584	0.05569	0.01874	0.08976	0.02182	0.01694	0.02182	0.01499	0.02218	0.01124	0.00816	0.00847	0.00277	0.01140	0.00765	0.00375	0.00945
8	0.01187	0.00890	0.01335	0.01335	0.01483	0.01038	0.01038	0.01483	0.01335	0.01928	0.02225	0.03264	0.02077	0.06231	0.67512	0.01335	0.02225	0.00890	0.00445	0.00742
9	0.01097	0.00800	0.01050	0.01220	0.01334	0.00754	0.00908	0.01313	0.01713	0.02234	0.04981	0.46554	0.12325	0.02461	0.01075	0.00343	0.00551	0.17817	0.00770	0.00702
10	0.01400	0.01035	0.01372	0.01491	0.01713	0.01059	0.01271	0.02001	0.08845	0.02695	0.11425	0.08305	0.04892	0.02096	0.01094	0.00357	0.00709	0.46621	0.00791	0.00828
11	0.03143	0.02778	0.02455	0.01975	0.02574	0.20492	0.01586	0.46415	0.03478	0.04351	0.01798	0.01857	0.01318	0.00958	0.00808	0.00240	0.01075	0.00689	0.00720	0.01289
12	0.02512	0.02440	0.02072	0.01668	0.02265	0.22323	0.01311	0.17835	0.02474	0.03153	0.01604	0.01784	0.01268	0.00804	0.00710	0.00187	0.00958	0.00583	0.04011	0.30039
13	0.02026	0.47704	0.26242	0.01755	0.02648	0.02809	0.02002	0.02538	0.01711	0.02193	0.01273	0.01481	0.01061	0.00738	0.00623	0.00208	0.01008	0.00504	0.00354	0.01123
14	0.02221	0.71304	0.04353	0.01421	0.02132	0.03287	0.01421	0.02488	0.01688	0.01955	0.01155	0.01333	0.01066	0.00711	0.00533	0.00178	0.00888	0.00444	0.00355	0.01066
15	0.01695	0.01717	0.02938	0.02208	0.02769	0.01676	0.24898	0.02129	0.01765	0.02476	0.02764	0.03096	0.13018	0.01074	0.01205	0.00256	0.13271	0.00956	0.00493	0.19596
16	0.01126	0.00799	0.01060	0.01134	0.01199	0.00826	0.00771	0.01273	0.01395	0.01905	0.03256	0.29838	0.03688	0.24648	0.22392	0.00787	0.01115	0.01557	0.00589	0.00643
17	0.10598	0.18782	0.45106	0.02009	0.03039	0.02222	0.02451	0.02577	0.01699	0.02610	0.01377	0.01613	0.01037	0.00770	0.00700	0.00244	0.01084	0.00557	0.00371	0.01154
18	0.03035	0.03395	0.02469	0.02314	0.07495	0.46094	0.01672	0.18175	0.02707	0.02889	0.01484	0.01666	0.01175	0.00882	0.00775	0.00225	0.01312	0.00604	0.00528	0.01103

[dist]
# distance from previous block
# <min> <max>
2	12

[block]
# block no. 2 follows, 22 sequences, length 13
# corresponding to MSA columns:
# 45-57
name=unknown_C
#
# <colnr> <probs for GDERKNQSTAVLIFYWHMCP>
#	G	D	E	R	K	N	Q	S	T	A	V	L	I	F	Y	W	H	M	C	P
0	0.18158	0.02449	0.02108	0.01714	0.02302	0.17006	0.01374	0.29652	0.02780	0.03897	0.01599	0.01716	0.01207	0.00873	0.00721	0.00228	0.00955	0.00608	0.00634	0.10019
1	0.02522	0.02363	0.03052	0.03664	0.35066	0.11059	0.05272	0.20627	0.02558	0.03370	0.01660	0.01972	0.01308	0.00830	0.00823	0.00245	0.01056	0.00727	0.00539	0.01287
2	0.01347	0.01092	0.01638	0.02075	0.14695	0.01111	0.01327	0.01666	0.01681	0.02282	0.03613	0.17815	0.09138	0.03127	0.19784	0.00605	0.01136	0.14418	0.00603	0.00849
3	0.02672	0.03108	0.02059	0.01843	0.02271	0.45416	0.01401	0.10460	0.02457	0.02485	0.02847	0.02903	0.14376	0.01132	0.00808	0.00232	0.01201	0.00814	0.00550	0.00966
4	0.02540	0.01920	0.01828	0.01618	0.02033	0.15057	0.01246	0.10283	0.11339	0.18554	0.02968	0.17843	0.02627	0.01627	0.04281	0.00324	0.00915	0.01128	0.00765	0.01104
5	0.02743	0.03226	0.02154	0.01998	0.02394	0.49235	0.01548	0.07114	0.02370	0.02349	0.01977	0.03158	0.01860	0.01163	0.00837	0.00251	0.01306	0.12837	0.00526	0.00953
6	0.02980	0.02665	0.02327	0.01893	0.02480	0.21412	0.01508	0.34253	0.07393	0.06492	0.01895	0.01939	0.01403	0.00937	0.00792	0.00232	0.01036	0.00683	0.00696	0.06985
7	0.01754	0.01365	0.01555	0.01406	0.01763	0.01393	0.01053	0.13519	0.14938	0.03047	0.03252	0.29261	0.03312	0.05436	0.01077	0.00301	0.00638	0.01408	0.00739	0.12782
8	0.01411	0.01943	0.15949	0.01361	0.01799	0.08089	0.01272	0.01746	0.01749	0.02171	0.04633	0.09473	0.27056	0.15894	0.01589	0.00382	0.00802	0.01293	0.00584	0.00806
9	0.01934	0.17636	0.20707	0.01783	0.02396	0.16777	0.01756	0.02354	0.01832	0.02211	0.02213	0.20281	0.02270	0.01282	0.00799	0.00254	0.01013	0.01036	0.00484	0.00982
10	0.11719	0.02332	0.25029	0.01692	0.02347	0.01514	0.01803	0.02359	0.08389	0.02777	0.03378	0.04641	0.11491	0.01388	0.00875	0.00296	0.00855	0.15524	0.00590	0.01001
11	0.01619	0.01472	0.02221	0.03097	0.33503	0.01441	0.01710	0.02107	0.05263	0.02574	0.04249	0.04920	0.22869	0.01391	0.00914	0.00276	0.00757	0.07973	0.00595	0.01049
12	0.02094	0.03431	0.31298	0.03185	0.21623	0.15488	0.05933	0.02750	0.01930	0.02534	0.01480	0.01817	0.01145	0.00784	0.00801	0.00249	0.01223	0.00655	0.00388	0.01193

[dist]
# distance from previous block
# <min> <max>
0	1

[block]
# block no. 3 follows, 22 sequences, length 9
# corresponding to MSA columns:
# 59-67
name=unknown_D
#
# <colnr> <probs for GDERKNQSTAVLIFYWHMCP>
#	G	D	E	R	K	N	Q	S	T	A	V	L	I	F	Y	W	H	M	C	P
0	0.06773	0.30615	0.33919	0.01976	0.02930	0.02475	0.05811	0.02563	0.01718	0.02435	0.01347	0.01589	0.01060	0.00752	0.00681	0.00230	0.01065	0.00558	0.00367	0.01136
1	0.21020	0.15139	0.15971	0.01865	0.02551	0.22948	0.04635	0.02778	0.01858	0.02599	0.01292	0.01521	0.01032	0.00788	0.00672	0.00232	0.01116	0.00536	0.00420	0.01028
2	0.01334	0.01001	0.01357	0.01342	0.01548	0.01098	0.01061	0.06441	0.01689	0.02309	0.03274	0.07609	0.09557	0.04692	0.43405	0.00965	0.01656	0.08302	0.00567	0.00791
3	0.01435	0.01255	0.01256	0.01224	0.01462	0.08279	0.00924	0.04728	0.02174	0.02790	0.28325	0.16967	0.17955	0.01851	0.00973	0.00281	0.00591	0.05939	0.00791	0.00799
4	0.11050	0.05768	0.07014	0.01580	0.01906	0.11935	0.01337	0.02038	0.01638	0.02297	0.02544	0.14890	0.06840	0.02250	0.12442	0.00462	0.11592	0.01041	0.00510	0.00864
5	0.11761	0.13857	0.02319	0.01632	0.02154	0.11621	0.01357	0.11804	0.16074	0.08269	0.02325	0.02865	0.01918	0.01076	0.00768	0.00256	0.00870	0.07281	0.00664	0.01131
6	0.02473	0.26104	0.02788	0.01694	0.02194	0.35387	0.01390	0.02704	0.02058	0.02040	0.02363	0.02465	0.11177	0.01004	0.00713	0.00212	0.01124	0.00696	0.00458	0.00957
7	0.02099	0.02328	0.01894	0.01807	0.02057	0.29042	0.01421	0.02340	0.01954	0.02158	0.02851	0.10891	0.07204	0.01566	0.01228	0.00296	0.12670	0.14779	0.00557	0.00858
8	0.02844	0.03268	0.02347	0.02071	0.02479	0.44640	0.01599	0.10676	0.08695	0.02574	0.01562	0.01763	0.01264	0.00976	0.01016	0.00244	0.09795	0.00627	0.00513	0.01048

[dist]
# distance from previous block
# <min> <max>
3	13

[block]
# block no. 4 follows, 22 sequences, length 6
# corresponding to MSA columns:
# 81-86
name=unknown_E
#
# <colnr> <probs for GDERKNQSTAVLIFYWHMCP>
#	G	D	E	R	K	N	Q	S	T	A	V	L	I	F	Y	W	H	M	C	P
0	0.13599	0.09208	0.02254	0.01758	0.02254	0.35759	0.01386	0.06183	0.02240	0.11595	0.05056	0.01932	0.01572	0.00908	0.00724	0.00227	0.01116	0.00621	0.00566	0.01041
1	0.02518	0.27597	0.08165	0.02357	0.12184	0.29557	0.01798	0.02852	0.02000	0.02156	0.01297	0.01545	0.01105	0.00781	0.00687	0.00210	0.01182	0.00540	0.00394	0.01074
2	0.01605	0.13938	0.01873	0.01366	0.01726	0.08381	0.01153	0.01893	0.01884	0.02277	0.04280	0.09676	0.18306	0.01715	0.00913	0.00283	0.00755	0.21494	0.00639	0.05843
3	0.02647	0.13318	0.02491	0.01822	0.02320	0.27880	0.01486	0.19144	0.02595	0.02965	0.02224	0.02956	0.04913	0.01122	0.00802	0.00243	0.01095	0.08326	0.00588	0.01063
4	0.01961	0.01352	0.01206	0.01094	0.01385	0.08144	0.00843	0.11446	0.02140	0.03313	0.02448	0.02758	0.01907	0.00960	0.00637	0.00204	0.00586	0.00745	0.55978	0.00893
5	0.17505	0.27853	0.02802	0.01574	0.02154	0.21503	0.01343	0.02942	0.01926	0.11400	0.01493	0.01596	0.01174	0.00810	0.00635	0.00215	0.00992	0.00527	0.00503	0.01052

[dist]
# distance from previous block
# <min> <max>
41	102

[block]
# block no. 5 follows, 22 sequences, length 23
# corresponding to MSA columns:
# 202-224
name=unknown_F
#
# <colnr> <probs for GDERKNQSTAVLIFYWHMCP>
#	G	D	E	R	K	N	Q	S	T	A	V	L	I	F	Y	W	H	M	C	P
0	0.02809	0.05881	0.02685	0.06540	0.17059	0.21662	0.01808	0.19182	0.02598	0.09326	0.01739	0.01923	0.01317	0.00876	0.00791	0.00237	0.01095	0.00676	0.00585	0.01212
1	0.02145	0.21628	0.10258	0.01783	0.02255	0.17571	0.01628	0.02471	0.01772	0.02188	0.01708	0.02021	0.04234	0.01015	0.01139	0.00245	0.16586	0.00644	0.07730	0.00979
2	0.43803	0.04989	0.01691	0.01408	0.01886	0.18190	0.01124	0.05987	0.01891	0.03280	0.07494	0.01897	0.01656	0.00893	0.00637	0.00243	0.00856	0.00591	0.00543	0.00940
3	0.30747	0.06604	0.01714	0.01435	0.01860	0.20116	0.01154	0.02435	0.01847	0.02811	0.05066	0.03282	0.08394	0.01158	0.00728	0.00258	0.00881	0.08070	0.00554	0.00886
4	0.11028	0.17705	0.02292	0.01476	0.01959	0.12204	0.01243	0.09123	0.02182	0.09397	0.10006	0.03088	0.02469	0.01098	0.00747	0.00240	0.00832	0.06398	0.05493	0.01020
5	0.02952	0.07418	0.02426	0.01975	0.02468	0.44879	0.01537	0.17164	0.02655	0.02793	0.01818	0.01946	0.04520	0.00946	0.00768	0.00224	0.01268	0.00644	0.00537	0.01061
6	0.03048	0.03741	0.02335	0.02101	0.02546	0.59994	0.01587	0.06850	0.05932	0.02301	0.01444	0.01617	0.01173	0.00880	0.00759	0.00220	0.01417	0.00570	0.00475	0.01009
7	0.01965	0.01792	0.03058	0.13521	0.03464	0.01775	0.25131	0.10770	0.02112	0.02999	0.01803	0.02239	0.01374	0.00788	0.00818	0.00237	0.01012	0.00799	0.11099	0.13244
8	0.02332	0.02155	0.01800	0.01563	0.02013	0.22742	0.01190	0.07528	0.02147	0.08692	0.02324	0.15441	0.02175	0.01181	0.00784	0.00223	0.00895	0.00949	0.05474	0.18392
9	0.11902	0.01989	0.02356	0.02058	0.08914	0.02056	0.04144	0.31908	0.02810	0.07398	0.01801	0.01924	0.01332	0.00859	0.00757	0.00228	0.00842	0.00677	0.00677	0.15369
10	0.02594	0.02822	0.02211	0.01955	0.02328	0.33398	0.01520	0.08935	0.14516	0.02683	0.01820	0.02012	0.01460	0.01031	0.01099	0.00255	0.12624	0.00682	0.04999	0.01055
11	0.01799	0.01499	0.01955	0.02302	0.19593	0.01494	0.01401	0.15662	0.02396	0.03164	0.10575	0.04783	0.27136	0.01429	0.00902	0.00262	0.00690	0.01215	0.00698	0.01044
12	0.01187	0.00890	0.01335	0.01335	0.01483	0.01038	0.01038	0.01483	0.01335	0.01928	0.02225	0.03264	0.02077	0.06231	0.67512	0.01335	0.02225	0.00890	0.00445	0.00742
13	0.01193	0.00865	0.01209	0.01209	0.01314	0.00970	0.00882	0.01403	0.01298	0.01835	0.02340	0.03900	0.02353	0.25152	0.48969	0.01180	0.01809	0.00983	0.00462	0.00672
14	0.02491	0.01875	0.02285	0.08190	0.02722	0.01968	0.04650	0.23870	0.16768	0.09904	0.02277	0.02313	0.01662	0.00930	0.00804	0.00239	0.00826	0.00765	0.00727	0.14734
15	0.07901	0.03270	0.02326	0.01997	0.02508	0.41899	0.01551	0.22808	0.02803	0.03195	0.01509	0.01651	0.01172	0.00897	0.00761	0.00228	0.01251	0.00599	0.00566	0.01107
16	0.02095	0.56034	0.18515	0.01637	0.02466	0.02978	0.01797	0.02520	0.01703	0.02109	0.01231	0.01429	0.01063	0.00729	0.00591	0.00197	0.00966	0.00483	0.00354	0.01103
17	0.19354	0.01626	0.01608	0.01331	0.01799	0.01790	0.01079	0.28007	0.02589	0.04152	0.02051	0.02229	0.01544	0.00936	0.00672	0.00232	0.00670	0.00689	0.26568	0.01075
18	0.02056	0.01974	0.03372	0.05099	0.65622	0.01974	0.02550	0.02550	0.01892	0.02714	0.01563	0.02056	0.01316	0.00740	0.00822	0.00247	0.00987	0.00740	0.00411	0.01316
19	0.02056	0.01974	0.03372	0.05099	0.65622	0.01974	0.02550	0.02550	0.01892	0.02714	0.01563	0.02056	0.01316	0.00740	0.00822	0.00247	0.00987	0.00740	0.00411	0.01316
20	0.01569	0.01477	0.02492	0.68808	0.05722	0.01846	0.02307	0.02123	0.01661	0.02123	0.01477	0.02215	0.01107	0.00831	0.00831	0.00277	0.01107	0.00738	0.00369	0.00923
21	0.02056	0.01974	0.03372	0.05099	0.65622	0.01974	0.02550	0.02550	0.01892	0.02714	0.01563	0.02056	0.01316	0.00740	0.00822	0.00247	0.00987	0.00740	0.00411	0.01316
22	0.76672	0.01607	0.01221	0.01092	0.01607	0.01864	0.00900	0.02442	0.01414	0.03727	0.01157	0.01350	0.00900	0.00771	0.00514	0.00257	0.00643	0.00450	0.00514	0.00900

[dist]
# distance from previous block
# <min> <max>
3	6

[block]
# block no. 6 follows, 22 sequences, length 93
# corresponding to MSA columns:
# 231-323
name=unknown_G
#
# <colnr> <probs for GDERKNQSTAVLIFYWHMCP>
#	G	D	E	R	K	N	Q	S	T	A	V	L	I	F	Y	W	H	M	C	P
0	0.01269	0.00906	0.01258	0.01450	0.01610	0.00896	0.01217	0.01600	0.01843	0.02408	0.04437	0.22427	0.04934	0.02361	0.01129	0.00373	0.00704	0.47665	0.00766	0.00746
1	0.01723	0.01477	0.01723	0.01230	0.01969	0.01107	0.00984	0.02092	0.01723	0.02707	0.01477	0.01723	0.01230	0.00615	0.00615	0.00123	0.00615	0.00492	0.00492	0.75883
2	0.01208	0.00805	0.00906	0.00906	0.00906	0.00805	0.00503	0.01208	0.01208	0.01611	0.02618	0.05436	0.03020	0.70804	0.04228	0.00805	0.00805	0.01208	0.00503	0.00503
3	0.01012	0.00723	0.00964	0.01157	0.01205	0.00675	0.00771	0.01157	0.01591	0.02121	0.04579	0.70262	0.05495	0.02603	0.01060	0.00337	0.00482	0.02362	0.00771	0.00675
4	0.02056	0.01974	0.03372	0.05099	0.65622	0.01974	0.02550	0.02550	0.01892	0.02714	0.01563	0.02056	0.01316	0.00740	0.00822	0.00247	0.00987	0.00740	0.00411	0.01316
5	0.02056	0.01974	0.03372	0.05099	0.65622	0.01974	0.02550	0.02550	0.01892	0.02714	0.01563	0.02056	0.01316	0.00740	0.00822	0.00247	0.00987	0.00740	0.00411	0.01316
6	0.01666	0.04297	0.66500	0.02368	0.03596	0.01929	0.03069	0.02631	0.01754	0.02631	0.01491	0.01754	0.01052	0.00789	0.00789	0.00263	0.01228	0.00614	0.00351	0.01228
7	0.02056	0.01974	0.03372	0.05099	0.65622	0.01974	0.02550	0.02550	0.01892	0.02714	0.01563	0.02056	0.01316	0.00740	0.00822	0.00247	0.00987	0.00740	0.00411	0.01316
8	0.03103	0.03959	0.02354	0.02140	0.02568	0.67469	0.01605	0.03317	0.02354	0.02033	0.01284	0.01498	0.01070	0.00856	0.00749	0.00214	0.01498	0.00535	0.00428	0.00963
9	0.02656	0.02680	0.01917	0.01689	0.02097	0.34317	0.01297	0.15258	0.02495	0.03012	0.01852	0.02073	0.01454	0.00918	0.00716	0.00215	0.01049	0.00650	0.22653	0.01001
10	0.17365	0.01009	0.01124	0.01049	0.01303	0.01016	0.00795	0.01738	0.02095	0.03332	0.48407	0.05127	0.06116	0.04867	0.01038	0.00287	0.00466	0.01262	0.00809	0.00795
11	0.03111	0.03716	0.02375	0.02106	0.02569	0.57814	0.01601	0.12175	0.02585	0.02510	0.01390	0.01572	0.01121	0.00877	0.00761	0.00219	0.01411	0.00567	0.00488	0.01030
12	0.02368	0.02341	0.02022	0.01810	0.02278	0.18107	0.01398	0.06706	0.46355	0.03199	0.02807	0.02659	0.02128	0.01055	0.00821	0.00264	0.00875	0.00832	0.00742	0.01233
13	0.01359	0.01293	0.07898	0.01263	0.01540	0.01033	0.01073	0.04932	0.01914	0.02599	0.20092	0.06049	0.09790	0.22120	0.01943	0.00446	0.00703	0.12493	0.00689	0.00771
14	0.01012	0.00723	0.00964	0.01157	0.01205	0.00675	0.00771	0.01157	0.01591	0.02121	0.04579	0.70262	0.05495	0.02603	0.01060	0.00337	0.00482	0.02362	0.00771	0.00675
15	0.01048	0.00811	0.00955	0.00989	0.01180	0.00719	0.00715	0.01294	0.01946	0.02533	0.24238	0.24619	0.31731	0.02121	0.01003	0.00290	0.00429	0.01846	0.00814	0.00719
16	0.01012	0.00723	0.00964	0.01157	0.01205	0.00675	0.00771	0.01157	0.01591	0.02121	0.04579	0.70262	0.05495	0.02603	0.01060	0.00337	0.00482	0.02362	0.00771	0.00675
17	0.02164	0.02169	0.03199	0.04638	0.56222	0.08703	0.02396	0.02714	0.04808	0.02679	0.01618	0.02047	0.01347	0.00770	0.00816	0.00245	0.01024	0.00728	0.00433	0.01280
18	0.02917	0.18140	0.02775	0.01989	0.02476	0.53955	0.01566	0.03143	0.02214	0.02017	0.01257	0.01463	0.01069	0.00825	0.00704	0.00206	0.01370	0.00516	0.00413	0.00985
19	0.01154	0.00848	0.01081	0.01023	0.01228	0.00775	0.00767	0.01526	0.02301	0.03211	0.58891	0.06404	0.14207	0.01743	0.00980	0.00263	0.00395	0.01530	0.00899	0.00775
20	0.01723	0.01477	0.01723	0.01230	0.01969	0.01107	0.00984	0.02092	0.01723	0.02707	0.01477	0.01723	0.01230	0.00615	0.00615	0.00123	0.00615	0.00492	0.00492	0.75883
21	0.02191	0.02361	0.16199	0.21993	0.09156	0.02042	0.02151	0.17485	0.08740	0.06703	0.01910	0.02173	0.01388	0.00896	0.00823	0.00264	0.01007	0.00740	0.00567	0.01210
22	0.02186	0.56439	0.04143	0.02210	0.15745	0.03006	0.01663	0.02501	0.01732	0.02117	0.01242	0.01488	0.01120	0.00717	0.00595	0.00192	0.00910	0.00508	0.00367	0.01120
23	0.02653	0.01279	0.01626	0.01343	0.01827	0.01183	0.01074	0.03249	0.10595	0.37220	0.17135	0.04161	0.10370	0.01304	0.00884	0.00264	0.00601	0.01094	0.00951	0.01186
24	0.02223	0.61777	0.09651	0.01530	0.02283	0.03131	0.01573	0.05745	0.01813	0.02190	0.01229	0.01405	0.01084	0.00733	0.00571	0.00189	0.00919	0.00475	0.00381	0.01099
25	0.01683	0.04200	0.63851	0.02482	0.06198	0.01931	0.03048	0.02627	0.01760	0.02634	0.01494	0.01767	0.01063	0.00787	0.00791	0.00262	0.01218	0.00619	0.00353	0.01231
26	0.05321	0.04166	0.63319	0.02306	0.03499	0.01926	0.02964	0.02622	0.01737	0.02684	0.01475	0.01734	0.01045	0.00788	0.00776	0.00263	0.01199	0.00606	0.00359	0.01212
27	0.02221	0.71304	0.04353	0.01421	0.02132	0.03287	0.01421	0.02488	0.01688	0.01955	0.01155	0.01333	0.01066	0.00711	0.00533	0.00178	0.00888	0.00444	0.00355	0.01066
28	0.00992	0.00842	0.00856	0.00853	0.01129	0.00706	0.00640	0.01213	0.01919	0.02304	0.11532	0.07897	0.62131	0.02082	0.00982	0.00279	0.00419	0.01740	0.00779	0.00706
29	0.01826	0.01731	0.02829	0.04186	0.51792	0.01701	0.02138	0.02259	0.01892	0.02613	0.03032	0.03329	0.15032	0.01033	0.00857	0.00254	0.00866	0.00957	0.00488	0.01184
30	0.03158	0.02327	0.02493	0.01911	0.02576	0.02576	0.01579	0.62852	0.03906	0.05236	0.01995	0.01995	0.01413	0.00997	0.00831	0.00249	0.00914	0.00748	0.00831	0.01413
31	0.01160	0.00785	0.00920	0.00967	0.00979	0.00773	0.00569	0.01196	0.01302	0.01736	0.03098	0.21313	0.03626	0.54101	0.03452	0.00691	0.00726	0.01491	0.00569	0.00545
32	0.01251	0.00928	0.01217	0.01361	0.01574	0.00894	0.01165	0.01592	0.01908	0.02427	0.05382	0.09034	0.19599	0.02248	0.01107	0.00358	0.00681	0.45758	0.00767	0.00749
33	0.01597	0.01505	0.02542	0.65169	0.09142	0.01853	0.02321	0.02147	0.01674	0.02156	0.01481	0.02206	0.01119	0.00825	0.00830	0.00275	0.01101	0.00738	0.00372	0.00945
34	0.01723	0.01477	0.01723	0.01230	0.01969	0.01107	0.00984	0.02092	0.01723	0.02707	0.01477	0.01723	0.01230	0.00615	0.00615	0.00123	0.00615	0.00492	0.00492	0.75883
35	0.01208	0.00805	0.00906	0.00906	0.00906	0.00805	0.00503	0.01208	0.01208	0.01611	0.02618	0.05436	0.03020	0.70804	0.04228	0.00805	0.00805	0.01208	0.00503	0.00503
36	0.01039	0.00806	0.00947	0.00992	0.01178	0.00713	0.00713	0.01274	0.01910	0.02473	0.21200	0.27299	0.32157	0.02162	0.01006	0.00294	0.00433	0.01884	0.00807	0.00713
37	0.02262	0.02469	0.02889	0.17649	0.28184	0.21630	0.05088	0.02772	0.04600	0.02412	0.01543	0.01975	0.01246	0.00809	0.00811	0.00246	0.01173	0.00698	0.00426	0.01116
38	0.07058	0.03833	0.02293	0.02084	0.02517	0.63943	0.01567	0.03270	0.02304	0.02124	0.01277	0.01490	0.01061	0.00852	0.00736	0.00216	0.01452	0.00530	0.00433	0.00960
39	0.02204	0.02029	0.02940	0.03992	0.44348	0.04759	0.02181	0.10285	0.09668	0.03081	0.01962	0.02507	0.01634	0.00900	0.00839	0.00257	0.00949	0.03646	0.00534	0.01286
40	0.02272	0.02549	0.01816	0.01657	0.02058	0.32536	0.01257	0.05145	0.14083	0.02493	0.03845	0.03767	0.20574	0.01287	0.00840	0.00248	0.00993	0.00985	0.00626	0.00969
41	0.01723	0.01477	0.01723	0.01230	0.01969	0.01107	0.00984	0.02092	0.01723	0.02707	0.01477	0.01723	0.01230	0.00615	0.00615	0.00123	0.00615	0.00492	0.00492	0.75883
42	0.01741	0.13280	0.58169	0.02241	0.03399	0.02111	0.02848	0.02612	0.01745	0.02540	0.01446	0.01697	0.01054	0.00779	0.00755	0.00252	0.01182	0.00591	0.00351	0.01206
43	0.00982	0.00842	0.00842	0.00842	0.01122	0.00701	0.00631	0.01192	0.01894	0.02244	0.08416	0.07995	0.65285	0.02104	0.00982	0.00281	0.00421	0.01753	0.00771	0.00701
44	0.01240	0.01156	0.01057	0.01044	0.01321	0.06606	0.00776	0.01574	0.05476	0.02329	0.09500	0.13444	0.47567	0.01973	0.00962	0.00280	0.00533	0.01652	0.00752	0.00760
45	0.01206	0.00814	0.00950	0.00950	0.00965	0.00829	0.00558	0.01236	0.01221	0.01643	0.02577	0.05213	0.02923	0.64174	0.10727	0.00860	0.00951	0.01175	0.00497	0.00528
46	0.02280	0.38515	0.12984	0.01707	0.02380	0.18592	0.01661	0.02646	0.01849	0.02128	0.01353	0.01598	0.01156	0.00997	0.03383	0.00248	0.01121	0.00526	0.03837	0.01039
47	0.17830	0.16162	0.21292	0.21524	0.03507	0.02160	0.02053	0.02412	0.01641	0.02582	0.01348	0.01720	0.01039	0.00782	0.00692	0.00249	0.01000	0.00582	0.00392	0.01035
48	0.01947	0.30115	0.28938	0.02240	0.03182	0.02498	0.15189	0.02581	0.01772	0.02372	0.01400	0.01693	0.01102	0.00739	0.00730	0.00233	0.01132	0.00626	0.00367	0.01141
49	0.50646	0.16747	0.07567	0.01259	0.01863	0.02124	0.01186	0.02445	0.01518	0.03222	0.01258	0.01463	0.01006	0.00769	0.00545	0.00238	0.00734	0.00478	0.03974	0.00958
50	0.01029	0.00843	0.00907	0.00891	0.01151	0.00722	0.00669	0.01284	0.02006	0.02510	0.22319	0.07557	0.51216	0.02005	0.00981	0.00276	0.00414	0.01692	0.00806	0.00722
51	0.01013	0.00843	0.00884	0.00874	0.01141	0.00714	0.00655	0.01252	0.01966	0.02416	0.17394	0.07712	0.56200	0.02040	0.00982	0.00277	0.00416	0.01714	0.00794	0.00714
52	0.01128	0.00847	0.01045	0.00995	0.01212	0.00764	0.00746	0.01476	0.02239	0.03065	0.51280	0.06644	0.21908	0.01798	0.00980	0.00266	0.00399	0.01564	0.00879	0.00764
53	0.02056	0.01974	0.03372	0.05099	0.65622	0.01974	0.02550	0.02550	0.01892	0.02714	0.01563	0.02056	0.01316	0.00740	0.00822	0.00247	0.00987	0.00740	0.00411	0.01316
54	0.01012	0.00723	0.00964	0.01157	0.01205	0.00675	0.00771	0.01157	0.01591	0.02121	0.04579	0.70262	0.05495	0.02603	0.01060	0.00337	0.00482	0.02362	0.00771	0.00675
55	0.01222	0.00942	0.01402	0.01382	0.01522	0.01122	0.01082	0.01512	0.01332	0.01932	0.02162	0.03183	0.02022	0.05966	0.63918	0.01281	0.05945	0.00881	0.00441	0.00751
56	0.02221	0.71304	0.04353	0.01421	0.02132	0.03287	0.01421	0.02488	0.01688	0.01955	0.01155	0.01333	0.01066	0.00711	0.00533	0.00178	0.00888	0.00444	0.00355	0.01066
57	0.02221	0.71304	0.04353	0.01421	0.02132	0.03287	0.01421	0.02488	0.01688	0.01955	0.01155	0.01333	0.01066	0.00711	0.00533	0.00178	0.00888	0.00444	0.00355	0.01066
58	0.01828	0.23847	0.48368	0.02092	0.03169	0.02325	0.02589	0.02589	0.01735	0.02434	0.01393	0.01631	0.01056	0.00766	0.00715	0.00238	0.01129	0.00564	0.00352	0.01181
59	0.01012	0.00723	0.00964	0.01157	0.01205	0.00675	0.00771	0.01157	0.01591	0.02121	0.04579	0.70262	0.05495	0.02603	0.01060	0.00337	0.00482	0.02362	0.00771	0.00675
60	0.02369	0.02870	0.02654	0.02195	0.02693	0.37143	0.16336	0.02701	0.02159	0.02232	0.02910	0.03073	0.14885	0.01085	0.00856	0.00244	0.01243	0.00905	0.00500	0.00945
61	0.01781	0.03611	0.47861	0.03174	0.21909	0.01942	0.02916	0.02607	0.01795	0.02655	0.01512	0.01843	0.01130	0.00775	0.00799	0.00258	0.01157	0.00651	0.00369	0.01254
62	0.03000	0.03153	0.02291	0.01989	0.02486	0.40415	0.01536	0.16282	0.11627	0.06488	0.01850	0.01910	0.01410	0.00935	0.00785	0.00234	0.01207	0.00656	0.00608	0.01135
63	0.01013	0.00852	0.00885	0.00902	0.01174	0.00724	0.00693	0.01238	0.01895	0.02265	0.08065	0.08115	0.60006	0.02121	0.00996	0.00289	0.00451	0.06838	0.00771	0.00707
64	0.01201	0.00835	0.01056	0.01056	0.01107	0.00887	0.00690	0.01304	0.01252	0.01722	0.02481	0.04679	0.02691	0.48300	0.26283	0.00990	0.01300	0.01097	0.00483	0.00586
65	0.02881	0.03493	0.02252	0.02044	0.02481	0.53446	0.01543	0.03553	0.15598	0.02342	0.01734	0.01841	0.01384	0.00914	0.00770	0.00229	0.01318	0.00622	0.00518	0.01039
66	0.01187	0.00890	0.01335	0.01335	0.01483	0.01038	0.01038	0.01483	0.01335	0.01928	0.02225	0.03264	0.02077	0.06231	0.67512	0.01335	0.02225	0.00890	0.00445	0.00742
67	0.01208	0.00805	0.00906	0.00906	0.00906	0.00805	0.00503	0.01208	0.01208	0.01611	0.02618	0.05436	0.03020	0.70804	0.04228	0.00805	0.00805	0.01208	0.00503	0.00503
68	0.02706	0.14226	0.02923	0.02750	0.17942	0.41180	0.01807	0.02997	0.02135	0.02187	0.01332	0.01608	0.01130	0.00804	0.00733	0.00216	0.01276	0.00571	0.00412	0.01066
69	0.01763	0.04177	0.59802	0.02411	0.03574	0.05681	0.05919	0.02672	0.01798	0.02598	0.01488	0.01763	0.01064	0.00789	0.00796	0.00261	0.01252	0.00627	0.00359	0.01207
70	0.01818	0.01818	0.02545	0.02181	0.02181	0.02545	0.01818	0.01999	0.01272	0.01999	0.01091	0.01818	0.01091	0.01454	0.02726	0.00364	0.69284	0.00727	0.00364	0.00909
71	0.01723	0.01477	0.01723	0.01230	0.01969	0.01107	0.00984	0.02092	0.01723	0.02707	0.01477	0.01723	0.01230	0.00615	0.00615	0.00123	0.00615	0.00492	0.00492	0.75883
72	0.02066	0.01785	0.01878	0.01691	0.02160	0.02066	0.01315	0.04414	0.64121	0.03475	0.03381	0.03099	0.02536	0.01127	0.00845	0.00282	0.00657	0.00939	0.00845	0.01315
73	0.01961	0.02241	0.04902	0.03501	0.04342	0.02101	0.62605	0.02661	0.01961	0.02661	0.01681	0.02241	0.01261	0.00700	0.00980	0.00280	0.01401	0.00980	0.00420	0.01120
74	0.00982	0.00842	0.00842	0.00842	0.01122	0.00701	0.00631	0.01192	0.01894	0.02244	0.08416	0.07995	0.65285	0.02104	0.00982	0.00281	0.00421	0.01753	0.00771	0.00701
75	0.02056	0.01974	0.03372	0.05099	0.65622	0.01974	0.02550	0.02550	0.01892	0.02714	0.01563	0.02056	0.01316	0.00740	0.00822	0.00247	0.00987	0.00740	0.00411	0.01316
76	0.76672	0.01607	0.01221	0.01092	0.01607	0.01864	0.00900	0.02442	0.01414	0.03727	0.01157	0.01350	0.00900	0.00771	0.00514	0.00257	0.00643	0.00450	0.00514	0.00900
77	0.03158	0.02327	0.02493	0.01911	0.02576	0.02576	0.01579	0.62852	0.03906	0.05236	0.01995	0.01995	0.01413	0.00997	0.00831	0.00249	0.00914	0.00748	0.00831	0.01413
78	0.01208	0.00805	0.00906	0.00906	0.00906	0.00805	0.00503	0.01208	0.01208	0.01611	0.02618	0.05436	0.03020	0.70804	0.04228	0.00805	0.00805	0.01208	0.00503	0.00503
79	0.01164	0.00838	0.01033	0.00990	0.01147	0.00781	0.00699	0.01441	0.02024	0.02798	0.44031	0.06201	0.12557	0.18665	0.01776	0.00397	0.00496	0.01456	0.00799	0.00707
80	0.02393	0.02851	0.18469	0.03185	0.25341	0.08866	0.02293	0.20453	0.02500	0.03368	0.01644	0.01907	0.01255	0.00840	0.00809	0.00248	0.01077	0.00690	0.00522	0.01287
81	0.01128	0.00847	0.01045	0.00995	0.01212	0.00764	0.00746	0.01476	0.02239	0.03065	0.51280	0.06644	0.21908	0.01798	0.00980	0.00266	0.00399	0.01564	0.00879	0.00764
82	0.02049	0.01995	0.03491	0.04975	0.60852	0.01984	0.07224	0.02558	0.01897	0.02710	0.01572	0.02070	0.01312	0.00737	0.00835	0.00249	0.01019	0.00759	0.00412	0.01301
83	0.01011	0.00729	0.00958	0.01141	0.01201	0.00676	0.00764	0.01158	0.01605	0.02127	0.04768	0.67195	0.08440	0.02578	0.01056	0.00335	0.00479	0.02332	0.00771	0.00676
84	0.02922	0.02143	0.02311	0.01833	0.02449	0.02376	0.01494	0.45278	0.18569	0.08186	0.02405	0.02311	0.01724	0.01031	0.00835	0.00258	0.00840	0.00800	0.00845	0.01389
85	0.02138	0.02177	0.03128	0.08024	0.49203	0.10065	0.02358	0.02574	0.01883	0.02537	0.01484	0.01976	0.01255	0.00820	0.00974	0.00254	0.06812	0.00714	0.00407	0.01216
86	0.01172	0.01047	0.04292	0.01195	0.01435	0.00882	0.00962	0.01578	0.05336	0.02530	0.16495	0.25674	0.21591	0.02086	0.01012	0.00308	0.00537	0.10310	0.00780	0.00778
87	0.02712	0.02841	0.02119	0.01833	0.02309	0.33628	0.01420	0.20629	0.06163	0.03095	0.02788	0.02807	0.11858	0.01119	0.00817	0.00239	0.01101	0.00822	0.00627	0.01072
88	0.02082	0.54459	0.19977	0.01659	0.02500	0.02946	0.01836	0.02524	0.01705	0.02125	0.01239	0.01439	0.01063	0.00730	0.00597	0.00199	0.00974	0.00487	0.00354	0.01107
89	0.02214	0.68048	0.04237	0.01434	0.02134	0.03230	0.01416	0.02578	0.04612	0.02026	0.01259	0.01415	0.01135	0.00730	0.00548	0.00183	0.00878	0.00467	0.00378	0.01078
90	0.13767	0.02380	0.01907	0.01664	0.02138	0.21651	0.01310	0.18115	0.08943	0.03307	0.02822	0.03051	0.10614	0.01150	0.00796	0.00254	0.00945	0.03477	0.00651	0.01059
91	0.17902	0.05112	0.02388	0.02552	0.21205	0.02033	0.01611	0.20559	0.02407	0.06139	0.02361	0.02497	0.07845	0.00974	0.00764	0.00250	0.00819	0.00776	0.00618	0.01187
92	0.20900	0.02689	0.18296	0.01754	0.02425	0.12249	0.01687	0.05760	0.14390	0.05803	0.04954	0.02154	0.01703	0.00927	0.00738	0.00257	0.00933	0.00684	0.00580	0.01116

[dist]
# distance from previous block
# <min> <max>
0	1

[block]
# block no. 7 follows, 22 sequences, length 6
# corresponding to MSA columns:
# 325-330
name=unknown_H
#
# <colnr> <probs for GDERKNQSTAVLIFYWHMCP>
#	G	D	E	R	K	N	Q	S	T	A	V	L	I	F	Y	W	H	M	C	P
0	0.14534	0.01926	0.07372	0.01893	0.07796	0.08911	0.01476	0.05036	0.05923	0.11870	0.02705	0.11807	0.02508	0.01342	0.00850	0.00285	0.00843	0.11218	0.00664	0.01041
1	0.01748	0.21090	0.09272	0.01418	0.01940	0.07760	0.01308	0.02330	0.08954	0.02523	0.14715	0.04010	0.17253	0.01279	0.00800	0.00241	0.00757	0.01020	0.00614	0.00967
2	0.02066	0.02961	0.18926	0.01896	0.02445	0.25111	0.01746	0.02727	0.09708	0.02393	0.02432	0.19111	0.02364	0.01313	0.00850	0.00267	0.01065	0.01067	0.00546	0.01004
3	0.10213	0.02424	0.19216	0.02937	0.18126	0.01907	0.12706	0.02395	0.01689	0.02635	0.01559	0.02060	0.01266	0.01499	0.09298	0.00404	0.07416	0.00735	0.00409	0.01104
4	0.02437	0.11802	0.27815	0.02147	0.02922	0.34341	0.02160	0.02952	0.02042	0.02259	0.01351	0.01580	0.01063	0.00813	0.00740	0.00229	0.01322	0.00556	0.00389	0.01079
5	0.02672	0.07393	0.02367	0.01898	0.02329	0.32270	0.01500	0.03136	0.08622	0.09459	0.01707	0.01879	0.01353	0.00973	0.01071	0.00241	0.12438	0.00634	0.00530	0.07530

[dist]
# distance from previous block
# <min> <max>
1	80

[block]
# block no. 8 follows, 22 sequences, length 351
# corresponding to MSA columns:
# 415-765
name=unknown_I
#
# <colnr> <probs for GDERKNQSTAVLIFYWHMCP>
#	G	D	E	R	K	N	Q	S	T	A	V	L	I	F	Y	W	H	M	C	P
0	0.05087	0.01703	0.01985	0.16442	0.02847	0.04726	0.01510	0.19203	0.10755	0.03482	0.13630	0.03664	0.02965	0.01223	0.00876	0.00274	0.00828	0.07021	0.00708	0.01070
1	0.12977	0.02777	0.16136	0.01756	0.02435	0.18812	0.01635	0.05356	0.04797	0.05344	0.01721	0.05170	0.01416	0.00895	0.00725	0.00226	0.00997	0.00663	0.00514	0.15647
2	0.06908	0.02787	0.02267	0.02058	0.05010	0.31169	0.01553	0.16353	0.02416	0.02884	0.01805	0.02061	0.04209	0.01285	0.04375	0.00305	0.10289	0.00687	0.00532	0.01046
3	0.02689	0.02634	0.08292	0.01960	0.02552	0.19071	0.04666	0.16670	0.15043	0.10984	0.02308	0.05494	0.01785	0.01034	0.00828	0.00255	0.01022	0.00819	0.00684	0.01208
4	0.05914	0.02665	0.02855	0.06791	0.36611	0.26083	0.02113	0.02807	0.02029	0.02483	0.01437	0.01825	0.01196	0.00789	0.00781	0.00237	0.01165	0.00651	0.00420	0.01148
5	0.02180	0.37141	0.11892	0.01821	0.02398	0.11964	0.01756	0.02512	0.01696	0.02065	0.01203	0.01522	0.01070	0.00911	0.01097	0.00236	0.16588	0.00544	0.00367	0.01037
6	0.02842	0.01820	0.02052	0.01857	0.08156	0.09665	0.01342	0.08139	0.02337	0.29700	0.08369	0.02645	0.02216	0.00967	0.00798	0.00227	0.00804	0.00784	0.00771	0.14509
7	0.01380	0.01129	0.01413	0.01558	0.06847	0.01102	0.01047	0.02011	0.13164	0.02567	0.07172	0.30809	0.12852	0.01855	0.00947	0.00289	0.00570	0.04357	0.00734	0.08197
8	0.02162	0.22240	0.26346	0.01947	0.02724	0.19608	0.02042	0.02682	0.01931	0.02313	0.04449	0.02135	0.01552	0.00898	0.00734	0.00232	0.01146	0.03371	0.00418	0.01071
9	0.35511	0.08123	0.01772	0.01539	0.07017	0.01758	0.01137	0.02522	0.07776	0.06423	0.10496	0.02967	0.05146	0.01064	0.00702	0.00258	0.00662	0.03515	0.00625	0.00986
10	0.06400	0.01621	0.01941	0.01703	0.02020	0.07773	0.06902	0.05385	0.08307	0.07901	0.08412	0.23050	0.03268	0.01562	0.01140	0.00295	0.09366	0.01310	0.00684	0.00960
11	0.02461	0.43884	0.08895	0.01733	0.02396	0.23973	0.01619	0.02768	0.01909	0.02036	0.01225	0.01421	0.01066	0.00764	0.00624	0.00197	0.01114	0.00488	0.00379	0.01046
12	0.01992	0.01906	0.03220	0.04843	0.61747	0.01897	0.02434	0.02468	0.01892	0.02686	0.01974	0.02413	0.05159	0.00822	0.00832	0.00249	0.00953	0.00801	0.00433	0.01279
13	0.01840	0.01753	0.02982	0.33348	0.39061	0.01917	0.02442	0.02360	0.01789	0.02452	0.01524	0.02126	0.01223	0.00780	0.00826	0.00260	0.01040	0.00739	0.00393	0.01142
14	0.02743	0.03096	0.02241	0.02150	0.06193	0.42904	0.01553	0.03453	0.15901	0.05172	0.01897	0.02031	0.01501	0.01186	0.04123	0.00289	0.01284	0.00667	0.00546	0.01070
15	0.29315	0.01926	0.01805	0.01485	0.02032	0.05187	0.01205	0.26296	0.05467	0.04088	0.05635	0.02321	0.04844	0.00995	0.00721	0.00249	0.00765	0.00722	0.00685	0.04257
16	0.02056	0.01974	0.03372	0.05099	0.65622	0.01974	0.02550	0.02550	0.01892	0.02714	0.01563	0.02056	0.01316	0.00740	0.00822	0.00247	0.00987	0.00740	0.00411	0.01316
17	0.01932	0.01661	0.02247	0.01907	0.02137	0.02065	0.03866	0.15716	0.01918	0.02739	0.01673	0.02325	0.01478	0.02810	0.22427	0.00637	0.30193	0.00792	0.00498	0.00980
18	0.03103	0.03959	0.02354	0.02140	0.02568	0.67469	0.01605	0.03317	0.02354	0.02033	0.01284	0.01498	0.01070	0.00856	0.00749	0.00214	0.01498	0.00535	0.00428	0.00963
19	0.02056	0.01974	0.03372	0.05099	0.65622	0.01974	0.02550	0.02550	0.01892	0.02714	0.01563	0.02056	0.01316	0.00740	0.00822	0.00247	0.00987	0.00740	0.00411	0.01316
20	0.03199	0.03310	0.02360	0.02045	0.02538	0.49745	0.03985	0.03457	0.02344	0.16665	0.01754	0.01831	0.01302	0.00889	0.00778	0.00226	0.01314	0.00621	0.00564	0.01072
21	0.01666	0.04297	0.66500	0.02368	0.03596	0.01929	0.03069	0.02631	0.01754	0.02631	0.01491	0.01754	0.01052	0.00789	0.00789	0.00263	0.01228	0.00614	0.00351	0.01228
22	0.01967	0.01137	0.01211	0.01070	0.01386	0.01180	0.00837	0.13005	0.05022	0.07110	0.05357	0.03020	0.02264	0.01015	0.00669	0.00214	0.00512	0.00812	0.51261	0.00950
23	0.03158	0.02327	0.02493	0.01911	0.02576	0.02576	0.01579	0.62852	0.03906	0.05236	0.01995	0.01995	0.01413	0.00997	0.00831	0.00249	0.00914	0.00748	0.00831	0.01413
24	0.01898	0.01813	0.03087	0.25745	0.46210	0.01932	0.02471	0.02411	0.01817	0.02522	0.01535	0.02108	0.01248	0.00769	0.00825	0.00256	0.01026	0.00740	0.00398	0.01189
25	0.01176	0.00849	0.01110	0.01045	0.01241	0.00784	0.00784	0.01568	0.02352	0.03331	0.65184	0.06206	0.07839	0.01698	0.00980	0.00261	0.00392	0.01502	0.00914	0.00784
26	0.00982	0.00842	0.00842	0.00842	0.01122	0.00701	0.00631	0.01192	0.01894	0.02244	0.08416	0.07995	0.65285	0.02104	0.00982	0.00281	0.00421	0.01753	0.00771	0.00701
27	0.01012	0.00723	0.00964	0.01157	0.01205	0.00675	0.00771	0.01157	0.01591	0.02121	0.04579	0.70262	0.05495	0.02603	0.01060	0.00337	0.00482	0.02362	0.00771	0.00675
28	0.01176	0.00849	0.01110	0.01045	0.01241	0.00784	0.00784	0.01568	0.02352	0.03331	0.65184	0.06206	0.07839	0.01698	0.00980	0.00261	0.00392	0.01502	0.00914	0.00784
29	0.03158	0.02327	0.02493	0.01911	0.02576	0.02576	0.01579	0.62852	0.03906	0.05236	0.01995	0.01995	0.01413	0.00997	0.00831	0.00249	0.00914	0.00748	0.00831	0.01413
30	0.01147	0.00848	0.01071	0.01015	0.01224	0.00772	0.00762	0.01513	0.02285	0.03172	0.56885	0.06467	0.16236	0.01758	0.00980	0.00264	0.00396	0.01539	0.00894	0.00772
31	0.01062	0.00806	0.00979	0.01018	0.01192	0.00723	0.00732	0.01318	0.01962	0.02601	0.27880	0.27521	0.24953	0.02118	0.01007	0.00292	0.00430	0.01859	0.00824	0.00723
32	0.03103	0.03959	0.02354	0.02140	0.02568	0.67469	0.01605	0.03317	0.02354	0.02033	0.01284	0.01498	0.01070	0.00856	0.00749	0.00214	0.01498	0.00535	0.00428	0.00963
33	0.01101	0.00794	0.01062	0.01245	0.01344	0.00754	0.00922	0.01315	0.01695	0.02229	0.04722	0.50192	0.08311	0.02492	0.01081	0.00347	0.00558	0.18365	0.00769	0.00701
34	0.01863	0.01951	0.03286	0.02596	0.02860	0.02405	0.20927	0.02207	0.01489	0.02207	0.01276	0.01951	0.01144	0.01217	0.02177	0.00337	0.47944	0.00807	0.00381	0.00975
35	0.01187	0.00890	0.01335	0.01335	0.01483	0.01038	0.01038	0.01483	0.01335	0.01928	0.02225	0.03264	0.02077	0.06231	0.67512	0.01335	0.02225	0.00890	0.00445	0.00742
36	0.01723	0.01477	0.01723	0.01230	0.01969	0.01107	0.00984	0.02092	0.01723	0.02707	0.01477	0.01723	0.01230	0.00615	0.00615	0.00123	0.00615	0.00492	0.00492	0.75883
37	0.01176	0.00849	0.01110	0.01045	0.01241	0.00784	0.00784	0.01568	0.02352	0.03331	0.65184	0.06206	0.07839	0.01698	0.00980	0.00261	0.00392	0.01502	0.00914	0.00784
38	0.02221	0.71304	0.04353	0.01421	0.02132	0.03287	0.01421	0.02488	0.01688	0.01955	0.01155	0.01333	0.01066	0.00711	0.00533	0.00178	0.00888	0.00444	0.00355	0.01066
39	0.00999	0.00847	0.00865	0.00874	0.01150	0.00713	0.00664	0.01217	0.01894	0.02256	0.08228	0.08059	0.62455	0.02113	0.00990	0.00285	0.00437	0.04479	0.00771	0.00704
40	0.01781	0.18102	0.53697	0.02173	0.03294	0.02209	0.02730	0.02601	0.01740	0.02492	0.01422	0.01667	0.01055	0.00773	0.00736	0.00245	0.01158	0.00579	0.00352	0.01194
41	0.01012	0.00723	0.00964	0.01157	0.01205	0.00675	0.00771	0.01157	0.01591	0.02121	0.04579	0.70262	0.05495	0.02603	0.01060	0.00337	0.00482	0.02362	0.00771	0.00675
42	0.00982	0.00842	0.00842	0.00842	0.01122	0.00701	0.00631	0.01192	0.01894	0.02244	0.08416	0.07995	0.65285	0.02104	0.00982	0.00281	0.00421	0.01753	0.00771	0.00701
43	0.01187	0.00890	0.01335	0.01335	0.01483	0.01038	0.01038	0.01483	0.01335	0.01928	0.02225	0.03264	0.02077	0.06231	0.67512	0.01335	0.02225	0.00890	0.00445	0.00742
44	0.01187	0.00890	0.01335	0.01335	0.01483	0.01038	0.01038	0.01483	0.01335	0.01928	0.02225	0.03264	0.02077	0.06231	0.67512	0.01335	0.02225	0.00890	0.00445	0.00742
45	0.01012	0.00723	0.00964	0.01157	0.01205	0.00675	0.00771	0.01157	0.01591	0.02121	0.04579	0.70262	0.05495	0.02603	0.01060	0.00337	0.00482	0.02362	0.00771	0.00675
46	0.01208	0.00805	0.00906	0.00906	0.00906	0.00805	0.00503	0.01208	0.01208	0.01611	0.02618	0.05436	0.03020	0.70804	0.04228	0.00805	0.00805	0.01208	0.00503	0.00503
47	0.03158	0.02327	0.02493	0.01911	0.02576	0.02576	0.01579	0.62852	0.03906	0.05236	0.01995	0.01995	0.01413	0.00997	0.00831	0.00249	0.00914	0.00748	0.00831	0.01413
48	0.02056	0.01974	0.03372	0.05099	0.65622	0.01974	0.02550	0.02550	0.01892	0.02714	0.01563	0.02056	0.01316	0.00740	0.00822	0.00247	0.00987	0.00740	0.00411	0.01316
