[name]
unknown

[dist]
# distance from previous block
# <min> <max>
73	200

[block]
# block no. 0 follows, 22 sequences, length 47
# corresponding to MSA columns:
# 229-275
name=unknown_A
#
# <colnr> <probs for GDERKNQSTAVLIFYWHMCP>
#	G	D	E	R	K	N	Q	S	T	A	V	L	I	F	Y	W	H	M	C	P
0	0.17405	0.08750	0.04698	0.01556	0.01977	0.22638	0.01282	0.02395	0.01795	0.02430	0.04034	0.02442	0.05354	0.02244	0.17091	0.00502	0.01331	0.00705	0.00476	0.00895
1	0.02571	0.02645	0.06046	0.04843	0.05728	0.23495	0.01595	0.17699	0.08689	0.06045	0.02693	0.02734	0.09458	0.01072	0.00822	0.00247	0.01040	0.00819	0.00632	0.01128
2	0.01369	0.01552	0.11829	0.01708	0.04695	0.01118	0.04230	0.01764	0.01740	0.02407	0.05382	0.25898	0.03767	0.05941	0.01170	0.00336	0.00763	0.15832	0.00634	0.07865
3	0.03004	0.06594	0.02529	0.02317	0.08102	0.49592	0.01660	0.08817	0.02429	0.05371	0.01462	0.01648	0.01170	0.00860	0.00757	0.00221	0.01334	0.00583	0.00489	0.01062
4	0.02103	0.20127	0.36588	0.01955	0.02906	0.02187	0.02255	0.02954	0.08101	0.10569	0.01824	0.01922	0.01332	0.00834	0.00738	0.00243	0.01021	0.00633	0.00487	0.01220
5	0.01234	0.00860	0.01022	0.01005	0.01019	0.00908	0.00614	0.01270	0.01223	0.01658	0.02510	0.05068	0.02843	0.61619	0.10003	0.00834	0.04118	0.01156	0.00491	0.00544
6	0.00982	0.00842	0.00842	0.00842	0.01122	0.00701	0.00631	0.01192	0.01894	0.02244	0.08416	0.07995	0.65285	0.02104	0.00982	0.00281	0.00421	0.01753	0.00771	0.00701
7	0.02056	0.01974	0.03372	0.05099	0.65622	0.01974	0.02550	0.02550	0.01892	0.02714	0.01563	0.02056	0.01316	0.00740	0.00822	0.00247	0.00987	0.00740	0.00411	0.01316
8	0.01282	0.00969	0.01217	0.04537	0.01509	0.00967	0.00869	0.01815	0.08361	0.02992	0.44325	0.05660	0.08832	0.11397	0.01419	0.00342	0.00515	0.01376	0.00815	0.00801
9	0.02251	0.64406	0.06875	0.01505	0.02221	0.07089	0.01503	0.02544	0.01731	0.01988	0.01177	0.01360	0.01066	0.00723	0.00557	0.00183	0.00940	0.00457	0.00360	0.01067
10	0.05795	0.27062	0.35592	0.01989	0.02955	0.02369	0.05231	0.02641	0.01754	0.05493	0.01453	0.01663	0.01108	0.00768	0.00698	0.00234	0.01064	0.00576	0.00396	0.01159
11	0.02440	0.54687	0.03870	0.01586	0.02240	0.15601	0.01465	0.05847	0.01934	0.02144	0.01224	0.01400	0.01085	0.00754	0.00590	0.00188	0.01007	0.00478	0.00395	0.01065
12	0.01104	0.00814	0.01011	0.01058	0.01169	0.00807	0.00729	0.01260	0.01488	0.01956	0.04313	0.21203	0.17518	0.22827	0.18257	0.00703	0.00988	0.01533	0.00615	0.00648
13	0.02307	0.02477	0.03214	0.04277	0.46460	0.18058	0.05929	0.02745	0.02009	0.02544	0.01501	0.01930	0.01252	0.00766	0.00814	0.00241	0.01137	0.00704	0.00416	0.01218
14	0.01208	0.00805	0.00906	0.00906	0.00906	0.00805	0.00503	0.01208	0.01208	0.01611	0.02618	0.05436	0.03020	0.70804	0.04228	0.00805	0.00805	0.01208	0.00503	0.00503
15	0.01040	0.00763	0.00983	0.01147	0.01244	0.00706	0.00807	0.01218	0.01667	0.02175	0.05124	0.55114	0.14194	0.02499	0.01057	0.00333	0.00501	0.07969	0.00771	0.00688
16	0.02555	0.18523	0.02728	0.02007	0.05697	0.31006	0.01532	0.03397	0.19581	0.02458	0.01860	0.01941	0.01495	0.00893	0.00731	0.00227	0.01096	0.00639	0.00528	0.01104
17	0.02726	0.02080	0.08512	0.01941	0.02676	0.01813	0.10151	0.19402	0.06276	0.21314	0.02269	0.02267	0.01578	0.00894	0.00818	0.00240	0.00893	0.00766	0.00733	0.12653
18	0.02177	0.06349	0.18003	0.09177	0.20602	0.17708	0.02245	0.02898	0.08209	0.02515	0.01634	0.01935	0.01285	0.00826	0.00786	0.00246	0.01140	0.00666	0.00438	0.01161
19	0.02112	0.58154	0.16550	0.01607	0.02419	0.03021	0.01745	0.02516	0.01701	0.02087	0.01221	0.01415	0.01063	0.00726	0.00583	0.00194	0.00955	0.00478	0.00354	0.01098
20	0.01114	0.00773	0.00962	0.01049	0.01087	0.00755	0.00665	0.01213	0.01441	0.01937	0.06215	0.35543	0.04336	0.33064	0.05562	0.00589	0.00703	0.01743	0.00643	0.00606
21	0.01340	0.01191	0.01912	0.01583	0.01854	0.01153	0.15232	0.01578	0.01592	0.02079	0.03930	0.11132	0.18028	0.27926	0.02305	0.00489	0.04003	0.01373	0.00568	0.00732
22	0.01292	0.00798	0.00874	0.00874	0.00921	0.00798	0.00522	0.01387	0.01339	0.01976	0.02640	0.04862	0.02802	0.53663	0.03333	0.00655	0.00703	0.01102	0.18891	0.00570
23	0.02559	0.03227	0.08628	0.05664	0.24080	0.36828	0.02086	0.02950	0.02116	0.02322	0.01405	0.01737	0.01153	0.00810	0.00781	0.00232	0.01286	0.00619	0.00413	0.01105
24	0.01000	0.00842	0.00867	0.00861	0.01133	0.00709	0.00645	0.01227	0.01936	0.02346	0.13729	0.07827	0.59908	0.02066	0.00982	0.00279	0.00418	0.01730	0.00785	0.00709
25	0.01680	0.01431	0.01677	0.01226	0.01923	0.01081	0.00972	0.02036	0.01715	0.02672	0.01662	0.05830	0.01486	0.00734	0.00642	0.00136	0.00607	0.00604	0.00509	0.71376
26	0.01002	0.00763	0.00923	0.01052	0.01177	0.00684	0.00724	0.01169	0.01692	0.02162	0.05858	0.49500	0.25431	0.02436	0.01034	0.00318	0.00462	0.02159	0.00771	0.00684
27	0.02056	0.01974	0.03372	0.05099	0.65622	0.01974	0.02550	0.02550	0.01892	0.02714	0.01563	0.02056	0.01316	0.00740	0.00822	0.00247	0.00987	0.00740	0.00411	0.01316
28	0.01806	0.03867	0.52125	0.02843	0.14595	0.05134	0.02905	0.02650	0.01808	0.02617	0.01494	0.01795	0.01100	0.00784	0.00793	0.00258	0.01198	0.00633	0.00365	0.01231
29	0.02007	0.14886	0.13368	0.02779	0.03554	0.05516	0.34508	0.02597	0.01838	0.02439	0.01486	0.01933	0.01171	0.00792	0.01023	0.00264	0.07559	0.00787	0.00394	0.01099
30	0.01549	0.00774	0.00774	0.00774	0.00968	0.00774	0.00581	0.01936	0.01742	0.03097	0.02710	0.03097	0.02129	0.00968	0.00581	0.00194	0.00387	0.00774	0.75416	0.00774
31	0.01940	0.55315	0.03556	0.01290	0.01903	0.02700	0.01242	0.02194	0.01735	0.02020	0.02803	0.02844	0.15639	0.01027	0.00635	0.00201	0.00782	0.00741	0.00450	0.00983
32	0.01128	0.00839	0.01180	0.07561	0.01729	0.00839	0.01026	0.01357	0.01660	0.02192	0.04253	0.51990	0.04944	0.02377	0.01056	0.00341	0.00596	0.13483	0.00732	0.00716
33	0.02002	0.01919	0.03274	0.12156	0.58988	0.01960	0.02523	0.02502	0.01866	0.02649	0.01553	0.02074	0.01293	0.00750	0.00823	0.00250	0.01000	0.00740	0.00407	0.01272
34	0.23439	0.15295	0.04881	0.01573	0.02134	0.15552	0.01349	0.14259	0.02241	0.03262	0.07351	0.01972	0.01720	0.00908	0.00682	0.00233	0.00916	0.00629	0.00559	0.01045
35	0.01082	0.00817	0.01016	0.01148	0.01304	0.00751	0.00865	0.01305	0.01764	0.02248	0.05748	0.35819	0.24217	0.02370	0.01057	0.00330	0.00531	0.16153	0.00770	0.00705
36	0.01208	0.00805	0.00906	0.00906	0.00906	0.00805	0.00503	0.01208	0.01208	0.01611	0.02618	0.05436	0.03020	0.70804	0.04228	0.00805	0.00805	0.01208	0.00503	0.00503
37	0.02717	0.02461	0.02358	0.05494	0.06418	0.15838	0.01611	0.28639	0.18953	0.03805	0.02154	0.02193	0.01611	0.00978	0.00817	0.00252	0.00983	0.00752	0.00702	0.01263
38	0.02279	0.02478	0.02242	0.08570	0.11651	0.28508	0.01649	0.05614	0.05750	0.02356	0.01734	0.02199	0.01461	0.02179	0.17164	0.00506	0.01488	0.00705	0.00469	0.00999
39	0.01140	0.00789	0.00986	0.01093	0.01138	0.00768	0.00725	0.01251	0.01463	0.01942	0.03692	0.34028	0.04315	0.32604	0.02467	0.00549	0.00660	0.09128	0.00652	0.00611
40	0.01427	0.01151	0.01287	0.01229	0.01510	0.01192	0.00928	0.02370	0.22330	0.02858	0.19382	0.08456	0.19076	0.08064	0.01250	0.00333	0.00550	0.04894	0.00805	0.00907
41	0.02110	0.33122	0.25070	0.01963	0.02776	0.10831	0.04513	0.02618	0.01780	0.02225	0.01303	0.01562	0.01071	0.00800	0.00797	0.00227	0.05214	0.00552	0.00366	0.01101
42	0.02032	0.03814	0.50789	0.02256	0.03345	0.02088	0.02704	0.17413	0.02282	0.03270	0.01614	0.01813	0.01141	0.00840	0.00800	0.00260	0.01151	0.00647	0.00469	0.01273
43	0.00989	0.00812	0.00872	0.00919	0.01142	0.00695	0.00666	0.01184	0.01819	0.02214	0.07474	0.23279	0.50609	0.02226	0.01001	0.00294	0.00436	0.01903	0.00771	0.00695
44	0.02056	0.01974	0.03372	0.05099	0.65622	0.01974	0.02550	0.02550	0.01892	0.02714	0.01563	0.02056	0.01316	0.00740	0.00822	0.00247	0.00987	0.00740	0.00411	0.01316
45	0.02577	0.05736	0.05853	0.05382	0.20927	0.25415	0.01920	0.13720	0.02391	0.02887	0.01567	0.01851	0.01250	0.00843	0.00774	0.00232	0.01142	0.00651	0.03727	0.01155
46	0.02112	0.01992	0.03327	0.04937	0.62417	0.02004	0.02500	0.05615	0.01994	0.02842	0.01585	0.02053	0.01321	0.00753	0.00823	0.00247	0.00983	0.00741	0.00433	0.01321

[dist]
# distance from previous block
# <min> <max>
0	1

[block]
# block no. 1 follows, 22 sequences, length 25
# corresponding to MSA columns:
# 277-301
name=unknown_B
#
# <colnr> <probs for GDERKNQSTAVLIFYWHMCP>
#	G	D	E	R	K	N	Q	S	T	A	V	L	I	F	Y	W	H	M	C	P
0	0.07622	0.11078	0.02625	0.02229	0.08034	0.39768	0.01630	0.09572	0.02294	0.02544	0.01354	0.01589	0.01119	0.00868	0.00820	0.00227	0.04542	0.00570	0.00465	0.01049
1	0.01304	0.01062	0.01559	0.01492	0.01613	0.01317	0.01183	0.01579	0.01323	0.01942	0.02015	0.02996	0.01894	0.05346	0.55518	0.01155	0.14640	0.00860	0.00430	0.00773
2	0.01663	0.17622	0.02593	0.01801	0.04720	0.01774	0.10283	0.02265	0.10203	0.02460	0.06600	0.17065	0.07014	0.03850	0.00994	0.00293	0.00785	0.06443	0.00615	0.00955
3	0.03103	0.03959	0.02354	0.02140	0.02568	0.67469	0.01605	0.03317	0.02354	0.02033	0.01284	0.01498	0.01070	0.00856	0.00749	0.00214	0.01498	0.00535	0.00428	0.00963
4	0.01075	0.00840	0.00974	0.00952	0.01182	0.00739	0.00710	0.01367	0.02095	0.02750	0.34962	0.10092	0.35415	0.01937	0.00985	0.00274	0.00410	0.01664	0.00839	0.00739
5	0.01291	0.00939	0.01276	0.01244	0.01350	0.01086	0.00929	0.01519	0.01348	0.02000	0.02273	0.03622	0.02215	0.20223	0.39070	0.00990	0.07628	0.00936	0.09358	0.00705
6	0.01818	0.01731	0.02942	0.36212	0.36369	0.01911	0.02431	0.02341	0.01779	0.02425	0.01521	0.02134	0.01214	0.00784	0.00826	0.00261	0.01046	0.00739	0.00391	0.01124
7	0.02089	0.01888	0.03121	0.03649	0.34235	0.01933	0.12562	0.10582	0.02112	0.03027	0.01774	0.02231	0.01429	0.01035	0.03480	0.00294	0.03864	0.00792	0.08707	0.01196
8	0.01738	0.01218	0.01449	0.01364	0.01702	0.01249	0.01089	0.02697	0.21089	0.09979	0.20395	0.05741	0.11786	0.01620	0.00957	0.00294	0.00587	0.13184	0.00858	0.01002
9	0.01187	0.00890	0.01335	0.01335	0.01483	0.01038	0.01038	0.01483	0.01335	0.01928	0.02225	0.03264	0.02077	0.06231	0.67512	0.01335	0.02225	0.00890	0.00445	0.00742
10	0.01080	0.00844	0.01066	0.05781	0.01504	0.00791	0.00837	0.01332	0.01871	0.02444	0.19807	0.30431	0.24970	0.02106	0.01000	0.00297	0.00485	0.01850	0.00777	0.00726
11	0.01706	0.04019	0.58180	0.02521	0.03696	0.01952	0.11111	0.02635	0.01782	0.02635	0.01516	0.01820	0.01080	0.00777	0.00815	0.00265	0.01251	0.00663	0.00360	0.01213
12	0.02447	0.01571	0.01687	0.01386	0.01837	0.01686	0.01115	0.29173	0.06787	0.08499	0.02477	0.02591	0.01834	0.00995	0.00726	0.00228	0.00660	0.00778	0.32386	0.01137
13	0.01146	0.00819	0.01043	0.01063	0.01165	0.00814	0.00730	0.01336	0.01619	0.02216	0.18200	0.17370	0.08376	0.25091	0.14682	0.00656	0.00892	0.01466	0.00657	0.00660
14	0.01783	0.01780	0.03276	0.37476	0.20556	0.01938	0.16414	0.02356	0.01789	0.02398	0.01546	0.02181	0.01196	0.00777	0.00863	0.00270	0.01145	0.00795	0.00392	0.01068
15	0.01569	0.01477	0.02492	0.68808	0.05722	0.01846	0.02307	0.02123	0.01661	0.02123	0.01477	0.02215	0.01107	0.00831	0.00831	0.00277	0.01107	0.00738	0.00369	0.00923
16	0.03103	0.03959	0.02354	0.02140	0.02568	0.67469	0.01605	0.03317	0.02354	0.02033	0.01284	0.01498	0.01070	0.00856	0.00749	0.00214	0.01498	0.00535	0.00428	0.00963
17	0.02030	0.02326	0.03491	0.02698	0.03278	0.17031	0.35562	0.02502	0.01976	0.02403	0.02190	0.16186	0.02095	0.01131	0.00943	0.00277	0.01233	0.01163	0.00495	0.00991
18	0.09456	0.02271	0.05207	0.06277	0.12980	0.16228	0.01636	0.08062	0.06496	0.06950	0.04449	0.02750	0.08559	0.01057	0.00886	0.00256	0.04003	0.00816	0.00580	0.01083
19	0.01963	0.01863	0.03158	0.04749	0.59905	0.01859	0.02392	0.02426	0.01865	0.02661	0.01830	0.08110	0.01687	0.00905	0.00844	0.00255	0.00942	0.00884	0.00443	0.01259
20	0.00997	0.00820	0.00877	0.00910	0.01143	0.00700	0.00664	0.01204	0.01859	0.02273	0.10419	0.19437	0.51470	0.02177	0.00996	0.00290	0.00431	0.01854	0.00778	0.00700
21	0.01577	0.01927	0.10771	0.02504	0.03099	0.01556	0.32777	0.02104	0.01800	0.02459	0.02725	0.27215	0.02794	0.01411	0.00987	0.00299	0.01042	0.01445	0.00541	0.00969
22	0.12264	0.18138	0.10531	0.02569	0.11762	0.02253	0.17802	0.02760	0.05735	0.06240	0.01647	0.01918	0.01276	0.00773	0.00754	0.00246	0.01017	0.00700	0.00470	0.01146
23	0.05664	0.31093	0.14274	0.02095	0.02813	0.08394	0.13346	0.02569	0.01757	0.02297	0.01316	0.01637	0.01096	0.00809	0.00889	0.00236	0.07653	0.00610	0.00382	0.01071
24	0.16437	0.01895	0.02427	0.02052	0.08046	0.01888	0.09603	0.19910	0.02345	0.03629	0.01601	0.01830	0.01232	0.00778	0.00726	0.00217	0.00846	0.00646	0.00578	0.23311

[dist]
# distance from previous block
# <min> <max>
5	43

[block]
# block no. 2 follows, 22 sequences, length 67
# corresponding to MSA columns:
# 354-420
name=unknown_C
#
# <colnr> <probs for GDERKNQSTAVLIFYWHMCP>
#	G	D	E	R	K	N	Q	S	T	A	V	L	I	F	Y	W	H	M	C	P
0	0.01895	0.01987	0.05862	0.01922	0.04611	0.11394	0.10570	0.05860	0.07757	0.02493	0.02292	0.10091	0.02213	0.17517	0.01643	0.00379	0.00969	0.01014	0.00546	0.08984
1	0.01031	0.00764	0.00963	0.01081	0.01195	0.00696	0.00747	0.01225	0.01761	0.02324	0.14336	0.48988	0.17102	0.02374	0.01034	0.00315	0.00457	0.02119	0.00793	0.00696
2	0.01301	0.00928	0.01169	0.01153	0.01384	0.00909	0.00883	0.01689	0.05055	0.05969	0.17639	0.12738	0.21721	0.02948	0.16678	0.00536	0.00895	0.04862	0.00742	0.00800
3	0.02303	0.02521	0.02764	0.03660	0.37069	0.24306	0.02034	0.02663	0.02018	0.02417	0.01791	0.09191	0.01680	0.00980	0.00823	0.00245	0.01108	0.00844	0.00456	0.01126
4	0.01828	0.12543	0.01908	0.01298	0.01595	0.01662	0.00995	0.16001	0.01943	0.02575	0.02169	0.03599	0.02168	0.32210	0.13444	0.00662	0.01083	0.00923	0.00547	0.00849
5	0.01207	0.00884	0.01304	0.01304	0.01455	0.01024	0.01013	0.01508	0.01357	0.01993	0.02252	0.03254	0.02080	0.05942	0.63841	0.01272	0.02124	0.00884	0.04557	0.00744
6	0.01197	0.00821	0.00978	0.00955	0.01025	0.00798	0.00603	0.01336	0.01613	0.02220	0.24788	0.05709	0.04728	0.46317	0.03077	0.00613	0.00659	0.01312	0.00649	0.00603
7	0.01887	0.06921	0.28565	0.01932	0.02661	0.08827	0.02026	0.06701	0.09398	0.02640	0.01885	0.02237	0.01500	0.02130	0.16518	0.00507	0.01382	0.00709	0.00474	0.01099
8	0.02086	0.01886	0.02951	0.20829	0.38367	0.02030	0.02292	0.10960	0.05133	0.02952	0.01689	0.02139	0.01335	0.00818	0.00827	0.00257	0.00992	0.00750	0.00480	0.01229
9	0.01101	0.00811	0.00982	0.01029	0.01167	0.00749	0.00723	0.01308	0.01796	0.02374	0.20069	0.24083	0.19670	0.15086	0.01623	0.00396	0.00522	0.05073	0.00756	0.00681
10	0.01818	0.01708	0.02824	0.11159	0.47053	0.01728	0.02175	0.02280	0.01907	0.02656	0.07735	0.03037	0.08389	0.00972	0.00853	0.00255	0.00891	0.00909	0.00487	0.01165
11	0.02473	0.02978	0.21590	0.02807	0.17730	0.09662	0.02237	0.21603	0.02554	0.05949	0.01713	0.01914	0.01270	0.00860	0.00807	0.00249	0.01083	0.00685	0.00552	0.01283
12	0.02163	0.09943	0.09618	0.02035	0.02637	0.19405	0.13011	0.08207	0.02225	0.02660	0.08312	0.03064	0.11026	0.01075	0.00836	0.00245	0.01074	0.00902	0.00543	0.01021
13	0.01128	0.00772	0.00930	0.01009	0.01029	0.00752	0.00613	0.01187	0.01365	0.01820	0.03422	0.32028	0.04035	0.42828	0.02929	0.00613	0.00673	0.01681	0.00613	0.00574
14	0.02669	0.01855	0.01971	0.01566	0.02088	0.02029	0.01276	0.44341	0.03248	0.04586	0.02212	0.02330	0.01631	0.00988	0.00755	0.00232	0.00754	0.00756	0.23496	0.01219
15	0.01010	0.00730	0.00957	0.01139	0.01200	0.00676	0.00763	0.01159	0.01608	0.02128	0.04799	0.66694	0.08921	0.02574	0.01056	0.00334	0.00478	0.02327	0.00771	0.00676
16	0.01208	0.00805	0.00906	0.00906	0.00906	0.00805	0.00503	0.01208	0.01208	0.01611	0.02618	0.05436	0.03020	0.70804	0.04228	0.00805	0.00805	0.01208	0.00503	0.00503
17	0.01187	0.00890	0.01335	0.01335	0.01483	0.01038	0.01038	0.01483	0.01335	0.01928	0.02225	0.03264	0.02077	0.06231	0.67512	0.01335	0.02225	0.00890	0.00445	0.00742
18	0.01208	0.00805	0.00906	0.00906	0.00906	0.00805	0.00503	0.01208	0.01208	0.01611	0.02618	0.05436	0.03020	0.70804	0.04228	0.00805	0.00805	0.01208	0.00503	0.00503
19	0.02221	0.71304	0.04353	0.01421	0.02132	0.03287	0.01421	0.02488	0.01688	0.01955	0.01155	0.01333	0.01066	0.00711	0.00533	0.00178	0.00888	0.00444	0.00355	0.01066
20	0.01126	0.00778	0.00923	0.00992	0.01025	0.00753	0.00606	0.01189	0.01382	0.01828	0.03637	0.28763	0.07323	0.42640	0.02917	0.00609	0.00669	0.01651	0.00614	0.00576
21	0.01187	0.00797	0.00912	0.00933	0.00938	0.00791	0.00532	0.01203	0.01249	0.01665	0.02827	0.12355	0.03284	0.63526	0.03890	0.00755	0.00771	0.01331	0.00532	0.00522
22	0.01060	0.00759	0.01012	0.01158	0.01241	0.00711	0.00806	0.01263	0.01747	0.02361	0.15569	0.55167	0.05879	0.02421	0.01051	0.00326	0.00482	0.05490	0.00797	0.00700
23	0.01698	0.00944	0.00985	0.00924	0.01165	0.00978	0.00710	0.08308	0.01947	0.03258	0.02609	0.02990	0.02051	0.01257	0.04246	0.00261	0.00542	0.00778	0.63508	0.00840
24	0.00993	0.00842	0.00857	0.00853	0.01129	0.00706	0.00640	0.01214	0.01920	0.02307	0.11669	0.07892	0.61993	0.02081	0.00982	0.00279	0.00419	0.01739	0.00780	0.00706
25	0.01044	0.00781	0.00970	0.01056	0.01194	0.00707	0.00741	0.01264	0.01844	0.02440	0.20015	0.40216	0.20160	0.02268	0.01023	0.00306	0.00446	0.02012	0.00806	0.00707
26	0.02303	0.02442	0.03132	0.04401	0.50749	0.17423	0.02327	0.02731	0.02001	0.02553	0.01497	0.01924	0.01258	0.00768	0.00805	0.00239	0.01108	0.00692	0.00415	0.01233
27	0.59010	0.05884	0.13240	0.01342	0.01996	0.01953	0.01322	0.02479	0.01490	0.03432	0.01217	0.01422	0.00936	0.00771	0.00565	0.00254	0.00762	0.00479	0.00476	0.00968
28	0.02276	0.01692	0.01604	0.01412	0.01822	0.13157	0.01108	0.05938	0.05848	0.18397	0.14097	0.04720	0.18439	0.01441	0.00896	0.00263	0.00742	0.04332	0.00803	0.01015
29	0.01044	0.00831	0.00936	0.00937	0.01167	0.00723	0.00692	0.01302	0.01999	0.02559	0.25135	0.14144	0.41526	0.02035	0.00990	0.00281	0.00419	0.01743	0.00815	0.00723
30	0.05517	0.01909	0.02074	0.01712	0.02277	0.02107	0.01376	0.24478	0.31570	0.13614	0.02802	0.02610	0.02013	0.01054	0.00826	0.00266	0.00753	0.00839	0.00856	0.01348
31	0.01308	0.00973	0.01175	0.01097	0.01339	0.00924	0.00827	0.07126	0.02341	0.03195	0.43255	0.11859	0.17853	0.01790	0.00974	0.00271	0.00454	0.01556	0.00867	0.00817
32	0.01919	0.34863	0.38151	0.01936	0.02928	0.02549	0.02318	0.02566	0.01724	0.02322	0.01338	0.01562	0.01059	0.00753	0.00672	0.00224	0.01073	0.00536	0.00353	0.01154
33	0.02321	0.09727	0.14634	0.01736	0.02405	0.02063	0.04308	0.27122	0.02635	0.03742	0.01971	0.02161	0.01477	0.00906	0.00736	0.00232	0.00863	0.00706	0.19086	0.01169
34	0.66812	0.01581	0.01317	0.01145	0.01676	0.01777	0.00943	0.02659	0.01544	0.12171	0.01443	0.01549	0.01056	0.00806	0.00558	0.00257	0.00651	0.00502	0.00584	0.00969
35	0.01125	0.00871	0.01041	0.01066	0.01300	0.00787	0.00844	0.01431	0.02037	0.02632	0.24719	0.07776	0.33557	0.02026	0.01020	0.00299	0.00493	0.15424	0.00813	0.00741
36	0.02844	0.16395	0.02808	0.02087	0.05000	0.39206	0.01613	0.12666	0.02410	0.02560	0.01376	0.01583	0.01135	0.00873	0.00812	0.00221	0.04298	0.00569	0.00476	0.01067
37	0.01204	0.00821	0.00987	0.00987	0.01015	0.00849	0.00604	0.01260	0.01232	0.01671	0.02544	0.05027	0.02843	0.58645	0.16144	0.00905	0.01073	0.01148	0.00492	0.00548
38	0.00987	0.00820	0.00864	0.00899	0.01137	0.00696	0.00657	0.01186	0.01839	0.02222	0.07719	0.19297	0.54432	0.02194	0.00996	0.00291	0.00432	0.01864	0.00771	0.00696
39	0.02250	0.01332	0.01606	0.01362	0.01770	0.01309	0.01071	0.17137	0.02588	0.19026	0.20454	0.13772	0.09732	0.01529	0.00920	0.00270	0.00614	0.01300	0.00888	0.01070
40	0.02598	0.10459	0.02667	0.02093	0.02478	0.41654	0.05071	0.02836	0.02027	0.02060	0.01447	0.05496	0.01336	0.01037	0.01105	0.00247	0.13315	0.00689	0.00428	0.00957
41	0.02105	0.57337	0.17307	0.01619	0.02437	0.03004	0.01765	0.02517	0.01702	0.02095	0.01225	0.01420	0.01063	0.00727	0.00586	0.00195	0.00959	0.00480	0.00354	0.01100
42	0.01012	0.00723	0.00964	0.01157	0.01205	0.00675	0.00771	0.01157	0.01591	0.02121	0.04579	0.70262	0.05495	0.02603	0.01060	0.00337	0.00482	0.02362	0.00771	0.00675
43	0.02629	0.01396	0.01690	0.01390	0.01825	0.01365	0.01087	0.16090	0.02390	0.28058	0.05685	0.04015	0.05983	0.17632	0.01665	0.00393	0.00751	0.04028	0.00828	0.01101
44	0.02535	0.12690	0.06202	0.08966	0.02739	0.11834	0.01605	0.20772	0.08843	0.06850	0.01904	0.02136	0.01473	0.04001	0.00916	0.00261	0.00981	0.00698	0.00609	0.03985
45	0.01106	0.00811	0.01037	0.01055	0.01217	0.00743	0.00763	0.01405	0.02078	0.02855	0.41094	0.25115	0.13621	0.02008	0.01004	0.00286	0.00421	0.01782	0.00857	0.00743
46	0.02121	0.02323	0.02500	0.02171	0.02272	0.17859	0.01767	0.02310	0.01527	0.02007	0.01136	0.01742	0.01086	0.01313	0.02260	0.00328	0.53294	0.00682	0.00379	0.00922
47	0.01644	0.05245	0.14640	0.25687	0.07274	0.01984	0.02125	0.02130	0.01623	0.02229	0.02120	0.02601	0.07997	0.01102	0.01291	0.00290	0.17818	0.00808	0.00409	0.00983
48	0.01939	0.13326	0.28458	0.06351	0.06335	0.05771	0.13744	0.02811	0.08517	0.02568	0.01671	0.01955	0.01270	0.00801	0.00795	0.00253	0.01145	0.00702	0.00426	0.01165
49	0.06224	0.01522	0.01592	0.01401	0.01666	0.05312	0.01071	0.13473	0.05548	0.02849	0.02776	0.03597	0.08662	0.17882	0.05099	0.00447	0.10402	0.00952	0.08635	0.00890
50	0.01563	0.01091	0.01230	0.01132	0.01268	0.01143	0.00749	0.12827	0.01745	0.02339	0.02594	0.08450	0.02813	0.50367	0.06661	0.00701	0.00880	0.01172	0.00578	0.00697
51	0.11478	0.05041	0.15793	0.02806	0.17627	0.01805	0.12066	0.02469	0.01828	0.05145	0.02098	0.03312	0.01870	0.01050	0.00852	0.00280	0.01004	0.11873	0.00501	0.01102
52	0.02188	0.09087	0.03280	0.07958	0.47294	0.11056	0.02295	0.02624	0.01922	0.02512	0.01479	0.01917	0.01246	0.00758	0.00784	0.00237	0.01054	0.00683	0.00406	0.01220
53	0.01329	0.00808	0.01060	0.01160	0.01266	0.00750	0.00786	0.01474	0.01627	0.08940	0.04191	0.54830	0.04813	0.11048	0.01436	0.00388	0.00547	0.02052	0.00765	0.00733
54	0.01544	0.01474	0.01421	0.05171	0.05162	0.13406	0.01056	0.01696	0.01748	0.02063	0.04067	0.24317	0.17544	0.05959	0.01377	0.08429	0.00765	0.01455	0.00605	0.00740
55	0.01763	0.17551	0.19345	0.01733	0.02336	0.05477	0.04139	0.05256	0.01752	0.02317	0.01985	0.09267	0.01893	0.07988	0.13176	0.00490	0.01227	0.00874	0.00457	0.00976
56	0.01498	0.01094	0.01256	0.01098	0.01455	0.00981	0.00837	0.06958	0.02130	0.06313	0.20020	0.08479	0.25944	0.05555	0.01092	0.00280	0.00527	0.01356	0.00768	0.12358
57	0.01120	0.00844	0.01054	0.01093	0.01206	0.00824	0.00765	0.01316	0.01752	0.02355	0.19685	0.30726	0.15224	0.12713	0.01602	0.00383	0.04114	0.01787	0.00744	0.00692
58	0.09984	0.01413	0.01863	0.02161	0.16685	0.01436	0.01313	0.04756	0.07947	0.13325	0.05888	0.10918	0.02663	0.14296	0.01471	0.00369	0.00745	0.01060	0.00668	0.01037
59	0.02115	0.02378	0.13215	0.11089	0.15358	0.05205	0.05516	0.12010	0.15693	0.03126	0.02108	0.02524	0.01651	0.00949	0.00843	0.00267	0.00999	0.03171	0.00569	0.01215
60	0.24122	0.08137	0.07999	0.02167	0.16190	0.01853	0.01524	0.05534	0.05240	0.03025	0.02811	0.02925	0.13262	0.01043	0.00733	0.00253	0.00769	0.00817	0.00545	0.01051
61	0.13224	0.20150	0.11053	0.01782	0.02415	0.12306	0.04723	0.02677	0.03927	0.04907	0.01426	0.01663	0.01156	0.00843	0.00867	0.00231	0.07753	0.00573	0.00448	0.07875
62	0.02042	0.01985	0.05656	0.01908	0.09268	0.07994	0.01388	0.11411	0.07462	0.02940	0.02195	0.02624	0.04910	0.08305	0.01117	0.00267	0.00837	0.00750	0.00566	0.26377
63	0.02275	0.15151	0.02756	0.02120	0.09569	0.13850	0.06192	0.02692	0.05274	0.08089	0.01775	0.02263	0.01512	0.08272	0.01208	0.00283	0.04695	0.00702	0.00502	0.10821
64	0.02331	0.02938	0.16003	0.02295	0.08552	0.21008	0.01909	0.06089	0.15601	0.04855	0.01955	0.02134	0.01514	0.01223	0.04515	0.00313	0.04366	0.00708	0.00539	0.01152
65	0.17805	0.05820	0.05846	0.08224	0.05975	0.21674	0.01549	0.02739	0.07532	0.02613	0.02122	0.02322	0.06987	0.00987	0.00835	0.00252	0.04524	0.00705	0.00497	0.00991
66	0.12992	0.09472	0.13900	0.07379	0.09397	0.20513	0.01807	0.02601	0.01917	0.02544	0.05364	0.02226	0.04764	0.00916	0.00741	0.00240	0.01062	0.00684	0.00459	0.01022

[dist]
# distance from previous block
# <min> <max>
7	125

[block]
# block no. 3 follows, 22 sequences, length 126
# corresponding to MSA columns:
# 549-674
name=unknown_D
#
# <colnr> <probs for GDERKNQSTAVLIFYWHMCP>
#	G	D	E	R	K	N	Q	S	T	A	V	L	I	F	Y	W	H	M	C	P
0	0.02444	0.09330	0.08618	0.02444	0.12509	0.27520	0.01798	0.03347	0.18645	0.02575	0.01895	0.02023	0.01498	0.00890	0.00770	0.00239	0.01111	0.00674	0.00523	0.01147
1	0.01798	0.02401	0.14779	0.02261	0.06027	0.12886	0.15046	0.02304	0.01975	0.02547	0.12632	0.09872	0.05437	0.01465	0.04538	0.00324	0.01107	0.01074	0.00541	0.00985
2	0.01120	0.00857	0.01153	0.01252	0.01315	0.00890	0.00885	0.01301	0.01657	0.02267	0.12186	0.54470	0.05330	0.02360	0.01229	0.00330	0.07864	0.02073	0.00746	0.00714
3	0.01560	0.14021	0.02044	0.07045	0.07322	0.04444	0.01208	0.01879	0.04201	0.02171	0.02892	0.30462	0.03188	0.08646	0.01202	0.00324	0.00742	0.01390	0.00578	0.04680
4	0.01942	0.08826	0.18998	0.09397	0.12477	0.11054	0.12341	0.02497	0.01860	0.02399	0.01805	0.09216	0.01613	0.00968	0.00831	0.00259	0.01137	0.00868	0.00429	0.01081
5	0.05881	0.02642	0.15365	0.08619	0.13520	0.11246	0.09880	0.03069	0.16054	0.02767	0.01910	0.02157	0.01460	0.00859	0.00816	0.00261	0.01078	0.00748	0.00503	0.01167
6	0.01967	0.02105	0.01901	0.08926	0.02385	0.24104	0.01425	0.02370	0.05156	0.02074	0.01827	0.02461	0.01601	0.03279	0.30429	0.00729	0.05191	0.00746	0.00449	0.00877
7	0.01090	0.00771	0.00965	0.01055	0.01124	0.00729	0.00693	0.01236	0.01618	0.02174	0.13584	0.39520	0.08143	0.21133	0.01912	0.00451	0.00554	0.01883	0.00720	0.00646
8	0.02221	0.01674	0.01730	0.01730	0.08611	0.10561	0.01192	0.08372	0.02235	0.16488	0.04672	0.04611	0.26611	0.04322	0.01021	0.00281	0.00761	0.01150	0.00735	0.01022
9	0.21154	0.01086	0.01181	0.04810	0.01627	0.01108	0.00902	0.01827	0.01685	0.08606	0.04181	0.29224	0.16079	0.01773	0.00867	0.00294	0.00567	0.01501	0.00706	0.00823
10	0.01753	0.01585	0.01983	0.01532	0.02036	0.01563	0.01249	0.02062	0.01580	0.02482	0.01354	0.01753	0.01186	0.00881	0.01285	0.00199	0.22403	0.00567	0.00451	0.52095
11	0.01166	0.00810	0.00962	0.00966	0.01038	0.00780	0.00613	0.01296	0.01587	0.02152	0.19570	0.12745	0.07961	0.41571	0.02857	0.00584	0.00641	0.01439	0.00655	0.00606
12	0.02056	0.01974	0.03372	0.05099	0.65622	0.01974	0.02550	0.02550	0.01892	0.02714	0.01563	0.02056	0.01316	0.00740	0.00822	0.00247	0.00987	0.00740	0.00411	0.01316
13	0.01528	0.03512	0.51584	0.02038	0.03043	0.01657	0.02528	0.02337	0.01826	0.02639	0.08065	0.03016	0.10610	0.01053	0.00833	0.00265	0.01042	0.00851	0.00459	0.01115
14	0.01069	0.00816	0.00988	0.01053	0.01232	0.00736	0.00777	0.01316	0.01903	0.02475	0.19737	0.27474	0.27542	0.02188	0.01022	0.00304	0.00466	0.07380	0.00803	0.00718
15	0.00986	0.00826	0.00858	0.00883	0.01133	0.00698	0.00650	0.01188	0.01854	0.02228	0.07910	0.16196	0.57410	0.02170	0.00992	0.00288	0.00429	0.01833	0.00771	0.00698
16	0.01012	0.00723	0.00964	0.01157	0.01205	0.00675	0.00771	0.01157	0.01591	0.02121	0.04579	0.70262	0.05495	0.02603	0.01060	0.00337	0.00482	0.02362	0.00771	0.00675
17	0.03057	0.03863	0.02333	0.02120	0.02550	0.64570	0.01592	0.03366	0.05092	0.02097	0.01377	0.01569	0.01135	0.00868	0.00753	0.00217	0.01461	0.00553	0.00447	0.00979
18	0.06305	0.02296	0.02439	0.01876	0.02535	0.02546	0.01550	0.60266	0.03799	0.05171	0.01959	0.01967	0.01391	0.00988	0.00817	0.00250	0.00903	0.00735	0.00817	0.01391
19	0.01045	0.00743	0.00948	0.01098	0.01149	0.00699	0.00718	0.01167	0.01539	0.02039	0.04430	0.55965	0.08032	0.14371	0.01604	0.00415	0.00535	0.02132	0.00725	0.00646
20	0.01863	0.05151	0.03064	0.02389	0.02577	0.02498	0.13004	0.02144	0.01419	0.02119	0.01202	0.01873	0.01121	0.01280	0.02302	0.00339	0.53566	0.00760	0.00374	0.00955
21	0.01207	0.00884	0.01304	0.01304	0.01455	0.01024	0.01013	0.01508	0.01357	0.01992	0.02252	0.03255	0.02080	0.05943	0.63856	0.01273	0.02125	0.00884	0.04541	0.00744
22	0.01040	0.00775	0.00976	0.01125	0.01242	0.00711	0.00800	0.01225	0.01694	0.02188	0.05432	0.49550	0.19023	0.02456	0.01052	0.00329	0.00498	0.08421	0.00771	0.00690
23	0.01054	0.00834	0.00885	0.00878	0.01086	0.00734	0.00619	0.01236	0.01787	0.02217	0.13197	0.07220	0.44944	0.17692	0.01720	0.00398	0.00505	0.01602	0.00726	0.00665
24	0.01666	0.04297	0.66500	0.02368	0.03596	0.01929	0.03069	0.02631	0.01754	0.02631	0.01491	0.01754	0.01052	0.00789	0.00789	0.00263	0.01228	0.00614	0.00351	0.01228
25	0.01016	0.00822	0.00904	0.00928	0.01155	0.00709	0.00679	0.01243	0.01909	0.02386	0.16290	0.18718	0.46076	0.02131	0.00995	0.00288	0.00427	0.01823	0.00793	0.00709
26	0.01379	0.00885	0.01056	0.01040	0.01293	0.00774	0.00768	0.01611	0.01938	0.10784	0.14579	0.24133	0.32583	0.02043	0.00984	0.00290	0.00471	0.01764	0.00825	0.00799
27	0.01961	0.34256	0.23789	0.01967	0.02726	0.02663	0.05355	0.02458	0.01652	0.02215	0.01279	0.01600	0.01077	0.00864	0.01018	0.00243	0.12850	0.00576	0.00359	0.01093
28	0.01885	0.01986	0.02930	0.02353	0.02676	0.08399	0.17600	0.02233	0.01591	0.02205	0.01445	0.02096	0.01279	0.01824	0.11062	0.00451	0.31746	0.00785	0.00403	0.05052
29	0.01123	0.00846	0.01060	0.01168	0.01347	0.00783	0.00910	0.01388	0.01861	0.02395	0.11753	0.25509	0.23775	0.02262	0.01056	0.00327	0.00544	0.20387	0.00784	0.00722
30	0.01900	0.01815	0.03091	0.25466	0.46473	0.01933	0.02472	0.02413	0.01818	0.02525	0.01535	0.02107	0.01249	0.00769	0.00825	0.00256	0.01025	0.00740	0.00398	0.01190
31	0.01666	0.04297	0.66500	0.02368	0.03596	0.01929	0.03069	0.02631	0.01754	0.02631	0.01491	0.01754	0.01052	0.00789	0.00789	0.00263	0.01228	0.00614	0.00351	0.01228
32	0.01788	0.02321	0.16051	0.02916	0.17044	0.02092	0.08178	0.02261	0.01610	0.02365	0.01702	0.02231	0.03888	0.01344	0.04860	0.00353	0.26744	0.00783	0.00398	0.01071
33	0.02300	0.09017	0.03491	0.03784	0.34300	0.17434	0.12607	0.02743	0.01993	0.02474	0.01480	0.01889	0.01225	0.00758	0.00805	0.00238	0.01169	0.00706	0.00411	0.01176
34	0.05919	0.02041	0.02249	0.02908	0.27798	0.16505	0.01666	0.02486	0.01911	0.02640	0.01913	0.02611	0.01655	0.03826	0.00894	0.00258	0.00933	0.03484	0.17271	0.01033
35	0.05587	0.25361	0.19053	0.01800	0.02580	0.05754	0.04641	0.02876	0.01906	0.16382	0.01915	0.02259	0.01486	0.00897	0.00729	0.00238	0.00974	0.03867	0.00538	0.01156
36	0.02217	0.01943	0.01983	0.02282	0.15022	0.18566	0.01431	0.02481	0.01981	0.12616	0.02879	0.27177	0.02912	0.01504	0.00893	0.00273	0.00890	0.01299	0.00648	0.01003
37	0.01187	0.00890	0.01335	0.01335	0.01483	0.01038	0.01038	0.01483	0.01335	0.01928	0.02225	0.03264	0.02077	0.06231	0.67512	0.01335	0.02225	0.00890	0.00445	0.00742
38	0.06499	0.01896	0.01731	0.01509	0.01947	0.15030	0.01176	0.05592	0.14138	0.16775	0.15186	0.03630	0.08931	0.01227	0.00843	0.00256	0.00778	0.00984	0.00787	0.01084
39	0.02219	0.06144	0.03481	0.03978	0.37714	0.13418	0.12802	0.02674	0.01945	0.02514	0.01492	0.01942	0.01240	0.00783	0.00906	0.00248	0.04170	0.00730	0.00411	0.01189
40	0.01187	0.00890	0.01335	0.01335	0.01483	0.01038	0.01038	0.01483	0.01335	0.01928	0.02225	0.03264	0.02077	0.06231	0.67512	0.01335	0.02225	0.00890	0.00445	0.00742
41	0.02056	0.01974	0.03372	0.05099	0.65622	0.01974	0.02550	0.02550	0.01892	0.02714	0.01563	0.02056	0.01316	0.00740	0.00822	0.00247	0.00987	0.00740	0.00411	0.01316
42	0.02278	0.61839	0.07077	0.01533	0.02242	0.09252	0.01516	0.02572	0.01754	0.01994	0.01183	0.01368	0.01066	0.00728	0.00565	0.00185	0.00962	0.00461	0.00362	0.01064
43	0.01234	0.01061	0.01082	0.01039	0.01363	0.01018	0.00790	0.01941	0.16345	0.02530	0.07247	0.06858	0.50713	0.01877	0.00950	0.00281	0.00476	0.01564	0.00789	0.00844
44	0.00987	0.00823	0.00861	0.00891	0.01135	0.00697	0.00653	0.01187	0.01846	0.02225	0.07813	0.17775	0.55895	0.02182	0.00994	0.00289	0.00430	0.01849	0.00771	0.00697
45	0.02359	0.01387	0.01696	0.01410	0.01820	0.01406	0.01113	0.18400	0.02527	0.19590	0.18291	0.03763	0.03434	0.08561	0.09977	0.00451	0.00892	0.01023	0.00820	0.01079
46	0.01970	0.02013	0.03385	0.12556	0.27060	0.05592	0.18276	0.02468	0.01822	0.02513	0.01562	0.02115	0.01269	0.00846	0.01083	0.00270	0.09459	0.00793	0.03832	0.01117
47	0.01549	0.00774	0.00774	0.00774	0.00968	0.00774	0.00581	0.01936	0.01742	0.03097	0.02710	0.03097	0.02129	0.00968	0.00581	0.00194	0.00387	0.00774	0.75416	0.00774
48	0.01029	0.00833	0.00914	0.00916	0.01157	0.00718	0.00678	0.01276	0.01973	0.02485	0.21192	0.12936	0.46881	0.02053	0.00988	0.00281	0.00419	0.01748	0.00804	0.00718
49	0.01461	0.01271	0.01661	0.02048	0.15569	0.03835	0.01272	0.01906	0.05100	0.02724	0.21420	0.11689	0.16201	0.01661	0.00958	0.00283	0.00642	0.08674	0.00721	0.00907
50	0.01973	0.01340	0.01579	0.01444	0.01754	0.01406	0.01136	0.20848	0.02366	0.06644	0.03147	0.14674	0.03155	0.13248	0.04286	0.00428	0.00816	0.14568	0.04242	0.00946
51	0.01012	0.00723	0.00964	0.01157	0.01205	0.00675	0.00771	0.01157	0.01591	0.02121	0.04579	0.70262	0.05495	0.02603	0.01060	0.00337	0.00482	0.02362	0.00771	0.00675
52	0.01760	0.03728	0.50796	0.02981	0.16445	0.01946	0.05533	0.02615	0.01791	0.02649	0.01514	0.01837	0.01116	0.00775	0.00804	0.00260	0.01185	0.00656	0.00366	0.01241
53	0.02460	0.16107	0.03248	0.12811	0.18006	0.02037	0.09827	0.02896	0.01956	0.19788	0.01949	0.02166	0.01427	0.00821	0.00788	0.00244	0.00963	0.00736	0.00563	0.01206
54	0.02501	0.02630	0.02960	0.03835	0.39205	0.22441	0.02151	0.09269	0.02252	0.02773	0.01522	0.01876	0.01250	0.00804	0.00801	0.00237	0.01138	0.00677	0.00462	0.01216
55	0.02357	0.02511	0.02891	0.13424	0.34571	0.21494	0.02179	0.06018	0.02106	0.02562	0.01491	0.01910	0.01217	0.00802	0.00802	0.00242	0.01153	0.00679	0.00433	0.01158
56	0.01080	0.00838	0.00939	0.00917	0.01127	0.00744	0.00661	0.01316	0.01936	0.02499	0.25914	0.07020	0.37064	0.12574	0.01482	0.00355	0.00471	0.01588	0.00776	0.00698
57	0.00982	0.00842	0.00842	0.00842	0.01122	0.00701	0.00631	0.01192	0.01894	0.02244	0.08416	0.07995	0.65285	0.02104	0.00982	0.00281	0.00421	0.01753	0.00771	0.00701
58	0.02515	0.01970	0.02091	0.01741	0.02282	0.02224	0.01393	0.29664	0.34884	0.04221	0.02746	0.02620	0.02028	0.01063	0.00826	0.00263	0.00756	0.00848	0.04537	0.01331
59	0.01188	0.00885	0.01312	0.01312	0.01452	0.01026	0.01009	0.01468	0.01328	0.01911	0.02247	0.03382	0.02128	0.09758	0.64055	0.01306	0.02148	0.00907	0.00448	0.00729
60	0.02056	0.01974	0.03372	0.05099	0.65622	0.01974	0.02550	0.02550	0.01892	0.02714	0.01563	0.02056	0.01316	0.00740	0.00822	0.00247	0.00987	0.00740	0.00411	0.01316
61	0.01792	0.19544	0.52359	0.02152	0.03263	0.02238	0.02694	0.02598	0.01739	0.02477	0.01414	0.01658	0.01055	0.00771	0.00731	0.00244	0.01151	0.00575	0.00352	0.01191
62	0.03418	0.01483	0.01919	0.01518	0.02128	0.01379	0.01239	0.04117	0.13883	0.54510	0.03297	0.02878	0.02146	0.01047	0.00837	0.00262	0.00698	0.00855	0.00994	0.01395
63	0.02566	0.01673	0.01893	0.01627	0.02148	0.01812	0.01287	0.04304	0.45545	0.22346	0.03350	0.03018	0.02392	0.01097	0.00842	0.00274	0.00672	0.00908	0.00900	0.01345
64	0.02066	0.01785	0.01878	0.01691	0.02160	0.02066	0.01315	0.04414	0.64121	0.03475	0.03381	0.03099	0.02536	0.01127	0.00845	0.00282	0.00657	0.00939	0.00845	0.01315
65	0.01164	0.00877	0.01239	0.01239	0.01390	0.00978	0.00943	0.01425	0.01390	0.01938	0.02996	0.04017	0.09676	0.11404	0.54049	0.01163	0.01886	0.01021	0.00489	0.00716
66	0.00982	0.00842	0.00842	0.00842	0.01122	0.00701	0.00631	0.01192	0.01894	0.02244	0.08416	0.07995	0.65285	0.02104	0.00982	0.00281	0.00421	0.01753	0.00771	0.00701
67	0.01666	0.04297	0.66500	0.02368	0.03596	0.01929	0.03069	0.02631	0.01754	0.02631	0.01491	0.01754	0.01052	0.00789	0.00789	0.00263	0.01228	0.00614	0.00351	0.01228
68	0.01549	0.00774	0.00774	0.00774	0.00968	0.00774	0.00581	0.01936	0.01742	0.03097	0.02710	0.03097	0.02129	0.00968	0.00581	0.00194	0.00387	0.00774	0.75416	0.00774
69	0.01983	0.01899	0.03239	0.14696	0.56599	0.01955	0.02513	0.02485	0.01857	0.02625	0.01550	0.02080	0.01284	0.00754	0.00824	0.00251	0.01005	0.00740	0.00405	0.01257
70	0.03103	0.03959	0.02354	0.02140	0.02568	0.67469	0.01605	0.03317	0.02354	0.02033	0.01284	0.01498	0.01070	0.00856	0.00749	0.00214	0.01498	0.00535	0.00428	0.00963
71	0.01161	0.00813	0.00893	0.00893	0.00951	0.00784	0.00530	0.01205	0.01350	0.01742	0.03816	0.05965	0.15886	0.56608	0.03557	0.00697	0.00726	0.01321	0.00559	0.00544
72	0.02221	0.71304	0.04353	0.01421	0.02132	0.03287	0.01421	0.02488	0.01688	0.01955	0.01155	0.01333	0.01066	0.00711	0.00533	0.00178	0.00888	0.00444	0.00355	0.01066
73	0.02004	0.01920	0.03277	0.11946	0.59185	0.01960	0.02523	0.02504	0.01867	0.02650	0.01553	0.02073	0.01293	0.00750	0.00823	0.00250	0.01000	0.00740	0.00407	0.01274
74	0.01005	0.00750	0.00936	0.01085	0.01186	0.00681	0.00739	0.01165	0.01659	0.02149	0.05452	0.56094	0.19099	0.02489	0.01042	0.00324	0.00468	0.02223	0.00771	0.00681
75	0.03012	0.03232	0.02295	0.02003	0.02492	0.43213	0.01542	0.14631	0.10695	0.06307	0.01799	0.01872	0.01379	0.00927	0.00782	0.00232	0.01236	0.00644	0.00590	0.01118
76	0.00991	0.00806	0.00878	0.00936	0.01147	0.00693	0.00673	0.01182	0.01802	0.02207	0.07261	0.26729	0.47296	0.02254	0.01005	0.00298	0.00439	0.01936	0.00771	0.00693
77	0.01208	0.00805	0.00906	0.00906	0.00906	0.00805	0.00503	0.01208	0.01208	0.01611	0.02618	0.05436	0.03020	0.70804	0.04228	0.00805	0.00805	0.01208	0.00503	0.00503
78	0.02792	0.03311	0.02218	0.01922	0.02432	0.49058	0.01463	0.06076	0.02290	0.02350	0.01364	0.01575	0.01124	0.00808	0.00723	0.00195	0.01267	0.00536	0.00463	0.18033
79	0.02056	0.01974	0.03372	0.05099	0.65622	0.01974	0.02550	0.02550	0.01892	0.02714	0.01563	0.02056	0.01316	0.00740	0.00822	0.00247	0.00987	0.00740	0.00411	0.01316
80	0.01697	0.07967	0.63096	0.02316	0.03515	0.02004	0.02979	0.02623	0.01750	0.02594	0.01472	0.01731	0.01053	0.00785	0.00775	0.00258	0.01209	0.00605	0.00351	0.01219
81	0.01012	0.00723	0.00964	0.01157	0.01205	0.00675	0.00771	0.01157	0.01591	0.02121	0.04579	0.70262	0.05495	0.02603	0.01060	0.00337	0.00482	0.02362	0.00771	0.00675
82	0.02377	0.02797	0.01968	0.01835	0.02157	0.42304	0.01390	0.02623	0.01968	0.01994	0.01641	0.02167	0.01451	0.02892	0.26040	0.00639	0.01774	0.00670	0.00434	0.00879
83	0.02056	0.01974	0.03372	0.05099	0.65622	0.01974	0.02550	0.02550	0.01892	0.02714	0.01563	0.02056	0.01316	0.00740	0.00822	0.00247	0.00987	0.00740	0.00411	0.01316
84	0.01012	0.00723	0.00964	0.01157	0.01205	0.00675	0.00771	0.01157	0.01591	0.02121	0.04579	0.70262	0.05495	0.02603	0.01060	0.00337	0.00482	0.02362	0.00771	0.00675
85	0.01106	0.00846	0.01014	0.00972	0.01199	0.00754	0.00729	0.01434	0.02188	0.02943	0.44904	0.06845	0.28361	0.01843	0.00981	0.00268	0.00402	0.01592	0.00863	0.00754
86	0.02066	0.01785	0.01878	0.01691	0.02160	0.02066	0.01315	0.04414	0.64121	0.03475	0.03381	0.03099	0.02536	0.01127	0.00845	0.00282	0.00657	0.00939	0.00845	0.01315
87	0.02056	0.01974	0.03372	0.05099	0.65622	0.01974	0.02550	0.02550	0.01892	0.02714	0.01563	0.02056	0.01316	0.00740	0.00822	0.00247	0.00987	0.00740	0.00411	0.01316
88	0.01189	0.00849	0.01164	0.01343	0.01473	0.00825	0.01064	0.01468	0.01795	0.02371	0.07578	0.35647	0.05247	0.02398	0.01101	0.00357	0.00623	0.32006	0.00775	0.00727
89	0.01946	0.01861	0.03172	0.19558	0.52028	0.01945	0.02495	0.02453	0.01839	0.02580	0.01543	0.02092	0.01269	0.00761	0.00824	0.00254	0.01014	0.00740	0.00402	0.01227
90	0.02066	0.01785	0.01878	0.01691	0.02160	0.02066	0.01315	0.04414	0.64121	0.03475	0.03381	0.03099	0.02536	0.01127	0.00845	0.00282	0.00657	0.00939	0.00845	0.01315
91	0.02056	0.01974	0.03372	0.05099	0.65622	0.01974	0.02550	0.02550	0.01892	0.02714	0.01563	0.02056	0.01316	0.00740	0.00822	0.00247	0.00987	0.00740	0.00411	0.01316
92	0.03103	0.03959	0.02354	0.02140	0.02568	0.67469	0.01605	0.03317	0.02354	0.02033	0.01284	0.01498	0.01070	0.00856	0.00749	0.00214	0.01498	0.00535	0.00428	0.00963
93	0.01305	0.00945	0.01292	0.01465	0.01665	0.00932	0.01272	0.01671	0.01911	0.02463	0.04777	0.09241	0.10482	0.02277	0.01132	0.00373	0.00733	0.54539	0.00766	0.00759
94	0.01187	0.00890	0.01335	0.01335	0.01483	0.01038	0.01038	0.01483	0.01335	0.01928	0.02225	0.03264	0.02077	0.06231	0.67512	0.01335	0.02225	0.00890	0.00445	0.00742
95	0.03158	0.02327	0.02493	0.01911	0.02576	0.02576	0.01579	0.62852	0.03906	0.05236	0.01995	0.01995	0.01413	0.00997	0.00831	0.00249	0.00914	0.00748	0.00831	0.01413
96	0.00982	0.00842	0.00842	0.00842	0.01122	0.00701	0.00631	0.01192	0.01894	0.02244	0.08416	0.07995	0.65285	0.02104	0.00982	0.00281	0.00421	0.01753	0.00771	0.00701
97	0.02708	0.01905	0.02123	0.01694	0.02184	0.02089	0.01354	0.46637	0.03165	0.04240	0.01850	0.02134	0.01421	0.01493	0.01465	0.20090	0.00864	0.00741	0.00708	0.01137
98	0.01081	0.00845	0.00979	0.00946	0.01183	0.00744	0.00709	0.01384	0.02128	0.02800	0.37451	0.07080	0.35902	0.01896	0.00981	0.00271	0.00406	0.01625	0.00845	0.00744
99	0.01187	0.00890	0.01335	0.01335	0.01483	0.01038	0.01038	0.01483	0.01335	0.01928	0.02225	0.03264	0.02077	0.06231	0.67512	0.01335	0.02225	0.00890	0.00445	0.00742
