[name]
unknown

[dist]
# distance from previous block
# <min> <max>
64	293

[block]
# block no. 0 follows, 18 sequences, length 8
# corresponding to MSA columns:
# 333-340
name=unknown_A
#
# <colnr> <probs for GDERKNQSTAVLIFYWHMCP>
#	G	D	E	R	K	N	Q	S	T	A	V	L	I	F	Y	W	H	M	C	P
0	0.02188	0.05460	0.02794	0.21227	0.03763	0.17660	0.07334	0.02602	0.02055	0.02398	0.02533	0.03415	0.07381	0.01261	0.01207	0.00306	0.09498	0.05392	0.00507	0.01020
1	0.09268	0.03547	0.23845	0.02328	0.03170	0.17818	0.06654	0.06111	0.02181	0.02970	0.01615	0.01947	0.01256	0.01144	0.03408	0.00315	0.03899	0.00685	0.00481	0.07360
2	0.07202	0.08326	0.19148	0.06438	0.21216	0.16917	0.02495	0.03006	0.02106	0.02775	0.01564	0.01934	0.01249	0.00868	0.00834	0.00266	0.01269	0.00681	0.00442	0.01263
3	0.02424	0.02852	0.08554	0.20842	0.13943	0.20559	0.02253	0.06588	0.02346	0.02821	0.06541	0.02478	0.01878	0.00996	0.00899	0.00275	0.01264	0.00806	0.00517	0.01163
4	0.02217	0.02551	0.08062	0.02064	0.02358	0.16645	0.01770	0.02565	0.01925	0.02606	0.06912	0.02570	0.02036	0.01321	0.01752	0.00313	0.28637	0.00826	0.11852	0.01017
5	0.01744	0.13285	0.02253	0.14212	0.02703	0.01814	0.01414	0.05412	0.07321	0.02822	0.09618	0.05316	0.22090	0.01579	0.00952	0.00292	0.00784	0.04669	0.00705	0.01013
6	0.02221	0.17512	0.08218	0.14544	0.03171	0.02416	0.01814	0.14950	0.02356	0.03072	0.02506	0.03047	0.07256	0.07541	0.01347	0.00335	0.05093	0.00887	0.00573	0.01139
7	0.02625	0.08097	0.06239	0.12000	0.03599	0.26702	0.10368	0.03467	0.12637	0.02677	0.01931	0.02214	0.01508	0.00954	0.00883	0.00271	0.01342	0.00775	0.00534	0.01177

[dist]
# distance from previous block
# <min> <max>
9	42

[block]
# block no. 1 follows, 18 sequences, length 8
# corresponding to MSA columns:
# 394-401
name=unknown_B
#
# <colnr> <probs for GDERKNQSTAVLIFYWHMCP>
#	G	D	E	R	K	N	Q	S	T	A	V	L	I	F	Y	W	H	M	C	P
0	0.03058	0.13952	0.03210	0.02824	0.14296	0.30103	0.01939	0.14271	0.02722	0.03079	0.01611	0.01855	0.01310	0.00926	0.00823	0.00245	0.01309	0.00666	0.00544	0.01257
1	0.01993	0.02969	0.22349	0.02133	0.02715	0.10189	0.02090	0.02741	0.08596	0.02616	0.02347	0.11320	0.02222	0.07198	0.01665	0.00371	0.13782	0.01053	0.00543	0.01107
2	0.02606	0.03753	0.17832	0.15012	0.08711	0.31332	0.02417	0.03149	0.02244	0.02494	0.01543	0.01932	0.01208	0.00912	0.00863	0.00267	0.01450	0.00676	0.00437	0.01161
3	0.07807	0.01233	0.01504	0.01396	0.01733	0.01254	0.01116	0.07038	0.02324	0.08876	0.20830	0.05713	0.11238	0.02770	0.13319	0.00538	0.00993	0.08499	0.00836	0.00981
4	0.02288	0.02221	0.02164	0.07809	0.02575	0.14556	0.01552	0.12907	0.02442	0.03025	0.03733	0.03914	0.17599	0.01484	0.01360	0.00303	0.14245	0.01074	0.03693	0.01054
5	0.02593	0.02817	0.15137	0.07795	0.15008	0.02467	0.07343	0.24462	0.02869	0.03959	0.01870	0.02196	0.01401	0.00988	0.01043	0.00291	0.04931	0.00816	0.00615	0.01399
6	0.16152	0.01908	0.02750	0.03697	0.35234	0.01886	0.02013	0.02598	0.01931	0.03172	0.01849	0.06473	0.01662	0.00940	0.00819	0.00257	0.00904	0.00828	0.00520	0.14408
7	0.21847	0.02153	0.03351	0.03872	0.30850	0.02217	0.13144	0.06283	0.02100	0.03465	0.01660	0.02096	0.01324	0.00836	0.00851	0.00283	0.01072	0.00783	0.00516	0.01294

[dist]
# distance from previous block
# <min> <max>
0	3

[block]
# block no. 2 follows, 18 sequences, length 7
# corresponding to MSA columns:
# 405-411
name=unknown_C
#
# <colnr> <probs for GDERKNQSTAVLIFYWHMCP>
#	G	D	E	R	K	N	Q	S	T	A	V	L	I	F	Y	W	H	M	C	P
0	0.02965	0.26285	0.03743	0.02225	0.02904	0.25956	0.09444	0.07066	0.02402	0.06632	0.01631	0.01840	0.01309	0.00890	0.00791	0.00238	0.01301	0.00662	0.00519	0.01196
1	0.32717	0.08756	0.15320	0.01781	0.02541	0.12173	0.01733	0.03106	0.01960	0.09997	0.01646	0.01798	0.01223	0.00898	0.00718	0.00270	0.01036	0.00599	0.00562	0.01165
2	0.02032	0.13387	0.27635	0.08616	0.03406	0.02347	0.02469	0.07213	0.02076	0.02870	0.02023	0.03097	0.01772	0.01193	0.01133	0.00307	0.08503	0.08222	0.00498	0.01202
3	0.01810	0.01618	0.02565	0.03584	0.34536	0.01577	0.01917	0.02285	0.02270	0.03187	0.23526	0.04549	0.10069	0.01343	0.00988	0.00282	0.00796	0.01228	0.00690	0.01179
4	0.22279	0.02337	0.12833	0.03230	0.26809	0.01947	0.02114	0.02595	0.01916	0.03228	0.02622	0.02892	0.09495	0.01043	0.00831	0.00284	0.00944	0.00857	0.00529	0.01215
5	0.26787	0.02086	0.01866	0.08812	0.02509	0.11929	0.01385	0.10218	0.02162	0.03361	0.02072	0.03294	0.01911	0.10840	0.01369	0.00380	0.01003	0.06402	0.00609	0.01007
6	0.02184	0.02065	0.10199	0.01652	0.02319	0.01644	0.01468	0.12384	0.08202	0.07409	0.03098	0.06812	0.07539	0.08029	0.01264	0.00315	0.00835	0.01008	0.00714	0.20860

[dist]
# distance from previous block
# <min> <max>
0	3

[block]
# block no. 3 follows, 18 sequences, length 17
# corresponding to MSA columns:
# 415-431
name=unknown_D
#
# <colnr> <probs for GDERKNQSTAVLIFYWHMCP>
#	G	D	E	R	K	N	Q	S	T	A	V	L	I	F	Y	W	H	M	C	P
0	0.01658	0.01312	0.01514	0.01205	0.01669	0.01080	0.00858	0.01890	0.01658	0.02469	0.02177	0.03677	0.02215	0.29648	0.02405	0.00462	0.00771	0.00886	0.00549	0.41898
1	0.12897	0.01432	0.01654	0.01478	0.01884	0.01442	0.01128	0.11591	0.02342	0.18936	0.03538	0.26500	0.03441	0.05972	0.01201	0.00354	0.00723	0.01494	0.00877	0.01115
2	0.03169	0.02738	0.02510	0.02039	0.02667	0.14787	0.01635	0.38481	0.08370	0.04634	0.02795	0.02776	0.06845	0.01190	0.00916	0.00274	0.01068	0.00894	0.00825	0.01385
3	0.01270	0.00916	0.01201	0.01175	0.01365	0.00847	0.00864	0.01660	0.02464	0.03467	0.52448	0.16543	0.08247	0.02038	0.01097	0.00302	0.00449	0.01813	0.00985	0.00847
4	0.01486	0.01229	0.01345	0.01344	0.01642	0.01257	0.00992	0.02464	0.20944	0.02881	0.06176	0.25157	0.25257	0.02145	0.01063	0.00330	0.00571	0.01854	0.00879	0.00987
5	0.03364	0.04012	0.02587	0.02304	0.02811	0.52943	0.01750	0.10219	0.06480	0.02763	0.01659	0.01833	0.01330	0.00984	0.00845	0.00246	0.01521	0.00647	0.00555	0.01147
6	0.02201	0.02286	0.02891	0.12299	0.20145	0.12189	0.02187	0.02563	0.01886	0.02474	0.01767	0.07425	0.01675	0.01278	0.01604	0.00322	0.22293	0.00923	0.00466	0.01125
7	0.02207	0.01583	0.01752	0.01479	0.01813	0.01684	0.01090	0.24862	0.02753	0.03718	0.12032	0.04596	0.03470	0.30012	0.02567	0.00543	0.00866	0.01180	0.00777	0.01016
8	0.02458	0.02534	0.03546	0.05110	0.52497	0.12121	0.02650	0.02954	0.02173	0.02879	0.01678	0.02173	0.01411	0.00839	0.00896	0.00267	0.01182	0.00782	0.00457	0.01392
9	0.02003	0.01853	0.02831	0.34961	0.19263	0.02135	0.02348	0.03085	0.16246	0.02876	0.02172	0.02644	0.01669	0.00973	0.00920	0.00299	0.01069	0.00871	0.00549	0.01235
10	0.03184	0.03080	0.02933	0.03026	0.16762	0.23052	0.02007	0.27347	0.03223	0.03953	0.01831	0.02038	0.01410	0.00983	0.00886	0.00262	0.01244	0.00746	0.00661	0.01371
11	0.01439	0.01069	0.01222	0.01163	0.01382	0.01003	0.00802	0.05497	0.01953	0.02600	0.09946	0.17716	0.16345	0.24896	0.02302	0.00504	0.00680	0.01631	0.00742	0.07108
12	0.02273	0.02182	0.03727	0.05636	0.62003	0.02182	0.02818	0.02818	0.02091	0.03000	0.01727	0.02273	0.01454	0.00818	0.00909	0.00273	0.01091	0.00818	0.00455	0.01454
13	0.01918	0.17381	0.25273	0.01989	0.02758	0.06752	0.02126	0.02508	0.01818	0.02437	0.01819	0.02371	0.01545	0.02860	0.21841	0.00660	0.01664	0.00732	0.00430	0.01117
14	0.03014	0.03252	0.02339	0.01981	0.02584	0.38469	0.01519	0.03316	0.02385	0.08093	0.01691	0.01870	0.01340	0.00880	0.00790	0.00209	0.01268	0.00607	0.00557	0.23834
15	0.01232	0.00874	0.01125	0.01181	0.01296	0.00821	0.00811	0.01484	0.02053	0.02831	0.29104	0.31272	0.06753	0.12865	0.01696	0.00420	0.00547	0.01995	0.00873	0.00767
16	0.01485	0.01221	0.01323	0.01164	0.01602	0.01056	0.00892	0.06583	0.02214	0.02873	0.06546	0.12100	0.37538	0.01896	0.00987	0.00273	0.00568	0.01587	0.00788	0.17305

[dist]
# distance from previous block
# <min> <max>
2	6

[block]
# block no. 4 follows, 18 sequences, length 17
# corresponding to MSA columns:
# 438-454
name=unknown_E
#
# <colnr> <probs for GDERKNQSTAVLIFYWHMCP>
#	G	D	E	R	K	N	Q	S	T	A	V	L	I	F	Y	W	H	M	C	P
0	0.02521	0.03066	0.10680	0.04416	0.39517	0.18267	0.02617	0.03050	0.02205	0.02793	0.01637	0.02071	0.01348	0.00858	0.00883	0.00266	0.01270	0.00742	0.00451	0.01341
1	0.01658	0.01501	0.06318	0.01348	0.01812	0.01239	0.01159	0.02431	0.13286	0.07955	0.06891	0.06831	0.37362	0.01910	0.01035	0.00313	0.00635	0.04441	0.00855	0.01024
2	0.01826	0.01255	0.01881	0.23343	0.03114	0.01422	0.01490	0.07180	0.01718	0.02258	0.01667	0.02617	0.01464	0.02209	0.02414	0.41193	0.00964	0.00807	0.00452	0.00724
3	0.03357	0.09388	0.02796	0.02277	0.02800	0.53218	0.01755	0.08942	0.02708	0.02583	0.01484	0.01694	0.01219	0.00948	0.00817	0.00237	0.01539	0.00606	0.00510	0.01122
4	0.02879	0.20874	0.09162	0.02582	0.10058	0.34671	0.02005	0.03249	0.02282	0.02380	0.01442	0.01711	0.01213	0.00881	0.00780	0.00236	0.01381	0.00601	0.00442	0.01170
5	0.02361	0.10823	0.07216	0.02727	0.03507	0.13588	0.25095	0.02898	0.02109	0.02685	0.01620	0.02049	0.01300	0.00842	0.01001	0.00256	0.04911	0.00789	0.00463	0.13758
6	0.03143	0.03955	0.02398	0.02190	0.02643	0.56307	0.01642	0.03379	0.02540	0.02276	0.02383	0.02534	0.08576	0.01115	0.00859	0.00246	0.01510	0.00756	0.00520	0.01029
7	0.02632	0.22077	0.02963	0.01712	0.02317	0.02526	0.01467	0.23109	0.05472	0.06965	0.09499	0.06464	0.02706	0.01527	0.04305	0.00326	0.00958	0.00952	0.00755	0.01268
8	0.11906	0.12868	0.09491	0.01897	0.02459	0.02126	0.07071	0.07251	0.01981	0.05347	0.02226	0.10331	0.02099	0.06176	0.07265	0.00446	0.06397	0.01004	0.00575	0.01086
9	0.01623	0.01536	0.01417	0.01435	0.01728	0.11253	0.01143	0.01943	0.02252	0.02690	0.13746	0.07866	0.26798	0.02104	0.01100	0.00330	0.00775	0.18592	0.00810	0.00857
10	0.02970	0.03157	0.02573	0.02697	0.12921	0.33512	0.01799	0.07230	0.09773	0.05391	0.02040	0.02232	0.01603	0.00990	0.00849	0.00255	0.01257	0.00739	0.06796	0.01216
11	0.01748	0.01575	0.01593	0.01518	0.01820	0.08378	0.01147	0.02630	0.16567	0.03043	0.19631	0.11455	0.09530	0.02634	0.12007	0.00506	0.01010	0.01393	0.00810	0.01005
12	0.01656	0.05685	0.01660	0.01442	0.01740	0.01448	0.01083	0.06860	0.14646	0.03027	0.08071	0.33067	0.11789	0.02117	0.01046	0.00327	0.00629	0.01849	0.00854	0.01003
13	0.02545	0.14481	0.16885	0.07504	0.03153	0.10026	0.02074	0.18091	0.02620	0.03418	0.01827	0.02117	0.01413	0.01290	0.04455	0.00329	0.01234	0.00715	0.04565	0.01258
14	0.08803	0.07391	0.27434	0.02080	0.03067	0.01972	0.04351	0.05557	0.02193	0.19379	0.02160	0.02221	0.01494	0.00926	0.00835	0.00269	0.01056	0.00727	0.00646	0.07438
15	0.11277	0.14065	0.05250	0.01986	0.02437	0.13889	0.01705	0.09003	0.02119	0.02892	0.01932	0.02259	0.05208	0.01212	0.01442	0.00297	0.20655	0.00745	0.00521	0.01106
16	0.02952	0.02461	0.07436	0.01897	0.02555	0.09060	0.01628	0.21589	0.12604	0.14409	0.03289	0.03173	0.07660	0.01212	0.00913	0.00281	0.00951	0.00948	0.03616	0.01367

[dist]
# distance from previous block
# <min> <max>
2	5

[block]
# block no. 5 follows, 18 sequences, length 8
# corresponding to MSA columns:
# 460-467
name=unknown_F
#
# <colnr> <probs for GDERKNQSTAVLIFYWHMCP>
#	G	D	E	R	K	N	Q	S	T	A	V	L	I	F	Y	W	H	M	C	P
0	0.10747	0.03193	0.13781	0.02599	0.10366	0.14616	0.02107	0.24531	0.02960	0.04026	0.01786	0.01978	0.01338	0.00966	0.00853	0.00271	0.01179	0.00716	0.00636	0.01350
1	0.02150	0.22233	0.03033	0.01791	0.02292	0.02232	0.07541	0.13095	0.02271	0.02938	0.02634	0.19294	0.02721	0.05796	0.01304	0.04821	0.00914	0.01248	0.00634	0.01058
2	0.02748	0.16562	0.07076	0.02776	0.06396	0.22923	0.17448	0.08172	0.02427	0.02812	0.01609	0.01940	0.01287	0.00870	0.00864	0.00257	0.01387	0.00743	0.00489	0.01215
3	0.02209	0.03033	0.13903	0.01948	0.02478	0.25404	0.01720	0.02721	0.05407	0.02519	0.03462	0.18109	0.10198	0.01579	0.00956	0.00293	0.01128	0.01281	0.00620	0.01032
4	0.02357	0.12699	0.25527	0.02422	0.03324	0.14599	0.08502	0.03402	0.12838	0.02850	0.01959	0.02151	0.01496	0.00933	0.00859	0.00273	0.01269	0.00746	0.00514	0.01279
5	0.02724	0.14734	0.02607	0.01791	0.02349	0.20360	0.01453	0.10939	0.08914	0.07570	0.03479	0.03421	0.13417	0.01258	0.00866	0.00261	0.01038	0.00945	0.00696	0.01178
6	0.02722	0.02734	0.02112	0.01883	0.02291	0.27808	0.01431	0.15557	0.02651	0.03132	0.02249	0.07493	0.02033	0.06652	0.07744	0.00431	0.01329	0.00921	0.07758	0.01070
7	0.10637	0.03558	0.12241	0.02378	0.07050	0.34641	0.01915	0.03101	0.02192	0.02582	0.01620	0.02117	0.01380	0.05270	0.05233	0.00374	0.01469	0.00682	0.00474	0.01087

[dist]
# distance from previous block
# <min> <max>
1	16

[block]
# block no. 6 follows, 18 sequences, length 6
# corresponding to MSA columns:
# 484-489
name=unknown_G
#
# <colnr> <probs for GDERKNQSTAVLIFYWHMCP>
#	G	D	E	R	K	N	Q	S	T	A	V	L	I	F	Y	W	H	M	C	P
0	0.09886	0.17913	0.17574	0.01745	0.02420	0.07764	0.01763	0.02549	0.01833	0.02674	0.01837	0.02393	0.01571	0.05333	0.11256	0.00480	0.01286	0.00710	0.07944	0.01068
1	0.01696	0.01569	0.01570	0.01528	0.01710	0.12339	0.01126	0.01934	0.01645	0.02073	0.02371	0.03799	0.02331	0.19538	0.39384	0.01122	0.01962	0.00993	0.00503	0.00804
2	0.17783	0.02788	0.09597	0.08730	0.03185	0.18500	0.10450	0.02821	0.02128	0.02987	0.07407	0.02717	0.05071	0.01046	0.00863	0.00280	0.01182	0.00849	0.00545	0.01072
3	0.10099	0.16445	0.09956	0.01884	0.02590	0.16775	0.01708	0.14210	0.02533	0.03275	0.02291	0.02413	0.06760	0.01040	0.00792	0.00250	0.01099	0.00740	0.00584	0.04556
4	0.09760	0.10309	0.01909	0.01392	0.01800	0.01615	0.01139	0.08674	0.02354	0.06316	0.16100	0.13465	0.12622	0.01756	0.00964	0.00302	0.00683	0.07017	0.00814	0.01007
5	0.02104	0.02199	0.01881	0.02051	0.09933	0.21319	0.01348	0.02434	0.02314	0.02769	0.13006	0.04712	0.19096	0.01464	0.00927	0.00267	0.00923	0.01186	0.09084	0.00983

[dist]
# distance from previous block
# <min> <max>
182	480

[block]
# block no. 7 follows, 18 sequences, length 31
# corresponding to MSA columns:
# 1160-1190
name=unknown_H
#
# <colnr> <probs for GDERKNQSTAVLIFYWHMCP>
#	G	D	E	R	K	N	Q	S	T	A	V	L	I	F	Y	W	H	M	C	P
0	0.02432	0.60044	0.04676	0.02078	0.09791	0.03452	0.01727	0.02758	0.01894	0.02265	0.01333	0.01573	0.01213	0.00790	0.00629	0.00206	0.00996	0.00532	0.00400	0.01213
1	0.12057	0.07814	0.18348	0.01771	0.02429	0.01816	0.01802	0.02692	0.09328	0.03271	0.15007	0.04488	0.03627	0.01403	0.00925	0.00307	0.00874	0.10239	0.00691	0.01112
2	0.02963	0.03446	0.02889	0.02423	0.02939	0.39828	0.11153	0.08676	0.02539	0.02652	0.01753	0.02390	0.01524	0.09257	0.01359	0.00334	0.01479	0.00790	0.00526	0.01079
3	0.01113	0.00821	0.01043	0.01220	0.01316	0.00751	0.00826	0.01285	0.01814	0.02367	0.05771	0.57364	0.15382	0.02784	0.01157	0.00362	0.00521	0.02498	0.00852	0.00751
4	0.01149	0.00822	0.01093	0.01258	0.01338	0.00766	0.00855	0.01355	0.01899	0.02568	0.14521	0.57033	0.06507	0.02709	0.01157	0.00359	0.00516	0.02451	0.00879	0.00766
5	0.02273	0.02182	0.03727	0.05636	0.62003	0.02182	0.02818	0.02818	0.02091	0.03000	0.01727	0.02273	0.01454	0.00818	0.00909	0.00273	0.01091	0.00818	0.00455	0.01454
6	0.01158	0.00851	0.01114	0.01253	0.01354	0.00825	0.00867	0.01347	0.01730	0.02295	0.05037	0.45940	0.12218	0.06962	0.11892	0.00578	0.00866	0.02185	0.00776	0.00752
7	0.01157	0.00927	0.01047	0.01122	0.01368	0.00817	0.00857	0.01408	0.02035	0.02500	0.07777	0.19820	0.41965	0.02462	0.01132	0.00341	0.00541	0.11091	0.00851	0.00782
8	0.01790	0.01118	0.01405	0.01435	0.01670	0.01102	0.01033	0.02393	0.11828	0.12108	0.04609	0.46235	0.04919	0.02326	0.01092	0.00348	0.00605	0.02078	0.00911	0.00995
9	0.02032	0.05582	0.10162	0.02235	0.02516	0.08494	0.01993	0.02370	0.01623	0.02285	0.01495	0.02208	0.01379	0.02296	0.12650	0.00542	0.37902	0.00782	0.00422	0.01032
10	0.02230	0.01861	0.01821	0.09497	0.02427	0.12104	0.01350	0.11850	0.02347	0.03248	0.02327	0.02832	0.01871	0.02106	0.12431	0.00472	0.01207	0.00825	0.26172	0.01023
11	0.03222	0.02455	0.02854	0.07722	0.09122	0.02713	0.01920	0.48574	0.03886	0.05220	0.02109	0.02232	0.01523	0.01058	0.00918	0.00278	0.01036	0.00825	0.00829	0.01506
12	0.02363	0.02536	0.06838	0.05151	0.53045	0.08247	0.02747	0.02906	0.02133	0.02921	0.01693	0.02194	0.01412	0.00834	0.00899	0.00270	0.01161	0.00788	0.00453	0.01411
13	0.02564	0.02604	0.03116	0.11741	0.31576	0.16521	0.02352	0.09073	0.02423	0.03036	0.01867	0.02583	0.01583	0.00985	0.00912	0.00277	0.01216	0.03757	0.00525	0.01288
14	0.02182	0.02090	0.03564	0.15671	0.52674	0.02158	0.02773	0.02739	0.02048	0.02890	0.01711	0.02302	0.01416	0.00835	0.00911	0.00278	0.01113	0.00818	0.00447	0.01382
15	0.16035	0.05202	0.02180	0.01851	0.02357	0.32284	0.01438	0.09950	0.02514	0.03070	0.02823	0.02905	0.11444	0.01177	0.00827	0.00261	0.01177	0.00828	0.00608	0.01068
16	0.13482	0.01671	0.01982	0.02107	0.11952	0.01741	0.01387	0.08767	0.09369	0.03525	0.02274	0.02704	0.01854	0.04303	0.06496	0.00382	0.00918	0.00800	0.12874	0.11414
17	0.02132	0.02534	0.13043	0.12529	0.42800	0.02164	0.05912	0.02780	0.02039	0.02901	0.01710	0.02253	0.01376	0.00837	0.00914	0.00282	0.01174	0.00810	0.00439	0.01373
18	0.02058	0.01344	0.01524	0.01331	0.01722	0.01288	0.01006	0.12812	0.02423	0.11558	0.05236	0.13250	0.22745	0.12230	0.01588	0.00391	0.00700	0.01504	0.00844	0.04446
19	0.01921	0.08598	0.02020	0.01479	0.01945	0.11909	0.01176	0.02255	0.02208	0.02838	0.18813	0.04321	0.13471	0.01383	0.00997	0.00244	0.04282	0.01095	0.00686	0.18360
20	0.50891	0.13264	0.02151	0.01424	0.02043	0.05379	0.01212	0.08934	0.01966	0.03881	0.01387	0.01575	0.01097	0.00873	0.00623	0.00266	0.00835	0.00537	0.00572	0.01091
21	0.01297	0.00998	0.01226	0.01340	0.01597	0.00927	0.01119	0.01632	0.02104	0.02624	0.06912	0.09655	0.31303	0.02439	0.01184	0.00371	0.00670	0.30941	0.00849	0.00813
22	0.14223	0.24724	0.26228	0.02415	0.10310	0.02618	0.02323	0.02810	0.01871	0.02878	0.01474	0.01753	0.01176	0.00834	0.00733	0.00257	0.01093	0.00604	0.00428	0.01250
23	0.02448	0.51369	0.14340	0.01824	0.02675	0.09307	0.01896	0.02866	0.01950	0.02294	0.01353	0.01569	0.01176	0.00816	0.00660	0.00216	0.01111	0.00532	0.00400	0.01197
24	0.02273	0.02182	0.03727	0.05636	0.62003	0.02182	0.02818	0.02818	0.02091	0.03000	0.01727	0.02273	0.01454	0.00818	0.00909	0.00273	0.01091	0.00818	0.00455	0.01454
25	0.01259	0.01049	0.01144	0.01040	0.01419	0.00866	0.00792	0.01555	0.02147	0.02770	0.16870	0.07340	0.42551	0.01974	0.01017	0.00277	0.00496	0.01657	0.00828	0.12950
26	0.01403	0.01194	0.01400	0.09177	0.02088	0.01201	0.01084	0.02113	0.11907	0.02895	0.16267	0.06798	0.35264	0.01893	0.01039	0.00306	0.00598	0.01600	0.00838	0.00935
27	0.02008	0.21951	0.47227	0.02334	0.03536	0.02539	0.02899	0.02865	0.01919	0.02705	0.01547	0.01812	0.01167	0.00849	0.00796	0.00265	0.01255	0.00628	0.00389	0.01309
28	0.03286	0.14154	0.02976	0.02198	0.02764	0.44262	0.01737	0.12784	0.02773	0.02827	0.01528	0.01719	0.01246	0.00947	0.00805	0.00237	0.01441	0.00615	0.00535	0.01166
29	0.01255	0.00874	0.01104	0.01179	0.01226	0.00883	0.00761	0.01367	0.01508	0.02038	0.03582	0.27092	0.04123	0.34612	0.13517	0.00808	0.01031	0.01724	0.00649	0.00668
30	0.01163	0.00955	0.01038	0.01079	0.01370	0.00830	0.00851	0.01432	0.02097	0.02533	0.08431	0.09135	0.50581	0.02367	0.01121	0.00332	0.00540	0.12505	0.00851	0.00789

[dist]
# distance from previous block
# <min> <max>
0	1

[block]
# block no. 8 follows, 18 sequences, length 48
# corresponding to MSA columns:
# 1192-1239
name=unknown_I
#
# <colnr> <probs for GDERKNQSTAVLIFYWHMCP>
#	G	D	E	R	K	N	Q	S	T	A	V	L	I	F	Y	W	H	M	C	P
0	0.02394	0.02200	0.02186	0.02152	0.06229	0.13612	0.01610	0.13109	0.14042	0.03331	0.02907	0.04225	0.02602	0.02330	0.11439	0.00504	0.01288	0.11948	0.00722	0.01172
1	0.02160	0.02201	0.04094	0.11733	0.33513	0.02251	0.20516	0.02763	0.02041	0.02855	0.01724	0.02340	0.01392	0.00867	0.01103	0.00297	0.05492	0.00901	0.00449	0.01306
2	0.02273	0.02182	0.03727	0.05636	0.62003	0.02182	0.02818	0.02818	0.02091	0.03000	0.01727	0.02273	0.01454	0.00818	0.00909	0.00273	0.01091	0.00818	0.00455	0.01454
3	0.02897	0.03145	0.03145	0.03863	0.30451	0.28153	0.02258	0.09612	0.02560	0.03004	0.01653	0.02007	0.01353	0.00904	0.00876	0.00258	0.01318	0.00724	0.00516	0.01303
4	0.02965	0.02042	0.02720	0.02974	0.20302	0.02098	0.01881	0.24389	0.03007	0.15811	0.02686	0.10205	0.02212	0.01237	0.00947	0.00288	0.00932	0.01057	0.00815	0.01432
5	0.01657	0.01549	0.01650	0.01470	0.01746	0.09471	0.05651	0.01852	0.01823	0.02245	0.04047	0.12375	0.14801	0.27033	0.02404	0.00516	0.00903	0.01417	0.00630	0.06760
6	0.25443	0.02669	0.02387	0.02425	0.10635	0.23396	0.05210	0.02923	0.02022	0.02976	0.01584	0.02003	0.01323	0.01685	0.09262	0.00428	0.01378	0.00677	0.00503	0.01074
7	0.02077	0.02173	0.01661	0.01598	0.01800	0.24113	0.01117	0.02226	0.01868	0.02064	0.02542	0.11099	0.02720	0.27588	0.10832	0.00669	0.01341	0.01161	0.00551	0.00800
8	0.01980	0.06907	0.14485	0.01950	0.02465	0.06014	0.01832	0.09317	0.02028	0.02772	0.02076	0.05220	0.01854	0.03373	0.25369	0.00750	0.09118	0.00888	0.00520	0.01080
9	0.01121	0.00844	0.01039	0.01176	0.01310	0.00762	0.00811	0.01319	0.01903	0.02468	0.09894	0.47420	0.21278	0.02662	0.01143	0.00350	0.00508	0.02366	0.00863	0.00762
10	0.10414	0.02674	0.13917	0.03950	0.23535	0.02213	0.24132	0.02866	0.02034	0.03091	0.01713	0.02206	0.01330	0.00814	0.00931	0.00291	0.01267	0.00860	0.00460	0.01303
11	0.02488	0.02579	0.03442	0.04855	0.48279	0.13654	0.02561	0.03071	0.04880	0.02899	0.01763	0.02212	0.01466	0.00862	0.00895	0.00268	0.01179	0.00786	0.00480	0.01382
12	0.03024	0.03263	0.02615	0.02267	0.02702	0.32397	0.01779	0.14537	0.09327	0.03128	0.01799	0.02040	0.01449	0.01145	0.01299	0.00286	0.14415	0.00732	0.00600	0.01196
13	0.01518	0.01169	0.01464	0.09018	0.02095	0.01199	0.01125	0.09156	0.02151	0.02797	0.04980	0.34898	0.15918	0.06526	0.01319	0.00373	0.00690	0.01937	0.00789	0.00882
14	0.01373	0.01139	0.01227	0.01169	0.01499	0.01096	0.00887	0.02121	0.13762	0.03032	0.20460	0.07299	0.37529	0.02006	0.01055	0.00305	0.00509	0.01694	0.00906	0.00931
15	0.03002	0.03692	0.02375	0.02186	0.02597	0.51353	0.01648	0.03257	0.02375	0.02224	0.01629	0.02050	0.01407	0.02145	0.13594	0.00487	0.01818	0.00671	0.00477	0.01015
16	0.01233	0.00969	0.01120	0.01094	0.01353	0.00878	0.00815	0.01650	0.04762	0.03062	0.31939	0.11743	0.31816	0.02119	0.01084	0.00305	0.00467	0.01823	0.00926	0.00842
17	0.01712	0.00856	0.00856	0.00856	0.01070	0.00856	0.00642	0.02139	0.01926	0.03423	0.02995	0.03423	0.02353	0.01070	0.00642	0.00214	0.00428	0.00856	0.72828	0.00856
18	0.07813	0.01887	0.02175	0.01755	0.02358	0.01944	0.01416	0.27446	0.03148	0.24232	0.03098	0.13269	0.02515	0.01393	0.00940	0.00295	0.00835	0.01135	0.00959	0.01390
19	0.02346	0.02321	0.03655	0.05428	0.58235	0.06122	0.02751	0.02872	0.02123	0.02952	0.01708	0.02233	0.01437	0.00826	0.00904	0.00270	0.01127	0.00804	0.00456	0.01430
20	0.01925	0.01062	0.01084	0.01007	0.01283	0.01095	0.00774	0.08961	0.02213	0.03707	0.02900	0.03277	0.02258	0.01074	0.00675	0.00221	0.00498	0.00852	0.64192	0.00941
21	0.01796	0.01684	0.02683	0.20315	0.30094	0.01749	0.02152	0.02271	0.02023	0.02680	0.03825	0.04160	0.18264	0.01267	0.00961	0.00292	0.00951	0.01131	0.00554	0.01148
22	0.01483	0.12116	0.01805	0.01294	0.01580	0.01373	0.01005	0.01934	0.05949	0.02934	0.26300	0.24956	0.09867	0.02002	0.01020	0.00303	0.00577	0.01746	0.00842	0.00912
23	0.01918	0.04234	0.50168	0.02970	0.06606	0.02168	0.13230	0.02910	0.01986	0.02918	0.01689	0.02049	0.01217	0.00852	0.00912	0.00293	0.01380	0.00757	0.00404	0.01340
24	0.01432	0.01042	0.01414	0.01600	0.01823	0.01023	0.01386	0.01832	0.02111	0.02716	0.05395	0.10175	0.12051	0.02511	0.01246	0.00409	0.00800	0.49352	0.00846	0.00837
25	0.02030	0.02667	0.15294	0.03719	0.15827	0.02124	0.30553	0.02761	0.02030	0.02854	0.01861	0.02465	0.01466	0.01502	0.08237	0.00432	0.01525	0.00943	0.00451	0.01256
26	0.01115	0.00814	0.01050	0.01239	0.01321	0.00749	0.00835	0.01283	0.01796	0.02360	0.05547	0.60444	0.12446	0.02813	0.01162	0.00366	0.00525	0.02533	0.00852	0.00749
27	0.11604	0.02481	0.02594	0.02009	0.02724	0.02757	0.01659	0.52490	0.04001	0.05595	0.02098	0.02123	0.01496	0.01074	0.00878	0.00277	0.00976	0.00789	0.00878	0.01496
28	0.16992	0.02638	0.02389	0.02489	0.12994	0.18986	0.01670	0.15806	0.02640	0.03598	0.02574	0.02722	0.08541	0.01106	0.00843	0.00270	0.01075	0.00829	0.00637	0.01200
29	0.01967	0.01552	0.01589	0.01449	0.01700	0.07364	0.01065	0.12219	0.02111	0.02853	0.02518	0.03910	0.02396	0.23997	0.19787	0.00797	0.01369	0.01014	0.09443	0.00898
30	0.02229	0.01599	0.01898	0.01441	0.02116	0.01362	0.01153	0.09246	0.02415	0.10307	0.13804	0.03063	0.02937	0.01020	0.00816	0.00200	0.00682	0.00843	0.00749	0.42117
31	0.01328	0.00919	0.01147	0.01147	0.01198	0.00969	0.00738	0.01429	0.01378	0.01888	0.02760	0.05270	0.03018	0.49022	0.22944	0.01070	0.01373	0.01227	0.00537	0.00637
32	0.01142	0.00819	0.01048	0.01221	0.01286	0.00765	0.00806	0.01288	0.01730	0.02286	0.05092	0.55778	0.09569	0.10627	0.01586	0.00431	0.00571	0.02411	0.00817	0.00725
33	0.01712	0.00856	0.00856	0.00856	0.01070	0.00856	0.00642	0.02139	0.01926	0.03423	0.02995	0.03423	0.02353	0.01070	0.00642	0.00214	0.00428	0.00856	0.72828	0.00856
34	0.01332	0.00901	0.01058	0.01058	0.01078	0.00921	0.00627	0.01372	0.01352	0.01823	0.02841	0.05720	0.03213	0.60424	0.11809	0.00960	0.01079	0.01293	0.00549	0.00588
35	0.01842	0.04749	0.62974	0.02617	0.03974	0.02132	0.03392	0.02908	0.01939	0.02908	0.01648	0.01939	0.01163	0.00872	0.00872	0.00291	0.01357	0.00678	0.00388	0.01357
36	0.01714	0.00949	0.01084	0.08622	0.01701	0.00998	0.00871	0.02164	0.01915	0.03294	0.02832	0.03306	0.02218	0.01052	0.00675	0.00225	0.00524	0.00851	0.64131	0.00876
37	0.01271	0.00887	0.01069	0.01153	0.01218	0.00860	0.00758	0.01384	0.01606	0.02108	0.04257	0.23882	0.09128	0.36604	0.03001	0.00643	0.00750	0.08063	0.00697	0.00661
38	0.01136	0.00930	0.01012	0.01061	0.01330	0.00806	0.00809	0.01383	0.02057	0.02497	0.08282	0.15707	0.48491	0.02414	0.01117	0.00331	0.00519	0.08486	0.00852	0.00780
39	0.02471	0.02589	0.03436	0.08889	0.46427	0.14656	0.02590	0.02958	0.02177	0.02805	0.01659	0.02160	0.01385	0.00850	0.00893	0.00268	0.01214	0.00772	0.00455	0.01347
40	0.02058	0.03240	0.24755	0.03449	0.04522	0.02258	0.40097	0.02930	0.02090	0.02930	0.01787	0.02296	0.01316	0.00807	0.01013	0.00303	0.01484	0.00947	0.00439	0.01278
41	0.01355	0.00981	0.01287	0.01436	0.01638	0.00939	0.01182	0.01650	0.02008	0.02564	0.05697	0.16025	0.18149	0.02569	0.01366	0.05148	0.00719	0.33680	0.00819	0.00789
42	0.03055	0.14004	0.05708	0.02692	0.10752	0.43700	0.01953	0.03378	0.02391	0.02363	0.01448	0.01722	0.01218	0.00901	0.00804	0.00238	0.01463	0.00610	0.00454	0.01147
43	0.16610	0.01454	0.01645	0.01481	0.01938	0.01474	0.01223	0.09343	0.02434	0.15563	0.11469	0.05537	0.09991	0.01639	0.00974	0.00320	0.00730	0.14194	0.00880	0.01101
44	0.01760	0.01668	0.02760	0.59478	0.05949	0.02114	0.02498	0.02333	0.01795	0.02333	0.01591	0.02406	0.01222	0.00984	0.01119	0.00315	0.07434	0.00815	0.00407	0.01019
45	0.02385	0.02060	0.05250	0.05535	0.21473	0.02065	0.02005	0.10097	0.18777	0.07462	0.06588	0.03493	0.02613	0.01187	0.00953	0.00298	0.00916	0.04724	0.00748	0.01373
46	0.41859	0.02813	0.21496	0.02000	0.02866	0.02117	0.09214	0.02797	0.01760	0.03581	0.01471	0.01761	0.01100	0.00849	0.00732	0.00290	0.01024	0.00631	0.00497	0.01141
47	0.02208	0.09677	0.03245	0.03950	0.36030	0.06190	0.02242	0.02809	0.05862	0.02819	0.02213	0.03279	0.02011	0.01475	0.05262	0.00365	0.01156	0.07397	0.00529	0.01280

[dist]
# distance from previous block
# <min> <max>
10	51

[block]
# block no. 9 follows, 18 sequences, length 65
# corresponding to MSA columns:
# 1320-1384
name=unknown_J
#
# <colnr> <probs for GDERKNQSTAVLIFYWHMCP>
#	G	D	E	R	K	N	Q	S	T	A	V	L	I	F	Y	W	H	M	C	P
0	0.02888	0.03538	0.02382	0.02373	0.07573	0.46820	0.01660	0.03150	0.02462	0.02355	0.02935	0.03066	0.12631	0.01196	0.00883	0.00254	0.01383	0.00865	0.00543	0.01043
1	0.03038	0.08713	0.07147	0.02881	0.14062	0.29658	0.02059	0.15685	0.02783	0.03215	0.01656	0.01899	0.01317	0.00939	0.00847	0.00253	0.01331	0.00684	0.00556	0.01278
2	0.02277	0.40806	0.26630	0.02009	0.02993	0.06386	0.02269	0.02860	0.01934	0.02447	0.01424	0.01659	0.01173	0.00827	0.00709	0.00234	0.01160	0.00567	0.00395	0.01239
3	0.01209	0.00849	0.01079	0.01183	0.01253	0.00806	0.00778	0.01379	0.01807	0.02450	0.15165	0.39773	0.05848	0.19630	0.02070	0.00492	0.00607	0.02098	0.00805	0.00719
4	0.02304	0.02302	0.03721	0.08666	0.51448	0.05884	0.06553	0.02851	0.02112	0.02914	0.01712	0.02259	0.01421	0.00828	0.00917	0.00275	0.01163	0.00823	0.00454	0.01392
5	0.02223	0.02484	0.09477	0.03949	0.35178	0.08827	0.02349	0.05123	0.02323	0.03155	0.13006	0.03032	0.02760	0.01051	0.00929	0.00274	0.01055	0.00937	0.00574	0.01294
6	0.01108	0.00931	0.00962	0.00954	0.01254	0.00785	0.00716	0.01362	0.02147	0.02610	0.14933	0.08623	0.55919	0.02277	0.01085	0.00308	0.00462	0.01908	0.00870	0.00785
7	0.03430	0.04376	0.02602	0.02365	0.02839	0.64045	0.01774	0.03666	0.02602	0.02247	0.01419	0.01656	0.01183	0.00946	0.00828	0.00237	0.01656	0.00591	0.00473	0.01064
8	0.02622	0.02063	0.02341	0.02183	0.07471	0.02277	0.01581	0.27120	0.22187	0.04326	0.03004	0.09561	0.02529	0.05033	0.01159	0.00332	0.00867	0.01109	0.00857	0.01376
9	0.01502	0.00969	0.01247	0.01230	0.01393	0.01082	0.00934	0.01836	0.01639	0.02616	0.02655	0.03670	0.02360	0.09538	0.31300	0.00880	0.04248	0.00955	0.29126	0.00820
10	0.01100	0.00931	0.00950	0.00946	0.01249	0.00781	0.00709	0.01346	0.02127	0.02562	0.12866	0.08702	0.58016	0.02295	0.01085	0.00309	0.00463	0.01919	0.00863	0.00781
11	0.02743	0.01974	0.02169	0.01757	0.02266	0.02171	0.01396	0.38295	0.03310	0.04526	0.02409	0.03064	0.01991	0.12057	0.09127	0.00510	0.01118	0.00926	0.06933	0.01257
12	0.03109	0.04133	0.09258	0.02815	0.10604	0.49377	0.02083	0.03475	0.02464	0.02416	0.01484	0.01766	0.01216	0.00922	0.00843	0.00247	0.01551	0.00630	0.00461	0.01146
13	0.01335	0.00890	0.01001	0.01001	0.01001	0.00890	0.00556	0.01335	0.01335	0.01780	0.02893	0.06009	0.03338	0.67731	0.04673	0.00890	0.00890	0.01335	0.00556	0.00556
14	0.01284	0.00869	0.01016	0.01067	0.01079	0.00856	0.00626	0.01322	0.01435	0.01913	0.03402	0.20365	0.03980	0.52499	0.03851	0.00769	0.00806	0.01635	0.00626	0.00601
15	0.07486	0.09289	0.02724	0.02703	0.16550	0.16116	0.01751	0.08772	0.06401	0.03218	0.09690	0.06540	0.02643	0.01165	0.00875	0.00268	0.01029	0.00943	0.00637	0.01198
16	0.01955	0.04003	0.44674	0.03195	0.10168	0.02178	0.15005	0.02906	0.02003	0.02924	0.01700	0.02087	0.01242	0.00846	0.00921	0.00293	0.01370	0.00779	0.00411	0.01342
17	0.01242	0.00911	0.01165	0.01154	0.01350	0.00834	0.00846	0.01602	0.02386	0.03300	0.45225	0.18456	0.13886	0.02114	0.01100	0.00307	0.00455	0.01870	0.00964	0.00834
18	0.02313	0.57099	0.10617	0.01673	0.02475	0.03308	0.01731	0.02690	0.01847	0.02236	0.01396	0.01667	0.01253	0.01211	0.04953	0.00293	0.01122	0.00544	0.00399	0.01172
19	0.06133	0.02617	0.13161	0.04248	0.32100	0.02207	0.15832	0.02995	0.06032	0.03091	0.01858	0.02304	0.01461	0.00847	0.00927	0.00287	0.01194	0.00856	0.00485	0.01363
20	0.01292	0.00962	0.01218	0.01304	0.01453	0.00941	0.00919	0.01785	0.08081	0.02890	0.21415	0.42918	0.06490	0.02415	0.01121	0.00342	0.00524	0.02170	0.00907	0.00854
21	0.02147	0.02932	0.21033	0.04754	0.45053	0.02167	0.02986	0.02844	0.02046	0.02973	0.01704	0.02175	0.01369	0.00834	0.00898	0.00278	0.01169	0.00777	0.00435	0.01426
22	0.02310	0.02362	0.03010	0.04134	0.38148	0.13415	0.02241	0.02861	0.05619	0.02810	0.02304	0.12212	0.02196	0.01184	0.00936	0.00284	0.01088	0.01065	0.00548	0.01273
23	0.02237	0.08161	0.10653	0.11105	0.41311	0.05297	0.02700	0.02814	0.02052	0.02812	0.01654	0.02154	0.01359	0.00839	0.00874	0.00270	0.01155	0.00763	0.00437	0.01355
24	0.01335	0.00890	0.01001	0.01001	0.01001	0.00890	0.00556	0.01335	0.01335	0.01780	0.02893	0.06009	0.03338	0.67731	0.04673	0.00890	0.00890	0.01335	0.00556	0.00556
25	0.02070	0.11727	0.31526	0.03278	0.12920	0.02378	0.17515	0.02883	0.02013	0.02837	0.01668	0.02072	0.01270	0.00827	0.00898	0.00281	0.01319	0.00782	0.00419	0.01319
26	0.01374	0.00982	0.01359	0.01570	0.01736	0.00966	0.01296	0.01720	0.02010	0.02630	0.04920	0.26941	0.05515	0.02636	0.01240	0.00408	0.00754	0.40280	0.00847	0.00816
27	0.02506	0.42285	0.03783	0.01740	0.02416	0.09506	0.01558	0.03467	0.19023	0.02660	0.02010	0.02062	0.01653	0.00937	0.00715	0.00234	0.00977	0.00661	0.00559	0.01247
28	0.02455	0.68284	0.04811	0.01571	0.02357	0.03633	0.01571	0.02749	0.01866	0.02160	0.01277	0.01473	0.01178	0.00786	0.00589	0.00196	0.00982	0.00491	0.00393	0.01178
29	0.01842	0.04749	0.62974	0.02617	0.03974	0.02132	0.03392	0.02908	0.01939	0.02908	0.01648	0.01939	0.01163	0.00872	0.00872	0.00291	0.01357	0.00678	0.00388	0.01357
30	0.02170	0.17477	0.30702	0.02519	0.03517	0.09203	0.12210	0.02891	0.02009	0.02639	0.01627	0.01998	0.01273	0.01189	0.04462	0.00336	0.01407	0.00717	0.00417	0.01236
31	0.01426	0.00994	0.01098	0.01074	0.01401	0.00850	0.00824	0.01678	0.02126	0.08728	0.08148	0.12388	0.48187	0.02253	0.01086	0.00319	0.00526	0.05155	0.00882	0.00859
32	0.01654	0.01236	0.01523	0.01405	0.01704	0.01267	0.01098	0.08236	0.08648	0.03714	0.39269	0.06021	0.06459	0.02211	0.06430	0.00402	0.00734	0.06057	0.00935	0.00997
33	0.01661	0.01523	0.01990	0.01779	0.01922	0.05819	0.07069	0.01844	0.01634	0.02174	0.02865	0.20174	0.03215	0.24741	0.02763	0.00543	0.15424	0.01467	0.00583	0.00811
34	0.01480	0.01057	0.01480	0.01691	0.01902	0.01057	0.01480	0.01902	0.02114	0.02748	0.04862	0.10357	0.05284	0.02536	0.01268	0.00423	0.00845	0.55823	0.00845	0.00845
35	0.01350	0.00907	0.01051	0.01073	0.01095	0.00907	0.00652	0.01394	0.01416	0.01881	0.03097	0.06460	0.03540	0.60968	0.04320	0.00842	0.00886	0.06988	0.00586	0.00586
36	0.02870	0.09114	0.02968	0.20579	0.03812	0.02693	0.01962	0.36582	0.03338	0.04406	0.01941	0.02200	0.01423	0.01016	0.00884	0.00276	0.01070	0.00789	0.00715	0.01364
37	0.01864	0.04591	0.58974	0.02704	0.04031	0.02146	0.07234	0.02910	0.01954	0.02910	0.01662	0.01976	0.01179	0.00866	0.00887	0.00292	0.01370	0.00707	0.00393	0.01349
38	0.01225	0.00953	0.01139	0.01244	0.01481	0.00867	0.00989	0.01512	0.02048	0.02551	0.07129	0.18331	0.33786	0.02483	0.01161	0.00358	0.00606	0.20491	0.00850	0.00795
39	0.09321	0.01750	0.02891	0.50177	0.08909	0.02074	0.07181	0.02460	0.01850	0.02618	0.01620	0.02341	0.01228	0.00893	0.00895	0.00302	0.01191	0.00806	0.00432	0.01061
40	0.02273	0.02182	0.03727	0.05636	0.62003	0.02182	0.02818	0.02818	0.02091	0.03000	0.01727	0.02273	0.01454	0.00818	0.00909	0.00273	0.01091	0.00818	0.00455	0.01454
41	0.02079	0.01300	0.01418	0.01255	0.01545	0.01435	0.00992	0.12883	0.02324	0.03744	0.02660	0.03046	0.02085	0.01132	0.00940	0.00245	0.07345	0.00845	0.51724	0.01005
42	0.03066	0.03676	0.02524	0.02276	0.02709	0.46020	0.01738	0.03745	0.13392	0.02545	0.01835	0.02027	0.01491	0.01071	0.01075	0.00268	0.08160	0.00698	0.00553	0.01132
43	0.01168	0.00820	0.01051	0.01215	0.01256	0.00779	0.00785	0.01292	0.01661	0.02215	0.04564	0.53128	0.05446	0.17736	0.01974	0.00491	0.00615	0.02318	0.00785	0.00702
44	0.01602	0.00801	0.01175	0.01175	0.01188	0.00801	0.00788	0.01254	0.01241	0.01706	0.01680	0.02829	0.01641	0.03061	0.03409	0.68844	0.00775	0.00801	0.04801	0.00427
45	0.02408	0.02491	0.03302	0.04636	0.45659	0.13762	0.02454	0.02886	0.02231	0.02916	0.06759	0.02546	0.02017	0.00932	0.00908	0.00267	0.01142	0.00847	0.00505	0.01331
46	0.03120	0.06369	0.06875	0.02039	0.02815	0.02676	0.01776	0.44220	0.06773	0.05042	0.02146	0.02183	0.01561	0.01040	0.00877	0.00262	0.00989	0.00784	0.00821	0.07631
47	0.01926	0.08061	0.52002	0.02599	0.03844	0.02241	0.07014	0.03019	0.05444	0.02923	0.01766	0.02038	0.01278	0.00883	0.00875	0.00288	0.01311	0.00717	0.00426	0.01344
48	0.02273	0.02182	0.03727	0.05636	0.62003	0.02182	0.02818	0.02818	0.02091	0.03000	0.01727	0.02273	0.01454	0.00818	0.00909	0.00273	0.01091	0.00818	0.00455	0.01454
49	0.03430	0.04376	0.02602	0.02365	0.02839	0.64045	0.01774	0.03666	0.02602	0.02247	0.01419	0.01656	0.01183	0.00946	0.00828	0.00237	0.01656	0.00591	0.00473	0.01064
50	0.01403	0.01032	0.01374	0.01544	0.01775	0.01002	0.01329	0.01790	0.02110	0.02696	0.05718	0.10064	0.16158	0.02496	0.01233	0.00401	0.00772	0.45425	0.00847	0.00832
51	0.01712	0.00856	0.00856	0.00856	0.01070	0.00856	0.00642	0.02139	0.01926	0.03423	0.02995	0.03423	0.02353	0.01070	0.00642	0.00214	0.00428	0.00856	0.72828	0.00856
52	0.02479	0.02303	0.03268	0.04122	0.35646	0.07431	0.06136	0.03476	0.15647	0.06751	0.02290	0.02553	0.01789	0.00944	0.00921	0.00282	0.01067	0.00874	0.00609	0.01413
53	0.01154	0.00908	0.01043	0.01062	0.01296	0.00796	0.00776	0.01432	0.02177	0.02806	0.23752	0.19277	0.35659	0.02299	0.01101	0.00316	0.00469	0.01984	0.00899	0.00796
54	0.01335	0.00890	0.01001	0.01001	0.01001	0.00890	0.00556	0.01335	0.01335	0.01780	0.02893	0.06009	0.03338	0.67731	0.04673	0.00890	0.00890	0.01335	0.00556	0.00556
55	0.01298	0.01038	0.01457	0.16290	0.02466	0.01097	0.01207	0.01564	0.01756	0.02280	0.04473	0.31269	0.12907	0.10949	0.05316	0.00480	0.00846	0.01823	0.00688	0.00795
56	0.03041	0.22513	0.03187	0.01942	0.02575	0.21750	0.01626	0.21326	0.02896	0.03458	0.01743	0.01903	0.01386	0.00958	0.00774	0.00236	0.01160	0.00657	0.05623	0.01246
57	0.01170	0.00935	0.01054	0.01068	0.01333	0.00818	0.00813	0.01461	0.02191	0.02773	0.20744	0.12052	0.41205	0.02273	0.01106	0.00319	0.00494	0.06502	0.00889	0.00800
58	0.01335	0.00890	0.01001	0.01001	0.01001	0.00890	0.00556	0.01335	0.01335	0.01780	0.02893	0.06009	0.03338	0.67731	0.04673	0.00890	0.00890	0.01335	0.00556	0.00556
59	0.02340	0.02380	0.03629	0.10289	0.47704	0.08595	0.06028	0.02873	0.02127	0.02863	0.01695	0.02236	0.01403	0.00837	0.00912	0.00274	0.01188	0.00810	0.00453	0.01364
60	0.02815	0.02824	0.02075	0.01846	0.02311	0.32384	0.01400	0.03241	0.05627	0.09241	0.05674	0.06980	0.02305	0.01157	0.00847	0.00246	0.01126	0.00878	0.08439	0.08583
61	0.02021	0.10374	0.02205	0.01539	0.02074	0.11157	0.01224	0.02334	0.01857	0.02464	0.01857	0.02564	0.01700	0.07914	0.16061	0.00541	0.01309	0.00716	0.00502	0.29588
62	0.19924	0.11009	0.02184	0.01599	0.02123	0.21818	0.01274	0.02690	0.02035	0.02773	0.02611	0.02779	0.10480	0.01197	0.00893	0.03802	0.01012	0.00768	0.00548	0.08483
63	0.05900	0.01556	0.01672	0.12500	0.02461	0.06698	0.01260	0.07830	0.02289	0.03014	0.14869	0.07904	0.17746	0.08747	0.01378	0.00359	0.00812	0.01344	0.00731	0.00928
64	0.07258	0.10223	0.11727	0.02007	0.05807	0.11779	0.01742	0.06626	0.02256	0.06518	0.02965	0.03522	0.09449	0.01211	0.00861	0.00266	0.01015	0.05507	0.00615	0.08646

[dist]
# distance from previous block
# <min> <max>
6	84

[block]
# block no. 10 follows, 18 sequences, length 16
# corresponding to MSA columns:
# 1469-1484
name=unknown_K
#
# <colnr> <probs for GDERKNQSTAVLIFYWHMCP>
#	G	D	E	R	K	N	Q	S	T	A	V	L	I	F	Y	W	H	M	C	P
0	0.02551	0.26873	0.08277	0.02641	0.14674	0.15844	0.01961	0.06742	0.02259	0.02681	0.02065	0.02287	0.05576	0.00965	0.00786	0.00241	0.01142	0.00720	0.00491	0.01222
1	0.01309	0.00889	0.01060	0.01121	0.01152	0.00879	0.00703	0.01380	0.01491	0.01982	0.03495	0.17959	0.04045	0.49101	0.03679	0.00747	0.00818	0.06927	0.00641	0.00620
2	0.01182	0.00826	0.01047	0.01197	0.01235	0.00788	0.00765	0.01295	0.01634	0.02178	0.04424	0.49174	0.05269	0.21930	0.02201	0.00525	0.00638	0.02236	0.00765	0.00690
3	0.02298	0.02249	0.03239	0.24163	0.34365	0.08259	0.02556	0.06619	0.02213	0.02910	0.01699	0.02263	0.01362	0.00882	0.00905	0.00280	0.01183	0.00796	0.00473	0.01285
4	0.02299	0.02373	0.04155	0.04972	0.42775	0.05234	0.18727	0.02894	0.02137	0.02946	0.01749	0.02301	0.01424	0.00812	0.00955	0.00281	0.01249	0.00883	0.00458	0.01374
5	0.01870	0.01897	0.01441	0.01373	0.01587	0.18908	0.00940	0.01997	0.01891	0.02093	0.04109	0.05487	0.17615	0.31936	0.02658	0.00555	0.01000	0.01277	0.00608	0.00757
6	0.01304	0.00897	0.01098	0.01124	0.01162	0.00921	0.00704	0.01385	0.01414	0.01916	0.03079	0.13083	0.03479	0.48336	0.15386	0.00936	0.01140	0.01426	0.00581	0.00629
7	0.02316	0.21094	0.04170	0.04335	0.40457	0.02607	0.06856	0.02808	0.02032	0.02755	0.01609	0.02060	0.01371	0.00805	0.00831	0.00254	0.01096	0.00746	0.00438	0.01359
8	0.07404	0.10641	0.14607	0.01884	0.02526	0.22016	0.01769	0.02706	0.02164	0.02590	0.03394	0.03835	0.14655	0.01314	0.00877	0.00275	0.01135	0.04594	0.00561	0.01054
9	0.03217	0.03850	0.02823	0.02963	0.13935	0.48569	0.01968	0.07006	0.02615	0.02612	0.01527	0.01806	0.01258	0.00932	0.00849	0.00246	0.01509	0.00649	0.00498	0.01169
10	0.01390	0.01055	0.01412	0.01600	0.07261	0.01083	0.01012	0.01619	0.01627	0.02227	0.03836	0.05227	0.13682	0.24908	0.23893	0.00891	0.01349	0.01255	0.03884	0.00790
11	0.01863	0.04597	0.59120	0.02701	0.04029	0.02145	0.07094	0.02910	0.01954	0.02910	0.01662	0.01975	0.01179	0.00866	0.00886	0.00292	0.01370	0.00706	0.00393	0.01349
12	0.02189	0.03043	0.20790	0.04441	0.36702	0.04884	0.08926	0.02894	0.02078	0.02934	0.01705	0.02172	0.01353	0.00834	0.00914	0.00280	0.01241	0.00797	0.00437	0.01386
