[name]
unknown

[dist]
# distance from previous block
# <min> <max>
0	2

[block]
# block no. 0 follows, 22 sequences, length 57
# corresponding to MSA columns:
# 2-58
name=unknown_A
#
# <colnr> <probs for GDERKNQSTAVLIFYWHMCP>
#	G	D	E	R	K	N	Q	S	T	A	V	L	I	F	Y	W	H	M	C	P
0	0.02107	0.59740	0.10804	0.01529	0.02263	0.02996	0.01592	0.02455	0.01709	0.02060	0.01394	0.01881	0.01297	0.00818	0.00599	0.00200	0.00917	0.04194	0.00381	0.01065
1	0.01936	0.36827	0.36329	0.01908	0.02885	0.02589	0.02269	0.02561	0.01722	0.02303	0.01328	0.01549	0.01059	0.00751	0.00665	0.00222	0.01063	0.00532	0.00353	0.01149
2	0.02186	0.67108	0.08245	0.01481	0.02224	0.03202	0.01525	0.02497	0.01692	0.01997	0.01176	0.01359	0.01065	0.00716	0.00549	0.00183	0.00910	0.00455	0.00355	0.01076
3	0.01774	0.01685	0.02861	0.42048	0.30882	0.01900	0.02409	0.02302	0.01758	0.02371	0.01513	0.02148	0.01195	0.00793	0.00827	0.00264	0.01057	0.00739	0.00387	0.01088
4	0.00982	0.00842	0.00842	0.00842	0.01122	0.00701	0.00631	0.01192	0.01894	0.02244	0.08416	0.07995	0.65285	0.02104	0.00982	0.00281	0.00421	0.01753	0.00771	0.00701
5	0.02056	0.01974	0.03372	0.05099	0.65622	0.01974	0.02550	0.02550	0.01892	0.02714	0.01563	0.02056	0.01316	0.00740	0.00822	0.00247	0.00987	0.00740	0.00411	0.01316
6	0.02828	0.25957	0.03079	0.01811	0.02425	0.21051	0.01533	0.25845	0.02725	0.03234	0.01513	0.01633	0.01200	0.00861	0.00708	0.00215	0.01070	0.00586	0.00558	0.01170
7	0.00982	0.00842	0.00842	0.00842	0.01122	0.00701	0.00631	0.01192	0.01894	0.02244	0.08416	0.07995	0.65285	0.02104	0.00982	0.00281	0.00421	0.01753	0.00771	0.00701
8	0.01187	0.00890	0.01335	0.01335	0.01483	0.01038	0.01038	0.01483	0.01335	0.01928	0.02225	0.03264	0.02077	0.06231	0.67512	0.01335	0.02225	0.00890	0.00445	0.00742
9	0.01266	0.00899	0.01103	0.01178	0.01277	0.00891	0.00794	0.07279	0.01739	0.02321	0.03907	0.49745	0.04565	0.16914	0.01710	0.00428	0.00593	0.01957	0.00720	0.00712
10	0.02647	0.01978	0.02105	0.01660	0.02235	0.02136	0.01356	0.48368	0.03433	0.04533	0.03503	0.03404	0.16417	0.01257	0.00866	0.00257	0.00798	0.00984	0.00817	0.01246
11	0.01012	0.00723	0.00964	0.01157	0.01205	0.00675	0.00771	0.01157	0.01591	0.02121	0.04579	0.70262	0.05495	0.02603	0.01060	0.00337	0.00482	0.02362	0.00771	0.00675
12	0.02056	0.01974	0.03372	0.05099	0.65622	0.01974	0.02550	0.02550	0.01892	0.02714	0.01563	0.02056	0.01316	0.00740	0.00822	0.00247	0.00987	0.00740	0.00411	0.01316
13	0.02794	0.03324	0.02306	0.02220	0.06421	0.48004	0.01596	0.03527	0.16835	0.02415	0.01794	0.01909	0.01430	0.00912	0.00776	0.00232	0.01269	0.00643	0.00525	0.01068
14	0.02056	0.01974	0.03372	0.05099	0.65622	0.01974	0.02550	0.02550	0.01892	0.02714	0.01563	0.02056	0.01316	0.00740	0.00822	0.00247	0.00987	0.00740	0.00411	0.01316
15	0.03115	0.03613	0.02384	0.02092	0.02570	0.53701	0.01600	0.15949	0.02683	0.02713	0.01435	0.01603	0.01143	0.00886	0.00766	0.00222	0.01374	0.00580	0.00514	0.01058
16	0.02029	0.01947	0.03324	0.08601	0.62329	0.01967	0.02536	0.02526	0.01879	0.02682	0.01558	0.02065	0.01304	0.00745	0.00823	0.00248	0.00994	0.00740	0.00409	0.01294
17	0.01906	0.01821	0.03101	0.24708	0.47186	0.01934	0.02475	0.02418	0.01821	0.02532	0.01536	0.02105	0.01252	0.00768	0.00825	0.00256	0.01024	0.00740	0.00398	0.01195
18	0.01666	0.04297	0.66500	0.02368	0.03596	0.01929	0.03069	0.02631	0.01754	0.02631	0.01491	0.01754	0.01052	0.00789	0.00789	0.00263	0.01228	0.00614	0.00351	0.01228
19	0.01443	0.00722	0.01082	0.01082	0.01082	0.00722	0.00722	0.01082	0.01082	0.01443	0.01443	0.02525	0.01443	0.02886	0.03247	0.75830	0.00722	0.00722	0.00361	0.00361
20	0.30260	0.01455	0.01627	0.01315	0.01887	0.01433	0.01081	0.03333	0.02024	0.40101	0.05713	0.02462	0.01933	0.00969	0.00725	0.00257	0.00667	0.00729	0.00834	0.01193
21	0.01666	0.04297	0.66500	0.02368	0.03596	0.01929	0.03069	0.02631	0.01754	0.02631	0.01491	0.01754	0.01052	0.00789	0.00789	0.00263	0.01228	0.00614	0.00351	0.01228
22	0.01130	0.00807	0.01099	0.01291	0.01391	0.00776	0.00975	0.01360	0.01706	0.02252	0.04514	0.48362	0.05238	0.02492	0.01092	0.00354	0.00584	0.23103	0.00769	0.00707
23	0.01406	0.01033	0.01388	0.01545	0.01762	0.01059	0.01336	0.01970	0.07651	0.02577	0.04305	0.08792	0.04574	0.02187	0.01120	0.00373	0.00755	0.54580	0.00772	0.00816
24	0.01865	0.02913	0.25024	0.03131	0.04098	0.02045	0.43157	0.02651	0.01893	0.02651	0.01619	0.02082	0.01193	0.00729	0.00918	0.00275	0.01344	0.00861	0.00398	0.01155
25	0.01925	0.02134	0.04306	0.03168	0.03795	0.02213	0.47237	0.02494	0.01787	0.02494	0.01531	0.02134	0.01218	0.00891	0.01422	0.00301	0.18563	0.00916	0.00406	0.01067
26	0.01012	0.00723	0.00964	0.01157	0.01205	0.00675	0.00771	0.01157	0.01591	0.02121	0.04579	0.70262	0.05495	0.02603	0.01060	0.00337	0.00482	0.02362	0.00771	0.00675
27	0.02066	0.01785	0.01878	0.01691	0.02160	0.02066	0.01315	0.04414	0.64121	0.03475	0.03381	0.03099	0.02536	0.01127	0.00845	0.00282	0.00657	0.00939	0.00845	0.01315
28	0.02011	0.01928	0.03291	0.10976	0.60097	0.01962	0.02527	0.02510	0.01870	0.02659	0.01555	0.02071	0.01297	0.00749	0.00823	0.00250	0.00998	0.00740	0.00407	0.01280
29	0.02221	0.71304	0.04353	0.01421	0.02132	0.03287	0.01421	0.02488	0.01688	0.01955	0.01155	0.01333	0.01066	0.00711	0.00533	0.00178	0.00888	0.00444	0.00355	0.01066
30	0.01961	0.02241	0.04902	0.03501	0.04342	0.02101	0.62605	0.02661	0.01961	0.02661	0.01681	0.02241	0.01261	0.00700	0.00980	0.00280	0.01401	0.00980	0.00420	0.01120
31	0.01990	0.01906	0.03252	0.13754	0.57485	0.01956	0.02517	0.02492	0.01860	0.02634	0.01551	0.02078	0.01288	0.00752	0.00824	0.00251	0.01003	0.00740	0.00406	0.01263
32	0.01569	0.01477	0.02492	0.68808	0.05722	0.01846	0.02307	0.02123	0.01661	0.02123	0.01477	0.02215	0.01107	0.00831	0.00831	0.00277	0.01107	0.00738	0.00369	0.00923
33	0.01842	0.01756	0.02986	0.33030	0.39360	0.01918	0.02443	0.02362	0.01791	0.02455	0.01525	0.02126	0.01224	0.00780	0.00826	0.00260	0.01040	0.00739	0.00393	0.01144
34	0.01012	0.00723	0.00964	0.01157	0.01205	0.00675	0.00771	0.01157	0.01591	0.02121	0.04579	0.70262	0.05495	0.02603	0.01060	0.00337	0.00482	0.02362	0.00771	0.00675
35	0.00992	0.00842	0.00856	0.00853	0.01128	0.00706	0.00639	0.01212	0.01918	0.02303	0.11465	0.07899	0.62200	0.02082	0.00982	0.00279	0.00419	0.01740	0.00779	0.00706
36	0.01203	0.00825	0.01007	0.01007	0.01042	0.00860	0.00629	0.01273	0.01238	0.01685	0.02525	0.04926	0.02799	0.55635	0.19094	0.00930	0.01139	0.01133	0.00490	0.00559
37	0.01189	0.00880	0.01286	0.01286	0.01417	0.01012	0.00977	0.01452	0.01321	0.01892	0.02270	0.03512	0.02185	0.13624	0.60267	0.01274	0.02063	0.00926	0.00452	0.00714
38	0.00982	0.00842	0.00842	0.00842	0.01122	0.00701	0.00631	0.01192	0.01894	0.02244	0.08416	0.07995	0.65285	0.02104	0.00982	0.00281	0.00421	0.01753	0.00771	0.00701
39	0.01830	0.01743	0.02963	0.34723	0.37769	0.01914	0.02437	0.02351	0.01784	0.02439	0.01523	0.02130	0.01219	0.00782	0.00826	0.00261	0.01043	0.00739	0.00392	0.01133
40	0.02056	0.01974	0.03372	0.05099	0.65622	0.01974	0.02550	0.02550	0.01892	0.02714	0.01563	0.02056	0.01316	0.00740	0.00822	0.00247	0.00987	0.00740	0.00411	0.01316
41	0.02056	0.01974	0.03372	0.05099	0.65622	0.01974	0.02550	0.02550	0.01892	0.02714	0.01563	0.02056	0.01316	0.00740	0.00822	0.00247	0.00987	0.00740	0.00411	0.01316
42	0.03103	0.03959	0.02354	0.02140	0.02568	0.67469	0.01605	0.03317	0.02354	0.02033	0.01284	0.01498	0.01070	0.00856	0.00749	0.00214	0.01498	0.00535	0.00428	0.00963
43	0.02056	0.01974	0.03372	0.05099	0.65622	0.01974	0.02550	0.02550	0.01892	0.02714	0.01563	0.02056	0.01316	0.00740	0.00822	0.00247	0.00987	0.00740	0.00411	0.01316
44	0.02584	0.03038	0.02634	0.02844	0.17298	0.38308	0.01872	0.02857	0.02016	0.02186	0.01308	0.01697	0.01132	0.00956	0.01186	0.00253	0.15760	0.00624	0.00410	0.01034
45	0.03158	0.02327	0.02493	0.01911	0.02576	0.02576	0.01579	0.62852	0.03906	0.05236	0.01995	0.01995	0.01413	0.00997	0.00831	0.00249	0.00914	0.00748	0.00831	0.01413
46	0.01012	0.00723	0.00964	0.01157	0.01205	0.00675	0.00771	0.01157	0.01591	0.02121	0.04579	0.70262	0.05495	0.02603	0.01060	0.00337	0.00482	0.02362	0.00771	0.00675
47	0.02683	0.03260	0.02416	0.02154	0.02442	0.46261	0.01675	0.02887	0.02001	0.02022	0.01221	0.01602	0.01077	0.01051	0.01395	0.00263	0.23641	0.00598	0.00407	0.00945
48	0.02056	0.01974	0.03372	0.05099	0.65622	0.01974	0.02550	0.02550	0.01892	0.02714	0.01563	0.02056	0.01316	0.00740	0.00822	0.00247	0.00987	0.00740	0.00411	0.01316
49	0.00982	0.00842	0.00842	0.00842	0.01122	0.00701	0.00631	0.01192	0.01894	0.02244	0.08416	0.07995	0.65285	0.02104	0.00982	0.00281	0.00421	0.01753	0.00771	0.00701
50	0.02378	0.02585	0.03059	0.04188	0.46215	0.22133	0.02259	0.02786	0.02034	0.02504	0.01477	0.01884	0.01240	0.00776	0.00800	0.00237	0.01144	0.00677	0.00416	0.01207
51	0.03103	0.03959	0.02354	0.02140	0.02568	0.67469	0.01605	0.03317	0.02354	0.02033	0.01284	0.01498	0.01070	0.00856	0.00749	0.00214	0.01498	0.00535	0.00428	0.00963
52	0.00982	0.00842	0.00842	0.00842	0.01122	0.00701	0.00631	0.01192	0.01894	0.02244	0.08416	0.07995	0.65285	0.02104	0.00982	0.00281	0.00421	0.01753	0.00771	0.00701
53	0.02056	0.01974	0.03372	0.05099	0.65622	0.01974	0.02550	0.02550	0.01892	0.02714	0.01563	0.02056	0.01316	0.00740	0.00822	0.00247	0.00987	0.00740	0.00411	0.01316
54	0.01412	0.01075	0.01189	0.01108	0.01427	0.01040	0.00847	0.02128	0.15239	0.06296	0.21417	0.06220	0.33972	0.01735	0.00944	0.00275	0.00479	0.01467	0.00837	0.00892
55	0.01821	0.22930	0.49219	0.02105	0.03189	0.02307	0.02611	0.02591	0.01736	0.02443	0.01397	0.01637	0.01056	0.00767	0.00718	0.00239	0.01133	0.00567	0.00352	0.01183
56	0.02032	0.01949	0.03329	0.08220	0.62688	0.01968	0.02538	0.02529	0.01880	0.02685	0.01558	0.02064	0.01306	0.00745	0.00823	0.00248	0.00993	0.00740	0.00409	0.01297

[dist]
# distance from previous block
# <min> <max>
0	4

[block]
# block no. 1 follows, 22 sequences, length 11
# corresponding to MSA columns:
# 63-73
name=unknown_B
#
# <colnr> <probs for GDERKNQSTAVLIFYWHMCP>
#	G	D	E	R	K	N	Q	S	T	A	V	L	I	F	Y	W	H	M	C	P
0	0.02862	0.17357	0.05960	0.01971	0.02532	0.41312	0.01637	0.12214	0.02427	0.02536	0.01377	0.01553	0.01121	0.00845	0.00720	0.00214	0.01272	0.00553	0.00471	0.01066
1	0.02343	0.01983	0.01759	0.01503	0.01946	0.16017	0.01177	0.18168	0.02631	0.10069	0.11536	0.04207	0.20467	0.01372	0.00875	0.00253	0.00816	0.01090	0.00757	0.01033
2	0.01865	0.19325	0.39484	0.02553	0.10092	0.02264	0.08219	0.02592	0.01773	0.02487	0.01439	0.01735	0.01104	0.00757	0.00752	0.00243	0.01139	0.00623	0.00365	0.01190
3	0.01966	0.01882	0.03210	0.16837	0.54586	0.01950	0.02505	0.02471	0.01849	0.02605	0.01547	0.02085	0.01277	0.00757	0.00824	0.00252	0.01009	0.00740	0.00403	0.01243
4	0.02186	0.01996	0.01759	0.01555	0.01967	0.16292	0.01202	0.10317	0.18211	0.06484	0.15767	0.03922	0.12252	0.01301	0.00868	0.00257	0.00793	0.01050	0.00763	0.01058
5	0.02056	0.01974	0.03372	0.05099	0.65622	0.01974	0.02550	0.02550	0.01892	0.02714	0.01563	0.02056	0.01316	0.00740	0.00822	0.00247	0.00987	0.00740	0.00411	0.01316
6	0.16363	0.01687	0.01804	0.01513	0.02049	0.01826	0.01217	0.12309	0.25184	0.19562	0.02711	0.02548	0.01931	0.01010	0.00767	0.00262	0.00691	0.00787	0.04529	0.01251
7	0.01966	0.01882	0.03210	0.16837	0.54586	0.01950	0.02505	0.02471	0.01849	0.02605	0.01547	0.02085	0.01277	0.00757	0.00824	0.00252	0.01009	0.00740	0.00403	0.01243
8	0.02501	0.02086	0.02125	0.01705	0.02313	0.06658	0.01365	0.27453	0.20885	0.03908	0.02229	0.02219	0.01674	0.00936	0.00779	0.00227	0.00811	0.00729	0.00728	0.18668
9	0.03098	0.02544	0.02235	0.01827	0.02391	0.21526	0.01456	0.30082	0.03025	0.15309	0.02457	0.02409	0.05785	0.01036	0.00818	0.00242	0.01016	0.00769	0.00743	0.01231
10	0.02444	0.02165	0.02356	0.25113	0.03566	0.11656	0.01769	0.28722	0.02758	0.03476	0.02163	0.02421	0.05758	0.00997	0.00830	0.00256	0.01032	0.00784	0.00608	0.01127

[dist]
# distance from previous block
# <min> <max>
1	4

[block]
# block no. 2 follows, 22 sequences, length 58
# corresponding to MSA columns:
# 78-135
name=unknown_C
#
# <colnr> <probs for GDERKNQSTAVLIFYWHMCP>
#	G	D	E	R	K	N	Q	S	T	A	V	L	I	F	Y	W	H	M	C	P
0	0.01793	0.01849	0.03164	0.02509	0.02795	0.02233	0.21213	0.02153	0.01500	0.02203	0.01407	0.02116	0.01256	0.01749	0.09449	0.00446	0.39989	0.00827	0.00391	0.00958
1	0.01039	0.00844	0.00921	0.00901	0.01157	0.00726	0.00676	0.01303	0.02028	0.02564	0.25115	0.07469	0.48386	0.01985	0.00981	0.00275	0.00412	0.01679	0.00814	0.00726
2	0.01012	0.00723	0.00964	0.01157	0.01205	0.00675	0.00771	0.01157	0.01591	0.02121	0.04579	0.70262	0.05495	0.02603	0.01060	0.00337	0.00482	0.02362	0.00771	0.00675
3	0.01017	0.00843	0.00891	0.00879	0.01144	0.00716	0.00659	0.01261	0.01978	0.02444	0.18852	0.07666	0.54725	0.02029	0.00981	0.00277	0.00415	0.01707	0.00798	0.00716
4	0.02221	0.71304	0.04353	0.01421	0.02132	0.03287	0.01421	0.02488	0.01688	0.01955	0.01155	0.01333	0.01066	0.00711	0.00533	0.00178	0.00888	0.00444	0.00355	0.01066
5	0.01187	0.00890	0.01335	0.01335	0.01483	0.01038	0.01038	0.01483	0.01335	0.01928	0.02225	0.03264	0.02077	0.06231	0.67512	0.01335	0.02225	0.00890	0.00445	0.00742
6	0.02882	0.02190	0.02338	0.01856	0.02471	0.02447	0.01512	0.48096	0.19111	0.04791	0.02345	0.02274	0.01696	0.01030	0.00835	0.00258	0.00849	0.00796	0.00835	0.01388
7	0.03103	0.03959	0.02354	0.02140	0.02568	0.67469	0.01605	0.03317	0.02354	0.02033	0.01284	0.01498	0.01070	0.00856	0.00749	0.00214	0.01498	0.00535	0.00428	0.00963
8	0.01162	0.00849	0.01092	0.01031	0.01233	0.00778	0.00773	0.01542	0.02320	0.03256	0.61250	0.06330	0.11820	0.01726	0.00980	0.00263	0.00394	0.01520	0.00905	0.00778
9	0.02578	0.02987	0.02792	0.06944	0.29419	0.36257	0.02042	0.02929	0.02122	0.02326	0.01412	0.01772	0.01176	0.00806	0.00784	0.00231	0.01261	0.00633	0.00418	0.01110
10	0.01187	0.00890	0.01335	0.01335	0.01483	0.01038	0.01038	0.01483	0.01335	0.01928	0.02225	0.03264	0.02077	0.06231	0.67512	0.01335	0.02225	0.00890	0.00445	0.00742
11	0.02279	0.66881	0.04222	0.01469	0.02161	0.07503	0.01434	0.02542	0.01732	0.01960	0.01163	0.01343	0.01066	0.00720	0.00547	0.00180	0.00928	0.00450	0.00360	0.01059
12	0.01012	0.00723	0.00964	0.01157	0.01205	0.00675	0.00771	0.01157	0.01591	0.02121	0.04579	0.70262	0.05495	0.02603	0.01060	0.00337	0.00482	0.02362	0.00771	0.00675
13	0.03103	0.03959	0.02354	0.02140	0.02568	0.67469	0.01605	0.03317	0.02354	0.02033	0.01284	0.01498	0.01070	0.00856	0.00749	0.00214	0.01498	0.00535	0.00428	0.00963
14	0.01012	0.00723	0.00964	0.01157	0.01205	0.00675	0.00771	0.01157	0.01591	0.02121	0.04579	0.70262	0.05495	0.02603	0.01060	0.00337	0.00482	0.02362	0.00771	0.00675
15	0.02056	0.01974	0.03372	0.05099	0.65622	0.01974	0.02550	0.02550	0.01892	0.02714	0.01563	0.02056	0.01316	0.00740	0.00822	0.00247	0.00987	0.00740	0.00411	0.01316
16	0.03103	0.03959	0.02354	0.02140	0.02568	0.67469	0.01605	0.03317	0.02354	0.02033	0.01284	0.01498	0.01070	0.00856	0.00749	0.00214	0.01498	0.00535	0.00428	0.00963
17	0.01187	0.00890	0.01335	0.01335	0.01483	0.01038	0.01038	0.01483	0.01335	0.01928	0.02225	0.03264	0.02077	0.06231	0.67512	0.01335	0.02225	0.00890	0.00445	0.00742
18	0.01001	0.00842	0.00868	0.00862	0.01134	0.00709	0.00646	0.01229	0.01938	0.02351	0.13974	0.07820	0.59661	0.02064	0.00982	0.00279	0.00418	0.01729	0.00785	0.00709
19	0.08727	0.01516	0.01934	0.01493	0.02129	0.01397	0.01233	0.09628	0.02459	0.55968	0.03006	0.02645	0.01914	0.01007	0.00813	0.00256	0.00722	0.00800	0.00974	0.01378
20	0.01569	0.01477	0.02492	0.68808	0.05722	0.01846	0.02307	0.02123	0.01661	0.02123	0.01477	0.02215	0.01107	0.00831	0.00831	0.00277	0.01107	0.00738	0.00369	0.00923
21	0.00982	0.00842	0.00842	0.00842	0.01122	0.00701	0.00631	0.01192	0.01894	0.02244	0.08416	0.07995	0.65285	0.02104	0.00982	0.00281	0.00421	0.01753	0.00771	0.00701
22	0.01012	0.00723	0.00964	0.01157	0.01205	0.00675	0.00771	0.01157	0.01591	0.02121	0.04579	0.70262	0.05495	0.02603	0.01060	0.00337	0.00482	0.02362	0.00771	0.00675
23	0.01569	0.01477	0.02492	0.68808	0.05722	0.01846	0.02307	0.02123	0.01661	0.02123	0.01477	0.02215	0.01107	0.00831	0.00831	0.00277	0.01107	0.00738	0.00369	0.00923
24	0.00988	0.00817	0.00867	0.00907	0.01139	0.00696	0.00660	0.01185	0.01831	0.02219	0.07621	0.20899	0.52894	0.02207	0.00998	0.00292	0.00433	0.01879	0.00771	0.00696
25	0.01187	0.00890	0.01335	0.01335	0.01483	0.01038	0.01038	0.01483	0.01335	0.01928	0.02225	0.03264	0.02077	0.06231	0.67512	0.01335	0.02225	0.00890	0.00445	0.00742
26	0.02108	0.02071	0.03322	0.04954	0.62523	0.05193	0.02503	0.02587	0.01914	0.02681	0.01549	0.02029	0.01304	0.00746	0.00819	0.00245	0.01012	0.00730	0.00412	0.01299
27	0.01012	0.00723	0.00964	0.01157	0.01205	0.00675	0.00771	0.01157	0.01591	0.02121	0.04579	0.70262	0.05495	0.02603	0.01060	0.00337	0.00482	0.02362	0.00771	0.00675
28	0.01770	0.03660	0.48882	0.03048	0.17721	0.01949	0.06123	0.02614	0.01796	0.02651	0.01517	0.01848	0.01123	0.00773	0.00807	0.00260	0.01182	0.00662	0.00368	0.01242
29	0.02221	0.71304	0.04353	0.01421	0.02132	0.03287	0.01421	0.02488	0.01688	0.01955	0.01155	0.01333	0.01066	0.00711	0.00533	0.00178	0.00888	0.00444	0.00355	0.01066
30	0.03103	0.03959	0.02354	0.02140	0.02568	0.67469	0.01605	0.03317	0.02354	0.02033	0.01284	0.01498	0.01070	0.00856	0.00749	0.00214	0.01498	0.00535	0.00428	0.00963
31	0.01205	0.00817	0.00964	0.00964	0.00984	0.00837	0.00576	0.01245	0.01225	0.01654	0.02565	0.05143	0.02893	0.62088	0.12771	0.00877	0.00997	0.01165	0.00495	0.00536
32	0.02225	0.37640	0.22925	0.01851	0.02664	0.15469	0.01960	0.02694	0.01839	0.02176	0.01283	0.01494	0.01063	0.00763	0.00654	0.00211	0.01112	0.00514	0.00368	0.01095
33	0.01208	0.00805	0.00906	0.00906	0.00906	0.00805	0.00503	0.01208	0.01208	0.01611	0.02618	0.05436	0.03020	0.70804	0.04228	0.00805	0.00805	0.01208	0.00503	0.00503
34	0.01105	0.00890	0.00990	0.00957	0.01216	0.00798	0.00720	0.01486	0.05100	0.02700	0.28825	0.07105	0.41318	0.01909	0.00974	0.00274	0.00422	0.01622	0.00827	0.00761
35	0.02056	0.01974	0.03372	0.05099	0.65622	0.01974	0.02550	0.02550	0.01892	0.02714	0.01563	0.02056	0.01316	0.00740	0.00822	0.00247	0.00987	0.00740	0.00411	0.01316
36	0.48146	0.01531	0.01497	0.01243	0.01808	0.01612	0.01025	0.03070	0.01791	0.28158	0.01986	0.01928	0.01352	0.00872	0.00640	0.00257	0.00668	0.00601	0.00715	0.01101
37	0.01012	0.00723	0.00964	0.01157	0.01205	0.00675	0.00771	0.01157	0.01591	0.02121	0.04579	0.70262	0.05495	0.02603	0.01060	0.00337	0.00482	0.02362	0.00771	0.00675
38	0.01818	0.01818	0.02545	0.02181	0.02181	0.02545	0.01818	0.01999	0.01272	0.01999	0.01091	0.01818	0.01091	0.01454	0.02726	0.00364	0.69284	0.00727	0.00364	0.00909
39	0.01012	0.00723	0.00964	0.01157	0.01205	0.00675	0.00771	0.01157	0.01591	0.02121	0.04579	0.70262	0.05495	0.02603	0.01060	0.00337	0.00482	0.02362	0.00771	0.00675
40	0.01187	0.00890	0.01335	0.01335	0.01483	0.01038	0.01038	0.01483	0.01335	0.01928	0.02225	0.03264	0.02077	0.06231	0.67512	0.01335	0.02225	0.00890	0.00445	0.00742
41	0.01339	0.00956	0.01339	0.01530	0.01721	0.00956	0.01339	0.01721	0.01912	0.02486	0.04399	0.09371	0.04781	0.02295	0.01147	0.00382	0.00765	0.60031	0.00765	0.00765
42	0.03103	0.03959	0.02354	0.02140	0.02568	0.67469	0.01605	0.03317	0.02354	0.02033	0.01284	0.01498	0.01070	0.00856	0.00749	0.00214	0.01498	0.00535	0.00428	0.00963
43	0.00982	0.00842	0.00842	0.00842	0.01122	0.00701	0.00631	0.01192	0.01894	0.02244	0.08416	0.07995	0.65285	0.02104	0.00982	0.00281	0.00421	0.01753	0.00771	0.00701
44	0.01012	0.00723	0.00964	0.01157	0.01205	0.00675	0.00771	0.01157	0.01591	0.02121	0.04579	0.70262	0.05495	0.02603	0.01060	0.00337	0.00482	0.02362	0.00771	0.00675
45	0.01766	0.00984	0.01006	0.00928	0.01185	0.01018	0.00715	0.10159	0.02034	0.03386	0.02613	0.02948	0.02033	0.00972	0.00615	0.00201	0.00458	0.00771	0.65348	0.00860
46	0.01389	0.01187	0.01723	0.01606	0.01707	0.01521	0.01288	0.01649	0.01315	0.01951	0.01862	0.02800	0.01761	0.04700	0.46747	0.01024	0.23719	0.00838	0.00419	0.00795
47	0.01109	0.00847	0.01018	0.00975	0.01200	0.00756	0.00732	0.01439	0.02195	0.02959	0.45756	0.06818	0.27498	0.01837	0.00981	0.00268	0.00402	0.01588	0.00866	0.00756
48	0.00982	0.00842	0.00842	0.00842	0.01122	0.00701	0.00631	0.01192	0.01894	0.02244	0.08416	0.07995	0.65285	0.02104	0.00982	0.00281	0.00421	0.01753	0.00771	0.00701
49	0.01208	0.00805	0.00906	0.00906	0.00906	0.00805	0.00503	0.01208	0.01208	0.01611	0.02618	0.05436	0.03020	0.70804	0.04228	0.00805	0.00805	0.01208	0.00503	0.00503
50	0.02056	0.01974	0.03372	0.05099	0.65622	0.01974	0.02550	0.02550	0.01892	0.02714	0.01563	0.02056	0.01316	0.00740	0.00822	0.00247	0.00987	0.00740	0.00411	0.01316
51	0.02056	0.01974	0.03372	0.05099	0.65622	0.01974	0.02550	0.02550	0.01892	0.02714	0.01563	0.02056	0.01316	0.00740	0.00822	0.00247	0.00987	0.00740	0.00411	0.01316
52	0.01208	0.00805	0.00906	0.00906	0.00906	0.00805	0.00503	0.01208	0.01208	0.01611	0.02618	0.05436	0.03020	0.70804	0.04228	0.00805	0.00805	0.01208	0.00503	0.00503
53	0.03004	0.02250	0.02406	0.01880	0.02518	0.02504	0.01542	0.54612	0.12396	0.04987	0.02190	0.02150	0.01571	0.01016	0.00833	0.00254	0.00878	0.00775	0.00833	0.01399
54	0.01217	0.00922	0.01233	0.01208	0.01311	0.01035	0.00881	0.01402	0.01345	0.01862	0.02878	0.04323	0.08499	0.26192	0.36225	0.00995	0.06241	0.01065	0.00490	0.00673
55	0.01666	0.04297	0.66500	0.02368	0.03596	0.01929	0.03069	0.02631	0.01754	0.02631	0.01491	0.01754	0.01052	0.00789	0.00789	0.00263	0.01228	0.00614	0.00351	0.01228
56	0.01211	0.00882	0.01298	0.01298	0.01450	0.01021	0.01008	0.01513	0.01362	0.02005	0.02257	0.03253	0.02080	0.05885	0.63116	0.01260	0.02104	0.00882	0.05370	0.00744
57	0.02304	0.02408	0.03007	0.10497	0.42091	0.17374	0.02260	0.05419	0.02069	0.02610	0.01508	0.01938	0.01242	0.00788	0.00806	0.00242	0.01116	0.00692	0.00430	0.01199

[dist]
# distance from previous block
# <min> <max>
0	1

[block]
# block no. 3 follows, 22 sequences, length 41
# corresponding to MSA columns:
# 137-177
name=unknown_D
#
# <colnr> <probs for GDERKNQSTAVLIFYWHMCP>
#	G	D	E	R	K	N	Q	S	T	A	V	L	I	F	Y	W	H	M	C	P
0	0.02556	0.03029	0.02546	0.19353	0.13098	0.40862	0.01927	0.02898	0.02109	0.02161	0.01375	0.01764	0.01117	0.00832	0.00781	0.00235	0.01321	0.00618	0.00411	0.01007
1	0.01994	0.43916	0.29754	0.01808	0.02730	0.02732	0.02095	0.02546	0.01715	0.02231	0.01292	0.01505	0.01060	0.00743	0.00638	0.00213	0.01027	0.00514	0.00353	0.01132
2	0.02749	0.02573	0.08672	0.05915	0.03177	0.14834	0.16655	0.15876	0.02502	0.15855	0.01963	0.02116	0.01389	0.00875	0.00849	0.00254	0.01145	0.00768	0.00623	0.01210
3	0.01942	0.01844	0.03048	0.11221	0.52126	0.01889	0.02342	0.02524	0.05231	0.02666	0.02066	0.02488	0.05224	0.00853	0.00834	0.00254	0.00947	0.00812	0.00452	0.01238
4	0.03103	0.03959	0.02354	0.02140	0.02568	0.67469	0.01605	0.03317	0.02354	0.02033	0.01284	0.01498	0.01070	0.00856	0.00749	0.00214	0.01498	0.00535	0.00428	0.00963
5	0.02056	0.01974	0.03372	0.05099	0.65622	0.01974	0.02550	0.02550	0.01892	0.02714	0.01563	0.02056	0.01316	0.00740	0.00822	0.00247	0.00987	0.00740	0.00411	0.01316
6	0.02930	0.17186	0.02747	0.01999	0.02483	0.54864	0.01569	0.03154	0.02223	0.02018	0.01259	0.01466	0.01069	0.00828	0.00707	0.00207	0.01378	0.00517	0.00414	0.00983
7	0.01012	0.00723	0.00964	0.01157	0.01205	0.00675	0.00771	0.01157	0.01591	0.02121	0.04579	0.70262	0.05495	0.02603	0.01060	0.00337	0.00482	0.02362	0.00771	0.00675
8	0.01011	0.00729	0.00957	0.01140	0.01200	0.00676	0.00764	0.01159	0.01607	0.02127	0.04787	0.66884	0.08739	0.02576	0.01056	0.00334	0.00479	0.02329	0.00771	0.00676
9	0.01185	0.00845	0.00996	0.01003	0.01226	0.00743	0.00735	0.01430	0.01958	0.05937	0.21126	0.22551	0.33104	0.02069	0.00993	0.00288	0.00444	0.01791	0.00820	0.00754
10	0.01208	0.00805	0.00906	0.00906	0.00906	0.00805	0.00503	0.01208	0.01208	0.01611	0.02618	0.05436	0.03020	0.70804	0.04228	0.00805	0.00805	0.01208	0.00503	0.00503
11	0.01012	0.00723	0.00964	0.01157	0.01205	0.00675	0.00771	0.01157	0.01591	0.02121	0.04579	0.70262	0.05495	0.02603	0.01060	0.00337	0.00482	0.02362	0.00771	0.00675
12	0.01985	0.01902	0.03244	0.14347	0.56927	0.01955	0.02514	0.02488	0.01858	0.02628	0.01550	0.02079	0.01286	0.00753	0.00824	0.00251	0.01004	0.00740	0.00405	0.01259
13	0.02383	0.02414	0.03074	0.04169	0.46299	0.15361	0.02257	0.08918	0.02193	0.02835	0.01550	0.01936	0.01276	0.00790	0.00808	0.00240	0.01083	0.00699	0.00458	0.01254
14	0.01113	0.00909	0.01354	0.01330	0.01514	0.00833	0.07115	0.01341	0.01729	0.02266	0.08309	0.47564	0.16928	0.02260	0.01032	0.00316	0.00560	0.02053	0.00743	0.00732
15	0.01208	0.00805	0.00906	0.00906	0.00906	0.00805	0.00503	0.01208	0.01208	0.01611	0.02618	0.05436	0.03020	0.70804	0.04228	0.00805	0.00805	0.01208	0.00503	0.00503
16	0.01723	0.01477	0.01723	0.01230	0.01969	0.01107	0.00984	0.02092	0.01723	0.02707	0.01477	0.01723	0.01230	0.00615	0.00615	0.00123	0.00615	0.00492	0.00492	0.75883
17	0.01208	0.00805	0.00906	0.00906	0.00906	0.00805	0.00503	0.01208	0.01208	0.01611	0.02618	0.05436	0.03020	0.70804	0.04228	0.00805	0.00805	0.01208	0.00503	0.00503
18	0.01666	0.04297	0.66500	0.02368	0.03596	0.01929	0.03069	0.02631	0.01754	0.02631	0.01491	0.01754	0.01052	0.00789	0.00789	0.00263	0.01228	0.00614	0.00351	0.01228
19	0.01208	0.00805	0.00906	0.00906	0.00906	0.00805	0.00503	0.01208	0.01208	0.01611	0.02618	0.05436	0.03020	0.70804	0.04228	0.00805	0.00805	0.01208	0.00503	0.00503
20	0.01930	0.02124	0.04248	0.03256	0.06841	0.02203	0.44724	0.02493	0.01788	0.02501	0.01530	0.02128	0.01222	0.00887	0.01401	0.00299	0.18033	0.00906	0.00406	0.01078
21	0.02946	0.03662	0.02507	0.02584	0.12020	0.57651	0.01747	0.03202	0.02285	0.02135	0.01326	0.01582	0.01107	0.00839	0.00760	0.00219	0.01421	0.00566	0.00426	0.01016
22	0.01207	0.00810	0.00931	0.00931	0.00939	0.00819	0.00534	0.01224	0.01215	0.01629	0.02595	0.05311	0.02966	0.67080	0.07879	0.00836	0.00887	0.01190	0.00500	0.00517
23	0.01862	0.02929	0.25526	0.03122	0.04092	0.02043	0.42672	0.02651	0.01892	0.02651	0.01617	0.02078	0.01191	0.00730	0.00916	0.00274	0.01343	0.00858	0.00397	0.01156
24	0.02098	0.44243	0.13355	0.02297	0.14797	0.02766	0.01884	0.02616	0.04816	0.02280	0.01395	0.01625	0.01185	0.00749	0.00644	0.00209	0.00947	0.00552	0.00390	0.01152
25	0.01380	0.01222	0.01742	0.02307	0.22741	0.01144	0.01303	0.01720	0.01983	0.02615	0.17270	0.05655	0.32585	0.01568	0.00928	0.00265	0.00605	0.01365	0.00679	0.00923
26	0.01187	0.00890	0.01335	0.01335	0.01483	0.01038	0.01038	0.01483	0.01335	0.01928	0.02225	0.03264	0.02077	0.06231	0.67512	0.01335	0.02225	0.00890	0.00445	0.00742
27	0.03103	0.03959	0.02354	0.02140	0.02568	0.67469	0.01605	0.03317	0.02354	0.02033	0.01284	0.01498	0.01070	0.00856	0.00749	0.00214	0.01498	0.00535	0.00428	0.00963
28	0.01480	0.01156	0.01738	0.02231	0.14271	0.01156	0.01577	0.01884	0.01908	0.02531	0.03842	0.07934	0.04100	0.01990	0.01084	0.00356	0.00809	0.48386	0.00695	0.00873
29	0.01569	0.01477	0.02492	0.68808	0.05722	0.01846	0.02307	0.02123	0.01661	0.02123	0.01477	0.02215	0.01107	0.00831	0.00831	0.00277	0.01107	0.00738	0.00369	0.00923
30	0.01443	0.00722	0.01082	0.01082	0.01082	0.00722	0.00722	0.01082	0.01082	0.01443	0.01443	0.02525	0.01443	0.02886	0.03247	0.75830	0.00722	0.00722	0.00361	0.00361
31	0.21181	0.02476	0.02153	0.01756	0.02337	0.15360	0.01418	0.36145	0.02985	0.04226	0.01647	0.01737	0.01218	0.00914	0.00737	0.00244	0.00964	0.00632	0.00673	0.01197
32	0.02519	0.02851	0.02922	0.03792	0.37771	0.30904	0.02132	0.02889	0.02096	0.02413	0.01440	0.01810	0.01207	0.00791	0.00790	0.00232	0.01213	0.00650	0.00419	0.01160
33	0.02221	0.71304	0.04353	0.01421	0.02132	0.03287	0.01421	0.02488	0.01688	0.01955	0.01155	0.01333	0.01066	0.00711	0.00533	0.00178	0.00888	0.00444	0.00355	0.01066
34	0.01745	0.00973	0.01154	0.01057	0.01206	0.00949	0.00684	0.01923	0.04505	0.14397	0.02784	0.04810	0.02807	0.53692	0.03396	0.00672	0.00779	0.01122	0.00623	0.00722
35	0.02478	0.01899	0.02042	0.01665	0.02197	0.02086	0.01341	0.36362	0.18204	0.04322	0.09462	0.03277	0.08519	0.01208	0.00864	0.00261	0.00750	0.00969	0.00837	0.01255
36	0.02975	0.02029	0.02244	0.01764	0.02391	0.02181	0.01440	0.38898	0.15057	0.14987	0.02449	0.02332	0.01727	0.01009	0.00824	0.00251	0.00816	0.00787	0.00850	0.04989
37	0.02177	0.01600	0.01782	0.01470	0.01948	0.01628	0.01157	0.29246	0.02677	0.03745	0.02604	0.18806	0.02455	0.01313	0.00818	0.00240	0.00693	0.01096	0.08755	0.15789
38	0.02056	0.03673	0.46986	0.02421	0.07092	0.02091	0.02672	0.17399	0.02290	0.03275	0.01619	0.01831	0.01157	0.00837	0.00802	0.00259	0.01136	0.00654	0.00472	0.01278
39	0.02621	0.03727	0.18117	0.02187	0.02781	0.40960	0.01985	0.06447	0.02185	0.02361	0.01356	0.01622	0.01088	0.00909	0.00967	0.00243	0.08382	0.00586	0.00426	0.01048
40	0.02081	0.01823	0.01587	0.01432	0.01794	0.17358	0.01107	0.08476	0.02346	0.09581	0.16672	0.07860	0.18350	0.01519	0.00906	0.00263	0.00782	0.04379	0.00750	0.00934

[dist]
# distance from previous block
# <min> <max>
58	171

[block]
# block no. 4 follows, 22 sequences, length 17
# corresponding to MSA columns:
# 366-382
name=unknown_E
#
# <colnr> <probs for GDERKNQSTAVLIFYWHMCP>
#	G	D	E	R	K	N	Q	S	T	A	V	L	I	F	Y	W	H	M	C	P
0	0.01511	0.01445	0.03709	0.04475	0.01832	0.06131	0.01099	0.05331	0.08348	0.02687	0.11864	0.05907	0.30222	0.01665	0.00932	0.00276	0.00656	0.07608	0.00727	0.03575
1	0.02803	0.07962	0.02715	0.02660	0.17920	0.21174	0.01757	0.16119	0.05962	0.10255	0.01839	0.01970	0.01398	0.00882	0.00783	0.00236	0.01062	0.00681	0.00597	0.01226
2	0.02505	0.01846	0.01995	0.09097	0.10421	0.13463	0.01444	0.07060	0.02162	0.18235	0.02401	0.07503	0.01909	0.01044	0.00785	0.00243	0.00866	0.00855	0.15079	0.01088
3	0.08174	0.27511	0.02829	0.01593	0.02154	0.16037	0.01356	0.09253	0.05606	0.09245	0.04188	0.05146	0.01741	0.00959	0.00699	0.00224	0.00931	0.00695	0.00571	0.01089
4	0.02307	0.02600	0.02077	0.01916	0.02213	0.32403	0.01506	0.02771	0.08585	0.02248	0.02254	0.03211	0.04394	0.01552	0.04910	0.00338	0.14083	0.09170	0.00523	0.00939
5	0.01919	0.07319	0.06879	0.01882	0.08839	0.14171	0.01393	0.05053	0.01933	0.02437	0.02678	0.11800	0.08695	0.05646	0.01011	0.00264	0.00880	0.00976	0.00534	0.15692
6	0.02705	0.16553	0.06703	0.01899	0.02425	0.39012	0.01576	0.09291	0.02266	0.02365	0.01449	0.01832	0.01252	0.06117	0.00981	0.00259	0.01249	0.00596	0.00458	0.01013
7	0.01153	0.00841	0.01084	0.01039	0.01231	0.00772	0.00773	0.01518	0.02274	0.03185	0.57705	0.10372	0.11379	0.01782	0.00985	0.00267	0.00399	0.01573	0.00896	0.00772
8	0.01088	0.00808	0.01103	0.01222	0.01294	0.00823	0.00860	0.01275	0.01596	0.02178	0.08645	0.52443	0.04966	0.03011	0.10842	0.00479	0.03942	0.02005	0.00715	0.00704
9	0.01067	0.00845	0.00960	0.00931	0.01175	0.00738	0.00699	0.01358	0.02096	0.02724	0.33469	0.07205	0.39933	0.01925	0.00981	0.00272	0.00408	0.01643	0.00835	0.00738
10	0.02056	0.01974	0.03372	0.05099	0.65622	0.01974	0.02550	0.02550	0.01892	0.02714	0.01563	0.02056	0.01316	0.00740	0.00822	0.00247	0.00987	0.00740	0.00411	0.01316
11	0.01925	0.01638	0.01880	0.01901	0.06573	0.01846	0.01407	0.03763	0.47717	0.03231	0.03449	0.04235	0.02882	0.01325	0.00902	0.00299	0.00702	0.12318	0.00799	0.01209
12	0.01666	0.04297	0.66500	0.02368	0.03596	0.01929	0.03069	0.02631	0.01754	0.02631	0.01491	0.01754	0.01052	0.00789	0.00789	0.00263	0.01228	0.00614	0.00351	0.01228
13	0.01849	0.01711	0.02705	0.10655	0.39141	0.01657	0.02016	0.02294	0.01804	0.02607	0.01746	0.06825	0.01569	0.00851	0.00790	0.00226	0.00873	0.00794	0.00452	0.19435
14	0.01753	0.24894	0.28051	0.01940	0.02763	0.02155	0.08447	0.02321	0.01748	0.02333	0.02256	0.09514	0.06386	0.01049	0.00771	0.00247	0.00997	0.00872	0.00437	0.01065
15	0.02391	0.58320	0.03968	0.01560	0.02216	0.15662	0.01457	0.02648	0.01816	0.01970	0.01180	0.01365	0.01067	0.00739	0.00575	0.00185	0.01006	0.00462	0.00369	0.01046
16	0.01916	0.34969	0.12435	0.01494	0.02253	0.02257	0.01501	0.02319	0.01686	0.02289	0.01374	0.01641	0.01181	0.01047	0.04897	0.00247	0.00938	0.00513	0.00404	0.24638

[dist]
# distance from previous block
# <min> <max>
4	26

[block]
# block no. 5 follows, 22 sequences, length 19
# corresponding to MSA columns:
# 417-435
name=unknown_F
#
# <colnr> <probs for GDERKNQSTAVLIFYWHMCP>
#	G	D	E	R	K	N	Q	S	T	A	V	L	I	F	Y	W	H	M	C	P
0	0.02313	0.06504	0.01973	0.01614	0.02044	0.17146	0.01257	0.09444	0.17910	0.08422	0.03319	0.12564	0.09338	0.01333	0.00846	0.00261	0.00850	0.01076	0.00712	0.01076
1	0.07094	0.12601	0.09202	0.02699	0.17766	0.20511	0.01929	0.06767	0.02017	0.02566	0.01373	0.01693	0.01142	0.00869	0.00943	0.00243	0.08434	0.00609	0.00432	0.01110
2	0.10871	0.06312	0.02288	0.02157	0.12010	0.23647	0.01470	0.02782	0.05906	0.02607	0.01493	0.01723	0.01226	0.00771	0.00690	0.00201	0.00988	0.00566	0.00476	0.21814
3	0.06812	0.05266	0.16316	0.01690	0.02344	0.01840	0.01634	0.11771	0.09521	0.08828	0.04662	0.02836	0.08703	0.01090	0.00945	0.00256	0.06295	0.00827	0.00632	0.07732
4	0.01950	0.02608	0.20547	0.01982	0.02602	0.08848	0.05200	0.09110	0.10880	0.02873	0.06990	0.02565	0.02020	0.01823	0.11291	0.00433	0.05832	0.00808	0.00545	0.01093
5	0.01425	0.01349	0.01235	0.01225	0.01492	0.11114	0.00957	0.01710	0.02070	0.02501	0.19127	0.06865	0.30529	0.01858	0.00978	0.00286	0.00650	0.13107	0.00749	0.00773
6	0.01290	0.02178	0.27472	0.01637	0.02174	0.01191	0.01701	0.01786	0.01718	0.02424	0.08184	0.37433	0.03886	0.01797	0.00944	0.00301	0.00776	0.01586	0.00613	0.00907
7	0.08818	0.14097	0.26982	0.02097	0.02946	0.12423	0.06948	0.11265	0.02129	0.02901	0.01463	0.01686	0.01112	0.00808	0.00740	0.00241	0.01134	0.00609	0.00452	0.01150
8	0.09809	0.14994	0.12305	0.01719	0.02166	0.06486	0.01613	0.02184	0.01530	0.02257	0.01494	0.02039	0.01327	0.02399	0.19281	0.00556	0.15834	0.00659	0.00403	0.00945
9	0.01094	0.00864	0.01303	0.01343	0.01476	0.00802	0.06208	0.01291	0.01642	0.02176	0.04566	0.60339	0.08898	0.02404	0.01048	0.00329	0.00559	0.02202	0.00740	0.00716
10	0.02886	0.08066	0.02658	0.02532	0.12308	0.47793	0.01737	0.07911	0.02362	0.02390	0.01375	0.01613	0.01135	0.00840	0.00752	0.00219	0.01331	0.00578	0.00453	0.01061
11	0.02067	0.02378	0.08991	0.10385	0.38017	0.08702	0.12221	0.02613	0.01916	0.02572	0.01539	0.02017	0.01239	0.00759	0.00838	0.00253	0.01139	0.00747	0.00405	0.01203
12	0.02046	0.11556	0.02317	0.05576	0.06245	0.11431	0.01445	0.11554	0.02002	0.02585	0.01781	0.02316	0.01532	0.02680	0.23111	0.00601	0.05187	0.00721	0.04333	0.00981
13	0.01100	0.00846	0.01005	0.00965	0.01195	0.00752	0.00724	0.01421	0.02172	0.02906	0.42968	0.06906	0.30320	0.01857	0.00981	0.00269	0.00403	0.01601	0.00859	0.00752
14	0.02056	0.01974	0.03372	0.05099	0.65622	0.01974	0.02550	0.02550	0.01892	0.02714	0.01563	0.02056	0.01316	0.00740	0.00822	0.00247	0.00987	0.00740	0.00411	0.01316
15	0.01838	0.01751	0.02977	0.33663	0.38766	0.01916	0.02441	0.02358	0.01788	0.02449	0.01524	0.02127	0.01222	0.00781	0.00826	0.00260	0.01041	0.00739	0.00392	0.01140
16	0.01666	0.04297	0.66500	0.02368	0.03596	0.01929	0.03069	0.02631	0.01754	0.02631	0.01491	0.01754	0.01052	0.00789	0.00789	0.00263	0.01228	0.00614	0.00351	0.01228
17	0.01494	0.01320	0.01467	0.01377	0.01478	0.07052	0.00994	0.01626	0.01419	0.01895	0.02364	0.13119	0.02603	0.29354	0.10839	0.00628	0.14750	0.01140	0.00499	0.04585
18	0.01844	0.01702	0.01736	0.01463	0.01871	0.08796	0.01157	0.09081	0.06072	0.02829	0.10042	0.03785	0.17059	0.01304	0.01095	0.00244	0.10446	0.00993	0.00639	0.17842

[dist]
# distance from previous block
# <min> <max>
2	4

[block]
# block no. 6 follows, 22 sequences, length 67
# corresponding to MSA columns:
# 440-506
name=unknown_G
#
# <colnr> <probs for GDERKNQSTAVLIFYWHMCP>
#	G	D	E	R	K	N	Q	S	T	A	V	L	I	F	Y	W	H	M	C	P
0	0.01118	0.00809	0.00892	0.00911	0.01003	0.00760	0.00570	0.01198	0.01460	0.01859	0.04625	0.12639	0.22743	0.42578	0.02900	0.00595	0.00653	0.01493	0.00614	0.00582
1	0.01322	0.00795	0.00862	0.00862	0.00927	0.00795	0.00529	0.01452	0.01387	0.02109	0.02649	0.04652	0.02722	0.47395	0.03006	0.00600	0.00665	0.01063	0.25614	0.00594
2	0.01963	0.01879	0.03203	0.17311	0.54140	0.01949	0.02503	0.02468	0.01847	0.02601	0.01546	0.02087	0.01276	0.00758	0.00824	0.00253	0.01010	0.00740	0.00403	0.01241
3	0.02759	0.06492	0.02613	0.02154	0.02551	0.42622	0.04366	0.08451	0.02232	0.02345	0.01322	0.01633	0.01114	0.00974	0.01150	0.00248	0.14911	0.00608	0.00448	0.01005
4	0.02012	0.01928	0.03292	0.10916	0.60153	0.01962	0.02527	0.02511	0.01871	0.02660	0.01555	0.02071	0.01297	0.00748	0.00823	0.00249	0.00998	0.00740	0.00407	0.01280
5	0.02221	0.71304	0.04353	0.01421	0.02132	0.03287	0.01421	0.02488	0.01688	0.01955	0.01155	0.01333	0.01066	0.00711	0.00533	0.00178	0.00888	0.00444	0.00355	0.01066
6	0.01127	0.00881	0.01044	0.01100	0.01339	0.00798	0.00889	0.01420	0.01961	0.02471	0.14659	0.08217	0.37324	0.02114	0.01037	0.00312	0.00532	0.21254	0.00788	0.00734
7	0.02389	0.02678	0.03220	0.03509	0.26952	0.23961	0.14297	0.02980	0.07084	0.02537	0.01640	0.01991	0.01321	0.00802	0.00832	0.00245	0.01215	0.00736	0.00454	0.01158
8	0.02031	0.02010	0.03486	0.03878	0.33704	0.02031	0.19764	0.02996	0.15712	0.02867	0.02000	0.02341	0.01570	0.00814	0.00874	0.00264	0.01034	0.00854	0.00510	0.01259
9	0.01001	0.00848	0.00869	0.00879	0.01155	0.00715	0.00670	0.01221	0.01895	0.02257	0.08196	0.08070	0.61972	0.02114	0.00991	0.00286	0.00440	0.04945	0.00771	0.00705
10	0.01118	0.00842	0.01059	0.01191	0.01362	0.00783	0.00929	0.01368	0.01799	0.02289	0.05706	0.29354	0.23796	0.02339	0.01067	0.00336	0.00563	0.22615	0.00769	0.00715
11	0.01908	0.01832	0.03219	0.03812	0.36611	0.01799	0.15477	0.05489	0.02033	0.02830	0.07467	0.06685	0.05036	0.00996	0.00892	0.00262	0.00969	0.00999	0.00515	0.01167
12	0.03106	0.03868	0.02362	0.02127	0.02569	0.63855	0.01604	0.06633	0.02441	0.02212	0.01324	0.01526	0.01089	0.00864	0.00754	0.00216	0.01466	0.00547	0.00450	0.00988
13	0.01012	0.00767	0.00935	0.01053	0.01181	0.00689	0.00729	0.01192	0.01729	0.02229	0.09293	0.47264	0.24135	0.02396	0.01031	0.00315	0.00458	0.02123	0.00780	0.00689
14	0.01201	0.00834	0.01050	0.01050	0.01100	0.00884	0.00683	0.01300	0.01251	0.01717	0.02486	0.04708	0.02704	0.49159	0.25441	0.00983	0.01281	0.01101	0.00484	0.00583
15	0.02221	0.71304	0.04353	0.01421	0.02132	0.03287	0.01421	0.02488	0.01688	0.01955	0.01155	0.01333	0.01066	0.00711	0.00533	0.00178	0.00888	0.00444	0.00355	0.01066
16	0.20278	0.03566	0.36354	0.02006	0.02883	0.16448	0.02215	0.02737	0.01804	0.02766	0.01364	0.01599	0.01019	0.00800	0.00713	0.00251	0.01145	0.00556	0.00408	0.01089
17	0.01928	0.01883	0.03328	0.20301	0.44405	0.01957	0.09114	0.02459	0.01844	0.02565	0.01555	0.02115	0.01259	0.00758	0.00842	0.00258	0.01062	0.00766	0.00402	0.01199
18	0.01569	0.01477	0.02492	0.68808	0.05722	0.01846	0.02307	0.02123	0.01661	0.02123	0.01477	0.02215	0.01107	0.00831	0.00831	0.00277	0.01107	0.00738	0.00369	0.00923
19	0.01203	0.00827	0.01018	0.01018	0.01056	0.00866	0.00643	0.01280	0.01241	0.01693	0.02515	0.04871	0.02775	0.54003	0.20694	0.00943	0.01175	0.01125	0.00488	0.00565
20	0.18671	0.48458	0.10512	0.01453	0.02177	0.02822	0.01487	0.02493	0.01634	0.02422	0.01192	0.01383	0.01028	0.00733	0.00557	0.00205	0.00871	0.00464	0.00390	0.01047
21	0.01187	0.00890	0.01335	0.01335	0.01483	0.01038	0.01038	0.01483	0.01335	0.01928	0.02225	0.03264	0.02077	0.06231	0.67512	0.01335	0.02225	0.00890	0.00445	0.00742
22	0.01569	0.01477	0.02492	0.68808	0.05722	0.01846	0.02307	0.02123	0.01661	0.02123	0.01477	0.02215	0.01107	0.00831	0.00831	0.00277	0.01107	0.00738	0.00369	0.00923
23	0.00999	0.00818	0.00882	0.00917	0.01146	0.00701	0.00668	0.01207	0.01859	0.02282	0.10942	0.20503	0.49832	0.02181	0.00998	0.00291	0.00432	0.01862	0.00780	0.00701
24	0.01569	0.01477	0.02492	0.68808	0.05722	0.01846	0.02307	0.02123	0.01661	0.02123	0.01477	0.02215	0.01107	0.00831	0.00831	0.00277	0.01107	0.00738	0.00369	0.00923
25	0.01190	0.00798	0.00912	0.00930	0.00934	0.00793	0.00529	0.01203	0.01244	0.01659	0.02803	0.11567	0.03254	0.64354	0.03929	0.00761	0.00775	0.01317	0.00529	0.00520
26	0.01569	0.01477	0.02492	0.68808	0.05722	0.01846	0.02307	0.02123	0.01661	0.02123	0.01477	0.02215	0.01107	0.00831	0.00831	0.00277	0.01107	0.00738	0.00369	0.00923
27	0.03158	0.02327	0.02493	0.01911	0.02576	0.02576	0.01579	0.62852	0.03906	0.05236	0.01995	0.01995	0.01413	0.00997	0.00831	0.00249	0.00914	0.00748	0.00831	0.01413
28	0.00999	0.00807	0.00889	0.00942	0.01151	0.00697	0.00679	0.01198	0.01825	0.02255	0.09765	0.26049	0.45378	0.02232	0.01005	0.00296	0.00437	0.01920	0.00778	0.00697
29	0.01002	0.00762	0.00924	0.01054	0.01178	0.00683	0.00726	0.01168	0.01689	0.02161	0.05829	0.49973	0.24977	0.02440	0.01035	0.00319	0.00462	0.02163	0.00771	0.00683
30	0.03068	0.02240	0.02397	0.01848	0.02487	0.02476	0.01523	0.59460	0.03785	0.05117	0.02034	0.02056	0.01453	0.00996	0.00817	0.00246	0.00885	0.00749	0.04985	0.01377
