[name]
unknown

[dist]
# distance from previous block
# <min> <max>
29	96

[block]
# block no. 0 follows, 22 sequences, length 56
# corresponding to MSA columns:
# 104-159
name=unknown_A
#
# <colnr> <probs for GDERKNQSTAVLIFYWHMCP>
#	G	D	E	R	K	N	Q	S	T	A	V	L	I	F	Y	W	H	M	C	P
0	0.02232	0.01976	0.02729	0.03369	0.33338	0.08380	0.04634	0.05959	0.02097	0.08527	0.06032	0.05241	0.01961	0.00920	0.00822	0.00238	0.00927	0.00832	0.00550	0.09237
1	0.01623	0.01692	0.08507	0.07404	0.15777	0.01386	0.01618	0.04822	0.01943	0.02682	0.06185	0.04191	0.15133	0.01236	0.00855	0.00249	0.00775	0.07472	0.00574	0.15878
2	0.08601	0.15818	0.08982	0.02196	0.15525	0.04859	0.01587	0.06157	0.01924	0.02638	0.03101	0.08320	0.14714	0.01190	0.00782	0.00248	0.00823	0.00968	0.00534	0.01033
3	0.08787	0.01794	0.06812	0.05555	0.19026	0.01626	0.01672	0.02592	0.12252	0.02854	0.02452	0.03088	0.05388	0.01010	0.00791	0.00245	0.00793	0.06162	0.00557	0.16544
4	0.19277	0.03108	0.20840	0.02346	0.11139	0.18879	0.01994	0.08189	0.02044	0.02972	0.01417	0.01658	0.01090	0.00815	0.00725	0.00246	0.01104	0.00585	0.00459	0.01113
5	0.06336	0.13059	0.31850	0.02274	0.09072	0.04951	0.02247	0.11995	0.02100	0.03007	0.01557	0.01789	0.01179	0.00816	0.00735	0.00241	0.01045	0.00618	0.03936	0.01191
6	0.02125	0.02105	0.03305	0.04904	0.61466	0.06290	0.02487	0.02600	0.01922	0.02669	0.01544	0.02019	0.01300	0.00748	0.00818	0.00245	0.01021	0.00727	0.00412	0.01293
7	0.01706	0.01017	0.01186	0.01062	0.01421	0.00895	0.00825	0.02064	0.04722	0.17523	0.16534	0.06271	0.38097	0.01741	0.00941	0.00272	0.00493	0.01461	0.00859	0.00909
8	0.03030	0.02297	0.02352	0.01836	0.02451	0.06057	0.01503	0.54790	0.03651	0.04891	0.02011	0.02053	0.01449	0.00987	0.00807	0.00243	0.00906	0.00738	0.06612	0.01338
9	0.01208	0.00805	0.00906	0.00906	0.00906	0.00805	0.00503	0.01208	0.01208	0.01611	0.02618	0.05436	0.03020	0.70804	0.04228	0.00805	0.00805	0.01208	0.00503	0.00503
10	0.02279	0.66866	0.04221	0.01469	0.02161	0.07517	0.01434	0.02542	0.01732	0.01960	0.01163	0.01344	0.01066	0.00720	0.00547	0.00180	0.00929	0.00450	0.00360	0.01059
11	0.01008	0.00843	0.00878	0.00869	0.01138	0.00712	0.00652	0.01243	0.01955	0.02391	0.16087	0.07753	0.57522	0.02049	0.00982	0.00278	0.00417	0.01719	0.00791	0.00712
12	0.01208	0.00805	0.00906	0.00906	0.00906	0.00805	0.00503	0.01208	0.01208	0.01611	0.02618	0.05436	0.03020	0.70804	0.04228	0.00805	0.00805	0.01208	0.00503	0.00503
13	0.02735	0.01936	0.02065	0.01630	0.02167	0.02122	0.01323	0.47418	0.03334	0.04626	0.02171	0.02382	0.01635	0.04243	0.00938	0.00264	0.00800	0.00775	0.16197	0.01239
14	0.01187	0.00890	0.01335	0.01335	0.01483	0.01038	0.01038	0.01483	0.01335	0.01928	0.02225	0.03264	0.02077	0.06231	0.67512	0.01335	0.02225	0.00890	0.00445	0.00742
15	0.01012	0.00723	0.00964	0.01157	0.01205	0.00675	0.00771	0.01157	0.01591	0.02121	0.04579	0.70262	0.05495	0.02603	0.01060	0.00337	0.00482	0.02362	0.00771	0.00675
16	0.01980	0.02217	0.01972	0.06955	0.02272	0.23630	0.01433	0.02210	0.01848	0.02093	0.03357	0.03573	0.20117	0.01398	0.01401	0.00282	0.20921	0.00968	0.00506	0.00866
17	0.17430	0.01955	0.02561	0.09124	0.32335	0.07828	0.01966	0.02462	0.01768	0.02739	0.01596	0.02337	0.01400	0.00923	0.00923	0.00267	0.06272	0.04568	0.00450	0.01096
18	0.01198	0.00961	0.01258	0.01421	0.08120	0.00879	0.00923	0.01529	0.02112	0.02846	0.36598	0.09835	0.25672	0.01776	0.00968	0.00270	0.00470	0.01549	0.00806	0.00808
19	0.01187	0.00890	0.01335	0.01335	0.01483	0.01038	0.01038	0.01483	0.01335	0.01928	0.02225	0.03264	0.02077	0.06231	0.67512	0.01335	0.02225	0.00890	0.00445	0.00742
20	0.02556	0.01857	0.03249	0.03633	0.32821	0.01767	0.14927	0.03040	0.02058	0.22447	0.02121	0.02335	0.01534	0.00821	0.00860	0.00257	0.00988	0.00821	0.00605	0.01305
21	0.02056	0.01974	0.03372	0.05099	0.65622	0.01974	0.02550	0.02550	0.01892	0.02714	0.01563	0.02056	0.01316	0.00740	0.00822	0.00247	0.00987	0.00740	0.00411	0.01316
22	0.01586	0.01476	0.02100	0.01870	0.01924	0.01991	0.01531	0.01810	0.01295	0.01973	0.01508	0.02349	0.01453	0.03211	0.26554	0.00721	0.44621	0.00787	0.00393	0.00847
23	0.76672	0.01607	0.01221	0.01092	0.01607	0.01864	0.00900	0.02442	0.01414	0.03727	0.01157	0.01350	0.00900	0.00771	0.00514	0.00257	0.00643	0.00450	0.00514	0.00900
24	0.01134	0.00814	0.01051	0.01200	0.01283	0.00783	0.00817	0.04664	0.01722	0.02298	0.04432	0.66382	0.05262	0.02511	0.01047	0.00332	0.00507	0.02270	0.00775	0.00717
25	0.01187	0.00890	0.01335	0.01335	0.01483	0.01038	0.01038	0.01483	0.01335	0.01928	0.02225	0.03264	0.02077	0.06231	0.67512	0.01335	0.02225	0.00890	0.00445	0.00742
26	0.01942	0.16650	0.21035	0.01805	0.02432	0.15887	0.01802	0.02396	0.01739	0.02146	0.01614	0.02156	0.01403	0.05174	0.17793	0.00531	0.01452	0.00659	0.00399	0.00985
27	0.01697	0.08036	0.63032	0.02315	0.03514	0.02005	0.02977	0.02623	0.01750	0.02593	0.01472	0.01730	0.01053	0.00785	0.00775	0.00258	0.01209	0.00604	0.00351	0.01219
28	0.01873	0.28123	0.40788	0.02019	0.02995	0.02448	0.02412	0.02545	0.01704	0.02355	0.01349	0.01607	0.01059	0.00797	0.00803	0.00238	0.04819	0.00559	0.00353	0.01153
29	0.01128	0.00883	0.01049	0.01135	0.01369	0.00804	0.00925	0.01405	0.01888	0.02337	0.06611	0.11369	0.38010	0.02204	0.01053	0.00325	0.00563	0.25448	0.00769	0.00726
30	0.02427	0.25315	0.15841	0.02056	0.08230	0.02468	0.01849	0.19250	0.02379	0.07341	0.01691	0.01832	0.01288	0.00839	0.00714	0.00227	0.00941	0.00627	0.03458	0.01228
31	0.01590	0.01518	0.02623	0.65245	0.05646	0.01860	0.05596	0.02152	0.01677	0.02152	0.01488	0.02216	0.01116	0.00823	0.00839	0.00277	0.01123	0.00751	0.00372	0.00934
32	0.01208	0.00805	0.00906	0.00906	0.00906	0.00805	0.00503	0.01208	0.01208	0.01611	0.02618	0.05436	0.03020	0.70804	0.04228	0.00805	0.00805	0.01208	0.00503	0.00503
33	0.01012	0.00723	0.00964	0.01157	0.01205	0.00675	0.00771	0.01157	0.01591	0.02121	0.04579	0.70262	0.05495	0.02603	0.01060	0.00337	0.00482	0.02362	0.00771	0.00675
34	0.05700	0.00997	0.01279	0.01395	0.04172	0.00969	0.00950	0.05125	0.01845	0.09356	0.06795	0.49375	0.04566	0.02118	0.00979	0.00312	0.00557	0.01890	0.00779	0.00841
35	0.01188	0.00883	0.01302	0.01302	0.01439	0.01020	0.00997	0.01462	0.01325	0.01904	0.02256	0.03433	0.02150	0.11255	0.62588	0.01294	0.02115	0.00915	0.00450	0.00723
36	0.01134	0.00848	0.01053	0.01002	0.01216	0.00766	0.00751	0.01488	0.02254	0.03100	0.53093	0.06587	0.20074	0.01785	0.00980	0.00265	0.00398	0.01556	0.00884	0.00766
37	0.02338	0.02508	0.03098	0.04304	0.48674	0.19578	0.02296	0.02756	0.02016	0.02531	0.01488	0.01906	0.01250	0.00771	0.00803	0.00238	0.01124	0.00685	0.00416	0.01221
38	0.01700	0.01611	0.02729	0.51620	0.21882	0.01880	0.02373	0.02238	0.01723	0.02282	0.01500	0.02172	0.01164	0.00806	0.00828	0.00269	0.01075	0.00739	0.00380	0.01029
39	0.01569	0.01477	0.02492	0.68808	0.05722	0.01846	0.02307	0.02123	0.01661	0.02123	0.01477	0.02215	0.01107	0.00831	0.00831	0.00277	0.01107	0.00738	0.00369	0.00923
40	0.01569	0.01477	0.02492	0.68808	0.05722	0.01846	0.02307	0.02123	0.01661	0.02123	0.01477	0.02215	0.01107	0.00831	0.00831	0.00277	0.01107	0.00738	0.00369	0.00923
41	0.10059	0.01542	0.06110	0.15848	0.02850	0.01411	0.01566	0.02902	0.01990	0.28868	0.02792	0.03825	0.02232	0.01205	0.00863	0.00288	0.00832	0.12968	0.00737	0.01111
42	0.02056	0.01974	0.03372	0.05099	0.65622	0.01974	0.02550	0.02550	0.01892	0.02714	0.01563	0.02056	0.01316	0.00740	0.00822	0.00247	0.00987	0.00740	0.00411	0.01316
43	0.01012	0.00723	0.00964	0.01157	0.01205	0.00675	0.00771	0.01157	0.01591	0.02121	0.04579	0.70262	0.05495	0.02603	0.01060	0.00337	0.00482	0.02362	0.00771	0.00675
44	0.01852	0.01765	0.03003	0.31806	0.40511	0.01920	0.02448	0.02371	0.01795	0.02466	0.01527	0.02123	0.01229	0.00778	0.00826	0.00259	0.01037	0.00739	0.00394	0.01151
45	0.17748	0.02106	0.02264	0.15794	0.07913	0.08778	0.01654	0.24840	0.02557	0.06279	0.01664	0.01897	0.01229	0.00884	0.00758	0.00253	0.00955	0.00667	0.00606	0.01154
46	0.02278	0.02262	0.03053	0.10091	0.44541	0.11873	0.02290	0.08548	0.02138	0.02806	0.01555	0.01980	0.01270	0.00791	0.00813	0.00245	0.01068	0.00710	0.00451	0.01237
47	0.01156	0.00886	0.01064	0.01012	0.01244	0.00813	0.00761	0.01576	0.04766	0.03020	0.46073	0.06599	0.24379	0.01793	0.00975	0.00268	0.00411	0.01552	0.00870	0.00782
48	0.01012	0.00723	0.00964	0.01157	0.01205	0.00675	0.00771	0.01157	0.01591	0.02121	0.04579	0.70262	0.05495	0.02603	0.01060	0.00337	0.00482	0.02362	0.00771	0.00675
49	0.01835	0.01644	0.01481	0.01371	0.01574	0.14821	0.00996	0.07382	0.01782	0.02288	0.02160	0.03441	0.02097	0.25508	0.15890	0.00652	0.03692	0.00891	0.09716	0.00778
50	0.02279	0.02397	0.03155	0.04469	0.52193	0.15923	0.02348	0.02713	0.01990	0.02569	0.01503	0.01937	0.01264	0.00765	0.00807	0.00240	0.01096	0.00696	0.00415	0.01241
51	0.01192	0.00874	0.01133	0.01139	0.01344	0.00816	0.00901	0.01559	0.02188	0.02991	0.43317	0.07201	0.14141	0.01894	0.01021	0.00293	0.00487	0.15878	0.00860	0.00769
52	0.02056	0.01974	0.03372	0.05099	0.65622	0.01974	0.02550	0.02550	0.01892	0.02714	0.01563	0.02056	0.01316	0.00740	0.00822	0.00247	0.00987	0.00740	0.00411	0.01316
53	0.02033	0.01951	0.03331	0.08062	0.62837	0.01968	0.02538	0.02530	0.01881	0.02687	0.01559	0.02063	0.01306	0.00744	0.00823	0.00248	0.00993	0.00740	0.00409	0.01298
54	0.01152	0.00848	0.01077	0.01020	0.01226	0.00774	0.00765	0.01522	0.02295	0.03198	0.58219	0.06425	0.14887	0.01748	0.00980	0.00264	0.00395	0.01533	0.00897	0.00774
55	0.70836	0.01816	0.06300	0.01192	0.01761	0.01869	0.01069	0.02457	0.01440	0.03642	0.01183	0.01381	0.00912	0.00773	0.00536	0.00258	0.00688	0.00463	0.00501	0.00925

[dist]
# distance from previous block
# <min> <max>
0	1

[block]
# block no. 1 follows, 22 sequences, length 71
# corresponding to MSA columns:
# 161-231
name=unknown_B
#
# <colnr> <probs for GDERKNQSTAVLIFYWHMCP>
#	G	D	E	R	K	N	Q	S	T	A	V	L	I	F	Y	W	H	M	C	P
0	0.02007	0.01924	0.03284	0.11472	0.59631	0.01961	0.02525	0.02507	0.01869	0.02655	0.01554	0.02072	0.01295	0.00749	0.00823	0.00250	0.00999	0.00740	0.00407	0.01277
1	0.01187	0.00890	0.01335	0.01335	0.01483	0.01038	0.01038	0.01483	0.01335	0.01928	0.02225	0.03264	0.02077	0.06231	0.67512	0.01335	0.02225	0.00890	0.00445	0.00742
2	0.01136	0.00938	0.01013	0.01012	0.01282	0.00864	0.00768	0.01591	0.08370	0.02484	0.12979	0.11990	0.45250	0.02010	0.00983	0.00289	0.00467	0.05009	0.00793	0.00775
3	0.02517	0.01959	0.02109	0.01746	0.02273	0.02205	0.01394	0.32907	0.28171	0.04175	0.02599	0.02665	0.01977	0.04344	0.04781	0.00348	0.00880	0.00854	0.00801	0.01296
4	0.01914	0.01829	0.03115	0.23689	0.48143	0.01936	0.02479	0.02425	0.01824	0.02541	0.01538	0.02102	0.01255	0.00767	0.00825	0.00256	0.01022	0.00740	0.00399	0.01201
5	0.01084	0.00869	0.00976	0.00999	0.01221	0.00787	0.00730	0.01433	0.05447	0.02474	0.17100	0.22028	0.37679	0.02095	0.00992	0.00291	0.00444	0.01806	0.00800	0.00744
6	0.01187	0.00890	0.01335	0.01335	0.01483	0.01038	0.01038	0.01483	0.01335	0.01928	0.02225	0.03264	0.02077	0.06231	0.67512	0.01335	0.02225	0.00890	0.00445	0.00742
7	0.01786	0.07488	0.52905	0.02286	0.03310	0.05458	0.02770	0.02589	0.01728	0.02495	0.01419	0.01726	0.01058	0.00862	0.00987	0.00267	0.08724	0.00613	0.00356	0.01171
8	0.01903	0.01529	0.01668	0.01380	0.01913	0.01521	0.01084	0.05781	0.27965	0.03207	0.02499	0.02536	0.01932	0.00904	0.00716	0.00207	0.00609	0.00737	0.12884	0.29025
9	0.02087	0.60689	0.07338	0.01434	0.02121	0.02964	0.01445	0.02403	0.01758	0.02128	0.07577	0.01842	0.01743	0.00814	0.00591	0.00191	0.00857	0.00559	0.00411	0.01046
10	0.02092	0.16362	0.02120	0.01397	0.01840	0.17052	0.01136	0.02457	0.05327	0.08751	0.10332	0.04118	0.21204	0.01319	0.00812	0.00239	0.00809	0.01033	0.00649	0.00951
11	0.01174	0.01106	0.05899	0.01193	0.01467	0.00866	0.01013	0.01531	0.02024	0.02715	0.28337	0.14797	0.20501	0.01948	0.01006	0.00297	0.00538	0.12017	0.00794	0.00780
12	0.02422	0.55994	0.03899	0.01585	0.02231	0.17878	0.01463	0.02676	0.01839	0.01972	0.01184	0.01370	0.01067	0.00744	0.00582	0.00186	0.01027	0.00465	0.00372	0.01043
13	0.13505	0.16178	0.42125	0.01985	0.02972	0.05024	0.02365	0.02605	0.01715	0.02651	0.01368	0.01602	0.01032	0.00775	0.00698	0.00244	0.01086	0.00554	0.00380	0.01135
14	0.01839	0.01713	0.02870	0.04278	0.52201	0.01703	0.02179	0.02259	0.01829	0.02590	0.02191	0.16266	0.02186	0.01128	0.00872	0.00266	0.00882	0.01078	0.00486	0.01182
15	0.01192	0.00869	0.01229	0.01229	0.01340	0.00981	0.00906	0.01415	0.01304	0.01850	0.02323	0.03803	0.02311	0.22269	0.51794	0.01204	0.01873	0.00969	0.00460	0.00683
16	0.01068	0.00759	0.00935	0.01050	0.01107	0.00717	0.00677	0.01176	0.01505	0.01979	0.04364	0.44636	0.10606	0.23098	0.02007	0.00473	0.00573	0.01955	0.00691	0.00626
17	0.01666	0.04297	0.66500	0.02368	0.03596	0.01929	0.03069	0.02631	0.01754	0.02631	0.01491	0.01754	0.01052	0.00789	0.00789	0.00263	0.01228	0.00614	0.00351	0.01228
18	0.01012	0.00723	0.00964	0.01157	0.01205	0.00675	0.00771	0.01157	0.01591	0.02121	0.04579	0.70262	0.05495	0.02603	0.01060	0.00337	0.00482	0.02362	0.00771	0.00675
19	0.01012	0.00723	0.00964	0.01157	0.01205	0.00675	0.00771	0.01157	0.01591	0.02121	0.04579	0.70262	0.05495	0.02603	0.01060	0.00337	0.00482	0.02362	0.00771	0.00675
20	0.01026	0.00742	0.00972	0.01129	0.01204	0.00687	0.00765	0.01198	0.01680	0.02245	0.10662	0.60733	0.08905	0.02488	0.01048	0.00327	0.00470	0.02246	0.00785	0.00687
21	0.01012	0.00723	0.00964	0.01157	0.01205	0.00675	0.00771	0.01157	0.01591	0.02121	0.04579	0.70262	0.05495	0.02603	0.01060	0.00337	0.00482	0.02362	0.00771	0.00675
22	0.02221	0.71304	0.04353	0.01421	0.02132	0.03287	0.01421	0.02488	0.01688	0.01955	0.01155	0.01333	0.01066	0.00711	0.00533	0.00178	0.00888	0.00444	0.00355	0.01066
23	0.01176	0.00849	0.01110	0.01045	0.01241	0.00784	0.00784	0.01568	0.02352	0.03331	0.65184	0.06206	0.07839	0.01698	0.00980	0.00261	0.00392	0.01502	0.00914	0.00784
24	0.01666	0.04297	0.66500	0.02368	0.03596	0.01929	0.03069	0.02631	0.01754	0.02631	0.01491	0.01754	0.01052	0.00789	0.00789	0.00263	0.01228	0.00614	0.00351	0.01228
25	0.02440	0.01123	0.01473	0.01298	0.01709	0.00987	0.01029	0.02709	0.02082	0.35308	0.04595	0.18536	0.14641	0.01670	0.00937	0.00289	0.00612	0.06589	0.00904	0.01070
26	0.01549	0.00774	0.00774	0.00774	0.00968	0.00774	0.00581	0.01936	0.01742	0.03097	0.02710	0.03097	0.02129	0.00968	0.00581	0.00194	0.00387	0.00774	0.75416	0.00774
27	0.01569	0.01477	0.02492	0.68808	0.05722	0.01846	0.02307	0.02123	0.01661	0.02123	0.01477	0.02215	0.01107	0.00831	0.00831	0.00277	0.01107	0.00738	0.00369	0.00923
28	0.01912	0.00890	0.00994	0.00912	0.01184	0.00853	0.00704	0.02288	0.01885	0.14191	0.06041	0.03211	0.02412	0.01016	0.00646	0.00208	0.00444	0.00823	0.58499	0.00887
29	0.01594	0.01502	0.02537	0.65497	0.08834	0.01852	0.02320	0.02145	0.01673	0.02153	0.01481	0.02207	0.01118	0.00826	0.00830	0.00275	0.01101	0.00738	0.00371	0.00943
30	0.01187	0.00890	0.01335	0.01335	0.01483	0.01038	0.01038	0.01483	0.01335	0.01928	0.02225	0.03264	0.02077	0.06231	0.67512	0.01335	0.02225	0.00890	0.00445	0.00742
31	0.01021	0.00818	0.00913	0.00942	0.01159	0.00710	0.00686	0.01248	0.01908	0.02402	0.17212	0.20665	0.43118	0.02139	0.00998	0.00289	0.00429	0.01838	0.00796	0.00710
32	0.01948	0.02534	0.16959	0.04076	0.35289	0.02001	0.19720	0.02598	0.01883	0.02682	0.01581	0.02046	0.01245	0.00739	0.00860	0.00260	0.01155	0.00782	0.00401	0.01242
33	0.01016	0.00843	0.00889	0.00877	0.01143	0.00716	0.00658	0.01258	0.01974	0.02435	0.18385	0.07681	0.55196	0.02033	0.00981	0.00277	0.00416	0.01709	0.00797	0.00716
34	0.02056	0.01974	0.03372	0.05099	0.65622	0.01974	0.02550	0.02550	0.01892	0.02714	0.01563	0.02056	0.01316	0.00740	0.00822	0.00247	0.00987	0.00740	0.00411	0.01316
35	0.02066	0.01785	0.01878	0.01691	0.02160	0.02066	0.01315	0.04414	0.64121	0.03475	0.03381	0.03099	0.02536	0.01127	0.00845	0.00282	0.00657	0.00939	0.00845	0.01315
36	0.02191	0.66170	0.04220	0.01478	0.02136	0.03232	0.01451	0.02451	0.01657	0.01958	0.01150	0.01368	0.01068	0.00766	0.00695	0.00191	0.05942	0.00465	0.00356	0.01054
37	0.01194	0.00861	0.01136	0.01099	0.01294	0.00803	0.00845	0.01585	0.02303	0.03238	0.58485	0.06554	0.07502	0.01764	0.00998	0.00275	0.00433	0.07952	0.00898	0.00782
38	0.03103	0.03959	0.02354	0.02140	0.02568	0.67469	0.01605	0.03317	0.02354	0.02033	0.01284	0.01498	0.01070	0.00856	0.00749	0.00214	0.01498	0.00535	0.00428	0.00963
39	0.02997	0.03984	0.07094	0.02157	0.02644	0.62627	0.01713	0.03267	0.02310	0.02077	0.01299	0.01517	0.01069	0.00851	0.00752	0.00218	0.01478	0.00541	0.00422	0.00983
40	0.01012	0.00723	0.00964	0.01157	0.01205	0.00675	0.00771	0.01157	0.01591	0.02121	0.04579	0.70262	0.05495	0.02603	0.01060	0.00337	0.00482	0.02362	0.00771	0.00675
41	0.02056	0.01974	0.03372	0.05099	0.65622	0.01974	0.02550	0.02550	0.01892	0.02714	0.01563	0.02056	0.01316	0.00740	0.00822	0.00247	0.00987	0.00740	0.00411	0.01316
42	0.01952	0.01276	0.01723	0.01946	0.14867	0.01179	0.01226	0.04966	0.02149	0.17146	0.12279	0.05098	0.27854	0.01477	0.00908	0.00264	0.00623	0.01258	0.00774	0.01033
43	0.01723	0.01477	0.01723	0.01230	0.01969	0.01107	0.00984	0.02092	0.01723	0.02707	0.01477	0.01723	0.01230	0.00615	0.00615	0.00123	0.00615	0.00492	0.00492	0.75883
44	0.01187	0.00890	0.01335	0.01335	0.01483	0.01038	0.01038	0.01483	0.01335	0.01928	0.02225	0.03264	0.02077	0.06231	0.67512	0.01335	0.02225	0.00890	0.00445	0.00742
45	0.01569	0.01477	0.02492	0.68808	0.05722	0.01846	0.02307	0.02123	0.01661	0.02123	0.01477	0.02215	0.01107	0.00831	0.00831	0.00277	0.01107	0.00738	0.00369	0.00923
46	0.03309	0.02085	0.02343	0.01796	0.02455	0.02217	0.01484	0.47251	0.03500	0.21409	0.02335	0.02216	0.01584	0.01005	0.00832	0.00251	0.00859	0.00771	0.00883	0.01413
47	0.02059	0.01913	0.02894	0.04007	0.45295	0.02003	0.02154	0.03147	0.21824	0.02958	0.02145	0.02390	0.01707	0.00864	0.00830	0.00258	0.00881	0.00804	0.00550	0.01316
48	0.01223	0.00925	0.01333	0.01314	0.01432	0.01081	0.00998	0.01469	0.01313	0.01884	0.02226	0.03517	0.02168	0.15738	0.54602	0.01205	0.05479	0.00930	0.00450	0.00714
49	0.02154	0.01343	0.01494	0.06190	0.01877	0.01440	0.01051	0.21199	0.02445	0.06545	0.02420	0.02673	0.01825	0.00970	0.00689	0.00220	0.00621	0.00766	0.43062	0.01015
50	0.01187	0.00890	0.01335	0.01335	0.01483	0.01038	0.01038	0.01483	0.01335	0.01928	0.02225	0.03264	0.02077	0.06231	0.67512	0.01335	0.02225	0.00890	0.00445	0.00742
51	0.01091	0.00798	0.01043	0.01210	0.01325	0.00750	0.00897	0.01305	0.01712	0.02230	0.05035	0.46666	0.13137	0.02459	0.01072	0.00341	0.00546	0.16913	0.00770	0.00701
52	0.01569	0.01477	0.02492	0.68808	0.05722	0.01846	0.02307	0.02123	0.01661	0.02123	0.01477	0.02215	0.01107	0.00831	0.00831	0.00277	0.01107	0.00738	0.00369	0.00923
53	0.01569	0.01477	0.02492	0.68808	0.05722	0.01846	0.02307	0.02123	0.01661	0.02123	0.01477	0.02215	0.01107	0.00831	0.00831	0.00277	0.01107	0.00738	0.00369	0.00923
54	0.01037	0.00774	0.00966	0.01066	0.01194	0.00702	0.00743	0.01245	0.01805	0.02384	0.17226	0.44130	0.19062	0.02317	0.01027	0.00310	0.00451	0.02061	0.00799	0.00702
55	0.02020	0.01937	0.03307	0.09806	0.61196	0.01964	0.02532	0.02518	0.01875	0.02670	0.01556	0.02068	0.01300	0.00747	0.00823	0.00249	0.00996	0.00740	0.00408	0.01287
56	0.01790	0.01702	0.02891	0.39929	0.32874	0.01904	0.02417	0.02316	0.01766	0.02391	0.01516	0.02143	0.01202	0.00790	0.00827	0.00263	0.01053	0.00739	0.00388	0.01101
57	0.20129	0.01748	0.01947	0.01528	0.02149	0.01799	0.01262	0.22415	0.02645	0.32576	0.02387	0.02226	0.01588	0.00960	0.00761	0.00255	0.00758	0.00720	0.00849	0.01297
58	0.01128	0.00805	0.01071	0.01187	0.01299	0.00764	0.00870	0.01374	0.01827	0.02474	0.19942	0.38667	0.05826	0.05898	0.01223	0.00351	0.00531	0.13259	0.00793	0.00711
59	0.08884	0.33785	0.12589	0.02175	0.09064	0.02636	0.06853	0.02463	0.01664	0.02356	0.01281	0.01605	0.01094	0.00823	0.00910	0.00236	0.09539	0.00579	0.00381	0.01084
60	0.02056	0.01974	0.03372	0.05099	0.65622	0.01974	0.02550	0.02550	0.01892	0.02714	0.01563	0.02056	0.01316	0.00740	0.00822	0.00247	0.00987	0.00740	0.00411	0.01316
61	0.01180	0.00886	0.01117	0.01163	0.01381	0.00823	0.00941	0.01516	0.02063	0.02717	0.27064	0.07859	0.23065	0.02029	0.01041	0.00311	0.00535	0.22738	0.00820	0.00754
62	0.02345	0.02596	0.02690	0.03447	0.33275	0.26127	0.01963	0.02797	0.05015	0.02454	0.02180	0.02449	0.07208	0.00928	0.00811	0.00239	0.01108	0.00767	0.00471	0.01128
63	0.01208	0.00805	0.00906	0.00906	0.00906	0.00805	0.00503	0.01208	0.01208	0.01611	0.02618	0.05436	0.03020	0.70804	0.04228	0.00805	0.00805	0.01208	0.00503	0.00503
64	0.01123	0.00797	0.01063	0.01236	0.01320	0.00767	0.00903	0.01320	0.01642	0.02172	0.04332	0.46716	0.05047	0.09338	0.01402	0.00397	0.00594	0.18406	0.00743	0.00683
65	0.07566	0.01857	0.01584	0.01379	0.01804	0.13308	0.01080	0.18315	0.02477	0.03157	0.04632	0.04517	0.29171	0.01436	0.00848	0.00255	0.00763	0.01127	0.03769	0.00958
66	0.02339	0.08300	0.03176	0.02404	0.02854	0.24372	0.17099	0.02830	0.06490	0.02284	0.01480	0.01872	0.01232	0.00976	0.01298	0.00271	0.18544	0.00719	0.00435	0.01024
67	0.02532	0.01932	0.02070	0.01692	0.02228	0.02123	0.01360	0.39324	0.16058	0.04309	0.03182	0.07930	0.08987	0.01265	0.00868	0.00266	0.00774	0.01018	0.00823	0.01259
68	0.01080	0.00845	0.00978	0.00945	0.01182	0.00743	0.00708	0.01382	0.02125	0.02794	0.37131	0.07090	0.36226	0.01899	0.00981	0.00271	0.00406	0.01626	0.00844	0.00743
69	0.11504	0.03255	0.09813	0.01994	0.02561	0.34372	0.01699	0.16609	0.02477	0.03028	0.01446	0.01638	0.01127	0.00897	0.00835	0.00240	0.04309	0.00591	0.00518	0.01087
70	0.02694	0.02796	0.02651	0.03051	0.24067	0.29695	0.01875	0.12243	0.02407	0.05280	0.01701	0.04593	0.01425	0.00916	0.00803	0.00237	0.01161	0.00724	0.00522	0.01160

[dist]
# distance from previous block
# <min> <max>
0	2

[block]
# block no. 2 follows, 22 sequences, length 56
# corresponding to MSA columns:
# 234-289
name=unknown_C
#
# <colnr> <probs for GDERKNQSTAVLIFYWHMCP>
#	G	D	E	R	K	N	Q	S	T	A	V	L	I	F	Y	W	H	M	C	P
0	0.02270	0.01246	0.01528	0.01300	0.01665	0.01227	0.01000	0.10993	0.04692	0.21847	0.15852	0.06662	0.03490	0.12633	0.04646	0.00397	0.00728	0.01087	0.05710	0.01028
1	0.01111	0.00847	0.01020	0.00977	0.01201	0.00756	0.00733	0.01442	0.02198	0.02966	0.46109	0.06807	0.27141	0.01835	0.00980	0.00268	0.00402	0.01587	0.00866	0.00756
2	0.02294	0.65740	0.04188	0.01481	0.02168	0.08590	0.01437	0.02556	0.01743	0.01961	0.01166	0.01346	0.01066	0.00723	0.00551	0.00181	0.00939	0.00452	0.00361	0.01058
3	0.02155	0.01941	0.03286	0.04884	0.61853	0.01929	0.02471	0.02639	0.01920	0.06482	0.01664	0.02102	0.01360	0.00757	0.00823	0.00247	0.00970	0.00746	0.00448	0.01322
4	0.03103	0.03959	0.02354	0.02140	0.02568	0.67469	0.01605	0.03317	0.02354	0.02033	0.01284	0.01498	0.01070	0.00856	0.00749	0.00214	0.01498	0.00535	0.00428	0.00963
5	0.02066	0.01785	0.01878	0.01691	0.02160	0.02066	0.01315	0.04414	0.64121	0.03475	0.03381	0.03099	0.02536	0.01127	0.00845	0.00282	0.00657	0.00939	0.00845	0.01315
6	0.01739	0.13068	0.58366	0.02244	0.03404	0.02107	0.02854	0.02612	0.01745	0.02542	0.01447	0.01699	0.01054	0.00779	0.00756	0.00252	0.01183	0.00592	0.00351	0.01207
7	0.01012	0.00723	0.00964	0.01157	0.01205	0.00675	0.00771	0.01157	0.01591	0.02121	0.04579	0.70262	0.05495	0.02603	0.01060	0.00337	0.00482	0.02362	0.00771	0.00675
8	0.01961	0.02241	0.04902	0.03501	0.04342	0.02101	0.62605	0.02661	0.01961	0.02661	0.01681	0.02241	0.01261	0.00700	0.00980	0.00280	0.01401	0.00980	0.00420	0.01120
9	0.01050	0.00849	0.00936	0.00928	0.01182	0.00735	0.00705	0.01316	0.02014	0.02540	0.23046	0.07594	0.47364	0.02007	0.00989	0.00280	0.00430	0.04500	0.00808	0.00726
10	0.02024	0.01941	0.03314	0.09264	0.61706	0.01965	0.02534	0.02522	0.01877	0.02675	0.01557	0.02066	0.01302	0.00746	0.00823	0.00249	0.00995	0.00740	0.00408	0.01290
11	0.01549	0.00774	0.00774	0.00774	0.00968	0.00774	0.00581	0.01936	0.01742	0.03097	0.02710	0.03097	0.02129	0.00968	0.00581	0.00194	0.00387	0.00774	0.75416	0.00774
12	0.01187	0.00890	0.01335	0.01335	0.01483	0.01038	0.01038	0.01483	0.01335	0.01928	0.02225	0.03264	0.02077	0.06231	0.67512	0.01335	0.02225	0.00890	0.00445	0.00742
13	0.06123	0.02682	0.02524	0.05070	0.05505	0.25988	0.05279	0.12460	0.07370	0.02809	0.01570	0.01866	0.01266	0.01001	0.01174	0.00265	0.14780	0.00681	0.00514	0.01073
14	0.03188	0.01692	0.02029	0.01620	0.02222	0.01710	0.01317	0.15966	0.18494	0.37881	0.03046	0.02730	0.02050	0.01047	0.00837	0.00262	0.00736	0.00844	0.00942	0.01388
15	0.01191	0.00873	0.01249	0.01249	0.01367	0.00992	0.00931	0.01428	0.01310	0.01865	0.02304	0.03700	0.02267	0.19214	0.54788	0.01229	0.01940	0.00954	0.00457	0.00694
16	0.01076	0.00890	0.00949	0.00926	0.01199	0.00787	0.00697	0.01432	0.05105	0.02531	0.19945	0.07378	0.50221	0.01971	0.00975	0.00277	0.00427	0.01660	0.00805	0.00749
17	0.01825	0.03188	0.33283	0.02979	0.03998	0.02022	0.35174	0.02647	0.01865	0.02647	0.01593	0.02017	0.01165	0.00741	0.00892	0.00272	0.01321	0.00812	0.00388	0.01170
18	0.02218	0.01197	0.01437	0.01214	0.01652	0.01093	0.00964	0.06485	0.05267	0.26325	0.13162	0.05222	0.27263	0.01534	0.00911	0.00267	0.00567	0.01276	0.00892	0.01052
19	0.03333	0.01764	0.02111	0.01649	0.02278	0.01778	0.01352	0.23728	0.10495	0.38115	0.02862	0.02583	0.01901	0.01030	0.00835	0.00258	0.00770	0.00819	0.00940	0.01401
20	0.01187	0.00890	0.01335	0.01335	0.01483	0.01038	0.01038	0.01483	0.01335	0.01928	0.02225	0.03264	0.02077	0.06231	0.67512	0.01335	0.02225	0.00890	0.00445	0.00742
21	0.01012	0.00723	0.00964	0.01157	0.01205	0.00675	0.00771	0.01157	0.01591	0.02121	0.04579	0.70262	0.05495	0.02603	0.01060	0.00337	0.00482	0.02362	0.00771	0.00675
22	0.01045	0.00748	0.00993	0.01134	0.01212	0.00697	0.00774	0.01239	0.01744	0.02364	0.16764	0.57383	0.05966	0.02421	0.01044	0.00322	0.00464	0.02189	0.00800	0.00697
23	0.01666	0.04297	0.66500	0.02368	0.03596	0.01929	0.03069	0.02631	0.01754	0.02631	0.01491	0.01754	0.01052	0.00789	0.00789	0.00263	0.01228	0.00614	0.00351	0.01228
24	0.14317	0.01511	0.02066	0.08430	0.24252	0.01581	0.01602	0.02290	0.07273	0.02823	0.06239	0.03861	0.14622	0.01198	0.00832	0.00270	0.00756	0.04467	0.00580	0.01030
25	0.02031	0.01965	0.03404	0.07732	0.60305	0.01974	0.05257	0.02536	0.01885	0.02687	0.01564	0.02071	0.01305	0.00742	0.00830	0.00250	0.01011	0.00751	0.00410	0.01290
26	0.02031	0.02126	0.07499	0.04921	0.61567	0.01971	0.02584	0.02555	0.01883	0.02709	0.01558	0.02036	0.01299	0.00743	0.00820	0.00248	0.01003	0.00732	0.00407	0.01310
27	0.01191	0.00872	0.01244	0.01244	0.01361	0.00989	0.00925	0.01425	0.01308	0.01861	0.02309	0.03725	0.02277	0.19949	0.54067	0.01223	0.01924	0.00958	0.00457	0.00691
28	0.01712	0.09834	0.61365	0.02290	0.03475	0.02042	0.02933	0.02619	0.01748	0.02575	0.01463	0.01719	0.01053	0.00783	0.00768	0.00256	0.01200	0.00600	0.00351	0.01214
29	0.01711	0.04032	0.59300	0.02679	0.10670	0.01934	0.03010	0.02622	0.01770	0.02640	0.01499	0.01788	0.01082	0.00784	0.00793	0.00261	0.01200	0.00628	0.00358	0.01238
30	0.17603	0.00979	0.00919	0.00872	0.01153	0.01025	0.00676	0.02134	0.01700	0.05951	0.02404	0.02714	0.01865	0.00929	0.00578	0.00210	0.00455	0.00708	0.56296	0.00829
31	0.01020	0.00786	0.00932	0.01016	0.01176	0.00699	0.00716	0.01221	0.01805	0.02317	0.13455	0.37356	0.29939	0.02292	0.01019	0.00305	0.00446	0.02012	0.00789	0.00699
32	0.02964	0.02213	0.06483	0.01828	0.02481	0.02214	0.01568	0.44711	0.06017	0.13120	0.02350	0.06192	0.01768	0.01089	0.00843	0.00258	0.00870	0.00855	0.00824	0.01353
33	0.02056	0.01974	0.03372	0.05099	0.65622	0.01974	0.02550	0.02550	0.01892	0.02714	0.01563	0.02056	0.01316	0.00740	0.00822	0.00247	0.00987	0.00740	0.00411	0.01316
34	0.01294	0.01035	0.01181	0.01111	0.01389	0.01016	0.00843	0.02022	0.14628	0.03019	0.34952	0.06142	0.24791	0.01711	0.00953	0.00271	0.00454	0.01468	0.00856	0.00865
35	0.14234	0.23922	0.15026	0.04379	0.02303	0.02052	0.01546	0.02423	0.01827	0.07927	0.12040	0.02620	0.04648	0.00980	0.00707	0.00236	0.00811	0.00744	0.00543	0.01033
36	0.01666	0.04297	0.66500	0.02368	0.03596	0.01929	0.03069	0.02631	0.01754	0.02631	0.01491	0.01754	0.01052	0.00789	0.00789	0.00263	0.01228	0.00614	0.00351	0.01228
37	0.01208	0.00805	0.00906	0.00906	0.00906	0.00805	0.00503	0.01208	0.01208	0.01611	0.02618	0.05436	0.03020	0.70804	0.04228	0.00805	0.00805	0.01208	0.00503	0.00503
38	0.02162	0.01724	0.01868	0.01646	0.02086	0.01930	0.01280	0.20252	0.34554	0.03700	0.03231	0.16292	0.02814	0.01387	0.00885	0.00284	0.00695	0.01171	0.00826	0.01214
39	0.02056	0.01974	0.03372	0.05099	0.65622	0.01974	0.02550	0.02550	0.01892	0.02714	0.01563	0.02056	0.01316	0.00740	0.00822	0.00247	0.00987	0.00740	0.00411	0.01316
40	0.01061	0.00744	0.00949	0.01094	0.01130	0.00708	0.00704	0.01170	0.01494	0.01993	0.04086	0.53981	0.04873	0.19731	0.01856	0.00455	0.00563	0.02072	0.00704	0.00632
41	0.01117	0.00855	0.01029	0.01010	0.01237	0.00767	0.00774	0.01439	0.02141	0.02850	0.38603	0.07150	0.29229	0.01902	0.00995	0.00279	0.00435	0.06590	0.00848	0.00751
42	0.02056	0.01974	0.03372	0.05099	0.65622	0.01974	0.02550	0.02550	0.01892	0.02714	0.01563	0.02056	0.01316	0.00740	0.00822	0.00247	0.00987	0.00740	0.00411	0.01316
43	0.01012	0.00723	0.00964	0.01157	0.01205	0.00675	0.00771	0.01157	0.01591	0.02121	0.04579	0.70262	0.05495	0.02603	0.01060	0.00337	0.00482	0.02362	0.00771	0.00675
44	0.01043	0.00834	0.00933	0.00930	0.01165	0.00724	0.00689	0.01302	0.02004	0.02559	0.25101	0.12880	0.42856	0.02026	0.00988	0.00280	0.00417	0.01731	0.00814	0.00724
45	0.02056	0.01974	0.03372	0.05099	0.65622	0.01974	0.02550	0.02550	0.01892	0.02714	0.01563	0.02056	0.01316	0.00740	0.00822	0.00247	0.00987	0.00740	0.00411	0.01316
46	0.01592	0.01500	0.02534	0.65747	0.08599	0.01852	0.02319	0.02143	0.01672	0.02151	0.01481	0.02207	0.01117	0.00826	0.00830	0.00275	0.01102	0.00738	0.00371	0.00942
47	0.01700	0.00988	0.01141	0.01021	0.01387	0.00841	0.00795	0.01953	0.02055	0.18678	0.11793	0.06526	0.44379	0.01796	0.00944	0.00273	0.00492	0.01498	0.00849	0.00890
48	0.02040	0.01613	0.01820	0.01681	0.02095	0.01793	0.01376	0.15253	0.30976	0.03495	0.03446	0.04998	0.03069	0.01496	0.00945	0.00309	0.00745	0.20885	0.00815	0.01149
49	0.01060	0.00786	0.00996	0.01109	0.01238	0.00721	0.00794	0.01278	0.01800	0.02374	0.15284	0.42837	0.17186	0.02333	0.01039	0.00318	0.00479	0.06869	0.00794	0.00705
50	0.03017	0.03795	0.02438	0.02385	0.07778	0.62058	0.01683	0.03254	0.02316	0.02089	0.01307	0.01544	0.01090	0.00846	0.00755	0.00217	0.01456	0.00552	0.00427	0.00992
51	0.02664	0.02669	0.18548	0.01901	0.02621	0.10361	0.01828	0.14293	0.10234	0.18743	0.02406	0.02650	0.01775	0.01027	0.00831	0.00262	0.00978	0.04250	0.00702	0.01256
52	0.01192	0.00910	0.01041	0.01059	0.01244	0.00865	0.00748	0.03986	0.04957	0.02429	0.12399	0.26163	0.25549	0.11870	0.01454	0.00369	0.00524	0.01752	0.00756	0.00735
53	0.02231	0.01209	0.01489	0.01273	0.01688	0.01134	0.01002	0.05711	0.08322	0.25699	0.20085	0.07941	0.15737	0.01489	0.00912	0.00269	0.00567	0.01260	0.00910	0.01072
54	0.02075	0.16463	0.22544	0.02291	0.03135	0.06142	0.16840	0.09121	0.04693	0.02766	0.01939	0.02170	0.04425	0.00858	0.00800	0.00248	0.01121	0.00750	0.00467	0.01151
55	0.28006	0.02267	0.04963	0.01560	0.02085	0.16344	0.01287	0.05646	0.14461	0.08384	0.02290	0.02298	0.05213	0.00972	0.00714	0.00254	0.00868	0.00697	0.00625	0.01066

[dist]
# distance from previous block
# <min> <max>
6	97

[block]
# block no. 3 follows, 22 sequences, length 7
# corresponding to MSA columns:
# 387-393
name=unknown_D
#
# <colnr> <probs for GDERKNQSTAVLIFYWHMCP>
#	G	D	E	R	K	N	Q	S	T	A	V	L	I	F	Y	W	H	M	C	P
0	0.01859	0.02005	0.09531	0.02811	0.21566	0.01919	0.01929	0.07047	0.01831	0.02631	0.02163	0.02570	0.07533	0.01365	0.04808	0.00329	0.19127	0.00809	0.00470	0.07699
1	0.02245	0.18599	0.15840	0.01880	0.02498	0.22999	0.01774	0.02841	0.08274	0.02300	0.02058	0.02210	0.06260	0.00978	0.00877	0.00239	0.05934	0.00681	0.00461	0.01052
2	0.02451	0.07829	0.08118	0.02432	0.08803	0.12129	0.12712	0.06667	0.08674	0.11538	0.01930	0.02106	0.01448	0.00881	0.00911	0.00249	0.04725	0.00740	0.00565	0.05094
3	0.01731	0.08052	0.08194	0.01480	0.01835	0.15498	0.01251	0.01979	0.01766	0.02074	0.03650	0.08342	0.19152	0.13149	0.01593	0.00356	0.07419	0.01114	0.00536	0.00826
4	0.02196	0.18292	0.13179	0.01733	0.02303	0.24988	0.01581	0.02641	0.05241	0.02175	0.02314	0.02681	0.08400	0.07646	0.01071	0.00282	0.01087	0.00748	0.00466	0.00976
5	0.21632	0.01910	0.01544	0.01624	0.05573	0.19036	0.01129	0.02164	0.01786	0.02565	0.02836	0.25680	0.06432	0.01506	0.00813	0.00274	0.00825	0.01230	0.00589	0.00852
6	0.01609	0.01382	0.02202	0.01860	0.02210	0.01419	0.14941	0.02231	0.10113	0.05625	0.09604	0.20628	0.08563	0.01642	0.01154	0.00307	0.07302	0.05582	0.00689	0.00937

[dist]
# distance from previous block
# <min> <max>
5	7

[block]
# block no. 4 follows, 22 sequences, length 60
# corresponding to MSA columns:
# 401-460
name=unknown_E
#
# <colnr> <probs for GDERKNQSTAVLIFYWHMCP>
#	G	D	E	R	K	N	Q	S	T	A	V	L	I	F	Y	W	H	M	C	P
0	0.02101	0.02369	0.15078	0.02960	0.21354	0.01961	0.07741	0.16975	0.05412	0.03268	0.02401	0.06619	0.05925	0.01033	0.00859	0.00263	0.00969	0.00918	0.00569	0.01223
1	0.15323	0.02030	0.02929	0.04209	0.50444	0.05954	0.02200	0.02577	0.01835	0.02852	0.01474	0.01897	0.01227	0.00753	0.00763	0.00247	0.00957	0.00676	0.00430	0.01221
2	0.24436	0.02507	0.02092	0.01729	0.02294	0.17816	0.01388	0.31186	0.02815	0.04037	0.01583	0.01690	0.01183	0.00898	0.00720	0.00243	0.00975	0.00611	0.00643	0.01157
3	0.02802	0.11396	0.02800	0.02604	0.14669	0.41173	0.01763	0.08646	0.02331	0.02455	0.01389	0.01633	0.01149	0.00830	0.00745	0.00219	0.01273	0.00584	0.00454	0.01085
4	0.01558	0.07275	0.01571	0.01366	0.01607	0.11321	0.01036	0.01939	0.06374	0.02374	0.10961	0.31146	0.09127	0.01896	0.00945	0.00292	0.00696	0.06990	0.00705	0.00821
5	0.01096	0.00772	0.01003	0.01140	0.01204	0.00737	0.00780	0.01256	0.01606	0.02148	0.08560	0.46740	0.05112	0.15649	0.01674	0.00427	0.00568	0.08140	0.00729	0.00659
6	0.01068	0.00832	0.00981	0.01048	0.01249	0.00744	0.00792	0.01312	0.01881	0.02386	0.13886	0.22859	0.34598	0.02202	0.01026	0.00307	0.00485	0.10841	0.00788	0.00715
7	0.02138	0.19883	0.36702	0.02092	0.03009	0.17847	0.02336	0.02761	0.01881	0.02330	0.01363	0.01595	0.01060	0.00787	0.00720	0.00231	0.01213	0.00555	0.00370	0.01127
8	0.02613	0.07967	0.28687	0.01969	0.02852	0.04764	0.02093	0.17321	0.02435	0.18334	0.02004	0.02026	0.01379	0.00893	0.00790	0.00250	0.01016	0.00683	0.00630	0.01293
9	0.01666	0.04297	0.66500	0.02368	0.03596	0.01929	0.03069	0.02631	0.01754	0.02631	0.01491	0.01754	0.01052	0.00789	0.00789	0.00263	0.01228	0.00614	0.00351	0.01228
10	0.01940	0.01846	0.03089	0.20124	0.48245	0.01948	0.02432	0.02539	0.04871	0.02610	0.01631	0.02145	0.01326	0.00781	0.00825	0.00256	0.01000	0.00749	0.00422	0.01222
11	0.02046	0.01689	0.02574	0.44443	0.12858	0.01954	0.02144	0.13042	0.02133	0.06665	0.01690	0.02192	0.01247	0.00860	0.00830	0.00267	0.01033	0.00746	0.00497	0.01091
12	0.00982	0.00842	0.00842	0.00842	0.01122	0.00701	0.00631	0.01192	0.01894	0.02244	0.08416	0.07995	0.65285	0.02104	0.00982	0.00281	0.00421	0.01753	0.00771	0.00701
13	0.02313	0.48853	0.12753	0.01694	0.02423	0.15464	0.01690	0.02668	0.01826	0.02065	0.01227	0.01424	0.01065	0.00750	0.00611	0.00197	0.01054	0.00486	0.00369	0.01069
14	0.01770	0.13203	0.40404	0.02052	0.02999	0.01925	0.06415	0.02488	0.01850	0.05377	0.07874	0.02568	0.05666	0.00947	0.00797	0.00253	0.01040	0.00776	0.00464	0.01132
15	0.01748	0.01597	0.01547	0.01458	0.01828	0.07637	0.01138	0.03005	0.31607	0.02885	0.07267	0.05142	0.19790	0.01527	0.00915	0.00286	0.00674	0.08139	0.00780	0.01029
16	0.01201	0.00832	0.01040	0.01040	0.01086	0.00878	0.00670	0.01294	0.01248	0.01710	0.02495	0.04760	0.02727	0.50716	0.23916	0.00970	0.01247	0.01109	0.00485	0.00578
17	0.02041	0.46312	0.18923	0.01654	0.02423	0.05595	0.01770	0.02462	0.01698	0.02104	0.01349	0.01699	0.01189	0.04045	0.03445	0.00274	0.01047	0.00540	0.00368	0.01063
18	0.01187	0.00890	0.01335	0.01335	0.01483	0.01038	0.01038	0.01483	0.01335	0.01928	0.02225	0.03264	0.02077	0.06231	0.67512	0.01335	0.02225	0.00890	0.00445	0.00742
19	0.01208	0.00805	0.00906	0.00906	0.00906	0.00805	0.00503	0.01208	0.01208	0.01611	0.02618	0.05436	0.03020	0.70804	0.04228	0.00805	0.00805	0.01208	0.00503	0.00503
20	0.01010	0.00731	0.00956	0.01135	0.01199	0.00677	0.00762	0.01159	0.01611	0.02129	0.04838	0.66051	0.09538	0.02569	0.01055	0.00334	0.00478	0.02321	0.00771	0.00677
21	0.03158	0.02327	0.02493	0.01911	0.02576	0.02576	0.01579	0.62852	0.03906	0.05236	0.01995	0.01995	0.01413	0.00997	0.00831	0.00249	0.00914	0.00748	0.00831	0.01413
22	0.01608	0.01402	0.01333	0.01242	0.01522	0.10924	0.00936	0.02057	0.06412	0.05954	0.35074	0.08283	0.16804	0.01616	0.00933	0.00262	0.00601	0.01371	0.00809	0.00857
23	0.01099	0.00892	0.00980	0.00950	0.01213	0.00797	0.00715	0.01477	0.05224	0.02654	0.26248	0.07174	0.43768	0.01925	0.00974	0.00274	0.00424	0.01632	0.00821	0.00759
24	0.02568	0.03062	0.02378	0.02344	0.08284	0.42380	0.01672	0.02801	0.02016	0.02090	0.01472	0.05083	0.01356	0.01267	0.03854	0.00298	0.14982	0.00697	0.00431	0.00962
25	0.03158	0.02327	0.02493	0.01911	0.02576	0.02576	0.01579	0.62852	0.03906	0.05236	0.01995	0.01995	0.01413	0.00997	0.00831	0.00249	0.00914	0.00748	0.00831	0.01413
26	0.01203	0.00864	0.01191	0.01191	0.01320	0.00959	0.00884	0.01442	0.01364	0.01953	0.02649	0.03923	0.05500	0.18415	0.47557	0.01107	0.01741	0.00990	0.05052	0.00695
27	0.01666	0.04297	0.66500	0.02368	0.03596	0.01929	0.03069	0.02631	0.01754	0.02631	0.01491	0.01754	0.01052	0.00789	0.00789	0.00263	0.01228	0.00614	0.00351	0.01228
28	0.01592	0.01508	0.02497	0.62569	0.05390	0.01911	0.02261	0.02111	0.01625	0.02111	0.01440	0.02178	0.01106	0.00889	0.01008	0.00285	0.07491	0.00737	0.00369	0.00922
29	0.01240	0.01066	0.01088	0.01044	0.01369	0.01026	0.00794	0.01959	0.16705	0.02537	0.07217	0.06830	0.50349	0.01871	0.00949	0.00281	0.00477	0.01560	0.00789	0.00847
30	0.01549	0.00774	0.00774	0.00774	0.00968	0.00774	0.00581	0.01936	0.01742	0.03097	0.02710	0.03097	0.02129	0.00968	0.00581	0.00194	0.00387	0.00774	0.75416	0.00774
31	0.01650	0.01252	0.01425	0.01343	0.01631	0.01297	0.01006	0.16247	0.09355	0.03122	0.08761	0.32728	0.13014	0.01915	0.00964	0.00296	0.00589	0.01666	0.00804	0.00935
32	0.01187	0.00890	0.01335	0.01335	0.01483	0.01038	0.01038	0.01483	0.01335	0.01928	0.02225	0.03264	0.02077	0.06231	0.67512	0.01335	0.02225	0.00890	0.00445	0.00742
33	0.03103	0.03959	0.02354	0.02140	0.02568	0.67469	0.01605	0.03317	0.02354	0.02033	0.01284	0.01498	0.01070	0.00856	0.00749	0.00214	0.01498	0.00535	0.00428	0.00963
34	0.01250	0.00873	0.01099	0.01199	0.01397	0.00804	0.00939	0.01503	0.01832	0.05559	0.05646	0.27245	0.23682	0.02265	0.01053	0.00331	0.00568	0.21221	0.00782	0.00751
35	0.02032	0.01949	0.03328	0.08247	0.62662	0.01968	0.02538	0.02528	0.01880	0.02685	0.01558	0.02064	0.01306	0.00745	0.00823	0.00248	0.00993	0.00740	0.00409	0.01296
36	0.02056	0.01974	0.03372	0.05099	0.65622	0.01974	0.02550	0.02550	0.01892	0.02714	0.01563	0.02056	0.01316	0.00740	0.00822	0.00247	0.00987	0.00740	0.00411	0.01316
37	0.02583	0.16101	0.02697	0.01913	0.02298	0.31784	0.01555	0.02816	0.01970	0.06705	0.04306	0.01856	0.01458	0.01022	0.01195	0.00248	0.17407	0.00630	0.00464	0.00994
38	0.02246	0.02453	0.02810	0.21907	0.29337	0.22313	0.02188	0.02670	0.01971	0.02338	0.01452	0.01927	0.01181	0.00801	0.00802	0.00245	0.01179	0.00676	0.00405	0.01097
39	0.01172	0.00865	0.01066	0.01146	0.01289	0.00821	0.00806	0.05384	0.01885	0.02495	0.12239	0.48336	0.14771	0.02309	0.01023	0.00314	0.00491	0.02056	0.00792	0.00742
40	0.11725	0.02319	0.02437	0.02212	0.09992	0.07174	0.01616	0.44136	0.03257	0.04521	0.01792	0.01889	0.01315	0.00929	0.00786	0.00247	0.00933	0.00696	0.00714	0.01308
41	0.02289	0.02423	0.02288	0.05877	0.14591	0.25547	0.01663	0.07329	0.06968	0.02503	0.01791	0.02227	0.01501	0.02144	0.16672	0.00498	0.01442	0.00718	0.00490	0.01039
42	0.04858	0.01326	0.01325	0.01179	0.01436	0.04025	0.00841	0.15336	0.02040	0.02691	0.03739	0.04927	0.17305	0.32720	0.02382	0.00506	0.00761	0.01173	0.00639	0.00793
43	0.02853	0.23310	0.02946	0.01911	0.02443	0.42805	0.01549	0.08652	0.02307	0.02310	0.01313	0.01497	0.01101	0.00827	0.00694	0.00207	0.01267	0.00529	0.00445	0.01035
44	0.01706	0.09137	0.62011	0.02299	0.03490	0.02027	0.02950	0.02621	0.01749	0.02582	0.01467	0.01723	0.01053	0.00784	0.00771	0.00257	0.01203	0.00602	0.00351	0.01216
45	0.02056	0.01974	0.03372	0.05099	0.65622	0.01974	0.02550	0.02550	0.01892	0.02714	0.01563	0.02056	0.01316	0.00740	0.00822	0.00247	0.00987	0.00740	0.00411	0.01316
46	0.01050	0.00774	0.01067	0.05732	0.01510	0.00754	0.00875	0.01222	0.01595	0.02121	0.04369	0.65660	0.05198	0.02483	0.01045	0.00333	0.00524	0.02252	0.00744	0.00692
