[name]
unknown

[dist]
# distance from previous block
# <min> <max>
0	540

[block]
# block no. 0 follows, 22 sequences, length 133
# corresponding to MSA columns:
# 668-800
name=unknown_A
#
# <colnr> <probs for GDERKNQSTAVLIFYWHMCP>
#	G	D	E	R	K	N	Q	S	T	A	V	L	I	F	Y	W	H	M	C	P
0	0.01981	0.04223	0.52455	0.02318	0.03371	0.16280	0.02749	0.02781	0.01885	0.02500	0.01446	0.01698	0.01056	0.00804	0.00780	0.00252	0.01287	0.00597	0.00368	0.01170
1	0.01666	0.04297	0.66500	0.02368	0.03596	0.01929	0.03069	0.02631	0.01754	0.02631	0.01491	0.01754	0.01052	0.00789	0.00789	0.00263	0.01228	0.00614	0.00351	0.01228
2	0.02010	0.02238	0.10341	0.04738	0.56464	0.01974	0.04928	0.02563	0.01879	0.02703	0.01559	0.02030	0.01285	0.00744	0.00825	0.00250	0.01029	0.00736	0.00405	0.01299
3	0.01007	0.00745	0.00941	0.01098	0.01190	0.00680	0.00745	0.01163	0.01647	0.02144	0.05293	0.58666	0.16630	0.02510	0.01046	0.00327	0.00471	0.02248	0.00771	0.00680
4	0.17621	0.00976	0.01041	0.01051	0.01288	0.00972	0.00777	0.01567	0.01834	0.02855	0.22558	0.24537	0.16320	0.01840	0.00902	0.00287	0.00479	0.01574	0.00758	0.00761
5	0.02208	0.02247	0.02356	0.04570	0.02537	0.21142	0.09590	0.12646	0.02170	0.02628	0.01805	0.02348	0.01519	0.02800	0.24919	0.00636	0.01633	0.00767	0.00499	0.00979
6	0.01101	0.00769	0.00974	0.01089	0.01139	0.00737	0.00716	0.01227	0.01534	0.02055	0.07796	0.42729	0.04827	0.24039	0.02059	0.00482	0.00592	0.04808	0.00695	0.00632
7	0.01976	0.01509	0.01615	0.01393	0.01747	0.01635	0.01044	0.20533	0.17641	0.03246	0.03395	0.04167	0.10754	0.23416	0.01937	0.00439	0.00750	0.01076	0.00722	0.01004
8	0.01206	0.00960	0.01036	0.01026	0.01288	0.00882	0.00760	0.07326	0.02019	0.02512	0.06823	0.22861	0.44073	0.02118	0.00986	0.00292	0.00485	0.01804	0.00777	0.00766
9	0.01798	0.01544	0.01757	0.01331	0.02011	0.01317	0.01057	0.02600	0.15385	0.02875	0.01894	0.02024	0.01516	0.00727	0.00666	0.00158	0.00624	0.00590	0.00570	0.59556
10	0.01203	0.00824	0.01000	0.01000	0.01032	0.00856	0.00621	0.01268	0.01236	0.01680	0.02532	0.04961	0.02814	0.56666	0.18085	0.00921	0.01116	0.01138	0.00491	0.00556
11	0.02757	0.05259	0.02809	0.02966	0.22642	0.18926	0.01889	0.26189	0.02785	0.03492	0.01644	0.01863	0.01281	0.00869	0.00796	0.00237	0.01085	0.00680	0.00577	0.01254
12	0.01809	0.04263	0.60110	0.02345	0.03493	0.08458	0.02923	0.02699	0.01814	0.02571	0.01470	0.01728	0.01054	0.00796	0.00785	0.00258	0.01255	0.00606	0.00358	0.01201
13	0.02685	0.03868	0.16344	0.02147	0.02735	0.49537	0.01895	0.03068	0.02168	0.02158	0.01380	0.01649	0.01120	0.01131	0.04358	0.00285	0.01478	0.00571	0.00412	0.01009
14	0.01738	0.01405	0.01981	0.02274	0.16548	0.01513	0.01455	0.13135	0.01991	0.02754	0.02563	0.03156	0.07237	0.03625	0.33862	0.00789	0.01538	0.00903	0.00537	0.00997
15	0.02065	0.38200	0.14396	0.02539	0.14491	0.02662	0.10092	0.02546	0.01773	0.02301	0.01356	0.01658	0.01136	0.00728	0.00689	0.00218	0.01031	0.00599	0.00374	0.01146
16	0.01108	0.00871	0.00884	0.00883	0.01152	0.00773	0.00661	0.01438	0.04706	0.02410	0.07286	0.09325	0.51840	0.01925	0.00925	0.00271	0.00429	0.01607	0.10769	0.00738
17	0.01412	0.00909	0.01102	0.01030	0.01265	0.00867	0.00780	0.01897	0.05527	0.06107	0.42523	0.05292	0.08892	0.01497	0.00879	0.00248	0.00421	0.01295	0.17221	0.00835
18	0.02037	0.01955	0.03338	0.07553	0.63315	0.01969	0.02540	0.02533	0.01883	0.02691	0.01559	0.02062	0.01308	0.00744	0.00823	0.00248	0.00992	0.00740	0.00410	0.01301
19	0.01187	0.00890	0.01335	0.01335	0.01483	0.01038	0.01038	0.01483	0.01335	0.01928	0.02225	0.03264	0.02077	0.06231	0.67512	0.01335	0.02225	0.00890	0.00445	0.00742
20	0.01122	0.00798	0.00903	0.00939	0.01009	0.00758	0.00581	0.01195	0.01429	0.01844	0.04252	0.18070	0.17114	0.43060	0.02927	0.00603	0.00661	0.01542	0.00612	0.00579
21	0.02984	0.03681	0.02296	0.02077	0.02499	0.59944	0.01568	0.06220	0.02368	0.02189	0.01380	0.01636	0.01152	0.01206	0.05008	0.00287	0.01515	0.00568	0.00450	0.00972
22	0.01096	0.00784	0.00925	0.00992	0.01067	0.00739	0.00636	0.01202	0.01517	0.01983	0.07086	0.29524	0.15040	0.30910	0.02364	0.00519	0.00602	0.01737	0.00666	0.00613
23	0.01012	0.00723	0.00964	0.01157	0.01205	0.00675	0.00771	0.01157	0.01591	0.02121	0.04579	0.70262	0.05495	0.02603	0.01060	0.00337	0.00482	0.02362	0.00771	0.00675
24	0.03097	0.02291	0.02460	0.01882	0.02550	0.02514	0.01554	0.60261	0.03813	0.05128	0.01972	0.01983	0.01405	0.00981	0.00822	0.00244	0.00901	0.00737	0.00817	0.04588
25	0.01006	0.00787	0.00912	0.00999	0.01167	0.00693	0.00704	0.01195	0.01776	0.02242	0.09508	0.36908	0.34521	0.02316	0.01018	0.00306	0.00448	0.02024	0.00779	0.00693
26	0.01691	0.04149	0.62477	0.02542	0.07549	0.01932	0.03036	0.02626	0.01763	0.02636	0.01495	0.01773	0.01069	0.00786	0.00791	0.00262	0.01212	0.00622	0.00355	0.01233
27	0.02056	0.01974	0.03372	0.05099	0.65622	0.01974	0.02550	0.02550	0.01892	0.02714	0.01563	0.02056	0.01316	0.00740	0.00822	0.00247	0.00987	0.00740	0.00411	0.01316
28	0.00988	0.00816	0.00868	0.00911	0.01140	0.00695	0.00662	0.01184	0.01827	0.02217	0.07576	0.21629	0.52194	0.02213	0.00999	0.00293	0.00434	0.01886	0.00771	0.00695
29	0.02227	0.11340	0.22999	0.02796	0.13711	0.16503	0.10363	0.05809	0.02038	0.02571	0.01469	0.01777	0.01148	0.00785	0.00784	0.00241	0.01214	0.00654	0.00412	0.01161
30	0.02296	0.02419	0.03073	0.04272	0.48398	0.16927	0.02279	0.02808	0.04775	0.02593	0.01580	0.01975	0.01314	0.00784	0.00807	0.00241	0.01089	0.00702	0.00434	0.01235
31	0.01093	0.00877	0.00996	0.01055	0.01308	0.00780	0.00851	0.01357	0.01899	0.02319	0.07168	0.08422	0.46494	0.02163	0.01033	0.00312	0.00528	0.19853	0.00769	0.00721
32	0.00988	0.00816	0.00868	0.00911	0.01140	0.00695	0.00662	0.01184	0.01827	0.02217	0.07576	0.21629	0.52194	0.02213	0.00999	0.00293	0.00434	0.01886	0.00771	0.00695
33	0.02688	0.03050	0.02771	0.03309	0.27810	0.36679	0.01981	0.07204	0.02278	0.02531	0.01446	0.01756	0.01193	0.00820	0.00784	0.00230	0.01252	0.00632	0.00450	0.01136
34	0.04679	0.00841	0.01018	0.01138	0.01253	0.00826	0.00788	0.04018	0.01703	0.02457	0.04066	0.55427	0.04669	0.02237	0.00963	0.00311	0.00496	0.01998	0.10381	0.00730
35	0.01055	0.00741	0.00951	0.01102	0.01139	0.00703	0.00713	0.01168	0.01507	0.02009	0.04149	0.56068	0.04953	0.17536	0.01754	0.00440	0.00553	0.02109	0.00713	0.00637
36	0.02026	0.26386	0.07634	0.01885	0.02279	0.06836	0.01718	0.02302	0.01540	0.02061	0.01170	0.01619	0.01084	0.01073	0.01606	0.00272	0.33288	0.00598	0.00369	0.04255
37	0.01116	0.00840	0.01032	0.00998	0.01208	0.00756	0.00743	0.01447	0.02191	0.02982	0.47066	0.10128	0.22740	0.01853	0.00985	0.00270	0.00404	0.01614	0.00869	0.00756
38	0.02147	0.62333	0.12674	0.01548	0.02328	0.03105	0.01642	0.02507	0.01697	0.02045	0.01200	0.01389	0.01064	0.00721	0.00567	0.00189	0.00934	0.00467	0.00355	0.01088
39	0.03103	0.03959	0.02354	0.02140	0.02568	0.67469	0.01605	0.03317	0.02354	0.02033	0.01284	0.01498	0.01070	0.00856	0.00749	0.00214	0.01498	0.00535	0.00428	0.00963
40	0.01187	0.00890	0.01335	0.01335	0.01483	0.01038	0.01038	0.01483	0.01335	0.01928	0.02225	0.03264	0.02077	0.06231	0.67512	0.01335	0.02225	0.00890	0.00445	0.00742
41	0.02056	0.01974	0.03372	0.05099	0.65622	0.01974	0.02550	0.02550	0.01892	0.02714	0.01563	0.02056	0.01316	0.00740	0.00822	0.00247	0.00987	0.00740	0.00411	0.01316
42	0.02740	0.08369	0.16575	0.02082	0.02764	0.32376	0.01906	0.17991	0.02564	0.02959	0.01498	0.01667	0.01152	0.00866	0.00763	0.00231	0.01250	0.00599	0.00507	0.01141
43	0.01208	0.00805	0.00906	0.00906	0.00906	0.00805	0.00503	0.01208	0.01208	0.01611	0.02618	0.05436	0.03020	0.70804	0.04228	0.00805	0.00805	0.01208	0.00503	0.00503
44	0.00982	0.00842	0.00842	0.00842	0.01122	0.00701	0.00631	0.01192	0.01894	0.02244	0.08416	0.07995	0.65285	0.02104	0.00982	0.00281	0.00421	0.01753	0.00771	0.00701
45	0.01356	0.00961	0.01152	0.01186	0.01303	0.00967	0.00803	0.09432	0.01791	0.02392	0.03671	0.42541	0.04239	0.21937	0.01938	0.00460	0.00633	0.01815	0.00702	0.00724
46	0.01560	0.01112	0.01274	0.01221	0.01494	0.01085	0.00908	0.13476	0.02183	0.05957	0.05233	0.33519	0.23659	0.02048	0.00979	0.00298	0.00559	0.01773	0.00796	0.00865
47	0.01198	0.00801	0.00909	0.00920	0.00922	0.00798	0.00518	0.01205	0.01229	0.01638	0.02723	0.08932	0.03154	0.67127	0.04058	0.00780	0.00788	0.01270	0.00518	0.00513
48	0.02581	0.29048	0.03333	0.02376	0.14146	0.19279	0.01706	0.13367	0.02287	0.02695	0.01412	0.01626	0.01175	0.00804	0.00695	0.00212	0.01067	0.00576	0.00468	0.01148
49	0.01809	0.03322	0.37619	0.02977	0.06989	0.02003	0.27927	0.02639	0.01847	0.02648	0.01574	0.01972	0.01152	0.00750	0.00871	0.00269	0.01288	0.00773	0.00383	0.01187
50	0.02120	0.21948	0.03005	0.02639	0.20969	0.15088	0.01710	0.02450	0.01803	0.02190	0.01536	0.02003	0.01363	0.01957	0.15327	0.00459	0.01331	0.00648	0.00406	0.01049
51	0.01991	0.01907	0.03254	0.13629	0.57602	0.01957	0.02517	0.02492	0.01861	0.02635	0.01551	0.02077	0.01288	0.00752	0.00824	0.00251	0.01003	0.00740	0.00406	0.01263
52	0.00985	0.00831	0.00852	0.00869	0.01129	0.00699	0.00644	0.01189	0.01867	0.02233	0.08077	0.13486	0.60012	0.02148	0.00989	0.00286	0.00426	0.01807	0.00771	0.00699
53	0.01221	0.00964	0.01119	0.01110	0.01341	0.00934	0.00819	0.01809	0.11603	0.02772	0.25844	0.20271	0.23216	0.01926	0.00977	0.00287	0.00461	0.01676	0.00831	0.00818
54	0.01902	0.07336	0.47140	0.02584	0.08223	0.09188	0.06980	0.02695	0.01841	0.02540	0.01470	0.01762	0.01090	0.00783	0.00788	0.00253	0.01234	0.00632	0.00369	0.01190
55	0.01010	0.00843	0.00881	0.00871	0.01139	0.00713	0.00653	0.01247	0.01960	0.02402	0.16673	0.07735	0.56929	0.02045	0.00982	0.00278	0.00417	0.01717	0.00792	0.00713
56	0.01060	0.00811	0.00973	0.01004	0.01188	0.00724	0.00726	0.01318	0.01973	0.02602	0.27842	0.24933	0.27645	0.02098	0.01003	0.00290	0.00428	0.01834	0.00823	0.00724
57	0.02718	0.13039	0.14568	0.02086	0.02701	0.46670	0.01853	0.03078	0.02153	0.02134	0.01305	0.01524	0.01066	0.00824	0.00728	0.00218	0.01366	0.00538	0.00404	0.01026
58	0.02307	0.02546	0.02213	0.01979	0.02260	0.27221	0.01553	0.02986	0.15455	0.02329	0.01772	0.02111	0.01491	0.01599	0.07604	0.00379	0.21977	0.00715	0.00501	0.01003
59	0.01076	0.00823	0.00989	0.01015	0.01209	0.00737	0.00748	0.01347	0.01999	0.02634	0.28666	0.21015	0.28216	0.02069	0.01005	0.00290	0.00437	0.04171	0.00825	0.00729
60	0.03158	0.02327	0.02493	0.01911	0.02576	0.02576	0.01579	0.62852	0.03906	0.05236	0.01995	0.01995	0.01413	0.00997	0.00831	0.00249	0.00914	0.00748	0.00831	0.01413
61	0.01228	0.00983	0.01115	0.01073	0.01335	0.00944	0.00806	0.01837	0.11709	0.02853	0.29602	0.10504	0.29261	0.01825	0.00965	0.00277	0.00450	0.01568	0.00839	0.00827
62	0.03115	0.03602	0.02385	0.02090	0.02570	0.53261	0.01599	0.16353	0.02694	0.02734	0.01440	0.01607	0.01145	0.00887	0.00767	0.00222	0.01370	0.00582	0.00516	0.01062
63	0.02050	0.01883	0.01822	0.01670	0.02104	0.08417	0.01302	0.03911	0.49638	0.03184	0.03563	0.03692	0.06529	0.01244	0.00866	0.00282	0.00734	0.05113	0.00793	0.01202
64	0.02874	0.01877	0.02049	0.01610	0.02169	0.02019	0.01317	0.42451	0.03249	0.12090	0.02305	0.02336	0.01647	0.00995	0.00777	0.00238	0.00774	0.00764	0.17186	0.01273
65	0.01017	0.00805	0.00917	0.00969	0.01164	0.00704	0.00696	0.01231	0.01858	0.02350	0.14794	0.27592	0.38546	0.02209	0.01007	0.00296	0.00436	0.01914	0.00791	0.00704
66	0.10040	0.02141	0.02289	0.01869	0.02337	0.05197	0.01529	0.33147	0.11077	0.04004	0.01868	0.02018	0.01427	0.01086	0.01213	0.00278	0.15848	0.00730	0.00682	0.01219
67	0.01014	0.00843	0.00886	0.00875	0.01142	0.00715	0.00656	0.01254	0.01969	0.02423	0.17727	0.07701	0.55862	0.02037	0.00982	0.00277	0.00416	0.01712	0.00795	0.00715
68	0.01011	0.00728	0.00958	0.01142	0.01201	0.00676	0.00765	0.01158	0.01605	0.02126	0.04756	0.67379	0.08263	0.02580	0.01057	0.00335	0.00479	0.02333	0.00771	0.00676
69	0.01012	0.00723	0.00964	0.01157	0.01205	0.00675	0.00771	0.01157	0.01591	0.02121	0.04579	0.70262	0.05495	0.02603	0.01060	0.00337	0.00482	0.02362	0.00771	0.00675
70	0.02765	0.03412	0.02230	0.02035	0.02398	0.54437	0.01543	0.02988	0.02149	0.02017	0.01398	0.01755	0.01206	0.01614	0.09814	0.00374	0.05916	0.00595	0.00426	0.00930
71	0.01022	0.00761	0.00956	0.01106	0.01212	0.00695	0.00769	0.01193	0.01673	0.02166	0.05410	0.53604	0.18551	0.02478	0.01047	0.00327	0.00483	0.05093	0.00771	0.00685
72	0.02679	0.01993	0.02201	0.01656	0.02346	0.02008	0.01357	0.39248	0.03081	0.06801	0.01865	0.01933	0.01375	0.00865	0.00756	0.00205	0.00801	0.00662	0.00721	0.27447
73	0.02195	0.02497	0.04201	0.03210	0.06368	0.12978	0.44502	0.05150	0.02066	0.02629	0.01593	0.02079	0.01229	0.00778	0.01018	0.00271	0.04824	0.00875	0.00435	0.01103
74	0.02792	0.03388	0.02589	0.02791	0.16350	0.48991	0.01825	0.03065	0.02184	0.02180	0.01333	0.01641	0.01125	0.00869	0.00891	0.00231	0.05706	0.00592	0.00420	0.01037
75	0.02056	0.01974	0.03372	0.05099	0.65622	0.01974	0.02550	0.02550	0.01892	0.02714	0.01563	0.02056	0.01316	0.00740	0.00822	0.00247	0.00987	0.00740	0.00411	0.01316
76	0.01053	0.00754	0.01000	0.01129	0.01214	0.00702	0.00774	0.01258	0.01778	0.02420	0.19539	0.54450	0.06073	0.02379	0.01040	0.00319	0.00460	0.02150	0.00807	0.00702
77	0.02427	0.01591	0.01891	0.07486	0.02375	0.01704	0.01327	0.11479	0.25962	0.18938	0.06431	0.06809	0.05437	0.01212	0.00864	0.00273	0.00710	0.01013	0.00843	0.01228
78	0.01491	0.01142	0.01567	0.01466	0.01674	0.01340	0.01160	0.09733	0.01675	0.02376	0.02122	0.03002	0.01925	0.05225	0.54455	0.01128	0.06324	0.00861	0.00492	0.00842
79	0.00986	0.00826	0.00858	0.00884	0.01133	0.00698	0.00650	0.01187	0.01853	0.02228	0.07902	0.16332	0.57280	0.02171	0.00992	0.00288	0.00429	0.01835	0.00771	0.00698
80	0.01139	0.00776	0.00926	0.00994	0.01011	0.00759	0.00597	0.01190	0.01343	0.01790	0.03307	0.28222	0.03890	0.46832	0.03115	0.00641	0.00692	0.01614	0.00597	0.00564
81	0.02644	0.18377	0.08778	0.02376	0.11009	0.32012	0.01822	0.09029	0.02249	0.02487	0.01384	0.01610	0.01135	0.00817	0.00723	0.00218	0.01211	0.00571	0.00444	0.01103
82	0.02159	0.02567	0.07589	0.02968	0.14572	0.16530	0.13004	0.02555	0.01783	0.02304	0.01356	0.01864	0.01156	0.01007	0.01486	0.00287	0.24635	0.00725	0.00396	0.01057
83	0.01063	0.00850	0.00965	0.01032	0.01262	0.00753	0.00802	0.01301	0.01857	0.02280	0.07037	0.16628	0.44249	0.02212	0.01028	0.00310	0.00503	0.14386	0.00770	0.00711
84	0.02377	0.03478	0.21618	0.02792	0.16026	0.29252	0.02216	0.03037	0.06821	0.02464	0.01565	0.01814	0.01229	0.00833	0.00784	0.00241	0.01246	0.00632	0.00434	0.01143
85	0.01521	0.03457	0.50553	0.02019	0.03007	0.01640	0.02493	0.02322	0.01838	0.02656	0.09388	0.03077	0.10395	0.01065	0.00836	0.00265	0.01028	0.00864	0.00469	0.01109
86	0.01922	0.05655	0.20607	0.03527	0.30966	0.05171	0.07074	0.02525	0.01875	0.02595	0.01831	0.02729	0.01595	0.00925	0.00845	0.00264	0.01082	0.07191	0.00432	0.01188
87	0.01517	0.01415	0.01658	0.01991	0.15488	0.05426	0.01220	0.02094	0.10300	0.02608	0.11486	0.05445	0.33017	0.01554	0.00914	0.00267	0.00642	0.01320	0.00695	0.00943
88	0.01051	0.00786	0.00965	0.01041	0.01180	0.00712	0.00728	0.01264	0.01828	0.02413	0.19606	0.36975	0.20882	0.05175	0.01157	0.00325	0.00459	0.01960	0.00793	0.00700
89	0.00982	0.00842	0.00842	0.00842	0.01122	0.00701	0.00631	0.01192	0.01894	0.02244	0.08416	0.07995	0.65285	0.02104	0.00982	0.00281	0.00421	0.01753	0.00771	0.00701
90	0.02211	0.02342	0.02624	0.03437	0.32868	0.21240	0.02003	0.02597	0.02034	0.02462	0.02101	0.03492	0.02001	0.01115	0.00872	0.00267	0.01090	0.13661	0.00494	0.01090
91	0.01002	0.00761	0.00925	0.01056	0.01178	0.00683	0.00726	0.01168	0.01688	0.02160	0.05807	0.50329	0.24635	0.02443	0.01035	0.00319	0.00462	0.02167	0.00771	0.00683
92	0.01015	0.00813	0.00908	0.00947	0.01158	0.00706	0.00686	0.01234	0.01880	0.02359	0.15069	0.23126	0.42835	0.02173	0.01001	0.00292	0.00432	0.01870	0.00791	0.00706
93	0.03103	0.03959	0.02354	0.02140	0.02568	0.67469	0.01605	0.03317	0.02354	0.02033	0.01284	0.01498	0.01070	0.00856	0.00749	0.00214	0.01498	0.00535	0.00428	0.00963
94	0.24434	0.02258	0.15870	0.01628	0.02303	0.01878	0.01568	0.11043	0.13656	0.09840	0.06048	0.02307	0.01864	0.00956	0.00740	0.00262	0.00800	0.00722	0.00659	0.01161
95	0.01024	0.00843	0.00900	0.00886	0.01148	0.00719	0.00665	0.01274	0.01994	0.02482	0.20845	0.07603	0.52707	0.02015	0.00981	0.00276	0.00414	0.01698	0.00803	0.00719
96	0.01990	0.01635	0.01866	0.01357	0.02082	0.01381	0.01095	0.13408	0.02129	0.03178	0.01573	0.01773	0.01264	0.00686	0.00655	0.00147	0.00671	0.00540	0.00555	0.62014
97	0.01223	0.00893	0.01106	0.01205	0.01335	0.00866	0.00840	0.07306	0.01847	0.02441	0.04645	0.58209	0.10131	0.02401	0.01031	0.00324	0.00520	0.02150	0.00777	0.00751
98	0.01549	0.00774	0.00774	0.00774	0.00968	0.00774	0.00581	0.01936	0.01742	0.03097	0.02710	0.03097	0.02129	0.00968	0.00581	0.00194	0.00387	0.00774	0.75416	0.00774
99	0.02030	0.01947	0.03325	0.08534	0.62392	0.01967	0.02536	0.02527	0.01879	0.02682	0.01558	0.02065	0.01305	0.00745	0.00823	0.00248	0.00993	0.00740	0.00409	0.01295
100	0.01196	0.00800	0.00910	0.00922	0.00925	0.00797	0.00520	0.01205	0.01232	0.01643	0.02742	0.09549	0.03177	0.66477	0.04027	0.00776	0.00785	0.01281	0.00520	0.00514
101	0.01187	0.00890	0.01335	0.01335	0.01483	0.01038	0.01038	0.01483	0.01335	0.01928	0.02225	0.03264	0.02077	0.06231	0.67512	0.01335	0.02225	0.00890	0.00445	0.00742
102	0.01374	0.01166	0.01695	0.01587	0.01691	0.01487	0.01270	0.01637	0.01316	0.01950	0.01888	0.02833	0.01783	0.04809	0.48234	0.01046	0.22180	0.00842	0.00421	0.00791
103	0.00982	0.00842	0.00842	0.00842	0.01122	0.00701	0.00631	0.01192	0.01894	0.02244	0.08416	0.07995	0.65285	0.02104	0.00982	0.00281	0.00421	0.01753	0.00771	0.00701
104	0.02276	0.01695	0.01513	0.01328	0.01743	0.15480	0.01030	0.02531	0.02168	0.21298	0.08943	0.04921	0.28749	0.01485	0.00887	0.00258	0.00740	0.01197	0.00782	0.00976
105	0.01666	0.04297	0.66500	0.02368	0.03596	0.01929	0.03069	0.02631	0.01754	0.02631	0.01491	0.01754	0.01052	0.00789	0.00789	0.00263	0.01228	0.00614	0.00351	0.01228
106	0.01475	0.00788	0.00836	0.00836	0.01000	0.00799	0.00606	0.01803	0.01639	0.02807	0.02660	0.03423	0.02244	0.10729	0.06299	0.00365	0.00587	0.00841	0.59529	0.00735
107	0.01012	0.00760	0.00927	0.01057	0.01169	0.00688	0.00721	0.01169	0.01661	0.02135	0.05583	0.50014	0.22296	0.05246	0.01167	0.00340	0.00478	0.02143	0.00760	0.00675
108	0.01723	0.01477	0.01723	0.01230	0.01969	0.01107	0.00984	0.02092	0.01723	0.02707	0.01477	0.01723	0.01230	0.00615	0.00615	0.00123	0.00615	0.00492	0.00492	0.75883
109	0.01071	0.00864	0.00970	0.01026	0.01274	0.00763	0.00812	0.01321	0.01884	0.02298	0.07249	0.11180	0.47618	0.02174	0.01026	0.00308	0.00509	0.16166	0.00770	0.00716
110	0.01806	0.03196	0.34522	0.02838	0.03861	0.01968	0.30695	0.02618	0.01849	0.02649	0.01579	0.01979	0.01158	0.00739	0.00869	0.00264	0.01277	0.00778	0.00390	0.04964
111	0.01988	0.01902	0.03211	0.04828	0.61511	0.01893	0.02427	0.02463	0.01892	0.02684	0.01999	0.02435	0.05393	0.00827	0.00833	0.00249	0.00951	0.00805	0.00434	0.01277
112	0.00989	0.00842	0.00852	0.00849	0.01127	0.00704	0.00637	0.01207	0.01911	0.02286	0.10575	0.07927	0.63100	0.02089	0.00982	0.00280	0.00420	0.01744	0.00777	0.00704
113	0.16264	0.02199	0.02266	0.01765	0.02403	0.02449	0.01458	0.52083	0.03462	0.04967	0.01845	0.01880	0.01321	0.00957	0.00775	0.00251	0.00866	0.00695	0.00775	0.01321
114	0.01612	0.01282	0.01484	0.01318	0.01704	0.01236	0.00998	0.08174	0.13116	0.02986	0.11603	0.23246	0.06241	0.01542	0.00874	0.00253	0.00575	0.01340	0.00740	0.19678
115	0.01070	0.00739	0.00945	0.01098	0.01146	0.00700	0.00719	0.01204	0.01537	0.02088	0.04174	0.56610	0.04934	0.13374	0.01541	0.00405	0.00529	0.02099	0.04437	0.00652
116	0.03158	0.02327	0.02493	0.01911	0.02576	0.02576	0.01579	0.62852	0.03906	0.05236	0.01995	0.01995	0.01413	0.00997	0.00831	0.00249	0.00914	0.00748	0.00831	0.01413
117	0.02805	0.09772	0.02395	0.01950	0.02395	0.53123	0.01498	0.03130	0.05325	0.02114	0.01934	0.02071	0.06165	0.00954	0.00752	0.00219	0.01316	0.00642	0.00469	0.00970
118	0.02524	0.02898	0.02532	0.02440	0.08706	0.34100	0.01777	0.05291	0.01973	0.02225	0.01270	0.01693	0.01117	0.01072	0.01493	0.00274	0.26560	0.00636	0.00420	0.00997
119	0.00995	0.00842	0.00861	0.00856	0.01130	0.00707	0.00642	0.01219	0.01926	0.02321	0.12415	0.07869	0.61238	0.02075	0.00982	0.00279	0.00419	0.01736	0.00782	0.00707
120	0.02304	0.01738	0.01834	0.01561	0.02033	0.01947	0.01239	0.22651	0.31113	0.03958	0.02789	0.02744	0.02086	0.01050	0.00783	0.00252	0.00681	0.00842	0.17168	0.01228
121	0.01187	0.00890	0.01335	0.01335	0.01483	0.01038	0.01038	0.01483	0.01335	0.01928	0.02225	0.03264	0.02077	0.06231	0.67512	0.01335	0.02225	0.00890	0.00445	0.00742
122	0.01716	0.10250	0.60979	0.02284	0.03466	0.02050	0.02923	0.02618	0.01748	0.02571	0.01461	0.01716	0.01054	0.00782	0.00767	0.00256	0.01198	0.00599	0.00351	0.01213
123	0.02056	0.01974	0.03372	0.05099	0.65622	0.01974	0.02550	0.02550	0.01892	0.02714	0.01563	0.02056	0.01316	0.00740	0.00822	0.00247	0.00987	0.00740	0.00411	0.01316
124	0.01034	0.00740	0.00984	0.01142	0.01210	0.00689	0.00773	0.01212	0.01692	0.02283	0.12693	0.61686	0.05808	0.02482	0.01050	0.00327	0.00470	0.02247	0.00790	0.00689
125	0.01210	0.00883	0.01299	0.01299	0.01451	0.01022	0.01009	0.01512	0.01361	0.02003	0.02256	0.03253	0.02080	0.05895	0.63246	0.01262	0.02108	0.00883	0.05223	0.00744
126	0.01260	0.01072	0.01347	0.01277	0.01464	0.01159	0.01023	0.01532	0.01873	0.02491	0.20287	0.06385	0.28948	0.01887	0.01385	0.00308	0.15538	0.09269	0.00717	0.00776
127	0.01078	0.00779	0.01034	0.01215	0.01307	0.00735	0.00881	0.01277	0.01677	0.02205	0.04786	0.53579	0.09156	0.02507	0.01074	0.00343	0.00537	0.14364	0.00770	0.00695
128	0.01793	0.01777	0.02479	0.02130	0.02130	0.02475	0.01765	0.01967	0.01270	0.01984	0.01152	0.01963	0.01168	0.04240	0.02787	0.00381	0.66533	0.00746	0.00369	0.00892
129	0.03187	0.03619	0.02297	0.02052	0.02508	0.58599	0.01554	0.03415	0.02357	0.10624	0.01551	0.01676	0.01202	0.00879	0.00761	0.00220	0.01392	0.00575	0.00508	0.01023
130	0.02956	0.02424	0.02334	0.01877	0.02451	0.12016	0.01510	0.48451	0.03467	0.04479	0.02123	0.08099	0.01731	0.01122	0.00840	0.00252	0.00962	0.00862	0.00766	0.01279
131	0.01029	0.00735	0.00983	0.01176	0.01231	0.00689	0.00800	0.01185	0.01607	0.02139	0.04570	0.67174	0.05458	0.02587	0.01065	0.00340	0.00496	0.05287	0.00771	0.00679
132	0.02588	0.01959	0.02151	0.01660	0.02317	0.02013	0.01349	0.33875	0.12226	0.06435	0.02095	0.02110	0.01550	0.00904	0.00769	0.00217	0.00779	0.00704	0.00740	0.23558

[dist]
# distance from previous block
# <min> <max>
0	1

[block]
# block no. 1 follows, 22 sequences, length 49
# corresponding to MSA columns:
# 802-850
name=unknown_B
#
# <colnr> <probs for GDERKNQSTAVLIFYWHMCP>
#	G	D	E	R	K	N	Q	S	T	A	V	L	I	F	Y	W	H	M	C	P
0	0.02571	0.01860	0.02000	0.01584	0.02132	0.01985	0.01285	0.42171	0.03174	0.04389	0.02545	0.05497	0.05325	0.01096	0.00793	0.00236	0.00760	0.00860	0.12509	0.07230
1	0.02124	0.02103	0.03306	0.04907	0.61529	0.06225	0.02488	0.02599	0.01922	0.02670	0.01545	0.02020	0.01300	0.00748	0.00818	0.00245	0.01020	0.00727	0.00412	0.01293
2	0.02745	0.03202	0.02606	0.08161	0.17167	0.43078	0.01875	0.06911	0.02294	0.02403	0.01409	0.01715	0.01151	0.00837	0.00778	0.00229	0.01312	0.00612	0.00446	0.01069
3	0.01015	0.00779	0.00933	0.01051	0.01196	0.00697	0.00742	0.01195	0.01722	0.02185	0.06060	0.43412	0.28667	0.02396	0.01034	0.00317	0.00471	0.04668	0.00771	0.00689
4	0.06490	0.06050	0.02121	0.01699	0.01857	0.02072	0.01411	0.04540	0.01518	0.02456	0.01556	0.02140	0.01380	0.01630	0.07143	0.00384	0.38344	0.00715	0.15597	0.00899
5	0.01391	0.01481	0.07295	0.01848	0.02187	0.01316	0.15104	0.01738	0.01596	0.02193	0.03020	0.23654	0.05992	0.10577	0.10857	0.00514	0.06458	0.01403	0.00548	0.00829
6	0.01024	0.00804	0.00931	0.01013	0.01196	0.00711	0.00735	0.01228	0.01800	0.02260	0.09201	0.31553	0.36358	0.02287	0.01022	0.00308	0.00464	0.05628	0.00777	0.00699
7	0.02371	0.01716	0.01888	0.01652	0.02153	0.01911	0.01298	0.04347	0.52781	0.14995	0.03362	0.03050	0.02448	0.01109	0.00843	0.00277	0.00667	0.00920	0.00879	0.01333
8	0.02843	0.03372	0.02177	0.05256	0.02531	0.52987	0.01515	0.06021	0.02322	0.02324	0.01501	0.01751	0.01217	0.00875	0.00737	0.00216	0.01316	0.00584	0.09494	0.00960
9	0.02937	0.16907	0.02760	0.01974	0.02484	0.47692	0.01566	0.09819	0.02398	0.02376	0.01338	0.01521	0.01108	0.00844	0.00716	0.00211	0.01314	0.00541	0.00459	0.01034
10	0.01012	0.00723	0.00964	0.01157	0.01205	0.00675	0.00771	0.01157	0.01591	0.02121	0.04579	0.70262	0.05495	0.02603	0.01060	0.00337	0.00482	0.02362	0.00771	0.00675
11	0.02400	0.01939	0.01950	0.01605	0.02094	0.09145	0.01284	0.29542	0.02707	0.03670	0.01985	0.02288	0.01569	0.01953	0.13766	0.00435	0.01135	0.00724	0.09756	0.10053
12	0.01117	0.00881	0.01018	0.01024	0.01257	0.00801	0.00776	0.01480	0.04606	0.02632	0.24667	0.13231	0.34806	0.02003	0.00996	0.00288	0.00455	0.06388	0.00817	0.00755
13	0.02148	0.02237	0.09588	0.02392	0.06783	0.02293	0.09156	0.14561	0.15342	0.03138	0.01899	0.02185	0.01492	0.01087	0.01415	0.00295	0.21447	0.00795	0.00566	0.01180
14	0.01699	0.01465	0.01527	0.01403	0.01809	0.01604	0.01083	0.03323	0.43041	0.03058	0.05087	0.04758	0.23793	0.01458	0.00892	0.00281	0.00577	0.01215	0.00820	0.01107
15	0.01088	0.00890	0.00969	0.00994	0.01231	0.00809	0.00727	0.01465	0.06809	0.02385	0.10827	0.21655	0.42958	0.02113	0.00989	0.00292	0.00452	0.01811	0.00787	0.00749
16	0.02641	0.03204	0.02029	0.01845	0.02251	0.49985	0.01390	0.05461	0.02321	0.02220	0.02879	0.02944	0.15165	0.01136	0.00804	0.00230	0.01236	0.00811	0.00521	0.00925
17	0.01829	0.01807	0.03264	0.32282	0.28923	0.01941	0.13102	0.02385	0.01805	0.02450	0.01546	0.02157	0.01216	0.00772	0.00854	0.00266	0.01112	0.00782	0.00395	0.01112
18	0.01012	0.00723	0.00964	0.01157	0.01205	0.00675	0.00771	0.01157	0.01591	0.02121	0.04579	0.70262	0.05495	0.02603	0.01060	0.00337	0.00482	0.02362	0.00771	0.00675
19	0.01063	0.00858	0.00959	0.01004	0.01249	0.00754	0.00785	0.01312	0.01903	0.02338	0.10217	0.11718	0.47250	0.02150	0.01018	0.00303	0.00490	0.13138	0.00777	0.00716
20	0.02356	0.02791	0.01878	0.01736	0.02103	0.41149	0.01309	0.02717	0.06148	0.02161	0.03089	0.03224	0.15358	0.01749	0.08279	0.00358	0.01289	0.00868	0.00532	0.00904
21	0.01932	0.36403	0.36723	0.01914	0.02894	0.02580	0.02280	0.02562	0.01722	0.02307	0.01330	0.01552	0.01059	0.00752	0.00667	0.00222	0.01065	0.00533	0.00353	0.01150
22	0.01012	0.00723	0.00964	0.01157	0.01205	0.00675	0.00771	0.01157	0.01591	0.02121	0.04579	0.70262	0.05495	0.02603	0.01060	0.00337	0.00482	0.02362	0.00771	0.00675
23	0.01723	0.01477	0.01723	0.01230	0.01969	0.01107	0.00984	0.02092	0.01723	0.02707	0.01477	0.01723	0.01230	0.00615	0.00615	0.00123	0.00615	0.00492	0.00492	0.75883
24	0.01122	0.00876	0.01032	0.01127	0.01289	0.00838	0.00792	0.01532	0.08687	0.02308	0.05534	0.45049	0.22143	0.02296	0.01014	0.00315	0.00484	0.02029	0.00780	0.00754
25	0.01310	0.01071	0.01571	0.01500	0.01619	0.01332	0.01190	0.01584	0.01323	0.01942	0.02004	0.02982	0.01885	0.05299	0.54881	0.01146	0.15300	0.00858	0.00429	0.00774
26	0.02056	0.01974	0.03372	0.05099	0.65622	0.01974	0.02550	0.02550	0.01892	0.02714	0.01563	0.02056	0.01316	0.00740	0.00822	0.00247	0.00987	0.00740	0.00411	0.01316
27	0.03284	0.01994	0.02271	0.01755	0.02402	0.02098	0.01445	0.40052	0.06826	0.25326	0.02498	0.02333	0.01690	0.01015	0.00833	0.00254	0.00831	0.00788	0.00897	0.01408
28	0.01058	0.00851	0.00947	0.00941	0.01193	0.00740	0.00718	0.01329	0.02021	0.02560	0.23872	0.07586	0.45594	0.02004	0.00992	0.00282	0.00434	0.05340	0.00811	0.00728
29	0.01935	0.01928	0.03493	0.09631	0.43697	0.01919	0.15589	0.02462	0.01888	0.02628	0.01972	0.02447	0.04927	0.00816	0.00867	0.00258	0.01055	0.00850	0.00430	0.01206
30	0.01035	0.00844	0.00916	0.00898	0.01155	0.00724	0.00673	0.01296	0.02020	0.02545	0.24123	0.07500	0.49390	0.01992	0.00981	0.00275	0.00413	0.01684	0.00811	0.00724
31	0.01076	0.00768	0.01037	0.01229	0.01306	0.00730	0.00882	0.01267	0.01653	0.02192	0.04544	0.58390	0.05355	0.02543	0.01077	0.00346	0.00537	0.13605	0.00770	0.00692
32	0.02056	0.01974	0.03372	0.05099	0.65622	0.01974	0.02550	0.02550	0.01892	0.02714	0.01563	0.02056	0.01316	0.00740	0.00822	0.00247	0.00987	0.00740	0.00411	0.01316
33	0.01765	0.01323	0.01545	0.01451	0.01780	0.01444	0.01173	0.12389	0.15750	0.03099	0.03487	0.04768	0.07773	0.02427	0.13891	0.00495	0.00981	0.14388	0.09087	0.00984
34	0.01005	0.00749	0.00937	0.01088	0.01187	0.00681	0.00740	0.01165	0.01657	0.02148	0.05420	0.56609	0.18604	0.02493	0.01043	0.00325	0.00469	0.02228	0.00771	0.00681
35	0.02433	0.01897	0.02104	0.01567	0.02269	0.01834	0.01279	0.32148	0.02803	0.03958	0.01733	0.01857	0.01321	0.00804	0.00722	0.00186	0.00763	0.00619	0.00660	0.39045
36	0.01583	0.01283	0.01471	0.01215	0.01704	0.01098	0.00935	0.08512	0.01971	0.02771	0.03568	0.18004	0.14675	0.01384	0.00808	0.00215	0.00582	0.01177	0.00646	0.36399
37	0.01910	0.02242	0.16559	0.03267	0.32246	0.01738	0.02137	0.07224	0.01975	0.02899	0.02053	0.02491	0.03845	0.03448	0.00911	0.00264	0.00914	0.00774	0.11935	0.01168
38	0.02056	0.01974	0.03372	0.05099	0.65622	0.01974	0.02550	0.02550	0.01892	0.02714	0.01563	0.02056	0.01316	0.00740	0.00822	0.00247	0.00987	0.00740	0.00411	0.01316
39	0.01061	0.00864	0.00952	0.00986	0.01245	0.00755	0.00777	0.01314	0.01920	0.02345	0.10426	0.08175	0.50662	0.02121	0.01014	0.00299	0.00486	0.13103	0.00777	0.00718
40	0.12245	0.01452	0.01843	0.01442	0.02062	0.01333	0.01187	0.03875	0.04904	0.56161	0.03032	0.02665	0.01941	0.01002	0.00798	0.00258	0.00697	0.00794	0.00960	0.01349
41	0.01959	0.13615	0.05530	0.02122	0.02591	0.11787	0.17141	0.02335	0.01786	0.02299	0.01976	0.12646	0.01901	0.01163	0.01108	0.00267	0.11352	0.00973	0.06487	0.00962
42	0.02537	0.01610	0.01736	0.01406	0.01873	0.01721	0.01137	0.32888	0.02887	0.09253	0.02394	0.02518	0.01761	0.00988	0.00728	0.00227	0.00679	0.00766	0.31743	0.01148
43	0.00982	0.00842	0.00842	0.00842	0.01122	0.00701	0.00631	0.01192	0.01894	0.02244	0.08416	0.07995	0.65285	0.02104	0.00982	0.00281	0.00421	0.01753	0.00771	0.00701
44	0.02618	0.10839	0.02355	0.01926	0.02334	0.45702	0.01526	0.02874	0.02183	0.02124	0.01953	0.03206	0.01883	0.01155	0.00812	0.00247	0.01269	0.13570	0.00494	0.00931
45	0.01178	0.00900	0.01030	0.01015	0.01201	0.00855	0.00717	0.01561	0.06852	0.02510	0.22951	0.12805	0.23749	0.17021	0.01690	0.00396	0.00522	0.01556	0.00760	0.00729
46	0.02814	0.03391	0.02387	0.02495	0.12349	0.51811	0.01671	0.03085	0.02232	0.02226	0.01443	0.01714	0.01194	0.00847	0.00747	0.00218	0.01328	0.00587	0.06457	0.01003
47	0.02068	0.02797	0.22218	0.02712	0.16509	0.09303	0.02194	0.09831	0.02024	0.02791	0.01611	0.02008	0.01289	0.01329	0.06324	0.00346	0.09060	0.00691	0.03750	0.01145
48	0.01924	0.01698	0.01545	0.01507	0.01793	0.15606	0.01160	0.08163	0.02140	0.06660	0.03905	0.25071	0.10442	0.01840	0.00963	0.00299	0.00811	0.12875	0.00717	0.00881

[dist]
# distance from previous block
# <min> <max>
0	2

[block]
# block no. 2 follows, 22 sequences, length 24
# corresponding to MSA columns:
# 853-876
name=unknown_C
#
# <colnr> <probs for GDERKNQSTAVLIFYWHMCP>
#	G	D	E	R	K	N	Q	S	T	A	V	L	I	F	Y	W	H	M	C	P
0	0.02278	0.02326	0.02260	0.01936	0.02306	0.22917	0.07444	0.12937	0.02189	0.02616	0.01940	0.04811	0.01788	0.08815	0.11661	0.00482	0.06602	0.03209	0.00527	0.00956
1	0.01340	0.01132	0.01055	0.01027	0.01155	0.07410	0.00670	0.01449	0.01595	0.01969	0.09910	0.05725	0.18046	0.40885	0.02799	0.00570	0.00743	0.01299	0.00599	0.00623
2	0.02817	0.01303	0.01737	0.01436	0.01902	0.01246	0.01149	0.08188	0.02163	0.39352	0.02944	0.06143	0.02217	0.06017	0.16824	0.00545	0.01079	0.00932	0.00833	0.01172
3	0.02467	0.18161	0.02483	0.01529	0.02081	0.02114	0.01293	0.17872	0.13387	0.13249	0.13930	0.02939	0.02816	0.01087	0.00791	0.00241	0.00734	0.00863	0.00767	0.01197
4	0.01529	0.03302	0.45671	0.02103	0.03073	0.01653	0.07587	0.02293	0.01805	0.02542	0.03148	0.03274	0.16290	0.01093	0.00851	0.00269	0.01051	0.00915	0.00456	0.01094
5	0.01053	0.00828	0.00963	0.01050	0.01250	0.00738	0.00794	0.01275	0.01812	0.02252	0.06637	0.25697	0.37936	0.02277	0.01033	0.00314	0.00498	0.12116	0.00770	0.00705
6	0.29519	0.01135	0.01178	0.01130	0.01425	0.01294	0.00893	0.01934	0.01447	0.02840	0.01924	0.02513	0.01647	0.03115	0.28800	0.00699	0.01258	0.00702	0.15738	0.00807
7	0.01936	0.01834	0.03026	0.20612	0.45331	0.01950	0.02384	0.02603	0.07160	0.02632	0.01697	0.02185	0.01369	0.00796	0.00826	0.00257	0.00989	0.00757	0.00438	0.01218
8	0.03102	0.01972	0.02247	0.01753	0.02363	0.02106	0.01442	0.42984	0.03295	0.19360	0.02321	0.02315	0.01630	0.01511	0.07281	0.00356	0.00992	0.00782	0.00840	0.01348
9	0.01208	0.00805	0.00906	0.00906	0.00906	0.00805	0.00503	0.01208	0.01208	0.01611	0.02618	0.05436	0.03020	0.70804	0.04228	0.00805	0.00805	0.01208	0.00503	0.00503
10	0.02618	0.02859	0.02280	0.01984	0.02393	0.32974	0.01549	0.10158	0.13110	0.02696	0.01712	0.01906	0.01380	0.01008	0.01110	0.00250	0.12991	0.00661	0.00541	0.05817
11	0.02932	0.01511	0.01814	0.01438	0.02000	0.01443	0.01172	0.18337	0.02652	0.35529	0.04168	0.03840	0.16874	0.01275	0.00869	0.00261	0.00692	0.01031	0.00917	0.01245
12	0.01959	0.25147	0.03269	0.02009	0.07363	0.02176	0.10280	0.02336	0.01720	0.02387	0.01372	0.01701	0.01174	0.00741	0.00838	0.00195	0.06727	0.00586	0.00418	0.27602
13	0.01781	0.06453	0.49032	0.02977	0.18233	0.01995	0.02880	0.02606	0.01784	0.02623	0.01494	0.01809	0.01115	0.00774	0.00787	0.00256	0.01157	0.00637	0.00365	0.01242
14	0.00982	0.00842	0.00842	0.00842	0.01122	0.00701	0.00631	0.01192	0.01894	0.02244	0.08416	0.07995	0.65285	0.02104	0.00982	0.00281	0.00421	0.01753	0.00771	0.00701
15	0.01085	0.00829	0.00999	0.01012	0.01212	0.00743	0.00750	0.01370	0.02039	0.02702	0.32127	0.18167	0.27551	0.02023	0.01001	0.00286	0.00433	0.04100	0.00833	0.00735
16	0.01874	0.13838	0.31497	0.02688	0.03676	0.02210	0.27333	0.02621	0.01829	0.02538	0.01517	0.01889	0.01140	0.00740	0.00828	0.00257	0.01246	0.00739	0.00380	0.01158
17	0.01016	0.00843	0.00889	0.00877	0.01143	0.00716	0.00658	0.01258	0.01974	0.02434	0.18344	0.07682	0.55238	0.02033	0.00981	0.00277	0.00416	0.01709	0.00796	0.00716
18	0.01571	0.00946	0.01196	0.01170	0.01444	0.00852	0.00917	0.01859	0.02026	0.13672	0.17502	0.16642	0.22303	0.01948	0.00999	0.00300	0.00538	0.12421	0.00844	0.00850
19	0.01882	0.02039	0.01625	0.01628	0.05127	0.23510	0.01150	0.02286	0.07280	0.02234	0.04275	0.04469	0.25073	0.06260	0.07185	0.00386	0.01025	0.01104	0.00596	0.00866
20	0.01501	0.01351	0.01937	0.01756	0.01830	0.01788	0.01426	0.01740	0.01304	0.01964	0.01661	0.02544	0.01586	0.03855	0.35286	0.00852	0.35582	0.00809	0.00404	0.00825
21	0.01115	0.00808	0.01031	0.01173	0.01266	0.00769	0.00802	0.04158	0.01722	0.02280	0.04696	0.62996	0.09086	0.02493	0.01044	0.00329	0.00499	0.02245	0.00774	0.00712
22	0.02904	0.19631	0.02852	0.01930	0.02466	0.40912	0.01557	0.13533	0.02468	0.02575	0.01378	0.01546	0.01129	0.00846	0.00712	0.00212	0.01252	0.00551	0.00481	0.01066
23	0.02077	0.10053	0.25482	0.02430	0.07877	0.17483	0.08043	0.02654	0.01942	0.02412	0.01823	0.02744	0.01599	0.00987	0.00823	0.00259	0.01194	0.08597	0.00437	0.01083

[dist]
# distance from previous block
# <min> <max>
0	2

[block]
# block no. 3 follows, 22 sequences, length 10
# corresponding to MSA columns:
# 879-888
name=unknown_D
#
# <colnr> <probs for GDERKNQSTAVLIFYWHMCP>
#	G	D	E	R	K	N	Q	S	T	A	V	L	I	F	Y	W	H	M	C	P
0	0.15838	0.02541	0.10838	0.03167	0.28912	0.14357	0.02032	0.02807	0.01914	0.07857	0.01565	0.01845	0.01219	0.00797	0.00749	0.00245	0.01031	0.00640	0.00475	0.01170
1	0.02963	0.03671	0.02211	0.02017	0.02424	0.61440	0.01513	0.03192	0.02299	0.02129	0.01413	0.01643	0.01166	0.00866	0.00734	0.00212	0.01398	0.00557	0.07207	0.00946
2	0.02224	0.01309	0.01546	0.01356	0.01797	0.01272	0.01097	0.08038	0.11998	0.22110	0.04955	0.05323	0.22381	0.01554	0.00926	0.00285	0.00635	0.09244	0.00865	0.01085
3	0.08994	0.11039	0.21892	0.01859	0.02551	0.21157	0.01846	0.02740	0.01963	0.06394	0.07084	0.02119	0.01749	0.01144	0.03829	0.00287	0.01156	0.00660	0.00484	0.01052
4	0.01122	0.00934	0.00999	0.01012	0.01295	0.00849	0.00791	0.01530	0.06896	0.02379	0.07414	0.07806	0.51242	0.02054	0.00996	0.00296	0.00491	0.10358	0.00776	0.00760
5	0.01012	0.00723	0.00964	0.01157	0.01205	0.00675	0.00771	0.01157	0.01591	0.02121	0.04579	0.70262	0.05495	0.02603	0.01060	0.00337	0.00482	0.02362	0.00771	0.00675
6	0.01012	0.00723	0.00964	0.01157	0.01205	0.00675	0.00771	0.01157	0.01591	0.02121	0.04579	0.70262	0.05495	0.02603	0.01060	0.00337	0.00482	0.02362	0.00771	0.00675
7	0.02825	0.02754	0.02700	0.02897	0.20611	0.23384	0.01865	0.26352	0.02828	0.03479	0.01641	0.01852	0.01274	0.00878	0.00802	0.00237	0.01124	0.00677	0.00581	0.01240
8	0.01568	0.02206	0.20332	0.27025	0.13883	0.01667	0.02268	0.02150	0.01711	0.02360	0.02085	0.15015	0.01961	0.01142	0.00861	0.00280	0.01003	0.01013	0.00447	0.01024
9	0.01940	0.00904	0.01030	0.00945	0.01221	0.00877	0.00732	0.02309	0.01837	0.15034	0.02787	0.03057	0.02112	0.01321	0.04980	0.00280	0.00568	0.00793	0.56380	0.00894

[dist]
# distance from previous block
# <min> <max>
0	1

[block]
# block no. 4 follows, 22 sequences, length 11
# corresponding to MSA columns:
# 890-900
name=unknown_E
#
# <colnr> <probs for GDERKNQSTAVLIFYWHMCP>
#	G	D	E	R	K	N	Q	S	T	A	V	L	I	F	Y	W	H	M	C	P
0	0.02578	0.28699	0.09463	0.02063	0.06020	0.33717	0.01734	0.02901	0.02024	0.02101	0.01272	0.01493	0.01081	0.00789	0.00678	0.00207	0.01218	0.00521	0.00393	0.01047
1	0.01344	0.01095	0.01508	0.01783	0.11404	0.01075	0.01127	0.04289	0.01756	0.02370	0.04105	0.24434	0.16358	0.02838	0.15898	0.00519	0.00966	0.01472	0.00629	0.05029
2	0.02192	0.02199	0.02276	0.06313	0.15882	0.15129	0.01659	0.03510	0.31868	0.02886	0.02708	0.02742	0.04943	0.01021	0.00827	0.00260	0.00911	0.00844	0.00638	0.01192
3	0.02093	0.17547	0.03592	0.04273	0.51361	0.02269	0.02296	0.02536	0.01846	0.02543	0.01471	0.01894	0.01260	0.00734	0.00757	0.00231	0.00965	0.00674	0.00399	0.01260
4	0.00982	0.00842	0.00842	0.00842	0.01122	0.00701	0.00631	0.01192	0.01894	0.02244	0.08416	0.07995	0.65285	0.02104	0.00982	0.00281	0.00421	0.01753	0.00771	0.00701
5	0.01037	0.00833	0.00925	0.00925	0.01162	0.00721	0.00685	0.01290	0.01988	0.02524	0.23287	0.13253	0.44369	0.02041	0.00989	0.00281	0.00419	0.01742	0.00810	0.00721
6	0.01307	0.01103	0.01506	0.01464	0.01528	0.01302	0.01112	0.01516	0.01649	0.02339	0.16330	0.34538	0.04570	0.02039	0.01581	0.00330	0.22691	0.01651	0.00670	0.00774
7	0.01187	0.00890	0.01335	0.01335	0.01483	0.01038	0.01038	0.01483	0.01335	0.01928	0.02225	0.03264	0.02077	0.06231	0.67512	0.01335	0.02225	0.00890	0.00445	0.00742
8	0.00987	0.00823	0.00861	0.00891	0.01135	0.00697	0.00653	0.01187	0.01846	0.02225	0.07817	0.17709	0.55957	0.02182	0.00994	0.00289	0.00430	0.01848	0.00771	0.00697
9	0.03103	0.03959	0.02354	0.02140	0.02568	0.67469	0.01605	0.03317	0.02354	0.02033	0.01284	0.01498	0.01070	0.00856	0.00749	0.00214	0.01498	0.00535	0.00428	0.00963
10	0.01187	0.00890	0.01335	0.01335	0.01483	0.01038	0.01038	0.01483	0.01335	0.01928	0.02225	0.03264	0.02077	0.06231	0.67512	0.01335	0.02225	0.00890	0.00445	0.00742

[dist]
# distance from previous block
# <min> <max>
0	1

[block]
# block no. 5 follows, 22 sequences, length 39
# corresponding to MSA columns:
# 902-940
name=unknown_F
#
# <colnr> <probs for GDERKNQSTAVLIFYWHMCP>
#	G	D	E	R	K	N	Q	S	T	A	V	L	I	F	Y	W	H	M	C	P
0	0.01015	0.00830	0.00897	0.00908	0.01150	0.00711	0.00670	0.01247	0.01932	0.02400	0.16852	0.14596	0.49712	0.02096	0.00990	0.00284	0.00423	0.01781	0.00794	0.00711
1	0.02817	0.02125	0.02310	0.01750	0.02432	0.02228	0.01438	0.48435	0.03388	0.04636	0.01872	0.01930	0.01370	0.00907	0.00780	0.00219	0.00843	0.00687	0.00751	0.19083
2	0.01280	0.00968	0.01330	0.01552	0.08360	0.00933	0.01010	0.01568	0.01891	0.02591	0.25989	0.13568	0.07737	0.15631	0.01650	0.00399	0.00615	0.11432	0.00729	0.00767
3	0.02507	0.13274	0.21014	0.02094	0.02782	0.32892	0.02008	0.06218	0.02120	0.02368	0.01355	0.01592	0.01084	0.00854	0.00834	0.00232	0.04713	0.00566	0.00415	0.01075
4	0.02085	0.05822	0.18583	0.03948	0.40834	0.09258	0.02521	0.02651	0.01900	0.02585	0.01496	0.01889	0.01214	0.00764	0.00793	0.00244	0.01097	0.00674	0.00396	0.01245
5	0.01208	0.00805	0.00906	0.00906	0.00906	0.00805	0.00503	0.01208	0.01208	0.01611	0.02618	0.05436	0.03020	0.70804	0.04228	0.00805	0.00805	0.01208	0.00503	0.00503
6	0.01932	0.02129	0.10035	0.04200	0.48784	0.01879	0.02362	0.02603	0.06828	0.02729	0.02224	0.02560	0.06278	0.00881	0.00833	0.00254	0.00944	0.00820	0.00467	0.01259
7	0.02585	0.01939	0.02097	0.01697	0.02226	0.02130	0.01364	0.42966	0.10196	0.04345	0.02818	0.06872	0.06616	0.04326	0.03627	0.00327	0.00870	0.00966	0.00796	0.01240
