[name]
unknown

[dist]
# distance from previous block
# <min> <max>
0	1

[block]
# block no. 0 follows, 22 sequences, length 10
# corresponding to MSA columns:
# 1-10
name=unknown_A
#
# <colnr> <probs for GDERKNQSTAVLIFYWHMCP>
#	G	D	E	R	K	N	Q	S	T	A	V	L	I	F	Y	W	H	M	C	P
0	0.01382	0.01402	0.10033	0.01642	0.01971	0.01086	0.01570	0.01843	0.01891	0.02505	0.04011	0.08354	0.04284	0.02094	0.01100	0.00367	0.00827	0.52102	0.00710	0.00827
1	0.02381	0.08111	0.22233	0.06838	0.02965	0.19021	0.02013	0.15604	0.02358	0.02984	0.01611	0.01843	0.01219	0.00862	0.00757	0.00237	0.01135	0.00631	0.06064	0.01132
2	0.07069	0.28998	0.30226	0.01899	0.02750	0.07043	0.02123	0.02572	0.01717	0.02370	0.01302	0.01555	0.01051	0.00806	0.00797	0.00234	0.05470	0.00541	0.00370	0.01106
3	0.02591	0.02362	0.13584	0.02420	0.14541	0.06681	0.01855	0.13683	0.06596	0.18545	0.02636	0.02633	0.06104	0.00997	0.00829	0.00255	0.00923	0.00813	0.00681	0.01271
4	0.02056	0.02295	0.03462	0.18865	0.04065	0.14396	0.29179	0.02590	0.01935	0.02416	0.01532	0.02033	0.01183	0.00752	0.00858	0.00249	0.01257	0.00780	0.00418	0.09680
5	0.05488	0.02177	0.16737	0.06813	0.10947	0.01642	0.01841	0.06790	0.06720	0.20349	0.02946	0.02938	0.08879	0.01040	0.00827	0.00262	0.00864	0.00857	0.00669	0.01213
6	0.02710	0.12875	0.07282	0.06965	0.06874	0.31776	0.01789	0.14997	0.02450	0.02759	0.01455	0.01680	0.01156	0.00850	0.00748	0.00226	0.01214	0.00598	0.00488	0.01107
7	0.06863	0.01353	0.01510	0.01352	0.01702	0.01426	0.01023	0.11462	0.15029	0.12350	0.03103	0.16984	0.02834	0.10658	0.01291	0.00345	0.00659	0.01179	0.07851	0.01025
8	0.01945	0.01844	0.06580	0.21181	0.22493	0.01839	0.01983	0.13000	0.02060	0.02804	0.01797	0.02663	0.01558	0.13107	0.01422	0.00355	0.00991	0.00815	0.00487	0.01077
9	0.02037	0.09179	0.38206	0.02773	0.15133	0.13546	0.02581	0.02724	0.01880	0.02488	0.01441	0.01733	0.01107	0.00785	0.00768	0.00244	0.01202	0.00611	0.00376	0.01185

[dist]
# distance from previous block
# <min> <max>
1	6

[block]
# block no. 1 follows, 22 sequences, length 12
# corresponding to MSA columns:
# 17-28
name=unknown_B
#
# <colnr> <probs for GDERKNQSTAVLIFYWHMCP>
#	G	D	E	R	K	N	Q	S	T	A	V	L	I	F	Y	W	H	M	C	P
0	0.02227	0.25694	0.05167	0.01563	0.02211	0.02368	0.01391	0.15054	0.15340	0.03155	0.05186	0.02169	0.01823	0.00896	0.00705	0.00213	0.00789	0.00679	0.00605	0.12766
1	0.17561	0.01396	0.06602	0.10057	0.02203	0.01263	0.01266	0.02042	0.01703	0.09756	0.03243	0.26047	0.06303	0.01612	0.00869	0.00298	0.00699	0.05529	0.00659	0.00890
2	0.05596	0.49717	0.12977	0.01637	0.02378	0.11347	0.01661	0.02614	0.01772	0.02142	0.01221	0.01416	0.01057	0.00744	0.00597	0.00198	0.01006	0.00481	0.00371	0.01069
3	0.02247	0.16715	0.29169	0.02009	0.02840	0.16159	0.02128	0.10501	0.02179	0.02747	0.04759	0.01881	0.01458	0.00863	0.00747	0.00234	0.01136	0.00628	0.00460	0.01141
4	0.00982	0.00842	0.00842	0.00842	0.01122	0.00701	0.00631	0.01192	0.01894	0.02244	0.08416	0.07995	0.65285	0.02104	0.00982	0.00281	0.00421	0.01753	0.00771	0.00701
5	0.10881	0.02012	0.02925	0.03914	0.43924	0.02098	0.02139	0.16255	0.02295	0.03404	0.01614	0.01961	0.01290	0.00802	0.00789	0.00249	0.00931	0.00709	0.00519	0.01290
6	0.01974	0.01445	0.01672	0.01506	0.01835	0.01547	0.01152	0.28384	0.02588	0.03476	0.03222	0.33970	0.03379	0.02231	0.07107	0.00391	0.00834	0.01514	0.00767	0.01006
7	0.01974	0.02908	0.24152	0.02036	0.02603	0.13793	0.02016	0.06699	0.01828	0.02426	0.01564	0.02127	0.01329	0.04890	0.11239	0.00458	0.15813	0.00701	0.00423	0.01021
8	0.01524	0.01235	0.01834	0.02462	0.23222	0.01235	0.01365	0.01766	0.01578	0.02157	0.02600	0.05038	0.02776	0.33601	0.02468	0.00533	0.00860	0.12394	0.00522	0.00832
9	0.01800	0.03502	0.44885	0.03303	0.24833	0.01945	0.02891	0.02603	0.01801	0.02659	0.01515	0.01857	0.01143	0.00772	0.00801	0.00257	0.01145	0.00657	0.00371	0.01258
10	0.02280	0.02998	0.20385	0.02390	0.10204	0.16394	0.02038	0.13884	0.05596	0.03033	0.05648	0.04585	0.01810	0.01005	0.00903	0.00256	0.04117	0.00776	0.00540	0.01158
11	0.02192	0.02231	0.03240	0.04716	0.57448	0.10465	0.02427	0.02649	0.01952	0.02626	0.01527	0.01984	0.01284	0.00755	0.00813	0.00242	0.01053	0.00714	0.00413	0.01270

[dist]
# distance from previous block
# <min> <max>
5	8

[block]
# block no. 2 follows, 22 sequences, length 13
# corresponding to MSA columns:
# 37-49
name=unknown_C
#
# <colnr> <probs for GDERKNQSTAVLIFYWHMCP>
#	G	D	E	R	K	N	Q	S	T	A	V	L	I	F	Y	W	H	M	C	P
0	0.01327	0.01204	0.01304	0.04753	0.01669	0.04567	0.00985	0.01779	0.08782	0.02315	0.05580	0.20474	0.32090	0.01918	0.01121	0.00297	0.06730	0.01592	0.00704	0.00808
1	0.02177	0.02315	0.02829	0.03669	0.37500	0.18160	0.04934	0.02551	0.01950	0.02417	0.01985	0.02564	0.05069	0.07026	0.01121	0.00291	0.01086	0.00800	0.00445	0.01111
2	0.01509	0.01475	0.01412	0.01463	0.01580	0.13865	0.01051	0.01671	0.01703	0.02090	0.03546	0.49199	0.04139	0.02134	0.01187	0.00316	0.08421	0.01823	0.00659	0.00757
3	0.01842	0.01554	0.01698	0.01509	0.01943	0.01702	0.01170	0.03588	0.45112	0.03375	0.16631	0.03650	0.03570	0.01205	0.00854	0.00263	0.00596	0.01021	0.00829	0.07887
4	0.02301	0.02047	0.02743	0.03578	0.36946	0.07709	0.02008	0.03264	0.19057	0.08556	0.02191	0.02362	0.01695	0.00882	0.00823	0.00254	0.00916	0.00785	0.00587	0.01293
5	0.02247	0.10460	0.02405	0.02305	0.14392	0.27895	0.01526	0.02658	0.06065	0.02297	0.03090	0.03177	0.15904	0.01120	0.00798	0.00236	0.01028	0.00869	0.00522	0.01006
6	0.01004	0.00842	0.00872	0.00865	0.01136	0.00711	0.00649	0.01235	0.01946	0.02369	0.14940	0.07789	0.58683	0.02057	0.00982	0.00278	0.00417	0.01724	0.00788	0.00711
7	0.01190	0.00878	0.01273	0.01273	0.01399	0.01005	0.00961	0.01443	0.01317	0.01882	0.02282	0.03580	0.02214	0.15628	0.58302	0.01258	0.02019	0.00936	0.00454	0.00707
8	0.02738	0.13173	0.02515	0.01850	0.02355	0.35813	0.01471	0.14619	0.06025	0.02743	0.02151	0.02234	0.06884	0.00988	0.00759	0.00225	0.01152	0.00693	0.00549	0.01062
9	0.02528	0.10667	0.02803	0.02854	0.21752	0.27529	0.01795	0.08004	0.05167	0.02552	0.01592	0.01993	0.01355	0.04802	0.00956	0.00260	0.01142	0.00663	0.00473	0.01112
10	0.02133	0.34686	0.28685	0.01904	0.02777	0.12338	0.02102	0.02668	0.01814	0.02234	0.01307	0.01524	0.01061	0.00764	0.00667	0.00217	0.01114	0.00525	0.00364	0.01115
11	0.06264	0.14421	0.13712	0.02607	0.12525	0.10095	0.12940	0.02538	0.01879	0.02500	0.01863	0.02885	0.01676	0.00981	0.00817	0.00260	0.01095	0.09412	0.00453	0.01075
12	0.01543	0.01105	0.01013	0.00992	0.01137	0.07389	0.00682	0.01735	0.01585	0.02331	0.02736	0.03940	0.05349	0.24728	0.04347	0.04075	0.00720	0.00945	0.32970	0.00678

[dist]
# distance from previous block
# <min> <max>
0	1

[block]
# block no. 3 follows, 22 sequences, length 32
# corresponding to MSA columns:
# 51-82
name=unknown_D
#
# <colnr> <probs for GDERKNQSTAVLIFYWHMCP>
#	G	D	E	R	K	N	Q	S	T	A	V	L	I	F	Y	W	H	M	C	P
0	0.02691	0.26615	0.03006	0.01796	0.02371	0.30142	0.01494	0.11238	0.05214	0.02549	0.01446	0.01596	0.01193	0.00827	0.00684	0.00205	0.01125	0.00550	0.00482	0.04776
1	0.01641	0.12376	0.40090	0.01875	0.02777	0.04645	0.02216	0.02304	0.01804	0.02425	0.03060	0.03150	0.16110	0.01090	0.00799	0.00254	0.01005	0.00855	0.00453	0.01071
2	0.01511	0.11248	0.01798	0.01327	0.01590	0.04222	0.01059	0.04589	0.01720	0.02316	0.13126	0.03527	0.02940	0.08928	0.35457	0.00841	0.01512	0.00935	0.00536	0.00819
3	0.02770	0.08373	0.10970	0.01507	0.02115	0.01486	0.01376	0.03221	0.05132	0.36708	0.02716	0.03009	0.02016	0.13246	0.01398	0.00348	0.00812	0.00838	0.00768	0.01190
4	0.01005	0.00751	0.00935	0.01083	0.01186	0.00681	0.00738	0.01165	0.01662	0.02150	0.05478	0.55668	0.19508	0.02486	0.01042	0.00324	0.00468	0.02219	0.00771	0.00681
5	0.01859	0.01772	0.03015	0.30931	0.41334	0.01922	0.02451	0.02376	0.01798	0.02474	0.01528	0.02120	0.01231	0.00777	0.00826	0.00259	0.01036	0.00739	0.00394	0.01157
6	0.03372	0.01677	0.02054	0.01608	0.02233	0.01652	0.01317	0.17880	0.10989	0.43525	0.02991	0.02669	0.01970	0.01034	0.00836	0.00259	0.00749	0.00829	0.00958	0.01400
7	0.01569	0.01477	0.02492	0.68808	0.05722	0.01846	0.02307	0.02123	0.01661	0.02123	0.01477	0.02215	0.01107	0.00831	0.00831	0.00277	0.01107	0.00738	0.00369	0.00923
8	0.01190	0.00879	0.01278	0.01278	0.01406	0.01007	0.00967	0.01447	0.01318	0.01886	0.02278	0.03554	0.02203	0.14862	0.59053	0.01264	0.02035	0.00933	0.00453	0.00710
9	0.02336	0.01728	0.02010	0.01671	0.02121	0.01935	0.01354	0.37265	0.02834	0.03857	0.02091	0.02524	0.01690	0.03179	0.28633	0.00702	0.01461	0.00807	0.00670	0.01133
10	0.01844	0.01094	0.01177	0.04483	0.01507	0.01159	0.00852	0.13089	0.02134	0.03438	0.02516	0.02850	0.01946	0.00966	0.00639	0.00208	0.00521	0.00768	0.57911	0.00899
11	0.01060	0.00743	0.00950	0.01095	0.01131	0.00707	0.00705	0.01169	0.01496	0.01995	0.04095	0.54278	0.04884	0.19420	0.01842	0.00453	0.00562	0.02077	0.00705	0.00633
12	0.01030	0.00857	0.00908	0.00934	0.01202	0.00735	0.00726	0.01263	0.01896	0.02277	0.07879	0.08179	0.57198	0.02129	0.01004	0.00294	0.00467	0.09543	0.00771	0.00710
13	0.01702	0.04046	0.58972	0.02506	0.03687	0.01950	0.10345	0.02635	0.01779	0.02635	0.01514	0.01813	0.01078	0.00778	0.00813	0.00265	0.01249	0.00659	0.00359	0.01215
14	0.01772	0.01949	0.08943	0.24524	0.30213	0.01867	0.04942	0.02297	0.01756	0.02437	0.01733	0.07111	0.01520	0.00945	0.00940	0.00272	0.04400	0.00857	0.00417	0.01107
15	0.23579	0.02611	0.13253	0.02967	0.25673	0.13458	0.01998	0.02668	0.01813	0.02871	0.01385	0.01704	0.01109	0.00778	0.00715	0.00247	0.01019	0.00599	0.00433	0.01120
16	0.05615	0.08862	0.47954	0.02345	0.03408	0.05966	0.09343	0.02655	0.01791	0.02604	0.01458	0.01741	0.01070	0.00777	0.00775	0.00255	0.01208	0.00629	0.00372	0.01172
17	0.01198	0.00846	0.01114	0.01114	0.01186	0.00918	0.00762	0.01341	0.01270	0.01765	0.02428	0.04384	0.02563	0.39539	0.34869	0.01062	0.01493	0.01054	0.00475	0.00619
18	0.02574	0.12138	0.04752	0.01957	0.05572	0.10336	0.01560	0.20488	0.23000	0.05851	0.02254	0.02230	0.01698	0.00963	0.00782	0.00246	0.00904	0.00740	0.00689	0.01265
19	0.01914	0.01829	0.03115	0.23667	0.48164	0.01936	0.02479	0.02425	0.01824	0.02542	0.01538	0.02102	0.01255	0.00767	0.00825	0.00256	0.01022	0.00740	0.00399	0.01201
20	0.01071	0.00811	0.00988	0.01016	0.01195	0.00728	0.00734	0.01339	0.01998	0.02662	0.30968	0.24888	0.24427	0.02076	0.01003	0.00289	0.00426	0.01821	0.00831	0.00728
21	0.01080	0.00827	0.00940	0.00938	0.01124	0.00741	0.00664	0.01299	0.01874	0.02428	0.23146	0.12394	0.32623	0.14401	0.01573	0.00374	0.00487	0.01636	0.00764	0.00687
22	0.01474	0.01283	0.01917	0.01713	0.01824	0.01610	0.04383	0.01691	0.01320	0.01942	0.01757	0.02767	0.01692	0.07889	0.32611	0.05504	0.26584	0.00844	0.00412	0.00784
23	0.01666	0.04297	0.66500	0.02368	0.03596	0.01929	0.03069	0.02631	0.01754	0.02631	0.01491	0.01754	0.01052	0.00789	0.00789	0.00263	0.01228	0.00614	0.00351	0.01228
24	0.01015	0.00843	0.00888	0.00877	0.01143	0.00716	0.00658	0.01257	0.01973	0.02432	0.18221	0.07686	0.55362	0.02034	0.00981	0.00277	0.00416	0.01710	0.00796	0.00716
25	0.01488	0.01173	0.01408	0.01432	0.01717	0.01230	0.01176	0.02429	0.20266	0.02850	0.12027	0.06968	0.12019	0.01855	0.01017	0.00325	0.00645	0.28245	0.00808	0.00921
26	0.02167	0.02421	0.02268	0.02021	0.02199	0.25436	0.01607	0.02380	0.01669	0.01999	0.01355	0.01953	0.01253	0.02064	0.13189	0.00478	0.33552	0.00687	0.00401	0.00899
27	0.01596	0.01055	0.01201	0.01138	0.01408	0.01069	0.00904	0.09292	0.04600	0.03258	0.18049	0.05108	0.09226	0.01457	0.00840	0.00257	0.00526	0.10453	0.27697	0.00868
28	0.01012	0.00723	0.00964	0.01157	0.01205	0.00675	0.00771	0.01157	0.01591	0.02121	0.04579	0.70262	0.05495	0.02603	0.01060	0.00337	0.00482	0.02362	0.00771	0.00675
29	0.01079	0.00888	0.00954	0.00930	0.01199	0.00785	0.00699	0.01432	0.04922	0.02559	0.21596	0.07342	0.48763	0.01962	0.00975	0.00276	0.00425	0.01656	0.00809	0.00750
30	0.13063	0.01965	0.06108	0.13537	0.44352	0.01937	0.02295	0.02476	0.01780	0.02775	0.01486	0.01959	0.01211	0.00760	0.00776	0.00253	0.00965	0.00690	0.00417	0.01193
31	0.11229	0.08022	0.01797	0.01472	0.01835	0.20866	0.01145	0.04674	0.04879	0.02522	0.03099	0.12810	0.10709	0.03807	0.00924	0.00277	0.00878	0.04679	0.03489	0.00887

[dist]
# distance from previous block
# <min> <max>
0	19

[block]
# block no. 4 follows, 22 sequences, length 88
# corresponding to MSA columns:
# 102-189
name=unknown_E
#
# <colnr> <probs for GDERKNQSTAVLIFYWHMCP>
#	G	D	E	R	K	N	Q	S	T	A	V	L	I	F	Y	W	H	M	C	P
0	0.02285	0.02462	0.02976	0.12473	0.40381	0.20171	0.02256	0.02708	0.01991	0.02449	0.01474	0.01921	0.01221	0.00784	0.00803	0.00242	0.01145	0.00683	0.00410	0.01167
1	0.02099	0.08253	0.03371	0.07506	0.54207	0.05228	0.02392	0.02562	0.01885	0.02587	0.01509	0.01972	0.01272	0.00747	0.00793	0.00240	0.01008	0.00704	0.00405	0.01259
2	0.29998	0.02314	0.15331	0.05556	0.19596	0.04809	0.01873	0.02507	0.01686	0.03041	0.01443	0.01769	0.01130	0.00784	0.00683	0.00251	0.00902	0.00598	0.04653	0.01077
3	0.02382	0.02921	0.08497	0.11928	0.26768	0.28466	0.02182	0.02812	0.02037	0.02354	0.01432	0.01824	0.01166	0.00803	0.00791	0.00239	0.01231	0.00646	0.00407	0.01114
4	0.05934	0.01992	0.02633	0.03233	0.31146	0.04579	0.01893	0.19504	0.05888	0.03410	0.02115	0.02399	0.04349	0.01302	0.05671	0.00329	0.01016	0.00788	0.00578	0.01239
5	0.02244	0.02151	0.01902	0.01693	0.02150	0.14951	0.01311	0.09706	0.37725	0.03208	0.03471	0.03299	0.10204	0.01186	0.00842	0.00265	0.00820	0.00944	0.00751	0.01176
6	0.01208	0.00805	0.00906	0.00906	0.00906	0.00805	0.00503	0.01208	0.01208	0.01611	0.02618	0.05436	0.03020	0.70804	0.04228	0.00805	0.00805	0.01208	0.00503	0.00503
7	0.02044	0.02008	0.03569	0.04894	0.57738	0.01990	0.10276	0.02564	0.01901	0.02707	0.01578	0.02080	0.01309	0.00735	0.00843	0.00251	0.01040	0.00771	0.00412	0.01291
8	0.02088	0.18720	0.12007	0.02428	0.14932	0.16371	0.01843	0.02495	0.01811	0.02214	0.01533	0.01971	0.01323	0.01896	0.14466	0.00450	0.01365	0.00639	0.00400	0.01050
9	0.01097	0.00891	0.01119	0.01347	0.06461	0.00805	0.00874	0.01311	0.01771	0.02242	0.06130	0.32863	0.33253	0.02203	0.01008	0.00305	0.00506	0.04329	0.00742	0.00743
10	0.01208	0.00805	0.00906	0.00906	0.00906	0.00805	0.00503	0.01208	0.01208	0.01611	0.02618	0.05436	0.03020	0.70804	0.04228	0.00805	0.00805	0.01208	0.00503	0.00503
11	0.01968	0.02221	0.04791	0.03618	0.08804	0.02092	0.58232	0.02653	0.01956	0.02665	0.01672	0.02227	0.01265	0.00703	0.00969	0.00278	0.01370	0.00963	0.00420	0.01135
12	0.14498	0.03291	0.41211	0.02351	0.06033	0.01883	0.10217	0.02544	0.01760	0.02862	0.04745	0.01991	0.01415	0.00819	0.00778	0.00263	0.01096	0.00685	0.00419	0.01139
13	0.02954	0.03406	0.02402	0.02105	0.02522	0.47977	0.01627	0.13674	0.02495	0.02595	0.01386	0.01625	0.01133	0.00955	0.01008	0.00239	0.09775	0.00596	0.00491	0.01036
14	0.01187	0.00890	0.01335	0.01335	0.01483	0.01038	0.01038	0.01483	0.01335	0.01928	0.02225	0.03264	0.02077	0.06231	0.67512	0.01335	0.02225	0.00890	0.00445	0.00742
15	0.01868	0.03328	0.41801	0.06358	0.15851	0.01914	0.02684	0.02812	0.07388	0.05590	0.01755	0.02008	0.01286	0.00823	0.00805	0.00262	0.01099	0.00685	0.00439	0.01245
16	0.01747	0.02350	0.22772	0.07106	0.09170	0.01609	0.10395	0.05223	0.01896	0.02842	0.02198	0.02551	0.04341	0.00894	0.00776	0.00246	0.00936	0.00789	0.21101	0.01059
17	0.01055	0.00865	0.00944	0.00983	0.01245	0.00754	0.00777	0.01301	0.01897	0.02294	0.07589	0.08278	0.52827	0.02143	0.01016	0.00302	0.00492	0.13753	0.00770	0.00714
18	0.01994	0.01982	0.03598	0.10484	0.48071	0.01988	0.14473	0.02534	0.01885	0.02651	0.01578	0.02107	0.01286	0.00740	0.00855	0.00256	0.01080	0.00788	0.00409	0.01242
19	0.02595	0.12866	0.02729	0.16569	0.06438	0.37590	0.01778	0.05805	0.02161	0.02233	0.01356	0.01682	0.01107	0.00831	0.00744	0.00226	0.01272	0.00587	0.00424	0.01009
20	0.02090	0.16249	0.03574	0.04342	0.52549	0.02244	0.02317	0.02537	0.01850	0.02558	0.01479	0.01907	0.01264	0.00734	0.00763	0.00233	0.00967	0.00679	0.00400	0.01264
21	0.03103	0.03959	0.02354	0.02140	0.02568	0.67469	0.01605	0.03317	0.02354	0.02033	0.01284	0.01498	0.01070	0.00856	0.00749	0.00214	0.01498	0.00535	0.00428	0.00963
22	0.01151	0.00848	0.01076	0.01019	0.01226	0.00773	0.00764	0.01519	0.02293	0.03192	0.57880	0.06436	0.15229	0.01751	0.00980	0.00264	0.00396	0.01535	0.00896	0.00773
23	0.01012	0.00723	0.00964	0.01157	0.01205	0.00675	0.00771	0.01157	0.01591	0.02121	0.04579	0.70262	0.05495	0.02603	0.01060	0.00337	0.00482	0.02362	0.00771	0.00675
24	0.01168	0.00788	0.00918	0.00958	0.00968	0.00778	0.00559	0.01198	0.01287	0.01716	0.03021	0.18785	0.03530	0.56761	0.03576	0.00709	0.00739	0.01446	0.00559	0.00539
25	0.01666	0.04297	0.66500	0.02368	0.03596	0.01929	0.03069	0.02631	0.01754	0.02631	0.01491	0.01754	0.01052	0.00789	0.00789	0.00263	0.01228	0.00614	0.00351	0.01228
26	0.01088	0.00755	0.00941	0.01059	0.01089	0.00725	0.00667	0.01177	0.01442	0.01923	0.03818	0.45112	0.04535	0.29063	0.02289	0.00519	0.00607	0.01914	0.00667	0.00608
27	0.01208	0.00805	0.00906	0.00906	0.00906	0.00805	0.00503	0.01208	0.01208	0.01611	0.02618	0.05436	0.03020	0.70804	0.04228	0.00805	0.00805	0.01208	0.00503	0.00503
28	0.01187	0.00890	0.01335	0.01335	0.01483	0.01038	0.01038	0.01483	0.01335	0.01928	0.02225	0.03264	0.02077	0.06231	0.67512	0.01335	0.02225	0.00890	0.00445	0.00742
29	0.02306	0.01505	0.01583	0.01309	0.01725	0.01622	0.01050	0.30596	0.02760	0.04103	0.02373	0.02578	0.01792	0.00982	0.00698	0.00220	0.00635	0.00762	0.40326	0.01075
30	0.01257	0.00898	0.01245	0.01436	0.01591	0.00885	0.01196	0.01579	0.01832	0.02394	0.04444	0.24672	0.04960	0.02372	0.01126	0.00371	0.00694	0.45539	0.00767	0.00742
31	0.01187	0.00890	0.01335	0.01335	0.01483	0.01038	0.01038	0.01483	0.01335	0.01928	0.02225	0.03264	0.02077	0.06231	0.67512	0.01335	0.02225	0.00890	0.00445	0.00742
32	0.02056	0.01974	0.03372	0.05099	0.65622	0.01974	0.02550	0.02550	0.01892	0.02714	0.01563	0.02056	0.01316	0.00740	0.00822	0.00247	0.00987	0.00740	0.00411	0.01316
33	0.01012	0.00723	0.00964	0.01157	0.01205	0.00675	0.00771	0.01157	0.01591	0.02121	0.04579	0.70262	0.05495	0.02603	0.01060	0.00337	0.00482	0.02362	0.00771	0.00675
34	0.08697	0.01954	0.02947	0.17246	0.44433	0.05620	0.02301	0.02498	0.01829	0.02649	0.01494	0.01993	0.01223	0.00767	0.00792	0.00252	0.01009	0.00702	0.00413	0.01181
35	0.01804	0.01664	0.02771	0.04103	0.49064	0.01654	0.02121	0.02220	0.01831	0.02580	0.02330	0.16477	0.02355	0.01204	0.00888	0.00272	0.00872	0.04131	0.00504	0.01155
36	0.01134	0.00819	0.01130	0.01192	0.01278	0.00874	0.00846	0.01323	0.01393	0.01928	0.03065	0.25378	0.03370	0.17900	0.33420	0.00907	0.01379	0.01430	0.00562	0.00673
37	0.02056	0.01974	0.03372	0.05099	0.65622	0.01974	0.02550	0.02550	0.01892	0.02714	0.01563	0.02056	0.01316	0.00740	0.00822	0.00247	0.00987	0.00740	0.00411	0.01316
38	0.02056	0.01974	0.03372	0.05099	0.65622	0.01974	0.02550	0.02550	0.01892	0.02714	0.01563	0.02056	0.01316	0.00740	0.00822	0.00247	0.00987	0.00740	0.00411	0.01316
39	0.01012	0.00723	0.00964	0.01157	0.01205	0.00675	0.00771	0.01157	0.01591	0.02121	0.04579	0.70262	0.05495	0.02603	0.01060	0.00337	0.00482	0.02362	0.00771	0.00675
40	0.02729	0.03148	0.02169	0.01952	0.02353	0.46258	0.01489	0.10290	0.02343	0.02407	0.01559	0.01910	0.01313	0.01942	0.14038	0.00441	0.01571	0.00632	0.00481	0.00974
41	0.61653	0.01567	0.01367	0.01172	0.01712	0.01731	0.00966	0.02773	0.01612	0.16590	0.01593	0.01654	0.01138	0.00824	0.00580	0.00257	0.00656	0.00529	0.00620	0.01006
42	0.01756	0.00974	0.00995	0.00921	0.01175	0.01006	0.00709	0.09773	0.02021	0.03372	0.02618	0.02955	0.02037	0.00972	0.00613	0.00201	0.00455	0.00771	0.65820	0.00856
43	0.01029	0.00735	0.00983	0.01176	0.01232	0.00689	0.00800	0.01186	0.01607	0.02140	0.04569	0.67123	0.05458	0.02587	0.01065	0.00340	0.00497	0.05335	0.00771	0.00679
44	0.02056	0.01974	0.03372	0.05099	0.65622	0.01974	0.02550	0.02550	0.01892	0.02714	0.01563	0.02056	0.01316	0.00740	0.00822	0.00247	0.00987	0.00740	0.00411	0.01316
45	0.01189	0.00882	0.01297	0.01297	0.01432	0.01018	0.00991	0.01459	0.01324	0.01900	0.02260	0.03458	0.02161	0.12011	0.61847	0.01288	0.02098	0.00919	0.00450	0.00720
46	0.01154	0.00839	0.01068	0.01077	0.01211	0.00830	0.00771	0.01382	0.01706	0.02320	0.20789	0.11522	0.12471	0.20229	0.15514	0.00635	0.00903	0.04220	0.00676	0.00683
47	0.01531	0.01068	0.01310	0.01386	0.04858	0.01020	0.00955	0.06939	0.04416	0.08324	0.05207	0.32908	0.22829	0.02012	0.00975	0.00298	0.00555	0.01756	0.00783	0.00873
48	0.01681	0.04197	0.63496	0.02423	0.03632	0.01938	0.05973	0.02632	0.01764	0.02632	0.01500	0.01778	0.01063	0.00785	0.00799	0.00264	0.01236	0.00632	0.00354	0.01223
49	0.02556	0.02962	0.02911	0.03391	0.27620	0.34387	0.05420	0.02906	0.02091	0.02336	0.01406	0.01778	0.01179	0.00833	0.00897	0.00239	0.04910	0.00652	0.00417	0.01109
50	0.01666	0.04297	0.66500	0.02368	0.03596	0.01929	0.03069	0.02631	0.01754	0.02631	0.01491	0.01754	0.01052	0.00789	0.00789	0.00263	0.01228	0.00614	0.00351	0.01228
51	0.02328	0.17500	0.19739	0.02669	0.15900	0.23467	0.02147	0.02807	0.01964	0.02315	0.01370	0.01647	0.01116	0.00785	0.00730	0.00226	0.01195	0.00580	0.00389	0.01127
52	0.02293	0.06242	0.03267	0.03937	0.40109	0.13271	0.07183	0.05879	0.04880	0.02715	0.01606	0.01979	0.01315	0.00786	0.00808	0.00242	0.01084	0.00718	0.00453	0.01230
53	0.01431	0.00974	0.01390	0.01348	0.01509	0.01090	0.01033	0.01689	0.01495	0.07603	0.05440	0.12406	0.02779	0.08364	0.41445	0.00957	0.06577	0.01118	0.00559	0.00792
54	0.02269	0.17541	0.06575	0.02038	0.02706	0.15575	0.13634	0.02668	0.01903	0.05624	0.01479	0.01758	0.01193	0.00780	0.00837	0.00213	0.04910	0.00625	0.00448	0.17222
55	0.02312	0.35067	0.04006	0.02179	0.02833	0.16140	0.18343	0.02683	0.01880	0.02168	0.01323	0.01640	0.01122	0.00773	0.00806	0.00222	0.04437	0.00624	0.00389	0.01052
56	0.01205	0.00816	0.00961	0.00961	0.00980	0.00835	0.00572	0.01244	0.01224	0.01652	0.02567	0.05157	0.02899	0.62497	0.12370	0.00874	0.00988	0.01167	0.00496	0.00534
57	0.01096	0.00858	0.01005	0.01030	0.01262	0.00766	0.00801	0.01381	0.02002	0.02565	0.22412	0.10753	0.36816	0.02055	0.01014	0.00296	0.00476	0.11871	0.00808	0.00733
58	0.02406	0.44948	0.06423	0.01672	0.02295	0.22077	0.01531	0.02690	0.01871	0.02007	0.01260	0.01495	0.01116	0.01026	0.03875	0.00249	0.01149	0.00500	0.00381	0.01027
59	0.01125	0.00867	0.01040	0.01054	0.01285	0.00783	0.00829	0.01437	0.02067	0.02696	0.28689	0.07604	0.31926	0.01991	0.01014	0.00294	0.00479	0.13252	0.00823	0.00745
60	0.01012	0.00723	0.00964	0.01157	0.01205	0.00675	0.00771	0.01157	0.01591	0.02121	0.04579	0.70262	0.05495	0.02603	0.01060	0.00337	0.00482	0.02362	0.00771	0.00675
61	0.01089	0.00786	0.01086	0.01240	0.01327	0.00783	0.00897	0.01294	0.01581	0.02129	0.04087	0.49102	0.04723	0.03285	0.14289	0.00542	0.00865	0.09488	0.00705	0.00700
62	0.07828	0.01425	0.01888	0.01456	0.02092	0.01257	0.01203	0.03958	0.02324	0.62686	0.03158	0.02744	0.01991	0.01014	0.00817	0.00257	0.00703	0.00814	0.00999	0.01385
63	0.01903	0.17237	0.28013	0.02646	0.03605	0.02280	0.27561	0.02614	0.01827	0.02504	0.01501	0.01870	0.01142	0.00736	0.00816	0.00253	0.01230	0.00732	0.00381	0.01150
64	0.01176	0.00849	0.01110	0.01045	0.01241	0.00784	0.00784	0.01568	0.02352	0.03331	0.65184	0.06206	0.07839	0.01698	0.00980	0.00261	0.00392	0.01502	0.00914	0.00784
65	0.03115	0.03623	0.02383	0.02093	0.02570	0.54107	0.01600	0.15576	0.02674	0.02693	0.01430	0.01600	0.01141	0.00885	0.00766	0.00221	0.01378	0.00579	0.00511	0.01056
66	0.01158	0.00835	0.01006	0.01006	0.01100	0.00846	0.00669	0.01277	0.01378	0.01820	0.03668	0.05376	0.15158	0.40214	0.20171	0.00840	0.01101	0.01233	0.00541	0.00605
67	0.01700	0.01617	0.02675	0.22385	0.33356	0.01689	0.04383	0.02162	0.01829	0.02450	0.02906	0.03290	0.13978	0.01036	0.00862	0.00263	0.00924	0.00950	0.00471	0.01074
68	0.01012	0.00723	0.00964	0.01157	0.01205	0.00675	0.00771	0.01157	0.01591	0.02121	0.04579	0.70262	0.05495	0.02603	0.01060	0.00337	0.00482	0.02362	0.00771	0.00675
69	0.01733	0.01694	0.02560	0.27697	0.06257	0.02254	0.02036	0.02070	0.01447	0.02077	0.01258	0.01979	0.01107	0.01186	0.01922	0.00325	0.40367	0.00732	0.00368	0.00932
70	0.02433	0.02784	0.02663	0.02873	0.17767	0.30541	0.01903	0.02704	0.01892	0.02188	0.01289	0.01737	0.01136	0.01021	0.01407	0.00270	0.23310	0.00647	0.00403	0.01031
71	0.01204	0.00822	0.00991	0.00991	0.01021	0.00852	0.00610	0.01263	0.01233	0.01674	0.02539	0.05004	0.02833	0.57961	0.16816	0.00911	0.01088	0.01145	0.00492	0.00551
72	0.01982	0.07808	0.50422	0.02272	0.03313	0.15038	0.02690	0.02760	0.01870	0.02476	0.01432	0.01681	0.01057	0.00798	0.00768	0.00249	0.01263	0.00589	0.00366	0.01166
73	0.02745	0.02051	0.01948	0.01679	0.02180	0.14742	0.01315	0.03930	0.29224	0.22799	0.06232	0.02862	0.02378	0.01073	0.00830	0.00259	0.00826	0.00856	0.00823	0.01248
74	0.02829	0.02047	0.02182	0.01719	0.02297	0.02260	0.01405	0.49155	0.07955	0.04776	0.02206	0.02246	0.01606	0.01002	0.00793	0.00243	0.00814	0.00766	0.12393	0.01307
75	0.00982	0.00842	0.00842	0.00842	0.01122	0.00701	0.00631	0.01192	0.01894	0.02244	0.08416	0.07995	0.65285	0.02104	0.00982	0.00281	0.00421	0.01753	0.00771	0.00701
76	0.15174	0.02409	0.02064	0.01778	0.02183	0.24695	0.03756	0.06076	0.02036	0.08778	0.02398	0.02546	0.09428	0.01116	0.01077	0.00263	0.11915	0.00767	0.00557	0.00985
77	0.01608	0.01118	0.01443	0.01394	0.01576	0.01211	0.01064	0.11001	0.04561	0.02494	0.02751	0.17387	0.02837	0.02858	0.12279	0.20674	0.03643	0.08730	0.00605	0.00765
78	0.01169	0.00852	0.01202	0.01227	0.01333	0.00945	0.00898	0.01387	0.01343	0.01890	0.02606	0.12316	0.02704	0.18608	0.46376	0.01101	0.01719	0.01143	0.00499	0.00686
79	0.01666	0.04297	0.66500	0.02368	0.03596	0.01929	0.03069	0.02631	0.01754	0.02631	0.01491	0.01754	0.01052	0.00789	0.00789	0.00263	0.01228	0.00614	0.00351	0.01228
80	0.11469	0.01822	0.01481	0.01418	0.01689	0.18824	0.01044	0.05452	0.02033	0.02693	0.15062	0.22968	0.03825	0.05272	0.01047	0.00299	0.00798	0.01304	0.00664	0.00835
81	0.01010	0.00732	0.00955	0.01134	0.01199	0.00677	0.00761	0.01159	0.01613	0.02130	0.04858	0.65728	0.09848	0.02566	0.01055	0.00333	0.00478	0.02317	0.00771	0.00677
82	0.01012	0.00759	0.00940	0.01072	0.01186	0.00686	0.00736	0.01184	0.01702	0.02207	0.08312	0.51537	0.20781	0.02435	0.01037	0.00319	0.00462	0.02168	0.00778	0.00686
83	0.02291	0.03137	0.19670	0.06300	0.15943	0.20891	0.02190	0.06400	0.10095	0.02704	0.01717	0.01954	0.01326	0.00856	0.00796	0.00248	0.01159	0.00673	0.00477	0.01175
84	0.02776	0.09081	0.02300	0.01794	0.02262	0.35720	0.01411	0.16597	0.02546	0.02936	0.01674	0.01865	0.01326	0.00894	0.00720	0.00215	0.01124	0.00616	0.13101	0.01043
85	0.02006	0.11680	0.20400	0.03325	0.21441	0.05663	0.18549	0.02634	0.01873	0.02544	0.01508	0.01903	0.01187	0.00745	0.00815	0.00249	0.01175	0.00722	0.00391	0.01190
86	0.24657	0.02578	0.02232	0.02324	0.13765	0.23256	0.01563	0.14760	0.02301	0.03295	0.01438	0.01655	0.01133	0.00838	0.00709	0.00240	0.01036	0.00590	0.00531	0.01098
87	0.06184	0.04835	0.10646	0.15678	0.11582	0.01756	0.09715	0.02859	0.01926	0.19693	0.01971	0.02197	0.01398	0.00830	0.00804	0.00253	0.00976	0.00740	0.00570	0.05388

[dist]
# distance from previous block
# <min> <max>
0	7

[block]
# block no. 5 follows, 22 sequences, length 30
# corresponding to MSA columns:
# 197-226
name=unknown_F
#
# <colnr> <probs for GDERKNQSTAVLIFYWHMCP>
#	G	D	E	R	K	N	Q	S	T	A	V	L	I	F	Y	W	H	M	C	P
0	0.02065	0.01494	0.02693	0.02094	0.02623	0.01381	0.23210	0.02550	0.02158	0.17375	0.19940	0.04432	0.03734	0.01266	0.00970	0.00283	0.00877	0.09065	0.00742	0.01047
1	0.02235	0.12043	0.07101	0.01577	0.02133	0.05057	0.04942	0.05672	0.07697	0.16954	0.15165	0.03637	0.09918	0.01192	0.00836	0.00250	0.00768	0.00991	0.00734	0.01097
2	0.02879	0.01598	0.01898	0.01538	0.02090	0.01611	0.01242	0.15488	0.16213	0.31374	0.08214	0.03306	0.06400	0.01163	0.00857	0.00263	0.00695	0.00950	0.00924	0.01298
3	0.03727	0.01414	0.01928	0.01478	0.02121	0.01221	0.01221	0.04049	0.02378	0.66198	0.03277	0.02828	0.02056	0.01028	0.00835	0.00257	0.00707	0.00835	0.01028	0.01414
4	0.02520	0.02130	0.02305	0.01914	0.02359	0.05767	0.01550	0.28170	0.22037	0.03810	0.02192	0.02275	0.01675	0.01131	0.01248	0.00283	0.15882	0.00792	0.00712	0.01248
5	0.01160	0.00955	0.01033	0.00994	0.01275	0.00884	0.00751	0.01669	0.09363	0.02668	0.22376	0.06958	0.43143	0.01885	0.00965	0.00276	0.00441	0.01593	0.00817	0.00795
6	0.03103	0.03959	0.02354	0.02140	0.02568	0.67469	0.01605	0.03317	0.02354	0.02033	0.01284	0.01498	0.01070	0.00856	0.00749	0.00214	0.01498	0.00535	0.00428	0.00963
7	0.01107	0.00799	0.01061	0.01196	0.01311	0.00753	0.00880	0.01348	0.01812	0.02428	0.16148	0.43206	0.08509	0.02348	0.01059	0.00329	0.00519	0.13676	0.00797	0.00715
8	0.02485	0.16674	0.02636	0.01889	0.02277	0.36580	0.01518	0.02717	0.01932	0.01998	0.01364	0.01756	0.01213	0.01662	0.10338	0.00384	0.10632	0.00593	0.00407	0.00945
9	0.03235	0.02204	0.02417	0.01853	0.02515	0.02393	0.01531	0.54911	0.03700	0.13468	0.02168	0.02107	0.01500	0.01001	0.00832	0.00250	0.00886	0.00760	0.00858	0.01413
10	0.19983	0.02162	0.02202	0.01724	0.02354	0.02413	0.01424	0.49026	0.03336	0.04890	0.01803	0.01847	0.01295	0.00946	0.00759	0.00251	0.00852	0.00680	0.00759	0.01295
11	0.01187	0.00890	0.01335	0.01335	0.01483	0.01038	0.01038	0.01483	0.01335	0.01928	0.02225	0.03264	0.02077	0.06231	0.67512	0.01335	0.02225	0.00890	0.00445	0.00742
12	0.01115	0.00820	0.00879	0.00879	0.00995	0.00762	0.00556	0.01202	0.01491	0.01872	0.05012	0.06493	0.28730	0.42438	0.02888	0.00589	0.00647	0.01433	0.00614	0.00585
13	0.03158	0.02327	0.02493	0.01911	0.02576	0.02576	0.01579	0.62852	0.03906	0.05236	0.01995	0.01995	0.01413	0.00997	0.00831	0.00249	0.00914	0.00748	0.00831	0.01413
14	0.01375	0.01399	0.07028	0.01790	0.02123	0.01168	0.14592	0.01724	0.01672	0.02250	0.03273	0.25028	0.03582	0.15588	0.01671	0.00421	0.00862	0.13048	0.00606	0.00800
15	0.01191	0.00871	0.01241	0.01241	0.01357	0.00987	0.00921	0.01423	0.01307	0.01859	0.02311	0.03741	0.02284	0.20414	0.53612	0.01219	0.01913	0.00960	0.00458	0.00689
16	0.01202	0.00861	0.01118	0.01254	0.01383	0.00836	0.00974	0.01437	0.01698	0.02207	0.04492	0.22747	0.10575	0.15635	0.01708	0.00444	0.00673	0.29356	0.00716	0.00687
17	0.01964	0.02150	0.07630	0.09847	0.39715	0.01996	0.19249	0.02550	0.01883	0.02644	0.01584	0.02102	0.01267	0.00740	0.00865	0.00260	0.01127	0.00799	0.00406	0.01223
18	0.01055	0.00741	0.00951	0.01102	0.01139	0.00703	0.00712	0.01168	0.01507	0.02009	0.04148	0.56023	0.04951	0.17583	0.01756	0.00440	0.00553	0.02108	0.00712	0.00637
19	0.01252	0.00918	0.01216	0.01378	0.01528	0.00919	0.01087	0.01684	0.06646	0.02403	0.04398	0.35707	0.04919	0.02339	0.01085	0.00355	0.00632	0.29991	0.00774	0.00768
20	0.01188	0.00884	0.01303	0.01303	0.01440	0.01021	0.00998	0.01463	0.01326	0.01905	0.02255	0.03428	0.02148	0.11103	0.62737	0.01295	0.02118	0.00914	0.00449	0.00724
21	0.01930	0.03572	0.49814	0.02207	0.03261	0.01799	0.05025	0.02840	0.04775	0.10626	0.04895	0.02186	0.01584	0.00875	0.00814	0.00264	0.01103	0.00714	0.00488	0.01229
22	0.01187	0.00890	0.01335	0.01335	0.01483	0.01038	0.01038	0.01483	0.01335	0.01928	0.02225	0.03264	0.02077	0.06231	0.67512	0.01335	0.02225	0.00890	0.00445	0.00742
23	0.02962	0.03691	0.02492	0.02540	0.11083	0.58625	0.01733	0.03214	0.02292	0.02125	0.01322	0.01573	0.01103	0.00840	0.00759	0.00218	0.01429	0.00563	0.00426	0.01011
24	0.01208	0.00805	0.00906	0.00906	0.00906	0.00805	0.00503	0.01208	0.01208	0.01611	0.02618	0.05436	0.03020	0.70804	0.04228	0.00805	0.00805	0.01208	0.00503	0.00503
25	0.01012	0.00723	0.00964	0.01157	0.01205	0.00675	0.00771	0.01157	0.01591	0.02121	0.04579	0.70262	0.05495	0.02603	0.01060	0.00337	0.00482	0.02362	0.00771	0.00675
26	0.01762	0.01674	0.02841	0.43552	0.29468	0.01897	0.02403	0.02292	0.01752	0.02357	0.01511	0.02152	0.01190	0.00795	0.00827	0.00265	0.01060	0.00739	0.00386	0.01079
27	0.01923	0.01628	0.02205	0.17000	0.16207	0.01757	0.01683	0.16047	0.07164	0.03092	0.03378	0.06932	0.15015	0.01231	0.00874	0.00268	0.00826	0.01053	0.00626	0.01090
28	0.02041	0.01718	0.02469	0.03070	0.30528	0.01733	0.01765	0.15503	0.02447	0.03433	0.18754	0.03137	0.03085	0.01046	0.00854	0.00244	0.00788	0.00931	0.00644	0.05810
29	0.02351	0.07941	0.03175	0.04015	0.43696	0.19683	0.02207	0.02751	0.02000	0.02471	0.01456	0.01849	0.01230	0.00769	0.00780	0.00233	0.01117	0.00662	0.00411	0.01201

[dist]
# distance from previous block
# <min> <max>
5	73

[block]
# block no. 6 follows, 22 sequences, length 24
# corresponding to MSA columns:
# 300-323
name=unknown_G
#
# <colnr> <probs for GDERKNQSTAVLIFYWHMCP>
#	G	D	E	R	K	N	Q	S	T	A	V	L	I	F	Y	W	H	M	C	P
0	0.02076	0.01617	0.01500	0.01376	0.01695	0.15314	0.01038	0.02354	0.02179	0.15755	0.22582	0.16525	0.09460	0.01578	0.00915	0.00266	0.00716	0.01335	0.00794	0.00926
1	0.02216	0.15390	0.16484	0.02804	0.19594	0.02407	0.02151	0.15572	0.02188	0.03017	0.01509	0.01817	0.01208	0.00886	0.00991	0.00252	0.09158	0.00659	0.00474	0.01223
2	0.01728	0.01749	0.02869	0.02240	0.02722	0.05962	0.27096	0.02363	0.08644	0.02389	0.02587	0.03402	0.06602	0.13152	0.12199	0.00531	0.01287	0.01027	0.00512	0.00939
3	0.02022	0.02209	0.06305	0.02919	0.25576	0.13882	0.01806	0.02764	0.12376	0.02755	0.11033	0.03152	0.07505	0.01070	0.00845	0.00252	0.00915	0.00913	0.00580	0.01123
4	0.06350	0.62092	0.04022	0.01461	0.02139	0.08368	0.01408	0.02552	0.01727	0.02057	0.01165	0.01347	0.01057	0.00726	0.00549	0.00185	0.00924	0.00452	0.00370	0.01049
5	0.01014	0.00841	0.00892	0.00924	0.01178	0.00720	0.00701	0.01233	0.01871	0.02254	0.07776	0.13113	0.55491	0.02160	0.01002	0.00294	0.00454	0.06607	0.00771	0.00704
6	0.01781	0.06893	0.45095	0.02662	0.03749	0.02046	0.20801	0.02633	0.01813	0.02608	0.01532	0.01879	0.01115	0.00759	0.00834	0.00264	0.01263	0.00715	0.00372	0.01188
7	0.02193	0.11777	0.27822	0.02123	0.02912	0.24678	0.05831	0.02737	0.01978	0.02314	0.01947	0.02147	0.06236	0.00903	0.00772	0.00238	0.01227	0.00680	0.00416	0.01068
8	0.01243	0.00821	0.01063	0.01112	0.01270	0.00749	0.00792	0.01485	0.01917	0.06787	0.24340	0.39217	0.11749	0.02159	0.01012	0.00302	0.00462	0.01926	0.00834	0.00762
9	0.01936	0.01851	0.03155	0.20809	0.50851	0.01942	0.02490	0.02444	0.01835	0.02568	0.01541	0.02095	0.01264	0.00762	0.00824	0.00254	0.01017	0.00740	0.00401	0.01219
10	0.02432	0.17768	0.24725	0.02072	0.02831	0.31977	0.02069	0.02914	0.02013	0.02222	0.01329	0.01552	0.01063	0.00804	0.00719	0.00223	0.01282	0.00544	0.00387	0.01075
11	0.01985	0.02123	0.04230	0.03970	0.25298	0.02084	0.38199	0.02582	0.01895	0.02639	0.01604	0.02151	0.01269	0.00760	0.01033	0.00274	0.05433	0.00882	0.00414	0.01175
12	0.00985	0.00827	0.00856	0.00879	0.01132	0.00698	0.00648	0.01188	0.01857	0.02229	0.07958	0.15430	0.58146	0.02163	0.00991	0.00287	0.00428	0.01826	0.00771	0.00698
13	0.01474	0.01086	0.01411	0.01608	0.09532	0.01027	0.01036	0.01923	0.07058	0.07827	0.15873	0.19312	0.24013	0.01796	0.00955	0.00283	0.00544	0.01567	0.00778	0.00897
14	0.02075	0.02320	0.16301	0.07829	0.17676	0.01928	0.02055	0.03381	0.26029	0.08164	0.02387	0.02471	0.01777	0.00932	0.00826	0.00267	0.00898	0.00798	0.00614	0.01274
15	0.02443	0.02246	0.01901	0.01619	0.02027	0.19384	0.01232	0.25645	0.02648	0.03209	0.02756	0.03371	0.09794	0.16244	0.01565	0.00364	0.00985	0.00918	0.00644	0.01004
16	0.02066	0.01785	0.01878	0.01691	0.02160	0.02066	0.01315	0.04414	0.64121	0.03475	0.03381	0.03099	0.02536	0.01127	0.00845	0.00282	0.00657	0.00939	0.00845	0.01315
17	0.02536	0.17177	0.03142	0.03078	0.25642	0.30116	0.01914	0.02863	0.02046	0.02267	0.01360	0.01669	0.01160	0.00783	0.00731	0.00219	0.01184	0.00592	0.00407	0.01114
18	0.18267	0.09008	0.02284	0.01864	0.02333	0.48606	0.01444	0.03068	0.02105	0.02378	0.01247	0.01454	0.01034	0.00827	0.00683	0.00220	0.01271	0.00510	0.00440	0.00958
19	0.01208	0.00805	0.00906	0.00906	0.00906	0.00805	0.00503	0.01208	0.01208	0.01611	0.02618	0.05436	0.03020	0.70804	0.04228	0.00805	0.00805	0.01208	0.00503	0.00503
20	0.02689	0.03174	0.02757	0.03311	0.27524	0.41547	0.01979	0.03013	0.02171	0.02303	0.01394	0.01719	0.01167	0.00810	0.00778	0.00227	0.01296	0.00616	0.00421	0.01103
21	0.01617	0.01190	0.01524	0.01398	0.01637	0.01338	0.01078	0.14757	0.01875	0.02600	0.02232	0.03302	0.02069	0.14418	0.43910	0.01023	0.01736	0.00905	0.00537	0.00853
22	0.01974	0.41504	0.31992	0.01842	0.02783	0.02683	0.02154	0.02551	0.01717	0.02255	0.01304	0.01520	0.01060	0.00746	0.00647	0.00216	0.01039	0.00520	0.00353	0.01138
23	0.01753	0.03724	0.49874	0.02803	0.08833	0.01965	0.14080	0.02630	0.01804	0.02643	0.01532	0.01869	0.01113	0.00769	0.00827	0.00265	0.01240	0.00692	0.00369	0.01215

[dist]
# distance from previous block
# <min> <max>
0	1

[block]
# block no. 7 follows, 22 sequences, length 38
# corresponding to MSA columns:
# 325-362
name=unknown_H
#
# <colnr> <probs for GDERKNQSTAVLIFYWHMCP>
#	G	D	E	R	K	N	Q	S	T	A	V	L	I	F	Y	W	H	M	C	P
0	0.02358	0.02663	0.02120	0.16121	0.02953	0.35403	0.01575	0.05910	0.02290	0.02509	0.15293	0.02704	0.02572	0.01042	0.00821	0.00240	0.01142	0.00801	0.00543	0.00940
1	0.02065	0.44265	0.15512	0.02045	0.02876	0.02786	0.15124	0.02551	0.01759	0.02230	0.01330	0.01607	0.01106	0.00722	0.00677	0.00215	0.01061	0.00592	0.00369	0.01107
2	0.02728	0.17773	0.02627	0.01744	0.02271	0.26676	0.01427	0.19726	0.02568	0.03054	0.01638	0.01806	0.01301	0.00878	0.00704	0.00213	0.01059	0.00606	0.10113	0.01088
3	0.01205	0.00816	0.00961	0.00961	0.00980	0.00835	0.00572	0.01243	0.01224	0.01651	0.02567	0.05159	0.02900	0.62549	0.12319	0.00873	0.00987	0.01167	0.00496	0.00534
4	0.01666	0.04297	0.66500	0.02368	0.03596	0.01929	0.03069	0.02631	0.01754	0.02631	0.01491	0.01754	0.01052	0.00789	0.00789	0.00263	0.01228	0.00614	0.00351	0.01228
5	0.01796	0.02477	0.17739	0.03179	0.11640	0.01878	0.34531	0.02461	0.01863	0.02597	0.01968	0.10193	0.01725	0.00951	0.00928	0.00279	0.01201	0.01033	0.00446	0.01116
6	0.01046	0.00824	0.00962	0.01025	0.01220	0.00715	0.00725	0.01234	0.01730	0.02213	0.06032	0.38757	0.31079	0.02255	0.00997	0.00299	0.00464	0.01974	0.00753	0.05695
7	0.01203	0.00824	0.01000	0.01000	0.01032	0.00856	0.00620	0.01268	0.01236	0.01680	0.02532	0.04963	0.02815	0.56728	0.18023	0.00921	0.01115	0.01139	0.00491	0.00555
8	0.03103	0.03959	0.02354	0.02140	0.02568	0.67469	0.01605	0.03317	0.02354	0.02033	0.01284	0.01498	0.01070	0.00856	0.00749	0.00214	0.01498	0.00535	0.00428	0.00963
9	0.01187	0.00890	0.01335	0.01335	0.01483	0.01038	0.01038	0.01483	0.01335	0.01928	0.02225	0.03264	0.02077	0.06231	0.67512	0.01335	0.02225	0.00890	0.00445	0.00742
10	0.03209	0.01742	0.02070	0.01642	0.02252	0.01773	0.01338	0.20021	0.16324	0.35975	0.02953	0.02662	0.01988	0.01042	0.00836	0.00260	0.00752	0.00835	0.00935	0.01392
11	0.01703	0.01459	0.01537	0.01426	0.01816	0.01605	0.01094	0.03327	0.43142	0.03052	0.04821	0.08895	0.19689	0.01489	0.00897	0.00285	0.00582	0.01254	0.00820	0.01106
12	0.01208	0.00805	0.00906	0.00906	0.00906	0.00805	0.00503	0.01208	0.01208	0.01611	0.02618	0.05436	0.03020	0.70804	0.04228	0.00805	0.00805	0.01208	0.00503	0.00503
13	0.01208	0.00805	0.00906	0.00906	0.00906	0.00805	0.00503	0.01208	0.01208	0.01611	0.02618	0.05436	0.03020	0.70804	0.04228	0.00805	0.00805	0.01208	0.00503	0.00503
14	0.02133	0.01191	0.01398	0.01216	0.01646	0.01103	0.00955	0.02720	0.11960	0.25195	0.05636	0.07800	0.30467	0.01585	0.00911	0.00275	0.00563	0.01321	0.00875	0.01052
15	0.01087	0.00852	0.00998	0.01057	0.01278	0.00764	0.00822	0.01348	0.01914	0.02411	0.13816	0.16044	0.37528	0.02161	0.01028	0.00308	0.00501	0.14574	0.00787	0.00722
16	0.01666	0.04297	0.66500	0.02368	0.03596	0.01929	0.03069	0.02631	0.01754	0.02631	0.01491	0.01754	0.01052	0.00789	0.00789	0.00263	0.01228	0.00614	0.00351	0.01228
17	0.02056	0.01974	0.03372	0.05099	0.65622	0.01974	0.02550	0.02550	0.01892	0.02714	0.01563	0.02056	0.01316	0.00740	0.00822	0.00247	0.00987	0.00740	0.00411	0.01316
18	0.02578	0.02892	0.02180	0.10619	0.06901	0.40268	0.01584	0.05817	0.02208	0.02427	0.01603	0.01921	0.01287	0.00871	0.00740	0.00223	0.01198	0.00626	0.13087	0.00972
19	0.01191	0.00875	0.01259	0.01259	0.01381	0.00997	0.00943	0.01434	0.01312	0.01872	0.02295	0.03651	0.02245	0.17742	0.56231	0.01241	0.01972	0.00947	0.00455	0.00699
20	0.02401	0.10631	0.08613	0.01716	0.02418	0.02207	0.01533	0.26239	0.14569	0.03738	0.02006	0.02049	0.01515	0.00890	0.00750	0.00223	0.00832	0.00683	0.00661	0.16325
21	0.02077	0.07843	0.46136	0.02256	0.03244	0.19365	0.02592	0.02805	0.01909	0.02436	0.01418	0.01663	0.01058	0.00803	0.00765	0.00245	0.01281	0.00584	0.00371	0.01149
22	0.03565	0.01674	0.02089	0.01601	0.02250	0.01607	0.01323	0.20783	0.02813	0.48849	0.02912	0.02591	0.01873	0.01019	0.00834	0.00255	0.00766	0.00811	0.00972	0.01414
23	0.01188	0.00887	0.01125	0.01187	0.01369	0.00848	0.00909	0.01589	0.05217	0.02681	0.24671	0.24173	0.14047	0.02097	0.01031	0.00312	0.00516	0.14566	0.00820	0.00767
