[name]
unknown

[dist]
# distance from previous block
# <min> <max>
19	67

[block]
# block no. 0 follows, 22 sequences, length 11
# corresponding to MSA columns:
# 69-79
name=unknown_A
#
# <colnr> <probs for GDERKNQSTAVLIFYWHMCP>
#	G	D	E	R	K	N	Q	S	T	A	V	L	I	F	Y	W	H	M	C	P
0	0.01319	0.01461	0.13525	0.01241	0.01531	0.01008	0.01099	0.01622	0.01490	0.02192	0.02758	0.16331	0.02879	0.27383	0.06866	0.00542	0.00853	0.01210	0.13950	0.00740
1	0.01787	0.01234	0.01281	0.01118	0.01476	0.01252	0.00879	0.18719	0.02405	0.03377	0.04644	0.04621	0.25557	0.01401	0.00801	0.00242	0.00547	0.01133	0.26599	0.00926
2	0.15388	0.01632	0.01513	0.01431	0.01735	0.11850	0.01100	0.06728	0.04551	0.02637	0.02530	0.12742	0.04881	0.03036	0.23859	0.00636	0.01314	0.01001	0.00565	0.00871
3	0.02734	0.01897	0.02124	0.01664	0.02264	0.01963	0.01347	0.39190	0.03109	0.11230	0.02362	0.10194	0.01942	0.01131	0.00824	0.00240	0.00791	0.00909	0.00791	0.13292
4	0.01442	0.01147	0.01733	0.17015	0.14531	0.01214	0.01405	0.01775	0.01660	0.02359	0.02840	0.25688	0.02955	0.06835	0.01127	0.00319	0.00728	0.01332	0.13037	0.00857
5	0.19745	0.09318	0.02102	0.01558	0.02032	0.13650	0.01276	0.14509	0.02209	0.06124	0.02502	0.02588	0.10537	0.01095	0.00910	0.00253	0.07213	0.00758	0.00594	0.01027
6	0.01863	0.15857	0.02147	0.01437	0.01761	0.11884	0.01152	0.06162	0.01818	0.02189	0.02981	0.03655	0.13875	0.14351	0.07514	0.00445	0.08596	0.00941	0.00515	0.00856
7	0.01278	0.01491	0.12982	0.01406	0.04339	0.01034	0.01167	0.01589	0.01612	0.02226	0.08315	0.14305	0.12374	0.23584	0.04972	0.00492	0.00800	0.01317	0.03949	0.00769
8	0.10448	0.02143	0.02437	0.20901	0.20888	0.15733	0.01903	0.05395	0.01958	0.02670	0.01544	0.01980	0.01228	0.00822	0.00757	0.00245	0.01040	0.00667	0.06191	0.01051
9	0.01716	0.01550	0.02067	0.02042	0.11946	0.01478	0.05988	0.02611	0.18105	0.02801	0.03568	0.03589	0.16032	0.01111	0.00819	0.00231	0.00701	0.00970	0.00629	0.22047
10	0.01352	0.01216	0.01734	0.14862	0.16536	0.01215	0.01377	0.01678	0.01801	0.02283	0.05137	0.05369	0.34229	0.06299	0.01141	0.00308	0.00707	0.01292	0.00594	0.00869

[dist]
# distance from previous block
# <min> <max>
13	31

[block]
# block no. 1 follows, 22 sequences, length 10
# corresponding to MSA columns:
# 111-120
name=unknown_B
#
# <colnr> <probs for GDERKNQSTAVLIFYWHMCP>
#	G	D	E	R	K	N	Q	S	T	A	V	L	I	F	Y	W	H	M	C	P
0	0.02046	0.10160	0.03428	0.03074	0.20953	0.06839	0.17901	0.02507	0.01858	0.02529	0.01487	0.01898	0.01226	0.00738	0.00862	0.00224	0.03962	0.00700	0.00424	0.17184
1	0.05613	0.09090	0.02275	0.02037	0.09384	0.12954	0.01458	0.08535	0.10292	0.02661	0.01924	0.02342	0.01623	0.02503	0.20799	0.00569	0.03651	0.00733	0.00521	0.01035
2	0.05082	0.05278	0.01811	0.06689	0.05789	0.01484	0.01214	0.11733	0.02143	0.12424	0.03495	0.03626	0.14928	0.01860	0.09524	0.00391	0.00895	0.00962	0.09655	0.01016
3	0.01331	0.06388	0.01628	0.01367	0.01524	0.01327	0.01072	0.01574	0.01339	0.01895	0.02085	0.03266	0.02030	0.14010	0.47556	0.01080	0.08459	0.00883	0.00438	0.00751
4	0.02163	0.01429	0.02008	0.01630	0.02076	0.01409	0.08949	0.10439	0.02209	0.18803	0.04362	0.11858	0.20475	0.01510	0.01074	0.00284	0.06235	0.01276	0.00766	0.01044
5	0.01595	0.01528	0.01518	0.01468	0.01613	0.13748	0.01087	0.01788	0.01534	0.01922	0.02323	0.12186	0.02423	0.16345	0.27622	0.00792	0.08208	0.01063	0.00488	0.00747
6	0.01295	0.01378	0.09934	0.01310	0.01640	0.01042	0.01140	0.01906	0.08212	0.02999	0.37897	0.18655	0.05915	0.01708	0.00958	0.00279	0.00549	0.01507	0.00802	0.00873
7	0.01811	0.01778	0.02163	0.16502	0.16295	0.13044	0.01704	0.02195	0.01725	0.02224	0.01788	0.02464	0.01535	0.02667	0.23563	0.00616	0.01490	0.00757	0.04736	0.00944
8	0.30962	0.01759	0.01802	0.23111	0.03060	0.09299	0.01447	0.02500	0.01733	0.08982	0.02040	0.02302	0.06055	0.00928	0.00711	0.00260	0.00881	0.00691	0.00527	0.00949
9	0.37605	0.04496	0.04999	0.10802	0.09066	0.01816	0.03802	0.02305	0.01549	0.02992	0.01415	0.01829	0.01149	0.01397	0.08379	0.00376	0.00990	0.00600	0.00457	0.03977

[dist]
# distance from previous block
# <min> <max>
41	108

[block]
# block no. 2 follows, 22 sequences, length 6
# corresponding to MSA columns:
# 244-249
name=unknown_C
#
# <colnr> <probs for GDERKNQSTAVLIFYWHMCP>
#	G	D	E	R	K	N	Q	S	T	A	V	L	I	F	Y	W	H	M	C	P
0	0.02616	0.14967	0.05785	0.01882	0.05222	0.18578	0.01530	0.03045	0.05421	0.15684	0.01869	0.01983	0.01422	0.00917	0.00911	0.00231	0.07480	0.00642	0.03532	0.06283
1	0.02178	0.02815	0.08458	0.01700	0.02143	0.35420	0.01409	0.02493	0.02180	0.02324	0.11780	0.03739	0.17510	0.01266	0.00841	0.00242	0.01058	0.00970	0.00570	0.00903
2	0.09598	0.06389	0.08208	0.02152	0.12952	0.15307	0.01551	0.02342	0.01988	0.02718	0.18701	0.03025	0.03014	0.01522	0.06777	0.00340	0.01025	0.00857	0.00555	0.00980
3	0.09805	0.21101	0.13657	0.01634	0.02368	0.14330	0.01568	0.02556	0.01805	0.02472	0.01324	0.01543	0.01092	0.00732	0.00638	0.00193	0.00962	0.00504	0.00421	0.21296
4	0.01933	0.09429	0.08665	0.05310	0.02255	0.17879	0.01454	0.04903	0.02106	0.02550	0.16557	0.03655	0.12709	0.01263	0.00963	0.00252	0.05624	0.00973	0.00584	0.00934
5	0.04658	0.01766	0.08393	0.09028	0.06169	0.06831	0.01403	0.06333	0.01917	0.09060	0.08340	0.10787	0.02785	0.17050	0.01621	0.00389	0.00867	0.01069	0.00607	0.00929

[dist]
# distance from previous block
# <min> <max>
1	7

[block]
# block no. 3 follows, 22 sequences, length 43
# corresponding to MSA columns:
# 257-299
name=unknown_D
#
# <colnr> <probs for GDERKNQSTAVLIFYWHMCP>
#	G	D	E	R	K	N	Q	S	T	A	V	L	I	F	Y	W	H	M	C	P
0	0.14520	0.16727	0.18076	0.01485	0.02130	0.05639	0.01528	0.05001	0.01806	0.02881	0.01710	0.01964	0.01343	0.00832	0.00632	0.00222	0.00829	0.00596	0.21072	0.01007
1	0.05222	0.03018	0.22988	0.02775	0.13285	0.14307	0.11976	0.05201	0.01987	0.02650	0.01766	0.07702	0.01522	0.00943	0.00831	0.00259	0.01166	0.00827	0.00450	0.01121
2	0.05691	0.13476	0.05054	0.02063	0.07777	0.20098	0.01582	0.08805	0.14951	0.09603	0.01998	0.02039	0.01520	0.00904	0.00750	0.00236	0.01002	0.00672	0.00602	0.01179
3	0.08313	0.03243	0.35651	0.03043	0.22052	0.05549	0.02574	0.02701	0.04353	0.02752	0.01550	0.01852	0.01181	0.00790	0.00776	0.00256	0.01096	0.00647	0.00408	0.01215
4	0.09122	0.02937	0.30298	0.03537	0.32756	0.01944	0.02613	0.02574	0.01786	0.02777	0.01492	0.01858	0.01162	0.00764	0.00778	0.00255	0.01057	0.00658	0.00395	0.01238
5	0.23213	0.04018	0.01250	0.01074	0.01381	0.01243	0.00851	0.01872	0.01732	0.03006	0.18294	0.03697	0.07878	0.02167	0.13380	0.00451	0.00835	0.00945	0.11898	0.00814
6	0.01258	0.00843	0.01140	0.01206	0.01343	0.00836	0.00883	0.01481	0.01647	0.05697	0.08837	0.32343	0.07273	0.08359	0.17182	0.00602	0.00950	0.06687	0.00698	0.00736
7	0.01140	0.00790	0.00943	0.00987	0.01037	0.00763	0.00615	0.01236	0.01481	0.01984	0.10883	0.23197	0.07226	0.40838	0.02829	0.00589	0.00650	0.01581	0.00638	0.00593
8	0.01086	0.00856	0.00986	0.00984	0.01227	0.00757	0.00759	0.01376	0.02050	0.02637	0.27133	0.07540	0.39387	0.01988	0.00999	0.00285	0.00448	0.07949	0.00819	0.00736
9	0.02934	0.02216	0.02367	0.01866	0.02491	0.02472	0.01525	0.50874	0.16248	0.04875	0.02279	0.02221	0.01643	0.01024	0.00834	0.00256	0.00862	0.00787	0.00834	0.01393
10	0.02066	0.01785	0.01878	0.01691	0.02160	0.02066	0.01315	0.04414	0.64121	0.03475	0.03381	0.03099	0.02536	0.01127	0.00845	0.00282	0.00657	0.00939	0.00845	0.01315
11	0.01723	0.01477	0.01723	0.01230	0.01969	0.01107	0.00984	0.02092	0.01723	0.02707	0.01477	0.01723	0.01230	0.00615	0.00615	0.00123	0.00615	0.00492	0.00492	0.75883
12	0.01118	0.00834	0.01040	0.01015	0.01213	0.00755	0.00751	0.01446	0.02176	0.02978	0.47017	0.13475	0.19361	0.01879	0.00989	0.00273	0.00408	0.01646	0.00870	0.00755
13	0.01187	0.00890	0.01335	0.01335	0.01483	0.01038	0.01038	0.01483	0.01335	0.01928	0.02225	0.03264	0.02077	0.06231	0.67512	0.01335	0.02225	0.00890	0.00445	0.00742
14	0.01187	0.00890	0.01335	0.01335	0.01483	0.01038	0.01038	0.01483	0.01335	0.01928	0.02225	0.03264	0.02077	0.06231	0.67512	0.01335	0.02225	0.00890	0.00445	0.00742
15	0.35872	0.01711	0.01747	0.01408	0.01999	0.01820	0.01162	0.17008	0.02306	0.24383	0.02041	0.01980	0.01395	0.00907	0.00692	0.00255	0.00727	0.00644	0.00755	0.01186
16	0.03103	0.03959	0.02354	0.02140	0.02568	0.67469	0.01605	0.03317	0.02354	0.02033	0.01284	0.01498	0.01070	0.00856	0.00749	0.00214	0.01498	0.00535	0.00428	0.00963
17	0.02221	0.71304	0.04353	0.01421	0.02132	0.03287	0.01421	0.02488	0.01688	0.01955	0.01155	0.01333	0.01066	0.00711	0.00533	0.00178	0.00888	0.00444	0.00355	0.01066
18	0.01914	0.02032	0.07886	0.19706	0.47061	0.01941	0.02532	0.02456	0.01828	0.02570	0.01537	0.02070	0.01248	0.00765	0.00822	0.00255	0.01033	0.00730	0.00397	0.01218
19	0.01723	0.01477	0.01723	0.01230	0.01969	0.01107	0.00984	0.02092	0.01723	0.02707	0.01477	0.01723	0.01230	0.00615	0.00615	0.00123	0.00615	0.00492	0.00492	0.75883
20	0.01818	0.01818	0.02545	0.02181	0.02181	0.02545	0.01818	0.01999	0.01272	0.01999	0.01091	0.01818	0.01091	0.01454	0.02726	0.00364	0.69284	0.00727	0.00364	0.00909
21	0.00982	0.00842	0.00842	0.00842	0.01122	0.00701	0.00631	0.01192	0.01894	0.02244	0.08416	0.07995	0.65285	0.02104	0.00982	0.00281	0.00421	0.01753	0.00771	0.00701
22	0.76672	0.01607	0.01221	0.01092	0.01607	0.01864	0.00900	0.02442	0.01414	0.03727	0.01157	0.01350	0.00900	0.00771	0.00514	0.00257	0.00643	0.00450	0.00514	0.00900
23	0.01818	0.01818	0.02545	0.02181	0.02181	0.02545	0.01818	0.01999	0.01272	0.01999	0.01091	0.01818	0.01091	0.01454	0.02726	0.00364	0.69284	0.00727	0.00364	0.00909
24	0.03608	0.01379	0.01865	0.01440	0.02058	0.01197	0.01186	0.03933	0.02343	0.62744	0.03246	0.02842	0.02060	0.01025	0.00821	0.00254	0.00689	0.00832	0.05100	0.01379
25	0.01187	0.00890	0.01335	0.01335	0.01483	0.01038	0.01038	0.01483	0.01335	0.01928	0.02225	0.03264	0.02077	0.06231	0.67512	0.01335	0.02225	0.00890	0.00445	0.00742
26	0.01549	0.00774	0.00774	0.00774	0.00968	0.00774	0.00581	0.01936	0.01742	0.03097	0.02710	0.03097	0.02129	0.00968	0.00581	0.00194	0.00387	0.00774	0.75416	0.00774
27	0.03103	0.03959	0.02354	0.02140	0.02568	0.67469	0.01605	0.03317	0.02354	0.02033	0.01284	0.01498	0.01070	0.00856	0.00749	0.00214	0.01498	0.00535	0.00428	0.00963
28	0.01099	0.00846	0.01004	0.00965	0.01194	0.00751	0.00724	0.01419	0.02171	0.02902	0.42746	0.06913	0.30545	0.01859	0.00981	0.00269	0.00403	0.01602	0.00858	0.00751
29	0.01027	0.00734	0.00981	0.01174	0.01229	0.00688	0.00797	0.01183	0.01605	0.02138	0.04570	0.67455	0.05462	0.02588	0.01064	0.00339	0.00495	0.05020	0.00771	0.00679
30	0.10299	0.01585	0.01673	0.01381	0.01824	0.01713	0.01111	0.29619	0.02816	0.04186	0.15022	0.03044	0.02841	0.01110	0.00769	0.00240	0.00655	0.00877	0.18153	0.01080
31	0.02221	0.71304	0.04353	0.01421	0.02132	0.03287	0.01421	0.02488	0.01688	0.01955	0.01155	0.01333	0.01066	0.00711	0.00533	0.00178	0.00888	0.00444	0.00355	0.01066
32	0.01190	0.00942	0.01082	0.01030	0.01288	0.00882	0.00777	0.01710	0.08505	0.02911	0.36150	0.06602	0.30260	0.01802	0.00967	0.00271	0.00431	0.01545	0.00850	0.00805
33	0.00983	0.00835	0.00848	0.00858	0.01126	0.00700	0.00638	0.01190	0.01878	0.02238	0.08218	0.11210	0.62198	0.02130	0.00986	0.00283	0.00424	0.01785	0.00771	0.00700
34	0.01643	0.01261	0.01486	0.01557	0.06301	0.04976	0.01100	0.05174	0.07070	0.02638	0.02352	0.02945	0.01984	0.03262	0.29923	0.00708	0.01349	0.00822	0.22559	0.00890
35	0.01682	0.01592	0.02696	0.53997	0.19647	0.01875	0.02363	0.02222	0.01715	0.02260	0.01497	0.02178	0.01156	0.00810	0.00829	0.00270	0.01079	0.00739	0.00379	0.01014
36	0.01203	0.00825	0.01006	0.01006	0.01040	0.00860	0.00628	0.01272	0.01238	0.01685	0.02526	0.04931	0.02801	0.55792	0.18940	0.00929	0.01135	0.01134	0.00490	0.00559
37	0.02099	0.03161	0.42574	0.02026	0.02971	0.01618	0.02371	0.02821	0.01906	0.17801	0.02306	0.06350	0.01816	0.01059	0.00842	0.00275	0.01028	0.05204	0.00567	0.01207
38	0.02006	0.02134	0.08019	0.04645	0.55545	0.02019	0.02526	0.02508	0.01828	0.02647	0.01517	0.02013	0.01277	0.00805	0.00983	0.00258	0.06863	0.00730	0.00403	0.01274
39	0.01145	0.00756	0.00985	0.01062	0.01155	0.00702	0.00729	0.01173	0.01560	0.02037	0.08972	0.32778	0.16733	0.02516	0.01682	0.22536	0.00533	0.01690	0.00661	0.00596
40	0.07434	0.02534	0.21607	0.07013	0.35872	0.01872	0.02466	0.02465	0.01787	0.02701	0.01678	0.05802	0.01434	0.00867	0.00804	0.00259	0.01009	0.00773	0.00419	0.01202
41	0.18893	0.12929	0.01975	0.01401	0.01825	0.17621	0.01137	0.05753	0.01881	0.02789	0.01681	0.02001	0.01386	0.01445	0.08072	0.00340	0.01025	0.00603	0.16318	0.00925
42	0.06264	0.02367	0.16356	0.02292	0.13460	0.09079	0.01801	0.02761	0.09366	0.08018	0.16635	0.03035	0.02925	0.01058	0.00830	0.00256	0.00879	0.00881	0.00623	0.01117

[dist]
# distance from previous block
# <min> <max>
3	7

[block]
# block no. 4 follows, 22 sequences, length 102
# corresponding to MSA columns:
# 307-408
name=unknown_E
#
# <colnr> <probs for GDERKNQSTAVLIFYWHMCP>
#	G	D	E	R	K	N	Q	S	T	A	V	L	I	F	Y	W	H	M	C	P
0	0.05081	0.13298	0.03162	0.21071	0.33659	0.05300	0.02187	0.02459	0.01800	0.02442	0.01443	0.01923	0.01191	0.00766	0.00761	0.00242	0.01013	0.00669	0.00396	0.01137
1	0.01058	0.00826	0.00960	0.00966	0.01179	0.00728	0.00709	0.01326	0.02016	0.02628	0.28841	0.16983	0.34748	0.02031	0.00993	0.00282	0.00420	0.01755	0.00824	0.00728
2	0.01002	0.00842	0.00869	0.00862	0.01134	0.00710	0.00647	0.01231	0.01941	0.02356	0.14236	0.07811	0.59395	0.02062	0.00982	0.00279	0.00418	0.01728	0.00786	0.00710
3	0.01145	0.00779	0.00925	0.00986	0.01002	0.00764	0.00589	0.01192	0.01331	0.01774	0.03247	0.26226	0.03814	0.48932	0.03212	0.00655	0.00702	0.01578	0.00589	0.00558
4	0.01208	0.00805	0.00906	0.00906	0.00906	0.00805	0.00503	0.01208	0.01208	0.01611	0.02618	0.05436	0.03020	0.70804	0.04228	0.00805	0.00805	0.01208	0.00503	0.00503
5	0.03158	0.02327	0.02493	0.01911	0.02576	0.02576	0.01579	0.62852	0.03906	0.05236	0.01995	0.01995	0.01413	0.00997	0.00831	0.00249	0.00914	0.00748	0.00831	0.01413
6	0.76672	0.01607	0.01221	0.01092	0.01607	0.01864	0.00900	0.02442	0.01414	0.03727	0.01157	0.01350	0.00900	0.00771	0.00514	0.00257	0.00643	0.00450	0.00514	0.00900
7	0.01339	0.00956	0.01339	0.01530	0.01721	0.00956	0.01339	0.01721	0.01912	0.02486	0.04399	0.09371	0.04781	0.02295	0.01147	0.00382	0.00765	0.60031	0.00765	0.00765
8	0.02221	0.71304	0.04353	0.01421	0.02132	0.03287	0.01421	0.02488	0.01688	0.01955	0.01155	0.01333	0.01066	0.00711	0.00533	0.00178	0.00888	0.00444	0.00355	0.01066
9	0.01666	0.04297	0.66500	0.02368	0.03596	0.01929	0.03069	0.02631	0.01754	0.02631	0.01491	0.01754	0.01052	0.00789	0.00789	0.00263	0.01228	0.00614	0.00351	0.01228
10	0.01818	0.01818	0.02545	0.02181	0.02181	0.02545	0.01818	0.01999	0.01272	0.01999	0.01091	0.01818	0.01091	0.01454	0.02726	0.00364	0.69284	0.00727	0.00364	0.00909
11	0.76672	0.01607	0.01221	0.01092	0.01607	0.01864	0.00900	0.02442	0.01414	0.03727	0.01157	0.01350	0.00900	0.00771	0.00514	0.00257	0.00643	0.00450	0.00514	0.00900
12	0.01012	0.00723	0.00964	0.01157	0.01205	0.00675	0.00771	0.01157	0.01591	0.02121	0.04579	0.70262	0.05495	0.02603	0.01060	0.00337	0.00482	0.02362	0.00771	0.00675
13	0.02056	0.01974	0.03372	0.05099	0.65622	0.01974	0.02550	0.02550	0.01892	0.02714	0.01563	0.02056	0.01316	0.00740	0.00822	0.00247	0.00987	0.00740	0.00411	0.01316
14	0.00982	0.00842	0.00842	0.00842	0.01122	0.00701	0.00631	0.01192	0.01894	0.02244	0.08416	0.07995	0.65285	0.02104	0.00982	0.00281	0.00421	0.01753	0.00771	0.00701
15	0.01789	0.19129	0.52744	0.02158	0.03272	0.02230	0.02705	0.02599	0.01739	0.02481	0.01416	0.01661	0.01055	0.00772	0.00733	0.00244	0.01153	0.00576	0.00352	0.01192
16	0.01897	0.01893	0.02311	0.20321	0.19518	0.13235	0.01826	0.04891	0.01926	0.02399	0.02272	0.19228	0.02277	0.01267	0.00872	0.00272	0.00979	0.01113	0.00513	0.00992
17	0.02056	0.01974	0.03372	0.05099	0.65622	0.01974	0.02550	0.02550	0.01892	0.02714	0.01563	0.02056	0.01316	0.00740	0.00822	0.00247	0.00987	0.00740	0.00411	0.01316
18	0.02586	0.01888	0.02004	0.01629	0.02154	0.02093	0.01316	0.37410	0.16790	0.04407	0.02448	0.02465	0.01809	0.01020	0.00783	0.00245	0.00749	0.00796	0.16148	0.01260
19	0.02184	0.02535	0.08377	0.10733	0.38525	0.15410	0.05176	0.02675	0.01955	0.02504	0.01496	0.01941	0.01220	0.00775	0.00813	0.00246	0.01144	0.00699	0.00406	0.01187
20	0.01924	0.02881	0.25986	0.03663	0.31386	0.04982	0.08805	0.02590	0.01872	0.02637	0.01660	0.02262	0.01356	0.00827	0.00838	0.00260	0.01130	0.03310	0.00407	0.01224
21	0.01542	0.01459	0.01365	0.01474	0.01644	0.14475	0.01117	0.01774	0.01847	0.02215	0.03847	0.37369	0.04366	0.02149	0.01023	0.00326	0.00778	0.19768	0.00699	0.00762
22	0.02461	0.02909	0.05674	0.03414	0.29412	0.29997	0.02094	0.02824	0.02019	0.02346	0.01392	0.01780	0.01176	0.00865	0.00985	0.00245	0.08229	0.00646	0.00411	0.01119
23	0.01153	0.00923	0.01059	0.01115	0.01374	0.00850	0.00904	0.01519	0.04711	0.02383	0.06814	0.08245	0.41746	0.02125	0.01032	0.00315	0.00549	0.21659	0.00773	0.00751
24	0.02417	0.24571	0.03204	0.06103	0.15503	0.05671	0.01729	0.18941	0.05627	0.03124	0.01621	0.01827	0.01298	0.00826	0.00720	0.00222	0.00933	0.00636	0.00531	0.04498
25	0.02196	0.01967	0.02274	0.09265	0.16512	0.08444	0.01650	0.19440	0.07656	0.03260	0.03243	0.03337	0.14879	0.01153	0.00854	0.00257	0.00883	0.00952	0.00639	0.01138
26	0.02584	0.02834	0.02007	0.01818	0.02243	0.38104	0.01391	0.05796	0.13263	0.05345	0.02881	0.03091	0.10277	0.01151	0.00823	0.00246	0.01110	0.03408	0.00608	0.01021
27	0.01963	0.03600	0.39605	0.02426	0.08688	0.13496	0.02463	0.02857	0.08284	0.02600	0.01998	0.02183	0.04415	0.00897	0.00800	0.00256	0.01156	0.00701	0.00442	0.01172
28	0.01521	0.01381	0.01975	0.01783	0.01853	0.01836	0.01451	0.01757	0.01302	0.01966	0.01624	0.02498	0.01555	0.03702	0.33214	0.00821	0.37727	0.00804	0.00402	0.00830
29	0.01044	0.00817	0.00945	0.00969	0.01174	0.00719	0.00706	0.01291	0.01957	0.02526	0.23730	0.21268	0.35694	0.02099	0.00999	0.00288	0.00426	0.01817	0.00812	0.00719
30	0.02831	0.24977	0.02997	0.01891	0.02432	0.40615	0.01545	0.09170	0.02304	0.02337	0.01316	0.01497	0.01104	0.00825	0.00690	0.00206	0.01246	0.00528	0.00447	0.01042
31	0.02868	0.17519	0.02788	0.01971	0.02461	0.44599	0.01575	0.09199	0.02326	0.02344	0.01322	0.01530	0.01105	0.00869	0.00805	0.00217	0.04476	0.00547	0.00451	0.01028
32	0.01110	0.00883	0.01021	0.01089	0.01338	0.00793	0.00886	0.01383	0.01900	0.02331	0.06970	0.08490	0.43504	0.02173	0.01041	0.00317	0.00545	0.22732	0.00769	0.00724
33	0.10070	0.01741	0.01711	0.01411	0.01876	0.04665	0.01136	0.31000	0.02772	0.04093	0.02415	0.02552	0.04573	0.01010	0.00719	0.00232	0.00714	0.00764	0.25450	0.01096
34	0.05944	0.02818	0.08224	0.05441	0.11571	0.19629	0.01858	0.27899	0.02812	0.03595	0.01641	0.01832	0.01240	0.00888	0.00791	0.00242	0.01105	0.00665	0.00588	0.01219
35	0.01189	0.00883	0.01297	0.01297	0.01432	0.01018	0.00991	0.01459	0.01324	0.01900	0.02260	0.03458	0.02161	0.11999	0.61859	0.01288	0.02098	0.00918	0.00450	0.00720
36	0.01187	0.00890	0.01335	0.01335	0.01483	0.01038	0.01038	0.01483	0.01335	0.01928	0.02225	0.03264	0.02077	0.06231	0.67512	0.01335	0.02225	0.00890	0.00445	0.00742
37	0.02017	0.01988	0.03526	0.07724	0.49088	0.01994	0.12949	0.02636	0.04807	0.02712	0.01664	0.02145	0.01353	0.00756	0.00851	0.00256	0.01049	0.00791	0.00431	0.01263
38	0.01836	0.15857	0.02878	0.06357	0.29124	0.01911	0.01918	0.02250	0.01845	0.02456	0.02384	0.04261	0.02366	0.01237	0.00868	0.00278	0.00901	0.19694	0.00511	0.01068
39	0.01339	0.00956	0.01339	0.01530	0.01721	0.00956	0.01339	0.01721	0.01912	0.02486	0.04399	0.09371	0.04781	0.02295	0.01147	0.00382	0.00765	0.60031	0.00765	0.00765
40	0.03103	0.03959	0.02354	0.02140	0.02568	0.67469	0.01605	0.03317	0.02354	0.02033	0.01284	0.01498	0.01070	0.00856	0.00749	0.00214	0.01498	0.00535	0.00428	0.00963
41	0.01997	0.05759	0.23498	0.03199	0.24540	0.05306	0.07720	0.02616	0.01918	0.06049	0.04855	0.02510	0.01728	0.00894	0.00833	0.00258	0.01069	0.03590	0.00466	0.01194
42	0.01884	0.02098	0.09444	0.03708	0.35812	0.04894	0.08430	0.02398	0.01897	0.02601	0.02190	0.06362	0.02070	0.01105	0.00900	0.00278	0.01017	0.11285	0.00485	0.01144
43	0.01012	0.00723	0.00964	0.01157	0.01205	0.00675	0.00771	0.01157	0.01591	0.02121	0.04579	0.70262	0.05495	0.02603	0.01060	0.00337	0.00482	0.02362	0.00771	0.00675
44	0.02581	0.09574	0.02583	0.01977	0.02363	0.23923	0.01605	0.17643	0.02331	0.02810	0.01450	0.01788	0.01217	0.01335	0.04990	0.00321	0.19295	0.00650	0.00505	0.01059
45	0.01166	0.00849	0.01096	0.01034	0.01235	0.00780	0.00776	0.01548	0.02328	0.03275	0.62215	0.06299	0.10843	0.01720	0.00980	0.00262	0.00393	0.01516	0.00907	0.00780
46	0.02050	0.31504	0.03525	0.02594	0.18188	0.02717	0.01833	0.02347	0.01606	0.02161	0.01237	0.01671	0.01137	0.00957	0.01310	0.00255	0.22848	0.00610	0.00372	0.01079
47	0.01173	0.00899	0.01081	0.01026	0.01260	0.00833	0.00772	0.01625	0.05668	0.03046	0.46416	0.06516	0.23052	0.01776	0.00973	0.00268	0.00415	0.01539	0.00872	0.00791
48	0.03054	0.07710	0.02466	0.02100	0.02544	0.63894	0.01595	0.03271	0.02317	0.02029	0.01277	0.01489	0.01070	0.00848	0.00737	0.00212	0.01464	0.00530	0.00424	0.00969
49	0.01002	0.00761	0.00925	0.01056	0.01178	0.00683	0.00726	0.01168	0.01688	0.02160	0.05809	0.50293	0.24669	0.02443	0.01035	0.00319	0.00462	0.02167	0.00771	0.00683
50	0.01206	0.00814	0.00950	0.00950	0.00965	0.00829	0.00558	0.01236	0.01221	0.01643	0.02577	0.05213	0.02923	0.64174	0.10727	0.00860	0.00951	0.01175	0.00497	0.00528
51	0.01225	0.00957	0.01512	0.01442	0.01625	0.01091	0.04090	0.01542	0.01366	0.01965	0.02198	0.03213	0.02036	0.05956	0.64214	0.01283	0.02184	0.00895	0.00444	0.00761
52	0.01569	0.01477	0.02492	0.68808	0.05722	0.01846	0.02307	0.02123	0.01661	0.02123	0.01477	0.02215	0.01107	0.00831	0.00831	0.00277	0.01107	0.00738	0.00369	0.00923
53	0.02066	0.01785	0.01878	0.01691	0.02160	0.02066	0.01315	0.04414	0.64121	0.03475	0.03381	0.03099	0.02536	0.01127	0.00845	0.00282	0.00657	0.00939	0.00845	0.01315
54	0.02869	0.02183	0.02330	0.01853	0.02466	0.02441	0.01509	0.47366	0.19863	0.04769	0.02362	0.02287	0.01710	0.01032	0.00835	0.00258	0.00846	0.00799	0.00835	0.01387
55	0.02879	0.03075	0.02269	0.01969	0.02434	0.39283	0.01526	0.21286	0.02700	0.02999	0.01620	0.01872	0.01301	0.01575	0.09166	0.00366	0.01411	0.00645	0.00553	0.01073
56	0.01922	0.01896	0.06230	0.02779	0.15728	0.01771	0.17796	0.12000	0.05310	0.03092	0.08115	0.11930	0.05255	0.01187	0.00918	0.00274	0.00936	0.01138	0.00608	0.01115
57	0.01208	0.00805	0.00906	0.00906	0.00906	0.00805	0.00503	0.01208	0.01208	0.01611	0.02618	0.05436	0.03020	0.70804	0.04228	0.00805	0.00805	0.01208	0.00503	0.00503
58	0.01818	0.01818	0.02545	0.02181	0.02181	0.02545	0.01818	0.01999	0.01272	0.01999	0.01091	0.01818	0.01091	0.01454	0.02726	0.00364	0.69284	0.00727	0.00364	0.00909
59	0.02056	0.01974	0.03372	0.05099	0.65622	0.01974	0.02550	0.02550	0.01892	0.02714	0.01563	0.02056	0.01316	0.00740	0.00822	0.00247	0.00987	0.00740	0.00411	0.01316
60	0.02677	0.02050	0.02212	0.01813	0.02380	0.02290	0.01479	0.39999	0.22244	0.04474	0.02613	0.02925	0.02028	0.01141	0.00861	0.00270	0.00823	0.05560	0.00830	0.01331
61	0.01208	0.00805	0.00906	0.00906	0.00906	0.00805	0.00503	0.01208	0.01208	0.01611	0.02618	0.05436	0.03020	0.70804	0.04228	0.00805	0.00805	0.01208	0.00503	0.00503
62	0.01176	0.00849	0.01110	0.01045	0.01241	0.00784	0.00784	0.01568	0.02352	0.03331	0.65184	0.06206	0.07839	0.01698	0.00980	0.00261	0.00392	0.01502	0.00914	0.00784
63	0.01961	0.02241	0.04902	0.03501	0.04342	0.02101	0.62605	0.02661	0.01961	0.02661	0.01681	0.02241	0.01261	0.00700	0.00980	0.00280	0.01401	0.00980	0.00420	0.01120
64	0.02599	0.03136	0.02958	0.02428	0.02915	0.40650	0.17732	0.02949	0.02120	0.02256	0.01451	0.01812	0.01181	0.00874	0.00977	0.00244	0.07446	0.00683	0.04597	0.00989
65	0.01148	0.00848	0.01072	0.01016	0.01224	0.00772	0.00762	0.01513	0.02285	0.03174	0.56975	0.06464	0.16145	0.01757	0.00980	0.00264	0.00396	0.01539	0.00894	0.00772
66	0.01443	0.00722	0.01082	0.01082	0.01082	0.00722	0.00722	0.01082	0.01082	0.01443	0.01443	0.02525	0.01443	0.02886	0.03247	0.75830	0.00722	0.00722	0.00361	0.00361
67	0.02103	0.01981	0.02938	0.07247	0.46191	0.05551	0.02198	0.08595	0.02136	0.02915	0.05346	0.02540	0.04779	0.00895	0.00836	0.00249	0.00954	0.00820	0.00498	0.01229
68	0.01187	0.00890	0.01335	0.01335	0.01483	0.01038	0.01038	0.01483	0.01335	0.01928	0.02225	0.03264	0.02077	0.06231	0.67512	0.01335	0.02225	0.00890	0.00445	0.00742
69	0.01023	0.00727	0.00961	0.01143	0.01189	0.00682	0.00757	0.01160	0.01570	0.02093	0.04473	0.66774	0.05361	0.06273	0.01231	0.00363	0.00499	0.02300	0.00757	0.00666
70	0.01689	0.00961	0.01234	0.01194	0.01448	0.00882	0.00882	0.02027	0.04700	0.16608	0.17096	0.32527	0.11543	0.01950	0.00976	0.00295	0.00514	0.01720	0.00861	0.00892
71	0.02311	0.02507	0.08550	0.02590	0.09283	0.14571	0.13099	0.10570	0.02118	0.05685	0.01643	0.02053	0.01313	0.01412	0.07070	0.00365	0.12514	0.00751	0.00490	0.01104
72	0.02871	0.03520	0.02579	0.02795	0.16525	0.52972	0.01814	0.03147	0.02252	0.02184	0.01346	0.01622	0.01124	0.00830	0.00765	0.00221	0.01385	0.00580	0.00424	0.01041
73	0.42939	0.02603	0.01781	0.01693	0.04612	0.29243	0.01261	0.02812	0.01826	0.02979	0.01226	0.01440	0.00988	0.00805	0.00625	0.00239	0.01014	0.00497	0.00474	0.00943
74	0.01187	0.00890	0.01335	0.01335	0.01483	0.01038	0.01038	0.01483	0.01335	0.01928	0.02225	0.03264	0.02077	0.06231	0.67512	0.01335	0.02225	0.00890	0.00445	0.00742
75	0.00982	0.00842	0.00842	0.00842	0.01122	0.00701	0.00631	0.01192	0.01894	0.02244	0.08416	0.07995	0.65285	0.02104	0.00982	0.00281	0.00421	0.01753	0.00771	0.00701
76	0.01187	0.00890	0.01335	0.01335	0.01483	0.01038	0.01038	0.01483	0.01335	0.01928	0.02225	0.03264	0.02077	0.06231	0.67512	0.01335	0.02225	0.00890	0.00445	0.00742
77	0.02056	0.01974	0.03372	0.05099	0.65622	0.01974	0.02550	0.02550	0.01892	0.02714	0.01563	0.02056	0.01316	0.00740	0.00822	0.00247	0.00987	0.00740	0.00411	0.01316
78	0.21951	0.52834	0.03523	0.01334	0.01993	0.02910	0.01283	0.02475	0.01615	0.02424	0.01155	0.01337	0.01022	0.00727	0.00528	0.00199	0.00823	0.00446	0.00397	0.01022
79	0.01655	0.01271	0.01450	0.01321	0.01661	0.01340	0.01016	0.02857	0.28482	0.06230	0.31132	0.04889	0.10362	0.01461	0.00916	0.00271	0.00522	0.01255	0.00878	0.01031
80	0.01187	0.00890	0.01335	0.01335	0.01483	0.01038	0.01038	0.01483	0.01335	0.01928	0.02225	0.03264	0.02077	0.06231	0.67512	0.01335	0.02225	0.00890	0.00445	0.00742
81	0.01927	0.01842	0.03138	0.22005	0.49727	0.01940	0.02485	0.02436	0.01830	0.02557	0.01540	0.02098	0.01261	0.00764	0.00825	0.00255	0.01019	0.00740	0.00400	0.01212
82	0.76672	0.01607	0.01221	0.01092	0.01607	0.01864	0.00900	0.02442	0.01414	0.03727	0.01157	0.01350	0.00900	0.00771	0.00514	0.00257	0.00643	0.00450	0.00514	0.00900
83	0.01187	0.00890	0.01335	0.01335	0.01483	0.01038	0.01038	0.01483	0.01335	0.01928	0.02225	0.03264	0.02077	0.06231	0.67512	0.01335	0.02225	0.00890	0.00445	0.00742
84	0.01187	0.00890	0.01335	0.01335	0.01483	0.01038	0.01038	0.01483	0.01335	0.01928	0.02225	0.03264	0.02077	0.06231	0.67512	0.01335	0.02225	0.00890	0.00445	0.00742
85	0.02605	0.42353	0.03519	0.01698	0.02319	0.22024	0.01496	0.10775	0.02179	0.02415	0.01305	0.01469	0.01113	0.00792	0.00636	0.00198	0.01071	0.00511	0.00440	0.01082
86	0.01027	0.00843	0.00904	0.00889	0.01150	0.00720	0.00667	0.01279	0.02000	0.02496	0.21568	0.07580	0.51976	0.02010	0.00981	0.00276	0.00414	0.01695	0.00805	0.00720
87	0.03018	0.03518	0.02311	0.02039	0.02504	0.52492	0.01556	0.14194	0.02619	0.02633	0.01737	0.01883	0.04034	0.00938	0.00775	0.00224	0.01342	0.00629	0.00518	0.01034
88	0.01666	0.04297	0.66500	0.02368	0.03596	0.01929	0.03069	0.02631	0.01754	0.02631	0.01491	0.01754	0.01052	0.00789	0.00789	0.00263	0.01228	0.00614	0.00351	0.01228
89	0.01666	0.04297	0.66500	0.02368	0.03596	0.01929	0.03069	0.02631	0.01754	0.02631	0.01491	0.01754	0.01052	0.00789	0.00789	0.00263	0.01228	0.00614	0.00351	0.01228
90	0.01725	0.01636	0.02774	0.48376	0.24932	0.01887	0.02385	0.02259	0.01735	0.02312	0.01504	0.02164	0.01174	0.00802	0.00828	0.00267	0.01069	0.00739	0.00383	0.01049
91	0.01187	0.00890	0.01335	0.01335	0.01483	0.01038	0.01038	0.01483	0.01335	0.01928	0.02225	0.03264	0.02077	0.06231	0.67512	0.01335	0.02225	0.00890	0.00445	0.00742
92	0.01006	0.00747	0.00939	0.01092	0.01188	0.00680	0.00742	0.01164	0.01653	0.02146	0.05367	0.57478	0.17770	0.02500	0.01044	0.00326	0.00469	0.02237	0.00771	0.00680
93	0.06976	0.03098	0.02358	0.01982	0.02522	0.34688	0.01556	0.30199	0.03007	0.03570	0.01599	0.01715	0.01216	0.00915	0.00774	0.00232	0.01189	0.00627	0.00615	0.01163
94	0.01770	0.16875	0.54834	0.02190	0.03321	0.02184	0.02760	0.02604	0.01742	0.02504	0.01428	0.01675	0.01055	0.00775	0.00741	0.00247	0.01164	0.00582	0.00352	0.01197
95	0.01395	0.01209	0.01992	0.10495	0.02397	0.01212	0.13634	0.01694	0.01611	0.02107	0.03230	0.08287	0.09376	0.27136	0.02190	0.00491	0.00906	0.09342	0.00546	0.00751
96	0.01666	0.04297	0.66500	0.02368	0.03596	0.01929	0.03069	0.02631	0.01754	0.02631	0.01491	0.01754	0.01052	0.00789	0.00789	0.00263	0.01228	0.00614	0.00351	0.01228
97	0.01048	0.00759	0.01003	0.01132	0.01221	0.00713	0.00780	0.01247	0.01726	0.02330	0.15316	0.52843	0.08436	0.02601	0.04336	0.00371	0.00550	0.02110	0.00780	0.00699
98	0.01870	0.02386	0.17165	0.17575	0.39594	0.01938	0.02615	0.02480	0.01814	0.02574	0.01529	0.02022	0.01215	0.00770	0.00817	0.00257	0.01065	0.00712	0.00389	0.01216
99	0.01892	0.02870	0.26205	0.03705	0.27347	0.01992	0.18649	0.02608	0.01861	0.02670	0.01568	0.01998	0.01208	0.00747	0.00853	0.00261	0.01182	0.00759	0.00392	0.01233
100	0.17160	0.01755	0.05551	0.06318	0.32431	0.01705	0.01932	0.02303	0.01766	0.02823	0.02108	0.06270	0.02007	0.01111	0.00826	0.00279	0.00872	0.11196	0.00506	0.01082
101	0.02044	0.02338	0.11151	0.07085	0.45028	0.05620	0.02425	0.02775	0.08280	0.02717	0.01721	0.02101	0.01385	0.00797	0.00817	0.00252	0.01018	0.00733	0.00447	0.01267

[dist]
# distance from previous block
# <min> <max>
0	27

[block]
# block no. 5 follows, 22 sequences, length 32
# corresponding to MSA columns:
# 436-467
name=unknown_F
#
# <colnr> <probs for GDERKNQSTAVLIFYWHMCP>
#	G	D	E	R	K	N	Q	S	T	A	V	L	I	F	Y	W	H	M	C	P
0	0.02649	0.25491	0.02919	0.01882	0.05262	0.26892	0.01485	0.03120	0.08130	0.09158	0.04325	0.01965	0.01610	0.00883	0.00709	0.00217	0.01059	0.00627	0.00529	0.01089
1	0.02314	0.20589	0.02728	0.02098	0.10954	0.18352	0.01513	0.02878	0.10210	0.06224	0.02577	0.02908	0.08062	0.01052	0.00765	0.00236	0.00958	0.03954	0.00551	0.01076
2	0.02095	0.02775	0.17505	0.05163	0.09223	0.14830	0.04559	0.05414	0.01963	0.02615	0.01465	0.01780	0.01163	0.00788	0.00839	0.00217	0.04289	0.00610	0.00439	0.22269
3	0.03018	0.03578	0.02382	0.06139	0.02760	0.54293	0.01644	0.11693	0.02532	0.02493	0.01397	0.01612	0.01121	0.00875	0.00766	0.00223	0.01392	0.00578	0.00482	0.01024
4	0.01064	0.00845	0.00955	0.00927	0.01172	0.00736	0.00696	0.01351	0.02087	0.02703	0.32357	0.07240	0.41058	0.01933	0.00981	0.00272	0.00409	0.01647	0.00832	0.00736
5	0.01017	0.00817	0.00908	0.00941	0.01158	0.00708	0.00684	0.01240	0.01894	0.02377	0.15906	0.21383	0.43746	0.02154	0.00999	0.00290	0.00430	0.01850	0.00792	0.00708
6	0.01187	0.00890	0.01335	0.01335	0.01483	0.01038	0.01038	0.01483	0.01335	0.01928	0.02225	0.03264	0.02077	0.06231	0.67512	0.01335	0.02225	0.00890	0.00445	0.00742
7	0.01018	0.00843	0.00892	0.00880	0.01144	0.00717	0.00660	0.01262	0.01979	0.02447	0.19024	0.07661	0.54550	0.02028	0.00981	0.00277	0.00415	0.01706	0.00798	0.00717
8	0.01666	0.04297	0.66500	0.02368	0.03596	0.01929	0.03069	0.02631	0.01754	0.02631	0.01491	0.01754	0.01052	0.00789	0.00789	0.00263	0.01228	0.00614	0.00351	0.01228
9	0.01666	0.04297	0.66500	0.02368	0.03596	0.01929	0.03069	0.02631	0.01754	0.02631	0.01491	0.01754	0.01052	0.00789	0.00789	0.00263	0.01228	0.00614	0.00351	0.01228
10	0.01727	0.07116	0.57210	0.02532	0.07055	0.02002	0.05779	0.02621	0.01768	0.02606	0.01489	0.01775	0.01078	0.00779	0.00789	0.00259	0.01207	0.00631	0.00358	0.01220
11	0.03103	0.03959	0.02354	0.02140	0.02568	0.67469	0.01605	0.03317	0.02354	0.02033	0.01284	0.01498	0.01070	0.00856	0.00749	0.00214	0.01498	0.00535	0.00428	0.00963
12	0.03059	0.02232	0.02388	0.01842	0.02478	0.02466	0.01518	0.59124	0.03773	0.05105	0.02038	0.02062	0.01457	0.00995	0.00816	0.00246	0.00882	0.00750	0.05396	0.01374
13	0.01187	0.00890	0.01335	0.01335	0.01483	0.01038	0.01038	0.01483	0.01335	0.01928	0.02225	0.03264	0.02077	0.06231	0.67512	0.01335	0.02225	0.00890	0.00445	0.00742
14	0.01208	0.00805	0.00906	0.00906	0.00906	0.00805	0.00503	0.01208	0.01208	0.01611	0.02618	0.05436	0.03020	0.70804	0.04228	0.00805	0.00805	0.01208	0.00503	0.00503
15	0.01208	0.00805	0.00906	0.00906	0.00906	0.00805	0.00503	0.01208	0.01208	0.01611	0.02618	0.05436	0.03020	0.70804	0.04228	0.00805	0.00805	0.01208	0.00503	0.00503
16	0.02964	0.14590	0.02670	0.02027	0.02499	0.57338	0.01576	0.03186	0.02249	0.02021	0.01264	0.01472	0.01069	0.00833	0.00715	0.00208	0.01402	0.00521	0.00417	0.00979
17	0.01015	0.00843	0.00888	0.00876	0.01142	0.00715	0.00657	0.01256	0.01972	0.02430	0.18115	0.07689	0.55470	0.02035	0.00981	0.00277	0.00416	0.01710	0.00796	0.00715
18	0.01527	0.01528	0.01301	0.01384	0.01537	0.17160	0.00970	0.01692	0.01794	0.02105	0.03959	0.50159	0.07412	0.02147	0.00980	0.00304	0.00730	0.01880	0.00686	0.00747
19	0.02056	0.01974	0.03372	0.05099	0.65622	0.01974	0.02550	0.02550	0.01892	0.02714	0.01563	0.02056	0.01316	0.00740	0.00822	0.00247	0.00987	0.00740	0.00411	0.01316
20	0.01232	0.00797	0.00924	0.00924	0.00924	0.00797	0.00525	0.01195	0.01195	0.01594	0.02499	0.05142	0.02860	0.63925	0.04129	0.08405	0.00797	0.01159	0.00489	0.00489
21	0.02042	0.02015	0.03606	0.04855	0.56241	0.01993	0.11743	0.02567	0.01902	0.02706	0.01581	0.02084	0.01307	0.00734	0.00847	0.00252	0.01050	0.00777	0.00413	0.01286
22	0.05909	0.32749	0.09226	0.02281	0.12678	0.19866	0.01780	0.02728	0.01890	0.02245	0.01286	0.01534	0.01099	0.00764	0.00660	0.00210	0.01085	0.00532	0.00391	0.01086
23	0.01204	0.00821	0.00986	0.00986	0.01014	0.00849	0.00603	0.01260	0.01232	0.01670	0.02544	0.05030	0.02844	0.58737	0.16054	0.00904	0.01071	0.01149	0.00492	0.00548
24	0.01012	0.00723	0.00964	0.01157	0.01205	0.00675	0.00771	0.01157	0.01591	0.02121	0.04579	0.70262	0.05495	0.02603	0.01060	0.00337	0.00482	0.02362	0.00771	0.00675
25	0.01222	0.01050	0.01071	0.01030	0.01352	0.01004	0.00783	0.01906	0.15680	0.02517	0.07300	0.06910	0.51383	0.01888	0.00952	0.00281	0.00473	0.01573	0.00788	0.00837
26	0.02433	0.44615	0.03588	0.01708	0.02263	0.21715	0.01516	0.02676	0.01837	0.01982	0.01185	0.01431	0.01070	0.00830	0.00825	0.00208	0.08222	0.00500	0.00377	0.01020
27	0.01197	0.00801	0.00909	0.00920	0.00923	0.00798	0.00519	0.01205	0.01230	0.01640	0.02729	0.09109	0.03160	0.66940	0.04049	0.00779	0.00787	0.01273	0.00519	0.00513
28	0.01187	0.00890	0.01335	0.01335	0.01483	0.01038	0.01038	0.01483	0.01335	0.01928	0.02225	0.03264	0.02077	0.06231	0.67512	0.01335	0.02225	0.00890	0.00445	0.00742
29	0.01858	0.03054	0.30846	0.03411	0.19146	0.01996	0.22344	0.02621	0.01855	0.02661	0.01570	0.01987	0.01185	0.00748	0.00860	0.00265	0.01225	0.00764	0.00388	0.01215
30	0.02029	0.01799	0.02639	0.20651	0.24426	0.02017	0.02061	0.11027	0.11116	0.02963	0.01989	0.02622	0.01625	0.00984	0.00963	0.00275	0.05129	0.03977	0.00538	0.01170
31	0.03115	0.03601	0.02385	0.02090	0.02570	0.53243	0.01599	0.16369	0.02694	0.02735	0.01440	0.01607	0.01145	0.00887	0.00767	0.00222	0.01370	0.00582	0.00516	0.01062

[dist]
# distance from previous block
# <min> <max>
0	2

[block]
# block no. 6 follows, 22 sequences, length 72
# corresponding to MSA columns:
# 470-541
name=unknown_G
#
# <colnr> <probs for GDERKNQSTAVLIFYWHMCP>
#	G	D	E	R	K	N	Q	S	T	A	V	L	I	F	Y	W	H	M	C	P
0	0.01733	0.06891	0.56918	0.02628	0.10352	0.01992	0.02942	0.02616	0.01766	0.02611	0.01484	0.01769	0.01082	0.00781	0.00782	0.00258	0.01187	0.00621	0.00358	0.01231
1	0.02502	0.06483	0.22289	0.02163	0.02831	0.31929	0.02068	0.08710	0.02186	0.02522	0.01393	0.01650	0.01100	0.00902	0.00954	0.00246	0.07959	0.00595	0.00434	0.01087
2	0.01119	0.00830	0.00998	0.01000	0.01146	0.00793	0.00698	0.01318	0.01702	0.02256	0.18219	0.11419	0.21493	0.21658	0.11171	0.00574	0.00778	0.01477	0.00683	0.00668
3	0.00988	0.00819	0.00865	0.00903	0.01138	0.00696	0.00658	0.01185	0.01835	0.02220	0.07672	0.20059	0.53701	0.02201	0.00997	0.00292	0.00433	0.01871	0.00771	0.00696
4	0.01391	0.01001	0.01291	0.01233	0.01377	0.01105	0.00893	0.07483	0.01543	0.02139	0.02348	0.03946	0.02362	0.29745	0.37327	0.01030	0.01566	0.00994	0.00505	0.00720
5	0.01723	0.01477	0.01723	0.01230	0.01969	0.01107	0.00984	0.02092	0.01723	0.02707	0.01477	0.01723	0.01230	0.00615	0.00615	0.00123	0.00615	0.00492	0.00492	0.75883
6	0.02700	0.02220	0.02688	0.02075	0.02707	0.07570	0.12332	0.32176	0.09299	0.07051	0.02101	0.02201	0.01536	0.00929	0.00829	0.00247	0.00969	0.00786	0.04962	0.04621
7	0.01187	0.00890	0.01335	0.01335	0.01483	0.01038	0.01038	0.01483	0.01335	0.01928	0.02225	0.03264	0.02077	0.06231	0.67512	0.01335	0.02225	0.00890	0.00445	0.00742
8	0.01012	0.00723	0.00964	0.01157	0.01205	0.00675	0.00771	0.01157	0.01591	0.02121	0.04579	0.70262	0.05495	0.02603	0.01060	0.00337	0.00482	0.02362	0.00771	0.00675
9	0.01857	0.01933	0.03770	0.24834	0.19145	0.01989	0.29180	0.02462	0.01848	0.02501	0.01588	0.02189	0.01224	0.00751	0.00895	0.00271	0.01210	0.00846	0.00402	0.01103
10	0.02158	0.02168	0.03273	0.04810	0.59459	0.08376	0.02457	0.02625	0.01937	0.02647	0.01535	0.02002	0.01292	0.00752	0.00815	0.00244	0.01037	0.00720	0.00413	0.01281
11	0.01761	0.07394	0.49455	0.02571	0.03684	0.02040	0.16269	0.02630	0.01797	0.02602	0.01515	0.01840	0.01100	0.00765	0.00818	0.00262	0.01248	0.00687	0.00367	0.01195
12	0.01098	0.00872	0.01003	0.01043	0.01289	0.00777	0.00830	0.01376	0.01960	0.02452	0.15072	0.08100	0.42270	0.02097	0.01023	0.00304	0.00504	0.16412	0.00789	0.00729
13	0.01156	0.01295	0.09838	0.01285	0.01604	0.00911	0.01148	0.01484	0.01786	0.02308	0.05489	0.26437	0.25992	0.02118	0.01014	0.00316	0.00619	0.13710	0.00713	0.00777
14	0.01413	0.01207	0.01704	0.01575	0.01651	0.01540	0.01240	0.01628	0.01295	0.01909	0.01877	0.03053	0.01858	0.13515	0.35739	0.00917	0.25808	0.00876	0.00424	0.00768
15	0.01836	0.01493	0.01755	0.01546	0.01755	0.01763	0.01170	0.11638	0.15697	0.02699	0.02414	0.06181	0.02312	0.25424	0.02467	0.00480	0.16824	0.01011	0.00609	0.00927
16	0.01045	0.00789	0.00966	0.01038	0.01190	0.00710	0.00734	0.01271	0.01869	0.02461	0.20961	0.36216	0.23270	0.02231	0.01017	0.00302	0.00442	0.01970	0.00807	0.00710
17	0.02200	0.02718	0.11792	0.03828	0.35246	0.15579	0.08363	0.02706	0.01948	0.02524	0.01486	0.01907	0.01214	0.00799	0.00904	0.00251	0.04231	0.00704	0.00405	0.01193
18	0.02729	0.03313	0.02494	0.02438	0.08650	0.47349	0.01742	0.02964	0.02080	0.02093	0.01270	0.01620	0.01098	0.00971	0.01174	0.00249	0.15770	0.00596	0.00413	0.00986
19	0.01957	0.39456	0.33891	0.01871	0.02828	0.02642	0.02205	0.02556	0.01719	0.02276	0.01315	0.01533	0.01060	0.00748	0.00655	0.00218	0.01050	0.00525	0.00353	0.01143
20	0.01058	0.00742	0.00950	0.01098	0.01135	0.00705	0.00708	0.01169	0.01501	0.02001	0.04119	0.55071	0.04915	0.18585	0.01803	0.00447	0.00558	0.02091	0.00708	0.00635
21	0.01947	0.01863	0.03176	0.19318	0.52254	0.01945	0.02495	0.02454	0.01840	0.02582	0.01543	0.02092	0.01269	0.00760	0.00824	0.00253	0.01014	0.00740	0.00402	0.01228
22	0.02881	0.20938	0.02858	0.01959	0.02458	0.51288	0.01559	0.03108	0.02186	0.02013	0.01252	0.01456	0.01069	0.00819	0.00695	0.00205	0.01344	0.00512	0.00410	0.00989
23	0.01057	0.00845	0.00946	0.00920	0.01168	0.00733	0.00690	0.01338	0.02071	0.02665	0.30386	0.07302	0.43052	0.01947	0.00981	0.00273	0.00410	0.01656	0.00827	0.00733
24	0.01549	0.00774	0.00774	0.00774	0.00968	0.00774	0.00581	0.01936	0.01742	0.03097	0.02710	0.03097	0.02129	0.00968	0.00581	0.00194	0.00387	0.00774	0.75416	0.00774
25	0.00982	0.00842	0.00842	0.00842	0.01122	0.00701	0.00631	0.01192	0.01894	0.02244	0.08416	0.07995	0.65285	0.02104	0.00982	0.00281	0.00421	0.01753	0.00771	0.00701
26	0.03158	0.02327	0.02493	0.01911	0.02576	0.02576	0.01579	0.62852	0.03906	0.05236	0.01995	0.01995	0.01413	0.00997	0.00831	0.00249	0.00914	0.00748	0.00831	0.01413
27	0.01569	0.01477	0.02492	0.68808	0.05722	0.01846	0.02307	0.02123	0.01661	0.02123	0.01477	0.02215	0.01107	0.00831	0.00831	0.00277	0.01107	0.00738	0.00369	0.00923
28	0.01187	0.00890	0.01335	0.01335	0.01483	0.01038	0.01038	0.01483	0.01335	0.01928	0.02225	0.03264	0.02077	0.06231	0.67512	0.01335	0.02225	0.00890	0.00445	0.00742
29	0.03103	0.03959	0.02354	0.02140	0.02568	0.67469	0.01605	0.03317	0.02354	0.02033	0.01284	0.01498	0.01070	0.00856	0.00749	0.00214	0.01498	0.00535	0.00428	0.00963
