[name]
unknown

[dist]
# distance from previous block
# <min> <max>
0	0

[block]
# block no. 0 follows, 22 sequences, length 64
# corresponding to MSA columns:
# 0-63
name=unknown_A
#
# <colnr> <probs for GDERKNQSTAVLIFYWHMCP>
#	G	D	E	R	K	N	Q	S	T	A	V	L	I	F	Y	W	H	M	C	P
0	0.01339	0.00956	0.01339	0.01530	0.01721	0.00956	0.01339	0.01721	0.01912	0.02486	0.04399	0.09371	0.04781	0.02295	0.01147	0.00382	0.00765	0.60031	0.00765	0.00765
1	0.01004	0.00849	0.00873	0.00885	0.01160	0.00717	0.00676	0.01225	0.01895	0.02259	0.08164	0.08081	0.61490	0.02116	0.00992	0.00287	0.00442	0.05408	0.00771	0.00705
2	0.03103	0.03959	0.02354	0.02140	0.02568	0.67469	0.01605	0.03317	0.02354	0.02033	0.01284	0.01498	0.01070	0.00856	0.00749	0.00214	0.01498	0.00535	0.00428	0.00963
3	0.01102	0.00846	0.01008	0.00968	0.01196	0.00752	0.00726	0.01425	0.02177	0.02917	0.43553	0.06887	0.29728	0.01853	0.00981	0.00269	0.00403	0.01598	0.00860	0.00752
4	0.03103	0.03959	0.02354	0.02140	0.02568	0.67469	0.01605	0.03317	0.02354	0.02033	0.01284	0.01498	0.01070	0.00856	0.00749	0.00214	0.01498	0.00535	0.00428	0.00963
5	0.01102	0.00846	0.01009	0.00968	0.01196	0.00753	0.00726	0.01426	0.02178	0.02920	0.43704	0.06883	0.29575	0.01852	0.00981	0.00269	0.00403	0.01597	0.00860	0.00753
6	0.76672	0.01607	0.01221	0.01092	0.01607	0.01864	0.00900	0.02442	0.01414	0.03727	0.01157	0.01350	0.00900	0.00771	0.00514	0.00257	0.00643	0.00450	0.00514	0.00900
7	0.01176	0.00849	0.01110	0.01045	0.01241	0.00784	0.00784	0.01568	0.02352	0.03331	0.65184	0.06206	0.07839	0.01698	0.00980	0.00261	0.00392	0.01502	0.00914	0.00784
8	0.01012	0.00723	0.00964	0.01157	0.01205	0.00675	0.00771	0.01157	0.01591	0.02121	0.04579	0.70262	0.05495	0.02603	0.01060	0.00337	0.00482	0.02362	0.00771	0.00675
9	0.76672	0.01607	0.01221	0.01092	0.01607	0.01864	0.00900	0.02442	0.01414	0.03727	0.01157	0.01350	0.00900	0.00771	0.00514	0.00257	0.00643	0.00450	0.00514	0.00900
10	0.01818	0.01818	0.02545	0.02181	0.02181	0.02545	0.01818	0.01999	0.01272	0.01999	0.01091	0.01818	0.01091	0.01454	0.02726	0.00364	0.69284	0.00727	0.00364	0.00909
11	0.01176	0.00849	0.01110	0.01045	0.01241	0.00784	0.00784	0.01568	0.02352	0.03331	0.65184	0.06206	0.07839	0.01698	0.00980	0.00261	0.00392	0.01502	0.00914	0.00784
12	0.02221	0.71304	0.04353	0.01421	0.02132	0.03287	0.01421	0.02488	0.01688	0.01955	0.01155	0.01333	0.01066	0.00711	0.00533	0.00178	0.00888	0.00444	0.00355	0.01066
13	0.03158	0.02327	0.02493	0.01911	0.02576	0.02576	0.01579	0.62852	0.03906	0.05236	0.01995	0.01995	0.01413	0.00997	0.00831	0.00249	0.00914	0.00748	0.00831	0.01413
14	0.76672	0.01607	0.01221	0.01092	0.01607	0.01864	0.00900	0.02442	0.01414	0.03727	0.01157	0.01350	0.00900	0.00771	0.00514	0.00257	0.00643	0.00450	0.00514	0.00900
15	0.02056	0.01974	0.03372	0.05099	0.65622	0.01974	0.02550	0.02550	0.01892	0.02714	0.01563	0.02056	0.01316	0.00740	0.00822	0.00247	0.00987	0.00740	0.00411	0.01316
16	0.02066	0.01785	0.01878	0.01691	0.02160	0.02066	0.01315	0.04414	0.64121	0.03475	0.03381	0.03099	0.02536	0.01127	0.00845	0.00282	0.00657	0.00939	0.00845	0.01315
17	0.03158	0.02327	0.02493	0.01911	0.02576	0.02576	0.01579	0.62852	0.03906	0.05236	0.01995	0.01995	0.01413	0.00997	0.00831	0.00249	0.00914	0.00748	0.00831	0.01413
18	0.01012	0.00723	0.00964	0.01157	0.01205	0.00675	0.00771	0.01157	0.01591	0.02121	0.04579	0.70262	0.05495	0.02603	0.01060	0.00337	0.00482	0.02362	0.00771	0.00675
19	0.01549	0.00774	0.00774	0.00774	0.00968	0.00774	0.00581	0.01936	0.01742	0.03097	0.02710	0.03097	0.02129	0.00968	0.00581	0.00194	0.00387	0.00774	0.75416	0.00774
20	0.01729	0.01640	0.02781	0.47861	0.25416	0.01888	0.02387	0.02263	0.01737	0.02317	0.01505	0.02163	0.01176	0.00801	0.00828	0.00267	0.01068	0.00739	0.00383	0.01052
21	0.01549	0.00774	0.00774	0.00774	0.00968	0.00774	0.00581	0.01936	0.01742	0.03097	0.02710	0.03097	0.02129	0.00968	0.00581	0.00194	0.00387	0.00774	0.75416	0.00774
22	0.01012	0.00723	0.00964	0.01157	0.01205	0.00675	0.00771	0.01157	0.01591	0.02121	0.04579	0.70262	0.05495	0.02603	0.01060	0.00337	0.00482	0.02362	0.00771	0.00675
23	0.03158	0.02327	0.02493	0.01911	0.02576	0.02576	0.01579	0.62852	0.03906	0.05236	0.01995	0.01995	0.01413	0.00997	0.00831	0.00249	0.00914	0.00748	0.00831	0.01413
24	0.01682	0.04190	0.63305	0.02427	0.03634	0.01938	0.06157	0.02632	0.01765	0.02632	0.01501	0.01779	0.01063	0.00785	0.00799	0.00264	0.01237	0.00633	0.00354	0.01222
25	0.01196	0.00897	0.01113	0.01051	0.01273	0.00840	0.00791	0.01665	0.05541	0.03187	0.54001	0.06292	0.15582	0.01725	0.00973	0.00265	0.00410	0.01508	0.00891	0.00800
26	0.01012	0.00723	0.00964	0.01157	0.01205	0.00675	0.00771	0.01157	0.01591	0.02121	0.04579	0.70262	0.05495	0.02603	0.01060	0.00337	0.00482	0.02362	0.00771	0.00675
27	0.03158	0.02327	0.02493	0.01911	0.02576	0.02576	0.01579	0.62852	0.03906	0.05236	0.01995	0.01995	0.01413	0.00997	0.00831	0.00249	0.00914	0.00748	0.00831	0.01413
28	0.02066	0.01785	0.01878	0.01691	0.02160	0.02066	0.01315	0.04414	0.64121	0.03475	0.03381	0.03099	0.02536	0.01127	0.00845	0.00282	0.00657	0.00939	0.00845	0.01315
29	0.01549	0.00774	0.00774	0.00774	0.00968	0.00774	0.00581	0.01936	0.01742	0.03097	0.02710	0.03097	0.02129	0.00968	0.00581	0.00194	0.00387	0.00774	0.75416	0.00774
30	0.03727	0.01414	0.01928	0.01478	0.02121	0.01221	0.01221	0.04049	0.02378	0.66198	0.03277	0.02828	0.02056	0.01028	0.00835	0.00257	0.00707	0.00835	0.01028	0.01414
31	0.01012	0.00723	0.00964	0.01157	0.01205	0.00675	0.00771	0.01157	0.01591	0.02121	0.04579	0.70262	0.05495	0.02603	0.01060	0.00337	0.00482	0.02362	0.00771	0.00675
32	0.02221	0.71304	0.04353	0.01421	0.02132	0.03287	0.01421	0.02488	0.01688	0.01955	0.01155	0.01333	0.01066	0.00711	0.00533	0.00178	0.00888	0.00444	0.00355	0.01066
33	0.02056	0.01974	0.03372	0.05099	0.65622	0.01974	0.02550	0.02550	0.01892	0.02714	0.01563	0.02056	0.01316	0.00740	0.00822	0.00247	0.00987	0.00740	0.00411	0.01316
34	0.01818	0.01818	0.02545	0.02181	0.02181	0.02545	0.01818	0.01999	0.01272	0.01999	0.01091	0.01818	0.01091	0.01454	0.02726	0.00364	0.69284	0.00727	0.00364	0.00909
35	0.01822	0.01735	0.02949	0.35706	0.36845	0.01912	0.02433	0.02344	0.01781	0.02430	0.01521	0.02132	0.01216	0.00784	0.00826	0.00261	0.01045	0.00739	0.00391	0.01127
36	0.01894	0.02708	0.18905	0.03244	0.04172	0.02062	0.49071	0.02654	0.01914	0.02654	0.01638	0.02130	0.01213	0.00721	0.00937	0.00276	0.01361	0.00897	0.00404	0.01145
37	0.03158	0.02327	0.02493	0.01911	0.02576	0.02576	0.01579	0.62852	0.03906	0.05236	0.01995	0.01995	0.01413	0.00997	0.00831	0.00249	0.00914	0.00748	0.00831	0.01413
38	0.01991	0.02155	0.04411	0.04014	0.23993	0.02060	0.43347	0.02625	0.01939	0.02678	0.01643	0.02182	0.01278	0.00713	0.00930	0.00269	0.01268	0.00903	0.00417	0.01183
39	0.01666	0.04297	0.66500	0.02368	0.03596	0.01929	0.03069	0.02631	0.01754	0.02631	0.01491	0.01754	0.01052	0.00789	0.00789	0.00263	0.01228	0.00614	0.00351	0.01228
40	0.01813	0.01725	0.02932	0.36945	0.35680	0.01910	0.02428	0.02336	0.01776	0.02418	0.01520	0.02135	0.01212	0.00785	0.00826	0.00262	0.01047	0.00739	0.00390	0.01119
41	0.76672	0.01607	0.01221	0.01092	0.01607	0.01864	0.00900	0.02442	0.01414	0.03727	0.01157	0.01350	0.00900	0.00771	0.00514	0.00257	0.00643	0.00450	0.00514	0.00900
42	0.00982	0.00842	0.00842	0.00842	0.01122	0.00701	0.00631	0.01192	0.01894	0.02244	0.08416	0.07995	0.65285	0.02104	0.00982	0.00281	0.00421	0.01753	0.00771	0.00701
43	0.02066	0.01785	0.01878	0.01691	0.02160	0.02066	0.01315	0.04414	0.64121	0.03475	0.03381	0.03099	0.02536	0.01127	0.00845	0.00282	0.00657	0.00939	0.00845	0.01315
44	0.00982	0.00842	0.00842	0.00842	0.01122	0.00701	0.00631	0.01192	0.01894	0.02244	0.08416	0.07995	0.65285	0.02104	0.00982	0.00281	0.00421	0.01753	0.00771	0.00701
45	0.02221	0.71304	0.04353	0.01421	0.02132	0.03287	0.01421	0.02488	0.01688	0.01955	0.01155	0.01333	0.01066	0.00711	0.00533	0.00178	0.00888	0.00444	0.00355	0.01066
46	0.01012	0.00723	0.00964	0.01157	0.01205	0.00675	0.00771	0.01157	0.01591	0.02121	0.04579	0.70262	0.05495	0.02603	0.01060	0.00337	0.00482	0.02362	0.00771	0.00675
47	0.76672	0.01607	0.01221	0.01092	0.01607	0.01864	0.00900	0.02442	0.01414	0.03727	0.01157	0.01350	0.00900	0.00771	0.00514	0.00257	0.00643	0.00450	0.00514	0.00900
48	0.01208	0.00805	0.00906	0.00906	0.00906	0.00805	0.00503	0.01208	0.01208	0.01611	0.02618	0.05436	0.03020	0.70804	0.04228	0.00805	0.00805	0.01208	0.00503	0.00503
49	0.03158	0.02327	0.02493	0.01911	0.02576	0.02576	0.01579	0.62852	0.03906	0.05236	0.01995	0.01995	0.01413	0.00997	0.00831	0.00249	0.00914	0.00748	0.00831	0.01413
50	0.03057	0.02230	0.02385	0.01840	0.02475	0.02463	0.01516	0.59032	0.03770	0.05101	0.02039	0.02064	0.01458	0.00995	0.00815	0.00246	0.00881	0.00750	0.05509	0.01373
51	0.01208	0.00805	0.00906	0.00906	0.00906	0.00805	0.00503	0.01208	0.01208	0.01611	0.02618	0.05436	0.03020	0.70804	0.04228	0.00805	0.00805	0.01208	0.00503	0.00503
52	0.01187	0.00890	0.01335	0.01335	0.01483	0.01038	0.01038	0.01483	0.01335	0.01928	0.02225	0.03264	0.02077	0.06231	0.67512	0.01335	0.02225	0.00890	0.00445	0.00742
53	0.00992	0.00801	0.00883	0.00949	0.01150	0.00692	0.00679	0.01180	0.01790	0.02202	0.07105	0.29267	0.44859	0.02274	0.01009	0.00300	0.00442	0.01961	0.00771	0.00692
54	0.02007	0.01924	0.03283	0.11537	0.59569	0.01961	0.02525	0.02506	0.01868	0.02654	0.01554	0.02072	0.01295	0.00749	0.00823	0.00250	0.00999	0.00740	0.00407	0.01276
55	0.01890	0.01804	0.03071	0.26863	0.45159	0.01930	0.02467	0.02404	0.01813	0.02512	0.01533	0.02110	0.01245	0.00771	0.00825	0.00257	0.01028	0.00740	0.00397	0.01182
56	0.05942	0.01842	0.03058	0.19242	0.48695	0.01939	0.02407	0.02448	0.01814	0.02635	0.01521	0.02054	0.01247	0.00762	0.00808	0.00254	0.00996	0.00724	0.00407	0.01205
57	0.10474	0.01726	0.02251	0.11815	0.27529	0.07076	0.01738	0.02197	0.01867	0.02622	0.06093	0.03458	0.15611	0.01112	0.00824	0.00257	0.00852	0.00949	0.00523	0.01024
58	0.02442	0.01953	0.02580	0.11819	0.21124	0.02121	0.01854	0.30892	0.02771	0.03792	0.01867	0.02268	0.01459	0.04304	0.00981	0.00277	0.00928	0.00768	0.04559	0.01240
59	0.02298	0.02738	0.08911	0.03109	0.17797	0.19592	0.16828	0.06087	0.06005	0.02657	0.01678	0.02042	0.01330	0.01058	0.03928	0.00300	0.01280	0.00752	0.00464	0.01144
60	0.02085	0.01973	0.02179	0.14032	0.08790	0.14439	0.04379	0.08663	0.07154	0.05484	0.03004	0.12103	0.09665	0.01266	0.00872	0.00267	0.00944	0.01075	0.00605	0.01020
61	0.09424	0.13679	0.02216	0.04595	0.02117	0.01938	0.01270	0.13339	0.08477	0.10610	0.02126	0.02511	0.01718	0.05801	0.16088	0.00519	0.01133	0.00753	0.00616	0.01070
62	0.02322	0.05548	0.04922	0.05321	0.06242	0.10375	0.01425	0.03278	0.20554	0.14216	0.03084	0.03031	0.07784	0.01075	0.00801	0.00252	0.00815	0.00866	0.06944	0.01146
63	0.02202	0.02237	0.05501	0.06330	0.06031	0.13425	0.09653	0.14790	0.08603	0.03269	0.16249	0.03011	0.02862	0.01071	0.00869	0.00255	0.00969	0.00924	0.00652	0.01097

[dist]
# distance from previous block
# <min> <max>
26	77

[block]
# block no. 1 follows, 22 sequences, length 8
# corresponding to MSA columns:
# 143-150
name=unknown_B
#
# <colnr> <probs for GDERKNQSTAVLIFYWHMCP>
#	G	D	E	R	K	N	Q	S	T	A	V	L	I	F	Y	W	H	M	C	P
0	0.08711	0.10473	0.30558	0.01815	0.02720	0.07274	0.01994	0.02506	0.01757	0.02630	0.01403	0.01642	0.01091	0.00736	0.00685	0.00210	0.00990	0.00540	0.00412	0.21854
1	0.01590	0.09448	0.42641	0.01876	0.02716	0.01742	0.02208	0.02223	0.01597	0.02286	0.01772	0.02736	0.01599	0.20191	0.01719	0.00406	0.01080	0.00763	0.00394	0.01012
2	0.01949	0.02013	0.01638	0.01544	0.01894	0.19677	0.01159	0.02888	0.23447	0.02591	0.04097	0.14308	0.16418	0.01499	0.00883	0.00271	0.00811	0.01230	0.00702	0.00981
3	0.21969	0.01034	0.00967	0.00964	0.01270	0.01019	0.00729	0.01533	0.01709	0.02635	0.05757	0.16647	0.37360	0.01819	0.00865	0.00284	0.00493	0.01494	0.00700	0.00752
4	0.01987	0.02167	0.04478	0.03944	0.21329	0.02066	0.45957	0.02630	0.01942	0.02676	0.01648	0.02190	0.01276	0.00711	0.00937	0.00271	0.01286	0.00914	0.00418	0.01175
5	0.01096	0.00846	0.01000	0.00962	0.01192	0.00750	0.00721	0.01414	0.02164	0.02886	0.41925	0.06939	0.31375	0.01865	0.00981	0.00269	0.00404	0.01605	0.00856	0.00750
6	0.01549	0.00774	0.00774	0.00774	0.00968	0.00774	0.00581	0.01936	0.01742	0.03097	0.02710	0.03097	0.02129	0.00968	0.00581	0.00194	0.00387	0.00774	0.75416	0.00774
7	0.01235	0.01026	0.01402	0.01441	0.01476	0.01193	0.01061	0.01390	0.01502	0.02087	0.03612	0.51289	0.04274	0.02284	0.01522	0.00345	0.19555	0.01909	0.00658	0.00740

[dist]
# distance from previous block
# <min> <max>
0	12

[block]
# block no. 2 follows, 22 sequences, length 71
# corresponding to MSA columns:
# 163-233
name=unknown_C
#
# <colnr> <probs for GDERKNQSTAVLIFYWHMCP>
#	G	D	E	R	K	N	Q	S	T	A	V	L	I	F	Y	W	H	M	C	P
0	0.01076	0.06179	0.01108	0.00885	0.01199	0.00897	0.00691	0.01290	0.01878	0.02222	0.07866	0.07490	0.60421	0.01998	0.00948	0.00273	0.00456	0.01654	0.00740	0.00729
1	0.01111	0.01106	0.05922	0.01039	0.01357	0.00827	0.00877	0.01451	0.02066	0.02708	0.30597	0.06806	0.37442	0.01842	0.00966	0.00272	0.00470	0.01567	0.00797	0.00774
2	0.01368	0.00996	0.01368	0.01507	0.01740	0.00968	0.01312	0.01749	0.01898	0.02503	0.04177	0.08791	0.04512	0.02168	0.01107	0.00363	0.00754	0.55521	0.00744	0.06455
3	0.70941	0.01540	0.01202	0.01097	0.01576	0.01774	0.00890	0.02345	0.01427	0.03606	0.01416	0.06569	0.01248	0.00910	0.00555	0.00263	0.00630	0.00595	0.00534	0.00883
4	0.03423	0.01774	0.02040	0.01599	0.02207	0.06509	0.01305	0.16579	0.02705	0.44859	0.06095	0.02724	0.02146	0.01044	0.00836	0.00252	0.00795	0.00829	0.00934	0.01346
5	0.01824	0.03826	0.50548	0.02886	0.15600	0.05693	0.02884	0.02654	0.01815	0.02613	0.01493	0.01798	0.01105	0.00784	0.00793	0.00257	0.01196	0.00634	0.00367	0.01230
6	0.00982	0.00842	0.00842	0.00842	0.01122	0.00701	0.00631	0.01192	0.01894	0.02244	0.08416	0.07995	0.65285	0.02104	0.00982	0.00281	0.00421	0.01753	0.00771	0.00701
7	0.01925	0.01623	0.01773	0.01659	0.02075	0.01850	0.01320	0.03891	0.52023	0.03283	0.03579	0.04319	0.02973	0.01354	0.00904	0.00301	0.00678	0.12432	0.00830	0.01208
8	0.02221	0.71304	0.04353	0.01421	0.02132	0.03287	0.01421	0.02488	0.01688	0.01955	0.01155	0.01333	0.01066	0.00711	0.00533	0.00178	0.00888	0.00444	0.00355	0.01066
9	0.01250	0.00921	0.01214	0.01338	0.01548	0.00886	0.01135	0.01599	0.01959	0.02535	0.12171	0.08736	0.17077	0.02189	0.01096	0.00348	0.00654	0.41805	0.00783	0.00755
10	0.01026	0.00843	0.00903	0.00888	0.01149	0.00720	0.00666	0.01278	0.01998	0.02492	0.21346	0.07587	0.52200	0.02012	0.00981	0.00276	0.00414	0.01696	0.00804	0.00720
11	0.01100	0.00765	0.00933	0.01031	0.01066	0.00735	0.00644	0.01181	0.01430	0.01895	0.03848	0.38401	0.06808	0.33438	0.02490	0.00547	0.00626	0.01815	0.00650	0.00598
12	0.01012	0.00723	0.00964	0.01157	0.01205	0.00675	0.00771	0.01157	0.01591	0.02121	0.04579	0.70262	0.05495	0.02603	0.01060	0.00337	0.00482	0.02362	0.00771	0.00675
13	0.01113	0.00801	0.01054	0.01088	0.01227	0.00742	0.00779	0.01410	0.02059	0.02867	0.41925	0.30789	0.06939	0.02045	0.01011	0.00290	0.00426	0.01832	0.00859	0.00742
14	0.00982	0.00842	0.00842	0.00842	0.01122	0.00701	0.00631	0.01192	0.01894	0.02244	0.08416	0.07995	0.65285	0.02104	0.00982	0.00281	0.00421	0.01753	0.00771	0.00701
15	0.02221	0.71304	0.04353	0.01421	0.02132	0.03287	0.01421	0.02488	0.01688	0.01955	0.01155	0.01333	0.01066	0.00711	0.00533	0.00178	0.00888	0.00444	0.00355	0.01066
16	0.00998	0.00842	0.00864	0.00858	0.01132	0.00708	0.00644	0.01223	0.01931	0.02334	0.13111	0.07847	0.60533	0.02070	0.00982	0.00279	0.00418	0.01733	0.00783	0.00708
17	0.02760	0.03239	0.02197	0.01991	0.02433	0.45798	0.01509	0.03681	0.22820	0.02511	0.01979	0.02029	0.01556	0.00946	0.00781	0.00236	0.01220	0.00669	0.00566	0.01080
18	0.02056	0.01974	0.03372	0.05099	0.65622	0.01974	0.02550	0.02550	0.01892	0.02714	0.01563	0.02056	0.01316	0.00740	0.00822	0.00247	0.00987	0.00740	0.00411	0.01316
19	0.76672	0.01607	0.01221	0.01092	0.01607	0.01864	0.00900	0.02442	0.01414	0.03727	0.01157	0.01350	0.00900	0.00771	0.00514	0.00257	0.00643	0.00450	0.00514	0.00900
20	0.01011	0.00851	0.00882	0.00898	0.01171	0.00722	0.00689	0.01235	0.01895	0.02264	0.08088	0.08107	0.60355	0.02119	0.00995	0.00289	0.00449	0.06502	0.00771	0.00706
21	0.01961	0.02241	0.04902	0.03501	0.04342	0.02101	0.62605	0.02661	0.01961	0.02661	0.01681	0.02241	0.01261	0.00700	0.00980	0.00280	0.01401	0.00980	0.00420	0.01120
22	0.02056	0.01974	0.03372	0.05099	0.65622	0.01974	0.02550	0.02550	0.01892	0.02714	0.01563	0.02056	0.01316	0.00740	0.00822	0.00247	0.00987	0.00740	0.00411	0.01316
23	0.01961	0.02241	0.04902	0.03501	0.04342	0.02101	0.62605	0.02661	0.01961	0.02661	0.01681	0.02241	0.01261	0.00700	0.00980	0.00280	0.01401	0.00980	0.00420	0.01120
24	0.02066	0.01785	0.01878	0.01691	0.02160	0.02066	0.01315	0.04414	0.64121	0.03475	0.03381	0.03099	0.02536	0.01127	0.00845	0.00282	0.00657	0.00939	0.00845	0.01315
25	0.01049	0.00834	0.00941	0.00936	0.01169	0.00726	0.00694	0.01314	0.02020	0.02594	0.26902	0.12651	0.41210	0.02012	0.00988	0.00279	0.00416	0.01721	0.00819	0.00726
26	0.01666	0.04297	0.66500	0.02368	0.03596	0.01929	0.03069	0.02631	0.01754	0.02631	0.01491	0.01754	0.01052	0.00789	0.00789	0.00263	0.01228	0.00614	0.00351	0.01228
27	0.01549	0.00774	0.00774	0.00774	0.00968	0.00774	0.00581	0.01936	0.01742	0.03097	0.02710	0.03097	0.02129	0.00968	0.00581	0.00194	0.00387	0.00774	0.75416	0.00774
28	0.01012	0.00723	0.00964	0.01157	0.01205	0.00675	0.00771	0.01157	0.01591	0.02121	0.04579	0.70262	0.05495	0.02603	0.01060	0.00337	0.00482	0.02362	0.00771	0.00675
29	0.01176	0.00849	0.01110	0.01045	0.01241	0.00784	0.00784	0.01568	0.02352	0.03331	0.65184	0.06206	0.07839	0.01698	0.00980	0.00261	0.00392	0.01502	0.00914	0.00784
30	0.01012	0.00723	0.00964	0.01157	0.01205	0.00675	0.00771	0.01157	0.01591	0.02121	0.04579	0.70262	0.05495	0.02603	0.01060	0.00337	0.00482	0.02362	0.00771	0.00675
31	0.01549	0.00774	0.00774	0.00774	0.00968	0.00774	0.00581	0.01936	0.01742	0.03097	0.02710	0.03097	0.02129	0.00968	0.00581	0.00194	0.00387	0.00774	0.75416	0.00774
32	0.01808	0.03395	0.40869	0.03179	0.17154	0.01972	0.14536	0.02619	0.01824	0.02655	0.01543	0.01914	0.01150	0.00761	0.00834	0.00263	0.01209	0.00712	0.00377	0.01226
33	0.01090	0.00837	0.00943	0.00922	0.01120	0.00749	0.00657	0.01320	0.01912	0.02481	0.26098	0.06904	0.34141	0.15331	0.01613	0.00376	0.00486	0.01564	0.00767	0.00690
34	0.01080	0.00806	0.01004	0.01038	0.01203	0.00730	0.00747	0.01350	0.02000	0.02695	0.32827	0.27817	0.19484	0.02086	0.01007	0.00291	0.00428	0.01841	0.00836	0.00730
35	0.02227	0.02487	0.03705	0.06297	0.26165	0.16181	0.25384	0.02742	0.02009	0.02524	0.01544	0.02012	0.01233	0.00753	0.00868	0.00254	0.01261	0.00788	0.00417	0.01149
36	0.02259	0.01722	0.02184	0.27380	0.03495	0.01973	0.01679	0.28614	0.02656	0.03657	0.01924	0.02277	0.01424	0.00928	0.00786	0.00250	0.00894	0.00749	0.14039	0.01110
37	0.02270	0.67688	0.04256	0.01447	0.02155	0.03250	0.01430	0.05652	0.01804	0.02127	0.01199	0.01367	0.01084	0.00726	0.00549	0.00181	0.00890	0.00460	0.00380	0.01084
38	0.01063	0.00845	0.00955	0.00927	0.01172	0.00736	0.00695	0.01350	0.02086	0.02701	0.32274	0.07243	0.41142	0.01933	0.00981	0.00272	0.00409	0.01648	0.00832	0.00736
39	0.01046	0.00844	0.00931	0.00909	0.01162	0.00729	0.00682	0.01317	0.02045	0.02604	0.27226	0.07402	0.46250	0.01970	0.00981	0.00274	0.00411	0.01670	0.00819	0.00729
40	0.01036	0.00844	0.00917	0.00899	0.01156	0.00725	0.00674	0.01298	0.02023	0.02550	0.24402	0.07491	0.49108	0.01990	0.00981	0.00275	0.00413	0.01683	0.00812	0.00725
41	0.01104	0.00846	0.01011	0.00970	0.01197	0.00753	0.00728	0.01429	0.02183	0.02931	0.44287	0.06864	0.28985	0.01848	0.00981	0.00268	0.00403	0.01595	0.00862	0.00753
42	0.01012	0.00723	0.00964	0.01157	0.01205	0.00675	0.00771	0.01157	0.01591	0.02121	0.04579	0.70262	0.05495	0.02603	0.01060	0.00337	0.00482	0.02362	0.00771	0.00675
43	0.03103	0.03959	0.02354	0.02140	0.02568	0.67469	0.01605	0.03317	0.02354	0.02033	0.01284	0.01498	0.01070	0.00856	0.00749	0.00214	0.01498	0.00535	0.00428	0.00963
44	0.02056	0.01974	0.03372	0.05099	0.65622	0.01974	0.02550	0.02550	0.01892	0.02714	0.01563	0.02056	0.01316	0.00740	0.00822	0.00247	0.00987	0.00740	0.00411	0.01316
45	0.01022	0.00849	0.00898	0.00901	0.01168	0.00724	0.00686	0.01261	0.01944	0.02374	0.14286	0.07878	0.55826	0.02071	0.00991	0.00284	0.00436	0.04902	0.00786	0.00714
46	0.02221	0.71304	0.04353	0.01421	0.02132	0.03287	0.01421	0.02488	0.01688	0.01955	0.01155	0.01333	0.01066	0.00711	0.00533	0.00178	0.00888	0.00444	0.00355	0.01066
47	0.01012	0.00723	0.00964	0.01157	0.01205	0.00675	0.00771	0.01157	0.01591	0.02121	0.04579	0.70262	0.05495	0.02603	0.01060	0.00337	0.00482	0.02362	0.00771	0.00675
48	0.01046	0.00844	0.00931	0.00909	0.01162	0.00729	0.00682	0.01317	0.02045	0.02604	0.27226	0.07402	0.46250	0.01970	0.00981	0.00274	0.00411	0.01670	0.00819	0.00729
49	0.01723	0.01477	0.01723	0.01230	0.01969	0.01107	0.00984	0.02092	0.01723	0.02707	0.01477	0.01723	0.01230	0.00615	0.00615	0.00123	0.00615	0.00492	0.00492	0.75883
50	0.01607	0.01090	0.01355	0.03947	0.01702	0.00935	0.00918	0.01872	0.01806	0.10702	0.07384	0.21990	0.13299	0.05201	0.01043	0.00274	0.00577	0.01354	0.00703	0.22241
51	0.01848	0.02937	0.26971	0.07806	0.03013	0.10011	0.02254	0.02364	0.01639	0.02263	0.01500	0.05709	0.01327	0.01140	0.01488	0.00298	0.25261	0.00755	0.00390	0.01026
52	0.01574	0.02557	0.26498	0.02364	0.03126	0.01617	0.22104	0.02219	0.01818	0.02544	0.05175	0.17171	0.04986	0.01244	0.00927	0.00285	0.01056	0.01197	0.00505	0.01033
53	0.01569	0.01477	0.02492	0.68808	0.05722	0.01846	0.02307	0.02123	0.01661	0.02123	0.01477	0.02215	0.01107	0.00831	0.00831	0.00277	0.01107	0.00738	0.00369	0.00923
54	0.01806	0.11803	0.53808	0.02381	0.06352	0.04740	0.02798	0.02638	0.01777	0.02534	0.01448	0.01710	0.01067	0.00781	0.00760	0.00251	0.01189	0.00597	0.00357	0.01203
55	0.02035	0.01917	0.03066	0.07425	0.51566	0.01984	0.02319	0.02862	0.12961	0.02822	0.01882	0.02249	0.01524	0.00813	0.00827	0.00254	0.00934	0.00776	0.00487	0.01298
56	0.01895	0.01809	0.03080	0.26209	0.45774	0.01931	0.02469	0.02408	0.01815	0.02518	0.01534	0.02109	0.01247	0.00770	0.00825	0.00257	0.01027	0.00740	0.00397	0.01186
57	0.01039	0.00842	0.00908	0.00893	0.01139	0.00726	0.00661	0.01281	0.01967	0.02469	0.21501	0.07446	0.48655	0.05425	0.01143	0.00302	0.00433	0.01667	0.00792	0.00711
58	0.02722	0.03117	0.02478	0.02667	0.15883	0.41467	0.01751	0.08919	0.02372	0.02525	0.01844	0.02272	0.03996	0.00959	0.00799	0.00234	0.01255	0.03182	0.00493	0.01063
59	0.01547	0.01153	0.01338	0.01310	0.01549	0.01174	0.00961	0.15562	0.04676	0.02912	0.04458	0.43264	0.12607	0.02104	0.00988	0.00307	0.00581	0.01848	0.00788	0.00875
60	0.01318	0.00950	0.01310	0.01490	0.01687	0.00942	0.01298	0.01691	0.01911	0.02472	0.04629	0.09292	0.08247	0.02284	0.01138	0.00377	0.00745	0.56692	0.00765	0.00761
61	0.01993	0.01909	0.03257	0.13397	0.57821	0.01957	0.02518	0.02494	0.01862	0.02637	0.01551	0.02077	0.01289	0.00752	0.00823	0.00251	0.01003	0.00740	0.00406	0.01265
62	0.02061	0.09391	0.14142	0.09417	0.39786	0.02046	0.02426	0.02607	0.01856	0.06224	0.01600	0.01988	0.01270	0.00770	0.00789	0.00246	0.01012	0.00694	0.00427	0.01248
63	0.02056	0.01974	0.03372	0.05099	0.65622	0.01974	0.02550	0.02550	0.01892	0.02714	0.01563	0.02056	0.01316	0.00740	0.00822	0.00247	0.00987	0.00740	0.00411	0.01316
64	0.01002	0.00848	0.00870	0.00881	0.01157	0.00716	0.00672	0.01223	0.01895	0.02258	0.08185	0.08074	0.61804	0.02115	0.00991	0.00286	0.00441	0.05106	0.00771	0.00705
65	0.01876	0.06222	0.25673	0.03031	0.15533	0.01983	0.18611	0.05776	0.01937	0.02721	0.01822	0.07603	0.01547	0.00913	0.00859	0.00266	0.01132	0.00880	0.00442	0.01172
66	0.01720	0.21365	0.19473	0.01806	0.02436	0.05353	0.06534	0.02174	0.01748	0.02268	0.02416	0.20860	0.02504	0.01347	0.00827	0.00266	0.00932	0.04489	0.00501	0.00983
67	0.02787	0.01248	0.01654	0.01347	0.01832	0.01125	0.01082	0.03248	0.05906	0.41774	0.23796	0.03962	0.04000	0.01256	0.00884	0.00260	0.00600	0.01062	0.00980	0.01199
68	0.01124	0.00795	0.00905	0.00945	0.01010	0.00758	0.00583	0.01194	0.01420	0.01839	0.04148	0.19256	0.15638	0.43428	0.02946	0.00607	0.00664	0.01551	0.00611	0.00577
69	0.02224	0.02090	0.02281	0.27537	0.03608	0.14672	0.01778	0.18212	0.02334	0.02892	0.01694	0.02184	0.01334	0.01738	0.11414	0.00426	0.01310	0.00725	0.00514	0.01031
70	0.02345	0.02003	0.02864	0.13860	0.32007	0.02158	0.02125	0.22561	0.05786	0.03497	0.01788	0.02115	0.01379	0.00860	0.00828	0.00254	0.00964	0.00753	0.00566	0.01286

[dist]
# distance from previous block
# <min> <max>
0	1

[block]
# block no. 3 follows, 22 sequences, length 20
# corresponding to MSA columns:
# 235-254
name=unknown_D
#
# <colnr> <probs for GDERKNQSTAVLIFYWHMCP>
#	G	D	E	R	K	N	Q	S	T	A	V	L	I	F	Y	W	H	M	C	P
0	0.02280	0.01750	0.02186	0.02293	0.14879	0.01836	0.01517	0.08807	0.29875	0.10812	0.05770	0.02781	0.02272	0.01005	0.00823	0.00253	0.00735	0.00855	0.00748	0.08523
1	0.22391	0.02198	0.01987	0.04960	0.02336	0.11666	0.01353	0.29880	0.02721	0.04029	0.01705	0.01858	0.01274	0.00906	0.00714	0.00243	0.00892	0.00640	0.07118	0.01132
2	0.01010	0.00733	0.00953	0.01130	0.01198	0.00677	0.00759	0.01160	0.01616	0.02131	0.04907	0.64941	0.10604	0.02560	0.01054	0.00333	0.00477	0.02310	0.00771	0.00677
3	0.01757	0.01742	0.03173	0.41413	0.18864	0.01926	0.14477	0.02326	0.01773	0.02363	0.01537	0.02185	0.01185	0.00784	0.00859	0.00271	0.01139	0.00787	0.00389	0.01051
4	0.02673	0.02823	0.02654	0.02924	0.20306	0.30897	0.01876	0.07841	0.02205	0.06262	0.01512	0.01818	0.01228	0.00927	0.01051	0.00249	0.10498	0.00654	0.00483	0.01119
5	0.01012	0.00723	0.00964	0.01157	0.01205	0.00675	0.00771	0.01157	0.01591	0.02121	0.04579	0.70262	0.05495	0.02603	0.01060	0.00337	0.00482	0.02362	0.00771	0.00675
6	0.02388	0.02323	0.02885	0.06956	0.36288	0.13037	0.02114	0.12680	0.07671	0.03049	0.01740	0.02051	0.01386	0.00840	0.00814	0.00246	0.01038	0.00724	0.00518	0.01253
7	0.01261	0.00849	0.01250	0.01250	0.01371	0.00958	0.00946	0.01428	0.01307	0.01897	0.02093	0.03102	0.01949	0.05232	0.50344	0.16599	0.01807	0.00849	0.04843	0.00665
8	0.01314	0.01076	0.01578	0.01505	0.01624	0.01341	0.01195	0.01587	0.01322	0.01943	0.01997	0.02973	0.01879	0.05271	0.54495	0.01140	0.15699	0.00857	0.00429	0.00775
9	0.01033	0.00844	0.00913	0.00895	0.01154	0.00723	0.00672	0.01292	0.02015	0.02532	0.23442	0.07521	0.50079	0.01997	0.00981	0.00275	0.00413	0.01687	0.00809	0.00723
10	0.01121	0.00847	0.01034	0.00987	0.01207	0.00760	0.00740	0.01461	0.02221	0.03022	0.49044	0.06714	0.24172	0.01814	0.00980	0.00267	0.00400	0.01574	0.00874	0.00760
11	0.22667	0.02055	0.02106	0.01656	0.02279	0.02268	0.01367	0.41652	0.03111	0.10237	0.01886	0.01898	0.01334	0.00940	0.00748	0.00252	0.00824	0.00677	0.00765	0.01277
12	0.01030	0.00765	0.00961	0.01077	0.01194	0.00696	0.00745	0.01224	0.01762	0.02322	0.14195	0.48402	0.17850	0.02370	0.01033	0.00315	0.00457	0.02114	0.00792	0.00696
13	0.03241	0.02194	0.02411	0.01848	0.02510	0.02378	0.01527	0.54270	0.03683	0.14133	0.02182	0.02116	0.01507	0.01002	0.00832	0.00250	0.00884	0.00761	0.00860	0.01413
14	0.03580	0.01447	0.01924	0.01497	0.02124	0.01296	0.01229	0.04081	0.07848	0.60641	0.03287	0.02852	0.02099	0.01037	0.00836	0.00259	0.00703	0.00845	0.01012	0.01405
15	0.02267	0.23854	0.12367	0.07856	0.02855	0.23659	0.04706	0.02667	0.01895	0.02125	0.01394	0.01739	0.01167	0.01264	0.06570	0.00317	0.01298	0.00590	0.00391	0.01018
16	0.01829	0.01404	0.01652	0.04007	0.04257	0.01457	0.01166	0.20384	0.05310	0.03544	0.21799	0.08045	0.16150	0.01540	0.00929	0.00271	0.00638	0.03813	0.00805	0.01002
17	0.02056	0.01974	0.03372	0.05099	0.65622	0.01974	0.02550	0.02550	0.01892	0.02714	0.01563	0.02056	0.01316	0.00740	0.00822	0.00247	0.00987	0.00740	0.00411	0.01316
18	0.18325	0.02087	0.02440	0.22475	0.20980	0.12649	0.01924	0.05105	0.01881	0.02755	0.01422	0.01856	0.01128	0.00804	0.00746	0.00253	0.01028	0.00643	0.00442	0.01056
19	0.19151	0.05677	0.07837	0.04742	0.12687	0.11432	0.03903	0.05021	0.05591	0.07147	0.01912	0.07919	0.01637	0.00986	0.00754	0.00256	0.00933	0.00790	0.00543	0.01081

[dist]
# distance from previous block
# <min> <max>
5	186

[block]
# block no. 4 follows, 22 sequences, length 30
# corresponding to MSA columns:
# 442-471
name=unknown_E
#
# <colnr> <probs for GDERKNQSTAVLIFYWHMCP>
#	G	D	E	R	K	N	Q	S	T	A	V	L	I	F	Y	W	H	M	C	P
0	0.20712	0.02108	0.14049	0.09324	0.02600	0.01788	0.01580	0.12276	0.06723	0.03279	0.02750	0.02855	0.11593	0.01055	0.00760	0.00259	0.00817	0.00813	0.00584	0.04077
1	0.05088	0.15976	0.10378	0.02207	0.15906	0.01754	0.01605	0.02234	0.01825	0.07689	0.05893	0.13837	0.09795	0.01273	0.00812	0.00255	0.00782	0.01077	0.00572	0.01043
2	0.14765	0.01814	0.09330	0.07107	0.12527	0.01647	0.01578	0.07056	0.09411	0.02943	0.02738	0.12574	0.07273	0.01306	0.00924	0.03591	0.00786	0.01021	0.00585	0.01024
3	0.05345	0.02040	0.09754	0.02539	0.18125	0.01780	0.01805	0.11612	0.09443	0.14393	0.02321	0.02764	0.01809	0.00986	0.00820	0.00255	0.00855	0.05194	0.00661	0.07498
4	0.07578	0.02074	0.12574	0.10068	0.14732	0.01783	0.01817	0.14764	0.02113	0.03054	0.01966	0.07888	0.01775	0.09239	0.01208	0.00322	0.00918	0.00874	0.00536	0.04716
5	0.01838	0.01624	0.02327	0.05501	0.25310	0.01675	0.01726	0.02628	0.13703	0.02754	0.02198	0.02922	0.01886	0.01284	0.04696	0.00310	0.04205	0.05691	0.04032	0.13690
6	0.02282	0.02526	0.07316	0.02249	0.09113	0.17844	0.06938	0.09565	0.02156	0.02802	0.01504	0.01784	0.01206	0.00781	0.00811	0.00205	0.03353	0.00618	0.00486	0.26460
7	0.07670	0.01709	0.02351	0.22574	0.21576	0.05457	0.01863	0.02657	0.06504	0.08191	0.01909	0.02284	0.01458	0.00856	0.00772	0.00252	0.00908	0.00733	0.09182	0.01093
8	0.02562	0.01964	0.02137	0.04475	0.02395	0.02199	0.01410	0.36886	0.20334	0.04196	0.02433	0.02711	0.01900	0.09113	0.01229	0.00324	0.00838	0.00854	0.00778	0.01260
9	0.01762	0.02472	0.27754	0.01907	0.02622	0.01490	0.07234	0.02503	0.07270	0.09924	0.03148	0.17970	0.07638	0.01356	0.00893	0.00284	0.00898	0.01188	0.00608	0.01079
10	0.03103	0.03959	0.02354	0.02140	0.02568	0.67469	0.01605	0.03317	0.02354	0.02033	0.01284	0.01498	0.01070	0.00856	0.00749	0.00214	0.01498	0.00535	0.00428	0.00963
11	0.01053	0.00844	0.00940	0.00916	0.01166	0.00732	0.00687	0.01330	0.02062	0.02644	0.29289	0.07337	0.44162	0.01955	0.00981	0.00273	0.00410	0.01661	0.00824	0.00732
12	0.02495	0.16787	0.06013	0.05121	0.15477	0.21678	0.01858	0.07301	0.02087	0.05160	0.01452	0.01741	0.01190	0.00872	0.00918	0.00236	0.07429	0.00616	0.00454	0.01115
13	0.01852	0.02773	0.30983	0.02291	0.03149	0.01653	0.17399	0.02524	0.01874	0.09915	0.02671	0.09639	0.07295	0.01097	0.00888	0.00276	0.01063	0.01012	0.00527	0.01119
14	0.01006	0.00747	0.00939	0.01092	0.01188	0.00680	0.00743	0.01164	0.01652	0.02146	0.05363	0.57540	0.17711	0.02501	0.01044	0.00326	0.00469	0.02237	0.00771	0.00680
15	0.01016	0.00843	0.00889	0.00878	0.01143	0.00716	0.00658	0.01259	0.01975	0.02437	0.18459	0.07678	0.55121	0.02032	0.00981	0.00277	0.00416	0.01709	0.00797	0.00716
16	0.02721	0.15571	0.13087	0.02042	0.02660	0.42712	0.01809	0.05873	0.02215	0.02267	0.01329	0.01534	0.01083	0.00827	0.00722	0.00217	0.01321	0.00542	0.00422	0.01045
17	0.01046	0.00749	0.00994	0.01134	0.01212	0.00697	0.00774	0.01241	0.01746	0.02368	0.16961	0.57175	0.05973	0.02418	0.01044	0.00322	0.00464	0.02186	0.00800	0.00697
18	0.01012	0.00723	0.00964	0.01157	0.01205	0.00675	0.00771	0.01157	0.01591	0.02121	0.04579	0.70262	0.05495	0.02603	0.01060	0.00337	0.00482	0.02362	0.00771	0.00675
19	0.02069	0.01813	0.02542	0.24883	0.18873	0.02050	0.01987	0.12325	0.18775	0.03115	0.02088	0.02378	0.01588	0.00914	0.00833	0.00267	0.00928	0.00794	0.00579	0.01200
20	0.02499	0.23152	0.19124	0.01932	0.02703	0.16225	0.01914	0.17711	0.02396	0.02957	0.01475	0.01638	0.01150	0.00832	0.00717	0.00225	0.01108	0.00582	0.00488	0.01171
21	0.01114	0.00847	0.01025	0.00981	0.01203	0.00758	0.00735	0.01449	0.02206	0.02987	0.47184	0.06773	0.26054	0.01827	0.00980	0.00267	0.00401	0.01582	0.00869	0.00758
22	0.01007	0.00830	0.00885	0.00898	0.01144	0.00708	0.00663	0.01232	0.01915	0.02357	0.14594	0.14234	0.52440	0.02109	0.00990	0.00284	0.00424	0.01787	0.00788	0.00708
23	0.01848	0.01966	0.07797	0.28319	0.38931	0.01923	0.02500	0.02399	0.01797	0.02490	0.01526	0.02092	0.01219	0.00777	0.00823	0.00259	0.01049	0.00730	0.00391	0.01165
24	0.01031	0.00843	0.00909	0.00893	0.01152	0.00722	0.00670	0.01287	0.02009	0.02518	0.22713	0.07544	0.50817	0.02002	0.00981	0.00276	0.00414	0.01690	0.00807	0.00722
25	0.01723	0.01477	0.01723	0.01230	0.01969	0.01107	0.00984	0.02092	0.01723	0.02707	0.01477	0.01723	0.01230	0.00615	0.00615	0.00123	0.00615	0.00492	0.00492	0.75883
26	0.02100	0.01963	0.12794	0.02091	0.07939	0.01542	0.08626	0.08841	0.04966	0.13948	0.22168	0.03514	0.03524	0.01140	0.00889	0.00261	0.00816	0.01014	0.00729	0.01137
27	0.01625	0.01534	0.02594	0.61428	0.12660	0.01861	0.02335	0.02172	0.01688	0.02191	0.01487	0.02196	0.01132	0.00820	0.00830	0.00273	0.01093	0.00739	0.00374	0.00968
28	0.11033	0.10037	0.31487	0.15543	0.03464	0.02061	0.02272	0.02696	0.08911	0.02691	0.01631	0.01910	0.01218	0.00826	0.00744	0.00258	0.01030	0.00639	0.00432	0.01119
29	0.20738	0.01950	0.06582	0.01831	0.09291	0.07377	0.01362	0.07771	0.10185	0.03107	0.03428	0.03429	0.17391	0.01177	0.00780	0.00261	0.00771	0.00921	0.00618	0.01028

[dist]
# distance from previous block
# <min> <max>
0	58

[block]
# block no. 5 follows, 22 sequences, length 80
# corresponding to MSA columns:
# 530-609
name=unknown_F
#
# <colnr> <probs for GDERKNQSTAVLIFYWHMCP>
#	G	D	E	R	K	N	Q	S	T	A	V	L	I	F	Y	W	H	M	C	P
0	0.07424	0.05549	0.02199	0.05059	0.02417	0.12203	0.01370	0.25479	0.02629	0.03587	0.01672	0.01845	0.01286	0.00843	0.00717	0.00208	0.00895	0.00619	0.04546	0.19451
1	0.06251	0.05463	0.02335	0.05207	0.02478	0.06651	0.01534	0.23066	0.20867	0.03606	0.02107	0.02207	0.01614	0.01064	0.01095	0.00273	0.11545	0.00757	0.00673	0.01208
2	0.05254	0.01042	0.01388	0.07889	0.01837	0.01097	0.01015	0.01699	0.01450	0.05180	0.02315	0.07800	0.02278	0.19686	0.27634	0.00801	0.01335	0.00980	0.00510	0.08810
3	0.05600	0.21284	0.47320	0.02062	0.03121	0.02273	0.02539	0.02585	0.01720	0.02513	0.01388	0.01626	0.01048	0.00768	0.00710	0.00241	0.01111	0.00562	0.00360	0.01170
4	0.01923	0.35280	0.37764	0.01930	0.02919	0.02557	0.02307	0.02565	0.01723	0.02318	0.01336	0.01559	0.01059	0.00753	0.00671	0.00224	0.01071	0.00535	0.00353	0.01153
5	0.01208	0.00805	0.00906	0.00906	0.00906	0.00805	0.00503	0.01208	0.01208	0.01611	0.02618	0.05436	0.03020	0.70804	0.04228	0.00805	0.00805	0.01208	0.00503	0.00503
6	0.01187	0.00890	0.01335	0.01335	0.01483	0.01038	0.01038	0.01483	0.01335	0.01928	0.02225	0.03264	0.02077	0.06231	0.67512	0.01335	0.02225	0.00890	0.00445	0.00742
7	0.01208	0.00805	0.00906	0.00906	0.00906	0.00805	0.00503	0.01208	0.01208	0.01611	0.02618	0.05436	0.03020	0.70804	0.04228	0.00805	0.00805	0.01208	0.00503	0.00503
8	0.01012	0.00723	0.00964	0.01157	0.01205	0.00675	0.00771	0.01157	0.01591	0.02121	0.04579	0.70262	0.05495	0.02603	0.01060	0.00337	0.00482	0.02362	0.00771	0.00675
9	0.01188	0.00886	0.01313	0.01313	0.01453	0.01026	0.01010	0.01469	0.01328	0.01912	0.02246	0.03378	0.02127	0.09632	0.64179	0.01307	0.02150	0.00907	0.00448	0.00729
10	0.02221	0.71304	0.04353	0.01421	0.02132	0.03287	0.01421	0.02488	0.01688	0.01955	0.01155	0.01333	0.01066	0.00711	0.00533	0.00178	0.00888	0.00444	0.00355	0.01066
11	0.01818	0.01818	0.02545	0.02181	0.02181	0.02545	0.01818	0.01999	0.01272	0.01999	0.01091	0.01818	0.01091	0.01454	0.02726	0.00364	0.69284	0.00727	0.00364	0.00909
12	0.02622	0.02042	0.02189	0.01796	0.02358	0.02300	0.01447	0.35951	0.28925	0.04365	0.02583	0.02508	0.01909	0.01266	0.03573	0.00307	0.00861	0.00834	0.00821	0.01344
13	0.01208	0.00805	0.00906	0.00906	0.00906	0.00805	0.00503	0.01208	0.01208	0.01611	0.02618	0.05436	0.03020	0.70804	0.04228	0.00805	0.00805	0.01208	0.00503	0.00503
14	0.02245	0.38980	0.21292	0.01831	0.02629	0.15893	0.01918	0.02695	0.01841	0.02159	0.01275	0.01484	0.01063	0.00762	0.00648	0.00209	0.01106	0.00510	0.00369	0.01090
15	0.01002	0.00842	0.00870	0.00863	0.01135	0.00710	0.00647	0.01232	0.01942	0.02359	0.14408	0.07806	0.59221	0.02061	0.00982	0.00278	0.00418	0.01727	0.00787	0.00710
16	0.01983	0.01899	0.03240	0.14631	0.56660	0.01955	0.02513	0.02486	0.01857	0.02626	0.01550	0.02080	0.01285	0.00754	0.00824	0.00251	0.01005	0.00740	0.00405	0.01257
17	0.76672	0.01607	0.01221	0.01092	0.01607	0.01864	0.00900	0.02442	0.01414	0.03727	0.01157	0.01350	0.00900	0.00771	0.00514	0.00257	0.00643	0.00450	0.00514	0.00900
18	0.02056	0.01974	0.03372	0.05099	0.65622	0.01974	0.02550	0.02550	0.01892	0.02714	0.01563	0.02056	0.01316	0.00740	0.00822	0.00247	0.00987	0.00740	0.00411	0.01316
19	0.76672	0.01607	0.01221	0.01092	0.01607	0.01864	0.00900	0.02442	0.01414	0.03727	0.01157	0.01350	0.00900	0.00771	0.00514	0.00257	0.00643	0.00450	0.00514	0.00900
20	0.01721	0.01485	0.01912	0.22163	0.03116	0.01718	0.01591	0.03036	0.29959	0.02810	0.03235	0.04280	0.05518	0.01310	0.00906	0.00300	0.00805	0.12396	0.00680	0.01059
21	0.01408	0.00906	0.01151	0.01056	0.01313	0.00816	0.00804	0.01763	0.02279	0.09674	0.49402	0.06150	0.16710	0.01696	0.00965	0.00264	0.00429	0.01475	0.00903	0.00836
22	0.01191	0.00873	0.01248	0.01248	0.01367	0.00991	0.00930	0.01428	0.01309	0.01864	0.02305	0.03703	0.02268	0.19295	0.54709	0.01228	0.01938	0.00954	0.00457	0.00694
23	0.02066	0.01785	0.01878	0.01691	0.02160	0.02066	0.01315	0.04414	0.64121	0.03475	0.03381	0.03099	0.02536	0.01127	0.00845	0.00282	0.00657	0.00939	0.00845	0.01315
24	0.76672	0.01607	0.01221	0.01092	0.01607	0.01864	0.00900	0.02442	0.01414	0.03727	0.01157	0.01350	0.00900	0.00771	0.00514	0.00257	0.00643	0.00450	0.00514	0.00900
25	0.02066	0.01785	0.01878	0.01691	0.02160	0.02066	0.01315	0.04414	0.64121	0.03475	0.03381	0.03099	0.02536	0.01127	0.00845	0.00282	0.00657	0.00939	0.00845	0.01315
26	0.01176	0.00849	0.01110	0.01045	0.01241	0.00784	0.00784	0.01568	0.02352	0.03331	0.65184	0.06206	0.07839	0.01698	0.00980	0.00261	0.00392	0.01502	0.00914	0.00784
27	0.00982	0.00842	0.00842	0.00842	0.01122	0.00701	0.00631	0.01192	0.01894	0.02244	0.08416	0.07995	0.65285	0.02104	0.00982	0.00281	0.00421	0.01753	0.00771	0.00701
28	0.01950	0.01926	0.02989	0.27760	0.39984	0.06237	0.02400	0.02447	0.01839	0.02457	0.01513	0.02076	0.01225	0.00780	0.00821	0.00255	0.01064	0.00726	0.00397	0.01152
29	0.76672	0.01607	0.01221	0.01092	0.01607	0.01864	0.00900	0.02442	0.01414	0.03727	0.01157	0.01350	0.00900	0.00771	0.00514	0.00257	0.00643	0.00450	0.00514	0.00900
30	0.01787	0.01583	0.02295	0.06442	0.27304	0.01661	0.01767	0.02722	0.17962	0.02897	0.09999	0.04050	0.05861	0.01223	0.00897	0.00278	0.00784	0.08712	0.00642	0.01133
31	0.00982	0.00842	0.00842	0.00842	0.01122	0.00701	0.00631	0.01192	0.01894	0.02244	0.08416	0.07995	0.65285	0.02104	0.00982	0.00281	0.00421	0.01753	0.00771	0.00701
32	0.01985	0.01851	0.02863	0.13900	0.40605	0.01978	0.02203	0.02953	0.17485	0.02816	0.02006	0.02342	0.01591	0.00851	0.00829	0.00260	0.00922	0.00790	0.00514	0.01256
33	0.01645	0.01723	0.01749	0.15066	0.09258	0.14637	0.01368	0.01955	0.01941	0.02228	0.04851	0.04888	0.32611	0.01451	0.00887	0.00263	0.00837	0.01195	0.00583	0.00865
34	0.03103	0.03959	0.02354	0.02140	0.02568	0.67469	0.01605	0.03317	0.02354	0.02033	0.01284	0.01498	0.01070	0.00856	0.00749	0.00214	0.01498	0.00535	0.00428	0.00963
35	0.02261	0.01469	0.01644	0.01395	0.01772	0.01623	0.01117	0.17270	0.12023	0.09855	0.02546	0.02684	0.01915	0.01052	0.00910	0.00243	0.07069	0.00795	0.31270	0.01089
36	0.02480	0.13483	0.02402	0.01797	0.02249	0.31138	0.01425	0.06154	0.15060	0.02571	0.05146	0.05457	0.02100	0.01086	0.00784	0.00240	0.01064	0.03741	0.00579	0.01043
37	0.01093	0.00846	0.00996	0.00958	0.01190	0.00749	0.00719	0.01408	0.02157	0.02868	0.41012	0.06967	0.32299	0.01871	0.00981	0.00269	0.00404	0.01609	0.00854	0.00749
38	0.02477	0.01971	0.02048	0.01699	0.02213	0.05130	0.01366	0.33012	0.18503	0.04176	0.10188	0.03306	0.05600	0.01207	0.00867	0.00264	0.00787	0.03131	0.00820	0.01235
39	0.00982	0.00842	0.00842	0.00842	0.01122	0.00701	0.00631	0.01192	0.01894	0.02244	0.08416	0.07995	0.65285	0.02104	0.00982	0.00281	0.00421	0.01753	0.00771	0.00701
40	0.01012	0.00723	0.00964	0.01157	0.01205	0.00675	0.00771	0.01157	0.01591	0.02121	0.04579	0.70262	0.05495	0.02603	0.01060	0.00337	0.00482	0.02362	0.00771	0.00675
41	0.01790	0.01516	0.01759	0.01262	0.01997	0.01176	0.01012	0.04940	0.01825	0.02826	0.01501	0.01735	0.01239	0.00633	0.00625	0.00129	0.00629	0.00504	0.00508	0.72391
42	0.01090	0.00809	0.01034	0.01184	0.01320	0.00753	0.00887	0.01310	0.01739	0.02242	0.05368	0.41024	0.18337	0.02415	0.01066	0.00337	0.00541	0.17072	0.00770	0.00704
