[name]
unknown

[dist]
# distance from previous block
# <min> <max>
7	46

[block]
# block no. 0 follows, 20 sequences, length 23
# corresponding to MSA columns:
# 46-68
name=unknown_A
#
# <colnr> <probs for GDERKNQSTAVLIFYWHMCP>
#	G	D	E	R	K	N	Q	S	T	A	V	L	I	F	Y	W	H	M	C	P
0	0.24120	0.01718	0.02077	0.02563	0.20316	0.05973	0.01561	0.02326	0.01673	0.02850	0.01723	0.02316	0.01497	0.02707	0.22322	0.00639	0.01394	0.00723	0.00477	0.01025
1	0.04743	0.11042	0.07349	0.11853	0.31903	0.02027	0.02148	0.02393	0.01897	0.02622	0.02652	0.02984	0.10806	0.01010	0.00835	0.00261	0.00952	0.00877	0.00476	0.01171
2	0.01416	0.01071	0.01444	0.11787	0.02136	0.01139	0.01133	0.04280	0.01759	0.02460	0.03360	0.34025	0.03671	0.07266	0.04430	0.00401	0.03464	0.01615	0.08381	0.04762
3	0.15560	0.01597	0.01591	0.01332	0.01786	0.01746	0.01073	0.24793	0.02641	0.04234	0.02263	0.02477	0.01714	0.00991	0.00698	0.00238	0.00667	0.00741	0.32762	0.01094
4	0.01268	0.00846	0.00951	0.00951	0.00951	0.00846	0.00529	0.01268	0.01268	0.01691	0.02748	0.05708	0.03171	0.69345	0.04440	0.00846	0.00846	0.01268	0.00529	0.00529
5	0.01092	0.00886	0.00968	0.00948	0.01216	0.00762	0.00711	0.01370	0.02132	0.02698	0.25166	0.07833	0.47007	0.02082	0.01030	0.00289	0.00433	0.01762	0.00855	0.00762
6	0.01053	0.00796	0.00974	0.01116	0.01239	0.00717	0.00766	0.01226	0.01765	0.02266	0.06012	0.50720	0.23047	0.02576	0.01089	0.00336	0.00487	0.02289	0.00810	0.00717
7	0.02706	0.02885	0.02877	0.06852	0.26029	0.26692	0.02081	0.10664	0.05612	0.02928	0.01683	0.01992	0.01351	0.00886	0.00837	0.00250	0.01221	0.00706	0.00518	0.01230
8	0.02793	0.03640	0.09362	0.02872	0.14538	0.42422	0.02056	0.03156	0.02233	0.02337	0.01414	0.01737	0.01173	0.00911	0.00949	0.00248	0.05992	0.00626	0.00433	0.01108
9	0.02408	0.03203	0.21007	0.02290	0.06914	0.16294	0.02071	0.14972	0.08751	0.03243	0.02571	0.02663	0.07669	0.01062	0.00857	0.00264	0.01120	0.00820	0.00593	0.01227
10	0.02043	0.01951	0.03284	0.08687	0.55700	0.01963	0.02509	0.02542	0.01972	0.02775	0.02182	0.02643	0.06095	0.00892	0.00877	0.00264	0.00999	0.00858	0.00458	0.01308
11	0.21010	0.01977	0.02379	0.09158	0.16772	0.02199	0.01741	0.17068	0.12741	0.03836	0.01962	0.02161	0.01494	0.00930	0.00789	0.00272	0.00879	0.00738	0.00640	0.01253
12	0.20324	0.02691	0.02109	0.02009	0.06386	0.26962	0.01461	0.07293	0.08338	0.07549	0.05444	0.02174	0.01774	0.00974	0.00770	0.00254	0.01062	0.00696	0.00619	0.01113
13	0.01923	0.01668	0.01470	0.01350	0.01620	0.12304	0.00959	0.05296	0.09414	0.05707	0.03829	0.04896	0.14702	0.28476	0.02312	0.00499	0.00871	0.01180	0.00663	0.00859
14	0.01812	0.01261	0.01498	0.01363	0.01666	0.01369	0.01067	0.16206	0.02226	0.03198	0.03061	0.08007	0.06938	0.03329	0.25487	0.00689	0.01284	0.01047	0.17539	0.00951
15	0.02314	0.02428	0.03586	0.04660	0.46795	0.11860	0.10089	0.02816	0.02070	0.02733	0.01612	0.02094	0.01335	0.00790	0.00873	0.00258	0.01175	0.00777	0.00436	0.01298
16	0.12727	0.01500	0.01819	0.10065	0.02418	0.01722	0.01361	0.16856	0.02164	0.03271	0.02035	0.02642	0.01693	0.03282	0.27953	0.00740	0.01490	0.00802	0.04451	0.01008
17	0.02119	0.03026	0.21569	0.13526	0.28120	0.11345	0.02657	0.02752	0.01977	0.02624	0.01562	0.02004	0.01228	0.00825	0.00843	0.00264	0.01210	0.00706	0.00409	0.01237
18	0.07463	0.02986	0.02302	0.02515	0.14053	0.37290	0.01636	0.02853	0.02223	0.02432	0.02785	0.02941	0.12750	0.01113	0.00830	0.00247	0.01200	0.00834	0.00519	0.01027
19	0.02387	0.01996	0.03343	0.04859	0.55868	0.01970	0.02495	0.02882	0.02053	0.10882	0.01875	0.02264	0.01483	0.00817	0.00865	0.00260	0.00998	0.00790	0.00516	0.01395
20	0.01758	0.01117	0.01485	0.01694	0.10184	0.01181	0.01074	0.04149	0.01725	0.02751	0.02182	0.02802	0.01822	0.01540	0.01537	0.19467	0.05318	0.00789	0.36607	0.00817
21	0.02353	0.01716	0.02198	0.18513	0.10660	0.06120	0.01684	0.03115	0.11906	0.16401	0.06069	0.03144	0.05310	0.01086	0.00868	0.00272	0.00878	0.00918	0.05616	0.01173
22	0.05903	0.02409	0.16646	0.02590	0.15960	0.06542	0.04724	0.06029	0.02026	0.02975	0.02259	0.11437	0.02034	0.01127	0.00832	0.00266	0.00950	0.00969	0.13210	0.01114

[dist]
# distance from previous block
# <min> <max>
4	9

[block]
# block no. 1 follows, 20 sequences, length 78
# corresponding to MSA columns:
# 78-155
name=unknown_B
#
# <colnr> <probs for GDERKNQSTAVLIFYWHMCP>
#	G	D	E	R	K	N	Q	S	T	A	V	L	I	F	Y	W	H	M	C	P
0	0.01696	0.03075	0.33435	0.02378	0.03311	0.01804	0.15904	0.02570	0.05783	0.02740	0.03278	0.03438	0.14474	0.01122	0.00922	0.00286	0.01114	0.01009	0.00512	0.01152
1	0.02351	0.06031	0.05992	0.03137	0.26677	0.09632	0.01940	0.02970	0.07435	0.08761	0.02237	0.02438	0.04322	0.00905	0.00815	0.00239	0.00966	0.00766	0.00560	0.11824
2	0.28509	0.14777	0.09069	0.01538	0.02166	0.11220	0.01413	0.02770	0.01899	0.08979	0.05367	0.02291	0.04886	0.00968	0.00697	0.00250	0.00898	0.00677	0.00568	0.01059
3	0.02360	0.22558	0.24008	0.02119	0.02890	0.20738	0.02169	0.02862	0.01953	0.02319	0.01363	0.01647	0.01118	0.00893	0.00938	0.00246	0.07712	0.00582	0.00394	0.01129
4	0.02237	0.01913	0.01878	0.01583	0.02080	0.08000	0.01247	0.19989	0.14070	0.03705	0.11668	0.04061	0.14769	0.01349	0.00899	0.00261	0.00767	0.01090	0.00802	0.07634
5	0.01936	0.01492	0.01757	0.01353	0.01982	0.01249	0.01067	0.08328	0.02131	0.06172	0.07880	0.09682	0.02499	0.01045	0.00769	0.00188	0.00646	0.00878	0.00656	0.48288
6	0.01496	0.01545	0.10465	0.01740	0.09815	0.01149	0.01325	0.01958	0.01974	0.02908	0.13749	0.04638	0.17158	0.01598	0.03657	0.00306	0.00709	0.01152	0.21719	0.00939
7	0.12871	0.01920	0.01644	0.01460	0.01881	0.16210	0.01131	0.02776	0.05464	0.13973	0.19009	0.04079	0.11453	0.01337	0.00868	0.00265	0.00797	0.01062	0.00779	0.01020
8	0.01876	0.03211	0.34564	0.02637	0.11839	0.02033	0.02507	0.03067	0.15873	0.02922	0.02401	0.02568	0.04841	0.01016	0.00972	0.00285	0.04777	0.00813	0.00522	0.01275
9	0.01726	0.01456	0.01716	0.01264	0.01957	0.01114	0.01003	0.02117	0.01904	0.02937	0.10439	0.02485	0.02288	0.00809	0.00701	0.00150	0.00612	0.00669	0.00580	0.64071
10	0.01647	0.01550	0.02616	0.67248	0.06008	0.01938	0.02422	0.02229	0.01744	0.02229	0.01550	0.02326	0.01163	0.00872	0.00872	0.00291	0.01163	0.00775	0.00388	0.00969
11	0.01110	0.00779	0.00998	0.01154	0.01192	0.00740	0.00744	0.01227	0.01577	0.02103	0.04330	0.54146	0.05167	0.18184	0.01885	0.00468	0.00585	0.02199	0.00744	0.00667
12	0.01647	0.01550	0.02616	0.67248	0.06008	0.01938	0.02422	0.02229	0.01744	0.02229	0.01550	0.02326	0.01163	0.00872	0.00872	0.00291	0.01163	0.00775	0.00388	0.00969
13	0.01268	0.00846	0.00951	0.00951	0.00951	0.00846	0.00529	0.01268	0.01268	0.01691	0.02748	0.05708	0.03171	0.69345	0.04440	0.00846	0.00846	0.01268	0.00529	0.00529
14	0.03914	0.01484	0.02024	0.01552	0.02227	0.01282	0.01282	0.04251	0.02497	0.64507	0.03441	0.02969	0.02159	0.01080	0.00877	0.00270	0.00742	0.00877	0.01080	0.01484
15	0.01809	0.01550	0.01809	0.01292	0.02067	0.01163	0.01034	0.02196	0.01809	0.02842	0.01550	0.01809	0.01292	0.00646	0.00646	0.00129	0.00646	0.00517	0.00517	0.74677
16	0.03316	0.02443	0.02618	0.02007	0.02705	0.02705	0.01658	0.60995	0.04101	0.05497	0.02094	0.02094	0.01483	0.01047	0.00873	0.00262	0.00960	0.00785	0.00873	0.01483
17	0.01809	0.01550	0.01809	0.01292	0.02067	0.01163	0.01034	0.02196	0.01809	0.02842	0.01550	0.01809	0.01292	0.00646	0.00646	0.00129	0.00646	0.00517	0.00517	0.74677
18	0.02170	0.01874	0.01972	0.01775	0.02268	0.02170	0.01381	0.04635	0.62327	0.03649	0.03550	0.03254	0.02663	0.01183	0.00888	0.00296	0.00690	0.00986	0.00888	0.01381
19	0.75506	0.01687	0.01282	0.01147	0.01687	0.01957	0.00945	0.02564	0.01484	0.03914	0.01215	0.01417	0.00945	0.00810	0.00540	0.00270	0.00675	0.00472	0.00540	0.00945
20	0.01266	0.00857	0.01011	0.01011	0.01031	0.00878	0.00603	0.01307	0.01286	0.01735	0.02694	0.05407	0.03041	0.61061	0.12545	0.00919	0.01042	0.01224	0.00520	0.00562
21	0.01086	0.00776	0.01039	0.01241	0.01302	0.00729	0.00850	0.01255	0.01693	0.02253	0.04795	0.64763	0.05718	0.02711	0.01120	0.00357	0.00526	0.06262	0.00809	0.00715
22	0.01908	0.01908	0.02672	0.02290	0.02290	0.02672	0.01908	0.02099	0.01336	0.02099	0.01145	0.01908	0.01145	0.01527	0.02863	0.00382	0.67748	0.00763	0.00382	0.00954
23	0.01196	0.00890	0.01113	0.01057	0.01280	0.00807	0.00793	0.01572	0.02379	0.03284	0.53193	0.06868	0.18614	0.01863	0.01029	0.00278	0.00417	0.01627	0.00932	0.00807
24	0.75506	0.01687	0.01282	0.01147	0.01687	0.01957	0.00945	0.02564	0.01484	0.03914	0.01215	0.01417	0.00945	0.00810	0.00540	0.00270	0.00675	0.00472	0.00540	0.00945
25	0.75506	0.01687	0.01282	0.01147	0.01687	0.01957	0.00945	0.02564	0.01484	0.03914	0.01215	0.01417	0.00945	0.00810	0.00540	0.00270	0.00675	0.00472	0.00540	0.00945
26	0.01626	0.00813	0.00813	0.00813	0.01016	0.00813	0.00610	0.02033	0.01829	0.03252	0.02846	0.03252	0.02236	0.01016	0.00610	0.00203	0.00407	0.00813	0.74187	0.00813
27	0.01647	0.01550	0.02616	0.67248	0.06008	0.01938	0.02422	0.02229	0.01744	0.02229	0.01550	0.02326	0.01163	0.00872	0.00872	0.00291	0.01163	0.00775	0.00388	0.00969
28	0.02170	0.01874	0.01972	0.01775	0.02268	0.02170	0.01381	0.04635	0.62327	0.03649	0.03550	0.03254	0.02663	0.01183	0.00888	0.00296	0.00690	0.00986	0.00888	0.01381
29	0.01268	0.00846	0.00951	0.00951	0.00951	0.00846	0.00529	0.01268	0.01268	0.01691	0.02748	0.05708	0.03171	0.69345	0.04440	0.00846	0.00846	0.01268	0.00529	0.00529
30	0.01059	0.00773	0.00998	0.01178	0.01256	0.00712	0.00794	0.01219	0.01705	0.02241	0.05249	0.62155	0.12105	0.02675	0.01104	0.00348	0.00499	0.02410	0.00810	0.00712
31	0.01246	0.00935	0.01402	0.01402	0.01558	0.01090	0.01090	0.01558	0.01402	0.02025	0.02336	0.03427	0.02181	0.06542	0.65888	0.01402	0.02336	0.00935	0.00467	0.00779
32	0.03258	0.04157	0.02472	0.02247	0.02697	0.65843	0.01685	0.03483	0.02472	0.02135	0.01348	0.01573	0.01124	0.00899	0.00787	0.00225	0.01573	0.00562	0.00449	0.01011
33	0.01246	0.00935	0.01402	0.01402	0.01558	0.01090	0.01090	0.01558	0.01402	0.02025	0.02336	0.03427	0.02181	0.06542	0.65888	0.01402	0.02336	0.00935	0.00467	0.00779
34	0.01090	0.00935	0.00940	0.00930	0.01235	0.00811	0.00700	0.01427	0.05120	0.02423	0.08562	0.08128	0.60389	0.02156	0.01023	0.00295	0.00455	0.01797	0.00814	0.00770
35	0.01063	0.00759	0.01012	0.01215	0.01265	0.00709	0.00810	0.01215	0.01670	0.02227	0.04808	0.68775	0.05769	0.02733	0.01113	0.00354	0.00506	0.02480	0.00810	0.00709
36	0.03652	0.01905	0.02285	0.01751	0.02436	0.01906	0.01447	0.29135	0.03200	0.38630	0.02851	0.02585	0.01863	0.01065	0.00875	0.00266	0.00838	0.00837	0.00989	0.01484
37	0.02154	0.02087	0.03623	0.05268	0.60843	0.02079	0.05671	0.02683	0.01990	0.02847	0.01647	0.02169	0.01379	0.00775	0.00872	0.00261	0.01059	0.00790	0.00432	0.01371
38	0.02064	0.02338	0.05062	0.03766	0.07716	0.02199	0.57647	0.02788	0.02055	0.02797	0.01758	0.02343	0.01327	0.00738	0.01021	0.00292	0.01447	0.01016	0.00441	0.01187
39	0.01293	0.00923	0.01276	0.01477	0.01629	0.00907	0.01209	0.01612	0.01897	0.02484	0.04681	0.29259	0.05267	0.02516	0.01175	0.00386	0.00705	0.39727	0.00805	0.00772
40	0.02812	0.03312	0.02905	0.03507	0.27523	0.39976	0.02088	0.03156	0.02275	0.02425	0.01467	0.01811	0.01228	0.00850	0.00818	0.00239	0.01355	0.00649	0.00442	0.01162
41	0.75506	0.01687	0.01282	0.01147	0.01687	0.01957	0.00945	0.02564	0.01484	0.03914	0.01215	0.01417	0.00945	0.00810	0.00540	0.00270	0.00675	0.00472	0.00540	0.00945
42	0.02637	0.02069	0.02529	0.02589	0.16626	0.02199	0.01720	0.36424	0.03250	0.04374	0.06723	0.03157	0.09428	0.01173	0.00900	0.00266	0.00880	0.00962	0.00768	0.01327
43	0.01097	0.00786	0.01043	0.01191	0.01273	0.00731	0.00812	0.01301	0.01830	0.02481	0.16521	0.56339	0.06261	0.02543	0.01096	0.00338	0.00487	0.02300	0.00840	0.00731
44	0.01043	0.00884	0.00900	0.00896	0.01185	0.00741	0.00672	0.01275	0.02016	0.02422	0.11996	0.08286	0.60349	0.02184	0.01031	0.00293	0.00440	0.01826	0.00819	0.00741
45	0.01121	0.00784	0.00995	0.01139	0.01176	0.00748	0.00729	0.01230	0.01555	0.02074	0.04220	0.50780	0.05028	0.21739	0.02062	0.00494	0.00603	0.02134	0.00729	0.00657
46	0.01647	0.01550	0.02616	0.67248	0.06008	0.01938	0.02422	0.02229	0.01744	0.02229	0.01550	0.02326	0.01163	0.00872	0.00872	0.00291	0.01163	0.00775	0.00388	0.00969
47	0.01147	0.00811	0.01069	0.01245	0.01313	0.00775	0.00871	0.01320	0.01673	0.02220	0.04505	0.50706	0.05303	0.11466	0.01567	0.00427	0.00600	0.11511	0.00772	0.00700
48	0.01750	0.04512	0.64825	0.02486	0.03775	0.02026	0.03223	0.02762	0.01842	0.02762	0.01565	0.01842	0.01105	0.00829	0.00829	0.00276	0.01289	0.00645	0.00368	0.01289
49	0.02332	0.69869	0.04571	0.01493	0.02239	0.03451	0.01493	0.02612	0.01772	0.02052	0.01213	0.01399	0.01119	0.00746	0.00560	0.00187	0.00933	0.00466	0.00373	0.01119
50	0.02170	0.01874	0.01972	0.01775	0.02268	0.02170	0.01381	0.04635	0.62327	0.03649	0.03550	0.03254	0.02663	0.01183	0.00888	0.00296	0.00690	0.00986	0.00888	0.01381
51	0.02332	0.69869	0.04571	0.01493	0.02239	0.03451	0.01493	0.02612	0.01772	0.02052	0.01213	0.01399	0.01119	0.00746	0.00560	0.00187	0.00933	0.00466	0.00373	0.01119
52	0.01745	0.01146	0.01359	0.01256	0.01607	0.01097	0.00988	0.02409	0.11745	0.12413	0.21708	0.06378	0.23646	0.01777	0.01001	0.00296	0.00554	0.06988	0.00904	0.00983
53	0.02369	0.06587	0.16859	0.06913	0.26664	0.16954	0.02437	0.06110	0.02161	0.02738	0.01555	0.01919	0.01241	0.00835	0.00823	0.00253	0.01214	0.00682	0.00441	0.01245
54	0.01647	0.01550	0.02616	0.67248	0.06008	0.01938	0.02422	0.02229	0.01744	0.02229	0.01550	0.02326	0.01163	0.00872	0.00872	0.00291	0.01163	0.00775	0.00388	0.00969
55	0.03258	0.04157	0.02472	0.02247	0.02697	0.65843	0.01685	0.03483	0.02472	0.02135	0.01348	0.01573	0.01124	0.00899	0.00787	0.00225	0.01573	0.00562	0.00449	0.01011
56	0.02725	0.01806	0.02031	0.01730	0.02287	0.01963	0.01373	0.08367	0.41987	0.20433	0.03421	0.03097	0.02445	0.01146	0.00884	0.00286	0.00723	0.00943	0.00939	0.01416
57	0.02094	0.02110	0.03839	0.08359	0.33896	0.02119	0.21649	0.02902	0.08611	0.02879	0.01885	0.02354	0.01489	0.00814	0.00921	0.00277	0.01150	0.00883	0.00482	0.01288
58	0.02261	0.43576	0.22128	0.01852	0.02741	0.06081	0.02022	0.05957	0.01957	0.02458	0.01373	0.01577	0.01136	0.00795	0.00668	0.00219	0.01071	0.00541	0.00403	0.01184
59	0.03316	0.02443	0.02618	0.02007	0.02705	0.02705	0.01658	0.60995	0.04101	0.05497	0.02094	0.02094	0.01483	0.01047	0.00873	0.00262	0.00960	0.00785	0.00873	0.01483
60	0.01168	0.00814	0.01035	0.01171	0.01221	0.00786	0.00782	0.01297	0.01575	0.02092	0.04108	0.41532	0.04831	0.24647	0.02219	0.00521	0.00651	0.08172	0.00716	0.00660
61	0.02714	0.15931	0.02907	0.05354	0.02662	0.17831	0.01674	0.21306	0.02601	0.03186	0.01598	0.01894	0.01302	0.01315	0.04690	0.00320	0.10324	0.00674	0.00558	0.01160
62	0.01750	0.04512	0.64825	0.02486	0.03775	0.02026	0.03223	0.02762	0.01842	0.02762	0.01565	0.01842	0.01105	0.00829	0.00829	0.00276	0.01289	0.00645	0.00368	0.01289
63	0.01031	0.00884	0.00884	0.00884	0.01178	0.00736	0.00663	0.01252	0.01988	0.02356	0.08837	0.08395	0.63549	0.02209	0.01031	0.00295	0.00442	0.01841	0.00810	0.00736
64	0.01128	0.00899	0.01018	0.01021	0.01281	0.00789	0.00788	0.01421	0.02122	0.02697	0.23321	0.08039	0.41990	0.02115	0.01049	0.00301	0.00473	0.07930	0.00850	0.00767
65	0.02304	0.02348	0.03400	0.04944	0.55830	0.10484	0.02546	0.02783	0.02050	0.02755	0.01602	0.02082	0.01348	0.00793	0.00853	0.00255	0.01107	0.00749	0.00434	0.01333
66	0.02332	0.69869	0.04571	0.01493	0.02239	0.03451	0.01493	0.02612	0.01772	0.02052	0.01213	0.01399	0.01119	0.00746	0.00560	0.00187	0.00933	0.00466	0.00373	0.01119
67	0.01063	0.00759	0.01012	0.01215	0.01265	0.00709	0.00810	0.01215	0.01670	0.02227	0.04808	0.68775	0.05769	0.02733	0.01113	0.00354	0.00506	0.02480	0.00810	0.00709
68	0.02059	0.02061	0.03073	0.29671	0.35128	0.08017	0.02483	0.02575	0.01936	0.02536	0.01577	0.02170	0.01270	0.00826	0.00860	0.00268	0.01137	0.00756	0.00416	0.01183
69	0.01515	0.00758	0.01136	0.01136	0.01136	0.00758	0.00758	0.01136	0.01136	0.01515	0.01515	0.02652	0.01515	0.03030	0.03409	0.74621	0.00758	0.00758	0.00379	0.00379
70	0.01142	0.00816	0.01103	0.01305	0.01391	0.00777	0.00948	0.01352	0.01748	0.02316	0.04764	0.55104	0.05595	0.02658	0.01135	0.00365	0.00575	0.15366	0.00808	0.00730
71	0.03031	0.07344	0.02666	0.06567	0.07051	0.54104	0.01790	0.03302	0.02355	0.02185	0.01374	0.01652	0.01143	0.00881	0.00785	0.00229	0.01476	0.00585	0.00440	0.01040
72	0.01063	0.00759	0.01012	0.01215	0.01265	0.00709	0.00810	0.01215	0.01670	0.02227	0.04808	0.68775	0.05769	0.02733	0.01113	0.00354	0.00506	0.02480	0.00810	0.00709
73	0.02718	0.25612	0.03074	0.01779	0.02394	0.13865	0.01512	0.19825	0.11264	0.03349	0.01910	0.01992	0.01504	0.00936	0.00739	0.00231	0.00991	0.00667	0.04410	0.01227
74	0.01515	0.00758	0.01136	0.01136	0.01136	0.00758	0.00758	0.01136	0.01136	0.01515	0.01515	0.02652	0.01515	0.03030	0.03409	0.74621	0.00758	0.00758	0.00379	0.00379
75	0.02332	0.69869	0.04571	0.01493	0.02239	0.03451	0.01493	0.02612	0.01772	0.02052	0.01213	0.01399	0.01119	0.00746	0.00560	0.00187	0.00933	0.00466	0.00373	0.01119
76	0.01750	0.04512	0.64825	0.02486	0.03775	0.02026	0.03223	0.02762	0.01842	0.02762	0.01565	0.01842	0.01105	0.00829	0.00829	0.00276	0.01289	0.00645	0.00368	0.01289
77	0.75506	0.01687	0.01282	0.01147	0.01687	0.01957	0.00945	0.02564	0.01484	0.03914	0.01215	0.01417	0.00945	0.00810	0.00540	0.00270	0.00675	0.00472	0.00540	0.00945

[dist]
# distance from previous block
# <min> <max>
0	8

[block]
# block no. 2 follows, 20 sequences, length 268
# corresponding to MSA columns:
# 164-431
name=unknown_C
#
# <colnr> <probs for GDERKNQSTAVLIFYWHMCP>
#	G	D	E	R	K	N	Q	S	T	A	V	L	I	F	Y	W	H	M	C	P
0	0.01809	0.01550	0.01809	0.01292	0.02067	0.01163	0.01034	0.02196	0.01809	0.02842	0.01550	0.01809	0.01292	0.00646	0.00646	0.00129	0.00646	0.00517	0.00517	0.74677
1	0.01246	0.00935	0.01402	0.01402	0.01558	0.01090	0.01090	0.01558	0.01402	0.02025	0.02336	0.03427	0.02181	0.06542	0.65888	0.01402	0.02336	0.00935	0.00467	0.00779
2	0.02083	0.01993	0.03363	0.05055	0.59703	0.01983	0.02542	0.02582	0.01986	0.02817	0.02123	0.02576	0.05545	0.00873	0.00875	0.00261	0.00996	0.00848	0.00457	0.01338
3	0.02059	0.02353	0.05147	0.03676	0.04559	0.02206	0.60735	0.02794	0.02059	0.02794	0.01765	0.02353	0.01324	0.00735	0.01029	0.00294	0.01471	0.01029	0.00441	0.01176
4	0.03316	0.02443	0.02618	0.02007	0.02705	0.02705	0.01658	0.60995	0.04101	0.05497	0.02094	0.02094	0.01483	0.01047	0.00873	0.00262	0.00960	0.00785	0.00873	0.01483
5	0.01770	0.04367	0.60829	0.02566	0.03828	0.02038	0.07074	0.02765	0.01856	0.02765	0.01579	0.01876	0.01120	0.00822	0.00842	0.00277	0.01301	0.00670	0.00373	0.01282
6	0.02384	0.02525	0.03243	0.08038	0.46603	0.16776	0.02434	0.02838	0.02085	0.02651	0.01568	0.02033	0.01310	0.00810	0.00846	0.00253	0.01167	0.00727	0.00433	0.01274
7	0.08788	0.00982	0.01044	0.01074	0.01358	0.00915	0.00846	0.01509	0.01949	0.02620	0.10079	0.11156	0.40056	0.02107	0.01017	0.00314	0.00534	0.12089	0.00789	0.00773
8	0.01780	0.04303	0.59038	0.02602	0.03851	0.02043	0.08800	0.02766	0.01863	0.02766	0.01585	0.01891	0.01126	0.00820	0.00848	0.00278	0.01307	0.00682	0.00375	0.01278
9	0.01335	0.01077	0.01612	0.02157	0.15719	0.01036	0.01242	0.01600	0.01831	0.02511	0.10550	0.46535	0.05029	0.02177	0.01046	0.00323	0.00618	0.01987	0.00739	0.00876
10	0.01246	0.00935	0.01402	0.01402	0.01558	0.01090	0.01090	0.01558	0.01402	0.02025	0.02336	0.03427	0.02181	0.06542	0.65888	0.01402	0.02336	0.00935	0.00467	0.00779
11	0.02131	0.02044	0.03489	0.08786	0.60693	0.02065	0.02663	0.02652	0.01973	0.02815	0.01636	0.02168	0.01370	0.00782	0.00864	0.00261	0.01043	0.00777	0.00429	0.01359
12	0.02193	0.02371	0.11667	0.04522	0.46999	0.02035	0.05177	0.02871	0.04894	0.06141	0.01823	0.02220	0.01445	0.00818	0.00868	0.00265	0.01057	0.00786	0.00480	0.01366
13	0.01031	0.00884	0.00884	0.00884	0.01178	0.00736	0.00663	0.01252	0.01988	0.02356	0.08837	0.08395	0.63549	0.02209	0.01031	0.00295	0.00442	0.01841	0.00810	0.00736
14	0.03914	0.01484	0.02024	0.01552	0.02227	0.01282	0.01282	0.04251	0.02497	0.64507	0.03441	0.02969	0.02159	0.01080	0.00877	0.00270	0.00742	0.00877	0.01080	0.01484
15	0.01952	0.08912	0.02867	0.02208	0.02285	0.02752	0.01866	0.02152	0.01381	0.02094	0.01152	0.01856	0.01142	0.01446	0.02625	0.00362	0.60863	0.00733	0.00381	0.00971
16	0.02057	0.31470	0.28081	0.02373	0.05947	0.02652	0.10902	0.02700	0.01851	0.02473	0.01450	0.01745	0.01155	0.00778	0.00747	0.00241	0.01155	0.00632	0.00384	0.01206
17	0.01234	0.00831	0.00962	0.00996	0.01005	0.00822	0.00576	0.01259	0.01337	0.01782	0.03097	0.16394	0.03611	0.58058	0.03876	0.00762	0.00788	0.01474	0.00576	0.00559
18	0.01221	0.00891	0.01147	0.01083	0.01295	0.00817	0.00812	0.01620	0.02437	0.03422	0.59818	0.06641	0.11903	0.01812	0.01029	0.00276	0.00414	0.01595	0.00950	0.00817
19	0.02349	0.02979	0.13672	0.04134	0.39251	0.17135	0.02535	0.02882	0.02076	0.02666	0.01559	0.01967	0.01274	0.00815	0.00839	0.00254	0.01206	0.00704	0.00425	0.01278
20	0.01794	0.03824	0.47830	0.09371	0.04144	0.02049	0.13340	0.02713	0.01870	0.02713	0.01599	0.01982	0.01150	0.00817	0.00869	0.00281	0.01308	0.00726	0.00383	0.01236
21	0.70567	0.01876	0.05537	0.01237	0.01827	0.01961	0.01097	0.02577	0.01508	0.03837	0.01238	0.01445	0.00955	0.00811	0.00559	0.00270	0.00716	0.00484	0.00528	0.00968
22	0.02136	0.02049	0.03499	0.08135	0.61302	0.02066	0.02666	0.02657	0.01975	0.02822	0.01637	0.02166	0.01372	0.00781	0.00864	0.00260	0.01042	0.00777	0.00430	0.01363
23	0.03914	0.01484	0.02024	0.01552	0.02227	0.01282	0.01282	0.04251	0.02497	0.64507	0.03441	0.02969	0.02159	0.01080	0.00877	0.00270	0.00742	0.00877	0.01080	0.01484
24	0.01246	0.00935	0.01402	0.01402	0.01558	0.01090	0.01090	0.01558	0.01402	0.02025	0.02336	0.03427	0.02181	0.06542	0.65888	0.01402	0.02336	0.00935	0.00467	0.00779
25	0.01242	0.00857	0.01062	0.01082	0.01124	0.00888	0.00687	0.01330	0.01341	0.01823	0.02866	0.11681	0.03210	0.47993	0.18272	0.00923	0.01155	0.01316	0.00543	0.00605
26	0.01626	0.00813	0.00813	0.00813	0.01016	0.00813	0.00610	0.02033	0.01829	0.03252	0.02846	0.03252	0.02236	0.01016	0.00610	0.00203	0.00407	0.00813	0.74187	0.00813
27	0.01268	0.00846	0.00951	0.00951	0.00951	0.00846	0.00529	0.01268	0.01268	0.01691	0.02748	0.05708	0.03171	0.69345	0.04440	0.00846	0.00846	0.01268	0.00529	0.00529
28	0.01626	0.00813	0.00813	0.00813	0.01016	0.00813	0.00610	0.02033	0.01829	0.03252	0.02846	0.03252	0.02236	0.01016	0.00610	0.00203	0.00407	0.00813	0.74187	0.00813
29	0.02540	0.02058	0.02181	0.01850	0.02409	0.02343	0.01470	0.22857	0.43502	0.04247	0.03080	0.02879	0.02281	0.01139	0.00883	0.00285	0.00777	0.00921	0.00883	0.01414
30	0.02159	0.02073	0.03541	0.05354	0.63903	0.02073	0.02677	0.02677	0.01986	0.02850	0.01641	0.02159	0.01382	0.00777	0.00864	0.00259	0.01036	0.00777	0.00432	0.01382
31	0.02167	0.41983	0.26805	0.01903	0.02834	0.06382	0.02145	0.02716	0.01837	0.02320	0.01351	0.01573	0.01114	0.00785	0.00672	0.00222	0.01100	0.00538	0.00376	0.01176
32	0.01781	0.04289	0.58675	0.02609	0.03856	0.02044	0.09149	0.02766	0.01864	0.02766	0.01586	0.01894	0.01127	0.00819	0.00849	0.00278	0.01308	0.00684	0.00376	0.01278
33	0.01063	0.00759	0.01012	0.01215	0.01265	0.00709	0.00810	0.01215	0.01670	0.02227	0.04808	0.68775	0.05769	0.02733	0.01113	0.00354	0.00506	0.02480	0.00810	0.00709
34	0.02877	0.03030	0.03024	0.07063	0.09501	0.28241	0.10483	0.19087	0.02762	0.03239	0.01659	0.01942	0.01281	0.00901	0.00860	0.00253	0.01306	0.00729	0.00559	0.01201
35	0.01903	0.04099	0.54796	0.02643	0.06400	0.02000	0.06947	0.02840	0.01897	0.06040	0.01681	0.01950	0.01188	0.00833	0.00846	0.00276	0.01261	0.00689	0.00414	0.01296
36	0.01995	0.01892	0.03158	0.04715	0.54715	0.01875	0.02389	0.02466	0.01971	0.02771	0.02496	0.06066	0.07628	0.01013	0.00892	0.00267	0.00952	0.00965	0.00487	0.01286
37	0.02159	0.02073	0.03541	0.05354	0.63903	0.02073	0.02677	0.02677	0.01986	0.02850	0.01641	0.02159	0.01382	0.00777	0.00864	0.00259	0.01036	0.00777	0.00432	0.01382
38	0.01750	0.04512	0.64825	0.02486	0.03775	0.02026	0.03223	0.02762	0.01842	0.02762	0.01565	0.01842	0.01105	0.00829	0.00829	0.00276	0.01289	0.00645	0.00368	0.01289
39	0.01902	0.01708	0.02812	0.04075	0.42715	0.01708	0.02243	0.02380	0.01994	0.02768	0.02657	0.04780	0.02623	0.01334	0.00980	0.00308	0.00957	0.20313	0.00559	0.01184
40	0.03212	0.01902	0.05547	0.01733	0.02394	0.01783	0.01472	0.12594	0.19668	0.35203	0.03172	0.02860	0.02145	0.01091	0.00877	0.00276	0.00789	0.00882	0.00956	0.01444
41	0.02119	0.02016	0.03427	0.05155	0.60613	0.02016	0.02610	0.02631	0.01987	0.02837	0.01799	0.02566	0.01574	0.00864	0.00882	0.00267	0.01024	0.03811	0.00451	0.01351
42	0.02024	0.01102	0.01539	0.05814	0.02028	0.01053	0.01243	0.02351	0.02059	0.19938	0.07220	0.23499	0.04334	0.01990	0.01056	0.00337	0.00707	0.19862	0.00863	0.00981
43	0.02208	0.01310	0.01675	0.01588	0.01974	0.01300	0.01339	0.08626	0.06361	0.17345	0.06828	0.06793	0.06880	0.01842	0.01057	0.00339	0.00762	0.29818	0.00887	0.01067
44	0.01897	0.01805	0.03067	0.37067	0.34239	0.02004	0.02547	0.02447	0.01862	0.02532	0.01594	0.02244	0.01270	0.00826	0.00868	0.00275	0.01101	0.00776	0.00409	0.01170
45	0.02163	0.02004	0.03004	0.04129	0.42802	0.02106	0.02233	0.03347	0.22645	0.03123	0.02295	0.02534	0.01820	0.00916	0.00872	0.00272	0.00918	0.00849	0.00588	0.01381
46	0.02159	0.02073	0.03541	0.05354	0.63903	0.02073	0.02677	0.02677	0.01986	0.02850	0.01641	0.02159	0.01382	0.00777	0.00864	0.00259	0.01036	0.00777	0.00432	0.01382
47	0.01246	0.00935	0.01402	0.01402	0.01558	0.01090	0.01090	0.01558	0.01402	0.02025	0.02336	0.03427	0.02181	0.06542	0.65888	0.01402	0.02336	0.00935	0.00467	0.00779
48	0.01679	0.01305	0.01406	0.01317	0.01691	0.01341	0.01005	0.02795	0.26027	0.06984	0.05957	0.12209	0.29264	0.01779	0.00972	0.00300	0.00567	0.01502	0.00859	0.01040
49	0.01246	0.00935	0.01402	0.01402	0.01558	0.01090	0.01090	0.01558	0.01402	0.02025	0.02336	0.03427	0.02181	0.06542	0.65888	0.01402	0.02336	0.00935	0.00467	0.00779
50	0.02468	0.60239	0.04263	0.01603	0.02306	0.12595	0.01521	0.02740	0.01875	0.02064	0.01233	0.01425	0.01120	0.00769	0.00593	0.00192	0.01027	0.00480	0.00384	0.01104
51	0.01675	0.01604	0.02786	0.62991	0.05911	0.01956	0.06327	0.02267	0.01765	0.02267	0.01565	0.02327	0.01174	0.00863	0.00883	0.00291	0.01183	0.00792	0.00391	0.00983
52	0.02475	0.01905	0.02776	0.03548	0.33483	0.01962	0.02020	0.03575	0.21099	0.14089	0.02564	0.02649	0.01924	0.00959	0.00874	0.00273	0.00875	0.00861	0.00691	0.01400
53	0.01626	0.00813	0.00813	0.00813	0.01016	0.00813	0.00610	0.02033	0.01829	0.03252	0.02846	0.03252	0.02236	0.01016	0.00610	0.00203	0.00407	0.00813	0.74187	0.00813
54	0.01647	0.01550	0.02616	0.67248	0.06008	0.01938	0.02422	0.02229	0.01744	0.02229	0.01550	0.02326	0.01163	0.00872	0.00872	0.00291	0.01163	0.00775	0.00388	0.00969
55	0.02115	0.33808	0.03206	0.01680	0.02130	0.11051	0.01472	0.02384	0.01709	0.02063	0.01513	0.02019	0.01399	0.02378	0.17853	0.00534	0.10643	0.00642	0.00409	0.00994
56	0.01113	0.00795	0.01070	0.01272	0.01345	0.00752	0.00897	0.01301	0.01720	0.02283	0.04780	0.60138	0.05659	0.02685	0.01127	0.00361	0.00550	0.10621	0.00809	0.00722
57	0.03069	0.03342	0.02381	0.02065	0.02575	0.40567	0.01594	0.19409	0.06065	0.03166	0.02170	0.02260	0.05449	0.01042	0.00832	0.00243	0.01280	0.00731	0.00614	0.01144
58	0.02507	0.35053	0.14080	0.01922	0.02646	0.19576	0.01864	0.05738	0.02064	0.02368	0.01349	0.01578	0.01137	0.00850	0.00784	0.00224	0.04160	0.00551	0.00418	0.01130
59	0.01823	0.10338	0.55360	0.02474	0.03687	0.02168	0.06883	0.02751	0.01850	0.02700	0.01546	0.01835	0.01121	0.00815	0.00817	0.00269	0.01269	0.00654	0.00374	0.01266
60	0.01601	0.01536	0.05030	0.01897	0.06181	0.01423	0.07071	0.02509	0.15981	0.02963	0.13376	0.05866	0.17636	0.01639	0.01007	0.00308	0.00741	0.11446	0.00766	0.01023
61	0.01101	0.00886	0.00980	0.00957	0.01221	0.00766	0.00718	0.01387	0.02153	0.02747	0.27532	0.07751	0.44610	0.02063	0.01030	0.00288	0.00431	0.01751	0.00861	0.00766
62	0.02469	0.02741	0.03495	0.04145	0.35630	0.21076	0.12219	0.02937	0.02143	0.02628	0.01575	0.02017	0.01295	0.00806	0.00869	0.00255	0.01270	0.00756	0.00439	0.01237
63	0.02004	0.02181	0.07797	0.07582	0.34477	0.01996	0.18599	0.02607	0.01986	0.02773	0.01954	0.02945	0.01689	0.00932	0.00941	0.00285	0.01157	0.06390	0.00464	0.01241
64	0.01922	0.01848	0.01903	0.02099	0.10866	0.15700	0.01390	0.02231	0.01778	0.02335	0.02054	0.02873	0.01847	0.07518	0.24683	0.00702	0.05055	0.00823	0.11457	0.00917
65	0.01122	0.00811	0.01074	0.01263	0.01356	0.00763	0.00906	0.01323	0.01752	0.02304	0.05041	0.54234	0.09471	0.02640	0.01124	0.00359	0.00555	0.12366	0.00809	0.00727
66	0.18941	0.02400	0.18114	0.06244	0.02793	0.01883	0.04899	0.13243	0.02167	0.03412	0.02253	0.12699	0.02080	0.01240	0.00847	0.00293	0.00940	0.03851	0.00598	0.01103
67	0.01862	0.03180	0.32342	0.03087	0.11775	0.02022	0.17695	0.02639	0.01905	0.02734	0.01876	0.02731	0.01549	0.00976	0.01026	0.00295	0.04780	0.05879	0.00435	0.01212
68	0.05979	0.06960	0.05873	0.03100	0.18334	0.34017	0.08046	0.03087	0.02196	0.02487	0.01461	0.01797	0.01200	0.00836	0.00809	0.00243	0.01339	0.00659	0.00440	0.01137
69	0.01922	0.01826	0.03022	0.13324	0.46643	0.01858	0.02346	0.02406	0.01953	0.02691	0.02683	0.03096	0.10462	0.01000	0.00889	0.00269	0.00967	0.00933	0.00481	0.01230
70	0.01893	0.01423	0.01954	0.01607	0.02109	0.01274	0.07189	0.06135	0.05005	0.08816	0.03041	0.25713	0.03041	0.01487	0.00900	0.00256	0.00714	0.01339	0.00709	0.25395
71	0.01246	0.00935	0.01402	0.01402	0.01558	0.01090	0.01090	0.01558	0.01402	0.02025	0.02336	0.03427	0.02181	0.06542	0.65888	0.01402	0.02336	0.00935	0.00467	0.00779
72	0.02572	0.01784	0.01984	0.01724	0.02259	0.01965	0.01358	0.04547	0.48525	0.17688	0.03525	0.03189	0.02547	0.01159	0.00885	0.00290	0.00702	0.00961	0.00932	0.01405
73	0.01031	0.00884	0.00884	0.00884	0.01178	0.00736	0.00663	0.01252	0.01988	0.02356	0.08837	0.08395	0.63549	0.02209	0.01031	0.00295	0.00442	0.01841	0.00810	0.00736
74	0.01647	0.01550	0.02616	0.67248	0.06008	0.01938	0.02422	0.02229	0.01744	0.02229	0.01550	0.02326	0.01163	0.00872	0.00872	0.00291	0.01163	0.00775	0.00388	0.00969
75	0.01267	0.00851	0.00976	0.00976	0.00985	0.00859	0.00559	0.01284	0.01276	0.01710	0.02726	0.05583	0.03117	0.65894	0.07816	0.00876	0.00928	0.01250	0.00525	0.00542
76	0.02041	0.01952	0.03327	0.19659	0.50522	0.02041	0.02618	0.02573	0.01930	0.02706	0.01620	0.02197	0.01331	0.00799	0.00866	0.00266	0.01066	0.00777	0.00422	0.01286
77	0.03316	0.02443	0.02618	0.02007	0.02705	0.02705	0.01658	0.60995	0.04101	0.05497	0.02094	0.02094	0.01483	0.01047	0.00873	0.00262	0.00960	0.00785	0.00873	0.01483
78	0.01809	0.01550	0.01809	0.01292	0.02067	0.01163	0.01034	0.02196	0.01809	0.02842	0.01550	0.01809	0.01292	0.00646	0.00646	0.00129	0.00646	0.00517	0.00517	0.74677
79	0.01330	0.01102	0.01214	0.01209	0.01499	0.01098	0.00917	0.02070	0.15706	0.02624	0.06378	0.15811	0.33942	0.02352	0.05363	0.00383	0.00654	0.04656	0.00804	0.00886
80	0.37529	0.09471	0.08085	0.02119	0.11235	0.13465	0.01599	0.02767	0.01796	0.03143	0.01333	0.01591	0.01073	0.00816	0.00660	0.00252	0.00971	0.00548	0.00475	0.01071
81	0.01647	0.01550	0.02616	0.67248	0.06008	0.01938	0.02422	0.02229	0.01744	0.02229	0.01550	0.02326	0.01163	0.00872	0.00872	0.00291	0.01163	0.00775	0.00388	0.00969
82	0.02189	0.02154	0.03433	0.08621	0.57450	0.05444	0.02610	0.02695	0.01999	0.02777	0.01620	0.02137	0.01356	0.00789	0.00860	0.00259	0.01072	0.00766	0.00430	0.01339
83	0.01069	0.00885	0.00936	0.00923	0.01201	0.00752	0.00692	0.01325	0.02077	0.02567	0.18926	0.08048	0.53329	0.02130	0.01031	0.00291	0.00436	0.01792	0.00838	0.00752
84	0.01355	0.01115	0.01219	0.01153	0.01467	0.01093	0.00876	0.02151	0.16077	0.02995	0.23868	0.06647	0.33011	0.01845	0.00997	0.00289	0.00490	0.01565	0.00873	0.00911
85	0.01063	0.00759	0.01012	0.01215	0.01265	0.00709	0.00810	0.01215	0.01670	0.02227	0.04808	0.68775	0.05769	0.02733	0.01113	0.00354	0.00506	0.02480	0.00810	0.00709
86	0.02669	0.06534	0.03117	0.03729	0.32868	0.28245	0.02163	0.05619	0.02268	0.02634	0.01519	0.01876	0.01267	0.00837	0.00816	0.00241	0.01247	0.00673	0.00456	0.01221
87	0.02332	0.69869	0.04571	0.01493	0.02239	0.03451	0.01493	0.02612	0.01772	0.02052	0.01213	0.01399	0.01119	0.00746	0.00560	0.00187	0.00933	0.00466	0.00373	0.01119
88	0.01067	0.00887	0.00916	0.00926	0.01196	0.00758	0.00693	0.01282	0.01941	0.02325	0.08205	0.08291	0.56405	0.06715	0.01268	0.00337	0.00488	0.04780	0.00791	0.00726
89	0.01063	0.00759	0.01012	0.01215	0.01265	0.00709	0.00810	0.01215	0.01670	0.02227	0.04808	0.68775	0.05769	0.02733	0.01113	0.00354	0.00506	0.02480	0.00810	0.00709
90	0.02131	0.02044	0.03489	0.08786	0.60693	0.02065	0.02663	0.02652	0.01973	0.02815	0.01636	0.02168	0.01370	0.00782	0.00864	0.00261	0.01043	0.00777	0.00429	0.01359
91	0.13798	0.03703	0.02345	0.02224	0.05258	0.53657	0.01621	0.03313	0.02306	0.02427	0.01342	0.01576	0.01109	0.00880	0.00754	0.00233	0.01418	0.00558	0.00462	0.01018
92	0.02606	0.13909	0.24127	0.02218	0.02999	0.34851	0.02183	0.03109	0.02154	0.02338	0.01403	0.01640	0.01117	0.00852	0.00768	0.00237	0.01382	0.00576	0.00410	0.01122
93	0.01031	0.00884	0.00884	0.00884	0.01178	0.00736	0.00663	0.01252	0.01988	0.02356	0.08837	0.08395	0.63549	0.02209	0.01031	0.00295	0.00442	0.01841	0.00810	0.00736
94	0.01503	0.02250	0.22469	0.01615	0.02248	0.01412	0.01672	0.02388	0.11404	0.03007	0.20663	0.04894	0.18025	0.01472	0.00941	0.00283	0.00755	0.01237	0.00716	0.01044
95	0.02198	0.54792	0.18471	0.01722	0.02593	0.03123	0.01892	0.02647	0.01788	0.02216	0.01294	0.01501	0.01116	0.00765	0.00622	0.00207	0.01015	0.00508	0.00372	0.01159
96	0.01951	0.02039	0.10929	0.01600	0.02138	0.04569	0.01440	0.15867	0.09328	0.03595	0.20591	0.04565	0.14887	0.01444	0.00937	0.00276	0.00757	0.01194	0.00794	0.01099
97	0.01235	0.00892	0.01166	0.01097	0.01303	0.00823	0.00823	0.01646	0.02469	0.03498	0.63443	0.06516	0.08230	0.01783	0.01029	0.00274	0.00412	0.01578	0.00960	0.00823
98	0.02518	0.25123	0.03061	0.02167	0.08643	0.29143	0.01596	0.02780	0.02074	0.02195	0.01841	0.11425	0.01830	0.01105	0.00768	0.00235	0.01150	0.00834	0.00475	0.01041
99	0.01750	0.04512	0.64825	0.02486	0.03775	0.02026	0.03223	0.02762	0.01842	0.02762	0.01565	0.01842	0.01105	0.00829	0.00829	0.00276	0.01289	0.00645	0.00368	0.01289
100	0.02332	0.69869	0.04571	0.01493	0.02239	0.03451	0.01493	0.02612	0.01772	0.02052	0.01213	0.01399	0.01119	0.00746	0.00560	0.00187	0.00933	0.00466	0.00373	0.01119
101	0.01268	0.00846	0.00951	0.00951	0.00951	0.00846	0.00529	0.01268	0.01268	0.01691	0.02748	0.05708	0.03171	0.69345	0.04440	0.00846	0.00846	0.01268	0.00529	0.00529
102	0.01042	0.00884	0.00899	0.00895	0.01185	0.00741	0.00672	0.01274	0.02015	0.02419	0.11837	0.08291	0.60510	0.02186	0.01031	0.00293	0.00440	0.01826	0.00818	0.00741
103	0.01031	0.00884	0.00884	0.00884	0.01178	0.00736	0.00663	0.01252	0.01988	0.02356	0.08837	0.08395	0.63549	0.02209	0.01031	0.00295	0.00442	0.01841	0.00810	0.00736
104	0.01063	0.00759	0.01012	0.01215	0.01265	0.00709	0.00810	0.01215	0.01670	0.02227	0.04808	0.68775	0.05769	0.02733	0.01113	0.00354	0.00506	0.02480	0.00810	0.00709
105	0.01682	0.01585	0.02678	0.63103	0.09885	0.01947	0.02440	0.02259	0.01760	0.02270	0.01556	0.02314	0.01177	0.00866	0.00872	0.00289	0.01154	0.00775	0.00391	0.00997
106	0.03316	0.02443	0.02618	0.02007	0.02705	0.02705	0.01658	0.60995	0.04101	0.05497	0.02094	0.02094	0.01483	0.01047	0.00873	0.00262	0.00960	0.00785	0.00873	0.01483
107	0.02945	0.26540	0.03200	0.01973	0.02540	0.40254	0.01618	0.07036	0.02342	0.02332	0.01352	0.01548	0.01146	0.00857	0.00715	0.00214	0.01313	0.00544	0.00452	0.01080
108	0.02065	0.02081	0.11295	0.02152	0.09017	0.01888	0.01689	0.18250	0.02238	0.03113	0.02052	0.03057	0.01864	0.17523	0.10563	0.00563	0.08056	0.00893	0.00566	0.01075
109	0.01834	0.01336	0.01562	0.01486	0.01758	0.01392	0.01100	0.21681	0.02502	0.03346	0.03879	0.45946	0.04302	0.02156	0.01031	0.00323	0.00661	0.01900	0.00831	0.00974
110	0.01809	0.01550	0.01809	0.01292	0.02067	0.01163	0.01034	0.02196	0.01809	0.02842	0.01550	0.01809	0.01292	0.00646	0.00646	0.00129	0.00646	0.00517	0.00517	0.74677
111	0.02170	0.01874	0.01972	0.01775	0.02268	0.02170	0.01381	0.04635	0.62327	0.03649	0.03550	0.03254	0.02663	0.01183	0.00888	0.00296	0.00690	0.00986	0.00888	0.01381
112	0.01246	0.00935	0.01402	0.01402	0.01558	0.01090	0.01090	0.01558	0.01402	0.02025	0.02336	0.03427	0.02181	0.06542	0.65888	0.01402	0.02336	0.00935	0.00467	0.00779
113	0.03258	0.04157	0.02472	0.02247	0.02697	0.65843	0.01685	0.03483	0.02472	0.02135	0.01348	0.01573	0.01124	0.00899	0.00787	0.00225	0.01573	0.00562	0.00449	0.01011
114	0.01268	0.00846	0.00951	0.00951	0.00951	0.00846	0.00529	0.01268	0.01268	0.01691	0.02748	0.05708	0.03171	0.69345	0.04440	0.00846	0.00846	0.01268	0.00529	0.00529
115	0.03595	0.01995	0.02341	0.01794	0.02482	0.02040	0.01482	0.34491	0.03352	0.33060	0.02723	0.02503	0.01799	0.01062	0.00875	0.00266	0.00858	0.00828	0.00969	0.01484
116	0.02890	0.01258	0.01696	0.01378	0.01874	0.01107	0.01107	0.03255	0.02486	0.41189	0.26374	0.04325	0.04480	0.01349	0.00935	0.00272	0.00616	0.01145	0.01034	0.01232
117	0.03316	0.02443	0.02618	0.02007	0.02705	0.02705	0.01658	0.60995	0.04101	0.05497	0.02094	0.02094	0.01483	0.01047	0.00873	0.00262	0.00960	0.00785	0.00873	0.01483
118	0.01235	0.00892	0.01166	0.01097	0.01303	0.00823	0.00823	0.01646	0.02469	0.03498	0.63443	0.06516	0.08230	0.01783	0.01029	0.00274	0.00412	0.01578	0.00960	0.00823
119	0.02332	0.69869	0.04571	0.01493	0.02239	0.03451	0.01493	0.02612	0.01772	0.02052	0.01213	0.01399	0.01119	0.00746	0.00560	0.00187	0.00933	0.00466	0.00373	0.01119
120	0.02332	0.69869	0.04571	0.01493	0.02239	0.03451	0.01493	0.02612	0.01772	0.02052	0.01213	0.01399	0.01119	0.00746	0.00560	0.00187	0.00933	0.00466	0.00373	0.01119
121	0.01767	0.01701	0.02401	0.02101	0.02134	0.02335	0.01734	0.01984	0.01350	0.02083	0.01399	0.02232	0.01366	0.02595	0.16283	0.00599	0.53820	0.00800	0.00400	0.00917
122	0.01073	0.00763	0.01009	0.01202	0.01250	0.00715	0.00796	0.01217	0.01651	0.02201	0.04709	0.65747	0.05644	0.05931	0.01273	0.00378	0.00522	0.02422	0.00796	0.00700
123	0.01406	0.01004	0.01406	0.01606	0.01807	0.01004	0.01406	0.01807	0.02008	0.02610	0.04618	0.09839	0.05020	0.02410	0.01205	0.00402	0.00803	0.58032	0.00803	0.00803
124	0.02018	0.01928	0.03285	0.22435	0.47925	0.02035	0.02607	0.02553	0.01919	0.02678	0.01616	0.02205	0.01321	0.00803	0.00866	0.00268	0.01071	0.00777	0.00420	0.01268
125	0.01051	0.00884	0.00912	0.00905	0.01191	0.00745	0.00679	0.01291	0.02036	0.02470	0.14255	0.08208	0.58061	0.02167	0.01031	0.00293	0.00439	0.01815	0.00825	0.00745
126	0.03084	0.02328	0.02487	0.01960	0.02617	0.02597	0.01602	0.49611	0.15862	0.05124	0.02388	0.02329	0.01722	0.01075	0.00876	0.00269	0.00905	0.00826	0.00876	0.01463
127	0.01842	0.01799	0.02494	0.02152	0.02152	0.02484	0.01766	0.02014	0.01329	0.02057	0.01310	0.02300	0.01354	0.08515	0.03025	0.00429	0.60854	0.00815	0.00397	0.00910
128	0.01235	0.00892	0.01166	0.01097	0.01303	0.00823	0.00823	0.01646	0.02469	0.03498	0.63443	0.06516	0.08230	0.01783	0.01029	0.00274	0.00412	0.01578	0.00960	0.00823
129	0.01031	0.00884	0.00884	0.00884	0.01178	0.00736	0.00663	0.01252	0.01988	0.02356	0.08837	0.08395	0.63549	0.02209	0.01031	0.00295	0.00442	0.01841	0.00810	0.00736
130	0.01647	0.01550	0.02616	0.67248	0.06008	0.01938	0.02422	0.02229	0.01744	0.02229	0.01550	0.02326	0.01163	0.00872	0.00872	0.00291	0.01163	0.00775	0.00388	0.00969
131	0.75506	0.01687	0.01282	0.01147	0.01687	0.01957	0.00945	0.02564	0.01484	0.03914	0.01215	0.01417	0.00945	0.00810	0.00540	0.00270	0.00675	0.00472	0.00540	0.00945
132	0.01235	0.00892	0.01166	0.01097	0.01303	0.00823	0.00823	0.01646	0.02469	0.03498	0.63443	0.06516	0.08230	0.01783	0.01029	0.00274	0.00412	0.01578	0.00960	0.00823
133	0.01750	0.04512	0.64825	0.02486	0.03775	0.02026	0.03223	0.02762	0.01842	0.02762	0.01565	0.01842	0.01105	0.00829	0.00829	0.00276	0.01289	0.00645	0.00368	0.01289
134	0.01908	0.01908	0.02672	0.02290	0.02290	0.02672	0.01908	0.02099	0.01336	0.02099	0.01145	0.01908	0.01145	0.01527	0.02863	0.00382	0.67748	0.00763	0.00382	0.00954
135	0.01045	0.00884	0.00903	0.00898	0.01187	0.00742	0.00673	0.01278	0.02020	0.02433	0.12493	0.08269	0.59845	0.02181	0.01031	0.00293	0.00440	0.01823	0.00820	0.00742
136	0.03316	0.02443	0.02618	0.02007	0.02705	0.02705	0.01658	0.60995	0.04101	0.05497	0.02094	0.02094	0.01483	0.01047	0.00873	0.00262	0.00960	0.00785	0.00873	0.01483
137	0.03258	0.04157	0.02472	0.02247	0.02697	0.65843	0.01685	0.03483	0.02472	0.02135	0.01348	0.01573	0.01124	0.00899	0.00787	0.00225	0.01573	0.00562	0.00449	0.01011
138	0.02170	0.01874	0.01972	0.01775	0.02268	0.02170	0.01381	0.04635	0.62327	0.03649	0.03550	0.03254	0.02663	0.01183	0.00888	0.00296	0.00690	0.00986	0.00888	0.01381
