[name]
unknown

[dist]
# distance from previous block
# <min> <max>
0	73

[block]
# block no. 0 follows, 22 sequences, length 15
# corresponding to MSA columns:
# 73-87
name=unknown_A
#
# <colnr> <probs for GDERKNQSTAVLIFYWHMCP>
#	G	D	E	R	K	N	Q	S	T	A	V	L	I	F	Y	W	H	M	C	P
0	0.01870	0.01767	0.02613	0.15623	0.33082	0.05798	0.02111	0.02426	0.05014	0.02550	0.02262	0.03756	0.02107	0.01135	0.00894	0.00283	0.00974	0.14133	0.00506	0.01097
1	0.01466	0.01359	0.02446	0.02021	0.02345	0.01488	0.18127	0.01862	0.01501	0.02138	0.01957	0.02832	0.01749	0.04209	0.42434	0.00943	0.08930	0.00898	0.00430	0.00864
2	0.03727	0.01414	0.01928	0.01478	0.02121	0.01221	0.01221	0.04049	0.02378	0.66198	0.03277	0.02828	0.02056	0.01028	0.00835	0.00257	0.00707	0.00835	0.01028	0.01414
3	0.01666	0.04297	0.66500	0.02368	0.03596	0.01929	0.03069	0.02631	0.01754	0.02631	0.01491	0.01754	0.01052	0.00789	0.00789	0.00263	0.01228	0.00614	0.00351	0.01228
4	0.01187	0.00890	0.01335	0.01335	0.01483	0.01038	0.01038	0.01483	0.01335	0.01928	0.02225	0.03264	0.02077	0.06231	0.67512	0.01335	0.02225	0.00890	0.00445	0.00742
5	0.01187	0.00890	0.01335	0.01335	0.01483	0.01038	0.01038	0.01483	0.01335	0.01928	0.02225	0.03264	0.02077	0.06231	0.67512	0.01335	0.02225	0.00890	0.00445	0.00742
6	0.01306	0.01084	0.01235	0.01034	0.01470	0.00874	0.00799	0.01616	0.01929	0.02658	0.18211	0.05222	0.28389	0.01450	0.00842	0.00217	0.00488	0.01220	0.00697	0.29261
7	0.02164	0.02179	0.03267	0.04793	0.59103	0.08745	0.02452	0.02629	0.01939	0.02644	0.01534	0.01998	0.01290	0.00752	0.00815	0.00243	0.01040	0.00719	0.00413	0.01279
8	0.01961	0.02241	0.04902	0.03501	0.04342	0.02101	0.62605	0.02661	0.01961	0.02661	0.01681	0.02241	0.01261	0.00700	0.00980	0.00280	0.01401	0.00980	0.00420	0.01120
9	0.03103	0.03959	0.02354	0.02140	0.02568	0.67469	0.01605	0.03317	0.02354	0.02033	0.01284	0.01498	0.01070	0.00856	0.00749	0.00214	0.01498	0.00535	0.00428	0.00963
10	0.01137	0.00911	0.01024	0.00984	0.01244	0.00831	0.00742	0.01572	0.06461	0.02775	0.31232	0.06920	0.37421	0.01870	0.00971	0.00273	0.00426	0.01594	0.00835	0.00778
11	0.01154	0.00832	0.01091	0.01060	0.01236	0.00769	0.00782	0.01513	0.02251	0.03171	0.57149	0.14698	0.07528	0.01818	0.00990	0.00271	0.00404	0.01616	0.00895	0.00769
12	0.03158	0.02327	0.02493	0.01911	0.02576	0.02576	0.01579	0.62852	0.03906	0.05236	0.01995	0.01995	0.01413	0.00997	0.00831	0.00249	0.00914	0.00748	0.00831	0.01413
13	0.01007	0.00741	0.00945	0.01108	0.01192	0.00679	0.00750	0.01162	0.01637	0.02140	0.05168	0.60700	0.14677	0.02526	0.01048	0.00329	0.00473	0.02268	0.00771	0.00679
14	0.03111	0.03720	0.02375	0.02107	0.02569	0.57941	0.01601	0.12059	0.02582	0.02503	0.01388	0.01571	0.01120	0.00877	0.00761	0.00219	0.01412	0.00566	0.00487	0.01029

[dist]
# distance from previous block
# <min> <max>
0	1

[block]
# block no. 1 follows, 22 sequences, length 34
# corresponding to MSA columns:
# 89-122
name=unknown_B
#
# <colnr> <probs for GDERKNQSTAVLIFYWHMCP>
#	G	D	E	R	K	N	Q	S	T	A	V	L	I	F	Y	W	H	M	C	P
0	0.01013	0.00840	0.00872	0.00865	0.01123	0.00715	0.00640	0.01231	0.01904	0.02321	0.13846	0.07681	0.56240	0.05642	0.01151	0.00306	0.00438	0.01700	0.00772	0.00699
1	0.01825	0.03229	0.35143	0.03103	0.10162	0.02003	0.27163	0.02635	0.01852	0.02652	0.01575	0.01982	0.01163	0.00748	0.00870	0.00268	0.01274	0.00775	0.00385	0.01193
2	0.01081	0.00808	0.00930	0.00960	0.01102	0.00737	0.00653	0.01252	0.01724	0.02232	0.15557	0.20247	0.26482	0.20342	0.01858	0.00428	0.00531	0.01696	0.00724	0.00657
3	0.02770	0.30258	0.03200	0.01774	0.02397	0.19377	0.01523	0.23618	0.02626	0.03112	0.01479	0.01604	0.01187	0.00847	0.00691	0.00212	0.01053	0.00573	0.00539	0.01160
4	0.01627	0.01217	0.01345	0.01176	0.01522	0.01208	0.00919	0.16992	0.02546	0.03404	0.25123	0.05631	0.26940	0.01631	0.00922	0.00262	0.00535	0.01365	0.04723	0.00913
5	0.01394	0.00899	0.01145	0.01167	0.01255	0.00903	0.00792	0.07373	0.01603	0.02141	0.03023	0.31533	0.03419	0.14234	0.02249	0.23488	0.00654	0.01499	0.00606	0.00624
6	0.02563	0.06336	0.12983	0.01971	0.06288	0.01972	0.01701	0.11680	0.22956	0.18838	0.02611	0.02491	0.01858	0.00981	0.00812	0.00260	0.00833	0.00792	0.00750	0.01323
7	0.02056	0.01974	0.03372	0.05099	0.65622	0.01974	0.02550	0.02550	0.01892	0.02714	0.01563	0.02056	0.01316	0.00740	0.00822	0.00247	0.00987	0.00740	0.00411	0.01316
8	0.03006	0.01855	0.02145	0.01624	0.02299	0.01828	0.01334	0.31067	0.02943	0.23298	0.02269	0.02187	0.01568	0.00920	0.00783	0.00223	0.00783	0.00717	0.00814	0.18337
9	0.01183	0.00795	0.00913	0.00938	0.00944	0.00789	0.00537	0.01202	0.01256	0.01675	0.02864	0.13589	0.03331	0.62227	0.03830	0.00747	0.00765	0.01353	0.00537	0.00525
10	0.01104	0.00794	0.00947	0.00995	0.01091	0.00744	0.00655	0.01251	0.01637	0.02167	0.14824	0.25824	0.15282	0.26440	0.02152	0.00480	0.00570	0.01704	0.00701	0.00637
11	0.02898	0.03530	0.02260	0.02051	0.02488	0.54548	0.01548	0.03534	0.14557	0.02318	0.01698	0.01814	0.01360	0.00910	0.00768	0.00227	0.01332	0.00615	0.00510	0.01033
12	0.01976	0.40491	0.03141	0.01457	0.01964	0.05549	0.01312	0.05849	0.01737	0.02148	0.01568	0.02023	0.01424	0.02572	0.22850	0.00569	0.01364	0.00615	0.00417	0.00974
13	0.01012	0.00723	0.00964	0.01157	0.01205	0.00675	0.00771	0.01157	0.01591	0.02121	0.04579	0.70262	0.05495	0.02603	0.01060	0.00337	0.00482	0.02362	0.00771	0.00675
14	0.01300	0.01149	0.01840	0.28791	0.03247	0.01252	0.05622	0.01657	0.01683	0.02174	0.03601	0.30088	0.10939	0.01689	0.00952	0.00302	0.00792	0.01530	0.00584	0.00810
15	0.01356	0.01167	0.01199	0.01135	0.01480	0.01172	0.00867	0.02304	0.23364	0.02669	0.06679	0.06306	0.43634	0.01767	0.00935	0.00281	0.00502	0.01472	0.00797	0.00913
16	0.03058	0.02582	0.02359	0.01913	0.02501	0.17185	0.01534	0.39262	0.10184	0.07977	0.02065	0.02055	0.01499	0.00982	0.00814	0.00245	0.01006	0.00726	0.00753	0.01300
17	0.02187	0.02142	0.06969	0.08262	0.47755	0.02064	0.02404	0.12580	0.02205	0.03094	0.01625	0.02037	0.01304	0.00791	0.00822	0.00250	0.00997	0.00734	0.00475	0.01303
18	0.02659	0.10225	0.02308	0.01854	0.02281	0.49531	0.01426	0.02885	0.02228	0.02110	0.05010	0.02517	0.09548	0.01038	0.00767	0.00221	0.01250	0.00724	0.00486	0.00932
19	0.01564	0.00889	0.01110	0.01088	0.01244	0.00828	0.00737	0.01703	0.01647	0.13012	0.07982	0.25406	0.07664	0.28728	0.02242	0.00497	0.00636	0.01556	0.00721	0.00744
20	0.01020	0.00738	0.00965	0.01129	0.01202	0.00683	0.00763	0.01184	0.01656	0.02202	0.08478	0.62286	0.09595	0.02515	0.01050	0.00329	0.00473	0.02270	0.00780	0.00683
21	0.02922	0.03188	0.02386	0.08794	0.02873	0.40984	0.01658	0.19109	0.05117	0.02952	0.01575	0.01766	0.01223	0.00902	0.00783	0.00232	0.01270	0.00628	0.00546	0.01093
22	0.01641	0.01253	0.01601	0.01440	0.01566	0.01545	0.01139	0.05467	0.01583	0.02488	0.02013	0.02867	0.01813	0.09573	0.12963	0.00514	0.24700	0.00823	0.24189	0.00825
23	0.01379	0.01132	0.01250	0.01170	0.01480	0.01147	0.00892	0.02304	0.21072	0.02988	0.26084	0.05893	0.26665	0.01668	0.00939	0.00274	0.00483	0.01420	0.00842	0.00917
24	0.02294	0.02425	0.03141	0.04427	0.51293	0.16858	0.02335	0.02724	0.01997	0.02559	0.01499	0.01929	0.01260	0.00767	0.00806	0.00239	0.01103	0.00694	0.00415	0.01236
25	0.03103	0.01284	0.01681	0.01333	0.01894	0.01103	0.01087	0.03399	0.02268	0.51664	0.04445	0.04002	0.16425	0.01273	0.00869	0.00262	0.00642	0.01044	0.00970	0.01252
26	0.02607	0.02025	0.02334	0.01875	0.02315	0.02362	0.01533	0.41289	0.02977	0.04065	0.01841	0.02243	0.01479	0.05604	0.05880	0.00380	0.16532	0.00780	0.00680	0.01200
27	0.01083	0.00846	0.00982	0.00948	0.01184	0.00744	0.00711	0.01388	0.02133	0.02812	0.38085	0.07060	0.35262	0.01892	0.00981	0.00270	0.00406	0.01622	0.00846	0.00744
28	0.01086	0.00913	0.00921	0.00893	0.01192	0.00791	0.00677	0.04152	0.01990	0.02388	0.08107	0.07707	0.62219	0.02051	0.00975	0.00279	0.00444	0.01705	0.00774	0.00735
29	0.00995	0.00842	0.00860	0.00856	0.01130	0.00707	0.00642	0.01218	0.01925	0.02319	0.12312	0.07872	0.61342	0.02076	0.00982	0.00279	0.00419	0.01736	0.00781	0.00707
30	0.01922	0.02773	0.25081	0.04160	0.44292	0.01959	0.02728	0.02578	0.01844	0.02685	0.01538	0.01952	0.01225	0.00757	0.00811	0.00252	0.01070	0.00697	0.00390	0.01286
31	0.02056	0.01974	0.03372	0.05099	0.65622	0.01974	0.02550	0.02550	0.01892	0.02714	0.01563	0.02056	0.01316	0.00740	0.00822	0.00247	0.00987	0.00740	0.00411	0.01316
32	0.01938	0.02146	0.09734	0.04456	0.52126	0.01888	0.05132	0.02470	0.01881	0.02671	0.02031	0.02441	0.05677	0.00837	0.00837	0.00252	0.00991	0.00807	0.00430	0.01256
33	0.02015	0.02221	0.10088	0.04809	0.59024	0.01969	0.02605	0.02558	0.01877	0.02705	0.01555	0.02024	0.01288	0.00745	0.00819	0.00248	0.01013	0.00727	0.00405	0.01307

[dist]
# distance from previous block
# <min> <max>
0	4

[block]
# block no. 2 follows, 22 sequences, length 21
# corresponding to MSA columns:
# 127-147
name=unknown_C
#
# <colnr> <probs for GDERKNQSTAVLIFYWHMCP>
#	G	D	E	R	K	N	Q	S	T	A	V	L	I	F	Y	W	H	M	C	P
0	0.02314	0.13345	0.11813	0.03137	0.23034	0.11693	0.09257	0.10582	0.02181	0.02812	0.01521	0.01838	0.01213	0.00788	0.00783	0.00238	0.01116	0.00678	0.00453	0.01205
1	0.01194	0.01029	0.01312	0.08045	0.08821	0.00972	0.01010	0.01461	0.01835	0.02294	0.09939	0.06409	0.42445	0.08148	0.01249	0.00324	0.00586	0.01473	0.00675	0.00779
2	0.06520	0.01661	0.02702	0.27019	0.27735	0.01812	0.05277	0.02362	0.04917	0.02548	0.01883	0.08433	0.01660	0.00964	0.00837	0.00270	0.00966	0.00894	0.00458	0.01079
3	0.02898	0.09976	0.02557	0.02078	0.02491	0.55297	0.01609	0.03114	0.02189	0.02023	0.01254	0.01514	0.01072	0.00900	0.00919	0.00225	0.07958	0.00545	0.00415	0.00967
4	0.01325	0.00911	0.01050	0.00999	0.01083	0.00913	0.00631	0.05199	0.01621	0.02204	0.15791	0.05380	0.03936	0.51777	0.03327	0.00655	0.00725	0.01241	0.00611	0.00620
5	0.01903	0.02009	0.02181	0.01935	0.02064	0.14913	0.01560	0.02114	0.01536	0.02009	0.01799	0.02408	0.05342	0.02240	0.13917	0.00504	0.39491	0.00784	0.00417	0.00876
6	0.01012	0.00723	0.00964	0.01157	0.01205	0.00675	0.00771	0.01157	0.01591	0.02121	0.04579	0.70262	0.05495	0.02603	0.01060	0.00337	0.00482	0.02362	0.00771	0.00675
7	0.01187	0.00890	0.01335	0.01335	0.01483	0.01038	0.01038	0.01483	0.01335	0.01928	0.02225	0.03264	0.02077	0.06231	0.67512	0.01335	0.02225	0.00890	0.00445	0.00742
8	0.01994	0.02346	0.13495	0.04661	0.55676	0.01967	0.02633	0.02563	0.01870	0.02701	0.01551	0.02008	0.01274	0.00748	0.00817	0.00249	0.01026	0.00720	0.00402	0.01302
9	0.01017	0.00843	0.00890	0.00878	0.01143	0.00716	0.00659	0.01259	0.01976	0.02439	0.18575	0.07675	0.55004	0.02031	0.00981	0.00277	0.00416	0.01708	0.00797	0.00716
10	0.02047	0.01999	0.03513	0.04951	0.59960	0.01986	0.08099	0.02560	0.01898	0.02709	0.01574	0.02073	0.01311	0.00737	0.00837	0.00250	0.01025	0.00762	0.00412	0.01298
11	0.01053	0.00749	0.00954	0.01091	0.01149	0.00704	0.00717	0.01186	0.01572	0.02091	0.07173	0.52589	0.08197	0.14742	0.01620	0.00415	0.00533	0.02085	0.00730	0.00650
12	0.05403	0.01838	0.03092	0.22539	0.19948	0.01976	0.15724	0.02779	0.12954	0.02713	0.01870	0.02298	0.01441	0.00828	0.00850	0.00270	0.01040	0.00816	0.00483	0.01137
13	0.01012	0.00723	0.00964	0.01157	0.01205	0.00675	0.00771	0.01157	0.01591	0.02121	0.04579	0.70262	0.05495	0.02603	0.01060	0.00337	0.00482	0.02362	0.00771	0.00675
14	0.01028	0.00860	0.00950	0.00976	0.01191	0.00782	0.00719	0.01222	0.01795	0.02204	0.07195	0.21930	0.48610	0.02187	0.01082	0.00297	0.03669	0.01844	0.00752	0.00705
15	0.01187	0.00890	0.01335	0.01335	0.01483	0.01038	0.01038	0.01483	0.01335	0.01928	0.02225	0.03264	0.02077	0.06231	0.67512	0.01335	0.02225	0.00890	0.00445	0.00742
16	0.07219	0.21970	0.02888	0.02120	0.08412	0.33390	0.01575	0.03062	0.07776	0.02315	0.01461	0.01645	0.01218	0.00825	0.00691	0.00216	0.01150	0.00562	0.00450	0.01054
17	0.02845	0.06358	0.02515	0.02060	0.02480	0.37572	0.01628	0.17044	0.02494	0.02777	0.01410	0.01664	0.01154	0.00989	0.01112	0.00247	0.13463	0.00615	0.00508	0.01064
18	0.02667	0.06733	0.02572	0.02416	0.13697	0.16062	0.01665	0.24916	0.11190	0.03564	0.01938	0.02062	0.01488	0.00920	0.00784	0.00239	0.00989	0.00710	0.04151	0.01236
19	0.02743	0.02700	0.02148	0.01855	0.02292	0.29869	0.01432	0.24780	0.02707	0.03155	0.01810	0.06122	0.01554	0.01468	0.04233	0.07557	0.01181	0.00761	0.00592	0.01042
20	0.02652	0.19446	0.05842	0.04534	0.05124	0.41578	0.01672	0.02941	0.02084	0.02069	0.01320	0.01593	0.01121	0.01033	0.03440	0.00257	0.01337	0.00548	0.00405	0.01003

[dist]
# distance from previous block
# <min> <max>
1	12

[block]
# block no. 3 follows, 22 sequences, length 12
# corresponding to MSA columns:
# 160-171
name=unknown_D
#
# <colnr> <probs for GDERKNQSTAVLIFYWHMCP>
#	G	D	E	R	K	N	Q	S	T	A	V	L	I	F	Y	W	H	M	C	P
0	0.01353	0.00983	0.01168	0.01118	0.01373	0.00941	0.00837	0.01922	0.10338	0.06088	0.31592	0.14928	0.20556	0.01813	0.00966	0.00279	0.00463	0.01574	0.00856	0.00851
1	0.02333	0.01748	0.01963	0.01634	0.02063	0.01969	0.01303	0.32241	0.10956	0.03821	0.02277	0.02723	0.01848	0.07962	0.12841	0.00493	0.04282	0.00839	0.05567	0.01139
2	0.01339	0.00852	0.01065	0.01069	0.01235	0.00781	0.00749	0.01548	0.01837	0.08334	0.20560	0.26870	0.13623	0.14415	0.01577	0.00386	0.00529	0.01702	0.00785	0.00745
3	0.01837	0.02425	0.19584	0.03673	0.37600	0.01809	0.02390	0.02534	0.05030	0.02812	0.10083	0.02580	0.02174	0.00900	0.00836	0.00255	0.00955	0.00818	0.00484	0.01222
4	0.17870	0.11689	0.02693	0.06374	0.21144	0.22325	0.01752	0.02732	0.01895	0.02581	0.01334	0.01650	0.01109	0.00783	0.00698	0.00231	0.01067	0.00577	0.00428	0.01066
5	0.04673	0.06383	0.24096	0.01787	0.02491	0.11632	0.01826	0.08254	0.02131	0.09252	0.06871	0.05274	0.02019	0.01006	0.00774	0.00245	0.00964	0.00784	0.08440	0.01098
6	0.01930	0.01769	0.04914	0.02748	0.23906	0.01703	0.01692	0.10852	0.12121	0.03056	0.02740	0.14585	0.05031	0.01220	0.00856	0.00260	0.00784	0.01078	0.00624	0.08131
7	0.01759	0.11220	0.02169	0.04700	0.04681	0.08947	0.01403	0.01993	0.01643	0.02139	0.02298	0.13568	0.02392	0.01804	0.04633	0.04505	0.16079	0.08807	0.04405	0.00854
8	0.02087	0.02228	0.03602	0.12803	0.31146	0.09863	0.20889	0.02619	0.01938	0.02537	0.01554	0.02067	0.01241	0.00754	0.00863	0.00257	0.01192	0.00789	0.00410	0.01161
9	0.02048	0.02968	0.25537	0.02669	0.11450	0.10854	0.13197	0.02667	0.01944	0.06670	0.02218	0.02453	0.06734	0.00898	0.00835	0.00253	0.01136	0.00794	0.00468	0.04207
10	0.01975	0.02165	0.08436	0.17759	0.21703	0.10853	0.02026	0.02592	0.09076	0.02400	0.01695	0.02171	0.01371	0.01111	0.01136	0.10291	0.01033	0.00720	0.00443	0.01044
11	0.02511	0.02061	0.02031	0.01684	0.02208	0.07555	0.01345	0.31783	0.19341	0.04019	0.03183	0.03086	0.10192	0.01166	0.00838	0.00257	0.00809	0.00915	0.03788	0.01229

[dist]
# distance from previous block
# <min> <max>
8	36

[block]
# block no. 4 follows, 22 sequences, length 11
# corresponding to MSA columns:
# 208-218
name=unknown_E
#
# <colnr> <probs for GDERKNQSTAVLIFYWHMCP>
#	G	D	E	R	K	N	Q	S	T	A	V	L	I	F	Y	W	H	M	C	P
0	0.02118	0.02136	0.06188	0.02123	0.11455	0.12005	0.01520	0.08207	0.17032	0.05188	0.06352	0.03358	0.12121	0.01146	0.00837	0.00250	0.00846	0.00937	0.00660	0.05522
1	0.02123	0.12890	0.12689	0.03672	0.34612	0.02239	0.08505	0.08461	0.02045	0.02828	0.01545	0.01916	0.01244	0.00764	0.00791	0.00242	0.01042	0.00702	0.00436	0.01255
2	0.33839	0.01861	0.08474	0.04787	0.17010	0.01747	0.01574	0.04962	0.01708	0.03139	0.01855	0.12075	0.01741	0.01056	0.00724	0.00268	0.00789	0.00849	0.00521	0.01021
3	0.21687	0.02649	0.16347	0.02489	0.16685	0.14354	0.01876	0.02550	0.01795	0.02774	0.01682	0.08367	0.01510	0.00964	0.00743	0.00256	0.00998	0.00755	0.00463	0.01057
4	0.02723	0.13447	0.02623	0.02095	0.08778	0.23461	0.01540	0.16736	0.02519	0.08519	0.02312	0.02380	0.07375	0.00988	0.00771	0.00230	0.01042	0.00734	0.00594	0.01134
5	0.02078	0.02377	0.05880	0.02491	0.17860	0.24041	0.01572	0.02346	0.01844	0.02144	0.02030	0.09656	0.02062	0.18160	0.01655	0.00383	0.01080	0.00943	0.00473	0.00925
6	0.02297	0.02113	0.01855	0.04995	0.02155	0.17935	0.01260	0.16328	0.11724	0.02989	0.02199	0.02881	0.01891	0.15126	0.03810	0.00391	0.01007	0.00823	0.07219	0.01000
7	0.06152	0.01502	0.01534	0.05667	0.01890	0.07608	0.01078	0.10526	0.06959	0.03170	0.27008	0.04451	0.08963	0.08471	0.01223	0.00315	0.00696	0.01141	0.00740	0.00909
8	0.01645	0.01513	0.02231	0.09274	0.24217	0.03876	0.01700	0.02023	0.01891	0.02628	0.18620	0.12280	0.03536	0.01342	0.01126	0.00279	0.09099	0.01149	0.00583	0.00989
9	0.01643	0.25649	0.02242	0.01215	0.01653	0.08147	0.01047	0.01885	0.01868	0.02138	0.04935	0.05132	0.32773	0.01510	0.00814	0.00245	0.00711	0.04942	0.00593	0.00858
10	0.01951	0.02660	0.18773	0.02509	0.12586	0.14141	0.07321	0.02475	0.01825	0.02461	0.01713	0.02176	0.01393	0.01612	0.10350	0.00401	0.04431	0.00715	0.09463	0.01043

[dist]
# distance from previous block
# <min> <max>
6	16

[block]
# block no. 5 follows, 22 sequences, length 6
# corresponding to MSA columns:
# 235-240
name=unknown_F
#
# <colnr> <probs for GDERKNQSTAVLIFYWHMCP>
#	G	D	E	R	K	N	Q	S	T	A	V	L	I	F	Y	W	H	M	C	P
0	0.02430	0.14641	0.02386	0.01625	0.02090	0.15127	0.01340	0.11019	0.05119	0.10847	0.03076	0.03079	0.13770	0.01192	0.01001	0.00250	0.08455	0.00863	0.00627	0.01062
1	0.01699	0.01206	0.01335	0.01199	0.01494	0.01230	0.00882	0.08497	0.13662	0.07414	0.10887	0.05154	0.18404	0.21128	0.01848	0.00422	0.00643	0.01247	0.00750	0.00896
2	0.01692	0.01888	0.13574	0.01572	0.01990	0.08539	0.01448	0.02114	0.01634	0.06463	0.02101	0.02742	0.01778	0.03771	0.36837	0.00830	0.01682	0.00785	0.07654	0.00905
3	0.05942	0.02127	0.02622	0.14018	0.29425	0.13185	0.02007	0.02797	0.10309	0.02610	0.01765	0.02161	0.01428	0.01150	0.04697	0.00315	0.01105	0.00725	0.00473	0.01136
4	0.02516	0.03000	0.02355	0.11037	0.12148	0.41922	0.01728	0.02814	0.02145	0.02169	0.02139	0.02392	0.08214	0.00974	0.00796	0.00234	0.01253	0.00726	0.00456	0.00981
5	0.02189	0.28719	0.03031	0.02037	0.10286	0.12698	0.01522	0.08183	0.01951	0.02374	0.01557	0.01964	0.01367	0.02047	0.16188	0.00468	0.01311	0.00629	0.00441	0.01040

[dist]
# distance from previous block
# <min> <max>
20	58

[block]
# block no. 6 follows, 22 sequences, length 10
# corresponding to MSA columns:
# 304-313
name=unknown_G
#
# <colnr> <probs for GDERKNQSTAVLIFYWHMCP>
#	G	D	E	R	K	N	Q	S	T	A	V	L	I	F	Y	W	H	M	C	P
0	0.11425	0.01975	0.10760	0.14576	0.07935	0.04747	0.01686	0.11583	0.02037	0.03010	0.02168	0.13974	0.01994	0.01160	0.00799	0.00266	0.00871	0.00964	0.07054	0.01015
1	0.01273	0.00903	0.01075	0.01024	0.01155	0.00891	0.00695	0.04377	0.01797	0.02451	0.24535	0.05610	0.09605	0.34178	0.06463	0.00580	0.00722	0.01312	0.00679	0.00675
2	0.21069	0.01549	0.06799	0.01420	0.01833	0.01455	0.01227	0.02459	0.07202	0.11797	0.11588	0.12591	0.03171	0.01398	0.00965	0.00289	0.05667	0.05839	0.00703	0.00976
3	0.02116	0.02543	0.14753	0.02304	0.04824	0.07879	0.07827	0.12192	0.07094	0.02853	0.01763	0.05416	0.01497	0.01138	0.01415	0.00293	0.21659	0.00817	0.00508	0.01110
4	0.09165	0.02200	0.02287	0.13411	0.08363	0.16198	0.04911	0.13911	0.05148	0.02999	0.02604	0.02794	0.10438	0.01043	0.00813	0.00254	0.01000	0.00837	0.00569	0.01053
5	0.01814	0.01939	0.07028	0.23279	0.17350	0.07413	0.01958	0.02563	0.10135	0.02674	0.12906	0.02900	0.02516	0.01001	0.00847	0.00262	0.00938	0.00873	0.00541	0.01063
6	0.24796	0.01932	0.02190	0.04637	0.02479	0.02095	0.06657	0.25557	0.07889	0.04012	0.01761	0.01900	0.01311	0.00869	0.00728	0.00245	0.00831	0.00669	0.00647	0.08797
7	0.02294	0.08617	0.10883	0.05580	0.02610	0.16930	0.01749	0.15230	0.02226	0.02786	0.01761	0.07756	0.01576	0.01358	0.04207	0.00315	0.11753	0.00799	0.00514	0.01056
8	0.05914	0.09558	0.02637	0.02148	0.07814	0.13718	0.04215	0.18177	0.02316	0.05431	0.01652	0.02127	0.01390	0.07023	0.01372	0.00304	0.11851	0.00714	0.00546	0.01094
9	0.01689	0.01609	0.07060	0.01414	0.04112	0.04788	0.01143	0.09105	0.02123	0.06468	0.05174	0.07457	0.32657	0.04577	0.01036	0.00282	0.00681	0.01276	0.00692	0.06657

[dist]
# distance from previous block
# <min> <max>
4	42

[block]
# block no. 7 follows, 22 sequences, length 24
# corresponding to MSA columns:
# 359-382
name=unknown_H
#
# <colnr> <probs for GDERKNQSTAVLIFYWHMCP>
#	G	D	E	R	K	N	Q	S	T	A	V	L	I	F	Y	W	H	M	C	P
0	0.01875	0.01999	0.08245	0.07441	0.07332	0.09493	0.01537	0.08603	0.03896	0.02449	0.02274	0.07117	0.04516	0.18313	0.01928	0.00408	0.10171	0.00962	0.00515	0.00925
1	0.05933	0.05091	0.15179	0.01884	0.07139	0.13384	0.01563	0.05812	0.01817	0.02430	0.01919	0.07478	0.01816	0.11831	0.01543	0.07951	0.00978	0.00841	0.04500	0.00911
2	0.11485	0.02617	0.17245	0.04169	0.02478	0.15270	0.01683	0.02858	0.15275	0.02722	0.02353	0.13922	0.02135	0.01192	0.00807	0.00270	0.00951	0.00957	0.00568	0.01043
3	0.05777	0.15655	0.02479	0.01761	0.02242	0.29278	0.01406	0.08029	0.13068	0.02677	0.05033	0.05303	0.01896	0.01010	0.00748	0.00232	0.01048	0.00738	0.00565	0.01055
4	0.02373	0.15093	0.03346	0.03131	0.23387	0.23114	0.09941	0.02756	0.01990	0.02322	0.01442	0.01820	0.01215	0.00984	0.03402	0.00271	0.01236	0.00659	0.00409	0.01110
5	0.01586	0.01359	0.01820	0.08718	0.02146	0.01560	0.01287	0.04200	0.01505	0.02186	0.01763	0.02857	0.01709	0.16395	0.14021	0.00569	0.19651	0.00812	0.00451	0.15403
6	0.01322	0.00787	0.00860	0.00876	0.00953	0.00783	0.00554	0.01481	0.01442	0.02218	0.02809	0.09703	0.02877	0.38751	0.02586	0.00535	0.00620	0.01134	0.29087	0.00620
7	0.02175	0.65784	0.09473	0.01499	0.02253	0.03175	0.01557	0.02499	0.01693	0.02010	0.01183	0.01367	0.01065	0.00717	0.00554	0.00185	0.00916	0.00458	0.00355	0.01079
8	0.01167	0.00948	0.01053	0.01081	0.01313	0.00905	0.00788	0.01692	0.11255	0.02457	0.09841	0.26693	0.33575	0.02088	0.00986	0.00297	0.00474	0.01806	0.00791	0.00791
9	0.11172	0.11407	0.02293	0.01615	0.02145	0.07861	0.01321	0.24741	0.13200	0.03716	0.07016	0.02475	0.02056	0.04334	0.00923	0.00271	0.00839	0.00768	0.00689	0.01157
10	0.02348	0.20911	0.03021	0.01889	0.02292	0.02757	0.01635	0.21235	0.02212	0.03003	0.01392	0.01741	0.01185	0.01108	0.01534	0.00277	0.29186	0.00657	0.00508	0.01110
11	0.01111	0.00811	0.01047	0.01086	0.01240	0.00748	0.00791	0.01403	0.02035	0.02787	0.36867	0.27915	0.12252	0.02066	0.01015	0.00294	0.00442	0.04506	0.00846	0.00739
12	0.01012	0.00723	0.00964	0.01157	0.01205	0.00675	0.00771	0.01157	0.01591	0.02121	0.04579	0.70262	0.05495	0.02603	0.01060	0.00337	0.00482	0.02362	0.00771	0.00675
13	0.01643	0.02096	0.15761	0.38561	0.15388	0.01801	0.02386	0.02258	0.01775	0.02427	0.06564	0.02409	0.01668	0.00875	0.00832	0.00268	0.01054	0.00774	0.00416	0.01043
14	0.16391	0.02471	0.23483	0.02408	0.15734	0.01727	0.02009	0.05562	0.01862	0.02943	0.02574	0.03152	0.09483	0.01074	0.00798	0.00270	0.00907	0.05557	0.00508	0.01088
15	0.01983	0.01974	0.03591	0.11763	0.46385	0.01986	0.14931	0.02526	0.01881	0.02638	0.01578	0.02112	0.01282	0.00742	0.00856	0.00257	0.01086	0.00790	0.00408	0.01232
16	0.02597	0.16723	0.16028	0.02170	0.05244	0.39109	0.01911	0.02987	0.02085	0.02169	0.01314	0.01542	0.01076	0.00810	0.00719	0.00219	0.01306	0.00542	0.00398	0.01052
17	0.01101	0.00864	0.01003	0.01034	0.01237	0.00794	0.00750	0.01462	0.05630	0.02536	0.20295	0.25802	0.30271	0.02099	0.00997	0.00293	0.00446	0.01827	0.00809	0.00749
18	0.01309	0.00877	0.00964	0.00937	0.01006	0.00877	0.00570	0.04144	0.01433	0.01953	0.03057	0.05287	0.07826	0.56327	0.03511	0.00687	0.00745	0.01194	0.06711	0.00584
19	0.02844	0.02171	0.02316	0.01848	0.02457	0.02430	0.01503	0.46052	0.21217	0.04729	0.02393	0.02312	0.01736	0.01035	0.00835	0.00259	0.00840	0.00803	0.00835	0.01385
20	0.02039	0.02020	0.03639	0.04820	0.54919	0.01996	0.13039	0.02569	0.01904	0.02705	0.01583	0.02088	0.01306	0.00733	0.00850	0.00253	0.01059	0.00782	0.00413	0.01282
21	0.25477	0.34198	0.02756	0.01369	0.01914	0.05235	0.01251	0.02376	0.01670	0.02607	0.01728	0.02749	0.01663	0.01013	0.00644	0.00240	0.00816	0.10857	0.00480	0.00957
22	0.01334	0.01486	0.12018	0.01387	0.04059	0.01089	0.01108	0.01695	0.04854	0.02141	0.08051	0.09922	0.06541	0.37793	0.02644	0.00554	0.00795	0.01221	0.00562	0.00747
23	0.01935	0.01623	0.01642	0.01380	0.01760	0.08437	0.01051	0.12118	0.01990	0.02763	0.01978	0.02831	0.01796	0.15855	0.08238	0.00437	0.04369	0.00772	0.09273	0.19751

[dist]
# distance from previous block
# <min> <max>
0	8

[block]
# block no. 8 follows, 22 sequences, length 71
# corresponding to MSA columns:
# 391-461
name=unknown_I
#
# <colnr> <probs for GDERKNQSTAVLIFYWHMCP>
#	G	D	E	R	K	N	Q	S	T	A	V	L	I	F	Y	W	H	M	C	P
0	0.01724	0.01304	0.01677	0.01913	0.13179	0.01272	0.01213	0.02420	0.14264	0.09522	0.04782	0.14196	0.23115	0.01559	0.00907	0.00274	0.00618	0.01347	0.00738	0.03975
1	0.01553	0.01500	0.12915	0.01248	0.01544	0.01046	0.01063	0.01772	0.01457	0.08843	0.02603	0.08401	0.02708	0.46408	0.03045	0.00619	0.00852	0.01130	0.00549	0.00744
2	0.01865	0.03098	0.33598	0.03705	0.32549	0.01960	0.06188	0.02595	0.01830	0.02671	0.01535	0.01922	0.01187	0.00761	0.00816	0.00256	0.01125	0.00693	0.00383	0.01263
3	0.02133	0.02268	0.03110	0.19867	0.32637	0.14778	0.08246	0.02607	0.01933	0.02432	0.01499	0.02004	0.01212	0.00781	0.00826	0.00251	0.01157	0.00723	0.00405	0.01132
4	0.05462	0.02274	0.15282	0.03495	0.34978	0.01772	0.02252	0.02936	0.01967	0.18606	0.01960	0.02161	0.01432	0.00823	0.00807	0.00253	0.00950	0.00727	0.00558	0.01306
5	0.01727	0.07263	0.02610	0.05919	0.13770	0.02006	0.05156	0.02057	0.01512	0.02198	0.01574	0.02265	0.01419	0.02312	0.17429	0.00544	0.25011	0.00762	0.03503	0.00963
6	0.01115	0.00773	0.00967	0.01082	0.01121	0.00748	0.00704	0.01218	0.01459	0.01941	0.03774	0.39753	0.04445	0.30109	0.02345	0.00530	0.00633	0.06010	0.00663	0.00612
7	0.02629	0.01391	0.01587	0.01295	0.01750	0.01404	0.01044	0.19453	0.02527	0.22053	0.02677	0.02713	0.01909	0.00994	0.00724	0.00228	0.00626	0.00785	0.33074	0.01138
8	0.01976	0.01892	0.03227	0.15617	0.55733	0.01953	0.02510	0.02479	0.01854	0.02616	0.01548	0.02082	0.01281	0.00755	0.00824	0.00252	0.01007	0.00740	0.00404	0.01251
9	0.01187	0.00890	0.01335	0.01335	0.01483	0.01038	0.01038	0.01483	0.01335	0.01928	0.02225	0.03264	0.02077	0.06231	0.67512	0.01335	0.02225	0.00890	0.00445	0.00742
10	0.00997	0.00784	0.00901	0.00994	0.01162	0.00688	0.00699	0.01175	0.01747	0.02184	0.06555	0.38196	0.36285	0.02346	0.01020	0.00308	0.00450	0.02048	0.00771	0.00688
11	0.01194	0.00830	0.01055	0.01116	0.01198	0.00846	0.00782	0.01353	0.01444	0.01963	0.03345	0.16548	0.05752	0.31663	0.15385	0.00727	0.00994	0.09862	0.03309	0.00634
12	0.01012	0.00723	0.00964	0.01157	0.01205	0.00675	0.00771	0.01157	0.01591	0.02121	0.04579	0.70262	0.05495	0.02603	0.01060	0.00337	0.00482	0.02362	0.00771	0.00675
13	0.01723	0.01477	0.01723	0.01230	0.01969	0.01107	0.00984	0.02092	0.01723	0.02707	0.01477	0.01723	0.01230	0.00615	0.00615	0.00123	0.00615	0.00492	0.00492	0.75883
14	0.03204	0.02252	0.02447	0.01876	0.02539	0.02466	0.01550	0.58049	0.03781	0.10215	0.02099	0.02063	0.01465	0.01000	0.00831	0.00250	0.00897	0.00755	0.00847	0.01413
15	0.01757	0.01196	0.01448	0.01351	0.01620	0.01231	0.01062	0.13766	0.02171	0.06568	0.10100	0.05702	0.07077	0.18020	0.07171	0.00505	0.00860	0.16804	0.00723	0.00867
16	0.01006	0.00746	0.00940	0.01095	0.01189	0.00680	0.00744	0.01164	0.01650	0.02145	0.05330	0.58071	0.17200	0.02505	0.01045	0.00326	0.00470	0.02243	0.00771	0.00680
17	0.02877	0.02179	0.02337	0.01832	0.02465	0.02398	0.01497	0.48720	0.14698	0.04769	0.02216	0.02179	0.01606	0.00999	0.00821	0.00248	0.00850	0.00768	0.00814	0.05728
18	0.01065	0.00835	0.00963	0.00952	0.01178	0.00733	0.00706	0.01345	0.02059	0.02685	0.31663	0.12339	0.36559	0.01976	0.00987	0.00277	0.00414	0.01699	0.00831	0.00733
19	0.01699	0.01736	0.03353	0.08415	0.15688	0.01681	0.29437	0.02212	0.01874	0.02535	0.04801	0.13414	0.06975	0.01157	0.00950	0.00282	0.01043	0.01206	0.00513	0.01030
20	0.02857	0.02938	0.02655	0.02814	0.18475	0.30262	0.01835	0.22103	0.02732	0.03226	0.01581	0.01797	0.01241	0.00872	0.00794	0.00234	0.01183	0.00655	0.00552	0.01195
21	0.30312	0.01416	0.01568	0.01283	0.01824	0.01405	0.01049	0.03154	0.02019	0.35511	0.10032	0.02694	0.02334	0.01015	0.00735	0.00258	0.00645	0.00774	0.00825	0.01148
22	0.02270	0.02449	0.02941	0.14786	0.38023	0.20349	0.02244	0.02695	0.01983	0.02425	0.01470	0.01926	0.01212	0.00788	0.00803	0.00243	0.01150	0.00682	0.00409	0.01152
23	0.00982	0.00842	0.00842	0.00842	0.01122	0.00701	0.00631	0.01192	0.01894	0.02244	0.08416	0.07995	0.65285	0.02104	0.00982	0.00281	0.00421	0.01753	0.00771	0.00701
24	0.02056	0.01974	0.03372	0.05099	0.65622	0.01974	0.02550	0.02550	0.01892	0.02714	0.01563	0.02056	0.01316	0.00740	0.00822	0.00247	0.00987	0.00740	0.00411	0.01316
25	0.03096	0.02296	0.02458	0.01899	0.02553	0.02547	0.01564	0.59553	0.07305	0.05136	0.02073	0.02057	0.01476	0.01005	0.00832	0.00251	0.00900	0.00759	0.00832	0.01407
26	0.01056	0.00849	0.00945	0.00933	0.01184	0.00737	0.00708	0.01329	0.02034	0.02587	0.25599	0.07506	0.45154	0.01988	0.00988	0.00279	0.00427	0.04151	0.00815	0.00729
27	0.02051	0.02206	0.02510	0.02174	0.02251	0.14318	0.01779	0.02238	0.01468	0.02005	0.01126	0.01760	0.01087	0.01346	0.02368	0.00336	0.56992	0.00692	0.00375	0.00919
28	0.01208	0.00805	0.00906	0.00906	0.00906	0.00805	0.00503	0.01208	0.01208	0.01611	0.02618	0.05436	0.03020	0.70804	0.04228	0.00805	0.00805	0.01208	0.00503	0.00503
29	0.01116	0.00808	0.01064	0.01151	0.01285	0.00755	0.00847	0.01389	0.01932	0.02626	0.27242	0.35077	0.09181	0.02200	0.01039	0.00313	0.00484	0.09938	0.00824	0.00729
30	0.01011	0.00728	0.00959	0.01144	0.01202	0.00676	0.00766	0.01158	0.01603	0.02126	0.04733	0.67762	0.07896	0.02583	0.01057	0.00335	0.00480	0.02337	0.00771	0.00676
31	0.02783	0.12901	0.06476	0.02277	0.06066	0.43818	0.05156	0.06682	0.02275	0.02322	0.01358	0.01592	0.01113	0.00826	0.00744	0.00219	0.01331	0.00576	0.00437	0.01047
32	0.02161	0.08702	0.21624	0.03425	0.30041	0.14891	0.02424	0.02718	0.01925	0.02494	0.01454	0.01800	0.01171	0.00775	0.00775	0.00239	0.01149	0.00639	0.00392	0.01201
33	0.01953	0.01909	0.03371	0.17001	0.47611	0.01963	0.09028	0.02481	0.01855	0.02596	0.01559	0.02106	0.01270	0.00753	0.00841	0.00256	0.01055	0.00766	0.00404	0.01220
34	0.01039	0.00742	0.00995	0.01187	0.01247	0.00698	0.00818	0.01203	0.01617	0.02151	0.04564	0.65288	0.05436	0.02578	0.01067	0.00341	0.00505	0.07072	0.00771	0.00682
35	0.02897	0.02453	0.02305	0.01865	0.02445	0.13239	0.01500	0.42416	0.10937	0.04324	0.02392	0.02371	0.04936	0.01049	0.00827	0.00249	0.00953	0.00790	0.00762	0.01287
36	0.00994	0.00842	0.00858	0.00854	0.01129	0.00706	0.00640	0.01215	0.01921	0.02310	0.11845	0.07887	0.61815	0.02079	0.00982	0.00279	0.00419	0.01738	0.00780	0.00706
37	0.01476	0.01259	0.01177	0.01144	0.01364	0.09525	0.00856	0.01760	0.01922	0.02592	0.16230	0.11921	0.18452	0.01845	0.04514	0.00314	0.03155	0.01295	0.18421	0.00776
38	0.01084	0.00785	0.01032	0.01153	0.01265	0.00732	0.00828	0.01316	0.01820	0.02449	0.18892	0.45110	0.09442	0.02330	0.01046	0.00321	0.00488	0.08391	0.00804	0.00712
39	0.01432	0.01037	0.01263	0.01304	0.01473	0.01047	0.00929	0.13236	0.02044	0.02731	0.04073	0.56897	0.04695	0.02288	0.01015	0.00320	0.00567	0.02046	0.00783	0.00819
40	0.01058	0.00763	0.00988	0.01101	0.01194	0.00708	0.00753	0.01257	0.01767	0.02385	0.18835	0.48629	0.09314	0.05687	0.01191	0.00339	0.00473	0.02071	0.00792	0.00693
41	0.02192	0.53652	0.15459	0.01652	0.02433	0.08284	0.01735	0.02581	0.01754	0.02084	0.01226	0.01423	0.01064	0.00737	0.00597	0.00196	0.01000	0.00482	0.00360	0.01087
42	0.00999	0.00774	0.00911	0.01021	0.01169	0.00686	0.00711	0.01172	0.01721	0.02174	0.06235	0.43392	0.31296	0.02387	0.01026	0.00313	0.00456	0.02099	0.00771	0.00686
43	0.01114	0.00932	0.00986	0.00982	0.01266	0.00843	0.00756	0.01531	0.07216	0.02430	0.10864	0.07590	0.51760	0.02014	0.00984	0.00288	0.00467	0.06430	0.00785	0.00763
44	0.01164	0.00849	0.01095	0.01033	0.01234	0.00779	0.00775	0.01546	0.02325	0.03268	0.61881	0.06310	0.11181	0.01722	0.00980	0.00262	0.00394	0.01517	0.00906	0.00779
45	0.06643	0.15903	0.02416	0.07105	0.02376	0.23150	0.01391	0.09067	0.02280	0.02774	0.16221	0.02666	0.02675	0.01032	0.00762	0.00229	0.00976	0.00777	0.00571	0.00983
46	0.01755	0.01667	0.02829	0.44410	0.28661	0.01895	0.02400	0.02286	0.01749	0.02349	0.01510	0.02154	0.01187	0.00796	0.00827	0.00265	0.01061	0.00739	0.00385	0.01073
47	0.02148	0.01966	0.03008	0.04171	0.48048	0.02041	0.02229	0.07841	0.14240	0.03069	0.01954	0.02255	0.01563	0.00837	0.00828	0.00254	0.00916	0.00780	0.00530	0.01324
48	0.02716	0.03140	0.02740	0.03232	0.26068	0.39897	0.01956	0.05933	0.02257	0.02443	0.01423	0.01730	0.01178	0.00820	0.00780	0.00228	0.01279	0.00622	0.00441	0.01116
49	0.02814	0.03025	0.02334	0.02172	0.06285	0.35934	0.01591	0.15128	0.16726	0.03028	0.01918	0.01994	0.01486	0.00938	0.00791	0.00238	0.01162	0.00681	0.00601	0.01152
50	0.02917	0.06827	0.02488	0.02106	0.04979	0.36542	0.01594	0.19683	0.09436	0.03090	0.01711	0.01821	0.01333	0.00912	0.00773	0.00230	0.01194	0.00640	0.00579	0.01144
51	0.01594	0.00939	0.01099	0.01033	0.01193	0.00898	0.00681	0.01773	0.03960	0.11927	0.03656	0.09199	0.11445	0.43710	0.02933	0.00600	0.00712	0.01283	0.00652	0.00715
52	0.01163	0.00811	0.00943	0.00946	0.01016	0.00780	0.00591	0.01270	0.01526	0.02043	0.15225	0.11137	0.10454	0.45164	0.03024	0.00611	0.00662	0.01413	0.00630	0.00591
53	0.01853	0.15850	0.37305	0.02526	0.03547	0.02225	0.20096	0.02614	0.01802	0.02517	0.01485	0.01819	0.01115	0.00749	0.00798	0.00253	0.01217	0.00690	0.00372	0.01167
54	0.01533	0.01206	0.01293	0.01155	0.01520	0.01155	0.00890	0.15461	0.02305	0.02945	0.05986	0.14834	0.38427	0.01828	0.00936	0.00272	0.00555	0.01529	0.00768	0.05403
55	0.02672	0.02487	0.02129	0.01805	0.02247	0.22397	0.01427	0.25347	0.06055	0.03462	0.01890	0.02092	0.01470	0.01176	0.03267	0.00279	0.06434	0.00699	0.11555	0.01111
56	0.01656	0.01402	0.02013	0.15411	0.19377	0.01442	0.01578	0.02247	0.08635	0.06090	0.04394	0.04457	0.25290	0.01324	0.00887	0.00270	0.00748	0.01144	0.00619	0.01015
57	0.03007	0.11276	0.02571	0.02062	0.02521	0.60496	0.01585	0.03227	0.02282	0.02025	0.01270	0.01480	0.01070	0.00840	0.00726	0.00210	0.01432	0.00525	0.00420	0.00974
58	0.01649	0.01526	0.02498	0.22549	0.31996	0.01612	0.02017	0.02078	0.01778	0.02405	0.02666	0.13334	0.08044	0.01188	0.00877	0.00273	0.00889	0.01090	0.00490	0.01043
59	0.01666	0.04297	0.66500	0.02368	0.03596	0.01929	0.03069	0.02631	0.01754	0.02631	0.01491	0.01754	0.01052	0.00789	0.00789	0.00263	0.01228	0.00614	0.00351	0.01228
60	0.01012	0.00723	0.00964	0.01157	0.01205	0.00675	0.00771	0.01157	0.01591	0.02121	0.04579	0.70262	0.05495	0.02603	0.01060	0.00337	0.00482	0.02362	0.00771	0.00675
61	0.02122	0.34882	0.03527	0.01898	0.02320	0.08172	0.05285	0.02378	0.01599	0.02021	0.01172	0.01588	0.01088	0.01008	0.01422	0.00258	0.27299	0.00593	0.00368	0.01000
62	0.02730	0.24675	0.02939	0.01847	0.02374	0.36769	0.01514	0.09427	0.02260	0.02351	0.01372	0.01595	0.01160	0.01116	0.04289	0.00267	0.01283	0.00549	0.00450	0.01032
63	0.01339	0.00956	0.01339	0.01530	0.01721	0.00956	0.01339	0.01721	0.01912	0.02486	0.04399	0.09371	0.04781	0.02295	0.01147	0.00382	0.00765	0.60031	0.00765	0.00765
64	0.01012	0.00723	0.00964	0.01157	0.01205	0.00675	0.00771	0.01157	0.01591	0.02121	0.04579	0.70262	0.05495	0.02603	0.01060	0.00337	0.00482	0.02362	0.00771	0.00675
65	0.02008	0.01924	0.03285	0.11423	0.59676	0.01961	0.02525	0.02507	0.01869	0.02655	0.01554	0.02072	0.01295	0.00749	0.00823	0.00250	0.00999	0.00740	0.00407	0.01277
66	0.01141	0.00822	0.01108	0.01291	0.01407	0.00789	0.00991	0.01384	0.01734	0.02273	0.04694	0.42892	0.08123	0.02455	0.01091	0.00353	0.00592	0.25379	0.00769	0.00712
67	0.06039	0.02114	0.06234	0.04391	0.45072	0.01996	0.16722	0.02574	0.01877	0.02753	0.01566	0.02049	0.01269	0.00734	0.00842	0.00256	0.01076	0.00776	0.00416	0.01243
68	0.01984	0.02573	0.14248	0.30983	0.16683	0.14734	0.02356	0.02534	0.01860	0.02315	0.01459	0.01959	0.01132	0.00810	0.00805	0.00256	0.01182	0.00676	0.00386	0.01065
69	0.02961	0.03315	0.02269	0.01985	0.02434	0.46637	0.01509	0.17261	0.02629	0.02758	0.01561	0.01938	0.01311	0.06603	0.01053	0.00271	0.01303	0.00641	0.00530	0.01032
70	0.01335	0.01233	0.01828	0.01528	0.01921	0.01178	0.12898	0.01914	0.09250	0.02496	0.08887	0.05677	0.35345	0.02140	0.08193	0.00394	0.00835	0.01398	0.00684	0.00865

[dist]
# distance from previous block
# <min> <max>
0	1

[block]
# block no. 9 follows, 22 sequences, length 104
# corresponding to MSA columns:
# 463-566
name=unknown_J
#
# <colnr> <probs for GDERKNQSTAVLIFYWHMCP>
#	G	D	E	R	K	N	Q	S	T	A	V	L	I	F	Y	W	H	M	C	P
0	0.01008	0.00816	0.00895	0.00931	0.01152	0.00704	0.00677	0.01221	0.01872	0.02324	0.13136	0.21543	0.46476	0.02174	0.00999	0.00291	0.00431	0.01863	0.00785	0.00704
1	0.01597	0.01659	0.03393	0.02603	0.03140	0.01555	0.38917	0.02085	0.01819	0.02454	0.02791	0.28300	0.02883	0.01429	0.01011	0.00302	0.01049	0.01510	0.00555	0.00950
2	0.01549	0.00774	0.00774	0.00774	0.00968	0.00774	0.00581	0.01936	0.01742	0.03097	0.02710	0.03097	0.02129	0.00968	0.00581	0.00194	0.00387	0.00774	0.75416	0.00774
3	0.01940	0.01855	0.03162	0.20304	0.51326	0.01943	0.02492	0.02448	0.01837	0.02573	0.01542	0.02094	0.01266	0.00762	0.00824	0.00254	0.01016	0.00740	0.00401	0.01222
4	0.02348	0.01864	0.01890	0.01579	0.02005	0.07402	0.01232	0.31624	0.05915	0.03810	0.12039	0.06723	0.05243	0.07837	0.01286	0.03541	0.00812	0.01017	0.00754	0.01078
5	0.01549	0.00774	0.00774	0.00774	0.00968	0.00774	0.00581	0.01936	0.01742	0.03097	0.02710	0.03097	0.02129	0.00968	0.00581	0.00194	0.00387	0.00774	0.75416	0.00774
6	0.03113	0.03662	0.02379	0.02099	0.02570	0.55654	0.01600	0.14157	0.02637	0.02616	0.01413	0.01589	0.01132	0.00882	0.00764	0.00220	0.01392	0.00574	0.00501	0.01045
7	0.02406	0.02616	0.17591	0.02887	0.20828	0.02172	0.02156	0.28713	0.02704	0.03740	0.01782	0.02112	0.01374	0.04046	0.00973	0.00277	0.01003	0.00735	0.00584	0.01301
8	0.09463	0.19265	0.02714	0.01881	0.02382	0.46830	0.01500	0.03048	0.02117	0.02166	0.01243	0.01447	0.01054	0.00815	0.00678	0.00209	0.01281	0.00507	0.00419	0.00981
9	0.01046	0.00844	0.00930	0.00909	0.01161	0.00728	0.00681	0.01316	0.02044	0.02602	0.27100	0.07406	0.46378	0.01970	0.00981	0.00274	0.00411	0.01671	0.00819	0.00728
10	0.01080	0.00871	0.00979	0.01024	0.01278	0.00769	0.00816	0.01342	0.01919	0.02355	0.09987	0.08260	0.47445	0.02134	0.01023	0.00305	0.00506	0.16408	0.00776	0.00721
11	0.02061	0.01789	0.01542	0.01394	0.01732	0.16059	0.01051	0.08120	0.05094	0.08842	0.04093	0.04791	0.19916	0.14685	0.01523	0.00366	0.00844	0.04524	0.00678	0.00896
12	0.01327	0.00845	0.01118	0.01118	0.01284	0.00936	0.00861	0.01659	0.01493	0.02381	0.02413	0.03199	0.02097	0.04193	0.41604	0.00893	0.01514	0.00845	0.29465	0.00754
13	0.20913	0.02096	0.04801	0.04381	0.02428	0.02246	0.01454	0.31811	0.14603	0.04292	0.02011	0.02045	0.01473	0.00951	0.00754	0.00259	0.00820	0.00705	0.00717	0.01240
14	0.12429	0.19452	0.02779	0.02118	0.08426	0.37311	0.01560	0.02931	0.02028	0.02302	0.01264	0.01493	0.01071	0.00799	0.00674	0.00214	0.01192	0.00522	0.00420	0.01013
15	0.01109	0.00847	0.01017	0.00975	0.01200	0.00755	0.00731	0.01438	0.02193	0.02956	0.45558	0.06824	0.27699	0.01839	0.00981	0.00268	0.00402	0.01589	0.00865	0.00755
16	0.03103	0.03959	0.02354	0.02140	0.02568	0.67469	0.01605	0.03317	0.02354	0.02033	0.01284	0.01498	0.01070	0.00856	0.00749	0.00214	0.01498	0.00535	0.00428	0.00963
17	0.01309	0.00844	0.00975	0.01014	0.01106	0.00840	0.00666	0.04366	0.01590	0.02289	0.03292	0.27380	0.03611	0.28411	0.02164	0.00482	0.00607	0.01494	0.16894	0.00667
18	0.00982	0.00842	0.00842	0.00842	0.01122	0.00701	0.00631	0.01192	0.01894	0.02244	0.08416	0.07995	0.65285	0.02104	0.00982	0.00281	0.00421	0.01753	0.00771	0.00701
19	0.01215	0.00874	0.01193	0.01376	0.01524	0.00852	0.01120	0.01511	0.01806	0.02355	0.04641	0.29349	0.07777	0.02387	0.01111	0.00363	0.00656	0.38390	0.00767	0.00732
20	0.01723	0.01477	0.01723	0.01230	0.01969	0.01107	0.00984	0.02092	0.01723	0.02707	0.01477	0.01723	0.01230	0.00615	0.00615	0.00123	0.00615	0.00492	0.00492	0.75883
21	0.02120	0.02345	0.02251	0.02006	0.02175	0.23626	0.01599	0.02335	0.01640	0.01997	0.01371	0.01988	0.01272	0.02169	0.14441	0.00500	0.34174	0.00695	0.00400	0.00895
22	0.01127	0.01125	0.07571	0.01265	0.01479	0.00840	0.01032	0.01419	0.01786	0.02431	0.16001	0.44632	0.08183	0.02207	0.01020	0.00316	0.00554	0.05501	0.00756	0.00758
23	0.01255	0.00926	0.01341	0.01322	0.01468	0.01089	0.01033	0.01555	0.01373	0.02049	0.02216	0.03173	0.02032	0.05459	0.57489	0.01171	0.05479	0.00870	0.07948	0.00754
24	0.01040	0.00751	0.00985	0.01122	0.01208	0.00696	0.00767	0.01232	0.01741	0.02344	0.15634	0.55930	0.08635	0.02418	0.01042	0.00321	0.00463	0.02180	0.00797	0.00696
25	0.02966	0.03724	0.02409	0.06140	0.05652	0.60653	0.01689	0.03213	0.02293	0.02070	0.01308	0.01565	0.01084	0.00849	0.00757	0.00219	0.01452	0.00556	0.00424	0.00977
