[name]
unknown

[dist]
# distance from previous block
# <min> <max>
38	193

[block]
# block no. 0 follows, 21 sequences, length 39
# corresponding to MSA columns:
# 215-253
name=unknown_A
#
# <colnr> <probs for GDERKNQSTAVLIFYWHMCP>
#	G	D	E	R	K	N	Q	S	T	A	V	L	I	F	Y	W	H	M	C	P
0	0.02361	0.12055	0.02626	0.17342	0.03142	0.16364	0.01697	0.15393	0.02351	0.02826	0.02227	0.02498	0.07623	0.01063	0.00971	0.00257	0.06836	0.00775	0.00534	0.01060
1	0.02109	0.02101	0.02389	0.07793	0.20160	0.14359	0.01728	0.06237	0.02042	0.02639	0.02026	0.12693	0.01947	0.01113	0.00899	0.00245	0.03391	0.00936	0.00521	0.14673
2	0.02296	0.02377	0.01887	0.01675	0.02071	0.24870	0.01306	0.14077	0.02476	0.02821	0.04041	0.04238	0.22654	0.01438	0.01013	0.00267	0.05374	0.03496	0.00649	0.00975
3	0.08456	0.02115	0.02247	0.02679	0.20394	0.14450	0.01660	0.02954	0.15449	0.02895	0.06657	0.03416	0.06349	0.01148	0.00853	0.00269	0.00915	0.05356	0.00616	0.01121
4	0.01942	0.14109	0.33456	0.03281	0.25493	0.02215	0.02683	0.02642	0.01837	0.02615	0.01499	0.01840	0.01178	0.00778	0.00779	0.00249	0.01113	0.00648	0.00382	0.01264
5	0.02183	0.02735	0.15157	0.03481	0.30299	0.11235	0.02302	0.03157	0.15376	0.02835	0.01953	0.02198	0.01532	0.00872	0.00830	0.00259	0.01060	0.00748	0.00509	0.01279
6	0.05130	0.11782	0.03278	0.02979	0.20030	0.06863	0.13911	0.02675	0.04678	0.05475	0.09884	0.02595	0.02218	0.00945	0.00920	0.00257	0.03852	0.00852	0.00533	0.01142
7	0.02262	0.02522	0.01874	0.01691	0.02066	0.32488	0.01265	0.02449	0.01996	0.02183	0.02390	0.11633	0.06680	0.01381	0.01102	0.06643	0.03659	0.00920	0.00518	0.14278
8	0.08491	0.02465	0.16041	0.02419	0.14609	0.06099	0.01872	0.13026	0.06736	0.03284	0.01958	0.02370	0.01563	0.05611	0.01015	0.00291	0.00946	0.00744	0.09297	0.01163
9	0.13498	0.02258	0.02799	0.03655	0.37052	0.11705	0.02046	0.07219	0.02124	0.07403	0.01652	0.01963	0.01307	0.00821	0.00786	0.00250	0.01011	0.00690	0.00516	0.01245
10	0.18211	0.12625	0.25358	0.02642	0.17188	0.05318	0.02222	0.02647	0.01774	0.02832	0.01410	0.01704	0.01110	0.00785	0.00716	0.00249	0.01033	0.00594	0.00415	0.01169
11	0.02064	0.15375	0.03516	0.13919	0.43678	0.02266	0.02348	0.02534	0.01861	0.02537	0.01506	0.01986	0.01266	0.00766	0.00786	0.00244	0.01010	0.00699	0.00404	0.01237
12	0.35215	0.02423	0.01795	0.05890	0.02284	0.23612	0.01293	0.05193	0.04318	0.03150	0.06248	0.01970	0.01628	0.00920	0.00691	0.00251	0.00976	0.00624	0.00545	0.00973
13	0.02480	0.01897	0.03131	0.04413	0.51100	0.01853	0.02314	0.02947	0.02047	0.16460	0.01985	0.02279	0.01514	0.00823	0.00845	0.00255	0.00948	0.00780	0.00559	0.01370
14	0.02308	0.02434	0.03168	0.08626	0.47388	0.16143	0.02384	0.02755	0.02026	0.02589	0.01533	0.01992	0.01279	0.00790	0.00827	0.00247	0.01133	0.00712	0.00422	0.01243
15	0.03087	0.03882	0.02501	0.02451	0.07943	0.61150	0.01727	0.03331	0.02371	0.02142	0.01340	0.01584	0.01118	0.00867	0.00774	0.00222	0.01490	0.00566	0.00437	0.01017
16	0.02106	0.02022	0.03454	0.05223	0.64784	0.02022	0.02612	0.02612	0.01938	0.02780	0.01601	0.02106	0.01348	0.00758	0.00842	0.00253	0.01011	0.00758	0.00421	0.01348
17	0.02043	0.01958	0.03341	0.13132	0.57367	0.02005	0.02580	0.02557	0.01908	0.02704	0.01590	0.02127	0.01321	0.00770	0.00844	0.00257	0.01027	0.00758	0.00416	0.01297
18	0.55083	0.01689	0.06004	0.01206	0.01719	0.01685	0.01062	0.02331	0.01673	0.03651	0.14283	0.02443	0.02405	0.00988	0.00646	0.00265	0.00650	0.00696	0.00599	0.00922
19	0.01747	0.01480	0.01589	0.01475	0.01871	0.01625	0.01149	0.03372	0.40659	0.03206	0.09861	0.04961	0.16727	0.01501	0.00928	0.00293	0.00604	0.04975	0.00850	0.01126
20	0.02979	0.03359	0.02641	0.02744	0.14803	0.42583	0.01829	0.13697	0.02603	0.02805	0.01501	0.01737	0.01208	0.00880	0.00797	0.00232	0.01325	0.00628	0.00509	0.01140
21	0.01114	0.00821	0.01043	0.01083	0.01240	0.00750	0.00776	0.01396	0.02055	0.02797	0.34415	0.29913	0.15172	0.02140	0.01034	0.00299	0.00440	0.01900	0.00862	0.00750
22	0.03179	0.04056	0.02412	0.02192	0.02631	0.66676	0.01644	0.03398	0.02412	0.02083	0.01315	0.01535	0.01096	0.00877	0.00767	0.00219	0.01535	0.00548	0.00438	0.00987
23	0.01236	0.00899	0.01307	0.01307	0.01450	0.01033	0.01000	0.01522	0.01379	0.02011	0.02334	0.03500	0.02202	0.10838	0.58819	0.01270	0.02078	0.00930	0.04144	0.00743
24	0.01012	0.00838	0.00887	0.00925	0.01166	0.00713	0.00675	0.01214	0.01879	0.02274	0.07851	0.20203	0.52922	0.02255	0.01022	0.00299	0.00443	0.01918	0.00790	0.00713
25	0.01204	0.00870	0.01138	0.01071	0.01271	0.00803	0.00803	0.01606	0.02409	0.03413	0.64335	0.06357	0.08030	0.01740	0.01004	0.00268	0.00401	0.01539	0.00937	0.00803
26	0.02417	0.03021	0.07545	0.02424	0.02821	0.29043	0.10382	0.02752	0.01900	0.02207	0.01316	0.01783	0.01130	0.01075	0.01552	0.00289	0.26235	0.00692	0.00407	0.01009
27	0.01216	0.00912	0.01368	0.01368	0.01520	0.01064	0.01064	0.01520	0.01368	0.01976	0.02279	0.03343	0.02127	0.06382	0.66720	0.01368	0.02279	0.00912	0.00456	0.00760
28	0.03179	0.04056	0.02412	0.02192	0.02631	0.66676	0.01644	0.03398	0.02412	0.02083	0.01315	0.01535	0.01096	0.00877	0.00767	0.00219	0.01535	0.00548	0.00438	0.00987
29	0.01607	0.01513	0.02552	0.68047	0.05861	0.01891	0.02363	0.02174	0.01702	0.02174	0.01513	0.02269	0.01134	0.00851	0.00851	0.00284	0.01134	0.00756	0.00378	0.00945
30	0.01216	0.00912	0.01368	0.01368	0.01520	0.01064	0.01064	0.01520	0.01368	0.01976	0.02279	0.03343	0.02127	0.06382	0.66720	0.01368	0.02279	0.00912	0.00456	0.00760
31	0.02011	0.02565	0.17188	0.04472	0.46274	0.02023	0.07777	0.02640	0.01913	0.02757	0.01595	0.02055	0.01284	0.00766	0.00849	0.00259	0.01101	0.00751	0.00409	0.01311
32	0.01765	0.01513	0.01765	0.01260	0.02017	0.01134	0.01008	0.02143	0.01765	0.02773	0.01513	0.01765	0.01260	0.00630	0.00630	0.00126	0.00630	0.00504	0.00504	0.75295
33	0.02025	0.01792	0.02173	0.02425	0.15802	0.01983	0.01567	0.03838	0.44892	0.03288	0.03473	0.03347	0.07323	0.01149	0.00872	0.00281	0.00728	0.00985	0.00763	0.01296
34	0.01514	0.01410	0.02253	0.48512	0.09382	0.01645	0.02007	0.02000	0.01772	0.02248	0.03073	0.03550	0.14986	0.01129	0.00884	0.00282	0.00971	0.00984	0.00472	0.00927
35	0.01688	0.01327	0.01439	0.01279	0.01652	0.01351	0.00994	0.15029	0.11161	0.03344	0.16403	0.08786	0.28765	0.01715	0.00956	0.00280	0.00574	0.01436	0.00841	0.00981
36	0.01673	0.11134	0.02013	0.01370	0.01788	0.01553	0.01132	0.01981	0.01791	0.04812	0.12262	0.03499	0.10470	0.01881	0.09446	0.00375	0.10518	0.00922	0.00583	0.20798
37	0.01277	0.00998	0.01230	0.01154	0.01457	0.00843	0.00842	0.01551	0.01863	0.02622	0.17035	0.31390	0.09935	0.01844	0.00932	0.00261	0.00507	0.01632	0.00741	0.21884
38	0.01766	0.01425	0.01832	0.02128	0.15314	0.01503	0.01256	0.06781	0.15253	0.02705	0.06558	0.04078	0.02801	0.30298	0.02337	0.00504	0.00813	0.01057	0.00624	0.00967

[dist]
# distance from previous block
# <min> <max>
12	32

[block]
# block no. 1 follows, 21 sequences, length 22
# corresponding to MSA columns:
# 286-307
name=unknown_B
#
# <colnr> <probs for GDERKNQSTAVLIFYWHMCP>
#	G	D	E	R	K	N	Q	S	T	A	V	L	I	F	Y	W	H	M	C	P
0	0.01852	0.01765	0.02876	0.03945	0.43325	0.01740	0.05610	0.02409	0.05334	0.02711	0.03301	0.03554	0.15700	0.01094	0.00890	0.00265	0.00886	0.01019	0.00530	0.01193
1	0.02919	0.03563	0.02664	0.02927	0.17698	0.51002	0.01879	0.03208	0.02297	0.02252	0.01385	0.01673	0.01157	0.00848	0.00786	0.00227	0.01408	0.00599	0.00434	0.01074
2	0.02009	0.02296	0.05022	0.03587	0.04448	0.02152	0.61693	0.02726	0.02009	0.02726	0.01722	0.02296	0.01291	0.00717	0.01004	0.00287	0.01435	0.01004	0.00430	0.01148
3	0.01216	0.00912	0.01368	0.01368	0.01520	0.01064	0.01064	0.01520	0.01368	0.01976	0.02279	0.03343	0.02127	0.06382	0.66720	0.01368	0.02279	0.00912	0.00456	0.00760
4	0.01022	0.00863	0.00885	0.00879	0.01159	0.00725	0.00659	0.01253	0.01978	0.02390	0.13195	0.08039	0.59807	0.02121	0.01006	0.00286	0.00429	0.01775	0.00802	0.00725
5	0.03179	0.04056	0.02412	0.02192	0.02631	0.66676	0.01644	0.03398	0.02412	0.02083	0.01315	0.01535	0.01096	0.00877	0.00767	0.00219	0.01535	0.00548	0.00438	0.00987
6	0.01586	0.00793	0.00793	0.00793	0.00991	0.00793	0.00595	0.01983	0.01785	0.03173	0.02776	0.03173	0.02181	0.00991	0.00595	0.00198	0.00397	0.00793	0.74817	0.00793
7	0.03179	0.04056	0.02412	0.02192	0.02631	0.66676	0.01644	0.03398	0.02412	0.02083	0.01315	0.01535	0.01096	0.00877	0.00767	0.00219	0.01535	0.00548	0.00438	0.00987
8	0.01238	0.00825	0.00928	0.00928	0.00928	0.00825	0.00516	0.01238	0.01238	0.01650	0.02681	0.05569	0.03094	0.70092	0.04331	0.00825	0.00825	0.01238	0.00516	0.00516
9	0.01607	0.01513	0.02552	0.68047	0.05861	0.01891	0.02363	0.02174	0.01702	0.02174	0.01513	0.02269	0.01134	0.00851	0.00851	0.00284	0.01134	0.00756	0.00378	0.00945
10	0.01216	0.00912	0.01368	0.01368	0.01520	0.01064	0.01064	0.01520	0.01368	0.01976	0.02279	0.03343	0.02127	0.06382	0.66720	0.01368	0.02279	0.00912	0.00456	0.00760
11	0.01216	0.00912	0.01368	0.01368	0.01520	0.01064	0.01064	0.01520	0.01368	0.01976	0.02279	0.03343	0.02127	0.06382	0.66720	0.01368	0.02279	0.00912	0.00456	0.00760
12	0.01204	0.00870	0.01138	0.01071	0.01271	0.00803	0.00803	0.01606	0.02409	0.03413	0.64335	0.06357	0.08030	0.01740	0.01004	0.00268	0.00401	0.01539	0.00937	0.00803
13	0.01969	0.01751	0.02759	0.03891	0.42643	0.01766	0.02062	0.08696	0.02087	0.02913	0.02398	0.18446	0.02396	0.01249	0.00903	0.00276	0.00878	0.01162	0.00557	0.01200
14	0.01754	0.09837	0.60656	0.02346	0.03560	0.02091	0.03006	0.02683	0.01791	0.02638	0.01499	0.01761	0.01079	0.00802	0.00787	0.00262	0.01229	0.00615	0.00360	0.01244
15	0.02106	0.02022	0.03454	0.05223	0.64784	0.02022	0.02612	0.02612	0.01938	0.02780	0.01601	0.02106	0.01348	0.00758	0.00842	0.00253	0.01011	0.00758	0.00421	0.01348
16	0.02733	0.17264	0.03086	0.02776	0.17606	0.37969	0.01840	0.03033	0.02156	0.02235	0.01357	0.01638	0.01156	0.00818	0.00740	0.00220	0.01279	0.00580	0.00419	0.01096
17	0.01216	0.00912	0.01368	0.01368	0.01520	0.01064	0.01064	0.01520	0.01368	0.01976	0.02279	0.03343	0.02127	0.06382	0.66720	0.01368	0.02279	0.00912	0.00456	0.00760
18	0.01037	0.00741	0.00987	0.01185	0.01234	0.00691	0.00790	0.01185	0.01629	0.02172	0.04690	0.69537	0.05629	0.02666	0.01086	0.00346	0.00494	0.02419	0.00790	0.00691
19	0.01665	0.01829	0.10950	0.01562	0.02047	0.01573	0.01386	0.03012	0.30252	0.02968	0.07057	0.07785	0.14741	0.04823	0.01087	0.00319	0.00705	0.04397	0.00755	0.01085
20	0.02285	0.02699	0.04261	0.03177	0.03890	0.17818	0.43961	0.02853	0.02069	0.02534	0.01591	0.02088	0.01235	0.00797	0.01042	0.00275	0.05019	0.00880	0.00429	0.01097
21	0.03206	0.03262	0.02479	0.02081	0.02635	0.36277	0.01632	0.31191	0.03166	0.03640	0.01661	0.01776	0.01263	0.00946	0.00807	0.00236	0.01251	0.00652	0.00634	0.01205

[dist]
# distance from previous block
# <min> <max>
0	1

[block]
# block no. 2 follows, 21 sequences, length 57
# corresponding to MSA columns:
# 309-365
name=unknown_C
#
# <colnr> <probs for GDERKNQSTAVLIFYWHMCP>
#	G	D	E	R	K	N	Q	S	T	A	V	L	I	F	Y	W	H	M	C	P
0	0.02052	0.14806	0.01940	0.01227	0.01686	0.05078	0.01018	0.02325	0.02090	0.17026	0.11405	0.05057	0.28046	0.01504	0.00867	0.00255	0.00652	0.01218	0.00764	0.00985
1	0.27968	0.46606	0.03343	0.01339	0.01997	0.02860	0.01270	0.02532	0.01631	0.02634	0.01184	0.01371	0.01033	0.00750	0.00539	0.00210	0.00822	0.00457	0.00421	0.01033
2	0.01947	0.30454	0.38431	0.02101	0.03130	0.02535	0.05432	0.02639	0.01781	0.02423	0.01401	0.01651	0.01094	0.00772	0.00715	0.00236	0.01129	0.00579	0.00365	0.01187
3	0.02994	0.03748	0.02439	0.02198	0.02575	0.57677	0.01675	0.03209	0.02256	0.02078	0.01288	0.01581	0.01099	0.00963	0.01052	0.00241	0.10946	0.00576	0.00429	0.00979
4	0.01006	0.00862	0.00862	0.00862	0.01149	0.00718	0.00647	0.01221	0.01940	0.02299	0.08621	0.08190	0.64438	0.02155	0.01006	0.00287	0.00431	0.01796	0.00790	0.00718
5	0.02114	0.02826	0.19007	0.04213	0.43133	0.08539	0.02648	0.02712	0.01950	0.02688	0.01553	0.01971	0.01255	0.00783	0.00826	0.00254	0.01126	0.00704	0.00407	0.01289
6	0.01478	0.00739	0.01109	0.01109	0.01109	0.00739	0.00739	0.01109	0.01109	0.01478	0.01478	0.02587	0.01478	0.02956	0.03326	0.75240	0.00739	0.00739	0.00370	0.00370
7	0.01995	0.25612	0.29856	0.02810	0.18564	0.02446	0.02454	0.02626	0.01810	0.02488	0.01432	0.01732	0.01151	0.00769	0.00731	0.00236	0.01081	0.00604	0.00376	0.01226
8	0.01986	0.02147	0.04189	0.03481	0.12533	0.02248	0.38175	0.02539	0.01821	0.02563	0.01552	0.02159	0.01256	0.00918	0.01431	0.00304	0.18258	0.00904	0.00414	0.01122
9	0.01006	0.00862	0.00862	0.00862	0.01149	0.00718	0.00647	0.01221	0.01940	0.02299	0.08621	0.08190	0.64438	0.02155	0.01006	0.00287	0.00431	0.01796	0.00790	0.00718
10	0.01707	0.04402	0.65683	0.02426	0.03683	0.01976	0.03144	0.02695	0.01797	0.02695	0.01527	0.01797	0.01078	0.00809	0.00809	0.00270	0.01258	0.00629	0.00359	0.01258
11	0.02106	0.02022	0.03454	0.05223	0.64784	0.02022	0.02612	0.02612	0.01938	0.02780	0.01601	0.02106	0.01348	0.00758	0.00842	0.00253	0.01011	0.00758	0.00421	0.01348
12	0.01204	0.00870	0.01138	0.01071	0.01271	0.00803	0.00803	0.01606	0.02409	0.03413	0.64335	0.06357	0.08030	0.01740	0.01004	0.00268	0.00401	0.01539	0.00937	0.00803
13	0.02275	0.70604	0.04459	0.01456	0.02184	0.03367	0.01456	0.02548	0.01729	0.02002	0.01183	0.01365	0.01092	0.00728	0.00546	0.00182	0.00910	0.00455	0.00364	0.01092
14	0.01216	0.00912	0.01368	0.01368	0.01520	0.01064	0.01064	0.01520	0.01368	0.01976	0.02279	0.03343	0.02127	0.06382	0.66720	0.01368	0.02279	0.00912	0.00456	0.00760
15	0.01039	0.00873	0.00908	0.00926	0.01205	0.00742	0.00713	0.01271	0.01941	0.02321	0.08247	0.08318	0.59022	0.02173	0.01021	0.00297	0.00463	0.07005	0.00790	0.00724
16	0.01207	0.00991	0.01079	0.01047	0.01329	0.00930	0.00787	0.01764	0.10511	0.02722	0.20485	0.10172	0.39981	0.01947	0.00990	0.00286	0.00461	0.01653	0.00834	0.00823
17	0.01227	0.00867	0.01139	0.01139	0.01212	0.00940	0.00779	0.01373	0.01300	0.01806	0.02488	0.04500	0.02630	0.39490	0.34299	0.01086	0.01524	0.01081	0.00487	0.00633
18	0.02275	0.70604	0.04459	0.01456	0.02184	0.03367	0.01456	0.02548	0.01729	0.02002	0.01183	0.01365	0.01092	0.00728	0.00546	0.00182	0.00910	0.00455	0.00364	0.01092
19	0.02875	0.20673	0.02938	0.02010	0.02495	0.47006	0.01610	0.03106	0.02175	0.02060	0.01271	0.01511	0.01096	0.00875	0.00830	0.00219	0.05288	0.00536	0.00416	0.01010
20	0.02052	0.01772	0.01862	0.01681	0.02151	0.02035	0.01306	0.04329	0.59668	0.03486	0.03765	0.03468	0.06207	0.01213	0.00874	0.00289	0.00659	0.01011	0.00862	0.01310
21	0.02309	0.02192	0.01986	0.01863	0.05065	0.18064	0.01378	0.11409	0.16492	0.03045	0.02263	0.02520	0.01812	0.01964	0.12844	0.00446	0.01208	0.00775	0.08052	0.04311
22	0.01034	0.00753	0.00975	0.01153	0.01226	0.00694	0.00776	0.01189	0.01660	0.02185	0.05085	0.63378	0.11532	0.02615	0.01078	0.00340	0.00487	0.02357	0.00790	0.00694
23	0.02935	0.01758	0.02032	0.01679	0.02257	0.01853	0.01347	0.12398	0.31291	0.27881	0.03224	0.02908	0.02246	0.01097	0.00860	0.00274	0.00730	0.00893	0.00937	0.01400
24	0.01586	0.00793	0.00793	0.00793	0.00991	0.00793	0.00595	0.01983	0.01785	0.03173	0.02776	0.03173	0.02181	0.00991	0.00595	0.00198	0.00397	0.00793	0.74817	0.00793
25	0.01765	0.01513	0.01765	0.01260	0.02017	0.01134	0.01008	0.02143	0.01765	0.02773	0.01513	0.01765	0.01260	0.00630	0.00630	0.00126	0.00630	0.00504	0.00504	0.75295
26	0.01006	0.00862	0.00862	0.00862	0.01149	0.00718	0.00647	0.01221	0.01940	0.02299	0.08621	0.08190	0.64438	0.02155	0.01006	0.00287	0.00431	0.01796	0.00790	0.00718
27	0.01586	0.00793	0.00793	0.00793	0.00991	0.00793	0.00595	0.01983	0.01785	0.03173	0.02776	0.03173	0.02181	0.00991	0.00595	0.00198	0.00397	0.00793	0.74817	0.00793
28	0.01037	0.00741	0.00987	0.01185	0.01234	0.00691	0.00790	0.01185	0.01629	0.02172	0.04690	0.69537	0.05629	0.02666	0.01086	0.00346	0.00494	0.02419	0.00790	0.00691
29	0.01707	0.04402	0.65683	0.02426	0.03683	0.01976	0.03144	0.02695	0.01797	0.02695	0.01527	0.01797	0.01078	0.00809	0.00809	0.00270	0.01258	0.00629	0.00359	0.01258
30	0.02702	0.34507	0.03361	0.01856	0.02407	0.34607	0.01568	0.02945	0.02046	0.02044	0.01245	0.01472	0.01095	0.00837	0.00761	0.00209	0.04388	0.00515	0.00401	0.01032
31	0.02879	0.03487	0.02703	0.03040	0.20020	0.48587	0.01915	0.03178	0.02279	0.02278	0.01395	0.01695	0.01167	0.00844	0.00788	0.00229	0.01388	0.00607	0.00434	0.01088
32	0.01006	0.00862	0.00862	0.00862	0.01149	0.00718	0.00647	0.01221	0.01940	0.02299	0.08621	0.08190	0.64438	0.02155	0.01006	0.00287	0.00431	0.01796	0.00790	0.00718
33	0.01006	0.00862	0.00862	0.00862	0.01149	0.00718	0.00647	0.01221	0.01940	0.02299	0.08621	0.08190	0.64438	0.02155	0.01006	0.00287	0.00431	0.01796	0.00790	0.00718
34	0.03151	0.02303	0.02464	0.01899	0.02555	0.02545	0.01565	0.58896	0.03888	0.05252	0.02080	0.02101	0.01485	0.01020	0.00838	0.00252	0.00909	0.00768	0.04614	0.01414
35	0.01765	0.01513	0.01765	0.01260	0.02017	0.01134	0.01008	0.02143	0.01765	0.02773	0.01513	0.01765	0.01260	0.00630	0.00630	0.00126	0.00630	0.00504	0.00504	0.75295
36	0.01607	0.01513	0.02552	0.68047	0.05861	0.01891	0.02363	0.02174	0.01702	0.02174	0.01513	0.02269	0.01134	0.00851	0.00851	0.00284	0.01134	0.00756	0.00378	0.00945
37	0.01006	0.00862	0.00862	0.00862	0.01149	0.00718	0.00647	0.01221	0.01940	0.02299	0.08621	0.08190	0.64438	0.02155	0.01006	0.00287	0.00431	0.01796	0.00790	0.00718
38	0.02117	0.01828	0.01924	0.01732	0.02213	0.02117	0.01347	0.04522	0.63246	0.03560	0.03464	0.03175	0.02598	0.01155	0.00866	0.00289	0.00673	0.00962	0.00866	0.01347
39	0.02101	0.02037	0.03542	0.05131	0.61391	0.02029	0.05934	0.02618	0.01942	0.02777	0.01608	0.02117	0.01345	0.00756	0.00852	0.00255	0.01035	0.00772	0.00422	0.01337
40	0.01586	0.00793	0.00793	0.00793	0.00991	0.00793	0.00595	0.01983	0.01785	0.03173	0.02776	0.03173	0.02181	0.00991	0.00595	0.00198	0.00397	0.00793	0.74817	0.00793
41	0.01607	0.01513	0.02552	0.68047	0.05861	0.01891	0.02363	0.02174	0.01702	0.02174	0.01513	0.02269	0.01134	0.00851	0.00851	0.00284	0.01134	0.00756	0.00378	0.00945
42	0.01862	0.01862	0.02607	0.02234	0.02234	0.02607	0.01862	0.02048	0.01303	0.02048	0.01117	0.01862	0.01117	0.01489	0.02793	0.00372	0.68535	0.00745	0.00372	0.00931
43	0.01016	0.00863	0.00877	0.00873	0.01156	0.00723	0.00655	0.01242	0.01965	0.02359	0.11608	0.08092	0.61415	0.02133	0.01006	0.00286	0.00429	0.01782	0.00798	0.00723
44	0.01238	0.00825	0.00928	0.00928	0.00928	0.00825	0.00516	0.01238	0.01238	0.01650	0.02681	0.05569	0.03094	0.70092	0.04331	0.00825	0.00825	0.01238	0.00516	0.00516
45	0.01586	0.00793	0.00793	0.00793	0.00991	0.00793	0.00595	0.01983	0.01785	0.03173	0.02776	0.03173	0.02181	0.00991	0.00595	0.00198	0.00397	0.00793	0.74817	0.00793
46	0.01238	0.00825	0.00928	0.00928	0.00928	0.00825	0.00516	0.01238	0.01238	0.01650	0.02681	0.05569	0.03094	0.70092	0.04331	0.00825	0.00825	0.01238	0.00516	0.00516
47	0.01187	0.00804	0.00943	0.00993	0.01005	0.00791	0.00585	0.01224	0.01336	0.01782	0.03187	0.21665	0.03732	0.53126	0.03515	0.00704	0.00742	0.01535	0.00585	0.00560
48	0.01586	0.00793	0.00793	0.00793	0.00991	0.00793	0.00595	0.01983	0.01785	0.03173	0.02776	0.03173	0.02181	0.00991	0.00595	0.00198	0.00397	0.00793	0.74817	0.00793
49	0.01006	0.00862	0.00862	0.00862	0.01149	0.00718	0.00647	0.01221	0.01940	0.02299	0.08621	0.08190	0.64438	0.02155	0.01006	0.00287	0.00431	0.01796	0.00790	0.00718
50	0.01037	0.00741	0.00987	0.01185	0.01234	0.00691	0.00790	0.01185	0.01629	0.02172	0.04690	0.69537	0.05629	0.02666	0.01086	0.00346	0.00494	0.02419	0.00790	0.00691
51	0.02106	0.02022	0.03454	0.05223	0.64784	0.02022	0.02612	0.02612	0.01938	0.02780	0.01601	0.02106	0.01348	0.00758	0.00842	0.00253	0.01011	0.00758	0.00421	0.01348
52	0.01216	0.00912	0.01368	0.01368	0.01520	0.01064	0.01064	0.01520	0.01368	0.01976	0.02279	0.03343	0.02127	0.06382	0.66720	0.01368	0.02279	0.00912	0.00456	0.00760
53	0.01238	0.00825	0.00928	0.00928	0.00928	0.00825	0.00516	0.01238	0.01238	0.01650	0.02681	0.05569	0.03094	0.70092	0.04331	0.00825	0.00825	0.01238	0.00516	0.00516
54	0.01016	0.00862	0.00876	0.00873	0.01156	0.00723	0.00654	0.01240	0.01963	0.02354	0.11401	0.08098	0.61624	0.02135	0.01006	0.00286	0.00430	0.01783	0.00798	0.00723
55	0.02262	0.61174	0.10266	0.01583	0.02349	0.06135	0.01627	0.02601	0.01767	0.02073	0.01222	0.01414	0.01091	0.00743	0.00581	0.00192	0.00972	0.00476	0.00367	0.01103
56	0.01707	0.04402	0.65683	0.02426	0.03683	0.01976	0.03144	0.02695	0.01797	0.02695	0.01527	0.01797	0.01078	0.00809	0.00809	0.00270	0.01258	0.00629	0.00359	0.01258

[dist]
# distance from previous block
# <min> <max>
0	3

[block]
# block no. 3 follows, 21 sequences, length 72
# corresponding to MSA columns:
# 369-440
name=unknown_D
#
# <colnr> <probs for GDERKNQSTAVLIFYWHMCP>
#	G	D	E	R	K	N	Q	S	T	A	V	L	I	F	Y	W	H	M	C	P
0	0.01997	0.06991	0.29916	0.03676	0.32301	0.05182	0.02727	0.02681	0.01889	0.02667	0.01532	0.01905	0.01207	0.00784	0.00808	0.00254	0.01135	0.00676	0.00393	0.01278
1	0.02225	0.12605	0.06313	0.04218	0.46196	0.08935	0.02362	0.02688	0.01949	0.02588	0.01505	0.01922	0.01271	0.00768	0.00789	0.00239	0.01061	0.00685	0.00412	0.01268
2	0.02117	0.02130	0.03605	0.07600	0.50387	0.04882	0.11445	0.02644	0.01959	0.02715	0.01603	0.02117	0.01319	0.00761	0.00864	0.00258	0.01103	0.00786	0.00421	0.01284
3	0.02035	0.01249	0.01474	0.01336	0.01744	0.01215	0.01070	0.02816	0.16147	0.18674	0.08670	0.05791	0.23035	0.01650	0.00959	0.00295	0.00608	0.09289	0.00882	0.01061
4	0.01478	0.00739	0.01109	0.01109	0.01109	0.00739	0.00739	0.01109	0.01109	0.01478	0.01478	0.02587	0.01478	0.02956	0.03326	0.75240	0.00739	0.00739	0.00370	0.00370
5	0.02106	0.02022	0.03454	0.05223	0.64784	0.02022	0.02612	0.02612	0.01938	0.02780	0.01601	0.02106	0.01348	0.00758	0.00842	0.00253	0.01011	0.00758	0.00421	0.01348
6	0.02052	0.01967	0.03357	0.12026	0.58404	0.02008	0.02585	0.02564	0.01912	0.02715	0.01591	0.02124	0.01325	0.00768	0.00843	0.00256	0.01024	0.00758	0.00417	0.01304
7	0.01586	0.00793	0.00793	0.00793	0.00991	0.00793	0.00595	0.01983	0.01785	0.03173	0.02776	0.03173	0.02181	0.00991	0.00595	0.00198	0.00397	0.00793	0.74817	0.00793
8	0.01765	0.01513	0.01765	0.01260	0.02017	0.01134	0.01008	0.02143	0.01765	0.02773	0.01513	0.01765	0.01260	0.00630	0.00630	0.00126	0.00630	0.00504	0.00504	0.75295
9	0.01006	0.00862	0.00862	0.00862	0.01149	0.00718	0.00647	0.01221	0.01940	0.02299	0.08621	0.08190	0.64438	0.02155	0.01006	0.00287	0.00431	0.01796	0.00790	0.00718
10	0.01586	0.00793	0.00793	0.00793	0.00991	0.00793	0.00595	0.01983	0.01785	0.03173	0.02776	0.03173	0.02181	0.00991	0.00595	0.00198	0.00397	0.00793	0.74817	0.00793
11	0.01238	0.00825	0.00928	0.00928	0.00928	0.00825	0.00516	0.01238	0.01238	0.01650	0.02681	0.05569	0.03094	0.70092	0.04331	0.00825	0.00825	0.01238	0.00516	0.00516
12	0.01787	0.13709	0.57076	0.02289	0.03473	0.02172	0.02907	0.02674	0.01787	0.02598	0.01479	0.01736	0.01080	0.00797	0.00772	0.00257	0.01209	0.00604	0.00360	0.01234
13	0.01006	0.00862	0.00862	0.00862	0.01149	0.00718	0.00647	0.01221	0.01940	0.02299	0.08621	0.08190	0.64438	0.02155	0.01006	0.00287	0.00431	0.01796	0.00790	0.00718
14	0.01006	0.00862	0.00862	0.00862	0.01149	0.00718	0.00647	0.01221	0.01940	0.02299	0.08621	0.08190	0.64438	0.02155	0.01006	0.00287	0.00431	0.01796	0.00790	0.00718
15	0.03182	0.03970	0.02419	0.02180	0.02631	0.63368	0.01643	0.06423	0.02494	0.02252	0.01353	0.01561	0.01114	0.00884	0.00772	0.00221	0.01504	0.00559	0.00460	0.01010
16	0.01707	0.04402	0.65683	0.02426	0.03683	0.01976	0.03144	0.02695	0.01797	0.02695	0.01527	0.01797	0.01078	0.00809	0.00809	0.00270	0.01258	0.00629	0.00359	0.01258
17	0.03127	0.03957	0.02462	0.02339	0.05645	0.63541	0.01691	0.03360	0.02389	0.02117	0.01329	0.01562	0.01108	0.00871	0.00771	0.00221	0.01509	0.00558	0.00438	0.01004
18	0.02275	0.70604	0.04459	0.01456	0.02184	0.03367	0.01456	0.02548	0.01729	0.02002	0.01183	0.01365	0.01092	0.00728	0.00546	0.00182	0.00910	0.00455	0.00364	0.01092
19	0.01037	0.00741	0.00987	0.01185	0.01234	0.00691	0.00790	0.01185	0.01629	0.02172	0.04690	0.69537	0.05629	0.02666	0.01086	0.00346	0.00494	0.02419	0.00790	0.00691
20	0.01607	0.01513	0.02552	0.68047	0.05861	0.01891	0.02363	0.02174	0.01702	0.02174	0.01513	0.02269	0.01134	0.00851	0.00851	0.00284	0.01134	0.00756	0.00378	0.00945
21	0.01962	0.01066	0.01269	0.01158	0.01500	0.00994	0.00919	0.05423	0.02150	0.16977	0.09585	0.08090	0.17576	0.01561	0.00881	0.00270	0.00554	0.07481	0.19630	0.00953
22	0.01204	0.00870	0.01138	0.01071	0.01271	0.00803	0.00803	0.01606	0.02409	0.03413	0.64335	0.06357	0.08030	0.01740	0.01004	0.00268	0.00401	0.01539	0.00937	0.00803
23	0.02163	0.02130	0.03399	0.05063	0.61487	0.05452	0.02560	0.02653	0.01963	0.02743	0.01586	0.02076	0.01335	0.00765	0.00839	0.00251	0.01039	0.00747	0.00422	0.01329
24	0.01238	0.00825	0.00928	0.00928	0.00928	0.00825	0.00516	0.01238	0.01238	0.01650	0.02681	0.05569	0.03094	0.70092	0.04331	0.00825	0.00825	0.01238	0.00516	0.00516
25	0.01899	0.01972	0.03219	0.02577	0.02795	0.02491	0.17029	0.02220	0.01482	0.02220	0.01270	0.01972	0.01161	0.01294	0.02339	0.00351	0.51525	0.00811	0.00387	0.00986
26	0.01216	0.00912	0.01368	0.01368	0.01520	0.01064	0.01064	0.01520	0.01368	0.01976	0.02279	0.03343	0.02127	0.06382	0.66720	0.01368	0.02279	0.00912	0.00456	0.00760
27	0.01204	0.00870	0.01138	0.01071	0.01271	0.00803	0.00803	0.01606	0.02409	0.03413	0.64335	0.06357	0.08030	0.01740	0.01004	0.00268	0.00401	0.01539	0.00937	0.00803
28	0.02106	0.02022	0.03454	0.05223	0.64784	0.02022	0.02612	0.02612	0.01938	0.02780	0.01601	0.02106	0.01348	0.00758	0.00842	0.00253	0.01011	0.00758	0.00421	0.01348
29	0.02781	0.03369	0.02583	0.12830	0.12072	0.47340	0.01895	0.03095	0.02233	0.02197	0.01387	0.01731	0.01138	0.00856	0.00791	0.00234	0.01397	0.00611	0.00427	0.01032
30	0.01216	0.00912	0.01368	0.01368	0.01520	0.01064	0.01064	0.01520	0.01368	0.01976	0.02279	0.03343	0.02127	0.06382	0.66720	0.01368	0.02279	0.00912	0.00456	0.00760
31	0.02951	0.10627	0.02764	0.02490	0.10493	0.48802	0.01747	0.06021	0.02357	0.02321	0.01373	0.01614	0.01145	0.00853	0.00758	0.00221	0.01374	0.00576	0.00448	0.01066
32	0.01006	0.00862	0.00862	0.00862	0.01149	0.00718	0.00647	0.01221	0.01940	0.02299	0.08621	0.08190	0.64438	0.02155	0.01006	0.00287	0.00431	0.01796	0.00790	0.00718
33	0.02968	0.07219	0.02627	0.02447	0.08556	0.54224	0.01737	0.03216	0.02280	0.02144	0.01327	0.01596	0.01121	0.00886	0.00856	0.00228	0.04540	0.00572	0.00430	0.01024
34	0.02172	0.58581	0.15578	0.01632	0.02456	0.03115	0.01763	0.02575	0.01741	0.02128	0.01246	0.01444	0.01090	0.00743	0.00594	0.00198	0.00973	0.00487	0.00363	0.01122
35	0.02533	0.02363	0.02777	0.09858	0.26854	0.13571	0.02024	0.19269	0.02566	0.03340	0.01731	0.02064	0.01356	0.00875	0.00819	0.00248	0.01061	0.00725	0.04727	0.01240
36	0.01006	0.00862	0.00862	0.00862	0.01149	0.00718	0.00647	0.01221	0.01940	0.02299	0.08621	0.08190	0.64438	0.02155	0.01006	0.00287	0.00431	0.01796	0.00790	0.00718
37	0.03202	0.03371	0.02470	0.02096	0.02634	0.40435	0.01633	0.27390	0.03063	0.03427	0.01614	0.01743	0.01240	0.00936	0.00802	0.00234	0.01290	0.00637	0.00608	0.01175
38	0.01239	0.00885	0.01220	0.01416	0.01554	0.00866	0.01142	0.01535	0.01829	0.02399	0.04579	0.33291	0.05187	0.02475	0.01140	0.00374	0.00669	0.36669	0.00786	0.00747
39	0.01586	0.00793	0.00793	0.00793	0.00991	0.00793	0.00595	0.01983	0.01785	0.03173	0.02776	0.03173	0.02181	0.00991	0.00595	0.00198	0.00397	0.00793	0.74817	0.00793
40	0.01037	0.00741	0.00987	0.01185	0.01234	0.00691	0.00790	0.01185	0.01629	0.02172	0.04690	0.69537	0.05629	0.02666	0.01086	0.00346	0.00494	0.02419	0.00790	0.00691
41	0.01037	0.00741	0.00987	0.01185	0.01234	0.00691	0.00790	0.01185	0.01629	0.02172	0.04690	0.69537	0.05629	0.02666	0.01086	0.00346	0.00494	0.02419	0.00790	0.00691
42	0.01221	0.00890	0.01256	0.01256	0.01370	0.01003	0.00925	0.01448	0.01335	0.01893	0.02381	0.03907	0.02372	0.22533	0.50905	0.01230	0.01911	0.00994	0.00471	0.00698
43	0.02117	0.01828	0.01924	0.01732	0.02213	0.02117	0.01347	0.04522	0.63246	0.03560	0.03464	0.03175	0.02598	0.01155	0.00866	0.00289	0.00673	0.00962	0.00866	0.01347
44	0.01767	0.03686	0.47130	0.02494	0.03458	0.02122	0.08329	0.02566	0.01715	0.02566	0.01461	0.01856	0.01106	0.00939	0.01233	0.00292	0.15043	0.00687	0.00369	0.01181
45	0.02939	0.21697	0.02954	0.01997	0.02512	0.49893	0.01594	0.03173	0.02231	0.02061	0.01280	0.01490	0.01095	0.00837	0.00709	0.00209	0.01369	0.00523	0.00419	0.01015
46	0.02322	0.02431	0.03245	0.04614	0.52293	0.15015	0.02417	0.02770	0.02033	0.02640	0.01543	0.01991	0.01297	0.00782	0.00827	0.00246	0.01116	0.00716	0.00425	0.01275
47	0.02106	0.02022	0.03454	0.05223	0.64784	0.02022	0.02612	0.02612	0.01938	0.02780	0.01601	0.02106	0.01348	0.00758	0.00842	0.00253	0.01011	0.00758	0.00421	0.01348
48	0.01006	0.00862	0.00862	0.00862	0.01149	0.00718	0.00647	0.01221	0.01940	0.02299	0.08621	0.08190	0.64438	0.02155	0.01006	0.00287	0.00431	0.01796	0.00790	0.00718
49	0.02362	0.19946	0.03018	0.02024	0.02340	0.22008	0.01694	0.02580	0.01744	0.02047	0.01193	0.01638	0.01104	0.01113	0.01616	0.00278	0.31305	0.00612	0.00390	0.00988
50	0.01025	0.00788	0.00938	0.01058	0.01201	0.00702	0.00733	0.01199	0.01752	0.02222	0.06239	0.45362	0.28804	0.02465	0.01055	0.00323	0.00469	0.02174	0.00790	0.00702
51	0.02106	0.02022	0.03454	0.05223	0.64784	0.02022	0.02612	0.02612	0.01938	0.02780	0.01601	0.02106	0.01348	0.00758	0.00842	0.00253	0.01011	0.00758	0.00421	0.01348
52	0.02905	0.02065	0.02201	0.01725	0.02309	0.02269	0.01413	0.49926	0.03557	0.04924	0.02190	0.02270	0.01594	0.01016	0.00800	0.00244	0.00828	0.00772	0.15678	0.01316
53	0.02131	0.44611	0.25082	0.01824	0.02716	0.06297	0.02038	0.02644	0.01789	0.02241	0.01307	0.01520	0.01088	0.00763	0.00647	0.00214	0.01061	0.00519	0.00366	0.01143
54	0.01788	0.01697	0.02879	0.45319	0.27178	0.01938	0.02453	0.02333	0.01787	0.02394	0.01544	0.02210	0.01212	0.00817	0.00848	0.00272	0.01090	0.00757	0.00394	0.01091
55	0.01037	0.00741	0.00987	0.01185	0.01234	0.00691	0.00790	0.01185	0.01629	0.02172	0.04690	0.69537	0.05629	0.02666	0.01086	0.00346	0.00494	0.02419	0.00790	0.00691
56	0.01330	0.04489	0.01414	0.01258	0.01439	0.01127	0.00981	0.01630	0.01445	0.02148	0.02322	0.03334	0.02134	0.08666	0.49561	0.01094	0.01835	0.00887	0.12137	0.00769
57	0.01238	0.00825	0.00928	0.00928	0.00928	0.00825	0.00516	0.01238	0.01238	0.01650	0.02681	0.05569	0.03094	0.70092	0.04331	0.00825	0.00825	0.01238	0.00516	0.00516
58	0.03179	0.04056	0.02412	0.02192	0.02631	0.66676	0.01644	0.03398	0.02412	0.02083	0.01315	0.01535	0.01096	0.00877	0.00767	0.00219	0.01535	0.00548	0.00438	0.00987
59	0.02907	0.03540	0.02676	0.02961	0.18386	0.50286	0.01890	0.03199	0.02291	0.02260	0.01388	0.01680	0.01160	0.00847	0.00786	0.00228	0.01402	0.00601	0.00434	0.01078
60	0.02992	0.03354	0.02346	0.02066	0.02555	0.43629	0.01585	0.13741	0.13958	0.02924	0.01839	0.01927	0.01435	0.00953	0.00800	0.00238	0.01272	0.00663	0.00589	0.01133
61	0.01238	0.00825	0.00928	0.00928	0.00928	0.00825	0.00516	0.01238	0.01238	0.01650	0.02681	0.05569	0.03094	0.70092	0.04331	0.00825	0.00825	0.01238	0.00516	0.00516
62	0.02417	0.06187	0.03295	0.04066	0.40296	0.20654	0.05599	0.02841	0.02067	0.02537	0.01504	0.01914	0.01259	0.00788	0.00815	0.00241	0.01180	0.00696	0.00424	0.01220
63	0.01109	0.00866	0.01005	0.00970	0.01213	0.00762	0.00728	0.01421	0.02183	0.02876	0.37513	0.07239	0.35186	0.01940	0.01005	0.00277	0.00416	0.01663	0.00866	0.00762
64	0.02117	0.01828	0.01924	0.01732	0.02213	0.02117	0.01347	0.04522	0.63246	0.03560	0.03464	0.03175	0.02598	0.01155	0.00866	0.00289	0.00673	0.00962	0.00866	0.01347
65	0.03179	0.04056	0.02412	0.02192	0.02631	0.66676	0.01644	0.03398	0.02412	0.02083	0.01315	0.01535	0.01096	0.00877	0.00767	0.00219	0.01535	0.00548	0.00438	0.00987
66	0.02731	0.03207	0.02847	0.03457	0.28563	0.39700	0.02048	0.03070	0.02214	0.02374	0.01434	0.01773	0.01201	0.00827	0.00799	0.00233	0.01316	0.00636	0.00431	0.01137
67	0.02724	0.03232	0.02176	0.01987	0.02372	0.47907	0.01507	0.06126	0.02254	0.02235	0.01580	0.01984	0.01356	0.02169	0.16157	0.00489	0.01676	0.00645	0.00465	0.00959
68	0.01228	0.00821	0.00931	0.00940	0.00942	0.00819	0.00528	0.01235	0.01256	0.01674	0.02775	0.08548	0.03212	0.66952	0.04180	0.00803	0.00810	0.01293	0.00528	0.00524
69	0.01097	0.00866	0.00988	0.00957	0.01205	0.00757	0.00718	0.01397	0.02154	0.02808	0.34079	0.07352	0.38662	0.01965	0.01005	0.00278	0.00418	0.01679	0.00857	0.00757
70	0.02106	0.02022	0.03454	0.05223	0.64784	0.02022	0.02612	0.02612	0.01938	0.02780	0.01601	0.02106	0.01348	0.00758	0.00842	0.00253	0.01011	0.00758	0.00421	0.01348
71	0.02788	0.19266	0.02964	0.02187	0.05829	0.42459	0.01673	0.03032	0.02124	0.02098	0.01281	0.01556	0.01111	0.00893	0.00909	0.00227	0.07610	0.00556	0.00414	0.01025

[dist]
# distance from previous block
# <min> <max>
0	7

[block]
# block no. 4 follows, 21 sequences, length 109
# corresponding to MSA columns:
# 448-556
name=unknown_E
#
# <colnr> <probs for GDERKNQSTAVLIFYWHMCP>
#	G	D	E	R	K	N	Q	S	T	A	V	L	I	F	Y	W	H	M	C	P
0	0.02837	0.03304	0.02677	0.02978	0.19456	0.42527	0.01890	0.06291	0.05466	0.02518	0.01540	0.01800	0.01259	0.00866	0.00797	0.00234	0.01318	0.00638	0.00477	0.01127
1	0.02106	0.02022	0.03454	0.05223	0.64784	0.02022	0.02612	0.02612	0.01938	0.02780	0.01601	0.02106	0.01348	0.00758	0.00842	0.00253	0.01011	0.00758	0.00421	0.01348
2	0.02132	0.02112	0.01741	0.01600	0.01960	0.21881	0.01225	0.02896	0.15543	0.05514	0.22390	0.04276	0.07507	0.01368	0.00902	0.00264	0.00853	0.04083	0.00753	0.01000
3	0.17102	0.01211	0.01170	0.01181	0.01497	0.04153	0.00956	0.01762	0.01888	0.02735	0.08490	0.06723	0.28944	0.01838	0.00939	0.00306	0.00625	0.16961	0.00724	0.00796
4	0.02403	0.61182	0.04169	0.01560	0.02247	0.12331	0.01483	0.02669	0.01826	0.02014	0.01202	0.01389	0.01093	0.00749	0.00577	0.00187	0.00999	0.00468	0.00375	0.01077
5	0.01222	0.00888	0.01249	0.01249	0.01359	0.00999	0.00915	0.01443	0.01332	0.01887	0.02388	0.03947	0.02389	0.23651	0.49810	0.01221	0.01885	0.01000	0.00472	0.00694
6	0.02106	0.02022	0.03454	0.05223	0.64784	0.02022	0.02612	0.02612	0.01938	0.02780	0.01601	0.02106	0.01348	0.00758	0.00842	0.00253	0.01011	0.00758	0.00421	0.01348
7	0.01503	0.19802	0.02206	0.01392	0.01700	0.01688	0.01170	0.01798	0.01466	0.01983	0.01982	0.02807	0.01847	0.04850	0.48784	0.01046	0.01908	0.00788	0.00431	0.00850
8	0.01120	0.00846	0.00906	0.00903	0.01056	0.00771	0.00596	0.01249	0.01648	0.02065	0.08851	0.06916	0.33914	0.32685	0.02501	0.00528	0.00607	0.01532	0.00674	0.00632
9	0.01187	0.00856	0.01122	0.01083	0.01267	0.00791	0.00802	0.01562	0.02327	0.03283	0.58087	0.12975	0.07778	0.01837	0.01012	0.00276	0.00411	0.01631	0.00921	0.00791
10	0.03112	0.03944	0.02422	0.02195	0.02611	0.63411	0.01655	0.03329	0.02355	0.02081	0.01305	0.01551	0.01097	0.00908	0.00871	0.00227	0.04949	0.00558	0.00435	0.00984
11	0.01014	0.00829	0.00896	0.00950	0.01172	0.00711	0.00685	0.01211	0.01856	0.02265	0.07556	0.24818	0.48498	0.02294	0.01028	0.00303	0.00448	0.01965	0.00790	0.00711
12	0.02396	0.61710	0.04186	0.01555	0.02244	0.11829	0.01481	0.02662	0.01820	0.02013	0.01201	0.01388	0.01093	0.00748	0.00576	0.00187	0.00994	0.00467	0.00374	0.01078
13	0.01547	0.01299	0.01565	0.01503	0.01757	0.04253	0.01166	0.02417	0.18186	0.02410	0.02558	0.03218	0.02209	0.04722	0.45951	0.01024	0.01811	0.00909	0.00566	0.00929
14	0.01573	0.01210	0.01521	0.01612	0.01885	0.01288	0.01365	0.02511	0.18571	0.02821	0.04223	0.07858	0.04274	0.02027	0.01092	0.00364	0.00754	0.43310	0.00806	0.00936
15	0.02590	0.03190	0.01992	0.01832	0.02229	0.48798	0.01374	0.02808	0.02284	0.02141	0.03296	0.03339	0.18265	0.01223	0.00832	0.00238	0.01236	0.00886	0.00534	0.00914
16	0.01990	0.02634	0.17938	0.04148	0.34626	0.02047	0.18746	0.02662	0.01925	0.02746	0.01617	0.02088	0.01272	0.00759	0.00879	0.00266	0.01182	0.00796	0.00410	0.01273
17	0.03179	0.04056	0.02412	0.02192	0.02631	0.66676	0.01644	0.03398	0.02412	0.02083	0.01315	0.01535	0.01096	0.00877	0.00767	0.00219	0.01535	0.00548	0.00438	0.00987
18	0.01037	0.00741	0.00987	0.01185	0.01234	0.00691	0.00790	0.01185	0.01629	0.02172	0.04690	0.69537	0.05629	0.02666	0.01086	0.00346	0.00494	0.02419	0.00790	0.00691
19	0.01951	0.01664	0.01788	0.01622	0.02019	0.04409	0.01266	0.08586	0.35204	0.03159	0.03227	0.03343	0.05872	0.02606	0.18718	0.00575	0.01153	0.00962	0.00732	0.01146
20	0.02415	0.02026	0.02085	0.01794	0.02309	0.04994	0.01418	0.19652	0.41628	0.03896	0.02931	0.02811	0.02202	0.01375	0.04231	0.00332	0.00863	0.00889	0.00823	0.01328
21	0.01218	0.00837	0.01006	0.00998	0.01061	0.00823	0.00630	0.01346	0.01575	0.02161	0.19227	0.08835	0.04494	0.45695	0.06044	0.00677	0.00760	0.01362	0.00639	0.00612
22	0.03109	0.02285	0.02444	0.01893	0.02543	0.02530	0.01558	0.56652	0.06444	0.05183	0.02139	0.02145	0.01531	0.01026	0.00840	0.00254	0.00900	0.00776	0.04337	0.01412
23	0.01962	0.02179	0.04612	0.12005	0.08108	0.02111	0.50626	0.02648	0.01965	0.02658	0.01688	0.02281	0.01274	0.00737	0.00975	0.00285	0.01372	0.00958	0.00423	0.01133
24	0.03050	0.03570	0.02323	0.02070	0.02529	0.52089	0.01573	0.10583	0.05846	0.02619	0.01592	0.01766	0.01274	0.00915	0.00774	0.00226	0.01359	0.00609	0.04180	0.01053
25	0.02132	0.02330	0.02388	0.02107	0.02246	0.19766	0.01696	0.02343	0.01612	0.02048	0.01326	0.01971	0.01246	0.01977	0.10788	0.00464	0.41519	0.00714	0.00401	0.00923
26	0.03026	0.02222	0.02393	0.01889	0.02527	0.02463	0.01543	0.47077	0.16458	0.07809	0.02406	0.02323	0.01722	0.01051	0.00855	0.00263	0.00871	0.00812	0.00864	0.01426
27	0.02196	0.13126	0.37823	0.02350	0.05761	0.19554	0.02491	0.02861	0.01959	0.02441	0.01427	0.01681	0.01096	0.00814	0.00764	0.00244	0.01275	0.00589	0.00384	0.01166
28	0.02070	0.02124	0.04040	0.04611	0.42218	0.02071	0.24708	0.02654	0.01964	0.02760	0.01646	0.02177	0.01327	0.00743	0.00903	0.00266	0.01169	0.00850	0.00425	0.01273
29	0.01015	0.00862	0.00875	0.00872	0.01155	0.00722	0.00654	0.01239	0.01962	0.02351	0.11250	0.08103	0.61777	0.02136	0.01006	0.00286	0.00430	0.01784	0.00797	0.00722
30	0.01646	0.01262	0.01526	0.01449	0.01657	0.01379	0.01093	0.14592	0.02138	0.02904	0.03913	0.37535	0.09292	0.02036	0.01236	0.00318	0.09675	0.01713	0.03742	0.00895
31	0.02106	0.02022	0.03454	0.05223	0.64784	0.02022	0.02612	0.02612	0.01938	0.02780	0.01601	0.02106	0.01348	0.00758	0.00842	0.00253	0.01011	0.00758	0.00421	0.01348
32	0.01037	0.00741	0.00987	0.01185	0.01234	0.00691	0.00790	0.01185	0.01629	0.02172	0.04690	0.69537	0.05629	0.02666	0.01086	0.00346	0.00494	0.02419	0.00790	0.00691
33	0.03179	0.04056	0.02412	0.02192	0.02631	0.66676	0.01644	0.03398	0.02412	0.02083	0.01315	0.01535	0.01096	0.00877	0.00767	0.00219	0.01535	0.00548	0.00438	0.00987
34	0.01037	0.00741	0.00987	0.01185	0.01234	0.00691	0.00790	0.01185	0.01629	0.02172	0.04690	0.69537	0.05629	0.02666	0.01086	0.00346	0.00494	0.02419	0.00790	0.00691
35	0.03179	0.04056	0.02412	0.02192	0.02631	0.66676	0.01644	0.03398	0.02412	0.02083	0.01315	0.01535	0.01096	0.00877	0.00767	0.00219	0.01535	0.00548	0.00438	0.00987
36	0.01219	0.00841	0.01050	0.01171	0.01262	0.00816	0.00794	0.04523	0.01735	0.02382	0.04210	0.54693	0.04890	0.08359	0.01317	0.00370	0.00538	0.02089	0.07013	0.00725
37	0.76103	0.01646	0.01251	0.01119	0.01646	0.01909	0.00922	0.02502	0.01448	0.03818	0.01185	0.01382	0.00922	0.00790	0.00527	0.00263	0.00658	0.00461	0.00527	0.00922
38	0.01131	0.00867	0.01036	0.00994	0.01226	0.00772	0.00745	0.01464	0.02236	0.03002	0.43818	0.07032	0.28803	0.01893	0.01004	0.00275	0.00412	0.01634	0.00883	0.00772
39	0.02009	0.02296	0.05022	0.03587	0.04448	0.02152	0.61693	0.02726	0.02009	0.02726	0.01722	0.02296	0.01291	0.00717	0.01004	0.00287	0.01435	0.01004	0.00430	0.01148
40	0.01238	0.00825	0.00928	0.00928	0.00928	0.00825	0.00516	0.01238	0.01238	0.01650	0.02681	0.05569	0.03094	0.70092	0.04331	0.00825	0.00825	0.01238	0.00516	0.00516
41	0.02819	0.01904	0.02047	0.01619	0.02168	0.02066	0.01321	0.42684	0.03319	0.07894	0.02310	0.02394	0.01681	0.01015	0.00782	0.00240	0.00779	0.00778	0.20910	0.01270
42	0.02106	0.02022	0.03454	0.05223	0.64784	0.02022	0.02612	0.02612	0.01938	0.02780	0.01601	0.02106	0.01348	0.00758	0.00842	0.00253	0.01011	0.00758	0.00421	0.01348
43	0.01045	0.00793	0.00936	0.01043	0.01173	0.00714	0.00711	0.01203	0.01703	0.02166	0.05911	0.41044	0.26621	0.09157	0.01378	0.00372	0.00504	0.02077	0.00763	0.00684
44	0.01232	0.00849	0.01047	0.01047	0.01088	0.00890	0.00664	0.01314	0.01273	0.01738	0.02572	0.04966	0.02832	0.52824	0.21241	0.00972	0.01219	0.01149	0.00499	0.00582
45	0.01216	0.00912	0.01368	0.01368	0.01520	0.01064	0.01064	0.01520	0.01368	0.01976	0.02279	0.03343	0.02127	0.06382	0.66720	0.01368	0.02279	0.00912	0.00456	0.00760
46	0.01022	0.00798	0.00928	0.01033	0.01194	0.00704	0.00723	0.01202	0.01775	0.02232	0.06539	0.40683	0.33289	0.02426	0.01048	0.00318	0.00464	0.02126	0.00790	0.00704
