[name]
unknown

[dist]
# distance from previous block
# <min> <max>
0	0

[block]
# block no. 0 follows, 22 sequences, length 59
# corresponding to MSA columns:
# 0-58
name=unknown_A
#
# <colnr> <probs for GDERKNQSTAVLIFYWHMCP>
#	G	D	E	R	K	N	Q	S	T	A	V	L	I	F	Y	W	H	M	C	P
0	0.01339	0.00956	0.01339	0.01530	0.01721	0.00956	0.01339	0.01721	0.01912	0.02486	0.04399	0.09371	0.04781	0.02295	0.01147	0.00382	0.00765	0.60031	0.00765	0.00765
1	0.02739	0.02982	0.02575	0.06247	0.13200	0.34505	0.01815	0.14539	0.02442	0.02769	0.01461	0.01755	0.01181	0.00917	0.00961	0.00243	0.07433	0.00639	0.00494	0.01102
2	0.00985	0.00829	0.00855	0.00875	0.01131	0.00699	0.00646	0.01188	0.01861	0.02231	0.08010	0.14583	0.58959	0.02157	0.00990	0.00287	0.00427	0.01818	0.00771	0.00699
3	0.01935	0.01850	0.03153	0.20935	0.50732	0.01942	0.02489	0.02443	0.01834	0.02567	0.01541	0.02096	0.01264	0.00763	0.00824	0.00254	0.01017	0.00740	0.00401	0.01218
4	0.09422	0.39748	0.26880	0.01737	0.02618	0.02647	0.01975	0.02536	0.01685	0.02379	0.01279	0.01489	0.01044	0.00746	0.00625	0.00217	0.00989	0.00507	0.00369	0.01109
5	0.01093	0.00781	0.01057	0.01250	0.01333	0.00745	0.00912	0.01297	0.01671	0.02212	0.04534	0.55126	0.05317	0.02526	0.01082	0.00349	0.00552	0.16697	0.00770	0.00697
6	0.01012	0.00723	0.00964	0.01157	0.01205	0.00675	0.00771	0.01157	0.01591	0.02121	0.04579	0.70262	0.05495	0.02603	0.01060	0.00337	0.00482	0.02362	0.00771	0.00675
7	0.01727	0.15597	0.02456	0.01715	0.01933	0.05180	0.01441	0.01970	0.01430	0.01966	0.01530	0.02236	0.01447	0.03031	0.25999	0.00676	0.27668	0.00721	0.00395	0.00882
8	0.03103	0.03959	0.02354	0.02140	0.02568	0.67469	0.01605	0.03317	0.02354	0.02033	0.01284	0.01498	0.01070	0.00856	0.00749	0.00214	0.01498	0.00535	0.00428	0.00963
9	0.01666	0.04297	0.66500	0.02368	0.03596	0.01929	0.03069	0.02631	0.01754	0.02631	0.01491	0.01754	0.01052	0.00789	0.00789	0.00263	0.01228	0.00614	0.00351	0.01228
10	0.00996	0.00787	0.00898	0.00988	0.01161	0.00689	0.00696	0.01176	0.01753	0.02187	0.06634	0.36902	0.37528	0.02335	0.01018	0.00307	0.00449	0.02036	0.00771	0.00689
11	0.00992	0.00842	0.00856	0.00853	0.01129	0.00706	0.00640	0.01213	0.01919	0.02304	0.11528	0.07897	0.62136	0.02082	0.00982	0.00279	0.00419	0.01740	0.00779	0.00706
12	0.00982	0.00842	0.00842	0.00842	0.01122	0.00701	0.00631	0.01192	0.01894	0.02244	0.08416	0.07995	0.65285	0.02104	0.00982	0.00281	0.00421	0.01753	0.00771	0.00701
13	0.01007	0.00794	0.00893	0.00967	0.01142	0.00697	0.00678	0.01179	0.01737	0.02160	0.06595	0.31983	0.38526	0.06252	0.01199	0.00333	0.00467	0.01958	0.00756	0.00680
14	0.02056	0.01974	0.03372	0.05099	0.65622	0.01974	0.02550	0.02550	0.01892	0.02714	0.01563	0.02056	0.01316	0.00740	0.00822	0.00247	0.00987	0.00740	0.00411	0.01316
15	0.00982	0.00842	0.00842	0.00842	0.01122	0.00701	0.00631	0.01192	0.01894	0.02244	0.08416	0.07995	0.65285	0.02104	0.00982	0.00281	0.00421	0.01753	0.00771	0.00701
16	0.02124	0.01813	0.01911	0.01702	0.02182	0.02093	0.01329	0.07493	0.60949	0.03568	0.03308	0.03041	0.02477	0.01120	0.00845	0.00280	0.00671	0.00929	0.00845	0.01320
17	0.01682	0.04189	0.63254	0.02428	0.03635	0.01938	0.06206	0.02632	0.01765	0.02632	0.01501	0.01780	0.01063	0.00785	0.00799	0.00264	0.01237	0.00633	0.00354	0.01222
18	0.01208	0.00805	0.00906	0.00906	0.00906	0.00805	0.00503	0.01208	0.01208	0.01611	0.02618	0.05436	0.03020	0.70804	0.04228	0.00805	0.00805	0.01208	0.00503	0.00503
19	0.01012	0.00723	0.00964	0.01157	0.01205	0.00675	0.00771	0.01157	0.01591	0.02121	0.04579	0.70262	0.05495	0.02603	0.01060	0.00337	0.00482	0.02362	0.00771	0.00675
20	0.02431	0.02474	0.02050	0.01838	0.02303	0.22110	0.01415	0.06585	0.42630	0.03109	0.02680	0.02562	0.02039	0.01039	0.00815	0.00260	0.00926	0.00807	0.00717	0.01211
21	0.00982	0.00842	0.00842	0.00842	0.01122	0.00701	0.00631	0.01192	0.01894	0.02244	0.08416	0.07995	0.65285	0.02104	0.00982	0.00281	0.00421	0.01753	0.00771	0.00701
22	0.01245	0.01073	0.01831	0.05166	0.02061	0.01027	0.12968	0.01546	0.01747	0.02355	0.10260	0.46575	0.04682	0.02041	0.01024	0.00315	0.00685	0.01915	0.00696	0.00787
23	0.01666	0.04297	0.66500	0.02368	0.03596	0.01929	0.03069	0.02631	0.01754	0.02631	0.01491	0.01754	0.01052	0.00789	0.00789	0.00263	0.01228	0.00614	0.00351	0.01228
24	0.01006	0.00843	0.00875	0.00867	0.01137	0.00711	0.00650	0.01238	0.01950	0.02378	0.15408	0.07775	0.58210	0.02054	0.00982	0.00278	0.00417	0.01722	0.00789	0.00711
25	0.01961	0.02241	0.04902	0.03501	0.04342	0.02101	0.62605	0.02661	0.01961	0.02661	0.01681	0.02241	0.01261	0.00700	0.00980	0.00280	0.01401	0.00980	0.00420	0.01120
26	0.03103	0.03959	0.02354	0.02140	0.02568	0.67469	0.01605	0.03317	0.02354	0.02033	0.01284	0.01498	0.01070	0.00856	0.00749	0.00214	0.01498	0.00535	0.00428	0.00963
27	0.01081	0.00772	0.01043	0.01236	0.01314	0.00734	0.00891	0.01276	0.01658	0.02198	0.04541	0.57409	0.05344	0.02538	0.01079	0.00347	0.00542	0.14535	0.00770	0.00694
28	0.00982	0.00842	0.00842	0.00842	0.01122	0.00701	0.00631	0.01192	0.01894	0.02244	0.08416	0.07995	0.65285	0.02104	0.00982	0.00281	0.00421	0.01753	0.00771	0.00701
29	0.00982	0.00842	0.00842	0.00842	0.01122	0.00701	0.00631	0.01192	0.01894	0.02244	0.08416	0.07995	0.65285	0.02104	0.00982	0.00281	0.00421	0.01753	0.00771	0.00701
30	0.03243	0.02191	0.02409	0.01847	0.02508	0.02374	0.01526	0.54084	0.03678	0.14326	0.02186	0.02119	0.01509	0.01002	0.00832	0.00250	0.00883	0.00761	0.00860	0.01413
31	0.01012	0.00723	0.00964	0.01157	0.01205	0.00675	0.00771	0.01157	0.01591	0.02121	0.04579	0.70262	0.05495	0.02603	0.01060	0.00337	0.00482	0.02362	0.00771	0.00675
32	0.06921	0.02147	0.02454	0.42010	0.10106	0.18171	0.02062	0.02479	0.01838	0.02259	0.01416	0.01966	0.01103	0.00825	0.00789	0.00257	0.01163	0.00669	0.00397	0.00967
33	0.00982	0.00842	0.00842	0.00842	0.01122	0.00701	0.00631	0.01192	0.01894	0.02244	0.08416	0.07995	0.65285	0.02104	0.00982	0.00281	0.00421	0.01753	0.00771	0.00701
34	0.02910	0.09849	0.02582	0.02250	0.06647	0.54512	0.01638	0.03239	0.04939	0.02133	0.01382	0.01589	0.01149	0.00847	0.00738	0.00216	0.01373	0.00558	0.00438	0.01011
35	0.01176	0.00849	0.01110	0.01045	0.01241	0.00784	0.00784	0.01568	0.02352	0.03331	0.65184	0.06206	0.07839	0.01698	0.00980	0.00261	0.00392	0.01502	0.00914	0.00784
36	0.02056	0.01974	0.03372	0.05099	0.65622	0.01974	0.02550	0.02550	0.01892	0.02714	0.01563	0.02056	0.01316	0.00740	0.00822	0.00247	0.00987	0.00740	0.00411	0.01316
37	0.01994	0.01740	0.01968	0.11476	0.02679	0.02034	0.01460	0.04080	0.55015	0.03278	0.03104	0.02970	0.02328	0.01084	0.00843	0.00281	0.00723	0.00910	0.00776	0.01258
38	0.03045	0.08377	0.02485	0.02093	0.02540	0.63259	0.01593	0.03263	0.02310	0.02028	0.01276	0.01487	0.01070	0.00847	0.00735	0.00212	0.01458	0.00529	0.00423	0.00970
39	0.01071	0.00801	0.00966	0.01011	0.01161	0.00727	0.00708	0.01290	0.01852	0.02447	0.22781	0.27839	0.22447	0.09422	0.01351	0.00349	0.00473	0.01825	0.00784	0.00695
40	0.01187	0.00890	0.01335	0.01335	0.01483	0.01038	0.01038	0.01483	0.01335	0.01928	0.02225	0.03264	0.02077	0.06231	0.67512	0.01335	0.02225	0.00890	0.00445	0.00742
41	0.01208	0.00805	0.00906	0.00906	0.00906	0.00805	0.00503	0.01208	0.01208	0.01611	0.02618	0.05436	0.03020	0.70804	0.04228	0.00805	0.00805	0.01208	0.00503	0.00503
42	0.01541	0.00987	0.01375	0.01509	0.01734	0.00968	0.01303	0.01907	0.01940	0.08254	0.04305	0.11498	0.04566	0.02194	0.01115	0.00369	0.00747	0.52079	0.00789	0.00820
43	0.01996	0.02167	0.02453	0.50265	0.04845	0.20098	0.02112	0.02455	0.01854	0.02098	0.01423	0.02015	0.01097	0.00838	0.00808	0.00259	0.01216	0.00682	0.00386	0.00934
44	0.01666	0.04297	0.66500	0.02368	0.03596	0.01929	0.03069	0.02631	0.01754	0.02631	0.01491	0.01754	0.01052	0.00789	0.00789	0.00263	0.01228	0.00614	0.00351	0.01228
45	0.01549	0.00774	0.00774	0.00774	0.00968	0.00774	0.00581	0.01936	0.01742	0.03097	0.02710	0.03097	0.02129	0.00968	0.00581	0.00194	0.00387	0.00774	0.75416	0.00774
46	0.01012	0.00723	0.00964	0.01157	0.01205	0.00675	0.00771	0.01157	0.01591	0.02121	0.04579	0.70262	0.05495	0.02603	0.01060	0.00337	0.00482	0.02362	0.00771	0.00675
47	0.03184	0.02285	0.02467	0.01892	0.02555	0.02514	0.01563	0.60166	0.03836	0.08021	0.02053	0.02033	0.01442	0.00999	0.00831	0.00250	0.00905	0.00752	0.00840	0.01413
48	0.01004	0.00756	0.00930	0.01069	0.01182	0.00682	0.00732	0.01167	0.01675	0.02155	0.05646	0.52943	0.22125	0.02464	0.01039	0.00322	0.00465	0.02192	0.00771	0.00682
49	0.01075	0.00795	0.01019	0.01174	0.01298	0.00739	0.00864	0.01283	0.01717	0.02222	0.05284	0.45344	0.16928	0.02441	0.01064	0.00336	0.00530	0.14417	0.00770	0.00699
50	0.02297	0.05982	0.02080	0.01794	0.02152	0.25496	0.01437	0.11858	0.02266	0.02624	0.02355	0.07166	0.02301	0.01882	0.08009	0.00387	0.04262	0.14119	0.00580	0.00953
51	0.01336	0.20404	0.01855	0.01098	0.01428	0.01413	0.00893	0.01542	0.01745	0.02126	0.05238	0.24939	0.29373	0.01867	0.00881	0.00269	0.00569	0.01573	0.00656	0.00795
52	0.02049	0.16605	0.03683	0.08333	0.41807	0.02256	0.08649	0.02520	0.01841	0.02509	0.01483	0.01933	0.01244	0.00736	0.00779	0.00238	0.01018	0.00703	0.00398	0.01217
53	0.01789	0.02334	0.17354	0.01882	0.06390	0.08505	0.01632	0.02646	0.14918	0.02579	0.04783	0.03135	0.05372	0.11498	0.04581	0.00381	0.00978	0.00865	0.00550	0.07827
54	0.05702	0.28125	0.02557	0.01401	0.01819	0.05253	0.01209	0.02182	0.05188	0.02195	0.04816	0.02468	0.01882	0.03050	0.27980	0.00667	0.01415	0.00711	0.00459	0.00920
55	0.30857	0.05775	0.07713	0.01590	0.02157	0.15044	0.01374	0.03168	0.16267	0.05998	0.01826	0.01889	0.01389	0.00881	0.00679	0.00251	0.00885	0.00613	0.00575	0.01070
56	0.26526	0.01661	0.04520	0.09246	0.22550	0.01725	0.01679	0.02249	0.01588	0.02822	0.01557	0.02081	0.01308	0.01920	0.14798	0.00484	0.01155	0.00671	0.00446	0.01014
57	0.02056	0.22532	0.23794	0.02207	0.05736	0.11509	0.06068	0.02572	0.01773	0.02269	0.01375	0.01717	0.01133	0.01071	0.03810	0.00289	0.08020	0.00608	0.00376	0.01089
58	0.04490	0.08556	0.28399	0.01922	0.02599	0.07865	0.02024	0.02459	0.05783	0.02428	0.02083	0.06154	0.04596	0.01537	0.06866	0.00364	0.09577	0.00802	0.00451	0.01045

[dist]
# distance from previous block
# <min> <max>
23	72

[block]
# block no. 1 follows, 22 sequences, length 10
# corresponding to MSA columns:
# 146-155
name=unknown_B
#
# <colnr> <probs for GDERKNQSTAVLIFYWHMCP>
#	G	D	E	R	K	N	Q	S	T	A	V	L	I	F	Y	W	H	M	C	P
0	0.01644	0.06480	0.10010	0.01557	0.02105	0.05912	0.05001	0.04228	0.01829	0.02460	0.02995	0.14270	0.10562	0.01724	0.06866	0.00332	0.00928	0.01067	0.00549	0.19480
1	0.02601	0.07743	0.02798	0.02161	0.02706	0.35743	0.11783	0.07171	0.06066	0.02554	0.04753	0.01996	0.01567	0.00872	0.00787	0.00226	0.01233	0.00689	0.00504	0.06047
2	0.17921	0.17067	0.14692	0.01964	0.02670	0.12476	0.11923	0.02601	0.01839	0.02681	0.05740	0.01929	0.01529	0.00827	0.00717	0.00239	0.01047	0.00654	0.00449	0.01034
3	0.07613	0.08728	0.38531	0.02417	0.07225	0.12529	0.06495	0.02713	0.01842	0.02575	0.01425	0.01703	0.01076	0.00784	0.00758	0.00249	0.01198	0.00609	0.00384	0.01147
4	0.14055	0.01932	0.17663	0.01379	0.01943	0.01345	0.01380	0.02119	0.07497	0.02875	0.13920	0.04568	0.23420	0.01394	0.00841	0.00269	0.00679	0.01132	0.00651	0.00937
5	0.01186	0.00952	0.01131	0.01133	0.01356	0.00966	0.00847	0.01660	0.09086	0.02255	0.05233	0.13810	0.28684	0.06137	0.21026	0.00625	0.01013	0.01453	0.00671	0.00775
6	0.02857	0.22733	0.02911	0.01940	0.02447	0.49577	0.01554	0.03086	0.02168	0.02011	0.01248	0.01452	0.01069	0.00816	0.00689	0.00204	0.01328	0.00510	0.00408	0.00992
7	0.01346	0.01088	0.01109	0.01156	0.01313	0.06790	0.00803	0.01515	0.01756	0.04787	0.09152	0.35780	0.16416	0.11342	0.01426	0.00369	0.00608	0.01798	0.00725	0.00721
8	0.01424	0.01034	0.01167	0.01074	0.01395	0.00936	0.00816	0.07068	0.02124	0.06583	0.15169	0.14822	0.35131	0.01854	0.00948	0.00272	0.00498	0.01574	0.00797	0.05313
9	0.02287	0.01608	0.01807	0.01534	0.02049	0.01684	0.01199	0.03806	0.39055	0.15460	0.03032	0.02981	0.02277	0.05198	0.01011	0.00285	0.00670	0.00869	0.00808	0.12382

[dist]
# distance from previous block
# <min> <max>
22	151

[block]
# block no. 2 follows, 22 sequences, length 9
# corresponding to MSA columns:
# 312-320
name=unknown_C
#
# <colnr> <probs for GDERKNQSTAVLIFYWHMCP>
#	G	D	E	R	K	N	Q	S	T	A	V	L	I	F	Y	W	H	M	C	P
0	0.02369	0.02480	0.02541	0.03052	0.25086	0.22535	0.01866	0.05992	0.13041	0.02734	0.02102	0.02801	0.01808	0.01015	0.00837	0.00256	0.01064	0.06719	0.00549	0.01154
1	0.09716	0.01794	0.01746	0.01491	0.01921	0.07092	0.01140	0.18350	0.14240	0.03316	0.02371	0.07652	0.02129	0.14247	0.01431	0.00352	0.00803	0.00915	0.00668	0.08626
2	0.02042	0.02127	0.02193	0.02527	0.18905	0.19859	0.01547	0.02323	0.01784	0.02199	0.01717	0.02569	0.01609	0.12787	0.11002	0.00477	0.04597	0.00754	0.00441	0.08541
3	0.02106	0.01816	0.02601	0.10571	0.12914	0.01934	0.09733	0.18328	0.11343	0.03337	0.02868	0.03433	0.08242	0.01134	0.00893	0.00275	0.00914	0.05754	0.00645	0.01160
4	0.09442	0.15350	0.02778	0.08220	0.18048	0.06928	0.01711	0.05791	0.14027	0.07088	0.01906	0.02074	0.01483	0.00860	0.00738	0.00242	0.00896	0.00686	0.00553	0.01179
5	0.02132	0.02381	0.08849	0.02794	0.22919	0.14392	0.01832	0.11283	0.02264	0.02837	0.03156	0.03287	0.16102	0.01122	0.00843	0.00250	0.00968	0.00924	0.00554	0.01111
6	0.01973	0.02146	0.01951	0.14114	0.06393	0.24901	0.01483	0.02269	0.01839	0.02057	0.02368	0.03006	0.07967	0.07239	0.16194	0.00531	0.01402	0.00837	0.00460	0.00867
7	0.01780	0.01669	0.01915	0.02284	0.18777	0.07684	0.01390	0.08263	0.07229	0.02754	0.04840	0.04779	0.30448	0.01428	0.00891	0.00262	0.00744	0.01198	0.00654	0.01013
8	0.02788	0.28010	0.03068	0.01884	0.02413	0.44548	0.01540	0.03021	0.02116	0.02005	0.01238	0.01439	0.01069	0.00804	0.00672	0.00201	0.01280	0.00503	0.00402	0.01000

[dist]
# distance from previous block
# <min> <max>
0	11

[block]
# block no. 3 follows, 22 sequences, length 26
# corresponding to MSA columns:
# 332-357
name=unknown_D
#
# <colnr> <probs for GDERKNQSTAVLIFYWHMCP>
#	G	D	E	R	K	N	Q	S	T	A	V	L	I	F	Y	W	H	M	C	P
0	0.01386	0.01128	0.01307	0.01212	0.01368	0.03678	0.00877	0.01556	0.01437	0.01983	0.02851	0.04227	0.09252	0.28607	0.16797	0.00696	0.09038	0.01032	0.04128	0.07441
1	0.01486	0.01194	0.01569	0.01474	0.01667	0.01420	0.01145	0.04438	0.12062	0.02301	0.02321	0.03220	0.02103	0.10439	0.40655	0.00958	0.09256	0.00903	0.00524	0.00863
2	0.11468	0.03012	0.30225	0.03174	0.23255	0.04152	0.07920	0.02606	0.01793	0.02781	0.01481	0.01834	0.01137	0.00765	0.00780	0.00257	0.01100	0.00664	0.00400	0.01195
3	0.01456	0.01267	0.01670	0.02036	0.16665	0.01245	0.01232	0.02121	0.12176	0.02785	0.17828	0.05406	0.27782	0.01535	0.00921	0.00269	0.00588	0.01326	0.00728	0.00965
4	0.02915	0.09579	0.02666	0.02374	0.09560	0.45578	0.01690	0.11240	0.02453	0.02537	0.01400	0.01613	0.01144	0.00849	0.00749	0.00219	0.01307	0.00579	0.00474	0.01073
5	0.01782	0.01737	0.05027	0.03830	0.44906	0.01628	0.02057	0.02256	0.01999	0.02843	0.17433	0.03307	0.05549	0.01033	0.00866	0.00252	0.00827	0.00964	0.00547	0.01157
6	0.02133	0.02392	0.08801	0.03856	0.38437	0.09296	0.06387	0.02955	0.12123	0.02752	0.01831	0.02150	0.01461	0.00818	0.00826	0.00253	0.01040	0.00755	0.00479	0.01255
7	0.02204	0.02460	0.02932	0.06111	0.23768	0.21727	0.11216	0.02599	0.01998	0.02382	0.02230	0.02571	0.08343	0.00965	0.00948	0.00254	0.04942	0.00827	0.00453	0.01071
8	0.03937	0.00944	0.01127	0.01060	0.01285	0.00893	0.00773	0.01499	0.01721	0.02427	0.19089	0.05359	0.14219	0.19804	0.11025	0.00542	0.00807	0.03764	0.00653	0.09070
9	0.25890	0.01503	0.01898	0.02162	0.15111	0.01597	0.04289	0.04651	0.06204	0.03081	0.04896	0.16316	0.02605	0.01305	0.00809	0.00282	0.00729	0.05075	0.00609	0.00988
10	0.02523	0.07893	0.02081	0.01637	0.04270	0.06972	0.01279	0.11896	0.02223	0.21975	0.02800	0.02949	0.06752	0.02395	0.17979	0.00524	0.01198	0.00845	0.00696	0.01113
11	0.01153	0.00867	0.01116	0.01189	0.01376	0.00815	0.00918	0.01427	0.01821	0.02411	0.13429	0.24797	0.17369	0.02547	0.07019	0.00408	0.00689	0.16237	0.00749	0.03663
12	0.01646	0.01645	0.02078	0.20954	0.03053	0.11374	0.05863	0.01993	0.01676	0.02097	0.02245	0.16532	0.02237	0.02397	0.15320	0.00513	0.05948	0.01096	0.00482	0.00851
13	0.01941	0.03347	0.41010	0.02464	0.10114	0.01955	0.02512	0.12201	0.04601	0.03125	0.04738	0.02093	0.01533	0.00867	0.00804	0.00254	0.01064	0.00700	0.00486	0.04189
14	0.00982	0.00842	0.00842	0.00842	0.01122	0.00701	0.00631	0.01192	0.01894	0.02244	0.08416	0.07995	0.65285	0.02104	0.00982	0.00281	0.00421	0.01753	0.00771	0.00701
15	0.01897	0.01797	0.02977	0.25751	0.41463	0.01938	0.02382	0.02542	0.06241	0.02574	0.01664	0.02182	0.01334	0.00797	0.00827	0.00259	0.01003	0.00754	0.00428	0.01187
16	0.02097	0.03191	0.25297	0.07729	0.21163	0.15652	0.07924	0.02719	0.01931	0.02498	0.01484	0.01861	0.01153	0.00784	0.00810	0.00251	0.01223	0.00675	0.00392	0.01167
17	0.01661	0.06136	0.01436	0.01180	0.01436	0.05700	0.00932	0.05289	0.01752	0.02638	0.02286	0.02862	0.01923	0.02854	0.24906	0.00611	0.01195	0.00775	0.33596	0.00832
18	0.01012	0.00723	0.00964	0.01157	0.01205	0.00675	0.00771	0.01157	0.01591	0.02121	0.04579	0.70262	0.05495	0.02603	0.01060	0.00337	0.00482	0.02362	0.00771	0.00675
19	0.02445	0.02911	0.02142	0.02232	0.10326	0.42010	0.01514	0.02701	0.02127	0.02146	0.02587	0.02806	0.11839	0.01532	0.06807	0.00330	0.01319	0.00795	0.00484	0.00945
20	0.01355	0.01066	0.01442	0.01797	0.14565	0.01035	0.01033	0.01603	0.01686	0.02317	0.09755	0.05079	0.18443	0.21844	0.06391	0.00488	0.00768	0.01213	0.07330	0.00790
21	0.02384	0.18983	0.02642	0.01855	0.04546	0.26226	0.01434	0.07494	0.02005	0.02241	0.01540	0.02162	0.01423	0.09976	0.06045	0.00375	0.06595	0.00663	0.00449	0.00961
22	0.01905	0.02850	0.22356	0.01877	0.02439	0.19233	0.05103	0.02329	0.01741	0.02129	0.01821	0.02874	0.01705	0.21240	0.06519	0.00482	0.01260	0.00803	0.00426	0.00908
23	0.01903	0.02619	0.17321	0.02445	0.09993	0.14943	0.07965	0.02393	0.01761	0.02281	0.01661	0.02222	0.01403	0.02389	0.20037	0.00566	0.05939	0.00735	0.00408	0.01014
24	0.02262	0.06676	0.19138	0.06362	0.24926	0.05751	0.02323	0.16937	0.02338	0.03184	0.01605	0.01901	0.01234	0.00823	0.00796	0.00247	0.01059	0.00682	0.00491	0.01264
25	0.02156	0.11775	0.03202	0.06706	0.40923	0.08223	0.02151	0.02811	0.09146	0.02608	0.01688	0.02032	0.01391	0.00796	0.00778	0.00239	0.00987	0.00703	0.00454	0.01231

[dist]
# distance from previous block
# <min> <max>
0	14

[block]
# block no. 4 follows, 22 sequences, length 28
# corresponding to MSA columns:
# 372-399
name=unknown_E
#
# <colnr> <probs for GDERKNQSTAVLIFYWHMCP>
#	G	D	E	R	K	N	Q	S	T	A	V	L	I	F	Y	W	H	M	C	P
0	0.31694	0.01750	0.05117	0.01537	0.04922	0.01772	0.01227	0.15248	0.05167	0.03789	0.14378	0.02866	0.05237	0.01075	0.00739	0.00258	0.00691	0.00822	0.00674	0.01036
1	0.01876	0.02580	0.19876	0.02971	0.19894	0.06714	0.09600	0.04875	0.01901	0.02592	0.02177	0.02564	0.06640	0.01468	0.07712	0.00371	0.03802	0.00820	0.00446	0.01121
2	0.02108	0.05678	0.08982	0.13503	0.30676	0.11660	0.02221	0.02827	0.09385	0.02572	0.01701	0.02060	0.01358	0.00821	0.00799	0.00249	0.01059	0.00708	0.00451	0.01184
3	0.01713	0.08589	0.04742	0.09861	0.02287	0.05250	0.03716	0.04181	0.01855	0.02551	0.11616	0.03599	0.02741	0.01406	0.01211	0.08821	0.05134	0.07320	0.12558	0.00851
4	0.01208	0.00805	0.00906	0.00906	0.00906	0.00805	0.00503	0.01208	0.01208	0.01611	0.02618	0.05436	0.03020	0.70804	0.04228	0.00805	0.00805	0.01208	0.00503	0.00503
5	0.02309	0.02650	0.02213	0.17843	0.05698	0.35233	0.01723	0.02642	0.02019	0.02121	0.01778	0.02733	0.01598	0.01551	0.07621	0.00363	0.01379	0.07150	0.00452	0.00924
6	0.02321	0.02545	0.02865	0.03505	0.31365	0.22165	0.02088	0.02655	0.01887	0.02337	0.01366	0.01829	0.01188	0.00944	0.01249	0.00264	0.17235	0.00674	0.00405	0.01112
7	0.01095	0.00859	0.01033	0.01032	0.01251	0.00809	0.00787	0.01362	0.01838	0.02380	0.17772	0.06623	0.34202	0.05755	0.15202	0.00528	0.00835	0.05194	0.00719	0.00722
8	0.01443	0.00722	0.01082	0.01082	0.01082	0.00722	0.00722	0.01082	0.01082	0.01443	0.01443	0.02525	0.01443	0.02886	0.03247	0.75830	0.00722	0.00722	0.00361	0.00361
9	0.01069	0.00786	0.01015	0.01176	0.01289	0.00732	0.00855	0.01268	0.01700	0.02209	0.05161	0.48831	0.14956	0.02465	0.01064	0.00337	0.00525	0.13097	0.00770	0.00696
10	0.01189	0.00881	0.01288	0.01288	0.01420	0.01013	0.00980	0.01453	0.01321	0.01894	0.02268	0.03502	0.02180	0.13309	0.60575	0.01277	0.02070	0.00925	0.00451	0.00716
11	0.01219	0.00951	0.01101	0.01156	0.01366	0.00922	0.00881	0.01673	0.08712	0.02343	0.05606	0.17274	0.27120	0.10380	0.01408	0.00377	0.00584	0.15423	0.00746	0.00757
12	0.01818	0.01818	0.02545	0.02181	0.02181	0.02545	0.01818	0.01999	0.01272	0.01999	0.01091	0.01818	0.01091	0.01454	0.02726	0.00364	0.69284	0.00727	0.00364	0.00909
13	0.01072	0.00783	0.01022	0.01191	0.01295	0.00733	0.00865	0.01271	0.01690	0.02207	0.05005	0.50927	0.12546	0.02483	0.01068	0.00339	0.00530	0.13508	0.00770	0.00696
14	0.01839	0.01618	0.02543	0.30881	0.16162	0.01826	0.04805	0.10808	0.01976	0.02662	0.01733	0.02432	0.01417	0.04234	0.11097	0.00447	0.01228	0.00792	0.00463	0.01037
15	0.02692	0.03248	0.02510	0.02474	0.09391	0.45335	0.01758	0.02930	0.02054	0.02100	0.01270	0.01633	0.01102	0.00981	0.01213	0.00252	0.17055	0.00602	0.00411	0.00989
16	0.01744	0.11806	0.46424	0.02033	0.03103	0.01933	0.02466	0.02509	0.01740	0.02564	0.01448	0.01697	0.01089	0.00746	0.00725	0.00226	0.01068	0.00570	0.00379	0.15733
17	0.01079	0.00860	0.00980	0.00964	0.01212	0.00742	0.00712	0.01339	0.01968	0.02552	0.23240	0.16118	0.37374	0.01984	0.00973	0.00275	0.00432	0.01705	0.00796	0.04694
18	0.01003	0.00842	0.00871	0.00864	0.01135	0.00710	0.00648	0.01233	0.01944	0.02363	0.14639	0.07799	0.58987	0.02059	0.00982	0.00278	0.00418	0.01726	0.00787	0.00710
19	0.02221	0.71304	0.04353	0.01421	0.02132	0.03287	0.01421	0.02488	0.01688	0.01955	0.01155	0.01333	0.01066	0.00711	0.00533	0.00178	0.00888	0.00444	0.00355	0.01066
20	0.01014	0.00810	0.00908	0.00953	0.01159	0.00704	0.00688	0.01228	0.01865	0.02341	0.14180	0.25028	0.41814	0.02193	0.01003	0.00294	0.00434	0.01892	0.00789	0.00704
21	0.02208	0.12919	0.06725	0.06884	0.39558	0.12846	0.02241	0.02650	0.01918	0.02456	0.01447	0.01846	0.01214	0.00761	0.00765	0.00233	0.01074	0.00655	0.00400	0.01197
22	0.02156	0.02186	0.03203	0.08111	0.54873	0.09843	0.02423	0.02619	0.01935	0.02601	0.01525	0.01997	0.01275	0.00759	0.00814	0.00244	0.01055	0.00715	0.00411	0.01253
23	0.02061	0.03378	0.30800	0.06155	0.17847	0.14837	0.08000	0.02726	0.01918	0.02512	0.01483	0.01839	0.01138	0.00785	0.00808	0.00252	0.01235	0.00666	0.00387	0.01172
24	0.01110	0.00808	0.01054	0.01119	0.01213	0.00823	0.00777	0.01276	0.01453	0.01954	0.03796	0.27073	0.10390	0.19757	0.22718	0.00756	0.01100	0.01560	0.00605	0.00658
25	0.02160	0.09418	0.15691	0.06281	0.37651	0.02011	0.02382	0.02707	0.01888	0.09557	0.01692	0.02014	0.01312	0.00782	0.00788	0.00245	0.00998	0.00696	0.00460	0.01268
26	0.02596	0.03270	0.09283	0.02145	0.04992	0.38231	0.01715	0.03540	0.20712	0.02555	0.01944	0.02026	0.01515	0.00925	0.00785	0.00241	0.01198	0.00672	0.00543	0.01111
27	0.39835	0.01524	0.01459	0.01281	0.01700	0.01732	0.01019	0.13881	0.01862	0.03451	0.01679	0.02268	0.01447	0.09028	0.14127	0.00523	0.01023	0.00672	0.00561	0.00928

[dist]
# distance from previous block
# <min> <max>
0	1

[block]
# block no. 5 follows, 22 sequences, length 102
# corresponding to MSA columns:
# 401-502
name=unknown_F
#
# <colnr> <probs for GDERKNQSTAVLIFYWHMCP>
#	G	D	E	R	K	N	Q	S	T	A	V	L	I	F	Y	W	H	M	C	P
0	0.01350	0.00953	0.01178	0.01224	0.01346	0.00968	0.00882	0.06904	0.01722	0.02293	0.03516	0.25935	0.03957	0.26063	0.05417	0.00549	0.00776	0.13593	0.00667	0.00705
1	0.05156	0.02075	0.03037	0.15102	0.46866	0.08472	0.02348	0.02551	0.01880	0.02591	0.01504	0.01997	0.01240	0.00768	0.00804	0.00249	0.01043	0.00707	0.00410	0.01199
2	0.00982	0.00842	0.00842	0.00842	0.01122	0.00701	0.00631	0.01192	0.01894	0.02244	0.08416	0.07995	0.65285	0.02104	0.00982	0.00281	0.00421	0.01753	0.00771	0.00701
3	0.02439	0.02680	0.02866	0.03711	0.36884	0.25852	0.02093	0.02999	0.07706	0.02535	0.01626	0.01947	0.01337	0.00818	0.00798	0.00238	0.01143	0.00683	0.00457	0.01187
4	0.01762	0.01812	0.01679	0.04513	0.08229	0.16230	0.01240	0.02308	0.09846	0.02501	0.10190	0.04965	0.26252	0.01480	0.00896	0.00264	0.00791	0.03460	0.00663	0.00918
5	0.03023	0.10069	0.02536	0.02075	0.02529	0.61646	0.01588	0.03242	0.02294	0.02026	0.01272	0.01483	0.01070	0.00843	0.00729	0.00211	0.01443	0.00527	0.00421	0.00972
6	0.02222	0.02957	0.15284	0.02140	0.02706	0.23356	0.06464	0.03076	0.14751	0.02539	0.02079	0.02748	0.01754	0.01084	0.01014	0.00273	0.07341	0.06611	0.00525	0.01076
7	0.01486	0.01206	0.01621	0.01368	0.01745	0.01088	0.05608	0.01859	0.04228	0.02409	0.07387	0.04414	0.02873	0.20748	0.05054	0.00440	0.00813	0.09670	0.00576	0.25409
8	0.01236	0.00833	0.01017	0.00971	0.01174	0.00775	0.00728	0.01611	0.02185	0.03187	0.47207	0.05717	0.11701	0.01582	0.00897	0.00249	0.00393	0.01373	0.16390	0.00775
9	0.02244	0.02535	0.02238	0.01945	0.02271	0.29619	0.03881	0.02505	0.01860	0.02162	0.03932	0.02065	0.01510	0.01759	0.10641	0.00403	0.18013	0.00683	0.00441	0.09294
10	0.01709	0.01619	0.02744	0.50520	0.22916	0.01882	0.02377	0.02245	0.01727	0.02292	0.01501	0.02169	0.01167	0.00805	0.00828	0.00268	0.01073	0.00739	0.00381	0.01036
11	0.03035	0.03848	0.02360	0.05128	0.02710	0.64529	0.01637	0.03264	0.02323	0.02037	0.01293	0.01530	0.01072	0.00855	0.00753	0.00217	0.01481	0.00544	0.00425	0.00961
12	0.02566	0.02883	0.02645	0.15019	0.18923	0.34069	0.01967	0.07535	0.02233	0.02469	0.01444	0.01807	0.01165	0.00833	0.00789	0.00236	0.01254	0.00640	0.00444	0.01079
13	0.01859	0.01986	0.08530	0.15214	0.34975	0.01869	0.02224	0.02671	0.11447	0.02686	0.02320	0.02650	0.06097	0.00919	0.00836	0.00261	0.00938	0.00833	0.00492	0.01194
14	0.01287	0.01122	0.01511	0.01956	0.16518	0.01052	0.01145	0.01635	0.04286	0.02378	0.05748	0.20004	0.34522	0.01850	0.00956	0.00285	0.00578	0.01613	0.00689	0.00866
15	0.01844	0.01935	0.02992	0.34615	0.04375	0.08005	0.14671	0.02316	0.01701	0.02199	0.01417	0.02068	0.01132	0.00942	0.01269	0.00291	0.16111	0.00768	0.00384	0.00964
16	0.01128	0.00818	0.00883	0.00883	0.00983	0.00768	0.00549	0.01202	0.01452	0.01836	0.04678	0.06346	0.25151	0.46386	0.03074	0.00619	0.00669	0.01402	0.00599	0.00574
17	0.02201	0.68865	0.06615	0.01456	0.02185	0.03238	0.01481	0.02493	0.01690	0.01979	0.01167	0.01348	0.01066	0.00714	0.00542	0.00181	0.00901	0.00450	0.00355	0.01072
18	0.01136	0.00938	0.01038	0.00979	0.01301	0.00783	0.00747	0.01393	0.01892	0.02428	0.12539	0.11440	0.42268	0.01879	0.00939	0.00264	0.00470	0.04500	0.00742	0.12326
19	0.01208	0.00805	0.00906	0.00906	0.00906	0.00805	0.00503	0.01208	0.01208	0.01611	0.02618	0.05436	0.03020	0.70804	0.04228	0.00805	0.00805	0.01208	0.00503	0.00503
20	0.17419	0.01917	0.03420	0.02572	0.03229	0.01918	0.36871	0.02688	0.09213	0.02931	0.02037	0.08329	0.01721	0.00938	0.00875	0.00281	0.01071	0.00991	0.00522	0.01057
21	0.01019	0.00771	0.00945	0.01079	0.01206	0.00697	0.00757	0.01196	0.01700	0.02177	0.05747	0.48063	0.23805	0.02434	0.01041	0.00322	0.00478	0.05104	0.00771	0.00687
22	0.01198	0.00844	0.01102	0.01102	0.01170	0.00912	0.00748	0.01334	0.01266	0.01756	0.02438	0.04443	0.02589	0.41283	0.33160	0.01048	0.01454	0.01063	0.00477	0.00612
23	0.02056	0.01974	0.03372	0.05099	0.65622	0.01974	0.02550	0.02550	0.01892	0.02714	0.01563	0.02056	0.01316	0.00740	0.00822	0.00247	0.00987	0.00740	0.00411	0.01316
24	0.01144	0.00849	0.01068	0.01068	0.01197	0.00876	0.00756	0.01318	0.01428	0.01896	0.03867	0.05161	0.17794	0.27383	0.29594	0.00897	0.01299	0.01209	0.00545	0.00650
25	0.02711	0.11844	0.08524	0.02370	0.08874	0.44679	0.01818	0.03026	0.02130	0.02144	0.01307	0.01570	0.01093	0.00845	0.00812	0.00223	0.04028	0.00559	0.00408	0.01033
26	0.38789	0.13751	0.05046	0.04572	0.02150	0.08048	0.01359	0.02451	0.01548	0.02878	0.01187	0.01492	0.00990	0.00881	0.00918	0.00258	0.11767	0.00521	0.00442	0.00951
27	0.02020	0.01951	0.02693	0.06832	0.36630	0.07457	0.02024	0.02850	0.14638	0.02690	0.01987	0.02374	0.01626	0.01488	0.08760	0.00382	0.01116	0.00781	0.00504	0.01198
28	0.01192	0.00870	0.01233	0.01233	0.01346	0.00983	0.00911	0.01418	0.01305	0.01853	0.02318	0.03780	0.02301	0.21585	0.52465	0.01209	0.01888	0.00966	0.00459	0.00685
29	0.01421	0.01061	0.01473	0.01404	0.01614	0.01221	0.01103	0.08789	0.01641	0.02322	0.02198	0.03113	0.01998	0.05608	0.59574	0.01206	0.02069	0.00873	0.00491	0.00822
30	0.02751	0.02083	0.02260	0.01813	0.02390	0.02330	0.01475	0.45089	0.16239	0.04568	0.02305	0.02340	0.01707	0.01499	0.06884	0.00355	0.00980	0.00801	0.00799	0.01331
31	0.01146	0.00869	0.00939	0.00931	0.01082	0.00826	0.00619	0.01356	0.04336	0.01988	0.05200	0.06372	0.30496	0.34580	0.05306	0.00572	0.00688	0.01424	0.00635	0.00637
32	0.01506	0.01344	0.01230	0.01195	0.01308	0.11835	0.00800	0.01612	0.01453	0.01773	0.02567	0.04451	0.05188	0.43051	0.16516	0.00794	0.01195	0.01055	0.00491	0.00637
33	0.02155	0.63327	0.11751	0.01534	0.02306	0.03125	0.01618	0.02505	0.01696	0.02035	0.01195	0.01383	0.01064	0.00720	0.00564	0.00188	0.00929	0.00464	0.00355	0.01085
34	0.01623	0.00978	0.01205	0.01146	0.01462	0.00870	0.00921	0.01924	0.02075	0.14862	0.17000	0.06955	0.29859	0.01861	0.00988	0.00294	0.00543	0.13720	0.00846	0.00868
35	0.01723	0.01477	0.01723	0.01230	0.01969	0.01107	0.00984	0.02092	0.01723	0.02707	0.01477	0.01723	0.01230	0.00615	0.00615	0.00123	0.00615	0.00492	0.00492	0.75883
36	0.01443	0.00722	0.01082	0.01082	0.01082	0.00722	0.00722	0.01082	0.01082	0.01443	0.01443	0.02525	0.01443	0.02886	0.03247	0.75830	0.00722	0.00722	0.00361	0.00361
37	0.01108	0.00856	0.01016	0.01002	0.01234	0.00764	0.00769	0.01421	0.02116	0.02791	0.35455	0.07256	0.32064	0.01925	0.00996	0.00280	0.00438	0.06920	0.00840	0.00747
38	0.02963	0.16666	0.02880	0.01810	0.02484	0.02724	0.01546	0.50303	0.03445	0.04554	0.01820	0.01857	0.01341	0.00938	0.00769	0.00234	0.00909	0.00685	0.00732	0.01341
39	0.01048	0.00844	0.00934	0.00911	0.01163	0.00730	0.00683	0.01321	0.02050	0.02617	0.27864	0.07382	0.45604	0.01965	0.00981	0.00274	0.00411	0.01667	0.00820	0.00730
40	0.01187	0.00890	0.01335	0.01335	0.01483	0.01038	0.01038	0.01483	0.01335	0.01928	0.02225	0.03264	0.02077	0.06231	0.67512	0.01335	0.02225	0.00890	0.00445	0.00742
41	0.01202	0.00830	0.01033	0.01033	0.01077	0.00874	0.00662	0.01290	0.01246	0.01705	0.02501	0.04793	0.02741	0.51680	0.22971	0.00962	0.01226	0.01114	0.00486	0.00574
42	0.02004	0.16581	0.10624	0.03276	0.15872	0.02302	0.32288	0.02600	0.01871	0.02523	0.01531	0.01969	0.01211	0.00719	0.00838	0.00251	0.01197	0.00786	0.00398	0.01158
43	0.01108	0.00768	0.00956	0.01053	0.01085	0.00751	0.00665	0.01196	0.01407	0.01883	0.03587	0.38016	0.04222	0.33264	0.05721	0.00595	0.00712	0.01774	0.00636	0.00601
44	0.01898	0.01011	0.01110	0.00998	0.01253	0.01013	0.00740	0.08106	0.01924	0.10516	0.02687	0.03436	0.02232	0.15325	0.01385	0.00332	0.00564	0.00868	0.43742	0.00858
45	0.01012	0.00723	0.00964	0.01157	0.01205	0.00675	0.00771	0.01157	0.01591	0.02121	0.04579	0.70262	0.05495	0.02603	0.01060	0.00337	0.00482	0.02362	0.00771	0.00675
46	0.03103	0.03959	0.02354	0.02140	0.02568	0.67469	0.01605	0.03317	0.02354	0.02033	0.01284	0.01498	0.01070	0.00856	0.00749	0.00214	0.01498	0.00535	0.00428	0.00963
47	0.03486	0.01801	0.02167	0.01662	0.02314	0.01795	0.01373	0.28970	0.03025	0.40361	0.02734	0.02475	0.01784	0.01015	0.00834	0.00254	0.00795	0.00798	0.00945	0.01413
48	0.00982	0.00842	0.00842	0.00842	0.01122	0.00701	0.00631	0.01192	0.01894	0.02244	0.08416	0.07995	0.65285	0.02104	0.00982	0.00281	0.00421	0.01753	0.00771	0.00701
49	0.01549	0.00774	0.00774	0.00774	0.00968	0.00774	0.00581	0.01936	0.01742	0.03097	0.02710	0.03097	0.02129	0.00968	0.00581	0.00194	0.00387	0.00774	0.75416	0.00774
50	0.01740	0.01328	0.01435	0.01285	0.01644	0.01387	0.00995	0.14790	0.15110	0.03327	0.12132	0.10683	0.20315	0.01555	0.00889	0.00268	0.00571	0.01304	0.08252	0.00990
51	0.01166	0.00796	0.00957	0.00996	0.01020	0.00800	0.00607	0.01223	0.01298	0.01744	0.02985	0.18557	0.03443	0.50934	0.09319	0.00757	0.00868	0.01416	0.00553	0.00560
52	0.01549	0.00774	0.00774	0.00774	0.00968	0.00774	0.00581	0.01936	0.01742	0.03097	0.02710	0.03097	0.02129	0.00968	0.00581	0.00194	0.00387	0.00774	0.75416	0.00774
53	0.02784	0.03313	0.02955	0.02431	0.02952	0.43477	0.15469	0.08504	0.02351	0.02465	0.01429	0.01728	0.01145	0.00863	0.00908	0.00240	0.04822	0.00665	0.00460	0.01037
54	0.01839	0.01350	0.02209	0.01723	0.02230	0.01203	0.17948	0.02218	0.02037	0.15831	0.08353	0.05225	0.31350	0.01468	0.00951	0.00275	0.00751	0.01334	0.00735	0.00971
55	0.01998	0.01915	0.03267	0.12683	0.58491	0.01959	0.02521	0.02499	0.01864	0.02644	0.01552	0.02075	0.01291	0.00751	0.00823	0.00250	0.01001	0.00740	0.00406	0.01269
56	0.01134	0.00817	0.01073	0.01074	0.01232	0.00756	0.00781	0.01463	0.02158	0.03023	0.49753	0.22516	0.07242	0.01929	0.01000	0.00281	0.00415	0.01721	0.00878	0.00756
57	0.02333	0.63093	0.04132	0.01480	0.02185	0.03203	0.01440	0.09674	0.01952	0.02345	0.01255	0.01411	0.01107	0.00745	0.00569	0.00186	0.00891	0.00480	0.00412	0.01107
58	0.01888	0.04955	0.10918	0.18149	0.13673	0.08022	0.05115	0.02349	0.01726	0.02324	0.04487	0.02128	0.01462	0.00999	0.01291	0.00282	0.18053	0.00739	0.00406	0.01035
59	0.02445	0.08539	0.02629	0.13366	0.12988	0.30431	0.01807	0.03107	0.12066	0.02382	0.01687	0.01948	0.01351	0.00865	0.00771	0.00237	0.01167	0.00658	0.00477	0.01078
60	0.03115	0.02306	0.02469	0.01903	0.02560	0.02556	0.01569	0.60548	0.06280	0.05166	0.02049	0.02038	0.01457	0.01002	0.00832	0.00251	0.00904	0.00755	0.00832	0.01409
61	0.02057	0.01979	0.01595	0.01527	0.01839	0.22717	0.01142	0.02481	0.08203	0.08077	0.03869	0.22244	0.12955	0.01648	0.00908	0.00277	0.00855	0.04027	0.00689	0.00908
62	0.01549	0.00774	0.00774	0.00774	0.00968	0.00774	0.00581	0.01936	0.01742	0.03097	0.02710	0.03097	0.02129	0.00968	0.00581	0.00194	0.00387	0.00774	0.75416	0.00774
63	0.01048	0.00805	0.00959	0.01003	0.01183	0.00717	0.00721	0.01289	0.01928	0.02519	0.23617	0.27681	0.29241	0.02148	0.01007	0.00293	0.00432	0.01878	0.00813	0.00717
64	0.01180	0.00813	0.00918	0.00918	0.00958	0.00803	0.00543	0.01219	0.01295	0.01700	0.03290	0.05644	0.10390	0.59733	0.06678	0.00767	0.00823	0.01259	0.00533	0.00538
65	0.03058	0.01940	0.02222	0.01740	0.02338	0.02072	0.01430	0.41630	0.03238	0.19269	0.02326	0.02343	0.01644	0.01628	0.08770	0.00380	0.01021	0.00786	0.00832	0.01333
66	0.01732	0.12274	0.59102	0.02255	0.03421	0.02091	0.02873	0.02614	0.01746	0.02550	0.01451	0.01704	0.01054	0.00780	0.00759	0.00253	0.01187	0.00594	0.00351	0.01209
67	0.02160	0.02172	0.03271	0.04804	0.59341	0.08498	0.02455	0.02626	0.01938	0.02646	0.01535	0.02001	0.01291	0.00752	0.00815	0.00243	0.01038	0.00720	0.00413	0.01281
68	0.01075	0.00813	0.00882	0.00905	0.01046	0.00739	0.00597	0.01194	0.01586	0.01979	0.05664	0.14395	0.33525	0.29353	0.02276	0.00495	0.00580	0.01610	0.00665	0.00620
69	0.02931	0.10054	0.02543	0.01969	0.02488	0.38679	0.01553	0.18189	0.08540	0.02961	0.01648	0.01758	0.01294	0.00903	0.00757	0.00226	0.01212	0.00617	0.00561	0.01119
70	0.01012	0.00723	0.00964	0.01157	0.01205	0.00675	0.00771	0.01157	0.01591	0.02121	0.04579	0.70262	0.05495	0.02603	0.01060	0.00337	0.00482	0.02362	0.00771	0.00675
71	0.01648	0.01927	0.15077	0.09572	0.02540	0.01549	0.01608	0.05566	0.16029	0.02856	0.05988	0.03654	0.09687	0.01652	0.06888	0.00366	0.00922	0.03375	0.08068	0.01030
72	0.01510	0.01280	0.01950	0.01656	0.02009	0.03657	0.13581	0.01899	0.02065	0.05837	0.24114	0.13300	0.13387	0.01664	0.00994	0.00289	0.00717	0.08482	0.00745	0.00864
73	0.02934	0.02216	0.02367	0.01866	0.02491	0.02471	0.01525	0.50847	0.16276	0.04874	0.02279	0.02222	0.01644	0.01024	0.00834	0.00256	0.00861	0.00787	0.00834	0.01393
74	0.03103	0.03959	0.02354	0.02140	0.02568	0.67469	0.01605	0.03317	0.02354	0.02033	0.01284	0.01498	0.01070	0.00856	0.00749	0.00214	0.01498	0.00535	0.00428	0.00963
75	0.01997	0.13416	0.05930	0.06799	0.34011	0.04547	0.07095	0.02467	0.01860	0.02506	0.01742	0.02577	0.01551	0.00879	0.00806	0.00247	0.01005	0.06068	0.00434	0.04063
76	0.01360	0.01143	0.01669	0.02250	0.20817	0.01084	0.01263	0.01586	0.01735	0.02281	0.04629	0.22954	0.23399	0.01897	0.01160	0.07140	0.00638	0.01519	0.00624	0.00851
77	0.01012	0.00723	0.00964	0.01157	0.01205	0.00675	0.00771	0.01157	0.01591	0.02121	0.04579	0.70262	0.05495	0.02603	0.01060	0.00337	0.00482	0.02362	0.00771	0.00675
78	0.01049	0.00755	0.01002	0.01186	0.01261	0.00708	0.00831	0.01224	0.01641	0.02168	0.04723	0.60539	0.07988	0.02546	0.01067	0.00340	0.00512	0.09003	0.00770	0.00686
79	0.02601	0.11065	0.02996	0.03171	0.26749	0.28771	0.01944	0.08325	0.02238	0.02576	0.01440	0.01738	0.01195	0.00807	0.00759	0.00225	0.01176	0.00622	0.00449	0.01152
80	0.01262	0.01000	0.01479	0.01436	0.01566	0.01218	0.01131	0.01545	0.01328	0.01937	0.02090	0.03091	0.01959	0.05662	0.59800	0.01219	0.10208	0.00871	0.00435	0.00762
81	0.01135	0.00802	0.00901	0.00926	0.00990	0.00767	0.00565	0.01198	0.01400	0.01809	0.04071	0.14637	0.16143	0.47564	0.03137	0.00635	0.00683	0.01474	0.00594	0.00567
82	0.02921	0.03639	0.02400	0.02372	0.08239	0.58486	0.01665	0.03164	0.02266	0.02090	0.01352	0.01630	0.01138	0.01092	0.03812	0.00268	0.01485	0.00570	0.00427	0.00985
83	0.02436	0.02626	0.14785	0.02450	0.10185	0.05628	0.02034	0.27403	0.02580	0.03544	0.01606	0.01891	0.01242	0.01024	0.01248	0.00276	0.16542	0.00706	0.00563	0.01229
84	0.01281	0.01090	0.01481	0.01897	0.14661	0.01016	0.01188	0.01580	0.01870	0.02380	0.05818	0.12692	0.34132	0.01905	0.00990	0.00300	0.00615	0.13570	0.00695	0.00840
85	0.02528	0.02175	0.01845	0.01570	0.02037	0.19482	0.01232	0.19542	0.02637	0.10686	0.03770	0.03677	0.19143	0.01268	0.00839	0.00247	0.00886	0.00980	0.04396	0.01062
86	0.02232	0.20099	0.09368	0.03209	0.25740	0.10146	0.09404	0.05709	0.01993	0.02554	0.01455	0.01798	0.01197	0.00759	0.00757	0.00231	0.01091	0.00658	0.00416	0.01184
87	0.02604	0.26655	0.03101	0.01928	0.07198	0.05389	0.01540	0.24764	0.02614	0.07148	0.05420	0.02036	0.01675	0.00930	0.00802	0.00228	0.03470	0.00680	0.00612	0.01207
88	0.22343	0.04871	0.01638	0.01559	0.07362	0.04879	0.01115	0.01944	0.01718	0.02686	0.06404	0.04153	0.25351	0.01386	0.01012	0.00272	0.08808	0.01042	0.00587	0.00871
89	0.01917	0.02493	0.23168	0.01895	0.02585	0.01812	0.04253	0.15132	0.12281	0.03299	0.09609	0.05850	0.02478	0.01615	0.07496	0.00374	0.01044	0.00921	0.00628	0.01150
90	0.01992	0.01769	0.01936	0.11937	0.08223	0.08168	0.01422	0.19016	0.02470	0.03089	0.04228	0.04247	0.25408	0.01352	0.00879	0.00261	0.00822	0.01104	0.00660	0.01017
91	0.03053	0.03791	0.02411	0.02279	0.05731	0.61452	0.01651	0.05786	0.02396	0.02202	0.01328	0.01547	0.01097	0.00856	0.00756	0.00217	0.01448	0.00554	0.00444	0.01000
92	0.01406	0.01295	0.04707	0.04099	0.04205	0.01200	0.03748	0.07060	0.01886	0.02488	0.06444	0.23509	0.19595	0.08802	0.01401	0.00349	0.04768	0.01544	0.00665	0.00829
93	0.02152	0.08383	0.02658	0.02213	0.07153	0.11884	0.06870	0.10122	0.04679	0.02646	0.01903	0.10055	0.01784	0.01223	0.01333	0.00281	0.19373	0.00904	0.03354	0.01030
94	0.01986	0.08718	0.02005	0.01486	0.01978	0.09470	0.01184	0.05894	0.20564	0.03049	0.16484	0.03098	0.03093	0.01070	0.00785	0.00224	0.00724	0.00867	0.00689	0.16634
95	0.02479	0.02906	0.15495	0.02257	0.08309	0.20142	0.01884	0.15228	0.02420	0.06765	0.05590	0.05462	0.01842	0.01038	0.00914	0.00253	0.04511	0.00789	0.00573	0.01142
96	0.02260	0.02186	0.05016	0.06042	0.27583	0.15410	0.01883	0.02651	0.01976	0.10092	0.02367	0.02665	0.06980	0.01471	0.07464	0.00354	0.01149	0.00807	0.00520	0.01122
97	0.05817	0.03069	0.28372	0.08869	0.16252	0.07720	0.05145	0.09895	0.02078	0.02921	0.01539	0.01866	0.01158	0.00809	0.00796	0.00256	0.01131	0.00669	0.00441	0.01196
98	0.05093	0.16938	0.06099	0.15783	0.05530	0.15110	0.04776	0.02780	0.09332	0.02360	0.01568	0.01898	0.01267	0.00888	0.00918	0.00250	0.07267	0.00654	0.00444	0.01046
99	0.02368	0.13390	0.05343	0.01714	0.02220	0.15355	0.01447	0.19727	0.05612	0.03121	0.05548	0.07824	0.07118	0.01191	0.00896	0.00249	0.04268	0.00903	0.00624	0.01083
100	0.02008	0.05307	0.02342	0.02248	0.12121	0.09984	0.04534	0.11098	0.02048	0.02630	0.02697	0.09145	0.09413	0.08214	0.01492	0.00328	0.11829	0.01026	0.00550	0.00987
101	0.11108	0.04930	0.10795	0.02198	0.09927	0.18764	0.04022	0.03019	0.10140	0.07720	0.02187	0.02308	0.04617	0.00929	0.00762	0.00246	0.01006	0.00721	0.03499	0.01104

[dist]
# distance from previous block
# <min> <max>
18	181

[block]
# block no. 6 follows, 22 sequences, length 246
# corresponding to MSA columns:
# 739-984
name=unknown_G
#
# <colnr> <probs for GDERKNQSTAVLIFYWHMCP>
#	G	D	E	R	K	N	Q	S	T	A	V	L	I	F	Y	W	H	M	C	P
