[name]
unknown

[dist]
# distance from previous block
# <min> <max>
14	122

[block]
# block no. 0 follows, 22 sequences, length 153
# corresponding to MSA columns:
# 138-290
name=unknown_A
#
# <colnr> <probs for GDERKNQSTAVLIFYWHMCP>
#	G	D	E	R	K	N	Q	S	T	A	V	L	I	F	Y	W	H	M	C	P
0	0.10056	0.05887	0.09084	0.02707	0.18181	0.18134	0.04625	0.03098	0.09944	0.07835	0.01803	0.01986	0.01388	0.00847	0.00767	0.00245	0.01051	0.00677	0.00523	0.01164
1	0.02344	0.13656	0.05896	0.06184	0.05523	0.27312	0.15831	0.02736	0.01981	0.02202	0.01485	0.01963	0.01252	0.03959	0.03929	0.00306	0.01329	0.00692	0.00411	0.01009
2	0.02002	0.36915	0.33322	0.01897	0.02836	0.05565	0.02200	0.02592	0.01749	0.02274	0.01318	0.01537	0.01060	0.00754	0.00663	0.00219	0.01075	0.00528	0.00357	0.01137
3	0.01862	0.30002	0.24987	0.01750	0.02523	0.05657	0.01922	0.02376	0.01791	0.02282	0.02291	0.03051	0.06899	0.01060	0.00747	0.00243	0.00983	0.08081	0.00444	0.01048
4	0.01515	0.01354	0.01647	0.01574	0.01659	0.05144	0.01234	0.01699	0.01527	0.02050	0.02944	0.13268	0.06179	0.16267	0.02293	0.00444	0.24387	0.13504	0.00554	0.00756
5	0.01197	0.00801	0.00909	0.00920	0.00923	0.00798	0.00519	0.01205	0.01230	0.01640	0.02729	0.09132	0.03161	0.66916	0.04048	0.00779	0.00787	0.01274	0.00519	0.00513
6	0.02060	0.51899	0.22351	0.01696	0.02556	0.02894	0.01899	0.02529	0.01707	0.02150	0.01252	0.01455	0.01062	0.00733	0.00607	0.00202	0.00987	0.00493	0.00354	0.01113
7	0.01727	0.01573	0.02506	0.23054	0.28687	0.01695	0.02000	0.02379	0.07339	0.02732	0.14987	0.03061	0.02722	0.01001	0.00860	0.00262	0.00870	0.00916	0.00542	0.01087
8	0.17352	0.02539	0.08281	0.01818	0.02483	0.08980	0.01590	0.39317	0.03058	0.04369	0.01711	0.01795	0.01244	0.00919	0.00757	0.00249	0.00950	0.00655	0.00683	0.01249
9	0.02740	0.03277	0.02523	0.02201	0.02555	0.45427	0.04424	0.05920	0.02149	0.02212	0.01290	0.01634	0.01101	0.01002	0.01246	0.00255	0.18018	0.00613	0.00432	0.00979
10	0.02667	0.07072	0.02562	0.05948	0.05236	0.41412	0.01714	0.05603	0.02111	0.02200	0.01292	0.01639	0.01102	0.00969	0.01147	0.00249	0.15064	0.00598	0.00425	0.00991
11	0.01208	0.00805	0.00906	0.00906	0.00906	0.00805	0.00503	0.01208	0.01208	0.01611	0.02618	0.05436	0.03020	0.70804	0.04228	0.00805	0.00805	0.01208	0.00503	0.00503
12	0.01542	0.15943	0.15960	0.01833	0.02386	0.01689	0.11134	0.01970	0.01703	0.02279	0.02786	0.31321	0.03006	0.01542	0.00885	0.00281	0.00865	0.01392	0.00544	0.00940
13	0.14701	0.37430	0.06020	0.01617	0.02236	0.21512	0.01462	0.02726	0.01838	0.02299	0.01207	0.01402	0.01039	0.00766	0.00604	0.00205	0.01039	0.00479	0.00402	0.01016
14	0.01208	0.00805	0.00906	0.00906	0.00906	0.00805	0.00503	0.01208	0.01208	0.01611	0.02618	0.05436	0.03020	0.70804	0.04228	0.00805	0.00805	0.01208	0.00503	0.00503
15	0.02030	0.48199	0.25783	0.01748	0.02637	0.02819	0.01990	0.02537	0.01711	0.02188	0.01271	0.01478	0.01061	0.00738	0.00621	0.00207	0.01005	0.00503	0.00354	0.01122
16	0.03103	0.03959	0.02354	0.02140	0.02568	0.67469	0.01605	0.03317	0.02354	0.02033	0.01284	0.01498	0.01070	0.00856	0.00749	0.00214	0.01498	0.00535	0.00428	0.00963
17	0.00999	0.00842	0.00865	0.00859	0.01132	0.00708	0.00644	0.01225	0.01933	0.02339	0.13348	0.07839	0.60294	0.02069	0.00982	0.00279	0.00418	0.01731	0.00784	0.00708
18	0.01078	0.00770	0.01040	0.01232	0.01309	0.00732	0.00886	0.01271	0.01655	0.02194	0.04542	0.57983	0.05351	0.02541	0.01078	0.00346	0.00539	0.13991	0.00770	0.00693
19	0.01012	0.00723	0.00964	0.01157	0.01205	0.00675	0.00771	0.01157	0.01591	0.02121	0.04579	0.70262	0.05495	0.02603	0.01060	0.00337	0.00482	0.02362	0.00771	0.00675
20	0.02221	0.71304	0.04353	0.01421	0.02132	0.03287	0.01421	0.02488	0.01688	0.01955	0.01155	0.01333	0.01066	0.00711	0.00533	0.00178	0.00888	0.00444	0.00355	0.01066
21	0.01176	0.00849	0.01110	0.01045	0.01241	0.00784	0.00784	0.01568	0.02352	0.03331	0.65184	0.06206	0.07839	0.01698	0.00980	0.00261	0.00392	0.01502	0.00914	0.00784
22	0.01569	0.01477	0.02492	0.68808	0.05722	0.01846	0.02307	0.02123	0.01661	0.02123	0.01477	0.02215	0.01107	0.00831	0.00831	0.00277	0.01107	0.00738	0.00369	0.00923
23	0.01012	0.00723	0.00964	0.01157	0.01205	0.00675	0.00771	0.01157	0.01591	0.02121	0.04579	0.70262	0.05495	0.02603	0.01060	0.00337	0.00482	0.02362	0.00771	0.00675
24	0.01569	0.01477	0.02492	0.68808	0.05722	0.01846	0.02307	0.02123	0.01661	0.02123	0.01477	0.02215	0.01107	0.00831	0.00831	0.00277	0.01107	0.00738	0.00369	0.00923
25	0.02056	0.01974	0.03372	0.05099	0.65622	0.01974	0.02550	0.02550	0.01892	0.02714	0.01563	0.02056	0.01316	0.00740	0.00822	0.00247	0.00987	0.00740	0.00411	0.01316
26	0.03646	0.01544	0.02008	0.01540	0.02185	0.01414	0.01272	0.12405	0.02595	0.57534	0.03095	0.02709	0.01965	0.01024	0.00835	0.00256	0.00736	0.00823	0.01000	0.01414
27	0.01002	0.00764	0.00922	0.01048	0.01176	0.00684	0.00723	0.01169	0.01695	0.02163	0.05902	0.48791	0.26111	0.02431	0.01033	0.00318	0.00461	0.02152	0.00771	0.00684
28	0.01012	0.00723	0.00964	0.01157	0.01205	0.00675	0.00771	0.01157	0.01591	0.02121	0.04579	0.70262	0.05495	0.02603	0.01060	0.00337	0.00482	0.02362	0.00771	0.00675
29	0.01223	0.00937	0.01380	0.01359	0.01492	0.01109	0.01054	0.01498	0.01325	0.01916	0.02183	0.03297	0.02072	0.09334	0.60635	0.01254	0.05855	0.00898	0.00444	0.00739
30	0.01029	0.00741	0.00980	0.01164	0.01230	0.00691	0.00797	0.01189	0.01621	0.02146	0.04730	0.64285	0.07966	0.02565	0.01062	0.00337	0.00495	0.05521	0.00771	0.00681
31	0.01199	0.00802	0.00909	0.00917	0.00920	0.00799	0.00516	0.01206	0.01225	0.01634	0.02706	0.08373	0.03132	0.67715	0.04085	0.00784	0.00791	0.01260	0.00516	0.00511
32	0.02066	0.02030	0.03246	0.10435	0.57338	0.05213	0.02482	0.02551	0.01895	0.02629	0.01541	0.02042	0.01286	0.00754	0.00819	0.00248	0.01023	0.00730	0.00408	0.01265
33	0.01202	0.00831	0.01036	0.01036	0.01081	0.00876	0.00665	0.01291	0.01247	0.01707	0.02499	0.04779	0.02735	0.51261	0.23381	0.00966	0.01235	0.01112	0.00486	0.00576
34	0.01914	0.01900	0.03485	0.07908	0.39913	0.01878	0.17784	0.02454	0.01943	0.02730	0.08062	0.02535	0.01954	0.00833	0.00879	0.00259	0.01040	0.00879	0.00462	0.01189
35	0.01630	0.01542	0.02185	0.01929	0.01973	0.02096	0.01586	0.01846	0.01291	0.01978	0.01428	0.02248	0.01384	0.02875	0.22002	0.00653	0.49332	0.00776	0.00388	0.00859
36	0.01742	0.01494	0.01731	0.01256	0.01979	0.01161	0.01003	0.02222	0.05214	0.02750	0.01583	0.01800	0.01303	0.00644	0.00628	0.00132	0.00618	0.00517	0.00512	0.71711
37	0.02066	0.01785	0.01878	0.01691	0.02160	0.02066	0.01315	0.04414	0.64121	0.03475	0.03381	0.03099	0.02536	0.01127	0.00845	0.00282	0.00657	0.00939	0.00845	0.01315
38	0.01839	0.01746	0.02862	0.04241	0.52615	0.01717	0.02163	0.02276	0.01892	0.02619	0.02945	0.03254	0.14216	0.01015	0.00855	0.00254	0.00873	0.00944	0.00484	0.01192
39	0.00982	0.00842	0.00842	0.00842	0.01122	0.00701	0.00631	0.01192	0.01894	0.02244	0.08416	0.07995	0.65285	0.02104	0.00982	0.00281	0.00421	0.01753	0.00771	0.00701
40	0.01961	0.02241	0.04902	0.03501	0.04342	0.02101	0.62605	0.02661	0.01961	0.02661	0.01681	0.02241	0.01261	0.00700	0.00980	0.00280	0.01401	0.00980	0.00420	0.01120
41	0.02115	0.02085	0.03315	0.04934	0.62095	0.05638	0.02497	0.02593	0.01917	0.02676	0.01547	0.02025	0.01302	0.00747	0.00818	0.00245	0.01016	0.00729	0.00412	0.01296
42	0.01552	0.01247	0.07480	0.01334	0.01664	0.00947	0.01151	0.01882	0.01905	0.11858	0.09983	0.25419	0.14600	0.01971	0.00998	0.00311	0.00626	0.13421	0.00780	0.00870
43	0.03444	0.01868	0.02209	0.01694	0.02347	0.01895	0.01399	0.33302	0.03138	0.35871	0.02639	0.02413	0.01736	0.01013	0.00833	0.00253	0.00810	0.00792	0.00930	0.01413
44	0.00982	0.00842	0.00842	0.00842	0.01122	0.00701	0.00631	0.01192	0.01894	0.02244	0.08416	0.07995	0.65285	0.02104	0.00982	0.00281	0.00421	0.01753	0.00771	0.00701
45	0.01688	0.01335	0.01531	0.01138	0.01767	0.01040	0.00903	0.02060	0.01727	0.02786	0.01725	0.02000	0.01412	0.00686	0.00608	0.00137	0.00569	0.00549	0.15602	0.60736
46	0.01981	0.01704	0.02356	0.02455	0.14870	0.01988	0.01679	0.14697	0.01984	0.02833	0.01681	0.02267	0.01461	0.02394	0.18359	0.00553	0.21049	0.00765	0.00497	0.04429
47	0.00993	0.00842	0.00856	0.00853	0.01129	0.00706	0.00640	0.01213	0.01919	0.02304	0.11551	0.07896	0.62113	0.02082	0.00982	0.00279	0.00419	0.01739	0.00779	0.00706
48	0.01012	0.00723	0.00964	0.01157	0.01205	0.00675	0.00771	0.01157	0.01591	0.02121	0.04579	0.70262	0.05495	0.02603	0.01060	0.00337	0.00482	0.02362	0.00771	0.00675
49	0.02213	0.02372	0.03169	0.03793	0.34755	0.15302	0.08372	0.02613	0.01876	0.02438	0.01430	0.01918	0.01218	0.00893	0.01180	0.00265	0.13917	0.00721	0.00407	0.01149
50	0.76672	0.01607	0.01221	0.01092	0.01607	0.01864	0.00900	0.02442	0.01414	0.03727	0.01157	0.01350	0.00900	0.00771	0.00514	0.00257	0.00643	0.00450	0.00514	0.00900
51	0.02434	0.02694	0.02467	0.12451	0.11710	0.30617	0.01818	0.06027	0.02061	0.02373	0.01439	0.01852	0.01192	0.00947	0.01088	0.00253	0.12290	0.00651	0.04624	0.01012
52	0.02221	0.71304	0.04353	0.01421	0.02132	0.03287	0.01421	0.02488	0.01688	0.01955	0.01155	0.01333	0.01066	0.00711	0.00533	0.00178	0.00888	0.00444	0.00355	0.01066
53	0.01362	0.01045	0.01271	0.01180	0.01433	0.01052	0.00895	0.02162	0.15257	0.03361	0.52272	0.05557	0.06731	0.01579	0.00952	0.00266	0.00447	0.01385	0.00900	0.00895
54	0.00990	0.00842	0.00853	0.00850	0.01127	0.00705	0.00638	0.01208	0.01913	0.02291	0.10835	0.07919	0.62836	0.02087	0.00982	0.00280	0.00420	0.01743	0.00778	0.00705
55	0.01003	0.00800	0.00900	0.00965	0.01158	0.00696	0.00690	0.01201	0.01811	0.02261	0.10227	0.30043	0.40804	0.02259	0.01010	0.00300	0.00441	0.01956	0.00779	0.00696
56	0.03131	0.03131	0.02425	0.02024	0.02572	0.34547	0.01592	0.33521	0.03141	0.03658	0.01645	0.01750	0.01244	0.00928	0.00791	0.00232	0.01202	0.00643	0.00632	0.01191
57	0.03277	0.02136	0.02375	0.01821	0.02481	0.02293	0.01504	0.50567	0.03587	0.17972	0.02263	0.02169	0.01547	0.01004	0.00832	0.00251	0.00871	0.00766	0.00872	0.01413
58	0.02056	0.01974	0.03372	0.05099	0.65622	0.01974	0.02550	0.02550	0.01892	0.02714	0.01563	0.02056	0.01316	0.00740	0.00822	0.00247	0.00987	0.00740	0.00411	0.01316
59	0.02066	0.01785	0.01878	0.01691	0.02160	0.02066	0.01315	0.04414	0.64121	0.03475	0.03381	0.03099	0.02536	0.01127	0.00845	0.00282	0.00657	0.00939	0.00845	0.01315
60	0.76672	0.01607	0.01221	0.01092	0.01607	0.01864	0.00900	0.02442	0.01414	0.03727	0.01157	0.01350	0.00900	0.00771	0.00514	0.00257	0.00643	0.00450	0.00514	0.00900
61	0.03158	0.02327	0.02493	0.01911	0.02576	0.02576	0.01579	0.62852	0.03906	0.05236	0.01995	0.01995	0.01413	0.00997	0.00831	0.00249	0.00914	0.00748	0.00831	0.01413
62	0.76672	0.01607	0.01221	0.01092	0.01607	0.01864	0.00900	0.02442	0.01414	0.03727	0.01157	0.01350	0.00900	0.00771	0.00514	0.00257	0.00643	0.00450	0.00514	0.00900
63	0.02056	0.01974	0.03372	0.05099	0.65622	0.01974	0.02550	0.02550	0.01892	0.02714	0.01563	0.02056	0.01316	0.00740	0.00822	0.00247	0.00987	0.00740	0.00411	0.01316
64	0.02066	0.01785	0.01878	0.01691	0.02160	0.02066	0.01315	0.04414	0.64121	0.03475	0.03381	0.03099	0.02536	0.01127	0.00845	0.00282	0.00657	0.00939	0.00845	0.01315
65	0.01321	0.00951	0.01314	0.01496	0.01691	0.00944	0.01304	0.01695	0.01911	0.02474	0.04598	0.09303	0.07783	0.02285	0.01139	0.00377	0.00748	0.57139	0.00765	0.00762
66	0.03727	0.01414	0.01928	0.01478	0.02121	0.01221	0.01221	0.04049	0.02378	0.66198	0.03277	0.02828	0.02056	0.01028	0.00835	0.00257	0.00707	0.00835	0.01028	0.01414
67	0.01187	0.00890	0.01335	0.01335	0.01483	0.01038	0.01038	0.01483	0.01335	0.01928	0.02225	0.03264	0.02077	0.06231	0.67512	0.01335	0.02225	0.00890	0.00445	0.00742
68	0.01012	0.00723	0.00964	0.01157	0.01205	0.00675	0.00771	0.01157	0.01591	0.02121	0.04579	0.70262	0.05495	0.02603	0.01060	0.00337	0.00482	0.02362	0.00771	0.00675
69	0.00982	0.00842	0.00842	0.00842	0.01122	0.00701	0.00631	0.01192	0.01894	0.02244	0.08416	0.07995	0.65285	0.02104	0.00982	0.00281	0.00421	0.01753	0.00771	0.00701
70	0.01723	0.01477	0.01723	0.01230	0.01969	0.01107	0.00984	0.02092	0.01723	0.02707	0.01477	0.01723	0.01230	0.00615	0.00615	0.00123	0.00615	0.00492	0.00492	0.75883
71	0.01825	0.01052	0.01351	0.01249	0.01528	0.00993	0.00940	0.07269	0.02230	0.16214	0.25862	0.27222	0.05264	0.01809	0.00964	0.00286	0.00534	0.01594	0.00882	0.00932
72	0.01112	0.00841	0.01025	0.00991	0.01205	0.00755	0.00739	0.01439	0.02183	0.02959	0.45846	0.09613	0.24541	0.01858	0.00984	0.00270	0.00404	0.01614	0.00866	0.00755
73	0.01932	0.02156	0.04427	0.03235	0.03906	0.02190	0.50346	0.02528	0.01822	0.02528	0.01562	0.02156	0.01226	0.00852	0.01332	0.00297	0.15090	0.00929	0.00409	0.01078
74	0.02783	0.03441	0.02383	0.16069	0.03227	0.53759	0.01752	0.03068	0.02209	0.02052	0.01324	0.01648	0.01078	0.00851	0.00766	0.00227	0.01416	0.00578	0.00416	0.00955
75	0.01002	0.00764	0.00922	0.01048	0.01176	0.00684	0.00723	0.01169	0.01695	0.02163	0.05902	0.48791	0.26111	0.02431	0.01033	0.00318	0.00461	0.02152	0.00771	0.00684
76	0.00995	0.00825	0.00871	0.00895	0.01139	0.00701	0.00658	0.01204	0.01872	0.02276	0.10456	0.16620	0.54317	0.02155	0.00993	0.00288	0.00428	0.01827	0.00778	0.00701
77	0.02056	0.01974	0.03372	0.05099	0.65622	0.01974	0.02550	0.02550	0.01892	0.02714	0.01563	0.02056	0.01316	0.00740	0.00822	0.00247	0.00987	0.00740	0.00411	0.01316
78	0.01997	0.01353	0.01517	0.01316	0.01587	0.01421	0.00948	0.22554	0.02250	0.06603	0.02688	0.12275	0.02725	0.34234	0.02468	0.00524	0.00796	0.01174	0.00680	0.00889
79	0.03103	0.03959	0.02354	0.02140	0.02568	0.67469	0.01605	0.03317	0.02354	0.02033	0.01284	0.01498	0.01070	0.00856	0.00749	0.00214	0.01498	0.00535	0.00428	0.00963
80	0.00996	0.00784	0.00901	0.00994	0.01162	0.00689	0.00699	0.01175	0.01747	0.02185	0.06565	0.38021	0.36453	0.02344	0.01020	0.00308	0.00450	0.02047	0.00771	0.00689
81	0.02919	0.18029	0.02772	0.01990	0.02477	0.54060	0.01567	0.03144	0.02215	0.02017	0.01257	0.01464	0.01069	0.00826	0.00704	0.00206	0.01371	0.00516	0.00413	0.00985
82	0.01666	0.04297	0.66500	0.02368	0.03596	0.01929	0.03069	0.02631	0.01754	0.02631	0.01491	0.01754	0.01052	0.00789	0.00789	0.00263	0.01228	0.00614	0.00351	0.01228
83	0.02056	0.01974	0.03372	0.05099	0.65622	0.01974	0.02550	0.02550	0.01892	0.02714	0.01563	0.02056	0.01316	0.00740	0.00822	0.00247	0.00987	0.00740	0.00411	0.01316
84	0.01778	0.17810	0.53967	0.02177	0.03300	0.02203	0.02737	0.02602	0.01741	0.02494	0.01423	0.01669	0.01055	0.00773	0.00738	0.00246	0.01159	0.00580	0.00352	0.01195
85	0.02253	0.01954	0.02476	0.02053	0.02288	0.02493	0.01703	0.22961	0.02183	0.03112	0.01450	0.01939	0.01243	0.01496	0.04781	0.00365	0.42906	0.00741	0.00528	0.01076
86	0.01012	0.00723	0.00964	0.01157	0.01205	0.00675	0.00771	0.01157	0.01591	0.02121	0.04579	0.70262	0.05495	0.02603	0.01060	0.00337	0.00482	0.02362	0.00771	0.00675
87	0.02056	0.01974	0.03372	0.05099	0.65622	0.01974	0.02550	0.02550	0.01892	0.02714	0.01563	0.02056	0.01316	0.00740	0.00822	0.00247	0.00987	0.00740	0.00411	0.01316
88	0.01208	0.00805	0.00906	0.00906	0.00906	0.00805	0.00503	0.01208	0.01208	0.01611	0.02618	0.05436	0.03020	0.70804	0.04228	0.00805	0.00805	0.01208	0.00503	0.00503
89	0.01208	0.00805	0.00906	0.00906	0.00906	0.00805	0.00503	0.01208	0.01208	0.01611	0.02618	0.05436	0.03020	0.70804	0.04228	0.00805	0.00805	0.01208	0.00503	0.00503
90	0.01187	0.00890	0.01335	0.01335	0.01483	0.01038	0.01038	0.01483	0.01335	0.01928	0.02225	0.03264	0.02077	0.06231	0.67512	0.01335	0.02225	0.00890	0.00445	0.00742
91	0.02056	0.01974	0.03372	0.05099	0.65622	0.01974	0.02550	0.02550	0.01892	0.02714	0.01563	0.02056	0.01316	0.00740	0.00822	0.00247	0.00987	0.00740	0.00411	0.01316
92	0.23998	0.01052	0.00962	0.00902	0.01212	0.01119	0.00706	0.02186	0.01675	0.06273	0.02275	0.02565	0.01760	0.00912	0.00573	0.00215	0.00478	0.00681	0.49613	0.00842
93	0.00982	0.00842	0.00842	0.00842	0.01122	0.00701	0.00631	0.01192	0.01894	0.02244	0.08416	0.07995	0.65285	0.02104	0.00982	0.00281	0.00421	0.01753	0.00771	0.00701
94	0.00982	0.00842	0.00842	0.00842	0.01122	0.00701	0.00631	0.01192	0.01894	0.02244	0.08416	0.07995	0.65285	0.02104	0.00982	0.00281	0.00421	0.01753	0.00771	0.00701
95	0.00992	0.00801	0.00884	0.00950	0.01151	0.00692	0.00679	0.01180	0.01789	0.02202	0.07093	0.29466	0.44668	0.02276	0.01009	0.00300	0.00442	0.01963	0.00771	0.00692
96	0.03061	0.01521	0.01826	0.01450	0.01998	0.01498	0.01182	0.17521	0.06064	0.35576	0.02866	0.02701	0.01946	0.01014	0.00784	0.00244	0.00689	0.00808	0.15973	0.01279
97	0.01723	0.01477	0.01723	0.01230	0.01969	0.01107	0.00984	0.02092	0.01723	0.02707	0.01477	0.01723	0.01230	0.00615	0.00615	0.00123	0.00615	0.00492	0.00492	0.75883
98	0.02066	0.01785	0.01878	0.01691	0.02160	0.02066	0.01315	0.04414	0.64121	0.03475	0.03381	0.03099	0.02536	0.01127	0.00845	0.00282	0.00657	0.00939	0.00845	0.01315
99	0.01737	0.12820	0.58595	0.02247	0.03409	0.02102	0.02860	0.02613	0.01746	0.02545	0.01448	0.01700	0.01054	0.00779	0.00757	0.00252	0.01185	0.00592	0.00351	0.01207
100	0.01666	0.04297	0.66500	0.02368	0.03596	0.01929	0.03069	0.02631	0.01754	0.02631	0.01491	0.01754	0.01052	0.00789	0.00789	0.00263	0.01228	0.00614	0.00351	0.01228
101	0.01012	0.00723	0.00964	0.01157	0.01205	0.00675	0.00771	0.01157	0.01591	0.02121	0.04579	0.70262	0.05495	0.02603	0.01060	0.00337	0.00482	0.02362	0.00771	0.00675
102	0.01549	0.00774	0.00774	0.00774	0.00968	0.00774	0.00581	0.01936	0.01742	0.03097	0.02710	0.03097	0.02129	0.00968	0.00581	0.00194	0.00387	0.00774	0.75416	0.00774
103	0.01012	0.00723	0.00964	0.01157	0.01205	0.00675	0.00771	0.01157	0.01591	0.02121	0.04579	0.70262	0.05495	0.02603	0.01060	0.00337	0.00482	0.02362	0.00771	0.00675
104	0.01961	0.02241	0.04902	0.03501	0.04342	0.02101	0.62605	0.02661	0.01961	0.02661	0.01681	0.02241	0.01261	0.00700	0.00980	0.00280	0.01401	0.00980	0.00420	0.01120
105	0.00982	0.00842	0.00842	0.00842	0.01122	0.00701	0.00631	0.01192	0.01894	0.02244	0.08416	0.07995	0.65285	0.02104	0.00982	0.00281	0.00421	0.01753	0.00771	0.00701
106	0.01246	0.00978	0.01449	0.01415	0.01549	0.01181	0.01112	0.01532	0.01329	0.01935	0.02118	0.03127	0.01984	0.05779	0.61388	0.01243	0.08564	0.00875	0.00437	0.00758
107	0.02207	0.24056	0.19199	0.02310	0.03119	0.16076	0.16802	0.02738	0.01910	0.02308	0.01392	0.01692	0.01111	0.00758	0.00750	0.00231	0.01223	0.00635	0.00385	0.01097
108	0.01165	0.00849	0.01096	0.01034	0.01235	0.00779	0.00775	0.01547	0.02326	0.03271	0.62049	0.06304	0.11011	0.01721	0.00980	0.00262	0.00394	0.01516	0.00907	0.00779
109	0.18281	0.01492	0.01684	0.01408	0.01934	0.01528	0.01134	0.03554	0.18035	0.30636	0.09161	0.02932	0.02526	0.01068	0.00786	0.00264	0.00649	0.00849	0.00862	0.01217
110	0.02045	0.08231	0.12829	0.03041	0.15789	0.10433	0.19284	0.02574	0.01895	0.02499	0.05028	0.02142	0.01552	0.00875	0.01034	0.00262	0.08170	0.00781	0.00426	0.01111
111	0.02059	0.01919	0.02939	0.04112	0.47244	0.02001	0.02192	0.03090	0.19913	0.02934	0.02089	0.02358	0.01669	0.00852	0.00829	0.00257	0.00892	0.00798	0.00537	0.01316
112	0.01012	0.00723	0.00964	0.01157	0.01205	0.00675	0.00771	0.01157	0.01591	0.02121	0.04579	0.70262	0.05495	0.02603	0.01060	0.00337	0.00482	0.02362	0.00771	0.00675
113	0.01627	0.00850	0.00858	0.00830	0.01046	0.00862	0.00629	0.04911	0.01848	0.03202	0.02675	0.03043	0.02094	0.00969	0.00593	0.00196	0.00413	0.00773	0.71773	0.00805
114	0.02567	0.01972	0.02106	0.01709	0.02264	0.02177	0.01380	0.38617	0.19551	0.04389	0.05655	0.03069	0.08427	0.01173	0.00856	0.00262	0.00775	0.00932	0.00832	0.01289
115	0.01187	0.00890	0.01335	0.01335	0.01483	0.01038	0.01038	0.01483	0.01335	0.01928	0.02225	0.03264	0.02077	0.06231	0.67512	0.01335	0.02225	0.00890	0.00445	0.00742
116	0.01037	0.00742	0.00986	0.01140	0.01210	0.00691	0.00773	0.01219	0.01705	0.02303	0.13706	0.60615	0.05848	0.02466	0.01048	0.00326	0.00468	0.02232	0.00793	0.00691
117	0.02056	0.01974	0.03372	0.05099	0.65622	0.01974	0.02550	0.02550	0.01892	0.02714	0.01563	0.02056	0.01316	0.00740	0.00822	0.00247	0.00987	0.00740	0.00411	0.01316
118	0.17942	0.30044	0.02879	0.01591	0.02129	0.17751	0.01367	0.02839	0.08115	0.02500	0.01408	0.01582	0.01183	0.00842	0.00736	0.00224	0.04855	0.00533	0.00456	0.01024
119	0.01046	0.00855	0.00936	0.00980	0.01232	0.00745	0.00764	0.01283	0.01880	0.02280	0.07494	0.11721	0.51289	0.02165	0.01015	0.00302	0.00485	0.12046	0.00770	0.00711
120	0.01059	0.00809	0.00972	0.01007	0.01189	0.00722	0.00727	0.01313	0.01963	0.02588	0.27126	0.26019	0.27280	0.02111	0.01005	0.00291	0.00429	0.01848	0.00821	0.00722
121	0.02599	0.02049	0.02178	0.01798	0.02363	0.02315	0.01444	0.32912	0.34757	0.04334	0.02705	0.02561	0.01988	0.01064	0.00838	0.00266	0.00783	0.00846	0.00838	0.01363
122	0.01117	0.00834	0.00957	0.00933	0.01102	0.00761	0.00649	0.01331	0.01859	0.02451	0.27097	0.06612	0.26650	0.21854	0.01921	0.00426	0.00522	0.01505	0.00745	0.00674
123	0.02978	0.13515	0.02638	0.02038	0.02506	0.58362	0.01579	0.03200	0.02260	0.02022	0.01266	0.01475	0.01070	0.00835	0.00718	0.00209	0.01412	0.00522	0.00418	0.00978
124	0.01818	0.01818	0.02545	0.02181	0.02181	0.02545	0.01818	0.01999	0.01272	0.01999	0.01091	0.01818	0.01091	0.01454	0.02726	0.00364	0.69284	0.00727	0.00364	0.00909
125	0.03103	0.03959	0.02354	0.02140	0.02568	0.67469	0.01605	0.03317	0.02354	0.02033	0.01284	0.01498	0.01070	0.00856	0.00749	0.00214	0.01498	0.00535	0.00428	0.00963
126	0.01092	0.00839	0.00999	0.00973	0.01193	0.00746	0.00725	0.01400	0.02133	0.02846	0.39971	0.10543	0.29722	0.01905	0.00985	0.00273	0.00408	0.01648	0.00851	0.00746
127	0.07093	0.03712	0.02298	0.05240	0.02664	0.60738	0.01599	0.03212	0.02269	0.02131	0.01286	0.01524	0.01062	0.00850	0.00740	0.00219	0.01432	0.00540	0.00430	0.00958
128	0.02392	0.02693	0.02784	0.16206	0.28148	0.28841	0.02115	0.02782	0.02037	0.02320	0.01432	0.01858	0.01175	0.00805	0.00794	0.00239	0.01220	0.00656	0.00410	0.01095
129	0.02029	0.01784	0.01906	0.01877	0.07549	0.04769	0.01340	0.09574	0.38718	0.03304	0.03889	0.03701	0.13471	0.01243	0.00862	0.00272	0.00707	0.01030	0.00774	0.01200
130	0.01188	0.00797	0.00912	0.00932	0.00937	0.00792	0.00531	0.01203	0.01248	0.01664	0.02822	0.12203	0.03278	0.63686	0.03898	0.00757	0.00772	0.01329	0.00531	0.00521
131	0.01207	0.00883	0.01303	0.01303	0.01454	0.01023	0.01012	0.01509	0.01358	0.01995	0.02253	0.03254	0.02080	0.05930	0.63696	0.01270	0.02120	0.00883	0.04719	0.00744
132	0.01871	0.28988	0.43600	0.02019	0.03056	0.02430	0.02462	0.02578	0.01730	0.02382	0.01367	0.01599	0.01057	0.00760	0.00695	0.00232	0.01103	0.00551	0.00352	0.01168
133	0.01859	0.08889	0.02729	0.02104	0.02176	0.02620	0.01777	0.02049	0.01315	0.01995	0.01097	0.01768	0.01088	0.01378	0.02503	0.00345	0.62324	0.00698	0.00363	0.00925
134	0.01723	0.01477	0.01723	0.01230	0.01969	0.01107	0.00984	0.02092	0.01723	0.02707	0.01477	0.01723	0.01230	0.00615	0.00615	0.00123	0.00615	0.00492	0.00492	0.75883
135	0.02127	0.01814	0.01912	0.01703	0.02183	0.02094	0.01330	0.07642	0.60796	0.03572	0.03305	0.03038	0.02474	0.01120	0.00845	0.00280	0.00672	0.00929	0.00845	0.01320
136	0.01049	0.00844	0.00934	0.00912	0.01163	0.00730	0.00684	0.01322	0.02051	0.02619	0.27990	0.07378	0.45476	0.01964	0.00981	0.00274	0.00411	0.01667	0.00821	0.00730
137	0.01012	0.00723	0.00964	0.01157	0.01205	0.00675	0.00771	0.01157	0.01591	0.02121	0.04579	0.70262	0.05495	0.02603	0.01060	0.00337	0.00482	0.02362	0.00771	0.00675
138	0.01126	0.00847	0.01041	0.00993	0.01210	0.00763	0.00745	0.01471	0.02234	0.03051	0.50560	0.06666	0.22637	0.01803	0.00980	0.00266	0.00399	0.01567	0.00878	0.00763
139	0.02670	0.02084	0.02218	0.01813	0.02390	0.02348	0.01461	0.36713	0.30840	0.04448	0.02615	0.02489	0.01915	0.01055	0.00837	0.00264	0.00799	0.00834	0.00837	0.01369
140	0.02066	0.01785	0.01878	0.01691	0.02160	0.02066	0.01315	0.04414	0.64121	0.03475	0.03381	0.03099	0.02536	0.01127	0.00845	0.00282	0.00657	0.00939	0.00845	0.01315
141	0.01723	0.01477	0.01723	0.01230	0.01969	0.01107	0.00984	0.02092	0.01723	0.02707	0.01477	0.01723	0.01230	0.00615	0.00615	0.00123	0.00615	0.00492	0.00492	0.75883
142	0.01933	0.01837	0.03065	0.21099	0.46849	0.01946	0.02419	0.02545	0.05314	0.02606	0.01642	0.02155	0.01331	0.00785	0.00826	0.00256	0.00999	0.00751	0.00425	0.01216
143	0.01909	0.07300	0.02174	0.01775	0.01968	0.13237	0.01425	0.04601	0.01677	0.02192	0.01911	0.12192	0.01935	0.02078	0.10664	0.00440	0.27030	0.00941	0.03665	0.00888
144	0.01012	0.00723	0.00964	0.01157	0.01205	0.00675	0.00771	0.01157	0.01591	0.02121	0.04579	0.70262	0.05495	0.02603	0.01060	0.00337	0.00482	0.02362	0.00771	0.00675
145	0.01424	0.00814	0.00968	0.00968	0.01146	0.00865	0.00739	0.01780	0.01602	0.02694	0.02543	0.03155	0.02111	0.02783	0.23660	0.00587	0.01021	0.00814	0.49565	0.00763
146	0.02811	0.06371	0.02401	0.02135	0.05266	0.44783	0.01579	0.06861	0.14848	0.02533	0.01754	0.01867	0.01396	0.00907	0.00767	0.00230	0.01245	0.00634	0.00531	0.01080
147	0.01567	0.01449	0.02064	0.01845	0.01904	0.01946	0.01508	0.01794	0.01297	0.01971	0.01542	0.02392	0.01483	0.03353	0.28483	0.00750	0.42623	0.00792	0.00396	0.00842
148	0.01428	0.01157	0.01276	0.01300	0.04784	0.01124	0.00925	0.02179	0.17094	0.05490	0.06596	0.06255	0.43756	0.01745	0.00934	0.00278	0.00521	0.01460	0.00782	0.00916
149	0.01130	0.00879	0.01122	0.01248	0.04577	0.00802	0.00855	0.01410	0.01975	0.02624	0.26459	0.22949	0.23956	0.02029	0.01001	0.00292	0.00473	0.04660	0.00802	0.00758
150	0.01687	0.04176	0.63209	0.02510	0.06830	0.01932	0.03042	0.02627	0.01761	0.02635	0.01495	0.01770	0.01066	0.00787	0.00791	0.00262	0.01215	0.00620	0.00354	0.01232
151	0.01890	0.01639	0.02246	0.02833	0.26546	0.05344	0.01665	0.02266	0.01737	0.02659	0.01844	0.02334	0.01536	0.00974	0.01133	0.00251	0.15077	0.00738	0.26265	0.01024
152	0.02056	0.01974	0.03372	0.05099	0.65622	0.01974	0.02550	0.02550	0.01892	0.02714	0.01563	0.02056	0.01316	0.00740	0.00822	0.00247	0.00987	0.00740	0.00411	0.01316

[dist]
# distance from previous block
# <min> <max>
0	1

[block]
# block no. 1 follows, 22 sequences, length 24
# corresponding to MSA columns:
# 292-315
name=unknown_B
#
# <colnr> <probs for GDERKNQSTAVLIFYWHMCP>
#	G	D	E	R	K	N	Q	S	T	A	V	L	I	F	Y	W	H	M	C	P
0	0.02025	0.01942	0.03315	0.09214	0.61753	0.01966	0.02534	0.02522	0.01877	0.02676	0.01557	0.02066	0.01302	0.00746	0.00823	0.00249	0.00995	0.00740	0.00408	0.01291
1	0.02501	0.02838	0.02299	0.02359	0.10821	0.37273	0.01624	0.06610	0.02124	0.02308	0.01552	0.01988	0.01335	0.01995	0.14706	0.00461	0.05102	0.00660	0.00452	0.00991
2	0.03103	0.03959	0.02354	0.02140	0.02568	0.67469	0.01605	0.03317	0.02354	0.02033	0.01284	0.01498	0.01070	0.00856	0.00749	0.00214	0.01498	0.00535	0.00428	0.00963
3	0.01316	0.01191	0.02164	0.01880	0.02174	0.01118	0.19274	0.01641	0.01721	0.02305	0.03702	0.46126	0.04185	0.02015	0.01042	0.00323	0.00774	0.05568	0.00666	0.00814
4	0.02411	0.56837	0.03924	0.01576	0.02226	0.17075	0.01461	0.02666	0.01831	0.01971	0.01183	0.01368	0.01067	0.00742	0.00579	0.00185	0.01019	0.00464	0.00371	0.01044
5	0.01002	0.00842	0.00869	0.00862	0.01134	0.00710	0.00647	0.01230	0.01940	0.02354	0.14172	0.07814	0.59460	0.02063	0.00982	0.00279	0.00418	0.01728	0.00786	0.00710
6	0.01012	0.00723	0.00964	0.01157	0.01205	0.00675	0.00771	0.01157	0.01591	0.02121	0.04579	0.70262	0.05495	0.02603	0.01060	0.00337	0.00482	0.02362	0.00771	0.00675
7	0.02625	0.01925	0.02155	0.01800	0.02326	0.02101	0.01509	0.44930	0.03321	0.04430	0.02699	0.04157	0.02400	0.01378	0.00924	0.00288	0.00870	0.18128	0.00812	0.01223
8	0.03103	0.03959	0.02354	0.02140	0.02568	0.67469	0.01605	0.03317	0.02354	0.02033	0.01284	0.01498	0.01070	0.00856	0.00749	0.00214	0.01498	0.00535	0.00428	0.00963
9	0.01012	0.00723	0.00964	0.01157	0.01205	0.00675	0.00771	0.01157	0.01591	0.02121	0.04579	0.70262	0.05495	0.02603	0.01060	0.00337	0.00482	0.02362	0.00771	0.00675
10	0.01983	0.01899	0.03240	0.14650	0.56642	0.01955	0.02513	0.02486	0.01857	0.02625	0.01550	0.02080	0.01285	0.00754	0.00824	0.00251	0.01005	0.00740	0.00405	0.01257
11	0.01003	0.00842	0.00872	0.00864	0.01135	0.00711	0.00648	0.01234	0.01945	0.02365	0.14747	0.07795	0.58878	0.02059	0.00982	0.00278	0.00418	0.01725	0.00787	0.00711
12	0.01012	0.00723	0.00964	0.01157	0.01205	0.00675	0.00771	0.01157	0.01591	0.02121	0.04579	0.70262	0.05495	0.02603	0.01060	0.00337	0.00482	0.02362	0.00771	0.00675
13	0.01061	0.00845	0.00951	0.00925	0.01171	0.00735	0.00693	0.01345	0.02080	0.02688	0.31587	0.07265	0.41837	0.01938	0.00981	0.00273	0.00409	0.01651	0.00830	0.00735
14	0.01057	0.00811	0.00968	0.00999	0.01186	0.00722	0.00723	0.01312	0.01968	0.02585	0.26961	0.24643	0.28862	0.02102	0.01003	0.00290	0.00428	0.01835	0.00821	0.00722
15	0.02221	0.71304	0.04353	0.01421	0.02132	0.03287	0.01421	0.02488	0.01688	0.01955	0.01155	0.01333	0.01066	0.00711	0.00533	0.00178	0.00888	0.00444	0.00355	0.01066
16	0.01666	0.04297	0.66500	0.02368	0.03596	0.01929	0.03069	0.02631	0.01754	0.02631	0.01491	0.01754	0.01052	0.00789	0.00789	0.00263	0.01228	0.00614	0.00351	0.01228
17	0.03727	0.01414	0.01928	0.01478	0.02121	0.01221	0.01221	0.04049	0.02378	0.66198	0.03277	0.02828	0.02056	0.01028	0.00835	0.00257	0.00707	0.00835	0.01028	0.01414
18	0.02221	0.71304	0.04353	0.01421	0.02132	0.03287	0.01421	0.02488	0.01688	0.01955	0.01155	0.01333	0.01066	0.00711	0.00533	0.00178	0.00888	0.00444	0.00355	0.01066
19	0.01093	0.00846	0.00995	0.00958	0.01190	0.00748	0.00718	0.01407	0.02155	0.02865	0.40816	0.06974	0.32498	0.01872	0.00981	0.00270	0.00404	0.01610	0.00853	0.00748
20	0.01004	0.00756	0.00930	0.01069	0.01182	0.00682	0.00732	0.01167	0.01675	0.02155	0.05644	0.52979	0.22091	0.02464	0.01039	0.00322	0.00465	0.02193	0.00771	0.00682
21	0.01818	0.01818	0.02545	0.02181	0.02181	0.02545	0.01818	0.01999	0.01272	0.01999	0.01091	0.01818	0.01091	0.01454	0.02726	0.00364	0.69284	0.00727	0.00364	0.00909
22	0.06161	0.01900	0.01986	0.01710	0.02227	0.02173	0.01354	0.17712	0.47083	0.03892	0.02949	0.02756	0.02194	0.01079	0.00825	0.00273	0.00716	0.00870	0.00825	0.01316
23	0.01888	0.02139	0.09740	0.07394	0.35117	0.01936	0.15226	0.02446	0.01807	0.02567	0.01611	0.02165	0.01321	0.01232	0.06526	0.00353	0.04155	0.00791	0.00406	0.01179

[dist]
# distance from previous block
# <min> <max>
0	1

[block]
# block no. 2 follows, 22 sequences, length 7
# corresponding to MSA columns:
# 317-323
name=unknown_C
#
# <colnr> <probs for GDERKNQSTAVLIFYWHMCP>
#	G	D	E	R	K	N	Q	S	T	A	V	L	I	F	Y	W	H	M	C	P
0	0.01208	0.00805	0.00906	0.00906	0.00906	0.00805	0.00503	0.01208	0.01208	0.01611	0.02618	0.05436	0.03020	0.70804	0.04228	0.00805	0.00805	0.01208	0.00503	0.00503
1	0.01865	0.02038	0.04286	0.03390	0.10272	0.01936	0.48892	0.02486	0.01893	0.02589	0.01880	0.06463	0.01576	0.01157	0.05014	0.00344	0.01352	0.01035	0.00442	0.01090
2	0.02341	0.02065	0.03145	0.04274	0.49312	0.02130	0.02298	0.18150	0.02413	0.03366	0.01674	0.02040	0.01341	0.00807	0.00825	0.00247	0.00968	0.00742	0.00520	0.01341
3	0.01423	0.01065	0.01371	0.01188	0.01536	0.00958	0.00905	0.01589	0.01479	0.02141	0.02405	0.03008	0.08113	0.02956	0.21177	0.17687	0.01099	0.00792	0.00477	0.28631
4	0.01213	0.00882	0.01184	0.01353	0.01518	0.00854	0.01109	0.01513	0.01827	0.02363	0.04914	0.24963	0.12021	0.02352	0.01106	0.00359	0.00652	0.38315	0.00767	0.00734
5	0.02648	0.03150	0.02519	0.02828	0.18776	0.44134	0.01795	0.02942	0.02136	0.02199	0.01447	0.01812	0.01231	0.01343	0.07191	0.00330	0.01436	0.00622	0.00425	0.01033
6	0.01848	0.01370	0.01731	0.01912	0.10785	0.01419	0.01255	0.02851	0.23948	0.10170	0.03953	0.22733	0.09354	0.01582	0.00916	0.00290	0.00636	0.01389	0.00776	0.01082

[dist]
# distance from previous block
# <min> <max>
0	1

[block]
# block no. 3 follows, 22 sequences, length 47
# corresponding to MSA columns:
# 325-371
name=unknown_D
#
# <colnr> <probs for GDERKNQSTAVLIFYWHMCP>
#	G	D	E	R	K	N	Q	S	T	A	V	L	I	F	Y	W	H	M	C	P
0	0.02268	0.01342	0.01614	0.01460	0.01855	0.01373	0.01119	0.03300	0.25440	0.22886	0.03715	0.23598	0.03291	0.01548	0.00908	0.00291	0.00619	0.01342	0.00880	0.01150
1	0.02180	0.01814	0.02249	0.21412	0.03276	0.02125	0.01693	0.21694	0.17916	0.03433	0.02477	0.02662	0.05229	0.01084	0.01007	0.00277	0.06807	0.00848	0.00655	0.01160
2	0.02291	0.02264	0.02206	0.01906	0.02262	0.19699	0.03925	0.15024	0.05753	0.02773	0.01799	0.02257	0.01513	0.02464	0.19476	0.00559	0.11539	0.00747	0.00530	0.01014
3	0.01386	0.01183	0.01717	0.01602	0.01704	0.01514	0.01285	0.01647	0.01315	0.01951	0.01867	0.02807	0.01765	0.04721	0.47034	0.01028	0.23421	0.00839	0.00419	0.00795
4	0.01059	0.00743	0.00950	0.01097	0.01134	0.00706	0.00707	0.01169	0.01499	0.01999	0.04112	0.54834	0.04906	0.18835	0.01814	0.00449	0.00559	0.02087	0.00707	0.00634
5	0.01847	0.01550	0.01789	0.01290	0.02021	0.01235	0.01036	0.07360	0.01912	0.02926	0.01521	0.01746	0.01246	0.00648	0.00634	0.00134	0.00641	0.00514	0.00522	0.69426
6	0.02056	0.01974	0.03372	0.05099	0.65622	0.01974	0.02550	0.02550	0.01892	0.02714	0.01563	0.02056	0.01316	0.00740	0.00822	0.00247	0.00987	0.00740	0.00411	0.01316
7	0.02898	0.03181	0.02597	0.02704	0.15671	0.39314	0.01796	0.16503	0.02606	0.02892	0.01501	0.01725	0.01198	0.00864	0.00783	0.00229	0.01261	0.00625	0.00515	0.01137
8	0.01201	0.00832	0.01042	0.01042	0.01089	0.00879	0.00672	0.01295	0.01248	0.01711	0.02494	0.04750	0.02722	0.50394	0.24231	0.00973	0.01254	0.01108	0.00485	0.00579
9	0.03231	0.02531	0.02381	0.01895	0.02507	0.15860	0.01532	0.41795	0.03358	0.13576	0.02036	0.02014	0.01437	0.00972	0.00815	0.00243	0.01005	0.00717	0.00776	0.01319
10	0.02013	0.02009	0.03666	0.07701	0.49445	0.01996	0.15673	0.02554	0.01896	0.02675	0.01584	0.02104	0.01294	0.00736	0.00857	0.00255	0.01083	0.00793	0.00411	0.01255
11	0.02056	0.01974	0.03372	0.05099	0.65622	0.01974	0.02550	0.02550	0.01892	0.02714	0.01563	0.02056	0.01316	0.00740	0.00822	0.00247	0.00987	0.00740	0.00411	0.01316
12	0.01187	0.00890	0.01335	0.01335	0.01483	0.01038	0.01038	0.01483	0.01335	0.01928	0.02225	0.03264	0.02077	0.06231	0.67512	0.01335	0.02225	0.00890	0.00445	0.00742
13	0.01961	0.02241	0.04902	0.03501	0.04342	0.02101	0.62605	0.02661	0.01961	0.02661	0.01681	0.02241	0.01261	0.00700	0.00980	0.00280	0.01401	0.00980	0.00420	0.01120
14	0.00999	0.00842	0.00865	0.00859	0.01132	0.00708	0.00644	0.01225	0.01933	0.02338	0.13338	0.07840	0.60304	0.02069	0.00982	0.00279	0.00418	0.01732	0.00784	0.00708
15	0.01092	0.00846	0.00994	0.00957	0.01190	0.00748	0.00718	0.01405	0.02153	0.02861	0.40616	0.06980	0.32700	0.01874	0.00981	0.00270	0.00404	0.01611	0.00853	0.00748
16	0.01339	0.00956	0.01339	0.01530	0.01721	0.00956	0.01339	0.01721	0.01912	0.02486	0.04399	0.09371	0.04781	0.02295	0.01147	0.00382	0.00765	0.60031	0.00765	0.00765
17	0.03727	0.01414	0.01928	0.01478	0.02121	0.01221	0.01221	0.04049	0.02378	0.66198	0.03277	0.02828	0.02056	0.01028	0.00835	0.00257	0.00707	0.00835	0.01028	0.01414
18	0.03158	0.02327	0.02493	0.01911	0.02576	0.02576	0.01579	0.62852	0.03906	0.05236	0.01995	0.01995	0.01413	0.00997	0.00831	0.00249	0.00914	0.00748	0.00831	0.01413
19	0.03727	0.01414	0.01928	0.01478	0.02121	0.01221	0.01221	0.04049	0.02378	0.66198	0.03277	0.02828	0.02056	0.01028	0.00835	0.00257	0.00707	0.00835	0.01028	0.01414
20	0.02066	0.01785	0.01878	0.01691	0.02160	0.02066	0.01315	0.04414	0.64121	0.03475	0.03381	0.03099	0.02536	0.01127	0.00845	0.00282	0.00657	0.00939	0.00845	0.01315
21	0.01023	0.00740	0.00968	0.01129	0.01203	0.00685	0.00764	0.01192	0.01670	0.02225	0.09667	0.61407	0.09254	0.02500	0.01049	0.00328	0.00471	0.02256	0.00783	0.00685
22	0.06491	0.02086	0.06877	0.04703	0.58227	0.01965	0.02481	0.02548	0.01855	0.02770	0.01534	0.01996	0.01276	0.00745	0.00802	0.00248	0.00980	0.00716	0.00414	0.01286
23	0.02115	0.02772	0.19252	0.11532	0.29609	0.09681	0.02459	0.07798	0.02056	0.02758	0.01538	0.01927	0.01202	0.00799	0.00807	0.00251	0.01117	0.00684	0.00429	0.01212
24	0.06992	0.11913	0.02470	0.01837	0.02362	0.27712	0.01468	0.14763	0.16790	0.03064	0.01880	0.01933	0.01464	0.00922	0.00745	0.00234	0.01063	0.00652	0.00597	0.01140
25	0.00983	0.00836	0.00848	0.00857	0.01126	0.00700	0.00638	0.01190	0.01878	0.02238	0.08225	0.11091	0.62312	0.02129	0.00986	0.00283	0.00424	0.01784	0.00771	0.00700
26	0.01359	0.01038	0.01180	0.01117	0.01385	0.00994	0.00839	0.10390	0.02245	0.02939	0.21222	0.19588	0.28700	0.01940	0.00975	0.00283	0.00499	0.01667	0.00817	0.00822
27	0.09362	0.06322	0.40368	0.02211	0.06576	0.01985	0.02397	0.09643	0.01944	0.02964	0.01570	0.01872	0.01184	0.01278	0.06542	0.00349	0.01190	0.00637	0.00436	0.01173
28	0.02197	0.02159	0.06853	0.04472	0.52761	0.02060	0.02436	0.11462	0.02181	0.03082	0.01622	0.02030	0.01315	0.00781	0.00822	0.00248	0.00990	0.00734	0.00470	0.01325
29	0.02113	0.01808	0.01905	0.01700	0.02178	0.02088	0.01326	0.06924	0.61535	0.03551	0.03322	0.03052	0.02488	0.01122	0.00845	0.00280	0.00668	0.00931	0.00845	0.01319
30	0.02298	0.02176	0.03165	0.04404	0.51541	0.07016	0.02335	0.11516	0.02224	0.03035	0.01605	0.02005	0.01312	0.00787	0.00818	0.00245	0.01015	0.00726	0.00475	0.01304
31	0.01041	0.00735	0.00955	0.01120	0.01161	0.00694	0.00732	0.01164	0.01534	0.02045	0.04289	0.60686	0.05129	0.12678	0.01528	0.00407	0.00530	0.02191	0.00732	0.00649
32	0.01208	0.00805	0.00906	0.00906	0.00906	0.00805	0.00503	0.01208	0.01208	0.01611	0.02618	0.05436	0.03020	0.70804	0.04228	0.00805	0.00805	0.01208	0.00503	0.00503
33	0.01012	0.00723	0.00964	0.01157	0.01205	0.00675	0.00771	0.01157	0.01591	0.02121	0.04579	0.70262	0.05495	0.02603	0.01060	0.00337	0.00482	0.02362	0.00771	0.00675
34	0.01818	0.01818	0.02545	0.02181	0.02181	0.02545	0.01818	0.01999	0.01272	0.01999	0.01091	0.01818	0.01091	0.01454	0.02726	0.00364	0.69284	0.00727	0.00364	0.00909
35	0.02613	0.09785	0.06687	0.02990	0.21856	0.37430	0.01964	0.02963	0.02114	0.02269	0.01369	0.01668	0.01144	0.00803	0.00753	0.00223	0.01268	0.00594	0.00411	0.01097
36	0.01723	0.01477	0.01723	0.01230	0.01969	0.01107	0.00984	0.02092	0.01723	0.02707	0.01477	0.01723	0.01230	0.00615	0.00615	0.00123	0.00615	0.00492	0.00492	0.75883
37	0.01079	0.00839	0.00939	0.00918	0.01129	0.00744	0.00662	0.01318	0.01942	0.02507	0.26167	0.07030	0.37257	0.12120	0.01461	0.00352	0.00468	0.01591	0.00779	0.00699
38	0.01194	0.00863	0.01199	0.01199	0.01301	0.00965	0.00869	0.01396	0.01295	0.01828	0.02349	0.03950	0.02375	0.26641	0.47509	0.01168	0.01776	0.00991	0.00463	0.00666
39	0.01045	0.00761	0.00984	0.01104	0.01205	0.00701	0.00761	0.01248	0.01782	0.02393	0.17977	0.50836	0.11407	0.02363	0.01036	0.00316	0.00457	0.02122	0.00802	0.00701
40	0.02624	0.02197	0.02221	0.04663	0.02532	0.07732	0.01500	0.30569	0.29196	0.04092	0.02501	0.02431	0.01847	0.01033	0.00830	0.00261	0.00862	0.00811	0.00784	0.01313
41	0.02261	0.01705	0.05062	0.01621	0.02092	0.01720	0.01350	0.06073	0.25610	0.16815	0.03392	0.06155	0.08399	0.01263	0.01082	0.00280	0.09042	0.00990	0.00776	0.04312
42	0.01712	0.08060	0.60098	0.02365	0.03546	0.02015	0.05705	0.02624	0.01760	0.02593	0.01480	0.01752	0.01063	0.00781	0.00783	0.00259	0.01216	0.00621	0.00354	0.01214
43	0.12665	0.02132	0.15923	0.01972	0.02536	0.05252	0.14211	0.02131	0.01739	0.02596	0.02612	0.23741	0.02691	0.01431	0.00893	0.00293	0.00931	0.04759	0.00550	0.00941
44	0.12986	0.20429	0.24329	0.02570	0.15858	0.02286	0.05625	0.02551	0.01727	0.02639	0.01381	0.01677	0.01100	0.00751	0.00701	0.00238	0.01014	0.00593	0.00393	0.01150
45	0.02079	0.02590	0.12175	0.07126	0.28678	0.15451	0.04271	0.02647	0.04629	0.02511	0.02248	0.02542	0.07578	0.00927	0.00825	0.00250	0.01080	0.00796	0.00458	0.01139
46	0.02105	0.08623	0.20599	0.02680	0.17280	0.13627	0.02135	0.07258	0.02078	0.02655	0.02157	0.02803	0.05389	0.01010	0.00815	0.00254	0.01078	0.05847	0.00478	0.01130

[dist]
# distance from previous block
# <min> <max>
5	68

[block]
# block no. 4 follows, 22 sequences, length 108
# corresponding to MSA columns:
# 441-548
name=unknown_E
#
# <colnr> <probs for GDERKNQSTAVLIFYWHMCP>
#	G	D	E	R	K	N	Q	S	T	A	V	L	I	F	Y	W	H	M	C	P
0	0.01914	0.16987	0.02990	0.12218	0.10913	0.01990	0.08340	0.05442	0.01839	0.02524	0.01522	0.01938	0.01262	0.01128	0.05640	0.00287	0.01018	0.00647	0.00440	0.20961
1	0.05558	0.01627	0.07524	0.01556	0.02023	0.01455	0.01350	0.07169	0.11253	0.16406	0.05880	0.12610	0.02898	0.01664	0.04448	0.00341	0.03555	0.07586	0.00752	0.04346
2	0.01825	0.01787	0.01946	0.02302	0.16883	0.12370	0.01433	0.02500	0.12676	0.02703	0.13142	0.09595	0.11941	0.01392	0.00896	0.00268	0.00791	0.03876	0.00664	0.01009
3	0.02126	0.05870	0.02425	0.02397	0.12567	0.19267	0.01660	0.02634	0.08655	0.02274	0.01688	0.02159	0.01465	0.01997	0.13675	0.00468	0.16487	0.00718	0.00457	0.01012
4	0.01729	0.01751	0.03346	0.02622	0.06333	0.01662	0.34011	0.02200	0.01766	0.02456	0.04371	0.05614	0.01994	0.13448	0.01593	0.00361	0.03987	0.01020	0.00473	0.09262
5	0.02009	0.02001	0.03573	0.07225	0.39552	0.02012	0.18363	0.02766	0.08793	0.02757	0.01792	0.02228	0.01427	0.00777	0.00867	0.00261	0.01066	0.00826	0.00460	0.01246
