[name]
unknown

[dist]
# distance from previous block
# <min> <max>
0	29

[block]
# block no. 0 follows, 22 sequences, length 54
# corresponding to MSA columns:
# 29-82
name=unknown_A
#
# <colnr> <probs for GDERKNQSTAVLIFYWHMCP>
#	G	D	E	R	K	N	Q	S	T	A	V	L	I	F	Y	W	H	M	C	P
0	0.06812	0.02249	0.08890	0.27489	0.08812	0.15432	0.01982	0.02395	0.01858	0.02359	0.02058	0.03039	0.04180	0.01047	0.00832	0.00271	0.01092	0.07779	0.00456	0.00966
1	0.01870	0.02059	0.10268	0.10526	0.35218	0.05041	0.02170	0.02381	0.01804	0.02575	0.01724	0.02242	0.01415	0.01313	0.07180	0.00349	0.01105	0.00733	0.08896	0.01130
2	0.02223	0.06429	0.02673	0.05955	0.32034	0.09540	0.01851	0.02483	0.01813	0.08895	0.01653	0.02122	0.01364	0.01213	0.01279	0.15283	0.00965	0.00702	0.00462	0.01061
3	0.01973	0.02015	0.08005	0.19690	0.28986	0.01925	0.02216	0.08836	0.01994	0.02802	0.01553	0.02015	0.01234	0.00808	0.00875	0.00246	0.03747	0.00701	0.00448	0.09931
4	0.01727	0.01660	0.02799	0.18223	0.34506	0.01703	0.07034	0.02194	0.01847	0.02485	0.02917	0.03288	0.13996	0.01028	0.00869	0.00263	0.00935	0.00961	0.00474	0.01091
5	0.01925	0.05978	0.02134	0.09128	0.14641	0.20202	0.01501	0.02231	0.01988	0.02247	0.03923	0.04015	0.24279	0.01273	0.00844	0.00249	0.00935	0.01030	0.00538	0.00939
6	0.02332	0.20763	0.02686	0.01770	0.02174	0.29455	0.01452	0.02558	0.01908	0.02028	0.02108	0.02354	0.08774	0.01285	0.03791	0.00283	0.12195	0.00702	0.00440	0.00941
7	0.08038	0.32426	0.02902	0.12206	0.02510	0.02323	0.01414	0.06157	0.01739	0.02392	0.01550	0.01989	0.01334	0.01865	0.13931	0.00436	0.01147	0.00617	0.04051	0.00974
8	0.02770	0.03243	0.02342	0.12852	0.03027	0.46976	0.01689	0.09217	0.02355	0.02375	0.01434	0.01749	0.01159	0.01122	0.03939	0.00281	0.01409	0.00607	0.00461	0.00993
9	0.02311	0.01631	0.02283	0.13247	0.18279	0.01700	0.01699	0.07906	0.12667	0.16950	0.03089	0.03133	0.09291	0.01068	0.00850	0.00264	0.00815	0.00916	0.00692	0.01209
10	0.10157	0.02744	0.02054	0.14347	0.02860	0.36340	0.01530	0.02854	0.06118	0.02374	0.02077	0.02308	0.06452	0.00966	0.00760	0.00239	0.01155	0.00699	0.03022	0.00944
11	0.02579	0.09973	0.02273	0.01749	0.02222	0.33934	0.01377	0.14635	0.02498	0.02706	0.02903	0.02938	0.14563	0.01130	0.00792	0.00231	0.01093	0.00823	0.00572	0.01009
12	0.01321	0.00952	0.01058	0.00994	0.01298	0.00852	0.00758	0.01721	0.06115	0.07804	0.20230	0.06855	0.43275	0.01862	0.00960	0.00274	0.00453	0.01569	0.00829	0.00818
13	0.01479	0.04127	0.02187	0.01865	0.05602	0.01283	0.14742	0.01841	0.01676	0.02376	0.02945	0.16544	0.06648	0.05747	0.13047	0.00483	0.01053	0.01214	0.10658	0.04484
14	0.02010	0.02006	0.02888	0.04149	0.48969	0.08582	0.02177	0.02436	0.01941	0.02579	0.02458	0.02983	0.09052	0.00974	0.00846	0.00252	0.00964	0.03080	0.00469	0.01185
15	0.01024	0.00728	0.00960	0.01141	0.01186	0.00683	0.00754	0.01160	0.01566	0.02089	0.04455	0.66175	0.05339	0.06902	0.01260	0.00367	0.00502	0.02289	0.00754	0.00664
16	0.01586	0.01339	0.01769	0.02126	0.15765	0.01351	0.01365	0.05130	0.12031	0.02828	0.09630	0.05731	0.21205	0.01596	0.00950	0.00290	0.00674	0.12927	0.00717	0.00990
17	0.01804	0.11559	0.40503	0.02895	0.18970	0.02052	0.02648	0.02533	0.01774	0.02550	0.01594	0.04561	0.01301	0.00841	0.00778	0.00252	0.01096	0.00696	0.00384	0.01208
18	0.01033	0.00736	0.00974	0.01138	0.01197	0.00689	0.00762	0.01192	0.01639	0.02201	0.09471	0.62613	0.05595	0.05055	0.01171	0.00348	0.00487	0.02249	0.00773	0.00677
19	0.01007	0.00742	0.00945	0.01107	0.01192	0.00679	0.00749	0.01162	0.01639	0.02140	0.05188	0.60369	0.14994	0.02523	0.01048	0.00328	0.00472	0.02265	0.00771	0.00679
20	0.02392	0.02496	0.07031	0.02941	0.17097	0.14989	0.14565	0.07935	0.09097	0.07442	0.02148	0.02356	0.03853	0.00894	0.00849	0.00254	0.01106	0.00810	0.00554	0.01191
21	0.03110	0.03760	0.02371	0.02112	0.02569	0.59545	0.01602	0.10587	0.02544	0.02424	0.01371	0.01559	0.01112	0.00873	0.00759	0.00218	0.01427	0.00561	0.00477	0.01018
22	0.02417	0.21500	0.13951	0.02577	0.15175	0.26295	0.01992	0.02828	0.01984	0.02249	0.01340	0.01609	0.01115	0.00783	0.00713	0.00219	0.01189	0.00565	0.00392	0.01105
23	0.01782	0.02931	0.31890	0.16537	0.25508	0.01928	0.02738	0.02502	0.01783	0.02559	0.01513	0.01950	0.01155	0.00780	0.00809	0.00260	0.01120	0.00682	0.00375	0.01198
24	0.03082	0.03394	0.02379	0.02056	0.02556	0.45741	0.01587	0.21136	0.05035	0.03041	0.01572	0.01704	0.01225	0.00908	0.00777	0.00227	0.01294	0.00613	0.00563	0.01110
25	0.01420	0.01174	0.01259	0.01214	0.01523	0.01199	0.00912	0.05088	0.20799	0.02734	0.05808	0.18823	0.31128	0.01856	0.00949	0.00291	0.00528	0.01582	0.00797	0.00916
26	0.01640	0.01142	0.01257	0.01129	0.01276	0.01197	0.00741	0.14853	0.01805	0.02413	0.02480	0.04675	0.02664	0.55353	0.03476	0.00682	0.00829	0.01106	0.00576	0.00705
27	0.02399	0.01173	0.01492	0.01250	0.01691	0.01055	0.00994	0.02845	0.06167	0.32837	0.20731	0.04769	0.16204	0.01426	0.00903	0.00264	0.00563	0.01202	0.00935	0.01099
28	0.02129	0.01334	0.01394	0.01184	0.01548	0.01424	0.00941	0.23904	0.02522	0.03868	0.02452	0.02700	0.01871	0.00978	0.00671	0.00214	0.00577	0.00765	0.48519	0.01005
29	0.01067	0.00845	0.00959	0.00930	0.01174	0.00737	0.00698	0.01356	0.02094	0.02719	0.33208	0.07213	0.40196	0.01927	0.00981	0.00272	0.00408	0.01644	0.00834	0.00737
30	0.02034	0.02967	0.23214	0.02951	0.03871	0.05764	0.36147	0.07620	0.02080	0.02828	0.01627	0.02031	0.01199	0.00760	0.00897	0.00269	0.01314	0.00825	0.00433	0.01168
31	0.01481	0.00780	0.00801	0.00801	0.00956	0.00780	0.00565	0.01791	0.01636	0.02801	0.02692	0.03563	0.02307	0.14867	0.01307	0.00315	0.00470	0.00861	0.60507	0.00720
32	0.01565	0.00933	0.01081	0.04774	0.01415	0.00993	0.00808	0.05654	0.01764	0.02867	0.02510	0.03197	0.02091	0.07533	0.11726	0.00436	0.00792	0.00825	0.48241	0.00795
33	0.01984	0.17772	0.33127	0.02106	0.02886	0.10153	0.02301	0.02557	0.01716	0.02292	0.01316	0.01648	0.01065	0.00913	0.01116	0.00259	0.14734	0.00592	0.00363	0.01099
34	0.02316	0.02704	0.02282	0.22397	0.07486	0.35309	0.01764	0.02651	0.02059	0.02130	0.02211	0.02527	0.08757	0.00990	0.00806	0.00243	0.01218	0.00755	0.00450	0.00943
35	0.03107	0.03852	0.02363	0.02125	0.02569	0.63214	0.01603	0.07221	0.02456	0.02243	0.01331	0.01531	0.01093	0.00865	0.00754	0.00216	0.01460	0.00549	0.00454	0.00993
36	0.03158	0.02327	0.02493	0.01911	0.02576	0.02576	0.01579	0.62852	0.03906	0.05236	0.01995	0.01995	0.01413	0.00997	0.00831	0.00249	0.00914	0.00748	0.00831	0.01413
37	0.01187	0.00890	0.01335	0.01335	0.01483	0.01038	0.01038	0.01483	0.01335	0.01928	0.02225	0.03264	0.02077	0.06231	0.67512	0.01335	0.02225	0.00890	0.00445	0.00742
38	0.01666	0.04297	0.66500	0.02368	0.03596	0.01929	0.03069	0.02631	0.01754	0.02631	0.01491	0.01754	0.01052	0.00789	0.00789	0.00263	0.01228	0.00614	0.00351	0.01228
39	0.07974	0.01467	0.01547	0.01384	0.01826	0.01575	0.01083	0.03327	0.34666	0.10589	0.04572	0.04271	0.19580	0.01355	0.00855	0.00277	0.00597	0.01111	0.00820	0.01125
40	0.01254	0.00869	0.01231	0.01231	0.01388	0.00989	0.00954	0.01567	0.01411	0.02145	0.02315	0.03233	0.02087	0.05255	0.55100	0.01123	0.01884	0.00869	0.14349	0.00748
41	0.02781	0.20604	0.02799	0.01918	0.02402	0.47914	0.01529	0.03013	0.02134	0.02008	0.01302	0.01551	0.01123	0.01106	0.04249	0.00265	0.01385	0.00531	0.00411	0.00977
42	0.02928	0.17362	0.02752	0.01997	0.02481	0.54696	0.01569	0.03152	0.02222	0.02018	0.01258	0.01465	0.01069	0.00827	0.00706	0.00207	0.01377	0.00517	0.00414	0.00984
43	0.00990	0.00809	0.00875	0.00928	0.01145	0.00694	0.00670	0.01182	0.01810	0.02210	0.07362	0.25096	0.48865	0.02241	0.01003	0.00296	0.00438	0.01920	0.00771	0.00694
44	0.01029	0.00780	0.00949	0.01040	0.01185	0.00701	0.00729	0.01234	0.01808	0.02355	0.15559	0.40480	0.24542	0.02301	0.01023	0.00307	0.00448	0.02033	0.00794	0.00701
45	0.02073	0.02851	0.16649	0.02604	0.03352	0.14963	0.26592	0.02878	0.08480	0.02669	0.06941	0.02405	0.01850	0.00876	0.00880	0.00262	0.01224	0.00854	0.00492	0.01104
46	0.01194	0.00860	0.01182	0.01182	0.01278	0.00955	0.00848	0.01385	0.01290	0.01815	0.02365	0.04037	0.02413	0.29212	0.44990	0.01147	0.01720	0.01003	0.00466	0.00657
47	0.01018	0.00843	0.00892	0.00879	0.01144	0.00717	0.00660	0.01262	0.01979	0.02446	0.18958	0.07663	0.54616	0.02029	0.00981	0.00277	0.00415	0.01707	0.00798	0.00717
48	0.02056	0.01974	0.03372	0.05099	0.65622	0.01974	0.02550	0.02550	0.01892	0.02714	0.01563	0.02056	0.01316	0.00740	0.00822	0.00247	0.00987	0.00740	0.00411	0.01316
49	0.13599	0.04526	0.02202	0.02689	0.25212	0.05114	0.01561	0.05212	0.01926	0.02883	0.09708	0.16637	0.02883	0.01267	0.00827	0.00265	0.00776	0.01102	0.00583	0.01029
50	0.02140	0.23540	0.02625	0.01624	0.02090	0.15894	0.01348	0.02953	0.18270	0.02368	0.02003	0.02254	0.01675	0.02050	0.15206	0.00464	0.01245	0.00691	0.00520	0.01040
51	0.01012	0.00723	0.00964	0.01157	0.01205	0.00675	0.00771	0.01157	0.01591	0.02121	0.04579	0.70262	0.05495	0.02603	0.01060	0.00337	0.00482	0.02362	0.00771	0.00675
52	0.02739	0.25033	0.03068	0.02156	0.07596	0.41865	0.01625	0.02993	0.02106	0.02064	0.01266	0.01492	0.01089	0.00801	0.00687	0.00205	0.01264	0.00523	0.00404	0.01024
53	0.01042	0.00862	0.00918	0.00927	0.01180	0.00755	0.00686	0.01339	0.04114	0.02378	0.13243	0.14700	0.50781	0.02087	0.00986	0.00285	0.00433	0.01769	0.00788	0.00728

[dist]
# distance from previous block
# <min> <max>
0	1

[block]
# block no. 1 follows, 22 sequences, length 63
# corresponding to MSA columns:
# 84-146
name=unknown_B
#
# <colnr> <probs for GDERKNQSTAVLIFYWHMCP>
#	G	D	E	R	K	N	Q	S	T	A	V	L	I	F	Y	W	H	M	C	P
0	0.01699	0.02036	0.14160	0.01603	0.02286	0.01488	0.01516	0.02148	0.01637	0.02539	0.01458	0.01825	0.01219	0.01078	0.04518	0.00252	0.11717	0.00574	0.00442	0.45804
1	0.01110	0.00850	0.01013	0.01079	0.01246	0.00794	0.00774	0.01432	0.05095	0.02401	0.14540	0.31892	0.23663	0.05767	0.01182	0.00333	0.00490	0.04830	0.00782	0.00728
2	0.01433	0.00811	0.00953	0.00953	0.01132	0.00858	0.00727	0.01792	0.01612	0.02725	0.02555	0.03150	0.02113	0.02646	0.21918	0.00557	0.00973	0.00811	0.51516	0.00764
3	0.01074	0.00845	0.00970	0.00939	0.01179	0.00741	0.00704	0.01372	0.02112	0.02763	0.35524	0.07140	0.37853	0.01910	0.00981	0.00271	0.00407	0.01633	0.00840	0.00741
4	0.01043	0.00799	0.00957	0.01012	0.01184	0.00713	0.00723	0.01275	0.01898	0.02477	0.21573	0.30873	0.28105	0.02187	0.01011	0.00297	0.00436	0.01917	0.00808	0.00713
5	0.02221	0.71304	0.04353	0.01421	0.02132	0.03287	0.01421	0.02488	0.01688	0.01955	0.01155	0.01333	0.01066	0.00711	0.00533	0.00178	0.00888	0.00444	0.00355	0.01066
6	0.00988	0.00816	0.00868	0.00910	0.01140	0.00696	0.00661	0.01185	0.01828	0.02217	0.07586	0.21468	0.52348	0.02212	0.00999	0.00293	0.00434	0.01885	0.00771	0.00696
7	0.01201	0.00868	0.01009	0.00970	0.01224	0.00759	0.00728	0.01484	0.02082	0.05965	0.30070	0.10192	0.36605	0.01916	0.00977	0.00275	0.00427	0.01639	0.00840	0.00769
8	0.03076	0.02286	0.02447	0.01895	0.02545	0.02538	0.01559	0.58466	0.08426	0.05103	0.02099	0.02077	0.01497	0.01007	0.00832	0.00252	0.00895	0.00762	0.00832	0.01405
9	0.00988	0.00817	0.00867	0.00906	0.01139	0.00696	0.00660	0.01185	0.01832	0.02219	0.07632	0.20714	0.53072	0.02206	0.00998	0.00292	0.00433	0.01878	0.00771	0.00696
10	0.01187	0.00890	0.01335	0.01335	0.01483	0.01038	0.01038	0.01483	0.01335	0.01928	0.02225	0.03264	0.02077	0.06231	0.67512	0.01335	0.02225	0.00890	0.00445	0.00742
11	0.02991	0.03747	0.02463	0.02456	0.09302	0.60475	0.01706	0.03235	0.02305	0.02106	0.01314	0.01558	0.01096	0.00844	0.00757	0.00218	0.01444	0.00557	0.00426	0.01001
12	0.01818	0.01314	0.01764	0.01479	0.01748	0.01481	0.07409	0.08408	0.01891	0.03040	0.02180	0.02618	0.01741	0.01047	0.01109	0.00245	0.15338	0.00783	0.43681	0.00906
13	0.02156	0.21334	0.13159	0.03360	0.32017	0.09527	0.02219	0.02630	0.01866	0.02421	0.01411	0.01753	0.01181	0.00752	0.00731	0.00227	0.01053	0.00618	0.00389	0.01196
14	0.02673	0.16338	0.02774	0.02012	0.02406	0.41993	0.01614	0.02890	0.02006	0.02011	0.01220	0.01532	0.01074	0.00951	0.01112	0.00238	0.15228	0.00557	0.00401	0.00972
15	0.01039	0.00844	0.00921	0.00902	0.01157	0.00726	0.00676	0.01303	0.02029	0.02566	0.25207	0.07466	0.48293	0.01984	0.00981	0.00275	0.00412	0.01679	0.00814	0.00726
16	0.02752	0.01480	0.01782	0.01393	0.01980	0.01355	0.01133	0.14357	0.02470	0.31845	0.03808	0.03556	0.14723	0.01179	0.00831	0.00240	0.00674	0.00954	0.00856	0.12632
17	0.02056	0.01974	0.03372	0.05099	0.65622	0.01974	0.02550	0.02550	0.01892	0.02714	0.01563	0.02056	0.01316	0.00740	0.00822	0.00247	0.00987	0.00740	0.00411	0.01316
18	0.01183	0.00814	0.01000	0.01020	0.01055	0.00839	0.00641	0.01259	0.01274	0.01729	0.02743	0.11785	0.03087	0.50468	0.16823	0.00865	0.01062	0.01264	0.00520	0.00570
19	0.01076	0.00801	0.01001	0.01045	0.01203	0.00727	0.00748	0.01339	0.01976	0.02661	0.31155	0.30282	0.18705	0.02116	0.01010	0.00293	0.00431	0.01872	0.00832	0.00727
20	0.02056	0.01974	0.03372	0.05099	0.65622	0.01974	0.02550	0.02550	0.01892	0.02714	0.01563	0.02056	0.01316	0.00740	0.00822	0.00247	0.00987	0.00740	0.00411	0.01316
21	0.06098	0.64107	0.07472	0.01454	0.02182	0.03141	0.01481	0.02493	0.01677	0.02083	0.01173	0.01356	0.01057	0.00718	0.00546	0.00186	0.00893	0.00453	0.00363	0.01066
22	0.01060	0.00832	0.00959	0.00954	0.01177	0.00731	0.00705	0.01334	0.02039	0.02654	0.30075	0.13949	0.36567	0.02000	0.00989	0.00279	0.00416	0.01721	0.00827	0.00731
23	0.01208	0.00805	0.00906	0.00906	0.00906	0.00805	0.00503	0.01208	0.01208	0.01611	0.02618	0.05436	0.03020	0.70804	0.04228	0.00805	0.00805	0.01208	0.00503	0.00503
24	0.01709	0.01053	0.01319	0.01270	0.01541	0.01034	0.00952	0.04669	0.07266	0.13980	0.04386	0.29596	0.13357	0.02576	0.10769	0.00452	0.00804	0.01580	0.00779	0.00910
25	0.02088	0.46445	0.24137	0.01761	0.02623	0.06111	0.01958	0.02576	0.01743	0.02175	0.01269	0.01476	0.01062	0.00743	0.00626	0.00207	0.01028	0.00503	0.00358	0.01113
26	0.01208	0.00805	0.00906	0.00906	0.00906	0.00805	0.00503	0.01208	0.01208	0.01611	0.02618	0.05436	0.03020	0.70804	0.04228	0.00805	0.00805	0.01208	0.00503	0.00503
27	0.01356	0.01124	0.01222	0.01148	0.01462	0.01129	0.00875	0.02250	0.20504	0.02901	0.22135	0.06061	0.31246	0.01705	0.00941	0.00276	0.00483	0.01444	0.00832	0.00906
28	0.02114	0.02245	0.06608	0.04734	0.57635	0.06888	0.02506	0.02611	0.01919	0.02659	0.01538	0.01998	0.01284	0.00751	0.00815	0.00245	0.01038	0.00718	0.00409	0.01285
29	0.01188	0.00884	0.01303	0.01303	0.01440	0.01021	0.00998	0.01463	0.01326	0.01905	0.02255	0.03427	0.02148	0.11078	0.62762	0.01295	0.02119	0.00914	0.00449	0.00724
30	0.01050	0.00838	0.00941	0.00928	0.01168	0.00728	0.00691	0.01320	0.02036	0.02614	0.27842	0.10643	0.42285	0.01990	0.00985	0.00277	0.00414	0.01698	0.00821	0.00728
31	0.02004	0.01921	0.03278	0.11903	0.59225	0.01960	0.02524	0.02504	0.01867	0.02651	0.01553	0.02073	0.01294	0.00750	0.00823	0.00250	0.01000	0.00740	0.00407	0.01274
32	0.01727	0.15765	0.02917	0.51752	0.08083	0.02147	0.02139	0.02219	0.01679	0.02119	0.01415	0.02026	0.01110	0.00801	0.00769	0.00255	0.01056	0.00678	0.00368	0.00972
33	0.02276	0.03092	0.17535	0.03600	0.32805	0.21290	0.02390	0.02795	0.01997	0.02494	0.01464	0.01822	0.01183	0.00786	0.00793	0.00241	0.01193	0.00651	0.00402	0.01192
34	0.01979	0.01895	0.03232	0.15212	0.56114	0.01954	0.02511	0.02482	0.01855	0.02620	0.01549	0.02081	0.01283	0.00755	0.00824	0.00252	0.01006	0.00740	0.00405	0.01254
35	0.01173	0.00873	0.00969	0.00928	0.01205	0.00750	0.00702	0.01438	0.02041	0.05783	0.23370	0.07253	0.46678	0.01941	0.00974	0.00274	0.00428	0.01639	0.00823	0.00760
36	0.01381	0.01104	0.01427	0.04735	0.01769	0.01126	0.01032	0.04066	0.04098	0.02303	0.03129	0.03769	0.12320	0.07148	0.32794	0.00781	0.01399	0.00966	0.00537	0.14116
37	0.02109	0.02074	0.03321	0.04950	0.62435	0.05285	0.02502	0.02588	0.01915	0.02680	0.01549	0.02028	0.01303	0.00746	0.00819	0.00245	0.01013	0.00730	0.00412	0.01298
38	0.03012	0.02213	0.02374	0.01836	0.02451	0.02443	0.01498	0.58225	0.03703	0.04964	0.02041	0.02253	0.01533	0.06237	0.01086	0.00291	0.00906	0.00782	0.00806	0.01345
39	0.01824	0.00995	0.01303	0.01142	0.01461	0.00891	0.00886	0.02184	0.02324	0.19581	0.44841	0.05462	0.10649	0.01555	0.00942	0.00262	0.00476	0.01348	0.00933	0.00941
40	0.01090	0.00788	0.00909	0.00970	0.01054	0.00738	0.00620	0.01188	0.01497	0.01928	0.04657	0.26726	0.18992	0.32310	0.02427	0.00528	0.00609	0.01709	0.00654	0.00606
41	0.01147	0.00823	0.00932	0.00919	0.01027	0.00776	0.00592	0.01278	0.01608	0.02116	0.16802	0.06213	0.19088	0.40046	0.02778	0.00567	0.00628	0.01400	0.00652	0.00609
42	0.01012	0.00723	0.00964	0.01157	0.01205	0.00675	0.00771	0.01157	0.01591	0.02121	0.04579	0.70262	0.05495	0.02603	0.01060	0.00337	0.00482	0.02362	0.00771	0.00675
43	0.01819	0.01474	0.01732	0.01242	0.01976	0.01113	0.00996	0.02185	0.01754	0.05743	0.01563	0.01775	0.01270	0.00635	0.00626	0.00129	0.00620	0.00509	0.00518	0.72322
44	0.01187	0.00890	0.01335	0.01335	0.01483	0.01038	0.01038	0.01483	0.01335	0.01928	0.02225	0.03264	0.02077	0.06231	0.67512	0.01335	0.02225	0.00890	0.00445	0.00742
45	0.01162	0.00813	0.00893	0.00893	0.00950	0.00784	0.00529	0.01205	0.01348	0.01740	0.03802	0.05959	0.15739	0.56771	0.03565	0.00698	0.00727	0.01319	0.00558	0.00544
46	0.02315	0.64112	0.04140	0.01498	0.02179	0.10141	0.01441	0.02576	0.01759	0.01963	0.01169	0.01350	0.01067	0.00726	0.00556	0.00182	0.00954	0.00454	0.00363	0.01055
47	0.02116	0.47393	0.10416	0.01705	0.02313	0.05563	0.01682	0.02436	0.01637	0.02038	0.01182	0.01482	0.01070	0.00877	0.01017	0.00226	0.14919	0.00523	0.00359	0.01047
48	0.01443	0.00722	0.01082	0.01082	0.01082	0.00722	0.00722	0.01082	0.01082	0.01443	0.01443	0.02525	0.01443	0.02886	0.03247	0.75830	0.00722	0.00722	0.00361	0.00361
49	0.01635	0.00962	0.01192	0.01069	0.01383	0.00847	0.00825	0.01955	0.02212	0.15828	0.34525	0.06083	0.24886	0.01690	0.00951	0.00267	0.00465	0.01446	0.00892	0.00886
50	0.01352	0.01068	0.01464	0.01752	0.11006	0.01029	0.01123	0.04660	0.02034	0.02747	0.20672	0.23982	0.13867	0.01896	0.00989	0.00296	0.00577	0.07878	0.00758	0.00851
51	0.02822	0.02128	0.02313	0.01752	0.02434	0.02233	0.01440	0.48646	0.03395	0.04644	0.01873	0.01931	0.01370	0.00908	0.00781	0.00220	0.00844	0.00688	0.00752	0.18824
52	0.00990	0.00808	0.00876	0.00930	0.01145	0.00694	0.00670	0.01182	0.01809	0.02210	0.07344	0.25388	0.48584	0.02243	0.01004	0.00296	0.00438	0.01923	0.00771	0.00694
53	0.01918	0.01861	0.03251	0.22054	0.44968	0.01949	0.06993	0.02443	0.01835	0.02552	0.01548	0.02113	0.01256	0.00761	0.00836	0.00257	0.01050	0.00758	0.00401	0.01196
54	0.17159	0.03021	0.30031	0.02704	0.12417	0.04770	0.13194	0.02615	0.01768	0.02847	0.01458	0.01792	0.01098	0.00765	0.00771	0.00260	0.01115	0.00662	0.00409	0.01143
55	0.29694	0.09559	0.07002	0.08675	0.02535	0.14609	0.01531	0.05614	0.01784	0.02862	0.01275	0.01580	0.01029	0.00873	0.00867	0.00254	0.08268	0.00553	0.00454	0.00983
56	0.17586	0.01975	0.02634	0.14775	0.25980	0.05166	0.04200	0.12608	0.02115	0.03207	0.01527	0.01908	0.01196	0.00810	0.00764	0.00254	0.00965	0.00680	0.00497	0.01153
57	0.02613	0.02403	0.02906	0.06100	0.26772	0.12242	0.04500	0.25690	0.02725	0.03545	0.01686	0.01961	0.01304	0.00858	0.00821	0.00245	0.01060	0.00722	0.00573	0.01274
58	0.18228	0.16188	0.05435	0.01445	0.01918	0.14287	0.01235	0.02410	0.01888	0.05966	0.11959	0.10919	0.02720	0.01168	0.00737	0.00244	0.00829	0.00902	0.00580	0.00943
59	0.17436	0.02291	0.01737	0.01580	0.01984	0.23657	0.01219	0.02924	0.15782	0.02787	0.05566	0.03044	0.11581	0.01153	0.00850	0.00256	0.03718	0.00845	0.00610	0.00978
60	0.16681	0.01205	0.01489	0.15878	0.04626	0.01355	0.01160	0.01741	0.01490	0.02335	0.02779	0.10659	0.08920	0.20715	0.01853	0.00431	0.04307	0.01089	0.00523	0.00765
61	0.05750	0.01587	0.02346	0.02013	0.04681	0.01831	0.10508	0.06591	0.01651	0.05749	0.01833	0.02931	0.01733	0.19154	0.05760	0.00489	0.23099	0.00890	0.00492	0.00909
62	0.12418	0.20459	0.12644	0.01668	0.02276	0.02082	0.07940	0.07562	0.01813	0.02658	0.04128	0.02584	0.01755	0.15112	0.01417	0.00351	0.00927	0.00753	0.00478	0.00978

[dist]
# distance from previous block
# <min> <max>
2	43

[block]
# block no. 2 follows, 22 sequences, length 23
# corresponding to MSA columns:
# 192-214
name=unknown_C
#
# <colnr> <probs for GDERKNQSTAVLIFYWHMCP>
#	G	D	E	R	K	N	Q	S	T	A	V	L	I	F	Y	W	H	M	C	P
0	0.04496	0.09772	0.12719	0.29195	0.10779	0.05620	0.04552	0.02336	0.01700	0.02286	0.01418	0.01953	0.01127	0.00914	0.00981	0.03442	0.04643	0.00674	0.00379	0.01014
1	0.15619	0.02335	0.15546	0.13843	0.19729	0.01949	0.14261	0.02499	0.01753	0.02778	0.01483	0.01929	0.01143	0.00762	0.00792	0.00263	0.01073	0.00709	0.00413	0.01119
2	0.01739	0.01903	0.10123	0.13017	0.29950	0.01684	0.02168	0.02357	0.05089	0.02587	0.02563	0.03877	0.05339	0.01163	0.00895	0.00284	0.00942	0.12707	0.00510	0.01105
3	0.02205	0.02313	0.03043	0.10297	0.44059	0.14982	0.02300	0.02632	0.01928	0.02485	0.01474	0.01947	0.01235	0.00811	0.00913	0.00249	0.04834	0.00699	0.00408	0.01187
4	0.02331	0.02292	0.02397	0.19899	0.11745	0.18503	0.01805	0.16363	0.02441	0.02980	0.06020	0.02533	0.05139	0.00988	0.00827	0.00250	0.01062	0.00794	0.00553	0.01078
5	0.01864	0.02003	0.01910	0.08225	0.09754	0.20750	0.01432	0.02157	0.01870	0.02154	0.03319	0.03640	0.17550	0.02250	0.14194	0.00470	0.04095	0.00965	0.00508	0.00889
6	0.02106	0.15250	0.02306	0.14037	0.05584	0.01727	0.01386	0.02617	0.07338	0.16798	0.03747	0.03710	0.17686	0.01195	0.00812	0.00253	0.00754	0.00976	0.00661	0.01060
7	0.01629	0.01495	0.02195	0.16556	0.19499	0.04923	0.01733	0.02032	0.01627	0.02229	0.01799	0.02541	0.01569	0.03030	0.28402	0.00694	0.01530	0.00777	0.00422	0.05318
8	0.02140	0.23092	0.25895	0.01923	0.02694	0.18800	0.02012	0.02652	0.01888	0.02274	0.04067	0.01844	0.01406	0.01139	0.04597	0.00288	0.01222	0.00599	0.00401	0.01067
9	0.01932	0.01028	0.01287	0.01119	0.01485	0.00898	0.00875	0.02243	0.02214	0.23132	0.27305	0.05692	0.24242	0.01612	0.00934	0.00266	0.00502	0.01368	0.00905	0.00959
10	0.02765	0.03280	0.02414	0.02136	0.02466	0.45843	0.01660	0.06983	0.02171	0.02240	0.01281	0.01616	0.01099	0.01024	0.01280	0.00256	0.19467	0.00600	0.00438	0.00979
11	0.01239	0.00921	0.01200	0.01328	0.01542	0.00882	0.01127	0.01578	0.01933	0.02474	0.08953	0.08838	0.20266	0.02212	0.01096	0.00350	0.00656	0.41880	0.00775	0.00750
12	0.01934	0.15754	0.03501	0.02364	0.02718	0.02580	0.17118	0.02264	0.01529	0.02158	0.01253	0.01828	0.01129	0.01115	0.01848	0.00305	0.38497	0.00735	0.00376	0.00994
13	0.00982	0.00842	0.00842	0.00842	0.01122	0.00701	0.00631	0.01192	0.01894	0.02244	0.08416	0.07995	0.65285	0.02104	0.00982	0.00281	0.00421	0.01753	0.00771	0.00701
14	0.01187	0.00890	0.01335	0.01335	0.01483	0.01038	0.01038	0.01483	0.01335	0.01928	0.02225	0.03264	0.02077	0.06231	0.67512	0.01335	0.02225	0.00890	0.00445	0.00742
15	0.03103	0.03959	0.02354	0.02140	0.02568	0.67469	0.01605	0.03317	0.02354	0.02033	0.01284	0.01498	0.01070	0.00856	0.00749	0.00214	0.01498	0.00535	0.00428	0.00963
16	0.02412	0.01643	0.01861	0.01598	0.02052	0.01760	0.01252	0.23165	0.18936	0.13007	0.03203	0.19680	0.02836	0.01442	0.00893	0.00281	0.00707	0.01219	0.00849	0.01200
17	0.01004	0.00809	0.00877	0.00925	0.01129	0.00701	0.00658	0.01184	0.01773	0.02172	0.07074	0.23585	0.46169	0.06632	0.01210	0.00329	0.00461	0.01872	0.00754	0.00682
18	0.01225	0.00849	0.01116	0.01116	0.01234	0.00921	0.00806	0.01441	0.01378	0.01992	0.02741	0.04139	0.05871	0.24148	0.37467	0.00987	0.01494	0.01017	0.09385	0.00674
19	0.01187	0.00890	0.01335	0.01335	0.01483	0.01038	0.01038	0.01483	0.01335	0.01928	0.02225	0.03264	0.02077	0.06231	0.67512	0.01335	0.02225	0.00890	0.00445	0.00742
20	0.01095	0.00782	0.01059	0.01251	0.01336	0.00746	0.00915	0.01300	0.01672	0.02213	0.04533	0.54857	0.05314	0.02525	0.01082	0.00349	0.00554	0.16952	0.00770	0.00698
21	0.02056	0.01974	0.03372	0.05099	0.65622	0.01974	0.02550	0.02550	0.01892	0.02714	0.01563	0.02056	0.01316	0.00740	0.00822	0.00247	0.00987	0.00740	0.00411	0.01316
22	0.03033	0.03813	0.02322	0.02110	0.02541	0.63057	0.01586	0.03391	0.06521	0.02130	0.01426	0.01606	0.01169	0.00874	0.00756	0.00219	0.01441	0.00562	0.00456	0.00987

[dist]
# distance from previous block
# <min> <max>
0	1

[block]
# block no. 3 follows, 22 sequences, length 7
# corresponding to MSA columns:
# 216-222
name=unknown_D
#
# <colnr> <probs for GDERKNQSTAVLIFYWHMCP>
#	G	D	E	R	K	N	Q	S	T	A	V	L	I	F	Y	W	H	M	C	P
0	0.01004	0.00753	0.00933	0.01076	0.01184	0.00682	0.00735	0.01166	0.01668	0.02152	0.05558	0.54375	0.20750	0.02475	0.01040	0.00323	0.00466	0.02206	0.00771	0.00682
1	0.01004	0.00753	0.00933	0.01076	0.01184	0.00682	0.00735	0.01166	0.01668	0.02152	0.05558	0.54375	0.20750	0.02475	0.01040	0.00323	0.00466	0.02206	0.00771	0.00682
2	0.02006	0.02260	0.11424	0.04496	0.52956	0.01975	0.02526	0.02697	0.06431	0.02759	0.01687	0.02093	0.01371	0.00775	0.00820	0.00251	0.00994	0.00738	0.00435	0.01304
3	0.02202	0.02301	0.03216	0.04270	0.46353	0.12803	0.05625	0.02634	0.01917	0.02537	0.01482	0.01954	0.01253	0.00819	0.00985	0.00253	0.07052	0.00718	0.00410	0.01212
4	0.01122	0.00785	0.01051	0.01213	0.01307	0.00746	0.00887	0.01283	0.01643	0.02155	0.04552	0.45715	0.09454	0.02519	0.01264	0.06890	0.00563	0.15445	0.00734	0.00670
5	0.22697	0.03225	0.02062	0.01846	0.02313	0.45694	0.01416	0.07034	0.02207	0.02697	0.01297	0.01491	0.01047	0.00843	0.00692	0.00228	0.01232	0.00526	0.00478	0.00976
6	0.02134	0.02107	0.03197	0.04653	0.56740	0.06793	0.02397	0.02731	0.06091	0.02715	0.01664	0.02085	0.01380	0.00775	0.00819	0.00247	0.01002	0.00738	0.00442	0.01290

[dist]
# distance from previous block
# <min> <max>
0	1

[block]
# block no. 4 follows, 22 sequences, length 18
# corresponding to MSA columns:
# 224-241
name=unknown_E
#
# <colnr> <probs for GDERKNQSTAVLIFYWHMCP>
#	G	D	E	R	K	N	Q	S	T	A	V	L	I	F	Y	W	H	M	C	P
0	0.02102	0.02335	0.07877	0.04445	0.47658	0.07384	0.10808	0.02634	0.01930	0.02645	0.01551	0.02015	0.01270	0.00748	0.00836	0.00250	0.01103	0.00748	0.00410	0.01254
1	0.01153	0.00830	0.01108	0.01143	0.01231	0.00882	0.00799	0.01322	0.01364	0.01874	0.03043	0.16491	0.05647	0.26256	0.32062	0.00936	0.01370	0.01300	0.00538	0.00651
2	0.01892	0.01246	0.01247	0.01248	0.04782	0.05106	0.00887	0.10471	0.02086	0.03308	0.02463	0.02792	0.01922	0.00953	0.00639	0.00205	0.00559	0.00754	0.56536	0.00903
3	0.01127	0.00847	0.01042	0.00994	0.01211	0.00763	0.00745	0.01473	0.02235	0.03056	0.50797	0.06659	0.22398	0.01801	0.00980	0.00266	0.00399	0.01566	0.00878	0.00763
4	0.02176	0.02201	0.03256	0.04761	0.58415	0.09460	0.02442	0.02637	0.01944	0.02636	0.01531	0.01992	0.01288	0.00753	0.00814	0.00243	0.01045	0.00717	0.00413	0.01276
5	0.01027	0.00736	0.00953	0.01120	0.01175	0.00687	0.00742	0.01163	0.01572	0.02083	0.04596	0.61732	0.08162	0.08400	0.01327	0.00375	0.00507	0.02234	0.00748	0.00661
6	0.01016	0.00843	0.00888	0.00877	0.01143	0.00716	0.00658	0.01258	0.01973	0.02434	0.18313	0.07683	0.55270	0.02033	0.00981	0.00277	0.00416	0.01710	0.00796	0.00716
7	0.58182	0.01788	0.01541	0.01298	0.01850	0.02043	0.01071	0.17636	0.02041	0.04107	0.01367	0.01512	0.01029	0.00828	0.00594	0.00255	0.00711	0.00525	0.00594	0.01029
8	0.01164	0.00787	0.00919	0.00963	0.00974	0.00776	0.00564	0.01197	0.01294	0.01726	0.03060	0.20068	0.03579	0.55411	0.03513	0.00700	0.00732	0.01468	0.00564	0.00542
9	0.01830	0.01789	0.02911	0.02339	0.02623	0.02158	0.16947	0.06290	0.01640	0.02377	0.01511	0.02203	0.01337	0.02112	0.14083	0.00513	0.35124	0.00822	0.00425	0.00966
10	0.20777	0.01832	0.02721	0.03906	0.46709	0.01891	0.02051	0.02463	0.01772	0.02948	0.01759	0.02137	0.04000	0.00807	0.00752	0.00251	0.00876	0.00711	0.00453	0.01184
11	0.02239	0.01900	0.01912	0.01706	0.02184	0.06197	0.01327	0.04321	0.56219	0.07396	0.03240	0.02980	0.02411	0.01103	0.00839	0.00276	0.00714	0.00907	0.00830	0.01299
12	0.01861	0.01814	0.02506	0.29967	0.19568	0.07292	0.01973	0.02324	0.01794	0.02412	0.01482	0.01989	0.01188	0.00755	0.00767	0.00225	0.00986	0.00659	0.00416	0.20023
13	0.29438	0.28222	0.02565	0.01361	0.01901	0.06873	0.01197	0.05160	0.01687	0.02756	0.01351	0.01648	0.01161	0.01519	0.09811	0.00373	0.01027	0.00528	0.00453	0.00969
14	0.04528	0.01157	0.01669	0.01410	0.01803	0.01041	0.09532	0.02000	0.01953	0.14409	0.09013	0.16091	0.28641	0.01711	0.00949	0.00283	0.00630	0.01507	0.00769	0.00902
15	0.01208	0.00805	0.00906	0.00906	0.00906	0.00805	0.00503	0.01208	0.01208	0.01611	0.02618	0.05436	0.03020	0.70804	0.04228	0.00805	0.00805	0.01208	0.00503	0.00503
16	0.02667	0.37298	0.03344	0.01784	0.02352	0.35696	0.01514	0.02907	0.02024	0.01994	0.01220	0.01416	0.01068	0.00784	0.00642	0.00196	0.01196	0.00490	0.00392	0.01014
17	0.01880	0.01369	0.01618	0.01527	0.01837	0.01442	0.01211	0.23869	0.02519	0.03353	0.03588	0.29856	0.03820	0.01937	0.00999	0.00317	0.00712	0.16387	0.00791	0.00968

[dist]
# distance from previous block
# <min> <max>
0	1

[block]
# block no. 5 follows, 22 sequences, length 31
# corresponding to MSA columns:
# 243-273
name=unknown_F
#
# <colnr> <probs for GDERKNQSTAVLIFYWHMCP>
#	G	D	E	R	K	N	Q	S	T	A	V	L	I	F	Y	W	H	M	C	P
0	0.01202	0.00899	0.01311	0.01343	0.01505	0.01008	0.01068	0.01508	0.01459	0.02037	0.02898	0.04519	0.05698	0.05367	0.53107	0.01123	0.01891	0.10797	0.00515	0.00744
1	0.02298	0.21179	0.02891	0.14299	0.06561	0.15052	0.01674	0.07507	0.15533	0.02619	0.01808	0.02002	0.01434	0.00874	0.00736	0.00235	0.01004	0.00663	0.00517	0.01114
2	0.02777	0.28856	0.03093	0.01874	0.02407	0.43742	0.01537	0.03011	0.02108	0.02004	0.01236	0.01437	0.01069	0.00802	0.00669	0.00201	0.01273	0.00501	0.00401	0.01001
3	0.01020	0.00754	0.00934	0.01072	0.01165	0.00690	0.00722	0.01168	0.01626	0.02109	0.05239	0.52331	0.17883	0.07587	0.01280	0.00360	0.00493	0.02148	0.00751	0.00668
4	0.01203	0.00824	0.00999	0.00999	0.01031	0.00856	0.00619	0.01268	0.01236	0.01680	0.02532	0.04965	0.02816	0.56796	0.17957	0.00920	0.01113	0.01139	0.00491	0.00555
5	0.02221	0.71304	0.04353	0.01421	0.02132	0.03287	0.01421	0.02488	0.01688	0.01955	0.01155	0.01333	0.01066	0.00711	0.00533	0.00178	0.00888	0.00444	0.00355	0.01066
6	0.01292	0.00857	0.01173	0.01173	0.01334	0.00962	0.00906	0.01614	0.01453	0.02267	0.02366	0.03215	0.02092	0.04706	0.48121	0.01004	0.01693	0.00857	0.22165	0.00751
7	0.02394	0.02615	0.03043	0.04143	0.45250	0.23135	0.02244	0.02798	0.02041	0.02494	0.01473	0.01876	0.01236	0.00778	0.00799	0.00236	0.01152	0.00674	0.00417	0.01202
8	0.00988	0.00817	0.00867	0.00908	0.01140	0.00696	0.00661	0.01185	0.01830	0.02218	0.07609	0.21088	0.52712	0.02209	0.00998	0.00292	0.00434	0.01881	0.00771	0.00696
9	0.02109	0.02578	0.06368	0.16107	0.07969	0.28609	0.01699	0.02466	0.02025	0.02195	0.03017	0.03220	0.16016	0.01127	0.00829	0.00249	0.01107	0.00882	0.00489	0.00939
10	0.01034	0.00844	0.00913	0.00896	0.01154	0.00723	0.00672	0.01293	0.02016	0.02535	0.23594	0.07517	0.49926	0.01995	0.00981	0.00275	0.00413	0.01686	0.00810	0.00723
11	0.02357	0.06101	0.02118	0.01620	0.02076	0.02005	0.01306	0.36256	0.02822	0.03792	0.02234	0.07596	0.01967	0.07776	0.15564	0.00531	0.01156	0.00917	0.00687	0.01118
12	0.01753	0.02375	0.17004	0.02529	0.03074	0.02093	0.20846	0.02280	0.01598	0.02333	0.01497	0.02109	0.01253	0.01650	0.09545	0.00433	0.25417	0.00801	0.00388	0.01024
13	0.01208	0.00805	0.00906	0.00906	0.00906	0.00805	0.00503	0.01208	0.01208	0.01611	0.02618	0.05436	0.03020	0.70804	0.04228	0.00805	0.00805	0.01208	0.00503	0.00503
14	0.01469	0.01240	0.01330	0.01234	0.01509	0.05230	0.00936	0.02248	0.15306	0.03199	0.43944	0.05391	0.10586	0.01556	0.00937	0.00264	0.00519	0.01342	0.00859	0.00901
15	0.02657	0.02722	0.02326	0.16002	0.03138	0.29011	0.01680	0.21484	0.02662	0.03064	0.02019	0.02235	0.05445	0.00978	0.00807	0.00243	0.01162	0.00725	0.00564	0.01077
16	0.02398	0.01752	0.01913	0.01645	0.02156	0.01938	0.01301	0.11683	0.44116	0.12956	0.03441	0.03163	0.05468	0.01145	0.00849	0.00274	0.00686	0.00940	0.00867	0.01311
17	0.01796	0.01626	0.02278	0.11947	0.02627	0.02015	0.01658	0.02083	0.01465	0.04639	0.01379	0.01989	0.01219	0.01481	0.06022	0.00361	0.38864	0.00698	0.00420	0.15434
18	0.01088	0.00907	0.00929	0.00900	0.01192	0.00788	0.00681	0.03899	0.02007	0.02437	0.11393	0.07631	0.59208	0.02032	0.00975	0.00278	0.00441	0.01695	0.00782	0.00737
19	0.01265	0.00991	0.01234	0.01183	0.01477	0.00829	0.00847	0.01490	0.01638	0.02329	0.03474	0.45858	0.03976	0.01895	0.00902	0.00261	0.00529	0.01696	0.00672	0.27453
20	0.01187	0.00890	0.01335	0.01335	0.01483	0.01038	0.01038	0.01483	0.01335	0.01928	0.02225	0.03264	0.02077	0.06231	0.67512	0.01335	0.02225	0.00890	0.00445	0.00742
21	0.01187	0.00890	0.01335	0.01335	0.01483	0.01038	0.01038	0.01483	0.01335	0.01928	0.02225	0.03264	0.02077	0.06231	0.67512	0.01335	0.02225	0.00890	0.00445	0.00742
22	0.00982	0.00842	0.00842	0.00842	0.01122	0.00701	0.00631	0.01192	0.01894	0.02244	0.08416	0.07995	0.65285	0.02104	0.00982	0.00281	0.00421	0.01753	0.00771	0.00701
23	0.02024	0.02201	0.03014	0.02453	0.02689	0.11368	0.14571	0.02319	0.01566	0.02143	0.01241	0.01863	0.01123	0.01213	0.02088	0.00325	0.45699	0.00754	0.00384	0.00961
24	0.01750	0.01016	0.01340	0.01357	0.01654	0.00944	0.01137	0.02070	0.01988	0.15813	0.04991	0.11208	0.16573	0.02007	0.01043	0.00333	0.00666	0.32404	0.00822	0.00883
25	0.03035	0.03845	0.02364	0.02142	0.02548	0.64001	0.01616	0.03247	0.02296	0.02031	0.01274	0.01515	0.01071	0.00888	0.00855	0.00222	0.05120	0.00545	0.00425	0.00960
26	0.05218	0.01814	0.03023	0.23264	0.45543	0.01932	0.02407	0.02422	0.01804	0.02589	0.01520	0.02071	0.01237	0.00768	0.00811	0.00256	0.01006	0.00727	0.00404	0.01184
27	0.02660	0.14326	0.16523	0.06066	0.02787	0.14135	0.01845	0.07532	0.02148	0.18725	0.01872	0.01959	0.01345	0.00893	0.00832	0.00242	0.03703	0.00649	0.00576	0.01181
28	0.01059	0.00858	0.00954	0.01007	0.01254	0.00753	0.00789	0.01301	0.01877	0.02287	0.07316	0.12415	0.48595	0.02177	0.01022	0.00306	0.00497	0.14048	0.00770	0.00713
29	0.02144	0.02340	0.02228	0.02168	0.06886	0.23592	0.01591	0.02544	0.06695	0.02180	0.01751	0.06561	0.01636	0.01877	0.10128	0.00424	0.23027	0.00811	0.00464	0.00952
30	0.01923	0.01609	0.02307	0.08376	0.25752	0.01676	0.01710	0.15143	0.02199	0.02989	0.02687	0.17335	0.05273	0.05918	0.01110	0.00308	0.00834	0.01171	0.00599	0.01083

[dist]
# distance from previous block
# <min> <max>
5	8

[block]
# block no. 6 follows, 22 sequences, length 20
# corresponding to MSA columns:
# 282-301
name=unknown_G
#
# <colnr> <probs for GDERKNQSTAVLIFYWHMCP>
#	G	D	E	R	K	N	Q	S	T	A	V	L	I	F	Y	W	H	M	C	P
0	0.02458	0.02767	0.03079	0.03836	0.36838	0.27540	0.06277	0.02857	0.02077	0.02445	0.01462	0.01851	0.01216	0.00783	0.00805	0.00236	0.01215	0.00677	0.00418	0.01165
1	0.01035	0.00748	0.00942	0.01086	0.01155	0.00696	0.00719	0.01168	0.01574	0.02066	0.04764	0.54184	0.12178	0.11771	0.01480	0.00394	0.00519	0.02134	0.00735	0.00655
2	0.02749	0.10787	0.02491	0.01700	0.02271	0.02402	0.01399	0.46060	0.03224	0.04282	0.01982	0.02424	0.01609	0.11367	0.01300	0.00323	0.00895	0.00778	0.00722	0.01234
3	0.01035	0.00864	0.00908	0.00931	0.01182	0.00758	0.00685	0.01330	0.04622	0.02279	0.07564	0.17952	0.52714	0.02142	0.00989	0.00290	0.00441	0.01816	0.00775	0.00724
4	0.02241	0.42250	0.03665	0.02088	0.09840	0.11085	0.01650	0.02514	0.01723	0.02064	0.01209	0.01526	0.01101	0.00863	0.00981	0.00223	0.13006	0.00541	0.00373	0.01056
5	0.02185	0.21245	0.02964	0.07013	0.19045	0.02125	0.01687	0.06558	0.02009	0.10113	0.07885	0.06315	0.02180	0.01023	0.00861	0.00243	0.04026	0.00835	0.00561	0.01130
6	0.01059	0.00819	0.00966	0.00984	0.01184	0.00726	0.00717	0.01322	0.01995	0.02615	0.28333	0.20827	0.31339	0.02064	0.00998	0.00286	0.00423	0.01793	0.00824	0.00726
7	0.01230	0.00876	0.01268	0.01268	0.01421	0.01007	0.00983	0.01538	0.01384	0.02069	0.02284	0.03244	0.02083	0.05597	0.59453	0.01198	0.02004	0.00876	0.09472	0.00746
8	0.02854	0.09532	0.02691	0.02355	0.10454	0.30698	0.01685	0.20893	0.05636	0.03132	0.01618	0.01777	0.01272	0.00883	0.00767	0.00228	0.01162	0.00635	0.00559	0.01168
9	0.01195	0.00938	0.01102	0.01051	0.01299	0.00890	0.00794	0.01706	0.08027	0.02905	0.36814	0.06384	0.26779	0.01999	0.04137	0.00321	0.00514	0.01506	0.00836	0.00804
10	0.01073	0.00811	0.01007	0.01139	0.01291	0.00744	0.00850	0.01290	0.01755	0.02238	0.05739	0.37616	0.24024	0.02380	0.01055	0.00329	0.00524	0.14662	0.00770	0.00703
11	0.03084	0.02320	0.02398	0.01877	0.02499	0.06821	0.01536	0.52844	0.03597	0.07879	0.02022	0.02066	0.01455	0.01251	0.04156	0.00302	0.01009	0.00745	0.00794	0.01349
12	0.02743	0.11762	0.02783	0.06966	0.11898	0.36437	0.01763	0.11254	0.02371	0.02571	0.01420	0.01676	0.01155	0.00839	0.00749	0.00223	0.01240	0.00597	0.00468	0.01087
13	0.02108	0.02127	0.03151	0.12805	0.51236	0.09062	0.02417	0.02579	0.01913	0.02566	0.01522	0.02016	0.01263	0.00764	0.00816	0.00247	0.01058	0.00718	0.00408	0.01228
14	0.01134	0.00865	0.01050	0.01086	0.01265	0.00813	0.00782	0.01528	0.06183	0.02657	0.26233	0.30100	0.19051	0.02082	0.01001	0.00295	0.00450	0.01836	0.00826	0.00762
15	0.02221	0.71304	0.04353	0.01421	0.02132	0.03287	0.01421	0.02488	0.01688	0.01955	0.01155	0.01333	0.01066	0.00711	0.00533	0.00178	0.00888	0.00444	0.00355	0.01066
16	0.01196	0.00853	0.01147	0.01147	0.01230	0.00936	0.00804	0.01363	0.01279	0.01789	0.02397	0.04216	0.02490	0.34545	0.39764	0.01103	0.01603	0.01030	0.00471	0.00637
17	0.01114	0.00813	0.00997	0.01010	0.01153	0.00750	0.00705	0.01352	0.01906	0.02580	0.31407	0.20155	0.16055	0.14394	0.01582	0.00379	0.00491	0.01676	0.00786	0.00696
18	0.02577	0.26604	0.03277	0.02511	0.16075	0.24967	0.01744	0.08533	0.02172	0.02458	0.01368	0.01609	0.01155	0.00794	0.00698	0.00212	0.01121	0.00568	0.00438	0.01118
19	0.10563	0.02113	0.02313	0.02056	0.07817	0.02348	0.01539	0.39708	0.15438	0.04510	0.02145	0.02152	0.01574	0.00977	0.00800	0.00256	0.00841	0.00754	0.00764	0.01331

[dist]
# distance from previous block
# <min> <max>
0	4

[block]
# block no. 7 follows, 22 sequences, length 19
# corresponding to MSA columns:
# 306-324
name=unknown_H
#
# <colnr> <probs for GDERKNQSTAVLIFYWHMCP>
#	G	D	E	R	K	N	Q	S	T	A	V	L	I	F	Y	W	H	M	C	P
0	0.02948	0.09665	0.06128	0.02092	0.02589	0.58366	0.01672	0.03209	0.02264	0.02060	0.01285	0.01499	0.01069	0.00840	0.00733	0.00214	0.01431	0.00532	0.00418	0.00987
1	0.01037	0.00844	0.00917	0.00899	0.01156	0.00725	0.00674	0.01298	0.02023	0.02551	0.24439	0.07490	0.49071	0.01989	0.00981	0.00275	0.00413	0.01682	0.00812	0.00725
2	0.02844	0.23779	0.02943	0.01929	0.02440	0.48580	0.01551	0.03073	0.02158	0.02010	0.01246	0.01449	0.01069	0.00813	0.00685	0.00203	0.01319	0.00508	0.00407	0.00993
3	0.01085	0.00782	0.01043	0.01225	0.01318	0.00740	0.00893	0.01287	0.01680	0.02210	0.04737	0.53157	0.08438	0.02507	0.01076	0.00345	0.00543	0.15467	0.00770	0.00697
4	0.01208	0.00805	0.00906	0.00906	0.00906	0.00805	0.00503	0.01208	0.01208	0.01611	0.02618	0.05436	0.03020	0.70804	0.04228	0.00805	0.00805	0.01208	0.00503	0.00503
5	0.02056	0.01974	0.03372	0.05099	0.65622	0.01974	0.02550	0.02550	0.01892	0.02714	0.01563	0.02056	0.01316	0.00740	0.00822	0.00247	0.00987	0.00740	0.00411	0.01316
6	0.01567	0.00903	0.01020	0.00982	0.01195	0.00954	0.00755	0.05789	0.01786	0.02958	0.02548	0.03065	0.02070	0.02223	0.16534	0.00469	0.00859	0.00800	0.52716	0.00808
7	0.01175	0.00811	0.00897	0.00897	0.00938	0.00790	0.00522	0.01206	0.01309	0.01704	0.03472	0.05813	0.12197	0.60679	0.03750	0.00728	0.00749	0.01288	0.00543	0.00533
8	0.01207	0.00810	0.00931	0.00931	0.00940	0.00819	0.00535	0.01224	0.01216	0.01630	0.02594	0.05308	0.02965	0.67001	0.07956	0.00837	0.00889	0.01189	0.00500	0.00517
9	0.02327	0.01976	0.06025	0.04132	0.47771	0.01847	0.02268	0.02928	0.05831	0.13724	0.01968	0.02240	0.01507	0.00816	0.00825	0.00251	0.00930	0.00763	0.00542	0.01329
10	0.01187	0.00890	0.01335	0.01335	0.01483	0.01038	0.01038	0.01483	0.01335	0.01928	0.02225	0.03264	0.02077	0.06231	0.67512	0.01335	0.02225	0.00890	0.00445	0.00742
11	0.01187	0.00890	0.01335	0.01335	0.01483	0.01038	0.01038	0.01483	0.01335	0.01928	0.02225	0.03264	0.02077	0.06231	0.67512	0.01335	0.02225	0.00890	0.00445	0.00742
12	0.01175	0.00880	0.01267	0.01267	0.01411	0.00997	0.00967	0.01441	0.01361	0.01922	0.02661	0.03755	0.06266	0.11415	0.57842	0.01222	0.01988	0.00973	0.00471	0.00719
13	0.02274	0.02471	0.02892	0.16838	0.34823	0.21608	0.02218	0.02695	0.01985	0.02392	0.01462	0.01920	0.01201	0.00793	0.00802	0.00243	0.01164	0.00678	0.00408	0.01132
14	0.01163	0.00813	0.00893	0.00893	0.00949	0.00785	0.00529	0.01205	0.01344	0.01736	0.03767	0.05944	0.15361	0.57188	0.03585	0.00701	0.00729	0.01316	0.00557	0.00543
15	0.01647	0.01697	0.03416	0.02608	0.03141	0.01687	0.36589	0.02158	0.01715	0.02371	0.02060	0.08267	0.01851	0.02522	0.20645	0.00599	0.04552	0.01059	0.00455	0.00962
16	0.02649	0.07222	0.02564	0.16962	0.07150	0.45207	0.01808	0.02958	0.02134	0.02091	0.01336	0.01681	0.01093	0.00835	0.00759	0.00228	0.01345	0.00587	0.00410	0.00982
