[name]
unknown

[dist]
# distance from previous block
# <min> <max>
11	28

[block]
# block no. 0 follows, 22 sequences, length 86
# corresponding to MSA columns:
# 28-113
name=unknown_A
#
# <colnr> <probs for GDERKNQSTAVLIFYWHMCP>
#	G	D	E	R	K	N	Q	S	T	A	V	L	I	F	Y	W	H	M	C	P
0	0.01521	0.01118	0.01535	0.01743	0.05064	0.01138	0.01420	0.06662	0.02071	0.02718	0.04061	0.08405	0.04334	0.02111	0.01105	0.00365	0.00788	0.52242	0.00752	0.00845
1	0.58616	0.01865	0.01527	0.01305	0.01844	0.05265	0.01068	0.14317	0.01949	0.03938	0.01327	0.01483	0.01009	0.00820	0.00588	0.00253	0.00738	0.00512	0.00572	0.01003
2	0.02221	0.71304	0.04353	0.01421	0.02132	0.03287	0.01421	0.02488	0.01688	0.01955	0.01155	0.01333	0.01066	0.00711	0.00533	0.00178	0.00888	0.00444	0.00355	0.01066
3	0.01165	0.00849	0.01095	0.01034	0.01234	0.00779	0.00775	0.01546	0.02325	0.03269	0.61948	0.06308	0.11113	0.01721	0.00980	0.00262	0.00394	0.01517	0.00906	0.00779
4	0.02629	0.01539	0.01951	0.01570	0.02074	0.01549	0.03781	0.14288	0.08319	0.26981	0.09955	0.03695	0.11457	0.01264	0.00985	0.00269	0.04607	0.01028	0.00862	0.01197
5	0.76672	0.01607	0.01221	0.01092	0.01607	0.01864	0.00900	0.02442	0.01414	0.03727	0.01157	0.01350	0.00900	0.00771	0.00514	0.00257	0.00643	0.00450	0.00514	0.00900
6	0.01059	0.00845	0.00948	0.00922	0.01169	0.00734	0.00692	0.01341	0.02076	0.02676	0.30978	0.07284	0.42453	0.01943	0.00981	0.00273	0.00409	0.01654	0.00828	0.00734
7	0.01443	0.00722	0.01082	0.01082	0.01082	0.00722	0.00722	0.01082	0.01082	0.01443	0.01443	0.02525	0.01443	0.02886	0.03247	0.75830	0.00722	0.00722	0.00361	0.00361
8	0.01933	0.16893	0.27541	0.03209	0.26868	0.02244	0.02492	0.02548	0.01775	0.02503	0.01436	0.01786	0.01157	0.00779	0.00821	0.00243	0.03549	0.00632	0.00375	0.01217
9	0.01003	0.00838	0.00848	0.00848	0.01102	0.00711	0.00619	0.01194	0.01829	0.02185	0.07870	0.07754	0.59430	0.08565	0.01287	0.00330	0.00457	0.01702	0.00746	0.00683
10	0.02476	0.02089	0.02965	0.07437	0.36616	0.02211	0.02142	0.27003	0.02696	0.03704	0.01733	0.02040	0.01343	0.00850	0.00826	0.00249	0.00964	0.00743	0.00579	0.01333
11	0.01796	0.02742	0.23475	0.02922	0.03821	0.01924	0.38495	0.02549	0.01934	0.02715	0.07594	0.02464	0.01815	0.00821	0.00922	0.00273	0.01253	0.00917	0.00445	0.01122
12	0.02390	0.01829	0.01974	0.01703	0.02218	0.02059	0.01345	0.13026	0.49185	0.09858	0.03166	0.02909	0.02323	0.01098	0.00842	0.00275	0.00700	0.00901	0.00861	0.01339
13	0.01848	0.03060	0.33465	0.06655	0.33327	0.01947	0.02787	0.02569	0.01816	0.02648	0.01524	0.01919	0.01181	0.00768	0.00807	0.00256	0.01107	0.00680	0.00380	0.01256
14	0.01987	0.02727	0.23050	0.03834	0.36268	0.02030	0.05814	0.06279	0.01949	0.02809	0.01552	0.01957	0.01227	0.00801	0.00907	0.00259	0.04156	0.00713	0.00417	0.01266
15	0.01208	0.00906	0.01131	0.01217	0.01386	0.00883	0.00923	0.01625	0.06812	0.02482	0.13528	0.27831	0.13938	0.06094	0.01223	0.00352	0.00563	0.16359	0.00781	0.00758
16	0.02995	0.02357	0.02388	0.01886	0.02488	0.08241	0.01538	0.52625	0.03562	0.04685	0.01950	0.02052	0.01435	0.01404	0.06167	0.00333	0.01071	0.00740	0.00764	0.01319
17	0.01931	0.32313	0.22906	0.04529	0.05180	0.02433	0.08960	0.02427	0.01697	0.02234	0.01367	0.01719	0.01125	0.00913	0.00901	0.06283	0.01048	0.00601	0.00364	0.01069
18	0.01925	0.01768	0.02705	0.13901	0.35586	0.01895	0.02112	0.02875	0.17140	0.02791	0.02223	0.02923	0.01861	0.00974	0.00855	0.00271	0.00907	0.05540	0.00540	0.01210
19	0.02199	0.01682	0.01925	0.01413	0.02127	0.01475	0.01145	0.17134	0.02299	0.07248	0.01715	0.01858	0.01326	0.00735	0.00682	0.00162	0.00694	0.00576	0.00608	0.52997
20	0.01690	0.10625	0.56397	0.02194	0.03307	0.01991	0.02767	0.02551	0.01784	0.02608	0.05390	0.01988	0.01473	0.00838	0.00776	0.00255	0.01143	0.00652	0.00386	0.01185
21	0.02113	0.02268	0.02559	0.02437	0.08451	0.15690	0.01825	0.02423	0.04192	0.02138	0.01272	0.01830	0.01169	0.01249	0.02059	0.00318	0.45931	0.00698	0.00402	0.00977
22	0.01549	0.00774	0.00774	0.00774	0.00968	0.00774	0.00581	0.01936	0.01742	0.03097	0.02710	0.03097	0.02129	0.00968	0.00581	0.00194	0.00387	0.00774	0.75416	0.00774
23	0.76672	0.01607	0.01221	0.01092	0.01607	0.01864	0.00900	0.02442	0.01414	0.03727	0.01157	0.01350	0.00900	0.00771	0.00514	0.00257	0.00643	0.00450	0.00514	0.00900
24	0.70827	0.01591	0.01278	0.01123	0.01648	0.01812	0.00925	0.02571	0.01491	0.08733	0.01327	0.01468	0.00992	0.00792	0.00540	0.00257	0.00648	0.00481	0.00555	0.00941
25	0.55320	0.01816	0.01591	0.01330	0.01888	0.02071	0.01097	0.19989	0.02138	0.04165	0.01400	0.01537	0.01049	0.00837	0.00606	0.00255	0.00721	0.00536	0.00606	0.01049
26	0.01151	0.00972	0.01011	0.00979	0.01277	0.00897	0.00741	0.01673	0.10474	0.02525	0.13568	0.07139	0.50767	0.01928	0.00963	0.00279	0.00450	0.01616	0.00796	0.00794
27	0.01723	0.01477	0.01723	0.01230	0.01969	0.01107	0.00984	0.02092	0.01723	0.02707	0.01477	0.01723	0.01230	0.00615	0.00615	0.00123	0.00615	0.00492	0.00492	0.75883
28	0.03103	0.03959	0.02354	0.02140	0.02568	0.67469	0.01605	0.03317	0.02354	0.02033	0.01284	0.01498	0.01070	0.00856	0.00749	0.00214	0.01498	0.00535	0.00428	0.00963
29	0.01690	0.01572	0.02495	0.52676	0.11379	0.01890	0.02191	0.02493	0.10595	0.02376	0.01757	0.02325	0.01333	0.00864	0.00832	0.00274	0.01031	0.00767	0.00441	0.01019
30	0.03103	0.03959	0.02354	0.02140	0.02568	0.67469	0.01605	0.03317	0.02354	0.02033	0.01284	0.01498	0.01070	0.00856	0.00749	0.00214	0.01498	0.00535	0.00428	0.00963
31	0.04599	0.01303	0.01513	0.01369	0.01678	0.01348	0.01046	0.19517	0.02443	0.06502	0.15766	0.23404	0.04213	0.06948	0.01190	0.00327	0.00646	0.04438	0.00801	0.00949
32	0.01839	0.16402	0.40557	0.02453	0.03494	0.02224	0.16557	0.02611	0.01789	0.02511	0.01472	0.01788	0.01103	0.00754	0.00785	0.00251	0.01204	0.00667	0.00368	0.01173
33	0.03103	0.03959	0.02354	0.02140	0.02568	0.67469	0.01605	0.03317	0.02354	0.02033	0.01284	0.01498	0.01070	0.00856	0.00749	0.00214	0.01498	0.00535	0.00428	0.00963
34	0.01012	0.00723	0.00964	0.01157	0.01205	0.00675	0.00771	0.01157	0.01591	0.02121	0.04579	0.70262	0.05495	0.02603	0.01060	0.00337	0.00482	0.02362	0.00771	0.00675
35	0.02334	0.12795	0.02801	0.23822	0.06330	0.11689	0.01858	0.17832	0.02316	0.02894	0.01505	0.01883	0.01182	0.00903	0.00922	0.00251	0.06429	0.00666	0.00495	0.01092
36	0.02116	0.01649	0.01892	0.01383	0.02101	0.01416	0.01119	0.14723	0.02205	0.06306	0.01671	0.01832	0.01308	0.00714	0.00670	0.00156	0.00681	0.00562	0.00588	0.56908
37	0.02054	0.09103	0.18940	0.04810	0.03272	0.02208	0.18720	0.12166	0.07904	0.02988	0.01854	0.04535	0.01472	0.00930	0.00961	0.00269	0.05311	0.00826	0.00509	0.01169
38	0.01012	0.00767	0.00934	0.01053	0.01181	0.00689	0.00729	0.01191	0.01728	0.02228	0.09223	0.47314	0.24157	0.02397	0.01031	0.00315	0.00458	0.02124	0.00779	0.00689
39	0.05236	0.02380	0.04964	0.20854	0.23226	0.18026	0.02088	0.02798	0.07771	0.02499	0.01623	0.02020	0.01288	0.00832	0.00795	0.00251	0.01108	0.00691	0.00447	0.01104
40	0.02692	0.17342	0.02702	0.02030	0.04850	0.45199	0.01549	0.02936	0.02099	0.02033	0.01362	0.01661	0.01179	0.01354	0.07318	0.00319	0.01425	0.00560	0.00414	0.00976
41	0.01187	0.00890	0.01335	0.01335	0.01483	0.01038	0.01038	0.01483	0.01335	0.01928	0.02225	0.03264	0.02077	0.06231	0.67512	0.01335	0.02225	0.00890	0.00445	0.00742
42	0.01756	0.03720	0.49989	0.02863	0.11278	0.01959	0.11512	0.02625	0.01800	0.02645	0.01527	0.01860	0.01114	0.00771	0.00821	0.00264	0.01223	0.00682	0.00368	0.01223
43	0.01960	0.01757	0.02865	0.31082	0.23350	0.01935	0.07030	0.05177	0.08709	0.05259	0.01823	0.02281	0.01392	0.00840	0.00842	0.00266	0.01020	0.00785	0.00485	0.01143
44	0.01203	0.00826	0.01011	0.01011	0.01048	0.00863	0.00635	0.01276	0.01239	0.01689	0.02521	0.04903	0.02789	0.54947	0.19769	0.00935	0.01154	0.01130	0.00489	0.00562
45	0.01038	0.00742	0.00994	0.01187	0.01246	0.00697	0.00817	0.01202	0.01616	0.02150	0.04564	0.65383	0.05437	0.02578	0.01067	0.00341	0.00505	0.06983	0.00771	0.00682
46	0.01773	0.03574	0.45230	0.02856	0.07635	0.01980	0.19829	0.02634	0.01821	0.02645	0.01549	0.01910	0.01127	0.00761	0.00845	0.00267	0.01262	0.00725	0.00374	0.01203
47	0.05700	0.02907	0.02429	0.12849	0.11972	0.36046	0.01789	0.05273	0.08555	0.02481	0.01590	0.01866	0.01267	0.00865	0.00775	0.00239	0.01221	0.00642	0.00478	0.01057
48	0.02568	0.03499	0.14517	0.02616	0.12859	0.38484	0.02005	0.03168	0.07976	0.02390	0.01565	0.01786	0.01244	0.00850	0.00777	0.00235	0.01286	0.00621	0.00450	0.01103
49	0.01187	0.00890	0.01335	0.01335	0.01483	0.01038	0.01038	0.01483	0.01335	0.01928	0.02225	0.03264	0.02077	0.06231	0.67512	0.01335	0.02225	0.00890	0.00445	0.00742
50	0.76672	0.01607	0.01221	0.01092	0.01607	0.01864	0.00900	0.02442	0.01414	0.03727	0.01157	0.01350	0.00900	0.00771	0.00514	0.00257	0.00643	0.00450	0.00514	0.00900
51	0.16949	0.03346	0.23041	0.02139	0.05946	0.23586	0.01989	0.08779	0.02106	0.02910	0.01411	0.01630	0.01078	0.00826	0.00728	0.00244	0.01159	0.00576	0.00459	0.01099
52	0.01042	0.00753	0.00991	0.01161	0.01240	0.00702	0.00806	0.01219	0.01665	0.02206	0.07292	0.59179	0.09228	0.02511	0.01059	0.00334	0.00496	0.06652	0.00777	0.00688
53	0.01963	0.15958	0.33365	0.02892	0.18522	0.06242	0.04712	0.02628	0.01820	0.02491	0.01441	0.01753	0.01128	0.00764	0.00755	0.00241	0.01129	0.00622	0.00374	0.01199
54	0.02298	0.02526	0.08456	0.02036	0.06271	0.18000	0.01624	0.11327	0.21909	0.03070	0.02815	0.03156	0.06494	0.01139	0.00844	0.00264	0.00966	0.05002	0.00654	0.01150
55	0.01399	0.01111	0.01291	0.01362	0.04285	0.01140	0.00947	0.02078	0.16103	0.02395	0.04496	0.09145	0.18204	0.21785	0.01912	0.00449	0.00665	0.09718	0.00694	0.00821
56	0.02237	0.01827	0.02391	0.02762	0.23944	0.01899	0.01686	0.26686	0.02691	0.03613	0.03211	0.07357	0.13624	0.01216	0.00871	0.00260	0.00820	0.01034	0.00671	0.01200
57	0.01109	0.00866	0.01019	0.01037	0.01275	0.00776	0.00815	0.01408	0.02034	0.02616	0.24585	0.07729	0.36313	0.02020	0.01014	0.00295	0.00479	0.13059	0.00813	0.00738
58	0.02369	0.12509	0.02867	0.06727	0.23724	0.27250	0.01858	0.02703	0.02028	0.02272	0.01942	0.02223	0.06300	0.00895	0.00766	0.00229	0.01131	0.00700	0.00436	0.01073
59	0.01038	0.00742	0.00994	0.01187	0.01246	0.00697	0.00817	0.01202	0.01616	0.02150	0.04564	0.65383	0.05437	0.02578	0.01067	0.00341	0.00505	0.06983	0.00771	0.00682
60	0.02154	0.01828	0.01928	0.01708	0.02194	0.02107	0.01336	0.09097	0.59296	0.03616	0.03270	0.03011	0.02446	0.01117	0.00844	0.00279	0.00678	0.00924	0.00844	0.01323
61	0.01460	0.01144	0.01367	0.01421	0.01659	0.01213	0.01113	0.02369	0.21199	0.02649	0.04251	0.22037	0.07387	0.05402	0.01176	0.00356	0.00646	0.21474	0.00779	0.00898
62	0.01666	0.04297	0.66500	0.02368	0.03596	0.01929	0.03069	0.02631	0.01754	0.02631	0.01491	0.01754	0.01052	0.00789	0.00789	0.00263	0.01228	0.00614	0.00351	0.01228
63	0.01987	0.01903	0.03246	0.14187	0.57077	0.01956	0.02515	0.02489	0.01859	0.02630	0.01550	0.02079	0.01286	0.00753	0.00824	0.00251	0.01004	0.00740	0.00405	0.01260
64	0.01018	0.00843	0.00892	0.00880	0.01144	0.00717	0.00660	0.01263	0.01980	0.02448	0.19074	0.07659	0.54499	0.02028	0.00981	0.00277	0.00415	0.01706	0.00798	0.00717
65	0.02214	0.02291	0.03163	0.07214	0.52448	0.13096	0.02379	0.02662	0.01961	0.02574	0.01512	0.01968	0.01266	0.00764	0.00810	0.00242	0.01079	0.00705	0.00412	0.01240
66	0.01029	0.00777	0.00952	0.01049	0.01187	0.00699	0.00733	0.01231	0.01796	0.02345	0.15120	0.42427	0.23006	0.02319	0.01025	0.00309	0.00450	0.02053	0.00794	0.00699
67	0.02093	0.01489	0.01614	0.01358	0.01748	0.01557	0.01039	0.24239	0.07553	0.07234	0.03911	0.04450	0.17572	0.18424	0.01704	0.00397	0.00733	0.01128	0.00749	0.01007
68	0.02805	0.22148	0.05587	0.01956	0.02494	0.47396	0.01617	0.03065	0.02149	0.02037	0.01258	0.01464	0.01068	0.00814	0.00692	0.00206	0.01322	0.00514	0.00405	0.01002
69	0.01920	0.19581	0.19877	0.10980	0.15405	0.02293	0.13651	0.02524	0.01791	0.02424	0.01456	0.01856	0.01152	0.00749	0.00774	0.00244	0.01116	0.00680	0.00379	0.01147
70	0.07606	0.11873	0.14061	0.01483	0.02096	0.01722	0.01439	0.08422	0.05857	0.02907	0.07996	0.06202	0.13532	0.01235	0.00796	0.00247	0.00753	0.03108	0.00608	0.08057
71	0.02557	0.02510	0.02468	0.02625	0.18164	0.20841	0.01697	0.19960	0.02588	0.03205	0.02148	0.02322	0.06391	0.00945	0.00797	0.00229	0.01033	0.00741	0.00573	0.08205
72	0.02053	0.01750	0.02258	0.01655	0.02378	0.01561	0.08375	0.14371	0.05079	0.03241	0.01692	0.01902	0.01331	0.00725	0.00712	0.00174	0.00769	0.00621	0.00568	0.48786
73	0.01569	0.01477	0.02492	0.68808	0.05722	0.01846	0.02307	0.02123	0.01661	0.02123	0.01477	0.02215	0.01107	0.00831	0.00831	0.00277	0.01107	0.00738	0.00369	0.00923
74	0.16921	0.22687	0.02717	0.05280	0.02426	0.32951	0.01454	0.02847	0.01945	0.02341	0.01233	0.01460	0.01038	0.00797	0.00646	0.00215	0.01138	0.00503	0.00421	0.00978
75	0.02276	0.02560	0.02738	0.09250	0.21196	0.25975	0.07872	0.02748	0.04850	0.02388	0.02251	0.02542	0.07839	0.00945	0.00829	0.00246	0.01154	0.00801	0.00471	0.01066
76	0.01443	0.00722	0.01082	0.01082	0.01082	0.00722	0.00722	0.01082	0.01082	0.01443	0.01443	0.02525	0.01443	0.02886	0.03247	0.75830	0.00722	0.00722	0.00361	0.00361
77	0.02066	0.01785	0.01878	0.01691	0.02160	0.02066	0.01315	0.04414	0.64121	0.03475	0.03381	0.03099	0.02536	0.01127	0.00845	0.00282	0.00657	0.00939	0.00845	0.01315
78	0.01189	0.00882	0.01295	0.01295	0.01429	0.01017	0.00988	0.01458	0.01323	0.01899	0.02262	0.03468	0.02166	0.12303	0.61561	0.01285	0.02092	0.00920	0.00451	0.00719
79	0.01012	0.00723	0.00964	0.01157	0.01205	0.00675	0.00771	0.01157	0.01591	0.02121	0.04579	0.70262	0.05495	0.02603	0.01060	0.00337	0.00482	0.02362	0.00771	0.00675
80	0.03702	0.01455	0.01953	0.01498	0.02141	0.01282	0.01237	0.06688	0.02446	0.63462	0.03220	0.02790	0.02028	0.01027	0.00835	0.00257	0.00716	0.00831	0.01019	0.01414
81	0.01176	0.00849	0.01110	0.01045	0.01241	0.00784	0.00784	0.01568	0.02352	0.03331	0.65184	0.06206	0.07839	0.01698	0.00980	0.00261	0.00392	0.01502	0.00914	0.00784
82	0.01656	0.01566	0.02649	0.57395	0.16453	0.01869	0.02351	0.02199	0.01702	0.02229	0.01492	0.02186	0.01145	0.00814	0.00829	0.00271	0.01086	0.00739	0.00377	0.00993
83	0.02586	0.46581	0.03658	0.01574	0.02267	0.02961	0.01459	0.20952	0.02400	0.06372	0.01524	0.01614	0.01224	0.00815	0.00640	0.00204	0.00887	0.00558	0.00536	0.01190
84	0.04492	0.01195	0.01436	0.01287	0.01588	0.03539	0.01004	0.06884	0.02191	0.11483	0.31449	0.04333	0.04611	0.02621	0.17559	0.00526	0.00984	0.01126	0.00773	0.00919
85	0.16743	0.19371	0.14939	0.02610	0.19653	0.08881	0.01955	0.02606	0.01769	0.02644	0.01343	0.01629	0.01099	0.00760	0.00678	0.00232	0.00992	0.00567	0.00408	0.01122

[dist]
# distance from previous block
# <min> <max>
0	1

[block]
# block no. 1 follows, 22 sequences, length 27
# corresponding to MSA columns:
# 115-141
name=unknown_B
#
# <colnr> <probs for GDERKNQSTAVLIFYWHMCP>
#	G	D	E	R	K	N	Q	S	T	A	V	L	I	F	Y	W	H	M	C	P
0	0.02531	0.05815	0.02406	0.12141	0.08937	0.25384	0.01681	0.03374	0.17744	0.08734	0.02056	0.02184	0.01565	0.00919	0.00791	0.00246	0.01073	0.00712	0.00578	0.01129
1	0.02935	0.16797	0.02735	0.02003	0.02485	0.55235	0.01570	0.03159	0.02227	0.02018	0.01259	0.01467	0.01069	0.00828	0.00708	0.00207	0.01382	0.00518	0.00414	0.00983
2	0.17999	0.02848	0.26851	0.02281	0.08978	0.02037	0.05027	0.15687	0.02199	0.06240	0.01624	0.01821	0.01178	0.00832	0.00755	0.00258	0.00998	0.00648	0.00528	0.01210
3	0.01035	0.00844	0.00915	0.00897	0.01155	0.00724	0.00673	0.01295	0.02019	0.02542	0.23944	0.07505	0.49571	0.01993	0.00981	0.00275	0.00413	0.01685	0.00811	0.00724
4	0.01049	0.00844	0.00935	0.00912	0.01163	0.00730	0.00684	0.01323	0.02053	0.02622	0.28163	0.07372	0.45302	0.01963	0.00981	0.00274	0.00411	0.01666	0.00821	0.00730
5	0.76672	0.01607	0.01221	0.01092	0.01607	0.01864	0.00900	0.02442	0.01414	0.03727	0.01157	0.01350	0.00900	0.00771	0.00514	0.00257	0.00643	0.00450	0.00514	0.00900
6	0.02033	0.01964	0.02248	0.08461	0.02498	0.10987	0.01635	0.09993	0.04861	0.02488	0.01594	0.02169	0.01386	0.02134	0.14097	0.00499	0.28766	0.00746	0.00471	0.00970
7	0.01443	0.00722	0.01082	0.01082	0.01082	0.00722	0.00722	0.01082	0.01082	0.01443	0.01443	0.02525	0.01443	0.02886	0.03247	0.75830	0.00722	0.00722	0.00361	0.00361
8	0.02066	0.01785	0.01878	0.01691	0.02160	0.02066	0.01315	0.04414	0.64121	0.03475	0.03381	0.03099	0.02536	0.01127	0.00845	0.00282	0.00657	0.00939	0.00845	0.01315
9	0.01339	0.00956	0.01339	0.01530	0.01721	0.00956	0.01339	0.01721	0.01912	0.02486	0.04399	0.09371	0.04781	0.02295	0.01147	0.00382	0.00765	0.60031	0.00765	0.00765
10	0.01176	0.00849	0.01110	0.01045	0.01241	0.00784	0.00784	0.01568	0.02352	0.03331	0.65184	0.06206	0.07839	0.01698	0.00980	0.00261	0.00392	0.01502	0.00914	0.00784
11	0.01187	0.00890	0.01335	0.01335	0.01483	0.01038	0.01038	0.01483	0.01335	0.01928	0.02225	0.03264	0.02077	0.06231	0.67512	0.01335	0.02225	0.00890	0.00445	0.00742
12	0.02221	0.71304	0.04353	0.01421	0.02132	0.03287	0.01421	0.02488	0.01688	0.01955	0.01155	0.01333	0.01066	0.00711	0.00533	0.00178	0.00888	0.00444	0.00355	0.01066
13	0.01666	0.04297	0.66500	0.02368	0.03596	0.01929	0.03069	0.02631	0.01754	0.02631	0.01491	0.01754	0.01052	0.00789	0.00789	0.00263	0.01228	0.00614	0.00351	0.01228
14	0.76672	0.01607	0.01221	0.01092	0.01607	0.01864	0.00900	0.02442	0.01414	0.03727	0.01157	0.01350	0.00900	0.00771	0.00514	0.00257	0.00643	0.00450	0.00514	0.00900
15	0.01208	0.00805	0.00906	0.00906	0.00906	0.00805	0.00503	0.01208	0.01208	0.01611	0.02618	0.05436	0.03020	0.70804	0.04228	0.00805	0.00805	0.01208	0.00503	0.00503
16	0.01666	0.04297	0.66500	0.02368	0.03596	0.01929	0.03069	0.02631	0.01754	0.02631	0.01491	0.01754	0.01052	0.00789	0.00789	0.00263	0.01228	0.00614	0.00351	0.01228
17	0.01050	0.00844	0.00936	0.00913	0.01164	0.00730	0.00685	0.01324	0.02054	0.02624	0.28263	0.07369	0.45201	0.01962	0.00981	0.00274	0.00411	0.01666	0.00821	0.00730
18	0.01569	0.01477	0.02492	0.68808	0.05722	0.01846	0.02307	0.02123	0.01661	0.02123	0.01477	0.02215	0.01107	0.00831	0.00831	0.00277	0.01107	0.00738	0.00369	0.00923
19	0.01046	0.00756	0.00989	0.01118	0.01209	0.00699	0.00767	0.01246	0.01768	0.02385	0.17720	0.53540	0.08904	0.02385	0.01039	0.00318	0.00460	0.02148	0.00802	0.00699
20	0.02096	0.02178	0.02381	0.13772	0.17864	0.17698	0.01748	0.02488	0.01916	0.02434	0.01590	0.02197	0.01361	0.00821	0.00759	0.00213	0.01010	0.03465	0.00450	0.23557
21	0.72315	0.01595	0.01263	0.01116	0.01637	0.01825	0.00919	0.02538	0.01471	0.07459	0.01283	0.01438	0.00969	0.00787	0.00533	0.00257	0.00646	0.00473	0.00545	0.00930
22	0.02111	0.01841	0.02768	0.32441	0.23725	0.02065	0.02205	0.17144	0.02284	0.03071	0.01631	0.02111	0.01248	0.00843	0.00828	0.00261	0.01022	0.00741	0.00496	0.01166
23	0.01688	0.01598	0.02707	0.53190	0.20406	0.01877	0.02367	0.02227	0.01718	0.02268	0.01498	0.02176	0.01159	0.00808	0.00829	0.00269	0.01078	0.00739	0.00379	0.01019
24	0.01187	0.00890	0.01335	0.01335	0.01483	0.01038	0.01038	0.01483	0.01335	0.01928	0.02225	0.03264	0.02077	0.06231	0.67512	0.01335	0.02225	0.00890	0.00445	0.00742
25	0.01208	0.00805	0.00906	0.00906	0.00906	0.00805	0.00503	0.01208	0.01208	0.01611	0.02618	0.05436	0.03020	0.70804	0.04228	0.00805	0.00805	0.01208	0.00503	0.00503
26	0.27424	0.01625	0.05018	0.01398	0.02029	0.01467	0.01211	0.03451	0.02031	0.42544	0.02494	0.02290	0.01627	0.00932	0.00728	0.00257	0.00713	0.00698	0.00826	0.01236

[dist]
# distance from previous block
# <min> <max>
0	18

[block]
# block no. 2 follows, 22 sequences, length 26
# corresponding to MSA columns:
# 160-185
name=unknown_C
#
# <colnr> <probs for GDERKNQSTAVLIFYWHMCP>
#	G	D	E	R	K	N	Q	S	T	A	V	L	I	F	Y	W	H	M	C	P
0	0.01810	0.01731	0.02872	0.04067	0.48276	0.01693	0.04879	0.02249	0.01895	0.02606	0.03112	0.03402	0.15722	0.01046	0.00866	0.00256	0.00878	0.00979	0.00493	0.01168
1	0.02813	0.21581	0.06023	0.01891	0.02503	0.28127	0.01619	0.20448	0.02600	0.02976	0.01467	0.01611	0.01168	0.00855	0.00717	0.00217	0.01151	0.00577	0.00522	0.01135
2	0.02407	0.01904	0.05837	0.02444	0.16485	0.01874	0.01679	0.24782	0.02538	0.10090	0.02083	0.02517	0.01655	0.05907	0.13504	0.00485	0.01165	0.00801	0.00640	0.01203
3	0.02052	0.09722	0.02118	0.01778	0.05515	0.14146	0.01333	0.03195	0.28189	0.02730	0.03558	0.03723	0.12893	0.01239	0.00831	0.00261	0.00824	0.04133	0.00672	0.01087
4	0.02399	0.45591	0.10718	0.01722	0.02413	0.20544	0.01654	0.02729	0.01876	0.02051	0.01227	0.01424	0.01066	0.00759	0.00620	0.00197	0.01091	0.00488	0.00375	0.01056
5	0.02481	0.02079	0.05873	0.14325	0.03011	0.05552	0.01659	0.22528	0.16585	0.10182	0.02587	0.02621	0.04715	0.01032	0.00835	0.00263	0.00896	0.00828	0.00716	0.01230
6	0.02289	0.19715	0.24448	0.05817	0.05335	0.24271	0.02128	0.02797	0.01940	0.02246	0.01344	0.01605	0.01074	0.00794	0.00719	0.00227	0.01223	0.00559	0.00381	0.01087
7	0.01549	0.00774	0.00774	0.00774	0.00968	0.00774	0.00581	0.01936	0.01742	0.03097	0.02710	0.03097	0.02129	0.00968	0.00581	0.00194	0.00387	0.00774	0.75416	0.00774
8	0.01187	0.00890	0.01335	0.01335	0.01483	0.01038	0.01038	0.01483	0.01335	0.01928	0.02225	0.03264	0.02077	0.06231	0.67512	0.01335	0.02225	0.00890	0.00445	0.00742
9	0.01830	0.01747	0.02992	0.03998	0.44325	0.01712	0.08452	0.02300	0.01929	0.02680	0.06430	0.03416	0.09164	0.01037	0.00885	0.00263	0.00917	0.04258	0.00504	0.01162
10	0.02066	0.01785	0.01878	0.01691	0.02160	0.02066	0.01315	0.04414	0.64121	0.03475	0.03381	0.03099	0.02536	0.01127	0.00845	0.00282	0.00657	0.00939	0.00845	0.01315
11	0.02386	0.58698	0.03979	0.01556	0.02214	0.15301	0.01456	0.02643	0.01813	0.01969	0.01179	0.01364	0.01067	0.00738	0.00573	0.00184	0.01003	0.00461	0.00369	0.01047
12	0.01803	0.01524	0.01766	0.01269	0.02003	0.01190	0.01018	0.05505	0.01845	0.02849	0.01506	0.01738	0.01241	0.00637	0.00627	0.00130	0.00632	0.00507	0.00511	0.71699
13	0.01984	0.01733	0.01981	0.12860	0.02753	0.02030	0.01480	0.04033	0.53726	0.03250	0.03064	0.02952	0.02298	0.01078	0.00843	0.00281	0.00732	0.00906	0.00766	0.01250
14	0.01886	0.02016	0.06824	0.21758	0.34726	0.01961	0.13754	0.02460	0.01835	0.02541	0.01558	0.02117	0.01235	0.00760	0.00852	0.00262	0.01110	0.00778	0.00398	0.01169
15	0.01708	0.01473	0.01536	0.01410	0.01818	0.01616	0.01089	0.03351	0.43580	0.03069	0.05043	0.04715	0.23249	0.01450	0.00890	0.00281	0.00579	0.01208	0.00821	0.01112
16	0.01526	0.01416	0.02251	0.20836	0.09635	0.01672	0.05180	0.01862	0.01586	0.02185	0.02386	0.23654	0.02523	0.01526	0.01370	0.00314	0.17417	0.01264	0.00502	0.00893
17	0.00990	0.00811	0.00873	0.00924	0.01144	0.00694	0.00668	0.01183	0.01815	0.02212	0.07418	0.24184	0.49740	0.02234	0.01002	0.00295	0.00437	0.01911	0.00771	0.00694
18	0.76672	0.01607	0.01221	0.01092	0.01607	0.01864	0.00900	0.02442	0.01414	0.03727	0.01157	0.01350	0.00900	0.00771	0.00514	0.00257	0.00643	0.00450	0.00514	0.00900
19	0.01443	0.00722	0.01082	0.01082	0.01082	0.00722	0.00722	0.01082	0.01082	0.01443	0.01443	0.02525	0.01443	0.02886	0.03247	0.75830	0.00722	0.00722	0.00361	0.00361
20	0.01121	0.00858	0.01034	0.01020	0.01247	0.00771	0.00785	0.01444	0.02135	0.02838	0.37688	0.07203	0.28894	0.01912	0.00998	0.00281	0.00442	0.07732	0.00846	0.00751
21	0.01032	0.00731	0.00958	0.01131	0.01174	0.00688	0.00743	0.01162	0.01551	0.02068	0.04376	0.63561	0.05239	0.09653	0.01388	0.00386	0.00515	0.02242	0.00743	0.00657
22	0.01899	0.30493	0.03013	0.01674	0.02021	0.05352	0.01469	0.02143	0.01506	0.01966	0.01381	0.01928	0.01302	0.02196	0.16324	0.00499	0.22877	0.00638	0.00381	0.00939
23	0.01684	0.04170	0.62707	0.02438	0.03641	0.01940	0.06736	0.02633	0.01767	0.02633	0.01503	0.01784	0.01065	0.00784	0.00801	0.00264	0.01238	0.00636	0.00355	0.01221
24	0.01806	0.01756	0.03095	0.36390	0.29730	0.01924	0.08621	0.02350	0.01785	0.02417	0.01532	0.02154	0.01207	0.00781	0.00843	0.00265	0.01089	0.00764	0.00391	0.01102
25	0.01335	0.01101	0.01565	0.01917	0.15719	0.01035	0.01151	0.01712	0.02155	0.02971	0.39305	0.05635	0.18055	0.01565	0.00945	0.00262	0.00532	0.01382	0.00772	0.00887

[dist]
# distance from previous block
# <min> <max>
0	4

[block]
# block no. 3 follows, 22 sequences, length 35
# corresponding to MSA columns:
# 190-224
name=unknown_D
#
# <colnr> <probs for GDERKNQSTAVLIFYWHMCP>
#	G	D	E	R	K	N	Q	S	T	A	V	L	I	F	Y	W	H	M	C	P
0	0.01941	0.02818	0.23370	0.03532	0.26596	0.04915	0.14948	0.02604	0.01873	0.02646	0.01546	0.01953	0.01205	0.00745	0.00828	0.00249	0.01148	0.00725	0.00400	0.05960
1	0.02173	0.02911	0.18960	0.11283	0.26451	0.14770	0.02406	0.06492	0.02047	0.02649	0.01507	0.01886	0.01182	0.00802	0.00801	0.00248	0.01157	0.00668	0.00421	0.01184
2	0.02632	0.22198	0.05808	0.02200	0.08356	0.36563	0.01689	0.03057	0.06079	0.02194	0.01419	0.01619	0.01186	0.00820	0.00704	0.00214	0.01216	0.00559	0.00430	0.01059
3	0.02182	0.05037	0.02577	0.02808	0.22541	0.02111	0.01770	0.15403	0.17840	0.03263	0.02137	0.02395	0.01704	0.01556	0.08501	0.00384	0.05158	0.00795	0.00606	0.01235
4	0.04674	0.02826	0.25863	0.11697	0.30648	0.04922	0.02602	0.02557	0.01817	0.02618	0.01498	0.01915	0.01169	0.00775	0.00797	0.00255	0.01099	0.00674	0.00389	0.01204
5	0.01829	0.03080	0.34233	0.07386	0.21853	0.01960	0.06221	0.02743	0.07625	0.02704	0.01699	0.02026	0.01284	0.00804	0.00818	0.00262	0.01106	0.00711	0.00420	0.01236
6	0.02056	0.01974	0.03372	0.05099	0.65622	0.01974	0.02550	0.02550	0.01892	0.02714	0.01563	0.02056	0.01316	0.00740	0.00822	0.00247	0.00987	0.00740	0.00411	0.01316
7	0.01312	0.00999	0.01244	0.01401	0.08303	0.00889	0.00914	0.01592	0.01998	0.06551	0.17864	0.09103	0.41107	0.01829	0.00958	0.00274	0.00498	0.01560	0.00775	0.00829
8	0.01203	0.00824	0.01000	0.01000	0.01033	0.00857	0.00621	0.01269	0.01236	0.01681	0.02531	0.04959	0.02813	0.56616	0.18133	0.00922	0.01117	0.01138	0.00491	0.00556
9	0.01865	0.02025	0.03988	0.02977	0.03534	0.02147	0.41234	0.02392	0.01724	0.02424	0.01556	0.02197	0.01272	0.01311	0.06289	0.00380	0.20343	0.00903	0.00406	0.01034
10	0.01443	0.00722	0.01082	0.01082	0.01082	0.00722	0.00722	0.01082	0.01082	0.01443	0.01443	0.02525	0.01443	0.02886	0.03247	0.75830	0.00722	0.00722	0.00361	0.00361
11	0.76672	0.01607	0.01221	0.01092	0.01607	0.01864	0.00900	0.02442	0.01414	0.03727	0.01157	0.01350	0.00900	0.00771	0.00514	0.00257	0.00643	0.00450	0.00514	0.00900
12	0.01549	0.00774	0.00774	0.00774	0.00968	0.00774	0.00581	0.01936	0.01742	0.03097	0.02710	0.03097	0.02129	0.00968	0.00581	0.00194	0.00387	0.00774	0.75416	0.00774
13	0.01208	0.00805	0.00906	0.00906	0.00906	0.00805	0.00503	0.01208	0.01208	0.01611	0.02618	0.05436	0.03020	0.70804	0.04228	0.00805	0.00805	0.01208	0.00503	0.00503
14	0.01277	0.01016	0.01480	0.01428	0.01547	0.01237	0.01116	0.01539	0.01318	0.01919	0.02089	0.03192	0.01995	0.09500	0.54501	0.01166	0.11605	0.00886	0.00437	0.00751
15	0.31679	0.01592	0.01721	0.01380	0.01975	0.01623	0.01139	0.10170	0.02183	0.35218	0.02316	0.02164	0.01538	0.00926	0.00712	0.00256	0.00706	0.00677	0.00808	0.01216
16	0.01742	0.03133	0.36428	0.15855	0.11850	0.01946	0.12250	0.02526	0.01786	0.02547	0.01527	0.01958	0.01129	0.00777	0.00832	0.00266	0.01202	0.00712	0.00373	0.01162
17	0.02056	0.01974	0.03372	0.05099	0.65622	0.01974	0.02550	0.02550	0.01892	0.02714	0.01563	0.02056	0.01316	0.00740	0.00822	0.00247	0.00987	0.00740	0.00411	0.01316
18	0.01820	0.06653	0.10210	0.06887	0.14731	0.07942	0.13689	0.02289	0.01867	0.02397	0.02997	0.03259	0.15264	0.01096	0.00976	0.00264	0.05191	0.00956	0.00478	0.01034
19	0.02031	0.09707	0.38899	0.02246	0.03231	0.02011	0.09869	0.02972	0.08469	0.09876	0.01886	0.02039	0.01351	0.00834	0.00800	0.00259	0.01098	0.00703	0.00489	0.01230
20	0.02224	0.23786	0.11345	0.03011	0.26350	0.02469	0.02072	0.11651	0.04499	0.02876	0.01562	0.01825	0.01267	0.00791	0.00731	0.00229	0.00963	0.00642	0.00466	0.01242
21	0.10455	0.01161	0.01369	0.01237	0.01601	0.01140	0.00986	0.02458	0.08412	0.16556	0.25509	0.05155	0.11471	0.01501	0.00900	0.00277	0.00557	0.07428	0.00854	0.00974
22	0.18444	0.10490	0.01966	0.01321	0.01916	0.09126	0.01082	0.02386	0.01807	0.05282	0.07363	0.02027	0.01768	0.00806	0.00641	0.00188	0.00739	0.00589	0.00533	0.31526
23	0.01176	0.00899	0.01084	0.01029	0.01262	0.00834	0.00774	0.01630	0.05665	0.03061	0.47233	0.06491	0.22237	0.01770	0.00973	0.00267	0.00414	0.01535	0.00874	0.00792
24	0.03158	0.02327	0.02493	0.01911	0.02576	0.02576	0.01579	0.62852	0.03906	0.05236	0.01995	0.01995	0.01413	0.00997	0.00831	0.00249	0.00914	0.00748	0.00831	0.01413
25	0.03195	0.02268	0.02457	0.01884	0.02547	0.02489	0.01556	0.59065	0.03808	0.09161	0.02077	0.02048	0.01454	0.00999	0.00831	0.00250	0.00901	0.00754	0.00844	0.01413
26	0.01208	0.00805	0.00906	0.00906	0.00906	0.00805	0.00503	0.01208	0.01208	0.01611	0.02618	0.05436	0.03020	0.70804	0.04228	0.00805	0.00805	0.01208	0.00503	0.00503
27	0.01330	0.00883	0.01160	0.01071	0.01294	0.00810	0.00810	0.01718	0.02353	0.07135	0.61438	0.06001	0.07489	0.01658	0.00971	0.00261	0.00411	0.01462	0.00921	0.00822
28	0.00988	0.00819	0.00865	0.00901	0.01138	0.00696	0.00658	0.01186	0.01837	0.02221	0.07694	0.19715	0.54031	0.02198	0.00997	0.00291	0.00432	0.01868	0.00771	0.00696
29	0.01999	0.05959	0.02844	0.02258	0.02424	0.09913	0.07448	0.02238	0.01482	0.02062	0.01171	0.01794	0.01103	0.01274	0.02217	0.00328	0.51453	0.00713	0.00376	0.00943
30	0.25774	0.03023	0.01995	0.01774	0.02253	0.40385	0.01369	0.06716	0.02161	0.05589	0.01377	0.01542	0.01082	0.00846	0.00686	0.00231	0.01164	0.00535	0.00506	0.00991
31	0.16708	0.01794	0.08200	0.01436	0.01954	0.05399	0.01266	0.08146	0.02140	0.16674	0.10187	0.07665	0.09845	0.01294	0.00824	0.00268	0.00736	0.03692	0.00734	0.01040
32	0.01951	0.05085	0.06190	0.05823	0.19658	0.07324	0.05459	0.06201	0.04318	0.02597	0.02315	0.03184	0.05563	0.01445	0.05146	0.00343	0.08842	0.06980	0.00504	0.01071
33	0.26869	0.02177	0.09984	0.02854	0.24328	0.04883	0.05424	0.04679	0.01842	0.03135	0.05279	0.02020	0.01530	0.00826	0.00732	0.00254	0.00910	0.00680	0.00485	0.01111
34	0.02460	0.02670	0.08185	0.02043	0.06110	0.21870	0.01631	0.20727	0.02562	0.03114	0.02508	0.02679	0.09469	0.01468	0.05856	0.00329	0.03833	0.00808	0.00584	0.01092

[dist]
# distance from previous block
# <min> <max>
2	23

[block]
# block no. 4 follows, 22 sequences, length 23
# corresponding to MSA columns:
# 248-270
name=unknown_E
#
# <colnr> <probs for GDERKNQSTAVLIFYWHMCP>
#	G	D	E	R	K	N	Q	S	T	A	V	L	I	F	Y	W	H	M	C	P
0	0.01651	0.02250	0.21222	0.01889	0.04757	0.01615	0.01811	0.02151	0.01687	0.04466	0.07382	0.02681	0.05051	0.01688	0.09137	0.00386	0.14431	0.00792	0.00483	0.14471
1	0.01973	0.02271	0.14235	0.02705	0.21670	0.05129	0.01905	0.02689	0.08762	0.05814	0.02258	0.02444	0.05686	0.00875	0.00778	0.00226	0.00885	0.00743	0.00522	0.18428
2	0.13413	0.12421	0.09603	0.10722	0.24265	0.07714	0.02017	0.02507	0.01788	0.02608	0.01541	0.02146	0.01315	0.00844	0.00740	0.00247	0.00993	0.03586	0.00426	0.01102
3	0.10133	0.08409	0.02705	0.02936	0.24614	0.19258	0.01805	0.05953	0.11195	0.02811	0.01701	0.01925	0.01371	0.00841	0.00750	0.00239	0.01025	0.00661	0.00506	0.01164
4	0.14088	0.07622	0.08681	0.03068	0.22079	0.01963	0.17717	0.02442	0.01828	0.02807	0.05210	0.02426	0.04773	0.00857	0.00804	0.00255	0.00991	0.00813	0.00466	0.01110
5	0.01720	0.01359	0.01884	0.02114	0.13672	0.01345	0.03332	0.02458	0.15169	0.06889	0.03253	0.29216	0.03266	0.01563	0.00906	0.00279	0.00673	0.01411	0.00697	0.08791
6	0.03130	0.03175	0.02421	0.02030	0.02572	0.36298	0.01593	0.31915	0.03100	0.03571	0.01625	0.01737	0.01235	0.00924	0.00788	0.00231	0.01218	0.00637	0.00622	0.01179
7	0.01199	0.00827	0.00991	0.04243	0.01181	0.00838	0.00628	0.01245	0.01283	0.01706	0.02833	0.14220	0.03268	0.57995	0.03626	0.00715	0.00775	0.01344	0.00534	0.00547
8	0.02336	0.01500	0.01764	0.01453	0.01887	0.01524	0.01124	0.15668	0.08665	0.16427	0.02626	0.08404	0.02276	0.15201	0.01600	0.00362	0.04071	0.00972	0.00734	0.11406
9	0.08238	0.01389	0.01645	0.01347	0.01833	0.01330	0.01086	0.12562	0.02424	0.18030	0.22330	0.03808	0.03705	0.01217	0.00837	0.00243	0.00625	0.03979	0.00822	0.12551
10	0.01017	0.00785	0.00929	0.01016	0.01175	0.00697	0.00715	0.01214	0.01795	0.02299	0.12520	0.38041	0.30215	0.02303	0.01020	0.00306	0.00447	0.02022	0.00786	0.00697
11	0.28603	0.01790	0.08364	0.02157	0.13030	0.01652	0.03904	0.02378	0.04668	0.03039	0.02300	0.03891	0.02173	0.01211	0.00807	0.00293	0.00825	0.17357	0.00563	0.00995
12	0.01892	0.02045	0.04153	0.15810	0.11813	0.02060	0.41178	0.02515	0.01863	0.02534	0.01599	0.02193	0.01230	0.00767	0.01020	0.00280	0.04651	0.00894	0.00407	0.01096
13	0.01608	0.01516	0.02562	0.63703	0.10522	0.01856	0.02327	0.02157	0.01680	0.02170	0.01483	0.02202	0.01124	0.00823	0.00830	0.00274	0.01098	0.00738	0.00373	0.00954
14	0.03067	0.17082	0.02770	0.01734	0.02389	0.06799	0.01475	0.34064	0.03018	0.16576	0.02024	0.01987	0.01445	0.00932	0.00762	0.00233	0.00906	0.00686	0.00741	0.01308
15	0.02978	0.03722	0.02476	0.02494	0.10100	0.59645	0.01718	0.03226	0.02299	0.02115	0.01317	0.01565	0.01099	0.00842	0.00758	0.00218	0.01437	0.00560	0.00426	0.01005
16	0.01187	0.00890	0.01335	0.01335	0.01483	0.01038	0.01038	0.01483	0.01335	0.01928	0.02225	0.03264	0.02077	0.06231	0.67512	0.01335	0.02225	0.00890	0.00445	0.00742
17	0.02356	0.02286	0.02861	0.03439	0.31550	0.11712	0.04870	0.11194	0.15363	0.03112	0.01969	0.02195	0.01548	0.00872	0.00825	0.00251	0.01002	0.00764	0.00562	0.01268
18	0.02056	0.01974	0.03372	0.05099	0.65622	0.01974	0.02550	0.02550	0.01892	0.02714	0.01563	0.02056	0.01316	0.00740	0.00822	0.00247	0.00987	0.00740	0.00411	0.01316
19	0.01067	0.00837	0.00914	0.00899	0.01108	0.00739	0.00641	0.01279	0.01868	0.02369	0.19999	0.07118	0.40853	0.14830	0.01587	0.00374	0.00486	0.01596	0.00753	0.00683
20	0.01543	0.01437	0.02413	0.64201	0.05432	0.01791	0.02221	0.02079	0.01639	0.02109	0.01528	0.02286	0.01174	0.01199	0.05383	0.00349	0.01184	0.00749	0.00374	0.00910
21	0.01160	0.00819	0.01047	0.01173	0.01260	0.00793	0.00846	0.01333	0.01585	0.02082	0.04151	0.31171	0.07565	0.22283	0.02000	0.00483	0.00653	0.18254	0.00692	0.00652
22	0.03158	0.02607	0.02330	0.01877	0.02475	0.20593	0.01503	0.34180	0.03130	0.13419	0.01962	0.01967	0.01404	0.00943	0.00798	0.00234	0.01033	0.00689	0.00730	0.04967

[dist]
# distance from previous block
# <min> <max>
0	1

[block]
# block no. 5 follows, 22 sequences, length 133
# corresponding to MSA columns:
# 272-404
name=unknown_F
#
# <colnr> <probs for GDERKNQSTAVLIFYWHMCP>
#	G	D	E	R	K	N	Q	S	T	A	V	L	I	F	Y	W	H	M	C	P
0	0.01599	0.01370	0.01679	0.01582	0.01772	0.01619	0.01216	0.04966	0.18718	0.02603	0.03446	0.28113	0.06512	0.01809	0.01414	0.00322	0.18177	0.01451	0.00690	0.00943
1	0.20618	0.06396	0.05667	0.01672	0.02395	0.01661	0.12087	0.02335	0.01687	0.02902	0.01412	0.01697	0.01133	0.00685	0.00658	0.00196	0.00812	0.00572	0.00469	0.34947
2	0.09477	0.02933	0.22484	0.03017	0.22943	0.09193	0.02288	0.12547	0.02184	0.03126	0.01541	0.01823	0.01183	0.00813	0.00776	0.00250	0.01072	0.00652	0.00473	0.01226
3	0.01266	0.00990	0.01149	0.01094	0.01369	0.00869	0.00785	0.04071	0.01760	0.02357	0.04641	0.29423	0.20198	0.09291	0.01276	0.00324	0.00547	0.01617	0.00687	0.16286
4	0.01289	0.01013	0.01455	0.08526	0.01851	0.01198	0.01106	0.01527	0.01332	0.01874	0.02146	0.03581	0.02128	0.21780	0.38451	0.01001	0.07644	0.00941	0.00445	0.00715
5	0.50970	0.01986	0.08468	0.01388	0.02012	0.01921	0.01264	0.11743	0.01914	0.09448	0.01510	0.01623	0.01098	0.00830	0.00620	0.00257	0.00752	0.00547	0.00591	0.01059
6	0.02490	0.01786	0.02204	0.02141	0.12164	0.01871	0.01484	0.31351	0.03027	0.09656	0.19350	0.03231	0.03214	0.01151	0.00871	0.00253	0.00764	0.00961	0.00805	0.01225
7	0.02045	0.01693	0.01841	0.01567	0.02111	0.01792	0.01228	0.03817	0.46041	0.05730	0.02899	0.02743	0.02189	0.00995	0.00787	0.00241	0.00649	0.00823	0.00764	0.20046
8	0.01985	0.01966	0.03547	0.11904	0.48029	0.01982	0.13231	0.02522	0.01878	0.02639	0.01574	0.02107	0.01283	0.00743	0.00852	0.00256	0.01074	0.00783	0.00408	0.01237
9	0.01788	0.01543	0.01613	0.01473	0.01894	0.01717	0.01140	0.03589	0.48175	0.03160	0.04671	0.04354	0.18616	0.01377	0.00880	0.00281	0.00597	0.01148	0.00826	0.01158
10	0.02809	0.02327	0.02490	0.06392	0.02713	0.08350	0.01672	0.42649	0.03149	0.04166	0.01735	0.01933	0.01304	0.01055	0.01162	0.00268	0.13171	0.00724	0.00681	0.01250
11	0.01057	0.00766	0.01059	0.01202	0.01276	0.00768	0.00840	0.01240	0.01525	0.02071	0.03976	0.53093	0.04619	0.03532	0.18089	0.00593	0.00929	0.01985	0.00688	0.00692
12	0.01386	0.01027	0.01413	0.13274	0.02229	0.01037	0.01240	0.01754	0.01953	0.05762	0.14025	0.06928	0.19952	0.01830	0.01007	0.00313	0.00679	0.22646	0.00732	0.00813
13	0.02632	0.32652	0.03267	0.06168	0.02589	0.18951	0.01565	0.17830	0.02409	0.02809	0.01419	0.01598	0.01157	0.00827	0.00681	0.00211	0.01061	0.00562	0.00494	0.01118
14	0.01181	0.01054	0.01353	0.11836	0.08339	0.01007	0.01085	0.01474	0.01857	0.02273	0.06646	0.06498	0.48860	0.01769	0.00942	0.00277	0.00585	0.01493	0.00673	0.00798
15	0.01376	0.01168	0.01698	0.01589	0.01693	0.01490	0.01272	0.01638	0.01316	0.01950	0.01885	0.02830	0.01781	0.04797	0.48069	0.01044	0.22350	0.00841	0.00421	0.00792
16	0.31042	0.06009	0.15367	0.02084	0.05947	0.01934	0.14222	0.02499	0.01665	0.03040	0.01384	0.01687	0.01068	0.00740	0.00692	0.00245	0.00945	0.00611	0.00446	0.08373
17	0.23703	0.05379	0.02222	0.25722	0.09007	0.06317	0.01693	0.04978	0.08434	0.02895	0.01586	0.01942	0.01226	0.00839	0.00719	0.00259	0.00920	0.00648	0.00487	0.01023
18	0.02408	0.01834	0.05891	0.02779	0.24099	0.01706	0.01763	0.11253	0.07484	0.17113	0.09244	0.03032	0.05559	0.01046	0.00851	0.00256	0.00809	0.00905	0.00710	0.01258
19	0.19179	0.06076	0.15343	0.16559	0.10114	0.04960	0.01970	0.08593	0.04668	0.03017	0.01526	0.01843	0.01161	0.00823	0.00730	0.00256	0.00978	0.00632	0.00472	0.01098
20	0.01905	0.19986	0.35544	0.05799	0.06567	0.05703	0.02414	0.02544	0.01728	0.02357	0.01366	0.01686	0.01077	0.00833	0.00903	0.00249	0.07252	0.00592	0.00361	0.01135
21	0.01748	0.01783	0.03392	0.40581	0.10999	0.01944	0.22751	0.02346	0.01785	0.02362	0.01554	0.02208	0.01179	0.00778	0.00881	0.00275	0.01195	0.00820	0.00390	0.01027
22	0.01266	0.01180	0.01359	0.01658	0.12687	0.03856	0.01016	0.01527	0.01913	0.02319	0.06881	0.06651	0.51063	0.01806	0.00943	0.00272	0.00569	0.01519	0.00692	0.00822
23	0.01188	0.00886	0.01316	0.01316	0.01458	0.01028	0.01015	0.01471	0.01330	0.01915	0.02242	0.03359	0.02118	0.09057	0.64742	0.01312	0.02163	0.00904	0.00448	0.00731
24	0.73813	0.01599	0.01249	0.01108	0.01627	0.01838	0.00912	0.02505	0.01452	0.06176	0.01240	0.01407	0.00945	0.00781	0.00527	0.00257	0.00645	0.00465	0.00534	0.00920
25	0.01549	0.00774	0.00774	0.00774	0.00968	0.00774	0.00581	0.01936	0.01742	0.03097	0.02710	0.03097	0.02129	0.00968	0.00581	0.00194	0.00387	0.00774	0.75416	0.00774
26	0.01617	0.01510	0.02502	0.45725	0.16726	0.01781	0.02165	0.02096	0.01678	0.02231	0.01806	0.09451	0.01617	0.01035	0.00951	0.00282	0.04522	0.00912	0.00420	0.00972
27	0.02056	0.01974	0.03372	0.05099	0.65622	0.01974	0.02550	0.02550	0.01892	0.02714	0.01563	0.02056	0.01316	0.00740	0.00822	0.00247	0.00987	0.00740	0.00411	0.01316
28	0.01772	0.08595	0.18054	0.35863	0.06984	0.04941	0.07662	0.02393	0.01752	0.02294	0.01464	0.01991	0.01111	0.00796	0.00803	0.00261	0.01155	0.00695	0.00372	0.01042
29	0.16781	0.37718	0.12790	0.01653	0.02376	0.09906	0.03793	0.02599	0.01728	0.02436	0.01239	0.01450	0.01039	0.00750	0.00608	0.00214	0.00977	0.00500	0.00396	0.01048
30	0.02183	0.09172	0.02030	0.01463	0.01931	0.04512	0.01178	0.27285	0.05794	0.03452	0.03750	0.06484	0.18105	0.07583	0.01149	0.00303	0.00769	0.01079	0.00718	0.01060
31	0.08196	0.06423	0.12553	0.02366	0.18223	0.01565	0.01660	0.02126	0.04499	0.02587	0.05904	0.18348	0.05566	0.05139	0.01028	0.00301	0.00792	0.01168	0.00556	0.01001
32	0.09438	0.13027	0.16139	0.02742	0.18785	0.21510	0.02058	0.02774	0.01925	0.02482	0.01368	0.01656	0.01113	0.00783	0.00723	0.00231	0.01141	0.00583	0.00405	0.01117
33	0.01701	0.01004	0.01326	0.01329	0.01578	0.00960	0.01039	0.02127	0.06075	0.14495	0.14587	0.26648	0.04875	0.01977	0.01013	0.00317	0.00593	0.16614	0.00847	0.00897
34	0.02068	0.02782	0.19440	0.04082	0.42974	0.08977	0.02582	0.02653	0.01906	0.02620	0.01514	0.01919	0.01222	0.00765	0.00806	0.00247	0.01103	0.00686	0.00398	0.01256
35	0.01053	0.00864	0.00940	0.00978	0.01241	0.00752	0.00772	0.01297	0.01897	0.02292	0.07618	0.08268	0.53272	0.02142	0.01015	0.00301	0.00489	0.13325	0.00770	0.00714
36	0.01783	0.15784	0.02862	0.51578	0.04825	0.05634	0.02090	0.02260	0.01703	0.02084	0.01401	0.01998	0.01097	0.00808	0.00766	0.00253	0.01084	0.00668	0.00369	0.00954
37	0.01012	0.00723	0.00964	0.01157	0.01205	0.00675	0.00771	0.01157	0.01591	0.02121	0.04579	0.70262	0.05495	0.02603	0.01060	0.00337	0.00482	0.02362	0.00771	0.00675
38	0.01838	0.01545	0.01682	0.01525	0.01925	0.01738	0.01179	0.03685	0.48292	0.03438	0.19219	0.03895	0.03895	0.01273	0.00880	0.00277	0.00589	0.01084	0.00863	0.01179
