[name]
unknown

[dist]
# distance from previous block
# <min> <max>
3	5

[block]
# block no. 0 follows, 21 sequences, length 43
# corresponding to MSA columns:
# 5-47
name=unknown_A
#
# <colnr> <probs for GDERKNQSTAVLIFYWHMCP>
#	G	D	E	R	K	N	Q	S	T	A	V	L	I	F	Y	W	H	M	C	P
0	0.13904	0.11116	0.02102	0.01488	0.02012	0.05037	0.01222	0.16209	0.16084	0.03467	0.03457	0.03368	0.14775	0.01206	0.00791	0.00259	0.00751	0.00926	0.00706	0.01120
1	0.18477	0.01606	0.01756	0.08656	0.02286	0.01772	0.01251	0.22537	0.02387	0.03564	0.02735	0.07762	0.09407	0.01461	0.01132	0.09843	0.00776	0.00944	0.00655	0.00993
2	0.05284	0.12924	0.02780	0.06020	0.07387	0.06459	0.14224	0.02230	0.01864	0.02518	0.02945	0.10376	0.10340	0.01188	0.00828	0.00257	0.00905	0.01061	0.09441	0.00969
3	0.01715	0.02714	0.26968	0.03113	0.23560	0.01740	0.06675	0.02360	0.01889	0.02643	0.03054	0.03277	0.14478	0.01068	0.00875	0.00269	0.01015	0.00944	0.00476	0.01167
4	0.01815	0.01744	0.02962	0.03874	0.40136	0.01696	0.09210	0.02277	0.01948	0.02657	0.03294	0.03880	0.15086	0.01148	0.00917	0.00273	0.00924	0.04482	0.00523	0.01155
5	0.02037	0.30600	0.23384	0.01769	0.02655	0.06212	0.01912	0.02559	0.01799	0.02394	0.01372	0.01599	0.01124	0.00742	0.00661	0.00200	0.00999	0.00527	0.00397	0.17056
6	0.02267	0.01904	0.01827	0.01489	0.02000	0.12067	0.01177	0.11794	0.02219	0.06045	0.01926	0.02189	0.01524	0.01130	0.03819	0.00251	0.04027	0.00658	0.15740	0.25947
7	0.01385	0.01008	0.01218	0.01261	0.01474	0.00980	0.00901	0.01933	0.11857	0.05501	0.04669	0.45305	0.10924	0.02177	0.01006	0.00314	0.00535	0.01936	0.00800	0.04819
8	0.18446	0.03102	0.02194	0.09258	0.02750	0.41073	0.01586	0.02974	0.02048	0.02460	0.01295	0.01607	0.01065	0.00900	0.00872	0.00247	0.06147	0.00567	0.00446	0.00964
9	0.01238	0.00825	0.00928	0.00928	0.00928	0.00825	0.00516	0.01238	0.01238	0.01650	0.02681	0.05569	0.03094	0.70092	0.04331	0.00825	0.00825	0.01238	0.00516	0.00516
10	0.01063	0.00855	0.00947	0.00943	0.01189	0.00740	0.00700	0.01324	0.02045	0.02595	0.23598	0.12241	0.44614	0.02079	0.01011	0.00286	0.00428	0.01772	0.00830	0.00740
11	0.01135	0.00858	0.01048	0.01020	0.01234	0.00771	0.00757	0.01465	0.02217	0.03003	0.44010	0.11570	0.23947	0.01927	0.01010	0.00279	0.00417	0.01678	0.00884	0.00771
12	0.03179	0.04056	0.02412	0.02192	0.02631	0.66676	0.01644	0.03398	0.02412	0.02083	0.01315	0.01535	0.01096	0.00877	0.00767	0.00219	0.01535	0.00548	0.00438	0.00987
13	0.01941	0.04075	0.58629	0.02325	0.03516	0.01896	0.02935	0.02856	0.01867	0.09635	0.01730	0.01918	0.01192	0.00836	0.00814	0.00269	0.01199	0.00654	0.00436	0.01279
14	0.01829	0.17531	0.35589	0.16465	0.07474	0.02253	0.02591	0.02548	0.01771	0.02443	0.01456	0.01826	0.01109	0.00798	0.00765	0.00253	0.01144	0.00627	0.00368	0.01161
15	0.01896	0.26455	0.45289	0.02103	0.03184	0.02440	0.02582	0.02646	0.01774	0.02464	0.01413	0.01653	0.01083	0.00782	0.00721	0.00240	0.01142	0.00571	0.00361	0.01203
16	0.01707	0.04402	0.65683	0.02426	0.03683	0.01976	0.03144	0.02695	0.01797	0.02695	0.01527	0.01797	0.01078	0.00809	0.00809	0.00270	0.01258	0.00629	0.00359	0.01258
17	0.01238	0.00825	0.00928	0.00928	0.00928	0.00825	0.00516	0.01238	0.01238	0.01650	0.02681	0.05569	0.03094	0.70092	0.04331	0.00825	0.00825	0.01238	0.00516	0.00516
18	0.01141	0.00829	0.01054	0.01198	0.01296	0.00787	0.00819	0.04124	0.01767	0.02336	0.04854	0.61721	0.09792	0.02549	0.01069	0.00337	0.00510	0.02293	0.00793	0.00730
19	0.03179	0.04056	0.02412	0.02192	0.02631	0.66676	0.01644	0.03398	0.02412	0.02083	0.01315	0.01535	0.01096	0.00877	0.00767	0.00219	0.01535	0.00548	0.00438	0.00987
20	0.01006	0.00862	0.00862	0.00862	0.01149	0.00718	0.00647	0.01221	0.01940	0.02299	0.08621	0.08190	0.64438	0.02155	0.01006	0.00287	0.00431	0.01796	0.00790	0.00718
21	0.01238	0.00825	0.00928	0.00928	0.00928	0.00825	0.00516	0.01238	0.01238	0.01650	0.02681	0.05569	0.03094	0.70092	0.04331	0.00825	0.00825	0.01238	0.00516	0.00516
22	0.03049	0.03861	0.02701	0.02347	0.02832	0.59532	0.08293	0.03324	0.02367	0.02154	0.01360	0.01619	0.01118	0.00859	0.00794	0.00227	0.01524	0.00599	0.00438	0.01004
23	0.01216	0.00912	0.01368	0.01368	0.01520	0.01064	0.01064	0.01520	0.01368	0.01976	0.02279	0.03343	0.02127	0.06382	0.66720	0.01368	0.02279	0.00912	0.00456	0.00760
24	0.02086	0.02140	0.06533	0.05085	0.61761	0.02020	0.02638	0.02616	0.01931	0.02776	0.01597	0.02091	0.01335	0.00761	0.00841	0.00254	0.01023	0.00752	0.00418	0.01344
25	0.02992	0.03617	0.02674	0.02626	0.10567	0.51685	0.04567	0.06754	0.02428	0.02396	0.01414	0.01673	0.01158	0.00863	0.00793	0.00229	0.01428	0.00609	0.00461	0.01067
26	0.01133	0.00867	0.01038	0.00995	0.01227	0.00772	0.00746	0.01467	0.02239	0.03009	0.44166	0.07020	0.28450	0.01890	0.01004	0.00275	0.00412	0.01632	0.00884	0.00772
27	0.02051	0.01966	0.03354	0.12179	0.58260	0.02007	0.02584	0.02563	0.01912	0.02713	0.01591	0.02124	0.01324	0.00768	0.00843	0.00256	0.01025	0.00758	0.00416	0.01303
28	0.01586	0.00793	0.00793	0.00793	0.00991	0.00793	0.00595	0.01983	0.01785	0.03173	0.02776	0.03173	0.02181	0.00991	0.00595	0.00198	0.00397	0.00793	0.74817	0.00793
29	0.01231	0.00850	0.01052	0.01052	0.01095	0.00892	0.00670	0.01317	0.01274	0.01742	0.02568	0.04941	0.02821	0.52119	0.21932	0.00978	0.01235	0.01146	0.00499	0.00585
30	0.02080	0.01995	0.03406	0.08575	0.61640	0.02015	0.02598	0.02588	0.01925	0.02748	0.01596	0.02115	0.01337	0.00763	0.00843	0.00254	0.01018	0.00758	0.00419	0.01327
31	0.02370	0.01761	0.01889	0.01571	0.01999	0.01941	0.01208	0.30276	0.15562	0.03852	0.02552	0.03312	0.02180	0.20246	0.01810	0.00418	0.00826	0.00940	0.04150	0.01137
32	0.01967	0.01480	0.01670	0.01287	0.01875	0.01329	0.01029	0.13022	0.02160	0.03300	0.01932	0.02210	0.01544	0.01056	0.03793	0.00225	0.00711	0.00637	0.17411	0.41361
33	0.03025	0.03672	0.02445	0.02180	0.02584	0.54354	0.01668	0.07469	0.02393	0.02316	0.01344	0.01611	0.01124	0.00961	0.01017	0.00240	0.09536	0.00587	0.00460	0.01013
34	0.01216	0.00912	0.01368	0.01368	0.01520	0.01064	0.01064	0.01520	0.01368	0.01976	0.02279	0.03343	0.02127	0.06382	0.66720	0.01368	0.02279	0.00912	0.00456	0.00760
35	0.01006	0.00862	0.00862	0.00862	0.01149	0.00718	0.00647	0.01221	0.01940	0.02299	0.08621	0.08190	0.64438	0.02155	0.01006	0.00287	0.00431	0.01796	0.00790	0.00718
36	0.01216	0.00912	0.01368	0.01368	0.01520	0.01064	0.01064	0.01520	0.01368	0.01976	0.02279	0.03343	0.02127	0.06382	0.66720	0.01368	0.02279	0.00912	0.00456	0.00760
37	0.01006	0.00862	0.00862	0.00862	0.01149	0.00718	0.00647	0.01221	0.01940	0.02299	0.08621	0.08190	0.64438	0.02155	0.01006	0.00287	0.00431	0.01796	0.00790	0.00718
38	0.76103	0.01646	0.01251	0.01119	0.01646	0.01909	0.00922	0.02502	0.01448	0.03818	0.01185	0.01382	0.00922	0.00790	0.00527	0.00263	0.00658	0.00461	0.00527	0.00922
39	0.02009	0.02296	0.05022	0.03587	0.04448	0.02152	0.61693	0.02726	0.02009	0.02726	0.01722	0.02296	0.01291	0.00717	0.01004	0.00287	0.01435	0.01004	0.00430	0.01148
40	0.01218	0.00928	0.01056	0.01020	0.01246	0.00878	0.00747	0.01638	0.06408	0.02707	0.25539	0.06453	0.27919	0.10732	0.03991	0.00388	0.00560	0.01496	0.04303	0.00771
41	0.02050	0.01949	0.03240	0.12207	0.53474	0.02014	0.02492	0.02699	0.06343	0.02767	0.01725	0.02202	0.01414	0.00798	0.00845	0.00259	0.01001	0.00773	0.00448	0.01302
42	0.02100	0.17033	0.16780	0.08153	0.29759	0.07084	0.02393	0.02643	0.01882	0.02503	0.01470	0.01854	0.01203	0.00778	0.00768	0.00241	0.01090	0.00651	0.00394	0.01219

[dist]
# distance from previous block
# <min> <max>
0	1

[block]
# block no. 1 follows, 21 sequences, length 10
# corresponding to MSA columns:
# 49-58
name=unknown_B
#
# <colnr> <probs for GDERKNQSTAVLIFYWHMCP>
#	G	D	E	R	K	N	Q	S	T	A	V	L	I	F	Y	W	H	M	C	P
0	0.02886	0.20861	0.05967	0.01982	0.02568	0.38332	0.01664	0.11438	0.02433	0.02556	0.01395	0.01576	0.01144	0.00856	0.00725	0.00217	0.01277	0.00559	0.00474	0.01092
1	0.01938	0.31280	0.40826	0.02032	0.03075	0.02541	0.02459	0.02635	0.01769	0.02414	0.01387	0.01621	0.01084	0.00776	0.00702	0.00234	0.01117	0.00558	0.00361	0.01190
2	0.02266	0.05361	0.01986	0.01577	0.02110	0.01639	0.01313	0.11292	0.14158	0.12250	0.02981	0.04224	0.02590	0.01294	0.00875	0.00267	0.00750	0.15658	0.00767	0.16643
3	0.01737	0.01959	0.14152	0.01854	0.02259	0.01661	0.06819	0.02158	0.01760	0.06466	0.13915	0.03418	0.02861	0.11005	0.01889	0.00373	0.19130	0.00978	0.04651	0.00953
4	0.42150	0.01865	0.05467	0.01427	0.01970	0.01950	0.01215	0.07717	0.17496	0.03706	0.02073	0.06108	0.01691	0.01018	0.00691	0.00275	0.00711	0.00744	0.00645	0.01079
5	0.19631	0.01471	0.01566	0.07243	0.02076	0.01609	0.01137	0.15461	0.05071	0.03338	0.03348	0.16097	0.11250	0.05763	0.01060	0.00319	0.00710	0.01197	0.00691	0.00964
6	0.08475	0.02481	0.14938	0.11697	0.37542	0.05181	0.02488	0.02605	0.01863	0.02748	0.01526	0.01975	0.01221	0.00788	0.00806	0.00259	0.01068	0.00697	0.00414	0.01228
7	0.02192	0.16904	0.37852	0.02182	0.03129	0.18794	0.02439	0.02847	0.01941	0.02407	0.01408	0.01648	0.01085	0.00811	0.00748	0.00240	0.01262	0.00575	0.00380	0.01157
8	0.02744	0.03220	0.02553	0.02825	0.17877	0.42414	0.01803	0.05826	0.02333	0.02429	0.01999	0.02227	0.06193	0.00956	0.00809	0.00235	0.01289	0.00709	0.00482	0.01077
9	0.02054	0.32988	0.12310	0.02285	0.14192	0.07553	0.01816	0.02461	0.01862	0.02297	0.02376	0.02548	0.10113	0.00959	0.00722	0.00226	0.00960	0.00735	0.00441	0.01103

[dist]
# distance from previous block
# <min> <max>
8	14

[block]
# block no. 2 follows, 21 sequences, length 7
# corresponding to MSA columns:
# 73-79
name=unknown_C
#
# <colnr> <probs for GDERKNQSTAVLIFYWHMCP>
#	G	D	E	R	K	N	Q	S	T	A	V	L	I	F	Y	W	H	M	C	P
0	0.02034	0.02882	0.23850	0.03323	0.17992	0.02098	0.19616	0.07251	0.06983	0.02992	0.01794	0.02142	0.01352	0.00814	0.00881	0.00271	0.01180	0.00804	0.00472	0.01268
1	0.09963	0.01760	0.01862	0.01640	0.02149	0.01982	0.01291	0.04265	0.48928	0.11668	0.03215	0.02954	0.02361	0.01104	0.00830	0.00283	0.00679	0.00897	0.00855	0.01316
2	0.02106	0.02022	0.03454	0.05223	0.64784	0.02022	0.02612	0.02612	0.01938	0.02780	0.01601	0.02106	0.01348	0.00758	0.00842	0.00253	0.01011	0.00758	0.00421	0.01348
3	0.05623	0.03282	0.43604	0.01983	0.02915	0.01693	0.02361	0.02466	0.05310	0.02765	0.05983	0.06718	0.09468	0.01145	0.00846	0.00277	0.01003	0.00930	0.00505	0.01123
4	0.01317	0.01660	0.16170	0.01421	0.01780	0.01107	0.01320	0.01689	0.01588	0.02277	0.06662	0.18563	0.03262	0.18012	0.14326	0.00619	0.01078	0.01291	0.05048	0.00810
5	0.23189	0.01313	0.01382	0.01301	0.01667	0.01412	0.01002	0.02568	0.13114	0.10319	0.03348	0.18532	0.07332	0.01991	0.07448	0.00400	0.00776	0.01203	0.00726	0.00977
6	0.19779	0.01641	0.01754	0.01483	0.01983	0.01764	0.01190	0.18429	0.08546	0.14680	0.02850	0.08452	0.05659	0.01625	0.06089	0.00361	0.00847	0.00945	0.00772	0.01151

[dist]
# distance from previous block
# <min> <max>
0	1

[block]
# block no. 3 follows, 21 sequences, length 8
# corresponding to MSA columns:
# 81-88
name=unknown_D
#
# <colnr> <probs for GDERKNQSTAVLIFYWHMCP>
#	G	D	E	R	K	N	Q	S	T	A	V	L	I	F	Y	W	H	M	C	P
0	0.06213	0.02879	0.02990	0.02403	0.02940	0.28348	0.16800	0.11949	0.02409	0.02899	0.04775	0.02077	0.01552	0.00953	0.01018	0.00260	0.07168	0.00762	0.00524	0.01081
1	0.01862	0.01801	0.03145	0.34875	0.32313	0.01970	0.06943	0.02413	0.01831	0.02489	0.01568	0.02198	0.01243	0.00799	0.00859	0.00270	0.01101	0.00776	0.00402	0.01142
2	0.02013	0.20955	0.45279	0.02110	0.03187	0.02273	0.02571	0.02769	0.01829	0.07327	0.01580	0.01772	0.01160	0.00807	0.00746	0.00247	0.01129	0.00602	0.00414	0.01230
3	0.02057	0.01972	0.03366	0.11392	0.58998	0.02009	0.02587	0.02569	0.01915	0.02721	0.01592	0.02122	0.01327	0.00767	0.00843	0.00256	0.01023	0.00758	0.00417	0.01308
4	0.01674	0.01290	0.01455	0.01320	0.01652	0.01328	0.01011	0.13726	0.11751	0.03395	0.22132	0.15290	0.17094	0.01740	0.00966	0.00285	0.00568	0.01490	0.00856	0.00977
5	0.02140	0.54849	0.19030	0.01687	0.02541	0.03036	0.01858	0.02583	0.01745	0.02167	0.01265	0.01468	0.01089	0.00747	0.00609	0.00203	0.00993	0.00496	0.00363	0.01132
6	0.02106	0.02022	0.03454	0.05223	0.64784	0.02022	0.02612	0.02612	0.01938	0.02780	0.01601	0.02106	0.01348	0.00758	0.00842	0.00253	0.01011	0.00758	0.00421	0.01348
7	0.02388	0.02474	0.02817	0.10235	0.30155	0.18442	0.02096	0.06174	0.11480	0.02795	0.01826	0.02138	0.01458	0.00872	0.00828	0.00253	0.01101	0.00736	0.00511	0.01220

[dist]
# distance from previous block
# <min> <max>
1	6

[block]
# block no. 4 follows, 21 sequences, length 96
# corresponding to MSA columns:
# 95-190
name=unknown_E
#
# <colnr> <probs for GDERKNQSTAVLIFYWHMCP>
#	G	D	E	R	K	N	Q	S	T	A	V	L	I	F	Y	W	H	M	C	P
0	0.02115	0.02078	0.03318	0.10894	0.56158	0.05300	0.02539	0.02611	0.01940	0.02689	0.01578	0.02092	0.01315	0.00773	0.00839	0.00254	0.01049	0.00747	0.00418	0.01292
1	0.02042	0.01954	0.03303	0.04969	0.61064	0.01946	0.02497	0.02530	0.01938	0.02752	0.02011	0.02462	0.05036	0.00840	0.00852	0.00255	0.00977	0.00819	0.00443	0.01311
2	0.05459	0.01777	0.01527	0.01365	0.01721	0.13980	0.01052	0.11322	0.05074	0.03298	0.16222	0.03820	0.09702	0.01257	0.00808	0.00242	0.00729	0.01001	0.18689	0.00954
3	0.02177	0.02562	0.15666	0.01833	0.02434	0.11733	0.01712	0.19347	0.02441	0.03155	0.02634	0.02920	0.08741	0.02313	0.15940	0.00511	0.01347	0.00855	0.00584	0.01094
4	0.02588	0.02775	0.03004	0.03855	0.37152	0.24968	0.02179	0.08263	0.02292	0.02767	0.01540	0.01898	0.01268	0.00824	0.00817	0.00241	0.01190	0.00685	0.00466	0.01229
5	0.01585	0.01271	0.01395	0.01300	0.01551	0.04997	0.00985	0.09913	0.01917	0.02527	0.03636	0.04413	0.15539	0.13303	0.27685	0.00784	0.01359	0.01102	0.03912	0.00826
6	0.01024	0.00863	0.00888	0.00881	0.01161	0.00726	0.00661	0.01257	0.01983	0.02402	0.13787	0.08020	0.59208	0.02117	0.01006	0.00286	0.00428	0.01772	0.00804	0.00726
7	0.02106	0.02022	0.03454	0.05223	0.64784	0.02022	0.02612	0.02612	0.01938	0.02780	0.01601	0.02106	0.01348	0.00758	0.00842	0.00253	0.01011	0.00758	0.00421	0.01348
8	0.02294	0.33450	0.24248	0.01946	0.02783	0.17414	0.02058	0.02792	0.01908	0.02250	0.01327	0.01547	0.01088	0.00789	0.00684	0.00219	0.01168	0.00534	0.00380	0.01123
9	0.76103	0.01646	0.01251	0.01119	0.01646	0.01909	0.00922	0.02502	0.01448	0.03818	0.01185	0.01382	0.00922	0.00790	0.00527	0.00263	0.00658	0.00461	0.00527	0.00922
10	0.01216	0.00912	0.01368	0.01368	0.01520	0.01064	0.01064	0.01520	0.01368	0.01976	0.02279	0.03343	0.02127	0.06382	0.66720	0.01368	0.02279	0.00912	0.00456	0.00760
11	0.76103	0.01646	0.01251	0.01119	0.01646	0.01909	0.00922	0.02502	0.01448	0.03818	0.01185	0.01382	0.00922	0.00790	0.00527	0.00263	0.00658	0.00461	0.00527	0.00922
12	0.01231	0.00908	0.01033	0.01023	0.01302	0.00794	0.00798	0.01508	0.02051	0.05742	0.17753	0.07775	0.43568	0.02050	0.01020	0.00296	0.00486	0.09053	0.00829	0.00779
13	0.01037	0.00741	0.00987	0.01185	0.01234	0.00691	0.00790	0.01185	0.01629	0.02172	0.04690	0.69537	0.05629	0.02666	0.01086	0.00346	0.00494	0.02419	0.00790	0.00691
14	0.01016	0.00822	0.00904	0.00969	0.01178	0.00709	0.00694	0.01209	0.01837	0.02257	0.07320	0.28488	0.44980	0.02324	0.01032	0.00307	0.00452	0.02002	0.00790	0.00709
15	0.02743	0.02139	0.02277	0.01859	0.02452	0.02409	0.01498	0.36681	0.30068	0.04570	0.02668	0.02541	0.01953	0.01080	0.00858	0.00270	0.00821	0.00852	0.00858	0.01403
16	0.01030	0.00768	0.00959	0.01111	0.01215	0.00697	0.00757	0.01193	0.01700	0.02201	0.05591	0.55480	0.19104	0.02549	0.01068	0.00332	0.00479	0.02276	0.00790	0.00697
17	0.02118	0.01922	0.03034	0.23910	0.31168	0.02086	0.05069	0.11549	0.05303	0.03020	0.01741	0.02210	0.01358	0.00845	0.00855	0.00266	0.01040	0.00781	0.00496	0.01229
18	0.01985	0.01899	0.03236	0.20445	0.50508	0.01990	0.02552	0.02506	0.01881	0.02633	0.01579	0.02146	0.01296	0.00781	0.00845	0.00260	0.01041	0.00758	0.00411	0.01250
19	0.03179	0.04056	0.02412	0.02192	0.02631	0.66676	0.01644	0.03398	0.02412	0.02083	0.01315	0.01535	0.01096	0.00877	0.00767	0.00219	0.01535	0.00548	0.00438	0.00987
20	0.02189	0.01585	0.01579	0.01385	0.01832	0.07370	0.01082	0.05398	0.17032	0.16607	0.05260	0.04936	0.27226	0.01504	0.00910	0.00275	0.00678	0.01228	0.00836	0.01087
21	0.01775	0.17060	0.02034	0.01256	0.01543	0.01709	0.00961	0.10748	0.01783	0.02330	0.02195	0.03816	0.02275	0.36402	0.10139	0.00654	0.01029	0.00949	0.00525	0.00817
22	0.46677	0.19570	0.02237	0.01361	0.01926	0.11706	0.01163	0.02644	0.01660	0.03103	0.01203	0.01400	0.00990	0.00787	0.00567	0.00236	0.00850	0.00472	0.00472	0.00975
23	0.01769	0.03613	0.44795	0.02709	0.03795	0.01981	0.20037	0.02644	0.01836	0.02667	0.01622	0.02020	0.01193	0.01066	0.04223	0.00331	0.01361	0.00752	0.00385	0.01200
24	0.01835	0.19279	0.51924	0.02208	0.03346	0.02289	0.02765	0.02662	0.01782	0.02539	0.01450	0.01700	0.01081	0.00790	0.00750	0.00250	0.01180	0.00590	0.00360	0.01220
25	0.01054	0.00864	0.00929	0.00913	0.01179	0.00739	0.00684	0.01314	0.02053	0.02569	0.22120	0.07746	0.50771	0.02055	0.01005	0.00283	0.00424	0.01734	0.00826	0.00739
26	0.01026	0.00856	0.00895	0.00900	0.01166	0.00725	0.00670	0.01255	0.01965	0.02395	0.13581	0.11605	0.55746	0.02146	0.01010	0.00289	0.00432	0.01809	0.00804	0.00725
27	0.01487	0.01071	0.01308	0.01202	0.01480	0.01059	0.00916	0.02240	0.13433	0.06383	0.47682	0.05699	0.09442	0.01620	0.00972	0.00272	0.00468	0.01413	0.00923	0.00929
28	0.03179	0.04056	0.02412	0.02192	0.02631	0.66676	0.01644	0.03398	0.02412	0.02083	0.01315	0.01535	0.01096	0.00877	0.00767	0.00219	0.01535	0.00548	0.00438	0.00987
29	0.02106	0.02022	0.03454	0.05223	0.64784	0.02022	0.02612	0.02612	0.01938	0.02780	0.01601	0.02106	0.01348	0.00758	0.00842	0.00253	0.01011	0.00758	0.00421	0.01348
30	0.01238	0.00825	0.00928	0.00928	0.00928	0.00825	0.00516	0.01238	0.01238	0.01650	0.02681	0.05569	0.03094	0.70092	0.04331	0.00825	0.00825	0.01238	0.00516	0.00516
31	0.01006	0.00862	0.00862	0.00862	0.01149	0.00718	0.00647	0.01221	0.01940	0.02299	0.08621	0.08190	0.64438	0.02155	0.01006	0.00287	0.00431	0.01796	0.00790	0.00718
32	0.76103	0.01646	0.01251	0.01119	0.01646	0.01909	0.00922	0.02502	0.01448	0.03818	0.01185	0.01382	0.00922	0.00790	0.00527	0.00263	0.00658	0.00461	0.00527	0.00922
33	0.03119	0.03941	0.02470	0.02363	0.06128	0.63038	0.01699	0.03354	0.02385	0.02122	0.01331	0.01567	0.01110	0.00870	0.00772	0.00221	0.01505	0.00560	0.00438	0.01007
34	0.01478	0.00739	0.01109	0.01109	0.01109	0.00739	0.00739	0.01109	0.01109	0.01478	0.01478	0.02587	0.01478	0.02956	0.03326	0.75240	0.00739	0.00739	0.00370	0.00370
35	0.02036	0.02035	0.06375	0.03938	0.43188	0.05531	0.02176	0.02508	0.02024	0.05484	0.08196	0.03046	0.07749	0.01001	0.00867	0.00257	0.00933	0.00911	0.00529	0.01217
36	0.03179	0.04056	0.02412	0.02192	0.02631	0.66676	0.01644	0.03398	0.02412	0.02083	0.01315	0.01535	0.01096	0.00877	0.00767	0.00219	0.01535	0.00548	0.00438	0.00987
37	0.06978	0.38050	0.03394	0.01752	0.02344	0.30417	0.01506	0.02910	0.02005	0.02143	0.01240	0.01439	0.01084	0.00795	0.00640	0.00203	0.01163	0.00495	0.00405	0.01037
38	0.02106	0.02022	0.03454	0.05223	0.64784	0.02022	0.02612	0.02612	0.01938	0.02780	0.01601	0.02106	0.01348	0.00758	0.00842	0.00253	0.01011	0.00758	0.00421	0.01348
39	0.02014	0.01928	0.03287	0.16864	0.53866	0.01998	0.02566	0.02531	0.01894	0.02668	0.01584	0.02136	0.01308	0.00775	0.00844	0.00258	0.01034	0.00758	0.00413	0.01273
40	0.03126	0.03043	0.02401	0.02003	0.02552	0.30909	0.01577	0.32962	0.03184	0.03799	0.01758	0.01875	0.01329	0.00956	0.00801	0.00236	0.01174	0.00671	0.04432	0.01210
41	0.76103	0.01646	0.01251	0.01119	0.01646	0.01909	0.00922	0.02502	0.01448	0.03818	0.01185	0.01382	0.00922	0.00790	0.00527	0.00263	0.00658	0.00461	0.00527	0.00922
42	0.01037	0.00741	0.00987	0.01185	0.01234	0.00691	0.00790	0.01185	0.01629	0.02172	0.04690	0.69537	0.05629	0.02666	0.01086	0.00346	0.00494	0.02419	0.00790	0.00691
43	0.76103	0.01646	0.01251	0.01119	0.01646	0.01909	0.00922	0.02502	0.01448	0.03818	0.01185	0.01382	0.00922	0.00790	0.00527	0.00263	0.00658	0.00461	0.00527	0.00922
44	0.01170	0.00797	0.00948	0.01015	0.01031	0.00780	0.00608	0.01220	0.01369	0.01826	0.03358	0.27100	0.03947	0.47397	0.03239	0.00664	0.00714	0.01635	0.00608	0.00575
45	0.03179	0.04056	0.02412	0.02192	0.02631	0.66676	0.01644	0.03398	0.02412	0.02083	0.01315	0.01535	0.01096	0.00877	0.00767	0.00219	0.01535	0.00548	0.00438	0.00987
46	0.01016	0.00821	0.00905	0.00972	0.01178	0.00709	0.00695	0.01209	0.01834	0.02256	0.07287	0.29013	0.44476	0.02329	0.01033	0.00307	0.00452	0.02008	0.00790	0.00709
47	0.01462	0.16866	0.02000	0.01312	0.01569	0.01550	0.01058	0.01706	0.01428	0.01925	0.02098	0.03277	0.02058	0.16165	0.40708	0.01002	0.01713	0.00864	0.00445	0.00794
48	0.01039	0.00779	0.00950	0.01082	0.01195	0.00706	0.00736	0.01198	0.01694	0.02180	0.05668	0.49252	0.21707	0.06081	0.01235	0.00355	0.00494	0.02185	0.00776	0.00689
49	0.02729	0.03335	0.02172	0.02003	0.02376	0.51641	0.01511	0.02968	0.02172	0.02058	0.01536	0.01949	0.01333	0.02139	0.15880	0.00482	0.01705	0.00631	0.00442	0.00935
50	0.05314	0.01905	0.03178	0.17455	0.50319	0.01991	0.02487	0.02520	0.01869	0.02707	0.01565	0.02106	0.01287	0.00778	0.00830	0.00259	0.01020	0.00745	0.00417	0.01249
51	0.03135	0.07275	0.02511	0.02157	0.02609	0.63613	0.01635	0.03357	0.02379	0.02079	0.01309	0.01526	0.01096	0.00870	0.00757	0.00217	0.01504	0.00544	0.00435	0.00992
52	0.01054	0.00864	0.00929	0.00913	0.01179	0.00739	0.00684	0.01314	0.02053	0.02569	0.22120	0.07746	0.50771	0.02055	0.01005	0.00283	0.00424	0.01734	0.00826	0.00739
53	0.01218	0.00902	0.01317	0.01317	0.01451	0.01036	0.01000	0.01487	0.01353	0.01938	0.02326	0.03600	0.02239	0.13736	0.59518	0.01305	0.02112	0.00949	0.00463	0.00732
54	0.01221	0.00889	0.01253	0.01253	0.01366	0.01002	0.00921	0.01446	0.01334	0.01891	0.02384	0.03923	0.02379	0.22972	0.50475	0.01226	0.01901	0.00997	0.00471	0.00696
55	0.76103	0.01646	0.01251	0.01119	0.01646	0.01909	0.00922	0.02502	0.01448	0.03818	0.01185	0.01382	0.00922	0.00790	0.00527	0.00263	0.00658	0.00461	0.00527	0.00922
56	0.01216	0.00912	0.01368	0.01368	0.01520	0.01064	0.01064	0.01520	0.01368	0.01976	0.02279	0.03343	0.02127	0.06382	0.66720	0.01368	0.02279	0.00912	0.00456	0.00760
57	0.01216	0.00912	0.01368	0.01368	0.01520	0.01064	0.01064	0.01520	0.01368	0.01976	0.02279	0.03343	0.02127	0.06382	0.66720	0.01368	0.02279	0.00912	0.00456	0.00760
58	0.01556	0.03639	0.51718	0.02089	0.03137	0.01705	0.02606	0.02378	0.01828	0.02610	0.03056	0.03174	0.14729	0.01099	0.00851	0.00273	0.01080	0.00880	0.00452	0.01142
59	0.03128	0.07800	0.02527	0.02151	0.02606	0.63114	0.01634	0.03350	0.02373	0.02078	0.01308	0.01525	0.01096	0.00869	0.00755	0.00217	0.01500	0.00543	0.00434	0.00993
60	0.02796	0.32245	0.03279	0.01881	0.02442	0.39859	0.01565	0.03038	0.02123	0.02049	0.01259	0.01463	0.01094	0.00814	0.00674	0.00203	0.01270	0.00509	0.00407	0.01031
61	0.01739	0.01201	0.04716	0.01653	0.05268	0.01022	0.01275	0.02058	0.01903	0.13830	0.04057	0.31720	0.04291	0.02074	0.01044	0.00336	0.00693	0.19404	0.00793	0.00923
62	0.01901	0.01813	0.03084	0.31015	0.40594	0.01968	0.02510	0.02432	0.01841	0.02531	0.01565	0.02173	0.01260	0.00796	0.00846	0.00265	0.01062	0.00757	0.00404	0.01183
63	0.03182	0.03977	0.02418	0.02181	0.02631	0.63646	0.01643	0.06168	0.02487	0.02238	0.01350	0.01559	0.01113	0.00884	0.00771	0.00221	0.01506	0.00558	0.00458	0.01008
64	0.76103	0.01646	0.01251	0.01119	0.01646	0.01909	0.00922	0.02502	0.01448	0.03818	0.01185	0.01382	0.00922	0.00790	0.00527	0.00263	0.00658	0.00461	0.00527	0.00922
65	0.01422	0.00776	0.01164	0.01164	0.01197	0.00809	0.00809	0.01197	0.01164	0.01585	0.01651	0.02750	0.01618	0.03695	0.16984	0.59325	0.01071	0.00776	0.00388	0.00454
66	0.76103	0.01646	0.01251	0.01119	0.01646	0.01909	0.00922	0.02502	0.01448	0.03818	0.01185	0.01382	0.00922	0.00790	0.00527	0.00263	0.00658	0.00461	0.00527	0.00922
67	0.01795	0.01819	0.01893	0.01755	0.01932	0.15573	0.01382	0.02052	0.01577	0.02016	0.01790	0.02595	0.01661	0.04011	0.37022	0.00879	0.18172	0.00793	0.00432	0.00850
68	0.01219	0.00844	0.01053	0.01065	0.01110	0.00882	0.00684	0.01312	0.01298	0.01773	0.02697	0.08966	0.02986	0.48303	0.21326	0.00945	0.01205	0.01222	0.00516	0.00594
69	0.01671	0.02955	0.33821	0.02893	0.20710	0.01718	0.02453	0.02354	0.01868	0.02634	0.03077	0.03263	0.14806	0.01084	0.00861	0.00269	0.01009	0.00918	0.00470	0.01167
70	0.01478	0.00739	0.01109	0.01109	0.01109	0.00739	0.00739	0.01109	0.01109	0.01478	0.01478	0.02587	0.01478	0.02956	0.03326	0.75240	0.00739	0.00739	0.00370	0.00370
71	0.02426	0.02357	0.02680	0.18839	0.19899	0.15997	0.02013	0.15939	0.02411	0.03006	0.01672	0.02185	0.01353	0.04397	0.01008	0.00283	0.01128	0.00739	0.00516	0.01152
72	0.02385	0.30718	0.03221	0.16867	0.03088	0.13762	0.01659	0.08124	0.02059	0.05018	0.01523	0.01925	0.01271	0.04050	0.00872	0.00252	0.01061	0.00622	0.00461	0.01061
73	0.03105	0.02734	0.02527	0.02157	0.05571	0.17853	0.01656	0.41928	0.06857	0.04357	0.01928	0.01989	0.01424	0.00982	0.00832	0.00249	0.01068	0.00725	0.00733	0.01327
74	0.34178	0.02068	0.05983	0.02710	0.16081	0.02040	0.15901	0.06315	0.01865	0.03374	0.01473	0.01818	0.01142	0.00781	0.00743	0.00266	0.00967	0.00682	0.00493	0.01117
75	0.03235	0.02384	0.02554	0.01958	0.02639	0.02639	0.01618	0.61946	0.04001	0.05363	0.02043	0.02043	0.01447	0.01022	0.00851	0.00255	0.00936	0.00766	0.00851	0.01447
76	0.02240	0.01866	0.02166	0.02142	0.09448	0.02102	0.01517	0.14943	0.38800	0.03658	0.02862	0.02853	0.02188	0.01598	0.07338	0.00384	0.00920	0.00896	0.00771	0.01308
77	0.01218	0.00902	0.01317	0.01317	0.01451	0.01036	0.01000	0.01487	0.01353	0.01938	0.02326	0.03600	0.02239	0.13736	0.59518	0.01305	0.02112	0.00949	0.00463	0.00732
78	0.01726	0.04270	0.61880	0.02498	0.03731	0.01987	0.06815	0.02697	0.01810	0.02697	0.01539	0.01828	0.01091	0.00803	0.00821	0.00271	0.01269	0.00652	0.00364	0.01251
79	0.76103	0.01646	0.01251	0.01119	0.01646	0.01909	0.00922	0.02502	0.01448	0.03818	0.01185	0.01382	0.00922	0.00790	0.00527	0.00263	0.00658	0.00461	0.00527	0.00922
80	0.02903	0.03589	0.02268	0.02076	0.02483	0.56099	0.01563	0.03234	0.05121	0.02139	0.01527	0.01820	0.01285	0.01525	0.08385	0.00355	0.01581	0.00609	0.00460	0.00977
81	0.01478	0.00739	0.01109	0.01109	0.01109	0.00739	0.00739	0.01109	0.01109	0.01478	0.01478	0.02587	0.01478	0.02956	0.03326	0.75240	0.00739	0.00739	0.00370	0.00370
82	0.01234	0.00946	0.01146	0.01166	0.01362	0.00920	0.00846	0.01777	0.09876	0.02835	0.27509	0.28583	0.14470	0.02052	0.01016	0.00301	0.00473	0.01813	0.00855	0.00821
83	0.02972	0.19305	0.02881	0.02024	0.02529	0.52169	0.01601	0.03203	0.02255	0.02064	0.01285	0.01496	0.01095	0.00843	0.00717	0.00211	0.01392	0.00527	0.00421	0.01011
84	0.03137	0.07163	0.02507	0.02158	0.02610	0.63720	0.01636	0.03359	0.02380	0.02079	0.01309	0.01527	0.01096	0.00870	0.00757	0.00218	0.01506	0.00544	0.00435	0.00991
85	0.01770	0.04918	0.02208	0.02030	0.08044	0.01587	0.07282	0.09212	0.01959	0.02739	0.02495	0.04035	0.02349	0.06258	0.18411	0.00601	0.04279	0.11420	0.07447	0.00957
86	0.01329	0.00966	0.01313	0.01486	0.01692	0.00949	0.01288	0.01701	0.01957	0.02518	0.04981	0.09437	0.11770	0.02328	0.01156	0.00380	0.00743	0.52446	0.00784	0.00776
87	0.02927	0.03677	0.02974	0.02493	0.03022	0.52774	0.14582	0.03253	0.02325	0.02221	0.01403	0.01699	0.01138	0.00843	0.00818	0.00234	0.01513	0.00646	0.00437	0.01021
88	0.76103	0.01646	0.01251	0.01119	0.01646	0.01909	0.00922	0.02502	0.01448	0.03818	0.01185	0.01382	0.00922	0.00790	0.00527	0.00263	0.00658	0.00461	0.00527	0.00922
89	0.02235	0.02309	0.03156	0.04507	0.51323	0.12831	0.02356	0.02678	0.02018	0.02640	0.01885	0.02298	0.04291	0.00844	0.00838	0.00249	0.01072	0.00772	0.00442	0.01257
90	0.76103	0.01646	0.01251	0.01119	0.01646	0.01909	0.00922	0.02502	0.01448	0.03818	0.01185	0.01382	0.00922	0.00790	0.00527	0.00263	0.00658	0.00461	0.00527	0.00922
91	0.01540	0.01296	0.01754	0.02148	0.15177	0.01315	0.01345	0.02287	0.14107	0.02810	0.12422	0.17221	0.12764	0.01718	0.00978	0.00301	0.00654	0.08425	0.00745	0.00993
92	0.01216	0.00912	0.01368	0.01368	0.01520	0.01064	0.01064	0.01520	0.01368	0.01976	0.02279	0.03343	0.02127	0.06382	0.66720	0.01368	0.02279	0.00912	0.00456	0.00760
93	0.01896	0.01749	0.02751	0.07692	0.42862	0.01754	0.02085	0.05987	0.02054	0.02796	0.03232	0.03506	0.15798	0.01100	0.00881	0.00263	0.00881	0.00996	0.00530	0.01186
94	0.03193	0.03651	0.02446	0.02136	0.02633	0.51161	0.01638	0.17584	0.02797	0.02878	0.01492	0.01658	0.01181	0.00912	0.00788	0.00228	0.01390	0.00601	0.00539	0.01098
95	0.02031	0.01945	0.03318	0.14721	0.55876	0.02002	0.02574	0.02546	0.01902	0.02689	0.01587	0.02131	0.01316	0.00772	0.00844	0.00257	0.01030	0.00758	0.00415	0.01287

[dist]
# distance from previous block
# <min> <max>
0	6

[block]
# block no. 5 follows, 21 sequences, length 30
# corresponding to MSA columns:
# 197-226
name=unknown_F
#
# <colnr> <probs for GDERKNQSTAVLIFYWHMCP>
#	G	D	E	R	K	N	Q	S	T	A	V	L	I	F	Y	W	H	M	C	P
0	0.02537	0.02743	0.02416	0.02624	0.15840	0.29283	0.01709	0.08423	0.11096	0.02748	0.02265	0.02468	0.05370	0.01343	0.05135	0.00319	0.01224	0.00773	0.00556	0.01127
1	0.01291	0.00843	0.01022	0.01019	0.01100	0.00877	0.00677	0.01453	0.01420	0.02077	0.05538	0.04649	0.02936	0.39337	0.18715	0.00822	0.01085	0.01096	0.13409	0.00637
2	0.01579	0.01267	0.01387	0.01320	0.01652	0.01304	0.01018	0.09439	0.16864	0.02972	0.05540	0.17353	0.26495	0.01885	0.00982	0.00303	0.00591	0.06275	0.00815	0.00959
3	0.01230	0.00854	0.01073	0.01073	0.01123	0.00904	0.00696	0.01331	0.01280	0.01757	0.02549	0.04835	0.02775	0.49087	0.24901	0.01004	0.01305	0.01130	0.00496	0.00596
4	0.02092	0.49290	0.24170	0.01768	0.02667	0.02919	0.02000	0.02596	0.01751	0.02225	0.01294	0.01504	0.01088	0.00754	0.00631	0.00210	0.01022	0.00511	0.00363	0.01145
5	0.76103	0.01646	0.01251	0.01119	0.01646	0.01909	0.00922	0.02502	0.01448	0.03818	0.01185	0.01382	0.00922	0.00790	0.00527	0.00263	0.00658	0.00461	0.00527	0.00922
6	0.02632	0.42773	0.03586	0.01701	0.02305	0.19988	0.01510	0.02891	0.01951	0.07753	0.01411	0.01577	0.01186	0.00840	0.00759	0.00210	0.04862	0.00532	0.00447	0.01087
7	0.01238	0.00825	0.00928	0.00928	0.00928	0.00825	0.00516	0.01238	0.01238	0.01650	0.02681	0.05569	0.03094	0.70092	0.04331	0.00825	0.00825	0.01238	0.00516	0.00516
8	0.01398	0.01180	0.01718	0.01613	0.01722	0.01500	0.01289	0.01669	0.01349	0.01996	0.01951	0.02924	0.01842	0.04999	0.48644	0.01086	0.21014	0.00865	0.00432	0.00808
9	0.02823	0.03218	0.02221	0.02036	0.02458	0.45053	0.01586	0.10777	0.02530	0.02608	0.02052	0.03221	0.01906	0.01192	0.00860	0.00259	0.01305	0.12326	0.00562	0.01006
10	0.03179	0.04056	0.02412	0.02192	0.02631	0.66676	0.01644	0.03398	0.02412	0.02083	0.01315	0.01535	0.01096	0.00877	0.00767	0.00219	0.01535	0.00548	0.00438	0.00987
11	0.01875	0.01745	0.02921	0.04351	0.51049	0.01734	0.02218	0.02303	0.01871	0.02649	0.02268	0.16679	0.02273	0.01171	0.00895	0.00273	0.00899	0.01117	0.00501	0.01206
12	0.01238	0.00825	0.00928	0.00928	0.00928	0.00825	0.00516	0.01238	0.01238	0.01650	0.02681	0.05569	0.03094	0.70092	0.04331	0.00825	0.00825	0.01238	0.00516	0.00516
13	0.01091	0.00830	0.01010	0.01086	0.01261	0.00750	0.00796	0.01336	0.01925	0.02505	0.18287	0.30184	0.26129	0.02273	0.01050	0.00314	0.00480	0.07143	0.00820	0.00732
14	0.03179	0.04056	0.02412	0.02192	0.02631	0.66676	0.01644	0.03398	0.02412	0.02083	0.01315	0.01535	0.01096	0.00877	0.00767	0.00219	0.01535	0.00548	0.00438	0.00987
15	0.02758	0.02065	0.02380	0.01852	0.02407	0.02245	0.05099	0.46105	0.03323	0.04455	0.02152	0.02767	0.01768	0.14873	0.01560	0.00372	0.00945	0.00876	0.00758	0.01242
16	0.02486	0.02237	0.02340	0.02489	0.15711	0.14916	0.01637	0.21370	0.02584	0.03383	0.01921	0.02281	0.01542	0.01747	0.10815	0.00410	0.01216	0.00746	0.09017	0.01155
17	0.59999	0.01462	0.01152	0.01049	0.01504	0.01668	0.00851	0.02389	0.01521	0.03679	0.01529	0.01769	0.01194	0.00834	0.00541	0.00249	0.00602	0.00533	0.16582	0.00894
18	0.01707	0.04402	0.65683	0.02426	0.03683	0.01976	0.03144	0.02695	0.01797	0.02695	0.01527	0.01797	0.01078	0.00809	0.00809	0.00270	0.01258	0.00629	0.00359	0.01258
19	0.01478	0.00739	0.01109	0.01109	0.01109	0.00739	0.00739	0.01109	0.01109	0.01478	0.01478	0.02587	0.01478	0.02956	0.03326	0.75240	0.00739	0.00739	0.00370	0.00370
20	0.01048	0.00870	0.00920	0.00927	0.01201	0.00743	0.00708	0.01292	0.01983	0.02416	0.13386	0.08117	0.55446	0.02131	0.01017	0.00292	0.00451	0.05519	0.00803	0.00730
21	0.02378	0.63045	0.04227	0.01540	0.02235	0.10558	0.01478	0.02645	0.01807	0.02011	0.01198	0.01384	0.01093	0.00745	0.00571	0.00186	0.00981	0.00466	0.00372	0.01080
22	0.01099	0.00866	0.00991	0.00960	0.01207	0.00758	0.00720	0.01402	0.02160	0.02822	0.34778	0.07329	0.37955	0.01960	0.01005	0.00278	0.00417	0.01675	0.00859	0.00758
23	0.01098	0.00830	0.00956	0.00985	0.01146	0.00751	0.00681	0.01291	0.01820	0.02354	0.17279	0.20561	0.28365	0.16042	0.01701	0.00406	0.00519	0.01767	0.00762	0.00687
24	0.02107	0.03580	0.46927	0.02268	0.03366	0.01810	0.06293	0.02926	0.01923	0.13940	0.01867	0.02023	0.01286	0.00837	0.00819	0.00261	0.01138	0.00686	0.00496	0.05448
25	0.01103	0.00848	0.01026	0.01140	0.01324	0.00770	0.00867	0.01336	0.01836	0.02313	0.06286	0.29842	0.29976	0.02379	0.01074	0.00332	0.00536	0.15499	0.00789	0.00724
26	0.01707	0.04402	0.65683	0.02426	0.03683	0.01976	0.03144	0.02695	0.01797	0.02695	0.01527	0.01797	0.01078	0.00809	0.00809	0.00270	0.01258	0.00629	0.00359	0.01258
27	0.01811	0.02292	0.17078	0.09474	0.31941	0.01774	0.02442	0.02408	0.01889	0.02656	0.02204	0.03670	0.02034	0.01122	0.00907	0.00289	0.01029	0.13328	0.00482	0.01169
28	0.02304	0.03176	0.17702	0.09288	0.25528	0.22326	0.02411	0.02839	0.02032	0.02486	0.01486	0.01868	0.01186	0.00816	0.00812	0.00249	0.01245	0.00662	0.00408	0.01177
29	0.02589	0.02901	0.02456	0.02707	0.17056	0.34762	0.01739	0.08168	0.02318	0.02552	0.02128	0.02412	0.06465	0.01428	0.06334	0.00332	0.01329	0.00750	0.00502	0.01072

[dist]
# distance from previous block
# <min> <max>
0	1

[block]
# block no. 6 follows, 21 sequences, length 6
# corresponding to MSA columns:
# 228-233
name=unknown_G
#
# <colnr> <probs for GDERKNQSTAVLIFYWHMCP>
#	G	D	E	R	K	N	Q	S	T	A	V	L	I	F	Y	W	H	M	C	P
0	0.02432	0.02344	0.02832	0.03433	0.30335	0.12948	0.02039	0.14074	0.05925	0.03099	0.01748	0.02113	0.01425	0.01231	0.04761	0.00323	0.06423	0.00744	0.00530	0.01240
1	0.02190	0.02136	0.02805	0.03748	0.38679	0.09415	0.02065	0.06435	0.10706	0.02918	0.02559	0.02796	0.07826	0.00984	0.00854	0.00258	0.00962	0.00867	0.00549	0.01249
2	0.02009	0.02130	0.02176	0.01924	0.02237	0.19961	0.07401	0.02489	0.06761	0.02534	0.13210	0.08780	0.03210	0.01695	0.04813	0.00350	0.10536	0.06238	0.00609	0.00937
3	0.02980	0.02720	0.02237	0.01913	0.02430	0.27206	0.01497	0.17353	0.13533	0.11975	0.02210	0.02241	0.01646	0.01303	0.04628	0.00313	0.01171	0.00737	0.00699	0.01210
4	0.01441	0.01356	0.01351	0.08825	0.01937	0.10116	0.01061	0.01669	0.01819	0.02167	0.04760	0.22715	0.21243	0.09609	0.01363	0.00361	0.00754	0.06035	0.00663	0.00757
5	0.01590	0.01599	0.01342	0.01324	0.01561	0.16586	0.00967	0.01838	0.02097	0.02513	0.20816	0.22412	0.18391	0.01872	0.00969	0.00281	0.00705	0.01593	0.00745	0.00798

[dist]
# distance from previous block
# <min> <max>
5	27

[block]
# block no. 7 follows, 21 sequences, length 44
# corresponding to MSA columns:
# 261-304
name=unknown_H
#
# <colnr> <probs for GDERKNQSTAVLIFYWHMCP>
#	G	D	E	R	K	N	Q	S	T	A	V	L	I	F	Y	W	H	M	C	P
0	0.06638	0.17546	0.02457	0.01751	0.02188	0.29307	0.01448	0.02645	0.02070	0.02294	0.02418	0.03853	0.04818	0.01274	0.00820	0.00261	0.01106	0.15632	0.00531	0.00942
1	0.01017	0.00863	0.00878	0.00874	0.01157	0.00723	0.00656	0.01244	0.01967	0.02364	0.11880	0.08083	0.61139	0.02131	0.01006	0.00286	0.00429	0.01781	0.00799	0.00723
2	0.01913	0.36604	0.03119	0.01542	0.01984	0.05397	0.01374	0.02184	0.01592	0.02002	0.01555	0.02098	0.01447	0.02739	0.23303	0.00607	0.08538	0.00645	0.00400	0.00957
3	0.01045	0.00747	0.00995	0.01179	0.01236	0.00697	0.00791	0.01205	0.01667	0.02232	0.07541	0.66517	0.05743	0.02622	0.01082	0.00342	0.00489	0.02377	0.00797	0.00697
4	0.01053	0.00864	0.00928	0.00912	0.01178	0.00739	0.00684	0.01313	0.02051	0.02564	0.21877	0.07754	0.51017	0.02056	0.01005	0.00283	0.00424	0.01735	0.00825	0.00739
5	0.01164	0.00815	0.00895	0.00941	0.01141	0.00735	0.00681	0.01417	0.01853	0.02545	0.09734	0.22483	0.31122	0.01982	0.00928	0.00280	0.00437	0.01700	0.18412	0.00735
6	0.01037	0.00741	0.00987	0.01185	0.01234	0.00691	0.00790	0.01185	0.01629	0.02172	0.04690	0.69537	0.05629	0.02666	0.01086	0.00346	0.00494	0.02419	0.00790	0.00691
7	0.01837	0.01556	0.01804	0.01295	0.02047	0.01209	0.01038	0.05093	0.01875	0.02901	0.01539	0.01778	0.01270	0.00650	0.00641	0.00132	0.00645	0.00517	0.00521	0.71652
8	0.01238	0.00825	0.00928	0.00928	0.00928	0.00825	0.00516	0.01238	0.01238	0.01650	0.02681	0.05569	0.03094	0.70092	0.04331	0.00825	0.00825	0.01238	0.00516	0.00516
9	0.02652	0.42838	0.03605	0.01763	0.02371	0.29782	0.01535	0.02903	0.02014	0.02036	0.01238	0.01436	0.01094	0.00790	0.00638	0.00198	0.01171	0.00494	0.00395	0.01048
10	0.01238	0.00825	0.00928	0.00928	0.00928	0.00825	0.00516	0.01238	0.01238	0.01650	0.02681	0.05569	0.03094	0.70092	0.04331	0.00825	0.00825	0.01238	0.00516	0.00516
11	0.01050	0.00797	0.00972	0.01093	0.01233	0.00719	0.00771	0.01243	0.01781	0.02290	0.08789	0.44037	0.24608	0.02443	0.01061	0.00325	0.00483	0.04797	0.00797	0.00710
12	0.02106	0.02022	0.03454	0.05223	0.64784	0.02022	0.02612	0.02612	0.01938	0.02780	0.01601	0.02106	0.01348	0.00758	0.00842	0.00253	0.01011	0.00758	0.00421	0.01348
13	0.05621	0.05694	0.01566	0.01255	0.01618	0.05101	0.00985	0.09511	0.02320	0.06706	0.21062	0.11008	0.21019	0.01644	0.00916	0.00270	0.00617	0.01370	0.00792	0.00924
14	0.02658	0.03189	0.02489	0.02209	0.02474	0.41348	0.01730	0.02864	0.01973	0.02069	0.01237	0.01664	0.01104	0.01119	0.01568	0.00280	0.28022	0.00626	0.00412	0.00965
15	0.01073	0.00756	0.00977	0.01139	0.01180	0.00715	0.00741	0.01194	0.01559	0.02079	0.04332	0.58110	0.05176	0.14711	0.01666	0.00431	0.00553	0.02208	0.00741	0.00660
16	0.02101	0.02036	0.03536	0.05138	0.61648	0.02029	0.05682	0.02618	0.01941	0.02777	0.01607	0.02116	0.01345	0.00756	0.00851	0.00255	0.01033	0.00771	0.00422	0.01338
17	0.02115	0.02076	0.03378	0.04843	0.56356	0.04876	0.05122	0.02612	0.01963	0.02736	0.01730	0.02443	0.01502	0.00837	0.00862	0.00259	0.01042	0.03512	0.00440	0.01296
18	0.01054	0.00871	0.00913	0.00931	0.01192	0.00749	0.00705	0.01272	0.01897	0.02281	0.07867	0.08155	0.55078	0.06445	0.01231	0.00331	0.00488	0.07054	0.00772	0.00712
19	0.03666	0.01415	0.01926	0.01488	0.02120	0.01225	0.01225	0.03999	0.02434	0.61762	0.06911	0.03098	0.02452	0.01093	0.00864	0.00264	0.00705	0.00896	0.01047	0.01411
20	0.02578	0.29526	0.06895	0.01837	0.02458	0.17179	0.01639	0.13505	0.07772	0.02803	0.01587	0.01740	0.01292	0.00901	0.00824	0.00229	0.04964	0.00604	0.00513	0.01155
21	0.01308	0.01029	0.01262	0.01296	0.01511	0.01073	0.00978	0.01955	0.13146	0.02501	0.07438	0.23608	0.14875	0.03036	0.15395	0.00549	0.00927	0.06531	0.00737	0.00846
22	0.01006	0.00862	0.00862	0.00862	0.01149	0.00718	0.00647	0.01221	0.01940	0.02299	0.08621	0.08190	0.64438	0.02155	0.01006	0.00287	0.00431	0.01796	0.00790	0.00718
23	0.02106	0.02022	0.03454	0.05223	0.64784	0.02022	0.02612	0.02612	0.01938	0.02780	0.01601	0.02106	0.01348	0.00758	0.00842	0.00253	0.01011	0.00758	0.00421	0.01348
24	0.01406	0.01207	0.01561	0.01509	0.01663	0.05348	0.01182	0.01692	0.01427	0.01990	0.02099	0.03077	0.01959	0.05532	0.55986	0.01193	0.09059	0.00872	0.00446	0.00792
25	0.02812	0.03094	0.02798	0.03219	0.24394	0.34482	0.01979	0.11860	0.02483	0.02817	0.01524	0.01811	0.01237	0.00857	0.00806	0.00236	0.01262	0.00654	0.00494	0.01182
26	0.01224	0.00877	0.01191	0.01191	0.01282	0.00968	0.00843	0.01406	0.01315	0.01845	0.02441	0.04238	0.02516	0.31991	0.41643	0.01150	0.01695	0.01043	0.00480	0.00662
27	0.03097	0.10113	0.02598	0.02125	0.02590	0.60914	0.01627	0.03321	0.02350	0.02075	0.01303	0.01519	0.01096	0.00863	0.00747	0.00216	0.01478	0.00540	0.00432	0.00996
28	0.02106	0.02022	0.03454	0.05223	0.64784	0.02022	0.02612	0.02612	0.01938	0.02780	0.01601	0.02106	0.01348	0.00758	0.00842	0.00253	0.01011	0.00758	0.00421	0.01348
29	0.01104	0.00866	0.00998	0.00965	0.01210	0.00760	0.00724	0.01412	0.02172	0.02850	0.36179	0.07283	0.36536	0.01950	0.01005	0.00278	0.00416	0.01669	0.00863	0.00760
30	0.01765	0.01513	0.01765	0.01260	0.02017	0.01134	0.01008	0.02143	0.01765	0.02773	0.01513	0.01765	0.01260	0.00630	0.00630	0.00126	0.00630	0.00504	0.00504	0.75295
31	0.01238	0.00825	0.00928	0.00928	0.00928	0.00825	0.00516	0.01238	0.01238	0.01650	0.02681	0.05569	0.03094	0.70092	0.04331	0.00825	0.00825	0.01238	0.00516	0.00516
32	0.01068	0.00827	0.00905	0.00948	0.01115	0.00738	0.00647	0.01217	0.01705	0.02117	0.06348	0.20989	0.36976	0.18431	0.01815	0.00428	0.00539	0.01800	0.00725	0.00664
