[name]
unknown

[dist]
# distance from previous block
# <min> <max>
0	0

[block]
# block no. 0 follows, 22 sequences, length 100
# corresponding to MSA columns:
# 0-99
name=unknown_A
#
# <colnr> <probs for GDERKNQSTAVLIFYWHMCP>
#	G	D	E	R	K	N	Q	S	T	A	V	L	I	F	Y	W	H	M	C	P
0	0.01339	0.00956	0.01339	0.01530	0.01721	0.00956	0.01339	0.01721	0.01912	0.02486	0.04399	0.09371	0.04781	0.02295	0.01147	0.00382	0.00765	0.60031	0.00765	0.00765
1	0.01178	0.00976	0.00991	0.00938	0.01253	0.00871	0.00717	0.06758	0.02075	0.02514	0.07836	0.07453	0.59520	0.02004	0.00968	0.00278	0.00465	0.01663	0.00777	0.00766
2	0.05958	0.44151	0.17984	0.01709	0.02491	0.11012	0.01791	0.02622	0.01773	0.02207	0.01247	0.01450	0.01055	0.00750	0.00617	0.00206	0.01030	0.00494	0.00372	0.01081
3	0.02066	0.01785	0.01878	0.01691	0.02160	0.02066	0.01315	0.04414	0.64121	0.03475	0.03381	0.03099	0.02536	0.01127	0.00845	0.00282	0.00657	0.00939	0.00845	0.01315
4	0.01203	0.00825	0.01006	0.01006	0.01040	0.00859	0.00627	0.01272	0.01238	0.01684	0.02527	0.04933	0.02801	0.55830	0.18903	0.00928	0.01135	0.01134	0.00490	0.00559
5	0.00982	0.00842	0.00842	0.00842	0.01122	0.00701	0.00631	0.01192	0.01894	0.02244	0.08416	0.07995	0.65285	0.02104	0.00982	0.00281	0.00421	0.01753	0.00771	0.00701
6	0.01187	0.00890	0.01335	0.01335	0.01483	0.01038	0.01038	0.01483	0.01335	0.01928	0.02225	0.03264	0.02077	0.06231	0.67512	0.01335	0.02225	0.00890	0.00445	0.00742
7	0.01443	0.00722	0.01082	0.01082	0.01082	0.00722	0.00722	0.01082	0.01082	0.01443	0.01443	0.02525	0.01443	0.02886	0.03247	0.75830	0.00722	0.00722	0.00361	0.00361
8	0.03106	0.03882	0.02361	0.02129	0.02569	0.64401	0.01604	0.06132	0.02428	0.02185	0.01318	0.01522	0.01086	0.00863	0.00753	0.00216	0.01471	0.00545	0.00447	0.00984
9	0.01208	0.00805	0.00906	0.00906	0.00906	0.00805	0.00503	0.01208	0.01208	0.01611	0.02618	0.05436	0.03020	0.70804	0.04228	0.00805	0.00805	0.01208	0.00503	0.00503
10	0.01794	0.01706	0.02899	0.39352	0.33417	0.01905	0.02419	0.02320	0.01768	0.02396	0.01516	0.02141	0.01204	0.00789	0.00827	0.00263	0.01052	0.00739	0.00389	0.01105
11	0.76672	0.01607	0.01221	0.01092	0.01607	0.01864	0.00900	0.02442	0.01414	0.03727	0.01157	0.01350	0.00900	0.00771	0.00514	0.00257	0.00643	0.00450	0.00514	0.00900
12	0.03155	0.02409	0.02486	0.01923	0.02576	0.05845	0.01580	0.59853	0.03828	0.05074	0.01959	0.01970	0.01396	0.00990	0.00827	0.00248	0.00944	0.00737	0.00811	0.01390
13	0.01946	0.01861	0.03173	0.19493	0.52089	0.01945	0.02495	0.02453	0.01840	0.02580	0.01543	0.02092	0.01269	0.00761	0.00824	0.00254	0.01014	0.00740	0.00402	0.01227
14	0.76672	0.01607	0.01221	0.01092	0.01607	0.01864	0.00900	0.02442	0.01414	0.03727	0.01157	0.01350	0.00900	0.00771	0.00514	0.00257	0.00643	0.00450	0.00514	0.00900
15	0.13477	0.09172	0.02401	0.13984	0.02960	0.37294	0.01612	0.05588	0.02102	0.02434	0.01321	0.01614	0.01067	0.00832	0.00714	0.00230	0.01221	0.00561	0.00442	0.00976
16	0.16014	0.01600	0.01818	0.01493	0.02065	0.01643	0.01210	0.06847	0.19907	0.34260	0.02870	0.02604	0.01958	0.01010	0.00782	0.00264	0.00692	0.00793	0.00876	0.01295
17	0.03103	0.03959	0.02354	0.02140	0.02568	0.67469	0.01605	0.03317	0.02354	0.02033	0.01284	0.01498	0.01070	0.00856	0.00749	0.00214	0.01498	0.00535	0.00428	0.00963
18	0.01000	0.00842	0.00866	0.00860	0.01133	0.00709	0.00645	0.01226	0.01935	0.02343	0.13591	0.07832	0.60048	0.02067	0.00982	0.00279	0.00418	0.01730	0.00784	0.00709
19	0.01012	0.00723	0.00964	0.01157	0.01205	0.00675	0.00771	0.01157	0.01591	0.02121	0.04579	0.70262	0.05495	0.02603	0.01060	0.00337	0.00482	0.02362	0.00771	0.00675
20	0.01569	0.01477	0.02492	0.68808	0.05722	0.01846	0.02307	0.02123	0.01661	0.02123	0.01477	0.02215	0.01107	0.00831	0.00831	0.00277	0.01107	0.00738	0.00369	0.00923
21	0.00984	0.00835	0.00848	0.00859	0.01127	0.00700	0.00639	0.01190	0.01877	0.02237	0.08204	0.11435	0.61982	0.02131	0.00986	0.00284	0.00424	0.01787	0.00771	0.00700
22	0.03158	0.02327	0.02493	0.01911	0.02576	0.02576	0.01579	0.62852	0.03906	0.05236	0.01995	0.01995	0.01413	0.00997	0.00831	0.00249	0.00914	0.00748	0.00831	0.01413
23	0.01012	0.00723	0.00964	0.01157	0.01205	0.00675	0.00771	0.01157	0.01591	0.02121	0.04579	0.70262	0.05495	0.02603	0.01060	0.00337	0.00482	0.02362	0.00771	0.00675
24	0.01723	0.01477	0.01723	0.01230	0.01969	0.01107	0.00984	0.02092	0.01723	0.02707	0.01477	0.01723	0.01230	0.00615	0.00615	0.00123	0.00615	0.00492	0.00492	0.75883
25	0.01549	0.00774	0.00774	0.00774	0.00968	0.00774	0.00581	0.01936	0.01742	0.03097	0.02710	0.03097	0.02129	0.00968	0.00581	0.00194	0.00387	0.00774	0.75416	0.00774
26	0.03158	0.02327	0.02493	0.01911	0.02576	0.02576	0.01579	0.62852	0.03906	0.05236	0.01995	0.01995	0.01413	0.00997	0.00831	0.00249	0.00914	0.00748	0.00831	0.01413
27	0.01187	0.00890	0.01335	0.01335	0.01483	0.01038	0.01038	0.01483	0.01335	0.01928	0.02225	0.03264	0.02077	0.06231	0.67512	0.01335	0.02225	0.00890	0.00445	0.00742
28	0.07461	0.03603	0.02306	0.02048	0.02512	0.54962	0.01560	0.11181	0.02505	0.02559	0.01371	0.01555	0.01106	0.00870	0.00746	0.00221	0.01370	0.00558	0.00487	0.01019
29	0.02066	0.01785	0.01878	0.01691	0.02160	0.02066	0.01315	0.04414	0.64121	0.03475	0.03381	0.03099	0.02536	0.01127	0.00845	0.00282	0.00657	0.00939	0.00845	0.01315
30	0.00982	0.00842	0.00842	0.00842	0.01122	0.00701	0.00631	0.01192	0.01894	0.02244	0.08416	0.07995	0.65285	0.02104	0.00982	0.00281	0.00421	0.01753	0.00771	0.00701
31	0.02056	0.01974	0.03372	0.05099	0.65622	0.01974	0.02550	0.02550	0.01892	0.02714	0.01563	0.02056	0.01316	0.00740	0.00822	0.00247	0.00987	0.00740	0.00411	0.01316
32	0.02293	0.02423	0.03142	0.04430	0.51356	0.16792	0.02336	0.02723	0.01996	0.02560	0.01500	0.01930	0.01260	0.00766	0.00806	0.00239	0.01103	0.00694	0.00415	0.01236
33	0.02056	0.01974	0.03372	0.05099	0.65622	0.01974	0.02550	0.02550	0.01892	0.02714	0.01563	0.02056	0.01316	0.00740	0.00822	0.00247	0.00987	0.00740	0.00411	0.01316
34	0.00982	0.00842	0.00842	0.00842	0.01122	0.00701	0.00631	0.01192	0.01894	0.02244	0.08416	0.07995	0.65285	0.02104	0.00982	0.00281	0.00421	0.01753	0.00771	0.00701
35	0.01070	0.00776	0.01022	0.01198	0.01293	0.00729	0.00863	0.01264	0.01676	0.02199	0.04878	0.53673	0.10547	0.02503	0.01070	0.00341	0.00529	0.12907	0.00770	0.00694
36	0.01697	0.07999	0.63067	0.02316	0.03515	0.02004	0.02978	0.02623	0.01750	0.02594	0.01472	0.01731	0.01053	0.00785	0.00775	0.00258	0.01209	0.00605	0.00351	0.01219
37	0.01520	0.01207	0.07088	0.01247	0.01562	0.00920	0.01045	0.01899	0.02129	0.11307	0.37557	0.19829	0.05932	0.01732	0.00962	0.00278	0.00529	0.01528	0.00846	0.00883
38	0.02412	0.01583	0.01783	0.01543	0.02040	0.01689	0.01217	0.03975	0.40502	0.20697	0.03882	0.03539	0.08998	0.01202	0.00857	0.00275	0.00646	0.00996	0.00888	0.01278
39	0.03103	0.03959	0.02354	0.02140	0.02568	0.67469	0.01605	0.03317	0.02354	0.02033	0.01284	0.01498	0.01070	0.00856	0.00749	0.00214	0.01498	0.00535	0.00428	0.00963
40	0.01005	0.00750	0.00936	0.01086	0.01186	0.00681	0.00740	0.01165	0.01659	0.02149	0.05446	0.56194	0.19003	0.02490	0.01043	0.00325	0.00468	0.02224	0.00771	0.00681
41	0.02728	0.03495	0.06190	0.02163	0.02541	0.48925	0.01740	0.02979	0.02074	0.02061	0.01253	0.01585	0.01074	0.00987	0.01198	0.00251	0.16797	0.00583	0.00409	0.00966
42	0.01005	0.00750	0.00936	0.01086	0.01186	0.00681	0.00740	0.01165	0.01659	0.02149	0.05446	0.56194	0.19003	0.02490	0.01043	0.00325	0.00468	0.02224	0.00771	0.00681
43	0.01894	0.02705	0.18819	0.03245	0.04173	0.02062	0.49154	0.02654	0.01914	0.02654	0.01638	0.02131	0.01213	0.00720	0.00937	0.00276	0.01362	0.00898	0.00404	0.01145
44	0.03106	0.03877	0.02361	0.02129	0.02569	0.64200	0.01604	0.06316	0.02432	0.02194	0.01320	0.01523	0.01087	0.00863	0.00753	0.00216	0.01469	0.00546	0.00448	0.00986
45	0.03130	0.03147	0.02423	0.02026	0.02572	0.35170	0.01592	0.32950	0.03127	0.03627	0.01638	0.01745	0.01241	0.00926	0.00790	0.00232	0.01207	0.00641	0.00629	0.01187
46	0.01012	0.00723	0.00964	0.01157	0.01205	0.00675	0.00771	0.01157	0.01591	0.02121	0.04579	0.70262	0.05495	0.02603	0.01060	0.00337	0.00482	0.02362	0.00771	0.00675
47	0.02221	0.71304	0.04353	0.01421	0.02132	0.03287	0.01421	0.02488	0.01688	0.01955	0.01155	0.01333	0.01066	0.00711	0.00533	0.00178	0.00888	0.00444	0.00355	0.01066
48	0.00997	0.00842	0.00863	0.00858	0.01131	0.00708	0.00643	0.01222	0.01930	0.02330	0.12897	0.07854	0.60751	0.02072	0.00982	0.00279	0.00419	0.01733	0.00783	0.00708
49	0.01012	0.00723	0.00964	0.01157	0.01205	0.00675	0.00771	0.01157	0.01591	0.02121	0.04579	0.70262	0.05495	0.02603	0.01060	0.00337	0.00482	0.02362	0.00771	0.00675
50	0.01012	0.00723	0.00964	0.01157	0.01205	0.00675	0.00771	0.01157	0.01591	0.02121	0.04579	0.70262	0.05495	0.02603	0.01060	0.00337	0.00482	0.02362	0.00771	0.00675
51	0.01187	0.00890	0.01335	0.01335	0.01483	0.01038	0.01038	0.01483	0.01335	0.01928	0.02225	0.03264	0.02077	0.06231	0.67512	0.01335	0.02225	0.00890	0.00445	0.00742
52	0.01761	0.01734	0.02435	0.02105	0.02118	0.02409	0.01747	0.01953	0.01278	0.01993	0.01193	0.01948	0.01180	0.01885	0.08574	0.00451	0.63231	0.00742	0.00371	0.00894
53	0.03103	0.03959	0.02354	0.02140	0.02568	0.67469	0.01605	0.03317	0.02354	0.02033	0.01284	0.01498	0.01070	0.00856	0.00749	0.00214	0.01498	0.00535	0.00428	0.00963
54	0.03103	0.03959	0.02354	0.02140	0.02568	0.67469	0.01605	0.03317	0.02354	0.02033	0.01284	0.01498	0.01070	0.00856	0.00749	0.00214	0.01498	0.00535	0.00428	0.00963
55	0.01747	0.01950	0.08427	0.47480	0.16613	0.05198	0.02386	0.02309	0.01748	0.02275	0.01484	0.02107	0.01140	0.00811	0.00821	0.00267	0.01115	0.00717	0.00378	0.01026
56	0.01113	0.00847	0.01023	0.00979	0.01202	0.00757	0.00734	0.01445	0.02202	0.02978	0.46707	0.06788	0.26536	0.01830	0.00980	0.00268	0.00401	0.01584	0.00868	0.00757
57	0.01012	0.00723	0.00964	0.01157	0.01205	0.00675	0.00771	0.01157	0.01591	0.02121	0.04579	0.70262	0.05495	0.02603	0.01060	0.00337	0.00482	0.02362	0.00771	0.00675
58	0.03146	0.02696	0.02462	0.01963	0.02574	0.17258	0.01585	0.49382	0.03555	0.04511	0.01834	0.01882	0.01335	0.00965	0.00812	0.00241	0.01046	0.00700	0.00740	0.01311
59	0.01666	0.04297	0.66500	0.02368	0.03596	0.01929	0.03069	0.02631	0.01754	0.02631	0.01491	0.01754	0.01052	0.00789	0.00789	0.00263	0.01228	0.00614	0.00351	0.01228
60	0.01224	0.00945	0.01407	0.01385	0.01525	0.01127	0.01084	0.01514	0.01331	0.01933	0.02158	0.03178	0.02019	0.05948	0.63681	0.01278	0.06191	0.00880	0.00440	0.00752
61	0.01666	0.04297	0.66500	0.02368	0.03596	0.01929	0.03069	0.02631	0.01754	0.02631	0.01491	0.01754	0.01052	0.00789	0.00789	0.00263	0.01228	0.00614	0.00351	0.01228
62	0.03158	0.02327	0.02493	0.01911	0.02576	0.02576	0.01579	0.62852	0.03906	0.05236	0.01995	0.01995	0.01413	0.00997	0.00831	0.00249	0.00914	0.00748	0.00831	0.01413
63	0.00982	0.00842	0.00842	0.00842	0.01122	0.00701	0.00631	0.01192	0.01894	0.02244	0.08416	0.07995	0.65285	0.02104	0.00982	0.00281	0.00421	0.01753	0.00771	0.00701
64	0.01740	0.01801	0.03350	0.02594	0.03012	0.02001	0.29455	0.02185	0.01602	0.02286	0.01617	0.02338	0.01391	0.02190	0.16585	0.00545	0.23051	0.00880	0.00408	0.00968
65	0.02723	0.03287	0.02356	0.02110	0.02445	0.47130	0.01628	0.03115	0.07465	0.02151	0.01422	0.01709	0.01202	0.01015	0.01204	0.00254	0.16740	0.00613	0.00450	0.00981
66	0.13368	0.03415	0.42437	0.02426	0.03456	0.01958	0.16203	0.02608	0.01748	0.02808	0.01482	0.01801	0.01076	0.00766	0.00790	0.00266	0.01176	0.00671	0.00392	0.01153
67	0.01339	0.00956	0.01339	0.01530	0.01721	0.00956	0.01339	0.01721	0.01912	0.02486	0.04399	0.09371	0.04781	0.02295	0.01147	0.00382	0.00765	0.60031	0.00765	0.00765
68	0.01075	0.00753	0.00956	0.01081	0.01124	0.00717	0.00698	0.01194	0.01527	0.02046	0.07384	0.48776	0.04939	0.21435	0.01933	0.00463	0.00567	0.01995	0.00705	0.00633
69	0.01016	0.00836	0.00894	0.00895	0.01147	0.00714	0.00665	0.01254	0.01953	0.02421	0.17795	0.11374	0.52028	0.02065	0.00986	0.00281	0.00420	0.01747	0.00796	0.00714
70	0.01666	0.04297	0.66500	0.02368	0.03596	0.01929	0.03069	0.02631	0.01754	0.02631	0.01491	0.01754	0.01052	0.00789	0.00789	0.00263	0.01228	0.00614	0.00351	0.01228
71	0.01028	0.00843	0.00905	0.00890	0.01150	0.00721	0.00667	0.01281	0.02002	0.02502	0.21885	0.07570	0.51655	0.02008	0.00981	0.00276	0.00414	0.01694	0.00805	0.00721
72	0.01961	0.02241	0.04902	0.03501	0.04342	0.02101	0.62605	0.02661	0.01961	0.02661	0.01681	0.02241	0.01261	0.00700	0.00980	0.00280	0.01401	0.00980	0.00420	0.01120
73	0.01569	0.01477	0.02492	0.68808	0.05722	0.01846	0.02307	0.02123	0.01661	0.02123	0.01477	0.02215	0.01107	0.00831	0.00831	0.00277	0.01107	0.00738	0.00369	0.00923
74	0.02911	0.02204	0.02354	0.01861	0.02482	0.02461	0.01519	0.49630	0.17530	0.04837	0.02308	0.02245	0.01667	0.01027	0.00834	0.00257	0.00856	0.00791	0.00834	0.01391
75	0.03020	0.02926	0.02443	0.02025	0.02539	0.28142	0.01610	0.34118	0.03066	0.03693	0.01636	0.01784	0.01250	0.00981	0.00963	0.00245	0.07072	0.00662	0.00632	0.01192
76	0.01000	0.00842	0.00866	0.00860	0.01133	0.00709	0.00645	0.01227	0.01936	0.02344	0.13639	0.07830	0.60000	0.02067	0.00982	0.00279	0.00418	0.01730	0.00785	0.00709
77	0.13134	0.51515	0.03638	0.01443	0.02119	0.02981	0.01368	0.10967	0.01960	0.02672	0.01273	0.01428	0.01091	0.00760	0.00572	0.00199	0.00856	0.00488	0.00445	0.01091
78	0.01339	0.00895	0.01187	0.01135	0.01355	0.00831	0.00883	0.01726	0.02293	0.06689	0.53519	0.06448	0.07104	0.01742	0.00995	0.00277	0.00460	0.09404	0.00900	0.00816
79	0.01753	0.00977	0.01295	0.01143	0.01440	0.00883	0.00883	0.02129	0.02357	0.17555	0.51177	0.05441	0.06530	0.01547	0.00947	0.00260	0.00463	0.01351	0.00940	0.00926
80	0.01952	0.01947	0.02932	0.30291	0.36228	0.07601	0.02371	0.02446	0.01840	0.02419	0.01504	0.02071	0.01211	0.00786	0.00819	0.00256	0.01079	0.00722	0.00396	0.01128
81	0.02088	0.29433	0.33613	0.01978	0.02893	0.12175	0.02232	0.02679	0.01818	0.02288	0.01334	0.01558	0.01060	0.00770	0.00687	0.00224	0.01140	0.00538	0.00364	0.01128
82	0.01272	0.00915	0.01181	0.01306	0.01440	0.00903	0.00969	0.06633	0.01864	0.02473	0.04314	0.50586	0.04979	0.02394	0.01060	0.00340	0.00583	0.15251	0.00775	0.00759
83	0.01012	0.00723	0.00964	0.01157	0.01205	0.00675	0.00771	0.01157	0.01591	0.02121	0.04579	0.70262	0.05495	0.02603	0.01060	0.00337	0.00482	0.02362	0.00771	0.00675
84	0.01888	0.02224	0.07526	0.03162	0.03871	0.02098	0.48462	0.02505	0.01837	0.02544	0.01703	0.04871	0.01395	0.00888	0.01223	0.00293	0.11028	0.00981	0.00423	0.01078
85	0.02318	0.02816	0.09691	0.07093	0.36306	0.22460	0.02297	0.02777	0.02010	0.02462	0.01464	0.01857	0.01201	0.00786	0.00796	0.00240	0.01178	0.00663	0.00408	0.01176
86	0.03158	0.02327	0.02493	0.01911	0.02576	0.02576	0.01579	0.62852	0.03906	0.05236	0.01995	0.01995	0.01413	0.00997	0.00831	0.00249	0.00914	0.00748	0.00831	0.01413
87	0.03103	0.03959	0.02354	0.02140	0.02568	0.67469	0.01605	0.03317	0.02354	0.02033	0.01284	0.01498	0.01070	0.00856	0.00749	0.00214	0.01498	0.00535	0.00428	0.00963
88	0.01965	0.08673	0.14207	0.07144	0.25719	0.05583	0.02285	0.02429	0.01698	0.02375	0.01371	0.01856	0.01164	0.00943	0.01283	0.00274	0.18843	0.00677	0.00382	0.01131
89	0.02420	0.01601	0.01814	0.01774	0.07628	0.07071	0.01251	0.08845	0.07894	0.22084	0.03810	0.15721	0.11621	0.01437	0.00890	0.00272	0.00735	0.01214	0.00800	0.01118
90	0.01189	0.00882	0.01296	0.01296	0.01431	0.01017	0.00990	0.01459	0.01324	0.01900	0.02261	0.03460	0.02162	0.12061	0.61798	0.01287	0.02097	0.00919	0.00450	0.00720
91	0.01011	0.00729	0.00958	0.01142	0.01201	0.00676	0.00764	0.01158	0.01605	0.02127	0.04763	0.67266	0.08371	0.02579	0.01057	0.00335	0.00479	0.02332	0.00771	0.00676
92	0.01695	0.07731	0.63315	0.02319	0.03521	0.01999	0.02985	0.02624	0.01751	0.02596	0.01474	0.01732	0.01053	0.00785	0.00776	0.00259	0.01210	0.00605	0.00351	0.01219
93	0.01882	0.01796	0.03057	0.27886	0.44197	0.01928	0.02463	0.02397	0.01809	0.02502	0.01532	0.02113	0.01241	0.00773	0.00825	0.00258	0.01030	0.00740	0.00396	0.01175
94	0.03103	0.03959	0.02354	0.02140	0.02568	0.67469	0.01605	0.03317	0.02354	0.02033	0.01284	0.01498	0.01070	0.00856	0.00749	0.00214	0.01498	0.00535	0.00428	0.00963
95	0.02056	0.01974	0.03372	0.05099	0.65622	0.01974	0.02550	0.02550	0.01892	0.02714	0.01563	0.02056	0.01316	0.00740	0.00822	0.00247	0.00987	0.00740	0.00411	0.01316
96	0.03040	0.02926	0.02333	0.01941	0.02478	0.29920	0.01531	0.34066	0.03122	0.03754	0.01736	0.01850	0.01310	0.00936	0.00782	0.00231	0.01130	0.00659	0.05071	0.01185
97	0.01532	0.01350	0.01722	0.02051	0.15926	0.04580	0.01255	0.02098	0.07999	0.02996	0.34284	0.04969	0.13045	0.01438	0.00920	0.00260	0.00612	0.01260	0.00751	0.00952
98	0.02046	0.01797	0.02506	0.01980	0.02525	0.04683	0.17144	0.10804	0.16682	0.06864	0.06924	0.03872	0.15981	0.01224	0.00910	0.00271	0.00861	0.01107	0.00712	0.01106
99	0.01862	0.23831	0.29880	0.01882	0.02823	0.02163	0.05150	0.02467	0.01737	0.02445	0.01396	0.01644	0.01107	0.00722	0.00682	0.00206	0.00995	0.00554	0.00388	0.18064

[dist]
# distance from previous block
# <min> <max>
33	129

[block]
# block no. 1 follows, 22 sequences, length 8
# corresponding to MSA columns:
# 233-240
name=unknown_B
#
# <colnr> <probs for GDERKNQSTAVLIFYWHMCP>
#	G	D	E	R	K	N	Q	S	T	A	V	L	I	F	Y	W	H	M	C	P
0	0.09479	0.01639	0.02225	0.22595	0.16238	0.01853	0.01775	0.02882	0.21058	0.02838	0.02591	0.02817	0.06560	0.00997	0.00813	0.00270	0.00842	0.00850	0.00572	0.01106
1	0.09241	0.01680	0.01795	0.03897	0.02130	0.01883	0.01252	0.16143	0.30506	0.03691	0.09460	0.06226	0.06103	0.01231	0.00841	0.00273	0.00680	0.01008	0.00794	0.01167
2	0.07840	0.01665	0.02211	0.01830	0.02328	0.01769	0.11050	0.05417	0.29155	0.11235	0.02875	0.03406	0.02306	0.07774	0.01185	0.00332	0.00812	0.04922	0.00737	0.01153
3	0.17862	0.02057	0.01674	0.01489	0.01929	0.19654	0.01145	0.02472	0.05546	0.02619	0.01872	0.08450	0.01722	0.01717	0.09986	0.00375	0.01079	0.00757	0.00521	0.17075
4	0.01380	0.01153	0.01528	0.01398	0.01644	0.01265	0.01098	0.01757	0.04711	0.02194	0.02807	0.08366	0.08555	0.03634	0.31559	0.00753	0.11562	0.01003	0.00520	0.13113
5	0.01890	0.01655	0.01675	0.01402	0.01819	0.07726	0.01085	0.14019	0.02159	0.02840	0.03342	0.07675	0.15513	0.08894	0.01333	0.00297	0.05951	0.01029	0.00622	0.19074
6	0.09800	0.02335	0.02063	0.01835	0.02162	0.27089	0.05481	0.02442	0.01789	0.02254	0.01616	0.02160	0.01412	0.02528	0.21133	0.00577	0.08504	0.00692	0.03241	0.00888
7	0.11605	0.02946	0.02238	0.01892	0.02426	0.33099	0.01486	0.23181	0.02767	0.08286	0.01662	0.01750	0.01242	0.00907	0.00756	0.00234	0.01143	0.00620	0.00619	0.01141

[dist]
# distance from previous block
# <min> <max>
0	1

[block]
# block no. 2 follows, 22 sequences, length 15
# corresponding to MSA columns:
# 242-256
name=unknown_C
#
# <colnr> <probs for GDERKNQSTAVLIFYWHMCP>
#	G	D	E	R	K	N	Q	S	T	A	V	L	I	F	Y	W	H	M	C	P
0	0.02790	0.03365	0.02659	0.03026	0.21446	0.47861	0.01888	0.03087	0.02216	0.02237	0.01367	0.01665	0.01144	0.00821	0.00771	0.00224	0.01345	0.00596	0.00423	0.01069
1	0.01943	0.01967	0.03677	0.15706	0.36853	0.01990	0.20487	0.02509	0.01872	0.02595	0.01583	0.02139	0.01263	0.00744	0.00871	0.00262	0.01132	0.00812	0.00407	0.01189
2	0.01845	0.01549	0.01788	0.01289	0.02021	0.01233	0.01035	0.07284	0.01909	0.02923	0.01521	0.01746	0.01246	0.00648	0.00634	0.00134	0.00641	0.00514	0.00521	0.69519
3	0.01443	0.00722	0.01082	0.01082	0.01082	0.00722	0.00722	0.01082	0.01082	0.01443	0.01443	0.02525	0.01443	0.02886	0.03247	0.75830	0.00722	0.00722	0.00361	0.00361
4	0.03103	0.03959	0.02354	0.02140	0.02568	0.67469	0.01605	0.03317	0.02354	0.02033	0.01284	0.01498	0.01070	0.00856	0.00749	0.00214	0.01498	0.00535	0.00428	0.00963
5	0.01133	0.00847	0.01051	0.01000	0.01215	0.00765	0.00750	0.01484	0.02250	0.03089	0.52546	0.06604	0.20628	0.01789	0.00980	0.00266	0.00398	0.01558	0.00883	0.00765
6	0.01187	0.00890	0.01335	0.01335	0.01483	0.01038	0.01038	0.01483	0.01335	0.01928	0.02225	0.03264	0.02077	0.06231	0.67512	0.01335	0.02225	0.00890	0.00445	0.00742
7	0.03103	0.03959	0.02354	0.02140	0.02568	0.67469	0.01605	0.03317	0.02354	0.02033	0.01284	0.01498	0.01070	0.00856	0.00749	0.00214	0.01498	0.00535	0.00428	0.00963
8	0.01569	0.01477	0.02492	0.68808	0.05722	0.01846	0.02307	0.02123	0.01661	0.02123	0.01477	0.02215	0.01107	0.00831	0.00831	0.00277	0.01107	0.00738	0.00369	0.00923
9	0.03103	0.03959	0.02354	0.02140	0.02568	0.67469	0.01605	0.03317	0.02354	0.02033	0.01284	0.01498	0.01070	0.00856	0.00749	0.00214	0.01498	0.00535	0.00428	0.00963
10	0.03120	0.02776	0.02202	0.01853	0.02381	0.31696	0.01453	0.18983	0.02738	0.16941	0.02358	0.02330	0.05432	0.01010	0.00804	0.00237	0.01103	0.00734	0.00687	0.01163
11	0.01380	0.01085	0.01213	0.01176	0.01429	0.03860	0.00889	0.01819	0.07177	0.05540	0.15000	0.12737	0.24379	0.02784	0.15161	0.00505	0.00890	0.01429	0.00729	0.00819
12	0.14340	0.05160	0.01951	0.01795	0.09824	0.01727	0.01268	0.17981	0.02382	0.10497	0.03761	0.03691	0.19825	0.01237	0.00807	0.00256	0.00712	0.00983	0.00708	0.01094
13	0.02011	0.02078	0.10244	0.09816	0.12894	0.04696	0.01836	0.15306	0.07551	0.03168	0.05595	0.03723	0.07544	0.01209	0.00882	0.00275	0.00906	0.08521	0.00625	0.01118
14	0.02359	0.25136	0.03315	0.02818	0.24005	0.09810	0.01817	0.12521	0.02209	0.02781	0.01797	0.02029	0.04297	0.00852	0.00728	0.00222	0.00973	0.00669	0.00481	0.01180

[dist]
# distance from previous block
# <min> <max>
0	25

[block]
# block no. 3 follows, 22 sequences, length 19
# corresponding to MSA columns:
# 282-300
name=unknown_D
#
# <colnr> <probs for GDERKNQSTAVLIFYWHMCP>
#	G	D	E	R	K	N	Q	S	T	A	V	L	I	F	Y	W	H	M	C	P
0	0.02214	0.08548	0.39622	0.02225	0.03135	0.25338	0.02441	0.02866	0.01963	0.02374	0.01395	0.01635	0.01060	0.00808	0.00758	0.00240	0.01302	0.00575	0.00379	0.01123
1	0.02018	0.46741	0.27135	0.01768	0.02669	0.02789	0.02026	0.02540	0.01712	0.02202	0.01278	0.01487	0.01061	0.00740	0.00627	0.00209	0.01013	0.00506	0.00354	0.01125
2	0.02221	0.71304	0.04353	0.01421	0.02132	0.03287	0.01421	0.02488	0.01688	0.01955	0.01155	0.01333	0.01066	0.00711	0.00533	0.00178	0.00888	0.00444	0.00355	0.01066
3	0.01666	0.04297	0.66500	0.02368	0.03596	0.01929	0.03069	0.02631	0.01754	0.02631	0.01491	0.01754	0.01052	0.00789	0.00789	0.00263	0.01228	0.00614	0.00351	0.01228
4	0.02047	0.53411	0.17005	0.01612	0.02397	0.02877	0.01739	0.02459	0.01681	0.02093	0.01286	0.01531	0.01122	0.01046	0.04452	0.00262	0.01036	0.00505	0.00360	0.01081
5	0.01300	0.00944	0.01285	0.01456	0.01657	0.00929	0.01263	0.01664	0.01910	0.02460	0.04829	0.09223	0.11271	0.02274	0.01130	0.00372	0.00728	0.53779	0.00766	0.00758
6	0.02056	0.01974	0.03372	0.05099	0.65622	0.01974	0.02550	0.02550	0.01892	0.02714	0.01563	0.02056	0.01316	0.00740	0.00822	0.00247	0.00987	0.00740	0.00411	0.01316
7	0.00982	0.00842	0.00842	0.00842	0.01122	0.00701	0.00631	0.01192	0.01894	0.02244	0.08416	0.07995	0.65285	0.02104	0.00982	0.00281	0.00421	0.01753	0.00771	0.00701
8	0.01931	0.02153	0.04413	0.03228	0.03894	0.02193	0.50006	0.02524	0.01818	0.02524	0.01558	0.02153	0.01225	0.00857	0.01342	0.00297	0.15470	0.00928	0.00408	0.01077
9	0.01610	0.03160	0.42572	0.02102	0.02976	0.01663	0.05859	0.05921	0.01856	0.02663	0.02308	0.19006	0.02202	0.01252	0.00871	0.00282	0.01031	0.01082	0.00490	0.01094
10	0.02133	0.01072	0.01380	0.01192	0.01580	0.00944	0.00947	0.02457	0.02239	0.27483	0.25603	0.05443	0.18130	0.01557	0.00932	0.00270	0.00539	0.04170	0.00920	0.01010
11	0.01339	0.00956	0.01339	0.01530	0.01721	0.00956	0.01339	0.01721	0.01912	0.02486	0.04399	0.09371	0.04781	0.02295	0.01147	0.00382	0.00765	0.60031	0.00765	0.00765
12	0.01666	0.04297	0.66500	0.02368	0.03596	0.01929	0.03069	0.02631	0.01754	0.02631	0.01491	0.01754	0.01052	0.00789	0.00789	0.00263	0.01228	0.00614	0.00351	0.01228
13	0.02204	0.02135	0.06816	0.12897	0.36138	0.02094	0.05980	0.15822	0.02301	0.03182	0.01649	0.02058	0.01290	0.00810	0.00833	0.00254	0.01027	0.00749	0.00495	0.01266
14	0.03103	0.03959	0.02354	0.02140	0.02568	0.67469	0.01605	0.03317	0.02354	0.02033	0.01284	0.01498	0.01070	0.00856	0.00749	0.00214	0.01498	0.00535	0.00428	0.00963
15	0.03103	0.03959	0.02354	0.02140	0.02568	0.67469	0.01605	0.03317	0.02354	0.02033	0.01284	0.01498	0.01070	0.00856	0.00749	0.00214	0.01498	0.00535	0.00428	0.00963
16	0.01256	0.00987	0.01198	0.01076	0.01400	0.00835	0.00807	0.01574	0.01998	0.02804	0.30219	0.15423	0.15280	0.01634	0.00901	0.00241	0.00467	0.01424	0.00762	0.19716
17	0.01187	0.00890	0.01335	0.01335	0.01483	0.01038	0.01038	0.01483	0.01335	0.01928	0.02225	0.03264	0.02077	0.06231	0.67512	0.01335	0.02225	0.00890	0.00445	0.00742
18	0.02124	0.02320	0.02428	0.13845	0.12840	0.22509	0.01835	0.02445	0.01786	0.02134	0.01459	0.02036	0.01268	0.01751	0.11028	0.00426	0.15699	0.00695	0.00404	0.00968

[dist]
# distance from previous block
# <min> <max>
5	10

[block]
# block no. 4 follows, 22 sequences, length 10
# corresponding to MSA columns:
# 312-321
name=unknown_E
#
# <colnr> <probs for GDERKNQSTAVLIFYWHMCP>
#	G	D	E	R	K	N	Q	S	T	A	V	L	I	F	Y	W	H	M	C	P
0	0.01609	0.01457	0.02459	0.33456	0.14626	0.01619	0.06120	0.02111	0.01796	0.02368	0.02378	0.04329	0.02251	0.01244	0.00934	0.00304	0.01004	0.18480	0.00498	0.00956
1	0.01295	0.00967	0.01208	0.01309	0.01498	0.00955	0.01021	0.04906	0.05213	0.02510	0.04896	0.32222	0.13981	0.02253	0.01055	0.00337	0.00604	0.22210	0.00776	0.00785
2	0.03103	0.03959	0.02354	0.02140	0.02568	0.67469	0.01605	0.03317	0.02354	0.02033	0.01284	0.01498	0.01070	0.00856	0.00749	0.00214	0.01498	0.00535	0.00428	0.00963
3	0.01187	0.00890	0.01335	0.01335	0.01483	0.01038	0.01038	0.01483	0.01335	0.01928	0.02225	0.03264	0.02077	0.06231	0.67512	0.01335	0.02225	0.00890	0.00445	0.00742
4	0.01189	0.00879	0.01280	0.01280	0.01410	0.01009	0.00970	0.01448	0.01319	0.01888	0.02275	0.03542	0.02198	0.14490	0.59418	0.01267	0.02044	0.00931	0.00452	0.00711
5	0.02056	0.01974	0.03372	0.05099	0.65622	0.01974	0.02550	0.02550	0.01892	0.02714	0.01563	0.02056	0.01316	0.00740	0.00822	0.00247	0.00987	0.00740	0.00411	0.01316
6	0.01867	0.01781	0.03030	0.29841	0.42359	0.01924	0.02455	0.02384	0.01802	0.02484	0.01529	0.02118	0.01235	0.00775	0.00826	0.00258	0.01034	0.00739	0.00395	0.01163
7	0.02221	0.71304	0.04353	0.01421	0.02132	0.03287	0.01421	0.02488	0.01688	0.01955	0.01155	0.01333	0.01066	0.00711	0.00533	0.00178	0.00888	0.00444	0.00355	0.01066
8	0.01857	0.01771	0.03012	0.31146	0.41132	0.01921	0.02450	0.02375	0.01797	0.02472	0.01527	0.02121	0.01231	0.00777	0.00826	0.00259	0.01036	0.00739	0.00394	0.01155
9	0.02666	0.03123	0.02099	0.01940	0.02339	0.46555	0.01495	0.06317	0.05692	0.02369	0.02299	0.03167	0.05212	0.01166	0.00832	0.00249	0.01250	0.09725	0.00543	0.00963

[dist]
# distance from previous block
# <min> <max>
1	7

[block]
# block no. 5 follows, 22 sequences, length 14
# corresponding to MSA columns:
# 329-342
name=unknown_F
#
# <colnr> <probs for GDERKNQSTAVLIFYWHMCP>
#	G	D	E	R	K	N	Q	S	T	A	V	L	I	F	Y	W	H	M	C	P
0	0.02043	0.01892	0.03119	0.02305	0.03027	0.01780	0.26660	0.05904	0.13788	0.05631	0.02024	0.02259	0.01534	0.00784	0.00830	0.00230	0.00968	0.00807	0.00569	0.23846
1	0.02129	0.02321	0.01963	0.01988	0.07798	0.27833	0.01342	0.02300	0.01745	0.01951	0.01755	0.02942	0.01769	0.23691	0.05168	0.00479	0.10739	0.00814	0.00442	0.00830
2	0.01240	0.00896	0.01129	0.01139	0.01256	0.00933	0.00795	0.04440	0.01529	0.02061	0.03407	0.18215	0.08946	0.26336	0.23088	0.00799	0.01157	0.01373	0.00582	0.00679
3	0.09317	0.00996	0.01238	0.01245	0.01463	0.01037	0.00982	0.01633	0.01611	0.02396	0.08268	0.05394	0.06474	0.12962	0.21368	0.00687	0.01139	0.16607	0.00604	0.04581
4	0.02329	0.02794	0.04082	0.03063	0.03771	0.23146	0.42967	0.02872	0.02087	0.02459	0.01553	0.02002	0.01199	0.00750	0.00906	0.00259	0.01432	0.00837	0.00423	0.01070
5	0.02770	0.03418	0.02265	0.02058	0.02414	0.53885	0.01566	0.02990	0.02137	0.02019	0.01365	0.01718	0.01179	0.01489	0.08063	0.00348	0.08365	0.00592	0.00423	0.00934
6	0.02056	0.01974	0.03372	0.05099	0.65622	0.01974	0.02550	0.02550	0.01892	0.02714	0.01563	0.02056	0.01316	0.00740	0.00822	0.00247	0.00987	0.00740	0.00411	0.01316
7	0.01083	0.00758	0.00967	0.01089	0.01128	0.00736	0.00703	0.01191	0.01457	0.01951	0.03836	0.46325	0.04532	0.23983	0.05824	0.00539	0.00682	0.01920	0.00669	0.00625
8	0.01956	0.01868	0.03137	0.04703	0.59620	0.01855	0.02371	0.02423	0.01892	0.02670	0.02200	0.02609	0.07269	0.00867	0.00837	0.00250	0.00934	0.00834	0.00445	0.01259
9	0.02283	0.02373	0.02881	0.13956	0.35326	0.17397	0.02182	0.05770	0.05031	0.02625	0.01592	0.01996	0.01289	0.00813	0.00808	0.00246	0.01107	0.00702	0.00450	0.01177
10	0.01217	0.00964	0.01120	0.01119	0.01379	0.00915	0.00881	0.01733	0.08474	0.02722	0.22951	0.07254	0.31069	0.01926	0.00999	0.00295	0.00504	0.12860	0.00818	0.00800
11	0.03062	0.01981	0.02236	0.01714	0.02374	0.02050	0.01408	0.38802	0.05913	0.19146	0.02291	0.02204	0.01590	0.00962	0.00805	0.00237	0.00816	0.00745	0.00835	0.10828
12	0.02675	0.02360	0.02209	0.01796	0.02360	0.15586	0.01433	0.24859	0.12019	0.06386	0.01971	0.02036	0.01489	0.00943	0.00876	0.00230	0.04518	0.00689	0.00672	0.14893
13	0.02350	0.02027	0.02110	0.01665	0.02240	0.08261	0.01342	0.23177	0.05706	0.03449	0.01738	0.01951	0.01375	0.01152	0.04261	0.00265	0.06889	0.00648	0.00607	0.28786

[dist]
# distance from previous block
# <min> <max>
43	93

[block]
# block no. 6 follows, 22 sequences, length 38
# corresponding to MSA columns:
# 452-489
name=unknown_G
#
# <colnr> <probs for GDERKNQSTAVLIFYWHMCP>
#	G	D	E	R	K	N	Q	S	T	A	V	L	I	F	Y	W	H	M	C	P
0	0.10353	0.03294	0.05328	0.01989	0.02452	0.44091	0.01589	0.05555	0.05071	0.05299	0.01481	0.01674	0.01179	0.00916	0.00891	0.00239	0.06505	0.00586	0.00490	0.01020
1	0.06069	0.02104	0.01727	0.01604	0.01936	0.25369	0.01246	0.02500	0.02035	0.08833	0.12157	0.03534	0.02824	0.02352	0.15843	0.00497	0.01290	0.06565	0.00607	0.00908
2	0.02214	0.01886	0.02282	0.01826	0.02377	0.05328	0.09348	0.23886	0.09082	0.03583	0.05623	0.03699	0.11402	0.01218	0.00880	0.00258	0.00850	0.05437	0.00715	0.08106
3	0.02420	0.16287	0.02683	0.01785	0.02327	0.16342	0.05091	0.17122	0.07893	0.03113	0.08263	0.05614	0.02198	0.01034	0.00780	0.00232	0.00955	0.00815	0.00615	0.04431
4	0.02323	0.09592	0.19496	0.02294	0.03116	0.02110	0.17382	0.16249	0.02344	0.10096	0.01983	0.05745	0.01540	0.00931	0.00841	0.00259	0.01069	0.00840	0.00574	0.01216
5	0.01886	0.30780	0.41938	0.01994	0.03017	0.02466	0.02418	0.02574	0.01728	0.02364	0.01358	0.01587	0.01058	0.00758	0.00688	0.00229	0.01094	0.00547	0.00353	0.01164
6	0.02304	0.01705	0.01804	0.01554	0.02054	0.05247	0.01218	0.03753	0.36738	0.15234	0.06568	0.03259	0.05882	0.01129	0.00832	0.00258	0.00682	0.00930	0.00825	0.08023
7	0.02404	0.02186	0.01943	0.01664	0.02135	0.15474	0.01304	0.24721	0.13316	0.03497	0.03521	0.07016	0.14650	0.01301	0.00859	0.00259	0.00868	0.01027	0.00735	0.01119
8	0.02676	0.02886	0.02170	0.01929	0.02399	0.33606	0.01481	0.09792	0.28298	0.02959	0.02231	0.02217	0.01717	0.00983	0.00798	0.00246	0.01088	0.00725	0.00643	0.01155
9	0.01968	0.02497	0.17576	0.04485	0.51666	0.01964	0.02667	0.02568	0.01861	0.02695	0.01546	0.01988	0.01257	0.00751	0.00815	0.00250	0.01041	0.00712	0.00398	0.01296
10	0.01354	0.01097	0.01673	0.02022	0.14349	0.01184	0.01263	0.01653	0.01463	0.02069	0.02466	0.03511	0.05410	0.11980	0.43551	0.01001	0.01723	0.00941	0.00462	0.00829
11	0.01145	0.00848	0.01068	0.01013	0.01222	0.00771	0.00760	0.01508	0.02279	0.03160	0.56210	0.06488	0.16920	0.01762	0.00980	0.00264	0.00396	0.01542	0.00892	0.00771
12	0.02634	0.02081	0.02386	0.01867	0.02393	0.02342	0.01541	0.39767	0.02976	0.04117	0.01711	0.01913	0.01312	0.01041	0.01224	0.00255	0.16251	0.00704	0.00673	0.12813
13	0.01723	0.01477	0.01723	0.01230	0.01969	0.01107	0.00984	0.02092	0.01723	0.02707	0.01477	0.01723	0.01230	0.00615	0.00615	0.00123	0.00615	0.00492	0.00492	0.75883
14	0.02275	0.67213	0.04232	0.01465	0.02159	0.07186	0.01433	0.02538	0.01728	0.01959	0.01163	0.01343	0.01066	0.00720	0.00546	0.00180	0.00925	0.00450	0.00360	0.01060
15	0.01187	0.00890	0.01335	0.01335	0.01483	0.01038	0.01038	0.01483	0.01335	0.01928	0.02225	0.03264	0.02077	0.06231	0.67512	0.01335	0.02225	0.00890	0.00445	0.00742
16	0.00982	0.00842	0.00842	0.00842	0.01122	0.00701	0.00631	0.01192	0.01894	0.02244	0.08416	0.07995	0.65285	0.02104	0.00982	0.00281	0.00421	0.01753	0.00771	0.00701
17	0.01549	0.00774	0.00774	0.00774	0.00968	0.00774	0.00581	0.01936	0.01742	0.03097	0.02710	0.03097	0.02129	0.00968	0.00581	0.00194	0.00387	0.00774	0.75416	0.00774
18	0.01818	0.01818	0.02545	0.02181	0.02181	0.02545	0.01818	0.01999	0.01272	0.01999	0.01091	0.01818	0.01091	0.01454	0.02726	0.00364	0.69284	0.00727	0.00364	0.00909
19	0.01339	0.00956	0.01339	0.01530	0.01721	0.00956	0.01339	0.01721	0.01912	0.02486	0.04399	0.09371	0.04781	0.02295	0.01147	0.00382	0.00765	0.60031	0.00765	0.00765
20	0.01549	0.00774	0.00774	0.00774	0.00968	0.00774	0.00581	0.01936	0.01742	0.03097	0.02710	0.03097	0.02129	0.00968	0.00581	0.00194	0.00387	0.00774	0.75416	0.00774
21	0.76672	0.01607	0.01221	0.01092	0.01607	0.01864	0.00900	0.02442	0.01414	0.03727	0.01157	0.01350	0.00900	0.00771	0.00514	0.00257	0.00643	0.00450	0.00514	0.00900
22	0.02108	0.02072	0.03321	0.04952	0.62493	0.05225	0.02503	0.02588	0.01915	0.02680	0.01549	0.02028	0.01304	0.00746	0.00819	0.00245	0.01012	0.00730	0.00412	0.01298
23	0.02056	0.01974	0.03372	0.05099	0.65622	0.01974	0.02550	0.02550	0.01892	0.02714	0.01563	0.02056	0.01316	0.00740	0.00822	0.00247	0.00987	0.00740	0.00411	0.01316
24	0.76672	0.01607	0.01221	0.01092	0.01607	0.01864	0.00900	0.02442	0.01414	0.03727	0.01157	0.01350	0.00900	0.00771	0.00514	0.00257	0.00643	0.00450	0.00514	0.00900
25	0.01818	0.01818	0.02545	0.02181	0.02181	0.02545	0.01818	0.01999	0.01272	0.01999	0.01091	0.01818	0.01091	0.01454	0.02726	0.00364	0.69284	0.00727	0.00364	0.00909
26	0.03158	0.02327	0.02493	0.01911	0.02576	0.02576	0.01579	0.62852	0.03906	0.05236	0.01995	0.01995	0.01413	0.00997	0.00831	0.00249	0.00914	0.00748	0.00831	0.01413
27	0.00982	0.00842	0.00842	0.00842	0.01122	0.00701	0.00631	0.01192	0.01894	0.02244	0.08416	0.07995	0.65285	0.02104	0.00982	0.00281	0.00421	0.01753	0.00771	0.00701
28	0.02031	0.01948	0.03326	0.08400	0.62518	0.01967	0.02537	0.02527	0.01880	0.02683	0.01558	0.02064	0.01305	0.00745	0.00823	0.00248	0.00993	0.00740	0.00409	0.01296
29	0.03103	0.03959	0.02354	0.02140	0.02568	0.67469	0.01605	0.03317	0.02354	0.02033	0.01284	0.01498	0.01070	0.00856	0.00749	0.00214	0.01498	0.00535	0.00428	0.00963
30	0.01549	0.00774	0.00774	0.00774	0.00968	0.00774	0.00581	0.01936	0.01742	0.03097	0.02710	0.03097	0.02129	0.00968	0.00581	0.00194	0.00387	0.00774	0.75416	0.00774
31	0.02037	0.01758	0.01865	0.01651	0.02144	0.01984	0.01287	0.04215	0.58766	0.03409	0.03218	0.02981	0.02424	0.01083	0.00826	0.00268	0.00654	0.00901	0.00815	0.07715
32	0.01339	0.00956	0.01339	0.01530	0.01721	0.00956	0.01339	0.01721	0.01912	0.02486	0.04399	0.09371	0.04781	0.02295	0.01147	0.00382	0.00765	0.60031	0.00765	0.00765
33	0.03158	0.02327	0.02493	0.01911	0.02576	0.02576	0.01579	0.62852	0.03906	0.05236	0.01995	0.01995	0.01413	0.00997	0.00831	0.00249	0.00914	0.00748	0.00831	0.01413
34	0.03308	0.02286	0.02210	0.01779	0.02375	0.15693	0.01431	0.24238	0.06270	0.28187	0.02420	0.02274	0.01652	0.00987	0.00816	0.00247	0.00943	0.00748	0.00824	0.01313
35	0.01208	0.00805	0.00906	0.00906	0.00906	0.00805	0.00503	0.01208	0.01208	0.01611	0.02618	0.05436	0.03020	0.70804	0.04228	0.00805	0.00805	0.01208	0.00503	0.00503
36	0.03103	0.03959	0.02354	0.02140	0.02568	0.67469	0.01605	0.03317	0.02354	0.02033	0.01284	0.01498	0.01070	0.00856	0.00749	0.00214	0.01498	0.00535	0.00428	0.00963
37	0.03103	0.03959	0.02354	0.02140	0.02568	0.67469	0.01605	0.03317	0.02354	0.02033	0.01284	0.01498	0.01070	0.00856	0.00749	0.00214	0.01498	0.00535	0.00428	0.00963

[dist]
# distance from previous block
# <min> <max>
0	1

[block]
# block no. 7 follows, 22 sequences, length 69
# corresponding to MSA columns:
# 491-559
name=unknown_H
#
# <colnr> <probs for GDERKNQSTAVLIFYWHMCP>
#	G	D	E	R	K	N	Q	S	T	A	V	L	I	F	Y	W	H	M	C	P
0	0.03103	0.03959	0.02354	0.02140	0.02568	0.67469	0.01605	0.03317	0.02354	0.02033	0.01284	0.01498	0.01070	0.00856	0.00749	0.00214	0.01498	0.00535	0.00428	0.00963
1	0.02056	0.01974	0.03372	0.05099	0.65622	0.01974	0.02550	0.02550	0.01892	0.02714	0.01563	0.02056	0.01316	0.00740	0.00822	0.00247	0.00987	0.00740	0.00411	0.01316
2	0.02056	0.01974	0.03372	0.05099	0.65622	0.01974	0.02550	0.02550	0.01892	0.02714	0.01563	0.02056	0.01316	0.00740	0.00822	0.00247	0.00987	0.00740	0.00411	0.01316
3	0.00982	0.00842	0.00842	0.00842	0.01122	0.00701	0.00631	0.01192	0.01894	0.02244	0.08416	0.07995	0.65285	0.02104	0.00982	0.00281	0.00421	0.01753	0.00771	0.00701
4	0.02056	0.01974	0.03372	0.05099	0.65622	0.01974	0.02550	0.02550	0.01892	0.02714	0.01563	0.02056	0.01316	0.00740	0.00822	0.00247	0.00987	0.00740	0.00411	0.01316
5	0.01158	0.00848	0.01085	0.01026	0.01230	0.00776	0.00770	0.01532	0.02309	0.03229	0.59859	0.06373	0.13227	0.01736	0.00980	0.00263	0.00395	0.01526	0.00901	0.00776
6	0.01723	0.01477	0.01723	0.01230	0.01969	0.01107	0.00984	0.02092	0.01723	0.02707	0.01477	0.01723	0.01230	0.00615	0.00615	0.00123	0.00615	0.00492	0.00492	0.75883
7	0.02066	0.01785	0.01878	0.01691	0.02160	0.02066	0.01315	0.04414	0.64121	0.03475	0.03381	0.03099	0.02536	0.01127	0.00845	0.00282	0.00657	0.00939	0.00845	0.01315
8	0.76672	0.01607	0.01221	0.01092	0.01607	0.01864	0.00900	0.02442	0.01414	0.03727	0.01157	0.01350	0.00900	0.00771	0.00514	0.00257	0.00643	0.00450	0.00514	0.00900
9	0.00982	0.00842	0.00842	0.00842	0.01122	0.00701	0.00631	0.01192	0.01894	0.02244	0.08416	0.07995	0.65285	0.02104	0.00982	0.00281	0.00421	0.01753	0.00771	0.00701
10	0.01723	0.01477	0.01723	0.01230	0.01969	0.01107	0.00984	0.02092	0.01723	0.02707	0.01477	0.01723	0.01230	0.00615	0.00615	0.00123	0.00615	0.00492	0.00492	0.75883
11	0.02619	0.01661	0.01895	0.01620	0.02147	0.01785	0.01284	0.04293	0.43572	0.24350	0.03347	0.03009	0.02376	0.01094	0.00842	0.00274	0.00674	0.00905	0.00906	0.01348
12	0.03103	0.03959	0.02354	0.02140	0.02568	0.67469	0.01605	0.03317	0.02354	0.02033	0.01284	0.01498	0.01070	0.00856	0.00749	0.00214	0.01498	0.00535	0.00428	0.00963
13	0.01208	0.00805	0.00906	0.00906	0.00906	0.00805	0.00503	0.01208	0.01208	0.01611	0.02618	0.05436	0.03020	0.70804	0.04228	0.00805	0.00805	0.01208	0.00503	0.00503
14	0.01012	0.00723	0.00964	0.01157	0.01205	0.00675	0.00771	0.01157	0.01591	0.02121	0.04579	0.70262	0.05495	0.02603	0.01060	0.00337	0.00482	0.02362	0.00771	0.00675
15	0.02066	0.01785	0.01878	0.01691	0.02160	0.02066	0.01315	0.04414	0.64121	0.03475	0.03381	0.03099	0.02536	0.01127	0.00845	0.00282	0.00657	0.00939	0.00845	0.01315
16	0.02056	0.01974	0.03372	0.05099	0.65622	0.01974	0.02550	0.02550	0.01892	0.02714	0.01563	0.02056	0.01316	0.00740	0.00822	0.00247	0.00987	0.00740	0.00411	0.01316
17	0.00982	0.00842	0.00842	0.00842	0.01122	0.00701	0.00631	0.01192	0.01894	0.02244	0.08416	0.07995	0.65285	0.02104	0.00982	0.00281	0.00421	0.01753	0.00771	0.00701
18	0.02317	0.02140	0.03155	0.04349	0.50553	0.05380	0.02319	0.13970	0.02295	0.03156	0.01630	0.02016	0.01322	0.00795	0.00820	0.00246	0.00999	0.00731	0.00491	0.01316
19	0.03119	0.01589	0.01951	0.01544	0.02159	0.01529	0.01255	0.09471	0.16401	0.40614	0.03019	0.02712	0.02030	0.01011	0.00817	0.00250	0.00707	0.00820	0.00920	0.08084
20	0.01666	0.04297	0.66500	0.02368	0.03596	0.01929	0.03069	0.02631	0.01754	0.02631	0.01491	0.01754	0.01052	0.00789	0.00789	0.00263	0.01228	0.00614	0.00351	0.01228
21	0.02221	0.71304	0.04353	0.01421	0.02132	0.03287	0.01421	0.02488	0.01688	0.01955	0.01155	0.01333	0.01066	0.00711	0.00533	0.00178	0.00888	0.00444	0.00355	0.01066
22	0.00982	0.00842	0.00842	0.00842	0.01122	0.00701	0.00631	0.01192	0.01894	0.02244	0.08416	0.07995	0.65285	0.02104	0.00982	0.00281	0.00421	0.01753	0.00771	0.00701
23	0.01769	0.01822	0.01645	0.01580	0.01813	0.21218	0.01211	0.02041	0.01645	0.01960	0.01939	0.02727	0.01771	0.04598	0.47231	0.00995	0.02004	0.00782	0.00440	0.00809
24	0.02056	0.01974	0.03372	0.05099	0.65622	0.01974	0.02550	0.02550	0.01892	0.02714	0.01563	0.02056	0.01316	0.00740	0.00822	0.00247	0.00987	0.00740	0.00411	0.01316
25	0.01187	0.00890	0.01335	0.01335	0.01483	0.01038	0.01038	0.01483	0.01335	0.01928	0.02225	0.03264	0.02077	0.06231	0.67512	0.01335	0.02225	0.00890	0.00445	0.00742
26	0.02221	0.71304	0.04353	0.01421	0.02132	0.03287	0.01421	0.02488	0.01688	0.01955	0.01155	0.01333	0.01066	0.00711	0.00533	0.00178	0.00888	0.00444	0.00355	0.01066
27	0.01961	0.02241	0.04902	0.03501	0.04342	0.02101	0.62605	0.02661	0.01961	0.02661	0.01681	0.02241	0.01261	0.00700	0.00980	0.00280	0.01401	0.00980	0.00420	0.01120
28	0.00982	0.00842	0.00842	0.00842	0.01122	0.00701	0.00631	0.01192	0.01894	0.02244	0.08416	0.07995	0.65285	0.02104	0.00982	0.00281	0.00421	0.01753	0.00771	0.00701
