[name]
unknown

[dist]
# distance from previous block
# <min> <max>
0	11

[block]
# block no. 0 follows, 22 sequences, length 54
# corresponding to MSA columns:
# 11-64
name=unknown_A
#
# <colnr> <probs for GDERKNQSTAVLIFYWHMCP>
#	G	D	E	R	K	N	Q	S	T	A	V	L	I	F	Y	W	H	M	C	P
0	0.02271	0.06506	0.26455	0.02117	0.05158	0.09028	0.02099	0.19668	0.04778	0.03315	0.01913	0.02394	0.01515	0.00968	0.00801	0.00254	0.01052	0.04534	0.03974	0.01199
1	0.02838	0.02678	0.02379	0.05281	0.06702	0.23651	0.01600	0.31625	0.02945	0.03586	0.01758	0.02119	0.01407	0.06463	0.01073	0.00283	0.01111	0.00714	0.00624	0.01164
2	0.03069	0.03211	0.02382	0.02028	0.02549	0.38854	0.01579	0.26402	0.06276	0.03349	0.01672	0.01776	0.01281	0.00925	0.00786	0.00231	0.01227	0.00639	0.00606	0.01156
3	0.02297	0.02168	0.09363	0.05339	0.02614	0.01991	0.01580	0.24074	0.17786	0.03744	0.02127	0.02186	0.01588	0.00906	0.00779	0.00230	0.00826	0.00719	0.00675	0.19009
4	0.02708	0.02096	0.02056	0.01655	0.02208	0.09350	0.01330	0.33288	0.07887	0.07290	0.02157	0.02220	0.01594	0.00954	0.00764	0.00228	0.00838	0.00725	0.12638	0.08016
5	0.03390	0.01941	0.02165	0.01695	0.02323	0.06093	0.01385	0.26089	0.06047	0.35987	0.02671	0.02442	0.01775	0.01010	0.00829	0.00253	0.00834	0.00788	0.00906	0.01379
6	0.02790	0.02101	0.02260	0.01812	0.02392	0.02333	0.01467	0.47367	0.14636	0.04669	0.02451	0.07610	0.01940	0.01148	0.00852	0.00262	0.00833	0.00911	0.00829	0.01337
7	0.01585	0.01029	0.01252	0.01134	0.01439	0.00969	0.00871	0.02147	0.09122	0.11764	0.37982	0.05769	0.18421	0.01627	0.00945	0.00267	0.00471	0.01400	0.00893	0.00912
8	0.01952	0.01214	0.01425	0.01255	0.01647	0.01185	0.00980	0.02766	0.17598	0.17998	0.20337	0.05098	0.20117	0.01503	0.00913	0.00270	0.00540	0.01269	0.00887	0.01044
9	0.02632	0.02835	0.02603	0.06209	0.19836	0.30476	0.01861	0.10990	0.09349	0.02806	0.01699	0.01931	0.01349	0.00872	0.00795	0.00238	0.01168	0.00675	0.00520	0.01156
10	0.02040	0.29526	0.35782	0.01973	0.02927	0.06748	0.02280	0.05472	0.01870	0.02459	0.01374	0.01589	0.01076	0.00774	0.00692	0.00227	0.01102	0.00551	0.00380	0.01158
11	0.00982	0.00842	0.00842	0.00842	0.01122	0.00701	0.00631	0.01192	0.01894	0.02244	0.08416	0.07995	0.65285	0.02104	0.00982	0.00281	0.00421	0.01753	0.00771	0.00701
12	0.01549	0.00774	0.00774	0.00774	0.00968	0.00774	0.00581	0.01936	0.01742	0.03097	0.02710	0.03097	0.02129	0.00968	0.00581	0.00194	0.00387	0.00774	0.75416	0.00774
13	0.02590	0.14213	0.02316	0.01532	0.02047	0.01911	0.01265	0.22620	0.02566	0.18329	0.02789	0.19048	0.02518	0.01352	0.00835	0.00260	0.00753	0.01115	0.00777	0.01167
14	0.01012	0.00723	0.00964	0.01157	0.01205	0.00675	0.00771	0.01157	0.01591	0.02121	0.04579	0.70262	0.05495	0.02603	0.01060	0.00337	0.00482	0.02362	0.00771	0.00675
15	0.01208	0.00805	0.00906	0.00906	0.00906	0.00805	0.00503	0.01208	0.01208	0.01611	0.02618	0.05436	0.03020	0.70804	0.04228	0.00805	0.00805	0.01208	0.00503	0.00503
16	0.02419	0.02742	0.08307	0.02749	0.18224	0.21286	0.01887	0.08102	0.20060	0.02925	0.02031	0.02160	0.01578	0.00910	0.00805	0.00249	0.01059	0.00726	0.00569	0.01212
17	0.02139	0.01599	0.01519	0.01400	0.01745	0.13050	0.01057	0.02569	0.07704	0.17545	0.08996	0.20489	0.13523	0.01626	0.00912	0.00276	0.00718	0.01372	0.00788	0.00973
18	0.01019	0.00764	0.00947	0.01068	0.01188	0.00691	0.00738	0.01203	0.01735	0.02261	0.11037	0.48961	0.20575	0.02397	0.01034	0.00316	0.00459	0.02132	0.00784	0.00691
19	0.01961	0.02241	0.04902	0.03501	0.04342	0.02101	0.62605	0.02661	0.01961	0.02661	0.01681	0.02241	0.01261	0.00700	0.00980	0.00280	0.01401	0.00980	0.00420	0.01120
20	0.02480	0.03412	0.18188	0.02071	0.02718	0.31531	0.01893	0.05931	0.18245	0.02689	0.01908	0.01997	0.01459	0.00915	0.00787	0.00245	0.01189	0.00668	0.00534	0.01139
21	0.02497	0.09898	0.17246	0.01756	0.02480	0.01974	0.01720	0.17918	0.08142	0.16308	0.09464	0.02622	0.02266	0.01017	0.00808	0.00251	0.00858	0.00806	0.00719	0.01251
22	0.02024	0.05707	0.03162	0.08738	0.43195	0.04641	0.02293	0.02438	0.01761	0.02466	0.01432	0.01961	0.01234	0.00889	0.01176	0.00267	0.14325	0.00714	0.00397	0.01182
23	0.02853	0.02451	0.02147	0.01762	0.02283	0.18386	0.01405	0.37007	0.03128	0.04052	0.01948	0.02071	0.01457	0.00957	0.00765	0.00230	0.00964	0.00700	0.14249	0.01185
24	0.02020	0.01896	0.03153	0.17344	0.50558	0.01981	0.02450	0.05709	0.01955	0.02734	0.01569	0.02084	0.01280	0.00772	0.00824	0.00253	0.01006	0.00740	0.00426	0.01245
25	0.02056	0.01974	0.03372	0.05099	0.65622	0.01974	0.02550	0.02550	0.01892	0.02714	0.01563	0.02056	0.01316	0.00740	0.00822	0.00247	0.00987	0.00740	0.00411	0.01316
26	0.06155	0.01527	0.01689	0.01439	0.01856	0.03852	0.01152	0.18914	0.05460	0.12931	0.02385	0.02652	0.01831	0.02288	0.17347	0.00511	0.01101	0.00788	0.15046	0.01077
27	0.00982	0.00842	0.00842	0.00842	0.01122	0.00701	0.00631	0.01192	0.01894	0.02244	0.08416	0.07995	0.65285	0.02104	0.00982	0.00281	0.00421	0.01753	0.00771	0.00701
28	0.01005	0.00752	0.00934	0.01078	0.01184	0.00681	0.00736	0.01166	0.01666	0.02151	0.05533	0.54778	0.20362	0.02479	0.01041	0.00323	0.00467	0.02210	0.00771	0.00681
29	0.02868	0.03121	0.02269	0.01988	0.02473	0.39143	0.01531	0.15330	0.17314	0.03007	0.01922	0.01976	0.01485	0.00948	0.00788	0.00237	0.01183	0.00673	0.00607	0.01135
30	0.02849	0.03072	0.02646	0.02840	0.18624	0.35617	0.01839	0.17045	0.02599	0.02955	0.01521	0.01756	0.01213	0.00860	0.00787	0.00231	0.01231	0.00637	0.00518	0.01158
31	0.01012	0.00723	0.00964	0.01157	0.01205	0.00675	0.00771	0.01157	0.01591	0.02121	0.04579	0.70262	0.05495	0.02603	0.01060	0.00337	0.00482	0.02362	0.00771	0.00675
32	0.02066	0.01785	0.01878	0.01691	0.02160	0.02066	0.01315	0.04414	0.64121	0.03475	0.03381	0.03099	0.02536	0.01127	0.00845	0.00282	0.00657	0.00939	0.00845	0.01315
33	0.01934	0.02272	0.13054	0.12696	0.48460	0.01951	0.02600	0.02508	0.01841	0.02627	0.01541	0.02029	0.01249	0.00759	0.00818	0.00253	0.01039	0.00720	0.00397	0.01253
34	0.01012	0.00723	0.00964	0.01157	0.01205	0.00675	0.00771	0.01157	0.01591	0.02121	0.04579	0.70262	0.05495	0.02603	0.01060	0.00337	0.00482	0.02362	0.00771	0.00675
35	0.01208	0.00805	0.00906	0.00906	0.00906	0.00805	0.00503	0.01208	0.01208	0.01611	0.02618	0.05436	0.03020	0.70804	0.04228	0.00805	0.00805	0.01208	0.00503	0.00503
36	0.01073	0.00763	0.00997	0.01105	0.01187	0.00715	0.00750	0.01268	0.01754	0.02390	0.20192	0.47684	0.05881	0.08561	0.01327	0.00360	0.00488	0.02033	0.00784	0.00688
37	0.01012	0.00723	0.00964	0.01157	0.01205	0.00675	0.00771	0.01157	0.01591	0.02121	0.04579	0.70262	0.05495	0.02603	0.01060	0.00337	0.00482	0.02362	0.00771	0.00675
38	0.00999	0.00774	0.00911	0.01021	0.01169	0.00686	0.00711	0.01172	0.01721	0.02174	0.06228	0.43493	0.31199	0.02388	0.01027	0.00313	0.00456	0.02100	0.00771	0.00686
39	0.01187	0.00890	0.01335	0.01335	0.01483	0.01038	0.01038	0.01483	0.01335	0.01928	0.02225	0.03264	0.02077	0.06231	0.67512	0.01335	0.02225	0.00890	0.00445	0.00742
40	0.02847	0.03336	0.02618	0.02858	0.18248	0.46036	0.01838	0.07849	0.02362	0.02456	0.01410	0.01676	0.01158	0.00838	0.00774	0.00225	0.01325	0.00603	0.00456	0.01086
41	0.01666	0.04297	0.66500	0.02368	0.03596	0.01929	0.03069	0.02631	0.01754	0.02631	0.01491	0.01754	0.01052	0.00789	0.00789	0.00263	0.01228	0.00614	0.00351	0.01228
42	0.01569	0.01477	0.02492	0.68808	0.05722	0.01846	0.02307	0.02123	0.01661	0.02123	0.01477	0.02215	0.01107	0.00831	0.00831	0.00277	0.01107	0.00738	0.00369	0.00923
43	0.01140	0.00856	0.01085	0.01221	0.01397	0.00801	0.00968	0.01404	0.01815	0.02310	0.05630	0.26427	0.22761	0.02327	0.01074	0.00340	0.00583	0.26373	0.00769	0.00720
44	0.02024	0.01941	0.03315	0.09254	0.61716	0.01965	0.02534	0.02522	0.01877	0.02675	0.01557	0.02066	0.01302	0.00746	0.00823	0.00249	0.00995	0.00740	0.00408	0.01290
45	0.01589	0.01516	0.02615	0.65462	0.05651	0.01859	0.05396	0.02150	0.01676	0.02150	0.01487	0.02216	0.01115	0.00824	0.00838	0.00277	0.01122	0.00751	0.00372	0.00933
46	0.01878	0.01721	0.02866	0.04212	0.49732	0.01721	0.02248	0.02344	0.01897	0.02657	0.02268	0.03875	0.02178	0.01127	0.00903	0.00280	0.00932	0.15484	0.00499	0.01179
47	0.01012	0.00723	0.00964	0.01157	0.01205	0.00675	0.00771	0.01157	0.01591	0.02121	0.04579	0.70262	0.05495	0.02603	0.01060	0.00337	0.00482	0.02362	0.00771	0.00675
48	0.01010	0.00732	0.00954	0.01132	0.01198	0.00677	0.00760	0.01160	0.01615	0.02130	0.04883	0.65323	0.10237	0.02563	0.01054	0.00333	0.00477	0.02313	0.00771	0.00677
49	0.01187	0.00890	0.01335	0.01335	0.01483	0.01038	0.01038	0.01483	0.01335	0.01928	0.02225	0.03264	0.02077	0.06231	0.67512	0.01335	0.02225	0.00890	0.00445	0.00742
50	0.23729	0.17398	0.02446	0.01527	0.02120	0.06671	0.01302	0.25358	0.02496	0.03764	0.01561	0.01689	0.01205	0.00859	0.00657	0.00231	0.00842	0.00584	0.04432	0.01128
51	0.02595	0.08255	0.19967	0.01938	0.02736	0.02364	0.01921	0.38559	0.03034	0.04157	0.01828	0.01933	0.01324	0.00916	0.00783	0.00245	0.00970	0.00689	0.04484	0.01302
52	0.02569	0.02697	0.02196	0.15204	0.03006	0.33835	0.01617	0.06094	0.07537	0.07432	0.02047	0.02277	0.04051	0.01236	0.04380	0.00301	0.01249	0.00715	0.00536	0.01021
53	0.09909	0.02886	0.32688	0.01837	0.02616	0.06801	0.02020	0.02526	0.01874	0.08461	0.11389	0.02603	0.02257	0.01447	0.06850	0.00355	0.01102	0.00771	0.00530	0.01076

[dist]
# distance from previous block
# <min> <max>
3	23

[block]
# block no. 1 follows, 22 sequences, length 20
# corresponding to MSA columns:
# 88-107
name=unknown_B
#
# <colnr> <probs for GDERKNQSTAVLIFYWHMCP>
#	G	D	E	R	K	N	Q	S	T	A	V	L	I	F	Y	W	H	M	C	P
0	0.02130	0.06115	0.30346	0.02410	0.03257	0.20844	0.13800	0.02770	0.01997	0.02478	0.04972	0.02003	0.01472	0.00839	0.00815	0.00249	0.01280	0.00704	0.00418	0.01100
1	0.01878	0.44959	0.13344	0.01491	0.02130	0.02498	0.01513	0.02216	0.01646	0.02057	0.01820	0.11698	0.01860	0.06580	0.00944	0.00264	0.00876	0.00809	0.00427	0.00990
2	0.02612	0.30938	0.03064	0.01767	0.02300	0.37297	0.01469	0.02847	0.02056	0.02015	0.01688	0.01847	0.05176	0.00877	0.00677	0.00204	0.01183	0.00576	0.00421	0.00988
3	0.04738	0.01887	0.15972	0.01443	0.02059	0.01288	0.01410	0.02627	0.07936	0.19457	0.04752	0.04513	0.25743	0.01381	0.00870	0.00270	0.00708	0.01129	0.00743	0.01074
4	0.02376	0.02156	0.03108	0.04177	0.47174	0.05285	0.02267	0.17319	0.02406	0.03297	0.01655	0.02014	0.01328	0.00809	0.00821	0.00246	0.00994	0.00732	0.00515	0.01323
5	0.01012	0.00723	0.00964	0.01157	0.01205	0.00675	0.00771	0.01157	0.01591	0.02121	0.04579	0.70262	0.05495	0.02603	0.01060	0.00337	0.00482	0.02362	0.00771	0.00675
6	0.01914	0.01828	0.03114	0.23740	0.48095	0.01936	0.02479	0.02425	0.01824	0.02541	0.01537	0.02103	0.01255	0.00767	0.00825	0.00256	0.01022	0.00740	0.00399	0.01201
7	0.01702	0.01562	0.02660	0.34626	0.07059	0.01773	0.11657	0.07176	0.01835	0.02454	0.01725	0.02428	0.01385	0.02031	0.15813	0.00511	0.01383	0.00812	0.00435	0.00973
8	0.01112	0.00848	0.00941	0.00971	0.01145	0.00775	0.00700	0.01280	0.01672	0.02075	0.05887	0.07374	0.35408	0.24620	0.02070	0.00468	0.00601	0.10723	0.00683	0.00647
9	0.01167	0.00788	0.00918	0.00959	0.00969	0.00778	0.00560	0.01197	0.01289	0.01719	0.03034	0.19192	0.03545	0.56332	0.03556	0.00706	0.00737	0.01453	0.00560	0.00540
10	0.02120	0.01918	0.03037	0.18891	0.42288	0.02040	0.02343	0.11920	0.02156	0.02977	0.01611	0.02082	0.01284	0.00801	0.00826	0.00254	0.01003	0.00741	0.00468	0.01243
11	0.02295	0.02414	0.03043	0.04204	0.47146	0.16902	0.02254	0.02845	0.06028	0.02608	0.01617	0.01997	0.01339	0.00792	0.00807	0.00242	0.01082	0.00706	0.00443	0.01235
12	0.02360	0.60733	0.04039	0.01534	0.02201	0.13362	0.01450	0.02618	0.01793	0.01967	0.01175	0.01359	0.01067	0.00734	0.00567	0.00183	0.00984	0.00458	0.00367	0.01050
13	0.01774	0.01310	0.01574	0.01439	0.01717	0.01433	0.01096	0.19807	0.05001	0.03002	0.02821	0.19451	0.02824	0.09661	0.22386	0.00670	0.01203	0.01240	0.00663	0.00929
14	0.01005	0.00842	0.00874	0.00866	0.01136	0.00711	0.00649	0.01237	0.01948	0.02374	0.15182	0.07782	0.58438	0.02056	0.00982	0.00278	0.00417	0.01723	0.00788	0.00711
15	0.00996	0.00839	0.00846	0.00846	0.01109	0.00708	0.00623	0.01193	0.01851	0.02205	0.08059	0.07837	0.61452	0.06333	0.01182	0.00313	0.00444	0.01720	0.00755	0.00689
16	0.01056	0.00741	0.00951	0.01101	0.01138	0.00704	0.00711	0.01168	0.01505	0.02006	0.04139	0.55720	0.04939	0.17903	0.01771	0.00442	0.00555	0.02103	0.00711	0.00636
17	0.01979	0.34356	0.14046	0.01872	0.02587	0.06590	0.10694	0.02442	0.01889	0.02397	0.11580	0.02330	0.02181	0.00890	0.00727	0.00223	0.00980	0.00728	0.00459	0.01049
18	0.05265	0.01594	0.01661	0.01609	0.05927	0.04105	0.01165	0.12094	0.21461	0.03185	0.04802	0.04602	0.26304	0.01431	0.00875	0.00270	0.00659	0.01172	0.00755	0.01062
19	0.15528	0.12655	0.05305	0.05093	0.12381	0.01885	0.01490	0.06180	0.01782	0.02816	0.01505	0.01872	0.01257	0.01391	0.08623	0.00342	0.00985	0.00598	0.00466	0.17844

[dist]
# distance from previous block
# <min> <max>
0	2

[block]
# block no. 2 follows, 22 sequences, length 56
# corresponding to MSA columns:
# 110-165
name=unknown_C
#
# <colnr> <probs for GDERKNQSTAVLIFYWHMCP>
#	G	D	E	R	K	N	Q	S	T	A	V	L	I	F	Y	W	H	M	C	P
0	0.02379	0.02643	0.03120	0.06866	0.36415	0.24047	0.07350	0.02798	0.02043	0.02453	0.01475	0.01891	0.01219	0.00780	0.00812	0.00240	0.01200	0.00691	0.00416	0.01162
1	0.02047	0.02012	0.03203	0.13330	0.54452	0.05370	0.02468	0.02533	0.01885	0.02601	0.01537	0.02048	0.01276	0.00758	0.00820	0.00249	0.01029	0.00729	0.00407	0.01246
2	0.18870	0.10762	0.10199	0.01499	0.02039	0.04881	0.01357	0.05840	0.14651	0.03086	0.09621	0.05774	0.02461	0.04502	0.00911	0.00282	0.00775	0.00842	0.00613	0.01034
3	0.01188	0.00884	0.01303	0.01303	0.01440	0.01021	0.00998	0.01463	0.01326	0.01904	0.02255	0.03428	0.02148	0.11116	0.62724	0.01295	0.02118	0.00914	0.00449	0.00724
4	0.02254	0.02188	0.02033	0.01927	0.05112	0.13938	0.01424	0.04131	0.50084	0.03179	0.02918	0.02761	0.02214	0.01060	0.00827	0.00268	0.00825	0.00857	0.00750	0.01251
5	0.02017	0.02209	0.09773	0.04822	0.59332	0.01969	0.02602	0.02558	0.01878	0.02706	0.01555	0.02025	0.01289	0.00745	0.00819	0.00248	0.01011	0.00727	0.00405	0.01307
6	0.01187	0.00890	0.01335	0.01335	0.01483	0.01038	0.01038	0.01483	0.01335	0.01928	0.02225	0.03264	0.02077	0.06231	0.67512	0.01335	0.02225	0.00890	0.00445	0.00742
7	0.01856	0.27248	0.45214	0.02044	0.03094	0.02394	0.02505	0.02582	0.01731	0.02399	0.01376	0.01610	0.01057	0.00762	0.00702	0.00234	0.01112	0.00556	0.00352	0.01172
8	0.01699	0.03360	0.43699	0.02788	0.14335	0.01866	0.05427	0.02459	0.01750	0.02572	0.01762	0.07801	0.01497	0.00967	0.00922	0.00272	0.04437	0.00811	0.00402	0.01175
9	0.01443	0.00722	0.01082	0.01082	0.01082	0.00722	0.00722	0.01082	0.01082	0.01443	0.01443	0.02525	0.01443	0.02886	0.03247	0.75830	0.00722	0.00722	0.00361	0.00361
10	0.01012	0.00723	0.00964	0.01157	0.01205	0.00675	0.00771	0.01157	0.01591	0.02121	0.04579	0.70262	0.05495	0.02603	0.01060	0.00337	0.00482	0.02362	0.00771	0.00675
11	0.02903	0.19241	0.02808	0.01977	0.02469	0.52905	0.01563	0.03129	0.02203	0.02015	0.01255	0.01461	0.01069	0.00823	0.00700	0.00206	0.01360	0.00514	0.00412	0.00986
12	0.01625	0.09724	0.48732	0.02037	0.03026	0.01840	0.02496	0.02421	0.01859	0.02700	0.13286	0.02542	0.02314	0.00951	0.00801	0.00255	0.01042	0.00763	0.00456	0.01131
13	0.01623	0.00847	0.00854	0.00827	0.01043	0.00858	0.00627	0.04770	0.01843	0.03197	0.02677	0.03046	0.02096	0.00969	0.00592	0.00196	0.00412	0.00773	0.71946	0.00804
14	0.01202	0.00831	0.01035	0.01035	0.01079	0.00875	0.00664	0.01291	0.01246	0.01706	0.02500	0.04785	0.02737	0.51431	0.23214	0.00964	0.01231	0.01113	0.00486	0.00575
15	0.05544	0.32140	0.37382	0.01911	0.02888	0.02493	0.02276	0.02562	0.01710	0.02402	0.01334	0.01558	0.01051	0.00756	0.00669	0.00227	0.01058	0.00535	0.00361	0.01144
16	0.02056	0.01974	0.03372	0.05099	0.65622	0.01974	0.02550	0.02550	0.01892	0.02714	0.01563	0.02056	0.01316	0.00740	0.00822	0.00247	0.00987	0.00740	0.00411	0.01316
17	0.01208	0.00805	0.00906	0.00906	0.00906	0.00805	0.00503	0.01208	0.01208	0.01611	0.02618	0.05436	0.03020	0.70804	0.04228	0.00805	0.00805	0.01208	0.00503	0.00503
18	0.01012	0.00723	0.00964	0.01157	0.01205	0.00675	0.00771	0.01157	0.01591	0.02121	0.04579	0.70262	0.05495	0.02603	0.01060	0.00337	0.00482	0.02362	0.00771	0.00675
19	0.03001	0.03634	0.02468	0.02423	0.08963	0.55918	0.01699	0.07744	0.02425	0.02345	0.01366	0.01592	0.01121	0.00855	0.00763	0.00220	0.01402	0.00572	0.00457	0.01033
20	0.01110	0.00793	0.01076	0.01269	0.01360	0.00759	0.00941	0.01326	0.01687	0.02230	0.04525	0.51994	0.05280	0.02510	0.01086	0.00351	0.00567	0.19663	0.00769	0.00702
21	0.01012	0.00723	0.00964	0.01157	0.01205	0.00675	0.00771	0.01157	0.01591	0.02121	0.04579	0.70262	0.05495	0.02603	0.01060	0.00337	0.00482	0.02362	0.00771	0.00675
22	0.01208	0.00805	0.00906	0.00906	0.00906	0.00805	0.00503	0.01208	0.01208	0.01611	0.02618	0.05436	0.03020	0.70804	0.04228	0.00805	0.00805	0.01208	0.00503	0.00503
23	0.01886	0.02764	0.20578	0.03213	0.04152	0.02057	0.47454	0.02653	0.01908	0.02653	0.01632	0.02117	0.01208	0.00723	0.00932	0.00276	0.01357	0.00887	0.00403	0.01148
24	0.01012	0.00723	0.00964	0.01157	0.01205	0.00675	0.00771	0.01157	0.01591	0.02121	0.04579	0.70262	0.05495	0.02603	0.01060	0.00337	0.00482	0.02362	0.00771	0.00675
25	0.01006	0.00747	0.00939	0.01092	0.01188	0.00680	0.00742	0.01164	0.01653	0.02146	0.05367	0.57477	0.17771	0.02500	0.01044	0.00326	0.00469	0.02237	0.00771	0.00680
26	0.08871	0.02722	0.10339	0.02810	0.19793	0.14738	0.01971	0.22607	0.02589	0.03491	0.01609	0.01832	0.01234	0.00856	0.00781	0.00244	0.01061	0.00664	0.00554	0.01234
27	0.02326	0.20426	0.02952	0.01972	0.02290	0.23128	0.01649	0.02539	0.01719	0.01998	0.01168	0.01592	0.01078	0.01074	0.01539	0.00269	0.30339	0.00594	0.00382	0.00966
28	0.02648	0.30678	0.06212	0.01933	0.05239	0.19086	0.01634	0.18067	0.02432	0.02874	0.01435	0.01594	0.01166	0.00825	0.00688	0.00212	0.01068	0.00565	0.00497	0.01147
29	0.02191	0.67625	0.07766	0.01473	0.02213	0.03213	0.01512	0.02495	0.01692	0.01992	0.01173	0.01356	0.01065	0.00715	0.00547	0.00182	0.00907	0.00454	0.00355	0.01075
30	0.01692	0.07378	0.63643	0.02324	0.03528	0.01992	0.02994	0.02624	0.01751	0.02600	0.01475	0.01735	0.01053	0.00786	0.00777	0.00259	0.01212	0.00606	0.00351	0.01220
31	0.01102	0.00837	0.01014	0.00989	0.01201	0.00749	0.00734	0.01417	0.02149	0.02894	0.42569	0.11621	0.25905	0.01896	0.00987	0.00273	0.00408	0.01647	0.00858	0.00749
32	0.01158	0.00784	0.00921	0.00970	0.00982	0.00772	0.00572	0.01195	0.01305	0.01741	0.03117	0.21934	0.03650	0.53448	0.03422	0.00686	0.00723	0.01502	0.00572	0.00547
33	0.01170	0.00831	0.01057	0.01025	0.01170	0.00780	0.00725	0.01463	0.02059	0.02886	0.47752	0.10894	0.06672	0.15956	0.01653	0.00379	0.00484	0.01507	0.00819	0.00718
34	0.02117	0.02026	0.02868	0.03914	0.43120	0.05598	0.02127	0.03151	0.20587	0.02905	0.02093	0.02338	0.01668	0.00863	0.00825	0.00255	0.00916	0.00789	0.00542	0.01296
35	0.02056	0.01974	0.03372	0.05099	0.65622	0.01974	0.02550	0.02550	0.01892	0.02714	0.01563	0.02056	0.01316	0.00740	0.00822	0.00247	0.00987	0.00740	0.00411	0.01316
36	0.24918	0.02114	0.02117	0.01669	0.02289	0.02365	0.01378	0.44971	0.03168	0.04789	0.01747	0.01804	0.01261	0.00930	0.00737	0.00252	0.00834	0.00660	0.00737	0.01261
37	0.01012	0.00723	0.00964	0.01157	0.01205	0.00675	0.00771	0.01157	0.01591	0.02121	0.04579	0.70262	0.05495	0.02603	0.01060	0.00337	0.00482	0.02362	0.00771	0.00675
38	0.03158	0.02327	0.02493	0.01911	0.02576	0.02576	0.01579	0.62852	0.03906	0.05236	0.01995	0.01995	0.01413	0.00997	0.00831	0.00249	0.00914	0.00748	0.00831	0.01413
39	0.01005	0.00750	0.00936	0.01085	0.01186	0.00681	0.00739	0.01165	0.01659	0.02149	0.05449	0.56132	0.19062	0.02489	0.01043	0.00324	0.00468	0.02224	0.00771	0.00681
40	0.01012	0.00723	0.00964	0.01157	0.01205	0.00675	0.00771	0.01157	0.01591	0.02121	0.04579	0.70262	0.05495	0.02603	0.01060	0.00337	0.00482	0.02362	0.00771	0.00675
41	0.01208	0.00805	0.00906	0.00906	0.00906	0.00805	0.00503	0.01208	0.01208	0.01611	0.02618	0.05436	0.03020	0.70804	0.04228	0.00805	0.00805	0.01208	0.00503	0.00503
42	0.76672	0.01607	0.01221	0.01092	0.01607	0.01864	0.00900	0.02442	0.01414	0.03727	0.01157	0.01350	0.00900	0.00771	0.00514	0.00257	0.00643	0.00450	0.00514	0.00900
43	0.03036	0.02209	0.02363	0.01825	0.02455	0.02440	0.01503	0.58243	0.03742	0.05074	0.02049	0.02078	0.01467	0.00995	0.00812	0.00245	0.00874	0.00750	0.06475	0.01364
44	0.01012	0.00723	0.00964	0.01157	0.01205	0.00675	0.00771	0.01157	0.01591	0.02121	0.04579	0.70262	0.05495	0.02603	0.01060	0.00337	0.00482	0.02362	0.00771	0.00675
45	0.01961	0.02241	0.04902	0.03501	0.04342	0.02101	0.62605	0.02661	0.01961	0.02661	0.01681	0.02241	0.01261	0.00700	0.00980	0.00280	0.01401	0.00980	0.00420	0.01120
46	0.01266	0.00841	0.01025	0.01096	0.01176	0.00837	0.00779	0.01430	0.01500	0.02059	0.03302	0.11269	0.03638	0.38284	0.02707	0.00583	0.00727	0.18662	0.08198	0.00621
47	0.01666	0.04297	0.66500	0.02368	0.03596	0.01929	0.03069	0.02631	0.01754	0.02631	0.01491	0.01754	0.01052	0.00789	0.00789	0.00263	0.01228	0.00614	0.00351	0.01228
48	0.02714	0.01383	0.01733	0.01466	0.01918	0.01333	0.01150	0.15724	0.02447	0.32071	0.03429	0.24789	0.03047	0.01538	0.00908	0.00282	0.00678	0.01318	0.00901	0.01171
49	0.02056	0.01974	0.03372	0.05099	0.65622	0.01974	0.02550	0.02550	0.01892	0.02714	0.01563	0.02056	0.01316	0.00740	0.00822	0.00247	0.00987	0.00740	0.00411	0.01316
50	0.00982	0.00842	0.00842	0.00842	0.01122	0.00701	0.00631	0.01192	0.01894	0.02244	0.08416	0.07995	0.65285	0.02104	0.00982	0.00281	0.00421	0.01753	0.00771	0.00701
51	0.01248	0.00958	0.01365	0.01332	0.01440	0.01132	0.01010	0.01479	0.01306	0.01876	0.02195	0.03536	0.02163	0.17787	0.49888	0.01149	0.08041	0.00934	0.00448	0.00713
52	0.01945	0.15827	0.47601	0.02175	0.03212	0.10507	0.02598	0.02694	0.01819	0.02438	0.01407	0.01649	0.01057	0.00784	0.00740	0.00242	0.01204	0.00575	0.00361	0.01166
53	0.02343	0.02050	0.03083	0.07210	0.45080	0.02137	0.02265	0.19474	0.02447	0.03395	0.01680	0.02046	0.01333	0.00817	0.00825	0.00249	0.00972	0.00742	0.00527	0.01325
54	0.01021	0.00816	0.00914	0.00947	0.01161	0.00709	0.00688	0.01247	0.01901	0.02397	0.16987	0.21827	0.42162	0.02150	0.00999	0.00290	0.00430	0.01850	0.00795	0.00709
55	0.01408	0.01032	0.01244	0.01243	0.01504	0.01027	0.01012	0.01886	0.07294	0.05655	0.10316	0.07056	0.26549	0.01904	0.01080	0.00310	0.03954	0.20025	0.04670	0.00830

[dist]
# distance from previous block
# <min> <max>
2	60

[block]
# block no. 3 follows, 22 sequences, length 70
# corresponding to MSA columns:
# 226-295
name=unknown_D
#
# <colnr> <probs for GDERKNQSTAVLIFYWHMCP>
#	G	D	E	R	K	N	Q	S	T	A	V	L	I	F	Y	W	H	M	C	P
0	0.11789	0.02448	0.06656	0.01736	0.04415	0.24300	0.01371	0.07630	0.02218	0.02843	0.12958	0.05859	0.10075	0.01207	0.00810	0.00248	0.00945	0.00935	0.00603	0.00954
1	0.01879	0.07425	0.23736	0.02810	0.11588	0.02045	0.18883	0.02856	0.11801	0.02770	0.04673	0.02313	0.01685	0.00847	0.00846	0.00263	0.01092	0.00811	0.00482	0.01193
2	0.01714	0.11147	0.31650	0.06219	0.09856	0.01899	0.05962	0.02387	0.01816	0.02533	0.04316	0.03221	0.01969	0.01055	0.00842	0.00273	0.01057	0.10531	0.00453	0.01101
3	0.06578	0.10994	0.16905	0.02603	0.09888	0.14271	0.13746	0.02625	0.01845	0.02450	0.01502	0.03971	0.01264	0.00884	0.00951	0.00256	0.07053	0.00720	0.00410	0.01084
4	0.11478	0.02649	0.12693	0.02246	0.09914	0.12057	0.01799	0.17044	0.15742	0.03469	0.01951	0.02047	0.01470	0.00912	0.00775	0.00254	0.00974	0.00698	0.00607	0.01220
5	0.08129	0.08487	0.10207	0.04446	0.02595	0.16517	0.06162	0.09987	0.02101	0.02823	0.01583	0.01885	0.01260	0.01151	0.04967	0.00290	0.01116	0.00629	0.04963	0.10700
6	0.14385	0.01843	0.02192	0.10175	0.10194	0.02021	0.01562	0.28533	0.02661	0.07664	0.02033	0.06912	0.01638	0.01026	0.00787	0.00258	0.00841	0.00820	0.03269	0.01185
7	0.01853	0.02092	0.11680	0.07564	0.39771	0.01796	0.02311	0.02509	0.05613	0.02731	0.05830	0.03034	0.02069	0.00982	0.00860	0.00267	0.00950	0.06402	0.00491	0.01196
8	0.01918	0.01817	0.02947	0.04037	0.44201	0.01973	0.02245	0.02330	0.01761	0.02533	0.01806	0.02894	0.01689	0.01083	0.01272	0.00288	0.15659	0.07943	0.00444	0.01161
9	0.03166	0.01376	0.01850	0.01482	0.02025	0.01286	0.01211	0.07963	0.02280	0.48476	0.02966	0.02854	0.02012	0.02088	0.14448	0.00477	0.01033	0.00840	0.00894	0.01277
10	0.01208	0.00805	0.00906	0.00906	0.00906	0.00805	0.00503	0.01208	0.01208	0.01611	0.02618	0.05436	0.03020	0.70804	0.04228	0.00805	0.00805	0.01208	0.00503	0.00503
11	0.01723	0.01477	0.01723	0.01230	0.01969	0.01107	0.00984	0.02092	0.01723	0.02707	0.01477	0.01723	0.01230	0.00615	0.00615	0.00123	0.00615	0.00492	0.00492	0.75883
12	0.01010	0.00837	0.00850	0.00850	0.01095	0.00714	0.00615	0.01194	0.01809	0.02166	0.07700	0.07679	0.57599	0.10585	0.01383	0.00345	0.00468	0.01686	0.00738	0.00677
13	0.02009	0.02256	0.11045	0.04767	0.58084	0.01968	0.02613	0.02559	0.01875	0.02704	0.01554	0.02019	0.01284	0.00746	0.00818	0.00249	0.01016	0.00725	0.00404	0.01305
14	0.01012	0.00723	0.00964	0.01157	0.01205	0.00675	0.00771	0.01157	0.01591	0.02121	0.04579	0.70262	0.05495	0.02603	0.01060	0.00337	0.00482	0.02362	0.00771	0.00675
15	0.01201	0.00833	0.01047	0.01047	0.01095	0.00882	0.00679	0.01298	0.01250	0.01715	0.02489	0.04725	0.02711	0.49650	0.24960	0.00979	0.01271	0.01104	0.00484	0.00581
16	0.01762	0.01674	0.02841	0.43540	0.29479	0.01897	0.02403	0.02292	0.01753	0.02357	0.01511	0.02152	0.01190	0.00795	0.00827	0.00265	0.01060	0.00739	0.00386	0.01079
17	0.02055	0.02170	0.02744	0.34072	0.24211	0.16011	0.02234	0.02516	0.01884	0.02293	0.01463	0.02010	0.01166	0.00807	0.00810	0.00254	0.01153	0.00695	0.00395	0.01057
18	0.00982	0.00842	0.00842	0.00842	0.01122	0.00701	0.00631	0.01192	0.01894	0.02244	0.08416	0.07995	0.65285	0.02104	0.00982	0.00281	0.00421	0.01753	0.00771	0.00701
19	0.01094	0.00914	0.00961	0.00937	0.01219	0.00817	0.00706	0.01494	0.06661	0.02505	0.16826	0.07348	0.51654	0.01967	0.00971	0.00278	0.00434	0.01653	0.00799	0.00760
20	0.01093	0.00788	0.00928	0.00988	0.01076	0.00739	0.00641	0.01215	0.01563	0.02042	0.09184	0.27848	0.16929	0.28595	0.02253	0.00500	0.00587	0.01730	0.00679	0.00623
21	0.01957	0.02683	0.18255	0.02906	0.16370	0.10133	0.07770	0.02455	0.01723	0.02365	0.01452	0.01962	0.01217	0.01357	0.06334	0.00361	0.18507	0.00714	0.00390	0.01087
22	0.01012	0.00723	0.00964	0.01157	0.01205	0.00675	0.00771	0.01157	0.01591	0.02121	0.04579	0.70262	0.05495	0.02603	0.01060	0.00337	0.00482	0.02362	0.00771	0.00675
23	0.01052	0.00751	0.01009	0.01202	0.01268	0.00709	0.00840	0.01225	0.01630	0.02165	0.04557	0.62862	0.05408	0.02565	0.01071	0.00343	0.00516	0.09371	0.00770	0.00686
24	0.02436	0.02718	0.02926	0.07583	0.37657	0.27464	0.02168	0.02824	0.02059	0.02415	0.01449	0.01848	0.01208	0.00790	0.00794	0.00236	0.01193	0.00660	0.00415	0.01156
25	0.01128	0.00873	0.01044	0.01076	0.01310	0.00790	0.00856	0.01432	0.02024	0.02606	0.22991	0.07859	0.33825	0.02042	0.01024	0.00302	0.00502	0.16767	0.00809	0.00740
26	0.18031	0.20366	0.15967	0.02132	0.10302	0.02187	0.06349	0.02480	0.01692	0.02713	0.01353	0.01628	0.01093	0.00731	0.00661	0.00222	0.00922	0.00563	0.00417	0.10191
27	0.02392	0.02723	0.02906	0.02383	0.02851	0.26843	0.16503	0.03179	0.15376	0.02492	0.01801	0.02076	0.01435	0.00973	0.01148	0.00269	0.12313	0.00762	0.00505	0.01068
28	0.01072	0.00861	0.00973	0.01034	0.01275	0.00762	0.00815	0.01319	0.01875	0.02294	0.07142	0.13031	0.45950	0.02188	0.01028	0.00310	0.00510	0.16076	0.00770	0.00715
29	0.02983	0.02616	0.02469	0.01993	0.02526	0.16539	0.01614	0.42643	0.03252	0.04153	0.01732	0.01866	0.01300	0.01022	0.01044	0.00256	0.09349	0.00700	0.00687	0.01255
30	0.01048	0.00844	0.00933	0.00911	0.01163	0.00729	0.00683	0.01320	0.02049	0.02614	0.27720	0.07386	0.45751	0.01966	0.00981	0.00274	0.00411	0.01668	0.00820	0.00729
31	0.02590	0.15914	0.16581	0.01989	0.02694	0.19054	0.01888	0.20874	0.02520	0.03109	0.01510	0.01686	0.01170	0.00884	0.00831	0.00235	0.04176	0.00608	0.00516	0.01172
32	0.02281	0.02108	0.01857	0.01667	0.02117	0.15911	0.01286	0.03753	0.38486	0.07746	0.03544	0.03339	0.09930	0.01182	0.00841	0.00265	0.00813	0.00945	0.00760	0.01171
33	0.01014	0.00849	0.00886	0.00893	0.01163	0.00721	0.00681	0.01245	0.01922	0.02323	0.11583	0.07966	0.58395	0.02091	0.00991	0.00285	0.00439	0.05064	0.00780	0.00710
34	0.02056	0.01974	0.03372	0.05099	0.65622	0.01974	0.02550	0.02550	0.01892	0.02714	0.01563	0.02056	0.01316	0.00740	0.00822	0.00247	0.00987	0.00740	0.00411	0.01316
35	0.01493	0.01340	0.01922	0.01746	0.01822	0.01770	0.01417	0.01734	0.01305	0.01963	0.01674	0.02561	0.01598	0.03911	0.36050	0.00863	0.34791	0.00811	0.00405	0.00823
36	0.00994	0.00842	0.00859	0.00855	0.01130	0.00707	0.00641	0.01216	0.01923	0.02313	0.12026	0.07881	0.61631	0.02078	0.00982	0.00279	0.00419	0.01737	0.00781	0.00707
37	0.01549	0.00774	0.00774	0.00774	0.00968	0.00774	0.00581	0.01936	0.01742	0.03097	0.02710	0.03097	0.02129	0.00968	0.00581	0.00194	0.00387	0.00774	0.75416	0.00774
38	0.01951	0.01867	0.03183	0.18811	0.52730	0.01946	0.02497	0.02458	0.01842	0.02587	0.01544	0.02090	0.01271	0.00760	0.00824	0.00253	0.01013	0.00740	0.00402	0.01231
39	0.02502	0.01859	0.02027	0.01655	0.02181	0.02002	0.01363	0.42913	0.03272	0.04334	0.05698	0.04043	0.12662	0.01365	0.00900	0.00271	0.00795	0.08148	0.00816	0.01193
40	0.01187	0.00890	0.01335	0.01335	0.01483	0.01038	0.01038	0.01483	0.01335	0.01928	0.02225	0.03264	0.02077	0.06231	0.67512	0.01335	0.02225	0.00890	0.00445	0.00742
41	0.01037	0.00789	0.00955	0.01029	0.01186	0.00707	0.00728	0.01257	0.01854	0.02422	0.18880	0.36076	0.25587	0.02245	0.01017	0.00302	0.00443	0.01977	0.00802	0.00707
42	0.01549	0.00774	0.00774	0.00774	0.00968	0.00774	0.00581	0.01936	0.01742	0.03097	0.02710	0.03097	0.02129	0.00968	0.00581	0.00194	0.00387	0.00774	0.75416	0.00774
43	0.01196	0.00800	0.00910	0.00922	0.00925	0.00797	0.00520	0.01205	0.01232	0.01643	0.02742	0.09560	0.03178	0.66466	0.04027	0.00776	0.00785	0.01281	0.00520	0.00514
44	0.01187	0.00890	0.01335	0.01335	0.01483	0.01038	0.01038	0.01483	0.01335	0.01928	0.02225	0.03264	0.02077	0.06231	0.67512	0.01335	0.02225	0.00890	0.00445	0.00742
45	0.01189	0.00883	0.01298	0.01298	0.01434	0.01018	0.00992	0.01460	0.01324	0.01901	0.02259	0.03451	0.02158	0.11802	0.62052	0.01289	0.02103	0.00918	0.00450	0.00721
46	0.02221	0.71304	0.04353	0.01421	0.02132	0.03287	0.01421	0.02488	0.01688	0.01955	0.01155	0.01333	0.01066	0.00711	0.00533	0.00178	0.00888	0.00444	0.00355	0.01066
47	0.01012	0.00723	0.00964	0.01157	0.01205	0.00675	0.00771	0.01157	0.01591	0.02121	0.04579	0.70262	0.05495	0.02603	0.01060	0.00337	0.00482	0.02362	0.00771	0.00675
48	0.02923	0.17708	0.02762	0.01993	0.02479	0.54366	0.01568	0.03148	0.02218	0.02017	0.01258	0.01464	0.01069	0.00826	0.00705	0.00207	0.01374	0.00517	0.00413	0.00984
49	0.01187	0.00890	0.01335	0.01335	0.01483	0.01038	0.01038	0.01483	0.01335	0.01928	0.02225	0.03264	0.02077	0.06231	0.67512	0.01335	0.02225	0.00890	0.00445	0.00742
50	0.01203	0.00824	0.01002	0.01002	0.01035	0.00857	0.00623	0.01270	0.01236	0.01682	0.02530	0.04952	0.02810	0.56402	0.18343	0.00924	0.01122	0.01137	0.00490	0.00557
51	0.01298	0.00876	0.00980	0.00953	0.00983	0.00887	0.00553	0.04066	0.01333	0.01779	0.02589	0.05277	0.02946	0.67568	0.04071	0.00780	0.00810	0.01187	0.00519	0.00546
52	0.01012	0.00723	0.00964	0.01157	0.01205	0.00675	0.00771	0.01157	0.01591	0.02121	0.04579	0.70262	0.05495	0.02603	0.01060	0.00337	0.00482	0.02362	0.00771	0.00675
53	0.09148	0.01836	0.01984	0.01585	0.02101	0.02023	0.01298	0.36422	0.02961	0.09988	0.02133	0.02229	0.01555	0.01001	0.00861	0.00246	0.04666	0.00734	0.16022	0.01209
54	0.01039	0.00844	0.00921	0.00901	0.01157	0.00726	0.00676	0.01303	0.02028	0.02564	0.25114	0.07469	0.48387	0.01985	0.00981	0.00275	0.00412	0.01679	0.00814	0.00726
55	0.01153	0.00801	0.01009	0.01059	0.01102	0.00819	0.00682	0.01251	0.01334	0.01808	0.03048	0.21858	0.03471	0.39878	0.16324	0.00792	0.01011	0.01443	0.00561	0.00597
56	0.02404	0.02422	0.03057	0.04108	0.45087	0.15419	0.02239	0.10035	0.02231	0.02882	0.01558	0.01935	0.01277	0.00795	0.00809	0.00240	0.01082	0.00699	0.00466	0.01256
57	0.05799	0.01628	0.01941	0.01598	0.02020	0.01793	0.01306	0.16589	0.05877	0.19192	0.03443	0.03395	0.14252	0.01321	0.01257	0.00284	0.15452	0.00963	0.00755	0.01135
58	0.01142	0.00785	0.00957	0.01021	0.01048	0.00780	0.00631	0.01212	0.01343	0.01802	0.03230	0.26510	0.03760	0.43588	0.07966	0.00692	0.00807	0.01562	0.00587	0.00578
59	0.01503	0.00926	0.01110	0.01066	0.01226	0.01046	0.00830	0.01846	0.01597	0.02712	0.02409	0.02977	0.01992	0.02160	0.15247	0.00460	0.09156	0.00793	0.50158	0.00784
60	0.10393	0.01164	0.01086	0.01106	0.01365	0.06133	0.00833	0.01566	0.01834	0.02462	0.09081	0.20078	0.31676	0.01942	0.00936	0.00291	0.00570	0.06013	0.00721	0.00750
61	0.01681	0.07556	0.20938	0.02948	0.23783	0.01728	0.04648	0.02210	0.01761	0.02476	0.02301	0.19667	0.02306	0.01235	0.00860	0.00271	0.00934	0.01114	0.00484	0.01097
62	0.02217	0.02076	0.02545	0.19192	0.20414	0.11334	0.01931	0.15414	0.02391	0.03088	0.09327	0.02506	0.02043	0.00951	0.00835	0.00252	0.01002	0.00805	0.00555	0.01125
63	0.01841	0.01735	0.02849	0.04213	0.51766	0.01711	0.02168	0.02281	0.01893	0.02624	0.02861	0.03395	0.12426	0.01042	0.00864	0.00258	0.00880	0.03518	0.00488	0.01186
64	0.18757	0.04035	0.01864	0.01879	0.09676	0.06586	0.01332	0.09501	0.01985	0.03035	0.07479	0.03370	0.02372	0.02190	0.14409	0.00485	0.01108	0.08391	0.00581	0.00964
65	0.11741	0.01564	0.06967	0.01814	0.09644	0.01388	0.01323	0.09407	0.02101	0.07871	0.13315	0.19523	0.07046	0.01488	0.00873	0.00277	0.00678	0.01276	0.00708	0.00994
66	0.02105	0.16273	0.02682	0.20542	0.06947	0.16132	0.01675	0.02562	0.05777	0.02223	0.01494	0.01885	0.01228	0.00916	0.00864	0.04534	0.01029	0.00617	0.00426	0.10088
67	0.02614	0.22097	0.14846	0.01886	0.02640	0.10241	0.01814	0.27927	0.02708	0.03465	0.01584	0.01708	0.01209	0.00862	0.00731	0.00228	0.01033	0.00614	0.00563	0.01229
68	0.21299	0.11699	0.14952	0.02691	0.21011	0.10310	0.01959	0.02626	0.01774	0.02773	0.01356	0.01651	0.01095	0.00768	0.00690	0.00239	0.00996	0.00577	0.00421	0.01115
69	0.11001	0.02437	0.16312	0.03279	0.31758	0.06743	0.02145	0.02445	0.01798	0.02672	0.01976	0.02443	0.05361	0.05043	0.00986	0.00285	0.00989	0.00755	0.00440	0.01132

[dist]
# distance from previous block
# <min> <max>
6	74

[block]
# block no. 4 follows, 22 sequences, length 39
# corresponding to MSA columns:
# 371-409
name=unknown_E
#
# <colnr> <probs for GDERKNQSTAVLIFYWHMCP>
#	G	D	E	R	K	N	Q	S	T	A	V	L	I	F	Y	W	H	M	C	P
0	0.07630	0.01456	0.01885	0.07546	0.14435	0.01534	0.01400	0.04955	0.15210	0.03094	0.17530	0.05913	0.08865	0.01243	0.00855	0.00262	0.00677	0.01071	0.00690	0.03746
1	0.13191	0.15326	0.18804	0.02392	0.14937	0.08354	0.01954	0.02688	0.01853	0.07631	0.04446	0.01941	0.01477	0.00829	0.00717	0.00238	0.00978	0.00634	0.00474	0.01136
2	0.15597	0.08371	0.26965	0.05588	0.13127	0.01926	0.04980	0.02414	0.01726	0.02733	0.02066	0.02319	0.07056	0.00892	0.00752	0.00255	0.00980	0.00719	0.00434	0.01100
3	0.10880	0.02290	0.16374	0.08269	0.22763	0.01813	0.11601	0.02394	0.01818	0.02759	0.04938	0.02571	0.06146	0.00899	0.00822	0.00262	0.01001	0.00824	0.00458	0.01116
4	0.01751	0.01473	0.07397	0.01628	0.02078	0.01170	0.11404	0.02132	0.01920	0.12697	0.15442	0.12671	0.08455	0.10882	0.01378	0.00343	0.00764	0.01275	0.00696	0.04446
5	0.11859	0.02410	0.02218	0.18031	0.08561	0.25057	0.01676	0.04980	0.02066	0.09430	0.01930	0.02179	0.04341	0.00914	0.00769	0.00246	0.01093	0.00691	0.00520	0.01029
6	0.04848	0.10652	0.07421	0.15136	0.10732	0.07802	0.06597	0.02301	0.01820	0.02386	0.02146	0.03664	0.02021	0.01366	0.03740	0.00324	0.01083	0.14493	0.00482	0.00985
7	0.16108	0.11894	0.07971	0.01657	0.06831	0.01698	0.01348	0.04809	0.01706	0.02739	0.02048	0.08464	0.01910	0.01937	0.11975	0.00427	0.01007	0.03624	0.07043	0.04803
8	0.15301	0.13146	0.02360	0.01754	0.04953	0.15740	0.01370	0.08507	0.05341	0.12282	0.06711	0.02179	0.01835	0.00960	0.00814	0.00241	0.04114	0.00685	0.00613	0.01094
9	0.01966	0.05335	0.10173	0.02230	0.14257	0.04532	0.01608	0.10556	0.04948	0.06207	0.11615	0.11796	0.03007	0.06728	0.01127	0.00304	0.00828	0.01076	0.00639	0.01069
10	0.13210	0.24384	0.09117	0.02732	0.22696	0.10215	0.01883	0.02614	0.01799	0.02533	0.01333	0.01627	0.01121	0.00754	0.00673	0.00224	0.00988	0.00567	0.00405	0.01125
11	0.01734	0.01650	0.01827	0.02213	0.16484	0.11020	0.01360	0.02161	0.06687	0.02325	0.03526	0.04953	0.13411	0.15920	0.01605	0.00389	0.00865	0.10385	0.00586	0.00900
12	0.01551	0.01133	0.01391	0.04332	0.01751	0.01078	0.00982	0.02161	0.11326	0.07502	0.18120	0.20062	0.10002	0.01600	0.00902	0.00262	0.00549	0.01397	0.00771	0.13128
13	0.01835	0.02730	0.23737	0.18769	0.16832	0.07935	0.05525	0.02475	0.01874	0.02527	0.06474	0.02277	0.01664	0.00862	0.00827	0.00259	0.01117	0.00751	0.00423	0.01108
14	0.07441	0.44587	0.03153	0.06282	0.02091	0.02491	0.01254	0.02328	0.01679	0.02362	0.01541	0.01811	0.01305	0.00784	0.00565	0.00195	0.00770	0.00543	0.17844	0.00975
15	0.02949	0.06380	0.02393	0.11822	0.02930	0.42460	0.01629	0.03236	0.02224	0.13879	0.01674	0.01841	0.01257	0.00877	0.00767	0.00229	0.01265	0.00616	0.00527	0.01045
16	0.19156	0.06881	0.01807	0.01354	0.01749	0.01699	0.01118	0.02105	0.01521	0.02723	0.01548	0.01971	0.01323	0.01409	0.07245	0.00332	0.15117	0.00606	0.11513	0.18822
17	0.13719	0.03106	0.02076	0.01881	0.02331	0.42559	0.01433	0.03444	0.16597	0.02619	0.01754	0.01849	0.01386	0.00907	0.00737	0.00236	0.01176	0.00617	0.00538	0.01036
18	0.01739	0.01500	0.01565	0.01434	0.01847	0.01654	0.01108	0.03441	0.45321	0.03103	0.04902	0.04578	0.21494	0.01422	0.00887	0.00281	0.00586	0.01185	0.00823	0.01130
19	0.03116	0.03591	0.02386	0.02089	0.02570	0.52817	0.01599	0.16760	0.02705	0.02756	0.01445	0.01610	0.01147	0.00888	0.00768	0.00222	0.01366	0.00583	0.00519	0.01065
20	0.01180	0.00848	0.01084	0.01216	0.01312	0.00823	0.00834	0.05982	0.01772	0.02364	0.04377	0.64923	0.05175	0.02477	0.01042	0.00330	0.00516	0.02235	0.00776	0.00732
21	0.01142	0.00777	0.00926	0.00991	0.01007	0.00761	0.00594	0.01191	0.01338	0.01784	0.03283	0.27420	0.03859	0.47676	0.03154	0.00647	0.00696	0.01599	0.00594	0.00561
22	0.00982	0.00842	0.00842	0.00842	0.01122	0.00701	0.00631	0.01192	0.01894	0.02244	0.08416	0.07995	0.65285	0.02104	0.00982	0.00281	0.00421	0.01753	0.00771	0.00701
23	0.01196	0.00852	0.01143	0.01143	0.01225	0.00934	0.00799	0.01360	0.01278	0.01786	0.02401	0.04238	0.02500	0.35182	0.39139	0.01098	0.01589	0.01033	0.00471	0.00635
24	0.02449	0.01890	0.02005	0.01636	0.02175	0.02066	0.01319	0.36354	0.17505	0.04200	0.03660	0.03506	0.15029	0.01259	0.00866	0.00263	0.00751	0.01003	0.00822	0.01241
25	0.01027	0.00843	0.00904	0.00889	0.01150	0.00721	0.00667	0.01280	0.02000	0.02497	0.21633	0.07578	0.51910	0.02010	0.00981	0.00276	0.00414	0.01695	0.00805	0.00721
26	0.01012	0.00723	0.00964	0.01157	0.01205	0.00675	0.00771	0.01157	0.01591	0.02121	0.04579	0.70262	0.05495	0.02603	0.01060	0.00337	0.00482	0.02362	0.00771	0.00675
27	0.01010	0.00843	0.00881	0.00872	0.01140	0.00713	0.00654	0.01248	0.01961	0.02405	0.16794	0.07731	0.56807	0.02044	0.00982	0.00278	0.00417	0.01716	0.00793	0.00713
28	0.03103	0.03959	0.02354	0.02140	0.02568	0.67469	0.01605	0.03317	0.02354	0.02033	0.01284	0.01498	0.01070	0.00856	0.00749	0.00214	0.01498	0.00535	0.00428	0.00963
29	0.03158	0.02327	0.02493	0.01911	0.02576	0.02576	0.01579	0.62852	0.03906	0.05236	0.01995	0.01995	0.01413	0.00997	0.00831	0.00249	0.00914	0.00748	0.00831	0.01413
30	0.01010	0.00843	0.00881	0.00872	0.01140	0.00713	0.00654	0.01248	0.01961	0.02405	0.16794	0.07731	0.56807	0.02044	0.00982	0.00278	0.00417	0.01716	0.00793	0.00713
31	0.02056	0.01974	0.03372	0.05099	0.65622	0.01974	0.02550	0.02550	0.01892	0.02714	0.01563	0.02056	0.01316	0.00740	0.00822	0.00247	0.00987	0.00740	0.00411	0.01316
32	0.01723	0.01477	0.01723	0.01230	0.01969	0.01107	0.00984	0.02092	0.01723	0.02707	0.01477	0.01723	0.01230	0.00615	0.00615	0.00123	0.00615	0.00492	0.00492	0.75883
33	0.01616	0.21250	0.20674	0.08078	0.02619	0.01940	0.01786	0.02106	0.01658	0.02196	0.02497	0.02851	0.10049	0.02089	0.14700	0.00467	0.01221	0.00793	0.00431	0.00980
34	0.02056	0.01974	0.03372	0.05099	0.65622	0.01974	0.02550	0.02550	0.01892	0.02714	0.01563	0.02056	0.01316	0.00740	0.00822	0.00247	0.00987	0.00740	0.00411	0.01316
35	0.02056	0.01974	0.03372	0.05099	0.65622	0.01974	0.02550	0.02550	0.01892	0.02714	0.01563	0.02056	0.01316	0.00740	0.00822	0.00247	0.00987	0.00740	0.00411	0.01316
36	0.01251	0.00897	0.01085	0.01030	0.01273	0.00817	0.00775	0.01640	0.04281	0.05675	0.40571	0.09551	0.24431	0.01814	0.00973	0.00271	0.00428	0.01570	0.00868	0.00799
