[name]
unknown

[dist]
# distance from previous block
# <min> <max>
0	1

[block]
# block no. 0 follows, 22 sequences, length 34
# corresponding to MSA columns:
# 1-34
name=unknown_A
#
# <colnr> <probs for GDERKNQSTAVLIFYWHMCP>
#	G	D	E	R	K	N	Q	S	T	A	V	L	I	F	Y	W	H	M	C	P
0	0.01391	0.01030	0.01366	0.01512	0.01734	0.01050	0.01302	0.01953	0.07862	0.02569	0.04497	0.08704	0.07518	0.02174	0.01110	0.00368	0.00738	0.51535	0.00773	0.00814
1	0.02382	0.07875	0.26020	0.02043	0.02809	0.21984	0.02050	0.03266	0.13136	0.07773	0.01891	0.01977	0.01406	0.00885	0.00774	0.00245	0.01143	0.00655	0.00519	0.01167
2	0.02520	0.10806	0.02407	0.01911	0.02278	0.41487	0.01498	0.02752	0.01983	0.02001	0.01428	0.01842	0.01261	0.01908	0.13478	0.00435	0.08050	0.00610	0.00417	0.00928
3	0.01433	0.01102	0.01129	0.01074	0.01390	0.01118	0.00820	0.02310	0.20077	0.02805	0.05601	0.05410	0.32069	0.01551	0.00848	0.00260	0.00482	0.01285	0.18338	0.00898
4	0.01549	0.00774	0.00774	0.00774	0.00968	0.00774	0.00581	0.01936	0.01742	0.03097	0.02710	0.03097	0.02129	0.00968	0.00581	0.00194	0.00387	0.00774	0.75416	0.00774
5	0.01201	0.00834	0.01050	0.01050	0.01099	0.00883	0.00683	0.01300	0.01251	0.01717	0.02486	0.04709	0.02704	0.49174	0.25427	0.00983	0.01281	0.01102	0.00484	0.00583
6	0.01569	0.01477	0.02492	0.68808	0.05722	0.01846	0.02307	0.02123	0.01661	0.02123	0.01477	0.02215	0.01107	0.00831	0.00831	0.00277	0.01107	0.00738	0.00369	0.00923
7	0.01549	0.00774	0.00774	0.00774	0.00968	0.00774	0.00581	0.01936	0.01742	0.03097	0.02710	0.03097	0.02129	0.00968	0.00581	0.00194	0.00387	0.00774	0.75416	0.00774
8	0.02786	0.01912	0.02096	0.01653	0.02171	0.02066	0.01312	0.44023	0.03178	0.10052	0.02248	0.02821	0.01822	0.16199	0.01571	0.00371	0.00871	0.00856	0.00778	0.01215
9	0.00997	0.00833	0.00868	0.00878	0.01136	0.00705	0.00652	0.01214	0.01901	0.02306	0.11831	0.12505	0.57098	0.02115	0.00988	0.00283	0.00423	0.01782	0.00781	0.00705
10	0.02996	0.02147	0.02325	0.01818	0.02432	0.02361	0.01483	0.50402	0.09970	0.08729	0.02247	0.02311	0.01640	0.04026	0.00979	0.00277	0.00870	0.00793	0.00831	0.01363
11	0.12730	0.02466	0.12760	0.02080	0.06148	0.15934	0.08937	0.02615	0.01849	0.06609	0.01757	0.02123	0.01384	0.01578	0.10050	0.00395	0.01236	0.00693	0.07639	0.01016
12	0.01767	0.03697	0.50198	0.03073	0.19613	0.01941	0.02935	0.02610	0.01789	0.02652	0.01509	0.01832	0.01120	0.00777	0.00798	0.00259	0.01166	0.00646	0.00366	0.01251
13	0.02417	0.18991	0.10029	0.02022	0.06543	0.19548	0.01693	0.13291	0.04641	0.02748	0.01886	0.02082	0.04208	0.01237	0.04935	0.00296	0.01152	0.00667	0.00505	0.01107
14	0.05594	0.01080	0.01362	0.01304	0.01599	0.01034	0.00968	0.02424	0.07806	0.22126	0.03897	0.39685	0.03928	0.01887	0.00944	0.00303	0.00576	0.01662	0.00845	0.00975
15	0.02592	0.02444	0.05966	0.02569	0.10007	0.09580	0.13158	0.31139	0.02885	0.03779	0.01951	0.06430	0.01584	0.00991	0.00862	0.00257	0.01066	0.00865	0.00634	0.01239
16	0.02134	0.45115	0.22843	0.01770	0.02611	0.08655	0.01933	0.02605	0.01768	0.02165	0.01267	0.01474	0.01062	0.00747	0.00629	0.00207	0.01045	0.00503	0.00361	0.01105
17	0.01940	0.11793	0.25123	0.02194	0.02783	0.08379	0.04419	0.02427	0.01618	0.02241	0.01278	0.01719	0.01078	0.01045	0.01525	0.00288	0.28089	0.00643	0.00366	0.01053
18	0.02721	0.43916	0.03457	0.01549	0.02199	0.12995	0.01403	0.02992	0.01959	0.17303	0.01682	0.01716	0.01303	0.00810	0.00640	0.00202	0.00942	0.00552	0.00528	0.01133
19	0.01149	0.00854	0.01254	0.01296	0.01423	0.00959	0.00980	0.01412	0.01391	0.01970	0.02738	0.17851	0.02821	0.05441	0.53044	0.01118	0.01846	0.01210	0.00516	0.00727
20	0.01012	0.00723	0.00964	0.01157	0.01205	0.00675	0.00771	0.01157	0.01591	0.02121	0.04579	0.70262	0.05495	0.02603	0.01060	0.00337	0.00482	0.02362	0.00771	0.00675
21	0.01203	0.00827	0.01014	0.01014	0.01051	0.00864	0.00638	0.01277	0.01240	0.01691	0.02519	0.04890	0.02783	0.54552	0.20156	0.00939	0.01163	0.01128	0.00489	0.00563
22	0.01208	0.00805	0.00906	0.00906	0.00906	0.00805	0.00503	0.01208	0.01208	0.01611	0.02618	0.05436	0.03020	0.70804	0.04228	0.00805	0.00805	0.01208	0.00503	0.00503
23	0.02221	0.71304	0.04353	0.01421	0.02132	0.03287	0.01421	0.02488	0.01688	0.01955	0.01155	0.01333	0.01066	0.00711	0.00533	0.00178	0.00888	0.00444	0.00355	0.01066
24	0.26648	0.02520	0.23696	0.16336	0.03260	0.01888	0.01997	0.06038	0.01781	0.06538	0.01505	0.01794	0.01090	0.00818	0.00712	0.00263	0.00961	0.00607	0.00474	0.01074
25	0.01323	0.01090	0.01596	0.01518	0.01634	0.01364	0.01207	0.01595	0.01322	0.01944	0.01980	0.02951	0.01864	0.05199	0.53522	0.01125	0.16707	0.00855	0.00427	0.00778
26	0.01208	0.00805	0.00906	0.00906	0.00906	0.00805	0.00503	0.01208	0.01208	0.01611	0.02618	0.05436	0.03020	0.70804	0.04228	0.00805	0.00805	0.01208	0.00503	0.00503
27	0.01012	0.00723	0.00964	0.01157	0.01205	0.00675	0.00771	0.01157	0.01591	0.02121	0.04579	0.70262	0.05495	0.02603	0.01060	0.00337	0.00482	0.02362	0.00771	0.00675
28	0.06180	0.03016	0.02611	0.02880	0.20153	0.34998	0.01832	0.13306	0.02449	0.02852	0.01478	0.01733	0.01190	0.00844	0.00773	0.00231	0.01216	0.00625	0.00497	0.01136
29	0.02196	0.66934	0.04239	0.01469	0.02135	0.03240	0.01446	0.02457	0.01662	0.01957	0.01151	0.01363	0.01068	0.00757	0.00671	0.00189	0.05190	0.00462	0.00356	0.01056
30	0.01193	0.00866	0.01212	0.01212	0.01318	0.00972	0.00885	0.01405	0.01299	0.01837	0.02338	0.03886	0.02347	0.24740	0.49373	0.01183	0.01818	0.00981	0.00462	0.00673
31	0.02451	0.06102	0.02104	0.05456	0.02380	0.38233	0.01403	0.06283	0.06300	0.02361	0.03019	0.03078	0.15169	0.01145	0.00805	0.00237	0.01124	0.00846	0.00547	0.00958
32	0.05401	0.02332	0.14026	0.01925	0.05195	0.11448	0.01683	0.05103	0.01785	0.02619	0.01688	0.02129	0.01387	0.01360	0.05548	0.00333	0.17625	0.00687	0.16747	0.00978
33	0.05327	0.34769	0.06365	0.01870	0.07975	0.08412	0.01550	0.02983	0.01942	0.18939	0.01776	0.01826	0.01342	0.00816	0.00670	0.00215	0.00914	0.00590	0.00549	0.01172

[dist]
# distance from previous block
# <min> <max>
4	24

[block]
# block no. 1 follows, 22 sequences, length 27
# corresponding to MSA columns:
# 59-85
name=unknown_B
#
# <colnr> <probs for GDERKNQSTAVLIFYWHMCP>
#	G	D	E	R	K	N	Q	S	T	A	V	L	I	F	Y	W	H	M	C	P
0	0.02777	0.02894	0.17751	0.05062	0.02814	0.18523	0.01864	0.10070	0.07104	0.19802	0.02117	0.02128	0.01482	0.00921	0.00802	0.00249	0.01073	0.00699	0.00644	0.01223
1	0.11275	0.03285	0.02221	0.02064	0.05060	0.46848	0.01520	0.10222	0.02389	0.02678	0.01425	0.01630	0.01146	0.00863	0.00729	0.00224	0.01265	0.00569	0.03571	0.01017
2	0.02221	0.02588	0.07763	0.06988	0.35555	0.16321	0.11310	0.02720	0.01983	0.02524	0.01510	0.01948	0.01226	0.00767	0.00828	0.00247	0.01183	0.00722	0.00410	0.01185
3	0.08163	0.02311	0.02390	0.02831	0.24362	0.20506	0.01701	0.02779	0.02031	0.09930	0.02248	0.02428	0.06936	0.00920	0.00776	0.00232	0.00995	0.00739	0.00534	0.07188
4	0.02761	0.02827	0.06093	0.05321	0.12275	0.22755	0.01832	0.25736	0.06396	0.03470	0.01737	0.01908	0.01323	0.00903	0.00803	0.00242	0.01119	0.00683	0.00596	0.01220
5	0.02445	0.02247	0.02278	0.02287	0.12991	0.14899	0.01538	0.21511	0.06447	0.03311	0.02023	0.07006	0.01760	0.05053	0.01001	0.00267	0.00952	0.00826	0.00615	0.10544
6	0.01507	0.01383	0.01623	0.01615	0.07279	0.05329	0.01132	0.01795	0.01708	0.02304	0.03643	0.06681	0.19344	0.02291	0.13846	0.00446	0.06524	0.01042	0.00551	0.19956
7	0.01586	0.01336	0.01287	0.01219	0.01350	0.09596	0.00825	0.05857	0.01570	0.01981	0.02326	0.04266	0.02473	0.44399	0.15755	0.00792	0.01177	0.01027	0.00505	0.00673
8	0.01012	0.00723	0.00964	0.01157	0.01205	0.00675	0.00771	0.01157	0.01591	0.02121	0.04579	0.70262	0.05495	0.02603	0.01060	0.00337	0.00482	0.02362	0.00771	0.00675
9	0.01923	0.44784	0.09897	0.01505	0.02108	0.02589	0.01494	0.02279	0.01793	0.02302	0.13954	0.02387	0.02417	0.00976	0.00826	0.00218	0.06372	0.00695	0.00467	0.01014
10	0.03103	0.03959	0.02354	0.02140	0.02568	0.67469	0.01605	0.03317	0.02354	0.02033	0.01284	0.01498	0.01070	0.00856	0.00749	0.00214	0.01498	0.00535	0.00428	0.00963
11	0.02792	0.27894	0.03080	0.01865	0.02413	0.39269	0.01537	0.07850	0.02242	0.02265	0.01296	0.01479	0.01096	0.00816	0.00679	0.00204	0.01233	0.00520	0.00435	0.01036
12	0.01918	0.01777	0.02980	0.04410	0.53288	0.01777	0.02316	0.02390	0.01896	0.02670	0.02110	0.03468	0.01985	0.01040	0.00885	0.00273	0.00944	0.12185	0.00479	0.01210
13	0.01901	0.08995	0.27900	0.03461	0.28963	0.02113	0.05936	0.02550	0.01788	0.02570	0.01478	0.01872	0.01176	0.00796	0.00903	0.00256	0.05060	0.00678	0.00381	0.01225
14	0.01713	0.01556	0.02672	0.19389	0.15664	0.01640	0.13459	0.02245	0.07167	0.02329	0.02111	0.02805	0.04659	0.05602	0.01463	0.12258	0.00987	0.00880	0.00456	0.00947
15	0.01208	0.00805	0.00906	0.00906	0.00906	0.00805	0.00503	0.01208	0.01208	0.01611	0.02618	0.05436	0.03020	0.70804	0.04228	0.00805	0.00805	0.01208	0.00503	0.00503
16	0.01514	0.01100	0.01303	0.01298	0.01493	0.01119	0.00931	0.15232	0.02105	0.02801	0.04014	0.47514	0.06918	0.06998	0.01227	0.00348	0.00601	0.01887	0.00766	0.00832
17	0.02052	0.06507	0.15242	0.03550	0.22612	0.07864	0.24832	0.02670	0.01922	0.02577	0.01546	0.01981	0.01212	0.00743	0.00853	0.00255	0.01224	0.00772	0.00402	0.01182
18	0.01187	0.00890	0.01335	0.01335	0.01483	0.01038	0.01038	0.01483	0.01335	0.01928	0.02225	0.03264	0.02077	0.06231	0.67512	0.01335	0.02225	0.00890	0.00445	0.00742
19	0.01019	0.00781	0.00936	0.01029	0.01179	0.00697	0.00721	0.01216	0.01787	0.02302	0.12794	0.40259	0.27657	0.02318	0.01023	0.00308	0.00449	0.02042	0.00787	0.00697
20	0.02562	0.02626	0.08111	0.05873	0.07104	0.19857	0.17308	0.03011	0.02052	0.14528	0.01792	0.02060	0.01325	0.00888	0.01011	0.00261	0.07230	0.00752	0.00525	0.01126
21	0.02407	0.21366	0.03123	0.02320	0.10000	0.26329	0.06983	0.02876	0.06566	0.02246	0.01549	0.01847	0.01305	0.01245	0.06142	0.00310	0.01261	0.00633	0.00438	0.01055
22	0.01792	0.02985	0.30568	0.03028	0.10700	0.01922	0.26286	0.02559	0.01893	0.02701	0.06040	0.02292	0.01640	0.00812	0.00882	0.00268	0.01210	0.00835	0.00424	0.01164
23	0.07992	0.02342	0.09330	0.10561	0.07842	0.17072	0.01703	0.02817	0.01999	0.15033	0.05613	0.04915	0.01874	0.01009	0.00873	0.00255	0.03898	0.00782	0.03018	0.01070
24	0.11059	0.13793	0.23451	0.02618	0.18570	0.02090	0.02137	0.02413	0.01719	0.02610	0.01941	0.02213	0.06213	0.00905	0.00850	0.00252	0.04927	0.00695	0.00421	0.01123
25	0.02641	0.02834	0.02174	0.02002	0.04792	0.33137	0.01486	0.12649	0.17922	0.02934	0.02506	0.02523	0.06706	0.01042	0.00808	0.00243	0.01091	0.00776	0.00622	0.01113
26	0.02018	0.01776	0.06127	0.02375	0.16058	0.01718	0.01635	0.03280	0.28450	0.08814	0.03381	0.03898	0.07485	0.01229	0.00883	0.00282	0.00764	0.07904	0.00720	0.01204

[dist]
# distance from previous block
# <min> <max>
0	2

[block]
# block no. 2 follows, 22 sequences, length 47
# corresponding to MSA columns:
# 88-134
name=unknown_C
#
# <colnr> <probs for GDERKNQSTAVLIFYWHMCP>
#	G	D	E	R	K	N	Q	S	T	A	V	L	I	F	Y	W	H	M	C	P
0	0.07181	0.03299	0.17300	0.02712	0.08934	0.27313	0.16212	0.02884	0.02025	0.02485	0.01440	0.01770	0.01122	0.00789	0.00804	0.00246	0.01313	0.00670	0.00413	0.01087
1	0.18142	0.02413	0.05854	0.04341	0.02146	0.24579	0.01299	0.02715	0.05079	0.02787	0.01721	0.01971	0.01359	0.00860	0.00665	0.00223	0.00941	0.00604	0.17551	0.04752
2	0.01992	0.25966	0.20119	0.01752	0.02504	0.08912	0.01801	0.02450	0.01749	0.02294	0.01458	0.04467	0.01281	0.00857	0.00803	0.00213	0.05401	0.00607	0.00405	0.14968
3	0.01072	0.00785	0.01023	0.01136	0.01235	0.00760	0.00797	0.01257	0.01606	0.02138	0.07464	0.41902	0.11855	0.08692	0.11311	0.00518	0.00771	0.04288	0.00707	0.00683
4	0.05696	0.02732	0.22704	0.06071	0.17995	0.01998	0.25488	0.02593	0.01843	0.02697	0.01562	0.02006	0.01186	0.00745	0.00857	0.00266	0.01204	0.00779	0.00400	0.01178
5	0.02559	0.26167	0.06491	0.02408	0.13048	0.31653	0.01777	0.02876	0.02023	0.02152	0.01298	0.01549	0.01109	0.00785	0.00691	0.00210	0.01195	0.00543	0.00397	0.01070
6	0.01349	0.01052	0.01239	0.01099	0.01424	0.00961	0.00842	0.04819	0.05179	0.03104	0.37498	0.05646	0.19454	0.01582	0.00917	0.00247	0.00468	0.01358	0.00817	0.10944
7	0.01282	0.01030	0.01517	0.01462	0.01588	0.01265	0.01156	0.01561	0.01326	0.01939	0.02054	0.03046	0.01928	0.05512	0.57765	0.01189	0.12314	0.00866	0.00433	0.00767
8	0.02141	0.02227	0.03529	0.04203	0.40772	0.08697	0.16391	0.02775	0.05983	0.02681	0.01679	0.02110	0.01357	0.00768	0.00853	0.00253	0.01114	0.00788	0.00443	0.01234
9	0.02315	0.14981	0.06342	0.05823	0.33065	0.18856	0.02124	0.02722	0.01958	0.02380	0.01412	0.01776	0.01188	0.00770	0.00751	0.00228	0.01115	0.00629	0.00401	0.01163
10	0.01894	0.01013	0.01280	0.01119	0.01454	0.00897	0.00861	0.02198	0.02180	0.21714	0.29692	0.05556	0.18886	0.06122	0.01150	0.00300	0.00520	0.01341	0.00889	0.00934
11	0.01187	0.00890	0.01335	0.01335	0.01483	0.01038	0.01038	0.01483	0.01335	0.01928	0.02225	0.03264	0.02077	0.06231	0.67512	0.01335	0.02225	0.00890	0.00445	0.00742
12	0.01401	0.01154	0.01392	0.01527	0.05718	0.01159	0.01137	0.02143	0.15157	0.02617	0.05561	0.07026	0.27621	0.01871	0.00998	0.00313	0.00623	0.20928	0.00762	0.00893
13	0.03109	0.03793	0.02368	0.02117	0.02569	0.60843	0.01602	0.09396	0.02513	0.02360	0.01357	0.01549	0.01105	0.00870	0.00757	0.00218	0.01439	0.00557	0.00469	0.01009
14	0.01130	0.00800	0.01011	0.01135	0.01212	0.00769	0.00793	0.01283	0.01561	0.02050	0.04222	0.35478	0.08554	0.22462	0.01999	0.00479	0.00627	0.13101	0.00692	0.00644
15	0.01399	0.01202	0.01742	0.01620	0.01718	0.01546	0.01301	0.01657	0.01314	0.01952	0.01843	0.02777	0.01745	0.04622	0.45694	0.01008	0.24809	0.00835	0.00418	0.00798
16	0.01021	0.00730	0.00972	0.01151	0.01207	0.00681	0.00772	0.01179	0.01631	0.02186	0.07826	0.66830	0.05620	0.02554	0.01056	0.00333	0.00477	0.02316	0.00779	0.00681
17	0.01549	0.00774	0.00774	0.00774	0.00968	0.00774	0.00581	0.01936	0.01742	0.03097	0.02710	0.03097	0.02129	0.00968	0.00581	0.00194	0.00387	0.00774	0.75416	0.00774
18	0.02056	0.01974	0.03372	0.05099	0.65622	0.01974	0.02550	0.02550	0.01892	0.02714	0.01563	0.02056	0.01316	0.00740	0.00822	0.00247	0.00987	0.00740	0.00411	0.01316
19	0.01399	0.01145	0.01729	0.02322	0.18744	0.01120	0.01428	0.01721	0.01798	0.02409	0.03958	0.27738	0.08053	0.01966	0.01020	0.00324	0.00707	0.20868	0.00672	0.00879
20	0.01549	0.00774	0.00774	0.00774	0.00968	0.00774	0.00581	0.01936	0.01742	0.03097	0.02710	0.03097	0.02129	0.00968	0.00581	0.00194	0.00387	0.00774	0.75416	0.00774
21	0.02501	0.02860	0.02229	0.08897	0.05296	0.38754	0.01601	0.06613	0.02124	0.02245	0.01537	0.02048	0.01327	0.04525	0.10187	0.00410	0.04782	0.00664	0.00450	0.00951
22	0.76672	0.01607	0.01221	0.01092	0.01607	0.01864	0.00900	0.02442	0.01414	0.03727	0.01157	0.01350	0.00900	0.00771	0.00514	0.00257	0.00643	0.00450	0.00514	0.00900
23	0.01012	0.00723	0.00964	0.01157	0.01205	0.00675	0.00771	0.01157	0.01591	0.02121	0.04579	0.70262	0.05495	0.02603	0.01060	0.00337	0.00482	0.02362	0.00771	0.00675
24	0.01818	0.01818	0.02545	0.02181	0.02181	0.02545	0.01818	0.01999	0.01272	0.01999	0.01091	0.01818	0.01091	0.01454	0.02726	0.00364	0.69284	0.00727	0.00364	0.00909
25	0.03103	0.03959	0.02354	0.02140	0.02568	0.67469	0.01605	0.03317	0.02354	0.02033	0.01284	0.01498	0.01070	0.00856	0.00749	0.00214	0.01498	0.00535	0.00428	0.00963
26	0.00982	0.00842	0.00842	0.00842	0.01122	0.00701	0.00631	0.01192	0.01894	0.02244	0.08416	0.07995	0.65285	0.02104	0.00982	0.00281	0.00421	0.01753	0.00771	0.00701
27	0.02221	0.71304	0.04353	0.01421	0.02132	0.03287	0.01421	0.02488	0.01688	0.01955	0.01155	0.01333	0.01066	0.00711	0.00533	0.00178	0.00888	0.00444	0.00355	0.01066
28	0.01005	0.00750	0.00936	0.01085	0.01186	0.00681	0.00739	0.01165	0.01660	0.02149	0.05453	0.56077	0.19115	0.02489	0.01042	0.00324	0.00468	0.02223	0.00771	0.00681
29	0.00982	0.00842	0.00842	0.00842	0.01122	0.00701	0.00631	0.01192	0.01894	0.02244	0.08416	0.07995	0.65285	0.02104	0.00982	0.00281	0.00421	0.01753	0.00771	0.00701
30	0.01088	0.00777	0.01051	0.01244	0.01325	0.00740	0.00904	0.01288	0.01666	0.02206	0.04537	0.56049	0.05328	0.02531	0.01081	0.00348	0.00548	0.15823	0.00770	0.00696
31	0.01147	0.00780	0.00924	0.00984	0.00999	0.00765	0.00587	0.01192	0.01327	0.01769	0.03227	0.25569	0.03789	0.49623	0.03244	0.00660	0.00705	0.01566	0.00587	0.00557
32	0.01187	0.00890	0.01335	0.01335	0.01483	0.01038	0.01038	0.01483	0.01335	0.01928	0.02225	0.03264	0.02077	0.06231	0.67512	0.01335	0.02225	0.00890	0.00445	0.00742
33	0.03103	0.03959	0.02354	0.02140	0.02568	0.67469	0.01605	0.03317	0.02354	0.02033	0.01284	0.01498	0.01070	0.00856	0.00749	0.00214	0.01498	0.00535	0.00428	0.00963
34	0.01967	0.02503	0.17753	0.04477	0.51492	0.01964	0.02668	0.02568	0.01860	0.02695	0.01546	0.01987	0.01256	0.00751	0.00815	0.00250	0.01042	0.00711	0.00397	0.01296
35	0.02834	0.03470	0.02546	0.06131	0.14183	0.52175	0.01813	0.03116	0.02234	0.02161	0.01345	0.01637	0.01117	0.00834	0.00767	0.00223	0.01385	0.00583	0.00422	0.01025
36	0.03158	0.02327	0.02493	0.01911	0.02576	0.02576	0.01579	0.62852	0.03906	0.05236	0.01995	0.01995	0.01413	0.00997	0.00831	0.00249	0.00914	0.00748	0.00831	0.01413
37	0.01796	0.01614	0.05159	0.02074	0.13124	0.04897	0.01427	0.04623	0.01830	0.04759	0.02907	0.09890	0.09223	0.01301	0.01147	0.00268	0.13155	0.01014	0.18835	0.00958
38	0.01208	0.00805	0.00906	0.00906	0.00906	0.00805	0.00503	0.01208	0.01208	0.01611	0.02618	0.05436	0.03020	0.70804	0.04228	0.00805	0.00805	0.01208	0.00503	0.00503
39	0.01818	0.01818	0.02545	0.02181	0.02181	0.02545	0.01818	0.01999	0.01272	0.01999	0.01091	0.01818	0.01091	0.01454	0.02726	0.00364	0.69284	0.00727	0.00364	0.00909
40	0.02124	0.02337	0.02478	0.02269	0.05549	0.20650	0.03910	0.02363	0.01642	0.02061	0.01323	0.01924	0.01218	0.01779	0.09574	0.00426	0.36342	0.00702	0.00396	0.00933
41	0.02294	0.23418	0.27770	0.02022	0.02841	0.23667	0.02119	0.02813	0.01931	0.02242	0.01327	0.01550	0.01062	0.00788	0.00703	0.00223	0.01218	0.00540	0.00377	0.01095
42	0.01099	0.00792	0.01025	0.01097	0.01216	0.00738	0.00775	0.01342	0.01884	0.02569	0.27662	0.35925	0.09267	0.06693	0.01237	0.00338	0.00478	0.04345	0.00808	0.00710
43	0.01229	0.00976	0.01244	0.01448	0.05560	0.00932	0.01046	0.01613	0.05169	0.02391	0.05613	0.21050	0.25882	0.02130	0.01033	0.00323	0.00592	0.20231	0.00750	0.00788
44	0.01999	0.02094	0.07454	0.09044	0.57678	0.01963	0.02568	0.02527	0.01868	0.02670	0.01552	0.02047	0.01285	0.00749	0.00821	0.00250	0.01011	0.00732	0.00405	0.01285
45	0.04578	0.03066	0.26923	0.02179	0.06798	0.17032	0.02064	0.02609	0.05002	0.02419	0.01700	0.02113	0.01378	0.02058	0.15975	0.00496	0.01452	0.00678	0.00425	0.01054
46	0.02162	0.02374	0.02209	0.02605	0.19487	0.27425	0.01593	0.02487	0.02148	0.02525	0.16254	0.09745	0.03131	0.01194	0.00854	0.00246	0.01002	0.00998	0.00569	0.00990

[dist]
# distance from previous block
# <min> <max>
2	4

[block]
# block no. 3 follows, 22 sequences, length 20
# corresponding to MSA columns:
# 139-158
name=unknown_D
#
# <colnr> <probs for GDERKNQSTAVLIFYWHMCP>
#	G	D	E	R	K	N	Q	S	T	A	V	L	I	F	Y	W	H	M	C	P
0	0.16987	0.02018	0.01760	0.01520	0.02002	0.11750	0.01201	0.17694	0.14663	0.03490	0.03319	0.03247	0.14641	0.01185	0.00790	0.00258	0.00796	0.00902	0.00698	0.01078
1	0.08670	0.01123	0.01367	0.01191	0.01589	0.01016	0.00928	0.02405	0.02054	0.24760	0.16092	0.14359	0.14273	0.01535	0.00883	0.00267	0.00553	0.01300	0.00851	0.04783
2	0.01752	0.03233	0.37381	0.02641	0.12993	0.06517	0.07082	0.02456	0.01856	0.02545	0.02534	0.02751	0.10688	0.00976	0.00835	0.00261	0.01102	0.00826	0.00434	0.01136
3	0.01873	0.23415	0.39990	0.02004	0.02956	0.05987	0.02357	0.02543	0.01738	0.02349	0.01437	0.01730	0.01134	0.01177	0.05702	0.00316	0.01220	0.00581	0.00364	0.01130
4	0.01706	0.03390	0.44339	0.15886	0.13383	0.01920	0.02840	0.02518	0.01756	0.02543	0.01499	0.01890	0.01103	0.00790	0.00802	0.00263	0.01168	0.00657	0.00364	0.01181
5	0.02156	0.02171	0.03240	0.04477	0.51652	0.08498	0.05406	0.02767	0.06452	0.02699	0.01673	0.02086	0.01377	0.00778	0.00825	0.00248	0.01035	0.00746	0.00445	0.01271
6	0.02002	0.02178	0.02755	0.02923	0.20786	0.17020	0.13654	0.02409	0.02057	0.02514	0.08722	0.03449	0.13708	0.01102	0.00881	0.00253	0.01028	0.00998	0.00531	0.01031
7	0.01287	0.01102	0.01480	0.01880	0.14551	0.01023	0.01192	0.01596	0.01898	0.02398	0.06061	0.07094	0.37909	0.01868	0.00988	0.00297	0.00618	0.15219	0.00696	0.00843
8	0.02693	0.03098	0.02077	0.01849	0.02284	0.44498	0.01409	0.11890	0.02498	0.02558	0.02798	0.02855	0.13789	0.01124	0.00807	0.00232	0.01197	0.00808	0.00557	0.00979
9	0.02461	0.09579	0.15611	0.02518	0.07116	0.15755	0.13959	0.17398	0.02444	0.03088	0.01581	0.01835	0.01203	0.00825	0.00807	0.00244	0.01194	0.00694	0.00501	0.01187
10	0.01818	0.01662	0.01440	0.01318	0.01619	0.17334	0.00997	0.02133	0.02284	0.07637	0.35895	0.05056	0.14553	0.01501	0.00912	0.00252	0.00695	0.01250	0.00781	0.00864
11	0.01104	0.00815	0.00884	0.00896	0.01012	0.00755	0.00572	0.01198	0.01509	0.01899	0.05081	0.10620	0.28289	0.38731	0.02716	0.00564	0.00630	0.01502	0.00629	0.00594
12	0.02757	0.03482	0.07263	0.02551	0.11976	0.47050	0.01829	0.05646	0.02262	0.02313	0.01414	0.01701	0.01165	0.01080	0.03749	0.00274	0.01409	0.00597	0.00438	0.01045
13	0.03012	0.03582	0.02382	0.06379	0.02771	0.54607	0.01647	0.11185	0.02517	0.02466	0.01391	0.01610	0.01118	0.00873	0.00765	0.00223	0.01395	0.00576	0.00478	0.01021
14	0.01740	0.01063	0.01323	0.01281	0.01610	0.00997	0.01053	0.02200	0.06541	0.15115	0.09982	0.06958	0.23035	0.01856	0.01000	0.00310	0.00611	0.21575	0.00836	0.00915
15	0.01844	0.01751	0.02873	0.04259	0.52899	0.01723	0.02171	0.02282	0.01892	0.02621	0.02914	0.03228	0.13934	0.01009	0.00854	0.00253	0.00875	0.00940	0.00482	0.01195
16	0.02313	0.02591	0.02222	0.02448	0.14933	0.32280	0.01592	0.04821	0.02068	0.02287	0.02188	0.02564	0.06987	0.02055	0.14542	0.00459	0.01428	0.00765	0.00473	0.00982
17	0.01082	0.00848	0.00984	0.00981	0.01214	0.00750	0.00746	0.01371	0.02056	0.02667	0.29401	0.09871	0.36862	0.01984	0.00996	0.00283	0.00437	0.05907	0.00825	0.00736
18	0.01595	0.00906	0.01113	0.01086	0.01287	0.00824	0.00758	0.01749	0.01703	0.14646	0.04575	0.26360	0.16456	0.20886	0.01868	0.00438	0.00602	0.01619	0.00749	0.00779
19	0.01989	0.25916	0.12818	0.04499	0.02647	0.05579	0.05339	0.02361	0.01588	0.02122	0.01229	0.01668	0.01086	0.01009	0.01433	0.00271	0.26436	0.00620	0.00365	0.01025

[dist]
# distance from previous block
# <min> <max>
0	1

[block]
# block no. 4 follows, 22 sequences, length 20
# corresponding to MSA columns:
# 160-179
name=unknown_E
#
# <colnr> <probs for GDERKNQSTAVLIFYWHMCP>
#	G	D	E	R	K	N	Q	S	T	A	V	L	I	F	Y	W	H	M	C	P
0	0.01054	0.00763	0.01054	0.01200	0.01272	0.00763	0.00836	0.01236	0.01529	0.02074	0.04008	0.54016	0.04666	0.03482	0.17174	0.00579	0.00905	0.02005	0.00692	0.00691
1	0.01351	0.01083	0.01381	0.09185	0.01969	0.01161	0.01084	0.02106	0.16848	0.02586	0.10755	0.38800	0.04528	0.01936	0.00972	0.00308	0.00588	0.01730	0.00758	0.00871
2	0.02933	0.03672	0.02339	0.02230	0.05500	0.60188	0.01615	0.03166	0.02268	0.02059	0.01356	0.01635	0.01145	0.01188	0.04939	0.00286	0.01519	0.00567	0.00428	0.00966
3	0.03106	0.03870	0.02362	0.02128	0.02569	0.63936	0.01604	0.06559	0.02439	0.02208	0.01323	0.01525	0.01089	0.00864	0.00754	0.00216	0.01466	0.00547	0.00450	0.00988
4	0.01038	0.00844	0.00919	0.00900	0.01156	0.00725	0.00675	0.01300	0.02025	0.02557	0.24761	0.07480	0.48744	0.01987	0.00981	0.00275	0.00412	0.01681	0.00813	0.00725
5	0.02221	0.71304	0.04353	0.01421	0.02132	0.03287	0.01421	0.02488	0.01688	0.01955	0.01155	0.01333	0.01066	0.00711	0.00533	0.00178	0.00888	0.00444	0.00355	0.01066
6	0.00982	0.00842	0.00842	0.00842	0.01122	0.00701	0.00631	0.01192	0.01894	0.02244	0.08416	0.07995	0.65285	0.02104	0.00982	0.00281	0.00421	0.01753	0.00771	0.00701
7	0.01047	0.00844	0.00932	0.00910	0.01162	0.00729	0.00682	0.01318	0.02047	0.02608	0.27414	0.07396	0.46060	0.01968	0.00981	0.00274	0.00411	0.01669	0.00819	0.00729
8	0.01178	0.00796	0.00924	0.00949	0.00966	0.00785	0.00556	0.01218	0.01319	0.01768	0.05944	0.14846	0.03612	0.57583	0.03612	0.00711	0.00739	0.01389	0.00562	0.00542
9	0.01208	0.00805	0.00906	0.00906	0.00906	0.00805	0.00503	0.01208	0.01208	0.01611	0.02618	0.05436	0.03020	0.70804	0.04228	0.00805	0.00805	0.01208	0.00503	0.00503
10	0.01160	0.00789	0.00940	0.00987	0.01005	0.00785	0.00593	0.01208	0.01307	0.01749	0.03075	0.21056	0.03577	0.51279	0.06388	0.00716	0.00793	0.01473	0.00566	0.00556
11	0.01047	0.00738	0.00954	0.01112	0.01151	0.00698	0.00723	0.01166	0.01522	0.02029	0.04226	0.58616	0.05050	0.14855	0.01629	0.00421	0.00540	0.02154	0.00723	0.00644
12	0.01235	0.00960	0.01427	0.01399	0.01536	0.01153	0.01097	0.01523	0.01330	0.01934	0.02139	0.03154	0.02002	0.05868	0.62600	0.01261	0.07310	0.00878	0.00439	0.00754
13	0.01012	0.00723	0.00964	0.01157	0.01205	0.00675	0.00771	0.01157	0.01591	0.02121	0.04579	0.70262	0.05495	0.02603	0.01060	0.00337	0.00482	0.02362	0.00771	0.00675
14	0.01554	0.01446	0.02196	0.01913	0.02041	0.01855	0.06087	0.01825	0.01352	0.02019	0.01630	0.02480	0.01533	0.03478	0.30822	0.00781	0.34919	0.00817	0.00403	0.00852
15	0.01521	0.02162	0.20790	0.02495	0.19415	0.01426	0.01903	0.02073	0.01963	0.02749	0.18293	0.04121	0.15180	0.01250	0.00882	0.00262	0.00804	0.01084	0.00585	0.01042
16	0.16951	0.02142	0.02142	0.01929	0.05429	0.14491	0.04949	0.03421	0.18865	0.14076	0.02205	0.02228	0.01633	0.00964	0.00878	0.00263	0.04898	0.00729	0.00658	0.01149
17	0.02347	0.02884	0.10427	0.03828	0.38078	0.23045	0.02306	0.02806	0.02024	0.02485	0.01465	0.01841	0.01206	0.00783	0.00795	0.00238	0.01180	0.00659	0.00410	0.01192
18	0.01815	0.15273	0.02977	0.02108	0.06414	0.09475	0.17882	0.02199	0.01954	0.02374	0.07450	0.03899	0.20370	0.01196	0.00857	0.00249	0.00937	0.01069	0.00542	0.00960
19	0.00999	0.00821	0.00880	0.00911	0.01144	0.00702	0.00666	0.01209	0.01867	0.02290	0.11256	0.19109	0.50932	0.02169	0.00996	0.00290	0.00430	0.01847	0.00780	0.00702

[dist]
# distance from previous block
# <min> <max>
0	1

[block]
# block no. 5 follows, 22 sequences, length 29
# corresponding to MSA columns:
# 181-209
name=unknown_F
#
# <colnr> <probs for GDERKNQSTAVLIFYWHMCP>
#	G	D	E	R	K	N	Q	S	T	A	V	L	I	F	Y	W	H	M	C	P
0	0.02225	0.02143	0.02156	0.02590	0.21440	0.20031	0.01562	0.06339	0.02076	0.02755	0.01886	0.02266	0.01533	0.01141	0.04190	0.00278	0.01013	0.00701	0.22642	0.01033
1	0.13484	0.08236	0.24122	0.06333	0.06292	0.11071	0.05110	0.10859	0.02085	0.02993	0.01468	0.01727	0.01109	0.00814	0.00742	0.00248	0.01096	0.00616	0.00460	0.01135
2	0.02103	0.02776	0.17957	0.01814	0.02429	0.18564	0.01700	0.03072	0.18208	0.05284	0.06164	0.03190	0.10940	0.01136	0.00832	0.00257	0.00971	0.00893	0.00615	0.01093
3	0.01791	0.02754	0.28267	0.02315	0.03121	0.01792	0.19061	0.08511	0.01947	0.02714	0.02124	0.02846	0.04598	0.12803	0.01444	0.00360	0.01133	0.00887	0.00466	0.01067
4	0.02260	0.12356	0.02176	0.01674	0.02058	0.31965	0.01293	0.02696	0.08432	0.02256	0.05309	0.14489	0.07137	0.01302	0.00811	0.00245	0.01017	0.01020	0.00568	0.00935
5	0.01150	0.00830	0.00976	0.00950	0.01085	0.00776	0.00643	0.01351	0.01810	0.02437	0.29240	0.06259	0.17389	0.28985	0.02259	0.00479	0.00560	0.01437	0.00724	0.00657
6	0.02365	0.02216	0.02028	0.01792	0.02276	0.13289	0.01394	0.10753	0.46852	0.03426	0.02868	0.02703	0.02160	0.01066	0.00827	0.00267	0.00830	0.00849	0.00772	0.01266
7	0.01226	0.01044	0.01371	0.01376	0.01455	0.01189	0.01029	0.01393	0.01561	0.02111	0.04359	0.39779	0.15668	0.02195	0.01499	0.00334	0.19207	0.01801	0.00660	0.00744
8	0.01995	0.23248	0.20669	0.02293	0.03038	0.05871	0.15348	0.02526	0.01731	0.02302	0.01356	0.01733	0.01109	0.00860	0.01075	0.00256	0.12468	0.00659	0.00373	0.01090
9	0.02359	0.01870	0.02019	0.01720	0.02226	0.02101	0.01379	0.25173	0.34617	0.04040	0.06781	0.03289	0.02601	0.01189	0.00868	0.00275	0.00740	0.04632	0.00839	0.01283
10	0.01186	0.00828	0.01023	0.01045	0.01104	0.00851	0.00687	0.01291	0.01331	0.01790	0.03044	0.09382	0.06257	0.45304	0.17576	0.00843	0.01074	0.04259	0.00535	0.00590
11	0.02225	0.02534	0.03189	0.02716	0.06870	0.21406	0.20482	0.02608	0.01882	0.02288	0.01567	0.02345	0.01384	0.01054	0.01388	0.00288	0.19850	0.04489	0.00428	0.01006
12	0.01834	0.02603	0.21927	0.12325	0.25434	0.04595	0.05235	0.02443	0.01767	0.02482	0.01549	0.02052	0.01242	0.01222	0.05951	0.00344	0.04742	0.00715	0.00389	0.01148
13	0.01790	0.01943	0.01538	0.01463	0.01750	0.24041	0.01110	0.02032	0.01861	0.02062	0.03803	0.04106	0.21184	0.03091	0.23810	0.00621	0.01417	0.01032	0.00540	0.00806
14	0.01243	0.00847	0.01120	0.01120	0.01226	0.00927	0.00802	0.01456	0.01349	0.01984	0.02419	0.03946	0.02390	0.26472	0.37863	0.01008	0.01514	0.00978	0.10668	0.00669
15	0.01561	0.03258	0.44155	0.02298	0.07775	0.01672	0.05576	0.02311	0.01806	0.02554	0.03024	0.03170	0.15163	0.01069	0.00844	0.00267	0.01042	0.00892	0.00451	0.01113
16	0.01972	0.02023	0.03258	0.21779	0.30445	0.06940	0.12329	0.02476	0.01837	0.02448	0.01508	0.02073	0.01217	0.00811	0.00964	0.00265	0.05367	0.00763	0.00400	0.01125
17	0.00982	0.00842	0.00842	0.00842	0.01122	0.00701	0.00631	0.01192	0.01894	0.02244	0.08416	0.07995	0.65285	0.02104	0.00982	0.00281	0.00421	0.01753	0.00771	0.00701
18	0.02124	0.02414	0.09683	0.04518	0.52844	0.08695	0.02505	0.02637	0.01925	0.02636	0.01527	0.01968	0.01264	0.00757	0.00812	0.00245	0.01064	0.00706	0.00407	0.01271
19	0.01967	0.12456	0.20324	0.03692	0.33952	0.02162	0.08693	0.02574	0.01833	0.02579	0.01498	0.01893	0.01205	0.00745	0.00789	0.00245	0.01079	0.00690	0.00388	0.01237
20	0.01437	0.01209	0.01759	0.01896	0.09535	0.01432	0.01280	0.01669	0.01363	0.01973	0.01982	0.03274	0.01974	0.18659	0.31207	0.00872	0.16341	0.00906	0.00436	0.00798
21	0.00994	0.00842	0.00859	0.00854	0.01130	0.00707	0.00641	0.01216	0.01922	0.02313	0.12003	0.07882	0.61655	0.02078	0.00982	0.00279	0.00419	0.01737	0.00780	0.00707
22	0.01016	0.00810	0.00910	0.00954	0.01160	0.00705	0.00689	0.01232	0.01871	0.02354	0.14849	0.24716	0.41435	0.02186	0.01003	0.00293	0.00434	0.01886	0.00790	0.00705
23	0.01036	0.00825	0.00935	0.00984	0.01198	0.00724	0.00732	0.01264	0.01877	0.02351	0.13326	0.21557	0.41484	0.02184	0.01011	0.00299	0.00457	0.06260	0.00786	0.00709
24	0.01997	0.01948	0.02713	0.02903	0.21842	0.06812	0.06792	0.04957	0.01823	0.02575	0.01498	0.01979	0.01281	0.01216	0.05367	0.00311	0.14625	0.00695	0.00443	0.18226
25	0.09611	0.01912	0.01650	0.01417	0.01889	0.15776	0.01094	0.02559	0.10818	0.02856	0.14194	0.03148	0.07427	0.01073	0.00763	0.00217	0.00761	0.00846	0.00631	0.21356
26	0.01906	0.02223	0.09334	0.03403	0.31391	0.09895	0.07808	0.02363	0.01904	0.02497	0.02546	0.11192	0.07673	0.01118	0.00870	0.00262	0.00999	0.01024	0.00487	0.01106
27	0.01197	0.01041	0.01405	0.12939	0.08479	0.01021	0.01140	0.01482	0.01793	0.02246	0.05765	0.18898	0.35832	0.01848	0.00956	0.00288	0.00608	0.01599	0.00666	0.00796
28	0.10594	0.05997	0.26425	0.11580	0.12237	0.05177	0.04920	0.02726	0.07694	0.02723	0.01623	0.01930	0.01231	0.00814	0.00768	0.00258	0.01060	0.00665	0.00435	0.01144

[dist]
# distance from previous block
# <min> <max>
0	2

[block]
# block no. 6 follows, 22 sequences, length 23
# corresponding to MSA columns:
# 212-234
name=unknown_G
#
# <colnr> <probs for GDERKNQSTAVLIFYWHMCP>
#	G	D	E	R	K	N	Q	S	T	A	V	L	I	F	Y	W	H	M	C	P
0	0.02765	0.09028	0.03110	0.02399	0.02946	0.47022	0.15806	0.03097	0.02208	0.02173	0.01366	0.01658	0.01114	0.00808	0.00785	0.00226	0.01426	0.00631	0.00420	0.01008
1	0.02701	0.07541	0.02382	0.01948	0.02406	0.45848	0.01508	0.03034	0.04907	0.02187	0.01382	0.01617	0.01160	0.00872	0.00878	0.00214	0.06682	0.00557	0.00446	0.11729
2	0.01532	0.01186	0.01361	0.01271	0.01524	0.01274	0.00942	0.08611	0.14031	0.02588	0.03775	0.07877	0.14111	0.18349	0.17183	0.00645	0.01032	0.01190	0.00656	0.00863
3	0.01494	0.01122	0.01285	0.01209	0.01482	0.01109	0.00908	0.14407	0.02317	0.03057	0.16979	0.26068	0.21461	0.01946	0.00974	0.00288	0.00540	0.01682	0.00812	0.00861
4	0.02430	0.02700	0.02750	0.16280	0.25717	0.28715	0.02079	0.05072	0.02112	0.02416	0.01448	0.01857	0.01178	0.00815	0.00794	0.00239	0.01217	0.00656	0.00426	0.01098
5	0.02377	0.02559	0.03055	0.03722	0.34682	0.20794	0.05914	0.05506	0.02061	0.02563	0.01464	0.01882	0.01225	0.00852	0.00997	0.00251	0.07801	0.00696	0.00431	0.01168
6	0.02227	0.02531	0.03317	0.18588	0.14635	0.21557	0.20028	0.02713	0.01997	0.02357	0.01494	0.01981	0.01177	0.00784	0.00849	0.00254	0.01291	0.00750	0.00409	0.01061
7	0.01003	0.00842	0.00871	0.00864	0.01135	0.00710	0.00648	0.01233	0.01943	0.02363	0.14599	0.07800	0.59028	0.02060	0.00982	0.00278	0.00418	0.01726	0.00787	0.00710
8	0.04425	0.01785	0.02238	0.06730	0.02352	0.09069	0.05836	0.02126	0.01550	0.02259	0.01628	0.04569	0.01482	0.01707	0.08106	0.00402	0.31907	0.00795	0.10146	0.00888
9	0.01918	0.01811	0.02923	0.07619	0.49968	0.01840	0.02222	0.02551	0.07488	0.02702	0.02450	0.02789	0.08211	0.00925	0.00842	0.00255	0.00903	0.00866	0.00486	0.01230
10	0.01798	0.01408	0.01581	0.01442	0.01818	0.01496	0.01159	0.14323	0.19005	0.03386	0.14418	0.05472	0.15096	0.01595	0.00947	0.00291	0.00641	0.12271	0.00825	0.01031
11	0.01174	0.00805	0.00902	0.00911	0.00944	0.00788	0.00530	0.01204	0.01301	0.01705	0.03344	0.08866	0.09923	0.60006	0.03721	0.00725	0.00748	0.01324	0.00546	0.00533
12	0.02752	0.01690	0.01943	0.01582	0.02127	0.01761	0.01275	0.20776	0.18636	0.23217	0.08416	0.03261	0.06424	0.01168	0.00858	0.00263	0.00710	0.00950	0.00899	0.01291
13	0.01193	0.00867	0.01218	0.01218	0.01325	0.00975	0.00892	0.01408	0.01300	0.01841	0.02333	0.03859	0.02335	0.23917	0.50179	0.01190	0.01836	0.00977	0.00461	0.00676
14	0.01436	0.01116	0.01229	0.01160	0.01371	0.01174	0.00814	0.02244	0.20690	0.02544	0.13904	0.05172	0.11517	0.29471	0.02250	0.00490	0.00644	0.01243	0.00709	0.00822
15	0.01028	0.00730	0.00959	0.01136	0.01180	0.00686	0.00749	0.01161	0.01559	0.02078	0.04415	0.64856	0.05288	0.08290	0.01325	0.00376	0.00509	0.02265	0.00749	0.00660
16	0.01033	0.00853	0.00912	0.00926	0.01190	0.00733	0.00713	0.01275	0.01934	0.02358	0.12759	0.07980	0.54607	0.02089	0.00998	0.00289	0.00452	0.07403	0.00783	0.00714
17	0.01187	0.00890	0.01335	0.01335	0.01483	0.01038	0.01038	0.01483	0.01335	0.01928	0.02225	0.03264	0.02077	0.06231	0.67512	0.01335	0.02225	0.00890	0.00445	0.00742
18	0.01158	0.00819	0.00983	0.00974	0.01081	0.00776	0.00646	0.01341	0.01746	0.02376	0.27404	0.11383	0.11045	0.31952	0.02404	0.00507	0.00583	0.01470	0.00710	0.00645
19	0.01192	0.00870	0.01235	0.01235	0.01349	0.00984	0.00914	0.01419	0.01306	0.01854	0.02317	0.03770	0.02297	0.21279	0.52764	0.01212	0.01894	0.00964	0.00459	0.00686
20	0.01093	0.00791	0.01049	0.01217	0.01321	0.00747	0.00894	0.01308	0.01719	0.02266	0.07387	0.49070	0.09525	0.02458	0.01072	0.00341	0.00540	0.15723	0.00776	0.00702
21	0.01973	0.01779	0.01701	0.01554	0.01910	0.08478	0.01156	0.03555	0.43127	0.02893	0.02988	0.03480	0.02499	0.17338	0.01624	0.00397	0.00778	0.00960	0.00723	0.01090
22	0.01208	0.00805	0.00906	0.00906	0.00906	0.00805	0.00503	0.01208	0.01208	0.01611	0.02618	0.05436	0.03020	0.70804	0.04228	0.00805	0.00805	0.01208	0.00503	0.00503

[dist]
# distance from previous block
# <min> <max>
0	1

[block]
# block no. 7 follows, 22 sequences, length 33
# corresponding to MSA columns:
# 236-268
name=unknown_H
#
# <colnr> <probs for GDERKNQSTAVLIFYWHMCP>
#	G	D	E	R	K	N	Q	S	T	A	V	L	I	F	Y	W	H	M	C	P
0	0.01187	0.00890	0.01335	0.01335	0.01483	0.01038	0.01038	0.01483	0.01335	0.01928	0.02225	0.03264	0.02077	0.06231	0.67512	0.01335	0.02225	0.00890	0.00445	0.00742
1	0.02101	0.02290	0.02431	0.07899	0.22828	0.21321	0.01807	0.02424	0.01930	0.02291	0.02569	0.05536	0.10955	0.01142	0.01050	0.00261	0.08775	0.00895	0.00476	0.01017
2	0.02296	0.08232	0.03176	0.03908	0.41662	0.13772	0.02189	0.05678	0.02017	0.02608	0.01469	0.01877	0.01241	0.00818	0.00911	0.00243	0.05588	0.00678	0.00427	0.01210
3	0.00991	0.00842	0.00855	0.00852	0.01128	0.00705	0.00639	0.01211	0.01916	0.02297	0.11190	0.07907	0.62477	0.02084	0.00982	0.00280	0.00419	0.01741	0.00778	0.00705
4	0.01283	0.00818	0.00977	0.00977	0.01058	0.00854	0.00649	0.01445	0.01364	0.02037	0.02546	0.04367	0.02585	0.38938	0.18460	0.00787	0.01045	0.01030	0.18153	0.00624
5	0.02303	0.25458	0.03225	0.02672	0.20651	0.14275	0.01761	0.03031	0.14026	0.02485	0.01730	0.01917	0.01426	0.00827	0.00717	0.00225	0.00982	0.00643	0.00480	0.01168
6	0.05531	0.01827	0.01963	0.01666	0.02147	0.02028	0.01316	0.31316	0.20833	0.04054	0.02865	0.15582	0.02512	0.01338	0.00866	0.00276	0.00744	0.01105	0.00810	0.01219
7	0.01051	0.00753	0.00998	0.01130	0.01213	0.00700	0.00774	0.01254	0.01770	0.02406	0.18869	0.55158	0.06047	0.02389	0.01041	0.00319	0.00461	0.02159	0.00805	0.00700
8	0.02783	0.16445	0.02729	0.02013	0.05225	0.34002	0.01551	0.14353	0.05379	0.02764	0.01562	0.01725	0.01257	0.00867	0.00723	0.00217	0.01162	0.00595	0.03556	0.01093
9	0.01025	0.00758	0.00963	0.01121	0.01220	0.00696	0.00779	0.01196	0.01664	0.02164	0.05262	0.55492	0.16266	0.02495	0.01051	0.00330	0.00487	0.05576	0.00771	0.00685
10	0.02571	0.19783	0.02708	0.06299	0.02481	0.17756	0.01473	0.20012	0.05424	0.03124	0.01725	0.01901	0.01356	0.00883	0.00710	0.00220	0.00988	0.00633	0.08841	0.01111
11	0.01819	0.26097	0.03156	0.10691	0.11404	0.02191	0.06777	0.02203	0.01827	0.02408	0.13327	0.05576	0.02575	0.01045	0.00901	0.00243	0.05393	0.00868	0.00493	0.01007
12	0.02291	0.28406	0.13679	0.05682	0.05888	0.05403	0.01726	0.02717	0.01875	0.14104	0.04524	0.02119	0.01627	0.01207	0.05130	0.00298	0.01026	0.00658	0.00517	0.01124
13	0.02022	0.02108	0.03298	0.03554	0.27006	0.10184	0.19945	0.02519	0.01975	0.02567	0.02114	0.03464	0.01943	0.01046	0.00923	0.00279	0.01131	0.12331	0.00485	0.01106
14	0.01647	0.01246	0.01389	0.01301	0.01643	0.01272	0.01015	0.08953	0.16392	0.05916	0.07513	0.13994	0.25039	0.01775	0.00953	0.00293	0.00584	0.07303	0.00812	0.00960
15	0.02061	0.07062	0.23335	0.03557	0.30567	0.09857	0.06658	0.02671	0.01896	0.02558	0.01491	0.01864	0.01185	0.00765	0.00797	0.00246	0.01146	0.00675	0.00391	0.01218
16	0.01167	0.00791	0.00928	0.00964	0.00983	0.00778	0.00571	0.01216	0.01342	0.01799	0.06116	0.18544	0.03758	0.53626	0.03428	0.00684	0.00720	0.01455	0.00578	0.00552
17	0.01166	0.00838	0.01010	0.01017	0.01224	0.00745	0.00743	0.01429	0.02002	0.05105	0.27549	0.22432	0.27622	0.02039	0.00995	0.00287	0.00437	0.01777	0.00833	0.00752
18	0.01417	0.01184	0.01276	0.01194	0.01523	0.01212	0.00912	0.02439	0.24452	0.02933	0.19348	0.05826	0.29740	0.01660	0.00932	0.00277	0.00500	0.01403	0.00830	0.00941
19	0.02698	0.02883	0.02163	0.01881	0.02329	0.34801	0.01459	0.17789	0.06712	0.02949	0.02550	0.02618	0.09902	0.01107	0.00907	0.00244	0.04563	0.00788	0.00599	0.01060
20	0.01008	0.00738	0.00948	0.01116	0.01194	0.00678	0.00753	0.01161	0.01629	0.02136	0.05069	0.62304	0.13136	0.02539	0.01050	0.00330	0.00474	0.02284	0.00771	0.00678
21	0.01187	0.00890	0.01335	0.01335	0.01483	0.01038	0.01038	0.01483	0.01335	0.01928	0.02225	0.03264	0.02077	0.06231	0.67512	0.01335	0.02225	0.00890	0.00445	0.00742
22	0.01995	0.06995	0.15115	0.04350	0.49943	0.02053	0.02571	0.02560	0.01853	0.02648	0.01522	0.01952	0.01251	0.00747	0.00797	0.00245	0.01025	0.00697	0.00396	0.01283
23	0.02380	0.02972	0.07618	0.02841	0.09229	0.28006	0.19337	0.02808	0.01991	0.02316	0.01410	0.01832	0.01151	0.00886	0.01125	0.00262	0.11659	0.00717	0.00409	0.01053
24	0.02933	0.01704	0.01946	0.01556	0.02110	0.01774	0.01265	0.25876	0.11275	0.24458	0.02717	0.02595	0.01892	0.01020	0.00794	0.00247	0.00726	0.00807	0.13010	0.01296
25	0.01711	0.01309	0.01509	0.01339	0.01679	0.01367	0.01048	0.13444	0.14624	0.03615	0.35767	0.05051	0.08807	0.01505	0.00933	0.00269	0.00557	0.03597	0.00871	0.00998
26	0.01021	0.00727	0.00961	0.01145	0.01191	0.00681	0.00759	0.01159	0.01573	0.02097	0.04489	0.67312	0.05382	0.05707	0.01205	0.00359	0.00497	0.02309	0.00759	0.00667
27	0.01080	0.00845	0.00977	0.00944	0.01182	0.00743	0.00708	0.01381	0.02124	0.02792	0.37004	0.07094	0.36355	0.01900	0.00981	0.00271	0.00406	0.01627	0.00843	0.00743
28	0.01208	0.00805	0.00906	0.00906	0.00906	0.00805	0.00503	0.01208	0.01208	0.01611	0.02618	0.05436	0.03020	0.70804	0.04228	0.00805	0.00805	0.01208	0.00503	0.00503
29	0.02609	0.07665	0.02525	0.13243	0.06356	0.33729	0.01720	0.09391	0.10004	0.02593	0.01657	0.01886	0.01307	0.00884	0.00772	0.00236	0.01198	0.00646	0.00506	0.01073
30	0.02508	0.01962	0.01832	0.01583	0.01975	0.17931	0.01246	0.02855	0.04744	0.21515	0.08676	0.03665	0.14502	0.01309	0.01096	0.00266	0.09586	0.00985	0.00725	0.01040
31	0.01880	0.05232	0.14021	0.02042	0.06421	0.14991	0.01719	0.02236	0.01641	0.02105	0.01654	0.02482	0.01532	0.10926	0.14563	0.00545	0.13921	0.00750	0.00411	0.00928
32	0.02243	0.01978	0.01787	0.01574	0.01975	0.13824	0.01199	0.14594	0.19202	0.05834	0.03308	0.07043	0.10016	0.10151	0.01285	0.00332	0.00845	0.01033	0.00717	0.01060

[dist]
