[name]
unknown

[dist]
# distance from previous block
# <min> <max>
0	15

[block]
# block no. 0 follows, 22 sequences, length 30
# corresponding to MSA columns:
# 15-44
name=unknown_A
#
# <colnr> <probs for GDERKNQSTAVLIFYWHMCP>
#	G	D	E	R	K	N	Q	S	T	A	V	L	I	F	Y	W	H	M	C	P
0	0.01792	0.01663	0.01693	0.01806	0.07553	0.12114	0.01312	0.07425	0.04770	0.02701	0.08436	0.05729	0.16247	0.01840	0.03798	0.00337	0.00878	0.18305	0.00685	0.00914
1	0.01999	0.01144	0.01434	0.04078	0.01755	0.01046	0.00971	0.04952	0.01986	0.17461	0.09265	0.15968	0.03148	0.04708	0.00978	0.00266	0.00594	0.01135	0.13046	0.14066
2	0.01695	0.01444	0.01661	0.06844	0.02105	0.04139	0.01191	0.07581	0.13726	0.02745	0.03032	0.27990	0.03086	0.01567	0.00972	0.00273	0.04024	0.01340	0.00676	0.13909
3	0.17113	0.01300	0.01363	0.01227	0.01601	0.01331	0.00927	0.04829	0.11999	0.03014	0.08106	0.15704	0.02979	0.07573	0.01083	0.00300	0.00603	0.01089	0.03998	0.13861
4	0.01638	0.01307	0.01697	0.01423	0.01705	0.01355	0.07159	0.12614	0.01965	0.02610	0.03726	0.04776	0.17658	0.26803	0.02252	0.00470	0.05634	0.01186	0.03202	0.00818
5	0.01347	0.01014	0.01164	0.01117	0.01298	0.01036	0.00788	0.01945	0.13599	0.02571	0.21983	0.05617	0.10057	0.27916	0.02196	0.00479	0.00618	0.03761	0.00726	0.00770
6	0.01569	0.01477	0.02492	0.68808	0.05722	0.01846	0.02307	0.02123	0.01661	0.02123	0.01477	0.02215	0.01107	0.00831	0.00831	0.00277	0.01107	0.00738	0.00369	0.00923
7	0.02197	0.01825	0.02617	0.15587	0.25175	0.01861	0.01919	0.14932	0.02252	0.05950	0.01694	0.02039	0.01312	0.00798	0.00783	0.00228	0.00905	0.00694	0.00534	0.16696
8	0.01184	0.00823	0.00975	0.00975	0.01025	0.00837	0.00607	0.01254	0.01290	0.01722	0.03061	0.05286	0.08343	0.53586	0.14885	0.00851	0.01017	0.01201	0.00517	0.00562
9	0.03113	0.03677	0.02378	0.02101	0.02570	0.56248	0.01601	0.13612	0.02623	0.02587	0.01407	0.01584	0.01129	0.00880	0.00763	0.00220	0.01397	0.00572	0.00498	0.01041
10	0.02064	0.01821	0.02162	0.02339	0.14224	0.02049	0.01550	0.04060	0.52292	0.03330	0.03036	0.02901	0.02304	0.01054	0.00841	0.00275	0.00720	0.00901	0.00763	0.01315
11	0.01187	0.00890	0.01335	0.01335	0.01483	0.01038	0.01038	0.01483	0.01335	0.01928	0.02225	0.03264	0.02077	0.06231	0.67512	0.01335	0.02225	0.00890	0.00445	0.00742
12	0.02830	0.03441	0.02620	0.02913	0.19027	0.50374	0.01852	0.03117	0.02233	0.02211	0.01357	0.01644	0.01134	0.00826	0.00768	0.00223	0.01365	0.00589	0.00424	0.01055
13	0.00982	0.00842	0.00842	0.00842	0.01122	0.00701	0.00631	0.01192	0.01894	0.02244	0.08416	0.07995	0.65285	0.02104	0.00982	0.00281	0.00421	0.01753	0.00771	0.00701
14	0.01753	0.01504	0.01736	0.01271	0.01986	0.01192	0.01013	0.02296	0.07220	0.02775	0.01644	0.01844	0.01345	0.00660	0.00636	0.00137	0.00619	0.00532	0.00523	0.69313
15	0.02608	0.02018	0.02360	0.14510	0.03069	0.02183	0.01615	0.40802	0.03102	0.04207	0.01806	0.01989	0.01323	0.00900	0.00794	0.00233	0.00899	0.00702	0.00685	0.14197
16	0.01019	0.00843	0.00893	0.00880	0.01145	0.00717	0.00660	0.01264	0.01981	0.02451	0.19207	0.07655	0.54365	0.02027	0.00981	0.00277	0.00415	0.01706	0.00799	0.00717
17	0.01629	0.01283	0.01333	0.01160	0.01555	0.01259	0.00913	0.19531	0.02492	0.03134	0.06506	0.06210	0.46289	0.01775	0.00937	0.00271	0.00568	0.01454	0.00789	0.00913
18	0.03103	0.03959	0.02354	0.02140	0.02568	0.67469	0.01605	0.03317	0.02354	0.02033	0.01284	0.01498	0.01070	0.00856	0.00749	0.00214	0.01498	0.00535	0.00428	0.00963
19	0.03115	0.03621	0.02383	0.02093	0.02570	0.54027	0.01600	0.15650	0.02676	0.02697	0.01431	0.01601	0.01141	0.00885	0.00766	0.00221	0.01377	0.00579	0.00512	0.01056
20	0.02366	0.01934	0.02047	0.01751	0.02274	0.02206	0.01387	0.20463	0.47584	0.03959	0.03000	0.02796	0.02227	0.01091	0.00841	0.00273	0.00728	0.00887	0.00841	0.01342
21	0.01955	0.01871	0.03190	0.18296	0.53214	0.01947	0.02499	0.02461	0.01844	0.02592	0.01545	0.02089	0.01273	0.00759	0.00824	0.00253	0.01012	0.00740	0.00403	0.01234
22	0.01156	0.00848	0.01083	0.01024	0.01229	0.00775	0.00768	0.01529	0.02305	0.03221	0.59394	0.06388	0.13697	0.01740	0.00980	0.00263	0.00395	0.01528	0.00900	0.00775
23	0.01818	0.01818	0.02545	0.02181	0.02181	0.02545	0.01818	0.01999	0.01272	0.01999	0.01091	0.01818	0.01091	0.01454	0.02726	0.00364	0.69284	0.00727	0.00364	0.00909
24	0.01945	0.01776	0.02855	0.35124	0.30114	0.01979	0.02327	0.08991	0.02004	0.02710	0.01569	0.02125	0.01227	0.00812	0.00827	0.00261	0.01036	0.00740	0.00437	0.01139
25	0.02041	0.01679	0.01766	0.01540	0.02006	0.01856	0.01211	0.15773	0.37236	0.03555	0.04260	0.04004	0.16836	0.01326	0.00874	0.00275	0.00656	0.01088	0.00825	0.01193
26	0.01187	0.00890	0.01335	0.01335	0.01483	0.01038	0.01038	0.01483	0.01335	0.01928	0.02225	0.03264	0.02077	0.06231	0.67512	0.01335	0.02225	0.00890	0.00445	0.00742
27	0.01601	0.01507	0.02499	0.51803	0.15674	0.01767	0.02201	0.02114	0.01721	0.02236	0.02103	0.02697	0.06798	0.00927	0.00842	0.00272	0.01026	0.00828	0.00412	0.00971
28	0.09316	0.04023	0.59843	0.02238	0.03393	0.01923	0.02848	0.02612	0.01719	0.02743	0.01457	0.01713	0.01037	0.00787	0.00761	0.00262	0.01168	0.00597	0.00367	0.01194
29	0.15493	0.02295	0.02074	0.07639	0.02565	0.15633	0.01452	0.18335	0.16827	0.06603	0.02041	0.02096	0.01518	0.00946	0.00763	0.00254	0.00936	0.00700	0.00665	0.01165

[dist]
# distance from previous block
# <min> <max>
0	1

[block]
# block no. 1 follows, 22 sequences, length 57
# corresponding to MSA columns:
# 46-102
name=unknown_B
#
# <colnr> <probs for GDERKNQSTAVLIFYWHMCP>
#	G	D	E	R	K	N	Q	S	T	A	V	L	I	F	Y	W	H	M	C	P
0	0.02079	0.02088	0.03124	0.15443	0.49343	0.08472	0.02415	0.02555	0.01899	0.02547	0.01521	0.02027	0.01257	0.00767	0.00816	0.00249	0.01058	0.00719	0.00406	0.01215
1	0.01804	0.01676	0.02607	0.37661	0.21372	0.01926	0.02170	0.02708	0.14498	0.02561	0.01890	0.02352	0.01457	0.00866	0.00831	0.00270	0.00982	0.00780	0.00478	0.01111
2	0.02504	0.02982	0.02258	0.02040	0.02312	0.41475	0.01578	0.02713	0.01944	0.02019	0.01459	0.04839	0.01359	0.01542	0.06835	0.00353	0.19744	0.00699	0.00428	0.00917
3	0.01960	0.04228	0.53382	0.02321	0.03385	0.15333	0.02770	0.02771	0.01877	0.02509	0.01449	0.01702	0.01056	0.00803	0.00781	0.00253	0.01283	0.00598	0.00367	0.01174
4	0.02231	0.64753	0.07554	0.01504	0.02229	0.06078	0.01517	0.02532	0.01721	0.01994	0.01178	0.01362	0.01066	0.00721	0.00556	0.00184	0.00934	0.00457	0.00358	0.01070
5	0.02310	0.67158	0.04209	0.01425	0.02132	0.03165	0.01410	0.02580	0.01729	0.05766	0.01281	0.01421	0.01125	0.00730	0.00551	0.00182	0.00878	0.00467	0.00395	0.01087
6	0.01069	0.00757	0.00937	0.01057	0.01108	0.00716	0.00679	0.01175	0.01497	0.01975	0.04266	0.45953	0.09159	0.23302	0.02018	0.00475	0.00576	0.01966	0.00690	0.00625
7	0.01733	0.01349	0.01704	0.04836	0.01940	0.01538	0.01276	0.14111	0.02015	0.02725	0.02872	0.14196	0.03034	0.15053	0.01923	0.00422	0.12695	0.15073	0.00640	0.00867
8	0.02133	0.02121	0.03297	0.04881	0.60965	0.06812	0.02480	0.02606	0.01926	0.02664	0.01542	0.02015	0.01298	0.00749	0.00817	0.00244	0.01025	0.00725	0.00412	0.01290
9	0.00982	0.00842	0.00842	0.00842	0.01122	0.00701	0.00631	0.01192	0.01894	0.02244	0.08416	0.07995	0.65285	0.02104	0.00982	0.00281	0.00421	0.01753	0.00771	0.00701
10	0.01193	0.00864	0.01204	0.01204	0.01308	0.00967	0.00875	0.01400	0.01296	0.01832	0.02345	0.03925	0.02364	0.25896	0.48239	0.01174	0.01793	0.00987	0.00463	0.00669
11	0.03103	0.03959	0.02354	0.02140	0.02568	0.67469	0.01605	0.03317	0.02354	0.02033	0.01284	0.01498	0.01070	0.00856	0.00749	0.00214	0.01498	0.00535	0.00428	0.00963
12	0.02033	0.01950	0.03330	0.08155	0.62749	0.01968	0.02538	0.02529	0.01881	0.02686	0.01559	0.02064	0.01306	0.00745	0.00823	0.00248	0.00993	0.00740	0.00409	0.01297
13	0.01721	0.10967	0.60314	0.02274	0.03450	0.02064	0.02905	0.02617	0.01747	0.02564	0.01457	0.01712	0.01054	0.00781	0.00764	0.00255	0.01194	0.00597	0.00351	0.01212
14	0.01012	0.00723	0.00964	0.01157	0.01205	0.00675	0.00771	0.01157	0.01591	0.02121	0.04579	0.70262	0.05495	0.02603	0.01060	0.00337	0.00482	0.02362	0.00771	0.00675
15	0.01176	0.00849	0.01110	0.01045	0.01241	0.00784	0.00784	0.01568	0.02352	0.03331	0.65184	0.06206	0.07839	0.01698	0.00980	0.00261	0.00392	0.01502	0.00914	0.00784
16	0.03727	0.01414	0.01928	0.01478	0.02121	0.01221	0.01221	0.04049	0.02378	0.66198	0.03277	0.02828	0.02056	0.01028	0.00835	0.00257	0.00707	0.00835	0.01028	0.01414
17	0.01199	0.00840	0.01079	0.01079	0.01139	0.00900	0.00720	0.01319	0.01259	0.01739	0.02459	0.04558	0.02639	0.44711	0.29800	0.01019	0.01379	0.01080	0.00480	0.00600
18	0.01723	0.01477	0.01723	0.01230	0.01969	0.01107	0.00984	0.02092	0.01723	0.02707	0.01477	0.01723	0.01230	0.00615	0.00615	0.00123	0.00615	0.00492	0.00492	0.75883
19	0.01187	0.00890	0.01335	0.01335	0.01483	0.01038	0.01038	0.01483	0.01335	0.01928	0.02225	0.03264	0.02077	0.06231	0.67512	0.01335	0.02225	0.00890	0.00445	0.00742
20	0.01951	0.38747	0.34549	0.01881	0.02843	0.02627	0.02222	0.02557	0.01720	0.02283	0.01318	0.01537	0.01059	0.00749	0.00658	0.00219	0.01053	0.00527	0.00353	0.01145
21	0.01666	0.04297	0.66500	0.02368	0.03596	0.01929	0.03069	0.02631	0.01754	0.02631	0.01491	0.01754	0.01052	0.00789	0.00789	0.00263	0.01228	0.00614	0.00351	0.01228
22	0.01905	0.33106	0.39780	0.01961	0.02966	0.02513	0.02361	0.02569	0.01726	0.02340	0.01346	0.01573	0.01058	0.00756	0.00679	0.00226	0.01082	0.00541	0.00353	0.01158
23	0.01692	0.01602	0.02713	0.52755	0.20815	0.01878	0.02368	0.02230	0.01719	0.02272	0.01498	0.02175	0.01160	0.00808	0.00829	0.00269	0.01077	0.00739	0.00380	0.01022
24	0.01193	0.00866	0.01213	0.01213	0.01319	0.00972	0.00886	0.01405	0.01299	0.01838	0.02337	0.03883	0.02346	0.24645	0.49465	0.01184	0.01820	0.00981	0.00462	0.00674
25	0.02664	0.03050	0.02575	0.06356	0.18544	0.39309	0.01849	0.07364	0.02263	0.02440	0.01465	0.01804	0.01211	0.01112	0.04209	0.00286	0.01343	0.00631	0.00451	0.01072
26	0.01942	0.02653	0.21816	0.04301	0.47500	0.01961	0.02701	0.02573	0.01851	0.02690	0.01542	0.01968	0.01239	0.00755	0.00813	0.00252	0.01057	0.00703	0.00394	0.01290
27	0.01012	0.00723	0.00964	0.01157	0.01205	0.00675	0.00771	0.01157	0.01591	0.02121	0.04579	0.70262	0.05495	0.02603	0.01060	0.00337	0.00482	0.02362	0.00771	0.00675
28	0.01012	0.00723	0.00964	0.01157	0.01205	0.00675	0.00771	0.01157	0.01591	0.02121	0.04579	0.70262	0.05495	0.02603	0.01060	0.00337	0.00482	0.02362	0.00771	0.00675
29	0.03103	0.03959	0.02354	0.02140	0.02568	0.67469	0.01605	0.03317	0.02354	0.02033	0.01284	0.01498	0.01070	0.00856	0.00749	0.00214	0.01498	0.00535	0.00428	0.00963
30	0.00982	0.00842	0.00842	0.00842	0.01122	0.00701	0.00631	0.01192	0.01894	0.02244	0.08416	0.07995	0.65285	0.02104	0.00982	0.00281	0.00421	0.01753	0.00771	0.00701
31	0.01861	0.02675	0.22622	0.03271	0.21500	0.02056	0.12528	0.02467	0.01734	0.02541	0.01465	0.01935	0.01179	0.00882	0.01199	0.00275	0.14362	0.00729	0.00388	0.04333
32	0.23268	0.22505	0.02155	0.01197	0.01652	0.01868	0.01029	0.02182	0.01841	0.05623	0.21505	0.06578	0.03418	0.01151	0.00708	0.00239	0.00633	0.00896	0.00627	0.00924
33	0.02488	0.02685	0.02390	0.02589	0.15968	0.28683	0.01698	0.06082	0.16859	0.02723	0.02033	0.02414	0.01674	0.00961	0.00805	0.00243	0.01087	0.03591	0.00561	0.04466
34	0.01897	0.01688	0.02813	0.03879	0.44581	0.01654	0.04713	0.02357	0.02000	0.05476	0.13730	0.03211	0.06338	0.01007	0.00868	0.00253	0.00851	0.00955	0.00551	0.01177
35	0.01606	0.02736	0.32172	0.14551	0.12683	0.01686	0.02387	0.02309	0.01880	0.02694	0.14525	0.02793	0.02489	0.00975	0.00841	0.00263	0.00999	0.00837	0.00478	0.01095
36	0.02120	0.02116	0.03244	0.07966	0.57420	0.07446	0.02459	0.02593	0.01919	0.02628	0.01535	0.02017	0.01285	0.00754	0.00817	0.00245	0.01036	0.00723	0.00411	0.01267
37	0.01729	0.01640	0.02782	0.47821	0.25454	0.01888	0.02387	0.02263	0.01737	0.02317	0.01505	0.02163	0.01176	0.00801	0.00828	0.00267	0.01068	0.00739	0.00383	0.01052
38	0.03008	0.03801	0.02368	0.02143	0.02540	0.62674	0.01621	0.03220	0.02274	0.02031	0.01270	0.01522	0.01072	0.00900	0.00895	0.00225	0.06505	0.00549	0.00423	0.00959
39	0.01094	0.00841	0.01006	0.01011	0.01226	0.00753	0.00763	0.01389	0.02061	0.02716	0.32086	0.13558	0.30193	0.01994	0.01001	0.00285	0.00440	0.06011	0.00832	0.00739
40	0.03431	0.01702	0.02065	0.04771	0.02364	0.06326	0.01362	0.08675	0.02411	0.49983	0.02823	0.02578	0.01834	0.01026	0.00929	0.00260	0.04432	0.00796	0.00901	0.01331
41	0.05716	0.54357	0.03811	0.01543	0.02198	0.13416	0.01435	0.05347	0.01882	0.02194	0.01214	0.01390	0.01075	0.00750	0.00580	0.00190	0.00976	0.00473	0.00396	0.01058
42	0.01208	0.00805	0.00906	0.00906	0.00906	0.00805	0.00503	0.01208	0.01208	0.01611	0.02618	0.05436	0.03020	0.70804	0.04228	0.00805	0.00805	0.01208	0.00503	0.00503
43	0.01204	0.00822	0.00989	0.00989	0.01017	0.00850	0.00606	0.01261	0.01233	0.01672	0.02542	0.05018	0.02839	0.58365	0.16419	0.00907	0.01079	0.01147	0.00492	0.00549
44	0.01208	0.00805	0.00906	0.00906	0.00906	0.00805	0.00503	0.01208	0.01208	0.01611	0.02618	0.05436	0.03020	0.70804	0.04228	0.00805	0.00805	0.01208	0.00503	0.00503
45	0.03103	0.03959	0.02354	0.02140	0.02568	0.67469	0.01605	0.03317	0.02354	0.02033	0.01284	0.01498	0.01070	0.00856	0.00749	0.00214	0.01498	0.00535	0.00428	0.00963
46	0.01977	0.01510	0.01904	0.15153	0.02726	0.01458	0.01330	0.12507	0.02110	0.06747	0.02039	0.08822	0.01752	0.00964	0.00752	0.00209	0.00748	0.00806	0.04113	0.32373
47	0.02514	0.20294	0.08730	0.01960	0.02521	0.36198	0.04212	0.02839	0.02016	0.02085	0.01381	0.01688	0.01176	0.01342	0.07354	0.00324	0.01391	0.00574	0.00404	0.00997
48	0.01316	0.01008	0.01260	0.01362	0.01605	0.00999	0.01148	0.01848	0.08100	0.02520	0.05368	0.08380	0.20682	0.02128	0.01073	0.00345	0.00663	0.38618	0.00775	0.00803
49	0.01187	0.00890	0.01335	0.01335	0.01483	0.01038	0.01038	0.01483	0.01335	0.01928	0.02225	0.03264	0.02077	0.06231	0.67512	0.01335	0.02225	0.00890	0.00445	0.00742
50	0.00982	0.00842	0.00842	0.00842	0.01122	0.00701	0.00631	0.01192	0.01894	0.02244	0.08416	0.07995	0.65285	0.02104	0.00982	0.00281	0.00421	0.01753	0.00771	0.00701
51	0.03103	0.03959	0.02354	0.02140	0.02568	0.67469	0.01605	0.03317	0.02354	0.02033	0.01284	0.01498	0.01070	0.00856	0.00749	0.00214	0.01498	0.00535	0.00428	0.00963
52	0.01164	0.00849	0.01095	0.01033	0.01234	0.00779	0.00775	0.01545	0.02324	0.03267	0.61816	0.06312	0.11247	0.01722	0.00980	0.00262	0.00394	0.01517	0.00906	0.00779
53	0.01935	0.02336	0.14037	0.03206	0.23536	0.02108	0.08224	0.02850	0.14482	0.02712	0.01843	0.02189	0.01471	0.00961	0.01204	0.00283	0.14159	0.00780	0.00481	0.01202
54	0.03103	0.03959	0.02354	0.02140	0.02568	0.67469	0.01605	0.03317	0.02354	0.02033	0.01284	0.01498	0.01070	0.00856	0.00749	0.00214	0.01498	0.00535	0.00428	0.00963
55	0.02272	0.46883	0.08253	0.01595	0.02240	0.15331	0.01521	0.02587	0.01808	0.02073	0.01327	0.01566	0.01162	0.01001	0.03559	0.00243	0.01066	0.00510	0.03973	0.01030
56	0.02160	0.02268	0.02965	0.18882	0.39199	0.15339	0.02302	0.02610	0.01934	0.02441	0.01486	0.01978	0.01219	0.00784	0.00809	0.00247	0.01119	0.00698	0.00405	0.01155

[dist]
# distance from previous block
# <min> <max>
0	2

[block]
# block no. 2 follows, 22 sequences, length 46
# corresponding to MSA columns:
# 105-150
name=unknown_C
#
# <colnr> <probs for GDERKNQSTAVLIFYWHMCP>
#	G	D	E	R	K	N	Q	S	T	A	V	L	I	F	Y	W	H	M	C	P
0	0.01155	0.00965	0.01263	0.15111	0.02119	0.00958	0.01031	0.01476	0.01930	0.02475	0.20598	0.11969	0.32343	0.01783	0.00957	0.00280	0.00563	0.01535	0.00723	0.00765
1	0.05691	0.01785	0.02939	0.13987	0.47423	0.01852	0.02315	0.02402	0.01835	0.02656	0.01800	0.02741	0.01594	0.00903	0.00839	0.00265	0.00966	0.06379	0.00444	0.01184
2	0.02806	0.03947	0.15755	0.02176	0.02783	0.50502	0.01910	0.06186	0.02307	0.02320	0.01363	0.01577	0.01084	0.00849	0.00762	0.00226	0.01412	0.00562	0.00432	0.01041
3	0.01127	0.00846	0.01059	0.01113	0.01303	0.00777	0.00857	0.01422	0.01995	0.02637	0.25961	0.19344	0.22121	0.02101	0.01030	0.00306	0.00494	0.13951	0.00818	0.00737
4	0.01978	0.02182	0.14189	0.02285	0.11802	0.01893	0.01811	0.12387	0.20587	0.03158	0.02297	0.02552	0.01804	0.02051	0.14749	0.00488	0.01181	0.00808	0.00602	0.01194
5	0.02010	0.01522	0.01712	0.01396	0.01854	0.01493	0.01067	0.23065	0.02369	0.03289	0.02394	0.14042	0.02347	0.14232	0.01443	0.00331	0.00733	0.01030	0.00660	0.23011
6	0.03093	0.02322	0.02623	0.01997	0.02672	0.02551	0.04872	0.59605	0.03801	0.05097	0.01978	0.02008	0.01405	0.00981	0.00839	0.00251	0.00940	0.00760	0.00809	0.01397
7	0.02110	0.39568	0.03513	0.01767	0.02177	0.06673	0.01591	0.02339	0.01559	0.01977	0.01137	0.01537	0.01076	0.01017	0.01425	0.00254	0.28356	0.00563	0.00363	0.00997
8	0.01208	0.00805	0.00906	0.00906	0.00906	0.00805	0.00503	0.01208	0.01208	0.01611	0.02618	0.05436	0.03020	0.70804	0.04228	0.00805	0.00805	0.01208	0.00503	0.00503
9	0.02648	0.19763	0.02379	0.01426	0.01943	0.12014	0.01202	0.07973	0.02166	0.18718	0.02170	0.02233	0.01612	0.00902	0.00680	0.00213	0.00814	0.00665	0.19384	0.01094
10	0.01035	0.00812	0.00878	0.00914	0.01093	0.00718	0.00631	0.01189	0.01694	0.02089	0.06486	0.19125	0.41084	0.16542	0.01674	0.00401	0.00513	0.01753	0.00715	0.00655
11	0.05432	0.03401	0.43115	0.03028	0.20664	0.01908	0.02743	0.02660	0.01803	0.05409	0.01571	0.01864	0.01161	0.00785	0.00787	0.00258	0.01111	0.00651	0.00404	0.01245
12	0.03103	0.03959	0.02354	0.02140	0.02568	0.67469	0.01605	0.03317	0.02354	0.02033	0.01284	0.01498	0.01070	0.00856	0.00749	0.00214	0.01498	0.00535	0.00428	0.00963
13	0.01167	0.00896	0.01075	0.01033	0.01261	0.00831	0.00773	0.01612	0.05785	0.02986	0.43261	0.09571	0.23035	0.01819	0.00976	0.00271	0.00420	0.01579	0.00865	0.00787
14	0.02221	0.71304	0.04353	0.01421	0.02132	0.03287	0.01421	0.02488	0.01688	0.01955	0.01155	0.01333	0.01066	0.00711	0.00533	0.00178	0.00888	0.00444	0.00355	0.01066
15	0.02056	0.01974	0.03372	0.05099	0.65622	0.01974	0.02550	0.02550	0.01892	0.02714	0.01563	0.02056	0.01316	0.00740	0.00822	0.00247	0.00987	0.00740	0.00411	0.01316
16	0.01314	0.00849	0.01138	0.01138	0.01302	0.00945	0.00877	0.01643	0.01478	0.02340	0.02396	0.03205	0.02095	0.04377	0.43941	0.00933	0.01578	0.00849	0.26848	0.00753
17	0.01208	0.00805	0.00906	0.00906	0.00906	0.00805	0.00503	0.01208	0.01208	0.01611	0.02618	0.05436	0.03020	0.70804	0.04228	0.00805	0.00805	0.01208	0.00503	0.00503
18	0.01001	0.00767	0.00918	0.01039	0.01174	0.00685	0.00719	0.01170	0.01704	0.02167	0.06011	0.47017	0.27815	0.02416	0.01031	0.00316	0.00459	0.02135	0.00771	0.00685
19	0.01208	0.00805	0.00906	0.00906	0.00906	0.00805	0.00503	0.01208	0.01208	0.01611	0.02618	0.05436	0.03020	0.70804	0.04228	0.00805	0.00805	0.01208	0.00503	0.00503
20	0.01702	0.04048	0.59041	0.02505	0.03686	0.01950	0.10279	0.02635	0.01779	0.02635	0.01514	0.01813	0.01078	0.00778	0.00812	0.00265	0.01249	0.00658	0.00359	0.01215
21	0.02056	0.01974	0.03372	0.05099	0.65622	0.01974	0.02550	0.02550	0.01892	0.02714	0.01563	0.02056	0.01316	0.00740	0.00822	0.00247	0.00987	0.00740	0.00411	0.01316
22	0.01666	0.04297	0.66500	0.02368	0.03596	0.01929	0.03069	0.02631	0.01754	0.02631	0.01491	0.01754	0.01052	0.00789	0.00789	0.00263	0.01228	0.00614	0.00351	0.01228
23	0.01327	0.01111	0.01744	0.01599	0.01773	0.01321	0.05281	0.01635	0.01368	0.01988	0.02029	0.02992	0.01884	0.05189	0.53953	0.01128	0.11582	0.00873	0.00432	0.00791
24	0.01012	0.00723	0.00964	0.01157	0.01205	0.00675	0.00771	0.01157	0.01591	0.02121	0.04579	0.70262	0.05495	0.02603	0.01060	0.00337	0.00482	0.02362	0.00771	0.00675
25	0.02196	0.67059	0.04243	0.01468	0.02135	0.03242	0.01446	0.02458	0.01663	0.01957	0.01151	0.01362	0.01068	0.00756	0.00667	0.00189	0.05067	0.00461	0.00356	0.01056
26	0.20826	0.02476	0.02073	0.02100	0.09692	0.22691	0.01463	0.06142	0.18919	0.03075	0.01889	0.01986	0.01472	0.00902	0.00730	0.00249	0.00971	0.00658	0.00580	0.01106
27	0.01161	0.00813	0.01044	0.01085	0.01138	0.00847	0.00717	0.01278	0.01325	0.01811	0.02912	0.18332	0.03259	0.37551	0.22200	0.00864	0.01156	0.01355	0.00542	0.00609
28	0.01208	0.00805	0.00906	0.00906	0.00906	0.00805	0.00503	0.01208	0.01208	0.01611	0.02618	0.05436	0.03020	0.70804	0.04228	0.00805	0.00805	0.01208	0.00503	0.00503
29	0.01893	0.01577	0.01814	0.01311	0.02041	0.01281	0.01055	0.09291	0.01981	0.03007	0.01538	0.01755	0.01252	0.00660	0.00641	0.00138	0.00651	0.00522	0.00532	0.67060
30	0.01666	0.04297	0.66500	0.02368	0.03596	0.01929	0.03069	0.02631	0.01754	0.02631	0.01491	0.01754	0.01052	0.00789	0.00789	0.00263	0.01228	0.00614	0.00351	0.01228
31	0.76672	0.01607	0.01221	0.01092	0.01607	0.01864	0.00900	0.02442	0.01414	0.03727	0.01157	0.01350	0.00900	0.00771	0.00514	0.00257	0.00643	0.00450	0.00514	0.00900
32	0.01012	0.00723	0.00964	0.01157	0.01205	0.00675	0.00771	0.01157	0.01591	0.02121	0.04579	0.70262	0.05495	0.02603	0.01060	0.00337	0.00482	0.02362	0.00771	0.00675
33	0.08601	0.01465	0.01904	0.01470	0.02105	0.01321	0.01214	0.06397	0.02377	0.59457	0.03081	0.02694	0.01952	0.01010	0.00814	0.00257	0.00711	0.00806	0.00985	0.01379
34	0.76672	0.01607	0.01221	0.01092	0.01607	0.01864	0.00900	0.02442	0.01414	0.03727	0.01157	0.01350	0.00900	0.00771	0.00514	0.00257	0.00643	0.00450	0.00514	0.00900
35	0.01666	0.04297	0.66500	0.02368	0.03596	0.01929	0.03069	0.02631	0.01754	0.02631	0.01491	0.01754	0.01052	0.00789	0.00789	0.00263	0.01228	0.00614	0.00351	0.01228
36	0.01008	0.00741	0.00945	0.01109	0.01192	0.00679	0.00750	0.01162	0.01636	0.02139	0.05158	0.60862	0.14521	0.02527	0.01048	0.00329	0.00473	0.02270	0.00771	0.00679
37	0.01734	0.01517	0.01820	0.01343	0.01994	0.01278	0.01083	0.02081	0.01669	0.02623	0.01431	0.01734	0.01214	0.00715	0.00865	0.00152	0.08751	0.00520	0.00477	0.67000
38	0.02056	0.01974	0.03372	0.05099	0.65622	0.01974	0.02550	0.02550	0.01892	0.02714	0.01563	0.02056	0.01316	0.00740	0.00822	0.00247	0.00987	0.00740	0.00411	0.01316
39	0.02221	0.71304	0.04353	0.01421	0.02132	0.03287	0.01421	0.02488	0.01688	0.01955	0.01155	0.01333	0.01066	0.00711	0.00533	0.00178	0.00888	0.00444	0.00355	0.01066
40	0.01020	0.00854	0.00895	0.00915	0.01186	0.00729	0.00707	0.01249	0.01896	0.02270	0.07985	0.08142	0.58804	0.02124	0.01000	0.00291	0.00458	0.07996	0.00771	0.00708
41	0.01009	0.00736	0.00951	0.01123	0.01196	0.00678	0.00756	0.01161	0.01623	0.02134	0.04990	0.63592	0.11899	0.02549	0.01052	0.00331	0.00475	0.02297	0.00771	0.00678
42	0.01339	0.00956	0.01339	0.01530	0.01721	0.00956	0.01339	0.01721	0.01912	0.02486	0.04399	0.09371	0.04781	0.02295	0.01147	0.00382	0.00765	0.60031	0.00765	0.00765
43	0.01904	0.01961	0.02532	0.02178	0.02207	0.06903	0.01803	0.02088	0.01345	0.02002	0.01104	0.01796	0.01089	0.01414	0.02594	0.00353	0.64733	0.00714	0.00368	0.00912
44	0.13002	0.13396	0.02414	0.01791	0.02259	0.30967	0.01430	0.03219	0.14954	0.02558	0.01673	0.01805	0.01353	0.00913	0.00818	0.00237	0.05054	0.00605	0.00512	0.01040
45	0.30420	0.16394	0.02283	0.01500	0.01996	0.06081	0.01267	0.06514	0.13409	0.03120	0.01624	0.01772	0.01303	0.00917	0.00850	0.00254	0.08115	0.00593	0.00541	0.01048

[dist]
# distance from previous block
# <min> <max>
2	37

[block]
# block no. 3 follows, 22 sequences, length 12
# corresponding to MSA columns:
# 188-199
name=unknown_D
#
# <colnr> <probs for GDERKNQSTAVLIFYWHMCP>
#	G	D	E	R	K	N	Q	S	T	A	V	L	I	F	Y	W	H	M	C	P
0	0.07549	0.51733	0.17545	0.01602	0.02410	0.02890	0.01739	0.02515	0.01682	0.02230	0.01228	0.01425	0.01051	0.00732	0.00587	0.00202	0.00944	0.00481	0.00366	0.01089
1	0.03103	0.03959	0.02354	0.02140	0.02568	0.67469	0.01605	0.03317	0.02354	0.02033	0.01284	0.01498	0.01070	0.00856	0.00749	0.00214	0.01498	0.00535	0.00428	0.00963
2	0.01126	0.00778	0.00963	0.01042	0.01073	0.00770	0.00654	0.01208	0.01375	0.01844	0.03393	0.31884	0.03964	0.37888	0.07747	0.00654	0.00781	0.01657	0.00609	0.00592
3	0.07468	0.41451	0.12664	0.01654	0.02279	0.02746	0.01666	0.02372	0.01591	0.02188	0.01250	0.01576	0.01109	0.01140	0.04477	0.00287	0.12135	0.00539	0.00372	0.01034
4	0.01128	0.00871	0.01046	0.01121	0.01313	0.00814	0.00843	0.01476	0.05067	0.02433	0.12838	0.27832	0.26381	0.02198	0.01027	0.00313	0.00505	0.11259	0.00791	0.00744
5	0.01184	0.00795	0.00913	0.00937	0.00943	0.00789	0.00536	0.01202	0.01255	0.01673	0.02859	0.13408	0.03325	0.62417	0.03839	0.00748	0.00766	0.01350	0.00536	0.00524
6	0.01079	0.00788	0.01030	0.01199	0.01306	0.00739	0.00877	0.01283	0.01697	0.02215	0.05012	0.49455	0.12693	0.02475	0.01069	0.00340	0.00536	0.14741	0.00770	0.00698
7	0.02704	0.03313	0.02390	0.19484	0.03389	0.50397	0.01788	0.03006	0.02174	0.02056	0.01334	0.01685	0.01080	0.00849	0.00770	0.00230	0.01396	0.00588	0.00413	0.00953
8	0.01742	0.03843	0.54170	0.02901	0.15710	0.01938	0.02968	0.02615	0.01781	0.02647	0.01505	0.01813	0.01104	0.00780	0.00796	0.00260	0.01181	0.00639	0.00363	0.01245
9	0.01172	0.00926	0.01075	0.01153	0.01334	0.00904	0.00818	0.01686	0.11647	0.02372	0.05474	0.41929	0.21946	0.02226	0.01004	0.00312	0.00493	0.01963	0.00783	0.00784
10	0.02344	0.03188	0.21160	0.03175	0.24116	0.18619	0.02341	0.10136	0.02215	0.02826	0.01524	0.01820	0.01190	0.00815	0.00795	0.00243	0.01177	0.00653	0.00449	0.01213
11	0.02114	0.02352	0.07979	0.09973	0.48024	0.10014	0.02452	0.02614	0.01918	0.02573	0.01516	0.01978	0.01248	0.00766	0.00812	0.00247	0.01078	0.00705	0.00405	0.01232

[dist]
# distance from previous block
# <min> <max>
2	45

[block]
# block no. 4 follows, 22 sequences, length 70
# corresponding to MSA columns:
# 245-314
name=unknown_E
#
# <colnr> <probs for GDERKNQSTAVLIFYWHMCP>
#	G	D	E	R	K	N	Q	S	T	A	V	L	I	F	Y	W	H	M	C	P
0	0.02098	0.02298	0.02020	0.17967	0.02985	0.25516	0.01507	0.02561	0.06144	0.02292	0.02409	0.06219	0.07978	0.01049	0.00793	0.00232	0.01033	0.00828	0.00506	0.13565
1	0.01902	0.02316	0.09180	0.02612	0.12411	0.15391	0.15255	0.02336	0.01929	0.02388	0.02710	0.16645	0.06515	0.01293	0.00911	0.00275	0.01061	0.03352	0.00522	0.00995
2	0.01817	0.01653	0.01935	0.02298	0.17963	0.07651	0.01447	0.10623	0.02227	0.02805	0.04512	0.05206	0.25255	0.01508	0.00921	0.00276	0.00786	0.09470	0.00655	0.00993
3	0.01892	0.01810	0.02536	0.12655	0.25007	0.06304	0.01909	0.04525	0.01727	0.02352	0.01701	0.05116	0.01613	0.10274	0.01704	0.00353	0.16220	0.00849	0.00438	0.01015
4	0.02916	0.03645	0.02323	0.02210	0.05245	0.59686	0.01604	0.03148	0.02259	0.02055	0.01366	0.01653	0.01155	0.01249	0.05696	0.00298	0.01530	0.00570	0.00429	0.00962
5	0.01792	0.01001	0.01187	0.01082	0.01330	0.00931	0.00763	0.02038	0.04569	0.17572	0.04328	0.09665	0.17787	0.29678	0.02261	0.00491	0.00661	0.01313	0.00729	0.00821
6	0.02125	0.02926	0.22987	0.02595	0.03421	0.06929	0.23650	0.12538	0.02200	0.03014	0.01661	0.02012	0.01238	0.00840	0.00953	0.00265	0.04802	0.00773	0.03906	0.01163
7	0.02568	0.03084	0.02763	0.05231	0.05276	0.39470	0.09405	0.02861	0.02016	0.02135	0.01310	0.01715	0.01110	0.00964	0.01225	0.00260	0.16564	0.00650	0.00410	0.00983
8	0.01078	0.00801	0.01012	0.01111	0.01255	0.00736	0.00810	0.01315	0.01850	0.02441	0.17958	0.36793	0.18474	0.02274	0.01037	0.00315	0.00483	0.08744	0.00800	0.00713
9	0.02056	0.01974	0.03372	0.05099	0.65622	0.01974	0.02550	0.02550	0.01892	0.02714	0.01563	0.02056	0.01316	0.00740	0.00822	0.00247	0.00987	0.00740	0.00411	0.01316
10	0.76672	0.01607	0.01221	0.01092	0.01607	0.01864	0.00900	0.02442	0.01414	0.03727	0.01157	0.01350	0.00900	0.00771	0.00514	0.00257	0.00643	0.00450	0.00514	0.00900
11	0.01109	0.00847	0.01018	0.00975	0.01200	0.00755	0.00731	0.01438	0.02194	0.02957	0.45619	0.06822	0.27637	0.01838	0.00981	0.00268	0.00402	0.01589	0.00865	0.00755
12	0.76672	0.01607	0.01221	0.01092	0.01607	0.01864	0.00900	0.02442	0.01414	0.03727	0.01157	0.01350	0.00900	0.00771	0.00514	0.00257	0.00643	0.00450	0.00514	0.00900
13	0.01020	0.00770	0.00943	0.01054	0.01185	0.00694	0.00732	0.01209	0.01756	0.02280	0.11858	0.45675	0.23085	0.02366	0.01029	0.00313	0.00455	0.02098	0.00786	0.00694
14	0.01012	0.00723	0.00964	0.01157	0.01205	0.00675	0.00771	0.01157	0.01591	0.02121	0.04579	0.70262	0.05495	0.02603	0.01060	0.00337	0.00482	0.02362	0.00771	0.00675
15	0.01195	0.00859	0.01178	0.01178	0.01273	0.00953	0.00843	0.01383	0.01289	0.01812	0.02369	0.04057	0.02421	0.29819	0.44395	0.01142	0.01707	0.01006	0.00466	0.00655
16	0.01569	0.01477	0.02492	0.68808	0.05722	0.01846	0.02307	0.02123	0.01661	0.02123	0.01477	0.02215	0.01107	0.00831	0.00831	0.00277	0.01107	0.00738	0.00369	0.00923
17	0.02056	0.01974	0.03372	0.05099	0.65622	0.01974	0.02550	0.02550	0.01892	0.02714	0.01563	0.02056	0.01316	0.00740	0.00822	0.00247	0.00987	0.00740	0.00411	0.01316
18	0.01209	0.01054	0.01780	0.01618	0.01857	0.00978	0.13770	0.01477	0.01699	0.02247	0.04359	0.49612	0.10686	0.02152	0.01036	0.00320	0.00669	0.02009	0.00697	0.00771
19	0.02470	0.01694	0.01890	0.01639	0.02151	0.01861	0.01292	0.04326	0.49122	0.18713	0.03356	0.03033	0.02419	0.01103	0.00843	0.00276	0.00669	0.00914	0.00890	0.01339
20	0.01327	0.01097	0.01605	0.01524	0.01639	0.01374	0.01212	0.01598	0.01321	0.01944	0.01972	0.02941	0.01857	0.05166	0.53067	0.01118	0.17177	0.00854	0.00427	0.00779
21	0.01666	0.04297	0.66500	0.02368	0.03596	0.01929	0.03069	0.02631	0.01754	0.02631	0.01491	0.01754	0.01052	0.00789	0.00789	0.00263	0.01228	0.00614	0.00351	0.01228
22	0.00982	0.00842	0.00842	0.00842	0.01122	0.00701	0.00631	0.01192	0.01894	0.02244	0.08416	0.07995	0.65285	0.02104	0.00982	0.00281	0.00421	0.01753	0.00771	0.00701
23	0.01029	0.00843	0.00907	0.00891	0.01151	0.00721	0.00668	0.01283	0.02005	0.02508	0.22207	0.07560	0.51329	0.02005	0.00981	0.00276	0.00414	0.01692	0.00806	0.00721
24	0.02537	0.16767	0.10654	0.02485	0.12811	0.33181	0.01886	0.03000	0.05061	0.02270	0.01430	0.01665	0.01178	0.00814	0.00728	0.00221	0.01222	0.00580	0.00422	0.01090
25	0.01666	0.04297	0.66500	0.02368	0.03596	0.01929	0.03069	0.02631	0.01754	0.02631	0.01491	0.01754	0.01052	0.00789	0.00789	0.00263	0.01228	0.00614	0.00351	0.01228
26	0.01026	0.00733	0.00980	0.01173	0.01227	0.00687	0.00796	0.01181	0.01604	0.02137	0.04571	0.67627	0.05464	0.02589	0.01064	0.00339	0.00494	0.04857	0.00771	0.00679
27	0.01918	0.01840	0.03180	0.12920	0.50274	0.01877	0.05665	0.02407	0.01846	0.02595	0.01761	0.06673	0.01567	0.00875	0.00848	0.00259	0.00991	0.00862	0.00431	0.01212
28	0.01597	0.01534	0.01891	0.01699	0.01819	0.06585	0.01367	0.01838	0.01563	0.02175	0.10087	0.03299	0.08484	0.02664	0.17918	0.00567	0.32628	0.00950	0.00497	0.00836
29	0.01441	0.00784	0.00816	0.00816	0.00948	0.00784	0.00556	0.01705	0.01573	0.02626	0.02681	0.03839	0.02412	0.23104	0.01737	0.00388	0.00520	0.00912	0.51671	0.00688
30	0.04818	0.03370	0.40246	0.02453	0.03475	0.01981	0.15242	0.08852	0.02046	0.07217	0.01690	0.01938	0.01195	0.00807	0.00827	0.00265	0.01175	0.00713	0.00466	0.01224
31	0.05149	0.20241	0.30105	0.02626	0.11809	0.02297	0.11564	0.02580	0.01773	0.02526	0.01432	0.01747	0.01117	0.00749	0.00747	0.00242	0.01111	0.00638	0.00378	0.01169
32	0.05414	0.07066	0.02297	0.02271	0.13434	0.25439	0.01512	0.05840	0.05300	0.02784	0.17380	0.02858	0.02883	0.01053	0.00804	0.00236	0.00982	0.00834	0.00587	0.01027
33	0.01355	0.00981	0.01344	0.01300	0.01473	0.01112	0.00995	0.06022	0.01534	0.02202	0.02277	0.03398	0.02134	0.12607	0.52025	0.01135	0.01873	0.00908	0.04558	0.00767
34	0.02008	0.01903	0.03119	0.11208	0.52592	0.01971	0.02390	0.02710	0.08670	0.02737	0.01753	0.02186	0.01428	0.00792	0.00826	0.00254	0.00963	0.00762	0.00454	0.01276
35	0.01274	0.00921	0.01119	0.01178	0.01327	0.00904	0.00834	0.05504	0.05140	0.02345	0.04569	0.39371	0.14584	0.05555	0.01395	0.08023	0.00560	0.03947	0.00725	0.00727
36	0.02073	0.01810	0.02314	0.13760	0.21079	0.06206	0.01750	0.11365	0.09908	0.03065	0.02354	0.02637	0.04923	0.00955	0.00795	0.00248	0.00869	0.00811	0.11954	0.01126
37	0.02178	0.03022	0.21526	0.03634	0.33509	0.13763	0.02489	0.05314	0.02022	0.02676	0.01510	0.01865	0.01199	0.00786	0.00800	0.00246	0.01146	0.00667	0.00415	0.01231
38	0.01782	0.02326	0.16508	0.19040	0.14262	0.01878	0.14690	0.02401	0.01769	0.02506	0.01517	0.02015	0.01177	0.00783	0.00917	0.00254	0.04457	0.00730	0.00398	0.10589
39	0.01569	0.01477	0.02492	0.68808	0.05722	0.01846	0.02307	0.02123	0.01661	0.02123	0.01477	0.02215	0.01107	0.00831	0.00831	0.00277	0.01107	0.00738	0.00369	0.00923
40	0.01924	0.35444	0.37612	0.01928	0.02915	0.02560	0.02303	0.02564	0.01723	0.02316	0.01335	0.01558	0.01059	0.00753	0.00670	0.00223	0.01070	0.00535	0.00353	0.01153
41	0.03158	0.02327	0.02493	0.01911	0.02576	0.02576	0.01579	0.62852	0.03906	0.05236	0.01995	0.01995	0.01413	0.00997	0.00831	0.00249	0.00914	0.00748	0.00831	0.01413
42	0.01178	0.00895	0.01310	0.01335	0.01455	0.01028	0.01016	0.01437	0.01386	0.01972	0.02671	0.17301	0.02753	0.05258	0.50694	0.01083	0.04791	0.01193	0.00510	0.00735
43	0.15416	0.07342	0.02489	0.02572	0.17644	0.28568	0.01665	0.03033	0.06609	0.05037	0.01552	0.01766	0.01246	0.00830	0.00722	0.00234	0.01093	0.00605	0.00488	0.01088
44	0.01012	0.00723	0.00964	0.01157	0.01205	0.00675	0.00771	0.01157	0.01591	0.02121	0.04579	0.70262	0.05495	0.02603	0.01060	0.00337	0.00482	0.02362	0.00771	0.00675
45	0.02221	0.71304	0.04353	0.01421	0.02132	0.03287	0.01421	0.02488	0.01688	0.01955	0.01155	0.01333	0.01066	0.00711	0.00533	0.00178	0.00888	0.00444	0.00355	0.01066
46	0.02887	0.02999	0.02625	0.02727	0.16630	0.32296	0.01807	0.22017	0.02743	0.03200	0.01571	0.01780	0.01234	0.00875	0.00791	0.00233	0.01199	0.00648	0.00552	0.01184
47	0.01187	0.00890	0.01335	0.01335	0.01483	0.01038	0.01038	0.01483	0.01335	0.01928	0.02225	0.03264	0.02077	0.06231	0.67512	0.01335	0.02225	0.00890	0.00445	0.00742
48	0.01208	0.00805	0.00906	0.00906	0.00906	0.00805	0.00503	0.01208	0.01208	0.01611	0.02618	0.05436	0.03020	0.70804	0.04228	0.00805	0.00805	0.01208	0.00503	0.00503
49	0.01846	0.00985	0.01296	0.01279	0.01517	0.00912	0.00931	0.04838	0.01912	0.19565	0.04106	0.48848	0.04374	0.02102	0.00989	0.00312	0.00563	0.01874	0.00843	0.00909
50	0.08356	0.05016	0.03794	0.03627	0.25267	0.04986	0.27945	0.05899	0.02003	0.02852	0.01574	0.02018	0.01242	0.00744	0.00850	0.00258	0.01149	0.00798	0.00445	0.01177
51	0.05790	0.02433	0.02896	0.11461	0.38752	0.19563	0.02190	0.02702	0.01967	0.02510	0.01459	0.01891	0.01206	0.00783	0.00789	0.00242	0.01122	0.00671	0.00416	0.01156
52	0.32579	0.10529	0.02510	0.05408	0.10999	0.11809	0.06774	0.05776	0.01842	0.03032	0.01336	0.01620	0.01070	0.00781	0.00666	0.00242	0.00949	0.00577	0.00470	0.01033
53	0.08766	0.08374	0.22721	0.05165	0.06254	0.15621	0.02008	0.11274	0.02165	0.02881	0.01934	0.02125	0.05431	0.00913	0.00760	0.00245	0.01088	0.00679	0.00483	0.01114
54	0.01955	0.14607	0.02008	0.01455	0.04577	0.12405	0.01095	0.06645	0.02052	0.02706	0.11120	0.03325	0.06777	0.06701	0.01006	0.00265	0.00766	0.00872	0.18757	0.00906
55	0.02506	0.17070	0.02360	0.01462	0.02006	0.01916	0.01234	0.11912	0.11910	0.19942	0.13054	0.03206	0.05667	0.01128	0.00799	0.00244	0.00705	0.00903	0.00790	0.01185
56	0.02723	0.01810	0.02066	0.01588	0.02209	0.01812	0.01296	0.32278	0.02988	0.15389	0.09573	0.02583	0.02248	0.01005	0.00804	0.00225	0.00752	0.00799	0.00805	0.17046
57	0.01234	0.00869	0.01233	0.01233	0.01376	0.00988	0.00941	0.01520	0.01377	0.02051	0.02315	0.03404	0.02153	0.10353	0.54444	0.01153	0.01890	0.00899	0.09838	0.00728
58	0.01187	0.00890	0.01335	0.01335	0.01483	0.01038	0.01038	0.01483	0.01335	0.01928	0.02225	0.03264	0.02077	0.06231	0.67512	0.01335	0.02225	0.00890	0.00445	0.00742
59	0.02051	0.48227	0.03464	0.01471	0.02002	0.07520	0.01347	0.02301	0.01637	0.01942	0.01406	0.01879	0.01326	0.05038	0.11690	0.00407	0.04362	0.00573	0.00383	0.00971
60	0.20567	0.17070	0.02490	0.01869	0.07230	0.23449	0.01404	0.07133	0.02032	0.02734	0.01781	0.01946	0.05391	0.00890	0.00674	0.00227	0.01005	0.00609	0.00485	0.01014
61	0.31326	0.06990	0.07106	0.09280	0.02475	0.01939	0.01427	0.06855	0.09641	0.09425	0.01920	0.02276	0.01489	0.00934	0.00699	0.00263	0.00794	0.03494	0.00597	0.01071
62	0.02144	0.15642	0.02580	0.02261	0.16093	0.07500	0.01494	0.09333	0.02037	0.06863	0.04832	0.02813	0.04331	0.08703	0.09472	0.00426	0.01073	0.00809	0.00541	0.01052
63	0.02441	0.01887	0.01966	0.12616	0.05670	0.16022	0.01454	0.02789	0.02135	0.20229	0.09179	0.03553	0.07485	0.01169	0.00854	0.00256	0.00907	0.04857	0.00688	0.03844
64	0.02127	0.08317	0.15901	0.01933	0.05279	0.17567	0.01724	0.05318	0.06737	0.05239	0.10998	0.03290	0.05915	0.01138	0.00829	0.00253	0.00987	0.04805	0.00586	0.01056
65	0.16559	0.01793	0.13774	0.01652	0.08265	0.01385	0.01375	0.02240	0.04503	0.03050	0.07887	0.03111	0.08074	0.01047	0.00715	0.00243	0.00675	0.00837	0.21855	0.00959
66	0.02345	0.24016	0.16181	0.01976	0.02653	0.26585	0.04756	0.02759	0.01936	0.02155	0.01376	0.01667	0.01149	0.01189	0.05647	0.00299	0.01308	0.00572	0.00391	0.01040
67	0.06371	0.04769	0.02166	0.01647	0.02246	0.07286	0.01343	0.29073	0.08025	0.13210	0.02598	0.02533	0.06249	0.01026	0.00791	0.00239	0.00831	0.00785	0.00760	0.08054
68	0.01994	0.01422	0.01708	0.09744	0.02284	0.03860	0.01296	0.02871	0.18134	0.12208	0.05476	0.03732	0.05354	0.01644	0.06317	0.00361	0.04445	0.06087	0.10025	0.01037
69	0.01754	0.08050	0.17872	0.02147	0.07228	0.04867	0.09248	0.02435	0.06077	0.02682	0.09939	0.03347	0.02535	0.01303	0.03772	0.00306	0.01000	0.06844	0.04606	0.03989

[dist]
# distance from previous block
# <min> <max>
4	35

[block]
# block no. 5 follows, 22 sequences, length 127
# corresponding to MSA columns:
# 355-481
name=unknown_F
#
# <colnr> <probs for GDERKNQSTAVLIFYWHMCP>
#	G	D	E	R	K	N	Q	S	T	A	V	L	I	F	Y	W	H	M	C	P
0	0.02077	0.02221	0.08464	0.02444	0.15658	0.14727	0.01713	0.05329	0.04603	0.05168	0.01989	0.05293	0.01712	0.02111	0.15179	0.00483	0.04272	0.00805	0.04706	0.01046
1	0.01965	0.01923	0.02385	0.06622	0.24985	0.12820	0.04365	0.02463	0.05046	0.02527	0.02210	0.02641	0.04877	0.01597	0.09431	0.00381	0.01131	0.00803	0.10783	0.01044
2	0.18232	0.02078	0.05187	0.08306	0.02505	0.07918	0.01437	0.17006	0.15524	0.03516	0.02585	0.02632	0.07594	0.01043	0.00771	0.00261	0.00842	0.00794	0.00653	0.01115
3	0.02445	0.05112	0.02169	0.04556	0.02357	0.13498	0.01456	0.28101	0.02803	0.03561	0.07584	0.03331	0.02379	0.01684	0.07259	0.00364	0.01086	0.08480	0.00682	0.01095
4	0.02146	0.01526	0.01695	0.01453	0.01870	0.01587	0.01138	0.29738	0.02767	0.07181	0.04157	0.21378	0.16537	0.01666	0.00925	0.00280	0.00680	0.01399	0.00813	0.01062
5	0.01187	0.00890	0.01335	0.01335	0.01483	0.01038	0.01038	0.01483	0.01335	0.01928	0.02225	0.03264	0.02077	0.06231	0.67512	0.01335	0.02225	0.00890	0.00445	0.00742
6	0.01974	0.02008	0.03775	0.11243	0.39545	0.02002	0.21943	0.02541	0.01890	0.02635	0.01592	0.02132	0.01276	0.00737	0.00874	0.00261	0.01133	0.00818	0.00410	0.01212
7	0.03150	0.02555	0.02474	0.01943	0.02575	0.11630	0.01583	0.54546	0.03689	0.04789	0.01895	0.01925	0.01365	0.00978	0.00820	0.00244	0.00996	0.00718	0.00775	0.01350
8	0.01569	0.01477	0.02492	0.68808	0.05722	0.01846	0.02307	0.02123	0.01661	0.02123	0.01477	0.02215	0.01107	0.00831	0.00831	0.00277	0.01107	0.00738	0.00369	0.00923
9	0.11351	0.02130	0.02280	0.01765	0.02411	0.02323	0.01458	0.48617	0.03434	0.12909	0.02067	0.02030	0.01439	0.00976	0.00797	0.00251	0.00858	0.00726	0.00821	0.01356
10	0.01040	0.00832	0.00858	0.00858	0.01066	0.00728	0.00598	0.01196	0.01717	0.02081	0.06920	0.07335	0.49224	0.19825	0.01819	0.00416	0.00520	0.01613	0.00702	0.00650
11	0.01054	0.00741	0.00952	0.01103	0.01141	0.00703	0.00714	0.01168	0.01509	0.02012	0.04161	0.56461	0.04968	0.17123	0.01735	0.00437	0.00551	0.02116	0.00714	0.00638
12	0.00985	0.00828	0.00855	0.00876	0.01131	0.00698	0.00647	0.01188	0.01860	0.02231	0.07992	0.14872	0.58681	0.02159	0.00991	0.00287	0.00428	0.01820	0.00771	0.00698
13	0.02221	0.71304	0.04353	0.01421	0.02132	0.03287	0.01421	0.02488	0.01688	0.01955	0.01155	0.01333	0.01066	0.00711	0.00533	0.00178	0.00888	0.00444	0.00355	0.01066
14	0.76672	0.01607	0.01221	0.01092	0.01607	0.01864	0.00900	0.02442	0.01414	0.03727	0.01157	0.01350	0.00900	0.00771	0.00514	0.00257	0.00643	0.00450	0.00514	0.00900
15	0.02056	0.01974	0.03372	0.05099	0.65622	0.01974	0.02550	0.02550	0.01892	0.02714	0.01563	0.02056	0.01316	0.00740	0.00822	0.00247	0.00987	0.00740	0.00411	0.01316
16	0.01569	0.01477	0.02492	0.68808	0.05722	0.01846	0.02307	0.02123	0.01661	0.02123	0.01477	0.02215	0.01107	0.00831	0.00831	0.00277	0.01107	0.00738	0.00369	0.00923
17	0.76672	0.01607	0.01221	0.01092	0.01607	0.01864	0.00900	0.02442	0.01414	0.03727	0.01157	0.01350	0.00900	0.00771	0.00514	0.00257	0.00643	0.00450	0.00514	0.00900
18	0.02066	0.01785	0.01878	0.01691	0.02160	0.02066	0.01315	0.04414	0.64121	0.03475	0.03381	0.03099	0.02536	0.01127	0.00845	0.00282	0.00657	0.00939	0.00845	0.01315
19	0.76672	0.01607	0.01221	0.01092	0.01607	0.01864	0.00900	0.02442	0.01414	0.03727	0.01157	0.01350	0.00900	0.00771	0.00514	0.00257	0.00643	0.00450	0.00514	0.00900
20	0.02056	0.01974	0.03372	0.05099	0.65622	0.01974	0.02550	0.02550	0.01892	0.02714	0.01563	0.02056	0.01316	0.00740	0.00822	0.00247	0.00987	0.00740	0.00411	0.01316
