[name]
unknown

[dist]
# distance from previous block
# <min> <max>
2	52

[block]
# block no. 0 follows, 22 sequences, length 62
# corresponding to MSA columns:
# 55-116
name=unknown_A
#
# <colnr> <probs for GDERKNQSTAVLIFYWHMCP>
#	G	D	E	R	K	N	Q	S	T	A	V	L	I	F	Y	W	H	M	C	P
0	0.06034	0.05049	0.02152	0.01598	0.02233	0.01975	0.01307	0.24615	0.15062	0.11142	0.02223	0.02189	0.01630	0.00914	0.00756	0.00224	0.00755	0.00709	0.00741	0.18691
1	0.01267	0.00979	0.01290	0.03925	0.04579	0.00982	0.00971	0.01774	0.09001	0.02696	0.24681	0.32614	0.05495	0.04464	0.01104	0.00316	0.00531	0.01726	0.00786	0.00819
2	0.02838	0.24447	0.02980	0.01899	0.02435	0.41846	0.01546	0.08526	0.02292	0.02303	0.01310	0.01493	0.01100	0.00824	0.00690	0.00206	0.01258	0.00527	0.00443	0.01036
3	0.01010	0.00843	0.00880	0.00871	0.01139	0.00713	0.00653	0.01246	0.01959	0.02400	0.16565	0.07738	0.57039	0.02046	0.00982	0.00278	0.00417	0.01717	0.00792	0.00713
4	0.02046	0.02001	0.03528	0.04936	0.59376	0.01987	0.08671	0.02561	0.01899	0.02709	0.01575	0.02075	0.01310	0.00736	0.00839	0.00250	0.01029	0.00765	0.00412	0.01296
5	0.02805	0.02715	0.02258	0.01921	0.02446	0.24473	0.01507	0.24712	0.21831	0.03608	0.02178	0.02164	0.01641	0.00989	0.00808	0.00247	0.01034	0.00734	0.00698	0.01230
6	0.01012	0.00723	0.00964	0.01157	0.01205	0.00675	0.00771	0.01157	0.01591	0.02121	0.04579	0.70262	0.05495	0.02603	0.01060	0.00337	0.00482	0.02362	0.00771	0.00675
7	0.02802	0.15095	0.02801	0.07395	0.06613	0.26841	0.01662	0.18604	0.02558	0.05815	0.01569	0.01750	0.01222	0.00866	0.00747	0.00226	0.01139	0.00617	0.00542	0.01138
8	0.02221	0.71304	0.04353	0.01421	0.02132	0.03287	0.01421	0.02488	0.01688	0.01955	0.01155	0.01333	0.01066	0.00711	0.00533	0.00178	0.00888	0.00444	0.00355	0.01066
9	0.01176	0.00849	0.01110	0.01045	0.01241	0.00784	0.00784	0.01568	0.02352	0.03331	0.65184	0.06206	0.07839	0.01698	0.00980	0.00261	0.00392	0.01502	0.00914	0.00784
10	0.02056	0.01974	0.03372	0.05099	0.65622	0.01974	0.02550	0.02550	0.01892	0.02714	0.01563	0.02056	0.01316	0.00740	0.00822	0.00247	0.00987	0.00740	0.00411	0.01316
11	0.01722	0.08913	0.58708	0.02364	0.03534	0.02035	0.06245	0.02622	0.01761	0.02585	0.01478	0.01751	0.01065	0.00779	0.00782	0.00258	0.01213	0.00622	0.00355	0.01210
12	0.02022	0.01939	0.03310	0.09596	0.61394	0.01965	0.02532	0.02519	0.01875	0.02672	0.01557	0.02067	0.01301	0.00747	0.00823	0.00249	0.00995	0.00740	0.00408	0.01288
13	0.01115	0.00802	0.01056	0.01087	0.01228	0.00743	0.00779	0.01414	0.02067	0.02878	0.42495	0.30187	0.06961	0.02037	0.01010	0.00290	0.00426	0.01824	0.00861	0.00743
14	0.01964	0.01879	0.03205	0.17187	0.54257	0.01950	0.02504	0.02469	0.01848	0.02602	0.01546	0.02086	0.01276	0.00757	0.00824	0.00252	0.01010	0.00740	0.00403	0.01241
15	0.01436	0.01274	0.01625	0.01545	0.01686	0.05999	0.01219	0.01706	0.01396	0.01949	0.01954	0.02878	0.01828	0.04989	0.51102	0.01081	0.14283	0.00836	0.00429	0.00788
16	0.01843	0.07749	0.44160	0.05383	0.16669	0.02047	0.02765	0.05148	0.01867	0.02698	0.01506	0.01820	0.01126	0.00784	0.00784	0.00254	0.01138	0.00641	0.00385	0.01233
17	0.02056	0.01974	0.03372	0.05099	0.65622	0.01974	0.02550	0.02550	0.01892	0.02714	0.01563	0.02056	0.01316	0.00740	0.00822	0.00247	0.00987	0.00740	0.00411	0.01316
18	0.01895	0.02465	0.15491	0.23248	0.16998	0.08827	0.02351	0.02417	0.01731	0.02318	0.01409	0.01944	0.01134	0.00917	0.01150	0.00277	0.13291	0.00691	0.00379	0.01069
19	0.02546	0.01638	0.01848	0.01583	0.02092	0.01767	0.01253	0.06410	0.40503	0.21246	0.03257	0.02980	0.02332	0.01084	0.00826	0.00268	0.00665	0.00892	0.05497	0.01313
20	0.01430	0.01248	0.01802	0.01661	0.01753	0.01619	0.01339	0.01682	0.01311	0.01956	0.01787	0.02706	0.01696	0.04388	0.42518	0.00960	0.28096	0.00827	0.00414	0.00806
21	0.01549	0.00774	0.00774	0.00774	0.00968	0.00774	0.00581	0.01936	0.01742	0.03097	0.02710	0.03097	0.02129	0.00968	0.00581	0.00194	0.00387	0.00774	0.75416	0.00774
22	0.01012	0.00723	0.00964	0.01157	0.01205	0.00675	0.00771	0.01157	0.01591	0.02121	0.04579	0.70262	0.05495	0.02603	0.01060	0.00337	0.00482	0.02362	0.00771	0.00675
23	0.01103	0.00793	0.01045	0.01095	0.01225	0.00735	0.00778	0.01385	0.02012	0.02792	0.38183	0.34745	0.06794	0.02101	0.01016	0.00295	0.00432	0.01885	0.00851	0.00735
24	0.01056	0.00757	0.01003	0.01127	0.01215	0.00704	0.00775	0.01266	0.01793	0.02443	0.20735	0.53185	0.06119	0.02362	0.01039	0.00317	0.00458	0.02133	0.00809	0.00704
25	0.02863	0.15798	0.02791	0.02247	0.07494	0.50839	0.01647	0.03109	0.02199	0.02073	0.01283	0.01513	0.01089	0.00821	0.00716	0.00210	0.01349	0.00535	0.00414	0.01009
26	0.02056	0.01974	0.03372	0.05099	0.65622	0.01974	0.02550	0.02550	0.01892	0.02714	0.01563	0.02056	0.01316	0.00740	0.00822	0.00247	0.00987	0.00740	0.00411	0.01316
27	0.01343	0.01004	0.01427	0.01381	0.01570	0.01160	0.01081	0.06353	0.01539	0.02191	0.02207	0.03163	0.02024	0.05815	0.62221	0.01249	0.02121	0.00879	0.00476	0.00795
28	0.02026	0.01981	0.03194	0.14721	0.53802	0.04713	0.02473	0.02517	0.01876	0.02595	0.01538	0.02057	0.01274	0.00759	0.00821	0.00250	0.01027	0.00731	0.00405	0.01241
29	0.01370	0.00951	0.01211	0.01117	0.01357	0.00907	0.00847	0.01914	0.07254	0.06388	0.57281	0.05795	0.07138	0.01621	0.00962	0.00263	0.00428	0.01425	0.00915	0.00857
30	0.03106	0.03881	0.02361	0.02129	0.02569	0.64354	0.01604	0.06176	0.02429	0.02187	0.01318	0.01522	0.01087	0.00863	0.00753	0.00216	0.01470	0.00545	0.00447	0.00985
31	0.02039	0.24957	0.22278	0.02713	0.19126	0.05176	0.02204	0.02734	0.06743	0.02477	0.01543	0.01793	0.01244	0.00781	0.00719	0.00231	0.01022	0.00615	0.00411	0.01195
32	0.01034	0.00833	0.00921	0.00922	0.01160	0.00720	0.00683	0.01284	0.01981	0.02508	0.22404	0.13252	0.45292	0.02047	0.00989	0.00281	0.00419	0.01746	0.00808	0.00720
33	0.01012	0.00723	0.00964	0.01157	0.01205	0.00675	0.00771	0.01157	0.01591	0.02121	0.04579	0.70262	0.05495	0.02603	0.01060	0.00337	0.00482	0.02362	0.00771	0.00675
34	0.02056	0.01974	0.03372	0.05099	0.65622	0.01974	0.02550	0.02550	0.01892	0.02714	0.01563	0.02056	0.01316	0.00740	0.00822	0.00247	0.00987	0.00740	0.00411	0.01316
35	0.03032	0.03841	0.02365	0.02142	0.02547	0.63879	0.01617	0.03244	0.02294	0.02031	0.01273	0.01516	0.01071	0.00889	0.00858	0.00222	0.05246	0.00546	0.00424	0.00960
36	0.02121	0.02096	0.03309	0.04917	0.61732	0.06015	0.02491	0.02597	0.01920	0.02672	0.01545	0.02022	0.01301	0.00747	0.00818	0.00245	0.01018	0.00728	0.00412	0.01294
37	0.12273	0.10965	0.09555	0.03886	0.02139	0.01650	0.04755	0.01977	0.01489	0.02319	0.01786	0.02460	0.01574	0.03577	0.35118	0.00805	0.01618	0.00734	0.00428	0.00892
38	0.02681	0.01243	0.01618	0.01329	0.01805	0.01128	0.01064	0.03177	0.07239	0.38917	0.21681	0.04154	0.07684	0.01298	0.00887	0.00262	0.00593	0.01095	0.00965	0.01178
39	0.02056	0.01974	0.03372	0.05099	0.65622	0.01974	0.02550	0.02550	0.01892	0.02714	0.01563	0.02056	0.01316	0.00740	0.00822	0.00247	0.00987	0.00740	0.00411	0.01316
40	0.01182	0.00811	0.00880	0.00880	0.00962	0.00778	0.00540	0.01262	0.01412	0.01878	0.03992	0.05854	0.17636	0.49059	0.03173	0.00633	0.00681	0.01302	0.06511	0.00572
41	0.01425	0.00733	0.01100	0.01100	0.01111	0.00744	0.00744	0.01111	0.01100	0.01477	0.01498	0.02577	0.01488	0.03122	0.07783	0.70572	0.00828	0.00733	0.00367	0.00388
42	0.01072	0.00748	0.00946	0.01080	0.01113	0.00715	0.00689	0.01172	0.01473	0.01964	0.03978	0.50397	0.04736	0.23503	0.02031	0.00481	0.00581	0.02008	0.00689	0.00622
43	0.01038	0.00741	0.00994	0.01186	0.01246	0.00697	0.00816	0.01202	0.01616	0.02150	0.04564	0.65431	0.05438	0.02578	0.01067	0.00341	0.00504	0.06938	0.00771	0.00682
44	0.02916	0.18515	0.02803	0.01962	0.02474	0.47499	0.01563	0.08599	0.02351	0.02310	0.01321	0.01508	0.01101	0.00837	0.00709	0.00209	0.01311	0.00535	0.00449	0.01027
45	0.01047	0.00844	0.00931	0.00910	0.01162	0.00729	0.00682	0.01318	0.02046	0.02607	0.27374	0.07397	0.46101	0.01968	0.00981	0.00274	0.00411	0.01669	0.00819	0.00729
46	0.01195	0.00857	0.01170	0.01170	0.01261	0.00949	0.00832	0.01377	0.01286	0.01806	0.02377	0.04102	0.02441	0.31143	0.43098	0.01131	0.01677	0.01013	0.00468	0.00650
47	0.01907	0.01821	0.03102	0.24622	0.47266	0.01935	0.02475	0.02419	0.01821	0.02533	0.01536	0.02105	0.01252	0.00768	0.00825	0.00256	0.01024	0.00740	0.00398	0.01195
48	0.01208	0.00805	0.00906	0.00906	0.00906	0.00805	0.00503	0.01208	0.01208	0.01611	0.02618	0.05436	0.03020	0.70804	0.04228	0.00805	0.00805	0.01208	0.00503	0.00503
49	0.01723	0.01477	0.01723	0.01230	0.01969	0.01107	0.00984	0.02092	0.01723	0.02707	0.01477	0.01723	0.01230	0.00615	0.00615	0.00123	0.00615	0.00492	0.00492	0.75883
50	0.03158	0.02327	0.02493	0.01911	0.02576	0.02576	0.01579	0.62852	0.03906	0.05236	0.01995	0.01995	0.01413	0.00997	0.00831	0.00249	0.00914	0.00748	0.00831	0.01413
51	0.01176	0.00849	0.01110	0.01045	0.01241	0.00784	0.00784	0.01568	0.02352	0.03331	0.65184	0.06206	0.07839	0.01698	0.00980	0.00261	0.00392	0.01502	0.00914	0.00784
52	0.01012	0.00723	0.00964	0.01157	0.01205	0.00675	0.00771	0.01157	0.01591	0.02121	0.04579	0.70262	0.05495	0.02603	0.01060	0.00337	0.00482	0.02362	0.00771	0.00675
53	0.01861	0.01797	0.02601	0.03672	0.41620	0.07006	0.01948	0.02270	0.01972	0.02675	0.11831	0.09186	0.05743	0.01132	0.00870	0.00256	0.00865	0.01037	0.00540	0.01117
54	0.01207	0.00875	0.01176	0.01186	0.01306	0.00922	0.00854	0.01401	0.01374	0.01917	0.02701	0.11820	0.02872	0.25661	0.33284	0.00946	0.01425	0.04409	0.00520	0.04142
55	0.02144	0.02502	0.08449	0.20402	0.19813	0.19024	0.02104	0.05158	0.02062	0.02529	0.06527	0.02251	0.01694	0.00886	0.00815	0.00249	0.01124	0.00735	0.00457	0.01074
56	0.01844	0.25725	0.46627	0.02065	0.03128	0.02364	0.02542	0.02585	0.01733	0.02415	0.01383	0.01619	0.01057	0.00764	0.00707	0.00236	0.01119	0.00560	0.00352	0.01176
57	0.01187	0.00890	0.01335	0.01335	0.01483	0.01038	0.01038	0.01483	0.01335	0.01928	0.02225	0.03264	0.02077	0.06231	0.67512	0.01335	0.02225	0.00890	0.00445	0.00742
58	0.01985	0.02316	0.11139	0.04351	0.41894	0.02003	0.18782	0.02589	0.01894	0.02690	0.01586	0.02071	0.01270	0.00735	0.00861	0.00258	0.01126	0.00790	0.00407	0.01253
59	0.29937	0.05676	0.07985	0.01981	0.07294	0.29524	0.01547	0.02838	0.01889	0.02763	0.01273	0.01505	0.01025	0.00804	0.00663	0.00235	0.01093	0.00524	0.00448	0.00996
60	0.02211	0.01445	0.01586	0.06820	0.02005	0.05960	0.01121	0.13338	0.02261	0.13923	0.05425	0.13489	0.02639	0.04195	0.00948	0.00274	0.00708	0.01060	0.19595	0.00999
61	0.01286	0.00962	0.01128	0.01183	0.01300	0.00996	0.00794	0.01826	0.13989	0.02228	0.03707	0.35927	0.04105	0.24281	0.02038	0.00477	0.00621	0.01705	0.00700	0.00748

[dist]
# distance from previous block
# <min> <max>
4	11

[block]
# block no. 1 follows, 22 sequences, length 15
# corresponding to MSA columns:
# 128-142
name=unknown_B
#
# <colnr> <probs for GDERKNQSTAVLIFYWHMCP>
#	G	D	E	R	K	N	Q	S	T	A	V	L	I	F	Y	W	H	M	C	P
0	0.19410	0.02816	0.26196	0.06487	0.11390	0.06955	0.02116	0.02766	0.01809	0.10353	0.01618	0.01837	0.01177	0.00815	0.00735	0.00256	0.01012	0.00621	0.00484	0.01146
1	0.02262	0.09565	0.23108	0.02066	0.02727	0.21588	0.02035	0.08283	0.02038	0.02505	0.01459	0.01791	0.01180	0.01338	0.06371	0.00338	0.09221	0.00623	0.00428	0.01075
2	0.01075	0.00842	0.00983	0.01034	0.01249	0.00751	0.00790	0.01331	0.01923	0.02440	0.16416	0.17796	0.36884	0.02147	0.01020	0.00303	0.00480	0.11021	0.00794	0.00721
3	0.01042	0.00744	0.00998	0.01190	0.01252	0.00700	0.00822	0.01208	0.01620	0.02154	0.04562	0.64768	0.05430	0.02575	0.01068	0.00341	0.00508	0.07565	0.00771	0.00683
4	0.02609	0.02119	0.02543	0.13510	0.17719	0.12058	0.01863	0.11352	0.04850	0.15468	0.01950	0.02168	0.01440	0.00931	0.00947	0.00258	0.05675	0.00736	0.00603	0.01202
5	0.01524	0.07597	0.01519	0.01198	0.01367	0.01309	0.00865	0.08049	0.01649	0.02241	0.02637	0.14998	0.02853	0.32607	0.08518	0.00605	0.04150	0.01205	0.04371	0.00737
6	0.01050	0.00864	0.00937	0.00974	0.01237	0.00750	0.00767	0.01294	0.01897	0.02291	0.07644	0.08259	0.53662	0.02141	0.01014	0.00300	0.00487	0.12949	0.00770	0.00714
7	0.01460	0.01311	0.02049	0.01805	0.01969	0.01619	0.06907	0.01757	0.01372	0.02018	0.01811	0.02705	0.01685	0.04191	0.40617	0.00927	0.23704	0.00846	0.00417	0.00830
8	0.03017	0.02707	0.02339	0.05125	0.02645	0.24343	0.01566	0.29156	0.08567	0.09407	0.01971	0.02013	0.01442	0.00956	0.00805	0.00242	0.01079	0.00701	0.00692	0.01228
9	0.01607	0.01557	0.01618	0.01551	0.01745	0.14211	0.01203	0.01880	0.01531	0.01954	0.01962	0.02817	0.01811	0.04847	0.49949	0.01048	0.06666	0.00809	0.00436	0.00797
10	0.01174	0.00828	0.01071	0.01109	0.01204	0.00828	0.00778	0.01373	0.01626	0.02231	0.17538	0.17371	0.04593	0.25957	0.12681	0.00640	0.00873	0.06802	0.00662	0.00661
11	0.05355	0.06283	0.43639	0.01996	0.02899	0.01780	0.02344	0.06104	0.01837	0.02718	0.02099	0.15209	0.01942	0.01155	0.00820	0.00273	0.01018	0.00951	0.00472	0.01107
12	0.10655	0.08421	0.02928	0.09288	0.32911	0.08129	0.02021	0.10842	0.02118	0.02990	0.01506	0.01866	0.01219	0.00795	0.00757	0.00242	0.00987	0.00663	0.00473	0.01192
13	0.01468	0.01323	0.01835	0.02505	0.23034	0.04517	0.01400	0.01741	0.01764	0.02330	0.03804	0.37015	0.10288	0.01831	0.00956	0.00294	0.00698	0.01655	0.00632	0.00909
14	0.14008	0.02112	0.11238	0.15950	0.18609	0.01852	0.11719	0.02427	0.01743	0.02742	0.01480	0.01926	0.01154	0.00750	0.00772	0.00249	0.01012	0.00688	0.00422	0.09148

[dist]
# distance from previous block
# <min> <max>
14	55

[block]
# block no. 2 follows, 22 sequences, length 40
# corresponding to MSA columns:
# 201-240
name=unknown_C
#
# <colnr> <probs for GDERKNQSTAVLIFYWHMCP>
#	G	D	E	R	K	N	Q	S	T	A	V	L	I	F	Y	W	H	M	C	P
0	0.05137	0.13888	0.06063	0.01674	0.02109	0.15429	0.01430	0.08860	0.04928	0.02634	0.06688	0.05231	0.05145	0.03990	0.03475	0.00315	0.08201	0.03269	0.00551	0.00983
1	0.02274	0.08700	0.14284	0.02407	0.14379	0.15287	0.01857	0.05020	0.04551	0.07587	0.02165	0.02315	0.05900	0.00903	0.00768	0.00229	0.01009	0.00711	0.00515	0.09139
2	0.02195	0.02240	0.02070	0.01741	0.02213	0.21474	0.06577	0.13232	0.02351	0.02799	0.03283	0.10357	0.14801	0.01282	0.00850	0.00242	0.00952	0.01052	0.00615	0.09672
3	0.01728	0.01276	0.01714	0.01736	0.07690	0.01252	0.03464	0.08538	0.06705	0.07539	0.16219	0.21398	0.07781	0.01640	0.00940	0.00280	0.00637	0.04135	0.00770	0.04557
4	0.06573	0.06031	0.12750	0.04629	0.02720	0.02083	0.04361	0.21152	0.12277	0.15694	0.02251	0.02238	0.01589	0.00943	0.00801	0.00257	0.00898	0.00751	0.00714	0.01289
5	0.07902	0.14390	0.02574	0.02009	0.06545	0.29964	0.01515	0.09140	0.02189	0.02546	0.01959	0.02144	0.06746	0.00986	0.00875	0.00234	0.06100	0.00671	0.00489	0.01021
6	0.02361	0.01578	0.01718	0.01442	0.01864	0.04911	0.01111	0.17323	0.06874	0.15958	0.03022	0.06968	0.06751	0.14608	0.05376	0.00420	0.00865	0.01007	0.00741	0.05101
7	0.02536	0.18591	0.10553	0.01796	0.02480	0.21769	0.01622	0.11648	0.02256	0.05319	0.01498	0.01656	0.01184	0.00804	0.00699	0.00204	0.01064	0.00561	0.00497	0.13264
8	0.01581	0.11622	0.42910	0.01952	0.02835	0.01794	0.02307	0.02270	0.01737	0.02473	0.04659	0.15830	0.02233	0.01186	0.00821	0.00268	0.01001	0.00985	0.00460	0.01077
9	0.07812	0.26970	0.20549	0.01684	0.02496	0.02225	0.01782	0.03003	0.04203	0.19083	0.01885	0.01906	0.01364	0.00835	0.00693	0.00232	0.00908	0.00612	0.00559	0.01199
10	0.01927	0.52041	0.08105	0.01371	0.02030	0.02659	0.01378	0.02232	0.01735	0.02063	0.02667	0.02728	0.14227	0.01002	0.00643	0.00205	0.00817	0.00725	0.00440	0.01003
11	0.01315	0.00881	0.01103	0.01101	0.01197	0.00964	0.00787	0.01526	0.01440	0.02190	0.02690	0.12451	0.02727	0.21906	0.18262	0.00675	0.06006	0.01127	0.20965	0.00688
12	0.01569	0.01477	0.02492	0.68808	0.05722	0.01846	0.02307	0.02123	0.01661	0.02123	0.01477	0.02215	0.01107	0.00831	0.00831	0.00277	0.01107	0.00738	0.00369	0.00923
13	0.01008	0.00741	0.00945	0.01109	0.01192	0.00679	0.00750	0.01162	0.01637	0.02140	0.05166	0.60733	0.14645	0.02526	0.01048	0.00329	0.00473	0.02269	0.00771	0.00679
14	0.01022	0.00843	0.00897	0.00883	0.01146	0.00718	0.00662	0.01269	0.01987	0.02467	0.20051	0.07628	0.53511	0.02021	0.00981	0.00277	0.00415	0.01702	0.00801	0.00718
15	0.01723	0.01477	0.01723	0.01230	0.01969	0.01107	0.00984	0.02092	0.01723	0.02707	0.01477	0.01723	0.01230	0.00615	0.00615	0.00123	0.00615	0.00492	0.00492	0.75883
16	0.01012	0.00723	0.00964	0.01157	0.01205	0.00675	0.00771	0.01157	0.01591	0.02121	0.04579	0.70262	0.05495	0.02603	0.01060	0.00337	0.00482	0.02362	0.00771	0.00675
17	0.03103	0.03959	0.02354	0.02140	0.02568	0.67469	0.01605	0.03317	0.02354	0.02033	0.01284	0.01498	0.01070	0.00856	0.00749	0.00214	0.01498	0.00535	0.00428	0.00963
18	0.02670	0.28461	0.14462	0.01752	0.02480	0.15695	0.01705	0.03064	0.02005	0.17774	0.01760	0.01807	0.01306	0.00832	0.00697	0.00220	0.01030	0.00589	0.00534	0.01159
19	0.01329	0.01084	0.01624	0.17786	0.02459	0.01300	0.01303	0.01625	0.01386	0.01921	0.02035	0.03313	0.01947	0.16735	0.34650	0.00907	0.06509	0.00901	0.00432	0.00753
20	0.01208	0.00805	0.00906	0.00906	0.00906	0.00805	0.00503	0.01208	0.01208	0.01611	0.02618	0.05436	0.03020	0.70804	0.04228	0.00805	0.00805	0.01208	0.00503	0.00503
21	0.02835	0.16574	0.02661	0.01942	0.02416	0.52110	0.01524	0.03058	0.02206	0.02028	0.01601	0.01778	0.04142	0.00888	0.00719	0.00210	0.01331	0.00576	0.00431	0.00970
22	0.01981	0.01897	0.03236	0.14911	0.56397	0.01954	0.02512	0.02484	0.01856	0.02623	0.01549	0.02081	0.01284	0.00754	0.00824	0.00251	0.01005	0.00740	0.00405	0.01255
23	0.01869	0.01073	0.01268	0.01117	0.01499	0.00960	0.00873	0.02295	0.06584	0.20620	0.16019	0.05883	0.33336	0.01662	0.00930	0.00271	0.00514	0.01393	0.00873	0.00961
24	0.01068	0.00785	0.01001	0.01075	0.01207	0.00718	0.00757	0.01311	0.01907	0.02578	0.27142	0.38755	0.14214	0.02208	0.01021	0.00302	0.00441	0.01969	0.00823	0.00718
25	0.09976	0.02587	0.14527	0.02607	0.10503	0.11844	0.12621	0.02483	0.01759	0.02518	0.01616	0.06793	0.01438	0.01033	0.01175	0.00280	0.13950	0.00813	0.00432	0.01045
26	0.01751	0.17829	0.49942	0.02097	0.03158	0.02141	0.02598	0.02539	0.01775	0.02533	0.05144	0.01928	0.01452	0.00826	0.00748	0.00245	0.01109	0.00631	0.00385	0.01169
27	0.01012	0.00723	0.00964	0.01157	0.01205	0.00675	0.00771	0.01157	0.01591	0.02121	0.04579	0.70262	0.05495	0.02603	0.01060	0.00337	0.00482	0.02362	0.00771	0.00675
28	0.01230	0.00853	0.01047	0.01119	0.01199	0.00843	0.00797	0.01373	0.01493	0.01955	0.03595	0.09857	0.06962	0.41578	0.02901	0.00618	0.00757	0.20600	0.00616	0.00607
29	0.01686	0.01952	0.09776	0.02897	0.19719	0.04464	0.14310	0.02166	0.01774	0.02418	0.02515	0.09985	0.06533	0.02076	0.13450	0.00471	0.01259	0.01042	0.00478	0.01029
30	0.02165	0.02334	0.04867	0.20984	0.13166	0.19013	0.01915	0.07081	0.07175	0.02529	0.01718	0.02158	0.01376	0.01456	0.08183	0.00371	0.01268	0.00715	0.00472	0.01055
31	0.01832	0.06909	0.37931	0.03067	0.14851	0.02047	0.16388	0.02616	0.01822	0.02617	0.01529	0.01897	0.01148	0.00756	0.00825	0.00260	0.01206	0.00711	0.00378	0.01211
32	0.33543	0.02346	0.15082	0.09014	0.09610	0.06655	0.01738	0.04600	0.01742	0.03080	0.01690	0.01953	0.04110	0.00856	0.00689	0.00257	0.00911	0.00625	0.00471	0.01029
33	0.02243	0.02336	0.07365	0.07010	0.33190	0.12110	0.02091	0.09957	0.02171	0.02921	0.01689	0.02063	0.01349	0.00823	0.00783	0.00239	0.01015	0.00704	0.08755	0.01185
34	0.10136	0.13816	0.13679	0.01517	0.04411	0.01671	0.01405	0.02286	0.05474	0.07256	0.07161	0.03982	0.21550	0.01266	0.00792	0.00253	0.00728	0.01008	0.00611	0.00998
35	0.01593	0.01390	0.01526	0.01567	0.06244	0.05916	0.01095	0.02336	0.15432	0.02752	0.16275	0.04509	0.14828	0.05134	0.06642	0.00379	0.03757	0.01147	0.06556	0.00923
36	0.01500	0.06181	0.01493	0.01279	0.01560	0.01205	0.01023	0.02109	0.11554	0.05450	0.16683	0.12100	0.13126	0.05827	0.01157	0.00328	0.00607	0.15170	0.00775	0.00872
37	0.08032	0.11524	0.32057	0.01998	0.02740	0.06837	0.02180	0.02450	0.01714	0.02528	0.05990	0.01988	0.01546	0.00975	0.01111	0.00267	0.13919	0.00660	0.00414	0.01069
38	0.26080	0.15607	0.02489	0.01978	0.08919	0.24258	0.01447	0.05909	0.01963	0.02794	0.01286	0.01505	0.01060	0.00797	0.00646	0.00226	0.01028	0.00524	0.00461	0.01024
39	0.01549	0.06994	0.16136	0.01697	0.05770	0.01497	0.01515	0.02327	0.11916	0.02728	0.13182	0.09694	0.13551	0.01344	0.00855	0.00258	0.00721	0.01136	0.00640	0.06489

[dist]
# distance from previous block
# <min> <max>
13	125

[block]
# block no. 3 follows, 22 sequences, length 228
# corresponding to MSA columns:
# 384-611
name=unknown_D
#
# <colnr> <probs for GDERKNQSTAVLIFYWHMCP>
#	G	D	E	R	K	N	Q	S	T	A	V	L	I	F	Y	W	H	M	C	P
0	0.01659	0.05209	0.01718	0.01381	0.01724	0.01285	0.01112	0.01965	0.01540	0.08954	0.02064	0.02719	0.01794	0.03976	0.39644	0.00858	0.05363	0.00770	0.00507	0.15755
1	0.02590	0.02961	0.02711	0.02953	0.19664	0.35711	0.04949	0.06359	0.02201	0.02439	0.01572	0.05101	0.01384	0.00944	0.00911	0.00243	0.05047	0.00726	0.00460	0.01076
2	0.02044	0.15467	0.05212	0.02261	0.14854	0.01854	0.04947	0.05978	0.04876	0.08970	0.03078	0.03728	0.10516	0.01170	0.00822	0.00256	0.00820	0.07625	0.04428	0.01093
3	0.06403	0.06932	0.05400	0.01999	0.02423	0.38149	0.01631	0.03014	0.02034	0.08729	0.01447	0.01693	0.01166	0.00975	0.01122	0.00250	0.14548	0.00598	0.00474	0.01014
4	0.02021	0.01968	0.06405	0.07909	0.42984	0.01823	0.08062	0.02528	0.01881	0.06176	0.01812	0.05606	0.01537	0.00850	0.00839	0.00251	0.00985	0.00833	0.00464	0.05067
5	0.05282	0.01109	0.01419	0.01312	0.01578	0.01083	0.04547	0.07803	0.01899	0.02664	0.07196	0.25802	0.11116	0.07180	0.01299	0.04026	0.00633	0.04902	0.04181	0.04969
6	0.01781	0.05861	0.34890	0.02308	0.10316	0.01792	0.02271	0.02621	0.06731	0.02700	0.01633	0.01872	0.01248	0.00763	0.00743	0.00224	0.00984	0.00617	0.00433	0.20214
7	0.01496	0.01096	0.01480	0.01362	0.01659	0.01160	0.01067	0.02005	0.07594	0.05778	0.02283	0.02989	0.01992	0.04589	0.47124	0.00988	0.01743	0.00831	0.00524	0.12239
8	0.01480	0.00919	0.01112	0.01118	0.01361	0.00828	0.00815	0.01765	0.04330	0.12527	0.05687	0.34563	0.26102	0.02113	0.00988	0.00302	0.00503	0.01843	0.00816	0.00829
9	0.04679	0.06981	0.44176	0.02451	0.08674	0.01951	0.06170	0.02635	0.05397	0.02676	0.01970	0.02194	0.04711	0.00867	0.00793	0.00260	0.01099	0.00713	0.00419	0.01184
10	0.01708	0.04048	0.59732	0.02661	0.10246	0.01934	0.03014	0.02622	0.01769	0.02640	0.01499	0.01786	0.01081	0.00784	0.00793	0.00261	0.01202	0.00627	0.00357	0.01237
11	0.01012	0.00723	0.00964	0.01157	0.01205	0.00675	0.00771	0.01157	0.01591	0.02121	0.04579	0.70262	0.05495	0.02603	0.01060	0.00337	0.00482	0.02362	0.00771	0.00675
12	0.01195	0.00808	0.00943	0.00954	0.00969	0.00817	0.00561	0.01227	0.01240	0.01665	0.02696	0.08875	0.03083	0.61858	0.09096	0.00822	0.00901	0.01247	0.00514	0.00532
13	0.02022	0.02419	0.10039	0.23262	0.20812	0.15040	0.02201	0.02607	0.04732	0.02376	0.01594	0.02076	0.01273	0.01134	0.04686	0.00316	0.01211	0.00702	0.00417	0.01081
14	0.01173	0.01482	0.14147	0.01337	0.01682	0.00953	0.01218	0.01542	0.01819	0.02488	0.16889	0.35339	0.12776	0.01989	0.00979	0.00300	0.00605	0.01756	0.00716	0.00812
15	0.00993	0.00842	0.00858	0.00854	0.01129	0.00706	0.00640	0.01215	0.01921	0.02309	0.11803	0.07888	0.61857	0.02080	0.00982	0.00279	0.00419	0.01738	0.00780	0.00706
16	0.02033	0.02103	0.07063	0.04762	0.58677	0.01976	0.02517	0.02650	0.05065	0.02748	0.01651	0.02091	0.01363	0.00763	0.00822	0.00249	0.00984	0.00743	0.00430	0.01311
17	0.02154	0.02571	0.15455	0.07347	0.40522	0.08545	0.02469	0.02705	0.01927	0.06135	0.01612	0.01992	0.01270	0.00782	0.00810	0.00249	0.01076	0.00700	0.00433	0.01248
18	0.01955	0.04229	0.53611	0.02322	0.03389	0.15099	0.02775	0.02769	0.01875	0.02511	0.01449	0.01703	0.01056	0.00803	0.00781	0.00253	0.01282	0.00598	0.00366	0.01175
19	0.21863	0.25670	0.02707	0.01599	0.02153	0.26025	0.01344	0.02849	0.01890	0.05442	0.01301	0.01467	0.01071	0.00794	0.00620	0.00215	0.01037	0.00497	0.00454	0.01002
20	0.01003	0.00848	0.00871	0.00883	0.01158	0.00717	0.00673	0.01224	0.01895	0.02259	0.08176	0.08077	0.61675	0.02115	0.00992	0.00287	0.00441	0.05231	0.00771	0.00705
21	0.02021	0.01995	0.03575	0.07436	0.53619	0.01988	0.11919	0.02550	0.01893	0.02682	0.01578	0.02091	0.01299	0.00738	0.00847	0.00253	0.01056	0.00778	0.00411	0.01269
22	0.01055	0.00800	0.00918	0.00969	0.01117	0.00722	0.00664	0.01223	0.01716	0.02196	0.11974	0.25914	0.29375	0.15609	0.01638	0.00398	0.00511	0.01803	0.00734	0.00663
23	0.02025	0.02137	0.08351	0.17128	0.26436	0.02038	0.14086	0.09045	0.05244	0.02885	0.01702	0.02147	0.01314	0.00802	0.00854	0.00263	0.01087	0.00788	0.00467	0.01200
24	0.01375	0.01152	0.01537	0.04357	0.11595	0.01136	0.01185	0.01933	0.08639	0.02745	0.20671	0.08861	0.22454	0.01674	0.00956	0.00283	0.00591	0.07216	0.00744	0.00898
25	0.01191	0.00868	0.01024	0.00972	0.01223	0.00765	0.00733	0.01499	0.02150	0.05331	0.37582	0.06865	0.33069	0.01852	0.00975	0.00270	0.00417	0.01587	0.00856	0.00772
26	0.02003	0.01943	0.03128	0.06812	0.15410	0.02046	0.20325	0.03382	0.29375	0.03000	0.02397	0.02582	0.01826	0.00904	0.00881	0.00274	0.00975	0.00901	0.00603	0.01233
27	0.01012	0.00723	0.00964	0.01157	0.01205	0.00675	0.00771	0.01157	0.01591	0.02121	0.04579	0.70262	0.05495	0.02603	0.01060	0.00337	0.00482	0.02362	0.00771	0.00675
28	0.01912	0.10976	0.19536	0.02452	0.03154	0.07460	0.20549	0.02475	0.01748	0.02351	0.01510	0.01993	0.01228	0.01401	0.07836	0.00377	0.10849	0.00743	0.00390	0.01060
29	0.01208	0.00805	0.00906	0.00906	0.00906	0.00805	0.00503	0.01208	0.01208	0.01611	0.02618	0.05436	0.03020	0.70804	0.04228	0.00805	0.00805	0.01208	0.00503	0.00503
30	0.76672	0.01607	0.01221	0.01092	0.01607	0.01864	0.00900	0.02442	0.01414	0.03727	0.01157	0.01350	0.00900	0.00771	0.00514	0.00257	0.00643	0.00450	0.00514	0.00900
31	0.01187	0.00890	0.01335	0.01335	0.01483	0.01038	0.01038	0.01483	0.01335	0.01928	0.02225	0.03264	0.02077	0.06231	0.67512	0.01335	0.02225	0.00890	0.00445	0.00742
32	0.01975	0.41613	0.31891	0.01841	0.02781	0.02685	0.02152	0.02551	0.01717	0.02254	0.01304	0.01519	0.01060	0.00746	0.00647	0.00216	0.01039	0.00519	0.00353	0.01138
33	0.03103	0.03959	0.02354	0.02140	0.02568	0.67469	0.01605	0.03317	0.02354	0.02033	0.01284	0.01498	0.01070	0.00856	0.00749	0.00214	0.01498	0.00535	0.00428	0.00963
34	0.01339	0.00956	0.01339	0.01530	0.01721	0.00956	0.01339	0.01721	0.01912	0.02486	0.04399	0.09371	0.04781	0.02295	0.01147	0.00382	0.00765	0.60031	0.00765	0.00765
35	0.03106	0.03869	0.02362	0.02128	0.02569	0.63891	0.01604	0.06600	0.02440	0.02210	0.01323	0.01525	0.01089	0.00864	0.00754	0.00216	0.01466	0.00547	0.00450	0.00988
36	0.02029	0.01742	0.01851	0.01682	0.02138	0.02010	0.01316	0.04277	0.60941	0.03425	0.03433	0.03420	0.02651	0.01187	0.00861	0.00287	0.00663	0.03960	0.00841	0.01287
37	0.03214	0.02238	0.02438	0.01869	0.02532	0.02444	0.01544	0.57099	0.03756	0.11200	0.02120	0.02076	0.01476	0.01000	0.00831	0.00250	0.00894	0.00757	0.00850	0.01413
38	0.01683	0.04183	0.63069	0.02431	0.03637	0.01939	0.06386	0.02633	0.01765	0.02633	0.01501	0.01781	0.01064	0.00784	0.00800	0.00264	0.01237	0.00634	0.00355	0.01222
39	0.01051	0.00844	0.00938	0.00914	0.01165	0.00731	0.00686	0.01327	0.02057	0.02633	0.28730	0.07355	0.44728	0.01959	0.00981	0.00274	0.00410	0.01663	0.00823	0.00731
40	0.01012	0.00723	0.00964	0.01157	0.01205	0.00675	0.00771	0.01157	0.01591	0.02121	0.04579	0.70262	0.05495	0.02603	0.01060	0.00337	0.00482	0.02362	0.00771	0.00675
41	0.01670	0.01579	0.02674	0.55643	0.18099	0.01872	0.02357	0.02211	0.01709	0.02245	0.01494	0.02182	0.01150	0.00812	0.00829	0.00271	0.01083	0.00739	0.00378	0.01004
42	0.02025	0.01993	0.03486	0.04670	0.53131	0.02036	0.09626	0.02518	0.01849	0.02649	0.01538	0.02058	0.01291	0.00794	0.00998	0.00260	0.06643	0.00768	0.00408	0.01259
43	0.01032	0.00844	0.00910	0.00894	0.01153	0.00722	0.00670	0.01288	0.02011	0.02523	0.22967	0.07536	0.50560	0.02000	0.00981	0.00276	0.00413	0.01689	0.00808	0.00722
44	0.01208	0.00805	0.00906	0.00906	0.00906	0.00805	0.00503	0.01208	0.01208	0.01611	0.02618	0.05436	0.03020	0.70804	0.04228	0.00805	0.00805	0.01208	0.00503	0.00503
45	0.01723	0.01477	0.01723	0.01230	0.01969	0.01107	0.00984	0.02092	0.01723	0.02707	0.01477	0.01723	0.01230	0.00615	0.00615	0.00123	0.00615	0.00492	0.00492	0.75883
46	0.03042	0.02240	0.02397	0.01857	0.02494	0.02482	0.01528	0.57640	0.06771	0.05067	0.02090	0.02091	0.01495	0.01002	0.00822	0.00249	0.00881	0.00758	0.03710	0.01383
47	0.05593	0.01941	0.20909	0.01322	0.01905	0.01144	0.01391	0.01704	0.01823	0.02449	0.05879	0.05703	0.41930	0.01625	0.00896	0.00274	0.00680	0.01330	0.00628	0.00874
48	0.03073	0.07128	0.02511	0.02024	0.02547	0.42263	0.01586	0.23149	0.02836	0.03098	0.01514	0.01655	0.01184	0.00895	0.00765	0.00224	0.01270	0.00601	0.00559	0.01119
49	0.01692	0.07427	0.63597	0.02324	0.03527	0.01993	0.02992	0.02624	0.01751	0.02599	0.01475	0.01734	0.01053	0.00786	0.00777	0.00259	0.01212	0.00606	0.00351	0.01220
50	0.01041	0.00844	0.00924	0.00904	0.01158	0.00727	0.00678	0.01307	0.02033	0.02576	0.25747	0.07449	0.47747	0.01980	0.00981	0.00275	0.00412	0.01677	0.00815	0.00727
51	0.00982	0.00842	0.00842	0.00842	0.01122	0.00701	0.00631	0.01192	0.01894	0.02244	0.08416	0.07995	0.65285	0.02104	0.00982	0.00281	0.00421	0.01753	0.00771	0.00701
52	0.01818	0.01818	0.02545	0.02181	0.02181	0.02545	0.01818	0.01999	0.01272	0.01999	0.01091	0.01818	0.01091	0.01454	0.02726	0.00364	0.69284	0.00727	0.00364	0.00909
53	0.02056	0.01974	0.03372	0.05099	0.65622	0.01974	0.02550	0.02550	0.01892	0.02714	0.01563	0.02056	0.01316	0.00740	0.00822	0.00247	0.00987	0.00740	0.00411	0.01316
54	0.01200	0.00836	0.01062	0.01062	0.01116	0.00890	0.00698	0.01308	0.01254	0.01726	0.02475	0.04647	0.02677	0.47334	0.27230	0.00998	0.01321	0.01093	0.00482	0.00590
55	0.01666	0.04297	0.66500	0.02368	0.03596	0.01929	0.03069	0.02631	0.01754	0.02631	0.01491	0.01754	0.01052	0.00789	0.00789	0.00263	0.01228	0.00614	0.00351	0.01228
56	0.01112	0.00883	0.01022	0.01092	0.01340	0.00794	0.00888	0.01384	0.01900	0.02332	0.06956	0.08495	0.43294	0.02173	0.01042	0.00318	0.00546	0.22935	0.00769	0.00724
57	0.01007	0.00843	0.00877	0.00868	0.01138	0.00712	0.00651	0.01241	0.01953	0.02386	0.15845	0.07761	0.57767	0.02051	0.00982	0.00278	0.00417	0.01720	0.00790	0.00712
58	0.76672	0.01607	0.01221	0.01092	0.01607	0.01864	0.00900	0.02442	0.01414	0.03727	0.01157	0.01350	0.00900	0.00771	0.00514	0.00257	0.00643	0.00450	0.00514	0.00900
59	0.01818	0.01818	0.02545	0.02181	0.02181	0.02545	0.01818	0.01999	0.01272	0.01999	0.01091	0.01818	0.01091	0.01454	0.02726	0.00364	0.69284	0.00727	0.00364	0.00909
60	0.00982	0.00842	0.00842	0.00842	0.01122	0.00701	0.00631	0.01192	0.01894	0.02244	0.08416	0.07995	0.65285	0.02104	0.00982	0.00281	0.00421	0.01753	0.00771	0.00701
61	0.03727	0.01414	0.01928	0.01478	0.02121	0.01221	0.01221	0.04049	0.02378	0.66198	0.03277	0.02828	0.02056	0.01028	0.00835	0.00257	0.00707	0.00835	0.01028	0.01414
62	0.01818	0.01818	0.02545	0.02181	0.02181	0.02545	0.01818	0.01999	0.01272	0.01999	0.01091	0.01818	0.01091	0.01454	0.02726	0.00364	0.69284	0.00727	0.00364	0.00909
63	0.01011	0.00729	0.00958	0.01141	0.01201	0.00676	0.00764	0.01159	0.01606	0.02127	0.04776	0.67055	0.08574	0.02577	0.01056	0.00334	0.00479	0.02330	0.00771	0.00676
64	0.03103	0.03959	0.02354	0.02140	0.02568	0.67469	0.01605	0.03317	0.02354	0.02033	0.01284	0.01498	0.01070	0.00856	0.00749	0.00214	0.01498	0.00535	0.00428	0.00963
65	0.01208	0.00805	0.00906	0.00906	0.00906	0.00805	0.00503	0.01208	0.01208	0.01611	0.02618	0.05436	0.03020	0.70804	0.04228	0.00805	0.00805	0.01208	0.00503	0.00503
66	0.01549	0.00774	0.00774	0.00774	0.00968	0.00774	0.00581	0.01936	0.01742	0.03097	0.02710	0.03097	0.02129	0.00968	0.00581	0.00194	0.00387	0.00774	0.75416	0.00774
67	0.06639	0.29259	0.26353	0.01890	0.02720	0.15605	0.02026	0.02704	0.01829	0.02322	0.01303	0.01520	0.01052	0.00772	0.00668	0.00221	0.01120	0.00524	0.00378	0.01094
68	0.01907	0.01822	0.03103	0.24549	0.47335	0.01935	0.02476	0.02419	0.01821	0.02533	0.01536	0.02105	0.01252	0.00768	0.00825	0.00256	0.01024	0.00740	0.00398	0.01196
69	0.01083	0.00753	0.00943	0.01066	0.01096	0.00722	0.00674	0.01175	0.01452	0.01935	0.03866	0.46701	0.04595	0.27391	0.02212	0.00507	0.00600	0.01942	0.00674	0.00612
70	0.01728	0.06750	0.57618	0.02606	0.09814	0.01988	0.02951	0.02617	0.01765	0.02612	0.01485	0.01768	0.01080	0.00781	0.00782	0.00258	0.01190	0.00620	0.00357	0.01230
71	0.02800	0.27775	0.03113	0.01818	0.02413	0.26516	0.01532	0.19375	0.02540	0.02885	0.01433	0.01575	0.01163	0.00842	0.00694	0.00211	0.01118	0.00561	0.00513	0.01124
72	0.01532	0.01035	0.01381	0.01253	0.01440	0.01172	0.04052	0.01884	0.01592	0.02651	0.02302	0.02893	0.01913	0.02176	0.15517	0.00473	0.11444	0.00803	0.43680	0.00806
73	0.02056	0.01974	0.03372	0.05099	0.65622	0.01974	0.02550	0.02550	0.01892	0.02714	0.01563	0.02056	0.01316	0.00740	0.00822	0.00247	0.00987	0.00740	0.00411	0.01316
74	0.02056	0.01974	0.03372	0.05099	0.65622	0.01974	0.02550	0.02550	0.01892	0.02714	0.01563	0.02056	0.01316	0.00740	0.00822	0.00247	0.00987	0.00740	0.00411	0.01316
75	0.01045	0.00832	0.00938	0.00937	0.01168	0.00724	0.00693	0.01306	0.02006	0.02571	0.25737	0.13738	0.41313	0.02028	0.00989	0.00280	0.00418	0.01737	0.00816	0.00724
76	0.00982	0.00842	0.00842	0.00842	0.01122	0.00701	0.00631	0.01192	0.01894	0.02244	0.08416	0.07995	0.65285	0.02104	0.00982	0.00281	0.00421	0.01753	0.00771	0.00701
77	0.07750	0.01424	0.01889	0.01457	0.02092	0.01256	0.01203	0.03960	0.02325	0.62753	0.03160	0.02746	0.01993	0.01014	0.00818	0.00257	0.00703	0.00814	0.01000	0.01385
78	0.01684	0.04174	0.62824	0.02435	0.03640	0.01940	0.06622	0.02633	0.01766	0.02633	0.01502	0.01783	0.01065	0.00784	0.00801	0.00264	0.01238	0.00636	0.00355	0.01221
79	0.01032	0.00844	0.00912	0.00895	0.01153	0.00723	0.00671	0.01290	0.02013	0.02528	0.23210	0.07529	0.50314	0.01998	0.00981	0.00276	0.00413	0.01688	0.00809	0.00723
80	0.00982	0.00842	0.00842	0.00842	0.01122	0.00701	0.00631	0.01192	0.01894	0.02244	0.08416	0.07995	0.65285	0.02104	0.00982	0.00281	0.00421	0.01753	0.00771	0.00701
81	0.01012	0.00723	0.00964	0.01157	0.01205	0.00675	0.00771	0.01157	0.01591	0.02121	0.04579	0.70262	0.05495	0.02603	0.01060	0.00337	0.00482	0.02362	0.00771	0.00675
82	0.02221	0.71304	0.04353	0.01421	0.02132	0.03287	0.01421	0.02488	0.01688	0.01955	0.01155	0.01333	0.01066	0.00711	0.00533	0.00178	0.00888	0.00444	0.00355	0.01066
83	0.02056	0.01974	0.03372	0.05099	0.65622	0.01974	0.02550	0.02550	0.01892	0.02714	0.01563	0.02056	0.01316	0.00740	0.00822	0.00247	0.00987	0.00740	0.00411	0.01316
84	0.03103	0.03959	0.02354	0.02140	0.02568	0.67469	0.01605	0.03317	0.02354	0.02033	0.01284	0.01498	0.01070	0.00856	0.00749	0.00214	0.01498	0.00535	0.00428	0.00963
85	0.02056	0.01974	0.03372	0.05099	0.65622	0.01974	0.02550	0.02550	0.01892	0.02714	0.01563	0.02056	0.01316	0.00740	0.00822	0.00247	0.00987	0.00740	0.00411	0.01316
86	0.03062	0.02234	0.02391	0.01844	0.02480	0.02469	0.01519	0.59217	0.03777	0.05108	0.02037	0.02060	0.01456	0.00996	0.00816	0.00246	0.00883	0.00750	0.05282	0.01375
87	0.00982	0.00842	0.00842	0.00842	0.01122	0.00701	0.00631	0.01192	0.01894	0.02244	0.08416	0.07995	0.65285	0.02104	0.00982	0.00281	0.00421	0.01753	0.00771	0.00701
88	0.02004	0.01921	0.03278	0.11929	0.59200	0.01960	0.02524	0.02504	0.01867	0.02651	0.01553	0.02073	0.01294	0.00750	0.00823	0.00250	0.01000	0.00740	0.00407	0.01274
89	0.02123	0.01812	0.01910	0.01702	0.02182	0.02093	0.01329	0.07424	0.61020	0.03566	0.03310	0.03043	0.02478	0.01120	0.00845	0.00280	0.00671	0.00929	0.00845	0.01320
90	0.01176	0.00849	0.01110	0.01045	0.01241	0.00784	0.00784	0.01568	0.02352	0.03331	0.65184	0.06206	0.07839	0.01698	0.00980	0.00261	0.00392	0.01502	0.00914	0.00784
91	0.00982	0.00842	0.00842	0.00842	0.01122	0.00701	0.00631	0.01192	0.01894	0.02244	0.08416	0.07995	0.65285	0.02104	0.00982	0.00281	0.00421	0.01753	0.00771	0.00701
92	0.03103	0.03959	0.02354	0.02140	0.02568	0.67469	0.01605	0.03317	0.02354	0.02033	0.01284	0.01498	0.01070	0.00856	0.00749	0.00214	0.01498	0.00535	0.00428	0.00963
93	0.02056	0.01974	0.03372	0.05099	0.65622	0.01974	0.02550	0.02550	0.01892	0.02714	0.01563	0.02056	0.01316	0.00740	0.00822	0.00247	0.00987	0.00740	0.00411	0.01316
94	0.02021	0.01924	0.03272	0.04924	0.62493	0.01924	0.02490	0.02509	0.01893	0.02703	0.01701	0.02414	0.01486	0.00816	0.00838	0.00253	0.00976	0.03643	0.00429	0.01289
95	0.02189	0.67407	0.07968	0.01477	0.02217	0.03208	0.01517	0.02496	0.01692	0.01994	0.01174	0.01357	0.01065	0.00715	0.00548	0.00183	0.00908	0.00454	0.00355	0.01076
96	0.01399	0.01137	0.01221	0.01138	0.01491	0.01083	0.00900	0.08207	0.08056	0.02734	0.06416	0.06724	0.42019	0.01838	0.00953	0.00281	0.00547	0.08370	0.00770	0.04716
97	0.01012	0.00723	0.00964	0.01157	0.01205	0.00675	0.00771	0.01157	0.01591	0.02121	0.04579	0.70262	0.05495	0.02603	0.01060	0.00337	0.00482	0.02362	0.00771	0.00675
98	0.02833	0.03469	0.02691	0.02809	0.15438	0.50853	0.04915	0.03128	0.02240	0.02203	0.01361	0.01649	0.01130	0.00825	0.00776	0.00224	0.01390	0.00599	0.00424	0.01043
99	0.03103	0.03959	0.02354	0.02140	0.02568	0.67469	0.01605	0.03317	0.02354	0.02033	0.01284	0.01498	0.01070	0.00856	0.00749	0.00214	0.01498	0.00535	0.00428	0.00963
100	0.01316	0.01013	0.01229	0.01204	0.01431	0.01018	0.00904	0.02033	0.14208	0.03029	0.35486	0.17643	0.09645	0.01808	0.00977	0.00287	0.00481	0.04567	0.00858	0.00861
101	0.01818	0.01818	0.02545	0.02181	0.02181	0.02545	0.01818	0.01999	0.01272	0.01999	0.01091	0.01818	0.01091	0.01454	0.02726	0.00364	0.69284	0.00727	0.00364	0.00909
102	0.01569	0.01477	0.02492	0.68808	0.05722	0.01846	0.02307	0.02123	0.01661	0.02123	0.01477	0.02215	0.01107	0.00831	0.00831	0.00277	0.01107	0.00738	0.00369	0.00923
103	0.02066	0.01785	0.01878	0.01691	0.02160	0.02066	0.01315	0.04414	0.64121	0.03475	0.03381	0.03099	0.02536	0.01127	0.00845	0.00282	0.00657	0.00939	0.00845	0.01315
104	0.01208	0.00805	0.00906	0.00906	0.00906	0.00805	0.00503	0.01208	0.01208	0.01611	0.02618	0.05436	0.03020	0.70804	0.04228	0.00805	0.00805	0.01208	0.00503	0.00503
105	0.02901	0.03535	0.02261	0.02052	0.02489	0.54710	0.01549	0.03531	0.14404	0.02314	0.01693	0.01811	0.01356	0.00909	0.00768	0.00227	0.01334	0.00614	0.00509	0.01032
106	0.01003	0.00848	0.00870	0.00882	0.01157	0.00716	0.00672	0.01223	0.01895	0.02258	0.08182	0.08075	0.61766	0.02115	0.00991	0.00286	0.00441	0.05143	0.00771	0.00705
107	0.01666	0.04297	0.66500	0.02368	0.03596	0.01929	0.03069	0.02631	0.01754	0.02631	0.01491	0.01754	0.01052	0.00789	0.00789	0.00263	0.01228	0.00614	0.00351	0.01228
108	0.01012	0.00723	0.00964	0.01157	0.01205	0.00675	0.00771	0.01157	0.01591	0.02121	0.04579	0.70262	0.05495	0.02603	0.01060	0.00337	0.00482	0.02362	0.00771	0.00675
109	0.01012	0.00723	0.00964	0.01157	0.01205	0.00675	0.00771	0.01157	0.01591	0.02121	0.04579	0.70262	0.05495	0.02603	0.01060	0.00337	0.00482	0.02362	0.00771	0.00675
110	0.03727	0.01414	0.01928	0.01478	0.02121	0.01221	0.01221	0.04049	0.02378	0.66198	0.03277	0.02828	0.02056	0.01028	0.00835	0.00257	0.00707	0.00835	0.01028	0.01414
111	0.76672	0.01607	0.01221	0.01092	0.01607	0.01864	0.00900	0.02442	0.01414	0.03727	0.01157	0.01350	0.00900	0.00771	0.00514	0.00257	0.00643	0.00450	0.00514	0.00900
112	0.01666	0.04297	0.66500	0.02368	0.03596	0.01929	0.03069	0.02631	0.01754	0.02631	0.01491	0.01754	0.01052	0.00789	0.00789	0.00263	0.01228	0.00614	0.00351	0.01228
113	0.02199	0.02726	0.13079	0.04093	0.43593	0.14740	0.02447	0.02712	0.01960	0.02568	0.01497	0.01900	0.01227	0.00770	0.00803	0.00243	0.01124	0.00680	0.00405	0.01233
114	0.03103	0.03959	0.02354	0.02140	0.02568	0.67469	0.01605	0.03317	0.02354	0.02033	0.01284	0.01498	0.01070	0.00856	0.00749	0.00214	0.01498	0.00535	0.00428	0.00963
115	0.01187	0.00890	0.01335	0.01335	0.01483	0.01038	0.01038	0.01483	0.01335	0.01928	0.02225	0.03264	0.02077	0.06231	0.67512	0.01335	0.02225	0.00890	0.00445	0.00742
116	0.01023	0.00800	0.00928	0.00988	0.01171	0.00705	0.00706	0.01238	0.01855	0.02369	0.15888	0.30347	0.34581	0.02222	0.01010	0.00298	0.00439	0.01935	0.00794	0.00705
117	0.02066	0.01785	0.01878	0.01691	0.02160	0.02066	0.01315	0.04414	0.64121	0.03475	0.03381	0.03099	0.02536	0.01127	0.00845	0.00282	0.00657	0.00939	0.00845	0.01315
118	0.01715	0.02518	0.23724	0.02495	0.05648	0.01735	0.18475	0.02575	0.08099	0.02689	0.02500	0.04038	0.02250	0.01194	0.00942	0.00300	0.01086	0.16399	0.00531	0.01089
119	0.01012	0.00723	0.00964	0.01157	0.01205	0.00675	0.00771	0.01157	0.01591	0.02121	0.04579	0.70262	0.05495	0.02603	0.01060	0.00337	0.00482	0.02362	0.00771	0.00675
120	0.02010	0.01927	0.03289	0.11122	0.59959	0.01962	0.02527	0.02509	0.01870	0.02658	0.01554	0.02071	0.01296	0.00749	0.00823	0.00250	0.00998	0.00740	0.00407	0.01279
121	0.01666	0.04297	0.66500	0.02368	0.03596	0.01929	0.03069	0.02631	0.01754	0.02631	0.01491	0.01754	0.01052	0.00789	0.00789	0.00263	0.01228	0.00614	0.00351	0.01228
