[name]
unknown

[dist]
# distance from previous block
# <min> <max>
0	0

[block]
# block no. 0 follows, 20 sequences, length 7
# corresponding to MSA columns:
# 0-6
name=unknown_A
#
# <colnr> <probs for GDERKNQSTAVLIFYWHMCP>
#	G	D	E	R	K	N	Q	S	T	A	V	L	I	F	Y	W	H	M	C	P
0	0.01406	0.01004	0.01406	0.01606	0.01807	0.01004	0.01406	0.01807	0.02008	0.02610	0.04618	0.09839	0.05020	0.02410	0.01205	0.00402	0.00803	0.58032	0.00803	0.00803
1	0.01640	0.01274	0.01330	0.01275	0.01593	0.04190	0.00972	0.07699	0.05996	0.06449	0.06004	0.20066	0.30540	0.02026	0.01014	0.00306	0.00618	0.05282	0.00819	0.00907
2	0.01408	0.01106	0.01454	0.01374	0.01535	0.01297	0.01086	0.01693	0.01586	0.02330	0.03525	0.04106	0.14676	0.03601	0.27530	0.00743	0.15260	0.01064	0.13810	0.00813
3	0.02003	0.02220	0.09914	0.18557	0.44815	0.02038	0.02680	0.02588	0.01918	0.02705	0.01613	0.02161	0.01304	0.00803	0.00862	0.00268	0.01091	0.00763	0.00415	0.01282
4	0.01410	0.01115	0.01385	0.01309	0.01376	0.01268	0.00924	0.01644	0.04549	0.02158	0.09604	0.11353	0.06565	0.34456	0.03058	0.00583	0.14584	0.01334	0.00606	0.00720
5	0.01433	0.01011	0.01205	0.01144	0.01297	0.01004	0.00787	0.07322	0.02053	0.02818	0.25912	0.13415	0.05239	0.28808	0.02386	0.00511	0.00651	0.01487	0.00761	0.00757
6	0.01208	0.00800	0.01004	0.01079	0.01144	0.00758	0.00704	0.01217	0.01503	0.01957	0.04210	0.28839	0.13370	0.19512	0.02440	0.16681	0.00636	0.01697	0.00645	0.00596

[dist]
# distance from previous block
# <min> <max>
0	1

[block]
# block no. 1 follows, 20 sequences, length 12
# corresponding to MSA columns:
# 8-19
name=unknown_B
#
# <colnr> <probs for GDERKNQSTAVLIFYWHMCP>
#	G	D	E	R	K	N	Q	S	T	A	V	L	I	F	Y	W	H	M	C	P
0	0.01358	0.01040	0.01511	0.01339	0.01519	0.00997	0.08800	0.01544	0.01567	0.02147	0.03570	0.14248	0.09672	0.36410	0.02749	0.00577	0.00795	0.01423	0.08043	0.00694
1	0.02639	0.01713	0.01891	0.01548	0.02079	0.04297	0.01225	0.15268	0.11728	0.19741	0.08873	0.03657	0.08110	0.05552	0.01108	0.00297	0.00756	0.01006	0.00861	0.07651
2	0.01175	0.00806	0.00979	0.01071	0.01094	0.00783	0.00656	0.01244	0.01451	0.01934	0.03682	0.34307	0.04349	0.39139	0.02931	0.00623	0.00692	0.01818	0.00656	0.00610
3	0.01560	0.00940	0.01118	0.01062	0.01247	0.00868	0.00723	0.01719	0.01776	0.10754	0.11998	0.11659	0.16536	0.31357	0.02505	0.00535	0.00661	0.01482	0.00743	0.00757
4	0.01414	0.00965	0.01210	0.01194	0.01335	0.00953	0.00835	0.06713	0.01990	0.02719	0.21598	0.24056	0.05109	0.13718	0.01948	0.10531	0.00610	0.01611	0.00754	0.00737
5	0.01196	0.00831	0.01027	0.01071	0.01141	0.00798	0.00693	0.01352	0.01709	0.02334	0.19431	0.25299	0.05307	0.31012	0.02516	0.00544	0.00627	0.01722	0.00729	0.00662
6	0.01828	0.01305	0.01482	0.01313	0.01562	0.01360	0.00945	0.18500	0.02377	0.03220	0.15477	0.11605	0.04023	0.28445	0.02345	0.00506	0.00751	0.01324	0.00748	0.00884
7	0.01357	0.00956	0.01103	0.01175	0.01344	0.00962	0.00829	0.01914	0.10972	0.02644	0.04458	0.36811	0.09460	0.05262	0.01125	0.00332	0.00524	0.01790	0.16156	0.00827
8	0.01497	0.01235	0.01824	0.01652	0.01801	0.01502	0.04283	0.01791	0.01456	0.02194	0.02087	0.03114	0.01944	0.08378	0.35710	0.00923	0.18515	0.00904	0.08358	0.00831
9	0.01335	0.00852	0.00931	0.00943	0.01053	0.00830	0.00621	0.01500	0.01568	0.02258	0.03801	0.05705	0.12133	0.37245	0.02724	0.00567	0.00666	0.04551	0.20066	0.00651
10	0.01158	0.00877	0.01068	0.01044	0.01262	0.00787	0.00774	0.01490	0.02254	0.03043	0.41862	0.12668	0.24538	0.01996	0.01037	0.00288	0.00429	0.01737	0.00902	0.00787
11	0.02226	0.02324	0.03703	0.08286	0.41728	0.08934	0.14522	0.02761	0.02039	0.02725	0.01630	0.02146	0.01329	0.00787	0.00890	0.00264	0.01191	0.00806	0.00433	0.01276

[dist]
# distance from previous block
# <min> <max>
0	11

[block]
# block no. 2 follows, 20 sequences, length 37
# corresponding to MSA columns:
# 31-67
name=unknown_C
#
# <colnr> <probs for GDERKNQSTAVLIFYWHMCP>
#	G	D	E	R	K	N	Q	S	T	A	V	L	I	F	Y	W	H	M	C	P
0	0.02245	0.02070	0.02050	0.05037	0.02492	0.08079	0.01460	0.04410	0.53784	0.03438	0.03247	0.03052	0.02446	0.01142	0.00877	0.00289	0.00796	0.00936	0.00822	0.01326
1	0.02345	0.01546	0.01757	0.01533	0.02014	0.01625	0.01204	0.03784	0.33608	0.18227	0.10416	0.04205	0.11205	0.01357	0.00919	0.00287	0.00641	0.01134	0.00931	0.01263
2	0.01246	0.00935	0.01402	0.01402	0.01558	0.01090	0.01090	0.01558	0.01402	0.02025	0.02336	0.03427	0.02181	0.06542	0.65888	0.01402	0.02336	0.00935	0.00467	0.00779
3	0.02132	0.02046	0.03493	0.08553	0.60911	0.02066	0.02664	0.02654	0.01974	0.02818	0.01636	0.02168	0.01370	0.00782	0.00864	0.00261	0.01043	0.00777	0.00429	0.01360
4	0.01838	0.03515	0.41375	0.11734	0.19034	0.02026	0.02982	0.02671	0.01865	0.02714	0.01582	0.01984	0.01181	0.00822	0.00843	0.00274	0.01210	0.00695	0.00387	0.01270
5	0.71594	0.01728	0.01354	0.01194	0.01742	0.01997	0.00983	0.05731	0.01626	0.03999	0.01262	0.01454	0.00974	0.00823	0.00558	0.00269	0.00690	0.00489	0.00558	0.00974
6	0.02332	0.69869	0.04571	0.01493	0.02239	0.03451	0.01493	0.02612	0.01772	0.02052	0.01213	0.01399	0.01119	0.00746	0.00560	0.00187	0.00933	0.00466	0.00373	0.01119
7	0.02288	0.02162	0.03087	0.04221	0.45135	0.08054	0.02251	0.02749	0.02028	0.05594	0.01680	0.02082	0.01378	0.00781	0.00821	0.00235	0.01011	0.00719	0.00477	0.13247
8	0.01235	0.00892	0.01166	0.01097	0.01303	0.00823	0.00823	0.01646	0.02469	0.03498	0.63443	0.06516	0.08230	0.01783	0.01029	0.00274	0.00412	0.01578	0.00960	0.00823
9	0.01338	0.01071	0.01218	0.01149	0.01439	0.01043	0.00871	0.02064	0.13414	0.03131	0.33418	0.06561	0.26351	0.01819	0.01003	0.00285	0.00474	0.01559	0.00895	0.00897
10	0.01031	0.00884	0.00884	0.00884	0.01178	0.00736	0.00663	0.01252	0.01988	0.02356	0.08837	0.08395	0.63549	0.02209	0.01031	0.00295	0.00442	0.01841	0.00810	0.00736
11	0.03149	0.03260	0.02655	0.02528	0.10021	0.34341	0.01794	0.25133	0.03030	0.03492	0.01665	0.01840	0.01291	0.00940	0.00828	0.00243	0.01277	0.00672	0.00607	0.01234
12	0.01132	0.00888	0.01024	0.00990	0.01240	0.00780	0.00743	0.01448	0.02228	0.02925	0.36016	0.07459	0.36015	0.01997	0.01030	0.00284	0.00427	0.01710	0.00885	0.00780
13	0.02159	0.02073	0.03541	0.05354	0.63903	0.02073	0.02677	0.02677	0.01986	0.02850	0.01641	0.02159	0.01382	0.00777	0.00864	0.00259	0.01036	0.00777	0.00432	0.01382
14	0.03258	0.04157	0.02472	0.02247	0.02697	0.65843	0.01685	0.03483	0.02472	0.02135	0.01348	0.01573	0.01124	0.00899	0.00787	0.00225	0.01573	0.00562	0.00449	0.01011
15	0.01063	0.00759	0.01012	0.01215	0.01265	0.00709	0.00810	0.01215	0.01670	0.02227	0.04808	0.68775	0.05769	0.02733	0.01113	0.00354	0.00506	0.02480	0.00810	0.00709
16	0.03085	0.02108	0.02369	0.01864	0.02480	0.02299	0.01530	0.45532	0.03515	0.12049	0.02291	0.02393	0.01666	0.01853	0.10362	0.00429	0.01135	0.00818	0.00838	0.01381
17	0.03316	0.02443	0.02618	0.02007	0.02705	0.02705	0.01658	0.60995	0.04101	0.05497	0.02094	0.02094	0.01483	0.01047	0.00873	0.00262	0.00960	0.00785	0.00873	0.01483
18	0.01708	0.01613	0.02727	0.59844	0.12933	0.01954	0.02453	0.02282	0.01773	0.02303	0.01561	0.02306	0.01189	0.00861	0.00871	0.00287	0.01148	0.00775	0.00393	0.01018
19	0.01647	0.01550	0.02616	0.67248	0.06008	0.01938	0.02422	0.02229	0.01744	0.02229	0.01550	0.02326	0.01163	0.00872	0.00872	0.00291	0.01163	0.00775	0.00388	0.00969
20	0.10571	0.01503	0.01955	0.01514	0.02177	0.01345	0.01251	0.04094	0.02403	0.58873	0.03234	0.02825	0.02046	0.01055	0.00846	0.00270	0.00736	0.00840	0.01029	0.01434
21	0.01216	0.00891	0.01140	0.01078	0.01292	0.00815	0.00808	0.01609	0.02424	0.03392	0.58365	0.06690	0.13375	0.01823	0.01029	0.00276	0.00414	0.01602	0.00946	0.00815
22	0.02170	0.01874	0.01972	0.01775	0.02268	0.02170	0.01381	0.04635	0.62327	0.03649	0.03550	0.03254	0.02663	0.01183	0.00888	0.00296	0.00690	0.00986	0.00888	0.01381
23	0.02940	0.02257	0.02406	0.01931	0.02562	0.02530	0.01567	0.42533	0.23174	0.04892	0.02571	0.02474	0.01870	0.01092	0.00878	0.00273	0.00872	0.00851	0.00878	0.01450
24	0.01063	0.00759	0.01012	0.01215	0.01265	0.00709	0.00810	0.01215	0.01670	0.02227	0.04808	0.68775	0.05769	0.02733	0.01113	0.00354	0.00506	0.02480	0.00810	0.00709
25	0.02655	0.46991	0.03840	0.01755	0.02398	0.25173	0.01560	0.02915	0.02016	0.02081	0.01260	0.01460	0.01121	0.00799	0.00639	0.00200	0.01156	0.00500	0.00400	0.01082
26	0.01246	0.00935	0.01402	0.01402	0.01558	0.01090	0.01090	0.01558	0.01402	0.02025	0.02336	0.03427	0.02181	0.06542	0.65888	0.01402	0.02336	0.00935	0.00467	0.00779
27	0.01268	0.00846	0.00951	0.00951	0.00951	0.00846	0.00529	0.01268	0.01268	0.01691	0.02748	0.05708	0.03171	0.69345	0.04440	0.00846	0.00846	0.01268	0.00529	0.00529
28	0.02991	0.02365	0.02429	0.01953	0.02582	0.05571	0.01581	0.42399	0.20396	0.04817	0.02468	0.02396	0.01798	0.01078	0.00873	0.00270	0.00913	0.00831	0.00857	0.01432
29	0.01267	0.00851	0.00976	0.00976	0.00985	0.00859	0.00559	0.01284	0.01276	0.01710	0.02726	0.05583	0.03117	0.65907	0.07803	0.00876	0.00927	0.01250	0.00525	0.00542
30	0.01823	0.01603	0.01935	0.01438	0.02100	0.01383	0.01161	0.02182	0.01740	0.02734	0.01491	0.01823	0.01271	0.00775	0.00970	0.00166	0.10440	0.00553	0.00497	0.63917
31	0.01106	0.00777	0.01000	0.01160	0.01200	0.00737	0.00751	0.01226	0.01587	0.02115	0.04379	0.55661	0.05229	0.16585	0.01805	0.00456	0.00577	0.02228	0.00751	0.00671
32	0.01626	0.00813	0.00813	0.00813	0.01016	0.00813	0.00610	0.02033	0.01829	0.03252	0.02846	0.03252	0.02236	0.01016	0.00610	0.00203	0.00407	0.00813	0.74187	0.00813
33	0.03348	0.02392	0.02586	0.01982	0.02679	0.02628	0.01638	0.57939	0.04015	0.08675	0.02167	0.02141	0.01520	0.01049	0.00873	0.00262	0.00948	0.00790	0.00884	0.01483
34	0.03204	0.02039	0.02287	0.01780	0.02389	0.02166	0.01439	0.41236	0.03406	0.18160	0.02472	0.02721	0.01836	0.09224	0.01300	0.00333	0.00898	0.00864	0.00877	0.01369
35	0.02609	0.35831	0.07630	0.02186	0.08236	0.25541	0.01784	0.02939	0.02047	0.02202	0.01324	0.01561	0.01144	0.00809	0.00687	0.00213	0.01194	0.00541	0.00406	0.01116
36	0.03130	0.13558	0.02794	0.02110	0.02631	0.49739	0.01654	0.09730	0.02550	0.02495	0.01411	0.01605	0.01163	0.00893	0.00763	0.00223	0.01412	0.00573	0.00485	0.01079

[dist]
# distance from previous block
# <min> <max>
0	2

[block]
# block no. 3 follows, 20 sequences, length 109
# corresponding to MSA columns:
# 70-178
name=unknown_D
#
# <colnr> <probs for GDERKNQSTAVLIFYWHMCP>
#	G	D	E	R	K	N	Q	S	T	A	V	L	I	F	Y	W	H	M	C	P
0	0.01733	0.01461	0.01862	0.02182	0.16160	0.01446	0.01347	0.11221	0.05859	0.03097	0.08453	0.07947	0.30503	0.01630	0.00962	0.00282	0.00678	0.01388	0.00744	0.01046
1	0.03002	0.02432	0.02820	0.03125	0.23688	0.12071	0.01954	0.23151	0.02870	0.13262	0.02032	0.02172	0.01498	0.00936	0.00857	0.00256	0.01047	0.00762	0.00687	0.01375
2	0.43022	0.09471	0.12174	0.05507	0.02437	0.02130	0.01524	0.05956	0.01794	0.06973	0.01468	0.01666	0.01102	0.00839	0.00647	0.00263	0.00852	0.00559	0.00534	0.01082
3	0.01839	0.14505	0.55612	0.02334	0.03540	0.02244	0.02958	0.02739	0.01831	0.02654	0.01511	0.01774	0.01107	0.00816	0.00788	0.00263	0.01235	0.00617	0.00369	0.01263
4	0.01915	0.02690	0.21903	0.18958	0.32137	0.02027	0.02783	0.02598	0.01886	0.02678	0.01597	0.02102	0.01247	0.00815	0.00855	0.00272	0.01143	0.00737	0.00402	0.01257
5	0.03638	0.01636	0.02083	0.01629	0.02284	0.01544	0.01335	0.10495	0.09873	0.50737	0.03307	0.02908	0.02146	0.01089	0.00878	0.00272	0.00760	0.00880	0.01034	0.01472
6	0.01809	0.01550	0.01809	0.01292	0.02067	0.01163	0.01034	0.02196	0.01809	0.02842	0.01550	0.01809	0.01292	0.00646	0.00646	0.00129	0.00646	0.00517	0.00517	0.74677
7	0.03258	0.04157	0.02472	0.02247	0.02697	0.65843	0.01685	0.03483	0.02472	0.02135	0.01348	0.01573	0.01124	0.00899	0.00787	0.00225	0.01573	0.00562	0.00449	0.01011
8	0.01033	0.00877	0.00891	0.00903	0.01183	0.00735	0.00671	0.01250	0.01970	0.02349	0.08606	0.11842	0.60250	0.02239	0.01036	0.00298	0.00445	0.01877	0.00810	0.00735
9	0.01268	0.00846	0.00951	0.00951	0.00951	0.00846	0.00529	0.01268	0.01268	0.01691	0.02748	0.05708	0.03171	0.69345	0.04440	0.00846	0.00846	0.01268	0.00529	0.00529
10	0.02159	0.02073	0.03541	0.05354	0.63903	0.02073	0.02677	0.02677	0.01986	0.02850	0.01641	0.02159	0.01382	0.00777	0.00864	0.00259	0.01036	0.00777	0.00432	0.01382
11	0.01031	0.00884	0.00884	0.00884	0.01178	0.00736	0.00663	0.01252	0.01988	0.02356	0.08837	0.08395	0.63549	0.02209	0.01031	0.00295	0.00442	0.01841	0.00810	0.00736
12	0.01053	0.00796	0.00974	0.01117	0.01240	0.00717	0.00766	0.01226	0.01764	0.02265	0.05996	0.50972	0.22806	0.02578	0.01089	0.00337	0.00487	0.02291	0.00810	0.00717
13	0.02630	0.01930	0.02129	0.01766	0.02267	0.02097	0.01400	0.42790	0.03361	0.04501	0.02921	0.22400	0.02789	0.01560	0.00946	0.00290	0.00822	0.01301	0.00853	0.01247
14	0.75506	0.01687	0.01282	0.01147	0.01687	0.01957	0.00945	0.02564	0.01484	0.03914	0.01215	0.01417	0.00945	0.00810	0.00540	0.00270	0.00675	0.00472	0.00540	0.00945
15	0.02332	0.69869	0.04571	0.01493	0.02239	0.03451	0.01493	0.02612	0.01772	0.02052	0.01213	0.01399	0.01119	0.00746	0.00560	0.00187	0.00933	0.00466	0.00373	0.01119
16	0.02169	0.02035	0.01864	0.01651	0.02088	0.11950	0.01287	0.11467	0.24454	0.03235	0.04398	0.04233	0.19619	0.01428	0.00999	0.00283	0.03810	0.01125	0.00771	0.01133
17	0.01061	0.00767	0.01004	0.01194	0.01260	0.00710	0.00801	0.01217	0.01689	0.02235	0.05054	0.65091	0.09295	0.02701	0.01108	0.00351	0.00502	0.02441	0.00810	0.00710
18	0.01754	0.01681	0.02375	0.02082	0.02119	0.02302	0.01717	0.01973	0.01351	0.02082	0.01424	0.02263	0.01387	0.02699	0.17600	0.00620	0.52453	0.00803	0.00402	0.00913
19	0.02733	0.16237	0.02742	0.01902	0.02466	0.27403	0.01532	0.09781	0.17009	0.02894	0.01949	0.02018	0.01546	0.00939	0.00767	0.00233	0.01111	0.00668	0.00591	0.05479
20	0.02537	0.01985	0.02126	0.01817	0.02368	0.02244	0.01440	0.17792	0.45296	0.07556	0.03204	0.02967	0.02358	0.01146	0.00883	0.00286	0.00756	0.00933	0.00895	0.01411
21	0.02753	0.02462	0.02152	0.01806	0.02266	0.17976	0.01384	0.29254	0.06585	0.03656	0.02150	0.02880	0.01860	0.16989	0.01686	0.00391	0.01070	0.00855	0.00688	0.01136
22	0.01052	0.00891	0.00913	0.00925	0.01214	0.00752	0.00705	0.01284	0.01989	0.02371	0.08596	0.08477	0.60208	0.02221	0.01041	0.00301	0.00462	0.05049	0.00810	0.00740
23	0.01817	0.03956	0.50002	0.02701	0.03841	0.02096	0.14073	0.02731	0.01854	0.02731	0.01580	0.01942	0.01149	0.00850	0.00981	0.00286	0.05053	0.00724	0.00383	0.01249
24	0.02170	0.01874	0.01972	0.01775	0.02268	0.02170	0.01381	0.04635	0.62327	0.03649	0.03550	0.03254	0.02663	0.01183	0.00888	0.00296	0.00690	0.00986	0.00888	0.01381
25	0.02292	0.02157	0.02218	0.02259	0.09735	0.09383	0.01571	0.04269	0.48273	0.03381	0.03071	0.02932	0.02334	0.01102	0.00873	0.00283	0.00832	0.00913	0.00783	0.01339
26	0.01268	0.00846	0.00951	0.00951	0.00951	0.00846	0.00529	0.01268	0.01268	0.01691	0.02748	0.05708	0.03171	0.69345	0.04440	0.00846	0.00846	0.01268	0.00529	0.00529
27	0.01319	0.01066	0.01603	0.02183	0.15912	0.01027	0.01246	0.01557	0.01744	0.02372	0.04067	0.53198	0.04743	0.02276	0.01055	0.00332	0.00630	0.02082	0.00721	0.00866
28	0.02693	0.03158	0.03129	0.06339	0.22944	0.35030	0.08742	0.03087	0.02235	0.02446	0.01500	0.01886	0.01232	0.00840	0.00843	0.00247	0.01369	0.00694	0.00440	0.01148
29	0.02549	0.54504	0.04080	0.01669	0.02346	0.18041	0.01538	0.02816	0.01936	0.02072	0.01244	0.01440	0.01120	0.00782	0.00613	0.00195	0.01083	0.00489	0.00391	0.01094
30	0.02261	0.01981	0.02991	0.04080	0.42180	0.02057	0.02215	0.03346	0.19894	0.06546	0.02308	0.02529	0.01805	0.00915	0.00871	0.00271	0.00917	0.00845	0.00603	0.01387
31	0.02317	0.02153	0.02931	0.03559	0.30815	0.05312	0.04879	0.08727	0.23384	0.03334	0.02344	0.02518	0.01825	0.00948	0.00877	0.00272	0.00955	0.00853	0.00633	0.01362
32	0.01626	0.00813	0.00813	0.00813	0.01016	0.00813	0.00610	0.02033	0.01829	0.03252	0.02846	0.03252	0.02236	0.01016	0.00610	0.00203	0.00407	0.00813	0.74187	0.00813
33	0.03561	0.01496	0.01970	0.01552	0.02180	0.01359	0.01268	0.04149	0.09451	0.54009	0.06821	0.03201	0.02558	0.01131	0.00887	0.00273	0.00718	0.00929	0.01051	0.01435
34	0.01734	0.01620	0.01307	0.01254	0.01359	0.16044	0.00799	0.01786	0.01550	0.01795	0.02421	0.04741	0.02692	0.53340	0.03585	0.00700	0.01016	0.01103	0.00510	0.00641
35	0.01246	0.00935	0.01402	0.01402	0.01558	0.01090	0.01090	0.01558	0.01402	0.02025	0.02336	0.03427	0.02181	0.06542	0.65888	0.01402	0.02336	0.00935	0.00467	0.00779
36	0.01626	0.00813	0.00813	0.00813	0.01016	0.00813	0.00610	0.02033	0.01829	0.03252	0.02846	0.03252	0.02236	0.01016	0.00610	0.00203	0.00407	0.00813	0.74187	0.00813
37	0.02005	0.02630	0.17489	0.19519	0.28344	0.05925	0.02608	0.02748	0.05368	0.02679	0.01692	0.02153	0.01321	0.00843	0.00854	0.00271	0.01140	0.00744	0.00433	0.01236
38	0.01069	0.00885	0.00936	0.00923	0.01201	0.00752	0.00692	0.01325	0.02077	0.02568	0.18954	0.08047	0.53299	0.02130	0.01031	0.00291	0.00436	0.01792	0.00838	0.00752
39	0.01213	0.00857	0.01124	0.01171	0.01238	0.00900	0.00792	0.01357	0.01409	0.01934	0.03085	0.19654	0.03431	0.31702	0.25253	0.00926	0.01290	0.01434	0.00573	0.00659
40	0.01043	0.00884	0.00900	0.00896	0.01186	0.00741	0.00672	0.01275	0.02016	0.02423	0.12028	0.08285	0.60317	0.02184	0.01031	0.00293	0.00440	0.01826	0.00819	0.00741
41	0.02549	0.54504	0.04080	0.01669	0.02346	0.18041	0.01538	0.02816	0.01936	0.02072	0.01244	0.01440	0.01120	0.00782	0.00613	0.00195	0.01083	0.00489	0.00391	0.01094
42	0.02479	0.52908	0.07833	0.01702	0.02423	0.15683	0.01636	0.02793	0.01915	0.02112	0.01261	0.01461	0.01119	0.00781	0.00621	0.00200	0.01081	0.00496	0.00388	0.01108
43	0.02775	0.22392	0.07094	0.02296	0.06237	0.33449	0.05231	0.06334	0.02276	0.02418	0.01406	0.01649	0.01168	0.00843	0.00749	0.00225	0.01304	0.00592	0.00445	0.01116
44	0.02234	0.01159	0.01516	0.01298	0.01686	0.01064	0.01018	0.02740	0.06011	0.25008	0.38763	0.05073	0.05762	0.01500	0.00967	0.00274	0.00545	0.01296	0.00998	0.01089
45	0.01246	0.00935	0.01402	0.01402	0.01558	0.01090	0.01090	0.01558	0.01402	0.02025	0.02336	0.03427	0.02181	0.06542	0.65888	0.01402	0.02336	0.00935	0.00467	0.00779
46	0.02561	0.23586	0.22057	0.02057	0.02863	0.24300	0.02074	0.03049	0.02074	0.05801	0.01492	0.01682	0.01175	0.00842	0.00737	0.00232	0.01250	0.00576	0.00437	0.01154
47	0.02159	0.02073	0.03541	0.05354	0.63903	0.02073	0.02677	0.02677	0.01986	0.02850	0.01641	0.02159	0.01382	0.00777	0.00864	0.00259	0.01036	0.00777	0.00432	0.01382
48	0.01230	0.00914	0.01344	0.01363	0.01502	0.01043	0.01038	0.01512	0.01421	0.02028	0.02588	0.09687	0.02565	0.09088	0.56945	0.01277	0.02095	0.01096	0.00502	0.00761
49	0.02159	0.02073	0.03541	0.05354	0.63903	0.02073	0.02677	0.02677	0.01986	0.02850	0.01641	0.02159	0.01382	0.00777	0.00864	0.00259	0.01036	0.00777	0.00432	0.01382
50	0.01717	0.01627	0.02305	0.02033	0.02078	0.02215	0.01672	0.01943	0.01355	0.02078	0.01489	0.02347	0.01444	0.02977	0.21082	0.00677	0.48839	0.00813	0.00406	0.00903
51	0.01063	0.00759	0.01012	0.01215	0.01265	0.00709	0.00810	0.01215	0.01670	0.02227	0.04808	0.68775	0.05769	0.02733	0.01113	0.00354	0.00506	0.02480	0.00810	0.00709
52	0.01031	0.00884	0.00884	0.00884	0.01178	0.00736	0.00663	0.01252	0.01988	0.02356	0.08837	0.08395	0.63549	0.02209	0.01031	0.00295	0.00442	0.01841	0.00810	0.00736
53	0.01063	0.00759	0.01012	0.01215	0.01265	0.00709	0.00810	0.01215	0.01670	0.02227	0.04808	0.68775	0.05769	0.02733	0.01113	0.00354	0.00506	0.02480	0.00810	0.00709
54	0.01247	0.00929	0.01374	0.01374	0.01521	0.01075	0.01056	0.01540	0.01394	0.02005	0.02362	0.03566	0.02241	0.10374	0.62139	0.01368	0.02245	0.00955	0.00471	0.00764
55	0.03258	0.04157	0.02472	0.02247	0.02697	0.65843	0.01685	0.03483	0.02472	0.02135	0.01348	0.01573	0.01124	0.00899	0.00787	0.00225	0.01573	0.00562	0.00449	0.01011
56	0.01246	0.00935	0.01402	0.01402	0.01558	0.01090	0.01090	0.01558	0.01402	0.02025	0.02336	0.03427	0.02181	0.06542	0.65888	0.01402	0.02336	0.00935	0.00467	0.00779
57	0.03258	0.04157	0.02472	0.02247	0.02697	0.65843	0.01685	0.03483	0.02472	0.02135	0.01348	0.01573	0.01124	0.00899	0.00787	0.00225	0.01573	0.00562	0.00449	0.01011
58	0.01204	0.00939	0.01125	0.01217	0.01469	0.00860	0.01006	0.01508	0.01997	0.02474	0.06889	0.09062	0.36530	0.02302	0.01111	0.00344	0.00609	0.27781	0.00807	0.00767
59	0.01105	0.00887	0.00987	0.00962	0.01224	0.00768	0.00721	0.01396	0.02164	0.02774	0.28831	0.07707	0.43294	0.02053	0.01030	0.00287	0.00431	0.01744	0.00865	0.00768
60	0.01246	0.00935	0.01402	0.01402	0.01558	0.01090	0.01090	0.01558	0.01402	0.02025	0.02336	0.03427	0.02181	0.06542	0.65888	0.01402	0.02336	0.00935	0.00467	0.00779
61	0.02877	0.02287	0.02321	0.01882	0.02472	0.06559	0.01515	0.41340	0.13532	0.04622	0.02789	0.06265	0.05112	0.01214	0.00891	0.00272	0.00903	0.00953	0.00841	0.01354
62	0.01453	0.01121	0.01355	0.01256	0.01529	0.01138	0.00953	0.02345	0.16466	0.03533	0.49438	0.05753	0.06929	0.01643	0.00996	0.00279	0.00477	0.01439	0.00943	0.00953
63	0.02332	0.69869	0.04571	0.01493	0.02239	0.03451	0.01493	0.02612	0.01772	0.02052	0.01213	0.01399	0.01119	0.00746	0.00560	0.00187	0.00933	0.00466	0.00373	0.01119
64	0.03258	0.04157	0.02472	0.02247	0.02697	0.65843	0.01685	0.03483	0.02472	0.02135	0.01348	0.01573	0.01124	0.00899	0.00787	0.00225	0.01573	0.00562	0.00449	0.01011
65	0.01141	0.00824	0.01092	0.01251	0.01360	0.00775	0.00907	0.01370	0.01839	0.02447	0.11747	0.47969	0.09114	0.02538	0.01115	0.00350	0.00544	0.12053	0.00826	0.00740
66	0.02113	0.35320	0.32759	0.02004	0.02988	0.06428	0.02317	0.02734	0.01846	0.02391	0.01386	0.01617	0.01113	0.00794	0.00699	0.00231	0.01138	0.00556	0.00375	0.01193
67	0.01031	0.00884	0.00884	0.00884	0.01178	0.00736	0.00663	0.01252	0.01988	0.02356	0.08837	0.08395	0.63549	0.02209	0.01031	0.00295	0.00442	0.01841	0.00810	0.00736
68	0.01268	0.00846	0.00951	0.00951	0.00951	0.00846	0.00529	0.01268	0.01268	0.01691	0.02748	0.05708	0.03171	0.69345	0.04440	0.00846	0.00846	0.01268	0.00529	0.00529
69	0.01613	0.01514	0.02521	0.63582	0.05741	0.01872	0.02325	0.02175	0.01758	0.02236	0.01953	0.02661	0.04609	0.00946	0.00881	0.00291	0.01123	0.00834	0.00411	0.00956
70	0.01800	0.03597	0.42954	0.02736	0.06671	0.01949	0.14574	0.02653	0.01882	0.02750	0.01777	0.05429	0.01415	0.00896	0.00876	0.00275	0.01237	0.00817	0.00417	0.05295
71	0.02332	0.69869	0.04571	0.01493	0.02239	0.03451	0.01493	0.02612	0.01772	0.02052	0.01213	0.01399	0.01119	0.00746	0.00560	0.00187	0.00933	0.00466	0.00373	0.01119
72	0.01833	0.01572	0.01820	0.01324	0.02080	0.01229	0.01056	0.02357	0.05793	0.02895	0.01682	0.01904	0.01382	0.00681	0.00662	0.00140	0.00649	0.00548	0.00541	0.69852
73	0.01895	0.01803	0.03063	0.37302	0.34020	0.02003	0.02546	0.02446	0.01861	0.02529	0.01594	0.02245	0.01269	0.00826	0.00868	0.00275	0.01102	0.00776	0.00409	0.01169
74	0.01647	0.01550	0.02616	0.67248	0.06008	0.01938	0.02422	0.02229	0.01744	0.02229	0.01550	0.02326	0.01163	0.00872	0.00872	0.00291	0.01163	0.00775	0.00388	0.00969
75	0.02139	0.02193	0.06560	0.05213	0.60941	0.02070	0.02704	0.02681	0.01979	0.02845	0.01637	0.02143	0.01368	0.00780	0.00862	0.00260	0.01049	0.00771	0.00429	0.01377
76	0.75506	0.01687	0.01282	0.01147	0.01687	0.01957	0.00945	0.02564	0.01484	0.03914	0.01215	0.01417	0.00945	0.00810	0.00540	0.00270	0.00675	0.00472	0.00540	0.00945
77	0.01437	0.01000	0.01165	0.01147	0.01241	0.01023	0.00741	0.07622	0.01670	0.02237	0.03141	0.19961	0.03551	0.43477	0.06245	0.00695	0.00850	0.01484	0.00628	0.00684
78	0.01246	0.00935	0.01402	0.01402	0.01558	0.01090	0.01090	0.01558	0.01402	0.02025	0.02336	0.03427	0.02181	0.06542	0.65888	0.01402	0.02336	0.00935	0.00467	0.00779
79	0.01246	0.00935	0.01402	0.01402	0.01558	0.01090	0.01090	0.01558	0.01402	0.02025	0.02336	0.03427	0.02181	0.06542	0.65888	0.01402	0.02336	0.00935	0.00467	0.00779
80	0.02502	0.02039	0.02160	0.01842	0.02395	0.02325	0.01461	0.20976	0.45445	0.04185	0.03128	0.02918	0.02321	0.01144	0.00883	0.00286	0.00768	0.00928	0.00883	0.01410
81	0.75506	0.01687	0.01282	0.01147	0.01687	0.01957	0.00945	0.02564	0.01484	0.03914	0.01215	0.01417	0.00945	0.00810	0.00540	0.00270	0.00675	0.00472	0.00540	0.00945
82	0.01044	0.00884	0.00902	0.00898	0.01186	0.00742	0.00673	0.01278	0.02020	0.02432	0.12432	0.08271	0.59907	0.02181	0.01031	0.00293	0.00440	0.01824	0.00820	0.00742
83	0.01809	0.01550	0.01809	0.01292	0.02067	0.01163	0.01034	0.02196	0.01809	0.02842	0.01550	0.01809	0.01292	0.00646	0.00646	0.00129	0.00646	0.00517	0.00517	0.74677
84	0.01094	0.00880	0.00976	0.00966	0.01221	0.00761	0.00719	0.01369	0.02118	0.02696	0.25182	0.10955	0.43784	0.02107	0.01035	0.00292	0.00436	0.01794	0.00856	0.00761
85	0.75506	0.01687	0.01282	0.01147	0.01687	0.01957	0.00945	0.02564	0.01484	0.03914	0.01215	0.01417	0.00945	0.00810	0.00540	0.00270	0.00675	0.00472	0.00540	0.00945
86	0.01251	0.00914	0.01297	0.01297	0.01416	0.01033	0.00959	0.01490	0.01371	0.01947	0.02433	0.03960	0.02412	0.21227	0.51519	0.01272	0.01988	0.01013	0.00482	0.00720
87	0.01093	0.00886	0.00970	0.00949	0.01216	0.00763	0.00712	0.01372	0.02135	0.02704	0.25465	0.07823	0.46704	0.02079	0.01030	0.00288	0.00433	0.01761	0.00856	0.00763
88	0.02134	0.09486	0.04013	0.03572	0.20505	0.04988	0.23495	0.02626	0.01876	0.02560	0.01526	0.02073	0.01273	0.00918	0.01300	0.00288	0.14947	0.00824	0.00419	0.01176
89	0.02212	0.56346	0.17039	0.01698	0.02557	0.03156	0.01851	0.02643	0.01787	0.02199	0.01286	0.01491	0.01116	0.00763	0.00615	0.00205	0.01007	0.00503	0.00372	0.01155
90	0.19097	0.01733	0.02545	0.19965	0.27742	0.01896	0.02070	0.02442	0.01809	0.02912	0.01837	0.02851	0.01613	0.00984	0.00827	0.00285	0.00959	0.06837	0.00485	0.01111
91	0.02990	0.03532	0.03019	0.02654	0.06635	0.44058	0.12064	0.09597	0.02549	0.02660	0.01520	0.01801	0.01213	0.00879	0.00843	0.00243	0.01456	0.00681	0.00493	0.01114
92	0.01246	0.00935	0.01402	0.01402	0.01558	0.01090	0.01090	0.01558	0.01402	0.02025	0.02336	0.03427	0.02181	0.06542	0.65888	0.01402	0.02336	0.00935	0.00467	0.00779
93	0.01709	0.01674	0.01934	0.01805	0.01901	0.09379	0.01408	0.01915	0.01634	0.02199	0.05300	0.22716	0.02997	0.02370	0.08743	0.00459	0.29119	0.01321	0.00557	0.00861
94	0.01063	0.00759	0.01012	0.01215	0.01265	0.00709	0.00810	0.01215	0.01670	0.02227	0.04808	0.68775	0.05769	0.02733	0.01113	0.00354	0.00506	0.02480	0.00810	0.00709
95	0.01246	0.00935	0.01402	0.01402	0.01558	0.01090	0.01090	0.01558	0.01402	0.02025	0.02336	0.03427	0.02181	0.06542	0.65888	0.01402	0.02336	0.00935	0.00467	0.00779
96	0.02424	0.02408	0.02089	0.01886	0.02368	0.17059	0.01452	0.04366	0.48331	0.03295	0.03035	0.02861	0.02303	0.01117	0.00864	0.00279	0.00897	0.00887	0.00785	0.01294
97	0.01349	0.01086	0.01599	0.01540	0.01671	0.01336	0.01217	0.01642	0.01392	0.02036	0.02151	0.03191	0.02020	0.05763	0.56100	0.01243	0.12495	0.00908	0.00454	0.00806
98	0.01253	0.00908	0.01265	0.01265	0.01374	0.01016	0.00920	0.01470	0.01361	0.01924	0.02461	0.04118	0.02481	0.25581	0.47260	0.01233	0.01885	0.01036	0.00486	0.00703
99	0.02124	0.02171	0.04107	0.04763	0.42989	0.02120	0.23138	0.02718	0.02012	0.02830	0.01684	0.02227	0.01361	0.00762	0.00922	0.00271	0.01189	0.00866	0.00435	0.01309
100	0.01031	0.00884	0.00884	0.00884	0.01178	0.00736	0.00663	0.01252	0.01988	0.02356	0.08837	0.08395	0.63549	0.02209	0.01031	0.00295	0.00442	0.01841	0.00810	0.00736
101	0.02231	0.01952	0.02375	0.02625	0.16705	0.02177	0.01699	0.07340	0.44950	0.03566	0.03022	0.02933	0.02297	0.01081	0.00881	0.00285	0.00786	0.00926	0.00780	0.01387
102	0.01031	0.00884	0.00884	0.00884	0.01178	0.00736	0.00663	0.01252	0.01988	0.02356	0.08837	0.08395	0.63549	0.02209	0.01031	0.00295	0.00442	0.01841	0.00810	0.00736
103	0.01063	0.00759	0.01012	0.01215	0.01265	0.00709	0.00810	0.01215	0.01670	0.02227	0.04808	0.68775	0.05769	0.02733	0.01113	0.00354	0.00506	0.02480	0.00810	0.00709
104	0.01285	0.00991	0.01476	0.01454	0.01600	0.01183	0.01138	0.01589	0.01398	0.02029	0.02267	0.03338	0.02120	0.06249	0.62205	0.01342	0.06159	0.00925	0.00462	0.00789
105	0.03258	0.04157	0.02472	0.02247	0.02697	0.65843	0.01685	0.03483	0.02472	0.02135	0.01348	0.01573	0.01124	0.00899	0.00787	0.00225	0.01573	0.00562	0.00449	0.01011
106	0.02935	0.02974	0.02356	0.02034	0.02565	0.28641	0.01583	0.19651	0.21576	0.03531	0.02240	0.02240	0.01702	0.01028	0.00842	0.00257	0.01129	0.00756	0.00702	0.01256
107	0.03143	0.05956	0.03030	0.02276	0.02934	0.20871	0.13234	0.16513	0.02732	0.17608	0.02082	0.02163	0.01487	0.00935	0.00864	0.00256	0.01189	0.00774	0.00687	0.01267
108	0.50618	0.02042	0.01938	0.02249	0.16343	0.08825	0.01429	0.02689	0.01708	0.03474	0.01329	0.01607	0.01066	0.00812	0.00642	0.00263	0.00855	0.00553	0.00505	0.01054

[dist]
# distance from previous block
# <min> <max>
1	3

[block]
# block no. 4 follows, 20 sequences, length 438
# corresponding to MSA columns:
# 182-619
name=unknown_E
#
# <colnr> <probs for GDERKNQSTAVLIFYWHMCP>
#	G	D	E	R	K	N	Q	S	T	A	V	L	I	F	Y	W	H	M	C	P
0	0.03140	0.02339	0.02523	0.01924	0.02631	0.02525	0.01585	0.54135	0.03834	0.05188	0.02031	0.02061	0.01461	0.01000	0.00846	0.00246	0.00923	0.00754	0.00831	0.10022
1	0.02491	0.54980	0.04076	0.01641	0.02322	0.14593	0.01522	0.02860	0.04653	0.02140	0.01343	0.01515	0.01190	0.00794	0.00615	0.00198	0.01037	0.00507	0.00410	0.01112
2	0.05794	0.02195	0.06711	0.04175	0.41894	0.02097	0.05203	0.11594	0.02267	0.03269	0.01857	0.05579	0.01587	0.00923	0.00868	0.00268	0.01015	0.00857	0.00522	0.01326
3	0.02527	0.02968	0.02272	0.02066	0.02356	0.38243	0.01598	0.02764	0.01997	0.02103	0.01529	0.02059	0.01366	0.02298	0.15863	0.00522	0.15395	0.00687	0.00439	0.00947
4	0.01286	0.00993	0.01477	0.01455	0.01601	0.01185	0.01139	0.01590	0.01398	0.02029	0.02266	0.03336	0.02119	0.06243	0.62135	0.01341	0.06231	0.00924	0.00462	0.00789
5	0.01031	0.00884	0.00884	0.00884	0.01178	0.00736	0.00663	0.01252	0.01988	0.02356	0.08837	0.08395	0.63549	0.02209	0.01031	0.00295	0.00442	0.01841	0.00810	0.00736
6	0.01235	0.00892	0.01166	0.01097	0.01303	0.00823	0.00823	0.01646	0.02469	0.03498	0.63443	0.06516	0.08230	0.01783	0.01029	0.00274	0.00412	0.01578	0.00960	0.00823
7	0.75506	0.01687	0.01282	0.01147	0.01687	0.01957	0.00945	0.02564	0.01484	0.03914	0.01215	0.01417	0.00945	0.00810	0.00540	0.00270	0.00675	0.00472	0.00540	0.00945
8	0.01268	0.00846	0.00951	0.00951	0.00951	0.00846	0.00529	0.01268	0.01268	0.01691	0.02748	0.05708	0.03171	0.69345	0.04440	0.00846	0.00846	0.01268	0.00529	0.00529
9	0.01750	0.04512	0.64825	0.02486	0.03775	0.02026	0.03223	0.02762	0.01842	0.02762	0.01565	0.01842	0.01105	0.00829	0.00829	0.00276	0.01289	0.00645	0.00368	0.01289
10	0.01235	0.00892	0.01166	0.01097	0.01303	0.00823	0.00823	0.01646	0.02469	0.03498	0.63443	0.06516	0.08230	0.01783	0.01029	0.00274	0.00412	0.01578	0.00960	0.00823
11	0.02126	0.11298	0.45564	0.02319	0.03390	0.12054	0.02720	0.05890	0.02049	0.02733	0.01522	0.01766	0.01129	0.00842	0.00796	0.00258	0.01278	0.00620	0.00408	0.01238
12	0.01895	0.01601	0.01855	0.01333	0.02104	0.01251	0.01069	0.05555	0.01940	0.02994	0.01581	0.01825	0.01303	0.00669	0.00659	0.00137	0.00664	0.00532	0.00537	0.70496
13	0.01945	0.02214	0.09949	0.10830	0.31734	0.01956	0.15581	0.02559	0.02011	0.02828	0.07958	0.02632	0.02015	0.00886	0.00915	0.00274	0.01110	0.00902	0.00477	0.01225
14	0.03316	0.02443	0.02618	0.02007	0.02705	0.02705	0.01658	0.60995	0.04101	0.05497	0.02094	0.02094	0.01483	0.01047	0.00873	0.00262	0.00960	0.00785	0.00873	0.01483
15	0.01450	0.01108	0.01468	0.04713	0.01723	0.01173	0.01069	0.01803	0.02182	0.05817	0.39270	0.05722	0.15214	0.01731	0.01297	0.00295	0.10855	0.01420	0.00823	0.00867
16	0.02430	0.62903	0.04348	0.01573	0.02287	0.10065	0.01513	0.02704	0.01847	0.02061	0.01227	0.01418	0.01120	0.00762	0.00584	0.00191	0.01001	0.00477	0.00381	0.01108
17	0.01268	0.00846	0.00951	0.00951	0.00951	0.00846	0.00529	0.01268	0.01268	0.01691	0.02748	0.05708	0.03171	0.69345	0.04440	0.00846	0.00846	0.01268	0.00529	0.00529
18	0.06028	0.02991	0.27328	0.02142	0.03009	0.02120	0.05213	0.10238	0.21979	0.06588	0.02366	0.02397	0.01717	0.00978	0.00851	0.00281	0.01004	0.00796	0.00647	0.01328
19	0.02189	0.09259	0.03322	0.03035	0.17444	0.14483	0.16215	0.02744	0.05652	0.02577	0.02603	0.06498	0.08000	0.01070	0.00891	0.00265	0.01125	0.00984	0.00519	0.01128
20	0.02937	0.20939	0.06543	0.02068	0.02641	0.46310	0.01723	0.03220	0.02258	0.02149	0.01326	0.01544	0.01121	0.00856	0.00731	0.00218	0.01394	0.00542	0.00425	0.01055
21	0.02212	0.38754	0.26723	0.01940	0.02857	0.09425	0.02155	0.02759	0.01871	0.02325	0.01358	0.01582	0.01114	0.00793	0.00683	0.00224	0.01132	0.00543	0.00379	0.01171
22	0.02153	0.27828	0.07180	0.18668	0.03527	0.02546	0.07587	0.02938	0.11168	0.05716	0.01851	0.02124	0.01442	0.00867	0.00769	0.00250	0.01018	0.00713	0.00499	0.01156
23	0.01626	0.00813	0.00813	0.00813	0.01016	0.00813	0.00610	0.02033	0.01829	0.03252	0.02846	0.03252	0.02236	0.01016	0.00610	0.00203	0.00407	0.00813	0.74187	0.00813
24	0.01721	0.02410	0.21852	0.01930	0.02618	0.01640	0.07550	0.05649	0.11520	0.03273	0.22965	0.03985	0.06609	0.01268	0.00936	0.00280	0.00865	0.01109	0.00700	0.01121
25	0.06735	0.03050	0.12776	0.06424	0.03659	0.18959	0.23860	0.05832	0.02151	0.02753	0.01567	0.01979	0.01206	0.00859	0.00978	0.00274	0.04580	0.00776	0.00454	0.01129
26	0.03210	0.07579	0.02581	0.02208	0.02673	0.62594	0.01675	0.03438	0.02435	0.02131	0.01341	0.01564	0.01123	0.00891	0.00775	0.00223	0.01540	0.00557	0.00445	0.01017
27	0.05624	0.04051	0.52586	0.02513	0.03695	0.02073	0.08772	0.05597	0.01955	0.02958	0.01593	0.01883	0.01137	0.00829	0.00836	0.00277	0.01260	0.00681	0.00409	0.01270
28	0.03072	0.02053	0.02275	0.01985	0.05615	0.05680	0.01512	0.19805	0.21726	0.22407	0.02893	0.02697	0.02033	0.01077	0.00873	0.00273	0.00848	0.00863	0.00893	0.01419
29	0.02508	0.02218	0.02293	0.05918	0.05828	0.08933	0.01577	0.18409	0.27979	0.03749	0.02516	0.02515	0.01898	0.01022	0.00845	0.00260	0.00894	0.00817	0.00745	0.09077
30	0.01416	0.01052	0.01535	0.01595	0.01795	0.01043	0.04757	0.01755	0.01859	0.02432	0.04063	0.08541	0.04419	0.16117	0.01862	0.00487	0.00852	0.42929	0.00725	0.00769
31	0.01427	0.01209	0.01454	0.01282	0.01670	0.01120	0.04259	0.05336	0.07960	0.02793	0.09516	0.12614	0.35252	0.01833	0.00978	0.00282	0.00580	0.01570	0.00780	0.08086
32	0.01406	0.01004	0.01406	0.01606	0.01807	0.01004	0.01406	0.01807	0.02008	0.02610	0.04618	0.09839	0.05020	0.02410	0.01205	0.00402	0.00803	0.58032	0.00803	0.00803
33	0.08389	0.07505	0.43132	0.02811	0.12617	0.02118	0.06101	0.02725	0.01840	0.02839	0.01537	0.01856	0.01146	0.00809	0.00804	0.00269	0.01187	0.00661	0.00397	0.01257
34	0.02089	0.01984	0.03371	0.08355	0.57349	0.02005	0.02591	0.02604	0.01975	0.02804	0.01806	0.02606	0.01578	0.00875	0.00883	0.00269	0.01030	0.04048	0.00451	0.01327
35	0.06748	0.07582	0.02637	0.02453	0.08624	0.52794	0.01734	0.03308	0.02334	0.02290	0.01363	0.01613	0.01140	0.00874	0.00769	0.00228	0.01438	0.00573	0.00448	0.01050
36	0.02154	0.02079	0.03556	0.05086	0.57556	0.02085	0.05906	0.02778	0.04910	0.02885	0.01740	0.02223	0.01440	0.00794	0.00874	0.00263	0.01044	0.00802	0.00454	0.01370
37	0.01438	0.01153	0.01762	0.02136	0.14309	0.01249	0.01317	0.01737	0.01498	0.02135	0.02267	0.03575	0.02194	0.16626	0.41444	0.01066	0.01801	0.00962	0.00471	0.00858
38	0.01235	0.00892	0.01166	0.01097	0.01303	0.00823	0.00823	0.01646	0.02469	0.03498	0.63443	0.06516	0.08230	0.01783	0.01029	0.00274	0.00412	0.01578	0.00960	0.00823
39	0.01935	0.01670	0.01748	0.01591	0.02043	0.01874	0.01233	0.03937	0.49881	0.03382	0.04641	0.04315	0.15222	0.01395	0.00917	0.00296	0.00639	0.01163	0.00872	0.01248
40	0.01268	0.00846	0.00951	0.00951	0.00951	0.00846	0.00529	0.01268	0.01268	0.01691	0.02748	0.05708	0.03171	0.69345	0.04440	0.00846	0.00846	0.01268	0.00529	0.00529
41	0.02159	0.02073	0.03541	0.05354	0.63903	0.02073	0.02677	0.02677	0.01986	0.02850	0.01641	0.02159	0.01382	0.00777	0.00864	0.00259	0.01036	0.00777	0.00432	0.01382
42	0.01246	0.00935	0.01402	0.01402	0.01558	0.01090	0.01090	0.01558	0.01402	0.02025	0.02336	0.03427	0.02181	0.06542	0.65888	0.01402	0.02336	0.00935	0.00467	0.00779
43	0.02332	0.69869	0.04571	0.01493	0.02239	0.03451	0.01493	0.02612	0.01772	0.02052	0.01213	0.01399	0.01119	0.00746	0.00560	0.00187	0.00933	0.00466	0.00373	0.01119
44	0.01055	0.00885	0.00916	0.00908	0.01193	0.00746	0.00681	0.01298	0.02044	0.02489	0.15184	0.08176	0.57119	0.02160	0.01031	0.00292	0.00438	0.01810	0.00827	0.00746
45	0.01772	0.01648	0.02619	0.24238	0.28769	0.01763	0.02114	0.02369	0.05355	0.02651	0.05993	0.03465	0.11382	0.01105	0.00902	0.00278	0.00933	0.00994	0.00529	0.01120
46	0.01246	0.00935	0.01402	0.01402	0.01558	0.01090	0.01090	0.01558	0.01402	0.02025	0.02336	0.03427	0.02181	0.06542	0.65888	0.01402	0.02336	0.00935	0.00467	0.00779
47	0.01341	0.01638	0.14298	0.01384	0.01813	0.01071	0.01318	0.01876	0.02340	0.03346	0.50679	0.05552	0.06761	0.01586	0.00988	0.00275	0.00593	0.01385	0.00838	0.00919
48	0.02057	0.02050	0.03759	0.08231	0.42812	0.02033	0.16808	0.02627	0.02015	0.02835	0.04876	0.02442	0.01711	0.00825	0.00913	0.00270	0.01118	0.00881	0.00459	0.01279
49	0.03316	0.02443	0.02618	0.02007	0.02705	0.02705	0.01658	0.60995	0.04101	0.05497	0.02094	0.02094	0.01483	0.01047	0.00873	0.00262	0.00960	0.00785	0.00873	0.01483
50	0.02242	0.50083	0.19232	0.01779	0.02642	0.06666	0.01928	0.02699	0.01829	0.02231	0.01307	0.01518	0.01116	0.00775	0.00639	0.00211	0.01057	0.00516	0.00376	0.01155
51	0.03068	0.03796	0.02657	0.02786	0.13308	0.54787	0.01857	0.03343	0.02388	0.02259	0.01399	0.01675	0.01168	0.00878	0.00800	0.00231	0.01480	0.00599	0.00446	0.01075
52	0.03226	0.02390	0.02570	0.01964	0.02667	0.02613	0.01621	0.57494	0.03965	0.05339	0.02062	0.02077	0.01472	0.01023	0.00859	0.00254	0.00941	0.00769	0.00851	0.05842
53	0.01293	0.00913	0.01130	0.01095	0.01193	0.00926	0.00719	0.01419	0.01403	0.01948	0.06039	0.04940	0.03096	0.45368	0.19700	0.00912	0.01189	0.01156	0.00537	0.05024
54	0.02035	0.02307	0.05002	0.07308	0.04642	0.02191	0.57404	0.02762	0.02041	0.02762	0.01752	0.02351	0.01314	0.00743	0.01020	0.00294	0.01453	0.01015	0.00438	0.01165
55	0.01977	0.02022	0.02662	0.02288	0.02311	0.05864	0.01897	0.02169	0.01393	0.02101	0.01155	0.01891	0.01144	0.01495	0.02758	0.00374	0.64405	0.00753	0.00385	0.00957
56	0.01647	0.01550	0.02616	0.67248	0.06008	0.01938	0.02422	0.02229	0.01744	0.02229	0.01550	0.02326	0.01163	0.00872	0.00872	0.00291	0.01163	0.00775	0.00388	0.00969
57	0.03316	0.02443	0.02618	0.02007	0.02705	0.02705	0.01658	0.60995	0.04101	0.05497	0.02094	0.02094	0.01483	0.01047	0.00873	0.00262	0.00960	0.00785	0.00873	0.01483
58	0.01750	0.04512	0.64825	0.02486	0.03775	0.02026	0.03223	0.02762	0.01842	0.02762	0.01565	0.01842	0.01105	0.00829	0.00829	0.00276	0.01289	0.00645	0.00368	0.01289
59	0.01908	0.01908	0.02672	0.02290	0.02290	0.02672	0.01908	0.02099	0.01336	0.02099	0.01145	0.01908	0.01145	0.01527	0.02863	0.00382	0.67748	0.00763	0.00382	0.00954
60	0.01246	0.00935	0.01402	0.01402	0.01558	0.01090	0.01090	0.01558	0.01402	0.02025	0.02336	0.03427	0.02181	0.06542	0.65888	0.01402	0.02336	0.00935	0.00467	0.00779
61	0.01246	0.00935	0.01402	0.01402	0.01558	0.01090	0.01090	0.01558	0.01402	0.02025	0.02336	0.03427	0.02181	0.06542	0.65888	0.01402	0.02336	0.00935	0.00467	0.00779
62	0.01647	0.01550	0.02616	0.67248	0.06008	0.01938	0.02422	0.02229	0.01744	0.02229	0.01550	0.02326	0.01163	0.00872	0.00872	0.00291	0.01163	0.00775	0.00388	0.00969
63	0.03209	0.04054	0.02449	0.02226	0.02677	0.62949	0.01672	0.03535	0.05192	0.02204	0.01448	0.01649	0.01194	0.00912	0.00791	0.00228	0.01533	0.00581	0.00469	0.01028
64	0.01063	0.00759	0.01012	0.01215	0.01265	0.00709	0.00810	0.01215	0.01670	0.02227	0.04808	0.68775	0.05769	0.02733	0.01113	0.00354	0.00506	0.02480	0.00810	0.00709
65	0.03258	0.04157	0.02472	0.02247	0.02697	0.65843	0.01685	0.03483	0.02472	0.02135	0.01348	0.01573	0.01124	0.00899	0.00787	0.00225	0.01573	0.00562	0.00449	0.01011
66	0.02332	0.69869	0.04571	0.01493	0.02239	0.03451	0.01493	0.02612	0.01772	0.02052	0.01213	0.01399	0.01119	0.00746	0.00560	0.00187	0.00933	0.00466	0.00373	0.01119
67	0.02059	0.02353	0.05147	0.03676	0.04559	0.02206	0.60735	0.02794	0.02059	0.02794	0.01765	0.02353	0.01324	0.00735	0.01029	0.00294	0.01471	0.01029	0.00441	0.01176
68	0.03316	0.02443	0.02618	0.02007	0.02705	0.02705	0.01658	0.60995	0.04101	0.05497	0.02094	0.02094	0.01483	0.01047	0.00873	0.00262	0.00960	0.00785	0.00873	0.01483
69	0.01367	0.00991	0.01351	0.01531	0.01742	0.00976	0.01328	0.01749	0.02006	0.02584	0.05058	0.09689	0.11120	0.02389	0.01187	0.00390	0.00766	0.52176	0.00804	0.00796
70	0.01031	0.00884	0.00884	0.00884	0.01178	0.00736	0.00663	0.01252	0.01988	0.02356	0.08837	0.08395	0.63549	0.02209	0.01031	0.00295	0.00442	0.01841	0.00810	0.00736
71	0.01908	0.01908	0.02672	0.02290	0.02290	0.02672	0.01908	0.02099	0.01336	0.02099	0.01145	0.01908	0.01145	0.01527	0.02863	0.00382	0.67748	0.00763	0.00382	0.00954
