[name]
unknown

[dist]
# distance from previous block
# <min> <max>
51	140

[block]
# block no. 0 follows, 21 sequences, length 6
# corresponding to MSA columns:
# 165-170
name=unknown_A
#
# <colnr> <probs for GDERKNQSTAVLIFYWHMCP>
#	G	D	E	R	K	N	Q	S	T	A	V	L	I	F	Y	W	H	M	C	P
0	0.08757	0.16790	0.02810	0.07105	0.10940	0.24992	0.01677	0.06672	0.02092	0.02522	0.01458	0.01800	0.01226	0.01286	0.06176	0.00322	0.01253	0.00609	0.00453	0.01060
1	0.24141	0.09836	0.02494	0.02411	0.14769	0.28255	0.01608	0.02891	0.01965	0.02721	0.01321	0.01587	0.01095	0.00812	0.00689	0.00235	0.01109	0.00555	0.00453	0.01051
2	0.02669	0.02928	0.02359	0.02256	0.07693	0.35022	0.01624	0.11674	0.02361	0.02653	0.01575	0.01936	0.01319	0.01654	0.09762	0.00387	0.05887	0.00658	0.00500	0.05082
3	0.01648	0.01537	0.01503	0.01458	0.01662	0.14392	0.01106	0.01922	0.01606	0.02075	0.02151	0.03111	0.01987	0.09107	0.43592	0.01000	0.01873	0.00850	0.06627	0.00792
4	0.01507	0.01330	0.01314	0.01273	0.01450	0.09713	0.00884	0.01667	0.01556	0.01996	0.02706	0.17219	0.02958	0.27092	0.15328	0.00683	0.01124	0.01244	0.00548	0.08407
5	0.04555	0.01183	0.01453	0.01596	0.06856	0.01212	0.01097	0.04445	0.09542	0.02709	0.10253	0.10577	0.11593	0.15684	0.01666	0.00415	0.00693	0.12886	0.00718	0.00867

[dist]
# distance from previous block
# <min> <max>
0	3

[block]
# block no. 1 follows, 21 sequences, length 15
# corresponding to MSA columns:
# 174-188
name=unknown_B
#
# <colnr> <probs for GDERKNQSTAVLIFYWHMCP>
#	G	D	E	R	K	N	Q	S	T	A	V	L	I	F	Y	W	H	M	C	P
0	0.16173	0.24232	0.15308	0.02490	0.17433	0.02376	0.01948	0.02676	0.01780	0.06359	0.01477	0.01719	0.01178	0.00782	0.00683	0.00236	0.00943	0.00586	0.00448	0.01174
1	0.25026	0.06431	0.02123	0.07691	0.02525	0.21575	0.01418	0.07420	0.07215	0.08623	0.01701	0.01841	0.01288	0.00889	0.00711	0.00249	0.01009	0.00613	0.00576	0.01074
2	0.27139	0.02551	0.17240	0.01748	0.02494	0.02149	0.01714	0.24979	0.02542	0.04113	0.04557	0.01965	0.01492	0.00927	0.00740	0.00262	0.00896	0.00667	0.00628	0.01196
3	0.02101	0.02124	0.03081	0.06806	0.26756	0.08958	0.12347	0.02833	0.09608	0.02744	0.02006	0.02693	0.01687	0.00914	0.00869	0.00259	0.01056	0.04715	0.00510	0.07933
4	0.16555	0.03315	0.02161	0.01939	0.02411	0.45269	0.01482	0.06608	0.07849	0.02721	0.01527	0.01684	0.01220	0.00894	0.00737	0.00236	0.01261	0.00582	0.00517	0.01033
5	0.02521	0.02314	0.02158	0.02256	0.12951	0.20348	0.01500	0.12049	0.05955	0.06314	0.02280	0.02463	0.03918	0.00966	0.00773	0.00232	0.00957	0.00752	0.15450	0.03843
6	0.01200	0.00823	0.01035	0.01083	0.01138	0.00845	0.00708	0.01321	0.01385	0.01916	0.03079	0.20354	0.03446	0.36504	0.17415	0.00804	0.01054	0.01429	0.03837	0.00625
7	0.04791	0.17055	0.24634	0.02058	0.02870	0.02440	0.04900	0.16809	0.02251	0.03149	0.01577	0.01851	0.01225	0.01146	0.03898	0.00307	0.06684	0.00660	0.00493	0.01203
8	0.01581	0.01049	0.01310	0.01261	0.01552	0.01003	0.01008	0.02132	0.08038	0.09799	0.28410	0.06740	0.15919	0.01822	0.01014	0.00301	0.00556	0.14716	0.00882	0.00906
9	0.02114	0.02058	0.02865	0.03964	0.42818	0.08882	0.02121	0.05467	0.02042	0.02749	0.02019	0.11445	0.01919	0.01045	0.00858	0.00256	0.00973	0.00955	0.00501	0.04951
10	0.02967	0.03348	0.02992	0.02454	0.03018	0.44008	0.16049	0.03318	0.02317	0.09148	0.01636	0.01866	0.01253	0.00858	0.00834	0.00240	0.01422	0.00691	0.00504	0.01076
11	0.02038	0.03012	0.25079	0.07271	0.34668	0.07873	0.02697	0.02689	0.01919	0.02655	0.01544	0.01955	0.01219	0.00791	0.00824	0.00257	0.01151	0.00694	0.00399	0.01262
12	0.02119	0.02255	0.03362	0.12493	0.27365	0.11613	0.16499	0.02699	0.04350	0.02587	0.02009	0.02443	0.04569	0.00866	0.00881	0.00263	0.01165	0.00847	0.00456	0.01159
13	0.01634	0.01525	0.07214	0.01357	0.01769	0.01298	0.01154	0.16000	0.02410	0.03168	0.11664	0.18621	0.25202	0.01820	0.00967	0.00288	0.00637	0.01543	0.00782	0.00946
14	0.02848	0.03174	0.02373	0.02296	0.08539	0.40343	0.01624	0.14804	0.02632	0.02831	0.02287	0.02419	0.08107	0.01034	0.00818	0.00237	0.01243	0.00749	0.00558	0.01085

[dist]
# distance from previous block
# <min> <max>
12	27

[block]
# block no. 2 follows, 21 sequences, length 9
# corresponding to MSA columns:
# 216-224
name=unknown_C
#
# <colnr> <probs for GDERKNQSTAVLIFYWHMCP>
#	G	D	E	R	K	N	Q	S	T	A	V	L	I	F	Y	W	H	M	C	P
0	0.17491	0.02270	0.11749	0.01915	0.02630	0.01983	0.08937	0.20831	0.02502	0.09237	0.04610	0.04668	0.01753	0.00980	0.00802	0.00261	0.00915	0.00802	0.00662	0.05002
1	0.02646	0.03201	0.02211	0.07596	0.02678	0.47844	0.01587	0.02912	0.02139	0.02069	0.01528	0.01965	0.01309	0.01995	0.14194	0.00458	0.01652	0.00640	0.00437	0.00937
2	0.01403	0.05620	0.14300	0.01472	0.01936	0.01275	0.01425	0.01980	0.05759	0.02709	0.16850	0.11048	0.16077	0.01736	0.00971	0.00299	0.00708	0.12802	0.00713	0.00915
3	0.04693	0.01693	0.02013	0.01869	0.07049	0.09320	0.06314	0.05828	0.02200	0.03038	0.24680	0.03660	0.03823	0.01708	0.07646	0.00354	0.00946	0.01009	0.00659	0.11498
4	0.02444	0.02657	0.02253	0.02230	0.09965	0.29101	0.01540	0.05270	0.08820	0.02588	0.01753	0.02037	0.01444	0.01415	0.07552	0.00332	0.01246	0.00656	0.00514	0.16185
5	0.02042	0.01716	0.01644	0.01536	0.01862	0.11951	0.01152	0.07153	0.15340	0.08221	0.12106	0.24448	0.03971	0.01657	0.00938	0.00288	0.00741	0.01419	0.00797	0.01017
6	0.42563	0.02089	0.01637	0.08248	0.02259	0.16596	0.01221	0.02563	0.01813	0.03202	0.08989	0.02118	0.01855	0.00933	0.00674	0.00256	0.00876	0.00643	0.00541	0.00924
7	0.02118	0.01817	0.02626	0.19930	0.22799	0.01996	0.02063	0.14665	0.08610	0.03201	0.02216	0.03164	0.01877	0.01072	0.00890	0.00282	0.00965	0.07926	0.00588	0.01195
8	0.02295	0.30702	0.02937	0.01561	0.02074	0.14267	0.01328	0.10839	0.02245	0.02693	0.11024	0.05969	0.02526	0.04999	0.00942	0.00257	0.00927	0.00823	0.00563	0.01026

[dist]
# distance from previous block
# <min> <max>
3	5

[block]
# block no. 3 follows, 21 sequences, length 6
# corresponding to MSA columns:
# 230-235
name=unknown_D
#
# <colnr> <probs for GDERKNQSTAVLIFYWHMCP>
#	G	D	E	R	K	N	Q	S	T	A	V	L	I	F	Y	W	H	M	C	P
0	0.02693	0.07942	0.02516	0.18496	0.03306	0.24736	0.01727	0.08547	0.08483	0.10642	0.01899	0.02092	0.01418	0.00922	0.00800	0.00248	0.01140	0.00694	0.00577	0.01122
1	0.08167	0.01625	0.12834	0.07331	0.02059	0.01206	0.01287	0.01790	0.01803	0.02627	0.18520	0.04819	0.13348	0.17130	0.01674	0.00400	0.00748	0.01177	0.00625	0.00830
2	0.01927	0.02765	0.21910	0.11668	0.14547	0.09667	0.02244	0.02621	0.05019	0.02552	0.01680	0.02096	0.01332	0.01323	0.06836	0.00348	0.01225	0.00690	0.00433	0.09116
3	0.19833	0.02346	0.10854	0.01567	0.02025	0.17749	0.01372	0.02344	0.01868	0.02743	0.13521	0.02647	0.02456	0.01367	0.01197	0.13016	0.00929	0.00763	0.00533	0.00870
4	0.28053	0.01922	0.01955	0.02188	0.14829	0.07808	0.01417	0.05667	0.13747	0.03338	0.02327	0.02455	0.05619	0.00972	0.00729	0.00260	0.00800	0.00745	0.04067	0.01103
5	0.09212	0.12503	0.13271	0.01907	0.02502	0.24287	0.01729	0.09943	0.02160	0.02696	0.01505	0.01940	0.01278	0.06335	0.01132	0.00288	0.05145	0.00633	0.00475	0.01057

[dist]
# distance from previous block
# <min> <max>
28	106

[block]
# block no. 4 follows, 21 sequences, length 9
# corresponding to MSA columns:
# 345-353
name=unknown_E
#
# <colnr> <probs for GDERKNQSTAVLIFYWHMCP>
#	G	D	E	R	K	N	Q	S	T	A	V	L	I	F	Y	W	H	M	C	P
0	0.02449	0.02022	0.02120	0.02032	0.07802	0.11350	0.01469	0.13495	0.14981	0.10586	0.02820	0.02939	0.06352	0.01898	0.10626	0.00428	0.03877	0.00880	0.00697	0.01175
1	0.02357	0.02515	0.02044	0.01812	0.02105	0.28556	0.01386	0.08911	0.02254	0.02630	0.13375	0.03034	0.02680	0.09425	0.01592	0.00331	0.12607	0.00874	0.00575	0.00936
2	0.02055	0.01748	0.02341	0.02805	0.24408	0.04714	0.01653	0.09376	0.02127	0.05065	0.08710	0.03253	0.02444	0.10892	0.01434	0.00331	0.03982	0.02807	0.00583	0.09271
3	0.02209	0.01937	0.02317	0.02597	0.19565	0.09397	0.01636	0.10928	0.02186	0.05276	0.01964	0.02574	0.01660	0.01710	0.10496	0.00394	0.01132	0.03467	0.03589	0.14965
4	0.01620	0.01583	0.02855	0.16471	0.13350	0.01627	0.17925	0.02108	0.01801	0.02405	0.02941	0.03463	0.12202	0.02063	0.13305	0.00484	0.01291	0.01030	0.00484	0.00991
5	0.11026	0.02238	0.02957	0.23657	0.03987	0.13049	0.16833	0.07942	0.02080	0.02808	0.01540	0.02001	0.01176	0.00820	0.00826	0.00261	0.01181	0.00737	0.00468	0.04414
6	0.02861	0.03244	0.02630	0.02682	0.13197	0.39992	0.01829	0.11084	0.02427	0.02644	0.01442	0.01737	0.01189	0.00943	0.01011	0.00246	0.08617	0.00635	0.00485	0.01105
7	0.01575	0.01212	0.01592	0.09595	0.08763	0.04255	0.01257	0.01959	0.01657	0.02491	0.02235	0.02939	0.01894	0.03056	0.26571	0.00674	0.01342	0.00820	0.25245	0.00867
8	0.01796	0.02257	0.12839	0.02254	0.11138	0.13696	0.01749	0.02230	0.01719	0.02233	0.01873	0.02562	0.01643	0.03592	0.33653	0.00805	0.01784	0.00773	0.00431	0.00971

[dist]
# distance from previous block
# <min> <max>
0	3

[block]
# block no. 5 follows, 21 sequences, length 35
# corresponding to MSA columns:
# 357-391
name=unknown_F
#
# <colnr> <probs for GDERKNQSTAVLIFYWHMCP>
#	G	D	E	R	K	N	Q	S	T	A	V	L	I	F	Y	W	H	M	C	P
0	0.02913	0.03123	0.02466	0.02232	0.05379	0.35485	0.01674	0.17773	0.08564	0.03063	0.01697	0.01877	0.01342	0.00994	0.00998	0.00251	0.07780	0.00671	0.00574	0.01146
1	0.15660	0.01986	0.02058	0.01697	0.02278	0.02221	0.01372	0.26748	0.24500	0.08975	0.02497	0.02394	0.01814	0.01031	0.00800	0.00269	0.00778	0.00789	0.00815	0.01320
2	0.02249	0.02427	0.02132	0.06029	0.02444	0.26529	0.01601	0.05393	0.02090	0.02411	0.05380	0.06120	0.02441	0.01430	0.01310	0.00300	0.15269	0.12960	0.00552	0.00932
3	0.01661	0.01562	0.01656	0.01724	0.05585	0.13404	0.01239	0.01967	0.01624	0.02119	0.02088	0.02918	0.01890	0.04672	0.46226	0.01012	0.01946	0.00827	0.05041	0.00841
4	0.01263	0.00950	0.01281	0.01249	0.01346	0.01072	0.00909	0.01457	0.01397	0.01960	0.05885	0.04332	0.05112	0.27111	0.34780	0.01009	0.06612	0.01077	0.00508	0.00691
5	0.12602	0.01422	0.02128	0.01749	0.02212	0.01391	0.13679	0.02485	0.05801	0.12634	0.14691	0.11155	0.07324	0.01418	0.00926	0.00291	0.00761	0.05577	0.00749	0.01007
6	0.02525	0.02837	0.02980	0.07034	0.36242	0.28718	0.02200	0.02915	0.02122	0.02463	0.01479	0.01878	0.01234	0.00812	0.00812	0.00240	0.01233	0.00671	0.00426	0.01179
7	0.02869	0.02167	0.02357	0.01784	0.02484	0.02265	0.01466	0.47060	0.03444	0.04719	0.01911	0.01974	0.01401	0.00924	0.00796	0.00223	0.00860	0.00701	0.00765	0.19829
8	0.01942	0.01671	0.01757	0.01351	0.01986	0.04874	0.01075	0.12100	0.02210	0.03079	0.02974	0.03049	0.13570	0.01006	0.00748	0.00184	0.00692	0.00802	0.00615	0.44313
9	0.02801	0.02809	0.02145	0.01915	0.02371	0.33411	0.01506	0.14180	0.04980	0.07616	0.02554	0.03415	0.04941	0.01227	0.00871	0.00263	0.01153	0.10114	0.00652	0.01077
10	0.02106	0.02022	0.03454	0.05223	0.64784	0.02022	0.02612	0.02612	0.01938	0.02780	0.01601	0.02106	0.01348	0.00758	0.00842	0.00253	0.01011	0.00758	0.00421	0.01348
11	0.01060	0.00758	0.01008	0.01169	0.01239	0.00707	0.00792	0.01243	0.01736	0.02342	0.12869	0.60873	0.05958	0.02539	0.01075	0.00335	0.00481	0.02299	0.00810	0.00707
12	0.03179	0.04056	0.02412	0.02192	0.02631	0.66676	0.01644	0.03398	0.02412	0.02083	0.01315	0.01535	0.01096	0.00877	0.00767	0.00219	0.01535	0.00548	0.00438	0.00987
13	0.01037	0.00741	0.00987	0.01185	0.01234	0.00691	0.00790	0.01185	0.01629	0.02172	0.04690	0.69537	0.05629	0.02666	0.01086	0.00346	0.00494	0.02419	0.00790	0.00691
14	0.03358	0.01600	0.01998	0.01596	0.02211	0.01552	0.01297	0.07794	0.17684	0.46282	0.03303	0.02913	0.02188	0.01077	0.00858	0.00269	0.00725	0.00877	0.00994	0.01423
15	0.01316	0.00880	0.01212	0.01212	0.01377	0.00991	0.00937	0.01645	0.01480	0.02299	0.02414	0.03297	0.02142	0.04924	0.48836	0.01051	0.01770	0.00880	0.20567	0.00769
16	0.02117	0.01828	0.01924	0.01732	0.02213	0.02117	0.01347	0.04522	0.63246	0.03560	0.03464	0.03175	0.02598	0.01155	0.00866	0.00289	0.00673	0.00962	0.00866	0.01347
17	0.02361	0.02670	0.02618	0.02508	0.08420	0.25697	0.01856	0.02590	0.01765	0.02131	0.01235	0.01767	0.01132	0.01198	0.01873	0.00305	0.37806	0.00675	0.00401	0.00991
18	0.02082	0.02089	0.03840	0.04821	0.49947	0.02054	0.17140	0.02640	0.01955	0.02767	0.01630	0.02153	0.01334	0.00748	0.00882	0.00261	0.01115	0.00819	0.00424	0.01299
19	0.01057	0.00826	0.00967	0.01067	0.01249	0.00735	0.00781	0.01264	0.01817	0.02274	0.06598	0.33091	0.34383	0.02382	0.01056	0.00322	0.00494	0.08133	0.00789	0.00714
20	0.01626	0.01569	0.01586	0.01540	0.01752	0.14775	0.01185	0.01912	0.01586	0.01998	0.02078	0.02965	0.01912	0.05232	0.52938	0.01128	0.02124	0.00836	0.00452	0.00807
21	0.02106	0.02022	0.03454	0.05223	0.64784	0.02022	0.02612	0.02612	0.01938	0.02780	0.01601	0.02106	0.01348	0.00758	0.00842	0.00253	0.01011	0.00758	0.00421	0.01348
22	0.03184	0.03896	0.02425	0.02170	0.02632	0.60552	0.01642	0.08997	0.02564	0.02396	0.01385	0.01583	0.01130	0.00891	0.00775	0.00223	0.01477	0.00569	0.00478	0.01031
23	0.01666	0.01581	0.02322	0.37354	0.14105	0.05369	0.01964	0.02151	0.01928	0.02507	0.13728	0.03330	0.06351	0.01084	0.00883	0.00272	0.00957	0.00955	0.00519	0.00973
24	0.02585	0.02183	0.02422	0.02672	0.18554	0.14420	0.01712	0.11140	0.08191	0.12356	0.02158	0.02407	0.01672	0.01806	0.11443	0.00431	0.01231	0.00777	0.00627	0.01212
25	0.07474	0.03327	0.02168	0.01936	0.02384	0.47319	0.01475	0.10063	0.02473	0.02669	0.01816	0.01994	0.03920	0.00952	0.00760	0.00228	0.01277	0.00640	0.06115	0.01011
26	0.01585	0.01507	0.01470	0.01526	0.04404	0.10892	0.01054	0.02001	0.08023	0.02359	0.07765	0.22278	0.16402	0.09492	0.01440	0.00355	0.04413	0.01513	0.00684	0.00837
27	0.01706	0.01689	0.01602	0.01548	0.01762	0.17382	0.01177	0.01971	0.01620	0.01983	0.02063	0.03021	0.01926	0.08683	0.46709	0.01051	0.02010	0.00840	0.00455	0.00802
28	0.08560	0.02302	0.01691	0.01542	0.01904	0.27262	0.01172	0.05114	0.04866	0.02898	0.17819	0.03489	0.07777	0.01211	0.00813	0.00242	0.00911	0.00934	0.08563	0.00929
29	0.02410	0.02314	0.02504	0.02922	0.21575	0.17012	0.01869	0.14983	0.02485	0.03099	0.02350	0.03825	0.02193	0.01237	0.00910	0.00280	0.01061	0.15222	0.00605	0.01144
30	0.02223	0.02198	0.03023	0.04171	0.45081	0.08936	0.02244	0.03095	0.14800	0.02869	0.01960	0.02269	0.01582	0.00854	0.00839	0.00257	0.00996	0.00778	0.00516	0.01309
31	0.01983	0.02155	0.01755	0.01668	0.01940	0.27054	0.01272	0.02248	0.01812	0.02035	0.02236	0.02885	0.05043	0.03975	0.37070	0.00855	0.01886	0.00815	0.00467	0.00847
32	0.05573	0.01827	0.01518	0.01392	0.01627	0.17450	0.00988	0.07642	0.01969	0.02474	0.10641	0.04019	0.02961	0.30260	0.05707	0.00545	0.01021	0.01008	0.00583	0.00793
33	0.01747	0.01638	0.02565	0.06678	0.32889	0.01554	0.04679	0.02173	0.01902	0.02625	0.03335	0.03583	0.17024	0.01088	0.00857	0.00244	0.00832	0.00987	0.00525	0.13074
34	0.03047	0.03331	0.02374	0.02062	0.02549	0.43049	0.01593	0.20336	0.02797	0.03032	0.01600	0.01819	0.01276	0.01334	0.05764	0.00316	0.01416	0.00639	0.00560	0.01104

[dist]
# distance from previous block
# <min> <max>
51	121

[block]
# block no. 6 follows, 21 sequences, length 7
# corresponding to MSA columns:
# 534-540
name=unknown_G
#
# <colnr> <probs for GDERKNQSTAVLIFYWHMCP>
#	G	D	E	R	K	N	Q	S	T	A	V	L	I	F	Y	W	H	M	C	P
0	0.02504	0.21513	0.02769	0.01747	0.02221	0.23909	0.01433	0.11581	0.02245	0.02537	0.02067	0.02450	0.06356	0.06674	0.01185	0.00281	0.06269	0.00726	0.00510	0.01021
1	0.02006	0.15857	0.02343	0.01605	0.01972	0.11780	0.01305	0.05692	0.09785	0.02505	0.07772	0.02866	0.02310	0.06299	0.16383	0.00540	0.06624	0.00826	0.00550	0.00978
2	0.01800	0.01782	0.01813	0.01611	0.01909	0.14645	0.05897	0.06294	0.02036	0.02475	0.08348	0.12957	0.15206	0.09097	0.06204	0.00417	0.04741	0.01284	0.00629	0.00857
3	0.31675	0.02364	0.09946	0.01651	0.02240	0.10579	0.01488	0.10799	0.07792	0.03485	0.01946	0.02631	0.01637	0.01044	0.00743	0.00274	0.00905	0.07133	0.00598	0.01069
4	0.02764	0.01871	0.02293	0.07376	0.07418	0.01907	0.01539	0.23589	0.08644	0.17165	0.02289	0.02309	0.01633	0.00936	0.00813	0.00239	0.00831	0.00755	0.00761	0.14869
5	0.02033	0.02251	0.01705	0.04541	0.02052	0.28486	0.01203	0.02251	0.01958	0.02125	0.03162	0.13473	0.11668	0.08546	0.06017	0.00390	0.01121	0.01123	0.00555	0.05341
6	0.01211	0.00859	0.01080	0.01074	0.01161	0.00890	0.00724	0.01359	0.01439	0.01964	0.08741	0.05136	0.07708	0.38836	0.23309	0.00904	0.01212	0.01204	0.00556	0.00634

[dist]
# distance from previous block
# <min> <max>
12	79

[block]
# block no. 7 follows, 21 sequences, length 6
# corresponding to MSA columns:
# 638-643
name=unknown_H
#
# <colnr> <probs for GDERKNQSTAVLIFYWHMCP>
#	G	D	E	R	K	N	Q	S	T	A	V	L	I	F	Y	W	H	M	C	P
0	0.02146	0.01207	0.01429	0.01236	0.01593	0.01187	0.00950	0.07398	0.08407	0.17980	0.17316	0.04277	0.06639	0.09494	0.01264	0.00322	0.00600	0.01096	0.14435	0.01023
1	0.02588	0.02024	0.02153	0.06267	0.02569	0.06883	0.01433	0.19829	0.17958	0.10476	0.02339	0.02338	0.01721	0.00952	0.00802	0.00236	0.00841	0.00752	0.00739	0.17099
2	0.12482	0.01044	0.01188	0.01253	0.01463	0.01076	0.00960	0.01805	0.05950	0.02636	0.07907	0.21797	0.08430	0.10939	0.01426	0.00396	0.00642	0.17096	0.00728	0.00782
3	0.02591	0.11875	0.02612	0.02192	0.07406	0.34783	0.01611	0.06920	0.02169	0.02338	0.01521	0.01907	0.01311	0.01793	0.11688	0.00416	0.04753	0.00637	0.00456	0.01022
4	0.35904	0.18941	0.02726	0.01709	0.02313	0.13401	0.09142	0.02696	0.01755	0.02935	0.01277	0.01524	0.01042	0.00780	0.00635	0.00239	0.00972	0.00546	0.00459	0.01004
5	0.01807	0.01484	0.01821	0.01958	0.09921	0.05380	0.01326	0.06794	0.01945	0.06580	0.03667	0.16688	0.12947	0.05623	0.06407	0.00412	0.09751	0.03901	0.00648	0.00941

[dist]
# distance from previous block
# <min> <max>
9	11

[block]
# block no. 8 follows, 21 sequences, length 9
# corresponding to MSA columns:
# 655-663
name=unknown_I
#
# <colnr> <probs for GDERKNQSTAVLIFYWHMCP>
#	G	D	E	R	K	N	Q	S	T	A	V	L	I	F	Y	W	H	M	C	P
0	0.02799	0.09948	0.02627	0.02414	0.10510	0.46993	0.01662	0.03044	0.02192	0.02131	0.01448	0.01911	0.01286	0.06316	0.01037	0.00268	0.01351	0.00621	0.00435	0.01006
1	0.01207	0.01293	0.09420	0.01268	0.01522	0.00975	0.01062	0.01471	0.01549	0.02089	0.03912	0.20573	0.13348	0.19939	0.15860	0.00664	0.01046	0.01468	0.00594	0.00740
2	0.02549	0.02504	0.02029	0.01737	0.02220	0.24151	0.01349	0.22210	0.02752	0.03264	0.03132	0.08271	0.12810	0.01277	0.00854	0.00247	0.00998	0.00987	0.00670	0.05990
3	0.21935	0.02596	0.02440	0.02908	0.23521	0.24271	0.01764	0.02935	0.01999	0.06091	0.01485	0.01761	0.01189	0.00823	0.00735	0.00245	0.01084	0.00613	0.00488	0.01117
4	0.02667	0.02606	0.02997	0.03029	0.18525	0.17966	0.09648	0.21409	0.02712	0.03400	0.01858	0.02415	0.01520	0.00959	0.00868	0.00258	0.01157	0.04192	0.00583	0.01232
5	0.01985	0.02241	0.01697	0.01739	0.05987	0.27921	0.01209	0.02224	0.02127	0.02286	0.07567	0.10869	0.25726	0.01566	0.00905	0.00262	0.00928	0.01261	0.00629	0.00872
6	0.01844	0.05903	0.10319	0.02146	0.13100	0.01628	0.01583	0.12205	0.02350	0.03289	0.21650	0.08055	0.03808	0.04125	0.01023	0.00284	0.00765	0.01103	0.03754	0.01065
7	0.12221	0.06118	0.22181	0.02005	0.02699	0.20312	0.01977	0.02724	0.01854	0.02568	0.01352	0.01654	0.01085	0.00893	0.00988	0.00250	0.09901	0.00579	0.00420	0.08219
8	0.11847	0.02508	0.16506	0.01744	0.02428	0.08784	0.01669	0.12975	0.02183	0.07088	0.01814	0.02085	0.01396	0.01592	0.09497	0.00386	0.01145	0.00666	0.03633	0.10052

[dist]
# distance from previous block
# <min> <max>
0	37

[block]
# block no. 9 follows, 21 sequences, length 9
# corresponding to MSA columns:
# 701-709
name=unknown_J
#
# <colnr> <probs for GDERKNQSTAVLIFYWHMCP>
#	G	D	E	R	K	N	Q	S	T	A	V	L	I	F	Y	W	H	M	C	P
0	0.02319	0.03706	0.28497	0.03020	0.18070	0.24646	0.02490	0.02921	0.02046	0.02501	0.01471	0.01780	0.01150	0.00820	0.00802	0.00248	0.01295	0.00632	0.00402	0.01185
1	0.01497	0.01220	0.01788	0.16685	0.05537	0.01312	0.03659	0.05909	0.01969	0.02692	0.13313	0.09877	0.10716	0.02311	0.12584	0.00470	0.01018	0.01201	0.05350	0.00890
2	0.01146	0.00864	0.01101	0.01106	0.01301	0.00819	0.00833	0.01456	0.02014	0.02723	0.30875	0.14229	0.20245	0.02716	0.11396	0.00462	0.00735	0.04421	0.00800	0.00761
3	0.15973	0.06436	0.34387	0.02312	0.08463	0.09927	0.02326	0.02805	0.01849	0.05974	0.01521	0.01751	0.01128	0.00818	0.00744	0.00256	0.01115	0.00603	0.00441	0.01172
4	0.02420	0.05791	0.19280	0.02758	0.15698	0.25499	0.02166	0.03031	0.05575	0.04763	0.01885	0.02099	0.03552	0.00897	0.00803	0.00246	0.01212	0.00689	0.00471	0.01164
5	0.01977	0.08225	0.06810	0.02436	0.13744	0.13481	0.04717	0.02545	0.07416	0.02508	0.02888	0.11834	0.05618	0.01381	0.00904	0.00283	0.00976	0.10640	0.00579	0.01038
6	0.02479	0.29361	0.07388	0.02205	0.11500	0.07912	0.01720	0.05974	0.11397	0.09484	0.01905	0.01992	0.01487	0.00865	0.00722	0.00230	0.00945	0.00655	0.00554	0.01226
7	0.14161	0.02184	0.14700	0.04961	0.02666	0.01785	0.09813	0.09820	0.07515	0.03273	0.02750	0.02918	0.09164	0.01039	0.00800	0.00265	0.00883	0.00868	0.09352	0.01083
8	0.02033	0.02375	0.11218	0.04463	0.41712	0.02051	0.18198	0.02652	0.01940	0.02756	0.01624	0.02119	0.01301	0.00753	0.00881	0.00264	0.01151	0.00808	0.00416	0.01285

[dist]
# distance from previous block
# <min> <max>
2	4

[block]
# block no. 10 follows, 21 sequences, length 138
# corresponding to MSA columns:
# 714-851
name=unknown_K
#
# <colnr> <probs for GDERKNQSTAVLIFYWHMCP>
#	G	D	E	R	K	N	Q	S	T	A	V	L	I	F	Y	W	H	M	C	P
0	0.02215	0.03006	0.18343	0.02216	0.06507	0.18819	0.01965	0.05160	0.06668	0.02654	0.01756	0.02267	0.01460	0.00975	0.00987	0.00249	0.07601	0.03666	0.00488	0.12997
1	0.02279	0.02777	0.11803	0.06184	0.17224	0.14984	0.14326	0.05943	0.10612	0.02824	0.01834	0.02141	0.01417	0.00853	0.00860	0.00262	0.01191	0.00777	0.00499	0.01209
2	0.05594	0.01797	0.02380	0.08981	0.24212	0.04741	0.01749	0.07981	0.02078	0.02917	0.02575	0.03054	0.09251	0.01014	0.00817	0.00240	0.00866	0.03270	0.00542	0.15940
3	0.01790	0.01953	0.07940	0.06318	0.28359	0.01738	0.16359	0.02314	0.01900	0.02654	0.05254	0.14827	0.02424	0.01157	0.00932	0.00281	0.01011	0.01153	0.00510	0.01128
4	0.01750	0.02104	0.12517	0.07072	0.25503	0.05740	0.02045	0.02235	0.01782	0.02436	0.02308	0.06182	0.05488	0.02278	0.16267	0.00523	0.01326	0.00909	0.00459	0.01076
5	0.01895	0.10420	0.30209	0.02338	0.11263	0.05957	0.02201	0.02509	0.01928	0.05806	0.05203	0.03036	0.11584	0.01062	0.00824	0.00257	0.01010	0.00857	0.00501	0.01140
6	0.02136	0.24351	0.07606	0.03833	0.40779	0.02454	0.02271	0.02596	0.01862	0.02523	0.01461	0.01847	0.01249	0.00752	0.00745	0.00231	0.00994	0.00652	0.00399	0.01260
7	0.01622	0.07259	0.36527	0.07087	0.03205	0.01855	0.05935	0.02313	0.01795	0.02495	0.02907	0.03116	0.13745	0.01113	0.00973	0.00276	0.05345	0.00891	0.00452	0.01089
8	0.07006	0.07560	0.08434	0.05625	0.03060	0.10035	0.15676	0.03346	0.14263	0.13236	0.02190	0.02306	0.01599	0.00900	0.00834	0.00264	0.01058	0.00794	0.00614	0.01199
9	0.01611	0.01363	0.01766	0.01591	0.01640	0.01696	0.01203	0.05437	0.01489	0.02122	0.02207	0.11532	0.02441	0.27749	0.03048	0.00534	0.30147	0.01138	0.00508	0.00776
10	0.01938	0.01011	0.01365	0.01287	0.01562	0.00960	0.00966	0.02174	0.01813	0.21398	0.03890	0.24993	0.08032	0.07286	0.16570	0.00586	0.00998	0.01467	0.00775	0.00929
11	0.01374	0.01535	0.07081	0.01902	0.02372	0.01244	0.19513	0.01782	0.01864	0.02424	0.04891	0.22850	0.24112	0.01755	0.01013	0.00302	0.00817	0.01638	0.00648	0.00883
12	0.02694	0.02118	0.02443	0.17564	0.10113	0.10256	0.01792	0.19973	0.05402	0.12985	0.02076	0.02268	0.01504	0.00944	0.00830	0.00257	0.01000	0.00759	0.03791	0.01229
13	0.07009	0.01147	0.01368	0.01329	0.01538	0.05027	0.01027	0.01728	0.01680	0.02458	0.16656	0.03790	0.03355	0.04540	0.42347	0.00957	0.01672	0.01002	0.00573	0.00796
14	0.01208	0.00821	0.00959	0.01043	0.01189	0.00772	0.00752	0.01432	0.01720	0.02376	0.04929	0.25732	0.18260	0.11431	0.01426	0.00374	0.00541	0.08801	0.15527	0.00705
15	0.01734	0.04169	0.59752	0.02554	0.06621	0.02007	0.03060	0.02661	0.01781	0.02670	0.01512	0.01815	0.01093	0.00837	0.00901	0.00273	0.04309	0.00640	0.00363	0.01247
16	0.02129	0.01948	0.03132	0.19516	0.43302	0.02068	0.02431	0.09858	0.02138	0.02958	0.01635	0.02136	0.01310	0.00813	0.00846	0.00260	0.01031	0.00759	0.00464	0.01266
17	0.01931	0.01647	0.02215	0.02727	0.24301	0.01673	0.01605	0.14088	0.06979	0.03171	0.04164	0.08178	0.20987	0.01385	0.00911	0.00272	0.00762	0.01194	0.00676	0.01135
18	0.01036	0.00848	0.00914	0.00930	0.01176	0.00726	0.00685	0.01268	0.01963	0.02431	0.15506	0.15545	0.49691	0.02164	0.01015	0.00292	0.00435	0.01839	0.00810	0.00726
19	0.02346	0.03232	0.20265	0.03459	0.27872	0.18964	0.02444	0.06489	0.02150	0.02733	0.01533	0.01868	0.01214	0.00819	0.00814	0.00249	0.01211	0.00668	0.00435	0.01235
20	0.01380	0.07960	0.04471	0.01225	0.01536	0.07022	0.00986	0.01628	0.01890	0.02299	0.09135	0.25246	0.28195	0.01969	0.00955	0.00287	0.00634	0.01673	0.00706	0.00801
21	0.01026	0.00785	0.00942	0.01068	0.01204	0.00701	0.00738	0.01198	0.01742	0.02218	0.06112	0.47354	0.26894	0.02481	0.01057	0.00325	0.00471	0.02194	0.00790	0.00701
22	0.02419	0.01596	0.01682	0.01381	0.01823	0.01725	0.01111	0.32258	0.02904	0.04279	0.02406	0.02602	0.01811	0.01007	0.00724	0.00227	0.00669	0.00780	0.37472	0.01123
23	0.02325	0.37507	0.12153	0.09458	0.05515	0.06811	0.01855	0.07717	0.02014	0.05393	0.01468	0.01699	0.01184	0.00804	0.00684	0.00221	0.01021	0.00577	0.00446	0.01149
24	0.01713	0.01607	0.02527	0.03663	0.42016	0.01556	0.01909	0.02114	0.01938	0.02608	0.04113	0.04283	0.23921	0.01258	0.00901	0.00265	0.00803	0.01130	0.00553	0.01123
25	0.01088	0.00787	0.01029	0.01134	0.01242	0.00728	0.00788	0.01319	0.01889	0.02569	0.23655	0.46841	0.09066	0.02351	0.01057	0.00318	0.00462	0.02114	0.00836	0.00728
26	0.08223	0.02823	0.25721	0.08547	0.29934	0.01992	0.05545	0.02605	0.01831	0.02789	0.01538	0.01955	0.01195	0.00784	0.00812	0.00264	0.01100	0.00698	0.00405	0.01239
27	0.01540	0.05619	0.02554	0.18684	0.03201	0.01614	0.13477	0.01968	0.01593	0.02153	0.01937	0.02909	0.01718	0.08332	0.28108	0.00763	0.01626	0.00887	0.00430	0.00886
28	0.01124	0.00874	0.01043	0.01142	0.01354	0.00793	0.00896	0.01379	0.01884	0.02349	0.06580	0.20865	0.34522	0.02317	0.01074	0.00331	0.00551	0.19402	0.00788	0.00733
29	0.01072	0.00758	0.00986	0.01144	0.01193	0.00715	0.00752	0.01211	0.01610	0.02156	0.07127	0.57748	0.05385	0.12017	0.01535	0.00409	0.00536	0.02215	0.00758	0.00672
30	0.01647	0.01288	0.01536	0.01466	0.01748	0.01421	0.01115	0.09758	0.18076	0.02884	0.03493	0.21572	0.05757	0.03135	0.20311	0.00618	0.01119	0.01359	0.00719	0.00980
31	0.01755	0.00980	0.01279	0.01138	0.01430	0.00892	0.00877	0.02142	0.02367	0.15762	0.47496	0.05425	0.06404	0.01546	0.00943	0.00262	0.00466	0.01346	0.06561	0.00931
32	0.02566	0.18673	0.02714	0.01830	0.02368	0.23323	0.01485	0.07228	0.25535	0.02829	0.02148	0.02151	0.01689	0.00957	0.00758	0.00239	0.01024	0.00698	0.00609	0.01177
33	0.02205	0.62405	0.12042	0.01576	0.02370	0.03195	0.01665	0.02566	0.01738	0.02088	0.01226	0.01419	0.01090	0.00738	0.00579	0.00193	0.00953	0.00477	0.00363	0.01113
34	0.02453	0.02680	0.03117	0.04243	0.44680	0.22934	0.02299	0.02866	0.02091	0.02555	0.01508	0.01921	0.01267	0.00797	0.00818	0.00242	0.01180	0.00690	0.00427	0.01231
35	0.02038	0.19737	0.40380	0.02230	0.03242	0.10324	0.05598	0.02749	0.01868	0.02459	0.01431	0.01689	0.01095	0.00793	0.00752	0.00244	0.01220	0.00598	0.00374	0.01180
36	0.01740	0.01036	0.01150	0.01068	0.01324	0.01102	0.00829	0.10154	0.02007	0.03236	0.02576	0.03051	0.02069	0.02072	0.13829	0.00440	0.00847	0.00813	0.49781	0.00877
37	0.01024	0.00868	0.00887	0.00897	0.01179	0.00731	0.00682	0.01248	0.01941	0.02311	0.08420	0.08259	0.61533	0.02165	0.01014	0.00292	0.00448	0.04590	0.00790	0.00722
38	0.02315	0.15327	0.02822	0.06077	0.02539	0.23303	0.01705	0.02558	0.01768	0.02055	0.01278	0.01765	0.01159	0.01364	0.04914	0.00334	0.26712	0.00637	0.00397	0.00971
39	0.01035	0.00748	0.00980	0.01165	0.01229	0.00693	0.00781	0.01187	0.01648	0.02180	0.04928	0.65834	0.09178	0.02635	0.01081	0.00342	0.00490	0.02382	0.00790	0.00693
40	0.01074	0.00854	0.00964	0.00960	0.01197	0.00744	0.00711	0.01345	0.02066	0.02654	0.26609	0.13161	0.40520	0.02065	0.01012	0.00286	0.00427	0.01768	0.00838	0.00744
41	0.01814	0.01677	0.02814	0.14892	0.40069	0.01776	0.02208	0.02283	0.01765	0.02490	0.01745	0.02423	0.01494	0.02090	0.16255	0.00519	0.01329	0.00794	0.00422	0.01143
42	0.01948	0.06839	0.05816	0.01517	0.01906	0.01720	0.01262	0.20052	0.02195	0.02980	0.02172	0.03222	0.02003	0.18879	0.22945	0.00744	0.01363	0.00892	0.00578	0.00968
43	0.01076	0.00844	0.00978	0.01028	0.01237	0.00747	0.00763	0.01321	0.01951	0.02484	0.17177	0.22326	0.36256	0.02217	0.01037	0.00305	0.00467	0.06238	0.00815	0.00732
44	0.01060	0.00864	0.00938	0.00919	0.01183	0.00742	0.00689	0.01327	0.02068	0.02604	0.23895	0.07687	0.48974	0.02041	0.01005	0.00282	0.00423	0.01726	0.00830	0.00742
45	0.01648	0.16332	0.28005	0.01836	0.02599	0.01952	0.04339	0.02210	0.01768	0.02381	0.03145	0.03323	0.15978	0.01484	0.04914	0.00330	0.05336	0.00907	0.00471	0.01043
46	0.01358	0.01030	0.01202	0.01206	0.01432	0.01010	0.00884	0.10004	0.02053	0.02660	0.05396	0.34921	0.23781	0.02545	0.06002	0.00391	0.00673	0.01864	0.00774	0.00814
47	0.01077	0.00757	0.00976	0.01134	0.01173	0.00718	0.00735	0.01195	0.01551	0.02068	0.04289	0.56769	0.05123	0.16124	0.01734	0.00441	0.00560	0.02183	0.00735	0.00656
48	0.01935	0.02585	0.19112	0.03803	0.29504	0.01946	0.17577	0.02547	0.01858	0.02647	0.01604	0.02114	0.01277	0.00927	0.01063	0.05951	0.01159	0.00787	0.00404	0.01201
49	0.05471	0.01848	0.01681	0.13854	0.02483	0.18300	0.01331	0.02339	0.01879	0.02537	0.02153	0.03000	0.01842	0.01697	0.08918	0.00382	0.01106	0.05138	0.23167	0.00873
50	0.01071	0.00871	0.00952	0.00950	0.01213	0.00753	0.00725	0.01337	0.02041	0.02552	0.20274	0.07885	0.48723	0.02078	0.01016	0.00290	0.00446	0.05262	0.00821	0.00740
51	0.02297	0.02404	0.03204	0.07545	0.49633	0.14921	0.02407	0.02748	0.02021	0.02613	0.01540	0.02000	0.01288	0.00786	0.00828	0.00247	0.01121	0.00716	0.00423	0.01257
52	0.01790	0.01889	0.07498	0.07825	0.40751	0.01699	0.02184	0.02272	0.01914	0.02629	0.03133	0.03673	0.14081	0.01124	0.00889	0.00270	0.00910	0.03800	0.00505	0.01163
53	0.01232	0.05267	0.01198	0.01012	0.01317	0.05069	0.00775	0.01456	0.01960	0.02312	0.10104	0.11041	0.50307	0.02000	0.00968	0.00279	0.00532	0.01662	0.00749	0.00760
54	0.01015	0.00826	0.00899	0.00957	0.01174	0.00710	0.00689	0.01211	0.01848	0.02262	0.07464	0.26244	0.47131	0.02306	0.01029	0.00305	0.00449	0.01979	0.00790	0.00710
55	0.10471	0.24460	0.02898	0.04984	0.05205	0.16170	0.01528	0.05165	0.04778	0.02479	0.01490	0.01820	0.01275	0.01405	0.07152	0.00343	0.06278	0.00606	0.00455	0.01038
56	0.01731	0.01260	0.01571	0.10828	0.02082	0.01391	0.01109	0.13547	0.01917	0.02600	0.02441	0.10812	0.02494	0.27086	0.02453	0.06881	0.03676	0.01118	0.04200	0.00801
57	0.01714	0.01276	0.01452	0.01348	0.01649	0.01300	0.01015	0.19774	0.02475	0.03266	0.09189	0.31896	0.16273	0.01992	0.00992	0.00301	0.00609	0.01723	0.00820	0.00936
58	0.06524	0.24069	0.25857	0.02693	0.17351	0.04978	0.02306	0.02647	0.01812	0.02545	0.01409	0.01701	0.01137	0.00774	0.00717	0.00236	0.01068	0.00592	0.00389	0.01197
59	0.02402	0.29329	0.11307	0.02163	0.02860	0.21059	0.11421	0.02814	0.01957	0.02228	0.01346	0.01639	0.01125	0.00815	0.00821	0.00229	0.04401	0.00605	0.00396	0.01083
60	0.02248	0.01612	0.01763	0.01440	0.01933	0.01683	0.01153	0.24449	0.08453	0.03858	0.02319	0.02533	0.01791	0.01397	0.06103	0.00311	0.00815	0.00761	0.21874	0.13504
61	0.02145	0.01921	0.02167	0.05292	0.02337	0.09184	0.01540	0.17664	0.02183	0.02911	0.01875	0.05471	0.01680	0.02606	0.18656	0.00580	0.19374	0.00852	0.00547	0.01016
62	0.01308	0.00862	0.01010	0.01051	0.01185	0.00840	0.00766	0.01530	0.01675	0.02353	0.07654	0.06407	0.11235	0.27835	0.02231	0.00498	0.00655	0.14763	0.15469	0.00677
63	0.02254	0.02514	0.02549	0.02222	0.02352	0.21663	0.01797	0.02450	0.01633	0.02058	0.01176	0.01765	0.01111	0.01307	0.02190	0.00327	0.48606	0.00686	0.00392	0.00947
64	0.01285	0.00979	0.01453	0.01344	0.01483	0.01042	0.05421	0.01488	0.01359	0.01890	0.02413	0.04236	0.02486	0.33780	0.34488	0.01049	0.01580	0.01061	0.00480	0.00683
65	0.02930	0.18992	0.02990	0.02103	0.05750	0.28345	0.01642	0.21599	0.02728	0.03133	0.01528	0.01685	0.01219	0.00882	0.00746	0.00224	0.01173	0.00606	0.00550	0.01175
66	0.01006	0.00862	0.00862	0.00862	0.01149	0.00718	0.00647	0.01221	0.01940	0.02299	0.08621	0.08190	0.64438	0.02155	0.01006	0.00287	0.00431	0.01796	0.00790	0.00718
67	0.01238	0.00825	0.00928	0.00928	0.00928	0.00825	0.00516	0.01238	0.01238	0.01650	0.02681	0.05569	0.03094	0.70092	0.04331	0.00825	0.00825	0.01238	0.00516	0.00516
68	0.49780	0.01722	0.01542	0.01309	0.01832	0.01943	0.01070	0.16297	0.02164	0.04129	0.09207	0.02153	0.01925	0.00962	0.00662	0.00262	0.00692	0.00666	0.00653	0.01030
69	0.01016	0.00862	0.00876	0.00872	0.01155	0.00723	0.00654	0.01240	0.01963	0.02354	0.11360	0.08100	0.61666	0.02135	0.01006	0.00286	0.00430	0.01783	0.00797	0.00723
70	0.01232	0.00985	0.01116	0.01063	0.01335	0.00929	0.00803	0.01801	0.09742	0.02951	0.32794	0.06753	0.31658	0.01846	0.00988	0.00279	0.00448	0.01578	0.00865	0.00834
71	0.01037	0.00741	0.00987	0.01185	0.01234	0.00691	0.00790	0.01185	0.01629	0.02172	0.04690	0.69537	0.05629	0.02666	0.01086	0.00346	0.00494	0.02419	0.00790	0.00691
72	0.03179	0.04056	0.02412	0.02192	0.02631	0.66676	0.01644	0.03398	0.02412	0.02083	0.01315	0.01535	0.01096	0.00877	0.00767	0.00219	0.01535	0.00548	0.00438	0.00987
73	0.01060	0.00814	0.00977	0.01081	0.01244	0.00731	0.00779	0.01269	0.01823	0.02326	0.09879	0.37153	0.28685	0.02386	0.01056	0.00322	0.00486	0.06416	0.00799	0.00716
74	0.01216	0.00912	0.01368	0.01368	0.01520	0.01064	0.01064	0.01520	0.01368	0.01976	0.02279	0.03343	0.02127	0.06382	0.66720	0.01368	0.02279	0.00912	0.00456	0.00760
75	0.03383	0.02147	0.02407	0.01846	0.02521	0.02287	0.01525	0.47296	0.03604	0.20574	0.02376	0.02259	0.01614	0.01030	0.00852	0.00257	0.00883	0.00789	0.00903	0.01448
76	0.01619	0.01289	0.01460	0.01378	0.01544	0.06571	0.01081	0.01929	0.01591	0.02425	0.02179	0.02880	0.01889	0.03164	0.26692	0.00685	0.12947	0.00811	0.27046	0.00820
77	0.01060	0.00779	0.00994	0.01121	0.01228	0.00713	0.00772	0.01259	0.01801	0.02394	0.15039	0.50507	0.14321	0.02442	0.01061	0.00325	0.00470	0.02187	0.00814	0.00713
78	0.01586	0.00793	0.00793	0.00793	0.00991	0.00793	0.00595	0.01983	0.01785	0.03173	0.02776	0.03173	0.02181	0.00991	0.00595	0.00198	0.00397	0.00793	0.74817	0.00793
79	0.01165	0.00868	0.01083	0.01029	0.01247	0.00786	0.00772	0.01529	0.02315	0.03190	0.53214	0.06723	0.19289	0.01823	0.01004	0.00272	0.00407	0.01590	0.00908	0.00786
80	0.02106	0.02022	0.03454	0.05223	0.64784	0.02022	0.02612	0.02612	0.01938	0.02780	0.01601	0.02106	0.01348	0.00758	0.00842	0.00253	0.01011	0.00758	0.00421	0.01348
81	0.01168	0.00868	0.01114	0.01249	0.01419	0.00815	0.00980	0.01440	0.01875	0.02420	0.09140	0.28379	0.19270	0.02370	0.01097	0.00345	0.00585	0.23929	0.00796	0.00740
82	0.01238	0.00825	0.00928	0.00928	0.00928	0.00825	0.00516	0.01238	0.01238	0.01650	0.02681	0.05569	0.03094	0.70092	0.04331	0.00825	0.00825	0.01238	0.00516	0.00516
83	0.02874	0.02441	0.14887	0.01894	0.02647	0.02049	0.01777	0.24463	0.14135	0.20084	0.02545	0.02425	0.01758	0.01012	0.00847	0.00266	0.00897	0.00798	0.00808	0.01391
84	0.01857	0.03386	0.36904	0.03098	0.08619	0.02050	0.26327	0.02701	0.01891	0.02714	0.01610	0.02018	0.01183	0.00769	0.00889	0.00275	0.01309	0.00788	0.00392	0.01221
85	0.03132	0.07505	0.02518	0.02154	0.02608	0.63394	0.01635	0.03354	0.02376	0.02079	0.01309	0.01526	0.01096	0.00869	0.00756	0.00217	0.01502	0.00543	0.00435	0.00992
86	0.02387	0.32883	0.03110	0.01702	0.02211	0.25559	0.01445	0.02647	0.01901	0.02026	0.01449	0.01821	0.01300	0.01910	0.13834	0.00432	0.01407	0.00580	0.00409	0.00988
87	0.01217	0.01029	0.01181	0.01309	0.05337	0.00966	0.00885	0.01705	0.09347	0.02458	0.06762	0.19438	0.41159	0.02047	0.00994	0.00297	0.00510	0.01753	0.00776	0.00830
88	0.01046	0.00744	0.00985	0.01173	0.01220	0.00697	0.00777	0.01187	0.01611	0.02149	0.04599	0.66620	0.05513	0.05740	0.01234	0.00367	0.00509	0.02365	0.00777	0.00683
89	0.01895	0.01752	0.02912	0.04252	0.49925	0.01737	0.02189	0.02376	0.02048	0.02928	0.16277	0.03101	0.02911	0.00988	0.00880	0.00256	0.00868	0.00941	0.00542	0.01220
90	0.01085	0.00873	0.00972	0.00970	0.01228	0.00760	0.00742	0.01362	0.02063	0.02607	0.22781	0.07821	0.45272	0.02062	0.01018	0.00290	0.00450	0.06070	0.00828	0.00745
91	0.01656	0.01198	0.04289	0.01280	0.01657	0.00997	0.01100	0.02064	0.04460	0.12946	0.06029	0.07210	0.31595	0.01924	0.01014	0.00312	0.00629	0.17915	0.00815	0.00909
92	0.02780	0.03387	0.02160	0.01972	0.02397	0.50557	0.01485	0.03269	0.09888	0.02292	0.02481	0.02557	0.09083	0.01069	0.00809	0.00236	0.01292	0.00753	0.00535	0.00998
93	0.01033	0.00756	0.00972	0.01145	0.01224	0.00695	0.00772	0.01189	0.01668	0.02188	0.05177	0.61939	0.12912	0.02603	0.01076	0.00338	0.00486	0.02342	0.00790	0.00695
94	0.02106	0.02022	0.03454	0.05223	0.64784	0.02022	0.02612	0.02612	0.01938	0.02780	0.01601	0.02106	0.01348	0.00758	0.00842	0.00253	0.01011	0.00758	0.00421	0.01348
95	0.01586	0.00793	0.00793	0.00793	0.00991	0.00793	0.00595	0.01983	0.01785	0.03173	0.02776	0.03173	0.02181	0.00991	0.00595	0.00198	0.00397	0.00793	0.74817	0.00793
96	0.01151	0.00789	0.00954	0.01038	0.01060	0.00768	0.00633	0.01215	0.01406	0.01874	0.03544	0.33021	0.04182	0.41156	0.02939	0.00619	0.00683	0.01745	0.00633	0.00591
97	0.01204	0.00870	0.01138	0.01071	0.01271	0.00803	0.00803	0.01606	0.02409	0.03413	0.64335	0.06357	0.08030	0.01740	0.01004	0.00268	0.00401	0.01539	0.00937	0.00803
98	0.01212	0.00763	0.00935	0.01060	0.01162	0.00728	0.00731	0.01448	0.01713	0.02536	0.06884	0.46333	0.04688	0.02112	0.00932	0.00297	0.00460	0.01882	0.23397	0.00728
99	0.01273	0.00927	0.01248	0.01420	0.01604	0.00902	0.01190	0.01605	0.01905	0.02457	0.05045	0.18846	0.12387	0.02376	0.01140	0.00372	0.00694	0.43062	0.00785	0.00761
100	0.01233	0.00842	0.01016	0.01016	0.01046	0.00873	0.00625	0.01294	0.01264	0.01715	0.02601	0.05125	0.02901	0.57376	0.16784	0.00933	0.01115	0.01173	0.00504	0.00564
101	0.01725	0.04294	0.62849	0.02553	0.06466	0.01978	0.03120	0.02691	0.01803	0.02699	0.01531	0.01811	0.01090	0.00806	0.00810	0.00269	0.01246	0.00635	0.00362	0.01262
102	0.01006	0.00862	0.00862	0.00862	0.01149	0.00718	0.00647	0.01221	0.01940	0.02299	0.08621	0.08190	0.64438	0.02155	0.01006	0.00287	0.00431	0.01796	0.00790	0.00718
103	0.01037	0.00741	0.00987	0.01185	0.01234	0.00691	0.00790	0.01185	0.01629	0.02172	0.04690	0.69537	0.05629	0.02666	0.01086	0.00346	0.00494	0.02419	0.00790	0.00691
104	0.01526	0.01610	0.01242	0.01186	0.01504	0.16154	0.00890	0.01754	0.02079	0.02317	0.10338	0.06520	0.46151	0.01831	0.00950	0.00270	0.00687	0.01488	0.00717	0.00786
105	0.01670	0.01458	0.02349	0.03352	0.33943	0.01446	0.01871	0.02063	0.01871	0.02579	0.03060	0.19780	0.03249	0.01608	0.00984	0.00310	0.00832	0.15923	0.00599	0.01051
106	0.01114	0.00802	0.01071	0.01259	0.01354	0.00760	0.00919	0.01322	0.01721	0.02266	0.04832	0.52625	0.08228	0.02568	0.01103	0.00354	0.00559	0.15640	0.00788	0.00714
107	0.02004	0.17922	0.03434	0.22168	0.33420	0.02299	0.02271	0.02473	0.01822	0.02426	0.01478	0.01979	0.01228	0.00777	0.00776	0.00245	0.01022	0.00687	0.00396	0.01174
108	0.01751	0.01591	0.02636	0.27411	0.28428	0.01730	0.02230	0.02253	0.01856	0.02503	0.02248	0.03919	0.02100	0.01165	0.00923	0.00297	0.01003	0.14396	0.00490	0.01068
109	0.02437	0.29041	0.09509	0.02066	0.02681	0.23161	0.07198	0.02791	0.01929	0.02165	0.01299	0.01602	0.01113	0.00869	0.00940	0.00234	0.08927	0.00584	0.00394	0.01061
110	0.02420	0.01792	0.01915	0.01572	0.02075	0.01926	0.01261	0.36808	0.06873	0.04221	0.03704	0.08549	0.14468	0.01378	0.00880	0.00266	0.00742	0.01111	0.06854	0.01185
111	0.01238	0.00825	0.00928	0.00928	0.00928	0.00825	0.00516	0.01238	0.01238	0.01650	0.02681	0.05569	0.03094	0.70092	0.04331	0.00825	0.00825	0.01238	0.00516	0.00516
112	0.03179	0.04056	0.02412	0.02192	0.02631	0.66676	0.01644	0.03398	0.02412	0.02083	0.01315	0.01535	0.01096	0.00877	0.00767	0.00219	0.01535	0.00548	0.00438	0.00987
113	0.01079	0.00770	0.01035	0.01233	0.01300	0.00727	0.00863	0.01257	0.01671	0.02219	0.04667	0.62047	0.05537	0.02627	0.01097	0.00351	0.00530	0.09497	0.00789	0.00703
114	0.03235	0.02384	0.02554	0.01958	0.02639	0.02639	0.01618	0.61946	0.04001	0.05363	0.02043	0.02043	0.01447	0.01022	0.00851	0.00255	0.00936	0.00766	0.00851	0.01447
115	0.01290	0.00888	0.01253	0.01253	0.01414	0.01010	0.00970	0.01612	0.01451	0.02214	0.02379	0.03309	0.02138	0.05306	0.53521	0.01134	0.01904	0.00888	0.15298	0.00766
116	0.04775	0.01032	0.01332	0.01173	0.01490	0.00948	0.00909	0.02217	0.02377	0.17451	0.48023	0.05376	0.06407	0.01547	0.00951	0.00267	0.00485	0.01342	0.00947	0.00954
