[name]
unknown

[dist]
# distance from previous block
# <min> <max>
0	0

[block]
# block no. 0 follows, 21 sequences, length 14
# corresponding to MSA columns:
# 0-13
name=unknown_A
#
# <colnr> <probs for GDERKNQSTAVLIFYWHMCP>
#	G	D	E	R	K	N	Q	S	T	A	V	L	I	F	Y	W	H	M	C	P
0	0.01371	0.00980	0.01371	0.01567	0.01763	0.00980	0.01371	0.01763	0.01959	0.02547	0.04506	0.09599	0.04898	0.02351	0.01175	0.00392	0.00784	0.59056	0.00784	0.00784
1	0.01765	0.01513	0.01765	0.01260	0.02017	0.01134	0.01008	0.02143	0.01765	0.02773	0.01513	0.01765	0.01260	0.00630	0.00630	0.00126	0.00630	0.00504	0.00504	0.75295
2	0.01271	0.00963	0.01191	0.01182	0.01210	0.01056	0.00791	0.01346	0.01380	0.01871	0.03260	0.20276	0.06902	0.39939	0.03143	0.00613	0.10926	0.01474	0.00575	0.00631
3	0.01100	0.00767	0.00969	0.01104	0.01138	0.00733	0.00704	0.01201	0.01506	0.02008	0.04059	0.49445	0.04832	0.23844	0.02106	0.00496	0.00598	0.02048	0.00704	0.00636
4	0.02925	0.03575	0.02658	0.02909	0.17318	0.51398	0.01873	0.03212	0.02300	0.02248	0.01383	0.01670	0.01156	0.00849	0.00785	0.00227	0.01411	0.00598	0.00434	0.01072
5	0.02493	0.03365	0.11698	0.02033	0.02527	0.41423	0.01733	0.02848	0.02072	0.02150	0.01575	0.02002	0.01337	0.02168	0.16359	0.00498	0.01669	0.00646	0.00431	0.00974
6	0.01767	0.17425	0.01975	0.01176	0.01582	0.01451	0.00983	0.02088	0.02148	0.11222	0.28855	0.05114	0.18043	0.01499	0.00876	0.00251	0.00572	0.01247	0.00785	0.00940
7	0.01245	0.01110	0.01852	0.01647	0.01926	0.01020	0.14206	0.01533	0.01779	0.02321	0.04869	0.41677	0.17147	0.02127	0.01051	0.00320	0.00688	0.01975	0.00711	0.00798
8	0.02793	0.10575	0.02911	0.02933	0.19373	0.42487	0.01886	0.03095	0.02211	0.02263	0.01378	0.01671	0.01164	0.00829	0.00764	0.00224	0.01327	0.00595	0.00426	0.01095
9	0.02151	0.01319	0.01744	0.11398	0.02375	0.01343	0.01262	0.08868	0.05956	0.18083	0.30364	0.04283	0.04581	0.01334	0.00922	0.00269	0.00661	0.01145	0.00867	0.01076
10	0.01969	0.01882	0.03206	0.22542	0.48540	0.01986	0.02543	0.02491	0.01873	0.02613	0.01576	0.02151	0.01289	0.00784	0.00845	0.00261	0.01045	0.00758	0.00409	0.01237
11	0.05395	0.03535	0.42261	0.02933	0.16968	0.02054	0.02762	0.08961	0.02046	0.03049	0.01582	0.01872	0.01170	0.00819	0.00808	0.00264	0.01141	0.00664	0.00433	0.01282
12	0.01074	0.00788	0.00945	0.01052	0.01147	0.00727	0.00696	0.01205	0.01616	0.02087	0.05176	0.40917	0.18966	0.17432	0.01784	0.00438	0.00552	0.02011	0.00729	0.00659
13	0.05362	0.00990	0.01096	0.01024	0.01343	0.00879	0.00771	0.01796	0.01941	0.13053	0.08753	0.11454	0.39400	0.06873	0.01204	0.00325	0.00525	0.01566	0.00807	0.00839

[dist]
# distance from previous block
# <min> <max>
0	1

[block]
# block no. 1 follows, 21 sequences, length 7
# corresponding to MSA columns:
# 15-21
name=unknown_B
#
# <colnr> <probs for GDERKNQSTAVLIFYWHMCP>
#	G	D	E	R	K	N	Q	S	T	A	V	L	I	F	Y	W	H	M	C	P
0	0.02158	0.02281	0.03252	0.13231	0.31321	0.13365	0.11850	0.02648	0.02000	0.02545	0.01754	0.02567	0.01504	0.00894	0.00879	0.00266	0.01174	0.04710	0.00444	0.01156
1	0.01072	0.00755	0.00977	0.01140	0.01180	0.00715	0.00742	0.01194	0.01560	0.02080	0.04336	0.58246	0.05181	0.14567	0.01659	0.00430	0.00552	0.02211	0.00742	0.00660
2	0.02911	0.03292	0.02700	0.02938	0.18608	0.40828	0.01889	0.11634	0.02519	0.02735	0.01494	0.01755	0.01212	0.00867	0.00799	0.00233	0.01314	0.00634	0.00494	0.01146
3	0.02780	0.08716	0.11805	0.02245	0.06935	0.17083	0.01882	0.27781	0.06421	0.03672	0.01784	0.01905	0.01344	0.00923	0.00801	0.00245	0.01106	0.00682	0.00617	0.01273
4	0.01964	0.01979	0.01801	0.01576	0.02006	0.15856	0.04186	0.06081	0.15814	0.02732	0.04524	0.04505	0.24129	0.03976	0.01018	0.00282	0.00835	0.01145	0.00689	0.04903
5	0.02413	0.02317	0.02062	0.06913	0.02450	0.19787	0.01432	0.20931	0.02598	0.03125	0.02952	0.05509	0.11727	0.05058	0.03455	0.00331	0.04312	0.00958	0.00633	0.01038
6	0.01258	0.00838	0.00996	0.00996	0.01037	0.00865	0.00618	0.01340	0.01299	0.01814	0.02617	0.05008	0.02859	0.54011	0.15082	0.00877	0.01052	0.01149	0.05705	0.00578

[dist]
# distance from previous block
# <min> <max>
0	2

[block]
# block no. 2 follows, 21 sequences, length 22
# corresponding to MSA columns:
# 24-45
name=unknown_C
#
# <colnr> <probs for GDERKNQSTAVLIFYWHMCP>
#	G	D	E	R	K	N	Q	S	T	A	V	L	I	F	Y	W	H	M	C	P
0	0.02321	0.02106	0.02673	0.06139	0.28329	0.07444	0.01956	0.07683	0.23598	0.05440	0.02321	0.02464	0.01790	0.00941	0.00846	0.00264	0.00926	0.00816	0.00631	0.01311
1	0.06131	0.00961	0.01300	0.10107	0.01885	0.01006	0.01008	0.01554	0.01581	0.04413	0.07807	0.23352	0.06415	0.07767	0.06441	0.14769	0.00790	0.01395	0.00612	0.00706
2	0.05362	0.08599	0.10279	0.05820	0.21376	0.02006	0.01996	0.02629	0.01845	0.12262	0.02276	0.02536	0.06295	0.01040	0.01125	0.00273	0.11780	0.00795	0.00530	0.01175
3	0.16537	0.01155	0.01295	0.09079	0.01885	0.01233	0.00979	0.01909	0.06180	0.02791	0.15648	0.09765	0.13851	0.12523	0.01420	0.00369	0.00641	0.01248	0.00678	0.00814
4	0.01352	0.00867	0.01095	0.06277	0.01545	0.00907	0.00875	0.01677	0.01671	0.02572	0.03411	0.17754	0.07340	0.02523	0.14222	0.00481	0.00861	0.01236	0.32561	0.00771
5	0.02027	0.02860	0.22784	0.03305	0.22709	0.05187	0.09555	0.05313	0.01957	0.02774	0.01554	0.01955	0.01224	0.00833	0.00981	0.00259	0.06329	0.00716	0.00426	0.07252
6	0.01112	0.00844	0.00982	0.01057	0.01198	0.00786	0.00722	0.01361	0.04285	0.02227	0.07659	0.34022	0.24115	0.13719	0.01593	0.00402	0.00533	0.01928	0.00752	0.00702
7	0.13926	0.12403	0.02672	0.01934	0.02131	0.02611	0.01647	0.02198	0.01392	0.02327	0.01138	0.01708	0.01082	0.01259	0.02081	0.00325	0.47159	0.00654	0.00396	0.00954
8	0.01304	0.07598	0.01528	0.01337	0.05920	0.01107	0.00943	0.01637	0.02150	0.02852	0.34762	0.06198	0.26128	0.01714	0.00949	0.00265	0.00504	0.01467	0.00795	0.00841
9	0.10653	0.02397	0.19593	0.02975	0.23008	0.01763	0.06763	0.02350	0.01704	0.02647	0.01761	0.02657	0.01575	0.14898	0.01519	0.00378	0.01031	0.00805	0.00437	0.01087
10	0.01513	0.00886	0.01078	0.07321	0.01563	0.00953	0.00859	0.01907	0.01692	0.02834	0.02554	0.03121	0.02071	0.02076	0.14091	0.00445	0.00851	0.00814	0.52571	0.00801
11	0.02132	0.01777	0.01625	0.01443	0.01858	0.14467	0.01120	0.02684	0.09511	0.12443	0.15376	0.04636	0.16047	0.01417	0.00896	0.00259	0.00758	0.03948	0.00773	0.06833
12	0.01988	0.01739	0.02274	0.14841	0.03066	0.01772	0.05796	0.08549	0.18965	0.03115	0.02117	0.02319	0.01625	0.00862	0.00787	0.00226	0.00829	0.00742	0.00607	0.27780
13	0.02933	0.02226	0.02449	0.01882	0.02524	0.02429	0.01551	0.49372	0.03498	0.04767	0.01903	0.01992	0.01398	0.01001	0.00961	0.00246	0.05760	0.00728	0.00769	0.11614
14	0.02628	0.01774	0.01993	0.01685	0.02204	0.01917	0.01335	0.19641	0.27766	0.16116	0.03203	0.10739	0.02550	0.01279	0.00886	0.00281	0.00733	0.01062	0.00890	0.01316
15	0.05154	0.01102	0.01402	0.01578	0.08861	0.01093	0.00978	0.01844	0.04368	0.06488	0.09145	0.10021	0.13089	0.24015	0.06755	0.00534	0.00804	0.01291	0.00654	0.00822
16	0.01650	0.01327	0.01340	0.01259	0.01481	0.05919	0.00901	0.07635	0.08685	0.02521	0.03421	0.08832	0.10136	0.25014	0.09893	0.00585	0.00940	0.01185	0.06457	0.00819
17	0.02203	0.19428	0.17686	0.01711	0.02360	0.09608	0.01672	0.05290	0.05661	0.07974	0.01957	0.02621	0.01695	0.14965	0.01466	0.00355	0.01019	0.00747	0.00516	0.01065
18	0.02698	0.10972	0.02508	0.02075	0.07176	0.30348	0.01509	0.14513	0.02450	0.02814	0.01701	0.02162	0.01453	0.07485	0.01091	0.00281	0.01151	0.00680	0.05871	0.01060
19	0.01900	0.01704	0.02169	0.05026	0.09661	0.06499	0.01599	0.02541	0.11467	0.05121	0.02042	0.02602	0.01739	0.02783	0.21859	0.00635	0.18289	0.00824	0.00518	0.01021
20	0.01960	0.01926	0.01712	0.01578	0.01763	0.19302	0.01196	0.02185	0.01702	0.02202	0.01950	0.02893	0.01817	0.13525	0.12393	0.00533	0.14569	0.00810	0.15162	0.00822
21	0.01548	0.01501	0.01355	0.01320	0.01552	0.14223	0.00978	0.01828	0.02079	0.02583	0.25123	0.15911	0.14572	0.02341	0.08819	0.00405	0.00877	0.01451	0.00730	0.00803

[dist]
# distance from previous block
# <min> <max>
0	1

[block]
# block no. 3 follows, 21 sequences, length 9
# corresponding to MSA columns:
# 47-55
name=unknown_D
#
# <colnr> <probs for GDERKNQSTAVLIFYWHMCP>
#	G	D	E	R	K	N	Q	S	T	A	V	L	I	F	Y	W	H	M	C	P
0	0.02210	0.02244	0.07641	0.08047	0.40400	0.04762	0.02324	0.12086	0.02264	0.03095	0.02045	0.02403	0.04880	0.00894	0.00848	0.00257	0.01014	0.00800	0.00505	0.01281
1	0.02131	0.01989	0.02932	0.17726	0.37114	0.05186	0.02259	0.10204	0.02180	0.02924	0.02065	0.02485	0.05249	0.00905	0.00852	0.00260	0.01017	0.00813	0.00492	0.01218
2	0.02041	0.01842	0.02479	0.12195	0.21795	0.02056	0.01876	0.03607	0.35844	0.03126	0.02620	0.02721	0.02010	0.00991	0.00857	0.00277	0.00842	0.00871	0.00661	0.01290
3	0.01361	0.00949	0.01305	0.01278	0.01431	0.01104	0.00997	0.01681	0.01474	0.02299	0.02327	0.03191	0.02069	0.04597	0.44540	0.00985	0.06572	0.00868	0.20192	0.00781
4	0.01917	0.05235	0.01475	0.01202	0.01539	0.01064	0.00942	0.02172	0.02002	0.19090	0.11647	0.12070	0.19039	0.09630	0.01345	0.00350	0.00620	0.06917	0.00819	0.00925
5	0.03195	0.03573	0.02453	0.02125	0.02633	0.48168	0.01637	0.20320	0.02871	0.03031	0.01526	0.01682	0.01198	0.00919	0.00792	0.00230	0.01362	0.00611	0.00558	0.01120
6	0.09603	0.01562	0.02088	0.35880	0.03926	0.01822	0.01751	0.09548	0.08085	0.02891	0.02850	0.03166	0.11218	0.01100	0.00843	0.00279	0.00904	0.00910	0.00564	0.01008
7	0.01240	0.00980	0.01441	0.01903	0.12658	0.00938	0.01118	0.01469	0.01737	0.02364	0.08114	0.53204	0.05019	0.02261	0.01037	0.00324	0.00581	0.02062	0.00733	0.00817
8	0.01471	0.06220	0.01761	0.01918	0.14786	0.01252	0.01101	0.01683	0.01671	0.02262	0.12571	0.07861	0.07190	0.31956	0.02421	0.00511	0.00764	0.01215	0.00581	0.00803

[dist]
# distance from previous block
# <min> <max>
0	16

[block]
# block no. 4 follows, 21 sequences, length 18
# corresponding to MSA columns:
# 72-89
name=unknown_E
#
# <colnr> <probs for GDERKNQSTAVLIFYWHMCP>
#	G	D	E	R	K	N	Q	S	T	A	V	L	I	F	Y	W	H	M	C	P
0	0.04802	0.06088	0.02678	0.29883	0.12310	0.25565	0.02039	0.02709	0.01985	0.02270	0.01425	0.01903	0.01140	0.00839	0.00793	0.00250	0.01236	0.00655	0.00410	0.01022
1	0.01944	0.01855	0.03137	0.19689	0.48418	0.01938	0.02473	0.02452	0.01883	0.02619	0.01870	0.02396	0.03905	0.00838	0.00851	0.00261	0.01016	0.00801	0.00426	0.01228
2	0.02113	0.02190	0.14832	0.17713	0.08208	0.01845	0.02004	0.10761	0.10426	0.09371	0.02414	0.10127	0.02000	0.01130	0.00872	0.00280	0.00944	0.00963	0.00624	0.01182
3	0.02225	0.02351	0.02559	0.15891	0.18660	0.20730	0.01951	0.05520	0.02009	0.02421	0.01599	0.02145	0.01344	0.01729	0.11051	0.00427	0.05170	0.00720	0.00442	0.01054
4	0.01747	0.13368	0.02811	0.34507	0.13920	0.02008	0.02044	0.02215	0.01744	0.02264	0.01835	0.02918	0.01623	0.01403	0.06021	0.00358	0.01131	0.06649	0.00430	0.01004
5	0.02184	0.02243	0.03090	0.04414	0.50217	0.11850	0.02308	0.02623	0.02011	0.02635	0.02111	0.02498	0.06287	0.00887	0.00844	0.00250	0.01046	0.00808	0.00453	0.01243
6	0.02100	0.08001	0.12639	0.20506	0.21646	0.13222	0.02340	0.02616	0.01893	0.02396	0.01465	0.01935	0.01177	0.00838	0.00882	0.00257	0.03884	0.00677	0.00397	0.01128
7	0.01068	0.00802	0.00999	0.01143	0.01274	0.00733	0.00820	0.01263	0.01752	0.02251	0.05730	0.45912	0.21418	0.02491	0.01075	0.00335	0.00511	0.08926	0.00789	0.00709
8	0.02205	0.01615	0.01828	0.01553	0.01964	0.01718	0.01217	0.32432	0.03040	0.04119	0.18286	0.19106	0.04087	0.01591	0.00945	0.00280	0.00698	0.01351	0.00858	0.01107
9	0.01401	0.01224	0.01785	0.01516	0.01897	0.01099	0.10169	0.01809	0.05182	0.02438	0.04143	0.25048	0.15187	0.07098	0.01211	0.00316	0.00689	0.01526	0.00661	0.15601
10	0.01516	0.01186	0.01174	0.01135	0.01226	0.06106	0.00719	0.05968	0.01584	0.02025	0.02763	0.12517	0.03112	0.51535	0.03408	0.00678	0.00850	0.01287	0.00567	0.00643
11	0.02035	0.01341	0.01679	0.06622	0.01992	0.01464	0.01161	0.20654	0.02147	0.02936	0.01822	0.02493	0.01546	0.02298	0.07140	0.34026	0.00929	0.00767	0.06131	0.00820
12	0.02092	0.02081	0.03193	0.17458	0.48187	0.07091	0.02486	0.02587	0.01928	0.02605	0.01561	0.02093	0.01286	0.00786	0.00838	0.00256	0.01077	0.00741	0.00414	0.01240
13	0.06722	0.02568	0.02436	0.02680	0.17950	0.23579	0.01721	0.14500	0.02411	0.03058	0.01707	0.02051	0.01388	0.01446	0.07590	0.00355	0.01247	0.00691	0.04771	0.01131
14	0.26857	0.02275	0.21010	0.01520	0.02195	0.01595	0.01581	0.02408	0.04123	0.05695	0.12076	0.03238	0.09974	0.01134	0.00771	0.00270	0.00778	0.00877	0.00605	0.01019
15	0.02231	0.02258	0.03333	0.04872	0.57569	0.09527	0.02499	0.02703	0.01993	0.02699	0.01568	0.02040	0.01319	0.00772	0.00834	0.00249	0.01072	0.00734	0.00423	0.01306
16	0.14289	0.01217	0.01434	0.09346	0.01989	0.03329	0.01118	0.01908	0.01517	0.02513	0.02045	0.02907	0.01814	0.08442	0.25955	0.00718	0.03961	0.00802	0.13886	0.00811
17	0.11001	0.05745	0.11063	0.10790	0.02540	0.05639	0.01541	0.05336	0.01833	0.02664	0.05755	0.03337	0.05194	0.07350	0.11200	0.00480	0.01131	0.03848	0.02621	0.00931

[dist]
# distance from previous block
# <min> <max>
17	28

[block]
# block no. 5 follows, 21 sequences, length 171
# corresponding to MSA columns:
# 118-288
name=unknown_F
#
# <colnr> <probs for GDERKNQSTAVLIFYWHMCP>
#	G	D	E	R	K	N	Q	S	T	A	V	L	I	F	Y	W	H	M	C	P
0	0.01375	0.01152	0.01539	0.19581	0.02593	0.01145	0.01185	0.01670	0.01661	0.02215	0.03574	0.11785	0.15081	0.15229	0.01566	0.00369	0.00752	0.01207	0.00563	0.15757
1	0.01546	0.01199	0.01425	0.01338	0.01659	0.01138	0.00983	0.08505	0.07438	0.02791	0.03556	0.40504	0.03888	0.01880	0.00936	0.00280	0.00591	0.01665	0.00738	0.17942
2	0.01936	0.09663	0.02422	0.01875	0.02151	0.15236	0.04644	0.02213	0.01641	0.02058	0.01648	0.02336	0.01511	0.03134	0.26810	0.00701	0.17945	0.00750	0.00420	0.00906
3	0.06061	0.05474	0.16230	0.03998	0.40605	0.07845	0.02499	0.02691	0.01916	0.02724	0.01521	0.01922	0.01236	0.00780	0.00800	0.00251	0.01086	0.00684	0.00413	0.01264
4	0.01200	0.00863	0.01091	0.01038	0.01212	0.00802	0.00750	0.01529	0.02203	0.03083	0.51960	0.06326	0.10072	0.12402	0.01522	0.00355	0.00469	0.01505	0.00864	0.00754
5	0.02015	0.02378	0.08340	0.02416	0.02752	0.09574	0.11661	0.02370	0.01609	0.02256	0.01294	0.01885	0.01147	0.01192	0.01992	0.00320	0.40805	0.00743	0.00395	0.04857
6	0.01006	0.00862	0.00862	0.00862	0.01149	0.00718	0.00647	0.01221	0.01940	0.02299	0.08621	0.08190	0.64438	0.02155	0.01006	0.00287	0.00431	0.01796	0.00790	0.00718
7	0.02326	0.66877	0.04345	0.01497	0.02209	0.06913	0.01467	0.02596	0.01767	0.02007	0.01191	0.01375	0.01092	0.00736	0.00558	0.00184	0.00945	0.00460	0.00368	0.01086
8	0.01115	0.00825	0.01146	0.01431	0.04821	0.00781	0.00923	0.01296	0.01664	0.02226	0.04508	0.62574	0.05350	0.02543	0.01077	0.00343	0.00538	0.05338	0.00769	0.00733
9	0.01037	0.00741	0.00987	0.01185	0.01234	0.00691	0.00790	0.01185	0.01629	0.02172	0.04690	0.69537	0.05629	0.02666	0.01086	0.00346	0.00494	0.02419	0.00790	0.00691
10	0.03179	0.04056	0.02412	0.02192	0.02631	0.66676	0.01644	0.03398	0.02412	0.02083	0.01315	0.01535	0.01096	0.00877	0.00767	0.00219	0.01535	0.00548	0.00438	0.00987
11	0.01707	0.04402	0.65683	0.02426	0.03683	0.01976	0.03144	0.02695	0.01797	0.02695	0.01527	0.01797	0.01078	0.00809	0.00809	0.00270	0.01258	0.00629	0.00359	0.01258
12	0.01707	0.04402	0.65683	0.02426	0.03683	0.01976	0.03144	0.02695	0.01797	0.02695	0.01527	0.01797	0.01078	0.00809	0.00809	0.00270	0.01258	0.00629	0.00359	0.01258
13	0.01030	0.00768	0.00959	0.01111	0.01215	0.00697	0.00757	0.01193	0.01700	0.02201	0.05592	0.55470	0.19114	0.02549	0.01068	0.00332	0.00479	0.02276	0.00790	0.00697
14	0.02070	0.02018	0.03545	0.08548	0.56130	0.02026	0.07884	0.02598	0.01931	0.02742	0.01607	0.02132	0.01331	0.00760	0.00857	0.00258	0.01056	0.00780	0.00420	0.01308
15	0.02831	0.02803	0.02083	0.01801	0.02257	0.32232	0.01396	0.20752	0.02748	0.03323	0.01870	0.02064	0.01451	0.00947	0.00753	0.00225	0.01093	0.00670	0.17619	0.01081
16	0.01111	0.00860	0.01012	0.00986	0.01217	0.00761	0.00735	0.01420	0.02170	0.02874	0.37513	0.10139	0.32212	0.01963	0.01009	0.00280	0.00419	0.01691	0.00867	0.00761
17	0.01707	0.04402	0.65683	0.02426	0.03683	0.01976	0.03144	0.02695	0.01797	0.02695	0.01527	0.01797	0.01078	0.00809	0.00809	0.00270	0.01258	0.00629	0.00359	0.01258
18	0.02418	0.02636	0.03228	0.04245	0.43321	0.21100	0.05390	0.02850	0.02081	0.02572	0.01523	0.01947	0.01271	0.00791	0.00829	0.00245	0.01187	0.00709	0.00427	0.01231
19	0.01985	0.02514	0.15998	0.07775	0.42423	0.04995	0.02551	0.02564	0.01918	0.02669	0.01960	0.02365	0.04802	0.00858	0.00842	0.00258	0.01061	0.00780	0.00428	0.01255
20	0.01022	0.00867	0.00884	0.00892	0.01176	0.00730	0.00678	0.01245	0.01941	0.02310	0.08444	0.08251	0.61873	0.02164	0.01013	0.00292	0.00446	0.04263	0.00790	0.00721
21	0.03059	0.03828	0.02528	0.02532	0.09588	0.59438	0.01753	0.03310	0.02359	0.02161	0.01347	0.01599	0.01124	0.00864	0.00776	0.00223	0.01476	0.00572	0.00437	0.01027
22	0.06495	0.03944	0.48807	0.02619	0.09951	0.08393	0.02801	0.02744	0.01851	0.02713	0.01493	0.01778	0.01099	0.00809	0.00791	0.00262	0.01222	0.00624	0.00384	0.01220
23	0.01987	0.01930	0.03058	0.21611	0.42940	0.04997	0.02436	0.02489	0.01898	0.02574	0.01712	0.02505	0.01461	0.00870	0.00858	0.00266	0.01057	0.03726	0.00429	0.01195
24	0.02145	0.02348	0.02145	0.24211	0.03394	0.27205	0.01703	0.02511	0.01918	0.02159	0.01671	0.02256	0.01388	0.02007	0.14339	0.00476	0.01482	0.00708	0.05020	0.00914
25	0.01049	0.00829	0.00950	0.01024	0.01222	0.00730	0.00747	0.01263	0.01862	0.02330	0.09949	0.28587	0.38271	0.02316	0.01043	0.00312	0.00472	0.05530	0.00797	0.00718
26	0.01367	0.05356	0.01352	0.01098	0.01432	0.01148	0.00859	0.05082	0.08237	0.02852	0.21147	0.06475	0.36876	0.01802	0.00954	0.00274	0.00505	0.01510	0.00811	0.00865
27	0.02320	0.02164	0.06112	0.03339	0.29693	0.02175	0.02050	0.15392	0.21040	0.03544	0.02256	0.02403	0.01735	0.00936	0.00850	0.00265	0.00906	0.00815	0.00642	0.01363
28	0.03048	0.03765	0.02324	0.02097	0.02540	0.59016	0.01581	0.06539	0.02471	0.02280	0.01808	0.01975	0.05032	0.00964	0.00787	0.00225	0.01433	0.00637	0.00483	0.00996
29	0.01977	0.18732	0.29387	0.02920	0.18834	0.02323	0.04897	0.02754	0.05625	0.02613	0.01595	0.01882	0.01253	0.00795	0.00769	0.00247	0.01086	0.00658	0.00410	0.01244
30	0.02150	0.33574	0.16374	0.02150	0.09524	0.02666	0.01919	0.05455	0.13380	0.02665	0.01764	0.01904	0.01415	0.00840	0.00706	0.00231	0.00950	0.00633	0.00484	0.01217
31	0.15211	0.01921	0.02958	0.07620	0.48137	0.01999	0.02251	0.02642	0.04177	0.02963	0.01593	0.02027	0.01309	0.00784	0.00788	0.00258	0.00942	0.00713	0.00455	0.01251
32	0.01858	0.19456	0.48335	0.02352	0.06588	0.02298	0.02729	0.02657	0.01789	0.02541	0.01452	0.01714	0.01096	0.00787	0.00750	0.00249	0.01165	0.00596	0.00364	0.01225
33	0.01020	0.00849	0.00891	0.00909	0.01165	0.00720	0.00671	0.01238	0.01930	0.02344	0.11143	0.14960	0.54856	0.02190	0.01015	0.00293	0.00436	0.01852	0.00798	0.00720
34	0.02717	0.02041	0.02173	0.01721	0.02310	0.02217	0.01404	0.46413	0.06728	0.04638	0.03471	0.03367	0.14454	0.01262	0.00884	0.00264	0.00819	0.00988	0.00840	0.01292
35	0.01299	0.00950	0.01173	0.01249	0.01405	0.00926	0.00893	0.07870	0.01980	0.02626	0.08452	0.49801	0.10844	0.02367	0.01052	0.00328	0.00543	0.04648	0.00805	0.00787
36	0.02675	0.01550	0.02031	0.15232	0.02893	0.01633	0.01485	0.03719	0.21668	0.29215	0.06423	0.03050	0.02395	0.01082	0.00866	0.00276	0.00774	0.00907	0.00848	0.01277
37	0.02076	0.16897	0.03531	0.02614	0.08863	0.06212	0.13039	0.02414	0.01652	0.02240	0.01304	0.01842	0.01166	0.01074	0.01667	0.00295	0.30953	0.00721	0.00390	0.01051
38	0.01648	0.01145	0.01262	0.01140	0.01280	0.01198	0.00742	0.13714	0.01806	0.02413	0.02550	0.04844	0.02755	0.55898	0.03616	0.00708	0.00848	0.01141	0.00585	0.00707
39	0.02106	0.02022	0.03454	0.05223	0.64784	0.02022	0.02612	0.02612	0.01938	0.02780	0.01601	0.02106	0.01348	0.00758	0.00842	0.00253	0.01011	0.00758	0.00421	0.01348
40	0.01216	0.00912	0.01368	0.01368	0.01520	0.01064	0.01064	0.01520	0.01368	0.01976	0.02279	0.03343	0.02127	0.06382	0.66720	0.01368	0.02279	0.00912	0.00456	0.00760
41	0.02084	0.01503	0.01797	0.01300	0.02041	0.01153	0.01046	0.02455	0.01869	0.12519	0.01800	0.01941	0.01392	0.00696	0.00665	0.00147	0.00645	0.00559	0.00590	0.63798
42	0.03235	0.02384	0.02554	0.01958	0.02639	0.02639	0.01618	0.61946	0.04001	0.05363	0.02043	0.02043	0.01447	0.01022	0.00851	0.00255	0.00936	0.00766	0.00851	0.01447
43	0.02009	0.02296	0.05022	0.03587	0.04448	0.02152	0.61693	0.02726	0.02009	0.02726	0.01722	0.02296	0.01291	0.00717	0.01004	0.00287	0.01435	0.01004	0.00430	0.01148
44	0.02080	0.01984	0.03321	0.08369	0.58150	0.02020	0.02528	0.02695	0.05355	0.02792	0.01700	0.02175	0.01407	0.00785	0.00844	0.00256	0.00999	0.00770	0.00444	0.01327
45	0.01101	0.00767	0.00969	0.01103	0.01137	0.00734	0.00703	0.01202	0.01505	0.02007	0.04053	0.49230	0.04824	0.24071	0.02116	0.00498	0.00599	0.02044	0.00703	0.00635
46	0.01216	0.00912	0.01368	0.01368	0.01520	0.01064	0.01064	0.01520	0.01368	0.01976	0.02279	0.03343	0.02127	0.06382	0.66720	0.01368	0.02279	0.00912	0.00456	0.00760
47	0.02106	0.02022	0.03454	0.05223	0.64784	0.02022	0.02612	0.02612	0.01938	0.02780	0.01601	0.02106	0.01348	0.00758	0.00842	0.00253	0.01011	0.00758	0.00421	0.01348
48	0.03818	0.01448	0.01975	0.01514	0.02172	0.01251	0.01251	0.04147	0.02436	0.65373	0.03357	0.02897	0.02107	0.01053	0.00856	0.00263	0.00724	0.00856	0.01053	0.01448
49	0.02939	0.03407	0.02666	0.02862	0.16884	0.44857	0.01863	0.09611	0.02477	0.02601	0.01460	0.01721	0.01192	0.00866	0.00794	0.00231	0.01349	0.00620	0.00480	0.01120
50	0.01753	0.07540	0.55491	0.06203	0.07149	0.02046	0.02983	0.02654	0.01796	0.02635	0.01513	0.01818	0.01097	0.00804	0.00799	0.00265	0.01219	0.00634	0.00364	0.01237
51	0.01727	0.04282	0.62550	0.02566	0.06759	0.01979	0.03117	0.02691	0.01804	0.02699	0.01531	0.01812	0.01092	0.00806	0.00810	0.00269	0.01245	0.00635	0.00362	0.01262
52	0.01732	0.07376	0.62933	0.02382	0.03616	0.02039	0.03068	0.02688	0.01794	0.02664	0.01512	0.01777	0.01079	0.00805	0.00797	0.00266	0.01242	0.00621	0.00360	0.01250
53	0.01006	0.00862	0.00862	0.00862	0.01149	0.00718	0.00647	0.01221	0.01940	0.02299	0.08621	0.08190	0.64438	0.02155	0.01006	0.00287	0.00431	0.01796	0.00790	0.00718
54	0.02808	0.03373	0.02835	0.03157	0.21264	0.44594	0.04520	0.03134	0.02253	0.02319	0.01418	0.01738	0.01180	0.00835	0.00800	0.00232	0.01374	0.00630	0.00433	0.01101
55	0.01030	0.00766	0.00962	0.01119	0.01217	0.00697	0.00760	0.01192	0.01693	0.02198	0.05498	0.56929	0.17715	0.02561	0.01070	0.00334	0.00481	0.02291	0.00790	0.00697
56	0.01009	0.00848	0.00876	0.00898	0.01159	0.00715	0.00663	0.01217	0.01905	0.02285	0.08181	0.15057	0.57855	0.02212	0.01015	0.00294	0.00438	0.01866	0.00790	0.00715
57	0.01884	0.01854	0.02869	0.41313	0.26916	0.05944	0.02409	0.02408	0.01831	0.02387	0.01532	0.02165	0.01209	0.00819	0.00843	0.00268	0.01115	0.00744	0.00397	0.01093
58	0.02085	0.02000	0.03416	0.07901	0.62273	0.02016	0.02601	0.02593	0.01928	0.02754	0.01597	0.02113	0.01339	0.00762	0.00843	0.00254	0.01016	0.00758	0.00419	0.01331
59	0.03177	0.02355	0.02521	0.01946	0.02617	0.02612	0.01603	0.58968	0.07074	0.05270	0.02117	0.02102	0.01507	0.01028	0.00852	0.00257	0.00923	0.00776	0.00852	0.01442
60	0.01707	0.04402	0.65683	0.02426	0.03683	0.01976	0.03144	0.02695	0.01797	0.02695	0.01527	0.01797	0.01078	0.00809	0.00809	0.00270	0.01258	0.00629	0.00359	0.01258
61	0.63215	0.01658	0.01407	0.05326	0.01970	0.01931	0.01058	0.02708	0.08382	0.03688	0.01460	0.01638	0.01122	0.00835	0.00585	0.00267	0.00689	0.00535	0.00555	0.00971
62	0.02009	0.02296	0.05022	0.03587	0.04448	0.02152	0.61693	0.02726	0.02009	0.02726	0.01722	0.02296	0.01291	0.00717	0.01004	0.00287	0.01435	0.01004	0.00430	0.01148
63	0.01216	0.00912	0.01368	0.01368	0.01520	0.01064	0.01064	0.01520	0.01368	0.01976	0.02279	0.03343	0.02127	0.06382	0.66720	0.01368	0.02279	0.00912	0.00456	0.00760
64	0.01216	0.00912	0.01368	0.01368	0.01520	0.01064	0.01064	0.01520	0.01368	0.01976	0.02279	0.03343	0.02127	0.06382	0.66720	0.01368	0.02279	0.00912	0.00456	0.00760
65	0.01067	0.00762	0.01022	0.01219	0.01282	0.00717	0.00842	0.01237	0.01659	0.02206	0.04674	0.64175	0.05563	0.02638	0.01094	0.00350	0.00520	0.07486	0.00789	0.00699
66	0.01765	0.01513	0.01765	0.01260	0.02017	0.01134	0.01008	0.02143	0.01765	0.02773	0.01513	0.01765	0.01260	0.00630	0.00630	0.00126	0.00630	0.00504	0.00504	0.75295
67	0.01027	0.00779	0.00948	0.01082	0.01207	0.00700	0.00744	0.01196	0.01728	0.02213	0.05938	0.50062	0.24298	0.02504	0.01061	0.00327	0.00474	0.02221	0.00790	0.00700
68	0.01707	0.04402	0.65683	0.02426	0.03683	0.01976	0.03144	0.02695	0.01797	0.02695	0.01527	0.01797	0.01078	0.00809	0.00809	0.00270	0.01258	0.00629	0.00359	0.01258
69	0.01586	0.00793	0.00793	0.00793	0.00991	0.00793	0.00595	0.01983	0.01785	0.03173	0.02776	0.03173	0.02181	0.00991	0.00595	0.00198	0.00397	0.00793	0.74817	0.00793
70	0.01707	0.04402	0.65683	0.02426	0.03683	0.01976	0.03144	0.02695	0.01797	0.02695	0.01527	0.01797	0.01078	0.00809	0.00809	0.00270	0.01258	0.00629	0.00359	0.01258
71	0.07208	0.03923	0.02347	0.02133	0.02576	0.63097	0.01604	0.03349	0.02358	0.02179	0.01308	0.01526	0.01087	0.00872	0.00754	0.00222	0.01486	0.00543	0.00443	0.00983
72	0.03235	0.02384	0.02554	0.01958	0.02639	0.02639	0.01618	0.61946	0.04001	0.05363	0.02043	0.02043	0.01447	0.01022	0.00851	0.00255	0.00936	0.00766	0.00851	0.01447
73	0.02117	0.01828	0.01924	0.01732	0.02213	0.02117	0.01347	0.04522	0.63246	0.03560	0.03464	0.03175	0.02598	0.01155	0.00866	0.00289	0.00673	0.00962	0.00866	0.01347
74	0.01023	0.00868	0.00886	0.00896	0.01179	0.00731	0.00681	0.01247	0.01941	0.02311	0.08426	0.08257	0.61618	0.02165	0.01014	0.00292	0.00448	0.04509	0.00790	0.00722
75	0.01060	0.00864	0.00937	0.00919	0.01183	0.00741	0.00689	0.01326	0.02068	0.02602	0.23797	0.07691	0.49073	0.02042	0.01005	0.00282	0.00423	0.01726	0.00830	0.00741
76	0.01607	0.01513	0.02552	0.68047	0.05861	0.01891	0.02363	0.02174	0.01702	0.02174	0.01513	0.02269	0.01134	0.00851	0.00851	0.00284	0.01134	0.00756	0.00378	0.00945
77	0.01034	0.00794	0.00947	0.01055	0.01204	0.00707	0.00736	0.01221	0.01789	0.02285	0.09289	0.42767	0.28275	0.02422	0.01051	0.00319	0.00465	0.02135	0.00798	0.00707
78	0.01055	0.00864	0.00931	0.00914	0.01180	0.00739	0.00685	0.01317	0.02056	0.02576	0.22471	0.07734	0.50415	0.02052	0.01005	0.00282	0.00424	0.01732	0.00827	0.00739
79	0.02814	0.30959	0.03239	0.01895	0.02450	0.41082	0.01568	0.03055	0.02136	0.02050	0.01262	0.01466	0.01095	0.00817	0.00678	0.00204	0.01282	0.00510	0.00408	0.01029
80	0.01006	0.00862	0.00862	0.00862	0.01149	0.00718	0.00647	0.01221	0.01940	0.02299	0.08621	0.08190	0.64438	0.02155	0.01006	0.00287	0.00431	0.01796	0.00790	0.00718
81	0.02327	0.02440	0.03240	0.04601	0.52011	0.15309	0.02413	0.02773	0.02035	0.02637	0.01542	0.01989	0.01296	0.00783	0.00827	0.00246	0.01119	0.00715	0.00425	0.01274
82	0.02993	0.17732	0.02832	0.02041	0.02539	0.53665	0.01606	0.03224	0.02271	0.02066	0.01288	0.01500	0.01095	0.00846	0.00722	0.00212	0.01406	0.00529	0.00423	0.01008
83	0.02198	0.02195	0.03365	0.04965	0.59482	0.07537	0.02529	0.02679	0.01978	0.02721	0.01576	0.02057	0.01327	0.00768	0.00836	0.00250	0.01056	0.00740	0.00423	0.01317
84	0.01370	0.00919	0.01118	0.01039	0.01310	0.00814	0.00790	0.01702	0.02251	0.08576	0.39867	0.06673	0.26749	0.01820	0.00991	0.00274	0.00440	0.01566	0.00897	0.00832
85	0.03005	0.02270	0.02425	0.01912	0.02552	0.02532	0.01562	0.50145	0.16177	0.04993	0.02335	0.02276	0.01684	0.01049	0.00854	0.00262	0.00882	0.00806	0.00854	0.01427
86	0.03235	0.02384	0.02554	0.01958	0.02639	0.02639	0.01618	0.61946	0.04001	0.05363	0.02043	0.02043	0.01447	0.01022	0.00851	0.00255	0.00936	0.00766	0.00851	0.01447
87	0.01765	0.01513	0.01765	0.01260	0.02017	0.01134	0.01008	0.02143	0.01765	0.02773	0.01513	0.01765	0.01260	0.00630	0.00630	0.00126	0.00630	0.00504	0.00504	0.75295
88	0.01006	0.00862	0.00862	0.00862	0.01149	0.00718	0.00647	0.01221	0.01940	0.02299	0.08621	0.08190	0.64438	0.02155	0.01006	0.00287	0.00431	0.01796	0.00790	0.00718
89	0.01192	0.00806	0.00942	0.00987	0.00998	0.00794	0.00579	0.01225	0.01327	0.01770	0.03142	0.20237	0.03675	0.54631	0.03587	0.00715	0.00749	0.01509	0.00579	0.00556
90	0.01607	0.01513	0.02552	0.68047	0.05861	0.01891	0.02363	0.02174	0.01702	0.02174	0.01513	0.02269	0.01134	0.00851	0.00851	0.00284	0.01134	0.00756	0.00378	0.00945
91	0.01586	0.00793	0.00793	0.00793	0.00991	0.00793	0.00595	0.01983	0.01785	0.03173	0.02776	0.03173	0.02181	0.00991	0.00595	0.00198	0.00397	0.00793	0.74817	0.00793
92	0.01204	0.00870	0.01138	0.01071	0.01271	0.00803	0.00803	0.01606	0.02409	0.03413	0.64335	0.06357	0.08030	0.01740	0.01004	0.00268	0.00401	0.01539	0.00937	0.00803
93	0.01607	0.01513	0.02552	0.68047	0.05861	0.01891	0.02363	0.02174	0.01702	0.02174	0.01513	0.02269	0.01134	0.00851	0.00851	0.00284	0.01134	0.00756	0.00378	0.00945
94	0.03179	0.04056	0.02412	0.02192	0.02631	0.66676	0.01644	0.03398	0.02412	0.02083	0.01315	0.01535	0.01096	0.00877	0.00767	0.00219	0.01535	0.00548	0.00438	0.00987
95	0.03235	0.02384	0.02554	0.01958	0.02639	0.02639	0.01618	0.61946	0.04001	0.05363	0.02043	0.02043	0.01447	0.01022	0.00851	0.00255	0.00936	0.00766	0.00851	0.01447
96	0.02075	0.01990	0.03398	0.09108	0.61141	0.02014	0.02596	0.02585	0.01923	0.02743	0.01595	0.02116	0.01335	0.00764	0.00843	0.00255	0.01019	0.00758	0.00419	0.01323
97	0.01238	0.00825	0.00928	0.00928	0.00928	0.00825	0.00516	0.01238	0.01238	0.01650	0.02681	0.05569	0.03094	0.70092	0.04331	0.00825	0.00825	0.01238	0.00516	0.00516
98	0.76103	0.01646	0.01251	0.01119	0.01646	0.01909	0.00922	0.02502	0.01448	0.03818	0.01185	0.01382	0.00922	0.00790	0.00527	0.00263	0.00658	0.00461	0.00527	0.00922
99	0.01037	0.00741	0.00987	0.01185	0.01234	0.00691	0.00790	0.01185	0.01629	0.02172	0.04690	0.69537	0.05629	0.02666	0.01086	0.00346	0.00494	0.02419	0.00790	0.00691
100	0.01607	0.01513	0.02552	0.68047	0.05861	0.01891	0.02363	0.02174	0.01702	0.02174	0.01513	0.02269	0.01134	0.00851	0.00851	0.00284	0.01134	0.00756	0.00378	0.00945
101	0.02015	0.02568	0.17724	0.04582	0.50773	0.02012	0.02734	0.02631	0.01905	0.02761	0.01584	0.02035	0.01286	0.00770	0.00835	0.00257	0.01068	0.00729	0.00407	0.01327
102	0.02652	0.03056	0.02924	0.03682	0.33179	0.34898	0.02120	0.03012	0.02179	0.02426	0.01456	0.01816	0.01220	0.00819	0.00804	0.00236	0.01277	0.00651	0.00430	0.01164
103	0.01707	0.04402	0.65683	0.02426	0.03683	0.01976	0.03144	0.02695	0.01797	0.02695	0.01527	0.01797	0.01078	0.00809	0.00809	0.00270	0.01258	0.00629	0.00359	0.01258
104	0.01745	0.01653	0.02802	0.50680	0.22149	0.01927	0.02432	0.02295	0.01767	0.02342	0.01537	0.02224	0.01193	0.00825	0.00849	0.00275	0.01100	0.00757	0.00390	0.01057
105	0.01847	0.01561	0.01886	0.04751	0.09093	0.01705	0.01366	0.06152	0.31815	0.03337	0.16021	0.06754	0.07410	0.01337	0.00908	0.00281	0.00665	0.01153	0.00801	0.01156
106	0.01238	0.00825	0.00928	0.00928	0.00928	0.00825	0.00516	0.01238	0.01238	0.01650	0.02681	0.05569	0.03094	0.70092	0.04331	0.00825	0.00825	0.01238	0.00516	0.00516
107	0.01238	0.00825	0.00928	0.00928	0.00928	0.00825	0.00516	0.01238	0.01238	0.01650	0.02681	0.05569	0.03094	0.70092	0.04331	0.00825	0.00825	0.01238	0.00516	0.00516
108	0.01238	0.00825	0.00928	0.00928	0.00928	0.00825	0.00516	0.01238	0.01238	0.01650	0.02681	0.05569	0.03094	0.70092	0.04331	0.00825	0.00825	0.01238	0.00516	0.00516
109	0.01232	0.00847	0.01042	0.01042	0.01081	0.00887	0.00657	0.01311	0.01271	0.01734	0.02577	0.04993	0.02844	0.53612	0.20470	0.00965	0.01201	0.01153	0.00500	0.00579
110	0.01216	0.00912	0.01368	0.01368	0.01520	0.01064	0.01064	0.01520	0.01368	0.01976	0.02279	0.03343	0.02127	0.06382	0.66720	0.01368	0.02279	0.00912	0.00456	0.00760
111	0.03235	0.02384	0.02554	0.01958	0.02639	0.02639	0.01618	0.61946	0.04001	0.05363	0.02043	0.02043	0.01447	0.01022	0.00851	0.00255	0.00936	0.00766	0.00851	0.01447
112	0.02911	0.02196	0.02348	0.01863	0.02470	0.02446	0.01510	0.47269	0.16046	0.04817	0.02365	0.02443	0.01762	0.04321	0.01019	0.00289	0.00877	0.00829	0.00838	0.01383
113	0.01225	0.00820	0.00932	0.00944	0.00947	0.00817	0.00533	0.01234	0.01262	0.01682	0.02806	0.09524	0.03251	0.65924	0.04131	0.00795	0.00805	0.01311	0.00533	0.00527
114	0.01017	0.00860	0.00865	0.00865	0.01138	0.00724	0.00640	0.01222	0.01904	0.02266	0.08322	0.08058	0.61350	0.05576	0.01173	0.00314	0.00451	0.01768	0.00776	0.00708
115	0.01586	0.00793	0.00793	0.00793	0.00991	0.00793	0.00595	0.01983	0.01785	0.03173	0.02776	0.03173	0.02181	0.00991	0.00595	0.00198	0.00397	0.00793	0.74817	0.00793
116	0.03141	0.02337	0.02501	0.01939	0.02603	0.02595	0.01595	0.57099	0.09002	0.05211	0.02163	0.02139	0.01544	0.01033	0.00853	0.00258	0.00914	0.00783	0.00853	0.01439
117	0.01238	0.00825	0.00928	0.00928	0.00928	0.00825	0.00516	0.01238	0.01238	0.01650	0.02681	0.05569	0.03094	0.70092	0.04331	0.00825	0.00825	0.01238	0.00516	0.00516
118	0.01346	0.00815	0.00886	0.00886	0.00948	0.00815	0.00540	0.01469	0.01407	0.02123	0.02711	0.04825	0.02810	0.48629	0.03171	0.00630	0.00692	0.01100	0.23594	0.00602
119	0.01238	0.00825	0.00928	0.00928	0.00928	0.00825	0.00516	0.01238	0.01238	0.01650	0.02681	0.05569	0.03094	0.70092	0.04331	0.00825	0.00825	0.01238	0.00516	0.00516
120	0.01444	0.01080	0.01243	0.01252	0.01407	0.01133	0.00856	0.05119	0.14286	0.02451	0.03618	0.30673	0.03926	0.25074	0.02126	0.00491	0.00666	0.01632	0.00716	0.00807
121	0.01371	0.00980	0.01371	0.01567	0.01763	0.00980	0.01371	0.01763	0.01959	0.02547	0.04506	0.09599	0.04898	0.02351	0.01175	0.00392	0.00784	0.59056	0.00784	0.00784
122	0.76103	0.01646	0.01251	0.01119	0.01646	0.01909	0.00922	0.02502	0.01448	0.03818	0.01185	0.01382	0.00922	0.00790	0.00527	0.00263	0.00658	0.00461	0.00527	0.00922
123	0.01106	0.00843	0.01020	0.01052	0.01248	0.00758	0.00777	0.01383	0.02040	0.02689	0.27760	0.21784	0.26980	0.02133	0.01033	0.00300	0.00455	0.05050	0.00843	0.00747
124	0.01478	0.00739	0.01109	0.01109	0.01109	0.00739	0.00739	0.01109	0.01109	0.01478	0.01478	0.02587	0.01478	0.02956	0.03326	0.75240	0.00739	0.00739	0.00370	0.00370
125	0.02009	0.02296	0.05022	0.03587	0.04448	0.02152	0.61693	0.02726	0.02009	0.02726	0.01722	0.02296	0.01291	0.00717	0.01004	0.00287	0.01435	0.01004	0.00430	0.01148
126	0.01216	0.00912	0.01368	0.01368	0.01520	0.01064	0.01064	0.01520	0.01368	0.01976	0.02279	0.03343	0.02127	0.06382	0.66720	0.01368	0.02279	0.00912	0.00456	0.00760
127	0.02166	0.02136	0.03396	0.05054	0.61303	0.05643	0.02558	0.02656	0.01964	0.02741	0.01585	0.02074	0.01334	0.00765	0.00838	0.00251	0.01040	0.00746	0.00422	0.01328
128	0.02106	0.02022	0.03454	0.05223	0.64784	0.02022	0.02612	0.02612	0.01938	0.02780	0.01601	0.02106	0.01348	0.00758	0.00842	0.00253	0.01011	0.00758	0.00421	0.01348
129	0.01323	0.00948	0.01303	0.01423	0.01620	0.00928	0.01206	0.01717	0.02090	0.02799	0.21924	0.08655	0.05809	0.02173	0.01125	0.00356	0.00672	0.42311	0.00828	0.00789
130	0.31890	0.02731	0.12608	0.02424	0.15184	0.16795	0.01802	0.02762	0.01827	0.03021	0.01357	0.01634	0.01075	0.00806	0.00693	0.00252	0.01031	0.00570	0.00457	0.01080
131	0.02106	0.02022	0.03454	0.05223	0.64784	0.02022	0.02612	0.02612	0.01938	0.02780	0.01601	0.02106	0.01348	0.00758	0.00842	0.00253	0.01011	0.00758	0.00421	0.01348
132	0.02106	0.02022	0.03454	0.05223	0.64784	0.02022	0.02612	0.02612	0.01938	0.02780	0.01601	0.02106	0.01348	0.00758	0.00842	0.00253	0.01011	0.00758	0.00421	0.01348
133	0.02060	0.01975	0.03370	0.11068	0.59302	0.02010	0.02589	0.02571	0.01916	0.02724	0.01593	0.02121	0.01328	0.00767	0.00843	0.00256	0.01022	0.00758	0.00417	0.01311
134	0.01238	0.00825	0.00928	0.00928	0.00928	0.00825	0.00516	0.01238	0.01238	0.01650	0.02681	0.05569	0.03094	0.70092	0.04331	0.00825	0.00825	0.01238	0.00516	0.00516
135	0.01037	0.00741	0.00987	0.01185	0.01234	0.00691	0.00790	0.01185	0.01629	0.02172	0.04690	0.69537	0.05629	0.02666	0.01086	0.00346	0.00494	0.02419	0.00790	0.00691
136	0.01006	0.00862	0.00862	0.00862	0.01149	0.00718	0.00647	0.01221	0.01940	0.02299	0.08621	0.08190	0.64438	0.02155	0.01006	0.00287	0.00431	0.01796	0.00790	0.00718
137	0.02769	0.34218	0.03340	0.01859	0.02428	0.37982	0.01559	0.03013	0.02102	0.02046	0.01255	0.01458	0.01094	0.00809	0.00667	0.00202	0.01252	0.00506	0.00405	0.01034
138	0.01216	0.00912	0.01368	0.01368	0.01520	0.01064	0.01064	0.01520	0.01368	0.01976	0.02279	0.03343	0.02127	0.06382	0.66720	0.01368	0.02279	0.00912	0.00456	0.00760
139	0.01006	0.00862	0.00862	0.00862	0.01149	0.00718	0.00647	0.01221	0.01940	0.02299	0.08621	0.08190	0.64438	0.02155	0.01006	0.00287	0.00431	0.01796	0.00790	0.00718
140	0.01768	0.01285	0.01545	0.01508	0.01780	0.01338	0.01179	0.19252	0.02411	0.03207	0.03864	0.34717	0.04213	0.02103	0.01039	0.00330	0.00696	0.16022	0.00806	0.00937
141	0.15440	0.05735	0.02417	0.01987	0.02208	0.15687	0.01628	0.02432	0.01578	0.02370	0.01173	0.01684	0.01077	0.01200	0.01858	0.00312	0.39214	0.00639	0.00413	0.00949
142	0.03179	0.04056	0.02412	0.02192	0.02631	0.66676	0.01644	0.03398	0.02412	0.02083	0.01315	0.01535	0.01096	0.00877	0.00767	0.00219	0.01535	0.00548	0.00438	0.00987
143	0.01030	0.00768	0.00959	0.01111	0.01215	0.00697	0.00757	0.01193	0.01700	0.02201	0.05592	0.55470	0.19114	0.02549	0.01068	0.00332	0.00479	0.02276	0.00790	0.00697
144	0.03193	0.03640	0.02447	0.02134	0.02633	0.50745	0.01638	0.17964	0.02807	0.02899	0.01496	0.01661	0.01184	0.00913	0.00788	0.00228	0.01386	0.00602	0.00541	0.01101
145	0.02117	0.16184	0.04051	0.04042	0.36908	0.02331	0.17072	0.02627	0.01913	0.02607	0.01545	0.02001	0.01281	0.00742	0.00822	0.00247	0.01096	0.00757	0.00412	0.01246
146	0.01946	0.05586	0.11861	0.01528	0.02352	0.01547	0.01429	0.08943	0.02018	0.03012	0.01557	0.01780	0.01245	0.00707	0.00678	0.00166	0.00776	0.00550	0.00514	0.51804
147	0.01066	0.00864	0.00946	0.00926	0.01187	0.00744	0.00694	0.01339	0.02083	0.02638	0.25598	0.07631	0.47249	0.02029	0.01005	0.00281	0.00422	0.01718	0.00835	0.00744
148	0.01006	0.00862	0.00862	0.00862	0.01149	0.00718	0.00647	0.01221	0.01940	0.02299	0.08621	0.08190	0.64438	0.02155	0.01006	0.00287	0.00431	0.01796	0.00790	0.00718
149	0.06987	0.22118	0.02638	0.01667	0.02167	0.27995	0.01363	0.02862	0.07547	0.02394	0.05631	0.02625	0.08678	0.01043	0.00738	0.00228	0.01042	0.00746	0.00527	0.01005
150	0.01014	0.00830	0.00896	0.00948	0.01172	0.00711	0.00685	0.01212	0.01857	0.02265	0.07570	0.24590	0.48716	0.02292	0.01027	0.00303	0.00448	0.01963	0.00790	0.00711
151	0.07428	0.03203	0.02231	0.01990	0.02467	0.40882	0.01523	0.08860	0.17629	0.02851	0.01907	0.01979	0.01490	0.00954	0.00784	0.00242	0.01213	0.00665	0.00587	0.01113
152	0.05797	0.52943	0.03646	0.01415	0.02020	0.06070	0.01325	0.02416	0.01742	0.02172	0.01642	0.08714	0.01621	0.00958	0.00616	0.00206	0.00859	0.00686	0.04131	0.01021
153	0.02799	0.02137	0.02282	0.01837	0.02422	0.02389	0.01479	0.41780	0.21330	0.04634	0.02496	0.02565	0.01874	0.04733	0.01041	0.00295	0.00853	0.00849	0.00838	0.01368
154	0.13914	0.33813	0.03016	0.01551	0.02066	0.12912	0.01361	0.02483	0.01712	0.02301	0.01379	0.01744	0.01235	0.01722	0.11443	0.00404	0.04980	0.00561	0.00417	0.00985
155	0.01238	0.00825	0.00928	0.00928	0.00928	0.00825	0.00516	0.01238	0.01238	0.01650	0.02681	0.05569	0.03094	0.70092	0.04331	0.00825	0.00825	0.01238	0.00516	0.00516
156	0.01765	0.01513	0.01765	0.01260	0.02017	0.01134	0.01008	0.02143	0.01765	0.02773	0.01513	0.01765	0.01260	0.00630	0.00630	0.00126	0.00630	0.00504	0.00504	0.75295
157	0.01478	0.00739	0.01109	0.01109	0.01109	0.00739	0.00739	0.01109	0.01109	0.01478	0.01478	0.02587	0.01478	0.02956	0.03326	0.75240	0.00739	0.00739	0.00370	0.00370
158	0.01341	0.00927	0.01089	0.01042	0.01131	0.00937	0.00670	0.04730	0.01641	0.02240	0.15291	0.05396	0.03956	0.48238	0.07310	0.00712	0.00834	0.01253	0.00617	0.00642
159	0.02275	0.37349	0.07096	0.02008	0.05805	0.12553	0.01736	0.02573	0.01749	0.02107	0.01230	0.01570	0.01112	0.00931	0.01126	0.00240	0.16536	0.00562	0.00380	0.01063
160	0.02275	0.70604	0.04459	0.01456	0.02184	0.03367	0.01456	0.02548	0.01729	0.02002	0.01183	0.01365	0.01092	0.00728	0.00546	0.00182	0.00910	0.00455	0.00364	0.01092
161	0.01227	0.00867	0.01140	0.01140	0.01213	0.00940	0.00780	0.01374	0.01300	0.01807	0.02488	0.04496	0.02628	0.39372	0.34415	0.01087	0.01526	0.01080	0.00487	0.00633
162	0.01697	0.01339	0.01809	0.02166	0.14586	0.01357	0.01343	0.13315	0.02182	0.02939	0.03719	0.37117	0.06691	0.01917	0.00990	0.00308	0.00695	0.04125	0.00726	0.00978
163	0.01857	0.04201	0.01568	0.01366	0.01749	0.01297	0.01116	0.02611	0.15251	0.13006	0.05115	0.06064	0.21863	0.01913	0.03648	0.00347	0.00709	0.14497	0.00816	0.01007
164	0.01080	0.00772	0.01035	0.01221	0.01292	0.00727	0.00852	0.01264	0.01698	0.02265	0.07212	0.60471	0.05653	0.02593	0.01092	0.00347	0.00521	0.08405	0.00796	0.00706
