[name]
unknown

[dist]
# distance from previous block
# <min> <max>
0	0

[block]
# block no. 0 follows, 21 sequences, length 197
# corresponding to MSA columns:
# 0-196
name=unknown_A
#
# <colnr> <probs for GDERKNQSTAVLIFYWHMCP>
#	G	D	E	R	K	N	Q	S	T	A	V	L	I	F	Y	W	H	M	C	P
0	0.01371	0.00980	0.01371	0.01567	0.01763	0.00980	0.01371	0.01763	0.01959	0.02547	0.04506	0.09599	0.04898	0.02351	0.01175	0.00392	0.00784	0.59056	0.00784	0.00784
1	0.03665	0.01453	0.01959	0.01495	0.02161	0.01242	0.01233	0.03998	0.02386	0.60696	0.03220	0.02812	0.02043	0.01022	0.00839	0.00253	0.00717	0.00830	0.01012	0.06965
2	0.01586	0.00793	0.00793	0.00793	0.00991	0.00793	0.00595	0.01983	0.01785	0.03173	0.02776	0.03173	0.02181	0.00991	0.00595	0.00198	0.00397	0.00793	0.74817	0.00793
3	0.01007	0.00857	0.00868	0.00876	0.01153	0.00717	0.00653	0.01220	0.01926	0.02293	0.08447	0.10908	0.61833	0.02178	0.01009	0.00290	0.00434	0.01824	0.00790	0.00717
4	0.03179	0.04056	0.02412	0.02192	0.02631	0.66676	0.01644	0.03398	0.02412	0.02083	0.01315	0.01535	0.01096	0.00877	0.00767	0.00219	0.01535	0.00548	0.00438	0.00987
5	0.01887	0.03244	0.33860	0.03422	0.18612	0.02036	0.19264	0.02684	0.01889	0.02724	0.01599	0.02010	0.01202	0.00771	0.00871	0.00270	0.01247	0.00764	0.00394	0.01249
6	0.58222	0.01698	0.01577	0.01388	0.01787	0.02077	0.01148	0.02392	0.01413	0.03392	0.01169	0.01498	0.00969	0.00958	0.01072	0.00290	0.17007	0.00529	0.00489	0.00924
7	0.12480	0.15272	0.35755	0.02390	0.10280	0.05044	0.02406	0.02663	0.01779	0.02717	0.01418	0.01688	0.01091	0.00789	0.00725	0.00249	0.01095	0.00586	0.00395	0.01180
8	0.01846	0.01474	0.01734	0.01294	0.01976	0.01163	0.01024	0.04751	0.01878	0.05466	0.01916	0.08277	0.01720	0.00859	0.00693	0.00158	0.00635	0.00713	0.00570	0.61852
9	0.01076	0.00896	0.00948	0.00972	0.01236	0.00789	0.00729	0.01388	0.04590	0.02352	0.07746	0.15006	0.52117	0.02179	0.01017	0.00299	0.00466	0.04653	0.00793	0.00746
10	0.02554	0.02455	0.02144	0.01879	0.02383	0.17751	0.01462	0.13557	0.38993	0.03496	0.02716	0.02597	0.02050	0.01066	0.00840	0.00267	0.00924	0.00831	0.00761	0.01276
11	0.02006	0.01666	0.01891	0.01406	0.02124	0.01444	0.01128	0.10758	0.08276	0.03215	0.01784	0.01946	0.01421	0.00738	0.00685	0.00161	0.00677	0.00587	0.00589	0.57498
12	0.01628	0.01534	0.02590	0.65458	0.08290	0.01896	0.02374	0.02192	0.01711	0.02199	0.01516	0.02262	0.01143	0.00847	0.00850	0.00282	0.01129	0.00756	0.00380	0.00962
13	0.01190	0.00869	0.01117	0.01055	0.01262	0.00797	0.00791	0.01577	0.02374	0.03329	0.60172	0.06494	0.12244	0.01771	0.01004	0.00269	0.00404	0.01558	0.00926	0.00797
14	0.02106	0.02022	0.03454	0.05223	0.64784	0.02022	0.02612	0.02612	0.01938	0.02780	0.01601	0.02106	0.01348	0.00758	0.00842	0.00253	0.01011	0.00758	0.00421	0.01348
15	0.01232	0.00846	0.01034	0.01034	0.01071	0.00883	0.00648	0.01306	0.01269	0.01728	0.02585	0.05033	0.02861	0.54747	0.19358	0.00956	0.01175	0.01159	0.00501	0.00574
16	0.01958	0.01871	0.03187	0.23831	0.47331	0.01983	0.02538	0.02482	0.01868	0.02601	0.01575	0.02154	0.01285	0.00786	0.00845	0.00262	0.01048	0.00758	0.00408	0.01229
17	0.02117	0.01828	0.01924	0.01732	0.02213	0.02117	0.01347	0.04522	0.63246	0.03560	0.03464	0.03175	0.02598	0.01155	0.00866	0.00289	0.00673	0.00962	0.00866	0.01347
18	0.01075	0.00865	0.00958	0.00935	0.01192	0.00748	0.00701	0.01355	0.02103	0.02687	0.28032	0.07551	0.44786	0.02010	0.01005	0.00280	0.00421	0.01706	0.00841	0.00748
19	0.01855	0.02155	0.08307	0.17175	0.04050	0.02215	0.26833	0.02405	0.01719	0.02405	0.01484	0.02125	0.01190	0.00980	0.01480	0.00310	0.21021	0.00846	0.00397	0.01048
20	0.02106	0.02022	0.03454	0.05223	0.64784	0.02022	0.02612	0.02612	0.01938	0.02780	0.01601	0.02106	0.01348	0.00758	0.00842	0.00253	0.01011	0.00758	0.00421	0.01348
21	0.01023	0.00859	0.00867	0.00867	0.01133	0.00726	0.00637	0.01223	0.01887	0.02250	0.08177	0.07994	0.59855	0.07231	0.01254	0.00328	0.00460	0.01754	0.00770	0.00703
22	0.02303	0.02428	0.03159	0.09255	0.46814	0.16126	0.02382	0.02751	0.02024	0.02583	0.01532	0.01994	0.01277	0.00791	0.00827	0.00248	0.01135	0.00712	0.00422	0.01239
23	0.02214	0.42549	0.10940	0.01675	0.02390	0.06016	0.01637	0.03095	0.16959	0.02472	0.01793	0.01871	0.01462	0.00850	0.00667	0.00220	0.00923	0.00605	0.00491	0.01169
24	0.02016	0.12074	0.11059	0.03171	0.04054	0.02305	0.47355	0.02698	0.01948	0.02621	0.01627	0.02115	0.01242	0.00728	0.00920	0.00270	0.01343	0.00890	0.00414	0.01151
25	0.01894	0.02137	0.13418	0.03711	0.39063	0.01732	0.02241	0.02450	0.01855	0.02798	0.01846	0.02319	0.01500	0.01103	0.04217	0.00303	0.01003	0.00751	0.14461	0.01197
26	0.01216	0.00912	0.01368	0.01368	0.01520	0.01064	0.01064	0.01520	0.01368	0.01976	0.02279	0.03343	0.02127	0.06382	0.66720	0.01368	0.02279	0.00912	0.00456	0.00760
27	0.01095	0.00874	0.00987	0.00984	0.01238	0.00766	0.00755	0.01381	0.02079	0.02647	0.24596	0.07774	0.42795	0.02050	0.01020	0.00291	0.00453	0.06637	0.00833	0.00749
28	0.02955	0.02230	0.02400	0.01861	0.02526	0.02426	0.01524	0.49156	0.10751	0.04890	0.02157	0.02148	0.01564	0.00998	0.00831	0.00246	0.00875	0.00763	0.00818	0.08881
29	0.01863	0.20637	0.47400	0.02247	0.03353	0.02329	0.05784	0.02660	0.01791	0.02526	0.01452	0.01716	0.01093	0.00784	0.00754	0.00249	0.01181	0.00606	0.00364	0.01211
30	0.02009	0.02296	0.05022	0.03587	0.04448	0.02152	0.61693	0.02726	0.02009	0.02726	0.01722	0.02296	0.01291	0.00717	0.01004	0.00287	0.01435	0.01004	0.00430	0.01148
31	0.03818	0.01448	0.01975	0.01514	0.02172	0.01251	0.01251	0.04147	0.02436	0.65373	0.03357	0.02897	0.02107	0.01053	0.00856	0.00263	0.00724	0.00856	0.01053	0.01448
32	0.01306	0.01045	0.01541	0.01489	0.01620	0.01280	0.01176	0.01594	0.01359	0.01986	0.02117	0.03136	0.01986	0.05697	0.57767	0.01228	0.11558	0.00888	0.00444	0.00784
33	0.01037	0.00741	0.00987	0.01185	0.01234	0.00691	0.00790	0.01185	0.01629	0.02172	0.04690	0.69537	0.05629	0.02666	0.01086	0.00346	0.00494	0.02419	0.00790	0.00691
34	0.01122	0.00867	0.01024	0.00984	0.01221	0.00768	0.00738	0.01447	0.02215	0.02952	0.41274	0.07116	0.31378	0.01912	0.01005	0.00276	0.00414	0.01645	0.00876	0.00768
35	0.01765	0.01513	0.01765	0.01260	0.02017	0.01134	0.01008	0.02143	0.01765	0.02773	0.01513	0.01765	0.01260	0.00630	0.00630	0.00126	0.00630	0.00504	0.00504	0.75295
36	0.01844	0.20347	0.50937	0.02192	0.03322	0.02311	0.02738	0.02660	0.01780	0.02528	0.01444	0.01693	0.01081	0.00789	0.00745	0.00248	0.01174	0.00587	0.00360	0.01218
37	0.03179	0.04056	0.02412	0.02192	0.02631	0.66676	0.01644	0.03398	0.02412	0.02083	0.01315	0.01535	0.01096	0.00877	0.00767	0.00219	0.01535	0.00548	0.00438	0.00987
38	0.24288	0.29062	0.18093	0.01644	0.02418	0.07326	0.01717	0.02633	0.01712	0.02718	0.01276	0.01487	0.01038	0.00777	0.00620	0.00230	0.00965	0.00506	0.00417	0.01073
39	0.72801	0.01608	0.01230	0.01105	0.01617	0.01860	0.00907	0.02479	0.01463	0.03790	0.01255	0.01462	0.00977	0.00799	0.00530	0.00260	0.00647	0.00476	0.03819	0.00916
40	0.02019	0.01700	0.01784	0.01616	0.02066	0.01945	0.01254	0.04160	0.55454	0.03465	0.03682	0.03437	0.05795	0.01195	0.00853	0.00282	0.00640	0.00993	0.06387	0.01273
41	0.03678	0.01674	0.02114	0.01621	0.02285	0.01585	0.01339	0.18069	0.02813	0.50919	0.03041	0.02691	0.01948	0.01046	0.00855	0.00261	0.00775	0.00834	0.01005	0.01448
42	0.01133	0.00867	0.01039	0.00996	0.01228	0.00773	0.00747	0.01468	0.02241	0.03013	0.44356	0.07014	0.28257	0.01889	0.01004	0.00275	0.00412	0.01631	0.00884	0.00773
43	0.01216	0.00912	0.01368	0.01368	0.01520	0.01064	0.01064	0.01520	0.01368	0.01976	0.02279	0.03343	0.02127	0.06382	0.66720	0.01368	0.02279	0.00912	0.00456	0.00760
44	0.01030	0.00767	0.00960	0.01114	0.01216	0.00697	0.00759	0.01193	0.01697	0.02200	0.05548	0.56145	0.18467	0.02555	0.01069	0.00333	0.00480	0.02283	0.00790	0.00697
45	0.03235	0.02384	0.02554	0.01958	0.02639	0.02639	0.01618	0.61946	0.04001	0.05363	0.02043	0.02043	0.01447	0.01022	0.00851	0.00255	0.00936	0.00766	0.00851	0.01447
46	0.01216	0.00912	0.01368	0.01368	0.01520	0.01064	0.01064	0.01520	0.01368	0.01976	0.02279	0.03343	0.02127	0.06382	0.66720	0.01368	0.02279	0.00912	0.00456	0.00760
47	0.01707	0.04402	0.65683	0.02426	0.03683	0.01976	0.03144	0.02695	0.01797	0.02695	0.01527	0.01797	0.01078	0.00809	0.00809	0.00270	0.01258	0.00629	0.00359	0.01258
48	0.01037	0.00741	0.00987	0.01185	0.01234	0.00691	0.00790	0.01185	0.01629	0.02172	0.04690	0.69537	0.05629	0.02666	0.01086	0.00346	0.00494	0.02419	0.00790	0.00691
49	0.03179	0.04056	0.02412	0.02192	0.02631	0.66676	0.01644	0.03398	0.02412	0.02083	0.01315	0.01535	0.01096	0.00877	0.00767	0.00219	0.01535	0.00548	0.00438	0.00987
50	0.01895	0.01806	0.03073	0.31805	0.39853	0.01966	0.02507	0.02427	0.01838	0.02524	0.01563	0.02175	0.01258	0.00797	0.00846	0.00266	0.01063	0.00757	0.00403	0.01178
51	0.02295	0.01992	0.02020	0.01779	0.02282	0.05039	0.01392	0.11233	0.53576	0.03707	0.03201	0.02969	0.02396	0.01127	0.00860	0.00282	0.00743	0.00921	0.00845	0.01343
52	0.01037	0.00741	0.00987	0.01185	0.01234	0.00691	0.00790	0.01185	0.01629	0.02172	0.04690	0.69537	0.05629	0.02666	0.01086	0.00346	0.00494	0.02419	0.00790	0.00691
53	0.01707	0.04402	0.65683	0.02426	0.03683	0.01976	0.03144	0.02695	0.01797	0.02695	0.01527	0.01797	0.01078	0.00809	0.00809	0.00270	0.01258	0.00629	0.00359	0.01258
54	0.02444	0.02603	0.02152	0.16296	0.03054	0.30614	0.01608	0.05440	0.07709	0.05573	0.02598	0.06154	0.07928	0.01134	0.00843	0.00257	0.01138	0.00879	0.00566	0.01010
55	0.01021	0.00863	0.00883	0.00878	0.01159	0.00725	0.00658	0.01250	0.01975	0.02382	0.12783	0.08053	0.60224	0.02124	0.01006	0.00286	0.00429	0.01777	0.00801	0.00725
56	0.01238	0.00825	0.00928	0.00928	0.00928	0.00825	0.00516	0.01238	0.01238	0.01650	0.02681	0.05569	0.03094	0.70092	0.04331	0.00825	0.00825	0.01238	0.00516	0.00516
57	0.02279	0.02579	0.03148	0.18838	0.14320	0.23192	0.15066	0.02743	0.02027	0.02359	0.01541	0.02052	0.01235	0.01051	0.03674	0.00304	0.01359	0.00749	0.00420	0.01064
58	0.02009	0.02008	0.03010	0.29340	0.36294	0.07810	0.02428	0.02513	0.01889	0.02482	0.01541	0.02118	0.01242	0.00805	0.00839	0.00262	0.01106	0.00739	0.00406	0.01159
59	0.01216	0.00912	0.01368	0.01368	0.01520	0.01064	0.01064	0.01520	0.01368	0.01976	0.02279	0.03343	0.02127	0.06382	0.66720	0.01368	0.02279	0.00912	0.00456	0.00760
60	0.03235	0.02384	0.02554	0.01958	0.02639	0.02639	0.01618	0.61946	0.04001	0.05363	0.02043	0.02043	0.01447	0.01022	0.00851	0.00255	0.00936	0.00766	0.00851	0.01447
61	0.01331	0.01145	0.01173	0.01117	0.01461	0.01128	0.00852	0.02188	0.19903	0.02668	0.07110	0.06721	0.46318	0.01862	0.00965	0.00288	0.00502	0.01552	0.00812	0.00903
62	0.03139	0.03771	0.02474	0.02298	0.05354	0.56363	0.01684	0.10204	0.02577	0.02497	0.01413	0.01619	0.01148	0.00889	0.00780	0.00225	0.01442	0.00583	0.00486	0.01056
63	0.76103	0.01646	0.01251	0.01119	0.01646	0.01909	0.00922	0.02502	0.01448	0.03818	0.01185	0.01382	0.00922	0.00790	0.00527	0.00263	0.00658	0.00461	0.00527	0.00922
64	0.01644	0.01598	0.01596	0.01548	0.01762	0.15387	0.01190	0.01930	0.01596	0.01999	0.02069	0.02948	0.01902	0.05181	0.52322	0.01117	0.02117	0.00832	0.00452	0.00809
65	0.01371	0.00980	0.01371	0.01567	0.01763	0.00980	0.01371	0.01763	0.01959	0.02547	0.04506	0.09599	0.04898	0.02351	0.01175	0.00392	0.00784	0.59056	0.00784	0.00784
66	0.60184	0.02172	0.01504	0.01353	0.01861	0.16048	0.01079	0.02697	0.01659	0.03439	0.01213	0.01416	0.00960	0.00809	0.00579	0.00254	0.00850	0.00480	0.00507	0.00936
67	0.01195	0.00870	0.01124	0.01060	0.01265	0.00799	0.00795	0.01587	0.02386	0.03358	0.61588	0.06447	0.10811	0.01760	0.01004	0.00269	0.00403	0.01552	0.00930	0.00799
68	0.03124	0.03940	0.02386	0.02168	0.02609	0.63317	0.01629	0.03457	0.05577	0.02160	0.01427	0.01620	0.01174	0.00891	0.00772	0.00223	0.01490	0.00570	0.00461	0.01005
69	0.07265	0.04196	0.60869	0.02328	0.03531	0.01971	0.02978	0.02681	0.01771	0.02779	0.01502	0.01766	0.01066	0.00807	0.00787	0.00269	0.01213	0.00616	0.00372	0.01233
70	0.01238	0.00825	0.00928	0.00928	0.00928	0.00825	0.00516	0.01238	0.01238	0.01650	0.02681	0.05569	0.03094	0.70092	0.04331	0.00825	0.00825	0.01238	0.00516	0.00516
71	0.01118	0.00867	0.01018	0.00980	0.01219	0.00766	0.00735	0.01439	0.02206	0.02930	0.40194	0.07151	0.32472	0.01920	0.01005	0.00276	0.00414	0.01650	0.00873	0.00766
72	0.01935	0.01848	0.03145	0.26732	0.44610	0.01977	0.02527	0.02462	0.01857	0.02573	0.01571	0.02162	0.01275	0.00790	0.00845	0.00263	0.01053	0.00758	0.00406	0.01210
73	0.01371	0.00980	0.01371	0.01567	0.01763	0.00980	0.01371	0.01763	0.01959	0.02547	0.04506	0.09599	0.04898	0.02351	0.01175	0.00392	0.00784	0.59056	0.00784	0.00784
74	0.01586	0.00793	0.00793	0.00793	0.00991	0.00793	0.00595	0.01983	0.01785	0.03173	0.02776	0.03173	0.02181	0.00991	0.00595	0.00198	0.00397	0.00793	0.74817	0.00793
75	0.01216	0.00912	0.01368	0.01368	0.01520	0.01064	0.01064	0.01520	0.01368	0.01976	0.02279	0.03343	0.02127	0.06382	0.66720	0.01368	0.02279	0.00912	0.00456	0.00760
76	0.02135	0.54260	0.19575	0.01695	0.02554	0.03024	0.01873	0.02584	0.01746	0.02173	0.01268	0.01472	0.01089	0.00748	0.00611	0.00204	0.00996	0.00498	0.00363	0.01133
77	0.01239	0.00904	0.01332	0.01332	0.01487	0.01047	0.01035	0.01548	0.01393	0.02049	0.02310	0.03333	0.02131	0.06051	0.62652	0.01296	0.02164	0.00904	0.05031	0.00762
78	0.03179	0.04056	0.02412	0.02192	0.02631	0.66676	0.01644	0.03398	0.02412	0.02083	0.01315	0.01535	0.01096	0.00877	0.00767	0.00219	0.01535	0.00548	0.00438	0.00987
79	0.01037	0.00741	0.00987	0.01185	0.01234	0.00691	0.00790	0.01185	0.01629	0.02172	0.04690	0.69537	0.05629	0.02666	0.01086	0.00346	0.00494	0.02419	0.00790	0.00691
80	0.01037	0.00741	0.00987	0.01185	0.01234	0.00691	0.00790	0.01185	0.01629	0.02172	0.04690	0.69537	0.05629	0.02666	0.01086	0.00346	0.00494	0.02419	0.00790	0.00691
81	0.01765	0.01513	0.01765	0.01260	0.02017	0.01134	0.01008	0.02143	0.01765	0.02773	0.01513	0.01765	0.01260	0.00630	0.00630	0.00126	0.00630	0.00504	0.00504	0.75295
82	0.02076	0.02013	0.03498	0.08197	0.58517	0.02023	0.05921	0.02597	0.01930	0.02748	0.01603	0.02125	0.01334	0.00760	0.00852	0.00256	0.01041	0.00772	0.00420	0.01317
83	0.02376	0.02612	0.02417	0.02708	0.17307	0.29108	0.01741	0.05277	0.02059	0.02368	0.01648	0.02160	0.01430	0.02254	0.17314	0.00522	0.04502	0.00708	0.00454	0.01035
84	0.01976	0.01889	0.03219	0.21618	0.49407	0.01988	0.02547	0.02498	0.01876	0.02622	0.01578	0.02149	0.01292	0.00782	0.00845	0.00261	0.01043	0.00758	0.00410	0.01243
85	0.02750	0.03370	0.02184	0.02012	0.02388	0.52353	0.01518	0.02988	0.02184	0.02059	0.01526	0.01929	0.01321	0.02079	0.15165	0.00470	0.01697	0.00627	0.00442	0.00937
86	0.02086	0.02001	0.03417	0.07832	0.62337	0.02017	0.02601	0.02594	0.01928	0.02755	0.01597	0.02113	0.01339	0.00762	0.00843	0.00254	0.01016	0.00758	0.00419	0.01331
87	0.02332	0.34772	0.21897	0.01922	0.02734	0.18590	0.01997	0.02801	0.01917	0.02225	0.01317	0.01533	0.01089	0.00788	0.00678	0.00217	0.01166	0.00529	0.00381	0.01115
88	0.01128	0.00936	0.00995	0.00968	0.01253	0.00839	0.00730	0.01543	0.06612	0.02611	0.19157	0.07456	0.48761	0.01999	0.00995	0.00284	0.00443	0.01683	0.00825	0.00782
89	0.01037	0.00741	0.00987	0.01185	0.01234	0.00691	0.00790	0.01185	0.01629	0.02172	0.04690	0.69537	0.05629	0.02666	0.01086	0.00346	0.00494	0.02419	0.00790	0.00691
90	0.01373	0.00998	0.01388	0.01344	0.01488	0.01186	0.01055	0.01683	0.01451	0.02245	0.02251	0.03132	0.02020	0.04630	0.44759	0.00995	0.09669	0.00866	0.16679	0.00787
91	0.01216	0.00912	0.01368	0.01368	0.01520	0.01064	0.01064	0.01520	0.01368	0.01976	0.02279	0.03343	0.02127	0.06382	0.66720	0.01368	0.02279	0.00912	0.00456	0.00760
92	0.01006	0.00862	0.00862	0.00862	0.01149	0.00718	0.00647	0.01221	0.01940	0.02299	0.08621	0.08190	0.64438	0.02155	0.01006	0.00287	0.00431	0.01796	0.00790	0.00718
93	0.01238	0.00825	0.00928	0.00928	0.00928	0.00825	0.00516	0.01238	0.01238	0.01650	0.02681	0.05569	0.03094	0.70092	0.04331	0.00825	0.00825	0.01238	0.00516	0.00516
94	0.01997	0.01911	0.03257	0.18938	0.51921	0.01993	0.02558	0.02516	0.01886	0.02648	0.01581	0.02142	0.01301	0.00778	0.00844	0.00259	0.01038	0.00758	0.00412	0.01260
95	0.02609	0.01944	0.02132	0.01735	0.02273	0.02095	0.01386	0.42126	0.06314	0.04417	0.02660	0.16817	0.02406	0.01363	0.00890	0.00269	0.00808	0.01121	0.00817	0.05820
96	0.03094	0.02306	0.02477	0.01907	0.02582	0.02527	0.01569	0.55586	0.06969	0.05124	0.02088	0.02087	0.01497	0.01007	0.00840	0.00250	0.00906	0.00762	0.00833	0.05593
97	0.02483	0.02737	0.03088	0.04157	0.42926	0.24760	0.02272	0.02888	0.02104	0.02535	0.01500	0.01905	0.01259	0.00800	0.00816	0.00241	0.01195	0.00684	0.00427	0.01221
98	0.02697	0.02048	0.02246	0.01716	0.02388	0.02104	0.01399	0.41488	0.03231	0.04450	0.02019	0.05289	0.01599	0.00988	0.00798	0.00222	0.00825	0.00771	0.00747	0.22973
99	0.02398	0.01758	0.01957	0.01664	0.02104	0.01897	0.01302	0.38807	0.03098	0.04148	0.03051	0.27746	0.03040	0.01648	0.00941	0.00290	0.00768	0.01396	0.00828	0.01159
100	0.02555	0.22959	0.03379	0.02975	0.23384	0.21415	0.01912	0.07256	0.02169	0.02538	0.01426	0.01715	0.01206	0.00804	0.00733	0.00222	0.01129	0.00607	0.00441	0.01174
101	0.01743	0.01589	0.04209	0.01437	0.01819	0.05071	0.01158	0.07091	0.20303	0.03428	0.32263	0.04754	0.08738	0.01453	0.00931	0.00271	0.00622	0.01235	0.00849	0.01035
102	0.57346	0.07604	0.07748	0.06272	0.02199	0.02035	0.01285	0.02499	0.01524	0.03438	0.01242	0.01487	0.00967	0.00791	0.00579	0.00259	0.00772	0.00498	0.00486	0.00970
103	0.01534	0.01198	0.01396	0.01349	0.01558	0.05993	0.01045	0.04776	0.01657	0.02382	0.02290	0.03110	0.02027	0.04674	0.45879	0.01003	0.01797	0.00855	0.14659	0.00818
104	0.01006	0.00862	0.00862	0.00862	0.01149	0.00718	0.00647	0.01221	0.01940	0.02299	0.08621	0.08190	0.64438	0.02155	0.01006	0.00287	0.00431	0.01796	0.00790	0.00718
105	0.01707	0.04402	0.65683	0.02426	0.03683	0.01976	0.03144	0.02695	0.01797	0.02695	0.01527	0.01797	0.01078	0.00809	0.00809	0.00270	0.01258	0.00629	0.00359	0.01258
106	0.01216	0.00912	0.01368	0.01368	0.01520	0.01064	0.01064	0.01520	0.01368	0.01976	0.02279	0.03343	0.02127	0.06382	0.66720	0.01368	0.02279	0.00912	0.00456	0.00760
107	0.01958	0.01871	0.03187	0.23831	0.47331	0.01983	0.02538	0.02482	0.01868	0.02601	0.01575	0.02154	0.01285	0.00786	0.00845	0.00262	0.01048	0.00758	0.00408	0.01229
108	0.01535	0.09374	0.01986	0.01523	0.01661	0.01728	0.01208	0.01726	0.01359	0.01920	0.01909	0.03226	0.01948	0.20012	0.24795	0.00802	0.21173	0.00889	0.00435	0.00789
109	0.01238	0.00825	0.00928	0.00928	0.00928	0.00825	0.00516	0.01238	0.01238	0.01650	0.02681	0.05569	0.03094	0.70092	0.04331	0.00825	0.00825	0.01238	0.00516	0.00516
110	0.01238	0.00825	0.00928	0.00928	0.00928	0.00825	0.00516	0.01238	0.01238	0.01650	0.02681	0.05569	0.03094	0.70092	0.04331	0.00825	0.00825	0.01238	0.00516	0.00516
111	0.02009	0.02296	0.05022	0.03587	0.04448	0.02152	0.61693	0.02726	0.02009	0.02726	0.01722	0.02296	0.01291	0.00717	0.01004	0.00287	0.01435	0.01004	0.00430	0.01148
112	0.01079	0.00829	0.00988	0.01025	0.01214	0.00738	0.00739	0.01335	0.01999	0.02621	0.25427	0.25769	0.28826	0.02173	0.01029	0.00298	0.00440	0.01898	0.00837	0.00738
113	0.01037	0.00741	0.00987	0.01185	0.01234	0.00691	0.00790	0.01185	0.01629	0.02172	0.04690	0.69537	0.05629	0.02666	0.01086	0.00346	0.00494	0.02419	0.00790	0.00691
114	0.01978	0.02337	0.07390	0.03377	0.04154	0.02198	0.52089	0.02645	0.01916	0.02645	0.01642	0.02223	0.01261	0.00812	0.01206	0.00296	0.09327	0.00957	0.00420	0.01127
115	0.01755	0.01663	0.02820	0.49439	0.23314	0.01930	0.02437	0.02304	0.01772	0.02354	0.01539	0.02221	0.01198	0.00823	0.00848	0.00274	0.01098	0.00757	0.00391	0.01065
116	0.01037	0.00741	0.00987	0.01185	0.01234	0.00691	0.00790	0.01185	0.01629	0.02172	0.04690	0.69537	0.05629	0.02666	0.01086	0.00346	0.00494	0.02419	0.00790	0.00691
117	0.03235	0.02384	0.02554	0.01958	0.02639	0.02639	0.01618	0.61946	0.04001	0.05363	0.02043	0.02043	0.01447	0.01022	0.00851	0.00255	0.00936	0.00766	0.00851	0.01447
118	0.32783	0.01851	0.05689	0.01478	0.02123	0.01771	0.01290	0.12116	0.02234	0.27610	0.02169	0.02089	0.01465	0.00927	0.00719	0.00263	0.00762	0.00669	0.00767	0.01224
119	0.01222	0.00888	0.01247	0.01247	0.01357	0.00998	0.00913	0.01442	0.01332	0.01886	0.02390	0.03954	0.02393	0.23871	0.49594	0.01219	0.01880	0.01001	0.00472	0.00693
120	0.01037	0.00741	0.00987	0.01185	0.01234	0.00691	0.00790	0.01185	0.01629	0.02172	0.04690	0.69537	0.05629	0.02666	0.01086	0.00346	0.00494	0.02419	0.00790	0.00691
121	0.01238	0.00825	0.00928	0.00928	0.00928	0.00825	0.00516	0.01238	0.01238	0.01650	0.02681	0.05569	0.03094	0.70092	0.04331	0.00825	0.00825	0.01238	0.00516	0.00516
122	0.01607	0.01513	0.02552	0.68047	0.05861	0.01891	0.02363	0.02174	0.01702	0.02174	0.01513	0.02269	0.01134	0.00851	0.00851	0.00284	0.01134	0.00756	0.00378	0.00945
123	0.02106	0.02022	0.03454	0.05223	0.64784	0.02022	0.02612	0.02612	0.01938	0.02780	0.01601	0.02106	0.01348	0.00758	0.00842	0.00253	0.01011	0.00758	0.00421	0.01348
124	0.01037	0.00741	0.00987	0.01185	0.01234	0.00691	0.00790	0.01185	0.01629	0.02172	0.04690	0.69537	0.05629	0.02666	0.01086	0.00346	0.00494	0.02419	0.00790	0.00691
125	0.01073	0.00865	0.00955	0.00932	0.01191	0.00747	0.00699	0.01351	0.02098	0.02675	0.27420	0.07571	0.45405	0.02015	0.01005	0.00281	0.00421	0.01709	0.00840	0.00747
126	0.01371	0.00980	0.01371	0.01567	0.01763	0.00980	0.01371	0.01763	0.01959	0.02547	0.04506	0.09599	0.04898	0.02351	0.01175	0.00392	0.00784	0.59056	0.00784	0.00784
127	0.02117	0.01828	0.01924	0.01732	0.02213	0.02117	0.01347	0.04522	0.63246	0.03560	0.03464	0.03175	0.02598	0.01155	0.00866	0.00289	0.00673	0.00962	0.00866	0.01347
128	0.01707	0.04402	0.65683	0.02426	0.03683	0.01976	0.03144	0.02695	0.01797	0.02695	0.01527	0.01797	0.01078	0.00809	0.00809	0.00270	0.01258	0.00629	0.00359	0.01258
129	0.01936	0.02803	0.19632	0.03307	0.04264	0.02110	0.47591	0.02719	0.01958	0.02719	0.01675	0.02175	0.01240	0.00739	0.00957	0.00283	0.01392	0.00914	0.00413	0.01174
130	0.01707	0.04402	0.65683	0.02426	0.03683	0.01976	0.03144	0.02695	0.01797	0.02695	0.01527	0.01797	0.01078	0.00809	0.00809	0.00270	0.01258	0.00629	0.00359	0.01258
131	0.02106	0.02022	0.03454	0.05223	0.64784	0.02022	0.02612	0.02612	0.01938	0.02780	0.01601	0.02106	0.01348	0.00758	0.00842	0.00253	0.01011	0.00758	0.00421	0.01348
132	0.01163	0.00794	0.00950	0.01023	0.01042	0.00775	0.00617	0.01218	0.01383	0.01844	0.03427	0.29295	0.04034	0.45084	0.03128	0.00647	0.00702	0.01676	0.00617	0.00581
133	0.03179	0.04056	0.02412	0.02192	0.02631	0.66676	0.01644	0.03398	0.02412	0.02083	0.01315	0.01535	0.01096	0.00877	0.00767	0.00219	0.01535	0.00548	0.00438	0.00987
134	0.01204	0.00870	0.01138	0.01071	0.01271	0.00803	0.00803	0.01606	0.02409	0.03413	0.64335	0.06357	0.08030	0.01740	0.01004	0.00268	0.00401	0.01539	0.00937	0.00803
135	0.01054	0.00753	0.01007	0.01205	0.01262	0.00706	0.00820	0.01215	0.01646	0.02192	0.04681	0.66418	0.05590	0.02650	0.01091	0.00348	0.00509	0.05366	0.00790	0.00696
136	0.01006	0.00862	0.00862	0.00862	0.01149	0.00718	0.00647	0.01221	0.01940	0.02299	0.08621	0.08190	0.64438	0.02155	0.01006	0.00287	0.00431	0.01796	0.00790	0.00718
137	0.02107	0.02012	0.03378	0.05049	0.61649	0.02027	0.02548	0.02707	0.05009	0.02819	0.01694	0.02160	0.01411	0.00778	0.00844	0.00255	0.00994	0.00768	0.00444	0.01348
138	0.01862	0.01862	0.02607	0.02234	0.02234	0.02607	0.01862	0.02048	0.01303	0.02048	0.01117	0.01862	0.01117	0.01489	0.02793	0.00372	0.68535	0.00745	0.00372	0.00931
139	0.01037	0.00741	0.00987	0.01185	0.01234	0.00691	0.00790	0.01185	0.01629	0.02172	0.04690	0.69537	0.05629	0.02666	0.01086	0.00346	0.00494	0.02419	0.00790	0.00691
140	0.02117	0.01828	0.01924	0.01732	0.02213	0.02117	0.01347	0.04522	0.63246	0.03560	0.03464	0.03175	0.02598	0.01155	0.00866	0.00289	0.00673	0.00962	0.00866	0.01347
141	0.02839	0.01950	0.02098	0.01665	0.02227	0.02126	0.01357	0.42075	0.07074	0.08147	0.02364	0.02407	0.01715	0.01025	0.00796	0.00245	0.00790	0.00789	0.17010	0.01298
142	0.01241	0.01109	0.01838	0.01632	0.01915	0.01017	0.14050	0.01530	0.01787	0.02324	0.04989	0.40082	0.18847	0.02118	0.01049	0.00319	0.00684	0.01960	0.00712	0.00797
143	0.02021	0.01845	0.02897	0.03822	0.40144	0.04919	0.07771	0.02506	0.01930	0.02838	0.01889	0.02360	0.01536	0.00818	0.00793	0.00241	0.00926	0.00780	0.18790	0.01174
144	0.02121	0.02257	0.01695	0.01552	0.01906	0.25495	0.01158	0.05682	0.10748	0.02533	0.06865	0.04300	0.19021	0.09460	0.01281	0.00323	0.00946	0.01084	0.00648	0.00924
145	0.02625	0.01940	0.02118	0.01682	0.02229	0.02095	0.01367	0.44237	0.03500	0.04709	0.16133	0.03444	0.07590	0.01263	0.00896	0.00260	0.00782	0.01012	0.00865	0.01252
146	0.02140	0.02279	0.03506	0.12145	0.29171	0.10650	0.16618	0.02640	0.01933	0.02535	0.01539	0.02076	0.01254	0.00839	0.01040	0.00271	0.06995	0.00788	0.00416	0.01165
147	0.01698	0.02503	0.25394	0.06050	0.17720	0.01588	0.02180	0.02297	0.01897	0.05360	0.03566	0.03893	0.17643	0.01216	0.00886	0.00275	0.00937	0.03250	0.00533	0.01114
148	0.02719	0.02524	0.06506	0.02668	0.16171	0.10276	0.01873	0.31894	0.06019	0.04031	0.05395	0.02276	0.01785	0.00980	0.00846	0.00254	0.01004	0.00782	0.00681	0.01316
149	0.02032	0.01524	0.04472	0.01452	0.01910	0.01417	0.01186	0.10806	0.13494	0.11460	0.19133	0.11651	0.06602	0.01435	0.00907	0.00267	0.00636	0.01223	0.00840	0.07553
150	0.02371	0.02311	0.02496	0.02272	0.05857	0.14527	0.01746	0.08355	0.09915	0.05376	0.01672	0.02047	0.01393	0.01226	0.01784	0.00310	0.33981	0.00744	0.00526	0.01090
151	0.01962	0.01847	0.02766	0.03413	0.31565	0.04717	0.05060	0.05669	0.02105	0.02944	0.16663	0.03078	0.02917	0.01112	0.01153	0.00273	0.10104	0.00948	0.00564	0.01139
152	0.01708	0.04093	0.58389	0.02454	0.03637	0.01939	0.07418	0.02651	0.01839	0.02728	0.04229	0.02029	0.01391	0.00842	0.00831	0.00271	0.01234	0.00696	0.00389	0.01230
153	0.01851	0.01761	0.02993	0.37349	0.34653	0.01955	0.02485	0.02388	0.01817	0.02470	0.01556	0.02189	0.01239	0.00806	0.00847	0.00269	0.01074	0.00757	0.00399	0.01142
154	0.01217	0.00908	0.01346	0.01346	0.01490	0.01052	0.01037	0.01506	0.01361	0.01959	0.02299	0.03453	0.02175	0.09523	0.63644	0.01341	0.02208	0.00928	0.00459	0.00748
155	0.03117	0.09354	0.02632	0.02058	0.02594	0.42052	0.01620	0.20795	0.02827	0.03055	0.01521	0.01672	0.01201	0.00907	0.00773	0.00227	0.01302	0.00605	0.00555	0.01133
156	0.01758	0.01026	0.01337	0.01187	0.01490	0.00950	0.00915	0.02235	0.05142	0.15565	0.49653	0.05536	0.06625	0.01579	0.00969	0.00268	0.00477	0.01379	0.00956	0.00954
157	0.76103	0.01646	0.01251	0.01119	0.01646	0.01909	0.00922	0.02502	0.01448	0.03818	0.01185	0.01382	0.00922	0.00790	0.00527	0.00263	0.00658	0.00461	0.00527	0.00922
158	0.01079	0.00865	0.00963	0.00939	0.01194	0.00750	0.00704	0.01363	0.02112	0.02709	0.29111	0.07516	0.43692	0.02002	0.01005	0.00280	0.00420	0.01702	0.00844	0.00750
159	0.02009	0.02296	0.05022	0.03587	0.04448	0.02152	0.61693	0.02726	0.02009	0.02726	0.01722	0.02296	0.01291	0.00717	0.01004	0.00287	0.01435	0.01004	0.00430	0.01148
160	0.01404	0.01079	0.01309	0.01215	0.01477	0.01090	0.00922	0.02243	0.15690	0.03445	0.51047	0.05662	0.06844	0.01612	0.00974	0.00272	0.00461	0.01413	0.00921	0.00922
161	0.02762	0.18798	0.03016	0.01896	0.02459	0.05646	0.01622	0.34624	0.02914	0.03832	0.01643	0.01826	0.01289	0.01026	0.01112	0.00256	0.12718	0.00678	0.00632	0.01251
162	0.01173	0.00869	0.01094	0.01038	0.01252	0.00790	0.00778	0.01546	0.02335	0.03238	0.55586	0.06645	0.16887	0.01805	0.01004	0.00271	0.00406	0.01579	0.00914	0.00790
163	0.01952	0.02037	0.07049	0.21313	0.45773	0.01985	0.02580	0.02504	0.01868	0.02618	0.01573	0.02129	0.01276	0.00785	0.00843	0.00262	0.01058	0.00750	0.00406	0.01238
164	0.01960	0.01873	0.03190	0.23635	0.47515	0.01984	0.02539	0.02484	0.01869	0.02603	0.01575	0.02154	0.01285	0.00785	0.00845	0.00262	0.01047	0.00758	0.00409	0.01230
165	0.01742	0.04154	0.58541	0.02562	0.03773	0.01997	0.10037	0.02699	0.01822	0.02699	0.01550	0.01855	0.01103	0.00798	0.00832	0.00272	0.01279	0.00673	0.00368	0.01245
166	0.02283	0.04937	0.01730	0.01444	0.01812	0.17995	0.01114	0.10771	0.08878	0.03108	0.02308	0.02651	0.01852	0.04568	0.00895	0.00253	0.00833	0.00754	0.30823	0.00990
167	0.01879	0.01763	0.02932	0.12296	0.46676	0.01793	0.02264	0.02363	0.01960	0.02744	0.08823	0.02962	0.05927	0.00962	0.00871	0.00260	0.00925	0.00907	0.00495	0.01200
168	0.58184	0.02310	0.16770	0.01434	0.02137	0.01925	0.01457	0.02548	0.01532	0.03548	0.01267	0.01482	0.00959	0.00794	0.00595	0.00265	0.00803	0.00501	0.00486	0.01003
169	0.01784	0.01598	0.01541	0.01421	0.01810	0.06378	0.01091	0.03153	0.33716	0.03047	0.08546	0.04738	0.21170	0.01459	0.00895	0.00277	0.00635	0.01206	0.04462	0.01073
170	0.03187	0.03822	0.02432	0.02160	0.02632	0.57708	0.01641	0.11597	0.02634	0.02542	0.01417	0.01606	0.01145	0.00897	0.00779	0.00224	0.01451	0.00579	0.00496	0.01051
171	0.03691	0.01477	0.01971	0.01530	0.02175	0.01315	0.01258	0.04175	0.06979	0.60755	0.03365	0.02917	0.02143	0.01061	0.00857	0.00265	0.00720	0.00864	0.01039	0.01441
172	0.01186	0.00869	0.01112	0.01051	0.01260	0.00795	0.00788	0.01570	0.02365	0.03309	0.59130	0.06528	0.13300	0.01779	0.01004	0.00269	0.00404	0.01563	0.00923	0.00795
173	0.01586	0.00793	0.00793	0.00793	0.00991	0.00793	0.00595	0.01983	0.01785	0.03173	0.02776	0.03173	0.02181	0.00991	0.00595	0.00198	0.00397	0.00793	0.74817	0.00793
174	0.02109	0.47507	0.12985	0.02102	0.11116	0.02834	0.01825	0.02525	0.01806	0.02291	0.04841	0.01812	0.01516	0.00801	0.00651	0.00209	0.00946	0.00584	0.00404	0.01136
175	0.01371	0.00980	0.01371	0.01567	0.01763	0.00980	0.01371	0.01763	0.01959	0.02547	0.04506	0.09599	0.04898	0.02351	0.01175	0.00392	0.00784	0.59056	0.00784	0.00784
176	0.01301	0.01069	0.01432	0.15704	0.02324	0.01103	0.01168	0.01802	0.05522	0.02802	0.28761	0.05971	0.20967	0.01660	0.00974	0.00285	0.00608	0.04942	0.00763	0.00841
177	0.02382	0.62769	0.04218	0.01543	0.02237	0.10821	0.01478	0.02648	0.01810	0.02012	0.01199	0.01385	0.01093	0.00746	0.00572	0.00186	0.00984	0.00466	0.00373	0.01080
178	0.02572	0.02309	0.11354	0.03106	0.16761	0.01942	0.19734	0.10012	0.02304	0.18133	0.02102	0.02306	0.01491	0.00855	0.00890	0.00268	0.01090	0.00839	0.00619	0.01313
179	0.02232	0.01437	0.01525	0.01286	0.01676	0.01546	0.01026	0.26030	0.02656	0.03999	0.02460	0.02727	0.01884	0.01243	0.03629	0.00273	0.00697	0.00788	0.41833	0.01054
180	0.01586	0.00793	0.00793	0.00793	0.00991	0.00793	0.00595	0.01983	0.01785	0.03173	0.02776	0.03173	0.02181	0.00991	0.00595	0.00198	0.00397	0.00793	0.74817	0.00793
181	0.24535	0.29791	0.08338	0.01529	0.02181	0.10102	0.01439	0.05235	0.01865	0.02837	0.04381	0.01704	0.01398	0.00834	0.00625	0.00226	0.00914	0.00550	0.00471	0.01044
182	0.02527	0.01737	0.01936	0.01679	0.02203	0.01908	0.01324	0.04432	0.48600	0.18448	0.03438	0.03108	0.02479	0.01130	0.00863	0.00283	0.00686	0.00937	0.00911	0.01371
183	0.01951	0.01426	0.01486	0.01309	0.01552	0.04994	0.00925	0.16803	0.02161	0.05593	0.07185	0.07734	0.03024	0.37118	0.02682	0.00556	0.00840	0.01147	0.00665	0.00849
184	0.01448	0.01096	0.01239	0.01147	0.01393	0.04873	0.00866	0.01820	0.02375	0.06483	0.53112	0.06016	0.11508	0.01682	0.00982	0.00266	0.00490	0.01462	0.00901	0.00842
185	0.01956	0.31505	0.38112	0.02136	0.05444	0.02550	0.02430	0.02632	0.01774	0.02414	0.01389	0.01631	0.01094	0.00774	0.00702	0.00233	0.01105	0.00562	0.00364	0.01193
186	0.01260	0.00941	0.01179	0.01107	0.01334	0.00896	0.00834	0.01800	0.06925	0.03355	0.56359	0.06232	0.11094	0.01722	0.00994	0.00270	0.00424	0.01512	0.00922	0.00838
187	0.02080	0.01995	0.03407	0.08504	0.61707	0.02015	0.02599	0.02589	0.01925	0.02749	0.01596	0.02115	0.01337	0.00763	0.00843	0.00254	0.01017	0.00758	0.00419	0.01327
188	0.02960	0.21180	0.03018	0.01899	0.02515	0.23524	0.01583	0.27135	0.02880	0.03404	0.01578	0.01697	0.01239	0.00896	0.00742	0.00224	0.01123	0.00612	0.00588	0.01203
189	0.01456	0.01342	0.05323	0.13105	0.05226	0.01194	0.05014	0.01896	0.02094	0.05469	0.27214	0.05245	0.19062	0.01497	0.00953	0.00276	0.00689	0.01317	0.00723	0.00906
190	0.53653	0.01808	0.05419	0.01317	0.01922	0.01812	0.01156	0.05483	0.01783	0.16286	0.01684	0.01744	0.01195	0.00855	0.00625	0.00263	0.00721	0.00565	0.00637	0.01072
191	0.01877	0.01596	0.01707	0.01552	0.01974	0.01792	0.01200	0.03781	0.48546	0.03412	0.12508	0.04126	0.09593	0.01337	0.00899	0.00286	0.00611	0.01127	0.00868	0.01207
192	0.06125	0.01330	0.04034	0.01489	0.01943	0.01150	0.01281	0.02836	0.02116	0.30821	0.03941	0.10287	0.06464	0.01645	0.00970	0.00314	0.00729	0.20551	0.00877	0.01097
193	0.01903	0.01588	0.01704	0.01564	0.01984	0.01762	0.01226	0.07878	0.40649	0.03336	0.04370	0.07412	0.13295	0.01480	0.00924	0.00297	0.00653	0.05960	0.00842	0.01172
194	0.02133	0.45903	0.19989	0.01792	0.02591	0.05367	0.01928	0.02581	0.01741	0.02187	0.01272	0.01520	0.01091	0.00811	0.00790	0.00220	0.06076	0.00525	0.00366	0.01119
195	0.02009	0.01986	0.16976	0.01673	0.02262	0.01378	0.01640	0.02761	0.10184	0.16155	0.03901	0.09734	0.10135	0.01541	0.00950	0.00305	0.00807	0.13748	0.00752	0.01101
196	0.04849	0.16465	0.04848	0.04570	0.01957	0.01684	0.01189	0.02283	0.09938	0.05171	0.09243	0.04876	0.24480	0.01461	0.00851	0.00264	0.00673	0.03553	0.00678	0.00965

[dist]
# distance from previous block
# <min> <max>
0	6

[block]
# block no. 1 follows, 21 sequences, length 7
# corresponding to MSA columns:
# 203-209
name=unknown_B
#
# <colnr> <probs for GDERKNQSTAVLIFYWHMCP>
#	G	D	E	R	K	N	Q	S	T	A	V	L	I	F	Y	W	H	M	C	P
0	0.14856	0.17876	0.02976	0.13914	0.19601	0.02355	0.01838	0.07954	0.05925	0.02955	0.01577	0.01901	0.01268	0.00822	0.00723	0.00246	0.00920	0.00650	0.00486	0.01155
1	0.02171	0.06547	0.02199	0.02066	0.09626	0.12956	0.01445	0.06856	0.26691	0.02992	0.03586	0.03501	0.13368	0.01208	0.00850	0.00263	0.00848	0.00975	0.00692	0.01160
2	0.15221	0.02414	0.24438	0.02042	0.08859	0.01550	0.01862	0.02197	0.01700	0.02777	0.02319	0.19916	0.02314	0.01282	0.00819	0.00274	0.00862	0.01081	0.00525	0.07547
3	0.01625	0.18111	0.11208	0.05874	0.02129	0.01636	0.01427	0.01823	0.01561	0.02039	0.02240	0.14291	0.02326	0.01872	0.01558	0.21981	0.00842	0.06181	0.00477	0.00800
4	0.08643	0.12997	0.28223	0.01983	0.05997	0.01946	0.02032	0.02296	0.01702	0.02533	0.02374	0.02674	0.08822	0.01683	0.09112	0.00399	0.04300	0.00775	0.00444	0.01064
5	0.02146	0.13988	0.09216	0.13629	0.32346	0.02297	0.02315	0.09116	0.02081	0.02831	0.01558	0.01968	0.01257	0.00801	0.00791	0.00247	0.01028	0.00695	0.00447	0.01245
6	0.02036	0.02548	0.13987	0.03601	0.28192	0.06502	0.07621	0.02539	0.01783	0.02519	0.01451	0.01966	0.01218	0.00966	0.01365	0.00288	0.19099	0.00740	0.00400	0.01180

[dist]
# distance from previous block
# <min> <max>
0	25

[block]
# block no. 2 follows, 21 sequences, length 93
# corresponding to MSA columns:
# 235-327
name=unknown_C
#
# <colnr> <probs for GDERKNQSTAVLIFYWHMCP>
#	G	D	E	R	K	N	Q	S	T	A	V	L	I	F	Y	W	H	M	C	P
0	0.02795	0.02914	0.02230	0.01943	0.02440	0.31514	0.01504	0.17194	0.18176	0.03234	0.02459	0.02460	0.05282	0.01056	0.00826	0.00249	0.01112	0.00777	0.00664	0.01169
1	0.02315	0.21746	0.02587	0.01474	0.01999	0.02235	0.01246	0.23287	0.02458	0.03321	0.01945	0.02494	0.01671	0.10270	0.04828	0.00357	0.00911	0.00734	0.09057	0.05066
2	0.16056	0.05019	0.02239	0.01903	0.05785	0.02221	0.01461	0.18435	0.06183	0.03410	0.01728	0.02196	0.01454	0.05734	0.04159	0.00360	0.16494	0.00729	0.00583	0.03851
3	0.02011	0.12472	0.20158	0.02040	0.05611	0.07898	0.01918	0.03178	0.21527	0.02791	0.02657	0.03021	0.05226	0.01085	0.00822	0.00267	0.00959	0.04595	0.00583	0.01183
4	0.01978	0.02176	0.02428	0.04960	0.02556	0.20465	0.13361	0.02273	0.01884	0.02205	0.02621	0.18312	0.05216	0.07354	0.01413	0.00336	0.07818	0.01221	0.00532	0.00890
5	0.06235	0.02036	0.09057	0.03749	0.36548	0.01870	0.06059	0.02392	0.01764	0.02646	0.01680	0.02263	0.01426	0.01838	0.13116	0.00469	0.04483	0.00772	0.00426	0.01173
6	0.05855	0.01965	0.05386	0.01534	0.01925	0.13217	0.01228	0.12775	0.02234	0.06189	0.03412	0.18037	0.10634	0.08008	0.03441	0.00365	0.00910	0.01255	0.00676	0.00955
7	0.06753	0.01963	0.06772	0.09661	0.03175	0.01876	0.14876	0.03533	0.20944	0.17553	0.02572	0.02618	0.01831	0.00956	0.00869	0.00279	0.00943	0.00872	0.00705	0.01250
8	0.02928	0.02793	0.02421	0.02171	0.06536	0.23921	0.01616	0.30166	0.08601	0.03776	0.02237	0.02295	0.04658	0.01026	0.00832	0.00248	0.01092	0.00763	0.00683	0.01240
9	0.02418	0.01828	0.01964	0.01556	0.02110	0.01902	0.01250	0.37022	0.03086	0.04112	0.03554	0.03672	0.16184	0.05760	0.01090	0.00285	0.00777	0.01007	0.00776	0.09650
10	0.01764	0.28333	0.27718	0.01774	0.02553	0.02198	0.01965	0.02289	0.01732	0.02314	0.02134	0.17390	0.02142	0.01210	0.00775	0.00254	0.00950	0.00980	0.00461	0.01064
11	0.02055	0.03435	0.33293	0.03478	0.27197	0.10482	0.02741	0.02755	0.01932	0.02648	0.01528	0.01882	0.01185	0.00798	0.00816	0.00256	0.01199	0.00668	0.00394	0.01257
12	0.01856	0.01615	0.02587	0.02073	0.02533	0.01604	0.19774	0.15797	0.02299	0.03068	0.03317	0.25947	0.07041	0.04924	0.01159	0.00326	0.00899	0.01500	0.00680	0.01001
13	0.01852	0.03163	0.34062	0.03143	0.19990	0.02135	0.02701	0.02522	0.01720	0.02568	0.01452	0.01896	0.01161	0.00953	0.01279	0.00289	0.16837	0.00691	0.00379	0.01206
14	0.01351	0.00936	0.01085	0.01064	0.01359	0.00821	0.00840	0.01631	0.02054	0.08286	0.15321	0.07672	0.41233	0.02027	0.01019	0.00299	0.00510	0.10851	0.00834	0.00808
15	0.02369	0.02106	0.03245	0.04464	0.50331	0.02166	0.02381	0.16411	0.02418	0.03381	0.01704	0.02092	0.01371	0.00819	0.00845	0.00253	0.00994	0.00760	0.00521	0.01371
16	0.02080	0.03828	0.48270	0.02440	0.06121	0.02133	0.02766	0.16472	0.02316	0.03319	0.01650	0.01868	0.01176	0.00856	0.00820	0.00265	0.01172	0.00666	0.00476	0.01306
17	0.01756	0.01664	0.02821	0.49326	0.23420	0.01930	0.02437	0.02305	0.01772	0.02355	0.01539	0.02220	0.01198	0.00823	0.00848	0.00274	0.01098	0.00757	0.00391	0.01065
18	0.01256	0.01267	0.04409	0.01416	0.01794	0.01084	0.09266	0.01609	0.02000	0.02575	0.17626	0.06425	0.38953	0.01785	0.01088	0.00287	0.04073	0.01533	0.00729	0.00828
19	0.02231	0.11579	0.08414	0.02554	0.15018	0.21059	0.04690	0.02636	0.01946	0.02382	0.01663	0.02094	0.01399	0.01616	0.10171	0.00391	0.01321	0.00682	0.07098	0.01056
20	0.02159	0.03247	0.36817	0.02110	0.03051	0.02003	0.02344	0.08652	0.18444	0.09251	0.02268	0.02293	0.01616	0.00944	0.00832	0.00273	0.01021	0.00752	0.00606	0.01317
21	0.01544	0.01613	0.01268	0.01227	0.01540	0.16079	0.00933	0.01780	0.02072	0.02315	0.09154	0.06652	0.43278	0.01852	0.00961	0.00277	0.00709	0.05241	0.00715	0.00789
22	0.01854	0.03952	0.51157	0.02922	0.14724	0.05284	0.02971	0.02716	0.01854	0.02679	0.01530	0.01840	0.01128	0.00803	0.00813	0.00264	0.01227	0.00648	0.00375	0.01260
23	0.01941	0.01836	0.02864	0.06953	0.44967	0.04429	0.02239	0.02403	0.01951	0.02659	0.02450	0.03767	0.04899	0.01129	0.00909	0.00280	0.00969	0.11668	0.00505	0.01181
24	0.02181	0.02022	0.02116	0.02479	0.16858	0.16591	0.01536	0.02743	0.10040	0.08162	0.02891	0.23015	0.02844	0.01454	0.00905	0.00279	0.00903	0.01258	0.00654	0.01070
25	0.01985	0.01562	0.01721	0.01534	0.01864	0.06620	0.01213	0.18872	0.02245	0.03082	0.02193	0.02813	0.01860	0.03815	0.35318	0.00829	0.01625	0.00828	0.09044	0.00977
26	0.01467	0.01165	0.01238	0.01154	0.01429	0.01184	0.00838	0.05899	0.15470	0.02665	0.08480	0.05897	0.27549	0.19695	0.01839	0.00426	0.00619	0.01385	0.00747	0.00856
27	0.02232	0.06893	0.02770	0.02219	0.02451	0.20329	0.05651	0.02474	0.01688	0.02096	0.01272	0.01839	0.01170	0.01458	0.05074	0.00360	0.37967	0.00697	0.00398	0.00963
28	0.02147	0.01947	0.02905	0.03950	0.42488	0.02021	0.02145	0.08369	0.14718	0.03149	0.02437	0.02678	0.05323	0.00946	0.00858	0.00262	0.00901	0.00862	0.00574	0.01320
29	0.01965	0.34438	0.37906	0.01986	0.03003	0.02607	0.02378	0.02628	0.01766	0.02381	0.01371	0.01601	0.01084	0.00772	0.00689	0.00230	0.01100	0.00550	0.00361	0.01183
30	0.02085	0.48418	0.24977	0.01781	0.02687	0.02901	0.02022	0.02597	0.01752	0.02234	0.01298	0.01510	0.01087	0.00755	0.00634	0.00211	0.01027	0.00513	0.00362	0.01148
31	0.01055	0.00835	0.00954	0.01012	0.01218	0.00734	0.00741	0.01282	0.01906	0.02400	0.13523	0.25229	0.38633	0.02262	0.01037	0.00307	0.00463	0.04878	0.00806	0.00724
32	0.02790	0.03329	0.02197	0.01998	0.02437	0.47346	0.01510	0.03517	0.16529	0.02440	0.02293	0.02352	0.05590	0.01025	0.00806	0.00240	0.01262	0.00726	0.00561	0.01053
33	0.02274	0.02553	0.06259	0.04133	0.43669	0.16984	0.02305	0.02722	0.02041	0.02587	0.01920	0.02295	0.04771	0.00866	0.00832	0.00248	0.01113	0.00760	0.00443	0.01224
34	0.01980	0.01893	0.03226	0.21150	0.49847	0.01989	0.02549	0.02501	0.01878	0.02627	0.01578	0.02147	0.01294	0.00782	0.00845	0.00261	0.01042	0.00758	0.00410	0.01246
35	0.01037	0.00741	0.00987	0.01185	0.01234	0.00691	0.00790	0.01185	0.01629	0.02172	0.04690	0.69537	0.05629	0.02666	0.01086	0.00346	0.00494	0.02419	0.00790	0.00691
