[name]
unknown

[dist]
# distance from previous block
# <min> <max>
0	0

[block]
# block no. 0 follows, 22 sequences, length 108
# corresponding to MSA columns:
# 0-107
name=unknown_A
#
# <colnr> <probs for GDERKNQSTAVLIFYWHMCP>
#	G	D	E	R	K	N	Q	S	T	A	V	L	I	F	Y	W	H	M	C	P
0	0.01339	0.00956	0.01339	0.01530	0.01721	0.00956	0.01339	0.01721	0.01912	0.02486	0.04399	0.09371	0.04781	0.02295	0.01147	0.00382	0.00765	0.60031	0.00765	0.00765
1	0.03158	0.02327	0.02493	0.01911	0.02576	0.02576	0.01579	0.62852	0.03906	0.05236	0.01995	0.01995	0.01413	0.00997	0.00831	0.00249	0.00914	0.00748	0.00831	0.01413
2	0.01012	0.00723	0.00964	0.01157	0.01205	0.00675	0.00771	0.01157	0.01591	0.02121	0.04579	0.70262	0.05495	0.02603	0.01060	0.00337	0.00482	0.02362	0.00771	0.00675
3	0.01963	0.01879	0.03203	0.17306	0.54145	0.01949	0.02503	0.02468	0.01847	0.02601	0.01546	0.02087	0.01276	0.00758	0.00824	0.00253	0.01010	0.00740	0.00403	0.01241
4	0.01657	0.03366	0.44325	0.15683	0.03999	0.01882	0.09215	0.02487	0.01783	0.02563	0.04230	0.02088	0.01376	0.00827	0.00826	0.00268	0.01187	0.00716	0.00386	0.01136
5	0.02772	0.03162	0.02184	0.01948	0.02366	0.45662	0.01488	0.12204	0.02463	0.02578	0.04596	0.02029	0.01579	0.01611	0.09372	0.00366	0.01448	0.00660	0.00516	0.00995
6	0.01549	0.00774	0.00774	0.00774	0.00968	0.00774	0.00581	0.01936	0.01742	0.03097	0.02710	0.03097	0.02129	0.00968	0.00581	0.00194	0.00387	0.00774	0.75416	0.00774
7	0.01618	0.01544	0.02662	0.61755	0.09325	0.01866	0.05229	0.02175	0.01690	0.02185	0.01492	0.02206	0.01128	0.00819	0.00837	0.00275	0.01114	0.00750	0.00374	0.00956
8	0.01942	0.04232	0.54209	0.02324	0.03399	0.14487	0.02789	0.02762	0.01869	0.02516	0.01451	0.01705	0.01056	0.00802	0.00782	0.00254	0.01280	0.00599	0.00366	0.01177
9	0.01569	0.01477	0.02492	0.68808	0.05722	0.01846	0.02307	0.02123	0.01661	0.02123	0.01477	0.02215	0.01107	0.00831	0.00831	0.00277	0.01107	0.00738	0.00369	0.00923
10	0.01003	0.00806	0.00896	0.00951	0.01155	0.00698	0.00683	0.01204	0.01829	0.02273	0.10716	0.26992	0.43419	0.02232	0.01006	0.00297	0.00438	0.01925	0.00780	0.00698
11	0.01196	0.00800	0.00910	0.00921	0.00924	0.00797	0.00520	0.01205	0.01232	0.01642	0.02738	0.09408	0.03172	0.66626	0.04034	0.00777	0.00786	0.01279	0.00520	0.00514
12	0.02929	0.02803	0.02326	0.01950	0.02494	0.25552	0.01538	0.30487	0.14892	0.03760	0.02008	0.02030	0.01506	0.00972	0.00805	0.00243	0.01073	0.00709	0.00690	0.01234
13	0.01176	0.00849	0.01110	0.01045	0.01241	0.00784	0.00784	0.01568	0.02352	0.03331	0.65184	0.06206	0.07839	0.01698	0.00980	0.00261	0.00392	0.01502	0.00914	0.00784
14	0.01016	0.00843	0.00888	0.00877	0.01143	0.00716	0.00658	0.01258	0.01973	0.02433	0.18292	0.07684	0.55291	0.02033	0.00981	0.00277	0.00416	0.01710	0.00796	0.00716
15	0.02132	0.03293	0.28404	0.02067	0.02837	0.16479	0.02096	0.03442	0.24958	0.02811	0.02144	0.02195	0.01605	0.00929	0.00801	0.00259	0.01077	0.00717	0.00551	0.01201
16	0.02056	0.01974	0.03372	0.05099	0.65622	0.01974	0.02550	0.02550	0.01892	0.02714	0.01563	0.02056	0.01316	0.00740	0.00822	0.00247	0.00987	0.00740	0.00411	0.01316
17	0.00994	0.00842	0.00859	0.00854	0.01130	0.00707	0.00641	0.01216	0.01923	0.02313	0.12015	0.07881	0.61642	0.02078	0.00982	0.00279	0.00419	0.01737	0.00781	0.00707
18	0.02141	0.01768	0.01881	0.01681	0.02158	0.02029	0.01311	0.04398	0.61363	0.06278	0.03377	0.03087	0.02515	0.01123	0.00845	0.00281	0.00660	0.00935	0.00853	0.01319
19	0.01779	0.03513	0.43010	0.02800	0.03880	0.01995	0.25773	0.02642	0.01833	0.02642	0.01563	0.01940	0.01132	0.00755	0.00862	0.00270	0.01294	0.00754	0.00377	0.01187
20	0.01418	0.01192	0.01765	0.02256	0.20887	0.01136	0.01302	0.01817	0.02149	0.02996	0.38097	0.05180	0.13595	0.01460	0.00932	0.00259	0.00578	0.01303	0.00742	0.00935
21	0.03158	0.02327	0.02493	0.01911	0.02576	0.02576	0.01579	0.62852	0.03906	0.05236	0.01995	0.01995	0.01413	0.00997	0.00831	0.00249	0.00914	0.00748	0.00831	0.01413
22	0.01928	0.01844	0.03141	0.21789	0.49930	0.01940	0.02486	0.02438	0.01831	0.02559	0.01540	0.02098	0.01261	0.00764	0.00825	0.00255	0.01018	0.00740	0.00400	0.01213
23	0.01187	0.00890	0.01335	0.01335	0.01483	0.01038	0.01038	0.01483	0.01335	0.01928	0.02225	0.03264	0.02077	0.06231	0.67512	0.01335	0.02225	0.00890	0.00445	0.00742
24	0.01165	0.00841	0.01101	0.01052	0.01239	0.00777	0.00783	0.01542	0.02303	0.03255	0.61341	0.10267	0.07690	0.01756	0.00985	0.00266	0.00398	0.01557	0.00905	0.00777
25	0.01031	0.00843	0.00910	0.00893	0.01152	0.00722	0.00670	0.01287	0.02009	0.02519	0.22771	0.07542	0.50758	0.02001	0.00981	0.00276	0.00413	0.01690	0.00808	0.00722
26	0.01339	0.00956	0.01339	0.01530	0.01721	0.00956	0.01339	0.01721	0.01912	0.02486	0.04399	0.09371	0.04781	0.02295	0.01147	0.00382	0.00765	0.60031	0.00765	0.00765
27	0.01117	0.00847	0.01028	0.00983	0.01205	0.00759	0.00737	0.01453	0.02212	0.02999	0.47847	0.06752	0.25382	0.01822	0.00980	0.00267	0.00401	0.01579	0.00871	0.00759
28	0.01176	0.00849	0.01110	0.01045	0.01241	0.00784	0.00784	0.01568	0.02352	0.03331	0.65184	0.06206	0.07839	0.01698	0.00980	0.00261	0.00392	0.01502	0.00914	0.00784
29	0.02221	0.71304	0.04353	0.01421	0.02132	0.03287	0.01421	0.02488	0.01688	0.01955	0.01155	0.01333	0.01066	0.00711	0.00533	0.00178	0.00888	0.00444	0.00355	0.01066
30	0.01928	0.02126	0.06369	0.02650	0.15003	0.10057	0.13321	0.02368	0.01834	0.02491	0.01786	0.07738	0.01614	0.01154	0.03850	0.00280	0.04358	0.00834	0.00462	0.19779
31	0.02981	0.03391	0.02451	0.05292	0.06576	0.47193	0.01689	0.15412	0.02612	0.02735	0.01455	0.01666	0.01157	0.00877	0.00774	0.00226	0.01329	0.00600	0.00507	0.01075
32	0.03601	0.01616	0.02053	0.01574	0.02221	0.01521	0.01300	0.17057	0.02716	0.52711	0.02994	0.02643	0.01914	0.01021	0.00834	0.00255	0.00753	0.00816	0.00985	0.01414
33	0.01403	0.01243	0.02085	0.01807	0.02045	0.01429	0.11046	0.01748	0.01426	0.02057	0.01972	0.02888	0.01802	0.04644	0.47353	0.01024	0.11893	0.00881	0.00429	0.00827
34	0.01885	0.01911	0.03584	0.23208	0.29331	0.01975	0.20906	0.02459	0.01846	0.02525	0.01574	0.02159	0.01238	0.00754	0.00873	0.00266	0.01149	0.00813	0.00402	0.01141
35	0.01041	0.00844	0.00924	0.00904	0.01159	0.00727	0.00678	0.01307	0.02034	0.02578	0.25835	0.07446	0.47658	0.01979	0.00981	0.00275	0.00412	0.01676	0.00815	0.00727
36	0.01012	0.00723	0.00964	0.01157	0.01205	0.00675	0.00771	0.01157	0.01591	0.02121	0.04579	0.70262	0.05495	0.02603	0.01060	0.00337	0.00482	0.02362	0.00771	0.00675
37	0.03158	0.02327	0.02493	0.01911	0.02576	0.02576	0.01579	0.62852	0.03906	0.05236	0.01995	0.01995	0.01413	0.00997	0.00831	0.00249	0.00914	0.00748	0.00831	0.01413
38	0.01274	0.00910	0.01262	0.01442	0.01609	0.00899	0.01214	0.01614	0.01875	0.02459	0.07111	0.20016	0.05042	0.02323	0.01125	0.00369	0.00698	0.47235	0.00773	0.00750
39	0.00989	0.00815	0.00869	0.00911	0.01140	0.00695	0.00662	0.01184	0.01827	0.02217	0.07567	0.21770	0.52058	0.02214	0.00999	0.00293	0.00434	0.01888	0.00771	0.00695
40	0.01549	0.00774	0.00774	0.00774	0.00968	0.00774	0.00581	0.01936	0.01742	0.03097	0.02710	0.03097	0.02129	0.00968	0.00581	0.00194	0.00387	0.00774	0.75416	0.00774
41	0.02044	0.01918	0.03188	0.14655	0.52891	0.01988	0.02457	0.05905	0.01971	0.02767	0.01574	0.02077	0.01290	0.00769	0.00824	0.00251	0.01001	0.00740	0.00429	0.01261
42	0.03066	0.07584	0.02519	0.02026	0.02544	0.43625	0.01586	0.21534	0.02790	0.03011	0.01494	0.01640	0.01175	0.00890	0.00761	0.00223	0.01282	0.00595	0.00547	0.01107
43	0.01666	0.04297	0.66500	0.02368	0.03596	0.01929	0.03069	0.02631	0.01754	0.02631	0.01491	0.01754	0.01052	0.00789	0.00789	0.00263	0.01228	0.00614	0.00351	0.01228
44	0.01687	0.04089	0.60709	0.02414	0.03569	0.01965	0.05885	0.02604	0.01743	0.02604	0.01482	0.01780	0.01064	0.00814	0.00884	0.00268	0.04238	0.00637	0.00355	0.01209
45	0.01012	0.00723	0.00964	0.01157	0.01205	0.00675	0.00771	0.01157	0.01591	0.02121	0.04579	0.70262	0.05495	0.02603	0.01060	0.00337	0.00482	0.02362	0.00771	0.00675
46	0.01021	0.00730	0.00972	0.01150	0.01207	0.00681	0.00772	0.01180	0.01634	0.02189	0.08017	0.66629	0.05627	0.02551	0.01056	0.00333	0.00477	0.02313	0.00779	0.00681
47	0.01666	0.04297	0.66500	0.02368	0.03596	0.01929	0.03069	0.02631	0.01754	0.02631	0.01491	0.01754	0.01052	0.00789	0.00789	0.00263	0.01228	0.00614	0.00351	0.01228
48	0.01689	0.01582	0.02664	0.47116	0.21996	0.01827	0.02315	0.02216	0.01740	0.02308	0.01679	0.02609	0.01390	0.00895	0.00848	0.00275	0.01053	0.04371	0.00405	0.01022
49	0.76672	0.01607	0.01221	0.01092	0.01607	0.01864	0.00900	0.02442	0.01414	0.03727	0.01157	0.01350	0.00900	0.00771	0.00514	0.00257	0.00643	0.00450	0.00514	0.00900
50	0.01158	0.00848	0.01085	0.01026	0.01230	0.00776	0.00769	0.01532	0.02308	0.03229	0.59839	0.06374	0.13247	0.01737	0.00980	0.00263	0.00395	0.01526	0.00901	0.00776
51	0.03158	0.02327	0.02493	0.01911	0.02576	0.02576	0.01579	0.62852	0.03906	0.05236	0.01995	0.01995	0.01413	0.00997	0.00831	0.00249	0.00914	0.00748	0.00831	0.01413
52	0.01012	0.00723	0.00964	0.01157	0.01205	0.00675	0.00771	0.01157	0.01591	0.02121	0.04579	0.70262	0.05495	0.02603	0.01060	0.00337	0.00482	0.02362	0.00771	0.00675
53	0.01041	0.00844	0.00924	0.00904	0.01159	0.00727	0.00678	0.01307	0.02034	0.02578	0.25835	0.07446	0.47658	0.01979	0.00981	0.00275	0.00412	0.01676	0.00815	0.00727
54	0.01666	0.04297	0.66500	0.02368	0.03596	0.01929	0.03069	0.02631	0.01754	0.02631	0.01491	0.01754	0.01052	0.00789	0.00789	0.00263	0.01228	0.00614	0.00351	0.01228
55	0.01303	0.01189	0.02172	0.01876	0.02167	0.01112	0.19744	0.01618	0.01704	0.02286	0.03689	0.49390	0.04195	0.02019	0.01036	0.00320	0.00764	0.01938	0.00663	0.00812
56	0.00982	0.00842	0.00842	0.00842	0.01122	0.00701	0.00631	0.01192	0.01894	0.02244	0.08416	0.07995	0.65285	0.02104	0.00982	0.00281	0.00421	0.01753	0.00771	0.00701
57	0.02543	0.46749	0.03624	0.01684	0.02291	0.26689	0.01488	0.02790	0.01931	0.01983	0.01202	0.01393	0.01068	0.00764	0.00612	0.00191	0.01111	0.00477	0.00382	0.01029
58	0.02852	0.01703	0.01961	0.01613	0.02170	0.01792	0.01297	0.14651	0.27981	0.26864	0.03066	0.02801	0.02141	0.01061	0.00828	0.00263	0.00710	0.00860	0.04040	0.01346
59	0.02018	0.02517	0.17574	0.04046	0.37651	0.01959	0.14119	0.02648	0.01894	0.05192	0.01637	0.02055	0.01276	0.00755	0.00846	0.00257	0.01108	0.00762	0.00424	0.01263
60	0.01569	0.01477	0.02492	0.68808	0.05722	0.01846	0.02307	0.02123	0.01661	0.02123	0.01477	0.02215	0.01107	0.00831	0.00831	0.00277	0.01107	0.00738	0.00369	0.00923
61	0.02965	0.15196	0.02735	0.01958	0.02495	0.39875	0.01567	0.18302	0.02633	0.02833	0.01442	0.01596	0.01156	0.00867	0.00733	0.00217	0.01244	0.00573	0.00518	0.01095
62	0.02600	0.02761	0.02633	0.19261	0.06679	0.29120	0.05693	0.15975	0.02470	0.02832	0.01528	0.01864	0.01179	0.00865	0.00806	0.00244	0.01239	0.00672	0.00500	0.01079
63	0.01012	0.00723	0.00964	0.01157	0.01205	0.00675	0.00771	0.01157	0.01591	0.02121	0.04579	0.70262	0.05495	0.02603	0.01060	0.00337	0.00482	0.02362	0.00771	0.00675
64	0.01871	0.02594	0.18064	0.03052	0.06569	0.01982	0.38450	0.02568	0.01861	0.02634	0.01590	0.02059	0.01207	0.00745	0.00969	0.00264	0.04096	0.00832	0.00409	0.08183
65	0.02252	0.64040	0.07003	0.01509	0.02225	0.07296	0.01507	0.02547	0.01733	0.01990	0.01178	0.01362	0.01066	0.00723	0.00558	0.00184	0.00942	0.00458	0.00360	0.01067
66	0.01208	0.00805	0.00906	0.00906	0.00906	0.00805	0.00503	0.01208	0.01208	0.01611	0.02618	0.05436	0.03020	0.70804	0.04228	0.00805	0.00805	0.01208	0.00503	0.00503
67	0.02221	0.71304	0.04353	0.01421	0.02132	0.03287	0.01421	0.02488	0.01688	0.01955	0.01155	0.01333	0.01066	0.00711	0.00533	0.00178	0.00888	0.00444	0.00355	0.01066
68	0.01549	0.00774	0.00774	0.00774	0.00968	0.00774	0.00581	0.01936	0.01742	0.03097	0.02710	0.03097	0.02129	0.00968	0.00581	0.00194	0.00387	0.00774	0.75416	0.00774
69	0.01020	0.00838	0.00905	0.00948	0.01191	0.00723	0.00717	0.01239	0.01858	0.02252	0.07547	0.15892	0.51944	0.02185	0.01008	0.00298	0.00462	0.07499	0.00771	0.00704
70	0.01187	0.00890	0.01335	0.01335	0.01483	0.01038	0.01038	0.01483	0.01335	0.01928	0.02225	0.03264	0.02077	0.06231	0.67512	0.01335	0.02225	0.00890	0.00445	0.00742
71	0.01171	0.00790	0.00917	0.00954	0.00963	0.00780	0.00555	0.01198	0.01281	0.01708	0.02993	0.17858	0.03494	0.57736	0.03621	0.00716	0.00743	0.01429	0.00555	0.00536
72	0.01007	0.00745	0.00941	0.01098	0.01190	0.00680	0.00745	0.01163	0.01647	0.02144	0.05293	0.58669	0.16626	0.02510	0.01046	0.00327	0.00471	0.02248	0.00771	0.00680
73	0.03103	0.02299	0.02462	0.01900	0.02555	0.02550	0.01566	0.59890	0.06958	0.05146	0.02065	0.02051	0.01470	0.01004	0.00832	0.00251	0.00901	0.00758	0.00832	0.01408
74	0.03147	0.02640	0.02467	0.01955	0.02575	0.15010	0.01584	0.51445	0.03609	0.04622	0.01858	0.01899	0.01347	0.00970	0.00815	0.00243	0.01026	0.00707	0.00754	0.01327
75	0.02639	0.09026	0.05858	0.02840	0.18971	0.38814	0.01893	0.03066	0.05027	0.02300	0.01453	0.01716	0.01201	0.00823	0.00756	0.00225	0.01262	0.00603	0.00433	0.01093
76	0.01071	0.00844	0.00969	0.00963	0.01197	0.00742	0.00726	0.01352	0.02047	0.02647	0.28834	0.10558	0.38473	0.01989	0.00993	0.00281	0.00429	0.04330	0.00824	0.00733
77	0.01945	0.06506	0.33462	0.02735	0.03723	0.05152	0.26156	0.05525	0.01962	0.02707	0.01564	0.01924	0.01152	0.00764	0.00852	0.00263	0.01277	0.00752	0.00405	0.01175
78	0.02224	0.01686	0.01861	0.01543	0.02005	0.01821	0.01231	0.29853	0.14048	0.04166	0.22625	0.03832	0.06890	0.01299	0.00888	0.00260	0.00678	0.01072	0.00857	0.01160
79	0.01176	0.00849	0.01110	0.01045	0.01241	0.00784	0.00784	0.01568	0.02352	0.03331	0.65184	0.06206	0.07839	0.01698	0.00980	0.00261	0.00392	0.01502	0.00914	0.00784
80	0.02219	0.14807	0.22754	0.02266	0.06323	0.20997	0.02122	0.02685	0.01836	0.02239	0.01308	0.01639	0.01082	0.00912	0.01084	0.00252	0.13434	0.00590	0.00379	0.01073
81	0.01473	0.01178	0.01569	0.12172	0.05824	0.01220	0.01317	0.07258	0.01990	0.02554	0.04514	0.06434	0.20263	0.07569	0.01263	0.00353	0.00754	0.20785	0.00668	0.00841
82	0.01317	0.00947	0.01308	0.01479	0.01674	0.00938	0.01284	0.01692	0.01932	0.02516	0.07395	0.09167	0.07388	0.02259	0.01133	0.00373	0.00734	0.54929	0.00772	0.00763
83	0.01005	0.00749	0.00937	0.01087	0.01187	0.00681	0.00740	0.01165	0.01658	0.02148	0.05428	0.56487	0.18722	0.02492	0.01043	0.00325	0.00468	0.02227	0.00771	0.00681
84	0.02491	0.07732	0.18318	0.02725	0.15583	0.27104	0.02139	0.09413	0.02241	0.02660	0.01460	0.01717	0.01153	0.00822	0.00769	0.00234	0.01226	0.00613	0.00445	0.01155
85	0.02221	0.71304	0.04353	0.01421	0.02132	0.03287	0.01421	0.02488	0.01688	0.01955	0.01155	0.01333	0.01066	0.00711	0.00533	0.00178	0.00888	0.00444	0.00355	0.01066
86	0.01197	0.00801	0.00909	0.00920	0.00923	0.00798	0.00519	0.01205	0.01230	0.01640	0.02729	0.09114	0.03161	0.66936	0.04049	0.00779	0.00787	0.01274	0.00519	0.00513
87	0.01763	0.01911	0.08643	0.10530	0.37082	0.01718	0.02127	0.02370	0.05801	0.02602	0.02975	0.03248	0.13603	0.01040	0.00852	0.00260	0.00893	0.00935	0.00498	0.01148
88	0.02304	0.47978	0.13628	0.01706	0.02443	0.15382	0.01713	0.02669	0.01826	0.02075	0.01232	0.01430	0.01065	0.00751	0.00614	0.00198	0.01058	0.00488	0.00369	0.01071
89	0.01666	0.04297	0.66500	0.02368	0.03596	0.01929	0.03069	0.02631	0.01754	0.02631	0.01491	0.01754	0.01052	0.00789	0.00789	0.00263	0.01228	0.00614	0.00351	0.01228
90	0.02061	0.02232	0.07488	0.04437	0.47810	0.04661	0.10987	0.02679	0.04502	0.02705	0.01639	0.02084	0.01332	0.00758	0.00841	0.00253	0.01068	0.00766	0.00427	0.01268
91	0.02577	0.09186	0.09425	0.02054	0.02506	0.40508	0.01743	0.02879	0.02013	0.02130	0.01321	0.01636	0.01116	0.00948	0.01082	0.00242	0.13522	0.00580	0.03549	0.00983
92	0.03136	0.01454	0.01873	0.01438	0.02073	0.01271	0.01175	0.05975	0.04951	0.46093	0.05618	0.02743	0.02148	0.00982	0.00800	0.00232	0.00682	0.00800	0.00905	0.15651
93	0.01836	0.01662	0.02748	0.04004	0.46015	0.01662	0.02178	0.02295	0.01898	0.02644	0.02433	0.04301	0.02379	0.01217	0.00922	0.00288	0.00919	0.18933	0.00520	0.01147
94	0.01187	0.00890	0.01335	0.01335	0.01483	0.01038	0.01038	0.01483	0.01335	0.01928	0.02225	0.03264	0.02077	0.06231	0.67512	0.01335	0.02225	0.00890	0.00445	0.00742
95	0.02194	0.02254	0.03171	0.04482	0.52384	0.11582	0.02365	0.02627	0.01920	0.02569	0.01492	0.01959	0.01266	0.00802	0.00932	0.00249	0.05392	0.00709	0.00411	0.01239
96	0.02923	0.03670	0.02258	0.02064	0.02466	0.61215	0.01552	0.03145	0.02258	0.02023	0.01373	0.01664	0.01165	0.01362	0.07035	0.00320	0.01567	0.00568	0.00430	0.00942
97	0.01045	0.00844	0.00929	0.00908	0.01161	0.00728	0.00681	0.01314	0.02042	0.02596	0.26806	0.07415	0.46675	0.01973	0.00981	0.00274	0.00411	0.01672	0.00818	0.00728
98	0.01818	0.01818	0.02545	0.02181	0.02181	0.02545	0.01818	0.01999	0.01272	0.01999	0.01091	0.01818	0.01091	0.01454	0.02726	0.00364	0.69284	0.00727	0.00364	0.00909
99	0.01000	0.00842	0.00867	0.00861	0.01133	0.00709	0.00646	0.01228	0.01937	0.02347	0.13760	0.07826	0.59877	0.02066	0.00982	0.00279	0.00418	0.01730	0.00785	0.00709
100	0.01012	0.00723	0.00964	0.01157	0.01205	0.00675	0.00771	0.01157	0.01591	0.02121	0.04579	0.70262	0.05495	0.02603	0.01060	0.00337	0.00482	0.02362	0.00771	0.00675
101	0.01208	0.00805	0.00906	0.00906	0.00906	0.00805	0.00503	0.01208	0.01208	0.01611	0.02618	0.05436	0.03020	0.70804	0.04228	0.00805	0.00805	0.01208	0.00503	0.00503
102	0.02018	0.01743	0.01833	0.01653	0.02114	0.02006	0.01285	0.04272	0.61371	0.03421	0.03604	0.03316	0.05310	0.01170	0.00851	0.00282	0.00647	0.00975	0.00842	0.01288
103	0.03158	0.02327	0.02493	0.01911	0.02576	0.02576	0.01579	0.62852	0.03906	0.05236	0.01995	0.01995	0.01413	0.00997	0.00831	0.00249	0.00914	0.00748	0.00831	0.01413
104	0.03006	0.03755	0.02309	0.02098	0.02530	0.61312	0.01578	0.03421	0.08169	0.02169	0.01482	0.01649	0.01208	0.00882	0.00758	0.00220	0.01419	0.00573	0.00467	0.00996
105	0.01579	0.00954	0.01149	0.01038	0.01357	0.00831	0.00800	0.01878	0.02155	0.14898	0.28328	0.06346	0.32023	0.01749	0.00953	0.00269	0.00465	0.01485	0.00873	0.00868
106	0.41721	0.01563	0.01395	0.01198	0.01671	0.01747	0.00974	0.15638	0.02055	0.03856	0.02051	0.02204	0.04901	0.00934	0.00624	0.00245	0.00641	0.00652	0.14951	0.00978
107	0.02066	0.06222	0.03432	0.04874	0.61732	0.02054	0.02480	0.02546	0.01879	0.02668	0.01538	0.02012	0.01301	0.00738	0.00805	0.00243	0.00981	0.00722	0.00408	0.01301

[dist]
# distance from previous block
# <min> <max>
0	1

[block]
# block no. 1 follows, 22 sequences, length 103
# corresponding to MSA columns:
# 109-211
name=unknown_B
#
# <colnr> <probs for GDERKNQSTAVLIFYWHMCP>
#	G	D	E	R	K	N	Q	S	T	A	V	L	I	F	Y	W	H	M	C	P
0	0.02585	0.17334	0.03096	0.02938	0.22661	0.33152	0.01869	0.02899	0.02068	0.02235	0.01346	0.01642	0.01148	0.00789	0.00728	0.00217	0.01208	0.00582	0.00408	0.01097
1	0.02560	0.05751	0.02609	0.19466	0.10622	0.32267	0.01882	0.10368	0.02290	0.02533	0.01449	0.01801	0.01151	0.00848	0.00779	0.00237	0.01240	0.00634	0.00459	0.01054
2	0.01843	0.03617	0.48132	0.02877	0.13848	0.01921	0.07923	0.02680	0.01821	0.05347	0.01595	0.01891	0.01156	0.00784	0.00813	0.00262	0.01180	0.00675	0.00395	0.01241
3	0.00982	0.00842	0.00842	0.00842	0.01122	0.00701	0.00631	0.01192	0.01894	0.02244	0.08416	0.07995	0.65285	0.02104	0.00982	0.00281	0.00421	0.01753	0.00771	0.00701
4	0.01010	0.00733	0.00954	0.01131	0.01198	0.00677	0.00760	0.01160	0.01615	0.02131	0.04895	0.65130	0.10423	0.02562	0.01054	0.00333	0.00477	0.02312	0.00771	0.00677
5	0.02401	0.57538	0.03945	0.01568	0.02221	0.16406	0.01459	0.02657	0.01824	0.01971	0.01181	0.01366	0.01067	0.00740	0.00577	0.00185	0.01013	0.00463	0.00370	0.01045
6	0.01009	0.00734	0.00952	0.01127	0.01197	0.00677	0.00758	0.01160	0.01619	0.02132	0.04945	0.64327	0.11194	0.02555	0.01053	0.00332	0.00476	0.02304	0.00771	0.00677
7	0.00993	0.00799	0.00885	0.00954	0.01152	0.00692	0.00681	0.01180	0.01785	0.02200	0.07042	0.30287	0.43880	0.02282	0.01010	0.00301	0.00443	0.01971	0.00771	0.00692
8	0.03727	0.01414	0.01928	0.01478	0.02121	0.01221	0.01221	0.04049	0.02378	0.66198	0.03277	0.02828	0.02056	0.01028	0.00835	0.00257	0.00707	0.00835	0.01028	0.01414
9	0.02407	0.02018	0.02008	0.01746	0.02250	0.07478	0.01370	0.12559	0.46782	0.07405	0.03006	0.02795	0.02227	0.01080	0.00835	0.00270	0.00766	0.00873	0.00820	0.01306
10	0.03067	0.02966	0.02436	0.04873	0.02708	0.29393	0.01621	0.35618	0.03168	0.03777	0.01678	0.01799	0.01258	0.00932	0.00797	0.00236	0.01164	0.00659	0.00645	0.01206
11	0.02380	0.53084	0.03828	0.01617	0.02226	0.16595	0.01484	0.02631	0.01801	0.01974	0.01178	0.01396	0.01068	0.00786	0.00711	0.00196	0.05159	0.00480	0.00371	0.01035
12	0.01239	0.04191	0.01077	0.00954	0.00992	0.00913	0.00572	0.01265	0.01266	0.01674	0.02725	0.11129	0.03151	0.61234	0.03763	0.00733	0.00780	0.01276	0.00521	0.00546
13	0.01084	0.00834	0.01009	0.01119	0.01303	0.00759	0.00858	0.01318	0.01803	0.02268	0.06169	0.27951	0.30817	0.02310	0.01049	0.00325	0.00529	0.17016	0.00770	0.00709
14	0.01012	0.00723	0.00964	0.01157	0.01205	0.00675	0.00771	0.01157	0.01591	0.02121	0.04579	0.70262	0.05495	0.02603	0.01060	0.00337	0.00482	0.02362	0.00771	0.00675
15	0.02056	0.01974	0.03372	0.05099	0.65622	0.01974	0.02550	0.02550	0.01892	0.02714	0.01563	0.02056	0.01316	0.00740	0.00822	0.00247	0.00987	0.00740	0.00411	0.01316
16	0.01617	0.01526	0.02579	0.62481	0.11670	0.01858	0.02331	0.02165	0.01684	0.02181	0.01485	0.02199	0.01128	0.00822	0.00830	0.00274	0.01095	0.00738	0.00373	0.00962
17	0.01074	0.00871	0.00970	0.01019	0.01276	0.00767	0.00813	0.01328	0.01898	0.02306	0.07382	0.08349	0.49710	0.02153	0.01024	0.00307	0.00509	0.16755	0.00770	0.00718
18	0.02056	0.01974	0.03372	0.05099	0.65622	0.01974	0.02550	0.02550	0.01892	0.02714	0.01563	0.02056	0.01316	0.00740	0.00822	0.00247	0.00987	0.00740	0.00411	0.01316
19	0.02814	0.02156	0.02300	0.01842	0.02445	0.02416	0.01496	0.44457	0.22861	0.04681	0.02431	0.02342	0.01766	0.01038	0.00836	0.00260	0.00833	0.00808	0.00836	0.01382
20	0.01549	0.00774	0.00774	0.00774	0.00968	0.00774	0.00581	0.01936	0.01742	0.03097	0.02710	0.03097	0.02129	0.00968	0.00581	0.00194	0.00387	0.00774	0.75416	0.00774
21	0.03727	0.01414	0.01928	0.01478	0.02121	0.01221	0.01221	0.04049	0.02378	0.66198	0.03277	0.02828	0.02056	0.01028	0.00835	0.00257	0.00707	0.00835	0.01028	0.01414
22	0.01549	0.00774	0.00774	0.00774	0.00968	0.00774	0.00581	0.01936	0.01742	0.03097	0.02710	0.03097	0.02129	0.00968	0.00581	0.00194	0.00387	0.00774	0.75416	0.00774
23	0.01053	0.00830	0.00862	0.00862	0.01054	0.00734	0.00591	0.01197	0.01678	0.02045	0.06591	0.07190	0.45685	0.23730	0.02004	0.00446	0.00542	0.01582	0.00687	0.00639
24	0.03103	0.03959	0.02354	0.02140	0.02568	0.67469	0.01605	0.03317	0.02354	0.02033	0.01284	0.01498	0.01070	0.00856	0.00749	0.00214	0.01498	0.00535	0.00428	0.00963
25	0.00998	0.00776	0.00909	0.01015	0.01168	0.00687	0.00708	0.01173	0.01727	0.02176	0.06309	0.42185	0.32455	0.02378	0.01025	0.00312	0.00454	0.02087	0.00771	0.00687
26	0.02624	0.03015	0.02219	0.01897	0.02376	0.40229	0.01465	0.06316	0.02174	0.02388	0.01355	0.01616	0.01133	0.00862	0.00915	0.00208	0.07957	0.00555	0.00461	0.20232
27	0.01208	0.00805	0.00906	0.00906	0.00906	0.00805	0.00503	0.01208	0.01208	0.01611	0.02618	0.05436	0.03020	0.70804	0.04228	0.00805	0.00805	0.01208	0.00503	0.00503
28	0.01155	0.00803	0.01013	0.01061	0.01105	0.00823	0.00685	0.01255	0.01331	0.01806	0.03022	0.21131	0.03434	0.39891	0.17070	0.00803	0.01031	0.01427	0.00558	0.00597
29	0.03295	0.01427	0.01884	0.01425	0.02088	0.01197	0.01170	0.03627	0.02237	0.52522	0.02890	0.02590	0.01879	0.00939	0.00788	0.00228	0.00687	0.00761	0.00913	0.17454
30	0.01193	0.00863	0.01200	0.01200	0.01302	0.00965	0.00870	0.01397	0.01295	0.01828	0.02349	0.03948	0.02374	0.26557	0.47592	0.01168	0.01778	0.00990	0.00463	0.00667
31	0.01666	0.04297	0.66500	0.02368	0.03596	0.01929	0.03069	0.02631	0.01754	0.02631	0.01491	0.01754	0.01052	0.00789	0.00789	0.00263	0.01228	0.00614	0.00351	0.01228
32	0.03158	0.02327	0.02493	0.01911	0.02576	0.02576	0.01579	0.62852	0.03906	0.05236	0.01995	0.01995	0.01413	0.00997	0.00831	0.00249	0.00914	0.00748	0.00831	0.01413
33	0.01569	0.01477	0.02492	0.68808	0.05722	0.01846	0.02307	0.02123	0.01661	0.02123	0.01477	0.02215	0.01107	0.00831	0.00831	0.00277	0.01107	0.00738	0.00369	0.00923
34	0.01173	0.00877	0.00942	0.00906	0.01198	0.00743	0.00687	0.01414	0.01982	0.06259	0.15414	0.07451	0.54057	0.01987	0.00973	0.00277	0.00434	0.01665	0.00805	0.00755
35	0.01208	0.00805	0.00906	0.00906	0.00906	0.00805	0.00503	0.01208	0.01208	0.01611	0.02618	0.05436	0.03020	0.70804	0.04228	0.00805	0.00805	0.01208	0.00503	0.00503
36	0.01187	0.00890	0.01335	0.01335	0.01483	0.01038	0.01038	0.01483	0.01335	0.01928	0.02225	0.03264	0.02077	0.06231	0.67512	0.01335	0.02225	0.00890	0.00445	0.00742
37	0.01235	0.00845	0.00987	0.01015	0.01055	0.00842	0.00620	0.03716	0.01422	0.01897	0.03124	0.22881	0.03626	0.49448	0.03230	0.00656	0.00722	0.01502	0.00589	0.00587
38	0.02002	0.22513	0.30256	0.02208	0.03067	0.08388	0.09759	0.02604	0.01776	0.02338	0.01368	0.01679	0.01087	0.00818	0.00900	0.00245	0.06892	0.00614	0.00369	0.01118
39	0.02699	0.03285	0.02414	0.02153	0.02446	0.47032	0.01672	0.02902	0.02014	0.02023	0.01223	0.01599	0.01077	0.01044	0.01371	0.00261	0.22836	0.00595	0.00408	0.00946
40	0.02403	0.02746	0.12392	0.03313	0.27931	0.14029	0.02209	0.15213	0.02337	0.03059	0.01563	0.01882	0.01238	0.00865	0.00921	0.00251	0.05238	0.00685	0.00490	0.01234
41	0.01020	0.00760	0.00928	0.01055	0.01160	0.00692	0.00713	0.01170	0.01638	0.02112	0.05416	0.48944	0.20784	0.07933	0.01294	0.00360	0.00492	0.02112	0.00750	0.00668
42	0.03110	0.03755	0.02372	0.02112	0.02569	0.59346	0.01602	0.10770	0.02548	0.02434	0.01373	0.01560	0.01113	0.00874	0.00759	0.00218	0.01425	0.00562	0.00478	0.01019
43	0.01031	0.00736	0.00985	0.01178	0.01235	0.00691	0.00804	0.01189	0.01609	0.02142	0.04568	0.66769	0.05454	0.02585	0.01065	0.00340	0.00498	0.05670	0.00771	0.00680
44	0.01226	0.00943	0.01390	0.01368	0.01501	0.01120	0.01063	0.01503	0.01326	0.01919	0.02173	0.03270	0.02058	0.08720	0.60864	0.01253	0.06227	0.00894	0.00443	0.00742
45	0.02386	0.54030	0.03852	0.01607	0.02225	0.16605	0.01478	0.02637	0.01807	0.01973	0.01179	0.01390	0.01068	0.00776	0.00681	0.00194	0.04227	0.00476	0.00371	0.01037
46	0.01156	0.00827	0.01120	0.01162	0.01242	0.00887	0.00812	0.01326	0.01350	0.01870	0.02856	0.18379	0.03110	0.25776	0.33278	0.00953	0.01403	0.01307	0.00534	0.00652
47	0.01192	0.00868	0.01226	0.01226	0.01336	0.00979	0.00902	0.01413	0.01303	0.01847	0.02325	0.03818	0.02317	0.22697	0.51375	0.01200	0.01863	0.00971	0.00460	0.00681
48	0.01692	0.01444	0.01690	0.01227	0.01935	0.01089	0.00975	0.02051	0.01717	0.02681	0.01612	0.04713	0.01416	0.00702	0.00635	0.00132	0.00609	0.00574	0.00504	0.72602
49	0.01130	0.00819	0.01048	0.01157	0.01267	0.00776	0.00802	0.03915	0.01827	0.02455	0.14267	0.54168	0.08519	0.02365	0.01034	0.00319	0.00484	0.02126	0.00797	0.00726
50	0.01833	0.01738	0.02846	0.04213	0.52203	0.01709	0.02150	0.02267	0.01892	0.02616	0.02988	0.03292	0.14624	0.01024	0.00856	0.00254	0.00869	0.00951	0.00486	0.01188
51	0.02767	0.25047	0.03041	0.02080	0.05968	0.43592	0.01600	0.03013	0.02119	0.02047	0.01259	0.01477	0.01083	0.00804	0.00685	0.00204	0.01278	0.00518	0.00404	0.01015
52	0.02814	0.02352	0.02163	0.01781	0.02310	0.15679	0.01416	0.36655	0.03128	0.07549	0.02665	0.08508	0.06855	0.01201	0.00847	0.00253	0.00946	0.00933	0.00748	0.01197
53	0.05631	0.28035	0.06191	0.01831	0.02418	0.10203	0.04156	0.14688	0.05659	0.02848	0.01492	0.01703	0.01222	0.00908	0.00942	0.00237	0.09610	0.00610	0.00497	0.01120
54	0.01002	0.00848	0.00870	0.00881	0.01157	0.00716	0.00672	0.01223	0.01895	0.02258	0.08183	0.08075	0.61785	0.02115	0.00991	0.00286	0.00441	0.05125	0.00771	0.00705
55	0.01012	0.00723	0.00964	0.01157	0.01205	0.00675	0.00771	0.01157	0.01591	0.02121	0.04579	0.70262	0.05495	0.02603	0.01060	0.00337	0.00482	0.02362	0.00771	0.00675
56	0.14784	0.02384	0.08605	0.01662	0.02134	0.15943	0.01404	0.15009	0.02162	0.05747	0.01782	0.02489	0.01556	0.15293	0.01562	0.00366	0.04831	0.00736	0.00556	0.00996
57	0.02009	0.17198	0.23870	0.02214	0.02982	0.10512	0.12032	0.02643	0.04446	0.02381	0.01796	0.02071	0.04174	0.00903	0.00951	0.00253	0.07350	0.00707	0.00415	0.01093
58	0.01451	0.00930	0.01123	0.01123	0.01358	0.00846	0.00820	0.04447	0.01931	0.10407	0.08162	0.35213	0.24781	0.02126	0.00992	0.00301	0.00506	0.01856	0.00812	0.00816
59	0.03460	0.01843	0.02193	0.01682	0.02335	0.01858	0.01389	0.31676	0.03096	0.37556	0.02675	0.02436	0.01754	0.01014	0.00833	0.00253	0.00804	0.00794	0.00936	0.01413
60	0.02362	0.01732	0.01926	0.01632	0.02068	0.01871	0.01279	0.39971	0.03047	0.04080	0.02953	0.27313	0.02927	0.01593	0.00916	0.00282	0.00754	0.01346	0.00809	0.01139
61	0.01634	0.03185	0.41516	0.02542	0.10990	0.01721	0.05924	0.02389	0.01814	0.02593	0.02453	0.03288	0.06951	0.01075	0.00865	0.00278	0.01082	0.08120	0.00449	0.01131
62	0.01012	0.00723	0.00964	0.01157	0.01205	0.00675	0.00771	0.01157	0.01591	0.02121	0.04579	0.70262	0.05495	0.02603	0.01060	0.00337	0.00482	0.02362	0.00771	0.00675
63	0.01047	0.00750	0.00996	0.01133	0.01213	0.00698	0.00774	0.01245	0.01754	0.02381	0.17633	0.56465	0.05999	0.02408	0.01043	0.00321	0.00463	0.02177	0.00802	0.00698
64	0.03158	0.02327	0.02493	0.01911	0.02576	0.02576	0.01579	0.62852	0.03906	0.05236	0.01995	0.01995	0.01413	0.00997	0.00831	0.00249	0.00914	0.00748	0.00831	0.01413
65	0.01299	0.00876	0.01150	0.01066	0.01283	0.00805	0.00805	0.01687	0.02353	0.06357	0.62204	0.06043	0.07560	0.01666	0.00973	0.00261	0.00407	0.01470	0.00920	0.00814
66	0.01549	0.00774	0.00774	0.00774	0.00968	0.00774	0.00581	0.01936	0.01742	0.03097	0.02710	0.03097	0.02129	0.00968	0.00581	0.00194	0.00387	0.00774	0.75416	0.00774
67	0.02976	0.02027	0.02205	0.01723	0.02321	0.02203	0.01413	0.47051	0.06232	0.11083	0.02272	0.02259	0.01614	0.01003	0.00803	0.00245	0.00819	0.00769	0.09648	0.01333
68	0.01549	0.00774	0.00774	0.00774	0.00968	0.00774	0.00581	0.01936	0.01742	0.03097	0.02710	0.03097	0.02129	0.00968	0.00581	0.00194	0.00387	0.00774	0.75416	0.00774
69	0.01012	0.00723	0.00964	0.01157	0.01205	0.00675	0.00771	0.01157	0.01591	0.02121	0.04579	0.70262	0.05495	0.02603	0.01060	0.00337	0.00482	0.02362	0.00771	0.00675
70	0.02056	0.01974	0.03372	0.05099	0.65622	0.01974	0.02550	0.02550	0.01892	0.02714	0.01563	0.02056	0.01316	0.00740	0.00822	0.00247	0.00987	0.00740	0.00411	0.01316
71	0.02287	0.01702	0.01832	0.01526	0.02024	0.01813	0.01231	0.29695	0.13399	0.06719	0.04265	0.04279	0.20451	0.01398	0.00891	0.00270	0.00711	0.03523	0.00822	0.01161
72	0.01978	0.01978	0.01677	0.01677	0.05364	0.21937	0.01141	0.04697	0.04358	0.02153	0.02080	0.03287	0.02021	0.24746	0.13622	0.00610	0.01263	0.00866	0.03729	0.00819
73	0.01723	0.01477	0.01723	0.01230	0.01969	0.01107	0.00984	0.02092	0.01723	0.02707	0.01477	0.01723	0.01230	0.00615	0.00615	0.00123	0.00615	0.00492	0.00492	0.75883
74	0.02049	0.01940	0.01957	0.04489	0.02196	0.15723	0.03946	0.14674	0.02253	0.02817	0.06269	0.19660	0.02809	0.02058	0.09077	0.00405	0.04921	0.01184	0.00624	0.00948
75	0.01033	0.00837	0.00918	0.00912	0.01157	0.00721	0.00679	0.01287	0.01994	0.02517	0.22809	0.11106	0.47068	0.02028	0.00986	0.00279	0.00417	0.01724	0.00808	0.00721
76	0.01569	0.01477	0.02492	0.68808	0.05722	0.01846	0.02307	0.02123	0.01661	0.02123	0.01477	0.02215	0.01107	0.00831	0.00831	0.00277	0.01107	0.00738	0.00369	0.00923
77	0.01188	0.00885	0.01311	0.01311	0.01451	0.01025	0.01008	0.01468	0.01328	0.01911	0.02247	0.03385	0.02130	0.09852	0.63963	0.01305	0.02146	0.00908	0.00448	0.00728
78	0.01720	0.01831	0.03750	0.02808	0.03394	0.01768	0.43186	0.02239	0.01804	0.02455	0.02279	0.15974	0.02197	0.05145	0.01284	0.00326	0.05111	0.01254	0.00492	0.00984
79	0.03103	0.03959	0.02354	0.02140	0.02568	0.67469	0.01605	0.03317	0.02354	0.02033	0.01284	0.01498	0.01070	0.00856	0.00749	0.00214	0.01498	0.00535	0.00428	0.00963
80	0.02923	0.02210	0.02361	0.01864	0.02487	0.02466	0.01522	0.50265	0.16876	0.04856	0.02293	0.02233	0.01655	0.01025	0.00834	0.00256	0.00859	0.00789	0.00834	0.01392
81	0.01756	0.11511	0.34815	0.01829	0.02812	0.01792	0.02093	0.02413	0.01734	0.02576	0.01444	0.01690	0.01120	0.00715	0.00693	0.00201	0.00959	0.00548	0.00404	0.28895
82	0.01010	0.00732	0.00954	0.01132	0.01198	0.00677	0.00760	0.01160	0.01615	0.02131	0.04886	0.65278	0.10281	0.02563	0.01054	0.00333	0.00477	0.02313	0.00771	0.00677
83	0.01549	0.00774	0.00774	0.00774	0.00968	0.00774	0.00581	0.01936	0.01742	0.03097	0.02710	0.03097	0.02129	0.00968	0.00581	0.00194	0.00387	0.00774	0.75416	0.00774
84	0.01534	0.01398	0.02328	0.48120	0.10595	0.01684	0.02057	0.02026	0.01613	0.02138	0.01646	0.02425	0.01336	0.01985	0.15193	0.00502	0.01337	0.00771	0.00390	0.00922
85	0.02231	0.02012	0.03167	0.04146	0.45862	0.02049	0.05899	0.15040	0.02315	0.03214	0.01971	0.02324	0.04240	0.00853	0.00841	0.00251	0.00971	0.00802	0.00515	0.01296
86	0.01208	0.00805	0.00906	0.00906	0.00906	0.00805	0.00503	0.01208	0.01208	0.01611	0.02618	0.05436	0.03020	0.70804	0.04228	0.00805	0.00805	0.01208	0.00503	0.00503
87	0.03465	0.01835	0.02189	0.01678	0.02331	0.01846	0.01386	0.31161	0.03082	0.38090	0.02686	0.02443	0.01760	0.01014	0.00833	0.00253	0.00802	0.00795	0.00937	0.01413
88	0.01696	0.03624	0.49492	0.05066	0.03365	0.02064	0.02757	0.02468	0.01642	0.02468	0.01400	0.01787	0.01063	0.00940	0.01226	0.00286	0.16512	0.00644	0.00354	0.01144
89	0.01118	0.00938	0.00983	0.00955	0.01243	0.00850	0.00721	0.01569	0.08224	0.02520	0.15819	0.07253	0.50961	0.01949	0.00968	0.00278	0.00441	0.01636	0.00799	0.00775
90	0.01192	0.00814	0.00938	0.00927	0.00973	0.00797	0.00557	0.01268	0.01434	0.01932	0.13514	0.05683	0.06669	0.55938	0.03529	0.00689	0.00718	0.01283	0.00585	0.00560
91	0.01622	0.01404	0.02310	0.01919	0.02268	0.01536	0.14409	0.09005	0.01769	0.02480	0.02015	0.02810	0.01766	0.04146	0.41569	0.00924	0.05773	0.00883	0.00480	0.00912
92	0.03046	0.03756	0.02333	0.02103	0.02545	0.60613	0.01587	0.06199	0.06001	0.02268	0.01439	0.01614	0.01171	0.00878	0.00759	0.00220	0.01422	0.00569	0.00471	0.01005
93	0.02394	0.01770	0.01824	0.01534	0.01962	0.07266	0.01227	0.28515	0.02673	0.06365	0.02198	0.02507	0.01714	0.02107	0.15131	0.00468	0.01119	0.00770	0.17365	0.01088
94	0.01094	0.00830	0.01018	0.01078	0.01263	0.00754	0.00812	0.01361	0.01941	0.02538	0.21976	0.23697	0.25705	0.02152	0.01026	0.00305	0.00480	0.10435	0.00809	0.00726
95	0.02911	0.02494	0.02553	0.02690	0.18319	0.19479	0.01757	0.19174	0.05556	0.13933	0.01978	0.02070	0.01458	0.00906	0.00808	0.00242	0.01041	0.00713	0.00652	0.01264
96	0.02632	0.24449	0.02874	0.01770	0.02324	0.25121	0.01466	0.08090	0.15635	0.05286	0.01838	0.01888	0.01455	0.00888	0.00712	0.00222	0.01044	0.00624	0.00553	0.01127
97	0.02128	0.02206	0.15742	0.01724	0.02318	0.01788	0.01622	0.28295	0.02665	0.03660	0.02831	0.16763	0.05001	0.01384	0.00874	0.00274	0.00833	0.03539	0.05228	0.01125
98	0.02254	0.08180	0.02229	0.01752	0.02118	0.21578	0.01404	0.10758	0.05651	0.02586	0.02984	0.03108	0.15035	0.01272	0.01209	0.00265	0.15189	0.00882	0.00561	0.00986
99	0.01966	0.01516	0.01666	0.01531	0.04451	0.01586	0.01147	0.15632	0.20556	0.06855	0.04990	0.04736	0.26992	0.01463	0.00895	0.00271	0.00636	0.01205	0.00805	0.01099
100	0.01396	0.01054	0.01497	0.01929	0.15080	0.00999	0.01127	0.01651	0.01761	0.05119	0.06813	0.32741	0.14208	0.05204	0.01109	0.00316	0.00597	0.01665	0.04885	0.00851
101	0.02046	0.02736	0.13541	0.05314	0.03199	0.19703	0.20682	0.02567	0.01891	0.02309	0.01645	0.02169	0.01337	0.01914	0.14721	0.00479	0.01558	0.00769	0.00414	0.01008
102	0.06968	0.03204	0.02401	0.02463	0.11898	0.43219	0.01675	0.06875	0.08793	0.02575	0.01581	0.01771	0.01272	0.00871	0.00762	0.00231	0.01250	0.00616	0.00498	0.01076

[dist]
# distance from previous block
# <min> <max>
2	76

[block]
# block no. 2 follows, 22 sequences, length 41
# corresponding to MSA columns:
# 290-330
name=unknown_C
#
# <colnr> <probs for GDERKNQSTAVLIFYWHMCP>
#	G	D	E	R	K	N	Q	S	T	A	V	L	I	F	Y	W	H	M	C	P
0	0.06495	0.29922	0.02836	0.04150	0.02183	0.08705	0.01317	0.12979	0.02184	0.02781	0.04914	0.02640	0.10317	0.01012	0.00702	0.00218	0.00849	0.00745	0.00543	0.04507
1	0.02498	0.16814	0.12194	0.01926	0.02549	0.28181	0.01724	0.06041	0.15259	0.02560	0.01765	0.01865	0.01392	0.00881	0.00736	0.00230	0.01132	0.00624	0.00509	0.01118
2	0.06172	0.37495	0.31888	0.01825	0.02755	0.02601	0.02127	0.02549	0.01702	0.02356	0.01305	0.01521	0.01051	0.00749	0.00646	0.00220	0.01026	0.00520	0.00362	0.01129
3	0.02338	0.56648	0.03873	0.01468	0.02145	0.03046	0.01404	0.12169	0.02047	0.02540	0.01369	0.01528	0.01176	0.00770	0.00583	0.00190	0.00867	0.00510	0.04223	0.01107
4	0.01247	0.00957	0.01161	0.01158	0.01371	0.00938	0.00863	0.01834	0.10802	0.02893	0.32278	0.20451	0.14134	0.01904	0.00988	0.00290	0.00472	0.04590	0.00846	0.00822
5	0.01004	0.00756	0.00930	0.01069	0.01182	0.00682	0.00732	0.01167	0.01675	0.02155	0.05649	0.52902	0.22164	0.02464	0.01038	0.00322	0.00465	0.02192	0.00771	0.00682
6	0.01012	0.00723	0.00964	0.01157	0.01205	0.00675	0.00771	0.01157	0.01591	0.02121	0.04579	0.70262	0.05495	0.02603	0.01060	0.00337	0.00482	0.02362	0.00771	0.00675
7	0.00992	0.00842	0.00855	0.00852	0.01128	0.00705	0.00639	0.01211	0.01917	0.02299	0.11288	0.07904	0.62378	0.02083	0.00982	0.00280	0.00419	0.01741	0.00779	0.00705
8	0.01012	0.00723	0.00964	0.01157	0.01205	0.00675	0.00771	0.01157	0.01591	0.02121	0.04579	0.70262	0.05495	0.02603	0.01060	0.00337	0.00482	0.02362	0.00771	0.00675
9	0.02221	0.71304	0.04353	0.01421	0.02132	0.03287	0.01421	0.02488	0.01688	0.01955	0.01155	0.01333	0.01066	0.00711	0.00533	0.00178	0.00888	0.00444	0.00355	0.01066
10	0.01569	0.01477	0.02492	0.68808	0.05722	0.01846	0.02307	0.02123	0.01661	0.02123	0.01477	0.02215	0.01107	0.00831	0.00831	0.00277	0.01107	0.00738	0.00369	0.00923
11	0.03158	0.02327	0.02493	0.01911	0.02576	0.02576	0.01579	0.62852	0.03906	0.05236	0.01995	0.01995	0.01413	0.00997	0.00831	0.00249	0.00914	0.00748	0.00831	0.01413
12	0.01022	0.00843	0.00897	0.00884	0.01147	0.00718	0.00663	0.01270	0.01988	0.02468	0.20125	0.07626	0.53436	0.02020	0.00981	0.00277	0.00415	0.01702	0.00801	0.00718
13	0.02221	0.71304	0.04353	0.01421	0.02132	0.03287	0.01421	0.02488	0.01688	0.01955	0.01155	0.01333	0.01066	0.00711	0.00533	0.00178	0.00888	0.00444	0.00355	0.01066
14	0.02271	0.01618	0.01752	0.04841	0.02077	0.01792	0.01206	0.25511	0.16210	0.03939	0.02524	0.02636	0.01896	0.01007	0.00746	0.00238	0.00682	0.00799	0.27113	0.01141
15	0.03104	0.02300	0.02463	0.01901	0.02556	0.02551	0.01566	0.59989	0.06856	0.05149	0.02062	0.02049	0.01468	0.01004	0.00832	0.00251	0.00902	0.00757	0.00832	0.01408
16	0.00982	0.00842	0.00842	0.00842	0.01122	0.00701	0.00631	0.01192	0.01894	0.02244	0.08416	0.07995	0.65285	0.02104	0.00982	0.00281	0.00421	0.01753	0.00771	0.00701
17	0.01012	0.00723	0.00964	0.01157	0.01205	0.00675	0.00771	0.01157	0.01591	0.02121	0.04579	0.70262	0.05495	0.02603	0.01060	0.00337	0.00482	0.02362	0.00771	0.00675
18	0.01208	0.00805	0.00906	0.00906	0.00906	0.00805	0.00503	0.01208	0.01208	0.01611	0.02618	0.05436	0.03020	0.70804	0.04228	0.00805	0.00805	0.01208	0.00503	0.00503
19	0.01506	0.00947	0.01070	0.00980	0.01318	0.00805	0.00756	0.01756	0.02032	0.14073	0.13596	0.06856	0.47512	0.01863	0.00955	0.00274	0.00470	0.01558	0.00834	0.00841
20	0.01818	0.01818	0.02545	0.02181	0.02181	0.02545	0.01818	0.01999	0.01272	0.01999	0.01091	0.01818	0.01091	0.01454	0.02726	0.00364	0.69284	0.00727	0.00364	0.00909
21	0.02167	0.64804	0.10382	0.01513	0.02274	0.03155	0.01581	0.02501	0.01694	0.02020	0.01188	0.01373	0.01065	0.00718	0.00558	0.00186	0.00921	0.00461	0.00355	0.01082
22	0.01187	0.00890	0.01335	0.01335	0.01483	0.01038	0.01038	0.01483	0.01335	0.01928	0.02225	0.03264	0.02077	0.06231	0.67512	0.01335	0.02225	0.00890	0.00445	0.00742
23	0.02982	0.01942	0.02174	0.01739	0.02342	0.02091	0.01413	0.31210	0.21048	0.19898	0.02717	0.02523	0.01900	0.01043	0.00836	0.00261	0.00788	0.00825	0.00884	0.01385
24	0.01187	0.00890	0.01335	0.01335	0.01483	0.01038	0.01038	0.01483	0.01335	0.01928	0.02225	0.03264	0.02077	0.06231	0.67512	0.01335	0.02225	0.00890	0.00445	0.00742
25	0.01961	0.02241	0.04902	0.03501	0.04342	0.02101	0.62605	0.02661	0.01961	0.02661	0.01681	0.02241	0.01261	0.00700	0.00980	0.00280	0.01401	0.00980	0.00420	0.01120
26	0.03158	0.02327	0.02493	0.01911	0.02576	0.02576	0.01579	0.62852	0.03906	0.05236	0.01995	0.01995	0.01413	0.00997	0.00831	0.00249	0.00914	0.00748	0.00831	0.01413
27	0.01012	0.00723	0.00964	0.01157	0.01205	0.00675	0.00771	0.01157	0.01591	0.02121	0.04579	0.70262	0.05495	0.02603	0.01060	0.00337	0.00482	0.02362	0.00771	0.00675
28	0.01549	0.00774	0.00774	0.00774	0.00968	0.00774	0.00581	0.01936	0.01742	0.03097	0.02710	0.03097	0.02129	0.00968	0.00581	0.00194	0.00387	0.00774	0.75416	0.00774
