[name]
unknown

[dist]
# distance from previous block
# <min> <max>
2	38

[block]
# block no. 0 follows, 21 sequences, length 6
# corresponding to MSA columns:
# 38-43
name=unknown_A
#
# <colnr> <probs for GDERKNQSTAVLIFYWHMCP>
#	G	D	E	R	K	N	Q	S	T	A	V	L	I	F	Y	W	H	M	C	P
0	0.26634	0.01514	0.04294	0.01293	0.01762	0.01485	0.01091	0.02625	0.12102	0.09425	0.08220	0.04220	0.15570	0.01343	0.00810	0.00282	0.00636	0.04962	0.00732	0.00999
1	0.05426	0.26268	0.02752	0.15064	0.02712	0.10255	0.01466	0.02369	0.01761	0.02301	0.01634	0.02077	0.01379	0.01493	0.08595	0.00356	0.01111	0.00633	0.11391	0.00957
2	0.02320	0.02175	0.14972	0.07991	0.02703	0.01739	0.01695	0.16660	0.06689	0.14202	0.03213	0.03394	0.10739	0.06345	0.01129	0.00312	0.00884	0.00950	0.00708	0.01179
3	0.08964	0.01856	0.06412	0.13679	0.02676	0.09330	0.01507	0.02362	0.01802	0.06873	0.05850	0.02552	0.01879	0.01758	0.10405	0.00412	0.05995	0.00758	0.08376	0.06555
4	0.05481	0.09045	0.07062	0.14377	0.16676	0.16197	0.05646	0.06817	0.02059	0.02621	0.01470	0.01882	0.01186	0.00862	0.00911	0.00255	0.05215	0.00677	0.00440	0.01121
5	0.09340	0.12001	0.13639	0.06885	0.11386	0.01920	0.01770	0.02310	0.01790	0.02777	0.09141	0.02523	0.02105	0.00994	0.00931	0.00254	0.07254	0.00758	0.11187	0.01037

[dist]
# distance from previous block
# <min> <max>
24	135

[block]
# block no. 1 follows, 21 sequences, length 57
# corresponding to MSA columns:
# 179-235
name=unknown_B
#
# <colnr> <probs for GDERKNQSTAVLIFYWHMCP>
#	G	D	E	R	K	N	Q	S	T	A	V	L	I	F	Y	W	H	M	C	P
0	0.05409	0.26445	0.13272	0.01700	0.02431	0.05088	0.01656	0.03326	0.14280	0.15266	0.02142	0.02116	0.01591	0.00901	0.00724	0.00239	0.00899	0.00670	0.00613	0.01231
1	0.02338	0.07834	0.02226	0.01663	0.02174	0.13944	0.01341	0.14318	0.06883	0.03074	0.01836	0.02093	0.01485	0.01312	0.05653	0.00300	0.06029	0.00667	0.07000	0.17831
2	0.12227	0.06922	0.02261	0.01838	0.02334	0.34098	0.01451	0.08283	0.02241	0.02714	0.01564	0.02073	0.01353	0.00952	0.00820	0.00231	0.03874	0.04038	0.00509	0.10217
3	0.02064	0.02316	0.06784	0.07650	0.07304	0.16317	0.05205	0.03039	0.19736	0.02670	0.02679	0.15540	0.02454	0.01284	0.00888	0.00280	0.00982	0.01102	0.00619	0.01086
4	0.02133	0.01842	0.05157	0.01583	0.02057	0.05453	0.01316	0.13606	0.02144	0.06126	0.02016	0.05092	0.01739	0.06204	0.03824	0.00319	0.10199	0.00790	0.08507	0.19893
5	0.02346	0.12396	0.02309	0.01698	0.02080	0.25297	0.01346	0.07309	0.04240	0.02448	0.02458	0.02855	0.08638	0.06841	0.01281	0.00293	0.08536	0.00805	0.05862	0.00962
6	0.21152	0.20542	0.16752	0.02102	0.09131	0.12499	0.01846	0.02709	0.01802	0.02716	0.01325	0.01571	0.01073	0.00788	0.00666	0.00236	0.01032	0.00542	0.00422	0.01096
7	0.02373	0.36553	0.17159	0.01939	0.02713	0.19228	0.04283	0.02805	0.01930	0.02201	0.01313	0.01539	0.01098	0.00783	0.00678	0.00215	0.01166	0.00538	0.00385	0.01103
8	0.01216	0.00912	0.01368	0.01368	0.01520	0.01064	0.01064	0.01520	0.01368	0.01976	0.02279	0.03343	0.02127	0.06382	0.66720	0.01368	0.02279	0.00912	0.00456	0.00760
9	0.01384	0.01025	0.01255	0.01290	0.01511	0.01002	0.00999	0.08308	0.02138	0.02812	0.12910	0.27831	0.16149	0.02187	0.01055	0.00325	0.00590	0.15596	0.00815	0.00819
10	0.01963	0.04655	0.03486	0.08910	0.24003	0.02026	0.20831	0.02809	0.11562	0.02770	0.02412	0.02755	0.06035	0.00915	0.00898	0.00271	0.01056	0.00930	0.00515	0.01196
11	0.01478	0.01157	0.01737	0.02242	0.14086	0.01152	0.01549	0.01864	0.01917	0.02550	0.03956	0.14955	0.04283	0.02074	0.01100	0.00359	0.00795	0.41149	0.00713	0.00884
12	0.02053	0.02171	0.04307	0.04332	0.31936	0.02093	0.34776	0.02674	0.01976	0.02751	0.01667	0.02209	0.01317	0.00736	0.00931	0.00271	0.01242	0.00892	0.00426	0.01239
13	0.02049	0.01964	0.03352	0.12380	0.58071	0.02007	0.02583	0.02562	0.01911	0.02711	0.01591	0.02125	0.01324	0.00769	0.00843	0.00256	0.01025	0.00758	0.00416	0.01302
14	0.02509	0.53361	0.03929	0.01647	0.02300	0.19771	0.01505	0.02768	0.01906	0.02023	0.01217	0.01409	0.01093	0.00767	0.00603	0.00192	0.01072	0.00479	0.00383	0.01065
15	0.01277	0.01028	0.01148	0.01169	0.01438	0.00995	0.00917	0.01836	0.10787	0.02490	0.06360	0.07594	0.35619	0.07695	0.01303	0.00358	0.00586	0.15815	0.00777	0.00809
16	0.01170	0.00821	0.01059	0.01120	0.01174	0.00845	0.00741	0.01293	0.01392	0.01895	0.03202	0.24856	0.03634	0.32872	0.19277	0.00815	0.01094	0.01521	0.00586	0.00633
17	0.02756	0.08008	0.16487	0.02044	0.05656	0.01845	0.05370	0.11739	0.02412	0.26251	0.06931	0.02587	0.02055	0.00985	0.00838	0.00258	0.00920	0.00814	0.00738	0.01306
18	0.01218	0.00905	0.01331	0.01331	0.01471	0.01044	0.01018	0.01496	0.01357	0.01949	0.02313	0.03528	0.02208	0.11669	0.61543	0.01323	0.02159	0.00939	0.00461	0.00740
19	0.01085	0.00862	0.00971	0.01023	0.01248	0.00763	0.00775	0.01317	0.01891	0.02343	0.09960	0.16223	0.42088	0.05501	0.01202	0.00336	0.00509	0.10398	0.00783	0.00719
20	0.01058	0.00768	0.01005	0.01186	0.01265	0.00714	0.00820	0.01230	0.01679	0.02210	0.05003	0.60137	0.10456	0.02601	0.01086	0.00344	0.00509	0.06440	0.00790	0.00700
21	0.02764	0.23185	0.02883	0.01788	0.02359	0.23745	0.01480	0.06356	0.14835	0.09735	0.01987	0.02002	0.01537	0.00917	0.00736	0.00229	0.01048	0.00651	0.00595	0.01168
22	0.01265	0.01061	0.01128	0.01099	0.01412	0.01019	0.00848	0.01938	0.14046	0.02645	0.11313	0.07173	0.43895	0.01943	0.00990	0.00294	0.00502	0.05760	0.00815	0.00853
23	0.01910	0.02204	0.07829	0.17552	0.11522	0.02088	0.36354	0.02566	0.01895	0.02585	0.01628	0.02222	0.01245	0.00786	0.01010	0.00285	0.03894	0.00890	0.00412	0.01125
24	0.01976	0.05329	0.02682	0.02194	0.02260	0.07250	0.01827	0.02169	0.01403	0.02048	0.01135	0.01814	0.01114	0.01409	0.02539	0.00352	0.60462	0.00717	0.00377	0.00943
25	0.01032	0.00824	0.00924	0.00981	0.01186	0.00717	0.00705	0.01242	0.01881	0.02351	0.12005	0.27377	0.41218	0.02282	0.01031	0.00304	0.00448	0.01971	0.00802	0.00717
26	0.01049	0.00869	0.00926	0.00958	0.01224	0.00747	0.00736	0.01281	0.01927	0.02321	0.07958	0.11385	0.54747	0.02203	0.01029	0.00302	0.00474	0.08350	0.00789	0.00724
27	0.10306	0.12208	0.16963	0.02311	0.14560	0.01919	0.01852	0.05885	0.02063	0.03082	0.17543	0.02928	0.02915	0.01036	0.00797	0.00251	0.00852	0.00851	0.00568	0.01108
28	0.31332	0.12949	0.02416	0.01972	0.09260	0.14980	0.01440	0.11328	0.02107	0.03302	0.01382	0.01588	0.01107	0.00827	0.00660	0.00240	0.00950	0.00555	0.00519	0.01086
29	0.02344	0.15279	0.09944	0.01970	0.02494	0.17443	0.01754	0.06481	0.11468	0.02582	0.01657	0.01898	0.01358	0.01015	0.01182	0.00260	0.15614	0.00658	0.00495	0.04104
30	0.01149	0.00856	0.01055	0.01027	0.01225	0.00777	0.00753	0.01470	0.02186	0.02982	0.44289	0.11750	0.19996	0.05285	0.01175	0.00306	0.00436	0.01651	0.00872	0.00761
31	0.01962	0.02159	0.04260	0.03160	0.03750	0.02295	0.42831	0.02512	0.01786	0.02512	0.01531	0.02159	0.01236	0.00961	0.01568	0.00314	0.22588	0.00922	0.00412	0.01079
32	0.01105	0.00796	0.01028	0.01149	0.01248	0.00745	0.00802	0.01307	0.01777	0.02379	0.15018	0.44485	0.10055	0.08041	0.01342	0.00371	0.00522	0.06332	0.00792	0.00705
33	0.01332	0.00884	0.01092	0.01119	0.01306	0.00811	0.00819	0.01560	0.01879	0.07080	0.15594	0.22908	0.19322	0.12017	0.01517	0.00387	0.00561	0.08259	0.00795	0.00758
34	0.01418	0.01086	0.01230	0.01114	0.01420	0.01035	0.00857	0.10208	0.02447	0.03238	0.32398	0.06484	0.30253	0.01806	0.00982	0.00274	0.00491	0.01532	0.00864	0.00862
35	0.01044	0.00746	0.00994	0.01180	0.01236	0.00696	0.00791	0.01203	0.01662	0.02225	0.07219	0.66858	0.05730	0.02627	0.01083	0.00342	0.00490	0.02382	0.00796	0.00696
36	0.02094	0.02046	0.02445	0.10503	0.25850	0.14445	0.01857	0.02498	0.01906	0.02569	0.01781	0.02279	0.01471	0.01173	0.04283	0.00303	0.05089	0.00731	0.15615	0.01063
37	0.02039	0.02653	0.15841	0.08476	0.28358	0.06863	0.14656	0.02649	0.01910	0.02619	0.01559	0.02041	0.01237	0.00813	0.00964	0.00269	0.04667	0.00767	0.00407	0.01212
38	0.02654	0.25969	0.12883	0.01987	0.02647	0.35861	0.01815	0.03010	0.02092	0.02151	0.01305	0.01520	0.01092	0.00817	0.00701	0.00215	0.01287	0.00530	0.00402	0.01063
39	0.04760	0.01336	0.01710	0.10230	0.07544	0.01384	0.01237	0.10619	0.02169	0.07581	0.13949	0.04508	0.12647	0.14842	0.01572	0.00379	0.00749	0.01145	0.00694	0.00945
40	0.01862	0.08625	0.45497	0.12177	0.06758	0.02032	0.02780	0.02678	0.01817	0.05794	0.01597	0.01906	0.01153	0.00819	0.00799	0.00264	0.01174	0.00653	0.00401	0.01213
41	0.02008	0.01981	0.03520	0.04630	0.50113	0.01947	0.12202	0.02527	0.01950	0.02736	0.02142	0.02589	0.06026	0.00855	0.00881	0.00261	0.01038	0.00876	0.00450	0.01268
42	0.03085	0.03088	0.02353	0.01987	0.02513	0.34016	0.01555	0.28679	0.03054	0.03586	0.01739	0.01877	0.01329	0.00948	0.00791	0.00233	0.01191	0.00661	0.06143	0.01172
43	0.01810	0.03027	0.31546	0.03183	0.18052	0.01898	0.14847	0.02566	0.01939	0.02798	0.08286	0.02459	0.01928	0.00877	0.00878	0.00269	0.01144	0.00834	0.00450	0.01208
44	0.02085	0.15332	0.02771	0.01890	0.02138	0.02558	0.01591	0.11330	0.01797	0.02507	0.01452	0.02215	0.01389	0.09083	0.02226	0.00368	0.37065	0.00747	0.00461	0.00995
45	0.11742	0.01322	0.01474	0.01356	0.01732	0.01360	0.01038	0.06889	0.13334	0.14468	0.04018	0.24299	0.10206	0.01669	0.00904	0.00296	0.00615	0.01417	0.00822	0.01039
46	0.01929	0.02718	0.19894	0.03415	0.15810	0.02147	0.26383	0.02597	0.01838	0.02630	0.01560	0.02068	0.01223	0.00861	0.01182	0.00288	0.11048	0.00822	0.00402	0.01184
47	0.01151	0.00848	0.00924	0.00934	0.01061	0.00790	0.00613	0.01258	0.01559	0.01959	0.05178	0.06837	0.28001	0.39127	0.02824	0.00585	0.00664	0.04438	0.00641	0.00611
48	0.02626	0.01929	0.02131	0.01701	0.02243	0.02069	0.01370	0.42941	0.03344	0.04529	0.10375	0.08307	0.02653	0.01309	0.00978	0.03280	0.00803	0.00990	0.00817	0.05602
49	0.01262	0.01002	0.01214	0.01162	0.01469	0.00835	0.00838	0.01492	0.01717	0.02380	0.04259	0.39265	0.12790	0.01950	0.00931	0.00268	0.00528	0.01725	0.00700	0.24214
50	0.09154	0.02677	0.02285	0.06649	0.02700	0.24194	0.01559	0.21817	0.06406	0.11540	0.01940	0.02009	0.01415	0.00953	0.00797	0.00249	0.01089	0.00689	0.00676	0.01204
51	0.01821	0.03605	0.45085	0.03127	0.19199	0.02035	0.02913	0.02626	0.01796	0.02669	0.01516	0.01881	0.01150	0.00846	0.00965	0.00273	0.06193	0.00671	0.00376	0.01257
52	0.01171	0.00868	0.01182	0.01345	0.01429	0.00879	0.01002	0.01384	0.01694	0.02261	0.04430	0.50181	0.05173	0.02515	0.01211	0.00359	0.04620	0.16802	0.00763	0.00729
53	0.26560	0.01685	0.01680	0.01469	0.01945	0.01914	0.01176	0.14386	0.18696	0.03691	0.02571	0.02686	0.05435	0.01827	0.10320	0.00430	0.00938	0.00801	0.00687	0.01103
54	0.02152	0.02316	0.07585	0.03774	0.34957	0.06856	0.06971	0.03174	0.17645	0.02917	0.02060	0.02330	0.01625	0.00869	0.00853	0.00263	0.01015	0.00805	0.00533	0.01298
55	0.01780	0.01655	0.02203	0.01908	0.02000	0.04597	0.03861	0.02015	0.01445	0.02204	0.01602	0.02455	0.01508	0.06865	0.07742	0.00454	0.42822	0.00805	0.11203	0.00877
56	0.01346	0.00961	0.01130	0.01162	0.01258	0.00990	0.00795	0.01706	0.08471	0.02082	0.03288	0.11578	0.03596	0.43642	0.03061	0.00641	0.00771	0.12213	0.00630	0.00676

[dist]
# distance from previous block
# <min> <max>
0	8

[block]
# block no. 2 follows, 21 sequences, length 21
# corresponding to MSA columns:
# 244-264
name=unknown_C
#
# <colnr> <probs for GDERKNQSTAVLIFYWHMCP>
#	G	D	E	R	K	N	Q	S	T	A	V	L	I	F	Y	W	H	M	C	P
0	0.06508	0.11836	0.39297	0.02024	0.02927	0.06623	0.02335	0.02501	0.01765	0.02540	0.01773	0.07618	0.01537	0.01362	0.05513	0.00340	0.01204	0.00765	0.00420	0.01112
1	0.01963	0.11403	0.40897	0.02895	0.16464	0.06799	0.02731	0.02711	0.01863	0.02590	0.01488	0.01795	0.01138	0.00794	0.00783	0.00252	0.01185	0.00631	0.00379	0.01239
2	0.01925	0.01714	0.02552	0.03264	0.34288	0.01563	0.01800	0.02371	0.01856	0.02811	0.01666	0.02062	0.01385	0.00727	0.00737	0.00198	0.00807	0.00660	0.06833	0.30783
3	0.01213	0.00829	0.00921	0.00921	0.00952	0.00814	0.00530	0.01236	0.01312	0.01719	0.03314	0.05848	0.09631	0.62852	0.03977	0.00768	0.00783	0.01297	0.00545	0.00537
4	0.01729	0.01459	0.01678	0.01506	0.01724	0.04908	0.01163	0.08101	0.01834	0.02573	0.02804	0.15161	0.06544	0.08440	0.06057	0.00412	0.17266	0.01153	0.08246	0.07242
5	0.01821	0.01170	0.01534	0.01678	0.10420	0.01038	0.01092	0.02110	0.02031	0.16244	0.08136	0.11701	0.31217	0.01684	0.00942	0.00275	0.00590	0.01438	0.00790	0.04089
6	0.01220	0.00895	0.01283	0.01283	0.01406	0.01018	0.00958	0.01465	0.01343	0.01913	0.02357	0.03771	0.02313	0.18635	0.54722	0.01263	0.02000	0.00974	0.00467	0.00713
7	0.02270	0.09742	0.06309	0.05539	0.06946	0.21731	0.01646	0.08802	0.02163	0.02542	0.02409	0.11787	0.06351	0.01259	0.00997	0.00264	0.06725	0.00963	0.00535	0.01021
8	0.02680	0.07352	0.02602	0.02162	0.02470	0.41221	0.01706	0.02891	0.01996	0.02066	0.01240	0.01635	0.01103	0.01075	0.01437	0.00269	0.24101	0.00609	0.00412	0.00974
9	0.01218	0.00817	0.00934	0.00953	0.00957	0.00812	0.00542	0.01233	0.01275	0.01700	0.02874	0.11697	0.03337	0.63633	0.04021	0.00779	0.00793	0.01351	0.00542	0.00532
10	0.01167	0.00880	0.01158	0.01286	0.03940	0.00815	0.00888	0.01458	0.02025	0.02744	0.29370	0.28391	0.14834	0.02116	0.01037	0.00305	0.00487	0.05493	0.00834	0.00774
11	0.02231	0.02652	0.15148	0.04059	0.39091	0.08169	0.06786	0.02805	0.01992	0.06532	0.01676	0.02055	0.01315	0.00794	0.00841	0.00256	0.01121	0.00737	0.00451	0.01288
12	0.08112	0.05467	0.02570	0.02240	0.10115	0.06441	0.07260	0.08170	0.02204	0.25219	0.02257	0.02388	0.01632	0.01501	0.07709	0.00375	0.03642	0.00780	0.00692	0.01226
13	0.02104	0.02559	0.09076	0.09473	0.11415	0.11436	0.26581	0.02657	0.01910	0.02489	0.01526	0.02056	0.01212	0.00875	0.01172	0.00283	0.10839	0.00816	0.00411	0.01109
14	0.02124	0.01614	0.01995	0.02054	0.10787	0.01701	0.01391	0.25696	0.02667	0.03608	0.08085	0.16554	0.03240	0.08824	0.01303	0.00344	0.00792	0.05392	0.00745	0.01083
15	0.46769	0.01923	0.01545	0.01387	0.01862	0.09865	0.01107	0.10363	0.01945	0.03590	0.01804	0.08894	0.01651	0.01085	0.00682	0.00270	0.00791	0.02897	0.00596	0.00971
16	0.06109	0.11553	0.13829	0.01384	0.01946	0.01571	0.01358	0.06170	0.01984	0.02680	0.07763	0.04712	0.27638	0.01816	0.05590	0.00342	0.00837	0.01153	0.00620	0.00945
17	0.02644	0.02839	0.10564	0.08209	0.02791	0.26863	0.01701	0.06727	0.02300	0.13688	0.02800	0.02851	0.10207	0.01086	0.00835	0.00252	0.01122	0.00823	0.00607	0.01092
18	0.06458	0.02412	0.19554	0.06554	0.11386	0.01811	0.05121	0.13157	0.02192	0.03124	0.02683	0.12202	0.07275	0.01220	0.00874	0.00279	0.00949	0.01047	0.00572	0.01131
19	0.06777	0.16511	0.08306	0.06875	0.08591	0.07388	0.22268	0.08354	0.02098	0.02814	0.01540	0.01912	0.01207	0.00784	0.00811	0.00251	0.01172	0.00737	0.00454	0.01151
20	0.02437	0.02571	0.10276	0.02547	0.14108	0.15997	0.04343	0.08635	0.07536	0.09541	0.02760	0.03034	0.08116	0.01084	0.00862	0.00262	0.01039	0.03053	0.00616	0.01183

[dist]
# distance from previous block
# <min> <max>
2	29

[block]
# block no. 3 follows, 21 sequences, length 24
# corresponding to MSA columns:
# 294-317
name=unknown_D
#
# <colnr> <probs for GDERKNQSTAVLIFYWHMCP>
#	G	D	E	R	K	N	Q	S	T	A	V	L	I	F	Y	W	H	M	C	P
0	0.09413	0.43995	0.22438	0.01712	0.02579	0.02807	0.01908	0.02587	0.01722	0.02389	0.01286	0.01496	0.01071	0.00758	0.00623	0.00216	0.00989	0.00508	0.00379	0.01125
1	0.01806	0.03711	0.45794	0.02806	0.03934	0.02034	0.22340	0.02705	0.01866	0.02705	0.01591	0.01960	0.01148	0.00779	0.00873	0.00275	0.01316	0.00752	0.00383	0.01222
2	0.01006	0.00862	0.00862	0.00862	0.01149	0.00718	0.00647	0.01221	0.01940	0.02299	0.08621	0.08190	0.64438	0.02155	0.01006	0.00287	0.00431	0.01796	0.00790	0.00718
3	0.08474	0.01437	0.01895	0.01491	0.02116	0.01280	0.01235	0.03913	0.02345	0.58006	0.03274	0.03148	0.02174	0.01104	0.00851	0.00270	0.00723	0.03880	0.01004	0.01379
4	0.01952	0.02508	0.14327	0.07293	0.04011	0.02100	0.37244	0.03008	0.12991	0.02835	0.01990	0.02370	0.01481	0.00820	0.00937	0.00284	0.01249	0.00918	0.00494	0.01189
5	0.01071	0.00852	0.00881	0.00881	0.01088	0.00748	0.00610	0.01226	0.01744	0.02118	0.06962	0.07458	0.47309	0.21125	0.01934	0.00437	0.00541	0.01640	0.00714	0.00662
6	0.01216	0.00912	0.01368	0.01368	0.01520	0.01064	0.01064	0.01520	0.01368	0.01976	0.02279	0.03343	0.02127	0.06382	0.66720	0.01368	0.02279	0.00912	0.00456	0.00760
7	0.01238	0.00825	0.00928	0.00928	0.00928	0.00825	0.00516	0.01238	0.01238	0.01650	0.02681	0.05569	0.03094	0.70092	0.04331	0.00825	0.00825	0.01238	0.00516	0.00516
8	0.01205	0.00788	0.01010	0.01086	0.01164	0.00747	0.00738	0.01210	0.01495	0.01938	0.04163	0.26423	0.14493	0.13482	0.02222	0.21254	0.00620	0.04751	0.00629	0.00583
9	0.02301	0.01933	0.02128	0.01996	0.06350	0.02197	0.01474	0.13889	0.49470	0.03807	0.03108	0.02919	0.02326	0.01107	0.00862	0.00281	0.00739	0.00917	0.00835	0.01364
10	0.01116	0.00846	0.00981	0.00978	0.01164	0.00762	0.00694	0.01353	0.01954	0.02563	0.26450	0.13426	0.28805	0.13293	0.01563	0.00375	0.00492	0.01679	0.00795	0.00711
11	0.02043	0.01991	0.03415	0.08889	0.50815	0.02080	0.06401	0.02535	0.01864	0.02665	0.01555	0.02105	0.01308	0.00834	0.01047	0.00269	0.07730	0.00773	0.00414	0.01267
12	0.01133	0.00827	0.01071	0.01127	0.01278	0.00764	0.00821	0.01421	0.02040	0.02783	0.32679	0.30807	0.12029	0.02170	0.01046	0.00307	0.00464	0.05623	0.00858	0.00751
13	0.02558	0.02191	0.03080	0.03982	0.41340	0.05198	0.02220	0.19388	0.02564	0.06540	0.01798	0.02100	0.01401	0.00852	0.00842	0.00252	0.01001	0.00755	0.00574	0.01364
14	0.02547	0.02346	0.02394	0.05330	0.06590	0.15461	0.01666	0.24855	0.02619	0.03346	0.01749	0.02143	0.01420	0.01918	0.11990	0.00449	0.10714	0.00741	0.00584	0.01136
15	0.01053	0.00806	0.00967	0.01050	0.01210	0.00719	0.00741	0.01268	0.01869	0.02423	0.15952	0.37086	0.27131	0.02330	0.01044	0.00312	0.00456	0.02050	0.00814	0.00719
16	0.07040	0.51897	0.17327	0.01641	0.02469	0.02974	0.01781	0.02577	0.01725	0.02270	0.01257	0.01458	0.01078	0.00749	0.00601	0.00206	0.00968	0.00493	0.00374	0.01116
17	0.01754	0.04094	0.57094	0.02661	0.06460	0.01995	0.08753	0.02694	0.01823	0.02702	0.01549	0.01858	0.01110	0.00798	0.00829	0.00270	0.01264	0.00671	0.00369	0.01251
18	0.03279	0.01302	0.01725	0.01366	0.01919	0.01146	0.01113	0.03624	0.02326	0.51066	0.07224	0.03167	0.02504	0.01088	0.00822	0.00253	0.00649	0.00890	0.13237	0.01298
19	0.01018	0.00814	0.00911	0.00989	0.01183	0.00708	0.00703	0.01207	0.01818	0.02249	0.07074	0.32331	0.41295	0.02356	0.01037	0.00310	0.00456	0.02041	0.00790	0.00708
20	0.05611	0.01500	0.07964	0.01396	0.01733	0.04158	0.01150	0.04506	0.01875	0.10695	0.03856	0.35941	0.07713	0.06403	0.01181	0.00341	0.00697	0.01649	0.00734	0.00898
21	0.02346	0.02079	0.03102	0.04345	0.48912	0.06142	0.02300	0.02987	0.07553	0.09001	0.01924	0.02244	0.01520	0.00831	0.00841	0.00255	0.00986	0.00773	0.00525	0.01334
22	0.01410	0.00841	0.01058	0.01058	0.01218	0.00905	0.00797	0.01709	0.01549	0.02513	0.02492	0.03312	0.02158	0.06233	0.28730	0.04824	0.01226	0.00859	0.36364	0.00744
23	0.02143	0.01713	0.02023	0.01707	0.05205	0.01670	0.01296	0.19664	0.06397	0.03449	0.01927	0.02216	0.01550	0.01736	0.11644	0.00386	0.01014	0.00691	0.00617	0.32955

[dist]
# distance from previous block
# <min> <max>
0	1

[block]
# block no. 4 follows, 21 sequences, length 28
# corresponding to MSA columns:
# 319-346
name=unknown_E
#
# <colnr> <probs for GDERKNQSTAVLIFYWHMCP>
#	G	D	E	R	K	N	Q	S	T	A	V	L	I	F	Y	W	H	M	C	P
0	0.02140	0.09505	0.15187	0.06332	0.29930	0.09643	0.09991	0.02709	0.01945	0.02575	0.01524	0.01940	0.01227	0.00777	0.00819	0.00251	0.01167	0.00711	0.00405	0.01222
1	0.01943	0.01752	0.01572	0.01442	0.01821	0.11275	0.01093	0.03043	0.26746	0.05348	0.04518	0.04509	0.20006	0.06070	0.01112	0.00309	0.00733	0.01143	0.04533	0.01033
2	0.01106	0.00926	0.00954	0.00937	0.01217	0.00824	0.00696	0.01469	0.06094	0.02414	0.11239	0.07594	0.53475	0.05851	0.01182	0.00316	0.00468	0.01693	0.00789	0.00755
3	0.02755	0.02481	0.02699	0.03044	0.23296	0.16836	0.01913	0.20517	0.02697	0.07731	0.01994	0.02539	0.01622	0.00996	0.00852	0.00256	0.01072	0.04816	0.00623	0.01262
4	0.02483	0.02790	0.02430	0.13773	0.11290	0.33577	0.01810	0.06277	0.02168	0.02370	0.01571	0.02031	0.01308	0.01669	0.10426	0.00405	0.01470	0.00678	0.00453	0.01022
5	0.01631	0.01346	0.01501	0.01431	0.01782	0.01446	0.01129	0.02956	0.31408	0.03121	0.14266	0.05733	0.15851	0.01643	0.00967	0.00302	0.00602	0.10992	0.00849	0.01044
6	0.01593	0.01121	0.01554	0.01390	0.01673	0.01091	0.05581	0.02138	0.09096	0.08965	0.22839	0.16817	0.08410	0.09548	0.03931	0.00392	0.00684	0.01481	0.00799	0.00897
7	0.01037	0.00863	0.00906	0.00895	0.01169	0.00732	0.00671	0.01282	0.02014	0.02475	0.17437	0.07900	0.55512	0.02090	0.01005	0.00284	0.00426	0.01755	0.00813	0.00732
8	0.03179	0.04056	0.02412	0.02192	0.02631	0.66676	0.01644	0.03398	0.02412	0.02083	0.01315	0.01535	0.01096	0.00877	0.00767	0.00219	0.01535	0.00548	0.00438	0.00987
9	0.01082	0.00794	0.00979	0.01074	0.01185	0.00730	0.00730	0.01262	0.01756	0.02318	0.14186	0.40322	0.16797	0.10935	0.01468	0.00383	0.00510	0.02019	0.00778	0.00691
10	0.02117	0.01828	0.01924	0.01732	0.02213	0.02117	0.01347	0.04522	0.63246	0.03560	0.03464	0.03175	0.02598	0.01155	0.00866	0.00289	0.00673	0.00962	0.00866	0.01347
11	0.76103	0.01646	0.01251	0.01119	0.01646	0.01909	0.00922	0.02502	0.01448	0.03818	0.01185	0.01382	0.00922	0.00790	0.00527	0.00263	0.00658	0.00461	0.00527	0.00922
12	0.09528	0.01986	0.07113	0.08407	0.39463	0.01851	0.02236	0.02707	0.01922	0.10083	0.01914	0.02535	0.01558	0.00894	0.00830	0.00266	0.00956	0.03982	0.00518	0.01252
13	0.02164	0.02371	0.02927	0.32188	0.15825	0.19427	0.08090	0.02641	0.01968	0.02317	0.01496	0.02043	0.01179	0.00827	0.00842	0.00261	0.01249	0.00725	0.00408	0.01052
14	0.08025	0.02308	0.02520	0.04498	0.12003	0.08652	0.01705	0.34519	0.03103	0.11402	0.01981	0.02064	0.01428	0.00950	0.00820	0.00254	0.00970	0.00733	0.00732	0.01335
15	0.06446	0.03033	0.02220	0.02052	0.04665	0.39870	0.01524	0.06558	0.05939	0.09666	0.01816	0.02008	0.01423	0.01458	0.07309	0.00347	0.01371	0.00659	0.00562	0.01074
16	0.01257	0.01000	0.01588	0.05408	0.01900	0.01118	0.04548	0.01576	0.01463	0.02060	0.02566	0.13214	0.02550	0.05172	0.49178	0.01088	0.01894	0.01135	0.00500	0.00783
17	0.01025	0.00827	0.00913	0.00967	0.01180	0.00715	0.00696	0.01230	0.01873	0.02319	0.10316	0.25967	0.44431	0.02283	0.01029	0.00303	0.00448	0.01964	0.00798	0.00715
18	0.01794	0.01934	0.09004	0.21710	0.31819	0.01797	0.02369	0.02338	0.01851	0.02553	0.02063	0.05307	0.01882	0.01067	0.00895	0.00285	0.01022	0.08718	0.00464	0.01130
19	0.01992	0.01946	0.03045	0.11808	0.48794	0.04970	0.02343	0.02462	0.01934	0.02630	0.02272	0.02700	0.07558	0.00913	0.00856	0.00258	0.00993	0.00851	0.00454	0.01222
20	0.02079	0.02015	0.03502	0.07921	0.58803	0.02023	0.05896	0.02599	0.01931	0.02750	0.01604	0.02124	0.01335	0.00760	0.00852	0.00256	0.01040	0.00772	0.00420	0.01319
21	0.01098	0.00788	0.00947	0.01047	0.01120	0.00740	0.00676	0.01208	0.01552	0.02022	0.04680	0.38416	0.14510	0.24705	0.02138	0.00493	0.00592	0.01929	0.00700	0.00638
22	0.01653	0.01111	0.01411	0.07852	0.01916	0.01133	0.01055	0.04827	0.06014	0.09689	0.04152	0.18537	0.13536	0.13724	0.06164	0.00468	0.00803	0.04371	0.00718	0.00869
23	0.02102	0.07272	0.11052	0.04030	0.36776	0.05843	0.11415	0.02646	0.01906	0.02624	0.01536	0.01999	0.01261	0.00806	0.00953	0.00260	0.05119	0.00746	0.00409	0.01244
24	0.01102	0.00805	0.01029	0.01182	0.01289	0.00753	0.00847	0.01291	0.01704	0.02218	0.05112	0.45710	0.14207	0.07274	0.01317	0.00378	0.00556	0.11757	0.00770	0.00699
25	0.02019	0.01740	0.02692	0.16154	0.33394	0.01829	0.02086	0.02782	0.11183	0.06986	0.02679	0.02955	0.07794	0.00994	0.00865	0.00268	0.00907	0.00898	0.00560	0.01215
26	0.25624	0.02414	0.16132	0.03313	0.31506	0.01976	0.02187	0.02595	0.01751	0.03093	0.01452	0.01809	0.01154	0.00779	0.00734	0.00260	0.00952	0.00636	0.00442	0.01193
27	0.01317	0.01062	0.01467	0.01824	0.10991	0.01008	0.01226	0.01642	0.01937	0.02519	0.09512	0.15945	0.22266	0.02052	0.01051	0.00325	0.00648	0.21627	0.00742	0.00838

[dist]
# distance from previous block
# <min> <max>
0	1

[block]
# block no. 5 follows, 21 sequences, length 38
# corresponding to MSA columns:
# 348-385
name=unknown_F
#
# <colnr> <probs for GDERKNQSTAVLIFYWHMCP>
#	G	D	E	R	K	N	Q	S	T	A	V	L	I	F	Y	W	H	M	C	P
0	0.02772	0.03073	0.02672	0.02979	0.20196	0.34907	0.01885	0.09540	0.08683	0.02782	0.01694	0.01919	0.01359	0.00887	0.00808	0.00240	0.01234	0.00673	0.00521	0.01175
1	0.02959	0.06676	0.02632	0.02460	0.09011	0.49815	0.01746	0.06697	0.02366	0.02345	0.01372	0.01634	0.01144	0.00900	0.00879	0.00231	0.05037	0.00589	0.00454	0.01053
2	0.01059	0.00826	0.00966	0.01043	0.01229	0.00733	0.00758	0.01280	0.01876	0.02382	0.12661	0.30348	0.33764	0.02310	0.01045	0.00313	0.00472	0.05411	0.00805	0.00721
3	0.01994	0.01582	0.01965	0.01691	0.01941	0.01888	0.01341	0.19988	0.02132	0.02971	0.01984	0.02944	0.01828	0.13984	0.20552	0.00693	0.18108	0.00879	0.00565	0.00971
4	0.01584	0.01220	0.01645	0.01496	0.01708	0.01379	0.03513	0.08974	0.01802	0.02579	0.02739	0.12375	0.04789	0.08069	0.24828	0.00715	0.09667	0.01127	0.08935	0.00856
5	0.01808	0.01802	0.02689	0.02262	0.02352	0.02409	0.06957	0.02053	0.01371	0.02099	0.01289	0.02051	0.01236	0.01924	0.09191	0.00467	0.55937	0.00784	0.00386	0.00932
6	0.02161	0.03080	0.22215	0.03875	0.36002	0.12612	0.02615	0.02766	0.01973	0.02640	0.01532	0.01918	0.01225	0.00793	0.00820	0.00252	0.01172	0.00684	0.00405	0.01261
7	0.01707	0.04402	0.65683	0.02426	0.03683	0.01976	0.03144	0.02695	0.01797	0.02695	0.01527	0.01797	0.01078	0.00809	0.00809	0.00270	0.01258	0.00629	0.00359	0.01258
8	0.01059	0.00857	0.00941	0.00935	0.01186	0.00739	0.00695	0.01319	0.02043	0.02579	0.22788	0.11315	0.46412	0.02078	0.01010	0.00286	0.00427	0.01766	0.00828	0.00739
9	0.01952	0.01838	0.02883	0.03906	0.41815	0.01865	0.04699	0.02778	0.13256	0.02855	0.02918	0.03151	0.10275	0.01022	0.00876	0.00266	0.00887	0.00950	0.00555	0.01252
10	0.01586	0.00793	0.00793	0.00793	0.00991	0.00793	0.00595	0.01983	0.01785	0.03173	0.02776	0.03173	0.02181	0.00991	0.00595	0.00198	0.00397	0.00793	0.74817	0.00793
11	0.01006	0.00862	0.00862	0.00862	0.01149	0.00718	0.00647	0.01221	0.01940	0.02299	0.08621	0.08190	0.64438	0.02155	0.01006	0.00287	0.00431	0.01796	0.00790	0.00718
12	0.03020	0.03667	0.02533	0.02223	0.02703	0.53761	0.05198	0.06638	0.07738	0.02427	0.01565	0.01750	0.01257	0.00899	0.00795	0.00231	0.01422	0.00623	0.00497	0.01052
13	0.03121	0.03052	0.02493	0.05708	0.02814	0.30029	0.01670	0.33565	0.03193	0.03782	0.01702	0.01838	0.01280	0.00950	0.00815	0.00241	0.01204	0.00672	0.00648	0.01222
14	0.03035	0.01516	0.01800	0.01432	0.01967	0.01496	0.01166	0.19104	0.02675	0.31777	0.02841	0.02744	0.01950	0.01027	0.00781	0.00243	0.00689	0.00814	0.21679	0.01264
15	0.01026	0.00824	0.00917	0.00976	0.01183	0.00714	0.00701	0.01231	0.01866	0.02319	0.10379	0.27635	0.42654	0.02296	0.01031	0.00305	0.00449	0.01981	0.00798	0.00714
16	0.01674	0.01292	0.03711	0.08050	0.01923	0.04947	0.01092	0.02101	0.03942	0.07140	0.13141	0.12979	0.06527	0.04593	0.01012	0.00290	0.00654	0.03384	0.20675	0.00873
17	0.01238	0.00825	0.00928	0.00928	0.00928	0.00825	0.00516	0.01238	0.01238	0.01650	0.02681	0.05569	0.03094	0.70092	0.04331	0.00825	0.00825	0.01238	0.00516	0.00516
18	0.01037	0.00741	0.00987	0.01185	0.01234	0.00691	0.00790	0.01185	0.01629	0.02172	0.04690	0.69537	0.05629	0.02666	0.01086	0.00346	0.00494	0.02419	0.00790	0.00691
19	0.09438	0.01964	0.02827	0.03782	0.40293	0.05001	0.02073	0.03042	0.05397	0.14977	0.01990	0.02222	0.01511	0.00846	0.00813	0.00256	0.00929	0.00750	0.00579	0.01310
20	0.05287	0.02202	0.02912	0.09126	0.33149	0.13407	0.05586	0.02537	0.01871	0.02478	0.01497	0.02037	0.01267	0.01045	0.01171	0.07945	0.04243	0.00720	0.00418	0.01101
21	0.01508	0.01012	0.01303	0.01223	0.01388	0.01076	0.00898	0.01689	0.01531	0.08431	0.03549	0.04763	0.13437	0.25615	0.22231	0.00798	0.07046	0.01156	0.00589	0.00758
22	0.01262	0.00916	0.01337	0.01369	0.01530	0.01035	0.01088	0.01585	0.01488	0.02135	0.02672	0.04360	0.02585	0.05424	0.52318	0.01143	0.01930	0.10441	0.04616	0.00766
23	0.01765	0.01513	0.01765	0.01260	0.02017	0.01134	0.01008	0.02143	0.01765	0.02773	0.01513	0.01765	0.01260	0.00630	0.00630	0.00126	0.00630	0.00504	0.00504	0.75295
24	0.14351	0.02160	0.02823	0.06231	0.15788	0.08584	0.12375	0.08192	0.12164	0.06198	0.01950	0.02181	0.01482	0.00875	0.00818	0.00265	0.01013	0.00771	0.00580	0.01199
25	0.10695	0.02416	0.02211	0.01788	0.02367	0.12867	0.01443	0.39729	0.03245	0.04392	0.02179	0.02239	0.04264	0.01024	0.00795	0.00248	0.00950	0.00747	0.05158	0.01244
26	0.01047	0.00745	0.00984	0.01171	0.01218	0.00698	0.00776	0.01188	0.01609	0.02145	0.04585	0.66172	0.05495	0.06213	0.01257	0.00371	0.00511	0.02357	0.00776	0.00682
27	0.01272	0.00994	0.01475	0.01443	0.01581	0.01197	0.01133	0.01565	0.01362	0.01982	0.02179	0.03215	0.02040	0.05959	0.61189	0.01282	0.08012	0.00897	0.00449	0.00775
28	0.01951	0.08918	0.02838	0.03127	0.26540	0.06726	0.01920	0.02299	0.01689	0.02316	0.01586	0.02213	0.01428	0.02171	0.15889	0.00517	0.15640	0.00743	0.00414	0.01076
29	0.01236	0.00833	0.00966	0.00966	0.00979	0.00846	0.00563	0.01262	0.01249	0.01678	0.02647	0.05376	0.03010	0.64580	0.09730	0.00872	0.00951	0.01209	0.00510	0.00537
30	0.01364	0.01211	0.04644	0.01269	0.01569	0.01077	0.01035	0.02094	0.12243	0.03183	0.39415	0.09703	0.11070	0.01720	0.00986	0.00285	0.00521	0.04844	0.00865	0.00901
31	0.01820	0.01649	0.02369	0.22763	0.18890	0.05449	0.02011	0.05001	0.01997	0.02596	0.02565	0.04667	0.02480	0.01347	0.00954	0.00308	0.00998	0.20566	0.00552	0.01017
32	0.10136	0.06239	0.28441	0.01965	0.02805	0.02130	0.02098	0.20861	0.02386	0.03520	0.01725	0.01996	0.01304	0.01548	0.08816	0.00394	0.01202	0.00679	0.00542	0.01212
33	0.02127	0.06914	0.25217	0.05894	0.13523	0.13791	0.07540	0.02883	0.06346	0.02575	0.01621	0.01944	0.01259	0.00856	0.00899	0.00261	0.04047	0.00694	0.00428	0.01183
34	0.10088	0.02953	0.16292	0.01899	0.02582	0.16963	0.01775	0.19950	0.05412	0.03481	0.02159	0.02271	0.05014	0.00988	0.00786	0.00252	0.01050	0.00725	0.04195	0.01166
35	0.09894	0.14463	0.07949	0.02164	0.10374	0.06174	0.01675	0.12214	0.17882	0.03320	0.04391	0.02265	0.01810	0.00947	0.00764	0.00251	0.00888	0.00734	0.00617	0.01224
36	0.02246	0.02480	0.01985	0.01802	0.02025	0.29677	0.01370	0.02439	0.01857	0.02121	0.02064	0.05211	0.04716	0.10873	0.01793	0.00350	0.18380	0.00847	0.06898	0.00865
37	0.12476	0.02790	0.32800	0.05414	0.02798	0.01684	0.02099	0.02321	0.01878	0.02989	0.17974	0.02964	0.02888	0.01086	0.00917	0.00274	0.04199	0.00856	0.00537	0.01056

[dist]
# distance from previous block
# <min> <max>
3	20

[block]
# block no. 6 follows, 21 sequences, length 14
# corresponding to MSA columns:
# 406-419
name=unknown_G
#
# <colnr> <probs for GDERKNQSTAVLIFYWHMCP>
#	G	D	E	R	K	N	Q	S	T	A	V	L	I	F	Y	W	H	M	C	P
0	0.02357	0.03061	0.16005	0.02970	0.16143	0.18537	0.09404	0.06825	0.10933	0.02851	0.01822	0.02068	0.01406	0.00867	0.00840	0.00257	0.01194	0.00737	0.00504	0.01219
1	0.07782	0.07520	0.06601	0.07777	0.23096	0.28213	0.02037	0.02891	0.02055	0.02472	0.01417	0.01767	0.01167	0.00816	0.00768	0.00238	0.01214	0.00624	0.00425	0.01120
2	0.01962	0.02728	0.20083	0.12809	0.26152	0.05010	0.13751	0.02631	0.01903	0.02631	0.01578	0.02056	0.01224	0.00782	0.00862	0.00266	0.01197	0.00760	0.00401	0.01214
3	0.02307	0.02584	0.01755	0.01685	0.01992	0.36832	0.01257	0.02548	0.02119	0.02297	0.02794	0.15422	0.06128	0.01397	0.00842	0.00255	0.01064	0.04665	0.11182	0.00875
4	0.08105	0.14424	0.02388	0.11078	0.06689	0.01905	0.01492	0.10757	0.02102	0.07410	0.02595	0.15396	0.02532	0.01376	0.00850	0.00280	0.00825	0.08124	0.00633	0.01039
5	0.01037	0.00741	0.00987	0.01185	0.01234	0.00691	0.00790	0.01185	0.01629	0.02172	0.04690	0.69537	0.05629	0.02666	0.01086	0.00346	0.00494	0.02419	0.00790	0.00691
6	0.01765	0.01598	0.02515	0.20818	0.19939	0.01723	0.05560	0.06538	0.04477	0.02650	0.02791	0.03243	0.10474	0.01796	0.10013	0.00425	0.01145	0.00952	0.00517	0.01061
7	0.01899	0.03096	0.30992	0.03548	0.24988	0.02062	0.10983	0.02623	0.01839	0.02682	0.01550	0.01979	0.01205	0.00828	0.00992	0.00274	0.06084	0.00734	0.00392	0.01250
8	0.02156	0.01994	0.02774	0.07010	0.19750	0.04843	0.04281	0.10692	0.04481	0.02876	0.01633	0.02118	0.01360	0.01085	0.01501	0.00294	0.24120	0.00766	0.05130	0.01137
9	0.01504	0.01066	0.01283	0.01211	0.01353	0.01140	0.00839	0.09990	0.01694	0.02304	0.02617	0.08753	0.02768	0.38551	0.20406	0.00857	0.01210	0.01162	0.00566	0.00726
10	0.01027	0.00780	0.00947	0.01080	0.01207	0.00700	0.00743	0.01197	0.01731	0.02214	0.05972	0.49529	0.24809	0.02500	0.01060	0.00327	0.00473	0.02216	0.00790	0.00700
11	0.02598	0.13028	0.14430	0.01952	0.02605	0.28084	0.01790	0.12759	0.02407	0.02810	0.01841	0.02012	0.03759	0.00925	0.00756	0.00231	0.01179	0.00652	0.05074	0.01107
12	0.02398	0.02478	0.09041	0.06267	0.23324	0.13945	0.09534	0.02880	0.02082	0.11521	0.02312	0.02555	0.05950	0.00928	0.00860	0.00258	0.01109	0.00826	0.00535	0.01196
13	0.01981	0.05269	0.12790	0.02758	0.18950	0.13825	0.02013	0.02455	0.02001	0.02512	0.02702	0.04411	0.05240	0.01322	0.00916	0.00289	0.01051	0.17919	0.00536	0.01059

[dist]
# distance from previous block
# <min> <max>
0	1

[block]
# block no. 7 follows, 21 sequences, length 118
# corresponding to MSA columns:
# 421-538
name=unknown_H
#
# <colnr> <probs for GDERKNQSTAVLIFYWHMCP>
#	G	D	E	R	K	N	Q	S	T	A	V	L	I	F	Y	W	H	M	C	P
0	0.02057	0.06697	0.47157	0.02349	0.03447	0.02179	0.05765	0.14718	0.02252	0.03209	0.01627	0.01854	0.01165	0.00844	0.00816	0.00264	0.01187	0.00669	0.00463	0.01283
1	0.05603	0.01281	0.01520	0.01285	0.01716	0.01226	0.01014	0.08422	0.05622	0.22671	0.19366	0.04807	0.16304	0.04047	0.01040	0.00291	0.00603	0.01212	0.00897	0.01074
2	0.05826	0.02069	0.02501	0.02794	0.20276	0.07558	0.01787	0.12787	0.10155	0.03134	0.02476	0.02704	0.07634	0.01135	0.01192	0.00280	0.13076	0.00853	0.00586	0.01177
3	0.02091	0.21528	0.26246	0.01761	0.02547	0.08653	0.01921	0.02654	0.01870	0.05643	0.01756	0.01986	0.01359	0.00843	0.00692	0.00226	0.00990	0.00618	0.15517	0.01100
4	0.01814	0.01170	0.01396	0.01362	0.04130	0.01096	0.01017	0.02386	0.10372	0.15366	0.08702	0.06237	0.32846	0.01739	0.00965	0.00290	0.00578	0.06702	0.00845	0.00987
5	0.01580	0.01191	0.01697	0.01955	0.12367	0.01290	0.01258	0.06391	0.01718	0.02522	0.02251	0.03193	0.02030	0.09577	0.35378	0.00873	0.01560	0.00884	0.11387	0.00898
6	0.02018	0.01662	0.01901	0.01381	0.02124	0.01393	0.01113	0.12435	0.02150	0.03219	0.01604	0.01813	0.01293	0.00698	0.00668	0.00148	0.00683	0.00549	0.00564	0.62585
7	0.01216	0.00912	0.01368	0.01368	0.01520	0.01064	0.01064	0.01520	0.01368	0.01976	0.02279	0.03343	0.02127	0.06382	0.66720	0.01368	0.02279	0.00912	0.00456	0.00760
8	0.01054	0.00807	0.00968	0.01048	0.01210	0.00720	0.00740	0.01271	0.01876	0.02432	0.16386	0.36335	0.27446	0.02321	0.01043	0.00311	0.00455	0.02041	0.00815	0.00720
9	0.01014	0.00830	0.00895	0.00947	0.01172	0.00711	0.00684	0.01212	0.01858	0.02266	0.07583	0.24398	0.48900	0.02290	0.01027	0.00303	0.00448	0.01961	0.00790	0.00711
10	0.01317	0.00895	0.01174	0.01090	0.01310	0.00822	0.00822	0.01715	0.02410	0.06082	0.61708	0.06208	0.07775	0.01710	0.00997	0.00267	0.00415	0.01510	0.00942	0.00831
11	0.02987	0.03320	0.02658	0.02238	0.02776	0.40518	0.07505	0.16568	0.07869	0.03007	0.01700	0.01862	0.01321	0.00917	0.00818	0.00240	0.01318	0.00677	0.00566	0.01136
12	0.01251	0.00921	0.01204	0.01272	0.01484	0.00873	0.01047	0.01618	0.02121	0.02824	0.27055	0.08186	0.15628	0.02096	0.01085	0.00330	0.00587	0.28798	0.00841	0.00780
13	0.02161	0.02126	0.03401	0.05068	0.61597	0.05337	0.02562	0.02652	0.01962	0.02744	0.01586	0.02077	0.01335	0.00764	0.00839	0.00251	0.01038	0.00747	0.00422	0.01329
14	0.01607	0.01513	0.02552	0.68047	0.05861	0.01891	0.02363	0.02174	0.01702	0.02174	0.01513	0.02269	0.01134	0.00851	0.00851	0.00284	0.01134	0.00756	0.00378	0.00945
15	0.44767	0.05168	0.01596	0.01234	0.01768	0.01688	0.01022	0.02829	0.01830	0.19674	0.09024	0.02348	0.02057	0.00965	0.00668	0.00260	0.00659	0.00687	0.00702	0.01054
16	0.01243	0.01017	0.01115	0.01064	0.01355	0.00966	0.00806	0.01863	0.11787	0.02843	0.25044	0.06829	0.37197	0.01868	0.00983	0.00281	0.00460	0.01585	0.00848	0.00844
17	0.02428	0.01850	0.01956	0.01652	0.02156	0.02077	0.01315	0.24737	0.31362	0.04142	0.02834	0.02768	0.02112	0.01079	0.00814	0.00261	0.00720	0.00863	0.13588	0.01288
18	0.01216	0.00912	0.01368	0.01368	0.01520	0.01064	0.01064	0.01520	0.01368	0.01976	0.02279	0.03343	0.02127	0.06382	0.66720	0.01368	0.02279	0.00912	0.00456	0.00760
19	0.01828	0.01811	0.02541	0.02188	0.02196	0.02525	0.01819	0.02020	0.01307	0.02044	0.01179	0.01941	0.01171	0.01749	0.06189	0.00425	0.65015	0.00754	0.00377	0.00922
20	0.01037	0.00741	0.00987	0.01185	0.01234	0.00691	0.00790	0.01185	0.01629	0.02172	0.04690	0.69537	0.05629	0.02666	0.01086	0.00346	0.00494	0.02419	0.00790	0.00691
21	0.01164	0.00868	0.01081	0.01028	0.01246	0.00786	0.00771	0.01527	0.02312	0.03183	0.52856	0.06735	0.19652	0.01825	0.01004	0.00272	0.00408	0.01592	0.00907	0.00786
22	0.03058	0.13274	0.02719	0.02059	0.02569	0.49730	0.01614	0.10572	0.02513	0.02480	0.01387	0.01574	0.01139	0.00874	0.00746	0.00218	0.01372	0.00562	0.00479	0.01059
23	0.02138	0.03457	0.42764	0.02495	0.09301	0.01917	0.02614	0.05400	0.07127	0.11708	0.01975	0.02107	0.01391	0.00875	0.00825	0.00268	0.01097	0.00707	0.00525	0.01308
24	0.02334	0.08693	0.11636	0.03441	0.24041	0.19235	0.13211	0.02846	0.02040	0.02509	0.01503	0.01887	0.01214	0.00786	0.00823	0.00246	0.01251	0.00706	0.00415	0.01182
25	0.03124	0.03952	0.02465	0.02348	0.05818	0.63360	0.01694	0.03358	0.02387	0.02119	0.01330	0.01564	0.01109	0.00871	0.00771	0.00221	0.01508	0.00559	0.00438	0.01005
26	0.01516	0.05121	0.14435	0.01457	0.01881	0.04410	0.01348	0.01918	0.01954	0.05399	0.20030	0.23211	0.07502	0.04622	0.01089	0.00309	0.00717	0.01478	0.00705	0.00898
27	0.01069	0.00865	0.00950	0.00928	0.01188	0.00745	0.00696	0.01343	0.02089	0.02652	0.26300	0.07608	0.46538	0.02023	0.01005	0.00281	0.00422	0.01714	0.00837	0.00745
28	0.01815	0.02249	0.15860	0.02550	0.13347	0.01906	0.04868	0.02863	0.17931	0.02730	0.02173	0.02559	0.01754	0.02085	0.14413	0.00506	0.07877	0.00826	0.00528	0.01158
29	0.01821	0.01886	0.03042	0.49418	0.05302	0.07398	0.14346	0.02389	0.01824	0.02279	0.01538	0.02212	0.01163	0.00826	0.00875	0.00279	0.01229	0.00789	0.00394	0.00990
30	0.01069	0.00865	0.00950	0.00928	0.01188	0.00745	0.00696	0.01343	0.02089	0.02652	0.26300	0.07608	0.46538	0.02023	0.01005	0.00281	0.00422	0.01714	0.00837	0.00745
31	0.76103	0.01646	0.01251	0.01119	0.01646	0.01909	0.00922	0.02502	0.01448	0.03818	0.01185	0.01382	0.00922	0.00790	0.00527	0.00263	0.00658	0.00461	0.00527	0.00922
32	0.08382	0.02444	0.02256	0.07445	0.02718	0.15379	0.01560	0.25083	0.19159	0.03827	0.02165	0.02211	0.01617	0.00996	0.00813	0.00260	0.00983	0.00750	0.00707	0.01244
33	0.01461	0.00794	0.00875	0.00909	0.01078	0.00798	0.00668	0.01807	0.01723	0.02900	0.03064	0.14609	0.02770	0.01734	0.06247	0.00322	0.00572	0.01083	0.55815	0.00773
34	0.01201	0.00826	0.01013	0.01045	0.01079	0.00845	0.00654	0.01278	0.01323	0.01790	0.02936	0.15483	0.03336	0.48273	0.14547	0.00841	0.01022	0.01372	0.00550	0.00586
35	0.01048	0.00864	0.00921	0.00906	0.01175	0.00736	0.00680	0.01303	0.02039	0.02536	0.20457	0.07801	0.52455	0.02067	0.01005	0.00283	0.00425	0.01741	0.00821	0.00736
36	0.49447	0.01916	0.01728	0.01426	0.02009	0.02176	0.01176	0.24247	0.02382	0.04383	0.01499	0.01624	0.01114	0.00875	0.00645	0.00260	0.00760	0.00573	0.00645	0.01114
37	0.01279	0.00878	0.01200	0.01200	0.01333	0.00979	0.00894	0.01546	0.01412	0.02112	0.02429	0.03699	0.02302	0.16480	0.45338	0.01086	0.01726	0.00949	0.12436	0.00723
38	0.02063	0.01978	0.03377	0.10632	0.59711	0.02011	0.02590	0.02574	0.01917	0.02728	0.01593	0.02120	0.01330	0.00766	0.00843	0.00255	0.01022	0.00758	0.00418	0.01313
39	0.02879	0.02207	0.02353	0.01886	0.02503	0.02473	0.01531	0.43645	0.22883	0.04789	0.02496	0.02404	0.01814	0.01064	0.00856	0.00266	0.00853	0.00829	0.00856	0.01415
40	0.01277	0.00897	0.01096	0.01029	0.01280	0.00800	0.00778	0.01618	0.02266	0.06247	0.44072	0.06743	0.25076	0.01832	0.00997	0.00273	0.00427	0.01583	0.00898	0.00810
41	0.01307	0.01160	0.01840	0.01592	0.01943	0.01063	0.13004	0.01681	0.02015	0.02616	0.16198	0.12092	0.26508	0.01870	0.01041	0.00307	0.00692	0.11499	0.00744	0.00828
42	0.57776	0.01912	0.01572	0.01341	0.01895	0.05198	0.01098	0.14612	0.02013	0.04048	0.01365	0.01524	0.01037	0.00841	0.00604	0.00260	0.00757	0.00527	0.00588	0.01031
43	0.01037	0.00741	0.00987	0.01185	0.01234	0.00691	0.00790	0.01185	0.01629	0.02172	0.04690	0.69537	0.05629	0.02666	0.01086	0.00346	0.00494	0.02419	0.00790	0.00691
44	0.01225	0.00829	0.00935	0.00932	0.00956	0.00819	0.00536	0.01255	0.01330	0.01769	0.06021	0.05735	0.06321	0.63406	0.04005	0.00771	0.00785	0.01280	0.00550	0.00540
