[name]
unknown

[dist]
# distance from previous block
# <min> <max>
0	0

[block]
# block no. 0 follows, 19 sequences, length 50
# corresponding to MSA columns:
# 0-49
name=unknown_A
#
# <colnr> <probs for GDERKNQSTAVLIFYWHMCP>
#	G	D	E	R	K	N	Q	S	T	A	V	L	I	F	Y	W	H	M	C	P
0	0.01442	0.01030	0.01442	0.01648	0.01854	0.01030	0.01442	0.01854	0.02060	0.02677	0.04737	0.10092	0.05149	0.02471	0.01236	0.00412	0.00824	0.56956	0.00824	0.00824
1	0.03342	0.04264	0.02535	0.02305	0.02766	0.64967	0.01729	0.03572	0.02535	0.02190	0.01383	0.01613	0.01152	0.00922	0.00807	0.00230	0.01613	0.00576	0.00461	0.01037
2	0.03250	0.02431	0.02600	0.02028	0.02717	0.02704	0.01664	0.52913	0.11533	0.05395	0.02339	0.02300	0.01677	0.01092	0.00897	0.00273	0.00949	0.00832	0.00897	0.01508
3	0.01690	0.01590	0.02683	0.66408	0.06162	0.01988	0.02485	0.02286	0.01789	0.02286	0.01590	0.02385	0.01193	0.00894	0.00894	0.00298	0.01193	0.00795	0.00398	0.00994
4	0.02125	0.01768	0.01852	0.01735	0.04666	0.04604	0.01245	0.13545	0.24025	0.03354	0.03722	0.04270	0.10550	0.16524	0.01745	0.00419	0.00817	0.01128	0.00773	0.01132
5	0.01448	0.01107	0.01499	0.01368	0.01689	0.01117	0.01070	0.01794	0.01572	0.02372	0.02233	0.03091	0.02014	0.04817	0.44590	0.01029	0.01829	0.00844	0.05556	0.18962
6	0.01941	0.01098	0.01126	0.01027	0.01316	0.01140	0.00795	0.11219	0.02244	0.03699	0.02797	0.03148	0.02171	0.01047	0.00668	0.00218	0.00506	0.00829	0.62070	0.00942
7	0.01203	0.00912	0.01108	0.01059	0.01298	0.00817	0.00794	0.01566	0.02383	0.03234	0.46351	0.07265	0.24817	0.01961	0.01056	0.00288	0.00431	0.01700	0.00938	0.00817
8	0.01112	0.00900	0.00933	0.00930	0.01172	0.00780	0.00662	0.01307	0.01927	0.02347	0.10482	0.08010	0.49071	0.14462	0.01702	0.00405	0.00528	0.01767	0.00785	0.00720
9	0.01423	0.00979	0.01125	0.01111	0.01182	0.00988	0.00692	0.05778	0.01641	0.02199	0.05450	0.16303	0.03781	0.49501	0.03551	0.00712	0.00799	0.01490	0.00636	0.00660
10	0.01278	0.00959	0.01438	0.01438	0.01598	0.01118	0.01118	0.01598	0.01438	0.02077	0.02396	0.03515	0.02237	0.06710	0.65013	0.01438	0.02396	0.00959	0.00479	0.00799
11	0.15919	0.01696	0.01924	0.01597	0.02201	0.01749	0.01288	0.04189	0.22488	0.32602	0.03164	0.02864	0.02171	0.01095	0.00842	0.00286	0.00731	0.00865	0.00942	0.01388
12	0.01114	0.00890	0.00997	0.01010	0.01253	0.00773	0.00742	0.01379	0.02114	0.02688	0.21719	0.16713	0.40985	0.02235	0.01069	0.00306	0.00455	0.01916	0.00869	0.00773
13	0.03083	0.02272	0.02482	0.01958	0.02587	0.02513	0.01600	0.51533	0.03822	0.05135	0.02326	0.05966	0.01832	0.01669	0.06576	0.00377	0.01083	0.00917	0.00855	0.01413
14	0.01106	0.00785	0.01033	0.01225	0.01273	0.00737	0.00809	0.01250	0.01681	0.02242	0.04770	0.63242	0.05714	0.07812	0.01402	0.00402	0.00546	0.02449	0.00809	0.00713
15	0.01181	0.00875	0.01020	0.01040	0.01192	0.00803	0.00710	0.01382	0.01902	0.02497	0.19881	0.17865	0.22954	0.20357	0.02027	0.00462	0.00570	0.01777	0.00790	0.00714
16	0.01455	0.01055	0.01327	0.01208	0.01464	0.01015	0.00920	0.06842	0.02680	0.03769	0.57171	0.06282	0.07830	0.01762	0.01041	0.00280	0.00472	0.01546	0.00977	0.00904
17	0.01406	0.00910	0.01201	0.01201	0.01363	0.01004	0.00908	0.01729	0.01568	0.02455	0.02603	0.03663	0.02345	0.10339	0.38796	0.00989	0.01620	0.00948	0.24164	0.00787
18	0.01787	0.01176	0.01415	0.01280	0.01615	0.01132	0.00981	0.06222	0.07713	0.10869	0.30827	0.11392	0.16441	0.01799	0.01020	0.00293	0.00543	0.01550	0.00945	0.00999
19	0.01173	0.00848	0.01017	0.01085	0.01188	0.00791	0.00717	0.01330	0.01758	0.02319	0.12942	0.29749	0.15715	0.22740	0.02161	0.00496	0.00601	0.01917	0.00763	0.00691
20	0.01179	0.00908	0.01056	0.01021	0.01257	0.00808	0.00753	0.01488	0.02235	0.02957	0.35425	0.07453	0.31338	0.06643	0.01299	0.00331	0.00466	0.01712	0.00888	0.00785
21	0.01059	0.00898	0.00915	0.00928	0.01214	0.00753	0.00689	0.01281	0.02018	0.02408	0.08799	0.12403	0.58992	0.02300	0.01063	0.00306	0.00457	0.01930	0.00831	0.00753
22	0.01290	0.00913	0.01206	0.01206	0.01286	0.00993	0.00830	0.01449	0.01369	0.01905	0.02608	0.04687	0.02745	0.37684	0.34735	0.01152	0.01631	0.01130	0.00511	0.00670
23	0.02582	0.01821	0.02002	0.01636	0.02083	0.01987	0.01278	0.35704	0.03052	0.04175	0.02316	0.03077	0.01962	0.14207	0.05355	0.06056	0.00972	0.00908	0.07683	0.01145
24	0.01088	0.00787	0.01029	0.01223	0.01292	0.00729	0.00820	0.01248	0.01735	0.02293	0.05213	0.63916	0.09793	0.02766	0.01136	0.00359	0.00515	0.02499	0.00830	0.00729
25	0.03342	0.04264	0.02535	0.02305	0.02766	0.64967	0.01729	0.03572	0.02535	0.02190	0.01383	0.01613	0.01152	0.00922	0.00807	0.00230	0.01613	0.00576	0.00461	0.01037
26	0.02204	0.02183	0.03399	0.15411	0.49406	0.06399	0.02633	0.02726	0.02030	0.02767	0.01647	0.02202	0.01362	0.00822	0.00882	0.00269	0.01122	0.00782	0.00437	0.01321
27	0.01282	0.00942	0.01356	0.01356	0.01488	0.01074	0.01017	0.01545	0.01414	0.02016	0.02471	0.03928	0.02416	0.17634	0.54334	0.01337	0.02126	0.01019	0.00490	0.00753
28	0.01794	0.04628	0.63923	0.02550	0.03872	0.02078	0.03305	0.02833	0.01889	0.02833	0.01606	0.01889	0.01133	0.00850	0.00850	0.00283	0.01322	0.00661	0.00378	0.01322
29	0.01782	0.01685	0.02851	0.55648	0.16197	0.02012	0.02531	0.02367	0.01833	0.02398	0.01607	0.02355	0.01232	0.00877	0.00893	0.00292	0.01170	0.00795	0.00406	0.01069
30	0.01952	0.02101	0.04207	0.03142	0.03763	0.02171	0.39870	0.02535	0.01869	0.02610	0.01785	0.02502	0.01462	0.01840	0.11455	0.00497	0.13703	0.00990	0.00445	0.01101
31	0.25953	0.02084	0.02525	0.03213	0.28291	0.06348	0.01859	0.03096	0.08955	0.06860	0.01860	0.02108	0.01456	0.00884	0.00776	0.00272	0.00921	0.00712	0.00574	0.01252
32	0.01170	0.00879	0.01083	0.01099	0.01294	0.00793	0.00799	0.01477	0.02207	0.02972	0.34856	0.22044	0.21700	0.02177	0.01077	0.00307	0.00454	0.01912	0.00908	0.00793
33	0.01992	0.01671	0.01929	0.01390	0.02178	0.01332	0.01117	0.07357	0.02063	0.03156	0.01639	0.01881	0.01342	0.00699	0.00683	0.00145	0.00691	0.00554	0.00562	0.67619
34	0.01813	0.01377	0.01612	0.01503	0.01815	0.01468	0.01140	0.14541	0.11781	0.03403	0.12234	0.24752	0.06733	0.02481	0.08595	0.00446	0.00855	0.01580	0.00838	0.01033
35	0.01985	0.03111	0.27644	0.03522	0.22138	0.02247	0.07144	0.02665	0.01843	0.02720	0.01554	0.02045	0.01248	0.00977	0.01317	0.00302	0.15101	0.00760	0.00407	0.01271
36	0.02029	0.02012	0.03058	0.36716	0.29042	0.06842	0.02533	0.02571	0.01947	0.02538	0.01612	0.02257	0.01281	0.00857	0.00884	0.00280	0.01172	0.00779	0.00421	0.01170
37	0.01079	0.00821	0.00994	0.01132	0.01268	0.00736	0.00780	0.01258	0.01822	0.02328	0.06313	0.48126	0.24874	0.02623	0.01114	0.00343	0.00497	0.02324	0.00831	0.00736
38	0.02385	0.06359	0.14474	0.15559	0.20230	0.02356	0.02431	0.19114	0.02572	0.03517	0.01759	0.02124	0.01335	0.00904	0.00866	0.00272	0.01108	0.00756	0.00548	0.01332
39	0.02694	0.14292	0.02969	0.06939	0.02823	0.11785	0.01760	0.20991	0.07875	0.03404	0.01776	0.02031	0.01416	0.01093	0.01230	0.00279	0.14081	0.00728	0.00606	0.01229
40	0.01540	0.01257	0.01358	0.01273	0.01619	0.01268	0.00969	0.06213	0.16940	0.03121	0.14522	0.11857	0.30804	0.01909	0.01017	0.00303	0.00554	0.01616	0.00877	0.00982
41	0.02347	0.01736	0.01931	0.01624	0.02092	0.01870	0.01296	0.32093	0.03039	0.04074	0.03721	0.10195	0.12901	0.02347	0.11050	0.00466	0.01043	0.01197	0.03813	0.01164
42	0.10143	0.02115	0.02977	0.03009	0.18761	0.06244	0.10923	0.09637	0.02429	0.18372	0.04962	0.02533	0.01879	0.00958	0.00886	0.00274	0.01020	0.00856	0.00698	0.01324
43	0.01335	0.00958	0.01199	0.01220	0.01371	0.00966	0.00866	0.04758	0.01747	0.02308	0.04376	0.22673	0.15063	0.13804	0.16107	0.07202	0.01030	0.01609	0.00671	0.00736
44	0.01150	0.00904	0.01038	0.01017	0.01268	0.00793	0.00758	0.01458	0.02239	0.02920	0.32125	0.10517	0.36421	0.02101	0.01060	0.00296	0.00443	0.01801	0.00898	0.00793
45	0.01993	0.02556	0.13801	0.03721	0.16679	0.02068	0.33449	0.02691	0.02025	0.02821	0.02028	0.08111	0.01740	0.00960	0.00995	0.00297	0.01296	0.01071	0.00472	0.01227
46	0.02402	0.24313	0.19002	0.02132	0.02829	0.18543	0.02112	0.02851	0.01938	0.02322	0.01360	0.01689	0.01150	0.00968	0.01121	0.00260	0.12868	0.00604	0.00403	0.01135
47	0.02031	0.01542	0.01499	0.01357	0.01703	0.11018	0.01034	0.02359	0.02405	0.13681	0.29475	0.08447	0.16527	0.01688	0.00993	0.00280	0.00680	0.01422	0.00887	0.00972
48	0.01787	0.01720	0.01843	0.01730	0.01916	0.12681	0.01357	0.02072	0.01640	0.02171	0.02017	0.02883	0.01852	0.04467	0.39137	0.00973	0.14054	0.00853	0.03971	0.00876
49	0.02661	0.08124	0.03326	0.07908	0.23695	0.28920	0.07240	0.03070	0.02221	0.02500	0.01527	0.01929	0.01263	0.00851	0.00844	0.00251	0.01337	0.00702	0.00444	0.01187

[dist]
# distance from previous block
# <min> <max>
9	25

[block]
# block no. 1 follows, 19 sequences, length 22
# corresponding to MSA columns:
# 75-96
name=unknown_B
#
# <colnr> <probs for GDERKNQSTAVLIFYWHMCP>
#	G	D	E	R	K	N	Q	S	T	A	V	L	I	F	Y	W	H	M	C	P
0	0.08843	0.02057	0.16366	0.06543	0.05696	0.01520	0.01687	0.02294	0.07887	0.02692	0.07064	0.03310	0.08262	0.01685	0.01550	0.19249	0.00877	0.00924	0.00549	0.00944
1	0.06714	0.02966	0.14118	0.02738	0.09504	0.09981	0.11033	0.21043	0.06682	0.03780	0.01904	0.02124	0.01419	0.00932	0.00882	0.00274	0.01177	0.00785	0.00615	0.01329
2	0.02219	0.02595	0.08786	0.05223	0.13476	0.17680	0.01848	0.07853	0.02277	0.02759	0.03334	0.03543	0.15312	0.01537	0.04270	0.00334	0.04302	0.00984	0.00569	0.01100
3	0.08846	0.05784	0.22829	0.02719	0.17303	0.01804	0.02182	0.02495	0.01896	0.05800	0.02660	0.14067	0.05403	0.01267	0.00883	0.00289	0.00964	0.01081	0.00551	0.01177
4	0.02123	0.02244	0.05256	0.06396	0.18367	0.12194	0.05165	0.02516	0.01872	0.02527	0.01788	0.02530	0.01572	0.06337	0.04803	0.00387	0.13816	0.00817	0.08219	0.01074
5	0.02062	0.09139	0.02472	0.01840	0.02275	0.17497	0.10229	0.02448	0.02255	0.02813	0.19186	0.07237	0.06613	0.01312	0.00901	0.00260	0.00953	0.01128	0.08412	0.00969
6	0.03392	0.02778	0.02662	0.02097	0.02773	0.12409	0.01705	0.51254	0.03948	0.05104	0.02029	0.02065	0.01464	0.01050	0.00881	0.00263	0.01082	0.00770	0.00828	0.01446
7	0.02828	0.03224	0.02766	0.02372	0.02733	0.34665	0.04929	0.08998	0.02306	0.02576	0.01418	0.01825	0.01209	0.01140	0.01527	0.00291	0.22936	0.00694	0.00483	0.01078
8	0.01136	0.00824	0.00999	0.01118	0.01202	0.00766	0.00732	0.01266	0.01671	0.02173	0.05158	0.41956	0.15511	0.18887	0.01966	0.00476	0.00593	0.02119	0.00760	0.00686
9	0.13635	0.01623	0.01680	0.01458	0.01902	0.01733	0.01146	0.24238	0.02717	0.03954	0.03860	0.16708	0.13245	0.01598	0.00900	0.00291	0.00707	0.01304	0.06217	0.01085
10	0.01060	0.00897	0.00916	0.00931	0.01215	0.00753	0.00691	0.01281	0.02015	0.02407	0.08761	0.12956	0.58464	0.02305	0.01064	0.00307	0.00458	0.01936	0.00831	0.00753
11	0.03015	0.07327	0.05488	0.02850	0.14205	0.40311	0.01974	0.09339	0.02551	0.02718	0.01523	0.01786	0.01241	0.00903	0.00820	0.00241	0.01393	0.00641	0.00496	0.01179
12	0.01103	0.00825	0.01030	0.01187	0.01309	0.00752	0.00830	0.01291	0.01813	0.02340	0.05929	0.50042	0.19717	0.02652	0.01127	0.00351	0.00521	0.05613	0.00830	0.00739
13	0.01591	0.01428	0.01433	0.01412	0.01560	0.10901	0.01010	0.01784	0.01585	0.02002	0.02561	0.08750	0.02662	0.25007	0.31272	0.00991	0.01654	0.01125	0.00522	0.00749
14	0.01057	0.00906	0.00906	0.00906	0.01208	0.00755	0.00680	0.01284	0.02039	0.02417	0.09063	0.08610	0.62615	0.02266	0.01057	0.00302	0.00453	0.01888	0.00831	0.00755
15	0.01217	0.00904	0.01133	0.01094	0.01311	0.00820	0.00814	0.01586	0.02389	0.03291	0.49076	0.11105	0.18005	0.01972	0.01061	0.00291	0.00434	0.01728	0.00947	0.00820
16	0.02726	0.01956	0.02108	0.01725	0.02255	0.02141	0.01383	0.38490	0.07740	0.04682	0.02733	0.10411	0.02280	0.01288	0.00878	0.00272	0.00807	0.01036	0.13795	0.01295
17	0.34504	0.01796	0.01755	0.01509	0.02080	0.01994	0.01216	0.06567	0.21626	0.14698	0.02493	0.02397	0.01803	0.01019	0.00751	0.00285	0.00725	0.00750	0.00788	0.01244
18	0.08540	0.06272	0.01737	0.01298	0.01702	0.01528	0.04817	0.11071	0.02212	0.03626	0.02455	0.02786	0.01911	0.00989	0.00685	0.00229	0.00640	0.00787	0.45717	0.00999
19	0.22782	0.06864	0.08795	0.02348	0.12218	0.05795	0.01772	0.13327	0.08449	0.06813	0.01888	0.02030	0.01426	0.00926	0.00769	0.00269	0.00944	0.00691	0.00628	0.01267
20	0.18720	0.09962	0.16179	0.02909	0.19464	0.13157	0.02163	0.02875	0.01952	0.02936	0.01469	0.01786	0.01180	0.00835	0.00757	0.00258	0.01120	0.00625	0.00450	0.01201
21	0.22181	0.09000	0.09273	0.09911	0.24497	0.05701	0.02111	0.02713	0.01859	0.03024	0.01484	0.01878	0.01199	0.00826	0.00756	0.00265	0.01022	0.00653	0.00457	0.01191

[dist]
# distance from previous block
# <min> <max>
0	1

[block]
# block no. 2 follows, 19 sequences, length 25
# corresponding to MSA columns:
# 98-122
name=unknown_C
#
# <colnr> <probs for GDERKNQSTAVLIFYWHMCP>
#	G	D	E	R	K	N	Q	S	T	A	V	L	I	F	Y	W	H	M	C	P
0	0.08177	0.03095	0.02575	0.05087	0.08832	0.29377	0.01779	0.19949	0.06667	0.03505	0.01781	0.01962	0.01377	0.00965	0.00833	0.00256	0.01233	0.00696	0.00619	0.01235
1	0.02456	0.02233	0.08270	0.01799	0.02437	0.02134	0.01571	0.28814	0.16407	0.04217	0.03960	0.03820	0.15264	0.01347	0.00930	0.00285	0.00838	0.01077	0.00832	0.01308
2	0.02588	0.55737	0.04244	0.01690	0.02393	0.16198	0.01572	0.02863	0.01966	0.02122	0.01272	0.01472	0.01149	0.00798	0.00622	0.00199	0.01092	0.00499	0.00399	0.01125
3	0.02256	0.01630	0.01824	0.01563	0.02032	0.01687	0.01276	0.26443	0.03037	0.06464	0.11119	0.05661	0.19255	0.01697	0.01010	0.00302	0.00746	0.09981	0.00885	0.01132
4	0.01203	0.00826	0.01005	0.01102	0.01126	0.00802	0.00677	0.01275	0.01493	0.01991	0.03803	0.34809	0.04495	0.37910	0.02963	0.00632	0.00705	0.01880	0.00677	0.00628
5	0.56282	0.02261	0.11256	0.01480	0.02170	0.02095	0.01408	0.08402	0.01848	0.03992	0.01392	0.01591	0.01050	0.00858	0.00634	0.00277	0.00820	0.00544	0.00560	0.01080
6	0.02147	0.06821	0.25386	0.04818	0.02990	0.02113	0.02126	0.17086	0.07863	0.03553	0.06705	0.03176	0.09049	0.01165	0.00890	0.00279	0.00995	0.00929	0.00649	0.01259
7	0.01902	0.01916	0.06240	0.14429	0.36440	0.01832	0.02383	0.02431	0.01992	0.02739	0.02665	0.03911	0.06287	0.01182	0.00952	0.00297	0.01018	0.09660	0.00519	0.01202
8	0.01170	0.00835	0.01129	0.01337	0.01423	0.00795	0.00969	0.01383	0.01791	0.02373	0.04887	0.54874	0.05743	0.02728	0.01163	0.00374	0.00588	0.14858	0.00829	0.00749
9	0.02099	0.02032	0.03493	0.04940	0.53060	0.02007	0.06592	0.02617	0.02043	0.02871	0.02383	0.02827	0.07144	0.00932	0.00914	0.00272	0.01037	0.00918	0.00480	0.01340
10	0.02361	0.03866	0.44004	0.02356	0.03479	0.02195	0.02756	0.17250	0.02519	0.08050	0.01884	0.02040	0.01311	0.00925	0.00865	0.00279	0.01196	0.00715	0.00561	0.01387
11	0.01267	0.00914	0.01261	0.01281	0.01382	0.01006	0.00918	0.01475	0.01422	0.01993	0.02761	0.10256	0.02887	0.24976	0.40819	0.01165	0.01760	0.01210	0.00531	0.00715
12	0.01188	0.00913	0.01008	0.01039	0.01237	0.00830	0.00754	0.01375	0.01823	0.02254	0.06553	0.08015	0.36276	0.22000	0.02123	0.00487	0.00632	0.10046	0.00744	0.00702
13	0.02276	0.17555	0.27175	0.02402	0.08636	0.02460	0.02331	0.15616	0.02399	0.03280	0.01893	0.06565	0.01590	0.01016	0.00825	0.00264	0.01086	0.00801	0.00534	0.01296
14	0.02425	0.03125	0.22443	0.03428	0.22149	0.05042	0.06846	0.17322	0.02567	0.03546	0.01773	0.02083	0.01338	0.00886	0.00886	0.00273	0.01182	0.00766	0.00538	0.01381
15	0.02130	0.02445	0.08326	0.04331	0.26198	0.02200	0.35126	0.02819	0.02070	0.02885	0.01750	0.02307	0.01366	0.00776	0.00980	0.00287	0.01332	0.00935	0.00444	0.01292
16	0.01117	0.00917	0.01006	0.01008	0.01284	0.00806	0.00769	0.01383	0.02054	0.02544	0.14732	0.08073	0.48879	0.02554	0.05818	0.00389	0.00612	0.04459	0.00823	0.00772
17	0.01998	0.06049	0.18248	0.02522	0.12135	0.11791	0.05171	0.02684	0.06480	0.02675	0.03602	0.03700	0.16768	0.01227	0.00903	0.00275	0.01056	0.01016	0.00559	0.01142
18	0.01807	0.01261	0.01490	0.01404	0.01670	0.01311	0.01026	0.08983	0.12115	0.06965	0.12137	0.23608	0.04409	0.13209	0.04037	0.00450	0.00736	0.01576	0.00830	0.00975
19	0.02021	0.20288	0.34700	0.02176	0.03093	0.06494	0.02469	0.02687	0.01831	0.02489	0.01519	0.01884	0.01224	0.01336	0.05741	0.00353	0.07472	0.00643	0.00393	0.01189
20	0.01979	0.08138	0.02025	0.01865	0.07884	0.15427	0.01288	0.02176	0.01862	0.02268	0.02911	0.03394	0.10842	0.02511	0.12845	0.12517	0.01218	0.00913	0.07060	0.00876
21	0.02240	0.08929	0.07133	0.09051	0.45786	0.06170	0.02578	0.02763	0.02020	0.02747	0.01610	0.02093	0.01342	0.00812	0.00849	0.00260	0.01111	0.00744	0.00431	0.01332
22	0.02133	0.22797	0.21885	0.03275	0.21683	0.02546	0.08252	0.02764	0.01936	0.02648	0.01542	0.01907	0.01248	0.00799	0.00800	0.00252	0.01152	0.00688	0.00407	0.01288
23	0.01961	0.02136	0.08791	0.08296	0.44228	0.01898	0.02458	0.02496	0.02008	0.02795	0.02825	0.03196	0.10959	0.01038	0.00910	0.00275	0.01000	0.00955	0.00495	0.01278
24	0.04648	0.02348	0.19536	0.02015	0.08118	0.01470	0.01796	0.02282	0.01898	0.02871	0.05493	0.09911	0.05731	0.01128	0.00829	0.00237	0.00849	0.00950	0.00554	0.27336

[dist]
# distance from previous block
# <min> <max>
3	6

[block]
# block no. 3 follows, 19 sequences, length 19
# corresponding to MSA columns:
# 129-147
name=unknown_D
#
# <colnr> <probs for GDERKNQSTAVLIFYWHMCP>
#	G	D	E	R	K	N	Q	S	T	A	V	L	I	F	Y	W	H	M	C	P
0	0.02396	0.09036	0.12461	0.06111	0.11640	0.02303	0.02029	0.23208	0.02654	0.03621	0.01918	0.02306	0.01518	0.01972	0.12392	0.00475	0.01312	0.00776	0.00594	0.01278
1	0.01119	0.00829	0.00992	0.01107	0.01216	0.00760	0.00738	0.01266	0.01726	0.02221	0.05655	0.40943	0.20580	0.14491	0.01733	0.00438	0.00564	0.02145	0.00779	0.00701
2	0.02338	0.02003	0.01827	0.01564	0.01950	0.11653	0.01173	0.22866	0.02679	0.03340	0.03473	0.04342	0.12977	0.21569	0.02011	0.00449	0.00953	0.01113	0.00709	0.01012
3	0.02530	0.37157	0.03960	0.02811	0.19651	0.15350	0.01916	0.02876	0.02023	0.02354	0.01396	0.01692	0.01225	0.00806	0.00709	0.00220	0.01117	0.00588	0.00415	0.01203
4	0.01429	0.01906	0.16373	0.01794	0.07206	0.01230	0.01561	0.01965	0.02228	0.03095	0.31073	0.05570	0.17866	0.01601	0.00992	0.00285	0.00700	0.01377	0.00759	0.00989
5	0.02446	0.02746	0.03989	0.04081	0.26617	0.17235	0.23938	0.02989	0.02185	0.02726	0.01659	0.02145	0.01331	0.00811	0.00931	0.00271	0.01362	0.00842	0.00451	0.01247
6	0.02329	0.47995	0.18781	0.01843	0.02716	0.08459	0.01976	0.02793	0.01897	0.02288	0.01343	0.01560	0.01145	0.00799	0.00661	0.00217	0.01101	0.00531	0.00388	0.01181
7	0.01082	0.00810	0.01006	0.01163	0.01276	0.00734	0.00794	0.01255	0.01792	0.02316	0.05938	0.53511	0.19731	0.02672	0.01121	0.00348	0.00503	0.02384	0.00831	0.00734
8	0.01301	0.00867	0.00976	0.00976	0.00976	0.00867	0.00542	0.01301	0.01301	0.01735	0.02819	0.05855	0.03253	0.68559	0.04554	0.00867	0.00867	0.01301	0.00542	0.00542
9	0.01679	0.13403	0.02123	0.01507	0.01783	0.01779	0.01229	0.02185	0.07758	0.02334	0.02404	0.03575	0.02262	0.10895	0.26430	0.00797	0.07960	0.03923	0.05056	0.00918
10	0.01171	0.00911	0.01064	0.01025	0.01278	0.00804	0.00769	0.01503	0.02307	0.03053	0.38079	0.07564	0.33202	0.02029	0.01056	0.00291	0.00436	0.01741	0.00914	0.00804
11	0.02697	0.06295	0.02974	0.03046	0.17494	0.29759	0.04758	0.03390	0.11570	0.02641	0.01814	0.02084	0.01478	0.00962	0.00975	0.00262	0.05351	0.00730	0.00519	0.01200
12	0.01492	0.01190	0.01406	0.01267	0.01664	0.01015	0.00939	0.04938	0.01957	0.02723	0.04219	0.30990	0.12958	0.01847	0.00941	0.00265	0.00587	0.01614	0.00726	0.27264
13	0.01881	0.13882	0.02277	0.01645	0.01897	0.11809	0.01300	0.02079	0.01758	0.02153	0.02874	0.18632	0.06577	0.08592	0.05486	0.00427	0.14033	0.01253	0.00555	0.00889
14	0.01156	0.00835	0.01076	0.01170	0.01286	0.00774	0.00809	0.01392	0.01973	0.02678	0.23433	0.41145	0.10265	0.06090	0.01297	0.00361	0.00503	0.02137	0.00864	0.00756
15	0.01107	0.00908	0.00975	0.00959	0.01239	0.00776	0.00719	0.01380	0.02157	0.02696	0.21823	0.08150	0.49681	0.02161	0.01057	0.00297	0.00446	0.01824	0.00868	0.00776
16	0.03164	0.09661	0.02801	0.06319	0.02945	0.33684	0.01749	0.22758	0.02992	0.03371	0.01646	0.01830	0.01281	0.00957	0.00821	0.00244	0.01308	0.00660	0.00598	0.01211
17	0.13826	0.02162	0.08926	0.09515	0.26747	0.05332	0.02037	0.02476	0.01809	0.02774	0.01782	0.02695	0.01608	0.13017	0.01484	0.00379	0.01038	0.00810	0.00468	0.01114
18	0.02300	0.52851	0.10622	0.02107	0.07805	0.03195	0.05289	0.02711	0.01861	0.02294	0.01352	0.01606	0.01182	0.00776	0.00657	0.00214	0.01036	0.00559	0.00392	0.01192

[dist]
# distance from previous block
# <min> <max>
0	1

[block]
# block no. 4 follows, 19 sequences, length 16
# corresponding to MSA columns:
# 149-164
name=unknown_E
#
# <colnr> <probs for GDERKNQSTAVLIFYWHMCP>
#	G	D	E	R	K	N	Q	S	T	A	V	L	I	F	Y	W	H	M	C	P
0	0.01734	0.02407	0.19921	0.02900	0.17111	0.01654	0.06862	0.02357	0.02008	0.02764	0.03399	0.05102	0.09610	0.01452	0.01008	0.00319	0.01033	0.16654	0.00578	0.01129
1	0.01201	0.00952	0.01106	0.01183	0.01449	0.00858	0.00964	0.01496	0.02047	0.02514	0.07451	0.09162	0.41202	0.02342	0.01124	0.00343	0.00591	0.22407	0.00828	0.00781
2	0.06579	0.02474	0.09778	0.19699	0.28003	0.08365	0.07055	0.02725	0.01983	0.02743	0.01605	0.02131	0.01272	0.00838	0.00869	0.00276	0.01191	0.00761	0.00434	0.01219
3	0.03165	0.06309	0.02839	0.02616	0.10992	0.30924	0.01849	0.23937	0.03042	0.03540	0.01696	0.01882	0.01323	0.00953	0.00839	0.00247	0.01279	0.00685	0.00613	0.01270
4	0.02319	0.47874	0.03768	0.01565	0.02187	0.06835	0.01450	0.02612	0.01828	0.05418	0.01604	0.01944	0.01421	0.01969	0.13348	0.00445	0.01272	0.00602	0.00446	0.01092
5	0.06637	0.14015	0.23390	0.02407	0.08915	0.10230	0.02213	0.03297	0.14861	0.02912	0.01947	0.02102	0.01503	0.00918	0.00799	0.00264	0.01102	0.00700	0.00522	0.01267
6	0.02377	0.02514	0.02109	0.06056	0.02536	0.24878	0.01569	0.07404	0.08197	0.02739	0.03299	0.04336	0.10453	0.01466	0.01108	0.00299	0.06335	0.10650	0.00644	0.01030
7	0.35776	0.01741	0.01995	0.19292	0.06959	0.02011	0.01572	0.09597	0.01936	0.03489	0.01504	0.01939	0.01172	0.01050	0.00935	0.05921	0.00895	0.00651	0.00534	0.01029
8	0.01916	0.10419	0.14389	0.03346	0.28056	0.01964	0.02263	0.02472	0.02030	0.02810	0.07833	0.03800	0.05333	0.01186	0.00911	0.00282	0.00981	0.08264	0.00541	0.01206
9	0.01260	0.00958	0.01318	0.01316	0.01506	0.01013	0.00992	0.01533	0.01563	0.02173	0.03521	0.12711	0.10064	0.08677	0.41934	0.01054	0.01733	0.01276	0.00575	0.04822
10	0.03533	0.02119	0.02536	0.02151	0.07204	0.02194	0.01640	0.35381	0.03442	0.26508	0.02615	0.02479	0.01766	0.01065	0.00896	0.00271	0.00909	0.00839	0.00938	0.01514
11	0.03038	0.14267	0.02819	0.02081	0.02602	0.41974	0.01646	0.10688	0.02555	0.02620	0.01538	0.01800	0.01283	0.01360	0.05695	0.00322	0.01484	0.00620	0.00507	0.01100
12	0.01365	0.00965	0.01099	0.01057	0.01364	0.00837	0.00816	0.01657	0.02192	0.07598	0.20267	0.07828	0.42046	0.02089	0.01056	0.00302	0.00494	0.05239	0.00887	0.00841
13	0.01668	0.00834	0.00834	0.00834	0.01042	0.00834	0.00625	0.02085	0.01876	0.03335	0.02918	0.03335	0.02293	0.01042	0.00625	0.00208	0.00417	0.00834	0.73525	0.00834
14	0.01748	0.07830	0.08408	0.02831	0.21779	0.04652	0.01800	0.02128	0.01884	0.02525	0.03052	0.31032	0.03334	0.01688	0.00964	0.00302	0.00866	0.01514	0.00603	0.01062
15	0.13067	0.02719	0.02748	0.03059	0.21270	0.18021	0.01928	0.20089	0.02739	0.03706	0.01686	0.01937	0.01319	0.00916	0.00822	0.00259	0.01125	0.00700	0.00598	0.01290

[dist]
# distance from previous block
# <min> <max>
0	8

[block]
# block no. 5 follows, 19 sequences, length 19
# corresponding to MSA columns:
# 173-191
name=unknown_F
#
# <colnr> <probs for GDERKNQSTAVLIFYWHMCP>
#	G	D	E	R	K	N	Q	S	T	A	V	L	I	F	Y	W	H	M	C	P
0	0.05991	0.07683	0.11493	0.05087	0.10725	0.05544	0.01925	0.13251	0.05720	0.10574	0.02641	0.03245	0.04666	0.01154	0.00882	0.00282	0.00990	0.06207	0.00674	0.01265
1	0.01935	0.06686	0.01832	0.01462	0.01911	0.05904	0.01184	0.02532	0.09359	0.07934	0.09360	0.08910	0.12707	0.01592	0.00942	0.00280	0.00732	0.10940	0.00766	0.13032
2	0.02264	0.10292	0.02793	0.02149	0.02372	0.16055	0.01769	0.02585	0.04199	0.02216	0.01428	0.02003	0.01316	0.01725	0.07021	0.00412	0.37226	0.00726	0.00434	0.01015
3	0.02616	0.16070	0.10144	0.02004	0.02572	0.35106	0.01735	0.02963	0.02246	0.02364	0.06236	0.07993	0.02121	0.01121	0.00816	0.00245	0.01266	0.00823	0.00508	0.01050
4	0.01608	0.01422	0.01314	0.01302	0.01470	0.10043	0.00913	0.01878	0.04649	0.02262	0.08448	0.09777	0.10648	0.31169	0.02576	0.00555	0.00856	0.07697	0.00667	0.00746
5	0.01081	0.00860	0.00970	0.01042	0.01248	0.00750	0.00744	0.01292	0.01948	0.02433	0.10511	0.30070	0.39028	0.02437	0.01088	0.00323	0.00475	0.02111	0.00839	0.00750
6	0.14865	0.03027	0.02323	0.02198	0.07097	0.30889	0.01592	0.15704	0.02662	0.03330	0.02160	0.02305	0.06082	0.01037	0.00811	0.00255	0.01188	0.00733	0.00600	0.01140
7	0.03342	0.04264	0.02535	0.02305	0.02766	0.64967	0.01729	0.03572	0.02535	0.02190	0.01383	0.01613	0.01152	0.00922	0.00807	0.00230	0.01613	0.00576	0.00461	0.01037
8	0.02146	0.02054	0.02351	0.20256	0.08165	0.10923	0.01833	0.06463	0.18363	0.02885	0.02297	0.02696	0.01818	0.01946	0.11441	0.00473	0.01295	0.00851	0.00594	0.01148
9	0.01278	0.00959	0.01438	0.01438	0.01598	0.01118	0.01118	0.01598	0.01438	0.02077	0.02396	0.03515	0.02237	0.06710	0.65013	0.01438	0.02396	0.00959	0.00479	0.00799
10	0.01274	0.00923	0.01241	0.01241	0.01350	0.01007	0.00885	0.01473	0.01421	0.01971	0.02918	0.04646	0.05938	0.28934	0.39519	0.01168	0.01734	0.01134	0.00521	0.00703
11	0.01097	0.00888	0.00975	0.00996	0.01244	0.00765	0.00730	0.01345	0.02069	0.02589	0.17212	0.17617	0.44791	0.02278	0.01070	0.00308	0.00458	0.01947	0.00856	0.00765
12	0.01441	0.00906	0.01185	0.01185	0.01365	0.00999	0.00912	0.01801	0.01621	0.02604	0.02615	0.03440	0.02260	0.04338	0.38069	0.00923	0.01568	0.00906	0.31047	0.00813
13	0.01109	0.00840	0.01024	0.01123	0.01277	0.00755	0.00787	0.01330	0.01947	0.02539	0.15663	0.39867	0.23540	0.02480	0.01102	0.00331	0.00483	0.02192	0.00856	0.00755
14	0.02884	0.13647	0.02702	0.01897	0.02472	0.24818	0.01538	0.22255	0.02916	0.03379	0.02712	0.02761	0.10017	0.01139	0.00835	0.00247	0.01129	0.00825	0.00648	0.01179
15	0.02289	0.07750	0.41787	0.02446	0.03544	0.06735	0.07906	0.03099	0.02048	0.11387	0.01860	0.02054	0.01310	0.00878	0.00856	0.00275	0.01259	0.00714	0.00495	0.01309
16	0.03118	0.09868	0.02864	0.02625	0.10091	0.51720	0.01835	0.03390	0.02409	0.02272	0.01407	0.01671	0.01184	0.00892	0.00795	0.00231	0.01487	0.00594	0.00452	0.01094
17	0.05189	0.10209	0.11503	0.19910	0.03700	0.02188	0.05485	0.11983	0.04743	0.03119	0.02319	0.02619	0.06162	0.00996	0.00842	0.00266	0.01030	0.00819	0.00550	0.06367
18	0.01952	0.03666	0.40431	0.03595	0.23412	0.02105	0.06595	0.02806	0.01951	0.02865	0.01644	0.02028	0.01241	0.00827	0.00874	0.00279	0.01248	0.00730	0.00404	0.01346

[dist]
# distance from previous block
# <min> <max>
1	5

[block]
# block no. 6 follows, 19 sequences, length 22
# corresponding to MSA columns:
# 197-218
name=unknown_G
#
# <colnr> <probs for GDERKNQSTAVLIFYWHMCP>
#	G	D	E	R	K	N	Q	S	T	A	V	L	I	F	Y	W	H	M	C	P
0	0.07697	0.21842	0.19261	0.02218	0.09341	0.07533	0.02002	0.02721	0.02003	0.05455	0.07022	0.02529	0.04893	0.00989	0.00779	0.00251	0.01022	0.00756	0.00513	0.01173
1	0.02243	0.09767	0.07457	0.05164	0.02704	0.08938	0.04318	0.08317	0.22169	0.03254	0.07664	0.03573	0.02724	0.01229	0.00905	0.00287	0.00955	0.06410	0.00710	0.01210
2	0.10083	0.06553	0.13533	0.02133	0.02843	0.27153	0.01919	0.19233	0.02759	0.03454	0.01619	0.01790	0.01235	0.00936	0.00804	0.00253	0.01263	0.00643	0.00574	0.01223
3	0.01580	0.01146	0.01401	0.01339	0.01579	0.01144	0.00992	0.11943	0.02514	0.03449	0.29407	0.29618	0.06226	0.02071	0.01060	0.00311	0.00560	0.01831	0.00909	0.00920
4	0.02540	0.01789	0.02152	0.01760	0.02186	0.01986	0.01430	0.24675	0.02976	0.11173	0.21228	0.03654	0.03730	0.01405	0.01311	0.00296	0.12571	0.01070	0.00858	0.01210
5	0.01280	0.00859	0.00982	0.01002	0.01007	0.00853	0.00570	0.01296	0.01342	0.01789	0.03027	0.11972	0.03515	0.62084	0.04218	0.00818	0.00833	0.01423	0.00570	0.00560
6	0.02031	0.01740	0.01992	0.06595	0.06436	0.01929	0.01447	0.08294	0.35469	0.03453	0.04411	0.04236	0.15392	0.01379	0.00938	0.00297	0.00735	0.01154	0.00823	0.01251
7	0.01090	0.00779	0.01038	0.01246	0.01298	0.00727	0.00830	0.01246	0.01713	0.02284	0.04931	0.67975	0.05917	0.02803	0.01142	0.00363	0.00519	0.02543	0.00830	0.00727
8	0.02959	0.02635	0.03007	0.03348	0.24722	0.12025	0.02086	0.30517	0.03161	0.04122	0.01862	0.02091	0.01427	0.00950	0.00878	0.00262	0.01109	0.00767	0.00664	0.01410
9	0.14745	0.01802	0.02071	0.18470	0.03218	0.02126	0.01615	0.03743	0.35475	0.03412	0.02692	0.02762	0.02025	0.01064	0.00844	0.00297	0.00831	0.00863	0.00715	0.01229
10	0.03025	0.02876	0.02437	0.02063	0.02635	0.21984	0.01623	0.25619	0.21065	0.03987	0.02364	0.02343	0.01774	0.01069	0.00872	0.00267	0.01096	0.00797	0.00764	0.01339
11	0.03342	0.04264	0.02535	0.02305	0.02766	0.64967	0.01729	0.03572	0.02535	0.02190	0.01383	0.01613	0.01152	0.00922	0.00807	0.00230	0.01613	0.00576	0.00461	0.01037
12	0.01756	0.01483	0.01430	0.01322	0.01721	0.05675	0.01014	0.02682	0.19912	0.06741	0.06548	0.06185	0.36497	0.01782	0.00986	0.00296	0.00630	0.01471	0.00847	0.01023
13	0.01063	0.00883	0.00930	0.00968	0.01225	0.00750	0.00707	0.01277	0.01980	0.02393	0.08316	0.19336	0.52370	0.02363	0.01073	0.00313	0.00465	0.02007	0.00831	0.00750
14	0.01892	0.03285	0.32496	0.02564	0.03278	0.02381	0.07424	0.02541	0.01682	0.02541	0.01436	0.01962	0.01170	0.01153	0.01772	0.00332	0.29791	0.00747	0.00390	0.01164
15	0.01218	0.00922	0.01140	0.01184	0.01405	0.00844	0.00922	0.01546	0.02178	0.02864	0.26122	0.14891	0.24842	0.02220	0.01106	0.00326	0.00532	0.14058	0.00882	0.00798
16	0.01852	0.01751	0.02465	0.03273	0.28297	0.06877	0.01859	0.02221	0.01836	0.02493	0.02404	0.14252	0.02404	0.02745	0.17779	0.00592	0.04167	0.01133	0.00521	0.01082
17	0.01409	0.01098	0.01470	0.01400	0.01462	0.01299	0.01018	0.01568	0.01366	0.01942	0.02361	0.04251	0.02487	0.32617	0.27688	0.01003	0.13271	0.01076	0.00491	0.00720
18	0.02800	0.02760	0.02623	0.02763	0.15915	0.21494	0.01818	0.20019	0.07330	0.03517	0.02604	0.02725	0.07492	0.01094	0.00883	0.00262	0.01122	0.00855	0.00656	0.01266
19	0.02174	0.02231	0.03570	0.14802	0.32733	0.07299	0.13504	0.02725	0.02038	0.02743	0.01660	0.02205	0.01339	0.00806	0.00897	0.00265	0.01187	0.00809	0.00445	0.06566
20	0.08991	0.01683	0.08107	0.06798	0.06633	0.01420	0.08720	0.02059	0.02059	0.02983	0.19508	0.04883	0.16502	0.04504	0.01121	0.00315	0.00805	0.01262	0.00678	0.00968
21	0.10410	0.08724	0.42803	0.02306	0.03381	0.02105	0.07245	0.02717	0.01905	0.02974	0.05991	0.02195	0.01666	0.00905	0.00826	0.00277	0.01170	0.00728	0.00449	0.01223

[dist]
# distance from previous block
# <min> <max>
2	78

[block]
# block no. 7 follows, 19 sequences, length 25
# corresponding to MSA columns:
# 297-321
name=unknown_H
#
# <colnr> <probs for GDERKNQSTAVLIFYWHMCP>
#	G	D	E	R	K	N	Q	S	T	A	V	L	I	F	Y	W	H	M	C	P
0	0.02950	0.02154	0.02591	0.02659	0.17179	0.07553	0.01738	0.16162	0.02667	0.18135	0.02190	0.02275	0.01592	0.00920	0.00840	0.00240	0.00943	0.00751	0.00725	0.15736
1	0.02540	0.02860	0.02153	0.02090	0.05742	0.32506	0.01502	0.03364	0.16772	0.02763	0.08394	0.03380	0.09728	0.01232	0.00889	0.00264	0.01113	0.00949	0.00662	0.01099
2	0.02332	0.08675	0.05921	0.02194	0.08708	0.21440	0.01628	0.03205	0.16611	0.02718	0.03460	0.03459	0.13531	0.01223	0.00871	0.00265	0.01033	0.00957	0.00629	0.01141
3	0.01683	0.01520	0.01689	0.01579	0.01807	0.08745	0.01233	0.05070	0.01899	0.02509	0.10095	0.03907	0.08160	0.04207	0.34132	0.00883	0.08360	0.01052	0.00585	0.00886
4	0.01425	0.01189	0.01570	0.01535	0.01702	0.04564	0.01198	0.01733	0.01492	0.02087	0.02274	0.03326	0.02119	0.06113	0.58106	0.01315	0.06030	0.00928	0.00473	0.00822
5	0.01915	0.03547	0.36773	0.02888	0.03880	0.02236	0.20154	0.02738	0.01876	0.02738	0.01601	0.02058	0.01207	0.00931	0.01233	0.00306	0.11481	0.00799	0.00402	0.01234
6	0.01887	0.02257	0.10706	0.12803	0.15672	0.01955	0.25340	0.02522	0.01967	0.02705	0.02175	0.11669	0.01970	0.01087	0.00988	0.00301	0.01213	0.01134	0.00488	0.01161
7	0.01230	0.00870	0.01146	0.01208	0.01276	0.00907	0.00817	0.01381	0.01470	0.02012	0.03316	0.23778	0.03722	0.28537	0.23312	0.00902	0.01263	0.01563	0.00608	0.00682
8	0.01988	0.01093	0.01315	0.01155	0.01557	0.00941	0.00903	0.02288	0.02292	0.21051	0.17805	0.06561	0.33895	0.01832	0.01010	0.00290	0.00540	0.01538	0.00944	0.01003
9	0.02080	0.02966	0.21296	0.03462	0.25312	0.09260	0.02527	0.02673	0.01916	0.02639	0.01667	0.02183	0.01380	0.01620	0.08896	0.00422	0.07298	0.00749	0.00425	0.01230
10	0.01638	0.03837	0.50538	0.02201	0.03306	0.01797	0.02748	0.02504	0.01921	0.02745	0.03190	0.03316	0.14192	0.01151	0.00894	0.00287	0.01138	0.00922	0.00474	0.01202
11	0.02744	0.01831	0.02049	0.01739	0.02304	0.01976	0.01382	0.10802	0.36648	0.18949	0.03748	0.03425	0.05846	0.01230	0.00914	0.00293	0.00739	0.01009	0.00954	0.01418
12	0.01554	0.00777	0.01166	0.01166	0.01166	0.00777	0.00777	0.01166	0.01166	0.01554	0.01554	0.02720	0.01554	0.03108	0.03497	0.73970	0.00777	0.00777	0.00389	0.00389
13	0.02799	0.17429	0.03080	0.09719	0.08281	0.36195	0.01846	0.03221	0.05116	0.02322	0.01513	0.01800	0.01256	0.00889	0.00779	0.00237	0.01334	0.00621	0.00457	0.01107
14	0.01202	0.00912	0.01107	0.01058	0.01297	0.00817	0.00794	0.01565	0.02382	0.03230	0.46158	0.07272	0.25012	0.01963	0.01056	0.00288	0.00432	0.01701	0.00938	0.00817
15	0.01133	0.00857	0.01046	0.01108	0.01283	0.00770	0.00790	0.01390	0.02056	0.02715	0.23459	0.31859	0.23584	0.02350	0.01091	0.00320	0.00470	0.02070	0.00877	0.00770
16	0.05883	0.02222	0.06493	0.04937	0.53788	0.02122	0.02616	0.02846	0.05016	0.03015	0.01756	0.02216	0.01447	0.00823	0.00868	0.00269	0.01039	0.00785	0.00469	0.01389
17	0.07135	0.03308	0.02507	0.21523	0.03725	0.42244	0.01910	0.03129	0.02250	0.02328	0.01437	0.01836	0.01153	0.00908	0.00818	0.00254	0.01432	0.00637	0.00447	0.01020
18	0.01969	0.01523	0.01681	0.01482	0.01844	0.01645	0.01120	0.13555	0.21169	0.03607	0.18402	0.04700	0.06864	0.14506	0.01661	0.00401	0.00707	0.01224	0.00851	0.01090
19	0.01254	0.00875	0.00962	0.00962	0.01021	0.00846	0.00569	0.01298	0.01445	0.01868	0.04035	0.06391	0.14811	0.55650	0.03873	0.00757	0.00787	0.01415	0.00598	0.00584
20	0.01219	0.00833	0.01000	0.01080	0.01101	0.00813	0.00654	0.01280	0.01461	0.01948	0.03638	0.29955	0.04286	0.43048	0.03230	0.00672	0.00732	0.01783	0.00654	0.00614
21	0.01390	0.09205	0.01484	0.01140	0.01258	0.01189	0.00773	0.01485	0.01459	0.01921	0.03013	0.17587	0.03439	0.41480	0.08826	0.00735	0.00946	0.01419	0.00575	0.00676
22	0.02039	0.01947	0.03316	0.25783	0.44052	0.02080	0.02659	0.02592	0.01954	0.02711	0.01652	0.02271	0.01342	0.00830	0.00889	0.00277	0.01106	0.00796	0.00428	0.01276
23	0.18120	0.02094	0.02138	0.01729	0.02369	0.02297	0.01403	0.27767	0.17279	0.04521	0.02256	0.02257	0.01676	0.01009	0.00800	0.00263	0.00818	0.00756	0.00785	0.09663
24	0.02341	0.06200	0.08336	0.12634	0.17960	0.10337	0.02121	0.06314	0.02158	0.06274	0.01868	0.02514	0.01544	0.00976	0.00939	0.00263	0.03887	0.03795	0.00523	0.09015

[dist]
# distance from previous block
# <min> <max>
0	4

[block]
# block no. 8 follows, 19 sequences, length 39
# corresponding to MSA columns:
# 326-364
name=unknown_I
#
# <colnr> <probs for GDERKNQSTAVLIFYWHMCP>
#	G	D	E	R	K	N	Q	S	T	A	V	L	I	F	Y	W	H	M	C	P
0	0.02998	0.03354	0.02898	0.03264	0.21543	0.36766	0.02042	0.11121	0.02611	0.02895	0.01582	0.01875	0.01286	0.00904	0.00844	0.00247	0.01355	0.00677	0.00515	0.01223
1	0.01952	0.02016	0.02660	0.56208	0.05621	0.12009	0.02364	0.02491	0.01908	0.02271	0.01557	0.02262	0.01186	0.00899	0.00880	0.00287	0.01260	0.00760	0.00408	0.01001
2	0.01990	0.01440	0.01657	0.01509	0.01813	0.01513	0.01134	0.22487	0.02629	0.03528	0.08022	0.26352	0.04061	0.12549	0.01594	0.00406	0.00752	0.04748	0.00819	0.00998
3	0.01083	0.00804	0.01012	0.01177	0.01280	0.00732	0.00800	0.01253	0.01779	0.02311	0.05764	0.56006	0.17348	0.02695	0.01125	0.00351	0.00506	0.02411	0.00831	0.00732
4	0.02095	0.02451	0.10446	0.01895	0.02408	0.13871	0.06324	0.05935	0.01960	0.02524	0.01942	0.03077	0.01845	0.21073	0.02081	0.00431	0.05687	0.00865	0.00506	0.12582
5	0.01299	0.00874	0.01011	0.01011	0.01024	0.00887	0.00587	0.01324	0.01312	0.01761	0.02786	0.05674	0.03174	0.63788	0.09217	0.00911	0.00985	0.01275	0.00537	0.00562
6	0.01992	0.01760	0.01695	0.01505	0.01872	0.10481	0.01159	0.11326	0.09761	0.03633	0.33271	0.05005	0.09824	0.01543	0.00978	0.00276	0.00716	0.01292	0.00875	0.01038
7	0.01855	0.01590	0.01855	0.01325	0.02120	0.01193	0.01060	0.02253	0.01855	0.02915	0.01590	0.01855	0.01325	0.00663	0.00663	0.00133	0.00663	0.00530	0.00530	0.74028
8	0.01794	0.04628	0.63923	0.02550	0.03872	0.02078	0.03305	0.02833	0.01889	0.02833	0.01606	0.01889	0.01133	0.00850	0.00850	0.00283	0.01322	0.00661	0.00378	0.01322
9	0.01097	0.00814	0.01025	0.01171	0.01283	0.00741	0.00802	0.01287	0.01839	0.02410	0.10172	0.51740	0.17102	0.02624	0.01119	0.00345	0.00499	0.02345	0.00842	0.00741
10	0.02350	0.64621	0.08801	0.01602	0.02406	0.03438	0.01654	0.02690	0.01823	0.02155	0.01269	0.01467	0.01147	0.00771	0.00593	0.00198	0.00982	0.00491	0.00382	0.01160
11	0.01090	0.00779	0.01038	0.01246	0.01298	0.00727	0.00830	0.01246	0.01713	0.02284	0.04931	0.67975	0.05917	0.02803	0.01142	0.00363	0.00519	0.02543	0.00830	0.00727
12	0.03342	0.04264	0.02535	0.02305	0.02766	0.64967	0.01729	0.03572	0.02535	0.02190	0.01383	0.01613	0.01152	0.00922	0.00807	0.00230	0.01613	0.00576	0.00461	0.01037
13	0.01301	0.00867	0.00976	0.00976	0.00976	0.00867	0.00542	0.01301	0.01301	0.01735	0.02819	0.05855	0.03253	0.68559	0.04554	0.00867	0.00867	0.01301	0.00542	0.00542
14	0.01282	0.00944	0.01364	0.01364	0.01499	0.01078	0.01027	0.01550	0.01416	0.02022	0.02464	0.03887	0.02398	0.16551	0.55393	0.01347	0.02153	0.01013	0.00489	0.00758
15	0.01090	0.00779	0.01038	0.01246	0.01298	0.00727	0.00830	0.01246	0.01713	0.02284	0.04931	0.67975	0.05917	0.02803	0.01142	0.00363	0.00519	0.02543	0.00830	0.00727
16	0.04014	0.01523	0.02076	0.01592	0.02284	0.01315	0.01315	0.04360	0.02561	0.63597	0.03530	0.03045	0.02215	0.01107	0.00900	0.00277	0.00761	0.00900	0.01107	0.01523
17	0.03401	0.02506	0.02685	0.02058	0.02774	0.02774	0.01700	0.59995	0.04206	0.05638	0.02148	0.02148	0.01521	0.01074	0.00895	0.00268	0.00984	0.00805	0.00895	0.01521
18	0.02981	0.02101	0.02236	0.01762	0.02355	0.02304	0.01440	0.45957	0.03642	0.05080	0.02335	0.02436	0.01709	0.01066	0.00830	0.00254	0.00847	0.00812	0.18500	0.01355
19	0.01090	0.00779	0.01038	0.01246	0.01298	0.00727	0.00830	0.01246	0.01713	0.02284	0.04931	0.67975	0.05917	0.02803	0.01142	0.00363	0.00519	0.02543	0.00830	0.00727
20	0.01278	0.00959	0.01438	0.01438	0.01598	0.01118	0.01118	0.01598	0.01438	0.02077	0.02396	0.03515	0.02237	0.06710	0.65013	0.01438	0.02396	0.00959	0.00479	0.00799
21	0.03345	0.04166	0.02544	0.02291	0.02766	0.61517	0.01727	0.06703	0.02628	0.02381	0.01425	0.01643	0.01173	0.00930	0.00812	0.00233	0.01578	0.00589	0.00485	0.01064
22	0.06215	0.03828	0.42300	0.03177	0.18156	0.05402	0.02950	0.02839	0.01938	0.02890	0.01592	0.01929	0.01194	0.00840	0.00839	0.00276	0.01238	0.00680	0.00408	0.01310
23	0.19354	0.02517	0.18443	0.02664	0.11043	0.01891	0.14163	0.02527	0.01840	0.03048	0.02102	0.12454	0.01940	0.01129	0.00873	0.00296	0.01048	0.01020	0.00517	0.01131
24	0.03342	0.04264	0.02535	0.02305	0.02766	0.64967	0.01729	0.03572	0.02535	0.02190	0.01383	0.01613	0.01152	0.00922	0.00807	0.00230	0.01613	0.00576	0.00461	0.01037
25	0.01278	0.00959	0.01438	0.01438	0.01598	0.01118	0.01118	0.01598	0.01438	0.02077	0.02396	0.03515	0.02237	0.06710	0.65013	0.01438	0.02396	0.00959	0.00479	0.00799
26	0.02214	0.02126	0.03631	0.05491	0.62978	0.02126	0.02746	0.02746	0.02037	0.02923	0.01683	0.02214	0.01417	0.00797	0.00886	0.00266	0.01063	0.00797	0.00443	0.01417
27	0.01374	0.01205	0.01712	0.05355	0.10280	0.01129	0.04417	0.01742	0.02129	0.02754	0.17668	0.06743	0.33239	0.01829	0.01035	0.00299	0.00652	0.04770	0.00763	0.00907
28	0.37933	0.02780	0.23027	0.05077	0.06975	0.02075	0.01999	0.05444	0.01825	0.03530	0.01459	0.01733	0.01093	0.00850	0.00711	0.00279	0.00971	0.00597	0.00495	0.01149
29	0.02074	0.02516	0.12783	0.20368	0.32667	0.05733	0.05712	0.02696	0.01983	0.02700	0.01636	0.02183	0.01297	0.00835	0.00887	0.00277	0.01192	0.00776	0.00423	0.01261
30	0.02161	0.02241	0.02118	0.04994	0.02363	0.20699	0.01541	0.05944	0.01945	0.02355	0.01837	0.02549	0.01642	0.03499	0.28493	0.00776	0.12610	0.00798	0.00481	0.00954
31	0.06446	0.06937	0.02458	0.02217	0.08595	0.10936	0.01599	0.11337	0.28390	0.03496	0.02555	0.02602	0.01980	0.01402	0.04832	0.00346	0.01027	0.00833	0.00716	0.01297
32	0.02014	0.02473	0.13986	0.02036	0.05780	0.08542	0.01745	0.03174	0.20799	0.02960	0.02833	0.06540	0.04954	0.01573	0.05814	0.00356	0.01044	0.00940	0.00636	0.11798
