[name]
unknown

[dist]
# distance from previous block
# <min> <max>
0	6

[block]
# block no. 0 follows, 22 sequences, length 107
# corresponding to MSA columns:
# 6-112
name=unknown_A
#
# <colnr> <probs for GDERKNQSTAVLIFYWHMCP>
#	G	D	E	R	K	N	Q	S	T	A	V	L	I	F	Y	W	H	M	C	P
0	0.02177	0.01182	0.01564	0.01534	0.04794	0.01130	0.01117	0.05331	0.06276	0.23015	0.03730	0.22550	0.06664	0.01797	0.01145	0.06904	0.00654	0.06623	0.00808	0.01005
1	0.04897	0.17075	0.24513	0.02113	0.02882	0.08111	0.11285	0.02485	0.01788	0.02434	0.04565	0.02053	0.01504	0.01310	0.06671	0.00341	0.03802	0.00693	0.00412	0.01065
2	0.02043	0.38215	0.10379	0.01586	0.02172	0.12701	0.01501	0.02354	0.01780	0.02079	0.01935	0.15924	0.01998	0.01141	0.00707	0.00227	0.00937	0.00882	0.00454	0.00986
3	0.02167	0.01458	0.01756	0.01523	0.01910	0.01554	0.01236	0.14113	0.11424	0.13760	0.16527	0.04547	0.07937	0.01456	0.01083	0.00287	0.06659	0.08687	0.00830	0.01087
4	0.01803	0.01310	0.01414	0.01207	0.01644	0.01260	0.00953	0.14244	0.07047	0.08723	0.05785	0.05504	0.37419	0.01605	0.00902	0.00261	0.00578	0.01317	0.00793	0.06231
5	0.02298	0.65413	0.04178	0.01484	0.02170	0.08902	0.01438	0.02560	0.01746	0.01961	0.01166	0.01347	0.01066	0.00723	0.00552	0.00181	0.00942	0.00452	0.00362	0.01057
6	0.01111	0.00810	0.00889	0.00907	0.01009	0.00757	0.00572	0.01198	0.01482	0.01878	0.04817	0.12252	0.24943	0.40633	0.02808	0.00580	0.00642	0.01503	0.00621	0.00588
7	0.01056	0.00844	0.00944	0.00919	0.01167	0.00733	0.00689	0.01335	0.02068	0.02658	0.30045	0.07313	0.43397	0.01949	0.00981	0.00273	0.00410	0.01658	0.00826	0.00733
8	0.01124	0.00770	0.00931	0.01014	0.01035	0.00749	0.00618	0.01186	0.01372	0.01830	0.03460	0.33294	0.04084	0.41496	0.02867	0.00604	0.00666	0.01704	0.00618	0.00577
9	0.02513	0.01935	0.02123	0.01753	0.02277	0.02178	0.01413	0.35312	0.21909	0.04176	0.02455	0.02532	0.01861	0.01862	0.11348	0.00430	0.01042	0.00829	0.00775	0.01277
10	0.01054	0.00782	0.00963	0.01045	0.01173	0.00713	0.00724	0.01255	0.01792	0.02368	0.18083	0.38232	0.19233	0.07085	0.01248	0.00341	0.00472	0.01963	0.00783	0.00692
11	0.01014	0.00826	0.00861	0.00879	0.01102	0.00712	0.00627	0.01191	0.01777	0.02151	0.07317	0.13324	0.51798	0.11035	0.01409	0.00354	0.00476	0.01738	0.00737	0.00673
12	0.01130	0.00892	0.01213	0.11737	0.01909	0.00888	0.00989	0.01405	0.01825	0.02407	0.17983	0.33743	0.16720	0.02032	0.00992	0.00300	0.00549	0.01803	0.00739	0.00743
13	0.02221	0.71304	0.04353	0.01421	0.02132	0.03287	0.01421	0.02488	0.01688	0.01955	0.01155	0.01333	0.01066	0.00711	0.00533	0.00178	0.00888	0.00444	0.00355	0.01066
14	0.01460	0.01058	0.01214	0.01129	0.01385	0.01051	0.00829	0.02127	0.14408	0.06267	0.25502	0.05627	0.17638	0.14818	0.01565	0.00373	0.00547	0.01350	0.00798	0.00854
15	0.01666	0.04297	0.66500	0.02368	0.03596	0.01929	0.03069	0.02631	0.01754	0.02631	0.01491	0.01754	0.01052	0.00789	0.00789	0.00263	0.01228	0.00614	0.00351	0.01228
16	0.00989	0.00813	0.00871	0.00918	0.01142	0.00695	0.00665	0.01184	0.01820	0.02214	0.07485	0.23094	0.50787	0.02225	0.01001	0.00294	0.00436	0.01901	0.00771	0.00695
17	0.01187	0.00890	0.01335	0.01335	0.01483	0.01038	0.01038	0.01483	0.01335	0.01928	0.02225	0.03264	0.02077	0.06231	0.67512	0.01335	0.02225	0.00890	0.00445	0.00742
18	0.01026	0.00779	0.00909	0.01003	0.01134	0.00702	0.00683	0.01177	0.01657	0.02102	0.05796	0.37950	0.28117	0.11268	0.01442	0.00376	0.00500	0.01978	0.00736	0.00663
19	0.01486	0.00827	0.00831	0.00823	0.01041	0.00818	0.00619	0.01930	0.04401	0.02986	0.03586	0.03825	0.11528	0.01143	0.00651	0.00210	0.00404	0.00927	0.61177	0.00786
20	0.01436	0.00927	0.01044	0.00976	0.01295	0.00790	0.00745	0.01677	0.01996	0.12474	0.12445	0.10055	0.47252	0.01922	0.00962	0.00278	0.00467	0.01615	0.00825	0.00820
21	0.01208	0.00805	0.00906	0.00906	0.00906	0.00805	0.00503	0.01208	0.01208	0.01611	0.02618	0.05436	0.03020	0.70804	0.04228	0.00805	0.00805	0.01208	0.00503	0.00503
22	0.01063	0.00829	0.00965	0.00964	0.01180	0.00731	0.00710	0.01337	0.02037	0.02661	0.30529	0.15382	0.34625	0.02007	0.00991	0.00280	0.00417	0.01732	0.00828	0.00731
23	0.01012	0.00763	0.00924	0.01048	0.01165	0.00689	0.00715	0.01170	0.01665	0.02134	0.05660	0.48003	0.23711	0.05777	0.01191	0.00343	0.00479	0.02119	0.00758	0.00675
24	0.01012	0.00723	0.00964	0.01157	0.01205	0.00675	0.00771	0.01157	0.01591	0.02121	0.04579	0.70262	0.05495	0.02603	0.01060	0.00337	0.00482	0.02362	0.00771	0.00675
25	0.01877	0.01609	0.01657	0.01482	0.01856	0.06185	0.01145	0.08307	0.29724	0.03470	0.27922	0.04137	0.04463	0.01326	0.00891	0.00266	0.00632	0.01120	0.00843	0.01086
26	0.01160	0.00860	0.01258	0.01289	0.01415	0.00971	0.00974	0.01420	0.01370	0.01945	0.02613	0.13918	0.02655	0.08387	0.54362	0.01155	0.01890	0.01136	0.00499	0.00721
27	0.01116	0.00780	0.00958	0.01049	0.01102	0.00750	0.00680	0.01225	0.01491	0.01980	0.06504	0.34245	0.07328	0.31339	0.02396	0.00531	0.00626	0.04623	0.00664	0.00613
28	0.02294	0.01566	0.01781	0.01534	0.01996	0.01681	0.01209	0.08997	0.33919	0.15571	0.16253	0.03602	0.03460	0.01217	0.00870	0.00270	0.00634	0.01021	0.00893	0.01231
29	0.02342	0.02233	0.02017	0.05011	0.02396	0.15794	0.01407	0.13231	0.32903	0.03282	0.03063	0.02969	0.07466	0.01120	0.00834	0.00262	0.00877	0.00885	0.00726	0.01184
30	0.02193	0.02311	0.02987	0.13758	0.40396	0.15777	0.02279	0.02621	0.01925	0.02448	0.01468	0.01950	0.01222	0.00813	0.00901	0.00250	0.04434	0.00696	0.00406	0.01164
31	0.01979	0.01895	0.03233	0.15143	0.56179	0.01954	0.02511	0.02482	0.01855	0.02621	0.01549	0.02081	0.01283	0.00754	0.00824	0.00251	0.01006	0.00740	0.00405	0.01254
32	0.01008	0.00848	0.00878	0.00885	0.01157	0.00718	0.00673	0.01236	0.01916	0.02307	0.10892	0.07978	0.59639	0.02094	0.00990	0.00285	0.00436	0.04576	0.00778	0.00708
33	0.02872	0.03580	0.02381	0.07976	0.02815	0.56810	0.01683	0.03113	0.02212	0.02038	0.01286	0.01585	0.01075	0.00899	0.00906	0.00231	0.06599	0.00567	0.00418	0.00955
34	0.02056	0.01974	0.03372	0.05099	0.65622	0.01974	0.02550	0.02550	0.01892	0.02714	0.01563	0.02056	0.01316	0.00740	0.00822	0.00247	0.00987	0.00740	0.00411	0.01316
35	0.01047	0.00819	0.00948	0.00970	0.01175	0.00720	0.00707	0.01298	0.01967	0.02545	0.24657	0.20705	0.35303	0.02088	0.00998	0.00287	0.00425	0.01807	0.00814	0.00720
36	0.01286	0.01106	0.01133	0.01080	0.01414	0.01085	0.00823	0.02097	0.19366	0.02590	0.07002	0.06620	0.47666	0.01830	0.00944	0.00281	0.00487	0.01525	0.00792	0.00874
37	0.02059	0.15282	0.04012	0.03925	0.35371	0.02262	0.20108	0.02571	0.01873	0.02553	0.01520	0.01973	0.01252	0.00723	0.00814	0.00243	0.01091	0.00755	0.00403	0.01210
38	0.02745	0.02017	0.02214	0.01755	0.02299	0.02233	0.01422	0.49904	0.03354	0.04513	0.02075	0.02438	0.01629	0.07348	0.09731	0.00435	0.01075	0.00804	0.00754	0.01252
39	0.03013	0.10840	0.02558	0.02067	0.02524	0.60912	0.01586	0.03233	0.02286	0.02025	0.01271	0.01481	0.01070	0.00841	0.00727	0.00210	0.01436	0.00526	0.00421	0.00974
40	0.01194	0.00815	0.00941	0.00941	0.00970	0.00821	0.00558	0.01232	0.01257	0.01674	0.02902	0.05382	0.06366	0.61216	0.09736	0.00824	0.00912	0.01210	0.00513	0.00536
41	0.01242	0.00979	0.01409	0.01393	0.01498	0.01163	0.01068	0.01483	0.01360	0.01950	0.02471	0.13759	0.02540	0.08599	0.45170	0.01023	0.10545	0.01119	0.00489	0.00740
42	0.02177	0.02685	0.09557	0.03552	0.19727	0.14525	0.30140	0.02755	0.01999	0.02552	0.01558	0.02008	0.01220	0.00748	0.00878	0.00257	0.01297	0.00801	0.00413	0.01150
43	0.02670	0.26821	0.03214	0.02230	0.10702	0.22832	0.01660	0.15466	0.02388	0.02770	0.01425	0.01618	0.01173	0.00820	0.00701	0.00213	0.01096	0.00575	0.00485	0.01140
44	0.02221	0.71304	0.04353	0.01421	0.02132	0.03287	0.01421	0.02488	0.01688	0.01955	0.01155	0.01333	0.01066	0.00711	0.00533	0.00178	0.00888	0.00444	0.00355	0.01066
45	0.02622	0.01956	0.08156	0.03040	0.28019	0.01710	0.01927	0.07977	0.04857	0.24229	0.02567	0.02608	0.04612	0.00943	0.00833	0.00255	0.00867	0.00818	0.00683	0.01320
46	0.01012	0.00723	0.00964	0.01157	0.01205	0.00675	0.00771	0.01157	0.01591	0.02121	0.04579	0.70262	0.05495	0.02603	0.01060	0.00337	0.00482	0.02362	0.00771	0.00675
47	0.01084	0.00753	0.00943	0.01064	0.01095	0.00723	0.00673	0.01176	0.01450	0.01933	0.03857	0.46396	0.04584	0.27711	0.02227	0.00510	0.00601	0.01937	0.00673	0.00612
48	0.02621	0.07888	0.02903	0.03278	0.27849	0.36674	0.01971	0.02951	0.02122	0.02301	0.01387	0.01710	0.01168	0.00799	0.00763	0.00225	0.01250	0.00611	0.00416	0.01112
49	0.01748	0.01660	0.02816	0.45346	0.27781	0.01893	0.02396	0.02280	0.01746	0.02340	0.01508	0.02156	0.01184	0.00797	0.00828	0.00266	0.01063	0.00739	0.00385	0.01068
50	0.01012	0.00723	0.00964	0.01157	0.01205	0.00675	0.00771	0.01157	0.01591	0.02121	0.04579	0.70262	0.05495	0.02603	0.01060	0.00337	0.00482	0.02362	0.00771	0.00675
51	0.03212	0.02221	0.05193	0.01840	0.02525	0.02262	0.01569	0.47815	0.03489	0.17961	0.02243	0.02159	0.01532	0.00995	0.00830	0.00252	0.00884	0.00760	0.00851	0.01405
52	0.02056	0.01974	0.03372	0.05099	0.65622	0.01974	0.02550	0.02550	0.01892	0.02714	0.01563	0.02056	0.01316	0.00740	0.00822	0.00247	0.00987	0.00740	0.00411	0.01316
53	0.02428	0.02795	0.02399	0.02119	0.02356	0.32219	0.01676	0.02814	0.07266	0.02144	0.01380	0.01783	0.01208	0.01152	0.01657	0.00288	0.32254	0.00658	0.00435	0.00969
54	0.01208	0.00805	0.00906	0.00906	0.00906	0.00805	0.00503	0.01208	0.01208	0.01611	0.02618	0.05436	0.03020	0.70804	0.04228	0.00805	0.00805	0.01208	0.00503	0.00503
55	0.01187	0.00890	0.01335	0.01335	0.01483	0.01038	0.01038	0.01483	0.01335	0.01928	0.02225	0.03264	0.02077	0.06231	0.67512	0.01335	0.02225	0.00890	0.00445	0.00742
56	0.01048	0.00891	0.00925	0.00893	0.01201	0.00735	0.00670	0.01269	0.01862	0.02278	0.07597	0.10877	0.56387	0.02001	0.00954	0.00270	0.00441	0.01676	0.00747	0.07277
57	0.01890	0.01173	0.01430	0.01258	0.01607	0.01144	0.00976	0.06651	0.10263	0.15324	0.33106	0.08045	0.10661	0.01527	0.00929	0.00268	0.00529	0.01313	0.00902	0.01003
58	0.01911	0.33842	0.39098	0.01951	0.02950	0.02528	0.02343	0.02568	0.01725	0.02333	0.01343	0.01568	0.01058	0.00755	0.00676	0.00225	0.01078	0.00539	0.00353	0.01156
59	0.01141	0.00823	0.01080	0.01069	0.01233	0.00761	0.00781	0.01481	0.02191	0.03076	0.52419	0.19697	0.07345	0.01889	0.00997	0.00277	0.00411	0.01683	0.00884	0.00761
60	0.02243	0.02017	0.03161	0.07589	0.50679	0.02083	0.02353	0.14035	0.02265	0.03166	0.01641	0.02052	0.01324	0.00794	0.00824	0.00249	0.00979	0.00742	0.00489	0.01315
61	0.03325	0.01325	0.01799	0.01410	0.01982	0.01152	0.01152	0.03657	0.02374	0.56287	0.13037	0.03360	0.02968	0.01134	0.00858	0.00258	0.00657	0.00941	0.01010	0.01314
62	0.01760	0.15875	0.02102	0.01409	0.01758	0.01647	0.01173	0.05038	0.04301	0.07784	0.02130	0.02750	0.01849	0.04140	0.41479	0.00899	0.01680	0.00787	0.00513	0.00926
63	0.01206	0.00813	0.00944	0.00944	0.00957	0.00826	0.00550	0.01232	0.01219	0.01639	0.02583	0.05246	0.02938	0.65155	0.09765	0.00852	0.00930	0.01180	0.00498	0.00524
64	0.03147	0.02646	0.02466	0.01956	0.02575	0.15257	0.01584	0.51218	0.03603	0.04610	0.01856	0.01898	0.01346	0.00970	0.00815	0.00242	0.01028	0.00706	0.00752	0.01325
65	0.01723	0.01477	0.01723	0.01230	0.01969	0.01107	0.00984	0.02092	0.01723	0.02707	0.01477	0.01723	0.01230	0.00615	0.00615	0.00123	0.00615	0.00492	0.00492	0.75883
66	0.01168	0.00856	0.01001	0.01065	0.01159	0.00841	0.00696	0.01446	0.06568	0.02054	0.04236	0.32221	0.12051	0.28224	0.02231	0.00503	0.00611	0.01731	0.00676	0.00665
67	0.01939	0.01855	0.03161	0.20364	0.51270	0.01943	0.02491	0.02447	0.01836	0.02572	0.01542	0.02094	0.01266	0.00762	0.00824	0.00254	0.01016	0.00740	0.00401	0.01222
68	0.01218	0.00880	0.01286	0.01286	0.01438	0.01015	0.00998	0.01523	0.01371	0.02031	0.02268	0.03249	0.02081	0.05770	0.61657	0.01235	0.02064	0.00880	0.07004	0.00745
69	0.01180	0.00894	0.01117	0.01188	0.01411	0.00831	0.00975	0.01505	0.01998	0.02580	0.18601	0.08225	0.26508	0.02103	0.01054	0.00321	0.00566	0.27397	0.00799	0.00747
70	0.01186	0.00825	0.00985	0.03661	0.01197	0.00814	0.00657	0.01303	0.01475	0.01993	0.09012	0.15590	0.09166	0.41748	0.02845	0.00587	0.00676	0.01422	0.04255	0.00603
71	0.02014	0.02001	0.03621	0.07903	0.51007	0.01992	0.13997	0.02550	0.01894	0.02675	0.01581	0.02099	0.01295	0.00737	0.00853	0.00255	0.01072	0.00786	0.00411	0.01259
72	0.03101	0.02797	0.02429	0.01972	0.02558	0.22057	0.01577	0.42800	0.05668	0.04208	0.01832	0.01886	0.01351	0.00960	0.00807	0.00240	0.01080	0.00691	0.00710	0.01274
73	0.02431	0.01135	0.01423	0.01199	0.01654	0.00973	0.00952	0.02696	0.02128	0.35951	0.05438	0.09640	0.27757	0.01572	0.00910	0.00272	0.00576	0.01312	0.00907	0.01075
74	0.01038	0.00770	0.00968	0.01075	0.01196	0.00701	0.00747	0.01242	0.01794	0.02375	0.16879	0.46082	0.17424	0.02334	0.01030	0.00312	0.00453	0.02081	0.00799	0.00701
75	0.01187	0.00890	0.01335	0.01335	0.01483	0.01038	0.01038	0.01483	0.01335	0.01928	0.02225	0.03264	0.02077	0.06231	0.67512	0.01335	0.02225	0.00890	0.00445	0.00742
76	0.01818	0.01818	0.02545	0.02181	0.02181	0.02545	0.01818	0.01999	0.01272	0.01999	0.01091	0.01818	0.01091	0.01454	0.02726	0.00364	0.69284	0.00727	0.00364	0.00909
77	0.01676	0.01360	0.01427	0.01266	0.01663	0.01403	0.00989	0.13777	0.17787	0.03171	0.08539	0.05550	0.34847	0.01631	0.00919	0.00274	0.00573	0.01347	0.00808	0.00994
78	0.01212	0.00882	0.01296	0.01296	0.01447	0.01020	0.01006	0.01515	0.01364	0.02010	0.02259	0.03252	0.02081	0.05861	0.62816	0.01255	0.02096	0.00882	0.05705	0.00744
79	0.01187	0.00890	0.01335	0.01335	0.01483	0.01038	0.01038	0.01483	0.01335	0.01928	0.02225	0.03264	0.02077	0.06231	0.67512	0.01335	0.02225	0.00890	0.00445	0.00742
80	0.01697	0.01193	0.01323	0.01189	0.01365	0.01253	0.00806	0.17185	0.01941	0.02595	0.02627	0.10188	0.02819	0.46769	0.03072	0.00620	0.00805	0.01189	0.00612	0.00754
81	0.01656	0.01268	0.01388	0.01259	0.01577	0.01297	0.00950	0.16836	0.07742	0.03074	0.08234	0.17618	0.23540	0.08197	0.01249	0.00331	0.00610	0.01483	0.00776	0.00913
82	0.02305	0.01692	0.01877	0.01592	0.02068	0.01849	0.01262	0.18588	0.30307	0.09527	0.16037	0.03449	0.03325	0.01206	0.00869	0.00267	0.00671	0.01000	0.00873	0.01237
83	0.01007	0.00818	0.00893	0.00927	0.01151	0.00704	0.00675	0.01221	0.01874	0.02322	0.13013	0.20832	0.47332	0.02170	0.00998	0.00291	0.00431	0.01857	0.00785	0.00704
84	0.01107	0.00769	0.00930	0.01019	0.01054	0.00740	0.00633	0.01184	0.01417	0.01876	0.03796	0.35483	0.07093	0.36086	0.02613	0.00565	0.00638	0.01766	0.00640	0.00592
85	0.01539	0.01299	0.01252	0.01191	0.01416	0.06896	0.00851	0.02164	0.14792	0.02386	0.06251	0.04756	0.14675	0.23331	0.06575	0.00504	0.00807	0.01147	0.07364	0.00805
86	0.01012	0.00723	0.00964	0.01157	0.01205	0.00675	0.00771	0.01157	0.01591	0.02121	0.04579	0.70262	0.05495	0.02603	0.01060	0.00337	0.00482	0.02362	0.00771	0.00675
87	0.00982	0.00842	0.00842	0.00842	0.01122	0.00701	0.00631	0.01192	0.01894	0.02244	0.08416	0.07995	0.65285	0.02104	0.00982	0.00281	0.00421	0.01753	0.00771	0.00701
88	0.01187	0.00890	0.01335	0.01335	0.01483	0.01038	0.01038	0.01483	0.01335	0.01928	0.02225	0.03264	0.02077	0.06231	0.67512	0.01335	0.02225	0.00890	0.00445	0.00742
89	0.01025	0.00770	0.00932	0.01038	0.01173	0.00691	0.00721	0.01185	0.01713	0.02195	0.08591	0.42897	0.26503	0.02396	0.01110	0.03108	0.00465	0.02047	0.00763	0.00677
90	0.01208	0.00805	0.00906	0.00906	0.00906	0.00805	0.00503	0.01208	0.01208	0.01611	0.02618	0.05436	0.03020	0.70804	0.04228	0.00805	0.00805	0.01208	0.00503	0.00503
91	0.01569	0.01477	0.02492	0.68808	0.05722	0.01846	0.02307	0.02123	0.01661	0.02123	0.01477	0.02215	0.01107	0.00831	0.00831	0.00277	0.01107	0.00738	0.00369	0.00923
92	0.01043	0.00736	0.00955	0.01117	0.01158	0.00695	0.00729	0.01165	0.01530	0.02040	0.04270	0.60043	0.05104	0.13355	0.01560	0.00411	0.00533	0.02180	0.00729	0.00648
93	0.01187	0.00890	0.01335	0.01335	0.01483	0.01038	0.01038	0.01483	0.01335	0.01928	0.02225	0.03264	0.02077	0.06231	0.67512	0.01335	0.02225	0.00890	0.00445	0.00742
94	0.02145	0.01548	0.01742	0.01486	0.01924	0.01654	0.01173	0.16851	0.22969	0.09402	0.21999	0.03998	0.06890	0.01309	0.00888	0.00266	0.00629	0.01096	0.00876	0.01156
95	0.02290	0.01642	0.01754	0.01437	0.01904	0.01756	0.01159	0.35023	0.02936	0.04028	0.03497	0.03535	0.15037	0.01479	0.04057	0.00298	0.00771	0.00972	0.15319	0.01106
96	0.01699	0.01616	0.01614	0.01536	0.01772	0.15115	0.01188	0.05251	0.01691	0.02133	0.02014	0.02822	0.01828	0.04810	0.49776	0.01039	0.02000	0.00807	0.00463	0.00825
97	0.02058	0.01934	0.03057	0.04381	0.52256	0.01993	0.02290	0.02942	0.14998	0.02874	0.01946	0.02276	0.01573	0.00822	0.00827	0.00254	0.00918	0.00782	0.00503	0.01316
98	0.05532	0.01780	0.02947	0.20495	0.44937	0.01881	0.02333	0.02379	0.01798	0.02592	0.01650	0.04966	0.01422	0.00843	0.00820	0.00259	0.00978	0.00795	0.00421	0.01171
99	0.01546	0.15601	0.01737	0.01130	0.01282	0.01273	0.00837	0.01402	0.01258	0.01615	0.01740	0.06465	0.01836	0.13119	0.02709	0.43909	0.00757	0.00830	0.00405	0.00549
100	0.01036	0.00859	0.00918	0.00947	0.01214	0.00740	0.00739	0.01273	0.01896	0.02281	0.07801	0.08206	0.56025	0.02133	0.01007	0.00296	0.00473	0.10672	0.00770	0.00711
101	0.01788	0.01998	0.08623	0.15963	0.22152	0.01906	0.15887	0.02334	0.01779	0.02492	0.04371	0.02349	0.01562	0.01242	0.05710	0.00349	0.07160	0.00826	0.00420	0.01090
102	0.01968	0.15961	0.02758	0.01848	0.02297	0.16656	0.12885	0.02286	0.01858	0.02201	0.07767	0.03020	0.04911	0.10036	0.09635	0.00439	0.01217	0.00870	0.00483	0.00903
103	0.01398	0.01094	0.01478	0.01350	0.01598	0.01178	0.01048	0.04234	0.01496	0.02177	0.02063	0.03066	0.01937	0.10604	0.44175	0.00984	0.05466	0.00837	0.00470	0.13346
104	0.01355	0.03950	0.01186	0.01049	0.01164	0.00958	0.00705	0.01461	0.01396	0.05327	0.03103	0.10601	0.07309	0.42330	0.13919	0.00758	0.00985	0.01240	0.00558	0.00647
105	0.01292	0.01106	0.06362	0.01174	0.01353	0.00897	0.00900	0.01501	0.01566	0.04813	0.11148	0.22682	0.04035	0.28749	0.08205	0.00587	0.00821	0.01469	0.00634	0.00705
106	0.03158	0.02327	0.02493	0.01911	0.02576	0.02576	0.01579	0.62852	0.03906	0.05236	0.01995	0.01995	0.01413	0.00997	0.00831	0.00249	0.00914	0.00748	0.00831	0.01413

[dist]
# distance from previous block
# <min> <max>
0	1

[block]
# block no. 1 follows, 22 sequences, length 13
# corresponding to MSA columns:
# 114-126
name=unknown_B
#
# <colnr> <probs for GDERKNQSTAVLIFYWHMCP>
#	G	D	E	R	K	N	Q	S	T	A	V	L	I	F	Y	W	H	M	C	P
0	0.01438	0.19908	0.01848	0.01087	0.01301	0.01450	0.00806	0.01545	0.01438	0.01824	0.02838	0.15922	0.05821	0.36530	0.02515	0.00528	0.00753	0.01231	0.00523	0.00696
1	0.02708	0.10400	0.02436	0.01880	0.02346	0.35161	0.01487	0.16268	0.02464	0.02725	0.01582	0.01879	0.01310	0.01746	0.11604	0.00400	0.01419	0.00631	0.00513	0.01039
2	0.01130	0.00820	0.00897	0.00893	0.01000	0.00769	0.00564	0.01226	0.01513	0.01935	0.08584	0.06349	0.24337	0.43196	0.02925	0.00593	0.00649	0.01411	0.00620	0.00588
3	0.02359	0.01678	0.01869	0.01531	0.02039	0.01727	0.01218	0.30683	0.05654	0.08797	0.03342	0.14598	0.10083	0.01378	0.00867	0.00257	0.00718	0.01138	0.00793	0.09272
4	0.10052	0.05951	0.02101	0.02048	0.10083	0.21853	0.01418	0.02933	0.15139	0.02710	0.06283	0.03111	0.08867	0.01112	0.00794	0.00250	0.00930	0.02733	0.00595	0.01036
5	0.06387	0.21406	0.19674	0.01478	0.02107	0.01834	0.01544	0.02036	0.01721	0.02366	0.05877	0.10241	0.13858	0.04943	0.00955	0.00278	0.00809	0.01020	0.00517	0.00949
6	0.02417	0.10028	0.02375	0.01778	0.02274	0.26556	0.04063	0.09521	0.05753	0.02639	0.01714	0.01994	0.01405	0.01438	0.08109	0.00332	0.01211	0.00643	0.05668	0.10084
7	0.10198	0.02318	0.12694	0.01744	0.02424	0.02078	0.01602	0.27017	0.15108	0.03939	0.02514	0.02506	0.05917	0.01019	0.00792	0.00254	0.00835	0.00787	0.00697	0.05557
8	0.01648	0.01585	0.07779	0.01440	0.01835	0.05115	0.01215	0.06161	0.04644	0.05787	0.06046	0.19181	0.07964	0.02547	0.14992	0.00491	0.01038	0.01238	0.00639	0.08653
9	0.01528	0.15215	0.02003	0.01499	0.05407	0.01567	0.01111	0.02027	0.09315	0.02409	0.07481	0.22566	0.13908	0.01624	0.00946	0.00267	0.03750	0.01367	0.00649	0.05361
10	0.02435	0.02268	0.01930	0.01663	0.02109	0.19555	0.01294	0.26520	0.02788	0.03372	0.03418	0.11710	0.14657	0.01384	0.00868	0.00257	0.00919	0.01096	0.00702	0.01055
11	0.10209	0.28392	0.16547	0.01816	0.02525	0.23245	0.01774	0.02777	0.01885	0.02309	0.01267	0.01476	0.01047	0.00780	0.00654	0.00216	0.01128	0.00510	0.00394	0.01050
12	0.02326	0.25453	0.22203	0.01981	0.02717	0.24054	0.01996	0.02780	0.01907	0.02185	0.01295	0.01538	0.01065	0.00820	0.00793	0.00225	0.04673	0.00539	0.00378	0.01072

[dist]
# distance from previous block
# <min> <max>
8	14

[block]
# block no. 2 follows, 22 sequences, length 26
# corresponding to MSA columns:
# 141-166
name=unknown_C
#
# <colnr> <probs for GDERKNQSTAVLIFYWHMCP>
#	G	D	E	R	K	N	Q	S	T	A	V	L	I	F	Y	W	H	M	C	P
0	0.40595	0.12717	0.06995	0.01605	0.05534	0.07312	0.01337	0.02461	0.01636	0.03061	0.05280	0.01763	0.01425	0.00863	0.00721	0.00247	0.04426	0.00566	0.00482	0.00972
1	0.01620	0.01218	0.01439	0.06561	0.01810	0.01289	0.01004	0.13306	0.06857	0.02842	0.11370	0.15510	0.08283	0.21018	0.01854	0.00429	0.00701	0.01336	0.00700	0.00852
2	0.14522	0.06767	0.02190	0.07484	0.02381	0.09625	0.01452	0.15454	0.02124	0.03030	0.02133	0.06089	0.06431	0.01184	0.01173	0.00275	0.15310	0.00818	0.00553	0.01006
3	0.01269	0.00987	0.01227	0.06959	0.01706	0.00968	0.00950	0.06114	0.02061	0.02701	0.19702	0.22467	0.23442	0.01947	0.00984	0.00292	0.00541	0.04118	0.00775	0.00791
4	0.06358	0.01845	0.01991	0.01616	0.02149	0.02002	0.01301	0.32466	0.15352	0.04281	0.14231	0.02966	0.02822	0.01120	0.00832	0.00250	0.00730	0.00898	0.00812	0.05978
5	0.01317	0.01054	0.01460	0.04292	0.01608	0.01263	0.01063	0.01503	0.01319	0.01871	0.02274	0.08737	0.02390	0.24010	0.28329	0.00870	0.14407	0.01060	0.00469	0.00705
6	0.01052	0.00818	0.00906	0.00946	0.01124	0.00729	0.00666	0.01223	0.01725	0.02151	0.08558	0.18989	0.37910	0.15275	0.01621	0.00394	0.00518	0.04007	0.00725	0.00664
7	0.01105	0.00808	0.00996	0.01020	0.01161	0.00744	0.00713	0.01341	0.01901	0.02569	0.30145	0.23444	0.16123	0.12374	0.01489	0.00366	0.00483	0.01729	0.00791	0.00699
8	0.03186	0.01474	0.01846	0.01447	0.02035	0.01364	0.01185	0.13444	0.02555	0.45602	0.03896	0.03526	0.12206	0.01198	0.00858	0.00260	0.00695	0.00970	0.00954	0.01298
9	0.01208	0.00805	0.00906	0.00906	0.00906	0.00805	0.00503	0.01208	0.01208	0.01611	0.02618	0.05436	0.03020	0.70804	0.04228	0.00805	0.00805	0.01208	0.00503	0.00503
10	0.01140	0.00933	0.01019	0.01012	0.01269	0.00865	0.00752	0.01612	0.08912	0.02549	0.16871	0.15223	0.40858	0.01991	0.00976	0.00285	0.00450	0.01699	0.00804	0.00781
11	0.01245	0.00861	0.01017	0.01056	0.01111	0.00857	0.00664	0.04665	0.01502	0.02005	0.03312	0.29364	0.03850	0.41491	0.02858	0.00600	0.00691	0.01611	0.00621	0.00618
12	0.76672	0.01607	0.01221	0.01092	0.01607	0.01864	0.00900	0.02442	0.01414	0.03727	0.01157	0.01350	0.00900	0.00771	0.00514	0.00257	0.00643	0.00450	0.00514	0.00900
13	0.02313	0.02388	0.01852	0.01659	0.02028	0.28360	0.01262	0.13893	0.02543	0.02977	0.17545	0.10432	0.06634	0.01339	0.00866	0.00249	0.00955	0.01069	0.00677	0.00961
14	0.01387	0.00917	0.01007	0.00968	0.01175	0.00860	0.00673	0.01667	0.05179	0.07201	0.05085	0.08431	0.27505	0.25577	0.02051	0.00454	0.00589	0.01386	0.07159	0.00729
15	0.01921	0.01165	0.01318	0.01149	0.01544	0.01083	0.00893	0.06815	0.06904	0.18284	0.05908	0.05728	0.36088	0.06045	0.01130	0.00306	0.00571	0.01354	0.00828	0.00965
16	0.03010	0.02212	0.02373	0.01835	0.02450	0.02442	0.01498	0.58183	0.03702	0.04961	0.02042	0.02255	0.01535	0.06285	0.01088	0.00291	0.00906	0.00783	0.00806	0.01344
17	0.01160	0.00806	0.00977	0.00999	0.01059	0.00794	0.00636	0.01274	0.01480	0.02004	0.12547	0.16200	0.06584	0.41424	0.07950	0.00666	0.00783	0.01440	0.00616	0.00600
18	0.15472	0.00971	0.01026	0.01032	0.01258	0.00990	0.00755	0.01476	0.01562	0.02364	0.04548	0.15673	0.23863	0.12399	0.12522	0.00537	0.00830	0.01381	0.00630	0.00713
19	0.01203	0.00827	0.01018	0.01018	0.01056	0.00866	0.00643	0.01280	0.01241	0.01694	0.02515	0.04870	0.02775	0.53984	0.20712	0.00943	0.01175	0.01125	0.00488	0.00565
20	0.01187	0.00890	0.01335	0.01335	0.01483	0.01038	0.01038	0.01483	0.01335	0.01928	0.02225	0.03264	0.02077	0.06231	0.67512	0.01335	0.02225	0.00890	0.00445	0.00742
21	0.02000	0.01893	0.03095	0.12186	0.51212	0.01970	0.02378	0.02716	0.09096	0.02733	0.01764	0.02196	0.01433	0.00796	0.00826	0.00254	0.00963	0.00763	0.00457	0.01270
22	0.01817	0.01944	0.01608	0.01534	0.01800	0.23975	0.01168	0.02071	0.01778	0.02016	0.02904	0.03420	0.11982	0.03701	0.33613	0.00776	0.01681	0.00907	0.00492	0.00812
23	0.01012	0.00791	0.00917	0.00994	0.01168	0.00697	0.00704	0.01210	0.01803	0.02285	0.11682	0.34499	0.34718	0.02282	0.01015	0.00303	0.00444	0.01992	0.00784	0.00697
24	0.01642	0.00948	0.01064	0.05233	0.01438	0.01004	0.00807	0.06590	0.01868	0.03099	0.02535	0.02971	0.02005	0.01417	0.06404	0.00302	0.00632	0.00780	0.58432	0.00830
25	0.01955	0.01976	0.02551	0.22046	0.27512	0.12729	0.01990	0.02339	0.01793	0.02253	0.01663	0.02556	0.01492	0.12151	0.01365	0.00340	0.01077	0.00781	0.00417	0.01013

[dist]
# distance from previous block
# <min> <max>
4	6

[block]
# block no. 3 follows, 22 sequences, length 31
# corresponding to MSA columns:
# 173-203
name=unknown_D
#
# <colnr> <probs for GDERKNQSTAVLIFYWHMCP>
#	G	D	E	R	K	N	Q	S	T	A	V	L	I	F	Y	W	H	M	C	P
0	0.01847	0.01954	0.07258	0.09802	0.33678	0.02010	0.02224	0.02289	0.01736	0.02516	0.06710	0.02332	0.01761	0.01019	0.01334	0.00283	0.18903	0.00791	0.00432	0.01122
1	0.01921	0.01836	0.03128	0.22757	0.49019	0.01938	0.02482	0.02431	0.01828	0.02550	0.01539	0.02100	0.01258	0.00765	0.00825	0.00255	0.01020	0.00740	0.00400	0.01207
2	0.01403	0.01236	0.01450	0.01426	0.01606	0.08518	0.01102	0.01690	0.01450	0.01940	0.02119	0.03065	0.01963	0.05625	0.59996	0.01209	0.02143	0.00850	0.00443	0.00767
3	0.01089	0.00846	0.00990	0.00954	0.01188	0.00747	0.00715	0.01399	0.02146	0.02844	0.39735	0.07008	0.33592	0.01880	0.00981	0.00270	0.00405	0.01615	0.00850	0.00747
4	0.02387	0.18440	0.02889	0.02301	0.14322	0.02427	0.01623	0.21773	0.15308	0.03458	0.02334	0.02390	0.04872	0.00965	0.00769	0.00240	0.00843	0.00766	0.00638	0.01255
5	0.01430	0.00925	0.01135	0.01093	0.01369	0.00826	0.00856	0.01735	0.02094	0.10406	0.25705	0.09329	0.28121	0.01885	0.00989	0.00288	0.00496	0.09647	0.00849	0.00823
6	0.01985	0.01950	0.03435	0.07080	0.21066	0.02165	0.19602	0.02432	0.01711	0.04833	0.01500	0.02068	0.01241	0.00982	0.01502	0.00297	0.23817	0.00809	0.00419	0.01106
7	0.01890	0.01805	0.03072	0.26791	0.45227	0.01930	0.02467	0.02404	0.01813	0.02513	0.01533	0.02110	0.01245	0.00771	0.00825	0.00257	0.01028	0.00740	0.00397	0.01182
8	0.02121	0.01603	0.01892	0.01635	0.02026	0.01827	0.01307	0.18619	0.19393	0.06584	0.05739	0.02915	0.02259	0.02615	0.20249	0.00581	0.05922	0.00884	0.00705	0.01124
9	0.03120	0.03468	0.02396	0.02071	0.02571	0.47925	0.01597	0.21248	0.02822	0.02998	0.01498	0.01648	0.01173	0.00899	0.00774	0.00225	0.01322	0.00599	0.00549	0.01099
10	0.01068	0.00766	0.01014	0.01119	0.01217	0.00712	0.00775	0.01297	0.01850	0.02533	0.25214	0.48452	0.06293	0.02295	0.01033	0.00311	0.00451	0.02069	0.00820	0.00712
11	0.01057	0.00795	0.01152	0.01269	0.01355	0.00743	0.03722	0.01229	0.01608	0.02146	0.04440	0.67016	0.05292	0.02512	0.01057	0.00335	0.00526	0.02296	0.00754	0.00696
12	0.02263	0.02372	0.02676	0.02926	0.21174	0.18334	0.04465	0.07523	0.02043	0.02575	0.01909	0.02264	0.05642	0.01020	0.01195	0.00259	0.14824	0.00754	0.00471	0.05311
13	0.01230	0.00966	0.01536	0.01457	0.01645	0.01098	0.04513	0.01550	0.01370	0.01970	0.02194	0.03206	0.02031	0.05918	0.63758	0.01276	0.02179	0.00895	0.00444	0.00763
14	0.01857	0.01096	0.01138	0.01018	0.01295	0.01148	0.00781	0.14434	0.02151	0.03435	0.02556	0.03032	0.02043	0.05813	0.00885	0.00247	0.00525	0.00799	0.54861	0.00887
15	0.01223	0.00857	0.01102	0.01169	0.01283	0.00836	0.00871	0.01456	0.01750	0.02358	0.18251	0.13596	0.04996	0.24925	0.02121	0.00489	0.00661	0.20667	0.00714	0.00673
16	0.01812	0.21882	0.50191	0.02119	0.03212	0.02286	0.02637	0.02593	0.01737	0.02453	0.01403	0.01643	0.01056	0.00769	0.00722	0.00241	0.01139	0.00569	0.00352	0.01185
17	0.01006	0.00747	0.00939	0.01092	0.01188	0.00680	0.00742	0.01164	0.01653	0.02146	0.05369	0.57435	0.17811	0.02500	0.01044	0.00326	0.00469	0.02236	0.00771	0.00680
18	0.03727	0.01414	0.01928	0.01478	0.02121	0.01221	0.01221	0.04049	0.02378	0.66198	0.03277	0.02828	0.02056	0.01028	0.00835	0.00257	0.00707	0.00835	0.01028	0.01414
19	0.02056	0.01974	0.03372	0.05099	0.65622	0.01974	0.02550	0.02550	0.01892	0.02714	0.01563	0.02056	0.01316	0.00740	0.00822	0.00247	0.00987	0.00740	0.00411	0.01316
20	0.01964	0.05640	0.13402	0.01450	0.02008	0.01375	0.01377	0.05089	0.05597	0.16307	0.14133	0.04223	0.16259	0.01673	0.05486	0.00335	0.00810	0.01086	0.00735	0.01052
21	0.03024	0.20738	0.02769	0.01798	0.02349	0.35181	0.01467	0.03277	0.02188	0.17240	0.01724	0.01771	0.01303	0.00859	0.00714	0.00215	0.01153	0.00583	0.00552	0.01097
22	0.01203	0.00825	0.01008	0.01008	0.01043	0.00861	0.00630	0.01273	0.01238	0.01686	0.02524	0.04921	0.02796	0.55480	0.19247	0.00931	0.01142	0.01133	0.00490	0.00560
23	0.05066	0.02284	0.02605	0.33094	0.18382	0.20065	0.02113	0.02564	0.01896	0.02296	0.01430	0.01946	0.01137	0.00815	0.00794	0.00252	0.01170	0.00671	0.00401	0.01023
24	0.01804	0.20995	0.51013	0.02132	0.03231	0.02268	0.02659	0.02595	0.01737	0.02462	0.01407	0.01649	0.01056	0.00770	0.00725	0.00242	0.01143	0.00572	0.00352	0.01187
25	0.01192	0.00870	0.01233	0.01233	0.01346	0.00983	0.00911	0.01418	0.01305	0.01853	0.02318	0.03779	0.02301	0.21555	0.52494	0.01209	0.01888	0.00966	0.00459	0.00685
26	0.01071	0.00793	0.01001	0.01060	0.01205	0.00722	0.00753	0.01324	0.01941	0.02618	0.29078	0.34603	0.16446	0.02163	0.01015	0.00298	0.00436	0.01921	0.00828	0.00722
27	0.02056	0.01974	0.03372	0.05099	0.65622	0.01974	0.02550	0.02550	0.01892	0.02714	0.01563	0.02056	0.01316	0.00740	0.00822	0.00247	0.00987	0.00740	0.00411	0.01316
28	0.02046	0.01996	0.01970	0.02108	0.12472	0.16086	0.01390	0.09024	0.09821	0.03032	0.19309	0.03863	0.10910	0.01258	0.00871	0.00252	0.00828	0.01043	0.00688	0.01034
29	0.01981	0.01970	0.03187	0.06778	0.27208	0.04351	0.16328	0.02644	0.07048	0.02707	0.01709	0.02105	0.01366	0.00746	0.00817	0.00232	0.01007	0.00755	0.00465	0.16597
30	0.01794	0.01480	0.01821	0.01734	0.08445	0.01355	0.01196	0.09634	0.07104	0.02945	0.02442	0.18169	0.02381	0.01189	0.00788	0.00215	0.00662	0.01030	0.00621	0.34993

[dist]
# distance from previous block
# <min> <max>
0	18

[block]
# block no. 4 follows, 22 sequences, length 17
# corresponding to MSA columns:
# 222-238
name=unknown_E
#
# <colnr> <probs for GDERKNQSTAVLIFYWHMCP>
#	G	D	E	R	K	N	Q	S	T	A	V	L	I	F	Y	W	H	M	C	P
0	0.01970	0.02489	0.17381	0.04493	0.51858	0.01964	0.02665	0.02568	0.01861	0.02696	0.01547	0.01989	0.01257	0.00751	0.00815	0.00250	0.01040	0.00712	0.00398	0.01296
1	0.02056	0.01974	0.03372	0.05099	0.65622	0.01974	0.02550	0.02550	0.01892	0.02714	0.01563	0.02056	0.01316	0.00740	0.00822	0.00247	0.00987	0.00740	0.00411	0.01316
2	0.54930	0.08404	0.01461	0.01078	0.01567	0.01785	0.00901	0.02210	0.01532	0.03270	0.02531	0.02606	0.13103	0.01017	0.00605	0.00254	0.00625	0.00696	0.00547	0.00879
3	0.02417	0.01933	0.02083	0.01688	0.02283	0.02079	0.01353	0.26253	0.29354	0.04001	0.02492	0.02418	0.01861	0.00981	0.00796	0.00239	0.00747	0.00782	0.00773	0.15467
4	0.01810	0.01720	0.02869	0.22808	0.42149	0.01811	0.02289	0.02293	0.01826	0.02499	0.02221	0.02693	0.07628	0.00902	0.00841	0.00259	0.00965	0.00841	0.00435	0.01143
5	0.01208	0.00805	0.00906	0.00906	0.00906	0.00805	0.00503	0.01208	0.01208	0.01611	0.02618	0.05436	0.03020	0.70804	0.04228	0.00805	0.00805	0.01208	0.00503	0.00503
6	0.01931	0.01847	0.03147	0.21390	0.50305	0.01941	0.02488	0.02440	0.01833	0.02563	0.01541	0.02097	0.01263	0.00763	0.00825	0.00254	0.01018	0.00740	0.00400	0.01215
7	0.01165	0.00787	0.00919	0.00962	0.00972	0.00776	0.00563	0.01197	0.01293	0.01724	0.03053	0.19822	0.03569	0.55670	0.03525	0.00702	0.00734	0.01464	0.00563	0.00541
8	0.02182	0.32648	0.05793	0.01602	0.02147	0.17031	0.01425	0.02678	0.08114	0.02291	0.07262	0.02497	0.06717	0.01003	0.00773	0.00221	0.03378	0.00720	0.00499	0.01018
9	0.01026	0.00734	0.00977	0.01147	0.01208	0.00684	0.00772	0.01192	0.01657	0.02226	0.09838	0.64703	0.05698	0.02524	0.01053	0.00331	0.00474	0.02287	0.00784	0.00684
10	0.22649	0.27474	0.02765	0.01600	0.02152	0.26741	0.01349	0.02783	0.01861	0.02462	0.01203	0.01399	0.01023	0.00781	0.00608	0.00213	0.01049	0.00479	0.00425	0.00983
11	0.02462	0.01967	0.02508	0.03013	0.26857	0.07269	0.01801	0.03530	0.23145	0.14933	0.02482	0.02510	0.01850	0.00936	0.00827	0.00258	0.00864	0.00809	0.00677	0.01305
12	0.02538	0.08605	0.02311	0.01835	0.02321	0.25097	0.01446	0.11092	0.26455	0.02986	0.02223	0.02254	0.01731	0.01225	0.03988	0.00296	0.01080	0.00728	0.00636	0.01155
13	0.01443	0.01350	0.01408	0.01457	0.06772	0.07537	0.00986	0.01714	0.01905	0.02427	0.10227	0.14040	0.28314	0.01618	0.00887	0.00247	0.00617	0.01371	0.00667	0.15012
14	0.09569	0.08367	0.15051	0.03480	0.33762	0.10895	0.02263	0.02653	0.01864	0.02645	0.01437	0.01794	0.01171	0.00766	0.00752	0.00241	0.01059	0.00635	0.00408	0.01190
15	0.01864	0.01421	0.01845	0.04975	0.10119	0.01380	0.01273	0.02584	0.13571	0.08864	0.05295	0.03108	0.05100	0.07248	0.07711	0.00380	0.00860	0.00856	0.00623	0.20923
16	0.01724	0.01420	0.01831	0.01646	0.01841	0.01709	0.01306	0.12505	0.04776	0.02733	0.06586	0.15491	0.02728	0.02692	0.16788	0.00552	0.21007	0.01140	0.00601	0.00925

[dist]
# distance from previous block
# <min> <max>
0	2

[block]
# block no. 5 follows, 22 sequences, length 7
# corresponding to MSA columns:
# 241-247
name=unknown_F
#
# <colnr> <probs for GDERKNQSTAVLIFYWHMCP>
#	G	D	E	R	K	N	Q	S	T	A	V	L	I	F	Y	W	H	M	C	P
0	0.01371	0.00874	0.01041	0.01020	0.01181	0.00827	0.00697	0.01508	0.01568	0.08280	0.04440	0.13560	0.19856	0.30426	0.09173	0.00608	0.00800	0.01426	0.00654	0.00692
1	0.02124	0.01871	0.01883	0.01735	0.06324	0.10177	0.01271	0.21192	0.02513	0.03213	0.03577	0.03659	0.18700	0.01759	0.07728	0.00351	0.00964	0.00978	0.00656	0.09322
2	0.15260	0.03045	0.02171	0.01884	0.02386	0.37046	0.01464	0.17520	0.06321	0.03170	0.01561	0.01690	0.01213	0.00892	0.00736	0.00234	0.01165	0.00597	0.00564	0.01082
3	0.14939	0.07388	0.26381	0.01891	0.02652	0.12979	0.01963	0.09676	0.02002	0.02911	0.01513	0.01800	0.01178	0.01379	0.07619	0.00358	0.01218	0.00606	0.00458	0.01089
4	0.02300	0.22142	0.02960	0.01761	0.02328	0.08776	0.08071	0.16226	0.06038	0.02874	0.01793	0.02351	0.01562	0.11386	0.01254	0.00307	0.00968	0.00730	0.00539	0.05635
5	0.15189	0.02050	0.01800	0.01734	0.06300	0.18216	0.01252	0.02943	0.09004	0.14068	0.09044	0.03157	0.09627	0.01125	0.00790	0.00251	0.00846	0.00872	0.00683	0.01047
6	0.02756	0.02501	0.02665	0.10065	0.11621	0.24774	0.08454	0.03234	0.05289	0.17558	0.01968	0.02135	0.01438	0.00875	0.00819	0.00247	0.01142	0.00727	0.00582	0.01149

[dist]
# distance from previous block
# <min> <max>
5	36

[block]
# block no. 6 follows, 22 sequences, length 7
# corresponding to MSA columns:
# 284-290
name=unknown_G
#
# <colnr> <probs for GDERKNQSTAVLIFYWHMCP>
#	G	D	E	R	K	N	Q	S	T	A	V	L	I	F	Y	W	H	M	C	P
0	0.08546	0.01806	0.10386	0.07057	0.02451	0.01489	0.01473	0.03183	0.11943	0.25252	0.10866	0.02941	0.02547	0.01040	0.00810	0.00256	0.00749	0.00851	0.00766	0.05589
1	0.01420	0.01809	0.17410	0.01372	0.01901	0.01164	0.01361	0.02044	0.07099	0.05758	0.19999	0.05351	0.26980	0.01545	0.00915	0.00270	0.00648	0.01297	0.00720	0.00937
2	0.02500	0.01723	0.02095	0.02039	0.10550	0.01806	0.01430	0.18175	0.18975	0.15838	0.07981	0.03276	0.07566	0.01149	0.00858	0.00263	0.00735	0.00956	0.00819	0.01267
3	0.01671	0.01492	0.02247	0.13582	0.23521	0.01433	0.01676	0.02083	0.01800	0.02584	0.06860	0.11389	0.02319	0.01041	0.00807	0.00229	0.00784	0.00942	0.00515	0.23026
4	0.02208	0.02294	0.02946	0.11587	0.41002	0.14943	0.02233	0.02806	0.07068	0.02573	0.01647	0.02050	0.01343	0.00805	0.00811	0.00247	0.01075	0.00716	0.00445	0.01201
5	0.26660	0.01561	0.01817	0.07276	0.10604	0.01574	0.01290	0.02455	0.05377	0.05709	0.05666	0.02099	0.01658	0.00818	0.00673	0.00220	0.00706	0.00637	0.00549	0.22650
6	0.01720	0.01576	0.02568	0.18331	0.36105	0.01646	0.02009	0.02140	0.01778	0.02446	0.05844	0.03131	0.05656	0.10086	0.01290	0.00330	0.00922	0.00906	0.00465	0.01054

[dist]
# distance from previous block
# <min> <max>
0	1

[block]
# block no. 7 follows, 22 sequences, length 37
# corresponding to MSA columns:
# 292-328
name=unknown_H
#
# <colnr> <probs for GDERKNQSTAVLIFYWHMCP>
#	G	D	E	R	K	N	Q	S	T	A	V	L	I	F	Y	W	H	M	C	P
0	0.02000	0.02084	0.02739	0.36885	0.23713	0.13870	0.02254	0.02473	0.01859	0.02290	0.01468	0.02035	0.01165	0.00807	0.00813	0.00256	0.01141	0.00702	0.00393	0.01052
1	0.02635	0.03234	0.02043	0.01920	0.02263	0.52499	0.01418	0.02833	0.02183	0.02053	0.02023	0.16910	0.02062	0.01248	0.00819	0.00242	0.01270	0.00944	0.00505	0.00898
2	0.01563	0.01211	0.01301	0.01146	0.01493	0.01167	0.00865	0.15084	0.02211	0.02854	0.05306	0.10643	0.32426	0.11389	0.01379	0.00339	0.00606	0.01397	0.00725	0.06894
3	0.01034	0.00762	0.00928	0.01049	0.01142	0.00700	0.00700	0.01172	0.01602	0.02073	0.05150	0.46779	0.18531	0.12514	0.01508	0.00393	0.00516	0.02056	0.00732	0.00656
4	0.01839	0.01275	0.01396	0.01224	0.01453	0.01351	0.00863	0.20612	0.02124	0.02910	0.02543	0.07864	0.02578	0.38779	0.02656	0.00550	0.00784	0.01091	0.07286	0.00823
5	0.02055	0.07331	0.02578	0.20859	0.14727	0.02050	0.01842	0.15951	0.07717	0.03007	0.01862	0.02298	0.01480	0.01662	0.10607	0.00413	0.01149	0.00757	0.00533	0.01124
6	0.01133	0.00879	0.01059	0.01155	0.01378	0.00805	0.00937	0.01409	0.01874	0.02334	0.06406	0.14106	0.34838	0.02228	0.01058	0.00328	0.00569	0.26011	0.00769	0.00725
7	0.01155	0.00793	0.00912	0.00947	0.00978	0.00773	0.00562	0.01197	0.01331	0.01753	0.03428	0.17475	0.08329	0.52990	0.03397	0.00679	0.00716	0.01461	0.00573	0.00550
8	0.08992	0.05343	0.02208	0.07387	0.06825	0.25779	0.01526	0.10405	0.02129	0.02629	0.01606	0.02035	0.01345	0.02055	0.15704	0.00480	0.01416	0.00662	0.00483	0.00992
9	0.01066	0.00915	0.00922	0.00908	0.01203	0.00808	0.00685	0.01444	0.06748	0.02340	0.08023	0.07613	0.60390	0.02028	0.00971	0.00281	0.00439	0.01690	0.00777	0.00749
10	0.10818	0.00917	0.01056	0.01042	0.01227	0.00902	0.00748	0.01536	0.01906	0.02863	0.34371	0.17053	0.08379	0.11916	0.01412	0.00355	0.00502	0.01490	0.00771	0.00734
11	0.01166	0.00847	0.01184	0.01213	0.01313	0.00933	0.00879	0.01374	0.01344	0.01886	0.02659	0.13597	0.02791	0.20170	0.43563	0.01070	0.01651	0.01178	0.00506	0.00678
12	0.01180	0.00916	0.01026	0.01018	0.01214	0.00873	0.00719	0.01588	0.08059	0.02430	0.17196	0.14091	0.27558	0.16483	0.01662	0.00395	0.00528	0.01581	0.00750	0.00734
13	0.02476	0.02784	0.02813	0.03475	0.31308	0.29437	0.02041	0.02909	0.04788	0.02405	0.01488	0.01849	0.01249	0.00863	0.00946	0.00244	0.06694	0.00662	0.00434	0.01135
14	0.02442	0.02668	0.02726	0.03390	0.30883	0.26037	0.01977	0.03172	0.13426	0.02603	0.01792	0.02042	0.01448	0.00853	0.00800	0.00241	0.01114	0.00701	0.00497	0.01186
15	0.01818	0.01818	0.02545	0.02181	0.02181	0.02545	0.01818	0.01999	0.01272	0.01999	0.01091	0.01818	0.01091	0.01454	0.02726	0.00364	0.69284	0.00727	0.00364	0.00909
16	0.01176	0.00849	0.01110	0.01045	0.01241	0.00784	0.00784	0.01568	0.02352	0.03331	0.65184	0.06206	0.07839	0.01698	0.00980	0.00261	0.00392	0.01502	0.00914	0.00784
17	0.01026	0.00729	0.00960	0.01139	0.01184	0.00684	0.00753	0.01160	0.01564	0.02086	0.04443	0.65791	0.05324	0.07306	0.01279	0.00370	0.00504	0.02282	0.00753	0.00663
18	0.01569	0.01458	0.01810	0.01648	0.01815	0.06856	0.01316	0.01829	0.01425	0.02012	0.01755	0.02578	0.01639	0.03966	0.37933	0.00867	0.22324	0.00785	0.00422	0.05992
19	0.15988	0.45526	0.03394	0.01501	0.02121	0.15465	0.01362	0.02640	0.01767	0.02293	0.01180	0.01368	0.01036	0.00750	0.00571	0.00199	0.00962	0.00463	0.00398	0.01016
20	0.01681	0.04192	0.63359	0.02426	0.03634	0.01938	0.06105	0.02632	0.01764	0.02632	0.01501	0.01779	0.01063	0.00785	0.00799	0.00264	0.01237	0.00633	0.00354	0.01222
21	0.02395	0.06024	0.08558	0.03195	0.22551	0.26731	0.08170	0.02810	0.02003	0.02355	0.01408	0.01788	0.01166	0.00839	0.00945	0.00245	0.06634	0.00662	0.00407	0.01113
22	0.01302	0.00976	0.01165	0.01162	0.01324	0.00994	0.00815	0.01896	0.13171	0.02646	0.23558	0.22712	0.05159	0.17326	0.01705	0.00407	0.00557	0.01565	0.00771	0.00789
23	0.01012	0.00723	0.00964	0.01157	0.01205	0.00675	0.00771	0.01157	0.01591	0.02121	0.04579	0.70262	0.05495	0.02603	0.01060	0.00337	0.00482	0.02362	0.00771	0.00675
24	0.01187	0.00890	0.01335	0.01335	0.01483	0.01038	0.01038	0.01483	0.01335	0.01928	0.02225	0.03264	0.02077	0.06231	0.67512	0.01335	0.02225	0.00890	0.00445	0.00742
