[name]
unknown

[dist]
# distance from previous block
# <min> <max>
0	0

[block]
# block no. 0 follows, 19 sequences, length 54
# corresponding to MSA columns:
# 0-53
name=unknown_A
#
# <colnr> <probs for GDERKNQSTAVLIFYWHMCP>
#	G	D	E	R	K	N	Q	S	T	A	V	L	I	F	Y	W	H	M	C	P
0	0.01442	0.01030	0.01442	0.01648	0.01854	0.01030	0.01442	0.01854	0.02060	0.02677	0.04737	0.10092	0.05149	0.02471	0.01236	0.00412	0.00824	0.56956	0.00824	0.00824
1	0.03401	0.02506	0.02685	0.02058	0.02774	0.02774	0.01700	0.59995	0.04206	0.05638	0.02148	0.02148	0.01521	0.01074	0.00895	0.00268	0.00984	0.00805	0.00895	0.01521
2	0.01794	0.04628	0.63923	0.02550	0.03872	0.02078	0.03305	0.02833	0.01889	0.02833	0.01606	0.01889	0.01133	0.00850	0.00850	0.00283	0.01322	0.00661	0.00378	0.01322
3	0.01278	0.00959	0.01438	0.01438	0.01598	0.01118	0.01118	0.01598	0.01438	0.02077	0.02396	0.03515	0.02237	0.06710	0.65013	0.01438	0.02396	0.00959	0.00479	0.00799
4	0.02187	0.02201	0.04061	0.05042	0.47760	0.02161	0.17619	0.02777	0.02057	0.02908	0.01716	0.02266	0.01402	0.00786	0.00930	0.00275	0.01179	0.00865	0.00445	0.01362
5	0.01096	0.00908	0.00959	0.00947	0.01232	0.00772	0.00710	0.01358	0.02130	0.02632	0.18871	0.08256	0.52673	0.02186	0.01057	0.00298	0.00447	0.01839	0.00859	0.00772
6	0.02891	0.02263	0.02837	0.08040	0.17886	0.02464	0.01975	0.38570	0.03370	0.04592	0.02022	0.02237	0.01504	0.00989	0.00881	0.00268	0.00995	0.00804	0.03990	0.01422
7	0.03401	0.02506	0.02685	0.02058	0.02774	0.02774	0.01700	0.59995	0.04206	0.05638	0.02148	0.02148	0.01521	0.01074	0.00895	0.00268	0.00984	0.00805	0.00895	0.01521
8	0.02309	0.01553	0.01762	0.01472	0.01944	0.01575	0.01172	0.20170	0.06857	0.11984	0.19776	0.05016	0.17539	0.01559	0.00976	0.00283	0.00667	0.01293	0.00933	0.01162
9	0.01278	0.00959	0.01438	0.01438	0.01598	0.01118	0.01118	0.01598	0.01438	0.02077	0.02396	0.03515	0.02237	0.06710	0.65013	0.01438	0.02396	0.00959	0.00479	0.00799
10	0.01301	0.00867	0.00976	0.00976	0.00976	0.00867	0.00542	0.01301	0.01301	0.01735	0.02819	0.05855	0.03253	0.68559	0.04554	0.00867	0.00867	0.01301	0.00542	0.00542
11	0.03401	0.02506	0.02685	0.02058	0.02774	0.02774	0.01700	0.59995	0.04206	0.05638	0.02148	0.02148	0.01521	0.01074	0.00895	0.00268	0.00984	0.00805	0.00895	0.01521
12	0.02195	0.01965	0.02678	0.38549	0.11915	0.07120	0.02216	0.06685	0.08768	0.06296	0.01964	0.02432	0.01470	0.00945	0.00888	0.00286	0.01118	0.00809	0.00540	0.01162
13	0.02431	0.02156	0.03313	0.11195	0.43089	0.02260	0.02478	0.15851	0.02509	0.03479	0.01780	0.02217	0.01417	0.00871	0.00889	0.00270	0.01059	0.00799	0.00542	0.01396
14	0.03342	0.04264	0.02535	0.02305	0.02766	0.64967	0.01729	0.03572	0.02535	0.02190	0.01383	0.01613	0.01152	0.00922	0.00807	0.00230	0.01613	0.00576	0.00461	0.01037
15	0.02214	0.02126	0.03631	0.05491	0.62978	0.02126	0.02746	0.02746	0.02037	0.02923	0.01683	0.02214	0.01417	0.00797	0.00886	0.00266	0.01063	0.00797	0.00443	0.01417
16	0.01376	0.00949	0.01191	0.01221	0.01418	0.00892	0.00880	0.01781	0.05710	0.06250	0.23600	0.33751	0.13102	0.02236	0.01076	0.00321	0.00505	0.01984	0.00900	0.00854
17	0.01080	0.00819	0.00996	0.01138	0.01269	0.00736	0.00783	0.01258	0.01816	0.02326	0.06242	0.49137	0.23909	0.02632	0.01115	0.00344	0.00498	0.02335	0.00831	0.00736
18	0.01080	0.00818	0.00998	0.01141	0.01270	0.00735	0.00784	0.01257	0.01813	0.02325	0.06201	0.49726	0.23346	0.02638	0.01116	0.00345	0.00499	0.02342	0.00831	0.00735
19	0.01090	0.00779	0.01038	0.01246	0.01298	0.00727	0.00830	0.01246	0.01713	0.02284	0.04931	0.67975	0.05917	0.02803	0.01142	0.00363	0.00519	0.02543	0.00830	0.00727
20	0.01155	0.00935	0.01043	0.01087	0.01363	0.00822	0.00862	0.01433	0.02066	0.02530	0.10518	0.08862	0.46928	0.02293	0.01098	0.00326	0.00537	0.14529	0.00836	0.00775
21	0.01668	0.00834	0.00834	0.00834	0.01042	0.00834	0.00625	0.02085	0.01876	0.03335	0.02918	0.03335	0.02293	0.01042	0.00625	0.00208	0.00417	0.00834	0.73525	0.00834
22	0.01480	0.00962	0.01264	0.01162	0.01410	0.00881	0.00881	0.01896	0.02535	0.08246	0.57928	0.06400	0.07958	0.01773	0.01043	0.00281	0.00448	0.01562	0.00994	0.00897
23	0.01190	0.00885	0.00944	0.00944	0.01082	0.00816	0.00605	0.01293	0.01637	0.02045	0.05657	0.07107	0.30237	0.38424	0.02964	0.00610	0.00679	0.01568	0.00673	0.00639
24	0.01301	0.00867	0.00976	0.00976	0.00976	0.00867	0.00542	0.01301	0.01301	0.01735	0.02819	0.05855	0.03253	0.68559	0.04554	0.00867	0.00867	0.01301	0.00542	0.00542
25	0.01301	0.00867	0.00976	0.00976	0.00976	0.00867	0.00542	0.01301	0.01301	0.01735	0.02819	0.05855	0.03253	0.68559	0.04554	0.00867	0.00867	0.01301	0.00542	0.00542
26	0.03401	0.02506	0.02685	0.02058	0.02774	0.02774	0.01700	0.59995	0.04206	0.05638	0.02148	0.02148	0.01521	0.01074	0.00895	0.00268	0.00984	0.00805	0.00895	0.01521
27	0.01754	0.00948	0.00969	0.00927	0.01152	0.00966	0.00690	0.05877	0.01985	0.03360	0.02859	0.03459	0.02319	0.06486	0.00960	0.00266	0.00491	0.00870	0.62807	0.00856
28	0.03401	0.02506	0.02685	0.02058	0.02774	0.02774	0.01700	0.59995	0.04206	0.05638	0.02148	0.02148	0.01521	0.01074	0.00895	0.00268	0.00984	0.00805	0.00895	0.01521
29	0.02225	0.01922	0.02023	0.01821	0.02326	0.02225	0.01416	0.04754	0.61361	0.03742	0.03641	0.03338	0.02731	0.01214	0.00910	0.00303	0.00708	0.01011	0.00910	0.01416
30	0.01957	0.01957	0.02740	0.02349	0.02349	0.02740	0.01957	0.02153	0.01370	0.02153	0.01174	0.01957	0.01174	0.01566	0.02936	0.00391	0.66921	0.00783	0.00391	0.00979
31	0.01109	0.00916	0.00978	0.00983	0.01268	0.00785	0.00751	0.01373	0.02103	0.02582	0.15508	0.08466	0.51963	0.02224	0.01069	0.00307	0.00474	0.05521	0.00850	0.00771
32	0.01301	0.00867	0.00976	0.00976	0.00976	0.00867	0.00542	0.01301	0.01301	0.01735	0.02819	0.05855	0.03253	0.68559	0.04554	0.00867	0.00867	0.01301	0.00542	0.00542
33	0.02214	0.02126	0.03631	0.05491	0.62978	0.02126	0.02746	0.02746	0.02037	0.02923	0.01683	0.02214	0.01417	0.00797	0.00886	0.00266	0.01063	0.00797	0.00443	0.01417
34	0.03342	0.04264	0.02535	0.02305	0.02766	0.64967	0.01729	0.03572	0.02535	0.02190	0.01383	0.01613	0.01152	0.00922	0.00807	0.00230	0.01613	0.00576	0.00461	0.01037
35	0.01411	0.00945	0.01249	0.01200	0.01424	0.00874	0.00914	0.01807	0.02431	0.06597	0.50251	0.11694	0.07652	0.01919	0.01068	0.00298	0.00479	0.05950	0.00966	0.00869
36	0.01284	0.00860	0.00981	0.00998	0.01002	0.00856	0.00565	0.01297	0.01334	0.01779	0.02989	0.10861	0.03467	0.63259	0.04279	0.00827	0.00839	0.01401	0.00565	0.00557
37	0.01855	0.01590	0.01855	0.01325	0.02120	0.01193	0.01060	0.02253	0.01855	0.02915	0.01590	0.01855	0.01325	0.00663	0.00663	0.00133	0.00663	0.00530	0.00530	0.74028
38	0.01301	0.00867	0.00976	0.00976	0.00976	0.00867	0.00542	0.01301	0.01301	0.01735	0.02819	0.05855	0.03253	0.68559	0.04554	0.00867	0.00867	0.01301	0.00542	0.00542
39	0.01090	0.00779	0.01038	0.01246	0.01298	0.00727	0.00830	0.01246	0.01713	0.02284	0.04931	0.67975	0.05917	0.02803	0.01142	0.00363	0.00519	0.02543	0.00830	0.00727
40	0.01301	0.00867	0.00976	0.00976	0.00976	0.00867	0.00542	0.01301	0.01301	0.01735	0.02819	0.05855	0.03253	0.68559	0.04554	0.00867	0.00867	0.01301	0.00542	0.00542
41	0.01442	0.01030	0.01442	0.01648	0.01854	0.01030	0.01442	0.01854	0.02060	0.02677	0.04737	0.10092	0.05149	0.02471	0.01236	0.00412	0.00824	0.56956	0.00824	0.00824
42	0.01090	0.00779	0.01038	0.01246	0.01298	0.00727	0.00830	0.01246	0.01713	0.02284	0.04931	0.67975	0.05917	0.02803	0.01142	0.00363	0.00519	0.02543	0.00830	0.00727
43	0.02364	0.01891	0.02027	0.01803	0.02323	0.02155	0.01408	0.04723	0.56797	0.08388	0.03633	0.03315	0.02691	0.01206	0.00910	0.00301	0.00712	0.01003	0.00926	0.01424
44	0.47574	0.12053	0.05867	0.01477	0.02122	0.05849	0.01321	0.09252	0.01952	0.03744	0.01378	0.01566	0.01079	0.00855	0.00628	0.00261	0.00855	0.00536	0.00552	0.01084
45	0.06210	0.01381	0.01489	0.01322	0.01712	0.01420	0.01031	0.11993	0.11262	0.03626	0.23397	0.05691	0.22619	0.01683	0.00977	0.00289	0.00586	0.01404	0.00885	0.01024
46	0.02107	0.01664	0.02574	0.28719	0.04020	0.01933	0.06566	0.02906	0.10958	0.10972	0.02237	0.02707	0.01698	0.01682	0.08312	0.00434	0.07918	0.00881	0.00587	0.01125
47	0.11036	0.03512	0.05971	0.02373	0.07327	0.40730	0.01771	0.03523	0.10457	0.02703	0.01715	0.01896	0.01369	0.00938	0.00801	0.00252	0.01326	0.00648	0.00527	0.01128
48	0.02046	0.08499	0.29043	0.06913	0.10556	0.05837	0.15650	0.02801	0.01980	0.02727	0.01618	0.02022	0.01231	0.00814	0.00871	0.00269	0.01285	0.00749	0.00416	0.04674
49	0.06478	0.05638	0.02053	0.01660	0.02002	0.09100	0.01343	0.10571	0.02170	0.02858	0.03922	0.04097	0.20590	0.01949	0.06343	0.00390	0.16130	0.01088	0.00628	0.00990
50	0.19192	0.19832	0.06947	0.02008	0.07272	0.05924	0.01641	0.12771	0.10482	0.03491	0.01798	0.01927	0.01411	0.00912	0.00726	0.00254	0.00934	0.00652	0.00591	0.01235
51	0.02520	0.02610	0.02005	0.01809	0.02228	0.26923	0.01374	0.14435	0.05775	0.03035	0.03571	0.14437	0.12536	0.01520	0.00931	0.00277	0.01051	0.01208	0.00700	0.01056
52	0.02039	0.21869	0.07809	0.01652	0.02195	0.12574	0.01498	0.02554	0.06637	0.02456	0.03641	0.07307	0.13851	0.01452	0.00873	0.00274	0.00943	0.08748	0.00604	0.01025
53	0.02924	0.03421	0.02576	0.02601	0.10498	0.42218	0.01795	0.06599	0.06073	0.02591	0.02025	0.02241	0.04761	0.01044	0.00962	0.00255	0.05040	0.00730	0.00528	0.01119

[dist]
# distance from previous block
# <min> <max>
14	34

[block]
# block no. 1 follows, 19 sequences, length 6
# corresponding to MSA columns:
# 88-93
name=unknown_B
#
# <colnr> <probs for GDERKNQSTAVLIFYWHMCP>
#	G	D	E	R	K	N	Q	S	T	A	V	L	I	F	Y	W	H	M	C	P
0	0.31579	0.15010	0.02188	0.01453	0.01999	0.14578	0.01205	0.02727	0.01919	0.06553	0.02575	0.02644	0.10322	0.01067	0.00703	0.00255	0.00894	0.00736	0.00576	0.01017
1	0.02060	0.01644	0.01967	0.02159	0.13328	0.06354	0.01389	0.09127	0.02565	0.08454	0.25929	0.04893	0.13492	0.01480	0.00972	0.00276	0.00736	0.01266	0.00817	0.01091
2	0.02180	0.02915	0.16211	0.02451	0.07115	0.14420	0.09102	0.03128	0.13521	0.02845	0.02576	0.06200	0.05151	0.01088	0.00893	0.00271	0.01119	0.00930	0.00573	0.07314
3	0.02579	0.02656	0.09619	0.05944	0.02867	0.10876	0.01786	0.21119	0.20710	0.03829	0.02876	0.02867	0.06005	0.01140	0.00893	0.00280	0.01003	0.00894	0.00744	0.01314
4	0.02029	0.15866	0.07331	0.09416	0.02687	0.15726	0.01637	0.02404	0.01876	0.02216	0.02269	0.02787	0.05965	0.02765	0.20601	0.00612	0.01564	0.00802	0.00464	0.00983
5	0.01748	0.02027	0.12540	0.02052	0.08930	0.01534	0.01650	0.02642	0.13675	0.02915	0.03421	0.12206	0.09014	0.01369	0.00904	0.00270	0.00795	0.03888	0.00657	0.17762

[dist]
# distance from previous block
# <min> <max>
22	156

[block]
# block no. 2 follows, 19 sequences, length 79
# corresponding to MSA columns:
# 261-339
name=unknown_C
#
# <colnr> <probs for GDERKNQSTAVLIFYWHMCP>
#	G	D	E	R	K	N	Q	S	T	A	V	L	I	F	Y	W	H	M	C	P
0	0.11531	0.01984	0.02351	0.02349	0.11168	0.05515	0.01647	0.11483	0.05667	0.05801	0.01981	0.05676	0.01707	0.01534	0.05460	0.00366	0.15050	0.00842	0.00603	0.07285
1	0.06579	0.02426	0.06662	0.01953	0.02452	0.15297	0.05404	0.06910	0.18763	0.03021	0.02560	0.07593	0.02213	0.05465	0.08306	0.00445	0.01201	0.00976	0.00648	0.01126
2	0.06388	0.02183	0.06614	0.02458	0.15032	0.12968	0.01668	0.05523	0.02019	0.02735	0.02472	0.03046	0.06223	0.05178	0.16344	0.00566	0.01378	0.00873	0.05285	0.01049
3	0.12509	0.07315	0.09049	0.02113	0.02701	0.13073	0.14495	0.02628	0.01912	0.05183	0.02043	0.06920	0.01890	0.12678	0.01488	0.00376	0.01145	0.00940	0.00523	0.01017
4	0.02083	0.07433	0.29863	0.02412	0.03334	0.12375	0.11339	0.02781	0.02040	0.02703	0.05238	0.02259	0.01674	0.01169	0.03952	0.00317	0.01328	0.00760	0.00456	0.06486
5	0.02497	0.02843	0.10718	0.02917	0.11159	0.13845	0.14654	0.06885	0.16476	0.05625	0.02218	0.02405	0.01673	0.00946	0.00911	0.00279	0.01192	0.00852	0.00606	0.01299
6	0.07237	0.07170	0.02960	0.03001	0.19571	0.19251	0.01947	0.21670	0.02835	0.03626	0.01700	0.01936	0.01336	0.00921	0.00827	0.00253	0.01156	0.00701	0.00598	0.01305
7	0.11895	0.14519	0.05450	0.06398	0.17764	0.06787	0.01798	0.02836	0.02075	0.10817	0.09286	0.02583	0.02237	0.00981	0.00800	0.00257	0.00936	0.00790	0.00596	0.01194
8	0.07893	0.01204	0.01536	0.13878	0.06307	0.01235	0.01279	0.01767	0.01904	0.02561	0.05511	0.06395	0.30239	0.05745	0.01201	0.00345	0.00729	0.08731	0.00680	0.00860
9	0.03346	0.04146	0.02545	0.02288	0.02766	0.60790	0.01727	0.07362	0.02648	0.02421	0.01434	0.01649	0.01177	0.00932	0.00813	0.00233	0.01571	0.00592	0.00490	0.01070
10	0.02972	0.07787	0.03069	0.03059	0.19946	0.17525	0.01993	0.25854	0.03008	0.03773	0.01764	0.01986	0.01375	0.00935	0.00847	0.00253	0.01155	0.00724	0.00624	0.01348
11	0.05532	0.02542	0.13718	0.06788	0.15280	0.02287	0.20344	0.02633	0.01846	0.02734	0.01568	0.02137	0.01263	0.00974	0.01383	0.00311	0.16204	0.00837	0.00426	0.01192
12	0.03286	0.02438	0.02623	0.02004	0.02726	0.02656	0.01653	0.55686	0.04031	0.05435	0.02106	0.02126	0.01507	0.01043	0.00878	0.00258	0.00960	0.00785	0.00868	0.06932
13	0.01057	0.00906	0.00906	0.00906	0.01208	0.00755	0.00680	0.01284	0.02039	0.02417	0.09063	0.08610	0.62615	0.02266	0.01057	0.00302	0.00453	0.01888	0.00831	0.00755
14	0.01783	0.01456	0.01703	0.01583	0.01849	0.06143	0.01232	0.11356	0.01969	0.02656	0.02300	0.03260	0.02087	0.08333	0.46738	0.01127	0.02031	0.00921	0.00549	0.00923
15	0.01088	0.00788	0.01029	0.01221	0.01291	0.00729	0.00820	0.01249	0.01737	0.02293	0.05232	0.63653	0.10044	0.02764	0.01136	0.00359	0.00514	0.02496	0.00831	0.00729
16	0.01278	0.00959	0.01438	0.01438	0.01598	0.01118	0.01118	0.01598	0.01438	0.02077	0.02396	0.03515	0.02237	0.06710	0.65013	0.01438	0.02396	0.00959	0.00479	0.00799
17	0.03389	0.02854	0.02655	0.02107	0.02773	0.15084	0.01706	0.48827	0.03876	0.04956	0.01997	0.02042	0.01448	0.01044	0.00877	0.00261	0.01109	0.00760	0.00809	0.01426
18	0.03342	0.04264	0.02535	0.02305	0.02766	0.64967	0.01729	0.03572	0.02535	0.02190	0.01383	0.01613	0.01152	0.00922	0.00807	0.00230	0.01613	0.00576	0.00461	0.01037
19	0.01286	0.00945	0.01049	0.01003	0.01305	0.00811	0.00759	0.01570	0.02196	0.06349	0.22333	0.07789	0.45242	0.02086	0.01047	0.00295	0.00464	0.01761	0.00886	0.00823
20	0.01090	0.00779	0.01038	0.01246	0.01298	0.00727	0.00830	0.01246	0.01713	0.02284	0.04931	0.67975	0.05917	0.02803	0.01142	0.00363	0.00519	0.02543	0.00830	0.00727
21	0.03245	0.02428	0.02597	0.02027	0.02715	0.02702	0.01663	0.52671	0.11783	0.05387	0.02346	0.02306	0.01682	0.01093	0.00897	0.00273	0.00948	0.00833	0.00897	0.01507
22	0.01090	0.00779	0.01038	0.01246	0.01298	0.00727	0.00830	0.01246	0.01713	0.02284	0.04931	0.67975	0.05917	0.02803	0.01142	0.00363	0.00519	0.02543	0.00830	0.00727
23	0.01057	0.00906	0.00906	0.00906	0.01208	0.00755	0.00680	0.01284	0.02039	0.02417	0.09063	0.08610	0.62615	0.02266	0.01057	0.00302	0.00453	0.01888	0.00831	0.00755
24	0.01278	0.00959	0.01438	0.01438	0.01598	0.01118	0.01118	0.01598	0.01438	0.02077	0.02396	0.03515	0.02237	0.06710	0.65013	0.01438	0.02396	0.00959	0.00479	0.00799
25	0.01374	0.00875	0.00937	0.00949	0.01110	0.00837	0.00659	0.01601	0.01733	0.02518	0.04556	0.05936	0.18135	0.24413	0.02108	0.00469	0.00604	0.04598	0.25874	0.00714
26	0.03401	0.02506	0.02685	0.02058	0.02774	0.02774	0.01700	0.59995	0.04206	0.05638	0.02148	0.02148	0.01521	0.01074	0.00895	0.00268	0.00984	0.00805	0.00895	0.01521
27	0.03401	0.02506	0.02685	0.02058	0.02774	0.02774	0.01700	0.59995	0.04206	0.05638	0.02148	0.02148	0.01521	0.01074	0.00895	0.00268	0.00984	0.00805	0.00895	0.01521
28	0.01090	0.00779	0.01038	0.01246	0.01298	0.00727	0.00830	0.01246	0.01713	0.02284	0.04931	0.67975	0.05917	0.02803	0.01142	0.00363	0.00519	0.02543	0.00830	0.00727
29	0.01207	0.00910	0.01125	0.01145	0.01362	0.00828	0.00873	0.01539	0.02228	0.02973	0.32593	0.15319	0.23187	0.02158	0.01090	0.00314	0.00495	0.08951	0.00901	0.00801
30	0.02225	0.01922	0.02023	0.01821	0.02326	0.02225	0.01416	0.04754	0.61361	0.03742	0.03641	0.03338	0.02731	0.01214	0.00910	0.00303	0.00708	0.01011	0.00910	0.01416
31	0.01278	0.00959	0.01438	0.01438	0.01598	0.01118	0.01118	0.01598	0.01438	0.02077	0.02396	0.03515	0.02237	0.06710	0.65013	0.01438	0.02396	0.00959	0.00479	0.00799
32	0.01130	0.00903	0.00973	0.00959	0.01204	0.00787	0.00695	0.01367	0.02042	0.02562	0.18915	0.07870	0.44151	0.10733	0.01508	0.00371	0.00500	0.01759	0.00824	0.00745
33	0.01263	0.00862	0.00977	0.00996	0.01024	0.00845	0.00580	0.01294	0.01396	0.01838	0.03487	0.12019	0.07938	0.57304	0.03965	0.00777	0.00803	0.01464	0.00591	0.00576
34	0.01057	0.00906	0.00906	0.00906	0.01208	0.00755	0.00680	0.01284	0.02039	0.02417	0.09063	0.08610	0.62615	0.02266	0.01057	0.00302	0.00453	0.01888	0.00831	0.00755
35	0.01135	0.00797	0.01025	0.01188	0.01229	0.00757	0.00769	0.01258	0.01625	0.02167	0.04481	0.54739	0.05349	0.16813	0.01869	0.00471	0.00593	0.02279	0.00769	0.00687
36	0.01230	0.00881	0.00971	0.00966	0.01065	0.00834	0.00600	0.01322	0.01589	0.02047	0.08474	0.06682	0.20241	0.45602	0.03344	0.00670	0.00722	0.01486	0.00652	0.00622
37	0.01300	0.00873	0.01006	0.01006	0.01016	0.00884	0.00580	0.01320	0.01310	0.01757	0.02791	0.05702	0.03186	0.64513	0.08508	0.00905	0.00967	0.01279	0.00538	0.00559
38	0.02461	0.64377	0.04531	0.01587	0.02330	0.08012	0.01545	0.02744	0.01870	0.02111	0.01254	0.01448	0.01148	0.00777	0.00591	0.00194	0.01005	0.00485	0.00388	0.01140
39	0.01090	0.00779	0.01038	0.01246	0.01298	0.00727	0.00830	0.01246	0.01713	0.02284	0.04931	0.67975	0.05917	0.02803	0.01142	0.00363	0.00519	0.02543	0.00830	0.00727
40	0.25097	0.02440	0.02226	0.01801	0.02436	0.09966	0.01466	0.33436	0.03121	0.07199	0.01841	0.01911	0.01339	0.00983	0.00781	0.00267	0.00962	0.00685	0.00748	0.01296
41	0.02190	0.02101	0.03588	0.08259	0.60396	0.02119	0.02734	0.02725	0.02026	0.02894	0.01679	0.02222	0.01407	0.00802	0.00886	0.00267	0.01069	0.00797	0.00441	0.01398
42	0.02288	0.02265	0.03560	0.05283	0.59048	0.06228	0.02679	0.02800	0.02070	0.02875	0.01663	0.02175	0.01400	0.00805	0.00881	0.00263	0.01099	0.00783	0.00444	0.01392
43	0.03144	0.03752	0.02743	0.02860	0.13591	0.49142	0.01909	0.07531	0.02567	0.02572	0.01493	0.01760	0.01227	0.00911	0.00827	0.00240	0.01469	0.00633	0.00489	0.01141
44	0.01278	0.00959	0.01438	0.01438	0.01598	0.01118	0.01118	0.01598	0.01438	0.02077	0.02396	0.03515	0.02237	0.06710	0.65013	0.01438	0.02396	0.00959	0.00479	0.00799
45	0.01132	0.00906	0.00992	0.00972	0.01229	0.00788	0.00717	0.01399	0.02129	0.02701	0.23651	0.07889	0.43539	0.06470	0.01285	0.00333	0.00471	0.01774	0.00855	0.00766
46	0.01138	0.00867	0.01051	0.01127	0.01308	0.00780	0.00818	0.01390	0.02022	0.02634	0.18729	0.30938	0.25904	0.02389	0.01100	0.00328	0.00494	0.05355	0.00863	0.00768
47	0.03353	0.03948	0.02562	0.02261	0.02767	0.53786	0.01724	0.13716	0.02836	0.02810	0.01520	0.01709	0.01219	0.00949	0.00823	0.00237	0.01500	0.00617	0.00539	0.01124
48	0.02549	0.01927	0.02054	0.01670	0.02223	0.02058	0.01346	0.37499	0.05942	0.04447	0.04379	0.07274	0.19739	0.01514	0.00955	0.00284	0.00794	0.01216	0.00874	0.01253
49	0.01247	0.00854	0.00982	0.01020	0.01049	0.00835	0.00603	0.01290	0.01423	0.01878	0.03606	0.17202	0.07606	0.52410	0.03712	0.00740	0.00778	0.01563	0.00613	0.00589
50	0.01278	0.00959	0.01438	0.01438	0.01598	0.01118	0.01118	0.01598	0.01438	0.02077	0.02396	0.03515	0.02237	0.06710	0.65013	0.01438	0.02396	0.00959	0.00479	0.00799
51	0.01073	0.00907	0.00927	0.00922	0.01218	0.00762	0.00692	0.01313	0.02075	0.02502	0.12953	0.08470	0.58671	0.02234	0.01057	0.00301	0.00451	0.01868	0.00842	0.00762
52	0.01612	0.01163	0.01355	0.01263	0.01584	0.01143	0.00960	0.02409	0.14888	0.07716	0.28269	0.10633	0.19859	0.01822	0.01020	0.00297	0.00523	0.01569	0.00929	0.00986
53	0.03342	0.04264	0.02535	0.02305	0.02766	0.64967	0.01729	0.03572	0.02535	0.02190	0.01383	0.01613	0.01152	0.00922	0.00807	0.00230	0.01613	0.00576	0.00461	0.01037
54	0.01090	0.00779	0.01038	0.01246	0.01298	0.00727	0.00830	0.01246	0.01713	0.02284	0.04931	0.67975	0.05917	0.02803	0.01142	0.00363	0.00519	0.02543	0.00830	0.00727
55	0.01116	0.00909	0.00988	0.00968	0.01244	0.00780	0.00726	0.01397	0.02178	0.02745	0.24059	0.08069	0.47414	0.02143	0.01057	0.00296	0.00444	0.01812	0.00874	0.00780
56	0.03441	0.02442	0.02645	0.02028	0.02742	0.02679	0.01675	0.56356	0.04099	0.09429	0.02238	0.02207	0.01567	0.01076	0.00895	0.00269	0.00970	0.00812	0.00909	0.01522
57	0.01957	0.01957	0.02740	0.02349	0.02349	0.02740	0.01957	0.02153	0.01370	0.02153	0.01174	0.01957	0.01174	0.01566	0.02936	0.00391	0.66921	0.00783	0.00391	0.00979
58	0.01514	0.00848	0.00893	0.00893	0.01014	0.00848	0.00591	0.01757	0.01635	0.02665	0.02877	0.04390	0.02695	0.29309	0.02270	0.00484	0.00606	0.01029	0.42970	0.00712
59	0.01147	0.00971	0.00983	0.00970	0.01269	0.00858	0.00720	0.01512	0.05879	0.02466	0.08369	0.08115	0.55468	0.05805	0.01238	0.00333	0.00492	0.01799	0.00820	0.00787
60	0.01057	0.00906	0.00906	0.00906	0.01208	0.00755	0.00680	0.01284	0.02039	0.02417	0.09063	0.08610	0.62615	0.02266	0.01057	0.00302	0.00453	0.01888	0.00831	0.00755
61	0.01301	0.00867	0.00976	0.00976	0.00976	0.00867	0.00542	0.01301	0.01301	0.01735	0.02819	0.05855	0.03253	0.68559	0.04554	0.00867	0.00867	0.01301	0.00542	0.00542
62	0.01157	0.00825	0.01020	0.01130	0.01204	0.00777	0.00738	0.01298	0.01694	0.02244	0.09057	0.40653	0.10937	0.20597	0.02057	0.00489	0.00600	0.02072	0.00763	0.00688
63	0.01095	0.00880	0.00983	0.01057	0.01282	0.00768	0.00779	0.01316	0.01949	0.02399	0.07581	0.25378	0.42418	0.02432	0.01094	0.00327	0.00499	0.06181	0.00830	0.00752
64	0.01090	0.00779	0.01038	0.01246	0.01298	0.00727	0.00830	0.01246	0.01713	0.02284	0.04931	0.67975	0.05917	0.02803	0.01142	0.00363	0.00519	0.02543	0.00830	0.00727
65	0.03373	0.03328	0.02615	0.02174	0.02770	0.31847	0.01714	0.33620	0.03425	0.04026	0.01790	0.01898	0.01349	0.01003	0.00854	0.00251	0.01278	0.00698	0.00692	0.01295
66	0.02454	0.44815	0.07572	0.09532	0.02944	0.11147	0.01787	0.06161	0.02053	0.02391	0.01379	0.01642	0.01175	0.00824	0.00678	0.00219	0.01093	0.00559	0.00425	0.01148
67	0.01139	0.00933	0.01020	0.01064	0.01346	0.00814	0.00842	0.01405	0.02044	0.02472	0.08141	0.08926	0.50371	0.02310	0.01095	0.00325	0.00532	0.13621	0.00829	0.00770
68	0.02112	0.02413	0.05279	0.03771	0.04676	0.02262	0.59729	0.02866	0.02112	0.02866	0.01810	0.02413	0.01357	0.00754	0.01056	0.00302	0.01508	0.01056	0.00452	0.01207
69	0.01492	0.01184	0.01349	0.01352	0.01674	0.01170	0.01100	0.05758	0.09842	0.02887	0.06441	0.08012	0.31358	0.02122	0.01088	0.00337	0.00647	0.20430	0.00843	0.00914
70	0.01908	0.01808	0.01968	0.19765	0.03033	0.12778	0.01527	0.06001	0.01888	0.02322	0.02063	0.03266	0.01919	0.16847	0.18412	0.00703	0.01499	0.00907	0.00494	0.00890
71	0.03342	0.04264	0.02535	0.02305	0.02766	0.64967	0.01729	0.03572	0.02535	0.02190	0.01383	0.01613	0.01152	0.00922	0.00807	0.00230	0.01613	0.00576	0.00461	0.01037
72	0.02595	0.02332	0.06863	0.02202	0.06666	0.02396	0.01740	0.23377	0.33495	0.04270	0.02851	0.02750	0.02113	0.01111	0.00899	0.00287	0.00871	0.00901	0.00835	0.01445
73	0.02602	0.21666	0.03209	0.02103	0.02491	0.26443	0.01751	0.02836	0.01935	0.02153	0.01273	0.01681	0.01159	0.01098	0.01470	0.00275	0.23771	0.00619	0.00415	0.01048
74	0.01100	0.00794	0.01042	0.01220	0.01295	0.00736	0.00823	0.01277	0.01785	0.02378	0.09018	0.60699	0.09103	0.02709	0.01132	0.00355	0.00509	0.02446	0.00841	0.00736
75	0.02043	0.02146	0.02005	0.17044	0.03000	0.18430	0.01527	0.05719	0.02202	0.02535	0.04042	0.04191	0.21689	0.01384	0.00998	0.00274	0.03793	0.01085	0.00596	0.05295
76	0.02176	0.02358	0.06734	0.02236	0.02757	0.13164	0.13929	0.09895	0.02397	0.03104	0.14860	0.03236	0.02956	0.01904	0.09558	0.00435	0.05601	0.01002	0.00620	0.01078
77	0.02447	0.15496	0.02750	0.02156	0.09595	0.13950	0.01559	0.14788	0.02688	0.03389	0.18705	0.03188	0.03308	0.01163	0.00859	0.00249	0.00948	0.00925	0.00683	0.01154
78	0.01914	0.01801	0.01654	0.01571	0.01925	0.12055	0.01188	0.05989	0.14920	0.02866	0.04360	0.21464	0.13189	0.01804	0.00985	0.00302	0.00789	0.05110	0.00771	0.05344

[dist]
# distance from previous block
# <min> <max>
32	76

[block]
# block no. 3 follows, 19 sequences, length 12
# corresponding to MSA columns:
# 417-428
name=unknown_D
#
# <colnr> <probs for GDERKNQSTAVLIFYWHMCP>
#	G	D	E	R	K	N	Q	S	T	A	V	L	I	F	Y	W	H	M	C	P
0	0.02044	0.01975	0.03218	0.17152	0.36432	0.02249	0.02498	0.02506	0.01822	0.02603	0.01539	0.02186	0.01311	0.01007	0.01393	0.00303	0.17326	0.00793	0.00421	0.01223
1	0.02466	0.02737	0.02522	0.15884	0.13372	0.28344	0.01902	0.05353	0.02334	0.02622	0.07251	0.02852	0.06454	0.01080	0.00882	0.00262	0.01218	0.00855	0.00536	0.01076
2	0.03069	0.03827	0.02390	0.02190	0.02611	0.56528	0.01648	0.03311	0.02390	0.02175	0.01517	0.01865	0.01296	0.01687	0.09293	0.00390	0.01717	0.00627	0.00463	0.01006
3	0.01099	0.00805	0.01032	0.01192	0.01289	0.00739	0.00812	0.01283	0.01816	0.02397	0.09700	0.55634	0.13596	0.02660	0.01124	0.00349	0.00503	0.02389	0.00842	0.00739
4	0.02083	0.02624	0.14819	0.07719	0.33330	0.02147	0.18534	0.02770	0.02018	0.02857	0.01699	0.02220	0.01338	0.00800	0.00927	0.00280	0.01239	0.00844	0.00431	0.01320
5	0.02781	0.21889	0.06315	0.10575	0.03142	0.36386	0.01855	0.03117	0.02205	0.02212	0.01383	0.01680	0.01156	0.00871	0.00756	0.00231	0.01361	0.00582	0.00427	0.01077
6	0.02244	0.02400	0.02913	0.33481	0.21295	0.17554	0.02372	0.02732	0.02043	0.02441	0.01565	0.02147	0.01246	0.00874	0.00870	0.00272	0.01260	0.00742	0.00426	0.01124
7	0.01142	0.00800	0.01023	0.01179	0.01218	0.00761	0.00759	0.01259	0.01611	0.02148	0.04410	0.52659	0.05260	0.19015	0.01983	0.00488	0.00605	0.02237	0.00759	0.00681
8	0.09091	0.17996	0.02918	0.02178	0.06916	0.28190	0.01642	0.06032	0.11715	0.02791	0.01758	0.01903	0.01424	0.00923	0.00759	0.00242	0.01172	0.00643	0.00542	0.01167
9	0.02384	0.08797	0.06337	0.01689	0.02181	0.01942	0.01457	0.12120	0.02303	0.12892	0.10097	0.03204	0.02625	0.09529	0.01645	0.00347	0.11538	0.00919	0.00698	0.07297
10	0.11767	0.01892	0.02206	0.02769	0.21322	0.09909	0.01621	0.02507	0.06998	0.02717	0.02284	0.13325	0.02219	0.01563	0.01294	0.12069	0.00917	0.01037	0.00557	0.01026
11	0.02159	0.02802	0.20520	0.02625	0.12615	0.06788	0.04478	0.12749	0.02253	0.03060	0.01969	0.02763	0.01694	0.12198	0.07040	0.00468	0.01270	0.00847	0.00525	0.01177

[dist]
# distance from previous block
# <min> <max>
3	22

[block]
# block no. 4 follows, 19 sequences, length 6
# corresponding to MSA columns:
# 451-456
name=unknown_E
#
# <colnr> <probs for GDERKNQSTAVLIFYWHMCP>
#	G	D	E	R	K	N	Q	S	T	A	V	L	I	F	Y	W	H	M	C	P
0	0.13399	0.07750	0.01983	0.06609	0.02186	0.15615	0.01235	0.06501	0.01911	0.02573	0.01947	0.03140	0.01891	0.22393	0.06908	0.00534	0.01165	0.00843	0.00522	0.00895
1	0.17201	0.01726	0.01778	0.06607	0.02208	0.08652	0.01281	0.02420	0.02027	0.07772	0.18060	0.07317	0.03459	0.01330	0.01094	0.00282	0.08516	0.01021	0.00685	0.06562
2	0.09393	0.08030	0.14373	0.07439	0.02922	0.17436	0.01863	0.09927	0.02267	0.02979	0.01962	0.09903	0.01773	0.01120	0.00825	0.00264	0.01118	0.00862	0.00546	0.04999
3	0.01577	0.01337	0.01659	0.01896	0.10148	0.01365	0.01224	0.02503	0.18783	0.02960	0.11388	0.18209	0.19739	0.01828	0.01009	0.00308	0.00620	0.01594	0.00816	0.01038
4	0.17414	0.01769	0.01901	0.01770	0.06551	0.05108	0.01273	0.11172	0.02133	0.08444	0.02014	0.02611	0.01697	0.09284	0.10107	0.00475	0.01072	0.00763	0.00623	0.13820
5	0.09640	0.01387	0.01594	0.01598	0.06181	0.01474	0.01085	0.12972	0.02086	0.03047	0.03164	0.04251	0.09811	0.21831	0.11584	0.00622	0.01039	0.01077	0.04631	0.00924

[dist]
# distance from previous block
# <min> <max>
10	81

[block]
# block no. 5 follows, 19 sequences, length 10
# corresponding to MSA columns:
# 545-554
name=unknown_F
#
# <colnr> <probs for GDERKNQSTAVLIFYWHMCP>
#	G	D	E	R	K	N	Q	S	T	A	V	L	I	F	Y	W	H	M	C	P
0	0.02610	0.16375	0.02767	0.02132	0.10439	0.10827	0.01535	0.09307	0.02405	0.12547	0.06150	0.03116	0.09528	0.01121	0.00829	0.00244	0.00924	0.00882	0.00673	0.05588
1	0.02282	0.20431	0.09903	0.02209	0.07736	0.18702	0.01814	0.02664	0.01925	0.02276	0.01621	0.02101	0.01422	0.02217	0.15571	0.00513	0.04431	0.00676	0.00430	0.01075
2	0.01715	0.01399	0.01496	0.01385	0.01784	0.01442	0.01096	0.09672	0.18542	0.03214	0.06222	0.06524	0.32059	0.01852	0.01017	0.00311	0.00632	0.07742	0.00860	0.01040
3	0.01668	0.01536	0.01881	0.02111	0.10295	0.09278	0.01422	0.02006	0.01659	0.02209	0.02170	0.03095	0.01986	0.05159	0.48015	0.01123	0.02112	0.00888	0.00472	0.00915
4	0.02466	0.03406	0.19103	0.02148	0.02809	0.25723	0.02020	0.10017	0.02324	0.02774	0.01766	0.02180	0.01435	0.02211	0.15138	0.00519	0.01629	0.00713	0.00497	0.01123
5	0.02263	0.01809	0.02846	0.28042	0.24937	0.01972	0.02278	0.03045	0.09463	0.11232	0.02150	0.02537	0.01606	0.00930	0.00894	0.00285	0.01026	0.00838	0.00577	0.01268
6	0.19780	0.02446	0.02866	0.03843	0.36666	0.14298	0.02124	0.02879	0.02011	0.03041	0.01520	0.01916	0.01259	0.00829	0.00791	0.00262	0.01081	0.00680	0.00473	0.01236
7	0.01512	0.01237	0.01738	0.01635	0.01780	0.01541	0.01301	0.01931	0.04759	0.02262	0.02211	0.03131	0.02020	0.04865	0.43117	0.01057	0.17237	0.00913	0.04876	0.00877
8	0.01170	0.00812	0.01015	0.01144	0.01176	0.00780	0.00721	0.01267	0.01557	0.02076	0.04133	0.44494	0.04910	0.27658	0.02432	0.00554	0.00651	0.02074	0.00721	0.00657
9	0.02348	0.02238	0.02648	0.03250	0.25763	0.12004	0.01922	0.10802	0.09047	0.03135	0.02408	0.11234	0.02201	0.01559	0.05084	0.00354	0.01113	0.01034	0.00617	0.01237

[dist]
# distance from previous block
# <min> <max>
0	1

[block]
# block no. 6 follows, 19 sequences, length 62
# corresponding to MSA columns:
# 556-617
name=unknown_G
#
# <colnr> <probs for GDERKNQSTAVLIFYWHMCP>
#	G	D	E	R	K	N	Q	S	T	A	V	L	I	F	Y	W	H	M	C	P
0	0.01228	0.00866	0.01084	0.01145	0.01235	0.00838	0.00775	0.01406	0.01746	0.02358	0.15234	0.24723	0.07895	0.26147	0.05410	0.00579	0.00730	0.05167	0.00740	0.00694
1	0.01116	0.00789	0.01031	0.01213	0.01259	0.00744	0.00795	0.01252	0.01663	0.02217	0.04674	0.60426	0.05593	0.10794	0.01557	0.00425	0.00561	0.02392	0.00795	0.00704
2	0.01278	0.00959	0.01438	0.01438	0.01598	0.01118	0.01118	0.01598	0.01438	0.02077	0.02396	0.03515	0.02237	0.06710	0.65013	0.01438	0.02396	0.00959	0.00479	0.00799
3	0.01360	0.00866	0.01088	0.01159	0.01241	0.00823	0.00753	0.01485	0.01662	0.05933	0.07601	0.37000	0.04849	0.27200	0.02396	0.00541	0.00658	0.01921	0.00749	0.00714
4	0.01319	0.00866	0.00969	0.00969	0.00979	0.00866	0.00546	0.01339	0.01329	0.01813	0.02824	0.05732	0.03206	0.65269	0.04362	0.00835	0.00845	0.01278	0.04098	0.00556
5	0.01059	0.00900	0.00913	0.00924	0.01213	0.00754	0.00687	0.01282	0.02023	0.02410	0.08852	0.11642	0.59719	0.02293	0.01062	0.00305	0.00457	0.01922	0.00831	0.00754
6	0.01192	0.00937	0.01094	0.01128	0.01389	0.00839	0.00895	0.01504	0.02147	0.02722	0.19149	0.08562	0.37671	0.02224	0.01099	0.00324	0.00535	0.14938	0.00861	0.00790
7	0.01113	0.00908	0.00983	0.00965	0.01243	0.00779	0.00724	0.01392	0.02171	0.02729	0.23308	0.08096	0.48175	0.02149	0.01057	0.00297	0.00445	0.01816	0.00872	0.00779
8	0.03401	0.02506	0.02685	0.02058	0.02774	0.02774	0.01700	0.59995	0.04206	0.05638	0.02148	0.02148	0.01521	0.01074	0.00895	0.00268	0.00984	0.00805	0.00895	0.01521
9	0.03401	0.02506	0.02685	0.02058	0.02774	0.02774	0.01700	0.59995	0.04206	0.05638	0.02148	0.02148	0.01521	0.01074	0.00895	0.00268	0.00984	0.00805	0.00895	0.01521
10	0.01106	0.00908	0.00974	0.00958	0.01238	0.00776	0.00718	0.01379	0.02155	0.02692	0.21603	0.08158	0.49903	0.02163	0.01057	0.00297	0.00446	0.01825	0.00867	0.00776
11	0.01668	0.00834	0.00834	0.00834	0.01042	0.00834	0.00625	0.02085	0.01876	0.03335	0.02918	0.03335	0.02293	0.01042	0.00625	0.00208	0.00417	0.00834	0.73525	0.00834
12	0.03401	0.02506	0.02685	0.02058	0.02774	0.02774	0.01700	0.59995	0.04206	0.05638	0.02148	0.02148	0.01521	0.01074	0.00895	0.00268	0.00984	0.00805	0.00895	0.01521
13	0.40566	0.01531	0.01421	0.01224	0.01730	0.01658	0.00994	0.06511	0.01960	0.14269	0.02097	0.02222	0.01535	0.00945	0.00653	0.00260	0.00657	0.00660	0.18038	0.01068
14	0.01278	0.00959	0.01438	0.01438	0.01598	0.01118	0.01118	0.01598	0.01438	0.02077	0.02396	0.03515	0.02237	0.06710	0.65013	0.01438	0.02396	0.00959	0.00479	0.00799
15	0.01060	0.00897	0.00916	0.00930	0.01215	0.00753	0.00690	0.01281	0.02016	0.02407	0.08770	0.12815	0.58599	0.02304	0.01063	0.00306	0.00458	0.01935	0.00831	0.00753
16	0.02367	0.02415	0.03483	0.05059	0.54817	0.10642	0.02608	0.02858	0.02105	0.02823	0.01642	0.02133	0.01381	0.00814	0.00875	0.00261	0.01137	0.00767	0.00445	0.01366
17	0.01057	0.00906	0.00906	0.00906	0.01208	0.00755	0.00680	0.01284	0.02039	0.02417	0.09063	0.08610	0.62615	0.02266	0.01057	0.00302	0.00453	0.01888	0.00831	0.00755
18	0.01278	0.00959	0.01438	0.01438	0.01598	0.01118	0.01118	0.01598	0.01438	0.02077	0.02396	0.03515	0.02237	0.06710	0.65013	0.01438	0.02396	0.00959	0.00479	0.00799
19	0.02112	0.02413	0.05279	0.03771	0.04676	0.02262	0.59729	0.02866	0.02112	0.02866	0.01810	0.02413	0.01357	0.00754	0.01056	0.00302	0.01508	0.01056	0.00452	0.01207
20	0.02214	0.02126	0.03631	0.05491	0.62978	0.02126	0.02746	0.02746	0.02037	0.02923	0.01683	0.02214	0.01417	0.00797	0.00886	0.00266	0.01063	0.00797	0.00443	0.01417
21	0.02109	0.02137	0.03065	0.33017	0.29721	0.09605	0.02504	0.02634	0.01983	0.02543	0.01604	0.02220	0.01282	0.00857	0.00880	0.00276	0.01188	0.00770	0.00424	0.01178
22	0.01070	0.00907	0.00924	0.00920	0.01216	0.00761	0.00690	0.01309	0.02070	0.02489	0.12353	0.08491	0.59280	0.02239	0.01057	0.00301	0.00451	0.01872	0.00840	0.00761
23	0.01206	0.00862	0.01171	0.01378	0.01481	0.00827	0.01032	0.01446	0.01827	0.02414	0.04867	0.48857	0.05663	0.02693	0.01173	0.00379	0.00620	0.20515	0.00828	0.00759
24	0.01278	0.00959	0.01438	0.01438	0.01598	0.01118	0.01118	0.01598	0.01438	0.02077	0.02396	0.03515	0.02237	0.06710	0.65013	0.01438	0.02396	0.00959	0.00479	0.00799
25	0.01668	0.00834	0.00834	0.00834	0.01042	0.00834	0.00625	0.02085	0.01876	0.03335	0.02918	0.03335	0.02293	0.01042	0.00625	0.00208	0.00417	0.00834	0.73525	0.00834
26	0.01148	0.00910	0.01032	0.01002	0.01264	0.00794	0.00751	0.01460	0.02254	0.02926	0.32316	0.07771	0.39044	0.02076	0.01056	0.00293	0.00440	0.01771	0.00898	0.00794
27	0.01301	0.00867	0.00976	0.00976	0.00976	0.00867	0.00542	0.01301	0.01301	0.01735	0.02819	0.05855	0.03253	0.68559	0.04554	0.00867	0.00867	0.01301	0.00542	0.00542
28	0.01278	0.00959	0.01438	0.01438	0.01598	0.01118	0.01118	0.01598	0.01438	0.02077	0.02396	0.03515	0.02237	0.06710	0.65013	0.01438	0.02396	0.00959	0.00479	0.00799
29	0.01158	0.00888	0.01060	0.01064	0.01282	0.00791	0.00780	0.01461	0.02206	0.02925	0.32580	0.18010	0.28239	0.02161	0.01071	0.00303	0.00450	0.01879	0.00901	0.00791
30	0.03342	0.04264	0.02535	0.02305	0.02766	0.64967	0.01729	0.03572	0.02535	0.02190	0.01383	0.01613	0.01152	0.00922	0.00807	0.00230	0.01613	0.00576	0.00461	0.01037
31	0.01071	0.00892	0.00935	0.00955	0.01225	0.00756	0.00705	0.01300	0.02027	0.02459	0.11224	0.15231	0.53537	0.02305	0.01067	0.00308	0.00459	0.01949	0.00838	0.00756
32	0.74878	0.01730	0.01315	0.01177	0.01730	0.02007	0.00969	0.02630	0.01523	0.04014	0.01246	0.01453	0.00969	0.00830	0.00554	0.00277	0.00692	0.00484	0.00554	0.00969
33	0.01245	0.00903	0.01155	0.01111	0.01305	0.00833	0.00815	0.01613	0.02378	0.03325	0.52142	0.10554	0.11220	0.05925	0.01271	0.00323	0.00457	0.01673	0.00939	0.00813
34	0.01057	0.00906	0.00906	0.00906	0.01208	0.00755	0.00680	0.01284	0.02039	0.02417	0.09063	0.08610	0.62615	0.02266	0.01057	0.00302	0.00453	0.01888	0.00831	0.00755
35	0.02225	0.01922	0.02023	0.01821	0.02326	0.02225	0.01416	0.04754	0.61361	0.03742	0.03641	0.03338	0.02731	0.01214	0.00910	0.00303	0.00708	0.01011	0.00910	0.01416
36	0.03401	0.02506	0.02685	0.02058	0.02774	0.02774	0.01700	0.59995	0.04206	0.05638	0.02148	0.02148	0.01521	0.01074	0.00895	0.00268	0.00984	0.00805	0.00895	0.01521
37	0.01169	0.00812	0.01015	0.01145	0.01177	0.00779	0.00723	0.01266	0.01559	0.02079	0.04142	0.44772	0.04922	0.27364	0.02416	0.00552	0.00649	0.02079	0.00723	0.00658
38	0.01090	0.00779	0.01038	0.01246	0.01298	0.00727	0.00830	0.01246	0.01713	0.02284	0.04931	0.67975	0.05917	0.02803	0.01142	0.00363	0.00519	0.02543	0.00830	0.00727
39	0.01057	0.00906	0.00906	0.00906	0.01208	0.00755	0.00680	0.01284	0.02039	0.02417	0.09063	0.08610	0.62615	0.02266	0.01057	0.00302	0.00453	0.01888	0.00831	0.00755
40	0.01090	0.00779	0.01038	0.01246	0.01298	0.00727	0.00830	0.01246	0.01713	0.02284	0.04931	0.67975	0.05917	0.02803	0.01142	0.00363	0.00519	0.02543	0.00830	0.00727
41	0.01442	0.01030	0.01442	0.01648	0.01854	0.01030	0.01442	0.01854	0.02060	0.02677	0.04737	0.10092	0.05149	0.02471	0.01236	0.00412	0.00824	0.56956	0.00824	0.00824
42	0.03342	0.04264	0.02535	0.02305	0.02766	0.64967	0.01729	0.03572	0.02535	0.02190	0.01383	0.01613	0.01152	0.00922	0.00807	0.00230	0.01613	0.00576	0.00461	0.01037
43	0.03394	0.02700	0.02668	0.02086	0.02773	0.09624	0.01704	0.53781	0.04022	0.05259	0.02064	0.02089	0.01481	0.01057	0.00885	0.00264	0.01054	0.00780	0.00847	0.01468
44	0.01080	0.00818	0.00997	0.01141	0.01270	0.00735	0.00784	0.01258	0.01814	0.02325	0.06206	0.49655	0.23414	0.02637	0.01116	0.00344	0.00499	0.02341	0.00831	0.00735
45	0.01324	0.00865	0.00967	0.00967	0.00980	0.00865	0.00547	0.01350	0.01337	0.01834	0.02825	0.05698	0.03193	0.64367	0.04310	0.00826	0.00839	0.01272	0.05073	0.00560
46	0.02214	0.02126	0.03631	0.05491	0.62978	0.02126	0.02746	0.02746	0.02037	0.02923	0.01683	0.02214	0.01417	0.00797	0.00886	0.00266	0.01063	0.00797	0.00443	0.01417
47	0.01098	0.00806	0.01011	0.01170	0.01261	0.00741	0.00786	0.01256	0.01743	0.02271	0.05509	0.53682	0.15557	0.06964	0.01348	0.00385	0.00530	0.02350	0.00812	0.00720
48	0.01282	0.00884	0.01100	0.01200	0.01261	0.00871	0.00824	0.01417	0.01580	0.02090	0.03787	0.22078	0.04351	0.36932	0.02939	0.00637	0.00772	0.14664	0.00679	0.00653
49	0.04014	0.01523	0.02076	0.01592	0.02284	0.01315	0.01315	0.04360	0.02561	0.63597	0.03530	0.03045	0.02215	0.01107	0.00900	0.00277	0.00761	0.00900	0.01107	0.01523
50	0.01957	0.01957	0.02740	0.02349	0.02349	0.02740	0.01957	0.02153	0.01370	0.02153	0.01174	0.01957	0.01174	0.01566	0.02936	0.00391	0.66921	0.00783	0.00391	0.00979
51	0.03401	0.02506	0.02685	0.02058	0.02774	0.02774	0.01700	0.59995	0.04206	0.05638	0.02148	0.02148	0.01521	0.01074	0.00895	0.00268	0.00984	0.00805	0.00895	0.01521
52	0.01090	0.00779	0.01038	0.01246	0.01298	0.00727	0.00830	0.01246	0.01713	0.02284	0.04931	0.67975	0.05917	0.02803	0.01142	0.00363	0.00519	0.02543	0.00830	0.00727
53	0.03342	0.04264	0.02535	0.02305	0.02766	0.64967	0.01729	0.03572	0.02535	0.02190	0.01383	0.01613	0.01152	0.00922	0.00807	0.00230	0.01613	0.00576	0.00461	0.01037
54	0.01279	0.00953	0.01409	0.01409	0.01559	0.01103	0.01083	0.01579	0.01429	0.02056	0.02422	0.03659	0.02299	0.10518	0.61290	0.01403	0.02302	0.00980	0.00483	0.00783
55	0.01154	0.00901	0.01047	0.01030	0.01273	0.00794	0.00765	0.01465	0.02240	0.02938	0.33002	0.11941	0.34036	0.02106	0.01062	0.00297	0.00444	0.01812	0.00901	0.00794
56	0.01253	0.00915	0.01190	0.01212	0.01409	0.00852	0.00930	0.01619	0.02294	0.03144	0.39722	0.15759	0.12580	0.02113	0.01098	0.00317	0.00508	0.11346	0.00922	0.00816
57	0.02660	0.02138	0.02268	0.01909	0.02492	0.02429	0.01521	0.25201	0.40205	0.04444	0.03089	0.02897	0.02283	0.01162	0.00905	0.00291	0.00810	0.00935	0.00905	0.01455
58	0.03351	0.04003	0.02558	0.02268	0.02767	0.55722	0.01724	0.11960	0.02784	0.02702	0.01497	0.01693	0.01207	0.00945	0.00820	0.00236	0.01520	0.00610	0.00525	0.01109
59	0.02847	0.07387	0.03284	0.02847	0.09924	0.33885	0.12760	0.06876	0.06625	0.02720	0.01697	0.01977	0.01356	0.00897	0.00861	0.00253	0.01387	0.00731	0.00511	0.01176
60	0.03115	0.03881	0.02394	0.02180	0.02634	0.56368	0.01639	0.03508	0.06670	0.02314	0.02040	0.02188	0.05241	0.01030	0.00830	0.00240	0.01474	0.00692	0.00517	0.01046
61	0.02997	0.02722	0.02342	0.02011	0.02538	0.22656	0.01604	0.24666	0.06581	0.07414	0.02381	0.03082	0.01970	0.01540	0.04853	0.00347	0.01228	0.07102	0.00734	0.01234

[dist]
# distance from previous block
# <min> <max>
0	31

[block]
# block no. 7 follows, 19 sequences, length 107
# corresponding to MSA columns:
# 649-755
name=unknown_H
#
# <colnr> <probs for GDERKNQSTAVLIFYWHMCP>
#	G	D	E	R	K	N	Q	S	T	A	V	L	I	F	Y	W	H	M	C	P
0	0.09971	0.01475	0.01545	0.01417	0.01820	0.01604	0.01096	0.03153	0.29756	0.03505	0.18908	0.04868	0.14321	0.01505	0.00932	0.00295	0.00591	0.01254	0.00875	0.01109
1	0.02788	0.27282	0.06841	0.02400	0.09443	0.32375	0.01860	0.03118	0.02186	0.02278	0.01379	0.01632	0.01180	0.00848	0.00735	0.00223	0.01300	0.00571	0.00426	0.01136
2	0.01057	0.00906	0.00906	0.00906	0.01208	0.00755	0.00680	0.01284	0.02039	0.02417	0.09063	0.08610	0.62615	0.02266	0.01057	0.00302	0.00453	0.01888	0.00831	0.00755
3	0.03209	0.02416	0.02733	0.07179	0.06070	0.02681	0.01813	0.52671	0.03911	0.05244	0.02082	0.02170	0.01491	0.01046	0.00894	0.00271	0.01004	0.00804	0.00834	0.01476
