[name]
unknown

[dist]
# distance from previous block
# <min> <max>
0	4

[block]
# block no. 0 follows, 23 sequences, length 16
# corresponding to MSA columns:
# 4-19
name=unknown_A
#
# <colnr> <probs for GDERKNQSTAVLIFYWHMCP>
#	G	D	E	R	K	N	Q	S	T	A	V	L	I	F	Y	W	H	M	C	P
0	0.01383	0.01020	0.01364	0.01511	0.01727	0.01050	0.01305	0.01962	0.08597	0.02531	0.04190	0.08500	0.04436	0.02120	0.01089	0.00363	0.00736	0.54556	0.00756	0.00804
1	0.01865	0.01269	0.01289	0.01148	0.01532	0.06042	0.00892	0.02287	0.07553	0.18013	0.08087	0.05625	0.37996	0.01610	0.00895	0.00263	0.00578	0.01327	0.00800	0.00928
2	0.02538	0.02155	0.01919	0.01673	0.02089	0.19142	0.01289	0.23763	0.02619	0.10031	0.02612	0.21385	0.02484	0.01384	0.00854	0.00260	0.00902	0.01130	0.00712	0.01061
3	0.01921	0.02072	0.02854	0.08252	0.02886	0.11861	0.14846	0.02251	0.01579	0.02100	0.01332	0.01958	0.01172	0.01478	0.06822	0.00381	0.34174	0.00748	0.00383	0.00928
4	0.23006	0.02228	0.02330	0.05018	0.21649	0.13737	0.01676	0.15569	0.02209	0.03307	0.01456	0.01716	0.01144	0.00808	0.00710	0.00240	0.00949	0.00611	0.00518	0.01120
5	0.01574	0.01485	0.02509	0.63867	0.10928	0.01814	0.02274	0.02110	0.01642	0.02124	0.01450	0.02150	0.01100	0.00804	0.00811	0.00268	0.01071	0.00721	0.00364	0.00935
6	0.02008	0.01928	0.03294	0.04981	0.66422	0.01928	0.02490	0.02490	0.01848	0.02651	0.01526	0.02008	0.01285	0.00723	0.00803	0.00241	0.00964	0.00723	0.00402	0.01285
7	0.01532	0.01442	0.02434	0.69533	0.05589	0.01803	0.02253	0.02073	0.01622	0.02073	0.01442	0.02163	0.01082	0.00811	0.00811	0.00270	0.01082	0.00721	0.00361	0.00901
8	0.02210	0.01908	0.03124	0.04491	0.57016	0.01910	0.02324	0.06741	0.02018	0.07905	0.01687	0.02064	0.01349	0.00762	0.00805	0.00242	0.00938	0.00731	0.00477	0.01299
9	0.02466	0.02963	0.01999	0.01853	0.02189	0.47943	0.01401	0.02700	0.01999	0.01955	0.01532	0.01984	0.01342	0.02420	0.21112	0.00539	0.01678	0.00627	0.00423	0.00875
10	0.01167	0.00838	0.01094	0.01090	0.01274	0.00881	0.00837	0.01459	0.01564	0.02232	0.08446	0.04425	0.16944	0.04050	0.37558	0.00821	0.01364	0.01088	0.12145	0.00724
11	0.01936	0.31315	0.22639	0.02269	0.03147	0.02478	0.20590	0.02521	0.01748	0.02308	0.01378	0.01688	0.01095	0.00713	0.00725	0.00228	0.01115	0.00640	0.00365	0.01103
12	0.02080	0.43297	0.06867	0.13914	0.09596	0.07901	0.01753	0.02444	0.01720	0.02056	0.01252	0.01562	0.01074	0.00733	0.00631	0.00205	0.00980	0.00531	0.00361	0.01042
13	0.05647	0.12844	0.12211	0.27020	0.14870	0.01968	0.02065	0.02355	0.01740	0.05627	0.05052	0.02139	0.01503	0.00825	0.00751	0.00245	0.00964	0.00691	0.00432	0.01050
14	0.22856	0.02269	0.08801	0.22113	0.03190	0.16852	0.01686	0.02423	0.01691	0.02524	0.01378	0.01812	0.01094	0.01259	0.06624	0.00340	0.01151	0.00598	0.00418	0.00920
15	0.02015	0.30069	0.13308	0.01828	0.02341	0.09554	0.01762	0.02354	0.01591	0.02033	0.01216	0.01603	0.01087	0.01158	0.03966	0.00291	0.21897	0.00570	0.00360	0.00996

[dist]
# distance from previous block
# <min> <max>
1	60

[block]
# block no. 1 follows, 23 sequences, length 50
# corresponding to MSA columns:
# 80-129
name=unknown_B
#
# <colnr> <probs for GDERKNQSTAVLIFYWHMCP>
#	G	D	E	R	K	N	Q	S	T	A	V	L	I	F	Y	W	H	M	C	P
0	0.02172	0.02289	0.02611	0.17427	0.26536	0.20364	0.02002	0.05658	0.01978	0.02400	0.01512	0.01991	0.01246	0.01266	0.06817	0.00334	0.01233	0.00680	0.00421	0.01062
1	0.01881	0.03097	0.36872	0.02837	0.17148	0.01922	0.05220	0.05172	0.01825	0.05191	0.01536	0.01855	0.01158	0.00824	0.00947	0.00256	0.07042	0.00662	0.00411	0.04145
2	0.02248	0.14519	0.03033	0.03283	0.32774	0.20121	0.01932	0.02602	0.01893	0.02281	0.01434	0.01830	0.01236	0.01169	0.06027	0.00304	0.01178	0.00630	0.00399	0.01105
3	0.14016	0.01548	0.05632	0.18770	0.08452	0.01549	0.01488	0.02297	0.11716	0.02656	0.03558	0.03673	0.19163	0.01179	0.00800	0.00266	0.00749	0.00971	0.00568	0.00951
4	0.01427	0.01335	0.02268	0.07926	0.02472	0.01502	0.14203	0.01794	0.01508	0.02094	0.02468	0.03158	0.08499	0.03308	0.30475	0.00734	0.12605	0.00939	0.00444	0.00839
5	0.02169	0.71972	0.04252	0.01388	0.02083	0.03211	0.01388	0.02430	0.01649	0.01909	0.01128	0.01302	0.01041	0.00694	0.00521	0.00174	0.00868	0.00434	0.00347	0.01041
6	0.01840	0.01756	0.02989	0.27833	0.44886	0.01884	0.02406	0.02343	0.01768	0.02446	0.01497	0.02063	0.01213	0.00754	0.00806	0.00251	0.01006	0.00722	0.00387	0.01149
7	0.01869	0.34404	0.39188	0.01901	0.02875	0.02476	0.02281	0.02507	0.01684	0.02275	0.01310	0.01530	0.01034	0.00737	0.00659	0.00220	0.01051	0.00526	0.00345	0.01129
8	0.00959	0.00822	0.00822	0.00822	0.01096	0.00685	0.00617	0.01165	0.01850	0.02192	0.08220	0.07809	0.66092	0.02055	0.00959	0.00274	0.00411	0.01713	0.00754	0.00685
9	0.00959	0.00822	0.00822	0.00822	0.01096	0.00685	0.00617	0.01165	0.01850	0.02192	0.08220	0.07809	0.66092	0.02055	0.00959	0.00274	0.00411	0.01713	0.00754	0.00685
10	0.01159	0.00869	0.01304	0.01304	0.01449	0.01014	0.01014	0.01449	0.01304	0.01884	0.02173	0.03188	0.02029	0.06086	0.68268	0.01304	0.02173	0.00869	0.00435	0.00724
11	0.01914	0.39999	0.33985	0.01824	0.02757	0.02585	0.02148	0.02496	0.01679	0.02221	0.01283	0.01496	0.01035	0.00730	0.00639	0.00213	0.01024	0.00512	0.00345	0.01116
12	0.01892	0.02120	0.04404	0.03205	0.03889	0.02124	0.53198	0.02492	0.01803	0.02492	0.01546	0.02120	0.01204	0.00807	0.01242	0.00287	0.12800	0.00916	0.00401	0.01060
13	0.00959	0.00822	0.00822	0.00822	0.01096	0.00685	0.00617	0.01165	0.01850	0.02192	0.08220	0.07809	0.66092	0.02055	0.00959	0.00274	0.00411	0.01713	0.00754	0.00685
14	0.01275	0.01027	0.01476	0.01411	0.01514	0.01260	0.01098	0.01513	0.01279	0.01863	0.02011	0.03156	0.01950	0.12247	0.49326	0.01074	0.14491	0.00873	0.00426	0.00729
15	0.03085	0.02273	0.02435	0.01867	0.02516	0.02516	0.01542	0.63716	0.03815	0.05114	0.01948	0.01948	0.01380	0.00974	0.00812	0.00244	0.00893	0.00731	0.00812	0.01380
16	0.01731	0.01462	0.01580	0.01489	0.01846	0.01642	0.01129	0.03430	0.47363	0.03034	0.03841	0.18293	0.06742	0.01473	0.00880	0.00287	0.00591	0.01269	0.00806	0.01112
17	0.01683	0.01442	0.01683	0.01202	0.01923	0.01082	0.00961	0.02043	0.01683	0.02644	0.01442	0.01683	0.01202	0.00601	0.00601	0.00120	0.00601	0.00481	0.00481	0.76444
18	0.01885	0.01802	0.03071	0.21698	0.50668	0.01896	0.02429	0.02382	0.01789	0.02501	0.01505	0.02048	0.01233	0.00746	0.00805	0.00249	0.00994	0.00722	0.00391	0.01186
19	0.02008	0.01928	0.03294	0.04981	0.66422	0.01928	0.02490	0.02490	0.01848	0.02651	0.01526	0.02008	0.01285	0.00723	0.00803	0.00241	0.00964	0.00723	0.00402	0.01285
20	0.03031	0.03867	0.02299	0.02090	0.02508	0.68226	0.01568	0.03240	0.02299	0.01986	0.01254	0.01463	0.01045	0.00836	0.00732	0.00209	0.01463	0.00523	0.00418	0.00941
21	0.02008	0.01928	0.03294	0.04981	0.66422	0.01928	0.02490	0.02490	0.01848	0.02651	0.01526	0.02008	0.01285	0.00723	0.00803	0.00241	0.00964	0.00723	0.00402	0.01285
22	0.01683	0.01442	0.01683	0.01202	0.01923	0.01082	0.00961	0.02043	0.01683	0.02644	0.01442	0.01683	0.01202	0.00601	0.00601	0.00120	0.00601	0.00481	0.00481	0.76444
23	0.01532	0.01442	0.02434	0.69533	0.05589	0.01803	0.02253	0.02073	0.01622	0.02073	0.01442	0.02163	0.01082	0.00811	0.00811	0.00270	0.01082	0.00721	0.00361	0.00901
24	0.01513	0.00756	0.00756	0.00756	0.00945	0.00756	0.00567	0.01891	0.01702	0.03025	0.02647	0.03025	0.02080	0.00945	0.00567	0.00189	0.00378	0.00756	0.75988	0.00756
25	0.01085	0.00775	0.01053	0.01240	0.01330	0.00742	0.00921	0.01297	0.01649	0.02180	0.04419	0.52211	0.05155	0.02451	0.01061	0.00343	0.00555	0.20095	0.00751	0.00686
26	0.01148	0.00829	0.01085	0.01021	0.01212	0.00766	0.00766	0.01531	0.02297	0.03254	0.65994	0.06061	0.07656	0.01659	0.00957	0.00255	0.00383	0.01467	0.00893	0.00766
27	0.01299	0.00935	0.01111	0.01074	0.01317	0.00882	0.00801	0.01792	0.08704	0.06307	0.29487	0.16778	0.22795	0.01820	0.00949	0.00275	0.00450	0.01580	0.00830	0.00815
28	0.03194	0.02097	0.02327	0.01784	0.02429	0.02256	0.01473	0.51959	0.03521	0.17286	0.02195	0.02108	0.01504	0.00980	0.00813	0.00245	0.00853	0.00747	0.00850	0.01380
29	0.02748	0.26209	0.02940	0.01860	0.02369	0.46898	0.01509	0.02974	0.02086	0.01961	0.01213	0.01410	0.01044	0.00790	0.00662	0.00197	0.01268	0.00493	0.00395	0.00974
30	0.01793	0.01507	0.01665	0.01515	0.01803	0.08566	0.01192	0.15650	0.01976	0.02621	0.02024	0.02724	0.01777	0.04372	0.45843	0.00948	0.01809	0.00801	0.00518	0.00895
31	0.02009	0.01917	0.03207	0.04782	0.62589	0.01933	0.02418	0.02599	0.05609	0.02695	0.01632	0.02069	0.01356	0.00745	0.00805	0.00243	0.00945	0.00735	0.00427	0.01285
32	0.02419	0.52241	0.03686	0.01592	0.02206	0.22046	0.01440	0.02664	0.01837	0.01931	0.01165	0.01348	0.01042	0.00735	0.00582	0.00184	0.01040	0.00460	0.00368	0.01012
33	0.03031	0.03867	0.02299	0.02090	0.02508	0.68226	0.01568	0.03240	0.02299	0.01986	0.01254	0.01463	0.01045	0.00836	0.00732	0.00209	0.01463	0.00523	0.00418	0.00941
34	0.00989	0.00706	0.00942	0.01130	0.01177	0.00659	0.00753	0.01130	0.01554	0.02071	0.04472	0.70954	0.05367	0.02542	0.01036	0.00330	0.00471	0.02307	0.00753	0.00659
35	0.00987	0.00713	0.00935	0.01112	0.01172	0.00661	0.00745	0.01132	0.01570	0.02078	0.04686	0.67353	0.08830	0.02514	0.01031	0.00326	0.00467	0.02273	0.00753	0.00661
36	0.02573	0.02597	0.06195	0.14374	0.05514	0.22061	0.01755	0.18355	0.09296	0.06709	0.01819	0.01992	0.01354	0.00896	0.00786	0.00243	0.01082	0.00683	0.00579	0.01135
37	0.01574	0.01509	0.01693	0.01727	0.05557	0.12316	0.01262	0.01852	0.01496	0.01952	0.01884	0.02706	0.01735	0.04481	0.47212	0.00975	0.08048	0.00789	0.00423	0.00808
38	0.01180	0.00787	0.00885	0.00885	0.00885	0.00787	0.00492	0.01180	0.01180	0.01573	0.02557	0.05310	0.02950	0.71483	0.04130	0.00787	0.00787	0.01180	0.00492	0.00492
39	0.02206	0.02521	0.17390	0.02153	0.02893	0.02130	0.12006	0.19969	0.23340	0.03548	0.02236	0.02293	0.01640	0.00922	0.00831	0.00262	0.00958	0.00800	0.00643	0.01260
40	0.03083	0.03159	0.02326	0.01975	0.02488	0.40976	0.01538	0.25009	0.02845	0.06638	0.01609	0.01708	0.01218	0.00895	0.00765	0.00224	0.01216	0.00613	0.00591	0.01122
41	0.00966	0.00796	0.00849	0.00891	0.01114	0.00679	0.00647	0.01157	0.01783	0.02165	0.07377	0.22015	0.52431	0.02165	0.00976	0.00286	0.00424	0.01846	0.00753	0.00679
42	0.01016	0.00763	0.00943	0.01028	0.01164	0.00689	0.00722	0.01227	0.01792	0.02363	0.18996	0.40718	0.21175	0.02224	0.00999	0.00299	0.00436	0.01972	0.00784	0.00689
43	0.02331	0.02565	0.02890	0.03762	0.39365	0.24210	0.02118	0.02695	0.01946	0.02367	0.01395	0.01805	0.01186	0.00822	0.00942	0.00240	0.07168	0.00655	0.00403	0.01135
44	0.01041	0.00821	0.00910	0.00890	0.01109	0.00721	0.00649	0.01279	0.01916	0.02454	0.25459	0.07001	0.41264	0.09384	0.01299	0.00323	0.00443	0.01580	0.00769	0.00689
45	0.01761	0.10896	0.53499	0.05855	0.03420	0.05968	0.02709	0.02569	0.01737	0.02441	0.01410	0.01681	0.01033	0.00769	0.00745	0.00246	0.01175	0.00585	0.00349	0.01152
46	0.02966	0.03672	0.02317	0.02081	0.02488	0.61287	0.01578	0.06272	0.02320	0.02145	0.01280	0.01505	0.01063	0.00875	0.00841	0.00219	0.05155	0.00543	0.00435	0.00960
47	0.01684	0.08807	0.01872	0.01525	0.04492	0.01565	0.01165	0.11854	0.01846	0.02599	0.04830	0.02886	0.02038	0.07090	0.31105	0.00739	0.04934	0.00819	0.07260	0.00891
48	0.62233	0.01834	0.08350	0.01236	0.01825	0.01769	0.01136	0.02552	0.01504	0.09440	0.01358	0.01495	0.01000	0.00779	0.00560	0.00252	0.00695	0.00492	0.00532	0.00960
49	0.05422	0.01937	0.01834	0.01692	0.05506	0.14545	0.01243	0.15956	0.05209	0.08216	0.13264	0.06758	0.09345	0.01222	0.00825	0.00243	0.00802	0.00986	0.00705	0.04291

[dist]
# distance from previous block
# <min> <max>
0	1

[block]
# block no. 2 follows, 23 sequences, length 25
# corresponding to MSA columns:
# 131-155
name=unknown_C
#
# <colnr> <probs for GDERKNQSTAVLIFYWHMCP>
#	G	D	E	R	K	N	Q	S	T	A	V	L	I	F	Y	W	H	M	C	P
0	0.02025	0.28047	0.26398	0.01862	0.02624	0.13321	0.01987	0.02522	0.01738	0.02160	0.01343	0.01638	0.01112	0.01179	0.05818	0.00302	0.03957	0.00552	0.00364	0.01052
1	0.01177	0.00799	0.00945	0.00945	0.00966	0.00820	0.00567	0.01219	0.01198	0.01618	0.02501	0.05004	0.02817	0.62046	0.13386	0.00861	0.00987	0.01135	0.00483	0.00525
2	0.02041	0.01820	0.02808	0.20553	0.36295	0.01951	0.02172	0.13679	0.02156	0.02941	0.01879	0.02292	0.04112	0.00851	0.00814	0.00250	0.00956	0.00768	0.00483	0.01179
3	0.02263	0.02110	0.02323	0.06503	0.08861	0.12167	0.06150	0.18913	0.14987	0.03239	0.02918	0.02972	0.10846	0.01077	0.00833	0.00253	0.00916	0.00893	0.00646	0.01131
4	0.02008	0.01928	0.03294	0.04981	0.66422	0.01928	0.02490	0.02490	0.01848	0.02651	0.01526	0.02008	0.01285	0.00723	0.00803	0.00241	0.00964	0.00723	0.00402	0.01285
5	0.01409	0.00705	0.01057	0.01057	0.01057	0.00705	0.00705	0.01057	0.01057	0.01409	0.01409	0.02467	0.01409	0.02819	0.03171	0.76392	0.00705	0.00705	0.00352	0.00352
6	0.01159	0.00869	0.01304	0.01304	0.01449	0.01014	0.01014	0.01449	0.01304	0.01884	0.02173	0.03188	0.02029	0.06086	0.68268	0.01304	0.02173	0.00869	0.00435	0.00724
7	0.01040	0.00837	0.00935	0.00943	0.01189	0.00731	0.00729	0.01304	0.01948	0.02449	0.20249	0.07587	0.46336	0.01991	0.00977	0.00281	0.00444	0.08535	0.00783	0.00710
8	0.01775	0.01775	0.02485	0.02130	0.02130	0.02485	0.01775	0.01953	0.01243	0.01953	0.01065	0.01775	0.01065	0.01420	0.02663	0.00355	0.69998	0.00710	0.00355	0.00888
9	0.01111	0.00758	0.00905	0.00973	0.00990	0.00741	0.00586	0.01162	0.01315	0.01753	0.03248	0.29017	0.03823	0.46586	0.03013	0.00622	0.00673	0.01587	0.00586	0.00552
10	0.01165	0.00848	0.01194	0.01194	0.01301	0.00955	0.00877	0.01378	0.01271	0.01802	0.02274	0.03745	0.02270	0.23253	0.51431	0.01168	0.01809	0.00951	0.00450	0.00663
11	0.01680	0.01593	0.02701	0.49455	0.24509	0.01842	0.02327	0.02203	0.01693	0.02253	0.01468	0.02115	0.01145	0.00784	0.00809	0.00261	0.01045	0.00722	0.00373	0.01021
12	0.01015	0.00824	0.00899	0.00880	0.01130	0.00709	0.00660	0.01272	0.01981	0.02504	0.25216	0.07295	0.48902	0.01938	0.00958	0.00268	0.00403	0.01640	0.00795	0.00709
13	0.01613	0.00853	0.00864	0.00827	0.01046	0.00869	0.00630	0.05842	0.01837	0.03159	0.02602	0.02956	0.02035	0.00947	0.00583	0.00193	0.00411	0.00755	0.71184	0.00796
14	0.00989	0.00706	0.00942	0.01130	0.01177	0.00659	0.00753	0.01130	0.01554	0.02071	0.04472	0.70954	0.05367	0.02542	0.01036	0.00330	0.00471	0.02307	0.00753	0.00659
15	0.01165	0.00848	0.01194	0.01194	0.01301	0.00955	0.00877	0.01378	0.01271	0.01802	0.02274	0.03745	0.02270	0.23253	0.51431	0.01168	0.01809	0.00951	0.00450	0.00663
16	0.02896	0.08023	0.02513	0.02267	0.07648	0.55099	0.01629	0.06410	0.02303	0.02204	0.01306	0.01523	0.01083	0.00825	0.00728	0.00211	0.01353	0.00544	0.00434	0.00999
17	0.01627	0.04197	0.67279	0.02313	0.03512	0.01884	0.02998	0.02570	0.01713	0.02570	0.01456	0.01713	0.01028	0.00771	0.00771	0.00257	0.01199	0.00600	0.00343	0.01199
18	0.01836	0.01753	0.02983	0.28293	0.44452	0.01883	0.02405	0.02340	0.01766	0.02442	0.01496	0.02064	0.01212	0.00755	0.00806	0.00252	0.01006	0.00722	0.00387	0.01147
19	0.01037	0.00764	0.00981	0.01126	0.01238	0.00708	0.00811	0.01234	0.01682	0.02196	0.07828	0.48476	0.15548	0.02377	0.01032	0.00323	0.00497	0.10700	0.00759	0.00681
20	0.01159	0.00869	0.01304	0.01304	0.01449	0.01014	0.01014	0.01449	0.01304	0.01884	0.02173	0.03188	0.02029	0.06086	0.68268	0.01304	0.02173	0.00869	0.00435	0.00724
21	0.42768	0.01387	0.01384	0.04743	0.01827	0.01483	0.00995	0.02558	0.01750	0.17977	0.10210	0.02629	0.05363	0.00996	0.00672	0.00254	0.00624	0.00737	0.00672	0.00971
22	0.35637	0.01941	0.01716	0.01421	0.01978	0.08420	0.01148	0.16443	0.06211	0.06935	0.01610	0.01702	0.01208	0.00829	0.00643	0.00231	0.00771	0.00568	0.00608	0.09981
23	0.23227	0.05620	0.01829	0.01497	0.01931	0.12543	0.01195	0.03044	0.18389	0.08157	0.08319	0.02405	0.02109	0.01008	0.00835	0.00254	0.05241	0.00728	0.00635	0.01033
24	0.02204	0.09317	0.02978	0.05139	0.02864	0.05206	0.17690	0.16939	0.17748	0.03220	0.02488	0.02596	0.05972	0.00960	0.00829	0.00254	0.00955	0.00862	0.00619	0.01157

[dist]
# distance from previous block
# <min> <max>
0	20

[block]
# block no. 3 follows, 23 sequences, length 72
# corresponding to MSA columns:
# 176-247
name=unknown_D
#
# <colnr> <probs for GDERKNQSTAVLIFYWHMCP>
#	G	D	E	R	K	N	Q	S	T	A	V	L	I	F	Y	W	H	M	C	P
0	0.02641	0.11298	0.02700	0.02412	0.13811	0.23926	0.01671	0.18682	0.09655	0.03060	0.01699	0.01843	0.01336	0.00864	0.00750	0.00227	0.01060	0.00646	0.00554	0.01167
1	0.02153	0.15020	0.15934	0.03264	0.30999	0.05976	0.02224	0.10114	0.02055	0.02770	0.01478	0.01786	0.01189	0.00765	0.00743	0.00231	0.01013	0.00637	0.00432	0.01217
2	0.01933	0.02376	0.15926	0.04454	0.54002	0.01919	0.02590	0.02506	0.01821	0.02635	0.01512	0.01950	0.01234	0.00732	0.00797	0.00244	0.01010	0.00699	0.00390	0.01268
3	0.02905	0.03627	0.02422	0.02448	0.10418	0.60021	0.01682	0.03147	0.02244	0.02068	0.01288	0.01531	0.01075	0.00822	0.00741	0.00213	0.01401	0.00547	0.00416	0.00983
4	0.01143	0.00927	0.00978	0.00947	0.01224	0.00834	0.00713	0.06191	0.02003	0.02474	0.10622	0.13445	0.51633	0.01994	0.00955	0.00276	0.00454	0.01678	0.00766	0.00743
5	0.02272	0.50139	0.11666	0.01641	0.02344	0.15882	0.01623	0.02607	0.01785	0.02006	0.01194	0.01384	0.01040	0.00732	0.00593	0.00191	0.01026	0.00472	0.00361	0.01041
6	0.02046	0.02000	0.03257	0.04874	0.64056	0.04382	0.02456	0.02518	0.01864	0.02626	0.01516	0.01988	0.01276	0.00727	0.00801	0.00240	0.00982	0.00716	0.00402	0.01273
7	0.01246	0.01140	0.06400	0.01297	0.01496	0.00940	0.01011	0.07395	0.01789	0.02410	0.03983	0.58629	0.04628	0.02246	0.00992	0.00315	0.00571	0.02015	0.00726	0.00773
8	0.01257	0.01030	0.01083	0.01012	0.01324	0.00973	0.00775	0.06528	0.08263	0.02676	0.14384	0.06654	0.47428	0.01826	0.00934	0.00269	0.00469	0.01525	0.00783	0.00810
9	0.01346	0.01040	0.01218	0.01238	0.01477	0.01041	0.00954	0.06671	0.09756	0.02639	0.08242	0.25586	0.20293	0.02010	0.00984	0.00306	0.00559	0.13044	0.00773	0.00823
10	0.01822	0.28510	0.44669	0.01981	0.02999	0.02360	0.02421	0.02519	0.01690	0.02333	0.01338	0.01566	0.01033	0.00743	0.00681	0.00227	0.01080	0.00540	0.00344	0.01143
11	0.01159	0.00869	0.01304	0.01304	0.01449	0.01014	0.01014	0.01449	0.01304	0.01884	0.02173	0.03188	0.02029	0.06086	0.68268	0.01304	0.02173	0.00869	0.00435	0.00724
12	0.03031	0.03867	0.02299	0.02090	0.02508	0.68226	0.01568	0.03240	0.02299	0.01986	0.01254	0.01463	0.01045	0.00836	0.00732	0.00209	0.01463	0.00523	0.00418	0.00941
13	0.01104	0.00828	0.01023	0.00974	0.01185	0.00747	0.00731	0.01445	0.02192	0.03004	0.52418	0.06472	0.21388	0.01752	0.00957	0.00260	0.00389	0.01525	0.00860	0.00747
14	0.01734	0.17577	0.54836	0.02130	0.03230	0.02146	0.02680	0.02542	0.01700	0.02439	0.01391	0.01632	0.01031	0.00756	0.00722	0.00241	0.01134	0.00567	0.00344	0.01168
15	0.01769	0.16953	0.48922	0.02398	0.09420	0.02143	0.02640	0.02535	0.01714	0.02451	0.01400	0.01663	0.01056	0.00752	0.00726	0.00239	0.01113	0.00580	0.00349	0.01177
16	0.01129	0.00811	0.01081	0.01136	0.01284	0.00764	0.00857	0.01439	0.02002	0.02759	0.36972	0.25792	0.06455	0.02022	0.01009	0.00298	0.00473	0.12159	0.00826	0.00731
17	0.00987	0.00711	0.00937	0.01118	0.01174	0.00660	0.00748	0.01131	0.01565	0.02076	0.04614	0.68561	0.07668	0.02524	0.01033	0.00327	0.00469	0.02284	0.00753	0.00660
18	0.01628	0.01502	0.02423	0.44621	0.16890	0.01743	0.02076	0.02282	0.06805	0.02409	0.07951	0.02585	0.01880	0.00900	0.00825	0.00263	0.00955	0.00811	0.00458	0.00995
19	0.02210	0.02311	0.03097	0.04410	0.53804	0.15017	0.02308	0.02638	0.01937	0.02520	0.01473	0.01901	0.01238	0.00745	0.00789	0.00235	0.01063	0.00683	0.00405	0.01217
20	0.01071	0.00774	0.00995	0.01047	0.01170	0.00717	0.00734	0.01316	0.01883	0.02579	0.32252	0.33796	0.09957	0.06432	0.01189	0.00321	0.00447	0.01822	0.00800	0.00698
21	0.01915	0.02189	0.04788	0.03420	0.04241	0.02052	0.63475	0.02599	0.01915	0.02599	0.01642	0.02189	0.01231	0.00684	0.00958	0.00274	0.01368	0.00958	0.00410	0.01094
22	0.02002	0.01899	0.02469	0.02517	0.15011	0.07791	0.09210	0.06498	0.24261	0.02851	0.02285	0.02550	0.01817	0.01833	0.12856	0.00444	0.01156	0.00829	0.00583	0.01136
23	0.00998	0.00713	0.00950	0.01124	0.01179	0.00665	0.00754	0.01153	0.01596	0.02138	0.07957	0.67278	0.05496	0.02492	0.01031	0.00325	0.00466	0.02259	0.00761	0.00665
24	0.01062	0.00831	0.00965	0.00946	0.01178	0.00734	0.00719	0.01356	0.02051	0.02681	0.33939	0.07094	0.36691	0.01887	0.00966	0.00271	0.00416	0.04671	0.00816	0.00724
25	0.01191	0.01410	0.12843	0.01250	0.01606	0.00941	0.01148	0.01620	0.02034	0.02848	0.39493	0.15717	0.11425	0.01676	0.00936	0.00269	0.00545	0.01468	0.00760	0.00819
26	0.01532	0.01442	0.02434	0.69533	0.05589	0.01803	0.02253	0.02073	0.01622	0.02073	0.01442	0.02163	0.01082	0.00811	0.00811	0.00270	0.01082	0.00721	0.00361	0.00901
27	0.01917	0.01835	0.03129	0.17342	0.54772	0.01904	0.02445	0.02410	0.01805	0.02540	0.01510	0.02038	0.01246	0.00740	0.00805	0.00247	0.00987	0.00723	0.00394	0.01212
28	0.00987	0.00711	0.00936	0.01116	0.01173	0.00660	0.00747	0.01131	0.01567	0.02077	0.04639	0.68141	0.08072	0.02520	0.01032	0.00327	0.00468	0.02280	0.00753	0.00660
29	0.02169	0.71972	0.04252	0.01388	0.02083	0.03211	0.01388	0.02430	0.01649	0.01909	0.01128	0.01302	0.01041	0.00694	0.00521	0.00174	0.00868	0.00434	0.00347	0.01041
30	0.01513	0.00756	0.00756	0.00756	0.00945	0.00756	0.00567	0.01891	0.01702	0.03025	0.02647	0.03025	0.02080	0.00945	0.00567	0.00189	0.00378	0.00756	0.75988	0.00756
31	0.01663	0.03949	0.59546	0.02450	0.03602	0.01905	0.10482	0.02573	0.01738	0.02573	0.01479	0.01772	0.01053	0.00760	0.00794	0.00259	0.01220	0.00644	0.00351	0.01186
32	0.03031	0.03867	0.02299	0.02090	0.02508	0.68226	0.01568	0.03240	0.02299	0.01986	0.01254	0.01463	0.01045	0.00836	0.00732	0.00209	0.01463	0.00523	0.00418	0.00941
33	0.00989	0.00706	0.00942	0.01130	0.01177	0.00659	0.00753	0.01130	0.01554	0.02071	0.04472	0.70954	0.05367	0.02542	0.01036	0.00330	0.00471	0.02307	0.00753	0.00659
34	0.01159	0.00869	0.01304	0.01304	0.01449	0.01014	0.01014	0.01449	0.01304	0.01884	0.02173	0.03188	0.02029	0.06086	0.68268	0.01304	0.02173	0.00869	0.00435	0.00724
35	0.01159	0.00869	0.01304	0.01304	0.01449	0.01014	0.01014	0.01449	0.01304	0.01884	0.02173	0.03188	0.02029	0.06086	0.68268	0.01304	0.02173	0.00869	0.00435	0.00724
36	0.01895	0.02150	0.04666	0.06844	0.04311	0.02039	0.60304	0.02572	0.01900	0.02572	0.01631	0.02187	0.01223	0.00691	0.00950	0.00273	0.01353	0.00945	0.00408	0.01084
37	0.02008	0.01928	0.03294	0.04981	0.66422	0.01928	0.02490	0.02490	0.01848	0.02651	0.01526	0.02008	0.01285	0.00723	0.00803	0.00241	0.00964	0.00723	0.00402	0.01285
38	0.00959	0.00822	0.00822	0.00822	0.01096	0.00685	0.00617	0.01165	0.01850	0.02192	0.08220	0.07809	0.66092	0.02055	0.00959	0.00274	0.00411	0.01713	0.00754	0.00685
39	0.00985	0.00720	0.00927	0.01092	0.01167	0.00662	0.00736	0.01134	0.01590	0.02086	0.04936	0.63139	0.12882	0.02482	0.01026	0.00323	0.00463	0.02233	0.00753	0.00662
40	0.01219	0.00919	0.01137	0.01067	0.01291	0.00882	0.00805	0.01775	0.08418	0.03183	0.55207	0.05903	0.11827	0.01636	0.00944	0.00259	0.00411	0.01433	0.00875	0.00810
41	0.01080	0.00921	0.00941	0.00927	0.01213	0.00834	0.00697	0.01518	0.08955	0.02323	0.07523	0.09666	0.56613	0.01966	0.00947	0.00276	0.00439	0.01645	0.00762	0.00752
42	0.01422	0.01040	0.01194	0.01103	0.01404	0.01007	0.00843	0.02105	0.14145	0.07299	0.29958	0.05850	0.26216	0.01642	0.00923	0.00265	0.00463	0.01401	0.00840	0.00880
43	0.01707	0.00944	0.00964	0.00894	0.01140	0.00974	0.00688	0.09542	0.01963	0.03284	0.02561	0.02892	0.01993	0.00949	0.00597	0.00196	0.00442	0.00753	0.66685	0.00833
44	0.00989	0.00706	0.00942	0.01130	0.01177	0.00659	0.00753	0.01130	0.01554	0.02071	0.04472	0.70954	0.05367	0.02542	0.01036	0.00330	0.00471	0.02307	0.00753	0.00659
45	0.00989	0.00706	0.00942	0.01130	0.01177	0.00659	0.00753	0.01130	0.01554	0.02071	0.04472	0.70954	0.05367	0.02542	0.01036	0.00330	0.00471	0.02307	0.00753	0.00659
46	0.01180	0.00787	0.00885	0.00885	0.00885	0.00787	0.00492	0.01180	0.01180	0.01573	0.02557	0.05310	0.02950	0.71483	0.04130	0.00787	0.00787	0.01180	0.00492	0.00492
47	0.02169	0.71972	0.04252	0.01388	0.02083	0.03211	0.01388	0.02430	0.01649	0.01909	0.01128	0.01302	0.01041	0.00694	0.00521	0.00174	0.00868	0.00434	0.00347	0.01041
48	0.01172	0.00818	0.01042	0.01042	0.01097	0.00872	0.00688	0.01281	0.01227	0.01690	0.02413	0.04513	0.02604	0.46909	0.28231	0.00981	0.01308	0.01063	0.00470	0.00579
49	0.01180	0.00787	0.00885	0.00885	0.00885	0.00787	0.00492	0.01180	0.01180	0.01573	0.02557	0.05310	0.02950	0.71483	0.04130	0.00787	0.00787	0.01180	0.00492	0.00492
50	0.01900	0.02144	0.04538	0.03280	0.04012	0.02099	0.56784	0.02529	0.01842	0.02529	0.01579	0.02144	0.01213	0.00764	0.01143	0.00282	0.08810	0.00931	0.00404	0.01072
51	0.03031	0.03867	0.02299	0.02090	0.02508	0.68226	0.01568	0.03240	0.02299	0.01986	0.01254	0.01463	0.01045	0.00836	0.00732	0.00209	0.01463	0.00523	0.00418	0.00941
52	0.01954	0.01873	0.03196	0.12323	0.59502	0.01914	0.02463	0.02443	0.01822	0.02585	0.01517	0.02026	0.01262	0.00733	0.00804	0.00244	0.00977	0.00723	0.00397	0.01242
53	0.02008	0.01928	0.03294	0.04981	0.66422	0.01928	0.02490	0.02490	0.01848	0.02651	0.01526	0.02008	0.01285	0.00723	0.00803	0.00241	0.00964	0.00723	0.00402	0.01285
54	0.01956	0.02096	0.02484	0.02127	0.02260	0.14062	0.05170	0.02177	0.01474	0.01990	0.01224	0.01861	0.01152	0.01665	0.07711	0.00404	0.48213	0.00704	0.00376	0.00895
55	0.01303	0.01073	0.01378	0.01284	0.01450	0.01184	0.00990	0.01751	0.06970	0.02758	0.34865	0.13174	0.11399	0.01715	0.01293	0.00288	0.14161	0.01402	0.00751	0.00810
56	0.03031	0.03867	0.02299	0.02090	0.02508	0.68226	0.01568	0.03240	0.02299	0.01986	0.01254	0.01463	0.01045	0.00836	0.00732	0.00209	0.01463	0.00523	0.00418	0.00941
57	0.01022	0.00818	0.00914	0.00904	0.01138	0.00710	0.00673	0.01281	0.01978	0.02530	0.26744	0.10819	0.43702	0.01954	0.00963	0.00271	0.00405	0.01667	0.00799	0.00710
58	0.01991	0.01911	0.03263	0.07276	0.64259	0.01923	0.02482	0.02475	0.01840	0.02630	0.01523	0.02014	0.01278	0.00726	0.00804	0.00242	0.00968	0.00723	0.00400	0.01272
59	0.02321	0.02068	0.02112	0.02002	0.07377	0.08612	0.01458	0.15436	0.42037	0.03526	0.02700	0.02585	0.02031	0.01020	0.00812	0.00260	0.00797	0.00827	0.00749	0.01269
60	0.01014	0.00752	0.00920	0.01024	0.01132	0.00687	0.00696	0.01177	0.01649	0.02150	0.10322	0.44077	0.19743	0.09127	0.01315	0.00355	0.00480	0.01985	0.00739	0.00658
61	0.01935	0.01858	0.03222	0.20575	0.40387	0.01943	0.09930	0.05572	0.01902	0.02629	0.01542	0.02066	0.01233	0.00753	0.00825	0.00252	0.01039	0.00752	0.00414	0.01172
62	0.02056	0.01943	0.02469	0.02082	0.02213	0.04986	0.01726	0.13016	0.01742	0.02518	0.01230	0.01794	0.01121	0.01318	0.02259	0.00330	0.55073	0.00707	0.00439	0.00977
63	0.00989	0.00706	0.00942	0.01130	0.01177	0.00659	0.00753	0.01130	0.01554	0.02071	0.04472	0.70954	0.05367	0.02542	0.01036	0.00330	0.00471	0.02307	0.00753	0.00659
64	0.01665	0.03974	0.60992	0.02575	0.09694	0.01889	0.02948	0.02562	0.01726	0.02578	0.01463	0.01742	0.01053	0.00766	0.00774	0.00255	0.01176	0.00612	0.00348	0.01208
65	0.63735	0.02038	0.12978	0.01289	0.01916	0.01832	0.01257	0.02418	0.01440	0.03450	0.01188	0.01389	0.00905	0.00756	0.00550	0.00252	0.00730	0.00468	0.00474	0.00936
66	0.01793	0.10830	0.55883	0.02204	0.03291	0.07327	0.02725	0.02610	0.01754	0.02458	0.01408	0.01653	0.01031	0.00769	0.00743	0.00245	0.01188	0.00577	0.00349	0.01163
67	0.01627	0.04197	0.67279	0.02313	0.03512	0.01884	0.02998	0.02570	0.01713	0.02570	0.01456	0.01713	0.01028	0.00771	0.00771	0.00257	0.01199	0.00600	0.00343	0.01199
68	0.01760	0.16979	0.49069	0.02245	0.03310	0.02155	0.08632	0.02546	0.01721	0.02446	0.01412	0.01681	0.01050	0.00748	0.00741	0.00243	0.01152	0.00603	0.00350	0.01159
69	0.06670	0.33826	0.23647	0.02299	0.13973	0.02479	0.02058	0.02482	0.01688	0.02357	0.01302	0.01558	0.01070	0.00727	0.00648	0.00217	0.00974	0.00538	0.00365	0.01124
70	0.06441	0.13892	0.11661	0.07021	0.02455	0.02041	0.01538	0.03133	0.29867	0.02814	0.02867	0.02840	0.08064	0.01033	0.00758	0.00253	0.00773	0.00822	0.00610	0.01116
71	0.11135	0.02348	0.18963	0.03434	0.36114	0.01789	0.02249	0.02403	0.01800	0.02812	0.07794	0.02247	0.01796	0.00831	0.00773	0.00248	0.00925	0.00730	0.00447	0.01162

[dist]
# distance from previous block
# <min> <max>
4	38

[block]
# block no. 4 follows, 23 sequences, length 6
# corresponding to MSA columns:
# 286-291
name=unknown_E
#
# <colnr> <probs for GDERKNQSTAVLIFYWHMCP>
#	G	D	E	R	K	N	Q	S	T	A	V	L	I	F	Y	W	H	M	C	P
0	0.22343	0.14055	0.05823	0.02378	0.16944	0.21227	0.01639	0.02673	0.01814	0.02596	0.01273	0.01536	0.01055	0.00761	0.00654	0.00224	0.01014	0.00536	0.00421	0.01033
1	0.01934	0.18085	0.02785	0.09870	0.21362	0.05572	0.01719	0.07354	0.01968	0.02504	0.02601	0.03253	0.10298	0.01070	0.00785	0.00243	0.00881	0.06172	0.00498	0.01046
2	0.02205	0.01841	0.02571	0.06626	0.35596	0.07396	0.01911	0.02766	0.07563	0.12080	0.02226	0.09668	0.01912	0.01010	0.00827	0.00254	0.00890	0.00909	0.00566	0.01183
3	0.02149	0.01915	0.01916	0.09013	0.02409	0.12769	0.01374	0.21252	0.07910	0.03092	0.02553	0.12356	0.04744	0.01944	0.10454	0.00408	0.01088	0.00999	0.00634	0.01020
4	0.08606	0.02146	0.02577	0.07895	0.21380	0.10227	0.01868	0.16439	0.02178	0.03036	0.01460	0.01836	0.01185	0.00940	0.01137	0.00263	0.14538	0.00674	0.00494	0.01124
5	0.02108	0.02070	0.02819	0.20663	0.16030	0.11255	0.11133	0.12168	0.02214	0.02841	0.07193	0.02345	0.01762	0.00878	0.00833	0.00251	0.01064	0.00796	0.00503	0.01076

[dist]
# distance from previous block
# <min> <max>
0	1

[block]
# block no. 5 follows, 23 sequences, length 10
# corresponding to MSA columns:
# 293-302
name=unknown_F
#
# <colnr> <probs for GDERKNQSTAVLIFYWHMCP>
#	G	D	E	R	K	N	Q	S	T	A	V	L	I	F	Y	W	H	M	C	P
0	0.01960	0.01951	0.02888	0.04194	0.52483	0.07448	0.02168	0.02383	0.01887	0.02534	0.02370	0.02713	0.09659	0.00905	0.00817	0.00243	0.00935	0.00834	0.00449	0.01178
1	0.01587	0.02898	0.37593	0.02560	0.16478	0.01622	0.02332	0.02267	0.01804	0.02614	0.10903	0.02870	0.05362	0.04486	0.00981	0.00281	0.00974	0.00832	0.00460	0.01096
2	0.03085	0.02273	0.02435	0.01867	0.02516	0.02516	0.01542	0.63716	0.03815	0.05114	0.01948	0.01948	0.01380	0.00974	0.00812	0.00244	0.00893	0.00731	0.00812	0.01380
3	0.02008	0.01928	0.03294	0.04981	0.66422	0.01928	0.02490	0.02490	0.01848	0.02651	0.01526	0.02008	0.01285	0.00723	0.00803	0.00241	0.00964	0.00723	0.00402	0.01285
4	0.02008	0.01928	0.03294	0.04981	0.66422	0.01928	0.02490	0.02490	0.01848	0.02651	0.01526	0.02008	0.01285	0.00723	0.00803	0.00241	0.00964	0.00723	0.00402	0.01285
5	0.01532	0.01442	0.02434	0.69533	0.05589	0.01803	0.02253	0.02073	0.01622	0.02073	0.01442	0.02163	0.01082	0.00811	0.00811	0.00270	0.01082	0.00721	0.00361	0.00901
6	0.02835	0.02091	0.02289	0.01794	0.02378	0.02322	0.01474	0.55650	0.03490	0.04695	0.01977	0.02109	0.01464	0.01636	0.09550	0.00381	0.01059	0.00749	0.00763	0.01295
7	0.01299	0.01127	0.01794	0.40199	0.03697	0.01312	0.01610	0.01669	0.01593	0.02072	0.02742	0.31664	0.02919	0.01554	0.00907	0.00296	0.00820	0.01401	0.00529	0.00797
8	0.01979	0.02470	0.16407	0.07271	0.20745	0.07156	0.02079	0.03192	0.24479	0.02809	0.02121	0.02278	0.01625	0.00884	0.00799	0.00256	0.00946	0.00750	0.00540	0.01214
9	0.02492	0.02128	0.01899	0.01670	0.02126	0.17671	0.01294	0.08447	0.27951	0.13231	0.02980	0.07243	0.04973	0.01149	0.00820	0.00256	0.00846	0.00919	0.00747	0.01157

[dist]
# distance from previous block
# <min> <max>
2	6

[block]
# block no. 6 follows, 23 sequences, length 12
# corresponding to MSA columns:
# 309-320
name=unknown_G
#
# <colnr> <probs for GDERKNQSTAVLIFYWHMCP>
#	G	D	E	R	K	N	Q	S	T	A	V	L	I	F	Y	W	H	M	C	P
0	0.02748	0.02230	0.03020	0.02433	0.07429	0.02371	0.15402	0.45766	0.03253	0.04379	0.01850	0.02006	0.01340	0.00892	0.00844	0.00250	0.01004	0.00781	0.00693	0.01310
1	0.02424	0.09760	0.02156	0.01747	0.02135	0.42059	0.01339	0.02782	0.06290	0.02182	0.06698	0.08874	0.06008	0.01135	0.00776	0.00229	0.01114	0.00850	0.00524	0.00919
2	0.01369	0.05368	0.01560	0.01372	0.01571	0.06505	0.01081	0.01651	0.01404	0.01893	0.02038	0.02937	0.01891	0.05344	0.58824	0.01149	0.02039	0.00816	0.00428	0.00761
3	0.49784	0.09371	0.01529	0.01124	0.01569	0.01751	0.00938	0.02135	0.01436	0.03032	0.01871	0.02150	0.06291	0.01751	0.11985	0.00422	0.00899	0.00613	0.00493	0.00856
4	0.02169	0.71972	0.04252	0.01388	0.02083	0.03211	0.01388	0.02430	0.01649	0.01909	0.01128	0.01302	0.01041	0.00694	0.00521	0.00174	0.00868	0.00434	0.00347	0.01041
5	0.02410	0.30653	0.16657	0.01791	0.02550	0.09161	0.01787	0.20531	0.02362	0.02995	0.01450	0.01593	0.01138	0.00806	0.00679	0.00215	0.01003	0.00564	0.00490	0.01164
6	0.23894	0.22299	0.18661	0.01512	0.02183	0.02099	0.01579	0.02286	0.01528	0.02579	0.01387	0.01728	0.01157	0.01641	0.12020	0.00408	0.01101	0.00551	0.00406	0.00980
7	0.01779	0.42216	0.02968	0.01303	0.01771	0.02268	0.01191	0.02060	0.01541	0.02003	0.01609	0.02076	0.01459	0.02477	0.22637	0.00544	0.01249	0.00606	0.07332	0.00912
8	0.02050	0.39677	0.27827	0.01806	0.02664	0.09141	0.02013	0.02563	0.01737	0.02166	0.01264	0.01473	0.01037	0.00737	0.00636	0.00209	0.01052	0.00505	0.00352	0.01091
9	0.02241	0.15872	0.18148	0.01783	0.02508	0.02244	0.01754	0.13541	0.23117	0.07417	0.02206	0.02180	0.01637	0.00916	0.00751	0.00244	0.00865	0.00710	0.00627	0.01240
10	0.01554	0.01527	0.01440	0.01356	0.01629	0.11357	0.01063	0.02051	0.09931	0.02381	0.09232	0.05530	0.30286	0.01664	0.01126	0.00283	0.08926	0.07154	0.00673	0.00836
11	0.02197	0.02144	0.02293	0.08493	0.11515	0.16845	0.04049	0.12806	0.10366	0.02819	0.02055	0.04823	0.01748	0.01687	0.09897	0.00394	0.01188	0.03063	0.00555	0.01063

[dist]
# distance from previous block
# <min> <max>
9	78

[block]
# block no. 7 follows, 23 sequences, length 9
# corresponding to MSA columns:
# 400-408
name=unknown_H
#
# <colnr> <probs for GDERKNQSTAVLIFYWHMCP>
#	G	D	E	R	K	N	Q	S	T	A	V	L	I	F	Y	W	H	M	C	P
0	0.02091	0.08520	0.16811	0.02638	0.16608	0.04859	0.02067	0.11291	0.09258	0.02850	0.01647	0.01928	0.01310	0.00941	0.01109	0.00262	0.13468	0.00684	0.00483	0.01173
1	0.01909	0.02427	0.13633	0.02010	0.08878	0.18474	0.01596	0.07459	0.02044	0.02480	0.03147	0.17905	0.11931	0.01386	0.00855	0.00260	0.00935	0.01150	0.00561	0.00960
2	0.01631	0.01573	0.02265	0.33340	0.17881	0.05257	0.01866	0.02064	0.01756	0.02266	0.02675	0.03070	0.12883	0.01000	0.00814	0.00249	0.00916	0.00870	0.00454	0.07168
3	0.10457	0.01819	0.06208	0.03091	0.27031	0.01762	0.12062	0.02202	0.01617	0.02484	0.01655	0.02559	0.01518	0.14421	0.01594	0.00363	0.06906	0.00810	0.00425	0.01015
4	0.01956	0.12717	0.08843	0.10193	0.45614	0.02107	0.02344	0.02449	0.01785	0.02478	0.01452	0.01890	0.01207	0.00731	0.00758	0.00235	0.00980	0.00668	0.00384	0.01205
5	0.01948	0.02565	0.13718	0.01779	0.02279	0.20210	0.01598	0.02307	0.01786	0.02237	0.02155	0.07870	0.07006	0.01128	0.01103	0.00242	0.13313	0.00811	0.00462	0.15485
6	0.01493	0.01201	0.01394	0.01378	0.05699	0.01157	0.00932	0.07109	0.09090	0.02533	0.04076	0.10322	0.19962	0.16906	0.01573	0.00364	0.00632	0.01218	0.00645	0.12316
7	0.13400	0.15671	0.09962	0.03002	0.20958	0.02188	0.18682	0.02500	0.01743	0.02636	0.01414	0.01787	0.01136	0.00716	0.00742	0.00240	0.01028	0.00676	0.00403	0.01116
8	0.02125	0.29170	0.02589	0.01422	0.01892	0.22377	0.01200	0.02372	0.01893	0.02116	0.02709	0.02804	0.13700	0.01029	0.00675	0.00206	0.00906	0.00745	0.09162	0.00909

[dist]
# distance from previous block
# <min> <max>
0	1

[block]
# block no. 8 follows, 23 sequences, length 102
# corresponding to MSA columns:
# 410-511
name=unknown_I
#
# <colnr> <probs for GDERKNQSTAVLIFYWHMCP>
#	G	D	E	R	K	N	Q	S	T	A	V	L	I	F	Y	W	H	M	C	P
0	0.02550	0.07220	0.18587	0.02062	0.02678	0.45281	0.01879	0.02953	0.02120	0.02186	0.04277	0.01729	0.01345	0.00851	0.00741	0.00221	0.01318	0.00581	0.00418	0.01002
1	0.08548	0.02067	0.01697	0.01529	0.01866	0.21912	0.01166	0.12259	0.02063	0.02589	0.02337	0.02936	0.07230	0.10146	0.17571	0.00555	0.01303	0.00812	0.00532	0.00882
2	0.01873	0.02064	0.04091	0.03030	0.03602	0.02183	0.44794	0.02403	0.01712	0.02403	0.01467	0.02064	0.01181	0.00907	0.01474	0.00298	0.22147	0.00883	0.00394	0.01032
3	0.01986	0.01906	0.03254	0.07951	0.63622	0.01922	0.02479	0.02471	0.01837	0.02624	0.01522	0.02015	0.01276	0.00727	0.00804	0.00242	0.00969	0.00723	0.00400	0.01268
4	0.03031	0.03867	0.02299	0.02090	0.02508	0.68226	0.01568	0.03240	0.02299	0.01986	0.01254	0.01463	0.01045	0.00836	0.00732	0.00209	0.01463	0.00523	0.00418	0.00941
5	0.01159	0.00869	0.01304	0.01304	0.01449	0.01014	0.01014	0.01449	0.01304	0.01884	0.02173	0.03188	0.02029	0.06086	0.68268	0.01304	0.02173	0.00869	0.00435	0.00724
6	0.01159	0.00869	0.01304	0.01304	0.01449	0.01014	0.01014	0.01449	0.01304	0.01884	0.02173	0.03188	0.02029	0.06086	0.68268	0.01304	0.02173	0.00869	0.00435	0.00724
7	0.00959	0.00822	0.00822	0.00822	0.01096	0.00685	0.00617	0.01165	0.01850	0.02192	0.08220	0.07809	0.66092	0.02055	0.00959	0.00274	0.00411	0.01713	0.00754	0.00685
8	0.00959	0.00822	0.00822	0.00822	0.01096	0.00685	0.00617	0.01165	0.01850	0.02192	0.08220	0.07809	0.66092	0.02055	0.00959	0.00274	0.00411	0.01713	0.00754	0.00685
9	0.01627	0.04197	0.67279	0.02313	0.03512	0.01884	0.02998	0.02570	0.01713	0.02570	0.01456	0.01713	0.01028	0.00771	0.00771	0.00257	0.01199	0.00600	0.00343	0.01199
10	0.01180	0.00787	0.00885	0.00885	0.00885	0.00787	0.00492	0.01180	0.01180	0.01573	0.02557	0.05310	0.02950	0.71483	0.04130	0.00787	0.00787	0.01180	0.00492	0.00492
11	0.02008	0.01928	0.03294	0.04981	0.66422	0.01928	0.02490	0.02490	0.01848	0.02651	0.01526	0.02008	0.01285	0.00723	0.00803	0.00241	0.00964	0.00723	0.00402	0.01285
12	0.03031	0.03867	0.02299	0.02090	0.02508	0.68226	0.01568	0.03240	0.02299	0.01986	0.01254	0.01463	0.01045	0.00836	0.00732	0.00209	0.01463	0.00523	0.00418	0.00941
13	0.00989	0.00794	0.00884	0.00923	0.01130	0.00688	0.00669	0.01200	0.01829	0.02290	0.14253	0.23385	0.43860	0.02129	0.00978	0.00286	0.00423	0.01832	0.00770	0.00688
14	0.00989	0.00706	0.00942	0.01130	0.01177	0.00659	0.00753	0.01130	0.01554	0.02071	0.04472	0.70954	0.05367	0.02542	0.01036	0.00330	0.00471	0.02307	0.00753	0.00659
15	0.01272	0.00897	0.01131	0.01101	0.01193	0.00967	0.00752	0.04581	0.01368	0.01882	0.02374	0.04299	0.02505	0.42062	0.29165	0.00961	0.01337	0.01034	0.00486	0.00630
16	0.02935	0.03627	0.02242	0.02023	0.02441	0.61381	0.01524	0.06178	0.02375	0.02209	0.04701	0.01730	0.01410	0.00886	0.00748	0.00213	0.01378	0.00583	0.00463	0.00953
17	0.01627	0.04197	0.67279	0.02313	0.03512	0.01884	0.02998	0.02570	0.01713	0.02570	0.01456	0.01713	0.01028	0.00771	0.00771	0.00257	0.01199	0.00600	0.00343	0.01199
18	0.02008	0.01928	0.03294	0.04981	0.66422	0.01928	0.02490	0.02490	0.01848	0.02651	0.01526	0.02008	0.01285	0.00723	0.00803	0.00241	0.00964	0.00723	0.00402	0.01285
19	0.02008	0.01928	0.03294	0.04981	0.66422	0.01928	0.02490	0.02490	0.01848	0.02651	0.01526	0.02008	0.01285	0.00723	0.00803	0.00241	0.00964	0.00723	0.00402	0.01285
20	0.02008	0.01928	0.03294	0.04981	0.66422	0.01928	0.02490	0.02490	0.01848	0.02651	0.01526	0.02008	0.01285	0.00723	0.00803	0.00241	0.00964	0.00723	0.00402	0.01285
21	0.01180	0.00787	0.00885	0.00885	0.00885	0.00787	0.00492	0.01180	0.01180	0.01573	0.02557	0.05310	0.02950	0.71483	0.04130	0.00787	0.00787	0.01180	0.00492	0.00492
22	0.02948	0.03734	0.02255	0.02055	0.02461	0.65227	0.01543	0.03160	0.02255	0.01981	0.01295	0.01540	0.01089	0.01070	0.03744	0.00258	0.01495	0.00538	0.00419	0.00931
23	0.03031	0.03867	0.02299	0.02090	0.02508	0.68226	0.01568	0.03240	0.02299	0.01986	0.01254	0.01463	0.01045	0.00836	0.00732	0.00209	0.01463	0.00523	0.00418	0.00941
24	0.00976	0.00756	0.00890	0.00996	0.01142	0.00670	0.00694	0.01145	0.01682	0.02124	0.06097	0.43575	0.31697	0.02331	0.01002	0.00305	0.00445	0.02049	0.00753	0.00670
25	0.01627	0.04197	0.67279	0.02313	0.03512	0.01884	0.02998	0.02570	0.01713	0.02570	0.01456	0.01713	0.01028	0.00771	0.00771	0.00257	0.01199	0.00600	0.00343	0.01199
26	0.00959	0.00822	0.00822	0.00822	0.01096	0.00685	0.00617	0.01165	0.01850	0.02192	0.08220	0.07809	0.66092	0.02055	0.00959	0.00274	0.00411	0.01713	0.00754	0.00685
27	0.01180	0.00787	0.00885	0.00885	0.00885	0.00787	0.00492	0.01180	0.01180	0.01573	0.02557	0.05310	0.02950	0.71483	0.04130	0.00787	0.00787	0.01180	0.00492	0.00492
28	0.01159	0.00869	0.01304	0.01304	0.01449	0.01014	0.01014	0.01449	0.01304	0.01884	0.02173	0.03188	0.02029	0.06086	0.68268	0.01304	0.02173	0.00869	0.00435	0.00724
29	0.01775	0.01775	0.02485	0.02130	0.02130	0.02485	0.01775	0.01953	0.01243	0.01953	0.01065	0.01775	0.01065	0.01420	0.02663	0.00355	0.69998	0.00710	0.00355	0.00888
30	0.00959	0.00822	0.00822	0.00822	0.01096	0.00685	0.00617	0.01165	0.01850	0.02192	0.08220	0.07809	0.66092	0.02055	0.00959	0.00274	0.00411	0.01713	0.00754	0.00685
