[name]
unknown

[dist]
# distance from previous block
# <min> <max>
0	44

[block]
# block no. 0 follows, 21 sequences, length 10
# corresponding to MSA columns:
# 44-53
name=unknown_A
#
# <colnr> <probs for GDERKNQSTAVLIFYWHMCP>
#	G	D	E	R	K	N	Q	S	T	A	V	L	I	F	Y	W	H	M	C	P
0	0.02627	0.01928	0.02143	0.01784	0.02298	0.02099	0.01457	0.43851	0.03341	0.04465	0.02808	0.13271	0.02589	0.01467	0.00935	0.00289	0.00847	0.09734	0.00832	0.01235
1	0.01960	0.37150	0.12713	0.02101	0.11606	0.02478	0.01764	0.02394	0.01857	0.02431	0.10792	0.02371	0.02211	0.01139	0.03538	0.00269	0.00959	0.00708	0.00462	0.01097
2	0.02133	0.12254	0.03376	0.04137	0.46057	0.02237	0.02250	0.02888	0.11079	0.02780	0.01817	0.02155	0.01497	0.00813	0.00802	0.00248	0.00945	0.00743	0.00479	0.01310
3	0.01606	0.01524	0.01709	0.01621	0.01793	0.11111	0.01270	0.01880	0.01514	0.02002	0.01961	0.02851	0.01822	0.04827	0.47288	0.01047	0.12081	0.00832	0.00441	0.00819
4	0.03235	0.02384	0.02554	0.01958	0.02639	0.02639	0.01618	0.61946	0.04001	0.05363	0.02043	0.02043	0.01447	0.01022	0.00851	0.00255	0.00936	0.00766	0.00851	0.01447
5	0.01115	0.00799	0.00939	0.01017	0.01090	0.00752	0.00648	0.01214	0.01523	0.01977	0.04582	0.31309	0.15530	0.30812	0.02430	0.00536	0.00621	0.01808	0.00675	0.00623
6	0.01707	0.04402	0.65683	0.02426	0.03683	0.01976	0.03144	0.02695	0.01797	0.02695	0.01527	0.01797	0.01078	0.00809	0.00809	0.00270	0.01258	0.00629	0.00359	0.01258
7	0.01280	0.00866	0.01018	0.01058	0.01280	0.00757	0.00763	0.01478	0.01856	0.08110	0.06485	0.33393	0.34011	0.02267	0.01026	0.00310	0.00485	0.01970	0.00815	0.00775
8	0.02549	0.01519	0.01835	0.01587	0.01963	0.07416	0.01271	0.02845	0.01907	0.28546	0.02533	0.02849	0.01928	0.03181	0.27027	0.00705	0.07718	0.00839	0.00697	0.01085
9	0.02999	0.03669	0.02322	0.02102	0.02527	0.56963	0.01589	0.06498	0.02403	0.02256	0.01446	0.01732	0.01212	0.01399	0.06934	0.00329	0.01571	0.00594	0.00463	0.00991

[dist]
# distance from previous block
# <min> <max>
0	1

[block]
# block no. 1 follows, 21 sequences, length 94
# corresponding to MSA columns:
# 55-148
name=unknown_B
#
# <colnr> <probs for GDERKNQSTAVLIFYWHMCP>
#	G	D	E	R	K	N	Q	S	T	A	V	L	I	F	Y	W	H	M	C	P
0	0.01864	0.01361	0.01505	0.01301	0.01583	0.01411	0.00925	0.17971	0.05696	0.02902	0.02584	0.08367	0.02625	0.36759	0.02645	0.00546	0.00807	0.01107	0.00644	0.07395
1	0.03102	0.02309	0.02481	0.01908	0.02585	0.02529	0.01571	0.56045	0.06339	0.05136	0.02071	0.02074	0.01484	0.01004	0.00839	0.00249	0.00908	0.00759	0.00832	0.05774
2	0.01786	0.03451	0.43022	0.02682	0.13767	0.01825	0.02650	0.02577	0.01815	0.02724	0.01537	0.01843	0.01158	0.00766	0.00781	0.00240	0.01097	0.00627	0.00397	0.15254
3	0.02930	0.03562	0.02339	0.02116	0.02539	0.52352	0.01605	0.03519	0.12707	0.02332	0.01671	0.01831	0.01353	0.00956	0.00890	0.00239	0.04877	0.00629	0.00508	0.01045
4	0.02355	0.64761	0.04280	0.01521	0.02223	0.08926	0.01473	0.02623	0.01789	0.02009	0.01195	0.01380	0.01092	0.00741	0.00565	0.00185	0.00965	0.00463	0.00371	0.01083
5	0.02106	0.02022	0.03454	0.05223	0.64784	0.02022	0.02612	0.02612	0.01938	0.02780	0.01601	0.02106	0.01348	0.00758	0.00842	0.00253	0.01011	0.00758	0.00421	0.01348
6	0.01046	0.00864	0.00918	0.00904	0.01174	0.00736	0.00678	0.01299	0.02035	0.02525	0.19908	0.07819	0.53011	0.02071	0.01005	0.00283	0.00425	0.01744	0.00820	0.00736
7	0.02382	0.46574	0.09366	0.01991	0.07557	0.15089	0.01735	0.02727	0.01881	0.02142	0.01273	0.01496	0.01113	0.00766	0.00635	0.00203	0.01067	0.00513	0.00382	0.01108
8	0.01037	0.00741	0.00987	0.01185	0.01234	0.00691	0.00790	0.01185	0.01629	0.02172	0.04690	0.69537	0.05629	0.02666	0.01086	0.00346	0.00494	0.02419	0.00790	0.00691
9	0.03179	0.04056	0.02412	0.02192	0.02631	0.66676	0.01644	0.03398	0.02412	0.02083	0.01315	0.01535	0.01096	0.00877	0.00767	0.00219	0.01535	0.00548	0.00438	0.00987
10	0.02275	0.70604	0.04459	0.01456	0.02184	0.03367	0.01456	0.02548	0.01729	0.02002	0.01183	0.01365	0.01092	0.00728	0.00546	0.00182	0.00910	0.00455	0.00364	0.01092
11	0.02365	0.01952	0.02064	0.01782	0.02308	0.02233	0.01407	0.17286	0.50078	0.03961	0.03148	0.02923	0.02342	0.01125	0.00863	0.00281	0.00732	0.00919	0.00863	0.01369
12	0.01019	0.00863	0.00880	0.00876	0.01158	0.00724	0.00657	0.01247	0.01971	0.02373	0.12304	0.08069	0.60709	0.02128	0.01006	0.00286	0.00429	0.01779	0.00800	0.00724
13	0.01628	0.01541	0.02557	0.62625	0.05562	0.01950	0.02322	0.02164	0.01669	0.02164	0.01480	0.02235	0.01133	0.00903	0.01011	0.00291	0.06687	0.00755	0.00378	0.00944
14	0.01984	0.02222	0.04611	0.03357	0.04071	0.02229	0.51510	0.02611	0.01889	0.02611	0.01619	0.02222	0.01262	0.00849	0.01309	0.00301	0.12854	0.00960	0.00421	0.01111
15	0.01216	0.00912	0.01368	0.01368	0.01520	0.01064	0.01064	0.01520	0.01368	0.01976	0.02279	0.03343	0.02127	0.06382	0.66720	0.01368	0.02279	0.00912	0.00456	0.00760
16	0.01188	0.00869	0.01115	0.01053	0.01261	0.00796	0.00790	0.01574	0.02370	0.03321	0.59745	0.06508	0.12677	0.01774	0.01004	0.00269	0.00404	0.01560	0.00925	0.00796
17	0.01037	0.00741	0.00987	0.01185	0.01234	0.00691	0.00790	0.01185	0.01629	0.02172	0.04690	0.69537	0.05629	0.02666	0.01086	0.00346	0.00494	0.02419	0.00790	0.00691
18	0.01238	0.00825	0.00928	0.00928	0.00928	0.00825	0.00516	0.01238	0.01238	0.01650	0.02681	0.05569	0.03094	0.70092	0.04331	0.00825	0.00825	0.01238	0.00516	0.00516
19	0.01110	0.00793	0.01072	0.01269	0.01350	0.00754	0.00917	0.01312	0.01702	0.02255	0.04650	0.56391	0.05468	0.02597	0.01106	0.00356	0.00557	0.14842	0.00789	0.00711
20	0.09634	0.02319	0.02440	0.01884	0.02552	0.02575	0.01556	0.56726	0.03777	0.05228	0.01968	0.01985	0.01401	0.01001	0.00823	0.00256	0.00912	0.00739	0.00823	0.01401
21	0.03179	0.04056	0.02412	0.02192	0.02631	0.66676	0.01644	0.03398	0.02412	0.02083	0.01315	0.01535	0.01096	0.00877	0.00767	0.00219	0.01535	0.00548	0.00438	0.00987
22	0.01910	0.18376	0.36506	0.02514	0.03553	0.02327	0.17974	0.02671	0.01837	0.02551	0.01502	0.01832	0.01136	0.00767	0.00802	0.00255	0.01227	0.00688	0.00379	0.01193
23	0.01037	0.00741	0.00987	0.01185	0.01234	0.00691	0.00790	0.01185	0.01629	0.02172	0.04690	0.69537	0.05629	0.02666	0.01086	0.00346	0.00494	0.02419	0.00790	0.00691
24	0.01586	0.00793	0.00793	0.00793	0.00991	0.00793	0.00595	0.01983	0.01785	0.03173	0.02776	0.03173	0.02181	0.00991	0.00595	0.00198	0.00397	0.00793	0.74817	0.00793
25	0.03263	0.02338	0.02526	0.01937	0.02617	0.02572	0.01600	0.59150	0.03925	0.08266	0.02107	0.02084	0.01479	0.01023	0.00852	0.00256	0.00926	0.00771	0.00861	0.01447
26	0.01952	0.01851	0.03142	0.20311	0.47643	0.01943	0.02496	0.02467	0.01881	0.02623	0.01710	0.02483	0.01456	0.00852	0.00859	0.00266	0.01031	0.03381	0.00427	0.01225
27	0.01758	0.04043	0.55359	0.02623	0.03813	0.02006	0.13109	0.02700	0.01833	0.02700	0.01560	0.01882	0.01114	0.00793	0.00842	0.00272	0.01288	0.00693	0.00371	0.01239
28	0.01025	0.00863	0.00889	0.00883	0.01161	0.00727	0.00662	0.01259	0.01986	0.02409	0.14116	0.08009	0.58875	0.02114	0.01006	0.00285	0.00428	0.01771	0.00805	0.00727
29	0.30573	0.09029	0.10045	0.01750	0.02349	0.28482	0.01541	0.02896	0.01910	0.02810	0.01281	0.01495	0.01027	0.00822	0.00662	0.00239	0.01113	0.00517	0.00456	0.01005
30	0.07168	0.46161	0.14769	0.01696	0.02468	0.10858	0.01741	0.02676	0.01807	0.02254	0.01260	0.01463	0.01079	0.00765	0.00618	0.00207	0.01032	0.00498	0.00383	0.01097
31	0.02178	0.22356	0.14772	0.01944	0.04943	0.11703	0.01775	0.03179	0.18715	0.02694	0.06082	0.02325	0.01970	0.00949	0.00757	0.00242	0.00972	0.00724	0.00551	0.01169
32	0.01078	0.00859	0.00966	0.00951	0.01197	0.00747	0.00709	0.01356	0.02092	0.02689	0.28248	0.10361	0.41678	0.02031	0.01009	0.00283	0.00423	0.01733	0.00842	0.00747
33	0.01216	0.00912	0.01368	0.01368	0.01520	0.01064	0.01064	0.01520	0.01368	0.01976	0.02279	0.03343	0.02127	0.06382	0.66720	0.01368	0.02279	0.00912	0.00456	0.00760
34	0.01176	0.00869	0.01099	0.01041	0.01254	0.00791	0.00781	0.01552	0.02343	0.03256	0.56478	0.06615	0.15985	0.01798	0.01004	0.00270	0.00406	0.01575	0.00916	0.00791
35	0.03179	0.04056	0.02412	0.02192	0.02631	0.66676	0.01644	0.03398	0.02412	0.02083	0.01315	0.01535	0.01096	0.00877	0.00767	0.00219	0.01535	0.00548	0.00438	0.00987
36	0.01862	0.01862	0.02607	0.02234	0.02234	0.02607	0.01862	0.02048	0.01303	0.02048	0.01117	0.01862	0.01117	0.01489	0.02793	0.00372	0.68535	0.00745	0.00372	0.00931
37	0.01006	0.00862	0.00862	0.00862	0.01149	0.00718	0.00647	0.01221	0.01940	0.02299	0.08621	0.08190	0.64438	0.02155	0.01006	0.00287	0.00431	0.01796	0.00790	0.00718
38	0.01586	0.00793	0.00793	0.00793	0.00991	0.00793	0.00595	0.01983	0.01785	0.03173	0.02776	0.03173	0.02181	0.00991	0.00595	0.00198	0.00397	0.00793	0.74817	0.00793
39	0.01068	0.00777	0.01007	0.01135	0.01235	0.00716	0.00781	0.01272	0.01811	0.02432	0.16976	0.51812	0.10955	0.02438	0.01063	0.00325	0.00470	0.02191	0.00819	0.00716
40	0.02117	0.01828	0.01924	0.01732	0.02213	0.02117	0.01347	0.04522	0.63246	0.03560	0.03464	0.03175	0.02598	0.01155	0.00866	0.00289	0.00673	0.00962	0.00866	0.01347
41	0.01765	0.01513	0.01765	0.01260	0.02017	0.01134	0.01008	0.02143	0.01765	0.02773	0.01513	0.01765	0.01260	0.00630	0.00630	0.00126	0.00630	0.00504	0.00504	0.75295
42	0.16079	0.27410	0.11565	0.01844	0.07775	0.02362	0.01616	0.05167	0.01812	0.02794	0.01363	0.01593	0.01126	0.00750	0.00633	0.00209	0.00871	0.00529	0.00445	0.14057
43	0.02822	0.23772	0.07243	0.01934	0.02568	0.29270	0.01681	0.15937	0.02514	0.02818	0.01449	0.01612	0.01171	0.00859	0.00722	0.00219	0.01197	0.00573	0.00501	0.01137
44	0.02082	0.11636	0.32223	0.02805	0.13961	0.11667	0.05197	0.02734	0.01887	0.02505	0.01455	0.01786	0.01141	0.00832	0.00889	0.00255	0.04725	0.00642	0.00386	0.01192
45	0.01019	0.00810	0.00916	0.01001	0.01186	0.00707	0.00708	0.01206	0.01806	0.02244	0.06924	0.34668	0.39055	0.02376	0.01040	0.00313	0.00458	0.02065	0.00790	0.00707
46	0.02315	0.01817	0.01935	0.01630	0.02142	0.01985	0.01308	0.27901	0.22392	0.04004	0.04037	0.04052	0.15768	0.01365	0.00903	0.00278	0.00736	0.03363	0.00840	0.01229
47	0.02374	0.02653	0.02715	0.22840	0.20311	0.27170	0.02109	0.02863	0.04503	0.02357	0.01538	0.01975	0.01236	0.00848	0.00817	0.00250	0.01239	0.00684	0.00433	0.01086
48	0.03010	0.27530	0.03123	0.01679	0.02364	0.04985	0.01475	0.24551	0.02742	0.17681	0.01997	0.01967	0.01453	0.00915	0.00736	0.00229	0.00901	0.00663	0.00701	0.01299
49	0.01238	0.00825	0.00928	0.00928	0.00928	0.00825	0.00516	0.01238	0.01238	0.01650	0.02681	0.05569	0.03094	0.70092	0.04331	0.00825	0.00825	0.01238	0.00516	0.00516
50	0.01119	0.00800	0.01079	0.01261	0.01350	0.00760	0.00916	0.01334	0.01746	0.02326	0.08149	0.52922	0.05612	0.02544	0.01101	0.00351	0.00551	0.14566	0.00797	0.00718
51	0.03130	0.02060	0.02467	0.02237	0.10251	0.02177	0.01627	0.35119	0.08956	0.19399	0.02440	0.02364	0.01703	0.01009	0.00853	0.00260	0.00870	0.00805	0.00848	0.01426
52	0.01218	0.00905	0.01331	0.01331	0.01471	0.01044	0.01019	0.01496	0.01357	0.01949	0.02313	0.03527	0.02207	0.11631	0.61580	0.01323	0.02160	0.00939	0.00461	0.00740
53	0.03362	0.01448	0.01895	0.01504	0.02099	0.01327	0.01224	0.03974	0.10521	0.51711	0.08726	0.03237	0.02692	0.01127	0.00870	0.00267	0.00689	0.00930	0.01018	0.01378
54	0.02478	0.06857	0.28611	0.02234	0.03025	0.33946	0.02241	0.03131	0.05297	0.02409	0.01509	0.01721	0.01167	0.00857	0.00780	0.00242	0.01349	0.00599	0.00425	0.01122
55	0.05433	0.08190	0.35840	0.02609	0.08728	0.14303	0.07895	0.02805	0.01924	0.02594	0.01473	0.01772	0.01118	0.00803	0.00791	0.00254	0.01254	0.00640	0.00394	0.01178
56	0.02919	0.03658	0.02234	0.02039	0.02453	0.58452	0.01529	0.03149	0.02380	0.02175	0.05494	0.02257	0.05690	0.01012	0.00797	0.00227	0.01395	0.00689	0.00491	0.00958
57	0.06269	0.66874	0.04286	0.01438	0.02155	0.03288	0.01427	0.02546	0.01714	0.02100	0.01183	0.01366	0.01083	0.00731	0.00545	0.00186	0.00896	0.00455	0.00373	0.01083
58	0.01110	0.00793	0.01072	0.01269	0.01350	0.00754	0.00917	0.01312	0.01702	0.02255	0.04650	0.56391	0.05468	0.02597	0.01106	0.00356	0.00557	0.14842	0.00789	0.00711
59	0.03119	0.08455	0.02547	0.02144	0.02601	0.62491	0.01632	0.03342	0.02367	0.02077	0.01307	0.01523	0.01096	0.00867	0.00753	0.00217	0.01493	0.00542	0.00434	0.00994
60	0.01019	0.00852	0.00887	0.00900	0.01163	0.00721	0.00667	0.01238	0.01939	0.02347	0.11199	0.13148	0.56656	0.02176	0.01012	0.00291	0.00435	0.01834	0.00798	0.00721
61	0.01238	0.00825	0.00928	0.00928	0.00928	0.00825	0.00516	0.01238	0.01238	0.01650	0.02681	0.05569	0.03094	0.70092	0.04331	0.00825	0.00825	0.01238	0.00516	0.00516
62	0.01808	0.01738	0.03010	0.42004	0.26940	0.01952	0.05662	0.02361	0.01803	0.02422	0.01556	0.02212	0.01220	0.00810	0.00856	0.00273	0.01106	0.00770	0.00396	0.01101
63	0.01092	0.00834	0.01003	0.01027	0.01219	0.00745	0.00745	0.01364	0.02046	0.02706	0.29578	0.23108	0.27212	0.02122	0.01025	0.00294	0.00435	0.01854	0.00848	0.00745
64	0.01216	0.00912	0.01368	0.01368	0.01520	0.01064	0.01064	0.01520	0.01368	0.01976	0.02279	0.03343	0.02127	0.06382	0.66720	0.01368	0.02279	0.00912	0.00456	0.00760
65	0.02651	0.02868	0.02876	0.06875	0.29054	0.28478	0.02087	0.09873	0.02361	0.02767	0.01532	0.01874	0.01246	0.00842	0.00813	0.00241	0.01222	0.00673	0.00477	0.01191
66	0.03115	0.02776	0.02457	0.01999	0.02597	0.19622	0.01599	0.40954	0.09170	0.04321	0.01984	0.02015	0.01462	0.00996	0.00830	0.00249	0.01071	0.00727	0.00743	0.01315
67	0.01707	0.04402	0.65683	0.02426	0.03683	0.01976	0.03144	0.02695	0.01797	0.02695	0.01527	0.01797	0.01078	0.00809	0.00809	0.00270	0.01258	0.00629	0.00359	0.01258
68	0.01743	0.04188	0.60101	0.02677	0.09164	0.01980	0.03096	0.02688	0.01809	0.02703	0.01534	0.01824	0.01102	0.00804	0.00812	0.00268	0.01236	0.00640	0.00365	0.01266
69	0.01923	0.28088	0.41315	0.02123	0.03175	0.02483	0.04842	0.02644	0.01781	0.02448	0.01411	0.01661	0.01091	0.00776	0.00722	0.00239	0.01140	0.00581	0.00364	0.01194
70	0.01586	0.00793	0.00793	0.00793	0.00991	0.00793	0.00595	0.01983	0.01785	0.03173	0.02776	0.03173	0.02181	0.00991	0.00595	0.00198	0.00397	0.00793	0.74817	0.00793
71	0.01184	0.01544	0.15177	0.01457	0.01771	0.00973	0.01306	0.01516	0.01666	0.02287	0.03997	0.54679	0.04630	0.02259	0.01025	0.00329	0.00661	0.02027	0.00696	0.00815
72	0.02074	0.02112	0.03970	0.04685	0.44926	0.02065	0.22056	0.02649	0.01961	0.02762	0.01641	0.02169	0.01329	0.00745	0.00896	0.00264	0.01150	0.00839	0.00424	0.01282
73	0.03014	0.03743	0.02572	0.02659	0.12197	0.56724	0.01793	0.03277	0.02339	0.02190	0.01359	0.01623	0.01135	0.00859	0.00779	0.00224	0.01454	0.00580	0.00436	0.01042
74	0.01118	0.00788	0.01008	0.01103	0.01175	0.00746	0.00733	0.01291	0.01718	0.02336	0.17627	0.41336	0.05611	0.17247	0.01779	0.00433	0.00546	0.01963	0.00763	0.00678
75	0.02106	0.02022	0.03454	0.05223	0.64784	0.02022	0.02612	0.02612	0.01938	0.02780	0.01601	0.02106	0.01348	0.00758	0.00842	0.00253	0.01011	0.00758	0.00421	0.01348
76	0.01219	0.00897	0.01293	0.01293	0.01419	0.01023	0.00970	0.01472	0.01346	0.01920	0.02348	0.03722	0.02292	0.17225	0.56102	0.01275	0.02032	0.00967	0.00466	0.00718
77	0.03818	0.01448	0.01975	0.01514	0.02172	0.01251	0.01251	0.04147	0.02436	0.65373	0.03357	0.02897	0.02107	0.01053	0.00856	0.00263	0.00724	0.00856	0.01053	0.01448
78	0.01023	0.00863	0.00886	0.00880	0.01160	0.00726	0.00660	0.01255	0.01981	0.02397	0.13513	0.08029	0.59485	0.02119	0.01006	0.00286	0.00428	0.01773	0.00803	0.00726
79	0.01711	0.02869	0.29913	0.02510	0.03351	0.01786	0.23383	0.02386	0.01749	0.02477	0.01849	0.02801	0.01596	0.15972	0.01651	0.00398	0.01226	0.00896	0.00419	0.01056
80	0.01034	0.00751	0.00976	0.01157	0.01227	0.00694	0.00777	0.01188	0.01657	0.02184	0.05036	0.64150	0.10793	0.02621	0.01079	0.00340	0.00488	0.02365	0.00790	0.00694
81	0.02217	0.02341	0.03001	0.20224	0.36459	0.16170	0.02338	0.02675	0.01983	0.02476	0.01516	0.02021	0.01240	0.00807	0.00828	0.00253	0.01157	0.00712	0.00414	0.01168
82	0.02194	0.03095	0.31751	0.02620	0.13596	0.01966	0.02398	0.13889	0.02271	0.06899	0.01743	0.01957	0.01276	0.00833	0.00804	0.00246	0.01048	0.00675	0.00521	0.10220
83	0.06927	0.03006	0.05064	0.02508	0.11897	0.26863	0.01799	0.25237	0.02863	0.03540	0.01633	0.01813	0.01256	0.00906	0.00799	0.00242	0.01173	0.00660	0.00593	0.01221
84	0.02244	0.67023	0.07772	0.01509	0.02265	0.03292	0.01547	0.02556	0.01733	0.02040	0.01202	0.01388	0.01091	0.00732	0.00560	0.00187	0.00929	0.00464	0.00364	0.01101
85	0.01110	0.00831	0.01004	0.01028	0.01197	0.00754	0.00730	0.01360	0.01976	0.02631	0.28241	0.22551	0.22741	0.08354	0.01330	0.00344	0.00472	0.01803	0.00821	0.00725
86	0.02588	0.01904	0.03042	0.04131	0.45938	0.01871	0.02223	0.06464	0.02180	0.18128	0.02053	0.02294	0.01538	0.00845	0.00846	0.00255	0.00937	0.00782	0.00600	0.01378
87	0.11871	0.09555	0.07992	0.02479	0.10813	0.29699	0.05754	0.07431	0.02208	0.02725	0.01423	0.01685	0.01145	0.00831	0.00752	0.00237	0.01223	0.00609	0.00464	0.01104
88	0.04431	0.01206	0.01362	0.01305	0.01560	0.01255	0.00956	0.10999	0.10342	0.03003	0.10798	0.28470	0.09568	0.09145	0.01327	0.00358	0.00611	0.01618	0.00787	0.00900
89	0.15406	0.02448	0.02513	0.09352	0.19567	0.18064	0.01833	0.12857	0.02316	0.05628	0.01593	0.01876	0.01237	0.00859	0.00772	0.00250	0.01068	0.00660	0.00537	0.01165
90	0.02028	0.01887	0.05573	0.19074	0.25165	0.01941	0.02125	0.13528	0.02167	0.02980	0.01775	0.02330	0.01435	0.01790	0.12056	0.00451	0.01254	0.00779	0.00495	0.01165
91	0.02417	0.02451	0.02649	0.08122	0.25967	0.20939	0.01932	0.06647	0.02178	0.04962	0.01828	0.06979	0.01605	0.00961	0.00824	0.00243	0.01091	0.00804	0.00509	0.06892
92	0.02137	0.02803	0.14642	0.02734	0.14435	0.17120	0.07978	0.02635	0.01925	0.02490	0.01547	0.01965	0.01269	0.01260	0.06173	0.00327	0.04782	0.00681	0.00428	0.12671
93	0.10427	0.06763	0.15822	0.01831	0.05553	0.08751	0.01614	0.02175	0.01715	0.02481	0.02285	0.17232	0.02288	0.02166	0.12029	0.00455	0.01160	0.01043	0.00510	0.03701

[dist]
# distance from previous block
# <min> <max>
0	19

[block]
# block no. 2 follows, 21 sequences, length 16
# corresponding to MSA columns:
# 168-183
name=unknown_C
#
# <colnr> <probs for GDERKNQSTAVLIFYWHMCP>
#	G	D	E	R	K	N	Q	S	T	A	V	L	I	F	Y	W	H	M	C	P
0	0.13891	0.02528	0.12515	0.04777	0.02392	0.17164	0.01539	0.02784	0.11423	0.02783	0.03106	0.03162	0.13252	0.01138	0.00793	0.00261	0.00940	0.00866	0.03668	0.01017
1	0.02162	0.03142	0.24129	0.03119	0.19202	0.12935	0.08395	0.07066	0.02111	0.02781	0.01761	0.06027	0.01477	0.00927	0.00850	0.00262	0.01188	0.00806	0.00458	0.01204
2	0.02002	0.14071	0.12746	0.02011	0.08693	0.16030	0.01617	0.02373	0.01925	0.02367	0.11371	0.03114	0.02568	0.13973	0.01451	0.00346	0.01020	0.00851	0.00503	0.00970
3	0.02126	0.06694	0.06976	0.02486	0.15809	0.23861	0.01679	0.02453	0.02016	0.02316	0.02824	0.15960	0.08676	0.01328	0.00862	0.00260	0.01038	0.01099	0.00531	0.01005
4	0.02830	0.02539	0.02527	0.12532	0.09336	0.18760	0.01797	0.23938	0.06523	0.08076	0.01913	0.02086	0.01417	0.00942	0.00830	0.00253	0.01096	0.00726	0.00645	0.01235
5	0.01949	0.01828	0.02309	0.01843	0.02367	0.08318	0.12510	0.12201	0.02234	0.02902	0.03304	0.06232	0.14445	0.01908	0.09739	0.00397	0.01103	0.01045	0.00606	0.12759
6	0.01082	0.00805	0.01019	0.01173	0.01297	0.00742	0.00848	0.01283	0.01749	0.02258	0.05534	0.46653	0.18558	0.02504	0.01082	0.00340	0.00525	0.11049	0.00789	0.00712
7	0.01075	0.00784	0.01015	0.01152	0.01256	0.00725	0.00804	0.01280	0.01796	0.02393	0.14213	0.50645	0.12108	0.02456	0.01069	0.00330	0.00487	0.04883	0.00812	0.00715
8	0.02424	0.02565	0.02213	0.01965	0.02299	0.26065	0.01541	0.09104	0.11598	0.02629	0.01848	0.02214	0.01544	0.01990	0.12367	0.00459	0.14861	0.00736	0.00538	0.01041
9	0.02832	0.03124	0.02293	0.02121	0.05482	0.39068	0.01560	0.14921	0.07136	0.02904	0.02397	0.02481	0.07910	0.01054	0.00820	0.00240	0.01211	0.00763	0.00588	0.01095
10	0.01122	0.00799	0.00986	0.01074	0.01140	0.00775	0.00700	0.01237	0.01497	0.01980	0.04164	0.34220	0.10553	0.27318	0.07977	0.00602	0.00763	0.01795	0.00662	0.00637
11	0.01988	0.01916	0.03171	0.14443	0.45067	0.02101	0.02446	0.02449	0.01794	0.02562	0.01505	0.02090	0.01276	0.00896	0.01174	0.00278	0.12467	0.00756	0.00406	0.01215
12	0.02856	0.03344	0.02668	0.02947	0.18749	0.43776	0.01881	0.06220	0.05064	0.02496	0.01522	0.01782	0.01246	0.00866	0.00795	0.00233	0.01330	0.00632	0.00474	0.01120
13	0.02986	0.03415	0.02630	0.02726	0.14316	0.44608	0.01822	0.12315	0.02569	0.02722	0.01482	0.01721	0.01198	0.00877	0.00794	0.00231	0.01344	0.00621	0.00499	0.01126
14	0.01048	0.00817	0.00952	0.01016	0.01200	0.00721	0.00725	0.01267	0.01895	0.02424	0.15760	0.31101	0.33470	0.02284	0.01036	0.00306	0.00450	0.01992	0.00813	0.00721
15	0.01757	0.01603	0.02458	0.06558	0.34992	0.01616	0.01859	0.02392	0.08176	0.02846	0.12685	0.03910	0.13184	0.01191	0.00898	0.00266	0.00790	0.01075	0.00606	0.01137

[dist]
# distance from previous block
# <min> <max>
0	5

[block]
# block no. 3 follows, 21 sequences, length 15
# corresponding to MSA columns:
# 189-203
name=unknown_D
#
# <colnr> <probs for GDERKNQSTAVLIFYWHMCP>
#	G	D	E	R	K	N	Q	S	T	A	V	L	I	F	Y	W	H	M	C	P
0	0.01944	0.10995	0.03299	0.16511	0.23152	0.04720	0.10343	0.02409	0.01792	0.02388	0.01583	0.02170	0.01328	0.01444	0.08338	0.00385	0.04929	0.00760	0.00408	0.01101
1	0.25198	0.06244	0.02241	0.01868	0.05067	0.17816	0.01437	0.21438	0.05186	0.03728	0.01602	0.01735	0.01229	0.00894	0.00716	0.00246	0.00986	0.00612	0.00608	0.01149
2	0.02586	0.13449	0.12536	0.02749	0.16981	0.15883	0.02056	0.18041	0.02514	0.03166	0.01580	0.01810	0.01241	0.00854	0.00778	0.00238	0.01123	0.00650	0.00517	0.01245
3	0.02305	0.07233	0.29612	0.02008	0.02865	0.02120	0.02140	0.23233	0.02553	0.06381	0.02038	0.06673	0.01656	0.04201	0.00990	0.00290	0.01028	0.00826	0.00599	0.01250
4	0.01057	0.00811	0.00945	0.01018	0.01178	0.00725	0.00709	0.01246	0.01804	0.02306	0.12084	0.32521	0.30131	0.07860	0.01309	0.00353	0.00486	0.01976	0.00782	0.00699
5	0.02589	0.02698	0.02149	0.01919	0.02398	0.26262	0.01476	0.07996	0.36510	0.03131	0.02565	0.02486	0.01959	0.01042	0.00828	0.00260	0.01013	0.00794	0.00705	0.01219
6	0.01059	0.00804	0.00984	0.01115	0.01258	0.00729	0.00799	0.01254	0.01765	0.02251	0.05977	0.43293	0.25072	0.02466	0.01068	0.00331	0.00501	0.07775	0.00789	0.00709
7	0.02376	0.37301	0.18762	0.01857	0.02663	0.13026	0.01910	0.08552	0.02077	0.02513	0.01372	0.01563	0.01124	0.00800	0.00675	0.00216	0.01096	0.00542	0.00423	0.01150
8	0.02081	0.48011	0.25354	0.01787	0.02696	0.02893	0.02032	0.02598	0.01752	0.02239	0.01301	0.01512	0.01087	0.00756	0.00636	0.00212	0.01029	0.00514	0.00362	0.01149
9	0.01034	0.00753	0.00975	0.01153	0.01226	0.00694	0.00776	0.01189	0.01660	0.02185	0.05076	0.63512	0.11404	0.02616	0.01078	0.00340	0.00488	0.02358	0.00790	0.00694
10	0.01216	0.00912	0.01368	0.01368	0.01520	0.01064	0.01064	0.01520	0.01368	0.01976	0.02279	0.03343	0.02127	0.06382	0.66720	0.01368	0.02279	0.00912	0.00456	0.00760
11	0.09305	0.01834	0.02968	0.23446	0.41042	0.01972	0.02370	0.02471	0.01819	0.02704	0.01533	0.02083	0.01242	0.00789	0.00814	0.00263	0.01013	0.00728	0.00419	0.01186
12	0.02621	0.37076	0.03537	0.02126	0.08579	0.28652	0.01646	0.02896	0.02024	0.02112	0.01278	0.01507	0.01119	0.00791	0.00664	0.00204	0.01171	0.00523	0.00400	0.01075
13	0.01137	0.00867	0.01044	0.01000	0.01230	0.00774	0.00750	0.01475	0.02249	0.03034	0.45397	0.06980	0.27203	0.01881	0.01004	0.00274	0.00412	0.01626	0.00887	0.00774
14	0.01470	0.01273	0.01815	0.01657	0.01794	0.01595	0.01333	0.01738	0.01370	0.02049	0.01835	0.02740	0.01729	0.04358	0.40827	0.00951	0.24789	0.00830	0.00430	0.05415

[dist]
# distance from previous block
# <min> <max>
0	1

[block]
# block no. 4 follows, 21 sequences, length 84
# corresponding to MSA columns:
# 205-288
name=unknown_E
#
# <colnr> <probs for GDERKNQSTAVLIFYWHMCP>
#	G	D	E	R	K	N	Q	S	T	A	V	L	I	F	Y	W	H	M	C	P
0	0.01945	0.17673	0.28521	0.02530	0.10321	0.02224	0.08889	0.06274	0.01946	0.02680	0.01808	0.08057	0.01579	0.00960	0.00806	0.00257	0.01083	0.00822	0.00446	0.01180
1	0.02338	0.05501	0.10595	0.03170	0.24012	0.22411	0.02125	0.02852	0.04648	0.02515	0.04330	0.02073	0.01557	0.00929	0.00991	0.00255	0.07386	0.00707	0.00454	0.01150
2	0.01825	0.06751	0.48773	0.02362	0.03415	0.06581	0.06513	0.02655	0.01866	0.02610	0.01784	0.02511	0.01446	0.00946	0.00841	0.00275	0.01230	0.06027	0.00409	0.01181
3	0.01220	0.00895	0.01284	0.01284	0.01407	0.01018	0.00959	0.01466	0.01343	0.01913	0.02356	0.03768	0.02312	0.18550	0.54805	0.01264	0.02002	0.00974	0.00467	0.00713
4	0.02165	0.30234	0.31612	0.02009	0.02929	0.12879	0.02244	0.02750	0.01869	0.02326	0.01359	0.01586	0.01086	0.00788	0.00699	0.00227	0.01166	0.00548	0.00374	0.01150
5	0.02172	0.07163	0.02660	0.06942	0.25160	0.18304	0.01838	0.02645	0.04534	0.02674	0.14750	0.02853	0.02706	0.01014	0.00837	0.00246	0.01003	0.00855	0.00545	0.01099
6	0.01029	0.00772	0.00956	0.01103	0.01213	0.00698	0.00753	0.01194	0.01708	0.02205	0.05690	0.53932	0.20588	0.02536	0.01066	0.00331	0.00478	0.02261	0.00790	0.00698
7	0.01723	0.01187	0.01685	0.02046	0.13590	0.01157	0.01252	0.02183	0.07512	0.11004	0.06360	0.38837	0.04159	0.01905	0.00985	0.00308	0.00636	0.01719	0.00768	0.00984
8	0.02685	0.02991	0.02906	0.03584	0.31509	0.32057	0.02092	0.07219	0.02305	0.02641	0.01500	0.01837	0.01238	0.00832	0.00808	0.00237	0.01249	0.00661	0.00460	0.01187
9	0.01041	0.00761	0.00979	0.01142	0.01226	0.00699	0.00774	0.01208	0.01701	0.02243	0.07822	0.59512	0.12635	0.02565	0.01073	0.00335	0.00482	0.02307	0.00797	0.00699
10	0.01997	0.02002	0.03629	0.13406	0.38179	0.02075	0.16138	0.02537	0.01876	0.02631	0.01582	0.02155	0.01289	0.00814	0.01020	0.00273	0.05954	0.00814	0.00414	0.01216
11	0.01042	0.00851	0.00878	0.00887	0.01120	0.00733	0.00633	0.01222	0.01820	0.02195	0.07547	0.10541	0.52534	0.12446	0.01512	0.00371	0.00493	0.01740	0.00749	0.00687
12	0.02395	0.51791	0.09713	0.01686	0.02408	0.15330	0.01648	0.02724	0.01866	0.02081	0.01240	0.01437	0.01092	0.00764	0.00613	0.00197	0.01061	0.00489	0.00378	0.01087
13	0.01777	0.03380	0.40324	0.02399	0.03442	0.01871	0.12962	0.02569	0.01808	0.02690	0.01542	0.01881	0.01152	0.00786	0.00888	0.00249	0.03840	0.00676	0.00400	0.15365
14	0.04990	0.10820	0.20519	0.02125	0.02676	0.06555	0.02102	0.07915	0.01817	0.02602	0.01341	0.01762	0.01125	0.01099	0.01574	0.00296	0.28510	0.00656	0.00422	0.01093
15	0.01823	0.01551	0.01630	0.01492	0.01891	0.01731	0.01137	0.03589	0.45821	0.03143	0.04377	0.04354	0.14454	0.07702	0.01212	0.00338	0.00641	0.01147	0.00819	0.01150
16	0.01110	0.00845	0.01150	0.01439	0.05769	0.00789	0.00905	0.01291	0.01685	0.02229	0.04889	0.58162	0.11605	0.02475	0.01060	0.00333	0.00524	0.02234	0.00764	0.00741
17	0.02201	0.02287	0.02857	0.27675	0.26927	0.15915	0.02269	0.05176	0.02041	0.02517	0.01526	0.02041	0.01219	0.00829	0.00830	0.00257	0.01166	0.00713	0.00428	0.01126
18	0.01719	0.02815	0.30516	0.02254	0.05575	0.01758	0.08506	0.02770	0.12735	0.02985	0.14004	0.03285	0.02858	0.01097	0.00893	0.00279	0.00981	0.03226	0.00586	0.01160
19	0.01118	0.00866	0.01017	0.00980	0.01218	0.00766	0.00735	0.01438	0.02204	0.02927	0.40030	0.07157	0.32638	0.01921	0.01005	0.00276	0.00414	0.01651	0.00873	0.00766
20	0.02062	0.01977	0.03375	0.10744	0.59606	0.02010	0.02590	0.02573	0.01917	0.02727	0.01593	0.02121	0.01329	0.00766	0.00843	0.00255	0.01022	0.00758	0.00417	0.01313
21	0.02295	0.02323	0.03220	0.07316	0.50226	0.11805	0.02413	0.05242	0.02087	0.02759	0.01573	0.02024	0.01305	0.00791	0.00832	0.00249	0.01092	0.00727	0.00440	0.01280
22	0.02109	0.01887	0.01893	0.01724	0.02175	0.05726	0.01329	0.04246	0.55854	0.03387	0.03418	0.07287	0.02704	0.01234	0.00874	0.00288	0.00711	0.01031	0.00837	0.01285
23	0.02048	0.02724	0.16792	0.07745	0.24932	0.08042	0.14180	0.02647	0.01895	0.02584	0.01534	0.02014	0.01222	0.00842	0.01032	0.00272	0.07136	0.00758	0.00404	0.01194
24	0.01075	0.00757	0.00976	0.01136	0.01176	0.00717	0.00738	0.01195	0.01554	0.02073	0.04307	0.57320	0.05144	0.15543	0.01706	0.00437	0.00557	0.02194	0.00738	0.00658
25	0.01218	0.00904	0.01327	0.01327	0.01465	0.01042	0.01013	0.01494	0.01356	0.01946	0.02317	0.03548	0.02217	0.12257	0.60968	0.01318	0.02145	0.00942	0.00461	0.00737
26	0.02025	0.01920	0.03164	0.15291	0.49270	0.02009	0.02454	0.02716	0.07551	0.02752	0.01758	0.02232	0.01428	0.00810	0.00846	0.00261	0.01000	0.00777	0.00455	0.01281
27	0.02794	0.02586	0.02589	0.02660	0.15906	0.17936	0.01775	0.28789	0.05389	0.03735	0.01996	0.06256	0.01652	0.01039	0.00844	0.00253	0.01059	0.00824	0.00655	0.01262
28	0.01236	0.00833	0.00966	0.00966	0.00980	0.00846	0.00563	0.01262	0.01249	0.01678	0.02646	0.05375	0.03010	0.64543	0.09765	0.00872	0.00952	0.01209	0.00510	0.00537
29	0.01024	0.00863	0.00887	0.00881	0.01161	0.00726	0.00661	0.01257	0.01983	0.02402	0.13758	0.08021	0.59237	0.02117	0.01006	0.00286	0.00428	0.01772	0.00804	0.00726
30	0.01950	0.01863	0.03172	0.24873	0.46354	0.01981	0.02534	0.02475	0.01864	0.02591	0.01573	0.02157	0.01281	0.00787	0.00845	0.00262	0.01050	0.00758	0.00408	0.01222
31	0.02368	0.51116	0.11281	0.01700	0.02439	0.14355	0.01687	0.02715	0.01857	0.02098	0.01247	0.01446	0.01091	0.00764	0.00616	0.00199	0.01061	0.00492	0.00377	0.01093
32	0.01032	0.00870	0.00899	0.00913	0.01193	0.00737	0.00698	0.01260	0.01941	0.02317	0.08327	0.08291	0.60181	0.02169	0.01018	0.00295	0.00456	0.05890	0.00790	0.00723
33	0.01807	0.01679	0.02791	0.18082	0.38686	0.01767	0.02226	0.02284	0.01835	0.02532	0.02232	0.03050	0.05362	0.01472	0.06947	0.00372	0.01107	0.04175	0.00458	0.01136
34	0.02972	0.03280	0.02656	0.02762	0.15350	0.39664	0.01836	0.15838	0.02657	0.02932	0.01530	0.01761	0.01223	0.00884	0.00801	0.00234	0.01299	0.00638	0.00524	0.01160
35	0.01069	0.00783	0.00949	0.01066	0.01157	0.00723	0.00706	0.01203	0.01620	0.02098	0.05147	0.43932	0.17795	0.15628	0.01698	0.00426	0.00544	0.02056	0.00737	0.00663
36	0.02106	0.02022	0.03454	0.05223	0.64784	0.02022	0.02612	0.02612	0.01938	0.02780	0.01601	0.02106	0.01348	0.00758	0.00842	0.00253	0.01011	0.00758	0.00421	0.01348
37	0.02645	0.43504	0.03633	0.01746	0.02366	0.26491	0.01531	0.05264	0.02071	0.02168	0.01266	0.01455	0.01108	0.00794	0.00639	0.00199	0.01140	0.00502	0.00411	0.01068
38	0.01707	0.04402	0.65683	0.02426	0.03683	0.01976	0.03144	0.02695	0.01797	0.02695	0.01527	0.01797	0.01078	0.00809	0.00809	0.00270	0.01258	0.00629	0.00359	0.01258
39	0.03142	0.03040	0.02495	0.04904	0.02775	0.29190	0.01661	0.35066	0.03242	0.03864	0.01718	0.01842	0.01288	0.00954	0.00816	0.00242	0.01193	0.00675	0.00660	0.01234
40	0.02309	0.04809	0.03250	0.08663	0.07179	0.02337	0.16976	0.21477	0.02446	0.03336	0.01707	0.02152	0.01343	0.01302	0.05159	0.00350	0.12664	0.00818	0.00549	0.01176
41	0.01377	0.01149	0.01677	0.01584	0.01698	0.01449	0.01263	0.01651	0.01352	0.01994	0.01990	0.02974	0.01876	0.05162	0.50777	0.01119	0.18803	0.00870	0.00435	0.00802
42	0.02387	0.02759	0.06620	0.03296	0.25729	0.22741	0.05456	0.03126	0.11414	0.02691	0.04249	0.02244	0.01699	0.00896	0.00835	0.00251	0.01143	0.00759	0.00511	0.01194
43	0.02630	0.13279	0.19192	0.02304	0.06519	0.05871	0.10994	0.03180	0.02068	0.22673	0.02082	0.02160	0.01459	0.00862	0.00812	0.00253	0.01062	0.00734	0.00602	0.01265
44	0.01232	0.00845	0.01031	0.01031	0.01066	0.00881	0.00644	0.01304	0.01268	0.01726	0.02587	0.05049	0.02868	0.55198	0.18917	0.00952	0.01165	0.01161	0.00502	0.00573
45	0.01230	0.00835	0.00973	0.00959	0.01002	0.00820	0.00577	0.01317	0.01490	0.02029	0.15951	0.05739	0.04156	0.55381	0.03615	0.00705	0.00734	0.01302	0.00606	0.00577
46	0.02544	0.02800	0.02976	0.09562	0.28693	0.27171	0.04670	0.06643	0.02234	0.02615	0.01515	0.01903	0.01234	0.00828	0.00822	0.00244	0.01239	0.00687	0.00452	0.01168
47	0.02319	0.67414	0.04361	0.01491	0.02206	0.06402	0.01465	0.02589	0.01762	0.02006	0.01189	0.01373	0.01092	0.00735	0.00557	0.00184	0.00940	0.00460	0.00368	0.01087
48	0.01986	0.21876	0.29716	0.03019	0.22055	0.02373	0.02516	0.02629	0.01821	0.02531	0.01455	0.01773	0.01165	0.00771	0.00747	0.00240	0.01086	0.00621	0.00380	0.01240
49	0.01865	0.01776	0.03018	0.35619	0.36276	0.01958	0.02492	0.02400	0.01824	0.02487	0.01558	0.02185	0.01245	0.00803	0.00847	0.00268	0.01071	0.00757	0.00400	0.01153
50	0.02324	0.02489	0.03073	0.12117	0.41419	0.18816	0.02330	0.02763	0.02032	0.02525	0.01516	0.01978	0.01256	0.00800	0.00824	0.00248	0.01162	0.00703	0.00420	0.01205
51	0.01828	0.01713	0.02815	0.11673	0.44186	0.01733	0.02173	0.02295	0.01951	0.02703	0.07954	0.03275	0.09989	0.01034	0.00878	0.00262	0.00898	0.00959	0.00508	0.01173
52	0.01035	0.00749	0.00978	0.01162	0.01228	0.00693	0.00780	0.01188	0.01652	0.02181	0.04971	0.65150	0.09834	0.02630	0.01080	0.00341	0.00489	0.02375	0.00790	0.00693
53	0.01238	0.00825	0.00928	0.00928	0.00928	0.00825	0.00516	0.01238	0.01238	0.01650	0.02681	0.05569	0.03094	0.70092	0.04331	0.00825	0.00825	0.01238	0.00516	0.00516
54	0.01238	0.00825	0.00928	0.00928	0.00928	0.00825	0.00516	0.01238	0.01238	0.01650	0.02681	0.05569	0.03094	0.70092	0.04331	0.00825	0.00825	0.01238	0.00516	0.00516
55	0.01288	0.00997	0.01289	0.01239	0.01321	0.01130	0.00890	0.01436	0.01371	0.01885	0.03037	0.04657	0.09711	0.32288	0.23878	0.00876	0.10392	0.01131	0.00509	0.00674
56	0.03058	0.03854	0.02430	0.02196	0.02594	0.60769	0.01664	0.03274	0.02309	0.02080	0.01297	0.01565	0.01098	0.00933	0.00954	0.00233	0.07712	0.00566	0.00432	0.00981
57	0.01238	0.00825	0.00928	0.00928	0.00928	0.00825	0.00516	0.01238	0.01238	0.01650	0.02681	0.05569	0.03094	0.70092	0.04331	0.00825	0.00825	0.01238	0.00516	0.00516
58	0.01204	0.00870	0.01138	0.01071	0.01271	0.00803	0.00803	0.01606	0.02409	0.03413	0.64335	0.06357	0.08030	0.01740	0.01004	0.00268	0.00401	0.01539	0.00937	0.00803
59	0.02061	0.01975	0.03372	0.10977	0.59387	0.02010	0.02589	0.02572	0.01916	0.02725	0.01593	0.02121	0.01328	0.00767	0.00843	0.00256	0.01022	0.00758	0.00417	0.01311
60	0.03190	0.03735	0.02439	0.02147	0.02632	0.54368	0.01639	0.14651	0.02717	0.02713	0.01455	0.01632	0.01164	0.00905	0.00783	0.00226	0.01420	0.00590	0.00518	0.01075
61	0.02913	0.09285	0.11133	0.02143	0.02738	0.46958	0.01829	0.08633	0.02420	0.02461	0.01401	0.01603	0.01126	0.00869	0.00763	0.00226	0.01392	0.00572	0.00460	0.01074
62	0.01104	0.00790	0.01055	0.01196	0.01291	0.00742	0.00846	0.01329	0.01828	0.02474	0.17511	0.50412	0.06078	0.02438	0.01077	0.00333	0.00501	0.07452	0.00821	0.00724
63	0.01096	0.00866	0.00987	0.00957	0.01205	0.00757	0.00718	0.01396	0.02153	0.02806	0.33973	0.07356	0.38770	0.01966	0.01005	0.00278	0.00418	0.01679	0.00857	0.00757
64	0.01728	0.04251	0.61346	0.02509	0.03738	0.01989	0.07331	0.02697	0.01812	0.02697	0.01541	0.01832	0.01093	0.00802	0.00823	0.00271	0.01270	0.00656	0.00364	0.01250
65	0.02117	0.01828	0.01924	0.01732	0.02213	0.02117	0.01347	0.04522	0.63246	0.03560	0.03464	0.03175	0.02598	0.01155	0.00866	0.00289	0.00673	0.00962	0.00866	0.01347
66	0.03013	0.03742	0.02573	0.02660	0.12227	0.56693	0.01794	0.03277	0.02338	0.02190	0.01359	0.01623	0.01135	0.00859	0.00779	0.00224	0.01454	0.00581	0.00436	0.01042
67	0.01443	0.01188	0.01846	0.10636	0.14182	0.01295	0.01475	0.01782	0.01576	0.02183	0.02456	0.08001	0.02441	0.11456	0.28059	0.00795	0.01467	0.06357	0.00498	0.00866
68	0.03380	0.02150	0.02410	0.01847	0.02523	0.02293	0.01526	0.47531	0.03611	0.20329	0.02371	0.02256	0.01612	0.01029	0.00852	0.00257	0.00883	0.00789	0.00902	0.01447
69	0.01586	0.00793	0.00793	0.00793	0.00991	0.00793	0.00595	0.01983	0.01785	0.03173	0.02776	0.03173	0.02181	0.00991	0.00595	0.00198	0.00397	0.00793	0.74817	0.00793
70	0.76103	0.01646	0.01251	0.01119	0.01646	0.01909	0.00922	0.02502	0.01448	0.03818	0.01185	0.01382	0.00922	0.00790	0.00527	0.00263	0.00658	0.00461	0.00527	0.00922
71	0.01062	0.00759	0.01017	0.01214	0.01275	0.00713	0.00834	0.01229	0.01654	0.02201	0.04676	0.64977	0.05573	0.02642	0.01093	0.00349	0.00516	0.06728	0.00789	0.00698
72	0.01047	0.00748	0.00996	0.01178	0.01237	0.00698	0.00791	0.01210	0.01676	0.02247	0.08269	0.65746	0.05773	0.02611	0.01081	0.00341	0.00488	0.02366	0.00799	0.00698
73	0.49556	0.06063	0.01738	0.01310	0.01891	0.01960	0.01096	0.09520	0.01940	0.15499	0.01692	0.01742	0.01215	0.00862	0.00627	0.00257	0.00718	0.00569	0.00652	0.01091
74	0.01044	0.00864	0.00915	0.00902	0.01173	0.00735	0.00676	0.01295	0.02029	0.02512	0.19261	0.07840	0.53665	0.02076	0.01005	0.00284	0.00425	0.01747	0.00818	0.00735
75	0.01742	0.04155	0.58567	0.02562	0.03773	0.01997	0.10012	0.02699	0.01822	0.02699	0.01550	0.01855	0.01103	0.00798	0.00831	0.00272	0.01278	0.00673	0.00368	0.01245
76	0.03012	0.03739	0.02574	0.02664	0.12301	0.56616	0.01795	0.03276	0.02338	0.02191	0.01360	0.01624	0.01135	0.00858	0.00779	0.00224	0.01453	0.00581	0.00436	0.01043
77	0.01227	0.01119	0.05078	0.01390	0.05034	0.00909	0.01026	0.01593	0.02122	0.02936	0.37599	0.19653	0.13330	0.01876	0.01001	0.00286	0.00511	0.01659	0.00824	0.00828
78	0.02890	0.02936	0.02646	0.02739	0.15981	0.28115	0.01823	0.21622	0.07157	0.03365	0.01758	0.01934	0.01368	0.00916	0.00817	0.00243	0.01173	0.00691	0.00594	0.01234
79	0.01503	0.09316	0.01999	0.01554	0.01721	0.01697	0.01258	0.01746	0.01382	0.01967	0.01898	0.02947	0.01843	0.10373	0.37262	0.00930	0.18508	0.00847	0.00430	0.00819
80	0.01445	0.02025	0.21071	0.01649	0.02144	0.01304	0.01626	0.06084	0.01850	0.02602	0.06849	0.27239	0.03414	0.02628	0.13514	0.00506	0.01095	0.01407	0.00607	0.00940
81	0.20658	0.06733	0.02620	0.03120	0.31039	0.01993	0.01798	0.07307	0.02011	0.06197	0.04619	0.02356	0.04312	0.00903	0.00758	0.00253	0.00844	0.00747	0.00547	0.01185
82	0.02002	0.02286	0.10803	0.10486	0.44705	0.02021	0.10035	0.02595	0.01908	0.02708	0.01599	0.02109	0.01290	0.00768	0.00860	0.00262	0.01104	0.00774	0.00411	0.01275
83	0.01962	0.03159	0.28731	0.06453	0.16249	0.06133	0.19678	0.02707	0.01920	0.02657	0.01584	0.02008	0.01197	0.00779	0.00871	0.00269	0.01270	0.00763	0.00398	0.01212

[dist]
# distance from previous block
# <min> <max>
0	13

[block]
# block no. 5 follows, 21 sequences, length 19
# corresponding to MSA columns:
# 302-320
name=unknown_F
#
# <colnr> <probs for GDERKNQSTAVLIFYWHMCP>
#	G	D	E	R	K	N	Q	S	T	A	V	L	I	F	Y	W	H	M	C	P
0	0.02724	0.02744	0.02478	0.02411	0.12335	0.25284	0.01655	0.18795	0.02628	0.03224	0.01599	0.01811	0.01266	0.00845	0.00773	0.00215	0.01099	0.00631	0.00561	0.16924
1	0.02280	0.02423	0.02941	0.16064	0.34805	0.18115	0.02255	0.02830	0.05376	0.02536	0.01615	0.02053	0.01314	0.00827	0.00827	0.00252	0.01146	0.00717	0.00442	0.01182
2	0.01090	0.00776	0.00978	0.01102	0.01167	0.00730	0.00724	0.01230	0.01626	0.02165	0.09038	0.47420	0.09023	0.16714	0.01756	0.00437	0.00552	0.02065	0.00744	0.00665
3	0.02017	0.01944	0.02283	0.19232	0.15150	0.12752	0.01770	0.09003	0.02090	0.02610	0.02294	0.16530	0.02265	0.05020	0.01075	0.00306	0.01004	0.01101	0.00545	0.01010
4	0.01238	0.00825	0.00928	0.00928	0.00928	0.00825	0.00516	0.01238	0.01238	0.01650	0.02681	0.05569	0.03094	0.70092	0.04331	0.00825	0.00825	0.01238	0.00516	0.00516
5	0.02835	0.02112	0.02289	0.01761	0.02391	0.02250	0.01427	0.47537	0.03417	0.04640	0.02023	0.02323	0.01570	0.07262	0.01136	0.00288	0.00881	0.00770	0.00769	0.12319
6	0.01801	0.01754	0.01766	0.01655	0.01881	0.15521	0.01290	0.04972	0.01719	0.02173	0.01953	0.02751	0.01778	0.04476	0.43311	0.00973	0.08093	0.00810	0.00464	0.00859
7	0.01162	0.00891	0.01072	0.01075	0.01294	0.00787	0.00781	0.01411	0.01903	0.02541	0.19558	0.24539	0.21987	0.06396	0.01213	0.00323	0.00501	0.04261	0.00781	0.07522
8	0.01185	0.00834	0.01023	0.01038	0.01121	0.00821	0.00682	0.01335	0.01591	0.02160	0.15817	0.14866	0.08260	0.35212	0.09803	0.00668	0.00825	0.01469	0.00652	0.00639
9	0.70183	0.01865	0.06378	0.01223	0.01808	0.01914	0.01099	0.02517	0.01476	0.03729	0.01212	0.01415	0.00934	0.00791	0.00549	0.00264	0.00706	0.00474	0.00513	0.00948
10	0.01822	0.01642	0.02640	0.23357	0.30324	0.01765	0.02115	0.06168	0.01944	0.02650	0.02204	0.15263	0.02122	0.01175	0.00893	0.00280	0.00943	0.01081	0.00509	0.01104
11	0.02139	0.01923	0.02577	0.07678	0.26800	0.07022	0.01911	0.13890	0.02208	0.02970	0.01839	0.02390	0.01540	0.02325	0.18402	0.00550	0.01385	0.00784	0.00512	0.01154
12	0.06713	0.01589	0.07431	0.01644	0.06879	0.01228	0.01255	0.02031	0.04116	0.02678	0.02896	0.20321	0.06668	0.01333	0.00812	0.00234	0.00672	0.01147	0.00595	0.29759
13	0.02463	0.03039	0.13799	0.07048	0.07667	0.19378	0.13668	0.12961	0.06261	0.03014	0.01722	0.02006	0.01305	0.00866	0.00852	0.00258	0.01249	0.00742	0.00515	0.01187
14	0.16082	0.01934	0.02500	0.14167	0.24529	0.05503	0.01894	0.11842	0.02138	0.03207	0.03831	0.02132	0.01481	0.00961	0.00898	0.03582	0.00949	0.00719	0.00519	0.01132
15	0.01585	0.02319	0.22321	0.12543	0.12858	0.01591	0.02121	0.02139	0.01741	0.02473	0.02365	0.19978	0.02357	0.01313	0.00949	0.00283	0.03228	0.01142	0.00497	0.06199
16	0.13504	0.04947	0.02377	0.02421	0.17009	0.04837	0.01584	0.16700	0.06181	0.05310	0.02121	0.02320	0.04216	0.01221	0.04384	0.00304	0.00937	0.00739	0.00610	0.08279
