[name]
unknown

[dist]
# distance from previous block
# <min> <max>
0	1

[block]
# block no. 0 follows, 22 sequences, length 13
# corresponding to MSA columns:
# 1-13
name=unknown_A
#
# <colnr> <probs for GDERKNQSTAVLIFYWHMCP>
#	G	D	E	R	K	N	Q	S	T	A	V	L	I	F	Y	W	H	M	C	P
0	0.02401	0.02429	0.02435	0.02816	0.20563	0.22751	0.01812	0.12278	0.02367	0.02848	0.02200	0.03563	0.02056	0.01179	0.00876	0.00268	0.01087	0.14414	0.00566	0.01091
1	0.02858	0.07070	0.06090	0.01825	0.05042	0.02003	0.01506	0.24481	0.10557	0.21929	0.02794	0.02655	0.05316	0.01041	0.00818	0.00253	0.00814	0.00824	0.00805	0.01320
2	0.02017	0.01955	0.01858	0.01785	0.07129	0.14299	0.01266	0.07284	0.15011	0.02923	0.10154	0.03536	0.12674	0.01171	0.00823	0.00234	0.00792	0.00951	0.00665	0.13473
3	0.07956	0.14070	0.34809	0.02830	0.19464	0.02150	0.02496	0.02572	0.01752	0.02635	0.01429	0.01734	0.01111	0.00763	0.00735	0.00245	0.01063	0.00607	0.00381	0.01199
4	0.02128	0.02213	0.03471	0.08230	0.44434	0.09332	0.12820	0.02630	0.01942	0.02594	0.01547	0.02035	0.01267	0.00752	0.00842	0.00251	0.01123	0.00759	0.00412	0.01219
5	0.02630	0.17723	0.02792	0.02230	0.09453	0.38773	0.01609	0.03045	0.06737	0.02209	0.01751	0.01924	0.03971	0.00886	0.00729	0.00218	0.01203	0.00621	0.00457	0.01039
6	0.01666	0.04297	0.66500	0.02368	0.03596	0.01929	0.03069	0.02631	0.01754	0.02631	0.01491	0.01754	0.01052	0.00789	0.00789	0.00263	0.01228	0.00614	0.00351	0.01228
7	0.02260	0.23113	0.02384	0.01284	0.01818	0.01711	0.01111	0.02575	0.02065	0.20772	0.17795	0.03519	0.08357	0.01148	0.00771	0.00225	0.00657	0.00924	0.00728	0.06784
8	0.01423	0.09881	0.01526	0.01078	0.01438	0.01255	0.00869	0.08349	0.02190	0.02774	0.18821	0.06104	0.37855	0.01718	0.00908	0.00260	0.00529	0.01423	0.00756	0.00845
9	0.02569	0.10263	0.02433	0.02158	0.10175	0.27545	0.01519	0.03029	0.07061	0.10825	0.07004	0.02371	0.01975	0.01349	0.05873	0.00315	0.01159	0.00728	0.00571	0.01075
10	0.02371	0.02377	0.02060	0.01822	0.02188	0.24175	0.01426	0.15372	0.06894	0.02786	0.01855	0.02271	0.01552	0.02547	0.20737	0.00571	0.06707	0.00730	0.00545	0.01015
11	0.02047	0.02420	0.06480	0.09837	0.03117	0.17558	0.14356	0.02434	0.01760	0.02196	0.01544	0.05223	0.01377	0.01324	0.04480	0.00339	0.21313	0.00815	0.00414	0.00966
12	0.02115	0.07908	0.06718	0.01502	0.02043	0.05404	0.01281	0.18263	0.02333	0.06116	0.02846	0.11354	0.08463	0.06536	0.01066	0.00278	0.00796	0.01002	0.00647	0.13327

[dist]
# distance from previous block
# <min> <max>
2	10

[block]
# block no. 1 follows, 22 sequences, length 10
# corresponding to MSA columns:
# 24-33
name=unknown_B
#
# <colnr> <probs for GDERKNQSTAVLIFYWHMCP>
#	G	D	E	R	K	N	Q	S	T	A	V	L	I	F	Y	W	H	M	C	P
0	0.06301	0.02909	0.23449	0.03680	0.35371	0.08854	0.02523	0.02650	0.01869	0.02673	0.01487	0.01860	0.01181	0.00770	0.00786	0.00249	0.01099	0.00661	0.00399	0.01227
1	0.10078	0.07478	0.02784	0.06614	0.30690	0.08441	0.01926	0.06640	0.11962	0.02945	0.01775	0.02043	0.01420	0.00835	0.00765	0.00247	0.00941	0.00699	0.00513	0.01204
2	0.04620	0.01688	0.01943	0.02205	0.15636	0.08417	0.01396	0.08406	0.06202	0.06223	0.03271	0.07034	0.12904	0.05128	0.10789	0.00442	0.01032	0.01032	0.00613	0.01018
3	0.11556	0.02710	0.23475	0.08968	0.03081	0.02063	0.02030	0.23252	0.02499	0.09937	0.01798	0.01942	0.01263	0.00886	0.00779	0.00258	0.00984	0.00675	0.00604	0.01237
4	0.17049	0.01998	0.01918	0.01587	0.02128	0.08192	0.01277	0.22542	0.12618	0.13379	0.02239	0.02213	0.01616	0.00964	0.00746	0.00250	0.00804	0.00717	0.06557	0.01206
5	0.01202	0.01462	0.13591	0.01375	0.01697	0.00968	0.01245	0.01560	0.01764	0.02414	0.13148	0.34281	0.08510	0.05837	0.01175	0.00338	0.00653	0.07288	0.00696	0.00798
6	0.01893	0.01750	0.02899	0.04294	0.53199	0.01750	0.02157	0.02292	0.01760	0.02502	0.01765	0.02705	0.01643	0.14190	0.01476	0.00354	0.00952	0.00830	0.00429	0.01160
7	0.01209	0.00972	0.01109	0.01158	0.01406	0.00933	0.00902	0.01728	0.10003	0.02440	0.06245	0.17517	0.33989	0.02098	0.01014	0.00313	0.00539	0.14854	0.00780	0.00792
8	0.02489	0.07630	0.16334	0.02869	0.18188	0.33645	0.02136	0.02933	0.02073	0.02322	0.01388	0.01679	0.01126	0.00805	0.00762	0.00230	0.01279	0.00596	0.00403	0.01112
9	0.05231	0.04926	0.01940	0.01853	0.07955	0.05038	0.01355	0.13927	0.09400	0.03291	0.14663	0.08592	0.03635	0.01454	0.00906	0.00283	0.00753	0.13031	0.00734	0.01033

[dist]
# distance from previous block
# <min> <max>
8	22

[block]
# block no. 2 follows, 22 sequences, length 227
# corresponding to MSA columns:
# 59-285
name=unknown_C
#
# <colnr> <probs for GDERKNQSTAVLIFYWHMCP>
#	G	D	E	R	K	N	Q	S	T	A	V	L	I	F	Y	W	H	M	C	P
0	0.17940	0.08007	0.18819	0.06688	0.10369	0.06293	0.01864	0.02555	0.06083	0.02820	0.05566	0.05966	0.01828	0.00963	0.00745	0.00256	0.00922	0.00760	0.00493	0.01064
1	0.01540	0.01286	0.01949	0.02625	0.26974	0.01269	0.01397	0.01840	0.01778	0.02499	0.18387	0.04278	0.03583	0.24790	0.02020	0.00440	0.00771	0.01096	0.00573	0.00902
2	0.01736	0.01288	0.01463	0.01361	0.01657	0.01325	0.01022	0.22121	0.02428	0.03199	0.04340	0.36696	0.14071	0.01974	0.00969	0.00298	0.00619	0.01712	0.00792	0.00930
3	0.01903	0.02338	0.16477	0.06919	0.24315	0.01913	0.06327	0.02944	0.17911	0.02778	0.02014	0.02311	0.01567	0.00984	0.00980	0.04859	0.00973	0.00780	0.00506	0.01203
4	0.13217	0.01863	0.02742	0.10769	0.35297	0.02057	0.02079	0.06532	0.03983	0.02909	0.01526	0.01970	0.01251	0.00873	0.01012	0.00267	0.09324	0.00702	0.00459	0.01167
5	0.01995	0.01001	0.01354	0.01261	0.01529	0.00942	0.00938	0.02220	0.01807	0.23855	0.06449	0.25440	0.03579	0.10675	0.12426	0.00528	0.00883	0.01420	0.00779	0.00922
6	0.20662	0.01971	0.01850	0.06117	0.02252	0.09939	0.01285	0.23404	0.02587	0.03838	0.12230	0.02545	0.02329	0.01028	0.00756	0.00248	0.00820	0.00775	0.04299	0.01062
7	0.01316	0.00801	0.00813	0.00813	0.01013	0.00753	0.00589	0.01598	0.01731	0.02634	0.04638	0.05034	0.23688	0.09516	0.01143	0.00295	0.00447	0.01158	0.41303	0.00718
8	0.01120	0.00785	0.00945	0.01003	0.01064	0.00751	0.00637	0.01232	0.01525	0.02035	0.11107	0.27744	0.09171	0.34251	0.02522	0.00542	0.00617	0.01676	0.00663	0.00610
9	0.01986	0.01466	0.01713	0.05563	0.02041	0.01573	0.01188	0.27496	0.02601	0.03488	0.07281	0.27494	0.03453	0.07224	0.01198	0.00329	0.00724	0.01425	0.00761	0.00998
10	0.48635	0.01962	0.01552	0.01382	0.01882	0.09996	0.01102	0.05295	0.15222	0.03522	0.01687	0.01772	0.01295	0.00867	0.00627	0.00257	0.00761	0.00578	0.00588	0.01017
11	0.01339	0.00834	0.01056	0.01128	0.01299	0.00748	0.00796	0.01520	0.01753	0.10021	0.05251	0.48474	0.18037	0.02301	0.01016	0.00315	0.00496	0.02042	0.00803	0.00771
12	0.21172	0.14766	0.39249	0.01880	0.02837	0.02139	0.02233	0.02558	0.01655	0.02802	0.01348	0.01579	0.01015	0.00771	0.00675	0.00247	0.01020	0.00543	0.00394	0.01116
13	0.02244	0.17331	0.02881	0.02654	0.20155	0.17927	0.01716	0.02866	0.10793	0.02458	0.04247	0.02171	0.01694	0.01276	0.05867	0.00313	0.01113	0.00697	0.00488	0.01111
14	0.01240	0.00916	0.01337	0.01323	0.01469	0.01075	0.01032	0.01540	0.01365	0.02025	0.02221	0.03195	0.02043	0.05625	0.59655	0.01206	0.04650	0.00875	0.06459	0.00751
15	0.01007	0.00792	0.00910	0.00988	0.01165	0.00695	0.00700	0.01200	0.01792	0.02258	0.10235	0.34377	0.36355	0.02291	0.01015	0.00304	0.00445	0.01997	0.00780	0.00695
16	0.02557	0.01865	0.02221	0.02455	0.18847	0.09638	0.01535	0.10659	0.02306	0.19303	0.06897	0.03138	0.05984	0.07511	0.01154	0.00301	0.00876	0.00898	0.00693	0.01161
17	0.19552	0.02009	0.06669	0.06525	0.44422	0.01940	0.02184	0.02512	0.01762	0.02924	0.01459	0.01878	0.01194	0.00754	0.00748	0.00251	0.00925	0.00664	0.00430	0.01197
18	0.01012	0.00723	0.00964	0.01157	0.01205	0.00675	0.00771	0.01157	0.01591	0.02121	0.04579	0.70262	0.05495	0.02603	0.01060	0.00337	0.00482	0.02362	0.00771	0.00675
19	0.01891	0.01805	0.03073	0.26742	0.45273	0.01930	0.02467	0.02404	0.01813	0.02513	0.01533	0.02110	0.01245	0.00771	0.00825	0.00257	0.01028	0.00740	0.00397	0.01182
20	0.02125	0.02308	0.02373	0.05253	0.25481	0.23883	0.01760	0.02435	0.01963	0.02309	0.02246	0.19525	0.02307	0.01265	0.00859	0.00260	0.01034	0.01090	0.00509	0.01017
21	0.02029	0.01936	0.03249	0.08577	0.59123	0.01971	0.02476	0.02615	0.04893	0.02717	0.01646	0.02116	0.01363	0.00764	0.00824	0.00250	0.00978	0.00750	0.00430	0.01293
22	0.02043	0.01041	0.01388	0.01192	0.01540	0.00932	0.00932	0.02410	0.02360	0.24688	0.44154	0.05058	0.05874	0.01471	0.00931	0.00260	0.00499	0.01276	0.00953	0.00998
23	0.03106	0.03866	0.02362	0.02127	0.02569	0.63759	0.01604	0.06721	0.02443	0.02216	0.01325	0.01527	0.01090	0.00864	0.00754	0.00216	0.01465	0.00547	0.00451	0.00989
24	0.02390	0.02592	0.02729	0.06598	0.30468	0.24233	0.02006	0.03108	0.12660	0.02584	0.01774	0.02052	0.01431	0.00850	0.00802	0.00243	0.01110	0.00704	0.00489	0.01177
25	0.01208	0.00805	0.00906	0.00906	0.00906	0.00805	0.00503	0.01208	0.01208	0.01611	0.02618	0.05436	0.03020	0.70804	0.04228	0.00805	0.00805	0.01208	0.00503	0.00503
26	0.01176	0.00865	0.01247	0.01262	0.01382	0.00977	0.00944	0.01420	0.01338	0.01901	0.02468	0.08938	0.02480	0.14759	0.53536	0.01183	0.01891	0.01052	0.00479	0.00704
27	0.01196	0.00800	0.00910	0.00921	0.00924	0.00797	0.00520	0.01205	0.01231	0.01642	0.02737	0.09378	0.03171	0.66658	0.04036	0.00777	0.00786	0.01278	0.00520	0.00514
28	0.00982	0.00842	0.00842	0.00842	0.01122	0.00701	0.00631	0.01192	0.01894	0.02244	0.08416	0.07995	0.65285	0.02104	0.00982	0.00281	0.00421	0.01753	0.00771	0.00701
29	0.01187	0.00890	0.01335	0.01335	0.01483	0.01038	0.01038	0.01483	0.01335	0.01928	0.02225	0.03264	0.02077	0.06231	0.67512	0.01335	0.02225	0.00890	0.00445	0.00742
30	0.01776	0.01385	0.01510	0.01360	0.01753	0.01471	0.01055	0.05461	0.31679	0.06794	0.15191	0.04820	0.19385	0.01463	0.00902	0.00275	0.00565	0.01230	0.00848	0.01077
31	0.01034	0.00844	0.00914	0.00897	0.01154	0.00724	0.00673	0.01294	0.02018	0.02539	0.23800	0.07510	0.49717	0.01994	0.00981	0.00275	0.00413	0.01685	0.00810	0.00724
32	0.01074	0.00814	0.00990	0.01011	0.01195	0.00730	0.00734	0.01346	0.02014	0.02684	0.32032	0.23335	0.24907	0.02057	0.01001	0.00287	0.00424	0.01802	0.00833	0.00730
33	0.02066	0.01785	0.01878	0.01691	0.02160	0.02066	0.01315	0.04414	0.64121	0.03475	0.03381	0.03099	0.02536	0.01127	0.00845	0.00282	0.00657	0.00939	0.00845	0.01315
34	0.01208	0.01023	0.01067	0.01048	0.01344	0.00979	0.00786	0.01851	0.14646	0.02485	0.06992	0.13308	0.46327	0.01954	0.00962	0.00287	0.00476	0.01648	0.00787	0.00825
35	0.00990	0.00842	0.00853	0.00850	0.01127	0.00705	0.00637	0.01208	0.01912	0.02288	0.10725	0.07922	0.62948	0.02087	0.00982	0.00280	0.00420	0.01743	0.00777	0.00705
36	0.01978	0.02086	0.02521	0.02176	0.02229	0.10669	0.01791	0.02164	0.01408	0.02004	0.01115	0.01778	0.01088	0.01379	0.02479	0.00345	0.60801	0.00703	0.00372	0.00916
37	0.01168	0.00796	0.00956	0.01021	0.01049	0.00784	0.00640	0.01236	0.01364	0.01813	0.03269	0.22571	0.03804	0.47611	0.03159	0.00650	0.00718	0.06228	0.00594	0.00569
38	0.01611	0.01069	0.01317	0.01319	0.01525	0.01064	0.00953	0.12668	0.02074	0.07547	0.04007	0.52656	0.04487	0.02189	0.01001	0.00315	0.00578	0.01951	0.00802	0.00866
39	0.00986	0.00825	0.00858	0.00885	0.01133	0.00698	0.00650	0.01187	0.01852	0.02227	0.07892	0.16499	0.57119	0.02172	0.00993	0.00288	0.00429	0.01836	0.00771	0.00698
40	0.01187	0.00890	0.01335	0.01335	0.01483	0.01038	0.01038	0.01483	0.01335	0.01928	0.02225	0.03264	0.02077	0.06231	0.67512	0.01335	0.02225	0.00890	0.00445	0.00742
41	0.02029	0.01030	0.01376	0.01202	0.01537	0.00923	0.00931	0.02376	0.02296	0.24585	0.39013	0.10492	0.05675	0.01547	0.00938	0.00266	0.00507	0.01349	0.00941	0.00989
42	0.03103	0.03959	0.02354	0.02140	0.02568	0.67469	0.01605	0.03317	0.02354	0.02033	0.01284	0.01498	0.01070	0.00856	0.00749	0.00214	0.01498	0.00535	0.00428	0.00963
43	0.01569	0.01477	0.02492	0.68808	0.05722	0.01846	0.02307	0.02123	0.01661	0.02123	0.01477	0.02215	0.01107	0.00831	0.00831	0.00277	0.01107	0.00738	0.00369	0.00923
44	0.76672	0.01607	0.01221	0.01092	0.01607	0.01864	0.00900	0.02442	0.01414	0.03727	0.01157	0.01350	0.00900	0.00771	0.00514	0.00257	0.00643	0.00450	0.00514	0.00900
45	0.01229	0.00889	0.00965	0.00920	0.01218	0.00754	0.00699	0.01473	0.01995	0.07526	0.15756	0.07336	0.52365	0.01962	0.00970	0.00276	0.00440	0.01645	0.00812	0.00770
46	0.00992	0.00801	0.00883	0.00949	0.01150	0.00692	0.00679	0.01180	0.01791	0.02202	0.07112	0.29148	0.44974	0.02273	0.01009	0.00300	0.00442	0.01960	0.00771	0.00692
47	0.02210	0.01765	0.01984	0.01462	0.02175	0.01606	0.01186	0.22733	0.02464	0.03566	0.01653	0.01815	0.01292	0.00745	0.00689	0.00166	0.00717	0.00579	0.00607	0.50585
48	0.76672	0.01607	0.01221	0.01092	0.01607	0.01864	0.00900	0.02442	0.01414	0.03727	0.01157	0.01350	0.00900	0.00771	0.00514	0.00257	0.00643	0.00450	0.00514	0.00900
49	0.03158	0.02327	0.02493	0.01911	0.02576	0.02576	0.01579	0.62852	0.03906	0.05236	0.01995	0.01995	0.01413	0.00997	0.00831	0.00249	0.00914	0.00748	0.00831	0.01413
50	0.01187	0.00890	0.01335	0.01335	0.01483	0.01038	0.01038	0.01483	0.01335	0.01928	0.02225	0.03264	0.02077	0.06231	0.67512	0.01335	0.02225	0.00890	0.00445	0.00742
51	0.02221	0.71304	0.04353	0.01421	0.02132	0.03287	0.01421	0.02488	0.01688	0.01955	0.01155	0.01333	0.01066	0.00711	0.00533	0.00178	0.00888	0.00444	0.00355	0.01066
52	0.01191	0.00875	0.01258	0.01258	0.01380	0.00997	0.00942	0.01434	0.01312	0.01871	0.02296	0.03654	0.02246	0.17839	0.56136	0.01240	0.01970	0.00947	0.00456	0.00699
53	0.01009	0.00737	0.00950	0.01120	0.01195	0.00678	0.00755	0.01161	0.01626	0.02135	0.05031	0.62916	0.12548	0.02544	0.01051	0.00331	0.00475	0.02290	0.00771	0.00678
54	0.03181	0.02291	0.02471	0.01894	0.02558	0.02522	0.01565	0.60514	0.03845	0.07660	0.02046	0.02028	0.01438	0.00998	0.00831	0.00250	0.00906	0.00751	0.00839	0.01413
55	0.02969	0.02139	0.02320	0.01827	0.02441	0.02354	0.01492	0.49425	0.11344	0.08595	0.02351	0.04900	0.01756	0.01079	0.00842	0.00257	0.00852	0.00842	0.00842	0.01371
56	0.01273	0.01017	0.01500	0.01451	0.01579	0.01244	0.01145	0.01554	0.01327	0.01938	0.02070	0.03066	0.01942	0.05578	0.58664	0.01202	0.11384	0.00868	0.00434	0.00765
57	0.01079	0.00751	0.00944	0.01072	0.01103	0.00719	0.00680	0.01174	0.01461	0.01947	0.03913	0.48240	0.04654	0.25771	0.02137	0.00496	0.00592	0.01970	0.00680	0.00617
58	0.01980	0.01896	0.03234	0.15099	0.56220	0.01954	0.02512	0.02483	0.01855	0.02621	0.01549	0.02081	0.01283	0.00754	0.00824	0.00251	0.01006	0.00740	0.00405	0.01254
59	0.06536	0.03366	0.40852	0.02190	0.03160	0.02018	0.05937	0.15605	0.02185	0.03219	0.01638	0.01908	0.01200	0.01181	0.05120	0.00330	0.01199	0.00672	0.00475	0.01210
60	0.01355	0.01214	0.01620	0.02085	0.19098	0.01142	0.01213	0.01783	0.05698	0.02502	0.08957	0.05962	0.40928	0.01646	0.00929	0.00270	0.00591	0.01410	0.00683	0.00913
61	0.01227	0.00938	0.01367	0.01345	0.01469	0.01107	0.01033	0.01488	0.01319	0.01902	0.02195	0.03388	0.02109	0.12259	0.57381	0.01224	0.06163	0.00911	0.00446	0.00729
62	0.02552	0.13421	0.09880	0.01489	0.02245	0.01610	0.01392	0.02956	0.01967	0.26425	0.02101	0.02076	0.01492	0.00807	0.00705	0.00199	0.00767	0.00627	0.00654	0.26632
63	0.02211	0.01879	0.06924	0.02069	0.02714	0.01697	0.18026	0.03277	0.20722	0.15881	0.03294	0.03247	0.09346	0.01064	0.00884	0.00269	0.00879	0.00987	0.00712	0.03917
64	0.27623	0.01830	0.01775	0.01530	0.02053	0.02097	0.01225	0.15121	0.31097	0.03904	0.02356	0.02290	0.01761	0.00981	0.00730	0.00267	0.00702	0.00736	0.00730	0.01193
65	0.03103	0.03959	0.02354	0.02140	0.02568	0.67469	0.01605	0.03317	0.02354	0.02033	0.01284	0.01498	0.01070	0.00856	0.00749	0.00214	0.01498	0.00535	0.00428	0.00963
66	0.01165	0.00849	0.01095	0.01033	0.01234	0.00779	0.00775	0.01546	0.02325	0.03269	0.61938	0.06308	0.11123	0.01722	0.00980	0.00262	0.00394	0.01517	0.00906	0.00779
67	0.02221	0.71304	0.04353	0.01421	0.02132	0.03287	0.01421	0.02488	0.01688	0.01955	0.01155	0.01333	0.01066	0.00711	0.00533	0.00178	0.00888	0.00444	0.00355	0.01066
68	0.01170	0.00855	0.01102	0.01057	0.01259	0.00787	0.00803	0.01546	0.02290	0.03196	0.57152	0.06530	0.12274	0.01765	0.00990	0.00270	0.00416	0.04869	0.00894	0.00776
69	0.01818	0.01818	0.02545	0.02181	0.02181	0.02545	0.01818	0.01999	0.01272	0.01999	0.01091	0.01818	0.01091	0.01454	0.02726	0.00364	0.69284	0.00727	0.00364	0.00909
70	0.00982	0.00842	0.00842	0.00842	0.01122	0.00701	0.00631	0.01192	0.01894	0.02244	0.08416	0.07995	0.65285	0.02104	0.00982	0.00281	0.00421	0.01753	0.00771	0.00701
71	0.76672	0.01607	0.01221	0.01092	0.01607	0.01864	0.00900	0.02442	0.01414	0.03727	0.01157	0.01350	0.00900	0.00771	0.00514	0.00257	0.00643	0.00450	0.00514	0.00900
72	0.01193	0.00808	0.00902	0.00902	0.00920	0.00799	0.00512	0.01207	0.01253	0.01652	0.02994	0.05602	0.07058	0.66349	0.04018	0.00771	0.00780	0.01243	0.00521	0.00516
73	0.01012	0.00723	0.00964	0.01157	0.01205	0.00675	0.00771	0.01157	0.01591	0.02121	0.04579	0.70262	0.05495	0.02603	0.01060	0.00337	0.00482	0.02362	0.00771	0.00675
74	0.01722	0.01465	0.01559	0.01427	0.01822	0.01613	0.01101	0.03366	0.43038	0.03191	0.12067	0.04543	0.16794	0.01409	0.00891	0.00279	0.00574	0.01185	0.00838	0.01117
75	0.03158	0.02327	0.02493	0.01911	0.02576	0.02576	0.01579	0.62852	0.03906	0.05236	0.01995	0.01995	0.01413	0.00997	0.00831	0.00249	0.00914	0.00748	0.00831	0.01413
76	0.01134	0.00848	0.01052	0.01001	0.01215	0.00766	0.00751	0.01486	0.02252	0.03096	0.52875	0.06594	0.20295	0.01786	0.00980	0.00265	0.00398	0.01557	0.00883	0.00766
77	0.01208	0.00805	0.00906	0.00906	0.00906	0.00805	0.00503	0.01208	0.01208	0.01611	0.02618	0.05436	0.03020	0.70804	0.04228	0.00805	0.00805	0.01208	0.00503	0.00503
78	0.01110	0.00847	0.01019	0.00976	0.01201	0.00756	0.00732	0.01440	0.02196	0.02962	0.45899	0.06813	0.27354	0.01836	0.00981	0.00268	0.00402	0.01588	0.00866	0.00756
79	0.01201	0.00834	0.01052	0.01052	0.01102	0.00885	0.00685	0.01302	0.01251	0.01719	0.02484	0.04698	0.02700	0.48868	0.25727	0.00985	0.01288	0.01100	0.00484	0.00584
80	0.76672	0.01607	0.01221	0.01092	0.01607	0.01864	0.00900	0.02442	0.01414	0.03727	0.01157	0.01350	0.00900	0.00771	0.00514	0.00257	0.00643	0.00450	0.00514	0.00900
81	0.01597	0.00887	0.01158	0.01188	0.01393	0.00796	0.00852	0.01788	0.01798	0.16030	0.04768	0.47989	0.12096	0.02200	0.01002	0.00313	0.00523	0.01956	0.00827	0.00838
82	0.03158	0.02327	0.02493	0.01911	0.02576	0.02576	0.01579	0.62852	0.03906	0.05236	0.01995	0.01995	0.01413	0.00997	0.00831	0.00249	0.00914	0.00748	0.00831	0.01413
83	0.00984	0.00832	0.00851	0.00867	0.01129	0.00699	0.00642	0.01189	0.01869	0.02234	0.08108	0.12993	0.60486	0.02144	0.00988	0.00285	0.00426	0.01802	0.00771	0.00699
84	0.03133	0.03078	0.02429	0.02017	0.02573	0.32436	0.01591	0.35458	0.03192	0.03762	0.01668	0.01766	0.01255	0.00932	0.00793	0.00233	0.01183	0.00650	0.00646	0.01206
85	0.03158	0.02327	0.02493	0.01911	0.02576	0.02576	0.01579	0.62852	0.03906	0.05236	0.01995	0.01995	0.01413	0.00997	0.00831	0.00249	0.00914	0.00748	0.00831	0.01413
86	0.01016	0.00843	0.00888	0.00877	0.01143	0.00716	0.00658	0.01258	0.01973	0.02433	0.18296	0.07683	0.55287	0.02033	0.00981	0.00277	0.00416	0.01710	0.00796	0.00716
87	0.01018	0.00804	0.00918	0.00971	0.01165	0.00704	0.00697	0.01232	0.01859	0.02353	0.14934	0.27790	0.38197	0.02209	0.01007	0.00296	0.00437	0.01915	0.00791	0.00704
88	0.03158	0.02327	0.02493	0.01911	0.02576	0.02576	0.01579	0.62852	0.03906	0.05236	0.01995	0.01995	0.01413	0.00997	0.00831	0.00249	0.00914	0.00748	0.00831	0.01413
89	0.76672	0.01607	0.01221	0.01092	0.01607	0.01864	0.00900	0.02442	0.01414	0.03727	0.01157	0.01350	0.00900	0.00771	0.00514	0.00257	0.00643	0.00450	0.00514	0.00900
90	0.03158	0.02327	0.02493	0.01911	0.02576	0.02576	0.01579	0.62852	0.03906	0.05236	0.01995	0.01995	0.01413	0.00997	0.00831	0.00249	0.00914	0.00748	0.00831	0.01413
91	0.01012	0.00723	0.00964	0.01157	0.01205	0.00675	0.00771	0.01157	0.01591	0.02121	0.04579	0.70262	0.05495	0.02603	0.01060	0.00337	0.00482	0.02362	0.00771	0.00675
92	0.12333	0.01437	0.01845	0.01433	0.02060	0.01297	0.01183	0.03859	0.02264	0.58828	0.03027	0.02653	0.01920	0.00998	0.00798	0.00257	0.00699	0.00790	0.00968	0.01353
93	0.02488	0.01839	0.02100	0.01716	0.02205	0.02054	0.01395	0.42005	0.03033	0.04112	0.02073	0.02426	0.01638	0.02775	0.23483	0.00618	0.01360	0.00796	0.00700	0.01185
94	0.02774	0.01889	0.02417	0.02703	0.21657	0.06305	0.01693	0.06468	0.16035	0.25370	0.02574	0.02519	0.01836	0.00948	0.00827	0.00256	0.00847	0.00804	0.00747	0.01330
95	0.01559	0.01468	0.01723	0.01617	0.01768	0.09528	0.01277	0.01821	0.01447	0.01957	0.01864	0.02733	0.01739	0.04534	0.45261	0.00987	0.16677	0.00811	0.00425	0.00805
96	0.02840	0.25759	0.03125	0.01745	0.02425	0.02818	0.01525	0.42346	0.03152	0.04121	0.01709	0.01770	0.01295	0.00900	0.00730	0.00225	0.00905	0.00645	0.00669	0.01295
97	0.01410	0.01083	0.01275	0.01068	0.01490	0.00888	0.00826	0.01740	0.02009	0.05367	0.24867	0.05054	0.21708	0.01419	0.00851	0.00220	0.00489	0.01203	0.00735	0.26298
98	0.01208	0.00805	0.00906	0.00906	0.00906	0.00805	0.00503	0.01208	0.01208	0.01611	0.02618	0.05436	0.03020	0.70804	0.04228	0.00805	0.00805	0.01208	0.00503	0.00503
99	0.01906	0.01821	0.03102	0.24674	0.47218	0.01934	0.02475	0.02418	0.01821	0.02532	0.01536	0.02105	0.01252	0.00768	0.00825	0.00256	0.01024	0.00740	0.00398	0.01195
100	0.00994	0.00842	0.00858	0.00854	0.01129	0.00706	0.00640	0.01215	0.01921	0.02310	0.11867	0.07886	0.61792	0.02079	0.00982	0.00279	0.00419	0.01738	0.00780	0.00706
101	0.02066	0.01785	0.01878	0.01691	0.02160	0.02066	0.01315	0.04414	0.64121	0.03475	0.03381	0.03099	0.02536	0.01127	0.00845	0.00282	0.00657	0.00939	0.00845	0.01315
102	0.02356	0.47700	0.03559	0.01514	0.02168	0.02851	0.01397	0.07175	0.14571	0.06805	0.01808	0.01838	0.01455	0.00837	0.00637	0.00209	0.00831	0.00592	0.00533	0.01164
103	0.01003	0.00813	0.00891	0.00933	0.01151	0.00701	0.00676	0.01211	0.01854	0.02294	0.11650	0.22901	0.46635	0.02195	0.01001	0.00293	0.00433	0.01882	0.00782	0.00701
104	0.01208	0.00805	0.00906	0.00906	0.00906	0.00805	0.00503	0.01208	0.01208	0.01611	0.02618	0.05436	0.03020	0.70804	0.04228	0.00805	0.00805	0.01208	0.00503	0.00503
105	0.01012	0.00723	0.00964	0.01157	0.01205	0.00675	0.00771	0.01157	0.01591	0.02121	0.04579	0.70262	0.05495	0.02603	0.01060	0.00337	0.00482	0.02362	0.00771	0.00675
106	0.01173	0.00800	0.00907	0.00926	0.00951	0.00785	0.00539	0.01202	0.01294	0.01705	0.03215	0.12042	0.07589	0.59271	0.03689	0.00723	0.00747	0.01360	0.00549	0.00534
107	0.01961	0.02241	0.04902	0.03501	0.04342	0.02101	0.62605	0.02661	0.01961	0.02661	0.01681	0.02241	0.01261	0.00700	0.00980	0.00280	0.01401	0.00980	0.00420	0.01120
108	0.18871	0.03124	0.02015	0.01835	0.02266	0.45141	0.01399	0.03072	0.05668	0.02477	0.01439	0.01673	0.01183	0.01202	0.05033	0.00300	0.01311	0.00563	0.00472	0.00955
109	0.03379	0.01973	0.02274	0.01743	0.02399	0.02050	0.01440	0.40028	0.03313	0.28898	0.02492	0.02318	0.01663	0.01009	0.00833	0.00252	0.00834	0.00782	0.00908	0.01413
110	0.01017	0.00761	0.00926	0.01053	0.01162	0.00691	0.00714	0.01170	0.01648	0.02120	0.05499	0.48711	0.21759	0.07133	0.01256	0.00354	0.00487	0.02116	0.00753	0.00670
111	0.03727	0.01414	0.01928	0.01478	0.02121	0.01221	0.01221	0.04049	0.02378	0.66198	0.03277	0.02828	0.02056	0.01028	0.00835	0.00257	0.00707	0.00835	0.01028	0.01414
112	0.01012	0.00723	0.00964	0.01157	0.01205	0.00675	0.00771	0.01157	0.01591	0.02121	0.04579	0.70262	0.05495	0.02603	0.01060	0.00337	0.00482	0.02362	0.00771	0.00675
113	0.01691	0.00955	0.01209	0.01198	0.01407	0.00896	0.00849	0.01983	0.05349	0.16022	0.04169	0.37570	0.08068	0.12806	0.01489	0.00386	0.00588	0.01728	0.00789	0.00847
114	0.01092	0.00785	0.01037	0.01209	0.01300	0.00745	0.00875	0.01286	0.01660	0.02184	0.04663	0.50138	0.08636	0.05810	0.01229	0.00367	0.00557	0.14984	0.00757	0.00688
115	0.02426	0.01704	0.01889	0.01645	0.02152	0.01883	0.01295	0.04335	0.50733	0.17076	0.03359	0.03041	0.02432	0.01106	0.00843	0.00276	0.00668	0.00917	0.00885	0.01336
116	0.51699	0.01851	0.01653	0.01371	0.01936	0.02106	0.01130	0.22964	0.02260	0.04240	0.01441	0.01569	0.01074	0.00848	0.00622	0.00254	0.00735	0.00551	0.00622	0.01074
117	0.01262	0.00973	0.01156	0.01291	0.06263	0.00951	0.00773	0.01531	0.05845	0.02034	0.04337	0.08873	0.20750	0.37422	0.02640	0.00552	0.00684	0.01363	0.00609	0.00690
118	0.02496	0.01810	0.01954	0.01570	0.02009	0.01975	0.01214	0.41911	0.02989	0.04004	0.02206	0.03164	0.01959	0.24711	0.01985	0.00438	0.00877	0.00904	0.00720	0.01104
119	0.01208	0.00805	0.00906	0.00906	0.00906	0.00805	0.00503	0.01208	0.01208	0.01611	0.02618	0.05436	0.03020	0.70804	0.04228	0.00805	0.00805	0.01208	0.00503	0.00503
120	0.01032	0.00844	0.00911	0.00894	0.01153	0.00723	0.00671	0.01290	0.02012	0.02526	0.23144	0.07531	0.50381	0.01999	0.00981	0.00276	0.00413	0.01688	0.00809	0.00723
121	0.01114	0.00919	0.00988	0.00957	0.01233	0.00830	0.00722	0.01539	0.06995	0.02597	0.21283	0.07184	0.46819	0.01931	0.00970	0.00276	0.00433	0.01629	0.00811	0.00770
122	0.51325	0.01731	0.01952	0.02454	0.23353	0.01901	0.01460	0.02479	0.01576	0.03383	0.01295	0.01590	0.01041	0.00761	0.00619	0.00254	0.00760	0.00548	0.00479	0.01041
123	0.03158	0.02327	0.02493	0.01911	0.02576	0.02576	0.01579	0.62852	0.03906	0.05236	0.01995	0.01995	0.01413	0.00997	0.00831	0.00249	0.00914	0.00748	0.00831	0.01413
124	0.01324	0.01091	0.01597	0.01519	0.01635	0.01365	0.01207	0.01595	0.01321	0.01944	0.01979	0.02950	0.01863	0.05195	0.53464	0.01124	0.16766	0.00855	0.00427	0.00778
125	0.01187	0.00890	0.01335	0.01335	0.01483	0.01038	0.01038	0.01483	0.01335	0.01928	0.02225	0.03264	0.02077	0.06231	0.67512	0.01335	0.02225	0.00890	0.00445	0.00742
126	0.28026	0.02030	0.02002	0.01612	0.02207	0.02285	0.01323	0.36697	0.08864	0.04554	0.01844	0.01882	0.01347	0.00933	0.00725	0.00255	0.00797	0.00665	0.00725	0.01229
127	0.01012	0.00723	0.00964	0.01157	0.01205	0.00675	0.00771	0.01157	0.01591	0.02121	0.04579	0.70262	0.05495	0.02603	0.01060	0.00337	0.00482	0.02362	0.00771	0.00675
128	0.01231	0.00918	0.01188	0.01310	0.01526	0.00875	0.01109	0.01568	0.01938	0.02479	0.09705	0.08779	0.21346	0.02202	0.01091	0.00347	0.00646	0.40216	0.00777	0.00749
129	0.01208	0.00805	0.00906	0.00906	0.00906	0.00805	0.00503	0.01208	0.01208	0.01611	0.02618	0.05436	0.03020	0.70804	0.04228	0.00805	0.00805	0.01208	0.00503	0.00503
130	0.03158	0.02327	0.02493	0.01911	0.02576	0.02576	0.01579	0.62852	0.03906	0.05236	0.01995	0.01995	0.01413	0.00997	0.00831	0.00249	0.00914	0.00748	0.00831	0.01413
131	0.01569	0.01477	0.02492	0.68808	0.05722	0.01846	0.02307	0.02123	0.01661	0.02123	0.01477	0.02215	0.01107	0.00831	0.00831	0.00277	0.01107	0.00738	0.00369	0.00923
132	0.01208	0.00805	0.00906	0.00906	0.00906	0.00805	0.00503	0.01208	0.01208	0.01611	0.02618	0.05436	0.03020	0.70804	0.04228	0.00805	0.00805	0.01208	0.00503	0.00503
133	0.01203	0.00824	0.00999	0.00999	0.01031	0.00856	0.00619	0.01268	0.01236	0.01680	0.02532	0.04965	0.02816	0.56802	0.17951	0.00920	0.01113	0.01139	0.00491	0.00555
134	0.01549	0.00774	0.00774	0.00774	0.00968	0.00774	0.00581	0.01936	0.01742	0.03097	0.02710	0.03097	0.02129	0.00968	0.00581	0.00194	0.00387	0.00774	0.75416	0.00774
135	0.76672	0.01607	0.01221	0.01092	0.01607	0.01864	0.00900	0.02442	0.01414	0.03727	0.01157	0.01350	0.00900	0.00771	0.00514	0.00257	0.00643	0.00450	0.00514	0.00900
136	0.01208	0.00805	0.00906	0.00906	0.00906	0.00805	0.00503	0.01208	0.01208	0.01611	0.02618	0.05436	0.03020	0.70804	0.04228	0.00805	0.00805	0.01208	0.00503	0.00503
137	0.07012	0.01949	0.02048	0.01618	0.02172	0.02145	0.01324	0.46189	0.03294	0.04686	0.02102	0.02197	0.01539	0.00978	0.00759	0.00238	0.00784	0.00737	0.16986	0.01245
138	0.01666	0.04297	0.66500	0.02368	0.03596	0.01929	0.03069	0.02631	0.01754	0.02631	0.01491	0.01754	0.01052	0.00789	0.00789	0.00263	0.01228	0.00614	0.00351	0.01228
139	0.03693	0.01469	0.01962	0.01504	0.02148	0.01303	0.01243	0.07624	0.02471	0.62491	0.03199	0.02777	0.02017	0.01026	0.00835	0.00257	0.00719	0.00830	0.01016	0.01414
140	0.03727	0.01414	0.01928	0.01478	0.02121	0.01221	0.01221	0.04049	0.02378	0.66198	0.03277	0.02828	0.02056	0.01028	0.00835	0.00257	0.00707	0.00835	0.01028	0.01414
141	0.01208	0.00805	0.00906	0.00906	0.00906	0.00805	0.00503	0.01208	0.01208	0.01611	0.02618	0.05436	0.03020	0.70804	0.04228	0.00805	0.00805	0.01208	0.00503	0.00503
142	0.01102	0.00883	0.00991	0.00971	0.01218	0.00794	0.00725	0.01474	0.05045	0.02666	0.27223	0.10936	0.39095	0.01949	0.00979	0.00278	0.00426	0.01666	0.00824	0.00757
143	0.02066	0.01785	0.01878	0.01691	0.02160	0.02066	0.01315	0.04414	0.64121	0.03475	0.03381	0.03099	0.02536	0.01127	0.00845	0.00282	0.00657	0.00939	0.00845	0.01315
144	0.00982	0.00842	0.00842	0.00842	0.01122	0.00701	0.00631	0.01192	0.01894	0.02244	0.08416	0.07995	0.65285	0.02104	0.00982	0.00281	0.00421	0.01753	0.00771	0.00701
145	0.01202	0.00887	0.00929	0.00893	0.01202	0.00743	0.00679	0.01421	0.01932	0.07377	0.08003	0.07580	0.60210	0.02018	0.00970	0.00279	0.00444	0.01680	0.00792	0.00758
146	0.01723	0.01477	0.01723	0.01230	0.01969	0.01107	0.00984	0.02092	0.01723	0.02707	0.01477	0.01723	0.01230	0.00615	0.00615	0.00123	0.00615	0.00492	0.00492	0.75883
147	0.02127	0.01716	0.01940	0.01422	0.02140	0.01521	0.01152	0.19207	0.02338	0.03419	0.01622	0.01799	0.01282	0.00723	0.00676	0.00159	0.00699	0.00564	0.00588	0.54906
148	0.01011	0.00753	0.00942	0.01085	0.01188	0.00684	0.00741	0.01178	0.01682	0.02189	0.07475	0.54579	0.18539	0.02464	0.01041	0.00322	0.00466	0.02200	0.00776	0.00684
149	0.00982	0.00842	0.00842	0.00842	0.01122	0.00701	0.00631	0.01192	0.01894	0.02244	0.08416	0.07995	0.65285	0.02104	0.00982	0.00281	0.00421	0.01753	0.00771	0.00701
150	0.01194	0.00861	0.01189	0.01189	0.01287	0.00959	0.00857	0.01390	0.01292	0.01821	0.02358	0.04002	0.02397	0.28167	0.46014	0.01155	0.01743	0.00998	0.00465	0.00661
151	0.03158	0.02327	0.02493	0.01911	0.02576	0.02576	0.01579	0.62852	0.03906	0.05236	0.01995	0.01995	0.01413	0.00997	0.00831	0.00249	0.00914	0.00748	0.00831	0.01413
152	0.01187	0.00890	0.01335	0.01335	0.01483	0.01038	0.01038	0.01483	0.01335	0.01928	0.02225	0.03264	0.02077	0.06231	0.67512	0.01335	0.02225	0.00890	0.00445	0.00742
153	0.03281	0.02129	0.02371	0.01817	0.02477	0.02282	0.01501	0.50101	0.03575	0.18454	0.02273	0.02175	0.01552	0.01004	0.00832	0.00251	0.00869	0.00767	0.00874	0.01413
154	0.02056	0.01974	0.03372	0.05099	0.65622	0.01974	0.02550	0.02550	0.01892	0.02714	0.01563	0.02056	0.01316	0.00740	0.00822	0.00247	0.00987	0.00740	0.00411	0.01316
155	0.02471	0.40087	0.03473	0.01737	0.02285	0.19476	0.01530	0.07484	0.01985	0.02243	0.01247	0.01487	0.01098	0.00862	0.00881	0.00216	0.09450	0.00526	0.00413	0.01048
156	0.01731	0.01642	0.02784	0.47654	0.25611	0.01888	0.02388	0.02264	0.01738	0.02319	0.01505	0.02162	0.01177	0.00801	0.00828	0.00267	0.01067	0.00739	0.00383	0.01053
157	0.03727	0.01414	0.01928	0.01478	0.02121	0.01221	0.01221	0.04049	0.02378	0.66198	0.03277	0.02828	0.02056	0.01028	0.00835	0.00257	0.00707	0.00835	0.01028	0.01414
158	0.76672	0.01607	0.01221	0.01092	0.01607	0.01864	0.00900	0.02442	0.01414	0.03727	0.01157	0.01350	0.00900	0.00771	0.00514	0.00257	0.00643	0.00450	0.00514	0.00900
159	0.03313	0.02078	0.02339	0.01793	0.02452	0.02207	0.01481	0.46825	0.03489	0.21852	0.02344	0.02222	0.01588	0.01006	0.00832	0.00251	0.00858	0.00772	0.00885	0.01413
160	0.01443	0.00722	0.01082	0.01082	0.01082	0.00722	0.00722	0.01082	0.01082	0.01443	0.01443	0.02525	0.01443	0.02886	0.03247	0.75830	0.00722	0.00722	0.00361	0.00361
161	0.00982	0.00842	0.00842	0.00842	0.01122	0.00701	0.00631	0.01192	0.01894	0.02244	0.08416	0.07995	0.65285	0.02104	0.00982	0.00281	0.00421	0.01753	0.00771	0.00701
162	0.03158	0.02327	0.02493	0.01911	0.02576	0.02576	0.01579	0.62852	0.03906	0.05236	0.01995	0.01995	0.01413	0.00997	0.00831	0.00249	0.00914	0.00748	0.00831	0.01413
163	0.01061	0.00855	0.00957	0.01001	0.01245	0.00751	0.00779	0.01310	0.01904	0.02346	0.10873	0.12319	0.46692	0.02148	0.01017	0.00302	0.00486	0.12457	0.00779	0.00716
164	0.01208	0.00805	0.00906	0.00906	0.00906	0.00805	0.00503	0.01208	0.01208	0.01611	0.02618	0.05436	0.03020	0.70804	0.04228	0.00805	0.00805	0.01208	0.00503	0.00503
165	0.01054	0.00849	0.01019	0.01034	0.01251	0.00814	0.00780	0.01288	0.01680	0.02127	0.06017	0.11187	0.39205	0.03544	0.23589	0.00643	0.01038	0.01507	0.00661	0.00713
166	0.01878	0.01490	0.01697	0.01628	0.02010	0.01659	0.01320	0.03486	0.40790	0.05372	0.03723	0.05220	0.03282	0.01520	0.00948	0.00315	0.00696	0.21009	0.00825	0.01132
167	0.01339	0.00956	0.01339	0.01530	0.01721	0.00956	0.01339	0.01721	0.01912	0.02486	0.04399	0.09371	0.04781	0.02295	0.01147	0.00382	0.00765	0.60031	0.00765	0.00765
168	0.01260	0.00794	0.00885	0.00898	0.00938	0.00791	0.00536	0.01345	0.01336	0.01931	0.02767	0.09339	0.03015	0.52795	0.03314	0.00656	0.00703	0.01202	0.14927	0.00567
169	0.01723	0.01477	0.01723	0.01230	0.01969	0.01107	0.00984	0.02092	0.01723	0.02707	0.01477	0.01723	0.01230	0.00615	0.00615	0.00123	0.00615	0.00492	0.00492	0.75883
170	0.01012	0.00723	0.00964	0.01157	0.01205	0.00675	0.00771	0.01157	0.01591	0.02121	0.04579	0.70262	0.05495	0.02603	0.01060	0.00337	0.00482	0.02362	0.00771	0.00675
171	0.76672	0.01607	0.01221	0.01092	0.01607	0.01864	0.00900	0.02442	0.01414	0.03727	0.01157	0.01350	0.00900	0.00771	0.00514	0.00257	0.00643	0.00450	0.00514	0.00900
172	0.51328	0.01667	0.01444	0.01296	0.01795	0.01932	0.01041	0.03112	0.22716	0.03642	0.01912	0.01944	0.01456	0.00892	0.00627	0.00265	0.00648	0.00616	0.00627	0.01041
173	0.01549	0.00774	0.00774	0.00774	0.00968	0.00774	0.00581	0.01936	0.01742	0.03097	0.02710	0.03097	0.02129	0.00968	0.00581	0.00194	0.00387	0.00774	0.75416	0.00774
174	0.01256	0.00885	0.01053	0.01064	0.01275	0.00812	0.00777	0.01573	0.04425	0.06107	0.17817	0.23190	0.26111	0.06234	0.01191	0.00326	0.00493	0.03841	0.00801	0.00767
175	0.71905	0.01653	0.01304	0.01146	0.01669	0.01910	0.00944	0.06360	0.01575	0.03825	0.01211	0.01391	0.00933	0.00786	0.00535	0.00257	0.00660	0.00469	0.00535	0.00933
176	0.01187	0.00890	0.01335	0.01335	0.01483	0.01038	0.01038	0.01483	0.01335	0.01928	0.02225	0.03264	0.02077	0.06231	0.67512	0.01335	0.02225	0.00890	0.00445	0.00742
177	0.01028	0.00730	0.00959	0.01137	0.01181	0.00685	0.00750	0.01161	0.01560	0.02080	0.04421	0.65059	0.05296	0.08077	0.01315	0.00375	0.00508	0.02269	0.00750	0.00661
178	0.01083	0.00774	0.01045	0.01238	0.01317	0.00736	0.00894	0.01279	0.01660	0.02200	0.04540	0.57059	0.05340	0.02536	0.01079	0.00347	0.00543	0.14866	0.00770	0.00694
179	0.03727	0.01414	0.01928	0.01478	0.02121	0.01221	0.01221	0.04049	0.02378	0.66198	0.03277	0.02828	0.02056	0.01028	0.00835	0.00257	0.00707	0.00835	0.01028	0.01414
180	0.01362	0.01062	0.01318	0.01108	0.01488	0.00894	0.00852	0.01746	0.02138	0.03119	0.43542	0.04683	0.05594	0.01330	0.00856	0.00214	0.00468	0.01159	0.00771	0.26296
181	0.01517	0.00920	0.01139	0.01110	0.01367	0.00821	0.00839	0.01769	0.01962	0.13058	0.16049	0.20562	0.24325	0.04615	0.01112	0.00314	0.00519	0.06347	0.00828	0.00826
182	0.01012	0.00723	0.00964	0.01157	0.01205	0.00675	0.00771	0.01157	0.01591	0.02121	0.04579	0.70262	0.05495	0.02603	0.01060	0.00337	0.00482	0.02362	0.00771	0.00675
183	0.02210	0.01765	0.01984	0.01462	0.02175	0.01606	0.01186	0.22733	0.02464	0.03566	0.01653	0.01815	0.01292	0.00745	0.00689	0.00166	0.00717	0.00579	0.00607	0.50585
184	0.01605	0.01052	0.01337	0.01344	0.01612	0.01031	0.01086	0.05586	0.04256	0.09496	0.07598	0.17407	0.14166	0.02253	0.04828	0.00382	0.00726	0.22573	0.00791	0.00869
185	0.01523	0.00948	0.01205	0.01229	0.01443	0.00899	0.00925	0.01875	0.05396	0.11085	0.09473	0.29374	0.11839	0.07288	0.01256	0.00354	0.00581	0.11679	0.00801	0.00827
186	0.02347	0.02525	0.03089	0.04278	0.48116	0.20158	0.02287	0.02763	0.02020	0.02525	0.01485	0.01901	0.01248	0.00772	0.00802	0.00238	0.01129	0.00683	0.00416	0.01218
187	0.01020	0.00843	0.00894	0.00881	0.01145	0.00717	0.00661	0.01266	0.01983	0.02457	0.19520	0.07645	0.54049	0.02025	0.00981	0.00277	0.00415	0.01704	0.00799	0.00717
188	0.02685	0.02092	0.02227	0.01816	0.02396	0.02355	0.01465	0.37532	0.29996	0.04473	0.02595	0.02473	0.01899	0.01054	0.00837	0.00263	0.00803	0.00831	0.00837	0.01370
189	0.01000	0.00828	0.00876	0.00895	0.01141	0.00704	0.00659	0.01216	0.01891	0.02311	0.12199	0.15335	0.53814	0.02133	0.00991	0.00286	0.00426	0.01808	0.00782	0.00704
190	0.03046	0.01435	0.01858	0.01394	0.02069	0.01182	0.01141	0.03384	0.02155	0.44629	0.02666	0.02452	0.01776	0.00888	0.00761	0.00212	0.00676	0.00719	0.00846	0.26712
191	0.01933	0.02159	0.04449	0.03247	0.03926	0.02186	0.50915	0.02534	0.01828	0.02534	0.01567	0.02159	0.01228	0.00845	0.01316	0.00296	0.14455	0.00932	0.00409	0.01080
192	0.01130	0.00874	0.01185	0.01181	0.01368	0.00929	0.00910	0.01409	0.01555	0.02106	0.08010	0.04755	0.19824	0.04802	0.44911	0.00976	0.01610	0.01167	0.00565	0.00733
193	0.01205	0.00818	0.00969	0.00969	0.00991	0.00840	0.00582	0.01249	0.01227	0.01658	0.02560	0.05116	0.02881	0.61286	0.13557	0.00883	0.01015	0.01161	0.00495	0.00539
194	0.01877	0.01086	0.01295	0.01178	0.01535	0.00999	0.00904	0.02360	0.09043	0.20011	0.09476	0.16280	0.27122	0.01755	0.00939	0.00282	0.00535	0.01494	0.00860	0.00967
195	0.18324	0.01450	0.01434	0.01269	0.01696	0.01556	0.00995	0.09964	0.17657	0.05671	0.04283	0.04240	0.22034	0.04715	0.00978	0.00296	0.00619	0.01076	0.00737	0.01004
196	0.03158	0.02327	0.02493	0.01911	0.02576	0.02576	0.01579	0.62852	0.03906	0.05236	0.01995	0.01995	0.01413	0.00997	0.00831	0.00249	0.00914	0.00748	0.00831	0.01413
197	0.46880	0.01558	0.01358	0.01174	0.01646	0.01758	0.00955	0.13428	0.01943	0.03868	0.01647	0.01847	0.01261	0.00855	0.00587	0.00242	0.00637	0.00575	0.16814	0.00967
198	0.01346	0.01014	0.01147	0.01081	0.01277	0.01018	0.00761	0.03864	0.10593	0.02625	0.22626	0.05662	0.15022	0.25972	0.02099	0.00458	0.00597	0.01337	0.00733	0.00767
199	0.01217	0.00849	0.01006	0.00979	0.01194	0.00764	0.00720	0.01502	0.02030	0.05042	0.31383	0.12127	0.25456	0.05849	0.01145	0.00301	0.00444	0.01572	0.05667	0.00753
200	0.01142	0.00777	0.00926	0.00991	0.01008	0.00761	0.00594	0.01191	0.01338	0.01784	0.03284	0.27458	0.03861	0.47636	0.03152	0.00646	0.00696	0.01600	0.00594	0.00562
201	0.01183	0.00860	0.01034	0.01106	0.01243	0.00821	0.00823	0.01369	0.01635	0.02086	0.04800	0.10528	0.19871	0.27257	0.02224	0.00508	0.00677	0.20655	0.00672	0.00649
202	0.10702	0.00941	0.01074	0.01101	0.01326	0.00903	0.00816	0.01607	0.01796	0.06670	0.12665	0.28375	0.18542	0.04307	0.01061	0.00318	0.00522	0.05739	0.00765	0.00771
203	0.01135	0.00775	0.00928	0.01000	0.01018	0.00757	0.00604	0.01189	0.01351	0.01801	0.03351	0.29676	0.03945	0.45302	0.03044	0.00630	0.00684	0.01639	0.00604	0.00567
204	0.02027	0.01354	0.01516	0.01295	0.01578	0.01422	0.00935	0.19849	0.05213	0.08056	0.06100	0.04140	0.02719	0.37226	0.02601	0.00540	0.00799	0.01046	0.00683	0.00901
205	0.01113	0.00803	0.01006	0.01117	0.01220	0.00759	0.00792	0.01291	0.01653	0.02166	0.08354	0.34224	0.13223	0.16568	0.01716	0.00429	0.00582	0.11596	0.00723	0.00665
206	0.01315	0.00792	0.00858	0.00873	0.01066	0.00748	0.00643	0.01637	0.01837	0.02834	0.12635	0.12921	0.16159	0.01503	0.00777	0.00238	0.00406	0.01271	0.40737	0.00748
207	0.01300	0.00799	0.00880	0.00877	0.00939	0.00796	0.00538	0.01426	0.01410	0.02103	0.05673	0.04831	0.03009	0.48262	0.03068	0.00611	0.00670	0.01103	0.21114	0.00591
208	0.01523	0.01082	0.01407	0.01321	0.01541	0.01216	0.01025	0.10566	0.01755	0.02538	0.02278	0.03207	0.02051	0.09296	0.45065	0.00998	0.01708	0.00877	0.09718	0.00828
209	0.01035	0.00733	0.00957	0.01127	0.01170	0.00690	0.00740	0.01163	0.01545	0.02061	0.04347	0.62614	0.05203	0.10649	0.01434	0.00393	0.00520	0.02226	0.00740	0.00655
210	0.01208	0.00805	0.00906	0.00906	0.00906	0.00805	0.00503	0.01208	0.01208	0.01611	0.02618	0.05436	0.03020	0.70804	0.04228	0.00805	0.00805	0.01208	0.00503	0.00503
211	0.02468	0.52663	0.03815	0.01601	0.02253	0.15720	0.01470	0.07494	0.01996	0.02233	0.01247	0.01418	0.01095	0.00762	0.00599	0.00191	0.01009	0.00486	0.00408	0.01074
212	0.01666	0.04297	0.66500	0.02368	0.03596	0.01929	0.03069	0.02631	0.01754	0.02631	0.01491	0.01754	0.01052	0.00789	0.00789	0.00263	0.01228	0.00614	0.00351	0.01228
213	0.02517	0.10854	0.03164	0.03292	0.27122	0.27717	0.06185	0.04996	0.02125	0.02446	0.01430	0.01765	0.01190	0.00788	0.00771	0.00228	0.01201	0.00643	0.00427	0.01139
214	0.01021	0.00777	0.00944	0.01071	0.01206	0.00700	0.00756	0.01201	0.01712	0.02184	0.05872	0.45628	0.25765	0.02416	0.01039	0.00321	0.00477	0.05452	0.00771	0.00689
215	0.01012	0.00723	0.00964	0.01157	0.01205	0.00675	0.00771	0.01157	0.01591	0.02121	0.04579	0.70262	0.05495	0.02603	0.01060	0.00337	0.00482	0.02362	0.00771	0.00675
216	0.02056	0.01974	0.03372	0.05099	0.65622	0.01974	0.02550	0.02550	0.01892	0.02714	0.01563	0.02056	0.01316	0.00740	0.00822	0.00247	0.00987	0.00740	0.00411	0.01316
