[name]
unknown

[dist]
# distance from previous block
# <min> <max>
0	1

[block]
# block no. 0 follows, 22 sequences, length 48
# corresponding to MSA columns:
# 1-48
name=unknown_A
#
# <colnr> <probs for GDERKNQSTAVLIFYWHMCP>
#	G	D	E	R	K	N	Q	S	T	A	V	L	I	F	Y	W	H	M	C	P
0	0.01609	0.01185	0.01635	0.01900	0.08081	0.01213	0.01450	0.02257	0.10061	0.05433	0.03937	0.07545	0.04027	0.01934	0.01062	0.00350	0.00770	0.43880	0.00752	0.00919
1	0.02550	0.01913	0.02075	0.01720	0.02283	0.02108	0.01375	0.23375	0.35692	0.09470	0.02816	0.02640	0.02057	0.01048	0.00827	0.00260	0.00743	0.00844	0.00838	0.05365
2	0.02513	0.01942	0.02082	0.01751	0.02294	0.02188	0.01396	0.23512	0.41103	0.07424	0.02922	0.02723	0.02143	0.01079	0.00840	0.00270	0.00744	0.00871	0.00850	0.01352
3	0.03103	0.03959	0.02354	0.02140	0.02568	0.67469	0.01605	0.03317	0.02354	0.02033	0.01284	0.01498	0.01070	0.00856	0.00749	0.00214	0.01498	0.00535	0.00428	0.00963
4	0.01966	0.01882	0.03209	0.16930	0.54499	0.01950	0.02505	0.02470	0.01849	0.02604	0.01547	0.02086	0.01277	0.00757	0.00824	0.00252	0.01009	0.00740	0.00403	0.01243
5	0.01208	0.00805	0.00906	0.00906	0.00906	0.00805	0.00503	0.01208	0.01208	0.01611	0.02618	0.05436	0.03020	0.70804	0.04228	0.00805	0.00805	0.01208	0.00503	0.00503
6	0.01038	0.00734	0.00956	0.01124	0.01166	0.00692	0.00736	0.01164	0.01540	0.02053	0.04320	0.61710	0.05168	0.11600	0.01478	0.00399	0.00525	0.02209	0.00736	0.00652
7	0.02235	0.02510	0.01856	0.01743	0.02070	0.32408	0.01304	0.02856	0.14344	0.02353	0.02952	0.16711	0.07441	0.01400	0.00937	0.00265	0.03956	0.01103	0.00607	0.00949
8	0.01383	0.01100	0.01278	0.01272	0.01509	0.01145	0.00934	0.02291	0.21640	0.02850	0.18966	0.28253	0.10341	0.01875	0.00966	0.00297	0.00511	0.01653	0.00829	0.00906
9	0.02056	0.01974	0.03372	0.05099	0.65622	0.01974	0.02550	0.02550	0.01892	0.02714	0.01563	0.02056	0.01316	0.00740	0.00822	0.00247	0.00987	0.00740	0.00411	0.01316
10	0.02021	0.01872	0.02806	0.09018	0.39797	0.01994	0.02120	0.03135	0.22540	0.02920	0.02160	0.02415	0.01705	0.00876	0.00831	0.00261	0.00887	0.00806	0.00552	0.01284
11	0.01739	0.13137	0.58301	0.02243	0.03402	0.02108	0.02852	0.02612	0.01745	0.02542	0.01447	0.01698	0.01054	0.00779	0.00755	0.00252	0.01183	0.00591	0.00351	0.01206
12	0.02375	0.53485	0.07387	0.01624	0.02305	0.16646	0.01551	0.02669	0.01831	0.02009	0.01201	0.01391	0.01066	0.00746	0.00592	0.00190	0.01035	0.00473	0.00370	0.01054
13	0.03158	0.02327	0.02493	0.01911	0.02576	0.02576	0.01579	0.62852	0.03906	0.05236	0.01995	0.01995	0.01413	0.00997	0.00831	0.00249	0.00914	0.00748	0.00831	0.01413
14	0.01187	0.00890	0.01335	0.01335	0.01483	0.01038	0.01038	0.01483	0.01335	0.01928	0.02225	0.03264	0.02077	0.06231	0.67512	0.01335	0.02225	0.00890	0.00445	0.00742
15	0.01013	0.00767	0.00920	0.01038	0.01161	0.00691	0.00710	0.01171	0.01670	0.02134	0.05747	0.46068	0.25217	0.06135	0.01206	0.00344	0.00479	0.02097	0.00757	0.00674
16	0.07285	0.01889	0.02163	0.01680	0.02317	0.01960	0.01383	0.32629	0.06321	0.29838	0.02544	0.02357	0.01706	0.01005	0.00817	0.00255	0.00802	0.00778	0.00895	0.01380
17	0.02056	0.01974	0.03372	0.05099	0.65622	0.01974	0.02550	0.02550	0.01892	0.02714	0.01563	0.02056	0.01316	0.00740	0.00822	0.00247	0.00987	0.00740	0.00411	0.01316
18	0.01115	0.00777	0.00923	0.00997	0.01038	0.00747	0.00616	0.01187	0.01409	0.01857	0.03831	0.30559	0.08908	0.39140	0.02753	0.00584	0.00651	0.01695	0.00628	0.00585
19	0.02066	0.01785	0.01878	0.01691	0.02160	0.02066	0.01315	0.04414	0.64121	0.03475	0.03381	0.03099	0.02536	0.01127	0.00845	0.00282	0.00657	0.00939	0.00845	0.01315
20	0.01825	0.01840	0.02672	0.02253	0.02298	0.02520	0.05114	0.02035	0.01310	0.02035	0.01123	0.01840	0.01100	0.01413	0.02632	0.00359	0.65603	0.00741	0.00367	0.00920
21	0.09612	0.36360	0.16605	0.01737	0.02477	0.16298	0.01753	0.02687	0.01814	0.02287	0.01252	0.01457	0.01048	0.00763	0.00630	0.00211	0.01063	0.00499	0.00385	0.01062
22	0.02414	0.01707	0.01889	0.01646	0.02152	0.01889	0.01295	0.04338	0.51197	0.16604	0.03360	0.03043	0.02436	0.01106	0.00843	0.00277	0.00668	0.00918	0.00884	0.01336
23	0.01022	0.00843	0.00898	0.00884	0.01147	0.00719	0.00663	0.01271	0.01989	0.02471	0.20271	0.07621	0.53289	0.02019	0.00981	0.00277	0.00415	0.01701	0.00801	0.00719
24	0.00997	0.00842	0.00863	0.00858	0.01132	0.00708	0.00643	0.01222	0.01930	0.02330	0.12916	0.07853	0.60731	0.02072	0.00982	0.00279	0.00418	0.01733	0.00783	0.00708
25	0.01187	0.00804	0.00946	0.00964	0.00981	0.00811	0.00572	0.01225	0.01255	0.01685	0.02776	0.11530	0.03185	0.59092	0.08939	0.00802	0.00887	0.01294	0.00525	0.00539
26	0.52810	0.01544	0.01452	0.01219	0.01775	0.01653	0.01005	0.02968	0.01729	0.24163	0.01850	0.01833	0.01278	0.00855	0.00619	0.00257	0.00664	0.00576	0.00682	0.01068
27	0.01750	0.14425	0.57107	0.02225	0.03374	0.02135	0.02820	0.02609	0.01744	0.02529	0.01440	0.01690	0.01054	0.00777	0.00751	0.00250	0.01176	0.00588	0.00351	0.01203
28	0.03103	0.03959	0.02354	0.02140	0.02568	0.67469	0.01605	0.03317	0.02354	0.02033	0.01284	0.01498	0.01070	0.00856	0.00749	0.00214	0.01498	0.00535	0.00428	0.00963
29	0.01012	0.00723	0.00964	0.01157	0.01205	0.00675	0.00771	0.01157	0.01591	0.02121	0.04579	0.70262	0.05495	0.02603	0.01060	0.00337	0.00482	0.02362	0.00771	0.00675
30	0.01166	0.00814	0.01000	0.01025	0.01077	0.00832	0.00656	0.01258	0.01320	0.01776	0.03095	0.13483	0.06430	0.44892	0.16864	0.00828	0.01040	0.01319	0.00540	0.00586
31	0.02275	0.02389	0.03159	0.04480	0.52424	0.15683	0.02352	0.02710	0.01988	0.02572	0.01504	0.01939	0.01264	0.00764	0.00807	0.00240	0.01094	0.00697	0.00415	0.01242
32	0.01211	0.01102	0.01095	0.01145	0.04003	0.04531	0.00799	0.01525	0.04526	0.02335	0.10317	0.06968	0.50573	0.04875	0.01096	0.00297	0.00530	0.01571	0.00736	0.00764
33	0.01027	0.00837	0.00871	0.00866	0.01103	0.00721	0.00626	0.01223	0.01839	0.02245	0.12058	0.07520	0.52656	0.11090	0.01408	0.00348	0.00469	0.01662	0.00747	0.00682
34	0.03201	0.02137	0.02361	0.01823	0.02474	0.02309	0.01502	0.49359	0.06814	0.15933	0.02295	0.02200	0.01586	0.01010	0.00833	0.00252	0.00864	0.00774	0.00867	0.01408
35	0.07425	0.02364	0.03010	0.04203	0.48005	0.15676	0.02238	0.02703	0.01955	0.02641	0.01476	0.01891	0.01236	0.00767	0.00786	0.00241	0.01070	0.00677	0.00422	0.01213
36	0.11668	0.01704	0.01792	0.01481	0.02060	0.01767	0.01174	0.08092	0.30783	0.03398	0.02360	0.02335	0.01808	0.00903	0.00726	0.00224	0.00662	0.00714	0.00686	0.25663
37	0.01167	0.00788	0.00918	0.00958	0.00968	0.00778	0.00559	0.01197	0.01288	0.01717	0.03027	0.18974	0.03537	0.56562	0.03567	0.00708	0.00738	0.01449	0.00559	0.00539
38	0.01922	0.01597	0.01751	0.04476	0.02122	0.01786	0.01242	0.11172	0.37063	0.03353	0.06575	0.03871	0.12938	0.01561	0.04486	0.00333	0.00745	0.01062	0.00792	0.01155
39	0.05758	0.02843	0.02329	0.02009	0.02388	0.31612	0.01587	0.16987	0.02391	0.02848	0.01454	0.01773	0.01202	0.01301	0.04718	0.00316	0.16284	0.00643	0.00514	0.01043
40	0.26891	0.06137	0.02035	0.01660	0.02122	0.23828	0.01324	0.09965	0.05067	0.03041	0.01700	0.01870	0.03768	0.00949	0.00842	0.00248	0.06406	0.00613	0.00530	0.01003
41	0.19270	0.07920	0.02328	0.06807	0.14058	0.05577	0.01552	0.14948	0.02102	0.03198	0.01613	0.01999	0.01317	0.01721	0.11778	0.00424	0.01126	0.00663	0.00521	0.01078
42	0.02082	0.02062	0.12579	0.01807	0.04986	0.01760	0.01548	0.17931	0.15219	0.03300	0.02206	0.05249	0.01787	0.01304	0.01175	0.11781	0.00816	0.00812	0.04562	0.07036
43	0.06441	0.11035	0.16122	0.01684	0.02444	0.01973	0.01650	0.16583	0.05007	0.12720	0.02265	0.02284	0.04819	0.00925	0.00749	0.00232	0.00857	0.00707	0.00634	0.10869
44	0.02067	0.01336	0.01569	0.01356	0.01806	0.01280	0.01050	0.06087	0.15645	0.16632	0.03879	0.17454	0.11049	0.01451	0.00867	0.00260	0.00607	0.01237	0.00800	0.13569
45	0.01138	0.00866	0.01224	0.01481	0.06354	0.00861	0.00950	0.01339	0.01559	0.02112	0.03949	0.45110	0.07224	0.06053	0.15080	0.00556	0.00898	0.01847	0.00663	0.00734
46	0.06566	0.03558	0.19569	0.02026	0.02649	0.38225	0.01878	0.02853	0.02046	0.02293	0.01742	0.01994	0.04218	0.01264	0.05366	0.00310	0.01375	0.00635	0.00430	0.01004
47	0.02068	0.03692	0.39941	0.05300	0.06474	0.13146	0.07261	0.07560	0.02048	0.02723	0.01514	0.01801	0.01115	0.00810	0.00804	0.00255	0.01245	0.00651	0.00412	0.01181

[dist]
# distance from previous block
# <min> <max>
2	4

[block]
# block no. 1 follows, 22 sequences, length 64
# corresponding to MSA columns:
# 53-116
name=unknown_B
#
# <colnr> <probs for GDERKNQSTAVLIFYWHMCP>
#	G	D	E	R	K	N	Q	S	T	A	V	L	I	F	Y	W	H	M	C	P
0	0.20786	0.22061	0.18889	0.01727	0.02469	0.13609	0.01749	0.05577	0.01859	0.02739	0.01303	0.01504	0.01039	0.00785	0.00645	0.00229	0.01020	0.00519	0.00429	0.01065
1	0.02816	0.03350	0.02511	0.02494	0.10240	0.47436	0.01746	0.06542	0.02251	0.02300	0.01335	0.01636	0.01123	0.00926	0.01013	0.00239	0.09979	0.00597	0.00441	0.01026
2	0.01383	0.01059	0.01224	0.01160	0.01423	0.01040	0.00871	0.08483	0.06978	0.03028	0.26297	0.18759	0.21386	0.01863	0.00969	0.00282	0.00496	0.01612	0.00834	0.00852
3	0.01839	0.25200	0.47114	0.02073	0.03139	0.02353	0.02555	0.02586	0.01733	0.02420	0.01386	0.01623	0.01057	0.00765	0.00709	0.00236	0.01122	0.00561	0.00352	0.01177
4	0.03216	0.02467	0.02310	0.01858	0.02455	0.16738	0.01494	0.33981	0.06142	0.17662	0.02181	0.02118	0.01530	0.00979	0.00814	0.00245	0.00987	0.00729	0.00785	0.01308
5	0.00982	0.00842	0.00842	0.00842	0.01122	0.00701	0.00631	0.01192	0.01894	0.02244	0.08416	0.07995	0.65285	0.02104	0.00982	0.00281	0.00421	0.01753	0.00771	0.00701
6	0.03158	0.02327	0.02493	0.01911	0.02576	0.02576	0.01579	0.62852	0.03906	0.05236	0.01995	0.01995	0.01413	0.00997	0.00831	0.00249	0.00914	0.00748	0.00831	0.01413
7	0.01208	0.00805	0.00906	0.00906	0.00906	0.00805	0.00503	0.01208	0.01208	0.01611	0.02618	0.05436	0.03020	0.70804	0.04228	0.00805	0.00805	0.01208	0.00503	0.00503
8	0.01549	0.00774	0.00774	0.00774	0.00968	0.00774	0.00581	0.01936	0.01742	0.03097	0.02710	0.03097	0.02129	0.00968	0.00581	0.00194	0.00387	0.00774	0.75416	0.00774
9	0.03158	0.02327	0.02493	0.01911	0.02576	0.02576	0.01579	0.62852	0.03906	0.05236	0.01995	0.01995	0.01413	0.00997	0.00831	0.00249	0.00914	0.00748	0.00831	0.01413
10	0.01666	0.04297	0.66500	0.02368	0.03596	0.01929	0.03069	0.02631	0.01754	0.02631	0.01491	0.01754	0.01052	0.00789	0.00789	0.00263	0.01228	0.00614	0.00351	0.01228
11	0.01252	0.00841	0.01109	0.01097	0.01273	0.00775	0.00801	0.01573	0.02143	0.05998	0.45490	0.23737	0.06915	0.01916	0.00995	0.00282	0.00432	0.01708	0.00880	0.00784
12	0.01012	0.00723	0.00964	0.01157	0.01205	0.00675	0.00771	0.01157	0.01591	0.02121	0.04579	0.70262	0.05495	0.02603	0.01060	0.00337	0.00482	0.02362	0.00771	0.00675
13	0.01723	0.01477	0.01723	0.01230	0.01969	0.01107	0.00984	0.02092	0.01723	0.02707	0.01477	0.01723	0.01230	0.00615	0.00615	0.00123	0.00615	0.00492	0.00492	0.75883
14	0.01208	0.00805	0.00906	0.00906	0.00906	0.00805	0.00503	0.01208	0.01208	0.01611	0.02618	0.05436	0.03020	0.70804	0.04228	0.00805	0.00805	0.01208	0.00503	0.00503
15	0.01187	0.00890	0.01335	0.01335	0.01483	0.01038	0.01038	0.01483	0.01335	0.01928	0.02225	0.03264	0.02077	0.06231	0.67512	0.01335	0.02225	0.00890	0.00445	0.00742
16	0.01503	0.00782	0.00856	0.00856	0.01029	0.00796	0.00638	0.01820	0.01647	0.02843	0.02556	0.03067	0.02067	0.01656	0.07528	0.06575	0.00600	0.00782	0.61663	0.00737
17	0.02056	0.01974	0.03372	0.05099	0.65622	0.01974	0.02550	0.02550	0.01892	0.02714	0.01563	0.02056	0.01316	0.00740	0.00822	0.00247	0.00987	0.00740	0.00411	0.01316
18	0.03158	0.02327	0.02493	0.01911	0.02576	0.02576	0.01579	0.62852	0.03906	0.05236	0.01995	0.01995	0.01413	0.00997	0.00831	0.00249	0.00914	0.00748	0.00831	0.01413
19	0.01666	0.04297	0.66500	0.02368	0.03596	0.01929	0.03069	0.02631	0.01754	0.02631	0.01491	0.01754	0.01052	0.00789	0.00789	0.00263	0.01228	0.00614	0.00351	0.01228
20	0.01058	0.00813	0.00968	0.00996	0.01186	0.00723	0.00722	0.01314	0.01974	0.02592	0.27280	0.23876	0.29315	0.02094	0.01002	0.00289	0.00427	0.01827	0.00821	0.00723
21	0.00983	0.00836	0.00848	0.00857	0.01126	0.00700	0.00638	0.01190	0.01879	0.02238	0.08227	0.11064	0.62338	0.02129	0.00986	0.00283	0.00424	0.01783	0.00771	0.00700
22	0.01818	0.01818	0.02545	0.02181	0.02181	0.02545	0.01818	0.01999	0.01272	0.01999	0.01091	0.01818	0.01091	0.01454	0.02726	0.00364	0.69284	0.00727	0.00364	0.00909
23	0.02069	0.02293	0.03342	0.13846	0.09152	0.16077	0.26020	0.02579	0.01984	0.02417	0.01914	0.03014	0.01670	0.00972	0.00914	0.00276	0.01252	0.08726	0.00459	0.01023
24	0.52851	0.02196	0.16036	0.01417	0.02104	0.01818	0.01420	0.02636	0.01581	0.09367	0.01432	0.01580	0.01043	0.00799	0.00607	0.00258	0.00781	0.00523	0.00526	0.01022
25	0.02559	0.45811	0.03618	0.01666	0.02297	0.20125	0.01488	0.09482	0.02113	0.02344	0.01283	0.01451	0.01106	0.00781	0.00623	0.00195	0.01052	0.00502	0.00428	0.01078
26	0.01042	0.00844	0.00924	0.00904	0.01159	0.00727	0.00678	0.01308	0.02035	0.02579	0.25900	0.07444	0.47592	0.01979	0.00981	0.00275	0.00412	0.01676	0.00816	0.00727
27	0.01208	0.00805	0.00906	0.00906	0.00906	0.00805	0.00503	0.01208	0.01208	0.01611	0.02618	0.05436	0.03020	0.70804	0.04228	0.00805	0.00805	0.01208	0.00503	0.00503
28	0.03108	0.03824	0.02366	0.02121	0.02569	0.62093	0.01603	0.08250	0.02483	0.02299	0.01343	0.01539	0.01098	0.00868	0.00756	0.00217	0.01450	0.00553	0.00461	0.01000
29	0.01599	0.01125	0.01371	0.01186	0.01516	0.01065	0.00919	0.09792	0.02481	0.06573	0.45485	0.05193	0.09072	0.01501	0.00922	0.00249	0.00497	0.01297	0.00866	0.07290
30	0.01569	0.01477	0.02492	0.68808	0.05722	0.01846	0.02307	0.02123	0.01661	0.02123	0.01477	0.02215	0.01107	0.00831	0.00831	0.00277	0.01107	0.00738	0.00369	0.00923
31	0.01206	0.00812	0.00942	0.00942	0.00954	0.00825	0.00548	0.01231	0.01219	0.01637	0.02585	0.05256	0.02942	0.65454	0.09472	0.00849	0.00923	0.01182	0.00499	0.00523
32	0.76672	0.01607	0.01221	0.01092	0.01607	0.01864	0.00900	0.02442	0.01414	0.03727	0.01157	0.01350	0.00900	0.00771	0.00514	0.00257	0.00643	0.00450	0.00514	0.00900
33	0.01818	0.01818	0.02545	0.02181	0.02181	0.02545	0.01818	0.01999	0.01272	0.01999	0.01091	0.01818	0.01091	0.01454	0.02726	0.00364	0.69284	0.00727	0.00364	0.00909
34	0.03136	0.02163	0.02355	0.01814	0.02454	0.02357	0.01496	0.54165	0.03652	0.11083	0.02154	0.02129	0.01510	0.00999	0.00819	0.00247	0.00868	0.00758	0.04460	0.01382
35	0.01729	0.00949	0.00967	0.00902	0.01148	0.00977	0.00693	0.08773	0.01985	0.03337	0.02630	0.02973	0.02049	0.00971	0.00609	0.00200	0.00446	0.00771	0.67045	0.00846
36	0.00988	0.00818	0.00866	0.00905	0.01139	0.00696	0.00659	0.01185	0.01833	0.02220	0.07649	0.20430	0.53345	0.02204	0.00998	0.00292	0.00433	0.01875	0.00771	0.00696
37	0.01117	0.00793	0.00907	0.00952	0.01019	0.00754	0.00592	0.01193	0.01435	0.01857	0.04236	0.21185	0.16036	0.41054	0.02835	0.00591	0.00653	0.01588	0.00620	0.00583
38	0.01500	0.15109	0.02143	0.01496	0.01731	0.01742	0.01247	0.01771	0.01395	0.01946	0.01819	0.02633	0.01708	0.04320	0.43173	0.00940	0.13306	0.00773	0.00413	0.00835
39	0.02174	0.02197	0.03258	0.04767	0.58545	0.09325	0.02444	0.02636	0.01944	0.02638	0.01531	0.01993	0.01288	0.00753	0.00814	0.00243	0.01044	0.00717	0.00413	0.01276
40	0.02846	0.03532	0.02392	0.02148	0.02491	0.54503	0.01648	0.03054	0.02138	0.02026	0.01245	0.01562	0.01074	0.00975	0.01144	0.00244	0.15035	0.00573	0.00415	0.00952
41	0.02297	0.05804	0.01993	0.01624	0.02024	0.21563	0.01259	0.15402	0.07109	0.02819	0.03155	0.03472	0.14299	0.09027	0.01288	0.00311	0.04017	0.00934	0.00617	0.00985
42	0.01031	0.00844	0.00910	0.00894	0.01153	0.00722	0.00670	0.01288	0.02011	0.02523	0.22948	0.07537	0.50579	0.02000	0.00981	0.00276	0.00413	0.01689	0.00808	0.00722
43	0.01187	0.00890	0.01335	0.01335	0.01483	0.01038	0.01038	0.01483	0.01335	0.01928	0.02225	0.03264	0.02077	0.06231	0.67512	0.01335	0.02225	0.00890	0.00445	0.00742
44	0.00998	0.00842	0.00864	0.00858	0.01132	0.00708	0.00644	0.01223	0.01931	0.02334	0.13119	0.07847	0.60525	0.02070	0.00982	0.00279	0.00418	0.01732	0.00783	0.00708
45	0.01187	0.00890	0.01335	0.01335	0.01483	0.01038	0.01038	0.01483	0.01335	0.01928	0.02225	0.03264	0.02077	0.06231	0.67512	0.01335	0.02225	0.00890	0.00445	0.00742
46	0.76672	0.01607	0.01221	0.01092	0.01607	0.01864	0.00900	0.02442	0.01414	0.03727	0.01157	0.01350	0.00900	0.00771	0.00514	0.00257	0.00643	0.00450	0.00514	0.00900
47	0.76672	0.01607	0.01221	0.01092	0.01607	0.01864	0.00900	0.02442	0.01414	0.03727	0.01157	0.01350	0.00900	0.00771	0.00514	0.00257	0.00643	0.00450	0.00514	0.00900
48	0.02957	0.03719	0.02616	0.02399	0.05837	0.58810	0.06706	0.03225	0.02299	0.02119	0.01331	0.01587	0.01098	0.00837	0.00772	0.00221	0.01465	0.00582	0.00427	0.00994
49	0.08151	0.02188	0.04597	0.03302	0.04115	0.02081	0.57492	0.02643	0.01915	0.02749	0.01637	0.02167	0.01231	0.00706	0.00942	0.00278	0.01338	0.00936	0.00428	0.01102
50	0.01603	0.09646	0.02165	0.01820	0.05281	0.07007	0.04853	0.01851	0.01605	0.02104	0.02583	0.25837	0.02810	0.02457	0.12680	0.00476	0.12543	0.01290	0.00530	0.00856
51	0.02201	0.01365	0.01599	0.04557	0.01931	0.01352	0.01093	0.17357	0.02538	0.17033	0.11840	0.04638	0.22518	0.01428	0.00885	0.00261	0.00634	0.01175	0.04536	0.01058
52	0.02169	0.09313	0.30046	0.02846	0.18499	0.02218	0.02436	0.16978	0.02296	0.03212	0.01598	0.01848	0.01205	0.00820	0.00784	0.00248	0.01063	0.00662	0.00481	0.01279
53	0.02822	0.02543	0.02186	0.01825	0.02338	0.20815	0.01442	0.33251	0.07775	0.03861	0.02073	0.04948	0.01640	0.01033	0.00796	0.00240	0.00995	0.00773	0.07458	0.01188
54	0.01268	0.00811	0.00966	0.00976	0.01050	0.00839	0.00640	0.01418	0.01368	0.02022	0.02656	0.07691	0.02761	0.39395	0.15919	0.00755	0.00982	0.01107	0.16758	0.00618
55	0.02983	0.07564	0.02496	0.05369	0.02700	0.51946	0.01626	0.11023	0.02485	0.02453	0.01379	0.01589	0.01117	0.00865	0.00751	0.00220	0.01366	0.00568	0.00474	0.01026
56	0.02463	0.02045	0.02569	0.02010	0.02596	0.02232	0.09195	0.28792	0.18186	0.03913	0.02164	0.02256	0.01625	0.00993	0.01002	0.00258	0.07062	0.00796	0.00705	0.09138
57	0.02258	0.02379	0.03106	0.07705	0.48888	0.16177	0.02332	0.02694	0.01980	0.02536	0.01498	0.01943	0.01252	0.00770	0.00807	0.00241	0.01104	0.00696	0.00413	0.01219
58	0.01061	0.00772	0.01007	0.01182	0.01249	0.00740	0.00797	0.01309	0.04506	0.02184	0.04523	0.67130	0.05357	0.02534	0.01050	0.00335	0.00490	0.02295	0.00775	0.00705
59	0.01004	0.00833	0.00879	0.00888	0.01141	0.00707	0.00658	0.01227	0.01914	0.02343	0.13790	0.12975	0.54571	0.02105	0.00988	0.00283	0.00423	0.01779	0.00786	0.00707
60	0.01862	0.02310	0.13674	0.18045	0.25846	0.01974	0.19127	0.02501	0.01839	0.02558	0.01565	0.02093	0.01213	0.00757	0.00862	0.00265	0.01165	0.00786	0.00395	0.01163
61	0.01206	0.00815	0.00954	0.00954	0.00971	0.00832	0.00563	0.01239	0.01222	0.01646	0.02573	0.05193	0.02914	0.63557	0.11331	0.00865	0.00965	0.01172	0.00497	0.00530
62	0.02993	0.07036	0.02456	0.02011	0.02503	0.44781	0.01566	0.18410	0.02674	0.02843	0.01496	0.01687	0.01198	0.01100	0.03433	0.00266	0.01345	0.00599	0.00528	0.01075
63	0.01405	0.01155	0.01282	0.01257	0.01551	0.01192	0.00960	0.02367	0.23148	0.02768	0.11117	0.16048	0.24024	0.01826	0.00961	0.00297	0.00537	0.06376	0.00810	0.00920

[dist]
# distance from previous block
# <min> <max>
0	81

[block]
# block no. 2 follows, 22 sequences, length 396
# corresponding to MSA columns:
# 198-593
name=unknown_C
#
# <colnr> <probs for GDERKNQSTAVLIFYWHMCP>
#	G	D	E	R	K	N	Q	S	T	A	V	L	I	F	Y	W	H	M	C	P
0	0.07002	0.34988	0.16776	0.01561	0.02239	0.02339	0.01614	0.04527	0.01785	0.02441	0.05064	0.12343	0.02095	0.01085	0.00702	0.00233	0.00858	0.00843	0.00476	0.01028
1	0.02234	0.02167	0.01947	0.01770	0.02220	0.14572	0.01372	0.04089	0.49607	0.03156	0.03022	0.03060	0.02351	0.01125	0.00840	0.00273	0.00823	0.03387	0.00762	0.01224
2	0.02250	0.02613	0.03619	0.02906	0.06001	0.20291	0.29950	0.02694	0.01917	0.02346	0.01438	0.01935	0.01173	0.00909	0.01289	0.00278	0.16149	0.00792	0.00410	0.01039
3	0.01038	0.00830	0.00928	0.00932	0.01164	0.00721	0.00688	0.01290	0.01983	0.02524	0.23316	0.14571	0.42988	0.02051	0.00990	0.00282	0.00420	0.01754	0.00810	0.00721
4	0.01208	0.00805	0.00906	0.00906	0.00906	0.00805	0.00503	0.01208	0.01208	0.01611	0.02618	0.05436	0.03020	0.70804	0.04228	0.00805	0.00805	0.01208	0.00503	0.00503
5	0.02395	0.02167	0.03092	0.04122	0.46063	0.05482	0.02250	0.18210	0.02437	0.03332	0.01660	0.02012	0.01328	0.00813	0.00821	0.00246	0.00994	0.00732	0.00521	0.01323
6	0.01434	0.01236	0.01679	0.06616	0.15788	0.03742	0.01258	0.01740	0.01875	0.02523	0.20308	0.15972	0.09479	0.11050	0.01385	0.00347	0.00691	0.01373	0.00653	0.00854
7	0.01082	0.00797	0.01014	0.01063	0.01210	0.00728	0.00758	0.01348	0.01977	0.02687	0.32581	0.32654	0.14786	0.02124	0.01013	0.00295	0.00433	0.01888	0.00836	0.00728
8	0.01858	0.27477	0.45001	0.02040	0.03089	0.02399	0.02499	0.02581	0.01731	0.02397	0.01375	0.01608	0.01057	0.00762	0.00701	0.00234	0.01110	0.00555	0.00352	0.01172
9	0.04818	0.03945	0.58424	0.02242	0.03391	0.01867	0.02826	0.02744	0.01793	0.08075	0.01629	0.01829	0.01132	0.00809	0.00782	0.00262	0.01160	0.00626	0.00415	0.01231
10	0.01835	0.01854	0.02625	0.17540	0.22042	0.07464	0.04377	0.02219	0.01749	0.02304	0.02365	0.02816	0.10002	0.01111	0.01260	0.00282	0.15824	0.00868	0.00443	0.01019
11	0.02696	0.02996	0.02431	0.02590	0.14711	0.37769	0.01710	0.03438	0.15863	0.04979	0.01877	0.02011	0.01479	0.00900	0.00788	0.00237	0.01183	0.00676	0.00540	0.01127
12	0.02017	0.01759	0.02411	0.02325	0.16040	0.01574	0.05664	0.10925	0.02088	0.03067	0.01583	0.01870	0.01277	0.00703	0.00716	0.00179	0.00793	0.00616	0.00518	0.43874
13	0.01723	0.01477	0.01723	0.01230	0.01969	0.01107	0.00984	0.02092	0.01723	0.02707	0.01477	0.01723	0.01230	0.00615	0.00615	0.00123	0.00615	0.00492	0.00492	0.75883
14	0.02013	0.02087	0.04002	0.04229	0.35134	0.02035	0.29722	0.02680	0.04578	0.02722	0.01694	0.02184	0.01343	0.00739	0.00895	0.00263	0.01160	0.00858	0.00434	0.01227
15	0.02093	0.01612	0.01811	0.01461	0.01994	0.01570	0.01153	0.25848	0.02567	0.03552	0.02758	0.17076	0.05953	0.01284	0.00818	0.00229	0.00693	0.01072	0.00703	0.25753
16	0.01569	0.01477	0.02492	0.68808	0.05722	0.01846	0.02307	0.02123	0.01661	0.02123	0.01477	0.02215	0.01107	0.00831	0.00831	0.00277	0.01107	0.00738	0.00369	0.00923
17	0.01187	0.00890	0.01335	0.01335	0.01483	0.01038	0.01038	0.01483	0.01335	0.01928	0.02225	0.03264	0.02077	0.06231	0.67512	0.01335	0.02225	0.00890	0.00445	0.00742
18	0.01194	0.00862	0.01194	0.01194	0.01293	0.00962	0.00862	0.01393	0.01293	0.01824	0.02354	0.03980	0.02388	0.27511	0.46657	0.01161	0.01757	0.00995	0.00464	0.00663
19	0.03727	0.01414	0.01928	0.01478	0.02121	0.01221	0.01221	0.04049	0.02378	0.66198	0.03277	0.02828	0.02056	0.01028	0.00835	0.00257	0.00707	0.00835	0.01028	0.01414
20	0.02159	0.01838	0.01987	0.01837	0.04576	0.02106	0.01384	0.09309	0.56672	0.03596	0.03195	0.02966	0.02395	0.01102	0.00843	0.00278	0.00692	0.00916	0.00828	0.01323
21	0.01012	0.00723	0.00964	0.01157	0.01205	0.00675	0.00771	0.01157	0.01591	0.02121	0.04579	0.70262	0.05495	0.02603	0.01060	0.00337	0.00482	0.02362	0.00771	0.00675
22	0.02799	0.27207	0.03044	0.01892	0.02418	0.45313	0.01542	0.03031	0.02124	0.02006	0.01240	0.01441	0.01069	0.00806	0.00674	0.00201	0.01288	0.00504	0.00403	0.00999
23	0.01022	0.00730	0.00972	0.01150	0.01207	0.00681	0.00772	0.01181	0.01635	0.02191	0.08103	0.66538	0.05631	0.02550	0.01056	0.00333	0.00477	0.02312	0.00779	0.00681
24	0.01030	0.00848	0.00908	0.00905	0.01168	0.00726	0.00687	0.01278	0.01972	0.02438	0.17841	0.07751	0.52993	0.02044	0.00989	0.00282	0.00431	0.04197	0.00795	0.00718
25	0.01324	0.01092	0.01598	0.01519	0.01635	0.01366	0.01208	0.01596	0.01321	0.01944	0.01978	0.02949	0.01862	0.05191	0.53416	0.01124	0.16816	0.00855	0.00427	0.00778
26	0.03158	0.02327	0.02493	0.01911	0.02576	0.02576	0.01579	0.62852	0.03906	0.05236	0.01995	0.01995	0.01413	0.00997	0.00831	0.00249	0.00914	0.00748	0.00831	0.01413
27	0.02856	0.02177	0.02323	0.01850	0.02461	0.02435	0.01506	0.46672	0.20579	0.04748	0.02378	0.02300	0.01724	0.01033	0.00835	0.00258	0.00843	0.00801	0.00835	0.01386
28	0.02153	0.06557	0.46997	0.02104	0.03150	0.01843	0.02521	0.03008	0.04598	0.16340	0.01943	0.02025	0.01334	0.00852	0.00790	0.00259	0.01076	0.00668	0.00519	0.01264
29	0.01664	0.10379	0.02224	0.02159	0.13980	0.04469	0.03944	0.01936	0.01716	0.04950	0.02945	0.32584	0.03208	0.01936	0.04854	0.00347	0.03746	0.01441	0.00593	0.00926
30	0.02481	0.06505	0.03057	0.03700	0.37480	0.16728	0.02113	0.12679	0.02316	0.02935	0.01548	0.01880	0.01263	0.00807	0.00791	0.00236	0.01083	0.00679	0.00481	0.01239
31	0.04844	0.04183	0.63735	0.02314	0.03511	0.01927	0.02977	0.02623	0.01740	0.02677	0.01477	0.01737	0.01046	0.00788	0.00778	0.00263	0.01203	0.00607	0.00358	0.01214
32	0.01895	0.24912	0.21071	0.02229	0.02995	0.02411	0.15781	0.02444	0.01699	0.02303	0.01433	0.01839	0.01178	0.01189	0.05536	0.00324	0.08626	0.00674	0.00376	0.01083
33	0.01549	0.00774	0.00774	0.00774	0.00968	0.00774	0.00581	0.01936	0.01742	0.03097	0.02710	0.03097	0.02129	0.00968	0.00581	0.00194	0.00387	0.00774	0.75416	0.00774
34	0.01024	0.00728	0.00961	0.01142	0.01188	0.00682	0.00756	0.01160	0.01568	0.02091	0.04465	0.66493	0.05351	0.06568	0.01245	0.00365	0.00501	0.02295	0.00756	0.00665
35	0.01195	0.00800	0.00910	0.00923	0.00927	0.00796	0.00522	0.01205	0.01234	0.01646	0.02752	0.09882	0.03190	0.66128	0.04011	0.00773	0.00783	0.01287	0.00522	0.00515
36	0.01012	0.00723	0.00964	0.01157	0.01205	0.00675	0.00771	0.01157	0.01591	0.02121	0.04579	0.70262	0.05495	0.02603	0.01060	0.00337	0.00482	0.02362	0.00771	0.00675
37	0.01201	0.00833	0.01047	0.01047	0.01096	0.00882	0.00680	0.01299	0.01250	0.01715	0.02488	0.04720	0.02709	0.49524	0.25084	0.00980	0.01273	0.01103	0.00484	0.00582
38	0.76672	0.01607	0.01221	0.01092	0.01607	0.01864	0.00900	0.02442	0.01414	0.03727	0.01157	0.01350	0.00900	0.00771	0.00514	0.00257	0.00643	0.00450	0.00514	0.00900
39	0.76672	0.01607	0.01221	0.01092	0.01607	0.01864	0.00900	0.02442	0.01414	0.03727	0.01157	0.01350	0.00900	0.00771	0.00514	0.00257	0.00643	0.00450	0.00514	0.00900
40	0.02056	0.01974	0.03372	0.05099	0.65622	0.01974	0.02550	0.02550	0.01892	0.02714	0.01563	0.02056	0.01316	0.00740	0.00822	0.00247	0.00987	0.00740	0.00411	0.01316
41	0.02052	0.01560	0.02551	0.48392	0.07218	0.01785	0.05177	0.05076	0.01906	0.13503	0.01827	0.02308	0.01302	0.00862	0.00839	0.00271	0.01040	0.00768	0.00508	0.01055
42	0.66487	0.06580	0.01515	0.01187	0.01709	0.06461	0.00984	0.02505	0.01497	0.03489	0.01165	0.01359	0.00923	0.00773	0.00532	0.00249	0.00718	0.00455	0.00497	0.00916
43	0.02441	0.02097	0.03084	0.06600	0.36390	0.02199	0.05246	0.25010	0.02636	0.03625	0.01726	0.02049	0.01340	0.00838	0.00834	0.00251	0.00986	0.00755	0.00566	0.01325
44	0.01187	0.00890	0.01335	0.01335	0.01483	0.01038	0.01038	0.01483	0.01335	0.01928	0.02225	0.03264	0.02077	0.06231	0.67512	0.01335	0.02225	0.00890	0.00445	0.00742
45	0.00982	0.00842	0.00842	0.00842	0.01122	0.00701	0.00631	0.01192	0.01894	0.02244	0.08416	0.07995	0.65285	0.02104	0.00982	0.00281	0.00421	0.01753	0.00771	0.00701
46	0.02066	0.01785	0.01878	0.01691	0.02160	0.02066	0.01315	0.04414	0.64121	0.03475	0.03381	0.03099	0.02536	0.01127	0.00845	0.00282	0.00657	0.00939	0.00845	0.01315
47	0.03103	0.03959	0.02354	0.02140	0.02568	0.67469	0.01605	0.03317	0.02354	0.02033	0.01284	0.01498	0.01070	0.00856	0.00749	0.00214	0.01498	0.00535	0.00428	0.00963
48	0.02187	0.56210	0.03816	0.01480	0.02138	0.03022	0.01398	0.02906	0.15244	0.02285	0.01638	0.01716	0.01385	0.00801	0.00601	0.00200	0.00838	0.00552	0.00462	0.01120
49	0.02066	0.01785	0.01878	0.01691	0.02160	0.02066	0.01315	0.04414	0.64121	0.03475	0.03381	0.03099	0.02536	0.01127	0.00845	0.00282	0.00657	0.00939	0.00845	0.01315
50	0.01192	0.00868	0.01225	0.01225	0.01335	0.00978	0.00901	0.01413	0.01302	0.01847	0.02326	0.03823	0.02320	0.22855	0.51220	0.01199	0.01860	0.00972	0.00460	0.00680
51	0.01203	0.00894	0.01156	0.01262	0.01464	0.00847	0.01040	0.01528	0.01952	0.02534	0.14975	0.13378	0.19520	0.02180	0.01075	0.00336	0.00603	0.32517	0.00791	0.00746
52	0.01198	0.00847	0.01118	0.01118	0.01191	0.00921	0.00768	0.01344	0.01271	0.01768	0.02424	0.04363	0.02554	0.38905	0.35491	0.01067	0.01507	0.01051	0.00475	0.00621
53	0.02314	0.02593	0.01867	0.05579	0.02213	0.36148	0.01333	0.02578	0.02041	0.02269	0.02534	0.02768	0.10115	0.01099	0.00922	0.00236	0.06873	0.00777	0.14859	0.00884
54	0.00993	0.00798	0.00887	0.00958	0.01153	0.00692	0.00683	0.01179	0.01782	0.02199	0.07002	0.30932	0.43260	0.02288	0.01011	0.00301	0.00443	0.01977	0.00771	0.00692
55	0.02926	0.02875	0.02609	0.02609	0.14674	0.26929	0.01775	0.28831	0.02934	0.03544	0.01644	0.01819	0.01265	0.00895	0.00798	0.00236	0.01148	0.00666	0.00599	0.01225
56	0.02794	0.16473	0.02890	0.02390	0.11163	0.40624	0.01698	0.08110	0.02294	0.02384	0.01358	0.01585	0.01132	0.00824	0.00725	0.00215	0.01261	0.00564	0.00446	0.01070
57	0.02761	0.07203	0.02767	0.02916	0.20311	0.40801	0.01859	0.07164	0.02292	0.02442	0.01404	0.01680	0.01163	0.00825	0.00763	0.00224	0.01278	0.00602	0.00447	0.01100
58	0.02221	0.01861	0.01965	0.01722	0.02219	0.02138	0.01352	0.12673	0.55612	0.03724	0.03185	0.02943	0.02377	0.01109	0.00843	0.00277	0.00694	0.00912	0.00843	0.01329
59	0.01443	0.00722	0.01082	0.01082	0.01082	0.00722	0.00722	0.01082	0.01082	0.01443	0.01443	0.02525	0.01443	0.02886	0.03247	0.75830	0.00722	0.00722	0.00361	0.00361
60	0.02047	0.03812	0.41379	0.02803	0.14370	0.16167	0.02659	0.02765	0.01909	0.02516	0.01459	0.01752	0.01103	0.00795	0.00786	0.00250	0.01244	0.00619	0.00378	0.01186
61	0.01790	0.01724	0.02517	0.07153	0.13259	0.02225	0.01861	0.02063	0.01458	0.02198	0.01608	0.02227	0.04049	0.01292	0.02079	0.00325	0.46197	0.00778	0.04231	0.00964
62	0.01033	0.00848	0.00913	0.00908	0.01169	0.00727	0.00689	0.01285	0.01982	0.02463	0.19181	0.07705	0.51829	0.02033	0.00988	0.00281	0.00429	0.04018	0.00799	0.00720
63	0.02202	0.14311	0.03430	0.04127	0.47502	0.09500	0.02247	0.02624	0.01908	0.02505	0.01460	0.01867	0.01245	0.00748	0.00764	0.00231	0.01027	0.00666	0.00403	0.01233
64	0.01532	0.01075	0.01330	0.01251	0.01523	0.01077	0.00966	0.02292	0.14536	0.07529	0.39980	0.09351	0.05993	0.01642	0.00962	0.00280	0.00503	0.06367	0.00888	0.00925
65	0.02102	0.02426	0.08155	0.04063	0.33902	0.08617	0.23150	0.02671	0.01953	0.02621	0.01570	0.02043	0.01254	0.00742	0.00867	0.00256	0.01197	0.00793	0.00412	0.01207
66	0.01374	0.01027	0.01114	0.01079	0.01152	0.03898	0.00692	0.04030	0.01398	0.01842	0.02463	0.04736	0.02701	0.53508	0.14841	0.00846	0.01086	0.01103	0.00504	0.00605
67	0.03004	0.02178	0.02329	0.01803	0.02422	0.02404	0.01483	0.57021	0.03699	0.05031	0.02063	0.02100	0.01481	0.00994	0.00807	0.00244	0.00864	0.00750	0.07971	0.01352
68	0.01723	0.01477	0.01723	0.01230	0.01969	0.01107	0.00984	0.02092	0.01723	0.02707	0.01477	0.01723	0.01230	0.00615	0.00615	0.00123	0.00615	0.00492	0.00492	0.75883
69	0.01723	0.01477	0.01723	0.01230	0.01969	0.01107	0.00984	0.02092	0.01723	0.02707	0.01477	0.01723	0.01230	0.00615	0.00615	0.00123	0.00615	0.00492	0.00492	0.75883
70	0.01727	0.01492	0.01759	0.01273	0.01978	0.01172	0.01022	0.02088	0.01703	0.02675	0.01459	0.01727	0.01224	0.00653	0.00709	0.00134	0.03680	0.00503	0.00486	0.72537
71	0.01128	0.00827	0.01043	0.01029	0.01203	0.00758	0.00748	0.01438	0.02118	0.02919	0.45455	0.16258	0.14510	0.05426	0.01159	0.00303	0.00431	0.01651	0.00853	0.00742
72	0.01205	0.00817	0.00965	0.00965	0.00986	0.00837	0.00577	0.01246	0.01226	0.01655	0.02564	0.05137	0.02890	0.61918	0.12938	0.00878	0.01001	0.01164	0.00495	0.00536
73	0.76672	0.01607	0.01221	0.01092	0.01607	0.01864	0.00900	0.02442	0.01414	0.03727	0.01157	0.01350	0.00900	0.00771	0.00514	0.00257	0.00643	0.00450	0.00514	0.00900
74	0.01818	0.01818	0.02545	0.02181	0.02181	0.02545	0.01818	0.01999	0.01272	0.01999	0.01091	0.01818	0.01091	0.01454	0.02726	0.00364	0.69284	0.00727	0.00364	0.00909
75	0.01176	0.00849	0.01110	0.01045	0.01241	0.00784	0.00784	0.01568	0.02352	0.03331	0.65184	0.06206	0.07839	0.01698	0.00980	0.00261	0.00392	0.01502	0.00914	0.00784
76	0.02971	0.02146	0.02293	0.01779	0.02389	0.02367	0.01463	0.55767	0.03654	0.04987	0.02078	0.02123	0.01496	0.00994	0.00802	0.00243	0.00853	0.00751	0.09506	0.01339
77	0.01208	0.00805	0.00906	0.00906	0.00906	0.00805	0.00503	0.01208	0.01208	0.01611	0.02618	0.05436	0.03020	0.70804	0.04228	0.00805	0.00805	0.01208	0.00503	0.00503
78	0.02014	0.01915	0.03254	0.04892	0.61907	0.01915	0.02479	0.02501	0.01893	0.02701	0.01728	0.02481	0.01517	0.00831	0.00841	0.00255	0.00974	0.04188	0.00432	0.01284
79	0.01187	0.00890	0.01335	0.01335	0.01483	0.01038	0.01038	0.01483	0.01335	0.01928	0.02225	0.03264	0.02077	0.06231	0.67512	0.01335	0.02225	0.00890	0.00445	0.00742
80	0.02110	0.02075	0.03320	0.04948	0.62395	0.05326	0.02501	0.02589	0.01915	0.02679	0.01548	0.02028	0.01303	0.00746	0.00819	0.00245	0.01013	0.00730	0.00412	0.01298
81	0.03103	0.03959	0.02354	0.02140	0.02568	0.67469	0.01605	0.03317	0.02354	0.02033	0.01284	0.01498	0.01070	0.00856	0.00749	0.00214	0.01498	0.00535	0.00428	0.00963
82	0.00995	0.00842	0.00860	0.00856	0.01130	0.00707	0.00642	0.01218	0.01925	0.02319	0.12309	0.07872	0.61346	0.02076	0.00982	0.00279	0.00419	0.01736	0.00781	0.00707
83	0.01019	0.00843	0.00894	0.00881	0.01145	0.00717	0.00661	0.01265	0.01982	0.02455	0.19417	0.07648	0.54152	0.02025	0.00981	0.00277	0.00415	0.01705	0.00799	0.00717
84	0.01208	0.00805	0.00906	0.00906	0.00906	0.00805	0.00503	0.01208	0.01208	0.01611	0.02618	0.05436	0.03020	0.70804	0.04228	0.00805	0.00805	0.01208	0.00503	0.00503
85	0.00982	0.00842	0.00842	0.00842	0.01122	0.00701	0.00631	0.01192	0.01894	0.02244	0.08416	0.07995	0.65285	0.02104	0.00982	0.00281	0.00421	0.01753	0.00771	0.00701
86	0.01818	0.01818	0.02545	0.02181	0.02181	0.02545	0.01818	0.01999	0.01272	0.01999	0.01091	0.01818	0.01091	0.01454	0.02726	0.00364	0.69284	0.00727	0.00364	0.00909
87	0.76672	0.01607	0.01221	0.01092	0.01607	0.01864	0.00900	0.02442	0.01414	0.03727	0.01157	0.01350	0.00900	0.00771	0.00514	0.00257	0.00643	0.00450	0.00514	0.00900
88	0.76672	0.01607	0.01221	0.01092	0.01607	0.01864	0.00900	0.02442	0.01414	0.03727	0.01157	0.01350	0.00900	0.00771	0.00514	0.00257	0.00643	0.00450	0.00514	0.00900
89	0.02973	0.03677	0.02290	0.02075	0.02494	0.60084	0.01565	0.05758	0.02351	0.02164	0.01380	0.01641	0.01154	0.01233	0.05363	0.00293	0.01523	0.00569	0.00447	0.00967
90	0.01339	0.00956	0.01339	0.01530	0.01721	0.00956	0.01339	0.01721	0.01912	0.02486	0.04399	0.09371	0.04781	0.02295	0.01147	0.00382	0.00765	0.60031	0.00765	0.00765
91	0.76672	0.01607	0.01221	0.01092	0.01607	0.01864	0.00900	0.02442	0.01414	0.03727	0.01157	0.01350	0.00900	0.00771	0.00514	0.00257	0.00643	0.00450	0.00514	0.00900
92	0.03103	0.03959	0.02354	0.02140	0.02568	0.67469	0.01605	0.03317	0.02354	0.02033	0.01284	0.01498	0.01070	0.00856	0.00749	0.00214	0.01498	0.00535	0.00428	0.00963
93	0.01719	0.01252	0.01468	0.01405	0.01657	0.01301	0.01037	0.21489	0.02354	0.03147	0.03727	0.47764	0.04149	0.02074	0.00985	0.00308	0.00624	0.01830	0.00791	0.00918
94	0.02349	0.02723	0.07604	0.05860	0.19802	0.19571	0.15238	0.07859	0.02147	0.02664	0.01515	0.01914	0.01207	0.00833	0.00947	0.00255	0.05199	0.00729	0.00445	0.01142
95	0.01262	0.00974	0.01171	0.01126	0.01365	0.00947	0.00853	0.01877	0.10709	0.03055	0.40630	0.09951	0.16862	0.01769	0.00974	0.00277	0.00455	0.04043	0.00865	0.00835
96	0.03108	0.03821	0.02366	0.02121	0.02569	0.61956	0.01603	0.08375	0.02486	0.02305	0.01344	0.01540	0.01099	0.00868	0.00756	0.00217	0.01449	0.00553	0.00462	0.01001
97	0.03135	0.03015	0.02435	0.02008	0.02573	0.29938	0.01590	0.37750	0.03252	0.03885	0.01695	0.01785	0.01268	0.00938	0.00796	0.00234	0.01160	0.00658	0.00661	0.01223
98	0.02272	0.67389	0.04237	0.01463	0.02158	0.07019	0.01432	0.02536	0.01727	0.01959	0.01162	0.01342	0.01066	0.00719	0.00546	0.00180	0.00924	0.00449	0.00360	0.01060
99	0.01021	0.00854	0.00896	0.00917	0.01188	0.00729	0.00708	0.01250	0.01896	0.02271	0.07977	0.08145	0.58675	0.02125	0.01000	0.00292	0.00458	0.08120	0.00771	0.00708
100	0.01443	0.00722	0.01082	0.01082	0.01082	0.00722	0.00722	0.01082	0.01082	0.01443	0.01443	0.02525	0.01443	0.02886	0.03247	0.75830	0.00722	0.00722	0.00361	0.00361
101	0.16535	0.01848	0.01449	0.01295	0.01668	0.15722	0.01007	0.11050	0.02122	0.03293	0.02000	0.02257	0.01561	0.00910	0.00640	0.00218	0.00753	0.00656	0.34086	0.00931
102	0.01191	0.00875	0.01258	0.01258	0.01379	0.00996	0.00942	0.01434	0.01312	0.01871	0.02296	0.03656	0.02247	0.17878	0.56098	0.01240	0.01969	0.00947	0.00456	0.00699
103	0.01208	0.00805	0.00906	0.00906	0.00906	0.00805	0.00503	0.01208	0.01208	0.01611	0.02618	0.05436	0.03020	0.70804	0.04228	0.00805	0.00805	0.01208	0.00503	0.00503
104	0.01690	0.07125	0.63877	0.02328	0.03534	0.01987	0.03000	0.02625	0.01751	0.02602	0.01477	0.01736	0.01053	0.00786	0.00778	0.00259	0.01213	0.00607	0.00351	0.01221
105	0.01718	0.03814	0.52919	0.02498	0.03568	0.02005	0.10670	0.02579	0.01739	0.02579	0.01480	0.01823	0.01083	0.00836	0.00984	0.00274	0.07213	0.00671	0.00361	0.01186
106	0.01666	0.04297	0.66500	0.02368	0.03596	0.01929	0.03069	0.02631	0.01754	0.02631	0.01491	0.01754	0.01052	0.00789	0.00789	0.00263	0.01228	0.00614	0.00351	0.01228
107	0.02128	0.02110	0.03302	0.04896	0.61298	0.06465	0.02485	0.02602	0.01923	0.02667	0.01544	0.02018	0.01299	0.00748	0.00817	0.00244	0.01022	0.00726	0.00412	0.01292
108	0.01993	0.01909	0.03258	0.13350	0.57865	0.01957	0.02518	0.02494	0.01862	0.02637	0.01551	0.02077	0.01289	0.00752	0.00823	0.00251	0.01003	0.00740	0.00406	0.01265
109	0.01443	0.00722	0.01082	0.01082	0.01082	0.00722	0.00722	0.01082	0.01082	0.01443	0.01443	0.02525	0.01443	0.02886	0.03247	0.75830	0.00722	0.00722	0.00361	0.00361
110	0.01261	0.00936	0.01188	0.01123	0.01342	0.00904	0.00854	0.01824	0.07745	0.03308	0.57148	0.06070	0.07242	0.01674	0.00975	0.00268	0.00431	0.03977	0.00902	0.00830
111	0.02056	0.01974	0.03372	0.05099	0.65622	0.01974	0.02550	0.02550	0.01892	0.02714	0.01563	0.02056	0.01316	0.00740	0.00822	0.00247	0.00987	0.00740	0.00411	0.01316
112	0.01009	0.00843	0.00879	0.00870	0.01138	0.00713	0.00652	0.01244	0.01957	0.02394	0.16228	0.07749	0.57379	0.02048	0.00982	0.00278	0.00417	0.01719	0.00791	0.00713
113	0.01242	0.00918	0.01209	0.01359	0.01561	0.00884	0.01152	0.01574	0.01890	0.02412	0.05281	0.12613	0.17959	0.02271	0.01106	0.00358	0.00674	0.44024	0.00767	0.00746
114	0.03158	0.02327	0.02493	0.01911	0.02576	0.02576	0.01579	0.62852	0.03906	0.05236	0.01995	0.01995	0.01413	0.00997	0.00831	0.00249	0.00914	0.00748	0.00831	0.01413
115	0.02056	0.01974	0.03372	0.05099	0.65622	0.01974	0.02550	0.02550	0.01892	0.02714	0.01563	0.02056	0.01316	0.00740	0.00822	0.00247	0.00987	0.00740	0.00411	0.01316
116	0.02195	0.56256	0.09195	0.06186	0.02531	0.03027	0.01629	0.06614	0.01844	0.02247	0.01262	0.01473	0.01092	0.00745	0.00595	0.00196	0.00933	0.00499	0.00389	0.01093
117	0.01666	0.04297	0.66500	0.02368	0.03596	0.01929	0.03069	0.02631	0.01754	0.02631	0.01491	0.01754	0.01052	0.00789	0.00789	0.00263	0.01228	0.00614	0.00351	0.01228
118	0.01187	0.00890	0.01335	0.01335	0.01483	0.01038	0.01038	0.01483	0.01335	0.01928	0.02225	0.03264	0.02077	0.06231	0.67512	0.01335	0.02225	0.00890	0.00445	0.00742
119	0.01187	0.00890	0.01335	0.01335	0.01483	0.01038	0.01038	0.01483	0.01335	0.01928	0.02225	0.03264	0.02077	0.06231	0.67512	0.01335	0.02225	0.00890	0.00445	0.00742
120	0.02688	0.03172	0.02758	0.03314	0.27580	0.41489	0.01980	0.03013	0.02171	0.02303	0.01395	0.01719	0.01168	0.00810	0.00778	0.00227	0.01295	0.00616	0.00421	0.01103
121	0.01947	0.01962	0.03578	0.13239	0.36962	0.02032	0.17768	0.02478	0.01831	0.02565	0.01545	0.02107	0.01256	0.00796	0.01008	0.00268	0.06273	0.00800	0.00404	0.01181
122	0.17914	0.06828	0.04790	0.02275	0.15809	0.09709	0.01540	0.09996	0.02147	0.05633	0.10401	0.05312	0.02288	0.01016	0.00761	0.00247	0.00855	0.00808	0.00590	0.01080
123	0.01896	0.01225	0.01449	0.01250	0.01621	0.01198	0.00980	0.11452	0.06742	0.13107	0.30901	0.05170	0.16571	0.01526	0.00926	0.00264	0.00544	0.01294	0.00887	0.00998
124	0.01839	0.01408	0.01730	0.06798	0.06806	0.04078	0.01281	0.12944	0.02015	0.02923	0.02120	0.02685	0.01756	0.02623	0.21882	0.00582	0.04178	0.00789	0.20617	0.00945
125	0.02056	0.01974	0.03372	0.05099	0.65622	0.01974	0.02550	0.02550	0.01892	0.02714	0.01563	0.02056	0.01316	0.00740	0.00822	0.00247	0.00987	0.00740	0.00411	0.01316
126	0.01723	0.01477	0.01723	0.01230	0.01969	0.01107	0.00984	0.02092	0.01723	0.02707	0.01477	0.01723	0.01230	0.00615	0.00615	0.00123	0.00615	0.00492	0.00492	0.75883
127	0.02829	0.02065	0.02232	0.01753	0.02335	0.02275	0.01437	0.52088	0.03503	0.04747	0.02304	0.02386	0.03942	0.01399	0.05424	0.00322	0.00950	0.00798	0.05917	0.01296
