[name]
unknown

[dist]
# distance from previous block
# <min> <max>
0	0

[block]
# block no. 0 follows, 21 sequences, length 31
# corresponding to MSA columns:
# 0-30
name=unknown_A
#
# <colnr> <probs for GDERKNQSTAVLIFYWHMCP>
#	G	D	E	R	K	N	Q	S	T	A	V	L	I	F	Y	W	H	M	C	P
0	0.01371	0.00980	0.01371	0.01567	0.01763	0.00980	0.01371	0.01763	0.01959	0.02547	0.04506	0.09599	0.04898	0.02351	0.01175	0.00392	0.00784	0.59056	0.00784	0.00784
1	0.02106	0.02022	0.03454	0.05223	0.64784	0.02022	0.02612	0.02612	0.01938	0.02780	0.01601	0.02106	0.01348	0.00758	0.00842	0.00253	0.01011	0.00758	0.00421	0.01348
2	0.03043	0.03839	0.02340	0.02135	0.02554	0.62144	0.01604	0.03268	0.02340	0.02075	0.01382	0.01660	0.01167	0.01257	0.05322	0.00299	0.01586	0.00573	0.00440	0.00971
3	0.43402	0.15561	0.17922	0.01509	0.02257	0.02206	0.01578	0.02559	0.01589	0.03190	0.01270	0.01482	0.00993	0.00783	0.00601	0.00249	0.00856	0.00502	0.00454	0.01038
4	0.09086	0.01577	0.02436	0.36151	0.15844	0.01762	0.02022	0.02553	0.01871	0.11967	0.05207	0.02471	0.01677	0.00906	0.00828	0.00272	0.00964	0.00786	0.00532	0.01087
5	0.22995	0.01087	0.01045	0.01026	0.01346	0.01088	0.00779	0.01770	0.01747	0.05605	0.05037	0.17861	0.27163	0.01731	0.00848	0.00285	0.00520	0.01421	0.05838	0.00810
6	0.02030	0.01481	0.01921	0.02113	0.14635	0.01456	0.01355	0.05567	0.13917	0.12231	0.10681	0.04348	0.17827	0.01330	0.00894	0.00264	0.00672	0.01135	0.00771	0.05372
7	0.02225	0.02261	0.02684	0.13183	0.24373	0.14785	0.01974	0.05806	0.02041	0.02648	0.01512	0.01934	0.01241	0.00824	0.00891	0.00233	0.04631	0.00666	0.00455	0.15634
8	0.01998	0.01955	0.02768	0.08376	0.41054	0.08664	0.02079	0.02382	0.01851	0.02463	0.01898	0.06380	0.01806	0.11126	0.01364	0.00341	0.01019	0.00900	0.00455	0.01122
9	0.02229	0.02887	0.12709	0.03536	0.18667	0.15274	0.26733	0.02831	0.02044	0.02603	0.01582	0.02023	0.01235	0.00773	0.00889	0.00262	0.01327	0.00798	0.00420	0.01179
10	0.02424	0.01667	0.02119	0.15085	0.02952	0.01601	0.01450	0.14026	0.02315	0.15631	0.01982	0.02147	0.01439	0.00835	0.00763	0.00210	0.00811	0.00676	0.00655	0.31211
11	0.01279	0.00915	0.01058	0.01073	0.01188	0.00893	0.00708	0.05430	0.01708	0.02246	0.07112	0.24905	0.13249	0.31574	0.02457	0.00534	0.00654	0.01658	0.00683	0.00677
12	0.01541	0.01606	0.05056	0.28945	0.09726	0.01595	0.11350	0.02038	0.01848	0.02378	0.03696	0.04022	0.20244	0.01212	0.00919	0.00282	0.00964	0.01104	0.00514	0.00960
13	0.01127	0.00822	0.01047	0.04890	0.01398	0.00803	0.00783	0.01261	0.01545	0.02027	0.04277	0.40608	0.10194	0.22822	0.02043	0.00481	0.00624	0.01909	0.00684	0.00655
14	0.01057	0.00821	0.00963	0.01019	0.01204	0.00726	0.00729	0.01287	0.01925	0.02481	0.18605	0.29590	0.32043	0.02252	0.01034	0.00304	0.00447	0.01965	0.00820	0.00726
15	0.06012	0.01162	0.01458	0.01327	0.01679	0.01107	0.01045	0.06442	0.02248	0.20367	0.18582	0.17884	0.07251	0.01722	0.00963	0.00296	0.00605	0.07958	0.00888	0.01005
16	0.16019	0.00954	0.01009	0.01081	0.01269	0.00953	0.00760	0.01460	0.01619	0.02476	0.04599	0.37216	0.16455	0.08724	0.01273	0.00364	0.00546	0.01787	0.00711	0.00726
17	0.01108	0.00818	0.01008	0.01055	0.01200	0.00748	0.00738	0.01343	0.01924	0.02575	0.25883	0.28981	0.18222	0.08800	0.01357	0.00353	0.00481	0.01873	0.00814	0.00718
18	0.01374	0.00852	0.01136	0.01136	0.01290	0.00935	0.00864	0.01646	0.01492	0.02358	0.02380	0.03209	0.02084	0.04112	0.36797	0.08109	0.01453	0.00852	0.27186	0.00734
19	0.02599	0.01436	0.01767	0.01445	0.01922	0.01407	0.01158	0.14989	0.05965	0.25890	0.26668	0.04075	0.04288	0.01318	0.00913	0.00265	0.00640	0.01107	0.00957	0.01193
20	0.01066	0.00813	0.00986	0.01101	0.01256	0.00734	0.00795	0.01273	0.01809	0.02312	0.08926	0.38946	0.26652	0.02410	0.01062	0.00325	0.00494	0.07529	0.00796	0.00715
21	0.01129	0.00877	0.01007	0.01033	0.01163	0.00847	0.00708	0.01263	0.01622	0.02062	0.05514	0.21452	0.28853	0.22538	0.02116	0.00466	0.04285	0.01718	0.00685	0.00663
22	0.01254	0.00979	0.01174	0.01260	0.01495	0.00945	0.01009	0.01732	0.07679	0.02493	0.05979	0.17551	0.27124	0.02213	0.01069	0.00336	0.00597	0.23517	0.00795	0.00798
23	0.01331	0.00859	0.01108	0.01108	0.01244	0.00935	0.00814	0.01602	0.01466	0.02268	0.02508	0.03736	0.02336	0.17476	0.34524	0.00910	0.01427	0.00941	0.22683	0.00721
24	0.01073	0.00766	0.01029	0.01226	0.01291	0.00722	0.00852	0.01247	0.01665	0.02213	0.04671	0.63101	0.05550	0.02632	0.01096	0.00351	0.00525	0.08501	0.00789	0.00701
25	0.21706	0.02119	0.01501	0.01393	0.01720	0.23066	0.01027	0.02329	0.01787	0.02518	0.02427	0.03147	0.08326	0.14878	0.01527	0.03197	0.00948	0.00818	0.04754	0.00812
26	0.01064	0.00846	0.00959	0.00996	0.01219	0.00741	0.00739	0.01306	0.01957	0.02469	0.16678	0.19743	0.40766	0.02197	0.01030	0.00301	0.00457	0.04988	0.00814	0.00730
27	0.02296	0.02201	0.02128	0.15041	0.06142	0.17464	0.01572	0.17208	0.02513	0.03058	0.03121	0.03284	0.14199	0.01169	0.00848	0.00256	0.00993	0.00923	0.04538	0.01047
28	0.02398	0.01184	0.01491	0.01269	0.01718	0.01055	0.01016	0.02807	0.05171	0.31493	0.14338	0.05306	0.21314	0.01547	0.00938	0.00278	0.00590	0.04049	0.00937	0.01100
29	0.02558	0.02617	0.02696	0.16919	0.17981	0.22526	0.02009	0.14354	0.04921	0.02963	0.01653	0.01992	0.01293	0.00883	0.00823	0.00251	0.01175	0.00701	0.00519	0.01167
30	0.16754	0.01455	0.07174	0.01303	0.01699	0.01321	0.03370	0.02228	0.01727	0.06449	0.05707	0.02775	0.02065	0.01604	0.08248	0.00370	0.04087	0.00776	0.29975	0.00914

[dist]
# distance from previous block
# <min> <max>
1	13

[block]
# block no. 1 follows, 21 sequences, length 35
# corresponding to MSA columns:
# 44-78
name=unknown_B
#
# <colnr> <probs for GDERKNQSTAVLIFYWHMCP>
#	G	D	E	R	K	N	Q	S	T	A	V	L	I	F	Y	W	H	M	C	P
0	0.01937	0.07025	0.29393	0.03065	0.15367	0.06121	0.15519	0.02642	0.01913	0.02619	0.01937	0.02272	0.04627	0.00852	0.00851	0.00263	0.01202	0.00785	0.00416	0.01195
1	0.01971	0.07160	0.24063	0.01943	0.02641	0.09734	0.01962	0.05416	0.15330	0.02728	0.02084	0.02375	0.01650	0.02066	0.14636	0.00492	0.01342	0.00746	0.00521	0.01138
2	0.01581	0.01382	0.01576	0.01731	0.08961	0.04967	0.01125	0.02310	0.15304	0.02690	0.14268	0.08989	0.14693	0.11638	0.04675	0.00411	0.00762	0.01293	0.00712	0.00931
3	0.02295	0.40088	0.07601	0.05163	0.10235	0.08621	0.01709	0.02652	0.01878	0.06178	0.01844	0.02027	0.04786	0.00858	0.00680	0.00216	0.00974	0.00628	0.00446	0.01119
4	0.33744	0.02922	0.14300	0.01851	0.02520	0.20039	0.05035	0.05602	0.01936	0.03128	0.01358	0.01588	0.01046	0.00825	0.00691	0.00253	0.01076	0.00563	0.00480	0.01042
5	0.02694	0.02243	0.02224	0.02240	0.11497	0.17461	0.01528	0.16315	0.02591	0.13727	0.05210	0.10510	0.05547	0.01235	0.00872	0.00260	0.00956	0.01007	0.00714	0.01167
6	0.02131	0.31868	0.03170	0.01704	0.02182	0.02724	0.01497	0.05796	0.16572	0.02552	0.01832	0.02065	0.01544	0.01365	0.05330	0.00327	0.15025	0.00682	0.00517	0.01116
7	0.01227	0.01054	0.01396	0.01789	0.13467	0.00963	0.01064	0.01480	0.01858	0.02359	0.06238	0.23033	0.36891	0.02019	0.00995	0.00296	0.00559	0.01758	0.00719	0.00833
8	0.01363	0.01143	0.01787	0.01639	0.01814	0.01365	0.05054	0.01676	0.01399	0.02034	0.02069	0.03054	0.01922	0.05287	0.52932	0.01149	0.12168	0.00893	0.00442	0.00810
9	0.02106	0.02022	0.03454	0.05223	0.64784	0.02022	0.02612	0.02612	0.01938	0.02780	0.01601	0.02106	0.01348	0.00758	0.00842	0.00253	0.01011	0.00758	0.00421	0.01348
10	0.03258	0.01934	0.02200	0.01704	0.02331	0.02021	0.01402	0.37874	0.03291	0.24068	0.02529	0.02422	0.01727	0.01029	0.00828	0.00252	0.00817	0.00797	0.08132	0.01384
11	0.01124	0.00867	0.01027	0.00987	0.01222	0.00769	0.00740	0.01451	0.02220	0.02964	0.41875	0.07096	0.30769	0.01907	0.01005	0.00276	0.00413	0.01643	0.00878	0.00769
12	0.01152	0.00868	0.01064	0.01015	0.01239	0.00780	0.00761	0.01504	0.02284	0.03116	0.49501	0.06845	0.23048	0.01850	0.01004	0.00273	0.00409	0.01607	0.00898	0.00780
13	0.01006	0.00862	0.00862	0.00862	0.01149	0.00718	0.00647	0.01221	0.01940	0.02299	0.08621	0.08190	0.64438	0.02155	0.01006	0.00287	0.00431	0.01796	0.00790	0.00718
14	0.02275	0.70604	0.04459	0.01456	0.02184	0.03367	0.01456	0.02548	0.01729	0.02002	0.01183	0.01365	0.01092	0.00728	0.00546	0.00182	0.00910	0.00455	0.00364	0.01092
15	0.03818	0.01448	0.01975	0.01514	0.02172	0.01251	0.01251	0.04147	0.02436	0.65373	0.03357	0.02897	0.02107	0.01053	0.00856	0.00263	0.00724	0.00856	0.01053	0.01448
16	0.76103	0.01646	0.01251	0.01119	0.01646	0.01909	0.00922	0.02502	0.01448	0.03818	0.01185	0.01382	0.00922	0.00790	0.00527	0.00263	0.00658	0.00461	0.00527	0.00922
17	0.03235	0.02384	0.02554	0.01958	0.02639	0.02639	0.01618	0.61946	0.04001	0.05363	0.02043	0.02043	0.01447	0.01022	0.00851	0.00255	0.00936	0.00766	0.00851	0.01447
18	0.02117	0.01828	0.01924	0.01732	0.02213	0.02117	0.01347	0.04522	0.63246	0.03560	0.03464	0.03175	0.02598	0.01155	0.00866	0.00289	0.00673	0.00962	0.00866	0.01347
19	0.76103	0.01646	0.01251	0.01119	0.01646	0.01909	0.00922	0.02502	0.01448	0.03818	0.01185	0.01382	0.00922	0.00790	0.00527	0.00263	0.00658	0.00461	0.00527	0.00922
20	0.02117	0.01828	0.01924	0.01732	0.02213	0.02117	0.01347	0.04522	0.63246	0.03560	0.03464	0.03175	0.02598	0.01155	0.00866	0.00289	0.00673	0.00962	0.00866	0.01347
21	0.01607	0.01513	0.02552	0.68047	0.05861	0.01891	0.02363	0.02174	0.01702	0.02174	0.01513	0.02269	0.01134	0.00851	0.00851	0.00284	0.01134	0.00756	0.00378	0.00945
22	0.01152	0.00868	0.01065	0.01016	0.01239	0.00781	0.00762	0.01504	0.02285	0.03118	0.49608	0.06841	0.22940	0.01850	0.01004	0.00273	0.00409	0.01607	0.00898	0.00781
23	0.01644	0.01541	0.02188	0.01941	0.01993	0.02085	0.01592	0.01869	0.01325	0.02024	0.01510	0.02362	0.01459	0.03143	0.24394	0.00709	0.46147	0.00801	0.00401	0.00873
24	0.01025	0.00868	0.00889	0.00899	0.01182	0.00732	0.00685	0.01250	0.01941	0.02312	0.08403	0.08264	0.61291	0.02166	0.01015	0.00293	0.00450	0.04823	0.00790	0.00722
25	0.01216	0.00912	0.01368	0.01368	0.01520	0.01064	0.01064	0.01520	0.01368	0.01976	0.02279	0.03343	0.02127	0.06382	0.66720	0.01368	0.02279	0.00912	0.00456	0.00760
26	0.02948	0.16808	0.02862	0.02209	0.05807	0.51049	0.01659	0.03193	0.02255	0.02104	0.01305	0.01532	0.01109	0.00842	0.00729	0.00214	0.01386	0.00541	0.00423	0.01026
27	0.01216	0.00912	0.01368	0.01368	0.01520	0.01064	0.01064	0.01520	0.01368	0.01976	0.02279	0.03343	0.02127	0.06382	0.66720	0.01368	0.02279	0.00912	0.00456	0.00760
28	0.01817	0.01916	0.06748	0.03575	0.35459	0.01890	0.02109	0.02230	0.01796	0.02528	0.02851	0.03211	0.13473	0.01185	0.01281	0.00286	0.15088	0.00948	0.00478	0.01133
29	0.01220	0.01049	0.01067	0.01030	0.01355	0.00989	0.00782	0.01859	0.13786	0.02543	0.07624	0.07221	0.52489	0.01962	0.00979	0.00288	0.00478	0.01635	0.00805	0.00840
30	0.01723	0.01450	0.04985	0.01401	0.01765	0.01349	0.01142	0.16346	0.05504	0.03542	0.27738	0.17327	0.08888	0.01693	0.00966	0.00282	0.00611	0.01462	0.00843	0.00983
31	0.06515	0.28711	0.03087	0.01826	0.02343	0.33341	0.01522	0.02881	0.02002	0.02137	0.01289	0.01557	0.01130	0.01082	0.03575	0.00264	0.04779	0.00534	0.00412	0.01010
32	0.02375	0.35096	0.16579	0.01899	0.02619	0.19961	0.01882	0.02778	0.01902	0.02171	0.01287	0.01529	0.01092	0.00828	0.00788	0.00221	0.04989	0.00533	0.00383	0.01089
33	0.02351	0.10425	0.30757	0.02465	0.08306	0.22310	0.02371	0.06635	0.02133	0.02612	0.01466	0.01715	0.01131	0.00831	0.00776	0.00243	0.01269	0.00606	0.00421	0.01177
34	0.02055	0.02315	0.10844	0.04818	0.54793	0.02023	0.05422	0.02627	0.01924	0.02768	0.01598	0.02079	0.01314	0.00762	0.00846	0.00256	0.01060	0.00754	0.00414	0.01328

[dist]
# distance from previous block
# <min> <max>
0	1

[block]
# block no. 2 follows, 21 sequences, length 27
# corresponding to MSA columns:
# 80-106
name=unknown_C
#
# <colnr> <probs for GDERKNQSTAVLIFYWHMCP>
#	G	D	E	R	K	N	Q	S	T	A	V	L	I	F	Y	W	H	M	C	P
0	0.22149	0.31310	0.06841	0.01612	0.02246	0.18924	0.01465	0.02760	0.01831	0.02549	0.01238	0.01439	0.01047	0.00787	0.00613	0.00218	0.01022	0.00491	0.00426	0.01030
1	0.01054	0.00878	0.00929	0.00955	0.01231	0.00753	0.00742	0.01293	0.01942	0.02332	0.08077	0.08376	0.56569	0.02181	0.01028	0.00301	0.00478	0.09364	0.00789	0.00727
2	0.02458	0.02585	0.03124	0.04226	0.44610	0.19292	0.02296	0.06265	0.02184	0.02744	0.01550	0.01950	0.01287	0.00805	0.00823	0.00244	0.01146	0.00703	0.00451	0.01257
3	0.01017	0.00863	0.00878	0.00874	0.01156	0.00723	0.00655	0.01243	0.01966	0.02362	0.11760	0.08087	0.61261	0.02132	0.01006	0.00286	0.00429	0.01782	0.00799	0.00723
4	0.01477	0.01296	0.01703	0.01594	0.01704	0.04353	0.01251	0.01717	0.01385	0.01969	0.01964	0.03075	0.01902	0.10737	0.40984	0.01001	0.19773	0.00881	0.00438	0.00793
5	0.01006	0.00862	0.00862	0.00862	0.01149	0.00718	0.00647	0.01221	0.01940	0.02299	0.08621	0.08190	0.64438	0.02155	0.01006	0.00287	0.00431	0.01796	0.00790	0.00718
6	0.01765	0.01513	0.01765	0.01260	0.02017	0.01134	0.01008	0.02143	0.01765	0.02773	0.01513	0.01765	0.01260	0.00630	0.00630	0.00126	0.00630	0.00504	0.00504	0.75295
7	0.03312	0.02260	0.02477	0.01899	0.02577	0.02456	0.01569	0.54307	0.03794	0.13295	0.02217	0.02156	0.01534	0.01026	0.00852	0.00256	0.00908	0.00778	0.00878	0.01447
8	0.01080	0.00919	0.00937	0.00922	0.01217	0.00803	0.00695	0.01431	0.05519	0.02424	0.10916	0.07814	0.58223	0.02078	0.00998	0.00287	0.00444	0.01736	0.00801	0.00759
9	0.03216	0.02948	0.02506	0.02037	0.02636	0.24261	0.01627	0.42178	0.03464	0.04256	0.01797	0.01871	0.01329	0.00973	0.00823	0.00243	0.01138	0.00693	0.00712	0.01292
10	0.01276	0.01000	0.01482	0.01448	0.01586	0.01207	0.01138	0.01569	0.01362	0.01982	0.02172	0.03206	0.02034	0.05929	0.60797	0.01275	0.08418	0.00896	0.00448	0.00776
11	0.01711	0.01619	0.02741	0.54944	0.18150	0.01918	0.02415	0.02266	0.01751	0.02301	0.01531	0.02235	0.01179	0.00832	0.00849	0.00277	0.01109	0.00757	0.00387	0.01029
12	0.02387	0.01768	0.01932	0.01697	0.02206	0.01979	0.01332	0.04462	0.53576	0.13389	0.03447	0.03131	0.02520	0.01138	0.00864	0.00285	0.00682	0.00945	0.00896	0.01363
13	0.02295	0.01916	0.02024	0.01768	0.02281	0.02200	0.01390	0.13654	0.53825	0.03847	0.03238	0.02995	0.02415	0.01133	0.00864	0.00283	0.00715	0.00931	0.00864	0.01363
14	0.01765	0.01513	0.01765	0.01260	0.02017	0.01134	0.01008	0.02143	0.01765	0.02773	0.01513	0.01765	0.01260	0.00630	0.00630	0.00126	0.00630	0.00504	0.00504	0.75295
15	0.76103	0.01646	0.01251	0.01119	0.01646	0.01909	0.00922	0.02502	0.01448	0.03818	0.01185	0.01382	0.00922	0.00790	0.00527	0.00263	0.00658	0.00461	0.00527	0.00922
16	0.01060	0.00766	0.00977	0.01126	0.01200	0.00711	0.00752	0.01213	0.01659	0.02194	0.07622	0.54990	0.11100	0.08701	0.01370	0.00380	0.00514	0.02212	0.00772	0.00683
17	0.01204	0.00870	0.01138	0.01071	0.01271	0.00803	0.00803	0.01606	0.02409	0.03413	0.64335	0.06357	0.08030	0.01740	0.01004	0.00268	0.00401	0.01539	0.00937	0.00803
18	0.01216	0.00912	0.01368	0.01368	0.01520	0.01064	0.01064	0.01520	0.01368	0.01976	0.02279	0.03343	0.02127	0.06382	0.66720	0.01368	0.02279	0.00912	0.00456	0.00760
19	0.01056	0.00810	0.00975	0.01096	0.01251	0.00728	0.00789	0.01253	0.01779	0.02256	0.06188	0.40341	0.28226	0.02440	0.01063	0.00327	0.00496	0.07426	0.00789	0.00710
20	0.01037	0.00741	0.00987	0.01185	0.01234	0.00691	0.00790	0.01185	0.01629	0.02172	0.04690	0.69537	0.05629	0.02666	0.01086	0.00346	0.00494	0.02419	0.00790	0.00691
21	0.03179	0.04056	0.02412	0.02192	0.02631	0.66676	0.01644	0.03398	0.02412	0.02083	0.01315	0.01535	0.01096	0.00877	0.00767	0.00219	0.01535	0.00548	0.00438	0.00987
22	0.02711	0.12211	0.02720	0.16771	0.03293	0.41051	0.01779	0.05582	0.02233	0.02236	0.01374	0.01698	0.01120	0.00858	0.00760	0.00230	0.01337	0.00592	0.00433	0.01012
23	0.01217	0.00906	0.01337	0.01337	0.01478	0.01047	0.01025	0.01500	0.01358	0.01952	0.02308	0.03501	0.02196	0.10895	0.62301	0.01329	0.02176	0.00935	0.00460	0.00743
24	0.01238	0.00825	0.00928	0.00928	0.00928	0.00825	0.00516	0.01238	0.01238	0.01650	0.02681	0.05569	0.03094	0.70092	0.04331	0.00825	0.00825	0.01238	0.00516	0.00516
25	0.06462	0.01966	0.02133	0.01719	0.02271	0.02143	0.01379	0.38792	0.09550	0.09816	0.02521	0.07854	0.02050	0.06046	0.01102	0.00307	0.00833	0.00945	0.00826	0.01284
26	0.23501	0.07799	0.02223	0.01844	0.02326	0.44372	0.01430	0.03091	0.02097	0.02562	0.01270	0.01481	0.01047	0.00843	0.00685	0.00229	0.01248	0.00518	0.00458	0.00975

[dist]
# distance from previous block
# <min> <max>
0	1

[block]
# block no. 3 follows, 21 sequences, length 107
# corresponding to MSA columns:
# 108-214
name=unknown_D
#
# <colnr> <probs for GDERKNQSTAVLIFYWHMCP>
#	G	D	E	R	K	N	Q	S	T	A	V	L	I	F	Y	W	H	M	C	P
0	0.01832	0.18927	0.52251	0.02213	0.03354	0.02282	0.02774	0.02663	0.01782	0.02543	0.01452	0.01702	0.01081	0.00791	0.00751	0.00250	0.01181	0.00591	0.00360	0.01221
1	0.01972	0.02821	0.24337	0.04285	0.44279	0.02007	0.02790	0.02640	0.01890	0.02752	0.01576	0.02002	0.01257	0.00775	0.00831	0.00258	0.01094	0.00715	0.00400	0.01318
2	0.01593	0.03191	0.41571	0.02332	0.09456	0.01654	0.02437	0.02353	0.01931	0.02789	0.13086	0.03249	0.08567	0.01097	0.00865	0.00269	0.01002	0.00915	0.00508	0.01135
3	0.06100	0.07886	0.10473	0.01591	0.02352	0.05477	0.01454	0.09291	0.05462	0.05626	0.01702	0.01858	0.01325	0.00775	0.00696	0.00191	0.00830	0.00586	0.00553	0.35771
4	0.01238	0.00825	0.00928	0.00928	0.00928	0.00825	0.00516	0.01238	0.01238	0.01650	0.02681	0.05569	0.03094	0.70092	0.04331	0.00825	0.00825	0.01238	0.00516	0.00516
5	0.01380	0.01154	0.01684	0.01589	0.01702	0.01457	0.01267	0.01654	0.01351	0.01994	0.01983	0.02965	0.01870	0.05135	0.50418	0.01114	0.19175	0.00869	0.00435	0.00803
6	0.02464	0.22898	0.22768	0.02058	0.02834	0.28628	0.02060	0.02939	0.02027	0.02251	0.01344	0.01569	0.01089	0.00814	0.00718	0.00224	0.01272	0.00547	0.00393	0.01101
7	0.01216	0.00912	0.01368	0.01368	0.01520	0.01064	0.01064	0.01520	0.01368	0.01976	0.02279	0.03343	0.02127	0.06382	0.66720	0.01368	0.02279	0.00912	0.00456	0.00760
8	0.01225	0.00827	0.00924	0.00924	0.00941	0.00819	0.00523	0.01237	0.01277	0.01686	0.03014	0.05716	0.06528	0.66290	0.04145	0.00795	0.00803	0.01269	0.00531	0.00527
9	0.02214	0.02251	0.03428	0.04817	0.55027	0.08843	0.05649	0.02701	0.01991	0.02704	0.01577	0.02056	0.01318	0.00769	0.00843	0.00251	0.01089	0.00749	0.00424	0.01299
10	0.02852	0.03436	0.02730	0.03117	0.21581	0.46963	0.01939	0.03158	0.02267	0.02295	0.01402	0.01709	0.01173	0.00841	0.00790	0.00229	0.01375	0.00612	0.00433	0.01097
11	0.01006	0.00862	0.00862	0.00862	0.01149	0.00718	0.00647	0.01221	0.01940	0.02299	0.08621	0.08190	0.64438	0.02155	0.01006	0.00287	0.00431	0.01796	0.00790	0.00718
12	0.02097	0.02049	0.03608	0.05063	0.58854	0.02035	0.08418	0.02623	0.01945	0.02775	0.01613	0.02125	0.01342	0.00754	0.00858	0.00256	0.01053	0.00782	0.00422	0.01328
13	0.02704	0.07342	0.19294	0.02115	0.02866	0.22364	0.02008	0.21908	0.05638	0.03358	0.01699	0.01835	0.01275	0.00910	0.00797	0.00245	0.01193	0.00654	0.00566	0.01229
14	0.01238	0.00825	0.00928	0.00928	0.00928	0.00825	0.00516	0.01238	0.01238	0.01650	0.02681	0.05569	0.03094	0.70092	0.04331	0.00825	0.00825	0.01238	0.00516	0.00516
15	0.01015	0.00824	0.00901	0.00963	0.01176	0.00710	0.00691	0.01210	0.01843	0.02259	0.07392	0.27368	0.46053	0.02315	0.01031	0.00306	0.00451	0.01991	0.00790	0.00710
16	0.01362	0.01141	0.01497	0.01464	0.01623	0.04778	0.01142	0.01654	0.01422	0.01986	0.02159	0.03157	0.02012	0.05794	0.59359	0.01246	0.06091	0.00882	0.00450	0.00782
17	0.06688	0.18348	0.41848	0.02111	0.03123	0.09089	0.02485	0.02726	0.01825	0.02553	0.01410	0.01651	0.01073	0.00797	0.00730	0.00245	0.01175	0.00573	0.00379	0.01172
18	0.02767	0.03370	0.02473	0.02205	0.02507	0.46646	0.01712	0.02976	0.02065	0.02072	0.01253	0.01637	0.01103	0.01068	0.01401	0.00267	0.22480	0.00610	0.00418	0.00969
19	0.01182	0.00869	0.01106	0.01047	0.01258	0.00793	0.00785	0.01562	0.02356	0.03286	0.58017	0.06565	0.14426	0.01787	0.01004	0.00270	0.00405	0.01568	0.00920	0.00793
20	0.01809	0.02610	0.23436	0.03313	0.25464	0.01817	0.07372	0.02556	0.05431	0.02714	0.02204	0.09664	0.02003	0.01096	0.00893	0.00282	0.01038	0.04610	0.00489	0.01197
21	0.01701	0.02777	0.30284	0.02934	0.21699	0.01692	0.02386	0.02392	0.01995	0.02904	0.17533	0.03052	0.02929	0.01030	0.00869	0.00264	0.00965	0.00900	0.00525	0.01170
22	0.02063	0.03185	0.28428	0.07019	0.17568	0.07497	0.12631	0.06457	0.02050	0.02806	0.01591	0.01972	0.01203	0.00803	0.00851	0.00264	0.01228	0.00731	0.00424	0.01231
23	0.01792	0.03893	0.52376	0.03024	0.16749	0.01986	0.03030	0.02677	0.01827	0.02713	0.01543	0.01863	0.01136	0.00798	0.00816	0.00266	0.01205	0.00657	0.00373	0.01277
24	0.01607	0.01513	0.02552	0.68047	0.05861	0.01891	0.02363	0.02174	0.01702	0.02174	0.01513	0.02269	0.01134	0.00851	0.00851	0.00284	0.01134	0.00756	0.00378	0.00945
25	0.02543	0.02163	0.08749	0.01713	0.02279	0.02065	0.01478	0.38927	0.03038	0.04149	0.02172	0.02843	0.01807	0.15768	0.01575	0.00375	0.00912	0.00854	0.05405	0.01187
26	0.02915	0.02752	0.02366	0.04662	0.02666	0.23557	0.01612	0.30370	0.09499	0.03785	0.02087	0.02482	0.01658	0.01065	0.00846	0.00257	0.01104	0.04400	0.00693	0.01223
27	0.02117	0.01828	0.01924	0.01732	0.02213	0.02117	0.01347	0.04522	0.63246	0.03560	0.03464	0.03175	0.02598	0.01155	0.00866	0.00289	0.00673	0.00962	0.00866	0.01347
28	0.01412	0.01102	0.01298	0.01109	0.01474	0.00959	0.00836	0.04238	0.02099	0.02945	0.28548	0.05168	0.15194	0.08686	0.01248	0.00291	0.00536	0.01240	0.00747	0.20872
29	0.01006	0.00862	0.00862	0.00862	0.01149	0.00718	0.00647	0.01221	0.01940	0.02299	0.08621	0.08190	0.64438	0.02155	0.01006	0.00287	0.00431	0.01796	0.00790	0.00718
30	0.01090	0.00799	0.01036	0.01204	0.01313	0.00745	0.00870	0.01290	0.01731	0.02255	0.05228	0.50290	0.14029	0.02538	0.01090	0.00345	0.00535	0.12111	0.00789	0.00711
31	0.01096	0.00838	0.00913	0.00930	0.01093	0.00755	0.00628	0.01245	0.01705	0.02138	0.09506	0.13693	0.34917	0.24381	0.02101	0.00468	0.00565	0.01664	0.00709	0.00654
32	0.01607	0.01513	0.02552	0.68047	0.05861	0.01891	0.02363	0.02174	0.01702	0.02174	0.01513	0.02269	0.01134	0.00851	0.00851	0.00284	0.01134	0.00756	0.00378	0.00945
33	0.03818	0.01448	0.01975	0.01514	0.02172	0.01251	0.01251	0.04147	0.02436	0.65373	0.03357	0.02897	0.02107	0.01053	0.00856	0.00263	0.00724	0.00856	0.01053	0.01448
34	0.03235	0.02384	0.02554	0.01958	0.02639	0.02639	0.01618	0.61946	0.04001	0.05363	0.02043	0.02043	0.01447	0.01022	0.00851	0.00255	0.00936	0.00766	0.00851	0.01447
35	0.76103	0.01646	0.01251	0.01119	0.01646	0.01909	0.00922	0.02502	0.01448	0.03818	0.01185	0.01382	0.00922	0.00790	0.00527	0.00263	0.00658	0.00461	0.00527	0.00922
36	0.76103	0.01646	0.01251	0.01119	0.01646	0.01909	0.00922	0.02502	0.01448	0.03818	0.01185	0.01382	0.00922	0.00790	0.00527	0.00263	0.00658	0.00461	0.00527	0.00922
37	0.01238	0.00825	0.00928	0.00928	0.00928	0.00825	0.00516	0.01238	0.01238	0.01650	0.02681	0.05569	0.03094	0.70092	0.04331	0.00825	0.00825	0.01238	0.00516	0.00516
38	0.01607	0.01513	0.02552	0.68047	0.05861	0.01891	0.02363	0.02174	0.01702	0.02174	0.01513	0.02269	0.01134	0.00851	0.00851	0.00284	0.01134	0.00756	0.00378	0.00945
39	0.01037	0.00741	0.00987	0.01185	0.01234	0.00691	0.00790	0.01185	0.01629	0.02172	0.04690	0.69537	0.05629	0.02666	0.01086	0.00346	0.00494	0.02419	0.00790	0.00691
40	0.01037	0.00741	0.00987	0.01185	0.01234	0.00691	0.00790	0.01185	0.01629	0.02172	0.04690	0.69537	0.05629	0.02666	0.01086	0.00346	0.00494	0.02419	0.00790	0.00691
41	0.03179	0.02356	0.02522	0.01947	0.02618	0.02613	0.01604	0.59049	0.06991	0.05272	0.02115	0.02100	0.01505	0.01028	0.00852	0.00257	0.00923	0.00776	0.00852	0.01442
42	0.01016	0.00862	0.00876	0.00873	0.01156	0.00723	0.00654	0.01241	0.01963	0.02355	0.11432	0.08097	0.61592	0.02134	0.01006	0.00286	0.00430	0.01783	0.00798	0.00723
43	0.02713	0.02862	0.02415	0.02057	0.02587	0.29115	0.05315	0.12809	0.22184	0.03140	0.02154	0.02200	0.01653	0.00969	0.00822	0.00248	0.01120	0.00742	0.00643	0.04252
44	0.01877	0.03327	0.36517	0.03436	0.21030	0.02023	0.14237	0.02678	0.01877	0.02725	0.01585	0.01980	0.01195	0.00777	0.00856	0.00268	0.01222	0.00737	0.00390	0.01262
45	0.03235	0.02384	0.02554	0.01958	0.02639	0.02639	0.01618	0.61946	0.04001	0.05363	0.02043	0.02043	0.01447	0.01022	0.00851	0.00255	0.00936	0.00766	0.00851	0.01447
46	0.01878	0.10336	0.50349	0.02603	0.09621	0.05549	0.02853	0.02710	0.01837	0.02606	0.01491	0.01773	0.01107	0.00800	0.00785	0.00257	0.01215	0.00621	0.00370	0.01237
47	0.02285	0.02474	0.07200	0.04466	0.49243	0.11092	0.02462	0.05576	0.02094	0.02801	0.01577	0.02004	0.01300	0.00791	0.00830	0.00249	0.01096	0.00721	0.00440	0.01296
48	0.01216	0.00912	0.01368	0.01368	0.01520	0.01064	0.01064	0.01520	0.01368	0.01976	0.02279	0.03343	0.02127	0.06382	0.66720	0.01368	0.02279	0.00912	0.00456	0.00760
49	0.01114	0.00888	0.01012	0.01044	0.01299	0.00787	0.00825	0.01394	0.02014	0.02518	0.16042	0.08218	0.43301	0.02135	0.01042	0.00307	0.00502	0.14003	0.00811	0.00745
50	0.03116	0.03966	0.05279	0.02188	0.02679	0.59704	0.01710	0.07068	0.02484	0.02318	0.01371	0.01579	0.01118	0.00883	0.00775	0.00224	0.01484	0.00566	0.00461	0.01028
51	0.01238	0.00825	0.00928	0.00928	0.00928	0.00825	0.00516	0.01238	0.01238	0.01650	0.02681	0.05569	0.03094	0.70092	0.04331	0.00825	0.00825	0.01238	0.00516	0.00516
52	0.01080	0.00815	0.00999	0.01059	0.01222	0.00733	0.00754	0.01325	0.01957	0.02591	0.24212	0.32793	0.22892	0.02237	0.01038	0.00305	0.00448	0.01972	0.00835	0.00733
53	0.02106	0.02022	0.03454	0.05223	0.64784	0.02022	0.02612	0.02612	0.01938	0.02780	0.01601	0.02106	0.01348	0.00758	0.00842	0.00253	0.01011	0.00758	0.00421	0.01348
54	0.02699	0.07187	0.05844	0.02591	0.06626	0.35225	0.14436	0.06895	0.05694	0.02570	0.01584	0.01853	0.01256	0.00849	0.00822	0.00242	0.01350	0.00692	0.00478	0.01108
55	0.01216	0.00912	0.01368	0.01368	0.01520	0.01064	0.01064	0.01520	0.01368	0.01976	0.02279	0.03343	0.02127	0.06382	0.66720	0.01368	0.02279	0.00912	0.00456	0.00760
56	0.01194	0.00807	0.00941	0.00984	0.00995	0.00796	0.00576	0.01226	0.01323	0.01764	0.03121	0.19580	0.03649	0.55324	0.03621	0.00720	0.00752	0.01496	0.00576	0.00554
57	0.01140	0.00801	0.01033	0.01126	0.01176	0.00804	0.00741	0.01263	0.01444	0.01952	0.03552	0.35145	0.04111	0.27285	0.13798	0.00696	0.00926	0.01734	0.00634	0.00641
58	0.02308	0.05621	0.14555	0.02322	0.09184	0.14678	0.01912	0.08335	0.22720	0.03062	0.02315	0.02618	0.01834	0.01021	0.00834	0.00265	0.01026	0.03548	0.00613	0.01231
59	0.02716	0.03280	0.02443	0.02310	0.05778	0.45391	0.01706	0.02949	0.02083	0.02106	0.01349	0.01749	0.01179	0.01350	0.05375	0.00326	0.15882	0.00624	0.00425	0.00980
60	0.01238	0.00825	0.00928	0.00928	0.00928	0.00825	0.00516	0.01238	0.01238	0.01650	0.02681	0.05569	0.03094	0.70092	0.04331	0.00825	0.00825	0.01238	0.00516	0.00516
61	0.03077	0.03485	0.02478	0.02298	0.06227	0.46596	0.01681	0.15495	0.05633	0.02872	0.01585	0.01752	0.01255	0.00913	0.00794	0.00232	0.01339	0.00625	0.00543	0.01120
62	0.01961	0.33962	0.38346	0.01993	0.03014	0.02597	0.02390	0.02629	0.01767	0.02386	0.01374	0.01604	0.01084	0.00773	0.00691	0.00230	0.01102	0.00551	0.00361	0.01184
63	0.01238	0.00825	0.00928	0.00928	0.00928	0.00825	0.00516	0.01238	0.01238	0.01650	0.02681	0.05569	0.03094	0.70092	0.04331	0.00825	0.00825	0.01238	0.00516	0.00516
64	0.01037	0.00741	0.00987	0.01185	0.01234	0.00691	0.00790	0.01185	0.01629	0.02172	0.04690	0.69537	0.05629	0.02666	0.01086	0.00346	0.00494	0.02419	0.00790	0.00691
65	0.01037	0.00741	0.00987	0.01185	0.01234	0.00691	0.00790	0.01185	0.01629	0.02172	0.04690	0.69537	0.05629	0.02666	0.01086	0.00346	0.00494	0.02419	0.00790	0.00691
66	0.01006	0.00862	0.00862	0.00862	0.01149	0.00718	0.00647	0.01221	0.01940	0.02299	0.08621	0.08190	0.64438	0.02155	0.01006	0.00287	0.00431	0.01796	0.00790	0.00718
67	0.02275	0.70604	0.04459	0.01456	0.02184	0.03367	0.01456	0.02548	0.01729	0.02002	0.01183	0.01365	0.01092	0.00728	0.00546	0.00182	0.00910	0.00455	0.00364	0.01092
68	0.02067	0.25781	0.33613	0.02197	0.03162	0.08870	0.08041	0.02720	0.01856	0.02411	0.01412	0.01677	0.01105	0.00780	0.00737	0.00238	0.01189	0.00600	0.00376	0.01166
69	0.01058	0.00749	0.00981	0.01158	0.01202	0.00705	0.00761	0.01190	0.01588	0.02117	0.04479	0.62795	0.05361	0.09773	0.01428	0.00396	0.00529	0.02295	0.00761	0.00673
70	0.01037	0.00741	0.00987	0.01185	0.01234	0.00691	0.00790	0.01185	0.01629	0.02172	0.04690	0.69537	0.05629	0.02666	0.01086	0.00346	0.00494	0.02419	0.00790	0.00691
71	0.01058	0.00864	0.00935	0.00917	0.01182	0.00741	0.00688	0.01323	0.02063	0.02592	0.23289	0.07707	0.49588	0.02046	0.01005	0.00282	0.00423	0.01728	0.00829	0.00741
72	0.02336	0.02457	0.03231	0.04575	0.51492	0.15848	0.02405	0.02780	0.02039	0.02631	0.01540	0.01984	0.01294	0.00784	0.00826	0.00246	0.01123	0.00713	0.00425	0.01271
73	0.01166	0.00868	0.01085	0.01031	0.01248	0.00787	0.00773	0.01532	0.02319	0.03199	0.53636	0.06709	0.18862	0.01820	0.01004	0.00271	0.00407	0.01588	0.00909	0.00787
74	0.01037	0.00741	0.00987	0.01185	0.01234	0.00691	0.00790	0.01185	0.01629	0.02172	0.04690	0.69537	0.05629	0.02666	0.01086	0.00346	0.00494	0.02419	0.00790	0.00691
75	0.03235	0.02384	0.02554	0.01958	0.02639	0.02639	0.01618	0.61946	0.04001	0.05363	0.02043	0.02043	0.01447	0.01022	0.00851	0.00255	0.00936	0.00766	0.00851	0.01447
76	0.76103	0.01646	0.01251	0.01119	0.01646	0.01909	0.00922	0.02502	0.01448	0.03818	0.01185	0.01382	0.00922	0.00790	0.00527	0.00263	0.00658	0.00461	0.00527	0.00922
77	0.02106	0.02022	0.03454	0.05223	0.64784	0.02022	0.02612	0.02612	0.01938	0.02780	0.01601	0.02106	0.01348	0.00758	0.00842	0.00253	0.01011	0.00758	0.00421	0.01348
78	0.01707	0.04402	0.65683	0.02426	0.03683	0.01976	0.03144	0.02695	0.01797	0.02695	0.01527	0.01797	0.01078	0.00809	0.00809	0.00270	0.01258	0.00629	0.00359	0.01258
79	0.01707	0.04402	0.65683	0.02426	0.03683	0.01976	0.03144	0.02695	0.01797	0.02695	0.01527	0.01797	0.01078	0.00809	0.00809	0.00270	0.01258	0.00629	0.00359	0.01258
80	0.03818	0.01448	0.01975	0.01514	0.02172	0.01251	0.01251	0.04147	0.02436	0.65373	0.03357	0.02897	0.02107	0.01053	0.00856	0.00263	0.00724	0.00856	0.01053	0.01448
81	0.01006	0.00862	0.00862	0.00862	0.01149	0.00718	0.00647	0.01221	0.01940	0.02299	0.08621	0.08190	0.64438	0.02155	0.01006	0.00287	0.00431	0.01796	0.00790	0.00718
82	0.01037	0.00741	0.00987	0.01185	0.01234	0.00691	0.00790	0.01185	0.01629	0.02172	0.04690	0.69537	0.05629	0.02666	0.01086	0.00346	0.00494	0.02419	0.00790	0.00691
83	0.03235	0.02384	0.02554	0.01958	0.02639	0.02639	0.01618	0.61946	0.04001	0.05363	0.02043	0.02043	0.01447	0.01022	0.00851	0.00255	0.00936	0.00766	0.00851	0.01447
84	0.01233	0.00842	0.01013	0.01013	0.01042	0.00871	0.00621	0.01292	0.01263	0.01713	0.02604	0.05142	0.02908	0.57858	0.16312	0.00929	0.01104	0.01175	0.00504	0.00563
85	0.01193	0.00869	0.01122	0.01059	0.01264	0.00798	0.00794	0.01584	0.02382	0.03348	0.61124	0.06462	0.11281	0.01764	0.01004	0.00269	0.00403	0.01554	0.00928	0.00798
86	0.03235	0.02384	0.02554	0.01958	0.02639	0.02639	0.01618	0.61946	0.04001	0.05363	0.02043	0.02043	0.01447	0.01022	0.00851	0.00255	0.00936	0.00766	0.00851	0.01447
87	0.01006	0.00862	0.00862	0.00862	0.01149	0.00718	0.00647	0.01221	0.01940	0.02299	0.08621	0.08190	0.64438	0.02155	0.01006	0.00287	0.00431	0.01796	0.00790	0.00718
88	0.01216	0.00912	0.01368	0.01368	0.01520	0.01064	0.01064	0.01520	0.01368	0.01976	0.02279	0.03343	0.02127	0.06382	0.66720	0.01368	0.02279	0.00912	0.00456	0.00760
89	0.03695	0.01646	0.02097	0.01608	0.02271	0.01544	0.01328	0.16351	0.02766	0.52702	0.03080	0.02716	0.01967	0.01047	0.00855	0.00262	0.00769	0.00837	0.01011	0.01448
90	0.01037	0.00741	0.00987	0.01185	0.01234	0.00691	0.00790	0.01185	0.01629	0.02172	0.04690	0.69537	0.05629	0.02666	0.01086	0.00346	0.00494	0.02419	0.00790	0.00691
91	0.01037	0.00741	0.00987	0.01185	0.01234	0.00691	0.00790	0.01185	0.01629	0.02172	0.04690	0.69537	0.05629	0.02666	0.01086	0.00346	0.00494	0.02419	0.00790	0.00691
92	0.09613	0.03661	0.45920	0.02536	0.03632	0.02007	0.15430	0.02681	0.01805	0.02820	0.01533	0.01860	0.01107	0.00787	0.00821	0.00273	0.01232	0.00691	0.00392	0.01199
93	0.02202	0.02319	0.02955	0.13047	0.39608	0.15754	0.02256	0.02638	0.02006	0.02519	0.01936	0.02360	0.04933	0.00878	0.00837	0.00252	0.01106	0.00773	0.00440	0.01178
94	0.01399	0.00981	0.01123	0.01106	0.01212	0.00990	0.00717	0.08076	0.01689	0.02239	0.03455	0.21646	0.06989	0.41282	0.02924	0.00608	0.00731	0.01517	0.00639	0.00677
95	0.02793	0.02845	0.02371	0.02271	0.08756	0.29249	0.01615	0.21706	0.05718	0.03283	0.02286	0.05973	0.05206	0.01097	0.00838	0.00248	0.01129	0.00834	0.00628	0.01155
96	0.01798	0.05349	0.01962	0.01327	0.02039	0.01343	0.01082	0.02160	0.01736	0.02689	0.01472	0.01748	0.01243	0.00685	0.00750	0.00143	0.04559	0.00515	0.00489	0.66910
97	0.03218	0.02891	0.02511	0.02029	0.02637	0.22049	0.01626	0.44200	0.03519	0.04369	0.01823	0.01889	0.01341	0.00978	0.00826	0.00244	0.01118	0.00700	0.00726	0.01308
98	0.01765	0.01513	0.01765	0.01260	0.02017	0.01134	0.01008	0.02143	0.01765	0.02773	0.01513	0.01765	0.01260	0.00630	0.00630	0.00126	0.00630	0.00504	0.00504	0.75295
99	0.01092	0.00819	0.01012	0.01062	0.01227	0.00740	0.00759	0.01351	0.01998	0.02667	0.27916	0.30658	0.21206	0.02193	0.01035	0.00302	0.00444	0.01935	0.00845	0.00740
100	0.01303	0.01106	0.01137	0.01088	0.01406	0.01081	0.00817	0.02062	0.17496	0.02579	0.06933	0.06748	0.44823	0.06196	0.01180	0.00322	0.00518	0.01549	0.00792	0.00866
101	0.01238	0.00825	0.00928	0.00928	0.00928	0.00825	0.00516	0.01238	0.01238	0.01650	0.02681	0.05569	0.03094	0.70092	0.04331	0.00825	0.00825	0.01238	0.00516	0.00516
102	0.02018	0.01603	0.01717	0.01540	0.01986	0.01763	0.01197	0.07024	0.41719	0.06953	0.04422	0.07077	0.14516	0.01402	0.00901	0.00288	0.00637	0.01171	0.00858	0.01208
103	0.02867	0.22242	0.05837	0.01992	0.02556	0.43804	0.01659	0.05509	0.02261	0.02221	0.01318	0.01521	0.01108	0.00839	0.00712	0.00213	0.01327	0.00535	0.00431	0.01046
104	0.02258	0.10354	0.06307	0.02194	0.06408	0.25173	0.07882	0.05242	0.02100	0.02393	0.02266	0.18975	0.02300	0.01294	0.00859	0.00261	0.01112	0.01090	0.00532	0.01000
105	0.22764	0.20331	0.05513	0.01950	0.06273	0.18753	0.04987	0.02725	0.01841	0.02643	0.01340	0.01623	0.01120	0.01045	0.03665	0.00282	0.01114	0.00560	0.00439	0.01030
106	0.01929	0.02885	0.25443	0.03700	0.34349	0.05333	0.02588	0.02568	0.01913	0.02673	0.02141	0.02470	0.06469	0.00898	0.00840	0.00260	0.01079	0.00787	0.00431	0.01244

[dist]
# distance from previous block
# <min> <max>
10	86

[block]
# block no. 4 follows, 21 sequences, length 45
# corresponding to MSA columns:
# 301-345
name=unknown_E
#
# <colnr> <probs for GDERKNQSTAVLIFYWHMCP>
#	G	D	E	R	K	N	Q	S	T	A	V	L	I	F	Y	W	H	M	C	P
0	0.01980	0.08331	0.15659	0.02290	0.11197	0.09036	0.04287	0.06873	0.07718	0.02868	0.09178	0.03351	0.11392	0.01140	0.00852	0.00258	0.00945	0.00945	0.00585	0.01117
1	0.08953	0.02660	0.01988	0.01738	0.02178	0.31055	0.01326	0.11280	0.02342	0.02843	0.06699	0.02432	0.01928	0.06598	0.05214	0.00343	0.01188	0.00724	0.00560	0.07953
2	0.02362	0.02481	0.06727	0.02794	0.16039	0.13799	0.08189	0.13168	0.12639	0.03160	0.02236	0.08496	0.01907	0.01069	0.00872	0.00267	0.01049	0.00929	0.00605	0.01211
3	0.02958	0.07012	0.05557	0.02477	0.08991	0.54085	0.01804	0.03245	0.02302	0.02178	0.01348	0.01597	0.01121	0.00855	0.00766	0.00223	0.01439	0.00569	0.00430	0.01041
4	0.25501	0.32922	0.03209	0.01658	0.02293	0.12006	0.06966	0.02674	0.01767	0.02650	0.01253	0.01482	0.01058	0.00768	0.00615	0.00223	0.00971	0.00522	0.00432	0.01029
5	0.05498	0.21970	0.11962	0.02113	0.05210	0.10141	0.06395	0.18511	0.02470	0.05767	0.01622	0.01789	0.01245	0.00851	0.00748	0.00235	0.01065	0.00644	0.00544	0.01219
6	0.02502	0.40241	0.08395	0.01811	0.02447	0.23714	0.01669	0.02807	0.01932	0.02084	0.01249	0.01480	0.01094	0.00824	0.00760	0.00211	0.04816	0.00514	0.00388	0.01062
7	0.02381	0.48532	0.03818	0.01703	0.02273	0.14856	0.01549	0.02632	0.01793	0.02024	0.01198	0.01468	0.01096	0.00865	0.00910	0.00216	0.10744	0.00514	0.00379	0.01050
8	0.01782	0.01436	0.01519	0.01337	0.01751	0.01495	0.01047	0.14954	0.18351	0.03366	0.10467	0.05436	0.30406	0.01621	0.00937	0.00279	0.00599	0.01340	0.00835	0.01043
9	0.01036	0.00872	0.00904	0.00920	0.01200	0.00740	0.00706	0.01266	0.01941	0.02319	0.08283	0.08306	0.59546	0.02171	0.01020	0.00296	0.00460	0.06501	0.00790	0.00724
10	0.76103	0.01646	0.01251	0.01119	0.01646	0.01909	0.00922	0.02502	0.01448	0.03818	0.01185	0.01382	0.00922	0.00790	0.00527	0.00263	0.00658	0.00461	0.00527	0.00922
11	0.01204	0.00870	0.01138	0.01071	0.01271	0.00803	0.00803	0.01606	0.02409	0.03413	0.64335	0.06357	0.08030	0.01740	0.01004	0.00268	0.00401	0.01539	0.00937	0.00803
12	0.01032	0.00758	0.00969	0.01138	0.01222	0.00695	0.00769	0.01190	0.01674	0.02191	0.05262	0.60613	0.14184	0.02592	0.01075	0.00337	0.00485	0.02329	0.00790	0.00695
13	0.01707	0.04402	0.65683	0.02426	0.03683	0.01976	0.03144	0.02695	0.01797	0.02695	0.01527	0.01797	0.01078	0.00809	0.00809	0.00270	0.01258	0.00629	0.00359	0.01258
14	0.01445	0.01067	0.01263	0.01283	0.01486	0.01061	0.00924	0.12591	0.02119	0.02790	0.04766	0.47949	0.13399	0.02283	0.01030	0.00320	0.00568	0.02018	0.00802	0.00837
15	0.76103	0.01646	0.01251	0.01119	0.01646	0.01909	0.00922	0.02502	0.01448	0.03818	0.01185	0.01382	0.00922	0.00790	0.00527	0.00263	0.00658	0.00461	0.00527	0.00922
16	0.76103	0.01646	0.01251	0.01119	0.01646	0.01909	0.00922	0.02502	0.01448	0.03818	0.01185	0.01382	0.00922	0.00790	0.00527	0.00263	0.00658	0.00461	0.00527	0.00922
17	0.03818	0.01448	0.01975	0.01514	0.02172	0.01251	0.01251	0.04147	0.02436	0.65373	0.03357	0.02897	0.02107	0.01053	0.00856	0.00263	0.00724	0.00856	0.01053	0.01448
18	0.02279	0.01909	0.02016	0.01765	0.02275	0.02193	0.01386	0.12876	0.54628	0.03822	0.03257	0.03010	0.02430	0.01135	0.00864	0.00284	0.00712	0.00934	0.00864	0.01362
19	0.03818	0.01448	0.01975	0.01514	0.02172	0.01251	0.01251	0.04147	0.02436	0.65373	0.03357	0.02897	0.02107	0.01053	0.00856	0.00263	0.00724	0.00856	0.01053	0.01448
20	0.02009	0.02296	0.05022	0.03587	0.04448	0.02152	0.61693	0.02726	0.02009	0.02726	0.01722	0.02296	0.01291	0.00717	0.01004	0.00287	0.01435	0.01004	0.00430	0.01148
21	0.01067	0.00864	0.00946	0.00926	0.01187	0.00744	0.00694	0.01339	0.02083	0.02640	0.25673	0.07629	0.47174	0.02028	0.01005	0.00281	0.00422	0.01717	0.00835	0.00744
22	0.01133	0.00867	0.01039	0.00996	0.01228	0.00773	0.00747	0.01468	0.02241	0.03014	0.44379	0.07013	0.28234	0.01889	0.01004	0.00275	0.00412	0.01631	0.00884	0.00773
23	0.01040	0.00869	0.00909	0.00914	0.01190	0.00738	0.00696	0.01279	0.01977	0.02397	0.12687	0.08121	0.57062	0.02133	0.01014	0.00291	0.00447	0.04706	0.00801	0.00728
24	0.02106	0.02022	0.03454	0.05223	0.64784	0.02022	0.02612	0.02612	0.01938	0.02780	0.01601	0.02106	0.01348	0.00758	0.00842	0.00253	0.01011	0.00758	0.00421	0.01348
25	0.01131	0.00855	0.00970	0.00948	0.01132	0.00774	0.00664	0.01352	0.01913	0.02498	0.25432	0.06908	0.29988	0.19598	0.01866	0.00420	0.00523	0.01567	0.00767	0.00694
26	0.01765	0.01513	0.01765	0.01260	0.02017	0.01134	0.01008	0.02143	0.01765	0.02773	0.01513	0.01765	0.01260	0.00630	0.00630	0.00126	0.00630	0.00504	0.00504	0.75295
27	0.01332	0.08346	0.07234	0.01552	0.01854	0.01222	0.06118	0.01634	0.01716	0.02280	0.03801	0.45636	0.04351	0.02120	0.01009	0.00322	0.00706	0.07262	0.00680	0.00827
28	0.03235	0.02384	0.02554	0.01958	0.02639	0.02639	0.01618	0.61946	0.04001	0.05363	0.02043	0.02043	0.01447	0.01022	0.00851	0.00255	0.00936	0.00766	0.00851	0.01447
29	0.02189	0.02178	0.03374	0.04991	0.60013	0.06984	0.02537	0.02672	0.01974	0.02727	0.01579	0.02062	0.01329	0.00767	0.00837	0.00250	0.01051	0.00742	0.00423	0.01320
30	0.01371	0.00980	0.01371	0.01567	0.01763	0.00980	0.01371	0.01763	0.01959	0.02547	0.04506	0.09599	0.04898	0.02351	0.01175	0.00392	0.00784	0.59056	0.00784	0.00784
31	0.03093	0.10672	0.02639	0.02088	0.02586	0.52247	0.01622	0.10569	0.02539	0.02481	0.01392	0.01580	0.01139	0.00880	0.00755	0.00220	0.01396	0.00566	0.00482	0.01054
32	0.02187	0.34378	0.22788	0.02335	0.11807	0.05237	0.02138	0.02713	0.01842	0.05341	0.01458	0.01685	0.01174	0.00779	0.00693	0.00224	0.01048	0.00575	0.00407	0.01193
33	0.02275	0.70604	0.04459	0.01456	0.02184	0.03367	0.01456	0.02548	0.01729	0.02002	0.01183	0.01365	0.01092	0.00728	0.00546	0.00182	0.00910	0.00455	0.00364	0.01092
34	0.01017	0.00863	0.00877	0.00873	0.01156	0.00723	0.00655	0.01242	0.01965	0.02359	0.11651	0.08090	0.61371	0.02133	0.01006	0.00286	0.00429	0.01782	0.00798	0.00723
35	0.01402	0.01166	0.01787	0.02429	0.21141	0.01128	0.01363	0.01709	0.01869	0.02590	0.14650	0.36847	0.04728	0.01899	0.00995	0.00302	0.00639	0.01738	0.00701	0.00917
36	0.03179	0.04056	0.02412	0.02192	0.02631	0.66676	0.01644	0.03398	0.02412	0.02083	0.01315	0.01535	0.01096	0.00877	0.00767	0.00219	0.01535	0.00548	0.00438	0.00987
