[name]
unknown

[dist]
# distance from previous block
# <min> <max>
0	1

[block]
# block no. 0 follows, 22 sequences, length 30
# corresponding to MSA columns:
# 1-30
name=unknown_A
#
# <colnr> <probs for GDERKNQSTAVLIFYWHMCP>
#	G	D	E	R	K	N	Q	S	T	A	V	L	I	F	Y	W	H	M	C	P
0	0.02662	0.03200	0.02421	0.10560	0.10536	0.46741	0.01786	0.02964	0.02182	0.02159	0.01566	0.02222	0.01373	0.00943	0.00797	0.00238	0.01336	0.04885	0.00443	0.00987
1	0.02302	0.16709	0.18752	0.02725	0.15322	0.21934	0.05881	0.02795	0.01962	0.02337	0.01389	0.01684	0.01125	0.00779	0.00745	0.00229	0.01206	0.00605	0.00391	0.01127
2	0.02819	0.03454	0.07126	0.02181	0.02666	0.44053	0.04013	0.11249	0.02386	0.02535	0.01389	0.01649	0.01125	0.00932	0.00996	0.00242	0.09063	0.00608	0.00470	0.01044
3	0.01362	0.01207	0.01225	0.01290	0.01405	0.09730	0.00902	0.01528	0.01577	0.01987	0.03305	0.35975	0.03750	0.13656	0.16502	0.00618	0.01061	0.01608	0.00610	0.00702
4	0.19356	0.02875	0.08606	0.02341	0.12253	0.25982	0.01721	0.09206	0.05200	0.02986	0.01496	0.01707	0.01176	0.00840	0.00725	0.00241	0.01096	0.00598	0.00500	0.01094
5	0.06140	0.12447	0.02547	0.06089	0.02639	0.48200	0.01576	0.03159	0.05779	0.02188	0.01395	0.01607	0.01150	0.00847	0.00721	0.00219	0.01306	0.00555	0.00443	0.00992
6	0.01680	0.01405	0.01896	0.02398	0.20808	0.03727	0.01404	0.02227	0.08777	0.05967	0.12356	0.18961	0.11911	0.01539	0.00920	0.00277	0.00682	0.01368	0.00692	0.01006
7	0.03158	0.02327	0.02493	0.01911	0.02576	0.02576	0.01579	0.62852	0.03906	0.05236	0.01995	0.01995	0.01413	0.00997	0.00831	0.00249	0.00914	0.00748	0.00831	0.01413
8	0.02264	0.19225	0.29442	0.02126	0.02965	0.23277	0.04595	0.02820	0.01940	0.02288	0.01356	0.01596	0.01069	0.00789	0.00726	0.00229	0.01245	0.00565	0.00379	0.01102
9	0.01863	0.03486	0.48616	0.05747	0.06315	0.01769	0.02644	0.02674	0.01865	0.09408	0.06287	0.02228	0.01665	0.00880	0.00812	0.00262	0.01094	0.00714	0.00467	0.01204
10	0.01192	0.00869	0.01228	0.01228	0.01339	0.00980	0.00904	0.01415	0.01303	0.01849	0.02323	0.03808	0.02313	0.22401	0.51665	0.01202	0.01870	0.00970	0.00460	0.00682
11	0.09057	0.02398	0.12297	0.03431	0.15760	0.02031	0.37416	0.02615	0.01868	0.02769	0.01583	0.02057	0.01210	0.00726	0.00881	0.00269	0.01226	0.00836	0.00418	0.01151
12	0.01959	0.01874	0.03196	0.17856	0.53628	0.01948	0.02501	0.02464	0.01845	0.02596	0.01545	0.02088	0.01274	0.00758	0.00824	0.00253	0.01011	0.00740	0.00403	0.01237
13	0.01728	0.01900	0.06076	0.09149	0.13767	0.06351	0.21154	0.02194	0.01830	0.02413	0.02457	0.22170	0.02479	0.01296	0.00937	0.00285	0.01031	0.01273	0.00514	0.00997
14	0.01018	0.00736	0.00951	0.01120	0.01185	0.00683	0.00748	0.01162	0.01600	0.02109	0.04816	0.62289	0.10392	0.05467	0.01189	0.00353	0.00491	0.02262	0.00760	0.00670
15	0.01005	0.00750	0.00936	0.01086	0.01186	0.00681	0.00740	0.01165	0.01659	0.02149	0.05445	0.56210	0.18988	0.02490	0.01043	0.00325	0.00468	0.02224	0.00771	0.00681
16	0.02757	0.02089	0.02244	0.01807	0.02383	0.02324	0.01461	0.45205	0.17328	0.04613	0.02494	0.07178	0.01961	0.01143	0.00851	0.00263	0.00825	0.00908	0.00830	0.01337
17	0.03727	0.01414	0.01928	0.01478	0.02121	0.01221	0.01221	0.04049	0.02378	0.66198	0.03277	0.02828	0.02056	0.01028	0.00835	0.00257	0.00707	0.00835	0.01028	0.01414
18	0.03035	0.02203	0.02378	0.01858	0.02494	0.02434	0.01523	0.51603	0.12264	0.08162	0.02256	0.02193	0.01604	0.01017	0.00833	0.00254	0.00867	0.00779	0.00843	0.01399
19	0.00983	0.00835	0.00848	0.00858	0.01126	0.00700	0.00638	0.01190	0.01878	0.02238	0.08217	0.11219	0.62190	0.02130	0.00986	0.00283	0.00424	0.01785	0.00771	0.00700
20	0.01868	0.01778	0.02938	0.28528	0.30932	0.01946	0.06005	0.02641	0.10009	0.02588	0.01777	0.02265	0.01395	0.00823	0.00838	0.00265	0.01014	0.00781	0.00453	0.01156
21	0.01679	0.01589	0.02690	0.54430	0.19240	0.01875	0.02362	0.02219	0.01713	0.02256	0.01496	0.02179	0.01154	0.00810	0.00829	0.00270	0.01080	0.00739	0.00379	0.01012
22	0.01745	0.13812	0.57675	0.02233	0.03388	0.02122	0.02835	0.02611	0.01745	0.02535	0.01443	0.01694	0.01054	0.00778	0.00753	0.00251	0.01180	0.00590	0.00351	0.01205
23	0.02454	0.01289	0.04470	0.01361	0.01820	0.01064	0.01152	0.02837	0.02296	0.33793	0.26422	0.04664	0.04430	0.01388	0.00917	0.00271	0.00618	0.06713	0.00930	0.01108
24	0.02056	0.01974	0.03372	0.05099	0.65622	0.01974	0.02550	0.02550	0.01892	0.02714	0.01563	0.02056	0.01316	0.00740	0.00822	0.00247	0.00987	0.00740	0.00411	0.01316
25	0.01742	0.03785	0.51469	0.02719	0.06678	0.01965	0.14684	0.02633	0.01801	0.02641	0.01531	0.01863	0.01106	0.00770	0.00828	0.00266	0.01250	0.00692	0.00367	0.01211
26	0.03103	0.03959	0.02354	0.02140	0.02568	0.67469	0.01605	0.03317	0.02354	0.02033	0.01284	0.01498	0.01070	0.00856	0.00749	0.00214	0.01498	0.00535	0.00428	0.00963
27	0.01543	0.03052	0.41518	0.02195	0.06534	0.01584	0.02403	0.02267	0.01793	0.02553	0.02664	0.07945	0.05477	0.01287	0.00894	0.00293	0.01027	0.13409	0.00490	0.01073
28	0.01666	0.04297	0.66500	0.02368	0.03596	0.01929	0.03069	0.02631	0.01754	0.02631	0.01491	0.01754	0.01052	0.00789	0.00789	0.00263	0.01228	0.00614	0.00351	0.01228
29	0.01728	0.01700	0.01475	0.07739	0.02027	0.17078	0.01135	0.01996	0.02009	0.05369	0.05326	0.05763	0.33779	0.01647	0.00922	0.00274	0.00800	0.07743	0.00662	0.00828

[dist]
# distance from previous block
# <min> <max>
0	1

[block]
# block no. 1 follows, 22 sequences, length 38
# corresponding to MSA columns:
# 32-69
name=unknown_B
#
# <colnr> <probs for GDERKNQSTAVLIFYWHMCP>
#	G	D	E	R	K	N	Q	S	T	A	V	L	I	F	Y	W	H	M	C	P
0	0.02754	0.18207	0.06154	0.02243	0.07749	0.44968	0.01719	0.03041	0.02143	0.02103	0.01290	0.01522	0.01089	0.00812	0.00711	0.00211	0.01312	0.00537	0.00407	0.01028
1	0.02230	0.01262	0.01570	0.01366	0.01738	0.01228	0.01058	0.14194	0.02459	0.20830	0.19205	0.21744	0.04337	0.01619	0.00932	0.00278	0.00606	0.01401	0.00891	0.01053
2	0.01946	0.01905	0.03036	0.25807	0.43038	0.05030	0.02426	0.02446	0.01838	0.02488	0.01521	0.02082	0.01236	0.00775	0.00822	0.00255	0.01051	0.00730	0.00398	0.01171
3	0.01933	0.01918	0.03049	0.07037	0.32300	0.06319	0.11639	0.02403	0.01890	0.02542	0.02088	0.03479	0.01948	0.01094	0.01018	0.00285	0.05052	0.12419	0.00478	0.01109
4	0.01604	0.01490	0.02360	0.02623	0.18985	0.04356	0.10744	0.01949	0.01639	0.02233	0.02274	0.11401	0.02268	0.12592	0.19059	0.00631	0.01312	0.01078	0.00481	0.00920
5	0.01857	0.01860	0.07885	0.01696	0.05700	0.01406	0.03681	0.06453	0.04375	0.02903	0.01602	0.01837	0.01284	0.00688	0.00680	0.00163	0.00743	0.00571	0.00509	0.54105
6	0.02186	0.11740	0.02168	0.11251	0.02460	0.19591	0.01352	0.05159	0.02044	0.05056	0.07180	0.02445	0.01958	0.01170	0.03720	0.00268	0.00993	0.00715	0.14615	0.03928
7	0.25880	0.33034	0.05377	0.01444	0.02062	0.07805	0.01324	0.02769	0.08906	0.02727	0.01438	0.01573	0.01184	0.00793	0.00591	0.00221	0.00846	0.00518	0.00468	0.01040
8	0.02979	0.03262	0.02317	0.02190	0.06781	0.46937	0.01580	0.09084	0.02453	0.08243	0.01940	0.02058	0.04684	0.00945	0.00783	0.00227	0.01275	0.00663	0.00540	0.01058
9	0.01929	0.01908	0.01903	0.06029	0.12032	0.17728	0.01408	0.06257	0.01960	0.02360	0.02628	0.19782	0.02787	0.11531	0.01382	0.00354	0.00949	0.05608	0.00570	0.00894
10	0.02272	0.38445	0.16361	0.01820	0.02526	0.16819	0.01821	0.02662	0.01817	0.02111	0.01246	0.01487	0.01066	0.00809	0.00782	0.00216	0.05787	0.00518	0.00371	0.01066
11	0.02775	0.06216	0.02745	0.02919	0.20331	0.39315	0.01861	0.09336	0.02358	0.02559	0.01432	0.01700	0.01175	0.00832	0.00769	0.00225	0.01265	0.00611	0.00463	0.01115
12	0.03103	0.03959	0.02354	0.02140	0.02568	0.67469	0.01605	0.03317	0.02354	0.02033	0.01284	0.01498	0.01070	0.00856	0.00749	0.00214	0.01498	0.00535	0.00428	0.00963
13	0.02444	0.54287	0.03848	0.01603	0.02242	0.19505	0.01468	0.02697	0.01856	0.01974	0.01188	0.01374	0.01067	0.00747	0.00588	0.00187	0.01042	0.00467	0.00374	0.01040
14	0.01208	0.00805	0.00906	0.00906	0.00906	0.00805	0.00503	0.01208	0.01208	0.01611	0.02618	0.05436	0.03020	0.70804	0.04228	0.00805	0.00805	0.01208	0.00503	0.00503
15	0.00982	0.00842	0.00842	0.00842	0.01122	0.00701	0.00631	0.01192	0.01894	0.02244	0.08416	0.07995	0.65285	0.02104	0.00982	0.00281	0.00421	0.01753	0.00771	0.00701
16	0.01224	0.00859	0.00967	0.00980	0.01229	0.00739	0.00719	0.01427	0.01855	0.07673	0.06959	0.24072	0.44024	0.02144	0.00990	0.00294	0.00461	0.01836	0.00793	0.00755
17	0.01187	0.00890	0.01335	0.01335	0.01483	0.01038	0.01038	0.01483	0.01335	0.01928	0.02225	0.03264	0.02077	0.06231	0.67512	0.01335	0.02225	0.00890	0.00445	0.00742
18	0.01226	0.00890	0.01198	0.01348	0.01520	0.00861	0.01110	0.01547	0.01887	0.02468	0.10340	0.20925	0.10878	0.02283	0.01100	0.00353	0.00643	0.37900	0.00780	0.00743
19	0.01666	0.04297	0.66500	0.02368	0.03596	0.01929	0.03069	0.02631	0.01754	0.02631	0.01491	0.01754	0.01052	0.00789	0.00789	0.00263	0.01228	0.00614	0.00351	0.01228
20	0.01074	0.00749	0.00946	0.01077	0.01110	0.00716	0.00686	0.01173	0.01469	0.01959	0.03956	0.49689	0.04709	0.24247	0.02066	0.00486	0.00585	0.01996	0.00686	0.00620
21	0.01775	0.01653	0.02547	0.06668	0.30770	0.01843	0.01924	0.02294	0.07002	0.02478	0.02205	0.15511	0.02182	0.01298	0.01283	0.00294	0.15612	0.01073	0.00507	0.01082
22	0.01168	0.00794	0.00945	0.01003	0.01026	0.00783	0.00617	0.01226	0.01342	0.01786	0.03198	0.21401	0.03724	0.50236	0.03279	0.00667	0.00725	0.04935	0.00584	0.00560
23	0.01666	0.04297	0.66500	0.02368	0.03596	0.01929	0.03069	0.02631	0.01754	0.02631	0.01491	0.01754	0.01052	0.00789	0.00789	0.00263	0.01228	0.00614	0.00351	0.01228
24	0.02930	0.17199	0.02747	0.01999	0.02482	0.54851	0.01569	0.03154	0.02223	0.02018	0.01259	0.01466	0.01069	0.00827	0.00707	0.00207	0.01378	0.00517	0.00414	0.00983
25	0.01010	0.00731	0.00956	0.01135	0.01199	0.00677	0.00762	0.01159	0.01611	0.02129	0.04842	0.65985	0.09601	0.02568	0.01055	0.00333	0.00478	0.02320	0.00771	0.00677
26	0.01271	0.00955	0.01082	0.01022	0.01304	0.00879	0.00775	0.01748	0.07744	0.05534	0.28687	0.06665	0.35629	0.01819	0.00962	0.00273	0.00444	0.01547	0.00842	0.00819
27	0.00991	0.00804	0.00880	0.00942	0.01148	0.00693	0.00676	0.01181	0.01797	0.02205	0.07198	0.27756	0.46310	0.02262	0.01007	0.00299	0.00440	0.01946	0.00771	0.00693
28	0.02854	0.02022	0.02364	0.13765	0.03024	0.02242	0.01632	0.43923	0.03269	0.10129	0.02051	0.02159	0.01449	0.00969	0.00820	0.00252	0.00906	0.00755	0.04118	0.01297
29	0.01613	0.01522	0.02572	0.63013	0.11170	0.01857	0.02329	0.02161	0.01682	0.02176	0.01484	0.02200	0.01126	0.00822	0.00830	0.00274	0.01096	0.00738	0.00373	0.00959
30	0.01187	0.00890	0.01335	0.01335	0.01483	0.01038	0.01038	0.01483	0.01335	0.01928	0.02225	0.03264	0.02077	0.06231	0.67512	0.01335	0.02225	0.00890	0.00445	0.00742
31	0.01402	0.01305	0.01324	0.01542	0.05194	0.11259	0.01007	0.01578	0.01728	0.02142	0.03884	0.55448	0.04554	0.02219	0.00997	0.00313	0.00671	0.01979	0.00696	0.00758
32	0.01206	0.00813	0.00945	0.00945	0.00959	0.00827	0.00552	0.01233	0.01220	0.01640	0.02582	0.05239	0.02934	0.64931	0.09985	0.00854	0.00935	0.01179	0.00498	0.00525
33	0.01894	0.43908	0.14954	0.01512	0.02206	0.02500	0.01583	0.02315	0.01843	0.02375	0.15041	0.02461	0.02526	0.00938	0.00676	0.00211	0.00843	0.00704	0.00475	0.01035
34	0.00988	0.00816	0.00868	0.00910	0.01140	0.00696	0.00661	0.01185	0.01828	0.02218	0.07587	0.21439	0.52376	0.02212	0.00999	0.00293	0.00434	0.01885	0.00771	0.00696
35	0.18078	0.01662	0.02218	0.41829	0.04252	0.01985	0.01869	0.13410	0.02022	0.03044	0.01503	0.01987	0.01119	0.00849	0.00762	0.00267	0.00971	0.00678	0.00486	0.01008
36	0.02425	0.43963	0.03706	0.02129	0.11453	0.16655	0.01631	0.05320	0.01956	0.02225	0.01278	0.01502	0.01118	0.00758	0.00634	0.00199	0.01033	0.00520	0.00400	0.01096
37	0.01813	0.14563	0.54196	0.02213	0.03327	0.04967	0.02753	0.02639	0.01770	0.02501	0.01430	0.01678	0.01055	0.00780	0.00748	0.00248	0.01187	0.00584	0.00355	0.01192

[dist]
# distance from previous block
# <min> <max>
0	1

[block]
# block no. 2 follows, 22 sequences, length 67
# corresponding to MSA columns:
# 71-137
name=unknown_C
#
# <colnr> <probs for GDERKNQSTAVLIFYWHMCP>
#	G	D	E	R	K	N	Q	S	T	A	V	L	I	F	Y	W	H	M	C	P
0	0.06160	0.01173	0.01921	0.08513	0.02295	0.01175	0.13441	0.01689	0.01643	0.02351	0.03212	0.36798	0.03532	0.06680	0.01185	0.00340	0.00760	0.01624	0.04710	0.00798
1	0.52236	0.05718	0.02218	0.01673	0.02258	0.06657	0.13472	0.02551	0.01606	0.03294	0.01272	0.01540	0.00994	0.00760	0.00626	0.00254	0.00870	0.00563	0.00480	0.00958
2	0.02362	0.01908	0.02038	0.01750	0.02265	0.02165	0.01397	0.22090	0.42603	0.03961	0.03010	0.03082	0.02308	0.01147	0.00856	0.00277	0.00741	0.03886	0.00837	0.01317
3	0.02014	0.01649	0.01879	0.01368	0.02092	0.01405	0.01105	0.14408	0.02165	0.03220	0.01582	0.01778	0.01267	0.00693	0.00659	0.00149	0.00676	0.00544	0.00561	0.60787
4	0.01038	0.00860	0.00920	0.00950	0.01216	0.00741	0.00742	0.01275	0.01897	0.02282	0.07785	0.08211	0.55780	0.02134	0.01008	0.00297	0.00475	0.10908	0.00770	0.00711
5	0.01569	0.01477	0.02492	0.68808	0.05722	0.01846	0.02307	0.02123	0.01661	0.02123	0.01477	0.02215	0.01107	0.00831	0.00831	0.00277	0.01107	0.00738	0.00369	0.00923
6	0.03106	0.03876	0.02361	0.02129	0.02569	0.64169	0.01604	0.06345	0.02433	0.02196	0.01320	0.01523	0.01088	0.00863	0.00753	0.00216	0.01468	0.00546	0.00449	0.00986
7	0.03158	0.02327	0.02493	0.01911	0.02576	0.02576	0.01579	0.62852	0.03906	0.05236	0.01995	0.01995	0.01413	0.00997	0.00831	0.00249	0.00914	0.00748	0.00831	0.01413
8	0.01148	0.00848	0.01071	0.01016	0.01224	0.00772	0.00762	0.01513	0.02285	0.03173	0.56937	0.06465	0.16183	0.01757	0.00980	0.00264	0.00396	0.01539	0.00894	0.00772
9	0.01961	0.02241	0.04902	0.03501	0.04342	0.02101	0.62605	0.02661	0.01961	0.02661	0.01681	0.02241	0.01261	0.00700	0.00980	0.00280	0.01401	0.00980	0.00420	0.01120
10	0.00982	0.00842	0.00842	0.00842	0.01122	0.00701	0.00631	0.01192	0.01894	0.02244	0.08416	0.07995	0.65285	0.02104	0.00982	0.00281	0.00421	0.01753	0.00771	0.00701
11	0.02066	0.01785	0.01878	0.01691	0.02160	0.02066	0.01315	0.04414	0.64121	0.03475	0.03381	0.03099	0.02536	0.01127	0.00845	0.00282	0.00657	0.00939	0.00845	0.01315
12	0.01569	0.01477	0.02492	0.68808	0.05722	0.01846	0.02307	0.02123	0.01661	0.02123	0.01477	0.02215	0.01107	0.00831	0.00831	0.00277	0.01107	0.00738	0.00369	0.00923
13	0.01205	0.00819	0.00976	0.00976	0.01000	0.00843	0.00590	0.01253	0.01229	0.01662	0.02554	0.05085	0.02867	0.60349	0.14474	0.00891	0.01035	0.01157	0.00494	0.00542
14	0.00989	0.00812	0.00872	0.00920	0.01143	0.00695	0.00666	0.01183	0.01818	0.02214	0.07464	0.23433	0.50461	0.02228	0.01001	0.00295	0.00436	0.01904	0.00771	0.00695
15	0.00982	0.00842	0.00842	0.00842	0.01122	0.00701	0.00631	0.01192	0.01894	0.02244	0.08416	0.07995	0.65285	0.02104	0.00982	0.00281	0.00421	0.01753	0.00771	0.00701
16	0.01313	0.00948	0.01303	0.01481	0.01679	0.00938	0.01288	0.01684	0.01911	0.02469	0.04684	0.09273	0.09085	0.02281	0.01136	0.00375	0.00740	0.55885	0.00765	0.00760
17	0.01909	0.01823	0.03106	0.24366	0.47507	0.01935	0.02476	0.02420	0.01822	0.02535	0.01537	0.02104	0.01253	0.00768	0.00825	0.00256	0.01023	0.00740	0.00398	0.01197
18	0.03158	0.02327	0.02493	0.01911	0.02576	0.02576	0.01579	0.62852	0.03906	0.05236	0.01995	0.01995	0.01413	0.00997	0.00831	0.00249	0.00914	0.00748	0.00831	0.01413
19	0.01880	0.14037	0.25382	0.09762	0.15516	0.02185	0.14679	0.02546	0.01802	0.02491	0.01487	0.01889	0.01152	0.00753	0.00797	0.00251	0.01150	0.00697	0.00379	0.01165
20	0.03103	0.03959	0.02354	0.02140	0.02568	0.67469	0.01605	0.03317	0.02354	0.02033	0.01284	0.01498	0.01070	0.00856	0.00749	0.00214	0.01498	0.00535	0.00428	0.00963
21	0.01838	0.01996	0.06753	0.02560	0.10258	0.02433	0.01990	0.02109	0.01381	0.02130	0.01176	0.01843	0.01116	0.01321	0.02362	0.00342	0.56318	0.00721	0.00369	0.00980
22	0.00982	0.00842	0.00842	0.00842	0.01122	0.00701	0.00631	0.01192	0.01894	0.02244	0.08416	0.07995	0.65285	0.02104	0.00982	0.00281	0.00421	0.01753	0.00771	0.00701
23	0.01339	0.00956	0.01339	0.01530	0.01721	0.00956	0.01339	0.01721	0.01912	0.02486	0.04399	0.09371	0.04781	0.02295	0.01147	0.00382	0.00765	0.60031	0.00765	0.00765
24	0.76672	0.01607	0.01221	0.01092	0.01607	0.01864	0.00900	0.02442	0.01414	0.03727	0.01157	0.01350	0.00900	0.00771	0.00514	0.00257	0.00643	0.00450	0.00514	0.00900
25	0.02066	0.01785	0.01878	0.01691	0.02160	0.02066	0.01315	0.04414	0.64121	0.03475	0.03381	0.03099	0.02536	0.01127	0.00845	0.00282	0.00657	0.00939	0.00845	0.01315
26	0.01549	0.00774	0.00774	0.00774	0.00968	0.00774	0.00581	0.01936	0.01742	0.03097	0.02710	0.03097	0.02129	0.00968	0.00581	0.00194	0.00387	0.00774	0.75416	0.00774
27	0.01176	0.00849	0.01110	0.01045	0.01241	0.00784	0.00784	0.01568	0.02352	0.03331	0.65184	0.06206	0.07839	0.01698	0.00980	0.00261	0.00392	0.01502	0.00914	0.00784
28	0.03056	0.02266	0.02438	0.01863	0.02533	0.02472	0.01537	0.58530	0.03751	0.05056	0.01958	0.01975	0.01400	0.00970	0.00816	0.00240	0.00893	0.00730	0.00807	0.06710
29	0.02810	0.26329	0.03018	0.01901	0.02423	0.46150	0.01544	0.03042	0.02133	0.02007	0.01241	0.01443	0.01069	0.00808	0.00677	0.00202	0.01296	0.00505	0.00404	0.00997
30	0.06032	0.01681	0.02739	0.34497	0.29510	0.01854	0.02251	0.02450	0.01792	0.07008	0.01622	0.02147	0.01248	0.00805	0.00810	0.00262	0.01005	0.00730	0.00441	0.01116
31	0.01018	0.00843	0.00891	0.00879	0.01144	0.00717	0.00659	0.01261	0.01978	0.02445	0.18886	0.07665	0.54690	0.02029	0.00981	0.00277	0.00415	0.01707	0.00798	0.00717
32	0.00982	0.00842	0.00842	0.00842	0.01122	0.00701	0.00631	0.01192	0.01894	0.02244	0.08416	0.07995	0.65285	0.02104	0.00982	0.00281	0.00421	0.01753	0.00771	0.00701
33	0.01012	0.00723	0.00964	0.01157	0.01205	0.00675	0.00771	0.01157	0.01591	0.02121	0.04579	0.70262	0.05495	0.02603	0.01060	0.00337	0.00482	0.02362	0.00771	0.00675
34	0.01549	0.00774	0.00774	0.00774	0.00968	0.00774	0.00581	0.01936	0.01742	0.03097	0.02710	0.03097	0.02129	0.00968	0.00581	0.00194	0.00387	0.00774	0.75416	0.00774
35	0.01187	0.00890	0.01335	0.01335	0.01483	0.01038	0.01038	0.01483	0.01335	0.01928	0.02225	0.03264	0.02077	0.06231	0.67512	0.01335	0.02225	0.00890	0.00445	0.00742
36	0.02423	0.02217	0.02351	0.22299	0.07846	0.15282	0.01771	0.21894	0.02548	0.03247	0.01736	0.02078	0.01317	0.00897	0.00788	0.00245	0.01042	0.00704	0.08213	0.01101
37	0.03103	0.03959	0.02354	0.02140	0.02568	0.67469	0.01605	0.03317	0.02354	0.02033	0.01284	0.01498	0.01070	0.00856	0.00749	0.00214	0.01498	0.00535	0.00428	0.00963
38	0.02278	0.66982	0.04225	0.01468	0.02160	0.07406	0.01433	0.02541	0.01731	0.01960	0.01163	0.01343	0.01066	0.00720	0.00547	0.00180	0.00928	0.00450	0.00360	0.01059
39	0.02352	0.02535	0.03084	0.04263	0.47795	0.20491	0.02283	0.02767	0.02022	0.02522	0.01484	0.01898	0.01246	0.00773	0.00802	0.00237	0.01131	0.00682	0.00416	0.01216
40	0.01848	0.26299	0.46094	0.02057	0.03115	0.02375	0.02528	0.02584	0.01732	0.02409	0.01381	0.01616	0.01057	0.00763	0.00705	0.00235	0.01116	0.00558	0.00352	0.01175
41	0.02650	0.02074	0.02207	0.01809	0.02383	0.02339	0.01456	0.35642	0.31944	0.04416	0.02640	0.02509	0.01936	0.01058	0.00838	0.00264	0.00795	0.00837	0.00838	0.01367
42	0.02498	0.02818	0.02576	0.05794	0.22502	0.32732	0.01884	0.03098	0.10148	0.02458	0.01785	0.02250	0.01498	0.00915	0.00805	0.00243	0.01180	0.03217	0.00489	0.01110
43	0.04611	0.01266	0.01395	0.01317	0.01684	0.01301	0.01057	0.05772	0.18724	0.06950	0.05290	0.06036	0.26190	0.01698	0.00942	0.00297	0.00608	0.13090	0.00800	0.00971
44	0.00982	0.00842	0.00842	0.00842	0.01122	0.00701	0.00631	0.01192	0.01894	0.02244	0.08416	0.07995	0.65285	0.02104	0.00982	0.00281	0.00421	0.01753	0.00771	0.00701
45	0.01012	0.00723	0.00964	0.01157	0.01205	0.00675	0.00771	0.01157	0.01591	0.02121	0.04579	0.70262	0.05495	0.02603	0.01060	0.00337	0.00482	0.02362	0.00771	0.00675
46	0.02365	0.02723	0.05619	0.11461	0.16127	0.23548	0.14069	0.06621	0.02127	0.02535	0.01490	0.01904	0.01185	0.00829	0.00906	0.00252	0.03990	0.00715	0.00436	0.01098
47	0.02127	0.02264	0.02608	0.25381	0.21717	0.19402	0.02084	0.02639	0.04642	0.02351	0.01720	0.02475	0.01455	0.00918	0.00827	0.00258	0.01136	0.04498	0.00443	0.01054
48	0.01002	0.00762	0.00924	0.01053	0.01178	0.00683	0.00725	0.01168	0.01690	0.02161	0.05840	0.49801	0.25141	0.02439	0.01035	0.00319	0.00462	0.02162	0.00771	0.00683
49	0.01325	0.01168	0.01630	0.04795	0.18274	0.01105	0.01283	0.01637	0.01866	0.02379	0.05682	0.10342	0.35902	0.01747	0.00956	0.00286	0.00636	0.07450	0.00660	0.00876
50	0.01866	0.17329	0.39118	0.02747	0.15122	0.02220	0.05344	0.02588	0.01776	0.02511	0.01445	0.01748	0.01115	0.00760	0.00752	0.00243	0.01121	0.00620	0.00366	0.01207
51	0.01745	0.03826	0.53704	0.02921	0.16169	0.01938	0.02964	0.02614	0.01782	0.02648	0.01505	0.01815	0.01106	0.00779	0.00796	0.00260	0.01179	0.00639	0.00363	0.01246
52	0.01012	0.00723	0.00964	0.01157	0.01205	0.00675	0.00771	0.01157	0.01591	0.02121	0.04579	0.70262	0.05495	0.02603	0.01060	0.00337	0.00482	0.02362	0.00771	0.00675
53	0.01994	0.16431	0.15531	0.06602	0.38377	0.02226	0.02409	0.02534	0.01814	0.02519	0.01463	0.01859	0.01206	0.00747	0.00758	0.00237	0.01018	0.00656	0.00387	0.01231
54	0.01968	0.02535	0.17420	0.11771	0.34541	0.05633	0.02466	0.02739	0.07853	0.02658	0.01695	0.02076	0.01334	0.00806	0.00814	0.00256	0.01053	0.00719	0.00435	0.01228
55	0.02567	0.03326	0.15621	0.02868	0.17970	0.29515	0.02126	0.11148	0.02334	0.02757	0.01490	0.01752	0.01173	0.00834	0.00786	0.00237	0.01240	0.00630	0.00464	0.01163
56	0.01187	0.00890	0.01335	0.01335	0.01483	0.01038	0.01038	0.01483	0.01335	0.01928	0.02225	0.03264	0.02077	0.06231	0.67512	0.01335	0.02225	0.00890	0.00445	0.00742
57	0.02112	0.01458	0.01591	0.01341	0.01676	0.01575	0.01018	0.27815	0.02483	0.03489	0.02341	0.03331	0.02083	0.22113	0.06534	0.00481	0.00868	0.00900	0.15825	0.00965
58	0.01071	0.00903	0.00936	0.00917	0.01201	0.00797	0.00691	0.01437	0.05934	0.02434	0.13902	0.07498	0.55379	0.02000	0.00973	0.00279	0.00433	0.01675	0.00791	0.00749
59	0.01810	0.01286	0.01449	0.01316	0.01623	0.01408	0.01013	0.13478	0.14685	0.03216	0.05455	0.08526	0.02632	0.05904	0.12547	0.00468	0.00889	0.01004	0.20319	0.00974
60	0.01030	0.00736	0.00985	0.01178	0.01234	0.00691	0.00803	0.01188	0.01609	0.02141	0.04569	0.66844	0.05454	0.02585	0.01065	0.00340	0.00498	0.05599	0.00771	0.00680
61	0.01813	0.01646	0.02392	0.03207	0.33353	0.01691	0.01795	0.02717	0.17567	0.02844	0.05891	0.03819	0.12384	0.01176	0.00877	0.00268	0.00777	0.04000	0.00617	0.01167
62	0.01298	0.13242	0.04423	0.01294	0.01533	0.01224	0.01052	0.01539	0.01688	0.02212	0.06582	0.45104	0.04551	0.02116	0.00963	0.00308	0.00615	0.08786	0.00686	0.00783
63	0.01666	0.04297	0.66500	0.02368	0.03596	0.01929	0.03069	0.02631	0.01754	0.02631	0.01491	0.01754	0.01052	0.00789	0.00789	0.00263	0.01228	0.00614	0.00351	0.01228
64	0.14589	0.03049	0.21001	0.11215	0.05689	0.17847	0.02047	0.10143	0.02102	0.02924	0.01449	0.01730	0.01094	0.00832	0.00746	0.00250	0.01132	0.00606	0.00461	0.01094
65	0.02428	0.13906	0.02309	0.01707	0.02106	0.38912	0.01325	0.02664	0.02147	0.02209	0.11995	0.02779	0.04924	0.05996	0.01009	0.00261	0.01128	0.00775	0.00515	0.00907
66	0.04843	0.04841	0.10120	0.01529	0.04614	0.01451	0.01302	0.09503	0.07196	0.03181	0.23636	0.04627	0.17067	0.01407	0.00879	0.00261	0.00652	0.01175	0.00730	0.00985

[dist]
# distance from previous block
# <min> <max>
2	68

[block]
# block no. 3 follows, 22 sequences, length 46
# corresponding to MSA columns:
# 206-251
name=unknown_D
#
# <colnr> <probs for GDERKNQSTAVLIFYWHMCP>
#	G	D	E	R	K	N	Q	S	T	A	V	L	I	F	Y	W	H	M	C	P
0	0.06527	0.08475	0.02489	0.02121	0.05355	0.33405	0.01609	0.03008	0.09442	0.02317	0.01490	0.01767	0.01254	0.00999	0.01170	0.00256	0.16216	0.00624	0.00462	0.01015
1	0.13533	0.02087	0.01967	0.01906	0.07324	0.14856	0.01379	0.15432	0.08342	0.03188	0.01907	0.02232	0.01542	0.02056	0.15165	0.00479	0.01232	0.00711	0.03606	0.01058
2	0.11907	0.10589	0.02435	0.19365	0.05676	0.18962	0.01639	0.05355	0.01949	0.05910	0.01506	0.01857	0.01191	0.01078	0.03905	0.00286	0.01120	0.00616	0.00468	0.04187
3	0.01698	0.06337	0.36460	0.02479	0.10487	0.01977	0.02443	0.02352	0.01631	0.02408	0.01520	0.01990	0.01233	0.01641	0.10331	0.00422	0.12430	0.00678	0.00373	0.01111
4	0.00982	0.00842	0.00842	0.00842	0.01122	0.00701	0.00631	0.01192	0.01894	0.02244	0.08416	0.07995	0.65285	0.02104	0.00982	0.00281	0.00421	0.01753	0.00771	0.00701
5	0.01815	0.22209	0.49887	0.02115	0.03204	0.02292	0.02629	0.02593	0.01736	0.02450	0.01401	0.01641	0.01056	0.00768	0.00721	0.00240	0.01137	0.00569	0.00352	0.01185
6	0.02056	0.01974	0.03372	0.05099	0.65622	0.01974	0.02550	0.02550	0.01892	0.02714	0.01563	0.02056	0.01316	0.00740	0.00822	0.00247	0.00987	0.00740	0.00411	0.01316
7	0.01701	0.01065	0.01454	0.01262	0.01557	0.01090	0.06875	0.05685	0.01834	0.05611	0.02485	0.02970	0.01986	0.02077	0.15036	0.00454	0.00928	0.00820	0.44241	0.00867
8	0.01012	0.00723	0.00964	0.01157	0.01205	0.00675	0.00771	0.01157	0.01591	0.02121	0.04579	0.70262	0.05495	0.02603	0.01060	0.00337	0.00482	0.02362	0.00771	0.00675
9	0.01012	0.00723	0.00964	0.01157	0.01205	0.00675	0.00771	0.01157	0.01591	0.02121	0.04579	0.70262	0.05495	0.02603	0.01060	0.00337	0.00482	0.02362	0.00771	0.00675
10	0.03158	0.02327	0.02493	0.01911	0.02576	0.02576	0.01579	0.62852	0.03906	0.05236	0.01995	0.01995	0.01413	0.00997	0.00831	0.00249	0.00914	0.00748	0.00831	0.01413
11	0.01187	0.00890	0.01335	0.01335	0.01483	0.01038	0.01038	0.01483	0.01335	0.01928	0.02225	0.03264	0.02077	0.06231	0.67512	0.01335	0.02225	0.00890	0.00445	0.00742
12	0.00982	0.00842	0.00842	0.00842	0.01122	0.00701	0.00631	0.01192	0.01894	0.02244	0.08416	0.07995	0.65285	0.02104	0.00982	0.00281	0.00421	0.01753	0.00771	0.00701
13	0.00982	0.00842	0.00842	0.00842	0.01122	0.00701	0.00631	0.01192	0.01894	0.02244	0.08416	0.07995	0.65285	0.02104	0.00982	0.00281	0.00421	0.01753	0.00771	0.00701
14	0.01961	0.02241	0.04902	0.03501	0.04342	0.02101	0.62605	0.02661	0.01961	0.02661	0.01681	0.02241	0.01261	0.00700	0.00980	0.00280	0.01401	0.00980	0.00420	0.01120
15	0.01208	0.00805	0.00906	0.00906	0.00906	0.00805	0.00503	0.01208	0.01208	0.01611	0.02618	0.05436	0.03020	0.70804	0.04228	0.00805	0.00805	0.01208	0.00503	0.00503
16	0.02066	0.01785	0.01878	0.01691	0.02160	0.02066	0.01315	0.04414	0.64121	0.03475	0.03381	0.03099	0.02536	0.01127	0.00845	0.00282	0.00657	0.00939	0.00845	0.01315
17	0.01005	0.00752	0.00934	0.01078	0.01184	0.00681	0.00736	0.01166	0.01666	0.02151	0.05532	0.54795	0.20346	0.02479	0.01041	0.00323	0.00467	0.02211	0.00771	0.00681
18	0.01176	0.00849	0.01110	0.01045	0.01241	0.00784	0.00784	0.01568	0.02352	0.03331	0.65184	0.06206	0.07839	0.01698	0.00980	0.00261	0.00392	0.01502	0.00914	0.00784
19	0.01549	0.00774	0.00774	0.00774	0.00968	0.00774	0.00581	0.01936	0.01742	0.03097	0.02710	0.03097	0.02129	0.00968	0.00581	0.00194	0.00387	0.00774	0.75416	0.00774
20	0.02056	0.01974	0.03372	0.05099	0.65622	0.01974	0.02550	0.02550	0.01892	0.02714	0.01563	0.02056	0.01316	0.00740	0.00822	0.00247	0.00987	0.00740	0.00411	0.01316
21	0.01187	0.00890	0.01335	0.01335	0.01483	0.01038	0.01038	0.01483	0.01335	0.01928	0.02225	0.03264	0.02077	0.06231	0.67512	0.01335	0.02225	0.00890	0.00445	0.00742
22	0.01051	0.00761	0.00993	0.01110	0.01209	0.00703	0.00766	0.01261	0.01797	0.02428	0.19805	0.50647	0.09692	0.02349	0.01036	0.00315	0.00456	0.02112	0.00807	0.00703
23	0.01695	0.04095	0.60433	0.02479	0.03669	0.01946	0.08933	0.02634	0.01774	0.02634	0.01510	0.01802	0.01073	0.00781	0.00808	0.00265	0.01245	0.00650	0.00358	0.01217
24	0.02124	0.01359	0.01421	0.01213	0.01583	0.01460	0.00962	0.22728	0.06110	0.03844	0.02507	0.02724	0.01910	0.00987	0.00681	0.00218	0.00582	0.00775	0.45790	0.01022
25	0.76672	0.01607	0.01221	0.01092	0.01607	0.01864	0.00900	0.02442	0.01414	0.03727	0.01157	0.01350	0.00900	0.00771	0.00514	0.00257	0.00643	0.00450	0.00514	0.00900
26	0.02028	0.01945	0.03321	0.08811	0.62132	0.01966	0.02535	0.02525	0.01878	0.02680	0.01558	0.02065	0.01304	0.00745	0.00823	0.00248	0.00994	0.00740	0.00409	0.01293
27	0.01443	0.00722	0.01082	0.01082	0.01082	0.00722	0.00722	0.01082	0.01082	0.01443	0.01443	0.02525	0.01443	0.02886	0.03247	0.75830	0.00722	0.00722	0.00361	0.00361
28	0.01115	0.00832	0.00945	0.00925	0.01089	0.00760	0.00637	0.01313	0.01813	0.02374	0.24018	0.06616	0.27436	0.24224	0.02032	0.00445	0.00536	0.01499	0.00729	0.00663
29	0.01818	0.01818	0.02545	0.02181	0.02181	0.02545	0.01818	0.01999	0.01272	0.01999	0.01091	0.01818	0.01091	0.01454	0.02726	0.00364	0.69284	0.00727	0.00364	0.00909
30	0.00994	0.00842	0.00858	0.00854	0.01130	0.00706	0.00641	0.01216	0.01922	0.02312	0.11958	0.07883	0.61700	0.02079	0.00982	0.00279	0.00419	0.01738	0.00780	0.00706
31	0.21740	0.00960	0.01120	0.01085	0.01224	0.01030	0.00770	0.01449	0.01172	0.02059	0.01366	0.02208	0.01296	0.02315	0.02509	0.55440	0.00700	0.00648	0.00402	0.00506
32	0.02221	0.71304	0.04353	0.01421	0.02132	0.03287	0.01421	0.02488	0.01688	0.01955	0.01155	0.01333	0.01066	0.00711	0.00533	0.00178	0.00888	0.00444	0.00355	0.01066
33	0.03107	0.03857	0.02363	0.02126	0.02569	0.63420	0.01604	0.07032	0.02451	0.02233	0.01328	0.01529	0.01091	0.00865	0.00754	0.00216	0.01462	0.00548	0.00453	0.00991
34	0.01339	0.00956	0.01339	0.01530	0.01721	0.00956	0.01339	0.01721	0.01912	0.02486	0.04399	0.09371	0.04781	0.02295	0.01147	0.00382	0.00765	0.60031	0.00765	0.00765
35	0.02454	0.53550	0.03826	0.01611	0.02247	0.20208	0.01470	0.02706	0.01864	0.01975	0.01189	0.01376	0.01067	0.00749	0.00590	0.00187	0.01049	0.00468	0.00375	0.01039
36	0.02066	0.01785	0.01878	0.01691	0.02160	0.02066	0.01315	0.04414	0.64121	0.03475	0.03381	0.03099	0.02536	0.01127	0.00845	0.00282	0.00657	0.00939	0.00845	0.01315
37	0.00982	0.00842	0.00842	0.00842	0.01122	0.00701	0.00631	0.01192	0.01894	0.02244	0.08416	0.07995	0.65285	0.02104	0.00982	0.00281	0.00421	0.01753	0.00771	0.00701
38	0.00994	0.00842	0.00858	0.00854	0.01129	0.00706	0.00640	0.01215	0.01921	0.02310	0.11850	0.07887	0.61810	0.02079	0.00982	0.00279	0.00419	0.01738	0.00780	0.00706
39	0.01682	0.04187	0.63190	0.02429	0.03636	0.01939	0.06269	0.02633	0.01765	0.02633	0.01501	0.01780	0.01064	0.00784	0.00800	0.00264	0.01237	0.00634	0.00355	0.01222
40	0.03158	0.02327	0.02493	0.01911	0.02576	0.02576	0.01579	0.62852	0.03906	0.05236	0.01995	0.01995	0.01413	0.00997	0.00831	0.00249	0.00914	0.00748	0.00831	0.01413
41	0.02056	0.01974	0.03372	0.05099	0.65622	0.01974	0.02550	0.02550	0.01892	0.02714	0.01563	0.02056	0.01316	0.00740	0.00822	0.00247	0.00987	0.00740	0.00411	0.01316
42	0.01208	0.00805	0.00906	0.00906	0.00906	0.00805	0.00503	0.01208	0.01208	0.01611	0.02618	0.05436	0.03020	0.70804	0.04228	0.00805	0.00805	0.01208	0.00503	0.00503
43	0.01483	0.04028	0.01057	0.00919	0.01119	0.00936	0.00703	0.01830	0.01674	0.02784	0.05628	0.03313	0.02397	0.05327	0.12175	0.00421	0.00744	0.00836	0.51856	0.00769
44	0.60586	0.16666	0.01898	0.01164	0.01720	0.02171	0.01012	0.02452	0.01473	0.03344	0.01156	0.01346	0.00936	0.00758	0.00518	0.00240	0.00696	0.00449	0.00480	0.00936
45	0.03113	0.03673	0.02379	0.02100	0.02570	0.56070	0.01601	0.13775	0.02627	0.02596	0.01409	0.01585	0.01130	0.00881	0.00763	0.00220	0.01396	0.00572	0.00499	0.01042

[dist]
# distance from previous block
# <min> <max>
0	1

[block]
# block no. 4 follows, 22 sequences, length 23
# corresponding to MSA columns:
# 253-275
name=unknown_E
#
# <colnr> <probs for GDERKNQSTAVLIFYWHMCP>
#	G	D	E	R	K	N	Q	S	T	A	V	L	I	F	Y	W	H	M	C	P
0	0.02835	0.05566	0.02557	0.02342	0.10355	0.25007	0.01671	0.25351	0.10121	0.03470	0.01824	0.01933	0.01400	0.00920	0.00791	0.00238	0.01095	0.00683	0.00621	0.01219
1	0.02111	0.01767	0.09569	0.01387	0.01876	0.01567	0.01251	0.21920	0.05538	0.03752	0.02359	0.02572	0.01783	0.00963	0.00701	0.00225	0.00676	0.00754	0.38163	0.01065
2	0.02056	0.01974	0.03372	0.05099	0.65622	0.01974	0.02550	0.02550	0.01892	0.02714	0.01563	0.02056	0.01316	0.00740	0.00822	0.00247	0.00987	0.00740	0.00411	0.01316
3	0.01187	0.00890	0.01335	0.01335	0.01483	0.01038	0.01038	0.01483	0.01335	0.01928	0.02225	0.03264	0.02077	0.06231	0.67512	0.01335	0.02225	0.00890	0.00445	0.00742
4	0.01297	0.00880	0.01002	0.00975	0.01013	0.00899	0.00581	0.04079	0.01340	0.01795	0.02568	0.05165	0.02897	0.64242	0.07332	0.00807	0.00884	0.01170	0.00516	0.00558
5	0.03103	0.03959	0.02354	0.02140	0.02568	0.67469	0.01605	0.03317	0.02354	0.02033	0.01284	0.01498	0.01070	0.00856	0.00749	0.00214	0.01498	0.00535	0.00428	0.00963
6	0.01549	0.00774	0.00774	0.00774	0.00968	0.00774	0.00581	0.01936	0.01742	0.03097	0.02710	0.03097	0.02129	0.00968	0.00581	0.00194	0.00387	0.00774	0.75416	0.00774
7	0.00988	0.00817	0.00866	0.00906	0.01139	0.00696	0.00660	0.01185	0.01832	0.02219	0.07636	0.20649	0.53134	0.02205	0.00998	0.00292	0.00433	0.01877	0.00771	0.00696
8	0.76672	0.01607	0.01221	0.01092	0.01607	0.01864	0.00900	0.02442	0.01414	0.03727	0.01157	0.01350	0.00900	0.00771	0.00514	0.00257	0.00643	0.00450	0.00514	0.00900
9	0.01208	0.00805	0.00906	0.00906	0.00906	0.00805	0.00503	0.01208	0.01208	0.01611	0.02618	0.05436	0.03020	0.70804	0.04228	0.00805	0.00805	0.01208	0.00503	0.00503
10	0.02056	0.01974	0.03372	0.05099	0.65622	0.01974	0.02550	0.02550	0.01892	0.02714	0.01563	0.02056	0.01316	0.00740	0.00822	0.00247	0.00987	0.00740	0.00411	0.01316
11	0.01208	0.00805	0.00906	0.00906	0.00906	0.00805	0.00503	0.01208	0.01208	0.01611	0.02618	0.05436	0.03020	0.70804	0.04228	0.00805	0.00805	0.01208	0.00503	0.00503
12	0.02605	0.07196	0.02563	0.02081	0.02406	0.32649	0.01665	0.10215	0.02127	0.02415	0.01297	0.01662	0.01120	0.01074	0.01439	0.00269	0.25139	0.00623	0.00451	0.01006
13	0.01063	0.00865	0.00955	0.00991	0.01249	0.00757	0.00782	0.01317	0.01919	0.02344	0.10266	0.08190	0.50291	0.02124	0.01015	0.00300	0.00489	0.13585	0.00777	0.00718
14	0.01010	0.00731	0.00956	0.01135	0.01199	0.00677	0.00762	0.01159	0.01611	0.02129	0.04842	0.65997	0.09590	0.02568	0.01055	0.00333	0.00478	0.02320	0.00771	0.00677
15	0.03103	0.03959	0.02354	0.02140	0.02568	0.67469	0.01605	0.03317	0.02354	0.02033	0.01284	0.01498	0.01070	0.00856	0.00749	0.00214	0.01498	0.00535	0.00428	0.00963
16	0.02666	0.02745	0.02160	0.01912	0.02381	0.29716	0.01493	0.15604	0.20630	0.03142	0.02297	0.02718	0.01874	0.01083	0.00827	0.00255	0.01074	0.05624	0.00659	0.01141
17	0.02330	0.33776	0.20377	0.01884	0.02650	0.21625	0.01915	0.02768	0.01900	0.02158	0.01282	0.01493	0.01064	0.00774	0.00664	0.00211	0.01157	0.00516	0.00375	0.01079
18	0.01239	0.00967	0.01435	0.01405	0.01541	0.01163	0.01103	0.01526	0.01330	0.01934	0.02131	0.03144	0.01995	0.05835	0.62146	0.01255	0.07779	0.00877	0.00438	0.00756
19	0.02581	0.11515	0.02709	0.17493	0.07161	0.34992	0.01800	0.07823	0.02212	0.02351	0.01388	0.01718	0.01122	0.00837	0.00752	0.00229	0.01253	0.00601	0.00438	0.01026
20	0.01047	0.00844	0.00933	0.00910	0.01162	0.00729	0.00683	0.01319	0.02049	0.02612	0.27623	0.07389	0.45848	0.01967	0.00981	0.00274	0.00411	0.01668	0.00820	0.00729
21	0.01560	0.00929	0.01181	0.01198	0.01400	0.00871	0.00856	0.01884	0.05664	0.13222	0.08006	0.42040	0.09672	0.05965	0.01175	0.00337	0.00539	0.01847	0.00813	0.00840
22	0.03155	0.03339	0.02370	0.02036	0.02545	0.44850	0.01575	0.20585	0.02805	0.06683	0.01605	0.01719	0.01226	0.00907	0.00778	0.00227	0.01283	0.00614	0.00579	0.01119

[dist]
# distance from previous block
# <min> <max>
3	5

[block]
# block no. 5 follows, 22 sequences, length 23
# corresponding to MSA columns:
# 281-303
name=unknown_F
#
# <colnr> <probs for GDERKNQSTAVLIFYWHMCP>
#	G	D	E	R	K	N	Q	S	T	A	V	L	I	F	Y	W	H	M	C	P
0	0.02978	0.06798	0.02592	0.02306	0.08314	0.38932	0.01674	0.20826	0.02737	0.03039	0.01513	0.01687	0.01194	0.00880	0.00769	0.00226	0.01247	0.00612	0.00542	0.01134
1	0.01803	0.01563	0.01660	0.01519	0.01738	0.10309	0.01197	0.07603	0.01784	0.02500	0.01993	0.02641	0.01731	0.03174	0.28187	0.00693	0.12456	0.00779	0.15802	0.00867
2	0.01307	0.01339	0.05653	0.01834	0.14012	0.01109	0.01211	0.01748	0.05268	0.02493	0.09736	0.06055	0.41762	0.01674	0.00931	0.00272	0.00595	0.01422	0.00686	0.00894
3	0.01498	0.01348	0.01932	0.01753	0.01828	0.01782	0.01423	0.01738	0.01304	0.01963	0.01665	0.02550	0.01590	0.03873	0.35538	0.00856	0.35321	0.00810	0.00405	0.00824
4	0.01126	0.00926	0.01098	0.01275	0.06988	0.00835	0.00796	0.01316	0.01732	0.02154	0.06294	0.13245	0.41508	0.15154	0.01595	0.00383	0.00552	0.01618	0.00687	0.00717
5	0.01145	0.00874	0.01068	0.01095	0.01322	0.00798	0.00871	0.01465	0.02062	0.02695	0.27602	0.07718	0.28941	0.02009	0.01025	0.00300	0.00501	0.16942	0.00821	0.00747
6	0.02028	0.02052	0.03819	0.04633	0.47733	0.02011	0.20081	0.02582	0.01912	0.02699	0.01597	0.02110	0.01300	0.00729	0.00869	0.00256	0.01108	0.00810	0.00414	0.01259
7	0.01177	0.00875	0.01129	0.01258	0.01442	0.00827	0.01018	0.01470	0.01871	0.02409	0.09325	0.21169	0.19614	0.02273	0.01079	0.00341	0.00601	0.30612	0.00777	0.00733
8	0.01759	0.01731	0.02431	0.02102	0.02116	0.02404	0.01745	0.01951	0.01278	0.01993	0.01197	0.01953	0.01183	0.01900	0.08782	0.00454	0.63016	0.00742	0.00371	0.00893
9	0.01012	0.00723	0.00964	0.01157	0.01205	0.00675	0.00771	0.01157	0.01591	0.02121	0.04579	0.70262	0.05495	0.02603	0.01060	0.00337	0.00482	0.02362	0.00771	0.00675
10	0.01957	0.01873	0.03194	0.18002	0.53490	0.01948	0.02500	0.02463	0.01845	0.02594	0.01545	0.02088	0.01274	0.00758	0.00824	0.00253	0.01011	0.00740	0.00403	0.01236
11	0.01117	0.00847	0.01029	0.00983	0.01205	0.00759	0.00737	0.01453	0.02212	0.03000	0.47891	0.06751	0.25338	0.01822	0.00980	0.00267	0.00401	0.01579	0.00871	0.00759
12	0.01992	0.01764	0.01760	0.01657	0.02046	0.08743	0.01332	0.08484	0.29948	0.03108	0.03655	0.04976	0.06988	0.01490	0.00931	0.00301	0.00787	0.18181	0.00771	0.01086
13	0.01030	0.00808	0.00932	0.00975	0.01170	0.00710	0.00703	0.01258	0.01898	0.02428	0.18793	0.25810	0.36196	0.02167	0.01004	0.00293	0.00433	0.01880	0.00800	0.00710
14	0.03050	0.03460	0.02397	0.02088	0.02550	0.48667	0.01610	0.17417	0.02668	0.02794	0.01443	0.01633	0.01153	0.00921	0.00871	0.00230	0.04865	0.00596	0.00521	0.01067
15	0.01088	0.00868	0.00994	0.01061	0.01302	0.00774	0.00846	0.01345	0.01881	0.02307	0.07014	0.12110	0.44057	0.02189	0.01035	0.00314	0.00525	0.18802	0.00770	0.00718
16	0.01187	0.00890	0.01335	0.01335	0.01483	0.01038	0.01038	0.01483	0.01335	0.01928	0.02225	0.03264	0.02077	0.06231	0.67512	0.01335	0.02225	0.00890	0.00445	0.00742
17	0.02056	0.01974	0.03372	0.05099	0.65622	0.01974	0.02550	0.02550	0.01892	0.02714	0.01563	0.02056	0.01316	0.00740	0.00822	0.00247	0.00987	0.00740	0.00411	0.01316
18	0.01108	0.00847	0.01017	0.00974	0.01200	0.00755	0.00731	0.01437	0.02192	0.02953	0.45413	0.06829	0.27846	0.01840	0.00981	0.00268	0.00402	0.01590	0.00865	0.00755
19	0.01012	0.00723	0.00964	0.01157	0.01205	0.00675	0.00771	0.01157	0.01591	0.02121	0.04579	0.70262	0.05495	0.02603	0.01060	0.00337	0.00482	0.02362	0.00771	0.00675
20	0.01723	0.01477	0.01723	0.01230	0.01969	0.01107	0.00984	0.02092	0.01723	0.02707	0.01477	0.01723	0.01230	0.00615	0.00615	0.00123	0.00615	0.00492	0.00492	0.75883
21	0.01025	0.00761	0.00957	0.01081	0.01193	0.00693	0.00745	0.01212	0.01740	0.02287	0.12427	0.50384	0.17666	0.02398	0.01035	0.00317	0.00459	0.02140	0.00788	0.00693
22	0.13563	0.12343	0.01792	0.01276	0.01638	0.14424	0.01019	0.02241	0.01940	0.02815	0.16918	0.06603	0.03107	0.01138	0.00717	0.00229	0.00728	0.00885	0.15752	0.00873

[dist]
# distance from previous block
# <min> <max>
0	2

[block]
# block no. 6 follows, 22 sequences, length 27
# corresponding to MSA columns:
# 306-332
name=unknown_G
#
# <colnr> <probs for GDERKNQSTAVLIFYWHMCP>
#	G	D	E	R	K	N	Q	S	T	A	V	L	I	F	Y	W	H	M	C	P
0	0.02194	0.39647	0.04097	0.02100	0.02736	0.08996	0.16895	0.02555	0.01773	0.02145	0.01292	0.01632	0.01118	0.00806	0.00915	0.00228	0.08821	0.00620	0.00380	0.01052
1	0.01064	0.00859	0.00956	0.00972	0.01226	0.00751	0.00756	0.01329	0.01972	0.02458	0.17270	0.07891	0.47274	0.02063	0.01005	0.00292	0.00464	0.09881	0.00794	0.00724
2	0.01898	0.01480	0.01224	0.01152	0.01411	0.13724	0.00875	0.05385	0.01935	0.02892	0.02351	0.02747	0.01883	0.01458	0.07120	0.00311	0.00807	0.00738	0.49767	0.00841
3	0.01916	0.16905	0.47928	0.02103	0.03165	0.02153	0.02567	0.02764	0.04354	0.06425	0.01614	0.01794	0.01178	0.00803	0.00745	0.00247	0.01107	0.00608	0.00414	0.01212
4	0.03025	0.03829	0.02366	0.02143	0.02545	0.63520	0.01618	0.03237	0.02288	0.02031	0.01272	0.01518	0.01071	0.00892	0.00869	0.00223	0.05621	0.00547	0.00424	0.00960
5	0.01270	0.00934	0.01243	0.01398	0.01606	0.00907	0.01203	0.01619	0.01909	0.02440	0.05171	0.09106	0.16418	0.02258	0.01116	0.00363	0.00699	0.48822	0.00766	0.00753
6	0.01749	0.01767	0.01547	0.01485	0.01686	0.20337	0.01098	0.01963	0.01607	0.01896	0.02028	0.03177	0.01969	0.17379	0.35612	0.00904	0.01734	0.00849	0.00452	0.00759
