[name]
unknown

[dist]
# distance from previous block
# <min> <max>
0	0

[block]
# block no. 0 follows, 21 sequences, length 18
# corresponding to MSA columns:
# 0-17
name=unknown_A
#
# <colnr> <probs for GDERKNQSTAVLIFYWHMCP>
#	G	D	E	R	K	N	Q	S	T	A	V	L	I	F	Y	W	H	M	C	P
0	0.01371	0.00980	0.01371	0.01567	0.01763	0.00980	0.01371	0.01763	0.01959	0.02547	0.04506	0.09599	0.04898	0.02351	0.01175	0.00392	0.00784	0.59056	0.00784	0.00784
1	0.03090	0.03057	0.02424	0.02036	0.02589	0.30648	0.01600	0.30080	0.09708	0.03731	0.01878	0.01943	0.01418	0.00973	0.00816	0.00243	0.01170	0.00692	0.00672	0.01235
2	0.01795	0.01771	0.02592	0.19409	0.03181	0.02420	0.01993	0.02081	0.01407	0.02081	0.01220	0.01968	0.01122	0.01323	0.02286	0.00349	0.50946	0.00748	0.00374	0.00935
3	0.01073	0.00823	0.00994	0.01114	0.01278	0.00744	0.00818	0.01283	0.01799	0.02276	0.06199	0.36857	0.28498	0.02421	0.01068	0.00330	0.00511	0.10409	0.00789	0.00715
4	0.02412	0.02602	0.03157	0.04358	0.47046	0.20473	0.02336	0.02836	0.02073	0.02581	0.01519	0.01943	0.01276	0.00792	0.00821	0.00243	0.01160	0.00698	0.00426	0.01245
5	0.01152	0.00839	0.00904	0.00904	0.01010	0.00785	0.00564	0.01232	0.01498	0.01891	0.04884	0.06541	0.25845	0.44896	0.03098	0.00626	0.00679	0.01445	0.00617	0.00591
6	0.01235	0.00835	0.00981	0.00981	0.00999	0.00854	0.00581	0.01271	0.01253	0.01689	0.02633	0.05303	0.02978	0.62480	0.11786	0.00890	0.00999	0.01199	0.00509	0.00545
7	0.02077	0.01992	0.03402	0.08888	0.61347	0.02014	0.02597	0.02586	0.01924	0.02745	0.01596	0.02116	0.01336	0.00764	0.00843	0.00255	0.01018	0.00758	0.00419	0.01325
8	0.01277	0.00955	0.01364	0.01341	0.01468	0.01119	0.01025	0.01542	0.01369	0.02000	0.02279	0.03508	0.02182	0.13421	0.51984	0.01183	0.06166	0.00934	0.04140	0.00743
9	0.01238	0.00825	0.00928	0.00928	0.00928	0.00825	0.00516	0.01238	0.01238	0.01650	0.02681	0.05569	0.03094	0.70092	0.04331	0.00825	0.00825	0.01238	0.00516	0.00516
10	0.03101	0.02317	0.02479	0.01931	0.02588	0.02577	0.01585	0.55085	0.11080	0.05148	0.02213	0.02178	0.01585	0.01037	0.00853	0.00259	0.00905	0.00790	0.00853	0.01435
11	0.01794	0.14523	0.56323	0.02277	0.03454	0.02189	0.02886	0.02673	0.01786	0.02589	0.01475	0.01731	0.01080	0.00796	0.00768	0.00256	0.01205	0.00602	0.00360	0.01232
12	0.01962	0.01875	0.03193	0.23409	0.47727	0.01984	0.02540	0.02485	0.01869	0.02605	0.01575	0.02153	0.01286	0.00785	0.00845	0.00262	0.01047	0.00758	0.00409	0.01231
13	0.02625	0.02870	0.02138	0.01919	0.02322	0.36530	0.01475	0.12082	0.05259	0.02636	0.01782	0.02163	0.01491	0.02349	0.17996	0.00528	0.01595	0.00697	0.00528	0.01016
14	0.01737	0.01646	0.02788	0.51652	0.21238	0.01925	0.02428	0.02288	0.01763	0.02332	0.01536	0.02226	0.01190	0.00827	0.00849	0.00276	0.01102	0.00757	0.00389	0.01050
15	0.01961	0.02674	0.16670	0.03556	0.11507	0.02102	0.43211	0.02706	0.01959	0.02726	0.01669	0.02176	0.01256	0.00740	0.00947	0.00279	0.01350	0.00902	0.00415	0.01193
16	0.02203	0.02205	0.03361	0.04951	0.59206	0.07824	0.02525	0.02682	0.01980	0.02718	0.01575	0.02055	0.01325	0.00769	0.00836	0.00250	0.01058	0.00739	0.00423	0.01316
17	0.02939	0.03567	0.02398	0.02308	0.06460	0.52136	0.01657	0.03531	0.12263	0.02366	0.01682	0.01837	0.01356	0.00915	0.00788	0.00233	0.01362	0.00629	0.00507	0.01068

[dist]
# distance from previous block
# <min> <max>
0	1

[block]
# block no. 1 follows, 21 sequences, length 13
# corresponding to MSA columns:
# 19-31
name=unknown_B
#
# <colnr> <probs for GDERKNQSTAVLIFYWHMCP>
#	G	D	E	R	K	N	Q	S	T	A	V	L	I	F	Y	W	H	M	C	P
0	0.02679	0.03208	0.06486	0.02232	0.08136	0.40732	0.01654	0.02993	0.02231	0.05949	0.02302	0.02441	0.08244	0.00997	0.00799	0.00229	0.01235	0.00727	0.00511	0.06213
1	0.02025	0.01369	0.01662	0.01595	0.07479	0.01252	0.01124	0.06988	0.06441	0.15099	0.04976	0.04774	0.27471	0.01417	0.00881	0.00252	0.00628	0.01179	0.00774	0.12612
2	0.01945	0.01698	0.01752	0.01353	0.02005	0.07151	0.01067	0.02446	0.06628	0.05891	0.02484	0.02584	0.08014	0.00875	0.00712	0.00171	0.00700	0.00697	0.00584	0.51244
3	0.03022	0.02093	0.02325	0.01765	0.02457	0.02167	0.01451	0.42832	0.03363	0.12536	0.02107	0.02098	0.01495	0.00949	0.00809	0.00231	0.00849	0.00726	0.00809	0.15916
4	0.01955	0.30503	0.23430	0.01808	0.02572	0.07362	0.01938	0.02460	0.01733	0.02227	0.01518	0.01904	0.01290	0.01870	0.13579	0.00445	0.01338	0.00608	0.00386	0.01072
5	0.22113	0.08809	0.16172	0.01864	0.02595	0.05138	0.05706	0.09791	0.13999	0.03382	0.01844	0.01965	0.01391	0.00885	0.00736	0.00261	0.00938	0.00670	0.00568	0.01172
6	0.03235	0.02384	0.02554	0.01958	0.02639	0.02639	0.01618	0.61946	0.04001	0.05363	0.02043	0.02043	0.01447	0.01022	0.00851	0.00255	0.00936	0.00766	0.00851	0.01447
7	0.02127	0.22104	0.02321	0.01339	0.01746	0.10454	0.01134	0.06342	0.01969	0.02760	0.01962	0.02266	0.01602	0.00931	0.00754	0.00211	0.04874	0.00656	0.33489	0.00959
8	0.16827	0.11304	0.17083	0.01760	0.02506	0.02292	0.01739	0.19364	0.09766	0.03696	0.01848	0.01955	0.01384	0.00904	0.00729	0.00252	0.00898	0.00659	0.03816	0.01214
9	0.01254	0.01016	0.01144	0.01160	0.01436	0.00973	0.00910	0.01827	0.10626	0.02620	0.11955	0.10916	0.35707	0.02042	0.01023	0.00309	0.00535	0.12907	0.00813	0.00826
10	0.02029	0.01715	0.02428	0.01881	0.02473	0.01625	0.12976	0.17742	0.02368	0.03304	0.02432	0.17715	0.02332	0.01224	0.00868	0.00243	0.00836	0.01116	0.00647	0.24044
11	0.01279	0.01104	0.01758	0.01552	0.01815	0.01027	0.12640	0.01540	0.01719	0.02230	0.04620	0.25944	0.17928	0.15358	0.01693	0.00417	0.00746	0.05207	0.00666	0.00758
12	0.01948	0.02116	0.04019	0.03025	0.03529	0.02341	0.36855	0.02445	0.01716	0.02445	0.01471	0.02116	0.01219	0.01038	0.01747	0.00322	0.29290	0.00897	0.00406	0.01058

[dist]
# distance from previous block
# <min> <max>
0	2

[block]
# block no. 2 follows, 21 sequences, length 28
# corresponding to MSA columns:
# 34-61
name=unknown_C
#
# <colnr> <probs for GDERKNQSTAVLIFYWHMCP>
#	G	D	E	R	K	N	Q	S	T	A	V	L	I	F	Y	W	H	M	C	P
0	0.02025	0.01939	0.03307	0.15497	0.55148	0.02001	0.02571	0.02540	0.01899	0.02681	0.01586	0.02133	0.01313	0.00773	0.00844	0.00258	0.01031	0.00758	0.00414	0.01282
1	0.02201	0.02202	0.03362	0.04955	0.59271	0.07757	0.02526	0.02681	0.01980	0.02718	0.01575	0.02056	0.01326	0.00769	0.00836	0.00250	0.01057	0.00740	0.00423	0.01316
2	0.02255	0.24176	0.03334	0.19191	0.17267	0.15680	0.01982	0.02643	0.01909	0.02237	0.01387	0.01794	0.01161	0.00796	0.00735	0.00231	0.01117	0.00618	0.00396	0.01091
3	0.01200	0.00826	0.01016	0.01049	0.01084	0.00845	0.00658	0.01279	0.01326	0.01795	0.02944	0.15796	0.03343	0.47598	0.14857	0.00842	0.01028	0.01376	0.00551	0.00588
4	0.01938	0.01808	0.03070	0.20972	0.45571	0.01904	0.02425	0.02401	0.01823	0.02540	0.01570	0.02179	0.01302	0.00926	0.01008	0.05193	0.01025	0.00756	0.00407	0.01181
5	0.02305	0.02063	0.03210	0.08686	0.48160	0.02140	0.02391	0.14754	0.02345	0.03270	0.01686	0.02104	0.01354	0.00818	0.00845	0.00255	0.01004	0.00760	0.00507	0.01342
6	0.01216	0.00912	0.01368	0.01368	0.01520	0.01064	0.01064	0.01520	0.01368	0.01976	0.02279	0.03343	0.02127	0.06382	0.66720	0.01368	0.02279	0.00912	0.00456	0.00760
7	0.01167	0.00802	0.00942	0.01000	0.01029	0.00781	0.00603	0.01221	0.01387	0.01835	0.03559	0.24471	0.06809	0.47012	0.03218	0.00658	0.00709	0.01611	0.00609	0.00577
8	0.03088	0.03904	0.02425	0.02195	0.02603	0.62229	0.01659	0.03304	0.02335	0.02080	0.01302	0.01557	0.01098	0.00919	0.00908	0.00230	0.06185	0.00562	0.00434	0.00983
9	0.01238	0.00825	0.00928	0.00928	0.00928	0.00825	0.00516	0.01238	0.01238	0.01650	0.02681	0.05569	0.03094	0.70092	0.04331	0.00825	0.00825	0.01238	0.00516	0.00516
10	0.01023	0.00795	0.00931	0.01040	0.01196	0.00703	0.00726	0.01201	0.01769	0.02229	0.06456	0.41984	0.32041	0.02437	0.01050	0.00319	0.00466	0.02139	0.00790	0.00703
11	0.01006	0.00862	0.00862	0.00862	0.01149	0.00718	0.00647	0.01221	0.01940	0.02299	0.08621	0.08190	0.64438	0.02155	0.01006	0.00287	0.00431	0.01796	0.00790	0.00718
12	0.02357	0.01994	0.02005	0.01722	0.02234	0.05636	0.01359	0.19856	0.36778	0.03833	0.03534	0.03337	0.09133	0.01215	0.00872	0.00276	0.00766	0.00979	0.00830	0.01284
13	0.06846	0.01867	0.03079	0.20973	0.45606	0.01981	0.02437	0.02493	0.01845	0.02694	0.01551	0.02100	0.01265	0.00784	0.00824	0.00261	0.01019	0.00738	0.00417	0.01217
14	0.02505	0.01936	0.02490	0.02855	0.22177	0.05471	0.01777	0.03628	0.24220	0.15820	0.02591	0.02609	0.01929	0.01012	0.00965	0.00273	0.04867	0.00840	0.00710	0.01324
15	0.02145	0.02276	0.02810	0.24033	0.29024	0.16798	0.02219	0.02591	0.01973	0.02407	0.01835	0.02310	0.04168	0.00880	0.00835	0.00256	0.01143	0.00758	0.00429	0.01109
16	0.25764	0.01822	0.02607	0.13663	0.35381	0.01965	0.02031	0.02508	0.01744	0.03019	0.01454	0.01899	0.01178	0.00783	0.00742	0.00261	0.00917	0.00663	0.00448	0.01149
17	0.02072	0.02130	0.07538	0.13017	0.46650	0.02038	0.02506	0.05776	0.04762	0.02865	0.01691	0.02151	0.01362	0.00806	0.00843	0.00260	0.01025	0.00759	0.00454	0.01294
18	0.07751	0.07467	0.19371	0.02246	0.06097	0.24147	0.02027	0.15537	0.02454	0.03097	0.01525	0.01722	0.01167	0.00868	0.00770	0.00243	0.01208	0.00616	0.00506	0.01178
19	0.01872	0.01767	0.02847	0.08556	0.46164	0.01780	0.02176	0.02420	0.04864	0.02689	0.02963	0.03277	0.12883	0.01038	0.00874	0.00263	0.00898	0.00957	0.00507	0.01206
20	0.02270	0.02372	0.03152	0.04275	0.45177	0.13900	0.02336	0.02681	0.01940	0.02556	0.01485	0.01970	0.01272	0.00877	0.01086	0.00262	0.10026	0.00718	0.00418	0.01227
21	0.08310	0.04716	0.02153	0.02554	0.21779	0.12138	0.01514	0.02211	0.01976	0.02605	0.07831	0.08352	0.17873	0.01329	0.00859	0.00261	0.00838	0.01114	0.00585	0.01000
22	0.02361	0.12224	0.02223	0.01631	0.02094	0.28105	0.01294	0.10313	0.02374	0.02574	0.03736	0.03713	0.21460	0.01285	0.00824	0.00241	0.01013	0.00964	0.00595	0.00976
23	0.01958	0.01725	0.02175	0.02304	0.13790	0.01850	0.04189	0.07332	0.32420	0.03241	0.03998	0.03887	0.14912	0.01257	0.00896	0.00279	0.00739	0.01084	0.00747	0.01216
24	0.02395	0.07082	0.15259	0.01938	0.02485	0.25886	0.01767	0.02765	0.01991	0.07692	0.02246	0.02602	0.06937	0.05787	0.01279	0.00297	0.09297	0.00767	0.00500	0.01026
25	0.05699	0.11136	0.06271	0.05857	0.11207	0.14500	0.01690	0.07574	0.02045	0.02639	0.04499	0.10490	0.02064	0.01435	0.04420	0.00320	0.05689	0.00904	0.00520	0.01042
26	0.07207	0.03193	0.32462	0.02954	0.18910	0.02119	0.02543	0.14815	0.02261	0.03341	0.01628	0.01898	0.01212	0.00838	0.00807	0.00262	0.01088	0.00679	0.00487	0.01297
27	0.07245	0.06684	0.14327	0.02631	0.15361	0.11136	0.04553	0.09704	0.02183	0.02994	0.07125	0.05296	0.01993	0.01020	0.00908	0.00260	0.04089	0.00821	0.00528	0.01143

[dist]
# distance from previous block
# <min> <max>
30	114

[block]
# block no. 3 follows, 21 sequences, length 7
# corresponding to MSA columns:
# 187-193
name=unknown_D
#
# <colnr> <probs for GDERKNQSTAVLIFYWHMCP>
#	G	D	E	R	K	N	Q	S	T	A	V	L	I	F	Y	W	H	M	C	P
0	0.02550	0.05857	0.03026	0.03312	0.26056	0.24906	0.06311	0.09021	0.02316	0.02741	0.01876	0.02173	0.04311	0.00891	0.00823	0.00242	0.01186	0.00739	0.00488	0.01174
1	0.02733	0.06846	0.02353	0.01845	0.02387	0.19943	0.01472	0.25301	0.14863	0.03617	0.02679	0.02654	0.07397	0.01095	0.00826	0.00250	0.01000	0.00821	0.00705	0.01212
2	0.10205	0.06433	0.05154	0.02209	0.11643	0.08895	0.01591	0.07695	0.19901	0.11353	0.02570	0.02553	0.04150	0.01001	0.00797	0.00260	0.00871	0.00793	0.00685	0.01241
3	0.02633	0.03149	0.02951	0.02726	0.09314	0.37660	0.10806	0.02950	0.02084	0.02245	0.01367	0.01773	0.01156	0.00961	0.01208	0.00263	0.14618	0.00677	0.00422	0.01038
4	0.01085	0.00877	0.00972	0.00982	0.01242	0.00764	0.00758	0.01356	0.02032	0.02541	0.18882	0.07996	0.46876	0.02097	0.01024	0.00295	0.00465	0.08193	0.00818	0.00742
5	0.02772	0.13334	0.02557	0.01910	0.02382	0.37755	0.01500	0.12831	0.02474	0.02634	0.01860	0.10499	0.01748	0.01113	0.00790	0.00236	0.01204	0.00816	0.00543	0.01041
6	0.06020	0.01762	0.02334	0.02553	0.19641	0.01764	0.01612	0.14470	0.06898	0.13944	0.10130	0.02777	0.02412	0.01002	0.00831	0.00246	0.00788	0.00849	0.00724	0.09241

[dist]
# distance from previous block
# <min> <max>
11	33

[block]
# block no. 4 follows, 21 sequences, length 15
# corresponding to MSA columns:
# 233-247
name=unknown_E
#
# <colnr> <probs for GDERKNQSTAVLIFYWHMCP>
#	G	D	E	R	K	N	Q	S	T	A	V	L	I	F	Y	W	H	M	C	P
0	0.02624	0.02519	0.02618	0.21456	0.10541	0.18725	0.01951	0.23071	0.02700	0.03314	0.01654	0.01985	0.01256	0.00906	0.00829	0.00254	0.01155	0.00707	0.00561	0.01174
1	0.02504	0.02491	0.02443	0.02352	0.09340	0.20478	0.01692	0.16846	0.02343	0.02916	0.01630	0.02138	0.01397	0.04390	0.07952	0.00405	0.16344	0.00732	0.00526	0.01084
2	0.02775	0.02326	0.02586	0.02350	0.09480	0.07911	0.01735	0.37292	0.03100	0.04138	0.04661	0.02176	0.01655	0.01093	0.01182	0.00273	0.12518	0.00779	0.00690	0.01279
3	0.11083	0.01097	0.01356	0.01501	0.08410	0.01072	0.00981	0.01753	0.02092	0.03118	0.36566	0.05493	0.15491	0.05098	0.01095	0.00297	0.00530	0.01337	0.00779	0.00851
4	0.01795	0.09167	0.54046	0.02666	0.10426	0.02087	0.02956	0.02675	0.01807	0.02652	0.01509	0.01799	0.01109	0.00797	0.00792	0.00261	0.01204	0.00630	0.00367	0.01255
5	0.26355	0.01472	0.01946	0.36806	0.03872	0.01761	0.01716	0.02193	0.01606	0.02714	0.01644	0.02585	0.01387	0.01065	0.00902	0.04319	0.00926	0.05377	0.00460	0.00893
6	0.02117	0.01828	0.01924	0.01732	0.02213	0.02117	0.01347	0.04522	0.63246	0.03560	0.03464	0.03175	0.02598	0.01155	0.00866	0.00289	0.00673	0.00962	0.00866	0.01347
7	0.02106	0.02022	0.03454	0.05223	0.64784	0.02022	0.02612	0.02612	0.01938	0.02780	0.01601	0.02106	0.01348	0.00758	0.00842	0.00253	0.01011	0.00758	0.00421	0.01348
8	0.01037	0.00741	0.00987	0.01185	0.01234	0.00691	0.00790	0.01185	0.01629	0.02172	0.04690	0.69537	0.05629	0.02666	0.01086	0.00346	0.00494	0.02419	0.00790	0.00691
9	0.01307	0.01013	0.01266	0.01290	0.01356	0.01114	0.00893	0.01618	0.07056	0.02114	0.03466	0.34115	0.03949	0.24019	0.02331	0.00498	0.09527	0.01688	0.00654	0.00726
10	0.02107	0.02006	0.03330	0.04941	0.59718	0.02030	0.02509	0.02766	0.06901	0.02843	0.01752	0.02193	0.01449	0.00790	0.00844	0.00256	0.00984	0.00775	0.00457	0.01348
11	0.01015	0.00827	0.00898	0.00955	0.01174	0.00711	0.00688	0.01211	0.01850	0.02262	0.07487	0.25893	0.47467	0.02303	0.01029	0.00304	0.00449	0.01976	0.00790	0.00711
12	0.12260	0.11362	0.02862	0.02968	0.23115	0.28799	0.01848	0.02913	0.02043	0.02532	0.01377	0.01684	0.01157	0.00808	0.00733	0.00232	0.01168	0.00595	0.00435	0.01111
13	0.01938	0.12073	0.23392	0.01907	0.02564	0.15621	0.01932	0.02448	0.01781	0.02241	0.01678	0.02180	0.01421	0.02602	0.21922	0.00600	0.01598	0.00679	0.00408	0.01018
14	0.01705	0.13925	0.31440	0.01857	0.02607	0.04838	0.02049	0.02281	0.01657	0.02279	0.01757	0.02479	0.01539	0.09802	0.15682	0.00557	0.01391	0.00728	0.00403	0.01026

[dist]
# distance from previous block
# <min> <max>
0	4

[block]
# block no. 5 follows, 21 sequences, length 12
# corresponding to MSA columns:
# 252-263
name=unknown_F
#
# <colnr> <probs for GDERKNQSTAVLIFYWHMCP>
#	G	D	E	R	K	N	Q	S	T	A	V	L	I	F	Y	W	H	M	C	P
0	0.08381	0.01932	0.03071	0.14538	0.46417	0.02029	0.02369	0.06120	0.01984	0.02929	0.01578	0.02066	0.01284	0.00791	0.00818	0.00259	0.00996	0.00733	0.00449	0.01255
1	0.01951	0.01864	0.03174	0.24741	0.46478	0.01981	0.02535	0.02476	0.01864	0.02592	0.01573	0.02157	0.01282	0.00787	0.00845	0.00262	0.01049	0.00758	0.00408	0.01223
2	0.50441	0.01743	0.01955	0.06647	0.19663	0.01940	0.01491	0.02511	0.01602	0.03419	0.01323	0.01644	0.01055	0.00785	0.00637	0.00262	0.00789	0.00564	0.00487	0.01043
3	0.18659	0.02105	0.06046	0.03077	0.27682	0.07393	0.01890	0.02491	0.01750	0.02821	0.01496	0.01946	0.01261	0.01320	0.06672	0.00353	0.06327	0.00663	0.00447	0.05602
4	0.01064	0.00798	0.00933	0.01026	0.01148	0.00726	0.00690	0.01207	0.01662	0.02118	0.05658	0.36571	0.25259	0.15132	0.01667	0.00416	0.00534	0.01985	0.00739	0.00668
5	0.01180	0.00834	0.00951	0.00961	0.01032	0.00815	0.00596	0.01253	0.01405	0.01828	0.03915	0.09215	0.15138	0.48565	0.08189	0.00736	0.00840	0.01383	0.00579	0.00583
6	0.02223	0.02259	0.03287	0.04710	0.54200	0.09842	0.02458	0.02679	0.01963	0.02660	0.01542	0.02025	0.01306	0.00809	0.00930	0.00255	0.04414	0.00732	0.00421	0.01284
7	0.01448	0.01014	0.01115	0.01063	0.01335	0.00950	0.00782	0.01863	0.08228	0.08039	0.06071	0.06671	0.35618	0.17117	0.01728	0.00411	0.00589	0.04391	0.00760	0.00809
8	0.01917	0.01891	0.02380	0.01924	0.02350	0.07366	0.07678	0.02412	0.06912	0.02503	0.01797	0.07029	0.01645	0.01128	0.01416	0.00259	0.22171	0.00818	0.00501	0.25902
9	0.01219	0.00817	0.00934	0.00952	0.00956	0.00813	0.00541	0.01233	0.01273	0.01698	0.02864	0.11391	0.03325	0.63956	0.04036	0.00781	0.00795	0.01345	0.00541	0.00532
10	0.01082	0.00760	0.00974	0.01127	0.01166	0.00721	0.00729	0.01197	0.01542	0.02055	0.04241	0.55212	0.05061	0.17765	0.01813	0.00453	0.00568	0.02155	0.00729	0.00652
11	0.01867	0.01735	0.02902	0.04319	0.50553	0.01724	0.02204	0.02292	0.01869	0.02644	0.02293	0.17206	0.02307	0.01185	0.00897	0.00274	0.00895	0.01130	0.00504	0.01201

[dist]
# distance from previous block
# <min> <max>
0	1

[block]
# block no. 6 follows, 21 sequences, length 12
# corresponding to MSA columns:
# 265-276
name=unknown_G
#
# <colnr> <probs for GDERKNQSTAVLIFYWHMCP>
#	G	D	E	R	K	N	Q	S	T	A	V	L	I	F	Y	W	H	M	C	P
0	0.01777	0.01683	0.02811	0.35424	0.31110	0.01855	0.02336	0.02289	0.01823	0.02448	0.02112	0.02666	0.06226	0.00914	0.00859	0.00270	0.01025	0.00839	0.00429	0.01103
1	0.02883	0.03494	0.02700	0.03029	0.19792	0.48824	0.01911	0.03181	0.02281	0.02275	0.01394	0.01692	0.01166	0.00844	0.00788	0.00228	0.01390	0.00606	0.00434	0.01086
2	0.03000	0.03735	0.02517	0.02466	0.08169	0.56844	0.01745	0.03243	0.02299	0.02143	0.01328	0.01606	0.01120	0.00905	0.00902	0.00232	0.05718	0.00579	0.00433	0.01015
3	0.01897	0.01723	0.02397	0.08933	0.27755	0.06786	0.01831	0.02309	0.01790	0.02574	0.01859	0.02441	0.01565	0.01674	0.10208	0.00409	0.06810	0.00769	0.15216	0.01055
4	0.02516	0.02711	0.03017	0.03727	0.33926	0.24093	0.04670	0.07219	0.02232	0.02699	0.01568	0.01963	0.01298	0.01038	0.03421	0.00287	0.01252	0.00704	0.00461	0.01200
5	0.05148	0.02722	0.02201	0.02266	0.09305	0.32192	0.01605	0.07148	0.06844	0.02727	0.05816	0.03472	0.02339	0.01205	0.00867	0.00266	0.01138	0.11110	0.00591	0.01037
6	0.01961	0.17944	0.37588	0.02664	0.11466	0.04903	0.06839	0.02684	0.01841	0.02537	0.01469	0.01771	0.01133	0.00781	0.00770	0.00248	0.01175	0.00633	0.00377	0.01216
7	0.01778	0.02269	0.16697	0.03324	0.31465	0.01659	0.02181	0.02317	0.01856	0.02663	0.02476	0.08530	0.07304	0.01047	0.00843	0.00251	0.00918	0.00936	0.00484	0.11002
8	0.01357	0.01173	0.01705	0.24611	0.06382	0.01251	0.01492	0.01758	0.01902	0.02424	0.09997	0.05882	0.23536	0.01623	0.00972	0.00301	0.00766	0.11379	0.00639	0.00851
9	0.01658	0.07966	0.38346	0.02147	0.03017	0.01775	0.05346	0.02396	0.01853	0.02601	0.02438	0.04215	0.02277	0.01278	0.00913	0.00302	0.01094	0.18792	0.00495	0.01093
10	0.02239	0.32648	0.08133	0.01591	0.02317	0.05974	0.01497	0.10592	0.02074	0.02703	0.01467	0.01692	0.01230	0.01034	0.03850	0.00245	0.00975	0.00550	0.00472	0.18718
11	0.01595	0.01298	0.01496	0.01319	0.01638	0.01348	0.00989	0.02369	0.17165	0.02651	0.08287	0.04070	0.08296	0.16888	0.04958	0.00432	0.06081	0.01036	0.03306	0.14777

[dist]
# distance from previous block
# <min> <max>
4	19

[block]
# block no. 7 follows, 21 sequences, length 13
# corresponding to MSA columns:
# 296-308
name=unknown_H
#
# <colnr> <probs for GDERKNQSTAVLIFYWHMCP>
#	G	D	E	R	K	N	Q	S	T	A	V	L	I	F	Y	W	H	M	C	P
0	0.01758	0.01382	0.01606	0.01405	0.01828	0.01342	0.01086	0.11044	0.11417	0.03214	0.12058	0.19365	0.03724	0.01509	0.00891	0.00257	0.00624	0.04272	0.00757	0.20461
1	0.02375	0.31371	0.21917	0.01960	0.02759	0.21699	0.02010	0.02843	0.01951	0.02230	0.01324	0.01543	0.01089	0.00796	0.00689	0.00219	0.01198	0.00534	0.00385	0.01110
2	0.02592	0.02098	0.02886	0.06714	0.25803	0.05564	0.05542	0.17581	0.02515	0.10976	0.01904	0.02145	0.01429	0.00857	0.00833	0.00245	0.00984	0.00752	0.00612	0.07967
3	0.02215	0.08483	0.16011	0.08640	0.03809	0.17674	0.25710	0.02818	0.02014	0.02459	0.01525	0.01939	0.01173	0.00786	0.00859	0.00259	0.01355	0.00755	0.00408	0.01108
4	0.01086	0.00870	0.00981	0.01020	0.01263	0.00765	0.00786	0.01342	0.01967	0.02449	0.13843	0.13703	0.43933	0.02184	0.01038	0.00306	0.00486	0.10437	0.00806	0.00735
5	0.02565	0.02998	0.02143	0.02130	0.07853	0.40876	0.01490	0.06619	0.02359	0.02411	0.03142	0.03216	0.16341	0.01182	0.00837	0.00241	0.01184	0.00881	0.00548	0.00985
6	0.02618	0.12558	0.02470	0.01866	0.02313	0.38232	0.01472	0.06119	0.05017	0.02346	0.02478	0.02593	0.10338	0.01097	0.00897	0.00238	0.05074	0.00757	0.00517	0.01001
7	0.01361	0.01006	0.01285	0.01255	0.01411	0.01098	0.00911	0.04856	0.05082	0.02186	0.02939	0.08474	0.05870	0.23854	0.33513	0.00965	0.01479	0.01146	0.00558	0.00753
8	0.02364	0.02510	0.03204	0.04496	0.49869	0.17537	0.02380	0.02800	0.02051	0.02613	0.01532	0.01969	0.01288	0.00787	0.00824	0.00245	0.01137	0.00708	0.00425	0.01261
9	0.10933	0.03117	0.02626	0.03072	0.23013	0.38159	0.01883	0.03039	0.02148	0.02506	0.01395	0.01706	0.01160	0.00828	0.00765	0.00235	0.01265	0.00608	0.00443	0.01099
10	0.01943	0.01773	0.02946	0.03449	0.30113	0.01808	0.10909	0.08887	0.02041	0.02840	0.02218	0.02760	0.05012	0.02208	0.16685	0.00528	0.01339	0.00890	0.00499	0.01153
11	0.01408	0.17552	0.01851	0.01181	0.01426	0.01383	0.00912	0.01630	0.01798	0.02377	0.19149	0.27009	0.04786	0.12121	0.01424	0.00358	0.00619	0.01540	0.00685	0.00790
12	0.02403	0.26205	0.03062	0.02130	0.09230	0.18180	0.01617	0.06458	0.08934	0.02553	0.01986	0.02769	0.01790	0.01037	0.00766	0.00242	0.01033	0.07972	0.00527	0.01106

[dist]
# distance from previous block
# <min> <max>
12	73

[block]
# block no. 8 follows, 21 sequences, length 6
# corresponding to MSA columns:
# 382-387
name=unknown_I
#
# <colnr> <probs for GDERKNQSTAVLIFYWHMCP>
#	G	D	E	R	K	N	Q	S	T	A	V	L	I	F	Y	W	H	M	C	P
0	0.01770	0.01379	0.01318	0.01389	0.05085	0.10944	0.00951	0.02044	0.01734	0.02561	0.02299	0.03007	0.01967	0.06767	0.11148	0.06375	0.00949	0.00799	0.36716	0.00797
1	0.02271	0.02290	0.02973	0.04026	0.42130	0.11853	0.02198	0.03135	0.14965	0.02839	0.01951	0.02245	0.01574	0.00860	0.00836	0.00255	0.01019	0.00769	0.00518	0.01293
2	0.01372	0.01138	0.01476	0.01463	0.01631	0.01265	0.01181	0.01749	0.04787	0.02488	0.11450	0.15197	0.16592	0.02044	0.01436	0.00341	0.14939	0.17912	0.00720	0.00818
3	0.01345	0.01052	0.01658	0.01475	0.01671	0.01077	0.09490	0.01598	0.01480	0.02094	0.02646	0.11481	0.02729	0.25545	0.24172	0.00826	0.01330	0.01195	0.06405	0.00730
4	0.02086	0.01441	0.01896	0.02102	0.15019	0.01393	0.01339	0.11601	0.02373	0.13686	0.09930	0.08081	0.22547	0.01484	0.00926	0.00272	0.00684	0.01265	0.00780	0.01096
5	0.02261	0.02071	0.03331	0.04777	0.56280	0.02106	0.02476	0.10731	0.02220	0.03134	0.01661	0.02098	0.01362	0.00794	0.00844	0.00253	0.01001	0.00759	0.00480	0.01362

[dist]
# distance from previous block
# <min> <max>
44	67

[block]
# block no. 9 follows, 21 sequences, length 7
# corresponding to MSA columns:
# 465-471
name=unknown_J
#
# <colnr> <probs for GDERKNQSTAVLIFYWHMCP>
#	G	D	E	R	K	N	Q	S	T	A	V	L	I	F	Y	W	H	M	C	P
0	0.02660	0.02359	0.09786	0.10089	0.10119	0.09955	0.15678	0.03181	0.02129	0.22331	0.02128	0.02312	0.01489	0.00873	0.00872	0.00265	0.01125	0.00805	0.00613	0.01233
1	0.10925	0.11132	0.10059	0.02461	0.09481	0.32137	0.06975	0.02976	0.02068	0.02470	0.01375	0.01655	0.01118	0.00816	0.00748	0.00235	0.01267	0.00599	0.00428	0.01075
2	0.05674	0.09926	0.08197	0.01540	0.02074	0.08738	0.01366	0.09175	0.05095	0.09256	0.03546	0.03605	0.16229	0.01926	0.09564	0.00402	0.01042	0.00957	0.00642	0.01047
3	0.02199	0.08512	0.02403	0.08234	0.02618	0.08708	0.06971	0.02897	0.11998	0.12070	0.03218	0.03834	0.09118	0.01435	0.03250	0.00318	0.03264	0.07218	0.00663	0.01075
4	0.02393	0.02328	0.02312	0.04948	0.14808	0.18464	0.01623	0.13821	0.09481	0.03090	0.08042	0.02862	0.02276	0.08415	0.01218	0.00313	0.01018	0.00857	0.00616	0.01116
5	0.02186	0.01957	0.02253	0.02491	0.18267	0.08076	0.01553	0.14405	0.09224	0.03142	0.02731	0.03147	0.08427	0.08517	0.01211	0.00305	0.00883	0.00896	0.00618	0.09710
6	0.01906	0.01473	0.01640	0.01403	0.01826	0.01474	0.01070	0.18336	0.08714	0.03262	0.03475	0.17385	0.09858	0.08842	0.01251	0.00318	0.00688	0.01254	0.00731	0.15096

[dist]
# distance from previous block
# <min> <max>
28	135

[block]
# block no. 10 follows, 21 sequences, length 13
# corresponding to MSA columns:
# 607-619
name=unknown_K
#
# <colnr> <probs for GDERKNQSTAVLIFYWHMCP>
#	G	D	E	R	K	N	Q	S	T	A	V	L	I	F	Y	W	H	M	C	P
0	0.20157	0.03396	0.25416	0.02322	0.09004	0.20842	0.02116	0.02845	0.01906	0.02796	0.01390	0.01651	0.01073	0.00819	0.00732	0.00252	0.01169	0.00578	0.00429	0.01106
1	0.02557	0.30342	0.09675	0.02247	0.09205	0.28101	0.01823	0.02906	0.02028	0.02187	0.01315	0.01555	0.01120	0.00798	0.00691	0.00213	0.01202	0.00542	0.00399	0.01094
2	0.01404	0.01009	0.01295	0.01281	0.01554	0.00945	0.01042	0.01852	0.04383	0.04969	0.28336	0.07151	0.11739	0.01878	0.01029	0.00305	0.00579	0.22199	0.00837	0.06212
3	0.13115	0.01049	0.01076	0.03666	0.01388	0.01125	0.00777	0.05139	0.01738	0.03040	0.02404	0.03217	0.02059	0.13015	0.03926	0.00370	0.00645	0.00820	0.40626	0.00805
4	0.01853	0.06603	0.02168	0.01766	0.02081	0.14166	0.05620	0.04825	0.01758	0.02210	0.01903	0.02641	0.01710	0.04008	0.38183	0.00881	0.05470	0.00801	0.00458	0.00895
5	0.02214	0.02226	0.08085	0.09008	0.46208	0.02104	0.02482	0.11755	0.02229	0.03129	0.01657	0.02084	0.01327	0.00809	0.00842	0.00257	0.01027	0.00749	0.00480	0.01327
6	0.13731	0.56464	0.03856	0.01443	0.02124	0.06457	0.01383	0.02586	0.01721	0.02287	0.01190	0.01377	0.01066	0.00745	0.00555	0.00197	0.00904	0.00461	0.00393	0.01060
7	0.02913	0.03508	0.02278	0.02063	0.02479	0.53203	0.01563	0.07227	0.02379	0.02297	0.01499	0.01818	0.01262	0.01643	0.09823	0.00379	0.01595	0.00613	0.00470	0.00988
8	0.01217	0.00892	0.01181	0.01347	0.01514	0.00855	0.01090	0.01511	0.01860	0.02399	0.05196	0.26870	0.14311	0.02413	0.01123	0.00362	0.00645	0.33683	0.00786	0.00747
9	0.03025	0.12628	0.11330	0.02204	0.12058	0.01797	0.01753	0.03464	0.02162	0.37306	0.02499	0.02387	0.01691	0.00924	0.00799	0.00250	0.00870	0.00748	0.00754	0.01352
10	0.02812	0.12728	0.02929	0.02777	0.16632	0.43361	0.01837	0.03104	0.02211	0.02230	0.01362	0.01641	0.01153	0.00830	0.00754	0.00222	0.01330	0.00583	0.00424	0.01083
11	0.01443	0.00893	0.01157	0.01149	0.01351	0.00914	0.00902	0.01810	0.01855	0.05057	0.17311	0.04765	0.03875	0.02913	0.20067	0.00582	0.01008	0.08308	0.23833	0.00808
12	0.02893	0.02890	0.11959	0.01938	0.02573	0.24152	0.01701	0.03747	0.15835	0.20099	0.02393	0.02318	0.01708	0.00977	0.00820	0.00255	0.01075	0.00738	0.00692	0.01237

[dist]
# distance from previous block
# <min> <max>
3	32

[block]
# block no. 11 follows, 21 sequences, length 35
# corresponding to MSA columns:
# 652-686
name=unknown_L
#
# <colnr> <probs for GDERKNQSTAVLIFYWHMCP>
#	G	D	E	R	K	N	Q	S	T	A	V	L	I	F	Y	W	H	M	C	P
0	0.02714	0.21842	0.02963	0.02052	0.06253	0.29362	0.01583	0.11908	0.04906	0.02672	0.01877	0.02016	0.04542	0.00929	0.00740	0.00223	0.01146	0.00651	0.00515	0.01109
1	0.02481	0.02955	0.02655	0.04713	0.02775	0.36258	0.09834	0.02780	0.02043	0.02174	0.01832	0.02225	0.04929	0.01367	0.05120	0.00331	0.13365	0.00749	0.00445	0.00968
2	0.01644	0.01409	0.01866	0.02347	0.20419	0.03966	0.01322	0.04816	0.01955	0.02627	0.15525	0.04654	0.10621	0.21030	0.01893	0.00423	0.00783	0.01169	0.00619	0.00914
3	0.01544	0.01501	0.02067	0.01751	0.02054	0.08029	0.15326	0.01805	0.01740	0.02172	0.03631	0.20618	0.11586	0.20072	0.01895	0.00439	0.00908	0.01480	0.00593	0.00788
4	0.01947	0.01593	0.02267	0.15002	0.19525	0.01657	0.01746	0.06068	0.09938	0.07240	0.03380	0.03791	0.13023	0.01190	0.00884	0.00271	0.00830	0.04005	0.00630	0.05014
5	0.01115	0.00811	0.01069	0.01246	0.01355	0.00764	0.00918	0.01330	0.01740	0.02276	0.05033	0.48874	0.11243	0.02539	0.01100	0.00351	0.00558	0.16173	0.00788	0.00716
6	0.02844	0.03998	0.14124	0.02417	0.06541	0.50896	0.01978	0.03222	0.02270	0.02237	0.01371	0.01617	0.01108	0.00857	0.00779	0.00230	0.01452	0.00576	0.00423	0.01058
7	0.02299	0.37701	0.03096	0.01501	0.02023	0.18190	0.01308	0.02573	0.01900	0.02242	0.01709	0.05756	0.01557	0.00926	0.00641	0.00204	0.00946	0.00654	0.13787	0.00989
8	0.02152	0.42656	0.25261	0.01846	0.02733	0.07913	0.02049	0.02666	0.01806	0.02246	0.01311	0.01526	0.01088	0.00767	0.00653	0.00215	0.01079	0.00522	0.00368	0.01140
9	0.01944	0.01579	0.01214	0.01162	0.01414	0.16538	0.00873	0.02293	0.01909	0.02841	0.02398	0.02792	0.01919	0.01286	0.04590	0.00273	0.00781	0.00742	0.52613	0.00837
10	0.01037	0.00741	0.00987	0.01185	0.01234	0.00691	0.00790	0.01185	0.01629	0.02172	0.04690	0.69537	0.05629	0.02666	0.01086	0.00346	0.00494	0.02419	0.00790	0.00691
11	0.01260	0.00953	0.01353	0.01330	0.01441	0.01110	0.01000	0.01494	0.01337	0.01913	0.02291	0.03713	0.02265	0.19276	0.49849	0.01194	0.06071	0.00969	0.00463	0.00720
12	0.01491	0.01294	0.01954	0.02696	0.25227	0.01250	0.01545	0.01833	0.01878	0.02498	0.04433	0.18857	0.17928	0.01770	0.00991	0.00305	0.00725	0.11712	0.00650	0.00961
13	0.01805	0.01796	0.02668	0.02250	0.02335	0.02408	0.06524	0.02046	0.01366	0.02094	0.01287	0.02052	0.01237	0.01944	0.09383	0.00470	0.56235	0.00783	0.00386	0.00930
14	0.02230	0.65353	0.09316	0.01533	0.02303	0.03257	0.01590	0.02560	0.01735	0.02057	0.01210	0.01399	0.01091	0.00734	0.00567	0.00189	0.00938	0.00469	0.00364	0.01105
15	0.01627	0.03585	0.50329	0.02221	0.03225	0.01738	0.02721	0.02473	0.01835	0.02660	0.02238	0.03660	0.01990	0.01177	0.00896	0.00299	0.01145	0.14578	0.00461	0.01145
16	0.01785	0.08389	0.02660	0.02834	0.22197	0.02007	0.01790	0.02102	0.01563	0.02240	0.01658	0.02469	0.01552	0.06228	0.18008	0.00589	0.19707	0.00790	0.00416	0.01016
17	0.01707	0.04402	0.65683	0.02426	0.03683	0.01976	0.03144	0.02695	0.01797	0.02695	0.01527	0.01797	0.01078	0.00809	0.00809	0.00270	0.01258	0.00629	0.00359	0.01258
18	0.01969	0.02837	0.24763	0.04265	0.43862	0.02006	0.02794	0.02640	0.01889	0.02751	0.01576	0.02000	0.01256	0.00775	0.00831	0.00258	0.01095	0.00714	0.00400	0.01317
19	0.01892	0.01640	0.02341	0.01896	0.02354	0.01697	0.13678	0.16337	0.07217	0.03182	0.04084	0.15087	0.17558	0.01553	0.01081	0.00295	0.04996	0.01360	0.00710	0.01040
20	0.05731	0.01861	0.03149	0.24257	0.40154	0.01983	0.05650	0.02478	0.01844	0.02644	0.01559	0.02130	0.01257	0.00786	0.00838	0.00265	0.01054	0.00756	0.00414	0.01191
21	0.02107	0.02011	0.03369	0.05029	0.61293	0.02027	0.02541	0.02718	0.05358	0.02824	0.01705	0.02166	0.01418	0.00780	0.00844	0.00255	0.00992	0.00770	0.00446	0.01348
22	0.19946	0.01988	0.02737	0.12537	0.37759	0.05971	0.02111	0.02575	0.01817	0.02906	0.01471	0.01918	0.01201	0.00786	0.00763	0.00257	0.00975	0.00673	0.00442	0.01168
23	0.01700	0.01816	0.07619	0.51964	0.11823	0.01926	0.02389	0.02408	0.05536	0.02367	0.01644	0.02270	0.01243	0.00856	0.00848	0.00279	0.01102	0.00759	0.00411	0.01038
24	0.01511	0.01099	0.01305	0.01246	0.01460	0.01081	0.00882	0.11093	0.02025	0.02761	0.10374	0.32211	0.04333	0.16780	0.01708	0.00409	0.00637	0.01644	0.00734	0.06705
25	0.01773	0.01601	0.02553	0.61319	0.05533	0.01967	0.02287	0.08260	0.01936	0.02499	0.01567	0.02246	0.01166	0.00868	0.00851	0.00281	0.01114	0.00757	0.00426	0.00996
26	0.02368	0.02518	0.03200	0.04484	0.49623	0.17793	0.02376	0.02804	0.02053	0.02610	0.01531	0.01967	0.01287	0.00787	0.00824	0.00245	0.01139	0.00707	0.00425	0.01260
27	0.02527	0.01896	0.02035	0.01665	0.02142	0.02098	0.01298	0.35558	0.15613	0.04103	0.02490	0.03119	0.02079	0.17539	0.01685	0.00398	0.00855	0.00919	0.00774	0.01204
28	0.01090	0.00835	0.01007	0.01083	0.01265	0.00752	0.00799	0.01334	0.01920	0.02480	0.16760	0.28840	0.28171	0.02275	0.01051	0.00315	0.00484	0.07992	0.00816	0.00731
29	0.02884	0.02176	0.02366	0.01791	0.02491	0.02280	0.01472	0.47669	0.03467	0.04745	0.01916	0.01977	0.01403	0.00928	0.00799	0.00225	0.00863	0.00704	0.00768	0.19078
30	0.01035	0.00746	0.00981	0.01170	0.01230	0.00693	0.00783	0.01187	0.01644	0.02178	0.04878	0.66616	0.08428	0.02642	0.01082	0.00343	0.00491	0.02390	0.00790	0.00693
31	0.03125	0.02329	0.02492	0.01936	0.02597	0.02588	0.01591	0.56290	0.09836	0.05186	0.02183	0.02155	0.01561	0.01035	0.00853	0.00259	0.00911	0.00785	0.00853	0.01437
32	0.02119	0.06372	0.01997	0.01726	0.02035	0.29291	0.01335	0.02385	0.01836	0.02023	0.01802	0.02452	0.01625	0.03692	0.34576	0.00806	0.01880	0.00729	0.00443	0.00877
33	0.21847	0.07768	0.29177	0.02674	0.17617	0.02067	0.02300	0.02613	0.01732	0.02968	0.01428	0.01729	0.01101	0.00786	0.00722	0.00258	0.01013	0.00602	0.00419	0.01177
34	0.01881	0.01792	0.03047	0.33560	0.38206	0.01963	0.02500	0.02414	0.01831	0.02507	0.01561	0.02180	0.01252	0.00800	0.00846	0.00267	0.01067	0.00757	0.00402	0.01166

[dist]
# distance from previous block
# <min> <max>
0	4

[block]
# block no. 12 follows, 21 sequences, length 313
# corresponding to MSA columns:
# 691-1003
name=unknown_M
#
# <colnr> <probs for GDERKNQSTAVLIFYWHMCP>
#	G	D	E	R	K	N	Q	S	T	A	V	L	I	F	Y	W	H	M	C	P
0	0.02075	0.01991	0.03399	0.09100	0.61148	0.02014	0.02596	0.02585	0.01923	0.02743	0.01595	0.02116	0.01335	0.00764	0.00843	0.00255	0.01019	0.00758	0.00419	0.01323
1	0.02116	0.02157	0.03074	0.21636	0.40716	0.10615	0.02416	0.02600	0.01938	0.02525	0.01539	0.02073	0.01257	0.00799	0.00835	0.00257	0.01114	0.00730	0.00412	0.01192
2	0.08638	0.01887	0.06294	0.37604	0.07056	0.02021	0.02051	0.15487	0.02209	0.03131	0.01662	0.02143	0.01237	0.00883	0.00808	0.00270	0.01018	0.00726	0.03793	0.01085
3	0.01073	0.00826	0.00987	0.01075	0.01252	0.00741	0.00785	0.01298	0.01872	0.02393	0.12756	0.31963	0.30026	0.02327	0.01052	0.00317	0.00484	0.07243	0.00805	0.00723
4	0.01864	0.01726	0.02836	0.44219	0.24186	0.01978	0.02395	0.06000	0.01918	0.02562	0.01573	0.02204	0.01221	0.00832	0.00848	0.00272	0.01083	0.00758	0.00421	0.01103
5	0.01765	0.01513	0.01765	0.01260	0.02017	0.01134	0.01008	0.02143	0.01765	0.02773	0.01513	0.01765	0.01260	0.00630	0.00630	0.00126	0.00630	0.00504	0.00504	0.75295
6	0.01961	0.34014	0.38298	0.01992	0.03013	0.02599	0.02389	0.02629	0.01766	0.02385	0.01373	0.01604	0.01084	0.00773	0.00691	0.00230	0.01102	0.00551	0.00361	0.01184
7	0.02975	0.06968	0.02430	0.01876	0.02426	0.23578	0.01503	0.32370	0.03093	0.03833	0.01831	0.01959	0.01391	0.00952	0.00776	0.00233	0.01072	0.00678	0.08854	0.01201
8	0.01238	0.00825	0.00928	0.00928	0.00928	0.00825	0.00516	0.01238	0.01238	0.01650	0.02681	0.05569	0.03094	0.70092	0.04331	0.00825	0.00825	0.01238	0.00516	0.00516
9	0.02689	0.03133	0.02145	0.01950	0.02383	0.42368	0.01476	0.03535	0.19620	0.02573	0.05192	0.02522	0.04677	0.01053	0.00817	0.00244	0.01189	0.00767	0.00599	0.01068
10	0.01233	0.00844	0.01027	0.01027	0.01061	0.00879	0.00639	0.01301	0.01267	0.01723	0.02591	0.05070	0.02877	0.55806	0.18322	0.00947	0.01151	0.01165	0.00502	0.00570
11	0.01037	0.00741	0.00987	0.01185	0.01234	0.00691	0.00790	0.01185	0.01629	0.02172	0.04690	0.69537	0.05629	0.02666	0.01086	0.00346	0.00494	0.02419	0.00790	0.00691
12	0.02106	0.02022	0.03454	0.05223	0.64784	0.02022	0.02612	0.02612	0.01938	0.02780	0.01601	0.02106	0.01348	0.00758	0.00842	0.00253	0.01011	0.00758	0.00421	0.01348
13	0.01204	0.00870	0.01138	0.01071	0.01271	0.00803	0.00803	0.01606	0.02409	0.03413	0.64335	0.06357	0.08030	0.01740	0.01004	0.00268	0.00401	0.01539	0.00937	0.00803
14	0.01006	0.00862	0.00862	0.00862	0.01149	0.00718	0.00647	0.01221	0.01940	0.02299	0.08621	0.08190	0.64438	0.02155	0.01006	0.00287	0.00431	0.01796	0.00790	0.00718
15	0.76103	0.01646	0.01251	0.01119	0.01646	0.01909	0.00922	0.02502	0.01448	0.03818	0.01185	0.01382	0.00922	0.00790	0.00527	0.00263	0.00658	0.00461	0.00527	0.00922
16	0.01875	0.02411	0.17153	0.22389	0.34394	0.01975	0.02661	0.02507	0.01839	0.02590	0.01559	0.02083	0.01227	0.00796	0.00837	0.00265	0.01101	0.00729	0.00395	0.01214
17	0.76103	0.01646	0.01251	0.01119	0.01646	0.01909	0.00922	0.02502	0.01448	0.03818	0.01185	0.01382	0.00922	0.00790	0.00527	0.00263	0.00658	0.00461	0.00527	0.00922
18	0.03235	0.02384	0.02554	0.01958	0.02639	0.02639	0.01618	0.61946	0.04001	0.05363	0.02043	0.02043	0.01447	0.01022	0.00851	0.00255	0.00936	0.00766	0.00851	0.01447
19	0.01216	0.00912	0.01368	0.01368	0.01520	0.01064	0.01064	0.01520	0.01368	0.01976	0.02279	0.03343	0.02127	0.06382	0.66720	0.01368	0.02279	0.00912	0.00456	0.00760
20	0.76103	0.01646	0.01251	0.01119	0.01646	0.01909	0.00922	0.02502	0.01448	0.03818	0.01185	0.01382	0.00922	0.00790	0.00527	0.00263	0.00658	0.00461	0.00527	0.00922
21	0.02106	0.02022	0.03454	0.05223	0.64784	0.02022	0.02612	0.02612	0.01938	0.02780	0.01601	0.02106	0.01348	0.00758	0.00842	0.00253	0.01011	0.00758	0.00421	0.01348
22	0.01204	0.00870	0.01138	0.01071	0.01271	0.00803	0.00803	0.01606	0.02409	0.03413	0.64335	0.06357	0.08030	0.01740	0.01004	0.00268	0.00401	0.01539	0.00937	0.00803
23	0.01096	0.00789	0.01051	0.01240	0.01326	0.00744	0.00888	0.01291	0.01702	0.02245	0.04831	0.56034	0.08091	0.02587	0.01099	0.00351	0.00543	0.12594	0.00789	0.00709
24	0.01037	0.00741	0.00987	0.01185	0.01234	0.00691	0.00790	0.01185	0.01629	0.02172	0.04690	0.69537	0.05629	0.02666	0.01086	0.00346	0.00494	0.02419	0.00790	0.00691
25	0.01204	0.00870	0.01138	0.01071	0.01271	0.00803	0.00803	0.01606	0.02409	0.03413	0.64335	0.06357	0.08030	0.01740	0.01004	0.00268	0.00401	0.01539	0.00937	0.00803
26	0.02060	0.01975	0.03370	0.11070	0.59300	0.02010	0.02589	0.02571	0.01916	0.02724	0.01593	0.02121	0.01328	0.00767	0.00843	0.00256	0.01022	0.00758	0.00417	0.01311
27	0.01823	0.01798	0.02503	0.02154	0.02154	0.02497	0.01779	0.01998	0.01299	0.02023	0.01214	0.02091	0.01239	0.05722	0.02888	0.00400	0.64357	0.00775	0.00381	0.00905
28	0.01658	0.01252	0.01462	0.01367	0.01676	0.01321	0.01035	0.02802	0.26090	0.06176	0.28677	0.14485	0.05266	0.01619	0.00955	0.00287	0.00537	0.01414	0.00892	0.01029
29	0.01961	0.02306	0.08295	0.10530	0.12602	0.02096	0.43940	0.02651	0.01954	0.02673	0.01671	0.02237	0.01269	0.00743	0.00954	0.00281	0.01336	0.00922	0.00419	0.01160
30	0.03131	0.03577	0.02414	0.02117	0.02609	0.49504	0.01622	0.15848	0.06163	0.02860	0.01590	0.01734	0.01255	0.00923	0.00791	0.00231	0.01360	0.00617	0.00550	0.01104
31	0.02942	0.03497	0.02654	0.02858	0.16569	0.48226	0.01860	0.06834	0.02403	0.02442	0.01424	0.01694	0.01174	0.00859	0.00789	0.00229	0.01380	0.00609	0.00460	0.01096
32	0.02073	0.01975	0.03361	0.05059	0.61957	0.01975	0.02556	0.02574	0.01939	0.02770	0.01731	0.02442	0.01507	0.00830	0.00857	0.00259	0.01001	0.03373	0.00438	0.01323
33	0.01037	0.00741	0.00987	0.01185	0.01234	0.00691	0.00790	0.01185	0.01629	0.02172	0.04690	0.69537	0.05629	0.02666	0.01086	0.00346	0.00494	0.02419	0.00790	0.00691
34	0.01217	0.00908	0.01347	0.01347	0.01492	0.01053	0.01038	0.01506	0.01362	0.01960	0.02298	0.03447	0.02173	0.09357	0.63807	0.01342	0.02212	0.00927	0.00459	0.00748
35	0.03818	0.01448	0.01975	0.01514	0.02172	0.01251	0.01251	0.04147	0.02436	0.65373	0.03357	0.02897	0.02107	0.01053	0.00856	0.00263	0.00724	0.00856	0.01053	0.01448
36	0.01371	0.00980	0.01371	0.01567	0.01763	0.00980	0.01371	0.01763	0.01959	0.02547	0.04506	0.09599	0.04898	0.02351	0.01175	0.00392	0.00784	0.59056	0.00784	0.00784
37	0.02106	0.02022	0.03454	0.05223	0.64784	0.02022	0.02612	0.02612	0.01938	0.02780	0.01601	0.02106	0.01348	0.00758	0.00842	0.00253	0.01011	0.00758	0.00421	0.01348
38	0.01006	0.00862	0.00862	0.00862	0.01149	0.00718	0.00647	0.01221	0.01940	0.02299	0.08621	0.08190	0.64438	0.02155	0.01006	0.00287	0.00431	0.01796	0.00790	0.00718
39	0.01037	0.00741	0.00987	0.01185	0.01234	0.00691	0.00790	0.01185	0.01629	0.02172	0.04690	0.69537	0.05629	0.02666	0.01086	0.00346	0.00494	0.02419	0.00790	0.00691
40	0.01634	0.01540	0.02601	0.64663	0.09035	0.01898	0.02377	0.02198	0.01714	0.02207	0.01517	0.02260	0.01146	0.00846	0.00850	0.00282	0.01128	0.00756	0.00380	0.00967
41	0.02106	0.02022	0.03454	0.05223	0.64784	0.02022	0.02612	0.02612	0.01938	0.02780	0.01601	0.02106	0.01348	0.00758	0.00842	0.00253	0.01011	0.00758	0.00421	0.01348
42	0.01768	0.11548	0.59074	0.02321	0.03521	0.02127	0.02962	0.02679	0.01789	0.02620	0.01490	0.01750	0.01080	0.00800	0.00780	0.00260	0.01220	0.00610	0.00360	0.01240
43	0.03179	0.04056	0.02412	0.02192	0.02631	0.66676	0.01644	0.03398	0.02412	0.02083	0.01315	0.01535	0.01096	0.00877	0.00767	0.00219	0.01535	0.00548	0.00438	0.00987
44	0.01006	0.00862	0.00862	0.00862	0.01149	0.00718	0.00647	0.01221	0.01940	0.02299	0.08621	0.08190	0.64438	0.02155	0.01006	0.00287	0.00431	0.01796	0.00790	0.00718
45	0.01025	0.00828	0.00913	0.00966	0.01180	0.00715	0.00696	0.01232	0.01876	0.02323	0.10511	0.25633	0.44571	0.02279	0.01029	0.00303	0.00447	0.01960	0.00798	0.00715
