[name]
unknown

[dist]
# distance from previous block
# <min> <max>
0	5

[block]
# block no. 0 follows, 22 sequences, length 8
# corresponding to MSA columns:
# 5-12
name=unknown_A
#
# <colnr> <probs for GDERKNQSTAVLIFYWHMCP>
#	G	D	E	R	K	N	Q	S	T	A	V	L	I	F	Y	W	H	M	C	P
0	0.28220	0.01743	0.08869	0.01424	0.01982	0.01527	0.01277	0.02834	0.07814	0.17959	0.02490	0.10064	0.02098	0.01155	0.00754	0.00272	0.00714	0.04308	0.00691	0.03805
1	0.01946	0.02172	0.08753	0.03314	0.33085	0.07865	0.01999	0.02659	0.10174	0.02675	0.02764	0.02962	0.10732	0.01000	0.00829	0.00249	0.00915	0.00872	0.00521	0.04514
2	0.01944	0.14967	0.19627	0.02996	0.09077	0.02259	0.32096	0.02613	0.01856	0.02533	0.01531	0.01946	0.01180	0.00727	0.00841	0.00255	0.01232	0.00775	0.00391	0.01154
3	0.21202	0.01215	0.01303	0.01194	0.01469	0.01338	0.00900	0.08659	0.01766	0.02905	0.11171	0.03558	0.02754	0.18779	0.17760	0.00648	0.01060	0.00923	0.00589	0.00809
4	0.02546	0.24795	0.03103	0.05071	0.09680	0.16550	0.01648	0.17868	0.02395	0.02893	0.01511	0.01757	0.01237	0.01111	0.04191	0.00276	0.01116	0.00610	0.00503	0.01137
5	0.01937	0.01680	0.11266	0.01650	0.02199	0.01227	0.08285	0.02401	0.02069	0.16867	0.18515	0.04516	0.08568	0.03811	0.01032	0.00287	0.00765	0.06786	0.00736	0.05404
6	0.13617	0.09866	0.02366	0.01607	0.02262	0.02233	0.01351	0.33683	0.02862	0.10223	0.01835	0.01871	0.01338	0.00886	0.00724	0.00227	0.00813	0.00646	0.00706	0.10885
7	0.01510	0.01322	0.01938	0.01637	0.01874	0.01503	0.09174	0.01825	0.01664	0.02427	0.06291	0.03936	0.17444	0.01709	0.05385	0.00350	0.22288	0.01067	0.15813	0.00843

[dist]
# distance from previous block
# <min> <max>
10	16

[block]
# block no. 1 follows, 22 sequences, length 72
# corresponding to MSA columns:
# 29-100
name=unknown_B
#
# <colnr> <probs for GDERKNQSTAVLIFYWHMCP>
#	G	D	E	R	K	N	Q	S	T	A	V	L	I	F	Y	W	H	M	C	P
0	0.02436	0.02915	0.05643	0.01860	0.02206	0.38584	0.01487	0.02709	0.01980	0.02204	0.01587	0.02050	0.01363	0.04142	0.04152	0.00310	0.10814	0.00648	0.11999	0.00912
1	0.01911	0.01775	0.02974	0.04395	0.53478	0.01771	0.02289	0.02384	0.01920	0.02718	0.05524	0.03265	0.02145	0.01001	0.00875	0.00266	0.00924	0.08687	0.00487	0.01212
2	0.01313	0.01138	0.01609	0.04712	0.17670	0.01079	0.01228	0.01630	0.01917	0.02520	0.15188	0.14647	0.28756	0.01711	0.00946	0.00277	0.00595	0.01500	0.00688	0.00876
3	0.02039	0.02016	0.02477	0.24478	0.17604	0.10692	0.01955	0.03100	0.21501	0.02670	0.02071	0.02363	0.01600	0.00907	0.00823	0.00263	0.00991	0.00775	0.00537	0.01140
4	0.06181	0.11894	0.06766	0.01941	0.02481	0.39105	0.01613	0.11705	0.02360	0.02602	0.01429	0.01654	0.01164	0.01136	0.04276	0.00279	0.01318	0.00575	0.00477	0.01044
5	0.02505	0.09681	0.07276	0.02157	0.05230	0.02282	0.12297	0.31854	0.02835	0.03892	0.01885	0.02087	0.01408	0.00886	0.00791	0.00241	0.00957	0.00750	0.09756	0.01230
6	0.01481	0.26029	0.02175	0.01108	0.01518	0.01650	0.00958	0.01765	0.01954	0.02458	0.22415	0.05091	0.25539	0.01487	0.00821	0.00238	0.00579	0.01212	0.00665	0.00856
7	0.01116	0.00885	0.01029	0.01101	0.01348	0.00797	0.00898	0.01392	0.01901	0.02335	0.06901	0.08514	0.42478	0.02176	0.01044	0.00319	0.00551	0.23721	0.00769	0.00725
8	0.02892	0.20201	0.02847	0.01953	0.02463	0.48343	0.01559	0.06384	0.02278	0.02190	0.01292	0.01485	0.01088	0.00829	0.00701	0.00207	0.01318	0.00525	0.00433	0.01013
9	0.02181	0.25722	0.25257	0.02379	0.11186	0.15259	0.02176	0.02708	0.01869	0.02304	0.01350	0.01607	0.01095	0.00770	0.00702	0.00223	0.01138	0.00560	0.00376	0.01135
10	0.00982	0.00842	0.00842	0.00842	0.01122	0.00701	0.00631	0.01192	0.01894	0.02244	0.08416	0.07995	0.65285	0.02104	0.00982	0.00281	0.00421	0.01753	0.00771	0.00701
11	0.01207	0.00850	0.00935	0.00927	0.00990	0.00840	0.00556	0.01334	0.03831	0.01785	0.03556	0.05744	0.12749	0.57262	0.03585	0.00702	0.00739	0.01283	0.00559	0.00567
12	0.02441	0.02744	0.10018	0.02602	0.06590	0.15026	0.19050	0.16505	0.10734	0.03223	0.01873	0.02091	0.01408	0.00866	0.00854	0.00257	0.01170	0.00783	0.00563	0.01203
13	0.01002	0.00762	0.00923	0.01052	0.01177	0.00684	0.00725	0.01169	0.01691	0.02162	0.05854	0.49560	0.25373	0.02437	0.01034	0.00318	0.00462	0.02159	0.00771	0.00684
14	0.01897	0.26220	0.36225	0.02231	0.03227	0.02407	0.11843	0.02588	0.01764	0.02411	0.01409	0.01690	0.01090	0.00749	0.00734	0.00237	0.01142	0.00615	0.00363	0.01157
15	0.01008	0.00739	0.00948	0.01115	0.01194	0.00678	0.00752	0.01161	0.01631	0.02137	0.05090	0.61962	0.13465	0.02536	0.01050	0.00330	0.00474	0.02281	0.00771	0.00678
16	0.02004	0.01920	0.03277	0.11970	0.59162	0.01960	0.02523	0.02503	0.01867	0.02650	0.01553	0.02073	0.01293	0.00750	0.00823	0.00250	0.01000	0.00740	0.00407	0.01274
17	0.02431	0.55845	0.03936	0.01531	0.02232	0.03128	0.01457	0.16017	0.02185	0.02690	0.01343	0.01481	0.01144	0.00775	0.00600	0.00194	0.00894	0.00512	0.00462	0.01144
18	0.00988	0.00818	0.00866	0.00904	0.01138	0.00696	0.00659	0.01185	0.01834	0.02220	0.07662	0.20234	0.53533	0.02202	0.00997	0.00292	0.00433	0.01873	0.00771	0.00696
19	0.01006	0.00746	0.00940	0.01095	0.01189	0.00680	0.00744	0.01164	0.01650	0.02145	0.05333	0.58023	0.17247	0.02505	0.01045	0.00326	0.00470	0.02242	0.00771	0.00680
20	0.02056	0.01974	0.03372	0.05099	0.65622	0.01974	0.02550	0.02550	0.01892	0.02714	0.01563	0.02056	0.01316	0.00740	0.00822	0.00247	0.00987	0.00740	0.00411	0.01316
21	0.02568	0.36049	0.03343	0.01931	0.05737	0.29614	0.01552	0.02937	0.05340	0.02110	0.01350	0.01535	0.01160	0.00795	0.00655	0.00202	0.01133	0.00524	0.00415	0.01051
22	0.01427	0.00950	0.01156	0.01077	0.01243	0.00925	0.00752	0.05583	0.01989	0.05637	0.31589	0.09002	0.05229	0.27343	0.02175	0.00467	0.00600	0.01360	0.00754	0.00744
23	0.03002	0.02575	0.02384	0.01927	0.02519	0.15263	0.01549	0.43360	0.11628	0.04371	0.02040	0.02044	0.01495	0.00987	0.00817	0.00247	0.00995	0.00732	0.00754	0.01311
24	0.03009	0.03449	0.02273	0.02007	0.02462	0.51186	0.01532	0.14059	0.02596	0.02687	0.01509	0.01696	0.01204	0.00889	0.00753	0.00219	0.01317	0.00590	0.05532	0.01032
25	0.01666	0.04297	0.66500	0.02368	0.03596	0.01929	0.03069	0.02631	0.01754	0.02631	0.01491	0.01754	0.01052	0.00789	0.00789	0.00263	0.01228	0.00614	0.00351	0.01228
26	0.02272	0.02471	0.03445	0.04122	0.39445	0.16678	0.14142	0.02744	0.02009	0.02551	0.01523	0.01967	0.01250	0.00758	0.00837	0.00246	0.01183	0.00741	0.00417	0.01198
27	0.01815	0.10997	0.45470	0.02886	0.17515	0.02086	0.02774	0.02597	0.01778	0.02577	0.01471	0.01777	0.01114	0.00770	0.00769	0.00250	0.01136	0.00624	0.00365	0.01230
28	0.00989	0.00815	0.00869	0.00912	0.01141	0.00695	0.00663	0.01184	0.01826	0.02217	0.07556	0.21951	0.51884	0.02216	0.00999	0.00293	0.00435	0.01890	0.00771	0.00695
29	0.03074	0.06474	0.02449	0.02087	0.02552	0.57906	0.01595	0.09705	0.02495	0.02375	0.01356	0.01545	0.01107	0.00865	0.00749	0.00216	0.01411	0.00554	0.00469	0.01016
30	0.06257	0.44758	0.07475	0.01346	0.01955	0.04761	0.01321	0.02399	0.01712	0.02359	0.01531	0.01763	0.01294	0.00782	0.00567	0.00193	0.00806	0.00533	0.17190	0.00999
31	0.17342	0.01656	0.01799	0.01515	0.02061	0.01774	0.01217	0.07113	0.27993	0.24444	0.02833	0.02605	0.01993	0.01017	0.00776	0.00267	0.00685	0.00798	0.00840	0.01271
32	0.00982	0.00842	0.00842	0.00842	0.01122	0.00701	0.00631	0.01192	0.01894	0.02244	0.08416	0.07995	0.65285	0.02104	0.00982	0.00281	0.00421	0.01753	0.00771	0.00701
33	0.01823	0.23182	0.48985	0.02101	0.03183	0.02312	0.02605	0.02590	0.01735	0.02440	0.01396	0.01635	0.01056	0.00767	0.00717	0.00239	0.01132	0.00566	0.00352	0.01182
34	0.01223	0.00813	0.00894	0.00894	0.01005	0.00792	0.00583	0.01366	0.01475	0.02066	0.03909	0.05404	0.16737	0.37348	0.07029	0.00603	0.00732	0.01224	0.15284	0.00617
35	0.01107	0.00846	0.01014	0.00972	0.01199	0.00754	0.00729	0.01434	0.02188	0.02943	0.44916	0.06844	0.28349	0.01843	0.00981	0.00268	0.00402	0.01592	0.00863	0.00754
36	0.03035	0.03815	0.02323	0.02110	0.02541	0.63138	0.01586	0.03390	0.06444	0.02129	0.01423	0.01604	0.01167	0.00874	0.00755	0.00219	0.01442	0.00562	0.00456	0.00986
37	0.02210	0.50676	0.16347	0.01687	0.02468	0.10128	0.01766	0.02608	0.01775	0.02096	0.01235	0.01434	0.01064	0.00742	0.00607	0.00198	0.01023	0.00488	0.00363	0.01086
38	0.02048	0.01997	0.03505	0.04960	0.60302	0.01985	0.07764	0.02559	0.01898	0.02709	0.01573	0.02072	0.01311	0.00737	0.00836	0.00250	0.01023	0.00761	0.00412	0.01299
39	0.00982	0.00842	0.00842	0.00842	0.01122	0.00701	0.00631	0.01192	0.01894	0.02244	0.08416	0.07995	0.65285	0.02104	0.00982	0.00281	0.00421	0.01753	0.00771	0.00701
40	0.02875	0.03362	0.02257	0.02024	0.02477	0.48457	0.01538	0.07557	0.16302	0.02571	0.01802	0.01890	0.01422	0.00926	0.00776	0.00232	0.01271	0.00640	0.00549	0.01072
41	0.01978	0.01803	0.02315	0.01943	0.02440	0.02015	0.10763	0.03860	0.48370	0.03218	0.03306	0.03189	0.05812	0.01130	0.00953	0.00285	0.03650	0.00982	0.00755	0.01233
42	0.01012	0.00723	0.00964	0.01157	0.01205	0.00675	0.00771	0.01157	0.01591	0.02121	0.04579	0.70262	0.05495	0.02603	0.01060	0.00337	0.00482	0.02362	0.00771	0.00675
43	0.02922	0.06491	0.02408	0.02202	0.06014	0.57434	0.01594	0.03163	0.02267	0.02127	0.01373	0.01610	0.01142	0.00850	0.00735	0.00213	0.01383	0.00556	0.04540	0.00977
44	0.02911	0.18877	0.02817	0.01954	0.02471	0.46085	0.01561	0.09552	0.02372	0.02361	0.01332	0.01515	0.01106	0.00839	0.00709	0.00210	0.01298	0.00538	0.00455	0.01035
45	0.01208	0.00805	0.00906	0.00906	0.00906	0.00805	0.00503	0.01208	0.01208	0.01611	0.02618	0.05436	0.03020	0.70804	0.04228	0.00805	0.00805	0.01208	0.00503	0.00503
46	0.00982	0.00842	0.00842	0.00842	0.01122	0.00701	0.00631	0.01192	0.01894	0.02244	0.08416	0.07995	0.65285	0.02104	0.00982	0.00281	0.00421	0.01753	0.00771	0.00701
47	0.02843	0.03488	0.02536	0.06191	0.13515	0.52783	0.01804	0.03123	0.02238	0.02154	0.01342	0.01632	0.01114	0.00835	0.00766	0.00223	0.01390	0.00581	0.00422	0.01021
48	0.02069	0.14682	0.06289	0.04078	0.47021	0.02217	0.02285	0.02667	0.06023	0.02623	0.01607	0.01981	0.01340	0.00763	0.00770	0.00237	0.00958	0.00694	0.00427	0.01266
49	0.01072	0.00900	0.00941	0.00938	0.01219	0.00795	0.00717	0.01419	0.05334	0.02383	0.10932	0.07709	0.55378	0.02040	0.00984	0.00285	0.00452	0.04978	0.00783	0.00743
50	0.03355	0.01497	0.01917	0.01526	0.02130	0.01410	0.01242	0.04131	0.16216	0.52140	0.03301	0.02889	0.02164	0.01050	0.00838	0.00263	0.00696	0.00859	0.00987	0.01392
51	0.02034	0.02105	0.06928	0.04945	0.62129	0.01971	0.02579	0.02554	0.01884	0.02709	0.01559	0.02039	0.01301	0.00743	0.00821	0.00248	0.01000	0.00733	0.00408	0.01311
52	0.02136	0.03246	0.39682	0.02822	0.17226	0.01854	0.02604	0.05220	0.01968	0.12730	0.01807	0.02000	0.01283	0.00824	0.00806	0.00258	0.01080	0.00682	0.00490	0.01284
53	0.01947	0.01862	0.03175	0.19378	0.52197	0.01945	0.02495	0.02454	0.01840	0.02581	0.01543	0.02092	0.01269	0.00760	0.00824	0.00253	0.01014	0.00740	0.00402	0.01228
54	0.01187	0.00890	0.01335	0.01335	0.01483	0.01038	0.01038	0.01483	0.01335	0.01928	0.02225	0.03264	0.02077	0.06231	0.67512	0.01335	0.02225	0.00890	0.00445	0.00742
55	0.01666	0.04297	0.66500	0.02368	0.03596	0.01929	0.03069	0.02631	0.01754	0.02631	0.01491	0.01754	0.01052	0.00789	0.00789	0.00263	0.01228	0.00614	0.00351	0.01228
56	0.01187	0.00890	0.01335	0.01335	0.01483	0.01038	0.01038	0.01483	0.01335	0.01928	0.02225	0.03264	0.02077	0.06231	0.67512	0.01335	0.02225	0.00890	0.00445	0.00742
57	0.01208	0.00805	0.00906	0.00906	0.00906	0.00805	0.00503	0.01208	0.01208	0.01611	0.02618	0.05436	0.03020	0.70804	0.04228	0.00805	0.00805	0.01208	0.00503	0.00503
58	0.01187	0.00890	0.01335	0.01335	0.01483	0.01038	0.01038	0.01483	0.01335	0.01928	0.02225	0.03264	0.02077	0.06231	0.67512	0.01335	0.02225	0.00890	0.00445	0.00742
59	0.02004	0.01920	0.03277	0.11970	0.59162	0.01960	0.02523	0.02503	0.01867	0.02650	0.01553	0.02073	0.01293	0.00750	0.00823	0.00250	0.01000	0.00740	0.00407	0.01274
60	0.01187	0.00890	0.01335	0.01335	0.01483	0.01038	0.01038	0.01483	0.01335	0.01928	0.02225	0.03264	0.02077	0.06231	0.67512	0.01335	0.02225	0.00890	0.00445	0.00742
61	0.01147	0.00968	0.01009	0.00977	0.01273	0.00892	0.00739	0.01662	0.10238	0.02526	0.13867	0.07149	0.50725	0.01930	0.00963	0.00279	0.00449	0.01618	0.00797	0.00792
62	0.02233	0.65472	0.07065	0.01494	0.02216	0.05912	0.01503	0.02529	0.01719	0.01988	0.01175	0.01358	0.01066	0.00720	0.00554	0.00183	0.00929	0.00456	0.00358	0.01069
63	0.01860	0.02219	0.11913	0.20391	0.28385	0.01965	0.16187	0.02478	0.01831	0.02542	0.01558	0.02098	0.01216	0.00760	0.00856	0.00264	0.01143	0.00777	0.00395	0.01161
64	0.01097	0.00818	0.01041	0.01186	0.01331	0.00761	0.00898	0.01325	0.01755	0.02254	0.05453	0.37997	0.19711	0.02395	0.01066	0.00336	0.00547	0.18551	0.00769	0.00707
65	0.07527	0.02031	0.01887	0.05233	0.02216	0.11883	0.01288	0.28681	0.02750	0.03853	0.02009	0.02208	0.01517	0.00943	0.00725	0.00230	0.00843	0.00703	0.22378	0.01097
66	0.02738	0.03373	0.02311	0.02079	0.02415	0.51158	0.01595	0.02945	0.02117	0.02038	0.01625	0.01906	0.04489	0.01040	0.01150	0.00247	0.14764	0.00638	0.00434	0.00938
67	0.03143	0.01488	0.01866	0.01493	0.02060	0.01411	0.01210	0.11906	0.07725	0.43852	0.03538	0.07546	0.06477	0.01209	0.00860	0.00265	0.00698	0.00995	0.00951	0.01309
68	0.09791	0.01584	0.02517	0.18129	0.27330	0.01673	0.05217	0.02227	0.01895	0.02825	0.15765	0.02956	0.02683	0.00977	0.00835	0.00260	0.00866	0.00892	0.00526	0.01052
69	0.02322	0.02682	0.07268	0.04093	0.43922	0.20245	0.02320	0.02769	0.02012	0.02519	0.01480	0.01880	0.01230	0.00776	0.00800	0.00239	0.01146	0.00675	0.00412	0.01212
70	0.01589	0.01397	0.04803	0.15129	0.10997	0.01364	0.01559	0.02220	0.08809	0.05378	0.13954	0.16372	0.03733	0.01498	0.00933	0.00292	0.00750	0.07590	0.00669	0.00966
71	0.01889	0.02114	0.09827	0.03869	0.40443	0.02013	0.02315	0.02345	0.01738	0.02514	0.01903	0.02363	0.05473	0.00996	0.01256	0.00277	0.16283	0.00791	0.00418	0.01174

[dist]
# distance from previous block
# <min> <max>
0	10

[block]
# block no. 2 follows, 22 sequences, length 64
# corresponding to MSA columns:
# 111-174
name=unknown_C
#
# <colnr> <probs for GDERKNQSTAVLIFYWHMCP>
#	G	D	E	R	K	N	Q	S	T	A	V	L	I	F	Y	W	H	M	C	P
0	0.02095	0.15054	0.20405	0.03391	0.30823	0.09378	0.02387	0.02645	0.01869	0.02483	0.01441	0.01786	0.01174	0.00761	0.00754	0.00235	0.01090	0.00631	0.00387	0.01209
1	0.01451	0.00738	0.01038	0.01038	0.01079	0.00744	0.00710	0.01251	0.01210	0.01758	0.01702	0.02659	0.01592	0.02689	0.05533	0.59184	0.00727	0.00738	0.13707	0.00451
2	0.02839	0.03660	0.08421	0.02530	0.10752	0.49997	0.01860	0.05918	0.02311	0.02324	0.01372	0.01616	0.01116	0.00842	0.00766	0.00224	0.01380	0.00579	0.00437	0.01054
3	0.02678	0.02140	0.02257	0.01842	0.02381	0.04998	0.01490	0.37755	0.20300	0.04271	0.02316	0.02340	0.01730	0.01331	0.04500	0.00321	0.04470	0.00799	0.00774	0.01305
4	0.01541	0.09283	0.01925	0.08482	0.02114	0.06801	0.03765	0.01884	0.01733	0.02289	0.11010	0.03535	0.07919	0.03028	0.25243	0.00641	0.01331	0.00946	0.05694	0.00837
5	0.02206	0.53595	0.12469	0.01642	0.02369	0.08610	0.01675	0.02558	0.01737	0.02054	0.01209	0.01424	0.01066	0.00765	0.00677	0.00200	0.03824	0.00487	0.00361	0.01072
6	0.01040	0.00774	0.00976	0.01126	0.01241	0.00710	0.00800	0.01224	0.01691	0.02186	0.05407	0.50111	0.18616	0.02460	0.01052	0.00330	0.00498	0.08295	0.00771	0.00690
7	0.01935	0.03165	0.42035	0.02126	0.05504	0.01667	0.02366	0.02763	0.04695	0.12202	0.11052	0.02629	0.02259	0.00969	0.00827	0.00262	0.00995	0.00795	0.00557	0.01199
8	0.02416	0.16704	0.05854	0.02992	0.19172	0.24584	0.11685	0.02820	0.02014	0.02318	0.01402	0.01739	0.01163	0.00769	0.00763	0.00228	0.01217	0.00645	0.00405	0.01111
9	0.01020	0.00843	0.00895	0.00882	0.01146	0.00718	0.00661	0.01266	0.01984	0.02459	0.19606	0.07642	0.53961	0.02024	0.00981	0.00277	0.00415	0.01704	0.00800	0.00718
10	0.17136	0.02552	0.25369	0.01886	0.02662	0.01717	0.09982	0.06878	0.01907	0.02975	0.03014	0.03132	0.15254	0.01080	0.00804	0.00267	0.00928	0.00891	0.00523	0.01044
11	0.05294	0.02612	0.11379	0.16416	0.28892	0.16394	0.02294	0.02642	0.01910	0.02479	0.01457	0.01894	0.01168	0.00791	0.00790	0.00248	0.01141	0.00665	0.00403	0.01131
12	0.01830	0.02857	0.29928	0.05758	0.20928	0.01913	0.02434	0.02894	0.14276	0.02834	0.04815	0.02333	0.01738	0.00886	0.00820	0.00263	0.01002	0.00761	0.00493	0.01237
13	0.01188	0.00885	0.01307	0.01307	0.01446	0.01023	0.01003	0.01465	0.01327	0.01908	0.02251	0.03406	0.02139	0.10460	0.63367	0.01300	0.02132	0.00911	0.00449	0.00726
14	0.02506	0.02803	0.02489	0.02833	0.20214	0.34150	0.01780	0.06708	0.02163	0.02419	0.01559	0.01969	0.01322	0.01687	0.11389	0.00404	0.01431	0.00663	0.00452	0.01057
15	0.02655	0.02072	0.02185	0.02297	0.14772	0.16052	0.01513	0.08181	0.04525	0.20005	0.10112	0.03077	0.06708	0.01088	0.00841	0.00248	0.00896	0.00889	0.00718	0.01167
16	0.03122	0.03398	0.02402	0.02062	0.02571	0.45157	0.01596	0.23787	0.02888	0.03134	0.01528	0.01669	0.01188	0.00905	0.00777	0.00226	0.01297	0.00608	0.00567	0.01118
17	0.01431	0.01290	0.01442	0.01429	0.01607	0.09949	0.01093	0.01704	0.01493	0.01958	0.02288	0.08412	0.02216	0.05216	0.53186	0.01104	0.01987	0.00961	0.00469	0.00766
18	0.01692	0.04145	0.62365	0.02547	0.07658	0.01932	0.03035	0.02626	0.01763	0.02636	0.01496	0.01774	0.01070	0.00786	0.00791	0.00262	0.01212	0.00622	0.00355	0.01234
19	0.02465	0.02438	0.16752	0.02111	0.02851	0.01954	0.11660	0.24560	0.02618	0.12054	0.02225	0.07339	0.01770	0.04097	0.01013	0.00289	0.00997	0.00909	0.00666	0.01230
20	0.01020	0.00729	0.00971	0.01152	0.01207	0.00680	0.00772	0.01176	0.01626	0.02177	0.07391	0.67289	0.05603	0.02561	0.01057	0.00334	0.00478	0.02322	0.00778	0.00680
21	0.01625	0.01526	0.02475	0.32595	0.26085	0.01663	0.02058	0.02088	0.01789	0.02357	0.02893	0.03313	0.14002	0.01053	0.00858	0.00267	0.00927	0.00942	0.00464	0.01018
22	0.14718	0.14107	0.32261	0.02004	0.06273	0.04565	0.02103	0.02485	0.01779	0.02766	0.08077	0.02092	0.01758	0.00869	0.00721	0.00245	0.00981	0.00656	0.00445	0.01093
23	0.01919	0.02236	0.09319	0.03474	0.36374	0.10502	0.02054	0.02362	0.01940	0.02510	0.03030	0.03260	0.15374	0.01062	0.00844	0.00252	0.00956	0.00923	0.00487	0.01123
24	0.01949	0.02180	0.10031	0.12337	0.47019	0.01964	0.07359	0.02516	0.01855	0.02630	0.01554	0.02058	0.01259	0.00753	0.00833	0.00255	0.01060	0.00746	0.00401	0.01244
25	0.02941	0.07802	0.02471	0.02251	0.09376	0.41144	0.01591	0.03217	0.02261	0.13232	0.04733	0.02005	0.01594	0.00904	0.00768	0.00225	0.01210	0.00650	0.00548	0.01078
26	0.02233	0.16150	0.03412	0.03518	0.33231	0.13038	0.05533	0.02619	0.01873	0.02382	0.01399	0.01809	0.01202	0.00817	0.00938	0.00240	0.07389	0.00660	0.00399	0.01159
27	0.01088	0.00817	0.01008	0.01021	0.01203	0.00737	0.00742	0.01375	0.02054	0.02768	0.36379	0.22016	0.21720	0.02017	0.01000	0.00284	0.00421	0.01772	0.00844	0.00737
28	0.01095	0.00758	0.00940	0.01051	0.01079	0.00730	0.00659	0.01178	0.01430	0.01906	0.03754	0.43004	0.04454	0.31281	0.02392	0.00534	0.00618	0.01877	0.00659	0.00603
29	0.03116	0.02278	0.02394	0.01869	0.02507	0.05099	0.01531	0.51103	0.08420	0.09876	0.02177	0.02127	0.01538	0.01004	0.00829	0.00251	0.00901	0.00761	0.00831	0.01387
30	0.01012	0.00723	0.00964	0.01157	0.01205	0.00675	0.00771	0.01157	0.01591	0.02121	0.04579	0.70262	0.05495	0.02603	0.01060	0.00337	0.00482	0.02362	0.00771	0.00675
31	0.00982	0.00842	0.00842	0.00842	0.01122	0.00701	0.00631	0.01192	0.01894	0.02244	0.08416	0.07995	0.65285	0.02104	0.00982	0.00281	0.00421	0.01753	0.00771	0.00701
32	0.02154	0.17407	0.02860	0.02703	0.23274	0.12703	0.01692	0.07610	0.02112	0.02600	0.04839	0.02902	0.11734	0.01028	0.00779	0.00232	0.00930	0.00832	0.00514	0.01094
33	0.01795	0.03515	0.44912	0.03214	0.21391	0.01952	0.06322	0.02609	0.01805	0.02656	0.01522	0.01868	0.01140	0.00770	0.00810	0.00259	0.01169	0.00671	0.00372	0.01247
34	0.02035	0.02033	0.03710	0.04746	0.52096	0.02002	0.15805	0.02574	0.01907	0.02702	0.01589	0.02097	0.01304	0.00731	0.00857	0.00254	0.01078	0.00793	0.00413	0.01273
35	0.02055	0.01663	0.02657	0.32666	0.24958	0.01829	0.02157	0.02724	0.07604	0.10664	0.01912	0.02322	0.01431	0.00853	0.00830	0.00265	0.00974	0.00770	0.00512	0.01153
36	0.01481	0.00781	0.00801	0.00801	0.00956	0.00781	0.00565	0.01790	0.01635	0.02800	0.02692	0.03564	0.02307	0.14919	0.01309	0.00316	0.00471	0.00861	0.60451	0.00720
37	0.01012	0.00723	0.00964	0.01157	0.01205	0.00675	0.00771	0.01157	0.01591	0.02121	0.04579	0.70262	0.05495	0.02603	0.01060	0.00337	0.00482	0.02362	0.00771	0.00675
38	0.00982	0.00842	0.00842	0.00842	0.01122	0.00701	0.00631	0.01192	0.01894	0.02244	0.08416	0.07995	0.65285	0.02104	0.00982	0.00281	0.00421	0.01753	0.00771	0.00701
39	0.01705	0.08925	0.62208	0.02302	0.03494	0.02023	0.02956	0.02621	0.01749	0.02584	0.01468	0.01725	0.01053	0.00784	0.00772	0.00257	0.01204	0.00602	0.00351	0.01217
40	0.00982	0.00842	0.00842	0.00842	0.01122	0.00701	0.00631	0.01192	0.01894	0.02244	0.08416	0.07995	0.65285	0.02104	0.00982	0.00281	0.00421	0.01753	0.00771	0.00701
41	0.01741	0.13314	0.58137	0.02240	0.03399	0.02112	0.02848	0.02612	0.01745	0.02540	0.01446	0.01697	0.01054	0.00779	0.00755	0.00252	0.01182	0.00591	0.00351	0.01206
42	0.01979	0.01895	0.03232	0.15227	0.56100	0.01953	0.02511	0.02482	0.01855	0.02620	0.01549	0.02081	0.01283	0.00755	0.00824	0.00252	0.01006	0.00740	0.00405	0.01253
43	0.01129	0.00889	0.01024	0.00983	0.01229	0.00805	0.00739	0.01529	0.04983	0.02846	0.36643	0.06873	0.33603	0.01856	0.00975	0.00271	0.00417	0.01590	0.00847	0.00771
44	0.01012	0.00769	0.00932	0.01048	0.01180	0.00690	0.00726	0.01192	0.01733	0.02230	0.09292	0.46307	0.25117	0.02388	0.01030	0.00315	0.00457	0.02114	0.00779	0.00690
45	0.01977	0.01893	0.03229	0.15443	0.55897	0.01953	0.02510	0.02480	0.01854	0.02618	0.01549	0.02082	0.01282	0.00755	0.00824	0.00252	0.01006	0.00740	0.00404	0.01252
46	0.01012	0.00723	0.00964	0.01157	0.01205	0.00675	0.00771	0.01157	0.01591	0.02121	0.04579	0.70262	0.05495	0.02603	0.01060	0.00337	0.00482	0.02362	0.00771	0.00675
47	0.01187	0.00890	0.01335	0.01335	0.01483	0.01038	0.01038	0.01483	0.01335	0.01928	0.02225	0.03264	0.02077	0.06231	0.67512	0.01335	0.02225	0.00890	0.00445	0.00742
48	0.01735	0.02878	0.30373	0.02992	0.15840	0.01819	0.16853	0.02453	0.01880	0.02674	0.06200	0.02653	0.06036	0.00909	0.00867	0.00265	0.01110	0.00863	0.00445	0.01154
49	0.01028	0.00843	0.00906	0.00890	0.01150	0.00721	0.00668	0.01282	0.02003	0.02504	0.21961	0.07568	0.51578	0.02007	0.00981	0.00276	0.00414	0.01693	0.00806	0.00721
50	0.01096	0.00871	0.00990	0.01007	0.01227	0.00793	0.00737	0.01456	0.05489	0.02541	0.20506	0.21042	0.35120	0.02064	0.00991	0.00289	0.00441	0.01783	0.00809	0.00750
51	0.02368	0.36637	0.03482	0.01851	0.02351	0.20346	0.04087	0.02622	0.01796	0.02014	0.01199	0.01510	0.01080	0.00896	0.01042	0.00228	0.14556	0.00547	0.00379	0.01010
52	0.01416	0.01559	0.10355	0.02026	0.12767	0.01253	0.01484	0.01947	0.05160	0.02595	0.15416	0.10010	0.10267	0.02436	0.14226	0.00489	0.01016	0.04024	0.00619	0.00936
53	0.01691	0.07244	0.63767	0.02326	0.03531	0.01989	0.02997	0.02625	0.01751	0.02601	0.01476	0.01735	0.01053	0.00786	0.00778	0.00259	0.01213	0.00606	0.00351	0.01221
54	0.01035	0.00835	0.00921	0.00917	0.01159	0.00721	0.00681	0.01288	0.01993	0.02521	0.23054	0.11826	0.46074	0.02032	0.00987	0.00279	0.00417	0.01729	0.00809	0.00721
55	0.05843	0.02339	0.14440	0.03715	0.38359	0.01979	0.02312	0.02931	0.14274	0.02903	0.01892	0.02173	0.01490	0.00828	0.00805	0.00257	0.00947	0.00742	0.00492	0.01278
56	0.01751	0.01704	0.02482	0.10389	0.36869	0.05331	0.01909	0.02152	0.01894	0.02476	0.03540	0.03776	0.19973	0.01155	0.00866	0.00258	0.00863	0.01024	0.00513	0.01075
57	0.01013	0.00755	0.00944	0.01082	0.01188	0.00686	0.00741	0.01184	0.01693	0.02204	0.08238	0.53546	0.18800	0.02451	0.01039	0.00321	0.00464	0.02188	0.00778	0.00686
58	0.01572	0.00910	0.01030	0.00990	0.01205	0.00963	0.00761	0.06033	0.01792	0.02960	0.02542	0.03062	0.02067	0.02253	0.16913	0.00476	0.00872	0.00801	0.51990	0.00810
59	0.02514	0.25989	0.02924	0.05241	0.02463	0.31562	0.01514	0.05958	0.02063	0.02171	0.01395	0.01706	0.01203	0.01421	0.08233	0.00334	0.01324	0.00567	0.00424	0.00995
60	0.05415	0.10308	0.55113	0.02184	0.03307	0.02026	0.02741	0.02662	0.01755	0.05023	0.01511	0.01736	0.01084	0.00790	0.00754	0.00255	0.01148	0.00599	0.00385	0.01204
61	0.01066	0.00869	0.00959	0.01004	0.01264	0.00762	0.00798	0.01317	0.01898	0.02301	0.07467	0.08320	0.50995	0.02149	0.01021	0.00305	0.00502	0.15517	0.00770	0.00716
62	0.02169	0.02129	0.07872	0.17238	0.34644	0.02077	0.02326	0.15778	0.02278	0.03143	0.01635	0.02052	0.01274	0.00819	0.00823	0.00255	0.01014	0.00732	0.00491	0.01250
63	0.09974	0.18058	0.29684	0.02544	0.15396	0.02265	0.02289	0.06004	0.01854	0.02766	0.01425	0.01693	0.01112	0.00772	0.00713	0.00240	0.01025	0.00592	0.00409	0.01186

[dist]
# distance from previous block
# <min> <max>
22	65

[block]
# block no. 3 follows, 22 sequences, length 97
# corresponding to MSA columns:
# 250-346
name=unknown_D
#
# <colnr> <probs for GDERKNQSTAVLIFYWHMCP>
#	G	D	E	R	K	N	Q	S	T	A	V	L	I	F	Y	W	H	M	C	P
0	0.11537	0.05466	0.01948	0.01605	0.02054	0.13784	0.01268	0.14356	0.18067	0.03220	0.02638	0.03164	0.05469	0.06841	0.01074	0.00305	0.00874	0.04597	0.00665	0.01070
1	0.02617	0.22967	0.02843	0.01757	0.02322	0.21315	0.01462	0.16821	0.11575	0.02966	0.02010	0.02065	0.03995	0.00937	0.00728	0.00224	0.01017	0.00667	0.00575	0.01138
2	0.01443	0.01087	0.01283	0.01161	0.01537	0.00946	0.00917	0.04318	0.01995	0.05265	0.12412	0.11156	0.23704	0.01683	0.00915	0.00259	0.00553	0.10250	0.00736	0.18382
3	0.02059	0.40472	0.03288	0.09850	0.02511	0.11078	0.01483	0.02360	0.01705	0.01981	0.01415	0.01830	0.01264	0.01793	0.13314	0.00414	0.01249	0.00577	0.00384	0.00973
4	0.01208	0.00805	0.00906	0.00906	0.00906	0.00805	0.00503	0.01208	0.01208	0.01611	0.02618	0.05436	0.03020	0.70804	0.04228	0.00805	0.00805	0.01208	0.00503	0.00503
5	0.01917	0.18186	0.09187	0.01622	0.02151	0.04852	0.01485	0.09448	0.01859	0.02514	0.01647	0.02119	0.01426	0.02431	0.20497	0.00545	0.06709	0.00662	0.00459	0.10285
6	0.01888	0.01757	0.01547	0.01449	0.01748	0.16568	0.01084	0.05298	0.09742	0.05396	0.21041	0.17702	0.08262	0.01583	0.00913	0.00269	0.00741	0.01338	0.00755	0.00919
7	0.01100	0.00764	0.00958	0.01079	0.01115	0.00736	0.00695	0.01201	0.01460	0.01945	0.03832	0.43208	0.04532	0.28274	0.02257	0.00516	0.00616	0.04428	0.00670	0.00614
8	0.01355	0.01950	0.21921	0.01491	0.01978	0.01171	0.01517	0.01854	0.01898	0.02693	0.26662	0.04973	0.04443	0.14591	0.01553	0.00378	0.00776	0.07287	0.00641	0.00870
9	0.02310	0.02334	0.06660	0.04155	0.46118	0.07735	0.02334	0.12750	0.02262	0.03074	0.01607	0.01981	0.01296	0.00796	0.00816	0.00245	0.01032	0.00717	0.00480	0.01297
10	0.01189	0.00880	0.01282	0.01282	0.01412	0.01010	0.00972	0.01449	0.01319	0.01889	0.02274	0.03533	0.02194	0.14233	0.59669	0.01269	0.02049	0.00929	0.00452	0.00712
11	0.01003	0.00760	0.00926	0.01059	0.01179	0.00683	0.00728	0.01168	0.01685	0.02159	0.05771	0.50916	0.24071	0.02448	0.01036	0.00320	0.00463	0.02173	0.00771	0.00683
12	0.02127	0.01996	0.03316	0.04895	0.61585	0.02012	0.02487	0.06411	0.02021	0.02876	0.01590	0.02052	0.01322	0.00757	0.00823	0.00247	0.00982	0.00741	0.00438	0.01322
13	0.01661	0.01571	0.02659	0.56713	0.17093	0.01870	0.02353	0.02204	0.01705	0.02235	0.01493	0.02185	0.01147	0.00813	0.00829	0.00271	0.01085	0.00739	0.00377	0.00997
14	0.01016	0.00773	0.00939	0.01067	0.01199	0.00696	0.00749	0.01193	0.01706	0.02178	0.05857	0.46761	0.25510	0.02422	0.01038	0.00320	0.00474	0.04643	0.00771	0.00688
15	0.03047	0.02926	0.02388	0.01984	0.02539	0.28132	0.01568	0.34568	0.08240	0.03828	0.01828	0.01889	0.01370	0.00952	0.00800	0.00238	0.01123	0.00680	0.00673	0.01227
16	0.02964	0.15530	0.02769	0.01924	0.02492	0.31299	0.01562	0.25693	0.02821	0.03231	0.01530	0.01656	0.01199	0.00883	0.00741	0.00221	0.01167	0.00599	0.00567	0.01152
17	0.01068	0.00836	0.00976	0.01072	0.01235	0.00774	0.00753	0.01379	0.05710	0.02254	0.05954	0.42401	0.27928	0.02319	0.01017	0.00312	0.00470	0.02040	0.00776	0.00726
18	0.01692	0.01564	0.02604	0.29597	0.30252	0.01700	0.02133	0.02174	0.01829	0.02505	0.08731	0.07428	0.02247	0.01014	0.00860	0.00267	0.00933	0.00939	0.00475	0.01056
19	0.02066	0.14527	0.02957	0.22753	0.15346	0.07667	0.01973	0.06370	0.05348	0.02457	0.01511	0.01952	0.01234	0.00898	0.01004	0.00257	0.09489	0.00679	0.00435	0.01078
20	0.01273	0.00799	0.00881	0.00881	0.00918	0.00799	0.00518	0.01346	0.01309	0.01893	0.02635	0.04992	0.02851	0.57546	0.03536	0.00689	0.00726	0.01126	0.14725	0.00555
21	0.00991	0.00842	0.00855	0.00852	0.01128	0.00705	0.00639	0.01211	0.01916	0.02297	0.11186	0.07908	0.62482	0.02084	0.00982	0.00280	0.00419	0.01741	0.00778	0.00705
22	0.02290	0.04671	0.02101	0.06004	0.02304	0.16227	0.01400	0.12727	0.09950	0.05331	0.10174	0.02793	0.02365	0.05095	0.01348	0.03970	0.08772	0.00837	0.00621	0.01016
23	0.01425	0.01290	0.02304	0.01924	0.02233	0.01396	0.16733	0.01806	0.01485	0.02107	0.02029	0.02993	0.01842	0.06974	0.44027	0.00984	0.06256	0.00915	0.00436	0.00840
24	0.02196	0.02448	0.02488	0.02169	0.02295	0.21662	0.01755	0.02387	0.01591	0.02009	0.01148	0.01723	0.01084	0.01278	0.02144	0.00319	0.49324	0.00670	0.00383	0.00925
25	0.09441	0.05959	0.02353	0.01985	0.02470	0.48536	0.01533	0.13212	0.02509	0.02715	0.01388	0.01563	0.01113	0.00867	0.00735	0.00222	0.01304	0.00560	0.00501	0.01037
26	0.01064	0.00817	0.00974	0.00993	0.01187	0.00727	0.00722	0.01329	0.02000	0.02636	0.29453	0.21677	0.29298	0.02062	0.00999	0.00286	0.00424	0.01797	0.00827	0.00727
27	0.01877	0.02824	0.22364	0.03180	0.04130	0.02052	0.45728	0.02653	0.01902	0.02653	0.01627	0.02103	0.01201	0.00726	0.00926	0.00275	0.01352	0.00876	0.00400	0.01151
28	0.03110	0.03757	0.02371	0.02112	0.02569	0.59427	0.01602	0.10696	0.02547	0.02430	0.01372	0.01560	0.01113	0.00874	0.00759	0.00218	0.01426	0.00561	0.00478	0.01019
29	0.01041	0.00844	0.00924	0.00904	0.01158	0.00726	0.00678	0.01307	0.02033	0.02576	0.25726	0.07449	0.47768	0.01980	0.00981	0.00275	0.00412	0.01677	0.00815	0.00726
30	0.02433	0.01813	0.02002	0.01600	0.02149	0.01881	0.01280	0.37723	0.02986	0.04107	0.02392	0.14343	0.02145	0.01214	0.00822	0.00239	0.00758	0.00993	0.03729	0.15391
31	0.00984	0.00832	0.00852	0.00867	0.01129	0.00699	0.00643	0.01189	0.01869	0.02234	0.08101	0.13109	0.60374	0.02145	0.00988	0.00285	0.00426	0.01803	0.00771	0.00699
32	0.01090	0.00842	0.00972	0.00941	0.01160	0.00748	0.00691	0.01368	0.02050	0.02696	0.34265	0.06955	0.33531	0.07559	0.01248	0.00315	0.00439	0.01592	0.00816	0.00723
33	0.02769	0.07808	0.05913	0.02917	0.24767	0.05646	0.01887	0.14444	0.02408	0.20216	0.02055	0.02147	0.01487	0.00873	0.00798	0.00243	0.00930	0.00725	0.00651	0.01316
34	0.01094	0.00790	0.01088	0.01231	0.01324	0.00784	0.00893	0.01309	0.01619	0.02188	0.07060	0.46878	0.04871	0.03209	0.13683	0.00529	0.00844	0.09188	0.00715	0.00704
35	0.02038	0.02517	0.17767	0.06660	0.43893	0.02008	0.02580	0.07505	0.02017	0.02879	0.01578	0.01988	0.01255	0.00776	0.00816	0.00252	0.01041	0.00712	0.00430	0.01288
36	0.01218	0.00982	0.03653	0.01088	0.01334	0.00804	0.00852	0.01533	0.02058	0.05359	0.33435	0.19537	0.21202	0.01922	0.00983	0.00282	0.00464	0.01679	0.00831	0.00784
37	0.01954	0.01869	0.03187	0.18503	0.53020	0.01947	0.02499	0.02460	0.01843	0.02590	0.01545	0.02089	0.01272	0.00759	0.00824	0.00253	0.01012	0.00740	0.00402	0.01233
38	0.01922	0.01837	0.03130	0.22583	0.49184	0.01939	0.02483	0.02432	0.01828	0.02552	0.01539	0.02100	0.01259	0.00765	0.00825	0.00255	0.01020	0.00740	0.00400	0.01208
39	0.01110	0.00841	0.01044	0.01159	0.01338	0.00776	0.00899	0.01361	0.01827	0.02328	0.08450	0.27330	0.25859	0.02298	0.01057	0.00329	0.00545	0.19958	0.00776	0.00716
40	0.02403	0.02550	0.02963	0.07962	0.39436	0.21289	0.02196	0.06500	0.02139	0.02634	0.01502	0.01898	0.01237	0.00796	0.00802	0.00239	0.01140	0.00680	0.00440	0.01194
41	0.02096	0.05479	0.01715	0.01394	0.01746	0.01272	0.01116	0.02518	0.05729	0.22365	0.02759	0.08498	0.02318	0.03618	0.32537	0.00773	0.01418	0.00969	0.00676	0.01006
42	0.01300	0.00854	0.01159	0.01159	0.01322	0.00956	0.00895	0.01625	0.01463	0.02295	0.02377	0.03211	0.02093	0.04579	0.46511	0.00977	0.01648	0.00854	0.23969	0.00752
43	0.01720	0.03925	0.55351	0.02573	0.03731	0.01960	0.13845	0.02636	0.01791	0.02636	0.01525	0.01842	0.01090	0.00773	0.00824	0.00266	0.01259	0.00680	0.00363	0.01208
44	0.02279	0.40925	0.03291	0.01604	0.02164	0.13611	0.01450	0.07440	0.02025	0.02338	0.01861	0.02941	0.01801	0.01060	0.00711	0.00229	0.00970	0.11797	0.00484	0.01020
45	0.14368	0.01061	0.01233	0.01168	0.01411	0.01172	0.00895	0.04253	0.01554	0.05327	0.02215	0.03106	0.01974	0.11912	0.30535	0.00788	0.01328	0.00825	0.14074	0.00801
46	0.00986	0.00827	0.00857	0.00881	0.01132	0.00698	0.00649	0.01188	0.01856	0.02229	0.07940	0.15712	0.57875	0.02166	0.00992	0.00288	0.00428	0.01829	0.00771	0.00698
47	0.01074	0.00874	0.00956	0.00959	0.01205	0.00780	0.00710	0.01413	0.04976	0.02486	0.17969	0.15149	0.44416	0.02045	0.00985	0.00284	0.00435	0.01744	0.00801	0.00743
48	0.03002	0.06597	0.02460	0.02004	0.02520	0.40055	0.01567	0.21330	0.07219	0.03100	0.01643	0.01755	0.01278	0.00911	0.00770	0.00228	0.01232	0.00624	0.00576	0.01129
49	0.01029	0.00833	0.00914	0.00916	0.01157	0.00718	0.00679	0.01275	0.01972	0.02483	0.21129	0.13097	0.46782	0.02055	0.00988	0.00281	0.00420	0.01749	0.00804	0.00718
50	0.01204	0.00789	0.00905	0.00937	0.00960	0.00781	0.00554	0.01259	0.01315	0.01817	0.02949	0.15935	0.03355	0.53821	0.03406	0.00678	0.00718	0.01363	0.06701	0.00554
51	0.01067	0.00845	0.00960	0.00931	0.01175	0.00738	0.00699	0.01358	0.02096	0.02724	0.33461	0.07205	0.39940	0.01925	0.00981	0.00272	0.00408	0.01643	0.00835	0.00738
52	0.02555	0.02957	0.03477	0.02937	0.09072	0.30017	0.26048	0.07875	0.02282	0.02610	0.01526	0.01887	0.01197	0.00795	0.00855	0.00246	0.01364	0.00749	0.00456	0.01095
53	0.01187	0.00890	0.01335	0.01335	0.01483	0.01038	0.01038	0.01483	0.01335	0.01928	0.02225	0.03264	0.02077	0.06231	0.67512	0.01335	0.02225	0.00890	0.00445	0.00742
54	0.01032	0.00739	0.00982	0.01143	0.01209	0.00688	0.00773	0.01208	0.01685	0.02271	0.12090	0.62323	0.05785	0.02491	0.01050	0.00328	0.00471	0.02255	0.00789	0.00688
55	0.02784	0.02054	0.02273	0.01802	0.02369	0.02284	0.01476	0.51202	0.03418	0.04608	0.02038	0.02235	0.01539	0.01991	0.13490	0.00455	0.01163	0.00775	0.00758	0.01285
56	0.14096	0.01900	0.02194	0.02040	0.08791	0.07258	0.01501	0.10487	0.02159	0.25099	0.02040	0.02119	0.01460	0.01022	0.01137	0.00272	0.13836	0.00711	0.00686	0.01193
57	0.02858	0.22869	0.02931	0.01918	0.02446	0.43990	0.01551	0.07973	0.02293	0.02274	0.01306	0.01492	0.01097	0.00827	0.00695	0.00207	0.01278	0.00527	0.00441	0.01029
58	0.01208	0.00805	0.00906	0.00906	0.00906	0.00805	0.00503	0.01208	0.01208	0.01611	0.02618	0.05436	0.03020	0.70804	0.04228	0.00805	0.00805	0.01208	0.00503	0.00503
59	0.01187	0.00818	0.01009	0.01025	0.01063	0.00848	0.00648	0.01267	0.01269	0.01726	0.02688	0.10262	0.03007	0.50364	0.18510	0.00889	0.01105	0.01230	0.00512	0.00572
60	0.02136	0.02461	0.08722	0.04205	0.41079	0.10111	0.13876	0.02673	0.01951	0.02613	0.01545	0.01997	0.01253	0.00751	0.00841	0.00250	0.01149	0.00750	0.00410	0.01228
61	0.02221	0.71304	0.04353	0.01421	0.02132	0.03287	0.01421	0.02488	0.01688	0.01955	0.01155	0.01333	0.01066	0.00711	0.00533	0.00178	0.00888	0.00444	0.00355	0.01066
62	0.01874	0.03496	0.45424	0.02819	0.14687	0.01918	0.05062	0.02801	0.05811	0.05796	0.01719	0.01966	0.01252	0.00810	0.00808	0.00262	0.01129	0.00682	0.00429	0.01254
63	0.02894	0.08918	0.02823	0.02254	0.02755	0.54439	0.09151	0.03172	0.02254	0.02105	0.01323	0.01577	0.01093	0.00826	0.00761	0.00219	0.01439	0.00583	0.00421	0.00990
64	0.01309	0.00946	0.01313	0.01281	0.01415	0.01109	0.00990	0.01593	0.01395	0.02126	0.02238	0.03245	0.02059	0.08990	0.45609	0.01009	0.07739	0.00875	0.14010	0.00747
65	0.01615	0.03936	0.59659	0.02229	0.03349	0.01809	0.02830	0.02520	0.01816	0.02704	0.08154	0.02220	0.01762	0.00884	0.00809	0.00263	0.01140	0.00707	0.00410	0.01181
66	0.02458	0.02846	0.12329	0.16754	0.07513	0.19339	0.04345	0.18777	0.02483	0.03066	0.01580	0.01888	0.01190	0.00865	0.00808	0.00249	0.01180	0.00678	0.00510	0.01143
67	0.02158	0.02244	0.03030	0.16015	0.43443	0.13805	0.02335	0.02612	0.01934	0.02484	0.01497	0.01984	0.01234	0.00777	0.00811	0.00246	0.01101	0.00703	0.00407	0.01181
68	0.01176	0.00849	0.01110	0.01045	0.01241	0.00784	0.00784	0.01568	0.02352	0.03331	0.65184	0.06206	0.07839	0.01698	0.00980	0.00261	0.00392	0.01502	0.00914	0.00784
69	0.01963	0.01948	0.03528	0.14539	0.44828	0.01978	0.13914	0.02505	0.01869	0.02614	0.01572	0.02115	0.01273	0.00746	0.00854	0.00258	0.01084	0.00786	0.00406	0.01219
70	0.01651	0.01621	0.02409	0.02011	0.02219	0.04625	0.12029	0.01952	0.01678	0.02364	0.13856	0.10965	0.03014	0.04863	0.01882	0.00342	0.29979	0.01127	0.00536	0.00877
71	0.01549	0.00774	0.00774	0.00774	0.00968	0.00774	0.00581	0.01936	0.01742	0.03097	0.02710	0.03097	0.02129	0.00968	0.00581	0.00194	0.00387	0.00774	0.75416	0.00774
72	0.01057	0.00748	0.00981	0.01150	0.01201	0.00709	0.00774	0.01199	0.01564	0.02081	0.04324	0.58329	0.05142	0.11035	0.01459	0.00398	0.00540	0.05912	0.00738	0.00659
73	0.02383	0.02978	0.10320	0.02572	0.14470	0.31268	0.01862	0.06077	0.02094	0.02396	0.01573	0.01983	0.01316	0.01806	0.12856	0.00431	0.01467	0.00660	0.00441	0.01048
74	0.03415	0.01533	0.01963	0.01521	0.02131	0.01430	0.01250	0.14488	0.02652	0.50000	0.08130	0.02954	0.02415	0.01078	0.00846	0.00256	0.00719	0.00874	0.00983	0.01362
75	0.01208	0.00805	0.00906	0.00906	0.00906	0.00805	0.00503	0.01208	0.01208	0.01611	0.02618	0.05436	0.03020	0.70804	0.04228	0.00805	0.00805	0.01208	0.00503	0.00503
76	0.11413	0.01781	0.02211	0.06690	0.18400	0.01903	0.01594	0.21165	0.05920	0.03542	0.03044	0.03145	0.13493	0.01110	0.00819	0.00259	0.00803	0.00910	0.00645	0.01153
77	0.01789	0.01766	0.01589	0.01518	0.01743	0.18982	0.01137	0.04910	0.01740	0.02097	0.02185	0.08117	0.02142	0.11547	0.33996	0.00843	0.01671	0.00936	0.00491	0.00802
78	0.01054	0.00755	0.01001	0.01128	0.01214	0.00703	0.00774	0.01261	0.01784	0.02429	0.19999	0.53964	0.06091	0.02373	0.01040	0.00318	0.00459	0.02143	0.00808	0.00703
79	0.02801	0.06014	0.02498	0.02085	0.02469	0.41130	0.01639	0.12039	0.02332	0.02509	0.01345	0.01635	0.01126	0.00999	0.01175	0.00250	0.15854	0.00605	0.00472	0.01024
80	0.01730	0.00997	0.01187	0.01081	0.01438	0.00863	0.00855	0.02002	0.02066	0.18650	0.12717	0.06606	0.38218	0.01803	0.00958	0.00281	0.00519	0.06280	0.00851	0.00896
81	0.15241	0.03810	0.54685	0.02137	0.03236	0.01917	0.02677	0.02597	0.01692	0.02829	0.01430	0.01681	0.01025	0.00786	0.00739	0.00262	0.01122	0.00584	0.00380	0.01168
82	0.02056	0.01974	0.03372	0.05099	0.65622	0.01974	0.02550	0.02550	0.01892	0.02714	0.01563	0.02056	0.01316	0.00740	0.00822	0.00247	0.00987	0.00740	0.00411	0.01316
83	0.01739	0.12728	0.38157	0.02324	0.03274	0.02039	0.13893	0.02475	0.01732	0.02456	0.01572	0.01975	0.01221	0.01436	0.09059	0.00387	0.01337	0.00694	0.00376	0.01125
84	0.01549	0.00774	0.00774	0.00774	0.00968	0.00774	0.00581	0.01936	0.01742	0.03097	0.02710	0.03097	0.02129	0.00968	0.00581	0.00194	0.00387	0.00774	0.75416	0.00774
85	0.01042	0.00760	0.00930	0.01052	0.01135	0.00703	0.00696	0.01173	0.01579	0.02052	0.04952	0.46708	0.16398	0.14852	0.01619	0.00411	0.00529	0.02037	0.00723	0.00649
86	0.02257	0.02320	0.02936	0.03984	0.43347	0.14423	0.02170	0.02998	0.12085	0.02708	0.01805	0.02120	0.01467	0.00825	0.00812	0.00246	0.01030	0.00734	0.00485	0.01249
87	0.02253	0.02100	0.03208	0.04531	0.54211	0.04557	0.02375	0.11193	0.02197	0.03048	0.01614	0.02026	0.01320	0.00781	0.00821	0.00246	0.00996	0.00733	0.00472	0.01316
88	0.01001	0.00842	0.00868	0.00862	0.01134	0.00709	0.00646	0.01229	0.01939	0.02352	0.14046	0.07817	0.59588	0.02064	0.00982	0.00279	0.00418	0.01728	0.00786	0.00709
89	0.01046	0.00839	0.00937	0.00947	0.01185	0.00730	0.00712	0.01301	0.01974	0.02494	0.20879	0.12767	0.44299	0.02061	0.00996	0.00286	0.00436	0.04583	0.00804	0.00721
90	0.02559	0.11251	0.03011	0.02336	0.05804	0.34688	0.13128	0.06556	0.02235	0.02391	0.01987	0.02211	0.06413	0.00915	0.00795	0.00231	0.01257	0.00732	0.00470	0.01029
91	0.02782	0.03386	0.02482	0.02650	0.14469	0.50781	0.01748	0.03054	0.02201	0.02156	0.01397	0.01717	0.01181	0.01178	0.05039	0.00292	0.01448	0.00597	0.00426	0.01016
92	0.02056	0.01974	0.03372	0.05099	0.65622	0.01974	0.02550	0.02550	0.01892	0.02714	0.01563	0.02056	0.01316	0.00740	0.00822	0.00247	0.00987	0.00740	0.00411	0.01316
93	0.00982	0.00842	0.00842	0.00842	0.01122	0.00701	0.00631	0.01192	0.01894	0.02244	0.08416	0.07995	0.65285	0.02104	0.00982	0.00281	0.00421	0.01753	0.00771	0.00701
94	0.02642	0.03795	0.18692	0.06455	0.03032	0.42969	0.02021	0.06389	0.02244	0.02370	0.01389	0.01637	0.01087	0.00845	0.00769	0.00232	0.01372	0.00580	0.00427	0.01053
