[name]
unknown

[dist]
# distance from previous block
# <min> <max>
0	0

[block]
# block no. 0 follows, 20 sequences, length 39
# corresponding to MSA columns:
# 0-38
name=unknown_A
#
# <colnr> <probs for GDERKNQSTAVLIFYWHMCP>
#	G	D	E	R	K	N	Q	S	T	A	V	L	I	F	Y	W	H	M	C	P
0	0.01406	0.01004	0.01406	0.01606	0.01807	0.01004	0.01406	0.01807	0.02008	0.02610	0.04618	0.09839	0.05020	0.02410	0.01205	0.00402	0.00803	0.58032	0.00803	0.00803
1	0.02685	0.45118	0.03803	0.01747	0.02411	0.19538	0.01561	0.09521	0.02220	0.02468	0.01349	0.01524	0.01162	0.00820	0.00654	0.00205	0.01102	0.00528	0.00450	0.01133
2	0.01934	0.01491	0.01662	0.01518	0.01919	0.01611	0.01181	0.05964	0.32762	0.06947	0.14036	0.08732	0.10631	0.01544	0.00956	0.00298	0.00626	0.04140	0.00892	0.01156
3	0.03087	0.02244	0.02426	0.01921	0.02570	0.02482	0.01567	0.43871	0.17692	0.09079	0.02529	0.02427	0.01807	0.01081	0.00876	0.00270	0.00882	0.00839	0.00890	0.01459
4	0.01220	0.00815	0.00979	0.01039	0.01054	0.00800	0.00624	0.01246	0.01381	0.01842	0.03298	0.24317	0.03859	0.46105	0.03397	0.04502	0.00740	0.01603	0.00604	0.00574
5	0.01045	0.00884	0.00903	0.00898	0.01187	0.00742	0.00674	0.01279	0.02021	0.02434	0.12554	0.08267	0.59784	0.02180	0.01031	0.00293	0.00440	0.01823	0.00820	0.00742
6	0.75506	0.01687	0.01282	0.01147	0.01687	0.01957	0.00945	0.02564	0.01484	0.03914	0.01215	0.01417	0.00945	0.00810	0.00540	0.00270	0.00675	0.00472	0.00540	0.00945
7	0.01098	0.00886	0.00976	0.00954	0.01219	0.00765	0.00715	0.01381	0.02146	0.02732	0.26787	0.07777	0.45365	0.02069	0.01030	0.00288	0.00432	0.01754	0.00859	0.00765
8	0.02314	0.01125	0.01407	0.01231	0.01635	0.00978	0.00947	0.02560	0.02113	0.29494	0.05448	0.15016	0.23786	0.06364	0.01208	0.00330	0.00611	0.01477	0.00909	0.01045
9	0.01052	0.00853	0.00917	0.00963	0.01185	0.00736	0.00688	0.01244	0.01874	0.02288	0.07570	0.21934	0.46947	0.06216	0.01247	0.00340	0.00480	0.01953	0.00794	0.00718
10	0.02086	0.01257	0.01304	0.01138	0.01476	0.01328	0.00895	0.18077	0.02448	0.03863	0.02641	0.02937	0.02031	0.01025	0.00681	0.00219	0.00557	0.00805	0.54237	0.00995
11	0.01268	0.00846	0.00951	0.00951	0.00951	0.00846	0.00529	0.01268	0.01268	0.01691	0.02748	0.05708	0.03171	0.69345	0.04440	0.00846	0.00846	0.01268	0.00529	0.00529
12	0.01118	0.00887	0.01004	0.00975	0.01231	0.00773	0.00731	0.01420	0.02193	0.02842	0.32073	0.07595	0.40010	0.02028	0.01030	0.00286	0.00429	0.01729	0.00874	0.00773
13	0.75506	0.01687	0.01282	0.01147	0.01687	0.01957	0.00945	0.02564	0.01484	0.03914	0.01215	0.01417	0.00945	0.00810	0.00540	0.00270	0.00675	0.00472	0.00540	0.00945
14	0.03316	0.02443	0.02618	0.02007	0.02705	0.02705	0.01658	0.60995	0.04101	0.05497	0.02094	0.02094	0.01483	0.01047	0.00873	0.00262	0.00960	0.00785	0.00873	0.01483
15	0.01268	0.00846	0.00951	0.00951	0.00951	0.00846	0.00529	0.01268	0.01268	0.01691	0.02748	0.05708	0.03171	0.69345	0.04440	0.00846	0.00846	0.01268	0.00529	0.00529
16	0.01099	0.00774	0.01001	0.01168	0.01209	0.00733	0.00760	0.01224	0.01599	0.02132	0.04442	0.57569	0.05308	0.14569	0.01704	0.00442	0.00566	0.02265	0.00760	0.00677
17	0.75506	0.01687	0.01282	0.01147	0.01687	0.01957	0.00945	0.02564	0.01484	0.03914	0.01215	0.01417	0.00945	0.00810	0.00540	0.00270	0.00675	0.00472	0.00540	0.00945
18	0.03914	0.01484	0.02024	0.01552	0.02227	0.01282	0.01282	0.04251	0.02497	0.64507	0.03441	0.02969	0.02159	0.01080	0.00877	0.00270	0.00742	0.00877	0.01080	0.01484
19	0.01063	0.00759	0.01012	0.01215	0.01265	0.00709	0.00810	0.01215	0.01670	0.02227	0.04808	0.68775	0.05769	0.02733	0.01113	0.00354	0.00506	0.02480	0.00810	0.00709
20	0.70855	0.01637	0.01275	0.01144	0.01663	0.01886	0.00937	0.02507	0.01546	0.03888	0.05111	0.01736	0.01401	0.00871	0.00570	0.00270	0.00658	0.00542	0.00566	0.00937
21	0.02332	0.69869	0.04571	0.01493	0.02239	0.03451	0.01493	0.02612	0.01772	0.02052	0.01213	0.01399	0.01119	0.00746	0.00560	0.00187	0.00933	0.00466	0.00373	0.01119
22	0.02159	0.02073	0.03541	0.05354	0.63903	0.02073	0.02677	0.02677	0.01986	0.02850	0.01641	0.02159	0.01382	0.00777	0.00864	0.00259	0.01036	0.00777	0.00432	0.01382
23	0.01228	0.00871	0.01154	0.01185	0.01260	0.00930	0.00813	0.01385	0.01387	0.01916	0.02884	0.14292	0.03139	0.32238	0.30357	0.01010	0.01435	0.01309	0.00545	0.00663
24	0.01222	0.00891	0.01149	0.01085	0.01296	0.00818	0.00813	0.01623	0.02440	0.03430	0.60176	0.06628	0.11540	0.01809	0.01029	0.00276	0.00413	0.01593	0.00951	0.00818
25	0.01908	0.01908	0.02672	0.02290	0.02290	0.02672	0.01908	0.02099	0.01336	0.02099	0.01145	0.01908	0.01145	0.01527	0.02863	0.00382	0.67748	0.00763	0.00382	0.00954
26	0.02332	0.69869	0.04571	0.01493	0.02239	0.03451	0.01493	0.02612	0.01772	0.02052	0.01213	0.01399	0.01119	0.00746	0.00560	0.00187	0.00933	0.00466	0.00373	0.01119
27	0.03316	0.02443	0.02618	0.02007	0.02705	0.02705	0.01658	0.60995	0.04101	0.05497	0.02094	0.02094	0.01483	0.01047	0.00873	0.00262	0.00960	0.00785	0.00873	0.01483
28	0.01246	0.00935	0.01402	0.01402	0.01558	0.01090	0.01090	0.01558	0.01402	0.02025	0.02336	0.03427	0.02181	0.06542	0.65888	0.01402	0.02336	0.00935	0.00467	0.00779
29	0.06581	0.02412	0.01971	0.01684	0.02179	0.20038	0.01322	0.23099	0.02846	0.03491	0.03898	0.03838	0.20361	0.01348	0.00878	0.00262	0.00960	0.01028	0.00715	0.01090
30	0.01693	0.01562	0.02425	0.03452	0.36944	0.01506	0.01826	0.02102	0.02033	0.02748	0.09993	0.04659	0.22787	0.01352	0.00935	0.00272	0.00778	0.01209	0.00609	0.01113
31	0.02064	0.39751	0.32337	0.01950	0.02947	0.02794	0.02290	0.02681	0.01804	0.02380	0.01375	0.01603	0.01113	0.00784	0.00684	0.00228	0.01097	0.00549	0.00371	0.01198
32	0.02466	0.16068	0.13038	0.02989	0.20840	0.10649	0.02163	0.12775	0.05510	0.03079	0.01684	0.01931	0.01338	0.00862	0.00791	0.00246	0.01094	0.00680	0.00511	0.01285
33	0.02913	0.03233	0.08489	0.02029	0.02596	0.34382	0.01690	0.09854	0.07724	0.09477	0.07320	0.02385	0.02029	0.01030	0.00840	0.00249	0.01210	0.00754	0.00638	0.01157
34	0.01952	0.02276	0.10110	0.03850	0.34662	0.04972	0.10510	0.02489	0.02004	0.02709	0.02914	0.03230	0.12376	0.01037	0.00909	0.00271	0.01046	0.00976	0.00494	0.01210
35	0.02137	0.02274	0.02460	0.06689	0.25141	0.20155	0.01844	0.02469	0.02024	0.02431	0.02453	0.20966	0.02544	0.01374	0.00913	0.00278	0.01048	0.01199	0.00542	0.01060
36	0.01677	0.01387	0.02034	0.02355	0.16336	0.01441	0.04050	0.02309	0.09746	0.02598	0.02503	0.06636	0.02292	0.10892	0.18731	0.00638	0.01228	0.00999	0.07878	0.04271
37	0.06319	0.02006	0.05777	0.03113	0.21102	0.02060	0.07147	0.02889	0.01896	0.17005	0.01905	0.02240	0.01455	0.01058	0.01423	0.00300	0.19695	0.00797	0.00572	0.01241
38	0.01585	0.01398	0.01541	0.07972	0.02170	0.05027	0.01268	0.02401	0.15683	0.02695	0.05297	0.06635	0.23512	0.01824	0.01017	0.00320	0.00737	0.17215	0.00763	0.00940

[dist]
# distance from previous block
# <min> <max>
0	1

[block]
# block no. 1 follows, 20 sequences, length 45
# corresponding to MSA columns:
# 40-84
name=unknown_B
#
# <colnr> <probs for GDERKNQSTAVLIFYWHMCP>
#	G	D	E	R	K	N	Q	S	T	A	V	L	I	F	Y	W	H	M	C	P
0	0.02635	0.02178	0.02951	0.06625	0.28754	0.02289	0.02083	0.29163	0.02924	0.04023	0.01836	0.02113	0.01411	0.00895	0.00853	0.00253	0.00980	0.00762	0.00636	0.06635
1	0.02106	0.02109	0.03869	0.08475	0.46554	0.02096	0.16416	0.02679	0.01990	0.02801	0.01665	0.02214	0.01355	0.00773	0.00903	0.00269	0.01146	0.00837	0.00431	0.01310
2	0.01867	0.01699	0.02479	0.03410	0.31665	0.05405	0.01992	0.02315	0.02058	0.02760	0.07187	0.05414	0.03266	0.01490	0.01003	0.00313	0.00934	0.23034	0.00615	0.01095
3	0.02178	0.02129	0.01891	0.01766	0.02183	0.15154	0.01372	0.03671	0.35754	0.03057	0.03649	0.06808	0.07097	0.01409	0.00924	0.00296	0.00863	0.07862	0.00777	0.01160
4	0.01223	0.00908	0.01175	0.01329	0.01511	0.00860	0.01067	0.01514	0.01910	0.02445	0.05654	0.25813	0.18876	0.02452	0.01139	0.00364	0.00637	0.29555	0.00807	0.00761
5	0.01515	0.00758	0.01136	0.01136	0.01136	0.00758	0.00758	0.01136	0.01136	0.01515	0.01515	0.02652	0.01515	0.03030	0.03409	0.74621	0.00758	0.00758	0.00379	0.00379
6	0.01061	0.00823	0.00967	0.01062	0.01230	0.00729	0.00747	0.01262	0.01865	0.02374	0.10742	0.38079	0.31070	0.02437	0.01071	0.00323	0.00471	0.02138	0.00821	0.00729
7	0.01248	0.00930	0.01067	0.01086	0.01259	0.00876	0.00761	0.04356	0.01889	0.02438	0.10874	0.21609	0.24358	0.18707	0.01885	0.00445	0.00595	0.04131	0.00758	0.00728
8	0.70163	0.01672	0.01337	0.01177	0.01727	0.01906	0.00970	0.02690	0.01560	0.08436	0.01381	0.01533	0.01035	0.00830	0.00565	0.00270	0.00680	0.00503	0.00580	0.00985
9	0.01368	0.01177	0.01206	0.01148	0.01501	0.01161	0.00875	0.02254	0.19866	0.02739	0.07270	0.06872	0.45510	0.01905	0.00988	0.00295	0.00515	0.01588	0.00833	0.00927
10	0.01061	0.00767	0.01005	0.01195	0.01260	0.00710	0.00801	0.01217	0.01689	0.02234	0.05047	0.65190	0.09201	0.02702	0.01108	0.00351	0.00502	0.02442	0.00810	0.00710
11	0.01063	0.00759	0.01012	0.01215	0.01265	0.00709	0.00810	0.01215	0.01670	0.02227	0.04808	0.68775	0.05769	0.02733	0.01113	0.00354	0.00506	0.02480	0.00810	0.00709
12	0.03245	0.02408	0.02578	0.01993	0.02678	0.02672	0.01641	0.57494	0.07718	0.05383	0.02185	0.02166	0.01557	0.01056	0.00874	0.00264	0.00943	0.00798	0.00874	0.01477
13	0.01207	0.00891	0.01127	0.01068	0.01286	0.00811	0.00801	0.01592	0.02403	0.03342	0.55975	0.06773	0.15796	0.01842	0.01029	0.00277	0.00416	0.01614	0.00940	0.00811
14	0.01199	0.00890	0.01117	0.01060	0.01281	0.00808	0.00795	0.01578	0.02386	0.03300	0.53964	0.06842	0.17833	0.01857	0.01029	0.00278	0.00417	0.01623	0.00934	0.00808
15	0.01054	0.00885	0.00916	0.00908	0.01192	0.00746	0.00681	0.01296	0.02043	0.02486	0.15016	0.08182	0.57289	0.02161	0.01031	0.00292	0.00438	0.01811	0.00827	0.00746
16	0.02332	0.69869	0.04571	0.01493	0.02239	0.03451	0.01493	0.02612	0.01772	0.02052	0.01213	0.01399	0.01119	0.00746	0.00560	0.00187	0.00933	0.00466	0.00373	0.01119
17	0.01985	0.01655	0.01903	0.01376	0.02142	0.01343	0.01107	0.09076	0.02077	0.03153	0.01614	0.01842	0.01314	0.00693	0.00673	0.00145	0.00683	0.00548	0.00558	0.66113
18	0.01323	0.01067	0.01121	0.01041	0.01372	0.00977	0.00799	0.08290	0.02294	0.02863	0.14683	0.07429	0.49565	0.02021	0.01012	0.00288	0.00499	0.01685	0.00836	0.00834
19	0.01311	0.00896	0.01028	0.01062	0.01124	0.00905	0.00662	0.01553	0.05761	0.02074	0.03301	0.20290	0.03681	0.43603	0.03113	0.00642	0.00721	0.01501	0.06118	0.00653
20	0.02170	0.01874	0.01972	0.01775	0.02268	0.02170	0.01381	0.04635	0.62327	0.03649	0.03550	0.03254	0.02663	0.01183	0.00888	0.00296	0.00690	0.00986	0.00888	0.01381
21	0.01125	0.00900	0.01014	0.01021	0.01283	0.00789	0.00789	0.01414	0.02109	0.02667	0.21782	0.08101	0.43086	0.02128	0.01051	0.00302	0.00477	0.08351	0.00846	0.00766
22	0.01186	0.00865	0.00871	0.00871	0.01126	0.00761	0.00642	0.01438	0.01908	0.02529	0.07056	0.07017	0.45439	0.05913	0.01134	0.00306	0.00457	0.01563	0.18176	0.00742
23	0.03772	0.01712	0.02165	0.01660	0.02340	0.01619	0.01371	0.17693	0.02877	0.50528	0.03122	0.02762	0.01999	0.01072	0.00876	0.00268	0.00794	0.00855	0.01031	0.01484
24	0.01063	0.00759	0.01012	0.01215	0.01265	0.00709	0.00810	0.01215	0.01670	0.02227	0.04808	0.68775	0.05769	0.02733	0.01113	0.00354	0.00506	0.02480	0.00810	0.00709
25	0.01246	0.00935	0.01402	0.01402	0.01558	0.01090	0.01090	0.01558	0.01402	0.02025	0.02336	0.03427	0.02181	0.06542	0.65888	0.01402	0.02336	0.00935	0.00467	0.00779
26	0.01268	0.00846	0.00951	0.00951	0.00951	0.00846	0.00529	0.01268	0.01268	0.01691	0.02748	0.05708	0.03171	0.69345	0.04440	0.00846	0.00846	0.01268	0.00529	0.00529
27	0.02355	0.01891	0.02022	0.01778	0.02297	0.02155	0.01395	0.08632	0.54624	0.07392	0.03440	0.03155	0.02549	0.01168	0.00886	0.00292	0.00713	0.00965	0.00898	0.01394
28	0.03316	0.02443	0.02618	0.02007	0.02705	0.02705	0.01658	0.60995	0.04101	0.05497	0.02094	0.02094	0.01483	0.01047	0.00873	0.00262	0.00960	0.00785	0.00873	0.01483
29	0.03914	0.01484	0.02024	0.01552	0.02227	0.01282	0.01282	0.04251	0.02497	0.64507	0.03441	0.02969	0.02159	0.01080	0.00877	0.00270	0.00742	0.00877	0.01080	0.01484
30	0.03755	0.01449	0.01973	0.01525	0.02172	0.01255	0.01255	0.04096	0.02495	0.60887	0.07002	0.03179	0.02520	0.01121	0.00886	0.00270	0.00723	0.00919	0.01073	0.01445
31	0.01115	0.00799	0.01059	0.01179	0.01277	0.00743	0.00814	0.01346	0.01914	0.02614	0.22674	0.49804	0.06519	0.02443	0.01088	0.00330	0.00477	0.02205	0.00856	0.00743
32	0.01235	0.00892	0.01166	0.01097	0.01303	0.00823	0.00823	0.01646	0.02469	0.03498	0.63443	0.06516	0.08230	0.01783	0.01029	0.00274	0.00412	0.01578	0.00960	0.00823
33	0.03372	0.01681	0.02064	0.01656	0.02282	0.01660	0.01344	0.09561	0.19329	0.42125	0.03348	0.02968	0.02238	0.01106	0.00880	0.00276	0.00748	0.00899	0.01007	0.01455
34	0.01809	0.01550	0.01809	0.01292	0.02067	0.01163	0.01034	0.02196	0.01809	0.02842	0.01550	0.01809	0.01292	0.00646	0.00646	0.00129	0.00646	0.00517	0.00517	0.74677
35	0.01268	0.00846	0.00951	0.00951	0.00951	0.00846	0.00529	0.01268	0.01268	0.01691	0.02748	0.05708	0.03171	0.69345	0.04440	0.00846	0.00846	0.01268	0.00529	0.00529
36	0.03684	0.01487	0.01989	0.01540	0.02181	0.01318	0.01266	0.06843	0.02573	0.57056	0.07854	0.03191	0.02579	0.01131	0.00888	0.00270	0.00728	0.00925	0.01061	0.01435
37	0.75506	0.01687	0.01282	0.01147	0.01687	0.01957	0.00945	0.02564	0.01484	0.03914	0.01215	0.01417	0.00945	0.00810	0.00540	0.00270	0.00675	0.00472	0.00540	0.00945
38	0.01235	0.00892	0.01166	0.01097	0.01303	0.00823	0.00823	0.01646	0.02469	0.03498	0.63443	0.06516	0.08230	0.01783	0.01029	0.00274	0.00412	0.01578	0.00960	0.00823
39	0.01908	0.01908	0.02672	0.02290	0.02290	0.02672	0.01908	0.02099	0.01336	0.02099	0.01145	0.01908	0.01145	0.01527	0.02863	0.00382	0.67748	0.00763	0.00382	0.00954
40	0.01031	0.00884	0.00884	0.00884	0.01178	0.00736	0.00663	0.01252	0.01988	0.02356	0.08837	0.08395	0.63549	0.02209	0.01031	0.00295	0.00442	0.01841	0.00810	0.00736
41	0.01063	0.00759	0.01012	0.01215	0.01265	0.00709	0.00810	0.01215	0.01670	0.02227	0.04808	0.68775	0.05769	0.02733	0.01113	0.00354	0.00506	0.02480	0.00810	0.00709
42	0.01515	0.00758	0.01136	0.01136	0.01136	0.00758	0.00758	0.01136	0.01136	0.01515	0.01515	0.02652	0.01515	0.03030	0.03409	0.74621	0.00758	0.00758	0.00379	0.00379
43	0.03258	0.04157	0.02472	0.02247	0.02697	0.65843	0.01685	0.03483	0.02472	0.02135	0.01348	0.01573	0.01124	0.00899	0.00787	0.00225	0.01573	0.00562	0.00449	0.01011
44	0.01058	0.00776	0.00995	0.01170	0.01253	0.00712	0.00790	0.01220	0.01713	0.02244	0.05351	0.60636	0.13558	0.02662	0.01102	0.00346	0.00497	0.02394	0.00810	0.00712

[dist]
# distance from previous block
# <min> <max>
0	2

[block]
# block no. 2 follows, 20 sequences, length 83
# corresponding to MSA columns:
# 87-169
name=unknown_C
#
# <colnr> <probs for GDERKNQSTAVLIFYWHMCP>
#	G	D	E	R	K	N	Q	S	T	A	V	L	I	F	Y	W	H	M	C	P
0	0.02242	0.01910	0.02013	0.01790	0.02296	0.02204	0.01398	0.08206	0.58638	0.03766	0.03458	0.03181	0.02588	0.01175	0.00887	0.00294	0.00707	0.00973	0.00887	0.01387
1	0.03258	0.04157	0.02472	0.02247	0.02697	0.65843	0.01685	0.03483	0.02472	0.02135	0.01348	0.01573	0.01124	0.00899	0.00787	0.00225	0.01573	0.00562	0.00449	0.01011
2	0.01119	0.00887	0.01006	0.00976	0.01232	0.00774	0.00732	0.01422	0.02196	0.02849	0.32407	0.07584	0.39671	0.02025	0.01030	0.00286	0.00429	0.01727	0.00875	0.00774
3	0.03015	0.02189	0.02335	0.01833	0.02452	0.02419	0.01501	0.49385	0.07740	0.05075	0.02292	0.02326	0.01663	0.01052	0.00839	0.00256	0.00868	0.00803	0.10568	0.01388
4	0.01063	0.00759	0.01012	0.01215	0.01265	0.00709	0.00810	0.01215	0.01670	0.02227	0.04808	0.68775	0.05769	0.02733	0.01113	0.00354	0.00506	0.02480	0.00810	0.00709
5	0.02159	0.02073	0.03541	0.05354	0.63903	0.02073	0.02677	0.02677	0.01986	0.02850	0.01641	0.02159	0.01382	0.00777	0.00864	0.00259	0.01036	0.00777	0.00432	0.01382
6	0.01150	0.00988	0.00998	0.00977	0.01293	0.00887	0.00738	0.01607	0.08318	0.02492	0.08282	0.07855	0.57162	0.02102	0.01016	0.00295	0.00468	0.01751	0.00818	0.00804
7	0.02018	0.01947	0.03371	0.21710	0.45727	0.02043	0.05352	0.02564	0.01925	0.02682	0.01623	0.02212	0.01321	0.00800	0.00874	0.00269	0.01090	0.00789	0.00420	0.01262
8	0.01802	0.01554	0.01621	0.01487	0.01916	0.01707	0.01149	0.03543	0.42854	0.03232	0.05256	0.04913	0.22313	0.01514	0.00934	0.00295	0.00610	0.01262	0.00863	0.01173
9	0.02127	0.02040	0.03484	0.09156	0.60347	0.02064	0.02661	0.02649	0.01971	0.02812	0.01635	0.02169	0.01368	0.00783	0.00864	0.00261	0.01044	0.00777	0.00429	0.01356
10	0.01076	0.00765	0.01008	0.01198	0.01245	0.00717	0.00792	0.01218	0.01645	0.02193	0.04677	0.64780	0.05605	0.06953	0.01324	0.00385	0.00528	0.02403	0.00792	0.00697
11	0.01908	0.01908	0.02672	0.02290	0.02290	0.02672	0.01908	0.02099	0.01336	0.02099	0.01145	0.01908	0.01145	0.01527	0.02863	0.00382	0.67748	0.00763	0.00382	0.00954
12	0.02059	0.02353	0.05147	0.03676	0.04559	0.02206	0.60735	0.02794	0.02059	0.02794	0.01765	0.02353	0.01324	0.00735	0.01029	0.00294	0.01471	0.01029	0.00441	0.01176
13	0.01246	0.00935	0.01402	0.01402	0.01558	0.01090	0.01090	0.01558	0.01402	0.02025	0.02336	0.03427	0.02181	0.06542	0.65888	0.01402	0.02336	0.00935	0.00467	0.00779
14	0.01406	0.01004	0.01406	0.01606	0.01807	0.01004	0.01406	0.01807	0.02008	0.02610	0.04618	0.09839	0.05020	0.02410	0.01205	0.00402	0.00803	0.58032	0.00803	0.00803
15	0.75506	0.01687	0.01282	0.01147	0.01687	0.01957	0.00945	0.02564	0.01484	0.03914	0.01215	0.01417	0.00945	0.00810	0.00540	0.00270	0.00675	0.00472	0.00540	0.00945
16	0.02944	0.02173	0.02345	0.01893	0.02515	0.02416	0.01533	0.36867	0.24953	0.08825	0.02710	0.02571	0.01954	0.01098	0.00878	0.00275	0.00848	0.00864	0.00892	0.01447
17	0.01206	0.00836	0.00954	0.00988	0.01031	0.00810	0.00592	0.01257	0.01420	0.01859	0.03807	0.16641	0.10667	0.50280	0.03481	0.00698	0.00741	0.01539	0.00609	0.00583
18	0.01268	0.00846	0.00951	0.00951	0.00951	0.00846	0.00529	0.01268	0.01268	0.01691	0.02748	0.05708	0.03171	0.69345	0.04440	0.00846	0.00846	0.01268	0.00529	0.00529
19	0.01063	0.00759	0.01012	0.01215	0.01265	0.00709	0.00810	0.01215	0.01670	0.02227	0.04808	0.68775	0.05769	0.02733	0.01113	0.00354	0.00506	0.02480	0.00810	0.00709
20	0.01031	0.00884	0.00884	0.00884	0.01178	0.00736	0.00663	0.01252	0.01988	0.02356	0.08837	0.08395	0.63549	0.02209	0.01031	0.00295	0.00442	0.01841	0.00810	0.00736
21	0.01713	0.00983	0.00999	0.00967	0.01217	0.01030	0.00733	0.02450	0.11528	0.03316	0.02959	0.03252	0.02304	0.01043	0.00654	0.00218	0.00452	0.00841	0.62436	0.00904
22	0.75506	0.01687	0.01282	0.01147	0.01687	0.01957	0.00945	0.02564	0.01484	0.03914	0.01215	0.01417	0.00945	0.00810	0.00540	0.00270	0.00675	0.00472	0.00540	0.00945
23	0.01031	0.00884	0.00884	0.00884	0.01178	0.00736	0.00663	0.01252	0.01988	0.02356	0.08837	0.08395	0.63549	0.02209	0.01031	0.00295	0.00442	0.01841	0.00810	0.00736
24	0.02970	0.01476	0.01838	0.01513	0.02062	0.01420	0.01214	0.03852	0.17724	0.37835	0.11010	0.03801	0.06788	0.01260	0.00908	0.00279	0.00671	0.01048	0.01000	0.01333
25	0.01073	0.00773	0.00999	0.01175	0.01240	0.00719	0.00782	0.01221	0.01668	0.02203	0.04966	0.60626	0.09700	0.06788	0.01312	0.00380	0.00522	0.02360	0.00792	0.00699
26	0.01031	0.00884	0.00884	0.00884	0.01178	0.00736	0.00663	0.01252	0.01988	0.02356	0.08837	0.08395	0.63549	0.02209	0.01031	0.00295	0.00442	0.01841	0.00810	0.00736
27	0.01189	0.01115	0.00996	0.00980	0.01286	0.05346	0.00735	0.01410	0.02022	0.02341	0.08306	0.07912	0.59130	0.02116	0.01014	0.00290	0.00522	0.01750	0.00784	0.00756
28	0.02014	0.01616	0.01714	0.01530	0.01991	0.01761	0.01194	0.07483	0.38576	0.06390	0.04926	0.04600	0.19596	0.01456	0.00926	0.00292	0.00642	0.01206	0.00874	0.01212
29	0.01268	0.00846	0.00951	0.00951	0.00951	0.00846	0.00529	0.01268	0.01268	0.01691	0.02748	0.05708	0.03171	0.69345	0.04440	0.00846	0.00846	0.01268	0.00529	0.00529
30	0.03316	0.02443	0.02618	0.02007	0.02705	0.02705	0.01658	0.60995	0.04101	0.05497	0.02094	0.02094	0.01483	0.01047	0.00873	0.00262	0.00960	0.00785	0.00873	0.01483
31	0.01750	0.04512	0.64825	0.02486	0.03775	0.02026	0.03223	0.02762	0.01842	0.02762	0.01565	0.01842	0.01105	0.00829	0.00829	0.00276	0.01289	0.00645	0.00368	0.01289
32	0.02159	0.02073	0.03541	0.05354	0.63903	0.02073	0.02677	0.02677	0.01986	0.02850	0.01641	0.02159	0.01382	0.00777	0.00864	0.00259	0.01036	0.00777	0.00432	0.01382
33	0.02439	0.02604	0.03268	0.04562	0.48291	0.18339	0.02424	0.02883	0.02110	0.02667	0.01566	0.02009	0.01316	0.00808	0.00844	0.00250	0.01173	0.00722	0.00436	0.01287
34	0.01410	0.01149	0.01289	0.01204	0.01439	0.05055	0.00905	0.01909	0.05386	0.03418	0.56546	0.06040	0.07504	0.01697	0.01006	0.00272	0.00500	0.01484	0.00924	0.00862
35	0.02332	0.69869	0.04571	0.01493	0.02239	0.03451	0.01493	0.02612	0.01772	0.02052	0.01213	0.01399	0.01119	0.00746	0.00560	0.00187	0.00933	0.00466	0.00373	0.01119
36	0.01031	0.00884	0.00884	0.00884	0.01178	0.00736	0.00663	0.01252	0.01988	0.02356	0.08837	0.08395	0.63549	0.02209	0.01031	0.00295	0.00442	0.01841	0.00810	0.00736
37	0.01896	0.01804	0.02290	0.02195	0.06422	0.06020	0.01635	0.05734	0.01686	0.02368	0.02055	0.14932	0.02195	0.05981	0.02234	0.00380	0.37599	0.01114	0.00512	0.00947
38	0.03275	0.03678	0.02513	0.02180	0.02699	0.48175	0.01678	0.19576	0.02928	0.03076	0.01557	0.01719	0.01224	0.00940	0.00811	0.00235	0.01401	0.00624	0.00568	0.01143
39	0.01382	0.00996	0.01372	0.01560	0.01767	0.00987	0.01358	0.01772	0.02007	0.02594	0.04889	0.09747	0.08771	0.02397	0.01194	0.00395	0.00780	0.54431	0.00804	0.00799
40	0.02863	0.03407	0.02857	0.03366	0.24734	0.42883	0.02042	0.03193	0.02297	0.02392	0.01454	0.01784	0.01217	0.00855	0.00814	0.00237	0.01380	0.00639	0.00443	0.01145
41	0.02237	0.60421	0.04386	0.01634	0.02348	0.03200	0.05473	0.02550	0.01766	0.02101	0.01330	0.01607	0.01208	0.01156	0.05216	0.00280	0.01069	0.00538	0.00384	0.01099
42	0.01071	0.00766	0.01020	0.01209	0.01267	0.00714	0.00810	0.01236	0.01710	0.02290	0.07706	0.65698	0.05891	0.02686	0.01109	0.00350	0.00501	0.02435	0.00817	0.00714
43	0.01838	0.01052	0.01203	0.01071	0.01472	0.00889	0.00836	0.02091	0.02130	0.19748	0.07327	0.06876	0.46371	0.01893	0.00988	0.00288	0.00526	0.01571	0.00885	0.00946
44	0.03062	0.03108	0.02439	0.05273	0.02768	0.32276	0.01646	0.27221	0.03084	0.03553	0.02143	0.02259	0.05230	0.01042	0.00842	0.00248	0.01226	0.00746	0.00645	0.01188
45	0.01174	0.00886	0.01111	0.01247	0.01430	0.00823	0.00974	0.01437	0.01893	0.02405	0.06041	0.28322	0.24151	0.02449	0.01119	0.00352	0.00591	0.22036	0.00807	0.00751
46	0.01246	0.00935	0.01402	0.01402	0.01558	0.01090	0.01090	0.01558	0.01402	0.02025	0.02336	0.03427	0.02181	0.06542	0.65888	0.01402	0.02336	0.00935	0.00467	0.00779
47	0.02430	0.02016	0.02273	0.02318	0.12098	0.06312	0.01571	0.26595	0.09155	0.03823	0.03006	0.16348	0.05389	0.01413	0.00924	0.00283	0.00867	0.01192	0.00759	0.01228
48	0.02059	0.02353	0.05147	0.03676	0.04559	0.02206	0.60735	0.02794	0.02059	0.02794	0.01765	0.02353	0.01324	0.00735	0.01029	0.00294	0.01471	0.01029	0.00441	0.01176
49	0.02078	0.01791	0.01931	0.01652	0.02217	0.01913	0.01292	0.04013	0.46891	0.03443	0.03040	0.02886	0.02313	0.01046	0.00826	0.00253	0.00679	0.00866	0.00793	0.20077
50	0.01811	0.01699	0.02688	0.11406	0.38466	0.01720	0.02079	0.02342	0.04474	0.02684	0.03545	0.03815	0.17267	0.01171	0.00908	0.00273	0.00885	0.01057	0.00542	0.01168
51	0.01235	0.00892	0.01166	0.01097	0.01303	0.00823	0.00823	0.01646	0.02469	0.03498	0.63443	0.06516	0.08230	0.01783	0.01029	0.00274	0.00412	0.01578	0.00960	0.00823
52	0.01044	0.00884	0.00902	0.00897	0.01186	0.00742	0.00673	0.01277	0.02019	0.02429	0.12296	0.08276	0.60045	0.02182	0.01031	0.00293	0.00440	0.01824	0.00820	0.00742
53	0.01260	0.00966	0.01018	0.00978	0.01298	0.00843	0.00742	0.01610	0.05024	0.05942	0.11631	0.07724	0.53736	0.02070	0.01015	0.00292	0.00469	0.01729	0.00838	0.00815
54	0.01246	0.00935	0.01402	0.01402	0.01558	0.01090	0.01090	0.01558	0.01402	0.02025	0.02336	0.03427	0.02181	0.06542	0.65888	0.01402	0.02336	0.00935	0.00467	0.00779
55	0.01096	0.00843	0.01009	0.01102	0.01279	0.00756	0.00801	0.01323	0.01909	0.02444	0.12559	0.33196	0.29143	0.02397	0.01079	0.00326	0.00495	0.06680	0.00825	0.00739
56	0.01163	0.00860	0.00978	0.00986	0.01209	0.00767	0.00725	0.01451	0.02067	0.02777	0.23758	0.15849	0.32031	0.02023	0.00995	0.00287	0.00438	0.01738	0.09132	0.00767
57	0.02003	0.01500	0.01641	0.01490	0.01860	0.01621	0.01141	0.17481	0.18420	0.03583	0.03795	0.21640	0.07294	0.01630	0.00920	0.00291	0.00653	0.01388	0.10549	0.01100
58	0.01690	0.01317	0.01470	0.01346	0.01710	0.01373	0.01035	0.02893	0.26753	0.06043	0.24090	0.05449	0.18102	0.01603	0.00965	0.00287	0.00547	0.01364	0.00902	0.01061
59	0.01268	0.00846	0.00951	0.00951	0.00951	0.00846	0.00529	0.01268	0.01268	0.01691	0.02748	0.05708	0.03171	0.69345	0.04440	0.00846	0.00846	0.01268	0.00529	0.00529
60	0.02266	0.01775	0.01916	0.01665	0.02101	0.01980	0.01280	0.20948	0.29051	0.03773	0.03134	0.10641	0.02726	0.11014	0.01414	0.00370	0.00774	0.01134	0.00823	0.01215
61	0.01117	0.00947	0.00973	0.00955	0.01256	0.00833	0.00720	0.01494	0.05845	0.02519	0.12367	0.07936	0.55776	0.02114	0.01022	0.00293	0.00455	0.01768	0.00826	0.00783
62	0.01066	0.00891	0.00932	0.00938	0.01222	0.00757	0.00715	0.01309	0.02022	0.02448	0.12297	0.08348	0.56556	0.02191	0.01040	0.00299	0.00460	0.04944	0.00820	0.00746
63	0.01453	0.01056	0.01202	0.01139	0.01426	0.01007	0.00849	0.02035	0.10776	0.06773	0.21517	0.10702	0.27971	0.06664	0.01247	0.00331	0.00522	0.01589	0.00858	0.00884
64	0.01297	0.01099	0.01146	0.01097	0.01426	0.01055	0.00833	0.02022	0.15095	0.02745	0.12882	0.07103	0.45112	0.01947	0.01000	0.00293	0.00493	0.01631	0.00841	0.00884
65	0.01061	0.00766	0.01005	0.01196	0.01260	0.00710	0.00802	0.01217	0.01688	0.02234	0.05031	0.65422	0.08978	0.02704	0.01109	0.00351	0.00503	0.02444	0.00810	0.00710
66	0.01063	0.00759	0.01012	0.01215	0.01265	0.00709	0.00810	0.01215	0.01670	0.02227	0.04808	0.68775	0.05769	0.02733	0.01113	0.00354	0.00506	0.02480	0.00810	0.00709
67	0.01059	0.00885	0.00923	0.00913	0.01196	0.00748	0.00685	0.01307	0.02055	0.02515	0.16410	0.08134	0.55877	0.02150	0.01031	0.00292	0.00438	0.01804	0.00831	0.00748
68	0.01137	0.00898	0.01037	0.01076	0.01321	0.00798	0.00837	0.01419	0.02053	0.02592	0.17279	0.12606	0.39158	0.02209	0.01068	0.00315	0.00507	0.12093	0.00835	0.00762
69	0.01626	0.00813	0.00813	0.00813	0.01016	0.00813	0.00610	0.02033	0.01829	0.03252	0.02846	0.03252	0.02236	0.01016	0.00610	0.00203	0.00407	0.00813	0.74187	0.00813
70	0.01130	0.00883	0.01034	0.01122	0.01299	0.00818	0.00793	0.01469	0.05714	0.02428	0.09087	0.39187	0.27071	0.02393	0.01064	0.00325	0.00489	0.02104	0.00822	0.00767
71	0.01330	0.01101	0.01197	0.01204	0.01481	0.01094	0.00887	0.02104	0.17290	0.02650	0.06361	0.23979	0.31850	0.02094	0.01017	0.00312	0.00523	0.01802	0.00830	0.00893
72	0.01809	0.01550	0.01809	0.01292	0.02067	0.01163	0.01034	0.02196	0.01809	0.02842	0.01550	0.01809	0.01292	0.00646	0.00646	0.00129	0.00646	0.00517	0.00517	0.74677
73	0.01120	0.00783	0.00995	0.01141	0.01177	0.00747	0.00731	0.01230	0.01558	0.02077	0.04231	0.51128	0.05042	0.21372	0.02044	0.00492	0.00601	0.02141	0.00731	0.00658
74	0.01198	0.00827	0.01019	0.01098	0.01211	0.00812	0.00758	0.01393	0.01623	0.02254	0.04363	0.29935	0.12490	0.14776	0.12005	0.00580	0.00837	0.01707	0.10408	0.00706
75	0.01378	0.00840	0.00931	0.00931	0.01001	0.00848	0.00582	0.01520	0.01449	0.02193	0.02758	0.04833	0.02832	0.45020	0.06283	0.00674	0.00783	0.01111	0.23405	0.00629
76	0.02496	0.02668	0.03420	0.06681	0.21488	0.18471	0.15124	0.08963	0.02290	0.02849	0.01602	0.02036	0.01286	0.00885	0.01024	0.00269	0.05991	0.00778	0.00479	0.01202
77	0.01947	0.31925	0.07043	0.01440	0.02022	0.10627	0.01336	0.02248	0.01947	0.02221	0.03999	0.03970	0.23593	0.01299	0.00778	0.00237	0.00865	0.00986	0.00540	0.00979
78	0.01196	0.00990	0.01187	0.01349	0.05561	0.00887	0.00963	0.01483	0.02014	0.02495	0.09910	0.08194	0.44477	0.02136	0.01056	0.00314	0.00557	0.13645	0.00790	0.00798
79	0.02445	0.11476	0.03368	0.02891	0.16002	0.06133	0.11745	0.02848	0.01945	0.12427	0.01773	0.02110	0.01393	0.00957	0.01215	0.00270	0.13798	0.00760	0.00526	0.05920
80	0.02610	0.03290	0.09970	0.03626	0.29447	0.30900	0.02290	0.03051	0.02189	0.02517	0.01500	0.01858	0.01234	0.00838	0.00825	0.00245	0.01307	0.00665	0.00433	0.01204
81	0.02448	0.06914	0.02345	0.02288	0.11873	0.21207	0.01576	0.06838	0.02360	0.08019	0.08478	0.03952	0.08690	0.01291	0.00895	0.00267	0.01017	0.07810	0.00651	0.01081
82	0.02466	0.02242	0.03143	0.04173	0.42782	0.06257	0.02280	0.16506	0.02489	0.03383	0.01777	0.02257	0.01465	0.03766	0.01013	0.00282	0.01044	0.00786	0.00542	0.01346

[dist]
# distance from previous block
# <min> <max>
0	1

[block]
# block no. 3 follows, 20 sequences, length 12
# corresponding to MSA columns:
# 171-182
name=unknown_D
#
# <colnr> <probs for GDERKNQSTAVLIFYWHMCP>
#	G	D	E	R	K	N	Q	S	T	A	V	L	I	F	Y	W	H	M	C	P
0	0.02079	0.02137	0.01812	0.01691	0.01902	0.22059	0.01245	0.05918	0.01932	0.02257	0.02414	0.15521	0.02566	0.16741	0.07014	0.00500	0.09654	0.01151	0.00555	0.00853
1	0.02093	0.02218	0.08066	0.07060	0.33092	0.02103	0.09149	0.03193	0.17923	0.03017	0.02150	0.02455	0.01681	0.00888	0.00887	0.00276	0.01022	0.00851	0.00546	0.01330
2	0.05641	0.10854	0.03055	0.03171	0.23841	0.27953	0.01975	0.08473	0.02336	0.02760	0.01499	0.01799	0.01239	0.00849	0.00785	0.00237	0.01219	0.00643	0.00478	0.01194
3	0.01976	0.06636	0.15590	0.02472	0.13724	0.15093	0.01930	0.02436	0.02019	0.02483	0.03157	0.09582	0.10949	0.01358	0.00903	0.00279	0.01040	0.06771	0.00544	0.01057
4	0.10948	0.02655	0.03033	0.03133	0.19652	0.19905	0.10935	0.08020	0.02226	0.02965	0.01543	0.01908	0.01245	0.00860	0.00911	0.00256	0.04157	0.00709	0.00491	0.04449
5	0.01809	0.01359	0.01764	0.02033	0.12997	0.01385	0.01233	0.07372	0.09253	0.06069	0.03497	0.16703	0.07805	0.20545	0.01930	0.00450	0.00769	0.01359	0.00691	0.00977
6	0.01439	0.01309	0.01346	0.01529	0.05626	0.08462	0.01018	0.01647	0.01852	0.02263	0.04995	0.27766	0.19832	0.10114	0.01439	0.00379	0.00716	0.06775	0.00708	0.00784
7	0.01804	0.07475	0.02250	0.02229	0.13265	0.01731	0.01501	0.08870	0.05571	0.02677	0.02155	0.02851	0.01889	0.04010	0.36709	0.00886	0.01714	0.00850	0.00525	0.01038
8	0.01973	0.01429	0.01723	0.01729	0.06033	0.01446	0.01305	0.13436	0.07809	0.08039	0.05014	0.06289	0.21210	0.01767	0.01013	0.00314	0.00726	0.16870	0.00823	0.01057
9	0.02718	0.03065	0.02882	0.09203	0.25227	0.33207	0.02110	0.06475	0.02326	0.02602	0.01517	0.01884	0.01242	0.00861	0.00827	0.00245	0.01305	0.00672	0.00462	0.01170
10	0.01993	0.08229	0.10749	0.04142	0.43829	0.02033	0.02403	0.02515	0.01950	0.02711	0.02435	0.02782	0.08590	0.00948	0.00852	0.00259	0.00988	0.00858	0.00463	0.01272
11	0.01783	0.01788	0.01556	0.09090	0.02080	0.18122	0.01120	0.01954	0.01766	0.02019	0.03018	0.17045	0.06551	0.25832	0.02184	0.00485	0.00983	0.01302	0.00565	0.00756

[dist]
# distance from previous block
# <min> <max>
36	99

[block]
# block no. 4 follows, 20 sequences, length 9
# corresponding to MSA columns:
# 315-323
name=unknown_E
#
# <colnr> <probs for GDERKNQSTAVLIFYWHMCP>
#	G	D	E	R	K	N	Q	S	T	A	V	L	I	F	Y	W	H	M	C	P
0	0.04283	0.10144	0.10940	0.08492	0.02380	0.01576	0.01458	0.05738	0.02015	0.04878	0.07670	0.16994	0.16898	0.01600	0.00910	0.00285	0.00765	0.01345	0.00660	0.00970
1	0.02714	0.03448	0.16355	0.02609	0.06276	0.24256	0.10853	0.17033	0.02643	0.03213	0.01651	0.01902	0.01249	0.00889	0.00856	0.00257	0.01322	0.00714	0.00532	0.01228
2	0.02451	0.17933	0.10060	0.02111	0.08633	0.02426	0.01754	0.24979	0.02727	0.03621	0.02520	0.02610	0.08375	0.01035	0.00800	0.00242	0.00923	0.00800	0.00629	0.05372
3	0.01482	0.01211	0.01553	0.01387	0.01608	0.01273	0.01033	0.01683	0.01491	0.02176	0.02395	0.12731	0.02559	0.20576	0.12859	0.00609	0.13073	0.01114	0.00529	0.18658
4	0.01452	0.01189	0.01346	0.01288	0.01603	0.01227	0.00998	0.02390	0.19727	0.02947	0.17224	0.06112	0.24631	0.02270	0.07488	0.00409	0.00722	0.05198	0.00828	0.00951
5	0.05608	0.02541	0.16851	0.24824	0.09832	0.08373	0.02318	0.02453	0.01764	0.02426	0.01477	0.02050	0.01176	0.01066	0.01227	0.05046	0.08815	0.00706	0.00400	0.01046
6	0.14357	0.07341	0.13981	0.09711	0.25752	0.09409	0.02266	0.02716	0.01893	0.02812	0.01484	0.01876	0.01190	0.00813	0.00774	0.00258	0.01088	0.00656	0.00432	0.01191
7	0.24112	0.12131	0.13512	0.01830	0.02508	0.24049	0.01696	0.03008	0.01977	0.05958	0.01437	0.01624	0.01120	0.00849	0.00696	0.00244	0.01131	0.00554	0.00484	0.01080
8	0.02275	0.02016	0.02206	0.19169	0.03288	0.09253	0.01677	0.07460	0.29514	0.06367	0.05635	0.02887	0.02261	0.01084	0.00877	0.00282	0.00923	0.00892	0.00718	0.01214

[dist]
# distance from previous block
# <min> <max>
58	114

[block]
# block no. 5 follows, 20 sequences, length 7
# corresponding to MSA columns:
# 442-448
name=unknown_F
#
# <colnr> <probs for GDERKNQSTAVLIFYWHMCP>
#	G	D	E	R	K	N	Q	S	T	A	V	L	I	F	Y	W	H	M	C	P
0	0.02430	0.14375	0.02949	0.02813	0.20256	0.23646	0.01790	0.02785	0.02149	0.02538	0.08066	0.02263	0.01973	0.00909	0.00783	0.00225	0.01098	0.00713	0.00492	0.07749
1	0.02212	0.01805	0.02331	0.14057	0.03039	0.01933	0.06824	0.27026	0.02849	0.03710	0.03961	0.04029	0.19809	0.01331	0.00934	0.00280	0.00890	0.01118	0.00724	0.01138
2	0.02061	0.01539	0.01695	0.01496	0.01844	0.01651	0.01121	0.23110	0.10635	0.03485	0.03493	0.18683	0.07059	0.16059	0.01699	0.00414	0.00761	0.01372	0.00783	0.01040
3	0.02407	0.02237	0.03222	0.09572	0.43665	0.06388	0.02400	0.13628	0.02395	0.03248	0.01699	0.02122	0.01366	0.00844	0.00861	0.00260	0.01068	0.00764	0.00512	0.01343
4	0.01958	0.01670	0.02387	0.28260	0.06785	0.01885	0.04479	0.13486	0.08267	0.03085	0.02825	0.07857	0.06210	0.01266	0.00934	0.00298	0.00963	0.05668	0.00624	0.01090
5	0.19846	0.02689	0.17847	0.02949	0.21801	0.06150	0.02155	0.02986	0.09976	0.03147	0.01757	0.02011	0.01363	0.00860	0.00775	0.00269	0.00999	0.00685	0.00505	0.01229
6	0.11550	0.02470	0.18432	0.15220	0.26175	0.01947	0.02420	0.02564	0.01830	0.02876	0.01619	0.02076	0.01264	0.00826	0.00799	0.00267	0.01039	0.00705	0.04729	0.01192

[dist]
# distance from previous block
# <min> <max>
55	170

[block]
# block no. 6 follows, 20 sequences, length 7
# corresponding to MSA columns:
# 646-652
name=unknown_G
#
# <colnr> <probs for GDERKNQSTAVLIFYWHMCP>
#	G	D	E	R	K	N	Q	S	T	A	V	L	I	F	Y	W	H	M	C	P
0	0.02435	0.02908	0.06670	0.08565	0.22218	0.22996	0.16100	0.02939	0.02136	0.02550	0.01563	0.02009	0.01252	0.00817	0.00876	0.00259	0.01338	0.00759	0.00433	0.01175
1	0.02056	0.11811	0.22484	0.03465	0.28685	0.02254	0.02513	0.02961	0.10101	0.02825	0.01820	0.02108	0.01435	0.00844	0.00816	0.00260	0.01054	0.00723	0.00466	0.01318
2	0.07374	0.02607	0.16872	0.12481	0.11546	0.02292	0.02253	0.19021	0.02393	0.03457	0.01642	0.02009	0.01252	0.00982	0.01103	0.00286	0.09931	0.00726	0.00536	0.01239
3	0.01444	0.01093	0.01373	0.01423	0.04785	0.01155	0.00932	0.05583	0.01651	0.02220	0.03408	0.08430	0.10834	0.33115	0.14920	0.00756	0.04288	0.01262	0.00581	0.00747
4	0.01184	0.00835	0.01088	0.01198	0.01277	0.00819	0.00832	0.01364	0.01660	0.02237	0.09433	0.35166	0.04965	0.19592	0.07229	0.00561	0.00766	0.08379	0.00724	0.00691
5	0.01524	0.01289	0.01974	0.19673	0.11016	0.01398	0.01589	0.01901	0.01642	0.02270	0.02290	0.08092	0.02218	0.10126	0.19261	0.00650	0.01324	0.03631	0.00493	0.07640
6	0.01490	0.01342	0.01518	0.01426	0.01569	0.06262	0.01076	0.01680	0.01567	0.02043	0.03515	0.04574	0.15280	0.18551	0.20620	0.00747	0.14295	0.01143	0.00537	0.00765

[dist]
# distance from previous block
# <min> <max>
57	274

[block]
# block no. 7 follows, 20 sequences, length 143
# corresponding to MSA columns:
# 942-1084
name=unknown_H
#
# <colnr> <probs for GDERKNQSTAVLIFYWHMCP>
#	G	D	E	R	K	N	Q	S	T	A	V	L	I	F	Y	W	H	M	C	P
0	0.02238	0.05191	0.03392	0.14045	0.41320	0.04859	0.05177	0.08038	0.02159	0.02932	0.01643	0.02128	0.01332	0.00818	0.00857	0.00261	0.01087	0.00766	0.00464	0.01291
1	0.09582	0.02241	0.02752	0.17314	0.29571	0.14221	0.02141	0.02634	0.01958	0.02648	0.01719	0.06155	0.01514	0.00946	0.00833	0.00266	0.01097	0.00811	0.00460	0.01136
2	0.01386	0.01690	0.10191	0.01513	0.05387	0.04457	0.01246	0.01873	0.05735	0.02506	0.06491	0.09160	0.41471	0.01823	0.00975	0.00289	0.00673	0.01519	0.00712	0.00905
3	0.02071	0.02148	0.02900	0.18355	0.21421	0.12823	0.07975	0.02539	0.01929	0.02462	0.01672	0.02269	0.01384	0.01600	0.09794	0.00413	0.01356	0.00771	0.00436	0.05681
4	0.01998	0.01782	0.02228	0.02293	0.11105	0.02081	0.01586	0.05795	0.27439	0.03019	0.03107	0.03366	0.07909	0.05308	0.01563	0.00341	0.16238	0.00993	0.00675	0.01175
5	0.02346	0.02921	0.10741	0.01912	0.02461	0.26043	0.01663	0.02732	0.01999	0.02499	0.01556	0.01893	0.01282	0.00934	0.01040	0.00230	0.10730	0.00619	0.08353	0.18047
6	0.02529	0.02839	0.19606	0.02068	0.02866	0.02352	0.02005	0.27470	0.21489	0.04170	0.02399	0.02383	0.01744	0.01029	0.00865	0.00276	0.00967	0.00809	0.00738	0.01398
7	0.01051	0.00884	0.00912	0.00905	0.01191	0.00745	0.00679	0.01291	0.02036	0.02469	0.14232	0.08209	0.58084	0.02167	0.01031	0.00293	0.00439	0.01815	0.00825	0.00745
8	0.01223	0.00902	0.01306	0.01334	0.01460	0.01015	0.00999	0.01483	0.01426	0.02021	0.02712	0.12527	0.02763	0.12003	0.51233	0.01207	0.01946	0.01176	0.00520	0.00745
9	0.01246	0.00935	0.01402	0.01402	0.01558	0.01090	0.01090	0.01558	0.01402	0.02025	0.02336	0.03427	0.02181	0.06542	0.65888	0.01402	0.02336	0.00935	0.00467	0.00779
10	0.07226	0.01561	0.02515	0.62255	0.05681	0.01939	0.02311	0.02254	0.01725	0.02356	0.01525	0.02257	0.01146	0.00867	0.00847	0.00289	0.01126	0.00752	0.00399	0.00967
11	0.01031	0.00884	0.00884	0.00884	0.01178	0.00736	0.00663	0.01252	0.01988	0.02356	0.08837	0.08395	0.63549	0.02209	0.01031	0.00295	0.00442	0.01841	0.00810	0.00736
12	0.01512	0.00835	0.00918	0.00918	0.01080	0.00857	0.00662	0.01836	0.01674	0.02815	0.02759	0.03698	0.02389	0.13520	0.10242	0.00478	0.00747	0.00908	0.51393	0.00759
13	0.01626	0.00813	0.00813	0.00813	0.01016	0.00813	0.00610	0.02033	0.01829	0.03252	0.02846	0.03252	0.02236	0.01016	0.00610	0.00203	0.00407	0.00813	0.74187	0.00813
14	0.07311	0.00980	0.00960	0.00912	0.01172	0.01017	0.00700	0.05725	0.01944	0.03441	0.02676	0.03042	0.02092	0.01003	0.00621	0.00212	0.00461	0.00786	0.64083	0.00864
15	0.02102	0.01796	0.01895	0.01713	0.02169	0.02070	0.01316	0.04381	0.57715	0.03501	0.03490	0.03440	0.02701	0.06332	0.01156	0.00337	0.00702	0.01008	0.00860	0.01316
16	0.01071	0.00766	0.01020	0.01209	0.01267	0.00714	0.00810	0.01237	0.01711	0.02291	0.07791	0.65608	0.05894	0.02684	0.01109	0.00350	0.00501	0.02434	0.00817	0.00714
17	0.01626	0.00813	0.00813	0.00813	0.01016	0.00813	0.00610	0.02033	0.01829	0.03252	0.02846	0.03252	0.02236	0.01016	0.00610	0.00203	0.00407	0.00813	0.74187	0.00813
18	0.75506	0.01687	0.01282	0.01147	0.01687	0.01957	0.00945	0.02564	0.01484	0.03914	0.01215	0.01417	0.00945	0.00810	0.00540	0.00270	0.00675	0.00472	0.00540	0.00945
19	0.01314	0.00974	0.01277	0.01429	0.01653	0.00938	0.01223	0.01671	0.02003	0.02548	0.05654	0.09485	0.19389	0.02360	0.01162	0.00375	0.00714	0.44238	0.00805	0.00787
20	0.03258	0.02414	0.02585	0.01995	0.02683	0.02678	0.01644	0.58128	0.07063	0.05403	0.02168	0.02153	0.01543	0.01054	0.00873	0.00264	0.00946	0.00796	0.00873	0.01478
21	0.75506	0.01687	0.01282	0.01147	0.01687	0.01957	0.00945	0.02564	0.01484	0.03914	0.01215	0.01417	0.00945	0.00810	0.00540	0.00270	0.00675	0.00472	0.00540	0.00945
22	0.75506	0.01687	0.01282	0.01147	0.01687	0.01957	0.00945	0.02564	0.01484	0.03914	0.01215	0.01417	0.00945	0.00810	0.00540	0.00270	0.00675	0.00472	0.00540	0.00945
23	0.01189	0.00812	0.00975	0.01054	0.01073	0.00792	0.00638	0.01248	0.01425	0.01899	0.03549	0.30230	0.04181	0.43445	0.03146	0.00655	0.00714	0.01739	0.00638	0.00599
24	0.01235	0.00892	0.01166	0.01097	0.01303	0.00823	0.00823	0.01646	0.02469	0.03498	0.63443	0.06516	0.08230	0.01783	0.01029	0.00274	0.00412	0.01578	0.00960	0.00823
25	0.03258	0.04157	0.02472	0.02247	0.02697	0.65843	0.01685	0.03483	0.02472	0.02135	0.01348	0.01573	0.01124	0.00899	0.00787	0.00225	0.01573	0.00562	0.00449	0.01011
26	0.01040	0.00884	0.00896	0.00893	0.01184	0.00740	0.00670	0.01270	0.02010	0.02408	0.11291	0.08310	0.61063	0.02190	0.01031	0.00294	0.00440	0.01829	0.00817	0.00740
27	0.01268	0.00846	0.00951	0.00951	0.00951	0.00846	0.00529	0.01268	0.01268	0.01691	0.02748	0.05708	0.03171	0.69345	0.04440	0.00846	0.00846	0.01268	0.00529	0.00529
28	0.03034	0.02224	0.02389	0.01862	0.02464	0.02449	0.01503	0.52784	0.03712	0.04974	0.02184	0.02591	0.01715	0.10436	0.01363	0.00342	0.00944	0.00852	0.00825	0.01352
29	0.01750	0.04512	0.64825	0.02486	0.03775	0.02026	0.03223	0.02762	0.01842	0.02762	0.01565	0.01842	0.01105	0.00829	0.00829	0.00276	0.01289	0.00645	0.00368	0.01289
30	0.02021	0.02241	0.04525	0.03328	0.03989	0.02323	0.45950	0.02619	0.01877	0.02619	0.01609	0.02241	0.01279	0.00934	0.01490	0.00316	0.18129	0.00963	0.00426	0.01121
