[name]
unknown

[dist]
# distance from previous block
# <min> <max>
0	3

[block]
# block no. 0 follows, 22 sequences, length 8
# corresponding to MSA columns:
# 3-10
name=unknown_A
#
# <colnr> <probs for GDERKNQSTAVLIFYWHMCP>
#	G	D	E	R	K	N	Q	S	T	A	V	L	I	F	Y	W	H	M	C	P
0	0.01339	0.00956	0.01339	0.01530	0.01721	0.00956	0.01339	0.01721	0.01912	0.02486	0.04399	0.09371	0.04781	0.02295	0.01147	0.00382	0.00765	0.60031	0.00765	0.00765
1	0.02187	0.46647	0.19620	0.01742	0.02549	0.10518	0.01854	0.02621	0.01783	0.02133	0.01254	0.01457	0.01063	0.00747	0.00622	0.00203	0.01045	0.00497	0.00363	0.01094
2	0.01895	0.01168	0.01434	0.01319	0.01675	0.01143	0.01056	0.02619	0.14065	0.16560	0.20609	0.05719	0.13626	0.01612	0.00953	0.00289	0.00582	0.11793	0.00877	0.01005
3	0.01630	0.01321	0.01625	0.01371	0.01686	0.01397	0.01086	0.04357	0.01660	0.02542	0.02365	0.06099	0.06214	0.05241	0.05005	0.00325	0.17793	0.00853	0.13952	0.23477
4	0.02372	0.03289	0.18418	0.07069	0.10485	0.29236	0.02086	0.06936	0.02131	0.02482	0.01503	0.01847	0.01198	0.01244	0.05874	0.00322	0.01358	0.00635	0.00432	0.01083
5	0.02738	0.12237	0.02927	0.02707	0.18239	0.21897	0.01807	0.21713	0.02634	0.03198	0.01559	0.01770	0.01239	0.00851	0.00763	0.00228	0.01103	0.00641	0.00540	0.01207
6	0.20586	0.01539	0.01533	0.12403	0.02243	0.06158	0.01148	0.10510	0.01930	0.03151	0.01909	0.02505	0.01577	0.08479	0.01048	0.00299	0.00766	0.00714	0.20599	0.00902
7	0.10874	0.02970	0.11370	0.01950	0.02613	0.20005	0.01723	0.31665	0.02912	0.03836	0.01640	0.01756	0.01213	0.00905	0.00769	0.00243	0.01088	0.00639	0.00620	0.01209

[dist]
# distance from previous block
# <min> <max>
8	11

[block]
# block no. 1 follows, 22 sequences, length 21
# corresponding to MSA columns:
# 22-42
name=unknown_B
#
# <colnr> <probs for GDERKNQSTAVLIFYWHMCP>
#	G	D	E	R	K	N	Q	S	T	A	V	L	I	F	Y	W	H	M	C	P
0	0.02361	0.02546	0.05605	0.04079	0.44085	0.16961	0.02283	0.07189	0.02141	0.02742	0.01528	0.01912	0.01256	0.00788	0.00805	0.00240	0.01108	0.00689	0.00444	0.01239
1	0.02294	0.02563	0.11912	0.03270	0.21287	0.07054	0.15230	0.16147	0.02337	0.03163	0.01626	0.01985	0.01258	0.00848	0.00965	0.00261	0.05309	0.00761	0.00498	0.01232
2	0.02291	0.23185	0.02873	0.02154	0.10731	0.25304	0.01557	0.02576	0.01876	0.02079	0.01483	0.01899	0.01316	0.01939	0.14876	0.00446	0.01401	0.00611	0.00408	0.00995
3	0.18256	0.16717	0.02592	0.02208	0.14528	0.07269	0.01513	0.03130	0.20397	0.02947	0.01911	0.02020	0.01519	0.00865	0.00696	0.00242	0.00832	0.00659	0.00553	0.01146
4	0.01298	0.01021	0.01177	0.01168	0.01373	0.01056	0.00841	0.01934	0.14883	0.02386	0.07947	0.16760	0.18194	0.15123	0.10556	0.00529	0.00795	0.01457	0.00702	0.00801
5	0.02079	0.02048	0.03250	0.09626	0.57678	0.05633	0.02479	0.02561	0.01901	0.02632	0.01541	0.02037	0.01287	0.00753	0.00819	0.00247	0.01024	0.00729	0.00409	0.01267
6	0.01024	0.00728	0.00961	0.01142	0.01187	0.00683	0.00755	0.01160	0.01568	0.02090	0.04463	0.66423	0.05348	0.06642	0.01248	0.00365	0.00501	0.02293	0.00755	0.00665
7	0.07924	0.02754	0.13578	0.03162	0.25410	0.16092	0.04694	0.02977	0.10347	0.02731	0.01710	0.01979	0.01349	0.00826	0.00787	0.00249	0.01085	0.00689	0.00472	0.01185
8	0.01886	0.01801	0.03065	0.27286	0.44761	0.01929	0.02465	0.02401	0.01811	0.02508	0.01533	0.02111	0.01243	0.00772	0.00825	0.00257	0.01029	0.00740	0.00397	0.01179
9	0.02273	0.02412	0.03249	0.04373	0.48479	0.15894	0.06023	0.02719	0.01994	0.02566	0.01511	0.01949	0.01260	0.00762	0.00817	0.00242	0.01121	0.00711	0.00415	0.01229
10	0.02767	0.03368	0.02915	0.02423	0.02916	0.46108	0.14578	0.05492	0.02253	0.02294	0.01383	0.01700	0.01126	0.00873	0.00949	0.00241	0.06513	0.00653	0.00438	0.01011
11	0.01549	0.00774	0.00774	0.00774	0.00968	0.00774	0.00581	0.01936	0.01742	0.03097	0.02710	0.03097	0.02129	0.00968	0.00581	0.00194	0.00387	0.00774	0.75416	0.00774
12	0.07088	0.01043	0.01225	0.01171	0.01412	0.01111	0.00888	0.01973	0.10652	0.02737	0.19543	0.04535	0.10578	0.07898	0.19346	0.00596	0.00984	0.01135	0.05258	0.00827
13	0.01040	0.00811	0.00933	0.00969	0.01160	0.00716	0.00695	0.01263	0.01885	0.02418	0.19248	0.23675	0.35133	0.04835	0.01129	0.00312	0.00446	0.01837	0.00791	0.00704
14	0.00982	0.00842	0.00842	0.00842	0.01122	0.00701	0.00631	0.01192	0.01894	0.02244	0.08416	0.07995	0.65285	0.02104	0.00982	0.00281	0.00421	0.01753	0.00771	0.00701
15	0.02148	0.01825	0.01924	0.01707	0.02191	0.02104	0.01335	0.08776	0.59627	0.03607	0.03278	0.03017	0.02452	0.01117	0.00844	0.00279	0.00677	0.00925	0.00844	0.01322
16	0.01815	0.01174	0.01240	0.01095	0.01367	0.01224	0.00815	0.16856	0.02165	0.03193	0.03027	0.03833	0.07899	0.17965	0.01561	0.00363	0.00623	0.00961	0.31960	0.00861
17	0.01281	0.00799	0.00878	0.00878	0.00919	0.00799	0.00520	0.01365	0.01323	0.01931	0.02637	0.04932	0.02828	0.55753	0.03442	0.00674	0.00715	0.01115	0.16649	0.00562
18	0.00982	0.00842	0.00842	0.00842	0.01122	0.00701	0.00631	0.01192	0.01894	0.02244	0.08416	0.07995	0.65285	0.02104	0.00982	0.00281	0.00421	0.01753	0.00771	0.00701
19	0.01381	0.00853	0.00978	0.00944	0.01009	0.00830	0.00564	0.01417	0.01337	0.06428	0.03021	0.05400	0.06760	0.61438	0.03779	0.00733	0.00775	0.01214	0.00559	0.00583
20	0.01184	0.00856	0.01148	0.01148	0.01248	0.00933	0.00816	0.01365	0.01317	0.01826	0.02697	0.04328	0.05746	0.30262	0.40260	0.01081	0.01597	0.01055	0.00484	0.00650

[dist]
# distance from previous block
# <min> <max>
0	40

[block]
# block no. 2 follows, 22 sequences, length 229
# corresponding to MSA columns:
# 83-311
name=unknown_C
#
# <colnr> <probs for GDERKNQSTAVLIFYWHMCP>
#	G	D	E	R	K	N	Q	S	T	A	V	L	I	F	Y	W	H	M	C	P
0	0.01176	0.00849	0.01110	0.01045	0.01241	0.00784	0.00784	0.01568	0.02352	0.03331	0.65184	0.06206	0.07839	0.01698	0.00980	0.00261	0.00392	0.01502	0.00914	0.00784
1	0.01666	0.04297	0.66500	0.02368	0.03596	0.01929	0.03069	0.02631	0.01754	0.02631	0.01491	0.01754	0.01052	0.00789	0.00789	0.00263	0.01228	0.00614	0.00351	0.01228
2	0.01251	0.00883	0.01077	0.01148	0.01235	0.00874	0.00762	0.06423	0.01677	0.02238	0.03791	0.45696	0.04431	0.22198	0.01957	0.00465	0.00612	0.01891	0.00699	0.00688
3	0.01012	0.00723	0.00964	0.01157	0.01205	0.00675	0.00771	0.01157	0.01591	0.02121	0.04579	0.70262	0.05495	0.02603	0.01060	0.00337	0.00482	0.02362	0.00771	0.00675
4	0.01035	0.00844	0.00916	0.00898	0.01155	0.00724	0.00673	0.01296	0.02020	0.02544	0.24047	0.07502	0.49467	0.01992	0.00981	0.00275	0.00413	0.01684	0.00811	0.00724
5	0.76672	0.01607	0.01221	0.01092	0.01607	0.01864	0.00900	0.02442	0.01414	0.03727	0.01157	0.01350	0.00900	0.00771	0.00514	0.00257	0.00643	0.00450	0.00514	0.00900
6	0.01072	0.00778	0.01023	0.01141	0.01245	0.00713	0.00783	0.01269	0.01728	0.02356	0.14898	0.56147	0.05709	0.02358	0.01027	0.00315	0.00472	0.02130	0.00783	0.04053
7	0.02040	0.32860	0.04064	0.11789	0.14121	0.02573	0.16729	0.02491	0.01786	0.02282	0.01398	0.01801	0.01162	0.00730	0.00733	0.00228	0.01061	0.00667	0.00383	0.01103
8	0.11872	0.21276	0.02912	0.02433	0.16864	0.23402	0.01636	0.02738	0.01918	0.02435	0.01366	0.01641	0.01155	0.00784	0.00670	0.00216	0.01053	0.00559	0.04014	0.01056
9	0.76672	0.01607	0.01221	0.01092	0.01607	0.01864	0.00900	0.02442	0.01414	0.03727	0.01157	0.01350	0.00900	0.00771	0.00514	0.00257	0.00643	0.00450	0.00514	0.00900
10	0.00989	0.00814	0.00870	0.00915	0.01141	0.00695	0.00664	0.01184	0.01823	0.02216	0.07527	0.22425	0.51429	0.02220	0.01000	0.00294	0.00435	0.01894	0.00771	0.00695
11	0.01012	0.00723	0.00964	0.01157	0.01205	0.00675	0.00771	0.01157	0.01591	0.02121	0.04579	0.70262	0.05495	0.02603	0.01060	0.00337	0.00482	0.02362	0.00771	0.00675
12	0.01723	0.01477	0.01723	0.01230	0.01969	0.01107	0.00984	0.02092	0.01723	0.02707	0.01477	0.01723	0.01230	0.00615	0.00615	0.00123	0.00615	0.00492	0.00492	0.75883
13	0.01112	0.00836	0.01030	0.01004	0.01208	0.00753	0.00744	0.01437	0.02169	0.02950	0.45511	0.12349	0.22087	0.01881	0.00987	0.00273	0.00407	0.01642	0.00866	0.00753
14	0.02415	0.56527	0.03915	0.01579	0.02228	0.17371	0.01462	0.02670	0.01834	0.01972	0.01183	0.01369	0.01067	0.00743	0.00580	0.00186	0.01022	0.00464	0.00371	0.01043
15	0.02155	0.02697	0.13983	0.04020	0.41919	0.12936	0.02451	0.02670	0.01921	0.02557	0.01485	0.01902	0.01221	0.00797	0.00881	0.00249	0.03846	0.00684	0.00402	0.01226
16	0.01284	0.01005	0.01407	0.01354	0.01444	0.01202	0.01021	0.01492	0.01295	0.01861	0.02155	0.03584	0.02164	0.21354	0.42517	0.01063	0.11698	0.00944	0.00447	0.00708
17	0.01003	0.00760	0.00925	0.01057	0.01179	0.00683	0.00727	0.01168	0.01686	0.02160	0.05788	0.50631	0.24345	0.02445	0.01036	0.00319	0.00463	0.02170	0.00771	0.00683
18	0.02312	0.02199	0.02597	0.19268	0.22754	0.15890	0.01994	0.03008	0.10821	0.08223	0.01894	0.02193	0.01452	0.00868	0.00813	0.00253	0.01054	0.00733	0.00521	0.01153
19	0.01853	0.24467	0.44660	0.02212	0.06130	0.02342	0.02546	0.02584	0.01741	0.02430	0.01393	0.01641	0.01069	0.00763	0.00713	0.00236	0.01113	0.00569	0.00355	0.01183
20	0.01047	0.00819	0.00949	0.00971	0.01176	0.00721	0.00707	0.01298	0.01967	0.02547	0.24774	0.20765	0.35119	0.02088	0.00998	0.00287	0.00425	0.01807	0.00815	0.00721
21	0.01990	0.02022	0.05964	0.11497	0.56863	0.01959	0.02547	0.02509	0.01862	0.02650	0.01551	0.02059	0.01283	0.00752	0.00822	0.00251	0.01009	0.00735	0.00404	0.01272
22	0.01946	0.02492	0.17966	0.07089	0.48782	0.01958	0.02660	0.02551	0.01850	0.02670	0.01542	0.01993	0.01246	0.00755	0.00815	0.00252	0.01048	0.00711	0.00395	0.01279
23	0.01949	0.01764	0.02788	0.03932	0.46245	0.01766	0.02073	0.07667	0.02130	0.02978	0.10370	0.03090	0.07609	0.01002	0.00857	0.00252	0.00856	0.00925	0.00544	0.01204
24	0.01005	0.00750	0.00936	0.01084	0.01186	0.00681	0.00739	0.01165	0.01661	0.02149	0.05468	0.55832	0.19351	0.02487	0.01042	0.00324	0.00468	0.02221	0.00771	0.00681
25	0.01846	0.02390	0.17786	0.20077	0.36570	0.01932	0.02611	0.02464	0.01803	0.02550	0.01525	0.02025	0.01204	0.00774	0.00817	0.00258	0.01072	0.00710	0.00387	0.01199
26	0.02336	0.05034	0.02115	0.15880	0.02790	0.01964	0.01456	0.30417	0.02732	0.03831	0.02038	0.02310	0.01526	0.00940	0.00749	0.00237	0.00811	0.00738	0.20979	0.01118
27	0.00982	0.00842	0.00842	0.00842	0.01122	0.00701	0.00631	0.01192	0.01894	0.02244	0.08416	0.07995	0.65285	0.02104	0.00982	0.00281	0.00421	0.01753	0.00771	0.00701
28	0.02401	0.52775	0.06600	0.01629	0.02297	0.18102	0.01536	0.02686	0.01845	0.02002	0.01200	0.01389	0.01066	0.00748	0.00594	0.00190	0.01045	0.00473	0.00372	0.01049
29	0.01155	0.00783	0.00922	0.00974	0.00987	0.00770	0.00576	0.01194	0.01311	0.01748	0.03146	0.22915	0.03687	0.52416	0.03374	0.00679	0.00718	0.01519	0.00576	0.00550
30	0.04733	0.00851	0.00959	0.00941	0.01001	0.00851	0.00574	0.01332	0.01429	0.02028	0.14122	0.05387	0.03812	0.54746	0.03454	0.00679	0.00721	0.01227	0.00580	0.00574
31	0.01092	0.00770	0.00986	0.01077	0.01149	0.00728	0.00717	0.01263	0.01685	0.02292	0.18205	0.41558	0.05509	0.16974	0.01719	0.00420	0.00530	0.01916	0.00747	0.00663
32	0.01176	0.00849	0.01110	0.01045	0.01241	0.00784	0.00784	0.01568	0.02352	0.03331	0.65184	0.06206	0.07839	0.01698	0.00980	0.00261	0.00392	0.01502	0.00914	0.00784
33	0.01733	0.01654	0.02559	0.16985	0.17545	0.02057	0.01985	0.02083	0.01508	0.02182	0.01438	0.02156	0.01281	0.01809	0.10747	0.00451	0.29702	0.00755	0.00387	0.00983
34	0.02051	0.02248	0.02706	0.16530	0.03245	0.17323	0.08828	0.02384	0.01688	0.02106	0.01336	0.01942	0.01153	0.01309	0.04556	0.00344	0.28199	0.00721	0.00390	0.00941
35	0.01081	0.00818	0.01001	0.01036	0.01217	0.00737	0.00760	0.01351	0.01989	0.02642	0.29141	0.24218	0.24194	0.02091	0.01010	0.00293	0.00442	0.04424	0.00826	0.00729
36	0.01109	0.00847	0.01017	0.00975	0.01200	0.00755	0.00731	0.01438	0.02193	0.02954	0.45501	0.06826	0.27757	0.01839	0.00981	0.00268	0.00402	0.01589	0.00865	0.00755
37	0.01355	0.01169	0.01926	0.15394	0.02622	0.01353	0.06792	0.01720	0.01476	0.02054	0.02165	0.08771	0.02050	0.04038	0.38350	0.00881	0.05630	0.00987	0.00451	0.00816
38	0.01339	0.00780	0.00889	0.00900	0.00967	0.00777	0.00573	0.01429	0.01390	0.02110	0.02611	0.08056	0.02667	0.35046	0.02714	0.10230	0.00638	0.01069	0.25233	0.00584
39	0.01296	0.00878	0.01137	0.01056	0.01279	0.00802	0.00797	0.01673	0.02326	0.06496	0.58707	0.06136	0.10880	0.01688	0.00973	0.00262	0.00410	0.01483	0.00912	0.00811
40	0.01187	0.00890	0.01335	0.01335	0.01483	0.01038	0.01038	0.01483	0.01335	0.01928	0.02225	0.03264	0.02077	0.06231	0.67512	0.01335	0.02225	0.00890	0.00445	0.00742
41	0.02277	0.02119	0.03534	0.03823	0.32379	0.02170	0.17996	0.16531	0.02351	0.03255	0.01674	0.02080	0.01315	0.00819	0.00944	0.00261	0.03890	0.00804	0.00509	0.01270
42	0.01183	0.00795	0.00914	0.00938	0.00945	0.00789	0.00538	0.01201	0.01257	0.01676	0.02870	0.13777	0.03339	0.62029	0.03821	0.00745	0.00764	0.01357	0.00538	0.00525
43	0.01443	0.00722	0.01082	0.01082	0.01082	0.00722	0.00722	0.01082	0.01082	0.01443	0.01443	0.02525	0.01443	0.02886	0.03247	0.75830	0.00722	0.00722	0.00361	0.00361
44	0.01839	0.02965	0.31420	0.09545	0.32663	0.01943	0.02760	0.02548	0.01810	0.02624	0.01523	0.01936	0.01180	0.00770	0.00808	0.00257	0.01105	0.00684	0.00381	0.01242
45	0.01193	0.00865	0.01210	0.01210	0.01316	0.00971	0.00883	0.01403	0.01298	0.01836	0.02339	0.03895	0.02351	0.24996	0.49122	0.01181	0.01813	0.00982	0.00462	0.00672
46	0.01604	0.00946	0.01236	0.01108	0.01386	0.00854	0.00850	0.01973	0.02330	0.14087	0.51303	0.05726	0.10111	0.01606	0.00955	0.00262	0.00448	0.01402	0.00926	0.00888
47	0.00982	0.00842	0.00842	0.00842	0.01122	0.00701	0.00631	0.01192	0.01894	0.02244	0.08416	0.07995	0.65285	0.02104	0.00982	0.00281	0.00421	0.01753	0.00771	0.00701
48	0.01613	0.01517	0.02503	0.46448	0.18868	0.01743	0.02170	0.02113	0.01740	0.02272	0.02294	0.02843	0.08534	0.00956	0.00846	0.00270	0.01001	0.00855	0.00425	0.00987
49	0.02298	0.02575	0.02685	0.25229	0.21260	0.27235	0.02104	0.02704	0.01993	0.02253	0.01426	0.01894	0.01151	0.00815	0.00797	0.00244	0.01225	0.00660	0.00404	0.01048
50	0.06009	0.01654	0.02462	0.57415	0.08786	0.05587	0.02200	0.02234	0.01700	0.02244	0.01452	0.02115	0.01105	0.00823	0.00807	0.00270	0.01096	0.00710	0.00383	0.00947
51	0.00982	0.00842	0.00842	0.00842	0.01122	0.00701	0.00631	0.01192	0.01894	0.02244	0.08416	0.07995	0.65285	0.02104	0.00982	0.00281	0.00421	0.01753	0.00771	0.00701
52	0.01955	0.01871	0.03190	0.18297	0.53213	0.01947	0.02499	0.02461	0.01844	0.02592	0.01545	0.02089	0.01273	0.00759	0.00824	0.00253	0.01012	0.00740	0.00403	0.01234
53	0.01131	0.00847	0.01048	0.00998	0.01214	0.00765	0.00748	0.01481	0.02245	0.03079	0.52028	0.06620	0.21152	0.01792	0.00980	0.00266	0.00399	0.01561	0.00881	0.00765
54	0.02164	0.02195	0.03207	0.04591	0.54720	0.09583	0.02399	0.02607	0.01910	0.02595	0.01504	0.01978	0.01275	0.00794	0.00922	0.00250	0.04931	0.00716	0.00410	0.01252
55	0.02077	0.01860	0.01875	0.01697	0.02145	0.05808	0.01316	0.04184	0.56961	0.03303	0.03194	0.03016	0.02425	0.01402	0.04632	0.00338	0.00795	0.00913	0.00798	0.01262
56	0.01173	0.00806	0.00901	0.00910	0.00944	0.00788	0.00530	0.01204	0.01304	0.01706	0.03370	0.08577	0.10288	0.59911	0.03716	0.00724	0.00747	0.01321	0.00546	0.00534
57	0.01549	0.00774	0.00774	0.00774	0.00968	0.00774	0.00581	0.01936	0.01742	0.03097	0.02710	0.03097	0.02129	0.00968	0.00581	0.00194	0.00387	0.00774	0.75416	0.00774
58	0.02056	0.01974	0.03372	0.05099	0.65622	0.01974	0.02550	0.02550	0.01892	0.02714	0.01563	0.02056	0.01316	0.00740	0.00822	0.00247	0.00987	0.00740	0.00411	0.01316
59	0.01102	0.00809	0.01034	0.01057	0.01216	0.00740	0.00762	0.01396	0.02061	0.02827	0.39683	0.26465	0.13710	0.02028	0.01005	0.00287	0.00423	0.01800	0.00853	0.00740
60	0.76672	0.01607	0.01221	0.01092	0.01607	0.01864	0.00900	0.02442	0.01414	0.03727	0.01157	0.01350	0.00900	0.00771	0.00514	0.00257	0.00643	0.00450	0.00514	0.00900
61	0.01059	0.00850	0.00949	0.00941	0.01191	0.00740	0.00717	0.01333	0.02029	0.02577	0.24819	0.07550	0.44968	0.01996	0.00991	0.00281	0.00432	0.05035	0.00813	0.00729
62	0.01091	0.00756	0.00941	0.01055	0.01084	0.00728	0.00663	0.01177	0.01436	0.01915	0.03786	0.44074	0.04495	0.30155	0.02340	0.00526	0.00613	0.01896	0.00663	0.00606
63	0.01007	0.00744	0.00942	0.01100	0.01190	0.00680	0.00746	0.01163	0.01645	0.02143	0.05271	0.59029	0.16281	0.02513	0.01046	0.00327	0.00471	0.02252	0.00771	0.00680
64	0.03158	0.02327	0.02493	0.01911	0.02576	0.02576	0.01579	0.62852	0.03906	0.05236	0.01995	0.01995	0.01413	0.00997	0.00831	0.00249	0.00914	0.00748	0.00831	0.01413
65	0.01052	0.00844	0.00938	0.00915	0.01165	0.00731	0.00686	0.01328	0.02059	0.02636	0.28876	0.07350	0.44580	0.01958	0.00981	0.00274	0.00410	0.01663	0.00823	0.00731
66	0.01731	0.00927	0.01201	0.01163	0.01375	0.00847	0.00827	0.01924	0.01814	0.17873	0.11071	0.31693	0.07005	0.14706	0.01579	0.00393	0.00584	0.01649	0.00801	0.00838
67	0.03103	0.03959	0.02354	0.02140	0.02568	0.67469	0.01605	0.03317	0.02354	0.02033	0.01284	0.01498	0.01070	0.00856	0.00749	0.00214	0.01498	0.00535	0.00428	0.00963
68	0.01191	0.00798	0.00911	0.00928	0.00933	0.00794	0.00527	0.01204	0.01242	0.01656	0.02792	0.11198	0.03240	0.64743	0.03947	0.00764	0.00777	0.01311	0.00527	0.00519
69	0.01012	0.00723	0.00964	0.01157	0.01205	0.00675	0.00771	0.01157	0.01591	0.02121	0.04579	0.70262	0.05495	0.02603	0.01060	0.00337	0.00482	0.02362	0.00771	0.00675
70	0.00982	0.00842	0.00842	0.00842	0.01122	0.00701	0.00631	0.01192	0.01894	0.02244	0.08416	0.07995	0.65285	0.02104	0.00982	0.00281	0.00421	0.01753	0.00771	0.00701
71	0.01961	0.02241	0.04902	0.03501	0.04342	0.02101	0.62605	0.02661	0.01961	0.02661	0.01681	0.02241	0.01261	0.00700	0.00980	0.00280	0.01401	0.00980	0.00420	0.01120
72	0.02267	0.08649	0.10620	0.03580	0.34596	0.17265	0.02225	0.02838	0.05504	0.02524	0.01558	0.01888	0.01276	0.00792	0.00778	0.00237	0.01107	0.00664	0.00428	0.01202
73	0.02742	0.03363	0.02328	0.08164	0.05991	0.52351	0.01666	0.03008	0.02178	0.02067	0.01399	0.01748	0.01176	0.01326	0.06694	0.00321	0.01502	0.00595	0.00423	0.00958
74	0.01119	0.00894	0.01008	0.00982	0.01231	0.00810	0.00735	0.01518	0.05667	0.02717	0.29208	0.09953	0.37324	0.01919	0.00977	0.00276	0.00427	0.01640	0.00829	0.00767
75	0.01908	0.02058	0.03984	0.07043	0.09278	0.02196	0.37206	0.02440	0.01749	0.02454	0.01497	0.02107	0.01210	0.00917	0.01434	0.00300	0.19873	0.00876	0.00401	0.01069
76	0.03103	0.03959	0.02354	0.02140	0.02568	0.67469	0.01605	0.03317	0.02354	0.02033	0.01284	0.01498	0.01070	0.00856	0.00749	0.00214	0.01498	0.00535	0.00428	0.00963
77	0.02221	0.71304	0.04353	0.01421	0.02132	0.03287	0.01421	0.02488	0.01688	0.01955	0.01155	0.01333	0.01066	0.00711	0.00533	0.00178	0.00888	0.00444	0.00355	0.01066
78	0.01165	0.00802	0.00904	0.00921	0.00957	0.00782	0.00542	0.01202	0.01321	0.01729	0.03458	0.11473	0.10399	0.56864	0.03574	0.00704	0.00733	0.01373	0.00558	0.00541
79	0.01134	0.00817	0.00948	0.00949	0.01061	0.00766	0.00623	0.01288	0.01669	0.02213	0.19362	0.11934	0.17732	0.33122	0.02457	0.00518	0.00593	0.01499	0.00685	0.00630
80	0.01569	0.01477	0.02492	0.68808	0.05722	0.01846	0.02307	0.02123	0.01661	0.02123	0.01477	0.02215	0.01107	0.00831	0.00831	0.00277	0.01107	0.00738	0.00369	0.00923
81	0.00982	0.00842	0.00842	0.00842	0.01122	0.00701	0.00631	0.01192	0.01894	0.02244	0.08416	0.07995	0.65285	0.02104	0.00982	0.00281	0.00421	0.01753	0.00771	0.00701
82	0.01514	0.01074	0.01245	0.01206	0.01397	0.01122	0.00842	0.02179	0.16851	0.06004	0.06182	0.16731	0.06372	0.27119	0.06002	0.00541	0.00750	0.01354	0.00694	0.00822
83	0.01448	0.01012	0.01113	0.01101	0.01259	0.01070	0.00752	0.02098	0.15965	0.02444	0.03134	0.14960	0.03121	0.28611	0.02148	0.00477	0.00629	0.01241	0.16642	0.00777
84	0.03158	0.02327	0.02493	0.01911	0.02576	0.02576	0.01579	0.62852	0.03906	0.05236	0.01995	0.01995	0.01413	0.00997	0.00831	0.00249	0.00914	0.00748	0.00831	0.01413
85	0.02119	0.01528	0.01693	0.01433	0.01762	0.01651	0.01071	0.30610	0.02536	0.03403	0.02474	0.09486	0.02421	0.27685	0.05968	0.00529	0.00910	0.01074	0.00680	0.00966
86	0.01175	0.00845	0.01078	0.01078	0.01170	0.00892	0.00740	0.01321	0.01334	0.01810	0.03066	0.04799	0.09200	0.36582	0.30316	0.00971	0.01358	0.01133	0.00507	0.00624
87	0.01117	0.00767	0.00933	0.01023	0.01045	0.00745	0.00628	0.01184	0.01386	0.01848	0.03531	0.35622	0.04172	0.39047	0.02753	0.00587	0.00655	0.01745	0.00628	0.00583
88	0.01208	0.00805	0.00906	0.00906	0.00906	0.00805	0.00503	0.01208	0.01208	0.01611	0.02618	0.05436	0.03020	0.70804	0.04228	0.00805	0.00805	0.01208	0.00503	0.00503
89	0.01283	0.00983	0.01228	0.01075	0.01391	0.00849	0.00819	0.01662	0.02195	0.03146	0.48839	0.05333	0.09183	0.01486	0.00902	0.00233	0.00441	0.01298	0.00817	0.16835
90	0.01622	0.01144	0.01321	0.01256	0.01460	0.01182	0.00897	0.16351	0.02114	0.02880	0.06292	0.31570	0.03840	0.17877	0.01707	0.00412	0.00653	0.01566	0.05028	0.00827
91	0.01012	0.00723	0.00964	0.01157	0.01205	0.00675	0.00771	0.01157	0.01591	0.02121	0.04579	0.70262	0.05495	0.02603	0.01060	0.00337	0.00482	0.02362	0.00771	0.00675
92	0.01208	0.00805	0.00906	0.00906	0.00906	0.00805	0.00503	0.01208	0.01208	0.01611	0.02618	0.05436	0.03020	0.70804	0.04228	0.00805	0.00805	0.01208	0.00503	0.00503
93	0.01047	0.00831	0.00860	0.00860	0.01060	0.00731	0.00594	0.01197	0.01696	0.02061	0.06742	0.07256	0.47314	0.21933	0.01919	0.00432	0.00532	0.01596	0.00694	0.00644
94	0.01023	0.00728	0.00961	0.01142	0.01188	0.00682	0.00756	0.01160	0.01569	0.02092	0.04467	0.66575	0.05354	0.06482	0.01241	0.00364	0.00500	0.02296	0.00756	0.00665
95	0.01818	0.01818	0.02545	0.02181	0.02181	0.02545	0.01818	0.01999	0.01272	0.01999	0.01091	0.01818	0.01091	0.01454	0.02726	0.00364	0.69284	0.00727	0.00364	0.00909
96	0.01022	0.00812	0.00925	0.01005	0.01201	0.00714	0.00738	0.01226	0.01794	0.02224	0.06798	0.28803	0.40256	0.02286	0.01022	0.00308	0.00470	0.06926	0.00771	0.00698
97	0.01986	0.01196	0.01242	0.01083	0.01405	0.01264	0.00852	0.18498	0.02330	0.03679	0.02515	0.02797	0.01934	0.00976	0.00649	0.00209	0.00530	0.00767	0.55137	0.00948
98	0.01208	0.00805	0.00906	0.00906	0.00906	0.00805	0.00503	0.01208	0.01208	0.01611	0.02618	0.05436	0.03020	0.70804	0.04228	0.00805	0.00805	0.01208	0.00503	0.00503
99	0.02056	0.01974	0.03372	0.05099	0.65622	0.01974	0.02550	0.02550	0.01892	0.02714	0.01563	0.02056	0.01316	0.00740	0.00822	0.00247	0.00987	0.00740	0.00411	0.01316
100	0.00982	0.00842	0.00842	0.00842	0.01122	0.00701	0.00631	0.01192	0.01894	0.02244	0.08416	0.07995	0.65285	0.02104	0.00982	0.00281	0.00421	0.01753	0.00771	0.00701
101	0.19786	0.01066	0.01135	0.01044	0.01359	0.01058	0.00809	0.01855	0.02039	0.06847	0.35431	0.05152	0.16431	0.01508	0.00858	0.00264	0.00477	0.01252	0.00796	0.00833
102	0.01339	0.00956	0.01339	0.01530	0.01721	0.00956	0.01339	0.01721	0.01912	0.02486	0.04399	0.09371	0.04781	0.02295	0.01147	0.00382	0.00765	0.60031	0.00765	0.00765
103	0.01569	0.01477	0.02492	0.68808	0.05722	0.01846	0.02307	0.02123	0.01661	0.02123	0.01477	0.02215	0.01107	0.00831	0.00831	0.00277	0.01107	0.00738	0.00369	0.00923
104	0.02221	0.71304	0.04353	0.01421	0.02132	0.03287	0.01421	0.02488	0.01688	0.01955	0.01155	0.01333	0.01066	0.00711	0.00533	0.00178	0.00888	0.00444	0.00355	0.01066
105	0.01208	0.00805	0.00906	0.00906	0.00906	0.00805	0.00503	0.01208	0.01208	0.01611	0.02618	0.05436	0.03020	0.70804	0.04228	0.00805	0.00805	0.01208	0.00503	0.00503
106	0.01339	0.00956	0.01339	0.01530	0.01721	0.00956	0.01339	0.01721	0.01912	0.02486	0.04399	0.09371	0.04781	0.02295	0.01147	0.00382	0.00765	0.60031	0.00765	0.00765
107	0.01082	0.00845	0.00980	0.00947	0.01184	0.00744	0.00710	0.01386	0.02130	0.02806	0.37731	0.07071	0.35620	0.01894	0.00981	0.00271	0.00406	0.01624	0.00845	0.00744
108	0.01208	0.00805	0.00906	0.00906	0.00906	0.00805	0.00503	0.01208	0.01208	0.01611	0.02618	0.05436	0.03020	0.70804	0.04228	0.00805	0.00805	0.01208	0.00503	0.00503
109	0.01961	0.02241	0.04902	0.03501	0.04342	0.02101	0.62605	0.02661	0.01961	0.02661	0.01681	0.02241	0.01261	0.00700	0.00980	0.00280	0.01401	0.00980	0.00420	0.01120
110	0.01518	0.00777	0.00786	0.00786	0.00962	0.00777	0.00574	0.01871	0.01695	0.02965	0.02702	0.03305	0.02208	0.07175	0.00905	0.00248	0.00424	0.00813	0.68758	0.00750
111	0.02221	0.71304	0.04353	0.01421	0.02132	0.03287	0.01421	0.02488	0.01688	0.01955	0.01155	0.01333	0.01066	0.00711	0.00533	0.00178	0.00888	0.00444	0.00355	0.01066
112	0.01010	0.00730	0.00957	0.01139	0.01200	0.00676	0.00763	0.01159	0.01608	0.02128	0.04800	0.66677	0.08937	0.02574	0.01056	0.00334	0.00478	0.02327	0.00771	0.00676
113	0.01012	0.00723	0.00964	0.01157	0.01205	0.00675	0.00771	0.01157	0.01591	0.02121	0.04579	0.70262	0.05495	0.02603	0.01060	0.00337	0.00482	0.02362	0.00771	0.00675
114	0.01323	0.00945	0.01321	0.01512	0.01697	0.00943	0.01312	0.01695	0.01897	0.02469	0.04407	0.12220	0.04814	0.02309	0.01143	0.00380	0.00752	0.57333	0.00765	0.00761
115	0.03103	0.03959	0.02354	0.02140	0.02568	0.67469	0.01605	0.03317	0.02354	0.02033	0.01284	0.01498	0.01070	0.00856	0.00749	0.00214	0.01498	0.00535	0.00428	0.00963
116	0.01666	0.04297	0.66500	0.02368	0.03596	0.01929	0.03069	0.02631	0.01754	0.02631	0.01491	0.01754	0.01052	0.00789	0.00789	0.00263	0.01228	0.00614	0.00351	0.01228
117	0.01139	0.00776	0.00926	0.00994	0.01011	0.00760	0.00597	0.01190	0.01342	0.01790	0.03305	0.28164	0.03888	0.46893	0.03118	0.00641	0.00692	0.01613	0.00597	0.00563
118	0.76672	0.01607	0.01221	0.01092	0.01607	0.01864	0.00900	0.02442	0.01414	0.03727	0.01157	0.01350	0.00900	0.00771	0.00514	0.00257	0.00643	0.00450	0.00514	0.00900
119	0.01200	0.00802	0.00909	0.00917	0.00919	0.00800	0.00515	0.01206	0.01224	0.01633	0.02701	0.08197	0.03126	0.67900	0.04093	0.00785	0.00792	0.01257	0.00515	0.00511
120	0.01007	0.00742	0.00944	0.01106	0.01192	0.00679	0.00749	0.01162	0.01639	0.02141	0.05195	0.60265	0.15094	0.02523	0.01048	0.00328	0.00472	0.02264	0.00771	0.00679
121	0.01012	0.00723	0.00964	0.01157	0.01205	0.00675	0.00771	0.01157	0.01591	0.02121	0.04579	0.70262	0.05495	0.02603	0.01060	0.00337	0.00482	0.02362	0.00771	0.00675
122	0.01231	0.01058	0.01080	0.01037	0.01360	0.01015	0.00788	0.01932	0.16184	0.02527	0.07260	0.06871	0.50875	0.01880	0.00950	0.00281	0.00475	0.01566	0.00788	0.00842
123	0.01208	0.00805	0.00906	0.00906	0.00906	0.00805	0.00503	0.01208	0.01208	0.01611	0.02618	0.05436	0.03020	0.70804	0.04228	0.00805	0.00805	0.01208	0.00503	0.00503
124	0.01012	0.00723	0.00964	0.01157	0.01205	0.00675	0.00771	0.01157	0.01591	0.02121	0.04579	0.70262	0.05495	0.02603	0.01060	0.00337	0.00482	0.02362	0.00771	0.00675
125	0.02633	0.02996	0.01876	0.01727	0.02084	0.47287	0.01295	0.02899	0.02169	0.02355	0.01716	0.01982	0.01391	0.00890	0.00698	0.00208	0.01162	0.00607	0.23120	0.00906
126	0.01012	0.00723	0.00964	0.01157	0.01205	0.00675	0.00771	0.01157	0.01591	0.02121	0.04579	0.70262	0.05495	0.02603	0.01060	0.00337	0.00482	0.02362	0.00771	0.00675
127	0.03158	0.02327	0.02493	0.01911	0.02576	0.02576	0.01579	0.62852	0.03906	0.05236	0.01995	0.01995	0.01413	0.00997	0.00831	0.00249	0.00914	0.00748	0.00831	0.01413
128	0.02221	0.71304	0.04353	0.01421	0.02132	0.03287	0.01421	0.02488	0.01688	0.01955	0.01155	0.01333	0.01066	0.00711	0.00533	0.00178	0.00888	0.00444	0.00355	0.01066
129	0.03158	0.02327	0.02493	0.01911	0.02576	0.02576	0.01579	0.62852	0.03906	0.05236	0.01995	0.01995	0.01413	0.00997	0.00831	0.00249	0.00914	0.00748	0.00831	0.01413
130	0.01341	0.01117	0.01631	0.01542	0.01654	0.01407	0.01229	0.01610	0.01320	0.01946	0.01947	0.02909	0.01835	0.05060	0.51638	0.01097	0.18657	0.00850	0.00425	0.00783
131	0.01378	0.01171	0.01701	0.01591	0.01695	0.01494	0.01274	0.01640	0.01316	0.01950	0.01882	0.02826	0.01778	0.04785	0.47908	0.01041	0.22518	0.00841	0.00420	0.00792
132	0.01012	0.00723	0.00964	0.01157	0.01205	0.00675	0.00771	0.01157	0.01591	0.02121	0.04579	0.70262	0.05495	0.02603	0.01060	0.00337	0.00482	0.02362	0.00771	0.00675
133	0.01580	0.01480	0.02385	0.36455	0.21495	0.01637	0.02017	0.02043	0.01775	0.02314	0.02984	0.03406	0.14886	0.01078	0.00861	0.00269	0.00927	0.00956	0.00467	0.00985
134	0.01583	0.01496	0.01849	0.01703	0.01826	0.07716	0.01361	0.01832	0.01408	0.01963	0.01744	0.02598	0.01641	0.04076	0.38857	0.00894	0.25415	0.00801	0.00415	0.00820
135	0.03158	0.02327	0.02493	0.01911	0.02576	0.02576	0.01579	0.62852	0.03906	0.05236	0.01995	0.01995	0.01413	0.00997	0.00831	0.00249	0.00914	0.00748	0.00831	0.01413
136	0.03103	0.03959	0.02354	0.02140	0.02568	0.67469	0.01605	0.03317	0.02354	0.02033	0.01284	0.01498	0.01070	0.00856	0.00749	0.00214	0.01498	0.00535	0.00428	0.00963
137	0.02066	0.01785	0.01878	0.01691	0.02160	0.02066	0.01315	0.04414	0.64121	0.03475	0.03381	0.03099	0.02536	0.01127	0.00845	0.00282	0.00657	0.00939	0.00845	0.01315
138	0.01012	0.00723	0.00964	0.01157	0.01205	0.00675	0.00771	0.01157	0.01591	0.02121	0.04579	0.70262	0.05495	0.02603	0.01060	0.00337	0.00482	0.02362	0.00771	0.00675
139	0.01067	0.00845	0.00960	0.00931	0.01174	0.00738	0.00698	0.01357	0.02095	0.02722	0.33364	0.07209	0.40038	0.01926	0.00981	0.00272	0.00408	0.01643	0.00834	0.00738
140	0.00982	0.00842	0.00842	0.00842	0.01122	0.00701	0.00631	0.01192	0.01894	0.02244	0.08416	0.07995	0.65285	0.02104	0.00982	0.00281	0.00421	0.01753	0.00771	0.00701
141	0.01549	0.00774	0.00774	0.00774	0.00968	0.00774	0.00581	0.01936	0.01742	0.03097	0.02710	0.03097	0.02129	0.00968	0.00581	0.00194	0.00387	0.00774	0.75416	0.00774
142	0.01747	0.01006	0.01230	0.01152	0.01462	0.00910	0.00869	0.02112	0.05568	0.18078	0.12390	0.22542	0.23922	0.01868	0.00958	0.00288	0.00517	0.01612	0.00855	0.00914
143	0.01012	0.00723	0.00964	0.01157	0.01205	0.00675	0.00771	0.01157	0.01591	0.02121	0.04579	0.70262	0.05495	0.02603	0.01060	0.00337	0.00482	0.02362	0.00771	0.00675
144	0.01569	0.01477	0.02492	0.68808	0.05722	0.01846	0.02307	0.02123	0.01661	0.02123	0.01477	0.02215	0.01107	0.00831	0.00831	0.00277	0.01107	0.00738	0.00369	0.00923
145	0.01012	0.00723	0.00964	0.01157	0.01205	0.00675	0.00771	0.01157	0.01591	0.02121	0.04579	0.70262	0.05495	0.02603	0.01060	0.00337	0.00482	0.02362	0.00771	0.00675
146	0.01104	0.00819	0.01030	0.01036	0.01212	0.00744	0.00755	0.01408	0.02096	0.02863	0.41343	0.21359	0.17208	0.01978	0.00999	0.00282	0.00418	0.01745	0.00857	0.00744
147	0.02909	0.01476	0.01737	0.01386	0.01899	0.01465	0.01127	0.19859	0.02613	0.30045	0.02747	0.02676	0.01898	0.01001	0.00757	0.00236	0.00668	0.00792	0.23488	0.01220
148	0.01208	0.00805	0.00906	0.00906	0.00906	0.00805	0.00503	0.01208	0.01208	0.01611	0.02618	0.05436	0.03020	0.70804	0.04228	0.00805	0.00805	0.01208	0.00503	0.00503
149	0.02056	0.01974	0.03372	0.05099	0.65622	0.01974	0.02550	0.02550	0.01892	0.02714	0.01563	0.02056	0.01316	0.00740	0.00822	0.00247	0.00987	0.00740	0.00411	0.01316
150	0.00982	0.00842	0.00842	0.00842	0.01122	0.00701	0.00631	0.01192	0.01894	0.02244	0.08416	0.07995	0.65285	0.02104	0.00982	0.00281	0.00421	0.01753	0.00771	0.00701
151	0.01009	0.00737	0.00950	0.01121	0.01195	0.00678	0.00755	0.01161	0.01625	0.02135	0.05020	0.63103	0.12369	0.02545	0.01051	0.00331	0.00475	0.02292	0.00771	0.00678
152	0.01208	0.00805	0.00906	0.00906	0.00906	0.00805	0.00503	0.01208	0.01208	0.01611	0.02618	0.05436	0.03020	0.70804	0.04228	0.00805	0.00805	0.01208	0.00503	0.00503
153	0.21130	0.03383	0.02077	0.01883	0.02333	0.51394	0.01432	0.03103	0.02124	0.02448	0.01253	0.01462	0.01028	0.00835	0.00691	0.00225	0.01289	0.00514	0.00449	0.00948
154	0.03158	0.02327	0.02493	0.01911	0.02576	0.02576	0.01579	0.62852	0.03906	0.05236	0.01995	0.01995	0.01413	0.00997	0.00831	0.00249	0.00914	0.00748	0.00831	0.01413
155	0.19322	0.01455	0.01777	0.01396	0.02011	0.01358	0.01152	0.03705	0.02172	0.52842	0.02824	0.02512	0.01809	0.00973	0.00767	0.00257	0.00693	0.00753	0.00918	0.01304
156	0.01298	0.00876	0.01150	0.01066	0.01283	0.00805	0.00805	0.01687	0.02353	0.06349	0.62213	0.06043	0.07561	0.01666	0.00973	0.00261	0.00407	0.01470	0.00920	0.00814
157	0.01760	0.01739	0.02532	0.17622	0.03002	0.02383	0.01931	0.02028	0.01362	0.02028	0.01180	0.01910	0.01094	0.01310	0.02287	0.00343	0.53484	0.00730	0.00365	0.00912
158	0.02056	0.01974	0.03372	0.05099	0.65622	0.01974	0.02550	0.02550	0.01892	0.02714	0.01563	0.02056	0.01316	0.00740	0.00822	0.00247	0.00987	0.00740	0.00411	0.01316
159	0.01113	0.00771	0.00959	0.01051	0.01082	0.00757	0.00662	0.01200	0.01398	0.01872	0.03530	0.36218	0.04145	0.34535	0.06395	0.00613	0.00734	0.01740	0.00628	0.00599
160	0.01165	0.00849	0.01095	0.01033	0.01234	0.00779	0.00775	0.01546	0.02325	0.03268	0.61885	0.06309	0.11176	0.01722	0.00980	0.00262	0.00394	0.01517	0.00906	0.00779
161	0.01665	0.01648	0.01682	0.01598	0.01790	0.15462	0.01243	0.01932	0.01547	0.01958	0.01903	0.02731	0.01756	0.04570	0.46303	0.00991	0.09184	0.00797	0.00433	0.00807
162	0.02625	0.19441	0.11158	0.02255	0.07966	0.38587	0.01831	0.02971	0.02083	0.02150	0.01304	0.01540	0.01088	0.00804	0.00710	0.00215	0.01279	0.00542	0.00400	0.01051
163	0.26770	0.04888	0.02158	0.17126	0.02969	0.02205	0.01519	0.26419	0.02475	0.03879	0.01564	0.01806	0.01159	0.00872	0.00714	0.00255	0.00869	0.00635	0.00600	0.01117
164	0.02486	0.02101	0.02465	0.02484	0.17014	0.05818	0.01645	0.27206	0.06239	0.03745	0.01805	0.01976	0.01390	0.00843	0.00772	0.00218	0.00877	0.00682	0.00628	0.19606
165	0.02265	0.01989	0.04010	0.03142	0.08920	0.01859	0.42507	0.02858	0.02030	0.14586	0.02127	0.02746	0.01617	0.00857	0.00950	0.00279	0.01199	0.04333	0.00553	0.01171
166	0.01443	0.00722	0.01082	0.01082	0.01082	0.00722	0.00722	0.01082	0.01082	0.01443	0.01443	0.02525	0.01443	0.02886	0.03247	0.75830	0.00722	0.00722	0.00361	0.00361
167	0.01038	0.00751	0.00985	0.01144	0.01224	0.00698	0.00787	0.01219	0.01689	0.02251	0.10225	0.58461	0.09118	0.02480	0.01052	0.00329	0.00482	0.04593	0.00784	0.00690
168	0.02270	0.08440	0.02774	0.02179	0.02425	0.23293	0.05216	0.02499	0.01692	0.02044	0.01192	0.01699	0.01092	0.01157	0.01808	0.00295	0.37930	0.00656	0.00387	0.00952
169	0.01038	0.00734	0.00956	0.01123	0.01165	0.00692	0.00735	0.01164	0.01539	0.02053	0.04317	0.61600	0.05164	0.11716	0.01484	0.00400	0.00525	0.02208	0.00735	0.00652
170	0.01878	0.19329	0.38602	0.02732	0.16517	0.02254	0.02576	0.02580	0.01768	0.02492	0.01428	0.01721	0.01112	0.00761	0.00737	0.00240	0.01098	0.00602	0.00365	0.01209
171	0.18790	0.01351	0.01537	0.01253	0.01765	0.01320	0.01021	0.06038	0.02098	0.35293	0.02631	0.02534	0.01795	0.00958	0.00707	0.00242	0.00629	0.00735	0.18148	0.01156
172	0.01364	0.00791	0.00846	0.00846	0.00934	0.00791	0.00539	0.01542	0.01453	0.02293	0.02660	0.04363	0.02611	0.38762	0.02555	0.00525	0.00613	0.01009	0.34875	0.00628
173	0.01830	0.03157	0.32346	0.02996	0.04009	0.02024	0.36080	0.02648	0.01869	0.02648	0.01596	0.02024	0.01168	0.00740	0.00895	0.00273	0.01324	0.00817	0.00389	0.01168
174	0.03103	0.03959	0.02354	0.02140	0.02568	0.67469	0.01605	0.03317	0.02354	0.02033	0.01284	0.01498	0.01070	0.00856	0.00749	0.00214	0.01498	0.00535	0.00428	0.00963
175	0.01058	0.00742	0.00951	0.01099	0.01136	0.00705	0.00709	0.01169	0.01502	0.02003	0.04124	0.55239	0.04921	0.18408	0.01795	0.00446	0.00557	0.02094	0.00709	0.00635
176	0.01208	0.00805	0.00906	0.00906	0.00906	0.00805	0.00503	0.01208	0.01208	0.01611	0.02618	0.05436	0.03020	0.70804	0.04228	0.00805	0.00805	0.01208	0.00503	0.00503
177	0.01441	0.01029	0.01187	0.01146	0.01294	0.01052	0.00781	0.10805	0.01791	0.02377	0.03489	0.21520	0.08619	0.33014	0.06261	0.00586	0.00789	0.01458	0.00642	0.00719
178	0.02080	0.01287	0.01342	0.01150	0.01499	0.01370	0.00910	0.22059	0.02457	0.03804	0.02474	0.02733	0.01893	0.00978	0.00663	0.00212	0.00561	0.00766	0.50777	0.00985
179	0.01961	0.02241	0.04902	0.03501	0.04342	0.02101	0.62605	0.02661	0.01961	0.02661	0.01681	0.02241	0.01261	0.00700	0.00980	0.00280	0.01401	0.00980	0.00420	0.01120
180	0.01723	0.01477	0.01723	0.01230	0.01969	0.01107	0.00984	0.02092	0.01723	0.02707	0.01477	0.01723	0.01230	0.00615	0.00615	0.00123	0.00615	0.00492	0.00492	0.75883
181	0.01727	0.00959	0.01225	0.01134	0.01425	0.00851	0.00857	0.02011	0.02102	0.18256	0.25515	0.19436	0.17601	0.01810	0.00962	0.00280	0.00494	0.01574	0.00883	0.00898
182	0.01723	0.01477	0.01723	0.01230	0.01969	0.01107	0.00984	0.02092	0.01723	0.02707	0.01477	0.01723	0.01230	0.00615	0.00615	0.00123	0.00615	0.00492	0.00492	0.75883
183	0.03075	0.02247	0.02405	0.01853	0.02494	0.02484	0.01528	0.59724	0.03795	0.05126	0.02031	0.02051	0.01450	0.00996	0.00818	0.00246	0.00887	0.00749	0.04661	0.01380
184	0.01145	0.00845	0.00933	0.00954	0.01199	0.00724	0.00699	0.01346	0.01847	0.05852	0.07191	0.22836	0.47156	0.02164	0.00993	0.00293	0.00452	0.01849	0.00786	0.00735
185	0.01012	0.00723	0.00964	0.01157	0.01205	0.00675	0.00771	0.01157	0.01591	0.02121	0.04579	0.70262	0.05495	0.02603	0.01060	0.00337	0.00482	0.02362	0.00771	0.00675
186	0.03158	0.02327	0.02493	0.01911	0.02576	0.02576	0.01579	0.62852	0.03906	0.05236	0.01995	0.01995	0.01413	0.00997	0.00831	0.00249	0.00914	0.00748	0.00831	0.01413
187	0.01562	0.01441	0.02054	0.01838	0.01898	0.01933	0.01501	0.01790	0.01298	0.01971	0.01551	0.02404	0.01491	0.03392	0.29013	0.00758	0.42075	0.00793	0.00397	0.00841
188	0.01113	0.00936	0.00982	0.00984	0.01272	0.00847	0.00761	0.01530	0.07426	0.02377	0.07579	0.07693	0.53844	0.02036	0.00986	0.00291	0.00475	0.07329	0.00777	0.00762
189	0.03727	0.01414	0.01928	0.01478	0.02121	0.01221	0.01221	0.04049	0.02378	0.66198	0.03277	0.02828	0.02056	0.01028	0.00835	0.00257	0.00707	0.00835	0.01028	0.01414
190	0.02694	0.03303	0.02136	0.01968	0.02336	0.53267	0.01484	0.02925	0.02136	0.02011	0.01485	0.01876	0.01285	0.02005	0.15022	0.00454	0.01654	0.00611	0.00432	0.00916
191	0.01549	0.00806	0.00852	0.03834	0.01182	0.00822	0.00658	0.01944	0.01739	0.03053	0.02655	0.03057	0.02083	0.00962	0.00592	0.00197	0.00420	0.00773	0.72041	0.00781
192	0.01997	0.01862	0.02860	0.04019	0.46358	0.01923	0.02137	0.02928	0.17140	0.02873	0.02403	0.02654	0.05298	0.00914	0.00837	0.00257	0.00874	0.00847	0.00538	0.01280
193	0.01394	0.00982	0.01082	0.01023	0.01139	0.00990	0.00655	0.08292	0.01625	0.02132	0.03393	0.08017	0.11172	0.50915	0.03279	0.00653	0.00754	0.01274	0.00587	0.00641
194	0.02542	0.46964	0.03642	0.01667	0.02290	0.22623	0.01486	0.06245	0.02018	0.02169	0.01243	0.01421	0.01087	0.00771	0.00616	0.00193	0.01074	0.00489	0.00405	0.01055
195	0.02056	0.01974	0.03372	0.05099	0.65622	0.01974	0.02550	0.02550	0.01892	0.02714	0.01563	0.02056	0.01316	0.00740	0.00822	0.00247	0.00987	0.00740	0.00411	0.01316
196	0.02165	0.02102	0.06764	0.07080	0.45819	0.02030	0.02339	0.12867	0.02197	0.03084	0.01657	0.02085	0.01340	0.01020	0.03605	0.00295	0.01045	0.00740	0.00479	0.01286
197	0.01001	0.00767	0.00918	0.01039	0.01174	0.00685	0.00719	0.01170	0.01704	0.02167	0.06011	0.47024	0.27808	0.02417	0.01031	0.00316	0.00459	0.02135	0.00771	0.00685
198	0.00993	0.00840	0.00845	0.00845	0.01111	0.00707	0.00625	0.01193	0.01858	0.02212	0.08118	0.07864	0.62088	0.05632	0.01149	0.00307	0.00441	0.01725	0.00758	0.00691
199	0.01531	0.00776	0.00781	0.00781	0.00965	0.00776	0.00577	0.01898	0.01715	0.03021	0.02705	0.03217	0.02175	0.04554	0.00768	0.00225	0.00409	0.00797	0.71570	0.00760
200	0.01265	0.00858	0.00977	0.00976	0.01008	0.00862	0.00578	0.03707	0.01362	0.01817	0.02818	0.12750	0.03239	0.60126	0.03726	0.00729	0.00773	0.01322	0.00547	0.00560
201	0.01136	0.00735	0.00920	0.01068	0.01150	0.00698	0.00727	0.01337	0.01626	0.02347	0.04146	0.54697	0.04715	0.02224	0.00949	0.00304	0.00460	0.01994	0.18070	0.00698
202	0.01060	0.00840	0.00954	0.00936	0.01173	0.00733	0.00698	0.01341	0.02064	0.02673	0.30899	0.09815	0.39943	0.01962	0.00984	0.00275	0.00412	0.01678	0.00828	0.00733
203	0.00989	0.00813	0.00872	0.00919	0.01142	0.00695	0.00665	0.01184	0.01819	0.02214	0.07476	0.23252	0.50635	0.02226	0.01001	0.00294	0.00436	0.01902	0.00771	0.00695
204	0.01469	0.01108	0.01245	0.01152	0.01473	0.01092	0.00882	0.02268	0.17316	0.06610	0.25085	0.05921	0.27817	0.01672	0.00939	0.00273	0.00486	0.01420	0.00850	0.00920
205	0.03158	0.02327	0.02493	0.01911	0.02576	0.02576	0.01579	0.62852	0.03906	0.05236	0.01995	0.01995	0.01413	0.00997	0.00831	0.00249	0.00914	0.00748	0.00831	0.01413
206	0.01666	0.04297	0.66500	0.02368	0.03596	0.01929	0.03069	0.02631	0.01754	0.02631	0.01491	0.01754	0.01052	0.00789	0.00789	0.00263	0.01228	0.00614	0.00351	0.01228
207	0.01038	0.00786	0.00926	0.01005	0.01144	0.00709	0.00691	0.01211	0.01722	0.02212	0.11035	0.34909	0.26818	0.10187	0.01389	0.00364	0.00489	0.01936	0.00753	0.00674
208	0.01007	0.00745	0.00941	0.01098	0.01190	0.00680	0.00745	0.01163	0.01647	0.02144	0.05288	0.58745	0.16554	0.02510	0.01046	0.00327	0.00471	0.02249	0.00771	0.00680
209	0.01391	0.00973	0.01130	0.01122	0.01225	0.00988	0.00735	0.09122	0.01688	0.02254	0.03217	0.27460	0.03671	0.38186	0.02693	0.00572	0.00707	0.01549	0.00638	0.00680
210	0.03158	0.02327	0.02493	0.01911	0.02576	0.02576	0.01579	0.62852	0.03906	0.05236	0.01995	0.01995	0.01413	0.00997	0.00831	0.00249	0.00914	0.00748	0.00831	0.01413
