[name]
unknown

[dist]
# distance from previous block
# <min> <max>
0	30

[block]
# block no. 0 follows, 22 sequences, length 6
# corresponding to MSA columns:
# 30-35
name=unknown_A
#
# <colnr> <probs for GDERKNQSTAVLIFYWHMCP>
#	G	D	E	R	K	N	Q	S	T	A	V	L	I	F	Y	W	H	M	C	P
0	0.08322	0.01292	0.01319	0.01265	0.01546	0.07553	0.00989	0.01781	0.01729	0.02414	0.08133	0.04692	0.11509	0.02186	0.07691	0.12384	0.00853	0.12215	0.03426	0.08702
1	0.16722	0.01529	0.02045	0.02516	0.22481	0.01568	0.01494	0.07770	0.02015	0.09232	0.08562	0.15434	0.02759	0.01248	0.00825	0.00269	0.00730	0.01078	0.00648	0.01077
2	0.09856	0.01633	0.02223	0.19089	0.13944	0.05519	0.04200	0.07847	0.01787	0.02527	0.01495	0.02117	0.01246	0.01377	0.01451	0.20706	0.00950	0.00703	0.00439	0.00894
3	0.01848	0.01480	0.01672	0.17727	0.02621	0.08274	0.01289	0.02322	0.04797	0.07276	0.02594	0.02934	0.06687	0.01486	0.07124	0.00333	0.00923	0.00808	0.18034	0.09772
4	0.01867	0.01827	0.02541	0.15153	0.03133	0.09853	0.13215	0.07952	0.01887	0.02439	0.01779	0.02450	0.01493	0.02711	0.23855	0.00635	0.04990	0.00812	0.00456	0.00949
5	0.01317	0.01057	0.01517	0.27587	0.02881	0.01175	0.01280	0.01622	0.01591	0.02117	0.03294	0.15007	0.11109	0.16362	0.01597	0.00393	0.00780	0.01249	0.07314	0.00748

[dist]
# distance from previous block
# <min> <max>
68	130

[block]
# block no. 1 follows, 22 sequences, length 8
# corresponding to MSA columns:
# 221-228
name=unknown_B
#
# <colnr> <probs for GDERKNQSTAVLIFYWHMCP>
#	G	D	E	R	K	N	Q	S	T	A	V	L	I	F	Y	W	H	M	C	P
0	0.07212	0.01455	0.01969	0.02353	0.17910	0.01485	0.01515	0.02727	0.13290	0.11475	0.03455	0.06928	0.07872	0.01404	0.00907	0.00294	0.00747	0.15201	0.00709	0.01094
1	0.11611	0.01142	0.01226	0.01226	0.01542	0.01172	0.00992	0.02088	0.12637	0.02785	0.08410	0.06530	0.25705	0.01785	0.00941	0.00305	0.00587	0.17705	0.00755	0.00857
2	0.02072	0.01967	0.02156	0.10333	0.11111	0.14128	0.01578	0.11924	0.02038	0.02578	0.01806	0.02599	0.01608	0.10205	0.15630	0.00550	0.05461	0.00788	0.00492	0.00974
3	0.09304	0.08430	0.47071	0.02289	0.06940	0.02031	0.02577	0.02726	0.06223	0.02759	0.01574	0.01799	0.01161	0.00803	0.00750	0.00257	0.01089	0.00617	0.00407	0.01195
4	0.01435	0.00912	0.01188	0.01225	0.01386	0.00884	0.00885	0.01616	0.01721	0.10877	0.04731	0.46953	0.13660	0.02233	0.01135	0.00320	0.05320	0.01948	0.00778	0.00796
5	0.11490	0.01052	0.01337	0.01680	0.10880	0.01036	0.01029	0.01547	0.01667	0.02451	0.04362	0.39271	0.15173	0.01983	0.00936	0.00302	0.00568	0.01747	0.00682	0.00806
6	0.01884	0.01636	0.01985	0.02163	0.14483	0.01718	0.01406	0.07245	0.29424	0.03125	0.03826	0.03731	0.15289	0.01205	0.00849	0.00259	0.00687	0.01021	0.00714	0.07348
7	0.17610	0.02216	0.21553	0.06577	0.07063	0.01543	0.01812	0.02153	0.01734	0.02746	0.03089	0.04031	0.12739	0.01255	0.00827	0.00284	0.00862	0.10398	0.00531	0.00976

[dist]
# distance from previous block
# <min> <max>
2	5

[block]
# block no. 2 follows, 22 sequences, length 16
# corresponding to MSA columns:
# 234-249
name=unknown_C
#
# <colnr> <probs for GDERKNQSTAVLIFYWHMCP>
#	G	D	E	R	K	N	Q	S	T	A	V	L	I	F	Y	W	H	M	C	P
0	0.02448	0.02848	0.13455	0.02238	0.10539	0.24635	0.01762	0.08765	0.02224	0.06023	0.01807	0.02045	0.01390	0.00874	0.00745	0.00229	0.01069	0.00659	0.15159	0.01086
1	0.02171	0.26737	0.29078	0.02130	0.06057	0.13006	0.02183	0.05310	0.01929	0.02423	0.01369	0.01596	0.01089	0.00780	0.00699	0.00225	0.01131	0.00556	0.00389	0.01143
2	0.02589	0.05193	0.13069	0.02668	0.18337	0.01887	0.04352	0.12087	0.05317	0.19832	0.02140	0.02214	0.01526	0.00873	0.00808	0.00247	0.00921	0.00742	0.00650	0.04549
3	0.02101	0.20275	0.36039	0.02204	0.05356	0.08336	0.04925	0.02753	0.01850	0.06687	0.01520	0.01731	0.01143	0.00787	0.00735	0.00237	0.01134	0.00600	0.00410	0.01175
4	0.01890	0.02108	0.05724	0.06405	0.28582	0.13781	0.01825	0.02276	0.01959	0.02415	0.03519	0.03691	0.20063	0.01170	0.00854	0.00253	0.00934	0.00993	0.00515	0.01045
5	0.01381	0.00939	0.01126	0.01150	0.01434	0.00844	0.00941	0.01664	0.01948	0.08669	0.06477	0.07972	0.37491	0.02065	0.01026	0.00314	0.00572	0.22397	0.00795	0.00795
6	0.01374	0.01127	0.01272	0.01246	0.01489	0.03766	0.00964	0.04722	0.06050	0.02477	0.10167	0.08244	0.21322	0.06398	0.18177	0.00585	0.01026	0.08111	0.00681	0.00803
7	0.01918	0.04418	0.02161	0.08418	0.02387	0.04348	0.01534	0.14372	0.01998	0.02714	0.02105	0.09880	0.02042	0.02121	0.11046	0.00458	0.21198	0.05372	0.00547	0.00962
8	0.01023	0.00801	0.00911	0.00970	0.01149	0.00706	0.00685	0.01216	0.01797	0.02269	0.12103	0.28530	0.36442	0.06061	0.01189	0.00327	0.00460	0.01903	0.00770	0.00689
9	0.01033	0.00766	0.00964	0.01077	0.01195	0.00698	0.00746	0.01230	0.01772	0.02340	0.15110	0.47819	0.17493	0.02360	0.01032	0.00314	0.00456	0.02105	0.00794	0.00698
10	0.02373	0.15023	0.09121	0.01779	0.02337	0.24407	0.01557	0.11144	0.05410	0.02618	0.02320	0.02477	0.08066	0.01423	0.06143	0.00319	0.01182	0.00735	0.00523	0.01044
11	0.01675	0.01476	0.02236	0.02400	0.14943	0.01678	0.05264	0.05952	0.01654	0.02351	0.02052	0.09063	0.02040	0.11144	0.16362	0.00593	0.16709	0.00996	0.00482	0.00929
12	0.01003	0.00757	0.00929	0.01066	0.01181	0.00682	0.00731	0.01167	0.01678	0.02156	0.05688	0.52268	0.22773	0.02459	0.01038	0.00321	0.00464	0.02186	0.00771	0.00682
13	0.02557	0.02376	0.14027	0.01963	0.05208	0.02072	0.01735	0.33609	0.07085	0.07953	0.02253	0.05965	0.01739	0.01046	0.00818	0.00255	0.00881	0.00833	0.06345	0.01279
14	0.02531	0.06217	0.08594	0.01957	0.02464	0.37479	0.01617	0.03357	0.17842	0.02459	0.02032	0.06160	0.01712	0.01019	0.00787	0.00242	0.01169	0.00754	0.00544	0.01065
15	0.05420	0.16317	0.28925	0.02001	0.06192	0.02036	0.02057	0.02935	0.07102	0.12879	0.01921	0.02023	0.01402	0.00846	0.00731	0.00242	0.00949	0.00652	0.04168	0.01202

[dist]
# distance from previous block
# <min> <max>
1	3

[block]
# block no. 3 follows, 22 sequences, length 6
# corresponding to MSA columns:
# 253-258
name=unknown_D
#
# <colnr> <probs for GDERKNQSTAVLIFYWHMCP>
#	G	D	E	R	K	N	Q	S	T	A	V	L	I	F	Y	W	H	M	C	P
0	0.02634	0.02745	0.02156	0.01870	0.02376	0.29264	0.01446	0.12702	0.23571	0.03076	0.02125	0.02140	0.01636	0.00948	0.00782	0.00234	0.01043	0.00701	0.00638	0.07913
1	0.02627	0.08695	0.02758	0.02753	0.20581	0.16585	0.01777	0.22519	0.02627	0.03354	0.01690	0.01924	0.01331	0.00864	0.00765	0.00230	0.01023	0.00673	0.06013	0.01208
2	0.07350	0.02946	0.18053	0.15479	0.10388	0.18826	0.02164	0.07235	0.02023	0.02631	0.01439	0.01806	0.01116	0.00855	0.00867	0.00255	0.04417	0.00636	0.00429	0.01086
3	0.08543	0.19888	0.02773	0.01763	0.02353	0.22463	0.01468	0.20344	0.02568	0.08136	0.01605	0.01694	0.01233	0.00868	0.00708	0.00222	0.01050	0.00591	0.00581	0.01150
4	0.01206	0.00815	0.00953	0.00953	0.00969	0.00831	0.00562	0.01238	0.01222	0.01645	0.02575	0.05200	0.02917	0.63767	0.11125	0.00863	0.00960	0.01173	0.00497	0.00529
5	0.01192	0.00853	0.01083	0.01173	0.01281	0.00825	0.00808	0.05290	0.01833	0.02476	0.13478	0.51691	0.05415	0.06931	0.01245	0.00351	0.00518	0.02048	0.00779	0.00728

[dist]
# distance from previous block
# <min> <max>
0	4

[block]
# block no. 4 follows, 22 sequences, length 17
# corresponding to MSA columns:
# 263-279
name=unknown_E
#
# <colnr> <probs for GDERKNQSTAVLIFYWHMCP>
#	G	D	E	R	K	N	Q	S	T	A	V	L	I	F	Y	W	H	M	C	P
0	0.02539	0.17962	0.02791	0.01955	0.02353	0.33614	0.01588	0.02937	0.07168	0.02130	0.01390	0.01668	0.01197	0.00980	0.01148	0.00245	0.16306	0.00592	0.00433	0.01003
1	0.01062	0.00744	0.00949	0.01093	0.01129	0.00708	0.00703	0.01170	0.01493	0.01991	0.04081	0.53811	0.04867	0.19911	0.01864	0.00456	0.00564	0.02069	0.00703	0.00631
2	0.01072	0.00764	0.00969	0.01076	0.01150	0.00717	0.00715	0.01231	0.01652	0.02218	0.13734	0.44911	0.08605	0.15227	0.01638	0.00410	0.00525	0.01981	0.00743	0.00661
3	0.02005	0.01531	0.01738	0.01611	0.02019	0.01673	0.01315	0.11859	0.29427	0.06114	0.03800	0.05183	0.06887	0.01528	0.00945	0.00307	0.00716	0.19395	0.00822	0.01124
4	0.01005	0.00751	0.00935	0.01082	0.01185	0.00681	0.00738	0.01165	0.01663	0.02150	0.05492	0.55449	0.19718	0.02484	0.01042	0.00324	0.00467	0.02217	0.00771	0.00681
5	0.02740	0.02063	0.02197	0.01767	0.02343	0.02303	0.01433	0.42337	0.20227	0.04595	0.02427	0.02379	0.01773	0.01031	0.00816	0.00254	0.00805	0.00802	0.06370	0.01339
6	0.01855	0.08269	0.28055	0.02630	0.14705	0.02020	0.05509	0.02940	0.16165	0.02769	0.02292	0.02445	0.04870	0.00917	0.00809	0.00259	0.00991	0.00779	0.00503	0.01218
7	0.01077	0.00758	0.00985	0.01141	0.01192	0.00723	0.00768	0.01214	0.01545	0.02055	0.04192	0.52850	0.04965	0.15504	0.01668	0.00430	0.00567	0.06997	0.00720	0.00650
8	0.01366	0.01153	0.01678	0.01575	0.01681	0.01466	0.01259	0.01630	0.01317	0.01949	0.01903	0.02854	0.01797	0.04876	0.49140	0.01060	0.21242	0.00844	0.00422	0.00789
9	0.01981	0.01897	0.03237	0.14893	0.56414	0.01954	0.02512	0.02484	0.01856	0.02623	0.01549	0.02080	0.01284	0.00754	0.00824	0.00251	0.01005	0.00740	0.00405	0.01255
10	0.02285	0.15528	0.08530	0.02144	0.02704	0.19529	0.10495	0.03044	0.13687	0.02430	0.01707	0.01943	0.01376	0.00931	0.01025	0.00254	0.10135	0.00691	0.00477	0.01087
11	0.01746	0.05674	0.14078	0.11950	0.02776	0.01671	0.04282	0.13472	0.02263	0.03005	0.11349	0.03971	0.17831	0.01266	0.00870	0.00263	0.00835	0.01059	0.00623	0.01017
12	0.00982	0.00842	0.00842	0.00842	0.01122	0.00701	0.00631	0.01192	0.01894	0.02244	0.08416	0.07995	0.65285	0.02104	0.00982	0.00281	0.00421	0.01753	0.00771	0.00701
13	0.01281	0.01850	0.19608	0.01459	0.01978	0.01119	0.01507	0.01765	0.01906	0.02524	0.11378	0.06367	0.26724	0.01735	0.00966	0.00298	0.00729	0.15268	0.00665	0.00874
14	0.13300	0.01699	0.02036	0.02629	0.25094	0.08309	0.01520	0.02195	0.01793	0.02656	0.02906	0.03206	0.13233	0.01632	0.08122	0.00367	0.00971	0.00881	0.06456	0.00995
15	0.02453	0.16633	0.22462	0.02188	0.05602	0.27314	0.02059	0.07468	0.02142	0.02477	0.01390	0.01608	0.01101	0.00814	0.00730	0.00226	0.01232	0.00567	0.00421	0.01114
16	0.01956	0.11894	0.12236	0.08192	0.17190	0.02193	0.25053	0.02676	0.05657	0.02581	0.01646	0.02062	0.01285	0.00758	0.00840	0.00256	0.01150	0.00785	0.00422	0.01167

[dist]
# distance from previous block
# <min> <max>
0	4

[block]
# block no. 5 follows, 22 sequences, length 18
# corresponding to MSA columns:
# 284-301
name=unknown_F
#
# <colnr> <probs for GDERKNQSTAVLIFYWHMCP>
#	G	D	E	R	K	N	Q	S	T	A	V	L	I	F	Y	W	H	M	C	P
0	0.01508	0.01253	0.01730	0.01549	0.01825	0.04529	0.08385	0.05313	0.01749	0.02398	0.03001	0.12129	0.07389	0.03374	0.26684	0.02991	0.01346	0.03490	0.08536	0.00819
1	0.01919	0.01970	0.09356	0.01520	0.01885	0.11110	0.01303	0.10452	0.01983	0.02705	0.02353	0.06981	0.04166	0.09174	0.05310	0.03506	0.06291	0.00897	0.16223	0.00898
2	0.02943	0.03430	0.02416	0.02317	0.07652	0.49168	0.01656	0.10541	0.07360	0.02589	0.01557	0.01729	0.01247	0.00885	0.00772	0.00226	0.01320	0.00609	0.00508	0.01074
3	0.02379	0.27606	0.03185	0.02182	0.12915	0.05834	0.01596	0.16237	0.06441	0.03019	0.01607	0.01777	0.01305	0.00804	0.00691	0.00208	0.00894	0.00606	0.00525	0.10188
4	0.02284	0.02474	0.02916	0.07581	0.35256	0.20262	0.02165	0.02657	0.01916	0.02385	0.01411	0.01875	0.01202	0.00883	0.01082	0.00257	0.11172	0.00681	0.00406	0.01135
5	0.00985	0.00829	0.00855	0.00876	0.01131	0.00698	0.00647	0.01188	0.01860	0.02231	0.07994	0.14836	0.58716	0.02159	0.00990	0.00287	0.00428	0.01820	0.00771	0.00698
6	0.01381	0.01219	0.01731	0.24713	0.07853	0.01309	0.01436	0.01919	0.06431	0.02517	0.14942	0.04870	0.23628	0.01417	0.00907	0.00273	0.00714	0.01221	0.00635	0.00885
7	0.02434	0.18922	0.07590	0.01788	0.02292	0.34289	0.01529	0.02743	0.01983	0.02133	0.01496	0.01818	0.01272	0.01472	0.08712	0.00343	0.01336	0.00582	0.06302	0.00966
8	0.01698	0.01721	0.01854	0.01702	0.01852	0.12685	0.01344	0.01917	0.01571	0.02025	0.02587	0.08281	0.09417	0.02825	0.19726	0.00591	0.25906	0.00991	0.00478	0.00829
9	0.01041	0.00797	0.00955	0.01014	0.01184	0.00711	0.00723	0.01271	0.01889	0.02464	0.20894	0.31706	0.27962	0.02198	0.01012	0.00298	0.00437	0.01928	0.00807	0.00711
10	0.01756	0.01610	0.02524	0.12038	0.35563	0.01675	0.01957	0.02406	0.09337	0.02602	0.02680	0.14023	0.05888	0.01192	0.00876	0.00272	0.00845	0.01096	0.00540	0.01121
11	0.01892	0.03702	0.44163	0.02390	0.06850	0.12838	0.02585	0.02632	0.01882	0.02518	0.01810	0.02644	0.01519	0.00979	0.00828	0.00268	0.01203	0.07748	0.00417	0.01133
12	0.01981	0.01934	0.01759	0.01617	0.01866	0.19756	0.01259	0.06231	0.01843	0.02359	0.01883	0.02489	0.01642	0.03038	0.26862	0.00666	0.09724	0.00745	0.11473	0.00873
13	0.01112	0.00886	0.01007	0.01030	0.01248	0.00818	0.00751	0.01509	0.06795	0.02519	0.17991	0.23494	0.33666	0.02079	0.00991	0.00292	0.00450	0.01799	0.00805	0.00759
14	0.02674	0.03253	0.02533	0.02218	0.02542	0.45427	0.04632	0.02902	0.02021	0.02054	0.01247	0.01627	0.01085	0.01022	0.01335	0.00261	0.21190	0.00612	0.00409	0.00955
15	0.01234	0.00889	0.01147	0.09131	0.01570	0.00945	0.00798	0.01343	0.01306	0.01746	0.02592	0.09891	0.02883	0.50155	0.10337	0.00762	0.00968	0.01208	0.00502	0.00593
16	0.02015	0.01156	0.01366	0.01201	0.01609	0.01071	0.00949	0.02584	0.10860	0.22309	0.11482	0.05580	0.29286	0.01601	0.00923	0.00275	0.00551	0.03290	0.00875	0.01018
17	0.01099	0.00906	0.00972	0.00945	0.01219	0.00812	0.00712	0.01494	0.06165	0.02575	0.21030	0.07259	0.47978	0.01946	0.00972	0.00276	0.00430	0.01642	0.00809	0.00761

[dist]
# distance from previous block
# <min> <max>
4	7

[block]
# block no. 6 follows, 22 sequences, length 30
# corresponding to MSA columns:
# 309-338
name=unknown_G
#
# <colnr> <probs for GDERKNQSTAVLIFYWHMCP>
#	G	D	E	R	K	N	Q	S	T	A	V	L	I	F	Y	W	H	M	C	P
0	0.01223	0.00959	0.01397	0.01394	0.01507	0.01134	0.01073	0.01478	0.01376	0.01972	0.02544	0.15686	0.02611	0.05030	0.47996	0.01042	0.09184	0.01149	0.00497	0.00747
1	0.02619	0.08860	0.02530	0.02002	0.02393	0.36859	0.01590	0.07029	0.02100	0.02296	0.01292	0.01612	0.01111	0.00977	0.01197	0.00242	0.17470	0.00585	0.00440	0.06794
2	0.01683	0.01362	0.01620	0.01496	0.01760	0.05697	0.01177	0.13127	0.01885	0.02556	0.02120	0.02909	0.01886	0.04894	0.50600	0.01057	0.01931	0.00840	0.00516	0.00882
3	0.01074	0.00767	0.01035	0.01227	0.01302	0.00728	0.00878	0.01263	0.01651	0.02190	0.04545	0.58782	0.05360	0.02545	0.01077	0.00346	0.00535	0.13234	0.00770	0.00692
4	0.01183	0.00801	0.00941	0.00964	0.00980	0.00805	0.00570	0.01220	0.01262	0.01692	0.02825	0.13011	0.03253	0.58438	0.08014	0.00785	0.00860	0.01325	0.00531	0.00539
5	0.02447	0.02714	0.02992	0.03995	0.42104	0.26403	0.02197	0.02836	0.02064	0.02460	0.01459	0.01848	0.01224	0.00783	0.00795	0.00235	0.01178	0.00664	0.00417	0.01184
6	0.01259	0.00822	0.00906	0.00906	0.01125	0.00795	0.00686	0.01560	0.01725	0.02544	0.04848	0.05042	0.26797	0.02400	0.13305	0.00442	0.00745	0.01179	0.32173	0.00740
7	0.01203	0.00825	0.01007	0.01007	0.01042	0.00860	0.00629	0.01273	0.01238	0.01685	0.02525	0.04926	0.02799	0.55646	0.19084	0.00930	0.01139	0.01133	0.00490	0.00559
8	0.01910	0.07173	0.51591	0.02347	0.03419	0.11348	0.05643	0.02724	0.01847	0.02517	0.01455	0.01722	0.01065	0.00791	0.00781	0.00253	0.01259	0.00613	0.00365	0.01178
9	0.01037	0.00741	0.00993	0.01186	0.01245	0.00697	0.00815	0.01200	0.01615	0.02149	0.04565	0.65545	0.05439	0.02579	0.01067	0.00341	0.00504	0.06829	0.00771	0.00682
10	0.01507	0.01167	0.01388	0.01418	0.01670	0.01227	0.01106	0.06450	0.17054	0.02780	0.04353	0.27470	0.08923	0.02007	0.01010	0.00326	0.00629	0.17815	0.00792	0.00909
11	0.01719	0.00999	0.01106	0.06895	0.01556	0.01058	0.00838	0.08346	0.01962	0.03236	0.02526	0.02904	0.01964	0.00959	0.00629	0.00207	0.00506	0.00768	0.60968	0.00854
12	0.01221	0.01003	0.01100	0.01122	0.01368	0.00981	0.00821	0.01862	0.14950	0.02465	0.06122	0.26908	0.32868	0.02057	0.00978	0.00299	0.00490	0.01776	0.00787	0.00823
13	0.01196	0.00854	0.01155	0.01155	0.01241	0.00940	0.00813	0.01368	0.01282	0.01795	0.02390	0.04178	0.02474	0.33398	0.40887	0.01112	0.01628	0.01024	0.00470	0.00641
14	0.02185	0.02304	0.02954	0.08351	0.37076	0.15066	0.02208	0.02569	0.01851	0.02404	0.01413	0.01912	0.01210	0.00903	0.01166	0.00264	0.13920	0.00697	0.00403	0.01142
15	0.00995	0.00842	0.00860	0.00856	0.01130	0.00707	0.00642	0.01218	0.01925	0.02319	0.12325	0.07872	0.61329	0.02076	0.00982	0.00279	0.00419	0.01736	0.00781	0.00707
16	0.02410	0.21269	0.05889	0.01713	0.02259	0.21405	0.01471	0.11548	0.07472	0.02833	0.11670	0.02417	0.02313	0.00990	0.00749	0.00225	0.00990	0.00732	0.00575	0.01070
17	0.02408	0.45732	0.10233	0.01718	0.02404	0.20908	0.01643	0.02732	0.01879	0.02046	0.01225	0.01422	0.01066	0.00759	0.00619	0.00197	0.01092	0.00487	0.00375	0.01054
18	0.01084	0.00824	0.01002	0.01038	0.01227	0.00743	0.00769	0.01356	0.01988	0.02624	0.27695	0.22173	0.26171	0.02089	0.01011	0.00294	0.00449	0.05909	0.00823	0.00729
19	0.05594	0.02490	0.20163	0.16122	0.34405	0.01932	0.02562	0.02486	0.01787	0.02631	0.01507	0.01969	0.01185	0.00772	0.00800	0.00257	0.01057	0.00691	0.00392	0.01197
20	0.01080	0.00796	0.01022	0.01183	0.01278	0.00759	0.00825	0.01345	0.04435	0.02216	0.04796	0.58400	0.09734	0.02478	0.01051	0.00334	0.00505	0.06278	0.00774	0.00712
21	0.01087	0.00809	0.00998	0.01053	0.01174	0.00790	0.00729	0.01248	0.01527	0.01994	0.04635	0.24295	0.20044	0.19071	0.16071	0.00646	0.00916	0.01616	0.00639	0.00656
22	0.01790	0.01870	0.03673	0.33449	0.10118	0.01974	0.30034	0.02406	0.01818	0.02420	0.01578	0.02213	0.01195	0.00763	0.00899	0.00276	0.01232	0.00850	0.00396	0.01047
23	0.02062	0.02457	0.11518	0.04237	0.41459	0.06603	0.14253	0.02636	0.01920	0.02645	0.01557	0.02015	0.01255	0.00747	0.00844	0.00253	0.01134	0.00757	0.00407	0.01242
24	0.01018	0.00809	0.00915	0.00961	0.01163	0.00706	0.00693	0.01236	0.01873	0.02366	0.15504	0.25565	0.39881	0.02188	0.01004	0.00294	0.00434	0.01891	0.00792	0.00706
25	0.01090	0.00822	0.00955	0.00959	0.01130	0.00744	0.00674	0.01311	0.01873	0.02457	0.25009	0.14925	0.27537	0.14937	0.01601	0.00380	0.00492	0.01649	0.00767	0.00687
26	0.01408	0.01888	0.17524	0.01813	0.02267	0.01443	0.06356	0.01890	0.01481	0.02161	0.01925	0.02716	0.01695	0.04144	0.41592	0.00925	0.06639	0.00819	0.00414	0.00901
27	0.01600	0.01519	0.05405	0.02057	0.06665	0.01404	0.13058	0.08432	0.04707	0.02655	0.03068	0.31029	0.03236	0.04520	0.06243	0.00398	0.00933	0.01501	0.00632	0.00941
28	0.01013	0.00852	0.00885	0.00902	0.01175	0.00724	0.00694	0.01239	0.01895	0.02266	0.08061	0.08116	0.59948	0.02121	0.00996	0.00290	0.00451	0.06894	0.00771	0.00707
29	0.01009	0.00735	0.00951	0.01124	0.01196	0.00678	0.00756	0.01160	0.01622	0.02134	0.04981	0.63727	0.11770	0.02550	0.01052	0.00331	0.00476	0.02298	0.00771	0.00678

[dist]
# distance from previous block
# <min> <max>
0	2

[block]
# block no. 7 follows, 22 sequences, length 40
# corresponding to MSA columns:
# 341-380
name=unknown_H
#
# <colnr> <probs for GDERKNQSTAVLIFYWHMCP>
#	G	D	E	R	K	N	Q	S	T	A	V	L	I	F	Y	W	H	M	C	P
0	0.01670	0.01554	0.02470	0.10115	0.38227	0.01552	0.01926	0.02084	0.01870	0.02512	0.03614	0.04118	0.19291	0.01212	0.00885	0.00266	0.00829	0.04202	0.00526	0.01076
1	0.01706	0.05455	0.02740	0.02152	0.02370	0.02134	0.11889	0.02009	0.01427	0.02091	0.01478	0.02224	0.01365	0.02480	0.18505	0.00582	0.37295	0.00795	0.00393	0.00911
2	0.02360	0.02140	0.01915	0.01664	0.02072	0.14921	0.01262	0.18175	0.23004	0.03224	0.02450	0.03013	0.02068	0.16230	0.01560	0.00374	0.00921	0.00869	0.00684	0.01093
3	0.02316	0.02225	0.02345	0.05928	0.15067	0.13148	0.01685	0.09173	0.32481	0.03174	0.02438	0.02473	0.01867	0.00977	0.00822	0.00260	0.00912	0.00803	0.00663	0.01244
4	0.02552	0.17895	0.03015	0.09247	0.15324	0.29827	0.01822	0.06577	0.02144	0.02360	0.01375	0.01676	0.01143	0.00808	0.00730	0.00221	0.01188	0.00590	0.00428	0.01080
5	0.01589	0.16312	0.27094	0.01808	0.02593	0.01826	0.07940	0.02148	0.01806	0.02377	0.03644	0.03703	0.21495	0.01183	0.00819	0.00253	0.00921	0.00979	0.00492	0.01018
6	0.01792	0.03813	0.50212	0.02683	0.06454	0.04493	0.13619	0.02659	0.01820	0.02617	0.01520	0.01844	0.01102	0.00774	0.00823	0.00264	0.01258	0.00682	0.00369	0.01202
7	0.01746	0.06854	0.54124	0.02486	0.06528	0.02007	0.06076	0.02713	0.04946	0.02650	0.01586	0.01845	0.01153	0.00796	0.00793	0.00260	0.01181	0.00649	0.00383	0.01224
8	0.02214	0.02273	0.03218	0.04653	0.56111	0.11853	0.02407	0.02665	0.01961	0.02611	0.01521	0.01972	0.01279	0.00758	0.00811	0.00242	0.01064	0.00709	0.00414	0.01263
9	0.01126	0.00883	0.01022	0.00981	0.01225	0.00799	0.00737	0.01516	0.04635	0.02855	0.37502	0.06875	0.33121	0.01855	0.00975	0.00271	0.00415	0.01591	0.00848	0.00769
10	0.01011	0.00845	0.00893	0.00886	0.01152	0.00726	0.00666	0.01244	0.01912	0.02338	0.13809	0.07584	0.56434	0.02265	0.04231	0.00330	0.00506	0.01686	0.00770	0.00712
11	0.02146	0.01742	0.02259	0.01890	0.02234	0.02069	0.04620	0.17670	0.11784	0.05859	0.02046	0.02442	0.01662	0.02272	0.15909	0.00525	0.20350	0.00819	0.00605	0.01095
12	0.02008	0.01212	0.01394	0.01260	0.01595	0.01243	0.01025	0.15331	0.02364	0.08891	0.09207	0.04392	0.03067	0.01317	0.00810	0.00256	0.00605	0.12626	0.30430	0.00968
13	0.01598	0.01544	0.01595	0.01535	0.01732	0.14316	0.01188	0.01873	0.01535	0.01953	0.01984	0.02844	0.01830	0.04934	0.51151	0.01066	0.05278	0.00812	0.00438	0.00794
14	0.01287	0.00827	0.01150	0.01150	0.01248	0.00903	0.00834	0.01405	0.01307	0.01907	0.02171	0.03420	0.02091	0.14909	0.36061	0.17369	0.01468	0.00889	0.08980	0.00625
15	0.00982	0.00842	0.00842	0.00842	0.01122	0.00701	0.00631	0.01192	0.01894	0.02244	0.08416	0.07995	0.65285	0.02104	0.00982	0.00281	0.00421	0.01753	0.00771	0.00701
16	0.01036	0.00844	0.00917	0.00899	0.01155	0.00724	0.00674	0.01298	0.02022	0.02549	0.24336	0.07493	0.49174	0.01990	0.00981	0.00275	0.00413	0.01683	0.00812	0.00724
17	0.02037	0.01994	0.03409	0.04073	0.39648	0.02020	0.15396	0.02945	0.14277	0.02854	0.01950	0.02304	0.01546	0.00808	0.00861	0.00261	0.01012	0.00832	0.00499	0.01273
18	0.01768	0.01886	0.05057	0.01980	0.02107	0.07747	0.01665	0.02015	0.01402	0.02013	0.01401	0.02139	0.01327	0.02536	0.18237	0.00583	0.44117	0.00745	0.00388	0.00887
19	0.01012	0.00723	0.00964	0.01157	0.01205	0.00675	0.00771	0.01157	0.01591	0.02121	0.04579	0.70262	0.05495	0.02603	0.01060	0.00337	0.00482	0.02362	0.00771	0.00675
20	0.01724	0.01173	0.01553	0.01440	0.01725	0.01310	0.01133	0.05431	0.12065	0.09655	0.02526	0.03121	0.02117	0.04518	0.45374	0.00981	0.01723	0.00885	0.00598	0.00948
21	0.12891	0.09878	0.11146	0.05435	0.02592	0.29311	0.01669	0.05802	0.02012	0.02503	0.01423	0.01737	0.01164	0.01365	0.07407	0.00341	0.01302	0.00582	0.00441	0.00999
22	0.02600	0.02929	0.02852	0.03560	0.33044	0.32984	0.02060	0.05542	0.02198	0.02502	0.01450	0.01789	0.01204	0.00806	0.00788	0.00231	0.01226	0.00643	0.00437	0.01153
23	0.02227	0.02343	0.03180	0.04235	0.45931	0.14236	0.04920	0.02652	0.01929	0.02525	0.01477	0.01940	0.01249	0.00819	0.00974	0.00252	0.06781	0.00711	0.00411	0.01208
24	0.01303	0.01159	0.01583	0.02087	0.19246	0.01070	0.01213	0.01598	0.01879	0.02382	0.06091	0.09573	0.41177	0.01757	0.00950	0.00279	0.00600	0.04507	0.00670	0.00876
25	0.01447	0.01269	0.01590	0.01497	0.01606	0.05471	0.01153	0.01664	0.01363	0.01897	0.01985	0.03206	0.01959	0.15777	0.38515	0.00964	0.16564	0.00886	0.00436	0.00752
26	0.02546	0.46465	0.03616	0.01687	0.02293	0.26959	0.01489	0.02794	0.01934	0.01984	0.01203	0.01394	0.01068	0.00764	0.00613	0.00191	0.01113	0.00478	0.00382	0.01028
27	0.01847	0.02002	0.08303	0.19483	0.33769	0.01959	0.05629	0.02369	0.01768	0.02482	0.01620	0.02378	0.01372	0.00904	0.01035	0.00275	0.07900	0.03358	0.00408	0.01139
28	0.01241	0.00915	0.01126	0.01133	0.01243	0.00925	0.00785	0.04243	0.01756	0.02377	0.16169	0.28097	0.09542	0.20703	0.01974	0.00442	0.04257	0.01665	0.00708	0.00700
29	0.01001	0.00842	0.00868	0.00862	0.01134	0.00710	0.00646	0.01230	0.01939	0.02353	0.14086	0.07816	0.59547	0.02063	0.00982	0.00279	0.00418	0.01728	0.00786	0.00710
30	0.26749	0.01413	0.01452	0.01213	0.01694	0.01472	0.00985	0.10093	0.02077	0.21258	0.02278	0.02320	0.01623	0.00924	0.00661	0.00239	0.00624	0.00683	0.21172	0.01072
31	0.01890	0.02036	0.01804	0.07147	0.08490	0.23014	0.01348	0.02192	0.02086	0.02398	0.13853	0.08451	0.16166	0.01427	0.00890	0.00260	0.00904	0.04148	0.00614	0.00882
32	0.01021	0.00740	0.00948	0.01110	0.01178	0.00686	0.00740	0.01163	0.01597	0.02101	0.04840	0.59999	0.11313	0.06806	0.01250	0.00361	0.00496	0.02229	0.00754	0.00667
33	0.01021	0.00729	0.00971	0.01151	0.01207	0.00680	0.00772	0.01178	0.01629	0.02183	0.07681	0.66984	0.05614	0.02556	0.01056	0.00333	0.00477	0.02318	0.00778	0.00680
34	0.02202	0.01494	0.01883	0.01567	0.02004	0.01565	0.04460	0.08702	0.15740	0.17374	0.08779	0.04111	0.16824	0.01369	0.01079	0.00279	0.07545	0.01107	0.00803	0.01115
35	0.02251	0.02386	0.03047	0.10803	0.44941	0.17201	0.02305	0.02685	0.01976	0.02496	0.01489	0.01942	0.01238	0.00776	0.00806	0.00242	0.01118	0.00692	0.00411	0.01194
36	0.01418	0.01176	0.01812	0.02166	0.15451	0.01313	0.01363	0.01721	0.01440	0.02072	0.02049	0.03127	0.01944	0.11186	0.42612	0.00984	0.05996	0.00879	0.00438	0.00854
37	0.01003	0.00758	0.00927	0.01062	0.01180	0.00683	0.00729	0.01167	0.01681	0.02158	0.05726	0.51637	0.23379	0.02453	0.01037	0.00320	0.00464	0.02180	0.00771	0.00683
38	0.01170	0.00800	0.00967	0.01038	0.01071	0.00787	0.00662	0.01249	0.01383	0.01837	0.03322	0.22917	0.03857	0.45617	0.03069	0.00638	0.00716	0.07723	0.00601	0.00576
39	0.02370	0.02405	0.02290	0.05869	0.15058	0.23551	0.01643	0.14466	0.02368	0.02830	0.02209	0.16735	0.02154	0.01240	0.00852	0.00258	0.01038	0.01027	0.00577	0.01058

[dist]
# distance from previous block
# <min> <max>
0	2

[block]
# block no. 8 follows, 22 sequences, length 21
# corresponding to MSA columns:
# 383-403
name=unknown_I
#
# <colnr> <probs for GDERKNQSTAVLIFYWHMCP>
#	G	D	E	R	K	N	Q	S	T	A	V	L	I	F	Y	W	H	M	C	P
0	0.02084	0.21378	0.02484	0.01605	0.04850	0.16657	0.01261	0.06476	0.02061	0.02396	0.03279	0.03311	0.18664	0.01135	0.00747	0.00216	0.00874	0.00862	0.00536	0.09123
1	0.02286	0.02062	0.01896	0.01641	0.01976	0.16241	0.01252	0.21717	0.02359	0.02950	0.01977	0.02905	0.01813	0.18494	0.12702	0.00559	0.04801	0.00833	0.00576	0.00960
2	0.01208	0.00805	0.00906	0.00906	0.00906	0.00805	0.00503	0.01208	0.01208	0.01611	0.02618	0.05436	0.03020	0.70804	0.04228	0.00805	0.00805	0.01208	0.00503	0.00503
3	0.01147	0.00795	0.00988	0.01037	0.01084	0.00792	0.00663	0.01256	0.01435	0.01947	0.08859	0.23651	0.04060	0.38111	0.09921	0.00681	0.00830	0.01527	0.00611	0.00604
4	0.02529	0.11900	0.02630	0.13820	0.06368	0.37663	0.01694	0.02839	0.02060	0.02141	0.01335	0.01654	0.01105	0.00803	0.00726	0.00213	0.01237	0.00566	0.00414	0.08302
5	0.01183	0.00809	0.00899	0.00899	0.00930	0.00794	0.00517	0.01206	0.01283	0.01680	0.03249	0.05715	0.09798	0.63326	0.03875	0.00748	0.00764	0.01267	0.00533	0.00525
6	0.01161	0.00885	0.01250	0.01583	0.07567	0.00845	0.01023	0.01378	0.01681	0.02239	0.04425	0.51800	0.07593	0.02353	0.01047	0.00333	0.00571	0.10779	0.00735	0.00752
7	0.02067	0.02452	0.07124	0.03442	0.11692	0.08697	0.42981	0.02677	0.01946	0.02568	0.01586	0.02098	0.01230	0.00765	0.01022	0.00273	0.04970	0.00875	0.00414	0.01123
8	0.02255	0.02282	0.02495	0.26719	0.14664	0.19815	0.01965	0.02939	0.10485	0.05730	0.01794	0.02144	0.01379	0.00873	0.00809	0.00254	0.01111	0.00716	0.00492	0.01082
9	0.02183	0.02583	0.03796	0.02863	0.03534	0.20158	0.39577	0.02700	0.02064	0.02446	0.02228	0.02596	0.07458	0.00881	0.00916	0.00262	0.01332	0.00932	0.00457	0.01036
10	0.02819	0.02438	0.02322	0.02370	0.13021	0.22202	0.01607	0.06792	0.17320	0.17106	0.02325	0.02306	0.01707	0.00948	0.00809	0.00248	0.00999	0.00747	0.00683	0.01233
11	0.01898	0.17499	0.01924	0.01216	0.01549	0.12364	0.00985	0.02193	0.01751	0.02436	0.02061	0.02606	0.01766	0.06195	0.07888	0.00355	0.00907	0.00701	0.32857	0.00850
12	0.01253	0.01401	0.09555	0.01253	0.01652	0.01043	0.01143	0.01815	0.07997	0.02559	0.11869	0.06757	0.35540	0.01830	0.00970	0.00293	0.00601	0.10886	0.00737	0.00848
13	0.02371	0.02313	0.03094	0.04198	0.47145	0.11507	0.02269	0.11637	0.02258	0.02991	0.01587	0.01966	0.01295	0.00795	0.00813	0.00242	0.01050	0.00712	0.00476	0.01279
14	0.02839	0.02648	0.02417	0.02001	0.02477	0.20260	0.01605	0.32117	0.07634	0.03694	0.01757	0.01914	0.01352	0.01044	0.01122	0.00261	0.12313	0.00701	0.00645	0.01199
15	0.02807	0.09580	0.02466	0.01912	0.02419	0.30153	0.01544	0.23611	0.02768	0.03191	0.01921	0.02674	0.01669	0.01077	0.00808	0.00244	0.01142	0.08308	0.00604	0.01103
16	0.01205	0.00816	0.00962	0.00962	0.00981	0.00836	0.00573	0.01244	0.01225	0.01652	0.02567	0.05155	0.02898	0.62438	0.12427	0.00874	0.00989	0.01167	0.00496	0.00534
17	0.01058	0.00758	0.01005	0.01126	0.01215	0.00705	0.00775	0.01271	0.01802	0.02458	0.21447	0.52433	0.06147	0.02351	0.01038	0.00316	0.00457	0.02123	0.00811	0.00705
18	0.01684	0.01468	0.01414	0.01296	0.01645	0.06867	0.00990	0.11988	0.10965	0.02919	0.07839	0.13764	0.30460	0.01727	0.00928	0.00277	0.00633	0.01439	0.00768	0.00927
19	0.01152	0.00789	0.00916	0.00960	0.00985	0.00770	0.00571	0.01196	0.01330	0.01759	0.03360	0.20286	0.06776	0.51796	0.03343	0.00672	0.00712	0.01498	0.00578	0.00552
20	0.01322	0.00826	0.01043	0.01115	0.01262	0.00751	0.00771	0.01482	0.01689	0.09066	0.04877	0.46340	0.14724	0.09007	0.01332	0.00365	0.00528	0.01983	0.00773	0.00743

[dist]
# distance from previous block
# <min> <max>
0	1

[block]
# block no. 9 follows, 22 sequences, length 9
# corresponding to MSA columns:
# 405-413
name=unknown_J
#
# <colnr> <probs for GDERKNQSTAVLIFYWHMCP>
#	G	D	E	R	K	N	Q	S	T	A	V	L	I	F	Y	W	H	M	C	P
0	0.01934	0.01812	0.02285	0.01881	0.02293	0.09131	0.11600	0.13931	0.02158	0.02777	0.03019	0.03390	0.13108	0.02539	0.18500	0.00550	0.06575	0.00981	0.00568	0.00968
1	0.01187	0.00890	0.01335	0.01335	0.01483	0.01038	0.01038	0.01483	0.01335	0.01928	0.02225	0.03264	0.02077	0.06231	0.67512	0.01335	0.02225	0.00890	0.00445	0.00742
2	0.01516	0.00929	0.01137	0.01095	0.01374	0.00821	0.00839	0.01783	0.02016	0.13264	0.17745	0.17320	0.28634	0.01941	0.00983	0.00290	0.00500	0.06133	0.00842	0.00838
3	0.01888	0.01527	0.01639	0.01472	0.01882	0.01657	0.01152	0.14688	0.28617	0.03352	0.04476	0.10719	0.17752	0.01529	0.00909	0.00285	0.00639	0.03901	0.00814	0.01101
4	0.01884	0.16099	0.18715	0.02598	0.11277	0.02346	0.09666	0.02382	0.01642	0.02319	0.01385	0.01852	0.01169	0.01159	0.04080	0.00318	0.18959	0.00684	0.00376	0.01091
5	0.02726	0.01723	0.01914	0.01520	0.02066	0.01787	0.01239	0.33836	0.03022	0.16952	0.03492	0.03360	0.13223	0.01202	0.00836	0.00251	0.00732	0.00951	0.07944	0.01223
6	0.01940	0.02000	0.01780	0.13284	0.02516	0.21083	0.01340	0.07522	0.02169	0.02522	0.09904	0.14720	0.13006	0.01449	0.00885	0.00265	0.00915	0.01196	0.00619	0.00886
7	0.16706	0.06718	0.01992	0.07765	0.07309	0.17020	0.01381	0.05188	0.01964	0.02688	0.05100	0.08261	0.08062	0.01217	0.00790	0.00260	0.00906	0.05181	0.00556	0.00935
8	0.01999	0.02081	0.01765	0.01621	0.01888	0.23729	0.01252	0.04767	0.01943	0.02337	0.07383	0.03091	0.07693	0.02531	0.18567	0.00536	0.09123	0.00863	0.05967	0.00866

[dist]
# distance from previous block
# <min> <max>
1	17

[block]
# block no. 10 follows, 22 sequences, length 19
# corresponding to MSA columns:
# 431-449
name=unknown_K
#
# <colnr> <probs for GDERKNQSTAVLIFYWHMCP>
#	G	D	E	R	K	N	Q	S	T	A	V	L	I	F	Y	W	H	M	C	P
0	0.01834	0.01679	0.01776	0.01928	0.10835	0.10736	0.01260	0.11040	0.02176	0.02770	0.06187	0.24103	0.12090	0.01601	0.00903	0.00268	0.00761	0.01376	0.00667	0.06010
1	0.01846	0.20301	0.09815	0.01867	0.02241	0.02448	0.01721	0.02145	0.01487	0.02112	0.01417	0.06377	0.01392	0.01208	0.01680	0.00286	0.34490	0.00737	0.00397	0.06036
2	0.01771	0.07160	0.01850	0.01766	0.10880	0.04228	0.01187	0.05127	0.13004	0.02831	0.03826	0.03856	0.17880	0.01208	0.00781	0.00237	0.00653	0.00994	0.15859	0.04902
3	0.01346	0.01023	0.01143	0.01084	0.01387	0.00970	0.00835	0.01945	0.11690	0.05793	0.21000	0.06613	0.35815	0.01810	0.00961	0.00279	0.00480	0.04142	0.00830	0.00854
4	0.01036	0.00762	0.00957	0.01102	0.01198	0.00702	0.00758	0.01196	0.01640	0.02131	0.05162	0.51538	0.16418	0.06676	0.01245	0.00358	0.00505	0.05186	0.00754	0.00674
5	0.01910	0.11618	0.10026	0.17485	0.21599	0.02155	0.18477	0.02488	0.01819	0.02462	0.01513	0.02011	0.01196	0.00750	0.00824	0.00254	0.01134	0.00751	0.00391	0.01137
6	0.01865	0.01810	0.02545	0.03545	0.39484	0.06376	0.01917	0.02406	0.06460	0.02607	0.03307	0.03716	0.15629	0.01144	0.00868	0.00260	0.00865	0.03526	0.00539	0.01131
7	0.01187	0.00890	0.01335	0.01335	0.01483	0.01038	0.01038	0.01483	0.01335	0.01928	0.02225	0.03264	0.02077	0.06231	0.67512	0.01335	0.02225	0.00890	0.00445	0.00742
8	0.02444	0.01328	0.01667	0.01387	0.01826	0.01281	0.01118	0.13868	0.02624	0.25524	0.28119	0.04438	0.04440	0.01371	0.00912	0.00265	0.00622	0.04719	0.00929	0.01119
9	0.02001	0.07764	0.02671	0.06800	0.02655	0.08852	0.09841	0.05569	0.13429	0.02607	0.05304	0.07561	0.02085	0.01201	0.01307	0.00287	0.17558	0.00925	0.00550	0.01033
10	0.01533	0.01255	0.01735	0.01587	0.01730	0.01572	0.01275	0.05882	0.01521	0.02256	0.01906	0.02737	0.01743	0.04101	0.39230	0.00896	0.21862	0.00824	0.05514	0.00839
11	0.01201	0.00833	0.01044	0.01044	0.01092	0.00880	0.00676	0.01297	0.01249	0.01713	0.02491	0.04737	0.02716	0.50004	0.24614	0.00976	0.01263	0.01106	0.00485	0.00580
12	0.02608	0.02841	0.01926	0.01726	0.02126	0.39928	0.01313	0.10562	0.02395	0.02668	0.02357	0.02512	0.07751	0.01020	0.00752	0.00221	0.01107	0.00729	0.14497	0.00960
13	0.06429	0.13130	0.06961	0.01886	0.02394	0.24984	0.01611	0.14496	0.02272	0.02767	0.01471	0.01761	0.01213	0.01364	0.06508	0.00330	0.08262	0.00614	0.00490	0.01058
14	0.01752	0.02013	0.13918	0.10627	0.10214	0.05485	0.01767	0.05325	0.02050	0.05707	0.10685	0.04362	0.13447	0.01320	0.00897	0.00275	0.00868	0.07674	0.00609	0.01006
15	0.01000	0.00771	0.00914	0.01029	0.01171	0.00686	0.00715	0.01171	0.01713	0.02171	0.06131	0.45067	0.29687	0.02401	0.01029	0.00314	0.00457	0.02116	0.00771	0.00686
16	0.01975	0.02751	0.25574	0.02903	0.18544	0.01953	0.06963	0.10876	0.08306	0.03051	0.02033	0.07644	0.01695	0.00981	0.00846	0.00266	0.01021	0.00867	0.00520	0.01230
17	0.02299	0.01983	0.02935	0.03855	0.42304	0.02049	0.02127	0.19729	0.02506	0.03486	0.06897	0.02378	0.01878	0.00892	0.00838	0.00249	0.00917	0.00805	0.00573	0.01300
18	0.02626	0.10366	0.16311	0.02362	0.07909	0.41935	0.01977	0.03028	0.02124	0.02209	0.01339	0.01582	0.01086	0.00818	0.00743	0.00224	0.01340	0.00560	0.00403	0.01058

[dist]
# distance from previous block
# <min> <max>
3	6

[block]
# block no. 11 follows, 22 sequences, length 37
# corresponding to MSA columns:
# 456-492
name=unknown_L
#
# <colnr> <probs for GDERKNQSTAVLIFYWHMCP>
#	G	D	E	R	K	N	Q	S	T	A	V	L	I	F	Y	W	H	M	C	P
0	0.01311	0.01149	0.01297	0.01172	0.01454	0.03279	0.00903	0.01582	0.01906	0.02541	0.20326	0.09977	0.27688	0.01701	0.01130	0.00264	0.08554	0.01387	0.00707	0.11672
1	0.02387	0.02632	0.01911	0.01739	0.02100	0.36064	0.01332	0.08194	0.02464	0.02761	0.21094	0.03575	0.03448	0.01235	0.00857	0.00244	0.01051	0.05338	0.00639	0.00935
2	0.02906	0.09863	0.02486	0.01972	0.02457	0.46810	0.01536	0.11850	0.05024	0.02558	0.01729	0.01865	0.03597	0.00921	0.00753	0.00221	0.01281	0.00620	0.00510	0.01043
3	0.01417	0.00995	0.01167	0.01118	0.01377	0.00933	0.00834	0.07638	0.02151	0.06574	0.19610	0.23147	0.25959	0.01967	0.00978	0.00287	0.00497	0.01700	0.00826	0.00827
4	0.02516	0.07691	0.16849	0.02491	0.05986	0.36436	0.11193	0.02983	0.02103	0.02285	0.01394	0.01682	0.01106	0.00804	0.00783	0.00234	0.01364	0.00624	0.00405	0.01067
5	0.01740	0.26243	0.23369	0.02014	0.08760	0.02106	0.01902	0.02228	0.01724	0.02294	0.02326	0.14269	0.05495	0.01156	0.00764	0.00246	0.00908	0.00946	0.00457	0.01052
6	0.01026	0.00780	0.00945	0.01037	0.01183	0.00699	0.00727	0.01228	0.01801	0.02337	0.14643	0.40476	0.25504	0.02307	0.01023	0.00308	0.00449	0.02037	0.00792	0.00699
7	0.02081	0.01621	0.01441	0.01275	0.01680	0.13391	0.00987	0.05201	0.02183	0.16251	0.05654	0.05366	0.36435	0.01583	0.00899	0.00261	0.00708	0.01277	0.00766	0.00940
8	0.01872	0.01838	0.05403	0.02782	0.19915	0.01791	0.10456	0.08557	0.11082	0.02905	0.03254	0.03440	0.14191	0.01386	0.04196	0.00322	0.03889	0.01006	0.00586	0.01126
9	0.01142	0.00800	0.01030	0.01154	0.01224	0.00774	0.00809	0.01304	0.01580	0.02103	0.06765	0.36271	0.04743	0.22232	0.01991	0.00478	0.00629	0.13624	0.00699	0.00648
10	0.01920	0.02163	0.04642	0.03348	0.04122	0.02073	0.57240	0.02580	0.01903	0.02600	0.01679	0.02267	0.01289	0.00977	0.03986	0.00330	0.04401	0.00965	0.00419	0.01095
11	0.02114	0.06335	0.19863	0.01867	0.02436	0.24182	0.01791	0.02572	0.01873	0.02334	0.01654	0.02042	0.01352	0.01583	0.09565	0.00378	0.05142	0.00644	0.11292	0.00982
12	0.01015	0.00825	0.00899	0.00917	0.01152	0.00710	0.00674	0.01243	0.01917	0.02387	0.16250	0.16773	0.48110	0.02116	0.00993	0.00286	0.00425	0.01805	0.00793	0.00710
13	0.01417	0.00995	0.01159	0.01147	0.01262	0.01013	0.00761	0.10141	0.01745	0.02331	0.03272	0.29545	0.03726	0.34776	0.02532	0.00547	0.00698	0.01579	0.00653	0.00701
14	0.01028	0.00735	0.00978	0.01146	0.01208	0.00685	0.00772	0.01196	0.01663	0.02235	0.10321	0.64193	0.05717	0.02517	0.01053	0.00330	0.00473	0.02280	0.00785	0.00685
15	0.01924	0.01915	0.02579	0.06573	0.37551	0.09363	0.01962	0.02411	0.04650	0.02543	0.02993	0.03520	0.12991	0.01107	0.00862	0.00260	0.00924	0.04243	0.00515	0.01115
16	0.02314	0.01946	0.01691	0.01482	0.01842	0.15833	0.01135	0.18894	0.06101	0.03240	0.02210	0.05097	0.01839	0.04034	0.01085	0.06378	0.00837	0.00800	0.22271	0.00974
17	0.18430	0.12703	0.13280	0.02266	0.05318	0.11638	0.16060	0.06259	0.01939	0.02850	0.01417	0.01709	0.01104	0.00773	0.00735	0.00245	0.01103	0.00641	0.00445	0.01084
18	0.01203	0.00825	0.01007	0.01007	0.01042	0.00860	0.00629	0.01273	0.01238	0.01686	0.02525	0.04925	0.02798	0.55597	0.19132	0.00930	0.01140	0.01133	0.00490	0.00560
19	0.01206	0.00876	0.01266	0.01266	0.01402	0.01003	0.00964	0.01477	0.01341	0.01950	0.02287	0.03474	0.02174	0.12479	0.58070	0.01229	0.01998	0.00917	0.03902	0.00719
20	0.02476	0.51819	0.03775	0.01629	0.02258	0.21857	0.01475	0.02728	0.01881	0.01977	0.01192	0.01381	0.01067	0.00753	0.00596	0.00188	0.01065	0.00470	0.00376	0.01036
21	0.13043	0.17593	0.02456	0.01589	0.02050	0.08415	0.01332	0.14337	0.02070	0.02929	0.01728	0.07717	0.01590	0.01485	0.06344	0.00334	0.08991	0.00753	0.00531	0.04712
22	0.02187	0.20588	0.07361	0.02620	0.10922	0.13373	0.13673	0.02584	0.01804	0.02252	0.01339	0.01747	0.01141	0.00882	0.01123	0.00253	0.14028	0.00665	0.00389	0.01072
23	0.01184	0.00814	0.00976	0.01038	0.01085	0.00800	0.00676	0.01273	0.01404	0.01852	0.03449	0.17410	0.06183	0.46234	0.03100	0.00642	0.00728	0.09974	0.00599	0.00579
24	0.03014	0.03816	0.02306	0.02102	0.02517	0.64359	0.01579	0.03231	0.02306	0.02028	0.01328	0.01581	0.01117	0.01108	0.03875	0.00267	0.01532	0.00552	0.00429	0.00953
25	0.01575	0.01250	0.01368	0.01372	0.01600	0.04832	0.01031	0.13005	0.02143	0.02764	0.04264	0.39334	0.10343	0.02111	0.01003	0.00314	0.00652	0.09433	0.00762	0.00845
26	0.01403	0.00837	0.01090	0.01166	0.01328	0.00757	0.00820	0.01581	0.01740	0.11441	0.04839	0.53171	0.12003	0.02316	0.01018	0.00319	0.00507	0.02069	0.00809	0.00785
27	0.01031	0.00844	0.00910	0.00894	0.01153	0.00722	0.00670	0.01288	0.02011	0.02523	0.22948	0.07537	0.50579	0.02000	0.00981	0.00276	0.00413	0.01689	0.00808	0.00722
28	0.02056	0.01974	0.03372	0.05099	0.65622	0.01974	0.02550	0.02550	0.01892	0.02714	0.01563	0.02056	0.01316	0.00740	0.00822	0.00247	0.00987	0.00740	0.00411	0.01316
29	0.01805	0.02530	0.21987	0.21926	0.30504	0.01925	0.02638	0.02456	0.01787	0.02525	0.01517	0.02010	0.01179	0.00780	0.00815	0.00260	0.01092	0.00702	0.00382	0.01181
30	0.01884	0.02020	0.01773	0.01690	0.01889	0.23500	0.01284	0.02104	0.01724	0.02016	0.02256	0.17023	0.02338	0.02942	0.21226	0.00600	0.11341	0.01067	0.00498	0.00826
31	0.01076	0.00860	0.00972	0.00986	0.01235	0.00756	0.00767	0.01351	0.01996	0.02516	0.20171	0.07806	0.44012	0.02044	0.01005	0.00291	0.00464	0.10162	0.00802	0.00728
32	0.01949	0.02438	0.09598	0.02525	0.03106	0.14763	0.27468	0.02438	0.01927	0.02425	0.04588	0.14257	0.02205	0.01163	0.01033	0.00280	0.05243	0.01106	0.00493	0.00995
33	0.02150	0.01450	0.01712	0.01534	0.01939	0.01579	0.01198	0.05708	0.31086	0.15252	0.03198	0.09787	0.02606	0.02263	0.14080	0.00490	0.00970	0.01045	0.00793	0.01160
34	0.01812	0.01253	0.01468	0.01305	0.01579	0.01372	0.00999	0.18669	0.02109	0.03021	0.02330	0.03287	0.02080	0.15931	0.23830	0.00708	0.01231	0.00888	0.15237	0.00891
35	0.01358	0.01043	0.01238	0.01299	0.01469	0.01087	0.00917	0.04335	0.16543	0.02536	0.04083	0.47972	0.04492	0.06027	0.01179	0.00347	0.00559	0.01895	0.00776	0.00846
36	0.02482	0.02292	0.02252	0.02071	0.08686	0.14322	0.01489	0.19656	0.14833	0.03433	0.01970	0.02062	0.01518	0.00881	0.00767	0.00219	0.00910	0.00685	0.00636	0.18837

[dist]
