[name]
unknown

[dist]
# distance from previous block
# <min> <max>
0	17

[block]
# block no. 0 follows, 22 sequences, length 6
# corresponding to MSA columns:
# 18-23
name=unknown_A
#
# <colnr> <probs for GDERKNQSTAVLIFYWHMCP>
#	G	D	E	R	K	N	Q	S	T	A	V	L	I	F	Y	W	H	M	C	P
0	0.01189	0.00908	0.01130	0.01240	0.01469	0.00849	0.01041	0.01499	0.01904	0.02384	0.06089	0.08792	0.30234	0.02215	0.01078	0.00340	0.00620	0.35514	0.00768	0.00738
1	0.01876	0.01844	0.03385	0.10989	0.34093	0.01847	0.17999	0.02414	0.01888	0.02604	0.01990	0.03169	0.01775	0.00962	0.00911	0.00278	0.01076	0.09293	0.00460	0.01144
2	0.02146	0.02176	0.03186	0.09390	0.53696	0.09815	0.02419	0.02610	0.01930	0.02589	0.01523	0.02001	0.01271	0.00761	0.00814	0.00245	0.01057	0.00715	0.00410	0.01245
3	0.09800	0.02148	0.20982	0.02062	0.11258	0.01434	0.01759	0.02254	0.01950	0.07165	0.21483	0.08329	0.03568	0.01213	0.00846	0.00265	0.00781	0.01034	0.00628	0.01039
4	0.02142	0.02253	0.16298	0.25257	0.17618	0.01865	0.02306	0.07797	0.02026	0.11803	0.01801	0.02150	0.01303	0.00844	0.00821	0.00262	0.01033	0.00727	0.00508	0.01186
5	0.14800	0.02144	0.13749	0.11867	0.05910	0.01848	0.17444	0.02301	0.01695	0.02645	0.02082	0.02502	0.06649	0.01205	0.04334	0.00331	0.06220	0.00822	0.00444	0.01009

[dist]
# distance from previous block
# <min> <max>
2	9

[block]
# block no. 1 follows, 22 sequences, length 17
# corresponding to MSA columns:
# 33-49
name=unknown_B
#
# <colnr> <probs for GDERKNQSTAVLIFYWHMCP>
#	G	D	E	R	K	N	Q	S	T	A	V	L	I	F	Y	W	H	M	C	P
0	0.01894	0.06035	0.01656	0.01305	0.01708	0.06299	0.01037	0.14515	0.10417	0.03171	0.08269	0.04412	0.22501	0.01381	0.00829	0.00249	0.00654	0.01112	0.11572	0.00984
1	0.01857	0.02600	0.20263	0.03117	0.16303	0.02169	0.14956	0.02421	0.01674	0.02455	0.01419	0.01939	0.01163	0.00970	0.01447	0.00295	0.22696	0.00752	0.00382	0.01123
2	0.02062	0.19772	0.11290	0.08261	0.15034	0.06399	0.01862	0.02783	0.10788	0.05286	0.02302	0.02464	0.06444	0.00931	0.00757	0.00240	0.00933	0.00748	0.00504	0.01139
3	0.02184	0.20065	0.15080	0.06239	0.11932	0.09469	0.13439	0.07392	0.02025	0.02592	0.01469	0.01798	0.01165	0.00772	0.00767	0.00237	0.01140	0.00666	0.00421	0.01149
4	0.01706	0.03842	0.54934	0.06937	0.11076	0.01929	0.02959	0.02589	0.01764	0.02608	0.01498	0.01819	0.01087	0.00786	0.00796	0.00262	0.01192	0.00637	0.00359	0.01219
5	0.02137	0.02482	0.16608	0.11610	0.18849	0.06433	0.02147	0.15063	0.02191	0.02951	0.01593	0.02015	0.01249	0.01078	0.01098	0.09152	0.01044	0.00697	0.00476	0.01128
6	0.21665	0.04686	0.01953	0.14116	0.02656	0.11373	0.01392	0.10591	0.07036	0.03231	0.11351	0.02502	0.02233	0.00993	0.00748	0.00253	0.00863	0.00756	0.00598	0.01003
7	0.02264	0.02160	0.02396	0.02007	0.02343	0.12206	0.05508	0.17386	0.06257	0.02970	0.02234	0.07116	0.05595	0.01300	0.01491	0.00295	0.23931	0.00912	0.00578	0.01053
8	0.01963	0.01541	0.01581	0.01415	0.01738	0.07209	0.01063	0.11237	0.14610	0.07204	0.18644	0.10830	0.03931	0.11630	0.01388	0.00347	0.00709	0.01198	0.00778	0.00985
9	0.02799	0.02283	0.02229	0.01791	0.02367	0.09402	0.01447	0.43925	0.08818	0.04378	0.02795	0.02744	0.08995	0.01124	0.00841	0.00252	0.00897	0.00860	0.00781	0.01271
10	0.07445	0.02787	0.02185	0.01877	0.02354	0.30682	0.01470	0.24148	0.02699	0.03262	0.01665	0.01921	0.01327	0.01680	0.10442	0.00392	0.01343	0.00657	0.00579	0.01087
11	0.02199	0.02640	0.10648	0.04085	0.41171	0.14272	0.07738	0.02713	0.01969	0.02572	0.01512	0.01933	0.01234	0.00764	0.00819	0.00245	0.01147	0.00708	0.00408	0.01222
12	0.01582	0.01334	0.01560	0.01465	0.01582	0.04088	0.01079	0.06553	0.05927	0.02288	0.02798	0.23535	0.03072	0.20771	0.02278	0.00456	0.16876	0.01360	0.00598	0.00797
13	0.01296	0.01470	0.10937	0.05793	0.02040	0.01094	0.03772	0.01703	0.01861	0.02469	0.14623	0.06162	0.19104	0.09832	0.01361	0.00358	0.00738	0.13912	0.00660	0.00814
14	0.03133	0.03078	0.02429	0.02017	0.02573	0.32452	0.01591	0.35443	0.03192	0.03761	0.01667	0.01766	0.01255	0.00932	0.00793	0.00233	0.01183	0.00650	0.00646	0.01206
15	0.01355	0.01007	0.01070	0.01013	0.01304	0.00942	0.00748	0.01840	0.10496	0.06724	0.06520	0.06587	0.43166	0.11853	0.01423	0.00355	0.00529	0.01498	0.00761	0.00807
16	0.01721	0.01833	0.06546	0.03277	0.34874	0.05613	0.01867	0.02119	0.01870	0.02483	0.03426	0.12773	0.15541	0.01302	0.00883	0.00266	0.00843	0.01162	0.00535	0.01067

[dist]
# distance from previous block
# <min> <max>
44	188

[block]
# block no. 2 follows, 22 sequences, length 11
# corresponding to MSA columns:
# 249-259
name=unknown_C
#
# <colnr> <probs for GDERKNQSTAVLIFYWHMCP>
#	G	D	E	R	K	N	Q	S	T	A	V	L	I	F	Y	W	H	M	C	P
0	0.02206	0.02115	0.02083	0.01937	0.07734	0.15911	0.01388	0.13160	0.02294	0.02990	0.08751	0.07095	0.02256	0.01068	0.00927	0.00224	0.05856	0.00830	0.00589	0.20587
1	0.02440	0.07803	0.02904	0.08058	0.27859	0.19916	0.01995	0.09503	0.06603	0.02760	0.01626	0.01928	0.01312	0.00832	0.00784	0.00238	0.01096	0.00677	0.00485	0.01183
2	0.01808	0.01663	0.01541	0.01477	0.01748	0.13272	0.01092	0.08888	0.11078	0.02843	0.13564	0.29961	0.04202	0.01746	0.00934	0.00285	0.00725	0.01505	0.00750	0.00919
3	0.02025	0.16583	0.21107	0.07159	0.15044	0.12951	0.02143	0.02535	0.01846	0.02333	0.01677	0.07793	0.01507	0.00939	0.00765	0.00242	0.01084	0.00755	0.00415	0.01099
4	0.02588	0.21376	0.02900	0.02258	0.13739	0.17323	0.01583	0.03025	0.05725	0.13971	0.06206	0.02216	0.01848	0.00900	0.00740	0.00225	0.00967	0.00693	0.00572	0.01146
5	0.05512	0.35139	0.10866	0.02319	0.13771	0.02692	0.01863	0.02424	0.01644	0.02260	0.01256	0.01601	0.01106	0.00863	0.01014	0.00238	0.13395	0.00569	0.00374	0.01094
6	0.07162	0.02661	0.22771	0.03321	0.30214	0.01924	0.02366	0.07847	0.01977	0.02980	0.01542	0.01876	0.01205	0.00769	0.00772	0.00241	0.00997	0.00658	0.00444	0.08273
7	0.05205	0.01791	0.12111	0.01598	0.05548	0.07040	0.01381	0.02173	0.01853	0.02816	0.05275	0.04028	0.02548	0.01213	0.00776	0.00255	0.00751	0.13064	0.29672	0.00902
8	0.13355	0.07963	0.01934	0.01446	0.01930	0.01873	0.01174	0.17817	0.13744	0.08015	0.08204	0.08996	0.07671	0.01255	0.00805	0.00262	0.00687	0.01005	0.00754	0.01110
9	0.02303	0.02581	0.02809	0.11787	0.19989	0.24864	0.04968	0.02655	0.01900	0.02252	0.01365	0.01844	0.01155	0.00935	0.01191	0.00265	0.15009	0.00678	0.00402	0.01050
10	0.10873	0.03008	0.16324	0.01960	0.02671	0.16437	0.01824	0.27272	0.05684	0.03719	0.01703	0.01815	0.01256	0.00902	0.00770	0.00247	0.01068	0.00648	0.00604	0.01213

[dist]
# distance from previous block
# <min> <max>
17	57

[block]
# block no. 3 follows, 22 sequences, length 13
# corresponding to MSA columns:
# 318-330
name=unknown_D
#
# <colnr> <probs for GDERKNQSTAVLIFYWHMCP>
#	G	D	E	R	K	N	Q	S	T	A	V	L	I	F	Y	W	H	M	C	P
0	0.01930	0.01739	0.10829	0.15058	0.07363	0.01458	0.01700	0.02607	0.08662	0.14129	0.06031	0.07052	0.09683	0.01295	0.00892	0.00283	0.00821	0.06732	0.00668	0.01067
1	0.14857	0.01623	0.06392	0.02322	0.18550	0.04577	0.01469	0.01964	0.01688	0.02595	0.02793	0.31756	0.03042	0.01571	0.00866	0.00288	0.00747	0.01380	0.00584	0.00938
2	0.01870	0.06927	0.13510	0.05646	0.15277	0.06535	0.12778	0.02396	0.01778	0.02480	0.01700	0.02200	0.01385	0.01454	0.08684	0.00377	0.04599	0.00748	0.08594	0.01061
3	0.01574	0.17009	0.02225	0.01906	0.11831	0.01610	0.01336	0.01976	0.04881	0.02348	0.03842	0.16517	0.13162	0.01654	0.00900	0.00285	0.00718	0.14682	0.00622	0.00922
4	0.02162	0.02260	0.03002	0.17089	0.41624	0.14608	0.02319	0.02614	0.01936	0.02466	0.01492	0.01980	0.01227	0.00780	0.00810	0.00246	0.01109	0.00700	0.00406	0.01170
5	0.02315	0.02573	0.02779	0.20068	0.27529	0.25836	0.02144	0.02722	0.02002	0.02317	0.01439	0.01893	0.01174	0.00805	0.00798	0.00242	0.01204	0.00665	0.00407	0.01088
6	0.02160	0.02390	0.03349	0.16197	0.20082	0.16772	0.18595	0.02644	0.01940	0.02397	0.01493	0.02000	0.01194	0.00807	0.00942	0.00260	0.04524	0.00758	0.00407	0.01087
7	0.01359	0.01115	0.01507	0.06117	0.07936	0.01057	0.01190	0.01677	0.01753	0.02345	0.04144	0.10332	0.17424	0.05803	0.06267	0.00391	0.00800	0.15399	0.00624	0.12760
8	0.01222	0.01186	0.05873	0.01486	0.05833	0.00952	0.01168	0.01558	0.01877	0.02413	0.08529	0.14328	0.29070	0.02011	0.01015	0.00313	0.00624	0.19021	0.00722	0.00800
9	0.02193	0.15421	0.02312	0.04638	0.02137	0.04621	0.01276	0.23224	0.05197	0.03257	0.02623	0.13744	0.04972	0.05467	0.01006	0.00283	0.00801	0.01028	0.04741	0.01056
10	0.03072	0.03071	0.02476	0.02193	0.06023	0.32906	0.01644	0.31696	0.03070	0.03599	0.01638	0.01766	0.01247	0.00917	0.00792	0.00233	0.01191	0.00648	0.00620	0.01197
11	0.01180	0.00841	0.01109	0.01103	0.01209	0.00870	0.00776	0.01395	0.01585	0.02216	0.19628	0.08836	0.04164	0.26189	0.24407	0.00807	0.01150	0.01251	0.00612	0.00670
12	0.02376	0.01378	0.01672	0.01464	0.01854	0.01377	0.01129	0.19915	0.02479	0.20463	0.03472	0.32027	0.03370	0.01707	0.00932	0.00290	0.00669	0.01476	0.00859	0.01091

[dist]
# distance from previous block
# <min> <max>
0	6

[block]
# block no. 4 follows, 22 sequences, length 17
# corresponding to MSA columns:
# 337-353
name=unknown_E
#
# <colnr> <probs for GDERKNQSTAVLIFYWHMCP>
#	G	D	E	R	K	N	Q	S	T	A	V	L	I	F	Y	W	H	M	C	P
0	0.05963	0.14767	0.22211	0.02957	0.18990	0.02159	0.12519	0.02551	0.01792	0.02602	0.01464	0.01816	0.01158	0.00738	0.00761	0.00239	0.01072	0.00663	0.00395	0.05181
1	0.02218	0.02026	0.03243	0.04631	0.56359	0.02062	0.02407	0.11410	0.02188	0.03085	0.01626	0.02047	0.01330	0.00778	0.00824	0.00247	0.00976	0.00741	0.00473	0.01330
2	0.02119	0.01674	0.02036	0.02115	0.12619	0.04441	0.01439	0.16970	0.02218	0.03260	0.01975	0.02372	0.01589	0.01286	0.04484	0.00305	0.12790	0.00750	0.24505	0.01052
3	0.02198	0.02253	0.05680	0.07287	0.42036	0.10697	0.02217	0.07019	0.02073	0.02802	0.01634	0.02048	0.01328	0.00798	0.00794	0.00241	0.01023	0.00710	0.05950	0.01212
4	0.02016	0.01933	0.03299	0.10373	0.60664	0.01963	0.02529	0.02514	0.01873	0.02665	0.01556	0.02069	0.01299	0.00748	0.00823	0.00249	0.00997	0.00740	0.00408	0.01283
5	0.02758	0.02707	0.02756	0.03091	0.24518	0.22343	0.01925	0.23536	0.02727	0.03372	0.01626	0.01863	0.01274	0.00864	0.00803	0.00238	0.01119	0.00680	0.00561	0.01241
6	0.01080	0.00914	0.01052	0.01170	0.05520	0.00797	0.00786	0.01328	0.01935	0.02403	0.14675	0.10264	0.51182	0.01985	0.00974	0.00279	0.00459	0.01682	0.00764	0.00752
7	0.01335	0.01016	0.01026	0.01027	0.01077	0.05332	0.00632	0.01395	0.01348	0.01765	0.02667	0.10133	0.02995	0.53977	0.06959	0.00728	0.00884	0.01218	0.03913	0.00573
8	0.01173	0.00769	0.00981	0.01085	0.01177	0.00768	0.00754	0.01384	0.01549	0.02257	0.03622	0.39294	0.03995	0.08323	0.12470	0.00513	0.00783	0.01679	0.16731	0.00694
9	0.02056	0.01974	0.03372	0.05099	0.65622	0.01974	0.02550	0.02550	0.01892	0.02714	0.01563	0.02056	0.01316	0.00740	0.00822	0.00247	0.00987	0.00740	0.00411	0.01316
10	0.02833	0.02630	0.02583	0.08795	0.12005	0.19709	0.01796	0.32481	0.02987	0.03721	0.01693	0.01892	0.01278	0.00907	0.00808	0.00242	0.01099	0.00689	0.00619	0.01232
11	0.01223	0.00972	0.01350	0.12977	0.02108	0.00949	0.01071	0.01485	0.01663	0.02273	0.06852	0.44849	0.04228	0.01952	0.00950	0.00291	0.00606	0.01757	0.00668	0.11775
12	0.01684	0.01603	0.01604	0.10844	0.02181	0.12764	0.01194	0.05973	0.01986	0.02450	0.12432	0.15409	0.11922	0.09207	0.01370	0.00335	0.04305	0.01284	0.00630	0.00823
13	0.02609	0.02596	0.02637	0.15199	0.16587	0.22340	0.01930	0.20256	0.02577	0.03127	0.01586	0.01896	0.01229	0.00868	0.00804	0.00243	0.01146	0.00679	0.00531	0.01162
14	0.02039	0.24048	0.13016	0.02374	0.15594	0.11789	0.01826	0.02469	0.01937	0.02429	0.10254	0.02497	0.04568	0.00939	0.00744	0.00226	0.00966	0.00741	0.00469	0.01076
15	0.24177	0.08160	0.02442	0.02528	0.18232	0.26645	0.01624	0.02802	0.01910	0.02692	0.01307	0.01583	0.01082	0.00790	0.00682	0.00232	0.01071	0.00555	0.00443	0.01042
16	0.02267	0.02150	0.02471	0.03088	0.29043	0.14112	0.01793	0.08249	0.10115	0.02976	0.01977	0.02256	0.01573	0.00873	0.00771	0.00236	0.00932	0.00734	0.13217	0.01167

[dist]
# distance from previous block
# <min> <max>
5	25

[block]
# block no. 5 follows, 22 sequences, length 15
# corresponding to MSA columns:
# 380-394
name=unknown_F
#
# <colnr> <probs for GDERKNQSTAVLIFYWHMCP>
#	G	D	E	R	K	N	Q	S	T	A	V	L	I	F	Y	W	H	M	C	P
0	0.03016	0.03541	0.02325	0.02063	0.02515	0.53640	0.01572	0.12848	0.02554	0.02546	0.01446	0.01667	0.01176	0.01149	0.04120	0.00276	0.01440	0.00587	0.00494	0.01025
1	0.02521	0.01867	0.02058	0.01674	0.02192	0.01997	0.01335	0.43103	0.03172	0.04278	0.02597	0.18893	0.02411	0.01367	0.00872	0.00262	0.00785	0.01129	0.00791	0.06695
2	0.02056	0.01974	0.03372	0.05099	0.65622	0.01974	0.02550	0.02550	0.01892	0.02714	0.01563	0.02056	0.01316	0.00740	0.00822	0.00247	0.00987	0.00740	0.00411	0.01316
3	0.02190	0.01626	0.02172	0.19646	0.08978	0.01757	0.01643	0.03341	0.24870	0.13915	0.02502	0.02585	0.01832	0.00945	0.00815	0.00257	0.00811	0.00805	0.00676	0.08634
4	0.03136	0.02992	0.02437	0.02005	0.02573	0.29015	0.01590	0.38596	0.03274	0.03931	0.01705	0.01792	0.01273	0.00940	0.00798	0.00235	0.01152	0.00661	0.00667	0.01230
5	0.02995	0.02407	0.02479	0.08578	0.02888	0.09030	0.01654	0.50834	0.03527	0.04604	0.01872	0.01966	0.01348	0.00967	0.00823	0.00248	0.00992	0.00726	0.00745	0.01319
6	0.01148	0.00780	0.00924	0.00983	0.00998	0.00765	0.00586	0.01192	0.01326	0.01768	0.03222	0.25410	0.03783	0.49791	0.03252	0.00661	0.00706	0.01564	0.00586	0.00556
7	0.01203	0.00826	0.01012	0.01012	0.01049	0.00863	0.00636	0.01276	0.01240	0.01690	0.02520	0.04898	0.02786	0.54801	0.19912	0.00937	0.01157	0.01129	0.00489	0.00562
8	0.03034	0.02402	0.02410	0.01899	0.02510	0.08928	0.01549	0.53240	0.03597	0.04718	0.01938	0.02022	0.01419	0.01299	0.04843	0.00311	0.01051	0.00735	0.00768	0.01328
9	0.01519	0.00873	0.00937	0.00930	0.01102	0.00882	0.00665	0.05719	0.01781	0.02861	0.02947	0.14077	0.02751	0.11617	0.01216	0.00311	0.00499	0.01090	0.47460	0.00760
10	0.01883	0.08646	0.02886	0.03258	0.29442	0.02116	0.02016	0.02240	0.01684	0.02382	0.01835	0.03093	0.01782	0.01208	0.01433	0.00298	0.21984	0.10290	0.00448	0.01077
11	0.02553	0.01880	0.02113	0.01710	0.02207	0.02090	0.01382	0.43970	0.03108	0.04201	0.02088	0.02509	0.01671	0.06298	0.17713	0.00553	0.01236	0.00810	0.00716	0.01193
12	0.01024	0.00728	0.00960	0.01141	0.01187	0.00683	0.00755	0.01160	0.01567	0.02089	0.04459	0.66295	0.05343	0.06777	0.01254	0.00366	0.00502	0.02291	0.00755	0.00664
13	0.01991	0.02155	0.04410	0.04015	0.24026	0.02060	0.43314	0.02625	0.01939	0.02678	0.01643	0.02182	0.01278	0.00713	0.00930	0.00269	0.01268	0.00903	0.00417	0.01183
14	0.03045	0.03505	0.02449	0.02290	0.06727	0.50290	0.01662	0.15066	0.02631	0.02713	0.01443	0.01633	0.01154	0.00876	0.00770	0.00223	0.01349	0.00591	0.00507	0.01075

[dist]
# distance from previous block
# <min> <max>
0	2

[block]
# block no. 6 follows, 22 sequences, length 6
# corresponding to MSA columns:
# 397-402
name=unknown_G
#
# <colnr> <probs for GDERKNQSTAVLIFYWHMCP>
#	G	D	E	R	K	N	Q	S	T	A	V	L	I	F	Y	W	H	M	C	P
0	0.01448	0.00962	0.01158	0.01126	0.01283	0.01021	0.00809	0.07601	0.01684	0.02463	0.02730	0.12576	0.02731	0.21499	0.19742	0.00692	0.01062	0.01131	0.17537	0.00743
1	0.02840	0.03521	0.02393	0.02149	0.02489	0.54169	0.01649	0.03047	0.02133	0.02026	0.01244	0.01564	0.01074	0.00979	0.01154	0.00245	0.15385	0.00574	0.00415	0.00952
2	0.02203	0.02299	0.02862	0.03688	0.37919	0.15333	0.02075	0.02591	0.01902	0.02502	0.01447	0.01874	0.01232	0.00819	0.00970	0.00235	0.07868	0.00664	0.00421	0.11096
3	0.02237	0.15683	0.02152	0.01387	0.01827	0.01761	0.01122	0.12449	0.07229	0.14736	0.03080	0.14019	0.06397	0.10714	0.01277	0.00330	0.00733	0.01104	0.00714	0.01047
4	0.06241	0.01601	0.06716	0.17984	0.13565	0.01508	0.01652	0.06892	0.01955	0.02698	0.06266	0.09822	0.17149	0.01325	0.00870	0.00273	0.00799	0.01136	0.00578	0.00970
5	0.19166	0.05755	0.02210	0.02205	0.12597	0.25909	0.01488	0.02913	0.04889	0.07113	0.06762	0.02100	0.01762	0.00904	0.00728	0.00237	0.01010	0.00664	0.00541	0.01045

[dist]
# distance from previous block
# <min> <max>
1	12

[block]
# block no. 7 follows, 22 sequences, length 12
# corresponding to MSA columns:
# 416-427
name=unknown_H
#
# <colnr> <probs for GDERKNQSTAVLIFYWHMCP>
#	G	D	E	R	K	N	Q	S	T	A	V	L	I	F	Y	W	H	M	C	P
0	0.07658	0.02649	0.02639	0.03002	0.22126	0.26486	0.01903	0.02693	0.01879	0.02357	0.01315	0.01740	0.01140	0.00960	0.01239	0.00264	0.17842	0.00640	0.00413	0.01056
1	0.49775	0.05913	0.02031	0.02074	0.15218	0.01936	0.04251	0.02426	0.01565	0.03290	0.01406	0.04341	0.01201	0.00832	0.00625	0.00254	0.00760	0.00614	0.00489	0.00999
2	0.01326	0.01008	0.01169	0.01195	0.01398	0.00995	0.00869	0.07660	0.06310	0.02549	0.05063	0.35535	0.19720	0.06576	0.01210	0.00343	0.00559	0.04957	0.00765	0.00795
3	0.09467	0.19988	0.03011	0.01877	0.02396	0.02292	0.12817	0.02680	0.13876	0.02602	0.02476	0.02651	0.08420	0.01056	0.01041	0.00263	0.10689	0.00826	0.00526	0.01046
4	0.02561	0.06139	0.02787	0.03038	0.23417	0.27255	0.01903	0.09012	0.06216	0.02669	0.01563	0.01851	0.01282	0.00884	0.00917	0.00242	0.05974	0.00660	0.00482	0.01149
5	0.01448	0.01297	0.01787	0.01651	0.01703	0.01636	0.01300	0.01658	0.01573	0.02287	0.14214	0.23785	0.03719	0.01855	0.01883	0.00336	0.35083	0.01378	0.00593	0.00813
6	0.01587	0.01299	0.01635	0.01444	0.01646	0.01433	0.01115	0.04953	0.01567	0.02238	0.02226	0.04173	0.02346	0.25901	0.02532	0.00471	0.18676	0.09374	0.00520	0.14863
7	0.05205	0.06644	0.26788	0.01600	0.02274	0.01443	0.01763	0.01985	0.01805	0.02492	0.04230	0.05035	0.22962	0.01468	0.00882	0.00283	0.00833	0.10790	0.00567	0.00950
8	0.08046	0.14125	0.01634	0.01089	0.01373	0.01393	0.00880	0.01871	0.01568	0.02503	0.02334	0.08676	0.02160	0.06453	0.15642	0.00498	0.00944	0.00875	0.27129	0.00808
9	0.02347	0.02835	0.09426	0.03890	0.39473	0.22624	0.02304	0.02800	0.02024	0.02491	0.01468	0.01850	0.01212	0.00782	0.00796	0.00238	0.01172	0.00663	0.00410	0.01196
10	0.02111	0.02148	0.02607	0.03494	0.36610	0.15148	0.01895	0.02571	0.05741	0.02415	0.01817	0.02642	0.01662	0.13956	0.01449	0.00347	0.01037	0.00799	0.00459	0.01091
11	0.02320	0.15401	0.03218	0.09336	0.31816	0.16264	0.02067	0.05532	0.02028	0.02492	0.01439	0.01812	0.01202	0.00780	0.00753	0.00230	0.01085	0.00641	0.00421	0.01163

[dist]
# distance from previous block
# <min> <max>
0	32

[block]
# block no. 8 follows, 22 sequences, length 22
# corresponding to MSA columns:
# 460-481
name=unknown_I
#
# <colnr> <probs for GDERKNQSTAVLIFYWHMCP>
#	G	D	E	R	K	N	Q	S	T	A	V	L	I	F	Y	W	H	M	C	P
0	0.01794	0.01596	0.02340	0.02870	0.26715	0.01644	0.03693	0.07346	0.07564	0.02970	0.13665	0.03888	0.13870	0.01239	0.00996	0.00266	0.04745	0.01074	0.00631	0.01095
1	0.02318	0.13974	0.03308	0.03824	0.40924	0.16855	0.02150	0.02711	0.01961	0.02435	0.01432	0.01811	0.01219	0.00761	0.00758	0.00228	0.01085	0.00645	0.00406	0.01195
2	0.02483	0.17785	0.03168	0.06762	0.26447	0.13393	0.01925	0.07841	0.02124	0.08175	0.01606	0.01871	0.01280	0.00805	0.00747	0.00229	0.01028	0.00648	0.00489	0.01195
3	0.02151	0.02050	0.02215	0.02694	0.23350	0.16237	0.01605	0.02647	0.07267	0.08069	0.03637	0.03675	0.18540	0.01189	0.00852	0.00252	0.00898	0.00990	0.00602	0.01081
4	0.01984	0.02119	0.01899	0.01763	0.01950	0.23360	0.01361	0.02203	0.01724	0.02088	0.02033	0.13449	0.02053	0.02237	0.12786	0.00466	0.19516	0.00967	0.05192	0.00851
5	0.01192	0.00799	0.00911	0.00926	0.00930	0.00795	0.00525	0.01204	0.01239	0.01652	0.02775	0.10634	0.03219	0.65336	0.03974	0.00768	0.00779	0.01301	0.00525	0.00517
6	0.02085	0.01562	0.01700	0.01508	0.01899	0.01737	0.01140	0.06943	0.41103	0.08800	0.03123	0.03536	0.02538	0.16709	0.01601	0.00395	0.00709	0.00979	0.00784	0.01148
7	0.03103	0.03959	0.02354	0.02140	0.02568	0.67469	0.01605	0.03317	0.02354	0.02033	0.01284	0.01498	0.01070	0.00856	0.00749	0.00214	0.01498	0.00535	0.00428	0.00963
8	0.02068	0.04841	0.02039	0.01677	0.01956	0.08981	0.01310	0.12806	0.12324	0.02711	0.02064	0.02908	0.01878	0.17051	0.06196	0.00466	0.16332	0.00851	0.00567	0.00974
9	0.03141	0.02836	0.02450	0.01983	0.02574	0.22796	0.01587	0.44302	0.03422	0.04238	0.01773	0.01840	0.01306	0.00953	0.00806	0.00238	0.01096	0.00682	0.00705	0.01273
10	0.02221	0.71304	0.04353	0.01421	0.02132	0.03287	0.01421	0.02488	0.01688	0.01955	0.01155	0.01333	0.01066	0.00711	0.00533	0.00178	0.00888	0.00444	0.00355	0.01066
11	0.02821	0.03448	0.02540	0.02637	0.13045	0.51097	0.01780	0.03079	0.02186	0.02144	0.01314	0.01618	0.01113	0.00887	0.00927	0.00232	0.07109	0.00585	0.00420	0.01017
12	0.02021	0.01954	0.03380	0.09044	0.59324	0.01971	0.05010	0.02527	0.01880	0.02675	0.01562	0.02074	0.01300	0.00744	0.00829	0.00250	0.01012	0.00750	0.00409	0.01283
13	0.01983	0.01834	0.01653	0.01482	0.01886	0.12477	0.01158	0.12909	0.16274	0.03075	0.08080	0.04759	0.22822	0.01474	0.00896	0.00269	0.00756	0.04451	0.00749	0.01013
14	0.01493	0.01312	0.01850	0.02225	0.15905	0.05119	0.01410	0.01829	0.01519	0.02110	0.02022	0.02890	0.01848	0.04688	0.48692	0.01026	0.01906	0.00836	0.00436	0.00883
15	0.09498	0.02387	0.10511	0.02085	0.07731	0.07811	0.01701	0.28835	0.02658	0.03712	0.01790	0.02076	0.01390	0.01787	0.11902	0.00429	0.01205	0.00707	0.00604	0.01181
16	0.01793	0.04967	0.01254	0.01066	0.01293	0.12399	0.00787	0.02077	0.01753	0.02600	0.02368	0.03132	0.02045	0.12930	0.01234	0.00301	0.00676	0.00791	0.45759	0.00775
17	0.02221	0.01594	0.01665	0.01449	0.01804	0.07198	0.01098	0.17815	0.05298	0.11820	0.12085	0.14662	0.03410	0.12362	0.01421	0.00353	0.00759	0.01204	0.00774	0.01009
18	0.01617	0.01346	0.01229	0.01193	0.01362	0.11973	0.00859	0.01847	0.01589	0.02200	0.02313	0.03497	0.02174	0.20930	0.20249	0.00678	0.01196	0.00882	0.22142	0.00725
19	0.02509	0.03417	0.16908	0.06880	0.13827	0.32633	0.02137	0.07346	0.02211	0.02526	0.01443	0.01733	0.01136	0.00830	0.00782	0.00237	0.01282	0.00616	0.00434	0.01114
20	0.14126	0.01218	0.01113	0.01073	0.01330	0.06865	0.00826	0.02040	0.01650	0.02847	0.02218	0.02703	0.01820	0.02103	0.15568	0.00461	0.00939	0.00725	0.39570	0.00804
21	0.02129	0.60133	0.14714	0.01579	0.02376	0.03061	0.01696	0.02511	0.01699	0.02067	0.01211	0.01403	0.01064	0.00724	0.00576	0.00192	0.00945	0.00472	0.00355	0.01093

[dist]
# distance from previous block
# <min> <max>
0	1

[block]
# block no. 9 follows, 22 sequences, length 20
# corresponding to MSA columns:
# 483-502
name=unknown_J
#
# <colnr> <probs for GDERKNQSTAVLIFYWHMCP>
#	G	D	E	R	K	N	Q	S	T	A	V	L	I	F	Y	W	H	M	C	P
0	0.01265	0.01090	0.01169	0.01105	0.01403	0.01091	0.00849	0.01924	0.14634	0.02558	0.10907	0.06519	0.44821	0.01839	0.01052	0.00284	0.04361	0.01511	0.00773	0.00844
1	0.02609	0.02516	0.02128	0.01907	0.05328	0.23279	0.01427	0.26982	0.02860	0.03413	0.03151	0.03153	0.15315	0.01182	0.00837	0.00245	0.01000	0.00899	0.00666	0.01105
2	0.02242	0.02223	0.01838	0.02053	0.12743	0.26991	0.01320	0.02580	0.02007	0.02616	0.01956	0.02294	0.01576	0.00885	0.00688	0.00211	0.00924	0.00675	0.33236	0.00941
3	0.01881	0.10321	0.55589	0.02209	0.03342	0.02000	0.02769	0.02730	0.01797	0.07600	0.01601	0.01800	0.01133	0.00801	0.00769	0.00255	0.01155	0.00616	0.00405	0.01227
4	0.01714	0.01625	0.02755	0.49782	0.23610	0.01884	0.02380	0.02250	0.01730	0.02299	0.01502	0.02167	0.01170	0.00804	0.00828	0.00268	0.01071	0.00739	0.00382	0.01040
5	0.02914	0.18610	0.02804	0.01964	0.02473	0.48246	0.01563	0.07848	0.02331	0.02269	0.01312	0.01501	0.01096	0.00835	0.00708	0.00209	0.01318	0.00532	0.00444	0.01021
6	0.02796	0.01968	0.02140	0.01684	0.02213	0.02142	0.01341	0.47068	0.03274	0.07950	0.02193	0.02737	0.01774	0.15108	0.01518	0.00362	0.00880	0.00846	0.00776	0.01229
7	0.01242	0.00945	0.01337	0.01308	0.01412	0.01107	0.00983	0.01464	0.01302	0.01864	0.02221	0.03626	0.02205	0.20023	0.48473	0.01142	0.07244	0.00947	0.00451	0.00703
8	0.03158	0.02327	0.02493	0.01911	0.02576	0.02576	0.01579	0.62852	0.03906	0.05236	0.01995	0.01995	0.01413	0.00997	0.00831	0.00249	0.00914	0.00748	0.00831	0.01413
9	0.02221	0.71304	0.04353	0.01421	0.02132	0.03287	0.01421	0.02488	0.01688	0.01955	0.01155	0.01333	0.01066	0.00711	0.00533	0.00178	0.00888	0.00444	0.00355	0.01066
10	0.02066	0.01785	0.01878	0.01691	0.02160	0.02066	0.01315	0.04414	0.64121	0.03475	0.03381	0.03099	0.02536	0.01127	0.00845	0.00282	0.00657	0.00939	0.00845	0.01315
11	0.01590	0.01396	0.01398	0.01361	0.01566	0.12443	0.01044	0.01891	0.01593	0.02183	0.02161	0.02925	0.01914	0.04240	0.42470	0.00911	0.01728	0.00805	0.15594	0.00786
12	0.01061	0.00845	0.00951	0.00924	0.01170	0.00735	0.00693	0.01345	0.02079	0.02686	0.31461	0.07269	0.41965	0.01939	0.00981	0.00273	0.00409	0.01651	0.00830	0.00735
13	0.01835	0.01424	0.01489	0.01261	0.01692	0.01436	0.01003	0.25359	0.02682	0.03417	0.05899	0.05643	0.40251	0.01670	0.00923	0.00268	0.00614	0.01359	0.00795	0.00980
14	0.01659	0.01157	0.01454	0.01337	0.01599	0.01295	0.01054	0.13979	0.01938	0.02836	0.02278	0.02973	0.01953	0.04095	0.40328	0.00882	0.01584	0.00838	0.15877	0.00884
15	0.18884	0.01805	0.01880	0.01560	0.02066	0.01976	0.01251	0.34544	0.02824	0.06951	0.02389	0.15687	0.02153	0.01273	0.00808	0.00269	0.00758	0.01013	0.00758	0.01151
16	0.01606	0.01209	0.01396	0.01146	0.01622	0.01014	0.00880	0.04637	0.01800	0.02789	0.02398	0.15889	0.02298	0.01112	0.00707	0.00188	0.00552	0.00944	0.17008	0.40806
17	0.01866	0.01861	0.03298	0.17977	0.24148	0.01934	0.17222	0.02381	0.01782	0.02504	0.01519	0.02077	0.01226	0.00803	0.01018	0.00259	0.07448	0.00771	0.00409	0.09499
18	0.02047	0.01999	0.03515	0.04950	0.59904	0.01986	0.08153	0.02560	0.01898	0.02709	0.01574	0.02073	0.01311	0.00736	0.00837	0.00250	0.01026	0.00763	0.00412	0.01298
19	0.01921	0.01840	0.03110	0.21236	0.47496	0.01967	0.02455	0.02416	0.01805	0.02531	0.01520	0.02086	0.01253	0.00795	0.00909	0.00260	0.04066	0.00739	0.00398	0.01197

[dist]
# distance from previous block
# <min> <max>
1	6

[block]
# block no. 10 follows, 22 sequences, length 6
# corresponding to MSA columns:
# 509-514
name=unknown_K
#
# <colnr> <probs for GDERKNQSTAVLIFYWHMCP>
#	G	D	E	R	K	N	Q	S	T	A	V	L	I	F	Y	W	H	M	C	P
0	0.02109	0.01877	0.02726	0.03606	0.38793	0.01948	0.01997	0.11559	0.12985	0.03167	0.02642	0.02835	0.08079	0.00984	0.00844	0.00257	0.00861	0.00879	0.00585	0.01267
1	0.02056	0.01974	0.03372	0.05099	0.65622	0.01974	0.02550	0.02550	0.01892	0.02714	0.01563	0.02056	0.01316	0.00740	0.00822	0.00247	0.00987	0.00740	0.00411	0.01316
2	0.02625	0.02556	0.02562	0.02813	0.20881	0.20759	0.01785	0.22680	0.02693	0.03315	0.02242	0.02410	0.07025	0.00981	0.00819	0.00241	0.01058	0.00775	0.00588	0.01192
3	0.01440	0.01263	0.01557	0.01584	0.10239	0.01046	0.01041	0.01756	0.01821	0.02503	0.04556	0.04541	0.29563	0.01290	0.00805	0.00209	0.00580	0.01083	0.00605	0.32515
4	0.01274	0.01031	0.01498	0.01460	0.01569	0.01255	0.01140	0.01530	0.01359	0.01967	0.02344	0.12107	0.02367	0.04894	0.47046	0.01028	0.13831	0.01061	0.00475	0.00762
5	0.03103	0.03959	0.02354	0.02140	0.02568	0.67469	0.01605	0.03317	0.02354	0.02033	0.01284	0.01498	0.01070	0.00856	0.00749	0.00214	0.01498	0.00535	0.00428	0.00963

[dist]
# distance from previous block
# <min> <max>
0	1

[block]
# block no. 11 follows, 22 sequences, length 15
# corresponding to MSA columns:
# 516-530
name=unknown_L
#
# <colnr> <probs for GDERKNQSTAVLIFYWHMCP>
#	G	D	E	R	K	N	Q	S	T	A	V	L	I	F	Y	W	H	M	C	P
0	0.01124	0.00922	0.01012	0.01043	0.01315	0.00838	0.00827	0.01499	0.05566	0.02370	0.07234	0.08009	0.48264	0.02088	0.01010	0.00303	0.00511	0.14537	0.00774	0.00752
1	0.01106	0.00851	0.01181	0.06262	0.01605	0.00884	0.00954	0.01284	0.01575	0.02113	0.04119	0.60712	0.04879	0.02395	0.01152	0.00335	0.05034	0.02134	0.00715	0.00709
2	0.01264	0.00924	0.01137	0.01106	0.01123	0.01018	0.00719	0.01321	0.01249	0.01714	0.02516	0.08435	0.02849	0.52957	0.09911	0.00779	0.08713	0.01187	0.00497	0.00582
3	0.01269	0.00931	0.01338	0.01316	0.01461	0.01095	0.01028	0.01570	0.01381	0.02076	0.02218	0.03158	0.02025	0.05301	0.55451	0.01137	0.05967	0.00866	0.09657	0.00756
4	0.02463	0.52816	0.03804	0.01619	0.02252	0.20907	0.01472	0.02715	0.01871	0.01976	0.01190	0.01378	0.01067	0.00751	0.00592	0.00188	0.01056	0.00469	0.00375	0.01038
5	0.01777	0.03636	0.48546	0.03145	0.21236	0.01942	0.02922	0.02608	0.01793	0.02655	0.01511	0.01840	0.01127	0.00775	0.00799	0.00258	0.01159	0.00650	0.00368	0.01253
6	0.02004	0.01404	0.01653	0.01414	0.01663	0.01603	0.01104	0.16457	0.02122	0.06039	0.05723	0.03179	0.02230	0.14571	0.01826	0.00367	0.15012	0.00885	0.19810	0.00933
7	0.01147	0.00828	0.00961	0.00939	0.01068	0.00775	0.00627	0.01327	0.01749	0.02336	0.25208	0.06262	0.18371	0.32137	0.02407	0.00504	0.00580	0.01428	0.00702	0.00643
8	0.02185	0.02307	0.02964	0.17766	0.39217	0.16368	0.02291	0.02629	0.01945	0.02440	0.01483	0.01966	0.01218	0.00785	0.00808	0.00246	0.01125	0.00695	0.00406	0.01156
9	0.01916	0.20071	0.30005	0.02729	0.11473	0.02306	0.15121	0.02591	0.01799	0.02481	0.01457	0.01792	0.01134	0.00745	0.00771	0.00243	0.01149	0.00666	0.00374	0.01177
10	0.01976	0.02154	0.01755	0.01667	0.01930	0.28389	0.01272	0.02238	0.01755	0.01972	0.01838	0.02537	0.01662	0.04018	0.40025	0.00874	0.01926	0.00744	0.00438	0.00833
11	0.01940	0.02031	0.04007	0.02906	0.03678	0.01881	0.45055	0.05517	0.02015	0.02786	0.01840	0.02607	0.01494	0.00805	0.00922	0.00259	0.01201	0.04753	0.00476	0.13829
12	0.04455	0.00869	0.01116	0.01111	0.01282	0.00961	0.00852	0.01662	0.01469	0.02392	0.02310	0.03084	0.02011	0.03941	0.37273	0.05074	0.01420	0.00821	0.27159	0.00738
13	0.02511	0.02821	0.02823	0.03572	0.33732	0.30363	0.02051	0.03016	0.06569	0.02474	0.01573	0.01889	0.01297	0.00818	0.00792	0.00235	0.01185	0.00666	0.00450	0.01163
14	0.02434	0.26199	0.02836	0.01715	0.02241	0.25982	0.01418	0.03187	0.17193	0.02370	0.02142	0.02188	0.04932	0.00941	0.00712	0.00222	0.01026	0.00669	0.00524	0.01070

[dist]
# distance from previous block
# <min> <max>
0	2

[block]
# block no. 12 follows, 22 sequences, length 25
# corresponding to MSA columns:
# 533-557
name=unknown_M
#
# <colnr> <probs for GDERKNQSTAVLIFYWHMCP>
#	G	D	E	R	K	N	Q	S	T	A	V	L	I	F	Y	W	H	M	C	P
0	0.01747	0.03361	0.42413	0.03050	0.18490	0.01881	0.07691	0.02528	0.01795	0.02624	0.01703	0.05839	0.01391	0.00875	0.00829	0.00265	0.01141	0.00776	0.00395	0.01208
1	0.06773	0.27018	0.19931	0.01892	0.02633	0.24238	0.01887	0.02799	0.01911	0.02264	0.01287	0.01500	0.01054	0.00784	0.00672	0.00217	0.01167	0.00520	0.00388	0.01065
2	0.02297	0.02431	0.03138	0.04419	0.51119	0.17039	0.02332	0.02726	0.01998	0.02557	0.01499	0.01928	0.01259	0.00767	0.00806	0.00239	0.01105	0.00693	0.00415	0.01235
3	0.01601	0.01698	0.09753	0.01816	0.02280	0.01451	0.08801	0.02576	0.17237	0.02927	0.14939	0.05456	0.03932	0.01522	0.00978	0.00308	0.00801	0.20200	0.00721	0.01002
4	0.05095	0.01622	0.01936	0.01571	0.02076	0.01669	0.04785	0.17164	0.16048	0.03701	0.20076	0.03375	0.03421	0.01138	0.00838	0.00242	0.00681	0.00965	0.00767	0.12828
5	0.01136	0.00802	0.01001	0.01069	0.01143	0.00784	0.00718	0.01279	0.01532	0.02052	0.09461	0.26461	0.07978	0.29051	0.07535	0.00589	0.00751	0.05372	0.00655	0.00631
6	0.02271	0.06595	0.02622	0.02713	0.22503	0.11797	0.01690	0.10953	0.02176	0.02913	0.01527	0.01808	0.01248	0.00751	0.00727	0.00198	0.00927	0.00611	0.00495	0.25474
7	0.02533	0.02993	0.02400	0.02689	0.17588	0.41174	0.01712	0.02820	0.02126	0.02206	0.01989	0.02285	0.06291	0.01348	0.06013	0.00315	0.01346	0.00709	0.00452	0.01010
8	0.02576	0.01971	0.02163	0.01850	0.04788	0.02169	0.01421	0.39317	0.15599	0.04291	0.02785	0.05904	0.05677	0.04372	0.01010	0.00287	0.00811	0.00942	0.00796	0.01271
9	0.03055	0.02266	0.02438	0.01863	0.02533	0.02471	0.01536	0.58495	0.03749	0.05054	0.01957	0.01975	0.01400	0.00970	0.00816	0.00240	0.00893	0.00730	0.00807	0.06754
10	0.01734	0.01726	0.03064	0.08808	0.30265	0.01687	0.16736	0.02215	0.01890	0.02540	0.03239	0.03547	0.16726	0.01067	0.00900	0.00265	0.00961	0.01043	0.00497	0.01088
11	0.01107	0.00788	0.00885	0.00948	0.01088	0.00722	0.00646	0.01278	0.01644	0.02190	0.05328	0.27101	0.25852	0.15375	0.01583	0.00389	0.00511	0.01722	0.10182	0.00664
12	0.01261	0.00922	0.01358	0.06607	0.01756	0.01070	0.01083	0.01590	0.01411	0.02087	0.02225	0.03160	0.02007	0.05158	0.54027	0.01111	0.01911	0.00864	0.09632	0.00760
13	0.20141	0.14456	0.30210	0.01815	0.02674	0.07356	0.02009	0.02729	0.01759	0.07767	0.01480	0.01651	0.01099	0.00796	0.00681	0.00243	0.01011	0.00557	0.00451	0.01115
14	0.01709	0.01244	0.01461	0.01402	0.01650	0.01292	0.01033	0.21191	0.02342	0.03132	0.03740	0.48093	0.04169	0.02081	0.00986	0.00309	0.00622	0.01838	0.00791	0.00914
15	0.01205	0.00819	0.00975	0.00975	0.00998	0.00843	0.00589	0.01252	0.01228	0.01662	0.02555	0.05090	0.02870	0.60497	0.14330	0.00890	0.01032	0.01157	0.00494	0.00541
16	0.01333	0.00908	0.01024	0.00998	0.01049	0.00922	0.00601	0.05625	0.01432	0.01911	0.02726	0.10265	0.03099	0.60458	0.03737	0.00729	0.00788	0.01265	0.00548	0.00582
17	0.02527	0.02948	0.01953	0.01808	0.02151	0.45864	0.01363	0.02779	0.02075	0.02146	0.01651	0.02050	0.01404	0.01938	0.13997	0.00434	0.01503	0.00636	0.09879	0.00895
18	0.02285	0.01596	0.02306	0.02812	0.26176	0.01591	0.01659	0.03076	0.14340	0.18034	0.11390	0.03290	0.05579	0.01080	0.00859	0.00260	0.00747	0.00954	0.00729	0.01238
19	0.01392	0.01191	0.01728	0.01610	0.01710	0.01528	0.01291	0.01651	0.01315	0.01951	0.01857	0.02794	0.01757	0.04679	0.46474	0.01020	0.24001	0.00837	0.00419	0.00796
20	0.02056	0.01974	0.03372	0.05099	0.65622	0.01974	0.02550	0.02550	0.01892	0.02714	0.01563	0.02056	0.01316	0.00740	0.00822	0.00247	0.00987	0.00740	0.00411	0.01316
21	0.02161	0.02226	0.03099	0.12715	0.48003	0.12362	0.02369	0.02617	0.01936	0.02531	0.01507	0.01988	0.01250	0.00770	0.00812	0.00245	0.01083	0.00707	0.00409	0.01210
22	0.01716	0.01464	0.02373	0.31959	0.23797	0.01626	0.01974	0.02178	0.01727	0.02477	0.01748	0.02353	0.01392	0.00916	0.00881	0.03462	0.00909	0.00745	0.15306	0.00996
23	0.01909	0.01821	0.03060	0.12980	0.52849	0.01858	0.02368	0.02388	0.01862	0.02601	0.02088	0.02542	0.06298	0.00859	0.00836	0.00253	0.00958	0.00819	0.00434	0.01217
24	0.04680	0.01117	0.01686	0.20162	0.02713	0.01173	0.06019	0.01610	0.01693	0.02262	0.04112	0.30105	0.15919	0.01774	0.00949	0.00301	0.00723	0.01589	0.00620	0.00795

[dist]
# distance from previous block
# <min> <max>
0	1

[block]
# block no. 13 follows, 22 sequences, length 6
# corresponding to MSA columns:
# 559-564
name=unknown_N
#
# <colnr> <probs for GDERKNQSTAVLIFYWHMCP>
#	G	D	E	R	K	N	Q	S	T	A	V	L	I	F	Y	W	H	M	C	P
0	0.02827	0.15777	0.02878	0.02311	0.10085	0.32827	0.01679	0.16746	0.02532	0.02836	0.01457	0.01649	0.01178	0.00848	0.00737	0.00219	0.01190	0.00592	0.00505	0.01128
1	0.05374	0.01828	0.16994	0.01345	0.01865	0.01216	0.01312	0.02056	0.06469	0.06960	0.04708	0.04998	0.27410	0.12247	0.01395	0.00355	0.00727	0.01197	0.00638	0.00906
2	0.07565	0.06413	0.11734	0.01719	0.02282	0.25471	0.01527	0.09762	0.02236	0.02677	0.03119	0.03157	0.16712	0.01153	0.00794	0.00243	0.01032	0.00858	0.00551	0.00995
3	0.02235	0.01968	0.02711	0.03610	0.39388	0.06321	0.01983	0.13071	0.02251	0.03175	0.01813	0.02183	0.01453	0.00832	0.00778	0.00236	0.00908	0.00733	0.13134	0.01218
4	0.02502	0.02750	0.02807	0.02428	0.06017	0.29010	0.13269	0.11318	0.02265	0.02630	0.01573	0.01979	0.01291	0.01537	0.09012	0.00381	0.06986	0.00720	0.00480	0.01045
5	0.32560	0.01555	0.01912	0.02467	0.24141	0.01643	0.01418	0.02207	0.01662	0.03024	0.05345	0.02859	0.08198	0.06656	0.00998	0.00301	0.00742	0.00801	0.00523	0.00989

[dist]
# distance from previous block
# <min> <max>
1	9

[block]
# block no. 14 follows, 22 sequences, length 6
# corresponding to MSA columns:
# 574-579
name=unknown_O
#
# <colnr> <probs for GDERKNQSTAVLIFYWHMCP>
#	G	D	E	R	K	N	Q	S	T	A	V	L	I	F	Y	W	H	M	C	P
0	0.01467	0.01132	0.01611	0.14838	0.07967	0.01230	0.01247	0.01878	0.09351	0.02125	0.02593	0.17771	0.02661	0.13794	0.01943	0.15108	0.00776	0.01196	0.00542	0.00771
1	0.11983	0.01566	0.02130	0.14970	0.18599	0.01720	0.01661	0.06012	0.11860	0.02891	0.02425	0.16067	0.02275	0.01219	0.00835	0.00278	0.00802	0.01064	0.00585	0.01060
2	0.06952	0.01722	0.02802	0.21786	0.39222	0.01839	0.02262	0.02351	0.01798	0.02602	0.01768	0.02713	0.01544	0.00907	0.00833	0.00268	0.00976	0.06084	0.00439	0.01131
3	0.02419	0.01633	0.02254	0.02623	0.22291	0.01642	0.01606	0.03354	0.19569	0.21115	0.03333	0.03235	0.09015	0.01084	0.00850	0.00263	0.00750	0.00937	0.00751	0.01275
4	0.02468	0.02906	0.02401	0.02413	0.10299	0.37236	0.01694	0.02709	0.01985	0.02129	0.01879	0.02203	0.06582	0.01098	0.01274	0.00261	0.18340	0.00713	0.00439	0.00972
5	0.01813	0.01657	0.01899	0.02252	0.17594	0.10108	0.01395	0.02142	0.01822	0.02544	0.03072	0.03360	0.13471	0.01178	0.01045	0.00250	0.10522	0.00911	0.22023	0.00941

[dist]
# distance from previous block
# <min> <max>
0	1

[block]
# block no. 15 follows, 22 sequences, length 36
# corresponding to MSA columns:
# 581-616
name=unknown_P
#
# <colnr> <probs for GDERKNQSTAVLIFYWHMCP>
#	G	D	E	R	K	N	Q	S	T	A	V	L	I	F	Y	W	H	M	C	P
0	0.01182	0.00914	0.01091	0.01076	0.01306	0.00789	0.00751	0.01366	0.01622	0.02194	0.04385	0.34894	0.15656	0.11772	0.01402	0.00348	0.00544	0.01692	0.00675	0.16341
1	0.01767	0.01618	0.02310	0.01650	0.02407	0.01291	0.12360	0.02197	0.01767	0.02699	0.01514	0.01818	0.01236	0.00631	0.00683	0.00152	0.00760	0.00582	0.00479	0.62081
2	0.01401	0.00951	0.01256	0.01219	0.01405	0.01063	0.00940	0.05515	0.01592	0.02407	0.02344	0.03238	0.02088	0.07473	0.44414	0.00969	0.01638	0.00867	0.18439	0.00782
3	0.02409	0.02898	0.32658	0.02205	0.03156	0.01688	0.11752	0.03093	0.01996	0.24054	0.02122	0.02191	0.01430	0.00849	0.00829	0.00259	0.01057	0.00742	0.00595	0.04017
4	0.03103	0.03959	0.02354	0.02140	0.02568	0.67469	0.01605	0.03317	0.02354	0.02033	0.01284	0.01498	0.01070	0.00856	0.00749	0.00214	0.01498	0.00535	0.00428	0.00963
5	0.01192	0.00868	0.01222	0.01222	0.01331	0.00977	0.00897	0.01411	0.01302	0.01845	0.02329	0.03836	0.02326	0.23252	0.50831	0.01195	0.01851	0.00974	0.00460	0.00679
6	0.03103	0.03959	0.02354	0.02140	0.02568	0.67469	0.01605	0.03317	0.02354	0.02033	0.01284	0.01498	0.01070	0.00856	0.00749	0.00214	0.01498	0.00535	0.00428	0.00963
7	0.01120	0.00768	0.00932	0.01019	0.01041	0.00747	0.00624	0.01185	0.01380	0.01840	0.03500	0.34605	0.04134	0.40117	0.02803	0.00595	0.00660	0.01727	0.00624	0.00580
8	0.02296	0.01899	0.02008	0.01737	0.02248	0.02174	0.01371	0.16717	0.51444	0.03846	0.03089	0.02867	0.02299	0.01100	0.00842	0.00275	0.00712	0.00899	0.00842	0.01336
9	0.01020	0.00759	0.00932	0.01059	0.01175	0.00685	0.00727	0.01165	0.01662	0.02132	0.05616	0.48849	0.23385	0.02463	0.01121	0.03238	0.00473	0.02115	0.00755	0.00671
10	0.01569	0.01477	0.02492	0.68808	0.05722	0.01846	0.02307	0.02123	0.01661	0.02123	0.01477	0.02215	0.01107	0.00831	0.00831	0.00277	0.01107	0.00738	0.00369	0.00923
11	0.02717	0.02762	0.02437	0.19637	0.03402	0.28587	0.01781	0.22804	0.02688	0.03122	0.01571	0.01852	0.01194	0.00896	0.00798	0.00242	0.01201	0.00659	0.00547	0.01102
12	0.01275	0.01138	0.01511	0.01967	0.18115	0.01041	0.01131	0.01551	0.01863	0.02340	0.06354	0.06317	0.45685	0.04765	0.01083	0.00295	0.00587	0.01462	0.00665	0.00855
13	0.01711	0.02028	0.09272	0.02870	0.05828	0.01724	0.38789	0.02296	0.01864	0.02543	0.02411	0.15943	0.02311	0.01190	0.00985	0.00296	0.01147	0.05260	0.00506	0.01026
14	0.02032	0.02032	0.03680	0.04459	0.45400	0.02013	0.18301	0.02699	0.05900	0.02749	0.01710	0.02172	0.01380	0.00754	0.00866	0.00258	0.01075	0.00816	0.00441	0.01264
15	0.01724	0.01582	0.02373	0.48031	0.07683	0.01910	0.02057	0.02747	0.18137	0.02508	0.01983	0.02440	0.01494	0.00904	0.00834	0.00277	0.00983	0.00791	0.00497	0.01045
16	0.02220	0.02058	0.03423	0.08554	0.37906	0.02106	0.13431	0.14299	0.02281	0.03155	0.01663	0.02089	0.01310	0.00789	0.00854	0.00255	0.01057	0.00786	0.00492	0.01272
17	0.02091	0.02212	0.02574	0.15408	0.26371	0.19042	0.01995	0.02490	0.01893	0.02305	0.01677	0.02392	0.01455	0.01627	0.10282	0.00403	0.01311	0.02998	0.00426	0.01048
18	0.01627	0.01384	0.01319	0.01244	0.01517	0.10325	0.00916	0.04477	0.02049	0.06047	0.17109	0.19664	0.17384	0.06179	0.01142	0.00303	0.00653	0.01474	0.00739	0.04448
19	0.01114	0.00831	0.01175	0.01239	0.01364	0.00893	0.00919	0.01354	0.01462	0.02016	0.03470	0.25713	0.07994	0.04722	0.40559	0.00926	0.01514	0.01441	0.00577	0.00717
20	0.08586	0.01710	0.01472	0.04686	0.01742	0.15141	0.00985	0.07555	0.01776	0.02299	0.02263	0.09483	0.02392	0.33744	0.02395	0.00512	0.00933	0.01034	0.00536	0.00757
21	0.01567	0.01375	0.01886	0.01687	0.01737	0.01806	0.01348	0.01766	0.01319	0.02025	0.01703	0.02766	0.01676	0.12318	0.17188	0.00628	0.38535	0.00836	0.07031	0.00802
22	0.01411	0.01146	0.01567	0.01775	0.10371	0.01272	0.01077	0.01537	0.01375	0.01917	0.02485	0.14171	0.02799	0.37661	0.02985	0.00573	0.13424	0.01229	0.00505	0.00720
