[name]
unknown

[dist]
# distance from previous block
# <min> <max>
0	11

[block]
# block no. 0 follows, 18 sequences, length 35
# corresponding to MSA columns:
# 11-45
name=unknown_A
#
# <colnr> <probs for GDERKNQSTAVLIFYWHMCP>
#	G	D	E	R	K	N	Q	S	T	A	V	L	I	F	Y	W	H	M	C	P
0	0.02866	0.18807	0.02801	0.01823	0.02382	0.20604	0.01506	0.03441	0.09065	0.13777	0.07780	0.03116	0.02516	0.01163	0.00850	0.00261	0.01057	0.04283	0.00702	0.01198
1	0.02057	0.01727	0.02178	0.02392	0.13566	0.01867	0.01570	0.10713	0.20128	0.03385	0.03815	0.03973	0.12075	0.02434	0.13383	0.00528	0.01133	0.01106	0.00739	0.01231
2	0.01802	0.01138	0.01348	0.01195	0.01616	0.00966	0.00940	0.02123	0.02255	0.13914	0.15652	0.06746	0.31453	0.01854	0.01019	0.00289	0.00567	0.04902	0.00895	0.09325
3	0.02549	0.01989	0.03213	0.11856	0.40612	0.02018	0.02430	0.03195	0.05790	0.13960	0.02190	0.02523	0.01662	0.00915	0.00914	0.00281	0.01027	0.00851	0.00604	0.01422
4	0.20932	0.03064	0.02268	0.05213	0.02707	0.29684	0.01582	0.12047	0.08378	0.03429	0.01750	0.01918	0.01359	0.00976	0.00792	0.00266	0.01204	0.00661	0.00609	0.01161
5	0.02009	0.01851	0.02761	0.03233	0.23381	0.01905	0.07574	0.03134	0.19639	0.03143	0.03808	0.04397	0.11547	0.01333	0.00994	0.00308	0.00908	0.06105	0.00697	0.01271
6	0.02992	0.03033	0.02491	0.06162	0.02926	0.26429	0.01720	0.17575	0.20360	0.03606	0.02324	0.02374	0.01766	0.01073	0.00888	0.00273	0.01190	0.00798	0.00718	0.01301
7	0.01940	0.04065	0.45646	0.02994	0.04222	0.02189	0.20034	0.02918	0.02007	0.02918	0.01711	0.02101	0.01232	0.00843	0.00936	0.00296	0.01414	0.00800	0.00411	0.01321
8	0.01842	0.04749	0.62974	0.02617	0.03974	0.02132	0.03392	0.02908	0.01939	0.02908	0.01648	0.01939	0.01163	0.00872	0.00872	0.00291	0.01357	0.00678	0.00388	0.01357
9	0.03100	0.19810	0.06751	0.02189	0.02790	0.45768	0.01822	0.03400	0.02385	0.02266	0.01399	0.01629	0.01180	0.00903	0.00773	0.00230	0.01475	0.00572	0.00449	0.01109
10	0.01119	0.00799	0.01065	0.01278	0.01332	0.00746	0.00852	0.01278	0.01758	0.02344	0.05061	0.67132	0.06073	0.02877	0.01172	0.00373	0.00533	0.02610	0.00852	0.00746
11	0.02696	0.12271	0.26367	0.02346	0.03221	0.27950	0.02376	0.07378	0.02381	0.02757	0.01549	0.01784	0.01203	0.00909	0.00822	0.00256	0.01408	0.00630	0.00463	0.01229
12	0.01314	0.00974	0.01428	0.01428	0.01575	0.01122	0.01088	0.01609	0.01462	0.02096	0.02503	0.03849	0.02400	0.13007	0.58115	0.01417	0.02302	0.01019	0.00498	0.00793
13	0.01085	0.00930	0.00930	0.00930	0.01240	0.00775	0.00698	0.01318	0.02093	0.02480	0.09302	0.08837	0.61631	0.02325	0.01085	0.00310	0.00465	0.01938	0.00853	0.00775
14	0.02265	0.02204	0.03853	0.05504	0.57740	0.02192	0.06981	0.02827	0.02096	0.02995	0.01737	0.02288	0.01450	0.00815	0.00922	0.00275	0.01125	0.00838	0.00455	0.01438
15	0.02532	0.02799	0.07505	0.03326	0.14753	0.14376	0.18993	0.03516	0.13781	0.05873	0.02190	0.02460	0.01670	0.00934	0.00948	0.00286	0.01269	0.00892	0.00585	0.01312
16	0.02564	0.02783	0.02105	0.01920	0.02218	0.31986	0.01479	0.02849	0.02123	0.02520	0.01866	0.02332	0.01577	0.01636	0.06955	0.00373	0.12704	0.00730	0.18301	0.00980
17	0.02018	0.01121	0.01319	0.01163	0.01585	0.00956	0.00909	0.02306	0.02300	0.20702	0.12371	0.06936	0.38913	0.01926	0.01036	0.00300	0.00557	0.01607	0.00953	0.01021
18	0.74217	0.01776	0.01350	0.01207	0.01776	0.02060	0.00994	0.02699	0.01563	0.04120	0.01278	0.01492	0.00994	0.00852	0.00568	0.00284	0.00710	0.00497	0.00568	0.00994
19	0.01312	0.00984	0.01476	0.01476	0.01640	0.01148	0.01148	0.01640	0.01476	0.02131	0.02459	0.03607	0.02295	0.06886	0.64092	0.01476	0.02459	0.00984	0.00492	0.00820
20	0.03151	0.12030	0.02523	0.01648	0.02279	0.01978	0.01386	0.17096	0.02921	0.27645	0.14304	0.03377	0.03186	0.01219	0.00902	0.00269	0.00800	0.00978	0.00943	0.01366
21	0.01119	0.00799	0.01065	0.01278	0.01332	0.00746	0.00852	0.01278	0.01758	0.02344	0.05061	0.67132	0.06073	0.02877	0.01172	0.00373	0.00533	0.02610	0.00852	0.00746
22	0.04120	0.01563	0.02131	0.01634	0.02344	0.01350	0.01350	0.04475	0.02628	0.62639	0.03622	0.03125	0.02273	0.01136	0.00923	0.00284	0.00781	0.00923	0.01136	0.01563
23	0.02273	0.02182	0.03727	0.05636	0.62003	0.02182	0.02818	0.02818	0.02091	0.03000	0.01727	0.02273	0.01454	0.00818	0.00909	0.00273	0.01091	0.00818	0.00455	0.01454
24	0.03548	0.02479	0.02698	0.02069	0.02801	0.02710	0.01709	0.53957	0.04162	0.10990	0.02334	0.02289	0.01627	0.01105	0.00919	0.00276	0.00989	0.00836	0.00938	0.01562
25	0.01258	0.00920	0.01205	0.01391	0.01503	0.00899	0.01005	0.01618	0.05475	0.02512	0.04942	0.52703	0.05724	0.02712	0.01175	0.00378	0.00602	0.12315	0.00856	0.00808
26	0.01139	0.00807	0.01060	0.01253	0.01302	0.00759	0.00825	0.01284	0.01719	0.02292	0.04862	0.61537	0.05823	0.08813	0.01492	0.00420	0.00565	0.02494	0.00825	0.00728
27	0.01340	0.00844	0.01214	0.01297	0.01358	0.00864	0.00905	0.01338	0.01484	0.02019	0.03156	0.28017	0.03509	0.03979	0.17565	0.27223	0.01104	0.01548	0.00598	0.00638
28	0.02828	0.01851	0.02092	0.01799	0.02375	0.02007	0.01423	0.04759	0.43245	0.21261	0.03703	0.03337	0.02646	0.01213	0.00931	0.00303	0.00743	0.01004	0.00994	0.01486
29	0.01125	0.00943	0.00985	0.01007	0.01307	0.00803	0.00776	0.01377	0.02095	0.02507	0.08855	0.08990	0.55963	0.02347	0.01104	0.00321	0.00503	0.07359	0.00852	0.00782
30	0.02273	0.02182	0.03727	0.05636	0.62003	0.02182	0.02818	0.02818	0.02091	0.03000	0.01727	0.02273	0.01454	0.00818	0.00909	0.00273	0.01091	0.00818	0.00455	0.01454
31	0.02284	0.01972	0.02076	0.01869	0.02388	0.02284	0.01453	0.04879	0.60345	0.03841	0.03737	0.03426	0.02803	0.01246	0.00934	0.00311	0.00727	0.01038	0.00934	0.01453
32	0.02519	0.64078	0.04666	0.01623	0.02388	0.07608	0.01584	0.02810	0.01914	0.02166	0.01286	0.01485	0.01179	0.00796	0.00605	0.00199	0.01026	0.00498	0.00398	0.01171
33	0.02283	0.01993	0.02242	0.02248	0.08385	0.02274	0.01591	0.04672	0.54484	0.03756	0.03535	0.03310	0.02667	0.01203	0.00932	0.00308	0.00763	0.01016	0.00886	0.01453
34	0.06757	0.10113	0.33800	0.02776	0.07189	0.02261	0.13749	0.02997	0.02013	0.07374	0.01780	0.02078	0.01299	0.00859	0.00872	0.00283	0.01257	0.00754	0.00475	0.01314

[dist]
# distance from previous block
# <min> <max>
2	70

[block]
# block no. 1 follows, 18 sequences, length 35
# corresponding to MSA columns:
# 121-155
name=unknown_B
#
# <colnr> <probs for GDERKNQSTAVLIFYWHMCP>
#	G	D	E	R	K	N	Q	S	T	A	V	L	I	F	Y	W	H	M	C	P
0	0.01683	0.00953	0.01225	0.01259	0.01406	0.00888	0.00851	0.01829	0.01782	0.12267	0.04199	0.38922	0.04654	0.21158	0.02133	0.00506	0.00677	0.01963	0.00815	0.00828
1	0.01350	0.01277	0.01878	0.01754	0.06119	0.01133	0.10543	0.01695	0.02105	0.02594	0.07523	0.07310	0.47314	0.01960	0.01073	0.00307	0.00690	0.01716	0.00760	0.00901
2	0.02137	0.02044	0.03483	0.20679	0.48018	0.02146	0.02751	0.02699	0.02027	0.02836	0.01703	0.02317	0.01397	0.00843	0.00911	0.00281	0.01124	0.00818	0.00443	0.01345
3	0.14306	0.02114	0.03329	0.04895	0.51930	0.02161	0.02513	0.02798	0.02002	0.03187	0.01652	0.02142	0.01377	0.00824	0.00852	0.00275	0.01027	0.00764	0.00474	0.01377
4	0.01225	0.01516	0.11362	0.01353	0.01735	0.00990	0.01211	0.01568	0.01931	0.02497	0.06303	0.31305	0.29004	0.02306	0.01085	0.00332	0.00642	0.02000	0.00775	0.00861
5	0.02950	0.03621	0.03011	0.02558	0.03046	0.44148	0.11266	0.03280	0.02350	0.02352	0.01548	0.01960	0.01298	0.01392	0.05514	0.00350	0.07099	0.00719	0.00467	0.01071
6	0.03094	0.02275	0.02473	0.01973	0.02594	0.02496	0.01596	0.49297	0.03889	0.05211	0.02682	0.13064	0.02316	0.01399	0.00961	0.00292	0.00930	0.01125	0.00907	0.01425
7	0.02052	0.02189	0.02452	0.02127	0.02506	0.19064	0.10945	0.02428	0.01909	0.02300	0.02066	0.02868	0.01831	0.04191	0.35731	0.00932	0.02081	0.00890	0.00482	0.00959
8	0.02885	0.03469	0.02683	0.02383	0.02675	0.40584	0.01864	0.03108	0.02144	0.02233	0.01337	0.01791	0.01191	0.01199	0.01665	0.00300	0.26328	0.00673	0.00446	0.01041
9	0.01190	0.00918	0.00918	0.00918	0.01212	0.00789	0.00688	0.01455	0.02065	0.02638	0.08247	0.07931	0.51716	0.02115	0.01011	0.00294	0.00459	0.01757	0.12891	0.00789
10	0.02228	0.02153	0.03574	0.05096	0.52036	0.02287	0.02683	0.02716	0.01976	0.02868	0.01640	0.02228	0.01413	0.00950	0.01261	0.00294	0.11956	0.00816	0.00446	0.01379
11	0.01085	0.00930	0.00930	0.00930	0.01240	0.00775	0.00698	0.01318	0.02093	0.02480	0.09302	0.08837	0.61631	0.02325	0.01085	0.00310	0.00465	0.01938	0.00853	0.00775
12	0.01905	0.01866	0.02790	0.26325	0.03893	0.02520	0.02214	0.02261	0.01569	0.02261	0.01367	0.02175	0.01212	0.01346	0.02219	0.00365	0.41487	0.00808	0.00404	0.01010
13	0.02403	0.62951	0.09693	0.01659	0.02492	0.03507	0.01724	0.02763	0.01872	0.02223	0.01308	0.01512	0.01177	0.00793	0.00613	0.00204	0.01013	0.00507	0.00392	0.01193
14	0.01842	0.04749	0.62974	0.02617	0.03974	0.02132	0.03392	0.02908	0.01939	0.02908	0.01648	0.01939	0.01163	0.00872	0.00872	0.00291	0.01357	0.00678	0.00388	0.01357
15	0.01085	0.00930	0.00930	0.00930	0.01240	0.00775	0.00698	0.01318	0.02093	0.02480	0.09302	0.08837	0.61631	0.02325	0.01085	0.00310	0.00465	0.01938	0.00853	0.00775
16	0.03358	0.04105	0.02687	0.02562	0.06722	0.55671	0.01841	0.07507	0.02689	0.02546	0.01495	0.01735	0.01227	0.00949	0.00840	0.00242	0.01573	0.00623	0.00503	0.01125
17	0.02186	0.02093	0.03570	0.15302	0.53016	0.02159	0.02775	0.02742	0.02050	0.02894	0.01712	0.02301	0.01417	0.00834	0.00910	0.00278	0.01112	0.00818	0.00447	0.01384
18	0.02996	0.03465	0.02403	0.02177	0.02668	0.40643	0.01653	0.04126	0.24481	0.02851	0.02298	0.02326	0.01797	0.01060	0.00868	0.00265	0.01304	0.00761	0.00648	0.01212
19	0.01299	0.00875	0.01012	0.01048	0.01057	0.00866	0.00606	0.01326	0.01406	0.01875	0.03256	0.16232	0.03796	0.56884	0.04088	0.00804	0.00830	0.01549	0.00606	0.00588
20	0.02466	0.01759	0.01925	0.04641	0.02309	0.01953	0.01340	0.16060	0.25821	0.07206	0.03084	0.03090	0.02298	0.01144	0.00848	0.00275	0.00734	0.00924	0.20826	0.01297
21	0.02233	0.02293	0.04368	0.04967	0.40328	0.02235	0.23980	0.02865	0.02120	0.02978	0.01777	0.02350	0.01431	0.00801	0.00975	0.00287	0.01264	0.00919	0.00458	0.01373
22	0.02441	0.02524	0.03158	0.21402	0.30389	0.15535	0.02457	0.06041	0.02256	0.02813	0.01661	0.02184	0.01338	0.00890	0.00895	0.00274	0.01245	0.00769	0.00472	0.01255
23	0.02414	0.02041	0.02818	0.03513	0.29123	0.02158	0.02038	0.15269	0.14061	0.03739	0.02573	0.07988	0.02178	0.01150	0.00924	0.00286	0.00920	0.01016	0.04401	0.01387
24	0.01256	0.01220	0.06325	0.01389	0.01649	0.00939	0.01157	0.01579	0.01975	0.02595	0.09630	0.33597	0.17681	0.02452	0.01141	0.00356	0.00642	0.12761	0.00823	0.00832
25	0.02953	0.02057	0.05837	0.03777	0.33494	0.01869	0.02216	0.03559	0.05374	0.25638	0.02548	0.02641	0.01822	0.00964	0.00914	0.00280	0.00967	0.00863	0.00735	0.01491
26	0.02455	0.68284	0.04811	0.01571	0.02357	0.03633	0.01571	0.02749	0.01866	0.02160	0.01277	0.01473	0.01178	0.00786	0.00589	0.00196	0.00982	0.00491	0.00393	0.01178
27	0.01187	0.00852	0.01127	0.01232	0.01347	0.00791	0.00858	0.01451	0.02077	0.02851	0.26453	0.44294	0.07055	0.02498	0.01138	0.00341	0.00495	0.02250	0.00912	0.00791
28	0.01312	0.00984	0.01476	0.01476	0.01640	0.01148	0.01148	0.01640	0.01476	0.02131	0.02459	0.03607	0.02295	0.06886	0.64092	0.01476	0.02459	0.00984	0.00492	0.00820
29	0.02779	0.02885	0.11919	0.02749	0.10997	0.07779	0.02193	0.27023	0.02937	0.03970	0.01792	0.02089	0.01385	0.01116	0.01317	0.00299	0.13992	0.00779	0.00636	0.01364
30	0.01309	0.00879	0.01009	0.01035	0.01042	0.00873	0.00593	0.01328	0.01387	0.01849	0.03158	0.13474	0.03672	0.59811	0.04246	0.00827	0.00847	0.01491	0.00593	0.00579
31	0.18234	0.01571	0.01770	0.01473	0.01992	0.01593	0.01183	0.12302	0.02637	0.21501	0.19195	0.06258	0.03826	0.01348	0.00901	0.00288	0.00696	0.01090	0.00931	0.01211
32	0.02697	0.09033	0.03274	0.06757	0.25355	0.21423	0.02208	0.07707	0.02342	0.02823	0.01581	0.01989	0.01321	0.00950	0.01034	0.00267	0.06777	0.00717	0.00487	0.01257
33	0.02413	0.02723	0.10913	0.17387	0.11512	0.12542	0.02232	0.12597	0.06756	0.03179	0.01936	0.02350	0.01505	0.01460	0.06199	0.00381	0.01327	0.00792	0.00556	0.01240
34	0.02834	0.03498	0.19756	0.05918	0.07517	0.15768	0.02334	0.24267	0.02988	0.03833	0.01814	0.02029	0.01342	0.00974	0.00885	0.00273	0.01264	0.00733	0.00613	0.01360

[dist]
# distance from previous block
# <min> <max>
2	5

[block]
# block no. 2 follows, 18 sequences, length 35
# corresponding to MSA columns:
# 161-195
name=unknown_C
#
# <colnr> <probs for GDERKNQSTAVLIFYWHMCP>
#	G	D	E	R	K	N	Q	S	T	A	V	L	I	F	Y	W	H	M	C	P
0	0.02063	0.30812	0.03035	0.01609	0.02155	0.02456	0.01439	0.02931	0.15931	0.02726	0.03438	0.04650	0.08231	0.01438	0.00873	0.00286	0.00841	0.13288	0.00668	0.01130
1	0.01733	0.21954	0.08128	0.01472	0.01860	0.01781	0.01299	0.01863	0.01650	0.02130	0.02596	0.22623	0.02840	0.02131	0.01644	0.20828	0.00824	0.01264	0.00539	0.00839
2	0.01932	0.01432	0.01616	0.01427	0.01756	0.01509	0.01075	0.19233	0.02476	0.03269	0.04159	0.07989	0.15934	0.18422	0.13009	0.00647	0.01091	0.01313	0.00739	0.00973
3	0.02387	0.04405	0.44344	0.02480	0.03584	0.16087	0.02859	0.03207	0.02145	0.07627	0.01757	0.01971	0.01258	0.00911	0.00866	0.00278	0.01378	0.00679	0.00468	0.01308
4	0.02738	0.26145	0.08474	0.02730	0.16800	0.08424	0.01992	0.03277	0.05090	0.13147	0.01965	0.02109	0.01518	0.00901	0.00788	0.00247	0.01054	0.00698	0.00573	0.01330
5	0.01985	0.01344	0.01488	0.01355	0.01626	0.01410	0.00987	0.18045	0.02423	0.03428	0.03236	0.18966	0.03265	0.18376	0.01868	0.00441	0.00737	0.01388	0.16675	0.00956
6	0.12761	0.05711	0.04653	0.01673	0.02199	0.15844	0.01373	0.07373	0.06882	0.03428	0.18575	0.03303	0.03431	0.01194	0.00853	0.00258	0.00911	0.00926	0.00709	0.07943
7	0.02279	0.03083	0.21499	0.02863	0.08268	0.05419	0.14939	0.13266	0.02466	0.03347	0.02494	0.02779	0.07052	0.01074	0.01074	0.00296	0.05026	0.00930	0.00559	0.01286
8	0.01198	0.00858	0.01126	0.01311	0.01401	0.00814	0.00931	0.01395	0.01803	0.02376	0.05064	0.49217	0.08524	0.08076	0.01470	0.00421	0.00613	0.11827	0.00827	0.00749
9	0.01349	0.00858	0.01147	0.01306	0.01409	0.00792	0.00890	0.01523	0.01825	0.06963	0.04951	0.62228	0.05782	0.02743	0.01153	0.00366	0.00552	0.02481	0.00874	0.00808
10	0.02686	0.03045	0.02999	0.02447	0.02990	0.32369	0.17528	0.03117	0.02326	0.02709	0.01899	0.02287	0.01507	0.00926	0.00858	0.00252	0.01347	0.00790	0.16854	0.01066
11	0.01121	0.00831	0.01048	0.01206	0.01316	0.00757	0.00824	0.01309	0.01863	0.02436	0.08677	0.53090	0.16722	0.02722	0.01151	0.00357	0.00515	0.02436	0.00860	0.00757
12	0.01174	0.00959	0.01055	0.01102	0.01390	0.00839	0.00875	0.01450	0.02098	0.02541	0.08296	0.09181	0.48873	0.02373	0.01127	0.00336	0.00551	0.14139	0.00851	0.00791
13	0.02240	0.02148	0.03668	0.09277	0.58618	0.02173	0.02802	0.02789	0.02075	0.02960	0.01721	0.02283	0.01440	0.00824	0.00910	0.00275	0.01099	0.00818	0.00452	0.01428
14	0.03079	0.03703	0.03406	0.02769	0.03391	0.41988	0.17782	0.07697	0.02611	0.02714	0.01603	0.01929	0.01271	0.00910	0.00907	0.00260	0.01576	0.00748	0.00505	0.01151
15	0.01262	0.00937	0.01175	0.01116	0.01349	0.00850	0.00837	0.01660	0.02510	0.03471	0.52339	0.07206	0.17975	0.01956	0.01083	0.00293	0.00439	0.01709	0.00983	0.00850
16	0.01283	0.00868	0.01017	0.01068	0.01080	0.00856	0.00627	0.01322	0.01436	0.01915	0.03412	0.20629	0.03992	0.52219	0.03836	0.00766	0.00805	0.01640	0.00627	0.00602
17	0.02323	0.38942	0.25913	0.02030	0.02995	0.08814	0.02258	0.02894	0.01962	0.02442	0.01426	0.01661	0.01173	0.00833	0.00716	0.00235	0.01183	0.00569	0.00399	0.01233
18	0.01820	0.01060	0.01359	0.01214	0.01542	0.00947	0.00935	0.02207	0.02527	0.15059	0.42153	0.06430	0.15538	0.01801	0.01052	0.00291	0.00506	0.01559	0.01011	0.00989
19	0.01969	0.03905	0.42193	0.03248	0.10192	0.02186	0.17400	0.02907	0.02012	0.02926	0.01709	0.02110	0.01252	0.00842	0.00930	0.00294	0.01378	0.00796	0.00414	0.01337
20	0.03430	0.04376	0.02602	0.02365	0.02839	0.64045	0.01774	0.03666	0.02602	0.02247	0.01419	0.01656	0.01183	0.00946	0.00828	0.00237	0.01656	0.00591	0.00473	0.01064
21	0.01465	0.00975	0.01280	0.01183	0.01429	0.00895	0.00895	0.01893	0.02601	0.07137	0.58126	0.06640	0.08289	0.01834	0.01074	0.00289	0.00454	0.01617	0.01018	0.00907
22	0.01312	0.00984	0.01476	0.01476	0.01640	0.01148	0.01148	0.01640	0.01476	0.02131	0.02459	0.03607	0.02295	0.06886	0.64092	0.01476	0.02459	0.00984	0.00492	0.00820
23	0.01209	0.00934	0.01086	0.01097	0.01330	0.00836	0.00821	0.01498	0.02169	0.02807	0.23907	0.11711	0.32440	0.07255	0.01382	0.00363	0.00528	0.06960	0.00877	0.00791
24	0.74217	0.01776	0.01350	0.01207	0.01776	0.02060	0.00994	0.02699	0.01563	0.04120	0.01278	0.01492	0.00994	0.00852	0.00568	0.00284	0.00710	0.00497	0.00568	0.00994
25	0.02096	0.01961	0.03102	0.24782	0.32629	0.02153	0.02479	0.03040	0.12688	0.02937	0.02064	0.02542	0.01625	0.00930	0.00917	0.00291	0.01068	0.00858	0.00527	0.01310
26	0.01733	0.01475	0.01976	0.02406	0.15422	0.01502	0.01547	0.02622	0.14996	0.03076	0.10250	0.06333	0.16526	0.01754	0.01056	0.00327	0.00752	0.14348	0.00794	0.01104
27	0.01383	0.01089	0.01613	0.01572	0.01719	0.01318	0.01236	0.01698	0.01469	0.02140	0.02331	0.03443	0.02184	0.06345	0.57830	0.01366	0.08980	0.00965	0.00483	0.00839
28	0.01649	0.01656	0.06489	0.02212	0.12467	0.01480	0.01502	0.02545	0.15920	0.02892	0.04855	0.22260	0.16680	0.01845	0.01026	0.00320	0.00725	0.01618	0.00766	0.01093
29	0.02061	0.02602	0.17042	0.03119	0.21016	0.02073	0.02266	0.03435	0.22910	0.03230	0.03146	0.03228	0.07576	0.01127	0.00926	0.00294	0.00965	0.00970	0.00648	0.01366
30	0.22151	0.02526	0.20172	0.07743	0.02833	0.01837	0.01859	0.06983	0.02054	0.03328	0.03418	0.03533	0.15617	0.01237	0.00846	0.00294	0.00921	0.00954	0.00595	0.01100
31	0.18246	0.03073	0.27813	0.06087	0.03486	0.02105	0.11812	0.02697	0.01821	0.03057	0.01636	0.02089	0.01256	0.01355	0.05804	0.00390	0.04903	0.00744	0.00451	0.01175
32	0.02660	0.02903	0.03260	0.04335	0.38937	0.22853	0.02394	0.03216	0.05489	0.02795	0.01736	0.02130	0.01438	0.00885	0.00883	0.00263	0.01259	0.00755	0.00487	0.01324
33	0.11457	0.03178	0.14581	0.10724	0.20016	0.19352	0.02379	0.03000	0.02107	0.02835	0.01558	0.01959	0.01237	0.00881	0.00838	0.00272	0.01268	0.00687	0.00455	0.01217
34	0.06435	0.02113	0.03509	0.10259	0.53943	0.02163	0.02689	0.02773	0.02039	0.03012	0.01693	0.02241	0.01409	0.00828	0.00890	0.00276	0.01079	0.00799	0.00457	0.01392

[dist]
# distance from previous block
# <min> <max>
1	17

[block]
# block no. 3 follows, 18 sequences, length 22
# corresponding to MSA columns:
# 213-230,232-235
name=unknown_D
#
# <colnr> <probs for GDERKNQSTAVLIFYWHMCP>
#	G	D	E	R	K	N	Q	S	T	A	V	L	I	F	Y	W	H	M	C	P
0	0.02523	0.02541	0.03249	0.04392	0.41384	0.13908	0.02387	0.07577	0.02411	0.03139	0.06083	0.02485	0.01939	0.00944	0.00907	0.00267	0.01143	0.00837	0.00537	0.01346
1	0.02300	0.02464	0.02543	0.06780	0.20844	0.20248	0.01888	0.02837	0.06418	0.02622	0.02971	0.03300	0.10371	0.01817	0.08233	0.00412	0.01307	0.00950	0.00555	0.01140
2	0.01247	0.01071	0.01085	0.01057	0.01396	0.00979	0.00800	0.01800	0.09980	0.02665	0.08548	0.08104	0.53665	0.02179	0.01065	0.00310	0.00501	0.01816	0.00864	0.00867
3	0.01197	0.00866	0.01140	0.01285	0.01406	0.00810	0.00924	0.01446	0.01984	0.02658	0.16042	0.44820	0.09975	0.02609	0.01162	0.00359	0.00549	0.09103	0.00882	0.00783
4	0.02072	0.01977	0.03364	0.27983	0.41227	0.02129	0.02718	0.02642	0.01996	0.02756	0.01692	0.02338	0.01368	0.00855	0.00912	0.00285	0.01141	0.00817	0.00437	0.01292
5	0.01290	0.00897	0.00988	0.00988	0.01045	0.00869	0.00582	0.01332	0.01474	0.01908	0.04065	0.06526	0.13994	0.55775	0.04017	0.00784	0.00812	0.01445	0.00611	0.00596
6	0.01303	0.01034	0.01129	0.01148	0.01371	0.00995	0.00808	0.01795	0.09762	0.02501	0.06384	0.20564	0.30190	0.14743	0.01767	0.00435	0.00596	0.01851	0.00807	0.00819
7	0.02099	0.02180	0.02778	0.02277	0.02613	0.13681	0.14970	0.02420	0.01834	0.02359	0.01971	0.03143	0.01867	0.16382	0.06842	0.00525	0.15534	0.00964	0.04613	0.00950
8	0.02966	0.01715	0.01981	0.01663	0.02227	0.01790	0.01327	0.08315	0.27235	0.25423	0.03483	0.03226	0.02457	0.01171	0.00890	0.00286	0.00727	0.00956	0.10742	0.01420
9	0.02742	0.02200	0.02334	0.01961	0.02562	0.02498	0.01564	0.25393	0.39085	0.04579	0.03156	0.02962	0.02332	0.01191	0.00928	0.00298	0.00834	0.00958	0.00928	0.01494
10	0.02043	0.18490	0.39634	0.02725	0.07577	0.02491	0.09114	0.02870	0.01958	0.02751	0.01594	0.01917	0.01212	0.00838	0.00835	0.00271	0.01277	0.00691	0.00402	0.01310
11	0.02979	0.03566	0.02881	0.03101	0.15972	0.41961	0.02039	0.03280	0.02326	0.02410	0.01459	0.01841	0.01246	0.01007	0.01142	0.00267	0.10249	0.00671	0.00459	0.01143
12	0.01712	0.00856	0.00856	0.00856	0.01070	0.00856	0.00642	0.02139	0.01926	0.03423	0.02995	0.03423	0.02353	0.01070	0.00642	0.00214	0.00428	0.00856	0.72828	0.00856
13	0.02632	0.26433	0.17783	0.02153	0.02918	0.24878	0.02103	0.03085	0.02121	0.02373	0.01412	0.01680	0.01178	0.00911	0.00881	0.00245	0.05034	0.00590	0.00421	0.01170
14	0.01109	0.00838	0.01025	0.01175	0.01305	0.00754	0.00807	0.01290	0.01857	0.02384	0.06317	0.49870	0.22525	0.02713	0.01146	0.00354	0.00513	0.02411	0.00852	0.00754
15	0.11899	0.02443	0.10692	0.03849	0.28812	0.02295	0.08916	0.02711	0.01879	0.02983	0.01572	0.02099	0.01302	0.00974	0.01279	0.00305	0.13481	0.00785	0.00453	0.01270
16	0.03306	0.04163	0.07654	0.02352	0.02934	0.50599	0.01905	0.11088	0.02779	0.02782	0.01545	0.01754	0.01232	0.00961	0.00844	0.00246	0.01544	0.00630	0.00526	0.01156
17	0.02027	0.16450	0.31300	0.02509	0.03522	0.02413	0.13234	0.02962	0.06804	0.02792	0.01842	0.02184	0.01422	0.01269	0.05079	0.00356	0.01340	0.00769	0.00456	0.01271
18	0.01638	0.01344	0.01505	0.01455	0.01810	0.01404	0.01149	0.02818	0.23913	0.03225	0.14585	0.06786	0.21090	0.01891	0.01062	0.00328	0.00627	0.11409	0.00907	0.01055
19	0.01145	0.00887	0.01043	0.01101	0.01301	0.00785	0.00789	0.01397	0.02090	0.02701	0.19474	0.28607	0.30559	0.02417	0.01115	0.00327	0.00481	0.02109	0.00888	0.00785
20	0.01505	0.01112	0.01557	0.17320	0.02570	0.01256	0.01285	0.01845	0.01748	0.02551	0.03120	0.22186	0.03182	0.07487	0.04974	0.00424	0.04717	0.01410	0.18905	0.00846
21	0.12646	0.28198	0.03268	0.01908	0.02512	0.32800	0.01592	0.03189	0.02183	0.02468	0.01346	0.01564	0.01156	0.00873	0.00702	0.00228	0.01273	0.00541	0.00456	0.01098

[dist]
# distance from previous block
# <min> <max>
0	1

[block]
# block no. 4 follows, 18 sequences, length 13
# corresponding to MSA columns:
# 237-249
name=unknown_E
#
# <colnr> <probs for GDERKNQSTAVLIFYWHMCP>
#	G	D	E	R	K	N	Q	S	T	A	V	L	I	F	Y	W	H	M	C	P
0	0.02116	0.10479	0.03782	0.03279	0.17322	0.07404	0.21472	0.02619	0.02133	0.02705	0.03233	0.03528	0.13634	0.01117	0.00958	0.00280	0.01156	0.01078	0.00533	0.01173
1	0.01991	0.10839	0.15429	0.22471	0.04606	0.02403	0.18469	0.02662	0.01917	0.02589	0.01618	0.02198	0.01253	0.00911	0.01094	0.00299	0.06843	0.00824	0.00418	0.01166
2	0.01178	0.00911	0.01040	0.01055	0.01259	0.00824	0.00749	0.01407	0.01995	0.02557	0.16965	0.15335	0.32826	0.12598	0.04796	0.00462	0.00633	0.01834	0.00818	0.00757
3	0.02995	0.03924	0.15043	0.02717	0.09265	0.34824	0.02208	0.12576	0.02697	0.03047	0.01628	0.01869	0.01270	0.00944	0.00860	0.00258	0.01429	0.00672	0.00528	0.01247
4	0.02913	0.03152	0.02681	0.22039	0.03929	0.32213	0.02011	0.14514	0.02712	0.02999	0.01646	0.02015	0.01273	0.00969	0.00875	0.00266	0.01389	0.00709	0.00543	0.01152
5	0.01159	0.00924	0.01051	0.01132	0.01371	0.00817	0.00862	0.01408	0.02026	0.02497	0.07659	0.21355	0.40425	0.02477	0.01134	0.00342	0.00544	0.11184	0.00851	0.00781
6	0.01333	0.00898	0.01041	0.01041	0.01055	0.00912	0.00606	0.01361	0.01347	0.01810	0.02857	0.05809	0.03251	0.62660	0.09626	0.00939	0.01021	0.01306	0.00551	0.00578
7	0.02011	0.01724	0.02124	0.02398	0.14219	0.01833	0.01534	0.07957	0.25301	0.03393	0.04506	0.10894	0.15138	0.01544	0.00984	0.00307	0.00750	0.01329	0.00809	0.01246
8	0.02187	0.02041	0.03350	0.03013	0.13773	0.01974	0.20447	0.13173	0.02523	0.03401	0.03446	0.03675	0.14103	0.01162	0.00985	0.00281	0.01058	0.01119	0.00638	0.07651
9	0.01810	0.01357	0.01512	0.01386	0.01685	0.01400	0.01019	0.14724	0.07399	0.03282	0.09660	0.18379	0.14708	0.15355	0.01783	0.00432	0.00709	0.01603	0.00828	0.00969
10	0.14412	0.15950	0.08926	0.08066	0.02715	0.02149	0.01646	0.02694	0.01869	0.09962	0.02008	0.07755	0.01742	0.01100	0.00946	0.00267	0.06107	0.00816	0.00573	0.10297
11	0.18961	0.03003	0.14717	0.07812	0.09277	0.15123	0.02063	0.07588	0.02252	0.08545	0.01743	0.01983	0.01295	0.00923	0.00810	0.00275	0.01155	0.00679	0.00564	0.01229
12	0.02177	0.05656	0.03179	0.03139	0.18101	0.02386	0.07918	0.03131	0.16073	0.02948	0.02063	0.02434	0.01689	0.01108	0.01441	0.00304	0.17778	0.00856	0.00563	0.07056

[dist]
# distance from previous block
# <min> <max>
5	14

[block]
# block no. 5 follows, 18 sequences, length 51
# corresponding to MSA columns:
# 266-316
name=unknown_F
#
# <colnr> <probs for GDERKNQSTAVLIFYWHMCP>
#	G	D	E	R	K	N	Q	S	T	A	V	L	I	F	Y	W	H	M	C	P
0	0.01866	0.04605	0.59635	0.02787	0.07244	0.02135	0.03360	0.02903	0.01947	0.02913	0.01652	0.01957	0.01180	0.00869	0.00874	0.00290	0.01342	0.00686	0.00391	0.01362
1	0.02397	0.02337	0.03038	0.03990	0.35195	0.08636	0.02236	0.03621	0.22341	0.03213	0.02392	0.02608	0.01894	0.00980	0.00909	0.00282	0.01023	0.00871	0.00623	0.01414
2	0.21856	0.06265	0.02068	0.01729	0.02205	0.28685	0.01350	0.05419	0.02210	0.03022	0.02061	0.02303	0.04726	0.01303	0.03875	0.00312	0.01191	0.00693	0.07702	0.01025
3	0.01328	0.00917	0.01140	0.01140	0.01188	0.00965	0.00729	0.01424	0.01376	0.01883	0.02767	0.05308	0.03034	0.49987	0.22002	0.01061	0.01348	0.01233	0.00538	0.00633
4	0.01166	0.00881	0.01089	0.01236	0.01394	0.00804	0.00904	0.01390	0.01918	0.02450	0.06345	0.40018	0.23190	0.02651	0.01160	0.00361	0.00561	0.10858	0.00851	0.00771
5	0.01335	0.00890	0.01001	0.01001	0.01001	0.00890	0.00556	0.01335	0.01335	0.01780	0.02893	0.06009	0.03338	0.67731	0.04673	0.00890	0.00890	0.01335	0.00556	0.00556
6	0.02290	0.02326	0.02080	0.01614	0.02343	0.17101	0.01261	0.02654	0.02080	0.02804	0.01578	0.01841	0.01315	0.00747	0.00717	0.00161	0.00927	0.00556	0.00526	0.55077
7	0.02981	0.03641	0.02827	0.02468	0.02845	0.44262	0.05275	0.03241	0.02262	0.02279	0.01390	0.01798	0.01201	0.01109	0.01416	0.00284	0.18530	0.00677	0.00454	0.01059
8	0.01422	0.00948	0.01134	0.01131	0.01296	0.00885	0.00787	0.01618	0.01899	0.05833	0.15341	0.13259	0.16810	0.26723	0.02441	0.00537	0.00672	0.05721	0.00786	0.00757
9	0.01143	0.00932	0.01011	0.00991	0.01276	0.00800	0.00743	0.01430	0.02230	0.02807	0.23484	0.08299	0.47245	0.02204	0.01085	0.00304	0.00456	0.01863	0.00896	0.00800
10	0.02165	0.02029	0.03417	0.29702	0.26498	0.02208	0.08910	0.08461	0.02226	0.03013	0.01752	0.02361	0.01364	0.00884	0.00933	0.00291	0.01189	0.00848	0.00485	0.01262
11	0.20352	0.02881	0.19260	0.04839	0.05511	0.08354	0.01952	0.02898	0.05438	0.03199	0.01657	0.01916	0.01279	0.00857	0.00758	0.00252	0.01026	0.00629	0.00512	0.16431
12	0.02882	0.20827	0.03321	0.02341	0.07392	0.20824	0.01806	0.14578	0.05354	0.03081	0.01655	0.01889	0.01361	0.01007	0.01020	0.00257	0.07932	0.00674	0.00556	0.01241
13	0.01322	0.00944	0.01273	0.01273	0.01367	0.01038	0.00895	0.01510	0.01416	0.01982	0.02645	0.04633	0.02741	0.32866	0.38722	0.01226	0.01789	0.01134	0.00519	0.00707
14	0.02152	0.01850	0.01753	0.01591	0.01999	0.08184	0.01216	0.06444	0.29571	0.03486	0.08304	0.03995	0.07411	0.04806	0.01094	0.00314	0.00754	0.01083	0.12817	0.01174
15	0.01312	0.00984	0.01476	0.01476	0.01640	0.01148	0.01148	0.01640	0.01476	0.02131	0.02459	0.03607	0.02295	0.06886	0.64092	0.01476	0.02459	0.00984	0.00492	0.00820
16	0.02445	0.58198	0.10726	0.01723	0.02551	0.06780	0.01771	0.02816	0.01913	0.02243	0.01323	0.01531	0.01177	0.00803	0.00632	0.00208	0.01058	0.00516	0.00397	0.01191
17	0.02632	0.25962	0.16771	0.02237	0.03123	0.07823	0.07950	0.17079	0.02591	0.03327	0.01663	0.01877	0.01295	0.00896	0.00804	0.00252	0.01183	0.00686	0.00538	0.01311
18	0.01811	0.01365	0.01579	0.01380	0.01749	0.01288	0.01001	0.11888	0.02149	0.02993	0.03071	0.22354	0.03295	0.18353	0.01878	0.00422	0.00748	0.01408	0.00706	0.20562
19	0.30014	0.03009	0.02165	0.01876	0.02442	0.27527	0.01475	0.15272	0.02583	0.03716	0.01536	0.01713	0.01194	0.00945	0.00750	0.00263	0.01161	0.00607	0.00605	0.01146
20	0.02149	0.27031	0.30784	0.02077	0.03020	0.06090	0.02360	0.02798	0.01922	0.02610	0.01588	0.01879	0.01267	0.00898	0.00856	0.00253	0.04364	0.00627	0.06210	0.01219
21	0.03170	0.21589	0.03214	0.02129	0.02708	0.42725	0.01717	0.07854	0.02540	0.02508	0.01444	0.01650	0.01212	0.00915	0.00770	0.00229	0.01421	0.00583	0.00487	0.01135
22	0.01161	0.00817	0.01053	0.01224	0.01267	0.00774	0.00794	0.01290	0.01675	0.02233	0.04635	0.55128	0.05536	0.15613	0.01860	0.00474	0.00603	0.02360	0.00794	0.00709
23	0.01335	0.00890	0.01001	0.01001	0.01001	0.00890	0.00556	0.01335	0.01335	0.01780	0.02893	0.06009	0.03338	0.67731	0.04673	0.00890	0.00890	0.01335	0.00556	0.00556
24	0.02441	0.01908	0.02127	0.01675	0.02376	0.01866	0.01339	0.13607	0.21013	0.07152	0.02520	0.02513	0.01908	0.00963	0.00818	0.00226	0.00761	0.00775	0.00770	0.33241
25	0.02491	0.02240	0.01935	0.01735	0.02047	0.19999	0.01292	0.14006	0.02394	0.02852	0.06324	0.05492	0.02195	0.01976	0.01917	0.27675	0.01057	0.00888	0.00595	0.00889
26	0.01201	0.00921	0.01100	0.01084	0.01319	0.00820	0.00802	0.01531	0.02324	0.03096	0.36241	0.13848	0.28093	0.02148	0.01093	0.00305	0.00455	0.01862	0.00936	0.00820
27	0.03179	0.03901	0.02846	0.03074	0.15649	0.50650	0.02000	0.03483	0.02491	0.02410	0.01486	0.01789	0.01242	0.00918	0.00845	0.00244	0.01533	0.00640	0.00469	0.01149
28	0.01762	0.01490	0.01800	0.04309	0.02224	0.01180	0.01115	0.02138	0.01876	0.02852	0.02216	0.13040	0.02157	0.01065	0.00775	0.00184	0.00680	0.00909	0.00590	0.57637
29	0.01258	0.00869	0.01073	0.01146	0.01181	0.00867	0.00719	0.01347	0.01495	0.02010	0.03592	0.26743	0.04169	0.39153	0.09637	0.00773	0.00930	0.01737	0.00651	0.00649
30	0.01721	0.01614	0.01956	0.01822	0.01973	0.08126	0.01447	0.02005	0.01574	0.02165	0.02011	0.02971	0.01884	0.04836	0.40939	0.01055	0.19648	0.00894	0.00465	0.00895
31	0.06013	0.03113	0.26043	0.12410	0.04438	0.02148	0.23786	0.02900	0.02021	0.05763	0.01799	0.02249	0.01303	0.00854	0.00944	0.00299	0.01346	0.00853	0.00465	0.01252
32	0.22443	0.07067	0.08658	0.02015	0.02642	0.32886	0.01717	0.07426	0.02339	0.03085	0.01456	0.01672	0.01158	0.00916	0.00756	0.00256	0.01283	0.00587	0.00519	0.01119
33	0.21646	0.09025	0.08234	0.07376	0.17692	0.04691	0.01873	0.02615	0.01993	0.03236	0.11033	0.02662	0.02390	0.01010	0.00805	0.00273	0.00931	0.00808	0.00558	0.01149
34	0.03135	0.19771	0.03225	0.02077	0.02699	0.24035	0.01724	0.22992	0.02966	0.03480	0.01652	0.01822	0.01317	0.00993	0.00907	0.00248	0.04422	0.00660	0.00607	0.01267
35	0.02045	0.01520	0.01902	0.15348	0.02826	0.01734	0.01466	0.12596	0.11021	0.03435	0.02572	0.03030	0.02025	0.02139	0.12471	0.00492	0.01122	0.00893	0.20263	0.01100
36	0.01614	0.00943	0.01229	0.01285	0.01467	0.00859	0.00902	0.01815	0.01940	0.11941	0.08000	0.45740	0.09615	0.06427	0.01333	0.00381	0.00583	0.02165	0.00888	0.00872
37	0.02222	0.07204	0.03629	0.21151	0.31716	0.07232	0.08363	0.02765	0.02054	0.02693	0.01656	0.02232	0.01343	0.00848	0.00899	0.00277	0.01212	0.00802	0.00440	0.01262
38	0.01594	0.01480	0.02359	0.51538	0.05223	0.01766	0.02149	0.02123	0.01892	0.02375	0.03293	0.03831	0.14304	0.01223	0.00954	0.00307	0.01060	0.01059	0.00504	0.00967
39	0.01181	0.00909	0.01086	0.01136	0.01349	0.00814	0.00841	0.01464	0.02147	0.02792	0.22079	0.23147	0.28971	0.02359	0.01120	0.00329	0.00502	0.06080	0.00895	0.00798
40	0.02484	0.02649	0.03564	0.08178	0.41448	0.15580	0.07060	0.02985	0.02193	0.02795	0.01666	0.02165	0.01378	0.00848	0.00906	0.00270	0.01257	0.00790	0.00457	0.01328
41	0.06593	0.02588	0.02689	0.02988	0.19819	0.15617	0.01884	0.20213	0.02849	0.03765	0.02261	0.02494	0.04452	0.01030	0.00864	0.00263	0.01084	0.00813	0.06437	0.01297
42	0.22398	0.07947	0.02345	0.01806	0.02388	0.18016	0.01455	0.17048	0.08646	0.03841	0.01874	0.01994	0.01445	0.00983	0.00763	0.00263	0.01034	0.00674	0.03870	0.01208
43	0.01584	0.15649	0.02144	0.01653	0.06539	0.01583	0.01269	0.01907	0.02049	0.02525	0.05750	0.07128	0.28407	0.01928	0.01013	0.00313	0.00731	0.16170	0.00719	0.00936
44	0.21608	0.01565	0.01747	0.07873	0.06918	0.01725	0.01242	0.10934	0.02014	0.03315	0.02139	0.03350	0.01995	0.22332	0.02004	0.00473	0.00874	0.00901	0.06021	0.00971
45	0.02919	0.02146	0.10113	0.02354	0.11151	0.01754	0.01812	0.13240	0.02654	0.24626	0.06352	0.07984	0.02528	0.01211	0.00931	0.00281	0.00895	0.01019	0.00841	0.05188
46	0.02570	0.02389	0.06688	0.18528	0.04175	0.02444	0.14344	0.25000	0.07587	0.03982	0.02076	0.02408	0.01517	0.00983	0.00953	0.00294	0.01178	0.00888	0.00662	0.01334
47	0.02337	0.02171	0.09196	0.03090	0.22274	0.01940	0.02034	0.07452	0.14942	0.09481	0.08788	0.06964	0.02833	0.01205	0.00947	0.00292	0.00902	0.01058	0.00737	0.01359
48	0.13313	0.02239	0.08964	0.07026	0.19992	0.02068	0.10679	0.03051	0.09428	0.05912	0.02064	0.02448	0.01605	0.01353	0.05629	0.00380	0.01178	0.00840	0.00560	0.01272
49	0.06149	0.02899	0.13382	0.03712	0.27691	0.10408	0.05413	0.08895	0.02382	0.07704	0.01849	0.02163	0.01416	0.00897	0.00887	0.00275	0.01185	0.00771	0.00551	0.01371
50	0.02074	0.03081	0.25444	0.02954	0.17212	0.05253	0.02435	0.07067	0.07693	0.03131	0.03109	0.03260	0.11027	0.01146	0.00922	0.00287	0.01082	0.00953	0.00573	0.01297

[dist]
# distance from previous block
# <min> <max>
63	189

[block]
# block no. 6 follows, 18 sequences, length 80
# corresponding to MSA columns:
# 524-603
name=unknown_G
#
# <colnr> <probs for GDERKNQSTAVLIFYWHMCP>
#	G	D	E	R	K	N	Q	S	T	A	V	L	I	F	Y	W	H	M	C	P
0	0.02448	0.03038	0.25422	0.02245	0.03038	0.02231	0.02317	0.10590	0.06274	0.11445	0.02040	0.02254	0.01504	0.01118	0.01356	0.00305	0.15561	0.00777	0.00612	0.05425
1	0.02174	0.01701	0.06257	0.02382	0.15339	0.01457	0.01618	0.05707	0.02264	0.14652	0.04796	0.05045	0.21433	0.01965	0.06097	0.00393	0.00939	0.03845	0.00762	0.01173
2	0.02089	0.02070	0.06658	0.01604	0.02082	0.09784	0.01356	0.12567	0.07128	0.03358	0.09141	0.04496	0.17127	0.01963	0.06660	0.00387	0.00988	0.01163	0.08304	0.01076
3	0.09244	0.03612	0.02771	0.03071	0.17312	0.43475	0.01964	0.03374	0.02387	0.02594	0.01483	0.01793	0.01233	0.00907	0.00826	0.00250	0.01435	0.00639	0.00477	0.01154
4	0.01845	0.03659	0.39156	0.02464	0.07963	0.07168	0.02606	0.02612	0.02042	0.02763	0.03340	0.03478	0.14659	0.01198	0.00919	0.00289	0.01162	0.00963	0.00504	0.01210
5	0.01845	0.02812	0.25176	0.08166	0.16553	0.01893	0.06991	0.02559	0.01892	0.02761	0.01908	0.02498	0.01533	0.02035	0.13179	0.00516	0.01468	0.00821	0.04182	0.01212
6	0.01901	0.04398	0.54871	0.03030	0.11910	0.02139	0.03314	0.02896	0.01959	0.02920	0.01659	0.01984	0.01203	0.00865	0.00877	0.00288	0.01321	0.00698	0.00397	0.01370
7	0.02763	0.09571	0.25175	0.02396	0.03222	0.36295	0.02358	0.03312	0.02298	0.02485	0.01493	0.01746	0.01175	0.00906	0.00826	0.00253	0.01492	0.00616	0.00435	0.01182
8	0.01659	0.01241	0.01401	0.01363	0.01554	0.01318	0.00937	0.06770	0.14843	0.02724	0.03643	0.22536	0.03854	0.29055	0.02539	0.00564	0.00762	0.01591	0.00754	0.00891
9	0.02113	0.19547	0.27302	0.02824	0.03882	0.02572	0.23452	0.02881	0.02005	0.02736	0.01634	0.02024	0.01252	0.00814	0.00881	0.00275	0.01336	0.00783	0.00417	0.01269
10	0.02342	0.02942	0.17533	0.03186	0.20735	0.12261	0.02349	0.03041	0.05602	0.06973	0.02649	0.03396	0.05271	0.01158	0.00935	0.00291	0.01148	0.06338	0.00578	0.01273
11	0.02013	0.17938	0.30405	0.06151	0.14813	0.02392	0.02650	0.02723	0.01909	0.02667	0.01645	0.02061	0.01318	0.01331	0.05934	0.00363	0.01304	0.00696	0.00411	0.01275
12	0.01200	0.00938	0.01404	0.01468	0.01602	0.00872	0.05420	0.01412	0.01806	0.02397	0.05001	0.59346	0.08247	0.02685	0.01161	0.00365	0.00610	0.02459	0.00822	0.00786
13	0.01110	0.00831	0.01032	0.01193	0.01309	0.00753	0.00814	0.01288	0.01840	0.02378	0.06105	0.52781	0.19750	0.02741	0.01151	0.00357	0.00516	0.02445	0.00852	0.00753
14	0.02873	0.08660	0.03267	0.03729	0.29705	0.25702	0.02198	0.03265	0.02308	0.07361	0.01722	0.02037	0.01392	0.00889	0.00852	0.00253	0.01271	0.00712	0.00510	0.01291
15	0.01799	0.01533	0.01626	0.01525	0.01946	0.01656	0.01190	0.03391	0.35253	0.03276	0.05783	0.05877	0.23686	0.01728	0.01014	0.00320	0.00644	0.05690	0.00899	0.01167
16	0.01119	0.00799	0.01065	0.01278	0.01332	0.00746	0.00852	0.01278	0.01758	0.02344	0.05061	0.67132	0.06073	0.02877	0.01172	0.00373	0.00533	0.02610	0.00852	0.00746
17	0.02913	0.03514	0.02679	0.02382	0.02683	0.41758	0.01860	0.03136	0.02167	0.02234	0.01341	0.01784	0.01191	0.01187	0.01623	0.00297	0.25094	0.00669	0.00447	0.01043
18	0.01399	0.00999	0.01387	0.01599	0.01775	0.00988	0.01340	0.01763	0.02034	0.02658	0.04906	0.23005	0.05460	0.02612	0.01247	0.00412	0.00776	0.43969	0.00847	0.00823
19	0.03430	0.04376	0.02602	0.02365	0.02839	0.64045	0.01774	0.03666	0.02602	0.02247	0.01419	0.01656	0.01183	0.00946	0.00828	0.00237	0.01656	0.00591	0.00473	0.01064
20	0.01119	0.00799	0.01065	0.01278	0.01332	0.00746	0.00852	0.01278	0.01758	0.02344	0.05061	0.67132	0.06073	0.02877	0.01172	0.00373	0.00533	0.02610	0.00852	0.00746
21	0.02731	0.02195	0.02328	0.01959	0.02558	0.02493	0.01562	0.24937	0.39558	0.04563	0.03169	0.02973	0.02342	0.01192	0.00928	0.00298	0.00832	0.00960	0.00928	0.01493
22	0.01312	0.00984	0.01476	0.01476	0.01640	0.01148	0.01148	0.01640	0.01476	0.02131	0.02459	0.03607	0.02295	0.06886	0.64092	0.01476	0.02459	0.00984	0.00492	0.00820
23	0.02901	0.16506	0.03368	0.03084	0.21948	0.07736	0.01991	0.07644	0.02335	0.16206	0.02027	0.02213	0.01545	0.00970	0.00983	0.00265	0.05536	0.00751	0.00628	0.01363
24	0.01712	0.00856	0.00856	0.00856	0.01070	0.00856	0.00642	0.02139	0.01926	0.03423	0.02995	0.03423	0.02353	0.01070	0.00642	0.00214	0.00428	0.00856	0.72828	0.00856
25	0.01451	0.01175	0.01233	0.01181	0.01455	0.01179	0.00843	0.02199	0.16217	0.02616	0.06106	0.06699	0.30544	0.20690	0.02070	0.00476	0.00651	0.01545	0.00788	0.00880
26	0.01312	0.00984	0.01476	0.01476	0.01640	0.01148	0.01148	0.01640	0.01476	0.02131	0.02459	0.03607	0.02295	0.06886	0.64092	0.01476	0.02459	0.00984	0.00492	0.00820
27	0.01085	0.00930	0.00930	0.00930	0.01240	0.00775	0.00698	0.01318	0.02093	0.02480	0.09302	0.08837	0.61631	0.02325	0.01085	0.00310	0.00465	0.01938	0.00853	0.00775
28	0.01312	0.00984	0.01476	0.01476	0.01640	0.01148	0.01148	0.01640	0.01476	0.02131	0.02459	0.03607	0.02295	0.06886	0.64092	0.01476	0.02459	0.00984	0.00492	0.00820
29	0.01842	0.04749	0.62974	0.02617	0.03974	0.02132	0.03392	0.02908	0.01939	0.02908	0.01648	0.01939	0.01163	0.00872	0.00872	0.00291	0.01357	0.00678	0.00388	0.01357
30	0.01333	0.01047	0.01169	0.01097	0.01401	0.00953	0.00834	0.05463	0.02439	0.03165	0.28635	0.07627	0.37365	0.02071	0.01073	0.00300	0.00491	0.01756	0.00917	0.00864
31	0.01450	0.01036	0.01446	0.01658	0.01856	0.01032	0.01429	0.01852	0.02085	0.02715	0.04878	0.14951	0.05348	0.02564	0.01260	0.00419	0.00820	0.51518	0.00846	0.00837
32	0.06920	0.13514	0.36896	0.15926	0.04083	0.02335	0.02768	0.02748	0.01879	0.02757	0.01562	0.01947	0.01167	0.00868	0.00818	0.00279	0.01227	0.00667	0.00405	0.01232
33	0.01778	0.02783	0.24942	0.08096	0.21110	0.01806	0.02488	0.02445	0.02015	0.02786	0.03555	0.03778	0.16142	0.01217	0.00939	0.00291	0.01046	0.01042	0.00524	0.01217
34	0.02286	0.24209	0.31839	0.02334	0.03376	0.06312	0.06969	0.07440	0.02165	0.02871	0.01580	0.01841	0.01219	0.00860	0.00802	0.00258	0.01245	0.00659	0.00443	0.01291
35	0.02908	0.08468	0.11048	0.02642	0.03341	0.39651	0.13289	0.03361	0.02380	0.02464	0.01526	0.01843	0.01222	0.00891	0.00868	0.00255	0.01549	0.00694	0.00455	0.01144
36	0.02887	0.02132	0.02361	0.01959	0.02536	0.02334	0.01613	0.41703	0.06234	0.04880	0.02977	0.08963	0.02644	0.01507	0.01002	0.00311	0.00930	0.10763	0.00901	0.01363
37	0.01330	0.00898	0.01036	0.01025	0.01058	0.00887	0.00603	0.01396	0.01527	0.02069	0.11791	0.06138	0.04146	0.57736	0.04128	0.00799	0.00821	0.01385	0.00625	0.00603
38	0.01119	0.00799	0.01065	0.01278	0.01332	0.00746	0.00852	0.01278	0.01758	0.02344	0.05061	0.67132	0.06073	0.02877	0.01172	0.00373	0.00533	0.02610	0.00852	0.00746
39	0.01312	0.00984	0.01476	0.01476	0.01640	0.01148	0.01148	0.01640	0.01476	0.02131	0.02459	0.03607	0.02295	0.06886	0.64092	0.01476	0.02459	0.00984	0.00492	0.00820
40	0.08094	0.02785	0.14665	0.02157	0.03010	0.02388	0.04646	0.32602	0.03283	0.13999	0.02239	0.02261	0.01548	0.01029	0.00894	0.00282	0.01048	0.00802	0.00802	0.01466
41	0.01708	0.01373	0.01974	0.02227	0.11395	0.01522	0.01500	0.06086	0.06878	0.02705	0.02572	0.03665	0.02324	0.04789	0.40674	0.01041	0.01901	0.04063	0.00574	0.01028
42	0.06859	0.01491	0.01737	0.04808	0.02264	0.04946	0.01544	0.08404	0.02334	0.03132	0.03969	0.07966	0.04147	0.02093	0.01139	0.00381	0.00919	0.40121	0.00792	0.00956
