[name]
unknown

[dist]
# distance from previous block
# <min> <max>
0	16

[block]
# block no. 0 follows, 22 sequences, length 89
# corresponding to MSA columns:
# 16-104
name=unknown_A
#
# <colnr> <probs for GDERKNQSTAVLIFYWHMCP>
#	G	D	E	R	K	N	Q	S	T	A	V	L	I	F	Y	W	H	M	C	P
0	0.20227	0.02277	0.02015	0.06217	0.09111	0.21101	0.01526	0.08629	0.02106	0.02929	0.01975	0.03154	0.01817	0.01117	0.00792	0.00268	0.01012	0.12189	0.00550	0.00990
1	0.05615	0.02209	0.14837	0.05629	0.22270	0.04675	0.01972	0.02668	0.08232	0.06794	0.13999	0.02892	0.02643	0.01001	0.00831	0.00257	0.00881	0.00864	0.00582	0.01149
2	0.01274	0.00896	0.00994	0.00940	0.01238	0.00765	0.00715	0.01529	0.02026	0.08394	0.18779	0.07173	0.48440	0.01927	0.00968	0.00275	0.00442	0.01620	0.00823	0.00783
3	0.09819	0.04440	0.01625	0.01233	0.01768	0.01238	0.00965	0.04432	0.01744	0.02742	0.02235	0.19036	0.02275	0.01156	0.00722	0.00200	0.00609	0.00970	0.00573	0.42219
4	0.01419	0.01043	0.01285	0.01236	0.01437	0.01047	0.00884	0.08766	0.01750	0.02407	0.03070	0.27990	0.03369	0.17709	0.14652	0.00602	0.00958	0.01441	0.00629	0.08306
5	0.01090	0.00779	0.01054	0.01246	0.01328	0.00742	0.00907	0.01292	0.01667	0.02208	0.04536	0.55711	0.05324	0.02529	0.01081	0.00348	0.00550	0.16143	0.00770	0.00696
6	0.01666	0.04297	0.66500	0.02368	0.03596	0.01929	0.03069	0.02631	0.01754	0.02631	0.01491	0.01754	0.01052	0.00789	0.00789	0.00263	0.01228	0.00614	0.00351	0.01228
7	0.01711	0.01580	0.02624	0.26024	0.32634	0.01693	0.02122	0.02195	0.01871	0.02583	0.11443	0.05578	0.02421	0.00996	0.00859	0.00263	0.00916	0.00924	0.00489	0.01074
8	0.01723	0.01477	0.01723	0.01230	0.01969	0.01107	0.00984	0.02092	0.01723	0.02707	0.01477	0.01723	0.01230	0.00615	0.00615	0.00123	0.00615	0.00492	0.00492	0.75883
9	0.02868	0.21955	0.02888	0.01948	0.02452	0.50319	0.01556	0.03096	0.02176	0.02012	0.01250	0.01454	0.01069	0.00817	0.00691	0.00204	0.01335	0.00511	0.00409	0.00991
10	0.01162	0.00939	0.01044	0.01001	0.01270	0.00869	0.00756	0.01653	0.08321	0.02764	0.28563	0.06851	0.38071	0.01858	0.00967	0.00274	0.00434	0.01580	0.00831	0.00793
11	0.02178	0.21726	0.18034	0.02996	0.23988	0.12733	0.02212	0.02673	0.01878	0.02380	0.01391	0.01700	0.01148	0.00762	0.00724	0.00226	0.01097	0.00598	0.00385	0.01171
12	0.01869	0.19419	0.28459	0.09136	0.03664	0.02291	0.18830	0.02554	0.01785	0.02427	0.01461	0.01833	0.01118	0.00750	0.00784	0.00249	0.01182	0.00686	0.00373	0.01129
13	0.00982	0.00842	0.00842	0.00842	0.01122	0.00701	0.00631	0.01192	0.01894	0.02244	0.08416	0.07995	0.65285	0.02104	0.00982	0.00281	0.00421	0.01753	0.00771	0.00701
14	0.02994	0.12286	0.02601	0.02051	0.02514	0.59534	0.01582	0.03215	0.02272	0.02023	0.01268	0.01478	0.01070	0.00838	0.00722	0.00210	0.01423	0.00524	0.00419	0.00976
15	0.02709	0.02723	0.02712	0.07056	0.21838	0.24430	0.01926	0.20628	0.02631	0.03192	0.01590	0.01858	0.01248	0.00861	0.00801	0.00238	0.01147	0.00673	0.00539	0.01200
16	0.02701	0.17285	0.02715	0.01943	0.02378	0.44901	0.01548	0.02922	0.02088	0.02023	0.01545	0.01777	0.03832	0.00942	0.00918	0.00225	0.08282	0.00589	0.00421	0.00967
17	0.00982	0.00842	0.00842	0.00842	0.01122	0.00701	0.00631	0.01192	0.01894	0.02244	0.08416	0.07995	0.65285	0.02104	0.00982	0.00281	0.00421	0.01753	0.00771	0.00701
18	0.01700	0.04095	0.61009	0.02605	0.08991	0.01933	0.03024	0.02624	0.01766	0.02638	0.01497	0.01780	0.01075	0.00785	0.00792	0.00262	0.01207	0.00625	0.00356	0.01235
19	0.02928	0.05141	0.08011	0.02413	0.14747	0.15496	0.01736	0.03438	0.05982	0.28349	0.02289	0.02261	0.01607	0.00908	0.00799	0.00245	0.00978	0.00725	0.00684	0.01264
20	0.03158	0.02327	0.02493	0.01911	0.02576	0.02576	0.01579	0.62852	0.03906	0.05236	0.01995	0.01995	0.01413	0.00997	0.00831	0.00249	0.00914	0.00748	0.00831	0.01413
21	0.56358	0.01676	0.01752	0.06103	0.15322	0.01886	0.01333	0.02445	0.01529	0.03415	0.01262	0.01551	0.01000	0.00768	0.00598	0.00256	0.00744	0.00529	0.00484	0.00989
22	0.01024	0.00728	0.00960	0.01141	0.01186	0.00683	0.00754	0.01160	0.01567	0.02089	0.04457	0.66222	0.05340	0.06853	0.01258	0.00367	0.00502	0.02290	0.00754	0.00664
23	0.01176	0.00849	0.01110	0.01045	0.01241	0.00784	0.00784	0.01568	0.02352	0.03331	0.65184	0.06206	0.07839	0.01698	0.00980	0.00261	0.00392	0.01502	0.00914	0.00784
24	0.01012	0.00723	0.00964	0.01157	0.01205	0.00675	0.00771	0.01157	0.01591	0.02121	0.04579	0.70262	0.05495	0.02603	0.01060	0.00337	0.00482	0.02362	0.00771	0.00675
25	0.01549	0.00774	0.00774	0.00774	0.00968	0.00774	0.00581	0.01936	0.01742	0.03097	0.02710	0.03097	0.02129	0.00968	0.00581	0.00194	0.00387	0.00774	0.75416	0.00774
26	0.01037	0.00783	0.00959	0.01043	0.01188	0.00705	0.00733	0.01251	0.01834	0.02405	0.18125	0.39124	0.23251	0.02273	0.01021	0.00305	0.00446	0.02010	0.00801	0.00705
27	0.02098	0.01502	0.01600	0.01369	0.01789	0.01602	0.01099	0.25288	0.09503	0.03753	0.03709	0.04002	0.14173	0.01296	0.00817	0.00253	0.00648	0.04618	0.19818	0.01063
28	0.01006	0.00748	0.00938	0.01090	0.01188	0.00680	0.00742	0.01164	0.01654	0.02147	0.05386	0.57168	0.18068	0.02498	0.01044	0.00325	0.00469	0.02234	0.00771	0.00680
29	0.03069	0.02963	0.02398	0.01992	0.02547	0.29151	0.01574	0.34860	0.06962	0.03815	0.01788	0.01859	0.01341	0.00947	0.00798	0.00237	0.01138	0.00672	0.00667	0.01222
30	0.01749	0.06978	0.51612	0.02546	0.03674	0.02025	0.14620	0.02630	0.01791	0.02606	0.01512	0.01830	0.01094	0.00768	0.00815	0.00262	0.01246	0.00678	0.00365	0.01199
31	0.02227	0.02341	0.03069	0.10887	0.46336	0.15734	0.02327	0.02668	0.01966	0.02511	0.01495	0.01955	0.01243	0.00774	0.00808	0.00243	0.01107	0.00697	0.00411	0.01202
32	0.05169	0.24448	0.44798	0.02025	0.03064	0.02337	0.02474	0.02579	0.01719	0.02475	0.01374	0.01608	0.01050	0.00765	0.00700	0.00237	0.01099	0.00555	0.00359	0.01164
33	0.03126	0.02237	0.02421	0.01871	0.02523	0.02462	0.01541	0.55649	0.07504	0.08880	0.02159	0.02114	0.01521	0.01007	0.00832	0.00252	0.00886	0.00765	0.00844	0.01407
34	0.01548	0.01655	0.11407	0.01310	0.01915	0.01096	0.01211	0.01989	0.01938	0.05416	0.18565	0.03844	0.12567	0.01155	0.00798	0.00209	0.00628	0.00969	0.00641	0.31140
35	0.02942	0.02166	0.02339	0.01835	0.02438	0.02385	0.01498	0.56645	0.03673	0.04922	0.02255	0.08863	0.01823	0.01159	0.00854	0.00258	0.00871	0.00910	0.00825	0.01339
36	0.01012	0.00723	0.00964	0.01157	0.01205	0.00675	0.00771	0.01157	0.01591	0.02121	0.04579	0.70262	0.05495	0.02603	0.01060	0.00337	0.00482	0.02362	0.00771	0.00675
37	0.01304	0.00945	0.01095	0.01031	0.01281	0.00881	0.00765	0.01747	0.07090	0.05807	0.30392	0.06359	0.27384	0.08719	0.01290	0.00324	0.00481	0.01485	0.00821	0.00799
38	0.02723	0.02043	0.02222	0.01688	0.02351	0.02124	0.01384	0.44754	0.03257	0.04500	0.01895	0.01975	0.01398	0.00899	0.00765	0.00215	0.00815	0.00684	0.04061	0.20247
39	0.01713	0.01477	0.01771	0.05442	0.02203	0.01153	0.01067	0.02094	0.01719	0.02671	0.01477	0.01753	0.01223	0.00629	0.00629	0.00133	0.00646	0.00508	0.00485	0.71212
40	0.03193	0.02270	0.02458	0.01884	0.02548	0.02492	0.01557	0.59188	0.03811	0.09035	0.02074	0.02046	0.01453	0.00999	0.00831	0.00250	0.00901	0.00753	0.00843	0.01413
41	0.01912	0.01959	0.01814	0.01686	0.01927	0.20841	0.01310	0.05097	0.01756	0.02129	0.01822	0.02535	0.01648	0.03909	0.38038	0.00854	0.08693	0.00762	0.00451	0.00857
42	0.01187	0.00890	0.01335	0.01335	0.01483	0.01038	0.01038	0.01483	0.01335	0.01928	0.02225	0.03264	0.02077	0.06231	0.67512	0.01335	0.02225	0.00890	0.00445	0.00742
43	0.01134	0.00840	0.01223	0.01281	0.01399	0.00928	0.00958	0.01385	0.01412	0.01987	0.02937	0.23531	0.03111	0.05133	0.47410	0.01033	0.01698	0.01335	0.00544	0.00721
44	0.01025	0.00780	0.00944	0.01037	0.01183	0.00699	0.00727	0.01226	0.01796	0.02330	0.14278	0.40784	0.25568	0.02312	0.01023	0.00308	0.00449	0.02041	0.00791	0.00699
45	0.01608	0.01519	0.02242	0.01953	0.02045	0.02006	0.04453	0.01854	0.01327	0.02007	0.01509	0.02335	0.01438	0.03059	0.24903	0.00693	0.43001	0.00795	0.00394	0.00861
46	0.01415	0.00902	0.01187	0.01086	0.01324	0.00825	0.00825	0.01800	0.02354	0.09226	0.59379	0.05889	0.07296	0.01636	0.00966	0.00261	0.00421	0.01440	0.00925	0.00843
47	0.01839	0.01880	0.02894	0.02377	0.02501	0.02479	0.10833	0.02097	0.01374	0.02097	0.01178	0.01880	0.01116	0.01342	0.02467	0.00351	0.59216	0.00765	0.00372	0.00940
48	0.01569	0.01477	0.02492	0.68808	0.05722	0.01846	0.02307	0.02123	0.01661	0.02123	0.01477	0.02215	0.01107	0.00831	0.00831	0.00277	0.01107	0.00738	0.00369	0.00923
49	0.01187	0.00890	0.01335	0.01335	0.01483	0.01038	0.01038	0.01483	0.01335	0.01928	0.02225	0.03264	0.02077	0.06231	0.67512	0.01335	0.02225	0.00890	0.00445	0.00742
50	0.01339	0.00956	0.01339	0.01530	0.01721	0.00956	0.01339	0.01721	0.01912	0.02486	0.04399	0.09371	0.04781	0.02295	0.01147	0.00382	0.00765	0.60031	0.00765	0.00765
51	0.01187	0.00890	0.01335	0.01335	0.01483	0.01038	0.01038	0.01483	0.01335	0.01928	0.02225	0.03264	0.02077	0.06231	0.67512	0.01335	0.02225	0.00890	0.00445	0.00742
52	0.01012	0.00723	0.00964	0.01157	0.01205	0.00675	0.00771	0.01157	0.01591	0.02121	0.04579	0.70262	0.05495	0.02603	0.01060	0.00337	0.00482	0.02362	0.00771	0.00675
53	0.02795	0.02064	0.02229	0.01709	0.02348	0.02193	0.01402	0.48090	0.03378	0.04653	0.01968	0.02040	0.01441	0.00933	0.00776	0.00224	0.00823	0.00709	0.06803	0.13420
54	0.03103	0.03959	0.02354	0.02140	0.02568	0.67469	0.01605	0.03317	0.02354	0.02033	0.01284	0.01498	0.01070	0.00856	0.00749	0.00214	0.01498	0.00535	0.00428	0.00963
55	0.00982	0.00842	0.00842	0.00842	0.01122	0.00701	0.00631	0.01192	0.01894	0.02244	0.08416	0.07995	0.65285	0.02104	0.00982	0.00281	0.00421	0.01753	0.00771	0.00701
56	0.01041	0.00844	0.00923	0.00903	0.01158	0.00726	0.00677	0.01306	0.02032	0.02573	0.25589	0.07454	0.47907	0.01981	0.00981	0.00275	0.00412	0.01677	0.00815	0.00726
57	0.01723	0.01477	0.01723	0.01230	0.01969	0.01107	0.00984	0.02092	0.01723	0.02707	0.01477	0.01723	0.01230	0.00615	0.00615	0.00123	0.00615	0.00492	0.00492	0.75883
58	0.02056	0.01974	0.03372	0.05099	0.65622	0.01974	0.02550	0.02550	0.01892	0.02714	0.01563	0.02056	0.01316	0.00740	0.00822	0.00247	0.00987	0.00740	0.00411	0.01316
59	0.01549	0.00774	0.00774	0.00774	0.00968	0.00774	0.00581	0.01936	0.01742	0.03097	0.02710	0.03097	0.02129	0.00968	0.00581	0.00194	0.00387	0.00774	0.75416	0.00774
60	0.01044	0.00779	0.00975	0.01095	0.01222	0.00710	0.00776	0.01246	0.01765	0.02306	0.12164	0.45048	0.19463	0.02369	0.01039	0.00319	0.00476	0.05720	0.00787	0.00699
61	0.01728	0.11771	0.59568	0.02262	0.03432	0.02081	0.02886	0.02615	0.01747	0.02555	0.01453	0.01707	0.01054	0.00781	0.00761	0.00254	0.01190	0.00595	0.00351	0.01210
62	0.01230	0.00931	0.01326	0.01303	0.01414	0.01086	0.00982	0.01461	0.01306	0.01871	0.02232	0.03599	0.02200	0.18547	0.51166	0.01172	0.06076	0.00942	0.00451	0.00705
63	0.01208	0.00805	0.00906	0.00906	0.00906	0.00805	0.00503	0.01208	0.01208	0.01611	0.02618	0.05436	0.03020	0.70804	0.04228	0.00805	0.00805	0.01208	0.00503	0.00503
64	0.24628	0.01863	0.02721	0.03887	0.46257	0.01941	0.02050	0.02517	0.01747	0.03021	0.01440	0.01842	0.01190	0.00750	0.00729	0.00250	0.00883	0.00652	0.00442	0.01190
65	0.03158	0.02327	0.02493	0.01911	0.02576	0.02576	0.01579	0.62852	0.03906	0.05236	0.01995	0.01995	0.01413	0.00997	0.00831	0.00249	0.00914	0.00748	0.00831	0.01413
66	0.01207	0.00809	0.00927	0.00927	0.00934	0.00817	0.00529	0.01221	0.01214	0.01626	0.02599	0.05333	0.02975	0.67721	0.07251	0.00831	0.00873	0.01193	0.00501	0.00515
67	0.01041	0.00844	0.00923	0.00903	0.01158	0.00726	0.00677	0.01306	0.02032	0.02573	0.25589	0.07454	0.47907	0.01981	0.00981	0.00275	0.00412	0.01677	0.00815	0.00726
68	0.01083	0.00759	0.00937	0.01050	0.01091	0.00724	0.00666	0.01177	0.01465	0.01939	0.04044	0.43469	0.07467	0.27611	0.02219	0.00506	0.00598	0.01909	0.00673	0.00613
69	0.01723	0.01477	0.01723	0.01230	0.01969	0.01107	0.00984	0.02092	0.01723	0.02707	0.01477	0.01723	0.01230	0.00615	0.00615	0.00123	0.00615	0.00492	0.00492	0.75883
70	0.01186	0.00796	0.00913	0.00934	0.00940	0.00791	0.00534	0.01202	0.01251	0.01668	0.02839	0.12744	0.03299	0.63116	0.03871	0.00753	0.00769	0.01338	0.00534	0.00523
71	0.01187	0.00890	0.01335	0.01335	0.01483	0.01038	0.01038	0.01483	0.01335	0.01928	0.02225	0.03264	0.02077	0.06231	0.67512	0.01335	0.02225	0.00890	0.00445	0.00742
72	0.76672	0.01607	0.01221	0.01092	0.01607	0.01864	0.00900	0.02442	0.01414	0.03727	0.01157	0.01350	0.00900	0.00771	0.00514	0.00257	0.00643	0.00450	0.00514	0.00900
73	0.03030	0.03647	0.02381	0.02117	0.02545	0.56299	0.01615	0.09832	0.02460	0.02386	0.01351	0.01573	0.01109	0.00908	0.00879	0.00227	0.05590	0.00570	0.00469	0.01010
74	0.02046	0.01989	0.03423	0.04601	0.52540	0.01997	0.09681	0.02730	0.07482	0.02776	0.01740	0.02172	0.01419	0.00770	0.00844	0.00254	0.01007	0.00787	0.00451	0.01292
75	0.01255	0.00805	0.00907	0.00907	0.00941	0.00812	0.00539	0.01324	0.01290	0.01836	0.02613	0.05005	0.02851	0.57943	0.06596	0.00743	0.00811	0.01132	0.11138	0.00553
76	0.68782	0.01670	0.04065	0.01148	0.01661	0.01796	0.00984	0.02367	0.01408	0.03539	0.01189	0.01439	0.00940	0.00902	0.00694	0.04892	0.00673	0.00474	0.00498	0.00881
77	0.01184	0.00854	0.01121	0.01068	0.01264	0.00792	0.00811	0.01575	0.02330	0.03291	0.62255	0.06358	0.07691	0.01727	0.00988	0.00267	0.00410	0.04322	0.00907	0.00783
78	0.01187	0.00890	0.01335	0.01335	0.01483	0.01038	0.01038	0.01483	0.01335	0.01928	0.02225	0.03264	0.02077	0.06231	0.67512	0.01335	0.02225	0.00890	0.00445	0.00742
79	0.01208	0.00805	0.00906	0.00906	0.00906	0.00805	0.00503	0.01208	0.01208	0.01611	0.02618	0.05436	0.03020	0.70804	0.04228	0.00805	0.00805	0.01208	0.00503	0.00503
80	0.01666	0.04297	0.66500	0.02368	0.03596	0.01929	0.03069	0.02631	0.01754	0.02631	0.01491	0.01754	0.01052	0.00789	0.00789	0.00263	0.01228	0.00614	0.00351	0.01228
81	0.01549	0.00774	0.00774	0.00774	0.00968	0.00774	0.00581	0.01936	0.01742	0.03097	0.02710	0.03097	0.02129	0.00968	0.00581	0.00194	0.00387	0.00774	0.75416	0.00774
82	0.01208	0.00914	0.00993	0.00980	0.01256	0.00812	0.00743	0.01529	0.04759	0.05479	0.09710	0.10256	0.47789	0.04866	0.01116	0.00309	0.00484	0.05252	0.00782	0.00763
83	0.17792	0.01936	0.03153	0.03206	0.23320	0.01973	0.20146	0.08537	0.01965	0.03087	0.01549	0.01986	0.01229	0.00893	0.00955	0.04912	0.01016	0.00751	0.00475	0.01120
84	0.24864	0.02202	0.05068	0.09738	0.28208	0.11639	0.01904	0.02591	0.01786	0.02859	0.01386	0.01762	0.01121	0.00778	0.00717	0.00249	0.00980	0.00616	0.00438	0.01094
85	0.11448	0.02870	0.17851	0.14385	0.12448	0.16469	0.02131	0.08058	0.02041	0.02789	0.01457	0.01795	0.01118	0.00821	0.00762	0.00250	0.01130	0.00629	0.00443	0.01104
86	0.21242	0.02059	0.10513	0.19743	0.21777	0.01916	0.06419	0.02432	0.01697	0.02813	0.01435	0.01889	0.01118	0.00774	0.00752	0.00261	0.00987	0.00666	0.00420	0.01083
87	0.02045	0.09184	0.08880	0.03972	0.42304	0.04854	0.07083	0.02555	0.01875	0.02620	0.01583	0.02012	0.01303	0.00757	0.00785	0.00239	0.01016	0.00712	0.05001	0.01219
88	0.10309	0.02018	0.02624	0.16064	0.32072	0.10443	0.02012	0.02471	0.01816	0.02576	0.01505	0.02060	0.01266	0.03781	0.00914	0.00266	0.01008	0.00686	0.00426	0.05686

[dist]
# distance from previous block
# <min> <max>
6	69

[block]
# block no. 1 follows, 22 sequences, length 37
# corresponding to MSA columns:
# 177-213
name=unknown_B
#
# <colnr> <probs for GDERKNQSTAVLIFYWHMCP>
#	G	D	E	R	K	N	Q	S	T	A	V	L	I	F	Y	W	H	M	C	P
0	0.02117	0.05116	0.01841	0.01594	0.01926	0.22884	0.01209	0.02749	0.13682	0.05079	0.09378	0.07284	0.02731	0.07715	0.10601	0.00449	0.01138	0.00950	0.00613	0.00945
1	0.01800	0.02538	0.23711	0.02393	0.09048	0.01790	0.10906	0.06101	0.12348	0.02857	0.06101	0.05139	0.02158	0.08003	0.01200	0.00323	0.00995	0.00919	0.00543	0.01126
2	0.02352	0.14420	0.02385	0.01603	0.02138	0.13245	0.01315	0.18792	0.09493	0.03257	0.09383	0.02825	0.07033	0.01068	0.00776	0.00227	0.00859	0.00819	0.00656	0.07354
3	0.05142	0.39641	0.08561	0.05018	0.02369	0.02621	0.01515	0.02839	0.15716	0.02451	0.02104	0.02182	0.04962	0.00897	0.00664	0.00222	0.00840	0.00658	0.00496	0.01101
4	0.02035	0.05771	0.17529	0.10275	0.18826	0.16591	0.02178	0.02546	0.01853	0.02336	0.01546	0.02010	0.01268	0.01531	0.09825	0.00391	0.01335	0.00672	0.00398	0.01083
5	0.02179	0.02108	0.01716	0.01479	0.01927	0.23095	0.01137	0.04912	0.02218	0.07912	0.13982	0.03659	0.13875	0.01202	0.00816	0.00222	0.00855	0.00948	0.00653	0.15104
6	0.06439	0.01390	0.01925	0.01919	0.08734	0.01434	0.06318	0.12694	0.02029	0.02936	0.02703	0.22744	0.02727	0.02272	0.12042	0.00452	0.00993	0.01247	0.04891	0.04113
7	0.10291	0.02964	0.28690	0.02534	0.07161	0.05333	0.16172	0.05900	0.01888	0.02821	0.01580	0.01966	0.01206	0.01233	0.06373	0.00351	0.01267	0.00714	0.00427	0.01128
8	0.01772	0.17017	0.54703	0.02188	0.03318	0.02187	0.02757	0.02604	0.01741	0.02502	0.01427	0.01674	0.01055	0.00774	0.00741	0.00247	0.01163	0.00582	0.00352	0.01197
9	0.01985	0.01948	0.02976	0.22703	0.41220	0.06065	0.02353	0.02581	0.05316	0.02547	0.01622	0.02124	0.01309	0.00795	0.00821	0.00255	0.01035	0.00738	0.00425	0.01183
10	0.01004	0.00842	0.00872	0.00864	0.01135	0.00711	0.00648	0.01234	0.01945	0.02366	0.14784	0.07794	0.58840	0.02058	0.00982	0.00278	0.00418	0.01725	0.00787	0.00711
11	0.01028	0.00834	0.00912	0.00912	0.01155	0.00718	0.00676	0.01274	0.01973	0.02479	0.20868	0.12445	0.47722	0.02052	0.00987	0.00281	0.00419	0.01744	0.00804	0.00718
12	0.01012	0.00723	0.00964	0.01157	0.01205	0.00675	0.00771	0.01157	0.01591	0.02121	0.04579	0.70262	0.05495	0.02603	0.01060	0.00337	0.00482	0.02362	0.00771	0.00675
13	0.02221	0.71304	0.04353	0.01421	0.02132	0.03287	0.01421	0.02488	0.01688	0.01955	0.01155	0.01333	0.01066	0.00711	0.00533	0.00178	0.00888	0.00444	0.00355	0.01066
14	0.01443	0.00722	0.01082	0.01082	0.01082	0.00722	0.00722	0.01082	0.01082	0.01443	0.01443	0.02525	0.01443	0.02886	0.03247	0.75830	0.00722	0.00722	0.00361	0.00361
15	0.01569	0.01477	0.02492	0.68808	0.05722	0.01846	0.02307	0.02123	0.01661	0.02123	0.01477	0.02215	0.01107	0.00831	0.00831	0.00277	0.01107	0.00738	0.00369	0.00923
16	0.01012	0.00723	0.00964	0.01157	0.01205	0.00675	0.00771	0.01157	0.01591	0.02121	0.04579	0.70262	0.05495	0.02603	0.01060	0.00337	0.00482	0.02362	0.00771	0.00675
17	0.01723	0.01477	0.01723	0.01230	0.01969	0.01107	0.00984	0.02092	0.01723	0.02707	0.01477	0.01723	0.01230	0.00615	0.00615	0.00123	0.00615	0.00492	0.00492	0.75883
18	0.00982	0.00842	0.00842	0.00842	0.01122	0.00701	0.00631	0.01192	0.01894	0.02244	0.08416	0.07995	0.65285	0.02104	0.00982	0.00281	0.00421	0.01753	0.00771	0.00701
19	0.76672	0.01607	0.01221	0.01092	0.01607	0.01864	0.00900	0.02442	0.01414	0.03727	0.01157	0.01350	0.00900	0.00771	0.00514	0.00257	0.00643	0.00450	0.00514	0.00900
20	0.01176	0.00849	0.01110	0.01045	0.01241	0.00784	0.00784	0.01568	0.02352	0.03331	0.65184	0.06206	0.07839	0.01698	0.00980	0.00261	0.00392	0.01502	0.00914	0.00784
21	0.01012	0.00723	0.00964	0.01157	0.01205	0.00675	0.00771	0.01157	0.01591	0.02121	0.04579	0.70262	0.05495	0.02603	0.01060	0.00337	0.00482	0.02362	0.00771	0.00675
22	0.01208	0.00805	0.00906	0.00906	0.00906	0.00805	0.00503	0.01208	0.01208	0.01611	0.02618	0.05436	0.03020	0.70804	0.04228	0.00805	0.00805	0.01208	0.00503	0.00503
23	0.02221	0.71304	0.04353	0.01421	0.02132	0.03287	0.01421	0.02488	0.01688	0.01955	0.01155	0.01333	0.01066	0.00711	0.00533	0.00178	0.00888	0.00444	0.00355	0.01066
24	0.01103	0.00947	0.00958	0.00937	0.01239	0.00854	0.00708	0.01554	0.08875	0.02382	0.07851	0.07446	0.58246	0.01994	0.00967	0.00281	0.00447	0.01662	0.00780	0.00770
25	0.01187	0.00890	0.01335	0.01335	0.01483	0.01038	0.01038	0.01483	0.01335	0.01928	0.02225	0.03264	0.02077	0.06231	0.67512	0.01335	0.02225	0.00890	0.00445	0.00742
26	0.01549	0.00774	0.00774	0.00774	0.00968	0.00774	0.00581	0.01936	0.01742	0.03097	0.02710	0.03097	0.02129	0.00968	0.00581	0.00194	0.00387	0.00774	0.75416	0.00774
27	0.02295	0.65684	0.04186	0.01481	0.02169	0.08643	0.01437	0.02557	0.01744	0.01961	0.01166	0.01346	0.01066	0.00723	0.00551	0.00181	0.00939	0.00452	0.00361	0.01058
28	0.01146	0.00896	0.01048	0.01053	0.01268	0.00838	0.00772	0.01582	0.07175	0.02691	0.26572	0.20961	0.26947	0.01996	0.00987	0.00287	0.00444	0.01736	0.00827	0.00775
29	0.01940	0.27498	0.41303	0.02027	0.03030	0.06140	0.02415	0.02620	0.01765	0.02362	0.01363	0.01593	0.01058	0.00766	0.00698	0.00231	0.01126	0.00551	0.00357	0.01157
30	0.19422	0.20329	0.02681	0.02104	0.12677	0.13721	0.01488	0.05659	0.01852	0.02671	0.01410	0.01738	0.01202	0.01389	0.08145	0.00347	0.01107	0.00577	0.00449	0.01033
31	0.01916	0.09088	0.47209	0.02150	0.03170	0.07412	0.02555	0.07730	0.01990	0.02729	0.01886	0.02077	0.04751	0.00881	0.00781	0.00252	0.01151	0.00671	0.00422	0.01179
32	0.02214	0.39083	0.20365	0.01887	0.02691	0.13822	0.04660	0.02675	0.01831	0.02178	0.01289	0.01513	0.01072	0.00756	0.00657	0.00211	0.01105	0.00529	0.00369	0.01093
33	0.02209	0.14278	0.02470	0.02243	0.16144	0.11416	0.01460	0.05030	0.05123	0.06014	0.01807	0.02165	0.01483	0.01162	0.01099	0.11845	0.00879	0.00675	0.11493	0.01003
34	0.01881	0.04889	0.13565	0.01635	0.02152	0.01679	0.01540	0.16119	0.06063	0.03094	0.02301	0.03095	0.01955	0.02560	0.19919	0.00567	0.01258	0.05714	0.08975	0.01040
35	0.01411	0.01247	0.01275	0.01249	0.01364	0.08428	0.00879	0.01554	0.01543	0.01957	0.05857	0.14959	0.09803	0.26956	0.11735	0.00625	0.06609	0.01301	0.00564	0.00682
36	0.01781	0.01587	0.01616	0.01443	0.01868	0.08384	0.01153	0.07290	0.09479	0.02734	0.03483	0.04484	0.12630	0.01915	0.08337	0.00372	0.00916	0.11694	0.00646	0.18188

[dist]
# distance from previous block
# <min> <max>
1	14

[block]
# block no. 2 follows, 22 sequences, length 31
# corresponding to MSA columns:
# 228-258
name=unknown_C
#
# <colnr> <probs for GDERKNQSTAVLIFYWHMCP>
#	G	D	E	R	K	N	Q	S	T	A	V	L	I	F	Y	W	H	M	C	P
0	0.02212	0.09345	0.05597	0.03116	0.22236	0.07750	0.12494	0.02992	0.12336	0.06249	0.01885	0.02158	0.01481	0.00871	0.00944	0.00257	0.05596	0.00767	0.00511	0.01201
1	0.07082	0.02710	0.15706	0.03372	0.24793	0.10826	0.13284	0.02721	0.03936	0.02660	0.01546	0.01933	0.01224	0.00802	0.00893	0.00258	0.03942	0.00718	0.00422	0.01171
2	0.01959	0.01740	0.02684	0.03108	0.26761	0.01774	0.09496	0.02937	0.19199	0.05951	0.03044	0.06891	0.08512	0.01103	0.00879	0.00270	0.00847	0.01027	0.00621	0.01196
3	0.03118	0.03532	0.02391	0.02080	0.02570	0.50482	0.01598	0.18902	0.02760	0.02872	0.01470	0.01628	0.01160	0.00893	0.00771	0.00223	0.01345	0.00591	0.00534	0.01081
4	0.01297	0.00753	0.00986	0.01010	0.01096	0.00716	0.00695	0.01195	0.01386	0.01859	0.03482	0.12404	0.15953	0.02500	0.02225	0.42663	0.00594	0.01161	0.07511	0.00514
5	0.02007	0.01906	0.03153	0.11371	0.54015	0.01969	0.02419	0.02665	0.07198	0.02718	0.01710	0.02162	0.01399	0.00783	0.00825	0.00253	0.00971	0.00757	0.00444	0.01275
6	0.01357	0.01100	0.01577	0.19242	0.08969	0.01170	0.01251	0.01636	0.01608	0.02151	0.05628	0.11169	0.11414	0.21871	0.01869	0.00431	0.00777	0.01217	0.04792	0.00770
7	0.01549	0.00774	0.00774	0.00774	0.00968	0.00774	0.00581	0.01936	0.01742	0.03097	0.02710	0.03097	0.02129	0.00968	0.00581	0.00194	0.00387	0.00774	0.75416	0.00774
8	0.03041	0.02269	0.02427	0.01888	0.02532	0.02522	0.01551	0.56606	0.10342	0.05047	0.02143	0.02113	0.01533	0.01011	0.00833	0.00253	0.00887	0.00768	0.00833	0.01402
9	0.03014	0.03188	0.02507	0.02366	0.09067	0.38172	0.01693	0.23926	0.02846	0.03216	0.01560	0.01728	0.01214	0.00893	0.00785	0.00230	0.01243	0.00630	0.00566	0.01156
10	0.22121	0.12538	0.02357	0.01737	0.02258	0.32944	0.01393	0.10772	0.02220	0.02882	0.01326	0.01501	0.01070	0.00832	0.00669	0.00225	0.01114	0.00528	0.00493	0.01020
11	0.01688	0.04167	0.62974	0.02520	0.07061	0.01932	0.03040	0.02626	0.01762	0.02636	0.01495	0.01771	0.01067	0.00787	0.00791	0.00262	0.01214	0.00621	0.00354	0.01233
12	0.01012	0.00723	0.00964	0.01157	0.01205	0.00675	0.00771	0.01157	0.01591	0.02121	0.04579	0.70262	0.05495	0.02603	0.01060	0.00337	0.00482	0.02362	0.00771	0.00675
13	0.01205	0.00819	0.00975	0.00975	0.00999	0.00843	0.00589	0.01252	0.01229	0.01662	0.02554	0.05087	0.02868	0.60411	0.14414	0.00891	0.01034	0.01157	0.00494	0.00542
14	0.01476	0.01273	0.01467	0.01307	0.01678	0.05191	0.00995	0.01762	0.01604	0.02276	0.02392	0.17179	0.02434	0.02944	0.23119	0.00581	0.01181	0.01036	0.00533	0.29573
15	0.02321	0.45377	0.14336	0.01737	0.02473	0.17063	0.01738	0.02693	0.01844	0.02085	0.01239	0.01439	0.01065	0.00756	0.00623	0.00200	0.01078	0.00492	0.00370	0.01071
16	0.01718	0.01630	0.02274	0.01981	0.02012	0.02235	0.01637	0.01928	0.01311	0.02060	0.01342	0.02088	0.01286	0.02045	0.11021	0.00479	0.56137	0.00751	0.05188	0.00878
17	0.01110	0.00847	0.01020	0.00976	0.01201	0.00756	0.00732	0.01441	0.02197	0.02964	0.45986	0.06811	0.27266	0.01836	0.00980	0.00268	0.00402	0.01587	0.00866	0.00756
18	0.03121	0.03442	0.02398	0.02068	0.02571	0.46908	0.01597	0.22181	0.02846	0.03048	0.01509	0.01655	0.01179	0.00901	0.00775	0.00225	0.01313	0.00603	0.00556	0.01106
19	0.01032	0.00844	0.00912	0.00895	0.01153	0.00723	0.00671	0.01290	0.02013	0.02527	0.23180	0.07530	0.50345	0.01998	0.00981	0.00276	0.00413	0.01688	0.00809	0.00723
20	0.01046	0.00758	0.00988	0.01112	0.01208	0.00700	0.00765	0.01249	0.01776	0.02393	0.18045	0.52344	0.09791	0.02374	0.01038	0.00317	0.00458	0.02136	0.00802	0.00700
21	0.01841	0.03254	0.38147	0.03595	0.31454	0.01949	0.02836	0.02594	0.01816	0.02668	0.01523	0.01890	0.01171	0.00767	0.00804	0.00256	0.01120	0.00671	0.00378	0.01267
22	0.01209	0.00854	0.01000	0.00998	0.01232	0.00748	0.00735	0.01455	0.01964	0.06571	0.20379	0.20835	0.34898	0.02050	0.00989	0.00287	0.00446	0.01769	0.00821	0.00760
23	0.02049	0.02107	0.08722	0.09411	0.12793	0.01958	0.10172	0.10245	0.18271	0.03140	0.02077	0.02290	0.01580	0.00864	0.00822	0.00249	0.00936	0.00781	0.00577	0.10957
24	0.18417	0.01996	0.08334	0.01553	0.02192	0.01844	0.01370	0.16231	0.12709	0.03571	0.01895	0.02037	0.01456	0.01195	0.04933	0.00298	0.00859	0.00654	0.00616	0.17840
25	0.02492	0.18126	0.02822	0.02289	0.11457	0.26160	0.01637	0.06036	0.12343	0.02532	0.01843	0.02253	0.01562	0.00936	0.00753	0.00233	0.01082	0.03824	0.00516	0.01106
26	0.15724	0.13817	0.13909	0.04901	0.08677	0.05666	0.16879	0.02561	0.01771	0.02689	0.01415	0.01760	0.01115	0.00742	0.00737	0.00241	0.01062	0.00652	0.00417	0.05267
27	0.01580	0.01538	0.05527	0.02332	0.19691	0.01399	0.01468	0.04465	0.10716	0.02790	0.10840	0.09027	0.22352	0.01456	0.00906	0.00271	0.00679	0.01265	0.00673	0.01024
28	0.02818	0.07423	0.02548	0.08901	0.02842	0.34088	0.01673	0.19717	0.02602	0.02931	0.01482	0.01722	0.01171	0.00924	0.00899	0.00238	0.05787	0.00623	0.00526	0.01088
29	0.05790	0.34817	0.05854	0.01707	0.02260	0.13253	0.04925	0.02446	0.01722	0.02120	0.01392	0.01773	0.01236	0.01687	0.11730	0.00397	0.04921	0.00585	0.00394	0.00989
30	0.06014	0.04927	0.12891	0.01504	0.01971	0.01575	0.01355	0.14361	0.05840	0.02976	0.05188	0.17865	0.05117	0.13031	0.01423	0.00365	0.00786	0.01202	0.00642	0.00967

[dist]
# distance from previous block
# <min> <max>
39	239

[block]
# block no. 3 follows, 22 sequences, length 51
# corresponding to MSA columns:
# 526-576
name=unknown_D
#
# <colnr> <probs for GDERKNQSTAVLIFYWHMCP>
#	G	D	E	R	K	N	Q	S	T	A	V	L	I	F	Y	W	H	M	C	P
0	0.01916	0.12163	0.07938	0.05777	0.18070	0.05971	0.01753	0.05575	0.01882	0.02568	0.01897	0.02689	0.01669	0.01639	0.09774	0.00384	0.01106	0.05253	0.06736	0.05241
1	0.07473	0.01647	0.01847	0.01685	0.04583	0.09547	0.07844	0.02382	0.12619	0.02757	0.14408	0.04399	0.19167	0.01434	0.00990	0.03724	0.00753	0.01144	0.00673	0.00925
2	0.02126	0.02309	0.02056	0.05107	0.08035	0.26357	0.01484	0.02507	0.04462	0.02231	0.01884	0.05425	0.01725	0.02118	0.14918	0.00467	0.04072	0.03027	0.00477	0.09212
3	0.02023	0.16272	0.05126	0.01942	0.09717	0.01891	0.01475	0.02357	0.01758	0.10467	0.07503	0.02514	0.02023	0.04127	0.06488	0.00345	0.11299	0.00748	0.00532	0.11395
4	0.16714	0.19814	0.11342	0.02278	0.13406	0.02206	0.06775	0.02569	0.06475	0.02676	0.01603	0.02057	0.01360	0.06359	0.00970	0.00283	0.00920	0.00663	0.00451	0.01077
5	0.02171	0.06094	0.13318	0.02356	0.11023	0.15665	0.05205	0.05732	0.16018	0.02790	0.02395	0.02520	0.05560	0.00965	0.00800	0.00249	0.01011	0.00785	0.04203	0.01143
6	0.10594	0.17254	0.02484	0.01682	0.04958	0.12315	0.01325	0.05428	0.10484	0.07426	0.01760	0.01857	0.01384	0.00813	0.00673	0.00206	0.00858	0.00592	0.00553	0.17355
7	0.16375	0.07769	0.02310	0.08006	0.06506	0.26275	0.01540	0.05348	0.01954	0.02567	0.01444	0.04461	0.01263	0.00941	0.00885	0.00243	0.07053	0.00644	0.00461	0.03955
8	0.01648	0.01225	0.01460	0.01307	0.01580	0.01294	0.00981	0.13353	0.06882	0.02953	0.15833	0.07009	0.03525	0.17058	0.16170	0.00607	0.01014	0.01112	0.00678	0.04309
9	0.02114	0.06523	0.03547	0.06854	0.45412	0.07119	0.11254	0.02605	0.01916	0.02583	0.01530	0.02001	0.01265	0.00745	0.00822	0.00246	0.01086	0.00741	0.00409	0.01229
10	0.01327	0.01036	0.01522	0.01457	0.01563	0.01271	0.01142	0.01531	0.01296	0.01887	0.01938	0.02926	0.01832	0.05014	0.48927	0.09389	0.13951	0.00843	0.00421	0.00729
11	0.01172	0.00878	0.01255	0.01250	0.01403	0.00980	0.00956	0.01451	0.01443	0.02035	0.07365	0.03966	0.07207	0.09668	0.53704	0.01145	0.01867	0.01019	0.00507	0.00727
12	0.02206	0.02356	0.03263	0.03351	0.22503	0.13789	0.14801	0.05066	0.01911	0.02502	0.01434	0.01932	0.01206	0.00948	0.01336	0.00278	0.18835	0.00751	0.00421	0.01111
13	0.01132	0.00794	0.01029	0.01172	0.01239	0.00768	0.00824	0.01290	0.01561	0.02068	0.04040	0.40750	0.04711	0.19941	0.01887	0.00466	0.00625	0.14350	0.00702	0.00650
14	0.01207	0.01060	0.01435	0.23712	0.02701	0.01102	0.01235	0.01552	0.01845	0.02283	0.09488	0.06002	0.37394	0.01659	0.00938	0.00283	0.00665	0.04008	0.00645	0.00784
15	0.14578	0.01338	0.01985	0.04921	0.06254	0.01367	0.10364	0.02015	0.01819	0.02708	0.03433	0.06035	0.07867	0.01616	0.00965	0.00324	0.00840	0.30063	0.00631	0.00878
16	0.02496	0.02964	0.02447	0.26775	0.06331	0.40637	0.01902	0.02846	0.02080	0.02094	0.01366	0.01785	0.01094	0.00842	0.00782	0.00238	0.01333	0.00618	0.00406	0.00963
17	0.02054	0.10120	0.14356	0.04088	0.45065	0.05036	0.02473	0.02591	0.01866	0.02585	0.01493	0.01899	0.01232	0.00751	0.00781	0.00240	0.01041	0.00676	0.00395	0.01257
18	0.02007	0.05815	0.26951	0.03222	0.17802	0.04478	0.19446	0.02704	0.01891	0.05441	0.01618	0.01980	0.01217	0.00763	0.00840	0.00258	0.01194	0.00745	0.00417	0.01209
19	0.00995	0.00829	0.00868	0.00887	0.01137	0.00702	0.00654	0.01207	0.01883	0.02285	0.10819	0.14782	0.55822	0.02139	0.00990	0.00286	0.00426	0.01808	0.00779	0.00702
20	0.03103	0.03959	0.02354	0.02140	0.02568	0.67469	0.01605	0.03317	0.02354	0.02033	0.01284	0.01498	0.01070	0.00856	0.00749	0.00214	0.01498	0.00535	0.00428	0.00963
21	0.03071	0.06924	0.02479	0.02060	0.02549	0.51515	0.01591	0.15039	0.02628	0.02662	0.01418	0.01588	0.01138	0.00877	0.00755	0.00219	0.01353	0.00573	0.00504	0.01057
22	0.01931	0.36298	0.36821	0.01916	0.02897	0.02578	0.02282	0.02562	0.01722	0.02308	0.01330	0.01553	0.01059	0.00752	0.00667	0.00222	0.01066	0.00533	0.00353	0.01151
23	0.01443	0.00722	0.01082	0.01082	0.01082	0.00722	0.00722	0.01082	0.01082	0.01443	0.01443	0.02525	0.01443	0.02886	0.03247	0.75830	0.00722	0.00722	0.00361	0.00361
24	0.01187	0.00890	0.01335	0.01335	0.01483	0.01038	0.01038	0.01483	0.01335	0.01928	0.02225	0.03264	0.02077	0.06231	0.67512	0.01335	0.02225	0.00890	0.00445	0.00742
25	0.02137	0.24551	0.34139	0.02033	0.02935	0.16145	0.02261	0.02732	0.01860	0.02300	0.01345	0.01572	0.01060	0.00780	0.00703	0.00227	0.01182	0.00546	0.00368	0.01123
26	0.01978	0.01988	0.03671	0.11721	0.43150	0.01993	0.18063	0.02531	0.01884	0.02635	0.01584	0.02121	0.01279	0.00740	0.00864	0.00259	0.01107	0.00802	0.00409	0.01222
27	0.01982	0.02182	0.04567	0.03851	0.17750	0.02073	0.49465	0.02637	0.01946	0.02673	0.01655	0.02200	0.01273	0.00709	0.00946	0.00273	0.01310	0.00928	0.00418	0.01163
28	0.01208	0.00805	0.00906	0.00906	0.00906	0.00805	0.00503	0.01208	0.01208	0.01611	0.02618	0.05436	0.03020	0.70804	0.04228	0.00805	0.00805	0.01208	0.00503	0.00503
29	0.01325	0.01097	0.01704	0.02095	0.15449	0.01051	0.03919	0.01634	0.01868	0.02585	0.19329	0.35883	0.04993	0.01879	0.00984	0.00295	0.00610	0.01725	0.00714	0.00863
30	0.02645	0.02773	0.03047	0.02612	0.07776	0.24237	0.15041	0.18301	0.02513	0.03044	0.01554	0.01867	0.01221	0.00915	0.01045	0.00257	0.08772	0.00724	0.00522	0.01135
31	0.00982	0.00842	0.00842	0.00842	0.01122	0.00701	0.00631	0.01192	0.01894	0.02244	0.08416	0.07995	0.65285	0.02104	0.00982	0.00281	0.00421	0.01753	0.00771	0.00701
32	0.03349	0.02020	0.02303	0.01766	0.02423	0.02121	0.01459	0.43103	0.03393	0.25710	0.02425	0.02274	0.01629	0.01008	0.00833	0.00252	0.00845	0.00777	0.00897	0.01413
33	0.02456	0.20714	0.02649	0.01778	0.02218	0.36326	0.01434	0.02701	0.01959	0.01990	0.01457	0.01842	0.01289	0.01994	0.15301	0.00450	0.01499	0.00589	0.00413	0.00941
34	0.02011	0.01998	0.03066	0.21357	0.45262	0.06989	0.02414	0.02498	0.01868	0.02509	0.01519	0.02054	0.01243	0.00773	0.00819	0.00252	0.01058	0.00724	0.00402	0.01187
35	0.03103	0.03959	0.02354	0.02140	0.02568	0.67469	0.01605	0.03317	0.02354	0.02033	0.01284	0.01498	0.01070	0.00856	0.00749	0.00214	0.01498	0.00535	0.00428	0.00963
36	0.01024	0.00843	0.00900	0.00886	0.01148	0.00719	0.00665	0.01274	0.01994	0.02482	0.20852	0.07603	0.52700	0.02015	0.00981	0.00276	0.00414	0.01698	0.00803	0.00719
37	0.01723	0.01477	0.01723	0.01230	0.01969	0.01107	0.00984	0.02092	0.01723	0.02707	0.01477	0.01723	0.01230	0.00615	0.00615	0.00123	0.00615	0.00492	0.00492	0.75883
38	0.01443	0.00722	0.01082	0.01082	0.01082	0.00722	0.00722	0.01082	0.01082	0.01443	0.01443	0.02525	0.01443	0.02886	0.03247	0.75830	0.00722	0.00722	0.00361	0.00361
39	0.01767	0.01622	0.02699	0.21006	0.36441	0.01715	0.02196	0.02254	0.01863	0.02564	0.05974	0.03439	0.02184	0.01054	0.00882	0.00276	0.00948	0.09533	0.00484	0.01098
40	0.01012	0.00723	0.00964	0.01157	0.01205	0.00675	0.00771	0.01157	0.01591	0.02121	0.04579	0.70262	0.05495	0.02603	0.01060	0.00337	0.00482	0.02362	0.00771	0.00675
41	0.01153	0.00942	0.01032	0.01003	0.01272	0.00872	0.00753	0.01643	0.08869	0.02655	0.22362	0.10031	0.40572	0.01915	0.00970	0.00278	0.00442	0.01628	0.00817	0.00789
42	0.01125	0.00821	0.01058	0.01054	0.01224	0.00754	0.00769	0.01449	0.02150	0.02983	0.47548	0.20359	0.11754	0.01927	0.00998	0.00279	0.00414	0.01710	0.00872	0.00754
43	0.02099	0.02286	0.02503	0.02172	0.02266	0.16750	0.01771	0.02288	0.01509	0.02007	0.01133	0.01748	0.01086	0.01323	0.02294	0.00331	0.54452	0.00685	0.00378	0.00921
44	0.01208	0.00805	0.00906	0.00906	0.00906	0.00805	0.00503	0.01208	0.01208	0.01611	0.02618	0.05436	0.03020	0.70804	0.04228	0.00805	0.00805	0.01208	0.00503	0.00503
45	0.02056	0.01974	0.03372	0.05099	0.65622	0.01974	0.02550	0.02550	0.01892	0.02714	0.01563	0.02056	0.01316	0.00740	0.00822	0.00247	0.00987	0.00740	0.00411	0.01316
46	0.51625	0.19849	0.07063	0.01276	0.01896	0.02237	0.01202	0.02468	0.01511	0.03184	0.01182	0.01376	0.00955	0.00757	0.00540	0.00237	0.00751	0.00461	0.00460	0.00968
47	0.01787	0.08018	0.48765	0.02906	0.17075	0.02025	0.02852	0.02604	0.01780	0.02606	0.01485	0.01793	0.01111	0.00774	0.00780	0.00254	0.01154	0.00631	0.00364	0.01237
48	0.01678	0.04106	0.61570	0.02353	0.03487	0.01977	0.02973	0.02582	0.01717	0.02582	0.01460	0.01759	0.01055	0.00841	0.00939	0.00271	0.06474	0.00623	0.00352	0.01203
49	0.02128	0.22112	0.35901	0.02065	0.02981	0.16604	0.02310	0.02743	0.01867	0.02320	0.01356	0.01586	0.01060	0.00783	0.00712	0.00230	0.01196	0.00551	0.00369	0.01127
50	0.01301	0.08666	0.01668	0.01345	0.01555	0.01287	0.01081	0.01594	0.01374	0.01931	0.02107	0.03050	0.01965	0.05621	0.60116	0.01207	0.02078	0.00841	0.00435	0.00778

[dist]
# distance from previous block
# <min> <max>
0	1

[block]
# block no. 4 follows, 22 sequences, length 6
# corresponding to MSA columns:
# 578-583
name=unknown_E
#
# <colnr> <probs for GDERKNQSTAVLIFYWHMCP>
#	G	D	E	R	K	N	Q	S	T	A	V	L	I	F	Y	W	H	M	C	P
0	0.01662	0.01631	0.01820	0.01947	0.08274	0.12673	0.01350	0.01914	0.01613	0.02080	0.02339	0.17268	0.02424	0.03231	0.24902	0.00666	0.11749	0.01111	0.00498	0.00849
1	0.02801	0.01719	0.01912	0.01567	0.02071	0.06766	0.01259	0.17654	0.06067	0.26727	0.12082	0.03091	0.02726	0.01646	0.07668	0.00364	0.00925	0.00903	0.00846	0.01208
2	0.01559	0.08522	0.02137	0.01693	0.01814	0.01928	0.01382	0.01754	0.01442	0.02035	0.02582	0.16743	0.07819	0.02111	0.07907	0.00420	0.35670	0.01146	0.00492	0.00842
3	0.01563	0.01259	0.01392	0.01482	0.06444	0.04886	0.00967	0.07802	0.01805	0.02309	0.03561	0.05514	0.12898	0.34156	0.02489	0.00531	0.00803	0.08783	0.00602	0.00753
4	0.14208	0.02989	0.05936	0.02637	0.17131	0.34222	0.01772	0.03012	0.02069	0.06570	0.01468	0.01704	0.01163	0.00823	0.00737	0.00234	0.01181	0.00593	0.00471	0.01079
5	0.02298	0.02295	0.02767	0.22779	0.25259	0.15693	0.02134	0.11717	0.02225	0.02780	0.01545	0.01977	0.01218	0.00830	0.00811	0.00249	0.01118	0.00698	0.00466	0.01141

[dist]
# distance from previous block
# <min> <max>
2	11

[block]
# block no. 5 follows, 22 sequences, length 97
# corresponding to MSA columns:
# 595-691
name=unknown_F
#
# <colnr> <probs for GDERKNQSTAVLIFYWHMCP>
#	G	D	E	R	K	N	Q	S	T	A	V	L	I	F	Y	W	H	M	C	P
0	0.01574	0.01509	0.01864	0.01754	0.04522	0.10725	0.08067	0.01855	0.01594	0.02032	0.02465	0.06186	0.05219	0.14641	0.31306	0.00829	0.01585	0.00997	0.00477	0.00798
1	0.02106	0.17472	0.02615	0.02270	0.14824	0.16851	0.01498	0.02599	0.08916	0.02284	0.02120	0.11145	0.02068	0.08407	0.01133	0.00299	0.00959	0.00911	0.00509	0.01011
2	0.56435	0.02153	0.01516	0.01355	0.01854	0.17292	0.01079	0.02712	0.01674	0.05818	0.01271	0.01443	0.00986	0.00801	0.00582	0.00247	0.00847	0.00485	0.00514	0.00935
3	0.02806	0.17353	0.02874	0.02331	0.09650	0.47042	0.01675	0.03062	0.02167	0.02095	0.01290	0.01528	0.01097	0.00814	0.00714	0.00210	0.01317	0.00540	0.00411	0.01024
4	0.01091	0.00880	0.00976	0.00957	0.01209	0.00786	0.00715	0.01449	0.04820	0.02622	0.25164	0.10306	0.42139	0.01962	0.00979	0.00278	0.00426	0.01671	0.00818	0.00753
5	0.03111	0.03724	0.02374	0.02107	0.02569	0.58096	0.01601	0.11917	0.02578	0.02496	0.01387	0.01570	0.01120	0.00876	0.00761	0.00219	0.01414	0.00566	0.00486	0.01028
6	0.01377	0.01246	0.01210	0.01234	0.01454	0.07890	0.00893	0.01858	0.09987	0.02438	0.10914	0.31289	0.21052	0.02005	0.00971	0.00294	0.00586	0.01737	0.00759	0.00806
7	0.09097	0.00954	0.01110	0.01220	0.01372	0.00981	0.00856	0.01717	0.09734	0.02466	0.04063	0.54257	0.04626	0.02218	0.00975	0.00322	0.00522	0.01975	0.00754	0.00782
8	0.02160	0.01661	0.02203	0.02230	0.17034	0.01454	0.01433	0.07756	0.02030	0.10313	0.01752	0.01954	0.01363	0.00726	0.00709	0.00179	0.00740	0.00613	0.00565	0.43127
9	0.01207	0.00884	0.01304	0.01304	0.01455	0.01024	0.01013	0.01509	0.01358	0.01994	0.02252	0.03254	0.02080	0.05937	0.63785	0.01272	0.02123	0.00884	0.04620	0.00744
10	0.03109	0.03774	0.02370	0.02114	0.02569	0.60091	0.01602	0.10087	0.02531	0.02397	0.01365	0.01555	0.01109	0.00872	0.00758	0.00218	0.01432	0.00559	0.00474	0.01014
11	0.02985	0.02518	0.02438	0.02052	0.05048	0.13027	0.01593	0.44337	0.10214	0.04421	0.02015	0.02038	0.01477	0.00978	0.00819	0.00247	0.00984	0.00734	0.00750	0.01325
12	0.01708	0.01045	0.01183	0.01092	0.01348	0.01121	0.00851	0.11293	0.01976	0.03136	0.02477	0.02968	0.02005	0.02296	0.17458	0.00489	0.00931	0.00799	0.44959	0.00865
13	0.00993	0.00842	0.00857	0.00853	0.01129	0.00706	0.00640	0.01213	0.01919	0.02305	0.11577	0.07895	0.62086	0.02081	0.00982	0.00279	0.00419	0.01739	0.00779	0.00706
14	0.01723	0.01477	0.01723	0.01230	0.01969	0.01107	0.00984	0.02092	0.01723	0.02707	0.01477	0.01723	0.01230	0.00615	0.00615	0.00123	0.00615	0.00492	0.00492	0.75883
15	0.01010	0.00730	0.00956	0.01137	0.01200	0.00676	0.00762	0.01159	0.01610	0.02128	0.04820	0.66347	0.09254	0.02571	0.01055	0.00334	0.00478	0.02323	0.00771	0.00676
16	0.01187	0.00890	0.01335	0.01335	0.01483	0.01038	0.01038	0.01483	0.01335	0.01928	0.02225	0.03264	0.02077	0.06231	0.67512	0.01335	0.02225	0.00890	0.00445	0.00742
17	0.01691	0.01601	0.02712	0.52877	0.20701	0.01878	0.02368	0.02229	0.01719	0.02270	0.01498	0.02175	0.01160	0.00808	0.00829	0.00269	0.01077	0.00739	0.00380	0.01021
18	0.76672	0.01607	0.01221	0.01092	0.01607	0.01864	0.00900	0.02442	0.01414	0.03727	0.01157	0.01350	0.00900	0.00771	0.00514	0.00257	0.00643	0.00450	0.00514	0.00900
19	0.01278	0.00909	0.01056	0.01002	0.01117	0.00889	0.00643	0.01525	0.05061	0.02184	0.17334	0.05273	0.04025	0.46574	0.03065	0.00609	0.00689	0.01221	0.00619	0.04928
20	0.02454	0.02605	0.02596	0.02773	0.17288	0.23744	0.01840	0.08660	0.09173	0.02656	0.01612	0.01931	0.01332	0.01008	0.01231	0.00267	0.16523	0.00693	0.00496	0.01117
21	0.02399	0.57685	0.03949	0.01567	0.02220	0.16267	0.01459	0.02655	0.01823	0.01970	0.01181	0.01366	0.01067	0.00740	0.00577	0.00185	0.01012	0.00463	0.00370	0.01045
