[name]
unknown

[dist]
# distance from previous block
# <min> <max>
0	0

[block]
# block no. 0 follows, 22 sequences, length 9
# corresponding to MSA columns:
# 0-8
name=unknown_A
#
# <colnr> <probs for GDERKNQSTAVLIFYWHMCP>
#	G	D	E	R	K	N	Q	S	T	A	V	L	I	F	Y	W	H	M	C	P
0	0.01339	0.00956	0.01339	0.01530	0.01721	0.00956	0.01339	0.01721	0.01912	0.02486	0.04399	0.09371	0.04781	0.02295	0.01147	0.00382	0.00765	0.60031	0.00765	0.00765
1	0.01883	0.27125	0.40842	0.02231	0.07355	0.02398	0.02468	0.02576	0.01741	0.02405	0.01381	0.01630	0.01075	0.00759	0.00704	0.00233	0.01095	0.00564	0.00357	0.01178
2	0.02048	0.01871	0.02376	0.33136	0.06756	0.08392	0.01909	0.13823	0.02118	0.02762	0.01626	0.02158	0.01273	0.01221	0.04617	0.00326	0.07654	0.00729	0.04185	0.01020
3	0.25503	0.02136	0.02009	0.19006	0.03031	0.15102	0.01534	0.13206	0.02105	0.03146	0.01469	0.01817	0.01140	0.01126	0.04167	0.00308	0.01065	0.00617	0.00512	0.01001
4	0.01040	0.00743	0.00996	0.01188	0.01248	0.00698	0.00819	0.01204	0.01618	0.02151	0.04564	0.65134	0.05434	0.02577	0.01068	0.00341	0.00506	0.07219	0.00771	0.00682
5	0.01012	0.00723	0.00964	0.01157	0.01205	0.00675	0.00771	0.01157	0.01591	0.02121	0.04579	0.70262	0.05495	0.02603	0.01060	0.00337	0.00482	0.02362	0.00771	0.00675
6	0.13087	0.06966	0.02388	0.02098	0.06109	0.41856	0.01550	0.11616	0.02384	0.02759	0.01377	0.01572	0.01110	0.00850	0.00721	0.00225	0.01234	0.00561	0.00492	0.01045
7	0.23601	0.02894	0.02242	0.02447	0.15111	0.35692	0.01598	0.02915	0.01995	0.02648	0.01305	0.01570	0.01072	0.00809	0.00698	0.00233	0.01153	0.00553	0.00449	0.01017
8	0.29686	0.18543	0.08110	0.01569	0.02207	0.11320	0.01429	0.13191	0.02074	0.03249	0.01350	0.01515	0.01065	0.00810	0.00631	0.00232	0.00917	0.00527	0.00506	0.01066

[dist]
# distance from previous block
# <min> <max>
6	12

[block]
# block no. 1 follows, 22 sequences, length 44
# corresponding to MSA columns:
# 22-65
name=unknown_B
#
# <colnr> <probs for GDERKNQSTAVLIFYWHMCP>
#	G	D	E	R	K	N	Q	S	T	A	V	L	I	F	Y	W	H	M	C	P
0	0.01901	0.01988	0.01871	0.04661	0.02090	0.21268	0.01375	0.02168	0.01663	0.02031	0.01740	0.02437	0.01569	0.03350	0.30760	0.00739	0.13137	0.00744	0.03662	0.00846
1	0.02256	0.15930	0.02406	0.01924	0.11883	0.04606	0.01351	0.06622	0.04572	0.15750	0.03838	0.03740	0.19343	0.01213	0.00808	0.00244	0.00755	0.00982	0.00674	0.01104
2	0.02598	0.03133	0.02173	0.02117	0.05833	0.48321	0.01526	0.02847	0.02091	0.02047	0.01519	0.01941	0.01319	0.02103	0.16325	0.00477	0.01639	0.00629	0.00431	0.00931
3	0.16443	0.06762	0.25670	0.02904	0.22433	0.07119	0.02281	0.02614	0.01774	0.02785	0.01414	0.01727	0.01107	0.00771	0.00729	0.00248	0.01041	0.00606	0.00408	0.01162
4	0.01789	0.01835	0.01871	0.01732	0.01909	0.16905	0.01363	0.02039	0.01557	0.01970	0.01726	0.02495	0.01599	0.03798	0.35949	0.00834	0.18608	0.00767	0.00421	0.00835
5	0.05369	0.01926	0.01820	0.06559	0.02271	0.16703	0.01269	0.03109	0.07099	0.25435	0.06884	0.03454	0.12189	0.01181	0.00835	0.00254	0.00852	0.00936	0.00758	0.01096
6	0.02570	0.03201	0.06131	0.03009	0.14178	0.36747	0.16896	0.02988	0.02148	0.02336	0.01441	0.01792	0.01160	0.00794	0.00821	0.00238	0.01371	0.00685	0.00420	0.01076
7	0.01241	0.00873	0.01251	0.01251	0.01406	0.00999	0.00970	0.01551	0.01396	0.02104	0.02298	0.03239	0.02085	0.05440	0.57454	0.01164	0.01949	0.00873	0.11711	0.00747
8	0.01796	0.19872	0.41690	0.02164	0.03156	0.02190	0.07183	0.02527	0.01767	0.02460	0.01656	0.02295	0.01367	0.00883	0.00771	0.00253	0.01124	0.05312	0.00390	0.01144
9	0.01079	0.00854	0.00989	0.01067	0.01290	0.00764	0.00836	0.01324	0.01853	0.02289	0.06802	0.17596	0.40678	0.02228	0.01037	0.00315	0.00519	0.16996	0.00770	0.00714
10	0.06241	0.01507	0.01763	0.01295	0.02001	0.01229	0.01046	0.04947	0.01912	0.14201	0.01802	0.01911	0.01367	0.00713	0.00658	0.00159	0.00645	0.00562	0.00603	0.55437
11	0.01978	0.01858	0.02987	0.04197	0.50775	0.01772	0.02184	0.02443	0.01852	0.02712	0.01543	0.01978	0.01296	0.00711	0.00774	0.00218	0.00900	0.00682	0.00430	0.18708
12	0.22735	0.01928	0.02391	0.07892	0.22240	0.02113	0.01741	0.20051	0.05206	0.03711	0.01654	0.01906	0.01270	0.00848	0.00742	0.00254	0.00866	0.00672	0.00578	0.01199
13	0.01957	0.01864	0.03129	0.17977	0.50686	0.01952	0.02448	0.02541	0.04484	0.02625	0.01622	0.02133	0.01325	0.00775	0.00825	0.00254	0.00998	0.00748	0.00421	0.01236
14	0.01065	0.00756	0.00938	0.01061	0.01114	0.00714	0.00684	0.01174	0.01506	0.01986	0.04328	0.46988	0.09534	0.21856	0.01950	0.00465	0.00569	0.01987	0.00695	0.00628
15	0.01130	0.00809	0.01094	0.01163	0.01238	0.00850	0.00808	0.01297	0.01394	0.01916	0.03163	0.27666	0.03533	0.21306	0.27815	0.00846	0.01245	0.01495	0.00576	0.00657
16	0.02020	0.02154	0.02515	0.02175	0.02242	0.12756	0.01784	0.02207	0.01442	0.02005	0.01121	0.01767	0.01087	0.01360	0.02415	0.00340	0.58622	0.00697	0.00374	0.00917
17	0.01027	0.00736	0.00952	0.01119	0.01176	0.00687	0.00741	0.01163	0.01576	0.02086	0.04632	0.61474	0.08627	0.08166	0.01316	0.00373	0.00505	0.02233	0.00749	0.00662
18	0.00997	0.00814	0.00882	0.00924	0.01147	0.00699	0.00671	0.01200	0.01843	0.02263	0.10017	0.22440	0.48814	0.02202	0.01000	0.00293	0.00434	0.01884	0.00778	0.00699
19	0.01300	0.01118	0.01145	0.01090	0.01426	0.01101	0.00832	0.02137	0.20132	0.02605	0.06940	0.06560	0.46893	0.01818	0.00942	0.00281	0.00490	0.01515	0.00793	0.00881
20	0.01569	0.01477	0.02492	0.68808	0.05722	0.01846	0.02307	0.02123	0.01661	0.02123	0.01477	0.02215	0.01107	0.00831	0.00831	0.00277	0.01107	0.00738	0.00369	0.00923
21	0.07013	0.00882	0.00929	0.00945	0.01191	0.00800	0.00698	0.01335	0.01862	0.02484	0.14691	0.18347	0.41882	0.02033	0.00959	0.00286	0.00445	0.01725	0.00770	0.00723
22	0.65199	0.01576	0.01332	0.01153	0.01687	0.01763	0.00950	0.02695	0.01565	0.13553	0.01490	0.01582	0.01082	0.00812	0.00565	0.00257	0.00653	0.00510	0.00595	0.00981
23	0.00982	0.00842	0.00842	0.00842	0.01122	0.00701	0.00631	0.01192	0.01894	0.02244	0.08416	0.07995	0.65285	0.02104	0.00982	0.00281	0.00421	0.01753	0.00771	0.00701
24	0.02619	0.02059	0.02190	0.01802	0.02371	0.02324	0.01449	0.33994	0.33642	0.04366	0.02679	0.02540	0.01967	0.01061	0.00838	0.00265	0.00787	0.00842	0.00838	0.01364
25	0.01073	0.00833	0.00901	0.00891	0.01083	0.00742	0.00621	0.01256	0.01782	0.02245	0.15789	0.07027	0.39544	0.20472	0.01853	0.00418	0.00519	0.01568	0.00722	0.00661
26	0.00989	0.00814	0.00870	0.00915	0.01141	0.00695	0.00664	0.01184	0.01823	0.02215	0.07521	0.22518	0.51339	0.02220	0.01000	0.00294	0.00435	0.01895	0.00771	0.00695
27	0.02692	0.02095	0.02231	0.01817	0.02399	0.02359	0.01466	0.37916	0.29601	0.04484	0.02586	0.02466	0.01892	0.01053	0.00837	0.00263	0.00805	0.00830	0.00837	0.01371
28	0.00982	0.00842	0.00842	0.00842	0.01122	0.00701	0.00631	0.01192	0.01894	0.02244	0.08416	0.07995	0.65285	0.02104	0.00982	0.00281	0.00421	0.01753	0.00771	0.00701
29	0.01047	0.00748	0.00943	0.01085	0.01142	0.00702	0.00709	0.01169	0.01542	0.02034	0.04506	0.53117	0.09690	0.15491	0.01655	0.00422	0.00539	0.02096	0.00720	0.00644
30	0.01194	0.00921	0.01099	0.01042	0.01282	0.00863	0.00785	0.01693	0.07125	0.03052	0.45096	0.06438	0.22789	0.01762	0.00970	0.00268	0.00421	0.01525	0.00871	0.00804
31	0.01068	0.00845	0.00961	0.00932	0.01175	0.00738	0.00699	0.01360	0.02098	0.02729	0.33735	0.07197	0.39663	0.01923	0.00981	0.00272	0.00408	0.01641	0.00835	0.00738
32	0.02716	0.02023	0.02194	0.01772	0.02321	0.02229	0.01427	0.47572	0.09287	0.04578	0.02533	0.12837	0.02162	0.01262	0.00868	0.00266	0.00822	0.01020	0.00823	0.01287
33	0.01002	0.00763	0.00923	0.01051	0.01177	0.00684	0.00724	0.01169	0.01692	0.02162	0.05867	0.49352	0.25573	0.02435	0.01034	0.00318	0.00461	0.02157	0.00771	0.00684
34	0.01208	0.00805	0.00906	0.00906	0.00906	0.00805	0.00503	0.01208	0.01208	0.01611	0.02618	0.05436	0.03020	0.70804	0.04228	0.00805	0.00805	0.01208	0.00503	0.00503
35	0.01082	0.00846	0.00981	0.00947	0.01184	0.00744	0.00710	0.01387	0.02131	0.02807	0.37793	0.07069	0.35557	0.01894	0.00981	0.00271	0.00406	0.01623	0.00845	0.00744
36	0.02056	0.01974	0.03372	0.05099	0.65622	0.01974	0.02550	0.02550	0.01892	0.02714	0.01563	0.02056	0.01316	0.00740	0.00822	0.00247	0.00987	0.00740	0.00411	0.01316
37	0.02520	0.02423	0.02285	0.01946	0.02310	0.19871	0.01557	0.22911	0.02468	0.03095	0.01628	0.02019	0.01349	0.01889	0.11739	0.00437	0.17225	0.00708	0.00552	0.01068
38	0.03103	0.03959	0.02354	0.02140	0.02568	0.67469	0.01605	0.03317	0.02354	0.02033	0.01284	0.01498	0.01070	0.00856	0.00749	0.00214	0.01498	0.00535	0.00428	0.00963
39	0.02882	0.02817	0.02649	0.02735	0.17279	0.25198	0.01815	0.27904	0.02892	0.03524	0.01645	0.01835	0.01270	0.00888	0.00800	0.00236	0.01136	0.00671	0.00592	0.01232
40	0.02461	0.02759	0.02162	0.02283	0.11932	0.36338	0.01482	0.05422	0.04468	0.02240	0.01751	0.02587	0.01635	0.17170	0.01579	0.00361	0.01199	0.00749	0.00477	0.00944
41	0.02581	0.02715	0.02159	0.04986	0.05883	0.31297	0.01493	0.18153	0.02609	0.02941	0.02871	0.02946	0.13598	0.01126	0.00823	0.00241	0.01094	0.00846	0.00595	0.01046
42	0.02901	0.08269	0.17339	0.01919	0.02634	0.23349	0.01810	0.06080	0.02243	0.22615	0.01986	0.01989	0.01394	0.00890	0.00773	0.00238	0.01111	0.00651	0.00613	0.01196
43	0.02045	0.01991	0.02228	0.15375	0.17506	0.15568	0.01716	0.05079	0.02076	0.05427	0.05248	0.03594	0.13891	0.01168	0.00859	0.00259	0.00964	0.03437	0.00556	0.01014

[dist]
# distance from previous block
# <min> <max>
5	15

[block]
# block no. 2 follows, 22 sequences, length 71
# corresponding to MSA columns:
# 82-152
name=unknown_C
#
# <colnr> <probs for GDERKNQSTAVLIFYWHMCP>
#	G	D	E	R	K	N	Q	S	T	A	V	L	I	F	Y	W	H	M	C	P
0	0.02029	0.01786	0.05054	0.02097	0.08096	0.01723	0.09446	0.12480	0.16345	0.06140	0.15727	0.03454	0.05980	0.01136	0.00879	0.00259	0.00784	0.01011	0.00728	0.04848
1	0.01208	0.01038	0.01058	0.01019	0.01339	0.00986	0.00774	0.01865	0.14883	0.02501	0.07365	0.06973	0.52187	0.01900	0.00953	0.00281	0.00470	0.01583	0.00787	0.00829
2	0.06243	0.28260	0.03098	0.01736	0.02364	0.15587	0.01494	0.25855	0.02659	0.03314	0.01503	0.01620	0.01192	0.00852	0.00689	0.00216	0.01007	0.00579	0.00560	0.01171
3	0.01724	0.17578	0.14393	0.01948	0.08970	0.01810	0.04998	0.02192	0.01830	0.02515	0.07950	0.02944	0.10388	0.00982	0.00752	0.00216	0.00826	0.00816	0.00498	0.16669
4	0.02047	0.33513	0.17368	0.01721	0.02467	0.02583	0.01753	0.03154	0.22251	0.02605	0.01962	0.02008	0.01547	0.00865	0.00693	0.00231	0.00888	0.00645	0.00516	0.01184
5	0.01799	0.02153	0.16109	0.01729	0.02310	0.01776	0.01620	0.03430	0.37328	0.03218	0.13059	0.03594	0.03172	0.01199	0.00869	0.00279	0.00746	0.03683	0.00743	0.01184
6	0.02178	0.02035	0.02070	0.07586	0.02426	0.14038	0.01496	0.16849	0.05356	0.02919	0.02383	0.16559	0.02339	0.01444	0.01220	0.00292	0.13210	0.03977	0.00617	0.01006
7	0.01830	0.11134	0.54058	0.02285	0.03413	0.02050	0.05754	0.02680	0.01785	0.05365	0.01544	0.01781	0.01108	0.00787	0.00774	0.00255	0.01178	0.00624	0.00385	0.01214
8	0.01056	0.00741	0.00951	0.01101	0.01138	0.00704	0.00712	0.01168	0.01505	0.02007	0.04142	0.55837	0.04944	0.17780	0.01765	0.00442	0.00554	0.02105	0.00712	0.00637
9	0.01152	0.00782	0.00923	0.00978	0.00991	0.00768	0.00580	0.01193	0.01317	0.01757	0.03178	0.23962	0.03727	0.51314	0.03323	0.00672	0.00713	0.01538	0.00580	0.00552
10	0.03003	0.03694	0.02349	0.02112	0.02534	0.58725	0.01601	0.06051	0.05056	0.02242	0.01399	0.01605	0.01150	0.00901	0.00846	0.00225	0.04479	0.00571	0.00462	0.00997
11	0.02882	0.01907	0.02075	0.01628	0.02192	0.02057	0.01333	0.43936	0.03293	0.11217	0.02279	0.02313	0.01630	0.00994	0.00779	0.00238	0.00782	0.00763	0.16421	0.01280
12	0.01115	0.00769	0.00982	0.01122	0.01180	0.00739	0.00761	0.01262	0.01543	0.02084	0.04028	0.46016	0.04704	0.18190	0.01778	0.00444	0.00582	0.08108	0.03945	0.00649
13	0.76672	0.01607	0.01221	0.01092	0.01607	0.01864	0.00900	0.02442	0.01414	0.03727	0.01157	0.01350	0.00900	0.00771	0.00514	0.00257	0.00643	0.00450	0.00514	0.00900
14	0.01187	0.00797	0.00912	0.00933	0.00938	0.00792	0.00532	0.01203	0.01248	0.01665	0.02824	0.12272	0.03281	0.63613	0.03894	0.00756	0.00771	0.01330	0.00532	0.00521
15	0.01723	0.01477	0.01723	0.01230	0.01969	0.01107	0.00984	0.02092	0.01723	0.02707	0.01477	0.01723	0.01230	0.00615	0.00615	0.00123	0.00615	0.00492	0.00492	0.75883
16	0.01869	0.01620	0.05296	0.01446	0.01981	0.01397	0.01188	0.17424	0.02244	0.03171	0.02564	0.22858	0.02578	0.01334	0.00817	0.00229	0.00685	0.01139	0.00657	0.29503
17	0.03103	0.03959	0.02354	0.02140	0.02568	0.67469	0.01605	0.03317	0.02354	0.02033	0.01284	0.01498	0.01070	0.00856	0.00749	0.00214	0.01498	0.00535	0.00428	0.00963
18	0.03158	0.02327	0.02493	0.01911	0.02576	0.02576	0.01579	0.62852	0.03906	0.05236	0.01995	0.01995	0.01413	0.00997	0.00831	0.00249	0.00914	0.00748	0.00831	0.01413
19	0.02056	0.01974	0.03372	0.05099	0.65622	0.01974	0.02550	0.02550	0.01892	0.02714	0.01563	0.02056	0.01316	0.00740	0.00822	0.00247	0.00987	0.00740	0.00411	0.01316
20	0.01756	0.15096	0.56485	0.02215	0.03360	0.02148	0.02804	0.02608	0.01743	0.02522	0.01437	0.01686	0.01055	0.00777	0.00748	0.00249	0.01173	0.00587	0.00352	0.01202
21	0.01021	0.00759	0.00952	0.01081	0.01191	0.00690	0.00743	0.01202	0.01724	0.02258	0.10967	0.51359	0.18191	0.02415	0.01037	0.00318	0.00461	0.02155	0.00784	0.00690
22	0.01105	0.00846	0.01013	0.00971	0.01198	0.00754	0.00728	0.01431	0.02185	0.02937	0.44575	0.06855	0.28693	0.01846	0.00981	0.00268	0.00402	0.01593	0.00863	0.00754
23	0.01187	0.00890	0.01335	0.01335	0.01483	0.01038	0.01038	0.01483	0.01335	0.01928	0.02225	0.03264	0.02077	0.06231	0.67512	0.01335	0.02225	0.00890	0.00445	0.00742
24	0.18447	0.02226	0.02191	0.01740	0.02353	0.05442	0.01425	0.44568	0.06286	0.04684	0.01855	0.01891	0.01345	0.00950	0.00762	0.00251	0.00872	0.00685	0.00747	0.01280
25	0.02284	0.02151	0.02995	0.13200	0.39968	0.08103	0.02253	0.13488	0.02267	0.03025	0.01603	0.02016	0.01282	0.00810	0.00818	0.00248	0.01038	0.00722	0.00483	0.01246
26	0.01012	0.00723	0.00964	0.01157	0.01205	0.00675	0.00771	0.01157	0.01591	0.02121	0.04579	0.70262	0.05495	0.02603	0.01060	0.00337	0.00482	0.02362	0.00771	0.00675
27	0.01666	0.04297	0.66500	0.02368	0.03596	0.01929	0.03069	0.02631	0.01754	0.02631	0.01491	0.01754	0.01052	0.00789	0.00789	0.00263	0.01228	0.00614	0.00351	0.01228
28	0.02631	0.02582	0.02866	0.03453	0.31902	0.18946	0.02037	0.19525	0.02571	0.03241	0.01611	0.01896	0.01280	0.00841	0.00806	0.00239	0.01098	0.00690	0.00532	0.01252
29	0.01443	0.00722	0.01082	0.01082	0.01082	0.00722	0.00722	0.01082	0.01082	0.01443	0.01443	0.02525	0.01443	0.02886	0.03247	0.75830	0.00722	0.00722	0.00361	0.00361
30	0.76672	0.01607	0.01221	0.01092	0.01607	0.01864	0.00900	0.02442	0.01414	0.03727	0.01157	0.01350	0.00900	0.00771	0.00514	0.00257	0.00643	0.00450	0.00514	0.00900
31	0.01208	0.00805	0.00906	0.00906	0.00906	0.00805	0.00503	0.01208	0.01208	0.01611	0.02618	0.05436	0.03020	0.70804	0.04228	0.00805	0.00805	0.01208	0.00503	0.00503
32	0.02663	0.03226	0.02419	0.02154	0.02436	0.45241	0.01678	0.02866	0.01984	0.02022	0.01218	0.01607	0.01077	0.01061	0.01426	0.00265	0.24706	0.00601	0.00406	0.00944
33	0.01010	0.00730	0.00957	0.01139	0.01200	0.00676	0.00763	0.01159	0.01607	0.02128	0.04793	0.66793	0.08826	0.02575	0.01056	0.00334	0.00479	0.02328	0.00771	0.00676
34	0.03186	0.02282	0.02465	0.01890	0.02554	0.02509	0.01561	0.59936	0.03830	0.08259	0.02058	0.02036	0.01445	0.00999	0.00831	0.00250	0.00904	0.00752	0.00841	0.01413
35	0.02221	0.71304	0.04353	0.01421	0.02132	0.03287	0.01421	0.02488	0.01688	0.01955	0.01155	0.01333	0.01066	0.00711	0.00533	0.00178	0.00888	0.00444	0.00355	0.01066
36	0.00982	0.00842	0.00842	0.00842	0.01122	0.00701	0.00631	0.01192	0.01894	0.02244	0.08416	0.07995	0.65285	0.02104	0.00982	0.00281	0.00421	0.01753	0.00771	0.00701
37	0.50544	0.01538	0.01474	0.01231	0.01791	0.01633	0.01015	0.03017	0.01759	0.26104	0.01916	0.01879	0.01314	0.00863	0.00629	0.00257	0.00666	0.00588	0.00698	0.01084
38	0.01965	0.40338	0.33074	0.01859	0.02808	0.02660	0.02183	0.02554	0.01718	0.02267	0.01310	0.01527	0.01060	0.00747	0.00651	0.00217	0.01045	0.00523	0.00353	0.01141
39	0.02086	0.02482	0.28732	0.01681	0.02482	0.01383	0.01838	0.02651	0.01966	0.20703	0.03742	0.03628	0.17496	0.01181	0.00843	0.00260	0.00849	0.00958	0.00656	0.04385
40	0.18357	0.03698	0.51973	0.02084	0.03153	0.01915	0.02587	0.02589	0.01678	0.02875	0.01416	0.01664	0.01018	0.00785	0.00728	0.00262	0.01098	0.00577	0.00387	0.01155
41	0.01057	0.00799	0.00976	0.01027	0.01193	0.00718	0.00734	0.01302	0.01930	0.02555	0.25651	0.30903	0.23816	0.02159	0.01011	0.00296	0.00434	0.01900	0.00818	0.00718
42	0.03103	0.03959	0.02354	0.02140	0.02568	0.67469	0.01605	0.03317	0.02354	0.02033	0.01284	0.01498	0.01070	0.00856	0.00749	0.00214	0.01498	0.00535	0.00428	0.00963
43	0.01949	0.01947	0.05978	0.03769	0.42532	0.01746	0.02099	0.02525	0.04926	0.02746	0.01626	0.02004	0.01341	0.00729	0.00767	0.00216	0.00884	0.00678	0.00451	0.21087
44	0.02744	0.07059	0.16718	0.02159	0.02777	0.50002	0.01923	0.03127	0.02191	0.02163	0.01324	0.01548	0.01066	0.00835	0.00748	0.00223	0.01411	0.00549	0.00408	0.01027
45	0.01189	0.00882	0.01292	0.01292	0.01426	0.01015	0.00985	0.01456	0.01322	0.01897	0.02265	0.03481	0.02171	0.12706	0.61166	0.01282	0.02083	0.00922	0.00451	0.00718
46	0.02035	0.02125	0.05621	0.03414	0.32787	0.08250	0.04978	0.02924	0.15804	0.02813	0.05324	0.02766	0.05540	0.00961	0.00843	0.00256	0.00934	0.00865	0.00552	0.01207
47	0.01782	0.18284	0.53527	0.02170	0.03290	0.02213	0.02725	0.02601	0.01740	0.02490	0.01421	0.01666	0.01055	0.00773	0.00736	0.00245	0.01157	0.00578	0.00352	0.01194
48	0.12201	0.02924	0.34674	0.04777	0.02958	0.01730	0.02168	0.03048	0.04579	0.20127	0.02015	0.02071	0.01373	0.00868	0.00770	0.00262	0.00978	0.00672	0.00579	0.01226
49	0.02624	0.35817	0.03362	0.01969	0.05994	0.33226	0.01572	0.02879	0.02011	0.02035	0.01239	0.01452	0.01082	0.00780	0.00651	0.00199	0.01179	0.00504	0.00393	0.01032
50	0.01001	0.00768	0.00918	0.01038	0.01174	0.00685	0.00718	0.01170	0.01705	0.02167	0.06027	0.46766	0.28056	0.02414	0.01031	0.00316	0.00459	0.02132	0.00771	0.00685
51	0.06488	0.20982	0.03337	0.03205	0.31537	0.02453	0.01947	0.15114	0.02230	0.03089	0.01519	0.01806	0.01245	0.00788	0.00728	0.00229	0.00926	0.00645	0.00489	0.01245
52	0.02738	0.03223	0.02400	0.02468	0.11462	0.44490	0.01679	0.03437	0.15182	0.02431	0.01762	0.01912	0.01411	0.00896	0.00780	0.00233	0.01250	0.00649	0.00513	0.01087
53	0.01187	0.00890	0.01335	0.01335	0.01483	0.01038	0.01038	0.01483	0.01335	0.01928	0.02225	0.03264	0.02077	0.06231	0.67512	0.01335	0.02225	0.00890	0.00445	0.00742
54	0.02056	0.01974	0.03372	0.05099	0.65622	0.01974	0.02550	0.02550	0.01892	0.02714	0.01563	0.02056	0.01316	0.00740	0.00822	0.00247	0.00987	0.00740	0.00411	0.01316
55	0.01187	0.00890	0.01335	0.01335	0.01483	0.01038	0.01038	0.01483	0.01335	0.01928	0.02225	0.03264	0.02077	0.06231	0.67512	0.01335	0.02225	0.00890	0.00445	0.00742
56	0.03158	0.02327	0.02493	0.01911	0.02576	0.02576	0.01579	0.62852	0.03906	0.05236	0.01995	0.01995	0.01413	0.00997	0.00831	0.00249	0.00914	0.00748	0.00831	0.01413
57	0.01783	0.01686	0.02729	0.04018	0.49239	0.01651	0.02062	0.02205	0.01892	0.02595	0.03303	0.03565	0.17564	0.01087	0.00863	0.00255	0.00843	0.00998	0.00503	0.01160
58	0.02166	0.02387	0.02258	0.05568	0.16741	0.27769	0.01667	0.02487	0.01883	0.02158	0.01665	0.02237	0.01458	0.02591	0.22666	0.00592	0.01602	0.00707	0.00427	0.00969
59	0.02066	0.01785	0.01878	0.01691	0.02160	0.02066	0.01315	0.04414	0.64121	0.03475	0.03381	0.03099	0.02536	0.01127	0.00845	0.00282	0.00657	0.00939	0.00845	0.01315
60	0.01187	0.00890	0.01335	0.01335	0.01483	0.01038	0.01038	0.01483	0.01335	0.01928	0.02225	0.03264	0.02077	0.06231	0.67512	0.01335	0.02225	0.00890	0.00445	0.00742
61	0.02056	0.01974	0.03372	0.05099	0.65622	0.01974	0.02550	0.02550	0.01892	0.02714	0.01563	0.02056	0.01316	0.00740	0.00822	0.00247	0.00987	0.00740	0.00411	0.01316
62	0.05831	0.32146	0.03146	0.01794	0.02345	0.37748	0.01498	0.02932	0.02035	0.02071	0.01224	0.01422	0.01061	0.00791	0.00648	0.00201	0.01206	0.00493	0.00401	0.01004
63	0.00982	0.00842	0.00842	0.00842	0.01122	0.00701	0.00631	0.01192	0.01894	0.02244	0.08416	0.07995	0.65285	0.02104	0.00982	0.00281	0.00421	0.01753	0.00771	0.00701
64	0.01012	0.00723	0.00964	0.01157	0.01205	0.00675	0.00771	0.01157	0.01591	0.02121	0.04579	0.70262	0.05495	0.02603	0.01060	0.00337	0.00482	0.02362	0.00771	0.00675
65	0.01103	0.00761	0.00937	0.01041	0.01066	0.00735	0.00647	0.01181	0.01413	0.01884	0.03670	0.40229	0.04348	0.34199	0.02528	0.00554	0.00632	0.01827	0.00647	0.00595
66	0.03055	0.02250	0.02420	0.01875	0.02511	0.02485	0.01540	0.59901	0.03795	0.05087	0.02118	0.05260	0.01608	0.01074	0.00842	0.00254	0.00893	0.00825	0.00828	0.01377
67	0.02268	0.02225	0.01861	0.01649	0.01948	0.23167	0.01234	0.14849	0.02168	0.02570	0.01912	0.02933	0.01811	0.20764	0.10785	0.00542	0.05061	0.00822	0.00531	0.00899
68	0.01201	0.00835	0.01057	0.01057	0.01110	0.00888	0.00692	0.01305	0.01253	0.01723	0.02479	0.04670	0.02688	0.48037	0.26541	0.00992	0.01306	0.01096	0.00483	0.00587
69	0.01531	0.06311	0.42137	0.01890	0.02755	0.01617	0.02242	0.02275	0.01947	0.02829	0.22365	0.03194	0.03279	0.01084	0.00840	0.00258	0.00938	0.00897	0.00536	0.01075
70	0.02278	0.02385	0.02450	0.02974	0.26138	0.21903	0.01763	0.08877	0.02266	0.02719	0.05351	0.03042	0.12177	0.01070	0.00834	0.00243	0.01017	0.00879	0.00542	0.01093

[dist]
# distance from previous block
# <min> <max>
0	1

[block]
# block no. 3 follows, 22 sequences, length 73
# corresponding to MSA columns:
# 154-226
name=unknown_D
#
# <colnr> <probs for GDERKNQSTAVLIFYWHMCP>
#	G	D	E	R	K	N	Q	S	T	A	V	L	I	F	Y	W	H	M	C	P
0	0.02189	0.02436	0.06190	0.12929	0.41329	0.15593	0.02346	0.02656	0.01950	0.02488	0.01489	0.01946	0.01223	0.00779	0.00807	0.00245	0.01122	0.00691	0.00406	0.01185
1	0.05532	0.03212	0.43180	0.02309	0.09490	0.01694	0.02430	0.02380	0.01852	0.02793	0.11980	0.02746	0.04923	0.00985	0.00817	0.00262	0.01003	0.00810	0.00474	0.01126
2	0.02418	0.02543	0.02480	0.23895	0.10003	0.25065	0.01900	0.11049	0.07667	0.02693	0.01654	0.01993	0.01281	0.00879	0.00802	0.00248	0.01167	0.00686	0.00498	0.01078
3	0.03158	0.02327	0.02493	0.01911	0.02576	0.02576	0.01579	0.62852	0.03906	0.05236	0.01995	0.01995	0.01413	0.00997	0.00831	0.00249	0.00914	0.00748	0.00831	0.01413
4	0.01574	0.02969	0.36771	0.02331	0.03186	0.01665	0.15933	0.02281	0.01761	0.02514	0.02280	0.18428	0.02173	0.01208	0.00898	0.00285	0.01086	0.01119	0.00468	0.01070
5	0.00998	0.00836	0.00868	0.00873	0.01135	0.00706	0.00650	0.01218	0.01911	0.02318	0.12396	0.11128	0.57919	0.02100	0.00986	0.00282	0.00422	0.01767	0.00782	0.00706
6	0.05396	0.17385	0.37665	0.02024	0.02998	0.02337	0.02328	0.15134	0.02174	0.03084	0.01513	0.01701	0.01123	0.00816	0.00734	0.00243	0.01068	0.00600	0.00459	0.01219
7	0.02056	0.01974	0.03372	0.05099	0.65622	0.01974	0.02550	0.02550	0.01892	0.02714	0.01563	0.02056	0.01316	0.00740	0.00822	0.00247	0.00987	0.00740	0.00411	0.01316
8	0.03103	0.03959	0.02354	0.02140	0.02568	0.67469	0.01605	0.03317	0.02354	0.02033	0.01284	0.01498	0.01070	0.00856	0.00749	0.00214	0.01498	0.00535	0.00428	0.00963
9	0.02169	0.01794	0.01623	0.01449	0.01841	0.14672	0.01127	0.10599	0.05013	0.11544	0.09367	0.09446	0.20006	0.01523	0.00902	0.00267	0.00776	0.04139	0.00760	0.00984
10	0.01053	0.00740	0.00952	0.01105	0.01143	0.00702	0.00715	0.01167	0.01511	0.02015	0.04170	0.56763	0.04979	0.16805	0.01720	0.00435	0.00549	0.02121	0.00715	0.00639
11	0.01012	0.00723	0.00964	0.01157	0.01205	0.00675	0.00771	0.01157	0.01591	0.02121	0.04579	0.70262	0.05495	0.02603	0.01060	0.00337	0.00482	0.02362	0.00771	0.00675
12	0.01188	0.00886	0.01314	0.01314	0.01455	0.01027	0.01012	0.01470	0.01329	0.01913	0.02245	0.03372	0.02124	0.09441	0.64366	0.01309	0.02155	0.00906	0.00448	0.00730
13	0.01914	0.01699	0.02422	0.03148	0.29822	0.01800	0.01860	0.03052	0.24267	0.02941	0.02793	0.03918	0.02459	0.01195	0.00897	0.00287	0.00823	0.12860	0.00639	0.01204
14	0.01197	0.00849	0.01128	0.01128	0.01205	0.00926	0.00780	0.01350	0.01274	0.01775	0.02415	0.04313	0.02532	0.37416	0.36950	0.01079	0.01540	0.01044	0.00473	0.00627
15	0.01008	0.00738	0.00948	0.01116	0.01194	0.00678	0.00753	0.01161	0.01630	0.02137	0.05076	0.62196	0.13240	0.02538	0.01050	0.00330	0.00474	0.02283	0.00771	0.00678
16	0.01681	0.04192	0.63365	0.02425	0.03634	0.01938	0.06099	0.02632	0.01764	0.02632	0.01500	0.01779	0.01063	0.00785	0.00799	0.00264	0.01237	0.00633	0.00354	0.01222
17	0.00990	0.00812	0.00873	0.00921	0.01143	0.00695	0.00667	0.01183	0.01817	0.02213	0.07443	0.23777	0.50131	0.02230	0.01002	0.00295	0.00436	0.01907	0.00771	0.00695
18	0.01010	0.00732	0.00955	0.01134	0.01199	0.00677	0.00761	0.01159	0.01613	0.02130	0.04861	0.65676	0.09899	0.02566	0.01055	0.00333	0.00477	0.02317	0.00771	0.00677
19	0.01993	0.02270	0.09875	0.04405	0.43104	0.02004	0.18803	0.02587	0.01897	0.02692	0.01588	0.02077	0.01276	0.00734	0.00862	0.00257	0.01122	0.00793	0.00408	0.01255
20	0.07534	0.01843	0.02537	0.06322	0.31106	0.01999	0.01891	0.03315	0.28331	0.03085	0.02303	0.02456	0.01795	0.00911	0.00810	0.00264	0.00827	0.00803	0.00602	0.01267
21	0.02056	0.01974	0.03372	0.05099	0.65622	0.01974	0.02550	0.02550	0.01892	0.02714	0.01563	0.02056	0.01316	0.00740	0.00822	0.00247	0.00987	0.00740	0.00411	0.01316
22	0.01666	0.04297	0.66500	0.02368	0.03596	0.01929	0.03069	0.02631	0.01754	0.02631	0.01491	0.01754	0.01052	0.00789	0.00789	0.00263	0.01228	0.00614	0.00351	0.01228
23	0.00982	0.00842	0.00842	0.00842	0.01122	0.00701	0.00631	0.01192	0.01894	0.02244	0.08416	0.07995	0.65285	0.02104	0.00982	0.00281	0.00421	0.01753	0.00771	0.00701
24	0.02794	0.03283	0.02365	0.09858	0.05721	0.47451	0.01684	0.09145	0.02393	0.02411	0.01698	0.01936	0.03884	0.00916	0.00780	0.00229	0.01324	0.00642	0.00477	0.01009
25	0.02321	0.01911	0.02022	0.01742	0.02257	0.02185	0.01377	0.18056	0.50065	0.03886	0.03058	0.02842	0.02274	0.01097	0.00842	0.00274	0.00717	0.00895	0.00842	0.01338
26	0.01208	0.00805	0.00906	0.00906	0.00906	0.00805	0.00503	0.01208	0.01208	0.01611	0.02618	0.05436	0.03020	0.70804	0.04228	0.00805	0.00805	0.01208	0.00503	0.00503
27	0.01189	0.00882	0.01295	0.01295	0.01429	0.01017	0.00988	0.01458	0.01323	0.01899	0.02262	0.03468	0.02166	0.12299	0.61565	0.01285	0.02092	0.00920	0.00451	0.00719
28	0.02112	0.58138	0.16565	0.01607	0.02420	0.03020	0.01745	0.02516	0.01701	0.02087	0.01221	0.01415	0.01063	0.00726	0.00583	0.00194	0.00955	0.00478	0.00354	0.01098
29	0.01208	0.00805	0.00906	0.00906	0.00906	0.00805	0.00503	0.01208	0.01208	0.01611	0.02618	0.05436	0.03020	0.70804	0.04228	0.00805	0.00805	0.01208	0.00503	0.00503
30	0.01012	0.00723	0.00964	0.01157	0.01205	0.00675	0.00771	0.01157	0.01591	0.02121	0.04579	0.70262	0.05495	0.02603	0.01060	0.00337	0.00482	0.02362	0.00771	0.00675
31	0.02526	0.03036	0.02935	0.02434	0.02835	0.36719	0.14363	0.02833	0.01987	0.02155	0.01316	0.01737	0.01115	0.00981	0.01319	0.00267	0.19371	0.00678	0.00409	0.00982
32	0.02685	0.03068	0.02197	0.01975	0.02390	0.41239	0.01511	0.06549	0.17604	0.02550	0.01882	0.02031	0.01507	0.01252	0.04517	0.00301	0.04458	0.00675	0.00550	0.01059
33	0.01208	0.00805	0.00906	0.00906	0.00906	0.00805	0.00503	0.01208	0.01208	0.01611	0.02618	0.05436	0.03020	0.70804	0.04228	0.00805	0.00805	0.01208	0.00503	0.00503
34	0.01252	0.00895	0.01240	0.01431	0.01585	0.00882	0.01189	0.01572	0.01827	0.02390	0.04446	0.25444	0.04969	0.02376	0.01124	0.00371	0.00690	0.44808	0.00767	0.00741
35	0.01033	0.00844	0.00913	0.00895	0.01154	0.00723	0.00671	0.01291	0.02014	0.02531	0.23401	0.07523	0.50121	0.01997	0.00981	0.00275	0.00413	0.01687	0.00809	0.00723
36	0.01012	0.00723	0.00964	0.01157	0.01205	0.00675	0.00771	0.01157	0.01591	0.02121	0.04579	0.70262	0.05495	0.02603	0.01060	0.00337	0.00482	0.02362	0.00771	0.00675
37	0.01961	0.02241	0.04902	0.03501	0.04342	0.02101	0.62605	0.02661	0.01961	0.02661	0.01681	0.02241	0.01261	0.00700	0.00980	0.00280	0.01401	0.00980	0.00420	0.01120
38	0.02221	0.71304	0.04353	0.01421	0.02132	0.03287	0.01421	0.02488	0.01688	0.01955	0.01155	0.01333	0.01066	0.00711	0.00533	0.00178	0.00888	0.00444	0.00355	0.01066
39	0.01012	0.00723	0.00964	0.01157	0.01205	0.00675	0.00771	0.01157	0.01591	0.02121	0.04579	0.70262	0.05495	0.02603	0.01060	0.00337	0.00482	0.02362	0.00771	0.00675
40	0.03006	0.03755	0.02309	0.02098	0.02530	0.61322	0.01578	0.03420	0.08159	0.02169	0.01481	0.01649	0.01208	0.00882	0.00758	0.00220	0.01419	0.00573	0.00467	0.00996
41	0.01549	0.00774	0.00774	0.00774	0.00968	0.00774	0.00581	0.01936	0.01742	0.03097	0.02710	0.03097	0.02129	0.00968	0.00581	0.00194	0.00387	0.00774	0.75416	0.00774
42	0.01012	0.00723	0.00964	0.01157	0.01205	0.00675	0.00771	0.01157	0.01591	0.02121	0.04579	0.70262	0.05495	0.02603	0.01060	0.00337	0.00482	0.02362	0.00771	0.00675
43	0.01723	0.01477	0.01723	0.01230	0.01969	0.01107	0.00984	0.02092	0.01723	0.02707	0.01477	0.01723	0.01230	0.00615	0.00615	0.00123	0.00615	0.00492	0.00492	0.75883
44	0.01196	0.00895	0.01200	0.06027	0.01566	0.00858	0.00889	0.01591	0.02280	0.03192	0.57885	0.05994	0.09980	0.01653	0.00969	0.00263	0.00446	0.01458	0.00868	0.00790
45	0.03038	0.03459	0.02348	0.02059	0.02540	0.49139	0.01578	0.15795	0.07227	0.02806	0.01587	0.01719	0.01249	0.00905	0.00773	0.00226	0.01315	0.00609	0.00543	0.01083
46	0.01187	0.00890	0.01335	0.01335	0.01483	0.01038	0.01038	0.01483	0.01335	0.01928	0.02225	0.03264	0.02077	0.06231	0.67512	0.01335	0.02225	0.00890	0.00445	0.00742
47	0.02056	0.01974	0.03372	0.05099	0.65622	0.01974	0.02550	0.02550	0.01892	0.02714	0.01563	0.02056	0.01316	0.00740	0.00822	0.00247	0.00987	0.00740	0.00411	0.01316
48	0.76672	0.01607	0.01221	0.01092	0.01607	0.01864	0.00900	0.02442	0.01414	0.03727	0.01157	0.01350	0.00900	0.00771	0.00514	0.00257	0.00643	0.00450	0.00514	0.00900
49	0.01069	0.00891	0.00939	0.00919	0.01195	0.00785	0.00691	0.01419	0.05137	0.02488	0.17611	0.07448	0.52528	0.01987	0.00975	0.00277	0.00428	0.01670	0.00799	0.00746
50	0.01187	0.00890	0.01335	0.01335	0.01483	0.01038	0.01038	0.01483	0.01335	0.01928	0.02225	0.03264	0.02077	0.06231	0.67512	0.01335	0.02225	0.00890	0.00445	0.00742
51	0.01230	0.01014	0.01106	0.01083	0.01375	0.00971	0.00839	0.01848	0.12553	0.02638	0.15536	0.07032	0.40229	0.01897	0.00974	0.00288	0.00490	0.07269	0.00804	0.00824
52	0.03103	0.03959	0.02354	0.02140	0.02568	0.67469	0.01605	0.03317	0.02354	0.02033	0.01284	0.01498	0.01070	0.00856	0.00749	0.00214	0.01498	0.00535	0.00428	0.00963
53	0.53436	0.13762	0.05418	0.01311	0.01890	0.07936	0.01169	0.02538	0.01562	0.03217	0.01186	0.01382	0.00951	0.00769	0.00553	0.00240	0.00792	0.00465	0.00471	0.00951
54	0.02346	0.02524	0.03090	0.04280	0.48165	0.20107	0.02288	0.02762	0.02020	0.02526	0.01486	0.01902	0.01248	0.00772	0.00802	0.00238	0.01128	0.00683	0.00416	0.01218
55	0.01096	0.00758	0.00939	0.01049	0.01077	0.00731	0.00656	0.01179	0.01426	0.01902	0.03736	0.42415	0.04432	0.31900	0.02421	0.00538	0.00621	0.01866	0.00656	0.00601
56	0.01208	0.00805	0.00906	0.00906	0.00906	0.00805	0.00503	0.01208	0.01208	0.01611	0.02618	0.05436	0.03020	0.70804	0.04228	0.00805	0.00805	0.01208	0.00503	0.00503
57	0.01238	0.01001	0.01124	0.01139	0.01377	0.00986	0.00834	0.01891	0.14803	0.02575	0.12086	0.26490	0.27297	0.02016	0.00978	0.00297	0.00486	0.01750	0.00802	0.00829
58	0.02174	0.01725	0.02150	0.04718	0.02404	0.01727	0.05783	0.26876	0.02606	0.03593	0.02350	0.16167	0.02190	0.01202	0.00833	0.00238	0.00790	0.01034	0.00678	0.20764
59	0.02904	0.03140	0.02596	0.02683	0.15383	0.37623	0.01790	0.18332	0.02656	0.02988	0.01522	0.01738	0.01207	0.00869	0.00785	0.00230	0.01245	0.00631	0.00527	0.01149
60	0.02038	0.02216	0.02174	0.01949	0.02116	0.21538	0.01552	0.02259	0.01612	0.01991	0.01443	0.02097	0.01340	0.02514	0.18935	0.00571	0.31658	0.00712	0.00404	0.00882
61	0.01852	0.01710	0.14629	0.01596	0.02068	0.01191	0.01510	0.02378	0.05151	0.15735	0.03570	0.22703	0.03532	0.01748	0.00970	0.00315	0.00764	0.16837	0.00742	0.00998
62	0.02242	0.02742	0.06197	0.02351	0.02841	0.28496	0.17685	0.02638	0.01932	0.02206	0.01577	0.02090	0.01326	0.01948	0.14525	0.00473	0.06599	0.00743	0.00421	0.00970
63	0.02128	0.17201	0.24566	0.02772	0.14944	0.13386	0.08609	0.02706	0.01890	0.02411	0.01421	0.01733	0.01130	0.00766	0.00757	0.00236	0.01177	0.00628	0.00384	0.01155
64	0.01088	0.00828	0.00943	0.00938	0.01118	0.00745	0.00660	0.01303	0.01863	0.02423	0.23606	0.11523	0.31036	0.16327	0.01663	0.00388	0.00497	0.01611	0.00758	0.00682
65	0.01763	0.01473	0.01780	0.01942	0.11708	0.01585	0.01245	0.05448	0.28086	0.02912	0.07900	0.04070	0.08686	0.15901	0.01578	0.00384	0.00710	0.01074	0.00703	0.01051
66	0.01985	0.01591	0.02483	0.03400	0.38048	0.01522	0.01851	0.02386	0.01946	0.10436	0.03352	0.03773	0.14913	0.01139	0.00866	0.00257	0.00806	0.04191	0.00585	0.04470
67	0.08607	0.10750	0.02265	0.01556	0.02134	0.02019	0.01297	0.20997	0.11509	0.19494	0.08736	0.02651	0.02300	0.01040	0.00786	0.00248	0.00748	0.00811	0.00804	0.01250
68	0.02075	0.53616	0.20758	0.01671	0.02518	0.02929	0.01856	0.02525	0.01705	0.02133	0.01244	0.01444	0.01062	0.00731	0.00601	0.00200	0.00978	0.00489	0.00354	0.01109
69	0.01053	0.00855	0.01030	0.01203	0.04680	0.00760	0.00793	0.01252	0.01769	0.02219	0.06467	0.33224	0.37253	0.02234	0.01005	0.00302	0.00477	0.01948	0.00752	0.00724
70	0.02930	0.03221	0.02299	0.02011	0.02497	0.41872	0.01548	0.16268	0.13731	0.02977	0.01811	0.01891	0.01406	0.00935	0.00784	0.00234	0.01223	0.00653	0.00589	0.01122
71	0.01995	0.08588	0.02635	0.02672	0.20026	0.16309	0.07300	0.02338	0.01969	0.02392	0.07852	0.06524	0.09698	0.04923	0.01024	0.00276	0.00978	0.00981	0.00519	0.01001
72	0.01156	0.00904	0.01176	0.08084	0.01677	0.00866	0.00903	0.01500	0.02107	0.02841	0.39703	0.10959	0.21492	0.01777	0.00971	0.00273	0.00481	0.01549	0.00811	0.00769

[dist]
# distance from previous block
# <min> <max>
0	5

[block]
# block no. 4 follows, 22 sequences, length 297
# corresponding to MSA columns:
# 232-528
name=unknown_E
#
# <colnr> <probs for GDERKNQSTAVLIFYWHMCP>
#	G	D	E	R	K	N	Q	S	T	A	V	L	I	F	Y	W	H	M	C	P
0	0.01946	0.02418	0.16864	0.03198	0.24912	0.02068	0.04895	0.05730	0.09299	0.02758	0.01740	0.02131	0.01401	0.01167	0.04019	0.00323	0.12715	0.00751	0.00465	0.01199
1	0.02036	0.01750	0.01856	0.01684	0.02142	0.02020	0.01316	0.04302	0.61522	0.03434	0.03424	0.03362	0.02630	0.01176	0.00858	0.00286	0.00662	0.03409	0.00842	0.01292
2	0.01012	0.00723	0.00964	0.01157	0.01205	0.00675	0.00771	0.01157	0.01591	0.02121	0.04579	0.70262	0.05495	0.02603	0.01060	0.00337	0.00482	0.02362	0.00771	0.00675
3	0.00993	0.00842	0.00858	0.00854	0.01129	0.00706	0.00640	0.01215	0.01921	0.02309	0.11823	0.07888	0.61837	0.02080	0.00982	0.00279	0.00419	0.01738	0.00780	0.00706
4	0.02683	0.03834	0.15837	0.02192	0.02748	0.47747	0.01932	0.03052	0.02129	0.02156	0.01310	0.01581	0.01068	0.00897	0.00939	0.00238	0.07668	0.00569	0.00406	0.01014
5	0.01666	0.04297	0.66500	0.02368	0.03596	0.01929	0.03069	0.02631	0.01754	0.02631	0.01491	0.01754	0.01052	0.00789	0.00789	0.00263	0.01228	0.00614	0.00351	0.01228
6	0.18090	0.02427	0.16487	0.03107	0.20653	0.01941	0.17445	0.02634	0.01798	0.05556	0.01562	0.01920	0.01188	0.00759	0.00790	0.00261	0.01056	0.00716	0.00449	0.01162
7	0.01723	0.01477	0.01723	0.01230	0.01969	0.01107	0.00984	0.02092	0.01723	0.02707	0.01477	0.01723	0.01230	0.00615	0.00615	0.00123	0.00615	0.00492	0.00492	0.75883
8	0.01196	0.00854	0.01150	0.01150	0.01234	0.00938	0.00807	0.01365	0.01280	0.01791	0.02395	0.04201	0.02484	0.34101	0.40199	0.01106	0.01612	0.01027	0.00470	0.00639
9	0.01012	0.00723	0.00964	0.01157	0.01205	0.00675	0.00771	0.01157	0.01591	0.02121	0.04579	0.70262	0.05495	0.02603	0.01060	0.00337	0.00482	0.02362	0.00771	0.00675
10	0.01187	0.00890	0.01335	0.01335	0.01483	0.01038	0.01038	0.01483	0.01335	0.01928	0.02225	0.03264	0.02077	0.06231	0.67512	0.01335	0.02225	0.00890	0.00445	0.00742
11	0.01058	0.00779	0.00992	0.01077	0.01204	0.00712	0.00755	0.01288	0.01868	0.02511	0.23763	0.41671	0.14756	0.02253	0.01024	0.00306	0.00446	0.02011	0.00815	0.00712
12	0.02066	0.01785	0.01878	0.01691	0.02160	0.02066	0.01315	0.04414	0.64121	0.03475	0.03381	0.03099	0.02536	0.01127	0.00845	0.00282	0.00657	0.00939	0.00845	0.01315
13	0.01231	0.00920	0.01275	0.01254	0.01347	0.01057	0.00920	0.01429	0.01292	0.01835	0.02278	0.03847	0.02308	0.25843	0.44131	0.01114	0.05804	0.00978	0.00458	0.00678
14	0.01818	0.01818	0.02545	0.02181	0.02181	0.02545	0.01818	0.01999	0.01272	0.01999	0.01091	0.01818	0.01091	0.01454	0.02726	0.00364	0.69284	0.00727	0.00364	0.00909
15	0.76672	0.01607	0.01221	0.01092	0.01607	0.01864	0.00900	0.02442	0.01414	0.03727	0.01157	0.01350	0.00900	0.00771	0.00514	0.00257	0.00643	0.00450	0.00514	0.00900
16	0.76672	0.01607	0.01221	0.01092	0.01607	0.01864	0.00900	0.02442	0.01414	0.03727	0.01157	0.01350	0.00900	0.00771	0.00514	0.00257	0.00643	0.00450	0.00514	0.00900
17	0.01906	0.01821	0.03101	0.24731	0.47164	0.01934	0.02475	0.02418	0.01821	0.02532	0.01536	0.02105	0.01252	0.00768	0.00825	0.00256	0.01024	0.00740	0.00398	0.01195
18	0.02056	0.01974	0.03372	0.05099	0.65622	0.01974	0.02550	0.02550	0.01892	0.02714	0.01563	0.02056	0.01316	0.00740	0.00822	0.00247	0.00987	0.00740	0.00411	0.01316
19	0.02056	0.01974	0.03372	0.05099	0.65622	0.01974	0.02550	0.02550	0.01892	0.02714	0.01563	0.02056	0.01316	0.00740	0.00822	0.00247	0.00987	0.00740	0.00411	0.01316
20	0.03103	0.03959	0.02354	0.02140	0.02568	0.67469	0.01605	0.03317	0.02354	0.02033	0.01284	0.01498	0.01070	0.00856	0.00749	0.00214	0.01498	0.00535	0.00428	0.00963
21	0.19467	0.01931	0.02067	0.01619	0.02245	0.02067	0.01337	0.34284	0.02961	0.20753	0.02144	0.02069	0.01467	0.00956	0.00763	0.00253	0.00801	0.00705	0.00813	0.01300
22	0.00992	0.00842	0.00855	0.00852	0.01128	0.00705	0.00639	0.01211	0.01917	0.02299	0.11273	0.07905	0.62394	0.02084	0.00982	0.00280	0.00419	0.01741	0.00779	0.00705
23	0.01818	0.01818	0.02545	0.02181	0.02181	0.02545	0.01818	0.01999	0.01272	0.01999	0.01091	0.01818	0.01091	0.01454	0.02726	0.00364	0.69284	0.00727	0.00364	0.00909
24	0.03103	0.03959	0.02354	0.02140	0.02568	0.67469	0.01605	0.03317	0.02354	0.02033	0.01284	0.01498	0.01070	0.00856	0.00749	0.00214	0.01498	0.00535	0.00428	0.00963
25	0.00992	0.00842	0.00855	0.00852	0.01128	0.00706	0.00639	0.01211	0.01917	0.02300	0.11310	0.07904	0.62357	0.02083	0.00982	0.00280	0.00419	0.01740	0.00779	0.00706
26	0.01549	0.00774	0.00774	0.00774	0.00968	0.00774	0.00581	0.01936	0.01742	0.03097	0.02710	0.03097	0.02129	0.00968	0.00581	0.00194	0.00387	0.00774	0.75416	0.00774
27	0.02056	0.01974	0.03372	0.05099	0.65622	0.01974	0.02550	0.02550	0.01892	0.02714	0.01563	0.02056	0.01316	0.00740	0.00822	0.00247	0.00987	0.00740	0.00411	0.01316
28	0.01205	0.00817	0.00964	0.00964	0.00985	0.00837	0.00576	0.01246	0.01225	0.01654	0.02564	0.05141	0.02892	0.62015	0.12842	0.00877	0.00999	0.01165	0.00495	0.00536
29	0.03158	0.02327	0.02493	0.01911	0.02576	0.02576	0.01579	0.62852	0.03906	0.05236	0.01995	0.01995	0.01413	0.00997	0.00831	0.00249	0.00914	0.00748	0.00831	0.01413
30	0.01569	0.01477	0.02492	0.68808	0.05722	0.01846	0.02307	0.02123	0.01661	0.02123	0.01477	0.02215	0.01107	0.00831	0.00831	0.00277	0.01107	0.00738	0.00369	0.00923
31	0.02221	0.71304	0.04353	0.01421	0.02132	0.03287	0.01421	0.02488	0.01688	0.01955	0.01155	0.01333	0.01066	0.00711	0.00533	0.00178	0.00888	0.00444	0.00355	0.01066
32	0.76672	0.01607	0.01221	0.01092	0.01607	0.01864	0.00900	0.02442	0.01414	0.03727	0.01157	0.01350	0.00900	0.00771	0.00514	0.00257	0.00643	0.00450	0.00514	0.00900
33	0.01187	0.00890	0.01335	0.01335	0.01483	0.01038	0.01038	0.01483	0.01335	0.01928	0.02225	0.03264	0.02077	0.06231	0.67512	0.01335	0.02225	0.00890	0.00445	0.00742
34	0.01198	0.00844	0.01099	0.01099	0.01166	0.00910	0.00744	0.01332	0.01265	0.01754	0.02441	0.04458	0.02595	0.41724	0.32728	0.01044	0.01445	0.01065	0.00477	0.00611
35	0.01012	0.00723	0.00964	0.01157	0.01205	0.00675	0.00771	0.01157	0.01591	0.02121	0.04579	0.70262	0.05495	0.02603	0.01060	0.00337	0.00482	0.02362	0.00771	0.00675
36	0.76672	0.01607	0.01221	0.01092	0.01607	0.01864	0.00900	0.02442	0.01414	0.03727	0.01157	0.01350	0.00900	0.00771	0.00514	0.00257	0.00643	0.00450	0.00514	0.00900
37	0.03158	0.02327	0.02493	0.01911	0.02576	0.02576	0.01579	0.62852	0.03906	0.05236	0.01995	0.01995	0.01413	0.00997	0.00831	0.00249	0.00914	0.00748	0.00831	0.01413
38	0.01148	0.00848	0.01072	0.01016	0.01224	0.00772	0.00762	0.01514	0.02286	0.03177	0.57112	0.06460	0.16007	0.01756	0.00980	0.00264	0.00396	0.01538	0.00894	0.00772
39	0.01012	0.00723	0.00964	0.01157	0.01205	0.00675	0.00771	0.01157	0.01591	0.02121	0.04579	0.70262	0.05495	0.02603	0.01060	0.00337	0.00482	0.02362	0.00771	0.00675
