[name]
unknown

[dist]
# distance from previous block
# <min> <max>
0	4

[block]
# block no. 0 follows, 20 sequences, length 20
# corresponding to MSA columns:
# 4-23
name=unknown_A
#
# <colnr> <probs for GDERKNQSTAVLIFYWHMCP>
#	G	D	E	R	K	N	Q	S	T	A	V	L	I	F	Y	W	H	M	C	P
0	0.08256	0.01181	0.01649	0.15353	0.02679	0.01288	0.01577	0.01965	0.01905	0.02650	0.03662	0.07488	0.03836	0.01940	0.01074	0.00366	0.00867	0.40723	0.00692	0.00851
1	0.01492	0.01192	0.01810	0.02433	0.20180	0.01186	0.01385	0.01820	0.01802	0.02589	0.07057	0.29135	0.03754	0.02350	0.08905	0.00431	0.00873	0.01527	0.09139	0.00940
2	0.02189	0.02164	0.03400	0.10037	0.55440	0.06123	0.02594	0.02693	0.01998	0.02755	0.01615	0.02135	0.01348	0.00792	0.00859	0.00259	0.01080	0.00763	0.00429	0.01326
3	0.02518	0.10545	0.02475	0.02145	0.08865	0.28719	0.01527	0.09884	0.02427	0.02670	0.03211	0.03279	0.15825	0.01194	0.00837	0.00245	0.01100	0.00901	0.00576	0.01058
4	0.02167	0.02173	0.03582	0.09889	0.49719	0.05487	0.08812	0.02697	0.02001	0.02757	0.01631	0.02161	0.01344	0.00787	0.00878	0.00263	0.01121	0.00792	0.00430	0.01307
5	0.02159	0.02073	0.03541	0.05354	0.63903	0.02073	0.02677	0.02677	0.01986	0.02850	0.01641	0.02159	0.01382	0.00777	0.00864	0.00259	0.01036	0.00777	0.00432	0.01382
6	0.01973	0.01588	0.02393	0.20192	0.23294	0.01718	0.01889	0.08201	0.02054	0.02989	0.01962	0.02498	0.01557	0.00999	0.00925	0.03824	0.00889	0.00786	0.19182	0.01089
7	0.14967	0.01528	0.02192	0.34605	0.12494	0.01743	0.01873	0.02176	0.01775	0.02644	0.02818	0.03234	0.12420	0.01089	0.00839	0.00283	0.00927	0.00913	0.00498	0.00981
8	0.01043	0.00884	0.00900	0.00896	0.01186	0.00742	0.00672	0.01275	0.02017	0.02424	0.12087	0.08283	0.60257	0.02184	0.01031	0.00293	0.00440	0.01825	0.00819	0.00742
9	0.06842	0.01835	0.03415	0.02591	0.03219	0.01753	0.32542	0.05686	0.02089	0.10058	0.02666	0.18155	0.02463	0.01272	0.00992	0.00302	0.01078	0.01308	0.00633	0.01102
10	0.02159	0.02073	0.03541	0.05354	0.63903	0.02073	0.02677	0.02677	0.01986	0.02850	0.01641	0.02159	0.01382	0.00777	0.00864	0.00259	0.01036	0.00777	0.00432	0.01382
11	0.01966	0.01079	0.01254	0.01100	0.01518	0.00913	0.00864	0.02225	0.02153	0.22520	0.07086	0.06634	0.43633	0.01843	0.00981	0.00287	0.00539	0.01528	0.00897	0.00979
12	0.01031	0.00884	0.00884	0.00884	0.01178	0.00736	0.00663	0.01252	0.01988	0.02356	0.08837	0.08395	0.63549	0.02209	0.01031	0.00295	0.00442	0.01841	0.00810	0.00736
13	0.02082	0.02233	0.04466	0.04131	0.23666	0.02193	0.38106	0.02711	0.01989	0.02767	0.01685	0.02261	0.01331	0.00800	0.01094	0.00288	0.05604	0.00930	0.00434	0.01229
14	0.01167	0.00828	0.01066	0.01124	0.01230	0.00778	0.00770	0.01402	0.01937	0.02669	0.28831	0.32763	0.06373	0.13061	0.01614	0.00400	0.00521	0.01910	0.00827	0.00727
15	0.01063	0.00759	0.01012	0.01215	0.01265	0.00709	0.00810	0.01215	0.01670	0.02227	0.04808	0.68775	0.05769	0.02733	0.01113	0.00354	0.00506	0.02480	0.00810	0.00709
16	0.01750	0.04512	0.64825	0.02486	0.03775	0.02026	0.03223	0.02762	0.01842	0.02762	0.01565	0.01842	0.01105	0.00829	0.00829	0.00276	0.01289	0.00645	0.00368	0.01289
17	0.09228	0.02946	0.02603	0.06821	0.13438	0.27905	0.01833	0.18878	0.02700	0.03336	0.01604	0.01852	0.01254	0.00909	0.00808	0.00249	0.01208	0.00666	0.00566	0.01196
18	0.02924	0.08843	0.02892	0.02927	0.17224	0.45749	0.01906	0.03223	0.02301	0.02298	0.01407	0.01699	0.01185	0.00858	0.00787	0.00230	0.01395	0.00606	0.00439	0.01108
19	0.01888	0.20063	0.50488	0.02250	0.03410	0.02365	0.02811	0.02727	0.01825	0.02593	0.01481	0.01736	0.01108	0.00809	0.00765	0.00255	0.01204	0.00602	0.00369	0.01249

[dist]
# distance from previous block
# <min> <max>
0	2

[block]
# block no. 1 follows, 20 sequences, length 25
# corresponding to MSA columns:
# 26-50
name=unknown_B
#
# <colnr> <probs for GDERKNQSTAVLIFYWHMCP>
#	G	D	E	R	K	N	Q	S	T	A	V	L	I	F	Y	W	H	M	C	P
0	0.02473	0.47271	0.11430	0.01749	0.02527	0.09092	0.01741	0.10034	0.02139	0.02578	0.01379	0.01556	0.01164	0.00808	0.00653	0.00210	0.01040	0.00537	0.00442	0.01175
1	0.01782	0.08133	0.61487	0.02431	0.03690	0.02105	0.03127	0.02754	0.01838	0.02723	0.01546	0.01817	0.01106	0.00824	0.00814	0.00271	0.01269	0.00635	0.00369	0.01280
2	0.02041	0.17849	0.23983	0.03182	0.16953	0.02392	0.16206	0.02718	0.01909	0.02633	0.01551	0.01935	0.01221	0.00777	0.00824	0.00257	0.01197	0.00725	0.00401	0.01246
3	0.01960	0.01668	0.02246	0.02701	0.21925	0.01728	0.01622	0.09979	0.14717	0.03426	0.16598	0.04120	0.11002	0.01296	0.00927	0.00275	0.00743	0.01131	0.00744	0.01190
4	0.01083	0.00787	0.00987	0.01137	0.01215	0.00729	0.00755	0.01226	0.01665	0.02180	0.05116	0.52770	0.13456	0.10734	0.01505	0.00406	0.00538	0.02244	0.00776	0.00691
5	0.01620	0.01329	0.01401	0.01269	0.01656	0.01353	0.00983	0.09402	0.17851	0.03176	0.11705	0.06132	0.35209	0.01764	0.00975	0.00289	0.00566	0.01468	0.00851	0.01001
6	0.01906	0.05697	0.22367	0.01846	0.02678	0.01843	0.01883	0.03116	0.20018	0.03014	0.02265	0.02559	0.01786	0.00942	0.00796	0.00240	0.00887	0.03012	0.00585	0.22562
7	0.02111	0.02057	0.02125	0.01902	0.02085	0.15928	0.01503	0.02350	0.01860	0.06309	0.10456	0.10706	0.02789	0.01744	0.04358	0.00363	0.28777	0.01054	0.00577	0.00946
8	0.01031	0.00884	0.00884	0.00884	0.01178	0.00736	0.00663	0.01252	0.01988	0.02356	0.08837	0.08395	0.63549	0.02209	0.01031	0.00295	0.00442	0.01841	0.00810	0.00736
9	0.02613	0.03208	0.02012	0.01852	0.02256	0.46971	0.01389	0.02836	0.02332	0.02199	0.03519	0.03550	0.19219	0.01279	0.00857	0.00245	0.01245	0.00933	0.00554	0.00932
10	0.01781	0.08067	0.61547	0.02432	0.03692	0.02103	0.03129	0.02754	0.01838	0.02724	0.01546	0.01818	0.01106	0.00824	0.00814	0.00271	0.01270	0.00635	0.00369	0.01280
11	0.01113	0.00887	0.00998	0.00970	0.01229	0.00771	0.00728	0.01411	0.02183	0.02818	0.30911	0.07635	0.41187	0.02037	0.01030	0.00286	0.00430	0.01734	0.00871	0.00771
12	0.01820	0.12433	0.57522	0.02366	0.03589	0.02199	0.03013	0.02744	0.01833	0.02676	0.01523	0.01788	0.01107	0.00819	0.00796	0.00265	0.01246	0.00623	0.00369	0.01269
13	0.02059	0.02353	0.05147	0.03676	0.04559	0.02206	0.60735	0.02794	0.02059	0.02794	0.01765	0.02353	0.01324	0.00735	0.01029	0.00294	0.01471	0.01029	0.00441	0.01176
14	0.01031	0.00884	0.00884	0.00884	0.01178	0.00736	0.00663	0.01252	0.01988	0.02356	0.08837	0.08395	0.63549	0.02209	0.01031	0.00295	0.00442	0.01841	0.00810	0.00736
15	0.01268	0.00846	0.00951	0.00951	0.00951	0.00846	0.00529	0.01268	0.01268	0.01691	0.02748	0.05708	0.03171	0.69345	0.04440	0.00846	0.00846	0.01268	0.00529	0.00529
16	0.01157	0.00799	0.00984	0.01095	0.01122	0.00771	0.00681	0.01239	0.01487	0.01982	0.03868	0.40004	0.04584	0.33121	0.02631	0.00578	0.00661	0.01927	0.00681	0.00626
17	0.01903	0.03218	0.31794	0.06519	0.14185	0.02121	0.17477	0.02681	0.01880	0.02711	0.01597	0.02053	0.01213	0.00849	0.01034	0.00286	0.06065	0.00779	0.00399	0.01236
18	0.01626	0.00813	0.00813	0.00813	0.01016	0.00813	0.00610	0.02033	0.01829	0.03252	0.02846	0.03252	0.02236	0.01016	0.00610	0.00203	0.00407	0.00813	0.74187	0.00813
19	0.01197	0.00835	0.00953	0.00991	0.01041	0.00805	0.00599	0.01256	0.01443	0.01883	0.03973	0.17762	0.12014	0.47709	0.03352	0.00678	0.00727	0.01572	0.00620	0.00591
20	0.02460	0.02725	0.02809	0.17521	0.23204	0.26008	0.02144	0.03039	0.06974	0.02509	0.01665	0.02064	0.01340	0.00877	0.00838	0.00256	0.01238	0.00713	0.00465	0.01152
21	0.03258	0.04157	0.02472	0.02247	0.02697	0.65843	0.01685	0.03483	0.02472	0.02135	0.01348	0.01573	0.01124	0.00899	0.00787	0.00225	0.01573	0.00562	0.00449	0.01011
22	0.01938	0.25669	0.45320	0.02165	0.03278	0.02487	0.02663	0.02714	0.01819	0.02533	0.01451	0.01698	0.01110	0.00802	0.00742	0.00247	0.01174	0.00587	0.00370	0.01234
23	0.02853	0.03778	0.10245	0.02905	0.15223	0.45194	0.02073	0.03233	0.02297	0.02356	0.01434	0.01724	0.01174	0.00866	0.00807	0.00238	0.01430	0.00615	0.00436	0.01120
24	0.02157	0.24365	0.12551	0.03698	0.35429	0.02512	0.02371	0.02668	0.01897	0.02579	0.01492	0.01868	0.01258	0.00774	0.00760	0.00238	0.01039	0.00658	0.00404	0.01284

[dist]
# distance from previous block
# <min> <max>
0	1

[block]
# block no. 2 follows, 20 sequences, length 28
# corresponding to MSA columns:
# 52-79
name=unknown_C
#
# <colnr> <probs for GDERKNQSTAVLIFYWHMCP>
#	G	D	E	R	K	N	Q	S	T	A	V	L	I	F	Y	W	H	M	C	P
0	0.05347	0.01847	0.02824	0.03923	0.41813	0.01885	0.02102	0.08545	0.02138	0.03109	0.02354	0.02758	0.06337	0.01301	0.04983	0.00332	0.01008	0.00860	0.05288	0.01247
1	0.03002	0.03671	0.02721	0.02972	0.16977	0.50964	0.01917	0.03295	0.02359	0.02302	0.01417	0.01710	0.01184	0.00870	0.00804	0.00233	0.01448	0.00612	0.00445	0.01098
2	0.01976	0.01784	0.02832	0.44628	0.19075	0.02066	0.02386	0.09725	0.02097	0.02784	0.01640	0.02258	0.01254	0.00872	0.00870	0.00280	0.01108	0.00777	0.00459	0.01130
3	0.02277	0.02386	0.02925	0.26653	0.26526	0.16900	0.02315	0.04992	0.02096	0.02565	0.01558	0.02080	0.01247	0.00850	0.00849	0.00262	0.01204	0.00727	0.00437	0.01152
4	0.01145	0.00982	0.00992	0.00973	0.01287	0.00879	0.00734	0.01590	0.08011	0.02485	0.08309	0.07882	0.57472	0.02107	0.01017	0.00295	0.00467	0.01756	0.00818	0.00801
5	0.01031	0.00884	0.00884	0.00884	0.01178	0.00736	0.00663	0.01252	0.01988	0.02356	0.08837	0.08395	0.63549	0.02209	0.01031	0.00295	0.00442	0.01841	0.00810	0.00736
6	0.03089	0.03859	0.02551	0.02436	0.06321	0.57159	0.01762	0.03328	0.02355	0.02175	0.01350	0.01634	0.01141	0.00940	0.00951	0.00239	0.06648	0.00590	0.00443	0.01029
7	0.02082	0.01797	0.01888	0.01706	0.02184	0.02059	0.01325	0.04374	0.57670	0.03549	0.03958	0.03651	0.07362	0.01263	0.00899	0.00296	0.00671	0.01052	0.00882	0.01331
8	0.01246	0.00935	0.01402	0.01402	0.01558	0.01090	0.01090	0.01558	0.01402	0.02025	0.02336	0.03427	0.02181	0.06542	0.65888	0.01402	0.02336	0.00935	0.00467	0.00779
9	0.01143	0.00888	0.01040	0.01002	0.01247	0.00784	0.00751	0.01470	0.02254	0.02987	0.38992	0.07357	0.33000	0.01974	0.01030	0.00283	0.00425	0.01695	0.00893	0.00784
10	0.01031	0.00884	0.00884	0.00884	0.01178	0.00736	0.00663	0.01252	0.01988	0.02356	0.08837	0.08395	0.63549	0.02209	0.01031	0.00295	0.00442	0.01841	0.00810	0.00736
11	0.01809	0.01550	0.01809	0.01292	0.02067	0.01163	0.01034	0.02196	0.01809	0.02842	0.01550	0.01809	0.01292	0.00646	0.00646	0.00129	0.00646	0.00517	0.00517	0.74677
12	0.01248	0.00928	0.01367	0.01367	0.01510	0.01071	0.01046	0.01535	0.01391	0.01999	0.02369	0.03605	0.02258	0.11449	0.61086	0.01358	0.02220	0.00961	0.00472	0.00759
13	0.01231	0.00916	0.01161	0.01170	0.01394	0.00847	0.00924	0.01599	0.02258	0.03046	0.38010	0.07694	0.19370	0.02021	0.01070	0.00308	0.00509	0.14781	0.00891	0.00800
14	0.03271	0.03789	0.02503	0.02196	0.02698	0.52275	0.01679	0.15842	0.02822	0.02857	0.01509	0.01685	0.01201	0.00931	0.00805	0.00233	0.01441	0.00610	0.00540	0.01113
15	0.01142	0.00873	0.01060	0.01187	0.01325	0.00829	0.00823	0.01490	0.06478	0.02366	0.05575	0.50680	0.17943	0.02499	0.01078	0.00337	0.00507	0.02226	0.00816	0.00767
16	0.01063	0.00759	0.01012	0.01215	0.01265	0.00709	0.00810	0.01215	0.01670	0.02227	0.04808	0.68775	0.05769	0.02733	0.01113	0.00354	0.00506	0.02480	0.00810	0.00709
17	0.01081	0.00773	0.01029	0.01202	0.01269	0.00721	0.00811	0.01261	0.01755	0.02362	0.11050	0.62147	0.06031	0.02632	0.01104	0.00346	0.00496	0.02384	0.00826	0.00721
18	0.01799	0.10091	0.59682	0.02401	0.03644	0.02147	0.03075	0.02750	0.01836	0.02702	0.01535	0.01804	0.01106	0.00822	0.00806	0.00269	0.01259	0.00629	0.00369	0.01275
19	0.01680	0.01584	0.02676	0.63242	0.09755	0.01947	0.02439	0.02258	0.01760	0.02269	0.01556	0.02315	0.01177	0.00866	0.00872	0.00289	0.01155	0.00775	0.00390	0.00996
20	0.01197	0.00935	0.01095	0.01103	0.01326	0.00872	0.00808	0.01642	0.06793	0.02817	0.26153	0.21412	0.26425	0.02105	0.01038	0.00302	0.00466	0.01833	0.00867	0.00810
21	0.10038	0.23956	0.02692	0.01651	0.02078	0.19033	0.01358	0.02471	0.01869	0.02316	0.02081	0.17176	0.02187	0.01316	0.00924	0.00260	0.06131	0.00984	0.00513	0.00964
22	0.02705	0.06493	0.02306	0.02004	0.05083	0.32838	0.01446	0.13445	0.02431	0.02678	0.01818	0.02649	0.01678	0.16851	0.01644	0.00376	0.01232	0.00772	0.00541	0.01008
23	0.35397	0.09002	0.06758	0.01443	0.01944	0.01936	0.01294	0.02297	0.01528	0.02994	0.01514	0.01973	0.01296	0.02187	0.15967	0.00527	0.06313	0.00617	0.00478	0.04536
24	0.02570	0.44091	0.03718	0.01691	0.02344	0.13163	0.01525	0.12105	0.02237	0.02620	0.01448	0.01668	0.01246	0.01188	0.04802	0.00282	0.01129	0.00563	0.00472	0.01139
25	0.31859	0.02262	0.12474	0.01834	0.06221	0.04904	0.01589	0.03206	0.04598	0.20259	0.02025	0.02053	0.01419	0.00906	0.00730	0.00269	0.00865	0.00660	0.00664	0.01202
26	0.09812	0.17575	0.03080	0.03158	0.29522	0.02170	0.01876	0.02409	0.01757	0.02600	0.01645	0.02175	0.01446	0.02012	0.14731	0.00489	0.01253	0.00706	0.00437	0.01145
27	0.02439	0.11214	0.02234	0.01726	0.02159	0.37318	0.01341	0.02677	0.02250	0.02240	0.05858	0.03661	0.18940	0.01283	0.00837	0.00242	0.01131	0.00949	0.00561	0.00940

[dist]
# distance from previous block
# <min> <max>
0	8

[block]
# block no. 3 follows, 20 sequences, length 69
# corresponding to MSA columns:
# 88-156
name=unknown_D
#
# <colnr> <probs for GDERKNQSTAVLIFYWHMCP>
#	G	D	E	R	K	N	Q	S	T	A	V	L	I	F	Y	W	H	M	C	P
0	0.01733	0.01190	0.01487	0.01348	0.01555	0.01326	0.01059	0.01987	0.01762	0.09516	0.04130	0.08365	0.18132	0.05590	0.04450	0.00378	0.17644	0.01207	0.16261	0.00882
1	0.02155	0.01711	0.01879	0.01509	0.02101	0.01678	0.01217	0.21123	0.09498	0.03676	0.03589	0.03808	0.14362	0.01242	0.00853	0.00238	0.00718	0.03808	0.00747	0.24089
2	0.01794	0.01737	0.01437	0.04817	0.01688	0.17746	0.00943	0.01891	0.01626	0.01862	0.02425	0.07618	0.02664	0.44631	0.03137	0.00631	0.01034	0.01120	0.00515	0.00686
3	0.01997	0.01907	0.03247	0.24997	0.45530	0.02030	0.02596	0.02535	0.01909	0.02653	0.01612	0.02212	0.01312	0.00807	0.00866	0.00269	0.01076	0.00777	0.00418	0.01251
4	0.01642	0.06463	0.45658	0.02082	0.03067	0.01777	0.02524	0.02466	0.02001	0.02922	0.17591	0.03034	0.02953	0.01073	0.00869	0.00272	0.01046	0.00879	0.00522	0.01161
5	0.06641	0.06295	0.03085	0.11161	0.39018	0.09329	0.02242	0.02618	0.01951	0.02676	0.01741	0.06136	0.01556	0.00923	0.00833	0.00261	0.01051	0.00820	0.00455	0.01209
6	0.01055	0.00790	0.00980	0.01131	0.01243	0.00716	0.00773	0.01224	0.01750	0.02259	0.05820	0.53605	0.20286	0.02601	0.01093	0.00339	0.00490	0.02319	0.00810	0.00716
7	0.01131	0.00817	0.01084	0.01274	0.01370	0.00770	0.00922	0.01337	0.01758	0.02313	0.05017	0.53071	0.09172	0.02635	0.01127	0.00360	0.00563	0.13742	0.00808	0.00729
8	0.02391	0.02170	0.05400	0.01816	0.02385	0.04781	0.01501	0.18808	0.36384	0.03908	0.03432	0.03252	0.07451	0.01206	0.00889	0.00283	0.00807	0.00972	0.00832	0.01332
9	0.01667	0.01577	0.02620	0.62356	0.05728	0.01993	0.02384	0.02219	0.01713	0.02219	0.01520	0.02294	0.01161	0.00921	0.01022	0.00298	0.06177	0.00774	0.00387	0.00968
10	0.01166	0.00941	0.01044	0.01009	0.01283	0.00846	0.00759	0.01579	0.05495	0.02833	0.27903	0.07444	0.40572	0.02001	0.01022	0.00287	0.00445	0.01700	0.00868	0.00803
11	0.01063	0.00759	0.01012	0.01215	0.01265	0.00709	0.00810	0.01215	0.01670	0.02227	0.04808	0.68775	0.05769	0.02733	0.01113	0.00354	0.00506	0.02480	0.00810	0.00709
12	0.01883	0.01587	0.01728	0.01630	0.02044	0.01771	0.01293	0.03681	0.43489	0.03292	0.04425	0.05125	0.10911	0.01541	0.00964	0.00315	0.00679	0.11588	0.00862	0.01192
13	0.01268	0.00846	0.00951	0.00951	0.00951	0.00846	0.00529	0.01268	0.01268	0.01691	0.02748	0.05708	0.03171	0.69345	0.04440	0.00846	0.00846	0.01268	0.00529	0.00529
14	0.01160	0.00789	0.00981	0.01109	0.01154	0.00757	0.00711	0.01281	0.01557	0.02126	0.04056	0.45408	0.04755	0.23050	0.02102	0.00496	0.00604	0.02006	0.05238	0.00660
15	0.02795	0.02018	0.02168	0.01719	0.02244	0.02210	0.01364	0.45217	0.03385	0.04585	0.02274	0.02901	0.01873	0.14939	0.01582	0.00377	0.00903	0.00885	0.05313	0.01248
16	0.03110	0.02244	0.02397	0.01861	0.02499	0.02474	0.01530	0.53794	0.03824	0.05223	0.02186	0.02236	0.01575	0.01043	0.00841	0.00255	0.00892	0.00789	0.09826	0.01402
17	0.01090	0.00860	0.00983	0.01006	0.01228	0.00753	0.00734	0.01346	0.02048	0.02625	0.22133	0.20192	0.37494	0.02206	0.01047	0.00301	0.00447	0.01903	0.00849	0.00753
18	0.01048	0.00817	0.00953	0.01061	0.01225	0.00721	0.00742	0.01232	0.01817	0.02287	0.06672	0.40839	0.32502	0.02491	0.01075	0.00327	0.00476	0.02184	0.00810	0.00721
19	0.01780	0.01686	0.02856	0.51203	0.21016	0.01973	0.02488	0.02345	0.01807	0.02390	0.01574	0.02282	0.01220	0.00847	0.00870	0.00282	0.01130	0.00776	0.00399	0.01076
20	0.01031	0.00884	0.00884	0.00884	0.01178	0.00736	0.00663	0.01252	0.01988	0.02356	0.08837	0.08395	0.63549	0.02209	0.01031	0.00295	0.00442	0.01841	0.00810	0.00736
21	0.03258	0.04157	0.02472	0.02247	0.02697	0.65843	0.01685	0.03483	0.02472	0.02135	0.01348	0.01573	0.01124	0.00899	0.00787	0.00225	0.01573	0.00562	0.00449	0.01011
22	0.02131	0.02044	0.03489	0.08776	0.60702	0.02065	0.02663	0.02652	0.01973	0.02815	0.01636	0.02168	0.01370	0.00782	0.00864	0.00261	0.01043	0.00777	0.00429	0.01359
23	0.03066	0.11920	0.02818	0.02374	0.07251	0.49536	0.01735	0.06854	0.02450	0.02385	0.01400	0.01628	0.01165	0.00880	0.00770	0.00225	0.01417	0.00580	0.00465	0.01081
24	0.01246	0.00935	0.01402	0.01402	0.01558	0.01090	0.01090	0.01558	0.01402	0.02025	0.02336	0.03427	0.02181	0.06542	0.65888	0.01402	0.02336	0.00935	0.00467	0.00779
25	0.03502	0.02145	0.02433	0.01865	0.02556	0.02262	0.01541	0.43316	0.03601	0.23882	0.02514	0.02367	0.01694	0.01057	0.00874	0.00264	0.00892	0.00814	0.00937	0.01484
26	0.01493	0.01297	0.01875	0.01733	0.01831	0.01680	0.01395	0.01759	0.01377	0.02053	0.01892	0.02861	0.01795	0.04673	0.42401	0.01022	0.26712	0.00871	0.00435	0.00844
27	0.01058	0.00776	0.00995	0.01169	0.01253	0.00712	0.00790	0.01220	0.01714	0.02245	0.05360	0.60496	0.13692	0.02661	0.01102	0.00346	0.00497	0.02392	0.00810	0.00712
28	0.01108	0.00887	0.00990	0.00964	0.01225	0.00769	0.00723	0.01401	0.02170	0.02787	0.29437	0.07686	0.42680	0.02048	0.01030	0.00287	0.00430	0.01742	0.00867	0.00769
29	0.01104	0.00887	0.00985	0.00960	0.01223	0.00767	0.00720	0.01393	0.02160	0.02765	0.28395	0.07722	0.43736	0.02057	0.01030	0.00287	0.00431	0.01747	0.00864	0.00767
30	0.03189	0.02321	0.02482	0.01917	0.02578	0.02563	0.01579	0.56554	0.03930	0.05328	0.02151	0.02181	0.01540	0.01045	0.00853	0.00257	0.00918	0.00787	0.06394	0.01433
31	0.01246	0.00935	0.01402	0.01402	0.01558	0.01090	0.01090	0.01558	0.01402	0.02025	0.02336	0.03427	0.02181	0.06542	0.65888	0.01402	0.02336	0.00935	0.00467	0.00779
32	0.01263	0.00869	0.01068	0.01068	0.01109	0.00909	0.00674	0.01343	0.01303	0.01778	0.02642	0.05117	0.02914	0.53064	0.20369	0.00990	0.01232	0.01182	0.00513	0.00593
33	0.01235	0.00892	0.01166	0.01097	0.01303	0.00823	0.00823	0.01646	0.02469	0.03498	0.63443	0.06516	0.08230	0.01783	0.01029	0.00274	0.00412	0.01578	0.00960	0.00823
34	0.03258	0.04157	0.02472	0.02247	0.02697	0.65843	0.01685	0.03483	0.02472	0.02135	0.01348	0.01573	0.01124	0.00899	0.00787	0.00225	0.01573	0.00562	0.00449	0.01011
35	0.01063	0.00759	0.01012	0.01215	0.01265	0.00709	0.00810	0.01215	0.01670	0.02227	0.04808	0.68775	0.05769	0.02733	0.01113	0.00354	0.00506	0.02480	0.00810	0.00709
36	0.01064	0.00857	0.00931	0.00966	0.01189	0.00743	0.00693	0.01270	0.01911	0.02360	0.11041	0.20034	0.45008	0.06416	0.01257	0.00339	0.00477	0.01916	0.00802	0.00723
37	0.10168	0.04190	0.57572	0.02333	0.03537	0.02018	0.02963	0.02740	0.01801	0.02894	0.01525	0.01793	0.01087	0.00827	0.00796	0.00276	0.01219	0.00625	0.00388	0.01250
38	0.02362	0.03026	0.20009	0.02768	0.03635	0.05936	0.23455	0.17873	0.02513	0.03409	0.01738	0.02081	0.01285	0.00895	0.01027	0.00282	0.05088	0.00822	0.00531	0.01264
39	0.02159	0.02073	0.03541	0.05354	0.63903	0.02073	0.02677	0.02677	0.01986	0.02850	0.01641	0.02159	0.01382	0.00777	0.00864	0.00259	0.01036	0.00777	0.00432	0.01382
40	0.01572	0.01301	0.01753	0.01599	0.01694	0.01615	0.01235	0.04807	0.01490	0.02146	0.02052	0.03465	0.02072	0.20939	0.26495	0.00873	0.22650	0.00959	0.00477	0.00807
41	0.01418	0.01187	0.01731	0.01632	0.01748	0.01500	0.01302	0.01698	0.01385	0.02044	0.02028	0.03033	0.01912	0.05242	0.49549	0.01137	0.19294	0.00890	0.00445	0.00824
42	0.01100	0.00822	0.01023	0.01109	0.01255	0.00744	0.00780	0.01335	0.01949	0.02585	0.20887	0.38871	0.19620	0.02368	0.01073	0.00320	0.00467	0.02100	0.00849	0.00744
43	0.01172	0.00889	0.01079	0.01031	0.01265	0.00796	0.00773	0.01524	0.02320	0.03145	0.46550	0.07097	0.25344	0.01915	0.01029	0.00281	0.00421	0.01659	0.00914	0.00796
44	0.02221	0.02212	0.03548	0.05089	0.57493	0.05966	0.05238	0.02731	0.02019	0.02804	0.01629	0.02132	0.01363	0.00783	0.00866	0.00259	0.01089	0.00775	0.00433	0.01350
45	0.01040	0.00884	0.00897	0.00894	0.01184	0.00740	0.00670	0.01270	0.02011	0.02410	0.11382	0.08307	0.60971	0.02189	0.01031	0.00294	0.00440	0.01829	0.00817	0.00740
46	0.01122	0.00887	0.01010	0.00979	0.01234	0.00775	0.00735	0.01428	0.02204	0.02868	0.33298	0.07553	0.38769	0.02018	0.01030	0.00286	0.00428	0.01723	0.00877	0.00775
47	0.01934	0.21014	0.42573	0.02367	0.03471	0.02412	0.09344	0.02727	0.01849	0.02584	0.01498	0.01787	0.01134	0.00797	0.00783	0.00255	0.01219	0.00643	0.00378	0.01233
48	0.01700	0.01602	0.02272	0.02010	0.02059	0.02173	0.01651	0.01929	0.01357	0.02076	0.01520	0.02387	0.01471	0.03107	0.22720	0.00703	0.47139	0.00817	0.00409	0.00899
49	0.01063	0.00759	0.01012	0.01215	0.01265	0.00709	0.00810	0.01215	0.01670	0.02227	0.04808	0.68775	0.05769	0.02733	0.01113	0.00354	0.00506	0.02480	0.00810	0.00709
50	0.02159	0.02073	0.03541	0.05354	0.63903	0.02073	0.02677	0.02677	0.01986	0.02850	0.01641	0.02159	0.01382	0.00777	0.00864	0.00259	0.01036	0.00777	0.00432	0.01382
51	0.02444	0.02613	0.03264	0.04549	0.48036	0.18604	0.02420	0.02886	0.02112	0.02664	0.01565	0.02007	0.01315	0.00809	0.00844	0.00250	0.01175	0.00721	0.00436	0.01286
52	0.01264	0.01079	0.01112	0.01082	0.01404	0.01027	0.00816	0.01938	0.14247	0.02613	0.07559	0.10375	0.48267	0.02027	0.01006	0.00298	0.00496	0.01699	0.00826	0.00866
53	0.01054	0.00885	0.00916	0.00908	0.01192	0.00746	0.00681	0.01297	0.02043	0.02487	0.15069	0.08180	0.57235	0.02161	0.01031	0.00292	0.00438	0.01811	0.00827	0.00746
54	0.01039	0.00851	0.00917	0.00969	0.01201	0.00729	0.00701	0.01242	0.01906	0.02323	0.07792	0.24048	0.48571	0.02345	0.01052	0.00310	0.00458	0.02007	0.00810	0.00729
55	0.01601	0.01388	0.01852	0.01599	0.01849	0.01575	0.01267	0.01859	0.01471	0.02221	0.01808	0.02795	0.01741	0.10620	0.22327	0.00691	0.22156	0.00811	0.00460	0.19909
56	0.01059	0.00774	0.00996	0.01174	0.01254	0.00712	0.00792	0.01219	0.01709	0.02243	0.05303	0.61350	0.12875	0.02668	0.01103	0.00347	0.00498	0.02401	0.00810	0.00712
57	0.01059	0.00773	0.00997	0.01177	0.01255	0.00712	0.00793	0.01219	0.01706	0.02242	0.05268	0.61884	0.12364	0.02673	0.01104	0.00347	0.00499	0.02407	0.00810	0.00712
58	0.02159	0.02073	0.03541	0.05354	0.63903	0.02073	0.02677	0.02677	0.01986	0.02850	0.01641	0.02159	0.01382	0.00777	0.00864	0.00259	0.01036	0.00777	0.00432	0.01382
59	0.75506	0.01687	0.01282	0.01147	0.01687	0.01957	0.00945	0.02564	0.01484	0.03914	0.01215	0.01417	0.00945	0.00810	0.00540	0.00270	0.00675	0.00472	0.00540	0.00945
60	0.01063	0.00759	0.01012	0.01215	0.01265	0.00709	0.00810	0.01215	0.01670	0.02227	0.04808	0.68775	0.05769	0.02733	0.01113	0.00354	0.00506	0.02480	0.00810	0.00709
61	0.01056	0.00786	0.00985	0.01144	0.01247	0.00714	0.00778	0.01223	0.01738	0.02254	0.05667	0.55892	0.18097	0.02621	0.01096	0.00342	0.00492	0.02343	0.00810	0.00714
62	0.01268	0.00846	0.00951	0.00951	0.00951	0.00846	0.00529	0.01268	0.01268	0.01691	0.02748	0.05708	0.03171	0.69345	0.04440	0.00846	0.00846	0.01268	0.00529	0.00529
63	0.02793	0.02034	0.02241	0.01774	0.02333	0.02215	0.01438	0.45612	0.03605	0.04870	0.14543	0.03025	0.02858	0.01307	0.01045	0.04376	0.00837	0.00945	0.00863	0.01288
64	0.02200	0.01993	0.02826	0.23898	0.26274	0.05436	0.02194	0.13198	0.02270	0.03014	0.01763	0.02436	0.01452	0.06027	0.01133	0.00312	0.01077	0.00804	0.00507	0.01185
65	0.15330	0.07184	0.01950	0.01546	0.02007	0.16664	0.01226	0.02971	0.09100	0.11049	0.11809	0.03181	0.06385	0.01443	0.04254	0.00318	0.00949	0.00883	0.00694	0.01055
66	0.01812	0.01264	0.01548	0.08783	0.02059	0.01361	0.01133	0.13860	0.02373	0.03445	0.18194	0.03899	0.03555	0.05228	0.08065	0.00406	0.00838	0.01037	0.20188	0.00952
67	0.01099	0.00810	0.00966	0.01072	0.01174	0.00746	0.00711	0.01236	0.01665	0.02144	0.05405	0.39418	0.20183	0.17071	0.01815	0.00446	0.00563	0.02051	0.00749	0.00677
68	0.01595	0.01408	0.02011	0.04751	0.02066	0.01847	0.01501	0.01869	0.01413	0.02144	0.01779	0.02661	0.01657	0.03615	0.29644	0.00804	0.32566	0.00840	0.04959	0.00871

[dist]
# distance from previous block
# <min> <max>
0	23

[block]
# block no. 4 follows, 20 sequences, length 101
# corresponding to MSA columns:
# 180-280
name=unknown_E
#
# <colnr> <probs for GDERKNQSTAVLIFYWHMCP>
#	G	D	E	R	K	N	Q	S	T	A	V	L	I	F	Y	W	H	M	C	P
0	0.02913	0.08143	0.02656	0.02205	0.02581	0.48397	0.01719	0.03135	0.02187	0.02122	0.01297	0.01631	0.01128	0.01020	0.01205	0.00255	0.15373	0.00597	0.00430	0.01007
1	0.01996	0.04201	0.49967	0.02332	0.03406	0.12707	0.02786	0.02834	0.01947	0.02690	0.01616	0.01892	0.01185	0.00853	0.00807	0.00263	0.01277	0.00642	0.05388	0.01210
2	0.01087	0.00784	0.01030	0.01183	0.01267	0.00727	0.00805	0.01281	0.01804	0.02423	0.13779	0.56835	0.08625	0.02568	0.01097	0.00340	0.00489	0.02317	0.00832	0.00727
3	0.02383	0.20235	0.22483	0.09214	0.03281	0.23520	0.02198	0.02906	0.02023	0.02321	0.01405	0.01696	0.01121	0.00836	0.00753	0.00239	0.01281	0.00587	0.00398	0.01120
4	0.03007	0.03780	0.03032	0.02546	0.03086	0.52530	0.14038	0.03339	0.02385	0.02273	0.01435	0.01736	0.01165	0.00865	0.00837	0.00239	0.01552	0.00660	0.00448	0.01046
5	0.01076	0.00880	0.00950	0.00943	0.01209	0.00754	0.00703	0.01336	0.02080	0.02599	0.20522	0.10400	0.49239	0.02138	0.01034	0.00293	0.00438	0.01809	0.00843	0.00754
6	0.02159	0.02073	0.03541	0.05354	0.63903	0.02073	0.02677	0.02677	0.01986	0.02850	0.01641	0.02159	0.01382	0.00777	0.00864	0.00259	0.01036	0.00777	0.00432	0.01382
7	0.01844	0.02813	0.23415	0.21267	0.04719	0.02073	0.25958	0.02624	0.01901	0.02624	0.01641	0.02183	0.01209	0.00804	0.00921	0.00287	0.01326	0.00835	0.00403	0.01154
8	0.75506	0.01687	0.01282	0.01147	0.01687	0.01957	0.00945	0.02564	0.01484	0.03914	0.01215	0.01417	0.00945	0.00810	0.00540	0.00270	0.00675	0.00472	0.00540	0.00945
9	0.01201	0.00856	0.00932	0.00932	0.01015	0.00815	0.00566	0.01264	0.01472	0.01879	0.04469	0.06468	0.20237	0.50369	0.03476	0.00690	0.00732	0.01430	0.00608	0.00587
10	0.01951	0.02034	0.03371	0.02682	0.02931	0.02540	0.18536	0.02296	0.01540	0.02296	0.01320	0.02034	0.01195	0.01303	0.02344	0.00357	0.49015	0.00839	0.00398	0.01017
11	0.02924	0.17599	0.02964	0.02052	0.02556	0.35377	0.01664	0.12552	0.02466	0.02663	0.01419	0.01658	0.01184	0.00959	0.00978	0.00240	0.08544	0.00600	0.00495	0.01105
12	0.01249	0.00925	0.01353	0.01353	0.01492	0.01064	0.01029	0.01526	0.01387	0.01989	0.02381	0.03675	0.02289	0.13382	0.59196	0.01341	0.02174	0.00971	0.00474	0.00752
13	0.01326	0.00915	0.01179	0.01100	0.01331	0.00835	0.00829	0.01720	0.02435	0.05834	0.57034	0.06514	0.12072	0.01787	0.01023	0.00276	0.00427	0.01569	0.00954	0.00843
14	0.01040	0.00848	0.00920	0.00977	0.01203	0.00728	0.00704	0.01241	0.01898	0.02320	0.07698	0.25461	0.47218	0.02357	0.01054	0.00311	0.00460	0.02022	0.00810	0.00728
15	0.01063	0.00759	0.01012	0.01215	0.01265	0.00709	0.00810	0.01215	0.01670	0.02227	0.04808	0.68775	0.05769	0.02733	0.01113	0.00354	0.00506	0.02480	0.00810	0.00709
16	0.02159	0.02073	0.03541	0.05354	0.63903	0.02073	0.02677	0.02677	0.01986	0.02850	0.01641	0.02159	0.01382	0.00777	0.00864	0.00259	0.01036	0.00777	0.00432	0.01382
17	0.02963	0.02103	0.02241	0.01758	0.02352	0.02310	0.01439	0.48680	0.03627	0.05028	0.02251	0.02336	0.01641	0.01041	0.00818	0.00250	0.00844	0.00791	0.16185	0.01343
18	0.02159	0.02073	0.03541	0.05354	0.63903	0.02073	0.02677	0.02677	0.01986	0.02850	0.01641	0.02159	0.01382	0.00777	0.00864	0.00259	0.01036	0.00777	0.00432	0.01382
19	0.01070	0.00878	0.00942	0.00941	0.01206	0.00751	0.00700	0.01321	0.02058	0.02556	0.18515	0.11386	0.50331	0.02161	0.01035	0.00294	0.00440	0.01828	0.00837	0.00751
20	0.01268	0.00846	0.00951	0.00951	0.00951	0.00846	0.00529	0.01268	0.01268	0.01691	0.02748	0.05708	0.03171	0.69345	0.04440	0.00846	0.00846	0.01268	0.00529	0.00529
21	0.03258	0.04157	0.02472	0.02247	0.02697	0.65843	0.01685	0.03483	0.02472	0.02135	0.01348	0.01573	0.01124	0.00899	0.00787	0.00225	0.01573	0.00562	0.00449	0.01011
22	0.01149	0.00918	0.01048	0.01101	0.01363	0.00817	0.00882	0.01432	0.02023	0.02496	0.10908	0.08691	0.43700	0.02240	0.01080	0.00324	0.00542	0.17708	0.00817	0.00760
23	0.01097	0.00796	0.01036	0.01166	0.01267	0.00735	0.00802	0.01309	0.01862	0.02506	0.17553	0.51309	0.10344	0.02494	0.01090	0.00333	0.00481	0.02243	0.00842	0.00735
24	0.01547	0.01188	0.01365	0.01330	0.01625	0.01217	0.01007	0.02484	0.20331	0.05193	0.15920	0.19013	0.17169	0.01901	0.01009	0.00309	0.00558	0.04990	0.00870	0.00973
25	0.03258	0.04157	0.02472	0.02247	0.02697	0.65843	0.01685	0.03483	0.02472	0.02135	0.01348	0.01573	0.01124	0.00899	0.00787	0.00225	0.01573	0.00562	0.00449	0.01011
26	0.01261	0.00874	0.01095	0.01095	0.01144	0.00923	0.00707	0.01360	0.01311	0.01797	0.02617	0.04983	0.02856	0.49367	0.23986	0.01023	0.01320	0.01162	0.00509	0.00608
27	0.02070	0.02226	0.02637	0.02249	0.02471	0.15509	0.08099	0.02353	0.01666	0.02167	0.01501	0.02200	0.01374	0.02345	0.15248	0.00550	0.33175	0.00786	0.00420	0.00954
28	0.01268	0.00846	0.00951	0.00951	0.00951	0.00846	0.00529	0.01268	0.01268	0.01691	0.02748	0.05708	0.03171	0.69345	0.04440	0.00846	0.00846	0.01268	0.00529	0.00529
29	0.02407	0.33504	0.16393	0.01908	0.02649	0.20647	0.01885	0.02827	0.01962	0.02223	0.01392	0.01662	0.01181	0.01153	0.04584	0.00289	0.01272	0.00559	0.00399	0.01104
30	0.02060	0.01925	0.03051	0.04206	0.46425	0.01815	0.02213	0.02541	0.01936	0.02848	0.01615	0.02060	0.01356	0.00740	0.00802	0.00222	0.00926	0.00704	0.00456	0.22099
31	0.15769	0.01329	0.01468	0.01326	0.01604	0.01474	0.00992	0.12972	0.01879	0.02921	0.02145	0.03390	0.02053	0.21947	0.19979	0.05188	0.01243	0.00902	0.00570	0.00850
32	0.01186	0.00865	0.01016	0.01058	0.01269	0.00761	0.00763	0.01416	0.01970	0.04909	0.15572	0.29057	0.32439	0.02283	0.01054	0.00311	0.00471	0.01987	0.00843	0.00769
33	0.01936	0.01743	0.02204	0.02586	0.18240	0.05278	0.01619	0.05310	0.19416	0.02886	0.02881	0.03223	0.06185	0.02639	0.19257	0.00593	0.01290	0.00943	0.00619	0.01151
34	0.02211	0.08317	0.43600	0.02359	0.03379	0.20149	0.02685	0.02957	0.02016	0.02543	0.01483	0.01739	0.01111	0.00844	0.00801	0.00256	0.01348	0.00611	0.00392	0.01200
35	0.02877	0.03522	0.02528	0.02259	0.02582	0.47987	0.01748	0.03092	0.02151	0.02125	0.01291	0.01668	0.01130	0.01076	0.01373	0.00269	0.20278	0.00619	0.00430	0.00995
36	0.01809	0.01550	0.01809	0.01292	0.02067	0.01163	0.01034	0.02196	0.01809	0.02842	0.01550	0.01809	0.01292	0.00646	0.00646	0.00129	0.00646	0.00517	0.00517	0.74677
37	0.01246	0.00935	0.01402	0.01402	0.01558	0.01090	0.01090	0.01558	0.01402	0.02025	0.02336	0.03427	0.02181	0.06542	0.65888	0.01402	0.02336	0.00935	0.00467	0.00779
38	0.02159	0.02073	0.03541	0.05354	0.63903	0.02073	0.02677	0.02677	0.01986	0.02850	0.01641	0.02159	0.01382	0.00777	0.00864	0.00259	0.01036	0.00777	0.00432	0.01382
39	0.01249	0.00922	0.01339	0.01339	0.01474	0.01056	0.01012	0.01518	0.01383	0.01979	0.02394	0.03743	0.02318	0.15256	0.57362	0.01325	0.02130	0.00981	0.00476	0.00744
40	0.01878	0.40660	0.12481	0.01468	0.02167	0.02472	0.01515	0.02250	0.01844	0.02244	0.03420	0.03442	0.18763	0.01172	0.00733	0.00230	0.00847	0.00881	0.00496	0.01036
41	0.01056	0.00785	0.00985	0.01145	0.01247	0.00714	0.00779	0.01222	0.01737	0.02254	0.05650	0.56144	0.17856	0.02623	0.01096	0.00342	0.00493	0.02346	0.00810	0.00714
42	0.01031	0.00884	0.00884	0.00884	0.01178	0.00736	0.00663	0.01252	0.01988	0.02356	0.08837	0.08395	0.63549	0.02209	0.01031	0.00295	0.00442	0.01841	0.00810	0.00736
43	0.02159	0.02073	0.03541	0.05354	0.63903	0.02073	0.02677	0.02677	0.01986	0.02850	0.01641	0.02159	0.01382	0.00777	0.00864	0.00259	0.01036	0.00777	0.00432	0.01382
44	0.03258	0.04157	0.02472	0.02247	0.02697	0.65843	0.01685	0.03483	0.02472	0.02135	0.01348	0.01573	0.01124	0.00899	0.00787	0.00225	0.01573	0.00562	0.00449	0.01011
45	0.01063	0.00759	0.01012	0.01215	0.01265	0.00709	0.00810	0.01215	0.01670	0.02227	0.04808	0.68775	0.05769	0.02733	0.01113	0.00354	0.00506	0.02480	0.00810	0.00709
46	0.01396	0.00993	0.01374	0.01560	0.01747	0.00993	0.01344	0.01769	0.01956	0.02546	0.04487	0.09550	0.04890	0.07103	0.01432	0.00433	0.00806	0.54052	0.00784	0.00784
47	0.01063	0.00759	0.01012	0.01215	0.01265	0.00709	0.00810	0.01215	0.01670	0.02227	0.04808	0.68775	0.05769	0.02733	0.01113	0.00354	0.00506	0.02480	0.00810	0.00709
48	0.01031	0.00884	0.00884	0.00884	0.01178	0.00736	0.00663	0.01252	0.01988	0.02356	0.08837	0.08395	0.63549	0.02209	0.01031	0.00295	0.00442	0.01841	0.00810	0.00736
49	0.01097	0.00812	0.00963	0.01066	0.01175	0.00745	0.00709	0.01236	0.01676	0.02151	0.05516	0.38515	0.21558	0.16519	0.01786	0.00440	0.00559	0.02046	0.00751	0.00679
50	0.02247	0.01912	0.02016	0.01791	0.02298	0.02206	0.01399	0.08457	0.58379	0.03774	0.03452	0.03176	0.02583	0.01174	0.00887	0.00294	0.00709	0.00973	0.00887	0.01388
51	0.02159	0.02073	0.03541	0.05354	0.63903	0.02073	0.02677	0.02677	0.01986	0.02850	0.01641	0.02159	0.01382	0.00777	0.00864	0.00259	0.01036	0.00777	0.00432	0.01382
52	0.01750	0.04512	0.64825	0.02486	0.03775	0.02026	0.03223	0.02762	0.01842	0.02762	0.01565	0.01842	0.01105	0.00829	0.00829	0.00276	0.01289	0.00645	0.00368	0.01289
53	0.01054	0.00885	0.00916	0.00908	0.01192	0.00746	0.00681	0.01297	0.02043	0.02487	0.15071	0.08180	0.57233	0.02161	0.01031	0.00292	0.00438	0.01811	0.00827	0.00746
54	0.01221	0.01040	0.01095	0.01224	0.01355	0.05612	0.00845	0.01393	0.01796	0.02247	0.05383	0.51196	0.17407	0.02486	0.01072	0.00332	0.00573	0.02203	0.00783	0.00737
55	0.01264	0.00864	0.01046	0.01046	0.01078	0.00897	0.00646	0.01329	0.01296	0.01761	0.02662	0.05231	0.02964	0.56207	0.17294	0.00962	0.01158	0.01199	0.00516	0.00581
56	0.01260	0.00880	0.01128	0.01128	0.01189	0.00941	0.00749	0.01382	0.01321	0.01822	0.02587	0.04815	0.02783	0.44754	0.28500	0.01063	0.01429	0.01138	0.00505	0.00627
57	0.01253	0.00839	0.00956	0.00971	0.00975	0.00835	0.00550	0.01264	0.01299	0.01732	0.02903	0.10450	0.03367	0.64336	0.04190	0.00809	0.00820	0.01360	0.00550	0.00542
58	0.01908	0.01908	0.02672	0.02290	0.02290	0.02672	0.01908	0.02099	0.01336	0.02099	0.01145	0.01908	0.01145	0.01527	0.02863	0.00382	0.67748	0.00763	0.00382	0.00954
59	0.01043	0.00884	0.00901	0.00896	0.01186	0.00742	0.00672	0.01275	0.02017	0.02425	0.12100	0.08282	0.60244	0.02184	0.01031	0.00293	0.00440	0.01825	0.00819	0.00742
60	0.01063	0.00759	0.01012	0.01215	0.01265	0.00709	0.00810	0.01215	0.01670	0.02227	0.04808	0.68775	0.05769	0.02733	0.01113	0.00354	0.00506	0.02480	0.00810	0.00709
61	0.02052	0.01963	0.03347	0.18302	0.51792	0.02044	0.02624	0.02583	0.01936	0.02720	0.01622	0.02194	0.01336	0.00797	0.00865	0.00266	0.01063	0.00777	0.00423	0.01295
62	0.03258	0.04157	0.02472	0.02247	0.02697	0.65843	0.01685	0.03483	0.02472	0.02135	0.01348	0.01573	0.01124	0.00899	0.00787	0.00225	0.01573	0.00562	0.00449	0.01011
63	0.02233	0.01972	0.03328	0.11814	0.53047	0.02000	0.02546	0.02744	0.01997	0.07332	0.01764	0.02237	0.01415	0.00810	0.00865	0.00263	0.01028	0.00784	0.00475	0.01344
64	0.02260	0.02314	0.03287	0.11650	0.48845	0.11178	0.02507	0.02743	0.02029	0.02680	0.01589	0.02093	0.01321	0.00805	0.00853	0.00258	0.01127	0.00746	0.00429	0.01284
65	0.02910	0.03499	0.02776	0.02559	0.06929	0.45421	0.06140	0.05587	0.02319	0.02367	0.01402	0.01739	0.01174	0.00972	0.01101	0.00255	0.10685	0.00648	0.00456	0.01060
66	0.01031	0.00884	0.00884	0.00884	0.01178	0.00736	0.00663	0.01252	0.01988	0.02356	0.08837	0.08395	0.63549	0.02209	0.01031	0.00295	0.00442	0.01841	0.00810	0.00736
67	0.01268	0.00846	0.00951	0.00951	0.00951	0.00846	0.00529	0.01268	0.01268	0.01691	0.02748	0.05708	0.03171	0.69345	0.04440	0.00846	0.00846	0.01268	0.00529	0.00529
68	0.02145	0.02111	0.03763	0.05121	0.55669	0.02091	0.10732	0.02693	0.01996	0.02842	0.01658	0.02186	0.01374	0.00771	0.00887	0.00264	0.01097	0.00812	0.00433	0.01353
69	0.01837	0.03902	0.47957	0.02823	0.03997	0.02077	0.19479	0.02771	0.01903	0.02771	0.01622	0.01986	0.01167	0.00802	0.00885	0.00281	0.01340	0.00753	0.00389	0.01257
70	0.01108	0.00951	0.00957	0.00944	0.01252	0.00834	0.00711	0.01481	0.06080	0.02444	0.08478	0.08046	0.59420	0.02140	0.01021	0.00295	0.00459	0.01783	0.00815	0.00780
71	0.01063	0.00759	0.01012	0.01215	0.01265	0.00709	0.00810	0.01215	0.01670	0.02227	0.04808	0.68775	0.05769	0.02733	0.01113	0.00354	0.00506	0.02480	0.00810	0.00709
72	0.02315	0.01823	0.01850	0.05427	0.02219	0.06104	0.01268	0.27936	0.02915	0.03853	0.04029	0.04026	0.19095	0.01350	0.00872	0.00262	0.00785	0.01072	0.11690	0.01110
73	0.01882	0.03587	0.39266	0.02996	0.04111	0.02103	0.27855	0.02776	0.01935	0.02776	0.01651	0.02061	0.01199	0.00789	0.00915	0.00284	0.01367	0.00809	0.00400	0.01241
74	0.02480	0.06975	0.27261	0.02486	0.03459	0.01950	0.18195	0.03183	0.02082	0.20181	0.02129	0.02273	0.01463	0.00869	0.00881	0.00274	0.01163	0.00804	0.00589	0.01304
75	0.02240	0.02226	0.03462	0.05125	0.59387	0.06778	0.02604	0.02737	0.02022	0.02797	0.01619	0.02116	0.01363	0.00786	0.00858	0.00257	0.01076	0.00761	0.00433	0.01354
76	0.01805	0.01733	0.03010	0.07087	0.12142	0.01640	0.18803	0.02311	0.01819	0.02617	0.01791	0.02393	0.01492	0.01940	0.14454	0.00474	0.01333	0.00810	0.00463	0.21885
77	0.01487	0.01169	0.01377	0.01276	0.01568	0.01198	0.00971	0.02467	0.19360	0.03472	0.43251	0.05706	0.09963	0.01639	0.00989	0.00282	0.00492	0.01426	0.00931	0.00975
78	0.01908	0.01908	0.02672	0.02290	0.02290	0.02672	0.01908	0.02099	0.01336	0.02099	0.01145	0.01908	0.01145	0.01527	0.02863	0.00382	0.67748	0.00763	0.00382	0.00954
79	0.01876	0.01885	0.02848	0.02376	0.02483	0.02504	0.08255	0.02135	0.01419	0.02169	0.01300	0.02069	0.01241	0.01811	0.07314	0.00447	0.55703	0.00805	0.00394	0.00965
80	0.01180	0.00881	0.01096	0.01061	0.01274	0.00797	0.00789	0.01533	0.02313	0.03170	0.47909	0.11274	0.19630	0.01939	0.01035	0.00284	0.00424	0.01696	0.00918	0.00797
81	0.01031	0.00884	0.00884	0.00884	0.01178	0.00736	0.00663	0.01252	0.01988	0.02356	0.08837	0.08395	0.63549	0.02209	0.01031	0.00295	0.00442	0.01841	0.00810	0.00736
82	0.03258	0.04157	0.02472	0.02247	0.02697	0.65843	0.01685	0.03483	0.02472	0.02135	0.01348	0.01573	0.01124	0.00899	0.00787	0.00225	0.01573	0.00562	0.00449	0.01011
83	0.02066	0.10668	0.29303	0.03201	0.16464	0.06700	0.13954	0.02785	0.01951	0.02666	0.01566	0.01941	0.01209	0.00796	0.00843	0.00263	0.01252	0.00722	0.00402	0.01249
84	0.01194	0.00902	0.01122	0.01186	0.01397	0.00830	0.00931	0.01507	0.02080	0.02718	0.21952	0.16659	0.24405	0.02221	0.01090	0.00327	0.00542	0.17314	0.00849	0.00774
85	0.01202	0.00818	0.00971	0.01036	0.01053	0.00801	0.00619	0.01251	0.01398	0.01864	0.03414	0.26104	0.04011	0.47803	0.03364	0.00687	0.00736	0.01660	0.00619	0.00587
86	0.07557	0.46672	0.03755	0.01682	0.02331	0.20985	0.01510	0.02855	0.01951	0.02202	0.01251	0.01450	0.01109	0.00794	0.00622	0.00203	0.01096	0.00494	0.00406	0.01077
87	0.01079	0.00869	0.00941	0.00954	0.01190	0.00753	0.00692	0.01304	0.01971	0.02456	0.15561	0.14528	0.45487	0.06760	0.01271	0.00336	0.00472	0.01835	0.00812	0.00731
88	0.02835	0.01954	0.02557	0.02759	0.19752	0.02022	0.01769	0.19520	0.12560	0.17871	0.02822	0.02791	0.04637	0.01054	0.00881	0.00270	0.00864	0.00885	0.00795	0.01404
89	0.01246	0.00935	0.01402	0.01402	0.01558	0.01090	0.01090	0.01558	0.01402	0.02025	0.02336	0.03427	0.02181	0.06542	0.65888	0.01402	0.02336	0.00935	0.00467	0.00779
90	0.01061	0.00765	0.01006	0.01199	0.01261	0.00710	0.00803	0.01216	0.01685	0.02233	0.04992	0.66018	0.08407	0.02709	0.01110	0.00352	0.00503	0.02451	0.00810	0.00710
91	0.03039	0.16239	0.02968	0.02165	0.02687	0.51743	0.04024	0.03294	0.02326	0.02146	0.01340	0.01572	0.01131	0.00864	0.00754	0.00220	0.01450	0.00563	0.00435	0.01038
92	0.01687	0.27213	0.06837	0.01427	0.01896	0.01973	0.01314	0.02062	0.01862	0.02485	0.18460	0.03392	0.03350	0.02672	0.19171	0.00560	0.01212	0.00913	0.00559	0.00954
93	0.01307	0.00905	0.01157	0.01099	0.01323	0.00823	0.00822	0.01675	0.02359	0.05730	0.50610	0.10955	0.14205	0.01871	0.01029	0.00282	0.00435	0.01643	0.00937	0.00832
94	0.02166	0.01662	0.01838	0.01656	0.02074	0.01833	0.01273	0.15443	0.30611	0.06066	0.03597	0.21520	0.03274	0.01589	0.00948	0.00304	0.00697	0.01362	0.00870	0.01216
