[name]
unknown

[dist]
# distance from previous block
# <min> <max>
0	1

[block]
# block no. 0 follows, 21 sequences, length 62
# corresponding to MSA columns:
# 1-62
name=unknown_A
#
# <colnr> <probs for GDERKNQSTAVLIFYWHMCP>
#	G	D	E	R	K	N	Q	S	T	A	V	L	I	F	Y	W	H	M	C	P
0	0.01697	0.01294	0.01470	0.01390	0.01735	0.01314	0.01128	0.16101	0.05164	0.03151	0.05325	0.11916	0.24889	0.01935	0.01017	0.00314	0.00668	0.17748	0.00806	0.00938
1	0.02333	0.02207	0.02713	0.24213	0.03810	0.12059	0.08747	0.19387	0.02479	0.03127	0.01852	0.06572	0.01535	0.01038	0.00959	0.00274	0.04172	0.00866	0.00556	0.01100
2	0.02958	0.08996	0.02492	0.01996	0.02489	0.45844	0.01552	0.13133	0.02592	0.02650	0.01954	0.02086	0.05715	0.00981	0.00781	0.00227	0.01302	0.00667	0.00528	0.01054
3	0.03073	0.08334	0.02602	0.02268	0.05388	0.56523	0.01674	0.06069	0.02420	0.02263	0.01354	0.01573	0.01124	0.00869	0.00760	0.00220	0.01441	0.00562	0.00452	0.01032
4	0.02644	0.09705	0.22321	0.02204	0.02922	0.41220	0.02097	0.03108	0.02163	0.02267	0.01370	0.01602	0.01090	0.00843	0.00762	0.00232	0.01396	0.00566	0.00408	0.01080
5	0.07402	0.00885	0.01084	0.01172	0.01333	0.00842	0.00825	0.01544	0.01758	0.06968	0.09536	0.49793	0.09120	0.02285	0.01012	0.00323	0.00512	0.02031	0.00800	0.00776
6	0.02403	0.02881	0.01879	0.01757	0.02132	0.42223	0.01334	0.02636	0.02238	0.02184	0.03684	0.04122	0.19643	0.01368	0.00870	0.00253	0.01155	0.05779	0.00568	0.00892
7	0.02239	0.07595	0.17382	0.01984	0.05214	0.25750	0.01768	0.02675	0.02044	0.02501	0.06762	0.02300	0.01851	0.01027	0.00875	0.03615	0.01103	0.00697	0.11612	0.01003
8	0.02066	0.13208	0.23473	0.03120	0.15727	0.07384	0.17812	0.02721	0.01918	0.02568	0.01524	0.01902	0.01190	0.00768	0.00824	0.00254	0.01225	0.00719	0.00397	0.01201
9	0.01951	0.03286	0.31343	0.02316	0.02943	0.10090	0.02420	0.02507	0.01663	0.02347	0.01328	0.01792	0.01097	0.01105	0.01642	0.00307	0.29733	0.00668	0.00374	0.01087
10	0.01607	0.01626	0.10078	0.01847	0.08517	0.01321	0.01368	0.10591	0.01961	0.02680	0.03153	0.30777	0.03448	0.15129	0.01622	0.00406	0.00781	0.01527	0.00649	0.00915
11	0.08791	0.32360	0.02978	0.01694	0.05494	0.17366	0.01366	0.02499	0.01913	0.02280	0.02614	0.02710	0.12816	0.01034	0.00697	0.00221	0.00950	0.00742	0.00478	0.00997
12	0.01109	0.00792	0.01070	0.01267	0.01348	0.00753	0.00915	0.01310	0.01700	0.02253	0.04651	0.56600	0.05471	0.02598	0.01105	0.00356	0.00556	0.14643	0.00789	0.00711
13	0.01238	0.00825	0.00928	0.00928	0.00928	0.00825	0.00516	0.01238	0.01238	0.01650	0.02681	0.05569	0.03094	0.70092	0.04331	0.00825	0.00825	0.01238	0.00516	0.00516
14	0.02595	0.01900	0.02042	0.01632	0.02121	0.02065	0.01283	0.42998	0.03189	0.04251	0.02670	0.03332	0.06376	0.17688	0.01698	0.00394	0.00873	0.00953	0.00766	0.01171
15	0.01216	0.00912	0.01368	0.01368	0.01520	0.01064	0.01064	0.01520	0.01368	0.01976	0.02279	0.03343	0.02127	0.06382	0.66720	0.01368	0.02279	0.00912	0.00456	0.00760
16	0.01795	0.03555	0.44909	0.03150	0.20836	0.01931	0.02878	0.02618	0.01867	0.02755	0.04646	0.02109	0.01497	0.00840	0.00828	0.00265	0.01146	0.00710	0.00405	0.01261
17	0.02191	0.60753	0.13570	0.01600	0.02407	0.03160	0.01707	0.02570	0.01739	0.02105	0.01234	0.01429	0.01090	0.00740	0.00585	0.00195	0.00962	0.00481	0.00363	0.01117
18	0.01765	0.01513	0.01765	0.01260	0.02017	0.01134	0.01008	0.02143	0.01765	0.02773	0.01513	0.01765	0.01260	0.00630	0.00630	0.00126	0.00630	0.00504	0.00504	0.75295
19	0.01745	0.03540	0.45427	0.02969	0.18147	0.01884	0.02812	0.02554	0.01842	0.02683	0.02126	0.02395	0.06336	0.00907	0.00833	0.00267	0.01131	0.00756	0.00410	0.01235
20	0.01264	0.00948	0.01252	0.01453	0.05841	0.00926	0.00926	0.04132	0.01775	0.02388	0.09087	0.39767	0.08714	0.12128	0.04926	0.00446	0.00680	0.01864	0.00722	0.00763
21	0.01685	0.01285	0.01182	0.01150	0.01289	0.10615	0.00802	0.01787	0.01566	0.02179	0.02215	0.03392	0.02083	0.18440	0.07613	0.16646	0.00900	0.00862	0.23648	0.00661
22	0.05467	0.19994	0.34396	0.02062	0.02985	0.13225	0.02301	0.02856	0.04769	0.02517	0.01485	0.01695	0.01149	0.00816	0.00729	0.00241	0.01166	0.00582	0.00405	0.01161
23	0.01878	0.28288	0.38713	0.01975	0.02963	0.02399	0.02360	0.02563	0.01816	0.02494	0.05922	0.01968	0.01584	0.00846	0.00727	0.00237	0.01069	0.00631	0.00403	0.01165
24	0.01766	0.03239	0.36684	0.02819	0.15371	0.04581	0.06817	0.02492	0.01887	0.02629	0.02602	0.02834	0.10576	0.00995	0.00857	0.00268	0.01111	0.00852	0.00444	0.01176
25	0.03003	0.17044	0.02811	0.02049	0.02544	0.54320	0.01608	0.03232	0.02278	0.02067	0.01290	0.01502	0.01095	0.00848	0.00724	0.00212	0.01413	0.00530	0.00424	0.01007
26	0.01030	0.00767	0.00960	0.01115	0.01216	0.00697	0.00759	0.01193	0.01696	0.02200	0.05539	0.56296	0.18322	0.02556	0.01069	0.00333	0.00480	0.02285	0.00790	0.00697
27	0.01228	0.00865	0.01129	0.01129	0.01198	0.00934	0.00766	0.01366	0.01297	0.01798	0.02498	0.04554	0.02653	0.41044	0.32778	0.01072	0.01488	0.01089	0.00488	0.00627
28	0.01953	0.17868	0.29384	0.02814	0.09497	0.02330	0.19188	0.02664	0.01855	0.02562	0.01515	0.01874	0.01167	0.00761	0.00810	0.00254	0.01209	0.00709	0.00386	0.01200
29	0.02418	0.02456	0.15839	0.01846	0.02536	0.02055	0.01751	0.34669	0.03143	0.04319	0.16889	0.03026	0.02948	0.01148	0.00879	0.00261	0.00877	0.00922	0.00766	0.01252
30	0.02705	0.03160	0.02154	0.01959	0.02399	0.42619	0.01484	0.03578	0.20573	0.02540	0.02484	0.02504	0.06104	0.01052	0.00814	0.00245	0.01198	0.00762	0.00592	0.01075
31	0.01879	0.02042	0.04222	0.24463	0.04905	0.02067	0.42479	0.02547	0.01909	0.02547	0.01654	0.02287	0.01240	0.00761	0.00955	0.00286	0.01337	0.00924	0.00413	0.01082
32	0.03429	0.01362	0.01850	0.01448	0.02038	0.01184	0.01184	0.03769	0.02432	0.56153	0.12431	0.03411	0.02988	0.01155	0.00878	0.00264	0.00676	0.00957	0.01036	0.01352
33	0.01765	0.01513	0.01765	0.01260	0.02017	0.01134	0.01008	0.02143	0.01765	0.02773	0.01513	0.01765	0.01260	0.00630	0.00630	0.00126	0.00630	0.00504	0.00504	0.75295
34	0.01478	0.00739	0.01109	0.01109	0.01109	0.00739	0.00739	0.01109	0.01109	0.01478	0.01478	0.02587	0.01478	0.02956	0.03326	0.75240	0.00739	0.00739	0.00370	0.00370
35	0.01236	0.00829	0.00950	0.00950	0.00957	0.00837	0.00543	0.01251	0.01244	0.01666	0.02662	0.05459	0.03046	0.66950	0.07408	0.00852	0.00897	0.01221	0.00513	0.00528
36	0.01216	0.00912	0.01368	0.01368	0.01520	0.01064	0.01064	0.01520	0.01368	0.01976	0.02279	0.03343	0.02127	0.06382	0.66720	0.01368	0.02279	0.00912	0.00456	0.00760
37	0.01862	0.01862	0.02607	0.02234	0.02234	0.02607	0.01862	0.02048	0.01303	0.02048	0.01117	0.01862	0.01117	0.01489	0.02793	0.00372	0.68535	0.00745	0.00372	0.00931
38	0.01028	0.00777	0.00950	0.01088	0.01209	0.00699	0.00747	0.01196	0.01722	0.02210	0.05866	0.51188	0.23218	0.02513	0.01062	0.00328	0.00475	0.02233	0.00790	0.00699
39	0.01929	0.01883	0.01672	0.01579	0.01931	0.15463	0.01230	0.02916	0.21954	0.02914	0.15570	0.04993	0.10648	0.01505	0.00935	0.00285	0.00796	0.10022	0.00766	0.01006
40	0.02372	0.02730	0.02345	0.02094	0.02316	0.31604	0.01652	0.02590	0.01818	0.02054	0.01369	0.01919	0.01248	0.01892	0.10772	0.00441	0.28759	0.00678	0.00414	0.00932
41	0.01072	0.00790	0.01005	0.01109	0.01231	0.00722	0.00772	0.01291	0.01863	0.02489	0.19597	0.45237	0.14956	0.02368	0.01054	0.00318	0.00462	0.02115	0.00825	0.00722
42	0.01037	0.00741	0.00987	0.01185	0.01234	0.00691	0.00790	0.01185	0.01629	0.02172	0.04690	0.69537	0.05629	0.02666	0.01086	0.00346	0.00494	0.02419	0.00790	0.00691
43	0.23121	0.23104	0.19984	0.01936	0.02768	0.02399	0.10718	0.02601	0.01709	0.02812	0.01356	0.01624	0.01069	0.00766	0.00679	0.00244	0.01009	0.00585	0.00419	0.01096
44	0.01037	0.00741	0.00987	0.01185	0.01234	0.00691	0.00790	0.01185	0.01629	0.02172	0.04690	0.69537	0.05629	0.02666	0.01086	0.00346	0.00494	0.02419	0.00790	0.00691
45	0.02372	0.02487	0.02638	0.15632	0.20382	0.20651	0.01991	0.05807	0.14218	0.02733	0.01889	0.02181	0.01485	0.00900	0.00827	0.00256	0.01116	0.00738	0.00525	0.01171
46	0.02194	0.02189	0.03369	0.04975	0.59689	0.07322	0.02532	0.02676	0.01977	0.02723	0.01577	0.02059	0.01327	0.00768	0.00836	0.00250	0.01054	0.00741	0.00423	0.01318
47	0.02039	0.43052	0.29940	0.01860	0.02808	0.02788	0.02159	0.02609	0.01757	0.02291	0.01326	0.01545	0.01086	0.00762	0.00655	0.00218	0.01055	0.00527	0.00362	0.01161
48	0.02454	0.57474	0.04055	0.01601	0.02272	0.15858	0.01493	0.02716	0.01864	0.02018	0.01209	0.01399	0.01093	0.00757	0.00590	0.00189	0.01033	0.00473	0.00379	0.01071
49	0.01194	0.00807	0.00941	0.00984	0.00994	0.00796	0.00575	0.01226	0.01322	0.01763	0.03115	0.19376	0.03641	0.55539	0.03631	0.00722	0.00754	0.01493	0.00575	0.00554
50	0.01381	0.01163	0.01642	0.02110	0.16581	0.01101	0.01309	0.01728	0.01995	0.02617	0.13473	0.09430	0.25622	0.01829	0.01008	0.00302	0.00648	0.14446	0.00720	0.00895
51	0.02830	0.03993	0.17617	0.02228	0.02884	0.45533	0.02002	0.08356	0.02403	0.02517	0.01430	0.01642	0.01123	0.00873	0.00785	0.00234	0.01416	0.00587	0.00456	0.01092
52	0.01006	0.00862	0.00862	0.00862	0.01149	0.00718	0.00647	0.01221	0.01940	0.02299	0.08621	0.08190	0.64438	0.02155	0.01006	0.00287	0.00431	0.01796	0.00790	0.00718
53	0.02106	0.02022	0.03454	0.05223	0.64784	0.02022	0.02612	0.02612	0.01938	0.02780	0.01601	0.02106	0.01348	0.00758	0.00842	0.00253	0.01011	0.00758	0.00421	0.01348
54	0.02881	0.02996	0.02504	0.02128	0.02538	0.30885	0.01688	0.21731	0.02652	0.03120	0.01500	0.01775	0.01213	0.01070	0.01280	0.00268	0.17432	0.00665	0.00554	0.01120
55	0.01121	0.00880	0.00985	0.01020	0.01243	0.00790	0.00777	0.01348	0.01860	0.02300	0.09386	0.07997	0.41072	0.12285	0.01534	0.00387	0.00558	0.12999	0.00755	0.00705
56	0.01138	0.00867	0.01046	0.01001	0.01231	0.00775	0.00751	0.01478	0.02253	0.03043	0.45827	0.06966	0.26768	0.01878	0.01004	0.00274	0.00411	0.01624	0.00888	0.00775
57	0.01892	0.24008	0.44291	0.02197	0.03277	0.02400	0.05691	0.02653	0.01788	0.02490	0.01435	0.01694	0.01093	0.00780	0.00741	0.00244	0.01163	0.00597	0.00364	0.01203
58	0.02867	0.19877	0.02917	0.02019	0.02495	0.46863	0.01615	0.03097	0.02168	0.02061	0.01269	0.01518	0.01097	0.00885	0.00860	0.00221	0.06207	0.00540	0.00416	0.01008
59	0.01889	0.17865	0.32881	0.02791	0.17857	0.02203	0.02484	0.02565	0.01860	0.02618	0.05991	0.02106	0.01646	0.00846	0.00774	0.00246	0.01062	0.00688	0.00417	0.01211
60	0.02084	0.02153	0.06879	0.05069	0.61421	0.02019	0.02641	0.02616	0.01930	0.02776	0.01597	0.02089	0.01333	0.00761	0.00841	0.00254	0.01025	0.00751	0.00418	0.01343
61	0.02486	0.02477	0.03115	0.04140	0.43273	0.14870	0.02273	0.11596	0.02338	0.03027	0.01610	0.01984	0.01313	0.00821	0.00829	0.00247	0.01103	0.00718	0.00489	0.01291

[dist]
# distance from previous block
# <min> <max>
0	6

[block]
# block no. 1 follows, 21 sequences, length 65
# corresponding to MSA columns:
# 69-133
name=unknown_B
#
# <colnr> <probs for GDERKNQSTAVLIFYWHMCP>
#	G	D	E	R	K	N	Q	S	T	A	V	L	I	F	Y	W	H	M	C	P
0	0.02519	0.02792	0.02523	0.02192	0.02431	0.28361	0.01752	0.08180	0.02001	0.02371	0.01283	0.01747	0.01140	0.01200	0.01798	0.00300	0.35297	0.00668	0.00444	0.01001
1	0.01017	0.00863	0.00878	0.00874	0.01156	0.00723	0.00656	0.01243	0.01967	0.02363	0.11818	0.08085	0.61201	0.02131	0.01006	0.00286	0.00429	0.01781	0.00799	0.00723
2	0.01037	0.00741	0.00987	0.01185	0.01234	0.00691	0.00790	0.01185	0.01629	0.02172	0.04690	0.69537	0.05629	0.02666	0.01086	0.00346	0.00494	0.02419	0.00790	0.00691
3	0.02654	0.42747	0.03602	0.01764	0.02371	0.29868	0.01535	0.02904	0.02015	0.02036	0.01238	0.01436	0.01094	0.00790	0.00639	0.00198	0.01172	0.00494	0.00395	0.01048
4	0.01115	0.00880	0.01011	0.01041	0.01254	0.00801	0.00756	0.01464	0.05069	0.02576	0.19689	0.24255	0.32710	0.02151	0.01020	0.00299	0.00454	0.01866	0.00827	0.00762
5	0.01006	0.00862	0.00862	0.00862	0.01149	0.00718	0.00647	0.01221	0.01940	0.02299	0.08621	0.08190	0.64438	0.02155	0.01006	0.00287	0.00431	0.01796	0.00790	0.00718
6	0.02602	0.46566	0.03720	0.01722	0.02346	0.26235	0.01524	0.02855	0.01976	0.02031	0.01231	0.01426	0.01094	0.00782	0.00626	0.00195	0.01136	0.00489	0.00391	0.01054
7	0.01223	0.00885	0.01231	0.01231	0.01336	0.00989	0.00893	0.01432	0.01327	0.01874	0.02405	0.04036	0.02428	0.26205	0.47309	0.01199	0.01827	0.01013	0.00474	0.00684
8	0.02009	0.02288	0.09348	0.08262	0.36220	0.02052	0.21879	0.02630	0.01934	0.02718	0.01628	0.02151	0.01293	0.00755	0.00893	0.00267	0.01178	0.00827	0.00416	0.01250
9	0.02422	0.01980	0.02096	0.01794	0.02329	0.02259	0.01421	0.20180	0.47092	0.04052	0.03076	0.02866	0.02284	0.01118	0.00862	0.00280	0.00745	0.00909	0.00862	0.01374
10	0.01216	0.00912	0.01368	0.01368	0.01520	0.01064	0.01064	0.01520	0.01368	0.01976	0.02279	0.03343	0.02127	0.06382	0.66720	0.01368	0.02279	0.00912	0.00456	0.00760
11	0.02170	0.01716	0.02096	0.01758	0.02220	0.01902	0.04781	0.23907	0.15845	0.03597	0.02770	0.03047	0.05369	0.02763	0.21366	0.00612	0.01298	0.00925	0.00704	0.01154
12	0.18789	0.49362	0.03564	0.01446	0.02104	0.08648	0.01354	0.02613	0.01727	0.02414	0.01195	0.01384	0.01055	0.00755	0.00561	0.00203	0.00909	0.00465	0.00407	0.01045
13	0.01751	0.08111	0.05323	0.01367	0.01790	0.19009	0.01134	0.02017	0.02042	0.02236	0.05563	0.05404	0.37922	0.01603	0.00889	0.00258	0.00822	0.01270	0.00632	0.00856
14	0.01276	0.00944	0.01296	0.01410	0.01607	0.00964	0.01182	0.01618	0.01795	0.02355	0.04499	0.07688	0.12831	0.03422	0.19022	0.00643	0.01140	0.34846	0.00695	0.00768
15	0.01386	0.01202	0.01918	0.40079	0.03952	0.01404	0.01735	0.01791	0.01689	0.02193	0.02833	0.27263	0.02977	0.01594	0.00954	0.00312	0.00882	0.04442	0.00550	0.00844
16	0.02106	0.02022	0.03454	0.05223	0.64784	0.02022	0.02612	0.02612	0.01938	0.02780	0.01601	0.02106	0.01348	0.00758	0.00842	0.00253	0.01011	0.00758	0.00421	0.01348
17	0.01306	0.01178	0.01569	0.02051	0.18500	0.01074	0.01182	0.01600	0.01939	0.02430	0.06707	0.06531	0.47236	0.01774	0.00961	0.00278	0.00589	0.01513	0.00690	0.00890
18	0.03084	0.03876	0.02504	0.02461	0.08134	0.60951	0.01730	0.03329	0.02370	0.02145	0.01341	0.01585	0.01118	0.00866	0.00774	0.00222	0.01488	0.00567	0.00437	0.01019
19	0.02926	0.16762	0.07196	0.01923	0.02615	0.12677	0.01692	0.36679	0.03140	0.03985	0.01719	0.01809	0.01295	0.00925	0.00773	0.00236	0.01046	0.00659	0.00654	0.01290
20	0.02829	0.03178	0.02355	0.02230	0.06293	0.39506	0.01620	0.08813	0.19110	0.02817	0.01983	0.02061	0.01552	0.00958	0.00806	0.00243	0.01215	0.00693	0.00590	0.01147
21	0.01442	0.01034	0.01396	0.01535	0.01746	0.01042	0.01311	0.05159	0.02066	0.02711	0.06841	0.14340	0.04893	0.02277	0.01142	0.00375	0.00751	0.48331	0.00794	0.00814
22	0.02257	0.02385	0.03063	0.15654	0.40534	0.16390	0.02352	0.02709	0.02001	0.02518	0.01522	0.02008	0.01254	0.00801	0.00827	0.00251	0.01149	0.00711	0.00417	0.01196
23	0.03182	0.03972	0.02419	0.02181	0.02631	0.63460	0.01643	0.06339	0.02491	0.02248	0.01352	0.01560	0.01114	0.00884	0.00772	0.00221	0.01505	0.00559	0.00459	0.01010
24	0.02254	0.01328	0.01662	0.01504	0.01909	0.01330	0.01231	0.06550	0.13770	0.20156	0.16286	0.05444	0.04151	0.01567	0.00975	0.00304	0.00677	0.16881	0.00908	0.01114
25	0.01035	0.00748	0.00980	0.01165	0.01229	0.00693	0.00781	0.01187	0.01648	0.02180	0.04929	0.65811	0.09201	0.02635	0.01081	0.00342	0.00490	0.02381	0.00790	0.00693
26	0.02607	0.01820	0.01969	0.01588	0.02091	0.01996	0.01290	0.40246	0.03164	0.04466	0.02264	0.02466	0.01708	0.01488	0.06614	0.00338	0.00908	0.00786	0.20984	0.01208
27	0.02299	0.01112	0.01488	0.01256	0.01649	0.00990	0.00990	0.02670	0.02420	0.29349	0.38810	0.04908	0.05550	0.01452	0.00942	0.00266	0.00537	0.01253	0.00986	0.01073
28	0.01216	0.00912	0.01368	0.01368	0.01520	0.01064	0.01064	0.01520	0.01368	0.01976	0.02279	0.03343	0.02127	0.06382	0.66720	0.01368	0.02279	0.00912	0.00456	0.00760
29	0.01037	0.00741	0.00987	0.01185	0.01234	0.00691	0.00790	0.01185	0.01629	0.02172	0.04690	0.69537	0.05629	0.02666	0.01086	0.00346	0.00494	0.02419	0.00790	0.00691
30	0.01261	0.00851	0.01061	0.01061	0.01129	0.00901	0.00704	0.01397	0.01329	0.01892	0.02557	0.04622	0.02694	0.42946	0.24592	0.00949	0.01267	0.01091	0.07075	0.00621
31	0.03040	0.02238	0.02415	0.01890	0.02515	0.02467	0.01544	0.56566	0.03791	0.05081	0.02278	0.08019	0.01817	0.01167	0.00872	0.00263	0.00897	0.00913	0.00846	0.01380
32	0.01586	0.00793	0.00793	0.00793	0.00991	0.00793	0.00595	0.01983	0.01785	0.03173	0.02776	0.03173	0.02181	0.00991	0.00595	0.00198	0.00397	0.00793	0.74817	0.00793
33	0.02106	0.02022	0.03454	0.05223	0.64784	0.02022	0.02612	0.02612	0.01938	0.02780	0.01601	0.02106	0.01348	0.00758	0.00842	0.00253	0.01011	0.00758	0.00421	0.01348
34	0.01461	0.01171	0.01597	0.01643	0.04867	0.01346	0.01205	0.02242	0.15145	0.02368	0.02508	0.03243	0.02193	0.04937	0.48763	0.01072	0.01859	0.00915	0.00545	0.00920
35	0.01782	0.01250	0.01371	0.01209	0.01395	0.01320	0.00816	0.17791	0.01991	0.02663	0.02507	0.04608	0.02645	0.51259	0.03383	0.00670	0.00855	0.01109	0.00607	0.00770
36	0.01037	0.00741	0.00987	0.01185	0.01234	0.00691	0.00790	0.01185	0.01629	0.02172	0.04690	0.69537	0.05629	0.02666	0.01086	0.00346	0.00494	0.02419	0.00790	0.00691
37	0.02483	0.08317	0.02455	0.02103	0.08091	0.14758	0.01550	0.23208	0.02578	0.03258	0.01848	0.02244	0.01523	0.02404	0.18767	0.00545	0.01424	0.00735	0.00579	0.01129
38	0.01983	0.02711	0.20651	0.04222	0.39319	0.02029	0.11379	0.02651	0.01910	0.02749	0.01598	0.02049	0.01266	0.00766	0.00857	0.00262	0.01140	0.00759	0.00406	0.01294
39	0.01217	0.00907	0.01345	0.01345	0.01490	0.01052	0.01036	0.01505	0.01361	0.01959	0.02300	0.03456	0.02177	0.09614	0.63555	0.01340	0.02206	0.00928	0.00459	0.00747
40	0.03235	0.02384	0.02554	0.01958	0.02639	0.02639	0.01618	0.61946	0.04001	0.05363	0.02043	0.02043	0.01447	0.01022	0.00851	0.00255	0.00936	0.00766	0.00851	0.01447
41	0.02071	0.02216	0.08177	0.04916	0.56575	0.02026	0.06240	0.02625	0.01932	0.02771	0.01603	0.02095	0.01324	0.00760	0.00850	0.00256	0.01055	0.00764	0.00417	0.01329
42	0.02856	0.03985	0.16508	0.02224	0.02866	0.46604	0.01976	0.08426	0.02415	0.02510	0.01427	0.01638	0.01123	0.00875	0.00784	0.00234	0.01420	0.00585	0.00457	0.01088
43	0.01623	0.01311	0.01410	0.01239	0.01688	0.01261	0.00961	0.02568	0.21409	0.05697	0.05485	0.05219	0.30768	0.01517	0.00888	0.00258	0.00557	0.01260	0.00776	0.14106
44	0.02259	0.18899	0.31024	0.02316	0.06774	0.19930	0.02327	0.02849	0.01958	0.02379	0.01397	0.01648	0.01103	0.00806	0.00741	0.00235	0.01241	0.00576	0.00386	0.01152
45	0.02793	0.02104	0.02251	0.01790	0.02398	0.02315	0.01455	0.41811	0.16915	0.04671	0.02380	0.02356	0.01743	0.01028	0.00825	0.00252	0.00825	0.00797	0.05843	0.05448
46	0.02589	0.15966	0.16634	0.02041	0.02710	0.34856	0.01894	0.05402	0.02218	0.02408	0.04694	0.01837	0.01472	0.00886	0.00752	0.00228	0.01276	0.00610	0.00451	0.01075
47	0.34875	0.02035	0.06614	0.07598	0.12071	0.01994	0.17984	0.02566	0.01713	0.03175	0.01438	0.01830	0.01110	0.00771	0.00745	0.00270	0.00994	0.00685	0.00463	0.01068
48	0.02382	0.02576	0.02571	0.17010	0.06655	0.23927	0.01920	0.07864	0.02038	0.02422	0.01380	0.01872	0.01156	0.01060	0.01401	0.00284	0.21335	0.00684	0.00441	0.01022
49	0.01142	0.00867	0.01051	0.01005	0.01233	0.00776	0.00754	0.01485	0.02262	0.03063	0.46853	0.06932	0.25729	0.01870	0.01004	0.00274	0.00411	0.01620	0.00891	0.00776
50	0.01906	0.01884	0.02793	0.05457	0.16298	0.02449	0.02048	0.02178	0.01460	0.02216	0.01240	0.01932	0.01169	0.01302	0.02283	0.00342	0.50886	0.00748	0.00383	0.01024
51	0.01238	0.00825	0.00928	0.00928	0.00928	0.00825	0.00516	0.01238	0.01238	0.01650	0.02681	0.05569	0.03094	0.70092	0.04331	0.00825	0.00825	0.01238	0.00516	0.00516
52	0.01204	0.00870	0.01138	0.01071	0.01271	0.00803	0.00803	0.01606	0.02409	0.03413	0.64335	0.06357	0.08030	0.01740	0.01004	0.00268	0.00401	0.01539	0.00937	0.00803
53	0.01238	0.00825	0.00928	0.00928	0.00928	0.00825	0.00516	0.01238	0.01238	0.01650	0.02681	0.05569	0.03094	0.70092	0.04331	0.00825	0.00825	0.01238	0.00516	0.00516
54	0.01350	0.01078	0.01235	0.01159	0.01445	0.01069	0.00880	0.02141	0.15657	0.03138	0.35608	0.06162	0.22369	0.01726	0.00974	0.00278	0.00469	0.01483	0.00881	0.00899
55	0.01238	0.00825	0.00928	0.00928	0.00928	0.00825	0.00516	0.01238	0.01238	0.01650	0.02681	0.05569	0.03094	0.70092	0.04331	0.00825	0.00825	0.01238	0.00516	0.00516
56	0.76103	0.01646	0.01251	0.01119	0.01646	0.01909	0.00922	0.02502	0.01448	0.03818	0.01185	0.01382	0.00922	0.00790	0.00527	0.00263	0.00658	0.00461	0.00527	0.00922
57	0.03179	0.04056	0.02412	0.02192	0.02631	0.66676	0.01644	0.03398	0.02412	0.02083	0.01315	0.01535	0.01096	0.00877	0.00767	0.00219	0.01535	0.00548	0.00438	0.00987
58	0.01724	0.01917	0.01374	0.01301	0.01639	0.22502	0.00976	0.01940	0.02096	0.02228	0.06208	0.05992	0.43518	0.01733	0.00927	0.00265	0.00796	0.01384	0.00674	0.00807
59	0.02117	0.01828	0.01924	0.01732	0.02213	0.02117	0.01347	0.04522	0.63246	0.03560	0.03464	0.03175	0.02598	0.01155	0.00866	0.00289	0.00673	0.00962	0.00866	0.01347
60	0.03688	0.01656	0.02104	0.01613	0.02276	0.01560	0.01332	0.17013	0.02784	0.52016	0.03065	0.02707	0.01960	0.01046	0.00855	0.00262	0.00771	0.00836	0.01008	0.01448
61	0.02275	0.70604	0.04459	0.01456	0.02184	0.03367	0.01456	0.02548	0.01729	0.02002	0.01183	0.01365	0.01092	0.00728	0.00546	0.00182	0.00910	0.00455	0.00364	0.01092
62	0.01054	0.00753	0.01007	0.01204	0.01261	0.00706	0.00819	0.01214	0.01646	0.02191	0.04681	0.66497	0.05591	0.02650	0.01091	0.00348	0.00508	0.05292	0.00790	0.00696
63	0.02264	0.65948	0.04288	0.01475	0.02186	0.03283	0.01449	0.02682	0.05894	0.02108	0.01338	0.01488	0.01194	0.00757	0.00568	0.00189	0.00894	0.00489	0.00398	0.01109
64	0.03231	0.02497	0.02544	0.01974	0.02639	0.06974	0.01619	0.57982	0.03894	0.05141	0.01994	0.02009	0.01423	0.01012	0.00846	0.00253	0.00977	0.00751	0.00823	0.01416

[dist]
# distance from previous block
# <min> <max>
0	20

[block]
# block no. 2 follows, 21 sequences, length 150
# corresponding to MSA columns:
# 154-303
name=unknown_C
#
# <colnr> <probs for GDERKNQSTAVLIFYWHMCP>
#	G	D	E	R	K	N	Q	S	T	A	V	L	I	F	Y	W	H	M	C	P
0	0.01542	0.01155	0.01295	0.01249	0.01557	0.01161	0.00936	0.02399	0.19747	0.07048	0.09515	0.20633	0.24669	0.01881	0.00974	0.00298	0.00534	0.01618	0.00840	0.00950
1	0.02079	0.19099	0.10844	0.01464	0.02072	0.01793	0.01403	0.02641	0.07253	0.14499	0.07018	0.04138	0.17142	0.01306	0.00830	0.00258	0.00754	0.03632	0.00689	0.01086
2	0.19458	0.01934	0.02938	0.04261	0.49979	0.01996	0.02215	0.02586	0.01823	0.03024	0.01503	0.01937	0.01248	0.00766	0.00768	0.00255	0.00928	0.00689	0.00446	0.01248
3	0.16579	0.02870	0.27131	0.03328	0.28628	0.01982	0.02484	0.02622	0.01786	0.02952	0.01490	0.01843	0.01159	0.00784	0.00767	0.00261	0.01037	0.00649	0.00418	0.01229
4	0.02445	0.02216	0.03175	0.04247	0.45980	0.05462	0.02312	0.17590	0.02481	0.03395	0.01698	0.02061	0.01360	0.00831	0.00841	0.00252	0.01019	0.00750	0.00530	0.01355
5	0.02482	0.03684	0.21800	0.02974	0.17523	0.31939	0.02325	0.03001	0.02114	0.02432	0.01446	0.01748	0.01150	0.00828	0.00797	0.00242	0.01328	0.00622	0.00410	0.01153
6	0.02460	0.35355	0.03265	0.01595	0.02236	0.02755	0.01424	0.22862	0.06577	0.03282	0.02269	0.04694	0.05837	0.01026	0.00723	0.00227	0.00855	0.00759	0.00609	0.01190
7	0.02482	0.50321	0.03849	0.01681	0.02299	0.19267	0.01524	0.02737	0.01879	0.02025	0.01213	0.01433	0.01094	0.00805	0.00717	0.00201	0.04539	0.00493	0.00383	0.01057
8	0.12075	0.01691	0.10064	0.01347	0.01915	0.01286	0.01224	0.02273	0.05499	0.06478	0.20241	0.03771	0.09190	0.01189	0.00807	0.00237	0.00642	0.00977	0.00688	0.18406
9	0.01033	0.00755	0.00973	0.01147	0.01224	0.00694	0.00773	0.01189	0.01665	0.02187	0.05147	0.62416	0.12455	0.02607	0.01077	0.00339	0.00486	0.02347	0.00790	0.00694
10	0.01749	0.01515	0.02441	0.03446	0.34140	0.01515	0.02009	0.02199	0.01948	0.02667	0.03013	0.05750	0.03074	0.01533	0.01004	0.00320	0.00900	0.29106	0.00597	0.01074
11	0.01238	0.00825	0.00928	0.00928	0.00928	0.00825	0.00516	0.01238	0.01238	0.01650	0.02681	0.05569	0.03094	0.70092	0.04331	0.00825	0.00825	0.01238	0.00516	0.00516
12	0.01238	0.00825	0.00928	0.00928	0.00928	0.00825	0.00516	0.01238	0.01238	0.01650	0.02681	0.05569	0.03094	0.70092	0.04331	0.00825	0.00825	0.01238	0.00516	0.00516
13	0.01056	0.00864	0.00931	0.00915	0.01180	0.00740	0.00686	0.01318	0.02058	0.02579	0.22648	0.07728	0.50236	0.02051	0.01005	0.00282	0.00424	0.01731	0.00827	0.00740
14	0.01765	0.01513	0.01765	0.01260	0.02017	0.01134	0.01008	0.02143	0.01765	0.02773	0.01513	0.01765	0.01260	0.00630	0.00630	0.00126	0.00630	0.00504	0.00504	0.75295
15	0.01187	0.00869	0.01114	0.01053	0.01261	0.00796	0.00790	0.01573	0.02369	0.03317	0.59549	0.06514	0.12875	0.01775	0.01004	0.00269	0.00404	0.01561	0.00924	0.00796
16	0.01006	0.00862	0.00862	0.00862	0.01149	0.00718	0.00647	0.01221	0.01940	0.02299	0.08621	0.08190	0.64438	0.02155	0.01006	0.00287	0.00431	0.01796	0.00790	0.00718
17	0.03179	0.04056	0.02412	0.02192	0.02631	0.66676	0.01644	0.03398	0.02412	0.02083	0.01315	0.01535	0.01096	0.00877	0.00767	0.00219	0.01535	0.00548	0.00438	0.00987
18	0.01006	0.00862	0.00862	0.00862	0.01149	0.00718	0.00647	0.01221	0.01940	0.02299	0.08621	0.08190	0.64438	0.02155	0.01006	0.00287	0.00431	0.01796	0.00790	0.00718
19	0.02106	0.02022	0.03454	0.05223	0.64784	0.02022	0.02612	0.02612	0.01938	0.02780	0.01601	0.02106	0.01348	0.00758	0.00842	0.00253	0.01011	0.00758	0.00421	0.01348
20	0.01809	0.01719	0.02918	0.42578	0.29749	0.01944	0.02464	0.02352	0.01797	0.02420	0.01548	0.02203	0.01221	0.00813	0.00847	0.00271	0.01084	0.00757	0.00396	0.01109
21	0.06637	0.03042	0.02434	0.02016	0.02589	0.29160	0.01596	0.34873	0.03222	0.03930	0.01701	0.01801	0.01277	0.00951	0.00801	0.00241	0.01171	0.00661	0.00665	0.01232
22	0.02295	0.63606	0.07491	0.01546	0.02285	0.06720	0.01553	0.02602	0.01770	0.02042	0.01208	0.01396	0.01092	0.00740	0.00571	0.00189	0.00962	0.00469	0.00368	0.01095
23	0.01322	0.00964	0.01303	0.01472	0.01680	0.00944	0.01274	0.01690	0.01956	0.02513	0.05060	0.09409	0.12922	0.02325	0.01153	0.00378	0.00736	0.51339	0.00785	0.00775
24	0.01909	0.01821	0.03098	0.30011	0.41536	0.01970	0.02514	0.02439	0.01845	0.02541	0.01566	0.02170	0.01264	0.00795	0.00846	0.00265	0.01060	0.00757	0.00404	0.01189
25	0.01037	0.00741	0.00987	0.01185	0.01234	0.00691	0.00790	0.01185	0.01629	0.02172	0.04690	0.69537	0.05629	0.02666	0.01086	0.00346	0.00494	0.02419	0.00790	0.00691
26	0.02106	0.02022	0.03454	0.05223	0.64784	0.02022	0.02612	0.02612	0.01938	0.02780	0.01601	0.02106	0.01348	0.00758	0.00842	0.00253	0.01011	0.00758	0.00421	0.01348
27	0.01133	0.01025	0.00964	0.00948	0.01235	0.04076	0.00711	0.01365	0.02004	0.02384	0.13035	0.07694	0.56376	0.02055	0.00993	0.00282	0.00485	0.01711	0.00785	0.00739
28	0.01037	0.00741	0.00987	0.01185	0.01234	0.00691	0.00790	0.01185	0.01629	0.02172	0.04690	0.69537	0.05629	0.02666	0.01086	0.00346	0.00494	0.02419	0.00790	0.00691
29	0.01191	0.01754	0.17194	0.01265	0.01793	0.01039	0.01282	0.01609	0.01924	0.02447	0.09276	0.06500	0.46015	0.01798	0.00956	0.00282	0.00638	0.01491	0.00688	0.00858
30	0.02202	0.02382	0.02220	0.02558	0.17854	0.22952	0.01599	0.02898	0.13471	0.02583	0.03499	0.03544	0.16291	0.01198	0.00860	0.00257	0.00984	0.00970	0.00596	0.01082
31	0.01478	0.00739	0.01109	0.01109	0.01109	0.00739	0.00739	0.01109	0.01109	0.01478	0.01478	0.02587	0.01478	0.02956	0.03326	0.75240	0.00739	0.00739	0.00370	0.00370
32	0.01478	0.00739	0.01109	0.01109	0.01109	0.00739	0.00739	0.01109	0.01109	0.01478	0.01478	0.02587	0.01478	0.02956	0.03326	0.75240	0.00739	0.00739	0.00370	0.00370
33	0.01037	0.00741	0.00987	0.01185	0.01234	0.00691	0.00790	0.01185	0.01629	0.02172	0.04690	0.69537	0.05629	0.02666	0.01086	0.00346	0.00494	0.02419	0.00790	0.00691
34	0.01726	0.04046	0.57235	0.07124	0.07865	0.01973	0.03055	0.02654	0.01799	0.02665	0.01531	0.01850	0.01100	0.00808	0.00814	0.00269	0.01233	0.00646	0.00365	0.01242
35	0.02078	0.01993	0.03402	0.08838	0.61393	0.02014	0.02597	0.02587	0.01924	0.02745	0.01596	0.02116	0.01336	0.00764	0.00843	0.00255	0.01018	0.00758	0.00419	0.01325
36	0.01700	0.00903	0.00914	0.00873	0.01105	0.00920	0.00665	0.06107	0.01937	0.03323	0.02726	0.03095	0.02131	0.00994	0.00613	0.00202	0.00434	0.00791	0.69729	0.00838
37	0.19152	0.03756	0.50574	0.02119	0.03205	0.01961	0.02623	0.02650	0.01715	0.02958	0.01447	0.01700	0.01041	0.00804	0.00742	0.00268	0.01117	0.00589	0.00399	0.01179
38	0.01024	0.00868	0.00888	0.00898	0.01181	0.00732	0.00683	0.01249	0.01941	0.02312	0.08412	0.08262	0.61414	0.02165	0.01014	0.00293	0.00449	0.04705	0.00790	0.00722
39	0.01959	0.02656	0.17515	0.03070	0.21589	0.11734	0.07282	0.02502	0.01944	0.02578	0.05961	0.06989	0.02045	0.01473	0.06635	0.00359	0.01221	0.00896	0.00473	0.01121
40	0.03128	0.03827	0.02396	0.02153	0.02610	0.58957	0.01627	0.07483	0.05644	0.02384	0.01476	0.01654	0.01197	0.00901	0.00778	0.00225	0.01449	0.00584	0.00489	0.01037
41	0.01897	0.06322	0.02002	0.01320	0.02069	0.01387	0.01079	0.06117	0.01910	0.02891	0.01525	0.01756	0.01261	0.00663	0.00639	0.00138	0.00670	0.00518	0.00517	0.65318
42	0.01707	0.04402	0.65683	0.02426	0.03683	0.01976	0.03144	0.02695	0.01797	0.02695	0.01527	0.01797	0.01078	0.00809	0.00809	0.00270	0.01258	0.00629	0.00359	0.01258
43	0.01953	0.08779	0.53974	0.02296	0.03432	0.06303	0.02830	0.02807	0.01866	0.05877	0.01585	0.01807	0.01134	0.00820	0.00790	0.00260	0.01224	0.00623	0.00401	0.01238
44	0.01027	0.00834	0.00910	0.00952	0.01178	0.00718	0.00691	0.01239	0.01899	0.02346	0.11532	0.22449	0.46768	0.02246	0.01024	0.00300	0.00444	0.01925	0.00800	0.00718
45	0.01064	0.00752	0.00979	0.01150	0.01193	0.00709	0.00753	0.01192	0.01577	0.02102	0.04420	0.60916	0.05287	0.11753	0.01524	0.00410	0.00538	0.02260	0.00753	0.00668
46	0.01158	0.00868	0.01073	0.01022	0.01243	0.00783	0.00766	0.01516	0.02299	0.03151	0.51271	0.06787	0.21257	0.01837	0.01004	0.00272	0.00408	0.01599	0.00902	0.00783
47	0.01238	0.00825	0.00928	0.00928	0.00928	0.00825	0.00516	0.01238	0.01238	0.01650	0.02681	0.05569	0.03094	0.70092	0.04331	0.00825	0.00825	0.01238	0.00516	0.00516
48	0.03021	0.03819	0.02763	0.02380	0.02876	0.57980	0.09737	0.03308	0.02357	0.02169	0.01370	0.01637	0.01122	0.00855	0.00799	0.00228	0.01521	0.00610	0.00437	0.01008
49	0.02275	0.70604	0.04459	0.01456	0.02184	0.03367	0.01456	0.02548	0.01729	0.02002	0.01183	0.01365	0.01092	0.00728	0.00546	0.00182	0.00910	0.00455	0.00364	0.01092
50	0.02376	0.63175	0.04231	0.01538	0.02234	0.10435	0.01477	0.02643	0.01805	0.02011	0.01198	0.01384	0.01093	0.00745	0.00571	0.00186	0.00980	0.00465	0.00372	0.01080
51	0.01675	0.02242	0.18343	0.02959	0.22928	0.01622	0.05101	0.02334	0.05879	0.02632	0.02919	0.18339	0.06703	0.01338	0.00912	0.00285	0.00911	0.01212	0.00547	0.01118
52	0.02654	0.03189	0.02420	0.02163	0.02446	0.42716	0.01684	0.02867	0.02002	0.02066	0.01302	0.01734	0.01157	0.01360	0.04857	0.00328	0.23051	0.00630	0.00418	0.00957
53	0.01037	0.00741	0.00987	0.01185	0.01234	0.00691	0.00790	0.01185	0.01629	0.02172	0.04690	0.69537	0.05629	0.02666	0.01086	0.00346	0.00494	0.02419	0.00790	0.00691
54	0.01037	0.00741	0.00987	0.01185	0.01234	0.00691	0.00790	0.01185	0.01629	0.02172	0.04690	0.69537	0.05629	0.02666	0.01086	0.00346	0.00494	0.02419	0.00790	0.00691
55	0.01945	0.14066	0.50053	0.02259	0.03353	0.08989	0.02739	0.02748	0.01852	0.02529	0.01454	0.01706	0.01082	0.00804	0.00766	0.00251	0.01236	0.00595	0.00368	0.01205
56	0.01204	0.00870	0.01138	0.01071	0.01271	0.00803	0.00803	0.01606	0.02409	0.03413	0.64335	0.06357	0.08030	0.01740	0.01004	0.00268	0.00401	0.01539	0.00937	0.00803
57	0.01037	0.00741	0.00987	0.01185	0.01234	0.00691	0.00790	0.01185	0.01629	0.02172	0.04690	0.69537	0.05629	0.02666	0.01086	0.00346	0.00494	0.02419	0.00790	0.00691
58	0.02106	0.02022	0.03454	0.05223	0.64784	0.02022	0.02612	0.02612	0.01938	0.02780	0.01601	0.02106	0.01348	0.00758	0.00842	0.00253	0.01011	0.00758	0.00421	0.01348
59	0.02240	0.02404	0.01936	0.01774	0.02028	0.29215	0.01373	0.02503	0.01877	0.02255	0.01745	0.02267	0.01511	0.02136	0.14571	0.00478	0.13945	0.00704	0.14144	0.00894
60	0.02257	0.45292	0.19298	0.01795	0.02614	0.11556	0.01898	0.02699	0.01838	0.02184	0.01286	0.01495	0.01089	0.00768	0.00641	0.00209	0.01080	0.00510	0.00373	0.01119
61	0.02407	0.07150	0.02463	0.02131	0.05072	0.26010	0.01621	0.03152	0.16296	0.02440	0.01833	0.02113	0.01523	0.01385	0.05040	0.00336	0.16727	0.00714	0.00519	0.01068
62	0.02106	0.02022	0.03454	0.05223	0.64784	0.02022	0.02612	0.02612	0.01938	0.02780	0.01601	0.02106	0.01348	0.00758	0.00842	0.00253	0.01011	0.00758	0.00421	0.01348
63	0.01216	0.00912	0.01368	0.01368	0.01520	0.01064	0.01064	0.01520	0.01368	0.01976	0.02279	0.03343	0.02127	0.06382	0.66720	0.01368	0.02279	0.00912	0.00456	0.00760
64	0.02102	0.53208	0.03731	0.01473	0.02070	0.05917	0.01385	0.02379	0.01688	0.02001	0.01413	0.01777	0.01304	0.01889	0.14061	0.00426	0.01219	0.00553	0.00386	0.01019
65	0.01399	0.01007	0.01093	0.01024	0.01357	0.00904	0.00784	0.01840	0.07536	0.08668	0.13110	0.07044	0.47281	0.01917	0.00978	0.00283	0.00478	0.01604	0.00837	0.00854
66	0.01586	0.00793	0.00793	0.00793	0.00991	0.00793	0.00595	0.01983	0.01785	0.03173	0.02776	0.03173	0.02181	0.00991	0.00595	0.00198	0.00397	0.00793	0.74817	0.00793
67	0.01126	0.00778	0.00961	0.01071	0.01098	0.00751	0.00668	0.01208	0.01455	0.01940	0.03796	0.41074	0.04501	0.32668	0.02530	0.00559	0.00641	0.01893	0.00668	0.00613
68	0.01204	0.00870	0.01138	0.01071	0.01271	0.00803	0.00803	0.01606	0.02409	0.03413	0.64335	0.06357	0.08030	0.01740	0.01004	0.00268	0.00401	0.01539	0.00937	0.00803
69	0.02275	0.70604	0.04459	0.01456	0.02184	0.03367	0.01456	0.02548	0.01729	0.02002	0.01183	0.01365	0.01092	0.00728	0.00546	0.00182	0.00910	0.00455	0.00364	0.01092
70	0.01238	0.00825	0.00928	0.00928	0.00928	0.00825	0.00516	0.01238	0.01238	0.01650	0.02681	0.05569	0.03094	0.70092	0.04331	0.00825	0.00825	0.01238	0.00516	0.00516
71	0.03179	0.04056	0.02412	0.02192	0.02631	0.66676	0.01644	0.03398	0.02412	0.02083	0.01315	0.01535	0.01096	0.00877	0.00767	0.00219	0.01535	0.00548	0.00438	0.00987
72	0.02257	0.37335	0.03613	0.02435	0.16894	0.06452	0.01717	0.02995	0.13766	0.02492	0.01732	0.01900	0.01445	0.00827	0.00690	0.00221	0.00924	0.00630	0.00479	0.01196
73	0.01706	0.01191	0.01309	0.01170	0.01329	0.01250	0.00774	0.15473	0.01886	0.02521	0.02532	0.04742	0.02708	0.53896	0.03515	0.00691	0.00851	0.01127	0.00594	0.00734
74	0.01707	0.04402	0.65683	0.02426	0.03683	0.01976	0.03144	0.02695	0.01797	0.02695	0.01527	0.01797	0.01078	0.00809	0.00809	0.00270	0.01258	0.00629	0.00359	0.01258
75	0.02374	0.02104	0.01918	0.01583	0.02137	0.16685	0.01235	0.05960	0.10808	0.09927	0.10439	0.02668	0.02426	0.00978	0.00782	0.00212	0.00844	0.00771	0.00677	0.25473
76	0.03182	0.03970	0.02419	0.02180	0.02631	0.63389	0.01643	0.06404	0.02493	0.02251	0.01353	0.01561	0.01114	0.00884	0.00772	0.00221	0.01504	0.00559	0.00460	0.01010
77	0.02767	0.02948	0.02099	0.01962	0.04971	0.38669	0.01437	0.11924	0.02485	0.02867	0.01781	0.02021	0.01415	0.00921	0.00743	0.00221	0.01154	0.00648	0.17941	0.01027
78	0.01098	0.00874	0.00993	0.01009	0.01256	0.00769	0.00777	0.01376	0.02041	0.02586	0.21039	0.10195	0.41793	0.02100	0.01029	0.00298	0.00469	0.08730	0.00824	0.00745
79	0.01216	0.00912	0.01368	0.01368	0.01520	0.01064	0.01064	0.01520	0.01368	0.01976	0.02279	0.03343	0.02127	0.06382	0.66720	0.01368	0.02279	0.00912	0.00456	0.00760
80	0.03179	0.04056	0.02412	0.02192	0.02631	0.66676	0.01644	0.03398	0.02412	0.02083	0.01315	0.01535	0.01096	0.00877	0.00767	0.00219	0.01535	0.00548	0.00438	0.00987
81	0.09564	0.01108	0.01302	0.01537	0.10138	0.01041	0.00974	0.01596	0.01918	0.02641	0.12178	0.09057	0.40344	0.01788	0.00933	0.00280	0.00537	0.01503	0.00724	0.00837
82	0.06945	0.17081	0.02754	0.01989	0.02489	0.50658	0.01568	0.03182	0.02225	0.02161	0.01282	0.01493	0.01086	0.00843	0.00711	0.00214	0.01364	0.00525	0.00429	0.01004
83	0.03179	0.04056	0.02412	0.02192	0.02631	0.66676	0.01644	0.03398	0.02412	0.02083	0.01315	0.01535	0.01096	0.00877	0.00767	0.00219	0.01535	0.00548	0.00438	0.00987
84	0.01150	0.00868	0.01062	0.01014	0.01238	0.00780	0.00760	0.01501	0.02281	0.03108	0.49120	0.06857	0.23434	0.01853	0.01004	0.00273	0.00410	0.01609	0.00897	0.00780
85	0.02106	0.02022	0.03454	0.05223	0.64784	0.02022	0.02612	0.02612	0.01938	0.02780	0.01601	0.02106	0.01348	0.00758	0.00842	0.00253	0.01011	0.00758	0.00421	0.01348
86	0.03235	0.02384	0.02554	0.01958	0.02639	0.02639	0.01618	0.61946	0.04001	0.05363	0.02043	0.02043	0.01447	0.01022	0.00851	0.00255	0.00936	0.00766	0.00851	0.01447
87	0.01006	0.00862	0.00862	0.00862	0.01149	0.00718	0.00647	0.01221	0.01940	0.02299	0.08621	0.08190	0.64438	0.02155	0.01006	0.00287	0.00431	0.01796	0.00790	0.00718
88	0.01006	0.00862	0.00862	0.00862	0.01149	0.00718	0.00647	0.01221	0.01940	0.02299	0.08621	0.08190	0.64438	0.02155	0.01006	0.00287	0.00431	0.01796	0.00790	0.00718
89	0.02275	0.70604	0.04459	0.01456	0.02184	0.03367	0.01456	0.02548	0.01729	0.02002	0.01183	0.01365	0.01092	0.00728	0.00546	0.00182	0.00910	0.00455	0.00364	0.01092
90	0.01862	0.01862	0.02607	0.02234	0.02234	0.02607	0.01862	0.02048	0.01303	0.02048	0.01117	0.01862	0.01117	0.01489	0.02793	0.00372	0.68535	0.00745	0.00372	0.00931
91	0.01862	0.01862	0.02607	0.02234	0.02234	0.02607	0.01862	0.02048	0.01303	0.02048	0.01117	0.01862	0.01117	0.01489	0.02793	0.00372	0.68535	0.00745	0.00372	0.00931
92	0.01244	0.00924	0.01193	0.01277	0.01495	0.00874	0.01058	0.01597	0.02068	0.02707	0.20534	0.08453	0.19648	0.02151	0.01092	0.00336	0.00605	0.31148	0.00824	0.00773
93	0.01080	0.00792	0.01075	0.01209	0.01300	0.00787	0.00849	0.01272	0.01585	0.02132	0.04354	0.48652	0.08792	0.03567	0.17605	0.00599	0.00939	0.01997	0.00706	0.00710
94	0.02307	0.02403	0.03259	0.04656	0.53149	0.14125	0.02431	0.02759	0.02026	0.02650	0.01547	0.01999	0.01301	0.00780	0.00828	0.00246	0.01109	0.00719	0.00424	0.01280
95	0.20576	0.09310	0.37327	0.02187	0.07026	0.04833	0.02339	0.02658	0.01739	0.02897	0.01407	0.01664	0.01058	0.00796	0.00715	0.00257	0.01072	0.00576	0.00409	0.01153
96	0.06925	0.03602	0.45496	0.02839	0.15326	0.01989	0.02785	0.02771	0.05336	0.02839	0.01629	0.01908	0.01207	0.00817	0.00799	0.00267	0.01135	0.00662	0.00412	0.01257
97	0.21255	0.01412	0.01630	0.01417	0.01905	0.01412	0.01171	0.06993	0.02166	0.27851	0.06096	0.07039	0.02753	0.01339	0.00851	0.00291	0.00706	0.11754	0.00838	0.01123
98	0.01978	0.02785	0.23402	0.04327	0.45198	0.02007	0.02782	0.02638	0.01893	0.02753	0.01577	0.02007	0.01261	0.00774	0.00832	0.00258	0.01090	0.00717	0.00401	0.01319
99	0.03179	0.04056	0.02412	0.02192	0.02631	0.66676	0.01644	0.03398	0.02412	0.02083	0.01315	0.01535	0.01096	0.00877	0.00767	0.00219	0.01535	0.00548	0.00438	0.00987
100	0.02077	0.02064	0.03182	0.10168	0.40443	0.05606	0.05176	0.02634	0.05048	0.02615	0.01608	0.02119	0.01342	0.00902	0.01141	0.00275	0.11180	0.00767	0.00434	0.01219
101	0.01751	0.01660	0.02813	0.49917	0.22865	0.01929	0.02435	0.02301	0.01770	0.02349	0.01538	0.02222	0.01196	0.00824	0.00848	0.00275	0.01099	0.00757	0.00391	0.01062
102	0.01006	0.00862	0.00862	0.00862	0.01149	0.00718	0.00647	0.01221	0.01940	0.02299	0.08621	0.08190	0.64438	0.02155	0.01006	0.00287	0.00431	0.01796	0.00790	0.00718
103	0.02117	0.01828	0.01924	0.01732	0.02213	0.02117	0.01347	0.04522	0.63246	0.03560	0.03464	0.03175	0.02598	0.01155	0.00866	0.00289	0.00673	0.00962	0.00866	0.01347
104	0.02106	0.02022	0.03454	0.05223	0.64784	0.02022	0.02612	0.02612	0.01938	0.02780	0.01601	0.02106	0.01348	0.00758	0.00842	0.00253	0.01011	0.00758	0.00421	0.01348
105	0.03235	0.02384	0.02554	0.01958	0.02639	0.02639	0.01618	0.61946	0.04001	0.05363	0.02043	0.02043	0.01447	0.01022	0.00851	0.00255	0.00936	0.00766	0.00851	0.01447
106	0.01083	0.00865	0.00969	0.00943	0.01197	0.00751	0.00707	0.01371	0.02122	0.02732	0.30286	0.07477	0.42503	0.01994	0.01005	0.00280	0.00420	0.01696	0.00847	0.00751
107	0.01221	0.00891	0.01265	0.01265	0.01381	0.01008	0.00935	0.01453	0.01337	0.01899	0.02374	0.03865	0.02354	0.21322	0.52091	0.01240	0.01938	0.00988	0.00470	0.00703
108	0.01765	0.01513	0.01765	0.01260	0.02017	0.01134	0.01008	0.02143	0.01765	0.02773	0.01513	0.01765	0.01260	0.00630	0.00630	0.00126	0.00630	0.00504	0.00504	0.75295
109	0.01006	0.00862	0.00862	0.00862	0.01149	0.00718	0.00647	0.01221	0.01940	0.02299	0.08621	0.08190	0.64438	0.02155	0.01006	0.00287	0.00431	0.01796	0.00790	0.00718
110	0.01292	0.00883	0.01228	0.01228	0.01381	0.00996	0.00939	0.01599	0.01446	0.02203	0.02402	0.03425	0.02189	0.08606	0.49971	0.01101	0.01819	0.00905	0.15634	0.00754
111	0.01178	0.00869	0.01100	0.01043	0.01255	0.00792	0.00782	0.01554	0.02346	0.03263	0.56826	0.06604	0.15632	0.01796	0.01004	0.00270	0.00405	0.01574	0.00917	0.00792
112	0.01586	0.00793	0.00793	0.00793	0.00991	0.00793	0.00595	0.01983	0.01785	0.03173	0.02776	0.03173	0.02181	0.00991	0.00595	0.00198	0.00397	0.00793	0.74817	0.00793
