[name]
unknown

[dist]
# distance from previous block
# <min> <max>
0	482

[block]
# block no. 0 follows, 21 sequences, length 52
# corresponding to MSA columns:
# 515-566
name=unknown_A
#
# <colnr> <probs for GDERKNQSTAVLIFYWHMCP>
#	G	D	E	R	K	N	Q	S	T	A	V	L	I	F	Y	W	H	M	C	P
0	0.01428	0.06439	0.01594	0.01516	0.01754	0.01152	0.01329	0.01811	0.01980	0.02578	0.09366	0.08675	0.04867	0.02171	0.01111	0.00365	0.00761	0.49529	0.00764	0.00810
1	0.02020	0.01931	0.03251	0.04881	0.59785	0.01920	0.02457	0.02503	0.01938	0.02742	0.02152	0.02584	0.06304	0.00868	0.00855	0.00255	0.00965	0.00840	0.00450	0.01299
2	0.49412	0.01672	0.01588	0.10485	0.02333	0.01918	0.01200	0.10904	0.01889	0.03693	0.01938	0.02135	0.06016	0.00939	0.00656	0.00267	0.00746	0.00651	0.00573	0.00985
3	0.01343	0.01126	0.01215	0.01162	0.01393	0.05977	0.00884	0.01704	0.02315	0.03098	0.47800	0.06442	0.15092	0.01769	0.00997	0.00275	0.00519	0.05218	0.00867	0.00804
4	0.01867	0.01770	0.02892	0.04277	0.50975	0.01739	0.02185	0.02310	0.01938	0.02676	0.03124	0.03426	0.15038	0.01061	0.00878	0.00260	0.00885	0.00983	0.00501	0.01211
5	0.01334	0.01092	0.01698	0.23545	0.02898	0.01291	0.01432	0.01689	0.01489	0.02032	0.02245	0.08361	0.02148	0.09287	0.34672	0.00883	0.01642	0.01004	0.00461	0.00797
6	0.01253	0.00973	0.01034	0.00982	0.01224	0.00902	0.00705	0.06028	0.01974	0.02480	0.11452	0.06923	0.39978	0.18292	0.01790	0.00412	0.00563	0.01559	0.00742	0.00734
7	0.01317	0.00846	0.01036	0.01036	0.01186	0.00878	0.00754	0.01552	0.01536	0.02303	0.03312	0.04293	0.10626	0.15140	0.23885	0.04277	0.01132	0.01043	0.23145	0.00703
8	0.01077	0.00770	0.01033	0.01189	0.01248	0.00751	0.00805	0.01234	0.01563	0.02105	0.04210	0.55649	0.04961	0.08496	0.10095	0.00520	0.00758	0.02125	0.00724	0.00686
9	0.02469	0.01448	0.01694	0.01403	0.01850	0.01443	0.01097	0.16144	0.07325	0.21378	0.11279	0.04275	0.11620	0.11035	0.01385	0.00347	0.00701	0.01114	0.00866	0.01126
10	0.01006	0.00862	0.00862	0.00862	0.01149	0.00718	0.00647	0.01221	0.01940	0.02299	0.08621	0.08190	0.64438	0.02155	0.01006	0.00287	0.00431	0.01796	0.00790	0.00718
11	0.01036	0.00811	0.00917	0.00996	0.01166	0.00716	0.00693	0.01208	0.01761	0.02197	0.06587	0.32401	0.36177	0.07733	0.01301	0.00353	0.00487	0.02000	0.00768	0.00692
12	0.02042	0.01349	0.01504	0.01306	0.01645	0.01465	0.01027	0.21836	0.02409	0.03576	0.02426	0.02962	0.01976	0.05883	0.14318	0.00489	0.00983	0.00833	0.30983	0.00989
13	0.01162	0.00837	0.00972	0.00972	0.01089	0.00785	0.00640	0.01323	0.01719	0.02280	0.19741	0.11807	0.17740	0.32418	0.02497	0.00527	0.00605	0.01535	0.00705	0.00647
14	0.01325	0.01158	0.01155	0.01134	0.01401	0.04546	0.00836	0.01860	0.10766	0.02562	0.13726	0.15244	0.33946	0.05096	0.01137	0.00314	0.00550	0.01636	0.00788	0.00821
15	0.02761	0.01950	0.02216	0.01780	0.02325	0.02150	0.01454	0.42906	0.03233	0.08388	0.02188	0.02428	0.01662	0.02381	0.17530	0.00538	0.01263	0.00809	0.00764	0.01273
16	0.01073	0.00758	0.00986	0.01144	0.01194	0.00715	0.00753	0.01212	0.01612	0.02159	0.07242	0.57684	0.05392	0.11957	0.01532	0.00408	0.00535	0.02214	0.00759	0.00672
17	0.02493	0.01155	0.01550	0.01289	0.01716	0.01024	0.01024	0.02859	0.02422	0.33956	0.34276	0.04651	0.05110	0.01401	0.00931	0.00266	0.00561	0.01202	0.00994	0.01121
18	0.02907	0.03541	0.02676	0.02960	0.18369	0.50305	0.01889	0.03199	0.02292	0.02259	0.01388	0.01679	0.01160	0.00847	0.00786	0.00228	0.01402	0.00601	0.00434	0.01078
19	0.03240	0.02278	0.02477	0.01910	0.02580	0.02495	0.01574	0.54479	0.06303	0.10586	0.02218	0.02165	0.01553	0.01030	0.00852	0.00257	0.00907	0.00782	0.00870	0.01443
20	0.01431	0.01228	0.01781	0.01657	0.01758	0.01578	0.01330	0.01696	0.01346	0.02000	0.01892	0.02849	0.01791	0.04751	0.45410	0.01036	0.24365	0.00856	0.00428	0.00817
21	0.01250	0.00934	0.01171	0.01133	0.01341	0.00896	0.00841	0.01779	0.07485	0.03202	0.48296	0.14916	0.09837	0.01837	0.01003	0.00281	0.00439	0.01623	0.00904	0.00830
22	0.01059	0.00864	0.00935	0.00917	0.01182	0.00741	0.00688	0.01323	0.02064	0.02595	0.23408	0.07703	0.49467	0.02045	0.01005	0.00282	0.00423	0.01728	0.00829	0.00741
23	0.02275	0.70604	0.04459	0.01456	0.02184	0.03367	0.01456	0.02548	0.01729	0.02002	0.01183	0.01365	0.01092	0.00728	0.00546	0.00182	0.00910	0.00455	0.00364	0.01092
24	0.01707	0.04402	0.65683	0.02426	0.03683	0.01976	0.03144	0.02695	0.01797	0.02695	0.01527	0.01797	0.01078	0.00809	0.00809	0.00270	0.01258	0.00629	0.00359	0.01258
25	0.03235	0.02384	0.02554	0.01958	0.02639	0.02639	0.01618	0.61946	0.04001	0.05363	0.02043	0.02043	0.01447	0.01022	0.00851	0.00255	0.00936	0.00766	0.00851	0.01447
26	0.01739	0.01011	0.01173	0.01049	0.01421	0.00862	0.00816	0.02002	0.02114	0.18386	0.13097	0.06658	0.42774	0.01833	0.00968	0.00279	0.00502	0.01531	0.00872	0.00912
27	0.02801	0.03426	0.02468	0.02204	0.02517	0.48277	0.01707	0.03010	0.02093	0.02073	0.01258	0.01629	0.01102	0.01053	0.01349	0.00263	0.20775	0.00605	0.00419	0.00971
28	0.01076	0.00786	0.01013	0.01123	0.01235	0.00722	0.00779	0.01295	0.01858	0.02499	0.20190	0.47345	0.12174	0.02380	0.01057	0.00320	0.00464	0.02133	0.00827	0.00722
29	0.01094	0.00810	0.01029	0.01189	0.01281	0.00771	0.00809	0.01371	0.05030	0.02258	0.04934	0.61047	0.10115	0.02543	0.01068	0.00338	0.00499	0.02290	0.00794	0.00729
30	0.01836	0.01555	0.01803	0.01294	0.02047	0.01207	0.01038	0.05029	0.01873	0.02898	0.01538	0.01778	0.01269	0.00649	0.00641	0.00132	0.00645	0.00517	0.00521	0.71730
31	0.01037	0.00741	0.00987	0.01185	0.01234	0.00691	0.00790	0.01185	0.01629	0.02172	0.04690	0.69537	0.05629	0.02666	0.01086	0.00346	0.00494	0.02419	0.00790	0.00691
32	0.02197	0.61439	0.12935	0.01590	0.02392	0.03175	0.01690	0.02569	0.01739	0.02098	0.01231	0.01425	0.01090	0.00739	0.00582	0.00194	0.00958	0.00479	0.00363	0.01115
33	0.03179	0.04056	0.02412	0.02192	0.02631	0.66676	0.01644	0.03398	0.02412	0.02083	0.01315	0.01535	0.01096	0.00877	0.00767	0.00219	0.01535	0.00548	0.00438	0.00987
34	0.02976	0.18966	0.02870	0.02027	0.02531	0.52492	0.01602	0.03208	0.02259	0.02065	0.01286	0.01497	0.01095	0.00844	0.00718	0.00211	0.01395	0.00527	0.00422	0.01010
35	0.01037	0.00741	0.00987	0.01185	0.01234	0.00691	0.00790	0.01185	0.01629	0.02172	0.04690	0.69537	0.05629	0.02666	0.01086	0.00346	0.00494	0.02419	0.00790	0.00691
36	0.01149	0.00827	0.01088	0.01109	0.01259	0.00766	0.00799	0.01466	0.02149	0.02999	0.44453	0.27417	0.07229	0.02049	0.01031	0.00294	0.00432	0.01832	0.00888	0.00766
37	0.01862	0.01862	0.02607	0.02234	0.02234	0.02607	0.01862	0.02048	0.01303	0.02048	0.01117	0.01862	0.01117	0.01489	0.02793	0.00372	0.68535	0.00745	0.00372	0.00931
38	0.01161	0.00868	0.01077	0.01025	0.01245	0.00784	0.00769	0.01521	0.02306	0.03167	0.52066	0.06761	0.20451	0.01831	0.01004	0.00272	0.00408	0.01596	0.00905	0.00784
39	0.02107	0.02009	0.03355	0.04998	0.60735	0.02028	0.02530	0.02735	0.05904	0.02831	0.01721	0.02175	0.01429	0.00784	0.00844	0.00255	0.00989	0.00771	0.00450	0.01348
40	0.01034	0.00750	0.00978	0.01159	0.01228	0.00693	0.00779	0.01188	0.01654	0.02182	0.05001	0.64684	0.10281	0.02626	0.01080	0.00341	0.00489	0.02370	0.00790	0.00693
41	0.02106	0.02022	0.03454	0.05223	0.64784	0.02022	0.02612	0.02612	0.01938	0.02780	0.01601	0.02106	0.01348	0.00758	0.00842	0.00253	0.01011	0.00758	0.00421	0.01348
42	0.01037	0.00741	0.00987	0.01185	0.01234	0.00691	0.00790	0.01185	0.01629	0.02172	0.04690	0.69537	0.05629	0.02666	0.01086	0.00346	0.00494	0.02419	0.00790	0.00691
43	0.01843	0.16084	0.02077	0.01376	0.01796	0.13282	0.01114	0.02402	0.10539	0.02542	0.13506	0.04606	0.22794	0.01428	0.00848	0.00250	0.00757	0.01139	0.00671	0.00944
44	0.01150	0.00868	0.01062	0.01013	0.01238	0.00780	0.00760	0.01500	0.02280	0.03106	0.49013	0.06861	0.23542	0.01854	0.01004	0.00273	0.00410	0.01610	0.00897	0.00780
45	0.03179	0.04056	0.02412	0.02192	0.02631	0.66676	0.01644	0.03398	0.02412	0.02083	0.01315	0.01535	0.01096	0.00877	0.00767	0.00219	0.01535	0.00548	0.00438	0.00987
46	0.76103	0.01646	0.01251	0.01119	0.01646	0.01909	0.00922	0.02502	0.01448	0.03818	0.01185	0.01382	0.00922	0.00790	0.00527	0.00263	0.00658	0.00461	0.00527	0.00922
47	0.02088	0.02129	0.06255	0.05098	0.62034	0.02020	0.02636	0.02615	0.01931	0.02776	0.01597	0.02092	0.01336	0.00761	0.00841	0.00254	0.01022	0.00752	0.00418	0.01344
48	0.02794	0.35306	0.03428	0.01723	0.02399	0.10026	0.01526	0.24310	0.02663	0.06090	0.01608	0.01699	0.01267	0.00866	0.00696	0.00216	0.00981	0.00597	0.00581	0.01226
49	0.01216	0.00912	0.01368	0.01368	0.01520	0.01064	0.01064	0.01520	0.01368	0.01976	0.02279	0.03343	0.02127	0.06382	0.66720	0.01368	0.02279	0.00912	0.00456	0.00760
50	0.02106	0.02022	0.03454	0.05223	0.64784	0.02022	0.02612	0.02612	0.01938	0.02780	0.01601	0.02106	0.01348	0.00758	0.00842	0.00253	0.01011	0.00758	0.00421	0.01348
51	0.01945	0.29197	0.37800	0.02152	0.03179	0.02515	0.07140	0.02642	0.01788	0.02436	0.01413	0.01673	0.01100	0.00771	0.00725	0.00238	0.01141	0.00593	0.00367	0.01187

[dist]
# distance from previous block
# <min> <max>
0	1

[block]
# block no. 1 follows, 21 sequences, length 52
# corresponding to MSA columns:
# 568-619
name=unknown_B
#
# <colnr> <probs for GDERKNQSTAVLIFYWHMCP>
#	G	D	E	R	K	N	Q	S	T	A	V	L	I	F	Y	W	H	M	C	P
0	0.01238	0.00825	0.00928	0.00928	0.00928	0.00825	0.00516	0.01238	0.01238	0.01650	0.02681	0.05569	0.03094	0.70092	0.04331	0.00825	0.00825	0.01238	0.00516	0.00516
1	0.01055	0.00754	0.01004	0.01173	0.01238	0.00703	0.00791	0.01230	0.01713	0.02305	0.11088	0.62760	0.05886	0.02567	0.01077	0.00337	0.00484	0.02325	0.00806	0.00703
2	0.01765	0.01513	0.01765	0.01260	0.02017	0.01134	0.01008	0.02143	0.01765	0.02773	0.01513	0.01765	0.01260	0.00630	0.00630	0.00126	0.00630	0.00504	0.00504	0.75295
3	0.01156	0.00880	0.00934	0.00931	0.01212	0.00743	0.00694	0.01371	0.01932	0.05588	0.07923	0.14503	0.54857	0.02152	0.01007	0.00292	0.00453	0.01814	0.00804	0.00754
4	0.03179	0.04056	0.02412	0.02192	0.02631	0.66676	0.01644	0.03398	0.02412	0.02083	0.01315	0.01535	0.01096	0.00877	0.00767	0.00219	0.01535	0.00548	0.00438	0.00987
5	0.01079	0.00843	0.00978	0.00991	0.01206	0.00742	0.00725	0.01345	0.02043	0.02654	0.26826	0.18557	0.34758	0.02106	0.01019	0.00291	0.00432	0.01820	0.00840	0.00742
6	0.01045	0.00747	0.00995	0.01179	0.01236	0.00697	0.00791	0.01205	0.01667	0.02232	0.07537	0.66521	0.05743	0.02622	0.01082	0.00342	0.00489	0.02377	0.00797	0.00697
7	0.02106	0.02022	0.03454	0.05223	0.64784	0.02022	0.02612	0.02612	0.01938	0.02780	0.01601	0.02106	0.01348	0.00758	0.00842	0.00253	0.01011	0.00758	0.00421	0.01348
8	0.01044	0.00852	0.00923	0.00930	0.01179	0.00731	0.00688	0.01286	0.01992	0.02483	0.18075	0.13859	0.48733	0.02132	0.01013	0.00290	0.00432	0.01812	0.00816	0.00731
9	0.01048	0.00745	0.00984	0.01171	0.01217	0.00699	0.00775	0.01188	0.01608	0.02144	0.04580	0.66017	0.05489	0.06376	0.01265	0.00372	0.00512	0.02354	0.00775	0.00682
10	0.03020	0.07251	0.02636	0.02466	0.09226	0.53554	0.01736	0.05939	0.02398	0.02302	0.01372	0.01610	0.01139	0.00863	0.00768	0.00223	0.01419	0.00576	0.00452	0.01052
11	0.01328	0.01091	0.01427	0.01415	0.01583	0.04808	0.01097	0.01627	0.01427	0.01982	0.02224	0.03240	0.02069	0.06068	0.62956	0.01302	0.02237	0.00891	0.00455	0.00773
12	0.01204	0.00870	0.01138	0.01071	0.01271	0.00803	0.00803	0.01606	0.02409	0.03413	0.64335	0.06357	0.08030	0.01740	0.01004	0.00268	0.00401	0.01539	0.00937	0.00803
13	0.02403	0.02395	0.03187	0.04378	0.47952	0.12712	0.02347	0.09059	0.02235	0.02941	0.01601	0.02006	0.01317	0.00806	0.00831	0.00248	0.01089	0.00725	0.00470	0.01299
14	0.03235	0.02384	0.02554	0.01958	0.02639	0.02639	0.01618	0.61946	0.04001	0.05363	0.02043	0.02043	0.01447	0.01022	0.00851	0.00255	0.00936	0.00766	0.00851	0.01447
15	0.01037	0.00741	0.00987	0.01185	0.01234	0.00691	0.00790	0.01185	0.01629	0.02172	0.04690	0.69537	0.05629	0.02666	0.01086	0.00346	0.00494	0.02419	0.00790	0.00691
16	0.02079	0.01995	0.03406	0.08606	0.61611	0.02015	0.02598	0.02588	0.01925	0.02748	0.01596	0.02115	0.01336	0.00763	0.00843	0.00254	0.01018	0.00758	0.00419	0.01326
17	0.01006	0.00862	0.00862	0.00862	0.01149	0.00718	0.00647	0.01221	0.01940	0.02299	0.08621	0.08190	0.64438	0.02155	0.01006	0.00287	0.00431	0.01796	0.00790	0.00718
18	0.03179	0.04056	0.02412	0.02192	0.02631	0.66676	0.01644	0.03398	0.02412	0.02083	0.01315	0.01535	0.01096	0.00877	0.00767	0.00219	0.01535	0.00548	0.00438	0.00987
19	0.01006	0.00862	0.00862	0.00862	0.01149	0.00718	0.00647	0.01221	0.01940	0.02299	0.08621	0.08190	0.64438	0.02155	0.01006	0.00287	0.00431	0.01796	0.00790	0.00718
20	0.02106	0.02022	0.03454	0.05223	0.64784	0.02022	0.02612	0.02612	0.01938	0.02780	0.01601	0.02106	0.01348	0.00758	0.00842	0.00253	0.01011	0.00758	0.00421	0.01348
21	0.01607	0.01513	0.02552	0.68047	0.05861	0.01891	0.02363	0.02174	0.01702	0.02174	0.01513	0.02269	0.01134	0.00851	0.00851	0.00284	0.01134	0.00756	0.00378	0.00945
22	0.76103	0.01646	0.01251	0.01119	0.01646	0.01909	0.00922	0.02502	0.01448	0.03818	0.01185	0.01382	0.00922	0.00790	0.00527	0.00263	0.00658	0.00461	0.00527	0.00922
23	0.01204	0.00870	0.01138	0.01071	0.01271	0.00803	0.00803	0.01606	0.02409	0.03413	0.64335	0.06357	0.08030	0.01740	0.01004	0.00268	0.00401	0.01539	0.00937	0.00803
24	0.01216	0.00912	0.01368	0.01368	0.01520	0.01064	0.01064	0.01520	0.01368	0.01976	0.02279	0.03343	0.02127	0.06382	0.66720	0.01368	0.02279	0.00912	0.00456	0.00760
25	0.01607	0.01513	0.02552	0.68047	0.05861	0.01891	0.02363	0.02174	0.01702	0.02174	0.01513	0.02269	0.01134	0.00851	0.00851	0.00284	0.01134	0.00756	0.00378	0.00945
26	0.02951	0.03685	0.12846	0.02171	0.02806	0.39680	0.01884	0.18244	0.02717	0.03022	0.01536	0.01708	0.01183	0.00903	0.00796	0.00237	0.01336	0.00617	0.00531	0.01149
27	0.01308	0.01069	0.01372	0.01360	0.01527	0.04471	0.01043	0.01587	0.01447	0.01982	0.02599	0.03632	0.05552	0.09197	0.56381	0.01220	0.02063	0.00958	0.00477	0.00757
28	0.01216	0.00912	0.01368	0.01368	0.01520	0.01064	0.01064	0.01520	0.01368	0.01976	0.02279	0.03343	0.02127	0.06382	0.66720	0.01368	0.02279	0.00912	0.00456	0.00760
29	0.03124	0.03952	0.02465	0.02347	0.05792	0.63388	0.01693	0.03358	0.02388	0.02118	0.01330	0.01564	0.01109	0.00871	0.00771	0.00221	0.01508	0.00559	0.00438	0.01005
30	0.03179	0.04056	0.02412	0.02192	0.02631	0.66676	0.01644	0.03398	0.02412	0.02083	0.01315	0.01535	0.01096	0.00877	0.00767	0.00219	0.01535	0.00548	0.00438	0.00987
31	0.02197	0.02252	0.03184	0.13011	0.47991	0.11444	0.02438	0.02669	0.01976	0.02599	0.01548	0.02044	0.01283	0.00788	0.00833	0.00252	0.01104	0.00727	0.00418	0.01242
32	0.01216	0.00912	0.01368	0.01368	0.01520	0.01064	0.01064	0.01520	0.01368	0.01976	0.02279	0.03343	0.02127	0.06382	0.66720	0.01368	0.02279	0.00912	0.00456	0.00760
33	0.01037	0.00741	0.00987	0.01185	0.01234	0.00691	0.00790	0.01185	0.01629	0.02172	0.04690	0.69537	0.05629	0.02666	0.01086	0.00346	0.00494	0.02419	0.00790	0.00691
34	0.02275	0.70604	0.04459	0.01456	0.02184	0.03367	0.01456	0.02548	0.01729	0.02002	0.01183	0.01365	0.01092	0.00728	0.00546	0.00182	0.00910	0.00455	0.00364	0.01092
35	0.02790	0.02802	0.02601	0.02720	0.16193	0.24843	0.01802	0.19315	0.12403	0.03362	0.01917	0.02059	0.01485	0.00934	0.00822	0.00247	0.01120	0.00719	0.00615	0.01248
36	0.01216	0.00912	0.01368	0.01368	0.01520	0.01064	0.01064	0.01520	0.01368	0.01976	0.02279	0.03343	0.02127	0.06382	0.66720	0.01368	0.02279	0.00912	0.00456	0.00760
37	0.01765	0.01513	0.01765	0.01260	0.02017	0.01134	0.01008	0.02143	0.01765	0.02773	0.01513	0.01765	0.01260	0.00630	0.00630	0.00126	0.00630	0.00504	0.00504	0.75295
38	0.01227	0.00868	0.01144	0.01144	0.01218	0.00942	0.00784	0.01376	0.01301	0.01810	0.02484	0.04478	0.02620	0.38871	0.34906	0.01091	0.01538	0.01078	0.00486	0.00635
39	0.76103	0.01646	0.01251	0.01119	0.01646	0.01909	0.00922	0.02502	0.01448	0.03818	0.01185	0.01382	0.00922	0.00790	0.00527	0.00263	0.00658	0.00461	0.00527	0.00922
40	0.01238	0.00825	0.00928	0.00928	0.00928	0.00825	0.00516	0.01238	0.01238	0.01650	0.02681	0.05569	0.03094	0.70092	0.04331	0.00825	0.00825	0.01238	0.00516	0.00516
41	0.02117	0.01828	0.01924	0.01732	0.02213	0.02117	0.01347	0.04522	0.63246	0.03560	0.03464	0.03175	0.02598	0.01155	0.00866	0.00289	0.00673	0.00962	0.00866	0.01347
42	0.01079	0.00758	0.00975	0.01131	0.01170	0.00719	0.00732	0.01196	0.01547	0.02063	0.04268	0.56091	0.05096	0.16839	0.01768	0.00446	0.00563	0.02171	0.00732	0.00654
43	0.02558	0.01958	0.15712	0.01604	0.02261	0.01332	0.01549	0.03157	0.05381	0.31650	0.19533	0.03610	0.03516	0.01191	0.00886	0.00267	0.00751	0.00997	0.00860	0.01226
44	0.01187	0.00856	0.01122	0.01083	0.01267	0.00791	0.00802	0.01561	0.02326	0.03281	0.57983	0.13085	0.07774	0.01838	0.01012	0.00276	0.00411	0.01633	0.00921	0.00791
45	0.01800	0.15281	0.55622	0.02266	0.03437	0.02205	0.02867	0.02671	0.01786	0.02581	0.01471	0.01726	0.01080	0.00795	0.00765	0.00255	0.01201	0.00600	0.00360	0.01230
46	0.01037	0.00741	0.00987	0.01185	0.01234	0.00691	0.00790	0.01185	0.01629	0.02172	0.04690	0.69537	0.05629	0.02666	0.01086	0.00346	0.00494	0.02419	0.00790	0.00691
47	0.02106	0.02022	0.03454	0.05223	0.64784	0.02022	0.02612	0.02612	0.01938	0.02780	0.01601	0.02106	0.01348	0.00758	0.00842	0.00253	0.01011	0.00758	0.00421	0.01348
48	0.02096	0.02962	0.21960	0.03979	0.36720	0.08900	0.05848	0.02726	0.01950	0.02678	0.01555	0.01963	0.01238	0.00784	0.00833	0.00256	0.01163	0.00711	0.00405	0.01272
49	0.26375	0.02017	0.12348	0.19051	0.06422	0.01803	0.01793	0.02542	0.05016	0.05830	0.02092	0.02569	0.04654	0.00973	0.00758	0.00277	0.00896	0.03028	0.00521	0.01036
50	0.02133	0.15269	0.24194	0.02627	0.03529	0.11965	0.23124	0.02785	0.01951	0.02492	0.01503	0.01856	0.01158	0.00773	0.00825	0.00253	0.01300	0.00718	0.00397	0.01149
51	0.02430	0.02699	0.02846	0.14252	0.28920	0.26449	0.02151	0.02919	0.04705	0.02450	0.01558	0.01963	0.01271	0.00835	0.00816	0.00247	0.01215	0.00687	0.00440	0.01145

[dist]
# distance from previous block
# <min> <max>
5	16

[block]
# block no. 2 follows, 21 sequences, length 249
# corresponding to MSA columns:
# 636-884
name=unknown_C
#
# <colnr> <probs for GDERKNQSTAVLIFYWHMCP>
#	G	D	E	R	K	N	Q	S	T	A	V	L	I	F	Y	W	H	M	C	P
0	0.02178	0.02288	0.06048	0.07202	0.37067	0.09012	0.02220	0.03132	0.16545	0.02854	0.02005	0.02292	0.01593	0.00873	0.00839	0.00260	0.01006	0.00777	0.00523	0.01283
1	0.01806	0.10833	0.52974	0.02438	0.06640	0.02126	0.02853	0.02770	0.04960	0.02674	0.01596	0.01840	0.01172	0.00816	0.00787	0.00261	0.01180	0.00635	0.00389	0.01250
2	0.02344	0.02625	0.02445	0.02872	0.20740	0.30238	0.01778	0.02670	0.01996	0.02261	0.01654	0.02181	0.01443	0.02293	0.18174	0.00532	0.01576	0.00706	0.00438	0.01034
3	0.24591	0.09287	0.02276	0.01672	0.02255	0.12414	0.01372	0.23407	0.08752	0.03872	0.01732	0.01814	0.01317	0.00914	0.00713	0.00248	0.00918	0.00630	0.00643	0.01174
4	0.01707	0.04402	0.65683	0.02426	0.03683	0.01976	0.03144	0.02695	0.01797	0.02695	0.01527	0.01797	0.01078	0.00809	0.00809	0.00270	0.01258	0.00629	0.00359	0.01258
5	0.01238	0.00825	0.00928	0.00928	0.00928	0.00825	0.00516	0.01238	0.01238	0.01650	0.02681	0.05569	0.03094	0.70092	0.04331	0.00825	0.00825	0.01238	0.00516	0.00516
6	0.03235	0.02384	0.02554	0.01958	0.02639	0.02639	0.01618	0.61946	0.04001	0.05363	0.02043	0.02043	0.01447	0.01022	0.00851	0.00255	0.00936	0.00766	0.00851	0.01447
7	0.02277	0.02346	0.03288	0.04740	0.54878	0.12326	0.02458	0.02737	0.02013	0.02669	0.01555	0.02015	0.01308	0.00777	0.00831	0.00247	0.01094	0.00725	0.00424	0.01290
8	0.02263	0.36941	0.06747	0.05121	0.05729	0.12798	0.01712	0.02583	0.01789	0.02142	0.01265	0.01585	0.01119	0.00867	0.00948	0.00225	0.10654	0.00552	0.00387	0.04575
9	0.01707	0.04402	0.65683	0.02426	0.03683	0.01976	0.03144	0.02695	0.01797	0.02695	0.01527	0.01797	0.01078	0.00809	0.00809	0.00270	0.01258	0.00629	0.00359	0.01258
10	0.01118	0.00911	0.01066	0.04393	0.01515	0.00830	0.00889	0.01391	0.01938	0.02391	0.10107	0.11543	0.43553	0.02135	0.01035	0.00310	0.00536	0.12817	0.00776	0.00745
11	0.01238	0.00825	0.00928	0.00928	0.00928	0.00825	0.00516	0.01238	0.01238	0.01650	0.02681	0.05569	0.03094	0.70092	0.04331	0.00825	0.00825	0.01238	0.00516	0.00516
12	0.01027	0.00781	0.00946	0.01078	0.01206	0.00700	0.00742	0.01197	0.01732	0.02214	0.05996	0.49160	0.25163	0.02496	0.01059	0.00326	0.00473	0.02212	0.00790	0.00700
13	0.01034	0.00750	0.00977	0.01159	0.01227	0.00693	0.00778	0.01188	0.01654	0.02183	0.05008	0.64575	0.10385	0.02625	0.01080	0.00341	0.00489	0.02369	0.00790	0.00693
14	0.01745	0.01675	0.02706	0.42620	0.14172	0.02081	0.02283	0.02212	0.01644	0.02239	0.01432	0.02147	0.01164	0.00988	0.01311	0.00300	0.17139	0.00754	0.00383	0.01005
15	0.02143	0.02281	0.04605	0.03322	0.04144	0.02201	0.52326	0.09028	0.05329	0.03045	0.01844	0.02314	0.01374	0.00771	0.00981	0.00284	0.01344	0.00977	0.00497	0.01189
16	0.01037	0.00741	0.00987	0.01185	0.01234	0.00691	0.00790	0.01185	0.01629	0.02172	0.04690	0.69537	0.05629	0.02666	0.01086	0.00346	0.00494	0.02419	0.00790	0.00691
17	0.01136	0.00811	0.01101	0.01298	0.01391	0.00777	0.00962	0.01356	0.01727	0.02283	0.04636	0.51791	0.05412	0.02573	0.01113	0.00359	0.00580	0.19188	0.00788	0.00719
18	0.03179	0.04056	0.02412	0.02192	0.02631	0.66676	0.01644	0.03398	0.02412	0.02083	0.01315	0.01535	0.01096	0.00877	0.00767	0.00219	0.01535	0.00548	0.00438	0.00987
19	0.02140	0.54865	0.19015	0.01687	0.02541	0.03037	0.01857	0.02583	0.01745	0.02167	0.01265	0.01468	0.01089	0.00747	0.00608	0.00203	0.00993	0.00496	0.00363	0.01131
20	0.01006	0.00862	0.00862	0.00862	0.01149	0.00718	0.00647	0.01221	0.01940	0.02299	0.08621	0.08190	0.64438	0.02155	0.01006	0.00287	0.00431	0.01796	0.00790	0.00718
21	0.01478	0.00739	0.01109	0.01109	0.01109	0.00739	0.00739	0.01109	0.01109	0.01478	0.01478	0.02587	0.01478	0.02956	0.03326	0.75240	0.00739	0.00739	0.00370	0.00370
22	0.14579	0.02269	0.02351	0.01827	0.02484	0.02525	0.01509	0.52692	0.03604	0.05123	0.01910	0.01940	0.01365	0.00986	0.00801	0.00257	0.00893	0.00719	0.00801	0.01365
23	0.01006	0.00862	0.00862	0.00862	0.01149	0.00718	0.00647	0.01221	0.01940	0.02299	0.08621	0.08190	0.64438	0.02155	0.01006	0.00287	0.00431	0.01796	0.00790	0.00718
24	0.02117	0.01828	0.01924	0.01732	0.02213	0.02117	0.01347	0.04522	0.63246	0.03560	0.03464	0.03175	0.02598	0.01155	0.00866	0.00289	0.00673	0.00962	0.00866	0.01347
25	0.76103	0.01646	0.01251	0.01119	0.01646	0.01909	0.00922	0.02502	0.01448	0.03818	0.01185	0.01382	0.00922	0.00790	0.00527	0.00263	0.00658	0.00461	0.00527	0.00922
26	0.01169	0.00868	0.01088	0.01033	0.01249	0.00788	0.00775	0.01537	0.02324	0.03212	0.54301	0.06687	0.18189	0.01815	0.01004	0.00271	0.00407	0.01585	0.00910	0.00788
27	0.03437	0.02060	0.02354	0.01804	0.02478	0.02158	0.01491	0.41938	0.03459	0.26137	0.02498	0.02339	0.01675	0.01033	0.00853	0.00258	0.00863	0.00797	0.00921	0.01448
28	0.02175	0.01857	0.01957	0.01744	0.02235	0.02144	0.01361	0.07534	0.60139	0.03655	0.03389	0.03116	0.02537	0.01148	0.00865	0.00287	0.00687	0.00952	0.00865	0.01352
29	0.03179	0.04056	0.02412	0.02192	0.02631	0.66676	0.01644	0.03398	0.02412	0.02083	0.01315	0.01535	0.01096	0.00877	0.00767	0.00219	0.01535	0.00548	0.00438	0.00987
30	0.01037	0.00741	0.00987	0.01185	0.01234	0.00691	0.00790	0.01185	0.01629	0.02172	0.04690	0.69537	0.05629	0.02666	0.01086	0.00346	0.00494	0.02419	0.00790	0.00691
31	0.01028	0.00777	0.00950	0.01089	0.01209	0.00699	0.00748	0.01196	0.01721	0.02210	0.05854	0.51373	0.23041	0.02515	0.01062	0.00328	0.00475	0.02235	0.00790	0.00699
32	0.02106	0.02022	0.03454	0.05223	0.64784	0.02022	0.02612	0.02612	0.01938	0.02780	0.01601	0.02106	0.01348	0.00758	0.00842	0.00253	0.01011	0.00758	0.00421	0.01348
33	0.01198	0.01019	0.01054	0.01034	0.01347	0.00950	0.00793	0.01763	0.11485	0.02508	0.07604	0.07483	0.51709	0.02010	0.00993	0.00293	0.00487	0.04650	0.00802	0.00820
34	0.02080	0.01995	0.03407	0.08519	0.61693	0.02015	0.02599	0.02589	0.01925	0.02748	0.01596	0.02115	0.01337	0.00763	0.00843	0.00254	0.01017	0.00758	0.00419	0.01327
35	0.02726	0.37419	0.03438	0.01823	0.02407	0.34937	0.01550	0.02972	0.02069	0.02042	0.01249	0.01450	0.01094	0.00802	0.00656	0.00201	0.01222	0.00501	0.00401	0.01039
36	0.01070	0.00764	0.01026	0.01223	0.01287	0.00720	0.00848	0.01243	0.01662	0.02210	0.04672	0.63560	0.05556	0.02635	0.01095	0.00350	0.00523	0.08067	0.00789	0.00700
37	0.01006	0.00862	0.00862	0.00862	0.01149	0.00718	0.00647	0.01221	0.01940	0.02299	0.08621	0.08190	0.64438	0.02155	0.01006	0.00287	0.00431	0.01796	0.00790	0.00718
38	0.02081	0.01996	0.03409	0.08371	0.61832	0.02015	0.02599	0.02590	0.01926	0.02750	0.01596	0.02114	0.01337	0.00763	0.00843	0.00254	0.01017	0.00758	0.00419	0.01328
39	0.01168	0.00868	0.01087	0.01033	0.01249	0.00788	0.00774	0.01536	0.02323	0.03209	0.54170	0.06691	0.18321	0.01816	0.01004	0.00271	0.00407	0.01586	0.00910	0.00788
40	0.02110	0.29993	0.03554	0.02029	0.02421	0.06165	0.06731	0.02378	0.01593	0.02088	0.01205	0.01679	0.01121	0.01083	0.01623	0.00280	0.31911	0.00639	0.00377	0.01018
41	0.03134	0.03970	0.02456	0.02321	0.05259	0.63942	0.01685	0.03365	0.02392	0.02112	0.01327	0.01559	0.01107	0.00872	0.00771	0.00221	0.01513	0.00557	0.00438	0.01002
42	0.01925	0.03103	0.31711	0.03953	0.37039	0.02001	0.02854	0.02650	0.01874	0.02742	0.01567	0.01966	0.01225	0.00781	0.00827	0.00260	0.01123	0.00699	0.00393	0.01307
43	0.01006	0.00862	0.00862	0.00862	0.01149	0.00718	0.00647	0.01221	0.01940	0.02299	0.08621	0.08190	0.64438	0.02155	0.01006	0.00287	0.00431	0.01796	0.00790	0.00718
44	0.01238	0.00825	0.00928	0.00928	0.00928	0.00825	0.00516	0.01238	0.01238	0.01650	0.02681	0.05569	0.03094	0.70092	0.04331	0.00825	0.00825	0.01238	0.00516	0.00516
45	0.03818	0.01448	0.01975	0.01514	0.02172	0.01251	0.01251	0.04147	0.02436	0.65373	0.03357	0.02897	0.02107	0.01053	0.00856	0.00263	0.00724	0.00856	0.01053	0.01448
46	0.01238	0.00825	0.00928	0.00928	0.00928	0.00825	0.00516	0.01238	0.01238	0.01650	0.02681	0.05569	0.03094	0.70092	0.04331	0.00825	0.00825	0.01238	0.00516	0.00516
47	0.01037	0.00741	0.00987	0.01185	0.01234	0.00691	0.00790	0.01185	0.01629	0.02172	0.04690	0.69537	0.05629	0.02666	0.01086	0.00346	0.00494	0.02419	0.00790	0.00691
48	0.01765	0.01513	0.01765	0.01260	0.02017	0.01134	0.01008	0.02143	0.01765	0.02773	0.01513	0.01765	0.01260	0.00630	0.00630	0.00126	0.00630	0.00504	0.00504	0.75295
49	0.02275	0.70604	0.04459	0.01456	0.02184	0.03367	0.01456	0.02548	0.01729	0.02002	0.01183	0.01365	0.01092	0.00728	0.00546	0.00182	0.00910	0.00455	0.00364	0.01092
50	0.01707	0.04402	0.65683	0.02426	0.03683	0.01976	0.03144	0.02695	0.01797	0.02695	0.01527	0.01797	0.01078	0.00809	0.00809	0.00270	0.01258	0.00629	0.00359	0.01258
51	0.03235	0.02384	0.02554	0.01958	0.02639	0.02639	0.01618	0.61946	0.04001	0.05363	0.02043	0.02043	0.01447	0.01022	0.00851	0.00255	0.00936	0.00766	0.00851	0.01447
52	0.01006	0.00862	0.00862	0.00862	0.01149	0.00718	0.00647	0.01221	0.01940	0.02299	0.08621	0.08190	0.64438	0.02155	0.01006	0.00287	0.00431	0.01796	0.00790	0.00718
53	0.01586	0.00793	0.00793	0.00793	0.00991	0.00793	0.00595	0.01983	0.01785	0.03173	0.02776	0.03173	0.02181	0.00991	0.00595	0.00198	0.00397	0.00793	0.74817	0.00793
54	0.01669	0.01428	0.01505	0.01404	0.01799	0.01542	0.01092	0.03162	0.37438	0.03043	0.05408	0.05364	0.25356	0.01587	0.00934	0.00294	0.00591	0.04463	0.00834	0.01086
55	0.01707	0.04402	0.65683	0.02426	0.03683	0.01976	0.03144	0.02695	0.01797	0.02695	0.01527	0.01797	0.01078	0.00809	0.00809	0.00270	0.01258	0.00629	0.00359	0.01258
56	0.02101	0.01932	0.02215	0.01921	0.02154	0.09090	0.01556	0.14439	0.02000	0.02717	0.01667	0.02293	0.01476	0.02745	0.20704	0.00620	0.28095	0.00776	0.00503	0.00994
57	0.01238	0.00825	0.00928	0.00928	0.00928	0.00825	0.00516	0.01238	0.01238	0.01650	0.02681	0.05569	0.03094	0.70092	0.04331	0.00825	0.00825	0.01238	0.00516	0.00516
58	0.03235	0.02384	0.02554	0.01958	0.02639	0.02639	0.01618	0.61946	0.04001	0.05363	0.02043	0.02043	0.01447	0.01022	0.00851	0.00255	0.00936	0.00766	0.00851	0.01447
59	0.01093	0.00771	0.00964	0.01094	0.01142	0.00731	0.00703	0.01202	0.01532	0.02028	0.04313	0.47922	0.07924	0.22096	0.02018	0.00481	0.00586	0.02046	0.00711	0.00642
60	0.01017	0.00820	0.00905	0.00974	0.01179	0.00709	0.00696	0.01209	0.01832	0.02255	0.07260	0.29427	0.44080	0.02332	0.01034	0.00308	0.00453	0.02012	0.00790	0.00709
61	0.02106	0.02022	0.03454	0.05223	0.64784	0.02022	0.02612	0.02612	0.01938	0.02780	0.01601	0.02106	0.01348	0.00758	0.00842	0.00253	0.01011	0.00758	0.00421	0.01348
62	0.02106	0.02022	0.03454	0.05223	0.64784	0.02022	0.02612	0.02612	0.01938	0.02780	0.01601	0.02106	0.01348	0.00758	0.00842	0.00253	0.01011	0.00758	0.00421	0.01348
63	0.01089	0.00778	0.01047	0.01244	0.01317	0.00736	0.00880	0.01275	0.01681	0.02231	0.04662	0.60206	0.05515	0.02617	0.01100	0.00353	0.00539	0.11237	0.00789	0.00706
64	0.01216	0.00912	0.01368	0.01368	0.01520	0.01064	0.01064	0.01520	0.01368	0.01976	0.02279	0.03343	0.02127	0.06382	0.66720	0.01368	0.02279	0.00912	0.00456	0.00760
65	0.01765	0.01513	0.01765	0.01260	0.02017	0.01134	0.01008	0.02143	0.01765	0.02773	0.01513	0.01765	0.01260	0.00630	0.00630	0.00126	0.00630	0.00504	0.00504	0.75295
66	0.01586	0.00793	0.00793	0.00793	0.00991	0.00793	0.00595	0.01983	0.01785	0.03173	0.02776	0.03173	0.02181	0.00991	0.00595	0.00198	0.00397	0.00793	0.74817	0.00793
67	0.02106	0.02022	0.03454	0.05223	0.64784	0.02022	0.02612	0.02612	0.01938	0.02780	0.01601	0.02106	0.01348	0.00758	0.00842	0.00253	0.01011	0.00758	0.00421	0.01348
68	0.02596	0.19106	0.02730	0.01858	0.02380	0.29276	0.01497	0.03585	0.23309	0.02575	0.02028	0.02062	0.01615	0.00938	0.00749	0.00234	0.01088	0.00669	0.00569	0.01136
69	0.01238	0.00825	0.00928	0.00928	0.00928	0.00825	0.00516	0.01238	0.01238	0.01650	0.02681	0.05569	0.03094	0.70092	0.04331	0.00825	0.00825	0.01238	0.00516	0.00516
70	0.76103	0.01646	0.01251	0.01119	0.01646	0.01909	0.00922	0.02502	0.01448	0.03818	0.01185	0.01382	0.00922	0.00790	0.00527	0.00263	0.00658	0.00461	0.00527	0.00922
71	0.76103	0.01646	0.01251	0.01119	0.01646	0.01909	0.00922	0.02502	0.01448	0.03818	0.01185	0.01382	0.00922	0.00790	0.00527	0.00263	0.00658	0.00461	0.00527	0.00922
72	0.01057	0.00749	0.00981	0.01159	0.01203	0.00705	0.00762	0.01190	0.01590	0.02120	0.04487	0.63075	0.05372	0.09477	0.01414	0.00394	0.00527	0.02300	0.00762	0.00673
73	0.01238	0.00825	0.00928	0.00928	0.00928	0.00825	0.00516	0.01238	0.01238	0.01650	0.02681	0.05569	0.03094	0.70092	0.04331	0.00825	0.00825	0.01238	0.00516	0.00516
74	0.03179	0.04056	0.02412	0.02192	0.02631	0.66676	0.01644	0.03398	0.02412	0.02083	0.01315	0.01535	0.01096	0.00877	0.00767	0.00219	0.01535	0.00548	0.00438	0.00987
75	0.03322	0.01439	0.01884	0.01511	0.02077	0.01313	0.01219	0.09923	0.02479	0.49058	0.03423	0.13179	0.02584	0.01301	0.00891	0.00275	0.00711	0.01090	0.00991	0.01330
76	0.01070	0.00810	0.00988	0.01059	0.01218	0.00728	0.00750	0.01302	0.01919	0.02523	0.20907	0.35162	0.23920	0.02279	0.01041	0.00308	0.00452	0.02010	0.00827	0.00728
77	0.03215	0.02967	0.02504	0.02040	0.02636	0.24980	0.01627	0.41520	0.03447	0.04219	0.01789	0.01866	0.01325	0.00971	0.00822	0.00243	0.01145	0.00690	0.00707	0.01287
78	0.02061	0.01650	0.01868	0.01393	0.02055	0.01461	0.01103	0.16269	0.02243	0.03275	0.01757	0.02215	0.01490	0.07740	0.01057	0.00227	0.00723	0.00641	0.00588	0.50184
79	0.02969	0.04921	0.02265	0.01757	0.02355	0.05340	0.01426	0.22185	0.23256	0.20118	0.02789	0.02591	0.01972	0.01055	0.00840	0.00264	0.00822	0.00831	0.00868	0.01376
80	0.01281	0.01008	0.01493	0.01455	0.01592	0.01220	0.01144	0.01573	0.01361	0.01983	0.02162	0.03194	0.02025	0.05888	0.60262	0.01267	0.08973	0.00895	0.00447	0.00777
81	0.01037	0.00741	0.00987	0.01185	0.01234	0.00691	0.00790	0.01185	0.01629	0.02172	0.04690	0.69537	0.05629	0.02666	0.01086	0.00346	0.00494	0.02419	0.00790	0.00691
82	0.01043	0.00874	0.00914	0.00933	0.01211	0.00745	0.00720	0.01276	0.01942	0.02324	0.08205	0.08332	0.58424	0.02175	0.01023	0.00298	0.00467	0.07580	0.00790	0.00725
83	0.03061	0.02297	0.02456	0.01923	0.02573	0.02558	0.01575	0.53006	0.13225	0.05083	0.02264	0.02219	0.01626	0.01042	0.00854	0.00261	0.00896	0.00797	0.00854	0.01432
84	0.02098	0.02019	0.03374	0.04515	0.48947	0.02050	0.08383	0.02921	0.11490	0.02896	0.01903	0.02292	0.01537	0.00816	0.00862	0.00262	0.01001	0.00815	0.00491	0.01328
85	0.01242	0.01008	0.01490	0.20985	0.02643	0.01069	0.01267	0.01526	0.01658	0.02203	0.03590	0.46225	0.04079	0.02027	0.00994	0.00316	0.00690	0.01831	0.00654	0.04504
86	0.02573	0.01886	0.02125	0.01804	0.02309	0.02050	0.01503	0.41083	0.03278	0.04370	0.02905	0.07661	0.02678	0.01498	0.00959	0.00300	0.00869	0.18107	0.00828	0.01213
87	0.02795	0.02165	0.02306	0.01869	0.02471	0.02434	0.01511	0.39354	0.27310	0.04654	0.02602	0.02488	0.01900	0.01074	0.00857	0.00268	0.00833	0.00843	0.00857	0.01408
88	0.03179	0.04056	0.02412	0.02192	0.02631	0.66676	0.01644	0.03398	0.02412	0.02083	0.01315	0.01535	0.01096	0.00877	0.00767	0.00219	0.01535	0.00548	0.00438	0.00987
89	0.01006	0.00862	0.00862	0.00862	0.01149	0.00718	0.00647	0.01221	0.01940	0.02299	0.08621	0.08190	0.64438	0.02155	0.01006	0.00287	0.00431	0.01796	0.00790	0.00718
90	0.76103	0.01646	0.01251	0.01119	0.01646	0.01909	0.00922	0.02502	0.01448	0.03818	0.01185	0.01382	0.00922	0.00790	0.00527	0.00263	0.00658	0.00461	0.00527	0.00922
91	0.01238	0.00825	0.00928	0.00928	0.00928	0.00825	0.00516	0.01238	0.01238	0.01650	0.02681	0.05569	0.03094	0.70092	0.04331	0.00825	0.00825	0.01238	0.00516	0.00516
92	0.01678	0.04202	0.62030	0.02349	0.03547	0.01910	0.03012	0.02633	0.01831	0.02736	0.05082	0.02055	0.01471	0.00861	0.00820	0.00269	0.01209	0.00680	0.00392	0.01232
93	0.01037	0.00741	0.00987	0.01185	0.01234	0.00691	0.00790	0.01185	0.01629	0.02172	0.04690	0.69537	0.05629	0.02666	0.01086	0.00346	0.00494	0.02419	0.00790	0.00691
94	0.02595	0.03070	0.02548	0.02381	0.05991	0.37575	0.01785	0.02818	0.01945	0.02108	0.01253	0.01697	0.01119	0.01113	0.01576	0.00282	0.28111	0.00638	0.00411	0.00985
95	0.02275	0.70604	0.04459	0.01456	0.02184	0.03367	0.01456	0.02548	0.01729	0.02002	0.01183	0.01365	0.01092	0.00728	0.00546	0.00182	0.00910	0.00455	0.00364	0.01092
96	0.02958	0.10602	0.02648	0.05466	0.02731	0.38290	0.01640	0.16883	0.05801	0.02916	0.01591	0.01757	0.01256	0.00907	0.00772	0.00231	0.01263	0.00621	0.00545	0.01121
97	0.02705	0.29922	0.03141	0.01808	0.02372	0.32856	0.01512	0.07676	0.02245	0.02329	0.01736	0.01886	0.04708	0.00902	0.00701	0.00211	0.01178	0.00600	0.00462	0.01050
98	0.01734	0.07589	0.62736	0.02379	0.03611	0.02043	0.03063	0.02688	0.01793	0.02662	0.01511	0.01776	0.01079	0.00805	0.00796	0.00265	0.01241	0.00620	0.00360	0.01250
99	0.03080	0.07425	0.02569	0.02300	0.05600	0.60265	0.01681	0.03316	0.02353	0.02112	0.01322	0.01553	0.01108	0.00863	0.00759	0.00219	0.01477	0.00553	0.00434	0.01009
100	0.01146	0.00781	0.00976	0.01085	0.01131	0.00762	0.00699	0.01265	0.01491	0.02041	0.03773	0.40573	0.04390	0.25753	0.05533	0.00553	0.00693	0.01847	0.04869	0.00641
101	0.01067	0.00759	0.00973	0.01131	0.01183	0.00713	0.00741	0.01195	0.01581	0.02096	0.04544	0.56984	0.07721	0.13142	0.01588	0.00418	0.00543	0.02209	0.00747	0.00665
102	0.01135	0.00838	0.01060	0.01066	0.01244	0.00764	0.00776	0.01448	0.02153	0.02949	0.41735	0.21655	0.15983	0.02023	0.01024	0.00289	0.00428	0.01787	0.00880	0.00764
103	0.01082	0.00773	0.01037	0.01220	0.01293	0.00728	0.00853	0.01269	0.01706	0.02277	0.07778	0.59777	0.05675	0.02584	0.01092	0.00347	0.00520	0.08485	0.00797	0.00707
104	0.01216	0.00912	0.01368	0.01368	0.01520	0.01064	0.01064	0.01520	0.01368	0.01976	0.02279	0.03343	0.02127	0.06382	0.66720	0.01368	0.02279	0.00912	0.00456	0.00760
105	0.01126	0.00867	0.01029	0.00989	0.01223	0.00770	0.00741	0.01455	0.02224	0.02974	0.42415	0.07078	0.30223	0.01903	0.01005	0.00275	0.00413	0.01640	0.00879	0.00770
106	0.02187	0.60298	0.13991	0.01607	0.02418	0.03151	0.01719	0.02571	0.01740	0.02110	0.01237	0.01432	0.01090	0.00741	0.00587	0.00196	0.00964	0.00482	0.00363	0.01118
107	0.01217	0.00908	0.01349	0.01349	0.01495	0.01054	0.01041	0.01508	0.01362	0.01962	0.02296	0.03437	0.02168	0.09062	0.64096	0.01345	0.02218	0.00925	0.00458	0.00750
108	0.01017	0.00863	0.00878	0.00874	0.01156	0.00723	0.00655	0.01243	0.01966	0.02362	0.11774	0.08086	0.61246	0.02132	0.01006	0.00286	0.00429	0.01781	0.00799	0.00723
109	0.02041	0.01742	0.01868	0.01715	0.02167	0.02002	0.01349	0.04243	0.57055	0.03458	0.03569	0.03824	0.02830	0.01275	0.00897	0.00299	0.00685	0.06831	0.00858	0.01290
110	0.01804	0.03264	0.37435	0.02286	0.03034	0.02205	0.02516	0.02673	0.08261	0.02569	0.01597	0.01968	0.01255	0.01077	0.01487	0.00306	0.23986	0.00704	0.00418	0.01157
111	0.01862	0.01862	0.02607	0.02234	0.02234	0.02607	0.01862	0.02048	0.01303	0.02048	0.01117	0.01862	0.01117	0.01489	0.02793	0.00372	0.68535	0.00745	0.00372	0.00931
112	0.02297	0.46402	0.16942	0.01773	0.02567	0.12933	0.01838	0.02711	0.01850	0.02160	0.01276	0.01482	0.01090	0.00768	0.00635	0.00206	0.01080	0.00506	0.00375	0.01110
113	0.01952	0.02058	0.03172	0.02554	0.02777	0.05207	0.16077	0.02266	0.01518	0.02211	0.01269	0.01951	0.01158	0.01280	0.02282	0.00346	0.49750	0.00798	0.00389	0.00985
114	0.02086	0.02001	0.03417	0.07813	0.62355	0.02017	0.02601	0.02594	0.01928	0.02755	0.01597	0.02113	0.01339	0.00762	0.00843	0.00254	0.01016	0.00758	0.00419	0.01331
115	0.01977	0.02309	0.12983	0.08153	0.48650	0.01953	0.02616	0.02556	0.01904	0.02721	0.01736	0.02458	0.01479	0.00854	0.00855	0.00264	0.01045	0.03778	0.00428	0.01282
116	0.02416	0.60244	0.04141	0.01571	0.02254	0.13223	0.01485	0.02681	0.01835	0.02015	0.01204	0.01392	0.01093	0.00751	0.00581	0.00188	0.01007	0.00470	0.00376	0.01076
117	0.01163	0.00868	0.01081	0.01027	0.01246	0.00785	0.00771	0.01526	0.02312	0.03182	0.52802	0.06736	0.19706	0.01826	0.01004	0.00272	0.00408	0.01592	0.00906	0.00785
118	0.02340	0.02513	0.02452	0.28301	0.07033	0.24398	0.01931	0.06062	0.11659	0.02554	0.01780	0.02136	0.01376	0.00911	0.00824	0.00259	0.01185	0.00717	0.00502	0.01069
119	0.01132	0.00915	0.01013	0.00979	0.01247	0.00820	0.00737	0.01526	0.05296	0.02749	0.27603	0.07295	0.41725	0.01960	0.00998	0.00281	0.00433	0.01664	0.00845	0.00780
120	0.01405	0.01227	0.01143	0.01083	0.01380	0.07742	0.00817	0.01673	0.02130	0.05226	0.21765	0.06797	0.40784	0.01868	0.00974	0.00274	0.00553	0.01559	0.00801	0.00799
121	0.02246	0.67155	0.07649	0.01507	0.02262	0.03295	0.01544	0.02556	0.01733	0.02038	0.01201	0.01388	0.01091	0.00732	0.00560	0.00187	0.00928	0.00464	0.00364	0.01101
122	0.01037	0.00741	0.00987	0.01185	0.01234	0.00691	0.00790	0.01185	0.01629	0.02172	0.04690	0.69537	0.05629	0.02666	0.01086	0.00346	0.00494	0.02419	0.00790	0.00691
123	0.01019	0.00851	0.00888	0.00903	0.01164	0.00720	0.00668	0.01238	0.01934	0.02344	0.11109	0.13886	0.55993	0.02182	0.01013	0.00292	0.00435	0.01842	0.00798	0.00720
124	0.02970	0.19709	0.02913	0.01994	0.02525	0.45156	0.01597	0.09111	0.02410	0.02395	0.01357	0.01546	0.01131	0.00856	0.00723	0.00214	0.01326	0.00548	0.00462	0.01058
125	0.03173	0.02353	0.02519	0.01946	0.02616	0.02610	0.01603	0.58787	0.07261	0.05264	0.02121	0.02105	0.01511	0.01029	0.00852	0.00257	0.00922	0.00777	0.00852	0.01442
126	0.02106	0.02022	0.03454	0.05223	0.64784	0.02022	0.02612	0.02612	0.01938	0.02780	0.01601	0.02106	0.01348	0.00758	0.00842	0.00253	0.01011	0.00758	0.00421	0.01348
127	0.01216	0.00912	0.01368	0.01368	0.01520	0.01064	0.01064	0.01520	0.01368	0.01976	0.02279	0.03343	0.02127	0.06382	0.66720	0.01368	0.02279	0.00912	0.00456	0.00760
128	0.03080	0.03494	0.02366	0.02068	0.02557	0.48057	0.01587	0.17206	0.02765	0.02874	0.01864	0.01998	0.04440	0.00977	0.00800	0.00231	0.01336	0.00664	0.00555	0.01082
129	0.01284	0.01027	0.01237	0.01161	0.01492	0.00849	0.00843	0.01522	0.01724	0.02400	0.04202	0.36525	0.13272	0.01882	0.00916	0.00261	0.00531	0.01659	0.00691	0.26521
130	0.03179	0.04056	0.02412	0.02192	0.02631	0.66676	0.01644	0.03398	0.02412	0.02083	0.01315	0.01535	0.01096	0.00877	0.00767	0.00219	0.01535	0.00548	0.00438	0.00987
131	0.01913	0.16964	0.44908	0.02345	0.03424	0.05145	0.08666	0.02701	0.01832	0.02537	0.01471	0.01752	0.01103	0.00787	0.00776	0.00252	0.01221	0.00630	0.00371	0.01203
132	0.01586	0.00793	0.00793	0.00793	0.00991	0.00793	0.00595	0.01983	0.01785	0.03173	0.02776	0.03173	0.02181	0.00991	0.00595	0.00198	0.00397	0.00793	0.74817	0.00793
133	0.01765	0.01513	0.01765	0.01260	0.02017	0.01134	0.01008	0.02143	0.01765	0.02773	0.01513	0.01765	0.01260	0.00630	0.00630	0.00126	0.00630	0.00504	0.00504	0.75295
134	0.01034	0.00752	0.00976	0.01154	0.01226	0.00694	0.00776	0.01188	0.01659	0.02184	0.05062	0.63744	0.11181	0.02618	0.01079	0.00340	0.00488	0.02360	0.00790	0.00694
135	0.01085	0.00865	0.00972	0.00945	0.01198	0.00752	0.00709	0.01374	0.02126	0.02742	0.30775	0.07461	0.42008	0.01990	0.01005	0.00280	0.00419	0.01694	0.00849	0.00752
