[name]
unknown

[dist]
# distance from previous block
# <min> <max>
4	6

[block]
# block no. 0 follows, 22 sequences, length 8
# corresponding to MSA columns:
# 6-13
name=unknown_A
#
# <colnr> <probs for GDERKNQSTAVLIFYWHMCP>
#	G	D	E	R	K	N	Q	S	T	A	V	L	I	F	Y	W	H	M	C	P
0	0.02182	0.02212	0.03250	0.04744	0.58064	0.09824	0.02436	0.02642	0.01947	0.02632	0.01529	0.01989	0.01286	0.00754	0.00814	0.00243	0.01048	0.00716	0.00413	0.01274
1	0.01971	0.01833	0.02811	0.15662	0.37742	0.01976	0.02173	0.02975	0.18605	0.02812	0.02037	0.02366	0.01607	0.00861	0.00830	0.00262	0.00920	0.00793	0.00521	0.01245
2	0.01733	0.01686	0.02464	0.16001	0.33189	0.05327	0.01933	0.02146	0.01874	0.02435	0.03375	0.03654	0.18485	0.01131	0.00863	0.00260	0.00887	0.01001	0.00501	0.01055
3	0.22937	0.02539	0.02116	0.01748	0.02313	0.18514	0.01403	0.31790	0.02849	0.04034	0.01592	0.01697	0.01189	0.00901	0.00725	0.00243	0.00986	0.00615	0.00646	0.01163
4	0.01964	0.02525	0.18336	0.04452	0.50920	0.01963	0.02673	0.02569	0.01859	0.02694	0.01546	0.01984	0.01253	0.00752	0.00815	0.00251	0.01044	0.00710	0.00397	0.01295
5	0.02591	0.02913	0.02037	0.01816	0.02212	0.41199	0.01381	0.10475	0.02552	0.02793	0.18579	0.02829	0.02936	0.01101	0.00822	0.00231	0.01125	0.00823	0.00611	0.00972
6	0.01824	0.01458	0.02376	0.40844	0.04273	0.01649	0.06879	0.02459	0.06069	0.09841	0.11484	0.02952	0.02346	0.00994	0.00867	0.00273	0.00947	0.00899	0.00564	0.01001
7	0.01919	0.02023	0.04006	0.15752	0.23098	0.02017	0.33602	0.02530	0.01886	0.02580	0.01608	0.02180	0.01250	0.00736	0.00906	0.00269	0.01223	0.00864	0.00408	0.01144

[dist]
# distance from previous block
# <min> <max>
4	9

[block]
# block no. 1 follows, 22 sequences, length 10
# corresponding to MSA columns:
# 23-32
name=unknown_B
#
# <colnr> <probs for GDERKNQSTAVLIFYWHMCP>
#	G	D	E	R	K	N	Q	S	T	A	V	L	I	F	Y	W	H	M	C	P
0	0.30740	0.01696	0.01914	0.02377	0.21450	0.04690	0.01422	0.02418	0.06063	0.03039	0.02809	0.02947	0.13260	0.01041	0.00731	0.00258	0.00748	0.00823	0.00550	0.01023
1	0.02593	0.03182	0.14453	0.02334	0.09071	0.27077	0.01902	0.18337	0.02563	0.03057	0.02031	0.02184	0.05653	0.00955	0.00801	0.00240	0.01169	0.00711	0.00540	0.01147
2	0.02848	0.03028	0.02263	0.01972	0.02465	0.35898	0.01524	0.17069	0.18657	0.03130	0.01986	0.02024	0.01526	0.00958	0.00792	0.00240	0.01149	0.00688	0.00627	0.01156
3	0.01396	0.01075	0.01217	0.01050	0.01426	0.00943	0.00811	0.05496	0.02102	0.02933	0.22356	0.05223	0.24244	0.01474	0.00852	0.00229	0.00485	0.01241	0.07689	0.17758
4	0.01853	0.21589	0.02497	0.18709	0.02747	0.02000	0.01398	0.09616	0.01919	0.02519	0.02282	0.05614	0.05727	0.08924	0.01122	0.00298	0.00838	0.00844	0.08564	0.00938
5	0.22103	0.03352	0.02062	0.01870	0.02320	0.50526	0.01423	0.03091	0.02111	0.02471	0.01251	0.01460	0.01026	0.00834	0.00688	0.00225	0.01277	0.00513	0.00450	0.00947
6	0.02101	0.03216	0.31177	0.01984	0.02850	0.10953	0.02107	0.12610	0.05166	0.03008	0.02020	0.02166	0.04795	0.00898	0.00780	0.00236	0.01055	0.00687	0.00508	0.11683
7	0.02614	0.03116	0.02245	0.02019	0.02363	0.43566	0.01554	0.03077	0.09505	0.02211	0.01912	0.02127	0.04977	0.01073	0.01146	0.00254	0.14085	0.00690	0.00486	0.00980
8	0.10054	0.19997	0.14886	0.02350	0.14220	0.02258	0.01895	0.02333	0.01609	0.02421	0.01414	0.01848	0.01216	0.01500	0.08941	0.00379	0.10594	0.00625	0.00394	0.01065
9	0.08097	0.14881	0.14721	0.01912	0.02619	0.19283	0.01789	0.21378	0.02538	0.03246	0.01511	0.01660	0.01159	0.00856	0.00728	0.00231	0.01100	0.00594	0.00532	0.01165

[dist]
# distance from previous block
# <min> <max>
0	1

[block]
# block no. 2 follows, 22 sequences, length 18
# corresponding to MSA columns:
# 34-51
name=unknown_C
#
# <colnr> <probs for GDERKNQSTAVLIFYWHMCP>
#	G	D	E	R	K	N	Q	S	T	A	V	L	I	F	Y	W	H	M	C	P
0	0.02051	0.02213	0.01997	0.02285	0.15433	0.23998	0.01438	0.05277	0.02116	0.02406	0.03732	0.11587	0.19335	0.01389	0.00870	0.00256	0.00943	0.01141	0.00580	0.00954
1	0.02530	0.12866	0.02219	0.01546	0.02060	0.10680	0.01259	0.03428	0.20557	0.19577	0.07893	0.03098	0.06539	0.01108	0.00800	0.00248	0.00784	0.00877	0.00760	0.01172
2	0.01998	0.01945	0.02773	0.03950	0.46193	0.08432	0.02074	0.02431	0.01962	0.02683	0.06529	0.02744	0.05944	0.00923	0.00820	0.00243	0.00921	0.00841	0.05427	0.01167
3	0.02287	0.01904	0.02912	0.16740	0.40223	0.05656	0.02237	0.02749	0.01951	0.12624	0.01801	0.02177	0.01378	0.00810	0.00822	0.00252	0.00996	0.00743	0.00502	0.01234
4	0.30139	0.20391	0.02375	0.01449	0.02012	0.10054	0.01230	0.05608	0.11174	0.06196	0.01648	0.01728	0.01290	0.00841	0.00627	0.00234	0.00827	0.00564	0.00551	0.01062
5	0.01813	0.01675	0.02759	0.04014	0.48546	0.01654	0.02074	0.02270	0.01990	0.02822	0.15516	0.03248	0.05996	0.01015	0.00864	0.00252	0.00831	0.00955	0.00537	0.01171
6	0.02215	0.06820	0.06213	0.07758	0.38453	0.09872	0.07012	0.06867	0.02061	0.02719	0.01535	0.01949	0.01249	0.00775	0.00807	0.00244	0.01087	0.00710	0.00435	0.01222
7	0.06244	0.03438	0.40546	0.03083	0.21651	0.05604	0.02708	0.02634	0.01808	0.02686	0.01481	0.01805	0.01122	0.00778	0.00781	0.00255	0.01138	0.00637	0.00382	0.01220
8	0.02932	0.17055	0.02743	0.02000	0.02483	0.54989	0.01569	0.03156	0.02225	0.02018	0.01259	0.01466	0.01069	0.00828	0.00707	0.00207	0.01380	0.00517	0.00414	0.00983
9	0.28460	0.06660	0.02472	0.10029	0.14915	0.01988	0.06479	0.07475	0.01872	0.06701	0.01518	0.01812	0.01168	0.00787	0.00699	0.00247	0.00866	0.00630	0.00512	0.04710
10	0.18425	0.02270	0.06993	0.01650	0.02254	0.12216	0.01419	0.17687	0.02495	0.19015	0.06072	0.02239	0.01796	0.00964	0.00759	0.00249	0.00890	0.00712	0.00717	0.01179
11	0.02603	0.06779	0.10994	0.01989	0.02554	0.34471	0.01704	0.09812	0.12260	0.02698	0.01879	0.05161	0.01554	0.00983	0.00783	0.00239	0.01182	0.00718	0.00542	0.01096
12	0.01725	0.01315	0.01908	0.01577	0.01976	0.01296	0.10312	0.02418	0.11944	0.10422	0.23551	0.04905	0.17288	0.01453	0.01016	0.00275	0.03573	0.01275	0.00788	0.00982
13	0.02517	0.02816	0.02064	0.01877	0.02272	0.37239	0.01433	0.06519	0.15166	0.02494	0.01946	0.02204	0.01592	0.01966	0.13756	0.00448	0.01431	0.00701	0.00541	0.01019
14	0.02746	0.24874	0.02943	0.01880	0.02400	0.42249	0.01525	0.03143	0.06986	0.02122	0.01408	0.01572	0.01184	0.00832	0.00689	0.00208	0.01241	0.00538	0.00438	0.01023
15	0.01887	0.01675	0.01525	0.01329	0.01730	0.10247	0.01037	0.18599	0.02549	0.03130	0.10121	0.05314	0.34405	0.01597	0.00908	0.00261	0.00701	0.01290	0.00753	0.00940
16	0.22347	0.06741	0.09451	0.01545	0.02080	0.01787	0.01444	0.13943	0.02128	0.03328	0.02657	0.04214	0.05134	0.01328	0.00820	0.00289	0.00808	0.18324	0.00632	0.01001
17	0.01658	0.06395	0.37393	0.02428	0.09037	0.01793	0.09515	0.02342	0.01738	0.02463	0.02196	0.02745	0.06565	0.08780	0.01207	0.00322	0.01095	0.00821	0.00417	0.01091

[dist]
# distance from previous block
# <min> <max>
1	7

[block]
# block no. 3 follows, 22 sequences, length 11
# corresponding to MSA columns:
# 59-69
name=unknown_D
#
# <colnr> <probs for GDERKNQSTAVLIFYWHMCP>
#	G	D	E	R	K	N	Q	S	T	A	V	L	I	F	Y	W	H	M	C	P
0	0.02358	0.02442	0.03587	0.03678	0.26885	0.15640	0.22990	0.02853	0.02046	0.06972	0.01665	0.02057	0.01297	0.00771	0.00863	0.00252	0.01217	0.00787	0.00461	0.01182
1	0.02587	0.08241	0.02675	0.02813	0.19981	0.39431	0.01782	0.02883	0.02141	0.02233	0.01884	0.02125	0.05925	0.00906	0.00771	0.00225	0.01230	0.00676	0.00443	0.01050
2	0.20148	0.01394	0.01569	0.09075	0.06818	0.04121	0.01283	0.02280	0.06053	0.02888	0.02414	0.03757	0.02191	0.01539	0.05413	0.00349	0.00847	0.13166	0.13793	0.00903
3	0.02219	0.18883	0.13638	0.01830	0.02397	0.25332	0.01695	0.02571	0.01924	0.02145	0.02300	0.02474	0.10340	0.01051	0.00936	0.00238	0.07875	0.00723	0.00441	0.00989
4	0.06035	0.06447	0.12904	0.02684	0.20973	0.01895	0.01911	0.02152	0.01700	0.02463	0.02845	0.03120	0.14646	0.01184	0.01212	0.00277	0.15140	0.00895	0.00470	0.01047
5	0.17353	0.01668	0.01642	0.01772	0.08771	0.12459	0.01204	0.02069	0.01618	0.02410	0.02260	0.02943	0.06357	0.07966	0.25284	0.00683	0.01397	0.00809	0.00481	0.00856
6	0.01519	0.01176	0.01282	0.01226	0.01550	0.01193	0.00925	0.02454	0.23112	0.06408	0.05699	0.17309	0.29298	0.01797	0.00941	0.00290	0.00530	0.01532	0.00812	0.00948
7	0.02909	0.08629	0.02449	0.02004	0.02461	0.50768	0.01549	0.09762	0.02406	0.02377	0.01419	0.01664	0.01178	0.01236	0.05405	0.00294	0.01438	0.00577	0.00469	0.01005
8	0.01994	0.02794	0.17352	0.02983	0.03771	0.08493	0.37366	0.02645	0.01879	0.02520	0.01536	0.02019	0.01179	0.00818	0.01112	0.00279	0.08922	0.00832	0.00400	0.01104
9	0.15633	0.05679	0.22020	0.02605	0.12499	0.15680	0.09313	0.02726	0.01861	0.02695	0.01408	0.01715	0.01094	0.00779	0.00749	0.00248	0.01150	0.00624	0.00414	0.01108
10	0.02443	0.02622	0.02427	0.07114	0.12500	0.27807	0.01747	0.09482	0.05751	0.02572	0.01617	0.01999	0.01339	0.01483	0.07839	0.00362	0.08665	0.00686	0.00485	0.01057

[dist]
# distance from previous block
# <min> <max>
6	15

[block]
# block no. 4 follows, 22 sequences, length 60
# corresponding to MSA columns:
# 85-144
name=unknown_E
#
# <colnr> <probs for GDERKNQSTAVLIFYWHMCP>
#	G	D	E	R	K	N	Q	S	T	A	V	L	I	F	Y	W	H	M	C	P
0	0.17688	0.27166	0.05861	0.01315	0.01872	0.02147	0.01210	0.02426	0.09498	0.02615	0.02962	0.03003	0.14227	0.01281	0.03343	0.00279	0.00784	0.00799	0.00538	0.00984
1	0.05818	0.03222	0.37455	0.02371	0.09559	0.04554	0.02368	0.02952	0.14849	0.02834	0.02164	0.02302	0.04123	0.00913	0.00796	0.00264	0.01028	0.00732	0.00491	0.01205
2	0.02460	0.03871	0.28501	0.02394	0.06754	0.32644	0.02255	0.06909	0.02185	0.02528	0.01432	0.01668	0.01100	0.00831	0.00775	0.00238	0.01319	0.00593	0.00422	0.01121
3	0.17179	0.24587	0.33821	0.01813	0.02734	0.02338	0.02113	0.02548	0.01664	0.02645	0.01318	0.01540	0.01025	0.00761	0.00653	0.00235	0.01003	0.00528	0.00386	0.01110
4	0.02190	0.23420	0.03165	0.02871	0.25807	0.15454	0.01786	0.02524	0.01923	0.02289	0.02198	0.02430	0.08809	0.00917	0.00738	0.00223	0.00993	0.00729	0.00440	0.01095
5	0.02079	0.02133	0.03721	0.07489	0.22741	0.04714	0.28192	0.05532	0.09429	0.02833	0.01833	0.02244	0.01419	0.00791	0.00891	0.00266	0.01151	0.00859	0.00484	0.01198
6	0.03103	0.03959	0.02354	0.02140	0.02568	0.67469	0.01605	0.03317	0.02354	0.02033	0.01284	0.01498	0.01070	0.00856	0.00749	0.00214	0.01498	0.00535	0.00428	0.00963
7	0.01391	0.02031	0.22643	0.04778	0.02328	0.01247	0.01725	0.01976	0.02027	0.02860	0.28038	0.05251	0.04631	0.01490	0.00947	0.00289	0.00781	0.13964	0.00671	0.00932
8	0.01187	0.00890	0.01335	0.01335	0.01483	0.01038	0.01038	0.01483	0.01335	0.01928	0.02225	0.03264	0.02077	0.06231	0.67512	0.01335	0.02225	0.00890	0.00445	0.00742
9	0.01253	0.00957	0.01341	0.01306	0.01403	0.01123	0.00976	0.01462	0.01297	0.01854	0.02217	0.03680	0.02223	0.22260	0.45158	0.01107	0.08277	0.00956	0.00452	0.00697
10	0.01027	0.00856	0.00904	0.00928	0.01197	0.00733	0.00720	0.01259	0.01896	0.02275	0.07911	0.08168	0.57690	0.02128	0.01003	0.00293	0.00464	0.09069	0.00771	0.00709
11	0.01201	0.00833	0.01048	0.01048	0.01097	0.00882	0.00680	0.01299	0.01250	0.01716	0.02488	0.04719	0.02709	0.49492	0.25115	0.00980	0.01274	0.01103	0.00484	0.00582
12	0.01666	0.04297	0.66500	0.02368	0.03596	0.01929	0.03069	0.02631	0.01754	0.02631	0.01491	0.01754	0.01052	0.00789	0.00789	0.00263	0.01228	0.00614	0.00351	0.01228
13	0.01745	0.03828	0.53748	0.02920	0.16125	0.01938	0.02964	0.02614	0.01782	0.02648	0.01505	0.01815	0.01106	0.00779	0.00796	0.00260	0.01179	0.00639	0.00363	0.01246
14	0.01012	0.00723	0.00964	0.01157	0.01205	0.00675	0.00771	0.01157	0.01591	0.02121	0.04579	0.70262	0.05495	0.02603	0.01060	0.00337	0.00482	0.02362	0.00771	0.00675
15	0.01669	0.01497	0.02000	0.02523	0.22732	0.01537	0.01481	0.02623	0.20895	0.02769	0.04411	0.07858	0.21807	0.01382	0.00892	0.00273	0.00683	0.01203	0.00675	0.01090
16	0.01179	0.00926	0.01099	0.01060	0.01195	0.00939	0.00754	0.01354	0.01694	0.02238	0.17127	0.09875	0.24489	0.22972	0.02159	0.00449	0.07672	0.01465	0.00676	0.00677
17	0.03055	0.03869	0.02401	0.02275	0.05449	0.64477	0.01648	0.03282	0.02333	0.02064	0.01297	0.01524	0.01081	0.00851	0.00752	0.00216	0.01475	0.00544	0.00427	0.00979
18	0.01842	0.03247	0.37959	0.03603	0.31638	0.01949	0.02834	0.02594	0.01816	0.02668	0.01523	0.01891	0.01172	0.00767	0.00804	0.00256	0.01119	0.00671	0.00378	0.01268
19	0.02556	0.39840	0.03434	0.01758	0.02312	0.29335	0.01519	0.02796	0.01934	0.01989	0.01204	0.01428	0.01069	0.00814	0.00750	0.00203	0.05160	0.00498	0.00385	0.01015
20	0.01085	0.00865	0.00989	0.01044	0.01285	0.00769	0.00826	0.01346	0.01909	0.02363	0.10537	0.11556	0.43460	0.02155	0.01028	0.00308	0.00509	0.16468	0.00778	0.00721
21	0.02422	0.02339	0.02974	0.07773	0.38906	0.12729	0.02183	0.14982	0.02365	0.03084	0.01601	0.01962	0.01283	0.00817	0.00813	0.00244	0.01062	0.00708	0.00497	0.01255
22	0.02624	0.02665	0.02615	0.02924	0.21766	0.23563	0.01841	0.15347	0.12657	0.03128	0.01857	0.02032	0.01455	0.00894	0.00804	0.00242	0.01086	0.00707	0.00573	0.01220
23	0.02630	0.02455	0.02882	0.03453	0.32243	0.13972	0.02040	0.23760	0.02679	0.03473	0.01663	0.01934	0.01306	0.00851	0.00812	0.00242	0.01053	0.00706	0.00561	0.01286
24	0.01149	0.00868	0.01073	0.01080	0.01301	0.00793	0.00849	0.01483	0.02121	0.02824	0.35352	0.07398	0.24983	0.01944	0.01014	0.00292	0.00476	0.13403	0.00840	0.00755
25	0.01666	0.01589	0.02183	0.16316	0.09299	0.06064	0.01698	0.02006	0.01528	0.02107	0.01616	0.02369	0.01440	0.02718	0.22844	0.00627	0.18869	0.00761	0.00405	0.03892
26	0.01545	0.01383	0.01886	0.01683	0.01705	0.01811	0.01318	0.01691	0.01263	0.01876	0.01706	0.03086	0.01800	0.22261	0.13052	0.00640	0.39221	0.00891	0.00416	0.00766
27	0.01187	0.00890	0.01335	0.01335	0.01483	0.01038	0.01038	0.01483	0.01335	0.01928	0.02225	0.03264	0.02077	0.06231	0.67512	0.01335	0.02225	0.00890	0.00445	0.00742
28	0.02066	0.01785	0.01878	0.01691	0.02160	0.02066	0.01315	0.04414	0.64121	0.03475	0.03381	0.03099	0.02536	0.01127	0.00845	0.00282	0.00657	0.00939	0.00845	0.01315
29	0.01443	0.00722	0.01082	0.01082	0.01082	0.00722	0.00722	0.01082	0.01082	0.01443	0.01443	0.02525	0.01443	0.02886	0.03247	0.75830	0.00722	0.00722	0.00361	0.00361
30	0.01188	0.00797	0.00912	0.00932	0.00937	0.00792	0.00531	0.01203	0.01248	0.01664	0.02821	0.12154	0.03277	0.63737	0.03900	0.00757	0.00772	0.01328	0.00531	0.00521
31	0.01187	0.00890	0.01335	0.01335	0.01483	0.01038	0.01038	0.01483	0.01335	0.01928	0.02225	0.03264	0.02077	0.06231	0.67512	0.01335	0.02225	0.00890	0.00445	0.00742
32	0.01190	0.00876	0.01262	0.01262	0.01386	0.00999	0.00948	0.01437	0.01314	0.01875	0.02292	0.03632	0.02237	0.17170	0.56791	0.01245	0.01985	0.00944	0.00455	0.00701
33	0.01208	0.00805	0.00906	0.00906	0.00906	0.00805	0.00503	0.01208	0.01208	0.01611	0.02618	0.05436	0.03020	0.70804	0.04228	0.00805	0.00805	0.01208	0.00503	0.00503
34	0.01666	0.04297	0.66500	0.02368	0.03596	0.01929	0.03069	0.02631	0.01754	0.02631	0.01491	0.01754	0.01052	0.00789	0.00789	0.00263	0.01228	0.00614	0.00351	0.01228
35	0.03103	0.03959	0.02354	0.02140	0.02568	0.67469	0.01605	0.03317	0.02354	0.02033	0.01284	0.01498	0.01070	0.00856	0.00749	0.00214	0.01498	0.00535	0.00428	0.00963
36	0.01182	0.00872	0.01141	0.01294	0.01466	0.00832	0.01048	0.01468	0.01825	0.02342	0.05257	0.24913	0.17188	0.02336	0.01091	0.00350	0.00622	0.33275	0.00768	0.00729
37	0.01340	0.01099	0.01549	0.01922	0.14325	0.01042	0.01227	0.01702	0.02037	0.02727	0.23453	0.06564	0.20948	0.01748	0.00987	0.00291	0.00605	0.14827	0.00741	0.00865
38	0.01012	0.00723	0.00964	0.01157	0.01205	0.00675	0.00771	0.01157	0.01591	0.02121	0.04579	0.70262	0.05495	0.02603	0.01060	0.00337	0.00482	0.02362	0.00771	0.00675
39	0.01911	0.01768	0.02961	0.04378	0.52714	0.01768	0.02305	0.02382	0.01896	0.02668	0.02135	0.03534	0.02016	0.01054	0.00888	0.00274	0.00942	0.12717	0.00483	0.01205
40	0.01012	0.00723	0.00964	0.01157	0.01205	0.00675	0.00771	0.01157	0.01591	0.02121	0.04579	0.70262	0.05495	0.02603	0.01060	0.00337	0.00482	0.02362	0.00771	0.00675
41	0.02221	0.71304	0.04353	0.01421	0.02132	0.03287	0.01421	0.02488	0.01688	0.01955	0.01155	0.01333	0.01066	0.00711	0.00533	0.00178	0.00888	0.00444	0.00355	0.01066
42	0.02554	0.07448	0.02239	0.01870	0.02279	0.39233	0.01447	0.06508	0.08596	0.02345	0.01725	0.02039	0.01445	0.01969	0.14236	0.00447	0.01483	0.00655	0.00494	0.00988
43	0.01350	0.00904	0.01005	0.00967	0.01018	0.00921	0.00577	0.05293	0.01408	0.01910	0.02580	0.05114	0.02878	0.63344	0.03855	0.00744	0.00795	0.01160	0.03601	0.00574
44	0.01251	0.01080	0.01792	0.01564	0.01841	0.00999	0.13251	0.01590	0.01929	0.02613	0.22906	0.30500	0.11551	0.01890	0.01011	0.00297	0.00634	0.01757	0.00744	0.00801
45	0.02417	0.16499	0.02434	0.01661	0.02154	0.19266	0.01348	0.09479	0.21172	0.02923	0.02151	0.02206	0.01686	0.00938	0.00722	0.00228	0.00917	0.00692	0.09996	0.01115
46	0.01744	0.01671	0.05302	0.02138	0.02567	0.01667	0.17502	0.09629	0.01967	0.02699	0.02487	0.07811	0.02387	0.02375	0.14613	0.00522	0.08349	0.13049	0.00559	0.00964
47	0.00986	0.00827	0.00857	0.00881	0.01132	0.00698	0.00649	0.01188	0.01856	0.02229	0.07934	0.15812	0.57779	0.02167	0.00992	0.00288	0.00428	0.01830	0.00771	0.00698
48	0.01012	0.00723	0.00964	0.01157	0.01205	0.00675	0.00771	0.01157	0.01591	0.02121	0.04579	0.70262	0.05495	0.02603	0.01060	0.00337	0.00482	0.02362	0.00771	0.00675
49	0.03103	0.03959	0.02354	0.02140	0.02568	0.67469	0.01605	0.03317	0.02354	0.02033	0.01284	0.01498	0.01070	0.00856	0.00749	0.00214	0.01498	0.00535	0.00428	0.00963
50	0.01187	0.00890	0.01335	0.01335	0.01483	0.01038	0.01038	0.01483	0.01335	0.01928	0.02225	0.03264	0.02077	0.06231	0.67512	0.01335	0.02225	0.00890	0.00445	0.00742
51	0.03158	0.02327	0.02493	0.01911	0.02576	0.02576	0.01579	0.62852	0.03906	0.05236	0.01995	0.01995	0.01413	0.00997	0.00831	0.00249	0.00914	0.00748	0.00831	0.01413
52	0.01187	0.00890	0.01335	0.01335	0.01483	0.01038	0.01038	0.01483	0.01335	0.01928	0.02225	0.03264	0.02077	0.06231	0.67512	0.01335	0.02225	0.00890	0.00445	0.00742
53	0.01216	0.00934	0.01392	0.01375	0.01516	0.01109	0.01075	0.01508	0.01332	0.01932	0.02172	0.03195	0.02030	0.06005	0.64459	0.01289	0.05385	0.00882	0.00441	0.00750
54	0.01005	0.00753	0.00933	0.01077	0.01184	0.00681	0.00736	0.01166	0.01667	0.02152	0.05546	0.54559	0.20573	0.02477	0.01041	0.00323	0.00467	0.02208	0.00771	0.00681
55	0.01012	0.00723	0.00964	0.01157	0.01205	0.00675	0.00771	0.01157	0.01591	0.02121	0.04579	0.70262	0.05495	0.02603	0.01060	0.00337	0.00482	0.02362	0.00771	0.00675
56	0.03059	0.03783	0.02407	0.02261	0.05399	0.61070	0.01646	0.06457	0.02416	0.02234	0.01334	0.01550	0.01099	0.00858	0.00757	0.00217	0.01444	0.00556	0.00449	0.01003
57	0.02874	0.17214	0.02858	0.02114	0.06248	0.34553	0.01618	0.17667	0.02570	0.02841	0.01448	0.01619	0.01168	0.00854	0.00729	0.00217	0.01200	0.00581	0.00511	0.01115
58	0.02126	0.01762	0.05226	0.01662	0.02111	0.04371	0.01425	0.18465	0.12505	0.06689	0.10892	0.04963	0.03428	0.01487	0.00943	0.00296	0.00792	0.18973	0.00791	0.01092
59	0.02640	0.01723	0.01729	0.01476	0.01938	0.09716	0.01163	0.06962	0.17716	0.23154	0.05690	0.02889	0.02293	0.01048	0.00781	0.00245	0.00726	0.00836	0.16104	0.01173

[dist]
# distance from previous block
# <min> <max>
0	8

[block]
# block no. 5 follows, 22 sequences, length 14
# corresponding to MSA columns:
# 153-166
name=unknown_F
#
# <colnr> <probs for GDERKNQSTAVLIFYWHMCP>
#	G	D	E	R	K	N	Q	S	T	A	V	L	I	F	Y	W	H	M	C	P
0	0.02694	0.03097	0.02150	0.01938	0.02334	0.45257	0.01479	0.10086	0.02320	0.02396	0.01574	0.01941	0.01330	0.02038	0.15232	0.00461	0.01585	0.00638	0.00480	0.00969
1	0.02786	0.03169	0.02684	0.03029	0.22048	0.40211	0.01894	0.09525	0.02379	0.02590	0.01447	0.01724	0.01183	0.00836	0.00781	0.00228	0.01277	0.00621	0.00466	0.01121
2	0.01920	0.02509	0.18922	0.09577	0.45428	0.01952	0.02659	0.02535	0.01839	0.02646	0.01538	0.01994	0.01234	0.00760	0.00815	0.00253	0.01056	0.00709	0.00393	0.01262
3	0.01569	0.01477	0.02492	0.68808	0.05722	0.01846	0.02307	0.02123	0.01661	0.02123	0.01477	0.02215	0.01107	0.00831	0.00831	0.00277	0.01107	0.00738	0.00369	0.00923
4	0.02439	0.02938	0.01899	0.01747	0.02136	0.44290	0.01313	0.02801	0.06524	0.02192	0.03420	0.03422	0.19088	0.01223	0.00821	0.00237	0.01139	0.00903	0.00553	0.00915
5	0.01080	0.00834	0.00916	0.00902	0.01094	0.00745	0.00633	0.01278	0.01823	0.02323	0.19288	0.06974	0.37423	0.19016	0.01785	0.00406	0.00510	0.01564	0.00736	0.00670
6	0.01061	0.00743	0.00950	0.01095	0.01131	0.00707	0.00705	0.01169	0.01496	0.01995	0.04093	0.54221	0.04882	0.19480	0.01844	0.00453	0.00562	0.02076	0.00705	0.00632
7	0.01012	0.00723	0.00964	0.01157	0.01205	0.00675	0.00771	0.01157	0.01591	0.02121	0.04579	0.70262	0.05495	0.02603	0.01060	0.00337	0.00482	0.02362	0.00771	0.00675
8	0.01505	0.01260	0.01361	0.01263	0.01608	0.01323	0.00968	0.02701	0.29476	0.03038	0.19254	0.05422	0.24360	0.01579	0.00921	0.00277	0.00519	0.01336	0.00837	0.00991
9	0.02264	0.03465	0.22952	0.02684	0.03501	0.24575	0.23290	0.02878	0.02033	0.02435	0.01486	0.01835	0.01131	0.00781	0.00842	0.00252	0.01381	0.00714	0.00402	0.01099
10	0.02473	0.02082	0.02780	0.02128	0.02790	0.02188	0.14679	0.28765	0.18149	0.03968	0.02214	0.02292	0.01638	0.00924	0.00844	0.00250	0.00924	0.00818	0.00709	0.09387
11	0.02279	0.09394	0.02369	0.01674	0.02232	0.02168	0.01385	0.20057	0.16644	0.03436	0.01979	0.02087	0.01547	0.00960	0.00991	0.00232	0.09517	0.00693	0.00639	0.19716
12	0.01395	0.01034	0.01310	0.01274	0.01428	0.01111	0.00947	0.04411	0.01679	0.02462	0.05409	0.30488	0.03515	0.05412	0.06691	0.00397	0.10246	0.01453	0.13343	0.05994
13	0.02252	0.02082	0.02295	0.02543	0.17867	0.10325	0.01627	0.13224	0.23329	0.03245	0.02840	0.06094	0.06370	0.01115	0.00845	0.00262	0.00864	0.00933	0.00673	0.01212

[dist]
# distance from previous block
# <min> <max>
4	7

[block]
# block no. 6 follows, 22 sequences, length 28
# corresponding to MSA columns:
# 174-201
name=unknown_G
#
# <colnr> <probs for GDERKNQSTAVLIFYWHMCP>
#	G	D	E	R	K	N	Q	S	T	A	V	L	I	F	Y	W	H	M	C	P
0	0.02483	0.20349	0.02643	0.01758	0.02241	0.31948	0.01418	0.03125	0.13666	0.02418	0.08392	0.02251	0.02057	0.00958	0.00736	0.00222	0.01070	0.00689	0.00539	0.01036
1	0.02446	0.26464	0.03120	0.17632	0.03165	0.13012	0.01701	0.17881	0.02352	0.02841	0.01465	0.01736	0.01165	0.00835	0.00714	0.00225	0.01044	0.00606	0.00491	0.01104
2	0.15910	0.01738	0.02431	0.02690	0.20411	0.01855	0.07657	0.03010	0.18738	0.06160	0.02149	0.02393	0.01683	0.01442	0.07834	0.00377	0.00991	0.00785	0.00584	0.01163
3	0.21560	0.02891	0.02307	0.02575	0.17269	0.35265	0.01650	0.02913	0.02005	0.02625	0.01318	0.01593	0.01085	0.00807	0.00707	0.00233	0.01159	0.00562	0.00446	0.01031
4	0.02212	0.02797	0.14627	0.03026	0.20754	0.15589	0.02201	0.06669	0.01940	0.02548	0.01401	0.01821	0.01166	0.00972	0.01286	0.00273	0.18496	0.00672	0.00420	0.01130
5	0.01210	0.00809	0.00867	0.00867	0.00972	0.00774	0.00549	0.01330	0.01475	0.02030	0.04108	0.05681	0.18697	0.41226	0.02770	0.00566	0.00635	0.01271	0.13563	0.00601
6	0.02233	0.01923	0.02401	0.02700	0.20372	0.02119	0.01709	0.12960	0.36972	0.03531	0.02646	0.02629	0.02013	0.00996	0.00837	0.00267	0.00792	0.00853	0.00719	0.01330
7	0.01513	0.01133	0.01295	0.01255	0.01509	0.01132	0.00927	0.15789	0.02216	0.02890	0.04942	0.38250	0.19729	0.02095	0.00986	0.00302	0.00569	0.01825	0.00785	0.00856
8	0.06789	0.03455	0.02331	0.02034	0.02522	0.48813	0.01564	0.17384	0.02675	0.02877	0.01446	0.01608	0.01143	0.00885	0.00757	0.00225	0.01317	0.00581	0.00528	0.01067
9	0.01184	0.00809	0.00899	0.00899	0.00929	0.00794	0.00517	0.01206	0.01281	0.01678	0.03230	0.05707	0.09599	0.63546	0.03885	0.00750	0.00765	0.01266	0.00532	0.00524
10	0.03041	0.03841	0.02415	0.02316	0.06314	0.63578	0.01661	0.03272	0.02327	0.02074	0.01301	0.01531	0.01085	0.00849	0.00753	0.00216	0.01468	0.00547	0.00427	0.00984
11	0.02556	0.03048	0.02435	0.02158	0.02403	0.39843	0.01696	0.02756	0.01894	0.02019	0.01202	0.01634	0.01079	0.01111	0.01590	0.00278	0.30342	0.00617	0.00401	0.00940
12	0.02474	0.02382	0.02317	0.02568	0.18283	0.20680	0.01634	0.14058	0.08565	0.03130	0.01943	0.02169	0.01526	0.00899	0.00763	0.00232	0.00983	0.00708	0.13545	0.01139
13	0.02281	0.01477	0.01762	0.01581	0.01988	0.01538	0.01283	0.20405	0.08711	0.13757	0.03434	0.16806	0.03245	0.01644	0.00956	0.00304	0.00736	0.16154	0.00837	0.01101
14	0.01204	0.00820	0.00980	0.00980	0.01006	0.00846	0.00596	0.01256	0.01230	0.01666	0.02549	0.05060	0.02857	0.59606	0.15203	0.00897	0.01052	0.01153	0.00493	0.00545
15	0.02056	0.01974	0.03372	0.05099	0.65622	0.01974	0.02550	0.02550	0.01892	0.02714	0.01563	0.02056	0.01316	0.00740	0.00822	0.00247	0.00987	0.00740	0.00411	0.01316
16	0.02243	0.02485	0.02220	0.21791	0.03289	0.29825	0.01715	0.05542	0.01994	0.02199	0.01544	0.02077	0.01286	0.01878	0.13265	0.00449	0.04157	0.00680	0.00431	0.00930
17	0.00982	0.00842	0.00842	0.00842	0.01122	0.00701	0.00631	0.01192	0.01894	0.02244	0.08416	0.07995	0.65285	0.02104	0.00982	0.00281	0.00421	0.01753	0.00771	0.00701
18	0.01666	0.04297	0.66500	0.02368	0.03596	0.01929	0.03069	0.02631	0.01754	0.02631	0.01491	0.01754	0.01052	0.00789	0.00789	0.00263	0.01228	0.00614	0.00351	0.01228
19	0.02003	0.02123	0.04229	0.04205	0.31313	0.02045	0.36173	0.02612	0.01930	0.02684	0.01629	0.02160	0.01285	0.00718	0.00911	0.00265	0.01219	0.00875	0.00416	0.01206
20	0.01001	0.00819	0.00884	0.00917	0.01146	0.00702	0.00669	0.01211	0.01866	0.02294	0.11515	0.20006	0.49742	0.02174	0.00997	0.00290	0.00431	0.01855	0.00781	0.00702
21	0.01247	0.01015	0.01097	0.01048	0.01317	0.00983	0.00776	0.01870	0.13482	0.02630	0.18580	0.06445	0.35190	0.09097	0.01299	0.00332	0.00499	0.01493	0.00786	0.00811
22	0.01724	0.01592	0.07963	0.01466	0.01902	0.01376	0.01311	0.17208	0.02481	0.03303	0.15694	0.05842	0.17635	0.01662	0.00963	0.00291	0.00703	0.15150	0.00770	0.00965
23	0.01959	0.02767	0.18737	0.02185	0.02625	0.14285	0.04365	0.02378	0.01629	0.02184	0.01367	0.01907	0.01185	0.01634	0.08441	0.00407	0.29883	0.00689	0.00383	0.00991
24	0.02136	0.02239	0.03660	0.04398	0.43767	0.08523	0.17725	0.02654	0.01955	0.02633	0.01565	0.02048	0.01277	0.00742	0.00855	0.00252	0.01143	0.00781	0.00415	0.01231
25	0.02116	0.03283	0.26032	0.09777	0.15259	0.20575	0.02355	0.02703	0.01972	0.02458	0.04694	0.02014	0.01460	0.00850	0.00798	0.00247	0.01204	0.00674	0.00415	0.01114
26	0.01948	0.12980	0.34726	0.02302	0.08811	0.12816	0.02304	0.02572	0.01871	0.02407	0.02114	0.02310	0.07553	0.00917	0.00770	0.00243	0.01121	0.00704	0.00412	0.01117
27	0.01792	0.01773	0.01433	0.01322	0.01619	0.17887	0.00976	0.07909	0.02147	0.02506	0.10963	0.07694	0.25059	0.11655	0.01383	0.00337	0.00799	0.01262	0.00666	0.00817

[dist]
# distance from previous block
# <min> <max>
2	100

[block]
# block no. 7 follows, 22 sequences, length 51
# corresponding to MSA columns:
# 302-352
name=unknown_H
#
# <colnr> <probs for GDERKNQSTAVLIFYWHMCP>
#	G	D	E	R	K	N	Q	S	T	A	V	L	I	F	Y	W	H	M	C	P
0	0.05982	0.14299	0.02488	0.01777	0.02262	0.29459	0.01430	0.15127	0.02408	0.02816	0.04977	0.02015	0.01610	0.01491	0.08040	0.00342	0.01256	0.00651	0.00531	0.01036
1	0.01943	0.05636	0.02758	0.03651	0.41020	0.08930	0.01968	0.02327	0.01915	0.02488	0.02823	0.06656	0.12224	0.01081	0.00839	0.00250	0.00915	0.00960	0.00490	0.01126
2	0.01340	0.01225	0.01907	0.01611	0.01976	0.01157	0.14503	0.01886	0.08354	0.02556	0.11770	0.19682	0.25148	0.01756	0.00984	0.00291	0.00673	0.01603	0.00717	0.00861
3	0.02453	0.42067	0.11600	0.01727	0.02428	0.19348	0.01667	0.02797	0.01901	0.05366	0.01340	0.01505	0.01116	0.00774	0.00636	0.00202	0.01077	0.00509	0.00408	0.01078
4	0.06392	0.02816	0.25457	0.03151	0.19101	0.01981	0.15680	0.06825	0.01996	0.06296	0.01661	0.01987	0.01234	0.00783	0.00829	0.00261	0.01122	0.00738	0.00460	0.01230
5	0.02171	0.02284	0.02964	0.18458	0.39143	0.15792	0.02297	0.02618	0.01939	0.02440	0.01485	0.01973	0.01218	0.00785	0.00809	0.00246	0.01121	0.00696	0.00406	0.01155
6	0.01666	0.04297	0.66500	0.02368	0.03596	0.01929	0.03069	0.02631	0.01754	0.02631	0.01491	0.01754	0.01052	0.00789	0.00789	0.00263	0.01228	0.00614	0.00351	0.01228
7	0.01611	0.13815	0.02291	0.06794	0.15920	0.04419	0.01462	0.01903	0.01736	0.02245	0.02935	0.30734	0.03239	0.01635	0.00891	0.00283	0.00774	0.05815	0.00575	0.00922
8	0.02483	0.02500	0.02337	0.02634	0.18143	0.28997	0.01675	0.02797	0.02014	0.09205	0.01781	0.02176	0.01463	0.02038	0.15593	0.00476	0.01444	0.00698	0.00493	0.01052
9	0.01040	0.00885	0.00901	0.00890	0.01175	0.00767	0.00669	0.01356	0.04732	0.02352	0.10924	0.07687	0.59676	0.02040	0.00976	0.00280	0.00430	0.01704	0.00782	0.00733
10	0.00989	0.00812	0.00872	0.00921	0.01143	0.00695	0.00666	0.01183	0.01817	0.02213	0.07450	0.23661	0.50242	0.02229	0.01002	0.00295	0.00436	0.01906	0.00771	0.00695
11	0.02978	0.03622	0.02487	0.02488	0.10274	0.55702	0.01719	0.06677	0.02388	0.02302	0.01359	0.01595	0.01120	0.00850	0.00763	0.00220	0.01402	0.00572	0.00449	0.01032
12	0.01199	0.00842	0.01093	0.01093	0.01158	0.00907	0.00737	0.01328	0.01264	0.01749	0.02446	0.04488	0.02609	0.42626	0.31844	0.01037	0.01425	0.01069	0.00478	0.00607
13	0.01005	0.00749	0.00937	0.01088	0.01187	0.00681	0.00740	0.01165	0.01657	0.02148	0.05421	0.56594	0.18619	0.02493	0.01043	0.00325	0.00469	0.02228	0.00771	0.00681
14	0.02050	0.01992	0.03477	0.04989	0.61406	0.01983	0.06681	0.02557	0.01896	0.02710	0.01571	0.02069	0.01312	0.00737	0.00833	0.00249	0.01015	0.00757	0.00412	0.01302
15	0.02213	0.02293	0.03411	0.04145	0.40851	0.10902	0.12409	0.05066	0.02013	0.02676	0.01536	0.01996	0.01265	0.00798	0.00943	0.00254	0.04832	0.00752	0.00429	0.01217
16	0.01961	0.02201	0.04677	0.03560	0.08856	0.02112	0.55254	0.02622	0.01924	0.02634	0.01644	0.02207	0.01257	0.00738	0.01050	0.00281	0.04527	0.00951	0.00417	0.01125
17	0.02871	0.03519	0.02580	0.02797	0.16561	0.52935	0.01815	0.03147	0.02252	0.02184	0.01346	0.01622	0.01125	0.00830	0.00765	0.00221	0.01385	0.00581	0.00424	0.01041
18	0.00982	0.00842	0.00842	0.00842	0.01122	0.00701	0.00631	0.01192	0.01894	0.02244	0.08416	0.07995	0.65285	0.02104	0.00982	0.00281	0.00421	0.01753	0.00771	0.00701
19	0.02056	0.01974	0.03372	0.05099	0.65622	0.01974	0.02550	0.02550	0.01892	0.02714	0.01563	0.02056	0.01316	0.00740	0.00822	0.00247	0.00987	0.00740	0.00411	0.01316
20	0.03158	0.02327	0.02493	0.01911	0.02576	0.02576	0.01579	0.62852	0.03906	0.05236	0.01995	0.01995	0.01413	0.00997	0.00831	0.00249	0.00914	0.00748	0.00831	0.01413
21	0.01259	0.00931	0.01228	0.01377	0.01588	0.00900	0.01182	0.01604	0.01908	0.02432	0.05290	0.09065	0.18208	0.02253	0.01111	0.00360	0.00689	0.47098	0.00766	0.00751
22	0.01067	0.00840	0.00978	0.01063	0.01272	0.00751	0.00818	0.01300	0.01830	0.02270	0.06682	0.22115	0.38735	0.02257	0.01036	0.00316	0.00510	0.14681	0.00770	0.00709
23	0.01187	0.00890	0.01335	0.01335	0.01483	0.01038	0.01038	0.01483	0.01335	0.01928	0.02225	0.03264	0.02077	0.06231	0.67512	0.01335	0.02225	0.00890	0.00445	0.00742
24	0.01003	0.00842	0.00871	0.00864	0.01135	0.00710	0.00648	0.01233	0.01944	0.02363	0.14630	0.07799	0.58997	0.02060	0.00982	0.00278	0.00418	0.01726	0.00787	0.00710
25	0.03103	0.03959	0.02354	0.02140	0.02568	0.67469	0.01605	0.03317	0.02354	0.02033	0.01284	0.01498	0.01070	0.00856	0.00749	0.00214	0.01498	0.00535	0.00428	0.00963
26	0.02221	0.71304	0.04353	0.01421	0.02132	0.03287	0.01421	0.02488	0.01688	0.01955	0.01155	0.01333	0.01066	0.00711	0.00533	0.00178	0.00888	0.00444	0.00355	0.01066
27	0.01009	0.00837	0.00849	0.00849	0.01096	0.00714	0.00616	0.01194	0.01810	0.02167	0.07707	0.07682	0.57676	0.10499	0.01379	0.00345	0.00468	0.01687	0.00739	0.00677
28	0.01208	0.00805	0.00906	0.00906	0.00906	0.00805	0.00503	0.01208	0.01208	0.01611	0.02618	0.05436	0.03020	0.70804	0.04228	0.00805	0.00805	0.01208	0.00503	0.00503
29	0.01826	0.23616	0.48583	0.02095	0.03174	0.02321	0.02594	0.02590	0.01735	0.02436	0.01394	0.01632	0.01056	0.00767	0.00715	0.00238	0.01130	0.00565	0.00352	0.01181
30	0.02038	0.01663	0.01892	0.01380	0.02102	0.01430	0.01115	0.15430	0.02202	0.03262	0.01590	0.01782	0.01270	0.00699	0.00663	0.00151	0.00681	0.00548	0.00567	0.59536
31	0.01841	0.10969	0.17975	0.17331	0.04209	0.02152	0.28680	0.02515	0.01816	0.02450	0.01529	0.02016	0.01157	0.00750	0.00850	0.00263	0.01235	0.00780	0.00386	0.01094
32	0.01595	0.01494	0.01707	0.06594	0.01945	0.09493	0.01241	0.01801	0.01438	0.01892	0.01901	0.03195	0.01899	0.20354	0.24033	0.00770	0.16576	0.00879	0.00434	0.00760
33	0.01144	0.00790	0.00982	0.01084	0.01127	0.00771	0.00714	0.01250	0.01450	0.01925	0.03633	0.32281	0.04242	0.34696	0.02563	0.00563	0.00669	0.08865	0.00644	0.00605
34	0.03158	0.02327	0.02493	0.01911	0.02576	0.02576	0.01579	0.62852	0.03906	0.05236	0.01995	0.01995	0.01413	0.00997	0.00831	0.00249	0.00914	0.00748	0.00831	0.01413
35	0.01009	0.00850	0.00879	0.00893	0.01167	0.00721	0.00684	0.01232	0.01895	0.02262	0.08113	0.08099	0.60729	0.02118	0.00994	0.00288	0.00447	0.06142	0.00771	0.00706
36	0.01035	0.00746	0.00987	0.01171	0.01240	0.00697	0.00808	0.01201	0.01628	0.02154	0.04738	0.62868	0.08138	0.02557	0.01063	0.00338	0.00501	0.06677	0.00771	0.00683
37	0.01187	0.00796	0.00912	0.00934	0.00939	0.00791	0.00533	0.01202	0.01250	0.01667	0.02832	0.12533	0.03291	0.63338	0.03882	0.00754	0.00770	0.01334	0.00533	0.00522
38	0.01012	0.00723	0.00964	0.01157	0.01205	0.00675	0.00771	0.01157	0.01591	0.02121	0.04579	0.70262	0.05495	0.02603	0.01060	0.00337	0.00482	0.02362	0.00771	0.00675
39	0.01049	0.00824	0.00948	0.00960	0.01174	0.00723	0.00704	0.01307	0.01989	0.02572	0.25961	0.17858	0.36858	0.02058	0.00994	0.00284	0.00422	0.01775	0.00817	0.00723
40	0.01960	0.01904	0.02312	0.01990	0.02182	0.09561	0.04017	0.08710	0.01727	0.02366	0.01517	0.02177	0.01375	0.02492	0.18309	0.00572	0.34689	0.00758	0.00445	0.00937
41	0.02438	0.01950	0.02093	0.01713	0.02294	0.02132	0.01371	0.26472	0.32613	0.04045	0.02592	0.02490	0.01929	0.01008	0.00809	0.00248	0.00750	0.00805	0.00792	0.11456
42	0.14758	0.02372	0.05517	0.04384	0.07137	0.16367	0.01533	0.03524	0.29748	0.03049	0.02240	0.02271	0.01716	0.00950	0.00763	0.00259	0.00911	0.00729	0.00622	0.01149
43	0.02122	0.19686	0.15739	0.01724	0.02353	0.23548	0.01647	0.02503	0.01966	0.02184	0.02878	0.02952	0.15316	0.01084	0.00757	0.00230	0.01055	0.00800	0.00471	0.00985
44	0.01753	0.03782	0.52491	0.02974	0.17360	0.01939	0.02954	0.02613	0.01784	0.02649	0.01507	0.01821	0.01111	0.00778	0.00797	0.00259	0.01174	0.00642	0.00364	0.01247
45	0.02501	0.14292	0.03141	0.03298	0.30011	0.24607	0.01985	0.06077	0.02125	0.02491	0.01423	0.01741	0.01195	0.00789	0.00749	0.00224	0.01141	0.00621	0.00430	0.01159
46	0.01830	0.21200	0.46041	0.02212	0.03279	0.02288	0.07133	0.02597	0.01753	0.02461	0.01420	0.01683	0.01072	0.00763	0.00738	0.00243	0.01154	0.00598	0.00357	0.01179
47	0.01562	0.01365	0.01410	0.01466	0.04990	0.05755	0.01061	0.02360	0.17727	0.02636	0.05041	0.05686	0.25704	0.04746	0.01062	0.00305	0.00647	0.09206	0.06356	0.00914
48	0.01935	0.06719	0.01636	0.01284	0.01599	0.07863	0.00957	0.08465	0.06476	0.08639	0.03554	0.07178	0.13650	0.24206	0.01956	0.00436	0.00788	0.01127	0.00655	0.00877
49	0.02676	0.03255	0.02302	0.02067	0.02383	0.48195	0.01590	0.02896	0.02117	0.02123	0.06054	0.01923	0.01584	0.01051	0.01200	0.00250	0.16295	0.00650	0.00451	0.00938
50	0.01569	0.01167	0.01218	0.01141	0.01358	0.04270	0.00831	0.06496	0.07073	0.02675	0.09898	0.04312	0.08413	0.19324	0.09803	0.00514	0.00836	0.01063	0.17239	0.00800

[dist]
# distance from previous block
# <min> <max>
1	2

[block]
# block no. 8 follows, 22 sequences, length 64
# corresponding to MSA columns:
# 355-418
name=unknown_I
#
# <colnr> <probs for GDERKNQSTAVLIFYWHMCP>
#	G	D	E	R	K	N	Q	S	T	A	V	L	I	F	Y	W	H	M	C	P
0	0.19705	0.02945	0.31403	0.02632	0.14952	0.01941	0.06554	0.02658	0.04712	0.02951	0.01529	0.01814	0.01152	0.00786	0.00746	0.00261	0.01027	0.00640	0.00430	0.01163
1	0.02095	0.02260	0.09175	0.12917	0.14822	0.02103	0.25693	0.12534	0.04549	0.03043	0.01729	0.02154	0.01303	0.00799	0.00884	0.00267	0.01162	0.00831	0.00489	0.01191
2	0.02620	0.03011	0.02818	0.02593	0.09389	0.35354	0.12054	0.05782	0.13104	0.02596	0.01777	0.01984	0.01399	0.00871	0.00816	0.00242	0.01257	0.00712	0.00515	0.01107
3	0.01735	0.12067	0.10849	0.07462	0.02357	0.01760	0.01517	0.11542	0.01902	0.02576	0.02127	0.09575	0.01996	0.05798	0.22380	0.00625	0.01341	0.00918	0.00510	0.00961
4	0.01777	0.01390	0.01505	0.01346	0.01719	0.01449	0.01040	0.18572	0.13285	0.03290	0.07053	0.16690	0.24113	0.01708	0.00931	0.00282	0.00607	0.01438	0.00805	0.01001
5	0.01855	0.14120	0.11621	0.01612	0.02180	0.02000	0.01483	0.03240	0.31573	0.03056	0.15217	0.03222	0.03134	0.01120	0.00810	0.00257	0.00728	0.00919	0.00701	0.01151
6	0.15001	0.11412	0.29300	0.02706	0.18599	0.04500	0.02305	0.02585	0.01743	0.02739	0.01402	0.01698	0.01094	0.00767	0.00717	0.00246	0.01033	0.00593	0.00398	0.01163
7	0.01644	0.01804	0.07323	0.02459	0.07443	0.01763	0.19269	0.02093	0.01778	0.02533	0.12945	0.09934	0.02835	0.01495	0.04142	0.00343	0.17596	0.01107	0.00525	0.00970
8	0.01537	0.01014	0.01148	0.01079	0.01202	0.01046	0.00714	0.10423	0.01687	0.02334	0.02604	0.10113	0.02767	0.41210	0.02979	0.07186	0.00742	0.01153	0.08392	0.00669
9	0.02247	0.01972	0.01850	0.01557	0.02100	0.13046	0.01214	0.03298	0.24762	0.09473	0.02817	0.02744	0.06272	0.00993	0.00772	0.00222	0.00781	0.00788	0.00686	0.22407
10	0.02820	0.25600	0.02997	0.01909	0.02428	0.46845	0.01546	0.03051	0.02140	0.02008	0.01243	0.01445	0.01069	0.00809	0.00680	0.00202	0.01302	0.00506	0.00405	0.00996
11	0.01984	0.10287	0.30205	0.02914	0.13023	0.02175	0.16723	0.07894	0.02006	0.02809	0.01556	0.01892	0.01175	0.00771	0.00816	0.00254	0.01169	0.00714	0.00419	0.01215
12	0.02597	0.02144	0.02054	0.06443	0.02438	0.17236	0.01427	0.16666	0.07905	0.13125	0.04905	0.02527	0.01907	0.01914	0.12480	0.00437	0.01217	0.00785	0.00672	0.01119
13	0.01807	0.04747	0.01622	0.01408	0.01729	0.21346	0.01059	0.02072	0.02082	0.02481	0.20025	0.15580	0.11294	0.01510	0.00873	0.00247	0.00791	0.01253	0.00663	0.07410
14	0.02351	0.02729	0.03716	0.03448	0.18498	0.23076	0.28571	0.02845	0.02071	0.02472	0.01525	0.01958	0.01213	0.00760	0.00868	0.00251	0.01333	0.00780	0.00421	0.01117
15	0.02037	0.02028	0.03681	0.04776	0.53226	0.02000	0.14698	0.02572	0.01906	0.02703	0.01587	0.02093	0.01305	0.00732	0.00854	0.00253	0.01071	0.00789	0.00413	0.01276
16	0.02070	0.01538	0.01718	0.01489	0.01888	0.01609	0.01154	0.30823	0.02740	0.03655	0.03604	0.27996	0.09598	0.01693	0.00923	0.00280	0.00689	0.01442	0.00788	0.04304
17	0.05569	0.43776	0.07917	0.01577	0.02135	0.02726	0.01524	0.02294	0.01572	0.02091	0.01304	0.01681	0.01189	0.01529	0.09344	0.00362	0.11474	0.00556	0.00375	0.01005
18	0.01361	0.00963	0.01198	0.01162	0.01369	0.01038	0.00886	0.04589	0.04450	0.02412	0.03361	0.04059	0.12076	0.08617	0.33358	0.00810	0.01350	0.01021	0.15136	0.00783
19	0.03103	0.03959	0.02354	0.02140	0.02568	0.67469	0.01605	0.03317	0.02354	0.02033	0.01284	0.01498	0.01070	0.00856	0.00749	0.00214	0.01498	0.00535	0.00428	0.00963
20	0.01666	0.04297	0.66500	0.02368	0.03596	0.01929	0.03069	0.02631	0.01754	0.02631	0.01491	0.01754	0.01052	0.00789	0.00789	0.00263	0.01228	0.00614	0.00351	0.01228
21	0.01184	0.00809	0.01074	0.01133	0.01230	0.00852	0.00804	0.01393	0.01444	0.02083	0.03078	0.24177	0.03297	0.15730	0.27421	0.00789	0.01205	0.01382	0.10231	0.00684
22	0.65829	0.07080	0.01539	0.01191	0.01714	0.06586	0.00989	0.02507	0.01501	0.03473	0.01166	0.01359	0.00924	0.00773	0.00532	0.00248	0.00722	0.00455	0.00496	0.00917
23	0.01121	0.00865	0.00928	0.00900	0.01181	0.00735	0.00679	0.01366	0.01987	0.04933	0.17468	0.07500	0.53437	0.01996	0.00976	0.00276	0.00427	0.01676	0.00805	0.00743
24	0.01158	0.01456	0.14237	0.01417	0.01710	0.00940	0.01260	0.01478	0.01637	0.02239	0.03947	0.53887	0.04566	0.02223	0.01009	0.00324	0.00645	0.04392	0.00686	0.00790
25	0.02010	0.02007	0.03033	0.22941	0.43071	0.07684	0.02398	0.02496	0.01867	0.02486	0.01514	0.02052	0.01235	0.00776	0.00818	0.00252	0.01066	0.00722	0.00401	0.01173
26	0.70083	0.01595	0.01332	0.07033	0.01968	0.01862	0.01023	0.02414	0.01435	0.03586	0.01185	0.01425	0.00918	0.00776	0.00542	0.00259	0.00683	0.00475	0.00501	0.00902
27	0.01187	0.00890	0.01335	0.01335	0.01483	0.01038	0.01038	0.01483	0.01335	0.01928	0.02225	0.03264	0.02077	0.06231	0.67512	0.01335	0.02225	0.00890	0.00445	0.00742
28	0.02196	0.68281	0.07158	0.01464	0.02198	0.03226	0.01496	0.02494	0.01691	0.01985	0.01170	0.01352	0.01065	0.00714	0.00545	0.00182	0.00904	0.00452	0.00355	0.01073
29	0.00984	0.00833	0.00851	0.00866	0.01128	0.00699	0.00642	0.01190	0.01870	0.02235	0.08124	0.12737	0.60732	0.02142	0.00988	0.00285	0.00425	0.01800	0.00771	0.00699
30	0.00982	0.00842	0.00842	0.00842	0.01122	0.00701	0.00631	0.01192	0.01894	0.02244	0.08416	0.07995	0.65285	0.02104	0.00982	0.00281	0.00421	0.01753	0.00771	0.00701
