[name]
unknown

[dist]
# distance from previous block
# <min> <max>
0	7

[block]
# block no. 0 follows, 22 sequences, length 21
# corresponding to MSA columns:
# 7-27
name=unknown_A
#
# <colnr> <probs for GDERKNQSTAVLIFYWHMCP>
#	G	D	E	R	K	N	Q	S	T	A	V	L	I	F	Y	W	H	M	C	P
0	0.06203	0.01569	0.02063	0.29851	0.09486	0.07460	0.01791	0.02107	0.01784	0.02346	0.02593	0.04090	0.06295	0.01506	0.04334	0.00345	0.01040	0.13729	0.00505	0.00904
1	0.01812	0.01305	0.01994	0.22636	0.12818	0.01358	0.01585	0.02244	0.02033	0.12468	0.21385	0.03951	0.08552	0.01211	0.00887	0.00265	0.00757	0.01065	0.00673	0.01000
2	0.08790	0.01338	0.01638	0.04749	0.05746	0.01388	0.01154	0.05770	0.12586	0.15407	0.08859	0.13828	0.03124	0.10360	0.01296	0.00345	0.00687	0.01154	0.00753	0.01028
3	0.01936	0.01137	0.01436	0.01305	0.01602	0.01113	0.00987	0.10629	0.02219	0.16036	0.17418	0.24539	0.04388	0.05324	0.05598	0.00381	0.00702	0.01469	0.00831	0.00953
4	0.01190	0.00859	0.01043	0.01108	0.01195	0.00854	0.00732	0.01511	0.07112	0.02214	0.10907	0.35355	0.04687	0.24932	0.02080	0.00478	0.00594	0.01753	0.00706	0.00688
5	0.01183	0.00793	0.00915	0.00965	0.01096	0.00763	0.00665	0.01380	0.01588	0.02244	0.04377	0.22023	0.16974	0.16728	0.07506	0.00479	0.00670	0.01499	0.17480	0.00673
6	0.01407	0.01061	0.01351	0.01326	0.01537	0.01202	0.01010	0.02150	0.15520	0.02401	0.02759	0.09248	0.02525	0.06658	0.37387	0.00873	0.01476	0.01032	0.08220	0.00859
7	0.05486	0.01422	0.01666	0.01415	0.01856	0.01398	0.01100	0.10740	0.07036	0.08699	0.02734	0.22005	0.02659	0.01387	0.00938	0.00249	0.04800	0.01154	0.00692	0.22564
8	0.01717	0.01012	0.01129	0.01067	0.01308	0.01054	0.00798	0.02356	0.14750	0.06015	0.02932	0.03231	0.05425	0.01444	0.01197	0.15168	0.00528	0.00854	0.37181	0.00835
9	0.01129	0.00827	0.01063	0.01081	0.01252	0.00762	0.00802	0.01444	0.02101	0.02883	0.41232	0.21026	0.13394	0.01986	0.01009	0.00289	0.00441	0.05673	0.00856	0.00749
10	0.01392	0.01176	0.01471	0.01374	0.01548	0.01331	0.01057	0.01933	0.10573	0.02645	0.22062	0.15122	0.13670	0.03915	0.01468	0.00319	0.15960	0.01413	0.00724	0.00848
11	0.01980	0.01630	0.02556	0.02041	0.02471	0.01710	0.17059	0.15308	0.02186	0.06328	0.04962	0.14147	0.02492	0.05440	0.09210	0.00441	0.07247	0.01155	0.00624	0.01015
12	0.01068	0.00746	0.00947	0.01085	0.01120	0.00712	0.00695	0.01171	0.01482	0.01976	0.04021	0.51825	0.04791	0.22000	0.01961	0.00470	0.00574	0.02034	0.00695	0.00626
13	0.01793	0.01073	0.01313	0.01239	0.01505	0.01034	0.00917	0.09599	0.02101	0.13523	0.09592	0.32442	0.09635	0.05550	0.01126	0.00319	0.00575	0.01635	0.04128	0.00902
14	0.00994	0.00794	0.00890	0.00967	0.01155	0.00691	0.00687	0.01178	0.01773	0.02195	0.06887	0.32800	0.41467	0.02303	0.01013	0.00303	0.00445	0.01996	0.00771	0.00691
15	0.04935	0.01223	0.01830	0.07348	0.08352	0.01277	0.08354	0.01745	0.01464	0.02135	0.02187	0.03911	0.02229	0.37453	0.02660	0.00546	0.03457	0.01003	0.07141	0.00752
16	0.06451	0.01337	0.01671	0.12587	0.02404	0.01453	0.01271	0.02753	0.17818	0.13433	0.03563	0.18311	0.08393	0.01470	0.00941	0.00290	0.02841	0.01245	0.00739	0.01029
17	0.01512	0.01161	0.01222	0.01162	0.01482	0.01209	0.00897	0.02522	0.23564	0.02921	0.07557	0.05176	0.24038	0.01500	0.00852	0.00265	0.00510	0.03917	0.17596	0.00938
18	0.01878	0.01372	0.01651	0.01613	0.05960	0.01419	0.01104	0.20995	0.02238	0.03026	0.02745	0.22154	0.02868	0.14795	0.01746	0.07185	0.00743	0.01280	0.00665	0.04561
19	0.22222	0.01440	0.01693	0.01606	0.07472	0.01414	0.01164	0.03051	0.04981	0.30810	0.03401	0.03216	0.11898	0.01113	0.00774	0.00261	0.00666	0.00879	0.00788	0.01150
20	0.05495	0.02386	0.02417	0.02440	0.13146	0.18099	0.01688	0.16816	0.02313	0.03063	0.01579	0.01917	0.01285	0.01007	0.01188	0.00261	0.15944	0.00680	0.07176	0.01099

[dist]
# distance from previous block
# <min> <max>
7	12

[block]
# block no. 1 follows, 22 sequences, length 55
# corresponding to MSA columns:
# 40-94
name=unknown_B
#
# <colnr> <probs for GDERKNQSTAVLIFYWHMCP>
#	G	D	E	R	K	N	Q	S	T	A	V	L	I	F	Y	W	H	M	C	P
0	0.06082	0.47691	0.07770	0.02302	0.16689	0.02829	0.01752	0.02508	0.01724	0.02263	0.01269	0.01524	0.01113	0.00725	0.00614	0.00203	0.00919	0.00522	0.00376	0.01124
1	0.02275	0.67179	0.04231	0.01465	0.02159	0.07218	0.01433	0.02538	0.01729	0.01959	0.01163	0.01343	0.01066	0.00720	0.00546	0.00180	0.00926	0.00450	0.00360	0.01060
2	0.01955	0.01022	0.01360	0.01177	0.01510	0.00917	0.00917	0.02325	0.02360	0.22526	0.46283	0.05174	0.06073	0.01494	0.00936	0.00260	0.00488	0.01299	0.00949	0.00976
3	0.04768	0.02395	0.15909	0.03162	0.21584	0.02185	0.07482	0.02366	0.01620	0.02465	0.01366	0.01894	0.01157	0.01015	0.01529	0.00297	0.26589	0.00719	0.00386	0.01113
4	0.02056	0.01974	0.03372	0.05099	0.65622	0.01974	0.02550	0.02550	0.01892	0.02714	0.01563	0.02056	0.01316	0.00740	0.00822	0.00247	0.00987	0.00740	0.00411	0.01316
5	0.00982	0.00842	0.00842	0.00842	0.01122	0.00701	0.00631	0.01192	0.01894	0.02244	0.08416	0.07995	0.65285	0.02104	0.00982	0.00281	0.00421	0.01753	0.00771	0.00701
6	0.01031	0.00843	0.00909	0.00893	0.01152	0.00722	0.00670	0.01287	0.02009	0.02518	0.22691	0.07545	0.50839	0.02002	0.00981	0.00276	0.00414	0.01690	0.00807	0.00722
7	0.02808	0.03066	0.17081	0.02056	0.02808	0.13936	0.01924	0.38547	0.03139	0.04073	0.01754	0.01852	0.01270	0.00925	0.00807	0.00246	0.01089	0.00680	0.00650	0.01291
8	0.01793	0.19595	0.52312	0.02152	0.03261	0.02239	0.02693	0.02598	0.01739	0.02476	0.01414	0.01658	0.01055	0.00771	0.00731	0.00244	0.01150	0.00575	0.00352	0.01191
9	0.01012	0.00723	0.00964	0.01157	0.01205	0.00675	0.00771	0.01157	0.01591	0.02121	0.04579	0.70262	0.05495	0.02603	0.01060	0.00337	0.00482	0.02362	0.00771	0.00675
10	0.01569	0.01477	0.02492	0.68808	0.05722	0.01846	0.02307	0.02123	0.01661	0.02123	0.01477	0.02215	0.01107	0.00831	0.00831	0.00277	0.01107	0.00738	0.00369	0.00923
11	0.01208	0.00805	0.00906	0.00906	0.00906	0.00805	0.00503	0.01208	0.01208	0.01611	0.02618	0.05436	0.03020	0.70804	0.04228	0.00805	0.00805	0.01208	0.00503	0.00503
12	0.01012	0.00723	0.00964	0.01157	0.01205	0.00675	0.00771	0.01157	0.01591	0.02121	0.04579	0.70262	0.05495	0.02603	0.01060	0.00337	0.00482	0.02362	0.00771	0.00675
13	0.01768	0.03586	0.45187	0.02760	0.03854	0.01989	0.23669	0.02641	0.01825	0.02641	0.01557	0.01922	0.01124	0.00758	0.00855	0.00269	0.01288	0.00741	0.00375	0.01191
14	0.02056	0.01974	0.03372	0.05099	0.65622	0.01974	0.02550	0.02550	0.01892	0.02714	0.01563	0.02056	0.01316	0.00740	0.00822	0.00247	0.00987	0.00740	0.00411	0.01316
15	0.01176	0.00849	0.01110	0.01045	0.01241	0.00784	0.00784	0.01568	0.02352	0.03331	0.65184	0.06206	0.07839	0.01698	0.00980	0.00261	0.00392	0.01502	0.00914	0.00784
16	0.01793	0.19595	0.52312	0.02152	0.03261	0.02239	0.02693	0.02598	0.01739	0.02476	0.01414	0.01658	0.01055	0.00771	0.00731	0.00244	0.01150	0.00575	0.00352	0.01191
17	0.14705	0.12374	0.05482	0.01547	0.02146	0.02039	0.01342	0.05964	0.24687	0.17632	0.02503	0.02370	0.01815	0.00961	0.00738	0.00254	0.00741	0.00736	0.00733	0.01231
18	0.01031	0.00843	0.00909	0.00893	0.01152	0.00722	0.00670	0.01287	0.02009	0.02518	0.22691	0.07545	0.50839	0.02002	0.00981	0.00276	0.00414	0.01690	0.00807	0.00722
19	0.01005	0.00753	0.00933	0.01077	0.01184	0.00681	0.00736	0.01166	0.01667	0.02152	0.05544	0.54604	0.20530	0.02477	0.01041	0.00323	0.00467	0.02209	0.00771	0.00681
20	0.01666	0.04297	0.66500	0.02368	0.03596	0.01929	0.03069	0.02631	0.01754	0.02631	0.01491	0.01754	0.01052	0.00789	0.00789	0.00263	0.01228	0.00614	0.00351	0.01228
21	0.02719	0.03113	0.02693	0.03053	0.22334	0.38987	0.01909	0.07522	0.02276	0.02488	0.01416	0.01726	0.01174	0.00858	0.00870	0.00234	0.04448	0.00624	0.00450	0.01105
22	0.03100	0.02388	0.02455	0.01913	0.02555	0.06045	0.01567	0.56706	0.06852	0.04975	0.02026	0.02023	0.01451	0.00996	0.00827	0.00249	0.00933	0.00746	0.00810	0.01384
23	0.03103	0.03959	0.02354	0.02140	0.02568	0.67469	0.01605	0.03317	0.02354	0.02033	0.01284	0.01498	0.01070	0.00856	0.00749	0.00214	0.01498	0.00535	0.00428	0.00963
24	0.01190	0.00908	0.01131	0.01243	0.01471	0.00850	0.01044	0.01501	0.01905	0.02385	0.06073	0.08797	0.30004	0.02215	0.01078	0.00340	0.00621	0.35735	0.00768	0.00738
25	0.39738	0.01799	0.01666	0.01433	0.01962	0.02063	0.01157	0.14656	0.21061	0.03940	0.01998	0.02008	0.01498	0.00923	0.00676	0.00263	0.00699	0.00657	0.00676	0.01125
26	0.20087	0.01037	0.01036	0.00980	0.01288	0.01024	0.00755	0.01645	0.01941	0.03017	0.27473	0.05666	0.27961	0.01620	0.00863	0.00268	0.00466	0.01333	0.00759	0.00782
27	0.02930	0.18485	0.02883	0.01857	0.02473	0.19057	0.01550	0.34100	0.03009	0.03681	0.01624	0.01719	0.01247	0.00896	0.00742	0.00224	0.01055	0.00625	0.00621	0.01221
28	0.02082	0.54454	0.19981	0.01659	0.02500	0.02946	0.01836	0.02524	0.01705	0.02125	0.01239	0.01439	0.01063	0.00730	0.00597	0.00199	0.00974	0.00487	0.00354	0.01107
29	0.01097	0.00846	0.01001	0.00963	0.01193	0.00750	0.00722	0.01415	0.02166	0.02891	0.42164	0.06931	0.31133	0.01863	0.00981	0.00269	0.00404	0.01604	0.00856	0.00750
30	0.01987	0.20837	0.40823	0.02228	0.05885	0.09813	0.02467	0.02671	0.01813	0.02397	0.01387	0.01633	0.01070	0.00775	0.00722	0.00235	0.01164	0.00568	0.00364	0.01161
31	0.03507	0.01421	0.01905	0.01451	0.02104	0.01209	0.01195	0.03833	0.02306	0.59217	0.03079	0.02706	0.01966	0.00983	0.00811	0.00242	0.00697	0.00798	0.00969	0.09601
32	0.02221	0.71304	0.04353	0.01421	0.02132	0.03287	0.01421	0.02488	0.01688	0.01955	0.01155	0.01333	0.01066	0.00711	0.00533	0.00178	0.00888	0.00444	0.00355	0.01066
33	0.05616	0.06046	0.39451	0.01907	0.02817	0.01686	0.02222	0.02690	0.01934	0.13560	0.11705	0.02593	0.02275	0.00967	0.00802	0.00258	0.00966	0.00775	0.00562	0.01167
34	0.02902	0.19334	0.02811	0.01976	0.02469	0.52817	0.01563	0.03128	0.02202	0.02015	0.01255	0.01460	0.01069	0.00823	0.00700	0.00206	0.01359	0.00514	0.00411	0.00987
35	0.03519	0.01749	0.02135	0.01637	0.02288	0.01718	0.01352	0.25604	0.02938	0.43851	0.02807	0.02522	0.01820	0.01017	0.00834	0.00254	0.00783	0.00803	0.00956	0.01413
36	0.01192	0.00869	0.01227	0.01227	0.01338	0.00980	0.00904	0.01414	0.01303	0.01849	0.02324	0.03810	0.02314	0.22469	0.51598	0.01202	0.01868	0.00970	0.00460	0.00682
37	0.03103	0.03959	0.02354	0.02140	0.02568	0.67469	0.01605	0.03317	0.02354	0.02033	0.01284	0.01498	0.01070	0.00856	0.00749	0.00214	0.01498	0.00535	0.00428	0.00963
38	0.01723	0.01477	0.01723	0.01230	0.01969	0.01107	0.00984	0.02092	0.01723	0.02707	0.01477	0.01723	0.01230	0.00615	0.00615	0.00123	0.00615	0.00492	0.00492	0.75883
39	0.02221	0.71304	0.04353	0.01421	0.02132	0.03287	0.01421	0.02488	0.01688	0.01955	0.01155	0.01333	0.01066	0.00711	0.00533	0.00178	0.00888	0.00444	0.00355	0.01066
40	0.01816	0.05340	0.14424	0.10467	0.20314	0.01903	0.06763	0.02747	0.14198	0.02694	0.02623	0.02841	0.08294	0.00977	0.00838	0.00263	0.00947	0.00870	0.00518	0.01163
41	0.02118	0.51659	0.19898	0.01689	0.02518	0.05610	0.01843	0.02558	0.01732	0.02128	0.01245	0.01445	0.01063	0.00737	0.00606	0.00201	0.00999	0.00491	0.00357	0.01102
42	0.03140	0.01284	0.01740	0.01378	0.01918	0.01120	0.01120	0.03478	0.02372	0.51738	0.17516	0.03604	0.03386	0.01182	0.00869	0.00258	0.00634	0.00989	0.01002	0.01269
43	0.01723	0.01477	0.01723	0.01230	0.01969	0.01107	0.00984	0.02092	0.01723	0.02707	0.01477	0.01723	0.01230	0.00615	0.00615	0.00123	0.00615	0.00492	0.00492	0.75883
44	0.01729	0.01631	0.02632	0.11506	0.42371	0.01639	0.02039	0.02158	0.01865	0.02526	0.03276	0.03568	0.17378	0.01094	0.00863	0.00259	0.00859	0.00995	0.00497	0.01115
45	0.01726	0.07162	0.56534	0.02454	0.03614	0.02012	0.09845	0.02628	0.01775	0.02603	0.01497	0.01790	0.01077	0.00775	0.00799	0.00261	0.01232	0.00648	0.00359	0.01208
46	0.01666	0.04297	0.66500	0.02368	0.03596	0.01929	0.03069	0.02631	0.01754	0.02631	0.01491	0.01754	0.01052	0.00789	0.00789	0.00263	0.01228	0.00614	0.00351	0.01228
47	0.01018	0.00771	0.00943	0.01075	0.01203	0.00696	0.00754	0.01194	0.01701	0.02176	0.05774	0.47893	0.24220	0.02432	0.01040	0.00322	0.00476	0.04854	0.00771	0.00687
48	0.02008	0.07269	0.41781	0.02531	0.06224	0.14018	0.09454	0.02749	0.01890	0.02495	0.01461	0.01755	0.01092	0.00785	0.00792	0.00251	0.01269	0.00638	0.00376	0.01163
49	0.01958	0.02558	0.19247	0.04412	0.50024	0.01963	0.02680	0.02570	0.01857	0.02693	0.01545	0.01980	0.01250	0.00753	0.00814	0.00251	0.01047	0.00708	0.00396	0.01294
50	0.00998	0.00778	0.00907	0.01009	0.01166	0.00687	0.00706	0.01173	0.01732	0.02178	0.06372	0.41156	0.33443	0.02370	0.01024	0.00311	0.00453	0.02077	0.00771	0.00687
51	0.01859	0.02462	0.17917	0.03729	0.31095	0.01883	0.16385	0.02489	0.01877	0.02649	0.02035	0.02674	0.04394	0.00884	0.00875	0.00267	0.01100	0.03798	0.00434	0.01194
52	0.07166	0.12831	0.01949	0.06630	0.02047	0.01457	0.03542	0.01827	0.01765	0.02387	0.03706	0.16298	0.09543	0.01771	0.00935	0.00309	0.00747	0.23624	0.00635	0.00830
53	0.01891	0.06309	0.17983	0.19668	0.11884	0.06049	0.19378	0.02536	0.01839	0.02449	0.01519	0.02006	0.01159	0.00768	0.00841	0.00262	0.01215	0.00750	0.00387	0.01107
54	0.06000	0.12498	0.24891	0.02998	0.17538	0.05455	0.13975	0.02623	0.01828	0.02591	0.01469	0.01823	0.01147	0.00752	0.00781	0.00248	0.01141	0.00677	0.00391	0.01174

[dist]
# distance from previous block
# <min> <max>
13	47

[block]
# block no. 2 follows, 22 sequences, length 111
# corresponding to MSA columns:
# 146-256
name=unknown_C
#
# <colnr> <probs for GDERKNQSTAVLIFYWHMCP>
#	G	D	E	R	K	N	Q	S	T	A	V	L	I	F	Y	W	H	M	C	P
0	0.01944	0.05636	0.27047	0.04749	0.02730	0.04583	0.01952	0.12922	0.02164	0.05484	0.02657	0.12025	0.07309	0.01199	0.00836	0.00262	0.00945	0.00981	0.00568	0.04007
1	0.05421	0.05034	0.13167	0.01913	0.07660	0.04633	0.01600	0.14685	0.05762	0.03273	0.11516	0.06735	0.05940	0.01136	0.00816	0.00246	0.00817	0.00931	0.00635	0.08080
2	0.05314	0.09818	0.16028	0.01956	0.08498	0.04723	0.01695	0.15724	0.02290	0.03068	0.03402	0.03432	0.18331	0.01176	0.00812	0.00251	0.00867	0.00932	0.00588	0.01094
3	0.02171	0.02182	0.03188	0.04609	0.55634	0.09140	0.02386	0.02724	0.04976	0.02677	0.01621	0.02046	0.01348	0.00772	0.00816	0.00245	0.01027	0.00727	0.00434	0.01277
4	0.02262	0.02412	0.03328	0.04316	0.45987	0.15498	0.08851	0.02720	0.01995	0.02568	0.01518	0.01961	0.01259	0.00760	0.00824	0.00244	0.01137	0.00724	0.00416	0.01222
5	0.02238	0.02318	0.03195	0.04586	0.54684	0.13336	0.02386	0.02683	0.01972	0.02596	0.01514	0.01959	0.01273	0.00760	0.00810	0.00241	0.01076	0.00705	0.00414	0.01255
6	0.02056	0.01974	0.03372	0.05099	0.65622	0.01974	0.02550	0.02550	0.01892	0.02714	0.01563	0.02056	0.01316	0.00740	0.00822	0.00247	0.00987	0.00740	0.00411	0.01316
7	0.02800	0.01931	0.02419	0.02551	0.18780	0.05565	0.01655	0.21864	0.02728	0.19971	0.09008	0.02654	0.02230	0.01006	0.00841	0.00250	0.00856	0.00838	0.00759	0.01294
8	0.01012	0.00723	0.00964	0.01157	0.01205	0.00675	0.00771	0.01157	0.01591	0.02121	0.04579	0.70262	0.05495	0.02603	0.01060	0.00337	0.00482	0.02362	0.00771	0.00675
9	0.01569	0.01477	0.02492	0.68808	0.05722	0.01846	0.02307	0.02123	0.01661	0.02123	0.01477	0.02215	0.01107	0.00831	0.00831	0.00277	0.01107	0.00738	0.00369	0.00923
10	0.01012	0.00723	0.00964	0.01157	0.01205	0.00675	0.00771	0.01157	0.01591	0.02121	0.04579	0.70262	0.05495	0.02603	0.01060	0.00337	0.00482	0.02362	0.00771	0.00675
11	0.00984	0.00835	0.00848	0.00859	0.01127	0.00700	0.00639	0.01190	0.01877	0.02237	0.08203	0.11455	0.61963	0.02132	0.00986	0.00284	0.00424	0.01787	0.00771	0.00700
12	0.01176	0.00849	0.01110	0.01045	0.01241	0.00784	0.00784	0.01568	0.02352	0.03331	0.65184	0.06206	0.07839	0.01698	0.00980	0.00261	0.00392	0.01502	0.00914	0.00784
13	0.03158	0.02327	0.02493	0.01911	0.02576	0.02576	0.01579	0.62852	0.03906	0.05236	0.01995	0.01995	0.01413	0.00997	0.00831	0.00249	0.00914	0.00748	0.00831	0.01413
14	0.01666	0.04297	0.66500	0.02368	0.03596	0.01929	0.03069	0.02631	0.01754	0.02631	0.01491	0.01754	0.01052	0.00789	0.00789	0.00263	0.01228	0.00614	0.00351	0.01228
15	0.03103	0.03959	0.02354	0.02140	0.02568	0.67469	0.01605	0.03317	0.02354	0.02033	0.01284	0.01498	0.01070	0.00856	0.00749	0.00214	0.01498	0.00535	0.00428	0.00963
16	0.01818	0.01818	0.02545	0.02181	0.02181	0.02545	0.01818	0.01999	0.01272	0.01999	0.01091	0.01818	0.01091	0.01454	0.02726	0.00364	0.69284	0.00727	0.00364	0.00909
17	0.03277	0.01722	0.02143	0.01815	0.05768	0.01712	0.01397	0.18756	0.10724	0.39269	0.02874	0.02611	0.01916	0.01017	0.00835	0.00258	0.00768	0.00822	0.00921	0.01395
18	0.02066	0.01785	0.01878	0.01691	0.02160	0.02066	0.01315	0.04414	0.64121	0.03475	0.03381	0.03099	0.02536	0.01127	0.00845	0.00282	0.00657	0.00939	0.00845	0.01315
19	0.02707	0.02103	0.02239	0.01820	0.02404	0.02365	0.01470	0.38693	0.28800	0.04508	0.02568	0.02451	0.01877	0.01051	0.00837	0.00263	0.00808	0.00827	0.00837	0.01372
20	0.01723	0.01477	0.01723	0.01230	0.01969	0.01107	0.00984	0.02092	0.01723	0.02707	0.01477	0.01723	0.01230	0.00615	0.00615	0.00123	0.00615	0.00492	0.00492	0.75883
21	0.03158	0.02327	0.02493	0.01911	0.02576	0.02576	0.01579	0.62852	0.03906	0.05236	0.01995	0.01995	0.01413	0.00997	0.00831	0.00249	0.00914	0.00748	0.00831	0.01413
22	0.01208	0.00805	0.00906	0.00906	0.00906	0.00805	0.00503	0.01208	0.01208	0.01611	0.02618	0.05436	0.03020	0.70804	0.04228	0.00805	0.00805	0.01208	0.00503	0.00503
23	0.01208	0.00805	0.00906	0.00906	0.00906	0.00805	0.00503	0.01208	0.01208	0.01611	0.02618	0.05436	0.03020	0.70804	0.04228	0.00805	0.00805	0.01208	0.00503	0.00503
24	0.01719	0.03926	0.55393	0.02572	0.03730	0.01960	0.13805	0.02636	0.01791	0.02636	0.01525	0.01842	0.01090	0.00773	0.00824	0.00266	0.01259	0.00680	0.00363	0.01208
25	0.01666	0.04297	0.66500	0.02368	0.03596	0.01929	0.03069	0.02631	0.01754	0.02631	0.01491	0.01754	0.01052	0.00789	0.00789	0.00263	0.01228	0.00614	0.00351	0.01228
26	0.03158	0.02327	0.02493	0.01911	0.02576	0.02576	0.01579	0.62852	0.03906	0.05236	0.01995	0.01995	0.01413	0.00997	0.00831	0.00249	0.00914	0.00748	0.00831	0.01413
27	0.01007	0.00744	0.00943	0.01102	0.01191	0.00679	0.00747	0.01163	0.01643	0.02142	0.05244	0.59460	0.15867	0.02516	0.01047	0.00328	0.00471	0.02256	0.00771	0.00679
28	0.01006	0.00748	0.00938	0.01089	0.01187	0.00680	0.00741	0.01164	0.01656	0.02147	0.05403	0.56884	0.18341	0.02496	0.01043	0.00325	0.00469	0.02231	0.00771	0.00680
29	0.01878	0.02818	0.22193	0.03183	0.04132	0.02053	0.45893	0.02653	0.01903	0.02653	0.01627	0.02104	0.01202	0.00725	0.00927	0.00275	0.01352	0.00878	0.00401	0.01151
30	0.01704	0.06694	0.49191	0.02070	0.03165	0.01807	0.02528	0.02504	0.01744	0.02617	0.01472	0.01728	0.01093	0.00747	0.00739	0.00228	0.01075	0.00579	0.00383	0.17932
31	0.05518	0.52894	0.18312	0.01621	0.02440	0.02914	0.01771	0.02518	0.01690	0.02190	0.01231	0.01429	0.01055	0.00731	0.00590	0.00201	0.00954	0.00483	0.00362	0.01095
32	0.01183	0.00840	0.01067	0.01015	0.01169	0.00788	0.00724	0.01490	0.02106	0.02962	0.51741	0.06040	0.06803	0.16546	0.01678	0.00378	0.00481	0.01439	0.00826	0.00724
33	0.01155	0.00854	0.01106	0.01224	0.01394	0.00804	0.00965	0.01439	0.01880	0.02456	0.13745	0.25674	0.17137	0.02260	0.01068	0.00333	0.00567	0.24420	0.00789	0.00730
34	0.03158	0.02327	0.02493	0.01911	0.02576	0.02576	0.01579	0.62852	0.03906	0.05236	0.01995	0.01995	0.01413	0.00997	0.00831	0.00249	0.00914	0.00748	0.00831	0.01413
35	0.01197	0.00801	0.00909	0.00920	0.00922	0.00798	0.00518	0.01205	0.01229	0.01639	0.02724	0.08962	0.03155	0.67095	0.04056	0.00780	0.00788	0.01271	0.00518	0.00513
36	0.00990	0.00808	0.00876	0.00930	0.01145	0.00694	0.00670	0.01182	0.01808	0.02210	0.07339	0.25474	0.48501	0.02244	0.01004	0.00296	0.00438	0.01924	0.00771	0.00694
37	0.01863	0.02924	0.25353	0.03125	0.04094	0.02044	0.42838	0.02651	0.01892	0.02651	0.01618	0.02079	0.01191	0.00730	0.00917	0.00274	0.01343	0.00859	0.00397	0.01156
38	0.03158	0.02327	0.02493	0.01911	0.02576	0.02576	0.01579	0.62852	0.03906	0.05236	0.01995	0.01995	0.01413	0.00997	0.00831	0.00249	0.00914	0.00748	0.00831	0.01413
39	0.02056	0.01974	0.03372	0.05099	0.65622	0.01974	0.02550	0.02550	0.01892	0.02714	0.01563	0.02056	0.01316	0.00740	0.00822	0.00247	0.00987	0.00740	0.00411	0.01316
40	0.76672	0.01607	0.01221	0.01092	0.01607	0.01864	0.00900	0.02442	0.01414	0.03727	0.01157	0.01350	0.00900	0.00771	0.00514	0.00257	0.00643	0.00450	0.00514	0.00900
41	0.02280	0.11562	0.08454	0.03246	0.29029	0.16814	0.02062	0.02984	0.10746	0.02564	0.01698	0.01959	0.01378	0.00821	0.00769	0.00237	0.01063	0.00673	0.00464	0.01197
42	0.01006	0.00748	0.00938	0.01089	0.01187	0.00680	0.00741	0.01164	0.01656	0.02147	0.05403	0.56884	0.18341	0.02496	0.01043	0.00325	0.00469	0.02231	0.00771	0.00680
43	0.02755	0.01972	0.02173	0.01708	0.02271	0.02136	0.01394	0.47304	0.03510	0.07295	0.15623	0.02933	0.02819	0.01149	0.00863	0.00252	0.00794	0.00914	0.00857	0.01278
44	0.03103	0.03959	0.02354	0.02140	0.02568	0.67469	0.01605	0.03317	0.02354	0.02033	0.01284	0.01498	0.01070	0.00856	0.00749	0.00214	0.01498	0.00535	0.00428	0.00963
45	0.01012	0.00723	0.00964	0.01157	0.01205	0.00675	0.00771	0.01157	0.01591	0.02121	0.04579	0.70262	0.05495	0.02603	0.01060	0.00337	0.00482	0.02362	0.00771	0.00675
46	0.02097	0.01966	0.03235	0.04717	0.58770	0.01959	0.02412	0.05768	0.01991	0.02849	0.01581	0.02035	0.01316	0.00747	0.00812	0.00240	0.00963	0.00727	0.00438	0.05377
47	0.03050	0.03754	0.02336	0.02104	0.02547	0.60422	0.01588	0.06614	0.05760	0.02285	0.01436	0.01611	0.01168	0.00878	0.00759	0.00220	0.01421	0.00568	0.00472	0.01006
48	0.01001	0.00768	0.00917	0.01037	0.01173	0.00685	0.00718	0.01170	0.01706	0.02168	0.06038	0.46580	0.28235	0.02413	0.01030	0.00316	0.00459	0.02130	0.00771	0.00685
49	0.02267	0.02394	0.03101	0.07542	0.48588	0.16628	0.02326	0.02701	0.01984	0.02533	0.01496	0.01939	0.01251	0.00771	0.00806	0.00241	0.01107	0.00694	0.00413	0.01218
50	0.03158	0.02327	0.02493	0.01911	0.02576	0.02576	0.01579	0.62852	0.03906	0.05236	0.01995	0.01995	0.01413	0.00997	0.00831	0.00249	0.00914	0.00748	0.00831	0.01413
51	0.01343	0.00923	0.01200	0.01266	0.01494	0.00867	0.01043	0.01674	0.02001	0.06045	0.17048	0.11571	0.18008	0.02087	0.01058	0.00328	0.00600	0.29847	0.00810	0.00785
52	0.00982	0.00842	0.00842	0.00842	0.01122	0.00701	0.00631	0.01192	0.01894	0.02244	0.08416	0.07995	0.65285	0.02104	0.00982	0.00281	0.00421	0.01753	0.00771	0.00701
53	0.00982	0.00842	0.00842	0.00842	0.01122	0.00701	0.00631	0.01192	0.01894	0.02244	0.08416	0.07995	0.65285	0.02104	0.00982	0.00281	0.00421	0.01753	0.00771	0.00701
54	0.01972	0.41266	0.32213	0.01846	0.02788	0.02678	0.02160	0.02552	0.01718	0.02258	0.01306	0.01521	0.01060	0.00746	0.00648	0.00216	0.01041	0.00520	0.00353	0.01139
55	0.01012	0.00723	0.00964	0.01157	0.01205	0.00675	0.00771	0.01157	0.01591	0.02121	0.04579	0.70262	0.05495	0.02603	0.01060	0.00337	0.00482	0.02362	0.00771	0.00675
56	0.02962	0.03691	0.02492	0.02540	0.11093	0.58614	0.01733	0.03213	0.02292	0.02125	0.01322	0.01574	0.01103	0.00840	0.00759	0.00218	0.01429	0.00563	0.00426	0.01011
57	0.08680	0.13100	0.20046	0.01887	0.02668	0.06089	0.01882	0.23575	0.08286	0.03565	0.01750	0.01851	0.01305	0.00883	0.00745	0.00244	0.00982	0.00647	0.00581	0.01233
58	0.02221	0.61942	0.09570	0.01541	0.02281	0.06622	0.01573	0.02544	0.01729	0.02017	0.01191	0.01378	0.01065	0.00725	0.00567	0.00187	0.00950	0.00464	0.00359	0.01074
59	0.01724	0.01395	0.01625	0.01615	0.01954	0.01545	0.01326	0.03149	0.34891	0.03010	0.03859	0.06046	0.03591	0.01676	0.00987	0.00329	0.00708	0.28705	0.00808	0.01057
60	0.02128	0.01815	0.01913	0.01703	0.02184	0.02095	0.01330	0.07738	0.60697	0.03575	0.03302	0.03037	0.02472	0.01120	0.00844	0.00280	0.00672	0.00928	0.00844	0.01320
61	0.02221	0.71304	0.04353	0.01421	0.02132	0.03287	0.01421	0.02488	0.01688	0.01955	0.01155	0.01333	0.01066	0.00711	0.00533	0.00178	0.00888	0.00444	0.00355	0.01066
62	0.01950	0.15484	0.35007	0.02910	0.19981	0.02218	0.02556	0.05822	0.01895	0.02673	0.01478	0.01773	0.01145	0.00773	0.00755	0.00243	0.01086	0.00625	0.00394	0.01233
63	0.01707	0.04015	0.58045	0.02523	0.03698	0.01953	0.11241	0.02635	0.01782	0.02635	0.01517	0.01821	0.01081	0.00777	0.00815	0.00265	0.01251	0.00664	0.00360	0.01213
64	0.01012	0.00723	0.00964	0.01157	0.01205	0.00675	0.00771	0.01157	0.01591	0.02121	0.04579	0.70262	0.05495	0.02603	0.01060	0.00337	0.00482	0.02362	0.00771	0.00675
65	0.02048	0.02789	0.35347	0.01809	0.02671	0.01478	0.02059	0.02688	0.01965	0.18805	0.06106	0.03342	0.13045	0.01126	0.00844	0.00265	0.00913	0.00914	0.00624	0.01161
66	0.02517	0.11734	0.22582	0.02120	0.06359	0.02281	0.02031	0.24700	0.05343	0.09619	0.01889	0.01966	0.01362	0.00890	0.00780	0.00246	0.00981	0.00683	0.00616	0.01301
67	0.01187	0.00890	0.01335	0.01335	0.01483	0.01038	0.01038	0.01483	0.01335	0.01928	0.02225	0.03264	0.02077	0.06231	0.67512	0.01335	0.02225	0.00890	0.00445	0.00742
68	0.00982	0.00842	0.00842	0.00842	0.01122	0.00701	0.00631	0.01192	0.01894	0.02244	0.08416	0.07995	0.65285	0.02104	0.00982	0.00281	0.00421	0.01753	0.00771	0.00701
69	0.02295	0.02127	0.02687	0.03323	0.31398	0.07584	0.01942	0.11280	0.22301	0.03240	0.02184	0.02338	0.01702	0.00909	0.00825	0.00256	0.00914	0.00788	0.00609	0.01299
70	0.01295	0.01019	0.01305	0.01500	0.05136	0.01006	0.01099	0.01800	0.08664	0.02459	0.05071	0.23749	0.18066	0.02115	0.01036	0.00329	0.00615	0.22161	0.00757	0.00819
71	0.01012	0.00723	0.00964	0.01157	0.01205	0.00675	0.00771	0.01157	0.01591	0.02121	0.04579	0.70262	0.05495	0.02603	0.01060	0.00337	0.00482	0.02362	0.00771	0.00675
72	0.01750	0.03798	0.52937	0.02955	0.16922	0.01939	0.02958	0.02613	0.01784	0.02649	0.01506	0.01819	0.01109	0.00779	0.00796	0.00260	0.01176	0.00641	0.00364	0.01247
73	0.01913	0.02673	0.21016	0.15020	0.29124	0.05589	0.07747	0.02551	0.01845	0.02546	0.01522	0.01983	0.01188	0.00773	0.00824	0.00258	0.01139	0.00714	0.00389	0.01187
74	0.02056	0.01974	0.03372	0.05099	0.65622	0.01974	0.02550	0.02550	0.01892	0.02714	0.01563	0.02056	0.01316	0.00740	0.00822	0.00247	0.00987	0.00740	0.00411	0.01316
75	0.76672	0.01607	0.01221	0.01092	0.01607	0.01864	0.00900	0.02442	0.01414	0.03727	0.01157	0.01350	0.00900	0.00771	0.00514	0.00257	0.00643	0.00450	0.00514	0.00900
76	0.03727	0.01414	0.01928	0.01478	0.02121	0.01221	0.01221	0.04049	0.02378	0.66198	0.03277	0.02828	0.02056	0.01028	0.00835	0.00257	0.00707	0.00835	0.01028	0.01414
77	0.01231	0.01020	0.01393	0.01435	0.01470	0.01183	0.01055	0.01386	0.01504	0.02088	0.03631	0.51664	0.04298	0.02291	0.01513	0.00344	0.19177	0.01917	0.00660	0.00738
78	0.01045	0.00844	0.00929	0.00908	0.01161	0.00728	0.00681	0.01315	0.02043	0.02599	0.26928	0.07411	0.46551	0.01972	0.00981	0.00274	0.00411	0.01671	0.00818	0.00728
79	0.01666	0.04297	0.66500	0.02368	0.03596	0.01929	0.03069	0.02631	0.01754	0.02631	0.01491	0.01754	0.01052	0.00789	0.00789	0.00263	0.01228	0.00614	0.00351	0.01228
80	0.03158	0.02327	0.02493	0.01911	0.02576	0.02576	0.01579	0.62852	0.03906	0.05236	0.01995	0.01995	0.01413	0.00997	0.00831	0.00249	0.00914	0.00748	0.00831	0.01413
81	0.02221	0.71304	0.04353	0.01421	0.02132	0.03287	0.01421	0.02488	0.01688	0.01955	0.01155	0.01333	0.01066	0.00711	0.00533	0.00178	0.00888	0.00444	0.00355	0.01066
82	0.01972	0.02473	0.16935	0.04512	0.52296	0.01964	0.02661	0.02567	0.01862	0.02696	0.01547	0.01991	0.01259	0.00751	0.00815	0.00250	0.01039	0.00713	0.00398	0.01297
83	0.01012	0.00723	0.00964	0.01157	0.01205	0.00675	0.00771	0.01157	0.01591	0.02121	0.04579	0.70262	0.05495	0.02603	0.01060	0.00337	0.00482	0.02362	0.00771	0.00675
84	0.01176	0.00849	0.01110	0.01045	0.01241	0.00784	0.00784	0.01568	0.02352	0.03331	0.65184	0.06206	0.07839	0.01698	0.00980	0.00261	0.00392	0.01502	0.00914	0.00784
85	0.60217	0.01768	0.01506	0.01276	0.01824	0.02023	0.01052	0.15965	0.01972	0.04065	0.01344	0.01494	0.01015	0.00822	0.00585	0.00255	0.00703	0.00517	0.00585	0.01015
86	0.07273	0.01423	0.01894	0.01459	0.02096	0.01252	0.01205	0.03970	0.02331	0.63161	0.03174	0.02756	0.02000	0.01016	0.00820	0.00257	0.00704	0.00817	0.01003	0.01389
87	0.02221	0.71304	0.04353	0.01421	0.02132	0.03287	0.01421	0.02488	0.01688	0.01955	0.01155	0.01333	0.01066	0.00711	0.00533	0.00178	0.00888	0.00444	0.00355	0.01066
88	0.02605	0.42850	0.03569	0.01646	0.02316	0.08941	0.01489	0.22063	0.02465	0.03022	0.01438	0.01562	0.01178	0.00817	0.00649	0.00204	0.00953	0.00551	0.00516	0.01169
89	0.01015	0.00838	0.00861	0.00858	0.01104	0.00716	0.00624	0.01211	0.01840	0.02224	0.10314	0.07639	0.55995	0.09517	0.01333	0.00336	0.00461	0.01683	0.00749	0.00684
90	0.02290	0.34752	0.03127	0.01555	0.02131	0.02583	0.01388	0.21020	0.02301	0.02968	0.01646	0.01953	0.01391	0.01986	0.15016	0.00449	0.01184	0.00634	0.00522	0.01104
91	0.01063	0.00800	0.00983	0.01032	0.01196	0.00721	0.00738	0.01313	0.01944	0.02587	0.27304	0.30582	0.22420	0.02145	0.01010	0.00295	0.00433	0.01890	0.00823	0.00721
92	0.09158	0.16787	0.02621	0.01791	0.05823	0.02264	0.01426	0.19974	0.11530	0.17273	0.02199	0.02143	0.01592	0.00927	0.00742	0.00241	0.00807	0.00704	0.00723	0.01275
93	0.19066	0.01714	0.01756	0.01441	0.01959	0.01851	0.01173	0.29325	0.02685	0.07454	0.03271	0.03258	0.15095	0.01484	0.04585	0.00320	0.00810	0.00910	0.00736	0.01107
94	0.01016	0.00833	0.00866	0.00871	0.01108	0.00715	0.00630	0.01209	0.01827	0.02219	0.10150	0.10296	0.53443	0.09538	0.01336	0.00339	0.00464	0.01709	0.00749	0.00682
95	0.02029	0.01946	0.03323	0.08639	0.62294	0.01967	0.02536	0.02526	0.01879	0.02681	0.01558	0.02065	0.01304	0.00745	0.00823	0.00248	0.00994	0.00740	0.00409	0.01294
96	0.02043	0.49802	0.24296	0.01725	0.02602	0.02851	0.01950	0.02534	0.01709	0.02172	0.01263	0.01468	0.01062	0.00736	0.00615	0.00205	0.00997	0.00499	0.00354	0.01118
97	0.03678	0.01492	0.01976	0.01515	0.02160	0.01337	0.01252	0.09087	0.02509	0.60975	0.03168	0.02756	0.02001	0.01026	0.00835	0.00256	0.00725	0.00828	0.01011	0.01414
98	0.01112	0.00847	0.01022	0.00978	0.01202	0.00757	0.00734	0.01444	0.02201	0.02974	0.46505	0.06794	0.26741	0.01832	0.00980	0.00268	0.00401	0.01585	0.00867	0.00757
99	0.01795	0.01707	0.02900	0.39230	0.33531	0.01905	0.02420	0.02321	0.01768	0.02397	0.01517	0.02141	0.01204	0.00789	0.00827	0.00263	0.01051	0.00739	0.00389	0.01105
100	0.01618	0.01526	0.02580	0.62411	0.11736	0.01859	0.02331	0.02165	0.01684	0.02182	0.01485	0.02199	0.01128	0.00821	0.00830	0.00274	0.01095	0.00738	0.00373	0.00962
101	0.76672	0.01607	0.01221	0.01092	0.01607	0.01864	0.00900	0.02442	0.01414	0.03727	0.01157	0.01350	0.00900	0.00771	0.00514	0.00257	0.00643	0.00450	0.00514	0.00900
102	0.01962	0.21382	0.40110	0.02282	0.06696	0.02255	0.05410	0.02669	0.01789	0.05993	0.01516	0.01745	0.01137	0.00775	0.00736	0.00240	0.01105	0.00607	0.00396	0.01196
103	0.02311	0.08738	0.18142	0.02444	0.11924	0.14610	0.02017	0.10486	0.15546	0.02973	0.01902	0.02033	0.01458	0.00886	0.00782	0.00247	0.01054	0.00689	0.00540	0.01218
104	0.02488	0.02397	0.02246	0.15921	0.03042	0.20849	0.01604	0.21508	0.02533	0.03090	0.01682	0.02125	0.01354	0.05086	0.03885	0.00313	0.01149	0.00695	0.00553	0.07479
105	0.01003	0.00827	0.00881	0.00900	0.01143	0.00705	0.00663	0.01221	0.01896	0.02326	0.13021	0.15716	0.52565	0.02131	0.00992	0.00286	0.00426	0.01808	0.00784	0.00705
106	0.02593	0.28264	0.02945	0.01759	0.02263	0.37758	0.01440	0.02815	0.02034	0.01993	0.01624	0.01923	0.04066	0.04269	0.00850	0.00233	0.01193	0.00590	0.00421	0.00966
107	0.01185	0.01067	0.06584	0.01163	0.01306	0.00838	0.00879	0.01330	0.01506	0.02051	0.08960	0.31671	0.04173	0.24246	0.02241	0.07244	0.00663	0.01616	0.00626	0.00649
108	0.08506	0.11268	0.05943	0.03514	0.35339	0.16790	0.02082	0.02708	0.01923	0.02546	0.01412	0.01767	0.01183	0.00767	0.00742	0.00232	0.01071	0.00627	0.00414	0.01167
109	0.02296	0.16381	0.06781	0.03402	0.32658	0.16507	0.02087	0.02800	0.04978	0.02446	0.01505	0.01824	0.01257	0.00781	0.00748	0.00228	0.01076	0.00639	0.00422	0.01184
110	0.01246	0.01001	0.01354	0.04594	0.01615	0.01127	0.01045	0.01457	0.01501	0.02032	0.03595	0.19293	0.11228	0.13212	0.16630	0.00628	0.10774	0.06367	0.00580	0.00721

[dist]
# distance from previous block
# <min> <max>
0	5

[block]
# block no. 3 follows, 22 sequences, length 9
# corresponding to MSA columns:
# 262-270
name=unknown_D
#
# <colnr> <probs for GDERKNQSTAVLIFYWHMCP>
#	G	D	E	R	K	N	Q	S	T	A	V	L	I	F	Y	W	H	M	C	P
0	0.02717	0.02960	0.12968	0.02577	0.13415	0.17224	0.01991	0.29267	0.02861	0.03654	0.01677	0.01852	0.01260	0.00888	0.00804	0.00243	0.01111	0.00676	0.00590	0.01263
1	0.02701	0.02819	0.02189	0.01923	0.02408	0.30502	0.01485	0.13834	0.27151	0.03148	0.02237	0.02218	0.01710	0.00988	0.00801	0.00247	0.01065	0.00732	0.00662	0.01179
2	0.01278	0.00904	0.01224	0.01384	0.01527	0.00898	0.01135	0.01570	0.01760	0.02301	0.04132	0.16033	0.04582	0.13419	0.01636	0.00446	0.00738	0.43599	0.00723	0.00712
3	0.01012	0.00723	0.00964	0.01157	0.01205	0.00675	0.00771	0.01157	0.01591	0.02121	0.04579	0.70262	0.05495	0.02603	0.01060	0.00337	0.00482	0.02362	0.00771	0.00675
4	0.01666	0.04297	0.66500	0.02368	0.03596	0.01929	0.03069	0.02631	0.01754	0.02631	0.01491	0.01754	0.01052	0.00789	0.00789	0.00263	0.01228	0.00614	0.00351	0.01228
5	0.01234	0.00965	0.01401	0.01258	0.01511	0.00893	0.05631	0.01633	0.02247	0.03120	0.50601	0.06300	0.11932	0.01702	0.00993	0.00274	0.00503	0.06146	0.00852	0.00802
6	0.01822	0.03144	0.35165	0.03212	0.20798	0.01908	0.11615	0.02574	0.01821	0.02664	0.01538	0.01908	0.01169	0.00750	0.00814	0.00251	0.01142	0.00695	0.00388	0.06622
7	0.08185	0.09018	0.17432	0.02495	0.10389	0.24393	0.06733	0.07175	0.02114	0.02656	0.01426	0.01692	0.01122	0.00806	0.00755	0.00237	0.01208	0.00613	0.00437	0.01114
8	0.13656	0.14019	0.12803	0.03019	0.27530	0.04816	0.02046	0.02501	0.01782	0.02684	0.01633	0.02336	0.01434	0.00876	0.00743	0.00249	0.00957	0.05341	0.00437	0.01136

[dist]
# distance from previous block
# <min> <max>
6	80

[block]
# block no. 4 follows, 22 sequences, length 239
# corresponding to MSA columns:
# 351-589
name=unknown_E
#
# <colnr> <probs for GDERKNQSTAVLIFYWHMCP>
#	G	D	E	R	K	N	Q	S	T	A	V	L	I	F	Y	W	H	M	C	P
0	0.12490	0.01953	0.05956	0.02486	0.18828	0.01904	0.01664	0.18234	0.07255	0.06242	0.07277	0.02601	0.04487	0.00984	0.00793	0.00250	0.00811	0.00807	0.00649	0.04329
1	0.17750	0.05578	0.01995	0.07157	0.02348	0.06986	0.01292	0.15920	0.05523	0.06057	0.02104	0.02257	0.05003	0.01145	0.03563	0.00277	0.00876	0.00690	0.00605	0.12872
2	0.08093	0.02173	0.06500	0.11506	0.33315	0.04565	0.02168	0.16006	0.02286	0.03255	0.01602	0.01968	0.01255	0.00818	0.00797	0.00251	0.00992	0.00704	0.00505	0.01239
3	0.08512	0.02665	0.05366	0.10813	0.19928	0.22430	0.01946	0.13297	0.02316	0.02951	0.01506	0.01821	0.01186	0.00837	0.00776	0.00242	0.01130	0.00649	0.00491	0.01139
4	0.06667	0.02147	0.05845	0.05221	0.17888	0.04664	0.01776	0.24329	0.10468	0.03681	0.02458	0.02572	0.06604	0.01004	0.00819	0.00256	0.00891	0.00818	0.00648	0.01243
5	0.02379	0.05907	0.10940	0.02360	0.12464	0.08727	0.01814	0.21040	0.10083	0.03409	0.01888	0.02074	0.01458	0.01177	0.04492	0.00298	0.01043	0.00704	0.00591	0.07155
6	0.14160	0.02077	0.02723	0.10852	0.34713	0.07584	0.02045	0.10845	0.02106	0.03099	0.01524	0.01905	0.01219	0.00800	0.00769	0.00249	0.00979	0.00677	0.00482	0.01189
7	0.08444	0.02112	0.02592	0.02829	0.21850	0.08010	0.05184	0.16789	0.10413	0.03451	0.05508	0.02303	0.01808	0.00911	0.00805	0.00247	0.00919	0.00772	0.00608	0.04446
8	0.01606	0.01196	0.01582	0.01458	0.01716	0.01366	0.01153	0.14544	0.01882	0.02632	0.02176	0.02994	0.01936	0.05117	0.53321	0.01104	0.01946	0.00860	0.00527	0.00885
9	0.01669	0.01521	0.02338	0.06647	0.23957	0.01721	0.01743	0.02025	0.01762	0.02542	0.16527	0.03230	0.02916	0.05321	0.04848	0.00367	0.18403	0.00950	0.00522	0.00990
10	0.01208	0.00805	0.00906	0.00906	0.00906	0.00805	0.00503	0.01208	0.01208	0.01611	0.02618	0.05436	0.03020	0.70804	0.04228	0.00805	0.00805	0.01208	0.00503	0.00503
11	0.03103	0.03959	0.02354	0.02140	0.02568	0.67469	0.01605	0.03317	0.02354	0.02033	0.01284	0.01498	0.01070	0.00856	0.00749	0.00214	0.01498	0.00535	0.00428	0.00963
12	0.02221	0.71304	0.04353	0.01421	0.02132	0.03287	0.01421	0.02488	0.01688	0.01955	0.01155	0.01333	0.01066	0.00711	0.00533	0.00178	0.00888	0.00444	0.00355	0.01066
13	0.01666	0.04297	0.66500	0.02368	0.03596	0.01929	0.03069	0.02631	0.01754	0.02631	0.01491	0.01754	0.01052	0.00789	0.00789	0.00263	0.01228	0.00614	0.00351	0.01228
14	0.01194	0.00862	0.01192	0.01192	0.01291	0.00961	0.00860	0.01392	0.01293	0.01822	0.02356	0.03989	0.02392	0.27795	0.46379	0.01158	0.01751	0.00996	0.00465	0.00662
15	0.01569	0.01477	0.02492	0.68808	0.05722	0.01846	0.02307	0.02123	0.01661	0.02123	0.01477	0.02215	0.01107	0.00831	0.00831	0.00277	0.01107	0.00738	0.00369	0.00923
16	0.03103	0.03959	0.02354	0.02140	0.02568	0.67469	0.01605	0.03317	0.02354	0.02033	0.01284	0.01498	0.01070	0.00856	0.00749	0.00214	0.01498	0.00535	0.00428	0.00963
17	0.01012	0.00723	0.00964	0.01157	0.01205	0.00675	0.00771	0.01157	0.01591	0.02121	0.04579	0.70262	0.05495	0.02603	0.01060	0.00337	0.00482	0.02362	0.00771	0.00675
18	0.01961	0.02241	0.04902	0.03501	0.04342	0.02101	0.62605	0.02661	0.01961	0.02661	0.01681	0.02241	0.01261	0.00700	0.00980	0.00280	0.01401	0.00980	0.00420	0.01120
19	0.01443	0.00722	0.01082	0.01082	0.01082	0.00722	0.00722	0.01082	0.01082	0.01443	0.01443	0.02525	0.01443	0.02886	0.03247	0.75830	0.00722	0.00722	0.00361	0.00361
20	0.76672	0.01607	0.01221	0.01092	0.01607	0.01864	0.00900	0.02442	0.01414	0.03727	0.01157	0.01350	0.00900	0.00771	0.00514	0.00257	0.00643	0.00450	0.00514	0.00900
21	0.01012	0.00723	0.00964	0.01157	0.01205	0.00675	0.00771	0.01157	0.01591	0.02121	0.04579	0.70262	0.05495	0.02603	0.01060	0.00337	0.00482	0.02362	0.00771	0.00675
22	0.02221	0.71304	0.04353	0.01421	0.02132	0.03287	0.01421	0.02488	0.01688	0.01955	0.01155	0.01333	0.01066	0.00711	0.00533	0.00178	0.00888	0.00444	0.00355	0.01066
23	0.01012	0.00723	0.00964	0.01157	0.01205	0.00675	0.00771	0.01157	0.01591	0.02121	0.04579	0.70262	0.05495	0.02603	0.01060	0.00337	0.00482	0.02362	0.00771	0.00675
24	0.03570	0.01666	0.02084	0.01598	0.02246	0.01595	0.01320	0.20273	0.02799	0.49377	0.02923	0.02598	0.01879	0.01020	0.00834	0.00255	0.00764	0.00811	0.00974	0.01414
25	0.01569	0.01477	0.02492	0.68808	0.05722	0.01846	0.02307	0.02123	0.01661	0.02123	0.01477	0.02215	0.01107	0.00831	0.00831	0.00277	0.01107	0.00738	0.00369	0.00923
26	0.01012	0.00723	0.00964	0.01157	0.01205	0.00675	0.00771	0.01157	0.01591	0.02121	0.04579	0.70262	0.05495	0.02603	0.01060	0.00337	0.00482	0.02362	0.00771	0.00675
27	0.02221	0.71304	0.04353	0.01421	0.02132	0.03287	0.01421	0.02488	0.01688	0.01955	0.01155	0.01333	0.01066	0.00711	0.00533	0.00178	0.00888	0.00444	0.00355	0.01066
28	0.01781	0.18103	0.53696	0.02173	0.03294	0.02209	0.02730	0.02601	0.01740	0.02492	0.01422	0.01667	0.01055	0.00773	0.00736	0.00245	0.01158	0.00579	0.00352	0.01194
29	0.02599	0.01666	0.01894	0.01623	0.02148	0.01795	0.01285	0.04297	0.44336	0.23574	0.03348	0.03012	0.02382	0.01095	0.00842	0.00274	0.00673	0.00906	0.00904	0.01347
30	0.01953	0.02217	0.04768	0.03426	0.04219	0.02126	0.59153	0.02623	0.01922	0.02623	0.01647	0.02217	0.01251	0.00743	0.01080	0.00285	0.05255	0.00966	0.00417	0.01108
31	0.01840	0.23661	0.43362	0.02077	0.03058	0.02374	0.02491	0.02540	0.01697	0.02384	0.01362	0.01636	0.01059	0.00818	0.00866	0.00246	0.06448	0.00573	0.00353	0.01156
32	0.01044	0.00757	0.00994	0.01171	0.01253	0.00706	0.00820	0.01219	0.01648	0.02169	0.04860	0.58988	0.10093	0.02531	0.01063	0.00338	0.00507	0.08382	0.00771	0.00686
33	0.01005	0.00835	0.00883	0.00916	0.01165	0.00713	0.00687	0.01218	0.01861	0.02244	0.07761	0.14996	0.55202	0.02170	0.01000	0.00293	0.00447	0.05130	0.00771	0.00702
34	0.02515	0.11528	0.09316	0.02562	0.12375	0.32356	0.05360	0.03107	0.08618	0.02377	0.01576	0.01801	0.01271	0.00833	0.00762	0.00231	0.01224	0.00632	0.00452	0.01103
35	0.02222	0.10063	0.15371	0.02040	0.05821	0.14479	0.01802	0.03032	0.13756	0.07764	0.02259	0.05461	0.01914	0.01103	0.00913	0.00264	0.04656	0.05390	0.00569	0.01120
36	0.02946	0.03698	0.02377	0.02145	0.02521	0.59543	0.01631	0.03156	0.02222	0.02029	0.01260	0.01537	0.01073	0.00929	0.00990	0.00232	0.09773	0.00558	0.00420	0.00956
37	0.01755	0.01655	0.02870	0.34354	0.04323	0.01810	0.17431	0.08521	0.02016	0.02655	0.05297	0.06555	0.05026	0.01023	0.00897	0.00278	0.01056	0.00983	0.00501	0.00993
38	0.01212	0.00889	0.01145	0.01113	0.01307	0.00847	0.00834	0.01680	0.05530	0.03168	0.52553	0.13298	0.07165	0.01794	0.00989	0.00276	0.00432	0.04081	0.00888	0.00799
39	0.02106	0.02472	0.19057	0.11222	0.03100	0.02039	0.01981	0.17962	0.19152	0.03426	0.02355	0.02844	0.01846	0.01057	0.00849	0.00276	0.00942	0.05455	0.00639	0.01218
40	0.05928	0.05889	0.08403	0.09225	0.02745	0.01917	0.06319	0.17802	0.08996	0.06228	0.15084	0.02971	0.02766	0.01069	0.00838	0.00259	0.00844	0.00900	0.00686	0.01131
