[name]
unknown

[dist]
# distance from previous block
# <min> <max>
0	47

[block]
# block no. 0 follows, 22 sequences, length 31
# corresponding to MSA columns:
# 52-82
name=unknown_A
#
# <colnr> <probs for GDERKNQSTAVLIFYWHMCP>
#	G	D	E	R	K	N	Q	S	T	A	V	L	I	F	Y	W	H	M	C	P
0	0.01339	0.00956	0.01339	0.01530	0.01721	0.00956	0.01339	0.01721	0.01912	0.02486	0.04399	0.09371	0.04781	0.02295	0.01147	0.00382	0.00765	0.60031	0.00765	0.00765
1	0.01818	0.01818	0.02545	0.02181	0.02181	0.02545	0.01818	0.01999	0.01272	0.01999	0.01091	0.01818	0.01091	0.01454	0.02726	0.00364	0.69284	0.00727	0.00364	0.00909
2	0.01819	0.22771	0.49366	0.02107	0.03192	0.02304	0.02615	0.02591	0.01736	0.02444	0.01398	0.01638	0.01056	0.00768	0.00719	0.00240	0.01134	0.00567	0.00352	0.01183
3	0.01569	0.01477	0.02492	0.68808	0.05722	0.01846	0.02307	0.02123	0.01661	0.02123	0.01477	0.02215	0.01107	0.00831	0.00831	0.00277	0.01107	0.00738	0.00369	0.00923
4	0.03103	0.03959	0.02354	0.02140	0.02568	0.67469	0.01605	0.03317	0.02354	0.02033	0.01284	0.01498	0.01070	0.00856	0.00749	0.00214	0.01498	0.00535	0.00428	0.00963
5	0.01000	0.00815	0.00885	0.00926	0.01148	0.00700	0.00672	0.01205	0.01850	0.02278	0.10763	0.22247	0.48231	0.02196	0.01000	0.00293	0.00433	0.01879	0.00780	0.00700
6	0.01851	0.01915	0.03088	0.02485	0.02679	0.02442	0.15830	0.02152	0.01431	0.02152	0.01227	0.01915	0.01130	0.01280	0.02324	0.00344	0.53636	0.00785	0.00377	0.00958
7	0.02297	0.02432	0.03137	0.04417	0.51087	0.17072	0.02332	0.02727	0.01998	0.02557	0.01498	0.01927	0.01259	0.00767	0.00806	0.00239	0.01105	0.00693	0.00415	0.01235
8	0.02555	0.02229	0.02208	0.01833	0.02265	0.13183	0.01473	0.31783	0.02867	0.03727	0.08951	0.02487	0.02105	0.01617	0.07490	0.00364	0.10249	0.00808	0.00673	0.01133
9	0.02258	0.09787	0.02084	0.01495	0.01959	0.09527	0.01200	0.25859	0.02660	0.03339	0.05853	0.03777	0.16457	0.08698	0.01192	0.00304	0.00834	0.00999	0.00685	0.01035
10	0.01206	0.00904	0.01087	0.01041	0.01219	0.00866	0.00721	0.01366	0.01454	0.01963	0.03672	0.08356	0.15335	0.30567	0.17561	0.00720	0.01016	0.01223	0.00557	0.09167
11	0.01514	0.01303	0.01377	0.01229	0.01653	0.01290	0.00949	0.02572	0.25817	0.02790	0.05403	0.05139	0.31211	0.01497	0.00872	0.00257	0.00542	0.01245	0.00757	0.12585
12	0.02900	0.19457	0.02814	0.01975	0.02468	0.52700	0.01563	0.03126	0.02201	0.02015	0.01254	0.01460	0.01069	0.00823	0.00699	0.00206	0.01358	0.00514	0.00411	0.00987
13	0.01203	0.00825	0.01005	0.01005	0.01039	0.00859	0.00626	0.01271	0.01237	0.01684	0.02527	0.04936	0.02803	0.55945	0.18791	0.00927	0.01132	0.01135	0.00490	0.00558
14	0.01571	0.07212	0.47955	0.01987	0.02921	0.01735	0.02407	0.02292	0.01679	0.02416	0.02130	0.05698	0.04932	0.10103	0.01248	0.00334	0.01076	0.00823	0.00413	0.01070
15	0.01611	0.03906	0.59074	0.02218	0.03328	0.01799	0.02810	0.02510	0.01822	0.02710	0.08724	0.02259	0.01823	0.00893	0.00811	0.00263	0.01133	0.00715	0.00415	0.01177
16	0.01012	0.00723	0.00964	0.01157	0.01205	0.00675	0.00771	0.01157	0.01591	0.02121	0.04579	0.70262	0.05495	0.02603	0.01060	0.00337	0.00482	0.02362	0.00771	0.00675
17	0.21812	0.02144	0.02170	0.01704	0.02330	0.02395	0.01407	0.47523	0.03274	0.04853	0.01782	0.01831	0.01283	0.00940	0.00751	0.00251	0.00845	0.00672	0.00751	0.01283
18	0.01979	0.02431	0.15797	0.04562	0.53414	0.01965	0.02652	0.02566	0.01865	0.02698	0.01548	0.01997	0.01264	0.00750	0.00816	0.00250	0.01034	0.00715	0.00399	0.01299
19	0.02031	0.01948	0.03326	0.08437	0.62483	0.01967	0.02537	0.02527	0.01880	0.02683	0.01558	0.02064	0.01305	0.00745	0.00823	0.00248	0.00993	0.00740	0.00409	0.01295
20	0.01400	0.01203	0.01743	0.01620	0.01719	0.01546	0.01301	0.01657	0.01314	0.01952	0.01842	0.02776	0.01744	0.04619	0.45660	0.01007	0.24844	0.00835	0.00418	0.00798
21	0.02038	0.01539	0.01718	0.01515	0.01958	0.01671	0.01181	0.03684	0.42176	0.09877	0.16026	0.03649	0.03520	0.01211	0.00862	0.00268	0.00606	0.01024	0.00862	0.04615
22	0.01203	0.00827	0.01015	0.01015	0.01053	0.00865	0.00639	0.01278	0.01240	0.01691	0.02518	0.04885	0.02781	0.54419	0.20287	0.00940	0.01166	0.01127	0.00489	0.00564
23	0.01010	0.00730	0.00957	0.01139	0.01200	0.00676	0.00763	0.01159	0.01607	0.02128	0.04792	0.66805	0.08814	0.02575	0.01056	0.00334	0.00479	0.02328	0.00771	0.00676
24	0.02686	0.03141	0.02409	0.02666	0.16896	0.44824	0.01706	0.02984	0.02178	0.02311	0.01510	0.01808	0.01247	0.00842	0.00747	0.00219	0.01254	0.00609	0.08940	0.01023
25	0.01440	0.01330	0.01661	0.12231	0.11715	0.03757	0.01303	0.01986	0.08925	0.02421	0.05258	0.08711	0.32926	0.01569	0.00914	0.00276	0.00684	0.01337	0.00650	0.00906
26	0.01203	0.00827	0.01015	0.01015	0.01053	0.00865	0.00639	0.01278	0.01240	0.01691	0.02518	0.04885	0.02781	0.54419	0.20287	0.00940	0.01166	0.01127	0.00489	0.00564
27	0.01012	0.00723	0.00964	0.01157	0.01205	0.00675	0.00771	0.01157	0.01591	0.02121	0.04579	0.70262	0.05495	0.02603	0.01060	0.00337	0.00482	0.02362	0.00771	0.00675
28	0.01656	0.01821	0.05110	0.17270	0.02995	0.09111	0.07447	0.02028	0.01735	0.02181	0.03216	0.03581	0.17466	0.01644	0.05963	0.00362	0.14041	0.00999	0.00486	0.00888
29	0.01833	0.01688	0.02798	0.04070	0.49285	0.01672	0.02102	0.02300	0.02008	0.02871	0.17707	0.03109	0.02971	0.00983	0.00862	0.00250	0.00836	0.00934	0.00539	0.01181
30	0.03112	0.03700	0.02376	0.02104	0.02569	0.57141	0.01601	0.12792	0.02601	0.02543	0.01397	0.01577	0.01125	0.00879	0.00762	0.00220	0.01405	0.00569	0.00492	0.01035

[dist]
# distance from previous block
# <min> <max>
0	1

[block]
# block no. 1 follows, 22 sequences, length 38
# corresponding to MSA columns:
# 84-121
name=unknown_B
#
# <colnr> <probs for GDERKNQSTAVLIFYWHMCP>
#	G	D	E	R	K	N	Q	S	T	A	V	L	I	F	Y	W	H	M	C	P
0	0.02156	0.02172	0.03152	0.07275	0.53074	0.09481	0.02376	0.02702	0.04692	0.02645	0.01608	0.02045	0.01333	0.00774	0.00815	0.00246	0.01036	0.00725	0.00431	0.01259
1	0.02719	0.02486	0.02666	0.10057	0.17365	0.15631	0.01887	0.30170	0.02880	0.03660	0.01693	0.01931	0.01287	0.00891	0.00812	0.00245	0.01072	0.00702	0.00602	0.01245
2	0.60362	0.01645	0.01365	0.01223	0.01728	0.01908	0.00990	0.02873	0.15123	0.03672	0.01643	0.01732	0.01257	0.00849	0.00587	0.00262	0.00646	0.00557	0.00587	0.00990
3	0.02285	0.02408	0.03149	0.04452	0.51837	0.16293	0.02343	0.02717	0.01993	0.02565	0.01502	0.01934	0.01262	0.00766	0.00806	0.00240	0.01099	0.00695	0.00415	0.01239
4	0.01377	0.01114	0.01604	0.02055	0.16028	0.01081	0.01209	0.04420	0.01918	0.02618	0.14451	0.36318	0.08704	0.01913	0.00976	0.00296	0.00598	0.01727	0.00716	0.00877
5	0.01382	0.01009	0.01226	0.01162	0.01330	0.01069	0.00833	0.08095	0.01652	0.02218	0.03266	0.04654	0.11718	0.29703	0.26156	0.00857	0.01272	0.01124	0.00558	0.00719
6	0.01187	0.00890	0.01335	0.01335	0.01483	0.01038	0.01038	0.01483	0.01335	0.01928	0.02225	0.03264	0.02077	0.06231	0.67512	0.01335	0.02225	0.00890	0.00445	0.00742
7	0.02787	0.28136	0.03072	0.01882	0.02412	0.44428	0.01539	0.03019	0.02115	0.02005	0.01238	0.01439	0.01069	0.00804	0.00672	0.00201	0.01279	0.00502	0.00402	0.01000
8	0.01208	0.00805	0.00906	0.00906	0.00906	0.00805	0.00503	0.01208	0.01208	0.01611	0.02618	0.05436	0.03020	0.70804	0.04228	0.00805	0.00805	0.01208	0.00503	0.00503
9	0.17074	0.03744	0.53090	0.02106	0.03187	0.01916	0.02624	0.02592	0.01684	0.02856	0.01422	0.01671	0.01021	0.00786	0.00733	0.00262	0.01108	0.00580	0.00384	0.01160
10	0.02035	0.02032	0.03706	0.04750	0.52225	0.02002	0.15679	0.02574	0.01907	0.02702	0.01588	0.02096	0.01304	0.00731	0.00857	0.00254	0.01077	0.00793	0.00413	0.01273
11	0.02908	0.02203	0.02352	0.01861	0.02481	0.02459	0.01518	0.49464	0.17702	0.04832	0.02312	0.02248	0.01670	0.01027	0.00834	0.00257	0.00855	0.00792	0.00834	0.01390
12	0.01131	0.00907	0.01026	0.01071	0.01293	0.00847	0.00793	0.01551	0.07834	0.02413	0.10166	0.25098	0.34712	0.02138	0.01002	0.00302	0.00482	0.05684	0.00787	0.00762
13	0.03727	0.01414	0.01928	0.01478	0.02121	0.01221	0.01221	0.04049	0.02378	0.66198	0.03277	0.02828	0.02056	0.01028	0.00835	0.00257	0.00707	0.00835	0.01028	0.01414
14	0.01486	0.01235	0.01347	0.01251	0.01586	0.01291	0.00958	0.02635	0.27834	0.03061	0.22324	0.05460	0.23070	0.01584	0.00925	0.00276	0.00511	0.01345	0.00842	0.00979
15	0.01187	0.00890	0.01335	0.01335	0.01483	0.01038	0.01038	0.01483	0.01335	0.01928	0.02225	0.03264	0.02077	0.06231	0.67512	0.01335	0.02225	0.00890	0.00445	0.00742
16	0.01204	0.00814	0.00950	0.00943	0.00971	0.00815	0.00560	0.01260	0.01333	0.01805	0.09063	0.05402	0.03469	0.60284	0.07205	0.00777	0.00837	0.01222	0.00543	0.00545
17	0.01012	0.00723	0.00964	0.01157	0.01205	0.00675	0.00771	0.01157	0.01591	0.02121	0.04579	0.70262	0.05495	0.02603	0.01060	0.00337	0.00482	0.02362	0.00771	0.00675
18	0.03158	0.02327	0.02493	0.01911	0.02576	0.02576	0.01579	0.62852	0.03906	0.05236	0.01995	0.01995	0.01413	0.00997	0.00831	0.00249	0.00914	0.00748	0.00831	0.01413
19	0.02056	0.01974	0.03372	0.05099	0.65622	0.01974	0.02550	0.02550	0.01892	0.02714	0.01563	0.02056	0.01316	0.00740	0.00822	0.00247	0.00987	0.00740	0.00411	0.01316
20	0.03603	0.01613	0.02051	0.01573	0.02220	0.01517	0.01299	0.16904	0.02712	0.52870	0.02997	0.02645	0.01916	0.01021	0.00834	0.00255	0.00752	0.00816	0.00985	0.01414
21	0.01246	0.01038	0.01116	0.01116	0.01388	0.01020	0.00826	0.01950	0.16609	0.02508	0.06341	0.21098	0.36678	0.01986	0.00967	0.00294	0.00491	0.01699	0.00789	0.00841
22	0.01012	0.00723	0.00964	0.01157	0.01205	0.00675	0.00771	0.01157	0.01591	0.02121	0.04579	0.70262	0.05495	0.02603	0.01060	0.00337	0.00482	0.02362	0.00771	0.00675
23	0.02056	0.01974	0.03372	0.05099	0.65622	0.01974	0.02550	0.02550	0.01892	0.02714	0.01563	0.02056	0.01316	0.00740	0.00822	0.00247	0.00987	0.00740	0.00411	0.01316
24	0.01686	0.04161	0.62427	0.02443	0.03645	0.01941	0.07006	0.02633	0.01768	0.02633	0.01503	0.01786	0.01066	0.00783	0.00802	0.00264	0.01239	0.00638	0.00355	0.01221
25	0.01252	0.00986	0.01460	0.01423	0.01556	0.01194	0.01119	0.01537	0.01329	0.01936	0.02108	0.03114	0.01975	0.05737	0.60817	0.01235	0.09155	0.00873	0.00437	0.00759
26	0.01187	0.00890	0.01335	0.01335	0.01483	0.01038	0.01038	0.01483	0.01335	0.01928	0.02225	0.03264	0.02077	0.06231	0.67512	0.01335	0.02225	0.00890	0.00445	0.00742
27	0.08759	0.40337	0.03357	0.01647	0.02251	0.22947	0.01445	0.06553	0.02011	0.02334	0.01248	0.01427	0.01075	0.00779	0.00617	0.00200	0.01058	0.00492	0.00421	0.01042
28	0.01003	0.00760	0.00926	0.01058	0.01179	0.00683	0.00727	0.01168	0.01686	0.02159	0.05782	0.50734	0.24246	0.02446	0.01036	0.00320	0.00463	0.02171	0.00771	0.00683
29	0.02809	0.03469	0.02398	0.02150	0.02480	0.52595	0.01654	0.03015	0.02106	0.02025	0.01240	0.01571	0.01075	0.00993	0.01202	0.00248	0.17028	0.00579	0.00413	0.00951
30	0.01208	0.00805	0.00906	0.00906	0.00906	0.00805	0.00503	0.01208	0.01208	0.01611	0.02618	0.05436	0.03020	0.70804	0.04228	0.00805	0.00805	0.01208	0.00503	0.00503
31	0.01192	0.00871	0.01237	0.01237	0.01351	0.00985	0.00916	0.01420	0.01306	0.01856	0.02315	0.03761	0.02293	0.21025	0.53014	0.01214	0.01900	0.00963	0.00458	0.00687
32	0.01119	0.00799	0.01086	0.01278	0.01373	0.00767	0.00956	0.01341	0.01695	0.02240	0.04520	0.50406	0.05262	0.02502	0.01089	0.00352	0.00574	0.21167	0.00769	0.00704
33	0.01723	0.01477	0.01723	0.01230	0.01969	0.01107	0.00984	0.02092	0.01723	0.02707	0.01477	0.01723	0.01230	0.00615	0.00615	0.00123	0.00615	0.00492	0.00492	0.75883
34	0.01189	0.00882	0.01294	0.01294	0.01428	0.01016	0.00987	0.01457	0.01323	0.01898	0.02263	0.03473	0.02168	0.12453	0.61414	0.01284	0.02088	0.00921	0.00451	0.00719
35	0.01090	0.00848	0.01004	0.00972	0.01203	0.00763	0.00732	0.01394	0.02082	0.02756	0.35790	0.06821	0.33195	0.02166	0.05183	0.00338	0.00521	0.01576	0.00821	0.00744
36	0.01861	0.05124	0.05697	0.02985	0.16606	0.06054	0.19756	0.02326	0.01731	0.02359	0.01659	0.02281	0.01412	0.02073	0.16339	0.00514	0.08953	0.00813	0.00413	0.01045
37	0.02116	0.17515	0.05183	0.01722	0.06159	0.16198	0.01357	0.07266	0.02104	0.02656	0.08660	0.02776	0.06079	0.01250	0.03732	0.00269	0.00946	0.00780	0.12248	0.00983

[dist]
# distance from previous block
# <min> <max>
3	9

[block]
# block no. 2 follows, 22 sequences, length 7
# corresponding to MSA columns:
# 131-137
name=unknown_C
#
# <colnr> <probs for GDERKNQSTAVLIFYWHMCP>
#	G	D	E	R	K	N	Q	S	T	A	V	L	I	F	Y	W	H	M	C	P
0	0.01226	0.01010	0.01102	0.01104	0.01364	0.00983	0.00815	0.01876	0.14744	0.02542	0.10235	0.21287	0.34641	0.01990	0.00972	0.00293	0.00482	0.01709	0.00796	0.00828
1	0.01062	0.00771	0.00922	0.01020	0.01102	0.00718	0.00665	0.01179	0.01544	0.02000	0.04814	0.38766	0.17201	0.22033	0.01951	0.00460	0.00562	0.01905	0.00695	0.00631
2	0.15221	0.24796	0.18024	0.01661	0.02418	0.02374	0.01705	0.06281	0.11322	0.06402	0.01739	0.01825	0.01332	0.00837	0.00672	0.00236	0.00883	0.00600	0.00521	0.01152
3	0.02613	0.02515	0.02607	0.02518	0.11948	0.17580	0.01796	0.23301	0.02522	0.03227	0.01517	0.01840	0.01230	0.01051	0.01328	0.00272	0.19741	0.00692	0.00546	0.01156
4	0.01897	0.01761	0.01510	0.01365	0.01691	0.14537	0.01018	0.14422	0.02273	0.02716	0.04414	0.11015	0.24083	0.11935	0.01396	0.00345	0.00803	0.01276	0.00675	0.00870
5	0.02597	0.02086	0.02098	0.01707	0.02258	0.06342	0.01375	0.38419	0.13968	0.04217	0.03275	0.03169	0.12374	0.01198	0.00854	0.00258	0.00824	0.00937	0.00798	0.01247
6	0.01433	0.01098	0.01408	0.01319	0.01462	0.01221	0.00983	0.07333	0.01831	0.02556	0.17539	0.14955	0.04000	0.16411	0.13050	0.00576	0.10092	0.01303	0.00648	0.00780

[dist]
# distance from previous block
# <min> <max>
0	3

[block]
# block no. 3 follows, 22 sequences, length 10
# corresponding to MSA columns:
# 141-150
name=unknown_D
#
# <colnr> <probs for GDERKNQSTAVLIFYWHMCP>
#	G	D	E	R	K	N	Q	S	T	A	V	L	I	F	Y	W	H	M	C	P
0	0.18847	0.17381	0.14486	0.01804	0.02458	0.27574	0.01685	0.02826	0.01898	0.02501	0.01268	0.01479	0.01028	0.00795	0.00660	0.00225	0.01134	0.00512	0.00418	0.01020
1	0.02090	0.08852	0.16701	0.02056	0.02730	0.17437	0.09760	0.02968	0.14534	0.02558	0.02670	0.02759	0.09274	0.01016	0.00818	0.00252	0.01071	0.00834	0.00530	0.01090
2	0.02078	0.18108	0.17455	0.01918	0.05691	0.20750	0.01751	0.02492	0.01948	0.02234	0.02807	0.02906	0.14479	0.01063	0.00763	0.00233	0.01050	0.00798	0.00465	0.01011
3	0.25808	0.02198	0.08659	0.02150	0.06725	0.09819	0.15092	0.02436	0.01749	0.02827	0.02046	0.02373	0.06506	0.01352	0.06569	0.00353	0.01116	0.00761	0.00475	0.00986
4	0.01825	0.17714	0.21181	0.01686	0.02301	0.07595	0.01707	0.05293	0.01735	0.02266	0.01745	0.02534	0.01587	0.13255	0.13653	0.00527	0.01276	0.00725	0.00425	0.00970
5	0.01792	0.01499	0.01859	0.01573	0.01880	0.04156	0.06188	0.15233	0.02057	0.02716	0.03093	0.03960	0.12291	0.17736	0.13793	0.00585	0.07065	0.01050	0.00587	0.00886
6	0.01428	0.00901	0.01175	0.01132	0.01362	0.00845	0.00851	0.01719	0.01969	0.10413	0.26381	0.17478	0.15537	0.02594	0.11867	0.00454	0.00752	0.01522	0.00801	0.00820
7	0.01717	0.01341	0.01497	0.01350	0.01662	0.01461	0.01020	0.12347	0.18563	0.02878	0.03651	0.04284	0.13257	0.16762	0.13920	0.00581	0.00980	0.01096	0.00685	0.00949
8	0.01270	0.00963	0.01199	0.01131	0.01346	0.00961	0.00869	0.01550	0.01950	0.05334	0.26670	0.09286	0.27545	0.02238	0.06965	0.00376	0.07318	0.01481	0.00764	0.00784
9	0.02503	0.03033	0.03043	0.02476	0.03002	0.38418	0.21031	0.02882	0.02103	0.02221	0.01526	0.01952	0.01255	0.01466	0.09023	0.00373	0.01556	0.00721	0.00428	0.00986

[dist]
# distance from previous block
# <min> <max>
0	1

[block]
# block no. 4 follows, 22 sequences, length 41
# corresponding to MSA columns:
# 152-192
name=unknown_E
#
# <colnr> <probs for GDERKNQSTAVLIFYWHMCP>
#	G	D	E	R	K	N	Q	S	T	A	V	L	I	F	Y	W	H	M	C	P
0	0.01475	0.01657	0.10553	0.01496	0.04640	0.05632	0.01219	0.01862	0.01956	0.02710	0.28962	0.07382	0.04504	0.12724	0.01427	0.00335	0.00709	0.01157	0.00659	0.08941
1	0.02267	0.03188	0.21615	0.03374	0.27981	0.18956	0.02410	0.05720	0.02069	0.02637	0.01491	0.01820	0.01180	0.00797	0.00794	0.00243	0.01187	0.00650	0.00418	0.01203
2	0.01786	0.38068	0.17557	0.01568	0.02226	0.02311	0.01628	0.02179	0.01678	0.02150	0.02107	0.19070	0.02196	0.01213	0.00726	0.00238	0.00861	0.00973	0.00461	0.01003
3	0.01025	0.00831	0.00955	0.00987	0.01204	0.00760	0.00731	0.01241	0.01738	0.02164	0.06611	0.17619	0.43375	0.02960	0.13435	0.00487	0.00769	0.01695	0.00710	0.00704
4	0.02998	0.15952	0.06731	0.01859	0.02443	0.35114	0.01571	0.03297	0.02197	0.17706	0.01759	0.01808	0.01309	0.00867	0.00732	0.00221	0.01174	0.00596	0.00556	0.01109
5	0.02351	0.02626	0.06771	0.02257	0.05142	0.21232	0.14091	0.15197	0.02456	0.02938	0.02872	0.03007	0.13196	0.01078	0.00863	0.00252	0.01117	0.00912	0.00570	0.01071
6	0.01257	0.00964	0.01359	0.06190	0.09049	0.00981	0.01009	0.01429	0.01476	0.01994	0.03140	0.29531	0.03571	0.27096	0.06741	0.00560	0.00821	0.01541	0.00582	0.00710
7	0.02031	0.01949	0.03327	0.08321	0.62593	0.01967	0.02537	0.02528	0.01880	0.02684	0.01558	0.02064	0.01305	0.00745	0.00823	0.00248	0.00993	0.00740	0.00409	0.01296
8	0.02847	0.06373	0.07129	0.02275	0.02814	0.53437	0.08285	0.03167	0.02245	0.02139	0.01336	0.01590	0.01089	0.00829	0.00769	0.00223	0.01446	0.00585	0.00419	0.01002
9	0.01708	0.01350	0.01483	0.01335	0.01701	0.01411	0.01044	0.13600	0.17517	0.03312	0.16241	0.08679	0.21359	0.01618	0.00932	0.00279	0.00584	0.04020	0.00827	0.01001
10	0.01007	0.00777	0.00921	0.01024	0.01173	0.00691	0.00715	0.01190	0.01748	0.02226	0.08907	0.42118	0.29810	0.02359	0.01025	0.00311	0.00453	0.02076	0.00778	0.00691
11	0.01049	0.00743	0.00975	0.01146	0.01196	0.00702	0.00768	0.01188	0.01563	0.02081	0.04355	0.60342	0.05190	0.10086	0.01413	0.00391	0.00531	0.04881	0.00741	0.00660
12	0.01673	0.09629	0.14039	0.01948	0.09565	0.10246	0.01581	0.02060	0.01856	0.02302	0.03765	0.15141	0.17656	0.01472	0.00868	0.00267	0.00857	0.03573	0.00559	0.00945
13	0.02874	0.01481	0.01904	0.01672	0.04045	0.01437	0.01334	0.15653	0.02534	0.33779	0.03277	0.08340	0.02698	0.01383	0.00915	0.00287	0.00757	0.13511	0.00895	0.01225
14	0.01189	0.00880	0.01284	0.01284	0.01415	0.01011	0.00975	0.01451	0.01320	0.01891	0.02272	0.03521	0.02189	0.13880	0.60016	0.01272	0.02057	0.00928	0.00452	0.00713
15	0.02755	0.03624	0.10545	0.02408	0.07947	0.46594	0.01881	0.05813	0.02242	0.02310	0.01354	0.01620	0.01105	0.00883	0.00891	0.00234	0.05735	0.00584	0.00431	0.01043
16	0.01987	0.04113	0.49962	0.02454	0.06413	0.15676	0.02737	0.02771	0.01887	0.02510	0.01451	0.01715	0.01069	0.00801	0.00782	0.00252	0.01273	0.00604	0.00370	0.01177
17	0.01373	0.01164	0.01692	0.01585	0.01690	0.01483	0.01269	0.01636	0.01317	0.01949	0.01890	0.02836	0.01785	0.04820	0.48376	0.01048	0.22033	0.00842	0.00421	0.00791
18	0.02713	0.08927	0.02376	0.01943	0.02407	0.42125	0.01501	0.03583	0.21165	0.02467	0.01914	0.01973	0.01517	0.00927	0.00760	0.00232	0.01190	0.00651	0.00549	0.01079
19	0.02259	0.20262	0.10532	0.01956	0.02506	0.13667	0.04792	0.02949	0.12013	0.05280	0.01693	0.01909	0.01366	0.00971	0.01112	0.00256	0.14236	0.00661	0.00483	0.01097
20	0.01847	0.01794	0.02038	0.02465	0.17871	0.13706	0.01577	0.02300	0.05158	0.02428	0.05978	0.04360	0.02738	0.04944	0.12357	0.00483	0.01181	0.15259	0.00561	0.00956
21	0.01012	0.00723	0.00964	0.01157	0.01205	0.00675	0.00771	0.01157	0.01591	0.02121	0.04579	0.70262	0.05495	0.02603	0.01060	0.00337	0.00482	0.02362	0.00771	0.00675
22	0.01385	0.01002	0.01230	0.01288	0.01443	0.01005	0.00912	0.11883	0.01993	0.02662	0.04129	0.58393	0.04785	0.02324	0.01020	0.00322	0.00557	0.02081	0.00782	0.00803
23	0.02534	0.02967	0.02494	0.02766	0.17724	0.39247	0.01782	0.02823	0.02047	0.02184	0.01450	0.01864	0.01250	0.01505	0.08802	0.00365	0.06114	0.00640	0.00422	0.01019
24	0.01201	0.00825	0.01076	0.01196	0.01278	0.00802	0.00817	0.05098	0.01679	0.02240	0.04042	0.57867	0.04753	0.02533	0.01305	0.09274	0.00538	0.02064	0.00726	0.00685
25	0.13475	0.06599	0.05975	0.05105	0.20833	0.01806	0.04624	0.06178	0.04284	0.02892	0.02844	0.03024	0.13218	0.01027	0.00781	0.00249	0.00823	0.00864	0.00534	0.04866
26	0.02733	0.15666	0.02788	0.02135	0.07847	0.25262	0.01605	0.21302	0.02597	0.03056	0.01568	0.01790	0.01265	0.01233	0.05344	0.00298	0.01210	0.00626	0.00538	0.01136
27	0.02228	0.17031	0.22354	0.01993	0.06911	0.02044	0.01909	0.03095	0.12717	0.14507	0.02452	0.02449	0.04895	0.00942	0.00766	0.00247	0.00901	0.00745	0.00591	0.01222
28	0.06924	0.02157	0.02069	0.05406	0.11364	0.19263	0.01496	0.10137	0.02128	0.02675	0.02680	0.02973	0.11462	0.01873	0.10836	0.00413	0.03769	0.00850	0.00535	0.00990
29	0.10888	0.08111	0.30959	0.02220	0.06204	0.15703	0.05240	0.02660	0.01860	0.02573	0.01782	0.02010	0.04622	0.00861	0.00753	0.00247	0.01143	0.00655	0.00417	0.01092
30	0.01861	0.05738	0.37641	0.02310	0.03245	0.06172	0.11221	0.02918	0.12387	0.02701	0.02093	0.02274	0.03929	0.00888	0.00823	0.00263	0.01129	0.00758	0.00467	0.01183
31	0.22402	0.10259	0.01840	0.01380	0.01801	0.18943	0.01107	0.04766	0.01867	0.02824	0.01873	0.02139	0.03606	0.01259	0.05241	0.00298	0.00955	0.00626	0.15901	0.00912
32	0.01343	0.01201	0.03791	0.01427	0.05047	0.01107	0.01038	0.02059	0.14338	0.02803	0.21561	0.19020	0.18480	0.01777	0.00954	0.00285	0.00535	0.01550	0.00789	0.00895
33	0.01661	0.01361	0.02006	0.01702	0.02038	0.01357	0.12461	0.14385	0.02121	0.02823	0.03527	0.31254	0.07677	0.09955	0.01367	0.00360	0.00778	0.01586	0.00686	0.00894
34	0.02253	0.10519	0.02008	0.01548	0.01945	0.27243	0.01231	0.07161	0.02182	0.02526	0.02960	0.03491	0.11741	0.01190	0.00772	0.00234	0.00959	0.05884	0.13232	0.00920
35	0.02363	0.02938	0.10378	0.14076	0.16249	0.27273	0.02094	0.05107	0.04438	0.02436	0.01499	0.01859	0.01195	0.00859	0.00869	0.00247	0.03945	0.00653	0.00434	0.01090
36	0.01543	0.02237	0.20545	0.05974	0.06694	0.01482	0.12121	0.02102	0.01796	0.02495	0.03153	0.10441	0.13621	0.01192	0.00868	0.00258	0.00923	0.01077	0.00510	0.10968
37	0.05203	0.02436	0.02139	0.02142	0.09666	0.25327	0.01496	0.15032	0.02330	0.02890	0.01755	0.02142	0.01448	0.02003	0.14755	0.00460	0.01361	0.00691	0.05687	0.01036
38	0.02159	0.21337	0.02836	0.02238	0.13955	0.09989	0.01565	0.02883	0.14743	0.04831	0.02565	0.02659	0.08389	0.01029	0.00877	0.00242	0.05254	0.00787	0.00546	0.01115
39	0.02158	0.12375	0.35841	0.02059	0.02962	0.09249	0.02280	0.14257	0.02199	0.02931	0.01579	0.01905	0.01225	0.04367	0.00934	0.00271	0.01131	0.00639	0.00460	0.01177
40	0.01163	0.00866	0.00961	0.00982	0.01202	0.00797	0.00721	0.03765	0.01873	0.02465	0.08344	0.21869	0.35477	0.02213	0.03987	0.00330	0.00533	0.01690	0.10024	0.00737

[dist]
# distance from previous block
# <min> <max>
0	37

[block]
# block no. 5 follows, 22 sequences, length 37
# corresponding to MSA columns:
# 230-266
name=unknown_F
#
# <colnr> <probs for GDERKNQSTAVLIFYWHMCP>
#	G	D	E	R	K	N	Q	S	T	A	V	L	I	F	Y	W	H	M	C	P
0	0.08579	0.05222	0.20047	0.01677	0.02329	0.11943	0.01658	0.05920	0.09027	0.02750	0.03486	0.03475	0.18189	0.01192	0.00808	0.00258	0.00910	0.00926	0.00572	0.01032
1	0.01633	0.02806	0.30789	0.02461	0.03262	0.01763	0.20795	0.02307	0.01757	0.02502	0.02150	0.15734	0.02015	0.01165	0.01011	0.00289	0.04952	0.01085	0.00458	0.01065
2	0.02136	0.03217	0.22235	0.06039	0.08954	0.21155	0.14419	0.02716	0.01988	0.02419	0.01905	0.02215	0.05120	0.00870	0.00833	0.00252	0.01264	0.00753	0.00420	0.01088
3	0.02225	0.10399	0.28834	0.01978	0.02777	0.15286	0.02075	0.10836	0.05778	0.02880	0.01703	0.01892	0.01290	0.00858	0.00745	0.00237	0.01095	0.00632	0.07330	0.01146
4	0.08564	0.13656	0.02932	0.11918	0.03057	0.17765	0.13356	0.02638	0.04949	0.02377	0.01731	0.02501	0.01511	0.04823	0.00975	0.00281	0.01121	0.04408	0.00459	0.00978
5	0.18362	0.09490	0.05142	0.04438	0.02711	0.06004	0.17474	0.02609	0.05348	0.05533	0.07339	0.02607	0.01978	0.00929	0.00782	0.00255	0.00948	0.03455	0.00541	0.04055
6	0.18038	0.01913	0.02733	0.12178	0.33708	0.05695	0.05789	0.02479	0.01810	0.02838	0.04202	0.02083	0.01463	0.00804	0.00770	0.00254	0.00959	0.00714	0.00451	0.01119
7	0.17613	0.02156	0.05807	0.09323	0.35063	0.08396	0.02066	0.02648	0.04433	0.02833	0.01516	0.01897	0.01225	0.00785	0.00751	0.00251	0.00974	0.00662	0.00446	0.01155
8	0.02608	0.02946	0.02762	0.07435	0.27009	0.34412	0.02011	0.06406	0.02223	0.02487	0.01445	0.01786	0.01187	0.00818	0.00787	0.00233	0.01243	0.00639	0.00441	0.01122
9	0.01204	0.00822	0.00991	0.00991	0.01020	0.00851	0.00609	0.01262	0.01233	0.01673	0.02540	0.05008	0.02834	0.58068	0.16710	0.00910	0.01085	0.01145	0.00492	0.00550
10	0.01012	0.00723	0.00964	0.01157	0.01205	0.00675	0.00771	0.01157	0.01591	0.02121	0.04579	0.70262	0.05495	0.02603	0.01060	0.00337	0.00482	0.02362	0.00771	0.00675
11	0.01549	0.00774	0.00774	0.00774	0.00968	0.00774	0.00581	0.01936	0.01742	0.03097	0.02710	0.03097	0.02129	0.00968	0.00581	0.00194	0.00387	0.00774	0.75416	0.00774
12	0.01723	0.01477	0.01723	0.01230	0.01969	0.01107	0.00984	0.02092	0.01723	0.02707	0.01477	0.01723	0.01230	0.00615	0.00615	0.00123	0.00615	0.00492	0.00492	0.75883
13	0.01989	0.01676	0.01222	0.01161	0.01421	0.19660	0.00871	0.02327	0.01915	0.02796	0.02306	0.02644	0.01829	0.00936	0.00628	0.00199	0.00702	0.00707	0.54182	0.00828
14	0.01061	0.00845	0.00951	0.00924	0.01170	0.00735	0.00693	0.01345	0.02079	0.02685	0.31453	0.07269	0.41973	0.01939	0.00981	0.00273	0.00409	0.01651	0.00829	0.00735
15	0.01723	0.01477	0.01723	0.01230	0.01969	0.01107	0.00984	0.02092	0.01723	0.02707	0.01477	0.01723	0.01230	0.00615	0.00615	0.00123	0.00615	0.00492	0.00492	0.75883
16	0.76672	0.01607	0.01221	0.01092	0.01607	0.01864	0.00900	0.02442	0.01414	0.03727	0.01157	0.01350	0.00900	0.00771	0.00514	0.00257	0.00643	0.00450	0.00514	0.00900
17	0.01569	0.01477	0.02492	0.68808	0.05722	0.01846	0.02307	0.02123	0.01661	0.02123	0.01477	0.02215	0.01107	0.00831	0.00831	0.00277	0.01107	0.00738	0.00369	0.00923
18	0.02553	0.01154	0.01552	0.01279	0.01716	0.01020	0.01020	0.02907	0.02366	0.37258	0.31775	0.04383	0.04718	0.01337	0.00902	0.00259	0.00562	0.01142	0.00976	0.01124
19	0.03103	0.03959	0.02354	0.02140	0.02568	0.67469	0.01605	0.03317	0.02354	0.02033	0.01284	0.01498	0.01070	0.00856	0.00749	0.00214	0.01498	0.00535	0.00428	0.00963
20	0.01187	0.00890	0.01335	0.01335	0.01483	0.01038	0.01038	0.01483	0.01335	0.01928	0.02225	0.03264	0.02077	0.06231	0.67512	0.01335	0.02225	0.00890	0.00445	0.00742
21	0.01065	0.00868	0.00958	0.01002	0.01262	0.00761	0.00797	0.01316	0.01898	0.02301	0.07477	0.08316	0.51145	0.02149	0.01021	0.00304	0.00501	0.15373	0.00770	0.00716
22	0.01818	0.01818	0.02545	0.02181	0.02181	0.02545	0.01818	0.01999	0.01272	0.01999	0.01091	0.01818	0.01091	0.01454	0.02726	0.00364	0.69284	0.00727	0.00364	0.00909
23	0.01091	0.00852	0.01020	0.01020	0.01207	0.00834	0.00747	0.01294	0.01584	0.02026	0.05299	0.05941	0.32922	0.15547	0.24127	0.00730	0.01100	0.01365	0.00614	0.00680
24	0.00998	0.00780	0.00906	0.01006	0.01165	0.00687	0.00704	0.01174	0.01735	0.02180	0.06409	0.40553	0.34022	0.02365	0.01023	0.00310	0.00453	0.02071	0.00771	0.00687
25	0.03583	0.01645	0.02071	0.01588	0.02236	0.01565	0.01312	0.18954	0.02765	0.50745	0.02952	0.02616	0.01893	0.01020	0.00834	0.00255	0.00759	0.00813	0.00978	0.01414
26	0.02221	0.71304	0.04353	0.01421	0.02132	0.03287	0.01421	0.02488	0.01688	0.01955	0.01155	0.01333	0.01066	0.00711	0.00533	0.00178	0.00888	0.00444	0.00355	0.01066
27	0.01012	0.00723	0.00964	0.01157	0.01205	0.00675	0.00771	0.01157	0.01591	0.02121	0.04579	0.70262	0.05495	0.02603	0.01060	0.00337	0.00482	0.02362	0.00771	0.00675
28	0.02170	0.01761	0.01882	0.01677	0.02158	0.02014	0.01309	0.04392	0.60282	0.07376	0.03375	0.03083	0.02506	0.01121	0.00845	0.00280	0.00661	0.00933	0.00857	0.01321
29	0.02821	0.15921	0.02473	0.01568	0.02153	0.07882	0.01320	0.19758	0.02623	0.21183	0.06608	0.02811	0.07172	0.01071	0.00787	0.00237	0.00829	0.00823	0.00755	0.01205
30	0.01016	0.00775	0.00938	0.01063	0.01199	0.00697	0.00747	0.01194	0.01711	0.02180	0.05919	0.45679	0.26471	0.02414	0.01037	0.00319	0.00473	0.04710	0.00771	0.00688
31	0.02380	0.02821	0.06137	0.08542	0.02745	0.31370	0.01577	0.03036	0.11497	0.02456	0.01680	0.01882	0.01333	0.00834	0.00743	0.00212	0.01108	0.00612	0.00496	0.18538
32	0.02305	0.02997	0.21216	0.05658	0.14870	0.12707	0.02202	0.14596	0.09694	0.03132	0.01792	0.01997	0.01353	0.00873	0.00806	0.00252	0.01092	0.00695	0.00527	0.01234
33	0.01057	0.00778	0.00990	0.01077	0.01204	0.00711	0.00755	0.01286	0.01864	0.02503	0.23372	0.41914	0.14914	0.02258	0.01025	0.00306	0.00446	0.02014	0.00814	0.00711
34	0.02163	0.10768	0.20640	0.01981	0.05363	0.16386	0.01863	0.05992	0.01997	0.02594	0.01435	0.01668	0.01140	0.00755	0.00706	0.00201	0.01048	0.00556	0.00438	0.22305
35	0.16862	0.02917	0.09666	0.06119	0.05745	0.31031	0.01631	0.02737	0.01988	0.02570	0.04460	0.02047	0.03867	0.00900	0.00730	0.00234	0.01119	0.00640	0.00469	0.04266
36	0.01534	0.02498	0.27487	0.01717	0.02284	0.07259	0.01769	0.02016	0.01601	0.02181	0.02204	0.10937	0.02168	0.15718	0.14430	0.00581	0.01274	0.00985	0.00456	0.00902

[dist]
# distance from previous block
# <min> <max>
11	60

[block]
# block no. 6 follows, 22 sequences, length 129
# corresponding to MSA columns:
# 328-456
name=unknown_G
#
# <colnr> <probs for GDERKNQSTAVLIFYWHMCP>
#	G	D	E	R	K	N	Q	S	T	A	V	L	I	F	Y	W	H	M	C	P
0	0.13348	0.03124	0.24226	0.02105	0.02868	0.15962	0.07919	0.03103	0.14138	0.02837	0.01788	0.01951	0.01346	0.00859	0.00769	0.00257	0.01102	0.00672	0.00496	0.01129
1	0.02426	0.02839	0.08157	0.01860	0.02372	0.28776	0.01547	0.10063	0.16429	0.02804	0.02646	0.02701	0.08137	0.01314	0.04007	0.00299	0.01137	0.00802	0.00598	0.01082
2	0.05958	0.17622	0.09525	0.02697	0.18806	0.23041	0.01909	0.02896	0.05709	0.02422	0.01470	0.01723	0.01211	0.00801	0.00721	0.00226	0.01116	0.00597	0.00430	0.01122
3	0.08968	0.11205	0.02002	0.05506	0.02062	0.17864	0.01224	0.02317	0.04868	0.02502	0.12949	0.03678	0.15382	0.01263	0.00901	0.00250	0.04612	0.00960	0.00586	0.00900
4	0.05671	0.06008	0.17399	0.02346	0.06654	0.15853	0.13818	0.02666	0.05394	0.02584	0.05705	0.02685	0.07668	0.00972	0.00827	0.00253	0.01107	0.00836	0.00491	0.01062
5	0.05934	0.03565	0.14366	0.02325	0.06200	0.42118	0.04633	0.02991	0.02133	0.02311	0.01522	0.02037	0.01286	0.00906	0.00782	0.00239	0.01337	0.03856	0.00435	0.01025
6	0.02365	0.02520	0.02615	0.03120	0.25854	0.22019	0.01890	0.03255	0.18720	0.02672	0.01940	0.02153	0.01556	0.00919	0.00910	0.00253	0.04792	0.00730	0.00530	0.01186
7	0.02147	0.20941	0.02938	0.01805	0.02384	0.02163	0.09207	0.17851	0.02338	0.03071	0.02293	0.07009	0.02169	0.01191	0.00824	0.00254	0.00891	0.12439	0.00602	0.07483
8	0.01597	0.01431	0.05099	0.01700	0.08572	0.01322	0.01202	0.02464	0.19356	0.05745	0.04715	0.12677	0.22063	0.06877	0.01166	0.00322	0.00644	0.01338	0.00722	0.00986
9	0.01016	0.00749	0.00952	0.01099	0.01193	0.00685	0.00749	0.01185	0.01682	0.02208	0.08544	0.56588	0.15365	0.02472	0.01043	0.00324	0.00467	0.02215	0.00779	0.00685
10	0.01012	0.00723	0.00964	0.01157	0.01205	0.00675	0.00771	0.01157	0.01591	0.02121	0.04579	0.70262	0.05495	0.02603	0.01060	0.00337	0.00482	0.02362	0.00771	0.00675
11	0.01326	0.01071	0.01641	0.16859	0.02472	0.01295	0.01352	0.01680	0.01425	0.02031	0.02013	0.02935	0.01802	0.04482	0.45509	0.00985	0.05578	0.00841	0.03909	0.00794
12	0.73254	0.01640	0.01280	0.01131	0.01652	0.01897	0.00931	0.05251	0.01530	0.03797	0.01196	0.01380	0.00924	0.00782	0.00529	0.00257	0.00655	0.00464	0.00529	0.00924
13	0.03024	0.06192	0.02494	0.02036	0.02534	0.40276	0.01599	0.22873	0.02787	0.03085	0.01504	0.01670	0.01184	0.00924	0.00859	0.00231	0.04449	0.00610	0.00555	0.01113
14	0.01254	0.01222	0.01970	0.01594	0.02016	0.01087	0.17760	0.01596	0.01896	0.02353	0.06345	0.09813	0.44326	0.01743	0.00986	0.00284	0.00695	0.01573	0.00674	0.00816
15	0.00991	0.00842	0.00854	0.00851	0.01128	0.00705	0.00638	0.01210	0.01915	0.02296	0.11136	0.07909	0.62532	0.02084	0.00982	0.00280	0.00419	0.01741	0.00778	0.00705
16	0.02010	0.01927	0.03288	0.11158	0.59925	0.01962	0.02526	0.02509	0.01870	0.02658	0.01554	0.02071	0.01296	0.00749	0.00823	0.00250	0.00998	0.00740	0.00407	0.01279
17	0.01176	0.00849	0.01110	0.01045	0.01241	0.00784	0.00784	0.01568	0.02352	0.03331	0.65184	0.06206	0.07839	0.01698	0.00980	0.00261	0.00392	0.01502	0.00914	0.00784
18	0.01009	0.00734	0.00952	0.01127	0.01197	0.00677	0.00758	0.01160	0.01619	0.02132	0.04944	0.64340	0.11181	0.02555	0.01053	0.00332	0.00476	0.02304	0.00771	0.00677
19	0.02221	0.71304	0.04353	0.01421	0.02132	0.03287	0.01421	0.02488	0.01688	0.01955	0.01155	0.01333	0.01066	0.00711	0.00533	0.00178	0.00888	0.00444	0.00355	0.01066
20	0.01042	0.00844	0.00925	0.00904	0.01159	0.00727	0.00678	0.01308	0.02035	0.02580	0.25940	0.07443	0.47551	0.01979	0.00981	0.00275	0.00412	0.01676	0.00816	0.00727
21	0.76672	0.01607	0.01221	0.01092	0.01607	0.01864	0.00900	0.02442	0.01414	0.03727	0.01157	0.01350	0.00900	0.00771	0.00514	0.00257	0.00643	0.00450	0.00514	0.00900
22	0.01176	0.00849	0.01110	0.01045	0.01241	0.00784	0.00784	0.01568	0.02352	0.03331	0.65184	0.06206	0.07839	0.01698	0.00980	0.00261	0.00392	0.01502	0.00914	0.00784
23	0.76672	0.01607	0.01221	0.01092	0.01607	0.01864	0.00900	0.02442	0.01414	0.03727	0.01157	0.01350	0.00900	0.00771	0.00514	0.00257	0.00643	0.00450	0.00514	0.00900
24	0.03570	0.01666	0.02084	0.01598	0.02247	0.01595	0.01320	0.20294	0.02800	0.49356	0.02923	0.02597	0.01879	0.01020	0.00834	0.00255	0.00764	0.00811	0.00974	0.01414
25	0.03103	0.03959	0.02354	0.02140	0.02568	0.67469	0.01605	0.03317	0.02354	0.02033	0.01284	0.01498	0.01070	0.00856	0.00749	0.00214	0.01498	0.00535	0.00428	0.00963
26	0.01549	0.00774	0.00774	0.00774	0.00968	0.00774	0.00581	0.01936	0.01742	0.03097	0.02710	0.03097	0.02129	0.00968	0.00581	0.00194	0.00387	0.00774	0.75416	0.00774
27	0.00982	0.00842	0.00842	0.00842	0.01122	0.00701	0.00631	0.01192	0.01894	0.02244	0.08416	0.07995	0.65285	0.02104	0.00982	0.00281	0.00421	0.01753	0.00771	0.00701
28	0.01187	0.00890	0.01335	0.01335	0.01483	0.01038	0.01038	0.01483	0.01335	0.01928	0.02225	0.03264	0.02077	0.06231	0.67512	0.01335	0.02225	0.00890	0.00445	0.00742
29	0.01723	0.01477	0.01723	0.01230	0.01969	0.01107	0.00984	0.02092	0.01723	0.02707	0.01477	0.01723	0.01230	0.00615	0.00615	0.00123	0.00615	0.00492	0.00492	0.75883
30	0.01012	0.00723	0.00964	0.01157	0.01205	0.00675	0.00771	0.01157	0.01591	0.02121	0.04579	0.70262	0.05495	0.02603	0.01060	0.00337	0.00482	0.02362	0.00771	0.00675
31	0.01012	0.00723	0.00964	0.01157	0.01205	0.00675	0.00771	0.01157	0.01591	0.02121	0.04579	0.70262	0.05495	0.02603	0.01060	0.00337	0.00482	0.02362	0.00771	0.00675
32	0.76672	0.01607	0.01221	0.01092	0.01607	0.01864	0.00900	0.02442	0.01414	0.03727	0.01157	0.01350	0.00900	0.00771	0.00514	0.00257	0.00643	0.00450	0.00514	0.00900
33	0.03103	0.03959	0.02354	0.02140	0.02568	0.67469	0.01605	0.03317	0.02354	0.02033	0.01284	0.01498	0.01070	0.00856	0.00749	0.00214	0.01498	0.00535	0.00428	0.00963
34	0.02010	0.01824	0.01758	0.05793	0.08022	0.14408	0.01277	0.08462	0.05011	0.02832	0.03079	0.03274	0.12215	0.01139	0.00859	0.00240	0.04080	0.00888	0.21871	0.00956
35	0.01172	0.00871	0.00978	0.00936	0.01207	0.00752	0.00707	0.01445	0.02061	0.05579	0.26174	0.07186	0.44115	0.01925	0.00974	0.00273	0.00425	0.01631	0.00829	0.00761
36	0.01187	0.00890	0.01335	0.01335	0.01483	0.01038	0.01038	0.01483	0.01335	0.01928	0.02225	0.03264	0.02077	0.06231	0.67512	0.01335	0.02225	0.00890	0.00445	0.00742
37	0.02488	0.06754	0.06797	0.03471	0.31518	0.29976	0.02116	0.02878	0.02069	0.02377	0.01417	0.01760	0.01182	0.00791	0.00773	0.00230	0.01214	0.00629	0.00412	0.01146
38	0.01443	0.00722	0.01082	0.01082	0.01082	0.00722	0.00722	0.01082	0.01082	0.01443	0.01443	0.02525	0.01443	0.02886	0.03247	0.75830	0.00722	0.00722	0.00361	0.00361
39	0.03192	0.02272	0.02459	0.01885	0.02549	0.02495	0.01557	0.59307	0.03814	0.08911	0.02072	0.02045	0.01452	0.00999	0.00831	0.00250	0.00902	0.00753	0.00843	0.01413
40	0.01207	0.00809	0.00926	0.00926	0.00932	0.00816	0.00528	0.01221	0.01214	0.01625	0.02600	0.05338	0.02977	0.67867	0.07107	0.00829	0.00870	0.01194	0.00501	0.00514
41	0.01104	0.00861	0.01008	0.01036	0.01236	0.00791	0.00752	0.01462	0.05337	0.02576	0.22703	0.25422	0.28515	0.02084	0.00997	0.00292	0.00444	0.01817	0.00815	0.00750
42	0.73511	0.01598	0.01252	0.01109	0.01629	0.01836	0.00914	0.02512	0.01456	0.06435	0.01249	0.01414	0.00950	0.00782	0.00528	0.00257	0.00645	0.00467	0.00536	0.00922
43	0.01351	0.01033	0.01262	0.01172	0.01422	0.01036	0.00888	0.02129	0.14520	0.03360	0.53009	0.05594	0.06794	0.01586	0.00953	0.00265	0.00444	0.01391	0.00901	0.00888
44	0.02221	0.71304	0.04353	0.01421	0.02132	0.03287	0.01421	0.02488	0.01688	0.01955	0.01155	0.01333	0.01066	0.00711	0.00533	0.00178	0.00888	0.00444	0.00355	0.01066
45	0.01018	0.00843	0.00891	0.00879	0.01144	0.00717	0.00659	0.01262	0.01978	0.02445	0.18910	0.07664	0.54666	0.02029	0.00981	0.00277	0.00415	0.01707	0.00798	0.00717
46	0.03103	0.03959	0.02354	0.02140	0.02568	0.67469	0.01605	0.03317	0.02354	0.02033	0.01284	0.01498	0.01070	0.00856	0.00749	0.00214	0.01498	0.00535	0.00428	0.00963
47	0.01035	0.00798	0.00950	0.01039	0.01205	0.00713	0.00749	0.01244	0.01807	0.02309	0.11907	0.34932	0.30224	0.02293	0.01026	0.00310	0.00465	0.05507	0.00785	0.00701
48	0.02161	0.64054	0.11078	0.01524	0.02291	0.03140	0.01600	0.02503	0.01695	0.02028	0.01191	0.01378	0.01065	0.00719	0.00561	0.00187	0.00925	0.00463	0.00355	0.01084
49	0.02984	0.02159	0.02307	0.01788	0.02402	0.02381	0.01471	0.56261	0.03672	0.05004	0.02072	0.02114	0.01490	0.00994	0.00804	0.00243	0.00857	0.00751	0.08901	0.01344
50	0.01012	0.00723	0.00964	0.01157	0.01205	0.00675	0.00771	0.01157	0.01591	0.02121	0.04579	0.70262	0.05495	0.02603	0.01060	0.00337	0.00482	0.02362	0.00771	0.00675
51	0.02056	0.01974	0.03372	0.05099	0.65622	0.01974	0.02550	0.02550	0.01892	0.02714	0.01563	0.02056	0.01316	0.00740	0.00822	0.00247	0.00987	0.00740	0.00411	0.01316
52	0.01145	0.00842	0.01130	0.01158	0.01272	0.00897	0.00833	0.01342	0.01402	0.01916	0.03316	0.13672	0.09613	0.20203	0.36367	0.00959	0.01457	0.01263	0.00540	0.00673
53	0.13668	0.01705	0.01733	0.01412	0.01898	0.01873	0.01147	0.33615	0.02815	0.04301	0.02105	0.02263	0.01573	0.00954	0.00701	0.00232	0.00699	0.00712	0.25470	0.01124
54	0.01229	0.00929	0.01323	0.01302	0.01412	0.01083	0.00980	0.01460	0.01306	0.01870	0.02234	0.03604	0.02203	0.18664	0.51140	0.01172	0.05988	0.00943	0.00452	0.00705
55	0.00990	0.00809	0.00875	0.00929	0.01145	0.00694	0.00670	0.01182	0.01810	0.02210	0.07356	0.25197	0.48767	0.02242	0.01004	0.00296	0.00438	0.01921	0.00771	0.00694
56	0.03103	0.03959	0.02354	0.02140	0.02568	0.67469	0.01605	0.03317	0.02354	0.02033	0.01284	0.01498	0.01070	0.00856	0.00749	0.00214	0.01498	0.00535	0.00428	0.00963
57	0.01103	0.00932	0.00965	0.00941	0.01232	0.00839	0.00711	0.01534	0.07855	0.02463	0.13257	0.07362	0.53934	0.01973	0.00969	0.00279	0.00441	0.01652	0.00792	0.00767
58	0.01006	0.00748	0.00938	0.01089	0.01187	0.00680	0.00741	0.01164	0.01655	0.02147	0.05398	0.56962	0.18266	0.02496	0.01044	0.00325	0.00469	0.02232	0.00771	0.00680
59	0.01015	0.00760	0.00943	0.01073	0.01187	0.00688	0.00738	0.01190	0.01711	0.02224	0.09172	0.51150	0.20280	0.02426	0.01036	0.00319	0.00462	0.02161	0.00780	0.00688
60	0.03103	0.03959	0.02354	0.02140	0.02568	0.67469	0.01605	0.03317	0.02354	0.02033	0.01284	0.01498	0.01070	0.00856	0.00749	0.00214	0.01498	0.00535	0.00428	0.00963
61	0.03022	0.10288	0.02551	0.02061	0.02527	0.58331	0.01586	0.06022	0.02363	0.02175	0.01305	0.01506	0.01086	0.00849	0.00732	0.00212	0.01413	0.00536	0.00440	0.00994
62	0.02056	0.01974	0.03372	0.05099	0.65622	0.01974	0.02550	0.02550	0.01892	0.02714	0.01563	0.02056	0.01316	0.00740	0.00822	0.00247	0.00987	0.00740	0.00411	0.01316
63	0.01666	0.04297	0.66500	0.02368	0.03596	0.01929	0.03069	0.02631	0.01754	0.02631	0.01491	0.01754	0.01052	0.00789	0.00789	0.00263	0.01228	0.00614	0.00351	0.01228
64	0.02762	0.08973	0.02790	0.02834	0.18826	0.42009	0.01833	0.05978	0.02256	0.02360	0.01380	0.01653	0.01150	0.00821	0.00754	0.00221	0.01287	0.00591	0.00437	0.01085
65	0.02206	0.41966	0.09463	0.01612	0.02274	0.05394	0.01571	0.11396	0.02069	0.02569	0.01781	0.05436	0.01671	0.01003	0.00693	0.00225	0.00920	0.06183	0.00487	0.01082
66	0.01010	0.00843	0.00880	0.00871	0.01139	0.00713	0.00653	0.01246	0.01959	0.02400	0.16538	0.07739	0.57066	0.02046	0.00982	0.00278	0.00417	0.01717	0.00792	0.00713
67	0.01405	0.01120	0.01576	0.01597	0.05421	0.01169	0.03432	0.01675	0.01822	0.05398	0.15391	0.22647	0.16457	0.01885	0.01271	0.00307	0.11467	0.04419	0.00709	0.00831
68	0.01012	0.00723	0.00964	0.01157	0.01205	0.00675	0.00771	0.01157	0.01591	0.02121	0.04579	0.70262	0.05495	0.02603	0.01060	0.00337	0.00482	0.02362	0.00771	0.00675
69	0.02023	0.01928	0.03279	0.04937	0.62715	0.01928	0.02494	0.02512	0.01893	0.02704	0.01692	0.02389	0.01474	0.00811	0.00837	0.00253	0.00977	0.03437	0.00427	0.01291
