[name]
unknown

[dist]
# distance from previous block
# <min> <max>
18	42

[block]
# block no. 0 follows, 22 sequences, length 10
# corresponding to MSA columns:
# 54-63
name=unknown_A
#
# <colnr> <probs for GDERKNQSTAVLIFYWHMCP>
#	G	D	E	R	K	N	Q	S	T	A	V	L	I	F	Y	W	H	M	C	P
0	0.02172	0.02130	0.03067	0.04068	0.43754	0.07462	0.02263	0.06716	0.01950	0.02696	0.01478	0.01960	0.01259	0.00906	0.01187	0.00267	0.14297	0.00721	0.00433	0.01215
1	0.08325	0.14702	0.02120	0.01382	0.01866	0.01743	0.01144	0.10156	0.06529	0.17825	0.09510	0.12949	0.05788	0.01305	0.00808	0.00256	0.00679	0.01066	0.00759	0.01090
2	0.02056	0.01974	0.03372	0.05099	0.65622	0.01974	0.02550	0.02550	0.01892	0.02714	0.01563	0.02056	0.01316	0.00740	0.00822	0.00247	0.00987	0.00740	0.00411	0.01316
3	0.01199	0.00840	0.01082	0.01082	0.01142	0.00901	0.00722	0.01321	0.01260	0.01741	0.02457	0.04548	0.02634	0.44401	0.30105	0.01022	0.01386	0.01078	0.00480	0.00601
4	0.01721	0.03467	0.45275	0.02884	0.15322	0.01874	0.07665	0.02526	0.01806	0.02625	0.01960	0.02248	0.05203	0.00856	0.00823	0.00262	0.01145	0.00740	0.00395	0.01202
5	0.02056	0.01974	0.03372	0.05099	0.65622	0.01974	0.02550	0.02550	0.01892	0.02714	0.01563	0.02056	0.01316	0.00740	0.00822	0.00247	0.00987	0.00740	0.00411	0.01316
6	0.03103	0.03959	0.02354	0.02140	0.02568	0.67469	0.01605	0.03317	0.02354	0.02033	0.01284	0.01498	0.01070	0.00856	0.00749	0.00214	0.01498	0.00535	0.00428	0.00963
7	0.01973	0.01703	0.01789	0.01617	0.02071	0.01949	0.01256	0.04137	0.58760	0.03369	0.03815	0.03521	0.07942	0.01211	0.00857	0.00282	0.00637	0.01009	0.00839	0.01262
8	0.02056	0.01974	0.03372	0.05099	0.65622	0.01974	0.02550	0.02550	0.01892	0.02714	0.01563	0.02056	0.01316	0.00740	0.00822	0.00247	0.00987	0.00740	0.00411	0.01316
9	0.01208	0.00805	0.00906	0.00906	0.00906	0.00805	0.00503	0.01208	0.01208	0.01611	0.02618	0.05436	0.03020	0.70804	0.04228	0.00805	0.00805	0.01208	0.00503	0.00503

[dist]
# distance from previous block
# <min> <max>
0	1

[block]
# block no. 1 follows, 22 sequences, length 27
# corresponding to MSA columns:
# 65-91
name=unknown_B
#
# <colnr> <probs for GDERKNQSTAVLIFYWHMCP>
#	G	D	E	R	K	N	Q	S	T	A	V	L	I	F	Y	W	H	M	C	P
0	0.25894	0.01809	0.02600	0.09892	0.39420	0.01926	0.01998	0.02474	0.01717	0.02982	0.01424	0.01845	0.01163	0.00759	0.00725	0.00253	0.00888	0.00647	0.00440	0.01145
1	0.01735	0.12626	0.58776	0.02250	0.03414	0.02098	0.02865	0.02613	0.01746	0.02547	0.01449	0.01702	0.01054	0.00780	0.00757	0.00252	0.01186	0.00593	0.00351	0.01208
2	0.01745	0.13760	0.57723	0.02234	0.03389	0.02121	0.02837	0.02611	0.01745	0.02535	0.01443	0.01694	0.01054	0.00778	0.00753	0.00251	0.01180	0.00590	0.00351	0.01205
3	0.01023	0.00727	0.00961	0.01143	0.01189	0.00682	0.00756	0.01160	0.01570	0.02093	0.04471	0.66713	0.05359	0.06337	0.01234	0.00363	0.00500	0.02299	0.00756	0.00665
4	0.01140	0.00846	0.01237	0.01288	0.01410	0.00942	0.00968	0.01397	0.01403	0.01979	0.02850	0.21041	0.02984	0.05268	0.49880	0.01070	0.01763	0.01281	0.00532	0.00724
5	0.02056	0.01974	0.03372	0.05099	0.65622	0.01974	0.02550	0.02550	0.01892	0.02714	0.01563	0.02056	0.01316	0.00740	0.00822	0.00247	0.00987	0.00740	0.00411	0.01316
6	0.01187	0.00890	0.01335	0.01335	0.01483	0.01038	0.01038	0.01483	0.01335	0.01928	0.02225	0.03264	0.02077	0.06231	0.67512	0.01335	0.02225	0.00890	0.00445	0.00742
7	0.01812	0.01798	0.02496	0.02125	0.02169	0.02460	0.01769	0.02005	0.01299	0.02041	0.01113	0.01812	0.01099	0.01405	0.02603	0.00349	0.65266	0.00713	0.00371	0.05296
8	0.01639	0.01567	0.02075	0.01857	0.01934	0.05084	0.01511	0.01866	0.01348	0.01974	0.01532	0.02353	0.01465	0.03244	0.27301	0.00726	0.40499	0.00780	0.00398	0.00848
9	0.01666	0.04297	0.66500	0.02368	0.03596	0.01929	0.03069	0.02631	0.01754	0.02631	0.01491	0.01754	0.01052	0.00789	0.00789	0.00263	0.01228	0.00614	0.00351	0.01228
10	0.01777	0.02355	0.16549	0.02445	0.03293	0.01685	0.28042	0.02401	0.01825	0.02641	0.01730	0.05536	0.01429	0.00792	0.00833	0.00231	0.01075	0.00826	0.00446	0.24087
11	0.01187	0.00890	0.01335	0.01335	0.01483	0.01038	0.01038	0.01483	0.01335	0.01928	0.02225	0.03264	0.02077	0.06231	0.67512	0.01335	0.02225	0.00890	0.00445	0.00742
12	0.01072	0.00845	0.00967	0.00937	0.01178	0.00740	0.00702	0.01368	0.02107	0.02752	0.34932	0.07159	0.38452	0.01914	0.00981	0.00272	0.00407	0.01636	0.00838	0.00740
13	0.02221	0.71304	0.04353	0.01421	0.02132	0.03287	0.01421	0.02488	0.01688	0.01955	0.01155	0.01333	0.01066	0.00711	0.00533	0.00178	0.00888	0.00444	0.00355	0.01066
14	0.02383	0.07311	0.02489	0.02753	0.22388	0.28181	0.01681	0.02726	0.02033	0.02467	0.01661	0.01998	0.01369	0.00832	0.00723	0.00218	0.01061	0.00644	0.16036	0.01044
15	0.02078	0.01073	0.01420	0.01203	0.01578	0.00949	0.00943	0.02444	0.02331	0.24887	0.40894	0.04832	0.05539	0.01417	0.00913	0.00253	0.00511	0.01225	0.00933	0.04576
16	0.02695	0.03161	0.02425	0.02137	0.02445	0.42206	0.01671	0.07007	0.02115	0.02243	0.01271	0.01635	0.01100	0.01057	0.01388	0.00264	0.23155	0.00611	0.00435	0.00977
17	0.02256	0.01782	0.01917	0.04589	0.02232	0.04582	0.01333	0.29995	0.10685	0.03744	0.03224	0.17089	0.06962	0.01478	0.00904	0.00281	0.00783	0.04266	0.00776	0.01124
18	0.01569	0.01477	0.02492	0.68808	0.05722	0.01846	0.02307	0.02123	0.01661	0.02123	0.01477	0.02215	0.01107	0.00831	0.00831	0.00277	0.01107	0.00738	0.00369	0.00923
19	0.01723	0.01477	0.01723	0.01230	0.01969	0.01107	0.00984	0.02092	0.01723	0.02707	0.01477	0.01723	0.01230	0.00615	0.00615	0.00123	0.00615	0.00492	0.00492	0.75883
20	0.02170	0.37419	0.02984	0.01353	0.01921	0.02437	0.01228	0.14896	0.02184	0.02864	0.02380	0.02491	0.08304	0.00965	0.00652	0.00207	0.00759	0.00705	0.13029	0.01050
21	0.01012	0.00723	0.00964	0.01157	0.01205	0.00675	0.00771	0.01157	0.01591	0.02121	0.04579	0.70262	0.05495	0.02603	0.01060	0.00337	0.00482	0.02362	0.00771	0.00675
22	0.01187	0.00890	0.01335	0.01335	0.01483	0.01038	0.01038	0.01483	0.01335	0.01928	0.02225	0.03264	0.02077	0.06231	0.67512	0.01335	0.02225	0.00890	0.00445	0.00742
23	0.01012	0.00723	0.00964	0.01157	0.01205	0.00675	0.00771	0.01157	0.01591	0.02121	0.04579	0.70262	0.05495	0.02603	0.01060	0.00337	0.00482	0.02362	0.00771	0.00675
24	0.02056	0.01974	0.03372	0.05099	0.65622	0.01974	0.02550	0.02550	0.01892	0.02714	0.01563	0.02056	0.01316	0.00740	0.00822	0.00247	0.00987	0.00740	0.00411	0.01316
25	0.25983	0.37696	0.07455	0.01443	0.02110	0.06131	0.01386	0.05321	0.01743	0.02722	0.01224	0.01407	0.01028	0.00756	0.00570	0.00214	0.00867	0.00477	0.00431	0.01035
26	0.02472	0.24470	0.20747	0.01928	0.02696	0.20608	0.01932	0.07895	0.02114	0.05866	0.01468	0.01631	0.01145	0.00814	0.00705	0.00222	0.01145	0.00563	0.00450	0.01130

[dist]
# distance from previous block
# <min> <max>
0	26

[block]
# block no. 2 follows, 22 sequences, length 102
# corresponding to MSA columns:
# 118-219
name=unknown_C
#
# <colnr> <probs for GDERKNQSTAVLIFYWHMCP>
#	G	D	E	R	K	N	Q	S	T	A	V	L	I	F	Y	W	H	M	C	P
0	0.10740	0.03360	0.41979	0.02938	0.19780	0.01933	0.02672	0.02587	0.01750	0.02784	0.01470	0.01786	0.01104	0.00774	0.00765	0.00258	0.01094	0.00628	0.00386	0.01212
1	0.02069	0.09868	0.24013	0.02597	0.15609	0.17902	0.02153	0.02596	0.01939	0.02390	0.02251	0.02459	0.08794	0.00945	0.00784	0.00242	0.01115	0.00740	0.00433	0.01103
2	0.02395	0.02617	0.03042	0.04141	0.45198	0.23188	0.02244	0.02798	0.02041	0.02493	0.01472	0.01875	0.01236	0.00778	0.00799	0.00236	0.01153	0.00674	0.00417	0.01202
3	0.02159	0.02310	0.02175	0.05846	0.04864	0.23071	0.01552	0.06110	0.02056	0.02500	0.13267	0.02823	0.05086	0.01240	0.01391	0.00276	0.20946	0.00853	0.00534	0.00943
4	0.02302	0.01333	0.01590	0.01406	0.01818	0.01342	0.01094	0.03228	0.22154	0.24098	0.03938	0.09987	0.09003	0.07855	0.01206	0.00333	0.00655	0.04678	0.00856	0.01123
5	0.01649	0.01570	0.02222	0.01955	0.01995	0.02143	0.01610	0.01862	0.01289	0.01980	0.01393	0.02203	0.01354	0.02729	0.20013	0.00623	0.51391	0.00771	0.00385	0.00864
6	0.02221	0.71304	0.04353	0.01421	0.02132	0.03287	0.01421	0.02488	0.01688	0.01955	0.01155	0.01333	0.01066	0.00711	0.00533	0.00178	0.00888	0.00444	0.00355	0.01066
7	0.02226	0.02372	0.02964	0.15813	0.39389	0.18028	0.02274	0.02661	0.01964	0.02441	0.01479	0.01948	0.01218	0.00785	0.00806	0.00244	0.01134	0.00689	0.00408	0.01159
8	0.01679	0.01589	0.02690	0.54455	0.19216	0.01875	0.02362	0.02219	0.01713	0.02256	0.01496	0.02179	0.01154	0.00810	0.00829	0.00270	0.01080	0.00739	0.00379	0.01011
9	0.01011	0.00729	0.00958	0.01141	0.01201	0.00676	0.00764	0.01158	0.01605	0.02127	0.04767	0.67215	0.08420	0.02578	0.01057	0.00335	0.00479	0.02332	0.00771	0.00676
10	0.01957	0.01873	0.03194	0.18014	0.53480	0.01948	0.02500	0.02463	0.01845	0.02594	0.01545	0.02088	0.01274	0.00759	0.00824	0.00253	0.01011	0.00740	0.00403	0.01236
11	0.01679	0.01589	0.02690	0.54455	0.19216	0.01875	0.02362	0.02219	0.01713	0.02256	0.01496	0.02179	0.01154	0.00810	0.00829	0.00270	0.01080	0.00739	0.00379	0.01011
12	0.03103	0.03959	0.02354	0.02140	0.02568	0.67469	0.01605	0.03317	0.02354	0.02033	0.01284	0.01498	0.01070	0.00856	0.00749	0.00214	0.01498	0.00535	0.00428	0.00963
13	0.01098	0.00835	0.00917	0.00919	0.01089	0.00758	0.00638	0.01264	0.01708	0.02156	0.12405	0.06984	0.34655	0.25763	0.02109	0.00464	0.00567	0.04332	0.00694	0.00645
14	0.01723	0.01477	0.01723	0.01230	0.01969	0.01107	0.00984	0.02092	0.01723	0.02707	0.01477	0.01723	0.01230	0.00615	0.00615	0.00123	0.00615	0.00492	0.00492	0.75883
15	0.01173	0.00791	0.00916	0.00951	0.00960	0.00782	0.00551	0.01199	0.01277	0.01702	0.02970	0.17077	0.03465	0.58558	0.03659	0.00721	0.00747	0.01415	0.00551	0.00534
16	0.01092	0.00846	0.00995	0.00958	0.01190	0.00748	0.00718	0.01406	0.02155	0.02864	0.40769	0.06975	0.32545	0.01873	0.00981	0.00270	0.00404	0.01610	0.00853	0.00748
17	0.01187	0.00890	0.01335	0.01335	0.01483	0.01038	0.01038	0.01483	0.01335	0.01928	0.02225	0.03264	0.02077	0.06231	0.67512	0.01335	0.02225	0.00890	0.00445	0.00742
18	0.03158	0.02327	0.02493	0.01911	0.02576	0.02576	0.01579	0.62852	0.03906	0.05236	0.01995	0.01995	0.01413	0.00997	0.00831	0.00249	0.00914	0.00748	0.00831	0.01413
19	0.03103	0.03959	0.02354	0.02140	0.02568	0.67469	0.01605	0.03317	0.02354	0.02033	0.01284	0.01498	0.01070	0.00856	0.00749	0.00214	0.01498	0.00535	0.00428	0.00963
20	0.01733	0.03834	0.52623	0.02623	0.03764	0.01968	0.16482	0.02638	0.01801	0.02638	0.01534	0.01864	0.01099	0.00769	0.00832	0.00267	0.01267	0.00696	0.00366	0.01204
21	0.01136	0.00848	0.01055	0.01003	0.01217	0.00767	0.00753	0.01491	0.02258	0.03109	0.53558	0.06572	0.19603	0.01781	0.00980	0.00265	0.00398	0.01554	0.00885	0.00767
22	0.02028	0.02505	0.16226	0.04097	0.39296	0.02022	0.12506	0.06200	0.01996	0.02840	0.01594	0.02022	0.01260	0.00759	0.00842	0.00256	0.01099	0.00755	0.00426	0.01272
23	0.03103	0.03959	0.02354	0.02140	0.02568	0.67469	0.01605	0.03317	0.02354	0.02033	0.01284	0.01498	0.01070	0.00856	0.00749	0.00214	0.01498	0.00535	0.00428	0.00963
24	0.01001	0.00768	0.00917	0.01036	0.01173	0.00685	0.00718	0.01170	0.01707	0.02168	0.06049	0.46410	0.28398	0.02412	0.01030	0.00316	0.00459	0.02129	0.00771	0.00685
25	0.08341	0.12354	0.42645	0.02013	0.03021	0.02040	0.02392	0.05136	0.01877	0.10398	0.01654	0.01804	0.01177	0.00815	0.00740	0.00250	0.01059	0.00610	0.00466	0.01209
26	0.01776	0.07168	0.61076	0.02289	0.03470	0.01961	0.02920	0.02683	0.01777	0.05212	0.01549	0.01779	0.01094	0.00796	0.00780	0.00259	0.01191	0.00615	0.00379	0.01228
27	0.01007	0.00744	0.00942	0.01100	0.01190	0.00680	0.00746	0.01163	0.01645	0.02143	0.05272	0.59012	0.16297	0.02513	0.01046	0.00327	0.00471	0.02252	0.00771	0.00680
28	0.02056	0.01974	0.03372	0.05099	0.65622	0.01974	0.02550	0.02550	0.01892	0.02714	0.01563	0.02056	0.01316	0.00740	0.00822	0.00247	0.00987	0.00740	0.00411	0.01316
29	0.20473	0.01982	0.02813	0.02824	0.18687	0.05830	0.15343	0.02958	0.08505	0.09965	0.01856	0.02088	0.01399	0.00819	0.00782	0.00260	0.00961	0.00743	0.00553	0.01160
30	0.02943	0.03323	0.02329	0.02150	0.05391	0.46599	0.01582	0.13985	0.05376	0.02758	0.01588	0.01762	0.01260	0.00894	0.00764	0.00224	0.01278	0.00613	0.04114	0.01067
31	0.02046	0.01668	0.01896	0.01384	0.02106	0.01438	0.01118	0.15780	0.02215	0.03277	0.01593	0.01784	0.01272	0.00701	0.00664	0.00151	0.00683	0.00550	0.00569	0.59106
32	0.01095	0.00758	0.00939	0.01050	0.01078	0.00730	0.00657	0.01179	0.01428	0.01904	0.03745	0.42711	0.04443	0.31589	0.02407	0.00536	0.00619	0.01871	0.00657	0.00602
33	0.01852	0.01592	0.01677	0.01525	0.01953	0.01790	0.01181	0.03770	0.51397	0.03269	0.06812	0.04026	0.12959	0.01310	0.00873	0.00281	0.00608	0.01095	0.00836	0.01193
34	0.01012	0.00723	0.00964	0.01157	0.01205	0.00675	0.00771	0.01157	0.01591	0.02121	0.04579	0.70262	0.05495	0.02603	0.01060	0.00337	0.00482	0.02362	0.00771	0.00675
35	0.01176	0.00849	0.01110	0.01045	0.01241	0.00784	0.00784	0.01568	0.02352	0.03331	0.65184	0.06206	0.07839	0.01698	0.00980	0.00261	0.00392	0.01502	0.00914	0.00784
36	0.03103	0.03959	0.02354	0.02140	0.02568	0.67469	0.01605	0.03317	0.02354	0.02033	0.01284	0.01498	0.01070	0.00856	0.00749	0.00214	0.01498	0.00535	0.00428	0.00963
37	0.01109	0.00847	0.01018	0.00975	0.01200	0.00755	0.00731	0.01438	0.02194	0.02956	0.45605	0.06823	0.27651	0.01838	0.00981	0.00268	0.00402	0.01589	0.00865	0.00755
38	0.02056	0.01974	0.03372	0.05099	0.65622	0.01974	0.02550	0.02550	0.01892	0.02714	0.01563	0.02056	0.01316	0.00740	0.00822	0.00247	0.00987	0.00740	0.00411	0.01316
39	0.02979	0.03699	0.02297	0.02086	0.02519	0.59647	0.01570	0.03448	0.09742	0.02206	0.01535	0.01690	0.01245	0.00888	0.00761	0.00222	0.01398	0.00583	0.00478	0.01005
40	0.02043	0.02789	0.17783	0.02343	0.10083	0.20341	0.01980	0.02626	0.04980	0.02467	0.02413	0.04093	0.02291	0.01275	0.00893	0.00284	0.01108	0.18650	0.00529	0.01027
41	0.02700	0.03194	0.02747	0.03281	0.26874	0.42222	0.01969	0.03021	0.02176	0.02296	0.01391	0.01713	0.01165	0.00811	0.00777	0.00227	0.01301	0.00614	0.00422	0.01099
42	0.07207	0.17731	0.08300	0.01949	0.02510	0.44581	0.01653	0.03034	0.02108	0.02171	0.01268	0.01477	0.01058	0.00815	0.00694	0.00213	0.01298	0.00518	0.00411	0.01004
43	0.01666	0.04297	0.66500	0.02368	0.03596	0.01929	0.03069	0.02631	0.01754	0.02631	0.01491	0.01754	0.01052	0.00789	0.00789	0.00263	0.01228	0.00614	0.00351	0.01228
44	0.03050	0.02247	0.02417	0.01874	0.02508	0.02481	0.01539	0.59761	0.03790	0.05080	0.02124	0.05415	0.01617	0.01078	0.00843	0.00254	0.00892	0.00829	0.00828	0.01376
45	0.01185	0.00796	0.00913	0.00936	0.00942	0.00790	0.00535	0.01202	0.01254	0.01672	0.02852	0.13190	0.03316	0.62647	0.03849	0.00749	0.00767	0.01346	0.00535	0.00524
46	0.76672	0.01607	0.01221	0.01092	0.01607	0.01864	0.00900	0.02442	0.01414	0.03727	0.01157	0.01350	0.00900	0.00771	0.00514	0.00257	0.00643	0.00450	0.00514	0.00900
47	0.01164	0.00849	0.01094	0.01033	0.01234	0.00779	0.00775	0.01545	0.02324	0.03266	0.61780	0.06313	0.11283	0.01723	0.00980	0.00262	0.00394	0.01517	0.00906	0.00779
48	0.03727	0.01414	0.01928	0.01478	0.02121	0.01221	0.01221	0.04049	0.02378	0.66198	0.03277	0.02828	0.02056	0.01028	0.00835	0.00257	0.00707	0.00835	0.01028	0.01414
49	0.02066	0.01785	0.01878	0.01691	0.02160	0.02066	0.01315	0.04414	0.64121	0.03475	0.03381	0.03099	0.02536	0.01127	0.00845	0.00282	0.00657	0.00939	0.00845	0.01315
50	0.01208	0.00805	0.00906	0.00906	0.00906	0.00805	0.00503	0.01208	0.01208	0.01611	0.02618	0.05436	0.03020	0.70804	0.04228	0.00805	0.00805	0.01208	0.00503	0.00503
51	0.03103	0.03959	0.02354	0.02140	0.02568	0.67469	0.01605	0.03317	0.02354	0.02033	0.01284	0.01498	0.01070	0.00856	0.00749	0.00214	0.01498	0.00535	0.00428	0.00963
52	0.01723	0.01477	0.01723	0.01230	0.01969	0.01107	0.00984	0.02092	0.01723	0.02707	0.01477	0.01723	0.01230	0.00615	0.00615	0.00123	0.00615	0.00492	0.00492	0.75883
53	0.01187	0.00890	0.01335	0.01335	0.01483	0.01038	0.01038	0.01483	0.01335	0.01928	0.02225	0.03264	0.02077	0.06231	0.67512	0.01335	0.02225	0.00890	0.00445	0.00742
54	0.03328	0.02054	0.02324	0.01782	0.02440	0.02172	0.01472	0.45301	0.03450	0.23431	0.02377	0.02243	0.01605	0.01006	0.00832	0.00252	0.00852	0.00774	0.00890	0.01413
55	0.01012	0.00723	0.00964	0.01157	0.01205	0.00675	0.00771	0.01157	0.01591	0.02121	0.04579	0.70262	0.05495	0.02603	0.01060	0.00337	0.00482	0.02362	0.00771	0.00675
56	0.00982	0.00842	0.00842	0.00842	0.01122	0.00701	0.00631	0.01192	0.01894	0.02244	0.08416	0.07995	0.65285	0.02104	0.00982	0.00281	0.00421	0.01753	0.00771	0.00701
57	0.02398	0.01949	0.02065	0.01758	0.02286	0.02221	0.01395	0.22146	0.45851	0.04009	0.02960	0.02764	0.02195	0.01088	0.00841	0.00272	0.00735	0.00881	0.00841	0.01345
58	0.03727	0.01414	0.01928	0.01478	0.02121	0.01221	0.01221	0.04049	0.02378	0.66198	0.03277	0.02828	0.02056	0.01028	0.00835	0.00257	0.00707	0.00835	0.01028	0.01414
59	0.01569	0.01477	0.02492	0.68808	0.05722	0.01846	0.02307	0.02123	0.01661	0.02123	0.01477	0.02215	0.01107	0.00831	0.00831	0.00277	0.01107	0.00738	0.00369	0.00923
60	0.01014	0.00843	0.00887	0.00876	0.01142	0.00715	0.00657	0.01255	0.01970	0.02426	0.17927	0.07695	0.55660	0.02036	0.00981	0.00277	0.00416	0.01711	0.00795	0.00715
61	0.00987	0.00822	0.00862	0.00893	0.01136	0.00697	0.00654	0.01186	0.01844	0.02224	0.07786	0.18220	0.55467	0.02186	0.00995	0.00290	0.00431	0.01853	0.00771	0.00697
62	0.03153	0.02488	0.02479	0.01934	0.02575	0.08976	0.01582	0.56981	0.03753	0.04920	0.01924	0.01946	0.01379	0.00983	0.00823	0.00246	0.00972	0.00727	0.00791	0.01368
63	0.02232	0.02306	0.02535	0.02129	0.02592	0.15523	0.11154	0.03623	0.34097	0.02874	0.02408	0.02482	0.01861	0.01043	0.01072	0.00277	0.09155	0.00838	0.00635	0.01163
64	0.03103	0.03959	0.02354	0.02140	0.02568	0.67469	0.01605	0.03317	0.02354	0.02033	0.01284	0.01498	0.01070	0.00856	0.00749	0.00214	0.01498	0.00535	0.00428	0.00963
65	0.02757	0.01602	0.01942	0.01570	0.02127	0.01614	0.01268	0.09469	0.18688	0.29204	0.02793	0.02650	0.01970	0.01278	0.04236	0.00304	0.03880	0.00808	0.00831	0.11009
66	0.01028	0.00735	0.00983	0.01175	0.01231	0.00689	0.00799	0.01185	0.01607	0.02139	0.04570	0.67236	0.05459	0.02587	0.01065	0.00340	0.00496	0.05227	0.00771	0.00679
67	0.01208	0.00805	0.00906	0.00906	0.00906	0.00805	0.00503	0.01208	0.01208	0.01611	0.02618	0.05436	0.03020	0.70804	0.04228	0.00805	0.00805	0.01208	0.00503	0.00503
68	0.02757	0.02113	0.02272	0.01788	0.02417	0.02303	0.01455	0.43131	0.17236	0.04566	0.02251	0.02214	0.01646	0.00985	0.00811	0.00243	0.00824	0.00763	0.00798	0.09426
69	0.01038	0.00844	0.00920	0.00901	0.01157	0.00725	0.00676	0.01302	0.02027	0.02561	0.24977	0.07473	0.48526	0.01986	0.00981	0.00275	0.00412	0.01680	0.00813	0.00725
70	0.03103	0.03959	0.02354	0.02140	0.02568	0.67469	0.01605	0.03317	0.02354	0.02033	0.01284	0.01498	0.01070	0.00856	0.00749	0.00214	0.01498	0.00535	0.00428	0.00963
71	0.01029	0.00843	0.00907	0.00891	0.01151	0.00721	0.00668	0.01284	0.02005	0.02509	0.22255	0.07559	0.51280	0.02005	0.00981	0.00276	0.00414	0.01692	0.00806	0.00721
72	0.02660	0.03221	0.02420	0.02154	0.02435	0.45078	0.01678	0.02863	0.01981	0.02021	0.01217	0.01608	0.01077	0.01062	0.01431	0.00266	0.24877	0.00601	0.00406	0.00944
73	0.01208	0.00805	0.00906	0.00906	0.00906	0.00805	0.00503	0.01208	0.01208	0.01611	0.02618	0.05436	0.03020	0.70804	0.04228	0.00805	0.00805	0.01208	0.00503	0.00503
74	0.01208	0.00805	0.00906	0.00906	0.00906	0.00805	0.00503	0.01208	0.01208	0.01611	0.02618	0.05436	0.03020	0.70804	0.04228	0.00805	0.00805	0.01208	0.00503	0.00503
75	0.01029	0.00843	0.00907	0.00891	0.01151	0.00721	0.00668	0.01284	0.02005	0.02509	0.22255	0.07559	0.51280	0.02005	0.00981	0.00276	0.00414	0.01692	0.00806	0.00721
76	0.01666	0.04297	0.66500	0.02368	0.03596	0.01929	0.03069	0.02631	0.01754	0.02631	0.01491	0.01754	0.01052	0.00789	0.00789	0.00263	0.01228	0.00614	0.00351	0.01228
77	0.01804	0.01717	0.02917	0.38037	0.34653	0.01908	0.02424	0.02329	0.01772	0.02408	0.01518	0.02138	0.01208	0.00787	0.00827	0.00262	0.01049	0.00739	0.00389	0.01113
78	0.01056	0.00860	0.00948	0.00994	0.01247	0.00752	0.00781	0.01298	0.01885	0.02288	0.07444	0.10805	0.50564	0.02163	0.01019	0.00304	0.00493	0.13617	0.00770	0.00713
79	0.02034	0.01951	0.03331	0.08046	0.62851	0.01968	0.02538	0.02530	0.01881	0.02687	0.01559	0.02063	0.01306	0.00744	0.00823	0.00248	0.00992	0.00740	0.00409	0.01298
80	0.02434	0.02953	0.10782	0.06103	0.15664	0.24959	0.15719	0.02924	0.02072	0.06232	0.01582	0.01919	0.01220	0.00799	0.00829	0.00247	0.01277	0.00713	0.00447	0.01125
81	0.03251	0.01930	0.02202	0.01699	0.02328	0.02017	0.01400	0.39627	0.03268	0.25398	0.02464	0.02338	0.01670	0.01006	0.00817	0.00249	0.00814	0.00779	0.05369	0.01375
82	0.01012	0.00723	0.00964	0.01157	0.01205	0.00675	0.00771	0.01157	0.01591	0.02121	0.04579	0.70262	0.05495	0.02603	0.01060	0.00337	0.00482	0.02362	0.00771	0.00675
83	0.02113	0.01359	0.01991	0.01695	0.02054	0.01364	0.08565	0.09493	0.02078	0.18170	0.03310	0.31692	0.03287	0.01700	0.01108	0.00303	0.06446	0.01493	0.00764	0.01017
84	0.01443	0.00722	0.01082	0.01082	0.01082	0.00722	0.00722	0.01082	0.01082	0.01443	0.01443	0.02525	0.01443	0.02886	0.03247	0.75830	0.00722	0.00722	0.00361	0.00361
85	0.01569	0.01477	0.02492	0.68808	0.05722	0.01846	0.02307	0.02123	0.01661	0.02123	0.01477	0.02215	0.01107	0.00831	0.00831	0.00277	0.01107	0.00738	0.00369	0.00923
86	0.02770	0.02454	0.02155	0.01790	0.02284	0.19502	0.01415	0.34463	0.02994	0.03788	0.01909	0.02200	0.01501	0.04311	0.06343	0.00347	0.01128	0.00724	0.06770	0.01148
87	0.01998	0.01914	0.03267	0.12719	0.58458	0.01959	0.02521	0.02498	0.01864	0.02643	0.01552	0.02075	0.01291	0.00751	0.00823	0.00250	0.01001	0.00740	0.00406	0.01269
88	0.01049	0.00812	0.00962	0.01037	0.01220	0.00726	0.00762	0.01275	0.01849	0.02361	0.13900	0.29175	0.32114	0.02241	0.01023	0.00307	0.00469	0.07218	0.00789	0.00708
89	0.01412	0.01180	0.01274	0.01244	0.01515	0.04821	0.00984	0.04794	0.05837	0.02761	0.20592	0.06563	0.23753	0.02110	0.05107	0.00357	0.00697	0.13402	0.00774	0.00825
90	0.02249	0.03044	0.18178	0.02927	0.20276	0.19877	0.02165	0.03161	0.14729	0.02664	0.01841	0.02044	0.01434	0.00863	0.00799	0.00249	0.01118	0.00694	0.00490	0.01198
91	0.49704	0.02487	0.05608	0.01489	0.02022	0.21774	0.01248	0.02719	0.01720	0.03145	0.01216	0.01420	0.00961	0.00798	0.00602	0.00244	0.00938	0.00486	0.00478	0.00939
92	0.24550	0.02763	0.26407	0.02483	0.10471	0.01969	0.11971	0.02542	0.01680	0.02952	0.01412	0.01749	0.01073	0.00792	0.00823	0.00266	0.03926	0.00644	0.00419	0.01108
93	0.01805	0.02103	0.15361	0.10726	0.17243	0.01703	0.01970	0.02740	0.15398	0.05561	0.02747	0.11438	0.05285	0.01169	0.00861	0.00275	0.00872	0.01023	0.00581	0.01140
94	0.02685	0.09286	0.05211	0.15729	0.06122	0.21657	0.01758	0.05537	0.02128	0.16690	0.01804	0.01999	0.01326	0.00896	0.00849	0.00244	0.03750	0.00665	0.00554	0.01111
95	0.02241	0.02093	0.07337	0.05808	0.02447	0.15743	0.06538	0.02592	0.02004	0.15286	0.08062	0.15049	0.02779	0.04273	0.01097	0.00294	0.03607	0.01107	0.00646	0.00997
96	0.02091	0.02805	0.15487	0.02776	0.19733	0.21597	0.02003	0.02550	0.02016	0.02460	0.06057	0.06668	0.05181	0.01096	0.00841	0.00255	0.01087	0.03744	0.00491	0.01063
97	0.06442	0.02012	0.05222	0.05394	0.13249	0.14926	0.01532	0.05253	0.01874	0.06309	0.02083	0.02786	0.04687	0.01487	0.01408	0.18680	0.00963	0.04282	0.00501	0.00911
98	0.17322	0.16020	0.02522	0.02222	0.16242	0.05296	0.01480	0.05582	0.09259	0.02833	0.02059	0.02290	0.05196	0.01235	0.04002	0.03265	0.00893	0.00702	0.00516	0.01065
99	0.20025	0.01502	0.01428	0.01231	0.01664	0.04556	0.00951	0.11522	0.01998	0.03074	0.03272	0.09285	0.14832	0.07895	0.01090	0.00296	0.00678	0.01014	0.00631	0.13054
100	0.20056	0.17228	0.02257	0.04239	0.02005	0.02131	0.01262	0.02481	0.11293	0.02747	0.06030	0.06488	0.05087	0.01159	0.01029	0.00267	0.11889	0.00825	0.00552	0.00974
101	0.01983	0.01753	0.02387	0.01943	0.02405	0.04947	0.14980	0.17249	0.09165	0.03147	0.03221	0.19424	0.07764	0.04349	0.01073	0.00305	0.00874	0.01306	0.00687	0.01038

[dist]
# distance from previous block
# <min> <max>
15	89

[block]
# block no. 3 follows, 22 sequences, length 183
# corresponding to MSA columns:
# 311-493
name=unknown_D
#
# <colnr> <probs for GDERKNQSTAVLIFYWHMCP>
#	G	D	E	R	K	N	Q	S	T	A	V	L	I	F	Y	W	H	M	C	P
0	0.09182	0.02326	0.05068	0.01882	0.02437	0.18981	0.09713	0.02836	0.09799	0.05773	0.02100	0.09577	0.01835	0.01020	0.00788	0.00238	0.00981	0.00854	0.00563	0.14047
1	0.09109	0.01990	0.01863	0.01639	0.02012	0.14074	0.01272	0.13586	0.05571	0.02961	0.02320	0.18453	0.02295	0.01360	0.01049	0.00266	0.09165	0.01052	0.00617	0.09344
2	0.11774	0.01846	0.07940	0.01438	0.01895	0.08210	0.01228	0.02612	0.15887	0.06114	0.03984	0.09577	0.17956	0.01628	0.04011	0.00323	0.00802	0.01119	0.00674	0.00983
3	0.02444	0.02059	0.02197	0.01784	0.02245	0.08594	0.01437	0.21179	0.07961	0.06783	0.01847	0.02141	0.01475	0.03873	0.01343	0.00274	0.16045	0.00715	0.00623	0.14980
4	0.01934	0.09349	0.02573	0.01795	0.02350	0.01713	0.13193	0.02638	0.11982	0.08525	0.06166	0.06239	0.08458	0.01111	0.00929	0.00245	0.04561	0.00969	0.00626	0.14644
5	0.05294	0.01684	0.01779	0.01543	0.01854	0.08934	0.01223	0.09535	0.01869	0.02659	0.02084	0.02643	0.04602	0.05079	0.15163	0.00498	0.14613	0.00774	0.07731	0.10440
6	0.02129	0.02678	0.22943	0.05948	0.06218	0.05236	0.01990	0.12488	0.15207	0.06487	0.02478	0.02644	0.05105	0.03632	0.00953	0.00283	0.00964	0.00810	0.00604	0.01202
7	0.01507	0.01197	0.05033	0.01406	0.01686	0.01153	0.01172	0.01853	0.01608	0.08199	0.10726	0.03392	0.02709	0.04321	0.42099	0.00923	0.05274	0.00926	0.00556	0.04261
8	0.01744	0.01565	0.01989	0.08996	0.02443	0.01544	0.01325	0.02204	0.05060	0.02536	0.01501	0.01873	0.01259	0.00843	0.01094	0.00199	0.15051	0.00593	0.00471	0.47711
9	0.01568	0.05141	0.02125	0.01723	0.02089	0.01373	0.13069	0.02226	0.12292	0.05090	0.03940	0.29574	0.09721	0.01746	0.00967	0.00301	0.00732	0.04690	0.00702	0.00929
10	0.01012	0.00723	0.00964	0.01157	0.01205	0.00675	0.00771	0.01157	0.01591	0.02121	0.04579	0.70262	0.05495	0.02603	0.01060	0.00337	0.00482	0.02362	0.00771	0.00675
11	0.02458	0.10294	0.02413	0.09252	0.02708	0.34982	0.01493	0.02758	0.02031	0.02220	0.01344	0.01622	0.01118	0.00771	0.00698	0.00192	0.01146	0.00536	0.00431	0.21532
12	0.07058	0.05970	0.02345	0.01717	0.02368	0.08580	0.01409	0.37598	0.03034	0.04131	0.01723	0.01816	0.01293	0.00875	0.00744	0.00216	0.00891	0.00640	0.00677	0.16914
13	0.02466	0.26263	0.06235	0.02564	0.15763	0.16231	0.05046	0.11256	0.02202	0.02663	0.01429	0.01680	0.01178	0.00791	0.00716	0.00219	0.01083	0.00604	0.00453	0.01156
14	0.01898	0.01878	0.01842	0.05577	0.02164	0.14546	0.01355	0.02703	0.18845	0.02441	0.02687	0.14351	0.02581	0.05376	0.04615	0.00375	0.10875	0.04325	0.00611	0.00955
15	0.01917	0.01130	0.01168	0.01035	0.01336	0.01187	0.00809	0.15886	0.02238	0.03587	0.02546	0.02845	0.01965	0.00975	0.00638	0.00206	0.00508	0.00768	0.58335	0.00921
16	0.01187	0.00890	0.01335	0.01335	0.01483	0.01038	0.01038	0.01483	0.01335	0.01928	0.02225	0.03264	0.02077	0.06231	0.67512	0.01335	0.02225	0.00890	0.00445	0.00742
17	0.01569	0.01477	0.02492	0.68808	0.05722	0.01846	0.02307	0.02123	0.01661	0.02123	0.01477	0.02215	0.01107	0.00831	0.00831	0.00277	0.01107	0.00738	0.00369	0.00923
18	0.01012	0.00723	0.00964	0.01157	0.01205	0.00675	0.00771	0.01157	0.01591	0.02121	0.04579	0.70262	0.05495	0.02603	0.01060	0.00337	0.00482	0.02362	0.00771	0.00675
19	0.00985	0.00828	0.00855	0.00877	0.01131	0.00698	0.00647	0.01188	0.01860	0.02230	0.07988	0.14943	0.58613	0.02160	0.00991	0.00287	0.00428	0.01821	0.00771	0.00698
20	0.03103	0.03959	0.02354	0.02140	0.02568	0.67469	0.01605	0.03317	0.02354	0.02033	0.01284	0.01498	0.01070	0.00856	0.00749	0.00214	0.01498	0.00535	0.00428	0.00963
21	0.31657	0.01858	0.01884	0.01505	0.02107	0.02017	0.01242	0.27218	0.02624	0.17418	0.01940	0.01920	0.01349	0.00916	0.00710	0.00254	0.00766	0.00651	0.00750	0.01215
22	0.01666	0.04297	0.66500	0.02368	0.03596	0.01929	0.03069	0.02631	0.01754	0.02631	0.01491	0.01754	0.01052	0.00789	0.00789	0.00263	0.01228	0.00614	0.00351	0.01228
23	0.76672	0.01607	0.01221	0.01092	0.01607	0.01864	0.00900	0.02442	0.01414	0.03727	0.01157	0.01350	0.00900	0.00771	0.00514	0.00257	0.00643	0.00450	0.00514	0.00900
24	0.02221	0.71304	0.04353	0.01421	0.02132	0.03287	0.01421	0.02488	0.01688	0.01955	0.01155	0.01333	0.01066	0.00711	0.00533	0.00178	0.00888	0.00444	0.00355	0.01066
25	0.11063	0.03194	0.02272	0.02020	0.02385	0.44113	0.01567	0.05982	0.02116	0.02378	0.01268	0.01569	0.01072	0.00971	0.01115	0.00250	0.14677	0.00574	0.00445	0.00968
26	0.01009	0.00820	0.00895	0.00925	0.01151	0.00705	0.00675	0.01227	0.01886	0.02342	0.14013	0.19754	0.47392	0.02154	0.00997	0.00289	0.00429	0.01842	0.00787	0.00705
27	0.01723	0.01477	0.01723	0.01230	0.01969	0.01107	0.00984	0.02092	0.01723	0.02707	0.01477	0.01723	0.01230	0.00615	0.00615	0.00123	0.00615	0.00492	0.00492	0.75883
28	0.76672	0.01607	0.01221	0.01092	0.01607	0.01864	0.00900	0.02442	0.01414	0.03727	0.01157	0.01350	0.00900	0.00771	0.00514	0.00257	0.00643	0.00450	0.00514	0.00900
29	0.01012	0.00723	0.00964	0.01157	0.01205	0.00675	0.00771	0.01157	0.01591	0.02121	0.04579	0.70262	0.05495	0.02603	0.01060	0.00337	0.00482	0.02362	0.00771	0.00675
30	0.00985	0.00828	0.00855	0.00877	0.01131	0.00698	0.00647	0.01188	0.01860	0.02230	0.07988	0.14943	0.58613	0.02160	0.00991	0.00287	0.00428	0.01821	0.00771	0.00698
31	0.00992	0.00842	0.00855	0.00852	0.01128	0.00705	0.00639	0.01211	0.01917	0.02299	0.11296	0.07904	0.62370	0.02083	0.00982	0.00280	0.00419	0.01741	0.00779	0.00705
32	0.02221	0.71304	0.04353	0.01421	0.02132	0.03287	0.01421	0.02488	0.01688	0.01955	0.01155	0.01333	0.01066	0.00711	0.00533	0.00178	0.00888	0.00444	0.00355	0.01066
33	0.01569	0.01477	0.02492	0.68808	0.05722	0.01846	0.02307	0.02123	0.01661	0.02123	0.01477	0.02215	0.01107	0.00831	0.00831	0.00277	0.01107	0.00738	0.00369	0.00923
34	0.01189	0.00881	0.01291	0.01291	0.01423	0.01014	0.00983	0.01455	0.01322	0.01895	0.02266	0.03489	0.02175	0.12943	0.60934	0.01280	0.02078	0.00923	0.00451	0.00717
35	0.02130	0.55565	0.03944	0.01594	0.02143	0.03119	0.01511	0.02377	0.01594	0.01965	0.01140	0.01442	0.01072	0.00879	0.01030	0.00220	0.16380	0.00508	0.00357	0.01030
36	0.02257	0.53010	0.10451	0.01788	0.05829	0.06481	0.01671	0.06045	0.01870	0.02260	0.01267	0.01463	0.01099	0.00745	0.00604	0.00196	0.00963	0.00500	0.00389	0.01111
37	0.01153	0.00853	0.01101	0.01101	0.01227	0.00897	0.00787	0.01338	0.01404	0.01888	0.03566	0.04890	0.14785	0.26147	0.34142	0.00958	0.01415	0.01162	0.00528	0.00657
38	0.01057	0.00834	0.00930	0.00923	0.01143	0.00731	0.00672	0.01298	0.01950	0.02494	0.23777	0.10888	0.40580	0.07538	0.01247	0.00321	0.00447	0.01674	0.00790	0.00707
39	0.03148	0.02132	0.02351	0.01811	0.02452	0.02305	0.01493	0.51814	0.03621	0.13705	0.05046	0.02303	0.01795	0.01033	0.00838	0.00251	0.00861	0.00795	0.00863	0.01384
40	0.01023	0.00843	0.00899	0.00885	0.01148	0.00719	0.00664	0.01273	0.01992	0.02477	0.20566	0.07612	0.52989	0.02017	0.00981	0.00276	0.00415	0.01700	0.00802	0.00719
41	0.01961	0.02241	0.04902	0.03501	0.04342	0.02101	0.62605	0.02661	0.01961	0.02661	0.01681	0.02241	0.01261	0.00700	0.00980	0.00280	0.01401	0.00980	0.00420	0.01120
42	0.01818	0.01818	0.02545	0.02181	0.02181	0.02545	0.01818	0.01999	0.01272	0.01999	0.01091	0.01818	0.01091	0.01454	0.02726	0.00364	0.69284	0.00727	0.00364	0.00909
43	0.01006	0.00748	0.00938	0.01091	0.01188	0.00680	0.00742	0.01164	0.01654	0.02147	0.05382	0.57224	0.18014	0.02498	0.01044	0.00325	0.00469	0.02234	0.00771	0.00680
44	0.02125	0.01814	0.01911	0.01702	0.02183	0.02094	0.01329	0.07552	0.60888	0.03570	0.03307	0.03040	0.02476	0.01120	0.00845	0.00280	0.00671	0.00929	0.00845	0.01320
45	0.01055	0.00756	0.01002	0.01128	0.01214	0.00703	0.00774	0.01264	0.01788	0.02436	0.20338	0.53605	0.06104	0.02368	0.01039	0.00318	0.00459	0.02138	0.00808	0.00703
46	0.76672	0.01607	0.01221	0.01092	0.01607	0.01864	0.00900	0.02442	0.01414	0.03727	0.01157	0.01350	0.00900	0.00771	0.00514	0.00257	0.00643	0.00450	0.00514	0.00900
47	0.01479	0.00834	0.00960	0.01023	0.01216	0.00834	0.00831	0.01865	0.01798	0.02896	0.03266	0.05165	0.03003	0.01405	0.00767	0.00256	0.00512	0.20303	0.50814	0.00771
48	0.01666	0.04297	0.66500	0.02368	0.03596	0.01929	0.03069	0.02631	0.01754	0.02631	0.01491	0.01754	0.01052	0.00789	0.00789	0.00263	0.01228	0.00614	0.00351	0.01228
49	0.01231	0.00879	0.01215	0.01407	0.01551	0.00863	0.01152	0.01535	0.01806	0.02366	0.04458	0.29438	0.05016	0.02396	0.01119	0.00368	0.00672	0.41025	0.00767	0.00735
50	0.01076	0.00769	0.01037	0.01230	0.01306	0.00730	0.00883	0.01268	0.01654	0.02192	0.04543	0.58311	0.05354	0.02542	0.01077	0.00346	0.00538	0.13680	0.00770	0.00692
51	0.03696	0.01464	0.01959	0.01502	0.02146	0.01296	0.01241	0.07289	0.02462	0.62839	0.03207	0.02782	0.02021	0.01027	0.00835	0.00257	0.00718	0.00831	0.01017	0.01414
52	0.05274	0.00983	0.01177	0.01068	0.01370	0.00980	0.00838	0.02350	0.01789	0.17428	0.02671	0.02993	0.02048	0.02075	0.14651	0.00450	0.00857	0.00798	0.39279	0.00920
53	0.02819	0.03362	0.02224	0.02017	0.02456	0.49519	0.01525	0.03618	0.19307	0.02429	0.01860	0.01938	0.01472	0.00930	0.00775	0.00233	0.01267	0.00646	0.00543	0.01060
54	0.00982	0.00842	0.00842	0.00842	0.01122	0.00701	0.00631	0.01192	0.01894	0.02244	0.08416	0.07995	0.65285	0.02104	0.00982	0.00281	0.00421	0.01753	0.00771	0.00701
55	0.03106	0.03865	0.02362	0.02127	0.02569	0.63713	0.01604	0.06764	0.02444	0.02219	0.01325	0.01527	0.01090	0.00864	0.00754	0.00216	0.01464	0.00547	0.00451	0.00989
56	0.01954	0.34672	0.24456	0.01892	0.02625	0.02684	0.02047	0.02433	0.01623	0.02187	0.01252	0.01573	0.01067	0.00892	0.01077	0.00245	0.15321	0.00559	0.00356	0.01086
57	0.03727	0.01414	0.01928	0.01478	0.02121	0.01221	0.01221	0.04049	0.02378	0.66198	0.03277	0.02828	0.02056	0.01028	0.00835	0.00257	0.00707	0.00835	0.01028	0.01414
58	0.01034	0.00812	0.00935	0.00970	0.01171	0.00713	0.00703	0.01269	0.01919	0.02461	0.20415	0.23836	0.36525	0.02141	0.01002	0.00291	0.00430	0.01855	0.00804	0.00713
59	0.01071	0.00838	0.00987	0.01080	0.01280	0.00753	0.00829	0.01304	0.01821	0.02268	0.06518	0.24178	0.36192	0.02275	0.01040	0.00318	0.00515	0.15254	0.00770	0.00709
60	0.01666	0.04297	0.66500	0.02368	0.03596	0.01929	0.03069	0.02631	0.01754	0.02631	0.01491	0.01754	0.01052	0.00789	0.00789	0.00263	0.01228	0.00614	0.00351	0.01228
61	0.01057	0.00758	0.01004	0.01126	0.01215	0.00705	0.00775	0.01270	0.01799	0.02453	0.21212	0.52681	0.06138	0.02354	0.01038	0.00316	0.00457	0.02126	0.00810	0.00705
62	0.01011	0.00729	0.00958	0.01142	0.01201	0.00676	0.00765	0.01158	0.01605	0.02126	0.04759	0.67339	0.08301	0.02579	0.01057	0.00335	0.00479	0.02333	0.00771	0.00676
63	0.02943	0.03655	0.02510	0.02593	0.12228	0.57436	0.01750	0.03200	0.02283	0.02137	0.01327	0.01584	0.01108	0.00838	0.00760	0.00219	0.01420	0.00566	0.00425	0.01017
64	0.01723	0.01477	0.01723	0.01230	0.01969	0.01107	0.00984	0.02092	0.01723	0.02707	0.01477	0.01723	0.01230	0.00615	0.00615	0.00123	0.00615	0.00492	0.00492	0.75883
65	0.02013	0.02233	0.10416	0.04794	0.58701	0.01969	0.02608	0.02559	0.01876	0.02705	0.01555	0.02022	0.01286	0.00746	0.00819	0.00249	0.01014	0.00726	0.00404	0.01306
66	0.14781	0.01416	0.01781	0.01398	0.02000	0.01299	0.01151	0.03684	0.02229	0.53635	0.05899	0.02762	0.02154	0.01021	0.00793	0.00257	0.00682	0.00808	0.00944	0.01305
67	0.00982	0.00842	0.00842	0.00842	0.01122	0.00701	0.00631	0.01192	0.01894	0.02244	0.08416	0.07995	0.65285	0.02104	0.00982	0.00281	0.00421	0.01753	0.00771	0.00701
68	0.00989	0.00814	0.00870	0.00914	0.01141	0.00695	0.00663	0.01184	0.01824	0.02216	0.07531	0.22351	0.51500	0.02219	0.01000	0.00294	0.00435	0.01894	0.00771	0.00695
69	0.01208	0.00805	0.00906	0.00906	0.00906	0.00805	0.00503	0.01208	0.01208	0.01611	0.02618	0.05436	0.03020	0.70804	0.04228	0.00805	0.00805	0.01208	0.00503	0.00503
70	0.01569	0.01477	0.02492	0.68808	0.05722	0.01846	0.02307	0.02123	0.01661	0.02123	0.01477	0.02215	0.01107	0.00831	0.00831	0.00277	0.01107	0.00738	0.00369	0.00923
71	0.03103	0.03959	0.02354	0.02140	0.02568	0.67469	0.01605	0.03317	0.02354	0.02033	0.01284	0.01498	0.01070	0.00856	0.00749	0.00214	0.01498	0.00535	0.00428	0.00963
72	0.02221	0.71304	0.04353	0.01421	0.02132	0.03287	0.01421	0.02488	0.01688	0.01955	0.01155	0.01333	0.01066	0.00711	0.00533	0.00178	0.00888	0.00444	0.00355	0.01066
73	0.02759	0.03453	0.02108	0.01929	0.02333	0.56623	0.01447	0.02972	0.02279	0.02067	0.02443	0.02554	0.11501	0.01059	0.00787	0.00225	0.01323	0.00733	0.00484	0.00921
74	0.02056	0.01974	0.03372	0.05099	0.65622	0.01974	0.02550	0.02550	0.01892	0.02714	0.01563	0.02056	0.01316	0.00740	0.00822	0.00247	0.00987	0.00740	0.00411	0.01316
75	0.01760	0.15638	0.55981	0.02208	0.03348	0.02159	0.02790	0.02607	0.01743	0.02516	0.01434	0.01683	0.01055	0.00776	0.00746	0.00249	0.01170	0.00585	0.00352	0.01200
76	0.01569	0.01477	0.02492	0.68808	0.05722	0.01846	0.02307	0.02123	0.01661	0.02123	0.01477	0.02215	0.01107	0.00831	0.00831	0.00277	0.01107	0.00738	0.00369	0.00923
77	0.01012	0.00723	0.00964	0.01157	0.01205	0.00675	0.00771	0.01157	0.01591	0.02121	0.04579	0.70262	0.05495	0.02603	0.01060	0.00337	0.00482	0.02362	0.00771	0.00675
78	0.03103	0.03959	0.02354	0.02140	0.02568	0.67469	0.01605	0.03317	0.02354	0.02033	0.01284	0.01498	0.01070	0.00856	0.00749	0.00214	0.01498	0.00535	0.00428	0.00963
79	0.01666	0.04297	0.66500	0.02368	0.03596	0.01929	0.03069	0.02631	0.01754	0.02631	0.01491	0.01754	0.01052	0.00789	0.00789	0.00263	0.01228	0.00614	0.00351	0.01228
80	0.01944	0.01859	0.03169	0.19787	0.51812	0.01944	0.02494	0.02451	0.01838	0.02578	0.01543	0.02093	0.01268	0.00761	0.00824	0.00254	0.01015	0.00740	0.00402	0.01225
81	0.01012	0.00723	0.00964	0.01157	0.01205	0.00675	0.00771	0.01157	0.01591	0.02121	0.04579	0.70262	0.05495	0.02603	0.01060	0.00337	0.00482	0.02362	0.00771	0.00675
82	0.01734	0.06968	0.49141	0.02340	0.03303	0.02114	0.05470	0.02511	0.01673	0.02485	0.01411	0.01767	0.01069	0.00902	0.01136	0.00278	0.13541	0.00643	0.00356	0.01157
83	0.00982	0.00842	0.00842	0.00842	0.01122	0.00701	0.00631	0.01192	0.01894	0.02244	0.08416	0.07995	0.65285	0.02104	0.00982	0.00281	0.00421	0.01753	0.00771	0.00701
84	0.01187	0.00890	0.01335	0.01335	0.01483	0.01038	0.01038	0.01483	0.01335	0.01928	0.02225	0.03264	0.02077	0.06231	0.67512	0.01335	0.02225	0.00890	0.00445	0.00742
85	0.02056	0.01974	0.03372	0.05099	0.65622	0.01974	0.02550	0.02550	0.01892	0.02714	0.01563	0.02056	0.01316	0.00740	0.00822	0.00247	0.00987	0.00740	0.00411	0.01316
86	0.02056	0.01974	0.03372	0.05099	0.65622	0.01974	0.02550	0.02550	0.01892	0.02714	0.01563	0.02056	0.01316	0.00740	0.00822	0.00247	0.00987	0.00740	0.00411	0.01316
87	0.01133	0.00842	0.01055	0.01013	0.01218	0.00764	0.00755	0.01481	0.02235	0.03080	0.52157	0.09345	0.18225	0.01812	0.00984	0.00268	0.00401	0.01586	0.00882	0.00764
88	0.01232	0.00857	0.01044	0.01007	0.01210	0.00776	0.00732	0.01509	0.02042	0.05613	0.35611	0.12064	0.21443	0.09562	0.01343	0.00333	0.00468	0.01579	0.00825	0.00751
89	0.01309	0.01045	0.01471	0.01403	0.01493	0.01270	0.01072	0.01522	0.01297	0.01875	0.02096	0.03449	0.02090	0.18861	0.42182	0.01043	0.14430	0.00926	0.00442	0.00723
90	0.76672	0.01607	0.01221	0.01092	0.01607	0.01864	0.00900	0.02442	0.01414	0.03727	0.01157	0.01350	0.00900	0.00771	0.00514	0.00257	0.00643	0.00450	0.00514	0.00900
91	0.02082	0.02043	0.03282	0.08015	0.59790	0.05042	0.02494	0.02565	0.01902	0.02654	0.01545	0.02038	0.01294	0.00750	0.00819	0.00247	0.01017	0.00730	0.00410	0.01280
92	0.01081	0.00810	0.00992	0.01019	0.01186	0.00733	0.00730	0.01341	0.01972	0.02641	0.30990	0.24669	0.21655	0.04953	0.01139	0.00310	0.00442	0.01796	0.00820	0.00720
93	0.02004	0.01643	0.01874	0.01364	0.02088	0.01396	0.01101	0.14017	0.02151	0.03203	0.01578	0.01776	0.01266	0.00690	0.00658	0.00148	0.00674	0.00542	0.00559	0.61267
94	0.01722	0.10998	0.60286	0.02273	0.03449	0.02065	0.02905	0.02617	0.01747	0.02563	0.01457	0.01712	0.01054	0.00781	0.00764	0.00255	0.01194	0.00597	0.00351	0.01212
95	0.01952	0.02160	0.04445	0.03491	0.10191	0.02145	0.48758	0.02565	0.01865	0.02581	0.01593	0.02168	0.01244	0.00802	0.01190	0.00288	0.10116	0.00924	0.00412	0.01113
96	0.01176	0.00849	0.01110	0.01045	0.01241	0.00784	0.00784	0.01568	0.02352	0.03331	0.65184	0.06206	0.07839	0.01698	0.00980	0.00261	0.00392	0.01502	0.00914	0.00784
97	0.01354	0.01114	0.01486	0.15429	0.02425	0.01178	0.01329	0.01917	0.08075	0.02437	0.04878	0.06837	0.21761	0.01815	0.01002	0.00320	0.00724	0.24395	0.00692	0.00834
98	0.01028	0.00734	0.00982	0.01175	0.01230	0.00689	0.00799	0.01185	0.01606	0.02139	0.04570	0.67263	0.05459	0.02588	0.01065	0.00340	0.00496	0.05202	0.00771	0.00679
99	0.01875	0.01908	0.01899	0.02164	0.14765	0.14389	0.01375	0.02652	0.16785	0.02591	0.04425	0.04348	0.24752	0.01349	0.00871	0.00261	0.00804	0.01115	0.00648	0.01024
