[name]
unknown

[dist]
# distance from previous block
# <min> <max>
0	1

[block]
# block no. 0 follows, 22 sequences, length 27
# corresponding to MSA columns:
# 1-27
name=unknown_A
#
# <colnr> <probs for GDERKNQSTAVLIFYWHMCP>
#	G	D	E	R	K	N	Q	S	T	A	V	L	I	F	Y	W	H	M	C	P
0	0.01809	0.02447	0.15348	0.01719	0.02210	0.19022	0.01617	0.02240	0.02022	0.02405	0.07471	0.05188	0.14012	0.01516	0.00924	0.00286	0.00976	0.17287	0.00597	0.00906
1	0.02221	0.14805	0.15245	0.01867	0.02648	0.02163	0.06698	0.20673	0.02442	0.03358	0.05588	0.02065	0.01638	0.00857	0.00753	0.00220	0.00924	0.00688	0.00563	0.14584
2	0.01617	0.07915	0.07558	0.20033	0.02876	0.01596	0.01554	0.05778	0.01727	0.02459	0.01927	0.02555	0.01594	0.02497	0.21090	0.00573	0.01299	0.00754	0.13685	0.00912
3	0.01722	0.01625	0.02711	0.48725	0.22099	0.01889	0.02337	0.02326	0.04072	0.02336	0.01572	0.02204	0.01219	0.00817	0.00829	0.00269	0.01057	0.00746	0.00399	0.01046
4	0.02653	0.02028	0.02432	0.18082	0.05396	0.02285	0.01735	0.42949	0.03182	0.04287	0.01893	0.02108	0.01374	0.00947	0.00817	0.00253	0.00935	0.00747	0.04641	0.01258
5	0.40672	0.04145	0.01607	0.01280	0.01800	0.01898	0.01053	0.18491	0.02181	0.03805	0.02682	0.02712	0.12569	0.01068	0.00684	0.00256	0.00685	0.00763	0.00640	0.01008
6	0.01879	0.02979	0.31412	0.02883	0.17959	0.01984	0.05086	0.03093	0.18594	0.02879	0.02025	0.02209	0.01524	0.00865	0.00821	0.00265	0.01025	0.00748	0.00501	0.01267
7	0.03148	0.02619	0.02468	0.01952	0.02575	0.14192	0.01584	0.52195	0.03628	0.04662	0.01867	0.01906	0.01351	0.00972	0.00816	0.00243	0.01019	0.00710	0.00759	0.01332
8	0.02152	0.02004	0.03296	0.04823	0.60155	0.02026	0.02465	0.07779	0.02066	0.02933	0.01600	0.02051	0.01324	0.00762	0.00823	0.00247	0.00981	0.00741	0.00448	0.01324
9	0.01738	0.01665	0.02457	0.02539	0.13401	0.02150	0.01797	0.01997	0.01395	0.02113	0.01396	0.02141	0.01323	0.02255	0.14983	0.00532	0.44019	0.00761	0.00388	0.00949
10	0.01184	0.00884	0.01138	0.01278	0.01467	0.00837	0.01047	0.01478	0.01850	0.02356	0.05513	0.19900	0.21205	0.02299	0.01087	0.00347	0.00622	0.34011	0.00768	0.00732
11	0.02186	0.14764	0.02718	0.01970	0.02215	0.20048	0.01624	0.02389	0.01658	0.02008	0.01373	0.05934	0.01357	0.01232	0.01697	0.00288	0.34471	0.00727	0.00405	0.00937
12	0.01206	0.00812	0.00940	0.00940	0.00952	0.00824	0.00546	0.01230	0.01218	0.01636	0.02586	0.05262	0.02945	0.65627	0.09303	0.00848	0.00919	0.01183	0.00499	0.00522
13	0.01082	0.00877	0.01102	0.01331	0.06333	0.00791	0.00851	0.01284	0.01751	0.02224	0.06065	0.36753	0.32084	0.02229	0.01006	0.00305	0.00495	0.01958	0.00742	0.00738
14	0.02853	0.02921	0.02279	0.01885	0.02454	0.32489	0.01476	0.23333	0.02759	0.03254	0.01563	0.01711	0.01218	0.00857	0.00751	0.00208	0.01128	0.00599	0.00578	0.15684
15	0.05697	0.15141	0.02383	0.01691	0.02169	0.33569	0.01350	0.08784	0.02263	0.02459	0.02715	0.02776	0.13583	0.01083	0.00754	0.00226	0.01083	0.00774	0.00527	0.00974
16	0.01358	0.00906	0.01147	0.01140	0.01380	0.00826	0.00896	0.01677	0.02089	0.07955	0.28631	0.12161	0.20745	0.01939	0.01010	0.00297	0.00509	0.13685	0.00846	0.00803
17	0.03103	0.03959	0.02354	0.02140	0.02568	0.67469	0.01605	0.03317	0.02354	0.02033	0.01284	0.01498	0.01070	0.00856	0.00749	0.00214	0.01498	0.00535	0.00428	0.00963
18	0.02580	0.01895	0.02081	0.01708	0.02207	0.02064	0.01361	0.46235	0.03282	0.04397	0.02691	0.20382	0.02512	0.01430	0.00893	0.00273	0.00798	0.01183	0.00815	0.01214
19	0.01998	0.01985	0.03597	0.10022	0.48785	0.01988	0.14207	0.02536	0.01886	0.02655	0.01579	0.02105	0.01288	0.00740	0.00854	0.00256	0.01077	0.00787	0.00410	0.01246
20	0.01980	0.01777	0.02868	0.23932	0.37271	0.01914	0.02275	0.02701	0.09114	0.05331	0.01822	0.02259	0.01427	0.00825	0.00828	0.00260	0.00973	0.00767	0.00475	0.01200
21	0.01925	0.01840	0.03135	0.22259	0.49488	0.01939	0.02484	0.02435	0.01830	0.02555	0.01539	0.02099	0.01260	0.00765	0.00825	0.00255	0.01019	0.00740	0.00400	0.01210
22	0.01293	0.01060	0.01613	0.02219	0.18556	0.01025	0.01250	0.01532	0.01672	0.02281	0.03766	0.51891	0.04369	0.02101	0.00996	0.00313	0.00618	0.01925	0.00674	0.00847
23	0.02801	0.03346	0.03053	0.02486	0.03047	0.43874	0.18033	0.08634	0.02391	0.02498	0.01456	0.01744	0.01153	0.00827	0.00819	0.00235	0.01418	0.00675	0.00463	0.01047
24	0.01078	0.00902	0.01052	0.07158	0.01572	0.00825	0.00819	0.01359	0.01971	0.02468	0.20070	0.07074	0.46921	0.01899	0.00967	0.00276	0.00478	0.01605	0.00765	0.00740
25	0.01145	0.00881	0.01054	0.01050	0.01258	0.00820	0.00772	0.01561	0.05946	0.02799	0.33549	0.18970	0.23219	0.01953	0.00988	0.00283	0.00434	0.01705	0.00842	0.00773
26	0.01666	0.04297	0.66500	0.02368	0.03596	0.01929	0.03069	0.02631	0.01754	0.02631	0.01491	0.01754	0.01052	0.00789	0.00789	0.00263	0.01228	0.00614	0.00351	0.01228

[dist]
# distance from previous block
# <min> <max>
0	1

[block]
# block no. 1 follows, 22 sequences, length 57
# corresponding to MSA columns:
# 29-85
name=unknown_B
#
# <colnr> <probs for GDERKNQSTAVLIFYWHMCP>
#	G	D	E	R	K	N	Q	S	T	A	V	L	I	F	Y	W	H	M	C	P
0	0.02212	0.02520	0.06054	0.03703	0.38415	0.19836	0.02117	0.02623	0.02012	0.02474	0.02196	0.02505	0.07892	0.00916	0.00817	0.00242	0.01081	0.00783	0.00450	0.01150
1	0.09654	0.03031	0.02230	0.08183	0.02695	0.39463	0.01570	0.12539	0.02380	0.02751	0.01452	0.01708	0.01156	0.00898	0.00826	0.00235	0.04149	0.00598	0.03467	0.01016
2	0.01084	0.00886	0.00962	0.00946	0.01206	0.00789	0.00708	0.01443	0.05166	0.02554	0.21187	0.10007	0.46157	0.01981	0.00978	0.00279	0.00429	0.01680	0.00808	0.00751
3	0.01012	0.00723	0.00964	0.01157	0.01205	0.00675	0.00771	0.01157	0.01591	0.02121	0.04579	0.70262	0.05495	0.02603	0.01060	0.00337	0.00482	0.02362	0.00771	0.00675
4	0.01666	0.04297	0.66500	0.02368	0.03596	0.01929	0.03069	0.02631	0.01754	0.02631	0.01491	0.01754	0.01052	0.00789	0.00789	0.00263	0.01228	0.00614	0.00351	0.01228
5	0.02056	0.01974	0.03372	0.05099	0.65622	0.01974	0.02550	0.02550	0.01892	0.02714	0.01563	0.02056	0.01316	0.00740	0.00822	0.00247	0.00987	0.00740	0.00411	0.01316
6	0.01166	0.00849	0.01097	0.01035	0.01235	0.00780	0.00776	0.01548	0.02328	0.03276	0.62279	0.06297	0.10779	0.01719	0.00980	0.00262	0.00393	0.01515	0.00907	0.00780
7	0.01818	0.01818	0.02545	0.02181	0.02181	0.02545	0.01818	0.01999	0.01272	0.01999	0.01091	0.01818	0.01091	0.01454	0.02726	0.00364	0.69284	0.00727	0.00364	0.00909
8	0.00982	0.00842	0.00842	0.00842	0.01122	0.00701	0.00631	0.01192	0.01894	0.02244	0.08416	0.07995	0.65285	0.02104	0.00982	0.00281	0.00421	0.01753	0.00771	0.00701
9	0.01012	0.00723	0.00964	0.01157	0.01205	0.00675	0.00771	0.01157	0.01591	0.02121	0.04579	0.70262	0.05495	0.02603	0.01060	0.00337	0.00482	0.02362	0.00771	0.00675
10	0.01723	0.01477	0.01723	0.01230	0.01969	0.01107	0.00984	0.02092	0.01723	0.02707	0.01477	0.01723	0.01230	0.00615	0.00615	0.00123	0.00615	0.00492	0.00492	0.75883
11	0.00982	0.00842	0.00842	0.00842	0.01122	0.00701	0.00631	0.01192	0.01894	0.02244	0.08416	0.07995	0.65285	0.02104	0.00982	0.00281	0.00421	0.01753	0.00771	0.00701
12	0.01987	0.02186	0.09889	0.08585	0.55623	0.01962	0.02589	0.02533	0.01864	0.02670	0.01550	0.02034	0.01276	0.00751	0.00819	0.00250	0.01019	0.00727	0.00402	0.01283
13	0.01966	0.01882	0.03209	0.16909	0.54518	0.01950	0.02505	0.02470	0.01849	0.02604	0.01547	0.02086	0.01277	0.00757	0.00824	0.00252	0.01009	0.00740	0.00403	0.01243
14	0.02355	0.02345	0.02651	0.16682	0.24200	0.18105	0.02000	0.11971	0.02262	0.02839	0.01611	0.02003	0.01276	0.00841	0.00793	0.00242	0.01091	0.00692	0.04910	0.01131
15	0.04407	0.01222	0.01384	0.01225	0.01550	0.01254	0.00952	0.12375	0.08843	0.03561	0.36270	0.04999	0.11598	0.01487	0.00901	0.00259	0.00521	0.01262	0.04989	0.00941
16	0.02387	0.05462	0.16615	0.01908	0.02587	0.02211	0.01822	0.32483	0.05674	0.03808	0.01907	0.02144	0.01454	0.01734	0.10702	0.00415	0.04092	0.00734	0.00628	0.01232
17	0.03103	0.03959	0.02354	0.02140	0.02568	0.67469	0.01605	0.03317	0.02354	0.02033	0.01284	0.01498	0.01070	0.00856	0.00749	0.00214	0.01498	0.00535	0.00428	0.00963
18	0.01921	0.01031	0.01279	0.01147	0.01366	0.01006	0.00800	0.02182	0.05068	0.18974	0.05743	0.04455	0.02879	0.39359	0.08678	0.00653	0.00879	0.01079	0.00676	0.00825
19	0.02278	0.35272	0.03264	0.01690	0.02187	0.06350	0.01497	0.05078	0.11269	0.05946	0.01638	0.01826	0.01364	0.00973	0.01100	0.00243	0.15815	0.00620	0.00492	0.01097
20	0.02377	0.05552	0.22879	0.02375	0.09796	0.01815	0.08352	0.08240	0.02119	0.17512	0.01959	0.02085	0.01386	0.00826	0.00797	0.00242	0.00990	0.00708	0.00579	0.09409
21	0.01012	0.00723	0.00964	0.01157	0.01205	0.00675	0.00771	0.01157	0.01591	0.02121	0.04579	0.70262	0.05495	0.02603	0.01060	0.00337	0.00482	0.02362	0.00771	0.00675
22	0.01187	0.00890	0.01335	0.01335	0.01483	0.01038	0.01038	0.01483	0.01335	0.01928	0.02225	0.03264	0.02077	0.06231	0.67512	0.01335	0.02225	0.00890	0.00445	0.00742
23	0.10019	0.05909	0.02701	0.23817	0.10752	0.20212	0.06517	0.06020	0.02005	0.02540	0.01428	0.01852	0.01126	0.00815	0.00770	0.00248	0.01154	0.00656	0.00435	0.01026
24	0.02036	0.02096	0.06688	0.04956	0.62364	0.01972	0.02577	0.02554	0.01884	0.02710	0.01559	0.02040	0.01302	0.00743	0.00821	0.00248	0.01000	0.00734	0.00408	0.01311
25	0.01012	0.00723	0.00964	0.01157	0.01205	0.00675	0.00771	0.01157	0.01591	0.02121	0.04579	0.70262	0.05495	0.02603	0.01060	0.00337	0.00482	0.02362	0.00771	0.00675
26	0.02750	0.07301	0.03143	0.02461	0.03014	0.46507	0.17779	0.03096	0.02212	0.02195	0.01382	0.01686	0.01120	0.00807	0.00798	0.00230	0.01438	0.00648	0.00422	0.01011
27	0.01877	0.01596	0.04930	0.02102	0.12767	0.01533	0.01426	0.19858	0.02418	0.03299	0.09455	0.28380	0.03599	0.01627	0.00930	0.00284	0.00723	0.01432	0.00722	0.01042
28	0.01029	0.00735	0.00984	0.01176	0.01232	0.00690	0.00801	0.01186	0.01607	0.02140	0.04569	0.67064	0.05457	0.02586	0.01065	0.00340	0.00497	0.05390	0.00771	0.00680
29	0.01043	0.00908	0.01013	0.07914	0.01601	0.00820	0.00806	0.01289	0.01869	0.02232	0.07694	0.07393	0.58607	0.01971	0.00966	0.00280	0.00492	0.01648	0.00730	0.00724
30	0.03019	0.10545	0.02561	0.02055	0.02525	0.57261	0.01585	0.06758	0.02380	0.02215	0.01313	0.01511	0.01090	0.00850	0.00732	0.00213	0.01403	0.00539	0.00445	0.01000
31	0.01883	0.30528	0.42172	0.01997	0.03023	0.02461	0.02424	0.02575	0.01728	0.02366	0.01359	0.01589	0.01058	0.00759	0.00689	0.00230	0.01095	0.00547	0.00353	0.01164
32	0.01922	0.02374	0.15349	0.11703	0.43665	0.01958	0.05946	0.02523	0.01843	0.02628	0.01546	0.02027	0.01239	0.00758	0.00826	0.00255	0.01069	0.00729	0.00395	0.01244
33	0.01913	0.01331	0.01317	0.04038	0.01594	0.06326	0.00948	0.10658	0.02064	0.03210	0.02350	0.02705	0.01841	0.00986	0.00767	0.00217	0.04655	0.00748	0.51440	0.00893
34	0.01092	0.00846	0.00995	0.00958	0.01190	0.00748	0.00718	0.01406	0.02155	0.02864	0.40771	0.06975	0.32543	0.01873	0.00981	0.00270	0.00404	0.01610	0.00853	0.00748
35	0.01012	0.00723	0.00964	0.01157	0.01205	0.00675	0.00771	0.01157	0.01591	0.02121	0.04579	0.70262	0.05495	0.02603	0.01060	0.00337	0.00482	0.02362	0.00771	0.00675
36	0.01489	0.01348	0.01767	0.01642	0.01760	0.05184	0.01311	0.01745	0.01372	0.01956	0.01821	0.02717	0.01715	0.04451	0.43722	0.00972	0.22984	0.00820	0.00419	0.00806
37	0.01666	0.04297	0.66500	0.02368	0.03596	0.01929	0.03069	0.02631	0.01754	0.02631	0.01491	0.01754	0.01052	0.00789	0.00789	0.00263	0.01228	0.00614	0.00351	0.01228
38	0.76672	0.01607	0.01221	0.01092	0.01607	0.01864	0.00900	0.02442	0.01414	0.03727	0.01157	0.01350	0.00900	0.00771	0.00514	0.00257	0.00643	0.00450	0.00514	0.00900
39	0.01184	0.00814	0.00927	0.00918	0.00969	0.00793	0.00551	0.01253	0.01417	0.01889	0.11196	0.05765	0.09219	0.55748	0.03519	0.00688	0.00718	0.01295	0.00580	0.00557
40	0.01024	0.00843	0.00900	0.00886	0.01148	0.00719	0.00665	0.01274	0.01994	0.02482	0.20814	0.07604	0.52739	0.02015	0.00981	0.00276	0.00414	0.01698	0.00803	0.00719
41	0.00982	0.00842	0.00842	0.00842	0.01122	0.00701	0.00631	0.01192	0.01894	0.02244	0.08416	0.07995	0.65285	0.02104	0.00982	0.00281	0.00421	0.01753	0.00771	0.00701
42	0.05839	0.05339	0.05942	0.01874	0.02470	0.17861	0.01582	0.26203	0.02802	0.15410	0.01923	0.01958	0.01381	0.00962	0.00888	0.00247	0.04715	0.00681	0.00689	0.01234
43	0.01773	0.00955	0.01251	0.01232	0.01494	0.00860	0.00933	0.02014	0.01919	0.19260	0.08109	0.33444	0.13042	0.02031	0.00995	0.00309	0.00559	0.08081	0.00847	0.00891
44	0.02764	0.07153	0.02748	0.02922	0.20046	0.45720	0.01857	0.03058	0.02189	0.02218	0.01354	0.01644	0.01138	0.00816	0.00757	0.00221	0.01322	0.00587	0.00419	0.01067
45	0.25528	0.17835	0.19484	0.01940	0.06240	0.09258	0.04079	0.02610	0.01713	0.02769	0.01302	0.01544	0.01033	0.00767	0.00652	0.00237	0.00991	0.00538	0.00418	0.01062
46	0.11663	0.09019	0.26773	0.01951	0.02677	0.02194	0.02056	0.08912	0.05058	0.06489	0.01591	0.01830	0.01211	0.00959	0.01109	0.00273	0.13959	0.00642	0.00488	0.01145
47	0.02261	0.15736	0.13529	0.06390	0.16887	0.09319	0.04643	0.13145	0.02200	0.02856	0.01548	0.01867	0.01235	0.01040	0.03631	0.00283	0.01127	0.00659	0.00466	0.01178
48	0.09499	0.02751	0.33007	0.02018	0.06118	0.01649	0.02101	0.02385	0.01843	0.06392	0.12396	0.03056	0.04801	0.01095	0.00932	0.00272	0.04965	0.03107	0.00535	0.01079
49	0.02077	0.02269	0.09260	0.12069	0.24116	0.08926	0.02082	0.09744	0.04548	0.02784	0.02050	0.02417	0.05104	0.01192	0.04059	0.00310	0.04581	0.00780	0.00489	0.01143
50	0.02000	0.02229	0.17920	0.02222	0.12159	0.01678	0.01827	0.15483	0.02394	0.06845	0.16221	0.03260	0.05550	0.01421	0.04805	0.00321	0.00931	0.00938	0.00652	0.01142
51	0.02084	0.17602	0.11866	0.05949	0.12208	0.12957	0.01797	0.02595	0.04516	0.02399	0.01586	0.04284	0.01363	0.00828	0.00714	0.00212	0.00990	0.00646	0.00438	0.14967
52	0.11455	0.05843	0.17603	0.07085	0.05638	0.01501	0.01640	0.02211	0.01733	0.09151	0.02865	0.21210	0.06011	0.01386	0.00835	0.00279	0.00804	0.01172	0.00588	0.00992
53	0.12879	0.16822	0.10313	0.02336	0.16003	0.09100	0.01722	0.02435	0.01862	0.02690	0.11520	0.02358	0.02178	0.00937	0.00803	0.00239	0.03542	0.00720	0.00488	0.01054
54	0.09695	0.02060	0.17419	0.02422	0.19324	0.01473	0.01786	0.02063	0.01817	0.02681	0.07053	0.07239	0.19137	0.01274	0.00845	0.00266	0.00795	0.01078	0.00552	0.01020
55	0.06344	0.02753	0.05833	0.04859	0.10895	0.23893	0.01727	0.18479	0.08548	0.03217	0.01994	0.02139	0.03804	0.00943	0.00792	0.00244	0.01085	0.00711	0.00581	0.01159
56	0.06393	0.02365	0.02183	0.02432	0.15974	0.22468	0.01562	0.03104	0.18547	0.02751	0.06132	0.02880	0.07595	0.01056	0.00811	0.00250	0.00958	0.00845	0.00598	0.01097

[dist]
# distance from previous block
# <min> <max>
49	84

[block]
# block no. 2 follows, 22 sequences, length 8
# corresponding to MSA columns:
# 180-187
name=unknown_C
#
# <colnr> <probs for GDERKNQSTAVLIFYWHMCP>
#	G	D	E	R	K	N	Q	S	T	A	V	L	I	F	Y	W	H	M	C	P
0	0.02196	0.02275	0.01988	0.02033	0.09512	0.21641	0.01398	0.07712	0.17663	0.02780	0.03679	0.03627	0.17558	0.01233	0.00846	0.00254	0.00913	0.00981	0.00648	0.01062
1	0.01338	0.06477	0.01553	0.04200	0.01700	0.01196	0.00985	0.01593	0.01690	0.02246	0.04446	0.16023	0.24392	0.01985	0.05989	0.00336	0.05965	0.01315	0.00609	0.15963
2	0.02833	0.24788	0.02985	0.01902	0.02433	0.43254	0.01546	0.06970	0.02249	0.02219	0.01291	0.01479	0.01091	0.00820	0.00687	0.00205	0.01270	0.00521	0.00432	0.01025
3	0.02769	0.09263	0.02777	0.02808	0.18072	0.45806	0.01822	0.03057	0.02183	0.02194	0.01342	0.01621	0.01130	0.00815	0.00749	0.00219	0.01320	0.00578	0.00418	0.01059
4	0.02360	0.24806	0.02829	0.01677	0.02135	0.15005	0.01429	0.07709	0.02010	0.07416	0.02328	0.02475	0.09303	0.01105	0.01094	0.00245	0.13791	0.00738	0.00518	0.01028
5	0.02260	0.19803	0.09138	0.02283	0.02856	0.19005	0.14809	0.02651	0.01839	0.02195	0.01318	0.01702	0.01112	0.00899	0.01139	0.00253	0.14662	0.00653	0.00389	0.01035
6	0.01620	0.01396	0.01336	0.01214	0.01578	0.06244	0.00954	0.14108	0.02345	0.02863	0.06243	0.06361	0.42652	0.01794	0.00945	0.00277	0.00631	0.05810	0.00757	0.00873
7	0.02166	0.21180	0.02286	0.01301	0.01767	0.01991	0.01113	0.19330	0.02332	0.03326	0.02171	0.06039	0.01813	0.00995	0.00665	0.00213	0.00684	0.00762	0.28834	0.01032

[dist]
# distance from previous block
# <min> <max>
8	14

[block]
# block no. 3 follows, 22 sequences, length 103
# corresponding to MSA columns:
# 202-304
name=unknown_D
#
# <colnr> <probs for GDERKNQSTAVLIFYWHMCP>
#	G	D	E	R	K	N	Q	S	T	A	V	L	I	F	Y	W	H	M	C	P
0	0.02456	0.17844	0.02951	0.02371	0.15384	0.02396	0.01663	0.27761	0.02629	0.03523	0.01712	0.01969	0.01371	0.01377	0.07328	0.00334	0.01039	0.00679	0.00582	0.04630
1	0.02171	0.02450	0.05528	0.02339	0.05647	0.18915	0.11839	0.06030	0.02030	0.02571	0.09616	0.02387	0.02018	0.01081	0.01325	0.00271	0.18479	0.00807	0.00495	0.03999
2	0.01801	0.01877	0.01823	0.01688	0.01866	0.18872	0.04129	0.01984	0.01678	0.02010	0.02477	0.21950	0.02714	0.12659	0.06086	0.00444	0.13384	0.01240	0.00527	0.00793
3	0.01571	0.01447	0.04194	0.01957	0.13574	0.05475	0.01206	0.05287	0.01764	0.02327	0.06154	0.18300	0.05924	0.24810	0.02027	0.00455	0.00800	0.01313	0.00585	0.00830
4	0.02238	0.14835	0.21546	0.02045	0.02676	0.23894	0.02004	0.02684	0.01889	0.02248	0.04109	0.01805	0.01366	0.00947	0.01058	0.00249	0.12345	0.00617	0.00404	0.01041
5	0.05476	0.06541	0.02361	0.02047	0.04565	0.44497	0.01535	0.12190	0.02444	0.02640	0.01488	0.01717	0.01209	0.01091	0.03511	0.00266	0.01318	0.00592	0.03484	0.01030
6	0.02330	0.18765	0.02971	0.01974	0.02498	0.21800	0.09321	0.03118	0.16266	0.02509	0.05931	0.02242	0.01871	0.00945	0.00851	0.00239	0.04026	0.00735	0.00534	0.01074
7	0.01568	0.17156	0.01934	0.01201	0.01568	0.01561	0.00990	0.02236	0.12267	0.02925	0.31138	0.04538	0.10251	0.01367	0.00829	0.00243	0.00552	0.01143	0.05605	0.00928
8	0.01863	0.37695	0.06992	0.01926	0.10218	0.02376	0.01551	0.02208	0.01614	0.02085	0.01542	0.02019	0.01395	0.02344	0.20301	0.00532	0.01315	0.00624	0.00389	0.01012
9	0.01187	0.00890	0.01335	0.01335	0.01483	0.01038	0.01038	0.01483	0.01335	0.01928	0.02225	0.03264	0.02077	0.06231	0.67512	0.01335	0.02225	0.00890	0.00445	0.00742
10	0.01258	0.00875	0.01094	0.01024	0.01259	0.00788	0.00773	0.01609	0.02258	0.06125	0.50466	0.06414	0.19447	0.01750	0.00973	0.00265	0.00413	0.01522	0.00890	0.00797
11	0.01075	0.00845	0.00971	0.00940	0.01179	0.00741	0.00705	0.01373	0.02114	0.02768	0.35786	0.07132	0.37588	0.01908	0.00981	0.00271	0.00407	0.01632	0.00840	0.00741
12	0.01050	0.00844	0.00937	0.00913	0.01164	0.00730	0.00685	0.01325	0.02055	0.02628	0.28463	0.07363	0.44999	0.01961	0.00981	0.00274	0.00411	0.01665	0.00822	0.00730
13	0.03015	0.10669	0.02553	0.02069	0.02525	0.61075	0.01587	0.03235	0.02288	0.02025	0.01271	0.01482	0.01070	0.00842	0.00728	0.00210	0.01437	0.00526	0.00421	0.00973
14	0.01549	0.00774	0.00774	0.00774	0.00968	0.00774	0.00581	0.01936	0.01742	0.03097	0.02710	0.03097	0.02129	0.00968	0.00581	0.00194	0.00387	0.00774	0.75416	0.00774
15	0.01033	0.00844	0.00913	0.00896	0.01154	0.00723	0.00672	0.01292	0.02015	0.02533	0.23499	0.07520	0.50022	0.01996	0.00981	0.00275	0.00413	0.01687	0.00809	0.00723
16	0.01723	0.01477	0.01723	0.01230	0.01969	0.01107	0.00984	0.02092	0.01723	0.02707	0.01477	0.01723	0.01230	0.00615	0.00615	0.00123	0.00615	0.00492	0.00492	0.75883
17	0.03087	0.02292	0.02453	0.01897	0.02549	0.02543	0.01562	0.59054	0.07820	0.05121	0.02085	0.02066	0.01486	0.01006	0.00832	0.00251	0.00897	0.00760	0.00832	0.01406
18	0.01865	0.01751	0.02828	0.12513	0.44637	0.01806	0.02182	0.02485	0.06815	0.02683	0.04927	0.02843	0.07164	0.00940	0.00846	0.00257	0.00903	0.00875	0.00492	0.01190
19	0.76672	0.01607	0.01221	0.01092	0.01607	0.01864	0.00900	0.02442	0.01414	0.03727	0.01157	0.01350	0.00900	0.00771	0.00514	0.00257	0.00643	0.00450	0.00514	0.00900
20	0.01049	0.00844	0.00935	0.00912	0.01163	0.00730	0.00684	0.01322	0.02052	0.02620	0.28044	0.07376	0.45422	0.01964	0.00981	0.00274	0.00411	0.01667	0.00821	0.00730
21	0.01010	0.00731	0.00956	0.01136	0.01200	0.00676	0.00762	0.01159	0.01610	0.02129	0.04828	0.66215	0.09381	0.02570	0.01055	0.00334	0.00478	0.02322	0.00771	0.00676
22	0.02892	0.02654	0.02314	0.01924	0.02479	0.20391	0.01526	0.32998	0.17287	0.03947	0.02116	0.02111	0.01576	0.00988	0.00812	0.00247	0.01017	0.00733	0.00723	0.01266
23	0.01808	0.01798	0.02567	0.19466	0.11244	0.04984	0.01986	0.02124	0.01510	0.02129	0.01397	0.04669	0.01299	0.01224	0.01848	0.00319	0.37493	0.00789	0.00390	0.00958
24	0.02221	0.71304	0.04353	0.01421	0.02132	0.03287	0.01421	0.02488	0.01688	0.01955	0.01155	0.01333	0.01066	0.00711	0.00533	0.00178	0.00888	0.00444	0.00355	0.01066
25	0.02066	0.01785	0.01878	0.01691	0.02160	0.02066	0.01315	0.04414	0.64121	0.03475	0.03381	0.03099	0.02536	0.01127	0.00845	0.00282	0.00657	0.00939	0.00845	0.01315
26	0.01012	0.00723	0.00964	0.01157	0.01205	0.00675	0.00771	0.01157	0.01591	0.02121	0.04579	0.70262	0.05495	0.02603	0.01060	0.00337	0.00482	0.02362	0.00771	0.00675
27	0.00982	0.00842	0.00842	0.00842	0.01122	0.00701	0.00631	0.01192	0.01894	0.02244	0.08416	0.07995	0.65285	0.02104	0.00982	0.00281	0.00421	0.01753	0.00771	0.00701
28	0.01187	0.00890	0.01335	0.01335	0.01483	0.01038	0.01038	0.01483	0.01335	0.01928	0.02225	0.03264	0.02077	0.06231	0.67512	0.01335	0.02225	0.00890	0.00445	0.00742
29	0.02066	0.01785	0.01878	0.01691	0.02160	0.02066	0.01315	0.04414	0.64121	0.03475	0.03381	0.03099	0.02536	0.01127	0.00845	0.00282	0.00657	0.00939	0.00845	0.01315
30	0.02294	0.65714	0.04187	0.01481	0.02168	0.08615	0.01437	0.02556	0.01743	0.01961	0.01166	0.01346	0.01066	0.00723	0.00551	0.00181	0.00939	0.00452	0.00361	0.01058
31	0.76672	0.01607	0.01221	0.01092	0.01607	0.01864	0.00900	0.02442	0.01414	0.03727	0.01157	0.01350	0.00900	0.00771	0.00514	0.00257	0.00643	0.00450	0.00514	0.00900
32	0.02056	0.01974	0.03372	0.05099	0.65622	0.01974	0.02550	0.02550	0.01892	0.02714	0.01563	0.02056	0.01316	0.00740	0.00822	0.00247	0.00987	0.00740	0.00411	0.01316
33	0.01210	0.00883	0.01299	0.01299	0.01450	0.01021	0.01009	0.01513	0.01362	0.02004	0.02257	0.03253	0.02080	0.05888	0.63161	0.01261	0.02106	0.00883	0.05318	0.00744
34	0.01326	0.00882	0.01159	0.01071	0.01293	0.00810	0.00810	0.01714	0.02353	0.07027	0.61545	0.06007	0.07499	0.01659	0.00971	0.00261	0.00410	0.01463	0.00921	0.00821
35	0.02335	0.62616	0.04095	0.01514	0.02188	0.11567	0.01445	0.02595	0.01774	0.01965	0.01172	0.01354	0.01067	0.00729	0.00561	0.00182	0.00967	0.00456	0.00365	0.01053
36	0.02564	0.03030	0.02077	0.01912	0.02286	0.44993	0.01448	0.03071	0.10107	0.02197	0.01754	0.02078	0.01472	0.02027	0.14871	0.00460	0.01543	0.00662	0.00485	0.00962
37	0.01032	0.00731	0.00958	0.01132	0.01175	0.00688	0.00744	0.01162	0.01552	0.02070	0.04383	0.63804	0.05248	0.09397	0.01376	0.00384	0.00514	0.02247	0.00744	0.00658
38	0.02123	0.02116	0.02950	0.21853	0.37494	0.10424	0.02305	0.06077	0.02007	0.02614	0.01529	0.02024	0.01233	0.00795	0.00816	0.00251	0.01081	0.00714	0.00427	0.01169
39	0.02056	0.01974	0.03372	0.05099	0.65622	0.01974	0.02550	0.02550	0.01892	0.02714	0.01563	0.02056	0.01316	0.00740	0.00822	0.00247	0.00987	0.00740	0.00411	0.01316
40	0.00982	0.00842	0.00842	0.00842	0.01122	0.00701	0.00631	0.01192	0.01894	0.02244	0.08416	0.07995	0.65285	0.02104	0.00982	0.00281	0.00421	0.01753	0.00771	0.00701
41	0.01803	0.02394	0.16352	0.02384	0.02747	0.02360	0.09607	0.02215	0.01459	0.02215	0.01248	0.01856	0.01103	0.01220	0.02101	0.00332	0.46498	0.00734	0.00368	0.01002
42	0.00991	0.00807	0.00878	0.00934	0.01146	0.00693	0.00672	0.01182	0.01804	0.02208	0.07286	0.26323	0.47686	0.02251	0.01005	0.00297	0.00439	0.01932	0.00771	0.00693
43	0.00995	0.00790	0.00895	0.00979	0.01158	0.00690	0.00692	0.01177	0.01762	0.02190	0.06746	0.35097	0.39261	0.02321	0.01016	0.00305	0.00447	0.02018	0.00771	0.00690
44	0.01007	0.00850	0.00876	0.00890	0.01164	0.00719	0.00681	0.01229	0.01895	0.02261	0.08135	0.08091	0.61054	0.02117	0.00993	0.00288	0.00445	0.05829	0.00771	0.00706
45	0.00982	0.00842	0.00842	0.00842	0.01122	0.00701	0.00631	0.01192	0.01894	0.02244	0.08416	0.07995	0.65285	0.02104	0.00982	0.00281	0.00421	0.01753	0.00771	0.00701
46	0.02175	0.02381	0.02683	0.31150	0.20656	0.22286	0.02153	0.02608	0.01938	0.02252	0.01440	0.01950	0.01151	0.00814	0.00803	0.00249	0.01197	0.00676	0.00399	0.01040
47	0.02221	0.71304	0.04353	0.01421	0.02132	0.03287	0.01421	0.02488	0.01688	0.01955	0.01155	0.01333	0.01066	0.00711	0.00533	0.00178	0.00888	0.00444	0.00355	0.01066
48	0.01916	0.01829	0.03092	0.16870	0.51443	0.01892	0.02417	0.02408	0.01848	0.02582	0.01858	0.02356	0.04183	0.00819	0.00831	0.00254	0.00984	0.00786	0.00420	0.01214
49	0.02281	0.02622	0.02122	0.01931	0.02182	0.34175	0.01501	0.02509	0.01823	0.01997	0.01495	0.02053	0.01349	0.02458	0.19369	0.00554	0.17595	0.00677	0.00418	0.00890
50	0.01187	0.00890	0.01335	0.01335	0.01483	0.01038	0.01038	0.01483	0.01335	0.01928	0.02225	0.03264	0.02077	0.06231	0.67512	0.01335	0.02225	0.00890	0.00445	0.00742
51	0.02191	0.02230	0.03241	0.04717	0.57488	0.10423	0.02428	0.02649	0.01951	0.02626	0.01527	0.01984	0.01284	0.00755	0.00813	0.00243	0.01053	0.00714	0.00413	0.01270
52	0.01918	0.01828	0.03046	0.04550	0.57301	0.01810	0.02302	0.02374	0.01892	0.02653	0.02447	0.02822	0.09568	0.00916	0.00843	0.00251	0.00914	0.00871	0.00458	0.01237
53	0.01187	0.00890	0.01335	0.01335	0.01483	0.01038	0.01038	0.01483	0.01335	0.01928	0.02225	0.03264	0.02077	0.06231	0.67512	0.01335	0.02225	0.00890	0.00445	0.00742
54	0.01686	0.03977	0.58250	0.02344	0.03413	0.02009	0.02908	0.02549	0.01692	0.02549	0.01439	0.01762	0.01057	0.00875	0.01039	0.00276	0.10007	0.00628	0.00352	0.01187
55	0.01974	0.01890	0.03223	0.15856	0.55508	0.01952	0.02509	0.02477	0.01853	0.02614	0.01548	0.02083	0.01281	0.00755	0.00824	0.00252	0.01007	0.00740	0.00404	0.01250
56	0.02151	0.02129	0.03099	0.04419	0.52247	0.07848	0.02315	0.02845	0.09514	0.02746	0.01759	0.02133	0.01443	0.00798	0.00819	0.00248	0.00993	0.00746	0.00466	0.01284
57	0.01147	0.00782	0.00926	0.00990	0.01145	0.00721	0.00705	0.01403	0.01829	0.02576	0.16384	0.31177	0.17874	0.01989	0.00929	0.00281	0.00433	0.01743	0.16243	0.00721
58	0.02030	0.02011	0.03586	0.04711	0.52849	0.02019	0.12332	0.02544	0.01876	0.02674	0.01561	0.02076	0.01297	0.00765	0.00931	0.00257	0.04025	0.00779	0.00411	0.01266
59	0.01810	0.01723	0.02927	0.37270	0.35375	0.01909	0.02427	0.02334	0.01775	0.02415	0.01519	0.02136	0.01211	0.00786	0.00827	0.00262	0.01048	0.00739	0.00390	0.01117
60	0.01952	0.01918	0.02797	0.07771	0.42548	0.08298	0.02129	0.02380	0.01809	0.02449	0.01667	0.02260	0.01437	0.01893	0.14614	0.00470	0.01301	0.00751	0.00417	0.01139
61	0.01298	0.00996	0.01010	0.01029	0.01065	0.05116	0.00621	0.01336	0.01348	0.01725	0.02865	0.16235	0.03315	0.54628	0.03462	0.00687	0.00795	0.01361	0.00544	0.00562
62	0.16782	0.00979	0.00969	0.00939	0.01102	0.01006	0.00619	0.01476	0.01415	0.02228	0.05896	0.05057	0.13356	0.41779	0.02774	0.00580	0.00689	0.01156	0.00568	0.00631
63	0.03158	0.02327	0.02493	0.01911	0.02576	0.02576	0.01579	0.62852	0.03906	0.05236	0.01995	0.01995	0.01413	0.00997	0.00831	0.00249	0.00914	0.00748	0.00831	0.01413
64	0.01061	0.00759	0.00934	0.01052	0.01116	0.00713	0.00683	0.01175	0.01526	0.02000	0.04522	0.45526	0.12061	0.20652	0.01892	0.00455	0.00560	0.01982	0.00700	0.00632
65	0.02022	0.01939	0.03310	0.09555	0.61433	0.01965	0.02533	0.02520	0.01875	0.02673	0.01557	0.02067	0.01301	0.00747	0.00823	0.00249	0.00995	0.00740	0.00408	0.01288
66	0.02056	0.01974	0.03372	0.05099	0.65622	0.01974	0.02550	0.02550	0.01892	0.02714	0.01563	0.02056	0.01316	0.00740	0.00822	0.00247	0.00987	0.00740	0.00411	0.01316
67	0.01219	0.00904	0.01336	0.01376	0.01534	0.01021	0.01102	0.01534	0.01457	0.02046	0.02684	0.04554	0.02648	0.05399	0.53487	0.01134	0.01917	0.13388	0.00513	0.00747
68	0.01049	0.00793	0.00919	0.00982	0.01122	0.00717	0.00670	0.01213	0.01698	0.02173	0.10556	0.29668	0.28035	0.14655	0.01596	0.00394	0.00510	0.01852	0.00734	0.00663
69	0.01055	0.00747	0.00945	0.01086	0.01134	0.00705	0.00705	0.01170	0.01519	0.02012	0.04315	0.52951	0.07658	0.17817	0.01765	0.00439	0.00551	0.02076	0.00711	0.00638
70	0.02056	0.01974	0.03372	0.05099	0.65622	0.01974	0.02550	0.02550	0.01892	0.02714	0.01563	0.02056	0.01316	0.00740	0.00822	0.00247	0.00987	0.00740	0.00411	0.01316
71	0.02056	0.01974	0.03372	0.05099	0.65622	0.01974	0.02550	0.02550	0.01892	0.02714	0.01563	0.02056	0.01316	0.00740	0.00822	0.00247	0.00987	0.00740	0.00411	0.01316
72	0.34280	0.02022	0.01955	0.01565	0.02166	0.02275	0.01291	0.37277	0.02851	0.04597	0.01640	0.01721	0.01196	0.00902	0.00697	0.00253	0.00799	0.00622	0.00697	0.01196
73	0.03004	0.03510	0.02301	0.02033	0.02495	0.52536	0.01550	0.13749	0.02605	0.02611	0.01778	0.01921	0.04442	0.00945	0.00776	0.00224	0.01339	0.00636	0.00517	0.01029
74	0.01791	0.06154	0.33057	0.02760	0.03732	0.02012	0.28850	0.02570	0.01817	0.02573	0.01602	0.02037	0.01204	0.01067	0.04784	0.00330	0.01347	0.00783	0.00387	0.01145
75	0.01139	0.00816	0.00886	0.00886	0.00972	0.00774	0.00542	0.01203	0.01418	0.01804	0.04390	0.06218	0.22050	0.49808	0.03236	0.00645	0.00688	0.01375	0.00585	0.00564
76	0.01208	0.00805	0.00906	0.00906	0.00906	0.00805	0.00503	0.01208	0.01208	0.01611	0.02618	0.05436	0.03020	0.70804	0.04228	0.00805	0.00805	0.01208	0.00503	0.00503
77	0.02844	0.03306	0.02412	0.02119	0.02489	0.45665	0.01646	0.10725	0.02331	0.02439	0.01336	0.01628	0.01119	0.00998	0.01169	0.00250	0.15448	0.00602	0.00467	0.01010
78	0.17546	0.07184	0.49499	0.02049	0.03100	0.01985	0.02526	0.02584	0.01679	0.02828	0.01403	0.01647	0.01021	0.00781	0.00718	0.00257	0.01087	0.00570	0.00386	0.01150
79	0.03312	0.01360	0.01820	0.01433	0.02009	0.01208	0.01169	0.03747	0.05559	0.54853	0.11269	0.03277	0.02827	0.01120	0.00855	0.00259	0.00664	0.00927	0.01004	0.01327
80	0.01185	0.00888	0.01092	0.01177	0.01366	0.00845	0.00939	0.01440	0.01765	0.02233	0.05429	0.07979	0.25699	0.13652	0.04422	0.00457	0.00713	0.27308	0.00711	0.00699
81	0.03158	0.02327	0.02493	0.01911	0.02576	0.02576	0.01579	0.62852	0.03906	0.05236	0.01995	0.01995	0.01413	0.00997	0.00831	0.00249	0.00914	0.00748	0.00831	0.01413
82	0.01097	0.00759	0.00939	0.01048	0.01075	0.00732	0.00655	0.01179	0.01424	0.01899	0.03725	0.42028	0.04417	0.32307	0.02440	0.00541	0.00623	0.01859	0.00655	0.00600
83	0.01099	0.00831	0.00919	0.00906	0.01073	0.00754	0.00619	0.01275	0.01755	0.02254	0.18188	0.06754	0.32208	0.25401	0.02086	0.00455	0.00546	0.01516	0.00710	0.00651
84	0.02113	0.01708	0.01932	0.01416	0.02134	0.01507	0.01146	0.18613	0.02316	0.03395	0.01617	0.01797	0.01280	0.00719	0.00674	0.00157	0.00697	0.00562	0.00584	0.55634
85	0.01162	0.00805	0.01007	0.01048	0.01089	0.00826	0.00671	0.01254	0.01315	0.01784	0.02951	0.18687	0.03348	0.43031	0.16653	0.00816	0.01031	0.01386	0.00548	0.00589
86	0.02236	0.01613	0.01917	0.01584	0.02050	0.01731	0.01279	0.28666	0.02560	0.06559	0.02090	0.02510	0.01688	0.03044	0.27421	0.00669	0.01394	0.00780	0.00648	0.09561
87	0.01163	0.00794	0.00944	0.00976	0.01011	0.00776	0.00595	0.01244	0.01435	0.01938	0.11095	0.18948	0.04154	0.47778	0.03154	0.00638	0.00685	0.01485	0.00612	0.00575
88	0.02381	0.53855	0.06915	0.01619	0.02295	0.16786	0.01539	0.02670	0.01832	0.02004	0.01198	0.01388	0.01066	0.00745	0.00591	0.00189	0.01034	0.00472	0.00371	0.01052
89	0.01902	0.01407	0.01534	0.01344	0.01561	0.04123	0.01033	0.13667	0.01984	0.02947	0.02188	0.03071	0.01940	0.15820	0.01813	0.00367	0.13678	0.00842	0.27904	0.00874
90	0.01152	0.00810	0.00895	0.00902	0.00964	0.00778	0.00541	0.01203	0.01368	0.01765	0.03921	0.08566	0.16278	0.53563	0.03416	0.00676	0.00711	0.01369	0.00571	0.00552
91	0.02772	0.02070	0.02263	0.01728	0.02376	0.02177	0.01412	0.47046	0.03309	0.04519	0.01859	0.01963	0.01376	0.01007	0.00901	0.03852	0.00842	0.00693	0.00737	0.17100
92	0.02053	0.02341	0.16185	0.04995	0.14691	0.01935	0.08070	0.17974	0.02268	0.03162	0.01805	0.02250	0.01430	0.01952	0.14632	0.00480	0.01321	0.00770	0.00514	0.01170
93	0.01886	0.01805	0.02814	0.04124	0.48981	0.04844	0.02128	0.02292	0.01850	0.02556	0.02187	0.16443	0.02187	0.01139	0.00869	0.00264	0.00905	0.01073	0.00488	0.01163
94	0.01705	0.01083	0.01246	0.01170	0.01408	0.01141	0.00885	0.13758	0.02044	0.03060	0.02806	0.16756	0.02629	0.02098	0.09202	0.05665	0.00762	0.01108	0.30628	0.00848
95	0.02288	0.02402	0.10566	0.02388	0.12469	0.10997	0.01841	0.19068	0.05475	0.03287	0.02316	0.03505	0.02062	0.01175	0.00872	0.00270	0.00991	0.13227	0.00620	0.04182
96	0.02422	0.02090	0.10366	0.08430	0.02728	0.01929	0.01645	0.17920	0.21431	0.13447	0.02921	0.02844	0.05932	0.01070	0.00840	0.00267	0.00831	0.00867	0.00755	0.01264
97	0.02003	0.02774	0.21894	0.04121	0.43658	0.05811	0.02647	0.02619	0.01878	0.02650	0.01525	0.01934	0.01224	0.00761	0.00808	0.00250	0.01088	0.00691	0.00394	0.01269
98	0.02295	0.16607	0.03045	0.20039	0.17226	0.14673	0.01956	0.09916	0.02122	0.02581	0.01456	0.01835	0.01175	0.00811	0.00752	0.00234	0.01086	0.00641	0.00443	0.01107
99	0.28166	0.01885	0.08559	0.18909	0.11258	0.01832	0.05320	0.02436	0.04392	0.02985	0.05612	0.02142	0.01564	0.00855	0.00733	0.00264	0.00891	0.00697	0.00483	0.01015
100	0.02502	0.02685	0.02448	0.02650	0.16844	0.28524	0.01726	0.08977	0.09801	0.02792	0.07162	0.02293	0.01922	0.00984	0.00922	0.00246	0.05111	0.00747	0.00553	0.01113
101	0.11818	0.02662	0.11175	0.05732	0.15931	0.18987	0.01870	0.09224	0.02099	0.02866	0.01560	0.01900	0.01245	0.01180	0.05086	0.00312	0.01164	0.00644	0.03455	0.01091
102	0.02066	0.02102	0.02290	0.02731	0.21482	0.17914	0.01699	0.04793	0.02146	0.02700	0.15291	0.03720	0.03070	0.01229	0.01004	0.00267	0.05396	0.08498	0.00581	0.01022

[dist]
# distance from previous block
# <min> <max>
8	81

[block]
# block no. 4 follows, 22 sequences, length 50
# corresponding to MSA columns:
# 386-435
name=unknown_E
#
# <colnr> <probs for GDERKNQSTAVLIFYWHMCP>
#	G	D	E	R	K	N	Q	S	T	A	V	L	I	F	Y	W	H	M	C	P
0	0.02197	0.02374	0.02438	0.03059	0.26858	0.23557	0.01825	0.02622	0.04366	0.02436	0.02634	0.03518	0.08389	0.01146	0.00859	0.00259	0.01056	0.08830	0.00518	0.01060
1	0.02031	0.01968	0.03417	0.07626	0.59929	0.01975	0.05713	0.02538	0.01886	0.02687	0.01565	0.02072	0.01304	0.00742	0.00831	0.00250	0.01014	0.00753	0.00410	0.01289
2	0.05110	0.01686	0.02459	0.15354	0.33397	0.04663	0.01926	0.02176	0.01850	0.02507	0.03166	0.03458	0.16654	0.01092	0.00845	0.00259	0.00881	0.00961	0.00496	0.01061
3	0.02040	0.02741	0.17172	0.18059	0.19602	0.14201	0.02335	0.02678	0.04958	0.02433	0.01540	0.01958	0.01211	0.00851	0.00907	0.00259	0.04842	0.00682	0.00410	0.01119
4	0.02974	0.03370	0.02518	0.02491	0.11013	0.45844	0.01726	0.15008	0.02600	0.02759	0.01462	0.01671	0.01171	0.00869	0.00775	0.00225	0.01314	0.00605	0.00506	0.01099
5	0.01069	0.00804	0.00951	0.00992	0.01146	0.00728	0.00692	0.01275	0.01822	0.02385	0.20237	0.25410	0.25414	0.11530	0.01447	0.00364	0.00484	0.01796	0.00769	0.00687
6	0.01637	0.00993	0.01238	0.01111	0.01418	0.00905	0.00856	0.02069	0.05113	0.14459	0.39352	0.05824	0.18495	0.01635	0.00948	0.00265	0.00467	0.01408	0.00902	0.00905
7	0.01150	0.00875	0.01071	0.01152	0.01302	0.00846	0.00813	0.01583	0.08453	0.02497	0.15730	0.43363	0.13601	0.02217	0.01013	0.00310	0.00477	0.01975	0.00805	0.00766
8	0.01893	0.18783	0.31357	0.02541	0.03519	0.02296	0.23047	0.02609	0.01810	0.02488	0.01480	0.01825	0.01127	0.00741	0.00797	0.00250	0.01210	0.00701	0.00376	0.01154
9	0.02191	0.02253	0.03314	0.04621	0.54052	0.10751	0.05488	0.02658	0.01957	0.02620	0.01531	0.01991	0.01280	0.00754	0.00821	0.00244	0.01076	0.00725	0.00414	0.01259
10	0.01024	0.00835	0.00854	0.00854	0.01082	0.00721	0.00607	0.01195	0.01766	0.02126	0.07333	0.07517	0.53657	0.14934	0.01588	0.00379	0.00493	0.01651	0.00721	0.00664
11	0.01022	0.00727	0.00961	0.01144	0.01190	0.00681	0.00757	0.01159	0.01571	0.02095	0.04479	0.66954	0.05368	0.06083	0.01222	0.00361	0.00498	0.02303	0.00757	0.00666
12	0.01409	0.01086	0.01309	0.01359	0.01588	0.01119	0.01054	0.04747	0.14163	0.02699	0.07593	0.27845	0.10854	0.02060	0.01019	0.00325	0.00602	0.17510	0.00794	0.00867
13	0.02754	0.02660	0.02179	0.01886	0.02390	0.25708	0.01469	0.15963	0.26182	0.06708	0.02336	0.02281	0.01752	0.00997	0.00807	0.00249	0.01016	0.00749	0.00702	0.01213
14	0.01423	0.01087	0.01496	0.01409	0.01532	0.01340	0.01120	0.01713	0.01414	0.02216	0.02064	0.02877	0.01851	0.03860	0.36395	0.00837	0.17949	0.00824	0.17804	0.00790
15	0.01012	0.00723	0.00964	0.01157	0.01205	0.00675	0.00771	0.01157	0.01591	0.02121	0.04579	0.70262	0.05495	0.02603	0.01060	0.00337	0.00482	0.02362	0.00771	0.00675
16	0.01573	0.01474	0.02135	0.02389	0.16198	0.01738	0.01577	0.01850	0.01572	0.02209	0.03137	0.03583	0.16755	0.02188	0.11901	0.00467	0.26840	0.01002	0.00485	0.00925
17	0.01735	0.01515	0.01882	0.01344	0.02088	0.01157	0.04076	0.02120	0.01735	0.02705	0.01487	0.01749	0.01232	0.00620	0.00634	0.00131	0.00655	0.00517	0.00489	0.72132
18	0.01187	0.00890	0.01335	0.01335	0.01483	0.01038	0.01038	0.01483	0.01335	0.01928	0.02225	0.03264	0.02077	0.06231	0.67512	0.01335	0.02225	0.00890	0.00445	0.00742
19	0.01208	0.00805	0.00906	0.00906	0.00906	0.00805	0.00503	0.01208	0.01208	0.01611	0.02618	0.05436	0.03020	0.70804	0.04228	0.00805	0.00805	0.01208	0.00503	0.00503
20	0.01932	0.01833	0.03112	0.16421	0.51629	0.01900	0.02446	0.02431	0.01851	0.02596	0.01688	0.02449	0.01451	0.00834	0.00840	0.00259	0.00998	0.03691	0.00421	0.01218
21	0.02414	0.02653	0.03024	0.04088	0.44068	0.24362	0.02227	0.02812	0.02050	0.02481	0.01467	0.01865	0.01232	0.00780	0.00797	0.00236	0.01162	0.00670	0.00417	0.01195
22	0.03103	0.03959	0.02354	0.02140	0.02568	0.67469	0.01605	0.03317	0.02354	0.02033	0.01284	0.01498	0.01070	0.00856	0.00749	0.00214	0.01498	0.00535	0.00428	0.00963
23	0.01780	0.01775	0.03259	0.38026	0.20432	0.01936	0.16036	0.02352	0.01787	0.02393	0.01544	0.02181	0.01194	0.00778	0.00862	0.00270	0.01144	0.00794	0.00391	0.01066
24	0.02822	0.03193	0.02237	0.01993	0.02456	0.42816	0.01522	0.09634	0.19604	0.02756	0.01936	0.01991	0.01510	0.00945	0.00784	0.00236	0.01207	0.00668	0.00584	0.01106
25	0.02054	0.02013	0.03237	0.11401	0.56739	0.04904	0.02483	0.02541	0.01889	0.02624	0.01541	0.02047	0.01284	0.00755	0.00820	0.00248	0.01022	0.00731	0.00408	0.01260
26	0.01012	0.00723	0.00964	0.01157	0.01205	0.00675	0.00771	0.01157	0.01591	0.02121	0.04579	0.70262	0.05495	0.02603	0.01060	0.00337	0.00482	0.02362	0.00771	0.00675
27	0.01203	0.00825	0.01003	0.01003	0.01037	0.00858	0.00625	0.01271	0.01237	0.01683	0.02529	0.04944	0.02806	0.56167	0.18573	0.00925	0.01127	0.01136	0.00490	0.00557
28	0.01187	0.00890	0.01335	0.01335	0.01483	0.01038	0.01038	0.01483	0.01335	0.01928	0.02225	0.03264	0.02077	0.06231	0.67512	0.01335	0.02225	0.00890	0.00445	0.00742
29	0.02566	0.01763	0.01954	0.01517	0.02114	0.01781	0.01232	0.29944	0.05888	0.10365	0.02179	0.02239	0.01601	0.00910	0.00741	0.00213	0.00727	0.00709	0.12313	0.19244
30	0.76672	0.01607	0.01221	0.01092	0.01607	0.01864	0.00900	0.02442	0.01414	0.03727	0.01157	0.01350	0.00900	0.00771	0.00514	0.00257	0.00643	0.00450	0.00514	0.00900
31	0.02056	0.01974	0.03372	0.05099	0.65622	0.01974	0.02550	0.02550	0.01892	0.02714	0.01563	0.02056	0.01316	0.00740	0.00822	0.00247	0.00987	0.00740	0.00411	0.01316
32	0.01028	0.00734	0.00982	0.01175	0.01230	0.00689	0.00799	0.01184	0.01606	0.02139	0.04570	0.67277	0.05460	0.02588	0.01065	0.00340	0.00496	0.05189	0.00771	0.00679
33	0.01140	0.00790	0.00913	0.00958	0.00997	0.00765	0.00578	0.01195	0.01366	0.01793	0.03658	0.20721	0.09882	0.48057	0.03166	0.00644	0.00692	0.01531	0.00593	0.00563
34	0.01504	0.01549	0.01251	0.01271	0.01501	0.16772	0.00917	0.01691	0.01893	0.02148	0.05284	0.29386	0.27777	0.01987	0.00955	0.00285	0.00703	0.01684	0.00689	0.00755
35	0.01138	0.00939	0.01011	0.00976	0.01256	0.00859	0.00737	0.01608	0.08289	0.02630	0.21579	0.07070	0.45112	0.01908	0.00968	0.00276	0.00438	0.01611	0.00813	0.00783
36	0.03003	0.03703	0.02307	0.02084	0.02510	0.60267	0.01573	0.06529	0.02385	0.02206	0.01375	0.01621	0.01144	0.01155	0.04365	0.00277	0.01505	0.00566	0.00451	0.00976
37	0.03103	0.03959	0.02354	0.02140	0.02568	0.67469	0.01605	0.03317	0.02354	0.02033	0.01284	0.01498	0.01070	0.00856	0.00749	0.00214	0.01498	0.00535	0.00428	0.00963
38	0.01208	0.00805	0.00906	0.00906	0.00906	0.00805	0.00503	0.01208	0.01208	0.01611	0.02618	0.05436	0.03020	0.70804	0.04228	0.00805	0.00805	0.01208	0.00503	0.00503
39	0.02800	0.02149	0.02292	0.01839	0.02440	0.02409	0.01492	0.43704	0.23637	0.04659	0.02449	0.02357	0.01781	0.01040	0.00836	0.00260	0.00830	0.00811	0.00836	0.01381
40	0.01208	0.00805	0.00906	0.00906	0.00906	0.00805	0.00503	0.01208	0.01208	0.01611	0.02618	0.05436	0.03020	0.70804	0.04228	0.00805	0.00805	0.01208	0.00503	0.00503
41	0.01011	0.00729	0.00958	0.01142	0.01201	0.00676	0.00764	0.01158	0.01605	0.02127	0.04763	0.67267	0.08371	0.02579	0.01057	0.00335	0.00479	0.02332	0.00771	0.00676
