[name]
unknown

[dist]
# distance from previous block
# <min> <max>
0	0

[block]
# block no. 0 follows, 22 sequences, length 185
# corresponding to MSA columns:
# 0-184
name=unknown_A
#
# <colnr> <probs for GDERKNQSTAVLIFYWHMCP>
#	G	D	E	R	K	N	Q	S	T	A	V	L	I	F	Y	W	H	M	C	P
0	0.01339	0.00956	0.01339	0.01530	0.01721	0.00956	0.01339	0.01721	0.01912	0.02486	0.04399	0.09371	0.04781	0.02295	0.01147	0.00382	0.00765	0.60031	0.00765	0.00765
1	0.01186	0.00796	0.00912	0.00934	0.00939	0.00791	0.00533	0.01202	0.01250	0.01667	0.02834	0.12606	0.03294	0.63261	0.03878	0.00754	0.00770	0.01336	0.00533	0.00522
2	0.02086	0.02490	0.10046	0.18830	0.30399	0.13804	0.05488	0.02605	0.01911	0.02443	0.01491	0.01968	0.01191	0.00785	0.00816	0.00251	0.01155	0.00701	0.00398	0.01142
3	0.07549	0.14499	0.03392	0.04140	0.49441	0.02204	0.02225	0.02530	0.01820	0.02651	0.01459	0.01873	0.01240	0.00737	0.00747	0.00235	0.00944	0.00665	0.00409	0.01240
4	0.02160	0.63893	0.11227	0.01526	0.02294	0.03137	0.01604	0.02503	0.01695	0.02029	0.01192	0.01379	0.01065	0.00719	0.00561	0.00187	0.00926	0.00463	0.00355	0.01084
5	0.00982	0.00842	0.00842	0.00842	0.01122	0.00701	0.00631	0.01192	0.01894	0.02244	0.08416	0.07995	0.65285	0.02104	0.00982	0.00281	0.00421	0.01753	0.00771	0.00701
6	0.02022	0.02070	0.03923	0.04524	0.43552	0.02020	0.24178	0.02590	0.01917	0.02695	0.01605	0.02123	0.01296	0.00726	0.00879	0.00259	0.01136	0.00827	0.00414	0.01246
7	0.02375	0.03523	0.21933	0.02936	0.16737	0.29590	0.05958	0.02904	0.02050	0.02399	0.01431	0.01742	0.01130	0.00801	0.00791	0.00240	0.01300	0.00630	0.00401	0.01129
8	0.01155	0.00903	0.00950	0.00929	0.01145	0.00824	0.00653	0.04386	0.01804	0.02227	0.06387	0.09921	0.42893	0.20050	0.01827	0.00419	0.00550	0.01587	0.00704	0.00685
9	0.01187	0.00890	0.01335	0.01335	0.01483	0.01038	0.01038	0.01483	0.01335	0.01928	0.02225	0.03264	0.02077	0.06231	0.67512	0.01335	0.02225	0.00890	0.00445	0.00742
10	0.01001	0.00821	0.00883	0.00913	0.01146	0.00703	0.00668	0.01213	0.01873	0.02302	0.11882	0.19051	0.50337	0.02164	0.00996	0.00289	0.00430	0.01844	0.00782	0.00703
11	0.02172	0.02193	0.03259	0.04772	0.58648	0.09218	0.02445	0.02634	0.01943	0.02639	0.01532	0.01994	0.01289	0.00753	0.00814	0.00243	0.01043	0.00718	0.00413	0.01277
12	0.03103	0.03959	0.02354	0.02140	0.02568	0.67469	0.01605	0.03317	0.02354	0.02033	0.01284	0.01498	0.01070	0.00856	0.00749	0.00214	0.01498	0.00535	0.00428	0.00963
13	0.01558	0.01308	0.01776	0.01616	0.01690	0.01690	0.01299	0.01800	0.01419	0.02233	0.02025	0.09920	0.01976	0.02340	0.13774	0.00500	0.34945	0.00947	0.16362	0.00824
14	0.00999	0.00818	0.00867	0.00902	0.01126	0.00702	0.00650	0.01187	0.01804	0.02189	0.07426	0.19050	0.51320	0.05749	0.01164	0.00318	0.00452	0.01834	0.00758	0.00686
15	0.01954	0.02878	0.25947	0.04014	0.41120	0.04331	0.02702	0.02607	0.01859	0.02660	0.01527	0.01928	0.01213	0.00762	0.00808	0.00251	0.01092	0.00688	0.00390	0.01272
16	0.02477	0.02788	0.02904	0.03709	0.35918	0.29151	0.02117	0.02837	0.02048	0.02392	0.01421	0.01811	0.01201	0.00828	0.00899	0.00240	0.05043	0.00654	0.00416	0.01147
17	0.01003	0.00842	0.00871	0.00864	0.01135	0.00710	0.00648	0.01234	0.01944	0.02364	0.14694	0.07797	0.58931	0.02059	0.00982	0.00278	0.00418	0.01726	0.00787	0.00710
18	0.01187	0.00890	0.01335	0.01335	0.01483	0.01038	0.01038	0.01483	0.01335	0.01928	0.02225	0.03264	0.02077	0.06231	0.67512	0.01335	0.02225	0.00890	0.00445	0.00742
19	0.01050	0.00877	0.00900	0.00900	0.01159	0.00771	0.00660	0.01342	0.04734	0.02250	0.07580	0.10434	0.55056	0.07111	0.01217	0.00322	0.00463	0.01703	0.00755	0.00714
20	0.01176	0.00849	0.01110	0.01045	0.01241	0.00784	0.00784	0.01568	0.02352	0.03331	0.65184	0.06206	0.07839	0.01698	0.00980	0.00261	0.00392	0.01502	0.00914	0.00784
21	0.02056	0.01974	0.03372	0.05099	0.65622	0.01974	0.02550	0.02550	0.01892	0.02714	0.01563	0.02056	0.01316	0.00740	0.00822	0.00247	0.00987	0.00740	0.00411	0.01316
22	0.01569	0.01477	0.02492	0.68808	0.05722	0.01846	0.02307	0.02123	0.01661	0.02123	0.01477	0.02215	0.01107	0.00831	0.00831	0.00277	0.01107	0.00738	0.00369	0.00923
23	0.01799	0.01829	0.02908	0.06429	0.02752	0.02352	0.12732	0.02102	0.01423	0.02122	0.01273	0.01985	0.01168	0.01504	0.05331	0.00389	0.49802	0.00781	0.00378	0.00940
24	0.02655	0.03197	0.02473	0.02332	0.06286	0.44052	0.01726	0.02876	0.02002	0.02064	0.01243	0.01628	0.01091	0.01028	0.01345	0.00261	0.21758	0.00605	0.00408	0.00968
25	0.02314	0.03391	0.46206	0.02088	0.03132	0.01707	0.02488	0.03076	0.01950	0.22609	0.02052	0.02091	0.01368	0.00864	0.00804	0.00261	0.01064	0.00684	0.00564	0.01286
26	0.02710	0.28059	0.02998	0.01815	0.02334	0.41119	0.01489	0.02951	0.02085	0.02056	0.01307	0.01516	0.01120	0.00809	0.00663	0.00200	0.01225	0.00514	0.04039	0.00991
27	0.29007	0.09660	0.02015	0.01755	0.08798	0.12752	0.01256	0.06800	0.01922	0.02982	0.02598	0.02700	0.12686	0.01033	0.00697	0.00244	0.00829	0.00753	0.00541	0.00976
28	0.02422	0.02637	0.01966	0.01857	0.05050	0.33284	0.01335	0.10696	0.05223	0.02553	0.02919	0.03269	0.12949	0.08843	0.01195	0.00301	0.01086	0.00885	0.00571	0.00958
29	0.01236	0.01015	0.01110	0.01056	0.01346	0.00973	0.00801	0.01888	0.13297	0.02792	0.24498	0.06573	0.36728	0.01806	0.00957	0.00275	0.00455	0.01531	0.00828	0.00837
30	0.01666	0.04297	0.66500	0.02368	0.03596	0.01929	0.03069	0.02631	0.01754	0.02631	0.01491	0.01754	0.01052	0.00789	0.00789	0.00263	0.01228	0.00614	0.00351	0.01228
31	0.01666	0.04297	0.66500	0.02368	0.03596	0.01929	0.03069	0.02631	0.01754	0.02631	0.01491	0.01754	0.01052	0.00789	0.00789	0.00263	0.01228	0.00614	0.00351	0.01228
32	0.02056	0.01974	0.03372	0.05099	0.65622	0.01974	0.02550	0.02550	0.01892	0.02714	0.01563	0.02056	0.01316	0.00740	0.00822	0.00247	0.00987	0.00740	0.00411	0.01316
33	0.02196	0.02240	0.03236	0.04703	0.57172	0.10751	0.02423	0.02652	0.01954	0.02623	0.01525	0.01981	0.01283	0.00756	0.00813	0.00242	0.01055	0.00713	0.00413	0.01269
34	0.03158	0.02327	0.02493	0.01911	0.02576	0.02576	0.01579	0.62852	0.03906	0.05236	0.01995	0.01995	0.01413	0.00997	0.00831	0.00249	0.00914	0.00748	0.00831	0.01413
35	0.03075	0.02247	0.02404	0.01853	0.02493	0.02483	0.01527	0.59700	0.03794	0.05125	0.02032	0.02052	0.01450	0.00996	0.00818	0.00246	0.00887	0.00749	0.04691	0.01380
36	0.01087	0.00846	0.00987	0.00952	0.01186	0.00746	0.00714	0.01395	0.02141	0.02832	0.39084	0.07028	0.34250	0.01885	0.00981	0.00270	0.00405	0.01618	0.00849	0.00746
37	0.01012	0.00723	0.00964	0.01157	0.01205	0.00675	0.00771	0.01157	0.01591	0.02121	0.04579	0.70262	0.05495	0.02603	0.01060	0.00337	0.00482	0.02362	0.00771	0.00675
38	0.01188	0.00886	0.01313	0.01313	0.01454	0.01026	0.01011	0.01469	0.01329	0.01912	0.02245	0.03376	0.02126	0.09563	0.64246	0.01308	0.02152	0.00906	0.00448	0.00729
39	0.02032	0.01950	0.03329	0.08189	0.62717	0.01968	0.02538	0.02529	0.01880	0.02685	0.01558	0.02064	0.01306	0.00745	0.00823	0.00248	0.00993	0.00740	0.00409	0.01297
40	0.02634	0.33790	0.03329	0.02027	0.07059	0.30603	0.01592	0.05962	0.02103	0.02214	0.01284	0.01491	0.01104	0.00790	0.00662	0.00202	0.01158	0.00521	0.00415	0.01058
41	0.01127	0.00818	0.00883	0.00883	0.00984	0.00768	0.00549	0.01202	0.01455	0.01839	0.04706	0.06358	0.25445	0.46062	0.03059	0.00616	0.00667	0.01404	0.00600	0.00575
42	0.02350	0.38275	0.05862	0.02461	0.17540	0.08965	0.01784	0.09263	0.02048	0.02531	0.01370	0.01610	0.01164	0.00766	0.00665	0.00209	0.00985	0.00563	0.00428	0.01160
43	0.02074	0.31475	0.30817	0.01986	0.02920	0.02567	0.05224	0.09234	0.01975	0.02643	0.01418	0.01632	0.01108	0.00776	0.00698	0.00227	0.01063	0.00578	0.00409	0.01176
44	0.01208	0.00805	0.00906	0.00906	0.00906	0.00805	0.00503	0.01208	0.01208	0.01611	0.02618	0.05436	0.03020	0.70804	0.04228	0.00805	0.00805	0.01208	0.00503	0.00503
45	0.01082	0.00846	0.00981	0.00947	0.01184	0.00744	0.00710	0.01387	0.02131	0.02807	0.37826	0.07068	0.35523	0.01894	0.00981	0.00271	0.00406	0.01623	0.00846	0.00744
46	0.02149	0.01691	0.02026	0.18581	0.02939	0.05720	0.01521	0.19798	0.02424	0.07774	0.05702	0.14823	0.05383	0.01344	0.00970	0.00278	0.04048	0.01112	0.00673	0.01042
47	0.01087	0.00846	0.00987	0.00951	0.01186	0.00746	0.00714	0.01395	0.02141	0.02831	0.39060	0.07029	0.34275	0.01885	0.00981	0.00270	0.00405	0.01618	0.00849	0.00746
48	0.01012	0.00723	0.00964	0.01157	0.01205	0.00675	0.00771	0.01157	0.01591	0.02121	0.04579	0.70262	0.05495	0.02603	0.01060	0.00337	0.00482	0.02362	0.00771	0.00675
49	0.01168	0.00969	0.01215	0.01384	0.08297	0.00871	0.00897	0.01474	0.02053	0.02676	0.27503	0.06713	0.38127	0.01811	0.00964	0.00270	0.00473	0.01554	0.00782	0.00798
50	0.02660	0.03246	0.03162	0.02711	0.06918	0.41561	0.19912	0.03114	0.04436	0.02315	0.01495	0.01812	0.01195	0.00812	0.00826	0.00238	0.01408	0.00695	0.00440	0.01044
51	0.00982	0.00842	0.00842	0.00842	0.01122	0.00701	0.00631	0.01192	0.01894	0.02244	0.08416	0.07995	0.65285	0.02104	0.00982	0.00281	0.00421	0.01753	0.00771	0.00701
52	0.01569	0.01477	0.02492	0.68808	0.05722	0.01846	0.02307	0.02123	0.01661	0.02123	0.01477	0.02215	0.01107	0.00831	0.00831	0.00277	0.01107	0.00738	0.00369	0.00923
53	0.02056	0.01974	0.03372	0.05099	0.65622	0.01974	0.02550	0.02550	0.01892	0.02714	0.01563	0.02056	0.01316	0.00740	0.00822	0.00247	0.00987	0.00740	0.00411	0.01316
54	0.01334	0.01092	0.01559	0.01475	0.01571	0.01355	0.01150	0.01567	0.01305	0.01905	0.02014	0.03206	0.01970	0.13293	0.44644	0.01045	0.17439	0.00893	0.00434	0.00750
55	0.02068	0.52877	0.21444	0.01682	0.02535	0.02914	0.01875	0.02527	0.01706	0.02141	0.01247	0.01448	0.01062	0.00732	0.00604	0.00201	0.00982	0.00491	0.00354	0.01111
56	0.02361	0.02553	0.03075	0.04236	0.47233	0.21075	0.02274	0.02773	0.02027	0.02515	0.01481	0.01893	0.01244	0.00774	0.00801	0.00237	0.01136	0.00680	0.00416	0.01213
57	0.01809	0.02513	0.24923	0.01797	0.02426	0.06339	0.01803	0.02716	0.14520	0.07121	0.02889	0.22066	0.02723	0.01409	0.00880	0.00285	0.00877	0.01200	0.00628	0.01078
58	0.01057	0.00758	0.00934	0.01055	0.01121	0.00710	0.00687	0.01174	0.01534	0.02010	0.04572	0.46430	0.12344	0.19437	0.01835	0.00446	0.00554	0.02000	0.00705	0.00636
59	0.02056	0.01974	0.03372	0.05099	0.65622	0.01974	0.02550	0.02550	0.01892	0.02714	0.01563	0.02056	0.01316	0.00740	0.00822	0.00247	0.00987	0.00740	0.00411	0.01316
60	0.02056	0.01974	0.03372	0.05099	0.65622	0.01974	0.02550	0.02550	0.01892	0.02714	0.01563	0.02056	0.01316	0.00740	0.00822	0.00247	0.00987	0.00740	0.00411	0.01316
61	0.01116	0.00906	0.01185	0.01475	0.08299	0.00828	0.00916	0.01324	0.01737	0.02232	0.05679	0.39452	0.27373	0.02210	0.01005	0.00306	0.00515	0.01955	0.00731	0.00756
62	0.02106	0.02088	0.02723	0.03688	0.39541	0.11759	0.02023	0.02738	0.08783	0.02639	0.01844	0.02257	0.01529	0.01340	0.07215	0.00348	0.01116	0.00747	0.04336	0.01179
63	0.15451	0.04600	0.01485	0.01179	0.01598	0.01266	0.00945	0.05138	0.02093	0.18334	0.17370	0.07691	0.16817	0.01422	0.00837	0.00263	0.00572	0.01163	0.00801	0.00977
64	0.06353	0.14467	0.02682	0.05435	0.11903	0.32978	0.01646	0.02887	0.05233	0.02293	0.01615	0.05843	0.01444	0.00929	0.00739	0.00229	0.01151	0.00687	0.00457	0.01029
65	0.01790	0.01822	0.05763	0.11247	0.44425	0.01727	0.02200	0.02260	0.01860	0.02560	0.02790	0.03135	0.12862	0.00999	0.00851	0.00257	0.00909	0.00917	0.00469	0.01157
66	0.02575	0.09646	0.09563	0.06930	0.02792	0.28191	0.01815	0.10667	0.02205	0.04801	0.01441	0.01726	0.01154	0.00953	0.01067	0.00250	0.12070	0.00619	0.00472	0.01065
67	0.33504	0.14585	0.05784	0.01809	0.08155	0.02316	0.01439	0.17747	0.02157	0.03633	0.01425	0.01598	0.01107	0.00815	0.00642	0.00240	0.00820	0.00561	0.00547	0.01117
68	0.02617	0.01803	0.01977	0.01594	0.02119	0.01926	0.01300	0.39405	0.03105	0.07483	0.02429	0.05856	0.01960	0.01129	0.00806	0.00246	0.00765	0.04424	0.14218	0.04836
69	0.05980	0.34790	0.31290	0.01855	0.02767	0.05929	0.02125	0.02591	0.01737	0.02349	0.01309	0.01527	0.01051	0.00756	0.00655	0.00221	0.01055	0.00523	0.00366	0.01123
70	0.01677	0.01124	0.01284	0.01142	0.01349	0.01139	0.00797	0.12588	0.02017	0.06067	0.15014	0.04956	0.06829	0.37465	0.02633	0.00543	0.00720	0.01190	0.00684	0.00781
71	0.03069	0.02303	0.05804	0.01862	0.02558	0.02341	0.01596	0.51078	0.03541	0.10982	0.02070	0.02051	0.01449	0.00972	0.00819	0.00245	0.00897	0.00738	0.00809	0.04818
72	0.02501	0.02245	0.06232	0.03677	0.38244	0.10607	0.02128	0.03045	0.05252	0.15011	0.01949	0.02169	0.01476	0.00834	0.00815	0.00247	0.00997	0.00735	0.00553	0.01283
73	0.01393	0.01235	0.01224	0.01155	0.01475	0.04415	0.00878	0.02169	0.17496	0.02735	0.17003	0.06127	0.36106	0.01725	0.00936	0.00274	0.00529	0.01444	0.00798	0.00882
74	0.01012	0.00723	0.00964	0.01157	0.01205	0.00675	0.00771	0.01157	0.01591	0.02121	0.04579	0.70262	0.05495	0.02603	0.01060	0.00337	0.00482	0.02362	0.00771	0.00675
75	0.01524	0.01542	0.03090	0.02422	0.02898	0.01445	0.34150	0.01969	0.01790	0.02412	0.03014	0.33544	0.03209	0.01576	0.01017	0.00306	0.00978	0.01616	0.00582	0.00915
76	0.01857	0.23669	0.43754	0.02292	0.07710	0.02329	0.02551	0.02583	0.01745	0.02440	0.01398	0.01653	0.01076	0.00763	0.00717	0.00237	0.01111	0.00574	0.00357	0.01187
77	0.01187	0.00890	0.01335	0.01335	0.01483	0.01038	0.01038	0.01483	0.01335	0.01928	0.02225	0.03264	0.02077	0.06231	0.67512	0.01335	0.02225	0.00890	0.00445	0.00742
78	0.01012	0.00723	0.00964	0.01157	0.01205	0.00675	0.00771	0.01157	0.01591	0.02121	0.04579	0.70262	0.05495	0.02603	0.01060	0.00337	0.00482	0.02362	0.00771	0.00675
79	0.02192	0.58474	0.03884	0.01469	0.02119	0.02977	0.01424	0.06822	0.01875	0.02254	0.01575	0.02270	0.01502	0.00907	0.00623	0.00206	0.00877	0.07057	0.00435	0.01058
80	0.01208	0.00805	0.00906	0.00906	0.00906	0.00805	0.00503	0.01208	0.01208	0.01611	0.02618	0.05436	0.03020	0.70804	0.04228	0.00805	0.00805	0.01208	0.00503	0.00503
81	0.01233	0.00958	0.01424	0.01397	0.01535	0.01149	0.01095	0.01521	0.01331	0.01934	0.02142	0.03158	0.02005	0.05881	0.62769	0.01264	0.07135	0.00878	0.00439	0.00754
82	0.01132	0.00822	0.01066	0.01060	0.01228	0.00757	0.00774	0.01462	0.02167	0.03020	0.49504	0.20052	0.10025	0.01912	0.00997	0.00279	0.00413	0.01699	0.00877	0.00757
83	0.20939	0.06239	0.02303	0.02133	0.11625	0.06825	0.01506	0.18567	0.05310	0.06471	0.01779	0.04422	0.01441	0.00977	0.00876	0.00258	0.05865	0.00712	0.00605	0.01149
84	0.02405	0.02734	0.02871	0.02548	0.07392	0.27455	0.13528	0.03112	0.13162	0.02459	0.01726	0.02024	0.01392	0.00965	0.01144	0.00266	0.12512	0.00741	0.00490	0.01074
85	0.01208	0.00805	0.00906	0.00906	0.00906	0.00805	0.00503	0.01208	0.01208	0.01611	0.02618	0.05436	0.03020	0.70804	0.04228	0.00805	0.00805	0.01208	0.00503	0.00503
86	0.76672	0.01607	0.01221	0.01092	0.01607	0.01864	0.00900	0.02442	0.01414	0.03727	0.01157	0.01350	0.00900	0.00771	0.00514	0.00257	0.00643	0.00450	0.00514	0.00900
87	0.01376	0.01168	0.01697	0.01588	0.01692	0.01489	0.01272	0.01638	0.01316	0.01950	0.01886	0.02831	0.01782	0.04801	0.48119	0.01044	0.22299	0.00841	0.00421	0.00792
88	0.02056	0.01974	0.03372	0.05099	0.65622	0.01974	0.02550	0.02550	0.01892	0.02714	0.01563	0.02056	0.01316	0.00740	0.00822	0.00247	0.00987	0.00740	0.00411	0.01316
89	0.01208	0.00805	0.00906	0.00906	0.00906	0.00805	0.00503	0.01208	0.01208	0.01611	0.02618	0.05436	0.03020	0.70804	0.04228	0.00805	0.00805	0.01208	0.00503	0.00503
90	0.01818	0.01818	0.02545	0.02181	0.02181	0.02545	0.01818	0.01999	0.01272	0.01999	0.01091	0.01818	0.01091	0.01454	0.02726	0.00364	0.69284	0.00727	0.00364	0.00909
91	0.02962	0.02229	0.02383	0.01872	0.02502	0.02485	0.01532	0.52353	0.14725	0.04919	0.02244	0.02193	0.01615	0.01021	0.00834	0.00255	0.00868	0.00782	0.00834	0.01395
92	0.01208	0.00805	0.00906	0.00906	0.00906	0.00805	0.00503	0.01208	0.01208	0.01611	0.02618	0.05436	0.03020	0.70804	0.04228	0.00805	0.00805	0.01208	0.00503	0.00503
93	0.00982	0.00842	0.00842	0.00842	0.01122	0.00701	0.00631	0.01192	0.01894	0.02244	0.08416	0.07995	0.65285	0.02104	0.00982	0.00281	0.00421	0.01753	0.00771	0.00701
94	0.01003	0.00758	0.00928	0.01065	0.01181	0.00683	0.00730	0.01167	0.01679	0.02157	0.05698	0.52102	0.22932	0.02457	0.01037	0.00321	0.00464	0.02184	0.00771	0.00683
95	0.01666	0.04297	0.66500	0.02368	0.03596	0.01929	0.03069	0.02631	0.01754	0.02631	0.01491	0.01754	0.01052	0.00789	0.00789	0.00263	0.01228	0.00614	0.00351	0.01228
96	0.01189	0.00881	0.01288	0.01288	0.01420	0.01013	0.00979	0.01453	0.01321	0.01893	0.02269	0.03504	0.02181	0.13372	0.60513	0.01277	0.02068	0.00925	0.00451	0.00715
97	0.02003	0.01905	0.03165	0.11896	0.54351	0.01966	0.02432	0.02639	0.06422	0.02704	0.01686	0.02150	0.01382	0.00779	0.00825	0.00253	0.00976	0.00755	0.00438	0.01272
98	0.02747	0.03227	0.02399	0.09671	0.07489	0.45270	0.01719	0.06036	0.09029	0.02400	0.01587	0.01816	0.01268	0.00881	0.00778	0.00232	0.01299	0.00626	0.00485	0.01044
99	0.27968	0.22912	0.05724	0.01521	0.02135	0.02512	0.01385	0.17311	0.02118	0.03407	0.01375	0.01551	0.01095	0.00851	0.00746	0.00238	0.04985	0.00546	0.00527	0.01093
100	0.01835	0.13898	0.02192	0.01531	0.01915	0.01706	0.04341	0.16029	0.02289	0.03022	0.09892	0.24630	0.03705	0.01655	0.00908	0.00282	0.00725	0.07776	0.00707	0.00963
101	0.01855	0.01921	0.14322	0.01636	0.04457	0.01455	0.01470	0.13152	0.05403	0.07903	0.19745	0.04380	0.16124	0.01363	0.00893	0.00264	0.00715	0.01138	0.00746	0.01060
102	0.02140	0.14899	0.02724	0.02637	0.21644	0.14893	0.01659	0.04798	0.07951	0.02520	0.02853	0.02978	0.12835	0.01049	0.00786	0.00237	0.00934	0.00847	0.00526	0.01094
103	0.08019	0.34996	0.03097	0.01636	0.02172	0.27748	0.01386	0.02710	0.01889	0.02091	0.01312	0.01698	0.01198	0.05903	0.00885	0.00244	0.01099	0.00536	0.00406	0.00973
104	0.02221	0.71304	0.04353	0.01421	0.02132	0.03287	0.01421	0.02488	0.01688	0.01955	0.01155	0.01333	0.01066	0.00711	0.00533	0.00178	0.00888	0.00444	0.00355	0.01066
105	0.01226	0.00981	0.01165	0.01079	0.01400	0.00818	0.00796	0.01489	0.01825	0.02507	0.14349	0.25325	0.19894	0.01784	0.00905	0.00252	0.00489	0.01554	0.00717	0.21444
106	0.02799	0.03105	0.02681	0.02990	0.21444	0.37539	0.01884	0.12560	0.02463	0.02747	0.01481	0.01744	0.01198	0.00844	0.00784	0.00229	0.01252	0.00630	0.00487	0.01140
107	0.02923	0.03632	0.02476	0.02469	0.09523	0.56959	0.01720	0.03166	0.02249	0.02107	0.01305	0.01576	0.01098	0.00873	0.00857	0.00225	0.04852	0.00567	0.00423	0.00999
108	0.01607	0.01094	0.01338	0.01229	0.01362	0.01320	0.00979	0.01927	0.01577	0.02697	0.02196	0.02724	0.01815	0.01433	0.05292	0.00314	0.21123	0.00767	0.48391	0.00813
109	0.01187	0.00890	0.01335	0.01335	0.01483	0.01038	0.01038	0.01483	0.01335	0.01928	0.02225	0.03264	0.02077	0.06231	0.67512	0.01335	0.02225	0.00890	0.00445	0.00742
110	0.01758	0.00991	0.01223	0.01082	0.01423	0.00866	0.00841	0.02067	0.02193	0.19007	0.28917	0.05987	0.27050	0.01673	0.00944	0.00267	0.00483	0.01422	0.00892	0.00915
111	0.01033	0.00879	0.00894	0.00884	0.01168	0.00758	0.00665	0.01335	0.04348	0.02342	0.10822	0.07721	0.60197	0.02047	0.00976	0.00280	0.00429	0.01710	0.00781	0.00729
112	0.02716	0.09490	0.02875	0.02916	0.21403	0.29996	0.01866	0.13787	0.02433	0.02809	0.01484	0.01739	0.01205	0.00833	0.00765	0.00227	0.01181	0.00626	0.00489	0.01160
113	0.02046	0.09812	0.08102	0.04492	0.54059	0.02116	0.02463	0.02549	0.01859	0.02624	0.01512	0.01954	0.01269	0.00741	0.00788	0.00240	0.00994	0.00698	0.00401	0.01282
114	0.01010	0.00732	0.00955	0.01134	0.01199	0.00677	0.00761	0.01159	0.01613	0.02130	0.04860	0.65703	0.09872	0.02566	0.01055	0.00333	0.00477	0.02317	0.00771	0.00677
115	0.02077	0.01658	0.02037	0.13945	0.08705	0.01871	0.01523	0.13882	0.24597	0.03406	0.02492	0.02642	0.01886	0.00984	0.00789	0.00255	0.00766	0.00819	0.14504	0.01162
116	0.02056	0.01974	0.03372	0.05099	0.65622	0.01974	0.02550	0.02550	0.01892	0.02714	0.01563	0.02056	0.01316	0.00740	0.00822	0.00247	0.00987	0.00740	0.00411	0.01316
117	0.02742	0.02755	0.02136	0.01852	0.02328	0.29900	0.01437	0.18919	0.16227	0.03284	0.02064	0.02130	0.01581	0.00963	0.00775	0.00236	0.01056	0.00702	0.07773	0.01139
118	0.02280	0.57231	0.03960	0.01573	0.02185	0.10315	0.01480	0.02533	0.01722	0.01967	0.01163	0.01397	0.01069	0.00798	0.00766	0.00199	0.07476	0.00481	0.00364	0.01040
119	0.00982	0.00842	0.00842	0.00842	0.01122	0.00701	0.00631	0.01192	0.01894	0.02244	0.08416	0.07995	0.65285	0.02104	0.00982	0.00281	0.00421	0.01753	0.00771	0.00701
120	0.01688	0.04147	0.61990	0.02451	0.03650	0.01942	0.07428	0.02633	0.01769	0.02633	0.01505	0.01790	0.01068	0.00783	0.00803	0.00264	0.01240	0.00641	0.00356	0.01220
121	0.02382	0.02383	0.03186	0.06406	0.35884	0.13429	0.08634	0.12171	0.02287	0.02964	0.01592	0.01976	0.01274	0.00800	0.00828	0.00246	0.01113	0.00731	0.00480	0.01234
122	0.01086	0.00841	0.00988	0.00961	0.01188	0.00744	0.00717	0.01389	0.02124	0.02814	0.38284	0.09397	0.32659	0.01908	0.00984	0.00272	0.00408	0.01644	0.00847	0.00744
123	0.02088	0.01057	0.01419	0.01225	0.01580	0.00966	0.00963	0.02437	0.02231	0.25775	0.33705	0.04734	0.07366	0.01974	0.08286	0.00379	0.00709	0.01204	0.00898	0.01003
124	0.02268	0.02417	0.02937	0.07079	0.42167	0.19320	0.02213	0.02683	0.02005	0.02491	0.01657	0.02360	0.01451	0.00870	0.00823	0.00248	0.01115	0.04290	0.00435	0.01170
125	0.02915	0.03603	0.02537	0.02672	0.13897	0.55702	0.01775	0.03179	0.02271	0.02156	0.01334	0.01598	0.01114	0.00835	0.00762	0.00220	0.01406	0.00572	0.00425	0.01026
126	0.08121	0.03096	0.19978	0.02016	0.02784	0.13469	0.01944	0.31664	0.02866	0.03860	0.01673	0.01796	0.01217	0.00899	0.00782	0.00248	0.01081	0.00653	0.00607	0.01247
127	0.01187	0.00890	0.01335	0.01335	0.01483	0.01038	0.01038	0.01483	0.01335	0.01928	0.02225	0.03264	0.02077	0.06231	0.67512	0.01335	0.02225	0.00890	0.00445	0.00742
128	0.03328	0.02054	0.02324	0.01782	0.02440	0.02171	0.01472	0.45250	0.03448	0.23484	0.02379	0.02244	0.01605	0.01007	0.00832	0.00252	0.00852	0.00774	0.00890	0.01413
129	0.01569	0.01477	0.02492	0.68808	0.05722	0.01846	0.02307	0.02123	0.01661	0.02123	0.01477	0.02215	0.01107	0.00831	0.00831	0.00277	0.01107	0.00738	0.00369	0.00923
130	0.01108	0.00847	0.01017	0.00974	0.01200	0.00755	0.00731	0.01437	0.02192	0.02953	0.45416	0.06829	0.27842	0.01840	0.00981	0.00268	0.00402	0.01590	0.00865	0.00755
131	0.01130	0.00807	0.01099	0.01291	0.01391	0.00776	0.00976	0.01360	0.01706	0.02252	0.04514	0.48333	0.05238	0.02492	0.01092	0.00354	0.00584	0.23131	0.00769	0.00707
132	0.01201	0.00833	0.01046	0.01046	0.01095	0.00881	0.00678	0.01298	0.01250	0.01714	0.02489	0.04727	0.02712	0.49727	0.24885	0.00978	0.01269	0.01104	0.00484	0.00581
133	0.01744	0.01552	0.02542	0.10860	0.35984	0.01593	0.02087	0.02204	0.01874	0.02567	0.02574	0.04708	0.02541	0.01310	0.00940	0.00299	0.00920	0.22093	0.00534	0.01074
134	0.01205	0.00884	0.01307	0.01307	0.01458	0.01025	0.01015	0.01506	0.01356	0.01987	0.02250	0.03255	0.02079	0.05966	0.64145	0.01278	0.02133	0.00884	0.04217	0.00743
135	0.06748	0.67067	0.04163	0.01401	0.02100	0.03201	0.01390	0.02485	0.01671	0.02062	0.01155	0.01334	0.01056	0.00714	0.00532	0.00183	0.00873	0.00445	0.00365	0.01056
136	0.13796	0.02177	0.02308	0.05347	0.02602	0.02433	0.01519	0.50814	0.03423	0.04850	0.01845	0.01912	0.01322	0.00955	0.00785	0.00252	0.00885	0.00704	0.00760	0.01312
137	0.01299	0.00899	0.01020	0.00959	0.01251	0.00774	0.00730	0.01571	0.02067	0.08695	0.23612	0.07003	0.43327	0.01888	0.00967	0.00273	0.00440	0.01596	0.00836	0.00793
138	0.02056	0.01974	0.03372	0.05099	0.65622	0.01974	0.02550	0.02550	0.01892	0.02714	0.01563	0.02056	0.01316	0.00740	0.00822	0.00247	0.00987	0.00740	0.00411	0.01316
139	0.01368	0.01097	0.01322	0.01306	0.01471	0.05859	0.00997	0.01651	0.01447	0.02046	0.02234	0.03248	0.02066	0.09181	0.51374	0.01095	0.01882	0.00871	0.08739	0.00747
140	0.01042	0.00746	0.00990	0.01137	0.01211	0.00694	0.00773	0.01231	0.01727	0.02338	0.15467	0.58753	0.05916	0.02440	0.01046	0.00324	0.00466	0.02207	0.00797	0.00694
141	0.01011	0.00729	0.00958	0.01140	0.01201	0.00676	0.00764	0.01159	0.01606	0.02127	0.04777	0.67040	0.08589	0.02577	0.01056	0.00334	0.00479	0.02330	0.00771	0.00676
142	0.01256	0.00990	0.01446	0.01398	0.01535	0.01179	0.01098	0.01551	0.01440	0.02092	0.09061	0.03427	0.02603	0.05193	0.52877	0.01107	0.09555	0.00939	0.00488	0.00765
143	0.01187	0.00890	0.01335	0.01335	0.01483	0.01038	0.01038	0.01483	0.01335	0.01928	0.02225	0.03264	0.02077	0.06231	0.67512	0.01335	0.02225	0.00890	0.00445	0.00742
144	0.00992	0.00842	0.00856	0.00852	0.01128	0.00706	0.00639	0.01212	0.01918	0.02302	0.11433	0.07900	0.62232	0.02082	0.00982	0.00280	0.00419	0.01740	0.00779	0.00706
145	0.02056	0.01974	0.03372	0.05099	0.65622	0.01974	0.02550	0.02550	0.01892	0.02714	0.01563	0.02056	0.01316	0.00740	0.00822	0.00247	0.00987	0.00740	0.00411	0.01316
146	0.01995	0.01911	0.03261	0.13149	0.58053	0.01958	0.02519	0.02496	0.01862	0.02639	0.01552	0.02076	0.01290	0.00752	0.00823	0.00251	0.01002	0.00740	0.00406	0.01266
147	0.01910	0.01880	0.02586	0.12280	0.02833	0.05683	0.05508	0.05185	0.01583	0.02273	0.01315	0.01955	0.01166	0.01238	0.02037	0.00324	0.44726	0.00737	0.03836	0.00946
148	0.01504	0.01284	0.01333	0.01245	0.01601	0.01350	0.00947	0.02712	0.31190	0.02795	0.05772	0.05568	0.32805	0.04850	0.01069	0.00306	0.00550	0.01344	0.00794	0.00981
149	0.01706	0.01183	0.04238	0.01245	0.01585	0.01010	0.00990	0.02199	0.08898	0.15311	0.07296	0.26266	0.21039	0.01864	0.00954	0.00293	0.00561	0.01613	0.00817	0.00933
150	0.01764	0.01503	0.02271	0.02511	0.17758	0.01503	0.08298	0.12843	0.02148	0.02901	0.03319	0.28801	0.07622	0.01600	0.00945	0.00288	0.00784	0.01468	0.00653	0.01019
151	0.01167	0.00821	0.00915	0.00925	0.00994	0.00791	0.00574	0.01231	0.01390	0.01790	0.03941	0.06183	0.16334	0.52679	0.03380	0.00672	0.00722	0.04359	0.00574	0.00559
152	0.06417	0.14259	0.21738	0.12305	0.03472	0.02193	0.12981	0.02787	0.10962	0.02637	0.01725	0.02015	0.01310	0.00815	0.00778	0.00256	0.01064	0.00708	0.00450	0.01128
153	0.02109	0.03104	0.25403	0.02393	0.09770	0.13848	0.02136	0.03367	0.23595	0.02826	0.02120	0.02210	0.01601	0.00914	0.00805	0.00259	0.01051	0.00727	0.00544	0.01220
154	0.01121	0.00826	0.00920	0.00908	0.01045	0.00764	0.00600	0.01267	0.01662	0.02150	0.16033	0.06497	0.26317	0.33551	0.02471	0.00518	0.00592	0.01458	0.00674	0.00625
155	0.03066	0.07259	0.02484	0.02063	0.02546	0.52936	0.01591	0.13477	0.02585	0.02578	0.01399	0.01574	0.01129	0.00873	0.00752	0.00218	0.01366	0.00567	0.00493	0.01046
156	0.01951	0.02378	0.21002	0.01655	0.02336	0.05519	0.01652	0.02888	0.14667	0.07499	0.02324	0.04742	0.01808	0.00951	0.00748	0.00233	0.00822	0.00765	0.14029	0.12031
157	0.06466	0.02498	0.02411	0.02046	0.02350	0.19691	0.01654	0.17354	0.02214	0.02897	0.01368	0.01752	0.01154	0.01147	0.01619	0.00290	0.30872	0.00667	0.00504	0.01047
158	0.01281	0.00878	0.00974	0.00947	0.00998	0.00879	0.00562	0.04034	0.01382	0.01823	0.03013	0.05466	0.07505	0.62574	0.03835	0.00741	0.00782	0.01227	0.00538	0.00560
159	0.01574	0.01449	0.02544	0.02593	0.16000	0.01387	0.16248	0.02050	0.02050	0.02816	0.21566	0.05028	0.07772	0.01382	0.00976	0.00286	0.00835	0.11822	0.00650	0.00972
160	0.02166	0.02201	0.03281	0.04448	0.50304	0.09233	0.06767	0.02756	0.05731	0.02681	0.01651	0.02071	0.01359	0.00774	0.00827	0.00248	0.01054	0.00747	0.00440	0.01263
161	0.01012	0.00723	0.00964	0.01157	0.01205	0.00675	0.00771	0.01157	0.01591	0.02121	0.04579	0.70262	0.05495	0.02603	0.01060	0.00337	0.00482	0.02362	0.00771	0.00675
162	0.01012	0.00723	0.00964	0.01157	0.01205	0.00675	0.00771	0.01157	0.01591	0.02121	0.04579	0.70262	0.05495	0.02603	0.01060	0.00337	0.00482	0.02362	0.00771	0.00675
163	0.01582	0.01215	0.01393	0.01324	0.01653	0.01226	0.01080	0.12788	0.06867	0.03060	0.11536	0.06778	0.25092	0.01847	0.00994	0.00304	0.00627	0.18931	0.00800	0.00903
164	0.02606	0.02412	0.02736	0.07918	0.24124	0.13953	0.01953	0.24464	0.05702	0.03493	0.01750	0.01996	0.01351	0.00879	0.00814	0.00246	0.01045	0.00716	0.00583	0.01259
165	0.01187	0.00890	0.01335	0.01335	0.01483	0.01038	0.01038	0.01483	0.01335	0.01928	0.02225	0.03264	0.02077	0.06231	0.67512	0.01335	0.02225	0.00890	0.00445	0.00742
166	0.01012	0.00723	0.00964	0.01157	0.01205	0.00675	0.00771	0.01157	0.01591	0.02121	0.04579	0.70262	0.05495	0.02603	0.01060	0.00337	0.00482	0.02362	0.00771	0.00675
167	0.01758	0.01593	0.01951	0.21828	0.06772	0.08789	0.01528	0.07743	0.01802	0.02304	0.01905	0.02950	0.01735	0.14789	0.18386	0.00629	0.01355	0.00840	0.00466	0.00876
168	0.01136	0.00843	0.01031	0.00986	0.01183	0.00767	0.00723	0.01450	0.02140	0.02925	0.46551	0.06531	0.20198	0.08377	0.01290	0.00317	0.00438	0.01530	0.00843	0.00739
169	0.02989	0.02187	0.02356	0.01851	0.02480	0.02421	0.01515	0.49599	0.14653	0.07774	0.02304	0.02232	0.01645	0.01022	0.00834	0.00256	0.00858	0.00786	0.00843	0.01395
170	0.01036	0.00742	0.00986	0.01140	0.01210	0.00691	0.00773	0.01217	0.01703	0.02300	0.13535	0.60796	0.05841	0.02469	0.01048	0.00326	0.00469	0.02235	0.00792	0.00691
171	0.03103	0.03959	0.02354	0.02140	0.02568	0.67469	0.01605	0.03317	0.02354	0.02033	0.01284	0.01498	0.01070	0.00856	0.00749	0.00214	0.01498	0.00535	0.00428	0.00963
172	0.01723	0.01477	0.01723	0.01230	0.01969	0.01107	0.00984	0.02092	0.01723	0.02707	0.01477	0.01723	0.01230	0.00615	0.00615	0.00123	0.00615	0.00492	0.00492	0.75883
173	0.01012	0.00723	0.00964	0.01157	0.01205	0.00675	0.00771	0.01157	0.01591	0.02121	0.04579	0.70262	0.05495	0.02603	0.01060	0.00337	0.00482	0.02362	0.00771	0.00675
174	0.03058	0.07445	0.02458	0.02103	0.02546	0.64148	0.01596	0.03274	0.02320	0.02029	0.01277	0.01490	0.01070	0.00849	0.00738	0.00212	0.01467	0.00530	0.00424	0.00968
175	0.01042	0.00746	0.00990	0.01137	0.01211	0.00694	0.00773	0.01231	0.01727	0.02338	0.15467	0.58753	0.05916	0.02440	0.01046	0.00324	0.00466	0.02207	0.00797	0.00694
176	0.01003	0.00758	0.00927	0.01062	0.01180	0.00683	0.00729	0.01167	0.01681	0.02158	0.05727	0.51623	0.23393	0.02453	0.01037	0.00320	0.00464	0.02180	0.00771	0.00683
177	0.01718	0.01032	0.01164	0.01043	0.01423	0.00901	0.00813	0.02066	0.05225	0.18151	0.06883	0.06462	0.46383	0.01787	0.00939	0.00275	0.00504	0.01484	0.00839	0.00909
178	0.01391	0.01108	0.01397	0.01288	0.01288	0.01326	0.00897	0.01445	0.01227	0.01727	0.02160	0.04353	0.02443	0.50045	0.03779	0.00673	0.21304	0.01064	0.00462	0.00625
179	0.01169	0.00849	0.01101	0.01038	0.01237	0.00781	0.00778	0.01554	0.02335	0.03292	0.63128	0.06270	0.09919	0.01713	0.00980	0.00262	0.00393	0.01511	0.00909	0.00781
180	0.01187	0.00890	0.01335	0.01335	0.01483	0.01038	0.01038	0.01483	0.01335	0.01928	0.02225	0.03264	0.02077	0.06231	0.67512	0.01335	0.02225	0.00890	0.00445	0.00742
181	0.01022	0.00727	0.00961	0.01144	0.01190	0.00681	0.00758	0.01159	0.01571	0.02095	0.04480	0.67001	0.05370	0.06034	0.01220	0.00361	0.00498	0.02304	0.00758	0.00666
182	0.02321	0.02276	0.02939	0.11047	0.36270	0.12361	0.02190	0.11735	0.02212	0.02887	0.01550	0.01964	0.01257	0.00844	0.00911	0.00251	0.04594	0.00708	0.00470	0.01211
183	0.23739	0.05334	0.01216	0.01028	0.01355	0.01210	0.00799	0.01675	0.01727	0.02752	0.10524	0.16617	0.25888	0.01671	0.00828	0.00276	0.00524	0.01369	0.00683	0.00786
184	0.01352	0.01087	0.01388	0.01366	0.01550	0.04309	0.01058	0.01775	0.05223	0.02090	0.02276	0.03159	0.02059	0.05380	0.56664	0.01156	0.01997	0.00870	0.04453	0.00789

[dist]
# distance from previous block
# <min> <max>
0	2

[block]
# block no. 1 follows, 22 sequences, length 11
# corresponding to MSA columns:
# 187-197
name=unknown_B
#
# <colnr> <probs for GDERKNQSTAVLIFYWHMCP>
#	G	D	E	R	K	N	Q	S	T	A	V	L	I	F	Y	W	H	M	C	P
0	0.32697	0.05964	0.02074	0.13862	0.05944	0.22203	0.01483	0.02663	0.01788	0.02770	0.01274	0.01587	0.01020	0.00803	0.00661	0.00243	0.01021	0.00543	0.00448	0.00953
1	0.18876	0.10686	0.02135	0.01513	0.02066	0.05407	0.01252	0.10790	0.15425	0.16582	0.02246	0.02221	0.01649	0.01211	0.04201	0.00305	0.00852	0.00700	0.00704	0.01177
2	0.01739	0.01307	0.01985	0.05119	0.22859	0.01268	0.01525	0.02120	0.02000	0.09467	0.15640	0.10766	0.10553	0.01478	0.00935	0.00281	0.00708	0.08547	0.00691	0.01011
3	0.02461	0.02644	0.02098	0.01929	0.05738	0.30441	0.01405	0.05726	0.13334	0.02683	0.01832	0.01980	0.01459	0.00856	0.00734	0.00208	0.01030	0.00632	0.04771	0.18039
4	0.10709	0.13459	0.02355	0.01685	0.04419	0.11548	0.01336	0.24043	0.02585	0.03474	0.02492	0.02563	0.09249	0.01032	0.00738	0.00234	0.00872	0.00761	0.05344	0.01102
5	0.01605	0.01396	0.01996	0.02513	0.23105	0.01352	0.01466	0.02201	0.08809	0.02800	0.15169	0.10759	0.09666	0.01342	0.00884	0.00257	0.00675	0.03510	0.00653	0.09842
6	0.06202	0.16500	0.15957	0.01494	0.02077	0.05886	0.01480	0.02270	0.05468	0.02725	0.20533	0.03669	0.10177	0.01201	0.00796	0.00244	0.00778	0.00963	0.00603	0.00977
7	0.06729	0.02370	0.12662	0.02117	0.02727	0.09059	0.15714	0.13213	0.02146	0.02939	0.03964	0.02600	0.01729	0.09609	0.08364	0.00437	0.01234	0.00833	0.00519	0.01035
8	0.02521	0.09866	0.05747	0.04670	0.11388	0.13716	0.01613	0.10397	0.02311	0.13997	0.08703	0.04367	0.02178	0.00997	0.00794	0.00236	0.00934	0.00799	0.00632	0.04131
9	0.02135	0.10492	0.22769	0.02441	0.13315	0.08723	0.02088	0.13352	0.02264	0.02997	0.05922	0.02442	0.05601	0.00955	0.00794	0.00244	0.01018	0.00759	0.00517	0.01171
10	0.02192	0.25035	0.03262	0.02920	0.26841	0.09349	0.01817	0.02779	0.08742	0.02498	0.01670	0.01937	0.01392	0.00800	0.00706	0.00221	0.00935	0.00644	0.05098	0.01162

[dist]
# distance from previous block
# <min> <max>
4	27

[block]
# block no. 2 follows, 22 sequences, length 6
# corresponding to MSA columns:
# 225-230
name=unknown_C
#
# <colnr> <probs for GDERKNQSTAVLIFYWHMCP>
#	G	D	E	R	K	N	Q	S	T	A	V	L	I	F	Y	W	H	M	C	P
0	0.02345	0.02637	0.02703	0.03135	0.25353	0.28853	0.05978	0.02721	0.02159	0.02525	0.11382	0.02486	0.02228	0.00935	0.00827	0.00238	0.01133	0.00791	0.00497	0.01074
1	0.15000	0.02451	0.08814	0.01992	0.02594	0.15877	0.12573	0.02921	0.13381	0.02819	0.02237	0.04856	0.04760	0.00971	0.00788	0.00254	0.01007	0.00812	0.00545	0.05346
2	0.22325	0.01922	0.01522	0.01355	0.01783	0.16882	0.01057	0.05863	0.02073	0.09025	0.08786	0.03678	0.18120	0.01249	0.00778	0.00253	0.00787	0.00947	0.00662	0.00933
3	0.26457	0.01611	0.01634	0.06194	0.02094	0.01818	0.01168	0.15768	0.12674	0.03783	0.07669	0.02502	0.02079	0.00993	0.00712	0.00253	0.00683	0.00753	0.10097	0.01057
4	0.13767	0.05977	0.24142	0.02450	0.09038	0.09931	0.10109	0.07084	0.04824	0.02939	0.01554	0.01814	0.01178	0.00805	0.00764	0.00253	0.01105	0.00657	0.00458	0.01149
5	0.02594	0.16099	0.02618	0.01833	0.02295	0.31689	0.01483	0.12094	0.02315	0.02537	0.02107	0.02263	0.07927	0.01040	0.00936	0.00234	0.07711	0.00698	0.00507	0.01020

[dist]
# distance from previous block
# <min> <max>
6	74

[block]
# block no. 3 follows, 22 sequences, length 6
# corresponding to MSA columns:
# 313-318
name=unknown_D
#
# <colnr> <probs for GDERKNQSTAVLIFYWHMCP>
#	G	D	E	R	K	N	Q	S	T	A	V	L	I	F	Y	W	H	M	C	P
0	0.14340	0.08822	0.05196	0.01464	0.01960	0.01765	0.01278	0.13743	0.07299	0.07723	0.09005	0.06078	0.06987	0.01316	0.00826	0.00272	0.00727	0.09437	0.00713	0.01048
1	0.02052	0.01964	0.07008	0.02080	0.02570	0.01963	0.12957	0.18962	0.07864	0.03308	0.07066	0.12949	0.02526	0.01307	0.01187	0.00290	0.11094	0.01102	0.00649	0.01100
2	0.01786	0.01333	0.01683	0.01313	0.01843	0.01159	0.05091	0.06983	0.02052	0.06906	0.09575	0.03465	0.11848	0.01067	0.00760	0.00201	0.00614	0.00905	0.11113	0.30305
3	0.01334	0.01217	0.01176	0.01219	0.01457	0.08555	0.00947	0.01591	0.01943	0.02340	0.10198	0.16159	0.30543	0.02045	0.01006	0.00304	0.00637	0.15840	0.00740	0.00750
4	0.02193	0.02375	0.04879	0.07327	0.13051	0.20697	0.06306	0.08804	0.02182	0.02675	0.08192	0.02515	0.02015	0.01741	0.10991	0.00410	0.01303	0.00796	0.00512	0.01035
5	0.07221	0.25019	0.10311	0.01799	0.02391	0.29270	0.01622	0.02754	0.01921	0.02178	0.01342	0.01622	0.01145	0.01273	0.06591	0.00310	0.01282	0.00541	0.00403	0.01003

[dist]
# distance from previous block
# <min> <max>
0	2

[block]
# block no. 4 follows, 22 sequences, length 73
# corresponding to MSA columns:
# 321-393
name=unknown_E
#
# <colnr> <probs for GDERKNQSTAVLIFYWHMCP>
#	G	D	E	R	K	N	Q	S	T	A	V	L	I	F	Y	W	H	M	C	P
0	0.02050	0.02244	0.01886	0.01947	0.06698	0.27537	0.01373	0.02296	0.01969	0.02244	0.05782	0.20936	0.02973	0.01523	0.01022	0.00274	0.05880	0.06564	0.00573	0.04231
1	0.07936	0.07065	0.02282	0.09143	0.02624	0.22774	0.01473	0.07055	0.02012	0.02577	0.01372	0.01680	0.01130	0.00840	0.00880	0.00215	0.07359	0.00567	0.00464	0.20551
2	0.01634	0.01673	0.07949	0.02579	0.22186	0.01469	0.01666	0.02392	0.11422	0.02950	0.21087	0.04362	0.08390	0.01295	0.00904	0.00270	0.00728	0.05306	0.00670	0.01067
3	0.07862	0.02327	0.01842	0.07762	0.02328	0.27904	0.01316	0.05650	0.02251	0.06932	0.15286	0.03336	0.09513	0.01174	0.00821	0.00245	0.00972	0.00909	0.00627	0.00943
4	0.02149	0.21295	0.26246	0.02523	0.11849	0.14489	0.05340	0.02711	0.01878	0.02356	0.01385	0.01664	0.01107	0.00770	0.00729	0.00230	0.01164	0.00592	0.00378	0.01143
5	0.01699	0.01434	0.01866	0.10789	0.10596	0.04840	0.01435	0.04165	0.04571	0.05239	0.05378	0.07821	0.09892	0.08028	0.08669	0.00449	0.06170	0.05455	0.00584	0.00918
6	0.01521	0.01200	0.01342	0.01142	0.01535	0.01072	0.00852	0.09091	0.01936	0.02634	0.04038	0.12420	0.19868	0.13268	0.01413	0.00325	0.00614	0.01222	0.00647	0.23858
7	0.02079	0.06674	0.25546	0.02297	0.09750	0.16013	0.02082	0.02730	0.04791	0.02532	0.01522	0.01766	0.01193	0.00773	0.00736	0.00217	0.01084	0.00591	0.00428	0.17195
8	0.05651	0.17813	0.02713	0.06854	0.18752	0.05478	0.01598	0.09986	0.02051	0.02911	0.01732	0.02055	0.01400	0.00828	0.00687	0.00220	0.00844	0.00656	0.16681	0.01089
9	0.06388	0.29936	0.03023	0.01593	0.02224	0.02682	0.01403	0.25448	0.10232	0.03522	0.01816	0.01880	0.01418	0.00885	0.00685	0.00222	0.00834	0.00635	0.03968	0.01206
10	0.07926	0.05601	0.11886	0.02007	0.02496	0.29032	0.01763	0.02853	0.06059	0.02365	0.01408	0.01706	0.01165	0.00971	0.01158	0.00256	0.15944	0.00604	0.00437	0.04363
11	0.01157	0.00784	0.00921	0.00972	0.00984	0.00771	0.00573	0.01195	0.01308	0.01744	0.03130	0.22359	0.03666	0.53000	0.03401	0.00683	0.00721	0.01509	0.00573	0.00548
12	0.01208	0.00805	0.00906	0.00906	0.00906	0.00805	0.00503	0.01208	0.01208	0.01611	0.02618	0.05436	0.03020	0.70804	0.04228	0.00805	0.00805	0.01208	0.00503	0.00503
13	0.01549	0.00774	0.00774	0.00774	0.00968	0.00774	0.00581	0.01936	0.01742	0.03097	0.02710	0.03097	0.02129	0.00968	0.00581	0.00194	0.00387	0.00774	0.75416	0.00774
14	0.02912	0.18529	0.02787	0.01985	0.02474	0.53584	0.01565	0.03138	0.02210	0.02016	0.01256	0.01462	0.01069	0.00825	0.00702	0.00206	0.01366	0.00515	0.00412	0.00985
15	0.01812	0.21859	0.50212	0.02120	0.03212	0.02285	0.02637	0.02593	0.01737	0.02454	0.01403	0.01644	0.01056	0.00769	0.00722	0.00241	0.01139	0.00569	0.00352	0.01185
16	0.01018	0.00758	0.00948	0.01080	0.01190	0.00689	0.00742	0.01195	0.01713	0.02238	0.09922	0.52021	0.18604	0.02427	0.01037	0.00319	0.00462	0.02166	0.00782	0.00689
17	0.01312	0.00835	0.01067	0.01067	0.01203	0.00906	0.00785	0.01584	0.01448	0.02262	0.02461	0.03612	0.02270	0.16475	0.33282	0.00854	0.01344	0.00910	0.25614	0.00708
18	0.02179	0.01623	0.02512	0.01972	0.02436	0.01639	0.17148	0.16604	0.05417	0.08773	0.02217	0.07623	0.01909	0.06149	0.01639	0.16655	0.00928	0.00972	0.00614	0.00988
19	0.01204	0.00821	0.00986	0.00986	0.01013	0.00849	0.00603	0.01259	0.01232	0.01670	0.02545	0.05032	0.02845	0.58794	0.15999	0.00904	0.01069	0.01149	0.00493	0.00548
20	0.01102	0.00848	0.01017	0.01044	0.01258	0.00763	0.00801	0.01392	0.02017	0.02631	0.26468	0.14276	0.30765	0.02049	0.01014	0.00295	0.00468	0.10238	0.00818	0.00735
21	0.01532	0.00780	0.00800	0.00800	0.00992	0.00787	0.00602	0.01915	0.01723	0.03043	0.02688	0.03105	0.02127	0.01211	0.03675	0.00246	0.00472	0.00780	0.71950	0.00773
22	0.02514	0.01493	0.01722	0.01427	0.01856	0.01532	0.01097	0.16871	0.12214	0.21452	0.03086	0.03643	0.05522	0.19760	0.01751	0.00407	0.00759	0.00979	0.00800	0.01117
23	0.01191	0.00872	0.01242	0.01242	0.01359	0.00988	0.00923	0.01424	0.01308	0.01860	0.02310	0.03734	0.02281	0.20201	0.53821	0.01221	0.01918	0.00959	0.00458	0.00690
24	0.71770	0.01594	0.01269	0.01118	0.01641	0.01820	0.00921	0.02550	0.01479	0.07926	0.01299	0.01449	0.00977	0.00788	0.00536	0.00257	0.00647	0.00476	0.00549	0.00934
25	0.01812	0.21911	0.50164	0.02119	0.03211	0.02286	0.02636	0.02593	0.01737	0.02453	0.01403	0.01643	0.01056	0.00769	0.00722	0.00241	0.01139	0.00569	0.00352	0.01185
26	0.01234	0.00959	0.01425	0.01398	0.01535	0.01151	0.01096	0.01522	0.01330	0.01934	0.02141	0.03156	0.02003	0.05875	0.62687	0.01263	0.07219	0.00878	0.00439	0.00754
27	0.00982	0.00842	0.00842	0.00842	0.01122	0.00701	0.00631	0.01192	0.01894	0.02244	0.08416	0.07995	0.65285	0.02104	0.00982	0.00281	0.00421	0.01753	0.00771	0.00701
28	0.01175	0.00963	0.01062	0.01079	0.01357	0.00898	0.00853	0.01649	0.08332	0.02469	0.09614	0.07691	0.43890	0.02024	0.01002	0.00301	0.00514	0.13562	0.00784	0.00781
