[name]
unknown

[dist]
# distance from previous block
# <min> <max>
0	1

[block]
# block no. 0 follows, 22 sequences, length 10
# corresponding to MSA columns:
# 1-10
name=unknown_A
#
# <colnr> <probs for GDERKNQSTAVLIFYWHMCP>
#	G	D	E	R	K	N	Q	S	T	A	V	L	I	F	Y	W	H	M	C	P
0	0.01339	0.00956	0.01339	0.01530	0.01721	0.00956	0.01339	0.01721	0.01912	0.02486	0.04399	0.09371	0.04781	0.02295	0.01147	0.00382	0.00765	0.60031	0.00765	0.00765
1	0.01932	0.01847	0.02466	0.17274	0.24352	0.07459	0.01937	0.02808	0.15605	0.02721	0.06415	0.03082	0.02209	0.01032	0.00857	0.00269	0.00928	0.05122	0.00559	0.01125
2	0.01896	0.01904	0.02443	0.13852	0.28496	0.12029	0.01876	0.02318	0.02029	0.02622	0.15846	0.03204	0.05889	0.01052	0.00855	0.00251	0.00928	0.00926	0.00536	0.01048
3	0.01076	0.00817	0.00946	0.00962	0.01135	0.00735	0.00677	0.01290	0.01855	0.02416	0.22157	0.18090	0.29327	0.12993	0.01511	0.00369	0.00485	0.01706	0.00767	0.00687
4	0.01405	0.01193	0.01509	0.16402	0.02402	0.01277	0.01203	0.06932	0.05474	0.02516	0.05124	0.14709	0.30148	0.01710	0.01017	0.00289	0.03731	0.01434	0.00672	0.00853
5	0.02520	0.02651	0.02513	0.02749	0.19442	0.28592	0.01751	0.02840	0.02031	0.06651	0.01508	0.01804	0.01231	0.00850	0.00928	0.00224	0.07177	0.00621	0.00469	0.13450
6	0.01082	0.00782	0.00951	0.01034	0.01116	0.00748	0.00681	0.01203	0.01503	0.01966	0.04458	0.33710	0.15003	0.24508	0.06931	0.00550	0.00702	0.01779	0.00662	0.00630
7	0.01626	0.01054	0.01200	0.01140	0.01352	0.01104	0.00838	0.12356	0.01969	0.02918	0.02929	0.18071	0.02867	0.11899	0.08639	0.00449	0.00764	0.01195	0.26808	0.00823
8	0.02310	0.01552	0.01713	0.01436	0.01879	0.04724	0.01147	0.20077	0.02576	0.15579	0.10744	0.04040	0.15691	0.02040	0.10218	0.00409	0.00924	0.01070	0.00792	0.01077
9	0.01576	0.01131	0.01327	0.01262	0.01464	0.01160	0.00902	0.15566	0.02151	0.02901	0.11938	0.31428	0.04332	0.16939	0.01685	0.00408	0.00640	0.01617	0.00747	0.00824

[dist]
# distance from previous block
# <min> <max>
14	17

[block]
# block no. 1 follows, 22 sequences, length 10
# corresponding to MSA columns:
# 29-38
name=unknown_B
#
# <colnr> <probs for GDERKNQSTAVLIFYWHMCP>
#	G	D	E	R	K	N	Q	S	T	A	V	L	I	F	Y	W	H	M	C	P
0	0.09920	0.02612	0.13329	0.03115	0.26143	0.08603	0.02123	0.18355	0.02392	0.03393	0.01595	0.01863	0.01231	0.00830	0.00781	0.00248	0.01024	0.00672	0.00523	0.01249
1	0.15518	0.01729	0.01476	0.01372	0.01699	0.15691	0.01021	0.02314	0.01875	0.10720	0.08910	0.19428	0.03119	0.07571	0.01122	0.00312	0.00788	0.01165	0.00663	0.03508
2	0.01911	0.01778	0.02875	0.04184	0.49842	0.01801	0.02169	0.02552	0.08455	0.02712	0.02179	0.11743	0.02032	0.01043	0.00858	0.00263	0.00881	0.00989	0.00508	0.01226
3	0.01676	0.02091	0.10892	0.08891	0.03028	0.08494	0.20059	0.02141	0.01827	0.02316	0.03081	0.10796	0.12138	0.07392	0.01213	0.00324	0.01047	0.01158	0.00510	0.00926
4	0.01690	0.00972	0.01225	0.01091	0.01406	0.00860	0.00843	0.02023	0.02247	0.16899	0.37888	0.05894	0.20407	0.01649	0.00949	0.00265	0.00468	0.01416	0.00905	0.00903
5	0.09432	0.01800	0.02023	0.02406	0.18989	0.08873	0.01484	0.02725	0.16924	0.02768	0.03282	0.03403	0.13671	0.01594	0.06731	0.00356	0.00932	0.00941	0.00600	0.01068
6	0.01152	0.00858	0.01129	0.01088	0.01284	0.00835	0.00825	0.01495	0.02038	0.02835	0.41803	0.05728	0.14370	0.02872	0.17384	0.00529	0.00848	0.01386	0.00779	0.00762
7	0.01900	0.01813	0.01654	0.01513	0.01891	0.12324	0.01157	0.03193	0.32386	0.03048	0.17282	0.04152	0.11556	0.01334	0.00877	0.00266	0.00706	0.01102	0.00783	0.01061
8	0.01662	0.01634	0.01524	0.01471	0.01667	0.17383	0.01100	0.01896	0.01568	0.01908	0.02050	0.03144	0.01966	0.14297	0.41848	0.00982	0.01839	0.00849	0.00449	0.00762
9	0.02123	0.16933	0.02493	0.01969	0.10914	0.02041	0.01406	0.03239	0.26390	0.09520	0.03330	0.03220	0.10770	0.01107	0.00791	0.00251	0.00727	0.00905	0.00686	0.01185

[dist]
# distance from previous block
# <min> <max>
3	8

[block]
# block no. 2 follows, 22 sequences, length 32
# corresponding to MSA columns:
# 47-78
name=unknown_C
#
# <colnr> <probs for GDERKNQSTAVLIFYWHMCP>
#	G	D	E	R	K	N	Q	S	T	A	V	L	I	F	Y	W	H	M	C	P
0	0.01915	0.01851	0.03178	0.04184	0.46306	0.01832	0.09876	0.02498	0.04948	0.02747	0.05914	0.02803	0.06367	0.00909	0.00864	0.00256	0.00948	0.00898	0.00489	0.01215
1	0.03056	0.03354	0.02457	0.02251	0.06381	0.44236	0.01654	0.20954	0.02787	0.03026	0.01512	0.01679	0.01187	0.00891	0.00778	0.00226	0.01294	0.00611	0.00547	0.01118
2	0.01965	0.16062	0.43181	0.02369	0.07686	0.10003	0.02563	0.02681	0.01824	0.02445	0.01411	0.01670	0.01076	0.00780	0.00741	0.00241	0.01182	0.00583	0.00365	0.01174
3	0.01656	0.09763	0.01845	0.01674	0.06263	0.09333	0.01180	0.05835	0.01898	0.02371	0.03365	0.39079	0.03795	0.01898	0.00935	0.00295	0.00743	0.06557	0.00657	0.00859
4	0.02452	0.16618	0.14921	0.02619	0.15885	0.17076	0.02034	0.13686	0.02296	0.02854	0.01485	0.01720	0.01180	0.00816	0.00744	0.00229	0.01114	0.00613	0.00469	0.01188
5	0.02861	0.15434	0.02729	0.02186	0.08568	0.36865	0.01596	0.03255	0.05925	0.10587	0.01676	0.01794	0.01311	0.00858	0.00734	0.00220	0.01184	0.00603	0.00517	0.01096
6	0.01195	0.00807	0.00902	0.00902	0.00918	0.00799	0.00511	0.01207	0.01247	0.01647	0.02950	0.05583	0.06593	0.66863	0.04042	0.00775	0.00783	0.01239	0.00519	0.00515
7	0.01947	0.02336	0.07757	0.03449	0.04307	0.02093	0.59845	0.02660	0.01951	0.02660	0.01672	0.02218	0.01251	0.00704	0.00972	0.00279	0.01393	0.00963	0.00417	0.01125
8	0.01187	0.00890	0.01335	0.01335	0.01483	0.01038	0.01038	0.01483	0.01335	0.01928	0.02225	0.03264	0.02077	0.06231	0.67512	0.01335	0.02225	0.00890	0.00445	0.00742
9	0.01012	0.00843	0.00884	0.00873	0.01141	0.00714	0.00655	0.01251	0.01965	0.02414	0.17305	0.07715	0.56290	0.02040	0.00982	0.00278	0.00416	0.01714	0.00794	0.00714
10	0.01198	0.00846	0.01114	0.01114	0.01186	0.00918	0.00763	0.01342	0.01270	0.01765	0.02427	0.04383	0.02563	0.39505	0.34902	0.01062	0.01494	0.01054	0.00475	0.00619
11	0.01012	0.00775	0.00928	0.01032	0.01177	0.00692	0.00720	0.01197	0.01754	0.02247	0.10042	0.42848	0.27878	0.02357	0.01026	0.00311	0.00453	0.02078	0.00781	0.00692
12	0.02827	0.25030	0.02980	0.01915	0.02432	0.47389	0.01548	0.03058	0.02146	0.02009	0.01244	0.01446	0.01069	0.00811	0.00681	0.00203	0.01307	0.00507	0.00405	0.00995
13	0.06124	0.07361	0.39345	0.03093	0.22802	0.02019	0.02685	0.02586	0.01774	0.02680	0.01474	0.01800	0.01127	0.00768	0.00769	0.00253	0.01099	0.00634	0.00379	0.01227
14	0.03109	0.03784	0.02369	0.02116	0.02569	0.60483	0.01602	0.09727	0.02521	0.02378	0.01361	0.01552	0.01107	0.00871	0.00758	0.00218	0.01435	0.00558	0.00471	0.01011
15	0.01662	0.20843	0.29777	0.01796	0.02550	0.02007	0.02001	0.02234	0.01606	0.02233	0.01632	0.02116	0.01376	0.02471	0.21598	0.00576	0.01451	0.00656	0.00381	0.01033
16	0.01877	0.35124	0.16762	0.01678	0.02331	0.02464	0.01725	0.02414	0.05292	0.02187	0.01548	0.01912	0.01335	0.01809	0.12937	0.00426	0.06124	0.00611	0.00400	0.01045
17	0.02817	0.02644	0.02217	0.02050	0.06536	0.28553	0.01504	0.15993	0.06686	0.11007	0.02324	0.02405	0.05231	0.01309	0.04733	0.00304	0.01161	0.00752	0.00639	0.01135
18	0.01542	0.01367	0.01527	0.01352	0.01702	0.07509	0.01041	0.01834	0.01547	0.02161	0.01926	0.02754	0.01777	0.08251	0.35870	0.00812	0.01556	0.00752	0.00462	0.24257
19	0.01855	0.12817	0.14801	0.02046	0.06133	0.12706	0.05769	0.02300	0.01712	0.02179	0.01692	0.02251	0.01462	0.02772	0.25191	0.00635	0.01584	0.00708	0.00407	0.00980
20	0.01037	0.00844	0.00918	0.00899	0.01156	0.00725	0.00674	0.01298	0.02023	0.02551	0.24446	0.07490	0.49063	0.01989	0.00981	0.00275	0.00413	0.01682	0.00812	0.00725
21	0.02399	0.05564	0.02530	0.02659	0.19963	0.12638	0.01693	0.21442	0.02625	0.03392	0.09568	0.07334	0.02387	0.01089	0.00835	0.00247	0.00934	0.00904	0.00630	0.01166
22	0.03059	0.02350	0.02433	0.01902	0.02539	0.05359	0.01557	0.55085	0.09169	0.04940	0.02086	0.02071	0.01497	0.01003	0.00829	0.00251	0.00917	0.00756	0.00815	0.01385
23	0.02905	0.02074	0.02253	0.01766	0.02341	0.02267	0.01428	0.51804	0.03487	0.07418	0.02231	0.05651	0.01782	0.07295	0.01145	0.00303	0.00874	0.00871	0.00808	0.01296
24	0.02097	0.14614	0.28119	0.02076	0.02867	0.05938	0.07226	0.02679	0.01858	0.09994	0.05849	0.02139	0.01648	0.00933	0.00986	0.00257	0.08396	0.00709	0.00481	0.01134
25	0.01010	0.00819	0.00897	0.00927	0.01152	0.00706	0.00676	0.01229	0.01887	0.02346	0.14216	0.19960	0.46969	0.02155	0.00997	0.00289	0.00429	0.01843	0.00788	0.00706
26	0.58210	0.02087	0.01560	0.01516	0.05296	0.14694	0.01128	0.02619	0.01624	0.03341	0.01204	0.01417	0.00956	0.00786	0.00577	0.00248	0.00829	0.00482	0.00492	0.00935
27	0.02116	0.12487	0.38682	0.02375	0.07289	0.18244	0.02467	0.02776	0.01903	0.02404	0.01402	0.01658	0.01076	0.00793	0.00749	0.00239	0.01236	0.00582	0.00374	0.01148
28	0.01006	0.00820	0.00895	0.00949	0.01171	0.00708	0.00699	0.01210	0.01824	0.02227	0.07323	0.22583	0.48366	0.02230	0.01008	0.00299	0.00452	0.04762	0.00771	0.00698
29	0.02287	0.22698	0.17608	0.02672	0.17265	0.19326	0.02101	0.02749	0.01923	0.02303	0.01358	0.01638	0.01122	0.00773	0.00714	0.00222	0.01146	0.00574	0.00386	0.01134
30	0.01003	0.00811	0.00891	0.00937	0.01151	0.00700	0.00678	0.01208	0.01846	0.02285	0.11204	0.23969	0.46006	0.02206	0.01002	0.00294	0.00435	0.01894	0.00781	0.00700
31	0.19406	0.24189	0.19722	0.02298	0.14574	0.02347	0.01948	0.02526	0.01680	0.02691	0.01322	0.01586	0.01072	0.00751	0.00651	0.00232	0.00939	0.00547	0.00402	0.01118

[dist]
# distance from previous block
# <min> <max>
1	3

[block]
# block no. 3 follows, 22 sequences, length 66
# corresponding to MSA columns:
# 82-147
name=unknown_D
#
# <colnr> <probs for GDERKNQSTAVLIFYWHMCP>
#	G	D	E	R	K	N	Q	S	T	A	V	L	I	F	Y	W	H	M	C	P
0	0.02079	0.16016	0.38079	0.02353	0.07648	0.15187	0.02447	0.02736	0.01871	0.02398	0.01395	0.01650	0.01078	0.00785	0.00738	0.00237	0.01203	0.00577	0.00371	0.01153
1	0.00983	0.00836	0.00848	0.00857	0.01126	0.00700	0.00638	0.01190	0.01878	0.02238	0.08223	0.11121	0.62283	0.02129	0.00986	0.00283	0.00424	0.01784	0.00771	0.00700
2	0.01242	0.00972	0.01442	0.01410	0.01545	0.01171	0.01107	0.01529	0.01330	0.01935	0.02125	0.03136	0.01990	0.05809	0.61789	0.01249	0.08149	0.00876	0.00438	0.00756
3	0.01208	0.00805	0.00906	0.00906	0.00906	0.00805	0.00503	0.01208	0.01208	0.01611	0.02618	0.05436	0.03020	0.70804	0.04228	0.00805	0.00805	0.01208	0.00503	0.00503
4	0.01187	0.00890	0.01335	0.01335	0.01483	0.01038	0.01038	0.01483	0.01335	0.01928	0.02225	0.03264	0.02077	0.06231	0.67512	0.01335	0.02225	0.00890	0.00445	0.00742
5	0.02056	0.01974	0.03372	0.05099	0.65622	0.01974	0.02550	0.02550	0.01892	0.02714	0.01563	0.02056	0.01316	0.00740	0.00822	0.00247	0.00987	0.00740	0.00411	0.01316
6	0.03158	0.02327	0.02493	0.01911	0.02576	0.02576	0.01579	0.62852	0.03906	0.05236	0.01995	0.01995	0.01413	0.00997	0.00831	0.00249	0.00914	0.00748	0.00831	0.01413
7	0.01200	0.00836	0.01061	0.01061	0.01115	0.00890	0.00697	0.01308	0.01254	0.01726	0.02476	0.04650	0.02679	0.47440	0.27126	0.00997	0.01319	0.01093	0.00482	0.00590
8	0.02066	0.01785	0.01878	0.01691	0.02160	0.02066	0.01315	0.04414	0.64121	0.03475	0.03381	0.03099	0.02536	0.01127	0.00845	0.00282	0.00657	0.00939	0.00845	0.01315
9	0.02379	0.02433	0.03075	0.04180	0.46476	0.16130	0.02260	0.08042	0.02169	0.02790	0.01541	0.01931	0.01272	0.00788	0.00807	0.00240	0.01091	0.00697	0.00452	0.01248
10	0.01072	0.00845	0.00966	0.00936	0.01177	0.00740	0.00702	0.01366	0.02106	0.02748	0.34737	0.07165	0.38650	0.01916	0.00981	0.00272	0.00407	0.01637	0.00838	0.00740
11	0.00982	0.00842	0.00842	0.00842	0.01122	0.00701	0.00631	0.01192	0.01894	0.02244	0.08416	0.07995	0.65285	0.02104	0.00982	0.00281	0.00421	0.01753	0.00771	0.00701
12	0.03120	0.03464	0.02396	0.02071	0.02571	0.47764	0.01597	0.21396	0.02825	0.03006	0.01500	0.01649	0.01174	0.00899	0.00774	0.00225	0.01321	0.00600	0.00550	0.01100
13	0.01189	0.00883	0.01297	0.01297	0.01432	0.01018	0.00991	0.01459	0.01324	0.01900	0.02260	0.03456	0.02160	0.11935	0.61922	0.01288	0.02100	0.00918	0.00450	0.00721
14	0.01208	0.00805	0.00906	0.00906	0.00906	0.00805	0.00503	0.01208	0.01208	0.01611	0.02618	0.05436	0.03020	0.70804	0.04228	0.00805	0.00805	0.01208	0.00503	0.00503
15	0.02026	0.01943	0.03318	0.09003	0.61952	0.01966	0.02535	0.02523	0.01877	0.02678	0.01557	0.02066	0.01303	0.00746	0.00823	0.00249	0.00994	0.00740	0.00409	0.01292
16	0.01191	0.00873	0.01249	0.01249	0.01367	0.00991	0.00930	0.01428	0.01309	0.01864	0.02304	0.03702	0.02267	0.19262	0.54741	0.01228	0.01939	0.00954	0.00457	0.00694
17	0.10684	0.01570	0.02584	0.53974	0.05084	0.01874	0.08278	0.02216	0.01662	0.02371	0.01459	0.02113	0.01098	0.00810	0.00808	0.00275	0.01081	0.00728	0.00392	0.00940
18	0.01217	0.01035	0.01124	0.00971	0.01386	0.00829	0.00747	0.01486	0.01867	0.02444	0.09390	0.05993	0.42717	0.01630	0.00870	0.00232	0.00478	0.01357	0.00694	0.23535
19	0.01723	0.01477	0.01723	0.01230	0.01969	0.01107	0.00984	0.02092	0.01723	0.02707	0.01477	0.01723	0.01230	0.00615	0.00615	0.00123	0.00615	0.00492	0.00492	0.75883
20	0.02458	0.01553	0.01800	0.01534	0.02019	0.01639	0.01214	0.07409	0.32311	0.21506	0.13726	0.03480	0.03227	0.01188	0.00864	0.00269	0.00642	0.00993	0.00908	0.01259
21	0.03103	0.03959	0.02354	0.02140	0.02568	0.67469	0.01605	0.03317	0.02354	0.02033	0.01284	0.01498	0.01070	0.00856	0.00749	0.00214	0.01498	0.00535	0.00428	0.00963
22	0.01016	0.00843	0.00889	0.00877	0.01143	0.00716	0.00658	0.01258	0.01974	0.02435	0.18357	0.07682	0.55225	0.02033	0.00981	0.00277	0.00416	0.01709	0.00796	0.00716
23	0.02272	0.02516	0.02914	0.03153	0.21717	0.21121	0.06453	0.02596	0.01824	0.02275	0.01333	0.01829	0.01166	0.01009	0.01448	0.00279	0.23938	0.00694	0.00401	0.01064
24	0.01208	0.00805	0.00906	0.00906	0.00906	0.00805	0.00503	0.01208	0.01208	0.01611	0.02618	0.05436	0.03020	0.70804	0.04228	0.00805	0.00805	0.01208	0.00503	0.00503
25	0.01806	0.09484	0.02053	0.01510	0.01910	0.06361	0.04408	0.07734	0.13284	0.02992	0.20652	0.04268	0.14106	0.01366	0.00960	0.00260	0.04014	0.01123	0.00719	0.00989
26	0.01208	0.00805	0.00906	0.00906	0.00906	0.00805	0.00503	0.01208	0.01208	0.01611	0.02618	0.05436	0.03020	0.70804	0.04228	0.00805	0.00805	0.01208	0.00503	0.00503
27	0.18523	0.02991	0.32763	0.02913	0.21987	0.01928	0.02427	0.02564	0.01720	0.02901	0.01438	0.01755	0.01098	0.00770	0.00738	0.00257	0.01024	0.00616	0.00406	0.01181
28	0.01217	0.00935	0.01393	0.01376	0.01517	0.01111	0.01076	0.01508	0.01332	0.01932	0.02170	0.03194	0.02029	0.06000	0.64389	0.01288	0.05458	0.00882	0.00441	0.00750
29	0.02814	0.26016	0.03009	0.01905	0.02425	0.46448	0.01545	0.03046	0.02136	0.02007	0.01242	0.01444	0.01069	0.00808	0.00678	0.00202	0.01298	0.00505	0.00404	0.00997
30	0.24875	0.47402	0.03330	0.01351	0.01974	0.02825	0.01278	0.02455	0.01588	0.02496	0.01153	0.01356	0.01016	0.00758	0.00612	0.00209	0.03452	0.00457	0.00404	0.01009
31	0.76672	0.01607	0.01221	0.01092	0.01607	0.01864	0.00900	0.02442	0.01414	0.03727	0.01157	0.01350	0.00900	0.00771	0.00514	0.00257	0.00643	0.00450	0.00514	0.00900
32	0.02246	0.65082	0.06679	0.01497	0.02213	0.06664	0.01496	0.02538	0.01726	0.01985	0.01175	0.01358	0.01066	0.00722	0.00555	0.00183	0.00934	0.00456	0.00359	0.01067
33	0.01005	0.00751	0.00935	0.01083	0.01186	0.00681	0.00739	0.01165	0.01661	0.02149	0.05472	0.55774	0.19407	0.02487	0.01042	0.00324	0.00468	0.02220	0.00771	0.00681
34	0.01041	0.00844	0.00923	0.00903	0.01158	0.00726	0.00678	0.01306	0.02033	0.02574	0.25643	0.07452	0.47852	0.01981	0.00981	0.00275	0.00412	0.01677	0.00815	0.00726
35	0.01003	0.00759	0.00927	0.01061	0.01180	0.00683	0.00729	0.01168	0.01683	0.02158	0.05744	0.51354	0.23650	0.02451	0.01037	0.00320	0.00463	0.02177	0.00771	0.00683
36	0.01012	0.00723	0.00964	0.01157	0.01205	0.00675	0.00771	0.01157	0.01591	0.02121	0.04579	0.70262	0.05495	0.02603	0.01060	0.00337	0.00482	0.02362	0.00771	0.00675
37	0.02212	0.14583	0.03424	0.04085	0.46675	0.10123	0.02234	0.02631	0.01911	0.02496	0.01456	0.01860	0.01242	0.00749	0.00762	0.00230	0.01031	0.00663	0.00403	0.01229
38	0.02798	0.03298	0.02596	0.02773	0.16262	0.45377	0.01822	0.06531	0.02276	0.02365	0.01374	0.01668	0.01145	0.00877	0.00894	0.00233	0.05601	0.00604	0.00444	0.01063
39	0.02640	0.11162	0.02818	0.02711	0.18212	0.28912	0.01784	0.12863	0.02362	0.02723	0.01508	0.01796	0.01243	0.01125	0.04378	0.00285	0.01239	0.00630	0.00483	0.01127
40	0.02056	0.01974	0.03372	0.05099	0.65622	0.01974	0.02550	0.02550	0.01892	0.02714	0.01563	0.02056	0.01316	0.00740	0.00822	0.00247	0.00987	0.00740	0.00411	0.01316
41	0.02153	0.02188	0.03181	0.09323	0.53374	0.10198	0.02413	0.02615	0.01933	0.02586	0.01521	0.01997	0.01270	0.00761	0.00814	0.00245	0.01060	0.00714	0.00410	0.01243
42	0.76672	0.01607	0.01221	0.01092	0.01607	0.01864	0.00900	0.02442	0.01414	0.03727	0.01157	0.01350	0.00900	0.00771	0.00514	0.00257	0.00643	0.00450	0.00514	0.00900
43	0.01109	0.00890	0.00995	0.00961	0.01218	0.00799	0.00723	0.01492	0.05070	0.02722	0.30041	0.07070	0.40130	0.01901	0.00974	0.00273	0.00421	0.01617	0.00830	0.00763
44	0.01359	0.01103	0.01169	0.01078	0.01407	0.01061	0.00829	0.08134	0.08936	0.02858	0.15681	0.06559	0.43104	0.01820	0.00951	0.00274	0.00494	0.01521	0.00807	0.00856
45	0.01629	0.00852	0.00861	0.00831	0.01049	0.00865	0.00631	0.04994	0.01851	0.03205	0.02674	0.03042	0.02093	0.00969	0.00593	0.00196	0.00414	0.00773	0.71671	0.00806
46	0.02035	0.02100	0.06798	0.04951	0.62256	0.01971	0.02578	0.02554	0.01884	0.02710	0.01559	0.02040	0.01302	0.00743	0.00821	0.00248	0.01000	0.00733	0.00408	0.01311
47	0.00982	0.00842	0.00842	0.00842	0.01122	0.00701	0.00631	0.01192	0.01894	0.02244	0.08416	0.07995	0.65285	0.02104	0.00982	0.00281	0.00421	0.01753	0.00771	0.00701
48	0.02837	0.03095	0.02258	0.01906	0.02449	0.39626	0.01474	0.16328	0.02572	0.02882	0.01481	0.01654	0.01179	0.00839	0.00740	0.00204	0.01190	0.00574	0.00531	0.16183
49	0.02416	0.41754	0.03448	0.01696	0.02239	0.23184	0.01488	0.02662	0.01849	0.01981	0.01244	0.01516	0.01120	0.01086	0.04120	0.00260	0.06032	0.00515	0.00383	0.01006
50	0.01003	0.00759	0.00927	0.01061	0.01180	0.00683	0.00729	0.01168	0.01683	0.02158	0.05744	0.51354	0.23650	0.02451	0.01037	0.00320	0.00463	0.02177	0.00771	0.00683
51	0.01206	0.00816	0.00958	0.00958	0.00976	0.00834	0.00568	0.01241	0.01223	0.01649	0.02570	0.05174	0.02906	0.63001	0.11876	0.00869	0.00977	0.01170	0.00496	0.00532
52	0.01242	0.00972	0.01442	0.01410	0.01545	0.01171	0.01107	0.01529	0.01330	0.01935	0.02125	0.03136	0.01990	0.05809	0.61789	0.01249	0.08149	0.00876	0.00438	0.00756
53	0.03153	0.02471	0.02481	0.01932	0.02576	0.08309	0.01581	0.57593	0.03769	0.04953	0.01932	0.01951	0.01383	0.00985	0.00824	0.00246	0.00966	0.00729	0.00795	0.01373
54	0.01666	0.04297	0.66500	0.02368	0.03596	0.01929	0.03069	0.02631	0.01754	0.02631	0.01491	0.01754	0.01052	0.00789	0.00789	0.00263	0.01228	0.00614	0.00351	0.01228
55	0.02915	0.02240	0.02298	0.01845	0.02445	0.06437	0.01494	0.41079	0.18786	0.08140	0.02372	0.02288	0.01710	0.01023	0.00830	0.00256	0.00874	0.00788	0.00821	0.01360
56	0.76672	0.01607	0.01221	0.01092	0.01607	0.01864	0.00900	0.02442	0.01414	0.03727	0.01157	0.01350	0.00900	0.00771	0.00514	0.00257	0.00643	0.00450	0.00514	0.00900
57	0.01110	0.00839	0.01038	0.01156	0.01295	0.00797	0.00828	0.01439	0.05638	0.02330	0.08732	0.45545	0.16579	0.02338	0.01035	0.00323	0.00500	0.06962	0.00784	0.00734
58	0.02374	0.02577	0.03063	0.04201	0.46475	0.21862	0.02263	0.02783	0.02032	0.02507	0.01478	0.01887	0.01241	0.00775	0.00800	0.00237	0.01142	0.00678	0.00416	0.01209
59	0.01145	0.00872	0.01191	0.01191	0.01355	0.00945	0.00903	0.01396	0.01444	0.01968	0.03593	0.04474	0.15770	0.11046	0.47596	0.01061	0.01711	0.01104	0.00520	0.00712
60	0.01234	0.00894	0.01106	0.01205	0.01306	0.00901	0.00852	0.01593	0.07564	0.02169	0.03847	0.33021	0.04340	0.22635	0.01996	0.00479	0.00648	0.12809	0.00698	0.00703
61	0.01943	0.45585	0.03283	0.01471	0.02009	0.02503	0.01390	0.02376	0.05669	0.02211	0.02279	0.03884	0.02286	0.01218	0.00739	0.00246	0.00836	0.18569	0.00510	0.00990
62	0.01822	0.01737	0.02577	0.46158	0.15794	0.05971	0.02216	0.05422	0.01876	0.02404	0.01665	0.02519	0.01357	0.00904	0.00841	0.00272	0.01082	0.03944	0.00426	0.01012
63	0.06723	0.02291	0.02960	0.03931	0.42753	0.11351	0.02163	0.12414	0.02255	0.03085	0.01569	0.01926	0.01273	0.00800	0.00795	0.00243	0.01028	0.00695	0.00488	0.01257
64	0.02588	0.02982	0.02855	0.03596	0.33594	0.35242	0.02070	0.02940	0.02127	0.02368	0.01421	0.01773	0.01191	0.00799	0.00785	0.00230	0.01247	0.00636	0.00420	0.01137
65	0.02226	0.08268	0.39719	0.02153	0.03136	0.05378	0.02433	0.20941	0.02432	0.03347	0.01611	0.01786	0.01164	0.00850	0.00782	0.00251	0.01122	0.00639	0.00501	0.01260

[dist]
# distance from previous block
# <min> <max>
0	4

[block]
# block no. 4 follows, 22 sequences, length 18
# corresponding to MSA columns:
# 152-169
name=unknown_E
#
# <colnr> <probs for GDERKNQSTAVLIFYWHMCP>
#	G	D	E	R	K	N	Q	S	T	A	V	L	I	F	Y	W	H	M	C	P
0	0.01406	0.01173	0.01785	0.02363	0.18922	0.01192	0.01426	0.01694	0.01716	0.02346	0.03519	0.35964	0.03961	0.01969	0.01109	0.00323	0.04682	0.12920	0.00648	0.00881
1	0.05949	0.01438	0.01617	0.01504	0.01755	0.07736	0.01183	0.09044	0.01741	0.02438	0.01997	0.02771	0.01791	0.04571	0.46514	0.00994	0.04800	0.00807	0.00490	0.00859
2	0.01099	0.00846	0.01005	0.00965	0.01194	0.00751	0.00724	0.01420	0.02171	0.02904	0.42845	0.06910	0.30444	0.01858	0.00981	0.00269	0.00403	0.01601	0.00858	0.00751
3	0.02056	0.01974	0.03372	0.05099	0.65622	0.01974	0.02550	0.02550	0.01892	0.02714	0.01563	0.02056	0.01316	0.00740	0.00822	0.00247	0.00987	0.00740	0.00411	0.01316
4	0.02598	0.02608	0.02120	0.01849	0.02275	0.28887	0.01442	0.21599	0.02566	0.03015	0.01765	0.02136	0.01453	0.02366	0.18976	0.00531	0.01512	0.00699	0.00560	0.01045
5	0.01795	0.11108	0.53821	0.02333	0.03454	0.04456	0.06620	0.02643	0.01782	0.02541	0.01461	0.01732	0.01068	0.00778	0.00773	0.00254	0.01213	0.00617	0.00358	0.01195
6	0.02080	0.01758	0.02353	0.01908	0.05907	0.05864	0.10988	0.02593	0.05029	0.09980	0.06357	0.02324	0.01861	0.00802	0.00757	0.00194	0.00818	0.00720	0.00581	0.37127
7	0.01208	0.00805	0.00906	0.00906	0.00906	0.00805	0.00503	0.01208	0.01208	0.01611	0.02618	0.05436	0.03020	0.70804	0.04228	0.00805	0.00805	0.01208	0.00503	0.00503
8	0.01775	0.06432	0.01815	0.01474	0.01814	0.04852	0.01172	0.09589	0.15195	0.02904	0.13398	0.03370	0.02987	0.03067	0.25641	0.00655	0.01283	0.00942	0.00651	0.00985
9	0.01174	0.00958	0.01052	0.01008	0.01285	0.00892	0.00762	0.01700	0.09561	0.02736	0.25731	0.06838	0.39561	0.01858	0.00965	0.00275	0.00440	0.01576	0.00826	0.00802
10	0.01934	0.01833	0.03104	0.12511	0.53776	0.01873	0.02394	0.02428	0.01897	0.02687	0.06102	0.02372	0.01757	0.00820	0.00835	0.00251	0.00959	0.00794	0.00442	0.01230
11	0.02099	0.01695	0.02498	0.07463	0.25273	0.01845	0.01838	0.09653	0.02064	0.08942	0.05816	0.06986	0.05630	0.01180	0.01193	0.00279	0.12880	0.00951	0.00582	0.01133
12	0.14450	0.00982	0.01085	0.01097	0.01228	0.01053	0.00757	0.01469	0.01401	0.02201	0.03129	0.22204	0.06786	0.27826	0.06973	0.00567	0.04166	0.01374	0.00583	0.00669
13	0.02560	0.07049	0.02307	0.01712	0.02329	0.15288	0.01380	0.23078	0.10126	0.03463	0.01820	0.01909	0.01406	0.00861	0.00737	0.00207	0.00918	0.00638	0.00627	0.21588
14	0.02676	0.17736	0.05901	0.04701	0.08344	0.25953	0.05608	0.10201	0.02281	0.06897	0.01544	0.01748	0.01212	0.00829	0.00744	0.00225	0.01164	0.00619	0.00494	0.01122
15	0.01731	0.01611	0.10128	0.01679	0.04727	0.01401	0.01388	0.13164	0.01832	0.02548	0.01842	0.02570	0.01610	0.03371	0.25658	0.21249	0.01381	0.00774	0.00481	0.00854
16	0.32143	0.11110	0.10181	0.01651	0.02261	0.21578	0.01483	0.06251	0.01914	0.02960	0.01285	0.01480	0.01019	0.00805	0.00639	0.00235	0.01016	0.00512	0.00467	0.01010
17	0.02166	0.09537	0.13552	0.01770	0.02247	0.28999	0.01555	0.02479	0.01854	0.02045	0.01779	0.05394	0.01712	0.15140	0.05978	0.00418	0.01259	0.00777	0.00438	0.00902

[dist]
# distance from previous block
# <min> <max>
0	62

[block]
# block no. 5 follows, 22 sequences, length 12
# corresponding to MSA columns:
# 233-244
name=unknown_F
#
# <colnr> <probs for GDERKNQSTAVLIFYWHMCP>
#	G	D	E	R	K	N	Q	S	T	A	V	L	I	F	Y	W	H	M	C	P
0	0.05658	0.24298	0.21724	0.05918	0.02854	0.12729	0.01966	0.06701	0.06237	0.02576	0.01501	0.01701	0.01181	0.00814	0.00700	0.00230	0.01072	0.00580	0.00438	0.01121
1	0.01352	0.01050	0.01280	0.01315	0.04793	0.00982	0.00863	0.01683	0.05872	0.02247	0.05933	0.15887	0.09095	0.25964	0.02065	0.00450	0.00663	0.04255	0.00620	0.13631
2	0.01306	0.00898	0.01127	0.01097	0.01341	0.00817	0.00860	0.01646	0.02165	0.06714	0.37132	0.06968	0.21756	0.01858	0.00998	0.00285	0.00478	0.10895	0.00861	0.00798
3	0.02119	0.05716	0.15009	0.02794	0.20876	0.09198	0.02016	0.11652	0.02173	0.02902	0.01968	0.09117	0.01785	0.01038	0.00818	0.00249	0.00991	0.02915	0.00518	0.06148
4	0.17511	0.01558	0.02148	0.43114	0.04262	0.01866	0.01871	0.08491	0.01860	0.02809	0.01658	0.02487	0.01340	0.00933	0.00785	0.00277	0.00967	0.04631	0.00474	0.00959
5	0.12592	0.01533	0.01808	0.01461	0.02019	0.01526	0.01187	0.10188	0.10954	0.36111	0.09326	0.02933	0.02504	0.01075	0.00810	0.00260	0.00682	0.00860	0.00903	0.01268
6	0.03391	0.01478	0.01895	0.01489	0.02090	0.01376	0.01218	0.08010	0.08821	0.51893	0.03167	0.02814	0.02066	0.01033	0.00821	0.00255	0.00698	0.00837	0.05280	0.01367
7	0.01002	0.00812	0.00890	0.00936	0.01151	0.00700	0.00677	0.01207	0.01845	0.02282	0.11075	0.23875	0.46238	0.02206	0.01002	0.00294	0.00435	0.01893	0.00781	0.00700
8	0.01549	0.00774	0.00774	0.00774	0.00968	0.00774	0.00581	0.01936	0.01742	0.03097	0.02710	0.03097	0.02129	0.00968	0.00581	0.00194	0.00387	0.00774	0.75416	0.00774
9	0.02005	0.10711	0.44827	0.02385	0.07404	0.05297	0.02609	0.10217	0.02056	0.02866	0.01515	0.01749	0.01118	0.00807	0.00769	0.00249	0.01151	0.00618	0.00419	0.01228
10	0.01523	0.01545	0.01269	0.01212	0.01508	0.14829	0.00907	0.01881	0.05495	0.02451	0.16323	0.08956	0.35541	0.01740	0.00929	0.00266	0.00658	0.01437	0.00728	0.00803
11	0.15244	0.02194	0.13475	0.14061	0.23900	0.01921	0.02115	0.07060	0.04073	0.02975	0.01682	0.04699	0.01381	0.00878	0.00774	0.00262	0.00950	0.00740	0.00474	0.01142

[dist]
# distance from previous block
# <min> <max>
0	21

[block]
# block no. 6 follows, 22 sequences, length 15
# corresponding to MSA columns:
# 266-280
name=unknown_G
#
# <colnr> <probs for GDERKNQSTAVLIFYWHMCP>
#	G	D	E	R	K	N	Q	S	T	A	V	L	I	F	Y	W	H	M	C	P
0	0.22351	0.02971	0.02090	0.01814	0.02319	0.35461	0.01415	0.16717	0.02464	0.03209	0.01413	0.01573	0.01104	0.00866	0.00706	0.00233	0.01141	0.00562	0.00543	0.01049
1	0.02085	0.23758	0.13785	0.02476	0.17422	0.02298	0.01905	0.07667	0.05168	0.02717	0.01542	0.01780	0.01253	0.00762	0.00698	0.00211	0.00917	0.00601	0.00454	0.12500
2	0.02150	0.02069	0.02435	0.07074	0.22157	0.13197	0.01809	0.02921	0.14388	0.05315	0.05280	0.02737	0.02016	0.01260	0.03924	0.00313	0.06204	0.03061	0.00561	0.01129
3	0.01204	0.00822	0.00990	0.00990	0.01019	0.00851	0.00608	0.01262	0.01233	0.01673	0.02541	0.05010	0.02835	0.58128	0.16652	0.00909	0.01084	0.01146	0.00492	0.00550
4	0.01110	0.00813	0.01062	0.01211	0.01341	0.00765	0.00912	0.01347	0.01772	0.02318	0.08921	0.40277	0.13830	0.02388	0.01069	0.00337	0.00547	0.18489	0.00779	0.00711
5	0.01980	0.01629	0.01861	0.01352	0.02077	0.01370	0.01091	0.12967	0.02113	0.03160	0.01569	0.01771	0.01263	0.00684	0.00654	0.00146	0.00669	0.00538	0.00553	0.62554
6	0.01893	0.02119	0.09695	0.13843	0.28132	0.02061	0.07581	0.02591	0.07703	0.02566	0.01650	0.02127	0.01331	0.00908	0.01142	0.00278	0.12019	0.00765	0.00433	0.01163
7	0.02056	0.01974	0.03372	0.05099	0.65622	0.01974	0.02550	0.02550	0.01892	0.02714	0.01563	0.02056	0.01316	0.00740	0.00822	0.00247	0.00987	0.00740	0.00411	0.01316
8	0.01124	0.00802	0.01083	0.01240	0.01327	0.00788	0.00907	0.01326	0.01608	0.02143	0.04134	0.43598	0.04776	0.09016	0.07726	0.00486	0.00745	0.15771	0.00714	0.00687
9	0.01012	0.00723	0.00964	0.01157	0.01205	0.00675	0.00771	0.01157	0.01591	0.02121	0.04579	0.70262	0.05495	0.02603	0.01060	0.00337	0.00482	0.02362	0.00771	0.00675
10	0.01549	0.00774	0.00774	0.00774	0.00968	0.00774	0.00581	0.01936	0.01742	0.03097	0.02710	0.03097	0.02129	0.00968	0.00581	0.00194	0.00387	0.00774	0.75416	0.00774
11	0.01194	0.00862	0.01192	0.01192	0.01291	0.00961	0.00860	0.01392	0.01293	0.01823	0.02356	0.03988	0.02391	0.27755	0.46418	0.01159	0.01752	0.00996	0.00464	0.00662
12	0.01875	0.01472	0.01738	0.01249	0.01980	0.01116	0.01002	0.02240	0.01772	0.07525	0.01613	0.01806	0.01293	0.00647	0.00632	0.00133	0.00622	0.00518	0.00533	0.70232
13	0.03158	0.02327	0.02493	0.01911	0.02576	0.02576	0.01579	0.62852	0.03906	0.05236	0.01995	0.01995	0.01413	0.00997	0.00831	0.00249	0.00914	0.00748	0.00831	0.01413
14	0.01997	0.01548	0.02122	0.20898	0.10606	0.01687	0.01660	0.16428	0.02266	0.06249	0.02824	0.03880	0.08064	0.07861	0.01207	0.00329	0.00891	0.07836	0.00616	0.01031

[dist]
# distance from previous block
# <min> <max>
0	2

[block]
# block no. 7 follows, 22 sequences, length 77
# corresponding to MSA columns:
# 283-359
name=unknown_H
#
# <colnr> <probs for GDERKNQSTAVLIFYWHMCP>
#	G	D	E	R	K	N	Q	S	T	A	V	L	I	F	Y	W	H	M	C	P
0	0.02838	0.09155	0.02643	0.05377	0.02740	0.52711	0.04235	0.03092	0.02190	0.02056	0.01289	0.01568	0.01081	0.00869	0.00853	0.00225	0.05122	0.00567	0.00415	0.00973
1	0.02860	0.03586	0.02189	0.01996	0.02402	0.59467	0.01497	0.03085	0.02326	0.02123	0.05500	0.02171	0.05371	0.00982	0.00777	0.00221	0.01367	0.00666	0.00478	0.00937
2	0.10743	0.03406	0.41640	0.02528	0.03563	0.01969	0.19270	0.02617	0.01770	0.02771	0.01503	0.01840	0.01092	0.00762	0.00809	0.00267	0.01205	0.00696	0.00390	0.01159
3	0.01002	0.00763	0.00922	0.01050	0.01177	0.00684	0.00724	0.01169	0.01693	0.02163	0.05881	0.49137	0.25780	0.02433	0.01034	0.00318	0.00461	0.02155	0.00771	0.00684
4	0.02390	0.02642	0.02937	0.09251	0.38214	0.25346	0.02193	0.02789	0.02038	0.02423	0.01456	0.01870	0.01211	0.00789	0.00797	0.00238	0.01179	0.00667	0.00414	0.01158
5	0.02331	0.01131	0.01493	0.01340	0.01750	0.01014	0.01110	0.02655	0.02155	0.31074	0.09762	0.05919	0.14862	0.01642	0.00963	0.00297	0.00645	0.17914	0.00897	0.01046
6	0.02079	0.01665	0.01776	0.01525	0.01987	0.01822	0.01205	0.20149	0.28906	0.03716	0.09559	0.04049	0.15311	0.01338	0.00881	0.00270	0.00659	0.01099	0.00833	0.01172
7	0.01208	0.00805	0.00906	0.00906	0.00906	0.00805	0.00503	0.01208	0.01208	0.01611	0.02618	0.05436	0.03020	0.70804	0.04228	0.00805	0.00805	0.01208	0.00503	0.00503
8	0.01001	0.00793	0.00902	0.00979	0.01161	0.00693	0.00695	0.01191	0.01785	0.02233	0.08898	0.33632	0.38515	0.02295	0.01014	0.00303	0.00445	0.01995	0.00777	0.00693
9	0.02056	0.01974	0.03372	0.05099	0.65622	0.01974	0.02550	0.02550	0.01892	0.02714	0.01563	0.02056	0.01316	0.00740	0.00822	0.00247	0.00987	0.00740	0.00411	0.01316
10	0.02966	0.14461	0.02666	0.02028	0.02500	0.57461	0.01576	0.03188	0.02250	0.02021	0.01264	0.01472	0.01069	0.00833	0.00715	0.00208	0.01403	0.00521	0.00417	0.00979
11	0.01907	0.03516	0.48081	0.02137	0.03149	0.01844	0.02543	0.05675	0.08052	0.08005	0.02024	0.05904	0.01552	0.00956	0.00816	0.00268	0.01071	0.00770	0.00502	0.01229
12	0.01701	0.04055	0.59243	0.02501	0.03683	0.01950	0.10084	0.02634	0.01778	0.02634	0.01513	0.01811	0.01077	0.00779	0.00812	0.00265	0.01248	0.00657	0.00359	0.01215
13	0.01192	0.00868	0.01222	0.01222	0.01331	0.00977	0.00897	0.01411	0.01302	0.01845	0.02329	0.03837	0.02326	0.23259	0.50824	0.01195	0.01851	0.00974	0.00460	0.00679
14	0.02598	0.03001	0.02846	0.03569	0.33016	0.35842	0.02061	0.02947	0.02131	0.02362	0.01419	0.01768	0.01189	0.00800	0.00784	0.00230	0.01251	0.00634	0.00420	0.01133
15	0.02012	0.02564	0.14464	0.12740	0.32398	0.11906	0.02350	0.02540	0.01905	0.02484	0.01911	0.02298	0.05086	0.00862	0.00816	0.00251	0.01092	0.00747	0.00419	0.01154
16	0.01234	0.01073	0.01869	0.01694	0.01925	0.01014	0.14715	0.01512	0.01662	0.02233	0.03812	0.51686	0.04375	0.02350	0.04267	0.00373	0.00774	0.01979	0.00676	0.00778
17	0.01440	0.01018	0.01224	0.01240	0.01383	0.01037	0.00891	0.09850	0.01834	0.02438	0.03484	0.26437	0.03911	0.26757	0.02179	0.00501	0.00710	0.12251	0.00682	0.00732
18	0.01656	0.09095	0.48245	0.02197	0.03227	0.01900	0.07366	0.02456	0.01804	0.02579	0.04948	0.02472	0.06631	0.00925	0.00808	0.00259	0.01110	0.00763	0.00417	0.01143
19	0.01151	0.00834	0.01061	0.01177	0.01285	0.00797	0.00813	0.04844	0.01804	0.02410	0.09561	0.58052	0.08260	0.02410	0.01036	0.00323	0.00497	0.02167	0.00786	0.00729
20	0.23694	0.01756	0.01683	0.01457	0.01903	0.07096	0.01163	0.18816	0.02250	0.06895	0.02345	0.06547	0.05422	0.02041	0.12929	0.00454	0.01056	0.00833	0.00640	0.01019
21	0.01888	0.01984	0.01594	0.01590	0.01835	0.24322	0.01201	0.02226	0.05209	0.02190	0.03163	0.19638	0.05497	0.05860	0.06736	0.00407	0.01064	0.12160	0.00611	0.00824
22	0.02102	0.01810	0.02347	0.02729	0.22495	0.01926	0.01675	0.11981	0.25845	0.03322	0.02748	0.06685	0.04424	0.01080	0.00841	0.00260	0.00780	0.00937	0.00677	0.05336
23	0.14953	0.01002	0.01259	0.01252	0.01450	0.01146	0.00961	0.01616	0.01363	0.02254	0.02245	0.08516	0.02195	0.08630	0.46230	0.01026	0.01713	0.00948	0.00488	0.00751
24	0.01128	0.00883	0.01049	0.01135	0.01369	0.00804	0.00925	0.01406	0.01889	0.02338	0.06622	0.11135	0.38191	0.02202	0.01052	0.00324	0.00563	0.25488	0.00769	0.00726
25	0.02250	0.02161	0.02288	0.05134	0.11925	0.14712	0.03876	0.14246	0.13635	0.03050	0.02775	0.02932	0.09006	0.01507	0.06470	0.00346	0.01073	0.00877	0.00617	0.01121
26	0.02069	0.02366	0.10885	0.04602	0.54578	0.05714	0.02558	0.02603	0.01902	0.02665	0.01538	0.01988	0.01270	0.00753	0.00814	0.00247	0.01045	0.00713	0.00405	0.01285
27	0.02390	0.39884	0.14749	0.01727	0.02516	0.02846	0.01756	0.19700	0.02331	0.03008	0.01453	0.01595	0.01162	0.00806	0.00663	0.00213	0.00955	0.00561	0.00490	0.01193
28	0.09118	0.03767	0.02262	0.02055	0.02490	0.62105	0.01547	0.03246	0.02277	0.02172	0.01274	0.01486	0.01056	0.00849	0.00730	0.00218	0.01428	0.00528	0.00435	0.00958
29	0.02204	0.04474	0.01951	0.01649	0.02071	0.17329	0.01292	0.06582	0.16727	0.06392	0.02222	0.02502	0.01797	0.02444	0.19773	0.00545	0.01328	0.00756	0.00595	0.07367
30	0.01722	0.01355	0.06714	0.01343	0.01746	0.01113	0.01132	0.05283	0.01856	0.12000	0.05915	0.13904	0.10740	0.05209	0.17212	0.00540	0.01040	0.01179	0.00664	0.09335
31	0.01062	0.00799	0.01135	0.01254	0.01350	0.00745	0.03348	0.01241	0.01630	0.02161	0.04616	0.62632	0.07842	0.02492	0.01057	0.00334	0.00527	0.04322	0.00756	0.00698
32	0.01007	0.00743	0.00943	0.01104	0.01191	0.00679	0.00748	0.01163	0.01642	0.02141	0.05225	0.59777	0.15563	0.02519	0.01047	0.00328	0.00472	0.02259	0.00771	0.00679
33	0.01939	0.02651	0.21437	0.04227	0.44334	0.01969	0.06252	0.02579	0.01856	0.02687	0.01549	0.01981	0.01238	0.00752	0.00822	0.00253	0.01080	0.00718	0.00395	0.01279
34	0.02116	0.01975	0.03187	0.04614	0.56392	0.02014	0.02384	0.05925	0.07766	0.02918	0.01754	0.02150	0.01434	0.00790	0.00825	0.00250	0.00953	0.00759	0.00474	0.01321
35	0.01048	0.00899	0.00905	0.00893	0.01185	0.00784	0.00673	0.01388	0.05673	0.02319	0.08110	0.07698	0.61474	0.02045	0.00974	0.00281	0.00435	0.01704	0.00776	0.00739
36	0.02873	0.01656	0.02037	0.01834	0.07306	0.01663	0.01357	0.16169	0.13545	0.29893	0.03450	0.03206	0.08918	0.01134	0.00851	0.00262	0.00734	0.00929	0.00875	0.01309
37	0.02767	0.10996	0.02524	0.01874	0.02421	0.23481	0.01505	0.22425	0.17540	0.03388	0.01996	0.02019	0.01529	0.00948	0.00772	0.00237	0.01038	0.00689	0.00647	0.01203
38	0.01366	0.01154	0.01679	0.01576	0.01682	0.01467	0.01260	0.01630	0.01317	0.01949	0.01902	0.02852	0.01796	0.04871	0.49066	0.01058	0.21319	0.00844	0.00422	0.00789
39	0.01152	0.00782	0.00923	0.00977	0.00991	0.00768	0.00580	0.01193	0.01317	0.01756	0.03176	0.23894	0.03725	0.51385	0.03326	0.00672	0.00713	0.01537	0.00580	0.00552
40	0.02343	0.02518	0.03093	0.04289	0.48357	0.19908	0.02291	0.02760	0.02018	0.02528	0.01486	0.01903	0.01249	0.00772	0.00802	0.00238	0.01127	0.00684	0.00416	0.01219
41	0.02804	0.02911	0.02227	0.01956	0.02430	0.34077	0.01535	0.20269	0.09801	0.03163	0.02073	0.02697	0.01748	0.01087	0.00828	0.00251	0.01154	0.07253	0.00628	0.01110
42	0.01365	0.00953	0.01169	0.01188	0.01386	0.00919	0.00875	0.04846	0.04785	0.05599	0.15391	0.31390	0.13935	0.05838	0.01182	0.00334	0.00540	0.06706	0.00800	0.00799
43	0.01613	0.01160	0.01361	0.01253	0.01482	0.01188	0.00913	0.16042	0.02289	0.03116	0.21333	0.21903	0.04700	0.15892	0.01629	0.00390	0.00625	0.01488	0.00773	0.00848
44	0.02295	0.02513	0.02868	0.16910	0.33351	0.23004	0.02197	0.02711	0.01994	0.02377	0.01456	0.01909	0.01195	0.00796	0.00800	0.00242	0.01175	0.00674	0.00408	0.01124
45	0.01137	0.00948	0.01022	0.01107	0.01260	0.04338	0.00778	0.01334	0.01810	0.02296	0.12760	0.41100	0.22559	0.02257	0.01011	0.00305	0.00509	0.01986	0.00770	0.00711
46	0.02405	0.31124	0.18471	0.01905	0.02638	0.26012	0.01881	0.02820	0.01943	0.02144	0.01282	0.01493	0.01064	0.00782	0.00672	0.00211	0.01188	0.00517	0.00380	0.01068
47	0.01160	0.00811	0.01026	0.01055	0.01120	0.00819	0.00695	0.01301	0.01474	0.02021	0.12059	0.18096	0.04045	0.35324	0.14674	0.00729	0.00940	0.01423	0.00606	0.00622
48	0.02083	0.48217	0.23385	0.01739	0.02598	0.05240	0.01935	0.02562	0.01733	0.02165	0.01263	0.01468	0.01062	0.00740	0.00620	0.00205	0.01015	0.00500	0.00357	0.01112
49	0.01890	0.01947	0.01897	0.04884	0.13640	0.18371	0.01385	0.05076	0.02146	0.02570	0.12943	0.09163	0.17960	0.01401	0.00884	0.00257	0.00857	0.01169	0.00624	0.00936
50	0.01650	0.01556	0.02167	0.02950	0.31396	0.03889	0.01620	0.02156	0.06434	0.02593	0.07103	0.04544	0.25907	0.01331	0.00889	0.00261	0.00741	0.01164	0.00602	0.01046
51	0.03103	0.03959	0.02354	0.02140	0.02568	0.67469	0.01605	0.03317	0.02354	0.02033	0.01284	0.01498	0.01070	0.00856	0.00749	0.00214	0.01498	0.00535	0.00428	0.00963
52	0.01017	0.00838	0.00860	0.00857	0.01101	0.00717	0.00622	0.01209	0.01829	0.02211	0.09939	0.07618	0.55573	0.10327	0.01371	0.00343	0.00466	0.01678	0.00745	0.00681
53	0.02882	0.01681	0.01982	0.01582	0.02121	0.01716	0.01280	0.29603	0.02989	0.24722	0.11800	0.08461	0.02891	0.01240	0.00873	0.00261	0.00735	0.01018	0.00903	0.01261
54	0.01187	0.00890	0.01335	0.01335	0.01483	0.01038	0.01038	0.01483	0.01335	0.01928	0.02225	0.03264	0.02077	0.06231	0.67512	0.01335	0.02225	0.00890	0.00445	0.00742
55	0.01187	0.00890	0.01335	0.01335	0.01483	0.01038	0.01038	0.01483	0.01335	0.01928	0.02225	0.03264	0.02077	0.06231	0.67512	0.01335	0.02225	0.00890	0.00445	0.00742
56	0.01004	0.00842	0.00872	0.00864	0.01135	0.00711	0.00648	0.01234	0.01945	0.02366	0.14758	0.07795	0.58867	0.02059	0.00982	0.00278	0.00418	0.01725	0.00787	0.00711
57	0.01199	0.00840	0.01083	0.01083	0.01144	0.00902	0.00724	0.01322	0.01261	0.01742	0.02456	0.04540	0.02631	0.44151	0.30350	0.01024	0.01391	0.01077	0.00479	0.00602
58	0.02372	0.02580	0.01831	0.01726	0.02064	0.36419	0.01339	0.05194	0.02245	0.02517	0.07370	0.03726	0.02540	0.01239	0.00829	0.00251	0.01079	0.12733	0.11046	0.00901
59	0.02056	0.01974	0.03372	0.05099	0.65622	0.01974	0.02550	0.02550	0.01892	0.02714	0.01563	0.02056	0.01316	0.00740	0.00822	0.00247	0.00987	0.00740	0.00411	0.01316
60	0.02066	0.01785	0.01878	0.01691	0.02160	0.02066	0.01315	0.04414	0.64121	0.03475	0.03381	0.03099	0.02536	0.01127	0.00845	0.00282	0.00657	0.00939	0.00845	0.01315
61	0.01125	0.00913	0.01017	0.01063	0.01304	0.00843	0.00810	0.01522	0.06928	0.02356	0.06751	0.19151	0.40918	0.02141	0.01008	0.00305	0.00499	0.09813	0.00777	0.00755
62	0.02786	0.01941	0.02457	0.01943	0.02502	0.10697	0.12457	0.11799	0.02425	0.26061	0.05682	0.10666	0.02373	0.01161	0.00883	0.00264	0.00931	0.01023	0.00769	0.01178
63	0.01549	0.00774	0.00774	0.00774	0.00968	0.00774	0.00581	0.01936	0.01742	0.03097	0.02710	0.03097	0.02129	0.00968	0.00581	0.00194	0.00387	0.00774	0.75416	0.00774
64	0.03103	0.03959	0.02354	0.02140	0.02568	0.67469	0.01605	0.03317	0.02354	0.02033	0.01284	0.01498	0.01070	0.00856	0.00749	0.00214	0.01498	0.00535	0.00428	0.00963
65	0.01066	0.00746	0.00948	0.01088	0.01123	0.00711	0.00698	0.01171	0.01486	0.01981	0.04042	0.52512	0.04817	0.21278	0.01928	0.00466	0.00571	0.02046	0.00698	0.00628
66	0.01967	0.01969	0.03663	0.04314	0.41691	0.01926	0.20613	0.02513	0.01914	0.02679	0.01838	0.02730	0.01592	0.00859	0.00898	0.00268	0.01093	0.05819	0.00444	0.01210
67	0.02133	0.02364	0.02252	0.02313	0.10993	0.27528	0.04763	0.02446	0.01901	0.02198	0.05116	0.02440	0.01800	0.02591	0.21827	0.00583	0.04599	0.00760	0.00454	0.00939
68	0.01864	0.01347	0.01716	0.01529	0.01762	0.01531	0.01209	0.08148	0.07050	0.09375	0.14003	0.07721	0.03404	0.10065	0.04969	0.00416	0.16194	0.06061	0.00696	0.00940
69	0.01137	0.00802	0.01056	0.01213	0.01292	0.00776	0.00878	0.01321	0.01609	0.02128	0.04171	0.41755	0.04847	0.14968	0.01662	0.00435	0.00619	0.17942	0.00721	0.00668
