[name]
unknown

[dist]
# distance from previous block
# <min> <max>
8	203

[block]
# block no. 0 follows, 21 sequences, length 51
# corresponding to MSA columns:
# 245-295
name=unknown_A
#
# <colnr> <probs for GDERKNQSTAVLIFYWHMCP>
#	G	D	E	R	K	N	Q	S	T	A	V	L	I	F	Y	W	H	M	C	P
0	0.02063	0.45891	0.27315	0.01818	0.02744	0.02848	0.02086	0.02603	0.01754	0.02261	0.01312	0.01526	0.01087	0.00758	0.00644	0.00215	0.01040	0.00520	0.00362	0.01154
1	0.02114	0.44160	0.26063	0.01833	0.02735	0.05713	0.02063	0.02638	0.01784	0.02251	0.01311	0.01526	0.01087	0.00763	0.00649	0.00215	0.01061	0.00521	0.00366	0.01146
2	0.18602	0.06091	0.05404	0.04394	0.02590	0.27428	0.06312	0.02769	0.01934	0.02598	0.04182	0.01856	0.01393	0.00955	0.01008	0.00260	0.10133	0.00643	0.00462	0.00986
3	0.12550	0.03148	0.25356	0.02546	0.06170	0.10582	0.15732	0.05125	0.05642	0.02937	0.01634	0.01923	0.01224	0.00821	0.00814	0.00266	0.01191	0.00711	0.00461	0.01166
4	0.07356	0.06498	0.08102	0.02529	0.10625	0.37710	0.04073	0.08491	0.02339	0.02653	0.01438	0.01688	0.01155	0.00851	0.00772	0.00235	0.01303	0.00609	0.00469	0.01105
5	0.18712	0.03365	0.37026	0.02377	0.09472	0.05007	0.02404	0.07091	0.01926	0.03128	0.01486	0.01742	0.01099	0.00818	0.00750	0.00263	0.01086	0.00611	0.00444	0.01193
6	0.34844	0.02043	0.15802	0.01470	0.02068	0.01581	0.01428	0.02421	0.01671	0.09650	0.02279	0.16976	0.02141	0.01244	0.00751	0.00283	0.00763	0.00981	0.00603	0.01001
7	0.02039	0.01954	0.03334	0.13630	0.56900	0.02004	0.02579	0.02553	0.01906	0.02699	0.01589	0.02128	0.01319	0.00771	0.00844	0.00257	0.01028	0.00758	0.00415	0.01294
8	0.01442	0.01145	0.01454	0.06536	0.01911	0.01149	0.01063	0.02059	0.10110	0.02718	0.14795	0.13669	0.06541	0.02353	0.12656	0.00453	0.00887	0.01218	0.04109	0.13732
9	0.01016	0.00862	0.00876	0.00873	0.01156	0.00723	0.00655	0.01241	0.01964	0.02356	0.11459	0.08097	0.61565	0.02134	0.01006	0.00286	0.00430	0.01783	0.00798	0.00723
10	0.02577	0.48546	0.03792	0.01685	0.02332	0.20427	0.01517	0.06330	0.02049	0.02225	0.01270	0.01451	0.01114	0.00786	0.00624	0.00196	0.01080	0.00499	0.00413	0.01085
11	0.01090	0.00886	0.00979	0.01015	0.01280	0.00775	0.00801	0.01350	0.01968	0.02406	0.10627	0.08381	0.49538	0.02174	0.01040	0.00307	0.00501	0.13350	0.00796	0.00736
12	0.02165	0.17841	0.29707	0.01876	0.02734	0.07719	0.02069	0.02748	0.01963	0.11040	0.05109	0.02583	0.06968	0.00988	0.00780	0.00247	0.01025	0.00756	0.00525	0.01157
13	0.01218	0.00904	0.01327	0.01327	0.01465	0.01042	0.01013	0.01494	0.01356	0.01946	0.02316	0.03547	0.02216	0.12229	0.60995	0.01318	0.02146	0.00942	0.00461	0.00737
14	0.01218	0.00879	0.01156	0.01110	0.01310	0.00817	0.00848	0.01618	0.02373	0.03344	0.59604	0.06613	0.07782	0.01788	0.01017	0.00277	0.00432	0.06087	0.00925	0.00801
15	0.02157	0.18290	0.20647	0.02281	0.07618	0.09207	0.02108	0.07640	0.01938	0.02561	0.01438	0.01800	0.01191	0.01189	0.04120	0.00311	0.13310	0.00637	0.00423	0.01134
16	0.09280	0.02660	0.07300	0.02197	0.08985	0.20502	0.01669	0.14218	0.02489	0.16726	0.01983	0.02147	0.01468	0.03548	0.00928	0.00270	0.01067	0.00703	0.00652	0.01209
17	0.01296	0.00939	0.01222	0.01199	0.01267	0.01054	0.00842	0.01450	0.01341	0.01918	0.02504	0.07274	0.02644	0.34302	0.25859	0.00917	0.07104	0.01107	0.05100	0.00663
18	0.01037	0.00741	0.00987	0.01185	0.01234	0.00691	0.00790	0.01185	0.01629	0.02172	0.04690	0.69537	0.05629	0.02666	0.01086	0.00346	0.00494	0.02419	0.00790	0.00691
19	0.02365	0.03383	0.17198	0.02496	0.03170	0.29274	0.15464	0.02874	0.02046	0.02356	0.01521	0.01924	0.01219	0.01291	0.06143	0.00344	0.04746	0.00707	0.00417	0.01063
20	0.03235	0.02384	0.02554	0.01958	0.02639	0.02639	0.01618	0.61946	0.04001	0.05363	0.02043	0.02043	0.01447	0.01022	0.00851	0.00255	0.00936	0.00766	0.00851	0.01447
21	0.01153	0.00894	0.01070	0.01127	0.01361	0.00811	0.00900	0.01451	0.02013	0.02561	0.16821	0.11053	0.33943	0.02166	0.01061	0.00318	0.00536	0.19196	0.00814	0.00752
22	0.03097	0.03358	0.02354	0.02036	0.02532	0.43591	0.01571	0.20683	0.02844	0.03124	0.01622	0.01787	0.01268	0.00927	0.00782	0.00229	0.01287	0.00628	0.05171	0.01111
23	0.02191	0.02183	0.03372	0.04984	0.59869	0.07134	0.02535	0.02674	0.01975	0.02725	0.01578	0.02061	0.01328	0.00768	0.00837	0.00250	0.01052	0.00742	0.00423	0.01319
24	0.02168	0.02166	0.03311	0.08721	0.55930	0.07559	0.02514	0.02653	0.01964	0.02684	0.01571	0.02067	0.01314	0.00774	0.00837	0.00252	0.01063	0.00740	0.00420	0.01293
25	0.02056	0.01476	0.01663	0.01477	0.01904	0.01578	0.01151	0.03528	0.35688	0.12137	0.17622	0.04284	0.09057	0.01358	0.00908	0.00280	0.00598	0.01149	0.00902	0.01185
26	0.01747	0.01587	0.02553	0.62379	0.05585	0.01955	0.02299	0.07300	0.01899	0.02448	0.01558	0.02250	0.01161	0.00865	0.00851	0.00281	0.01117	0.00757	0.00419	0.00988
27	0.01037	0.00741	0.00987	0.01185	0.01234	0.00691	0.00790	0.01185	0.01629	0.02172	0.04690	0.69537	0.05629	0.02666	0.01086	0.00346	0.00494	0.02419	0.00790	0.00691
28	0.03104	0.03385	0.02543	0.02383	0.07963	0.42130	0.01719	0.20703	0.02843	0.03116	0.01556	0.01735	0.01222	0.00910	0.00799	0.00233	0.01312	0.00631	0.00559	0.01154
29	0.02106	0.02022	0.03454	0.05223	0.64784	0.02022	0.02612	0.02612	0.01938	0.02780	0.01601	0.02106	0.01348	0.00758	0.00842	0.00253	0.01011	0.00758	0.00421	0.01348
30	0.01181	0.00852	0.01116	0.01087	0.01266	0.00787	0.00801	0.01546	0.02299	0.03237	0.55910	0.15281	0.07691	0.01871	0.01015	0.00279	0.00415	0.01663	0.00916	0.00787
31	0.01152	0.00862	0.01068	0.01029	0.01242	0.00779	0.00767	0.01499	0.02266	0.03102	0.48915	0.09819	0.20611	0.01878	0.01008	0.00276	0.00413	0.01639	0.00897	0.00779
32	0.02106	0.02022	0.03454	0.05223	0.64784	0.02022	0.02612	0.02612	0.01938	0.02780	0.01601	0.02106	0.01348	0.00758	0.00842	0.00253	0.01011	0.00758	0.00421	0.01348
33	0.01053	0.00768	0.00992	0.01138	0.01230	0.00707	0.00777	0.01237	0.01752	0.02329	0.11995	0.55833	0.12042	0.02506	0.01068	0.00331	0.00477	0.02252	0.00807	0.00707
34	0.01035	0.00746	0.00981	0.01169	0.01230	0.00693	0.00783	0.01187	0.01644	0.02179	0.04880	0.66573	0.08470	0.02641	0.01082	0.00343	0.00491	0.02389	0.00790	0.00693
35	0.03244	0.02168	0.02396	0.01859	0.02519	0.02345	0.01528	0.46624	0.08800	0.16004	0.02401	0.02294	0.01665	0.01039	0.00853	0.00260	0.00876	0.00799	0.00889	0.01439
36	0.01192	0.00910	0.01094	0.01181	0.01398	0.00845	0.00954	0.01463	0.01875	0.02341	0.06176	0.08539	0.31643	0.09366	0.01430	0.00390	0.00628	0.27089	0.00759	0.00726
37	0.01230	0.00854	0.01073	0.01073	0.01123	0.00904	0.00697	0.01331	0.01280	0.01757	0.02549	0.04835	0.02775	0.49070	0.24918	0.01004	0.01305	0.01130	0.00496	0.00596
38	0.01796	0.02285	0.16911	0.40930	0.12879	0.01974	0.02526	0.06053	0.01896	0.02569	0.01560	0.02127	0.01169	0.00840	0.00840	0.00275	0.01134	0.00728	0.00409	0.01100
39	0.02275	0.70604	0.04459	0.01456	0.02184	0.03367	0.01456	0.02548	0.01729	0.02002	0.01183	0.01365	0.01092	0.00728	0.00546	0.00182	0.00910	0.00455	0.00364	0.01092
40	0.03772	0.01522	0.02021	0.01549	0.02209	0.01361	0.01280	0.08718	0.02560	0.60628	0.03253	0.02829	0.02054	0.01051	0.00855	0.00263	0.00741	0.00849	0.01037	0.01448
41	0.01037	0.00741	0.00987	0.01185	0.01234	0.00691	0.00790	0.01185	0.01629	0.02172	0.04690	0.69537	0.05629	0.02666	0.01086	0.00346	0.00494	0.02419	0.00790	0.00691
42	0.02887	0.25826	0.03103	0.01923	0.02484	0.38556	0.01579	0.09728	0.02366	0.02427	0.01354	0.01536	0.01134	0.00844	0.00704	0.00211	0.01261	0.00542	0.00461	0.01073
43	0.01181	0.00831	0.01088	0.01241	0.01322	0.00807	0.00901	0.01368	0.01639	0.02166	0.04183	0.37353	0.04841	0.17750	0.01843	0.00467	0.00654	0.18959	0.00726	0.00679
44	0.01233	0.00845	0.01027	0.01027	0.01062	0.00879	0.00639	0.01301	0.01267	0.01723	0.02591	0.05067	0.02876	0.55721	0.18405	0.00947	0.01153	0.01164	0.00502	0.00571
45	0.01409	0.01293	0.01451	0.01331	0.01553	0.04222	0.01043	0.01794	0.05719	0.02553	0.18406	0.05753	0.31190	0.01795	0.01389	0.00299	0.15852	0.01395	0.00717	0.00836
46	0.01547	0.16900	0.16354	0.01437	0.02034	0.01681	0.01458	0.02120	0.05751	0.02614	0.15706	0.04605	0.21803	0.01400	0.00852	0.00257	0.00731	0.01141	0.00633	0.00976
47	0.02201	0.51691	0.18147	0.01719	0.02549	0.06840	0.01848	0.02632	0.01785	0.02163	0.01269	0.01473	0.01089	0.00755	0.00618	0.00204	0.01026	0.00500	0.00367	0.01123
48	0.01768	0.11566	0.59058	0.02321	0.03521	0.02127	0.02962	0.02679	0.01789	0.02620	0.01490	0.01750	0.01080	0.00800	0.00780	0.00260	0.01220	0.00610	0.00360	0.01240
49	0.01131	0.00839	0.01055	0.01059	0.01241	0.00763	0.00772	0.01443	0.02150	0.02936	0.41030	0.20904	0.17491	0.02022	0.01023	0.00289	0.00427	0.01783	0.00878	0.00763
50	0.02046	0.29665	0.22448	0.02775	0.16914	0.02548	0.07383	0.02621	0.01820	0.02445	0.01425	0.01740	0.01163	0.00758	0.00730	0.00233	0.01081	0.00622	0.00381	0.01204

[dist]
# distance from previous block
# <min> <max>
22	44

[block]
# block no. 1 follows, 21 sequences, length 59
# corresponding to MSA columns:
# 341-399
name=unknown_B
#
# <colnr> <probs for GDERKNQSTAVLIFYWHMCP>
#	G	D	E	R	K	N	Q	S	T	A	V	L	I	F	Y	W	H	M	C	P
0	0.05845	0.01888	0.03137	0.19089	0.48293	0.01987	0.02468	0.02508	0.01859	0.02698	0.01559	0.02105	0.01278	0.00781	0.00828	0.00260	0.01020	0.00742	0.00417	0.01236
1	0.01978	0.01941	0.02624	0.15077	0.30467	0.07835	0.02027	0.02733	0.11683	0.02670	0.02745	0.03024	0.09489	0.01026	0.00861	0.00265	0.00954	0.00902	0.00533	0.01162
2	0.02348	0.02472	0.03152	0.04387	0.48037	0.16588	0.02338	0.02873	0.04737	0.02657	0.01618	0.02024	0.01346	0.00802	0.00827	0.00247	0.01114	0.00720	0.00445	0.01267
3	0.01221	0.00892	0.01269	0.01269	0.01386	0.01010	0.00940	0.01456	0.01338	0.01902	0.02370	0.03845	0.02345	0.20732	0.52668	0.01245	0.01952	0.00985	0.00469	0.00705
4	0.02717	0.01616	0.02094	0.16530	0.02974	0.01687	0.01513	0.17246	0.04781	0.25271	0.06299	0.03239	0.07941	0.01143	0.00876	0.00269	0.00821	0.00940	0.00815	0.01229
5	0.01371	0.00980	0.01371	0.01567	0.01763	0.00980	0.01371	0.01763	0.01959	0.02547	0.04506	0.09599	0.04898	0.02351	0.01175	0.00392	0.00784	0.59056	0.00784	0.00784
6	0.03125	0.08049	0.02534	0.02148	0.02604	0.62877	0.01633	0.03347	0.02371	0.02078	0.01307	0.01524	0.01096	0.00868	0.00754	0.00217	0.01497	0.00543	0.00434	0.00993
7	0.01137	0.00818	0.01077	0.01117	0.01256	0.00758	0.00798	0.01436	0.02094	0.02911	0.40209	0.31912	0.07058	0.02114	0.01037	0.00299	0.00439	0.01895	0.00877	0.00758
8	0.02275	0.70604	0.04459	0.01456	0.02184	0.03367	0.01456	0.02548	0.01729	0.02002	0.01183	0.01365	0.01092	0.00728	0.00546	0.00182	0.00910	0.00455	0.00364	0.01092
9	0.02117	0.01828	0.01924	0.01732	0.02213	0.02117	0.01347	0.04522	0.63246	0.03560	0.03464	0.03175	0.02598	0.01155	0.00866	0.00289	0.00673	0.00962	0.00866	0.01347
10	0.03235	0.02384	0.02554	0.01958	0.02639	0.02639	0.01618	0.61946	0.04001	0.05363	0.02043	0.02043	0.01447	0.01022	0.00851	0.00255	0.00936	0.00766	0.00851	0.01447
11	0.01100	0.00823	0.00959	0.01000	0.01146	0.00749	0.00684	0.01284	0.01788	0.02323	0.16248	0.23710	0.25265	0.16991	0.01750	0.00416	0.00528	0.01795	0.00757	0.00682
12	0.01233	0.00845	0.01027	0.01027	0.01061	0.00879	0.00639	0.01301	0.01267	0.01723	0.02591	0.05068	0.02876	0.55743	0.18383	0.00947	0.01153	0.01164	0.00502	0.00571
13	0.01605	0.01150	0.01316	0.01203	0.01541	0.01131	0.00925	0.02417	0.16721	0.08945	0.26402	0.05856	0.24108	0.01668	0.00958	0.00278	0.00506	0.01419	0.00884	0.00966
14	0.01107	0.00860	0.01006	0.00982	0.01215	0.00760	0.00732	0.01413	0.02161	0.02852	0.36408	0.10077	0.33432	0.01970	0.01008	0.00280	0.00419	0.01696	0.00864	0.00760
15	0.01238	0.00825	0.00928	0.00928	0.00928	0.00825	0.00516	0.01238	0.01238	0.01650	0.02681	0.05569	0.03094	0.70092	0.04331	0.00825	0.00825	0.01238	0.00516	0.00516
16	0.03179	0.04056	0.02412	0.02192	0.02631	0.66676	0.01644	0.03398	0.02412	0.02083	0.01315	0.01535	0.01096	0.00877	0.00767	0.00219	0.01535	0.00548	0.00438	0.00987
17	0.01204	0.00870	0.01138	0.01071	0.01271	0.00803	0.00803	0.01606	0.02409	0.03413	0.64335	0.06357	0.08030	0.01740	0.01004	0.00268	0.00401	0.01539	0.00937	0.00803
18	0.01049	0.00757	0.00994	0.01161	0.01233	0.00701	0.00784	0.01221	0.01706	0.02278	0.09678	0.61614	0.08536	0.02568	0.01076	0.00337	0.00483	0.02320	0.00802	0.00701
19	0.01277	0.01002	0.01485	0.01450	0.01587	0.01209	0.01139	0.01570	0.01362	0.01982	0.02170	0.03203	0.02032	0.05920	0.60683	0.01274	0.08536	0.00896	0.00448	0.00776
20	0.03179	0.04056	0.02412	0.02192	0.02631	0.66676	0.01644	0.03398	0.02412	0.02083	0.01315	0.01535	0.01096	0.00877	0.00767	0.00219	0.01535	0.00548	0.00438	0.00987
21	0.01058	0.00853	0.00942	0.00944	0.01188	0.00737	0.00699	0.01313	0.02027	0.02563	0.22069	0.13529	0.44893	0.02100	0.01013	0.00288	0.00430	0.01791	0.00827	0.00737
22	0.02594	0.47162	0.03738	0.01715	0.02342	0.25668	0.01522	0.02848	0.01970	0.02031	0.01230	0.01425	0.01094	0.00781	0.00624	0.00195	0.01130	0.00488	0.00390	0.01055
23	0.02538	0.02551	0.07228	0.01883	0.02443	0.16613	0.01568	0.11562	0.30796	0.07098	0.04964	0.02650	0.02164	0.01063	0.00842	0.00265	0.00942	0.00832	0.00741	0.01257
24	0.01114	0.00845	0.01020	0.01127	0.01293	0.00775	0.00841	0.01328	0.01785	0.02259	0.05949	0.28546	0.27125	0.07841	0.01337	0.00373	0.00560	0.14408	0.00767	0.00707
25	0.01238	0.00825	0.00928	0.00928	0.00928	0.00825	0.00516	0.01238	0.01238	0.01650	0.02681	0.05569	0.03094	0.70092	0.04331	0.00825	0.00825	0.01238	0.00516	0.00516
26	0.01216	0.00912	0.01368	0.01368	0.01520	0.01064	0.01064	0.01520	0.01368	0.01976	0.02279	0.03343	0.02127	0.06382	0.66720	0.01368	0.02279	0.00912	0.00456	0.00760
27	0.03179	0.04056	0.02412	0.02192	0.02631	0.66676	0.01644	0.03398	0.02412	0.02083	0.01315	0.01535	0.01096	0.00877	0.00767	0.00219	0.01535	0.00548	0.00438	0.00987
28	0.01171	0.00871	0.00996	0.01004	0.01234	0.00786	0.00769	0.01464	0.02017	0.02675	0.21925	0.07288	0.33187	0.05211	0.01147	0.00313	0.00484	0.08906	0.07805	0.00746
29	0.01924	0.01422	0.01684	0.01641	0.02011	0.01544	0.01350	0.03271	0.31215	0.08093	0.03916	0.05997	0.03576	0.01676	0.01002	0.00332	0.00726	0.26671	0.00845	0.01106
30	0.03179	0.04056	0.02412	0.02192	0.02631	0.66676	0.01644	0.03398	0.02412	0.02083	0.01315	0.01535	0.01096	0.00877	0.00767	0.00219	0.01535	0.00548	0.00438	0.00987
31	0.01941	0.31695	0.40443	0.02026	0.03065	0.02550	0.02448	0.02635	0.01769	0.02409	0.01385	0.01619	0.01084	0.00775	0.00700	0.00233	0.01114	0.00557	0.00361	0.01189
32	0.63253	0.01890	0.07394	0.01274	0.01881	0.01862	0.01158	0.02652	0.01561	0.08673	0.01392	0.01544	0.01032	0.00813	0.00580	0.00264	0.00720	0.00509	0.00553	0.00996
33	0.02931	0.09029	0.11851	0.02091	0.02730	0.36815	0.01826	0.14497	0.02573	0.05691	0.01569	0.01719	0.01207	0.00891	0.00776	0.00233	0.01292	0.00608	0.00528	0.01144
34	0.01176	0.00911	0.01325	0.14322	0.02184	0.00950	0.01145	0.01425	0.01670	0.02203	0.04053	0.51521	0.04689	0.02285	0.01047	0.00337	0.00643	0.06657	0.00709	0.00748
35	0.08466	0.02773	0.11332	0.03299	0.27761	0.16581	0.02155	0.08487	0.02211	0.06695	0.01640	0.01919	0.01275	0.00837	0.00797	0.00249	0.01110	0.00676	0.00504	0.01235
36	0.01147	0.00864	0.01082	0.01194	0.01376	0.00799	0.00928	0.01415	0.01900	0.02444	0.11468	0.26226	0.23614	0.02325	0.01081	0.00335	0.00556	0.19706	0.00802	0.00739
37	0.02369	0.02458	0.02570	0.18485	0.19617	0.22586	0.01964	0.07430	0.02183	0.02658	0.01641	0.02063	0.01307	0.00862	0.00797	0.00244	0.01141	0.00695	0.07841	0.01090
38	0.01127	0.00872	0.01030	0.01004	0.01242	0.00775	0.00762	0.01448	0.02186	0.02893	0.37553	0.07298	0.32168	0.01947	0.01013	0.00282	0.00432	0.04338	0.00867	0.00766
39	0.01286	0.00772	0.00997	0.01040	0.01134	0.00729	0.00716	0.01233	0.01473	0.01974	0.03908	0.18463	0.16628	0.02527	0.02058	0.34986	0.00584	0.01348	0.07586	0.00558
40	0.02839	0.17604	0.03068	0.02409	0.12021	0.19570	0.01741	0.24555	0.02774	0.03374	0.01597	0.01771	0.01262	0.00879	0.00761	0.00230	0.01100	0.00640	0.00571	0.01234
41	0.01020	0.00805	0.00921	0.01013	0.01189	0.00706	0.00714	0.01204	0.01794	0.02240	0.06779	0.36940	0.36877	0.02395	0.01043	0.00315	0.00460	0.02088	0.00790	0.00706
42	0.01970	0.19569	0.45927	0.02182	0.03244	0.08125	0.02622	0.02725	0.01837	0.02481	0.01429	0.01674	0.01083	0.00796	0.00745	0.00245	0.01203	0.00582	0.00368	0.01195
43	0.02696	0.17596	0.03096	0.02500	0.15973	0.02582	0.01749	0.32853	0.02937	0.03942	0.01788	0.01957	0.01380	0.00897	0.00769	0.00236	0.00921	0.00696	0.04117	0.01315
44	0.01006	0.00862	0.00862	0.00862	0.01149	0.00718	0.00647	0.01221	0.01940	0.02299	0.08621	0.08190	0.64438	0.02155	0.01006	0.00287	0.00431	0.01796	0.00790	0.00718
45	0.02014	0.01928	0.03288	0.16827	0.53901	0.01998	0.02566	0.02531	0.01894	0.02668	0.01584	0.02136	0.01309	0.00775	0.00844	0.00258	0.01034	0.00758	0.00413	0.01274
46	0.02945	0.06146	0.02640	0.05192	0.08491	0.29359	0.01734	0.24219	0.05408	0.03382	0.01694	0.01862	0.01309	0.00921	0.00802	0.00239	0.01190	0.00668	0.00596	0.01203
47	0.03078	0.03864	0.02510	0.02479	0.08500	0.60570	0.01736	0.03324	0.02367	0.02149	0.01342	0.01589	0.01120	0.00866	0.00774	0.00222	0.01485	0.00568	0.00437	0.01021
48	0.01801	0.03839	0.50953	0.03088	0.18146	0.01987	0.03018	0.02675	0.01830	0.02715	0.01545	0.01870	0.01142	0.00797	0.00817	0.00266	0.01199	0.00659	0.00374	0.01279
49	0.01084	0.00858	0.00990	0.01073	0.01289	0.00763	0.00821	0.01319	0.01874	0.02319	0.06929	0.22283	0.39519	0.02309	0.01057	0.00321	0.00514	0.13164	0.00789	0.00725
50	0.01214	0.00860	0.01089	0.01078	0.01171	0.00885	0.00732	0.01384	0.01517	0.02088	0.13786	0.05189	0.06624	0.36261	0.21656	0.00858	0.01152	0.01223	0.00586	0.00647
51	0.01786	0.02831	0.28052	0.02378	0.03255	0.01816	0.19418	0.07979	0.02097	0.02870	0.03175	0.03355	0.14953	0.01095	0.00912	0.00277	0.01099	0.01004	0.00520	0.01126
52	0.02157	0.16144	0.28636	0.02289	0.08736	0.02302	0.02237	0.15916	0.02343	0.03229	0.06646	0.02166	0.01750	0.00911	0.00787	0.00248	0.01026	0.00712	0.00523	0.01240
53	0.01848	0.18592	0.49568	0.02346	0.06197	0.02279	0.02755	0.02659	0.01789	0.02549	0.01456	0.01718	0.01094	0.00789	0.00753	0.00250	0.01171	0.00597	0.00363	0.01226
54	0.06092	0.02485	0.16068	0.02173	0.07574	0.04953	0.04586	0.22086	0.02446	0.03414	0.01910	0.02542	0.01592	0.10738	0.07233	0.00436	0.01155	0.00798	0.00573	0.01148
55	0.02031	0.03129	0.30567	0.02427	0.09053	0.07155	0.04891	0.06557	0.12918	0.03014	0.02019	0.02218	0.01512	0.00897	0.00810	0.00260	0.01059	0.00735	0.07526	0.01223
56	0.05040	0.02222	0.02419	0.02960	0.24682	0.16693	0.01750	0.05749	0.07011	0.02748	0.02236	0.13989	0.02135	0.01164	0.00846	0.00257	0.00973	0.00995	0.00558	0.05573
57	0.15485	0.02327	0.04912	0.01899	0.02405	0.16414	0.09551	0.10371	0.02259	0.03136	0.10475	0.02965	0.07923	0.01126	0.00944	0.00265	0.05041	0.00886	0.00599	0.01017
58	0.06336	0.02569	0.21242	0.12312	0.32571	0.01928	0.02550	0.02505	0.01800	0.02680	0.01537	0.02015	0.01221	0.00884	0.00924	0.03556	0.01066	0.00702	0.00402	0.01200

[dist]
# distance from previous block
# <min> <max>
0	109

[block]
# block no. 2 follows, 21 sequences, length 43
# corresponding to MSA columns:
# 509-551
name=unknown_C
#
# <colnr> <probs for GDERKNQSTAVLIFYWHMCP>
#	G	D	E	R	K	N	Q	S	T	A	V	L	I	F	Y	W	H	M	C	P
0	0.02301	0.16485	0.02617	0.10918	0.02704	0.23604	0.01558	0.06765	0.02094	0.02339	0.02328	0.07353	0.07759	0.01162	0.00949	0.00251	0.06478	0.00852	0.00500	0.00983
1	0.02360	0.02142	0.01938	0.01793	0.02146	0.20527	0.01443	0.07341	0.05161	0.09389	0.02946	0.04487	0.05083	0.01830	0.05804	0.00376	0.06512	0.17056	0.00665	0.01002
2	0.02724	0.06970	0.14740	0.02416	0.07500	0.39228	0.02003	0.07308	0.02296	0.02483	0.01416	0.01669	0.01138	0.00882	0.00855	0.00238	0.03989	0.00598	0.00445	0.01102
3	0.02213	0.02044	0.02176	0.02363	0.14903	0.12574	0.01536	0.14518	0.05849	0.03055	0.02776	0.08908	0.06549	0.05855	0.01107	0.00299	0.00923	0.05140	0.00632	0.06579
4	0.02734	0.02224	0.07178	0.01981	0.02653	0.06535	0.07749	0.23718	0.02772	0.15051	0.02394	0.03023	0.01883	0.01086	0.00874	0.00262	0.00967	0.07547	0.00736	0.08633
5	0.02348	0.33554	0.06780	0.02262	0.03045	0.02790	0.20568	0.13743	0.02246	0.02889	0.01528	0.01804	0.01221	0.00783	0.00759	0.00232	0.01095	0.00694	0.00476	0.01183
6	0.02534	0.20397	0.02728	0.01645	0.02238	0.06734	0.01408	0.29755	0.02867	0.03629	0.02939	0.03148	0.11714	0.01174	0.00803	0.00244	0.00881	0.03307	0.00681	0.01175
7	0.01644	0.01527	0.01558	0.01676	0.05945	0.09081	0.01224	0.02327	0.13357	0.02596	0.05026	0.09913	0.22360	0.01802	0.00989	0.00307	0.00743	0.16266	0.00735	0.00925
8	0.01588	0.01531	0.05392	0.01977	0.02361	0.01538	0.14007	0.06193	0.01708	0.02415	0.02043	0.02871	0.01795	0.04258	0.41347	0.00951	0.05734	0.00898	0.00469	0.00925
9	0.02002	0.43959	0.07842	0.01421	0.02078	0.02577	0.01395	0.06736	0.01956	0.02377	0.03058	0.03085	0.16318	0.01099	0.00698	0.00219	0.00822	0.00813	0.00503	0.01041
10	0.01062	0.00759	0.01017	0.01214	0.01274	0.00713	0.00834	0.01229	0.01654	0.02201	0.04676	0.65001	0.05573	0.02642	0.01093	0.00349	0.00516	0.06706	0.00789	0.00698
11	0.10012	0.03571	0.33617	0.02504	0.03444	0.13828	0.15765	0.02810	0.01919	0.02710	0.01495	0.01816	0.01112	0.00799	0.00815	0.00264	0.01284	0.00680	0.00408	0.01148
12	0.03192	0.03676	0.02444	0.02139	0.02633	0.52137	0.01638	0.16691	0.02773	0.02828	0.01481	0.01650	0.01176	0.00910	0.00786	0.00227	0.01399	0.00598	0.00532	0.01091
13	0.01302	0.00957	0.01275	0.01434	0.01647	0.00930	0.01234	0.01660	0.01955	0.02500	0.05286	0.09332	0.16189	0.02314	0.01143	0.00372	0.00717	0.48197	0.00785	0.00771
14	0.01927	0.01614	0.01986	0.01664	0.02077	0.04739	0.05753	0.14314	0.02167	0.03017	0.02469	0.16922	0.02401	0.01955	0.08934	0.00390	0.05973	0.01102	0.05584	0.15011
15	0.02911	0.03420	0.02686	0.02945	0.18403	0.45677	0.01888	0.07397	0.02405	0.02495	0.01440	0.01716	0.01185	0.00857	0.00792	0.00230	0.01359	0.00617	0.00464	0.01111
16	0.01216	0.00912	0.01368	0.01368	0.01520	0.01064	0.01064	0.01520	0.01368	0.01976	0.02279	0.03343	0.02127	0.06382	0.66720	0.01368	0.02279	0.00912	0.00456	0.00760
17	0.02029	0.01941	0.03272	0.04917	0.60319	0.01931	0.02474	0.02514	0.01938	0.02746	0.02093	0.02533	0.05775	0.00856	0.00854	0.00255	0.00970	0.00831	0.00447	0.01304
18	0.02251	0.02511	0.02549	0.02222	0.02352	0.21557	0.01797	0.02447	0.01631	0.02058	0.01176	0.01765	0.01111	0.01308	0.02194	0.00327	0.48717	0.00687	0.00392	0.00947
19	0.01013	0.00833	0.00892	0.00940	0.01170	0.00712	0.00681	0.01213	0.01865	0.02269	0.07678	0.22910	0.50327	0.02278	0.01025	0.00301	0.00446	0.01946	0.00790	0.00712
20	0.02175	0.03262	0.23292	0.03291	0.16992	0.15292	0.18022	0.02829	0.02009	0.02596	0.01551	0.01941	0.01196	0.00788	0.00859	0.00260	0.01307	0.00739	0.00408	0.01193
21	0.01901	0.01810	0.03039	0.20486	0.45462	0.01893	0.02405	0.02400	0.01879	0.02594	0.02098	0.02596	0.05959	0.00884	0.00857	0.00263	0.00999	0.00834	0.00438	0.01202
22	0.01217	0.00906	0.01338	0.01338	0.01480	0.01048	0.01027	0.01501	0.01359	0.01954	0.02306	0.03492	0.02192	0.10644	0.62547	0.01331	0.02182	0.00934	0.00460	0.00743
23	0.02033	0.01940	0.03263	0.14323	0.53706	0.02006	0.02526	0.02621	0.04271	0.02721	0.01660	0.02171	0.01365	0.00787	0.00845	0.00259	0.01016	0.00766	0.00432	0.01289
24	0.01802	0.01491	0.01786	0.01531	0.04510	0.01296	0.01158	0.06629	0.06596	0.02942	0.02319	0.09472	0.02178	0.01079	0.00773	0.00201	0.00673	0.06580	0.00610	0.46373
25	0.01160	0.00771	0.00929	0.01049	0.01153	0.00725	0.00714	0.01356	0.01669	0.02355	0.04609	0.44251	0.11545	0.07099	0.01209	0.00343	0.00490	0.01929	0.15941	0.00703
26	0.01021	0.00863	0.00883	0.00878	0.01159	0.00725	0.00658	0.01250	0.01975	0.02383	0.12838	0.08051	0.60169	0.02124	0.01006	0.00286	0.00429	0.01777	0.00801	0.00725
27	0.01159	0.00951	0.01153	0.01260	0.05898	0.00845	0.00848	0.01463	0.02109	0.02736	0.28186	0.07079	0.39440	0.01902	0.00993	0.00278	0.00463	0.01627	0.00816	0.00795
28	0.01421	0.01207	0.01737	0.01619	0.01716	0.01539	0.01289	0.01672	0.01341	0.01982	0.01932	0.02986	0.01856	0.07983	0.43463	0.01027	0.23120	0.00875	0.00432	0.00802
29	0.01238	0.00825	0.00928	0.00928	0.00928	0.00825	0.00516	0.01238	0.01238	0.01650	0.02681	0.05569	0.03094	0.70092	0.04331	0.00825	0.00825	0.01238	0.00516	0.00516
30	0.01238	0.00825	0.00928	0.00928	0.00928	0.00825	0.00516	0.01238	0.01238	0.01650	0.02681	0.05569	0.03094	0.70092	0.04331	0.00825	0.00825	0.01238	0.00516	0.00516
31	0.02567	0.02832	0.02754	0.03262	0.26153	0.29214	0.01975	0.07250	0.02244	0.02601	0.01838	0.02155	0.04463	0.00953	0.00964	0.00249	0.06188	0.00723	0.00476	0.01140
32	0.02262	0.02421	0.02560	0.02696	0.15191	0.20862	0.05155	0.02986	0.13415	0.02520	0.01911	0.02294	0.01587	0.01738	0.10276	0.00422	0.09325	0.00769	0.00509	0.01099
33	0.01043	0.00775	0.00973	0.01110	0.01220	0.00705	0.00762	0.01224	0.01751	0.02290	0.09905	0.52294	0.17858	0.02493	0.01064	0.00328	0.00474	0.02226	0.00801	0.00705
34	0.03957	0.01181	0.05919	0.01276	0.01575	0.00927	0.01034	0.01816	0.01832	0.11793	0.04912	0.37622	0.16220	0.02111	0.01001	0.00315	0.00590	0.04266	0.00789	0.00864
35	0.01994	0.01641	0.04859	0.02028	0.06942	0.01501	0.11791	0.07912	0.07811	0.11144	0.09301	0.07456	0.16119	0.04275	0.01083	0.00302	0.00807	0.01224	0.00731	0.01079
36	0.02193	0.02420	0.03448	0.19181	0.20265	0.16126	0.18817	0.02710	0.02004	0.02468	0.01551	0.02073	0.01226	0.00795	0.00873	0.00262	0.01273	0.00781	0.00417	0.01117
37	0.01097	0.00832	0.01026	0.01157	0.01318	0.00761	0.00865	0.01320	0.01804	0.02294	0.05976	0.36174	0.25295	0.02427	0.01078	0.00336	0.00534	0.14198	0.00789	0.00720
38	0.02254	0.05890	0.03246	0.13715	0.36585	0.15329	0.05686	0.02711	0.01993	0.02504	0.01515	0.01986	0.01248	0.00793	0.00822	0.00249	0.01156	0.00713	0.00416	0.01189
39	0.02230	0.02257	0.03334	0.04873	0.57592	0.09503	0.02500	0.02703	0.01993	0.02700	0.01568	0.02040	0.01319	0.00772	0.00834	0.00249	0.01072	0.00734	0.00423	0.01306
40	0.01078	0.00801	0.01015	0.01169	0.01291	0.00738	0.00841	0.01275	0.01743	0.02253	0.05517	0.47720	0.18290	0.02511	0.01081	0.00340	0.00521	0.10317	0.00789	0.00710
41	0.02507	0.02516	0.02968	0.09871	0.33824	0.17350	0.02188	0.13027	0.02384	0.03006	0.01602	0.01976	0.01286	0.00841	0.00827	0.00248	0.01133	0.00710	0.00496	0.01242
42	0.06221	0.03873	0.02370	0.02136	0.02590	0.60816	0.01613	0.06251	0.02450	0.02317	0.01346	0.01553	0.01106	0.00880	0.00761	0.00223	0.01469	0.00555	0.00463	0.01007

[dist]
# distance from previous block
# <min> <max>
0	1

[block]
# block no. 3 follows, 21 sequences, length 72
# corresponding to MSA columns:
# 553-624
name=unknown_D
#
# <colnr> <probs for GDERKNQSTAVLIFYWHMCP>
#	G	D	E	R	K	N	Q	S	T	A	V	L	I	F	Y	W	H	M	C	P
0	0.03005	0.07544	0.02593	0.02204	0.05670	0.38428	0.01652	0.18298	0.07221	0.03056	0.01665	0.01803	0.01308	0.00919	0.00786	0.00233	0.01254	0.00639	0.00569	0.01155
1	0.02275	0.70604	0.04459	0.01456	0.02184	0.03367	0.01456	0.02548	0.01729	0.02002	0.01183	0.01365	0.01092	0.00728	0.00546	0.00182	0.00910	0.00455	0.00364	0.01092
2	0.01058	0.00852	0.00943	0.00947	0.01188	0.00737	0.00700	0.01313	0.02025	0.02562	0.22034	0.13968	0.44479	0.02104	0.01013	0.00288	0.00430	0.01796	0.00827	0.00737
3	0.01393	0.00825	0.00967	0.00978	0.01113	0.00858	0.00696	0.01666	0.01556	0.02500	0.02739	0.07203	0.02553	0.17892	0.16834	0.00619	0.00936	0.01005	0.36950	0.00718
4	0.05594	0.01549	0.01799	0.06491	0.02243	0.01681	0.01281	0.17809	0.15095	0.08999	0.03241	0.24396	0.03064	0.01566	0.00916	0.00295	0.00720	0.01340	0.00802	0.01118
5	0.59692	0.01891	0.01538	0.01319	0.01869	0.05085	0.01080	0.13134	0.01948	0.04012	0.01344	0.01507	0.01023	0.00835	0.00596	0.00260	0.00749	0.00519	0.00580	0.01018
6	0.01023	0.00863	0.00887	0.00881	0.01160	0.00726	0.00660	0.01256	0.01981	0.02398	0.13577	0.08027	0.59421	0.02118	0.01006	0.00286	0.00428	0.01773	0.00803	0.00726
7	0.01023	0.00794	0.00932	0.01043	0.01197	0.00703	0.00727	0.01201	0.01766	0.02228	0.06423	0.42498	0.31549	0.02441	0.01051	0.00320	0.00466	0.02145	0.00790	0.00703
8	0.02070	0.01985	0.03388	0.09840	0.60454	0.02012	0.02593	0.02580	0.01920	0.02736	0.01594	0.02118	0.01332	0.00765	0.00843	0.00255	0.01020	0.00758	0.00418	0.01318
9	0.01036	0.00868	0.00905	0.00908	0.01185	0.00736	0.00690	0.01273	0.01975	0.02392	0.12535	0.08117	0.57679	0.02133	0.01013	0.00291	0.00444	0.04291	0.00801	0.00727
10	0.01025	0.00788	0.00939	0.01059	0.01201	0.00702	0.00734	0.01199	0.01750	0.02222	0.06222	0.45638	0.28539	0.02467	0.01055	0.00323	0.00469	0.02176	0.00790	0.00702
11	0.02106	0.02022	0.03454	0.05223	0.64784	0.02022	0.02612	0.02612	0.01938	0.02780	0.01601	0.02106	0.01348	0.00758	0.00842	0.00253	0.01011	0.00758	0.00421	0.01348
12	0.02035	0.02044	0.03022	0.27624	0.37171	0.08543	0.02424	0.02534	0.01901	0.02490	0.01540	0.02107	0.01245	0.00804	0.00838	0.00260	0.01109	0.00736	0.00407	0.01166
13	0.02106	0.02022	0.03454	0.05223	0.64784	0.02022	0.02612	0.02612	0.01938	0.02780	0.01601	0.02106	0.01348	0.00758	0.00842	0.00253	0.01011	0.00758	0.00421	0.01348
14	0.02158	0.04210	0.46426	0.02342	0.03363	0.18351	0.02686	0.05948	0.02066	0.02679	0.01500	0.01743	0.01102	0.00837	0.00800	0.00256	0.01311	0.00616	0.00405	0.01199
15	0.01254	0.01227	0.01039	0.01014	0.01319	0.08251	0.00761	0.01470	0.01994	0.02274	0.07787	0.07430	0.57205	0.02009	0.00979	0.00280	0.00557	0.01654	0.00750	0.00749
16	0.01037	0.00741	0.00987	0.01185	0.01234	0.00691	0.00790	0.01185	0.01629	0.02172	0.04690	0.69537	0.05629	0.02666	0.01086	0.00346	0.00494	0.02419	0.00790	0.00691
17	0.01607	0.01513	0.02552	0.68047	0.05861	0.01891	0.02363	0.02174	0.01702	0.02174	0.01513	0.02269	0.01134	0.00851	0.00851	0.00284	0.01134	0.00756	0.00378	0.00945
18	0.01478	0.00739	0.01109	0.01109	0.01109	0.00739	0.00739	0.01109	0.01109	0.01478	0.01478	0.02587	0.01478	0.02956	0.03326	0.75240	0.00739	0.00739	0.00370	0.00370
19	0.01460	0.00947	0.01097	0.01013	0.01329	0.00818	0.00776	0.01744	0.02142	0.11558	0.23492	0.06925	0.39784	0.01882	0.00984	0.00278	0.00464	0.01591	0.00869	0.00846
20	0.01157	0.00868	0.01072	0.01021	0.01242	0.00783	0.00766	0.01514	0.02297	0.03148	0.51081	0.06793	0.21448	0.01839	0.01004	0.00272	0.00409	0.01600	0.00902	0.00783
21	0.01194	0.00982	0.01021	0.00990	0.01300	0.00877	0.00767	0.05720	0.02093	0.02541	0.07860	0.07833	0.55794	0.02085	0.01006	0.00292	0.00492	0.05582	0.00794	0.00776
22	0.01085	0.00761	0.00973	0.01124	0.01161	0.00723	0.00725	0.01197	0.01536	0.02048	0.04213	0.54320	0.05026	0.18706	0.01858	0.00460	0.00573	0.02138	0.00725	0.00649
23	0.03063	0.08874	0.02658	0.02245	0.05863	0.44923	0.01675	0.15485	0.02664	0.02796	0.01472	0.01657	0.01182	0.00889	0.00771	0.00226	0.01333	0.00597	0.00518	0.01110
24	0.01246	0.00927	0.01345	0.01396	0.01565	0.01026	0.01124	0.01569	0.01547	0.02138	0.03148	0.05183	0.05732	0.05146	0.46756	0.01066	0.01808	0.15960	0.00556	0.00764
25	0.76103	0.01646	0.01251	0.01119	0.01646	0.01909	0.00922	0.02502	0.01448	0.03818	0.01185	0.01382	0.00922	0.00790	0.00527	0.00263	0.00658	0.00461	0.00527	0.00922
26	0.02080	0.01995	0.03407	0.08525	0.61687	0.02015	0.02599	0.02589	0.01925	0.02748	0.01596	0.02115	0.01337	0.00763	0.00843	0.00254	0.01017	0.00758	0.00419	0.01327
27	0.01469	0.01440	0.01603	0.01625	0.06980	0.07358	0.04188	0.01859	0.05203	0.02453	0.09219	0.06061	0.40448	0.01733	0.01050	0.00281	0.04027	0.01439	0.00698	0.00868
28	0.01236	0.00831	0.00958	0.00958	0.00968	0.00841	0.00553	0.01257	0.01246	0.01672	0.02654	0.05419	0.03029	0.65796	0.08539	0.00862	0.00923	0.01216	0.00512	0.00532
29	0.01037	0.00741	0.00987	0.01185	0.01234	0.00691	0.00790	0.01185	0.01629	0.02172	0.04690	0.69537	0.05629	0.02666	0.01086	0.00346	0.00494	0.02419	0.00790	0.00691
30	0.02073	0.01988	0.03393	0.09460	0.60810	0.02013	0.02595	0.02582	0.01922	0.02739	0.01595	0.02117	0.01334	0.00764	0.00843	0.00255	0.01019	0.00758	0.00418	0.01321
31	0.02020	0.01934	0.03299	0.16055	0.54625	0.01999	0.02569	0.02536	0.01897	0.02676	0.01586	0.02134	0.01311	0.00774	0.00844	0.00258	0.01032	0.00758	0.00414	0.01279
32	0.01076	0.00885	0.00960	0.00998	0.01268	0.00769	0.00786	0.01326	0.01943	0.02347	0.07827	0.08462	0.52957	0.02193	0.01038	0.00308	0.00499	0.12838	0.00789	0.00731
33	0.11221	0.01330	0.01328	0.01150	0.01520	0.01432	0.00913	0.18330	0.02345	0.03847	0.02381	0.02645	0.01827	0.00975	0.00656	0.00222	0.00575	0.00745	0.45572	0.00987
34	0.02059	0.01979	0.02855	0.06689	0.36015	0.05098	0.02137	0.02867	0.13585	0.02735	0.01915	0.02326	0.01578	0.01231	0.04551	0.00333	0.09524	0.00794	0.00501	0.01229
35	0.01164	0.00817	0.01064	0.01214	0.01287	0.00791	0.00863	0.01335	0.01614	0.02137	0.04169	0.40114	0.04852	0.18631	0.01879	0.00471	0.00641	0.15562	0.00723	0.00671
36	0.01238	0.00825	0.00928	0.00928	0.00928	0.00825	0.00516	0.01238	0.01238	0.01650	0.02681	0.05569	0.03094	0.70092	0.04331	0.00825	0.00825	0.01238	0.00516	0.00516
37	0.01060	0.00864	0.00938	0.00919	0.01183	0.00742	0.00690	0.01327	0.02069	0.02605	0.23947	0.07686	0.48921	0.02041	0.01005	0.00282	0.00423	0.01725	0.00831	0.00742
38	0.01142	0.00823	0.00969	0.01001	0.01136	0.00761	0.00682	0.01338	0.01793	0.02402	0.18907	0.21436	0.19396	0.19139	0.01840	0.00427	0.00536	0.01702	0.03885	0.00684
39	0.03165	0.02349	0.02514	0.01944	0.02612	0.02606	0.01601	0.58340	0.07722	0.05250	0.02132	0.02114	0.01519	0.01030	0.00852	0.00257	0.00920	0.00778	0.00852	0.01441
40	0.02109	0.01977	0.03099	0.04412	0.50238	0.02044	0.02318	0.03056	0.16190	0.02961	0.02034	0.02355	0.01639	0.00850	0.00848	0.00261	0.00933	0.00806	0.00525	0.01348
41	0.02465	0.02701	0.03106	0.04211	0.44020	0.23621	0.02289	0.02874	0.02096	0.02547	0.01505	0.01915	0.01264	0.00798	0.00817	0.00242	0.01186	0.00688	0.00427	0.01227
42	0.03206	0.03251	0.02480	0.02080	0.02635	0.35861	0.01631	0.31571	0.03177	0.03661	0.01666	0.01779	0.01265	0.00947	0.00808	0.00237	0.01247	0.00653	0.00637	0.01208
43	0.02119	0.52413	0.21283	0.01723	0.02596	0.02985	0.01920	0.02589	0.01748	0.02193	0.01278	0.01484	0.01088	0.00750	0.00618	0.00206	0.01006	0.00503	0.00363	0.01138
44	0.01258	0.00943	0.01044	0.00993	0.01287	0.00837	0.00753	0.01637	0.05128	0.05929	0.22499	0.07192	0.43542	0.01941	0.00991	0.00281	0.00451	0.01639	0.00846	0.00809
45	0.01216	0.00912	0.01368	0.01368	0.01520	0.01064	0.01064	0.01520	0.01368	0.01976	0.02279	0.03343	0.02127	0.06382	0.66720	0.01368	0.02279	0.00912	0.00456	0.00760
46	0.01238	0.00825	0.00928	0.00928	0.00928	0.00825	0.00516	0.01238	0.01238	0.01650	0.02681	0.05569	0.03094	0.70092	0.04331	0.00825	0.00825	0.01238	0.00516	0.00516
47	0.01192	0.00806	0.00942	0.00986	0.00997	0.00795	0.00577	0.01226	0.01326	0.01768	0.03134	0.19973	0.03665	0.54909	0.03601	0.00717	0.00750	0.01504	0.00577	0.00555
48	0.01102	0.00829	0.01116	0.01268	0.01314	0.00843	0.00875	0.01253	0.01603	0.02163	0.04407	0.64174	0.05271	0.02573	0.01221	0.00348	0.05885	0.02287	0.00757	0.00710
49	0.01225	0.00877	0.01189	0.01189	0.01279	0.00967	0.00841	0.01405	0.01315	0.01843	0.02443	0.04247	0.02520	0.32253	0.41386	0.01147	0.01689	0.01044	0.00480	0.00661
50	0.01015	0.00825	0.00900	0.00960	0.01175	0.00710	0.00690	0.01210	0.01845	0.02260	0.07424	0.26868	0.46533	0.02311	0.01030	0.00305	0.00450	0.01986	0.00790	0.00710
51	0.01037	0.00741	0.00987	0.01185	0.01234	0.00691	0.00790	0.01185	0.01629	0.02172	0.04690	0.69537	0.05629	0.02666	0.01086	0.00346	0.00494	0.02419	0.00790	0.00691
52	0.01006	0.00862	0.00862	0.00862	0.01149	0.00718	0.00647	0.01221	0.01940	0.02299	0.08621	0.08190	0.64438	0.02155	0.01006	0.00287	0.00431	0.01796	0.00790	0.00718
53	0.01984	0.02470	0.10040	0.03491	0.04384	0.02138	0.56850	0.02723	0.01991	0.02723	0.01706	0.02254	0.01274	0.00725	0.00988	0.00286	0.01420	0.00973	0.00425	0.01157
54	0.03179	0.04056	0.02412	0.02192	0.02631	0.66676	0.01644	0.03398	0.02412	0.02083	0.01315	0.01535	0.01096	0.00877	0.00767	0.00219	0.01535	0.00548	0.00438	0.00987
55	0.01262	0.00944	0.01219	0.01356	0.01579	0.00901	0.01154	0.01601	0.01953	0.02472	0.05740	0.09177	0.22755	0.02292	0.01125	0.00360	0.00678	0.41883	0.00786	0.00764
56	0.01231	0.00834	0.00968	0.00955	0.00994	0.00821	0.00571	0.01308	0.01462	0.01988	0.14493	0.05720	0.04039	0.56998	0.03694	0.00718	0.00744	0.01295	0.00596	0.00571
57	0.01982	0.02406	0.08711	0.03447	0.04289	0.02164	0.55036	0.02690	0.01960	0.02690	0.01679	0.02243	0.01269	0.00762	0.01081	0.00290	0.04765	0.00968	0.00423	0.01144
58	0.01037	0.00741	0.00987	0.01185	0.01234	0.00691	0.00790	0.01185	0.01629	0.02172	0.04690	0.69537	0.05629	0.02666	0.01086	0.00346	0.00494	0.02419	0.00790	0.00691
59	0.01203	0.00899	0.01340	0.01354	0.01499	0.01036	0.01044	0.01495	0.01387	0.01990	0.02457	0.08208	0.02385	0.06109	0.61897	0.01293	0.02148	0.01023	0.00480	0.00755
60	0.03179	0.04056	0.02412	0.02192	0.02631	0.66676	0.01644	0.03398	0.02412	0.02083	0.01315	0.01535	0.01096	0.00877	0.00767	0.00219	0.01535	0.00548	0.00438	0.00987
61	0.01707	0.04402	0.65683	0.02426	0.03683	0.01976	0.03144	0.02695	0.01797	0.02695	0.01527	0.01797	0.01078	0.00809	0.00809	0.00270	0.01258	0.00629	0.00359	0.01258
62	0.01878	0.01789	0.03042	0.33975	0.37818	0.01962	0.02498	0.02412	0.01830	0.02503	0.01560	0.02181	0.01250	0.00801	0.00846	0.00267	0.01067	0.00757	0.00402	0.01164
63	0.02106	0.02022	0.03454	0.05223	0.64784	0.02022	0.02612	0.02612	0.01938	0.02780	0.01601	0.02106	0.01348	0.00758	0.00842	0.00253	0.01011	0.00758	0.00421	0.01348
64	0.01906	0.01818	0.03093	0.30369	0.41199	0.01969	0.02512	0.02437	0.01843	0.02538	0.01565	0.02171	0.01263	0.00795	0.00846	0.00265	0.01060	0.00757	0.00404	0.01187
65	0.01143	0.00968	0.01004	0.00998	0.01299	0.00878	0.00767	0.01593	0.08170	0.02444	0.07819	0.07776	0.54140	0.02067	0.01003	0.00295	0.00479	0.05573	0.00797	0.00787
66	0.01036	0.00846	0.00921	0.00972	0.01207	0.00731	0.00723	0.01251	0.01881	0.02291	0.07581	0.20192	0.49008	0.02268	0.01033	0.00306	0.00467	0.05779	0.00790	0.00718
67	0.01220	0.00840	0.01036	0.01048	0.01088	0.00873	0.00663	0.01301	0.01293	0.01760	0.02712	0.09059	0.03024	0.50757	0.18915	0.00924	0.01149	0.01235	0.00519	0.00585
68	0.02596	0.02700	0.02073	0.01917	0.02334	0.32123	0.01508	0.07558	0.13530	0.05399	0.02590	0.03804	0.02323	0.01288	0.00890	0.00277	0.01124	0.14254	0.00653	0.01059
69	0.03182	0.03951	0.02421	0.02178	0.02631	0.62654	0.01643	0.07075	0.02511	0.02289	0.01361	0.01567	0.01118	0.00886	0.00773	0.00222	0.01497	0.00562	0.00464	0.01016
70	0.01497	0.01119	0.01397	0.01516	0.04787	0.01123	0.01028	0.12510	0.02105	0.02803	0.04305	0.49405	0.08599	0.02228	0.01025	0.00320	0.00598	0.01985	0.00782	0.00867
71	0.02328	0.01660	0.01799	0.01493	0.01947	0.01801	0.01193	0.29261	0.11006	0.04255	0.13932	0.03254	0.02988	0.01165	0.00822	0.00249	0.00677	0.00941	0.18064	0.01163

[dist]
# distance from previous block
# <min> <max>
7	11

[block]
# block no. 4 follows, 21 sequences, length 32
# corresponding to MSA columns:
# 636-667
name=unknown_E
#
# <colnr> <probs for GDERKNQSTAVLIFYWHMCP>
#	G	D	E	R	K	N	Q	S	T	A	V	L	I	F	Y	W	H	M	C	P
0	0.02070	0.03602	0.33433	0.02386	0.08143	0.20039	0.02333	0.02704	0.02036	0.02555	0.06560	0.02526	0.06009	0.00985	0.00828	0.00255	0.01195	0.00764	0.00459	0.01118
1	0.01932	0.18638	0.30727	0.02538	0.03495	0.02375	0.19942	0.02638	0.01819	0.02514	0.01486	0.01849	0.01146	0.00798	0.00908	0.00260	0.04674	0.00706	0.00382	0.01171
2	0.01006	0.00862	0.00862	0.00862	0.01149	0.00718	0.00647	0.01221	0.01940	0.02299	0.08621	0.08190	0.64438	0.02155	0.01006	0.00287	0.00431	0.01796	0.00790	0.00718
3	0.02106	0.02022	0.03454	0.05223	0.64784	0.02022	0.02612	0.02612	0.01938	0.02780	0.01601	0.02106	0.01348	0.00758	0.00842	0.00253	0.01011	0.00758	0.00421	0.01348
4	0.02425	0.02627	0.03144	0.04322	0.46300	0.21249	0.02324	0.02846	0.02079	0.02573	0.01516	0.01936	0.01273	0.00794	0.00820	0.00243	0.01167	0.00696	0.00426	0.01241
5	0.02259	0.01796	0.01929	0.01714	0.02210	0.02044	0.01339	0.04491	0.58162	0.08728	0.03455	0.03152	0.02557	0.01146	0.00865	0.00287	0.00678	0.00953	0.00882	0.01355
6	0.01219	0.00900	0.01308	0.01308	0.01440	0.01032	0.00990	0.01482	0.01350	0.01932	0.02334	0.03644	0.02258	0.14985	0.58296	0.01294	0.02083	0.00956	0.00464	0.00727
7	0.02373	0.27643	0.03846	0.02271	0.02918	0.20247	0.18980	0.02762	0.01973	0.02233	0.01452	0.01819	0.01223	0.01158	0.05330	0.00305	0.01329	0.00672	0.00410	0.01056
8	0.01258	0.00910	0.01231	0.01391	0.01562	0.00883	0.01144	0.01585	0.01924	0.02520	0.09849	0.22253	0.09674	0.02354	0.01129	0.00364	0.00663	0.37748	0.00798	0.00760
9	0.01707	0.04402	0.65683	0.02426	0.03683	0.01976	0.03144	0.02695	0.01797	0.02695	0.01527	0.01797	0.01078	0.00809	0.00809	0.00270	0.01258	0.00629	0.00359	0.01258
10	0.01957	0.01869	0.03184	0.24041	0.47135	0.01983	0.02537	0.02481	0.01867	0.02599	0.01574	0.02155	0.01284	0.00786	0.00845	0.00262	0.01048	0.00758	0.00408	0.01227
11	0.01143	0.00882	0.01057	0.01169	0.01318	0.00847	0.00816	0.01543	0.08166	0.02347	0.05451	0.48685	0.18624	0.02392	0.01045	0.00326	0.00498	0.02125	0.00798	0.00766
