[name]
unknown

[dist]
# distance from previous block
# <min> <max>
0	12

[block]
# block no. 0 follows, 22 sequences, length 10
# corresponding to MSA columns:
# 12-21
name=unknown_A
#
# <colnr> <probs for GDERKNQSTAVLIFYWHMCP>
#	G	D	E	R	K	N	Q	S	T	A	V	L	I	F	Y	W	H	M	C	P
0	0.01958	0.01536	0.02077	0.02416	0.16783	0.01597	0.01611	0.18490	0.02408	0.03239	0.03107	0.13777	0.03151	0.01620	0.00974	0.00309	0.00820	0.22370	0.00701	0.01058
1	0.02328	0.18411	0.02494	0.01678	0.02164	0.20386	0.01387	0.09743	0.12357	0.02689	0.02728	0.03306	0.08045	0.01168	0.00792	0.00246	0.00964	0.07470	0.00597	0.01048
2	0.05202	0.15082	0.24541	0.01902	0.02682	0.14939	0.01958	0.08668	0.02150	0.08121	0.05849	0.02028	0.01627	0.00890	0.00747	0.00236	0.01069	0.00654	0.00515	0.01139
3	0.02405	0.06955	0.03209	0.03620	0.33982	0.12652	0.07988	0.07527	0.04915	0.06277	0.01711	0.02020	0.01357	0.00806	0.00809	0.00242	0.01067	0.00725	0.00497	0.01236
4	0.02108	0.02401	0.15816	0.03040	0.20313	0.01948	0.13844	0.14329	0.02252	0.03233	0.01809	0.02158	0.01380	0.00823	0.00816	0.00250	0.01021	0.00767	0.10486	0.01207
5	0.08332	0.02191	0.09814	0.10399	0.13021	0.12016	0.01747	0.02700	0.04764	0.10743	0.11406	0.02853	0.04489	0.01020	0.00814	0.00254	0.00926	0.00837	0.00594	0.01080
6	0.07771	0.01972	0.11700	0.02381	0.19020	0.05948	0.01647	0.02449	0.01877	0.07958	0.07067	0.02701	0.02073	0.04011	0.00898	0.00262	0.00816	0.00782	0.17616	0.01052
7	0.01765	0.03024	0.37002	0.02084	0.02927	0.01755	0.08115	0.09677	0.01995	0.02842	0.06697	0.02771	0.01961	0.12174	0.01383	0.00350	0.01073	0.00831	0.00485	0.01089
8	0.01793	0.01313	0.01557	0.01356	0.01832	0.01198	0.01113	0.06927	0.07075	0.07935	0.03795	0.05096	0.13301	0.01431	0.00876	0.00254	0.00657	0.17008	0.00712	0.24770
9	0.11109	0.12640	0.07497	0.01709	0.02065	0.08512	0.01501	0.04781	0.01653	0.02384	0.01668	0.02747	0.01626	0.10441	0.01762	0.00355	0.20714	0.05458	0.00457	0.00919

[dist]
# distance from previous block
# <min> <max>
5	18

[block]
# block no. 1 follows, 22 sequences, length 32
# corresponding to MSA columns:
# 40-71
name=unknown_B
#
# <colnr> <probs for GDERKNQSTAVLIFYWHMCP>
#	G	D	E	R	K	N	Q	S	T	A	V	L	I	F	Y	W	H	M	C	P
0	0.01350	0.01082	0.01577	0.01396	0.01574	0.01120	0.07916	0.01581	0.01589	0.02206	0.09557	0.08286	0.09002	0.26986	0.05377	0.00529	0.07344	0.04846	0.05966	0.00716
1	0.01709	0.01358	0.01479	0.01473	0.04194	0.05290	0.01037	0.13719	0.02104	0.02734	0.06829	0.16543	0.07899	0.21057	0.01872	0.00436	0.00764	0.07986	0.00680	0.00836
2	0.02500	0.09365	0.05362	0.06208	0.13663	0.27786	0.01792	0.10939	0.02253	0.02601	0.01534	0.01880	0.01264	0.01389	0.07618	0.00342	0.01312	0.00642	0.00468	0.01082
3	0.05971	0.05342	0.02826	0.09990	0.26922	0.16867	0.02037	0.02563	0.01818	0.02379	0.01361	0.01833	0.01163	0.00915	0.01151	0.00263	0.14447	0.00664	0.00404	0.01085
4	0.02238	0.02913	0.14414	0.09838	0.30712	0.20629	0.02351	0.02742	0.01977	0.02448	0.01462	0.01857	0.01178	0.00791	0.00796	0.00243	0.01188	0.00659	0.00401	0.01162
5	0.01767	0.01936	0.06750	0.07693	0.17266	0.05002	0.18524	0.02286	0.01988	0.02709	0.16511	0.03265	0.05396	0.01053	0.00988	0.00267	0.04012	0.01005	0.00537	0.01045
6	0.01337	0.00786	0.00855	0.00869	0.00954	0.00783	0.00555	0.01510	0.01460	0.02272	0.02798	0.09119	0.02824	0.36568	0.02468	0.00515	0.00606	0.01109	0.31983	0.00629
7	0.01303	0.00975	0.01404	0.01369	0.01548	0.01129	0.01070	0.05114	0.01487	0.02124	0.02212	0.03189	0.02038	0.05921	0.63567	0.01271	0.02148	0.00882	0.00468	0.00781
8	0.00982	0.00842	0.00842	0.00842	0.01122	0.00701	0.00631	0.01192	0.01894	0.02244	0.08416	0.07995	0.65285	0.02104	0.00982	0.00281	0.00421	0.01753	0.00771	0.00701
9	0.01061	0.00823	0.00966	0.00976	0.01182	0.00728	0.00715	0.01329	0.02014	0.02637	0.29398	0.18461	0.32651	0.02038	0.00995	0.00283	0.00421	0.01766	0.00826	0.00728
10	0.01944	0.02191	0.04624	0.03346	0.04087	0.02153	0.55433	0.02583	0.01880	0.02583	0.01611	0.02191	0.01240	0.00789	0.01186	0.00290	0.09410	0.00950	0.00413	0.01095
11	0.01666	0.04297	0.66500	0.02368	0.03596	0.01929	0.03069	0.02631	0.01754	0.02631	0.01491	0.01754	0.01052	0.00789	0.00789	0.00263	0.01228	0.00614	0.00351	0.01228
12	0.01060	0.00852	0.00950	0.00946	0.01198	0.00742	0.00724	0.01332	0.02019	0.02557	0.23570	0.07607	0.45303	0.02007	0.00993	0.00283	0.00438	0.05879	0.00810	0.00728
13	0.01723	0.01477	0.01723	0.01230	0.01969	0.01107	0.00984	0.02092	0.01723	0.02707	0.01477	0.01723	0.01230	0.00615	0.00615	0.00123	0.00615	0.00492	0.00492	0.75883
14	0.01198	0.00846	0.01114	0.01114	0.01186	0.00918	0.00763	0.01342	0.01270	0.01765	0.02427	0.04382	0.02562	0.39468	0.34939	0.01062	0.01494	0.01054	0.00475	0.00619
15	0.02460	0.01694	0.01652	0.01425	0.01854	0.13104	0.01112	0.02956	0.08180	0.24584	0.18453	0.04148	0.12208	0.01318	0.00876	0.00256	0.00730	0.01080	0.00839	0.01072
16	0.02221	0.71304	0.04353	0.01421	0.02132	0.03287	0.01421	0.02488	0.01688	0.01955	0.01155	0.01333	0.01066	0.00711	0.00533	0.00178	0.00888	0.00444	0.00355	0.01066
17	0.01663	0.01185	0.01383	0.01246	0.01438	0.01279	0.00885	0.15824	0.01875	0.02542	0.02377	0.04104	0.02415	0.38887	0.18559	0.00801	0.01171	0.01023	0.00567	0.00775
18	0.01187	0.00890	0.01335	0.01335	0.01483	0.01038	0.01038	0.01483	0.01335	0.01928	0.02225	0.03264	0.02077	0.06231	0.67512	0.01335	0.02225	0.00890	0.00445	0.00742
19	0.03103	0.03959	0.02354	0.02140	0.02568	0.67469	0.01605	0.03317	0.02354	0.02033	0.01284	0.01498	0.01070	0.00856	0.00749	0.00214	0.01498	0.00535	0.00428	0.00963
20	0.01194	0.00861	0.01188	0.01188	0.01285	0.00958	0.00854	0.01389	0.01291	0.01819	0.02360	0.04011	0.02401	0.28444	0.45742	0.01153	0.01737	0.00999	0.00465	0.00660
21	0.02367	0.26095	0.07315	0.02899	0.23536	0.19864	0.01948	0.02738	0.01938	0.02271	0.01346	0.01644	0.01150	0.00764	0.00703	0.00216	0.01105	0.00578	0.00393	0.01132
22	0.01187	0.00890	0.01335	0.01335	0.01483	0.01038	0.01038	0.01483	0.01335	0.01928	0.02225	0.03264	0.02077	0.06231	0.67512	0.01335	0.02225	0.00890	0.00445	0.00742
23	0.05908	0.03827	0.54168	0.02672	0.12020	0.01932	0.02877	0.02609	0.01754	0.02704	0.01482	0.01773	0.01080	0.00782	0.00778	0.00261	0.01162	0.00622	0.00368	0.01222
24	0.01913	0.01800	0.02970	0.05972	0.23478	0.01731	0.14998	0.06117	0.04701	0.02808	0.01961	0.08572	0.01735	0.00919	0.00838	0.00240	0.00937	0.00904	0.00508	0.16901
25	0.00989	0.00813	0.00871	0.00917	0.01142	0.00695	0.00665	0.01184	0.01821	0.02215	0.07498	0.22884	0.50988	0.02223	0.01001	0.00294	0.00435	0.01899	0.00771	0.00695
26	0.02303	0.33208	0.12409	0.05148	0.11332	0.18200	0.01891	0.02699	0.01883	0.02180	0.01303	0.01569	0.01101	0.00766	0.00673	0.00212	0.01105	0.00543	0.00380	0.01092
27	0.02165	0.02145	0.03156	0.08286	0.45847	0.08209	0.05325	0.05109	0.06483	0.02765	0.01685	0.02095	0.01369	0.00793	0.00826	0.00250	0.01037	0.00747	0.00458	0.01252
28	0.01203	0.00812	0.00985	0.01003	0.01046	0.00835	0.00633	0.01293	0.01296	0.01796	0.02735	0.11051	0.03032	0.48627	0.15580	0.00828	0.01019	0.01235	0.04413	0.00578
29	0.02198	0.26269	0.02985	0.19951	0.03172	0.21105	0.01679	0.02531	0.01838	0.02020	0.01381	0.01804	0.01175	0.01311	0.07056	0.00325	0.01250	0.00593	0.00389	0.00967
30	0.06463	0.02990	0.30677	0.03456	0.26563	0.01965	0.10874	0.02593	0.01812	0.02733	0.01523	0.01908	0.01169	0.00758	0.00811	0.00259	0.01126	0.00701	0.00393	0.01226
31	0.02633	0.02554	0.14465	0.02015	0.02741	0.02268	0.04962	0.43170	0.03204	0.04348	0.02105	0.07808	0.01687	0.01080	0.00851	0.00261	0.00961	0.00873	0.00715	0.01300

[dist]
# distance from previous block
# <min> <max>
0	1

[block]
# block no. 2 follows, 22 sequences, length 12
# corresponding to MSA columns:
# 73-84
name=unknown_C
#
# <colnr> <probs for GDERKNQSTAVLIFYWHMCP>
#	G	D	E	R	K	N	Q	S	T	A	V	L	I	F	Y	W	H	M	C	P
0	0.15622	0.02121	0.02660	0.10113	0.34929	0.11663	0.02009	0.02692	0.01881	0.06554	0.01543	0.01909	0.01228	0.00789	0.00758	0.00247	0.00997	0.00663	0.00465	0.01155
1	0.01782	0.13843	0.51740	0.02477	0.08994	0.02131	0.02782	0.02603	0.01757	0.02540	0.01448	0.01720	0.01078	0.00773	0.00755	0.00249	0.01157	0.00601	0.00357	0.01212
2	0.02326	0.01788	0.01980	0.04666	0.02296	0.01943	0.01334	0.28825	0.18261	0.03920	0.02626	0.10526	0.02198	0.01179	0.00827	0.00254	0.00747	0.00968	0.05361	0.07976
3	0.01430	0.01297	0.02330	0.01934	0.02250	0.01388	0.17615	0.01809	0.01492	0.02108	0.02046	0.03060	0.01869	0.08863	0.41922	0.00964	0.05424	0.00927	0.00438	0.00836
4	0.01403	0.01050	0.01209	0.01206	0.01372	0.05381	0.00911	0.01694	0.01522	0.02246	0.02457	0.07325	0.02280	0.07385	0.37851	0.00866	0.01505	0.00941	0.20647	0.00750
5	0.01003	0.00832	0.00878	0.00889	0.01141	0.00707	0.00658	0.01224	0.01909	0.02334	0.13357	0.13462	0.54525	0.02111	0.00989	0.00284	0.00424	0.01785	0.00785	0.00707
6	0.02703	0.34513	0.03261	0.01814	0.02370	0.38351	0.01522	0.02941	0.02052	0.01997	0.01226	0.01423	0.01068	0.00790	0.00651	0.00198	0.01222	0.00494	0.00395	0.01010
7	0.58542	0.18579	0.01984	0.01173	0.01735	0.02210	0.01027	0.02453	0.01481	0.03296	0.01156	0.01345	0.00940	0.00756	0.00519	0.00238	0.00702	0.00448	0.00475	0.00940
8	0.02279	0.56834	0.07017	0.01588	0.02256	0.10747	0.01541	0.02569	0.01750	0.01998	0.01183	0.01396	0.01067	0.00767	0.00676	0.00195	0.04243	0.00477	0.00364	0.01054
9	0.02594	0.02379	0.02096	0.01823	0.02324	0.18025	0.01422	0.13525	0.35679	0.07181	0.02641	0.02515	0.01969	0.01034	0.00819	0.00259	0.00906	0.00804	0.00752	0.01251
10	0.02798	0.02118	0.02287	0.01827	0.02416	0.02367	0.01488	0.46543	0.16305	0.04647	0.02299	0.02310	0.01692	0.01375	0.05298	0.00329	0.00948	0.00797	0.00808	0.01347
11	0.06262	0.02152	0.02289	0.01811	0.02416	0.02389	0.01477	0.50676	0.10016	0.04816	0.02240	0.05709	0.01725	0.01086	0.00830	0.00258	0.00852	0.00840	0.00815	0.01340

[dist]
# distance from previous block
# <min> <max>
26	156

[block]
# block no. 3 follows, 22 sequences, length 48
# corresponding to MSA columns:
# 265-312
name=unknown_D
#
# <colnr> <probs for GDERKNQSTAVLIFYWHMCP>
#	G	D	E	R	K	N	Q	S	T	A	V	L	I	F	Y	W	H	M	C	P
0	0.05574	0.07533	0.03472	0.10626	0.43197	0.02079	0.10576	0.02513	0.01839	0.02636	0.01518	0.02005	0.01248	0.00743	0.00807	0.00249	0.01031	0.00735	0.00409	0.01211
1	0.05602	0.02074	0.07250	0.18242	0.03059	0.10135	0.01676	0.13022	0.02192	0.02926	0.08148	0.06348	0.04812	0.01131	0.00969	0.00263	0.06119	0.00885	0.00563	0.04583
2	0.01819	0.02324	0.14364	0.03347	0.28039	0.05359	0.12483	0.02362	0.01905	0.02561	0.02887	0.03158	0.13684	0.01014	0.00870	0.00260	0.01019	0.00944	0.00473	0.01128
3	0.01829	0.01620	0.02647	0.09899	0.43025	0.01646	0.02033	0.02301	0.01908	0.02790	0.09807	0.02741	0.02238	0.00902	0.00810	0.00244	0.00840	0.00842	0.10738	0.01138
4	0.12479	0.01823	0.11643	0.11335	0.15652	0.01503	0.01701	0.02144	0.01816	0.05417	0.06742	0.03745	0.18376	0.01186	0.00825	0.00265	0.00797	0.00990	0.00559	0.01003
5	0.01914	0.01787	0.02988	0.07916	0.53576	0.01807	0.02257	0.02343	0.01786	0.02532	0.01702	0.02527	0.01538	0.10335	0.01289	0.00325	0.00968	0.00804	0.00422	0.01184
6	0.01727	0.01749	0.02024	0.23440	0.10978	0.14199	0.01646	0.02060	0.01799	0.02179	0.02570	0.26625	0.02710	0.01464	0.00897	0.00283	0.00942	0.01285	0.00531	0.00890
7	0.01932	0.01847	0.03147	0.21385	0.50310	0.01941	0.02488	0.02440	0.01833	0.02563	0.01541	0.02097	0.01263	0.00763	0.00825	0.00254	0.01018	0.00740	0.00400	0.01215
8	0.03103	0.03959	0.02354	0.02140	0.02568	0.67469	0.01605	0.03317	0.02354	0.02033	0.01284	0.01498	0.01070	0.00856	0.00749	0.00214	0.01498	0.00535	0.00428	0.00963
9	0.01666	0.04297	0.66500	0.02368	0.03596	0.01929	0.03069	0.02631	0.01754	0.02631	0.01491	0.01754	0.01052	0.00789	0.00789	0.00263	0.01228	0.00614	0.00351	0.01228
10	0.01255	0.00801	0.00888	0.00888	0.00915	0.00801	0.00514	0.01308	0.01281	0.01814	0.02630	0.05116	0.02898	0.61245	0.03729	0.00722	0.00748	0.01149	0.10757	0.00540
11	0.01012	0.00723	0.00964	0.01157	0.01205	0.00675	0.00771	0.01157	0.01591	0.02121	0.04579	0.70262	0.05495	0.02603	0.01060	0.00337	0.00482	0.02362	0.00771	0.00675
12	0.02056	0.01974	0.03372	0.05099	0.65622	0.01974	0.02550	0.02550	0.01892	0.02714	0.01563	0.02056	0.01316	0.00740	0.00822	0.00247	0.00987	0.00740	0.00411	0.01316
13	0.01961	0.02241	0.04902	0.03501	0.04342	0.02101	0.62605	0.02661	0.01961	0.02661	0.01681	0.02241	0.01261	0.00700	0.00980	0.00280	0.01401	0.00980	0.00420	0.01120
14	0.01549	0.00774	0.00774	0.00774	0.00968	0.00774	0.00581	0.01936	0.01742	0.03097	0.02710	0.03097	0.02129	0.00968	0.00581	0.00194	0.00387	0.00774	0.75416	0.00774
15	0.01666	0.04297	0.66500	0.02368	0.03596	0.01929	0.03069	0.02631	0.01754	0.02631	0.01491	0.01754	0.01052	0.00789	0.00789	0.00263	0.01228	0.00614	0.00351	0.01228
16	0.01208	0.00805	0.00906	0.00906	0.00906	0.00805	0.00503	0.01208	0.01208	0.01611	0.02618	0.05436	0.03020	0.70804	0.04228	0.00805	0.00805	0.01208	0.00503	0.00503
17	0.03119	0.03498	0.02393	0.02076	0.02570	0.49132	0.01598	0.20141	0.02793	0.02938	0.01485	0.01638	0.01167	0.00896	0.00772	0.00224	0.01333	0.00595	0.00542	0.01090
18	0.02484	0.02385	0.02632	0.21435	0.15720	0.16801	0.01979	0.20664	0.02534	0.03150	0.01605	0.01957	0.01231	0.00869	0.00811	0.00249	0.01114	0.00696	0.00529	0.01155
19	0.02221	0.71304	0.04353	0.01421	0.02132	0.03287	0.01421	0.02488	0.01688	0.01955	0.01155	0.01333	0.01066	0.00711	0.00533	0.00178	0.00888	0.00444	0.00355	0.01066
20	0.76672	0.01607	0.01221	0.01092	0.01607	0.01864	0.00900	0.02442	0.01414	0.03727	0.01157	0.01350	0.00900	0.00771	0.00514	0.00257	0.00643	0.00450	0.00514	0.00900
21	0.02955	0.02269	0.02386	0.05498	0.02659	0.05560	0.01565	0.51680	0.06006	0.04748	0.02019	0.02075	0.01456	0.00985	0.00817	0.00248	0.00919	0.00746	0.04077	0.01332
22	0.01549	0.00774	0.00774	0.00774	0.00968	0.00774	0.00581	0.01936	0.01742	0.03097	0.02710	0.03097	0.02129	0.00968	0.00581	0.00194	0.00387	0.00774	0.75416	0.00774
23	0.01187	0.00890	0.01335	0.01335	0.01483	0.01038	0.01038	0.01483	0.01335	0.01928	0.02225	0.03264	0.02077	0.06231	0.67512	0.01335	0.02225	0.00890	0.00445	0.00742
24	0.01187	0.00890	0.01335	0.01335	0.01483	0.01038	0.01038	0.01483	0.01335	0.01928	0.02225	0.03264	0.02077	0.06231	0.67512	0.01335	0.02225	0.00890	0.00445	0.00742
25	0.02106	0.01713	0.01839	0.01644	0.02107	0.01950	0.01281	0.04238	0.57422	0.06806	0.06790	0.03257	0.02803	0.01153	0.00852	0.00279	0.00645	0.00965	0.00859	0.01291
26	0.00986	0.00825	0.00858	0.00885	0.01133	0.00698	0.00650	0.01187	0.01852	0.02227	0.07891	0.16518	0.57101	0.02172	0.00993	0.00288	0.00429	0.01837	0.00771	0.00698
27	0.03158	0.02327	0.02493	0.01911	0.02576	0.02576	0.01579	0.62852	0.03906	0.05236	0.01995	0.01995	0.01413	0.00997	0.00831	0.00249	0.00914	0.00748	0.00831	0.01413
28	0.03126	0.03291	0.02411	0.02047	0.02572	0.40915	0.01594	0.27679	0.02989	0.03344	0.01575	0.01701	0.01210	0.00914	0.00783	0.00228	0.01259	0.00622	0.00593	0.01147
29	0.06418	0.02371	0.02616	0.02609	0.16663	0.08690	0.01767	0.40683	0.03185	0.04288	0.01789	0.01929	0.01333	0.00915	0.00806	0.00246	0.00974	0.00711	0.00683	0.01323
30	0.03103	0.03959	0.02354	0.02140	0.02568	0.67469	0.01605	0.03317	0.02354	0.02033	0.01284	0.01498	0.01070	0.00856	0.00749	0.00214	0.01498	0.00535	0.00428	0.00963
31	0.02240	0.02466	0.02384	0.05595	0.16546	0.27033	0.01743	0.02548	0.01874	0.02212	0.01540	0.02055	0.01338	0.01794	0.11912	0.00427	0.11068	0.00685	0.03549	0.00989
32	0.01035	0.00740	0.00984	0.01141	0.01210	0.00690	0.00773	0.01213	0.01695	0.02286	0.12874	0.61494	0.05815	0.02479	0.01049	0.00327	0.00470	0.02244	0.00791	0.00690
33	0.01941	0.02086	0.02837	0.44220	0.07254	0.14647	0.10617	0.02447	0.01847	0.02204	0.01471	0.02073	0.01130	0.00814	0.00835	0.00264	0.01220	0.00733	0.00389	0.00974
34	0.01076	0.00768	0.01037	0.01229	0.01305	0.00729	0.00882	0.01266	0.01653	0.02192	0.04544	0.58422	0.05356	0.02543	0.01077	0.00346	0.00537	0.13575	0.00770	0.00692
35	0.01199	0.00841	0.01085	0.01085	0.01146	0.00902	0.00726	0.01323	0.01261	0.01743	0.02454	0.04532	0.02627	0.43921	0.30575	0.01026	0.01396	0.01076	0.00479	0.00603
36	0.03727	0.01414	0.01928	0.01478	0.02121	0.01221	0.01221	0.04049	0.02378	0.66198	0.03277	0.02828	0.02056	0.01028	0.00835	0.00257	0.00707	0.00835	0.01028	0.01414
37	0.02066	0.01785	0.01878	0.01691	0.02160	0.02066	0.01315	0.04414	0.64121	0.03475	0.03381	0.03099	0.02536	0.01127	0.00845	0.00282	0.00657	0.00939	0.00845	0.01315
38	0.02221	0.71304	0.04353	0.01421	0.02132	0.03287	0.01421	0.02488	0.01688	0.01955	0.01155	0.01333	0.01066	0.00711	0.00533	0.00178	0.00888	0.00444	0.00355	0.01066
39	0.01137	0.00889	0.01077	0.01100	0.01327	0.00761	0.00779	0.01337	0.01683	0.02257	0.04866	0.43646	0.18111	0.02124	0.00961	0.00285	0.00493	0.01880	0.00720	0.14569
40	0.01855	0.01450	0.01758	0.01579	0.01927	0.01552	0.04448	0.16582	0.17823	0.03263	0.03434	0.30808	0.03419	0.01682	0.00928	0.00293	0.00673	0.01483	0.04006	0.01037
41	0.01384	0.00818	0.01096	0.01201	0.01330	0.00750	0.00833	0.01553	0.01698	0.10892	0.04401	0.61032	0.05024	0.02387	0.01030	0.00326	0.00513	0.02153	0.00806	0.00776
42	0.01012	0.00723	0.00964	0.01157	0.01205	0.00675	0.00771	0.01157	0.01591	0.02121	0.04579	0.70262	0.05495	0.02603	0.01060	0.00337	0.00482	0.02362	0.00771	0.00675
43	0.02736	0.06749	0.05945	0.02060	0.02517	0.46574	0.01655	0.03283	0.10656	0.02257	0.01561	0.01749	0.01271	0.00931	0.00913	0.00236	0.06803	0.00606	0.00472	0.01026
44	0.01808	0.01575	0.13064	0.01321	0.01699	0.01099	0.01169	0.02079	0.01616	0.15171	0.02892	0.04552	0.05213	0.37056	0.02599	0.00549	0.00843	0.04242	0.00609	0.00845
45	0.01056	0.00741	0.00951	0.01101	0.01138	0.00704	0.00711	0.01168	0.01505	0.02006	0.04139	0.55729	0.04940	0.17893	0.01771	0.00442	0.00554	0.02103	0.00711	0.00636
46	0.09572	0.05939	0.16819	0.02195	0.03003	0.02235	0.13678	0.26157	0.02632	0.07235	0.01775	0.01943	0.01275	0.00861	0.00807	0.00256	0.01038	0.00726	0.00605	0.01250
47	0.05969	0.06872	0.02512	0.05264	0.12801	0.43020	0.01707	0.02930	0.02101	0.02211	0.01391	0.01727	0.01174	0.01201	0.05419	0.00300	0.01378	0.00593	0.00424	0.01006

[dist]
# distance from previous block
# <min> <max>
3	34

[block]
# block no. 4 follows, 22 sequences, length 104
# corresponding to MSA columns:
# 347-450
name=unknown_E
#
# <colnr> <probs for GDERKNQSTAVLIFYWHMCP>
#	G	D	E	R	K	N	Q	S	T	A	V	L	I	F	Y	W	H	M	C	P
0	0.02641	0.03233	0.02290	0.02140	0.05419	0.49366	0.04584	0.02908	0.02271	0.02227	0.07411	0.02546	0.07419	0.01026	0.00805	0.00229	0.01278	0.00759	0.00499	0.00949
1	0.01132	0.00908	0.01044	0.01213	0.01283	0.04502	0.00819	0.01281	0.01634	0.02116	0.04390	0.66322	0.05241	0.02503	0.01043	0.00330	0.00540	0.02257	0.00751	0.00691
2	0.01991	0.18671	0.17632	0.17665	0.06376	0.12217	0.02045	0.02501	0.01823	0.02285	0.01582	0.02165	0.01315	0.00868	0.00740	0.00240	0.01085	0.03372	0.04391	0.01037
3	0.02391	0.01760	0.05405	0.01500	0.02026	0.04421	0.01259	0.16299	0.10546	0.18146	0.04231	0.06954	0.18744	0.01368	0.00878	0.00267	0.00726	0.01115	0.00816	0.01149
4	0.01012	0.00723	0.00964	0.01157	0.01205	0.00675	0.00771	0.01157	0.01591	0.02121	0.04579	0.70262	0.05495	0.02603	0.01060	0.00337	0.00482	0.02362	0.00771	0.00675
5	0.01429	0.01396	0.05458	0.01659	0.01812	0.01589	0.01392	0.01710	0.01331	0.01977	0.01818	0.02797	0.01732	0.07594	0.38480	0.00917	0.24846	0.00835	0.00415	0.00814
6	0.02115	0.32097	0.30337	0.02027	0.05562	0.06216	0.02167	0.02687	0.01802	0.05929	0.01443	0.01637	0.01128	0.00772	0.00684	0.00223	0.01061	0.00556	0.00398	0.01159
7	0.01787	0.02060	0.09254	0.03379	0.29654	0.04671	0.13061	0.02279	0.01895	0.02543	0.03019	0.07053	0.13469	0.01105	0.00888	0.00264	0.00975	0.01044	0.00496	0.01104
8	0.01187	0.00890	0.01335	0.01335	0.01483	0.01038	0.01038	0.01483	0.01335	0.01928	0.02225	0.03264	0.02077	0.06231	0.67512	0.01335	0.02225	0.00890	0.00445	0.00742
9	0.02127	0.03052	0.21131	0.02776	0.17368	0.20327	0.05011	0.02654	0.01965	0.02489	0.04441	0.02225	0.01586	0.04238	0.00959	0.00269	0.01154	0.00716	0.04423	0.01089
10	0.06298	0.03168	0.02578	0.05590	0.02789	0.42313	0.07309	0.05634	0.02146	0.02317	0.01328	0.01666	0.01100	0.00931	0.01061	0.00249	0.11481	0.00621	0.00437	0.00985
11	0.01271	0.00935	0.01245	0.01400	0.01608	0.00908	0.01205	0.01622	0.01909	0.02441	0.05155	0.09112	0.16176	0.02259	0.01116	0.00363	0.00700	0.49055	0.00766	0.00753
12	0.02469	0.36364	0.06150	0.01690	0.02317	0.17121	0.01523	0.11553	0.05381	0.02626	0.04540	0.01811	0.01520	0.00857	0.00673	0.00209	0.01006	0.00593	0.00493	0.01100
13	0.02113	0.22702	0.26935	0.01841	0.02680	0.08251	0.01987	0.05507	0.04900	0.05747	0.01973	0.02093	0.04854	0.00878	0.00723	0.00229	0.01015	0.00651	0.00470	0.04452
14	0.01698	0.14521	0.20782	0.01951	0.02622	0.05553	0.10809	0.02215	0.01829	0.02396	0.05164	0.13163	0.06977	0.01281	0.00859	0.00269	0.00972	0.05431	0.00513	0.00995
15	0.01729	0.07948	0.57957	0.02396	0.05924	0.02014	0.02887	0.02688	0.04140	0.02628	0.01547	0.01793	0.01120	0.00796	0.00778	0.00258	0.01177	0.00622	0.00372	0.01225
16	0.01590	0.01455	0.02295	0.06192	0.35950	0.01430	0.01761	0.01955	0.01826	0.02468	0.03714	0.16196	0.16943	0.01409	0.00904	0.00273	0.00766	0.01279	0.00560	0.01036
17	0.05120	0.02676	0.32769	0.01823	0.02545	0.01564	0.01981	0.04583	0.07733	0.05337	0.02377	0.15977	0.02187	0.01405	0.01071	0.07341	0.00913	0.01019	0.00539	0.01042
18	0.01943	0.01858	0.03168	0.19893	0.51712	0.01944	0.02493	0.02450	0.01838	0.02577	0.01543	0.02093	0.01267	0.00761	0.00824	0.00254	0.01015	0.00740	0.00401	0.01225
19	0.01558	0.01452	0.02437	0.65603	0.05531	0.01803	0.02261	0.02103	0.01673	0.02140	0.01616	0.02556	0.01282	0.00900	0.00846	0.00282	0.01091	0.03563	0.00388	0.00915
20	0.02945	0.03701	0.02342	0.02248	0.06084	0.60640	0.01613	0.03175	0.02306	0.02082	0.01632	0.01832	0.04073	0.00908	0.00764	0.00219	0.01419	0.00603	0.00443	0.00971
21	0.02815	0.03327	0.08423	0.02215	0.02812	0.36659	0.07646	0.16828	0.06125	0.02961	0.01623	0.01798	0.01248	0.00882	0.00799	0.00237	0.01283	0.00657	0.00536	0.01125
22	0.03015	0.02189	0.02341	0.01811	0.02434	0.02417	0.01491	0.57454	0.03714	0.05046	0.02058	0.02092	0.01476	0.00995	0.00809	0.00244	0.00867	0.00750	0.07440	0.01356
23	0.01443	0.00722	0.01082	0.01082	0.01082	0.00722	0.00722	0.01082	0.01082	0.01443	0.01443	0.02525	0.01443	0.02886	0.03247	0.75830	0.00722	0.00722	0.00361	0.00361
24	0.01026	0.00826	0.00918	0.00958	0.01182	0.00718	0.00710	0.01252	0.01884	0.02344	0.13221	0.19530	0.45076	0.02166	0.01005	0.00295	0.00448	0.04947	0.00786	0.00708
25	0.02367	0.02372	0.01920	0.01706	0.02010	0.26612	0.01330	0.08477	0.04900	0.02713	0.01828	0.02145	0.01483	0.01026	0.01082	0.00242	0.13754	0.00680	0.22396	0.00957
26	0.01240	0.00905	0.01213	0.01378	0.01560	0.00878	0.01155	0.01563	0.01861	0.02398	0.04985	0.18331	0.13308	0.02315	0.01111	0.00362	0.00675	0.43253	0.00767	0.00743
27	0.02312	0.02634	0.03686	0.03645	0.23984	0.20363	0.25788	0.02808	0.02048	0.02503	0.01531	0.01972	0.01225	0.00757	0.00864	0.00251	0.01292	0.00777	0.00419	0.01141
28	0.01307	0.01003	0.01326	0.07119	0.04622	0.01020	0.01047	0.04699	0.01741	0.02279	0.04110	0.24731	0.12891	0.15082	0.04648	0.00454	0.00752	0.09757	0.00658	0.00752
29	0.20999	0.18782	0.02569	0.01670	0.02232	0.23701	0.01384	0.14518	0.02270	0.03056	0.01361	0.01520	0.01094	0.00829	0.00657	0.00223	0.01032	0.00534	0.00511	0.01059
30	0.19115	0.07480	0.47810	0.02018	0.03051	0.01991	0.02472	0.02579	0.01671	0.02847	0.01394	0.01636	0.01018	0.00781	0.00711	0.00257	0.01073	0.00566	0.00389	0.01142
31	0.01784	0.01768	0.02480	0.02136	0.02144	0.02464	0.01776	0.01972	0.01276	0.01996	0.01151	0.01895	0.01143	0.01709	0.06179	0.00415	0.65710	0.00736	0.00368	0.00900
32	0.01006	0.00820	0.00890	0.00920	0.01149	0.00704	0.00672	0.01221	0.01880	0.02323	0.13003	0.19471	0.48737	0.02159	0.00996	0.00289	0.00430	0.01844	0.00785	0.00704
33	0.01187	0.00890	0.01335	0.01335	0.01483	0.01038	0.01038	0.01483	0.01335	0.01928	0.02225	0.03264	0.02077	0.06231	0.67512	0.01335	0.02225	0.00890	0.00445	0.00742
34	0.02221	0.71304	0.04353	0.01421	0.02132	0.03287	0.01421	0.02488	0.01688	0.01955	0.01155	0.01333	0.01066	0.00711	0.00533	0.00178	0.00888	0.00444	0.00355	0.01066
35	0.01549	0.00774	0.00774	0.00774	0.00968	0.00774	0.00581	0.01936	0.01742	0.03097	0.02710	0.03097	0.02129	0.00968	0.00581	0.00194	0.00387	0.00774	0.75416	0.00774
36	0.02056	0.01974	0.03372	0.05099	0.65622	0.01974	0.02550	0.02550	0.01892	0.02714	0.01563	0.02056	0.01316	0.00740	0.00822	0.00247	0.00987	0.00740	0.00411	0.01316
37	0.01208	0.00805	0.00906	0.00906	0.00906	0.00805	0.00503	0.01208	0.01208	0.01611	0.02618	0.05436	0.03020	0.70804	0.04228	0.00805	0.00805	0.01208	0.00503	0.00503
38	0.01187	0.00890	0.01335	0.01335	0.01483	0.01038	0.01038	0.01483	0.01335	0.01928	0.02225	0.03264	0.02077	0.06231	0.67512	0.01335	0.02225	0.00890	0.00445	0.00742
39	0.01723	0.01477	0.01723	0.01230	0.01969	0.01107	0.00984	0.02092	0.01723	0.02707	0.01477	0.01723	0.01230	0.00615	0.00615	0.00123	0.00615	0.00492	0.00492	0.75883
40	0.01287	0.00998	0.01368	0.01314	0.01391	0.01181	0.00972	0.01466	0.01283	0.01831	0.02191	0.03786	0.02251	0.27360	0.36611	0.01013	0.11586	0.00974	0.00453	0.00686
41	0.01208	0.00805	0.00906	0.00906	0.00906	0.00805	0.00503	0.01208	0.01208	0.01611	0.02618	0.05436	0.03020	0.70804	0.04228	0.00805	0.00805	0.01208	0.00503	0.00503
42	0.01957	0.39446	0.33900	0.01871	0.02828	0.02642	0.02205	0.02556	0.01719	0.02276	0.01315	0.01533	0.01060	0.00748	0.00655	0.00218	0.01050	0.00525	0.00353	0.01143
43	0.01443	0.00722	0.01082	0.01082	0.01082	0.00722	0.00722	0.01082	0.01082	0.01443	0.01443	0.02525	0.01443	0.02886	0.03247	0.75830	0.00722	0.00722	0.00361	0.00361
44	0.03137	0.03680	0.02349	0.02087	0.02549	0.57933	0.01585	0.09366	0.02512	0.05241	0.01446	0.01608	0.01149	0.00878	0.00761	0.00220	0.01404	0.00570	0.00496	0.01029
45	0.02856	0.22845	0.02915	0.01939	0.02446	0.49471	0.01554	0.03085	0.02167	0.02011	0.01248	0.01452	0.01069	0.00815	0.00688	0.00204	0.01327	0.00510	0.00408	0.00992
46	0.02717	0.02317	0.02201	0.04851	0.02466	0.14533	0.01470	0.37178	0.03135	0.04043	0.07785	0.02418	0.02000	0.01294	0.04222	0.00298	0.01028	0.00786	0.04075	0.01183
47	0.03103	0.03959	0.02354	0.02140	0.02568	0.67469	0.01605	0.03317	0.02354	0.02033	0.01284	0.01498	0.01070	0.00856	0.00749	0.00214	0.01498	0.00535	0.00428	0.00963
48	0.02231	0.01866	0.01971	0.01724	0.02223	0.02143	0.01355	0.13231	0.55037	0.03741	0.03172	0.02933	0.02366	0.01107	0.00843	0.00277	0.00696	0.00910	0.00843	0.01330
49	0.01549	0.00774	0.00774	0.00774	0.00968	0.00774	0.00581	0.01936	0.01742	0.03097	0.02710	0.03097	0.02129	0.00968	0.00581	0.00194	0.00387	0.00774	0.75416	0.00774
50	0.01208	0.00805	0.00906	0.00906	0.00906	0.00805	0.00503	0.01208	0.01208	0.01611	0.02618	0.05436	0.03020	0.70804	0.04228	0.00805	0.00805	0.01208	0.00503	0.00503
51	0.01197	0.00801	0.00909	0.00920	0.00923	0.00798	0.00519	0.01205	0.01230	0.01640	0.02729	0.09120	0.03161	0.66929	0.04048	0.00779	0.00787	0.01274	0.00519	0.00513
52	0.10353	0.01739	0.02052	0.01588	0.02226	0.01737	0.01311	0.23672	0.02802	0.39860	0.02648	0.02409	0.01732	0.00994	0.00804	0.00254	0.00771	0.00770	0.00914	0.01365
53	0.01987	0.01004	0.01344	0.01221	0.01526	0.00900	0.00927	0.02287	0.02149	0.24098	0.27605	0.22827	0.05248	0.01724	0.00954	0.00281	0.00523	0.01517	0.00913	0.00965
54	0.02049	0.01346	0.01405	0.01224	0.01586	0.01459	0.00963	0.17886	0.13204	0.03708	0.02645	0.02817	0.02018	0.01003	0.00691	0.00223	0.00569	0.00796	0.43375	0.01031
55	0.03184	0.02285	0.02467	0.01892	0.02555	0.02514	0.01563	0.60164	0.03836	0.08022	0.02053	0.02033	0.01442	0.00999	0.00831	0.00250	0.00905	0.00752	0.00840	0.01413
56	0.02056	0.01974	0.03372	0.05099	0.65622	0.01974	0.02550	0.02550	0.01892	0.02714	0.01563	0.02056	0.01316	0.00740	0.00822	0.00247	0.00987	0.00740	0.00411	0.01316
57	0.24324	0.25204	0.02674	0.01600	0.02145	0.27388	0.01339	0.02791	0.01862	0.02503	0.01205	0.01401	0.01019	0.00784	0.00610	0.00215	0.01049	0.00481	0.00430	0.00978
58	0.02033	0.02012	0.02675	0.06877	0.32057	0.11466	0.04732	0.05474	0.02160	0.02850	0.16318	0.02951	0.02785	0.00996	0.00856	0.00249	0.00947	0.00898	0.00550	0.01115
59	0.01723	0.01477	0.01723	0.01230	0.01969	0.01107	0.00984	0.02092	0.01723	0.02707	0.01477	0.01723	0.01230	0.00615	0.00615	0.00123	0.00615	0.00492	0.00492	0.75883
60	0.01156	0.00848	0.01084	0.01025	0.01229	0.00776	0.00769	0.01530	0.02306	0.03223	0.59534	0.06384	0.13556	0.01739	0.00980	0.00263	0.00395	0.01527	0.00900	0.00776
61	0.02134	0.01481	0.01749	0.01711	0.08175	0.01594	0.01213	0.24204	0.02488	0.03666	0.02260	0.02613	0.01777	0.01741	0.10689	0.00390	0.00915	0.00778	0.29363	0.01058
62	0.01003	0.00757	0.00929	0.01067	0.01181	0.00682	0.00731	0.01167	0.01677	0.02156	0.05674	0.52484	0.22565	0.02460	0.01038	0.00321	0.00465	0.02188	0.00771	0.00682
63	0.01332	0.01104	0.01614	0.01530	0.01644	0.01386	0.01218	0.01602	0.01321	0.01945	0.01964	0.02930	0.01849	0.05129	0.52574	0.01111	0.17687	0.00852	0.00426	0.00780
64	0.03158	0.02327	0.02493	0.01911	0.02576	0.02576	0.01579	0.62852	0.03906	0.05236	0.01995	0.01995	0.01413	0.00997	0.00831	0.00249	0.00914	0.00748	0.00831	0.01413
65	0.03727	0.01414	0.01928	0.01478	0.02121	0.01221	0.01221	0.04049	0.02378	0.66198	0.03277	0.02828	0.02056	0.01028	0.00835	0.00257	0.00707	0.00835	0.01028	0.01414
66	0.01196	0.00854	0.01151	0.01151	0.01235	0.00938	0.00808	0.01365	0.01281	0.01792	0.02394	0.04197	0.02482	0.33979	0.40318	0.01107	0.01615	0.01027	0.00470	0.00639
67	0.02221	0.71304	0.04353	0.01421	0.02132	0.03287	0.01421	0.02488	0.01688	0.01955	0.01155	0.01333	0.01066	0.00711	0.00533	0.00178	0.00888	0.00444	0.00355	0.01066
68	0.72838	0.01564	0.01198	0.01076	0.01574	0.01808	0.00883	0.02416	0.01431	0.03695	0.01236	0.01439	0.00962	0.00781	0.00518	0.00254	0.00630	0.00466	0.04337	0.00893
69	0.03158	0.02327	0.02493	0.01911	0.02576	0.02576	0.01579	0.62852	0.03906	0.05236	0.01995	0.01995	0.01413	0.00997	0.00831	0.00249	0.00914	0.00748	0.00831	0.01413
70	0.02115	0.05401	0.14154	0.01736	0.02362	0.01961	0.01634	0.22315	0.05671	0.03489	0.08680	0.02896	0.07771	0.01126	0.00994	0.00252	0.07221	0.00857	0.00645	0.08719
71	0.01005	0.00752	0.00934	0.01080	0.01185	0.00681	0.00737	0.01165	0.01665	0.02151	0.05518	0.55025	0.20126	0.02481	0.01041	0.00323	0.00467	0.02213	0.00771	0.00681
72	0.01190	0.00889	0.01144	0.01281	0.01476	0.00843	0.01056	0.01489	0.01859	0.02364	0.05550	0.18076	0.21829	0.02287	0.01088	0.00347	0.00626	0.35103	0.00768	0.00734
73	0.03158	0.02327	0.02493	0.01911	0.02576	0.02576	0.01579	0.62852	0.03906	0.05236	0.01995	0.01995	0.01413	0.00997	0.00831	0.00249	0.00914	0.00748	0.00831	0.01413
74	0.01208	0.00805	0.00906	0.00906	0.00906	0.00805	0.00503	0.01208	0.01208	0.01611	0.02618	0.05436	0.03020	0.70804	0.04228	0.00805	0.00805	0.01208	0.00503	0.00503
75	0.02056	0.01974	0.03372	0.05099	0.65622	0.01974	0.02550	0.02550	0.01892	0.02714	0.01563	0.02056	0.01316	0.00740	0.00822	0.00247	0.00987	0.00740	0.00411	0.01316
76	0.01742	0.01467	0.01630	0.01460	0.01894	0.01521	0.01112	0.03121	0.35173	0.02983	0.03219	0.18377	0.02921	0.01351	0.00842	0.00258	0.00607	0.01166	0.00746	0.18408
77	0.01126	0.00790	0.01006	0.01092	0.01167	0.00755	0.00742	0.01298	0.01662	0.02251	0.16330	0.34233	0.05216	0.21689	0.01947	0.00458	0.00577	0.06283	0.00724	0.00655
78	0.03029	0.09982	0.02560	0.02040	0.02529	0.51979	0.01584	0.11977	0.02520	0.02496	0.01376	0.01556	0.01120	0.00863	0.00741	0.00216	0.01356	0.00558	0.00480	0.01039
79	0.01786	0.15916	0.49341	0.02245	0.03301	0.02209	0.05551	0.02575	0.01728	0.02481	0.01420	0.01706	0.01067	0.00805	0.00851	0.00254	0.04625	0.00607	0.00356	0.01178
80	0.02005	0.01305	0.01258	0.01111	0.01427	0.04747	0.00867	0.16155	0.02277	0.03537	0.02468	0.02756	0.01906	0.00969	0.00648	0.00208	0.00569	0.00755	0.54100	0.00933
81	0.01923	0.02012	0.02694	0.02187	0.02551	0.14017	0.18640	0.02289	0.01723	0.02264	0.01741	0.02462	0.01520	0.05665	0.13762	0.00500	0.14696	0.00823	0.07619	0.00913
82	0.01666	0.04297	0.66500	0.02368	0.03596	0.01929	0.03069	0.02631	0.01754	0.02631	0.01491	0.01754	0.01052	0.00789	0.00789	0.00263	0.01228	0.00614	0.00351	0.01228
83	0.01028	0.00748	0.00973	0.01148	0.01226	0.00693	0.00790	0.01192	0.01638	0.02153	0.04937	0.60825	0.11194	0.02537	0.01058	0.00334	0.00492	0.05580	0.00771	0.00682
84	0.01922	0.01135	0.01173	0.01038	0.01341	0.01193	0.00813	0.16081	0.02245	0.03594	0.02544	0.02841	0.01963	0.00975	0.00639	0.00207	0.00510	0.00768	0.58096	0.00923
85	0.03111	0.03733	0.02373	0.02109	0.02569	0.58487	0.01602	0.11558	0.02569	0.02476	0.01382	0.01567	0.01118	0.00876	0.00760	0.00219	0.01417	0.00565	0.00484	0.01025
86	0.01705	0.00925	0.00941	0.00885	0.01124	0.00949	0.00678	0.07852	0.01952	0.03305	0.02641	0.02990	0.02060	0.00971	0.00605	0.00199	0.00438	0.00772	0.68173	0.00836
87	0.01187	0.00890	0.01335	0.01335	0.01483	0.01038	0.01038	0.01483	0.01335	0.01928	0.02225	0.03264	0.02077	0.06231	0.67512	0.01335	0.02225	0.00890	0.00445	0.00742
88	0.03158	0.02327	0.02493	0.01911	0.02576	0.02576	0.01579	0.62852	0.03906	0.05236	0.01995	0.01995	0.01413	0.00997	0.00831	0.00249	0.00914	0.00748	0.00831	0.01413
89	0.01012	0.00723	0.00964	0.01157	0.01205	0.00675	0.00771	0.01157	0.01591	0.02121	0.04579	0.70262	0.05495	0.02603	0.01060	0.00337	0.00482	0.02362	0.00771	0.00675
90	0.01549	0.00774	0.00774	0.00774	0.00968	0.00774	0.00581	0.01936	0.01742	0.03097	0.02710	0.03097	0.02129	0.00968	0.00581	0.00194	0.00387	0.00774	0.75416	0.00774
91	0.01208	0.00805	0.00906	0.00906	0.00906	0.00805	0.00503	0.01208	0.01208	0.01611	0.02618	0.05436	0.03020	0.70804	0.04228	0.00805	0.00805	0.01208	0.00503	0.00503
92	0.01818	0.01818	0.02545	0.02181	0.02181	0.02545	0.01818	0.01999	0.01272	0.01999	0.01091	0.01818	0.01091	0.01454	0.02726	0.00364	0.69284	0.00727	0.00364	0.00909
93	0.01723	0.01477	0.01723	0.01230	0.01969	0.01107	0.00984	0.02092	0.01723	0.02707	0.01477	0.01723	0.01230	0.00615	0.00615	0.00123	0.00615	0.00492	0.00492	0.75883
94	0.01694	0.07692	0.63351	0.02320	0.03521	0.01998	0.02986	0.02624	0.01751	0.02597	0.01474	0.01733	0.01053	0.00785	0.00776	0.00259	0.01211	0.00605	0.00351	0.01220
95	0.01891	0.01806	0.03074	0.26637	0.45372	0.01931	0.02468	0.02405	0.01814	0.02514	0.01534	0.02110	0.01245	0.00771	0.00825	0.00257	0.01028	0.00740	0.00397	0.01183
96	0.03103	0.03959	0.02354	0.02140	0.02568	0.67469	0.01605	0.03317	0.02354	0.02033	0.01284	0.01498	0.01070	0.00856	0.00749	0.00214	0.01498	0.00535	0.00428	0.00963
97	0.01443	0.00722	0.01082	0.01082	0.01082	0.00722	0.00722	0.01082	0.01082	0.01443	0.01443	0.02525	0.01443	0.02886	0.03247	0.75830	0.00722	0.00722	0.00361	0.00361
98	0.01011	0.00728	0.00958	0.01142	0.01201	0.00676	0.00765	0.01158	0.01605	0.02126	0.04757	0.67370	0.08271	0.02579	0.01057	0.00335	0.00479	0.02333	0.00771	0.00676
99	0.01012	0.00723	0.00964	0.01157	0.01205	0.00675	0.00771	0.01157	0.01591	0.02121	0.04579	0.70262	0.05495	0.02603	0.01060	0.00337	0.00482	0.02362	0.00771	0.00675
100	0.01549	0.00774	0.00774	0.00774	0.00968	0.00774	0.00581	0.01936	0.01742	0.03097	0.02710	0.03097	0.02129	0.00968	0.00581	0.00194	0.00387	0.00774	0.75416	0.00774
101	0.76672	0.01607	0.01221	0.01092	0.01607	0.01864	0.00900	0.02442	0.01414	0.03727	0.01157	0.01350	0.00900	0.00771	0.00514	0.00257	0.00643	0.00450	0.00514	0.00900
102	0.02066	0.01785	0.01878	0.01691	0.02160	0.02066	0.01315	0.04414	0.64121	0.03475	0.03381	0.03099	0.02536	0.01127	0.00845	0.00282	0.00657	0.00939	0.00845	0.01315
103	0.02832	0.03470	0.02540	0.06478	0.13778	0.52253	0.01811	0.03115	0.02234	0.02157	0.01344	0.01637	0.01115	0.00834	0.00767	0.00223	0.01386	0.00583	0.00422	0.01022

[dist]
# distance from previous block
# <min> <max>
0	1

[block]
# block no. 5 follows, 22 sequences, length 76
# corresponding to MSA columns:
# 452-527
name=unknown_F
#
# <colnr> <probs for GDERKNQSTAVLIFYWHMCP>
#	G	D	E	R	K	N	Q	S	T	A	V	L	I	F	Y	W	H	M	C	P
0	0.01925	0.01840	0.03135	0.22248	0.49498	0.01939	0.02484	0.02435	0.01830	0.02555	0.01539	0.02099	0.01260	0.00765	0.00825	0.00255	0.01019	0.00740	0.00400	0.01210
1	0.03158	0.02327	0.02493	0.01911	0.02576	0.02576	0.01579	0.62852	0.03906	0.05236	0.01995	0.01995	0.01413	0.00997	0.00831	0.00249	0.00914	0.00748	0.00831	0.01413
2	0.00982	0.00842	0.00842	0.00842	0.01122	0.00701	0.00631	0.01192	0.01894	0.02244	0.08416	0.07995	0.65285	0.02104	0.00982	0.00281	0.00421	0.01753	0.00771	0.00701
3	0.02034	0.02104	0.06895	0.04947	0.62160	0.01971	0.02579	0.02554	0.01884	0.02709	0.01559	0.02039	0.01301	0.00743	0.00821	0.00248	0.01000	0.00733	0.00408	0.01311
4	0.01166	0.00849	0.01097	0.01035	0.01235	0.00780	0.00776	0.01550	0.02329	0.03279	0.62433	0.06292	0.10622	0.01718	0.00980	0.00262	0.00393	0.01515	0.00908	0.00780
5	0.01203	0.00824	0.01000	0.01000	0.01033	0.00857	0.00621	0.01269	0.01236	0.01681	0.02531	0.04958	0.02813	0.56600	0.18149	0.00922	0.01118	0.01138	0.00491	0.00556
6	0.02221	0.71304	0.04353	0.01421	0.02132	0.03287	0.01421	0.02488	0.01688	0.01955	0.01155	0.01333	0.01066	0.00711	0.00533	0.00178	0.00888	0.00444	0.00355	0.01066
7	0.01113	0.00785	0.00915	0.00975	0.01032	0.00749	0.00607	0.01190	0.01431	0.01866	0.04101	0.26199	0.13108	0.39091	0.02747	0.00580	0.00646	0.01652	0.00628	0.00587
8	0.19070	0.03104	0.10973	0.01800	0.02352	0.35057	0.01555	0.02960	0.02016	0.06005	0.01502	0.01696	0.01165	0.00846	0.00694	0.00231	0.01143	0.00562	0.06274	0.00996
9	0.01959	0.01862	0.03135	0.04688	0.59251	0.01852	0.02367	0.02434	0.01914	0.02721	0.05046	0.02555	0.04801	0.00855	0.00838	0.00249	0.00930	0.00828	0.00454	0.01259
10	0.01793	0.01518	0.01761	0.01264	0.01999	0.01180	0.01014	0.05082	0.01830	0.02831	0.01502	0.01736	0.01239	0.00634	0.00626	0.00129	0.00630	0.00505	0.00509	0.72218
11	0.03120	0.03471	0.02396	0.02072	0.02571	0.48071	0.01597	0.21114	0.02818	0.02990	0.01496	0.01647	0.01173	0.00898	0.00774	0.00225	0.01324	0.00599	0.00549	0.01098
12	0.01666	0.04297	0.66500	0.02368	0.03596	0.01929	0.03069	0.02631	0.01754	0.02631	0.01491	0.01754	0.01052	0.00789	0.00789	0.00263	0.01228	0.00614	0.00351	0.01228
13	0.01519	0.01166	0.01327	0.01205	0.01567	0.01128	0.00937	0.02317	0.16848	0.06027	0.20829	0.05565	0.22560	0.01576	0.00915	0.00265	0.00522	0.04577	0.00811	0.08341
14	0.01153	0.00798	0.01090	0.01180	0.01288	0.00836	0.00855	0.01390	0.01506	0.02169	0.03380	0.34325	0.03669	0.03867	0.28027	0.00725	0.01179	0.01558	0.10292	0.00715
15	0.01666	0.04297	0.66500	0.02368	0.03596	0.01929	0.03069	0.02631	0.01754	0.02631	0.01491	0.01754	0.01052	0.00789	0.00789	0.00263	0.01228	0.00614	0.00351	0.01228
16	0.03103	0.03959	0.02354	0.02140	0.02568	0.67469	0.01605	0.03317	0.02354	0.02033	0.01284	0.01498	0.01070	0.00856	0.00749	0.00214	0.01498	0.00535	0.00428	0.00963
17	0.01569	0.01477	0.02492	0.68808	0.05722	0.01846	0.02307	0.02123	0.01661	0.02123	0.01477	0.02215	0.01107	0.00831	0.00831	0.00277	0.01107	0.00738	0.00369	0.00923
18	0.00982	0.00842	0.00842	0.00842	0.01122	0.00701	0.00631	0.01192	0.01894	0.02244	0.08416	0.07995	0.65285	0.02104	0.00982	0.00281	0.00421	0.01753	0.00771	0.00701
19	0.01012	0.00723	0.00964	0.01157	0.01205	0.00675	0.00771	0.01157	0.01591	0.02121	0.04579	0.70262	0.05495	0.02603	0.01060	0.00337	0.00482	0.02362	0.00771	0.00675
20	0.22167	0.02141	0.02164	0.01700	0.02326	0.02392	0.01403	0.47231	0.03262	0.04846	0.01778	0.01828	0.01280	0.00939	0.00749	0.00251	0.00844	0.00671	0.00749	0.01280
21	0.02066	0.01785	0.01878	0.01691	0.02160	0.02066	0.01315	0.04414	0.64121	0.03475	0.03381	0.03099	0.02536	0.01127	0.00845	0.00282	0.00657	0.00939	0.00845	0.01315
22	0.01569	0.01477	0.02492	0.68808	0.05722	0.01846	0.02307	0.02123	0.01661	0.02123	0.01477	0.02215	0.01107	0.00831	0.00831	0.00277	0.01107	0.00738	0.00369	0.00923
23	0.01971	0.01887	0.03217	0.16284	0.55106	0.01951	0.02507	0.02475	0.01851	0.02610	0.01548	0.02084	0.01279	0.00756	0.00824	0.00252	0.01008	0.00740	0.00404	0.01247
24	0.76672	0.01607	0.01221	0.01092	0.01607	0.01864	0.00900	0.02442	0.01414	0.03727	0.01157	0.01350	0.00900	0.00771	0.00514	0.00257	0.00643	0.00450	0.00514	0.00900
25	0.02030	0.01947	0.03325	0.08506	0.62419	0.01967	0.02537	0.02527	0.01879	0.02682	0.01558	0.02065	0.01305	0.00745	0.00823	0.00248	0.00993	0.00740	0.00409	0.01295
26	0.76672	0.01607	0.01221	0.01092	0.01607	0.01864	0.00900	0.02442	0.01414	0.03727	0.01157	0.01350	0.00900	0.00771	0.00514	0.00257	0.00643	0.00450	0.00514	0.00900
27	0.01961	0.02241	0.04902	0.03501	0.04342	0.02101	0.62605	0.02661	0.01961	0.02661	0.01681	0.02241	0.01261	0.00700	0.00980	0.00280	0.01401	0.00980	0.00420	0.01120
28	0.02056	0.01974	0.03372	0.05099	0.65622	0.01974	0.02550	0.02550	0.01892	0.02714	0.01563	0.02056	0.01316	0.00740	0.00822	0.00247	0.00987	0.00740	0.00411	0.01316
29	0.76672	0.01607	0.01221	0.01092	0.01607	0.01864	0.00900	0.02442	0.01414	0.03727	0.01157	0.01350	0.00900	0.00771	0.00514	0.00257	0.00643	0.00450	0.00514	0.00900
