[name]
unknown

[dist]
# distance from previous block
# <min> <max>
0	16

[block]
# block no. 0 follows, 22 sequences, length 67
# corresponding to MSA columns:
# 16-82
name=unknown_A
#
# <colnr> <probs for GDERKNQSTAVLIFYWHMCP>
#	G	D	E	R	K	N	Q	S	T	A	V	L	I	F	Y	W	H	M	C	P
0	0.01529	0.01100	0.01460	0.01570	0.01811	0.01126	0.01364	0.08124	0.02121	0.02774	0.04147	0.08598	0.04428	0.02159	0.01114	0.00369	0.00781	0.53822	0.00772	0.00833
1	0.02874	0.03846	0.09149	0.02386	0.07409	0.55688	0.01829	0.03188	0.02257	0.02147	0.01327	0.01567	0.01087	0.00840	0.00759	0.00222	0.01431	0.00559	0.00419	0.01017
2	0.02322	0.23763	0.03044	0.11818	0.02817	0.18660	0.01698	0.07061	0.01922	0.02255	0.01283	0.01662	0.01105	0.00951	0.01139	0.00248	0.16234	0.00596	0.00413	0.01011
3	0.01707	0.03698	0.51540	0.09683	0.11930	0.01926	0.02922	0.02567	0.01762	0.02589	0.01499	0.01842	0.01093	0.00787	0.00798	0.00262	0.01184	0.00643	0.00361	0.01207
4	0.03043	0.08844	0.02519	0.02062	0.02536	0.55855	0.01589	0.09490	0.02467	0.02363	0.01349	0.01538	0.01106	0.00860	0.00741	0.00215	0.01391	0.00551	0.00465	0.01018
5	0.09843	0.42768	0.23722	0.01687	0.02541	0.02708	0.01889	0.02528	0.01680	0.02355	0.01262	0.01468	0.01044	0.00742	0.00612	0.00213	0.00970	0.00499	0.00371	0.01100
6	0.08368	0.21371	0.16928	0.05193	0.17389	0.02181	0.01990	0.02653	0.01828	0.09618	0.04021	0.01983	0.01478	0.00818	0.00718	0.00235	0.00935	0.00647	0.00477	0.01168
7	0.17151	0.01101	0.01152	0.01154	0.01420	0.01148	0.00856	0.01966	0.10825	0.02847	0.12791	0.26782	0.14198	0.01793	0.00890	0.00292	0.00519	0.01531	0.00748	0.00835
8	0.02033	0.02166	0.08207	0.15242	0.28076	0.02044	0.18038	0.08826	0.02070	0.02855	0.01618	0.02103	0.01256	0.00776	0.00863	0.00262	0.01126	0.00794	0.00446	0.01200
9	0.02035	0.01952	0.03333	0.07895	0.62994	0.01968	0.02539	0.02531	0.01881	0.02688	0.01559	0.02063	0.01307	0.00744	0.00823	0.00248	0.00992	0.00740	0.00409	0.01299
10	0.01162	0.00808	0.01019	0.01059	0.01104	0.00832	0.00685	0.01262	0.01319	0.01793	0.02940	0.18608	0.03321	0.41287	0.18382	0.00831	0.01070	0.01377	0.00546	0.00595
11	0.01804	0.01709	0.02779	0.04102	0.50515	0.01676	0.02100	0.02232	0.01892	0.02604	0.03168	0.03447	0.16299	0.01060	0.00860	0.00255	0.00854	0.00977	0.00496	0.01172
12	0.60823	0.01579	0.01489	0.15383	0.02475	0.01860	0.01197	0.02375	0.01466	0.03389	0.01224	0.01532	0.00944	0.00784	0.00581	0.00261	0.00741	0.00511	0.00484	0.00905
13	0.01611	0.01520	0.02568	0.63263	0.10935	0.01857	0.02328	0.02160	0.01681	0.02174	0.01484	0.02201	0.01126	0.00823	0.00830	0.00274	0.01097	0.00738	0.00373	0.00957
14	0.02026	0.01656	0.01885	0.01374	0.02097	0.01417	0.01110	0.14914	0.02183	0.03241	0.01586	0.01780	0.01269	0.00696	0.00661	0.00150	0.00678	0.00546	0.00564	0.60167
15	0.01012	0.00723	0.00964	0.01157	0.01205	0.00675	0.00771	0.01157	0.01591	0.02121	0.04579	0.70262	0.05495	0.02603	0.01060	0.00337	0.00482	0.02362	0.00771	0.00675
16	0.01204	0.00823	0.00997	0.00997	0.01028	0.00855	0.00616	0.01266	0.01235	0.01678	0.02535	0.04978	0.02821	0.57177	0.17583	0.00917	0.01105	0.01141	0.00491	0.00554
17	0.01666	0.04297	0.66500	0.02368	0.03596	0.01929	0.03069	0.02631	0.01754	0.02631	0.01491	0.01754	0.01052	0.00789	0.00789	0.00263	0.01228	0.00614	0.00351	0.01228
18	0.03103	0.03959	0.02354	0.02140	0.02568	0.67469	0.01605	0.03317	0.02354	0.02033	0.01284	0.01498	0.01070	0.00856	0.00749	0.00214	0.01498	0.00535	0.00428	0.00963
19	0.01099	0.00792	0.01068	0.01142	0.01249	0.00774	0.00808	0.01337	0.01760	0.02430	0.22327	0.36953	0.05520	0.05922	0.12291	0.00502	0.00761	0.01807	0.00748	0.00711
20	0.01818	0.01818	0.02545	0.02181	0.02181	0.02545	0.01818	0.01999	0.01272	0.01999	0.01091	0.01818	0.01091	0.01454	0.02726	0.00364	0.69284	0.00727	0.00364	0.00909
21	0.01927	0.01842	0.03138	0.22016	0.49716	0.01940	0.02485	0.02436	0.01830	0.02557	0.01540	0.02098	0.01261	0.00764	0.00825	0.00255	0.01019	0.00740	0.00400	0.01212
22	0.01445	0.01241	0.01836	0.02424	0.23089	0.01186	0.01408	0.01825	0.02033	0.02758	0.22711	0.05600	0.19469	0.01541	0.00946	0.00275	0.00643	0.07938	0.00692	0.00942
23	0.02608	0.02631	0.02854	0.03654	0.36254	0.25492	0.02070	0.02983	0.02109	0.09118	0.01642	0.01936	0.01305	0.00812	0.00797	0.00236	0.01142	0.00676	0.00482	0.01199
24	0.01961	0.02241	0.04902	0.03501	0.04342	0.02101	0.62605	0.02661	0.01961	0.02661	0.01681	0.02241	0.01261	0.00700	0.00980	0.00280	0.01401	0.00980	0.00420	0.01120
25	0.05899	0.01526	0.01585	0.01417	0.01869	0.01649	0.01102	0.03341	0.40438	0.03131	0.04265	0.04025	0.17025	0.01290	0.00838	0.00266	0.00597	0.01062	0.00778	0.07897
26	0.03158	0.02327	0.02493	0.01911	0.02576	0.02576	0.01579	0.62852	0.03906	0.05236	0.01995	0.01995	0.01413	0.00997	0.00831	0.00249	0.00914	0.00748	0.00831	0.01413
27	0.01012	0.00723	0.00964	0.01157	0.01205	0.00675	0.00771	0.01157	0.01591	0.02121	0.04579	0.70262	0.05495	0.02603	0.01060	0.00337	0.00482	0.02362	0.00771	0.00675
28	0.01023	0.00728	0.00961	0.01143	0.01188	0.00682	0.00756	0.01160	0.01569	0.02093	0.04471	0.66684	0.05358	0.06367	0.01235	0.00363	0.00500	0.02298	0.00756	0.00665
29	0.02910	0.02162	0.02309	0.01816	0.02427	0.02402	0.01485	0.50971	0.12565	0.04861	0.02236	0.02216	0.01616	0.01015	0.00819	0.00251	0.00848	0.00777	0.04949	0.01363
30	0.01818	0.01818	0.02545	0.02181	0.02181	0.02545	0.01818	0.01999	0.01272	0.01999	0.01091	0.01818	0.01091	0.01454	0.02726	0.00364	0.69284	0.00727	0.00364	0.00909
31	0.02256	0.02507	0.06529	0.04068	0.44128	0.15800	0.02286	0.02856	0.06653	0.02623	0.01636	0.02000	0.01341	0.00796	0.00807	0.00243	0.01083	0.00705	0.00444	0.01237
32	0.02795	0.01767	0.02010	0.01618	0.02129	0.01859	0.01288	0.36037	0.03004	0.17279	0.02674	0.11688	0.02257	0.08189	0.01202	0.00318	0.00802	0.01029	0.00832	0.01223
33	0.04801	0.00822	0.01030	0.01136	0.01269	0.00772	0.00791	0.01408	0.01715	0.05635	0.10139	0.52967	0.09797	0.02314	0.01009	0.00318	0.00489	0.02067	0.00785	0.00736
34	0.01986	0.34511	0.35344	0.01930	0.02885	0.05728	0.02255	0.02600	0.01753	0.02297	0.01329	0.01551	0.01059	0.00757	0.00672	0.00222	0.01088	0.00533	0.00357	0.01142
35	0.01141	0.00974	0.00998	0.00978	0.01277	0.00899	0.00736	0.01661	0.10953	0.02419	0.07527	0.09788	0.53730	0.01982	0.00965	0.00283	0.00458	0.01659	0.00782	0.00790
36	0.02428	0.55530	0.03885	0.01590	0.02234	0.18320	0.01464	0.02682	0.01844	0.01973	0.01185	0.01371	0.01067	0.00745	0.00584	0.00186	0.01031	0.00465	0.00372	0.01042
37	0.01211	0.00865	0.01192	0.01384	0.01519	0.00846	0.01117	0.01500	0.01786	0.02343	0.04469	0.33206	0.05060	0.02415	0.01113	0.00365	0.00654	0.37457	0.00767	0.00730
38	0.02056	0.01974	0.03372	0.05099	0.65622	0.01974	0.02550	0.02550	0.01892	0.02714	0.01563	0.02056	0.01316	0.00740	0.00822	0.00247	0.00987	0.00740	0.00411	0.01316
39	0.76672	0.01607	0.01221	0.01092	0.01607	0.01864	0.00900	0.02442	0.01414	0.03727	0.01157	0.01350	0.00900	0.00771	0.00514	0.00257	0.00643	0.00450	0.00514	0.00900
40	0.01208	0.00805	0.00906	0.00906	0.00906	0.00805	0.00503	0.01208	0.01208	0.01611	0.02618	0.05436	0.03020	0.70804	0.04228	0.00805	0.00805	0.01208	0.00503	0.00503
41	0.01157	0.00759	0.00916	0.01015	0.01068	0.00734	0.00652	0.01288	0.01482	0.02088	0.03635	0.38273	0.04157	0.25719	0.02075	0.00477	0.00579	0.01735	0.11561	0.00631
42	0.03103	0.03959	0.02354	0.02140	0.02568	0.67469	0.01605	0.03317	0.02354	0.02033	0.01284	0.01498	0.01070	0.00856	0.00749	0.00214	0.01498	0.00535	0.00428	0.00963
43	0.01012	0.00723	0.00964	0.01157	0.01205	0.00675	0.00771	0.01157	0.01591	0.02121	0.04579	0.70262	0.05495	0.02603	0.01060	0.00337	0.00482	0.02362	0.00771	0.00675
44	0.01656	0.00908	0.01177	0.01147	0.01334	0.00838	0.00805	0.01845	0.01792	0.15680	0.13874	0.30294	0.04580	0.18096	0.01742	0.00418	0.00590	0.01628	0.00786	0.00808
45	0.01097	0.00818	0.01019	0.01028	0.01208	0.00741	0.00749	0.01392	0.02077	0.02818	0.39009	0.21587	0.19413	0.01996	0.00999	0.00283	0.00419	0.01757	0.00851	0.00741
46	0.00982	0.00842	0.00842	0.00842	0.01122	0.00701	0.00631	0.01192	0.01894	0.02244	0.08416	0.07995	0.65285	0.02104	0.00982	0.00281	0.00421	0.01753	0.00771	0.00701
47	0.00994	0.00792	0.00892	0.00972	0.01156	0.00690	0.00689	0.01178	0.01768	0.02193	0.06824	0.33823	0.40484	0.02311	0.01014	0.00304	0.00446	0.02006	0.00771	0.00690
48	0.00982	0.00842	0.00842	0.00842	0.01122	0.00701	0.00631	0.01192	0.01894	0.02244	0.08416	0.07995	0.65285	0.02104	0.00982	0.00281	0.00421	0.01753	0.00771	0.00701
49	0.01355	0.00796	0.00814	0.00814	0.00993	0.00763	0.00579	0.01631	0.01682	0.02631	0.04030	0.04663	0.17081	0.13729	0.01327	0.00323	0.00470	0.01081	0.44530	0.00709
50	0.01822	0.01564	0.01650	0.01502	0.01923	0.01751	0.01163	0.03679	0.49570	0.03243	0.07500	0.04153	0.14258	0.01335	0.00877	0.00280	0.00601	0.01117	0.00835	0.01175
51	0.01431	0.01184	0.01296	0.01209	0.01532	0.01218	0.00923	0.02466	0.24451	0.03015	0.23675	0.05693	0.25400	0.01630	0.00932	0.00275	0.00497	0.01385	0.00841	0.00947
52	0.02832	0.03507	0.02394	0.02149	0.02487	0.53768	0.01650	0.03039	0.02126	0.02026	0.01243	0.01566	0.01074	0.00982	0.01166	0.00246	0.15803	0.00576	0.00414	0.00952
53	0.01208	0.00805	0.00906	0.00906	0.00906	0.00805	0.00503	0.01208	0.01208	0.01611	0.02618	0.05436	0.03020	0.70804	0.04228	0.00805	0.00805	0.01208	0.00503	0.00503
54	0.01617	0.01471	0.02388	0.60469	0.05232	0.01802	0.02157	0.05033	0.01822	0.02365	0.06284	0.02504	0.01628	0.00904	0.00842	0.00274	0.01044	0.00796	0.00433	0.00936
55	0.01005	0.00751	0.00935	0.01083	0.01186	0.00681	0.00738	0.01165	0.01661	0.02150	0.05477	0.55678	0.19499	0.02486	0.01042	0.00324	0.00468	0.02219	0.00771	0.00681
56	0.01034	0.00833	0.00921	0.00921	0.01160	0.00720	0.00682	0.01284	0.01983	0.02509	0.22494	0.13048	0.45406	0.02045	0.00988	0.00281	0.00419	0.01743	0.00808	0.00720
57	0.01034	0.00734	0.00966	0.01133	0.01184	0.00689	0.00752	0.01178	0.01594	0.02133	0.06970	0.62713	0.05407	0.07685	0.01295	0.00369	0.00502	0.02239	0.00757	0.00666
58	0.01666	0.04297	0.66500	0.02368	0.03596	0.01929	0.03069	0.02631	0.01754	0.02631	0.01491	0.01754	0.01052	0.00789	0.00789	0.00263	0.01228	0.00614	0.00351	0.01228
59	0.02642	0.03213	0.02396	0.22191	0.03517	0.47732	0.01816	0.02958	0.02146	0.02060	0.01342	0.01714	0.01081	0.00848	0.00774	0.00233	0.01381	0.00596	0.00410	0.00951
60	0.01087	0.00825	0.00872	0.00872	0.01022	0.00750	0.00572	0.01200	0.01575	0.01950	0.05719	0.06805	0.36331	0.34051	0.02492	0.00525	0.00600	0.01500	0.00647	0.00609
61	0.02056	0.01974	0.03372	0.05099	0.65622	0.01974	0.02550	0.02550	0.01892	0.02714	0.01563	0.02056	0.01316	0.00740	0.00822	0.00247	0.00987	0.00740	0.00411	0.01316
62	0.02135	0.02123	0.03296	0.04877	0.60889	0.06890	0.02479	0.02607	0.01926	0.02663	0.01542	0.02014	0.01297	0.00749	0.00817	0.00244	0.01025	0.00725	0.00412	0.01289
63	0.01358	0.01166	0.01925	0.10432	0.02370	0.01356	0.07359	0.01720	0.01435	0.02031	0.01993	0.02923	0.01799	0.04638	0.47606	0.01023	0.06754	0.00868	0.00427	0.00815
64	0.76672	0.01607	0.01221	0.01092	0.01607	0.01864	0.00900	0.02442	0.01414	0.03727	0.01157	0.01350	0.00900	0.00771	0.00514	0.00257	0.00643	0.00450	0.00514	0.00900
65	0.01300	0.00992	0.01334	0.01392	0.04654	0.00992	0.04000	0.01580	0.06115	0.02009	0.03130	0.23406	0.03508	0.38782	0.02722	0.00576	0.00743	0.01481	0.00596	0.00688
66	0.01416	0.11397	0.01579	0.01126	0.01456	0.07017	0.00905	0.01689	0.02021	0.02469	0.20845	0.06065	0.32817	0.01697	0.00903	0.00260	0.00594	0.04225	0.00716	0.00802

[dist]
# distance from previous block
# <min> <max>
0	1

[block]
# block no. 1 follows, 22 sequences, length 50
# corresponding to MSA columns:
# 84-133
name=unknown_B
#
# <colnr> <probs for GDERKNQSTAVLIFYWHMCP>
#	G	D	E	R	K	N	Q	S	T	A	V	L	I	F	Y	W	H	M	C	P
0	0.01046	0.00853	0.00931	0.00936	0.01195	0.00738	0.00719	0.01303	0.01974	0.02452	0.17801	0.07808	0.50176	0.02051	0.00996	0.00286	0.00446	0.06776	0.00795	0.00721
1	0.02294	0.02379	0.02454	0.08862	0.19085	0.21077	0.01750	0.07614	0.02109	0.02627	0.01524	0.01890	0.01252	0.01057	0.04163	0.00269	0.01125	0.00634	0.00467	0.17366
2	0.01107	0.00837	0.00977	0.01032	0.01216	0.00761	0.00769	0.01297	0.01759	0.02210	0.08965	0.15576	0.33556	0.10827	0.01526	0.03639	0.00549	0.11998	0.00726	0.00674
3	0.01723	0.01477	0.01723	0.01230	0.01969	0.01107	0.00984	0.02092	0.01723	0.02707	0.01477	0.01723	0.01230	0.00615	0.00615	0.00123	0.00615	0.00492	0.00492	0.75883
4	0.02358	0.02246	0.02770	0.05647	0.16573	0.10770	0.07100	0.15891	0.10024	0.03145	0.01787	0.02075	0.01409	0.00945	0.01066	0.00260	0.09777	0.00747	0.00555	0.04854
5	0.02513	0.02286	0.02313	0.22638	0.03412	0.16439	0.01724	0.25627	0.02680	0.03380	0.01740	0.02050	0.01305	0.00912	0.00791	0.00245	0.01057	0.00700	0.07082	0.01106
6	0.02003	0.01510	0.01712	0.07143	0.04497	0.04465	0.01243	0.15623	0.07594	0.03259	0.02267	0.02636	0.01791	0.01666	0.09454	0.00379	0.03927	0.00781	0.27046	0.01005
7	0.01901	0.44446	0.14409	0.01566	0.02243	0.02564	0.01622	0.02294	0.01623	0.02065	0.01446	0.01825	0.01283	0.01924	0.15139	0.00444	0.01238	0.00570	0.00374	0.01023
8	0.01065	0.00818	0.00951	0.00968	0.01155	0.00730	0.00693	0.01299	0.01913	0.02491	0.24162	0.19148	0.31248	0.08050	0.01278	0.00331	0.00457	0.01747	0.00791	0.00704
9	0.01261	0.07488	0.01363	0.01124	0.01386	0.01115	0.00851	0.01744	0.09800	0.02418	0.10163	0.27192	0.27090	0.01983	0.00948	0.00288	0.00513	0.01709	0.00753	0.00812
10	0.01978	0.02121	0.08558	0.10806	0.54866	0.01958	0.02570	0.02517	0.01859	0.02652	0.01549	0.02046	0.01274	0.00753	0.00820	0.00251	0.01018	0.00729	0.00402	0.01272
11	0.02996	0.03781	0.02370	0.02144	0.02536	0.62051	0.01623	0.03207	0.02264	0.02030	0.01268	0.01525	0.01072	0.00906	0.00914	0.00226	0.07155	0.00551	0.00423	0.00959
12	0.01255	0.00788	0.01054	0.01180	0.01286	0.00727	0.00811	0.01425	0.01690	0.07739	0.06911	0.61817	0.05290	0.02429	0.01038	0.00327	0.00498	0.02194	0.00799	0.00743
13	0.01723	0.01477	0.01723	0.01230	0.01969	0.01107	0.00984	0.02092	0.01723	0.02707	0.01477	0.01723	0.01230	0.00615	0.00615	0.00123	0.00615	0.00492	0.00492	0.75883
14	0.01002	0.00764	0.00922	0.01048	0.01176	0.00684	0.00723	0.01169	0.01695	0.02163	0.05903	0.48779	0.26124	0.02431	0.01033	0.00318	0.00461	0.02152	0.00771	0.00684
15	0.01047	0.00738	0.00954	0.01112	0.01151	0.00698	0.00723	0.01166	0.01522	0.02029	0.04226	0.58589	0.05049	0.14884	0.01631	0.00422	0.00540	0.02154	0.00723	0.00644
16	0.01085	0.00828	0.00945	0.00940	0.01125	0.00744	0.00665	0.01308	0.01885	0.02453	0.24517	0.11747	0.31604	0.14630	0.01583	0.00375	0.00487	0.01623	0.00766	0.00688
17	0.01549	0.00774	0.00774	0.00774	0.00968	0.00774	0.00581	0.01936	0.01742	0.03097	0.02710	0.03097	0.02129	0.00968	0.00581	0.00194	0.00387	0.00774	0.75416	0.00774
18	0.01192	0.00799	0.00911	0.00927	0.00931	0.00794	0.00526	0.01204	0.01240	0.01653	0.02781	0.10846	0.03227	0.65113	0.03964	0.00766	0.00778	0.01304	0.00526	0.00518
19	0.01065	0.00825	0.00945	0.00950	0.01150	0.00732	0.00685	0.01303	0.01934	0.02504	0.24701	0.15375	0.34551	0.08017	0.01274	0.00328	0.00453	0.01709	0.00792	0.00706
20	0.01788	0.01005	0.01030	0.00943	0.01207	0.01042	0.00729	0.10989	0.02064	0.03415	0.02604	0.02933	0.02023	0.00972	0.00618	0.00202	0.00465	0.00770	0.64331	0.00869
21	0.01012	0.00723	0.00964	0.01157	0.01205	0.00675	0.00771	0.01157	0.01591	0.02121	0.04579	0.70262	0.05495	0.02603	0.01060	0.00337	0.00482	0.02362	0.00771	0.00675
22	0.02546	0.02596	0.02360	0.02023	0.02354	0.24505	0.01615	0.18154	0.02328	0.02842	0.01490	0.01882	0.01254	0.01553	0.07263	0.00369	0.22630	0.00681	0.00514	0.01043
23	0.01075	0.00839	0.00975	0.00954	0.01183	0.00739	0.00711	0.01369	0.02096	0.02754	0.35174	0.10326	0.34955	0.01937	0.00985	0.00274	0.00410	0.01665	0.00839	0.00739
24	0.18441	0.02076	0.02112	0.01698	0.02296	0.02333	0.01387	0.39400	0.14436	0.04595	0.02073	0.02062	0.01511	0.00973	0.00767	0.00257	0.00810	0.00720	0.00767	0.01287
25	0.01024	0.00812	0.00921	0.00959	0.01165	0.00709	0.00694	0.01249	0.01896	0.02404	0.17448	0.23796	0.39664	0.02161	0.01002	0.00292	0.00432	0.01866	0.00797	0.00709
26	0.01152	0.00817	0.00942	0.00937	0.01032	0.00776	0.00600	0.01281	0.01596	0.02122	0.17340	0.09229	0.15185	0.40309	0.02794	0.00571	0.00632	0.01425	0.00653	0.00608
27	0.01208	0.00805	0.00906	0.00906	0.00906	0.00805	0.00503	0.01208	0.01208	0.01611	0.02618	0.05436	0.03020	0.70804	0.04228	0.00805	0.00805	0.01208	0.00503	0.00503
28	0.03158	0.02327	0.02493	0.01911	0.02576	0.02576	0.01579	0.62852	0.03906	0.05236	0.01995	0.01995	0.01413	0.00997	0.00831	0.00249	0.00914	0.00748	0.00831	0.01413
29	0.01443	0.00722	0.01082	0.01082	0.01082	0.00722	0.00722	0.01082	0.01082	0.01443	0.01443	0.02525	0.01443	0.02886	0.03247	0.75830	0.00722	0.00722	0.00361	0.00361
30	0.01159	0.00813	0.00892	0.00892	0.00953	0.00783	0.00531	0.01205	0.01357	0.01749	0.03878	0.05993	0.16557	0.55868	0.03523	0.00691	0.00722	0.01327	0.00562	0.00546
31	0.00982	0.00842	0.00842	0.00842	0.01122	0.00701	0.00631	0.01192	0.01894	0.02244	0.08416	0.07995	0.65285	0.02104	0.00982	0.00281	0.00421	0.01753	0.00771	0.00701
32	0.01666	0.04297	0.66500	0.02368	0.03596	0.01929	0.03069	0.02631	0.01754	0.02631	0.01491	0.01754	0.01052	0.00789	0.00789	0.00263	0.01228	0.00614	0.00351	0.01228
33	0.01569	0.01477	0.02492	0.68808	0.05722	0.01846	0.02307	0.02123	0.01661	0.02123	0.01477	0.02215	0.01107	0.00831	0.00831	0.00277	0.01107	0.00738	0.00369	0.00923
34	0.01373	0.01163	0.01692	0.01584	0.01689	0.01482	0.01268	0.01635	0.01317	0.01949	0.01891	0.02837	0.01786	0.04823	0.48421	0.01049	0.21987	0.00842	0.00421	0.00791
35	0.01183	0.00840	0.01066	0.01015	0.01168	0.00789	0.00723	0.01490	0.02103	0.02957	0.51581	0.06038	0.06791	0.16723	0.01686	0.00380	0.00482	0.01438	0.00825	0.00723
36	0.02187	0.01567	0.01720	0.01503	0.01936	0.01705	0.01159	0.08540	0.36706	0.12186	0.03601	0.03704	0.08020	0.10137	0.01289	0.00343	0.00684	0.01015	0.00820	0.01178
37	0.02046	0.01310	0.01393	0.01207	0.01543	0.01393	0.00940	0.22983	0.02455	0.03688	0.02613	0.08430	0.02204	0.04415	0.00880	0.00254	0.00598	0.00918	0.39754	0.00975
38	0.01443	0.00722	0.01082	0.01082	0.01082	0.00722	0.00722	0.01082	0.01082	0.01443	0.01443	0.02525	0.01443	0.02886	0.03247	0.75830	0.00722	0.00722	0.00361	0.00361
39	0.01023	0.00756	0.00932	0.01066	0.01161	0.00692	0.00717	0.01169	0.01623	0.02103	0.05242	0.51090	0.18278	0.08422	0.01319	0.00366	0.00497	0.02129	0.00748	0.00666
40	0.01205	0.00807	0.01085	0.01152	0.01275	0.00855	0.00847	0.01469	0.01512	0.02249	0.03144	0.26393	0.03270	0.03832	0.29984	0.00742	0.01223	0.01374	0.16857	0.00726
41	0.02030	0.01943	0.02009	0.05238	0.07807	0.15543	0.03871	0.02743	0.13263	0.02638	0.02134	0.02483	0.01720	0.01438	0.06733	0.00341	0.07380	0.00763	0.18930	0.00993
42	0.01545	0.01189	0.02013	0.01651	0.01998	0.01198	0.16775	0.01986	0.01675	0.02629	0.02296	0.02926	0.01888	0.02500	0.21053	0.00563	0.01209	0.00863	0.33188	0.00854
43	0.01474	0.01132	0.01326	0.01123	0.01476	0.01018	0.00841	0.06929	0.02080	0.02926	0.26489	0.04740	0.10889	0.13158	0.01425	0.00319	0.00569	0.01152	0.00713	0.20221
44	0.01749	0.20621	0.02047	0.01217	0.01569	0.06652	0.00993	0.05045	0.01899	0.02521	0.08354	0.14647	0.08099	0.04627	0.00915	0.00260	0.00677	0.01099	0.16141	0.00867
45	0.14379	0.02729	0.19677	0.01742	0.02443	0.12503	0.01704	0.10323	0.05293	0.03096	0.04895	0.02456	0.06822	0.00975	0.00754	0.00242	0.00948	0.00731	0.00549	0.07739
46	0.08752	0.18568	0.08465	0.02994	0.26862	0.04637	0.01970	0.09915	0.05228	0.02935	0.01560	0.01825	0.01264	0.00795	0.00724	0.00234	0.00946	0.00638	0.00475	0.01213
47	0.02530	0.23570	0.15685	0.02043	0.04938	0.22430	0.01870	0.12769	0.02279	0.02683	0.01415	0.01602	0.01131	0.00819	0.00709	0.00220	0.01149	0.00567	0.00457	0.01133
48	0.14608	0.02801	0.24577	0.02668	0.14038	0.06874	0.11062	0.02549	0.01849	0.02852	0.06995	0.02178	0.01695	0.00849	0.00790	0.00258	0.01059	0.00733	0.00454	0.01113
49	0.17654	0.01865	0.05004	0.11147	0.21665	0.01966	0.01856	0.05571	0.06899	0.08469	0.01731	0.02040	0.01336	0.00906	0.00968	0.00270	0.08281	0.00698	0.00529	0.01145

[dist]
# distance from previous block
# <min> <max>
73	274

[block]
# block no. 2 follows, 22 sequences, length 82
# corresponding to MSA columns:
# 455-536
name=unknown_C
#
# <colnr> <probs for GDERKNQSTAVLIFYWHMCP>
#	G	D	E	R	K	N	Q	S	T	A	V	L	I	F	Y	W	H	M	C	P
0	0.14204	0.08648	0.02266	0.05090	0.18842	0.05464	0.01497	0.02406	0.08021	0.02659	0.04784	0.07589	0.01968	0.01218	0.01029	0.08631	0.00811	0.00824	0.00515	0.03533
1	0.05029	0.02477	0.15282	0.06001	0.31241	0.02081	0.08432	0.13789	0.02221	0.03180	0.01622	0.01984	0.01255	0.00798	0.00822	0.00255	0.01052	0.00730	0.00481	0.01267
2	0.13441	0.06190	0.16920	0.03098	0.29424	0.01854	0.02096	0.02413	0.01775	0.02829	0.04488	0.05115	0.01694	0.00891	0.00757	0.00250	0.00905	0.00758	0.03960	0.01140
3	0.01875	0.01773	0.02999	0.16203	0.49102	0.01835	0.02347	0.02348	0.01823	0.02555	0.01816	0.08172	0.01651	0.00923	0.00845	0.00260	0.00964	0.00885	0.00436	0.01188
4	0.01656	0.01353	0.01601	0.04018	0.06850	0.01316	0.01119	0.12946	0.05429	0.03030	0.09670	0.07862	0.27214	0.01492	0.00885	0.00253	0.00619	0.01253	0.00718	0.10715
5	0.02313	0.02530	0.02615	0.05140	0.07347	0.22807	0.04313	0.05684	0.04254	0.02318	0.01361	0.01827	0.01181	0.01120	0.01643	0.00292	0.31128	0.00688	0.00432	0.01007
6	0.57292	0.02302	0.18088	0.01422	0.02120	0.01881	0.01460	0.02491	0.01502	0.03444	0.01243	0.01454	0.00939	0.00776	0.00585	0.00259	0.00794	0.00492	0.00472	0.00984
7	0.01443	0.00722	0.01082	0.01082	0.01082	0.00722	0.00722	0.01082	0.01082	0.01443	0.01443	0.02525	0.01443	0.02886	0.03247	0.75830	0.00722	0.00722	0.00361	0.00361
8	0.02056	0.01974	0.03372	0.05099	0.65622	0.01974	0.02550	0.02550	0.01892	0.02714	0.01563	0.02056	0.01316	0.00740	0.00822	0.00247	0.00987	0.00740	0.00411	0.01316
9	0.09938	0.02811	0.02100	0.01882	0.02251	0.36025	0.01458	0.07649	0.04674	0.02499	0.01537	0.01890	0.01296	0.01746	0.11024	0.00409	0.08726	0.00635	0.00482	0.00968
10	0.01200	0.00817	0.00959	0.00942	0.00993	0.00800	0.00576	0.01301	0.01504	0.02055	0.18783	0.05635	0.04265	0.52949	0.03389	0.00665	0.00699	0.01284	0.00610	0.00576
11	0.02150	0.02371	0.02495	0.02170	0.02281	0.19320	0.01763	0.02340	0.01552	0.02008	0.01141	0.01735	0.01085	0.01300	0.02215	0.00325	0.51769	0.00677	0.00380	0.00923
12	0.01063	0.00744	0.00949	0.01092	0.01128	0.00709	0.00702	0.01170	0.01492	0.01989	0.04072	0.53512	0.04855	0.20225	0.01879	0.00458	0.00566	0.02064	0.00702	0.00630
13	0.03158	0.02327	0.02493	0.01911	0.02576	0.02576	0.01579	0.62852	0.03906	0.05236	0.01995	0.01995	0.01413	0.00997	0.00831	0.00249	0.00914	0.00748	0.00831	0.01413
14	0.00982	0.00842	0.00842	0.00842	0.01122	0.00701	0.00631	0.01192	0.01894	0.02244	0.08416	0.07995	0.65285	0.02104	0.00982	0.00281	0.00421	0.01753	0.00771	0.00701
15	0.01208	0.00805	0.00906	0.00906	0.00906	0.00805	0.00503	0.01208	0.01208	0.01611	0.02618	0.05436	0.03020	0.70804	0.04228	0.00805	0.00805	0.01208	0.00503	0.00503
16	0.01008	0.00739	0.00948	0.01115	0.01194	0.00678	0.00753	0.01161	0.01631	0.02137	0.05085	0.62040	0.13390	0.02537	0.01050	0.00330	0.00474	0.02281	0.00771	0.00678
17	0.01012	0.00723	0.00964	0.01157	0.01205	0.00675	0.00771	0.01157	0.01591	0.02121	0.04579	0.70262	0.05495	0.02603	0.01060	0.00337	0.00482	0.02362	0.00771	0.00675
18	0.01599	0.01505	0.02515	0.57225	0.12981	0.01801	0.02249	0.02127	0.01702	0.02203	0.01855	0.02501	0.04535	0.00887	0.00838	0.00273	0.01056	0.00792	0.00396	0.00960
19	0.01498	0.00774	0.00793	0.00802	0.00974	0.00772	0.00583	0.01843	0.01693	0.02936	0.02786	0.06283	0.02350	0.06579	0.00891	0.00249	0.00425	0.00880	0.66142	0.00748
20	0.00982	0.00842	0.00842	0.00842	0.01122	0.00701	0.00631	0.01192	0.01894	0.02244	0.08416	0.07995	0.65285	0.02104	0.00982	0.00281	0.00421	0.01753	0.00771	0.00701
21	0.03103	0.03959	0.02354	0.02140	0.02568	0.67469	0.01605	0.03317	0.02354	0.02033	0.01284	0.01498	0.01070	0.00856	0.00749	0.00214	0.01498	0.00535	0.00428	0.00963
22	0.03158	0.02327	0.02493	0.01911	0.02576	0.02576	0.01579	0.62852	0.03906	0.05236	0.01995	0.01995	0.01413	0.00997	0.00831	0.00249	0.00914	0.00748	0.00831	0.01413
23	0.01097	0.00867	0.01005	0.01055	0.01294	0.00776	0.00837	0.01370	0.01939	0.02425	0.13665	0.10542	0.40842	0.02126	0.01027	0.00307	0.00509	0.16806	0.00786	0.00726
24	0.01206	0.00812	0.00940	0.00940	0.00952	0.00824	0.00546	0.01230	0.01218	0.01636	0.02586	0.05264	0.02945	0.65684	0.09247	0.00847	0.00918	0.01183	0.00499	0.00522
25	0.01171	0.00924	0.01085	0.01146	0.01396	0.00857	0.00933	0.01542	0.04461	0.02443	0.09708	0.08218	0.36926	0.02114	0.01038	0.00318	0.00558	0.23627	0.00780	0.00755
26	0.01012	0.00723	0.00964	0.01157	0.01205	0.00675	0.00771	0.01157	0.01591	0.02121	0.04579	0.70262	0.05495	0.02603	0.01060	0.00337	0.00482	0.02362	0.00771	0.00675
27	0.01183	0.01017	0.01059	0.01174	0.01313	0.05989	0.00826	0.01358	0.01736	0.02157	0.05227	0.47587	0.19404	0.02333	0.01020	0.00316	0.00559	0.04290	0.00744	0.00707
28	0.01143	0.00781	0.00936	0.00994	0.01021	0.00762	0.00605	0.01212	0.01396	0.01872	0.06780	0.26304	0.04087	0.44994	0.03027	0.00624	0.00678	0.01595	0.00613	0.00574
29	0.01723	0.01477	0.01723	0.01230	0.01969	0.01107	0.00984	0.02092	0.01723	0.02707	0.01477	0.01723	0.01230	0.00615	0.00615	0.00123	0.00615	0.00492	0.00492	0.75883
30	0.01152	0.00846	0.01214	0.01255	0.01367	0.00938	0.00929	0.01387	0.01377	0.01938	0.02764	0.17719	0.02897	0.11867	0.47109	0.01070	0.01714	0.01234	0.00520	0.00704
31	0.01059	0.00777	0.01005	0.01169	0.01274	0.00723	0.00840	0.01251	0.01686	0.02196	0.05112	0.51529	0.14140	0.02481	0.01063	0.00336	0.00518	0.11376	0.00770	0.00693
32	0.01861	0.01559	0.01715	0.01597	0.01995	0.01761	0.01262	0.03702	0.48095	0.03310	0.10139	0.04382	0.03443	0.01365	0.00905	0.00295	0.00645	0.09954	0.00841	0.01175
33	0.01115	0.00847	0.01027	0.00982	0.01204	0.00758	0.00736	0.01451	0.02209	0.02992	0.47486	0.06763	0.25748	0.01825	0.00980	0.00267	0.00401	0.01581	0.00870	0.00758
34	0.02198	0.01686	0.01875	0.01651	0.02095	0.01846	0.01338	0.26446	0.18925	0.03783	0.03427	0.09989	0.06344	0.01494	0.00927	0.00294	0.00752	0.12964	0.00813	0.01153
35	0.01585	0.01511	0.02451	0.05644	0.02445	0.01861	0.11142	0.01913	0.01426	0.02083	0.01639	0.02459	0.01496	0.03130	0.27145	0.00718	0.29241	0.00830	0.00404	0.00879
36	0.01215	0.00881	0.01291	0.01291	0.01443	0.01017	0.01002	0.01519	0.01367	0.02021	0.02264	0.03250	0.02081	0.05813	0.62205	0.01245	0.02079	0.00881	0.06390	0.00744
37	0.02078	0.53991	0.20411	0.01666	0.02510	0.02936	0.01847	0.02525	0.01705	0.02129	0.01242	0.01441	0.01063	0.00731	0.00599	0.00200	0.00976	0.00488	0.00354	0.01108
38	0.10752	0.01606	0.01829	0.01535	0.02084	0.01681	0.01230	0.04046	0.30880	0.30464	0.03099	0.02796	0.02155	0.01047	0.00806	0.00269	0.00677	0.00842	0.00889	0.01313
39	0.01697	0.04113	0.61494	0.02584	0.08514	0.01933	0.03028	0.02624	0.01765	0.02637	0.01497	0.01778	0.01073	0.00785	0.00792	0.00262	0.01209	0.00624	0.00356	0.01235
40	0.01723	0.01477	0.01723	0.01230	0.01969	0.01107	0.00984	0.02092	0.01723	0.02707	0.01477	0.01723	0.01230	0.00615	0.00615	0.00123	0.00615	0.00492	0.00492	0.75883
41	0.01270	0.01039	0.01114	0.01063	0.01339	0.01017	0.00788	0.01942	0.15121	0.02620	0.16279	0.06373	0.35448	0.09351	0.01308	0.00335	0.00508	0.01478	0.00782	0.00824
42	0.01034	0.00732	0.00958	0.01129	0.01172	0.00689	0.00741	0.01162	0.01548	0.02064	0.04361	0.63072	0.05220	0.10168	0.01412	0.00389	0.00518	0.02234	0.00741	0.00656
43	0.03248	0.02183	0.02404	0.01843	0.02504	0.02362	0.01522	0.53569	0.03665	0.14859	0.02197	0.02126	0.01514	0.01002	0.00832	0.00251	0.00881	0.00762	0.00862	0.01413
44	0.02997	0.02152	0.02332	0.01835	0.02462	0.02373	0.01501	0.47175	0.15134	0.09738	0.02358	0.02269	0.01676	0.01024	0.00834	0.00256	0.00849	0.00791	0.00849	0.01394
45	0.01039	0.00853	0.00922	0.00930	0.01191	0.00735	0.00715	0.01289	0.01956	0.02410	0.15567	0.07881	0.52285	0.02067	0.00996	0.00287	0.00448	0.06921	0.00790	0.00718
46	0.01012	0.00723	0.00964	0.01157	0.01205	0.00675	0.00771	0.01157	0.01591	0.02121	0.04579	0.70262	0.05495	0.02603	0.01060	0.00337	0.00482	0.02362	0.00771	0.00675
47	0.01012	0.00723	0.00964	0.01157	0.01205	0.00675	0.00771	0.01157	0.01591	0.02121	0.04579	0.70262	0.05495	0.02603	0.01060	0.00337	0.00482	0.02362	0.00771	0.00675
48	0.02100	0.01767	0.01860	0.01660	0.02127	0.02034	0.01295	0.07397	0.58046	0.03551	0.03277	0.03041	0.02458	0.01113	0.00832	0.00276	0.00659	0.00921	0.04292	0.01295
49	0.01156	0.00980	0.01016	0.01004	0.01293	0.00914	0.00752	0.01698	0.11690	0.02427	0.07279	0.12779	0.50043	0.01994	0.00967	0.00286	0.00464	0.01679	0.00783	0.00796
50	0.03158	0.02327	0.02493	0.01911	0.02576	0.02576	0.01579	0.62852	0.03906	0.05236	0.01995	0.01995	0.01413	0.00997	0.00831	0.00249	0.00914	0.00748	0.00831	0.01413
51	0.00982	0.00842	0.00842	0.00842	0.01122	0.00701	0.00631	0.01192	0.01894	0.02244	0.08416	0.07995	0.65285	0.02104	0.00982	0.00281	0.00421	0.01753	0.00771	0.00701
52	0.01176	0.00849	0.01110	0.01045	0.01241	0.00784	0.00784	0.01568	0.02352	0.03331	0.65184	0.06206	0.07839	0.01698	0.00980	0.00261	0.00392	0.01502	0.00914	0.00784
53	0.01443	0.00722	0.01082	0.01082	0.01082	0.00722	0.00722	0.01082	0.01082	0.01443	0.01443	0.02525	0.01443	0.02886	0.03247	0.75830	0.00722	0.00722	0.00361	0.00361
54	0.01208	0.00805	0.00906	0.00906	0.00906	0.00805	0.00503	0.01208	0.01208	0.01611	0.02618	0.05436	0.03020	0.70804	0.04228	0.00805	0.00805	0.01208	0.00503	0.00503
55	0.01208	0.00805	0.00906	0.00906	0.00906	0.00805	0.00503	0.01208	0.01208	0.01611	0.02618	0.05436	0.03020	0.70804	0.04228	0.00805	0.00805	0.01208	0.00503	0.00503
56	0.02056	0.01974	0.03372	0.05099	0.65622	0.01974	0.02550	0.02550	0.01892	0.02714	0.01563	0.02056	0.01316	0.00740	0.00822	0.00247	0.00987	0.00740	0.00411	0.01316
57	0.01541	0.01192	0.01239	0.01184	0.01434	0.03799	0.00866	0.02144	0.14463	0.05746	0.04651	0.05774	0.21603	0.23231	0.01963	0.00450	0.00679	0.06519	0.00702	0.00820
58	0.01187	0.00890	0.01335	0.01335	0.01483	0.01038	0.01038	0.01483	0.01335	0.01928	0.02225	0.03264	0.02077	0.06231	0.67512	0.01335	0.02225	0.00890	0.00445	0.00742
59	0.03158	0.02327	0.02493	0.01911	0.02576	0.02576	0.01579	0.62852	0.03906	0.05236	0.01995	0.01995	0.01413	0.00997	0.00831	0.00249	0.00914	0.00748	0.00831	0.01413
60	0.01208	0.00805	0.00906	0.00906	0.00906	0.00805	0.00503	0.01208	0.01208	0.01611	0.02618	0.05436	0.03020	0.70804	0.04228	0.00805	0.00805	0.01208	0.00503	0.00503
61	0.01818	0.01818	0.02545	0.02181	0.02181	0.02545	0.01818	0.01999	0.01272	0.01999	0.01091	0.01818	0.01091	0.01454	0.02726	0.00364	0.69284	0.00727	0.00364	0.00909
62	0.01882	0.08045	0.17341	0.02754	0.03450	0.02273	0.29393	0.02470	0.01717	0.02428	0.01446	0.01956	0.01157	0.00915	0.01355	0.00290	0.18863	0.00795	0.00386	0.01084
63	0.01165	0.00849	0.01096	0.01034	0.01235	0.00779	0.00776	0.01548	0.02327	0.03273	0.62135	0.06302	0.10924	0.01720	0.00980	0.00262	0.00393	0.01516	0.00907	0.00779
64	0.01549	0.00774	0.00774	0.00774	0.00968	0.00774	0.00581	0.01936	0.01742	0.03097	0.02710	0.03097	0.02129	0.00968	0.00581	0.00194	0.00387	0.00774	0.75416	0.00774
65	0.01187	0.00890	0.01335	0.01335	0.01483	0.01038	0.01038	0.01483	0.01335	0.01928	0.02225	0.03264	0.02077	0.06231	0.67512	0.01335	0.02225	0.00890	0.00445	0.00742
66	0.02103	0.57063	0.17562	0.01623	0.02443	0.02999	0.01772	0.02518	0.01702	0.02098	0.01226	0.01422	0.01063	0.00727	0.00588	0.00196	0.00961	0.00480	0.00354	0.01100
67	0.02362	0.01656	0.01834	0.01600	0.02097	0.01814	0.01259	0.04166	0.47701	0.16741	0.03626	0.03301	0.05759	0.01158	0.00850	0.00276	0.00655	0.00960	0.00880	0.01303
68	0.01569	0.01477	0.02492	0.68808	0.05722	0.01846	0.02307	0.02123	0.01661	0.02123	0.01477	0.02215	0.01107	0.00831	0.00831	0.00277	0.01107	0.00738	0.00369	0.00923
69	0.02052	0.01986	0.03443	0.05025	0.62789	0.01980	0.05326	0.02555	0.01895	0.02712	0.01568	0.02065	0.01313	0.00738	0.00830	0.00248	0.01006	0.00751	0.00412	0.01307
70	0.01012	0.00723	0.00964	0.01157	0.01205	0.00675	0.00771	0.01157	0.01591	0.02121	0.04579	0.70262	0.05495	0.02603	0.01060	0.00337	0.00482	0.02362	0.00771	0.00675
71	0.01347	0.01125	0.01642	0.01550	0.01660	0.01420	0.01236	0.01614	0.01319	0.01946	0.01938	0.02897	0.01827	0.05020	0.51089	0.01089	0.19225	0.00849	0.00424	0.00784
72	0.00982	0.00842	0.00842	0.00842	0.01122	0.00701	0.00631	0.01192	0.01894	0.02244	0.08416	0.07995	0.65285	0.02104	0.00982	0.00281	0.00421	0.01753	0.00771	0.00701
73	0.01882	0.30355	0.42332	0.02000	0.03026	0.02457	0.02429	0.02575	0.01728	0.02368	0.01360	0.01590	0.01058	0.00759	0.00690	0.00230	0.01096	0.00548	0.00353	0.01165
74	0.24151	0.02872	0.08314	0.02455	0.14014	0.27556	0.04209	0.02831	0.01923	0.02733	0.01334	0.01611	0.01072	0.00797	0.00707	0.00240	0.01126	0.00573	0.00442	0.01040
75	0.01320	0.01169	0.04139	0.01188	0.01529	0.00996	0.00975	0.01898	0.08402	0.02977	0.33954	0.05823	0.16980	0.01613	0.00934	0.00263	0.00514	0.05991	0.00800	0.08533
76	0.02927	0.12403	0.05553	0.02061	0.02561	0.56425	0.01649	0.03182	0.02243	0.02051	0.01277	0.01489	0.01069	0.00835	0.00724	0.00212	0.01409	0.00527	0.00415	0.00988
77	0.01038	0.00741	0.00994	0.01186	0.01246	0.00697	0.00816	0.01201	0.01616	0.02150	0.04564	0.65434	0.05438	0.02578	0.01067	0.00341	0.00504	0.06935	0.00771	0.00682
78	0.02490	0.28607	0.08280	0.02376	0.13071	0.24231	0.01808	0.05826	0.02060	0.02326	0.01335	0.01575	0.01126	0.00784	0.00688	0.00212	0.01135	0.00553	0.00412	0.01104
79	0.02375	0.02452	0.02362	0.18404	0.10464	0.24145	0.01790	0.03258	0.18059	0.05509	0.01997	0.02210	0.01531	0.00915	0.00806	0.00252	0.01091	0.00726	0.00548	0.01106
80	0.01012	0.00832	0.00891	0.00899	0.01147	0.00711	0.00666	0.01242	0.01931	0.02388	0.16143	0.13391	0.51688	0.02091	0.00989	0.00283	0.00422	0.01773	0.00792	0.00711
81	0.01909	0.21696	0.12854	0.02460	0.18775	0.05015	0.01820	0.04982	0.01924	0.02470	0.02900	0.03040	0.14794	0.01046	0.00767	0.00236	0.00896	0.00844	0.00482	0.01090

[dist]
# distance from previous block
# <min> <max>
0	50

[block]
# block no. 3 follows, 22 sequences, length 264
# corresponding to MSA columns:
# 587-850
name=unknown_D
#
# <colnr> <probs for GDERKNQSTAVLIFYWHMCP>
#	G	D	E	R	K	N	Q	S	T	A	V	L	I	F	Y	W	H	M	C	P
0	0.05191	0.57051	0.08808	0.01549	0.02265	0.09199	0.01545	0.02575	0.01745	0.02084	0.01193	0.01381	0.01059	0.00733	0.00572	0.00191	0.00962	0.00466	0.00368	0.01062
1	0.07684	0.01665	0.04731	0.01439	0.01995	0.01496	0.01184	0.18355	0.02259	0.03323	0.02349	0.18478	0.02286	0.01223	0.00783	0.00226	0.00694	0.01020	0.00647	0.28163
2	0.02265	0.01656	0.01805	0.01570	0.01952	0.04747	0.01227	0.24074	0.07766	0.08329	0.02896	0.20722	0.02709	0.01653	0.03450	0.00317	0.04072	0.01204	0.06501	0.01086
3	0.09511	0.01183	0.01315	0.01198	0.01427	0.01256	0.00866	0.12955	0.01967	0.02869	0.12801	0.09704	0.03409	0.27133	0.08387	0.00565	0.00848	0.01157	0.00651	0.00799
4	0.01905	0.33170	0.39721	0.01960	0.02965	0.02514	0.02359	0.02569	0.01726	0.02339	0.01346	0.01572	0.01058	0.00755	0.00679	0.00226	0.01082	0.00541	0.00353	0.01158
5	0.01056	0.00839	0.00959	0.01015	0.01236	0.00742	0.00774	0.01296	0.01881	0.02347	0.11747	0.18723	0.41332	0.02185	0.01020	0.00304	0.00481	0.10568	0.00782	0.00713
6	0.02127	0.02459	0.07840	0.10829	0.16233	0.19535	0.04432	0.05139	0.04514	0.02439	0.01692	0.02173	0.01396	0.01839	0.13288	0.00450	0.01392	0.00720	0.00448	0.01053
7	0.06993	0.00932	0.01263	0.01253	0.01418	0.01069	0.00959	0.01549	0.01346	0.02083	0.02200	0.03316	0.02078	0.11709	0.53694	0.01156	0.01896	0.00882	0.03472	0.00733
8	0.01056	0.00844	0.00944	0.00919	0.01168	0.00733	0.00689	0.01336	0.02068	0.02659	0.30099	0.07311	0.43342	0.01949	0.00981	0.00273	0.00410	0.01657	0.00826	0.00733
9	0.02019	0.01936	0.03304	0.09986	0.61028	0.01964	0.02531	0.02517	0.01874	0.02669	0.01556	0.02068	0.01300	0.00747	0.00823	0.00249	0.00996	0.00740	0.00408	0.01286
10	0.02616	0.02690	0.02313	0.14473	0.03077	0.27496	0.01671	0.16448	0.15204	0.03051	0.01906	0.02069	0.01453	0.00938	0.00802	0.00247	0.01124	0.00703	0.00591	0.01127
11	0.01187	0.00890	0.01335	0.01335	0.01483	0.01038	0.01038	0.01483	0.01335	0.01928	0.02225	0.03264	0.02077	0.06231	0.67512	0.01335	0.02225	0.00890	0.00445	0.00742
12	0.01723	0.01477	0.01723	0.01230	0.01969	0.01107	0.00984	0.02092	0.01723	0.02707	0.01477	0.01723	0.01230	0.00615	0.00615	0.00123	0.00615	0.00492	0.00492	0.75883
13	0.01366	0.01153	0.01678	0.01575	0.01681	0.01466	0.01260	0.01630	0.01317	0.01949	0.01903	0.02853	0.01797	0.04875	0.49121	0.01059	0.21261	0.00844	0.00422	0.00789
14	0.01549	0.00774	0.00774	0.00774	0.00968	0.00774	0.00581	0.01936	0.01742	0.03097	0.02710	0.03097	0.02129	0.00968	0.00581	0.00194	0.00387	0.00774	0.75416	0.00774
15	0.01012	0.00723	0.00964	0.01157	0.01205	0.00675	0.00771	0.01157	0.01591	0.02121	0.04579	0.70262	0.05495	0.02603	0.01060	0.00337	0.00482	0.02362	0.00771	0.00675
16	0.02192	0.07370	0.03348	0.08949	0.30157	0.13281	0.12449	0.02800	0.06599	0.02542	0.01634	0.02030	0.01320	0.00787	0.00818	0.00247	0.01123	0.00739	0.00441	0.01172
17	0.01075	0.00749	0.00946	0.01077	0.01110	0.00716	0.00686	0.01173	0.01469	0.01958	0.03954	0.49616	0.04706	0.24324	0.02069	0.00486	0.00585	0.01994	0.00686	0.00620
18	0.02037	0.01954	0.03337	0.07605	0.63266	0.01969	0.02540	0.02533	0.01883	0.02691	0.01559	0.02062	0.01308	0.00744	0.00823	0.00248	0.00992	0.00740	0.00410	0.01300
19	0.02862	0.20087	0.02876	0.01874	0.02447	0.28969	0.01541	0.21613	0.04981	0.03061	0.01551	0.01671	0.01230	0.00874	0.00724	0.00218	0.01134	0.00594	0.00551	0.01141
20	0.01187	0.00890	0.01335	0.01335	0.01483	0.01038	0.01038	0.01483	0.01335	0.01928	0.02225	0.03264	0.02077	0.06231	0.67512	0.01335	0.02225	0.00890	0.00445	0.00742
21	0.01193	0.00866	0.01212	0.01212	0.01318	0.00971	0.00885	0.01404	0.01299	0.01837	0.02338	0.03888	0.02348	0.24787	0.49327	0.01183	0.01817	0.00981	0.00462	0.00673
22	0.02066	0.01785	0.01878	0.01691	0.02160	0.02066	0.01315	0.04414	0.64121	0.03475	0.03381	0.03099	0.02536	0.01127	0.00845	0.00282	0.00657	0.00939	0.00845	0.01315
23	0.01187	0.00890	0.01335	0.01335	0.01483	0.01038	0.01038	0.01483	0.01335	0.01928	0.02225	0.03264	0.02077	0.06231	0.67512	0.01335	0.02225	0.00890	0.00445	0.00742
24	0.01069	0.00870	0.00963	0.01010	0.01269	0.00764	0.00805	0.01322	0.01898	0.02304	0.07431	0.08332	0.50452	0.02151	0.01022	0.00306	0.00505	0.16040	0.00770	0.00717
25	0.01065	0.00745	0.00948	0.01089	0.01124	0.00710	0.00699	0.01171	0.01487	0.01983	0.04048	0.52723	0.04825	0.21056	0.01917	0.00464	0.00569	0.02050	0.00699	0.00628
26	0.01339	0.00956	0.01339	0.01530	0.01721	0.00956	0.01339	0.01721	0.01912	0.02486	0.04399	0.09371	0.04781	0.02295	0.01147	0.00382	0.00765	0.60031	0.00765	0.00765
27	0.01723	0.01477	0.01723	0.01230	0.01969	0.01107	0.00984	0.02092	0.01723	0.02707	0.01477	0.01723	0.01230	0.00615	0.00615	0.00123	0.00615	0.00492	0.00492	0.75883
28	0.02066	0.01785	0.01878	0.01691	0.02160	0.02066	0.01315	0.04414	0.64121	0.03475	0.03381	0.03099	0.02536	0.01127	0.00845	0.00282	0.00657	0.00939	0.00845	0.01315
29	0.01258	0.00898	0.01246	0.01437	0.01593	0.00886	0.01198	0.01581	0.01833	0.02395	0.04443	0.24484	0.04958	0.02371	0.01126	0.00371	0.00695	0.45717	0.00767	0.00743
30	0.01549	0.00774	0.00774	0.00774	0.00968	0.00774	0.00581	0.01936	0.01742	0.03097	0.02710	0.03097	0.02129	0.00968	0.00581	0.00194	0.00387	0.00774	0.75416	0.00774
31	0.01208	0.00805	0.00906	0.00906	0.00906	0.00805	0.00503	0.01208	0.01208	0.01611	0.02618	0.05436	0.03020	0.70804	0.04228	0.00805	0.00805	0.01208	0.00503	0.00503
32	0.01961	0.02241	0.04902	0.03501	0.04342	0.02101	0.62605	0.02661	0.01961	0.02661	0.01681	0.02241	0.01261	0.00700	0.00980	0.00280	0.01401	0.00980	0.00420	0.01120
33	0.01193	0.00866	0.01214	0.01214	0.01321	0.00973	0.00888	0.01406	0.01299	0.01839	0.02336	0.03876	0.02343	0.24423	0.49683	0.01186	0.01825	0.00980	0.00461	0.00675
34	0.01932	0.01578	0.01672	0.01510	0.01888	0.01792	0.01140	0.06423	0.46548	0.03190	0.03141	0.03485	0.02555	0.14152	0.01465	0.00374	0.00684	0.00973	0.04354	0.01142
35	0.01187	0.00890	0.01335	0.01335	0.01483	0.01038	0.01038	0.01483	0.01335	0.01928	0.02225	0.03264	0.02077	0.06231	0.67512	0.01335	0.02225	0.00890	0.00445	0.00742
36	0.01723	0.01477	0.01723	0.01230	0.01969	0.01107	0.00984	0.02092	0.01723	0.02707	0.01477	0.01723	0.01230	0.00615	0.00615	0.00123	0.00615	0.00492	0.00492	0.75883
37	0.01569	0.01477	0.02492	0.68808	0.05722	0.01846	0.02307	0.02123	0.01661	0.02123	0.01477	0.02215	0.01107	0.00831	0.00831	0.00277	0.01107	0.00738	0.00369	0.00923
38	0.02138	0.01820	0.01919	0.01705	0.02187	0.02100	0.01332	0.08228	0.60192	0.03590	0.03291	0.03027	0.02463	0.01119	0.00844	0.00280	0.00674	0.00927	0.00844	0.01321
39	0.01747	0.09405	0.55586	0.02551	0.09347	0.02041	0.02889	0.02612	0.01762	0.02585	0.01471	0.01749	0.01078	0.00778	0.00772	0.00255	0.01178	0.00612	0.00357	0.01223
