[name]
unknown

[dist]
# distance from previous block
# <min> <max>
12	120

[block]
# block no. 0 follows, 22 sequences, length 15
# corresponding to MSA columns:
# 122-136
name=unknown_A
#
# <colnr> <probs for GDERKNQSTAVLIFYWHMCP>
#	G	D	E	R	K	N	Q	S	T	A	V	L	I	F	Y	W	H	M	C	P
0	0.02276	0.02330	0.02470	0.15506	0.14843	0.18122	0.01855	0.06850	0.17812	0.02740	0.01938	0.02197	0.01517	0.00942	0.00923	0.00260	0.05006	0.00740	0.00540	0.01135
1	0.02161	0.02253	0.03018	0.16367	0.42720	0.14194	0.02328	0.02614	0.01935	0.02477	0.01495	0.01981	0.01231	0.00779	0.00810	0.00246	0.01105	0.00701	0.00407	0.01177
2	0.18796	0.06996	0.02294	0.24786	0.03395	0.14159	0.01659	0.10915	0.02076	0.05491	0.01493	0.01824	0.01133	0.00845	0.00725	0.00249	0.01019	0.00622	0.00502	0.01023
3	0.02469	0.03466	0.15053	0.06778	0.03121	0.38434	0.09384	0.02922	0.02143	0.02308	0.05090	0.01960	0.01485	0.00871	0.00804	0.00239	0.01343	0.00675	0.00436	0.01021
4	0.01004	0.00753	0.00933	0.01077	0.01184	0.00681	0.00736	0.01166	0.01667	0.02152	0.05551	0.54491	0.20638	0.02476	0.01040	0.00323	0.00466	0.02208	0.00771	0.00681
5	0.01199	0.00843	0.01095	0.01095	0.01160	0.00908	0.00739	0.01329	0.01264	0.01751	0.02445	0.04480	0.02605	0.42377	0.32088	0.01039	0.01430	0.01068	0.00478	0.00608
6	0.01210	0.00916	0.01344	0.01488	0.05356	0.01002	0.01023	0.01457	0.01405	0.01979	0.02677	0.16230	0.02786	0.12285	0.43719	0.01019	0.01659	0.01197	0.00512	0.00738
7	0.01168	0.00751	0.00934	0.01046	0.01149	0.00713	0.00724	0.01405	0.01722	0.02517	0.11552	0.45380	0.04930	0.02077	0.00929	0.00292	0.00447	0.01854	0.19695	0.00713
8	0.15684	0.01576	0.02114	0.19828	0.18051	0.04684	0.01698	0.02158	0.01697	0.02594	0.04989	0.02674	0.05312	0.01773	0.11391	0.00431	0.01114	0.00795	0.00471	0.00967
9	0.02470	0.02095	0.09994	0.02101	0.09761	0.04935	0.01636	0.06462	0.23803	0.19029	0.03053	0.02916	0.05866	0.01057	0.00836	0.00264	0.00817	0.00871	0.00754	0.01279
10	0.02143	0.02089	0.02241	0.02413	0.18170	0.13856	0.01523	0.09467	0.02161	0.02823	0.02376	0.02568	0.09114	0.00920	0.00763	0.00206	0.00886	0.00748	0.00534	0.25001
11	0.01891	0.01592	0.02331	0.08843	0.18490	0.01686	0.03765	0.13003	0.02116	0.02913	0.02324	0.08185	0.02196	0.01846	0.09144	0.00408	0.03541	0.09438	0.00568	0.05720
12	0.01695	0.01314	0.01724	0.22254	0.02812	0.01474	0.01345	0.13312	0.02006	0.02705	0.02795	0.03642	0.09259	0.14647	0.08137	0.00469	0.00978	0.00966	0.07587	0.00879
13	0.16305	0.01658	0.01728	0.01857	0.10812	0.08724	0.01239	0.06130	0.01931	0.02839	0.10480	0.03707	0.14084	0.05395	0.05137	0.00357	0.05127	0.00977	0.00593	0.00919
14	0.01872	0.01564	0.01962	0.01629	0.02101	0.01611	0.08329	0.17543	0.14043	0.03294	0.04794	0.04984	0.25857	0.01490	0.00929	0.00280	0.00728	0.05182	0.00759	0.01049

[dist]
# distance from previous block
# <min> <max>
16	74

[block]
# block no. 1 follows, 22 sequences, length 172
# corresponding to MSA columns:
# 212-383
name=unknown_B
#
# <colnr> <probs for GDERKNQSTAVLIFYWHMCP>
#	G	D	E	R	K	N	Q	S	T	A	V	L	I	F	Y	W	H	M	C	P
0	0.02304	0.02255	0.01937	0.01724	0.02182	0.17670	0.01333	0.09832	0.35898	0.03170	0.03313	0.03163	0.09281	0.01161	0.00836	0.00262	0.00859	0.00916	0.00735	0.01170
1	0.02202	0.33382	0.03785	0.05903	0.08446	0.10072	0.13510	0.05254	0.01929	0.02335	0.01539	0.05202	0.01372	0.00844	0.00728	0.00225	0.01059	0.00714	0.00425	0.01075
2	0.02056	0.01974	0.03372	0.05099	0.65622	0.01974	0.02550	0.02550	0.01892	0.02714	0.01563	0.02056	0.01316	0.00740	0.00822	0.00247	0.00987	0.00740	0.00411	0.01316
3	0.01349	0.01174	0.02084	0.01790	0.02083	0.01261	0.13961	0.01731	0.01466	0.02082	0.02111	0.03049	0.01906	0.05070	0.53548	0.01114	0.02052	0.00909	0.00440	0.00821
4	0.01082	0.00857	0.00984	0.01012	0.01250	0.00759	0.00787	0.01354	0.01974	0.02496	0.18908	0.10843	0.40836	0.02079	0.01013	0.00296	0.00475	0.11469	0.00799	0.00727
5	0.09409	0.14211	0.17882	0.02222	0.08289	0.25960	0.01926	0.02932	0.05440	0.02465	0.01443	0.01659	0.01153	0.00814	0.00714	0.00231	0.01163	0.00572	0.00428	0.01088
6	0.03103	0.03959	0.02354	0.02140	0.02568	0.67469	0.01605	0.03317	0.02354	0.02033	0.01284	0.01498	0.01070	0.00856	0.00749	0.00214	0.01498	0.00535	0.00428	0.00963
7	0.01012	0.00723	0.00964	0.01157	0.01205	0.00675	0.00771	0.01157	0.01591	0.02121	0.04579	0.70262	0.05495	0.02603	0.01060	0.00337	0.00482	0.02362	0.00771	0.00675
8	0.01917	0.01831	0.03120	0.23344	0.48468	0.01937	0.02480	0.02427	0.01826	0.02545	0.01538	0.02102	0.01256	0.00766	0.00825	0.00255	0.01021	0.00740	0.00399	0.01203
9	0.02206	0.02196	0.06019	0.05959	0.35890	0.08710	0.02078	0.10742	0.04639	0.02956	0.01774	0.02246	0.01460	0.04249	0.00969	0.00271	0.00991	0.00746	0.04694	0.01203
10	0.01070	0.00822	0.00980	0.00990	0.01189	0.00731	0.00724	0.01345	0.02030	0.02683	0.31859	0.19360	0.29160	0.02028	0.00996	0.00283	0.00420	0.01765	0.00832	0.00731
11	0.02056	0.01974	0.03372	0.05099	0.65622	0.01974	0.02550	0.02550	0.01892	0.02714	0.01563	0.02056	0.01316	0.00740	0.00822	0.00247	0.00987	0.00740	0.00411	0.01316
12	0.02330	0.02492	0.03106	0.04326	0.49158	0.19076	0.02303	0.02750	0.02012	0.02536	0.01490	0.01910	0.01252	0.00770	0.00803	0.00238	0.01120	0.00687	0.00416	0.01224
13	0.01029	0.00843	0.00907	0.00891	0.01151	0.00721	0.00669	0.01284	0.02006	0.02510	0.22296	0.07557	0.51239	0.02005	0.00981	0.00276	0.00414	0.01692	0.00806	0.00721
14	0.02221	0.71304	0.04353	0.01421	0.02132	0.03287	0.01421	0.02488	0.01688	0.01955	0.01155	0.01333	0.01066	0.00711	0.00533	0.00178	0.00888	0.00444	0.00355	0.01066
15	0.03103	0.03959	0.02354	0.02140	0.02568	0.67469	0.01605	0.03317	0.02354	0.02033	0.01284	0.01498	0.01070	0.00856	0.00749	0.00214	0.01498	0.00535	0.00428	0.00963
16	0.02066	0.01785	0.01878	0.01691	0.02160	0.02066	0.01315	0.04414	0.64121	0.03475	0.03381	0.03099	0.02536	0.01127	0.00845	0.00282	0.00657	0.00939	0.00845	0.01315
17	0.00987	0.00822	0.00862	0.00894	0.01136	0.00697	0.00654	0.01186	0.01843	0.02224	0.07778	0.18342	0.55349	0.02187	0.00995	0.00290	0.00431	0.01854	0.00771	0.00697
18	0.01011	0.00729	0.00958	0.01141	0.01201	0.00676	0.00764	0.01159	0.01606	0.02127	0.04775	0.67073	0.08557	0.02577	0.01056	0.00334	0.00479	0.02331	0.00771	0.00676
19	0.76672	0.01607	0.01221	0.01092	0.01607	0.01864	0.00900	0.02442	0.01414	0.03727	0.01157	0.01350	0.00900	0.00771	0.00514	0.00257	0.00643	0.00450	0.00514	0.00900
20	0.02807	0.02867	0.02701	0.02953	0.21392	0.28057	0.01879	0.21311	0.02691	0.03217	0.01585	0.01817	0.01248	0.00865	0.00796	0.00235	0.01167	0.00661	0.00546	0.01206
21	0.02131	0.15881	0.08662	0.02512	0.17426	0.18693	0.01753	0.02479	0.01823	0.02181	0.01591	0.02235	0.01444	0.08656	0.08763	0.00409	0.01244	0.00685	0.00413	0.01019
22	0.01198	0.00801	0.00909	0.00919	0.00921	0.00799	0.00517	0.01205	0.01228	0.01637	0.02718	0.08757	0.03147	0.67311	0.04066	0.00781	0.00789	0.01267	0.00517	0.00512
23	0.02166	0.26854	0.03392	0.02036	0.02435	0.12413	0.07664	0.02434	0.01649	0.02054	0.01201	0.01640	0.01096	0.01027	0.01481	0.00267	0.28200	0.00623	0.00376	0.00994
24	0.49235	0.19646	0.02150	0.01297	0.01851	0.09768	0.01114	0.02554	0.01592	0.03081	0.01171	0.01362	0.00962	0.00766	0.00546	0.00232	0.00804	0.00458	0.00464	0.00949
25	0.02233	0.02310	0.03200	0.04598	0.54953	0.13056	0.02390	0.02679	0.01970	0.02599	0.01516	0.01962	0.01274	0.00760	0.00810	0.00241	0.01073	0.00705	0.00414	0.01256
26	0.01666	0.04297	0.66500	0.02368	0.03596	0.01929	0.03069	0.02631	0.01754	0.02631	0.01491	0.01754	0.01052	0.00789	0.00789	0.00263	0.01228	0.00614	0.00351	0.01228
27	0.05659	0.31367	0.15622	0.02172	0.09792	0.15242	0.01888	0.05156	0.01932	0.02402	0.01326	0.01557	0.01100	0.00772	0.00669	0.00216	0.01074	0.00541	0.00402	0.01113
28	0.01766	0.11773	0.52917	0.02463	0.06829	0.02096	0.05765	0.02611	0.01764	0.02559	0.01465	0.01746	0.01078	0.00773	0.00771	0.00253	0.01184	0.00619	0.00358	0.01209
29	0.00985	0.00829	0.00854	0.00874	0.01131	0.00699	0.00646	0.01189	0.01862	0.02231	0.08018	0.14443	0.59093	0.02156	0.00990	0.00286	0.00427	0.01816	0.00771	0.00699
30	0.01014	0.00843	0.00886	0.00875	0.01142	0.00715	0.00656	0.01254	0.01969	0.02423	0.17740	0.07701	0.55849	0.02037	0.00982	0.00277	0.00416	0.01712	0.00795	0.00715
31	0.02045	0.41050	0.03566	0.01752	0.02153	0.02964	0.01594	0.02275	0.01507	0.01974	0.01127	0.01544	0.01077	0.01034	0.01488	0.00259	0.30667	0.00567	0.00359	0.00998
32	0.08654	0.03336	0.32866	0.02603	0.03546	0.09514	0.22431	0.02703	0.01861	0.02670	0.01500	0.01850	0.01110	0.00766	0.00823	0.00263	0.01264	0.00712	0.00397	0.01132
33	0.00993	0.00830	0.00865	0.00882	0.01135	0.00702	0.00652	0.01204	0.01880	0.02275	0.10285	0.14372	0.56799	0.02139	0.00990	0.00286	0.00426	0.01806	0.00777	0.00702
34	0.01723	0.01477	0.01723	0.01230	0.01969	0.01107	0.00984	0.02092	0.01723	0.02707	0.01477	0.01723	0.01230	0.00615	0.00615	0.00123	0.00615	0.00492	0.00492	0.75883
35	0.01912	0.33995	0.38956	0.01948	0.02947	0.02531	0.02339	0.02567	0.01725	0.02331	0.01342	0.01567	0.01058	0.00754	0.00676	0.00225	0.01077	0.00539	0.00353	0.01156
36	0.01888	0.01803	0.03069	0.27035	0.44998	0.01930	0.02466	0.02403	0.01812	0.02510	0.01533	0.02111	0.01244	0.00771	0.00825	0.00257	0.01028	0.00740	0.00397	0.01181
37	0.01207	0.00810	0.00929	0.00929	0.00937	0.00818	0.00532	0.01223	0.01215	0.01628	0.02596	0.05319	0.02969	0.67301	0.07662	0.00834	0.00882	0.01191	0.00500	0.00516
38	0.01058	0.00756	0.01014	0.01194	0.01266	0.00712	0.00837	0.01242	0.01665	0.02222	0.07546	0.60104	0.05528	0.02523	0.01066	0.00339	0.00510	0.08948	0.00778	0.00691
39	0.03103	0.03959	0.02354	0.02140	0.02568	0.67469	0.01605	0.03317	0.02354	0.02033	0.01284	0.01498	0.01070	0.00856	0.00749	0.00214	0.01498	0.00535	0.00428	0.00963
40	0.03229	0.01406	0.01842	0.01446	0.02013	0.01279	0.01181	0.09414	0.02524	0.49294	0.13880	0.03331	0.02995	0.01141	0.00860	0.00257	0.00673	0.00942	0.00989	0.01305
41	0.01200	0.00802	0.00908	0.00916	0.00918	0.00800	0.00514	0.01206	0.01224	0.01632	0.02699	0.08122	0.03123	0.67979	0.04097	0.00786	0.00792	0.01256	0.00514	0.00510
42	0.02056	0.01974	0.03372	0.05099	0.65622	0.01974	0.02550	0.02550	0.01892	0.02714	0.01563	0.02056	0.01316	0.00740	0.00822	0.00247	0.00987	0.00740	0.00411	0.01316
43	0.01443	0.00722	0.01082	0.01082	0.01082	0.00722	0.00722	0.01082	0.01082	0.01443	0.01443	0.02525	0.01443	0.02886	0.03247	0.75830	0.00722	0.00722	0.00361	0.00361
44	0.03727	0.01414	0.01928	0.01478	0.02121	0.01221	0.01221	0.04049	0.02378	0.66198	0.03277	0.02828	0.02056	0.01028	0.00835	0.00257	0.00707	0.00835	0.01028	0.01414
45	0.01012	0.00723	0.00964	0.01157	0.01205	0.00675	0.00771	0.01157	0.01591	0.02121	0.04579	0.70262	0.05495	0.02603	0.01060	0.00337	0.00482	0.02362	0.00771	0.00675
46	0.01751	0.03708	0.48860	0.02692	0.03809	0.01978	0.20119	0.02640	0.01813	0.02640	0.01545	0.01893	0.01112	0.00764	0.00844	0.00268	0.01277	0.00719	0.00371	0.01197
47	0.01201	0.00833	0.01047	0.01047	0.01096	0.00882	0.00680	0.01299	0.01250	0.01715	0.02488	0.04721	0.02709	0.49534	0.25074	0.00980	0.01273	0.01103	0.00484	0.00582
48	0.01766	0.01678	0.02849	0.42983	0.30003	0.01898	0.02405	0.02296	0.01755	0.02362	0.01511	0.02150	0.01192	0.00794	0.00827	0.00265	0.01059	0.00739	0.00386	0.01082
49	0.01012	0.00723	0.00964	0.01157	0.01205	0.00675	0.00771	0.01157	0.01591	0.02121	0.04579	0.70262	0.05495	0.02603	0.01060	0.00337	0.00482	0.02362	0.00771	0.00675
50	0.02056	0.01974	0.03372	0.05099	0.65622	0.01974	0.02550	0.02550	0.01892	0.02714	0.01563	0.02056	0.01316	0.00740	0.00822	0.00247	0.00987	0.00740	0.00411	0.01316
51	0.03103	0.03959	0.02354	0.02140	0.02568	0.67469	0.01605	0.03317	0.02354	0.02033	0.01284	0.01498	0.01070	0.00856	0.00749	0.00214	0.01498	0.00535	0.00428	0.00963
52	0.01507	0.01113	0.01215	0.01143	0.01287	0.01193	0.00750	0.04924	0.16447	0.02232	0.02771	0.04711	0.02827	0.50734	0.03253	0.00653	0.00775	0.01122	0.00601	0.00742
53	0.03103	0.03959	0.02354	0.02140	0.02568	0.67469	0.01605	0.03317	0.02354	0.02033	0.01284	0.01498	0.01070	0.00856	0.00749	0.00214	0.01498	0.00535	0.00428	0.00963
54	0.01626	0.00848	0.00856	0.00829	0.01045	0.00860	0.00628	0.04847	0.01846	0.03199	0.02676	0.03044	0.02095	0.00969	0.00593	0.00196	0.00412	0.00773	0.71852	0.00805
55	0.02308	0.02451	0.03128	0.04388	0.50479	0.17704	0.02323	0.02734	0.02003	0.02551	0.01496	0.01922	0.01257	0.00768	0.00805	0.00239	0.01110	0.00691	0.00415	0.01231
56	0.01206	0.00815	0.00955	0.00955	0.00972	0.00832	0.00565	0.01240	0.01223	0.01647	0.02572	0.05187	0.02912	0.63382	0.11503	0.00866	0.00969	0.01172	0.00497	0.00531
57	0.01731	0.01266	0.01575	0.01625	0.04662	0.01285	0.01290	0.12438	0.04662	0.05293	0.04567	0.07011	0.15797	0.01871	0.01022	0.00325	0.00727	0.31146	0.00774	0.00934
58	0.01569	0.01477	0.02492	0.68808	0.05722	0.01846	0.02307	0.02123	0.01661	0.02123	0.01477	0.02215	0.01107	0.00831	0.00831	0.00277	0.01107	0.00738	0.00369	0.00923
59	0.01133	0.00953	0.01281	0.17275	0.02256	0.00967	0.01083	0.01403	0.01732	0.02172	0.05406	0.28407	0.28939	0.01973	0.00973	0.00300	0.00607	0.01723	0.00675	0.00745
60	0.02091	0.01751	0.02096	0.02334	0.15854	0.04891	0.01492	0.16787	0.15199	0.03309	0.02811	0.18665	0.02625	0.01345	0.00870	0.00272	0.00774	0.01165	0.04529	0.01140
61	0.02056	0.01974	0.03372	0.05099	0.65622	0.01974	0.02550	0.02550	0.01892	0.02714	0.01563	0.02056	0.01316	0.00740	0.00822	0.00247	0.00987	0.00740	0.00411	0.01316
62	0.01048	0.00766	0.00986	0.01097	0.01205	0.00704	0.00760	0.01259	0.01805	0.02424	0.19531	0.48430	0.12249	0.02334	0.01033	0.00313	0.00454	0.02092	0.00806	0.00704
63	0.03525	0.01738	0.02129	0.01632	0.02282	0.01702	0.01348	0.24931	0.02920	0.44549	0.02822	0.02532	0.01828	0.01017	0.00834	0.00254	0.00780	0.00804	0.00958	0.01413
64	0.01894	0.02121	0.10417	0.20086	0.44106	0.01938	0.02551	0.02456	0.01820	0.02562	0.01534	0.02059	0.01236	0.00768	0.00821	0.00256	0.01044	0.00725	0.00394	0.01211
65	0.02056	0.01974	0.03372	0.05099	0.65622	0.01974	0.02550	0.02550	0.01892	0.02714	0.01563	0.02056	0.01316	0.00740	0.00822	0.00247	0.00987	0.00740	0.00411	0.01316
66	0.02811	0.03356	0.02282	0.02154	0.05056	0.49076	0.01574	0.03549	0.17170	0.02407	0.01799	0.01906	0.01432	0.00916	0.00775	0.00232	0.01275	0.00641	0.00528	0.01062
67	0.02995	0.03754	0.02459	0.02446	0.09087	0.60698	0.01703	0.03238	0.02306	0.02104	0.01313	0.01556	0.01096	0.00844	0.00757	0.00217	0.01445	0.00556	0.00426	0.01000
68	0.01602	0.03891	0.58963	0.02214	0.03303	0.01793	0.02790	0.02464	0.01713	0.02542	0.01731	0.05848	0.01419	0.04975	0.01005	0.00299	0.01161	0.00748	0.00383	0.01154
69	0.01786	0.02921	0.30757	0.02647	0.10491	0.01773	0.15005	0.02498	0.01806	0.02665	0.01536	0.01883	0.01169	0.00723	0.00791	0.00231	0.01089	0.00676	0.00406	0.19145
70	0.01012	0.00723	0.00964	0.01157	0.01205	0.00675	0.00771	0.01157	0.01591	0.02121	0.04579	0.70262	0.05495	0.02603	0.01060	0.00337	0.00482	0.02362	0.00771	0.00675
71	0.02075	0.09943	0.03485	0.04676	0.58324	0.02125	0.02420	0.02542	0.01868	0.02627	0.01516	0.01973	0.01287	0.00737	0.00789	0.00239	0.00976	0.00706	0.00405	0.01287
72	0.02933	0.09126	0.02575	0.01863	0.02482	0.14912	0.01526	0.39866	0.06165	0.04100	0.01819	0.01876	0.01359	0.00930	0.00777	0.00231	0.00995	0.00675	0.00692	0.05099
73	0.01053	0.00762	0.01051	0.01199	0.01270	0.00760	0.00834	0.01234	0.01530	0.02075	0.04025	0.54507	0.04691	0.03456	0.16687	0.00572	0.00892	0.02016	0.00694	0.00691
74	0.01930	0.24506	0.36773	0.02032	0.02931	0.02450	0.02343	0.05595	0.01788	0.02484	0.01367	0.01644	0.01079	0.00852	0.00935	0.00248	0.08931	0.00582	0.00378	0.01151
75	0.02909	0.09343	0.02638	0.02420	0.09780	0.54592	0.01698	0.03160	0.02246	0.02105	0.01305	0.01548	0.01098	0.00831	0.00739	0.00215	0.01389	0.00551	0.00420	0.01012
76	0.01187	0.00890	0.01335	0.01335	0.01483	0.01038	0.01038	0.01483	0.01335	0.01928	0.02225	0.03264	0.02077	0.06231	0.67512	0.01335	0.02225	0.00890	0.00445	0.00742
77	0.03727	0.01414	0.01928	0.01478	0.02121	0.01221	0.01221	0.04049	0.02378	0.66198	0.03277	0.02828	0.02056	0.01028	0.00835	0.00257	0.00707	0.00835	0.01028	0.01414
78	0.01028	0.00843	0.00906	0.00890	0.01151	0.00721	0.00668	0.01282	0.02004	0.02505	0.22050	0.07565	0.51488	0.02007	0.00981	0.00276	0.00414	0.01693	0.00806	0.00721
79	0.76672	0.01607	0.01221	0.01092	0.01607	0.01864	0.00900	0.02442	0.01414	0.03727	0.01157	0.01350	0.00900	0.00771	0.00514	0.00257	0.00643	0.00450	0.00514	0.00900
80	0.01219	0.00938	0.01397	0.01378	0.01519	0.01115	0.01078	0.01510	0.01332	0.01932	0.02167	0.03190	0.02026	0.05986	0.64198	0.01285	0.05656	0.00882	0.00441	0.00750
81	0.02056	0.01974	0.03372	0.05099	0.65622	0.01974	0.02550	0.02550	0.01892	0.02714	0.01563	0.02056	0.01316	0.00740	0.00822	0.00247	0.00987	0.00740	0.00411	0.01316
82	0.01666	0.04297	0.66500	0.02368	0.03596	0.01929	0.03069	0.02631	0.01754	0.02631	0.01491	0.01754	0.01052	0.00789	0.00789	0.00263	0.01228	0.00614	0.00351	0.01228
83	0.03006	0.03775	0.02448	0.02414	0.08410	0.61401	0.01693	0.03246	0.02311	0.02096	0.01310	0.01550	0.01093	0.00845	0.00756	0.00217	0.01451	0.00554	0.00426	0.00996
84	0.01012	0.00723	0.00964	0.01157	0.01205	0.00675	0.00771	0.01157	0.01591	0.02121	0.04579	0.70262	0.05495	0.02603	0.01060	0.00337	0.00482	0.02362	0.00771	0.00675
85	0.01012	0.00723	0.00964	0.01157	0.01205	0.00675	0.00771	0.01157	0.01591	0.02121	0.04579	0.70262	0.05495	0.02603	0.01060	0.00337	0.00482	0.02362	0.00771	0.00675
86	0.03589	0.01383	0.01884	0.01455	0.02073	0.01197	0.01197	0.03914	0.02376	0.62787	0.06636	0.03011	0.02370	0.01065	0.00843	0.00257	0.00690	0.00872	0.01022	0.01380
87	0.01339	0.00956	0.01339	0.01530	0.01721	0.00956	0.01339	0.01721	0.01912	0.02486	0.04399	0.09371	0.04781	0.02295	0.01147	0.00382	0.00765	0.60031	0.00765	0.00765
88	0.01012	0.00723	0.00964	0.01157	0.01205	0.00675	0.00771	0.01157	0.01591	0.02121	0.04579	0.70262	0.05495	0.02603	0.01060	0.00337	0.00482	0.02362	0.00771	0.00675
89	0.01914	0.02166	0.04708	0.03386	0.04187	0.02031	0.59556	0.02587	0.01943	0.02634	0.01824	0.05595	0.01469	0.00794	0.00984	0.00283	0.01355	0.01048	0.00437	0.01098
90	0.02450	0.02721	0.02989	0.03986	0.41910	0.26604	0.02194	0.02838	0.02066	0.02458	0.01458	0.01846	0.01223	0.00784	0.00795	0.00234	0.01179	0.00663	0.00418	0.01183
91	0.02145	0.62139	0.12854	0.01551	0.02332	0.03101	0.01647	0.02507	0.01697	0.02047	0.01201	0.01390	0.01064	0.00721	0.00568	0.00189	0.00935	0.00467	0.00355	0.01088
92	0.02056	0.01974	0.03372	0.05099	0.65622	0.01974	0.02550	0.02550	0.01892	0.02714	0.01563	0.02056	0.01316	0.00740	0.00822	0.00247	0.00987	0.00740	0.00411	0.01316
93	0.02988	0.12787	0.02616	0.02046	0.02511	0.59056	0.01581	0.03209	0.02267	0.02023	0.01267	0.01476	0.01070	0.00837	0.00721	0.00209	0.01418	0.00523	0.00419	0.00977
94	0.01208	0.00805	0.00906	0.00906	0.00906	0.00805	0.00503	0.01208	0.01208	0.01611	0.02618	0.05436	0.03020	0.70804	0.04228	0.00805	0.00805	0.01208	0.00503	0.00503
95	0.01208	0.00805	0.00906	0.00906	0.00906	0.00805	0.00503	0.01208	0.01208	0.01611	0.02618	0.05436	0.03020	0.70804	0.04228	0.00805	0.00805	0.01208	0.00503	0.00503
96	0.01068	0.00781	0.01007	0.01111	0.01231	0.00721	0.00787	0.01296	0.01839	0.02467	0.20719	0.43382	0.12939	0.02295	0.01035	0.00313	0.00466	0.05023	0.00808	0.00711
97	0.02925	0.17552	0.02758	0.01995	0.02480	0.54515	0.01568	0.03150	0.02220	0.02017	0.01258	0.01465	0.01069	0.00827	0.00705	0.00207	0.01375	0.00517	0.00413	0.00984
98	0.01028	0.00843	0.00906	0.00890	0.01151	0.00721	0.00668	0.01282	0.02004	0.02505	0.22050	0.07565	0.51488	0.02007	0.00981	0.00276	0.00414	0.01693	0.00806	0.00721
99	0.01087	0.00846	0.00987	0.00952	0.01187	0.00746	0.00714	0.01395	0.02141	0.02833	0.39146	0.07026	0.34188	0.01884	0.00981	0.00270	0.00405	0.01617	0.00849	0.00746
100	0.02313	0.02582	0.03277	0.03599	0.28262	0.21019	0.13775	0.02730	0.01968	0.02425	0.01451	0.01903	0.01208	0.00848	0.01051	0.00257	0.09065	0.00726	0.00412	0.01129
101	0.02032	0.01939	0.03256	0.08197	0.59557	0.01972	0.02479	0.02616	0.04823	0.02720	0.01644	0.02114	0.01363	0.00763	0.00824	0.00250	0.00978	0.00750	0.00430	0.01296
102	0.01012	0.00723	0.00964	0.01157	0.01205	0.00675	0.00771	0.01157	0.01591	0.02121	0.04579	0.70262	0.05495	0.02603	0.01060	0.00337	0.00482	0.02362	0.00771	0.00675
103	0.02056	0.01974	0.03372	0.05099	0.65622	0.01974	0.02550	0.02550	0.01892	0.02714	0.01563	0.02056	0.01316	0.00740	0.00822	0.00247	0.00987	0.00740	0.00411	0.01316
104	0.03196	0.02003	0.02261	0.01762	0.02398	0.02130	0.01446	0.39295	0.10390	0.22491	0.02521	0.02360	0.01726	0.01021	0.00834	0.00255	0.00825	0.00795	0.00889	0.01402
105	0.02056	0.01974	0.03372	0.05099	0.65622	0.01974	0.02550	0.02550	0.01892	0.02714	0.01563	0.02056	0.01316	0.00740	0.00822	0.00247	0.00987	0.00740	0.00411	0.01316
106	0.02000	0.44624	0.29098	0.01798	0.02715	0.02746	0.02078	0.02545	0.01714	0.02224	0.01289	0.01500	0.01061	0.00742	0.00635	0.00212	0.01024	0.00512	0.00354	0.01130
107	0.01187	0.00890	0.01335	0.01335	0.01483	0.01038	0.01038	0.01483	0.01335	0.01928	0.02225	0.03264	0.02077	0.06231	0.67512	0.01335	0.02225	0.00890	0.00445	0.00742
108	0.01208	0.00805	0.00906	0.00906	0.00906	0.00805	0.00503	0.01208	0.01208	0.01611	0.02618	0.05436	0.03020	0.70804	0.04228	0.00805	0.00805	0.01208	0.00503	0.00503
109	0.03103	0.03959	0.02354	0.02140	0.02568	0.67469	0.01605	0.03317	0.02354	0.02033	0.01284	0.01498	0.01070	0.00856	0.00749	0.00214	0.01498	0.00535	0.00428	0.00963
110	0.01207	0.00810	0.00930	0.00930	0.00938	0.00818	0.00533	0.01224	0.01215	0.01629	0.02596	0.05315	0.02967	0.67183	0.07778	0.00835	0.00885	0.01190	0.00500	0.00517
111	0.02221	0.71304	0.04353	0.01421	0.02132	0.03287	0.01421	0.02488	0.01688	0.01955	0.01155	0.01333	0.01066	0.00711	0.00533	0.00178	0.00888	0.00444	0.00355	0.01066
112	0.00982	0.00842	0.00842	0.00842	0.01122	0.00701	0.00631	0.01192	0.01894	0.02244	0.08416	0.07995	0.65285	0.02104	0.00982	0.00281	0.00421	0.01753	0.00771	0.00701
113	0.01187	0.00890	0.01335	0.01335	0.01483	0.01038	0.01038	0.01483	0.01335	0.01928	0.02225	0.03264	0.02077	0.06231	0.67512	0.01335	0.02225	0.00890	0.00445	0.00742
114	0.03097	0.02297	0.02459	0.01899	0.02553	0.02548	0.01564	0.59574	0.07283	0.05137	0.02072	0.02056	0.01476	0.01005	0.00832	0.00251	0.00900	0.00759	0.00832	0.01407
115	0.00982	0.00842	0.00842	0.00842	0.01122	0.00701	0.00631	0.01192	0.01894	0.02244	0.08416	0.07995	0.65285	0.02104	0.00982	0.00281	0.00421	0.01753	0.00771	0.00701
116	0.01208	0.00805	0.00906	0.00906	0.00906	0.00805	0.00503	0.01208	0.01208	0.01611	0.02618	0.05436	0.03020	0.70804	0.04228	0.00805	0.00805	0.01208	0.00503	0.00503
117	0.01891	0.01805	0.03074	0.26678	0.45333	0.01930	0.02467	0.02405	0.01814	0.02514	0.01533	0.02110	0.01245	0.00771	0.00825	0.00257	0.01028	0.00740	0.00397	0.01183
118	0.01208	0.00805	0.00906	0.00906	0.00906	0.00805	0.00503	0.01208	0.01208	0.01611	0.02618	0.05436	0.03020	0.70804	0.04228	0.00805	0.00805	0.01208	0.00503	0.00503
119	0.01016	0.00797	0.00923	0.01017	0.01193	0.00705	0.00733	0.01208	0.01765	0.02205	0.06535	0.34793	0.36101	0.02329	0.01025	0.00311	0.00467	0.05413	0.00771	0.00694
120	0.02807	0.03367	0.02344	0.02088	0.02543	0.49081	0.04037	0.03554	0.17172	0.02405	0.01804	0.01913	0.01430	0.00915	0.00782	0.00233	0.01292	0.00650	0.00528	0.01054
121	0.00983	0.00835	0.00848	0.00858	0.01126	0.00700	0.00638	0.01190	0.01878	0.02238	0.08219	0.11185	0.62222	0.02129	0.00986	0.00283	0.00424	0.01784	0.00771	0.00700
122	0.02221	0.71304	0.04353	0.01421	0.02132	0.03287	0.01421	0.02488	0.01688	0.01955	0.01155	0.01333	0.01066	0.00711	0.00533	0.00178	0.00888	0.00444	0.00355	0.01066
123	0.01005	0.00842	0.00874	0.00866	0.01136	0.00711	0.00649	0.01237	0.01948	0.02373	0.15164	0.07782	0.58457	0.02056	0.00982	0.00278	0.00417	0.01723	0.00788	0.00711
124	0.01592	0.01500	0.02533	0.65795	0.08554	0.01852	0.02319	0.02143	0.01672	0.02151	0.01481	0.02207	0.01117	0.00826	0.00830	0.00275	0.01102	0.00738	0.00371	0.00941
125	0.01208	0.00805	0.00906	0.00906	0.00906	0.00805	0.00503	0.01208	0.01208	0.01611	0.02618	0.05436	0.03020	0.70804	0.04228	0.00805	0.00805	0.01208	0.00503	0.00503
126	0.01068	0.00746	0.00947	0.01085	0.01120	0.00712	0.00695	0.01171	0.01482	0.01976	0.04021	0.51822	0.04791	0.22003	0.01961	0.00471	0.00574	0.02034	0.00695	0.00626
127	0.01208	0.00805	0.00906	0.00906	0.00906	0.00805	0.00503	0.01208	0.01208	0.01611	0.02618	0.05436	0.03020	0.70804	0.04228	0.00805	0.00805	0.01208	0.00503	0.00503
128	0.01639	0.01560	0.01476	0.01421	0.01610	0.14984	0.01046	0.01954	0.04731	0.01955	0.02179	0.03395	0.02111	0.20026	0.35203	0.00921	0.01658	0.00893	0.00476	0.00761
129	0.01723	0.01477	0.01723	0.01230	0.01969	0.01107	0.00984	0.02092	0.01723	0.02707	0.01477	0.01723	0.01230	0.00615	0.00615	0.00123	0.00615	0.00492	0.00492	0.75883
130	0.02235	0.29226	0.27568	0.01899	0.02796	0.02599	0.02087	0.17040	0.02246	0.03000	0.01484	0.01652	0.01144	0.00809	0.00702	0.00227	0.01024	0.00582	0.00468	0.01211
131	0.01549	0.00774	0.00774	0.00774	0.00968	0.00774	0.00581	0.01936	0.01742	0.03097	0.02710	0.03097	0.02129	0.00968	0.00581	0.00194	0.00387	0.00774	0.75416	0.00774
132	0.01772	0.01756	0.02456	0.02124	0.02126	0.02440	0.01759	0.01952	0.01290	0.02006	0.01286	0.05656	0.01338	0.01518	0.02633	0.00362	0.65425	0.00819	0.00386	0.00896
133	0.02284	0.57082	0.04055	0.01911	0.09471	0.09095	0.01568	0.02572	0.01773	0.02049	0.01214	0.01431	0.01095	0.00728	0.00586	0.00189	0.00956	0.00487	0.00369	0.01085
134	0.01699	0.03120	0.35597	0.02622	0.03594	0.01853	0.25362	0.02477	0.01848	0.02598	0.02359	0.02656	0.08515	0.00907	0.00884	0.00272	0.01201	0.00884	0.00425	0.01127
135	0.03158	0.02327	0.02493	0.01911	0.02576	0.02576	0.01579	0.62852	0.03906	0.05236	0.01995	0.01995	0.01413	0.00997	0.00831	0.00249	0.00914	0.00748	0.00831	0.01413
136	0.03727	0.01414	0.01928	0.01478	0.02121	0.01221	0.01221	0.04049	0.02378	0.66198	0.03277	0.02828	0.02056	0.01028	0.00835	0.00257	0.00707	0.00835	0.01028	0.01414
137	0.01076	0.00822	0.00987	0.00995	0.01192	0.00734	0.00727	0.01356	0.02043	0.02714	0.33448	0.19186	0.27679	0.02016	0.00996	0.00283	0.00419	0.01757	0.00836	0.00734
138	0.01208	0.00805	0.00906	0.00906	0.00906	0.00805	0.00503	0.01208	0.01208	0.01611	0.02618	0.05436	0.03020	0.70804	0.04228	0.00805	0.00805	0.01208	0.00503	0.00503
139	0.01203	0.00826	0.01009	0.01009	0.01045	0.00861	0.00632	0.01274	0.01239	0.01687	0.02523	0.04915	0.02794	0.55296	0.19427	0.00933	0.01146	0.01132	0.00489	0.00561
140	0.01027	0.00734	0.00981	0.01174	0.01228	0.00688	0.00797	0.01182	0.01605	0.02137	0.04571	0.67498	0.05462	0.02589	0.01064	0.00339	0.00495	0.04980	0.00771	0.00679
141	0.00983	0.00836	0.00848	0.00857	0.01126	0.00700	0.00638	0.01190	0.01879	0.02238	0.08228	0.11042	0.62359	0.02128	0.00986	0.00283	0.00424	0.01783	0.00771	0.00700
142	0.01189	0.00797	0.00912	0.00931	0.00936	0.00792	0.00530	0.01203	0.01246	0.01661	0.02812	0.11851	0.03265	0.64056	0.03915	0.00759	0.00773	0.01322	0.00530	0.00520
143	0.76672	0.01607	0.01221	0.01092	0.01607	0.01864	0.00900	0.02442	0.01414	0.03727	0.01157	0.01350	0.00900	0.00771	0.00514	0.00257	0.00643	0.00450	0.00514	0.00900
144	0.03103	0.03959	0.02354	0.02140	0.02568	0.67469	0.01605	0.03317	0.02354	0.02033	0.01284	0.01498	0.01070	0.00856	0.00749	0.00214	0.01498	0.00535	0.00428	0.00963
145	0.01011	0.00729	0.00958	0.01141	0.01201	0.00676	0.00764	0.01159	0.01606	0.02127	0.04775	0.67077	0.08553	0.02577	0.01056	0.00334	0.00479	0.02331	0.00771	0.00676
146	0.01885	0.25033	0.39763	0.02385	0.10267	0.02360	0.02493	0.02577	0.01749	0.02428	0.01394	0.01657	0.01087	0.00759	0.00713	0.00234	0.01094	0.00575	0.00359	0.01187
147	0.02056	0.01974	0.03372	0.05099	0.65622	0.01974	0.02550	0.02550	0.01892	0.02714	0.01563	0.02056	0.01316	0.00740	0.00822	0.00247	0.00987	0.00740	0.00411	0.01316
148	0.03330	0.01798	0.02140	0.01651	0.02280	0.01813	0.01360	0.30610	0.03070	0.35111	0.06054	0.02633	0.02078	0.01051	0.00841	0.00254	0.00784	0.00832	0.00933	0.01379
149	0.01010	0.00843	0.00880	0.00871	0.01139	0.00713	0.00653	0.01246	0.01959	0.02400	0.16568	0.07738	0.57036	0.02046	0.00982	0.00278	0.00417	0.01717	0.00792	0.00713
150	0.02809	0.20775	0.02868	0.01962	0.02437	0.47687	0.01571	0.03035	0.02126	0.02011	0.01241	0.01474	0.01070	0.00853	0.00806	0.00213	0.05147	0.00523	0.00406	0.00986
151	0.01192	0.00870	0.01232	0.01232	0.01345	0.00982	0.00910	0.01417	0.01305	0.01852	0.02319	0.03785	0.02303	0.21739	0.52314	0.01208	0.01884	0.00966	0.00459	0.00684
152	0.01207	0.00810	0.00929	0.00929	0.00937	0.00818	0.00532	0.01223	0.01215	0.01628	0.02596	0.05319	0.02969	0.67301	0.07662	0.00834	0.00882	0.01191	0.00500	0.00516
153	0.00995	0.00788	0.00897	0.00983	0.01159	0.00689	0.00694	0.01176	0.01757	0.02189	0.06691	0.35983	0.38411	0.02328	0.01017	0.00306	0.00448	0.02027	0.00771	0.00689
154	0.01971	0.16422	0.03449	0.19227	0.35071	0.02226	0.05332	0.02442	0.01798	0.02413	0.01463	0.01951	0.01212	0.00753	0.00772	0.00241	0.01016	0.00690	0.00390	0.01161
155	0.03103	0.03959	0.02354	0.02140	0.02568	0.67469	0.01605	0.03317	0.02354	0.02033	0.01284	0.01498	0.01070	0.00856	0.00749	0.00214	0.01498	0.00535	0.00428	0.00963
156	0.01975	0.01891	0.03226	0.15682	0.55672	0.01953	0.02509	0.02479	0.01853	0.02616	0.01548	0.02082	0.01281	0.00755	0.00824	0.00252	0.01007	0.00740	0.00404	0.01251
157	0.01930	0.25593	0.06374	0.01959	0.02305	0.02690	0.04453	0.02207	0.01471	0.02042	0.01202	0.01723	0.01126	0.01316	0.04273	0.00329	0.37017	0.00643	0.00366	0.00981
158	0.02200	0.01896	0.02140	0.01965	0.05424	0.04963	0.04709	0.04157	0.51435	0.06847	0.03099	0.02914	0.02314	0.01067	0.00847	0.00276	0.00755	0.00908	0.00792	0.01294
159	0.01158	0.00848	0.01085	0.01026	0.01230	0.00776	0.00770	0.01532	0.02309	0.03229	0.59848	0.06374	0.13238	0.01736	0.00980	0.00263	0.00395	0.01526	0.00901	0.00776
160	0.02488	0.50927	0.03748	0.01639	0.02264	0.22707	0.01477	0.02739	0.01890	0.01978	0.01194	0.01383	0.01067	0.00755	0.00598	0.00189	0.01073	0.00472	0.00377	0.01035
161	0.01208	0.00805	0.00906	0.00906	0.00906	0.00805	0.00503	0.01208	0.01208	0.01611	0.02618	0.05436	0.03020	0.70804	0.04228	0.00805	0.00805	0.01208	0.00503	0.00503
162	0.02273	0.16249	0.02410	0.01638	0.02134	0.02069	0.01421	0.20992	0.08941	0.06436	0.02821	0.04456	0.02604	0.01382	0.00875	0.00282	0.00823	0.20356	0.00720	0.01115
163	0.01747	0.02033	0.08933	0.02865	0.09774	0.01845	0.29261	0.02359	0.04621	0.02526	0.02413	0.12371	0.05037	0.01164	0.01153	0.00293	0.08930	0.01131	0.00494	0.01049
164	0.01235	0.00910	0.01165	0.01287	0.01478	0.00875	0.01066	0.01530	0.01827	0.02325	0.05196	0.08575	0.19668	0.10123	0.01460	0.00406	0.00684	0.38735	0.00737	0.00719
165	0.01630	0.04847	0.15059	0.01957	0.02687	0.01502	0.16147	0.02149	0.01787	0.02536	0.02591	0.10366	0.08320	0.01056	0.00823	0.00231	0.00899	0.00977	0.00503	0.23935
166	0.02291	0.02469	0.02988	0.11599	0.41191	0.20184	0.02259	0.02714	0.01994	0.02457	0.01475	0.01919	0.01224	0.00783	0.00803	0.00241	0.01143	0.00683	0.00411	0.01173
167	0.01626	0.23780	0.17932	0.01610	0.02194	0.01957	0.01646	0.02074	0.01546	0.02105	0.01713	0.02296	0.01514	0.03194	0.30493	0.00715	0.01567	0.00684	0.00394	0.00960
168	0.01934	0.01808	0.02989	0.04042	0.45894	0.01791	0.05531	0.04653	0.01905	0.02708	0.01954	0.02427	0.04268	0.01343	0.07422	0.00349	0.01077	0.00796	0.00453	0.06656
169	0.02798	0.10095	0.02714	0.02529	0.12233	0.48212	0.01743	0.03059	0.02169	0.02129	0.01306	0.01582	0.01109	0.00851	0.00828	0.00222	0.04414	0.00567	0.00415	0.01025
170	0.01709	0.01411	0.02214	0.02010	0.05257	0.01429	0.13094	0.05184	0.09092	0.05531	0.03522	0.05149	0.09224	0.02279	0.11777	0.00477	0.01091	0.17923	0.00655	0.00973
171	0.19855	0.13410	0.09617	0.01656	0.02245	0.14579	0.01502	0.05811	0.08390	0.06120	0.01911	0.02482	0.01604	0.00988	0.00721	0.00251	0.00942	0.06306	0.00554	0.01057

[dist]
# distance from previous block
# <min> <max>
4	7

[block]
# block no. 2 follows, 22 sequences, length 7
# corresponding to MSA columns:
# 391-397
name=unknown_C
#
# <colnr> <probs for GDERKNQSTAVLIFYWHMCP>
#	G	D	E	R	K	N	Q	S	T	A	V	L	I	F	Y	W	H	M	C	P
0	0.13977	0.01526	0.01838	0.01541	0.01977	0.04809	0.08231	0.08423	0.02101	0.03102	0.15321	0.04309	0.08676	0.04900	0.01029	0.00290	0.00755	0.08110	0.00663	0.08422
1	0.10612	0.01784	0.02226	0.08439	0.13522	0.07973	0.01749	0.02216	0.01686	0.02458	0.02021	0.03608	0.01985	0.01336	0.01401	0.00313	0.20439	0.14789	0.00492	0.00951
2	0.01261	0.07610	0.09006	0.01348	0.01662	0.01121	0.01193	0.01572	0.01734	0.02261	0.04496	0.33287	0.14183	0.02074	0.00986	0.00314	0.00654	0.13757	0.00683	0.00798
3	0.02371	0.02620	0.16261	0.02346	0.03135	0.02239	0.16361	0.25715	0.13610	0.03771	0.02060	0.02198	0.01500	0.00906	0.00860	0.00265	0.01050	0.00809	0.00636	0.01288
4	0.01176	0.00993	0.01075	0.00952	0.01334	0.00805	0.00729	0.01440	0.01894	0.02453	0.11898	0.06341	0.44852	0.01713	0.00894	0.00241	0.00464	0.01431	0.00718	0.18595
5	0.01384	0.01218	0.01895	0.22312	0.08619	0.01280	0.04642	0.01798	0.01894	0.02487	0.14969	0.08738	0.16330	0.01493	0.00943	0.00287	0.00768	0.07456	0.00623	0.00867
6	0.02160	0.02958	0.16691	0.03365	0.18398	0.15622	0.23381	0.02765	0.01984	0.02537	0.01531	0.01942	0.01191	0.00760	0.00855	0.00255	0.01287	0.00755	0.00405	0.01156

[dist]
# distance from previous block
# <min> <max>
6	16

[block]
# block no. 3 follows, 22 sequences, length 10
# corresponding to MSA columns:
# 414-423
name=unknown_D
#
# <colnr> <probs for GDERKNQSTAVLIFYWHMCP>
#	G	D	E	R	K	N	Q	S	T	A	V	L	I	F	Y	W	H	M	C	P
0	0.01945	0.01976	0.03184	0.27526	0.31415	0.06730	0.10343	0.02467	0.01852	0.02445	0.01527	0.02097	0.01216	0.00776	0.00841	0.00260	0.01122	0.00756	0.00399	0.01123
1	0.02009	0.02049	0.02895	0.29332	0.33978	0.10739	0.02329	0.02488	0.01865	0.02394	0.01492	0.02042	0.01202	0.00791	0.00816	0.00254	0.01102	0.00712	0.00397	0.01116
2	0.02374	0.02588	0.25759	0.01808	0.02532	0.07585	0.01856	0.02890	0.01990	0.24086	0.02681	0.15452	0.02261	0.01230	0.00854	0.00271	0.00931	0.01023	0.00670	0.01158
3	0.01318	0.01125	0.01570	0.01475	0.01606	0.01377	0.01175	0.01570	0.01412	0.02000	0.02959	0.03673	0.12347	0.04292	0.39453	0.00905	0.19497	0.00991	0.00478	0.00779
4	0.01467	0.01378	0.01359	0.01496	0.04389	0.10907	0.01110	0.01734	0.01918	0.02289	0.05126	0.17561	0.23648	0.01999	0.01005	0.00311	0.00728	0.20089	0.00702	0.00784
5	0.02564	0.02633	0.12198	0.02718	0.14916	0.15247	0.08274	0.05473	0.06254	0.15187	0.01960	0.02124	0.01441	0.00894	0.00916	0.00256	0.04423	0.00736	0.00571	0.01214
6	0.07407	0.01599	0.02151	0.25913	0.12824	0.06431	0.01748	0.02398	0.01942	0.09787	0.12462	0.03284	0.02594	0.01079	0.00847	0.00268	0.00897	0.04783	0.00582	0.01005
7	0.09651	0.09904	0.04806	0.01618	0.06637	0.05471	0.01225	0.02369	0.05998	0.10895	0.05782	0.16454	0.13096	0.01437	0.00832	0.00266	0.00709	0.01194	0.00671	0.00984
8	0.16246	0.02330	0.18952	0.01867	0.02562	0.01796	0.06260	0.08333	0.01967	0.16839	0.01919	0.02117	0.01391	0.01409	0.07159	0.00368	0.06041	0.00705	0.00589	0.01147
9	0.04905	0.05638	0.16221	0.06458	0.07220	0.12635	0.01799	0.04286	0.01991	0.10941	0.04888	0.05691	0.08239	0.01113	0.00907	0.00259	0.04307	0.00870	0.00562	0.01070

[dist]
# distance from previous block
# <min> <max>
18	216

[block]
# block no. 4 follows, 22 sequences, length 252
# corresponding to MSA columns:
# 661-912
name=unknown_E
#
# <colnr> <probs for GDERKNQSTAVLIFYWHMCP>
#	G	D	E	R	K	N	Q	S	T	A	V	L	I	F	Y	W	H	M	C	P
0	0.02279	0.02429	0.06082	0.02507	0.16374	0.19962	0.01703	0.06440	0.11968	0.05126	0.05867	0.03156	0.07439	0.01105	0.00842	0.00255	0.00987	0.03762	0.00602	0.01115
1	0.02071	0.09235	0.10259	0.01492	0.02134	0.05324	0.01352	0.04664	0.01950	0.11877	0.05285	0.11394	0.02215	0.01060	0.00755	0.00212	0.00769	0.00869	0.00605	0.26478
2	0.05577	0.18758	0.12189	0.01814	0.05986	0.05335	0.01577	0.10139	0.02062	0.08989	0.02326	0.17232	0.02213	0.01229	0.00786	0.00253	0.00859	0.01003	0.00590	0.01083
3	0.01545	0.05004	0.05252	0.02266	0.19721	0.05253	0.01414	0.01893	0.01936	0.02489	0.12603	0.04928	0.26649	0.04254	0.01023	0.00280	0.00723	0.01214	0.00614	0.00940
4	0.13242	0.08467	0.09072	0.01851	0.05600	0.02203	0.01569	0.25480	0.10541	0.06622	0.02332	0.02349	0.05176	0.00986	0.00764	0.00252	0.00838	0.00750	0.00677	0.01229
5	0.01665	0.01845	0.12107	0.01950	0.10098	0.04394	0.01531	0.05532	0.01889	0.05613	0.03827	0.07380	0.19611	0.02292	0.13101	0.00466	0.04041	0.01110	0.00581	0.00968
6	0.02227	0.13608	0.14045	0.01958	0.05501	0.23714	0.01703	0.06121	0.02209	0.02640	0.15624	0.02626	0.02610	0.01012	0.00783	0.00231	0.01048	0.00774	0.00534	0.01031
7	0.02571	0.13111	0.17913	0.02302	0.09376	0.13820	0.01997	0.20043	0.02512	0.06322	0.01645	0.01801	0.01238	0.00856	0.00762	0.00236	0.01085	0.00638	0.00542	0.01229
8	0.01519	0.01268	0.01143	0.01069	0.01400	0.08651	0.00813	0.01750	0.02020	0.08730	0.09859	0.06617	0.48471	0.01828	0.00939	0.00269	0.00576	0.01504	0.00764	0.00808
9	0.02506	0.02663	0.09639	0.05654	0.17334	0.17192	0.04714	0.16903	0.02456	0.05984	0.01849	0.05923	0.01520	0.00957	0.00826	0.00250	0.01096	0.00791	0.00555	0.01188
10	0.09355	0.02584	0.24135	0.02739	0.20378	0.01841	0.02152	0.02770	0.12987	0.02879	0.02488	0.02645	0.07602	0.00962	0.00800	0.00263	0.00920	0.00802	0.00514	0.01184
11	0.09972	0.02111	0.08542	0.01703	0.02340	0.01999	0.01493	0.27565	0.11326	0.16453	0.02345	0.02427	0.01704	0.05066	0.00998	0.00290	0.00837	0.00776	0.00774	0.01278
12	0.03162	0.02249	0.02382	0.02021	0.06220	0.08777	0.01551	0.37974	0.05916	0.17880	0.02235	0.02176	0.01561	0.00980	0.00824	0.00249	0.00921	0.00753	0.00809	0.01358
13	0.02521	0.09917	0.05554	0.01699	0.02345	0.09395	0.01451	0.26670	0.08288	0.03639	0.01857	0.01953	0.01418	0.00876	0.00735	0.00214	0.00885	0.00653	0.04163	0.15766
14	0.01171	0.05132	0.05099	0.01150	0.01399	0.00944	0.00925	0.01465	0.01913	0.02565	0.24964	0.29610	0.16609	0.01994	0.00972	0.00288	0.00509	0.01750	0.00769	0.00772
15	0.09413	0.22787	0.38719	0.02040	0.03027	0.02316	0.05938	0.02573	0.01713	0.02553	0.01374	0.01623	0.01053	0.00760	0.00701	0.00239	0.01083	0.00571	0.00373	0.01143
16	0.05509	0.41006	0.29258	0.01787	0.02697	0.02673	0.02061	0.02543	0.01702	0.02311	0.01290	0.01503	0.01053	0.00745	0.00635	0.00216	0.01014	0.00513	0.00361	0.01123
17	0.02039	0.01979	0.03405	0.04870	0.59323	0.02010	0.05475	0.02527	0.01863	0.02675	0.01544	0.02053	0.01302	0.00775	0.00929	0.00254	0.04533	0.00751	0.00409	0.01285
18	0.01121	0.00769	0.00932	0.01017	0.01038	0.00748	0.00622	0.01185	0.01377	0.01836	0.03485	0.34119	0.04115	0.40628	0.02827	0.00598	0.00662	0.01719	0.00622	0.00579
19	0.02592	0.19248	0.13220	0.01971	0.02667	0.20478	0.04530	0.13433	0.05971	0.05951	0.01650	0.01780	0.01269	0.00853	0.00739	0.00229	0.01117	0.00622	0.00522	0.01158
20	0.01193	0.00867	0.01217	0.01217	0.01325	0.00974	0.00892	0.01408	0.01300	0.01841	0.02333	0.03860	0.02336	0.23949	0.50148	0.01190	0.01836	0.00977	0.00461	0.00676
21	0.01188	0.00797	0.00912	0.00931	0.00936	0.00792	0.00530	0.01203	0.01247	0.01662	0.02816	0.11982	0.03270	0.63918	0.03908	0.00758	0.00773	0.01325	0.00530	0.00521
22	0.01009	0.00737	0.00949	0.01119	0.01195	0.00678	0.00755	0.01161	0.01626	0.02135	0.05032	0.62901	0.12563	0.02544	0.01051	0.00331	0.00475	0.02290	0.00771	0.00678
23	0.02173	0.02380	0.06257	0.04406	0.47931	0.11004	0.08507	0.02670	0.01956	0.02611	0.01533	0.01984	0.01264	0.00754	0.00827	0.00246	0.01110	0.00730	0.00412	0.01244
24	0.02274	0.02600	0.02250	0.02016	0.02230	0.30876	0.01589	0.02490	0.01760	0.02002	0.01373	0.01928	0.01253	0.02021	0.13119	0.00467	0.27771	0.00671	0.00406	0.00904
25	0.01187	0.00890	0.01335	0.01335	0.01483	0.01038	0.01038	0.01483	0.01335	0.01928	0.02225	0.03264	0.02077	0.06231	0.67512	0.01335	0.02225	0.00890	0.00445	0.00742
26	0.02059	0.40707	0.18155	0.02456	0.16638	0.02688	0.02045	0.02534	0.01748	0.02277	0.01322	0.01589	0.01119	0.00735	0.00655	0.00212	0.00987	0.00549	0.00367	0.01158
27	0.01997	0.22368	0.27141	0.08408	0.10554	0.05300	0.02287	0.05211	0.01844	0.02465	0.01398	0.01715	0.01111	0.00808	0.00814	0.00240	0.04207	0.00600	0.00386	0.01147
28	0.01034	0.00817	0.00932	0.00960	0.01169	0.00715	0.00698	0.01273	0.01934	0.02472	0.20920	0.21476	0.38415	0.02120	0.00999	0.00289	0.00428	0.01830	0.00805	0.00715
29	0.01610	0.03894	0.58796	0.02246	0.03346	0.01824	0.02829	0.02495	0.01704	0.02548	0.01578	0.01932	0.01173	0.01433	0.08677	0.00390	0.01346	0.00647	0.00362	0.01170
30	0.01229	0.00899	0.01200	0.01181	0.01253	0.01009	0.00832	0.01383	0.01273	0.01786	0.02347	0.04191	0.02461	0.35750	0.34996	0.01041	0.05033	0.01028	0.00468	0.00640
31	0.01208	0.00805	0.00906	0.00906	0.00906	0.00805	0.00503	0.01208	0.01208	0.01611	0.02618	0.05436	0.03020	0.70804	0.04228	0.00805	0.00805	0.01208	0.00503	0.00503
32	0.01196	0.00800	0.00910	0.00921	0.00924	0.00798	0.00519	0.01205	0.01231	0.01641	0.02735	0.09304	0.03168	0.66735	0.04039	0.00777	0.00786	0.01277	0.00519	0.00514
