[name]
unknown

[dist]
# distance from previous block
# <min> <max>
2	20

[block]
# block no. 0 follows, 23 sequences, length 60
# corresponding to MSA columns:
# 21-80
name=unknown_A
#
# <colnr> <probs for GDERKNQSTAVLIFYWHMCP>
#	G	D	E	R	K	N	Q	S	T	A	V	L	I	F	Y	W	H	M	C	P
0	0.01857	0.09753	0.38517	0.02593	0.15886	0.01881	0.02432	0.02539	0.01789	0.07263	0.02066	0.02260	0.05940	0.00866	0.00771	0.00247	0.01024	0.00707	0.00434	0.01177
1	0.02812	0.01680	0.01965	0.01575	0.02072	0.01762	0.01261	0.30831	0.07357	0.20562	0.02269	0.02348	0.01633	0.01367	0.01294	0.15735	0.00783	0.00762	0.00770	0.01164
2	0.01946	0.01989	0.02644	0.03708	0.43704	0.11458	0.01973	0.02331	0.01915	0.02459	0.02848	0.03108	0.14431	0.01011	0.00824	0.00243	0.00925	0.00895	0.00476	0.01112
3	0.16839	0.01480	0.01162	0.01115	0.01423	0.12397	0.00832	0.01764	0.01760	0.02397	0.04901	0.09901	0.32638	0.06726	0.01066	0.00300	0.00666	0.01256	0.00626	0.00752
4	0.01146	0.00931	0.00982	0.00930	0.01219	0.00833	0.00708	0.05852	0.02065	0.02574	0.16780	0.07102	0.52175	0.01913	0.00948	0.00269	0.00442	0.01602	0.00780	0.00749
5	0.01853	0.17262	0.33501	0.02825	0.16782	0.02183	0.09580	0.02528	0.01752	0.02456	0.01426	0.01748	0.01109	0.00735	0.00749	0.00239	0.01101	0.00634	0.00364	0.01173
6	0.57845	0.02243	0.18128	0.01386	0.02067	0.01837	0.01422	0.02432	0.01466	0.03366	0.01213	0.01419	0.00917	0.00758	0.00571	0.00253	0.00774	0.00480	0.00461	0.00961
7	0.02954	0.07026	0.02427	0.02158	0.04729	0.62821	0.01592	0.03175	0.02253	0.02006	0.01258	0.01475	0.01053	0.00825	0.00724	0.00208	0.01418	0.00525	0.00414	0.00958
8	0.00989	0.00706	0.00942	0.01130	0.01177	0.00659	0.00753	0.01130	0.01554	0.02071	0.04472	0.70954	0.05367	0.02542	0.01036	0.00330	0.00471	0.02307	0.00753	0.00659
9	0.02410	0.20592	0.02544	0.01671	0.02153	0.32187	0.01353	0.05670	0.08123	0.02278	0.02478	0.02530	0.10795	0.01011	0.00724	0.00217	0.01050	0.00723	0.00507	0.00982
10	0.01114	0.00969	0.00970	0.00941	0.01198	0.03909	0.00706	0.01372	0.02004	0.02499	0.25131	0.06987	0.45572	0.01879	0.00948	0.00265	0.00452	0.01583	0.00779	0.00721
11	0.02483	0.01890	0.02076	0.01618	0.02220	0.01952	0.01308	0.39599	0.05455	0.04123	0.02113	0.08514	0.01758	0.01033	0.00780	0.00221	0.00768	0.00824	0.00722	0.20543
12	0.02739	0.03078	0.02115	0.01821	0.02330	0.46517	0.01389	0.02994	0.02147	0.06931	0.01444	0.01614	0.01155	0.00790	0.00705	0.00190	0.01191	0.00534	0.00477	0.19841
13	0.01669	0.23603	0.31534	0.01778	0.02556	0.02058	0.02009	0.02241	0.01589	0.02196	0.01542	0.01968	0.01288	0.02110	0.17992	0.00500	0.01350	0.00619	0.00368	0.01030
14	0.01789	0.01756	0.03210	0.03791	0.37252	0.01710	0.17766	0.02271	0.01859	0.02606	0.06601	0.11353	0.02265	0.01018	0.00884	0.00262	0.00961	0.01044	0.00485	0.01117
15	0.04764	0.21817	0.02528	0.01581	0.02055	0.24014	0.01309	0.09072	0.02112	0.02399	0.02698	0.02772	0.14305	0.01084	0.00811	0.00224	0.04215	0.00769	0.00509	0.00960
16	0.15062	0.21102	0.39504	0.01857	0.02804	0.02213	0.02213	0.02501	0.01638	0.02589	0.01315	0.01538	0.01005	0.00748	0.00660	0.00235	0.01014	0.00529	0.00372	0.01102
17	0.02882	0.03525	0.02200	0.01980	0.02405	0.58394	0.01496	0.07534	0.02378	0.02231	0.01821	0.01969	0.05884	0.00937	0.00754	0.00216	0.01343	0.00626	0.00472	0.00954
18	0.01789	0.06870	0.02436	0.45723	0.04395	0.06867	0.01942	0.02641	0.14555	0.02323	0.01784	0.02224	0.01360	0.00863	0.00787	0.00260	0.01005	0.00725	0.00458	0.00992
19	0.01159	0.00869	0.01304	0.01304	0.01449	0.01014	0.01014	0.01449	0.01304	0.01884	0.02173	0.03188	0.02029	0.06086	0.68268	0.01304	0.02173	0.00869	0.00435	0.00724
20	0.00980	0.00817	0.00856	0.00859	0.01112	0.00692	0.00639	0.01201	0.01882	0.02298	0.14110	0.10842	0.56848	0.02038	0.00963	0.00275	0.00411	0.01717	0.00768	0.00692
21	0.02547	0.01871	0.02052	0.01678	0.02173	0.02040	0.01340	0.47678	0.03236	0.04334	0.02595	0.19631	0.02402	0.01376	0.00869	0.00266	0.00785	0.01134	0.00797	0.01195
22	0.00996	0.00750	0.00922	0.01034	0.01158	0.00676	0.00716	0.01178	0.01707	0.02218	0.11389	0.47239	0.22431	0.02323	0.01007	0.00307	0.00446	0.02062	0.00767	0.00676
23	0.02233	0.66931	0.04107	0.01440	0.02114	0.08023	0.01402	0.02490	0.01697	0.01915	0.01137	0.01314	0.01042	0.00705	0.00536	0.00176	0.00912	0.00440	0.00352	0.01034
24	0.02216	0.02171	0.05605	0.04326	0.52822	0.08505	0.02322	0.02676	0.01922	0.07313	0.01620	0.01998	0.01304	0.00757	0.00796	0.00239	0.01003	0.00705	0.00445	0.01254
25	0.03034	0.03775	0.02307	0.02077	0.02509	0.64414	0.01566	0.06748	0.02387	0.02167	0.01294	0.01491	0.01065	0.00844	0.00736	0.00211	0.01430	0.00535	0.00441	0.00966
26	0.03031	0.03867	0.02299	0.02090	0.02508	0.68226	0.01568	0.03240	0.02299	0.01986	0.01254	0.01463	0.01045	0.00836	0.00732	0.00209	0.01463	0.00523	0.00418	0.00941
27	0.01007	0.00824	0.00888	0.00872	0.01125	0.00705	0.00654	0.01257	0.01962	0.02459	0.22763	0.07369	0.51382	0.01955	0.00959	0.00269	0.00404	0.01651	0.00789	0.00705
28	0.03045	0.03459	0.02334	0.02033	0.02511	0.51387	0.01561	0.18737	0.02688	0.02787	0.01432	0.01588	0.01131	0.00872	0.00752	0.00218	0.01317	0.00576	0.00519	0.01053
29	0.02059	0.58187	0.17071	0.01576	0.02373	0.02941	0.01716	0.02458	0.01662	0.02043	0.01195	0.01385	0.01039	0.00710	0.00572	0.00191	0.00935	0.00468	0.00346	0.01073
30	0.01171	0.00789	0.00918	0.00926	0.00939	0.00798	0.00541	0.01198	0.01205	0.01617	0.02607	0.07855	0.02981	0.63805	0.08750	0.00806	0.00876	0.01203	0.00498	0.00516
31	0.00969	0.00822	0.00836	0.00833	0.01102	0.00689	0.00625	0.01184	0.01874	0.02250	0.11353	0.07714	0.62924	0.02034	0.00959	0.00273	0.00409	0.01699	0.00761	0.00689
32	0.05884	0.07744	0.03333	0.03216	0.22442	0.23045	0.17668	0.02746	0.01971	0.02419	0.01422	0.01797	0.01158	0.00748	0.00785	0.00235	0.01203	0.00685	0.00410	0.01090
33	0.01087	0.00821	0.01004	0.00971	0.01178	0.00738	0.00723	0.01409	0.02134	0.02898	0.46748	0.09860	0.23829	0.01814	0.00962	0.00264	0.00395	0.01579	0.00847	0.00738
34	0.02036	0.02000	0.03204	0.07872	0.60421	0.05181	0.02434	0.02508	0.01859	0.02591	0.01509	0.01989	0.01264	0.00733	0.00800	0.00241	0.00994	0.00713	0.00401	0.01250
35	0.01627	0.04197	0.67279	0.02313	0.03512	0.01884	0.02998	0.02570	0.01713	0.02570	0.01456	0.01713	0.01028	0.00771	0.00771	0.00257	0.01199	0.00600	0.00343	0.01199
36	0.03037	0.03694	0.02314	0.02066	0.02509	0.61066	0.01565	0.09829	0.02465	0.02327	0.01330	0.01516	0.01082	0.00851	0.00740	0.00213	0.01401	0.00545	0.00461	0.00989
37	0.02472	0.02693	0.11899	0.03007	0.22111	0.12971	0.05964	0.22852	0.02557	0.03341	0.01619	0.01869	0.01238	0.00829	0.00800	0.00241	0.01081	0.00690	0.00532	0.01236
38	0.01165	0.00785	0.00909	0.00923	0.00933	0.00788	0.00535	0.01189	0.01213	0.01625	0.02680	0.10038	0.03084	0.63340	0.06916	0.00777	0.00829	0.01248	0.00508	0.00515
39	0.01028	0.00723	0.00930	0.01080	0.01118	0.00685	0.00700	0.01140	0.01478	0.01970	0.04083	0.57603	0.04875	0.16564	0.01665	0.00423	0.00535	0.02078	0.00700	0.00625
40	0.01169	0.00788	0.00912	0.00921	0.00932	0.00794	0.00535	0.01193	0.01206	0.01616	0.02629	0.08414	0.03015	0.64301	0.07699	0.00794	0.00852	0.01217	0.00501	0.00513
41	0.03040	0.03600	0.02322	0.02053	0.02510	0.57197	0.01564	0.13391	0.02554	0.02511	0.01371	0.01545	0.01101	0.00859	0.00745	0.00215	0.01368	0.00558	0.00484	0.01014
42	0.01794	0.00982	0.01305	0.01219	0.01517	0.00895	0.00973	0.02126	0.02128	0.19251	0.28554	0.10747	0.09759	0.01704	0.00960	0.00285	0.00544	0.13480	0.00871	0.00906
43	0.02270	0.02177	0.01949	0.01749	0.02201	0.15470	0.01362	0.08369	0.44762	0.03190	0.02832	0.02913	0.02206	0.01091	0.00819	0.00264	0.00833	0.03607	0.00738	0.01197
44	0.01513	0.00756	0.00756	0.00756	0.00945	0.00756	0.00567	0.01891	0.01702	0.03025	0.02647	0.03025	0.02080	0.00945	0.00567	0.00189	0.00378	0.00756	0.75988	0.00756
45	0.04584	0.01785	0.02988	0.22095	0.47830	0.01891	0.02369	0.02375	0.01771	0.02532	0.01490	0.02025	0.01216	0.00748	0.00795	0.00249	0.00983	0.00712	0.00394	0.01168
46	0.02185	0.01595	0.01767	0.01556	0.02014	0.01764	0.01218	0.03978	0.48903	0.13313	0.09559	0.03289	0.02922	0.01142	0.00837	0.00269	0.00624	0.00957	0.00860	0.01248
47	0.03085	0.02273	0.02435	0.01867	0.02516	0.02516	0.01542	0.63716	0.03815	0.05114	0.01948	0.01948	0.01380	0.00974	0.00812	0.00244	0.00893	0.00731	0.00812	0.01380
48	0.02211	0.13077	0.02745	0.09797	0.19011	0.13601	0.01792	0.09352	0.08510	0.02681	0.01902	0.02607	0.01642	0.00960	0.00781	0.00245	0.00987	0.06481	0.00513	0.01105
49	0.01320	0.00878	0.01081	0.01082	0.01281	0.00814	0.00822	0.01566	0.01843	0.07117	0.18651	0.08927	0.20112	0.16033	0.01629	0.00396	0.00577	0.14395	0.00749	0.00728
50	0.01034	0.00725	0.00928	0.01071	0.01107	0.00689	0.00691	0.01142	0.01464	0.01953	0.04016	0.55302	0.04790	0.18980	0.01773	0.00439	0.00546	0.02038	0.00691	0.00619
51	0.03054	0.03183	0.02358	0.01995	0.02512	0.40030	0.01557	0.29190	0.02950	0.03328	0.01552	0.01671	0.01189	0.00895	0.00766	0.00224	0.01219	0.00612	0.00587	0.01129
52	0.29009	0.02427	0.01850	0.08073	0.02393	0.25544	0.01333	0.08940	0.05243	0.02978	0.01690	0.01869	0.03775	0.00882	0.00680	0.00239	0.00988	0.00602	0.00517	0.00967
53	0.01291	0.00901	0.01099	0.01125	0.01382	0.00817	0.00916	0.01586	0.01948	0.06914	0.14224	0.07691	0.32574	0.01994	0.01005	0.00304	0.00543	0.22134	0.00787	0.00766
54	0.02181	0.01842	0.02925	0.04106	0.49937	0.01864	0.02172	0.02919	0.11432	0.09529	0.01971	0.02241	0.01541	0.00810	0.00808	0.00247	0.00887	0.00762	0.00529	0.01295
55	0.15297	0.25704	0.02717	0.01625	0.02168	0.29198	0.01357	0.02897	0.01932	0.08448	0.01378	0.01510	0.01108	0.00791	0.00631	0.00208	0.01052	0.00507	0.00465	0.01005
56	0.01595	0.01172	0.01494	0.01367	0.01603	0.01317	0.01053	0.15390	0.01849	0.02562	0.02181	0.03233	0.02023	0.14895	0.43356	0.00987	0.01675	0.00885	0.00528	0.00836
57	0.01171	0.00819	0.01014	0.01057	0.01151	0.00795	0.00744	0.01348	0.01614	0.02165	0.16233	0.12633	0.07477	0.33358	0.02428	0.00527	0.00649	0.13529	0.00663	0.00624
58	0.01185	0.00899	0.01133	0.01134	0.01360	0.00770	0.00800	0.01362	0.01574	0.02192	0.03684	0.47832	0.06228	0.02041	0.01021	0.03801	0.00513	0.01744	0.00665	0.20066
59	0.02655	0.06015	0.02394	0.13292	0.02973	0.45872	0.01668	0.05882	0.05138	0.02211	0.01403	0.01681	0.01135	0.00866	0.00814	0.00228	0.03773	0.00587	0.00441	0.00973

[dist]
# distance from previous block
# <min> <max>
2	9

[block]
# block no. 1 follows, 23 sequences, length 106
# corresponding to MSA columns:
# 90-195
name=unknown_B
#
# <colnr> <probs for GDERKNQSTAVLIFYWHMCP>
#	G	D	E	R	K	N	Q	S	T	A	V	L	I	F	Y	W	H	M	C	P
0	0.02036	0.32125	0.26113	0.02277	0.11550	0.08567	0.02124	0.02562	0.01759	0.02251	0.01310	0.01559	0.01071	0.00738	0.00667	0.00216	0.01053	0.00540	0.00360	0.01121
1	0.02256	0.01654	0.02259	0.08839	0.19328	0.01691	0.01635	0.18156	0.02417	0.11874	0.06481	0.03237	0.08681	0.01086	0.00838	0.00250	0.00803	0.03366	0.00668	0.04481
2	0.01115	0.00759	0.00904	0.00968	0.00984	0.00743	0.00581	0.01163	0.01307	0.01743	0.03209	0.27678	0.03773	0.47992	0.03076	0.00631	0.00679	0.01564	0.00581	0.00549
3	0.01573	0.02115	0.17528	0.50803	0.05044	0.01834	0.05390	0.02213	0.01658	0.02213	0.01455	0.02061	0.01076	0.00796	0.00809	0.00267	0.01123	0.00704	0.00359	0.00980
4	0.02283	0.01671	0.01872	0.01568	0.01983	0.01824	0.01231	0.38733	0.02850	0.03831	0.02533	0.16184	0.02391	0.08345	0.08424	0.00425	0.00937	0.01102	0.00730	0.01083
5	0.02108	0.23609	0.34145	0.01996	0.02869	0.17592	0.02205	0.02684	0.01830	0.02245	0.01315	0.01537	0.01036	0.00764	0.00690	0.00222	0.01165	0.00534	0.00361	0.01094
6	0.02556	0.12306	0.07933	0.05040	0.02785	0.41200	0.06964	0.02882	0.02029	0.02076	0.01281	0.01577	0.01062	0.00842	0.00873	0.00227	0.06415	0.00577	0.00395	0.00982
7	0.01241	0.00988	0.01119	0.01052	0.01260	0.03883	0.00769	0.01547	0.02075	0.02840	0.45268	0.08708	0.11447	0.09136	0.01274	0.00309	0.00493	0.01405	0.00790	0.04397
8	0.02930	0.03288	0.02213	0.01950	0.02407	0.49541	0.01491	0.12427	0.04746	0.05468	0.01859	0.01959	0.04341	0.00933	0.00762	0.00222	0.01261	0.00639	0.00535	0.01027
9	0.02681	0.02034	0.02219	0.01676	0.02346	0.02104	0.01375	0.45983	0.03202	0.04404	0.01803	0.01872	0.01329	0.00867	0.00751	0.00208	0.00809	0.00659	0.00717	0.22964
10	0.01926	0.10102	0.20899	0.01773	0.02409	0.05818	0.01772	0.14360	0.04326	0.02781	0.01795	0.02205	0.01463	0.02467	0.21693	0.00568	0.01400	0.00698	0.00486	0.01058
11	0.02459	0.49091	0.03596	0.01624	0.02226	0.25053	0.01449	0.02702	0.01867	0.01935	0.01170	0.01356	0.01043	0.00742	0.00592	0.00185	0.01068	0.00464	0.00371	0.01008
12	0.01518	0.01288	0.01480	0.01642	0.10374	0.07174	0.01065	0.01854	0.02132	0.05891	0.34550	0.05323	0.19528	0.01514	0.00909	0.00253	0.00585	0.01303	0.00754	0.00865
13	0.01824	0.19390	0.38895	0.02484	0.09022	0.02216	0.10301	0.02534	0.01736	0.02428	0.01410	0.01706	0.01080	0.00738	0.00740	0.00238	0.01123	0.00618	0.00358	0.01157
14	0.02342	0.01520	0.01890	0.01861	0.09635	0.01575	0.01279	0.10142	0.20283	0.18891	0.08591	0.03312	0.02636	0.10832	0.01289	0.00331	0.00718	0.00935	0.00777	0.01161
15	0.00987	0.00800	0.00880	0.00938	0.01151	0.00693	0.00691	0.01187	0.01778	0.02176	0.07065	0.23433	0.47506	0.02186	0.00987	0.00294	0.00446	0.05367	0.00753	0.00682
16	0.01627	0.04197	0.67279	0.02313	0.03512	0.01884	0.02998	0.02570	0.01713	0.02570	0.01456	0.01713	0.01028	0.00771	0.00771	0.00257	0.01199	0.00600	0.00343	0.01199
17	0.20693	0.15108	0.02817	0.02953	0.29721	0.11261	0.01762	0.02556	0.01758	0.02665	0.01317	0.01632	0.01107	0.00741	0.00667	0.00227	0.00932	0.00572	0.00419	0.01093
18	0.01090	0.01032	0.05011	0.01008	0.01299	0.00797	0.00833	0.01425	0.02055	0.02722	0.35375	0.06602	0.34229	0.01787	0.00947	0.00264	0.00446	0.01528	0.00795	0.00755
19	0.01012	0.00797	0.00914	0.00942	0.01143	0.00699	0.00685	0.01247	0.01891	0.02426	0.21577	0.21966	0.37678	0.02070	0.00976	0.00282	0.00418	0.01789	0.00788	0.00699
20	0.01640	0.04109	0.64526	0.02362	0.03544	0.01892	0.05662	0.02571	0.01722	0.02571	0.01464	0.01734	0.01037	0.00767	0.00779	0.00258	0.01207	0.00615	0.00346	0.01195
21	0.01755	0.01776	0.05166	0.29061	0.19390	0.02015	0.02141	0.02376	0.07490	0.02331	0.01550	0.02098	0.01256	0.00956	0.01237	0.00283	0.16937	0.00732	0.00412	0.01040
22	0.02018	0.01743	0.01835	0.01651	0.02110	0.02018	0.01284	0.04312	0.64956	0.03394	0.03303	0.03027	0.02477	0.01101	0.00826	0.00275	0.00642	0.00917	0.00826	0.01284
23	0.01409	0.00705	0.01057	0.01057	0.01057	0.00705	0.00705	0.01057	0.01057	0.01409	0.01409	0.02467	0.01409	0.02819	0.03171	0.76392	0.00705	0.00705	0.00352	0.00352
24	0.02062	0.58572	0.16713	0.01571	0.02365	0.02948	0.01707	0.02457	0.01661	0.02040	0.01193	0.01383	0.01039	0.00709	0.00570	0.00190	0.00933	0.00467	0.00346	0.01073
25	0.01727	0.01519	0.02349	0.49886	0.08475	0.01804	0.02031	0.10563	0.01934	0.02530	0.01797	0.08473	0.01531	0.00988	0.00832	0.00270	0.00992	0.00869	0.00462	0.00969
26	0.01627	0.04197	0.67279	0.02313	0.03512	0.01884	0.02998	0.02570	0.01713	0.02570	0.01456	0.01713	0.01028	0.00771	0.00771	0.00257	0.01199	0.00600	0.00343	0.01199
27	0.03031	0.03867	0.02299	0.02090	0.02508	0.68226	0.01568	0.03240	0.02299	0.01986	0.01254	0.01463	0.01045	0.00836	0.00732	0.00209	0.01463	0.00523	0.00418	0.00941
28	0.02055	0.02016	0.03249	0.04850	0.63526	0.04932	0.02448	0.02524	0.01868	0.02621	0.01514	0.01984	0.01274	0.00728	0.00800	0.00240	0.00987	0.00714	0.00402	0.01270
29	0.01627	0.04197	0.67279	0.02313	0.03512	0.01884	0.02998	0.02570	0.01713	0.02570	0.01456	0.01713	0.01028	0.00771	0.00771	0.00257	0.01199	0.00600	0.00343	0.01199
30	0.01180	0.00787	0.00885	0.00885	0.00885	0.00787	0.00492	0.01180	0.01180	0.01573	0.02557	0.05310	0.02950	0.71483	0.04130	0.00787	0.00787	0.01180	0.00492	0.00492
31	0.00973	0.00769	0.00877	0.00963	0.01133	0.00673	0.00679	0.01149	0.01714	0.02137	0.06502	0.36751	0.38259	0.02278	0.00994	0.00299	0.00438	0.01985	0.00753	0.00673
32	0.01601	0.01781	0.14629	0.01388	0.01779	0.06379	0.01256	0.01944	0.01759	0.08051	0.14437	0.11259	0.06025	0.19070	0.04738	0.00440	0.00854	0.01160	0.00612	0.00838
33	0.02058	0.01924	0.05872	0.01705	0.02220	0.02040	0.01404	0.07723	0.57468	0.03446	0.03109	0.02883	0.02323	0.01073	0.00821	0.00272	0.00691	0.00887	0.00795	0.01285
34	0.02021	0.01582	0.01699	0.01517	0.01966	0.01757	0.01183	0.03842	0.50421	0.09096	0.03975	0.03666	0.11259	0.01224	0.00843	0.00273	0.00615	0.01018	0.00832	0.01210
35	0.01950	0.01868	0.03187	0.12951	0.58910	0.01912	0.02461	0.02439	0.01820	0.02580	0.01516	0.02027	0.01260	0.00734	0.00804	0.00245	0.00979	0.00723	0.00397	0.01238
36	0.02131	0.02260	0.02858	0.19746	0.37113	0.17214	0.02221	0.02564	0.01898	0.02359	0.01443	0.01919	0.01181	0.00770	0.00789	0.00241	0.01107	0.00676	0.00396	0.01114
37	0.00982	0.00733	0.00914	0.01059	0.01158	0.00665	0.00722	0.01138	0.01622	0.02099	0.05338	0.56366	0.19395	0.02430	0.01018	0.00317	0.00457	0.02169	0.00753	0.00665
38	0.00959	0.00822	0.00822	0.00822	0.01096	0.00685	0.00617	0.01165	0.01850	0.02192	0.08220	0.07809	0.66092	0.02055	0.00959	0.00274	0.00411	0.01713	0.00754	0.00685
39	0.01818	0.03032	0.33810	0.03549	0.29956	0.01921	0.09223	0.02540	0.01791	0.02607	0.01505	0.01887	0.01157	0.00742	0.00804	0.00252	0.01119	0.00689	0.00375	0.01224
40	0.01934	0.02193	0.07250	0.03915	0.26055	0.02000	0.39156	0.02559	0.01882	0.02616	0.01592	0.02103	0.01240	0.00702	0.00894	0.00261	0.01218	0.00858	0.00404	0.01166
41	0.01159	0.00869	0.01304	0.01304	0.01449	0.01014	0.01014	0.01449	0.01304	0.01884	0.02173	0.03188	0.02029	0.06086	0.68268	0.01304	0.02173	0.00869	0.00435	0.00724
42	0.01828	0.01742	0.05647	0.01768	0.05960	0.01782	0.01357	0.03586	0.46562	0.03178	0.08507	0.03569	0.08600	0.01191	0.00844	0.00270	0.00653	0.01004	0.00770	0.01183
43	0.16180	0.41156	0.08622	0.01480	0.02162	0.05766	0.01440	0.07402	0.01839	0.05652	0.01326	0.01468	0.01083	0.00755	0.00585	0.00206	0.00873	0.00495	0.00447	0.01063
44	0.03006	0.07136	0.02480	0.01942	0.02487	0.32867	0.01545	0.32191	0.02988	0.03481	0.01580	0.01686	0.01205	0.00894	0.00758	0.00223	0.01155	0.00617	0.00603	0.01157
45	0.02371	0.56075	0.03796	0.01552	0.02182	0.18386	0.01430	0.02619	0.01801	0.01927	0.01158	0.01339	0.01042	0.00727	0.00570	0.00182	0.01007	0.00455	0.00364	0.01018
46	0.01288	0.00961	0.01191	0.01201	0.01406	0.00896	0.00856	0.07075	0.01826	0.02505	0.07581	0.51008	0.04561	0.02074	0.00950	0.00288	0.00522	0.01857	0.00729	0.11224
47	0.01179	0.00791	0.00905	0.00905	0.00912	0.00798	0.00517	0.01193	0.01186	0.01588	0.02538	0.05209	0.02906	0.68358	0.07195	0.00811	0.00853	0.01165	0.00489	0.00503
48	0.00959	0.00822	0.00822	0.00822	0.01096	0.00685	0.00617	0.01165	0.01850	0.02192	0.08220	0.07809	0.66092	0.02055	0.00959	0.00274	0.00411	0.01713	0.00754	0.00685
49	0.00989	0.00706	0.00942	0.01130	0.01177	0.00659	0.00753	0.01130	0.01554	0.02071	0.04472	0.70954	0.05367	0.02542	0.01036	0.00330	0.00471	0.02307	0.00753	0.00659
50	0.01915	0.02189	0.04788	0.03420	0.04241	0.02052	0.63475	0.02599	0.01915	0.02599	0.01642	0.02189	0.01231	0.00684	0.00958	0.00274	0.01368	0.00958	0.00410	0.01094
51	0.01001	0.00824	0.00880	0.00866	0.01122	0.00703	0.00649	0.01245	0.01948	0.02426	0.20953	0.07424	0.53214	0.01968	0.00959	0.00270	0.00405	0.01658	0.00784	0.00703
52	0.77215	0.01569	0.01193	0.01067	0.01569	0.01820	0.00879	0.02385	0.01381	0.03641	0.01130	0.01318	0.00879	0.00753	0.00502	0.00251	0.00628	0.00439	0.00502	0.00879
53	0.00989	0.00706	0.00942	0.01130	0.01177	0.00659	0.00753	0.01130	0.01554	0.02071	0.04472	0.70954	0.05367	0.02542	0.01036	0.00330	0.00471	0.02307	0.00753	0.00659
54	0.03031	0.03867	0.02299	0.02090	0.02508	0.68226	0.01568	0.03240	0.02299	0.01986	0.01254	0.01463	0.01045	0.00836	0.00732	0.00209	0.01463	0.00523	0.00418	0.00941
55	0.03085	0.02273	0.02435	0.01867	0.02516	0.02516	0.01542	0.63716	0.03815	0.05114	0.01948	0.01948	0.01380	0.00974	0.00812	0.00244	0.00893	0.00731	0.00812	0.01380
56	0.01015	0.00824	0.00899	0.00881	0.01130	0.00709	0.00660	0.01273	0.01981	0.02505	0.25237	0.07294	0.48880	0.01938	0.00958	0.00268	0.00403	0.01640	0.00795	0.00709
57	0.03574	0.01488	0.01950	0.01495	0.02125	0.01352	0.01235	0.11148	0.02502	0.59537	0.03050	0.02664	0.01933	0.01001	0.00815	0.00250	0.00715	0.00806	0.00981	0.01381
58	0.02433	0.01887	0.02086	0.01558	0.02241	0.01850	0.01273	0.35074	0.02825	0.03967	0.01713	0.01825	0.01297	0.00801	0.00714	0.00186	0.00757	0.00615	0.00658	0.36241
59	0.01802	0.00928	0.01254	0.01247	0.01482	0.00842	0.00927	0.02022	0.01836	0.21271	0.06629	0.43283	0.04417	0.02029	0.00974	0.00307	0.00554	0.06481	0.00833	0.00883
60	0.00959	0.00822	0.00822	0.00822	0.01096	0.00685	0.00617	0.01165	0.01850	0.02192	0.08220	0.07809	0.66092	0.02055	0.00959	0.00274	0.00411	0.01713	0.00754	0.00685
61	0.00981	0.00735	0.00912	0.01054	0.01157	0.00665	0.00720	0.01138	0.01626	0.02101	0.05395	0.55409	0.20316	0.02422	0.01017	0.00316	0.00456	0.02160	0.00753	0.00665
62	0.02089	0.39941	0.20779	0.01707	0.02506	0.10510	0.01809	0.02534	0.01747	0.02154	0.01256	0.01462	0.01051	0.00725	0.00620	0.00196	0.01008	0.00493	0.00365	0.07048
63	0.02071	0.02018	0.02841	0.06764	0.43878	0.07198	0.02128	0.02953	0.16453	0.02745	0.01911	0.02207	0.01533	0.00823	0.00803	0.00248	0.00934	0.00752	0.00499	0.01241
64	0.01783	0.01474	0.01776	0.01310	0.01951	0.01233	0.01057	0.02122	0.01666	0.05541	0.01484	0.01742	0.01225	0.00705	0.00826	0.00151	0.07839	0.00520	0.00492	0.65104
65	0.01801	0.20614	0.43762	0.02282	0.05483	0.02228	0.08108	0.02535	0.01721	0.02413	0.01395	0.01666	0.01059	0.00742	0.00728	0.00237	0.01125	0.00596	0.00352	0.01154
66	0.02990	0.07088	0.02392	0.02057	0.02488	0.65151	0.01559	0.03202	0.02269	0.01982	0.01248	0.01456	0.01045	0.00829	0.00722	0.00207	0.01435	0.00518	0.00415	0.00945
67	0.21520	0.01075	0.01185	0.01071	0.01384	0.01083	0.00834	0.01975	0.02057	0.09078	0.43175	0.04509	0.05354	0.01360	0.00824	0.00254	0.00475	0.01137	0.00800	0.00851
68	0.00959	0.00822	0.00822	0.00822	0.01096	0.00685	0.00617	0.01165	0.01850	0.02192	0.08220	0.07809	0.66092	0.02055	0.00959	0.00274	0.00411	0.01713	0.00754	0.00685
69	0.01288	0.00977	0.01218	0.01153	0.01166	0.01121	0.00776	0.01347	0.01203	0.01671	0.02247	0.04465	0.02519	0.52633	0.09655	0.00754	0.13695	0.01065	0.00461	0.00586
70	0.00998	0.00818	0.00880	0.00876	0.01123	0.00700	0.00653	0.01236	0.01924	0.02397	0.19533	0.10448	0.51599	0.01999	0.00962	0.00273	0.00408	0.01692	0.00781	0.00700
71	0.01627	0.04197	0.67279	0.02313	0.03512	0.01884	0.02998	0.02570	0.01713	0.02570	0.01456	0.01713	0.01028	0.00771	0.00771	0.00257	0.01199	0.00600	0.00343	0.01199
72	0.01627	0.04197	0.67279	0.02313	0.03512	0.01884	0.02998	0.02570	0.01713	0.02570	0.01456	0.01713	0.01028	0.00771	0.00771	0.00257	0.01199	0.00600	0.00343	0.01199
73	0.02451	0.49695	0.03613	0.01618	0.02222	0.24477	0.01447	0.02695	0.01862	0.01934	0.01169	0.01355	0.01043	0.00741	0.00590	0.00185	0.01063	0.00463	0.00370	0.01008
74	0.01552	0.01184	0.01450	0.01475	0.05505	0.01181	0.01091	0.13018	0.02296	0.03047	0.19717	0.06132	0.18847	0.04923	0.01105	0.00308	0.00621	0.14909	0.00764	0.00875
75	0.05416	0.07988	0.54018	0.02226	0.03299	0.06023	0.04992	0.02595	0.01737	0.02548	0.01416	0.01672	0.01030	0.00766	0.00748	0.00249	0.01174	0.00591	0.00358	0.01155
76	0.01177	0.00957	0.01061	0.01026	0.01298	0.00905	0.00785	0.01730	0.10715	0.02675	0.23964	0.06709	0.37547	0.01818	0.00948	0.00274	0.00451	0.04364	0.00803	0.00794
77	0.01513	0.00756	0.00756	0.00756	0.00945	0.00756	0.00567	0.01891	0.01702	0.03025	0.02647	0.03025	0.02080	0.00945	0.00567	0.00189	0.00378	0.00756	0.75988	0.00756
78	0.02008	0.01928	0.03294	0.04981	0.66422	0.01928	0.02490	0.02490	0.01848	0.02651	0.01526	0.02008	0.01285	0.00723	0.00803	0.00241	0.00964	0.00723	0.00402	0.01285
79	0.02861	0.03544	0.02465	0.02572	0.13152	0.57185	0.01721	0.03115	0.02224	0.02097	0.01300	0.01554	0.01085	0.00817	0.00744	0.00214	0.01380	0.00556	0.00415	0.00998
80	0.01165	0.00847	0.01190	0.01190	0.01295	0.00952	0.00872	0.01376	0.01270	0.01799	0.02278	0.03766	0.02280	0.23899	0.50798	0.01163	0.01796	0.00954	0.00450	0.00661
81	0.01180	0.00787	0.00885	0.00885	0.00885	0.00787	0.00492	0.01180	0.01180	0.01573	0.02557	0.05310	0.02950	0.71483	0.04130	0.00787	0.00787	0.01180	0.00492	0.00492
82	0.01000	0.00731	0.00918	0.01060	0.01139	0.00674	0.00709	0.01140	0.01569	0.02048	0.04906	0.55368	0.14820	0.08287	0.01285	0.00359	0.00488	0.02117	0.00731	0.00649
83	0.01567	0.01468	0.02085	0.01850	0.01900	0.01987	0.01518	0.01782	0.01263	0.01929	0.01440	0.02254	0.01391	0.03000	0.24880	0.00676	0.47029	0.00764	0.00382	0.00832
84	0.02008	0.01928	0.03294	0.04981	0.66422	0.01928	0.02490	0.02490	0.01848	0.02651	0.01526	0.02008	0.01285	0.00723	0.00803	0.00241	0.00964	0.00723	0.00402	0.01285
85	0.02356	0.02644	0.04853	0.02548	0.17153	0.26827	0.01704	0.06384	0.02059	0.02504	0.01400	0.01698	0.01158	0.00796	0.00838	0.00208	0.05161	0.00586	0.00446	0.18677
86	0.03031	0.03867	0.02299	0.02090	0.02508	0.68226	0.01568	0.03240	0.02299	0.01986	0.01254	0.01463	0.01045	0.00836	0.00732	0.00209	0.01463	0.00523	0.00418	0.00941
87	0.01643	0.01556	0.02634	0.54466	0.19788	0.01832	0.02309	0.02171	0.01675	0.02208	0.01462	0.02127	0.01129	0.00791	0.00809	0.00264	0.01054	0.00722	0.00370	0.00991
88	0.01513	0.00756	0.00756	0.00756	0.00945	0.00756	0.00567	0.01891	0.01702	0.03025	0.02647	0.03025	0.02080	0.00945	0.00567	0.00189	0.00378	0.00756	0.75988	0.00756
89	0.01032	0.00729	0.00947	0.01092	0.01134	0.00699	0.00716	0.01154	0.01472	0.01969	0.04008	0.55536	0.04761	0.15671	0.04664	0.00460	0.00607	0.02030	0.00690	0.00631
90	0.00989	0.00706	0.00942	0.01130	0.01177	0.00659	0.00753	0.01130	0.01554	0.02071	0.04472	0.70954	0.05367	0.02542	0.01036	0.00330	0.00471	0.02307	0.00753	0.00659
91	0.01264	0.01026	0.01570	0.02060	0.16313	0.01035	0.01215	0.01519	0.01563	0.02161	0.03255	0.39209	0.03645	0.02949	0.16675	0.00537	0.00982	0.01605	0.00598	0.00819
92	0.01113	0.00799	0.01030	0.01173	0.01256	0.00769	0.00800	0.04836	0.01687	0.02252	0.04323	0.66867	0.05131	0.02449	0.01022	0.00324	0.00496	0.02213	0.00757	0.00702
93	0.01951	0.02633	0.20266	0.04063	0.43764	0.05058	0.05496	0.02552	0.01837	0.02595	0.01500	0.01913	0.01203	0.00739	0.00799	0.00245	0.01069	0.00692	0.00387	0.01237
94	0.70209	0.01557	0.01308	0.07405	0.01941	0.01819	0.01006	0.02356	0.01403	0.03495	0.01159	0.01396	0.00898	0.00759	0.00531	0.00253	0.00670	0.00465	0.00489	0.00881
95	0.01130	0.00857	0.01057	0.01016	0.01244	0.00766	0.00772	0.01458	0.02101	0.02867	0.42576	0.09467	0.21036	0.01781	0.00955	0.00264	0.00426	0.05157	0.00825	0.04246
96	0.01638	0.04121	0.64894	0.02355	0.03540	0.01891	0.05306	0.02571	0.01721	0.02571	0.01463	0.01731	0.01036	0.00768	0.00778	0.00258	0.01206	0.00613	0.00345	0.01195
97	0.01180	0.00787	0.00885	0.00885	0.00885	0.00787	0.00492	0.01180	0.01180	0.01573	0.02557	0.05310	0.02950	0.71483	0.04130	0.00787	0.00787	0.01180	0.00492	0.00492
98	0.01159	0.00869	0.01304	0.01304	0.01449	0.01014	0.01014	0.01449	0.01304	0.01884	0.02173	0.03188	0.02029	0.06086	0.68268	0.01304	0.02173	0.00869	0.00435	0.00724
99	0.01513	0.00756	0.00756	0.00756	0.00945	0.00756	0.00567	0.01891	0.01702	0.03025	0.02647	0.03025	0.02080	0.00945	0.00567	0.00189	0.00378	0.00756	0.75988	0.00756
100	0.02218	0.02356	0.02946	0.04098	0.47770	0.18305	0.02187	0.02617	0.01947	0.02461	0.01586	0.04844	0.01402	0.00829	0.00796	0.00237	0.01066	0.00742	0.00421	0.01173
101	0.02036	0.06624	0.11794	0.12635	0.30820	0.13973	0.02208	0.02515	0.01868	0.02373	0.01742	0.02117	0.04165	0.00822	0.00777	0.00239	0.01072	0.00698	0.00404	0.01115
102	0.02088	0.21835	0.06419	0.03200	0.28191	0.05353	0.10513	0.05448	0.01889	0.02488	0.01462	0.01842	0.01222	0.00951	0.03531	0.00270	0.01073	0.00666	0.00407	0.01152
103	0.02158	0.39541	0.11523	0.01644	0.02318	0.09813	0.01589	0.02975	0.16504	0.02348	0.01691	0.01775	0.01375	0.00814	0.00647	0.00212	0.00922	0.00578	0.00466	0.01107
104	0.01779	0.25693	0.18723	0.02008	0.08578	0.02136	0.05538	0.02414	0.06883	0.02398	0.05053	0.02791	0.10829	0.00982	0.00741	0.00232	0.00885	0.00799	0.00474	0.01064
105	0.20595	0.01731	0.01607	0.01419	0.01865	0.07300	0.01122	0.10219	0.20286	0.05887	0.03021	0.03010	0.10601	0.01501	0.06100	0.00340	0.00829	0.00846	0.00676	0.01044

[dist]
# distance from previous block
# <min> <max>
2	17

[block]
# block no. 2 follows, 23 sequences, length 93
# corresponding to MSA columns:
# 213-305
name=unknown_C
#
# <colnr> <probs for GDERKNQSTAVLIFYWHMCP>
#	G	D	E	R	K	N	Q	S	T	A	V	L	I	F	Y	W	H	M	C	P
0	0.01833	0.05567	0.16184	0.13265	0.25056	0.06782	0.04823	0.02378	0.01782	0.02398	0.01714	0.02518	0.01471	0.01186	0.04818	0.00318	0.01136	0.05269	0.00411	0.01090
1	0.01932	0.03457	0.38942	0.03101	0.22676	0.10789	0.02651	0.02635	0.01833	0.02516	0.01451	0.01770	0.01109	0.00765	0.00776	0.00246	0.01162	0.00627	0.00371	0.01191
2	0.01957	0.50316	0.03400	0.01403	0.01943	0.06037	0.01302	0.02222	0.01595	0.01907	0.01401	0.01790	0.01293	0.02075	0.17786	0.00463	0.01231	0.00549	0.00373	0.00955
3	0.00970	0.00822	0.00838	0.00834	0.01103	0.00690	0.00625	0.01186	0.01876	0.02255	0.11652	0.07705	0.62621	0.02031	0.00959	0.00273	0.00409	0.01698	0.00762	0.00690
4	0.01321	0.01082	0.01512	0.01422	0.01498	0.01339	0.01092	0.01518	0.01261	0.01833	0.01976	0.03298	0.01987	0.19384	0.37352	0.00948	0.19140	0.00898	0.00427	0.00714
5	0.14244	0.27087	0.28887	0.01750	0.02611	0.02390	0.01965	0.07956	0.01825	0.02742	0.01333	0.01527	0.01040	0.00760	0.00644	0.00226	0.00964	0.00528	0.00412	0.01108
6	0.02018	0.01743	0.01835	0.01651	0.02110	0.02018	0.01284	0.04312	0.64956	0.03394	0.03303	0.03027	0.02477	0.01101	0.00826	0.00275	0.00642	0.00917	0.00826	0.01284
7	0.00997	0.00713	0.00949	0.01124	0.01179	0.00665	0.00754	0.01151	0.01592	0.02133	0.07676	0.67574	0.05486	0.02496	0.01032	0.00326	0.00466	0.02263	0.00761	0.00665
8	0.02169	0.71972	0.04252	0.01388	0.02083	0.03211	0.01388	0.02430	0.01649	0.01909	0.01128	0.01302	0.01041	0.00694	0.00521	0.00174	0.00868	0.00434	0.00347	0.01041
9	0.00989	0.00706	0.00942	0.01130	0.01177	0.00659	0.00753	0.01130	0.01554	0.02071	0.04472	0.70954	0.05367	0.02542	0.01036	0.00330	0.00471	0.02307	0.00753	0.00659
10	0.00959	0.00822	0.00822	0.00822	0.01096	0.00685	0.00617	0.01165	0.01850	0.02192	0.08220	0.07809	0.66092	0.02055	0.00959	0.00274	0.00411	0.01713	0.00754	0.00685
11	0.02295	0.01880	0.01990	0.01707	0.02215	0.02147	0.01351	0.19719	0.49098	0.03840	0.02951	0.02747	0.02192	0.01068	0.00822	0.00267	0.00707	0.00869	0.00822	0.01309
12	0.02008	0.01928	0.03294	0.04981	0.66422	0.01928	0.02490	0.02490	0.01848	0.02651	0.01526	0.02008	0.01285	0.00723	0.00803	0.00241	0.00964	0.00723	0.00402	0.01285
13	0.00960	0.00817	0.00827	0.00834	0.01099	0.00684	0.00622	0.01163	0.01838	0.02187	0.08069	0.10357	0.63642	0.02075	0.00962	0.00276	0.00413	0.01736	0.00753	0.00684
14	0.01159	0.00869	0.01304	0.01304	0.01449	0.01014	0.01014	0.01449	0.01304	0.01884	0.02173	0.03188	0.02029	0.06086	0.68268	0.01304	0.02173	0.00869	0.00435	0.00724
15	0.01915	0.02189	0.04788	0.03420	0.04241	0.02052	0.63475	0.02599	0.01915	0.02599	0.01642	0.02189	0.01231	0.00684	0.00958	0.00274	0.01368	0.00958	0.00410	0.01094
16	0.02771	0.03100	0.02582	0.02813	0.19293	0.40182	0.01806	0.12831	0.02426	0.02667	0.01438	0.01685	0.01162	0.00829	0.00763	0.00223	0.01240	0.00609	0.00477	0.01102
17	0.01862	0.01779	0.03030	0.24783	0.47760	0.01890	0.02418	0.02362	0.01779	0.02474	0.01500	0.02056	0.01223	0.00750	0.00806	0.00250	0.01000	0.00722	0.00389	0.01168
18	0.03031	0.03867	0.02299	0.02090	0.02508	0.68226	0.01568	0.03240	0.02299	0.01986	0.01254	0.01463	0.01045	0.00836	0.00732	0.00209	0.01463	0.00523	0.00418	0.00941
19	0.03034	0.03786	0.02306	0.02079	0.02509	0.64897	0.01567	0.06304	0.02376	0.02144	0.01289	0.01488	0.01062	0.00843	0.00736	0.00211	0.01434	0.00533	0.00438	0.00963
20	0.01899	0.05091	0.15842	0.03592	0.22050	0.02028	0.32342	0.02556	0.01848	0.02583	0.01555	0.02016	0.01202	0.00712	0.00862	0.00257	0.01201	0.00804	0.00393	0.01167
21	0.01200	0.00884	0.01129	0.01058	0.01266	0.00840	0.00796	0.01696	0.06019	0.03262	0.62270	0.05881	0.07349	0.01626	0.00949	0.00256	0.00398	0.01435	0.00889	0.00796
22	0.00959	0.00822	0.00822	0.00822	0.01096	0.00685	0.00617	0.01165	0.01850	0.02192	0.08220	0.07809	0.66092	0.02055	0.00959	0.00274	0.00411	0.01713	0.00754	0.00685
23	0.02234	0.66889	0.04106	0.01441	0.02114	0.08062	0.01402	0.02490	0.01697	0.01915	0.01137	0.01314	0.01042	0.00705	0.00536	0.00176	0.00912	0.00440	0.00352	0.01034
24	0.01045	0.00825	0.00942	0.00913	0.01149	0.00722	0.00685	0.01332	0.02054	0.02677	0.34589	0.07011	0.39421	0.01874	0.00958	0.00265	0.00398	0.01601	0.00817	0.00722
25	0.00985	0.00722	0.00926	0.01089	0.01166	0.00663	0.00735	0.01134	0.01593	0.02088	0.04975	0.62491	0.13506	0.02477	0.01025	0.00322	0.00463	0.02227	0.00753	0.00663
26	0.00959	0.00822	0.00822	0.00822	0.01096	0.00685	0.00617	0.01165	0.01850	0.02192	0.08220	0.07809	0.66092	0.02055	0.00959	0.00274	0.00411	0.01713	0.00754	0.00685
27	0.01058	0.00826	0.00959	0.00926	0.01157	0.00727	0.00694	0.01356	0.02083	0.02747	0.38412	0.06896	0.35554	0.01848	0.00958	0.00264	0.00396	0.01584	0.00827	0.00727
28	0.03020	0.02796	0.02363	0.01934	0.02496	0.25002	0.01540	0.40415	0.05957	0.03968	0.01769	0.01829	0.01313	0.00932	0.00785	0.00233	0.01077	0.00667	0.00677	0.01225
29	0.02046	0.02226	0.02445	0.02122	0.02212	0.16635	0.01731	0.02230	0.01470	0.01960	0.01106	0.01708	0.01061	0.01294	0.02247	0.00324	0.55247	0.00670	0.00369	0.00899
30	0.02008	0.01928	0.03294	0.04981	0.66422	0.01928	0.02490	0.02490	0.01848	0.02651	0.01526	0.02008	0.01285	0.00723	0.00803	0.00241	0.00964	0.00723	0.00402	0.01285
31	0.01159	0.00869	0.01304	0.01304	0.01449	0.01014	0.01014	0.01449	0.01304	0.01884	0.02173	0.03188	0.02029	0.06086	0.68268	0.01304	0.02173	0.00869	0.00435	0.00724
32	0.01683	0.01442	0.01683	0.01202	0.01923	0.01082	0.00961	0.02043	0.01683	0.02644	0.01442	0.01683	0.01202	0.00601	0.00601	0.00120	0.00601	0.00481	0.00481	0.76444
33	0.01108	0.00828	0.01028	0.00978	0.01187	0.00748	0.00734	0.01452	0.02201	0.03025	0.53559	0.06437	0.20234	0.01744	0.00957	0.00259	0.00389	0.01520	0.00863	0.00748
34	0.03591	0.01461	0.01933	0.01482	0.02111	0.01311	0.01224	0.09317	0.02456	0.61432	0.03089	0.02689	0.01952	0.01002	0.00816	0.00250	0.00709	0.00808	0.00987	0.01381
35	0.00987	0.00712	0.00935	0.01114	0.01173	0.00660	0.00746	0.01132	0.01569	0.02078	0.04667	0.67665	0.08530	0.02517	0.01032	0.00327	0.00468	0.02276	0.00753	0.00660
36	0.00989	0.00706	0.00942	0.01130	0.01177	0.00659	0.00753	0.01130	0.01554	0.02071	0.04472	0.70954	0.05367	0.02542	0.01036	0.00330	0.00471	0.02307	0.00753	0.00659
37	0.01159	0.00869	0.01304	0.01304	0.01449	0.01014	0.01014	0.01449	0.01304	0.01884	0.02173	0.03188	0.02029	0.06086	0.68268	0.01304	0.02173	0.00869	0.00435	0.00724
38	0.01159	0.00869	0.01304	0.01304	0.01449	0.01014	0.01014	0.01449	0.01304	0.01884	0.02173	0.03188	0.02029	0.06086	0.68268	0.01304	0.02173	0.00869	0.00435	0.00724
39	0.01058	0.00825	0.00965	0.00971	0.01191	0.00732	0.00736	0.01336	0.01991	0.02587	0.28564	0.11995	0.35480	0.01963	0.00977	0.00279	0.00432	0.06398	0.00804	0.00717
40	0.01161	0.00863	0.01273	0.01273	0.01407	0.00997	0.00975	0.01429	0.01295	0.01860	0.02202	0.03346	0.02097	0.10966	0.63481	0.01265	0.02070	0.00893	0.00439	0.00707
41	0.01683	0.01442	0.01683	0.01202	0.01923	0.01082	0.00961	0.02043	0.01683	0.02644	0.01442	0.01683	0.01202	0.00601	0.00601	0.00120	0.00601	0.00481	0.00481	0.76444
42	0.01159	0.00869	0.01304	0.01304	0.01449	0.01014	0.01014	0.01449	0.01304	0.01884	0.02173	0.03188	0.02029	0.06086	0.68268	0.01304	0.02173	0.00869	0.00435	0.00724
43	0.01070	0.00764	0.01035	0.01223	0.01305	0.00729	0.00894	0.01270	0.01634	0.02162	0.04427	0.55214	0.05189	0.02466	0.01057	0.00341	0.00541	0.17245	0.00752	0.00682
44	0.02169	0.71972	0.04252	0.01388	0.02083	0.03211	0.01388	0.02430	0.01649	0.01909	0.01128	0.01302	0.01041	0.00694	0.00521	0.00174	0.00868	0.00434	0.00347	0.01041
45	0.03110	0.02232	0.02410	0.01848	0.02496	0.02456	0.01526	0.61013	0.03748	0.07912	0.02005	0.01985	0.01408	0.00975	0.00812	0.00244	0.00884	0.00734	0.00820	0.01380
46	0.03085	0.02273	0.02435	0.01867	0.02516	0.02516	0.01542	0.63716	0.03815	0.05114	0.01948	0.01948	0.01380	0.00974	0.00812	0.00244	0.00893	0.00731	0.00812	0.01380
47	0.02018	0.01743	0.01835	0.01651	0.02110	0.02018	0.01284	0.04312	0.64956	0.03394	0.03303	0.03027	0.02477	0.01101	0.00826	0.00275	0.00642	0.00917	0.00826	0.01284
48	0.00997	0.00712	0.00949	0.01124	0.01179	0.00664	0.00754	0.01150	0.01591	0.02131	0.07589	0.67666	0.05483	0.02497	0.01032	0.00326	0.00466	0.02264	0.00760	0.00664
49	0.01134	0.00829	0.01065	0.01006	0.01204	0.00760	0.00754	0.01504	0.02263	0.03175	0.61682	0.06192	0.12017	0.01688	0.00957	0.00257	0.00385	0.01486	0.00883	0.00760
50	0.00959	0.00822	0.00822	0.00822	0.01096	0.00685	0.00617	0.01165	0.01850	0.02192	0.08220	0.07809	0.66092	0.02055	0.00959	0.00274	0.00411	0.01713	0.00754	0.00685
51	0.00989	0.00706	0.00942	0.01130	0.01177	0.00659	0.00753	0.01130	0.01554	0.02071	0.04472	0.70954	0.05367	0.02542	0.01036	0.00330	0.00471	0.02307	0.00753	0.00659
52	0.01308	0.00934	0.01308	0.01494	0.01681	0.00934	0.01308	0.01681	0.01868	0.02428	0.04296	0.09153	0.04670	0.02242	0.01121	0.00374	0.00747	0.60960	0.00747	0.00747
53	0.02169	0.71972	0.04252	0.01388	0.02083	0.03211	0.01388	0.02430	0.01649	0.01909	0.01128	0.01302	0.01041	0.00694	0.00521	0.00174	0.00868	0.00434	0.00347	0.01041
54	0.03031	0.03867	0.02299	0.02090	0.02508	0.68226	0.01568	0.03240	0.02299	0.01986	0.01254	0.01463	0.01045	0.00836	0.00732	0.00209	0.01463	0.00523	0.00418	0.00941
55	0.00985	0.00722	0.00925	0.01088	0.01166	0.00663	0.00735	0.01135	0.01593	0.02088	0.04977	0.62447	0.13548	0.02477	0.01025	0.00322	0.00463	0.02227	0.00753	0.00663
56	0.03031	0.03867	0.02299	0.02090	0.02508	0.68226	0.01568	0.03240	0.02299	0.01986	0.01254	0.01463	0.01045	0.00836	0.00732	0.00209	0.01463	0.00523	0.00418	0.00941
57	0.01775	0.01775	0.02485	0.02130	0.02130	0.02485	0.01775	0.01953	0.01243	0.01953	0.01065	0.01775	0.01065	0.01420	0.02663	0.00355	0.69998	0.00710	0.00355	0.00888
58	0.01946	0.02066	0.04088	0.03990	0.29105	0.02021	0.36326	0.02527	0.01859	0.02592	0.01570	0.02098	0.01246	0.00732	0.00970	0.00264	0.04179	0.00853	0.00404	0.01162
59	0.01308	0.00934	0.01308	0.01494	0.01681	0.00934	0.01308	0.01681	0.01868	0.02428	0.04296	0.09153	0.04670	0.02242	0.01121	0.00374	0.00747	0.60960	0.00747	0.00747
60	0.02008	0.01928	0.03294	0.04981	0.66422	0.01928	0.02490	0.02490	0.01848	0.02651	0.01526	0.02008	0.01285	0.00723	0.00803	0.00241	0.00964	0.00723	0.00402	0.01285
61	0.02192	0.02936	0.22013	0.01939	0.02624	0.16189	0.01867	0.03530	0.29163	0.05789	0.02291	0.02275	0.01703	0.00938	0.00788	0.00254	0.00992	0.00730	0.00598	0.01189
62	0.03641	0.01381	0.01883	0.01444	0.02071	0.01193	0.01193	0.03954	0.02322	0.66984	0.03201	0.02762	0.02009	0.01004	0.00816	0.00251	0.00690	0.00816	0.01004	0.01381
63	0.00959	0.00822	0.00822	0.00822	0.01096	0.00685	0.00617	0.01165	0.01850	0.02192	0.08220	0.07809	0.66092	0.02055	0.00959	0.00274	0.00411	0.01713	0.00754	0.00685
64	0.01180	0.00787	0.00885	0.00885	0.00885	0.00787	0.00492	0.01180	0.01180	0.01573	0.02557	0.05310	0.02950	0.71483	0.04130	0.00787	0.00787	0.01180	0.00492	0.00492
65	0.01689	0.03765	0.53829	0.02551	0.03669	0.01921	0.16015	0.02576	0.01757	0.02576	0.01496	0.01816	0.01072	0.00752	0.00811	0.00261	0.01236	0.00677	0.00357	0.01177
66	0.01146	0.00857	0.01277	0.01291	0.01429	0.00988	0.00995	0.01425	0.01323	0.01898	0.02345	0.08245	0.02278	0.05821	0.63251	0.01231	0.02046	0.00977	0.00458	0.00720
67	0.01159	0.00869	0.01304	0.01304	0.01449	0.01014	0.01014	0.01449	0.01304	0.01884	0.02173	0.03188	0.02029	0.06086	0.68268	0.01304	0.02173	0.00869	0.00435	0.00724
68	0.02840	0.18953	0.02732	0.01935	0.02414	0.53824	0.01528	0.03061	0.02155	0.01969	0.01226	0.01427	0.01044	0.00805	0.00685	0.00201	0.01331	0.00503	0.00402	0.00963
69	0.01180	0.00787	0.00885	0.00885	0.00885	0.00787	0.00492	0.01180	0.01180	0.01573	0.02557	0.05310	0.02950	0.71483	0.04130	0.00787	0.00787	0.01180	0.00492	0.00492
70	0.01001	0.00824	0.00880	0.00866	0.01122	0.00703	0.00650	0.01246	0.01949	0.02428	0.21052	0.07421	0.53113	0.01967	0.00959	0.00270	0.00405	0.01658	0.00785	0.00703
71	0.77215	0.01569	0.01193	0.01067	0.01569	0.01820	0.00879	0.02385	0.01381	0.03641	0.01130	0.01318	0.00879	0.00753	0.00502	0.00251	0.00628	0.00439	0.00502	0.00879
72	0.01627	0.04197	0.67279	0.02313	0.03512	0.01884	0.02998	0.02570	0.01713	0.02570	0.01456	0.01713	0.01028	0.00771	0.00771	0.00257	0.01199	0.00600	0.00343	0.01199
73	0.03641	0.01381	0.01883	0.01444	0.02071	0.01193	0.01193	0.03954	0.02322	0.66984	0.03201	0.02762	0.02009	0.01004	0.00816	0.00251	0.00690	0.00816	0.01004	0.01381
