[name]
unknown

[dist]
# distance from previous block
# <min> <max>
0	93

[block]
# block no. 0 follows, 22 sequences, length 9
# corresponding to MSA columns:
# 93-101
name=unknown_A
#
# <colnr> <probs for GDERKNQSTAVLIFYWHMCP>
#	G	D	E	R	K	N	Q	S	T	A	V	L	I	F	Y	W	H	M	C	P
0	0.01101	0.00858	0.01015	0.01069	0.01291	0.00772	0.00837	0.01375	0.01942	0.02466	0.16346	0.14339	0.35571	0.02133	0.01029	0.00307	0.00503	0.15525	0.00793	0.00727
1	0.03070	0.07414	0.02525	0.02013	0.02545	0.39835	0.01585	0.25077	0.02883	0.03202	0.01537	0.01670	0.01195	0.00899	0.00766	0.00225	0.01248	0.00608	0.00571	0.01134
2	0.00988	0.00819	0.00865	0.00901	0.01138	0.00696	0.00657	0.01186	0.01837	0.02221	0.07696	0.19677	0.54068	0.02198	0.00997	0.00291	0.00432	0.01867	0.00771	0.00696
3	0.01269	0.01061	0.01131	0.01076	0.01384	0.01032	0.00818	0.02006	0.16341	0.02732	0.17904	0.06529	0.40025	0.01802	0.00950	0.00277	0.00470	0.01518	0.00815	0.00858
4	0.01959	0.02321	0.08398	0.03701	0.14616	0.02069	0.48864	0.02640	0.01937	0.02668	0.01649	0.02180	0.01257	0.00712	0.00942	0.00273	0.01320	0.00918	0.00414	0.01160
5	0.01770	0.16868	0.54841	0.02190	0.03321	0.02184	0.02760	0.02604	0.01742	0.02504	0.01428	0.01675	0.01055	0.00775	0.00741	0.00247	0.01164	0.00582	0.00352	0.01197
6	0.00982	0.00842	0.00842	0.00842	0.01122	0.00701	0.00631	0.01192	0.01894	0.02244	0.08416	0.07995	0.65285	0.02104	0.00982	0.00281	0.00421	0.01753	0.00771	0.00701
7	0.16233	0.02077	0.03002	0.03598	0.34823	0.05129	0.09681	0.10285	0.02090	0.03188	0.01544	0.01913	0.01232	0.00779	0.00782	0.00252	0.00990	0.00707	0.00486	0.01209
8	0.01737	0.01376	0.01460	0.01331	0.01735	0.01454	0.01030	0.03079	0.34640	0.07212	0.05422	0.05072	0.28026	0.01518	0.00900	0.00280	0.00565	0.01263	0.00828	0.01072

[dist]
# distance from previous block
# <min> <max>
0	1

[block]
# block no. 1 follows, 22 sequences, length 101
# corresponding to MSA columns:
# 103-203
name=unknown_B
#
# <colnr> <probs for GDERKNQSTAVLIFYWHMCP>
#	G	D	E	R	K	N	Q	S	T	A	V	L	I	F	Y	W	H	M	C	P
0	0.03028	0.06357	0.02482	0.02226	0.05241	0.58656	0.01637	0.06527	0.02394	0.02235	0.01330	0.01543	0.01099	0.00853	0.00748	0.00216	0.01421	0.00552	0.00447	0.01007
1	0.03006	0.03348	0.02437	0.05233	0.05227	0.45218	0.01668	0.18512	0.02702	0.02886	0.01486	0.01680	0.01170	0.00887	0.00777	0.00227	0.01310	0.00607	0.00528	0.01091
2	0.01122	0.00824	0.01066	0.01154	0.01307	0.00767	0.00869	0.01398	0.01926	0.02576	0.23378	0.30321	0.14208	0.02200	0.01043	0.00316	0.00503	0.13480	0.00813	0.00729
3	0.02425	0.01835	0.02005	0.01687	0.02166	0.02021	0.01333	0.36226	0.15731	0.04136	0.02892	0.18396	0.02611	0.01404	0.00888	0.00277	0.00759	0.01170	0.00820	0.01218
4	0.02698	0.35580	0.03343	0.01737	0.02363	0.19703	0.01511	0.18719	0.02449	0.02845	0.01411	0.01551	0.01159	0.00824	0.00668	0.00206	0.01053	0.00548	0.00500	0.01131
5	0.01321	0.00863	0.01089	0.01062	0.01256	0.00786	0.00769	0.01594	0.02024	0.07791	0.33787	0.19588	0.14493	0.08238	0.01284	0.00330	0.00478	0.01638	0.00836	0.00774
6	0.01036	0.00827	0.00928	0.00938	0.01164	0.00719	0.00690	0.01284	0.01969	0.02506	0.22447	0.16263	0.42161	0.02070	0.00992	0.00284	0.00422	0.01774	0.00808	0.00719
7	0.02566	0.11834	0.12729	0.01897	0.02500	0.19622	0.01726	0.11300	0.05054	0.10156	0.01784	0.01965	0.01371	0.01309	0.05730	0.00322	0.05799	0.00658	0.00549	0.01131
8	0.02009	0.01943	0.03208	0.04519	0.53014	0.02087	0.02404	0.02440	0.01769	0.02572	0.01469	0.02009	0.01271	0.00882	0.01201	0.00270	0.14560	0.00738	0.00402	0.01235
9	0.01298	0.01203	0.01132	0.01224	0.01378	0.10043	0.00857	0.01467	0.01765	0.02136	0.04971	0.46758	0.18189	0.02247	0.00999	0.00307	0.00611	0.01970	0.00723	0.00721
10	0.01939	0.15561	0.03120	0.30210	0.22064	0.02241	0.02139	0.05653	0.01839	0.02426	0.01449	0.01963	0.01176	0.00818	0.00855	0.00251	0.04121	0.00680	0.00404	0.01092
11	0.01962	0.15904	0.43545	0.02128	0.03118	0.09969	0.02486	0.02808	0.06031	0.02498	0.01535	0.01740	0.01157	0.00806	0.00743	0.00243	0.01161	0.00597	0.00394	0.01174
12	0.01320	0.00937	0.01201	0.01213	0.01373	0.00976	0.00926	0.04270	0.01681	0.02307	0.07528	0.05634	0.07859	0.20130	0.21103	0.00731	0.01135	0.14229	0.04726	0.00720
13	0.01829	0.17088	0.02906	0.48949	0.04694	0.02220	0.02057	0.06609	0.01830	0.02311	0.01443	0.02002	0.01120	0.00816	0.00764	0.00253	0.01045	0.00673	0.00400	0.00990
14	0.02169	0.01817	0.02998	0.04329	0.52922	0.01783	0.02238	0.02619	0.01950	0.10219	0.02314	0.02622	0.06517	0.00883	0.00837	0.00251	0.00908	0.00832	0.00513	0.01278
15	0.01329	0.01069	0.01549	0.01477	0.01598	0.01326	0.01172	0.01607	0.01341	0.01997	0.02022	0.02969	0.01883	0.05037	0.51536	0.01089	0.15467	0.00852	0.03902	0.00776
16	0.02820	0.08088	0.02707	0.02725	0.16032	0.49113	0.01795	0.03097	0.02210	0.02174	0.01335	0.01606	0.01122	0.00821	0.00750	0.00219	0.01348	0.00573	0.00420	0.01046
17	0.02053	0.51058	0.23131	0.01707	0.02574	0.02877	0.01919	0.02531	0.01708	0.02159	0.01256	0.01460	0.01062	0.00734	0.00610	0.00203	0.00991	0.00495	0.00354	0.01115
18	0.03107	0.03841	0.02364	0.02124	0.02569	0.62762	0.01603	0.07636	0.02467	0.02265	0.01336	0.01534	0.01095	0.00866	0.00755	0.00217	0.01456	0.00550	0.00457	0.00996
19	0.01132	0.00899	0.01004	0.00982	0.01217	0.00825	0.00722	0.01523	0.06174	0.02604	0.24607	0.10186	0.36048	0.06925	0.01212	0.00316	0.00459	0.01615	0.00800	0.00752
20	0.01187	0.00890	0.01335	0.01335	0.01483	0.01038	0.01038	0.01483	0.01335	0.01928	0.02225	0.03264	0.02077	0.06231	0.67512	0.01335	0.02225	0.00890	0.00445	0.00742
21	0.01757	0.15311	0.56285	0.02212	0.03355	0.02153	0.02798	0.02607	0.01743	0.02520	0.01436	0.01685	0.01055	0.00776	0.00747	0.00249	0.01172	0.00586	0.00352	0.01201
22	0.01967	0.01926	0.02739	0.03846	0.43730	0.08719	0.02053	0.02406	0.02033	0.02755	0.14281	0.03089	0.02713	0.01000	0.00858	0.00251	0.00915	0.03041	0.00526	0.01152
23	0.01196	0.00809	0.00912	0.00909	0.00931	0.00800	0.00521	0.01223	0.01289	0.01715	0.05597	0.05588	0.06114	0.64627	0.03937	0.00758	0.00770	0.01246	0.00534	0.00525
24	0.08267	0.01582	0.01821	0.01825	0.07735	0.01764	0.01298	0.08461	0.30510	0.03299	0.08598	0.03281	0.05409	0.01861	0.10176	0.00419	0.00894	0.00943	0.00723	0.01132
25	0.03045	0.08684	0.02513	0.02066	0.02537	0.56421	0.01589	0.09122	0.02459	0.02343	0.01345	0.01535	0.01104	0.00859	0.00741	0.00215	0.01396	0.00549	0.00462	0.01015
26	0.02852	0.02344	0.06996	0.01862	0.02533	0.02379	0.01611	0.51607	0.06403	0.04763	0.02456	0.02434	0.05758	0.01063	0.00839	0.00254	0.00892	0.00815	0.00793	0.01347
27	0.01549	0.00774	0.00774	0.00774	0.00968	0.00774	0.00581	0.01936	0.01742	0.03097	0.02710	0.03097	0.02129	0.00968	0.00581	0.00194	0.00387	0.00774	0.75416	0.00774
28	0.02817	0.02150	0.02303	0.01822	0.02443	0.02375	0.01484	0.45444	0.18463	0.04675	0.02305	0.02250	0.01677	0.01009	0.00823	0.00251	0.00836	0.00781	0.00817	0.05275
29	0.02151	0.01705	0.01840	0.01477	0.02039	0.01730	0.01184	0.24891	0.13412	0.03678	0.03545	0.03460	0.15789	0.01178	0.00817	0.00233	0.00690	0.00946	0.00742	0.18493
30	0.01203	0.00824	0.01002	0.01002	0.01035	0.00857	0.00623	0.01269	0.01236	0.01682	0.02530	0.04953	0.02810	0.56425	0.18321	0.00923	0.01122	0.01137	0.00490	0.00556
31	0.01119	0.00847	0.01031	0.00985	0.01206	0.00759	0.00739	0.01457	0.02216	0.03010	0.48424	0.06734	0.24798	0.01818	0.00980	0.00267	0.00400	0.01576	0.00872	0.00759
32	0.01684	0.04193	0.63678	0.02490	0.06369	0.01931	0.03046	0.02627	0.01760	0.02635	0.01494	0.01767	0.01064	0.00787	0.00791	0.00262	0.01217	0.00620	0.00353	0.01232
33	0.02056	0.01974	0.03372	0.05099	0.65622	0.01974	0.02550	0.02550	0.01892	0.02714	0.01563	0.02056	0.01316	0.00740	0.00822	0.00247	0.00987	0.00740	0.00411	0.01316
34	0.01006	0.00747	0.00940	0.01094	0.01188	0.00680	0.00743	0.01164	0.01651	0.02145	0.05341	0.57887	0.17377	0.02504	0.01045	0.00326	0.00470	0.02241	0.00771	0.00680
35	0.01193	0.00865	0.01211	0.01211	0.01316	0.00971	0.00883	0.01404	0.01298	0.01836	0.02339	0.03894	0.02351	0.24977	0.49140	0.01181	0.01813	0.00982	0.00462	0.00673
36	0.02018	0.01742	0.01832	0.01653	0.02114	0.02005	0.01284	0.04270	0.61339	0.03420	0.03606	0.03318	0.05341	0.01171	0.00851	0.00282	0.00647	0.00976	0.00842	0.01287
37	0.01666	0.04297	0.66500	0.02368	0.03596	0.01929	0.03069	0.02631	0.01754	0.02631	0.01491	0.01754	0.01052	0.00789	0.00789	0.00263	0.01228	0.00614	0.00351	0.01228
38	0.02272	0.02217	0.01973	0.01780	0.02241	0.15065	0.01373	0.04196	0.51846	0.03189	0.02964	0.02781	0.02245	0.01073	0.00826	0.00268	0.00825	0.00859	0.00762	0.01245
39	0.01182	0.00852	0.01127	0.01127	0.01224	0.00921	0.00793	0.01352	0.01321	0.01820	0.02804	0.04469	0.06736	0.32268	0.37222	0.01048	0.01525	0.01078	0.00491	0.00642
40	0.01012	0.00723	0.00964	0.01157	0.01205	0.00675	0.00771	0.01157	0.01591	0.02121	0.04579	0.70262	0.05495	0.02603	0.01060	0.00337	0.00482	0.02362	0.00771	0.00675
41	0.17325	0.34003	0.03035	0.01606	0.02180	0.25352	0.01382	0.02767	0.01865	0.02334	0.01200	0.01394	0.01034	0.00773	0.00605	0.00206	0.01052	0.00477	0.00412	0.00997
42	0.01037	0.00889	0.00962	0.01031	0.03830	0.00759	0.00719	0.01269	0.01917	0.02321	0.11091	0.07653	0.59608	0.02026	0.00975	0.00278	0.00443	0.01698	0.00764	0.00731
43	0.02396	0.57920	0.03956	0.01564	0.02219	0.16043	0.01458	0.02652	0.01820	0.01970	0.01181	0.01366	0.01067	0.00740	0.00576	0.00185	0.01010	0.00462	0.00370	0.01046
44	0.02056	0.01974	0.03372	0.05099	0.65622	0.01974	0.02550	0.02550	0.01892	0.02714	0.01563	0.02056	0.01316	0.00740	0.00822	0.00247	0.00987	0.00740	0.00411	0.01316
45	0.03158	0.02327	0.02493	0.01911	0.02576	0.02576	0.01579	0.62852	0.03906	0.05236	0.01995	0.01995	0.01413	0.00997	0.00831	0.00249	0.00914	0.00748	0.00831	0.01413
46	0.01005	0.00749	0.00937	0.01087	0.01186	0.00681	0.00740	0.01165	0.01658	0.02148	0.05433	0.56396	0.18809	0.02492	0.01043	0.00325	0.00468	0.02226	0.00771	0.00681
47	0.01801	0.01334	0.01616	0.01645	0.06075	0.01378	0.01215	0.05059	0.20850	0.08528	0.11677	0.05493	0.15108	0.01570	0.00944	0.00293	0.00640	0.12923	0.00810	0.01041
48	0.01401	0.01576	0.08298	0.02081	0.02512	0.01284	0.22460	0.01814	0.01734	0.02355	0.03291	0.40397	0.03619	0.01777	0.01008	0.00311	0.00869	0.01723	0.00611	0.00880
49	0.01004	0.00753	0.00933	0.01076	0.01184	0.00682	0.00735	0.01166	0.01668	0.02152	0.05564	0.54281	0.20840	0.02475	0.01040	0.00323	0.00466	0.02206	0.00771	0.00682
50	0.03103	0.03959	0.02354	0.02140	0.02568	0.67469	0.01605	0.03317	0.02354	0.02033	0.01284	0.01498	0.01070	0.00856	0.00749	0.00214	0.01498	0.00535	0.00428	0.00963
51	0.01717	0.10432	0.60810	0.02281	0.03462	0.02054	0.02919	0.02618	0.01748	0.02569	0.01460	0.01715	0.01054	0.00782	0.00766	0.00255	0.01197	0.00598	0.00351	0.01213
52	0.01012	0.00723	0.00964	0.01157	0.01205	0.00675	0.00771	0.01157	0.01591	0.02121	0.04579	0.70262	0.05495	0.02603	0.01060	0.00337	0.00482	0.02362	0.00771	0.00675
53	0.01012	0.00723	0.00964	0.01157	0.01205	0.00675	0.00771	0.01157	0.01591	0.02121	0.04579	0.70262	0.05495	0.02603	0.01060	0.00337	0.00482	0.02362	0.00771	0.00675
54	0.01000	0.00842	0.00866	0.00860	0.01133	0.00709	0.00645	0.01227	0.01935	0.02344	0.13613	0.07831	0.60026	0.02067	0.00982	0.00279	0.00418	0.01730	0.00785	0.00709
55	0.02011	0.01928	0.03291	0.10932	0.60138	0.01962	0.02527	0.02510	0.01871	0.02660	0.01555	0.02071	0.01297	0.00748	0.00823	0.00249	0.00998	0.00740	0.00407	0.01280
56	0.01666	0.04297	0.66500	0.02368	0.03596	0.01929	0.03069	0.02631	0.01754	0.02631	0.01491	0.01754	0.01052	0.00789	0.00789	0.00263	0.01228	0.00614	0.00351	0.01228
57	0.01157	0.00848	0.01084	0.01025	0.01229	0.00776	0.00769	0.01531	0.02306	0.03224	0.59559	0.06383	0.13530	0.01739	0.00980	0.00263	0.00395	0.01527	0.00900	0.00776
58	0.02056	0.01974	0.03372	0.05099	0.65622	0.01974	0.02550	0.02550	0.01892	0.02714	0.01563	0.02056	0.01316	0.00740	0.00822	0.00247	0.00987	0.00740	0.00411	0.01316
59	0.01298	0.01054	0.01549	0.01485	0.01607	0.01304	0.01176	0.01575	0.01324	0.01941	0.02025	0.03008	0.01903	0.05387	0.56071	0.01164	0.14068	0.00861	0.00431	0.00771
60	0.01036	0.00740	0.00991	0.01184	0.01242	0.00695	0.00812	0.01198	0.01614	0.02147	0.04566	0.65845	0.05443	0.02580	0.01067	0.00341	0.00503	0.06545	0.00771	0.00681
61	0.01012	0.00723	0.00964	0.01157	0.01205	0.00675	0.00771	0.01157	0.01591	0.02121	0.04579	0.70262	0.05495	0.02603	0.01060	0.00337	0.00482	0.02362	0.00771	0.00675
62	0.01134	0.00877	0.01314	0.01327	0.01439	0.00829	0.06384	0.01304	0.01556	0.02079	0.03964	0.52473	0.04666	0.14592	0.01618	0.00416	0.00624	0.02029	0.00691	0.00685
63	0.02243	0.02082	0.02030	0.01798	0.02239	0.09910	0.01407	0.08043	0.47687	0.03305	0.02855	0.02732	0.02170	0.01112	0.00983	0.00278	0.06260	0.00861	0.00756	0.01247
64	0.02580	0.02968	0.02862	0.03617	0.34049	0.34770	0.02077	0.02934	0.02123	0.02373	0.01423	0.01777	0.01193	0.00798	0.00786	0.00230	0.01243	0.00637	0.00420	0.01139
65	0.03125	0.03318	0.02409	0.02050	0.02571	0.41972	0.01595	0.26709	0.02964	0.03291	0.01563	0.01693	0.01205	0.00912	0.00781	0.00228	0.01269	0.00619	0.00586	0.01140
66	0.02224	0.39349	0.22023	0.01830	0.02638	0.14809	0.01934	0.02683	0.01831	0.02165	0.01276	0.01486	0.01063	0.00761	0.00648	0.00209	0.01100	0.00510	0.00368	0.01094
67	0.01185	0.00863	0.01018	0.01062	0.01291	0.00768	0.00814	0.01430	0.01896	0.05208	0.11469	0.20216	0.35926	0.02153	0.01018	0.00306	0.00500	0.11339	0.00794	0.00745
68	0.00991	0.00842	0.00854	0.00851	0.01128	0.00705	0.00638	0.01209	0.01914	0.02294	0.10999	0.07914	0.62671	0.02085	0.00982	0.00280	0.00419	0.01742	0.00778	0.00705
69	0.02919	0.02208	0.02359	0.01863	0.02485	0.02465	0.01521	0.50086	0.17061	0.04851	0.02297	0.02236	0.01658	0.01026	0.00834	0.00256	0.00858	0.00790	0.00834	0.01391
70	0.01871	0.21257	0.44685	0.02107	0.03105	0.04792	0.02524	0.02586	0.01733	0.02401	0.01375	0.01640	0.01059	0.00808	0.00829	0.00245	0.04894	0.00574	0.00356	0.01159
71	0.01959	0.02177	0.18614	0.02475	0.17546	0.01547	0.01905	0.06480	0.02026	0.11306	0.05910	0.06132	0.10691	0.01520	0.05694	0.00341	0.00968	0.00977	0.00598	0.01134
72	0.16473	0.02395	0.02192	0.06299	0.02577	0.15193	0.01483	0.31529	0.02878	0.08655	0.01761	0.01855	0.01279	0.00919	0.00757	0.00246	0.00978	0.00657	0.00677	0.01197
73	0.01860	0.01846	0.03357	0.27898	0.31708	0.01953	0.14397	0.02417	0.01822	0.02489	0.01555	0.02150	0.01229	0.00765	0.00857	0.00264	0.01113	0.00787	0.00398	0.01134
74	0.01729	0.02035	0.10525	0.01490	0.01897	0.15789	0.01299	0.02089	0.02055	0.05206	0.17080	0.13617	0.16092	0.01586	0.00915	0.00271	0.00804	0.03964	0.00677	0.00881
75	0.02674	0.16703	0.03016	0.02708	0.18067	0.32585	0.01800	0.08413	0.02250	0.02479	0.01392	0.01649	0.01161	0.00811	0.00732	0.00218	0.01197	0.00587	0.00446	0.01112
76	0.01666	0.04297	0.66500	0.02368	0.03596	0.01929	0.03069	0.02631	0.01754	0.02631	0.01491	0.01754	0.01052	0.00789	0.00789	0.00263	0.01228	0.00614	0.00351	0.01228
77	0.01866	0.03621	0.48892	0.02927	0.17327	0.01900	0.02852	0.02691	0.01819	0.06145	0.01605	0.01880	0.01166	0.00791	0.00799	0.00259	0.01145	0.00654	0.00401	0.01258
78	0.02701	0.06701	0.08541	0.05130	0.05739	0.45657	0.04098	0.03178	0.06378	0.02242	0.01475	0.01707	0.01188	0.00849	0.00765	0.00228	0.01344	0.00601	0.00442	0.01037
79	0.01208	0.00805	0.00906	0.00906	0.00906	0.00805	0.00503	0.01208	0.01208	0.01611	0.02618	0.05436	0.03020	0.70804	0.04228	0.00805	0.00805	0.01208	0.00503	0.00503
80	0.01912	0.01827	0.03112	0.23908	0.47938	0.01936	0.02478	0.02423	0.01824	0.02539	0.01537	0.02103	0.01254	0.00767	0.00825	0.00256	0.01022	0.00740	0.00399	0.01200
81	0.01959	0.01875	0.03197	0.17761	0.53717	0.01948	0.02501	0.02465	0.01846	0.02596	0.01546	0.02088	0.01274	0.00758	0.00824	0.00253	0.01011	0.00740	0.00403	0.01238
82	0.02714	0.19695	0.02876	0.01950	0.02409	0.36242	0.01588	0.08962	0.02198	0.02334	0.01298	0.01554	0.01107	0.00920	0.00986	0.00230	0.10907	0.00562	0.00442	0.01026
83	0.01012	0.00723	0.00964	0.01157	0.01205	0.00675	0.00771	0.01157	0.01591	0.02121	0.04579	0.70262	0.05495	0.02603	0.01060	0.00337	0.00482	0.02362	0.00771	0.00675
84	0.01163	0.00849	0.01092	0.01031	0.01233	0.00778	0.00774	0.01542	0.02321	0.03258	0.61345	0.06327	0.11723	0.01726	0.00980	0.00263	0.00394	0.01519	0.00905	0.00778
85	0.02417	0.56308	0.03908	0.01582	0.02229	0.17580	0.01462	0.02672	0.01836	0.01972	0.01184	0.01369	0.01067	0.00743	0.00581	0.00186	0.01024	0.00464	0.00372	0.01043
86	0.02200	0.02247	0.03232	0.04693	0.56959	0.10972	0.02420	0.02655	0.01955	0.02620	0.01524	0.01979	0.01282	0.00756	0.00812	0.00242	0.01057	0.00712	0.00414	0.01267
87	0.01012	0.00723	0.00964	0.01157	0.01205	0.00675	0.00771	0.01157	0.01591	0.02121	0.04579	0.70262	0.05495	0.02603	0.01060	0.00337	0.00482	0.02362	0.00771	0.00675
88	0.01187	0.00890	0.01335	0.01335	0.01483	0.01038	0.01038	0.01483	0.01335	0.01928	0.02225	0.03264	0.02077	0.06231	0.67512	0.01335	0.02225	0.00890	0.00445	0.00742
89	0.01874	0.29415	0.43204	0.02013	0.03047	0.02438	0.02452	0.02577	0.01729	0.02377	0.01365	0.01596	0.01058	0.00760	0.00693	0.00231	0.01101	0.00550	0.00353	0.01167
90	0.01666	0.04297	0.66500	0.02368	0.03596	0.01929	0.03069	0.02631	0.01754	0.02631	0.01491	0.01754	0.01052	0.00789	0.00789	0.00263	0.01228	0.00614	0.00351	0.01228
91	0.01208	0.00805	0.00906	0.00906	0.00906	0.00805	0.00503	0.01208	0.01208	0.01611	0.02618	0.05436	0.03020	0.70804	0.04228	0.00805	0.00805	0.01208	0.00503	0.00503
92	0.01012	0.00723	0.00964	0.01157	0.01205	0.00675	0.00771	0.01157	0.01591	0.02121	0.04579	0.70262	0.05495	0.02603	0.01060	0.00337	0.00482	0.02362	0.00771	0.00675
93	0.01950	0.02210	0.04731	0.03406	0.04185	0.02133	0.58195	0.02613	0.01911	0.02613	0.01638	0.02210	0.01248	0.00755	0.01107	0.00286	0.06325	0.00962	0.00416	0.01105
94	0.01963	0.02169	0.04498	0.03619	0.12757	0.02119	0.49288	0.02592	0.01896	0.02615	0.01617	0.02181	0.01255	0.00767	0.01099	0.00282	0.06814	0.00926	0.00414	0.01131
95	0.01666	0.04297	0.66500	0.02368	0.03596	0.01929	0.03069	0.02631	0.01754	0.02631	0.01491	0.01754	0.01052	0.00789	0.00789	0.00263	0.01228	0.00614	0.00351	0.01228
96	0.01990	0.01988	0.03632	0.10576	0.46492	0.01990	0.15901	0.02535	0.01886	0.02648	0.01581	0.02112	0.01284	0.00740	0.00858	0.00257	0.01090	0.00794	0.00409	0.01236
97	0.02374	0.01834	0.02259	0.07881	0.11188	0.01991	0.01587	0.35092	0.02901	0.03902	0.02490	0.17840	0.02319	0.01320	0.00883	0.00272	0.00840	0.01120	0.00720	0.01187
98	0.01697	0.07982	0.63083	0.02316	0.03515	0.02004	0.02979	0.02623	0.01750	0.02594	0.01472	0.01731	0.01053	0.00785	0.00775	0.00258	0.01209	0.00605	0.00351	0.01219
99	0.18675	0.02327	0.11685	0.03661	0.39206	0.05545	0.02203	0.02579	0.01791	0.02891	0.01447	0.01826	0.01173	0.00760	0.00745	0.00250	0.00972	0.00647	0.00427	0.01191
100	0.05426	0.60182	0.04056	0.01708	0.06736	0.06104	0.01490	0.02529	0.01722	0.02089	0.01191	0.01393	0.01077	0.00722	0.00563	0.00188	0.00913	0.00470	0.00370	0.01072

[dist]
# distance from previous block
# <min> <max>
0	2

[block]
# block no. 2 follows, 22 sequences, length 42
# corresponding to MSA columns:
# 206-247
name=unknown_C
#
# <colnr> <probs for GDERKNQSTAVLIFYWHMCP>
#	G	D	E	R	K	N	Q	S	T	A	V	L	I	F	Y	W	H	M	C	P
0	0.01727	0.03871	0.53729	0.02603	0.03750	0.01965	0.15413	0.02637	0.01797	0.02637	0.01530	0.01855	0.01096	0.00771	0.00829	0.00267	0.01264	0.00690	0.00365	0.01206
1	0.02616	0.07610	0.02626	0.16028	0.10246	0.42570	0.01842	0.02934	0.02118	0.02123	0.01346	0.01696	0.01105	0.00828	0.00760	0.00228	0.01322	0.00594	0.00409	0.01001
2	0.17458	0.01688	0.01646	0.01421	0.01907	0.04671	0.01130	0.11803	0.19860	0.10545	0.03662	0.03493	0.14927	0.01215	0.00798	0.00266	0.00686	0.00950	0.00762	0.01113
3	0.01022	0.00730	0.00973	0.01150	0.01207	0.00681	0.00772	0.01181	0.01636	0.02192	0.08162	0.66474	0.05633	0.02549	0.01056	0.00333	0.00477	0.02311	0.00780	0.00681
4	0.01012	0.00723	0.00964	0.01157	0.01205	0.00675	0.00771	0.01157	0.01591	0.02121	0.04579	0.70262	0.05495	0.02603	0.01060	0.00337	0.00482	0.02362	0.00771	0.00675
5	0.01210	0.00883	0.01299	0.01299	0.01450	0.01021	0.01009	0.01513	0.01362	0.02004	0.02257	0.03253	0.02080	0.05888	0.63160	0.01261	0.02106	0.00883	0.05320	0.00744
6	0.01162	0.00813	0.00893	0.00893	0.00950	0.00784	0.00529	0.01205	0.01348	0.01740	0.03801	0.05958	0.15725	0.56787	0.03566	0.00698	0.00727	0.01319	0.00558	0.00544
7	0.03103	0.03959	0.02354	0.02140	0.02568	0.67469	0.01605	0.03317	0.02354	0.02033	0.01284	0.01498	0.01070	0.00856	0.00749	0.00214	0.01498	0.00535	0.00428	0.00963
8	0.02056	0.01974	0.03372	0.05099	0.65622	0.01974	0.02550	0.02550	0.01892	0.02714	0.01563	0.02056	0.01316	0.00740	0.00822	0.00247	0.00987	0.00740	0.00411	0.01316
9	0.00982	0.00842	0.00842	0.00842	0.01122	0.00701	0.00631	0.01192	0.01894	0.02244	0.08416	0.07995	0.65285	0.02104	0.00982	0.00281	0.00421	0.01753	0.00771	0.00701
10	0.02923	0.17700	0.02762	0.01994	0.02479	0.54374	0.01568	0.03148	0.02218	0.02017	0.01258	0.01464	0.01069	0.00826	0.00705	0.00207	0.01374	0.00517	0.00413	0.00984
11	0.01339	0.00956	0.01339	0.01530	0.01721	0.00956	0.01339	0.01721	0.01912	0.02486	0.04399	0.09371	0.04781	0.02295	0.01147	0.00382	0.00765	0.60031	0.00765	0.00765
12	0.03580	0.01447	0.01923	0.01497	0.02124	0.01296	0.01229	0.04081	0.07870	0.60618	0.03287	0.02852	0.02099	0.01037	0.00836	0.00259	0.00702	0.00845	0.01012	0.01405
13	0.02056	0.02192	0.02087	0.01866	0.02139	0.23540	0.04156	0.05109	0.01813	0.02163	0.01691	0.02334	0.01512	0.03166	0.28568	0.00705	0.12826	0.00743	0.00443	0.00891
14	0.02056	0.01974	0.03372	0.05099	0.65622	0.01974	0.02550	0.02550	0.01892	0.02714	0.01563	0.02056	0.01316	0.00740	0.00822	0.00247	0.00987	0.00740	0.00411	0.01316
15	0.01068	0.00746	0.00947	0.01085	0.01120	0.00712	0.00695	0.01171	0.01481	0.01975	0.04019	0.51772	0.04789	0.22056	0.01964	0.00471	0.00574	0.02033	0.00695	0.00626
16	0.01569	0.01477	0.02492	0.68808	0.05722	0.01846	0.02307	0.02123	0.01661	0.02123	0.01477	0.02215	0.01107	0.00831	0.00831	0.00277	0.01107	0.00738	0.00369	0.00923
17	0.02157	0.02115	0.05981	0.07935	0.32396	0.02084	0.11926	0.11694	0.09546	0.03127	0.01852	0.02197	0.01441	0.00826	0.00851	0.00259	0.01022	0.00798	0.00521	0.01270
18	0.01149	0.00817	0.00903	0.00899	0.00982	0.00778	0.00554	0.01227	0.01454	0.01881	0.08091	0.06130	0.19014	0.49066	0.03202	0.00638	0.00682	0.01364	0.00597	0.00571
19	0.01044	0.00766	0.00925	0.01035	0.01126	0.00707	0.00686	0.01175	0.01583	0.02047	0.05059	0.43145	0.18591	0.16127	0.01676	0.00418	0.00533	0.01993	0.00718	0.00647
20	0.02534	0.37846	0.03301	0.01725	0.02278	0.30725	0.01476	0.02780	0.01952	0.01987	0.01279	0.01528	0.01133	0.01127	0.04922	0.00268	0.01236	0.00512	0.00392	0.01001
21	0.01010	0.00731	0.00956	0.01136	0.01200	0.00676	0.00762	0.01159	0.01610	0.02129	0.04828	0.66213	0.09383	0.02570	0.01055	0.00334	0.00478	0.02322	0.00771	0.00676
22	0.01614	0.01389	0.01574	0.01488	0.01723	0.08645	0.01160	0.08315	0.01727	0.02297	0.02095	0.02929	0.01892	0.05064	0.52835	0.01092	0.02002	0.00835	0.00485	0.00839
23	0.03158	0.02327	0.02493	0.01911	0.02576	0.02576	0.01579	0.62852	0.03906	0.05236	0.01995	0.01995	0.01413	0.00997	0.00831	0.00249	0.00914	0.00748	0.00831	0.01413
24	0.01635	0.00984	0.01184	0.01126	0.01458	0.00866	0.00907	0.01915	0.02025	0.15617	0.09888	0.07099	0.36434	0.01896	0.00985	0.00295	0.00549	0.13439	0.00832	0.00867
25	0.05251	0.39890	0.16267	0.01582	0.02273	0.02480	0.01655	0.02307	0.01616	0.02167	0.01445	0.01820	0.01265	0.01874	0.14471	0.00439	0.01224	0.00572	0.00380	0.01024
26	0.02074	0.35294	0.10913	0.02008	0.02753	0.02640	0.14068	0.02939	0.14695	0.02490	0.01761	0.01931	0.01409	0.00804	0.00718	0.00230	0.00983	0.00675	0.00470	0.01147
27	0.01667	0.01422	0.01658	0.01205	0.01900	0.01076	0.00960	0.02030	0.01758	0.02714	0.04556	0.02191	0.04310	0.00727	0.00647	0.00136	0.00597	0.00591	0.00523	0.69333
28	0.01666	0.04297	0.66500	0.02368	0.03596	0.01929	0.03069	0.02631	0.01754	0.02631	0.01491	0.01754	0.01052	0.00789	0.00789	0.00263	0.01228	0.00614	0.00351	0.01228
29	0.03603	0.01386	0.01888	0.01457	0.02078	0.01200	0.01200	0.03927	0.02376	0.63127	0.06301	0.02993	0.02339	0.01061	0.00842	0.00257	0.00692	0.00868	0.01023	0.01383
30	0.02294	0.02503	0.02972	0.02417	0.02756	0.19302	0.14145	0.07643	0.01917	0.02418	0.01338	0.01836	0.01147	0.01106	0.01696	0.00298	0.32041	0.00731	0.00432	0.01009
31	0.01728	0.11802	0.59539	0.02262	0.03432	0.02081	0.02885	0.02615	0.01747	0.02555	0.01453	0.01707	0.01054	0.00780	0.00761	0.00254	0.01190	0.00595	0.00351	0.01210
32	0.00982	0.00842	0.00842	0.00842	0.01122	0.00701	0.00631	0.01192	0.01894	0.02244	0.08416	0.07995	0.65285	0.02104	0.00982	0.00281	0.00421	0.01753	0.00771	0.00701
33	0.00982	0.00842	0.00842	0.00842	0.01122	0.00701	0.00631	0.01192	0.01894	0.02244	0.08416	0.07995	0.65285	0.02104	0.00982	0.00281	0.00421	0.01753	0.00771	0.00701
34	0.01011	0.00729	0.00958	0.01141	0.01201	0.00676	0.00764	0.01158	0.01605	0.02127	0.04765	0.67244	0.08393	0.02578	0.01057	0.00335	0.00479	0.02332	0.00771	0.00676
35	0.03158	0.02327	0.02493	0.01911	0.02576	0.02576	0.01579	0.62852	0.03906	0.05236	0.01995	0.01995	0.01413	0.00997	0.00831	0.00249	0.00914	0.00748	0.00831	0.01413
36	0.01012	0.00723	0.00964	0.01157	0.01205	0.00675	0.00771	0.01157	0.01591	0.02121	0.04579	0.70262	0.05495	0.02603	0.01060	0.00337	0.00482	0.02362	0.00771	0.00675
37	0.00982	0.00842	0.00842	0.00842	0.01122	0.00701	0.00631	0.01192	0.01894	0.02244	0.08416	0.07995	0.65285	0.02104	0.00982	0.00281	0.00421	0.01753	0.00771	0.00701
38	0.01961	0.02241	0.04902	0.03501	0.04342	0.02101	0.62605	0.02661	0.01961	0.02661	0.01681	0.02241	0.01261	0.00700	0.00980	0.00280	0.01401	0.00980	0.00420	0.01120
39	0.01068	0.00897	0.00939	0.00949	0.01230	0.00790	0.00733	0.01396	0.04813	0.02326	0.07783	0.07901	0.56372	0.02077	0.00992	0.00291	0.00466	0.07467	0.00774	0.00736
40	0.02221	0.71304	0.04353	0.01421	0.02132	0.03287	0.01421	0.02488	0.01688	0.01955	0.01155	0.01333	0.01066	0.00711	0.00533	0.00178	0.00888	0.00444	0.00355	0.01066
41	0.02167	0.07776	0.02078	0.01591	0.02130	0.01983	0.01274	0.03920	0.45794	0.08215	0.02935	0.02748	0.02203	0.01017	0.00788	0.00250	0.00676	0.00831	0.00772	0.10852

[dist]
# distance from previous block
# <min> <max>
0	1

[block]
# block no. 3 follows, 22 sequences, length 41
# corresponding to MSA columns:
# 249-289
name=unknown_D
#
# <colnr> <probs for GDERKNQSTAVLIFYWHMCP>
#	G	D	E	R	K	N	Q	S	T	A	V	L	I	F	Y	W	H	M	C	P
0	0.03158	0.02327	0.02493	0.01911	0.02576	0.02576	0.01579	0.62852	0.03906	0.05236	0.01995	0.01995	0.01413	0.00997	0.00831	0.00249	0.00914	0.00748	0.00831	0.01413
1	0.02161	0.02173	0.03270	0.04802	0.59287	0.08554	0.02455	0.02627	0.01938	0.02646	0.01535	0.02000	0.01291	0.00752	0.00815	0.00243	0.01038	0.00720	0.00413	0.01280
2	0.01000	0.00842	0.00867	0.00861	0.01133	0.00709	0.00646	0.01228	0.01937	0.02348	0.13826	0.07824	0.59810	0.02065	0.00982	0.00279	0.00418	0.01729	0.00785	0.00709
3	0.01892	0.01837	0.02045	0.05540	0.16009	0.10065	0.01510	0.02899	0.22655	0.02705	0.03600	0.03654	0.15065	0.01518	0.05045	0.00331	0.00908	0.01001	0.00633	0.01087
4	0.01050	0.00844	0.00936	0.00913	0.01164	0.00730	0.00685	0.01324	0.02054	0.02626	0.28334	0.07367	0.45129	0.01962	0.00981	0.00274	0.00411	0.01665	0.00822	0.00730
5	0.02500	0.50038	0.03722	0.01648	0.02270	0.23554	0.01479	0.02750	0.01898	0.01979	0.01196	0.01385	0.01067	0.00757	0.00601	0.00189	0.01081	0.00473	0.00378	0.01034
6	0.01627	0.01551	0.02311	0.01997	0.02097	0.02041	0.05392	0.01878	0.01335	0.02019	0.01486	0.02301	0.01413	0.02915	0.23074	0.00665	0.43842	0.00794	0.00393	0.00869
7	0.01807	0.01711	0.02785	0.04111	0.50656	0.01679	0.02104	0.02235	0.01892	0.02605	0.03153	0.03434	0.16159	0.01057	0.00859	0.00255	0.00856	0.00975	0.00495	0.01173
8	0.03312	0.02079	0.02340	0.01794	0.02453	0.02209	0.01482	0.46916	0.03492	0.21757	0.02342	0.02220	0.01587	0.01006	0.00832	0.00251	0.00858	0.00772	0.00884	0.01413
9	0.01042	0.00844	0.00925	0.00905	0.01159	0.00727	0.00679	0.01309	0.02036	0.02583	0.26111	0.07437	0.47379	0.01978	0.00981	0.00275	0.00412	0.01675	0.00816	0.00727
10	0.01468	0.01412	0.01242	0.01321	0.01453	0.14615	0.00910	0.01614	0.01722	0.02053	0.03849	0.46259	0.06915	0.09530	0.01332	0.00359	0.00726	0.01831	0.00671	0.00718
11	0.02300	0.02424	0.03051	0.04219	0.47385	0.17177	0.02260	0.02834	0.05535	0.02599	0.01601	0.01986	0.01328	0.00789	0.00807	0.00241	0.01087	0.00704	0.00440	0.01234
12	0.03062	0.03699	0.02415	0.02250	0.05419	0.57744	0.01645	0.09489	0.02495	0.02398	0.01371	0.01575	0.01117	0.00866	0.00761	0.00219	0.01414	0.00567	0.00469	0.01026
13	0.01208	0.00805	0.00906	0.00906	0.00906	0.00805	0.00503	0.01208	0.01208	0.01611	0.02618	0.05436	0.03020	0.70804	0.04228	0.00805	0.00805	0.01208	0.00503	0.00503
14	0.02007	0.47817	0.18493	0.01674	0.02433	0.02793	0.01800	0.02433	0.01660	0.02112	0.01297	0.01576	0.01128	0.01113	0.04913	0.00280	0.04510	0.00526	0.00360	0.01075
15	0.01590	0.14444	0.07560	0.01860	0.08669	0.04968	0.01430	0.01914	0.01621	0.02138	0.02558	0.16673	0.05099	0.02750	0.19440	0.00562	0.04234	0.01088	0.00495	0.00907
16	0.01001	0.00841	0.00873	0.00892	0.01157	0.00713	0.00674	0.01217	0.01879	0.02250	0.08019	0.11213	0.59210	0.02139	0.00994	0.00289	0.00441	0.04723	0.00771	0.00703
17	0.01012	0.00723	0.00964	0.01157	0.01205	0.00675	0.00771	0.01157	0.01591	0.02121	0.04579	0.70262	0.05495	0.02603	0.01060	0.00337	0.00482	0.02362	0.00771	0.00675
18	0.02816	0.03328	0.02643	0.02947	0.20010	0.46079	0.01865	0.06108	0.02304	0.02383	0.01397	0.01678	0.01155	0.00831	0.00773	0.00225	0.01327	0.00603	0.00444	0.01083
19	0.03158	0.02327	0.02493	0.01911	0.02576	0.02576	0.01579	0.62852	0.03906	0.05236	0.01995	0.01995	0.01413	0.00997	0.00831	0.00249	0.00914	0.00748	0.00831	0.01413
20	0.02360	0.01989	0.02697	0.02554	0.15725	0.01983	0.08153	0.24503	0.06066	0.03667	0.01811	0.02024	0.01391	0.00818	0.00789	0.00221	0.00888	0.00714	0.00611	0.21036
21	0.02372	0.18588	0.03330	0.03461	0.34162	0.19654	0.02037	0.02739	0.01967	0.02357	0.01394	0.01740	0.01193	0.00764	0.00736	0.00222	0.01100	0.00617	0.00403	0.01164
22	0.01723	0.01477	0.01723	0.01230	0.01969	0.01107	0.00984	0.02092	0.01723	0.02707	0.01477	0.01723	0.01230	0.00615	0.00615	0.00123	0.00615	0.00492	0.00492	0.75883
23	0.01355	0.01138	0.01658	0.01561	0.01670	0.01441	0.01247	0.01621	0.01318	0.01947	0.01922	0.02877	0.01813	0.04955	0.50206	0.01076	0.20138	0.00847	0.00423	0.00786
24	0.01613	0.01261	0.01381	0.01245	0.01589	0.01280	0.00959	0.14525	0.10349	0.03211	0.16406	0.12465	0.26996	0.01727	0.00941	0.00277	0.00555	0.01459	0.00819	0.00941
25	0.01075	0.00766	0.00950	0.01054	0.01122	0.00721	0.00689	0.01208	0.01580	0.02098	0.09473	0.42331	0.10283	0.20479	0.01883	0.00450	0.00554	0.01932	0.00713	0.00641
26	0.01012	0.00723	0.00964	0.01157	0.01205	0.00675	0.00771	0.01157	0.01591	0.02121	0.04579	0.70262	0.05495	0.02603	0.01060	0.00337	0.00482	0.02362	0.00771	0.00675
27	0.01955	0.01870	0.03188	0.18381	0.53134	0.01947	0.02499	0.02461	0.01844	0.02591	0.01545	0.02089	0.01272	0.00759	0.00824	0.00253	0.01012	0.00740	0.00402	0.01234
28	0.02458	0.18354	0.07332	0.05063	0.02960	0.06054	0.14324	0.16159	0.05120	0.08366	0.01785	0.01965	0.01341	0.00831	0.00777	0.00236	0.01029	0.00709	0.00563	0.04574
29	0.01202	0.00830	0.01033	0.01033	0.01076	0.00874	0.00661	0.01289	0.01246	0.01704	0.02502	0.04796	0.02742	0.51762	0.22890	0.00962	0.01224	0.01114	0.00486	0.00574
30	0.01206	0.00808	0.00918	0.00914	0.00925	0.00804	0.00519	0.01229	0.01273	0.01709	0.06173	0.05480	0.03294	0.66878	0.04044	0.00774	0.00782	0.01225	0.00527	0.00519
31	0.02101	0.01856	0.01923	0.08925	0.05964	0.09494	0.01373	0.21011	0.05724	0.03280	0.06960	0.04059	0.21229	0.01327	0.00875	0.00260	0.00819	0.01075	0.00696	0.01048
32	0.76672	0.01607	0.01221	0.01092	0.01607	0.01864	0.00900	0.02442	0.01414	0.03727	0.01157	0.01350	0.00900	0.00771	0.00514	0.00257	0.00643	0.00450	0.00514	0.00900
33	0.08921	0.30227	0.03069	0.01738	0.02316	0.28200	0.01470	0.10580	0.02211	0.02556	0.01314	0.01484	0.01098	0.00810	0.00654	0.00208	0.01110	0.00519	0.00458	0.01056
34	0.01666	0.04297	0.66500	0.02368	0.03596	0.01929	0.03069	0.02631	0.01754	0.02631	0.01491	0.01754	0.01052	0.00789	0.00789	0.00263	0.01228	0.00614	0.00351	0.01228
35	0.02119	0.13285	0.34821	0.02319	0.03250	0.14064	0.10293	0.05789	0.01990	0.02563	0.01456	0.01724	0.01103	0.00789	0.00773	0.00244	0.01236	0.00631	0.00399	0.01152
36	0.01079	0.00845	0.00977	0.00944	0.01182	0.00743	0.00708	0.01381	0.02124	0.02791	0.36951	0.07095	0.36409	0.01900	0.00981	0.00271	0.00406	0.01627	0.00843	0.00743
37	0.00996	0.00829	0.00870	0.00887	0.01138	0.00703	0.00655	0.01209	0.01887	0.02292	0.11177	0.14572	0.55663	0.02135	0.00990	0.00286	0.00426	0.01804	0.00779	0.00703
38	0.03103	0.03959	0.02354	0.02140	0.02568	0.67469	0.01605	0.03317	0.02354	0.02033	0.01284	0.01498	0.01070	0.00856	0.00749	0.00214	0.01498	0.00535	0.00428	0.00963
39	0.01799	0.30799	0.26051	0.01754	0.02535	0.02244	0.01962	0.02336	0.01763	0.02310	0.02226	0.03282	0.04889	0.01097	0.00760	0.00251	0.00965	0.11476	0.00449	0.01051
40	0.03158	0.02327	0.02493	0.01911	0.02576	0.02576	0.01579	0.62852	0.03906	0.05236	0.01995	0.01995	0.01413	0.00997	0.00831	0.00249	0.00914	0.00748	0.00831	0.01413

[dist]
# distance from previous block
# <min> <max>
0	1

[block]
# block no. 4 follows, 22 sequences, length 51
# corresponding to MSA columns:
# 291-341
name=unknown_E
#
# <colnr> <probs for GDERKNQSTAVLIFYWHMCP>
#	G	D	E	R	K	N	Q	S	T	A	V	L	I	F	Y	W	H	M	C	P
0	0.01012	0.00723	0.00964	0.01157	0.01205	0.00675	0.00771	0.01157	0.01591	0.02121	0.04579	0.70262	0.05495	0.02603	0.01060	0.00337	0.00482	0.02362	0.00771	0.00675
1	0.01608	0.01502	0.02524	0.58509	0.11867	0.01813	0.02282	0.02147	0.01699	0.02204	0.01639	0.02574	0.01323	0.00898	0.00846	0.00279	0.01077	0.03857	0.00394	0.00956
2	0.02064	0.01831	0.02248	0.02534	0.17859	0.02043	0.01620	0.03953	0.48728	0.03287	0.02931	0.02841	0.02234	0.01031	0.00840	0.00273	0.00739	0.00890	0.00738	0.01315
3	0.01187	0.00890	0.01335	0.01335	0.01483	0.01038	0.01038	0.01483	0.01335	0.01928	0.02225	0.03264	0.02077	0.06231	0.67512	0.01335	0.02225	0.00890	0.00445	0.00742
4	0.01443	0.00722	0.01082	0.01082	0.01082	0.00722	0.00722	0.01082	0.01082	0.01443	0.01443	0.02525	0.01443	0.02886	0.03247	0.75830	0.00722	0.00722	0.00361	0.00361
5	0.01186	0.00897	0.01049	0.01107	0.01288	0.00854	0.00839	0.01476	0.04200	0.02200	0.05422	0.10736	0.26811	0.19140	0.01831	0.00443	0.00628	0.18493	0.00706	0.00694
6	0.01528	0.00781	0.00806	0.00806	0.00997	0.00789	0.00606	0.01910	0.01719	0.03032	0.02683	0.03107	0.02126	0.01263	0.04333	0.00258	0.00490	0.00781	0.71213	0.00772
7	0.01023	0.00731	0.00973	0.01150	0.01207	0.00682	0.00772	0.01183	0.01639	0.02197	0.08416	0.66207	0.05643	0.02545	0.01055	0.00333	0.00476	0.02307	0.00780	0.00682
8	0.02056	0.01974	0.03372	0.05099	0.65622	0.01974	0.02550	0.02550	0.01892	0.02714	0.01563	0.02056	0.01316	0.00740	0.00822	0.00247	0.00987	0.00740	0.00411	0.01316
9	0.03103	0.03959	0.02354	0.02140	0.02568	0.67469	0.01605	0.03317	0.02354	0.02033	0.01284	0.01498	0.01070	0.00856	0.00749	0.00214	0.01498	0.00535	0.00428	0.00963
10	0.01012	0.00723	0.00964	0.01157	0.01205	0.00675	0.00771	0.01157	0.01591	0.02121	0.04579	0.70262	0.05495	0.02603	0.01060	0.00337	0.00482	0.02362	0.00771	0.00675
11	0.01623	0.01537	0.02170	0.01924	0.01961	0.02083	0.01575	0.01830	0.01305	0.01990	0.01557	0.06064	0.01574	0.02643	0.17873	0.00591	0.49581	0.00859	0.00406	0.00856
12	0.01332	0.01211	0.02202	0.01871	0.02164	0.01139	0.20275	0.01637	0.01667	0.02238	0.03458	0.41981	0.03898	0.09151	0.01367	0.00368	0.00806	0.01804	0.00632	0.00798
13	0.01191	0.00871	0.01241	0.01241	0.01356	0.00987	0.00921	0.01423	0.01307	0.01859	0.02312	0.03742	0.02284	0.20443	0.53584	0.01219	0.01913	0.00960	0.00458	0.00689
14	0.01308	0.01002	0.01259	0.01207	0.01219	0.01149	0.00819	0.01373	0.01267	0.01757	0.02500	0.11406	0.02850	0.46731	0.06656	0.00694	0.14469	0.01218	0.00501	0.00614
15	0.01821	0.01727	0.02837	0.08787	0.49350	0.01727	0.02174	0.02266	0.01876	0.02585	0.02838	0.03177	0.13259	0.01001	0.00853	0.00255	0.00890	0.00929	0.00476	0.01173
16	0.02888	0.02193	0.02341	0.01857	0.02473	0.02450	0.01514	0.48397	0.18801	0.04800	0.02338	0.02268	0.01691	0.01029	0.00835	0.00257	0.00851	0.00795	0.00835	0.01389
17	0.01187	0.00890	0.01335	0.01335	0.01483	0.01038	0.01038	0.01483	0.01335	0.01928	0.02225	0.03264	0.02077	0.06231	0.67512	0.01335	0.02225	0.00890	0.00445	0.00742
18	0.03103	0.03959	0.02354	0.02140	0.02568	0.67469	0.01605	0.03317	0.02354	0.02033	0.01284	0.01498	0.01070	0.00856	0.00749	0.00214	0.01498	0.00535	0.00428	0.00963
19	0.03120	0.02672	0.02410	0.01942	0.02539	0.18554	0.01560	0.43336	0.06039	0.06740	0.01928	0.01951	0.01401	0.00969	0.00812	0.00242	0.01040	0.00707	0.00740	0.01297
20	0.01818	0.01818	0.02545	0.02181	0.02181	0.02545	0.01818	0.01999	0.01272	0.01999	0.01091	0.01818	0.01091	0.01454	0.02726	0.00364	0.69284	0.00727	0.00364	0.00909
21	0.01131	0.00847	0.01049	0.00998	0.01214	0.00765	0.00749	0.01481	0.02246	0.03082	0.52143	0.06617	0.21035	0.01792	0.00980	0.00266	0.00399	0.01560	0.00882	0.00765
22	0.01012	0.00723	0.00964	0.01157	0.01205	0.00675	0.00771	0.01157	0.01591	0.02121	0.04579	0.70262	0.05495	0.02603	0.01060	0.00337	0.00482	0.02362	0.00771	0.00675
23	0.02482	0.02014	0.02659	0.02040	0.02669	0.02094	0.12819	0.34723	0.06871	0.04037	0.02237	0.09237	0.01863	0.01076	0.00860	0.00252	0.00911	0.00944	0.00711	0.09500
24	0.01067	0.00898	0.01011	0.01085	0.04308	0.00778	0.00751	0.01322	0.01970	0.02449	0.17594	0.07404	0.52517	0.01969	0.00974	0.00276	0.00444	0.01662	0.00778	0.00745
25	0.01011	0.00729	0.00958	0.01140	0.01201	0.00676	0.00764	0.01159	0.01606	0.02127	0.04781	0.66987	0.08640	0.02576	0.01056	0.00334	0.00479	0.02330	0.00771	0.00676
26	0.76672	0.01607	0.01221	0.01092	0.01607	0.01864	0.00900	0.02442	0.01414	0.03727	0.01157	0.01350	0.00900	0.00771	0.00514	0.00257	0.00643	0.00450	0.00514	0.00900
27	0.02037	0.46522	0.24014	0.01909	0.05829	0.02790	0.02002	0.02536	0.01719	0.02208	0.01282	0.01503	0.01074	0.00737	0.00629	0.00208	0.01001	0.00513	0.00357	0.01130
28	0.01993	0.31750	0.33623	0.02139	0.06867	0.05829	0.02283	0.02602	0.01766	0.02327	0.01346	0.01586	0.01076	0.00757	0.00684	0.00224	0.01086	0.00548	0.00360	0.01153
29	0.01208	0.00805	0.00906	0.00906	0.00906	0.00805	0.00503	0.01208	0.01208	0.01611	0.02618	0.05436	0.03020	0.70804	0.04228	0.00805	0.00805	0.01208	0.00503	0.00503
30	0.02028	0.01945	0.03322	0.08735	0.62204	0.01967	0.02536	0.02525	0.01878	0.02680	0.01558	0.02065	0.01304	0.00745	0.00823	0.00248	0.00994	0.00740	0.00409	0.01293
31	0.02668	0.06627	0.06135	0.02080	0.02485	0.46693	0.01682	0.02927	0.02060	0.02053	0.01313	0.01656	0.01130	0.01246	0.04861	0.00303	0.12123	0.00586	0.00411	0.00962
32	0.02067	0.10092	0.02212	0.14217	0.05910	0.11210	0.01443	0.05357	0.02198	0.09401	0.23321	0.03408	0.03514	0.01140	0.00834	0.00245	0.00837	0.00944	0.00656	0.00995
33	0.01045	0.00896	0.00902	0.00891	0.01182	0.00780	0.00671	0.01379	0.05498	0.02315	0.08124	0.07711	0.61651	0.02047	0.00974	0.00281	0.00434	0.01706	0.00776	0.00737
34	0.01132	0.00806	0.00896	0.00916	0.00991	0.00766	0.00563	0.01199	0.01418	0.01821	0.04257	0.12865	0.18682	0.46661	0.03093	0.00627	0.00676	0.01464	0.00598	0.00570
35	0.01972	0.01951	0.03435	0.11460	0.39712	0.02020	0.14116	0.02613	0.05787	0.02649	0.01667	0.02163	0.01347	0.00804	0.00955	0.00265	0.04637	0.00799	0.00433	0.01213
36	0.01187	0.00890	0.01335	0.01335	0.01483	0.01038	0.01038	0.01483	0.01335	0.01928	0.02225	0.03264	0.02077	0.06231	0.67512	0.01335	0.02225	0.00890	0.00445	0.00742
37	0.01000	0.00770	0.00916	0.01033	0.01172	0.00685	0.00716	0.01171	0.01709	0.02169	0.06084	0.45830	0.28955	0.02407	0.01030	0.00315	0.00458	0.02123	0.00771	0.00685
38	0.02157	0.54220	0.04489	0.01936	0.02679	0.02994	0.16556	0.02530	0.01755	0.02129	0.01285	0.01557	0.01114	0.00708	0.00644	0.00203	0.01015	0.00577	0.00371	0.01080
39	0.02604	0.42057	0.03485	0.01734	0.02322	0.31161	0.01501	0.02848	0.01977	0.01989	0.01211	0.01404	0.01068	0.00774	0.00627	0.00193	0.01153	0.00484	0.00387	0.01021
40	0.01128	0.00847	0.01044	0.00995	0.01212	0.00763	0.00746	0.01475	0.02238	0.03062	0.51141	0.06648	0.22049	0.01799	0.00980	0.00266	0.00399	0.01564	0.00879	0.00763
41	0.00992	0.00842	0.00856	0.00852	0.01128	0.00706	0.00639	0.01212	0.01918	0.02302	0.11446	0.07899	0.62219	0.02082	0.00982	0.00279	0.00419	0.01740	0.00779	0.00706
42	0.01549	0.00774	0.00774	0.00774	0.00968	0.00774	0.00581	0.01936	0.01742	0.03097	0.02710	0.03097	0.02129	0.00968	0.00581	0.00194	0.00387	0.00774	0.75416	0.00774
43	0.02589	0.03020	0.02727	0.03164	0.24235	0.37166	0.01956	0.02896	0.02066	0.02264	0.01357	0.01728	0.01157	0.00888	0.01010	0.00243	0.09414	0.00629	0.00415	0.01078
