[name]
unknown

[dist]
# distance from previous block
# <min> <max>
0	1

[block]
# block no. 0 follows, 22 sequences, length 119
# corresponding to MSA columns:
# 1-119
name=unknown_A
#
# <colnr> <probs for GDERKNQSTAVLIFYWHMCP>
#	G	D	E	R	K	N	Q	S	T	A	V	L	I	F	Y	W	H	M	C	P
0	0.01339	0.00956	0.01339	0.01530	0.01721	0.00956	0.01339	0.01721	0.01912	0.02486	0.04399	0.09371	0.04781	0.02295	0.01147	0.00382	0.00765	0.60031	0.00765	0.00765
1	0.01967	0.04226	0.53065	0.02320	0.03380	0.15657	0.02763	0.02775	0.01880	0.02506	0.01448	0.01700	0.01056	0.00803	0.00781	0.00253	0.01284	0.00597	0.00367	0.01172
2	0.01619	0.03967	0.60231	0.02241	0.03370	0.01819	0.02850	0.02529	0.01811	0.02698	0.07597	0.02181	0.01703	0.00876	0.00808	0.00263	0.01148	0.00699	0.00405	0.01185
3	0.02453	0.01487	0.01759	0.01491	0.01955	0.01533	0.01179	0.11010	0.21594	0.22221	0.15840	0.07682	0.03514	0.01289	0.00881	0.00270	0.00640	0.01087	0.00907	0.01209
4	0.03008	0.02182	0.02333	0.01805	0.02426	0.02408	0.01486	0.57177	0.03704	0.05036	0.02061	0.02097	0.01480	0.00995	0.00808	0.00244	0.00865	0.00750	0.07780	0.01353
5	0.01473	0.00799	0.00892	0.00892	0.01076	0.00830	0.00677	0.01841	0.01657	0.02852	0.02608	0.03132	0.02118	0.02070	0.14599	0.00433	0.00772	0.00799	0.59714	0.00767
6	0.00982	0.00842	0.00842	0.00842	0.01122	0.00701	0.00631	0.01192	0.01894	0.02244	0.08416	0.07995	0.65285	0.02104	0.00982	0.00281	0.00421	0.01753	0.00771	0.00701
7	0.01723	0.01477	0.01723	0.01230	0.01969	0.01107	0.00984	0.02092	0.01723	0.02707	0.01477	0.01723	0.01230	0.00615	0.00615	0.00123	0.00615	0.00492	0.00492	0.75883
8	0.60070	0.01563	0.01382	0.01180	0.01724	0.01717	0.00973	0.02808	0.01633	0.17945	0.01639	0.01686	0.01163	0.00830	0.00587	0.00257	0.00657	0.00538	0.00631	0.01017
9	0.01187	0.00890	0.01335	0.01335	0.01483	0.01038	0.01038	0.01483	0.01335	0.01928	0.02225	0.03264	0.02077	0.06231	0.67512	0.01335	0.02225	0.00890	0.00445	0.00742
10	0.13598	0.01664	0.02586	0.36737	0.25167	0.01892	0.02166	0.02316	0.01699	0.02575	0.01455	0.02025	0.01145	0.00791	0.00778	0.00264	0.00994	0.00693	0.00406	0.01051
11	0.02793	0.24379	0.03011	0.02033	0.05009	0.42761	0.01587	0.05269	0.02190	0.02157	0.01283	0.01489	0.01092	0.00812	0.00689	0.00206	0.01269	0.00524	0.00420	0.01026
12	0.00982	0.00842	0.00842	0.00842	0.01122	0.00701	0.00631	0.01192	0.01894	0.02244	0.08416	0.07995	0.65285	0.02104	0.00982	0.00281	0.00421	0.01753	0.00771	0.00701
13	0.03103	0.03959	0.02354	0.02140	0.02568	0.67469	0.01605	0.03317	0.02354	0.02033	0.01284	0.01498	0.01070	0.00856	0.00749	0.00214	0.01498	0.00535	0.00428	0.00963
14	0.01834	0.01061	0.01325	0.01154	0.01512	0.00955	0.00898	0.02274	0.05422	0.18549	0.33271	0.05371	0.16857	0.01537	0.00923	0.00259	0.00498	0.01315	0.00894	0.04093
15	0.01918	0.09348	0.13670	0.02903	0.03647	0.02268	0.37379	0.02528	0.01787	0.02475	0.01501	0.02006	0.01181	0.00841	0.01201	0.00281	0.12747	0.00830	0.00394	0.01095
16	0.02263	0.04779	0.13706	0.01593	0.02154	0.01409	0.01480	0.02940	0.10514	0.24050	0.03248	0.19506	0.02879	0.01436	0.00887	0.00284	0.00752	0.04211	0.00772	0.01136
17	0.01053	0.00740	0.00952	0.01104	0.01142	0.00702	0.00715	0.01167	0.01510	0.02014	0.04168	0.56685	0.04976	0.16887	0.01724	0.00435	0.00550	0.02120	0.00715	0.00639
18	0.01187	0.00890	0.01335	0.01335	0.01483	0.01038	0.01038	0.01483	0.01335	0.01928	0.02225	0.03264	0.02077	0.06231	0.67512	0.01335	0.02225	0.00890	0.00445	0.00742
19	0.01697	0.01608	0.02724	0.52021	0.21505	0.01879	0.02371	0.02235	0.01722	0.02278	0.01499	0.02173	0.01162	0.00807	0.00828	0.00269	0.01076	0.00739	0.00380	0.01026
20	0.01719	0.01589	0.02385	0.01741	0.02447	0.01298	0.14992	0.02145	0.01766	0.02649	0.01775	0.07407	0.01584	0.00796	0.00734	0.00176	0.00783	0.00755	0.00498	0.52759
21	0.01954	0.02221	0.04789	0.03438	0.04238	0.02122	0.59685	0.02629	0.01928	0.02629	0.01652	0.02221	0.01252	0.00736	0.01064	0.00284	0.04662	0.00968	0.00417	0.01110
22	0.01666	0.04297	0.66500	0.02368	0.03596	0.01929	0.03069	0.02631	0.01754	0.02631	0.01491	0.01754	0.01052	0.00789	0.00789	0.00263	0.01228	0.00614	0.00351	0.01228
23	0.02221	0.71304	0.04353	0.01421	0.02132	0.03287	0.01421	0.02488	0.01688	0.01955	0.01155	0.01333	0.01066	0.00711	0.00533	0.00178	0.00888	0.00444	0.00355	0.01066
24	0.01188	0.00886	0.01314	0.01314	0.01454	0.01027	0.01012	0.01470	0.01329	0.01913	0.02245	0.03373	0.02124	0.09474	0.64333	0.01309	0.02154	0.00906	0.00448	0.00730
25	0.03479	0.01399	0.01874	0.01463	0.02068	0.01240	0.01199	0.03914	0.05716	0.58900	0.07128	0.03052	0.02441	0.01075	0.00845	0.00259	0.00685	0.00882	0.01011	0.01369
26	0.01207	0.00810	0.00929	0.00929	0.00937	0.00818	0.00532	0.01223	0.01215	0.01628	0.02596	0.05319	0.02969	0.67312	0.07651	0.00834	0.00882	0.01191	0.00500	0.00516
27	0.01604	0.00944	0.01248	0.01118	0.01389	0.00857	0.00857	0.01984	0.02356	0.13873	0.54803	0.05639	0.06869	0.01586	0.00956	0.00261	0.00445	0.01391	0.00934	0.00889
28	0.03103	0.03959	0.02354	0.02140	0.02568	0.67469	0.01605	0.03317	0.02354	0.02033	0.01284	0.01498	0.01070	0.00856	0.00749	0.00214	0.01498	0.00535	0.00428	0.00963
29	0.02406	0.57199	0.03935	0.01572	0.02224	0.16730	0.01460	0.02661	0.01828	0.01971	0.01182	0.01367	0.01067	0.00741	0.00578	0.00185	0.01016	0.00463	0.00371	0.01045
30	0.00982	0.00842	0.00842	0.00842	0.01122	0.00701	0.00631	0.01192	0.01894	0.02244	0.08416	0.07995	0.65285	0.02104	0.00982	0.00281	0.00421	0.01753	0.00771	0.00701
31	0.01670	0.01572	0.02540	0.22648	0.33531	0.01647	0.02042	0.02117	0.01825	0.02435	0.03097	0.03454	0.15815	0.01077	0.00861	0.00263	0.00893	0.00970	0.00481	0.01062
32	0.03727	0.01414	0.01928	0.01478	0.02121	0.01221	0.01221	0.04049	0.02378	0.66198	0.03277	0.02828	0.02056	0.01028	0.00835	0.00257	0.00707	0.00835	0.01028	0.01414
33	0.01936	0.01852	0.03156	0.20750	0.50906	0.01942	0.02490	0.02445	0.01835	0.02569	0.01541	0.02095	0.01265	0.00762	0.00824	0.00254	0.01017	0.00740	0.00401	0.01219
34	0.01922	0.01971	0.03675	0.03301	0.19106	0.01806	0.31179	0.02482	0.01880	0.02687	0.01597	0.02057	0.01266	0.00688	0.00844	0.00230	0.01088	0.00791	0.00437	0.20994
35	0.01208	0.00805	0.00906	0.00906	0.00906	0.00805	0.00503	0.01208	0.01208	0.01611	0.02618	0.05436	0.03020	0.70804	0.04228	0.00805	0.00805	0.01208	0.00503	0.00503
36	0.01238	0.00912	0.00995	0.00963	0.01118	0.00872	0.00642	0.05048	0.01699	0.02177	0.08108	0.08810	0.25659	0.35297	0.02547	0.00534	0.00639	0.01438	0.00653	0.00653
37	0.01187	0.00890	0.01335	0.01335	0.01483	0.01038	0.01038	0.01483	0.01335	0.01928	0.02225	0.03264	0.02077	0.06231	0.67512	0.01335	0.02225	0.00890	0.00445	0.00742
38	0.02848	0.23470	0.02933	0.01932	0.02442	0.48875	0.01552	0.03077	0.02161	0.02010	0.01247	0.01450	0.01069	0.00814	0.00686	0.00203	0.01321	0.00509	0.00407	0.00993
39	0.01723	0.01477	0.01723	0.01230	0.01969	0.01107	0.00984	0.02092	0.01723	0.02707	0.01477	0.01723	0.01230	0.00615	0.00615	0.00123	0.00615	0.00492	0.00492	0.75883
40	0.01268	0.01009	0.01490	0.01443	0.01573	0.01231	0.01138	0.01550	0.01327	0.01938	0.02080	0.03078	0.01950	0.05619	0.59212	0.01211	0.10817	0.00869	0.00435	0.00763
41	0.01208	0.00805	0.00906	0.00906	0.00906	0.00805	0.00503	0.01208	0.01208	0.01611	0.02618	0.05436	0.03020	0.70804	0.04228	0.00805	0.00805	0.01208	0.00503	0.00503
42	0.01898	0.01797	0.03046	0.20557	0.47450	0.01887	0.02425	0.02400	0.01836	0.02556	0.01695	0.02491	0.01452	0.00846	0.00842	0.00261	0.01005	0.03947	0.00420	0.01190
43	0.01983	0.01982	0.03628	0.11438	0.45373	0.01989	0.16193	0.02530	0.01883	0.02640	0.01580	0.02115	0.01281	0.00741	0.00859	0.00257	0.01094	0.00795	0.00409	0.01230
44	0.01758	0.04169	0.63639	0.02328	0.03530	0.01898	0.02987	0.02694	0.01782	0.05448	0.01570	0.01802	0.01097	0.00800	0.00791	0.00263	0.01205	0.00624	0.00381	0.01236
45	0.01504	0.01257	0.01526	0.01256	0.01739	0.01045	0.00960	0.01793	0.01658	0.02486	0.02433	0.23294	0.02565	0.01284	0.00864	0.00203	0.04106	0.01093	0.00573	0.48361
46	0.01648	0.02580	0.28253	0.02803	0.19802	0.01614	0.02332	0.02287	0.01842	0.02594	0.02658	0.04229	0.05442	0.01253	0.00906	0.00292	0.00995	0.16870	0.00502	0.01099
47	0.76672	0.01607	0.01221	0.01092	0.01607	0.01864	0.00900	0.02442	0.01414	0.03727	0.01157	0.01350	0.00900	0.00771	0.00514	0.00257	0.00643	0.00450	0.00514	0.00900
48	0.01781	0.01511	0.01754	0.01258	0.01993	0.01167	0.01009	0.04565	0.01812	0.02810	0.01498	0.01734	0.01238	0.00631	0.00624	0.00128	0.00627	0.00503	0.00506	0.72851
49	0.01192	0.00868	0.01221	0.01221	0.01330	0.00976	0.00896	0.01410	0.01301	0.01844	0.02330	0.03841	0.02328	0.23398	0.50687	0.01194	0.01848	0.00975	0.00461	0.00678
50	0.01029	0.00843	0.00908	0.00892	0.01151	0.00722	0.00669	0.01284	0.02006	0.02511	0.22362	0.07555	0.51172	0.02004	0.00981	0.00276	0.00414	0.01692	0.00807	0.00722
51	0.02030	0.02113	0.06850	0.04866	0.58971	0.01978	0.05826	0.02560	0.01888	0.02707	0.01565	0.02050	0.01299	0.00741	0.00829	0.00249	0.01022	0.00746	0.00408	0.01301
52	0.01748	0.03811	0.53278	0.02940	0.16587	0.01939	0.02960	0.02614	0.01783	0.02648	0.01506	0.01817	0.01108	0.00779	0.00796	0.00260	0.01177	0.00640	0.00363	0.01246
53	0.01202	0.00888	0.01300	0.01359	0.01507	0.00986	0.01076	0.01502	0.01481	0.02064	0.02906	0.10966	0.02971	0.05058	0.47241	0.01040	0.01752	0.13418	0.00543	0.00740
54	0.01362	0.01148	0.01692	0.04933	0.01869	0.01451	0.01294	0.01643	0.01336	0.01956	0.01907	0.02854	0.01785	0.04780	0.48170	0.01042	0.18723	0.00842	0.00421	0.00792
55	0.01733	0.03829	0.52480	0.02626	0.03765	0.01968	0.16620	0.02638	0.01801	0.02638	0.01534	0.01865	0.01100	0.00769	0.00833	0.00267	0.01267	0.00697	0.00367	0.01203
56	0.02312	0.02114	0.02565	0.02794	0.21864	0.08275	0.01769	0.16286	0.05418	0.03182	0.01657	0.01945	0.01333	0.00880	0.00980	0.00233	0.08293	0.00679	0.00542	0.16878
57	0.01191	0.00872	0.01245	0.01245	0.01363	0.00990	0.00926	0.01426	0.01309	0.01862	0.02307	0.03719	0.02274	0.19755	0.54258	0.01224	0.01928	0.00957	0.00457	0.00692
58	0.01814	0.06941	0.26120	0.02552	0.17021	0.01772	0.02141	0.04831	0.01919	0.02796	0.07610	0.02227	0.01815	0.00833	0.00765	0.00225	0.00933	0.00698	0.00467	0.16519
59	0.09963	0.01436	0.01562	0.01415	0.01808	0.01511	0.01165	0.21425	0.02470	0.03416	0.04164	0.05628	0.17740	0.04462	0.01063	0.00319	0.00719	0.18022	0.00750	0.00963
60	0.20935	0.16808	0.02449	0.01710	0.02219	0.34364	0.01377	0.03003	0.05825	0.02523	0.01357	0.01528	0.01118	0.00823	0.00654	0.00221	0.01113	0.00521	0.00460	0.00990
61	0.12828	0.02239	0.13173	0.03215	0.29240	0.01904	0.04618	0.02945	0.10640	0.08428	0.01903	0.02127	0.01447	0.00831	0.00784	0.00258	0.00924	0.00724	0.00531	0.01242
62	0.01859	0.01502	0.01694	0.01340	0.01951	0.01352	0.01059	0.02784	0.19852	0.06300	0.02791	0.02782	0.07794	0.00928	0.00729	0.00191	0.00614	0.00761	0.00650	0.43066
63	0.01307	0.01061	0.01436	0.01462	0.01583	0.01162	0.01135	0.01530	0.01607	0.02221	0.03579	0.37037	0.04097	0.02146	0.01396	0.00337	0.14967	0.15007	0.00664	0.06264
64	0.02044	0.02050	0.02806	0.03925	0.44700	0.09607	0.02091	0.02621	0.07045	0.02636	0.02552	0.02833	0.09544	0.00960	0.00836	0.00250	0.00949	0.00861	0.00495	0.01195
65	0.24387	0.06540	0.02386	0.12404	0.15914	0.16941	0.01699	0.02595	0.01774	0.02686	0.01315	0.01685	0.01077	0.00826	0.00800	0.00249	0.04686	0.00588	0.00433	0.01016
66	0.02466	0.01817	0.01947	0.01568	0.02093	0.01958	0.01255	0.33808	0.13390	0.04149	0.02331	0.02522	0.01790	0.04733	0.00954	0.00263	0.00750	0.00785	0.13040	0.08382
67	0.01194	0.00882	0.01128	0.01154	0.01329	0.00847	0.00860	0.01630	0.05917	0.02880	0.36445	0.24061	0.08951	0.01986	0.01010	0.00296	0.00470	0.07326	0.00850	0.00782
68	0.01192	0.00824	0.01025	0.01035	0.01077	0.00861	0.00661	0.01280	0.01262	0.01723	0.02613	0.08185	0.02893	0.49904	0.21112	0.00924	0.01171	0.01182	0.00501	0.00576
69	0.02936	0.02159	0.02335	0.01819	0.02416	0.02387	0.01484	0.55868	0.03606	0.04840	0.02045	0.02274	0.01547	0.05602	0.04471	0.00340	0.00975	0.00784	0.00791	0.01322
70	0.01723	0.01477	0.01723	0.01230	0.01969	0.01107	0.00984	0.02092	0.01723	0.02707	0.01477	0.01723	0.01230	0.00615	0.00615	0.00123	0.00615	0.00492	0.00492	0.75883
71	0.01265	0.01036	0.01396	0.01389	0.01441	0.01194	0.01025	0.01442	0.01582	0.02218	0.12168	0.37416	0.04455	0.08121	0.01764	0.00374	0.18608	0.01708	0.00661	0.00737
72	0.01256	0.01144	0.01078	0.01038	0.01356	0.04267	0.00786	0.01798	0.11557	0.02424	0.07278	0.06910	0.52338	0.01890	0.00949	0.00277	0.00512	0.01566	0.00766	0.00810
73	0.01234	0.00884	0.01221	0.01451	0.04027	0.00860	0.01079	0.01522	0.01791	0.02421	0.07537	0.34070	0.04961	0.02257	0.01058	0.00341	0.00615	0.27121	0.04799	0.00751
74	0.02908	0.01893	0.02135	0.01699	0.02267	0.02013	0.01378	0.39361	0.06403	0.16665	0.05738	0.08971	0.02310	0.01199	0.00862	0.00262	0.00793	0.00967	0.00869	0.01306
75	0.01983	0.02116	0.04107	0.03017	0.03666	0.02166	0.43258	0.05748	0.01909	0.02664	0.01563	0.02111	0.01232	0.00870	0.01318	0.00287	0.15550	0.00888	0.00434	0.05113
76	0.02051	0.02208	0.03991	0.03205	0.09669	0.05443	0.40873	0.03051	0.14994	0.02804	0.02005	0.02365	0.01523	0.00802	0.00925	0.00274	0.01210	0.00926	0.00509	0.01172
77	0.02058	0.01935	0.03066	0.04400	0.52615	0.01993	0.02296	0.02932	0.14646	0.02870	0.01935	0.02270	0.01566	0.00819	0.00827	0.00254	0.00919	0.00781	0.00500	0.01316
78	0.01259	0.00903	0.01197	0.01348	0.01487	0.00891	0.01044	0.04703	0.01845	0.02436	0.04367	0.42011	0.04987	0.02392	0.01083	0.00351	0.00619	0.25553	0.00772	0.00751
79	0.03103	0.03959	0.02354	0.02140	0.02568	0.67469	0.01605	0.03317	0.02354	0.02033	0.01284	0.01498	0.01070	0.00856	0.00749	0.00214	0.01498	0.00535	0.00428	0.00963
80	0.01663	0.01553	0.02517	0.56310	0.11081	0.01879	0.02235	0.02383	0.07671	0.02309	0.01667	0.02285	0.01264	0.00850	0.00831	0.00274	0.01053	0.00758	0.00419	0.00998
81	0.01961	0.02241	0.04902	0.03501	0.04342	0.02101	0.62605	0.02661	0.01961	0.02661	0.01681	0.02241	0.01261	0.00700	0.00980	0.00280	0.01401	0.00980	0.00420	0.01120
82	0.01649	0.00871	0.00881	0.00845	0.01068	0.00886	0.00643	0.05719	0.01877	0.03230	0.02666	0.03029	0.02085	0.00970	0.00596	0.00197	0.00420	0.00773	0.70784	0.00814
83	0.03103	0.03959	0.02354	0.02140	0.02568	0.67469	0.01605	0.03317	0.02354	0.02033	0.01284	0.01498	0.01070	0.00856	0.00749	0.00214	0.01498	0.00535	0.00428	0.00963
84	0.01723	0.01477	0.01723	0.01230	0.01969	0.01107	0.00984	0.02092	0.01723	0.02707	0.01477	0.01723	0.01230	0.00615	0.00615	0.00123	0.00615	0.00492	0.00492	0.75883
85	0.01167	0.00788	0.00918	0.00959	0.00969	0.00778	0.00559	0.01197	0.01288	0.01718	0.03028	0.19014	0.03538	0.56520	0.03565	0.00707	0.00738	0.01450	0.00559	0.00539
86	0.01176	0.00849	0.01110	0.01045	0.01241	0.00784	0.00784	0.01568	0.02352	0.03331	0.65184	0.06206	0.07839	0.01698	0.00980	0.00261	0.00392	0.01502	0.00914	0.00784
87	0.03255	0.02172	0.02397	0.01838	0.02499	0.02346	0.01518	0.52856	0.03646	0.15598	0.02213	0.02136	0.01522	0.01003	0.00832	0.00251	0.00879	0.00763	0.00865	0.01413
88	0.01187	0.00890	0.01335	0.01335	0.01483	0.01038	0.01038	0.01483	0.01335	0.01928	0.02225	0.03264	0.02077	0.06231	0.67512	0.01335	0.02225	0.00890	0.00445	0.00742
89	0.01723	0.01477	0.01723	0.01230	0.01969	0.01107	0.00984	0.02092	0.01723	0.02707	0.01477	0.01723	0.01230	0.00615	0.00615	0.00123	0.00615	0.00492	0.00492	0.75883
90	0.01187	0.00890	0.01335	0.01335	0.01483	0.01038	0.01038	0.01483	0.01335	0.01928	0.02225	0.03264	0.02077	0.06231	0.67512	0.01335	0.02225	0.00890	0.00445	0.00742
91	0.76672	0.01607	0.01221	0.01092	0.01607	0.01864	0.00900	0.02442	0.01414	0.03727	0.01157	0.01350	0.00900	0.00771	0.00514	0.00257	0.00643	0.00450	0.00514	0.00900
92	0.01135	0.00848	0.01054	0.01003	0.01216	0.00767	0.00752	0.01489	0.02256	0.03104	0.53294	0.06580	0.19871	0.01783	0.00980	0.00265	0.00398	0.01555	0.00885	0.00767
93	0.01723	0.01477	0.01723	0.01230	0.01969	0.01107	0.00984	0.02092	0.01723	0.02707	0.01477	0.01723	0.01230	0.00615	0.00615	0.00123	0.00615	0.00492	0.00492	0.75883
94	0.01576	0.01521	0.02769	0.37351	0.04363	0.01667	0.16764	0.02128	0.01892	0.02530	0.16026	0.03130	0.02677	0.00996	0.00901	0.00274	0.01017	0.00972	0.00506	0.00940
95	0.09627	0.64371	0.04042	0.01389	0.02080	0.03146	0.01370	0.02483	0.01661	0.02131	0.01155	0.01334	0.01050	0.00717	0.00531	0.00186	0.00864	0.00445	0.00371	0.01050
96	0.01389	0.01155	0.01322	0.01092	0.01554	0.00958	0.00847	0.01814	0.05051	0.02744	0.18075	0.04731	0.22475	0.01343	0.00822	0.00211	0.00507	0.01130	0.00691	0.32090
97	0.01565	0.02743	0.33916	0.01772	0.02629	0.01440	0.01983	0.02210	0.01784	0.02666	0.07926	0.09562	0.02235	0.01020	0.00785	0.00229	0.00885	0.00851	0.00492	0.23305
98	0.01205	0.00884	0.01307	0.01307	0.01458	0.01025	0.01016	0.01506	0.01355	0.01987	0.02249	0.03255	0.02079	0.05968	0.64174	0.01278	0.02134	0.00884	0.04184	0.00743
99	0.01696	0.04093	0.60372	0.02481	0.03670	0.01946	0.08992	0.02634	0.01775	0.02634	0.01510	0.01802	0.01073	0.00780	0.00808	0.00265	0.01245	0.00650	0.00358	0.01217
100	0.01867	0.01758	0.02853	0.04176	0.50992	0.01747	0.02149	0.02397	0.04632	0.02707	0.05318	0.03118	0.10687	0.00991	0.00853	0.00254	0.00867	0.00925	0.00503	0.01206
101	0.01549	0.00774	0.00774	0.00774	0.00968	0.00774	0.00581	0.01936	0.01742	0.03097	0.02710	0.03097	0.02129	0.00968	0.00581	0.00194	0.00387	0.00774	0.75416	0.00774
102	0.02533	0.01957	0.02158	0.01615	0.02312	0.01937	0.01320	0.36412	0.02956	0.04135	0.01769	0.01876	0.01333	0.00831	0.00737	0.00194	0.00784	0.00637	0.00684	0.33818
103	0.02056	0.01974	0.03372	0.05099	0.65622	0.01974	0.02550	0.02550	0.01892	0.02714	0.01563	0.02056	0.01316	0.00740	0.00822	0.00247	0.00987	0.00740	0.00411	0.01316
104	0.01549	0.00774	0.00774	0.00774	0.00968	0.00774	0.00581	0.01936	0.01742	0.03097	0.02710	0.03097	0.02129	0.00968	0.00581	0.00194	0.00387	0.00774	0.75416	0.00774
105	0.01972	0.01888	0.03220	0.16074	0.55303	0.01952	0.02508	0.02476	0.01852	0.02612	0.01548	0.02083	0.01280	0.00756	0.00824	0.00252	0.01008	0.00740	0.00404	0.01248
106	0.54940	0.01440	0.01253	0.01269	0.05437	0.01623	0.00930	0.02333	0.01518	0.03521	0.01535	0.01791	0.01205	0.00814	0.00548	0.00242	0.00606	0.00542	0.17555	0.00897
107	0.02595	0.02888	0.02860	0.03571	0.33369	0.31446	0.02065	0.06640	0.02225	0.02565	0.01464	0.01802	0.01211	0.00808	0.00790	0.00232	0.01212	0.00648	0.00445	0.01163
108	0.02056	0.01974	0.03372	0.05099	0.65622	0.01974	0.02550	0.02550	0.01892	0.02714	0.01563	0.02056	0.01316	0.00740	0.00822	0.00247	0.00987	0.00740	0.00411	0.01316
109	0.02307	0.02054	0.03172	0.04374	0.51273	0.02111	0.02329	0.16274	0.02350	0.03288	0.01661	0.02042	0.01338	0.00799	0.00824	0.00247	0.00970	0.00742	0.00507	0.01338
110	0.06256	0.02783	0.08041	0.02128	0.02683	0.23237	0.09179	0.17546	0.02413	0.03024	0.01618	0.01949	0.01286	0.01517	0.08634	0.00375	0.05026	0.00697	0.00523	0.01084
111	0.01885	0.01855	0.02862	0.25740	0.29665	0.04724	0.02276	0.02322	0.01703	0.02338	0.01424	0.02037	0.01189	0.00925	0.01221	0.00280	0.15353	0.00728	0.00388	0.01084
112	0.02254	0.02072	0.02822	0.03661	0.37961	0.05444	0.02059	0.10795	0.18197	0.03198	0.02072	0.02288	0.01630	0.00879	0.00826	0.00254	0.00919	0.00782	0.00578	0.01310
113	0.09394	0.05883	0.21736	0.02786	0.23608	0.01749	0.02078	0.02276	0.01791	0.02657	0.02914	0.03100	0.14579	0.01042	0.00800	0.00256	0.00901	0.00870	0.00476	0.01105
114	0.02019	0.01922	0.03267	0.04916	0.62336	0.01922	0.02487	0.02507	0.01893	0.02702	0.01708	0.02432	0.01494	0.00820	0.00839	0.00254	0.00976	0.03789	0.00429	0.01288
115	0.02047	0.08062	0.02246	0.18309	0.06167	0.22180	0.01594	0.02397	0.01831	0.02163	0.01668	0.02212	0.01404	0.01968	0.14722	0.00461	0.01369	0.00685	0.07600	0.00916
116	0.02208	0.03744	0.33586	0.02815	0.15095	0.23261	0.02494	0.02839	0.01975	0.02452	0.01437	0.01728	0.01108	0.00802	0.00783	0.00244	0.01270	0.00612	0.00387	0.01158
117	0.06887	0.05638	0.03103	0.04142	0.47274	0.13790	0.02223	0.02678	0.01935	0.02618	0.01468	0.01877	0.01234	0.00762	0.00776	0.00238	0.01053	0.00671	0.00418	0.01215
118	0.02346	0.02488	0.02838	0.03705	0.37468	0.20028	0.02080	0.03078	0.12597	0.02656	0.01795	0.02080	0.01456	0.00838	0.00806	0.00244	0.01072	0.00718	0.00490	0.01219

[dist]
# distance from previous block
# <min> <max>
4	54

[block]
# block no. 1 follows, 22 sequences, length 14
# corresponding to MSA columns:
# 174-187
name=unknown_B
#
# <colnr> <probs for GDERKNQSTAVLIFYWHMCP>
#	G	D	E	R	K	N	Q	S	T	A	V	L	I	F	Y	W	H	M	C	P
0	0.07306	0.06039	0.37671	0.02705	0.11329	0.01958	0.12697	0.02540	0.01785	0.02682	0.01811	0.02113	0.04051	0.00824	0.00804	0.00261	0.01132	0.00725	0.00402	0.01166
1	0.02743	0.06009	0.02336	0.02113	0.06188	0.42748	0.01537	0.11728	0.02446	0.02560	0.02026	0.07033	0.04904	0.01060	0.00792	0.00232	0.01223	0.00775	0.00527	0.01020
2	0.13527	0.20154	0.07354	0.01747	0.02311	0.30099	0.01514	0.02859	0.01948	0.05239	0.01394	0.01616	0.01146	0.01119	0.04497	0.00281	0.01205	0.00540	0.00445	0.01007
3	0.01789	0.01328	0.01520	0.01393	0.01662	0.01433	0.01028	0.18364	0.10104	0.03010	0.03070	0.22571	0.03139	0.17115	0.08125	0.00505	0.00862	0.01348	0.00707	0.00926
4	0.01185	0.00825	0.00935	0.00953	0.01012	0.00803	0.00598	0.01252	0.01376	0.01786	0.03660	0.06181	0.12652	0.54173	0.03457	0.00687	0.00743	0.06597	0.00568	0.00557
5	0.02052	0.01219	0.01488	0.01330	0.01686	0.01197	0.01022	0.08376	0.10186	0.18530	0.17113	0.20228	0.08804	0.01642	0.00933	0.00282	0.00578	0.01421	0.00880	0.01034
6	0.02938	0.02182	0.02348	0.01845	0.02455	0.02413	0.01506	0.54613	0.07994	0.04903	0.02265	0.06633	0.01765	0.01114	0.00847	0.00257	0.00867	0.00869	0.00828	0.01357
7	0.01753	0.01610	0.02662	0.15822	0.39015	0.01662	0.02077	0.02233	0.01961	0.02755	0.16964	0.03091	0.02858	0.00989	0.00862	0.00256	0.00865	0.00925	0.00525	0.01115
8	0.01662	0.01209	0.01427	0.01385	0.01620	0.01251	0.01016	0.19840	0.02292	0.03064	0.03796	0.49588	0.04258	0.02116	0.00991	0.00311	0.00613	0.01873	0.00789	0.00898
9	0.02708	0.02665	0.02648	0.10401	0.17217	0.22882	0.01891	0.23374	0.02701	0.03293	0.01612	0.01877	0.01247	0.00875	0.00803	0.00241	0.01138	0.00678	0.00555	0.01192
10	0.02117	0.01615	0.01817	0.01447	0.01999	0.01558	0.01145	0.24647	0.02516	0.03564	0.02321	0.14805	0.02150	0.01151	0.00778	0.00214	0.00690	0.00955	0.04687	0.29824
11	0.04471	0.01630	0.10828	0.01321	0.01836	0.01226	0.01206	0.02019	0.01621	0.02641	0.01903	0.02455	0.01609	0.05649	0.08388	0.00355	0.04584	0.00679	0.19050	0.26529
12	0.01961	0.18668	0.02252	0.01435	0.01867	0.13784	0.01186	0.09148	0.02060	0.02427	0.03468	0.03626	0.18941	0.02168	0.13037	0.00434	0.01120	0.00938	0.00555	0.00928
13	0.02578	0.18106	0.18359	0.01990	0.02726	0.23221	0.01915	0.16378	0.02415	0.02882	0.01466	0.01636	0.01142	0.00841	0.00731	0.00226	0.01170	0.00583	0.00484	0.01151

[dist]
# distance from previous block
# <min> <max>
5	10

[block]
# block no. 2 follows, 22 sequences, length 25
# corresponding to MSA columns:
# 198-222
name=unknown_C
#
# <colnr> <probs for GDERKNQSTAVLIFYWHMCP>
#	G	D	E	R	K	N	Q	S	T	A	V	L	I	F	Y	W	H	M	C	P
0	0.02850	0.11739	0.02583	0.02006	0.02452	0.47572	0.01573	0.08205	0.02302	0.02294	0.01352	0.01606	0.01138	0.01087	0.03321	0.00263	0.05635	0.00568	0.00451	0.01003
1	0.01633	0.02576	0.27450	0.02891	0.23493	0.01620	0.02260	0.02251	0.01868	0.02630	0.06841	0.03524	0.12868	0.01119	0.00860	0.00265	0.00937	0.03300	0.00496	0.01119
2	0.02052	0.26806	0.35823	0.02039	0.03015	0.02343	0.06093	0.02706	0.01798	0.07889	0.01542	0.01733	0.01157	0.00777	0.00718	0.00234	0.01078	0.00598	0.00415	0.01182
3	0.02829	0.02953	0.02543	0.02652	0.15986	0.32875	0.01757	0.19394	0.02654	0.03101	0.01599	0.01821	0.01261	0.00875	0.00780	0.00230	0.01182	0.00647	0.03708	0.01154
4	0.01791	0.01632	0.01710	0.01673	0.04807	0.12287	0.01229	0.02055	0.01610	0.02278	0.01926	0.02707	0.01731	0.07945	0.15205	0.00526	0.17417	0.00782	0.19854	0.00835
5	0.01839	0.01618	0.01510	0.01382	0.01596	0.12919	0.00992	0.11157	0.01857	0.02321	0.02192	0.03689	0.02201	0.32194	0.18256	0.00742	0.01285	0.00942	0.00527	0.00782
6	0.05665	0.52183	0.08065	0.01538	0.02230	0.06638	0.01512	0.06268	0.01840	0.02290	0.01287	0.01501	0.01126	0.00997	0.03644	0.00247	0.00998	0.00501	0.00400	0.01070
7	0.02256	0.10863	0.05843	0.02127	0.02732	0.21485	0.14651	0.03033	0.13900	0.02519	0.02261	0.02412	0.05764	0.00924	0.00801	0.00238	0.01102	0.00781	0.00521	0.05785
8	0.06079	0.13782	0.02240	0.01614	0.02032	0.25303	0.01254	0.02973	0.12801	0.06313	0.02004	0.02581	0.01753	0.14260	0.01389	0.00338	0.01026	0.00734	0.00546	0.00979
9	0.10098	0.24327	0.15799	0.13940	0.03021	0.08073	0.01824	0.02446	0.01708	0.02356	0.01325	0.01662	0.01077	0.00833	0.00751	0.02709	0.01001	0.00553	0.00390	0.06107
10	0.02036	0.38289	0.24143	0.01762	0.02577	0.08193	0.01924	0.02535	0.01818	0.02287	0.06192	0.01858	0.01582	0.00825	0.00669	0.00215	0.01013	0.00588	0.00403	0.01088
11	0.01241	0.01048	0.01173	0.01167	0.01357	0.04192	0.00883	0.01460	0.01631	0.02060	0.04775	0.05828	0.26672	0.13615	0.20814	0.00674	0.03473	0.06622	0.00605	0.00709
12	0.02345	0.02146	0.02156	0.01762	0.02211	0.12732	0.01405	0.20463	0.02361	0.03134	0.01713	0.05038	0.01504	0.04256	0.01322	0.00266	0.14981	0.00741	0.00570	0.18892
13	0.01870	0.01513	0.01709	0.01847	0.10456	0.06987	0.01249	0.02542	0.12706	0.08791	0.06843	0.04518	0.17101	0.01677	0.05036	0.00331	0.00802	0.05592	0.04958	0.03471
14	0.01508	0.09413	0.01594	0.01190	0.01510	0.04471	0.00922	0.02152	0.13816	0.02619	0.19089	0.05239	0.21606	0.09803	0.01279	0.00324	0.00611	0.01262	0.00723	0.00870
15	0.02072	0.08080	0.02455	0.02357	0.14185	0.14274	0.01610	0.07282	0.01981	0.02460	0.02864	0.03097	0.14882	0.01242	0.01272	0.00270	0.17209	0.00890	0.00510	0.01008
16	0.01336	0.05732	0.01531	0.01300	0.01448	0.01262	0.01003	0.01569	0.01353	0.01942	0.02157	0.03413	0.02106	0.17489	0.41457	0.01006	0.07547	0.00900	0.04713	0.00734
17	0.02502	0.13524	0.02568	0.01662	0.02303	0.02299	0.01400	0.30409	0.08090	0.03782	0.01808	0.01907	0.01393	0.00892	0.00821	0.00216	0.04067	0.00652	0.00650	0.19054
18	0.01628	0.01885	0.09297	0.05387	0.03055	0.01647	0.25170	0.02251	0.04818	0.02528	0.03336	0.04525	0.12603	0.01321	0.01089	0.00303	0.05291	0.12333	0.00552	0.00980
19	0.11275	0.03952	0.58137	0.02204	0.03341	0.01921	0.02791	0.02607	0.01710	0.02771	0.01448	0.01702	0.01033	0.00787	0.00754	0.00262	0.01153	0.00593	0.00372	0.01186
20	0.21944	0.12356	0.10740	0.05946	0.02590	0.16236	0.01625	0.14190	0.02190	0.03161	0.01408	0.01609	0.01091	0.00830	0.00683	0.00237	0.01017	0.00564	0.00504	0.01079
21	0.05587	0.17346	0.02455	0.01599	0.02126	0.18618	0.01320	0.19050	0.02499	0.03015	0.02971	0.02982	0.14888	0.01127	0.00765	0.00232	0.00938	0.00831	0.00600	0.01051
22	0.09134	0.08992	0.02381	0.02180	0.13053	0.10351	0.01506	0.16828	0.02286	0.03257	0.01728	0.02009	0.01379	0.00918	0.00871	0.00237	0.06561	0.00665	0.14568	0.01096
23	0.01847	0.16789	0.07797	0.08975	0.03274	0.02096	0.22642	0.02534	0.07019	0.02488	0.02196	0.03446	0.01969	0.01062	0.00877	0.00276	0.01067	0.12103	0.00498	0.01045
24	0.04781	0.02118	0.02149	0.06574	0.17367	0.18738	0.01565	0.05912	0.02170	0.06955	0.08413	0.03438	0.14073	0.01155	0.00838	0.00249	0.00934	0.00943	0.00595	0.01033

[dist]
# distance from previous block
# <min> <max>
3	7

[block]
# block no. 3 follows, 22 sequences, length 14
# corresponding to MSA columns:
# 230-243
name=unknown_D
#
# <colnr> <probs for GDERKNQSTAVLIFYWHMCP>
#	G	D	E	R	K	N	Q	S	T	A	V	L	I	F	Y	W	H	M	C	P
0	0.01665	0.01582	0.02045	0.05634	0.02157	0.09048	0.09625	0.01918	0.01532	0.02032	0.01963	0.03283	0.01925	0.23300	0.13184	0.00616	0.12201	0.00918	0.04586	0.00786
1	0.07842	0.07927	0.50300	0.02185	0.03234	0.09559	0.02632	0.02687	0.01792	0.02610	0.01421	0.01668	0.01043	0.00791	0.00748	0.00252	0.01193	0.00582	0.00373	0.01162
2	0.01765	0.16719	0.02263	0.01777	0.06928	0.01768	0.01408	0.06054	0.09657	0.02661	0.03504	0.05678	0.08023	0.01583	0.00916	0.00298	0.00778	0.26580	0.00661	0.00978
3	0.02048	0.01769	0.01805	0.01552	0.02024	0.05618	0.01193	0.09724	0.33322	0.03188	0.02728	0.05727	0.02262	0.08201	0.01151	0.00301	0.00735	0.00900	0.00715	0.15038
4	0.01439	0.01206	0.01388	0.04905	0.01726	0.04988	0.01030	0.02031	0.12961	0.02223	0.03004	0.20350	0.03075	0.14811	0.20317	0.00679	0.01154	0.01296	0.00606	0.00812
5	0.02945	0.02140	0.06463	0.01775	0.02439	0.02082	0.01526	0.40744	0.03213	0.15825	0.02325	0.06367	0.01750	0.01067	0.00831	0.00250	0.00852	0.00840	0.00812	0.05754
6	0.02279	0.02678	0.02074	0.01865	0.02142	0.34755	0.01449	0.02484	0.01953	0.02070	0.02802	0.03018	0.15228	0.01297	0.01349	0.00270	0.20053	0.00857	0.00486	0.00890
7	0.02530	0.23948	0.02825	0.01721	0.02303	0.33272	0.01412	0.02794	0.02012	0.02158	0.01287	0.01497	0.01104	0.00759	0.00654	0.00183	0.01118	0.00498	0.00420	0.17506
8	0.01223	0.00879	0.01106	0.01217	0.01317	0.00880	0.00876	0.01541	0.05962	0.02164	0.03897	0.32073	0.04411	0.21626	0.01959	0.00477	0.00656	0.16343	0.00699	0.00694
9	0.18222	0.03551	0.47958	0.02267	0.07240	0.01918	0.02557	0.02584	0.01688	0.02878	0.01422	0.01685	0.01036	0.00782	0.00731	0.00261	0.01083	0.00586	0.00391	0.01161
10	0.20503	0.02551	0.02066	0.06615	0.05568	0.25109	0.01474	0.09169	0.13729	0.03072	0.01743	0.01888	0.01351	0.00893	0.00728	0.00247	0.01024	0.00636	0.00562	0.01073
11	0.05596	0.01702	0.11993	0.01335	0.01831	0.01322	0.01234	0.04449	0.14675	0.02828	0.09599	0.05250	0.31902	0.01544	0.00891	0.00274	0.00631	0.01272	0.00715	0.00957
12	0.01807	0.01711	0.01676	0.01570	0.01832	0.15833	0.01218	0.08052	0.01818	0.02284	0.01995	0.02747	0.01788	0.04520	0.46100	0.00979	0.01933	0.00798	0.00480	0.00858
13	0.01972	0.01444	0.01670	0.01357	0.01840	0.01385	0.01080	0.15482	0.02304	0.08690	0.07265	0.08957	0.16180	0.01335	0.00943	0.00237	0.04627	0.01078	0.00716	0.21439

[dist]
# distance from previous block
# <min> <max>
3	16

[block]
# block no. 4 follows, 22 sequences, length 11
# corresponding to MSA columns:
# 260-270
name=unknown_E
#
# <colnr> <probs for GDERKNQSTAVLIFYWHMCP>
#	G	D	E	R	K	N	Q	S	T	A	V	L	I	F	Y	W	H	M	C	P
0	0.13079	0.16218	0.02090	0.03802	0.01840	0.08938	0.01144	0.02030	0.01598	0.02229	0.02546	0.03204	0.10685	0.12192	0.07942	0.00439	0.07863	0.00842	0.00480	0.00839
1	0.08433	0.28753	0.03031	0.02008	0.11152	0.02431	0.01505	0.09700	0.02021	0.02830	0.10997	0.02309	0.02158	0.00985	0.00915	0.00236	0.08228	0.00715	0.00521	0.01071
2	0.01801	0.03275	0.41894	0.02452	0.10731	0.01831	0.02497	0.08991	0.02095	0.03030	0.11222	0.02493	0.02154	0.00944	0.00827	0.00259	0.01037	0.00779	0.00496	0.01191
3	0.02470	0.12963	0.02408	0.05324	0.02388	0.23522	0.01428	0.18245	0.02483	0.02889	0.02374	0.11940	0.05754	0.01198	0.00801	0.00243	0.01019	0.00926	0.00590	0.01036
4	0.19878	0.12549	0.02252	0.01557	0.02127	0.09245	0.01290	0.12044	0.14276	0.13917	0.02081	0.02046	0.01531	0.00917	0.00707	0.00244	0.00826	0.00662	0.00678	0.01174
5	0.01678	0.01064	0.01386	0.01582	0.10493	0.01075	0.01018	0.04595	0.01921	0.05554	0.11683	0.03368	0.02814	0.01692	0.08900	0.00356	0.00735	0.00892	0.38292	0.00903
6	0.02373	0.21124	0.02953	0.02257	0.14110	0.11640	0.01589	0.14752	0.02287	0.02897	0.01827	0.02013	0.04391	0.00851	0.00713	0.00208	0.00937	0.00646	0.00513	0.11920
7	0.05249	0.02141	0.14702	0.20912	0.27915	0.01788	0.02297	0.02299	0.01782	0.02537	0.02250	0.02652	0.08129	0.00923	0.00821	0.00262	0.00987	0.00812	0.00432	0.01108
8	0.01538	0.01261	0.01516	0.09647	0.02105	0.04738	0.01202	0.09757	0.01970	0.02554	0.03591	0.28408	0.07870	0.02530	0.10554	0.00456	0.00948	0.07849	0.00664	0.00841
9	0.10115	0.19018	0.24002	0.01965	0.05697	0.07451	0.01949	0.06784	0.01859	0.02647	0.01489	0.01808	0.01205	0.01454	0.08880	0.00368	0.01194	0.00600	0.00425	0.01091
10	0.02963	0.08486	0.02586	0.06086	0.02731	0.28936	0.01622	0.30084	0.02959	0.03480	0.01607	0.01753	0.01227	0.00907	0.00774	0.00231	0.01161	0.00636	0.00601	0.01172

[dist]
# distance from previous block
# <min> <max>
5	12

[block]
# block no. 5 follows, 22 sequences, length 29
# corresponding to MSA columns:
# 284-312
name=unknown_F
#
# <colnr> <probs for GDERKNQSTAVLIFYWHMCP>
#	G	D	E	R	K	N	Q	S	T	A	V	L	I	F	Y	W	H	M	C	P
0	0.01866	0.30284	0.02870	0.01635	0.06145	0.02004	0.04839	0.02218	0.02002	0.06579	0.24045	0.03543	0.06542	0.01142	0.00775	0.00227	0.00718	0.00951	0.00620	0.00992
1	0.02428	0.11761	0.02502	0.01880	0.02228	0.26609	0.01521	0.08901	0.02044	0.02416	0.01457	0.01843	0.01254	0.01388	0.05925	0.00328	0.18303	0.00635	0.05595	0.00982
2	0.01774	0.39184	0.07006	0.01372	0.01905	0.02245	0.01308	0.02120	0.01814	0.02347	0.17778	0.02880	0.02946	0.01738	0.09991	0.00366	0.00968	0.00789	0.00511	0.00959
3	0.01974	0.40972	0.07189	0.01781	0.06379	0.02593	0.01557	0.02300	0.01624	0.02115	0.01342	0.01708	0.01211	0.01401	0.08214	0.00331	0.08619	0.00559	0.00382	0.07751
4	0.02181	0.02200	0.06540	0.12045	0.37491	0.05951	0.02301	0.11354	0.02137	0.02918	0.01563	0.02001	0.01260	0.00846	0.00946	0.00258	0.05598	0.00721	0.00462	0.01228
5	0.02144	0.11319	0.02177	0.01495	0.02016	0.01850	0.01213	0.24862	0.02508	0.03401	0.02460	0.20167	0.02421	0.01306	0.00805	0.00236	0.00730	0.01084	0.00676	0.17131
6	0.01769	0.09386	0.34237	0.02874	0.19816	0.01918	0.02504	0.02457	0.01823	0.02598	0.03979	0.02805	0.01775	0.00969	0.00821	0.00264	0.01051	0.07350	0.00433	0.01169
7	0.01275	0.01019	0.01504	0.01453	0.01581	0.01248	0.01147	0.01555	0.01326	0.01938	0.02067	0.03062	0.01939	0.05565	0.58491	0.01200	0.11563	0.00867	0.00434	0.00765
8	0.01393	0.01186	0.01703	0.01585	0.01676	0.01514	0.01260	0.01635	0.01307	0.01933	0.01880	0.02922	0.01812	0.08493	0.42719	0.00988	0.23934	0.00856	0.00422	0.00782
9	0.01290	0.01004	0.01395	0.01303	0.01570	0.01032	0.01012	0.01593	0.01431	0.02104	0.02204	0.06813	0.02096	0.04838	0.49583	0.01022	0.01785	0.00891	0.00474	0.16561
10	0.06678	0.09423	0.02420	0.01710	0.02292	0.06368	0.01417	0.41107	0.03229	0.04349	0.10617	0.02447	0.02223	0.01044	0.00799	0.00242	0.00860	0.00792	0.00751	0.01234
11	0.01707	0.01527	0.01625	0.01525	0.01776	0.11423	0.01188	0.08806	0.01787	0.02324	0.02054	0.02847	0.01846	0.04804	0.49603	0.01038	0.01963	0.00819	0.00487	0.00853
12	0.03103	0.03959	0.02354	0.02140	0.02568	0.67469	0.01605	0.03317	0.02354	0.02033	0.01284	0.01498	0.01070	0.00856	0.00749	0.00214	0.01498	0.00535	0.00428	0.00963
13	0.12093	0.03798	0.55048	0.02142	0.03234	0.01879	0.02685	0.02566	0.01728	0.02809	0.03745	0.01858	0.01276	0.00820	0.00758	0.00262	0.01116	0.00623	0.00394	0.01166
14	0.02434	0.02622	0.06322	0.03338	0.29755	0.18638	0.02050	0.10285	0.10909	0.02947	0.01793	0.02036	0.01421	0.00857	0.00806	0.00245	0.01075	0.00710	0.00523	0.01233
15	0.11249	0.01910	0.11313	0.01596	0.02286	0.01514	0.01470	0.03714	0.10778	0.41242	0.02796	0.02545	0.01848	0.00979	0.00795	0.00261	0.00769	0.00775	0.00847	0.01316
16	0.02589	0.03136	0.02081	0.01924	0.02277	0.49640	0.01453	0.02825	0.02081	0.02005	0.01537	0.01972	0.01340	0.02299	0.18668	0.00515	0.01693	0.00630	0.00433	0.00904
17	0.01573	0.01294	0.01691	0.11303	0.07643	0.01417	0.01306	0.04096	0.18438	0.02571	0.03184	0.21626	0.03195	0.11733	0.01413	0.00375	0.00738	0.04801	0.00665	0.00938
18	0.02263	0.02620	0.02064	0.11346	0.06605	0.36288	0.01538	0.02523	0.02024	0.02112	0.02213	0.20089	0.02278	0.01314	0.00849	0.00258	0.01139	0.01066	0.00511	0.00902
19	0.02641	0.02003	0.02209	0.01690	0.02340	0.02079	0.01383	0.42445	0.03148	0.04336	0.01871	0.02006	0.01408	0.01244	0.05228	0.00288	0.00922	0.00689	0.00714	0.21355
20	0.02043	0.02173	0.04378	0.03855	0.20706	0.02089	0.43616	0.05462	0.02034	0.02796	0.01664	0.02180	0.01283	0.00725	0.00931	0.00270	0.01267	0.00905	0.00437	0.01187
21	0.01572	0.03540	0.51051	0.02251	0.06611	0.01712	0.02604	0.02381	0.01806	0.02612	0.05171	0.02829	0.10300	0.01008	0.00826	0.00265	0.01066	0.00817	0.00437	0.01140
22	0.14319	0.03242	0.39131	0.02866	0.19421	0.01930	0.02571	0.02578	0.01733	0.02836	0.01454	0.01765	0.01095	0.00773	0.00752	0.00258	0.01067	0.00619	0.00394	0.01196
23	0.01161	0.00999	0.01034	0.01127	0.01297	0.05165	0.00810	0.01350	0.01777	0.02185	0.05800	0.38263	0.27795	0.02278	0.01015	0.00310	0.00544	0.05634	0.00748	0.00710
24	0.01808	0.03071	0.33299	0.03304	0.20559	0.01925	0.15593	0.02552	0.01829	0.02638	0.01683	0.04858	0.01358	0.00834	0.00851	0.00265	0.01167	0.00801	0.00400	0.01205
25	0.01856	0.01738	0.02817	0.10943	0.45293	0.01780	0.02185	0.02436	0.05709	0.02638	0.02521	0.03149	0.08070	0.00999	0.00859	0.00263	0.00909	0.04163	0.00490	0.01181
26	0.01786	0.05118	0.01848	0.01937	0.11038	0.15738	0.01286	0.02100	0.01999	0.02520	0.15872	0.12676	0.06521	0.01724	0.04811	0.00323	0.00894	0.05298	0.05620	0.00892
27	0.01926	0.09705	0.05109	0.06342	0.02245	0.14156	0.01409	0.05534	0.05998	0.02379	0.02241	0.02678	0.05335	0.02471	0.19431	0.00546	0.05146	0.00779	0.05632	0.00938
28	0.15303	0.01882	0.10849	0.25348	0.11383	0.01726	0.05976	0.02198	0.01654	0.02575	0.01833	0.09746	0.01657	0.03380	0.00918	0.00293	0.00963	0.00884	0.00452	0.00979

[dist]
# distance from previous block
# <min> <max>
0	4

[block]
# block no. 6 follows, 22 sequences, length 9
# corresponding to MSA columns:
# 317-325
name=unknown_G
#
# <colnr> <probs for GDERKNQSTAVLIFYWHMCP>
#	G	D	E	R	K	N	Q	S	T	A	V	L	I	F	Y	W	H	M	C	P
0	0.06770	0.11488	0.02835	0.06971	0.16057	0.14453	0.04199	0.07147	0.01924	0.02519	0.01452	0.01992	0.01270	0.05156	0.01272	0.00288	0.12036	0.00681	0.00441	0.01050
1	0.01789	0.01560	0.02418	0.22810	0.23570	0.01707	0.01928	0.09297	0.01961	0.02667	0.02143	0.13340	0.02019	0.01621	0.07165	0.00374	0.01049	0.01019	0.00511	0.01051
2	0.06474	0.02431	0.02346	0.02546	0.16745	0.21001	0.01646	0.18775	0.02495	0.03155	0.02051	0.12568	0.01905	0.01138	0.00824	0.00253	0.01018	0.00922	0.00591	0.01116
3	0.02367	0.29408	0.02918	0.01696	0.02176	0.28923	0.01417	0.02618	0.01886	0.01981	0.01428	0.01798	0.01276	0.01907	0.14424	0.00431	0.01412	0.00573	0.00403	0.00957
4	0.01297	0.00992	0.01182	0.01126	0.01381	0.00883	0.00799	0.04211	0.01748	0.02397	0.07220	0.31963	0.11531	0.11753	0.01393	0.00343	0.00564	0.01598	0.00683	0.16935
5	0.02110	0.06460	0.02895	0.02667	0.12356	0.13693	0.05567	0.02383	0.01624	0.02155	0.01238	0.01796	0.01131	0.01147	0.01846	0.00303	0.38544	0.00694	0.00385	0.01005
6	0.07235	0.01240	0.06249	0.01234	0.01482	0.01059	0.00979	0.06186	0.01737	0.02451	0.03878	0.30214	0.10744	0.16710	0.01651	0.00414	0.00663	0.04446	0.00665	0.00764
7	0.03121	0.03433	0.02399	0.02066	0.02571	0.46546	0.01597	0.22513	0.02855	0.03066	0.01513	0.01658	0.01181	0.00902	0.00775	0.00225	0.01310	0.00604	0.00558	0.01108
8	0.02433	0.41406	0.13571	0.01679	0.02457	0.02785	0.01701	0.15527	0.02218	0.06992	0.01527	0.01639	0.01203	0.00805	0.00657	0.00212	0.00935	0.00562	0.00501	0.01189

[dist]
# distance from previous block
# <min> <max>
10	21

[block]
# block no. 7 follows, 22 sequences, length 11
# corresponding to MSA columns:
# 347-357
name=unknown_H
#
# <colnr> <probs for GDERKNQSTAVLIFYWHMCP>
#	G	D	E	R	K	N	Q	S	T	A	V	L	I	F	Y	W	H	M	C	P
0	0.02090	0.19351	0.03348	0.14006	0.11050	0.12919	0.12099	0.02505	0.01894	0.02317	0.06178	0.02145	0.01648	0.00866	0.00868	0.00242	0.04277	0.00730	0.00430	0.01036
1	0.01452	0.01191	0.01802	0.02025	0.13486	0.01239	0.05167	0.01792	0.04506	0.02070	0.02283	0.03852	0.02289	0.31027	0.21459	0.00793	0.01281	0.01001	0.00481	0.00805
2	0.02548	0.02124	0.02883	0.03333	0.30156	0.02309	0.02027	0.30674	0.02774	0.03825	0.01720	0.02005	0.01340	0.00928	0.01007	0.00259	0.07421	0.00743	0.00603	0.01323
3	0.01574	0.01256	0.01475	0.01406	0.01662	0.01420	0.01060	0.02684	0.28007	0.02551	0.02930	0.04023	0.02635	0.17597	0.21731	0.00718	0.01169	0.04520	0.00647	0.00936
4	0.01945	0.02158	0.06904	0.02762	0.22721	0.14359	0.01779	0.02342	0.01928	0.02468	0.02502	0.08885	0.05421	0.01196	0.00853	0.00254	0.00953	0.09255	0.00520	0.10795
5	0.01610	0.06619	0.01853	0.01510	0.01648	0.05627	0.01190	0.01816	0.01418	0.02007	0.01867	0.02980	0.01830	0.16083	0.20225	0.00676	0.21896	0.00837	0.07524	0.00787
6	0.02654	0.02497	0.08263	0.02077	0.06998	0.16946	0.01635	0.07287	0.23924	0.15290	0.02485	0.02410	0.01810	0.00978	0.00813	0.00255	0.00954	0.00770	0.00706	0.01251
7	0.02127	0.38040	0.07404	0.01535	0.02208	0.11298	0.01435	0.02457	0.01766	0.02168	0.01336	0.01598	0.01170	0.01093	0.05178	0.00256	0.01027	0.00508	0.00400	0.16995
8	0.02270	0.02231	0.15663	0.01700	0.02348	0.01789	0.01619	0.27048	0.02831	0.08610	0.17196	0.03401	0.07255	0.01195	0.00868	0.00258	0.00810	0.00971	0.00759	0.01178
9	0.07354	0.16590	0.32460	0.02593	0.13245	0.05526	0.06049	0.02613	0.01782	0.02564	0.01414	0.01709	0.01100	0.00763	0.00735	0.00242	0.01105	0.00608	0.00381	0.01167
10	0.05445	0.03559	0.49544	0.16471	0.03948	0.01908	0.02797	0.02513	0.01717	0.02578	0.01471	0.01832	0.01056	0.00797	0.00784	0.00266	0.01172	0.00632	0.00363	0.01146

[dist]
# distance from previous block
# <min> <max>
0	7

[block]
# block no. 8 follows, 22 sequences, length 8
# corresponding to MSA columns:
# 365-372
name=unknown_I
