[name]
unknown

[dist]
# distance from previous block
# <min> <max>
17	21

[block]
# block no. 0 follows, 22 sequences, length 12
# corresponding to MSA columns:
# 21-32
name=unknown_A
#
# <colnr> <probs for GDERKNQSTAVLIFYWHMCP>
#	G	D	E	R	K	N	Q	S	T	A	V	L	I	F	Y	W	H	M	C	P
0	0.01730	0.01044	0.01249	0.01132	0.01443	0.00932	0.00830	0.04297	0.01861	0.14836	0.04548	0.19885	0.19186	0.13925	0.01500	0.00364	0.00598	0.01448	0.00749	0.08442
1	0.01562	0.01357	0.01887	0.02022	0.11392	0.01623	0.01301	0.01705	0.01337	0.01924	0.01895	0.03589	0.02050	0.34583	0.03151	0.00557	0.25889	0.00960	0.00438	0.00777
2	0.01280	0.00831	0.00961	0.04212	0.01203	0.00827	0.00645	0.01390	0.01436	0.02026	0.03382	0.04955	0.12254	0.36823	0.02729	0.06721	0.00668	0.01140	0.15918	0.00599
3	0.25373	0.01709	0.01673	0.01420	0.01931	0.01890	0.01143	0.18728	0.16578	0.06076	0.03127	0.03038	0.11756	0.01135	0.00760	0.00264	0.00685	0.00863	0.00734	0.01117
4	0.01551	0.00927	0.01075	0.04699	0.01428	0.00896	0.00776	0.01879	0.01661	0.02788	0.02317	0.02790	0.01870	0.01320	0.04126	0.06408	0.00582	0.00729	0.49413	0.12767
5	0.01924	0.01586	0.01679	0.01505	0.01896	0.01782	0.01142	0.08619	0.43051	0.03205	0.03544	0.03807	0.07665	0.13156	0.01436	0.00369	0.00686	0.01036	0.00779	0.01134
6	0.02321	0.01556	0.01599	0.01367	0.01768	0.11610	0.01064	0.02661	0.02330	0.23069	0.32221	0.04163	0.04600	0.01298	0.00879	0.00246	0.00680	0.01087	0.00852	0.04628
7	0.01855	0.02828	0.24104	0.03065	0.07136	0.02094	0.33009	0.02564	0.01807	0.02573	0.01542	0.02024	0.01177	0.00823	0.01125	0.00283	0.09641	0.00820	0.00391	0.01139
8	0.02509	0.02817	0.04827	0.01738	0.02167	0.38537	0.01373	0.02795	0.02266	0.08547	0.12361	0.03261	0.11033	0.01172	0.00827	0.00237	0.01089	0.00885	0.00606	0.00955
9	0.01896	0.08228	0.20734	0.03602	0.34644	0.02065	0.02460	0.02465	0.01756	0.02528	0.01507	0.01959	0.01245	0.01105	0.04532	0.00314	0.06679	0.00688	0.00388	0.01207
10	0.02616	0.03098	0.02538	0.02186	0.02554	0.40884	0.06577	0.05761	0.02128	0.02243	0.01655	0.01973	0.04238	0.01048	0.01235	0.00259	0.16901	0.00685	0.00449	0.00973
11	0.17199	0.46282	0.03493	0.01670	0.06772	0.02844	0.01414	0.07668	0.01839	0.02648	0.01258	0.01446	0.01081	0.00750	0.00576	0.00205	0.00849	0.00493	0.00432	0.01081

[dist]
# distance from previous block
# <min> <max>
0	1

[block]
# block no. 1 follows, 22 sequences, length 68
# corresponding to MSA columns:
# 34-101
name=unknown_B
#
# <colnr> <probs for GDERKNQSTAVLIFYWHMCP>
#	G	D	E	R	K	N	Q	S	T	A	V	L	I	F	Y	W	H	M	C	P
0	0.18068	0.01873	0.02872	0.07008	0.49263	0.01945	0.02185	0.02508	0.01779	0.02906	0.01472	0.01911	0.01217	0.00751	0.00757	0.00250	0.00918	0.00678	0.00431	0.01209
1	0.01893	0.01530	0.01702	0.05093	0.02092	0.01667	0.01221	0.15039	0.25061	0.03423	0.10568	0.04569	0.16396	0.01422	0.00903	0.00278	0.00662	0.04582	0.00803	0.01094
2	0.01755	0.15029	0.56546	0.02216	0.03361	0.02147	0.02805	0.02608	0.01743	0.02523	0.01437	0.01686	0.01055	0.00777	0.00748	0.00249	0.01173	0.00587	0.00352	0.01202
3	0.07438	0.02968	0.02361	0.01959	0.02516	0.29686	0.01550	0.34407	0.03111	0.03807	0.01648	0.01749	0.01239	0.00925	0.00778	0.00235	0.01143	0.00641	0.00644	0.01195
4	0.02131	0.01111	0.01374	0.01214	0.01595	0.00997	0.00939	0.05759	0.02143	0.25958	0.08014	0.19048	0.22844	0.01733	0.00936	0.00281	0.00566	0.01477	0.00876	0.01002
5	0.01639	0.00905	0.01210	0.01196	0.01411	0.00821	0.00871	0.01888	0.01963	0.16213	0.20510	0.38638	0.05383	0.02022	0.00990	0.00300	0.00506	0.01804	0.00865	0.00863
6	0.03158	0.02327	0.02493	0.01911	0.02576	0.02576	0.01579	0.62852	0.03906	0.05236	0.01995	0.01995	0.01413	0.00997	0.00831	0.00249	0.00914	0.00748	0.00831	0.01413
7	0.03220	0.02227	0.02431	0.01864	0.02526	0.02427	0.01540	0.56395	0.03738	0.11930	0.02135	0.02086	0.01483	0.01001	0.00832	0.00250	0.00891	0.00758	0.00853	0.01413
8	0.03144	0.02752	0.02457	0.01971	0.02574	0.19475	0.01586	0.47349	0.03502	0.04402	0.01810	0.01865	0.01324	0.00960	0.00810	0.00240	0.01066	0.00693	0.00726	0.01296
9	0.73032	0.01597	0.01256	0.01112	0.01632	0.01832	0.00916	0.02522	0.01462	0.06845	0.01263	0.01423	0.00957	0.00784	0.00530	0.00257	0.00646	0.00469	0.00540	0.00925
10	0.00992	0.00804	0.00881	0.00942	0.01149	0.00693	0.00676	0.01181	0.01797	0.02205	0.07192	0.27853	0.46217	0.02263	0.01007	0.00299	0.00440	0.01947	0.00771	0.00693
11	0.01012	0.00723	0.00964	0.01157	0.01205	0.00675	0.00771	0.01157	0.01591	0.02121	0.04579	0.70262	0.05495	0.02603	0.01060	0.00337	0.00482	0.02362	0.00771	0.00675
12	0.02056	0.01974	0.03372	0.05099	0.65622	0.01974	0.02550	0.02550	0.01892	0.02714	0.01563	0.02056	0.01316	0.00740	0.00822	0.00247	0.00987	0.00740	0.00411	0.01316
13	0.03103	0.03959	0.02354	0.02140	0.02568	0.67469	0.01605	0.03317	0.02354	0.02033	0.01284	0.01498	0.01070	0.00856	0.00749	0.00214	0.01498	0.00535	0.00428	0.00963
14	0.01127	0.00847	0.01042	0.00993	0.01211	0.00763	0.00745	0.01472	0.02235	0.03055	0.50772	0.06660	0.22423	0.01801	0.00980	0.00266	0.00399	0.01566	0.00878	0.00763
15	0.01141	0.00822	0.01079	0.01069	0.01233	0.00760	0.00781	0.01479	0.02188	0.03071	0.52162	0.19969	0.07335	0.01893	0.00997	0.00278	0.00411	0.01687	0.00884	0.00760
16	0.02055	0.02023	0.03197	0.07428	0.53236	0.04944	0.02417	0.02505	0.01834	0.02579	0.01495	0.02012	0.01271	0.00828	0.01029	0.00259	0.08515	0.00730	0.00405	0.01238
17	0.01818	0.01818	0.02545	0.02181	0.02181	0.02545	0.01818	0.01999	0.01272	0.01999	0.01091	0.01818	0.01091	0.01454	0.02726	0.00364	0.69284	0.00727	0.00364	0.00909
18	0.03316	0.02074	0.02337	0.01791	0.02450	0.02201	0.01480	0.46561	0.03483	0.22125	0.02350	0.02225	0.01591	0.01006	0.00832	0.00251	0.00857	0.00772	0.00886	0.01413
19	0.01723	0.01477	0.01723	0.01230	0.01969	0.01107	0.00984	0.02092	0.01723	0.02707	0.01477	0.01723	0.01230	0.00615	0.00615	0.00123	0.00615	0.00492	0.00492	0.75883
20	0.01903	0.01817	0.03095	0.25176	0.46746	0.01933	0.02473	0.02415	0.01819	0.02528	0.01536	0.02106	0.01250	0.00769	0.00825	0.00256	0.01025	0.00740	0.00398	0.01192
21	0.01034	0.00844	0.00913	0.00896	0.01154	0.00723	0.00672	0.01293	0.02016	0.02535	0.23600	0.07516	0.49919	0.01995	0.00981	0.00275	0.00413	0.01686	0.00810	0.00723
22	0.03158	0.02327	0.02493	0.01911	0.02576	0.02576	0.01579	0.62852	0.03906	0.05236	0.01995	0.01995	0.01413	0.00997	0.00831	0.00249	0.00914	0.00748	0.00831	0.01413
23	0.02169	0.03625	0.46128	0.02201	0.03249	0.02067	0.02578	0.18811	0.02361	0.06528	0.01716	0.01872	0.01199	0.00857	0.00803	0.00259	0.01118	0.00661	0.00513	0.01287
24	0.02139	0.16966	0.23556	0.02982	0.22849	0.05651	0.02332	0.09142	0.02048	0.02771	0.01489	0.01777	0.01179	0.00784	0.00750	0.00236	0.01062	0.00630	0.00427	0.01229
25	0.01666	0.04297	0.66500	0.02368	0.03596	0.01929	0.03069	0.02631	0.01754	0.02631	0.01491	0.01754	0.01052	0.00789	0.00789	0.00263	0.01228	0.00614	0.00351	0.01228
26	0.00982	0.00842	0.00842	0.00842	0.01122	0.00701	0.00631	0.01192	0.01894	0.02244	0.08416	0.07995	0.65285	0.02104	0.00982	0.00281	0.00421	0.01753	0.00771	0.00701
27	0.02541	0.03273	0.10812	0.03083	0.22600	0.35364	0.02076	0.03039	0.05038	0.02392	0.01497	0.01782	0.01214	0.00824	0.00782	0.00234	0.01263	0.00629	0.00433	0.01125
28	0.01837	0.22088	0.46286	0.02270	0.06732	0.02295	0.02599	0.02588	0.01744	0.02455	0.01405	0.01658	0.01071	0.00765	0.00723	0.00239	0.01123	0.00576	0.00355	0.01190
29	0.03158	0.02327	0.02493	0.01911	0.02576	0.02576	0.01579	0.62852	0.03906	0.05236	0.01995	0.01995	0.01413	0.00997	0.00831	0.00249	0.00914	0.00748	0.00831	0.01413
30	0.01748	0.03786	0.53348	0.02230	0.03303	0.01957	0.02712	0.02994	0.14448	0.02803	0.01876	0.02028	0.01354	0.00858	0.00801	0.00267	0.01112	0.00680	0.00451	0.01245
31	0.01094	0.00877	0.00997	0.01057	0.01310	0.00781	0.00853	0.01358	0.01899	0.02320	0.07157	0.08426	0.46327	0.02164	0.01034	0.00312	0.00529	0.20014	0.00769	0.00721
32	0.05952	0.01827	0.03032	0.21135	0.46892	0.01935	0.02399	0.02435	0.01807	0.02618	0.01519	0.02059	0.01240	0.00765	0.00808	0.00255	0.00999	0.00724	0.00406	0.01193
33	0.00982	0.00842	0.00842	0.00842	0.01122	0.00701	0.00631	0.01192	0.01894	0.02244	0.08416	0.07995	0.65285	0.02104	0.00982	0.00281	0.00421	0.01753	0.00771	0.00701
34	0.01435	0.00920	0.01116	0.01025	0.01311	0.00810	0.00784	0.01750	0.02184	0.11085	0.35987	0.06434	0.28504	0.01763	0.00962	0.00268	0.00444	0.01509	0.00876	0.00835
35	0.02056	0.01974	0.03372	0.05099	0.65622	0.01974	0.02550	0.02550	0.01892	0.02714	0.01563	0.02056	0.01316	0.00740	0.00822	0.00247	0.00987	0.00740	0.00411	0.01316
36	0.02105	0.02176	0.02456	0.03181	0.28617	0.18992	0.01915	0.02490	0.02021	0.02461	0.02390	0.04233	0.02352	0.01265	0.00906	0.00281	0.01052	0.19530	0.00528	0.01047
37	0.03727	0.01414	0.01928	0.01478	0.02121	0.01221	0.01221	0.04049	0.02378	0.66198	0.03277	0.02828	0.02056	0.01028	0.00835	0.00257	0.00707	0.00835	0.01028	0.01414
38	0.01818	0.01818	0.02545	0.02181	0.02181	0.02545	0.01818	0.01999	0.01272	0.01999	0.01091	0.01818	0.01091	0.01454	0.02726	0.00364	0.69284	0.00727	0.00364	0.00909
39	0.01666	0.04297	0.66500	0.02368	0.03596	0.01929	0.03069	0.02631	0.01754	0.02631	0.01491	0.01754	0.01052	0.00789	0.00789	0.00263	0.01228	0.00614	0.00351	0.01228
40	0.01835	0.24653	0.47620	0.02080	0.03151	0.02342	0.02569	0.02587	0.01734	0.02425	0.01389	0.01626	0.01057	0.00765	0.00711	0.00237	0.01125	0.00562	0.00352	0.01179
41	0.01666	0.04297	0.66500	0.02368	0.03596	0.01929	0.03069	0.02631	0.01754	0.02631	0.01491	0.01754	0.01052	0.00789	0.00789	0.00263	0.01228	0.00614	0.00351	0.01228
42	0.02884	0.03349	0.02589	0.02750	0.16117	0.46101	0.01805	0.09845	0.02429	0.02539	0.01424	0.01674	0.01161	0.00847	0.00774	0.00225	0.01323	0.00603	0.00470	0.01089
43	0.01987	0.01904	0.03248	0.14085	0.57173	0.01956	0.02515	0.02489	0.01859	0.02631	0.01550	0.02078	0.01286	0.00753	0.00824	0.00251	0.01004	0.00740	0.00405	0.01260
44	0.01443	0.01257	0.01882	0.14979	0.17083	0.01286	0.01595	0.01833	0.01854	0.02398	0.04370	0.05910	0.21111	0.01600	0.00963	0.00301	0.00780	0.17842	0.00610	0.00904
45	0.01049	0.00743	0.00975	0.01147	0.01196	0.00702	0.00768	0.01189	0.01564	0.02082	0.04355	0.60278	0.05189	0.10078	0.01412	0.00391	0.00531	0.04949	0.00741	0.00660
46	0.01873	0.18099	0.35893	0.02376	0.03364	0.02267	0.15739	0.02708	0.05332	0.02540	0.01568	0.01847	0.01186	0.00772	0.00780	0.00250	0.01160	0.00677	0.00395	0.01174
47	0.02051	0.01988	0.03454	0.05013	0.62320	0.01981	0.05786	0.02556	0.01895	0.02711	0.01569	0.02066	0.01313	0.00738	0.00831	0.00249	0.01009	0.00753	0.00412	0.01305
48	0.01142	0.00876	0.01118	0.01199	0.01399	0.00852	0.00958	0.01419	0.01748	0.02240	0.05410	0.13894	0.26253	0.03103	0.15338	0.00545	0.00924	0.20154	0.00699	0.00727
49	0.61262	0.01867	0.07662	0.01270	0.01859	0.01843	0.01151	0.02656	0.04719	0.07264	0.01428	0.01565	0.01066	0.00806	0.00577	0.00259	0.00704	0.00514	0.00545	0.00983
50	0.02378	0.01969	0.06037	0.04234	0.49790	0.01819	0.02304	0.02858	0.01984	0.15631	0.01908	0.02199	0.01454	0.00801	0.00824	0.00250	0.00941	0.00754	0.00534	0.01332
51	0.01549	0.00774	0.00774	0.00774	0.00968	0.00774	0.00581	0.01936	0.01742	0.03097	0.02710	0.03097	0.02129	0.00968	0.00581	0.00194	0.00387	0.00774	0.75416	0.00774
52	0.02243	0.01318	0.02131	0.01711	0.02184	0.01185	0.13513	0.02599	0.02071	0.26541	0.09973	0.18074	0.09791	0.01479	0.00943	0.00282	0.00738	0.01355	0.00811	0.01058
53	0.02056	0.01974	0.03372	0.05099	0.65622	0.01974	0.02550	0.02550	0.01892	0.02714	0.01563	0.02056	0.01316	0.00740	0.00822	0.00247	0.00987	0.00740	0.00411	0.01316
54	0.02221	0.71304	0.04353	0.01421	0.02132	0.03287	0.01421	0.02488	0.01688	0.01955	0.01155	0.01333	0.01066	0.00711	0.00533	0.00178	0.00888	0.00444	0.00355	0.01066
55	0.01187	0.00890	0.01335	0.01335	0.01483	0.01038	0.01038	0.01483	0.01335	0.01928	0.02225	0.03264	0.02077	0.06231	0.67512	0.01335	0.02225	0.00890	0.00445	0.00742
56	0.02066	0.01785	0.01878	0.01691	0.02160	0.02066	0.01315	0.04414	0.64121	0.03475	0.03381	0.03099	0.02536	0.01127	0.00845	0.00282	0.00657	0.00939	0.00845	0.01315
57	0.01012	0.00723	0.00964	0.01157	0.01205	0.00675	0.00771	0.01157	0.01591	0.02121	0.04579	0.70262	0.05495	0.02603	0.01060	0.00337	0.00482	0.02362	0.00771	0.00675
58	0.01872	0.01565	0.01803	0.01301	0.02032	0.01260	0.01046	0.08413	0.01950	0.02970	0.01530	0.01751	0.01249	0.00655	0.00638	0.00136	0.00646	0.00519	0.00527	0.68135
59	0.01549	0.00774	0.00774	0.00774	0.00968	0.00774	0.00581	0.01936	0.01742	0.03097	0.02710	0.03097	0.02129	0.00968	0.00581	0.00194	0.00387	0.00774	0.75416	0.00774
60	0.01723	0.01477	0.01723	0.01230	0.01969	0.01107	0.00984	0.02092	0.01723	0.02707	0.01477	0.01723	0.01230	0.00615	0.00615	0.00123	0.00615	0.00492	0.00492	0.75883
61	0.02213	0.02423	0.06352	0.04466	0.51934	0.12975	0.02417	0.02683	0.01962	0.02596	0.01512	0.01947	0.01261	0.00762	0.00808	0.00242	0.01085	0.00699	0.00411	0.01252
62	0.01194	0.00863	0.01199	0.01199	0.01300	0.00964	0.00868	0.01396	0.01295	0.01828	0.02350	0.03954	0.02377	0.26754	0.47398	0.01167	0.01774	0.00991	0.00464	0.00666
63	0.01443	0.00722	0.01082	0.01082	0.01082	0.00722	0.00722	0.01082	0.01082	0.01443	0.01443	0.02525	0.01443	0.02886	0.03247	0.75830	0.00722	0.00722	0.00361	0.00361
64	0.01970	0.02478	0.17271	0.04300	0.48273	0.01969	0.02594	0.02674	0.05400	0.02739	0.01650	0.02048	0.01327	0.00773	0.00816	0.00252	0.01022	0.00724	0.00423	0.01296
65	0.01994	0.02050	0.06139	0.15279	0.40100	0.01999	0.12130	0.05326	0.01952	0.02721	0.01584	0.02097	0.01265	0.00763	0.00848	0.00258	0.01081	0.00773	0.00423	0.01219
66	0.02263	0.02507	0.03038	0.17703	0.26628	0.22105	0.08802	0.02706	0.01992	0.02372	0.01471	0.01939	0.01189	0.00791	0.00819	0.00247	0.01215	0.00703	0.00408	0.01101
67	0.01712	0.01682	0.01931	0.01740	0.04757	0.08646	0.08414	0.02589	0.18876	0.02696	0.07558	0.04666	0.25442	0.01395	0.00897	0.00265	0.00751	0.01199	0.00692	0.04090

[dist]
# distance from previous block
# <min> <max>
0	3

[block]
# block no. 2 follows, 22 sequences, length 48
# corresponding to MSA columns:
# 105-152
name=unknown_C
#
# <colnr> <probs for GDERKNQSTAVLIFYWHMCP>
#	G	D	E	R	K	N	Q	S	T	A	V	L	I	F	Y	W	H	M	C	P
0	0.01894	0.17060	0.02176	0.01557	0.01919	0.15597	0.01295	0.02314	0.06344	0.02281	0.03215	0.13411	0.06699	0.01588	0.00885	0.00283	0.00882	0.19091	0.00611	0.00897
1	0.02686	0.03567	0.10949	0.02820	0.16547	0.44536	0.02004	0.03059	0.02174	0.02261	0.01372	0.01654	0.01122	0.00822	0.00770	0.00228	0.01351	0.00590	0.00414	0.01075
2	0.02057	0.02749	0.16042	0.02919	0.21874	0.18914	0.02081	0.02534	0.01861	0.02346	0.01620	0.02111	0.01363	0.01986	0.15439	0.00481	0.01444	0.00693	0.00410	0.01079
3	0.31691	0.01992	0.04954	0.02106	0.12749	0.02045	0.01510	0.21129	0.02360	0.09634	0.01689	0.01817	0.01238	0.00859	0.00704	0.00253	0.00815	0.00632	0.00633	0.01188
4	0.01658	0.02751	0.30481	0.03000	0.24784	0.01685	0.02370	0.02297	0.01832	0.02578	0.02984	0.03183	0.14763	0.01051	0.00842	0.00261	0.00972	0.00900	0.00461	0.01147
5	0.02446	0.02801	0.01910	0.01725	0.02135	0.38854	0.01310	0.08126	0.06024	0.02466	0.03492	0.03478	0.19376	0.01238	0.00828	0.00240	0.01091	0.00923	0.00586	0.00950
6	0.01353	0.01098	0.01220	0.01167	0.01446	0.01112	0.00872	0.02202	0.19583	0.02842	0.21432	0.11666	0.24142	0.04773	0.01092	0.00304	0.00503	0.01487	0.00819	0.00886
7	0.01549	0.00774	0.00774	0.00774	0.00968	0.00774	0.00581	0.01936	0.01742	0.03097	0.02710	0.03097	0.02129	0.00968	0.00581	0.00194	0.00387	0.00774	0.75416	0.00774
8	0.01270	0.01080	0.01123	0.01071	0.01393	0.01052	0.00815	0.02034	0.17657	0.02633	0.11186	0.06630	0.45331	0.01828	0.00947	0.00279	0.00479	0.01530	0.00800	0.00862
9	0.03727	0.01414	0.01928	0.01478	0.02121	0.01221	0.01221	0.04049	0.02378	0.66198	0.03277	0.02828	0.02056	0.01028	0.00835	0.00257	0.00707	0.00835	0.01028	0.01414
10	0.03060	0.08159	0.02547	0.02005	0.02540	0.39162	0.01582	0.25034	0.02874	0.03199	0.01535	0.01668	0.01195	0.00897	0.00764	0.00224	0.01241	0.00606	0.00570	0.01135
11	0.03071	0.02583	0.05437	0.02199	0.08262	0.16027	0.01683	0.32271	0.03042	0.14245	0.01993	0.02021	0.01421	0.00939	0.00812	0.00244	0.01025	0.00710	0.00718	0.01300
12	0.05649	0.12397	0.38515	0.02017	0.02972	0.02150	0.02314	0.08342	0.09637	0.05744	0.01788	0.01914	0.01307	0.00849	0.00755	0.00252	0.01033	0.00646	0.00494	0.01226
13	0.01187	0.00890	0.01335	0.01335	0.01483	0.01038	0.01038	0.01483	0.01335	0.01928	0.02225	0.03264	0.02077	0.06231	0.67512	0.01335	0.02225	0.00890	0.00445	0.00742
14	0.02707	0.15794	0.13516	0.02053	0.02665	0.45198	0.01820	0.03056	0.02137	0.02120	0.01296	0.01512	0.01066	0.00819	0.00718	0.00216	0.01346	0.00532	0.00402	0.01026
15	0.76672	0.01607	0.01221	0.01092	0.01607	0.01864	0.00900	0.02442	0.01414	0.03727	0.01157	0.01350	0.00900	0.00771	0.00514	0.00257	0.00643	0.00450	0.00514	0.00900
16	0.01208	0.00805	0.00906	0.00906	0.00906	0.00805	0.00503	0.01208	0.01208	0.01611	0.02618	0.05436	0.03020	0.70804	0.04228	0.00805	0.00805	0.01208	0.00503	0.00503
17	0.01549	0.00774	0.00774	0.00774	0.00968	0.00774	0.00581	0.01936	0.01742	0.03097	0.02710	0.03097	0.02129	0.00968	0.00581	0.00194	0.00387	0.00774	0.75416	0.00774
18	0.01961	0.07097	0.42235	0.02131	0.03062	0.15415	0.02423	0.02756	0.05132	0.02491	0.02024	0.02195	0.05709	0.00910	0.00785	0.00251	0.01180	0.00688	0.00423	0.01132
19	0.01787	0.01701	0.02672	0.02549	0.15895	0.01563	0.14836	0.02455	0.08789	0.02723	0.02664	0.02885	0.09819	0.00913	0.00813	0.00222	0.00846	0.00868	0.00535	0.25466
20	0.01638	0.01579	0.01684	0.16119	0.02534	0.12546	0.01322	0.04318	0.01948	0.02418	0.13905	0.07081	0.11341	0.02396	0.15012	0.00490	0.01155	0.01085	0.00583	0.00844
21	0.01961	0.02241	0.04902	0.03501	0.04342	0.02101	0.62605	0.02661	0.01961	0.02661	0.01681	0.02241	0.01261	0.00700	0.00980	0.00280	0.01401	0.00980	0.00420	0.01120
22	0.02949	0.02146	0.02312	0.01813	0.02435	0.02359	0.01485	0.49853	0.11197	0.07866	0.02529	0.02452	0.04563	0.01066	0.00840	0.00255	0.00849	0.00823	0.00840	0.01368
23	0.01208	0.00805	0.00906	0.00906	0.00906	0.00805	0.00503	0.01208	0.01208	0.01611	0.02618	0.05436	0.03020	0.70804	0.04228	0.00805	0.00805	0.01208	0.00503	0.00503
24	0.02094	0.45237	0.14334	0.01639	0.02386	0.02799	0.01677	0.02920	0.14936	0.02391	0.01684	0.01778	0.01375	0.00812	0.00643	0.00214	0.00897	0.00578	0.00458	0.01146
25	0.02295	0.06485	0.13116	0.01925	0.02428	0.35123	0.01692	0.02662	0.01943	0.02103	0.01568	0.02013	0.01340	0.02296	0.18858	0.00525	0.01619	0.00640	0.00416	0.00953
26	0.01208	0.00805	0.00906	0.00906	0.00906	0.00805	0.00503	0.01208	0.01208	0.01611	0.02618	0.05436	0.03020	0.70804	0.04228	0.00805	0.00805	0.01208	0.00503	0.00503
27	0.02497	0.01999	0.02121	0.01778	0.02324	0.02268	0.01419	0.27470	0.40364	0.04170	0.02834	0.02664	0.02093	0.01076	0.00840	0.00269	0.00759	0.00864	0.00840	0.01354
28	0.01766	0.03641	0.47473	0.02869	0.09723	0.01970	0.15536	0.02629	0.01811	0.02645	0.01538	0.01885	0.01121	0.00766	0.00833	0.00265	0.01241	0.00703	0.00371	0.01214
29	0.02381	0.02873	0.13344	0.02188	0.02683	0.18214	0.04553	0.14363	0.04687	0.02830	0.01498	0.01833	0.01207	0.01062	0.01399	0.00281	0.22329	0.00685	0.00490	0.01099
30	0.01929	0.36055	0.37046	0.01919	0.02902	0.02573	0.02288	0.02563	0.01723	0.02310	0.01332	0.01554	0.01059	0.00752	0.00668	0.00223	0.01067	0.00533	0.00353	0.01151
31	0.02056	0.01974	0.03372	0.05099	0.65622	0.01974	0.02550	0.02550	0.01892	0.02714	0.01563	0.02056	0.01316	0.00740	0.00822	0.00247	0.00987	0.00740	0.00411	0.01316
32	0.01246	0.00926	0.01209	0.01351	0.01565	0.00890	0.01155	0.01584	0.01908	0.02423	0.05443	0.09013	0.20509	0.02245	0.01104	0.00356	0.00675	0.44882	0.00767	0.00748
33	0.02775	0.03105	0.05755	0.02865	0.18891	0.33145	0.01914	0.16158	0.02546	0.02941	0.01522	0.01763	0.01208	0.00854	0.00788	0.00233	0.01225	0.00639	0.00508	0.01166
34	0.01193	0.00829	0.01015	0.01015	0.01066	0.00862	0.00648	0.01279	0.01271	0.01721	0.02768	0.04982	0.05486	0.51001	0.20563	0.00920	0.01158	0.01149	0.00500	0.00574
35	0.01666	0.04297	0.66500	0.02368	0.03596	0.01929	0.03069	0.02631	0.01754	0.02631	0.01491	0.01754	0.01052	0.00789	0.00789	0.00263	0.01228	0.00614	0.00351	0.01228
36	0.02239	0.01733	0.01883	0.01620	0.02072	0.01906	0.01271	0.28206	0.21751	0.03858	0.03348	0.17163	0.06408	0.01443	0.00893	0.00280	0.00715	0.01208	0.00819	0.01184
37	0.03158	0.02327	0.02493	0.01911	0.02576	0.02576	0.01579	0.62852	0.03906	0.05236	0.01995	0.01995	0.01413	0.00997	0.00831	0.00249	0.00914	0.00748	0.00831	0.01413
38	0.01549	0.00774	0.00774	0.00774	0.00968	0.00774	0.00581	0.01936	0.01742	0.03097	0.02710	0.03097	0.02129	0.00968	0.00581	0.00194	0.00387	0.00774	0.75416	0.00774
39	0.03103	0.03959	0.02354	0.02140	0.02568	0.67469	0.01605	0.03317	0.02354	0.02033	0.01284	0.01498	0.01070	0.00856	0.00749	0.00214	0.01498	0.00535	0.00428	0.00963
40	0.01176	0.00849	0.01110	0.01045	0.01241	0.00784	0.00784	0.01568	0.02352	0.03331	0.65184	0.06206	0.07839	0.01698	0.00980	0.00261	0.00392	0.01502	0.00914	0.00784
41	0.01666	0.04297	0.66500	0.02368	0.03596	0.01929	0.03069	0.02631	0.01754	0.02631	0.01491	0.01754	0.01052	0.00789	0.00789	0.00263	0.01228	0.00614	0.00351	0.01228
42	0.01443	0.00722	0.01082	0.01082	0.01082	0.00722	0.00722	0.01082	0.01082	0.01443	0.01443	0.02525	0.01443	0.02886	0.03247	0.75830	0.00722	0.00722	0.00361	0.00361
43	0.44240	0.08478	0.15411	0.01411	0.02123	0.01908	0.01418	0.02440	0.01551	0.03201	0.01269	0.01482	0.00990	0.00749	0.00587	0.00234	0.00785	0.00490	0.00462	0.10770
44	0.01549	0.00774	0.00774	0.00774	0.00968	0.00774	0.00581	0.01936	0.01742	0.03097	0.02710	0.03097	0.02129	0.00968	0.00581	0.00194	0.00387	0.00774	0.75416	0.00774
45	0.02031	0.01948	0.03326	0.08416	0.62503	0.01967	0.02537	0.02527	0.01880	0.02683	0.01558	0.02064	0.01305	0.00745	0.00823	0.00248	0.00993	0.00740	0.00409	0.01295
46	0.19186	0.03191	0.02080	0.01865	0.02328	0.44560	0.01428	0.06732	0.06639	0.02698	0.01448	0.01609	0.01157	0.00865	0.00709	0.00230	0.01216	0.00558	0.00501	0.01001
47	0.01786	0.01254	0.01476	0.01320	0.01635	0.01270	0.01011	0.18635	0.02561	0.06257	0.25464	0.21203	0.09290	0.01731	0.00952	0.00278	0.00576	0.01498	0.00850	0.00954

[dist]
# distance from previous block
# <min> <max>
0	2

[block]
# block no. 3 follows, 22 sequences, length 40
# corresponding to MSA columns:
# 155-194
name=unknown_D
#
# <colnr> <probs for GDERKNQSTAVLIFYWHMCP>
#	G	D	E	R	K	N	Q	S	T	A	V	L	I	F	Y	W	H	M	C	P
0	0.02674	0.02408	0.02551	0.02942	0.23753	0.19840	0.01809	0.06130	0.13076	0.13344	0.02110	0.02211	0.01590	0.00899	0.00809	0.00246	0.01019	0.00735	0.00614	0.01240
1	0.02247	0.32219	0.13841	0.01905	0.04991	0.05757	0.01787	0.13484	0.02091	0.02702	0.01441	0.01706	0.01195	0.01149	0.04537	0.00288	0.06486	0.00591	0.00453	0.01131
2	0.02368	0.01500	0.01701	0.01426	0.01912	0.01528	0.01137	0.14571	0.17468	0.19355	0.08076	0.04244	0.18399	0.01359	0.00883	0.00268	0.00643	0.01116	0.00874	0.01172
3	0.01549	0.00774	0.00774	0.00774	0.00968	0.00774	0.00581	0.01936	0.01742	0.03097	0.02710	0.03097	0.02129	0.00968	0.00581	0.00194	0.00387	0.00774	0.75416	0.00774
4	0.01756	0.07373	0.48144	0.02087	0.03138	0.01876	0.02521	0.05783	0.01857	0.02723	0.01639	0.04869	0.01299	0.00857	0.00767	0.00243	0.01078	0.00676	0.00415	0.10901
5	0.02945	0.10662	0.02646	0.01857	0.02486	0.09263	0.01540	0.44413	0.08791	0.04362	0.01944	0.01962	0.01435	0.00960	0.00788	0.00240	0.00948	0.00707	0.00734	0.01317
6	0.76672	0.01607	0.01221	0.01092	0.01607	0.01864	0.00900	0.02442	0.01414	0.03727	0.01157	0.01350	0.00900	0.00771	0.00514	0.00257	0.00643	0.00450	0.00514	0.00900
7	0.02056	0.01974	0.03372	0.05099	0.65622	0.01974	0.02550	0.02550	0.01892	0.02714	0.01563	0.02056	0.01316	0.00740	0.00822	0.00247	0.00987	0.00740	0.00411	0.01316
8	0.01598	0.01506	0.02544	0.65048	0.09257	0.01853	0.02321	0.02148	0.01675	0.02157	0.01482	0.02205	0.01120	0.00825	0.00830	0.00275	0.01100	0.00738	0.00372	0.00946
9	0.02565	0.45058	0.03574	0.01702	0.02302	0.28301	0.01493	0.02811	0.01948	0.01985	0.01205	0.01397	0.01068	0.00767	0.00617	0.00192	0.01126	0.00480	0.00384	0.01026
10	0.01187	0.00890	0.01335	0.01335	0.01483	0.01038	0.01038	0.01483	0.01335	0.01928	0.02225	0.03264	0.02077	0.06231	0.67512	0.01335	0.02225	0.00890	0.00445	0.00742
11	0.03056	0.03554	0.02353	0.02075	0.02547	0.52495	0.01585	0.13830	0.06008	0.02674	0.01524	0.01673	0.01211	0.00896	0.00769	0.00224	0.01350	0.00595	0.00522	0.01061
12	0.01827	0.17822	0.44760	0.02055	0.03048	0.05987	0.02463	0.02558	0.01823	0.02511	0.06417	0.02002	0.01590	0.00848	0.00749	0.00242	0.01108	0.00644	0.00401	0.01144
13	0.01744	0.01479	0.01708	0.01239	0.01948	0.01149	0.00991	0.04698	0.01828	0.02792	0.01884	0.02082	0.04788	0.00714	0.00645	0.00137	0.00618	0.00573	0.00522	0.68462
14	0.01549	0.00774	0.00774	0.00774	0.00968	0.00774	0.00581	0.01936	0.01742	0.03097	0.02710	0.03097	0.02129	0.00968	0.00581	0.00194	0.00387	0.00774	0.75416	0.00774
15	0.01723	0.01477	0.01723	0.01230	0.01969	0.01107	0.00984	0.02092	0.01723	0.02707	0.01477	0.01723	0.01230	0.00615	0.00615	0.00123	0.00615	0.00492	0.00492	0.75883
16	0.01460	0.07062	0.38807	0.01765	0.02611	0.01567	0.02089	0.02118	0.01826	0.02509	0.07145	0.03908	0.21323	0.01242	0.00844	0.00263	0.00911	0.01006	0.00513	0.01030
17	0.76672	0.01607	0.01221	0.01092	0.01607	0.01864	0.00900	0.02442	0.01414	0.03727	0.01157	0.01350	0.00900	0.00771	0.00514	0.00257	0.00643	0.00450	0.00514	0.00900
18	0.01208	0.00805	0.00906	0.00906	0.00906	0.00805	0.00503	0.01208	0.01208	0.01611	0.02618	0.05436	0.03020	0.70804	0.04228	0.00805	0.00805	0.01208	0.00503	0.00503
19	0.00989	0.00813	0.00871	0.00917	0.01142	0.00695	0.00664	0.01184	0.01821	0.02215	0.07503	0.22805	0.51064	0.02223	0.01001	0.00294	0.00435	0.01898	0.00771	0.00695
20	0.01890	0.01411	0.01610	0.01381	0.01752	0.01475	0.01083	0.22284	0.07705	0.03846	0.32209	0.08336	0.08582	0.01494	0.00924	0.00264	0.00595	0.01269	0.00864	0.01026
21	0.01961	0.02241	0.04902	0.03501	0.04342	0.02101	0.62605	0.02661	0.01961	0.02661	0.01681	0.02241	0.01261	0.00700	0.00980	0.00280	0.01401	0.00980	0.00420	0.01120
22	0.02927	0.10848	0.06413	0.02081	0.02585	0.56985	0.01674	0.03191	0.02250	0.02061	0.01283	0.01497	0.01069	0.00837	0.00729	0.00213	0.01420	0.00531	0.00416	0.00989
23	0.02221	0.71304	0.04353	0.01421	0.02132	0.03287	0.01421	0.02488	0.01688	0.01955	0.01155	0.01333	0.01066	0.00711	0.00533	0.00178	0.00888	0.00444	0.00355	0.01066
24	0.03103	0.03959	0.02354	0.02140	0.02568	0.67469	0.01605	0.03317	0.02354	0.02033	0.01284	0.01498	0.01070	0.00856	0.00749	0.00214	0.01498	0.00535	0.00428	0.00963
25	0.02819	0.02159	0.02302	0.01843	0.02447	0.02418	0.01497	0.44716	0.22594	0.04689	0.02425	0.02337	0.01761	0.01038	0.00835	0.00259	0.00834	0.00807	0.00835	0.01382
26	0.01549	0.00774	0.00774	0.00774	0.00968	0.00774	0.00581	0.01936	0.01742	0.03097	0.02710	0.03097	0.02129	0.00968	0.00581	0.00194	0.00387	0.00774	0.75416	0.00774
27	0.02093	0.01787	0.02920	0.04179	0.49495	0.01782	0.02209	0.02645	0.04836	0.07847	0.04732	0.02956	0.02000	0.00952	0.00858	0.00261	0.00905	0.05756	0.00532	0.01255
28	0.03727	0.01414	0.01928	0.01478	0.02121	0.01221	0.01221	0.04049	0.02378	0.66198	0.03277	0.02828	0.02056	0.01028	0.00835	0.00257	0.00707	0.00835	0.01028	0.01414
29	0.02221	0.71304	0.04353	0.01421	0.02132	0.03287	0.01421	0.02488	0.01688	0.01955	0.01155	0.01333	0.01066	0.00711	0.00533	0.00178	0.00888	0.00444	0.00355	0.01066
30	0.00990	0.00812	0.00873	0.00921	0.01143	0.00695	0.00667	0.01183	0.01817	0.02213	0.07445	0.23741	0.50165	0.02230	0.01002	0.00295	0.00436	0.01907	0.00771	0.00695
31	0.02290	0.01915	0.02158	0.02085	0.08746	0.02162	0.01496	0.16228	0.45378	0.03759	0.02910	0.02766	0.02180	0.01061	0.00840	0.00272	0.00744	0.00880	0.00798	0.01335
32	0.01131	0.00847	0.01049	0.00998	0.01214	0.00765	0.00749	0.01481	0.02246	0.03081	0.52109	0.06618	0.21070	0.01792	0.00980	0.00266	0.00399	0.01560	0.00882	0.00765
33	0.01187	0.00890	0.01335	0.01335	0.01483	0.01038	0.01038	0.01483	0.01335	0.01928	0.02225	0.03264	0.02077	0.06231	0.67512	0.01335	0.02225	0.00890	0.00445	0.00742
34	0.02056	0.23780	0.06073	0.24855	0.12245	0.10720	0.04599	0.02493	0.01807	0.02185	0.01373	0.01808	0.01122	0.00777	0.00731	0.00233	0.01090	0.00626	0.00380	0.01048
35	0.76672	0.01607	0.01221	0.01092	0.01607	0.01864	0.00900	0.02442	0.01414	0.03727	0.01157	0.01350	0.00900	0.00771	0.00514	0.00257	0.00643	0.00450	0.00514	0.00900
36	0.01256	0.00897	0.01244	0.01436	0.01591	0.00885	0.01195	0.01578	0.01831	0.02394	0.04444	0.24769	0.04961	0.02373	0.01125	0.00371	0.00693	0.45447	0.00767	0.00742
37	0.01549	0.00774	0.00774	0.00774	0.00968	0.00774	0.00581	0.01936	0.01742	0.03097	0.02710	0.03097	0.02129	0.00968	0.00581	0.00194	0.00387	0.00774	0.75416	0.00774
38	0.03106	0.03866	0.02362	0.02127	0.02569	0.63740	0.01604	0.06738	0.02443	0.02217	0.01325	0.01527	0.01090	0.00864	0.00754	0.00216	0.01465	0.00547	0.00451	0.00989
39	0.21671	0.02547	0.02099	0.01752	0.02305	0.19597	0.01399	0.28410	0.06324	0.03903	0.01674	0.01763	0.01257	0.00910	0.00730	0.00244	0.00986	0.00627	0.00645	0.01158

[dist]
# distance from previous block
# <min> <max>
0	1

[block]
# block no. 4 follows, 22 sequences, length 31
# corresponding to MSA columns:
# 196-226
name=unknown_E
#
# <colnr> <probs for GDERKNQSTAVLIFYWHMCP>
#	G	D	E	R	K	N	Q	S	T	A	V	L	I	F	Y	W	H	M	C	P
0	0.02209	0.24830	0.28185	0.02066	0.02930	0.14618	0.05397	0.06229	0.01982	0.02463	0.01388	0.01616	0.01092	0.00785	0.00715	0.00228	0.01164	0.00574	0.00398	0.01133
1	0.02601	0.02827	0.02651	0.03079	0.24275	0.30031	0.01888	0.08410	0.10980	0.02750	0.01736	0.01958	0.01390	0.00866	0.00795	0.00238	0.01153	0.00681	0.00516	0.01173
2	0.00992	0.00842	0.00856	0.00852	0.01128	0.00706	0.00639	0.01212	0.01917	0.02301	0.11371	0.07902	0.62294	0.02083	0.00982	0.00280	0.00419	0.01740	0.00779	0.00706
3	0.02739	0.21752	0.03014	0.02308	0.10133	0.42303	0.01671	0.03002	0.02119	0.02095	0.01283	0.01522	0.01099	0.00803	0.00700	0.00208	0.01273	0.00536	0.00407	0.01034
4	0.01208	0.00805	0.00906	0.00906	0.00906	0.00805	0.00503	0.01208	0.01208	0.01611	0.02618	0.05436	0.03020	0.70804	0.04228	0.00805	0.00805	0.01208	0.00503	0.00503
5	0.02393	0.02334	0.02037	0.01813	0.02288	0.17369	0.01403	0.08680	0.45048	0.03275	0.02785	0.02640	0.02107	0.01054	0.00822	0.00263	0.00874	0.00830	0.00747	0.01240
6	0.01769	0.01746	0.02451	0.02116	0.02127	0.02428	0.01757	0.01959	0.01277	0.01994	0.01178	0.01929	0.01167	0.01824	0.07739	0.00439	0.64096	0.00740	0.00370	0.00896
7	0.01128	0.00806	0.01097	0.01289	0.01388	0.00775	0.00973	0.01357	0.01705	0.02250	0.04515	0.48634	0.05241	0.02493	0.01091	0.00353	0.00582	0.22845	0.00769	0.00707
8	0.02380	0.02242	0.02036	0.01798	0.02282	0.14001	0.01398	0.10951	0.45965	0.03416	0.02841	0.02681	0.02140	0.01063	0.00826	0.00266	0.00840	0.00844	0.00768	0.01262
9	0.02974	0.11366	0.02703	0.02083	0.05290	0.28544	0.01613	0.29079	0.02928	0.03447	0.01590	0.01718	0.01229	0.00895	0.00762	0.00226	0.01147	0.00626	0.00594	0.01187
10	0.02607	0.06696	0.24091	0.02038	0.02895	0.02397	0.02071	0.39382	0.03064	0.04184	0.01780	0.01878	0.01273	0.00912	0.00801	0.00250	0.01018	0.00687	0.00644	0.01332
11	0.01666	0.04297	0.66500	0.02368	0.03596	0.01929	0.03069	0.02631	0.01754	0.02631	0.01491	0.01754	0.01052	0.00789	0.00789	0.00263	0.01228	0.00614	0.00351	0.01228
12	0.02056	0.01974	0.03372	0.05099	0.65622	0.01974	0.02550	0.02550	0.01892	0.02714	0.01563	0.02056	0.01316	0.00740	0.00822	0.00247	0.00987	0.00740	0.00411	0.01316
13	0.02111	0.03488	0.30151	0.02830	0.08355	0.17273	0.18630	0.02793	0.01960	0.02506	0.01499	0.01848	0.01133	0.00777	0.00834	0.00255	0.01318	0.00703	0.00392	0.01144
14	0.02836	0.19559	0.02880	0.02145	0.06145	0.48670	0.01617	0.03079	0.02172	0.02055	0.01270	0.01492	0.01083	0.00815	0.00703	0.00207	0.01326	0.00526	0.00410	0.01008
15	0.01443	0.00722	0.01082	0.01082	0.01082	0.00722	0.00722	0.01082	0.01082	0.01443	0.01443	0.02525	0.01443	0.02886	0.03247	0.75830	0.00722	0.00722	0.00361	0.00361
16	0.03158	0.02327	0.02493	0.01911	0.02576	0.02576	0.01579	0.62852	0.03906	0.05236	0.01995	0.01995	0.01413	0.00997	0.00831	0.00249	0.00914	0.00748	0.00831	0.01413
17	0.01207	0.00874	0.01016	0.00964	0.01225	0.00764	0.00729	0.01503	0.02121	0.05972	0.33275	0.06941	0.36655	0.01870	0.00974	0.00271	0.00423	0.01596	0.00848	0.00774
18	0.03691	0.01472	0.01964	0.01506	0.02150	0.01307	0.01244	0.07782	0.02475	0.62327	0.03196	0.02775	0.02016	0.01026	0.00835	0.00257	0.00720	0.00830	0.01016	0.01414
19	0.01549	0.00774	0.00774	0.00774	0.00968	0.00774	0.00581	0.01936	0.01742	0.03097	0.02710	0.03097	0.02129	0.00968	0.00581	0.00194	0.00387	0.00774	0.75416	0.00774
20	0.19170	0.03669	0.51266	0.02070	0.03131	0.01914	0.02563	0.02587	0.01675	0.02887	0.01413	0.01660	0.01017	0.00785	0.00725	0.00262	0.01091	0.00576	0.00389	0.01151
21	0.03727	0.01414	0.01928	0.01478	0.02121	0.01221	0.01221	0.04049	0.02378	0.66198	0.03277	0.02828	0.02056	0.01028	0.00835	0.00257	0.00707	0.00835	0.01028	0.01414
22	0.01187	0.00890	0.01335	0.01335	0.01483	0.01038	0.01038	0.01483	0.01335	0.01928	0.02225	0.03264	0.02077	0.06231	0.67512	0.01335	0.02225	0.00890	0.00445	0.00742
23	0.01443	0.00722	0.01082	0.01082	0.01082	0.00722	0.00722	0.01082	0.01082	0.01443	0.01443	0.02525	0.01443	0.02886	0.03247	0.75830	0.00722	0.00722	0.00361	0.00361
24	0.01709	0.02135	0.16839	0.01496	0.02348	0.01299	0.01471	0.02218	0.01730	0.02689	0.01480	0.01730	0.01189	0.00656	0.00656	0.00156	0.00758	0.00521	0.00459	0.58461
25	0.01549	0.00774	0.00774	0.00774	0.00968	0.00774	0.00581	0.01936	0.01742	0.03097	0.02710	0.03097	0.02129	0.00968	0.00581	0.00194	0.00387	0.00774	0.75416	0.00774
26	0.01187	0.00890	0.01335	0.01335	0.01483	0.01038	0.01038	0.01483	0.01335	0.01928	0.02225	0.03264	0.02077	0.06231	0.67512	0.01335	0.02225	0.00890	0.00445	0.00742
27	0.01804	0.01695	0.02219	0.02857	0.27619	0.06297	0.01634	0.02546	0.13019	0.02870	0.16380	0.03867	0.11297	0.01201	0.00876	0.00258	0.00764	0.01057	0.00644	0.01096
28	0.02005	0.23945	0.40413	0.02062	0.03040	0.10324	0.02407	0.02673	0.01808	0.02359	0.01367	0.01599	0.01059	0.00774	0.00709	0.00232	0.01161	0.00554	0.00362	0.01148
29	0.01549	0.00774	0.00774	0.00774	0.00968	0.00774	0.00581	0.01936	0.01742	0.03097	0.02710	0.03097	0.02129	0.00968	0.00581	0.00194	0.00387	0.00774	0.75416	0.00774
30	0.02377	0.02030	0.05465	0.02157	0.05895	0.01990	0.12571	0.27711	0.07578	0.06951	0.03200	0.03220	0.12769	0.01128	0.00884	0.00264	0.00903	0.00981	0.00714	0.01213

[dist]
# distance from previous block
# <min> <max>
0	4

[block]
# block no. 5 follows, 22 sequences, length 55
# corresponding to MSA columns:
# 231-285
name=unknown_F
#
# <colnr> <probs for GDERKNQSTAVLIFYWHMCP>
#	G	D	E	R	K	N	Q	S	T	A	V	L	I	F	Y	W	H	M	C	P
0	0.01754	0.01027	0.01321	0.01212	0.01488	0.01023	0.00919	0.02094	0.04884	0.16207	0.03853	0.04495	0.15226	0.14820	0.25085	0.00738	0.01201	0.01111	0.00671	0.00871
1	0.01047	0.00762	0.00929	0.01046	0.01128	0.00707	0.00690	0.01174	0.01569	0.02039	0.04892	0.45337	0.16147	0.16506	0.01696	0.00423	0.00537	0.02011	0.00716	0.00645
2	0.03158	0.02327	0.02493	0.01911	0.02576	0.02576	0.01579	0.62852	0.03906	0.05236	0.01995	0.01995	0.01413	0.00997	0.00831	0.00249	0.00914	0.00748	0.00831	0.01413
3	0.02403	0.15621	0.02403	0.01745	0.02178	0.34218	0.01396	0.02844	0.07493	0.02326	0.08620	0.03067	0.04956	0.01120	0.00786	0.00236	0.01087	0.05990	0.00545	0.00965
4	0.01549	0.00774	0.00774	0.00774	0.00968	0.00774	0.00581	0.01936	0.01742	0.03097	0.02710	0.03097	0.02129	0.00968	0.00581	0.00194	0.00387	0.00774	0.75416	0.00774
5	0.01723	0.01477	0.01723	0.01230	0.01969	0.01107	0.00984	0.02092	0.01723	0.02707	0.01477	0.01723	0.01230	0.00615	0.00615	0.00123	0.00615	0.00492	0.00492	0.75883
6	0.02399	0.02117	0.03262	0.03896	0.38490	0.02181	0.09006	0.21908	0.02546	0.03517	0.01714	0.02057	0.01341	0.00818	0.00843	0.00251	0.01010	0.00770	0.00547	0.01325
7	0.06895	0.07628	0.02645	0.02666	0.16105	0.42838	0.01757	0.05583	0.02226	0.02405	0.01359	0.01621	0.01128	0.00823	0.00742	0.00223	0.01277	0.00578	0.00442	0.01061
8	0.01443	0.00722	0.01082	0.01082	0.01082	0.00722	0.00722	0.01082	0.01082	0.01443	0.01443	0.02525	0.01443	0.02886	0.03247	0.75830	0.00722	0.00722	0.00361	0.00361
9	0.01995	0.01954	0.03012	0.07278	0.44515	0.06025	0.05542	0.02576	0.05410	0.02751	0.08817	0.02564	0.02090	0.00879	0.00846	0.00252	0.00963	0.00837	0.00491	0.01203
10	0.01790	0.03436	0.40714	0.02842	0.03908	0.02001	0.27992	0.02644	0.01841	0.02644	0.01570	0.01958	0.01139	0.00752	0.00869	0.00270	0.01300	0.00767	0.00380	0.01183
11	0.01072	0.00871	0.00956	0.00969	0.01207	0.00779	0.00713	0.01408	0.05108	0.02449	0.16009	0.17947	0.43408	0.02077	0.00988	0.00287	0.00439	0.01776	0.00797	0.00741
12	0.03043	0.03834	0.02327	0.02114	0.02545	0.63685	0.01588	0.03381	0.05928	0.02117	0.01405	0.01591	0.01155	0.00872	0.00755	0.00218	0.01449	0.00558	0.00452	0.00983
13	0.02160	0.01912	0.04954	0.02886	0.24536	0.01924	0.01796	0.19021	0.12424	0.03416	0.02498	0.14107	0.02258	0.01200	0.00869	0.00270	0.00835	0.01053	0.00656	0.01227
14	0.01220	0.00933	0.01373	0.01355	0.01487	0.01103	0.01049	0.01495	0.01325	0.01915	0.02189	0.03310	0.02079	0.09568	0.60675	0.01256	0.05589	0.00899	0.00444	0.00737
15	0.01907	0.33405	0.39503	0.01957	0.02960	0.02519	0.02354	0.02569	0.01725	0.02337	0.01345	0.01571	0.01058	0.00755	0.00678	0.00226	0.01080	0.00540	0.00353	0.01158
16	0.01549	0.00774	0.00774	0.00774	0.00968	0.00774	0.00581	0.01936	0.01742	0.03097	0.02710	0.03097	0.02129	0.00968	0.00581	0.00194	0.00387	0.00774	0.75416	0.00774
17	0.01145	0.00872	0.00926	0.00896	0.01186	0.00737	0.00678	0.01380	0.01966	0.05679	0.14055	0.07540	0.56025	0.02006	0.00974	0.00277	0.00433	0.01680	0.00800	0.00747
18	0.01723	0.01477	0.01723	0.01230	0.01969	0.01107	0.00984	0.02092	0.01723	0.02707	0.01477	0.01723	0.01230	0.00615	0.00615	0.00123	0.00615	0.00492	0.00492	0.75883
19	0.02273	0.23062	0.02693	0.01580	0.02197	0.19166	0.01316	0.02807	0.09320	0.02398	0.01557	0.01712	0.01295	0.00768	0.00653	0.00182	0.00932	0.00542	0.00477	0.25072
20	0.05271	0.02791	0.19840	0.06171	0.12534	0.11725	0.12007	0.02671	0.01876	0.05798	0.01590	0.01959	0.01225	0.01011	0.03377	0.00293	0.03758	0.00700	0.00437	0.04966
21	0.02796	0.02616	0.02675	0.02836	0.19886	0.18642	0.01841	0.28960	0.05443	0.03668	0.01755	0.01933	0.01347	0.00897	0.00809	0.00241	0.01070	0.00700	0.00615	0.01269
22	0.01187	0.00890	0.01335	0.01335	0.01483	0.01038	0.01038	0.01483	0.01335	0.01928	0.02225	0.03264	0.02077	0.06231	0.67512	0.01335	0.02225	0.00890	0.00445	0.00742
23	0.02311	0.02461	0.02871	0.07975	0.37490	0.19799	0.02138	0.02941	0.09015	0.02577	0.01686	0.02032	0.01373	0.00821	0.00806	0.00244	0.01097	0.00707	0.00462	0.01195
24	0.76672	0.01607	0.01221	0.01092	0.01607	0.01864	0.00900	0.02442	0.01414	0.03727	0.01157	0.01350	0.00900	0.00771	0.00514	0.00257	0.00643	0.00450	0.00514	0.00900
25	0.01787	0.01433	0.01678	0.01219	0.01923	0.01088	0.00975	0.02143	0.01770	0.06200	0.02019	0.02184	0.05363	0.00733	0.00651	0.00141	0.00608	0.00592	0.00540	0.66954
26	0.01549	0.00774	0.00774	0.00774	0.00968	0.00774	0.00581	0.01936	0.01742	0.03097	0.02710	0.03097	0.02129	0.00968	0.00581	0.00194	0.00387	0.00774	0.75416	0.00774
27	0.01965	0.01881	0.03208	0.16990	0.54442	0.01950	0.02504	0.02470	0.01849	0.02604	0.01547	0.02086	0.01277	0.00757	0.00824	0.00252	0.01009	0.00740	0.00403	0.01243
28	0.30763	0.21112	0.02533	0.01665	0.05155	0.14582	0.01330	0.09431	0.01968	0.03049	0.01294	0.01480	0.01055	0.00795	0.00614	0.00226	0.00917	0.00512	0.00486	0.01035
29	0.01986	0.01782	0.02417	0.06511	0.29938	0.05348	0.01816	0.02822	0.15668	0.05826	0.03154	0.03462	0.11235	0.01112	0.00861	0.00265	0.00842	0.03183	0.00603	0.01168
30	0.02007	0.01942	0.03202	0.04500	0.52603	0.02091	0.02399	0.02437	0.01765	0.02567	0.01466	0.02007	0.01270	0.00887	0.01213	0.00271	0.15003	0.00737	0.00401	0.01232
31	0.03053	0.03605	0.02431	0.02270	0.06059	0.54133	0.01653	0.12184	0.02561	0.02550	0.01406	0.01603	0.01135	0.00871	0.00765	0.00221	0.01382	0.00578	0.00487	0.01050
32	0.01208	0.00805	0.00906	0.00906	0.00906	0.00805	0.00503	0.01208	0.01208	0.01611	0.02618	0.05436	0.03020	0.70804	0.04228	0.00805	0.00805	0.01208	0.00503	0.00503
33	0.02037	0.02018	0.03603	0.04583	0.49534	0.02005	0.14806	0.02676	0.05350	0.02745	0.01688	0.02152	0.01372	0.00753	0.00856	0.00256	0.01054	0.00801	0.00437	0.01276
34	0.01194	0.00863	0.01197	0.01197	0.01298	0.00964	0.00867	0.01395	0.01294	0.01827	0.02351	0.03961	0.02380	0.26947	0.47210	0.01165	0.01770	0.00992	0.00464	0.00665
35	0.01204	0.00823	0.00994	0.00994	0.01025	0.00853	0.00613	0.01265	0.01234	0.01676	0.02537	0.04991	0.02827	0.57553	0.17215	0.00914	0.01097	0.01143	0.00491	0.00552
36	0.02351	0.02293	0.02015	0.01801	0.02272	0.16531	0.01393	0.07174	0.47392	0.03247	0.02847	0.02689	0.02155	0.01061	0.00823	0.00265	0.00856	0.00840	0.00752	0.01242
