[name]
unknown

[dist]
# distance from previous block
# <min> <max>
18	162

[block]
# block no. 0 follows, 21 sequences, length 25
# corresponding to MSA columns:
# 221-245
name=unknown_A
#
# <colnr> <probs for GDERKNQSTAVLIFYWHMCP>
#	G	D	E	R	K	N	Q	S	T	A	V	L	I	F	Y	W	H	M	C	P
0	0.08824	0.08473	0.13579	0.02908	0.22793	0.01933	0.06324	0.02551	0.05711	0.02784	0.02405	0.02645	0.08262	0.00934	0.00796	0.00249	0.00929	0.00807	0.00491	0.06602
1	0.02256	0.25196	0.12725	0.02586	0.15645	0.06530	0.05192	0.09733	0.02071	0.02681	0.01485	0.01816	0.01226	0.00953	0.00925	0.05700	0.01041	0.00638	0.00443	0.01157
2	0.21616	0.02682	0.13914	0.02808	0.20819	0.12149	0.01995	0.05698	0.05466	0.03096	0.01562	0.01829	0.01224	0.00830	0.00744	0.00255	0.01023	0.00636	0.00486	0.01168
3	0.01968	0.02925	0.28214	0.11280	0.19589	0.01989	0.04918	0.08536	0.02049	0.02928	0.01603	0.01978	0.01214	0.00806	0.00822	0.00256	0.01107	0.00698	0.00441	0.06680
4	0.09310	0.20439	0.27900	0.02432	0.09893	0.07047	0.06620	0.02683	0.01821	0.02597	0.01414	0.01699	0.01113	0.00779	0.00730	0.00243	0.01117	0.00604	0.00395	0.01165
5	0.14458	0.02604	0.24405	0.07199	0.08787	0.01812	0.12245	0.02484	0.01771	0.02894	0.01770	0.04691	0.01417	0.00882	0.00787	0.00266	0.01029	0.00774	0.08632	0.01094
6	0.01040	0.00863	0.00910	0.00898	0.01171	0.00733	0.00674	0.01288	0.02021	0.02492	0.18279	0.07872	0.54660	0.02083	0.01005	0.00284	0.00426	0.01751	0.00816	0.00733
7	0.02540	0.51141	0.03861	0.01671	0.02315	0.21883	0.01511	0.02797	0.01929	0.02026	0.01222	0.01415	0.01093	0.00772	0.00611	0.00193	0.01093	0.00482	0.00386	0.01061
8	0.01134	0.00842	0.00899	0.00899	0.01027	0.00777	0.00574	0.01230	0.01551	0.01940	0.05334	0.06740	0.30494	0.39748	0.02846	0.00585	0.00649	0.01487	0.00638	0.00606
9	0.02377	0.23483	0.24274	0.02037	0.02837	0.23797	0.02082	0.02960	0.04508	0.02326	0.01436	0.01641	0.01151	0.00822	0.00721	0.00228	0.01224	0.00565	0.00408	0.01123
10	0.02282	0.01804	0.03047	0.20506	0.35005	0.01857	0.05684	0.02783	0.01971	0.13897	0.01902	0.02301	0.01427	0.00833	0.00856	0.00264	0.01015	0.00789	0.00525	0.01252
11	0.01055	0.00755	0.01004	0.01172	0.01238	0.00704	0.00791	0.01231	0.01715	0.02309	0.11265	0.62572	0.05893	0.02564	0.01077	0.00337	0.00484	0.02322	0.00806	0.00704
12	0.01204	0.00870	0.01138	0.01071	0.01271	0.00803	0.00803	0.01606	0.02409	0.03413	0.64335	0.06357	0.08030	0.01740	0.01004	0.00268	0.00401	0.01539	0.00937	0.00803
13	0.02077	0.28413	0.36391	0.02047	0.03021	0.09691	0.02364	0.02720	0.01841	0.02375	0.01379	0.01611	0.01085	0.00787	0.00709	0.00232	0.01162	0.00557	0.00370	0.01167
14	0.02219	0.23057	0.12531	0.05778	0.20777	0.02462	0.02070	0.12659	0.02196	0.02925	0.01855	0.02111	0.04107	0.00869	0.00757	0.00237	0.00983	0.00696	0.00483	0.01228
15	0.03179	0.04056	0.02412	0.02192	0.02631	0.66676	0.01644	0.03398	0.02412	0.02083	0.01315	0.01535	0.01096	0.00877	0.00767	0.00219	0.01535	0.00548	0.00438	0.00987
16	0.01183	0.00869	0.01107	0.01048	0.01258	0.00794	0.00786	0.01564	0.02357	0.03290	0.58193	0.06559	0.14248	0.01786	0.01004	0.00270	0.00405	0.01567	0.00921	0.00794
17	0.02001	0.04166	0.49759	0.02587	0.07939	0.13634	0.02835	0.02816	0.01918	0.02591	0.01494	0.01772	0.01101	0.00817	0.00804	0.00259	0.01290	0.00624	0.00378	0.01215
18	0.01961	0.02736	0.19366	0.03733	0.20057	0.02075	0.31985	0.02689	0.01939	0.02733	0.01643	0.02125	0.01254	0.00750	0.00914	0.00274	0.01281	0.00849	0.00411	0.01227
19	0.01037	0.00741	0.00987	0.01185	0.01234	0.00691	0.00790	0.01185	0.01629	0.02172	0.04690	0.69537	0.05629	0.02666	0.01086	0.00346	0.00494	0.02419	0.00790	0.00691
20	0.02870	0.10069	0.02689	0.02377	0.09468	0.44999	0.01686	0.06309	0.02331	0.02381	0.01388	0.01626	0.01155	0.00839	0.00749	0.00214	0.01316	0.00571	0.00456	0.06505
21	0.01112	0.00819	0.00938	0.00987	0.01178	0.00732	0.00710	0.01357	0.01905	0.02539	0.15899	0.26035	0.30417	0.02115	0.00985	0.00292	0.00442	0.01833	0.08974	0.00732
22	0.09195	0.13353	0.21128	0.02203	0.06341	0.21920	0.02041	0.09397	0.02193	0.02809	0.01443	0.01661	0.01128	0.00837	0.00739	0.00238	0.01187	0.00586	0.00457	0.01147
23	0.02263	0.10593	0.16092	0.05996	0.08976	0.19589	0.06344	0.07009	0.02123	0.02572	0.01838	0.09255	0.01658	0.01029	0.00822	0.00254	0.01169	0.00842	0.00477	0.01101
24	0.02467	0.03078	0.09698	0.08277	0.28303	0.28584	0.02254	0.02912	0.02100	0.02440	0.01469	0.01850	0.01200	0.00819	0.00809	0.00243	0.01262	0.00658	0.00418	0.01160

[dist]
# distance from previous block
# <min> <max>
0	1

[block]
# block no. 1 follows, 21 sequences, length 161
# corresponding to MSA columns:
# 247-407
name=unknown_B
#
# <colnr> <probs for GDERKNQSTAVLIFYWHMCP>
#	G	D	E	R	K	N	Q	S	T	A	V	L	I	F	Y	W	H	M	C	P
0	0.01828	0.18535	0.52612	0.02219	0.03363	0.02273	0.02784	0.02664	0.01782	0.02547	0.01454	0.01705	0.01081	0.00791	0.00752	0.00251	0.01183	0.00592	0.00360	0.01222
1	0.01995	0.01945	0.03423	0.17897	0.46840	0.02008	0.08345	0.02534	0.01896	0.02651	0.01595	0.02158	0.01299	0.00773	0.00860	0.00262	0.01078	0.00782	0.00413	0.01246
2	0.02049	0.24562	0.33213	0.02139	0.05512	0.10383	0.02295	0.02663	0.01865	0.02389	0.01736	0.01948	0.04117	0.00854	0.00733	0.00236	0.01135	0.00626	0.00394	0.01151
3	0.01433	0.01230	0.01845	0.05932	0.21010	0.01197	0.01413	0.01789	0.01978	0.02692	0.19215	0.18639	0.14945	0.01661	0.00964	0.00284	0.00653	0.01490	0.00691	0.00940
4	0.01089	0.00882	0.00982	0.01036	0.01291	0.00775	0.00816	0.01341	0.01929	0.02348	0.07505	0.11550	0.48199	0.02224	0.01048	0.00314	0.00513	0.14637	0.00789	0.00732
5	0.02101	0.02037	0.03540	0.05134	0.61491	0.02029	0.05836	0.02618	0.01942	0.02777	0.01607	0.02117	0.01345	0.00756	0.00851	0.00255	0.01034	0.00772	0.00422	0.01337
6	0.01956	0.02957	0.27074	0.09769	0.21809	0.05191	0.02535	0.02955	0.12048	0.02781	0.01858	0.02152	0.01417	0.00859	0.00830	0.00267	0.01089	0.00732	0.00468	0.01254
7	0.02004	0.01918	0.03270	0.18057	0.52747	0.01995	0.02561	0.02522	0.01890	0.02656	0.01583	0.02139	0.01304	0.00777	0.00844	0.00259	0.01036	0.00758	0.00412	0.01266
8	0.01478	0.00739	0.01109	0.01109	0.01109	0.00739	0.00739	0.01109	0.01109	0.01478	0.01478	0.02587	0.01478	0.02956	0.03326	0.75240	0.00739	0.00739	0.00370	0.00370
9	0.01851	0.01769	0.02658	0.10403	0.38336	0.05146	0.02034	0.02302	0.02020	0.02742	0.13016	0.03409	0.08547	0.01077	0.00883	0.00260	0.00891	0.00981	0.00542	0.01133
10	0.01906	0.08953	0.02035	0.01604	0.01901	0.16308	0.01277	0.04629	0.01938	0.02398	0.12181	0.03223	0.05215	0.02920	0.22540	0.00618	0.08017	0.00899	0.00543	0.00896
11	0.01006	0.00862	0.00862	0.00862	0.01149	0.00718	0.00647	0.01221	0.01940	0.02299	0.08621	0.08190	0.64438	0.02155	0.01006	0.00287	0.00431	0.01796	0.00790	0.00718
12	0.01037	0.00741	0.00987	0.01185	0.01234	0.00691	0.00790	0.01185	0.01629	0.02172	0.04690	0.69537	0.05629	0.02666	0.01086	0.00346	0.00494	0.02419	0.00790	0.00691
13	0.01993	0.01902	0.03187	0.04774	0.58224	0.01888	0.02409	0.02468	0.01938	0.02731	0.02324	0.02733	0.07851	0.00902	0.00859	0.00256	0.00951	0.00865	0.00459	0.01283
14	0.02070	0.02136	0.02908	0.31099	0.30036	0.12390	0.02352	0.02555	0.01915	0.02414	0.01518	0.02082	0.01218	0.00816	0.00834	0.00260	0.01147	0.00724	0.00406	0.01121
15	0.03179	0.04056	0.02412	0.02192	0.02631	0.66676	0.01644	0.03398	0.02412	0.02083	0.01315	0.01535	0.01096	0.00877	0.00767	0.00219	0.01535	0.00548	0.00438	0.00987
16	0.03195	0.01735	0.02513	0.02504	0.16352	0.01657	0.04566	0.09712	0.05730	0.38778	0.02754	0.02617	0.01855	0.00973	0.00860	0.00263	0.00842	0.00838	0.00850	0.01406
17	0.01837	0.03442	0.39964	0.02943	0.15937	0.05436	0.05894	0.02603	0.01828	0.02610	0.01615	0.02024	0.01248	0.01343	0.07276	0.00372	0.01332	0.00699	0.00390	0.01207
18	0.01998	0.01911	0.03258	0.18886	0.51970	0.01993	0.02558	0.02517	0.01886	0.02648	0.01582	0.02142	0.01302	0.00778	0.00844	0.00259	0.01038	0.00758	0.00412	0.01260
19	0.01216	0.00912	0.01368	0.01368	0.01520	0.01064	0.01064	0.01520	0.01368	0.01976	0.02279	0.03343	0.02127	0.06382	0.66720	0.01368	0.02279	0.00912	0.00456	0.00760
20	0.76103	0.01646	0.01251	0.01119	0.01646	0.01909	0.00922	0.02502	0.01448	0.03818	0.01185	0.01382	0.00922	0.00790	0.00527	0.00263	0.00658	0.00461	0.00527	0.00922
21	0.02106	0.02022	0.03454	0.05223	0.64784	0.02022	0.02612	0.02612	0.01938	0.02780	0.01601	0.02106	0.01348	0.00758	0.00842	0.00253	0.01011	0.00758	0.00421	0.01348
22	0.01275	0.00947	0.01146	0.01068	0.01302	0.00885	0.00799	0.04748	0.02336	0.03196	0.46313	0.06458	0.18936	0.05439	0.01174	0.00301	0.00459	0.01534	0.00880	0.00805
23	0.03235	0.02384	0.02554	0.01958	0.02639	0.02639	0.01618	0.61946	0.04001	0.05363	0.02043	0.02043	0.01447	0.01022	0.00851	0.00255	0.00936	0.00766	0.00851	0.01447
24	0.01921	0.27026	0.34790	0.02310	0.09341	0.02408	0.02387	0.02582	0.01818	0.02498	0.04498	0.01902	0.01452	0.00821	0.00730	0.00237	0.01069	0.00626	0.00396	0.01187
25	0.76103	0.01646	0.01251	0.01119	0.01646	0.01909	0.00922	0.02502	0.01448	0.03818	0.01185	0.01382	0.00922	0.00790	0.00527	0.00263	0.00658	0.00461	0.00527	0.00922
26	0.03179	0.04056	0.02412	0.02192	0.02631	0.66676	0.01644	0.03398	0.02412	0.02083	0.01315	0.01535	0.01096	0.00877	0.00767	0.00219	0.01535	0.00548	0.00438	0.00987
27	0.02106	0.02022	0.03454	0.05223	0.64784	0.02022	0.02612	0.02612	0.01938	0.02780	0.01601	0.02106	0.01348	0.00758	0.00842	0.00253	0.01011	0.00758	0.00421	0.01348
28	0.01036	0.00863	0.00904	0.00894	0.01168	0.00731	0.00670	0.01280	0.02011	0.02469	0.17107	0.07911	0.55846	0.02092	0.01005	0.00284	0.00427	0.01757	0.00813	0.00731
29	0.02058	0.02307	0.10895	0.04889	0.57478	0.02017	0.02675	0.02622	0.01921	0.02770	0.01592	0.02069	0.01316	0.00764	0.00838	0.00255	0.01040	0.00743	0.00414	0.01337
30	0.01006	0.00862	0.00862	0.00862	0.01149	0.00718	0.00647	0.01221	0.01940	0.02299	0.08621	0.08190	0.64438	0.02155	0.01006	0.00287	0.00431	0.01796	0.00790	0.00718
31	0.01218	0.00905	0.01331	0.01331	0.01470	0.01044	0.01018	0.01496	0.01357	0.01948	0.02313	0.03530	0.02208	0.11718	0.61495	0.01322	0.02158	0.00939	0.00461	0.00739
32	0.03179	0.04056	0.02412	0.02192	0.02631	0.66676	0.01644	0.03398	0.02412	0.02083	0.01315	0.01535	0.01096	0.00877	0.00767	0.00219	0.01535	0.00548	0.00438	0.00987
33	0.02010	0.29873	0.16221	0.01914	0.02662	0.02504	0.07642	0.02931	0.14873	0.02545	0.01885	0.02096	0.01517	0.01308	0.06255	0.00332	0.01097	0.00691	0.00484	0.01158
34	0.76103	0.01646	0.01251	0.01119	0.01646	0.01909	0.00922	0.02502	0.01448	0.03818	0.01185	0.01382	0.00922	0.00790	0.00527	0.00263	0.00658	0.00461	0.00527	0.00922
35	0.01742	0.01620	0.01983	0.05032	0.02132	0.05353	0.01449	0.02408	0.14078	0.02344	0.02280	0.09565	0.02166	0.06062	0.13080	0.00536	0.25680	0.01007	0.00542	0.00943
36	0.02292	0.01552	0.01783	0.01565	0.01981	0.01643	0.01212	0.19488	0.16237	0.12206	0.06688	0.23042	0.03413	0.01591	0.00934	0.00292	0.00686	0.01363	0.00869	0.01162
37	0.03270	0.01324	0.01721	0.01369	0.01922	0.01190	0.01115	0.03701	0.04855	0.49493	0.03238	0.02967	0.02143	0.01044	0.00801	0.00251	0.00652	0.00847	0.16793	0.01304
38	0.01236	0.00830	0.00952	0.00952	0.00960	0.00838	0.00545	0.01253	0.01245	0.01667	0.02660	0.05450	0.03042	0.66687	0.07666	0.00854	0.00903	0.01220	0.00512	0.00529
39	0.02048	0.01893	0.02738	0.40952	0.17772	0.05568	0.02263	0.11460	0.02142	0.02786	0.01602	0.02160	0.01226	0.00859	0.00845	0.00269	0.01100	0.00747	0.00463	0.01110
40	0.02495	0.49074	0.03811	0.01695	0.02307	0.20297	0.01528	0.02749	0.01889	0.02026	0.01215	0.01437	0.01095	0.00809	0.00726	0.00202	0.04709	0.00496	0.00384	0.01055
41	0.01006	0.00862	0.00862	0.00862	0.01149	0.00718	0.00647	0.01221	0.01940	0.02299	0.08621	0.08190	0.64438	0.02155	0.01006	0.00287	0.00431	0.01796	0.00790	0.00718
42	0.01035	0.00746	0.00981	0.01170	0.01230	0.00693	0.00783	0.01187	0.01644	0.02178	0.04878	0.66612	0.08433	0.02642	0.01082	0.00343	0.00491	0.02390	0.00790	0.00693
43	0.02219	0.02358	0.03129	0.15957	0.26764	0.15232	0.10100	0.02892	0.08001	0.02592	0.01724	0.02150	0.01371	0.00833	0.00853	0.00260	0.01165	0.00768	0.00461	0.01171
44	0.03145	0.02297	0.02458	0.01894	0.02549	0.02538	0.01562	0.58674	0.03880	0.05244	0.02083	0.02105	0.01487	0.01020	0.00837	0.00252	0.00907	0.00768	0.04887	0.01412
45	0.01024	0.00868	0.00887	0.00897	0.01180	0.00731	0.00682	0.01248	0.01941	0.02311	0.08419	0.08259	0.61516	0.02165	0.01014	0.00292	0.00448	0.04607	0.00790	0.00722
46	0.02489	0.34410	0.15317	0.01901	0.02627	0.25619	0.01842	0.02878	0.01985	0.02162	0.01295	0.01507	0.01091	0.00796	0.00674	0.00212	0.01198	0.00521	0.00390	0.01086
47	0.02187	0.02197	0.03309	0.07922	0.55890	0.08345	0.02505	0.02668	0.01973	0.02683	0.01569	0.02058	0.01313	0.00774	0.00836	0.00251	0.01068	0.00738	0.00421	0.01293
48	0.17769	0.01893	0.01912	0.01538	0.02084	0.02096	0.01257	0.37001	0.03006	0.04580	0.02024	0.02149	0.01497	0.00968	0.00730	0.00245	0.00764	0.00710	0.16576	0.01200
49	0.02106	0.02022	0.03454	0.05223	0.64784	0.02022	0.02612	0.02612	0.01938	0.02780	0.01601	0.02106	0.01348	0.00758	0.00842	0.00253	0.01011	0.00758	0.00421	0.01348
50	0.02025	0.01939	0.03308	0.15441	0.55201	0.02001	0.02571	0.02541	0.01899	0.02682	0.01586	0.02133	0.01313	0.00773	0.00844	0.00258	0.01031	0.00758	0.00414	0.01283
51	0.01607	0.01513	0.02552	0.68047	0.05861	0.01891	0.02363	0.02174	0.01702	0.02174	0.01513	0.02269	0.01134	0.00851	0.00851	0.00284	0.01134	0.00756	0.00378	0.00945
52	0.01195	0.00870	0.01124	0.01060	0.01265	0.00799	0.00795	0.01587	0.02386	0.03358	0.61614	0.06446	0.10784	0.01760	0.01004	0.00269	0.00403	0.01552	0.00930	0.00799
53	0.01478	0.00739	0.01109	0.01109	0.01109	0.00739	0.00739	0.01109	0.01109	0.01478	0.01478	0.02587	0.01478	0.02956	0.03326	0.75240	0.00739	0.00739	0.00370	0.00370
54	0.01166	0.00795	0.00949	0.01020	0.01037	0.00777	0.00613	0.01219	0.01377	0.01836	0.03397	0.28346	0.03996	0.46084	0.03176	0.00654	0.00707	0.01658	0.00613	0.00578
55	0.01707	0.04402	0.65683	0.02426	0.03683	0.01976	0.03144	0.02695	0.01797	0.02695	0.01527	0.01797	0.01078	0.00809	0.00809	0.00270	0.01258	0.00629	0.00359	0.01258
56	0.03112	0.02257	0.02436	0.01903	0.02555	0.02493	0.01560	0.50914	0.12112	0.08321	0.02310	0.02245	0.01642	0.01042	0.00854	0.00260	0.00889	0.00798	0.00864	0.01433
57	0.01216	0.00912	0.01368	0.01368	0.01520	0.01064	0.01064	0.01520	0.01368	0.01976	0.02279	0.03343	0.02127	0.06382	0.66720	0.01368	0.02279	0.00912	0.00456	0.00760
58	0.01099	0.00943	0.00951	0.00935	0.01239	0.00836	0.00705	0.01498	0.07074	0.02405	0.08189	0.07770	0.59259	0.02071	0.00994	0.00287	0.00451	0.01726	0.00797	0.00771
59	0.01218	0.00828	0.00923	0.00923	0.00947	0.00816	0.00527	0.01236	0.01296	0.01704	0.03179	0.05789	0.08231	0.64403	0.04053	0.00780	0.00792	0.01284	0.00539	0.00533
60	0.02275	0.70604	0.04459	0.01456	0.02184	0.03367	0.01456	0.02548	0.01729	0.02002	0.01183	0.01365	0.01092	0.00728	0.00546	0.00182	0.00910	0.00455	0.00364	0.01092
61	0.02351	0.65031	0.04288	0.01518	0.02222	0.08669	0.01472	0.02619	0.01786	0.02009	0.01194	0.01379	0.01092	0.00741	0.00565	0.00185	0.00962	0.00463	0.00370	0.01083
62	0.03235	0.02384	0.02554	0.01958	0.02639	0.02639	0.01618	0.61946	0.04001	0.05363	0.02043	0.02043	0.01447	0.01022	0.00851	0.00255	0.00936	0.00766	0.00851	0.01447
63	0.02031	0.14224	0.23706	0.06316	0.22430	0.05316	0.02412	0.02831	0.07870	0.02636	0.01672	0.01968	0.01317	0.00819	0.00781	0.00250	0.01073	0.00676	0.00434	0.01239
64	0.01080	0.00759	0.00975	0.01130	0.01169	0.00720	0.00731	0.01196	0.01546	0.02061	0.04262	0.55881	0.05087	0.17061	0.01779	0.00448	0.00564	0.02167	0.00731	0.00654
65	0.03818	0.01448	0.01975	0.01514	0.02172	0.01251	0.01251	0.04147	0.02436	0.65373	0.03357	0.02897	0.02107	0.01053	0.00856	0.00263	0.00724	0.00856	0.01053	0.01448
66	0.01826	0.10202	0.42693	0.08287	0.12743	0.02119	0.05299	0.02626	0.01812	0.02597	0.01511	0.01861	0.01133	0.00793	0.00800	0.00260	0.01184	0.00657	0.00373	0.01224
67	0.01966	0.02934	0.30438	0.02730	0.09999	0.01849	0.15115	0.02676	0.01939	0.08839	0.05448	0.02608	0.04771	0.00953	0.00962	0.00276	0.03941	0.00857	0.00502	0.01198
68	0.01166	0.00868	0.01085	0.01031	0.01248	0.00787	0.00773	0.01532	0.02319	0.03198	0.53616	0.06710	0.18882	0.01820	0.01004	0.00271	0.00407	0.01588	0.00909	0.00787
69	0.01187	0.00869	0.01113	0.01052	0.01260	0.00795	0.00789	0.01572	0.02367	0.03313	0.59359	0.06521	0.13068	0.01777	0.01004	0.00269	0.00404	0.01562	0.00924	0.00795
70	0.02836	0.20252	0.08208	0.02033	0.02610	0.45877	0.01724	0.03133	0.02194	0.02114	0.01301	0.01515	0.01094	0.00835	0.00717	0.00214	0.01360	0.00532	0.00414	0.01035
71	0.03232	0.02473	0.02546	0.01971	0.02639	0.06062	0.01619	0.58817	0.03916	0.05188	0.02004	0.02016	0.01428	0.01014	0.00847	0.00253	0.00968	0.00755	0.00829	0.01423
72	0.01037	0.00741	0.00987	0.01185	0.01234	0.00691	0.00790	0.01185	0.01629	0.02172	0.04690	0.69537	0.05629	0.02666	0.01086	0.00346	0.00494	0.02419	0.00790	0.00691
73	0.01586	0.00793	0.00793	0.00793	0.00991	0.00793	0.00595	0.01983	0.01785	0.03173	0.02776	0.03173	0.02181	0.00991	0.00595	0.00198	0.00397	0.00793	0.74817	0.00793
74	0.02881	0.03659	0.06006	0.02824	0.15384	0.50010	0.01922	0.03200	0.02282	0.02258	0.01385	0.01665	0.01147	0.00849	0.00785	0.00229	0.01413	0.00595	0.00431	0.01075
75	0.03818	0.01448	0.01975	0.01514	0.02172	0.01251	0.01251	0.04147	0.02436	0.65373	0.03357	0.02897	0.02107	0.01053	0.00856	0.00263	0.00724	0.00856	0.01053	0.01448
76	0.13361	0.02105	0.02265	0.01759	0.02414	0.02276	0.01452	0.42838	0.03354	0.16507	0.02174	0.02114	0.01500	0.00996	0.00808	0.00258	0.00858	0.00741	0.00845	0.01375
77	0.02054	0.01969	0.03361	0.11745	0.58667	0.02008	0.02586	0.02566	0.01913	0.02717	0.01592	0.02123	0.01326	0.00768	0.00843	0.00256	0.01024	0.00758	0.00417	0.01306
78	0.01607	0.01513	0.02552	0.68047	0.05861	0.01891	0.02363	0.02174	0.01702	0.02174	0.01513	0.02269	0.01134	0.00851	0.00851	0.00284	0.01134	0.00756	0.00378	0.00945
79	0.76103	0.01646	0.01251	0.01119	0.01646	0.01909	0.00922	0.02502	0.01448	0.03818	0.01185	0.01382	0.00922	0.00790	0.00527	0.00263	0.00658	0.00461	0.00527	0.00922
80	0.01586	0.00793	0.00793	0.00793	0.00991	0.00793	0.00595	0.01983	0.01785	0.03173	0.02776	0.03173	0.02181	0.00991	0.00595	0.00198	0.00397	0.00793	0.74817	0.00793
81	0.02275	0.70604	0.04459	0.01456	0.02184	0.03367	0.01456	0.02548	0.01729	0.02002	0.01183	0.01365	0.01092	0.00728	0.00546	0.00182	0.00910	0.00455	0.00364	0.01092
82	0.01204	0.00870	0.01138	0.01071	0.01271	0.00803	0.00803	0.01606	0.02409	0.03413	0.64335	0.06357	0.08030	0.01740	0.01004	0.00268	0.00401	0.01539	0.00937	0.00803
83	0.01006	0.00862	0.00862	0.00862	0.01149	0.00718	0.00647	0.01221	0.01940	0.02299	0.08621	0.08190	0.64438	0.02155	0.01006	0.00287	0.00431	0.01796	0.00790	0.00718
84	0.01037	0.00741	0.00987	0.01185	0.01234	0.00691	0.00790	0.01185	0.01629	0.02172	0.04690	0.69537	0.05629	0.02666	0.01086	0.00346	0.00494	0.02419	0.00790	0.00691
85	0.01037	0.00741	0.00987	0.01185	0.01234	0.00691	0.00790	0.01185	0.01629	0.02172	0.04690	0.69537	0.05629	0.02666	0.01086	0.00346	0.00494	0.02419	0.00790	0.00691
86	0.01098	0.00874	0.00990	0.00986	0.01239	0.00767	0.00756	0.01386	0.02087	0.02665	0.25555	0.07739	0.41958	0.02043	0.01019	0.00290	0.00451	0.06512	0.00835	0.00750
87	0.02275	0.70604	0.04459	0.01456	0.02184	0.03367	0.01456	0.02548	0.01729	0.02002	0.01183	0.01365	0.01092	0.00728	0.00546	0.00182	0.00910	0.00455	0.00364	0.01092
88	0.01216	0.00912	0.01368	0.01368	0.01520	0.01064	0.01064	0.01520	0.01368	0.01976	0.02279	0.03343	0.02127	0.06382	0.66720	0.01368	0.02279	0.00912	0.00456	0.00760
89	0.01024	0.00863	0.00887	0.00881	0.01161	0.00726	0.00661	0.01256	0.01982	0.02400	0.13684	0.08023	0.59313	0.02117	0.01006	0.00286	0.00428	0.01773	0.00804	0.00726
90	0.76103	0.01646	0.01251	0.01119	0.01646	0.01909	0.00922	0.02502	0.01448	0.03818	0.01185	0.01382	0.00922	0.00790	0.00527	0.00263	0.00658	0.00461	0.00527	0.00922
91	0.03235	0.02384	0.02554	0.01958	0.02639	0.02639	0.01618	0.61946	0.04001	0.05363	0.02043	0.02043	0.01447	0.01022	0.00851	0.00255	0.00936	0.00766	0.00851	0.01447
92	0.01252	0.00908	0.01150	0.01270	0.01399	0.00884	0.00909	0.06332	0.01877	0.02483	0.04665	0.54643	0.08415	0.02470	0.01071	0.00339	0.00556	0.07816	0.00794	0.00765
93	0.02073	0.02221	0.08666	0.04989	0.59667	0.02018	0.02656	0.02619	0.01926	0.02773	0.01595	0.02080	0.01325	0.00762	0.00840	0.00254	0.01032	0.00747	0.00416	0.01340
94	0.01220	0.00893	0.01156	0.01299	0.01464	0.00856	0.01038	0.01493	0.01825	0.02345	0.05171	0.21791	0.16170	0.08054	0.01389	0.00398	0.00658	0.31287	0.00764	0.00729
95	0.02106	0.02022	0.03454	0.05223	0.64784	0.02022	0.02612	0.02612	0.01938	0.02780	0.01601	0.02106	0.01348	0.00758	0.00842	0.00253	0.01011	0.00758	0.00421	0.01348
96	0.03157	0.03350	0.02444	0.02087	0.02617	0.40470	0.01622	0.25015	0.05458	0.03351	0.01670	0.01788	0.01286	0.00941	0.00802	0.00235	0.01279	0.00645	0.00608	0.01171
97	0.02051	0.02199	0.08627	0.07695	0.57129	0.02013	0.02646	0.02600	0.01916	0.02747	0.01591	0.02087	0.01316	0.00766	0.00840	0.00255	0.01037	0.00747	0.00414	0.01323
98	0.01478	0.00739	0.01109	0.01109	0.01109	0.00739	0.00739	0.01109	0.01109	0.01478	0.01478	0.02587	0.01478	0.02956	0.03326	0.75240	0.00739	0.00739	0.00370	0.00370
99	0.01306	0.00894	0.01159	0.01078	0.01304	0.00818	0.00814	0.01694	0.02384	0.06020	0.58669	0.06308	0.10853	0.01733	0.00997	0.00269	0.00417	0.01524	0.00934	0.00826
100	0.02630	0.03077	0.03015	0.02827	0.11535	0.34765	0.14000	0.03322	0.11486	0.02535	0.01764	0.02018	0.01399	0.00870	0.00841	0.00248	0.01311	0.00733	0.00499	0.01124
101	0.01956	0.02418	0.14053	0.07545	0.32827	0.01998	0.18311	0.02597	0.01921	0.02709	0.01738	0.02429	0.01426	0.00828	0.00894	0.00272	0.01161	0.03255	0.00426	0.01235
102	0.01037	0.00741	0.00987	0.01185	0.01234	0.00691	0.00790	0.01185	0.01629	0.02172	0.04690	0.69537	0.05629	0.02666	0.01086	0.00346	0.00494	0.02419	0.00790	0.00691
103	0.01986	0.01899	0.03237	0.20380	0.50568	0.01990	0.02552	0.02506	0.01881	0.02634	0.01579	0.02145	0.01296	0.00781	0.00845	0.00260	0.01041	0.00758	0.00411	0.01251
104	0.01736	0.04196	0.59744	0.02539	0.03758	0.01994	0.08876	0.02698	0.01817	0.02698	0.01546	0.01846	0.01099	0.00800	0.00828	0.00271	0.01275	0.00666	0.00366	0.01247
105	0.02764	0.03049	0.02445	0.02126	0.02483	0.35591	0.01672	0.13629	0.02369	0.02667	0.01436	0.01788	0.01209	0.01292	0.04057	0.00314	0.18913	0.00654	0.00497	0.01047
106	0.18006	0.03446	0.02185	0.01975	0.02408	0.50004	0.01508	0.03143	0.02155	0.02435	0.01278	0.01521	0.01062	0.00892	0.00827	0.00236	0.04954	0.00541	0.00453	0.00970
107	0.01204	0.00870	0.01138	0.01071	0.01271	0.00803	0.00803	0.01606	0.02409	0.03413	0.64335	0.06357	0.08030	0.01740	0.01004	0.00268	0.00401	0.01539	0.00937	0.00803
108	0.02231	0.02486	0.02671	0.02289	0.02451	0.20190	0.04723	0.02452	0.01642	0.02091	0.01201	0.01793	0.01120	0.01283	0.02149	0.00326	0.46848	0.00703	0.00393	0.00957
109	0.01195	0.00869	0.01124	0.01060	0.01265	0.00799	0.00795	0.01587	0.02386	0.03357	0.61570	0.06448	0.10829	0.01760	0.01004	0.00269	0.00403	0.01552	0.00930	0.00799
110	0.01016	0.00821	0.00905	0.00972	0.01178	0.00709	0.00695	0.01209	0.01834	0.02256	0.07281	0.29099	0.44394	0.02329	0.01033	0.00307	0.00452	0.02008	0.00790	0.00709
111	0.01235	0.00829	0.00946	0.00940	0.00957	0.00823	0.00540	0.01268	0.01336	0.01798	0.07845	0.05635	0.03507	0.64368	0.04053	0.00778	0.00790	0.01263	0.00551	0.00540
112	0.01238	0.00825	0.00928	0.00928	0.00928	0.00825	0.00516	0.01238	0.01238	0.01650	0.02681	0.05569	0.03094	0.70092	0.04331	0.00825	0.00825	0.01238	0.00516	0.00516
113	0.03179	0.04056	0.02412	0.02192	0.02631	0.66676	0.01644	0.03398	0.02412	0.02083	0.01315	0.01535	0.01096	0.00877	0.00767	0.00219	0.01535	0.00548	0.00438	0.00987
114	0.02171	0.01855	0.01955	0.01743	0.02234	0.02142	0.01360	0.07326	0.60354	0.03648	0.03394	0.03120	0.02542	0.01148	0.00865	0.00287	0.00686	0.00953	0.00865	0.01352
115	0.01221	0.00818	0.00933	0.00950	0.00954	0.00814	0.00539	0.01233	0.01270	0.01694	0.02850	0.10926	0.03306	0.64446	0.04060	0.00785	0.00797	0.01337	0.00539	0.00530
116	0.01056	0.00749	0.00982	0.01160	0.01204	0.00704	0.00763	0.01190	0.01591	0.02121	0.04494	0.63275	0.05380	0.09267	0.01404	0.00393	0.00526	0.02304	0.00763	0.00674
117	0.03074	0.03708	0.02442	0.02173	0.02598	0.55030	0.01660	0.09027	0.02475	0.02402	0.01370	0.01612	0.01132	0.00942	0.00945	0.00236	0.07087	0.00586	0.00473	0.01027
118	0.03235	0.02384	0.02554	0.01958	0.02639	0.02639	0.01618	0.61946	0.04001	0.05363	0.02043	0.02043	0.01447	0.01022	0.00851	0.00255	0.00936	0.00766	0.00851	0.01447
119	0.01218	0.00817	0.00934	0.00953	0.00958	0.00812	0.00543	0.01232	0.01276	0.01701	0.02878	0.11831	0.03342	0.63491	0.04014	0.00778	0.00793	0.01353	0.00543	0.00533
120	0.01078	0.00758	0.00975	0.01132	0.01172	0.00719	0.00734	0.01196	0.01549	0.02066	0.04280	0.56469	0.05111	0.16440	0.01749	0.00444	0.00561	0.02178	0.00734	0.00655
121	0.03179	0.04056	0.02412	0.02192	0.02631	0.66676	0.01644	0.03398	0.02412	0.02083	0.01315	0.01535	0.01096	0.00877	0.00767	0.00219	0.01535	0.00548	0.00438	0.00987
122	0.01265	0.00934	0.01230	0.01385	0.01588	0.00900	0.01168	0.01599	0.01927	0.02463	0.05400	0.14318	0.17670	0.02336	0.01132	0.00366	0.00684	0.42088	0.00786	0.00762
123	0.01084	0.00745	0.00995	0.01166	0.01209	0.00702	0.00772	0.01181	0.01566	0.02089	0.04322	0.60780	0.05156	0.06011	0.01434	0.06641	0.00531	0.02220	0.00741	0.00656
124	0.01765	0.01513	0.01765	0.01260	0.02017	0.01134	0.01008	0.02143	0.01765	0.02773	0.01513	0.01765	0.01260	0.00630	0.00630	0.00126	0.00630	0.00504	0.00504	0.75295
125	0.01054	0.00872	0.00916	0.00935	0.01198	0.00750	0.00710	0.01275	0.01904	0.02288	0.07899	0.08187	0.55315	0.05823	0.01201	0.00326	0.00487	0.07372	0.00775	0.00714
126	0.01225	0.00825	0.00949	0.00953	0.00972	0.00817	0.00553	0.01266	0.01355	0.01823	0.07944	0.08785	0.03632	0.61048	0.03893	0.00755	0.00773	0.01321	0.00564	0.00548
127	0.01238	0.00825	0.00928	0.00928	0.00928	0.00825	0.00516	0.01238	0.01238	0.01650	0.02681	0.05569	0.03094	0.70092	0.04331	0.00825	0.00825	0.01238	0.00516	0.00516
128	0.01607	0.01513	0.02552	0.68047	0.05861	0.01891	0.02363	0.02174	0.01702	0.02174	0.01513	0.02269	0.01134	0.00851	0.00851	0.00284	0.01134	0.00756	0.00378	0.00945
129	0.02275	0.70604	0.04459	0.01456	0.02184	0.03367	0.01456	0.02548	0.01729	0.02002	0.01183	0.01365	0.01092	0.00728	0.00546	0.00182	0.00910	0.00455	0.00364	0.01092
130	0.01862	0.01862	0.02607	0.02234	0.02234	0.02607	0.01862	0.02048	0.01303	0.02048	0.01117	0.01862	0.01117	0.01489	0.02793	0.00372	0.68535	0.00745	0.00372	0.00931
131	0.01607	0.01513	0.02552	0.68047	0.05861	0.01891	0.02363	0.02174	0.01702	0.02174	0.01513	0.02269	0.01134	0.00851	0.00851	0.00284	0.01134	0.00756	0.00378	0.00945
132	0.02106	0.02022	0.03454	0.05223	0.64784	0.02022	0.02612	0.02612	0.01938	0.02780	0.01601	0.02106	0.01348	0.00758	0.00842	0.00253	0.01011	0.00758	0.00421	0.01348
133	0.01006	0.00862	0.00862	0.00862	0.01149	0.00718	0.00647	0.01221	0.01940	0.02299	0.08621	0.08190	0.64438	0.02155	0.01006	0.00287	0.00431	0.01796	0.00790	0.00718
134	0.01017	0.00819	0.00907	0.00977	0.01180	0.00709	0.00698	0.01208	0.01829	0.02254	0.07217	0.30102	0.43432	0.02338	0.01035	0.00308	0.00453	0.02019	0.00790	0.00709
135	0.01006	0.00862	0.00862	0.00862	0.01149	0.00718	0.00647	0.01221	0.01940	0.02299	0.08621	0.08190	0.64438	0.02155	0.01006	0.00287	0.00431	0.01796	0.00790	0.00718
136	0.01191	0.00872	0.01124	0.01144	0.01305	0.00829	0.00825	0.01603	0.05155	0.02985	0.40382	0.28371	0.06917	0.02036	0.01026	0.00296	0.00447	0.01819	0.00882	0.00791
137	0.02275	0.70604	0.04459	0.01456	0.02184	0.03367	0.01456	0.02548	0.01729	0.02002	0.01183	0.01365	0.01092	0.00728	0.00546	0.00182	0.00910	0.00455	0.00364	0.01092
138	0.06471	0.27334	0.03057	0.01846	0.02402	0.37895	0.01523	0.03091	0.02124	0.05256	0.01363	0.01534	0.01136	0.00829	0.00682	0.00210	0.01231	0.00526	0.00447	0.01043
139	0.02882	0.01710	0.01959	0.01609	0.02164	0.01796	0.01294	0.16392	0.23484	0.25026	0.03053	0.02838	0.02141	0.01075	0.00831	0.00264	0.00718	0.00867	0.08550	0.01346
140	0.03818	0.01448	0.01975	0.01514	0.02172	0.01251	0.01251	0.04147	0.02436	0.65373	0.03357	0.02897	0.02107	0.01053	0.00856	0.00263	0.00724	0.00856	0.01053	0.01448
141	0.01218	0.00903	0.01325	0.01325	0.01462	0.01040	0.01010	0.01492	0.01355	0.01944	0.02319	0.03561	0.02222	0.12620	0.60612	0.01315	0.02137	0.00944	0.00462	0.00736
142	0.01586	0.00793	0.00793	0.00793	0.00991	0.00793	0.00595	0.01983	0.01785	0.03173	0.02776	0.03173	0.02181	0.00991	0.00595	0.00198	0.00397	0.00793	0.74817	0.00793
143	0.76103	0.01646	0.01251	0.01119	0.01646	0.01909	0.00922	0.02502	0.01448	0.03818	0.01185	0.01382	0.00922	0.00790	0.00527	0.00263	0.00658	0.00461	0.00527	0.00922
144	0.03235	0.02384	0.02554	0.01958	0.02639	0.02639	0.01618	0.61946	0.04001	0.05363	0.02043	0.02043	0.01447	0.01022	0.00851	0.00255	0.00936	0.00766	0.00851	0.01447
145	0.01371	0.00980	0.01371	0.01567	0.01763	0.00980	0.01371	0.01763	0.01959	0.02547	0.04506	0.09599	0.04898	0.02351	0.01175	0.00392	0.00784	0.59056	0.00784	0.00784
146	0.03179	0.04056	0.02412	0.02192	0.02631	0.66676	0.01644	0.03398	0.02412	0.02083	0.01315	0.01535	0.01096	0.00877	0.00767	0.00219	0.01535	0.00548	0.00438	0.00987
147	0.01196	0.00870	0.01126	0.01062	0.01266	0.00799	0.00796	0.01590	0.02389	0.03366	0.61998	0.06434	0.10396	0.01757	0.01004	0.00268	0.00403	0.01550	0.00931	0.00799
148	0.03214	0.02023	0.02308	0.01796	0.02427	0.02155	0.01478	0.42212	0.03383	0.20315	0.02397	0.02369	0.01672	0.01479	0.06369	0.00351	0.00995	0.00801	0.00869	0.01390
149	0.01735	0.07634	0.62694	0.02378	0.03610	0.02044	0.03062	0.02688	0.01793	0.02661	0.01510	0.01776	0.01079	0.00805	0.00796	0.00265	0.01241	0.00620	0.00360	0.01250
150	0.03085	0.03392	0.02469	0.02129	0.02600	0.42923	0.01655	0.20096	0.02775	0.03022	0.01508	0.01708	0.01199	0.00970	0.00961	0.00242	0.06974	0.00627	0.00551	0.01114
151	0.01204	0.00870	0.01138	0.01071	0.01271	0.00803	0.00803	0.01606	0.02409	0.03413	0.64335	0.06357	0.08030	0.01740	0.01004	0.00268	0.00401	0.01539	0.00937	0.00803
152	0.01104	0.00835	0.00973	0.00992	0.01164	0.00754	0.00696	0.01324	0.01898	0.02479	0.22382	0.18918	0.27713	0.13090	0.01557	0.00380	0.00498	0.01753	0.00787	0.00704
153	0.01765	0.01513	0.01765	0.01260	0.02017	0.01134	0.01008	0.02143	0.01765	0.02773	0.01513	0.01765	0.01260	0.00630	0.00630	0.00126	0.00630	0.00504	0.00504	0.75295
154	0.03085	0.12349	0.02772	0.01963	0.02574	0.23012	0.01604	0.35196	0.03184	0.03860	0.01694	0.01788	0.01287	0.00935	0.00783	0.00234	0.01122	0.00654	0.00653	0.01252
155	0.33196	0.06085	0.21153	0.01490	0.02176	0.01765	0.01564	0.02292	0.01613	0.02992	0.02347	0.02728	0.09060	0.07151	0.01014	0.00314	0.00843	0.00747	0.00498	0.00973
156	0.09106	0.01741	0.04672	0.01434	0.01839	0.08115	0.01174	0.11991	0.05640	0.03260	0.16953	0.10815	0.14522	0.01549	0.00906	0.00277	0.00718	0.03570	0.00753	0.00965
157	0.22107	0.04640	0.01594	0.04607	0.01831	0.12678	0.01030	0.05332	0.01775	0.02668	0.05159	0.03356	0.04688	0.23118	0.01864	0.00434	0.00889	0.00864	0.00542	0.00825
158	0.05295	0.08399	0.02052	0.01519	0.01809	0.01546	0.06956	0.04962	0.01652	0.02253	0.03055	0.03613	0.14886	0.04983	0.04664	0.21158	0.08940	0.00979	0.00509	0.00770
159	0.01737	0.05182	0.19191	0.05596	0.10979	0.01847	0.04511	0.05401	0.01969	0.02756	0.11415	0.03337	0.10020	0.01209	0.01158	0.00281	0.10840	0.00961	0.00537	0.01073
160	0.05721	0.05211	0.02449	0.08127	0.19555	0.05041	0.01726	0.13083	0.02154	0.03012	0.02149	0.02582	0.04852	0.01846	0.11511	0.00435	0.04059	0.00802	0.04582	0.01104

[dist]
# distance from previous block
# <min> <max>
1	142

[block]
# block no. 2 follows, 21 sequences, length 52
# corresponding to MSA columns:
# 550-601
name=unknown_C
#
# <colnr> <probs for GDERKNQSTAVLIFYWHMCP>
#	G	D	E	R	K	N	Q	S	T	A	V	L	I	F	Y	W	H	M	C	P
0	0.14526	0.01516	0.01818	0.02115	0.14903	0.04586	0.01323	0.05586	0.02009	0.09914	0.07743	0.19301	0.08334	0.01475	0.00873	0.00281	0.00719	0.01261	0.00694	0.01020
1	0.22084	0.02830	0.16641	0.06231	0.18691	0.14686	0.02074	0.02732	0.01855	0.02871	0.01412	0.01738	0.01112	0.00806	0.00736	0.00254	0.01081	0.00608	0.00437	0.01121
2	0.15324	0.02171	0.02627	0.03410	0.33888	0.11379	0.01924	0.06197	0.02059	0.06436	0.01677	0.01998	0.01333	0.00826	0.00763	0.00247	0.00970	0.00683	0.04888	0.01199
3	0.10309	0.02017	0.03085	0.11324	0.36830	0.05912	0.09069	0.02537	0.01894	0.02752	0.01914	0.02354	0.04606	0.00849	0.00831	0.00261	0.01036	0.00796	0.00450	0.01176
4	0.11397	0.02548	0.02404	0.15512	0.06058	0.19422	0.01741	0.24469	0.02715	0.03540	0.01620	0.01879	0.01224	0.00909	0.00790	0.00252	0.01107	0.00670	0.00587	0.01156
5	0.02202	0.02124	0.03298	0.08210	0.54731	0.05500	0.02489	0.06073	0.02070	0.02861	0.01607	0.02081	0.01329	0.00785	0.00839	0.00253	0.01041	0.00747	0.00445	0.01313
6	0.01548	0.00915	0.01074	0.08757	0.01646	0.00932	0.00845	0.01940	0.01759	0.02939	0.02733	0.09165	0.02326	0.01110	0.00673	0.00218	0.00506	0.00923	0.54867	0.05124
7	0.01037	0.00741	0.00987	0.01185	0.01234	0.00691	0.00790	0.01185	0.01629	0.02172	0.04690	0.69537	0.05629	0.02666	0.01086	0.00346	0.00494	0.02419	0.00790	0.00691
8	0.02017	0.03334	0.38546	0.06664	0.03852	0.01937	0.18467	0.02833	0.01919	0.09671	0.01782	0.02081	0.01253	0.00814	0.00869	0.00274	0.01238	0.00762	0.00457	0.01231
9	0.01217	0.00907	0.01342	0.01342	0.01485	0.01050	0.01031	0.01503	0.01360	0.01956	0.02303	0.03474	0.02184	0.10139	0.63041	0.01336	0.02194	0.00931	0.00459	0.00745
10	0.01216	0.00912	0.01368	0.01368	0.01520	0.01064	0.01064	0.01520	0.01368	0.01976	0.02279	0.03343	0.02127	0.06382	0.66720	0.01368	0.02279	0.00912	0.00456	0.00760
11	0.02275	0.70604	0.04459	0.01456	0.02184	0.03367	0.01456	0.02548	0.01729	0.02002	0.01183	0.01365	0.01092	0.00728	0.00546	0.00182	0.00910	0.00455	0.00364	0.01092
12	0.01037	0.00741	0.00987	0.01185	0.01234	0.00691	0.00790	0.01185	0.01629	0.02172	0.04690	0.69537	0.05629	0.02666	0.01086	0.00346	0.00494	0.02419	0.00790	0.00691
13	0.01862	0.01862	0.02607	0.02234	0.02234	0.02607	0.01862	0.02048	0.01303	0.02048	0.01117	0.01862	0.01117	0.01489	0.02793	0.00372	0.68535	0.00745	0.00372	0.00931
14	0.01059	0.00870	0.00935	0.00935	0.01203	0.00747	0.00712	0.01314	0.02018	0.02496	0.17589	0.07965	0.51864	0.02097	0.01015	0.00290	0.00446	0.04894	0.00814	0.00736
15	0.02066	0.02023	0.03576	0.08745	0.54572	0.02029	0.09195	0.02599	0.01932	0.02738	0.01609	0.02137	0.01329	0.00759	0.00861	0.00258	0.01066	0.00786	0.00420	0.01302
16	0.01121	0.00847	0.01044	0.01097	0.01284	0.00770	0.00821	0.01400	0.02011	0.02652	0.24923	0.23747	0.23973	0.02179	0.01046	0.00309	0.00480	0.08716	0.00836	0.00746
17	0.02106	0.02022	0.03454	0.05223	0.64784	0.02022	0.02612	0.02612	0.01938	0.02780	0.01601	0.02106	0.01348	0.00758	0.00842	0.00253	0.01011	0.00758	0.00421	0.01348
18	0.76103	0.01646	0.01251	0.01119	0.01646	0.01909	0.00922	0.02502	0.01448	0.03818	0.01185	0.01382	0.00922	0.00790	0.00527	0.00263	0.00658	0.00461	0.00527	0.00922
19	0.01765	0.01513	0.01765	0.01260	0.02017	0.01134	0.01008	0.02143	0.01765	0.02773	0.01513	0.01765	0.01260	0.00630	0.00630	0.00126	0.00630	0.00504	0.00504	0.75295
20	0.03758	0.01545	0.02035	0.01560	0.02221	0.01395	0.01289	0.10144	0.02598	0.59147	0.03221	0.02808	0.02038	0.01050	0.00855	0.00263	0.00746	0.00847	0.01032	0.01448
21	0.01204	0.00870	0.01138	0.01071	0.01271	0.00803	0.00803	0.01606	0.02409	0.03413	0.64335	0.06357	0.08030	0.01740	0.01004	0.00268	0.00401	0.01539	0.00937	0.00803
22	0.02106	0.02022	0.03454	0.05223	0.64784	0.02022	0.02612	0.02612	0.01938	0.02780	0.01601	0.02106	0.01348	0.00758	0.00842	0.00253	0.01011	0.00758	0.00421	0.01348
23	0.02275	0.70604	0.04459	0.01456	0.02184	0.03367	0.01456	0.02548	0.01729	0.02002	0.01183	0.01365	0.01092	0.00728	0.00546	0.00182	0.00910	0.00455	0.00364	0.01092
24	0.01037	0.00741	0.00987	0.01185	0.01234	0.00691	0.00790	0.01185	0.01629	0.02172	0.04690	0.69537	0.05629	0.02666	0.01086	0.00346	0.00494	0.02419	0.00790	0.00691
25	0.03818	0.01448	0.01975	0.01514	0.02172	0.01251	0.01251	0.04147	0.02436	0.65373	0.03357	0.02897	0.02107	0.01053	0.00856	0.00263	0.00724	0.00856	0.01053	0.01448
26	0.02275	0.70604	0.04459	0.01456	0.02184	0.03367	0.01456	0.02548	0.01729	0.02002	0.01183	0.01365	0.01092	0.00728	0.00546	0.00182	0.00910	0.00455	0.00364	0.01092
27	0.01204	0.00870	0.01138	0.01071	0.01271	0.00803	0.00803	0.01606	0.02409	0.03413	0.64335	0.06357	0.08030	0.01740	0.01004	0.00268	0.00401	0.01539	0.00937	0.00803
28	0.01238	0.00825	0.00928	0.00928	0.00928	0.00825	0.00516	0.01238	0.01238	0.01650	0.02681	0.05569	0.03094	0.70092	0.04331	0.00825	0.00825	0.01238	0.00516	0.00516
29	0.01015	0.00828	0.00897	0.00953	0.01173	0.00711	0.00687	0.01211	0.01852	0.02263	0.07515	0.25447	0.47895	0.02299	0.01028	0.00304	0.00449	0.01971	0.00790	0.00711
30	0.02275	0.70604	0.04459	0.01456	0.02184	0.03367	0.01456	0.02548	0.01729	0.02002	0.01183	0.01365	0.01092	0.00728	0.00546	0.00182	0.00910	0.00455	0.00364	0.01092
31	0.03235	0.02384	0.02554	0.01958	0.02639	0.02639	0.01618	0.61946	0.04001	0.05363	0.02043	0.02043	0.01447	0.01022	0.00851	0.00255	0.00936	0.00766	0.00851	0.01447
32	0.01037	0.00741	0.00987	0.01185	0.01234	0.00691	0.00790	0.01185	0.01629	0.02172	0.04690	0.69537	0.05629	0.02666	0.01086	0.00346	0.00494	0.02419	0.00790	0.00691
33	0.01996	0.01909	0.03255	0.19097	0.51772	0.01993	0.02557	0.02515	0.01886	0.02646	0.01581	0.02142	0.01301	0.00779	0.00844	0.00260	0.01038	0.00758	0.00412	0.01259
34	0.01371	0.00980	0.01371	0.01567	0.01763	0.00980	0.01371	0.01763	0.01959	0.02547	0.04506	0.09599	0.04898	0.02351	0.01175	0.00392	0.00784	0.59056	0.00784	0.00784
35	0.02897	0.01898	0.02128	0.01744	0.02332	0.02050	0.01404	0.21829	0.29506	0.20151	0.03006	0.02760	0.02122	0.01088	0.00859	0.00272	0.00766	0.00875	0.00910	0.01404
36	0.10620	0.02480	0.02884	0.07621	0.38129	0.18838	0.02157	0.02779	0.01993	0.02679	0.01475	0.01886	0.01222	0.00798	0.00788	0.00247	0.01115	0.00670	0.00435	0.01183
37	0.02733	0.02069	0.02223	0.01827	0.02411	0.02316	0.01469	0.31494	0.32154	0.07706	0.02790	0.02628	0.02031	0.01087	0.00859	0.00272	0.00800	0.00864	0.00869	0.01400
38	0.02586	0.12618	0.02495	0.01728	0.02267	0.05754	0.01415	0.34348	0.06594	0.03937	0.02476	0.15248	0.02264	0.01300	0.00847	0.00262	0.00862	0.01043	0.00743	0.01213
39	0.01021	0.00853	0.00874	0.00886	0.01142	0.00723	0.00648	0.01220	0.01881	0.02255	0.08047	0.11812	0.57388	0.05994	0.01197	0.00321	0.00457	0.01803	0.00775	0.00705
40	0.01977	0.01659	0.01966	0.02089	0.12572	0.01753	0.01389	0.14426	0.21469	0.03376	0.04528	0.04385	0.22057	0.01383	0.00904	0.00276	0.00704	0.01157	0.00763	0.01165
41	0.01607	0.01513	0.02552	0.68047	0.05861	0.01891	0.02363	0.02174	0.01702	0.02174	0.01513	0.02269	0.01134	0.00851	0.00851	0.00284	0.01134	0.00756	0.00378	0.00945
42	0.05601	0.13938	0.43448	0.02169	0.03175	0.05796	0.02556	0.05818	0.01896	0.02723	0.01455	0.01714	0.01095	0.00844	0.00852	0.00258	0.04464	0.00603	0.00399	0.01196
43	0.01909	0.01603	0.01841	0.01344	0.02080	0.01312	0.01077	0.07419	0.04965	0.03035	0.01654	0.01858	0.01342	0.00690	0.00661	0.00145	0.00659	0.00549	0.00552	0.65306
44	0.01006	0.00862	0.00862	0.00862	0.01149	0.00718	0.00647	0.01221	0.01940	0.02299	0.08621	0.08190	0.64438	0.02155	0.01006	0.00287	0.00431	0.01796	0.00790	0.00718
45	0.01707	0.04402	0.65683	0.02426	0.03683	0.01976	0.03144	0.02695	0.01797	0.02695	0.01527	0.01797	0.01078	0.00809	0.00809	0.00270	0.01258	0.00629	0.00359	0.01258
46	0.02188	0.06651	0.29326	0.03051	0.19725	0.16595	0.02513	0.02898	0.04466	0.02583	0.01562	0.01857	0.01217	0.00821	0.00799	0.00250	0.01214	0.00651	0.00415	0.01217
47	0.02009	0.02296	0.05022	0.03587	0.04448	0.02152	0.61693	0.02726	0.02009	0.02726	0.01722	0.02296	0.01291	0.00717	0.01004	0.00287	0.01435	0.01004	0.00430	0.01148
48	0.02122	0.02226	0.06133	0.04593	0.51287	0.05596	0.05868	0.02637	0.01951	0.02734	0.01583	0.02050	0.01313	0.00757	0.00833	0.00246	0.01052	0.00739	0.00425	0.05855
49	0.01895	0.01777	0.02995	0.21779	0.42363	0.01878	0.02416	0.02406	0.01876	0.02593	0.01878	0.02927	0.01659	0.00948	0.00879	0.00275	0.01021	0.06806	0.00447	0.01181
50	0.01216	0.00912	0.01368	0.01368	0.01520	0.01064	0.01064	0.01520	0.01368	0.01976	0.02279	0.03343	0.02127	0.06382	0.66720	0.01368	0.02279	0.00912	0.00456	0.00760
51	0.02077	0.13641	0.09386	0.02116	0.08088	0.05479	0.08910	0.02512	0.02012	0.10734	0.12228	0.06647	0.02940	0.04945	0.01054	0.00293	0.00918	0.04340	0.00617	0.01064

[dist]
# distance from previous block
# <min> <max>
0	4

[block]
# block no. 3 follows, 21 sequences, length 33
# corresponding to MSA columns:
# 606-638
name=unknown_D
#
# <colnr> <probs for GDERKNQSTAVLIFYWHMCP>
#	G	D	E	R	K	N	Q	S	T	A	V	L	I	F	Y	W	H	M	C	P
