[name]
unknown

[dist]
# distance from previous block
# <min> <max>
0	0

[block]
# block no. 0 follows, 22 sequences, length 153
# corresponding to MSA columns:
# 0-152
name=unknown_A
#
# <colnr> <probs for GDERKNQSTAVLIFYWHMCP>
#	G	D	E	R	K	N	Q	S	T	A	V	L	I	F	Y	W	H	M	C	P
0	0.01339	0.00956	0.01339	0.01530	0.01721	0.00956	0.01339	0.01721	0.01912	0.02486	0.04399	0.09371	0.04781	0.02295	0.01147	0.00382	0.00765	0.60031	0.00765	0.00765
1	0.02102	0.02060	0.03328	0.04970	0.62875	0.04827	0.02508	0.02583	0.01912	0.02684	0.01550	0.02032	0.01305	0.00745	0.00819	0.00245	0.01009	0.00731	0.00412	0.01301
2	0.01002	0.00796	0.00900	0.00971	0.01159	0.00695	0.00691	0.01195	0.01797	0.02244	0.09419	0.31770	0.39878	0.02277	0.01012	0.00301	0.00443	0.01975	0.00778	0.00695
3	0.01012	0.00723	0.00964	0.01157	0.01205	0.00675	0.00771	0.01157	0.01591	0.02121	0.04579	0.70262	0.05495	0.02603	0.01060	0.00337	0.00482	0.02362	0.00771	0.00675
4	0.01187	0.00890	0.01335	0.01335	0.01483	0.01038	0.01038	0.01483	0.01335	0.01928	0.02225	0.03264	0.02077	0.06231	0.67512	0.01335	0.02225	0.00890	0.00445	0.00742
5	0.01041	0.00844	0.00924	0.00904	0.01159	0.00727	0.00678	0.01308	0.02034	0.02578	0.25846	0.07446	0.47647	0.01979	0.00981	0.00275	0.00412	0.01676	0.00815	0.00727
6	0.01549	0.00774	0.00774	0.00774	0.00968	0.00774	0.00581	0.01936	0.01742	0.03097	0.02710	0.03097	0.02129	0.00968	0.00581	0.00194	0.00387	0.00774	0.75416	0.00774
7	0.02221	0.71304	0.04353	0.01421	0.02132	0.03287	0.01421	0.02488	0.01688	0.01955	0.01155	0.01333	0.01066	0.00711	0.00533	0.00178	0.00888	0.00444	0.00355	0.01066
8	0.02113	0.01808	0.01905	0.01700	0.02178	0.02088	0.01326	0.06926	0.61533	0.03551	0.03322	0.03052	0.02488	0.01121	0.00845	0.00280	0.00668	0.00931	0.00845	0.01319
9	0.01569	0.01477	0.02492	0.68808	0.05722	0.01846	0.02307	0.02123	0.01661	0.02123	0.01477	0.02215	0.01107	0.00831	0.00831	0.00277	0.01107	0.00738	0.00369	0.00923
10	0.01145	0.00779	0.00925	0.00986	0.01002	0.00764	0.00589	0.01192	0.01330	0.01774	0.03244	0.26146	0.03811	0.49017	0.03216	0.00656	0.00702	0.01577	0.00589	0.00558
11	0.01730	0.01430	0.01766	0.05510	0.01965	0.04781	0.01303	0.07489	0.01709	0.02516	0.01911	0.02575	0.01655	0.02769	0.22587	0.00615	0.19687	0.00782	0.16342	0.00877
12	0.02156	0.02126	0.01742	0.01633	0.01989	0.22468	0.01238	0.02981	0.19651	0.06270	0.03385	0.14063	0.08730	0.01615	0.03505	0.00313	0.00944	0.03504	0.00685	0.01001
13	0.01169	0.00789	0.00918	0.00956	0.00966	0.00779	0.00557	0.01198	0.01284	0.01713	0.03009	0.18372	0.03514	0.57195	0.03596	0.00712	0.00741	0.01438	0.00557	0.00538
14	0.03103	0.03959	0.02354	0.02140	0.02568	0.67469	0.01605	0.03317	0.02354	0.02033	0.01284	0.01498	0.01070	0.00856	0.00749	0.00214	0.01498	0.00535	0.00428	0.00963
15	0.02852	0.02133	0.02276	0.01805	0.02405	0.02376	0.01471	0.47845	0.15803	0.04767	0.02311	0.02276	0.01676	0.01022	0.00820	0.00253	0.00834	0.00788	0.04930	0.01358
16	0.01932	0.01847	0.03148	0.21296	0.50393	0.01941	0.02488	0.02441	0.01833	0.02564	0.01541	0.02096	0.01263	0.00763	0.00825	0.00254	0.01018	0.00740	0.00401	0.01216
17	0.01692	0.07353	0.63665	0.02325	0.03529	0.01991	0.02994	0.02624	0.01751	0.02600	0.01476	0.01735	0.01053	0.00786	0.00778	0.00259	0.01212	0.00606	0.00351	0.01220
18	0.02008	0.01924	0.03260	0.04910	0.62764	0.01917	0.02465	0.02489	0.01892	0.02693	0.01866	0.02319	0.04150	0.00801	0.00829	0.00248	0.00962	0.00785	0.00427	0.01289
19	0.02042	0.01986	0.03106	0.04549	0.55853	0.04724	0.02335	0.02610	0.05330	0.02701	0.02030	0.02418	0.04916	0.00842	0.00829	0.00249	0.00959	0.00798	0.00456	0.01267
20	0.01187	0.00890	0.01335	0.01335	0.01483	0.01038	0.01038	0.01483	0.01335	0.01928	0.02225	0.03264	0.02077	0.06231	0.67512	0.01335	0.02225	0.00890	0.00445	0.00742
21	0.01010	0.00731	0.00955	0.01135	0.01199	0.00677	0.00761	0.01159	0.01612	0.02129	0.04847	0.65907	0.09677	0.02568	0.01055	0.00333	0.00478	0.02319	0.00771	0.00677
22	0.01194	0.00814	0.00978	0.00989	0.01015	0.00836	0.00604	0.01249	0.01249	0.01690	0.02662	0.08649	0.03005	0.56722	0.14185	0.00864	0.01015	0.01221	0.00509	0.00551
23	0.02056	0.01974	0.03372	0.05099	0.65622	0.01974	0.02550	0.02550	0.01892	0.02714	0.01563	0.02056	0.01316	0.00740	0.00822	0.00247	0.00987	0.00740	0.00411	0.01316
24	0.01208	0.00883	0.01302	0.01302	0.01453	0.01023	0.01011	0.01510	0.01359	0.01997	0.02254	0.03254	0.02080	0.05921	0.63571	0.01268	0.02117	0.00883	0.04860	0.00744
25	0.01436	0.00738	0.01100	0.01114	0.01127	0.00738	0.00765	0.01127	0.01140	0.01516	0.01650	0.03004	0.01676	0.02845	0.03100	0.70552	0.00725	0.04870	0.00389	0.00389
26	0.02591	0.01618	0.01825	0.01483	0.01994	0.01659	0.01185	0.24248	0.09551	0.19661	0.03860	0.03824	0.15171	0.06134	0.01103	0.00300	0.00722	0.01034	0.00847	0.01190
27	0.01237	0.00926	0.01357	0.01341	0.01485	0.01092	0.01047	0.01534	0.01356	0.02001	0.02202	0.03188	0.02035	0.05703	0.60616	0.01224	0.05176	0.00876	0.04856	0.00751
28	0.03158	0.02327	0.02493	0.01911	0.02576	0.02576	0.01579	0.62852	0.03906	0.05236	0.01995	0.01995	0.01413	0.00997	0.00831	0.00249	0.00914	0.00748	0.00831	0.01413
29	0.01012	0.00723	0.00964	0.01157	0.01205	0.00675	0.00771	0.01157	0.01591	0.02121	0.04579	0.70262	0.05495	0.02603	0.01060	0.00337	0.00482	0.02362	0.00771	0.00675
30	0.01931	0.02152	0.04409	0.03225	0.03890	0.02194	0.49892	0.02523	0.01817	0.02523	0.01557	0.02152	0.01225	0.00858	0.01346	0.00298	0.15597	0.00927	0.00408	0.01076
31	0.02221	0.71304	0.04353	0.01421	0.02132	0.03287	0.01421	0.02488	0.01688	0.01955	0.01155	0.01333	0.01066	0.00711	0.00533	0.00178	0.00888	0.00444	0.00355	0.01066
32	0.01003	0.00758	0.00928	0.01063	0.01180	0.00683	0.00730	0.01167	0.01681	0.02157	0.05720	0.51740	0.23280	0.02454	0.01037	0.00320	0.00464	0.02181	0.00771	0.00683
33	0.01027	0.00748	0.00968	0.01114	0.01201	0.00689	0.00759	0.01206	0.01704	0.02266	0.11641	0.57099	0.11607	0.02454	0.01044	0.00323	0.00466	0.02207	0.00787	0.00689
34	0.02662	0.03238	0.02044	0.01859	0.02266	0.50760	0.01400	0.05392	0.02324	0.02213	0.02806	0.02878	0.14514	0.01123	0.00801	0.00229	0.01248	0.00799	0.00517	0.00927
35	0.17784	0.03490	0.02128	0.01931	0.02376	0.54378	0.01464	0.03143	0.02167	0.02371	0.01259	0.01468	0.01036	0.00839	0.00702	0.00223	0.01327	0.00518	0.00445	0.00950
36	0.02863	0.02178	0.02370	0.05094	0.02645	0.02439	0.01561	0.48262	0.15814	0.04734	0.02246	0.02226	0.01622	0.01015	0.00834	0.00257	0.00872	0.00786	0.00812	0.01370
37	0.02196	0.03386	0.35853	0.02697	0.13688	0.05961	0.02517	0.17968	0.02360	0.03272	0.01619	0.01851	0.01189	0.00838	0.00803	0.00254	0.01124	0.00665	0.00488	0.01274
38	0.02852	0.02030	0.03061	0.02284	0.02984	0.02047	0.20579	0.24953	0.07120	0.19820	0.02320	0.02361	0.01607	0.00921	0.00880	0.00263	0.00996	0.00856	0.00754	0.01315
39	0.01569	0.01477	0.02492	0.68808	0.05722	0.01846	0.02307	0.02123	0.01661	0.02123	0.01477	0.02215	0.01107	0.00831	0.00831	0.00277	0.01107	0.00738	0.00369	0.00923
40	0.12331	0.34522	0.03084	0.01598	0.02192	0.21943	0.01386	0.02900	0.01926	0.09296	0.01428	0.01549	0.01155	0.00797	0.00628	0.00208	0.01018	0.00515	0.00472	0.01052
41	0.00982	0.00842	0.00842	0.00842	0.01122	0.00701	0.00631	0.01192	0.01894	0.02244	0.08416	0.07995	0.65285	0.02104	0.00982	0.00281	0.00421	0.01753	0.00771	0.00701
42	0.01902	0.01915	0.02990	0.21910	0.24140	0.05350	0.07316	0.02335	0.01696	0.02325	0.01413	0.02027	0.01182	0.00952	0.01326	0.00287	0.18732	0.00746	0.00389	0.01067
43	0.01074	0.00791	0.00904	0.00964	0.01069	0.00731	0.00628	0.01187	0.01547	0.01973	0.05084	0.26553	0.23686	0.27501	0.02199	0.00491	0.00581	0.01743	0.00673	0.00620
44	0.01443	0.00722	0.01082	0.01082	0.01082	0.00722	0.00722	0.01082	0.01082	0.01443	0.01443	0.02525	0.01443	0.02886	0.03247	0.75830	0.00722	0.00722	0.00361	0.00361
45	0.01012	0.00723	0.00964	0.01157	0.01205	0.00675	0.00771	0.01157	0.01591	0.02121	0.04579	0.70262	0.05495	0.02603	0.01060	0.00337	0.00482	0.02362	0.00771	0.00675
46	0.01167	0.00849	0.01099	0.01036	0.01236	0.00780	0.00777	0.01551	0.02331	0.03283	0.62678	0.06284	0.10374	0.01716	0.00980	0.00262	0.00393	0.01513	0.00908	0.00780
47	0.01549	0.00774	0.00774	0.00774	0.00968	0.00774	0.00581	0.01936	0.01742	0.03097	0.02710	0.03097	0.02129	0.00968	0.00581	0.00194	0.00387	0.00774	0.75416	0.00774
48	0.00982	0.00842	0.00842	0.00842	0.01122	0.00701	0.00631	0.01192	0.01894	0.02244	0.08416	0.07995	0.65285	0.02104	0.00982	0.00281	0.00421	0.01753	0.00771	0.00701
49	0.03110	0.03764	0.02371	0.02113	0.02569	0.59699	0.01602	0.10446	0.02540	0.02417	0.01369	0.01558	0.01111	0.00873	0.00759	0.00218	0.01428	0.00561	0.00476	0.01017
50	0.01012	0.00723	0.00964	0.01157	0.01205	0.00675	0.00771	0.01157	0.01591	0.02121	0.04579	0.70262	0.05495	0.02603	0.01060	0.00337	0.00482	0.02362	0.00771	0.00675
51	0.00982	0.00842	0.00842	0.00842	0.01122	0.00701	0.00631	0.01192	0.01894	0.02244	0.08416	0.07995	0.65285	0.02104	0.00982	0.00281	0.00421	0.01753	0.00771	0.00701
52	0.02221	0.71304	0.04353	0.01421	0.02132	0.03287	0.01421	0.02488	0.01688	0.01955	0.01155	0.01333	0.01066	0.00711	0.00533	0.00178	0.00888	0.00444	0.00355	0.01066
53	0.01187	0.00890	0.01335	0.01335	0.01483	0.01038	0.01038	0.01483	0.01335	0.01928	0.02225	0.03264	0.02077	0.06231	0.67512	0.01335	0.02225	0.00890	0.00445	0.00742
54	0.01138	0.00929	0.00974	0.00959	0.01235	0.00829	0.00717	0.05501	0.01993	0.02437	0.07444	0.16056	0.52673	0.02094	0.00982	0.00286	0.00464	0.01766	0.00776	0.00747
55	0.02221	0.71304	0.04353	0.01421	0.02132	0.03287	0.01421	0.02488	0.01688	0.01955	0.01155	0.01333	0.01066	0.00711	0.00533	0.00178	0.00888	0.00444	0.00355	0.01066
56	0.01072	0.00827	0.00982	0.01011	0.01212	0.00738	0.00750	0.01338	0.01983	0.02586	0.25817	0.19921	0.31167	0.02083	0.01007	0.00292	0.00444	0.05225	0.00817	0.00727
57	0.01000	0.00771	0.00914	0.01028	0.01171	0.00686	0.00714	0.01171	0.01714	0.02171	0.06147	0.44815	0.29930	0.02399	0.01028	0.00314	0.00457	0.02113	0.00771	0.00686
58	0.02359	0.02249	0.02338	0.02503	0.15547	0.13082	0.01651	0.10287	0.34096	0.03268	0.02496	0.02491	0.01911	0.00986	0.00823	0.00259	0.00896	0.00809	0.00683	0.01267
59	0.01208	0.00805	0.00906	0.00906	0.00906	0.00805	0.00503	0.01208	0.01208	0.01611	0.02618	0.05436	0.03020	0.70804	0.04228	0.00805	0.00805	0.01208	0.00503	0.00503
60	0.02949	0.02354	0.02324	0.01871	0.02468	0.09569	0.01511	0.41481	0.16261	0.07190	0.02262	0.02207	0.01638	0.01010	0.00825	0.00253	0.00916	0.00768	0.00798	0.01343
61	0.02221	0.71304	0.04353	0.01421	0.02132	0.03287	0.01421	0.02488	0.01688	0.01955	0.01155	0.01333	0.01066	0.00711	0.00533	0.00178	0.00888	0.00444	0.00355	0.01066
62	0.01375	0.01107	0.01351	0.01194	0.01595	0.00895	0.00880	0.01634	0.01658	0.02420	0.02996	0.35295	0.03319	0.01589	0.00833	0.00228	0.00550	0.01408	0.00629	0.39044
63	0.01208	0.00805	0.00906	0.00906	0.00906	0.00805	0.00503	0.01208	0.01208	0.01611	0.02618	0.05436	0.03020	0.70804	0.04228	0.00805	0.00805	0.01208	0.00503	0.00503
64	0.02679	0.36352	0.03316	0.01794	0.02358	0.36598	0.01517	0.02918	0.02034	0.01995	0.01222	0.01419	0.01068	0.00786	0.00645	0.00197	0.01205	0.00491	0.00393	0.01013
65	0.01256	0.00992	0.01469	0.01428	0.01560	0.01205	0.01124	0.01540	0.01328	0.01936	0.02100	0.03104	0.01968	0.05704	0.60365	0.01228	0.09623	0.00872	0.00436	0.00760
66	0.13481	0.03597	0.50965	0.02061	0.03093	0.01828	0.02544	0.02516	0.01748	0.02860	0.06521	0.02045	0.01570	0.00859	0.00761	0.00262	0.01069	0.00659	0.00422	0.01140
67	0.02818	0.03446	0.02534	0.02615	0.12572	0.51060	0.01775	0.03074	0.02181	0.02138	0.01311	0.01616	0.01111	0.00893	0.00943	0.00233	0.07662	0.00585	0.00419	0.01014
68	0.01150	0.00829	0.01087	0.01063	0.01235	0.00766	0.00782	0.01502	0.02230	0.03139	0.55535	0.16404	0.07465	0.01842	0.00993	0.00273	0.00406	0.01639	0.00892	0.00766
69	0.02056	0.01974	0.03372	0.05099	0.65622	0.01974	0.02550	0.02550	0.01892	0.02714	0.01563	0.02056	0.01316	0.00740	0.00822	0.00247	0.00987	0.00740	0.00411	0.01316
70	0.02431	0.02618	0.02515	0.19527	0.14558	0.27731	0.01902	0.10243	0.02268	0.02589	0.01816	0.02156	0.04264	0.00907	0.00804	0.00243	0.01182	0.00709	0.00477	0.01060
71	0.18983	0.01454	0.01780	0.01397	0.02013	0.01355	0.01154	0.03713	0.02176	0.53133	0.02834	0.02518	0.01815	0.00974	0.00768	0.00257	0.00693	0.00755	0.00921	0.01306
72	0.01011	0.00811	0.00907	0.00978	0.01181	0.00707	0.00714	0.01210	0.01800	0.02219	0.06992	0.27569	0.43211	0.02271	0.01016	0.00304	0.00459	0.05172	0.00771	0.00697
73	0.01841	0.25412	0.46917	0.02070	0.03134	0.02357	0.02550	0.02586	0.01733	0.02418	0.01385	0.01621	0.01057	0.00765	0.00709	0.00236	0.01121	0.00560	0.00352	0.01177
74	0.02494	0.02633	0.02821	0.10728	0.29797	0.24109	0.02082	0.10381	0.02277	0.02738	0.01514	0.01878	0.01222	0.00822	0.00800	0.00239	0.01163	0.00672	0.00465	0.01166
75	0.01018	0.00836	0.00852	0.00852	0.01088	0.00718	0.00611	0.01195	0.01784	0.02143	0.07488	0.07585	0.55318	0.13101	0.01502	0.00365	0.00482	0.01666	0.00729	0.00670
76	0.03277	0.02136	0.02375	0.01821	0.02481	0.02293	0.01504	0.50554	0.03586	0.17985	0.02263	0.02169	0.01547	0.01004	0.00832	0.00251	0.00871	0.00766	0.00872	0.01413
77	0.01770	0.15353	0.02210	0.01279	0.01954	0.01536	0.01077	0.02111	0.01678	0.02481	0.01486	0.01796	0.01281	0.01184	0.07149	0.00253	0.00827	0.00522	0.00460	0.53596
78	0.01384	0.01180	0.01714	0.01600	0.01702	0.01510	0.01282	0.01645	0.01315	0.01951	0.01870	0.02811	0.01768	0.04735	0.47226	0.01031	0.23223	0.00839	0.00420	0.00794
79	0.01208	0.00805	0.00906	0.00906	0.00906	0.00805	0.00503	0.01208	0.01208	0.01611	0.02618	0.05436	0.03020	0.70804	0.04228	0.00805	0.00805	0.01208	0.00503	0.00503
80	0.01983	0.17857	0.04266	0.02726	0.03441	0.05101	0.39132	0.02518	0.01846	0.02391	0.01605	0.02117	0.01300	0.01330	0.08337	0.00372	0.01381	0.00829	0.00409	0.01059
81	0.01419	0.01199	0.01914	0.02159	0.12655	0.01176	0.08005	0.01803	0.04117	0.02358	0.03475	0.30206	0.03822	0.08456	0.01322	0.00367	0.00764	0.13276	0.00647	0.00860
82	0.02941	0.16983	0.02788	0.01939	0.02483	0.38163	0.01562	0.18288	0.02616	0.02832	0.01439	0.01591	0.01156	0.00863	0.00727	0.00216	0.01228	0.00571	0.00516	0.01098
83	0.02547	0.07038	0.18823	0.06252	0.06457	0.40249	0.02062	0.02990	0.02103	0.02224	0.01357	0.01628	0.01081	0.00824	0.00758	0.00230	0.01349	0.00574	0.00400	0.01052
84	0.02018	0.14492	0.37319	0.02636	0.13438	0.11274	0.02519	0.02690	0.01850	0.02454	0.01421	0.01701	0.01100	0.00778	0.00749	0.00240	0.01172	0.00597	0.00372	0.01180
85	0.02544	0.24126	0.02956	0.01952	0.05109	0.33024	0.01537	0.02801	0.01984	0.02111	0.01264	0.01519	0.01099	0.00822	0.00810	0.00205	0.05933	0.00525	0.00408	0.09272
86	0.02135	0.01864	0.08135	0.01648	0.02116	0.01736	0.01395	0.31742	0.02749	0.03708	0.03001	0.29871	0.03046	0.01633	0.00921	0.00287	0.00768	0.01394	0.00760	0.01093
87	0.04529	0.01053	0.01362	0.15341	0.02239	0.01098	0.01122	0.01725	0.05530	0.02557	0.16415	0.15508	0.22063	0.01729	0.00941	0.00289	0.00610	0.04375	0.00707	0.00808
88	0.02160	0.02363	0.02568	0.02642	0.14935	0.22013	0.06795	0.02452	0.01854	0.02258	0.05946	0.02509	0.01828	0.08733	0.01636	0.00329	0.16758	0.00799	0.00452	0.00971
89	0.26291	0.31992	0.15640	0.01539	0.02275	0.05743	0.01590	0.02543	0.01645	0.02668	0.01229	0.01430	0.01010	0.00753	0.00589	0.00222	0.00907	0.00484	0.00410	0.01039
90	0.02611	0.02817	0.02767	0.03323	0.28862	0.28894	0.01979	0.09840	0.05975	0.02767	0.01605	0.01882	0.01298	0.00840	0.00795	0.00236	0.01169	0.00669	0.00491	0.01182
91	0.01876	0.18063	0.37902	0.02761	0.15693	0.02236	0.05242	0.02585	0.01776	0.02504	0.01442	0.01746	0.01117	0.00759	0.00750	0.00242	0.01115	0.00619	0.00367	0.01206
92	0.01679	0.01225	0.01360	0.01311	0.01625	0.03972	0.01045	0.02313	0.12301	0.09659	0.12158	0.06366	0.20439	0.04541	0.01106	0.00320	0.00638	0.16229	0.00801	0.00911
93	0.02418	0.01360	0.01689	0.01456	0.01902	0.01391	0.01157	0.03355	0.21100	0.27119	0.06811	0.03469	0.06001	0.02193	0.14160	0.00481	0.00962	0.00966	0.00835	0.01175
94	0.01114	0.00847	0.01025	0.00980	0.01203	0.00757	0.00735	0.01448	0.02205	0.02984	0.47049	0.06777	0.26190	0.01828	0.00980	0.00267	0.00401	0.01583	0.00869	0.00757
95	0.02221	0.71304	0.04353	0.01421	0.02132	0.03287	0.01421	0.02488	0.01688	0.01955	0.01155	0.01333	0.01066	0.00711	0.00533	0.00178	0.00888	0.00444	0.00355	0.01066
96	0.01723	0.01477	0.01723	0.01230	0.01969	0.01107	0.00984	0.02092	0.01723	0.02707	0.01477	0.01723	0.01230	0.00615	0.00615	0.00123	0.00615	0.00492	0.00492	0.75883
97	0.01012	0.00723	0.00964	0.01157	0.01205	0.00675	0.00771	0.01157	0.01591	0.02121	0.04579	0.70262	0.05495	0.02603	0.01060	0.00337	0.00482	0.02362	0.00771	0.00675
98	0.01044	0.00777	0.00914	0.01006	0.01116	0.00710	0.00671	0.01179	0.01605	0.02053	0.05370	0.37207	0.23699	0.16710	0.01698	0.00417	0.00530	0.01930	0.00715	0.00647
99	0.03420	0.01612	0.02015	0.01577	0.02201	0.01553	0.01292	0.13786	0.10557	0.48099	0.03079	0.02725	0.02012	0.01036	0.00836	0.00259	0.00735	0.00834	0.00972	0.01401
100	0.01208	0.00805	0.00906	0.00906	0.00906	0.00805	0.00503	0.01208	0.01208	0.01611	0.02618	0.05436	0.03020	0.70804	0.04228	0.00805	0.00805	0.01208	0.00503	0.00503
101	0.01022	0.00727	0.00961	0.01144	0.01190	0.00681	0.00758	0.01159	0.01572	0.02095	0.04481	0.67042	0.05372	0.05991	0.01218	0.00361	0.00498	0.02304	0.00758	0.00666
102	0.01954	0.01869	0.03187	0.18500	0.53023	0.01947	0.02499	0.02460	0.01843	0.02590	0.01545	0.02089	0.01272	0.00759	0.00824	0.00253	0.01012	0.00740	0.00402	0.01233
103	0.02925	0.03417	0.06753	0.02033	0.02552	0.45914	0.01638	0.06426	0.10241	0.07682	0.01764	0.01853	0.01353	0.00907	0.00775	0.00231	0.01278	0.00627	0.00545	0.01086
104	0.02812	0.01788	0.02098	0.01652	0.02243	0.01843	0.01346	0.21200	0.13097	0.22428	0.02462	0.02372	0.01742	0.00997	0.00932	0.00244	0.05542	0.00763	0.00804	0.13636
105	0.01929	0.16764	0.29516	0.03243	0.27457	0.02218	0.02538	0.02571	0.01794	0.02528	0.01452	0.01788	0.01158	0.00754	0.00751	0.00240	0.01066	0.00629	0.00375	0.01230
106	0.02961	0.03723	0.02375	0.02145	0.02526	0.60306	0.01629	0.03172	0.02235	0.02029	0.01263	0.01533	0.01072	0.00922	0.00967	0.00231	0.08977	0.00556	0.00421	0.00957
107	0.01504	0.01333	0.01656	0.15535	0.06202	0.01438	0.01306	0.02465	0.21128	0.02628	0.05004	0.04922	0.28684	0.01455	0.00899	0.00278	0.00671	0.01230	0.00689	0.00974
108	0.02949	0.02170	0.07632	0.01781	0.02443	0.02083	0.01557	0.40351	0.03276	0.16684	0.08388	0.02549	0.02137	0.01054	0.00843	0.00253	0.00849	0.00828	0.00837	0.01336
109	0.02066	0.02006	0.06639	0.09337	0.40874	0.01948	0.02242	0.02978	0.15073	0.05507	0.02009	0.02305	0.01573	0.00845	0.00827	0.00258	0.00929	0.00779	0.00522	0.01282
110	0.01020	0.00854	0.00895	0.00915	0.01186	0.00729	0.00707	0.01249	0.01896	0.02270	0.07985	0.08142	0.58804	0.02124	0.01000	0.00291	0.00458	0.07996	0.00771	0.00708
111	0.01960	0.01859	0.03155	0.11918	0.55250	0.01900	0.02451	0.02454	0.01867	0.02635	0.01720	0.02504	0.01497	0.00842	0.00842	0.00258	0.00987	0.04232	0.00427	0.01240
112	0.01747	0.07710	0.54924	0.02667	0.11506	0.02010	0.02911	0.02612	0.01768	0.02604	0.01481	0.01770	0.01087	0.00779	0.00779	0.00256	0.01178	0.00621	0.00359	0.01230
113	0.01549	0.00774	0.00774	0.00774	0.00968	0.00774	0.00581	0.01936	0.01742	0.03097	0.02710	0.03097	0.02129	0.00968	0.00581	0.00194	0.00387	0.00774	0.75416	0.00774
114	0.02529	0.47777	0.03655	0.01673	0.02285	0.25709	0.01486	0.02777	0.01921	0.01982	0.01200	0.01390	0.01067	0.00762	0.00609	0.00190	0.01101	0.00476	0.00381	0.01030
115	0.02057	0.01966	0.03306	0.04949	0.62836	0.01978	0.02495	0.02631	0.04624	0.02747	0.01642	0.02102	0.01369	0.00757	0.00823	0.00248	0.00972	0.00749	0.00430	0.01316
116	0.01245	0.00884	0.01017	0.00961	0.01236	0.00768	0.00729	0.01530	0.02096	0.07118	0.28977	0.06974	0.39691	0.01879	0.00971	0.00272	0.00430	0.01597	0.00842	0.00782
117	0.01846	0.01059	0.01249	0.01102	0.01482	0.00940	0.00860	0.02241	0.05765	0.20429	0.15415	0.05981	0.35006	0.01682	0.00932	0.00271	0.00511	0.01409	0.00870	0.00950
118	0.01003	0.00842	0.00871	0.00864	0.01135	0.00710	0.00648	0.01234	0.01944	0.02364	0.14679	0.07798	0.58947	0.02059	0.00982	0.00278	0.00418	0.01726	0.00787	0.00710
119	0.01026	0.00741	0.00960	0.01119	0.01188	0.00687	0.00750	0.01180	0.01630	0.02162	0.07525	0.60123	0.09675	0.05537	0.01191	0.00351	0.00488	0.02229	0.00766	0.00674
120	0.03158	0.02327	0.02493	0.01911	0.02576	0.02576	0.01579	0.62852	0.03906	0.05236	0.01995	0.01995	0.01413	0.00997	0.00831	0.00249	0.00914	0.00748	0.00831	0.01413
121	0.02175	0.01379	0.01444	0.01217	0.01594	0.01476	0.00969	0.25657	0.02585	0.03930	0.02431	0.02668	0.01850	0.00979	0.00678	0.00215	0.00592	0.00764	0.46372	0.01023
122	0.03103	0.03959	0.02354	0.02140	0.02568	0.67469	0.01605	0.03317	0.02354	0.02033	0.01284	0.01498	0.01070	0.00856	0.00749	0.00214	0.01498	0.00535	0.00428	0.00963
123	0.01015	0.00832	0.00897	0.00926	0.01167	0.00715	0.00690	0.01237	0.01888	0.02315	0.11728	0.15772	0.51099	0.02147	0.00999	0.00291	0.00441	0.04353	0.00781	0.00707
124	0.01522	0.01384	0.01979	0.01785	0.01855	0.01840	0.01453	0.01758	0.01302	0.01966	0.01621	0.02494	0.01552	0.03689	0.33043	0.00818	0.37903	0.00803	0.00402	0.00831
125	0.01286	0.01163	0.01333	0.01435	0.04547	0.06348	0.03280	0.01517	0.01825	0.02272	0.07859	0.33765	0.23165	0.02088	0.00997	0.00302	0.00617	0.04720	0.00718	0.00764
126	0.01443	0.00722	0.01082	0.01082	0.01082	0.00722	0.00722	0.01082	0.01082	0.01443	0.01443	0.02525	0.01443	0.02886	0.03247	0.75830	0.00722	0.00722	0.00361	0.00361
127	0.02092	0.07903	0.38420	0.09372	0.03300	0.01808	0.02366	0.02792	0.01876	0.15803	0.02173	0.02301	0.04367	0.00902	0.00795	0.00258	0.01043	0.00717	0.00515	0.01196
128	0.02600	0.34051	0.06216	0.01948	0.04963	0.33098	0.01628	0.02883	0.02010	0.02053	0.01247	0.01458	0.01077	0.00783	0.00657	0.00201	0.01192	0.00506	0.00391	0.01036
129	0.02155	0.02412	0.05402	0.23299	0.29538	0.18216	0.02263	0.02616	0.01932	0.02365	0.01465	0.01953	0.01182	0.00798	0.00805	0.00248	0.01160	0.00684	0.00400	0.01107
130	0.01056	0.00850	0.00944	0.00936	0.01188	0.00738	0.00713	0.01326	0.02022	0.02560	0.24006	0.07573	0.45932	0.02002	0.00990	0.00281	0.00432	0.04912	0.00811	0.00728
131	0.02793	0.02111	0.02297	0.01738	0.02422	0.02203	0.01428	0.47404	0.03351	0.04593	0.01863	0.01925	0.01366	0.00900	0.00776	0.00217	0.00838	0.00683	0.00745	0.20346
132	0.01809	0.11195	0.46375	0.02684	0.13594	0.02093	0.02724	0.02681	0.04533	0.02607	0.01549	0.01817	0.01163	0.00787	0.00769	0.00252	0.01125	0.00630	0.00383	0.01228
133	0.01027	0.00733	0.00981	0.01173	0.01228	0.00687	0.00796	0.01182	0.01605	0.02137	0.04571	0.67564	0.05463	0.02589	0.01064	0.00339	0.00495	0.04917	0.00771	0.00679
134	0.02024	0.02057	0.03834	0.04416	0.42140	0.02021	0.22992	0.02663	0.04437	0.02727	0.01677	0.02161	0.01346	0.00742	0.00877	0.00260	0.01115	0.00830	0.00432	0.01249
135	0.01004	0.00755	0.00931	0.01072	0.01183	0.00682	0.00733	0.01166	0.01672	0.02154	0.05613	0.53481	0.21608	0.02468	0.01039	0.00322	0.00465	0.02198	0.00771	0.00682
136	0.01007	0.00811	0.00875	0.00920	0.01124	0.00704	0.00653	0.01185	0.01768	0.02164	0.07056	0.22267	0.46363	0.07758	0.01262	0.00336	0.00466	0.01851	0.00750	0.00679
137	0.53831	0.01546	0.01442	0.01213	0.01768	0.01662	0.01000	0.02945	0.01716	0.23289	0.01821	0.01812	0.01262	0.00852	0.00615	0.00257	0.00663	0.00571	0.00675	0.01061
138	0.02311	0.59706	0.06805	0.01555	0.02252	0.11497	0.01517	0.02601	0.01777	0.01994	0.01186	0.01372	0.01066	0.00733	0.00572	0.00186	0.00982	0.00463	0.00365	0.01060
139	0.02332	0.01675	0.11209	0.01467	0.02018	0.01244	0.01338	0.05143	0.05325	0.27455	0.18743	0.07819	0.07964	0.01330	0.00888	0.00266	0.00679	0.01124	0.00850	0.01132
140	0.01194	0.00800	0.00910	0.00924	0.00927	0.00796	0.00522	0.01205	0.01235	0.01646	0.02755	0.09971	0.03193	0.66034	0.04007	0.00773	0.00783	0.01289	0.00522	0.00515
141	0.01711	0.01591	0.02245	0.27210	0.03453	0.05639	0.04206	0.06254	0.01714	0.02280	0.01673	0.02409	0.01419	0.02541	0.20959	0.00600	0.11976	0.00780	0.00429	0.00911
142	0.06440	0.02181	0.10074	0.01776	0.02394	0.02095	0.01562	0.16282	0.36630	0.07445	0.02726	0.02588	0.01997	0.01032	0.00817	0.00270	0.00785	0.00825	0.00773	0.01307
143	0.02132	0.01500	0.01622	0.01374	0.01731	0.01634	0.01051	0.26004	0.08618	0.03552	0.02447	0.03250	0.02105	0.18561	0.04934	0.00433	0.00817	0.00893	0.16330	0.01011
144	0.01843	0.01492	0.04563	0.01529	0.01905	0.01439	0.01296	0.21155	0.02550	0.03408	0.11373	0.14793	0.08249	0.01768	0.00985	0.00306	0.00723	0.18858	0.00787	0.00978
145	0.01885	0.01099	0.01134	0.01012	0.01304	0.01151	0.00789	0.14675	0.02195	0.03544	0.02560	0.02867	0.01979	0.00974	0.00633	0.00205	0.00497	0.00769	0.59818	0.00908
146	0.01866	0.03106	0.34135	0.03768	0.35395	0.01952	0.02803	0.02589	0.01825	0.02674	0.01528	0.01909	0.01187	0.00764	0.00806	0.00255	0.01104	0.00679	0.00382	0.01273
147	0.01192	0.00808	0.00902	0.00902	0.00921	0.00798	0.00512	0.01207	0.01256	0.01655	0.03023	0.05615	0.07376	0.65999	0.04001	0.00769	0.00778	0.01246	0.00522	0.00517
148	0.01322	0.01101	0.01389	0.01374	0.01537	0.05676	0.01057	0.01601	0.01401	0.01923	0.02175	0.03226	0.02044	0.08403	0.60344	0.01236	0.02118	0.00878	0.00446	0.00748
149	0.01117	0.00767	0.00933	0.01022	0.01045	0.00745	0.00627	0.01184	0.01385	0.01847	0.03526	0.35475	0.04167	0.39202	0.02760	0.00589	0.00656	0.01743	0.00627	0.00583
150	0.01208	0.00805	0.00906	0.00906	0.00906	0.00805	0.00503	0.01208	0.01208	0.01611	0.02618	0.05436	0.03020	0.70804	0.04228	0.00805	0.00805	0.01208	0.00503	0.00503
151	0.03103	0.03959	0.02354	0.02140	0.02568	0.67469	0.01605	0.03317	0.02354	0.02033	0.01284	0.01498	0.01070	0.00856	0.00749	0.00214	0.01498	0.00535	0.00428	0.00963
152	0.04351	0.00880	0.01089	0.01027	0.01245	0.00821	0.00774	0.01568	0.02267	0.03242	0.56917	0.06175	0.13170	0.01699	0.00960	0.00263	0.00405	0.01482	0.00884	0.00781

[dist]
# distance from previous block
# <min> <max>
0	23

[block]
# block no. 1 follows, 22 sequences, length 179
# corresponding to MSA columns:
# 176-354
name=unknown_B
#
# <colnr> <probs for GDERKNQSTAVLIFYWHMCP>
#	G	D	E	R	K	N	Q	S	T	A	V	L	I	F	Y	W	H	M	C	P
0	0.01767	0.01878	0.06106	0.02936	0.15316	0.01958	0.17340	0.02210	0.01641	0.02358	0.01726	0.02639	0.01548	0.01891	0.11948	0.00469	0.20541	0.04279	0.00423	0.01024
1	0.02644	0.03064	0.02631	0.03052	0.23055	0.38672	0.01880	0.03193	0.09257	0.02420	0.01614	0.01863	0.01318	0.00849	0.00784	0.00232	0.01236	0.00648	0.00470	0.01118
2	0.06928	0.02435	0.02476	0.10139	0.15378	0.17872	0.01774	0.22869	0.02626	0.03365	0.01957	0.02181	0.04503	0.00936	0.00799	0.00245	0.01050	0.00728	0.00576	0.01163
3	0.06344	0.01266	0.01619	0.01724	0.07941	0.01261	0.01217	0.02612	0.11896	0.16416	0.03955	0.18099	0.09307	0.01637	0.00929	0.00299	0.00658	0.11001	0.00787	0.01030
4	0.01763	0.01499	0.06959	0.01302	0.01774	0.01274	0.01121	0.05102	0.16356	0.11518	0.05675	0.05359	0.33835	0.01570	0.00907	0.00275	0.00605	0.01298	0.00790	0.01017
5	0.02311	0.53566	0.10297	0.01622	0.02351	0.10446	0.01616	0.05483	0.01877	0.02188	0.01244	0.01426	0.01082	0.00749	0.00598	0.00194	0.00993	0.00486	0.00386	0.01087
6	0.19023	0.01763	0.04507	0.01497	0.02020	0.01808	0.01250	0.15328	0.17830	0.10494	0.13176	0.02930	0.02740	0.01094	0.00788	0.00263	0.00691	0.00863	0.00778	0.01157
7	0.10291	0.01499	0.01933	0.02325	0.18755	0.01574	0.01435	0.05025	0.15468	0.03115	0.13255	0.07227	0.08710	0.01300	0.00863	0.00273	0.00687	0.04512	0.00687	0.01066
8	0.07350	0.06960	0.02615	0.02045	0.02598	0.35630	0.08439	0.06254	0.02297	0.15494	0.01758	0.01861	0.01301	0.00867	0.00771	0.00233	0.01210	0.00648	0.00571	0.01098
9	0.02276	0.02044	0.03197	0.04463	0.53047	0.02094	0.02356	0.14578	0.02293	0.03217	0.01649	0.02044	0.01335	0.00791	0.00824	0.00247	0.00972	0.00742	0.00495	0.01335
10	0.01131	0.00854	0.01068	0.01199	0.01356	0.00809	0.00905	0.01442	0.04290	0.02298	0.05396	0.37204	0.19402	0.02346	0.01055	0.00333	0.00547	0.16864	0.00773	0.00730
11	0.01927	0.05788	0.15816	0.02697	0.13307	0.05676	0.15422	0.02487	0.01826	0.02578	0.01496	0.01871	0.01193	0.00743	0.00856	0.00224	0.03869	0.00675	0.00419	0.21130
12	0.01943	0.02125	0.04253	0.03425	0.11073	0.02174	0.43461	0.02516	0.01815	0.02535	0.01549	0.02135	0.01233	0.00855	0.01310	0.00293	0.14892	0.00902	0.00408	0.01101
13	0.00998	0.00777	0.00908	0.01013	0.01167	0.00687	0.00707	0.01173	0.01729	0.02177	0.06329	0.41853	0.32774	0.02375	0.01025	0.00311	0.00454	0.02084	0.00771	0.00687
14	0.05654	0.16299	0.03442	0.06021	0.13170	0.02461	0.13884	0.23004	0.02515	0.03418	0.01627	0.01901	0.01258	0.00819	0.00785	0.00242	0.01016	0.00717	0.00546	0.01221
15	0.02197	0.01791	0.02045	0.13264	0.02715	0.05077	0.01493	0.21152	0.14795	0.03426	0.02208	0.02483	0.01705	0.01574	0.08113	0.00376	0.04493	0.00792	0.09187	0.01116
16	0.03036	0.17410	0.06386	0.01786	0.02390	0.28476	0.01527	0.03340	0.02186	0.22947	0.01918	0.01911	0.01389	0.00877	0.00734	0.00223	0.01096	0.00618	0.00604	0.01147
17	0.01012	0.00723	0.00964	0.01157	0.01205	0.00675	0.00771	0.01157	0.01591	0.02121	0.04579	0.70262	0.05495	0.02603	0.01060	0.00337	0.00482	0.02362	0.00771	0.00675
18	0.27135	0.08613	0.08599	0.02114	0.14603	0.01829	0.01513	0.05753	0.01752	0.03000	0.02021	0.15675	0.01985	0.01149	0.00736	0.00264	0.00778	0.00933	0.00533	0.01016
19	0.02063	0.03006	0.32998	0.03397	0.29099	0.01867	0.02643	0.02759	0.01882	0.09924	0.01725	0.02002	0.01276	0.00796	0.00808	0.00256	0.01069	0.00691	0.00453	0.01285
20	0.01187	0.00890	0.01335	0.01335	0.01483	0.01038	0.01038	0.01483	0.01335	0.01928	0.02225	0.03264	0.02077	0.06231	0.67512	0.01335	0.02225	0.00890	0.00445	0.00742
21	0.01951	0.01655	0.01994	0.01537	0.02087	0.01633	0.01251	0.12049	0.01973	0.02944	0.01522	0.01863	0.01275	0.01125	0.04400	0.00252	0.14441	0.00601	0.00520	0.44927
22	0.03050	0.03848	0.02330	0.02117	0.02547	0.64134	0.01590	0.03373	0.05504	0.02107	0.01391	0.01580	0.01145	0.00870	0.00754	0.00217	0.01455	0.00556	0.00449	0.00981
23	0.01208	0.00805	0.00906	0.00906	0.00906	0.00805	0.00503	0.01208	0.01208	0.01611	0.02618	0.05436	0.03020	0.70804	0.04228	0.00805	0.00805	0.01208	0.00503	0.00503
24	0.01197	0.00801	0.00909	0.00921	0.00924	0.00798	0.00519	0.01205	0.01230	0.01641	0.02732	0.09226	0.03165	0.66818	0.04043	0.00778	0.00786	0.01276	0.00519	0.00513
25	0.01174	0.00811	0.00929	0.00929	0.00983	0.00787	0.00563	0.01251	0.01437	0.01915	0.11332	0.08588	0.09647	0.52417	0.03364	0.00665	0.00702	0.01348	0.00593	0.00566
26	0.02056	0.01974	0.03372	0.05099	0.65622	0.01974	0.02550	0.02550	0.01892	0.02714	0.01563	0.02056	0.01316	0.00740	0.00822	0.00247	0.00987	0.00740	0.00411	0.01316
27	0.03110	0.03773	0.02370	0.02114	0.02569	0.60059	0.01602	0.10116	0.02531	0.02399	0.01365	0.01555	0.01109	0.00872	0.00758	0.00218	0.01431	0.00559	0.00474	0.01014
28	0.01078	0.00855	0.00964	0.00972	0.01211	0.00755	0.00744	0.01340	0.01968	0.02488	0.20368	0.07648	0.42489	0.05039	0.01143	0.00311	0.00472	0.08643	0.00791	0.00719
29	0.01679	0.03417	0.45326	0.02577	0.09199	0.01801	0.08799	0.02472	0.01772	0.02602	0.01783	0.07744	0.01491	0.00923	0.00826	0.00263	0.01127	0.00808	0.00407	0.04985
30	0.01009	0.00737	0.00950	0.01121	0.01195	0.00678	0.00755	0.01161	0.01625	0.02135	0.05017	0.63151	0.12322	0.02546	0.01051	0.00331	0.00475	0.02292	0.00771	0.00678
31	0.03103	0.03959	0.02354	0.02140	0.02568	0.67469	0.01605	0.03317	0.02354	0.02033	0.01284	0.01498	0.01070	0.00856	0.00749	0.00214	0.01498	0.00535	0.00428	0.00963
32	0.02056	0.01974	0.03372	0.05099	0.65622	0.01974	0.02550	0.02550	0.01892	0.02714	0.01563	0.02056	0.01316	0.00740	0.00822	0.00247	0.00987	0.00740	0.00411	0.01316
33	0.01003	0.00842	0.00871	0.00864	0.01135	0.00710	0.00648	0.01233	0.01943	0.02362	0.14556	0.07801	0.59071	0.02060	0.00982	0.00278	0.00418	0.01726	0.00787	0.00710
34	0.02846	0.24090	0.02990	0.01875	0.02437	0.34681	0.01544	0.15253	0.02469	0.02665	0.01390	0.01549	0.01139	0.00841	0.00700	0.00210	0.01193	0.00551	0.00488	0.01086
35	0.00982	0.00842	0.00842	0.00842	0.01122	0.00701	0.00631	0.01192	0.01894	0.02244	0.08416	0.07995	0.65285	0.02104	0.00982	0.00281	0.00421	0.01753	0.00771	0.00701
36	0.01012	0.00723	0.00964	0.01157	0.01205	0.00675	0.00771	0.01157	0.01591	0.02121	0.04579	0.70262	0.05495	0.02603	0.01060	0.00337	0.00482	0.02362	0.00771	0.00675
37	0.01961	0.02241	0.04902	0.03501	0.04342	0.02101	0.62605	0.02661	0.01961	0.02661	0.01681	0.02241	0.01261	0.00700	0.00980	0.00280	0.01401	0.00980	0.00420	0.01120
38	0.01103	0.00930	0.00969	0.00960	0.01248	0.00836	0.00734	0.01516	0.07310	0.02413	0.10384	0.07558	0.54119	0.02010	0.00978	0.00285	0.00458	0.04643	0.00784	0.00762
39	0.03158	0.02327	0.02493	0.01911	0.02576	0.02576	0.01579	0.62852	0.03906	0.05236	0.01995	0.01995	0.01413	0.00997	0.00831	0.00249	0.00914	0.00748	0.00831	0.01413
40	0.02056	0.01974	0.03372	0.05099	0.65622	0.01974	0.02550	0.02550	0.01892	0.02714	0.01563	0.02056	0.01316	0.00740	0.00822	0.00247	0.00987	0.00740	0.00411	0.01316
41	0.01690	0.07177	0.63829	0.02327	0.03533	0.01988	0.02999	0.02625	0.01751	0.02602	0.01476	0.01736	0.01053	0.00786	0.00778	0.00259	0.01213	0.00607	0.00351	0.01221
42	0.00982	0.00842	0.00842	0.00842	0.01122	0.00701	0.00631	0.01192	0.01894	0.02244	0.08416	0.07995	0.65285	0.02104	0.00982	0.00281	0.00421	0.01753	0.00771	0.00701
43	0.01012	0.00723	0.00964	0.01157	0.01205	0.00675	0.00771	0.01157	0.01591	0.02121	0.04579	0.70262	0.05495	0.02603	0.01060	0.00337	0.00482	0.02362	0.00771	0.00675
44	0.03373	0.01982	0.02280	0.01748	0.02404	0.02065	0.01444	0.40663	0.03329	0.28239	0.02479	0.02309	0.01656	0.01009	0.00833	0.00252	0.00836	0.00781	0.00905	0.01413
45	0.00984	0.00835	0.00849	0.00860	0.01127	0.00700	0.00639	0.01190	0.01876	0.02237	0.08191	0.11635	0.61790	0.02133	0.00986	0.00284	0.00424	0.01789	0.00771	0.00700
46	0.02268	0.02319	0.02770	0.03598	0.36088	0.15062	0.02031	0.03201	0.18612	0.02782	0.01993	0.02224	0.01593	0.00867	0.00814	0.00250	0.01001	0.00752	0.00531	0.01245
47	0.01208	0.00805	0.00906	0.00906	0.00906	0.00805	0.00503	0.01208	0.01208	0.01611	0.02618	0.05436	0.03020	0.70804	0.04228	0.00805	0.00805	0.01208	0.00503	0.00503
48	0.01821	0.15609	0.02081	0.01344	0.01740	0.01718	0.01103	0.14106	0.06060	0.03320	0.29949	0.10435	0.04632	0.01411	0.00859	0.00250	0.00622	0.01186	0.00765	0.00987
49	0.01467	0.00914	0.01204	0.01095	0.01342	0.00834	0.00834	0.01851	0.02355	0.10510	0.58114	0.05820	0.07178	0.01622	0.00963	0.00261	0.00428	0.01426	0.00927	0.00856
50	0.02769	0.02023	0.02177	0.01711	0.02243	0.02223	0.01364	0.50557	0.03368	0.04513	0.02119	0.02681	0.01733	0.14921	0.01509	0.00360	0.00892	0.00840	0.00766	0.01231
51	0.01186	0.00804	0.00905	0.00913	0.00932	0.00794	0.00523	0.01205	0.01265	0.01670	0.03042	0.08420	0.06766	0.63809	0.03900	0.00754	0.00769	0.01290	0.00531	0.00522
52	0.02066	0.01785	0.01878	0.01691	0.02160	0.02066	0.01315	0.04414	0.64121	0.03475	0.03381	0.03099	0.02536	0.01127	0.00845	0.00282	0.00657	0.00939	0.00845	0.01315
53	0.01012	0.00723	0.00964	0.01157	0.01205	0.00675	0.00771	0.01157	0.01591	0.02121	0.04579	0.70262	0.05495	0.02603	0.01060	0.00337	0.00482	0.02362	0.00771	0.00675
54	0.02732	0.02562	0.02436	0.02502	0.15297	0.21521	0.01671	0.25868	0.02786	0.03524	0.01777	0.01986	0.01373	0.00899	0.00776	0.00232	0.01042	0.00686	0.09143	0.01186
55	0.01012	0.00723	0.00964	0.01157	0.01205	0.00675	0.00771	0.01157	0.01591	0.02121	0.04579	0.70262	0.05495	0.02603	0.01060	0.00337	0.00482	0.02362	0.00771	0.00675
56	0.02025	0.02061	0.03870	0.04579	0.45666	0.02015	0.22107	0.02586	0.01914	0.02697	0.01601	0.02116	0.01298	0.00727	0.00874	0.00258	0.01122	0.00818	0.00414	0.01252
57	0.03103	0.03959	0.02354	0.02140	0.02568	0.67469	0.01605	0.03317	0.02354	0.02033	0.01284	0.01498	0.01070	0.00856	0.00749	0.00214	0.01498	0.00535	0.00428	0.00963
58	0.01719	0.03950	0.56399	0.02626	0.06534	0.01951	0.10004	0.02631	0.01784	0.02638	0.01516	0.01825	0.01089	0.00777	0.00813	0.00264	0.01237	0.00663	0.00362	0.01219
59	0.01228	0.00940	0.01151	0.01266	0.01400	0.00960	0.00882	0.01824	0.14392	0.02398	0.04334	0.56513	0.04889	0.02301	0.01016	0.00326	0.00518	0.02070	0.00786	0.00806
60	0.01065	0.00764	0.01012	0.01120	0.01217	0.00710	0.00775	0.01291	0.01838	0.02515	0.24315	0.49402	0.06258	0.02308	0.01034	0.00313	0.00453	0.02082	0.00818	0.00710
61	0.01070	0.00747	0.00947	0.01082	0.01116	0.00714	0.00692	0.01172	0.01477	0.01969	0.03996	0.51008	0.04760	0.22859	0.02001	0.00476	0.00578	0.02019	0.00692	0.00624
62	0.02056	0.01974	0.03372	0.05099	0.65622	0.01974	0.02550	0.02550	0.01892	0.02714	0.01563	0.02056	0.01316	0.00740	0.00822	0.00247	0.00987	0.00740	0.00411	0.01316
63	0.01549	0.00774	0.00774	0.00774	0.00968	0.00774	0.00581	0.01936	0.01742	0.03097	0.02710	0.03097	0.02129	0.00968	0.00581	0.00194	0.00387	0.00774	0.75416	0.00774
64	0.01727	0.03876	0.53890	0.02600	0.03748	0.01964	0.15257	0.02637	0.01796	0.02637	0.01530	0.01854	0.01095	0.00771	0.00828	0.00267	0.01263	0.00689	0.00365	0.01206
65	0.64081	0.01573	0.01343	0.01159	0.01695	0.01753	0.00955	0.02719	0.01580	0.14511	0.01523	0.01605	0.01099	0.00816	0.00570	0.00257	0.00654	0.00516	0.00603	0.00988
66	0.01558	0.01314	0.01991	0.41899	0.06735	0.01539	0.01752	0.02147	0.05361	0.02434	0.02515	0.02999	0.07665	0.00996	0.00796	0.00260	0.00865	0.00856	0.15407	0.00912
67	0.01723	0.01477	0.01723	0.01230	0.01969	0.01107	0.00984	0.02092	0.01723	0.02707	0.01477	0.01723	0.01230	0.00615	0.00615	0.00123	0.00615	0.00492	0.00492	0.75883
68	0.01019	0.00757	0.00954	0.01107	0.01209	0.00692	0.00765	0.01187	0.01665	0.02161	0.05357	0.55067	0.17706	0.02488	0.01048	0.00328	0.00481	0.04555	0.00771	0.00684
69	0.01034	0.00844	0.00913	0.00896	0.01154	0.00723	0.00672	0.01293	0.02016	0.02535	0.23584	0.07517	0.49935	0.01996	0.00981	0.00275	0.00413	0.01686	0.00810	0.00723
70	0.02564	0.02189	0.04725	0.01712	0.02234	0.14837	0.01388	0.03848	0.31641	0.17120	0.03152	0.02947	0.05738	0.01093	0.00829	0.00262	0.00847	0.00869	0.00777	0.01227
71	0.01666	0.04297	0.66500	0.02368	0.03596	0.01929	0.03069	0.02631	0.01754	0.02631	0.01491	0.01754	0.01052	0.00789	0.00789	0.00263	0.01228	0.00614	0.00351	0.01228
72	0.01072	0.00782	0.01009	0.01085	0.01211	0.00719	0.00763	0.01318	0.01910	0.02597	0.28203	0.40017	0.11813	0.02210	0.01022	0.00303	0.00442	0.01977	0.00826	0.00719
73	0.30951	0.16319	0.09609	0.01492	0.02149	0.02285	0.01406	0.17385	0.02141	0.03581	0.01479	0.01639	0.01139	0.00827	0.00631	0.00236	0.00814	0.00557	0.04267	0.01092
74	0.01796	0.01621	0.02224	0.04995	0.02209	0.02128	0.01612	0.08821	0.01607	0.02356	0.01504	0.02229	0.01382	0.02605	0.19132	0.00597	0.41047	0.00772	0.00438	0.00924
75	0.02633	0.01978	0.05819	0.01721	0.02279	0.01965	0.01444	0.36573	0.06651	0.11305	0.02722	0.16116	0.02366	0.01325	0.00877	0.00271	0.00805	0.01092	0.00814	0.01245
76	0.03523	0.01470	0.01935	0.01495	0.02114	0.01328	0.01230	0.09640	0.02525	0.56578	0.06769	0.02944	0.02331	0.01064	0.00843	0.00257	0.00709	0.00866	0.01002	0.01377
77	0.01202	0.00828	0.01022	0.01022	0.01062	0.00868	0.00648	0.01282	0.01242	0.01697	0.02512	0.04849	0.02765	0.53358	0.21326	0.00949	0.01189	0.01122	0.00488	0.00568
78	0.01835	0.01183	0.01499	0.01452	0.05320	0.01142	0.01049	0.07197	0.05749	0.13314	0.29377	0.05265	0.13037	0.04550	0.01078	0.00292	0.00576	0.04262	0.00848	0.00974
79	0.68080	0.01691	0.01370	0.01188	0.01720	0.01947	0.00979	0.09503	0.01705	0.03904	0.01255	0.01425	0.00960	0.00798	0.00551	0.00256	0.00674	0.00485	0.00551	0.00960
80	0.01012	0.00723	0.00964	0.01157	0.01205	0.00675	0.00771	0.01157	0.01591	0.02121	0.04579	0.70262	0.05495	0.02603	0.01060	0.00337	0.00482	0.02362	0.00771	0.00675
81	0.02824	0.03036	0.02457	0.13028	0.05753	0.36701	0.01752	0.18998	0.02637	0.02932	0.01517	0.01771	0.01178	0.00885	0.00787	0.00235	0.01257	0.00634	0.00525	0.01092
82	0.02392	0.02953	0.10150	0.03573	0.33037	0.25767	0.02215	0.02914	0.04587	0.02488	0.01528	0.01862	0.01246	0.00804	0.00793	0.00238	0.01187	0.00659	0.00428	0.01178
83	0.01191	0.00822	0.01020	0.01031	0.01072	0.00858	0.00657	0.01276	0.01263	0.01723	0.02631	0.08663	0.02921	0.50165	0.20365	0.00915	0.01153	0.01193	0.00504	0.00575
84	0.02043	0.01626	0.01795	0.01375	0.01995	0.01507	0.01107	0.21875	0.02475	0.03443	0.03067	0.03096	0.14403	0.01046	0.00761	0.00197	0.00674	0.00834	0.00661	0.36019
85	0.01148	0.00848	0.01072	0.01016	0.01224	0.00772	0.00762	0.01514	0.02286	0.03175	0.57037	0.06462	0.16083	0.01757	0.00980	0.00264	0.00396	0.01538	0.00894	0.00772
86	0.01677	0.03104	0.40838	0.02140	0.03049	0.01642	0.09236	0.02445	0.01949	0.05724	0.16848	0.02925	0.02747	0.01008	0.00859	0.00264	0.01023	0.00879	0.00525	0.01118
87	0.01208	0.00805	0.00906	0.00906	0.00906	0.00805	0.00503	0.01208	0.01208	0.01611	0.02618	0.05436	0.03020	0.70804	0.04228	0.00805	0.00805	0.01208	0.00503	0.00503
