[name]
unknown

[dist]
# distance from previous block
# <min> <max>
0	28

[block]
# block no. 0 follows, 20 sequences, length 24
# corresponding to MSA columns:
# 28-51
name=unknown_A
#
# <colnr> <probs for GDERKNQSTAVLIFYWHMCP>
#	G	D	E	R	K	N	Q	S	T	A	V	L	I	F	Y	W	H	M	C	P
0	0.01416	0.00989	0.01394	0.05323	0.01918	0.01008	0.01329	0.01752	0.01893	0.02515	0.04118	0.12624	0.04424	0.02310	0.01311	0.05982	0.00777	0.43203	0.04937	0.00775
1	0.02208	0.02440	0.02152	0.02206	0.08026	0.26628	0.01531	0.02430	0.01903	0.02173	0.02155	0.14605	0.02242	0.06896	0.05981	0.00409	0.13524	0.01055	0.00509	0.00928
2	0.01307	0.01059	0.01329	0.01572	0.09189	0.01006	0.00953	0.01627	0.04750	0.02391	0.09795	0.14320	0.26478	0.18225	0.01836	0.00429	0.00633	0.01588	0.00709	0.00803
3	0.01782	0.01024	0.01292	0.01224	0.01467	0.00961	0.00884	0.02141	0.05435	0.15222	0.17981	0.22716	0.08084	0.13807	0.01615	0.00399	0.00599	0.01609	0.00855	0.00902
4	0.01725	0.01615	0.06995	0.18309	0.02941	0.01646	0.01651	0.05368	0.01695	0.02403	0.01912	0.08690	0.01775	0.01614	0.01740	0.15308	0.13212	0.00914	0.06028	0.04458
5	0.05885	0.01088	0.01295	0.01200	0.01429	0.01065	0.00834	0.02232	0.05581	0.16230	0.05863	0.15195	0.03443	0.31949	0.02501	0.00544	0.00728	0.01334	0.00741	0.00863
6	0.01857	0.01289	0.01454	0.01276	0.01596	0.01278	0.00933	0.13095	0.04818	0.07143	0.07095	0.10996	0.13112	0.22716	0.02028	0.00452	0.00717	0.01312	0.00743	0.06091
7	0.07184	0.01036	0.01154	0.01116	0.01434	0.00911	0.00818	0.01536	0.01788	0.02531	0.05181	0.29826	0.23490	0.01980	0.00945	0.00282	0.00527	0.01708	0.00728	0.15827
8	0.02213	0.01719	0.02360	0.17743	0.03139	0.01982	0.04517	0.21312	0.02329	0.03131	0.01683	0.02287	0.01366	0.01564	0.01777	0.19700	0.08854	0.00785	0.00547	0.00993
9	0.01506	0.00833	0.01029	0.01029	0.01179	0.00873	0.00763	0.01729	0.01579	0.02586	0.02445	0.03175	0.02075	0.02838	0.17877	0.15608	0.00971	0.00833	0.40354	0.00716
10	0.01104	0.00875	0.00979	0.00973	0.01210	0.00765	0.00713	0.01365	0.02071	0.02648	0.24219	0.11956	0.40359	0.05410	0.01203	0.00320	0.00457	0.01781	0.00840	0.00750
11	0.01151	0.00807	0.00994	0.01090	0.01145	0.00770	0.00697	0.01268	0.01591	0.02121	0.08415	0.37507	0.07793	0.27842	0.02362	0.00532	0.00625	0.01926	0.00714	0.00650
12	0.01119	0.00832	0.00946	0.01009	0.01131	0.00764	0.00664	0.01246	0.01652	0.02097	0.05575	0.26337	0.25646	0.24485	0.02179	0.00495	0.00595	0.01852	0.00717	0.00659
13	0.02634	0.03181	0.02120	0.07158	0.02585	0.45542	0.01492	0.02864	0.02226	0.02125	0.02481	0.02946	0.09435	0.08146	0.01203	0.00303	0.01318	0.00818	0.00499	0.00922
14	0.01437	0.01052	0.01463	0.01410	0.01590	0.01229	0.01106	0.04628	0.01587	0.02358	0.02319	0.03249	0.02092	0.05274	0.50682	0.01133	0.05869	0.00902	0.09792	0.00829
15	0.01149	0.00836	0.01056	0.01135	0.01230	0.00825	0.00771	0.01303	0.01559	0.02066	0.04374	0.30195	0.12976	0.20734	0.15047	0.00685	0.00954	0.01758	0.00668	0.00680
16	0.01121	0.00905	0.01006	0.01068	0.01286	0.00824	0.00767	0.01470	0.06010	0.02397	0.06968	0.30603	0.37782	0.02334	0.01052	0.00317	0.00483	0.02021	0.00815	0.00770
17	0.02267	0.02249	0.02474	0.02686	0.16618	0.15164	0.04602	0.07009	0.13594	0.02788	0.02257	0.05225	0.02021	0.12383	0.01556	0.00367	0.04113	0.00928	0.00581	0.01116
18	0.01559	0.01312	0.01473	0.01703	0.07056	0.08228	0.01125	0.01685	0.01732	0.02166	0.03610	0.24726	0.07710	0.07671	0.01753	0.14069	0.00789	0.10255	0.00632	0.00744
19	0.09073	0.05725	0.06973	0.05906	0.02929	0.22028	0.10221	0.10255	0.02315	0.03011	0.01668	0.01969	0.01300	0.00870	0.00784	0.00242	0.01163	0.00686	0.07585	0.05298
20	0.45835	0.01706	0.01634	0.08593	0.02303	0.01899	0.01192	0.09902	0.01902	0.03772	0.01490	0.01747	0.01146	0.00840	0.00635	0.00252	0.00748	0.00569	0.04531	0.09307
21	0.01662	0.01173	0.01505	0.01397	0.01621	0.01351	0.01103	0.09298	0.01852	0.02794	0.02343	0.03089	0.02023	0.03996	0.35497	0.00862	0.06911	0.00870	0.19760	0.00892
22	0.02127	0.02119	0.01849	0.01723	0.02029	0.21448	0.01316	0.10064	0.02131	0.02549	0.02311	0.10993	0.02215	0.03562	0.28644	0.00749	0.01681	0.00995	0.00560	0.00937
23	0.01646	0.01208	0.01383	0.01233	0.01496	0.01166	0.00855	0.10735	0.01892	0.02607	0.02843	0.17261	0.03088	0.32390	0.02503	0.00522	0.00757	0.01300	0.00637	0.14478

[dist]
# distance from previous block
# <min> <max>
0	1

[block]
# block no. 1 follows, 20 sequences, length 22
# corresponding to MSA columns:
# 53-74
name=unknown_B
#
# <colnr> <probs for GDERKNQSTAVLIFYWHMCP>
#	G	D	E	R	K	N	Q	S	T	A	V	L	I	F	Y	W	H	M	C	P
0	0.01905	0.01884	0.02324	0.02048	0.02117	0.07858	0.01667	0.02120	0.01497	0.02187	0.01603	0.06324	0.01590	0.01882	0.07059	0.00429	0.48065	0.00871	0.05652	0.00921
1	0.01467	0.01110	0.01296	0.01257	0.01512	0.01105	0.00969	0.06180	0.07681	0.02930	0.19301	0.06867	0.18567	0.12621	0.01582	0.00396	0.00632	0.12864	0.00812	0.00852
2	0.01213	0.00912	0.01144	0.01289	0.01415	0.00899	0.00911	0.01652	0.08644	0.02425	0.04885	0.53380	0.08724	0.02501	0.01090	0.00348	0.00546	0.06412	0.00818	0.00794
3	0.10430	0.01935	0.02715	0.17439	0.28869	0.06044	0.02122	0.02506	0.01824	0.02738	0.01589	0.02127	0.01305	0.00910	0.01025	0.00274	0.08361	0.00729	0.05927	0.01129
4	0.01448	0.01334	0.02055	0.45738	0.04442	0.01549	0.01852	0.01912	0.01823	0.02270	0.03912	0.04293	0.21384	0.01305	0.00924	0.00292	0.00929	0.01121	0.00525	0.00894
5	0.01940	0.01967	0.03258	0.13133	0.23652	0.06374	0.16295	0.02450	0.01892	0.02531	0.01883	0.05163	0.01631	0.01825	0.11667	0.00463	0.01391	0.00919	0.00450	0.01117
6	0.07800	0.10239	0.02343	0.01743	0.02198	0.21473	0.01389	0.16480	0.02510	0.03196	0.06095	0.02464	0.01934	0.06021	0.01147	0.00288	0.04647	0.00751	0.06218	0.01064
7	0.01980	0.01178	0.01377	0.01215	0.01490	0.01173	0.00880	0.09863	0.02004	0.13012	0.03565	0.04748	0.10726	0.29311	0.08040	0.00600	0.00890	0.01153	0.05907	0.00888
8	0.02193	0.02214	0.07479	0.03129	0.14565	0.01991	0.23547	0.06816	0.02103	0.06415	0.01763	0.02168	0.01360	0.00830	0.01024	0.00258	0.05833	0.00818	0.00511	0.14981
9	0.02261	0.05044	0.02709	0.10454	0.22707	0.13062	0.01952	0.03327	0.20971	0.02857	0.02413	0.02608	0.03873	0.00985	0.00852	0.00267	0.01009	0.00830	0.00584	0.01237
10	0.11535	0.24942	0.02424	0.01324	0.01780	0.12179	0.01118	0.02474	0.01828	0.02641	0.01837	0.02295	0.01581	0.05722	0.00883	0.00255	0.00836	0.00644	0.22757	0.00945
11	0.02509	0.01975	0.05268	0.07162	0.28831	0.01906	0.02037	0.10311	0.07637	0.14821	0.02706	0.02838	0.06024	0.01013	0.00880	0.00270	0.00917	0.00885	0.00671	0.01340
12	0.02463	0.03173	0.09581	0.02769	0.16758	0.32998	0.01922	0.02845	0.02207	0.02409	0.02680	0.02868	0.11508	0.01079	0.00850	0.00250	0.01229	0.00833	0.00496	0.01083
13	0.01100	0.00851	0.00978	0.01014	0.01205	0.00756	0.00719	0.01323	0.01942	0.02493	0.18194	0.22782	0.32847	0.08163	0.01351	0.00354	0.00487	0.01897	0.00815	0.00728
14	0.01717	0.02202	0.15385	0.18878	0.24482	0.01754	0.02311	0.02291	0.01898	0.02579	0.03092	0.03424	0.14130	0.01107	0.00893	0.00278	0.00996	0.00969	0.00486	0.01129
15	0.01972	0.02412	0.14712	0.26182	0.17967	0.02086	0.12216	0.06900	0.02044	0.02802	0.01649	0.02187	0.01251	0.00833	0.00888	0.00279	0.01194	0.00794	0.00439	0.01192
16	0.01723	0.01540	0.02398	0.17043	0.20628	0.01636	0.03901	0.02449	0.09595	0.02914	0.17160	0.09261	0.03542	0.01264	0.00936	0.00284	0.00838	0.01156	0.00641	0.01089
17	0.14427	0.02175	0.02030	0.01774	0.02137	0.14072	0.01431	0.13145	0.02231	0.03106	0.02811	0.03330	0.11319	0.01365	0.01324	0.00299	0.16920	0.04481	0.00606	0.01017
18	0.07026	0.01331	0.01413	0.08649	0.01961	0.06825	0.01083	0.01868	0.01900	0.02685	0.13733	0.16278	0.12163	0.04452	0.01157	0.00309	0.04434	0.01358	0.10550	0.00826
19	0.10970	0.02456	0.02078	0.13814	0.02889	0.26420	0.01533	0.02949	0.02228	0.11654	0.12134	0.02730	0.02458	0.01059	0.00828	0.00257	0.01078	0.00808	0.00626	0.01033
20	0.02077	0.08043	0.02737	0.23173	0.18613	0.13724	0.01996	0.02431	0.01880	0.02284	0.01743	0.06996	0.01578	0.01178	0.01077	0.07079	0.01101	0.00833	0.00439	0.01019
21	0.08523	0.10589	0.01750	0.01269	0.01623	0.01544	0.01043	0.08693	0.02030	0.03068	0.06275	0.07494	0.05937	0.02152	0.11106	0.00436	0.00910	0.05210	0.19418	0.00928

[dist]
# distance from previous block
# <min> <max>
3	14

[block]
# block no. 2 follows, 20 sequences, length 7
# corresponding to MSA columns:
# 91-97
name=unknown_C
#
# <colnr> <probs for GDERKNQSTAVLIFYWHMCP>
#	G	D	E	R	K	N	Q	S	T	A	V	L	I	F	Y	W	H	M	C	P
0	0.01395	0.01182	0.01588	0.01459	0.01695	0.01239	0.05558	0.01916	0.09737	0.02379	0.04553	0.17406	0.18526	0.12655	0.09243	0.00525	0.05911	0.01514	0.00677	0.00841
1	0.02197	0.02082	0.03494	0.03233	0.18705	0.01966	0.21762	0.10880	0.02264	0.03205	0.01723	0.02123	0.01353	0.00767	0.00863	0.00237	0.01069	0.00795	0.00520	0.20763
2	0.07910	0.02640	0.02404	0.25351	0.07898	0.28933	0.01888	0.02732	0.02003	0.02303	0.01443	0.01952	0.01172	0.01039	0.01007	0.06010	0.01260	0.00661	0.00428	0.00968
3	0.34537	0.01989	0.01816	0.01824	0.07104	0.10378	0.01331	0.08084	0.05457	0.03403	0.01881	0.02560	0.01616	0.01642	0.08157	0.00403	0.01051	0.05148	0.00582	0.01035
4	0.01548	0.07305	0.15540	0.07123	0.02553	0.01563	0.04745	0.02249	0.08292	0.02690	0.11362	0.17749	0.10670	0.01555	0.00939	0.00292	0.00814	0.01355	0.00653	0.01002
5	0.07969	0.01911	0.06015	0.02674	0.19621	0.06044	0.04869	0.02552	0.08221	0.03073	0.19424	0.03625	0.03500	0.05471	0.01115	0.00306	0.00857	0.01023	0.00642	0.01090
6	0.05845	0.08909	0.10797	0.05999	0.09718	0.04169	0.04137	0.11930	0.02397	0.15015	0.07444	0.02810	0.04975	0.01042	0.00844	0.00262	0.00937	0.00855	0.00676	0.01237

[dist]
# distance from previous block
# <min> <max>
3	19

[block]
# block no. 3 follows, 20 sequences, length 15
# corresponding to MSA columns:
# 117-131
name=unknown_D
#
# <colnr> <probs for GDERKNQSTAVLIFYWHMCP>
#	G	D	E	R	K	N	Q	S	T	A	V	L	I	F	Y	W	H	M	C	P
0	0.02112	0.02272	0.02691	0.02703	0.14361	0.19133	0.11882	0.02543	0.02241	0.02789	0.20098	0.03410	0.03396	0.01447	0.04793	0.00328	0.01150	0.01011	0.00598	0.01042
1	0.06805	0.02510	0.02268	0.02561	0.16821	0.25023	0.01617	0.06552	0.02328	0.02897	0.10249	0.03036	0.07271	0.01103	0.00837	0.00249	0.01039	0.00874	0.04893	0.01068
2	0.07945	0.06020	0.02088	0.02258	0.16615	0.01625	0.01400	0.04878	0.09135	0.06396	0.03919	0.12402	0.15357	0.04864	0.01069	0.00310	0.00734	0.01234	0.00681	0.01071
3	0.01302	0.00881	0.01152	0.01242	0.01360	0.00904	0.00929	0.01549	0.01630	0.02297	0.03542	0.18690	0.03810	0.17282	0.15683	0.00675	0.01029	0.15084	0.10238	0.00722
4	0.01738	0.01798	0.03537	0.11203	0.03702	0.01832	0.32411	0.02262	0.01842	0.02503	0.02368	0.16633	0.02286	0.01540	0.04442	0.00370	0.06734	0.01281	0.00510	0.01011
5	0.01267	0.00853	0.00989	0.00989	0.01001	0.00866	0.00575	0.01292	0.01279	0.01719	0.02714	0.05520	0.03090	0.64165	0.09508	0.00892	0.00969	0.01241	0.00523	0.00549
6	0.01210	0.00987	0.01087	0.01096	0.01354	0.00927	0.00807	0.01732	0.09840	0.02633	0.13765	0.20470	0.36638	0.02137	0.01030	0.00305	0.00484	0.01835	0.00838	0.00825
7	0.01255	0.00854	0.01095	0.01114	0.01251	0.00842	0.00795	0.01540	0.01890	0.02725	0.25433	0.18875	0.05311	0.11529	0.11550	0.00533	0.00788	0.01531	0.10337	0.00751
8	0.02771	0.02895	0.02264	0.02001	0.02503	0.28657	0.01543	0.11502	0.29906	0.03262	0.02447	0.02406	0.01870	0.01048	0.00844	0.00262	0.01092	0.00784	0.00704	0.01241
9	0.03066	0.03467	0.02583	0.02383	0.06180	0.43192	0.01760	0.14610	0.02647	0.02834	0.01491	0.01744	0.01211	0.00986	0.01023	0.00250	0.08289	0.00639	0.00525	0.01120
10	0.01427	0.00942	0.01102	0.01095	0.01171	0.00973	0.00700	0.01690	0.08563	0.02039	0.02793	0.09831	0.02959	0.39211	0.03305	0.14135	0.00754	0.01210	0.05462	0.00636
11	0.08663	0.02073	0.10568	0.03199	0.29195	0.01789	0.01995	0.02631	0.09391	0.02944	0.05281	0.03321	0.09734	0.04306	0.01029	0.00300	0.00883	0.00948	0.00564	0.01184
12	0.20768	0.30359	0.03104	0.01595	0.02233	0.02829	0.01427	0.18600	0.02314	0.03464	0.01451	0.01625	0.01177	0.00891	0.00778	0.00240	0.04854	0.00573	0.00552	0.01166
13	0.02423	0.18008	0.05672	0.02413	0.12710	0.16446	0.01750	0.05834	0.17133	0.02798	0.02311	0.02407	0.04519	0.00980	0.00790	0.00247	0.01025	0.00756	0.00570	0.01210
14	0.02445	0.02589	0.03078	0.04125	0.40743	0.18592	0.02266	0.03118	0.09275	0.02760	0.01792	0.02137	0.01467	0.00857	0.00846	0.00255	0.01134	0.00746	0.00490	0.01286

[dist]
# distance from previous block
# <min> <max>
2	14

[block]
# block no. 4 follows, 20 sequences, length 8
# corresponding to MSA columns:
# 146-153
name=unknown_E
#
# <colnr> <probs for GDERKNQSTAVLIFYWHMCP>
#	G	D	E	R	K	N	Q	S	T	A	V	L	I	F	Y	W	H	M	C	P
0	0.08943	0.02142	0.02392	0.15628	0.12180	0.09709	0.01789	0.15244	0.12091	0.03447	0.02034	0.02293	0.01552	0.00952	0.00816	0.00265	0.00980	0.00762	0.05584	0.01197
1	0.01849	0.01856	0.01787	0.01930	0.08590	0.17546	0.01277	0.02092	0.01746	0.02096	0.02481	0.03578	0.05688	0.17010	0.25807	0.00798	0.01582	0.00945	0.00492	0.00851
2	0.01287	0.00935	0.01135	0.01193	0.01344	0.00902	0.00863	0.04348	0.01881	0.02466	0.09994	0.25969	0.14901	0.17296	0.01838	0.00450	0.00634	0.11064	0.00762	0.00737
3	0.02099	0.01628	0.01775	0.01563	0.01933	0.01810	0.01176	0.17109	0.25374	0.03417	0.02998	0.07532	0.02669	0.19342	0.05238	0.00493	0.00872	0.01098	0.00763	0.01111
4	0.01902	0.01649	0.01959	0.01664	0.06357	0.01419	0.01213	0.02699	0.13471	0.02998	0.01942	0.02111	0.01562	0.00758	0.00707	0.00170	0.00681	0.00625	0.00582	0.55528
5	0.02415	0.08484	0.10986	0.01854	0.02421	0.02136	0.01683	0.22892	0.02571	0.08735	0.02388	0.12489	0.02130	0.01678	0.05493	0.00362	0.08388	0.01015	0.00683	0.01197
6	0.01298	0.01076	0.01610	0.10221	0.02144	0.01134	0.05246	0.01531	0.01644	0.02184	0.03864	0.36841	0.08035	0.12575	0.01705	0.00416	0.05253	0.01803	0.00655	0.00767
7	0.07176	0.02537	0.11036	0.01855	0.04908	0.21491	0.01505	0.02407	0.02064	0.02620	0.14421	0.10638	0.03299	0.08825	0.01268	0.00330	0.01010	0.01076	0.00595	0.00939

[dist]
# distance from previous block
# <min> <max>
31	91

[block]
# block no. 5 follows, 20 sequences, length 107
# corresponding to MSA columns:
# 258-364
name=unknown_F
#
# <colnr> <probs for GDERKNQSTAVLIFYWHMCP>
#	G	D	E	R	K	N	Q	S	T	A	V	L	I	F	Y	W	H	M	C	P
0	0.02448	0.44968	0.03665	0.01678	0.02280	0.19350	0.01497	0.02717	0.01911	0.02071	0.01376	0.01676	0.01242	0.01448	0.08079	0.00335	0.01259	0.00545	0.00404	0.01052
1	0.01729	0.01503	0.02014	0.09326	0.14414	0.01616	0.01571	0.02787	0.21669	0.02864	0.03894	0.14617	0.10300	0.01550	0.00963	0.00307	0.00760	0.06300	0.00715	0.01100
2	0.02120	0.05598	0.06487	0.06242	0.22957	0.15485	0.04903	0.02543	0.01911	0.02401	0.01746	0.02409	0.01525	0.04879	0.14520	0.00515	0.01451	0.00774	0.00439	0.01093
3	0.02234	0.04286	0.42691	0.02549	0.06312	0.21689	0.02723	0.02980	0.02043	0.02573	0.01502	0.01774	0.01124	0.00848	0.00817	0.00260	0.01365	0.00625	0.00396	0.01208
4	0.06390	0.01096	0.01238	0.01254	0.01501	0.01149	0.00930	0.02084	0.13578	0.02678	0.04682	0.24858	0.16311	0.02659	0.10729	0.00473	0.00810	0.01584	0.05117	0.00879
5	0.02011	0.01889	0.03024	0.22916	0.37304	0.02048	0.02400	0.02852	0.11361	0.02793	0.01913	0.02379	0.01518	0.00869	0.00870	0.00274	0.01019	0.00809	0.00490	0.01261
6	0.02324	0.02369	0.03594	0.04289	0.38553	0.09290	0.13810	0.05951	0.05752	0.02944	0.01769	0.02193	0.01423	0.00821	0.00889	0.00264	0.01157	0.00815	0.00486	0.01305
7	0.01246	0.00935	0.01402	0.01402	0.01558	0.01090	0.01090	0.01558	0.01402	0.02025	0.02336	0.03427	0.02181	0.06542	0.65888	0.01402	0.02336	0.00935	0.00467	0.00779
8	0.01777	0.04346	0.60663	0.02681	0.07859	0.02029	0.03186	0.02757	0.01851	0.02768	0.01570	0.01863	0.01124	0.00825	0.00831	0.00275	0.01272	0.00654	0.00373	0.01295
9	0.02139	0.02129	0.03863	0.05017	0.51990	0.02099	0.14332	0.02701	0.02001	0.02839	0.01666	0.02198	0.01370	0.00769	0.00897	0.00266	0.01123	0.00828	0.00434	0.01340
10	0.02372	0.02207	0.02089	0.02060	0.09036	0.15301	0.01438	0.21244	0.02754	0.03374	0.03986	0.08310	0.19325	0.01430	0.00915	0.00269	0.00920	0.01152	0.00712	0.01107
11	0.01040	0.00849	0.00919	0.00976	0.01202	0.00729	0.00704	0.01241	0.01900	0.02320	0.07717	0.25170	0.47497	0.02355	0.01054	0.00311	0.00460	0.02018	0.00810	0.00729
12	0.02482	0.02740	0.03033	0.03786	0.32786	0.23451	0.02213	0.02846	0.02035	0.02481	0.01457	0.01920	0.01254	0.00948	0.01185	0.00269	0.12799	0.00703	0.00429	0.01184
13	0.10500	0.01993	0.03220	0.09077	0.52867	0.02050	0.02462	0.02634	0.01912	0.02929	0.01586	0.02085	0.01317	0.00787	0.00827	0.00262	0.01004	0.00742	0.00441	0.01304
14	0.02084	0.01983	0.03369	0.05073	0.59649	0.01980	0.02550	0.02578	0.01965	0.02807	0.01856	0.06683	0.01680	0.00910	0.00881	0.00266	0.01000	0.00893	0.00457	0.01336
15	0.03161	0.03973	0.02566	0.02521	0.08099	0.60214	0.01773	0.03412	0.02429	0.02198	0.01374	0.01625	0.01146	0.00888	0.00793	0.00228	0.01526	0.00581	0.00448	0.01044
16	0.01031	0.00884	0.00884	0.00884	0.01178	0.00736	0.00663	0.01252	0.01988	0.02356	0.08837	0.08395	0.63549	0.02209	0.01031	0.00295	0.00442	0.01841	0.00810	0.00736
17	0.01908	0.01908	0.02672	0.02290	0.02290	0.02672	0.01908	0.02099	0.01336	0.02099	0.01145	0.01908	0.01145	0.01527	0.02863	0.00382	0.67748	0.00763	0.00382	0.00954
18	0.03521	0.01901	0.02257	0.01753	0.02421	0.01928	0.01441	0.26930	0.08418	0.35586	0.02913	0.02645	0.01934	0.01076	0.00876	0.00269	0.00825	0.00850	0.00980	0.01475
19	0.01045	0.00884	0.00903	0.00898	0.01187	0.00742	0.00674	0.01279	0.02021	0.02434	0.12545	0.08267	0.59793	0.02180	0.01031	0.00293	0.00440	0.01823	0.00820	0.00742
20	0.01105	0.00784	0.00992	0.01141	0.01194	0.00739	0.00742	0.01228	0.01602	0.02120	0.04590	0.52164	0.08343	0.16802	0.01813	0.00455	0.00574	0.02189	0.00750	0.00672
21	0.01063	0.00759	0.01012	0.01215	0.01265	0.00709	0.00810	0.01215	0.01670	0.02227	0.04808	0.68775	0.05769	0.02733	0.01113	0.00354	0.00506	0.02480	0.00810	0.00709
22	0.01626	0.00813	0.00813	0.00813	0.01016	0.00813	0.00610	0.02033	0.01829	0.03252	0.02846	0.03252	0.02236	0.01016	0.00610	0.00203	0.00407	0.00813	0.74187	0.00813
23	0.75506	0.01687	0.01282	0.01147	0.01687	0.01957	0.00945	0.02564	0.01484	0.03914	0.01215	0.01417	0.00945	0.00810	0.00540	0.00270	0.00675	0.00472	0.00540	0.00945
24	0.75506	0.01687	0.01282	0.01147	0.01687	0.01957	0.00945	0.02564	0.01484	0.03914	0.01215	0.01417	0.00945	0.00810	0.00540	0.00270	0.00675	0.00472	0.00540	0.00945
25	0.01134	0.00939	0.01001	0.00976	0.01263	0.00832	0.00735	0.01516	0.05349	0.02662	0.19813	0.07729	0.48848	0.02066	0.01023	0.00290	0.00449	0.01740	0.00845	0.00789
26	0.75506	0.01687	0.01282	0.01147	0.01687	0.01957	0.00945	0.02564	0.01484	0.03914	0.01215	0.01417	0.00945	0.00810	0.00540	0.00270	0.00675	0.00472	0.00540	0.00945
27	0.02153	0.02089	0.03636	0.05254	0.60375	0.02080	0.06128	0.02684	0.01991	0.02846	0.01648	0.02170	0.01378	0.00775	0.00873	0.00261	0.01062	0.00792	0.00432	0.01369
28	0.01647	0.01550	0.02616	0.67248	0.06008	0.01938	0.02422	0.02229	0.01744	0.02229	0.01550	0.02326	0.01163	0.00872	0.00872	0.00291	0.01163	0.00775	0.00388	0.00969
29	0.02271	0.01924	0.02029	0.01796	0.02307	0.02217	0.01405	0.09610	0.57188	0.03812	0.03422	0.03152	0.02559	0.01171	0.00886	0.00293	0.00714	0.00968	0.00886	0.01390
30	0.04968	0.03904	0.49303	0.05649	0.06547	0.02097	0.02889	0.09256	0.02083	0.03095	0.01613	0.01891	0.01157	0.00852	0.00826	0.00274	0.01209	0.00666	0.00436	0.01286
31	0.01063	0.00759	0.01012	0.01215	0.01265	0.00709	0.00810	0.01215	0.01670	0.02227	0.04808	0.68775	0.05769	0.02733	0.01113	0.00354	0.00506	0.02480	0.00810	0.00709
32	0.02902	0.01361	0.01719	0.01408	0.01945	0.01242	0.01132	0.03480	0.09613	0.39603	0.09808	0.04379	0.14783	0.01376	0.00922	0.00278	0.00648	0.01141	0.00993	0.01267
33	0.20867	0.02076	0.02083	0.01721	0.02315	0.02351	0.01394	0.28764	0.21772	0.04523	0.02334	0.02291	0.01721	0.01031	0.00795	0.00275	0.00804	0.00771	0.00795	0.01317
34	0.06727	0.01495	0.02036	0.29939	0.03663	0.01523	0.01594	0.02221	0.01760	0.02684	0.01642	0.02134	0.01295	0.00788	0.00734	0.00216	0.00852	0.00652	0.06965	0.31077
35	0.02159	0.02073	0.03541	0.05354	0.63903	0.02073	0.02677	0.02677	0.01986	0.02850	0.01641	0.02159	0.01382	0.00777	0.00864	0.00259	0.01036	0.00777	0.00432	0.01382
36	0.02059	0.02353	0.05147	0.03676	0.04559	0.02206	0.60735	0.02794	0.02059	0.02794	0.01765	0.02353	0.01324	0.00735	0.01029	0.00294	0.01471	0.01029	0.00441	0.01176
37	0.01245	0.00844	0.00998	0.01019	0.01038	0.00853	0.00608	0.01288	0.01323	0.01778	0.02931	0.12224	0.03361	0.56706	0.09510	0.00842	0.00941	0.01368	0.00553	0.00570
38	0.01063	0.00759	0.01012	0.01215	0.01265	0.00709	0.00810	0.01215	0.01670	0.02227	0.04808	0.68775	0.05769	0.02733	0.01113	0.00354	0.00506	0.02480	0.00810	0.00709
39	0.01996	0.01895	0.02882	0.03886	0.37320	0.04514	0.02228	0.02421	0.01899	0.02640	0.02194	0.03770	0.02125	0.01267	0.01277	0.00310	0.12435	0.13269	0.00505	0.01167
40	0.01061	0.00767	0.01005	0.01195	0.01260	0.00710	0.00801	0.01217	0.01689	0.02234	0.05047	0.65186	0.09204	0.02702	0.01108	0.00351	0.00502	0.02442	0.00810	0.00710
41	0.03062	0.18064	0.02916	0.02087	0.02600	0.52638	0.01645	0.03299	0.02324	0.02117	0.01320	0.01536	0.01123	0.00867	0.00739	0.00217	0.01438	0.00542	0.00433	0.01034
42	0.08966	0.46556	0.03742	0.01662	0.02290	0.16485	0.01506	0.02767	0.01873	0.02236	0.01238	0.01463	0.01106	0.00823	0.00721	0.00212	0.04376	0.00502	0.00404	0.01073
43	0.01053	0.00885	0.00915	0.00907	0.01192	0.00746	0.00680	0.01295	0.02041	0.02481	0.14805	0.08189	0.57503	0.02163	0.01031	0.00292	0.00439	0.01812	0.00826	0.00746
44	0.01809	0.01550	0.01809	0.01292	0.02067	0.01163	0.01034	0.02196	0.01809	0.02842	0.01550	0.01809	0.01292	0.00646	0.00646	0.00129	0.00646	0.00517	0.00517	0.74677
45	0.01105	0.00797	0.01049	0.01197	0.01291	0.00742	0.00831	0.01315	0.01834	0.02465	0.14940	0.53085	0.08656	0.02535	0.01099	0.00340	0.00500	0.04651	0.00835	0.00733
46	0.01268	0.00846	0.00951	0.00951	0.00951	0.00846	0.00529	0.01268	0.01268	0.01691	0.02748	0.05708	0.03171	0.69345	0.04440	0.00846	0.00846	0.01268	0.00529	0.00529
47	0.01071	0.00866	0.00952	0.00971	0.01213	0.00747	0.00713	0.01315	0.02024	0.02535	0.17712	0.17153	0.45250	0.02214	0.01043	0.00300	0.00446	0.01891	0.00836	0.00747
48	0.01246	0.00935	0.01402	0.01402	0.01558	0.01090	0.01090	0.01558	0.01402	0.02025	0.02336	0.03427	0.02181	0.06542	0.65888	0.01402	0.02336	0.00935	0.00467	0.00779
49	0.03384	0.02334	0.02550	0.01955	0.02650	0.02543	0.01615	0.54515	0.03918	0.12236	0.02248	0.02194	0.01561	0.01051	0.00873	0.00263	0.00935	0.00796	0.00896	0.01484
50	0.01268	0.00846	0.00951	0.00951	0.00951	0.00846	0.00529	0.01268	0.01268	0.01691	0.02748	0.05708	0.03171	0.69345	0.04440	0.00846	0.00846	0.01268	0.00529	0.00529
51	0.03258	0.04157	0.02472	0.02247	0.02697	0.65843	0.01685	0.03483	0.02472	0.02135	0.01348	0.01573	0.01124	0.00899	0.00787	0.00225	0.01573	0.00562	0.00449	0.01011
52	0.01071	0.00774	0.01014	0.01189	0.01263	0.00717	0.00802	0.01242	0.01735	0.02309	0.08514	0.61768	0.09079	0.02648	0.01104	0.00346	0.00497	0.02391	0.00819	0.00717
53	0.01268	0.00846	0.00951	0.00951	0.00951	0.00846	0.00529	0.01268	0.01268	0.01691	0.02748	0.05708	0.03171	0.69345	0.04440	0.00846	0.00846	0.01268	0.00529	0.00529
54	0.01085	0.00886	0.00959	0.00941	0.01212	0.00760	0.00706	0.01357	0.02117	0.02662	0.23462	0.07891	0.48733	0.02095	0.01030	0.00289	0.00434	0.01770	0.00850	0.00760
55	0.02159	0.02073	0.03541	0.05354	0.63903	0.02073	0.02677	0.02677	0.01986	0.02850	0.01641	0.02159	0.01382	0.00777	0.00864	0.00259	0.01036	0.00777	0.00432	0.01382
56	0.01626	0.00813	0.00813	0.00813	0.01016	0.00813	0.00610	0.02033	0.01829	0.03252	0.02846	0.03252	0.02236	0.01016	0.00610	0.00203	0.00407	0.00813	0.74187	0.00813
57	0.03258	0.04157	0.02472	0.02247	0.02697	0.65843	0.01685	0.03483	0.02472	0.02135	0.01348	0.01573	0.01124	0.00899	0.00787	0.00225	0.01573	0.00562	0.00449	0.01011
58	0.01165	0.00837	0.01062	0.01135	0.01216	0.00837	0.00763	0.01308	0.01515	0.02024	0.04028	0.28322	0.10064	0.25097	0.15893	0.00729	0.00997	0.01695	0.00646	0.00668
59	0.01109	0.00887	0.00992	0.00965	0.01226	0.00770	0.00724	0.01403	0.02172	0.02793	0.29726	0.07676	0.42388	0.02046	0.01030	0.00287	0.00430	0.01740	0.00867	0.00770
60	0.02159	0.02073	0.03541	0.05354	0.63903	0.02073	0.02677	0.02677	0.01986	0.02850	0.01641	0.02159	0.01382	0.00777	0.00864	0.00259	0.01036	0.00777	0.00432	0.01382
61	0.03122	0.02272	0.02453	0.01933	0.02589	0.02513	0.01580	0.46325	0.15676	0.08635	0.02466	0.02379	0.01760	0.01076	0.00876	0.00269	0.00893	0.00831	0.00888	0.01463
62	0.01070	0.00861	0.00955	0.00983	0.01215	0.00745	0.00718	0.01308	0.02004	0.02516	0.16894	0.19920	0.43267	0.02243	0.01047	0.00303	0.00450	0.01923	0.00834	0.00745
63	0.02895	0.02234	0.02381	0.01922	0.02545	0.02508	0.01556	0.40281	0.25501	0.04818	0.02629	0.02521	0.01917	0.01097	0.00878	0.00274	0.00861	0.00859	0.00878	0.01446
64	0.01057	0.00782	0.00989	0.01155	0.01250	0.00714	0.00783	0.01221	0.01727	0.02250	0.05533	0.57902	0.16174	0.02638	0.01099	0.00344	0.00495	0.02365	0.00810	0.00714
65	0.01471	0.00944	0.01242	0.01138	0.01385	0.00864	0.00864	0.01876	0.02472	0.08883	0.58147	0.06203	0.07695	0.01721	0.01015	0.00274	0.00441	0.01516	0.00971	0.00881
66	0.01626	0.00813	0.00813	0.00813	0.01016	0.00813	0.00610	0.02033	0.01829	0.03252	0.02846	0.03252	0.02236	0.01016	0.00610	0.00203	0.00407	0.00813	0.74187	0.00813
67	0.02332	0.69869	0.04571	0.01493	0.02239	0.03451	0.01493	0.02612	0.01772	0.02052	0.01213	0.01399	0.01119	0.00746	0.00560	0.00187	0.00933	0.00466	0.00373	0.01119
68	0.02546	0.02049	0.02507	0.02405	0.14465	0.02026	0.01633	0.28392	0.02861	0.04022	0.01810	0.02004	0.01395	0.00850	0.00789	0.00213	0.00862	0.00687	0.00658	0.27825
69	0.02730	0.02927	0.02867	0.03408	0.26918	0.27564	0.02048	0.09836	0.07912	0.02940	0.01750	0.02018	0.01407	0.00893	0.00836	0.00249	0.01210	0.00711	0.00531	0.01246
70	0.01384	0.01093	0.01485	0.01410	0.01478	0.01310	0.01044	0.01557	0.01340	0.01917	0.02255	0.03968	0.02342	0.28660	0.30938	0.00997	0.14603	0.01024	0.00473	0.00721
71	0.01268	0.00846	0.00951	0.00951	0.00951	0.00846	0.00529	0.01268	0.01268	0.01691	0.02748	0.05708	0.03171	0.69345	0.04440	0.00846	0.00846	0.01268	0.00529	0.00529
72	0.02306	0.02602	0.09703	0.02146	0.02711	0.13553	0.07710	0.11722	0.04766	0.03063	0.07090	0.02363	0.01914	0.01074	0.01233	0.00268	0.13803	0.00793	0.00564	0.10617
73	0.02006	0.05140	0.02627	0.02209	0.05551	0.06390	0.08680	0.07176	0.01857	0.02622	0.01771	0.02398	0.01534	0.02220	0.14498	0.00519	0.22284	0.00810	0.08698	0.01009
74	0.01594	0.00986	0.01196	0.01088	0.01406	0.00864	0.00835	0.01919	0.02284	0.13075	0.32007	0.06675	0.29087	0.01836	0.01005	0.00282	0.00478	0.01566	0.00921	0.00898
75	0.01117	0.00885	0.01009	0.01009	0.01256	0.00776	0.00761	0.01404	0.02124	0.02726	0.25802	0.11460	0.39406	0.02115	0.01044	0.00297	0.00455	0.04728	0.00858	0.00766
76	0.06853	0.17023	0.19826	0.07910	0.05888	0.02278	0.04531	0.02388	0.01712	0.02484	0.01782	0.09451	0.01663	0.01132	0.01111	0.00283	0.11303	0.00857	0.00441	0.01083
77	0.03105	0.02793	0.02366	0.01946	0.02510	0.22242	0.01547	0.36269	0.03332	0.04189	0.01947	0.02063	0.01457	0.00997	0.00816	0.00244	0.01089	0.00719	0.09112	0.01259
78	0.01031	0.00884	0.00884	0.00884	0.01178	0.00736	0.00663	0.01252	0.01988	0.02356	0.08837	0.08395	0.63549	0.02209	0.01031	0.00295	0.00442	0.01841	0.00810	0.00736
79	0.03177	0.09958	0.02657	0.02181	0.02656	0.60335	0.01668	0.03406	0.02410	0.02128	0.01336	0.01558	0.01123	0.00885	0.00766	0.00221	0.01517	0.00553	0.00443	0.01021
80	0.01475	0.01207	0.01825	0.18191	0.08660	0.01279	0.01590	0.01928	0.02066	0.02770	0.19879	0.06250	0.07120	0.01688	0.01033	0.00321	0.00792	0.20315	0.00707	0.00903
81	0.01289	0.00979	0.01410	0.01387	0.01510	0.01148	0.01054	0.01546	0.01378	0.01979	0.02328	0.03680	0.02268	0.15693	0.52896	0.01258	0.06001	0.00975	0.00471	0.00752
82	0.03258	0.04157	0.02472	0.02247	0.02697	0.65843	0.01685	0.03483	0.02472	0.02135	0.01348	0.01573	0.01124	0.00899	0.00787	0.00225	0.01573	0.00562	0.00449	0.01011
83	0.02594	0.02054	0.02628	0.09688	0.08164	0.07483	0.08209	0.15607	0.02530	0.13214	0.02484	0.02635	0.05684	0.00979	0.00859	0.00249	0.00982	0.00837	0.00669	0.12452
84	0.01630	0.01211	0.01415	0.01392	0.01636	0.01240	0.01018	0.15098	0.05194	0.03058	0.04511	0.44513	0.10179	0.02221	0.01039	0.00324	0.00613	0.01957	0.00828	0.00921
85	0.01063	0.00759	0.01012	0.01215	0.01265	0.00709	0.00810	0.01215	0.01670	0.02227	0.04808	0.68775	0.05769	0.02733	0.01113	0.00354	0.00506	0.02480	0.00810	0.00709
86	0.01081	0.00767	0.01007	0.01191	0.01237	0.00721	0.00785	0.01219	0.01635	0.02179	0.04626	0.63208	0.05540	0.08613	0.01407	0.00398	0.00536	0.02373	0.00785	0.00693
87	0.01992	0.02320	0.12317	0.17926	0.42949	0.02037	0.02703	0.02595	0.01914	0.02707	0.01611	0.02147	0.01295	0.00805	0.00860	0.00268	0.01100	0.00757	0.00413	0.01282
88	0.01980	0.01848	0.03060	0.34134	0.33624	0.02043	0.02505	0.05512	0.01983	0.02697	0.01622	0.02233	0.01285	0.00836	0.00868	0.00274	0.01091	0.00777	0.00434	0.01194
89	0.02159	0.02073	0.03541	0.05354	0.63903	0.02073	0.02677	0.02677	0.01986	0.02850	0.01641	0.02159	0.01382	0.00777	0.00864	0.00259	0.01036	0.00777	0.00432	0.01382
90	0.01702	0.01645	0.02074	0.05953	0.07699	0.07821	0.04751	0.02047	0.01934	0.02461	0.06573	0.05598	0.16583	0.01703	0.01355	0.00326	0.12880	0.15355	0.00624	0.00918
91	0.01872	0.02099	0.07256	0.03607	0.23189	0.01864	0.26705	0.02452	0.02009	0.02725	0.03098	0.03444	0.13521	0.01043	0.00964	0.00282	0.01117	0.01084	0.00506	0.01164
92	0.02623	0.03089	0.02535	0.16124	0.08712	0.38938	0.01921	0.02959	0.02183	0.02248	0.01628	0.02362	0.01420	0.01019	0.00953	0.00262	0.05010	0.04540	0.00455	0.01018
93	0.31528	0.02732	0.02096	0.01949	0.05859	0.24724	0.01447	0.14343	0.02376	0.03532	0.01459	0.01648	0.01139	0.00886	0.00711	0.00252	0.01070	0.00583	0.00567	0.01099
94	0.01268	0.00846	0.00951	0.00951	0.00951	0.00846	0.00529	0.01268	0.01268	0.01691	0.02748	0.05708	0.03171	0.69345	0.04440	0.00846	0.00846	0.01268	0.00529	0.00529
95	0.01063	0.00759	0.01012	0.01215	0.01265	0.00709	0.00810	0.01215	0.01670	0.02227	0.04808	0.68775	0.05769	0.02733	0.01113	0.00354	0.00506	0.02480	0.00810	0.00709
96	0.02017	0.01822	0.02791	0.13604	0.27901	0.02050	0.02130	0.08971	0.02014	0.02821	0.01912	0.08088	0.01751	0.01461	0.05014	0.00361	0.12696	0.00935	0.00502	0.01159
97	0.10561	0.02213	0.02149	0.09396	0.12870	0.17956	0.01594	0.05754	0.05078	0.02916	0.10026	0.03338	0.10313	0.01166	0.00852	0.00263	0.00971	0.00934	0.00603	0.01046
98	0.27829	0.01529	0.01421	0.01299	0.01682	0.07050	0.01010	0.02355	0.01800	0.10374	0.07611	0.06071	0.07928	0.06083	0.11932	0.00496	0.01002	0.00950	0.00654	0.00925
99	0.02448	0.02863	0.09542	0.02094	0.02593	0.20482	0.01809	0.09839	0.05664	0.02791	0.01563	0.01891	0.01284	0.01064	0.01364	0.00269	0.19668	0.00672	0.00507	0.11590
100	0.09055	0.27015	0.06736	0.01722	0.02407	0.02764	0.01582	0.25408	0.02657	0.03627	0.01988	0.02099	0.04622	0.00987	0.00819	0.00243	0.03744	0.00689	0.00607	0.01229
101	0.06427	0.02521	0.02761	0.03412	0.28467	0.19366	0.02042	0.07911	0.02249	0.02883	0.01895	0.02819	0.01701	0.01058	0.00960	0.00273	0.04313	0.07240	0.00521	0.01180
102	0.01852	0.02558	0.14580	0.01835	0.02359	0.18283	0.05569	0.02267	0.02057	0.02451	0.07291	0.16577	0.15668	0.01562	0.00941	0.00283	0.00993	0.01316	0.00609	0.00950
103	0.10106	0.01805	0.05101	0.01434	0.01756	0.13737	0.01143	0.02084	0.02152	0.02967	0.28167	0.17870	0.05071	0.01644	0.00932	0.00281	0.00740	0.01389	0.00746	0.00877
104	0.08113	0.02583	0.25541	0.02004	0.06605	0.05216	0.01922	0.02198	0.01870	0.02699	0.05759	0.17120	0.09788	0.01488	0.00909	0.00295	0.00916	0.03373	0.00578	0.01025
105	0.02589	0.03193	0.15315	0.03033	0.19354	0.22329	0.02208	0.06148	0.08318	0.06483	0.01854	0.02064	0.01424	0.00899	0.00836	0.00256	0.01202	0.00709	0.00531	0.01256
106	0.02008	0.01913	0.12260	0.02276	0.12068	0.01497	0.01767	0.08874	0.02249	0.10077	0.08451	0.15497	0.03487	0.01586	0.00983	0.00308	0.00845	0.12012	0.00727	0.01115

[dist]
# distance from previous block
# <min> <max>
3	65

[block]
# block no. 6 follows, 20 sequences, length 42
# corresponding to MSA columns:
# 430-471
name=unknown_G
#
# <colnr> <probs for GDERKNQSTAVLIFYWHMCP>
#	G	D	E	R	K	N	Q	S	T	A	V	L	I	F	Y	W	H	M	C	P
0	0.02552	0.15170	0.07371	0.02723	0.09343	0.19537	0.15514	0.08786	0.05696	0.02802	0.01661	0.01945	0.01317	0.00847	0.00826	0.00248	0.01251	0.00726	0.00493	0.01191
1	0.02315	0.13375	0.06289	0.02114	0.06292	0.08425	0.04543	0.13728	0.12129	0.03185	0.05739	0.02712	0.04793	0.01363	0.04204	0.00321	0.05819	0.00847	0.00622	0.01185
2	0.06265	0.06318	0.25259	0.01695	0.02370	0.01704	0.01779	0.09079	0.01939	0.02770	0.02703	0.03477	0.09025	0.15884	0.01747	0.04568	0.00967	0.00924	0.00527	0.01001
3	0.07886	0.02379	0.02987	0.13145	0.07393	0.15727	0.16090	0.09601	0.02340	0.03053	0.08969	0.02562	0.02070	0.00963	0.00885	0.00268	0.01167	0.00865	0.00554	0.01097
4	0.02440	0.39033	0.03394	0.01676	0.02236	0.21589	0.01462	0.02706	0.02013	0.02180	0.05227	0.02450	0.01868	0.04024	0.00867	0.00245	0.01081	0.04022	0.00463	0.01024
5	0.11028	0.13940	0.05544	0.02534	0.18251	0.02105	0.01714	0.03081	0.12299	0.10683	0.05551	0.02511	0.02007	0.01200	0.03697	0.00308	0.00914	0.00780	0.00622	0.01233
6	0.02241	0.01809	0.01788	0.01529	0.01972	0.07697	0.01197	0.20832	0.08477	0.06283	0.07951	0.04475	0.19152	0.05540	0.04769	0.00368	0.00877	0.01162	0.00790	0.01090
7	0.08107	0.10562	0.06529	0.01990	0.02595	0.15841	0.08064	0.06539	0.08275	0.08733	0.01933	0.02241	0.01534	0.04763	0.01085	0.00285	0.04096	0.00733	0.00577	0.05519
8	0.01682	0.00997	0.01130	0.01032	0.01359	0.00868	0.00776	0.01920	0.02018	0.14896	0.09209	0.06608	0.38021	0.09884	0.01382	0.00349	0.00547	0.01509	0.04942	0.00871
9	0.01389	0.01047	0.01217	0.01246	0.01448	0.01031	0.00889	0.08481	0.04991	0.02684	0.05223	0.40384	0.18081	0.06092	0.01242	0.00355	0.00573	0.01992	0.00805	0.00830
10	0.11247	0.17248	0.03451	0.02373	0.04960	0.19421	0.15038	0.06486	0.02109	0.02710	0.01439	0.01772	0.01180	0.00871	0.00929	0.00253	0.06274	0.00674	0.00463	0.01102
11	0.01254	0.00902	0.01237	0.01237	0.01336	0.01001	0.00885	0.01452	0.01353	0.01903	0.02487	0.04261	0.02543	0.29518	0.43408	0.01198	0.01791	0.01057	0.00490	0.00687
12	0.01052	0.00802	0.00968	0.01102	0.01236	0.00718	0.00760	0.01227	0.01778	0.02271	0.06180	0.48202	0.25456	0.02554	0.01085	0.00334	0.00484	0.02262	0.00810	0.00718
13	0.02190	0.02584	0.10407	0.11717	0.36755	0.11250	0.02513	0.02708	0.01964	0.02609	0.01544	0.02039	0.01269	0.00866	0.00993	0.00269	0.05939	0.00729	0.00418	0.01238
14	0.01914	0.02685	0.21981	0.10868	0.32109	0.01974	0.02631	0.02684	0.05303	0.02772	0.02117	0.02490	0.04822	0.00906	0.00865	0.00272	0.01075	0.00808	0.00454	0.01272
15	0.03258	0.04157	0.02472	0.02247	0.02697	0.65843	0.01685	0.03483	0.02472	0.02135	0.01348	0.01573	0.01124	0.00899	0.00787	0.00225	0.01573	0.00562	0.00449	0.01011
16	0.02052	0.02257	0.10372	0.11608	0.36607	0.02072	0.02433	0.03055	0.14928	0.02937	0.02032	0.02377	0.01599	0.00882	0.00866	0.00273	0.01007	0.00806	0.00517	0.01321
17	0.01246	0.00935	0.01402	0.01402	0.01558	0.01090	0.01090	0.01558	0.01402	0.02025	0.02336	0.03427	0.02181	0.06542	0.65888	0.01402	0.02336	0.00935	0.00467	0.00779
18	0.01031	0.00884	0.00884	0.00884	0.01178	0.00736	0.00663	0.01252	0.01988	0.02356	0.08837	0.08395	0.63549	0.02209	0.01031	0.00295	0.00442	0.01841	0.00810	0.00736
19	0.01033	0.00874	0.00893	0.00909	0.01185	0.00734	0.00674	0.01249	0.01964	0.02347	0.08531	0.12980	0.59161	0.02249	0.01037	0.00299	0.00447	0.01889	0.00810	0.00734
20	0.01246	0.00935	0.01402	0.01402	0.01558	0.01090	0.01090	0.01558	0.01402	0.02025	0.02336	0.03427	0.02181	0.06542	0.65888	0.01402	0.02336	0.00935	0.00467	0.00779
21	0.02332	0.69869	0.04571	0.01493	0.02239	0.03451	0.01493	0.02612	0.01772	0.02052	0.01213	0.01399	0.01119	0.00746	0.00560	0.00187	0.00933	0.00466	0.00373	0.01119
22	0.03258	0.04157	0.02472	0.02247	0.02697	0.65843	0.01685	0.03483	0.02472	0.02135	0.01348	0.01573	0.01124	0.00899	0.00787	0.00225	0.01573	0.00562	0.00449	0.01011
23	0.01798	0.04222	0.57533	0.02827	0.10930	0.02031	0.03158	0.02752	0.01859	0.02773	0.01574	0.01879	0.01138	0.00823	0.00833	0.00274	0.01259	0.00660	0.00376	0.01300
24	0.02154	0.02086	0.03620	0.05271	0.60959	0.02079	0.05557	0.02683	0.01990	0.02847	0.01647	0.02169	0.01379	0.00775	0.00872	0.00261	0.01058	0.00790	0.00432	0.01372
25	0.33778	0.03114	0.01969	0.01782	0.02270	0.38856	0.01372	0.03095	0.02055	0.02886	0.01292	0.01507	0.01048	0.00861	0.00682	0.00244	0.01194	0.00524	0.00488	0.00983
26	0.02159	0.02073	0.03541	0.05354	0.63903	0.02073	0.02677	0.02677	0.01986	0.02850	0.01641	0.02159	0.01382	0.00777	0.00864	0.00259	0.01036	0.00777	0.00432	0.01382
27	0.01603	0.00815	0.00822	0.00822	0.01012	0.00815	0.00605	0.01983	0.01793	0.03151	0.02839	0.03410	0.02296	0.05420	0.00857	0.00245	0.00435	0.00842	0.69440	0.00795
28	0.01046	0.00884	0.00905	0.00900	0.01188	0.00743	0.00675	0.01282	0.02025	0.02443	0.12984	0.08252	0.59348	0.02177	0.01031	0.00293	0.00440	0.01821	0.00821	0.00743
29	0.01498	0.01139	0.01274	0.01258	0.01419	0.01218	0.00848	0.02278	0.19882	0.02401	0.03435	0.18538	0.03576	0.34325	0.02646	0.00573	0.00725	0.01444	0.00698	0.00826
30	0.02566	0.43009	0.06610	0.01799	0.02452	0.18742	0.01653	0.06083	0.02055	0.02301	0.01308	0.01530	0.01142	0.00848	0.00775	0.00215	0.04846	0.00533	0.00420	0.01112
31	0.01282	0.00921	0.01236	0.01397	0.01555	0.00896	0.01127	0.01587	0.01904	0.02494	0.08122	0.23381	0.08913	0.06753	0.01371	0.00405	0.00690	0.34409	0.00796	0.00760
32	0.02067	0.31627	0.26462	0.02405	0.06214	0.02660	0.12016	0.02700	0.01856	0.02472	0.01453	0.01755	0.01161	0.00776	0.00750	0.00241	0.01156	0.00640	0.00386	0.01203
33	0.01750	0.04512	0.64825	0.02486	0.03775	0.02026	0.03223	0.02762	0.01842	0.02762	0.01565	0.01842	0.01105	0.00829	0.00829	0.00276	0.01289	0.00645	0.00368	0.01289
34	0.01119	0.00814	0.01063	0.01219	0.01326	0.00758	0.00869	0.01334	0.01824	0.02419	0.11355	0.49660	0.11219	0.02546	0.01108	0.00346	0.00526	0.08936	0.00825	0.00734
35	0.01075	0.00764	0.01008	0.01199	0.01246	0.00717	0.00793	0.01218	0.01646	0.02194	0.04682	0.64929	0.05611	0.06796	0.01316	0.00384	0.00527	0.02406	0.00793	0.00698
36	0.02825	0.07381	0.02635	0.02150	0.02547	0.35515	0.01702	0.10203	0.06222	0.02629	0.01526	0.01812	0.01271	0.01071	0.01270	0.00268	0.16720	0.00657	0.00509	0.01086
37	0.02417	0.63866	0.04379	0.01561	0.02281	0.09152	0.01510	0.02692	0.01836	0.02060	0.01225	0.01415	0.01120	0.00760	0.00580	0.00190	0.00991	0.00475	0.00380	0.01110
38	0.01130	0.00837	0.01055	0.01107	0.01266	0.00762	0.00790	0.01403	0.02063	0.02786	0.30282	0.31914	0.16915	0.02240	0.01063	0.00310	0.00455	0.01987	0.00873	0.00762
39	0.06094	0.01560	0.02009	0.02289	0.13538	0.01642	0.01529	0.14826	0.06926	0.03337	0.03290	0.19772	0.03347	0.01704	0.00986	0.00318	0.00794	0.14207	0.00742	0.01087
40	0.09401	0.02859	0.19773	0.07113	0.20158	0.09539	0.05211	0.02955	0.02007	0.10328	0.01765	0.02050	0.01312	0.00850	0.00824	0.00266	0.01128	0.00711	0.00504	0.01247
41	0.02276	0.17109	0.10921	0.03419	0.27702	0.06395	0.06011	0.06167	0.06660	0.02829	0.01700	0.02013	0.01375	0.00828	0.00802	0.00249	0.01075	0.00714	0.00473	0.01284

[dist]
# distance from previous block
# <min> <max>
1	75

[block]
# block no. 7 follows, 20 sequences, length 64
# corresponding to MSA columns:
# 547-610
name=unknown_H
#
# <colnr> <probs for GDERKNQSTAVLIFYWHMCP>
#	G	D	E	R	K	N	Q	S	T	A	V	L	I	F	Y	W	H	M	C	P
0	0.23005	0.09743	0.07366	0.15869	0.14351	0.04915	0.01843	0.02521	0.01793	0.02924	0.04158	0.02022	0.01447	0.00851	0.00730	0.00256	0.00947	0.00659	0.00470	0.04128
1	0.01995	0.02739	0.16843	0.02605	0.14941	0.14560	0.04134	0.02628	0.05674	0.02687	0.07864	0.03567	0.13716	0.01187	0.00892	0.00268	0.01037	0.00990	0.00561	0.01112
2	0.02709	0.08148	0.02823	0.02939	0.19878	0.30311	0.01874	0.03027	0.02183	0.07037	0.02011	0.02256	0.04983	0.00982	0.00939	0.00249	0.05278	0.00727	0.00503	0.01141
3	0.09092	0.12969	0.07503	0.02393	0.14542	0.02102	0.01746	0.02399	0.01797	0.06392	0.06548	0.02796	0.06494	0.01465	0.05054	0.00346	0.13910	0.00837	0.00526	0.01089
4	0.06298	0.01659	0.01932	0.05465	0.13767	0.06148	0.01414	0.05670	0.07934	0.02858	0.08628	0.04472	0.18999	0.06510	0.01260	0.00323	0.03844	0.01151	0.00656	0.01011
5	0.01661	0.20042	0.06766	0.01424	0.01873	0.01840	0.01290	0.04894	0.01839	0.02359	0.03716	0.04276	0.17910	0.05650	0.15342	0.00538	0.03897	0.03196	0.00557	0.00930
6	0.01936	0.02626	0.19874	0.06908	0.36051	0.01961	0.06997	0.02579	0.01918	0.02748	0.01864	0.07110	0.01624	0.00939	0.00886	0.00275	0.01102	0.00888	0.00442	0.01272
7	0.01105	0.00887	0.00987	0.00962	0.01224	0.00768	0.00721	0.01396	0.02164	0.02773	0.28764	0.07709	0.43362	0.02054	0.01030	0.00287	0.00431	0.01745	0.00865	0.00768
