[name]
unknown

[dist]
# distance from previous block
# <min> <max>
0	120

[block]
# block no. 0 follows, 23 sequences, length 9
# corresponding to MSA columns:
# 120-128
name=unknown_A
#
# <colnr> <probs for GDERKNQSTAVLIFYWHMCP>
#	G	D	E	R	K	N	Q	S	T	A	V	L	I	F	Y	W	H	M	C	P
0	0.01363	0.01144	0.01200	0.01302	0.01426	0.08078	0.00970	0.01558	0.01655	0.02069	0.03620	0.27063	0.04101	0.18237	0.01749	0.00438	0.00746	0.21944	0.00654	0.00681
1	0.02718	0.03305	0.02156	0.01884	0.02373	0.52660	0.01427	0.02963	0.02156	0.02138	0.01298	0.01514	0.01082	0.00782	0.00701	0.00188	0.01263	0.00513	0.00433	0.18444
2	0.02934	0.03665	0.02255	0.02049	0.02470	0.61908	0.01541	0.03342	0.08278	0.02120	0.01450	0.01613	0.01182	0.00861	0.00741	0.00215	0.01385	0.00560	0.00457	0.00973
3	0.02942	0.11097	0.02521	0.01997	0.02463	0.56108	0.01546	0.07844	0.02347	0.02220	0.01294	0.01483	0.01071	0.00832	0.00715	0.00208	0.01355	0.00529	0.00441	0.00986
4	0.43406	0.33286	0.02571	0.01212	0.01801	0.02447	0.01108	0.02405	0.01502	0.02861	0.01129	0.01311	0.00952	0.00727	0.00510	0.00216	0.00736	0.00437	0.00432	0.00952
5	0.01173	0.00815	0.01029	0.01029	0.01078	0.00865	0.00671	0.01272	0.01222	0.01680	0.02425	0.04583	0.02634	0.49082	0.26100	0.00964	0.01262	0.01074	0.00472	0.00571
6	0.03031	0.03867	0.02299	0.02090	0.02508	0.68226	0.01568	0.03240	0.02299	0.01986	0.01254	0.01463	0.01045	0.00836	0.00732	0.00209	0.01463	0.00523	0.00418	0.00941
7	0.31756	0.02810	0.12227	0.02037	0.09200	0.24588	0.01623	0.02719	0.01798	0.02798	0.01267	0.01505	0.01003	0.00781	0.00656	0.00237	0.01040	0.00524	0.00437	0.00994
8	0.41552	0.02395	0.01742	0.06256	0.02235	0.24612	0.01255	0.06762	0.01875	0.03063	0.01249	0.01469	0.00984	0.00800	0.00623	0.00238	0.00963	0.00507	0.00484	0.00935

[dist]
# distance from previous block
# <min> <max>
1	3

[block]
# block no. 1 follows, 23 sequences, length 12
# corresponding to MSA columns:
# 132-143
name=unknown_B
#
# <colnr> <probs for GDERKNQSTAVLIFYWHMCP>
#	G	D	E	R	K	N	Q	S	T	A	V	L	I	F	Y	W	H	M	C	P
0	0.02857	0.07146	0.02436	0.02036	0.02446	0.51623	0.01578	0.08748	0.02296	0.02272	0.01293	0.01533	0.01079	0.00903	0.00932	0.00226	0.08612	0.00557	0.00445	0.00982
1	0.01907	0.02092	0.03947	0.02916	0.03583	0.04833	0.45226	0.02616	0.06791	0.02559	0.01827	0.05291	0.01494	0.00865	0.01067	0.00274	0.06930	0.00956	0.00457	0.04368
2	0.01117	0.00825	0.01067	0.01184	0.01344	0.00775	0.00924	0.01386	0.01823	0.02384	0.13665	0.28249	0.16961	0.02221	0.01040	0.00324	0.00544	0.22685	0.00771	0.00710
3	0.02779	0.10765	0.02609	0.02290	0.08455	0.51713	0.01646	0.03017	0.02133	0.02039	0.01257	0.01514	0.01068	0.00841	0.00816	0.00216	0.04914	0.00542	0.00406	0.00981
4	0.02754	0.02843	0.13291	0.01907	0.02550	0.21412	0.01702	0.16807	0.11826	0.13755	0.02069	0.02060	0.01488	0.00923	0.00784	0.00242	0.01042	0.00689	0.00650	0.01206
5	0.01106	0.00832	0.01043	0.01043	0.01185	0.00853	0.00749	0.01289	0.01429	0.01886	0.04058	0.05149	0.21104	0.23533	0.30230	0.00854	0.01261	0.01205	0.00545	0.00647
6	0.01896	0.02127	0.04531	0.03236	0.04049	0.01972	0.58292	0.02553	0.01896	0.02603	0.01625	0.02147	0.01229	0.00677	0.00928	0.00261	0.01304	0.00918	0.00416	0.07341
7	0.22680	0.03259	0.02006	0.01819	0.02260	0.50637	0.01385	0.03014	0.02056	0.02424	0.01221	0.01425	0.01001	0.00814	0.00671	0.00220	0.01242	0.00501	0.00440	0.00924
8	0.22084	0.02194	0.01619	0.01518	0.01869	0.25192	0.01144	0.07552	0.01966	0.02716	0.02225	0.21873	0.02299	0.01327	0.00767	0.00258	0.00902	0.01042	0.00572	0.00879
9	0.12021	0.02779	0.01909	0.01753	0.02157	0.39226	0.01362	0.07899	0.02215	0.02541	0.02304	0.03083	0.07028	0.01134	0.00782	0.00246	0.01121	0.08981	0.00536	0.00922
10	0.02179	0.02451	0.01890	0.08879	0.02441	0.33616	0.01431	0.02627	0.06971	0.02304	0.08017	0.03854	0.07438	0.01258	0.00850	0.00258	0.01063	0.11013	0.00566	0.00895
11	0.02130	0.01947	0.01747	0.01475	0.01900	0.15505	0.01117	0.17774	0.02270	0.02872	0.02420	0.09212	0.05861	0.13125	0.01348	0.00313	0.00865	0.00920	0.00596	0.16600

[dist]
# distance from previous block
# <min> <max>
69	159

[block]
# block no. 2 follows, 23 sequences, length 23
# corresponding to MSA columns:
# 337-359
name=unknown_C
#
# <colnr> <probs for GDERKNQSTAVLIFYWHMCP>
#	G	D	E	R	K	N	Q	S	T	A	V	L	I	F	Y	W	H	M	C	P
0	0.01959	0.02142	0.01516	0.01425	0.01652	0.30266	0.01005	0.02092	0.01765	0.01852	0.02721	0.03852	0.10470	0.28024	0.05497	0.00492	0.01103	0.00948	0.00491	0.00726
1	0.02181	0.02304	0.01905	0.01824	0.06162	0.28404	0.01313	0.05364	0.01959	0.02350	0.01670	0.02095	0.01421	0.02039	0.16562	0.00454	0.01338	0.00640	0.06907	0.13107
2	0.02646	0.02923	0.02043	0.01819	0.02185	0.42411	0.01396	0.09873	0.02273	0.02539	0.01578	0.01838	0.01279	0.00922	0.00875	0.00222	0.07050	0.00606	0.14569	0.00953
3	0.02235	0.15373	0.03435	0.02269	0.02928	0.05354	0.22872	0.13199	0.18141	0.03060	0.01998	0.02160	0.01527	0.00847	0.00807	0.00247	0.01015	0.00791	0.00571	0.01173
4	0.01876	0.06010	0.19038	0.02731	0.16300	0.01821	0.13668	0.05452	0.01873	0.02704	0.01510	0.01848	0.01182	0.00708	0.00759	0.00217	0.00999	0.00661	0.00426	0.20217
5	0.02695	0.02101	0.01876	0.01551	0.02079	0.21429	0.01214	0.03085	0.05031	0.23873	0.09232	0.02522	0.02198	0.00946	0.00762	0.00213	0.00869	0.00734	0.00697	0.16894
6	0.00985	0.00722	0.00926	0.01089	0.01166	0.00663	0.00735	0.01134	0.01593	0.02087	0.04971	0.62553	0.13445	0.02477	0.01025	0.00322	0.00463	0.02228	0.00753	0.00663
7	0.01180	0.00787	0.00885	0.00885	0.00885	0.00787	0.00492	0.01180	0.01180	0.01573	0.02557	0.05310	0.02950	0.71483	0.04130	0.00787	0.00787	0.01180	0.00492	0.00492
8	0.02542	0.02003	0.02130	0.01757	0.02310	0.02263	0.01411	0.33517	0.34897	0.04240	0.02637	0.02497	0.01938	0.01039	0.00819	0.00260	0.00765	0.00826	0.00819	0.01331
9	0.01983	0.02178	0.11043	0.02799	0.08770	0.01788	0.32325	0.05644	0.01959	0.06869	0.01839	0.05475	0.01470	0.00814	0.00861	0.00248	0.01096	0.00876	0.00487	0.11476
10	0.01431	0.02000	0.21215	0.01508	0.02053	0.01310	0.01521	0.02294	0.12575	0.03026	0.33559	0.04313	0.07256	0.01314	0.00879	0.00260	0.00674	0.01123	0.00710	0.00980
11	0.02008	0.01928	0.03294	0.04981	0.66422	0.01928	0.02490	0.02490	0.01848	0.02651	0.01526	0.02008	0.01285	0.00723	0.00803	0.00241	0.00964	0.00723	0.00402	0.01285
12	0.01926	0.02158	0.04613	0.03602	0.11511	0.02037	0.56344	0.02586	0.01907	0.02605	0.01628	0.02168	0.01238	0.00689	0.00940	0.00270	0.01321	0.00930	0.00409	0.01117
13	0.03031	0.03867	0.02299	0.02090	0.02508	0.68226	0.01568	0.03240	0.02299	0.01986	0.01254	0.01463	0.01045	0.00836	0.00732	0.00209	0.01463	0.00523	0.00418	0.00941
14	0.01126	0.00829	0.01054	0.00998	0.01199	0.00756	0.00748	0.01488	0.02245	0.03130	0.59238	0.06266	0.14489	0.01705	0.00957	0.00257	0.00386	0.01496	0.00877	0.00756
15	0.03085	0.02273	0.02435	0.01867	0.02516	0.02516	0.01542	0.63716	0.03815	0.05114	0.01948	0.01948	0.01380	0.00974	0.00812	0.00244	0.00893	0.00731	0.00812	0.01380
16	0.00959	0.00822	0.00822	0.00822	0.01096	0.00685	0.00617	0.01165	0.01850	0.02192	0.08220	0.07809	0.66092	0.02055	0.00959	0.00274	0.00411	0.01713	0.00754	0.00685
17	0.01180	0.00787	0.00885	0.00885	0.00885	0.00787	0.00492	0.01180	0.01180	0.01573	0.02557	0.05310	0.02950	0.71483	0.04130	0.00787	0.00787	0.01180	0.00492	0.00492
18	0.77215	0.01569	0.01193	0.01067	0.01569	0.01820	0.00879	0.02385	0.01381	0.03641	0.01130	0.01318	0.00879	0.00753	0.00502	0.00251	0.00628	0.00439	0.00502	0.00879
19	0.03038	0.03648	0.02318	0.02060	0.02510	0.59208	0.01564	0.11540	0.02507	0.02415	0.01349	0.01530	0.01091	0.00855	0.00743	0.00214	0.01385	0.00551	0.00472	0.01001
20	0.01840	0.01756	0.02990	0.27795	0.44921	0.01884	0.02407	0.02343	0.01768	0.02447	0.01497	0.02063	0.01213	0.00754	0.00806	0.00251	0.01006	0.00722	0.00387	0.01150
21	0.02180	0.01645	0.01856	0.01527	0.02056	0.01666	0.01227	0.23779	0.12122	0.05873	0.02565	0.10758	0.02271	0.01189	0.00812	0.00238	0.00709	0.06027	0.00722	0.20778
22	0.02030	0.01901	0.03152	0.11268	0.56177	0.01953	0.02405	0.06405	0.01952	0.02752	0.01545	0.02020	0.01271	0.00748	0.00805	0.00244	0.00971	0.00723	0.00424	0.01253

[dist]
# distance from previous block
# <min> <max>
0	1

[block]
# block no. 3 follows, 23 sequences, length 9
# corresponding to MSA columns:
# 361-369
name=unknown_D
#
# <colnr> <probs for GDERKNQSTAVLIFYWHMCP>
#	G	D	E	R	K	N	Q	S	T	A	V	L	I	F	Y	W	H	M	C	P
0	0.03031	0.03867	0.02299	0.02090	0.02508	0.68226	0.01568	0.03240	0.02299	0.01986	0.01254	0.01463	0.01045	0.00836	0.00732	0.00209	0.01463	0.00523	0.00418	0.00941
1	0.02488	0.01830	0.01991	0.01679	0.02207	0.02039	0.01337	0.19097	0.41837	0.11798	0.02952	0.02725	0.02144	0.01057	0.00821	0.00264	0.00711	0.00858	0.00845	0.01320
2	0.01683	0.01442	0.01683	0.01202	0.01923	0.01082	0.00961	0.02043	0.01683	0.02644	0.01442	0.01683	0.01202	0.00601	0.00601	0.00120	0.00601	0.00481	0.00481	0.76444
3	0.00989	0.00706	0.00942	0.01130	0.01177	0.00659	0.00753	0.01130	0.01554	0.02071	0.04472	0.70954	0.05367	0.02542	0.01036	0.00330	0.00471	0.02307	0.00753	0.00659
4	0.01180	0.00787	0.00885	0.00885	0.00885	0.00787	0.00492	0.01180	0.01180	0.01573	0.02557	0.05310	0.02950	0.71483	0.04130	0.00787	0.00787	0.01180	0.00492	0.00492
5	0.42704	0.01707	0.01586	0.05513	0.02060	0.07552	0.01124	0.02937	0.01775	0.23373	0.01814	0.01839	0.01263	0.00843	0.00641	0.00249	0.00750	0.00583	0.00644	0.01044
6	0.03036	0.03733	0.02311	0.02072	0.02509	0.62683	0.01566	0.08342	0.02427	0.02250	0.01313	0.01504	0.01073	0.00848	0.00738	0.00212	0.01415	0.00540	0.00451	0.00978
7	0.02559	0.03007	0.02388	0.02629	0.17049	0.42491	0.01689	0.02988	0.06434	0.02347	0.07237	0.02105	0.01788	0.00902	0.00775	0.00225	0.01197	0.00680	0.00484	0.01027
8	0.01996	0.01805	0.01691	0.01515	0.01889	0.12401	0.01175	0.13133	0.18583	0.03228	0.18309	0.07396	0.08139	0.01363	0.00873	0.00261	0.00736	0.03725	0.00761	0.01021

[dist]
# distance from previous block
# <min> <max>
3	74

[block]
# block no. 4 follows, 23 sequences, length 35
# corresponding to MSA columns:
# 444-478
name=unknown_E
#
# <colnr> <probs for GDERKNQSTAVLIFYWHMCP>
#	G	D	E	R	K	N	Q	S	T	A	V	L	I	F	Y	W	H	M	C	P
0	0.10220	0.01978	0.02273	0.22330	0.15433	0.12542	0.01804	0.02805	0.14394	0.02620	0.01889	0.02404	0.01527	0.00912	0.00779	0.00258	0.00969	0.03313	0.00503	0.01048
1	0.01894	0.01762	0.02736	0.11269	0.40467	0.01765	0.02047	0.02555	0.08595	0.02664	0.01692	0.02075	0.01375	0.00751	0.00769	0.00225	0.00875	0.00698	0.00458	0.15328
2	0.02422	0.02488	0.02194	0.02342	0.14417	0.29430	0.01535	0.09234	0.02347	0.05808	0.14146	0.05399	0.02630	0.01066	0.00814	0.00235	0.01020	0.00853	0.00591	0.01030
3	0.05726	0.22502	0.27204	0.02101	0.02989	0.02209	0.13572	0.02683	0.01785	0.09702	0.01579	0.01785	0.01173	0.00758	0.00727	0.00236	0.01052	0.00637	0.00439	0.01140
4	0.01640	0.01454	0.01429	0.01350	0.01656	0.08150	0.01030	0.06615	0.17544	0.02856	0.15486	0.15062	0.15930	0.01633	0.00913	0.00276	0.00633	0.04658	0.00765	0.00921
5	0.02213	0.02403	0.08943	0.01613	0.02244	0.17504	0.01394	0.13889	0.02244	0.02938	0.01935	0.02097	0.04795	0.00845	0.00708	0.00192	0.00904	0.00634	0.04891	0.27615
6	0.02778	0.03006	0.02260	0.01968	0.02414	0.37913	0.01527	0.16353	0.13504	0.02903	0.01748	0.01863	0.01369	0.00953	0.00900	0.00238	0.05990	0.00649	0.00570	0.01092
7	0.01147	0.00803	0.00935	0.00917	0.01000	0.00770	0.00582	0.01277	0.01567	0.02114	0.21070	0.05791	0.11086	0.44293	0.02893	0.00581	0.00632	0.01319	0.00633	0.00590
8	0.01970	0.01677	0.02434	0.50437	0.04722	0.02004	0.02053	0.19469	0.02241	0.02931	0.01585	0.02103	0.01166	0.00857	0.00811	0.00263	0.01028	0.00724	0.00488	0.01036
9	0.01093	0.00759	0.00902	0.00973	0.01009	0.00732	0.00598	0.01160	0.01365	0.01802	0.03655	0.30109	0.08087	0.40964	0.02756	0.00581	0.00643	0.01638	0.00607	0.00567
10	0.02316	0.09586	0.02189	0.01708	0.02106	0.26073	0.01356	0.14123	0.02184	0.02542	0.01687	0.02126	0.01443	0.02633	0.23687	0.00584	0.01534	0.00671	0.00492	0.00962
11	0.02169	0.71972	0.04252	0.01388	0.02083	0.03211	0.01388	0.02430	0.01649	0.01909	0.01128	0.01302	0.01041	0.00694	0.00521	0.00174	0.00868	0.00434	0.00347	0.01041
12	0.01172	0.00820	0.01055	0.01055	0.01113	0.00879	0.00703	0.01289	0.01230	0.01699	0.02401	0.04450	0.02577	0.44991	0.30112	0.00996	0.01348	0.01054	0.00469	0.00586
13	0.01315	0.00866	0.01138	0.01049	0.01270	0.00794	0.00794	0.01694	0.02299	0.07523	0.61787	0.05840	0.07278	0.01615	0.00948	0.00255	0.00403	0.01424	0.00901	0.00807
14	0.16978	0.02141	0.02202	0.01717	0.02339	0.02386	0.01418	0.52221	0.03359	0.04838	0.01795	0.01830	0.01286	0.00933	0.00754	0.00245	0.00843	0.00676	0.00754	0.01286
15	0.01925	0.01871	0.03165	0.15509	0.30556	0.02062	0.11427	0.05695	0.01811	0.02543	0.01464	0.02015	0.01204	0.00879	0.01181	0.00273	0.14137	0.00756	0.00409	0.01118
16	0.02169	0.71972	0.04252	0.01388	0.02083	0.03211	0.01388	0.02430	0.01649	0.01909	0.01128	0.01302	0.01041	0.00694	0.00521	0.00174	0.00868	0.00434	0.00347	0.01041
17	0.02008	0.01928	0.03294	0.04981	0.66422	0.01928	0.02490	0.02490	0.01848	0.02651	0.01526	0.02008	0.01285	0.00723	0.00803	0.00241	0.00964	0.00723	0.00402	0.01285
18	0.03085	0.02273	0.02435	0.01867	0.02516	0.02516	0.01542	0.63716	0.03815	0.05114	0.01948	0.01948	0.01380	0.00974	0.00812	0.00244	0.00893	0.00731	0.00812	0.01380
19	0.00959	0.00822	0.00822	0.00822	0.01096	0.00685	0.00617	0.01165	0.01850	0.02192	0.08220	0.07809	0.66092	0.02055	0.00959	0.00274	0.00411	0.01713	0.00754	0.00685
20	0.01180	0.00787	0.00885	0.00885	0.00885	0.00787	0.00492	0.01180	0.01180	0.01573	0.02557	0.05310	0.02950	0.71483	0.04130	0.00787	0.00787	0.01180	0.00492	0.00492
21	0.77215	0.01569	0.01193	0.01067	0.01569	0.01820	0.00879	0.02385	0.01381	0.03641	0.01130	0.01318	0.00879	0.00753	0.00502	0.00251	0.00628	0.00439	0.00502	0.00879
22	0.03031	0.03867	0.02299	0.02090	0.02508	0.68226	0.01568	0.03240	0.02299	0.01986	0.01254	0.01463	0.01045	0.00836	0.00732	0.00209	0.01463	0.00523	0.00418	0.00941
23	0.01532	0.01442	0.02434	0.69533	0.05589	0.01803	0.02253	0.02073	0.01622	0.02073	0.01442	0.02163	0.01082	0.00811	0.00811	0.00270	0.01082	0.00721	0.00361	0.00901
24	0.00983	0.00728	0.00919	0.01072	0.01162	0.00664	0.00728	0.01136	0.01609	0.02094	0.05175	0.59119	0.16748	0.02451	0.01021	0.00319	0.00460	0.02195	0.00753	0.00664
25	0.01924	0.01842	0.03141	0.16455	0.55608	0.01906	0.02448	0.02416	0.01808	0.02548	0.01511	0.02036	0.01249	0.00739	0.00805	0.00246	0.00985	0.00723	0.00394	0.01217
26	0.01659	0.08113	0.63637	0.02259	0.03429	0.01961	0.02905	0.02562	0.01709	0.02532	0.01437	0.01689	0.01029	0.00766	0.00756	0.00252	0.01180	0.00590	0.00343	0.01190
27	0.69388	0.01556	0.01321	0.08148	0.01985	0.01818	0.01021	0.02353	0.01406	0.03478	0.01162	0.01406	0.00900	0.00759	0.00534	0.00253	0.00675	0.00469	0.00488	0.00881
28	0.02008	0.01928	0.03294	0.04981	0.66422	0.01928	0.02490	0.02490	0.01848	0.02651	0.01526	0.02008	0.01285	0.00723	0.00803	0.00241	0.00964	0.00723	0.00402	0.01285
29	0.02179	0.01711	0.01912	0.01432	0.02075	0.01605	0.01149	0.25346	0.02455	0.03505	0.01712	0.02037	0.01392	0.05700	0.00928	0.00214	0.00725	0.00624	0.00607	0.42695
30	0.00989	0.00706	0.00942	0.01130	0.01177	0.00659	0.00753	0.01130	0.01554	0.02071	0.04472	0.70954	0.05367	0.02542	0.01036	0.00330	0.00471	0.02307	0.00753	0.00659
31	0.01180	0.00787	0.00885	0.00885	0.00885	0.00787	0.00492	0.01180	0.01180	0.01573	0.02557	0.05310	0.02950	0.71483	0.04130	0.00787	0.00787	0.01180	0.00492	0.00492
32	0.02801	0.01729	0.02021	0.04385	0.02320	0.01820	0.01362	0.26165	0.13665	0.23204	0.02979	0.03088	0.05034	0.01124	0.00840	0.00261	0.00764	0.04316	0.00848	0.01274
33	0.11183	0.03294	0.02204	0.01956	0.02379	0.49172	0.01503	0.09575	0.02287	0.02504	0.01302	0.01521	0.01064	0.00883	0.00850	0.00228	0.06102	0.00549	0.00465	0.00977
34	0.07326	0.01792	0.04820	0.01456	0.01984	0.07468	0.01225	0.14003	0.05034	0.15060	0.03541	0.03766	0.15347	0.01229	0.00816	0.00248	0.00753	0.05106	0.00721	0.08305

[dist]
# distance from previous block
# <min> <max>
28	43

[block]
# block no. 5 follows, 23 sequences, length 7
# corresponding to MSA columns:
# 524-530
name=unknown_F
#
# <colnr> <probs for GDERKNQSTAVLIFYWHMCP>
#	G	D	E	R	K	N	Q	S	T	A	V	L	I	F	Y	W	H	M	C	P
0	0.02770	0.02463	0.02465	0.05107	0.13226	0.17702	0.01694	0.28524	0.08175	0.07075	0.01878	0.01989	0.01401	0.00906	0.00793	0.00239	0.01014	0.00701	0.00645	0.01234
1	0.03040	0.03595	0.02323	0.02052	0.02510	0.57002	0.01563	0.13570	0.02558	0.02520	0.01373	0.01546	0.01102	0.00860	0.00745	0.00215	0.01366	0.00558	0.00485	0.01016
2	0.01211	0.00921	0.01295	0.01261	0.01369	0.01063	0.00948	0.01443	0.01365	0.01952	0.07957	0.03758	0.02646	0.18320	0.44182	0.01030	0.07128	0.00973	0.00481	0.00695
3	0.01746	0.01122	0.01426	0.01413	0.01722	0.01123	0.01177	0.02425	0.12755	0.12620	0.10376	0.06707	0.09064	0.01783	0.00994	0.00318	0.00658	0.30823	0.00815	0.00934
4	0.02911	0.03503	0.02251	0.02022	0.02460	0.55811	0.01531	0.07336	0.10071	0.02363	0.01551	0.01687	0.01242	0.00878	0.00748	0.00219	0.01325	0.00585	0.00494	0.01012
5	0.01113	0.00821	0.01181	0.01223	0.01348	0.00890	0.00915	0.01374	0.01492	0.02101	0.10598	0.21518	0.03603	0.04603	0.42189	0.00917	0.01502	0.01324	0.00575	0.00712
6	0.22722	0.02985	0.02029	0.01781	0.02261	0.39384	0.01381	0.13343	0.02315	0.02959	0.01340	0.01508	0.01058	0.00838	0.00684	0.00226	0.01144	0.00536	0.00508	0.00999

[dist]
# distance from previous block
# <min> <max>
5	8

[block]
# block no. 6 follows, 23 sequences, length 15
# corresponding to MSA columns:
# 539-553
name=unknown_G
#
# <colnr> <probs for GDERKNQSTAVLIFYWHMCP>
#	G	D	E	R	K	N	Q	S	T	A	V	L	I	F	Y	W	H	M	C	P
0	0.02474	0.01544	0.01797	0.01431	0.01947	0.01524	0.01130	0.18487	0.09551	0.19593	0.06911	0.02965	0.02282	0.10317	0.01228	0.00300	0.00713	0.00841	0.00768	0.14197
1	0.02816	0.02033	0.02671	0.02042	0.02685	0.02139	0.12178	0.37396	0.07703	0.13670	0.02275	0.02475	0.01659	0.00988	0.00851	0.00257	0.00921	0.03172	0.00769	0.01299
2	0.08896	0.01429	0.01326	0.01278	0.01457	0.12647	0.00923	0.01761	0.01443	0.01969	0.02040	0.03412	0.02053	0.26383	0.28677	0.00840	0.01439	0.00871	0.00457	0.00700
3	0.26952	0.01125	0.01184	0.01218	0.01524	0.01186	0.01023	0.01838	0.01739	0.02881	0.09244	0.06046	0.11787	0.01661	0.00875	0.00308	0.00630	0.27316	0.00678	0.00785
4	0.01204	0.00876	0.01214	0.01275	0.01422	0.00928	0.01012	0.01482	0.01550	0.02102	0.06078	0.05893	0.06182	0.13795	0.29779	0.00815	0.01321	0.21787	0.00586	0.00699
5	0.03036	0.03712	0.02313	0.02069	0.02509	0.61827	0.01565	0.09129	0.02447	0.02290	0.01322	0.01510	0.01078	0.00850	0.00739	0.00212	0.01408	0.00543	0.00456	0.00983
6	0.02173	0.01735	0.02381	0.01778	0.02459	0.01611	0.12064	0.11971	0.11023	0.09380	0.01987	0.02106	0.01492	0.00782	0.00748	0.00200	0.00794	0.00696	0.00618	0.34002
7	0.02062	0.01398	0.01476	0.01248	0.01650	0.01485	0.00989	0.20414	0.11805	0.03667	0.02456	0.02615	0.01872	0.00953	0.00680	0.00213	0.00584	0.00754	0.37346	0.06334
8	0.02819	0.08126	0.02339	0.01939	0.02372	0.53943	0.01487	0.06953	0.02353	0.02289	0.06691	0.01867	0.01618	0.00904	0.00741	0.00213	0.01296	0.00609	0.00478	0.00961
9	0.08476	0.07612	0.09229	0.01693	0.02135	0.31168	0.01433	0.02513	0.01830	0.02178	0.01578	0.02140	0.01394	0.07599	0.11989	0.00441	0.01334	0.00640	0.03729	0.00890
10	0.02225	0.02572	0.02362	0.02070	0.02487	0.33832	0.12267	0.02561	0.02085	0.02225	0.02651	0.04092	0.06988	0.01271	0.00891	0.00268	0.01178	0.16548	0.00529	0.00897
11	0.09171	0.38181	0.02804	0.01299	0.01799	0.04985	0.01184	0.02144	0.01788	0.02364	0.11871	0.03397	0.07390	0.01127	0.00694	0.00225	0.00748	0.07387	0.00523	0.00920
12	0.01813	0.01351	0.01617	0.01349	0.01803	0.01277	0.01085	0.07161	0.05998	0.08084	0.04863	0.03943	0.08493	0.05970	0.01155	0.00269	0.05517	0.09495	0.00643	0.28114
13	0.01870	0.01777	0.01808	0.01828	0.06890	0.13016	0.01364	0.02559	0.13018	0.02585	0.02753	0.04549	0.02633	0.01320	0.00863	0.00262	0.00839	0.21983	0.00619	0.17466
14	0.08802	0.01990	0.01990	0.01982	0.10536	0.14136	0.01372	0.11996	0.05895	0.16644	0.02979	0.05720	0.10246	0.01120	0.00800	0.00248	0.00848	0.00892	0.00689	0.01115

[dist]
# distance from previous block
# <min> <max>
58	128

[block]
# block no. 7 follows, 23 sequences, length 14
# corresponding to MSA columns:
# 713-726
name=unknown_H
#
# <colnr> <probs for GDERKNQSTAVLIFYWHMCP>
#	G	D	E	R	K	N	Q	S	T	A	V	L	I	F	Y	W	H	M	C	P
0	0.14657	0.01851	0.01802	0.01496	0.01983	0.08327	0.01198	0.23146	0.06210	0.11195	0.14669	0.02960	0.04884	0.01106	0.00788	0.00247	0.00752	0.00861	0.00760	0.01106
1	0.38427	0.02410	0.01763	0.01566	0.01995	0.25886	0.01236	0.02747	0.01757	0.06714	0.01294	0.01503	0.01026	0.00865	0.00818	0.00246	0.07807	0.00519	0.00488	0.00932
2	0.02782	0.03337	0.02146	0.01930	0.02348	0.53434	0.01460	0.07575	0.04929	0.02351	0.05028	0.02154	0.05160	0.00968	0.00766	0.00220	0.01274	0.00669	0.00507	0.00964
3	0.01147	0.00820	0.01124	0.01311	0.01428	0.00796	0.01029	0.01404	0.01710	0.02249	0.04385	0.40180	0.05020	0.02392	0.01078	0.00351	0.00608	0.31513	0.00750	0.00703
4	0.02263	0.01926	0.03182	0.02362	0.03032	0.01880	0.28128	0.20076	0.02431	0.08060	0.02105	0.08921	0.01738	0.00966	0.00875	0.00252	0.01010	0.00964	0.00611	0.09216
5	0.02838	0.03168	0.02352	0.08724	0.02798	0.43653	0.01639	0.16877	0.02531	0.02707	0.01423	0.01658	0.01126	0.00892	0.00846	0.00230	0.04407	0.00598	0.00499	0.01035
6	0.01201	0.00930	0.01383	0.01360	0.01495	0.01113	0.01065	0.01483	0.01300	0.01888	0.02099	0.03093	0.01964	0.05773	0.63865	0.01240	0.06725	0.00859	0.00429	0.00735
7	0.02572	0.02093	0.02765	0.02051	0.02750	0.02141	0.13984	0.39229	0.03012	0.04120	0.01787	0.01945	0.01315	0.00842	0.00800	0.00225	0.00932	0.00728	0.00665	0.16045
8	0.03075	0.03402	0.02305	0.02009	0.02487	0.50975	0.01542	0.15838	0.02615	0.06131	0.01503	0.01634	0.01167	0.00874	0.00753	0.00218	0.01303	0.00582	0.00531	0.01056
9	0.01364	0.01228	0.01877	0.01628	0.01901	0.03928	0.14498	0.01661	0.01746	0.02289	0.11492	0.21729	0.08563	0.14382	0.01560	0.00386	0.00779	0.07594	0.00634	0.00761
10	0.01095	0.00834	0.01046	0.01109	0.01286	0.00728	0.00772	0.01277	0.01605	0.02174	0.04386	0.53481	0.11038	0.02186	0.00959	0.00291	0.00485	0.01958	0.00710	0.12581
11	0.01722	0.01520	0.02415	0.01881	0.02388	0.01457	0.17826	0.10139	0.01909	0.02682	0.02102	0.09787	0.01951	0.06279	0.14575	0.00478	0.01159	0.00958	0.00526	0.18242
12	0.02583	0.03171	0.19437	0.02352	0.09106	0.19981	0.02024	0.25384	0.02663	0.03363	0.01591	0.01762	0.01188	0.00859	0.00779	0.00238	0.01134	0.00640	0.00542	0.01205
13	0.27169	0.02888	0.01827	0.01661	0.02096	0.41461	0.01271	0.02806	0.01965	0.02543	0.01731	0.01887	0.05825	0.00900	0.00673	0.00228	0.01111	0.00584	0.00471	0.00901

[dist]
# distance from previous block
# <min> <max>
20	120

[block]
# block no. 8 follows, 23 sequences, length 6
# corresponding to MSA columns:
# 850-855
name=unknown_I
#
# <colnr> <probs for GDERKNQSTAVLIFYWHMCP>
#	G	D	E	R	K	N	Q	S	T	A	V	L	I	F	Y	W	H	M	C	P
0	0.01990	0.02270	0.08926	0.03323	0.32410	0.14051	0.02078	0.02439	0.01924	0.02464	0.02148	0.03631	0.02046	0.01121	0.00865	0.00269	0.01027	0.15454	0.00484	0.01080
1	0.05796	0.02377	0.09393	0.01821	0.02295	0.21484	0.06443	0.02519	0.07453	0.02438	0.03137	0.04313	0.10977	0.01325	0.00871	0.00274	0.01002	0.14580	0.00570	0.00930
2	0.01770	0.02126	0.10362	0.01773	0.02290	0.13782	0.07550	0.02333	0.06637	0.02440	0.03332	0.04566	0.12411	0.01338	0.00881	0.00267	0.00923	0.15305	0.00578	0.09337
3	0.01792	0.01935	0.04084	0.03030	0.03723	0.01826	0.50896	0.02413	0.01906	0.02565	0.02179	0.03598	0.01927	0.00999	0.00991	0.00294	0.01242	0.13098	0.00479	0.01024
4	0.20854	0.02496	0.10946	0.02122	0.11116	0.15950	0.01638	0.10699	0.02131	0.07472	0.05906	0.02001	0.01593	0.00877	0.00722	0.00241	0.00952	0.00652	0.00550	0.01084
5	0.07603	0.06336	0.02426	0.01915	0.04982	0.13936	0.13747	0.02352	0.01995	0.05702	0.14904	0.03226	0.08855	0.01056	0.00809	0.00234	0.00894	0.00921	0.00578	0.07528

[dist]
# distance from previous block
# <min> <max>
29	72

[block]
# block no. 9 follows, 23 sequences, length 22
# corresponding to MSA columns:
# 929-950
name=unknown_J
#
# <colnr> <probs for GDERKNQSTAVLIFYWHMCP>
#	G	D	E	R	K	N	Q	S	T	A	V	L	I	F	Y	W	H	M	C	P
0	0.02107	0.28442	0.23017	0.02188	0.09149	0.09960	0.02046	0.05656	0.01847	0.02361	0.01321	0.01580	0.01081	0.00796	0.00799	0.00225	0.05375	0.00556	0.00383	0.01111
1	0.11122	0.02624	0.01751	0.01675	0.01988	0.39627	0.01236	0.02490	0.01962	0.02207	0.02230	0.22832	0.02356	0.01351	0.00798	0.00251	0.01060	0.01062	0.00531	0.00847
2	0.01851	0.01808	0.05700	0.03060	0.22147	0.01696	0.16641	0.08497	0.02093	0.02871	0.06481	0.04049	0.02516	0.01175	0.00928	0.00283	0.00973	0.15590	0.00560	0.01080
3	0.17123	0.07213	0.10518	0.01320	0.01692	0.08071	0.01138	0.01914	0.01506	0.02287	0.02193	0.14349	0.02327	0.23017	0.01780	0.00421	0.00832	0.01014	0.00499	0.00785
4	0.02558	0.03397	0.15571	0.01995	0.02584	0.38253	0.01777	0.11619	0.02396	0.02685	0.07992	0.02053	0.01763	0.00926	0.00774	0.00229	0.01217	0.00665	0.00508	0.01039
5	0.12360	0.03074	0.35844	0.06665	0.03579	0.01919	0.20131	0.02521	0.01719	0.02698	0.01463	0.01823	0.01069	0.00746	0.00790	0.00262	0.01160	0.00688	0.00386	0.01105
6	0.01566	0.01191	0.01333	0.01230	0.01562	0.01224	0.00942	0.02585	0.25043	0.06965	0.21350	0.07886	0.20760	0.01555	0.00904	0.00270	0.00508	0.01325	0.00833	0.00968
7	0.01544	0.01221	0.01605	0.01779	0.10852	0.01170	0.01158	0.08909	0.01945	0.02679	0.07292	0.24113	0.06071	0.07082	0.01152	0.00308	0.00656	0.07398	0.00656	0.12411
8	0.01174	0.00812	0.01015	0.01015	0.01060	0.00857	0.00654	0.01263	0.01219	0.01670	0.02438	0.04651	0.02664	0.51182	0.24040	0.00947	0.01217	0.01084	0.00474	0.00564
9	0.02018	0.01743	0.01835	0.01651	0.02110	0.02018	0.01284	0.04312	0.64956	0.03394	0.03303	0.03027	0.02477	0.01101	0.00826	0.00275	0.00642	0.00917	0.00826	0.01284
10	0.03035	0.03746	0.02310	0.02073	0.02509	0.63208	0.01566	0.07858	0.02415	0.02225	0.01307	0.01500	0.01071	0.00847	0.00738	0.00212	0.01420	0.00538	0.00448	0.00974
11	0.01939	0.25203	0.41093	0.02003	0.02966	0.09056	0.02353	0.02595	0.01753	0.02305	0.01334	0.01560	0.01034	0.00754	0.00689	0.00226	0.01123	0.00540	0.00352	0.01124
12	0.02764	0.25009	0.02906	0.01872	0.02376	0.48043	0.01512	0.02989	0.02097	0.01962	0.01215	0.01413	0.01044	0.00792	0.00666	0.00198	0.01278	0.00495	0.00396	0.00972
13	0.01627	0.04197	0.67279	0.02313	0.03512	0.01884	0.02998	0.02570	0.01713	0.02570	0.01456	0.01713	0.01028	0.00771	0.00771	0.00257	0.01199	0.00600	0.00343	0.01199
14	0.00996	0.00829	0.00873	0.00878	0.01140	0.00707	0.00670	0.01227	0.01891	0.02301	0.13159	0.07730	0.57336	0.02030	0.00968	0.00278	0.00428	0.05097	0.00766	0.00696
15	0.01421	0.01031	0.01303	0.01374	0.01575	0.01041	0.01091	0.10354	0.02021	0.02662	0.04194	0.32752	0.07063	0.02172	0.01036	0.00333	0.00644	0.26375	0.00759	0.00800
16	0.01180	0.00787	0.00885	0.00885	0.00885	0.00787	0.00492	0.01180	0.01180	0.01573	0.02557	0.05310	0.02950	0.71483	0.04130	0.00787	0.00787	0.01180	0.00492	0.00492
17	0.01627	0.04197	0.67279	0.02313	0.03512	0.01884	0.02998	0.02570	0.01713	0.02570	0.01456	0.01713	0.01028	0.00771	0.00771	0.00257	0.01199	0.00600	0.00343	0.01199
18	0.01967	0.01904	0.03304	0.09830	0.58616	0.01925	0.05572	0.02464	0.01834	0.02604	0.01526	0.02029	0.01267	0.00728	0.00812	0.00245	0.00993	0.00735	0.00399	0.01246
19	0.02457	0.03541	0.18544	0.02676	0.12684	0.37460	0.06101	0.02919	0.02061	0.02271	0.01371	0.01656	0.01090	0.00793	0.00767	0.00230	0.01316	0.00601	0.00397	0.01067
20	0.01159	0.00869	0.01304	0.01304	0.01449	0.01014	0.01014	0.01449	0.01304	0.01884	0.02173	0.03188	0.02029	0.06086	0.68268	0.01304	0.02173	0.00869	0.00435	0.00724
21	0.01278	0.00941	0.01096	0.05423	0.01523	0.00861	0.00820	0.01623	0.04256	0.07421	0.18184	0.06545	0.43495	0.01783	0.00933	0.00268	0.00479	0.01503	0.00776	0.00790

[dist]
# distance from previous block
# <min> <max>
3	17

[block]
# block no. 10 follows, 23 sequences, length 76
# corresponding to MSA columns:
# 968-1043
name=unknown_K
#
# <colnr> <probs for GDERKNQSTAVLIFYWHMCP>
#	G	D	E	R	K	N	Q	S	T	A	V	L	I	F	Y	W	H	M	C	P
0	0.01833	0.20890	0.05908	0.02305	0.15683	0.02036	0.04589	0.02567	0.13004	0.02501	0.02732	0.03612	0.07322	0.01135	0.00800	0.00255	0.00831	0.10384	0.00544	0.01070
1	0.01983	0.01999	0.03702	0.04554	0.49444	0.01962	0.19141	0.02520	0.01866	0.02637	0.01558	0.02058	0.01271	0.00712	0.00845	0.00250	0.01074	0.00787	0.00404	0.01233
2	0.01959	0.01878	0.03205	0.11663	0.60125	0.01915	0.02466	0.02447	0.01824	0.02591	0.01518	0.02024	0.01264	0.00732	0.00804	0.00244	0.00976	0.00723	0.00397	0.01246
3	0.01013	0.00808	0.00908	0.00918	0.01138	0.00703	0.00675	0.01256	0.01925	0.02454	0.22858	0.16266	0.42177	0.02020	0.00969	0.00277	0.00412	0.01732	0.00790	0.00703
4	0.01467	0.01260	0.01943	0.02704	0.27080	0.01252	0.01502	0.01875	0.05169	0.02394	0.03232	0.36346	0.03552	0.01726	0.00937	0.00294	0.00691	0.05013	0.00618	0.00946
5	0.01180	0.00787	0.00885	0.00885	0.00885	0.00787	0.00492	0.01180	0.01180	0.01573	0.02557	0.05310	0.02950	0.71483	0.04130	0.00787	0.00787	0.01180	0.00492	0.00492
6	0.01180	0.00787	0.00885	0.00885	0.00885	0.00787	0.00492	0.01180	0.01180	0.01573	0.02557	0.05310	0.02950	0.71483	0.04130	0.00787	0.00787	0.01180	0.00492	0.00492
7	0.03031	0.03867	0.02299	0.02090	0.02508	0.68226	0.01568	0.03240	0.02299	0.01986	0.01254	0.01463	0.01045	0.00836	0.00732	0.00209	0.01463	0.00523	0.00418	0.00941
8	0.02089	0.21486	0.21869	0.02837	0.21897	0.11867	0.02210	0.02606	0.01821	0.02334	0.01361	0.01656	0.01111	0.00746	0.00708	0.00223	0.01079	0.00581	0.00372	0.01146
9	0.02807	0.07644	0.05731	0.02357	0.09085	0.54367	0.01723	0.03083	0.02186	0.02078	0.01285	0.01522	0.01069	0.00813	0.00729	0.00213	0.01364	0.00542	0.00409	0.00995
10	0.01180	0.00787	0.00885	0.00885	0.00885	0.00787	0.00492	0.01180	0.01180	0.01573	0.02557	0.05310	0.02950	0.71483	0.04130	0.00787	0.00787	0.01180	0.00492	0.00492
11	0.01033	0.00798	0.00950	0.01016	0.01197	0.00714	0.00751	0.01265	0.01834	0.02354	0.16257	0.27269	0.31568	0.02159	0.00998	0.00298	0.00458	0.07610	0.00776	0.00696
12	0.02008	0.01928	0.03294	0.04981	0.66422	0.01928	0.02490	0.02490	0.01848	0.02651	0.01526	0.02008	0.01285	0.00723	0.00803	0.00241	0.00964	0.00723	0.00402	0.01285
13	0.02690	0.01982	0.02129	0.01682	0.02206	0.02184	0.01343	0.49430	0.06707	0.04395	0.02130	0.02600	0.01717	0.13412	0.01398	0.00341	0.00860	0.00820	0.00756	0.01218
14	0.00989	0.00706	0.00942	0.01130	0.01177	0.00659	0.00753	0.01130	0.01554	0.02071	0.04472	0.70954	0.05367	0.02542	0.01036	0.00330	0.00471	0.02307	0.00753	0.00659
15	0.01698	0.03736	0.53516	0.02692	0.09148	0.01910	0.10818	0.02567	0.01751	0.02581	0.01486	0.01801	0.01077	0.00755	0.00798	0.00258	0.01200	0.00657	0.00357	0.01193
16	0.04984	0.01813	0.08525	0.02321	0.02876	0.01559	0.29772	0.05468	0.01851	0.02596	0.02624	0.26485	0.02673	0.01370	0.00941	0.00289	0.00976	0.01369	0.00553	0.00955
17	0.00959	0.00822	0.00822	0.00822	0.01096	0.00685	0.00617	0.01165	0.01850	0.02192	0.08220	0.07809	0.66092	0.02055	0.00959	0.00274	0.00411	0.01713	0.00754	0.00685
18	0.02949	0.02622	0.02104	0.01811	0.02311	0.30451	0.01409	0.09343	0.16972	0.18367	0.02266	0.02186	0.01642	0.00951	0.00781	0.00238	0.01032	0.00705	0.00692	0.01168
19	0.02835	0.03200	0.02239	0.04589	0.02543	0.45848	0.01530	0.15455	0.05558	0.02703	0.01836	0.01969	0.04312	0.00935	0.00766	0.00225	0.01242	0.00649	0.00532	0.01033
20	0.01882	0.01966	0.02500	0.02137	0.02220	0.09260	0.04149	0.02088	0.01382	0.01978	0.01161	0.01827	0.01116	0.01555	0.05550	0.00382	0.56877	0.00708	0.00368	0.00893
21	0.03031	0.03867	0.02299	0.02090	0.02508	0.68226	0.01568	0.03240	0.02299	0.01986	0.01254	0.01463	0.01045	0.00836	0.00732	0.00209	0.01463	0.00523	0.00418	0.00941
22	0.00982	0.00731	0.00915	0.01063	0.01159	0.00665	0.00723	0.01137	0.01618	0.02098	0.05290	0.57179	0.18613	0.02436	0.01019	0.00317	0.00458	0.02177	0.00753	0.00665
23	0.03031	0.03867	0.02299	0.02090	0.02508	0.68226	0.01568	0.03240	0.02299	0.01986	0.01254	0.01463	0.01045	0.00836	0.00732	0.00209	0.01463	0.00523	0.00418	0.00941
24	0.03085	0.02273	0.02435	0.01867	0.02516	0.02516	0.01542	0.63716	0.03815	0.05114	0.01948	0.01948	0.01380	0.00974	0.00812	0.00244	0.00893	0.00731	0.00812	0.01380
25	0.01159	0.00869	0.01304	0.01304	0.01449	0.01014	0.01014	0.01449	0.01304	0.01884	0.02173	0.03188	0.02029	0.06086	0.68268	0.01304	0.02173	0.00869	0.00435	0.00724
26	0.03031	0.03867	0.02299	0.02090	0.02508	0.68226	0.01568	0.03240	0.02299	0.01986	0.01254	0.01463	0.01045	0.00836	0.00732	0.00209	0.01463	0.00523	0.00418	0.00941
27	0.01539	0.03752	0.58517	0.02116	0.03193	0.01726	0.02684	0.02384	0.01731	0.02520	0.02348	0.02517	0.09606	0.00940	0.00796	0.00259	0.01095	0.00746	0.00397	0.01131
28	0.03031	0.03867	0.02299	0.02090	0.02508	0.68226	0.01568	0.03240	0.02299	0.01986	0.01254	0.01463	0.01045	0.00836	0.00732	0.00209	0.01463	0.00523	0.00418	0.00941
29	0.01532	0.01442	0.02434	0.69533	0.05589	0.01803	0.02253	0.02073	0.01622	0.02073	0.01442	0.02163	0.01082	0.00811	0.00811	0.00270	0.01082	0.00721	0.00361	0.00901
30	0.03085	0.02273	0.02435	0.01867	0.02516	0.02516	0.01542	0.63716	0.03815	0.05114	0.01948	0.01948	0.01380	0.00974	0.00812	0.00244	0.00893	0.00731	0.00812	0.01380
31	0.02018	0.01743	0.01835	0.01651	0.02110	0.02018	0.01284	0.04312	0.64956	0.03394	0.03303	0.03027	0.02477	0.01101	0.00826	0.00275	0.00642	0.00917	0.00826	0.01284
32	0.00959	0.00822	0.00822	0.00822	0.01096	0.00685	0.00617	0.01165	0.01850	0.02192	0.08220	0.07809	0.66092	0.02055	0.00959	0.00274	0.00411	0.01713	0.00754	0.00685
33	0.01159	0.00869	0.01304	0.01304	0.01449	0.01014	0.01014	0.01449	0.01304	0.01884	0.02173	0.03188	0.02029	0.06086	0.68268	0.01304	0.02173	0.00869	0.00435	0.00724
34	0.02220	0.21155	0.02575	0.01635	0.02165	0.08802	0.01355	0.07147	0.38032	0.02952	0.02431	0.02342	0.01882	0.00957	0.00732	0.00239	0.00798	0.00736	0.00655	0.01190
35	0.01180	0.00787	0.00885	0.00885	0.00885	0.00787	0.00492	0.01180	0.01180	0.01573	0.02557	0.05310	0.02950	0.71483	0.04130	0.00787	0.00787	0.01180	0.00492	0.00492
36	0.01683	0.01442	0.01683	0.01202	0.01923	0.01082	0.00961	0.02043	0.01683	0.02644	0.01442	0.01683	0.01202	0.00601	0.00601	0.00120	0.00601	0.00481	0.00481	0.76444
37	0.01960	0.01312	0.01390	0.01195	0.01556	0.01391	0.00947	0.22339	0.04896	0.03562	0.03189	0.03338	0.10709	0.01360	0.03952	0.00276	0.00649	0.00892	0.34116	0.00972
38	0.02616	0.01893	0.02055	0.01644	0.02168	0.02095	0.01339	0.45559	0.06830	0.04409	0.02147	0.02282	0.01605	0.01468	0.07250	0.00339	0.00929	0.00758	0.11390	0.01223
39	0.22343	0.01942	0.11985	0.01859	0.02435	0.01656	0.12481	0.08163	0.01891	0.03051	0.02312	0.07542	0.02193	0.01230	0.00835	0.00290	0.00891	0.15367	0.00566	0.00970
40	0.02474	0.01800	0.02005	0.01593	0.02148	0.01859	0.01278	0.38412	0.02948	0.06824	0.02357	0.14192	0.02082	0.01184	0.00812	0.00236	0.00754	0.00967	0.00748	0.15327
41	0.01736	0.01241	0.01374	0.01195	0.01430	0.01298	0.00850	0.20024	0.02156	0.02893	0.11048	0.04536	0.06565	0.37271	0.02540	0.00525	0.00745	0.01112	0.00655	0.00805
42	0.03031	0.03867	0.02299	0.02090	0.02508	0.68226	0.01568	0.03240	0.02299	0.01986	0.01254	0.01463	0.01045	0.00836	0.00732	0.00209	0.01463	0.00523	0.00418	0.00941
43	0.03031	0.03867	0.02299	0.02090	0.02508	0.68226	0.01568	0.03240	0.02299	0.01986	0.01254	0.01463	0.01045	0.00836	0.00732	0.00209	0.01463	0.00523	0.00418	0.00941
44	0.13152	0.01520	0.01734	0.01397	0.01911	0.01540	0.01136	0.19680	0.02578	0.25503	0.15256	0.03212	0.05610	0.01137	0.00805	0.00251	0.00664	0.00908	0.00848	0.01158
45	0.02039	0.01374	0.01498	0.01331	0.01701	0.04179	0.01025	0.15387	0.04755	0.14447	0.04444	0.22413	0.18705	0.01675	0.00907	0.00276	0.00637	0.01419	0.00799	0.00987
46	0.01180	0.00787	0.00885	0.00885	0.00885	0.00787	0.00492	0.01180	0.01180	0.01573	0.02557	0.05310	0.02950	0.71483	0.04130	0.00787	0.00787	0.01180	0.00492	0.00492
47	0.01159	0.00869	0.01304	0.01304	0.01449	0.01014	0.01014	0.01449	0.01304	0.01884	0.02173	0.03188	0.02029	0.06086	0.68268	0.01304	0.02173	0.00869	0.00435	0.00724
48	0.01072	0.00824	0.01001	0.01109	0.01294	0.00753	0.00862	0.01310	0.01774	0.02230	0.06011	0.25562	0.30944	0.02245	0.01029	0.00319	0.00528	0.19686	0.00752	0.00697
49	0.02260	0.02536	0.03471	0.03722	0.30279	0.20067	0.20571	0.02728	0.01991	0.02454	0.01487	0.01914	0.01203	0.00742	0.00830	0.00242	0.01222	0.00739	0.00409	0.01134
50	0.07736	0.01391	0.01845	0.01423	0.02043	0.01228	0.01175	0.03867	0.02270	0.63457	0.03086	0.02681	0.01946	0.00990	0.00799	0.00251	0.00687	0.00795	0.00976	0.01353
51	0.01027	0.00825	0.00916	0.00893	0.01138	0.00714	0.00670	0.01296	0.02010	0.02573	0.28975	0.07181	0.45100	0.01913	0.00958	0.00267	0.00401	0.01624	0.00804	0.00714
52	0.01659	0.08137	0.63615	0.02259	0.03429	0.01962	0.02904	0.02562	0.01709	0.02531	0.01437	0.01689	0.01029	0.00766	0.00756	0.00252	0.01180	0.00590	0.00343	0.01190
53	0.01759	0.20631	0.51997	0.02089	0.03165	0.02206	0.02608	0.02536	0.01698	0.02410	0.01377	0.01613	0.01031	0.00752	0.00710	0.00237	0.01119	0.00559	0.00344	0.01161
54	0.01513	0.00756	0.00756	0.00756	0.00945	0.00756	0.00567	0.01891	0.01702	0.03025	0.02647	0.03025	0.02080	0.00945	0.00567	0.00189	0.00378	0.00756	0.75988	0.00756
55	0.01878	0.01795	0.03059	0.22606	0.49812	0.01894	0.02426	0.02376	0.01786	0.02493	0.01503	0.02051	0.01230	0.00747	0.00805	0.00249	0.00996	0.00722	0.00390	0.01180
56	0.02066	0.02015	0.02944	0.04270	0.53431	0.08694	0.02208	0.02510	0.01880	0.02618	0.01607	0.02050	0.01338	0.00756	0.00773	0.00233	0.00959	0.00705	0.07743	0.01198
57	0.31739	0.02137	0.17472	0.01508	0.02226	0.01604	0.01508	0.03009	0.01809	0.26753	0.01973	0.01947	0.01332	0.00850	0.00683	0.00253	0.00789	0.00617	0.00649	0.01142
58	0.02011	0.07503	0.48047	0.02153	0.03191	0.02111	0.02555	0.17388	0.02219	0.03150	0.01557	0.01747	0.01114	0.00816	0.00767	0.00249	0.01106	0.00622	0.00457	0.01234
59	0.01532	0.01442	0.02434	0.69533	0.05589	0.01803	0.02253	0.02073	0.01622	0.02073	0.01442	0.02163	0.01082	0.00811	0.00811	0.00270	0.01082	0.00721	0.00361	0.00901
60	0.01180	0.00787	0.00885	0.00885	0.00885	0.00787	0.00492	0.01180	0.01180	0.01573	0.02557	0.05310	0.02950	0.71483	0.04130	0.00787	0.00787	0.01180	0.00492	0.00492
61	0.02145	0.68950	0.07062	0.01430	0.02146	0.03152	0.01460	0.02436	0.01652	0.01939	0.01143	0.01320	0.01041	0.00698	0.00532	0.00177	0.00883	0.00441	0.00347	0.01048
62	0.01130	0.00829	0.01059	0.01002	0.01201	0.00758	0.00751	0.01496	0.02254	0.03152	0.60450	0.06229	0.13263	0.01697	0.00957	0.00257	0.00386	0.01491	0.00880	0.00758
63	0.02544	0.43052	0.03472	0.01621	0.02263	0.12462	0.01456	0.19281	0.02335	0.02795	0.01370	0.01502	0.01134	0.00791	0.00631	0.00198	0.00961	0.00528	0.00484	0.01119
64	0.02621	0.28057	0.05417	0.01614	0.02229	0.12447	0.01433	0.13717	0.04670	0.13444	0.05502	0.02041	0.01701	0.00891	0.00700	0.00216	0.00910	0.00648	0.00599	0.01142
65	0.02155	0.42505	0.13924	0.01923	0.02704	0.05188	0.12663	0.02598	0.01769	0.05760	0.01390	0.01611	0.01127	0.00727	0.00662	0.00210	0.01021	0.00577	0.00397	0.01090
66	0.01032	0.00740	0.00981	0.01100	0.01187	0.00688	0.00757	0.01239	0.01756	0.02394	0.21270	0.53236	0.05992	0.02301	0.01014	0.00309	0.00447	0.02078	0.00791	0.00688
67	0.01163	0.00855	0.01230	0.01230	0.01349	0.00974	0.00921	0.01401	0.01282	0.01829	0.02242	0.03565	0.02192	0.17703	0.56875	0.01212	0.01927	0.00925	0.00445	0.00683
68	0.02486	0.15312	0.02704	0.01978	0.02315	0.36167	0.01601	0.02695	0.01854	0.01962	0.01173	0.01532	0.01051	0.00993	0.01297	0.00248	0.22739	0.00565	0.00386	0.00942
69	0.02008	0.01928	0.03294	0.04981	0.66422	0.01928	0.02490	0.02490	0.01848	0.02651	0.01526	0.02008	0.01285	0.00723	0.00803	0.00241	0.00964	0.00723	0.00402	0.01285
70	0.00962	0.00811	0.00834	0.00852	0.01104	0.00682	0.00630	0.01161	0.01821	0.02180	0.07856	0.13941	0.60195	0.02102	0.00966	0.00279	0.00417	0.01770	0.00753	0.00682
71	0.01118	0.00799	0.00879	0.00875	0.00961	0.00758	0.00541	0.01195	0.01425	0.01835	0.07590	0.06035	0.20497	0.48640	0.03088	0.00617	0.00662	0.01342	0.00585	0.00560
72	0.02811	0.01931	0.02121	0.01691	0.02256	0.02099	0.01373	0.41708	0.11996	0.12094	0.02464	0.06091	0.01865	0.01081	0.00815	0.00251	0.00785	0.00856	0.04414	0.01297
73	0.01730	0.01594	0.02651	0.03929	0.48608	0.01581	0.02016	0.02119	0.01767	0.02493	0.02331	0.20833	0.02400	0.01220	0.00867	0.00265	0.00829	0.01155	0.00498	0.01114
74	0.02761	0.03460	0.02903	0.02413	0.02929	0.52180	0.16579	0.03085	0.02206	0.02135	0.01348	0.01639	0.01090	0.00799	0.00786	0.00225	0.01440	0.00628	0.00416	0.00978
75	0.02052	0.09043	0.02647	0.05926	0.02647	0.25131	0.14851	0.02380	0.01951	0.02158	0.02757	0.11711	0.10957	0.01187	0.00838	0.00248	0.01082	0.01026	0.00498	0.00908

[dist]
# distance from previous block
# <min> <max>
0	1

[block]
