[name]
unknown

[dist]
# distance from previous block
# <min> <max>
0	5

[block]
# block no. 0 follows, 22 sequences, length 32
# corresponding to MSA columns:
# 5-36
name=unknown_A
#
# <colnr> <probs for GDERKNQSTAVLIFYWHMCP>
#	G	D	E	R	K	N	Q	S	T	A	V	L	I	F	Y	W	H	M	C	P
0	0.01416	0.01106	0.01347	0.01418	0.01687	0.01136	0.01184	0.02176	0.14993	0.02643	0.05036	0.07760	0.17128	0.02009	0.01049	0.00340	0.00669	0.35255	0.00783	0.00867
1	0.01638	0.00939	0.01147	0.01058	0.01300	0.00849	0.00762	0.01852	0.01891	0.15135	0.18491	0.10939	0.18363	0.19824	0.01808	0.00413	0.00577	0.01419	0.00785	0.00809
2	0.01012	0.00723	0.00964	0.01157	0.01205	0.00675	0.00771	0.01157	0.01591	0.02121	0.04579	0.70262	0.05495	0.02603	0.01060	0.00337	0.00482	0.02362	0.00771	0.00675
3	0.01569	0.01477	0.02492	0.68808	0.05722	0.01846	0.02307	0.02123	0.01661	0.02123	0.01477	0.02215	0.01107	0.00831	0.00831	0.00277	0.01107	0.00738	0.00369	0.00923
4	0.01569	0.01477	0.02492	0.68808	0.05722	0.01846	0.02307	0.02123	0.01661	0.02123	0.01477	0.02215	0.01107	0.00831	0.00831	0.00277	0.01107	0.00738	0.00369	0.00923
5	0.03158	0.02327	0.02493	0.01911	0.02576	0.02576	0.01579	0.62852	0.03906	0.05236	0.01995	0.01995	0.01413	0.00997	0.00831	0.00249	0.00914	0.00748	0.00831	0.01413
6	0.02873	0.02185	0.02333	0.01854	0.02468	0.02443	0.01510	0.47593	0.19629	0.04776	0.02357	0.02283	0.01706	0.01031	0.00835	0.00258	0.00847	0.00798	0.00835	0.01387
7	0.01569	0.01477	0.02492	0.68808	0.05722	0.01846	0.02307	0.02123	0.01661	0.02123	0.01477	0.02215	0.01107	0.00831	0.00831	0.00277	0.01107	0.00738	0.00369	0.00923
8	0.01004	0.00754	0.00932	0.01074	0.01183	0.00682	0.00735	0.01166	0.01670	0.02153	0.05581	0.54003	0.21107	0.02472	0.01040	0.00323	0.00466	0.02203	0.00771	0.00682
9	0.02711	0.02082	0.02158	0.01727	0.02284	0.04970	0.01397	0.47633	0.03401	0.04474	0.02971	0.08263	0.09661	0.01259	0.00865	0.00259	0.00843	0.00995	0.00802	0.01245
10	0.01935	0.02164	0.04476	0.03263	0.03951	0.02181	0.51609	0.02541	0.01836	0.02541	0.01574	0.02164	0.01230	0.00837	0.01296	0.00295	0.13681	0.00935	0.00410	0.01082
11	0.03006	0.03628	0.02383	0.02121	0.02538	0.55925	0.01620	0.09047	0.02420	0.02344	0.01338	0.01572	0.01105	0.00918	0.00915	0.00229	0.06854	0.00571	0.00462	0.01003
12	0.01541	0.01371	0.01248	0.01184	0.01337	0.11592	0.00807	0.01806	0.04550	0.02316	0.22611	0.04946	0.04238	0.34166	0.02470	0.00511	0.00777	0.01183	0.00639	0.00704
13	0.09349	0.28703	0.23170	0.01764	0.02548	0.07720	0.01878	0.02699	0.06704	0.02468	0.01504	0.01720	0.01214	0.01067	0.04057	0.00282	0.01071	0.00568	0.00419	0.01096
14	0.01634	0.07195	0.25274	0.02010	0.02799	0.01626	0.11960	0.02217	0.01745	0.02504	0.02116	0.15532	0.02016	0.01096	0.00821	0.00246	0.00955	0.00988	0.00477	0.16790
15	0.17780	0.03054	0.02549	0.02126	0.02660	0.37596	0.11286	0.08628	0.02247	0.02777	0.01389	0.01634	0.01099	0.00827	0.00747	0.00237	0.01255	0.00610	0.00482	0.01018
16	0.02334	0.02383	0.03115	0.04309	0.49114	0.14716	0.02301	0.06793	0.02118	0.02753	0.01538	0.01944	0.01275	0.00780	0.00809	0.00241	0.01081	0.00701	0.00443	0.01254
17	0.02499	0.02376	0.02648	0.20146	0.16658	0.16007	0.01979	0.21655	0.02566	0.03212	0.01618	0.01960	0.01240	0.00870	0.00812	0.00249	0.01104	0.00699	0.00536	0.01169
18	0.01736	0.01744	0.01445	0.01351	0.01656	0.18323	0.01034	0.05041	0.02267	0.02713	0.24443	0.05504	0.22192	0.01602	0.00924	0.00263	0.00743	0.05451	0.00731	0.00837
19	0.02715	0.02922	0.02423	0.19541	0.03396	0.34878	0.01783	0.17141	0.02541	0.02817	0.01503	0.01804	0.01161	0.00883	0.00790	0.00239	0.01257	0.00639	0.00508	0.01059
20	0.01402	0.12647	0.08320	0.01452	0.01799	0.01492	0.01303	0.01761	0.01434	0.02003	0.01978	0.02800	0.01811	0.04793	0.50001	0.01041	0.01909	0.00790	0.00421	0.00843
21	0.01913	0.01742	0.15180	0.01511	0.01985	0.01208	0.01401	0.04925	0.01874	0.17008	0.05653	0.20669	0.03060	0.08840	0.08712	0.00454	0.00934	0.01255	0.00687	0.00989
22	0.01190	0.00896	0.01084	0.01149	0.01315	0.00863	0.00821	0.06119	0.01834	0.02386	0.05186	0.43066	0.20546	0.02639	0.06419	0.00397	0.00642	0.01954	0.00750	0.00746
23	0.02223	0.02296	0.18743	0.01724	0.02405	0.01724	0.01686	0.15527	0.12436	0.12710	0.11318	0.03311	0.07919	0.01157	0.00856	0.00264	0.00812	0.00944	0.00743	0.01203
24	0.01885	0.17782	0.36900	0.02884	0.19528	0.02227	0.02587	0.02579	0.01776	0.02510	0.01439	0.01744	0.01124	0.00760	0.00744	0.00241	0.01093	0.00611	0.00368	0.01217
25	0.07231	0.02519	0.16260	0.09756	0.23673	0.07481	0.07067	0.02801	0.04174	0.08656	0.01725	0.02038	0.01300	0.00810	0.00804	0.00256	0.01064	0.00712	0.00477	0.01193
26	0.02000	0.06866	0.14491	0.01706	0.02278	0.01917	0.01570	0.15476	0.20567	0.03222	0.02691	0.12821	0.02398	0.06888	0.01118	0.00315	0.00823	0.01039	0.00674	0.01139
27	0.21960	0.18925	0.02685	0.07265	0.07504	0.02456	0.01499	0.22511	0.02367	0.03583	0.01493	0.01686	0.01161	0.00834	0.00674	0.00236	0.00858	0.00594	0.00561	0.01146
28	0.16515	0.28003	0.26900	0.01745	0.02609	0.02454	0.01948	0.06631	0.01810	0.02774	0.01338	0.01539	0.01052	0.00771	0.00646	0.00230	0.00970	0.00529	0.00417	0.01118
29	0.02443	0.24621	0.20390	0.01982	0.02714	0.30061	0.01947	0.02877	0.01988	0.02172	0.01301	0.01517	0.01064	0.00794	0.00694	0.00216	0.01238	0.00529	0.00385	0.01066
30	0.05818	0.43377	0.03219	0.01441	0.02006	0.02530	0.01351	0.07489	0.01924	0.02455	0.02282	0.03425	0.05152	0.01144	0.00710	0.00236	0.00828	0.13094	0.00512	0.01006
31	0.04133	0.13633	0.04094	0.01294	0.01671	0.01536	0.01078	0.10981	0.02161	0.02910	0.16672	0.21346	0.12066	0.01643	0.00877	0.00267	0.00624	0.01392	0.00714	0.00910

[dist]
# distance from previous block
# <min> <max>
0	3

[block]
# block no. 1 follows, 22 sequences, length 54
# corresponding to MSA columns:
# 40-93
name=unknown_B
#
# <colnr> <probs for GDERKNQSTAVLIFYWHMCP>
#	G	D	E	R	K	N	Q	S	T	A	V	L	I	F	Y	W	H	M	C	P
0	0.05298	0.21096	0.03041	0.02420	0.13779	0.28966	0.01699	0.09761	0.02240	0.02563	0.01377	0.01607	0.01147	0.00810	0.00706	0.00216	0.01148	0.00569	0.00455	0.01103
1	0.01952	0.02504	0.16054	0.04089	0.35138	0.02004	0.20758	0.02599	0.01886	0.02682	0.01584	0.02053	0.01248	0.00738	0.00864	0.00260	0.01158	0.00788	0.00402	0.01240
2	0.01620	0.01634	0.06487	0.06790	0.31183	0.01467	0.01854	0.02079	0.01961	0.02709	0.15085	0.04312	0.11849	0.01259	0.00902	0.00269	0.00795	0.06109	0.00583	0.01051
3	0.01841	0.01707	0.02678	0.27104	0.29620	0.01887	0.02155	0.02685	0.13042	0.02669	0.04941	0.02502	0.01777	0.00889	0.00837	0.00265	0.00942	0.00812	0.00499	0.01149
4	0.13592	0.23941	0.16077	0.04557	0.05604	0.06691	0.01831	0.02541	0.01678	0.04749	0.01333	0.01625	0.01091	0.00868	0.00942	0.00246	0.10592	0.00566	0.00412	0.01064
5	0.01758	0.02160	0.14332	0.34439	0.26400	0.01906	0.02530	0.02364	0.01759	0.02422	0.01509	0.02076	0.01171	0.00791	0.00820	0.00264	0.01087	0.00717	0.00381	0.01116
6	0.24232	0.01732	0.02495	0.20855	0.30545	0.01907	0.01992	0.02404	0.01687	0.02860	0.01418	0.01887	0.01136	0.00773	0.00732	0.00258	0.00916	0.00653	0.00431	0.01087
7	0.01920	0.01885	0.03337	0.20519	0.38267	0.01966	0.12079	0.02539	0.04439	0.02590	0.01636	0.02169	0.01306	0.00772	0.00851	0.00261	0.01070	0.00787	0.00420	0.01187
8	0.02146	0.02145	0.03284	0.04845	0.60201	0.07605	0.02468	0.02616	0.01931	0.02656	0.01539	0.02008	0.01295	0.00750	0.00816	0.00244	0.01031	0.00723	0.00413	0.01286
9	0.02244	0.02106	0.02945	0.17392	0.36506	0.07687	0.02244	0.13391	0.02247	0.02988	0.01599	0.02030	0.01269	0.00815	0.00819	0.00251	0.01043	0.00724	0.00480	0.01222
10	0.05647	0.14013	0.02347	0.01631	0.02131	0.20345	0.01328	0.18751	0.02478	0.02991	0.02789	0.02872	0.12782	0.01407	0.04696	0.00297	0.01049	0.00814	0.00591	0.01039
11	0.01743	0.01208	0.01475	0.01327	0.01652	0.01234	0.01060	0.14300	0.02377	0.07339	0.22011	0.05187	0.13089	0.02449	0.12944	0.00468	0.00895	0.07528	0.00783	0.00933
12	0.10523	0.02648	0.02729	0.03430	0.32673	0.24783	0.01980	0.06753	0.02133	0.02751	0.01450	0.01782	0.01192	0.00801	0.00764	0.00237	0.01123	0.00638	0.00456	0.01155
13	0.06865	0.21596	0.03019	0.12774	0.15709	0.06177	0.01792	0.02333	0.01657	0.02262	0.01379	0.01865	0.01204	0.01329	0.06724	0.00341	0.10916	0.00636	0.00393	0.01028
14	0.10077	0.01590	0.01862	0.02039	0.13276	0.04379	0.01330	0.06278	0.14438	0.09967	0.09203	0.09222	0.10331	0.01289	0.00847	0.00268	0.00703	0.01085	0.00724	0.01092
15	0.02837	0.25116	0.03043	0.01835	0.02430	0.25779	0.01538	0.22337	0.02642	0.03045	0.01473	0.01606	0.01180	0.00855	0.00706	0.00214	0.01113	0.00575	0.00535	0.01142
16	0.13646	0.10554	0.32009	0.01884	0.02775	0.05581	0.02089	0.06051	0.01947	0.13558	0.01720	0.01827	0.01220	0.00833	0.00727	0.00248	0.01012	0.00611	0.00520	0.01187
17	0.13765	0.02119	0.11046	0.01876	0.02371	0.02052	0.04844	0.13117	0.01976	0.03113	0.05198	0.02093	0.01568	0.01252	0.03797	0.00317	0.20776	0.00716	0.00519	0.07485
18	0.01542	0.01289	0.04352	0.01268	0.01597	0.01172	0.01024	0.14098	0.02424	0.03277	0.28068	0.16994	0.16131	0.01748	0.00955	0.00276	0.00560	0.01506	0.00820	0.00899
19	0.01911	0.01810	0.01576	0.01484	0.01833	0.14939	0.01116	0.02849	0.23313	0.05266	0.04314	0.15978	0.17116	0.01557	0.00895	0.00277	0.00747	0.01294	0.00737	0.00991
20	0.03158	0.02327	0.02493	0.01911	0.02576	0.02576	0.01579	0.62852	0.03906	0.05236	0.01995	0.01995	0.01413	0.00997	0.00831	0.00249	0.00914	0.00748	0.00831	0.01413
21	0.02434	0.01864	0.02009	0.01718	0.02243	0.02099	0.01361	0.16419	0.46411	0.09230	0.03087	0.02849	0.02263	0.01092	0.00842	0.00273	0.00715	0.00891	0.00858	0.01344
22	0.02221	0.71304	0.04353	0.01421	0.02132	0.03287	0.01421	0.02488	0.01688	0.01955	0.01155	0.01333	0.01066	0.00711	0.00533	0.00178	0.00888	0.00444	0.00355	0.01066
23	0.16566	0.09896	0.34021	0.02114	0.08740	0.01922	0.02155	0.02413	0.01708	0.02746	0.02159	0.02346	0.08109	0.00918	0.00733	0.00254	0.00966	0.00702	0.00436	0.01097
24	0.02700	0.20632	0.06071	0.02290	0.09294	0.41169	0.01732	0.02994	0.02108	0.02116	0.01292	0.01529	0.01095	0.00804	0.00705	0.00211	0.01277	0.00538	0.00404	0.01040
25	0.02519	0.18378	0.02634	0.01758	0.02247	0.24392	0.01440	0.16235	0.02343	0.02719	0.01609	0.01936	0.01354	0.01962	0.14469	0.00445	0.01376	0.00636	0.00506	0.01043
26	0.02647	0.02027	0.02178	0.01781	0.02334	0.02260	0.01431	0.40079	0.21707	0.04442	0.02631	0.08194	0.02099	0.01174	0.00855	0.00267	0.00800	0.00944	0.00830	0.01320
27	0.02421	0.01684	0.01878	0.01631	0.02126	0.01848	0.01282	0.07983	0.43967	0.16433	0.03336	0.06725	0.02529	0.01181	0.00854	0.00278	0.00675	0.00985	0.00878	0.01306
28	0.02193	0.35331	0.22424	0.01844	0.02633	0.15564	0.01937	0.02659	0.01827	0.02171	0.01320	0.01561	0.01099	0.00963	0.03077	0.00252	0.01160	0.00529	0.00372	0.01082
29	0.02107	0.57503	0.17153	0.01616	0.02434	0.03007	0.01761	0.02517	0.01702	0.02094	0.01224	0.01419	0.01063	0.00727	0.00586	0.00195	0.00958	0.00479	0.00354	0.01099
30	0.03155	0.02413	0.02486	0.01924	0.02576	0.06011	0.01580	0.59701	0.03824	0.05066	0.01957	0.01968	0.01395	0.00990	0.00827	0.00247	0.00945	0.00737	0.00810	0.01389
31	0.02388	0.53991	0.06851	0.01566	0.02291	0.03078	0.01530	0.14927	0.02148	0.02662	0.01343	0.01488	0.01137	0.00773	0.00606	0.00196	0.00909	0.00515	0.00453	0.01145
32	0.01187	0.00890	0.01335	0.01335	0.01483	0.01038	0.01038	0.01483	0.01335	0.01928	0.02225	0.03264	0.02077	0.06231	0.67512	0.01335	0.02225	0.00890	0.00445	0.00742
33	0.02406	0.06213	0.02361	0.04847	0.07684	0.08521	0.01553	0.17462	0.32845	0.03535	0.02498	0.02463	0.01889	0.01002	0.00812	0.00259	0.00857	0.00802	0.00717	0.01273
34	0.09506	0.01224	0.04935	0.01395	0.05663	0.01053	0.01046	0.01870	0.02103	0.06815	0.37651	0.07706	0.12819	0.01530	0.00904	0.00265	0.00530	0.01315	0.00791	0.00879
35	0.02944	0.08651	0.02711	0.02273	0.09321	0.19758	0.01677	0.35407	0.03088	0.03834	0.01688	0.01813	0.01282	0.00908	0.00783	0.00234	0.01074	0.00665	0.00638	0.01253
36	0.01628	0.13458	0.32991	0.07662	0.03025	0.01863	0.05083	0.02289	0.01854	0.02572	0.12393	0.02932	0.06808	0.01020	0.00808	0.00253	0.00978	0.00844	0.00479	0.01061
37	0.02769	0.09461	0.02455	0.01978	0.04658	0.34242	0.01510	0.19143	0.02646	0.02942	0.02242	0.02337	0.08082	0.01011	0.00779	0.00229	0.01148	0.00723	0.00567	0.01079
38	0.02074	0.27092	0.24381	0.01885	0.02715	0.02309	0.05911	0.02837	0.08543	0.07989	0.05302	0.02123	0.01696	0.00863	0.00732	0.00235	0.00966	0.00682	0.00500	0.01164
39	0.02169	0.22974	0.03447	0.03449	0.35938	0.06235	0.02021	0.02777	0.08554	0.02527	0.01619	0.01917	0.01357	0.00780	0.00733	0.00228	0.00952	0.00660	0.00442	0.01220
40	0.21820	0.27872	0.11174	0.02191	0.11896	0.02437	0.07171	0.02518	0.01679	0.02686	0.01306	0.01580	0.01075	0.00740	0.00644	0.00229	0.00927	0.00560	0.00411	0.01085
41	0.28302	0.27039	0.06109	0.01474	0.02133	0.02550	0.01365	0.16907	0.02126	0.03391	0.01374	0.01519	0.01090	0.00804	0.00611	0.00227	0.00827	0.00528	0.00524	0.01100
42	0.02541	0.33164	0.03314	0.01719	0.02295	0.02838	0.01533	0.23571	0.02422	0.05596	0.01520	0.01701	0.01230	0.00944	0.01006	0.00236	0.12034	0.00612	0.00549	0.01175
43	0.02358	0.16409	0.02460	0.01629	0.02110	0.14776	0.01343	0.20406	0.02557	0.03195	0.13095	0.02675	0.02513	0.01672	0.08873	0.00362	0.01087	0.00797	0.00623	0.01060
44	0.18926	0.17575	0.38693	0.01880	0.02838	0.02196	0.02232	0.02558	0.01663	0.02741	0.01345	0.01574	0.01020	0.00769	0.00673	0.00244	0.01024	0.00541	0.00389	0.01119
45	0.02101	0.23698	0.33818	0.02105	0.03019	0.14141	0.05208	0.02714	0.01853	0.02327	0.01365	0.01608	0.01070	0.00774	0.00716	0.00230	0.01186	0.00568	0.00369	0.01128
46	0.02124	0.21633	0.24895	0.05103	0.11878	0.05212	0.05036	0.09900	0.02048	0.02731	0.01471	0.01741	0.01149	0.00787	0.00738	0.00235	0.01079	0.00621	0.00426	0.01190
47	0.04152	0.04138	0.16680	0.17148	0.02899	0.01490	0.01688	0.05245	0.01875	0.02563	0.08660	0.08206	0.15294	0.05188	0.01049	0.00301	0.00840	0.01098	0.00559	0.00927
48	0.01910	0.20649	0.21935	0.03016	0.25385	0.02223	0.02278	0.02466	0.01750	0.02424	0.01492	0.01883	0.01239	0.01219	0.06471	0.00327	0.01138	0.00639	0.00382	0.01176
49	0.06410	0.24858	0.10750	0.02336	0.15286	0.09270	0.01774	0.02423	0.01730	0.02301	0.01486	0.01899	0.01289	0.01740	0.12712	0.00419	0.01242	0.00616	0.00400	0.01058
50	0.10312	0.08041	0.02197	0.05602	0.06429	0.13749	0.01419	0.16947	0.05977	0.03130	0.02261	0.15921	0.02149	0.01235	0.00804	0.00259	0.00899	0.00994	0.00619	0.01055
51	0.02076	0.14000	0.18266	0.02818	0.21605	0.02149	0.02114	0.13382	0.02158	0.02961	0.01888	0.09349	0.01688	0.00999	0.00794	0.00250	0.00960	0.00840	0.00503	0.01200
52	0.02130	0.23808	0.27797	0.06524	0.06566	0.09441	0.02212	0.07801	0.01985	0.02560	0.01415	0.01668	0.01108	0.00791	0.00716	0.00231	0.01107	0.00581	0.00406	0.01152
53	0.07750	0.11769	0.06790	0.02322	0.06841	0.17611	0.13430	0.09121	0.02172	0.02802	0.06926	0.02134	0.01729	0.00904	0.00875	0.00245	0.04271	0.00736	0.00500	0.01072

[dist]
# distance from previous block
# <min> <max>
2	73

[block]
# block no. 2 follows, 22 sequences, length 22
# corresponding to MSA columns:
# 168-189
name=unknown_C
#
# <colnr> <probs for GDERKNQSTAVLIFYWHMCP>
#	G	D	E	R	K	N	Q	S	T	A	V	L	I	F	Y	W	H	M	C	P
0	0.02668	0.03258	0.03016	0.06602	0.08765	0.43357	0.15203	0.03034	0.02186	0.02238	0.01408	0.01754	0.01136	0.00810	0.00811	0.00235	0.01408	0.00664	0.00421	0.01027
1	0.02808	0.11780	0.11292	0.02075	0.02657	0.47751	0.01781	0.06193	0.02275	0.02270	0.01334	0.01539	0.01085	0.00837	0.00734	0.00218	0.01360	0.00546	0.00430	0.01034
2	0.02346	0.02488	0.10365	0.03495	0.32068	0.07821	0.02229	0.17129	0.02346	0.03190	0.01592	0.01937	0.01267	0.00882	0.00984	0.00257	0.07129	0.00708	0.00503	0.01262
3	0.02015	0.01850	0.06855	0.26381	0.03498	0.04870	0.01746	0.14361	0.02204	0.06689	0.02411	0.10348	0.05147	0.01132	0.00842	0.00261	0.00924	0.00951	0.00581	0.06934
4	0.30721	0.01942	0.02234	0.02641	0.22466	0.07769	0.01631	0.02648	0.01722	0.08680	0.01483	0.01779	0.01176	0.00872	0.00922	0.00262	0.08846	0.00618	0.00502	0.01087
5	0.07067	0.16909	0.02753	0.02062	0.07032	0.28161	0.01563	0.16101	0.02423	0.02869	0.01473	0.01692	0.01202	0.01103	0.03934	0.00273	0.01192	0.00591	0.00507	0.01095
6	0.06880	0.02382	0.02484	0.03013	0.26249	0.20287	0.01796	0.03077	0.12258	0.06394	0.02246	0.02408	0.05072	0.00932	0.00797	0.00246	0.01007	0.00760	0.00550	0.01163
7	0.02220	0.17588	0.26451	0.09810	0.03225	0.09751	0.02183	0.14188	0.02211	0.02863	0.01492	0.01737	0.01133	0.00825	0.00744	0.00239	0.01113	0.00610	0.00455	0.01164
8	0.02135	0.02309	0.03338	0.11422	0.29272	0.14517	0.16557	0.02616	0.01958	0.02477	0.01652	0.04833	0.01404	0.00841	0.00857	0.00256	0.01177	0.00825	0.00427	0.01129
9	0.02914	0.01998	0.02355	0.02143	0.09541	0.02141	0.01565	0.32485	0.15998	0.16292	0.02483	0.02393	0.01761	0.01001	0.00834	0.00257	0.00829	0.00804	0.00824	0.01382
10	0.01031	0.00849	0.00910	0.00911	0.01174	0.00728	0.00694	0.01279	0.01964	0.02422	0.16780	0.07802	0.53181	0.02053	0.00991	0.00283	0.00436	0.05001	0.00793	0.00717
11	0.01228	0.00921	0.01146	0.01077	0.01302	0.00876	0.00811	0.01755	0.07100	0.03246	0.55331	0.06124	0.12548	0.01690	0.00970	0.00265	0.00415	0.01481	0.00896	0.00818
12	0.01791	0.01335	0.01768	0.01418	0.01928	0.01148	0.04277	0.02103	0.01750	0.09920	0.02477	0.19617	0.02423	0.01233	0.00903	0.00217	0.04766	0.01056	0.00615	0.39255
13	0.01366	0.01087	0.01584	0.01437	0.01592	0.01233	0.05377	0.01617	0.01430	0.02089	0.02538	0.06161	0.05240	0.16754	0.27192	0.00789	0.11529	0.01018	0.09220	0.00747
14	0.01926	0.02779	0.27984	0.07499	0.11722	0.01926	0.07696	0.10974	0.02053	0.02964	0.01706	0.02083	0.01296	0.01059	0.03464	0.00301	0.03762	0.00721	0.06921	0.01163
15	0.06212	0.13659	0.28737	0.06004	0.03060	0.02341	0.02168	0.22211	0.02422	0.03404	0.01585	0.01774	0.01167	0.00847	0.00751	0.00246	0.01035	0.00630	0.00518	0.01227
16	0.16894	0.02905	0.09556	0.01844	0.02414	0.26398	0.01582	0.14278	0.06903	0.03133	0.01626	0.01811	0.01265	0.01182	0.04495	0.00303	0.01171	0.00618	0.00543	0.01080
17	0.07012	0.27398	0.02904	0.01629	0.02233	0.12360	0.01398	0.11603	0.11875	0.11164	0.01916	0.01922	0.01464	0.00883	0.00695	0.00224	0.00910	0.00629	0.00607	0.01174
18	0.02255	0.09318	0.19062	0.03079	0.19764	0.20389	0.09323	0.02792	0.01976	0.02429	0.01444	0.01782	0.01153	0.00777	0.00786	0.00239	0.01229	0.00653	0.00397	0.01150
19	0.02486	0.09554	0.18430	0.02341	0.03087	0.27011	0.12568	0.09911	0.02263	0.02653	0.01474	0.01732	0.01139	0.00816	0.00789	0.00238	0.01294	0.00648	0.00449	0.01116
20	0.10886	0.04753	0.10521	0.03226	0.30028	0.16139	0.02029	0.02613	0.01862	0.02569	0.01511	0.02042	0.01300	0.05951	0.01009	0.00282	0.01071	0.00671	0.00424	0.01112
21	0.20051	0.23624	0.18322	0.01646	0.02400	0.02394	0.01696	0.07233	0.10267	0.02995	0.01601	0.01728	0.01248	0.00822	0.00655	0.00237	0.00883	0.00577	0.00494	0.01125

[dist]
# distance from previous block
# <min> <max>
0	34

[block]
# block no. 3 follows, 22 sequences, length 6
# corresponding to MSA columns:
# 224-229
name=unknown_D
#
# <colnr> <probs for GDERKNQSTAVLIFYWHMCP>
#	G	D	E	R	K	N	Q	S	T	A	V	L	I	F	Y	W	H	M	C	P
0	0.07587	0.01842	0.01454	0.01385	0.01691	0.20730	0.01038	0.02108	0.01958	0.05491	0.08614	0.15035	0.18916	0.01957	0.06180	0.00350	0.00924	0.01258	0.00647	0.00835
1	0.02345	0.02391	0.13298	0.02220	0.05758	0.02094	0.09354	0.29616	0.02758	0.03802	0.05218	0.05752	0.01853	0.01030	0.00930	0.00258	0.03894	0.00861	0.00640	0.05929
2	0.02958	0.15045	0.02683	0.02022	0.02496	0.56904	0.01575	0.03181	0.02245	0.02020	0.01263	0.01471	0.01069	0.00832	0.00714	0.00208	0.01398	0.00520	0.00416	0.00980
3	0.08632	0.02731	0.17903	0.13430	0.09671	0.16738	0.02022	0.02518	0.01914	0.02577	0.09369	0.02328	0.01930	0.00946	0.00871	0.00256	0.03943	0.00731	0.00463	0.01028
4	0.06297	0.01611	0.01471	0.10752	0.02131	0.14922	0.01132	0.01889	0.01932	0.02396	0.12201	0.16455	0.20458	0.01618	0.00896	0.00272	0.00764	0.01351	0.00646	0.00806
5	0.02622	0.07912	0.02253	0.01769	0.02217	0.26487	0.01370	0.19291	0.09492	0.02995	0.01924	0.02450	0.01649	0.12429	0.01338	0.00326	0.01083	0.00743	0.00592	0.01058

[dist]
# distance from previous block
# <min> <max>
0	4

[block]
# block no. 4 follows, 22 sequences, length 30
# corresponding to MSA columns:
# 234-263
name=unknown_E
#
# <colnr> <probs for GDERKNQSTAVLIFYWHMCP>
#	G	D	E	R	K	N	Q	S	T	A	V	L	I	F	Y	W	H	M	C	P
0	0.02339	0.02529	0.02397	0.02196	0.06714	0.24954	0.08411	0.05746	0.21502	0.02755	0.02847	0.02883	0.08937	0.01064	0.00840	0.00254	0.01044	0.00874	0.00612	0.01103
1	0.02189	0.05471	0.02219	0.02103	0.10462	0.21304	0.01459	0.07382	0.02016	0.02486	0.01643	0.02085	0.01411	0.02131	0.17266	0.00480	0.01365	0.00655	0.00472	0.15402
2	0.01915	0.02058	0.09786	0.20105	0.30517	0.01902	0.07410	0.06247	0.01901	0.02630	0.01563	0.02107	0.01246	0.00925	0.00998	0.05337	0.01055	0.00746	0.00419	0.01134
3	0.01979	0.02062	0.03262	0.03519	0.28317	0.09287	0.19448	0.02481	0.02053	0.02739	0.13798	0.02843	0.02526	0.00926	0.00890	0.00255	0.01051	0.00933	0.00513	0.01117
4	0.02220	0.02473	0.02394	0.11348	0.15235	0.27747	0.01793	0.02547	0.01886	0.02157	0.01530	0.02069	0.01319	0.01912	0.13774	0.00457	0.07058	0.00686	0.00415	0.00981
5	0.02435	0.02654	0.02420	0.02765	0.20526	0.30395	0.01718	0.07653	0.02348	0.02743	0.13710	0.02605	0.02471	0.00996	0.00821	0.00235	0.01090	0.00798	0.00550	0.01067
6	0.01914	0.01682	0.01693	0.04773	0.02030	0.10003	0.01141	0.13580	0.02140	0.02807	0.02591	0.22985	0.02686	0.07107	0.01118	0.00288	0.00788	0.01188	0.00629	0.18857
7	0.01875	0.01784	0.02967	0.09776	0.52210	0.01796	0.02277	0.02336	0.01873	0.02604	0.02457	0.02851	0.09717	0.00927	0.00844	0.00254	0.00922	0.00873	0.00455	0.01203
8	0.20487	0.02989	0.02169	0.02241	0.10584	0.39994	0.01534	0.02920	0.02020	0.02523	0.01335	0.01620	0.01109	0.01075	0.03869	0.00282	0.01261	0.00558	0.00447	0.00984
9	0.02221	0.02467	0.02330	0.06536	0.20623	0.28144	0.01705	0.02569	0.02154	0.02497	0.14071	0.02977	0.06118	0.01054	0.00833	0.00240	0.01054	0.00862	0.00533	0.01013
10	0.03158	0.02327	0.02493	0.01911	0.02576	0.02576	0.01579	0.62852	0.03906	0.05236	0.01995	0.01995	0.01413	0.00997	0.00831	0.00249	0.00914	0.00748	0.00831	0.01413
11	0.01187	0.00890	0.01335	0.01335	0.01483	0.01038	0.01038	0.01483	0.01335	0.01928	0.02225	0.03264	0.02077	0.06231	0.67512	0.01335	0.02225	0.00890	0.00445	0.00742
12	0.01031	0.00847	0.00917	0.00958	0.01208	0.00733	0.00736	0.01259	0.01871	0.02266	0.07572	0.13295	0.52408	0.02170	0.01010	0.00299	0.00471	0.09473	0.00771	0.00708
13	0.02043	0.49755	0.24340	0.01726	0.02603	0.02850	0.01951	0.02534	0.01709	0.02172	0.01263	0.01468	0.01062	0.00736	0.00615	0.00205	0.00998	0.00499	0.00354	0.01118
14	0.01627	0.01529	0.02484	0.33697	0.25685	0.01672	0.02072	0.02094	0.01786	0.02352	0.02828	0.03261	0.13405	0.01042	0.00857	0.00267	0.00935	0.00932	0.00460	0.01017
15	0.01012	0.00723	0.00964	0.01157	0.01205	0.00675	0.00771	0.01157	0.01591	0.02121	0.04579	0.70262	0.05495	0.02603	0.01060	0.00337	0.00482	0.02362	0.00771	0.00675
16	0.02766	0.03442	0.02974	0.02468	0.02974	0.48611	0.16219	0.03095	0.02207	0.02182	0.01369	0.01692	0.01117	0.00848	0.00902	0.00237	0.04826	0.00651	0.00423	0.00998
17	0.01647	0.03137	0.40418	0.02689	0.16399	0.01715	0.02512	0.02393	0.01878	0.02736	0.11286	0.02752	0.04910	0.00971	0.00833	0.00260	0.01017	0.00823	0.00466	0.01158
18	0.15028	0.51693	0.03590	0.01448	0.02092	0.10399	0.01353	0.02575	0.01718	0.02266	0.01170	0.01354	0.01038	0.00738	0.00555	0.00195	0.00916	0.00456	0.00391	0.01026
19	0.01226	0.00880	0.01064	0.01102	0.01335	0.00793	0.00863	0.01501	0.01952	0.05439	0.15616	0.15983	0.31649	0.02100	0.01023	0.00307	0.00516	0.15087	0.00804	0.00759
20	0.02221	0.71304	0.04353	0.01421	0.02132	0.03287	0.01421	0.02488	0.01688	0.01955	0.01155	0.01333	0.01066	0.00711	0.00533	0.00178	0.00888	0.00444	0.00355	0.01066
21	0.02221	0.71304	0.04353	0.01421	0.02132	0.03287	0.01421	0.02488	0.01688	0.01955	0.01155	0.01333	0.01066	0.00711	0.00533	0.00178	0.00888	0.00444	0.00355	0.01066
22	0.02029	0.48113	0.25862	0.01749	0.02639	0.02817	0.01992	0.02537	0.01711	0.02189	0.01271	0.01478	0.01061	0.00738	0.00622	0.00207	0.01006	0.00503	0.00354	0.01122
23	0.02221	0.71304	0.04353	0.01421	0.02132	0.03287	0.01421	0.02488	0.01688	0.01955	0.01155	0.01333	0.01066	0.00711	0.00533	0.00178	0.00888	0.00444	0.00355	0.01066
24	0.01208	0.00805	0.00906	0.00906	0.00906	0.00805	0.00503	0.01208	0.01208	0.01611	0.02618	0.05436	0.03020	0.70804	0.04228	0.00805	0.00805	0.01208	0.00503	0.00503
25	0.02157	0.63626	0.11475	0.01530	0.02300	0.03132	0.01610	0.02504	0.01696	0.02032	0.01193	0.01381	0.01065	0.00720	0.00562	0.00187	0.00927	0.00464	0.00355	0.01085
26	0.00982	0.00842	0.00842	0.00842	0.01122	0.00701	0.00631	0.01192	0.01894	0.02244	0.08416	0.07995	0.65285	0.02104	0.00982	0.00281	0.00421	0.01753	0.00771	0.00701
27	0.01208	0.00805	0.00906	0.00906	0.00906	0.00805	0.00503	0.01208	0.01208	0.01611	0.02618	0.05436	0.03020	0.70804	0.04228	0.00805	0.00805	0.01208	0.00503	0.00503
28	0.02056	0.01974	0.03372	0.05099	0.65622	0.01974	0.02550	0.02550	0.01892	0.02714	0.01563	0.02056	0.01316	0.00740	0.00822	0.00247	0.00987	0.00740	0.00411	0.01316
29	0.01860	0.01774	0.03018	0.30698	0.41553	0.01922	0.02452	0.02378	0.01799	0.02476	0.01528	0.02120	0.01232	0.00777	0.00826	0.00259	0.01035	0.00739	0.00394	0.01158

[dist]
# distance from previous block
# <min> <max>
0	1

[block]
# block no. 5 follows, 22 sequences, length 14
# corresponding to MSA columns:
# 265-278
name=unknown_F
#
# <colnr> <probs for GDERKNQSTAVLIFYWHMCP>
#	G	D	E	R	K	N	Q	S	T	A	V	L	I	F	Y	W	H	M	C	P
0	0.03158	0.02327	0.02493	0.01911	0.02576	0.02576	0.01579	0.62852	0.03906	0.05236	0.01995	0.01995	0.01413	0.00997	0.00831	0.00249	0.00914	0.00748	0.00831	0.01413
1	0.02002	0.01919	0.03275	0.12128	0.59013	0.01960	0.02523	0.02502	0.01866	0.02649	0.01553	0.02074	0.01293	0.00750	0.00823	0.00250	0.01000	0.00740	0.00407	0.01273
2	0.01202	0.00824	0.01014	0.01092	0.01144	0.00816	0.00740	0.01314	0.01436	0.01900	0.03373	0.18036	0.03864	0.43042	0.02962	0.00626	0.00738	0.14672	0.00611	0.00593
3	0.02221	0.71304	0.04353	0.01421	0.02132	0.03287	0.01421	0.02488	0.01688	0.01955	0.01155	0.01333	0.01066	0.00711	0.00533	0.00178	0.00888	0.00444	0.00355	0.01066
4	0.01796	0.01709	0.02902	0.39078	0.33674	0.01905	0.02420	0.02322	0.01769	0.02399	0.01517	0.02141	0.01205	0.00788	0.00827	0.00263	0.01051	0.00739	0.00389	0.01106
5	0.03116	0.03591	0.02386	0.02089	0.02570	0.52846	0.01599	0.16733	0.02704	0.02755	0.01444	0.01610	0.01147	0.00888	0.00768	0.00222	0.01367	0.00583	0.00519	0.01064
6	0.02056	0.01974	0.03372	0.05099	0.65622	0.01974	0.02550	0.02550	0.01892	0.02714	0.01563	0.02056	0.01316	0.00740	0.00822	0.00247	0.00987	0.00740	0.00411	0.01316
7	0.01569	0.01477	0.02492	0.68808	0.05722	0.01846	0.02307	0.02123	0.01661	0.02123	0.01477	0.02215	0.01107	0.00831	0.00831	0.00277	0.01107	0.00738	0.00369	0.00923
8	0.00982	0.00842	0.00842	0.00842	0.01122	0.00701	0.00631	0.01192	0.01894	0.02244	0.08416	0.07995	0.65285	0.02104	0.00982	0.00281	0.00421	0.01753	0.00771	0.00701
9	0.03061	0.02279	0.02439	0.01892	0.02539	0.02531	0.01556	0.57687	0.09229	0.05080	0.02117	0.02092	0.01512	0.01009	0.00832	0.00252	0.00891	0.00765	0.00832	0.01404
10	0.02066	0.01785	0.01878	0.01691	0.02160	0.02066	0.01315	0.04414	0.64121	0.03475	0.03381	0.03099	0.02536	0.01127	0.00845	0.00282	0.00657	0.00939	0.00845	0.01315
11	0.12555	0.01821	0.01812	0.01507	0.02018	0.05152	0.01210	0.24695	0.11194	0.08703	0.06138	0.03416	0.13865	0.01219	0.00821	0.00260	0.00739	0.00953	0.00777	0.01145
12	0.02145	0.05365	0.01879	0.01682	0.04691	0.22184	0.01247	0.05074	0.02037	0.07901	0.03378	0.03571	0.16423	0.02368	0.15853	0.00487	0.01262	0.00941	0.00579	0.00932
13	0.12006	0.01488	0.02180	0.25343	0.21154	0.01617	0.01789	0.02071	0.01747	0.02543	0.03079	0.03401	0.16142	0.01094	0.00820	0.00266	0.00848	0.00936	0.00495	0.00980

[dist]
# distance from previous block
# <min> <max>
0	2

[block]
# block no. 6 follows, 22 sequences, length 28
# corresponding to MSA columns:
# 281-308
name=unknown_G
#
# <colnr> <probs for GDERKNQSTAVLIFYWHMCP>
#	G	D	E	R	K	N	Q	S	T	A	V	L	I	F	Y	W	H	M	C	P
0	0.09113	0.02293	0.02080	0.07860	0.02441	0.23106	0.01495	0.02702	0.04453	0.08214	0.10205	0.02447	0.02132	0.01123	0.01228	0.00271	0.16549	0.00764	0.00553	0.00972
1	0.02529	0.02401	0.02408	0.17338	0.07029	0.17469	0.01764	0.21420	0.13259	0.03323	0.01923	0.02122	0.01450	0.00933	0.00814	0.00253	0.01055	0.00728	0.00609	0.01173
2	0.02557	0.02542	0.03007	0.14347	0.06641	0.18280	0.14534	0.21817	0.02618	0.03230	0.01641	0.01966	0.01238	0.00858	0.00842	0.00252	0.01198	0.00742	0.00543	0.01149
3	0.02201	0.05182	0.01986	0.01596	0.01990	0.05244	0.06637	0.02504	0.01885	0.22458	0.03019	0.18312	0.02769	0.02470	0.14844	0.00501	0.01096	0.03591	0.00709	0.01006
4	0.02327	0.01819	0.01699	0.01567	0.01934	0.15119	0.01182	0.03068	0.17312	0.17012	0.03299	0.24010	0.03059	0.01516	0.00891	0.00280	0.00789	0.01282	0.00776	0.01061
5	0.01981	0.42280	0.31272	0.01831	0.02766	0.02699	0.02135	0.02550	0.01717	0.02247	0.01300	0.01515	0.01060	0.00745	0.00644	0.00215	0.01035	0.00518	0.00353	0.01136
6	0.01096	0.00865	0.00992	0.01057	0.01283	0.00777	0.00831	0.01339	0.01843	0.02270	0.06739	0.12005	0.41286	0.05948	0.01211	0.00341	0.00542	0.18113	0.00755	0.00707
7	0.02437	0.02648	0.02665	0.03255	0.28417	0.25645	0.01928	0.03251	0.16215	0.02641	0.01876	0.02092	0.01505	0.00870	0.00801	0.00243	0.01097	0.00711	0.00516	0.01188
8	0.01859	0.01379	0.01594	0.01436	0.01779	0.01404	0.01084	0.23425	0.02437	0.03302	0.03321	0.38449	0.03575	0.01815	0.00931	0.00283	0.00651	0.01583	0.00763	0.08932
9	0.01967	0.01902	0.03301	0.15964	0.52101	0.01959	0.05670	0.02482	0.01856	0.02610	0.01554	0.02093	0.01277	0.00754	0.00832	0.00254	0.01029	0.00753	0.00404	0.01238
10	0.02056	0.01974	0.03372	0.05099	0.65622	0.01974	0.02550	0.02550	0.01892	0.02714	0.01563	0.02056	0.01316	0.00740	0.00822	0.00247	0.00987	0.00740	0.00411	0.01316
11	0.01569	0.01477	0.02492	0.68808	0.05722	0.01846	0.02307	0.02123	0.01661	0.02123	0.01477	0.02215	0.01107	0.00831	0.00831	0.00277	0.01107	0.00738	0.00369	0.00923
12	0.02056	0.01974	0.03372	0.05099	0.65622	0.01974	0.02550	0.02550	0.01892	0.02714	0.01563	0.02056	0.01316	0.00740	0.00822	0.00247	0.00987	0.00740	0.00411	0.01316
13	0.03158	0.02327	0.02493	0.01911	0.02576	0.02576	0.01579	0.62852	0.03906	0.05236	0.01995	0.01995	0.01413	0.00997	0.00831	0.00249	0.00914	0.00748	0.00831	0.01413
14	0.01121	0.00847	0.01035	0.00988	0.01208	0.00761	0.00741	0.01462	0.02222	0.03025	0.49168	0.06710	0.24046	0.01813	0.00980	0.00267	0.00400	0.01573	0.00874	0.00761
15	0.01187	0.00890	0.01335	0.01335	0.01483	0.01038	0.01038	0.01483	0.01335	0.01928	0.02225	0.03264	0.02077	0.06231	0.67512	0.01335	0.02225	0.00890	0.00445	0.00742
16	0.01132	0.00847	0.01049	0.00999	0.01214	0.00765	0.00749	0.01482	0.02247	0.03084	0.52270	0.06613	0.20907	0.01791	0.00980	0.00266	0.00398	0.01559	0.00882	0.00765
17	0.01666	0.04297	0.66500	0.02368	0.03596	0.01929	0.03069	0.02631	0.01754	0.02631	0.01491	0.01754	0.01052	0.00789	0.00789	0.00263	0.01228	0.00614	0.00351	0.01228
18	0.03158	0.02327	0.02493	0.01911	0.02576	0.02576	0.01579	0.62852	0.03906	0.05236	0.01995	0.01995	0.01413	0.00997	0.00831	0.00249	0.00914	0.00748	0.00831	0.01413
19	0.03158	0.02327	0.02493	0.01911	0.02576	0.02576	0.01579	0.62852	0.03906	0.05236	0.01995	0.01995	0.01413	0.00997	0.00831	0.00249	0.00914	0.00748	0.00831	0.01413
20	0.02959	0.14976	0.02681	0.02023	0.02497	0.56970	0.01575	0.03182	0.02245	0.02020	0.01263	0.01471	0.01069	0.00832	0.00714	0.00208	0.01398	0.00520	0.00416	0.00980
21	0.07046	0.02262	0.02395	0.01857	0.02504	0.02513	0.01530	0.56791	0.06680	0.05070	0.02017	0.02013	0.01440	0.00991	0.00815	0.00251	0.00887	0.00741	0.00815	0.01381
22	0.01856	0.27258	0.45205	0.02044	0.03094	0.02395	0.02505	0.02582	0.01731	0.02399	0.01376	0.01610	0.01057	0.00762	0.00701	0.00234	0.01111	0.00556	0.00352	0.01172
23	0.02114	0.41452	0.09670	0.02768	0.24021	0.02714	0.01958	0.02522	0.01764	0.02276	0.01325	0.01619	0.01150	0.00728	0.00656	0.00209	0.00953	0.00561	0.00374	0.01166
24	0.03158	0.02327	0.02493	0.01911	0.02576	0.02576	0.01579	0.62852	0.03906	0.05236	0.01995	0.01995	0.01413	0.00997	0.00831	0.00249	0.00914	0.00748	0.00831	0.01413
25	0.03092	0.02642	0.02434	0.01948	0.02554	0.16131	0.01571	0.47498	0.06565	0.04478	0.01915	0.01945	0.01397	0.00974	0.00815	0.00244	0.01024	0.00713	0.00747	0.01314
26	0.08567	0.03566	0.47355	0.02823	0.16395	0.01933	0.02763	0.02597	0.01752	0.02748	0.01475	0.01780	0.01094	0.00777	0.00771	0.00259	0.01124	0.00625	0.00378	0.01216
27	0.02819	0.02775	0.17054	0.02015	0.02808	0.02429	0.01918	0.49153	0.03416	0.04643	0.01880	0.01940	0.01331	0.00950	0.00822	0.00252	0.00985	0.00717	0.00722	0.01371

[dist]
# distance from previous block
# <min> <max>
0	3

[block]
# block no. 7 follows, 22 sequences, length 20
# corresponding to MSA columns:
# 312-331
name=unknown_H
#
# <colnr> <probs for GDERKNQSTAVLIFYWHMCP>
#	G	D	E	R	K	N	Q	S	T	A	V	L	I	F	Y	W	H	M	C	P
0	0.02221	0.71304	0.04353	0.01421	0.02132	0.03287	0.01421	0.02488	0.01688	0.01955	0.01155	0.01333	0.01066	0.00711	0.00533	0.00178	0.00888	0.00444	0.00355	0.01066
1	0.01770	0.33233	0.19160	0.01635	0.02307	0.02269	0.01723	0.02222	0.01599	0.02118	0.01561	0.02019	0.01366	0.02387	0.20697	0.00547	0.01375	0.00621	0.00381	0.01010
2	0.01666	0.04297	0.66500	0.02368	0.03596	0.01929	0.03069	0.02631	0.01754	0.02631	0.01491	0.01754	0.01052	0.00789	0.00789	0.00263	0.01228	0.00614	0.00351	0.01228
3	0.01187	0.00890	0.01335	0.01335	0.01483	0.01038	0.01038	0.01483	0.01335	0.01928	0.02225	0.03264	0.02077	0.06231	0.67512	0.01335	0.02225	0.00890	0.00445	0.00742
4	0.01890	0.01526	0.01616	0.01447	0.01881	0.01662	0.01128	0.06899	0.39733	0.06040	0.04757	0.04444	0.20672	0.01399	0.00884	0.00278	0.00606	0.01160	0.00831	0.01147
5	0.02921	0.03278	0.02215	0.01989	0.02443	0.47778	0.01511	0.03618	0.16113	0.07318	0.01905	0.01958	0.01473	0.00930	0.00777	0.00232	0.01250	0.00648	0.00567	0.01076
6	0.01699	0.08312	0.62777	0.02311	0.03508	0.02011	0.02971	0.02622	0.01750	0.02590	0.01471	0.01729	0.01053	0.00785	0.00774	0.00258	0.01207	0.00604	0.00351	0.01218
7	0.02169	0.02761	0.19048	0.08623	0.30739	0.08322	0.02440	0.10754	0.02155	0.02922	0.01569	0.01930	0.01223	0.00805	0.00809	0.00250	0.01096	0.00689	0.00451	0.01242
8	0.02135	0.01791	0.01840	0.05109	0.02174	0.05916	0.01254	0.17112	0.27411	0.03303	0.02979	0.03422	0.05888	0.14224	0.01479	0.00368	0.00807	0.00957	0.00722	0.01107
9	0.01994	0.01751	0.02619	0.39900	0.16165	0.02023	0.02152	0.13930	0.06009	0.02912	0.01710	0.02198	0.01294	0.00864	0.00830	0.00266	0.01020	0.00753	0.00495	0.01115
10	0.01748	0.01534	0.01946	0.18402	0.02954	0.01474	0.01381	0.02536	0.13441	0.02704	0.01835	0.02106	0.01445	0.00766	0.00713	0.00192	0.00748	0.00638	0.00527	0.42909
11	0.03162	0.02389	0.02282	0.02003	0.06105	0.18483	0.01509	0.20993	0.08098	0.23032	0.02307	0.02226	0.01617	0.00967	0.00812	0.00245	0.00980	0.00737	0.00767	0.01285
12	0.02321	0.02476	0.03115	0.04351	0.49680	0.18533	0.02311	0.02744	0.02009	0.02542	0.01492	0.01915	0.01254	0.00769	0.00804	0.00238	0.01116	0.00688	0.00415	0.01227
13	0.02056	0.01974	0.03372	0.05099	0.65622	0.01974	0.02550	0.02550	0.01892	0.02714	0.01563	0.02056	0.01316	0.00740	0.00822	0.00247	0.00987	0.00740	0.00411	0.01316
14	0.01683	0.01321	0.02082	0.02386	0.17884	0.01277	0.07192	0.04304	0.01883	0.07269	0.07832	0.25114	0.06063	0.08304	0.01265	0.00337	0.00754	0.01441	0.00653	0.00956
15	0.02056	0.01974	0.03372	0.05099	0.65622	0.01974	0.02550	0.02550	0.01892	0.02714	0.01563	0.02056	0.01316	0.00740	0.00822	0.00247	0.00987	0.00740	0.00411	0.01316
16	0.02330	0.02414	0.02922	0.03645	0.34771	0.16715	0.02126	0.07282	0.02034	0.02623	0.01445	0.01882	0.01226	0.00920	0.01165	0.00262	0.13938	0.00693	0.00438	0.01168
17	0.02578	0.03046	0.02011	0.01878	0.02224	0.46787	0.01393	0.06253	0.02252	0.02243	0.02159	0.18913	0.02209	0.01306	0.00833	0.00247	0.01207	0.01009	0.00538	0.00916
18	0.02775	0.08465	0.02775	0.02816	0.18477	0.40998	0.01828	0.07666	0.02307	0.02447	0.01400	0.01665	0.01158	0.00827	0.00757	0.00222	0.01277	0.00596	0.00449	0.01095
19	0.02430	0.08073	0.03352	0.03072	0.17514	0.24103	0.17218	0.06321	0.02167	0.02550	0.01617	0.02177	0.01358	0.00850	0.00830	0.00245	0.01242	0.03316	0.00455	0.01110

[dist]
# distance from previous block
# <min> <max>
4	30

[block]
# block no. 8 follows, 22 sequences, length 41
# corresponding to MSA columns:
# 362-402
name=unknown_I
#
# <colnr> <probs for GDERKNQSTAVLIFYWHMCP>
#	G	D	E	R	K	N	Q	S	T	A	V	L	I	F	Y	W	H	M	C	P
0	0.02491	0.05752	0.02247	0.02131	0.07918	0.40535	0.01474	0.02687	0.01972	0.02003	0.01562	0.02370	0.01492	0.15168	0.01601	0.00347	0.06213	0.00701	0.00434	0.00902
1	0.01476	0.01310	0.01623	0.01953	0.13732	0.05876	0.01257	0.01835	0.02085	0.02732	0.24930	0.06049	0.17326	0.01652	0.00966	0.00282	0.00664	0.12649	0.00724	0.00878
2	0.02711	0.14416	0.02933	0.02719	0.17607	0.37725	0.01800	0.06251	0.02219	0.02358	0.01369	0.01632	0.01147	0.00812	0.00736	0.00218	0.01244	0.00581	0.00434	0.01089
3	0.02617	0.01694	0.02694	0.03511	0.37685	0.01624	0.01974	0.03039	0.02071	0.25983	0.02398	0.02871	0.01839	0.00959	0.00851	0.00260	0.00868	0.05086	0.00663	0.01312
4	0.02551	0.02874	0.02699	0.03009	0.21107	0.32160	0.01923	0.06092	0.02095	0.02403	0.01368	0.01751	0.01165	0.00944	0.01154	0.00254	0.14293	0.00644	0.00433	0.01081
5	0.02027	0.01115	0.01356	0.01165	0.01521	0.01025	0.00893	0.06610	0.02199	0.21478	0.19393	0.05252	0.19563	0.11026	0.01372	0.00339	0.00587	0.01274	0.00849	0.00956
6	0.01523	0.01413	0.01893	0.01664	0.01795	0.01769	0.01347	0.01734	0.01431	0.02069	0.02770	0.03384	0.13634	0.05319	0.12700	0.00505	0.37350	0.00954	0.00470	0.06275
7	0.02056	0.01974	0.03372	0.05099	0.65622	0.01974	0.02550	0.02550	0.01892	0.02714	0.01563	0.02056	0.01316	0.00740	0.00822	0.00247	0.00987	0.00740	0.00411	0.01316
8	0.02966	0.03739	0.02281	0.02082	0.02490	0.62707	0.01565	0.03186	0.02281	0.02026	0.01352	0.01625	0.01142	0.01241	0.05535	0.00294	0.01550	0.00560	0.00429	0.00947
9	0.01194	0.00799	0.00910	0.00924	0.00927	0.00796	0.00523	0.01204	0.01236	0.01647	0.02758	0.10084	0.03198	0.65915	0.04001	0.00772	0.00782	0.01291	0.00523	0.00516
10	0.05383	0.23782	0.42256	0.01990	0.03006	0.02294	0.02400	0.02644	0.01747	0.05363	0.01457	0.01660	0.01095	0.00776	0.00703	0.00237	0.01077	0.00566	0.00390	0.01173
11	0.02221	0.71304	0.04353	0.01421	0.02132	0.03287	0.01421	0.02488	0.01688	0.01955	0.01155	0.01333	0.01066	0.00711	0.00533	0.00178	0.00888	0.00444	0.00355	0.01066
12	0.01208	0.00805	0.00906	0.00906	0.00906	0.00805	0.00503	0.01208	0.01208	0.01611	0.02618	0.05436	0.03020	0.70804	0.04228	0.00805	0.00805	0.01208	0.00503	0.00503
13	0.03103	0.03959	0.02354	0.02140	0.02568	0.67469	0.01605	0.03317	0.02354	0.02033	0.01284	0.01498	0.01070	0.00856	0.00749	0.00214	0.01498	0.00535	0.00428	0.00963
14	0.01108	0.00792	0.01074	0.01267	0.01357	0.00758	0.00938	0.01323	0.01685	0.02228	0.04526	0.52325	0.05284	0.02512	0.01086	0.00351	0.00565	0.19350	0.00769	0.00701
15	0.01187	0.00890	0.01335	0.01335	0.01483	0.01038	0.01038	0.01483	0.01335	0.01928	0.02225	0.03264	0.02077	0.06231	0.67512	0.01335	0.02225	0.00890	0.00445	0.00742
16	0.01717	0.10424	0.60817	0.02281	0.03462	0.02053	0.02919	0.02618	0.01748	0.02569	0.01460	0.01715	0.01054	0.00782	0.00766	0.00255	0.01197	0.00598	0.00351	0.01213
17	0.02270	0.02379	0.03164	0.04495	0.52745	0.15350	0.02357	0.02706	0.01986	0.02575	0.01506	0.01942	0.01266	0.00764	0.00807	0.00240	0.01091	0.00698	0.00415	0.01244
18	0.00982	0.00842	0.00842	0.00842	0.01122	0.00701	0.00631	0.01192	0.01894	0.02244	0.08416	0.07995	0.65285	0.02104	0.00982	0.00281	0.00421	0.01753	0.00771	0.00701
19	0.02056	0.01974	0.03372	0.05099	0.65622	0.01974	0.02550	0.02550	0.01892	0.02714	0.01563	0.02056	0.01316	0.00740	0.00822	0.00247	0.00987	0.00740	0.00411	0.01316
20	0.02056	0.01974	0.03372	0.05099	0.65622	0.01974	0.02550	0.02550	0.01892	0.02714	0.01563	0.02056	0.01316	0.00740	0.00822	0.00247	0.00987	0.00740	0.00411	0.01316
21	0.30558	0.06324	0.02027	0.01714	0.02188	0.39857	0.01333	0.02950	0.01971	0.02663	0.01230	0.01435	0.01006	0.00817	0.00651	0.00228	0.01149	0.00499	0.00457	0.00944
22	0.01723	0.01477	0.01723	0.01230	0.01969	0.01107	0.00984	0.02092	0.01723	0.02707	0.01477	0.01723	0.01230	0.00615	0.00615	0.00123	0.00615	0.00492	0.00492	0.75883
23	0.01974	0.01881	0.03166	0.13287	0.54246	0.01910	0.02432	0.02468	0.01852	0.02636	0.01547	0.02059	0.01284	0.00745	0.00812	0.00244	0.00982	0.00726	0.00410	0.05339
24	0.03010	0.03804	0.02368	0.02143	0.02540	0.62749	0.01621	0.03221	0.02276	0.02031	0.01270	0.01521	0.01072	0.00900	0.00893	0.00225	0.06426	0.00549	0.00423	0.00959
