[name]
unknown

[dist]
# distance from previous block
# <min> <max>
0	0

[block]
# block no. 0 follows, 21 sequences, length 39
# corresponding to MSA columns:
# 0-38
name=unknown_A
#
# <colnr> <probs for GDERKNQSTAVLIFYWHMCP>
#	G	D	E	R	K	N	Q	S	T	A	V	L	I	F	Y	W	H	M	C	P
0	0.01371	0.00980	0.01371	0.01567	0.01763	0.00980	0.01371	0.01763	0.01959	0.02547	0.04506	0.09599	0.04898	0.02351	0.01175	0.00392	0.00784	0.59056	0.00784	0.00784
1	0.02348	0.02217	0.03315	0.04444	0.48398	0.06099	0.04969	0.12152	0.02300	0.03148	0.01659	0.02069	0.01346	0.00806	0.00846	0.00253	0.01050	0.00757	0.00491	0.01333
2	0.06409	0.01303	0.01262	0.01172	0.01479	0.04514	0.00905	0.06192	0.13035	0.03264	0.02644	0.02926	0.02076	0.01450	0.06126	0.00320	0.00708	0.00799	0.42466	0.00948
3	0.01609	0.01360	0.01944	0.02448	0.19918	0.01402	0.01456	0.05675	0.07233	0.02641	0.03545	0.18183	0.10931	0.02582	0.14572	0.00512	0.01048	0.01313	0.00624	0.01003
4	0.01747	0.04123	0.57646	0.02579	0.03785	0.02000	0.10901	0.02699	0.01825	0.02699	0.01553	0.01863	0.01106	0.00796	0.00834	0.00272	0.01281	0.00679	0.00369	0.01243
5	0.01980	0.02233	0.09216	0.12889	0.36439	0.02033	0.17462	0.02590	0.01912	0.02679	0.01613	0.02148	0.01282	0.00765	0.00881	0.00267	0.01156	0.00808	0.00412	0.01236
6	0.02062	0.01785	0.02432	0.03042	0.28312	0.04273	0.01757	0.14558	0.02470	0.03367	0.16110	0.07436	0.06287	0.01222	0.00900	0.00263	0.00820	0.01078	0.00666	0.01162
7	0.03789	0.01495	0.02004	0.01536	0.02195	0.01319	0.01269	0.07005	0.02513	0.62406	0.03292	0.02854	0.02074	0.01052	0.00856	0.00263	0.00735	0.00851	0.01043	0.01448
8	0.01216	0.00912	0.01368	0.01368	0.01520	0.01064	0.01064	0.01520	0.01368	0.01976	0.02279	0.03343	0.02127	0.06382	0.66720	0.01368	0.02279	0.00912	0.00456	0.00760
9	0.01758	0.03679	0.47135	0.02763	0.07447	0.01953	0.14327	0.02626	0.01838	0.02682	0.01717	0.05069	0.01348	0.00874	0.00861	0.00275	0.01241	0.00793	0.00397	0.01216
10	0.02000	0.02638	0.16542	0.12388	0.26015	0.05999	0.16811	0.02647	0.01923	0.02626	0.01585	0.02074	0.01235	0.00778	0.00871	0.00266	0.01212	0.00777	0.00406	0.01206
11	0.01078	0.00758	0.00975	0.01132	0.01171	0.00719	0.00733	0.01196	0.01549	0.02065	0.04276	0.56347	0.05106	0.16569	0.01755	0.00444	0.00562	0.02176	0.00733	0.00655
12	0.01095	0.00846	0.00999	0.01002	0.01215	0.00750	0.00736	0.01379	0.02091	0.02753	0.31723	0.17087	0.31143	0.02059	0.01018	0.00288	0.00428	0.01785	0.00853	0.00750
13	0.02021	0.08052	0.53505	0.02246	0.03392	0.01965	0.02790	0.02878	0.01877	0.10957	0.01749	0.01916	0.01215	0.00836	0.00799	0.00263	0.01166	0.00648	0.00452	0.01273
14	0.01707	0.04402	0.65683	0.02426	0.03683	0.01976	0.03144	0.02695	0.01797	0.02695	0.01527	0.01797	0.01078	0.00809	0.00809	0.00270	0.01258	0.00629	0.00359	0.01258
15	0.01032	0.00760	0.00967	0.01132	0.01220	0.00696	0.00767	0.01191	0.01680	0.02193	0.05334	0.59499	0.15251	0.02583	0.01073	0.00336	0.00483	0.02317	0.00790	0.00696
16	0.02106	0.02022	0.03454	0.05223	0.64784	0.02022	0.02612	0.02612	0.01938	0.02780	0.01601	0.02106	0.01348	0.00758	0.00842	0.00253	0.01011	0.00758	0.00421	0.01348
17	0.02903	0.14466	0.02897	0.02423	0.10399	0.39678	0.01732	0.10917	0.02451	0.02592	0.01426	0.01646	0.01174	0.00857	0.00752	0.00222	0.01287	0.00588	0.00479	0.01110
18	0.01789	0.03892	0.52006	0.02944	0.13501	0.01994	0.06655	0.02684	0.01832	0.02711	0.01551	0.01877	0.01134	0.00795	0.00826	0.00268	0.01229	0.00673	0.00374	0.01265
19	0.01185	0.00852	0.01012	0.01012	0.01105	0.00856	0.00664	0.01297	0.01412	0.01857	0.03823	0.05619	0.15592	0.41913	0.17451	0.00834	0.01065	0.01281	0.00559	0.00612
20	0.01765	0.01513	0.01765	0.01260	0.02017	0.01134	0.01008	0.02143	0.01765	0.02773	0.01513	0.01765	0.01260	0.00630	0.00630	0.00126	0.00630	0.00504	0.00504	0.75295
21	0.01189	0.00805	0.00942	0.00990	0.01002	0.00793	0.00581	0.01225	0.01332	0.01775	0.03164	0.20923	0.03702	0.53908	0.03553	0.00710	0.00746	0.01521	0.00581	0.00558
22	0.01238	0.00825	0.00928	0.00928	0.00928	0.00825	0.00516	0.01238	0.01238	0.01650	0.02681	0.05569	0.03094	0.70092	0.04331	0.00825	0.00825	0.01238	0.00516	0.00516
23	0.11779	0.01880	0.03121	0.19577	0.35543	0.01990	0.08921	0.02505	0.01824	0.02766	0.01538	0.02071	0.01234	0.00780	0.00821	0.00265	0.01041	0.00746	0.00426	0.01173
24	0.02015	0.01929	0.03290	0.16671	0.54047	0.01998	0.02566	0.02532	0.01895	0.02670	0.01585	0.02136	0.01309	0.00775	0.00844	0.00258	0.01033	0.00758	0.00413	0.01275
25	0.01216	0.00912	0.01368	0.01368	0.01520	0.01064	0.01064	0.01520	0.01368	0.01976	0.02279	0.03343	0.02127	0.06382	0.66720	0.01368	0.02279	0.00912	0.00456	0.00760
26	0.02692	0.12077	0.02519	0.01890	0.02420	0.35500	0.01488	0.05757	0.14436	0.02577	0.01778	0.01885	0.01427	0.00891	0.00746	0.00219	0.01155	0.00622	0.00538	0.09383
27	0.02393	0.36119	0.16502	0.04807	0.02758	0.16935	0.01880	0.02818	0.01923	0.04866	0.01391	0.01598	0.01135	0.00797	0.00676	0.00216	0.01123	0.00542	0.00409	0.01112
28	0.02275	0.70604	0.04459	0.01456	0.02184	0.03367	0.01456	0.02548	0.01729	0.02002	0.01183	0.01365	0.01092	0.00728	0.00546	0.00182	0.00910	0.00455	0.00364	0.01092
29	0.01238	0.00825	0.00928	0.00928	0.00928	0.00825	0.00516	0.01238	0.01238	0.01650	0.02681	0.05569	0.03094	0.70092	0.04331	0.00825	0.00825	0.01238	0.00516	0.00516
30	0.01238	0.00825	0.00928	0.00928	0.00928	0.00825	0.00516	0.01238	0.01238	0.01650	0.02681	0.05569	0.03094	0.70092	0.04331	0.00825	0.00825	0.01238	0.00516	0.00516
31	0.01221	0.00893	0.01271	0.01271	0.01390	0.01011	0.00943	0.01458	0.01339	0.01904	0.02368	0.03833	0.02340	0.20388	0.53005	0.01248	0.01960	0.00983	0.00469	0.00706
32	0.02588	0.02551	0.02769	0.09522	0.24011	0.19183	0.02010	0.17827	0.02539	0.03159	0.01660	0.02011	0.01321	0.01118	0.03778	0.00298	0.01199	0.00712	0.00533	0.01212
33	0.02211	0.02644	0.09439	0.12442	0.30668	0.15414	0.09690	0.02739	0.01999	0.02540	0.01538	0.02002	0.01234	0.00795	0.00845	0.00256	0.01212	0.00732	0.00414	0.01186
34	0.02212	0.02258	0.03359	0.04245	0.42279	0.09149	0.10177	0.02948	0.09532	0.02792	0.01814	0.02200	0.01466	0.00815	0.00859	0.00258	0.01083	0.00793	0.00479	0.01282
35	0.02271	0.02719	0.10892	0.04277	0.44912	0.14878	0.02485	0.02778	0.02015	0.02631	0.01535	0.01955	0.01265	0.00788	0.00823	0.00248	0.01145	0.00701	0.00417	0.01265
36	0.01847	0.07657	0.38396	0.02060	0.02902	0.12148	0.02301	0.02488	0.01839	0.02424	0.02040	0.12976	0.01914	0.04139	0.00985	0.00293	0.01137	0.00925	0.00450	0.01079
37	0.01971	0.22849	0.25370	0.02935	0.21925	0.02338	0.02368	0.02571	0.01851	0.02555	0.04623	0.01996	0.01517	0.00817	0.00752	0.00239	0.01037	0.00664	0.00409	0.01214
38	0.01784	0.16065	0.09429	0.01860	0.08960	0.01789	0.01481	0.05209	0.04761	0.02621	0.02987	0.12711	0.10305	0.01233	0.00796	0.00236	0.00771	0.01026	0.00565	0.15412

[dist]
# distance from previous block
# <min> <max>
3	7

[block]
# block no. 1 follows, 21 sequences, length 6
# corresponding to MSA columns:
# 46-51
name=unknown_B
#
# <colnr> <probs for GDERKNQSTAVLIFYWHMCP>
#	G	D	E	R	K	N	Q	S	T	A	V	L	I	F	Y	W	H	M	C	P
0	0.07585	0.07138	0.02311	0.04893	0.02338	0.10243	0.05537	0.12124	0.02107	0.02921	0.04719	0.02445	0.01783	0.02110	0.14434	0.00485	0.08576	0.00774	0.06479	0.00999
1	0.01315	0.00915	0.01091	0.01093	0.01174	0.00925	0.00708	0.05148	0.01599	0.02159	0.07624	0.19856	0.03865	0.40836	0.07433	0.00676	0.00826	0.01477	0.00627	0.00653
2	0.02454	0.35664	0.03504	0.01872	0.02428	0.23602	0.05233	0.02734	0.01915	0.02074	0.01327	0.01640	0.01175	0.01197	0.05136	0.00291	0.05757	0.00568	0.00399	0.01029
3	0.02187	0.11953	0.05629	0.01479	0.01923	0.08126	0.01221	0.13012	0.05400	0.07483	0.02779	0.03620	0.07641	0.21818	0.01857	0.00418	0.00900	0.00944	0.00622	0.00988
4	0.01848	0.01426	0.01625	0.01405	0.01697	0.01562	0.01078	0.19693	0.02270	0.03010	0.03789	0.04563	0.17862	0.18739	0.07908	0.00516	0.08272	0.01154	0.00666	0.00916
5	0.01813	0.01356	0.01795	0.02053	0.14117	0.01427	0.01267	0.12891	0.02022	0.02886	0.02444	0.08347	0.02327	0.16761	0.13270	0.00572	0.01052	0.01021	0.11627	0.00952

[dist]
# distance from previous block
# <min> <max>
2	24

[block]
# block no. 2 follows, 21 sequences, length 42
# corresponding to MSA columns:
# 76-117
name=unknown_C
#
# <colnr> <probs for GDERKNQSTAVLIFYWHMCP>
#	G	D	E	R	K	N	Q	S	T	A	V	L	I	F	Y	W	H	M	C	P
0	0.01932	0.09618	0.36087	0.03027	0.19939	0.06001	0.02648	0.02642	0.01844	0.02581	0.01541	0.01904	0.01207	0.01075	0.04147	0.00310	0.01228	0.00658	0.00386	0.01225
1	0.05592	0.09148	0.17380	0.02154	0.05606	0.01836	0.11175	0.02364	0.01914	0.05951	0.14516	0.07445	0.02895	0.01171	0.01037	0.00276	0.06916	0.00997	0.00566	0.01061
2	0.01979	0.11821	0.07121	0.02860	0.24674	0.05803	0.01839	0.02411	0.01817	0.02527	0.01575	0.02001	0.01345	0.01381	0.08340	0.00338	0.01095	0.00647	0.00435	0.19991
3	0.02649	0.16545	0.02788	0.02269	0.09584	0.39133	0.01622	0.02933	0.02222	0.02301	0.08593	0.02124	0.01924	0.00933	0.00760	0.00221	0.01220	0.00668	0.00479	0.01028
4	0.02042	0.41114	0.16522	0.01691	0.02415	0.06810	0.01754	0.02465	0.01728	0.02147	0.01443	0.01790	0.01259	0.01682	0.11473	0.00397	0.01247	0.00572	0.00383	0.01065
5	0.01700	0.01250	0.01386	0.01262	0.01635	0.01262	0.00974	0.02706	0.22889	0.09207	0.16999	0.05611	0.26469	0.01627	0.00943	0.00282	0.00537	0.01370	0.00870	0.01020
6	0.02109	0.01978	0.03104	0.04424	0.50456	0.02044	0.02322	0.03049	0.15976	0.02959	0.02027	0.02351	0.01634	0.00849	0.00848	0.00261	0.00934	0.00805	0.00523	0.01348
7	0.02101	0.29372	0.22258	0.02800	0.19652	0.05409	0.02279	0.02647	0.01836	0.02423	0.01405	0.01702	0.01158	0.00767	0.00714	0.00229	0.01068	0.00593	0.00381	0.01206
8	0.01331	0.00918	0.01303	0.01281	0.01455	0.00995	0.00975	0.01616	0.01568	0.05382	0.09702	0.07095	0.05784	0.09588	0.45763	0.01056	0.01725	0.01111	0.00575	0.00778
9	0.01953	0.01253	0.01299	0.01167	0.01498	0.01352	0.00908	0.11913	0.14623	0.03595	0.02801	0.02996	0.02151	0.01029	0.00690	0.00226	0.00538	0.00823	0.48176	0.01008
10	0.03027	0.03803	0.02434	0.02197	0.02585	0.59284	0.01669	0.03242	0.02284	0.02079	0.01293	0.01572	0.01099	0.00948	0.01001	0.00237	0.09265	0.00571	0.00431	0.00980
11	0.01713	0.01253	0.01459	0.01401	0.01641	0.01308	0.01020	0.18222	0.04991	0.03074	0.03722	0.42166	0.04107	0.08116	0.01299	0.00360	0.00654	0.01790	0.00786	0.00915
12	0.01055	0.00748	0.00982	0.01161	0.01206	0.00703	0.00765	0.01190	0.01594	0.02125	0.04507	0.63690	0.05397	0.08829	0.01383	0.00389	0.00524	0.02311	0.00765	0.00675
13	0.01215	0.00877	0.01152	0.01102	0.01303	0.00814	0.00839	0.01616	0.02380	0.03358	0.60534	0.06563	0.07831	0.01779	0.01015	0.00276	0.00426	0.05192	0.00927	0.00802
14	0.06829	0.21682	0.21214	0.05464	0.07080	0.05444	0.02020	0.03000	0.11990	0.04996	0.01793	0.01953	0.01384	0.00853	0.00732	0.00245	0.00997	0.00645	0.00490	0.01190
15	0.01707	0.04402	0.65683	0.02426	0.03683	0.01976	0.03144	0.02695	0.01797	0.02695	0.01527	0.01797	0.01078	0.00809	0.00809	0.00270	0.01258	0.00629	0.00359	0.01258
16	0.01230	0.00926	0.01178	0.01298	0.01518	0.00874	0.01084	0.01555	0.01960	0.02490	0.08634	0.11477	0.24540	0.02272	0.01108	0.00350	0.00639	0.35315	0.00793	0.00759
17	0.01953	0.33014	0.39222	0.02007	0.03035	0.02578	0.02415	0.02632	0.01768	0.02396	0.01378	0.01610	0.01084	0.00774	0.00695	0.00232	0.01107	0.00554	0.00361	0.01186
18	0.02300	0.02432	0.02598	0.07138	0.25923	0.19840	0.01917	0.03127	0.15503	0.02688	0.02405	0.02609	0.05855	0.00979	0.00839	0.00256	0.01050	0.00816	0.00546	0.01180
19	0.03231	0.02492	0.02545	0.01973	0.02639	0.06795	0.01619	0.58146	0.03898	0.05150	0.01996	0.02010	0.01424	0.01012	0.00846	0.00253	0.00975	0.00752	0.00825	0.01417
20	0.01238	0.00825	0.00928	0.00928	0.00928	0.00825	0.00516	0.01238	0.01238	0.01650	0.02681	0.05569	0.03094	0.70092	0.04331	0.00825	0.00825	0.01238	0.00516	0.00516
21	0.02585	0.02631	0.02402	0.02613	0.16581	0.26740	0.01692	0.13646	0.02428	0.02954	0.01764	0.02108	0.01434	0.01410	0.07024	0.00340	0.01252	0.00697	0.08587	0.01112
22	0.01231	0.00937	0.01126	0.01194	0.01409	0.00879	0.00925	0.04477	0.01994	0.02551	0.09582	0.24748	0.27050	0.02259	0.01062	0.00326	0.00560	0.16122	0.00801	0.00770
23	0.01053	0.00785	0.00985	0.01137	0.01251	0.00717	0.00797	0.01233	0.01723	0.02227	0.05578	0.51390	0.19045	0.02528	0.01074	0.00335	0.00499	0.06151	0.00790	0.00704
24	0.01707	0.04402	0.65683	0.02426	0.03683	0.01976	0.03144	0.02695	0.01797	0.02695	0.01527	0.01797	0.01078	0.00809	0.00809	0.00270	0.01258	0.00629	0.00359	0.01258
25	0.02215	0.10798	0.03867	0.04023	0.35177	0.09020	0.17368	0.02716	0.01980	0.02597	0.01550	0.02002	0.01275	0.00757	0.00839	0.00249	0.01161	0.00761	0.00418	0.01227
26	0.02833	0.03400	0.02748	0.03169	0.22663	0.45837	0.01956	0.03145	0.02259	0.02308	0.01407	0.01719	0.01177	0.00839	0.00792	0.00230	0.01366	0.00616	0.00433	0.01103
27	0.02783	0.14656	0.02991	0.02764	0.16788	0.41344	0.01835	0.03077	0.02190	0.02229	0.01359	0.01637	0.01153	0.00825	0.00748	0.00221	0.01311	0.00581	0.00422	0.01087
28	0.02698	0.02027	0.02429	0.18679	0.03368	0.02290	0.01746	0.35077	0.11762	0.07943	0.02191	0.02314	0.01572	0.00999	0.00854	0.00268	0.00936	0.00797	0.00746	0.01306
29	0.01006	0.00862	0.00862	0.00862	0.01149	0.00718	0.00647	0.01221	0.01940	0.02299	0.08621	0.08190	0.64438	0.02155	0.01006	0.00287	0.00431	0.01796	0.00790	0.00718
30	0.06003	0.02359	0.02311	0.01949	0.02349	0.14863	0.01570	0.24371	0.05466	0.03417	0.01744	0.02076	0.01412	0.01715	0.08865	0.00405	0.16661	0.00731	0.00601	0.01131
31	0.02474	0.02348	0.02126	0.01810	0.02243	0.22312	0.05436	0.17377	0.02487	0.03155	0.01979	0.02337	0.01584	0.01790	0.11116	0.00409	0.01259	0.00742	0.15979	0.01037
32	0.01023	0.00794	0.00932	0.01043	0.01197	0.00703	0.00727	0.01201	0.01765	0.02228	0.06414	0.42639	0.31414	0.02442	0.01051	0.00320	0.00466	0.02146	0.00790	0.00703
33	0.01586	0.00793	0.00793	0.00793	0.00991	0.00793	0.00595	0.01983	0.01785	0.03173	0.02776	0.03173	0.02181	0.00991	0.00595	0.00198	0.00397	0.00793	0.74817	0.00793
34	0.02657	0.03067	0.02919	0.03667	0.32861	0.35229	0.02115	0.03016	0.02181	0.02422	0.01454	0.01813	0.01219	0.00819	0.00804	0.00236	0.01280	0.00650	0.00430	0.01162
35	0.01293	0.01017	0.01249	0.01296	0.01487	0.01070	0.00947	0.01944	0.14131	0.02426	0.04401	0.32912	0.11863	0.03143	0.16060	0.00560	0.00931	0.01697	0.00729	0.00844
36	0.01238	0.00825	0.00928	0.00928	0.00928	0.00825	0.00516	0.01238	0.01238	0.01650	0.02681	0.05569	0.03094	0.70092	0.04331	0.00825	0.00825	0.01238	0.00516	0.00516
37	0.01037	0.00741	0.00987	0.01185	0.01234	0.00691	0.00790	0.01185	0.01629	0.02172	0.04690	0.69537	0.05629	0.02666	0.01086	0.00346	0.00494	0.02419	0.00790	0.00691
38	0.02357	0.02640	0.03425	0.09519	0.27386	0.21141	0.15832	0.02831	0.02073	0.02508	0.01536	0.01995	0.01242	0.00792	0.00858	0.00253	0.01274	0.00752	0.00425	0.01160
39	0.03038	0.03463	0.02463	0.02150	0.02587	0.46271	0.01664	0.15140	0.02607	0.02745	0.01440	0.01676	0.01170	0.00977	0.01018	0.00244	0.09143	0.00615	0.00515	0.01074
40	0.01210	0.00879	0.01232	0.01245	0.01352	0.00979	0.00907	0.01427	0.01352	0.01906	0.02537	0.08202	0.02599	0.22239	0.46696	0.01164	0.01796	0.01092	0.00493	0.00694
41	0.02535	0.20804	0.03300	0.02868	0.22285	0.08304	0.01875	0.17861	0.06641	0.03217	0.01702	0.01912	0.01367	0.00855	0.00760	0.00234	0.00988	0.00674	0.00547	0.01272

[dist]
# distance from previous block
# <min> <max>
0	1

[block]
# block no. 3 follows, 21 sequences, length 43
# corresponding to MSA columns:
# 119-161
name=unknown_D
#
# <colnr> <probs for GDERKNQSTAVLIFYWHMCP>
#	G	D	E	R	K	N	Q	S	T	A	V	L	I	F	Y	W	H	M	C	P
0	0.02196	0.02285	0.01852	0.01555	0.02076	0.24566	0.01198	0.02511	0.01958	0.02486	0.01656	0.01995	0.01389	0.01351	0.07495	0.00295	0.01099	0.00593	0.08409	0.33036
1	0.02038	0.01606	0.01682	0.01478	0.01739	0.08164	0.01109	0.13142	0.02219	0.07312	0.14221	0.08825	0.03431	0.19792	0.02028	0.00426	0.08034	0.01144	0.00694	0.00916
2	0.02117	0.01828	0.01924	0.01732	0.02213	0.02117	0.01347	0.04522	0.63246	0.03560	0.03464	0.03175	0.02598	0.01155	0.00866	0.00289	0.00673	0.00962	0.00866	0.01347
3	0.03179	0.04056	0.02412	0.02192	0.02631	0.66676	0.01644	0.03398	0.02412	0.02083	0.01315	0.01535	0.01096	0.00877	0.00767	0.00219	0.01535	0.00548	0.00438	0.00987
4	0.22389	0.25308	0.02796	0.01636	0.02220	0.21517	0.01386	0.09126	0.02097	0.02870	0.01314	0.01492	0.01086	0.00820	0.00639	0.00223	0.01029	0.00517	0.00481	0.01053
5	0.01216	0.00912	0.01368	0.01368	0.01520	0.01064	0.01064	0.01520	0.01368	0.01976	0.02279	0.03343	0.02127	0.06382	0.66720	0.01368	0.02279	0.00912	0.00456	0.00760
6	0.01216	0.00912	0.01368	0.01368	0.01520	0.01064	0.01064	0.01520	0.01368	0.01976	0.02279	0.03343	0.02127	0.06382	0.66720	0.01368	0.02279	0.00912	0.00456	0.00760
7	0.02341	0.65775	0.04311	0.01510	0.02217	0.07962	0.01470	0.02610	0.01779	0.02008	0.01193	0.01377	0.01092	0.00739	0.00562	0.00185	0.00955	0.00462	0.00369	0.01084
8	0.01220	0.00895	0.01284	0.01284	0.01407	0.01018	0.00959	0.01466	0.01343	0.01913	0.02356	0.03768	0.02312	0.18544	0.54810	0.01264	0.02002	0.00974	0.00467	0.00713
9	0.01020	0.00863	0.00882	0.00877	0.01158	0.00725	0.00658	0.01249	0.01974	0.02380	0.12664	0.08057	0.60345	0.02125	0.01006	0.00286	0.00429	0.01777	0.00801	0.00725
10	0.02937	0.21855	0.02959	0.01995	0.02511	0.49744	0.01594	0.03171	0.02229	0.02061	0.01280	0.01489	0.01095	0.00837	0.00708	0.00209	0.01368	0.00523	0.00419	0.01015
11	0.02515	0.02038	0.02631	0.02202	0.05725	0.04662	0.11081	0.29139	0.07357	0.06385	0.06959	0.10448	0.02486	0.01211	0.00912	0.00273	0.00925	0.01064	0.00754	0.01232
12	0.03192	0.03666	0.02445	0.02138	0.02633	0.51753	0.01638	0.17042	0.02782	0.02847	0.01485	0.01653	0.01178	0.00911	0.00787	0.00228	0.01395	0.00599	0.00535	0.01094
13	0.01216	0.00912	0.01368	0.01368	0.01520	0.01064	0.01064	0.01520	0.01368	0.01976	0.02279	0.03343	0.02127	0.06382	0.66720	0.01368	0.02279	0.00912	0.00456	0.00760
14	0.01323	0.00975	0.01267	0.01271	0.01491	0.00954	0.01016	0.01871	0.06804	0.03161	0.41634	0.07104	0.06674	0.01882	0.01046	0.00307	0.00538	0.18961	0.00885	0.00838
15	0.03225	0.02680	0.02529	0.02000	0.02638	0.13985	0.01622	0.51573	0.03720	0.04782	0.01914	0.01953	0.01385	0.00996	0.00836	0.00249	0.01042	0.00728	0.00778	0.01366
16	0.03235	0.02384	0.02554	0.01958	0.02639	0.02639	0.01618	0.61946	0.04001	0.05363	0.02043	0.02043	0.01447	0.01022	0.00851	0.00255	0.00936	0.00766	0.00851	0.01447
17	0.02474	0.16844	0.13735	0.06177	0.17169	0.02393	0.02081	0.18283	0.02437	0.07983	0.01745	0.01950	0.01321	0.00857	0.00778	0.00244	0.00997	0.00682	0.00557	0.01291
18	0.01900	0.01832	0.01766	0.01653	0.01936	0.13896	0.01276	0.04804	0.12261	0.02697	0.09486	0.18670	0.03503	0.01629	0.01161	0.00296	0.08984	0.06663	0.00687	0.04898
19	0.01226	0.00969	0.01201	0.01126	0.01307	0.00976	0.00845	0.01514	0.02047	0.02794	0.36649	0.06275	0.21540	0.08875	0.01539	0.00342	0.07726	0.01490	0.00795	0.00765
20	0.01891	0.02452	0.13696	0.15802	0.07821	0.02069	0.38306	0.02610	0.01914	0.02619	0.01646	0.02204	0.01232	0.00759	0.00937	0.00282	0.01328	0.00887	0.00409	0.01137
21	0.02413	0.15179	0.07905	0.03182	0.26069	0.02189	0.06273	0.02860	0.01930	0.14751	0.01821	0.02087	0.01402	0.00879	0.00980	0.00256	0.07312	0.00726	0.00525	0.01259
22	0.06473	0.01734	0.01684	0.01485	0.01912	0.11429	0.01151	0.03111	0.13887	0.19658	0.14801	0.08408	0.07975	0.01355	0.00881	0.00270	0.00738	0.01115	0.00833	0.01100
23	0.01345	0.00971	0.01335	0.01517	0.01720	0.00961	0.01320	0.01725	0.01958	0.02529	0.04797	0.09500	0.09109	0.02337	0.01163	0.00384	0.00759	0.55006	0.00784	0.00779
24	0.01670	0.03125	0.37185	0.02735	0.14653	0.01758	0.06929	0.02400	0.01866	0.02638	0.02910	0.03112	0.13239	0.01049	0.00867	0.00271	0.01067	0.00904	0.00458	0.01163
25	0.02501	0.02639	0.02408	0.24363	0.03664	0.26466	0.01840	0.11293	0.11243	0.02785	0.01796	0.02092	0.01376	0.00929	0.00822	0.00256	0.01191	0.00709	0.00538	0.01089
26	0.01216	0.00912	0.01368	0.01368	0.01520	0.01064	0.01064	0.01520	0.01368	0.01976	0.02279	0.03343	0.02127	0.06382	0.66720	0.01368	0.02279	0.00912	0.00456	0.00760
27	0.01514	0.01009	0.01208	0.01165	0.01437	0.00949	0.00868	0.02013	0.08778	0.10083	0.20061	0.21652	0.22101	0.01940	0.00992	0.00294	0.00500	0.01684	0.00865	0.00887
28	0.02101	0.02337	0.15753	0.03334	0.25144	0.01836	0.11742	0.02660	0.01918	0.10043	0.04484	0.02577	0.01765	0.05778	0.01214	0.00310	0.04437	0.00849	0.00511	0.01207
29	0.21960	0.01965	0.01975	0.21686	0.03100	0.14169	0.01563	0.02367	0.01739	0.02625	0.05790	0.02164	0.01581	0.01115	0.01120	0.05713	0.07318	0.00690	0.00468	0.00894
30	0.10530	0.13394	0.02722	0.14798	0.15962	0.14450	0.01775	0.05004	0.01981	0.02586	0.02091	0.02392	0.07087	0.00939	0.00761	0.00245	0.01020	0.00732	0.00472	0.01059
31	0.02797	0.02022	0.09142	0.01716	0.02349	0.01791	0.01518	0.23297	0.07598	0.22455	0.09791	0.06564	0.02679	0.01191	0.00879	0.00268	0.00803	0.00973	0.00864	0.01303
32	0.02761	0.09564	0.02502	0.01835	0.02398	0.08999	0.01526	0.38308	0.03196	0.04121	0.02345	0.06527	0.02056	0.01240	0.00866	0.00267	0.00951	0.08559	0.00744	0.01233
33	0.12660	0.01932	0.02704	0.10663	0.21774	0.05360	0.08627	0.05051	0.08675	0.03048	0.06419	0.02428	0.01876	0.00896	0.00818	0.00259	0.00949	0.00801	0.00541	0.04519
34	0.19191	0.05129	0.02200	0.02242	0.12625	0.20260	0.01498	0.09931	0.02160	0.03011	0.01948	0.12317	0.01853	0.01130	0.00777	0.00258	0.00985	0.00880	0.00559	0.01048
35	0.08548	0.02807	0.33843	0.01821	0.02639	0.01553	0.02064	0.02277	0.01804	0.02770	0.06869	0.03535	0.05507	0.04579	0.01007	0.00297	0.00951	0.07642	0.00513	0.08975
36	0.02177	0.02396	0.06797	0.01891	0.02321	0.16104	0.01599	0.08706	0.01995	0.02602	0.01835	0.02219	0.04523	0.01473	0.06014	0.00338	0.20610	0.00716	0.00490	0.15194
37	0.02593	0.02423	0.02698	0.02284	0.06109	0.14464	0.10846	0.25206	0.08589	0.03685	0.05778	0.02783	0.06501	0.01068	0.00880	0.00259	0.01041	0.00897	0.00685	0.01209
38	0.02140	0.29902	0.03275	0.02478	0.19771	0.02398	0.01640	0.08790	0.02052	0.02726	0.06289	0.02419	0.01921	0.05891	0.00974	0.00264	0.00871	0.00730	0.04343	0.01124
39	0.05623	0.11724	0.02291	0.01736	0.06680	0.04775	0.01319	0.15106	0.02488	0.17303	0.07745	0.03543	0.13713	0.01212	0.00829	0.00252	0.00774	0.00965	0.00756	0.01164
40	0.05028	0.02615	0.14771	0.02750	0.15817	0.08058	0.06355	0.08737	0.18421	0.03206	0.04300	0.02407	0.01829	0.00942	0.00841	0.00266	0.01006	0.00803	0.00592	0.01256
41	0.22210	0.02857	0.06656	0.06435	0.02516	0.30840	0.01507	0.02866	0.04777	0.02686	0.02092	0.02264	0.07055	0.00979	0.00739	0.00249	0.01109	0.00681	0.00504	0.00978
42	0.01700	0.01666	0.02307	0.02159	0.06770	0.04424	0.05932	0.01971	0.01634	0.02265	0.02932	0.09534	0.11891	0.01576	0.01810	0.00325	0.32117	0.04180	0.00516	0.04293

[dist]
# distance from previous block
# <min> <max>
63	276

[block]
# block no. 4 follows, 21 sequences, length 12
# corresponding to MSA columns:
# 455-466
name=unknown_E
#
# <colnr> <probs for GDERKNQSTAVLIFYWHMCP>
#	G	D	E	R	K	N	Q	S	T	A	V	L	I	F	Y	W	H	M	C	P
0	0.01952	0.21413	0.31161	0.02695	0.15092	0.02417	0.02467	0.02578	0.01760	0.02465	0.01411	0.01748	0.01138	0.00842	0.00933	0.00253	0.07485	0.00619	0.00374	0.01200
1	0.01453	0.01321	0.02019	0.05077	0.12231	0.01328	0.07036	0.01783	0.01808	0.02402	0.04404	0.17894	0.20386	0.01727	0.01154	0.00303	0.07097	0.06032	0.00626	0.03918
2	0.01907	0.01838	0.03233	0.10395	0.43594	0.01850	0.09476	0.02396	0.01883	0.02637	0.02014	0.11032	0.01885	0.01013	0.00895	0.00272	0.01006	0.01007	0.00467	0.01199
3	0.02200	0.02438	0.02240	0.02261	0.08603	0.26889	0.01611	0.02468	0.01817	0.02115	0.01598	0.02212	0.01441	0.02670	0.21317	0.00605	0.15422	0.00721	0.00428	0.00943
4	0.01755	0.01146	0.01295	0.01175	0.01408	0.01227	0.00869	0.13828	0.02005	0.02974	0.02508	0.03631	0.02272	0.20887	0.14190	0.00602	0.00979	0.00932	0.25475	0.00843
5	0.01168	0.00849	0.00982	0.00959	0.01099	0.00791	0.00645	0.01357	0.01807	0.02405	0.24845	0.06495	0.20235	0.30032	0.02377	0.00502	0.00584	0.01480	0.00726	0.00663
6	0.01775	0.03164	0.34272	0.02889	0.07389	0.01920	0.23692	0.02558	0.01865	0.02662	0.01900	0.08404	0.01601	0.00949	0.00906	0.00282	0.01233	0.00939	0.00429	0.01170
7	0.01928	0.28261	0.23026	0.01934	0.02613	0.02584	0.02050	0.02411	0.01684	0.02316	0.05070	0.01926	0.01511	0.01006	0.01223	0.00263	0.18060	0.00648	0.00399	0.01086
8	0.01768	0.03761	0.49902	0.08126	0.14424	0.01977	0.02990	0.02639	0.01814	0.02668	0.01539	0.01888	0.01129	0.00803	0.00818	0.00268	0.01205	0.00661	0.00372	0.01248
9	0.01083	0.00865	0.00978	0.01006	0.01246	0.00759	0.00766	0.01345	0.01995	0.02510	0.17619	0.13827	0.42461	0.02152	0.01031	0.00301	0.00470	0.08033	0.00815	0.00738
10	0.02250	0.28092	0.07811	0.03005	0.27156	0.02384	0.01973	0.02677	0.01924	0.08396	0.05366	0.02133	0.01705	0.00837	0.00739	0.00229	0.00926	0.00690	0.00486	0.01221
11	0.03006	0.03759	0.02424	0.02344	0.06569	0.59059	0.01676	0.03249	0.02326	0.02122	0.01385	0.01667	0.01167	0.01160	0.04249	0.00282	0.01540	0.00581	0.00438	0.00998

[dist]
# distance from previous block
# <min> <max>
0	1

[block]
# block no. 5 follows, 21 sequences, length 45
# corresponding to MSA columns:
# 468-512
name=unknown_F
#
# <colnr> <probs for GDERKNQSTAVLIFYWHMCP>
#	G	D	E	R	K	N	Q	S	T	A	V	L	I	F	Y	W	H	M	C	P
0	0.02019	0.20639	0.21078	0.02137	0.09152	0.08887	0.01952	0.06086	0.02019	0.02552	0.02721	0.02846	0.12447	0.01043	0.00777	0.00242	0.01002	0.00806	0.00482	0.01111
1	0.02128	0.43396	0.07488	0.01716	0.02265	0.06386	0.01630	0.02425	0.01654	0.02057	0.01272	0.01643	0.01168	0.01293	0.05597	0.00312	0.15591	0.00564	0.00376	0.01039
2	0.01395	0.01118	0.01285	0.01303	0.01539	0.01162	0.00950	0.02300	0.21433	0.02762	0.11041	0.33333	0.13000	0.02017	0.00996	0.00311	0.00533	0.01777	0.00830	0.00916
3	0.76103	0.01646	0.01251	0.01119	0.01646	0.01909	0.00922	0.02502	0.01448	0.03818	0.01185	0.01382	0.00922	0.00790	0.00527	0.00263	0.00658	0.00461	0.00527	0.00922
4	0.01238	0.00825	0.00928	0.00928	0.00928	0.00825	0.00516	0.01238	0.01238	0.01650	0.02681	0.05569	0.03094	0.70092	0.04331	0.00825	0.00825	0.01238	0.00516	0.00516
5	0.01779	0.00979	0.00999	0.00929	0.01184	0.01009	0.00714	0.08986	0.02044	0.03429	0.02691	0.03041	0.02096	0.00995	0.00625	0.00205	0.00460	0.00790	0.66178	0.00870
6	0.02275	0.70604	0.04459	0.01456	0.02184	0.03367	0.01456	0.02548	0.01729	0.02002	0.01183	0.01365	0.01092	0.00728	0.00546	0.00182	0.00910	0.00455	0.00364	0.01092
7	0.01006	0.00862	0.00862	0.00862	0.01149	0.00718	0.00647	0.01221	0.01940	0.02299	0.08621	0.08190	0.64438	0.02155	0.01006	0.00287	0.00431	0.01796	0.00790	0.00718
8	0.03235	0.02384	0.02554	0.01958	0.02639	0.02639	0.01618	0.61946	0.04001	0.05363	0.02043	0.02043	0.01447	0.01022	0.00851	0.00255	0.00936	0.00766	0.00851	0.01447
9	0.01186	0.00837	0.01096	0.01139	0.01204	0.00880	0.00769	0.01326	0.01369	0.01879	0.02978	0.18744	0.03306	0.32869	0.25664	0.00912	0.01267	0.01380	0.00554	0.00640
10	0.01068	0.00865	0.00948	0.00927	0.01188	0.00745	0.00696	0.01342	0.02087	0.02648	0.26083	0.07615	0.46758	0.02025	0.01005	0.00281	0.00422	0.01715	0.00836	0.00745
11	0.01765	0.01513	0.01765	0.01260	0.02017	0.01134	0.01008	0.02143	0.01765	0.02773	0.01513	0.01765	0.01260	0.00630	0.00630	0.00126	0.00630	0.00504	0.00504	0.75295
12	0.01238	0.00825	0.00928	0.00928	0.00928	0.00825	0.00516	0.01238	0.01238	0.01650	0.02681	0.05569	0.03094	0.70092	0.04331	0.00825	0.00825	0.01238	0.00516	0.00516
13	0.01867	0.01116	0.01279	0.01135	0.01534	0.01008	0.00886	0.02350	0.08470	0.18959	0.09892	0.06182	0.38516	0.01740	0.00952	0.00280	0.00531	0.01449	0.00875	0.00979
14	0.02676	0.26635	0.03304	0.02480	0.13573	0.33308	0.01752	0.02965	0.02092	0.02180	0.01321	0.01578	0.01140	0.00804	0.00704	0.00212	0.01226	0.00554	0.00410	0.01087
15	0.02399	0.18019	0.19444	0.02432	0.12103	0.12916	0.02070	0.03096	0.07880	0.09190	0.01808	0.01954	0.01380	0.00854	0.00760	0.00241	0.01077	0.00653	0.00505	0.01219
16	0.02698	0.02053	0.01935	0.01653	0.02079	0.15939	0.01309	0.12870	0.05194	0.16482	0.02323	0.02491	0.01744	0.01587	0.07770	0.00364	0.05691	0.00765	0.13936	0.01118
17	0.01238	0.00825	0.00928	0.00928	0.00928	0.00825	0.00516	0.01238	0.01238	0.01650	0.02681	0.05569	0.03094	0.70092	0.04331	0.00825	0.00825	0.01238	0.00516	0.00516
18	0.01470	0.01285	0.01855	0.01708	0.01800	0.01670	0.01377	0.01727	0.01342	0.02004	0.01823	0.02761	0.01730	0.04459	0.41594	0.00976	0.28320	0.00846	0.00423	0.00827
19	0.01006	0.00862	0.00862	0.00862	0.01149	0.00718	0.00647	0.01221	0.01940	0.02299	0.08621	0.08190	0.64438	0.02155	0.01006	0.00287	0.00431	0.01796	0.00790	0.00718
20	0.03179	0.04056	0.02412	0.02192	0.02631	0.66676	0.01644	0.03398	0.02412	0.02083	0.01315	0.01535	0.01096	0.00877	0.00767	0.00219	0.01535	0.00548	0.00438	0.00987
21	0.01216	0.00912	0.01368	0.01368	0.01520	0.01064	0.01064	0.01520	0.01368	0.01976	0.02279	0.03343	0.02127	0.06382	0.66720	0.01368	0.02279	0.00912	0.00456	0.00760
22	0.76103	0.01646	0.01251	0.01119	0.01646	0.01909	0.00922	0.02502	0.01448	0.03818	0.01185	0.01382	0.00922	0.00790	0.00527	0.00263	0.00658	0.00461	0.00527	0.00922
23	0.02078	0.00938	0.01054	0.00952	0.01252	0.00894	0.00739	0.02460	0.01928	0.16885	0.02904	0.03112	0.02165	0.01005	0.00652	0.00213	0.00469	0.00807	0.58555	0.00938
24	0.01279	0.00898	0.01064	0.01020	0.01258	0.00804	0.00761	0.01563	0.02087	0.06113	0.30457	0.06937	0.28940	0.08997	0.01350	0.00338	0.00491	0.04032	0.00836	0.00774
25	0.09037	0.02649	0.10332	0.08938	0.02831	0.20133	0.01785	0.12716	0.02340	0.02991	0.02179	0.03497	0.01980	0.01207	0.00864	0.00281	0.01109	0.13509	0.00576	0.01045
26	0.02003	0.02440	0.15878	0.01810	0.02396	0.09144	0.01690	0.09233	0.19177	0.03157	0.08912	0.07085	0.06077	0.01318	0.00898	0.00282	0.00889	0.05782	0.00696	0.01131
27	0.02752	0.03041	0.02237	0.04980	0.02598	0.37210	0.01548	0.11260	0.15694	0.02857	0.02333	0.02398	0.05348	0.01033	0.00818	0.00246	0.01183	0.00752	0.00605	0.01108
28	0.01751	0.01408	0.01947	0.20497	0.05799	0.01582	0.01539	0.09716	0.02034	0.05673	0.03559	0.17184	0.13461	0.01555	0.01133	0.00300	0.07979	0.01291	0.00633	0.00959
29	0.14871	0.01899	0.01890	0.15838	0.02733	0.15838	0.04132	0.02277	0.01737	0.02442	0.01896	0.06170	0.01750	0.10138	0.08062	0.00444	0.01154	0.00838	0.05026	0.00864
30	0.02700	0.02213	0.02388	0.09268	0.10502	0.12232	0.01686	0.19786	0.10802	0.11513	0.06447	0.02550	0.02035	0.01019	0.00850	0.00259	0.00962	0.00820	0.00716	0.01251
31	0.01889	0.06581	0.21129	0.08647	0.14511	0.02226	0.12977	0.02491	0.01739	0.02490	0.01464	0.01970	0.01178	0.00931	0.01272	0.00288	0.15937	0.00745	0.00388	0.01147
32	0.02457	0.02322	0.02570	0.02677	0.16426	0.15989	0.05369	0.18966	0.02522	0.03227	0.01957	0.05431	0.01660	0.01669	0.09182	0.00392	0.01238	0.00831	0.03961	0.01153
33	0.01977	0.01107	0.01448	0.08304	0.01958	0.01075	0.01035	0.02300	0.04625	0.20091	0.03965	0.18706	0.10772	0.16748	0.01691	0.00412	0.00701	0.01394	0.00764	0.00928
34	0.21642	0.02235	0.02398	0.07081	0.16228	0.12835	0.01754	0.08880	0.01978	0.03038	0.01400	0.01784	0.01150	0.00951	0.01097	0.00274	0.13061	0.00644	0.00486	0.01085
35	0.02681	0.02337	0.02127	0.01793	0.02293	0.15393	0.01420	0.28249	0.13797	0.03852	0.02245	0.02369	0.01715	0.01459	0.06298	0.00341	0.01067	0.00771	0.08587	0.01208
36	0.01158	0.00868	0.01073	0.01022	0.01243	0.00783	0.00766	0.01516	0.02299	0.03153	0.51325	0.06785	0.21202	0.01837	0.01004	0.00272	0.00408	0.01599	0.00903	0.00783
37	0.01233	0.00844	0.01025	0.01025	0.01059	0.00878	0.00636	0.01300	0.01266	0.01722	0.02593	0.05078	0.02881	0.56047	0.18086	0.00945	0.01146	0.01166	0.00502	0.00569
38	0.01247	0.00925	0.01198	0.01282	0.01499	0.00876	0.01063	0.01603	0.02072	0.02718	0.21031	0.08442	0.18842	0.02148	0.01093	0.00336	0.00606	0.31418	0.00825	0.00774
39	0.01006	0.00862	0.00862	0.00862	0.01149	0.00718	0.00647	0.01221	0.01940	0.02299	0.08621	0.08190	0.64438	0.02155	0.01006	0.00287	0.00431	0.01796	0.00790	0.00718
40	0.02131	0.58928	0.10587	0.01538	0.02275	0.03039	0.01586	0.02470	0.01729	0.02086	0.01459	0.06087	0.01402	0.00869	0.00610	0.00202	0.00918	0.00608	0.00393	0.01082
41	0.02817	0.20004	0.05476	0.01961	0.02516	0.38850	0.01631	0.09293	0.02342	0.02432	0.01412	0.01638	0.01178	0.01098	0.03654	0.00267	0.01340	0.00568	0.00462	0.01062
42	0.01273	0.01029	0.01351	0.01592	0.09531	0.00974	0.01049	0.01593	0.01931	0.02558	0.14380	0.06402	0.30628	0.02396	0.09157	0.00420	0.00767	0.07413	0.04727	0.00829
43	0.14886	0.01805	0.07547	0.02983	0.28900	0.01621	0.01813	0.02246	0.01892	0.02946	0.09539	0.03714	0.10878	0.01165	0.00844	0.00271	0.00809	0.04493	0.00564	0.01084
44	0.21330	0.01910	0.05197	0.03009	0.27932	0.04599	0.01815	0.02545	0.05524	0.02951	0.01891	0.02772	0.01676	0.01118	0.00962	0.05416	0.00889	0.06865	0.00509	0.01090

[dist]
# distance from previous block
# <min> <max>
2	64

[block]
# block no. 6 follows, 21 sequences, length 12
# corresponding to MSA columns:
# 577-588
name=unknown_G
#
# <colnr> <probs for GDERKNQSTAVLIFYWHMCP>
#	G	D	E	R	K	N	Q	S	T	A	V	L	I	F	Y	W	H	M	C	P
0	0.02438	0.13152	0.03115	0.12461	0.25084	0.24887	0.02061	0.02816	0.02039	0.02331	0.01424	0.01815	0.01190	0.00808	0.00772	0.00235	0.01197	0.00638	0.00412	0.01125
1	0.09520	0.09203	0.23896	0.02361	0.09009	0.16209	0.02143	0.02948	0.07911	0.02667	0.01590	0.01831	0.01246	0.00885	0.00878	0.00257	0.05214	0.00632	0.00450	0.01149
2	0.02176	0.01298	0.01700	0.01727	0.07355	0.01282	0.01222	0.08605	0.04688	0.17986	0.05843	0.13563	0.05519	0.07364	0.04506	0.00389	0.00791	0.08432	0.04503	0.01049
3	0.02975	0.01590	0.02117	0.01624	0.02276	0.01437	0.04872	0.09288	0.05671	0.35609	0.02813	0.06098	0.02026	0.01032	0.00829	0.00241	0.00753	0.00870	0.00855	0.17024
4	0.02368	0.02094	0.03156	0.04263	0.46741	0.02170	0.02308	0.16457	0.06001	0.03424	0.01812	0.02154	0.01444	0.00842	0.00846	0.00255	0.00974	0.00772	0.00547	0.01371
5	0.01336	0.00873	0.01181	0.01181	0.01348	0.00976	0.00912	0.01670	0.01503	0.02364	0.02441	0.03288	0.02145	0.04633	0.45261	0.00988	0.01668	0.00873	0.24587	0.00771
6	0.02355	0.02493	0.03213	0.04522	0.50398	0.16987	0.02388	0.02794	0.02047	0.02619	0.01535	0.01974	0.01290	0.00786	0.00825	0.00245	0.01132	0.00710	0.00425	0.01264
7	0.01607	0.01513	0.02552	0.68047	0.05861	0.01891	0.02363	0.02174	0.01702	0.02174	0.01513	0.02269	0.01134	0.00851	0.00851	0.00284	0.01134	0.00756	0.00378	0.00945
8	0.01435	0.01178	0.01628	0.22898	0.02860	0.01280	0.01356	0.07571	0.01949	0.02515	0.04146	0.29265	0.14982	0.01816	0.00971	0.00305	0.00734	0.01596	0.00662	0.00854
9	0.01022	0.00863	0.00884	0.00879	0.01159	0.00725	0.00659	0.01253	0.01978	0.02389	0.13151	0.08041	0.59851	0.02121	0.01006	0.00286	0.00429	0.01775	0.00802	0.00725
10	0.01814	0.01287	0.01399	0.01263	0.01674	0.01286	0.00981	0.02811	0.23413	0.12178	0.06033	0.05647	0.33526	0.01641	0.00935	0.00284	0.00560	0.01364	0.00856	0.01047
11	0.01191	0.00805	0.00942	0.00988	0.00999	0.00794	0.00579	0.01225	0.01328	0.01771	0.03146	0.20375	0.03681	0.54486	0.03580	0.00714	0.00748	0.01511	0.00579	0.00556

[dist]
# distance from previous block
# <min> <max>
0	1

[block]
# block no. 7 follows, 21 sequences, length 48
# corresponding to MSA columns:
# 590-637
name=unknown_H
#
# <colnr> <probs for GDERKNQSTAVLIFYWHMCP>
#	G	D	E	R	K	N	Q	S	T	A	V	L	I	F	Y	W	H	M	C	P
0	0.53473	0.15941	0.08510	0.01322	0.01964	0.02212	0.01258	0.02531	0.01541	0.03334	0.01220	0.01421	0.00972	0.00779	0.00559	0.00247	0.00771	0.00477	0.00476	0.00991
1	0.02331	0.05935	0.03032	0.15236	0.06080	0.13983	0.13946	0.13533	0.02351	0.02942	0.01791	0.02467	0.01470	0.00927	0.00854	0.00255	0.01155	0.04411	0.00523	0.06777
2	0.01876	0.02319	0.20838	0.01797	0.02399	0.01671	0.01763	0.18668	0.02307	0.03194	0.02677	0.21415	0.02623	0.02155	0.09844	0.00436	0.01088	0.01217	0.00633	0.01081
3	0.76103	0.01646	0.01251	0.01119	0.01646	0.01909	0.00922	0.02502	0.01448	0.03818	0.01185	0.01382	0.00922	0.00790	0.00527	0.00263	0.00658	0.00461	0.00527	0.00922
4	0.02106	0.02022	0.03454	0.05223	0.64784	0.02022	0.02612	0.02612	0.01938	0.02780	0.01601	0.02106	0.01348	0.00758	0.00842	0.00253	0.01011	0.00758	0.00421	0.01348
5	0.01878	0.01942	0.06333	0.19492	0.37374	0.01899	0.05019	0.02490	0.04416	0.02625	0.02194	0.02646	0.06149	0.00904	0.00863	0.00267	0.01014	0.00850	0.00455	0.01190
6	0.01777	0.02518	0.21390	0.03165	0.26662	0.05083	0.02246	0.02339	0.01900	0.02654	0.06922	0.14730	0.02553	0.01206	0.00886	0.00274	0.00971	0.01074	0.00511	0.01139
7	0.01195	0.00813	0.00968	0.01008	0.01028	0.00813	0.00606	0.01245	0.01325	0.01777	0.03064	0.18427	0.03548	0.52374	0.07606	0.00762	0.00849	0.01457	0.00568	0.00567
8	0.01037	0.00741	0.00987	0.01185	0.01234	0.00691	0.00790	0.01185	0.01629	0.02172	0.04690	0.69537	0.05629	0.02666	0.01086	0.00346	0.00494	0.02419	0.00790	0.00691
9	0.01897	0.02634	0.20067	0.08403	0.21147	0.02137	0.13053	0.02511	0.01771	0.02559	0.01502	0.02022	0.01205	0.00914	0.01243	0.00289	0.14314	0.00765	0.00394	0.01177
10	0.03000	0.03758	0.02438	0.02198	0.02577	0.57981	0.01674	0.03215	0.02261	0.02078	0.01289	0.01579	0.01099	0.00960	0.01042	0.00240	0.10627	0.00575	0.00430	0.00979
11	0.01098	0.00866	0.00990	0.00959	0.01206	0.00758	0.00719	0.01400	0.02157	0.02815	0.34457	0.07340	0.38280	0.01963	0.01005	0.00278	0.00417	0.01677	0.00858	0.00758
12	0.02378	0.02282	0.02845	0.21608	0.25199	0.12462	0.02177	0.15187	0.02385	0.03047	0.01624	0.02047	0.01269	0.00859	0.00835	0.00257	0.01114	0.00726	0.00503	0.01199
13	0.02348	0.02177	0.11188	0.03053	0.26232	0.01786	0.02016	0.07596	0.05994	0.12850	0.02003	0.02188	0.01501	0.00834	0.00803	0.00236	0.00902	0.00723	0.00589	0.14982
14	0.02404	0.13113	0.02773	0.02042	0.02347	0.22227	0.01679	0.07087	0.01916	0.02301	0.01311	0.01765	0.01177	0.01368	0.04538	0.00332	0.29536	0.00649	0.00432	0.01005
15	0.03235	0.02384	0.02554	0.01958	0.02639	0.02639	0.01618	0.61946	0.04001	0.05363	0.02043	0.02043	0.01447	0.01022	0.00851	0.00255	0.00936	0.00766	0.00851	0.01447
16	0.01048	0.00846	0.00938	0.00989	0.01217	0.00736	0.00736	0.01272	0.01901	0.02345	0.10226	0.20669	0.45449	0.02253	0.01034	0.00306	0.00468	0.06050	0.00797	0.00722
17	0.01204	0.00870	0.01138	0.01071	0.01271	0.00803	0.00803	0.01606	0.02409	0.03413	0.64335	0.06357	0.08030	0.01740	0.01004	0.00268	0.00401	0.01539	0.00937	0.00803
18	0.01982	0.01919	0.03339	0.20008	0.47016	0.01999	0.06278	0.02515	0.01886	0.02633	0.01587	0.02157	0.01294	0.00778	0.00855	0.00262	0.01067	0.00773	0.00412	0.01240
19	0.76103	0.01646	0.01251	0.01119	0.01646	0.01909	0.00922	0.02502	0.01448	0.03818	0.01185	0.01382	0.00922	0.00790	0.00527	0.00263	0.00658	0.00461	0.00527	0.00922
20	0.01478	0.00739	0.01109	0.01109	0.01109	0.00739	0.00739	0.01109	0.01109	0.01478	0.01478	0.02587	0.01478	0.02956	0.03326	0.75240	0.00739	0.00739	0.00370	0.00370
21	0.01016	0.00862	0.00876	0.00872	0.01156	0.00723	0.00654	0.01240	0.01963	0.02354	0.11392	0.08099	0.61633	0.02135	0.01006	0.00286	0.00430	0.01783	0.00798	0.00723
22	0.01244	0.00903	0.01324	0.01324	0.01479	0.01043	0.01028	0.01555	0.01400	0.02067	0.02317	0.03330	0.02132	0.05971	0.61672	0.01278	0.02136	0.00903	0.06133	0.00762
23	0.02169	0.02142	0.03393	0.05045	0.61123	0.05830	0.02555	0.02658	0.01966	0.02739	0.01584	0.02073	0.01333	0.00765	0.00838	0.00251	0.01042	0.00746	0.00422	0.01327
24	0.02350	0.01409	0.01760	0.01528	0.01924	0.01466	0.01205	0.18696	0.02398	0.17922	0.02959	0.16331	0.02647	0.02894	0.19705	0.00593	0.01180	0.01165	0.00774	0.01098
25	0.02275	0.70604	0.04459	0.01456	0.02184	0.03367	0.01456	0.02548	0.01729	0.02002	0.01183	0.01365	0.01092	0.00728	0.00546	0.00182	0.00910	0.00455	0.00364	0.01092
26	0.02159	0.01588	0.01733	0.01452	0.01847	0.01682	0.01117	0.30872	0.02817	0.03743	0.08456	0.09193	0.12152	0.15412	0.01612	0.00384	0.00760	0.01207	0.00776	0.01038
27	0.01874	0.02405	0.17473	0.12126	0.24682	0.01895	0.05292	0.02736	0.09574	0.02806	0.05118	0.02404	0.01758	0.00874	0.00843	0.00260	0.01009	0.00792	0.00489	0.05589
28	0.01836	0.01749	0.02586	0.07165	0.02619	0.04714	0.11297	0.02183	0.01586	0.02372	0.01620	0.02269	0.01395	0.01457	0.05241	0.00366	0.33709	0.00797	0.14103	0.00935
29	0.02039	0.01953	0.03332	0.13749	0.56788	0.02004	0.02578	0.02552	0.01906	0.02698	0.01589	0.02128	0.01319	0.00771	0.00844	0.00257	0.01028	0.00758	0.00415	0.01293
30	0.01519	0.00799	0.00819	0.00819	0.00979	0.00799	0.00580	0.01839	0.01679	0.02879	0.02758	0.03636	0.02358	0.14338	0.01317	0.00319	0.00479	0.00879	0.60465	0.00740
31	0.01238	0.00825	0.00928	0.00928	0.00928	0.00825	0.00516	0.01238	0.01238	0.01650	0.02681	0.05569	0.03094	0.70092	0.04331	0.00825	0.00825	0.01238	0.00516	0.00516
32	0.01397	0.01124	0.01438	0.01354	0.01361	0.01340	0.00956	0.01473	0.01310	0.01840	0.02486	0.13140	0.02846	0.40412	0.03431	0.00625	0.21043	0.01250	0.00510	0.00664
33	0.01148	0.00868	0.01059	0.01011	0.01237	0.00779	0.00758	0.01496	0.02275	0.03095	0.48463	0.06879	0.24099	0.01858	0.01004	0.00273	0.00410	0.01612	0.00895	0.00779
