[name]
unknown

[dist]
# distance from previous block
# <min> <max>
0	0

[block]
# block no. 0 follows, 21 sequences, length 31
# corresponding to MSA columns:
# 0-30
name=unknown_A
#
# <colnr> <probs for GDERKNQSTAVLIFYWHMCP>
#	G	D	E	R	K	N	Q	S	T	A	V	L	I	F	Y	W	H	M	C	P
0	0.01371	0.00980	0.01371	0.01567	0.01763	0.00980	0.01371	0.01763	0.01959	0.02547	0.04506	0.09599	0.04898	0.02351	0.01175	0.00392	0.00784	0.59056	0.00784	0.00784
1	0.03011	0.10744	0.02694	0.02328	0.06919	0.55670	0.01692	0.03256	0.02309	0.02123	0.01322	0.01557	0.01113	0.00853	0.00750	0.00218	0.01434	0.00553	0.00430	0.01023
2	0.01776	0.10248	0.57428	0.02462	0.06250	0.02103	0.02969	0.02678	0.01797	0.02637	0.01500	0.01772	0.01091	0.00799	0.00786	0.00261	0.01216	0.00619	0.00362	0.01247
3	0.01627	0.01469	0.02391	0.42256	0.16114	0.01697	0.02032	0.02066	0.01652	0.02183	0.01769	0.02915	0.01578	0.15049	0.01564	0.00389	0.01047	0.00855	0.00415	0.00934
4	0.01392	0.01133	0.01619	0.01528	0.01637	0.01414	0.01207	0.01656	0.01365	0.02034	0.02041	0.03091	0.01935	0.08286	0.44678	0.01040	0.18249	0.00883	0.04022	0.00790
5	0.01080	0.00772	0.00962	0.01094	0.01156	0.00725	0.00713	0.01201	0.01570	0.02065	0.04613	0.48853	0.10792	0.18101	0.01824	0.00450	0.00564	0.02087	0.00727	0.00654
6	0.01034	0.00852	0.00909	0.00918	0.01173	0.00727	0.00680	0.01267	0.01972	0.02431	0.15431	0.13469	0.51899	0.02148	0.01013	0.00290	0.00433	0.01819	0.00809	0.00727
7	0.03070	0.03827	0.02362	0.02145	0.02588	0.60050	0.01614	0.03514	0.08655	0.02234	0.01536	0.01703	0.01250	0.00905	0.00777	0.00226	0.01446	0.00591	0.00482	0.01024
8	0.03179	0.04056	0.02412	0.02192	0.02631	0.66676	0.01644	0.03398	0.02412	0.02083	0.01315	0.01535	0.01096	0.00877	0.00767	0.00219	0.01535	0.00548	0.00438	0.00987
9	0.01023	0.00863	0.00886	0.00880	0.01160	0.00726	0.00660	0.01254	0.01980	0.02394	0.13355	0.08034	0.59645	0.02120	0.01006	0.00286	0.00429	0.01774	0.00803	0.00726
10	0.01169	0.00925	0.01430	0.01409	0.01571	0.00863	0.07043	0.01424	0.01819	0.02469	0.15900	0.50439	0.05647	0.02287	0.01062	0.00325	0.00573	0.02104	0.00781	0.00760
11	0.01044	0.00864	0.00915	0.00902	0.01173	0.00735	0.00676	0.01295	0.02029	0.02512	0.19273	0.07839	0.53654	0.02076	0.01005	0.00284	0.00425	0.01747	0.00818	0.00735
12	0.02106	0.02022	0.03454	0.05223	0.64784	0.02022	0.02612	0.02612	0.01938	0.02780	0.01601	0.02106	0.01348	0.00758	0.00842	0.00253	0.01011	0.00758	0.00421	0.01348
13	0.02712	0.02968	0.02185	0.01946	0.02362	0.38367	0.01498	0.14213	0.02463	0.02688	0.01690	0.02073	0.01415	0.02246	0.16847	0.00506	0.01601	0.00679	0.00522	0.01020
14	0.01363	0.00986	0.01200	0.01152	0.01318	0.01005	0.00819	0.06817	0.01862	0.02526	0.16011	0.11507	0.10318	0.24109	0.14605	0.00661	0.00953	0.01368	0.00676	0.00743
15	0.01420	0.01169	0.01288	0.01226	0.01535	0.01194	0.00927	0.02391	0.22078	0.02971	0.20150	0.11618	0.25187	0.01773	0.00967	0.00288	0.00509	0.01517	0.00851	0.00942
16	0.05293	0.01203	0.01496	0.01267	0.01701	0.01109	0.01004	0.02824	0.06550	0.28605	0.23902	0.04809	0.13785	0.01445	0.00915	0.00270	0.00567	0.01217	0.00940	0.01096
17	0.01947	0.01876	0.03242	0.24610	0.43950	0.01987	0.05066	0.02481	0.01868	0.02590	0.01579	0.02165	0.01279	0.00785	0.00852	0.00264	0.01067	0.00768	0.00408	0.01215
18	0.01607	0.01513	0.02552	0.68047	0.05861	0.01891	0.02363	0.02174	0.01702	0.02174	0.01513	0.02269	0.01134	0.00851	0.00851	0.00284	0.01134	0.00756	0.00378	0.00945
19	0.01289	0.01014	0.01486	0.01444	0.01572	0.01226	0.01128	0.01566	0.01354	0.01968	0.02168	0.03282	0.02060	0.08826	0.56620	0.01231	0.09642	0.00908	0.00449	0.00768
20	0.02654	0.02209	0.02045	0.01724	0.02234	0.14280	0.01361	0.21674	0.15356	0.10050	0.08572	0.03254	0.08430	0.01200	0.00868	0.00260	0.00878	0.00944	0.00798	0.01210
21	0.02089	0.02011	0.03395	0.05015	0.60422	0.02063	0.02559	0.02572	0.01894	0.02729	0.01567	0.02089	0.01332	0.00809	0.00978	0.00261	0.05719	0.00757	0.00418	0.01319
22	0.01586	0.00793	0.00793	0.00793	0.00991	0.00793	0.00595	0.01983	0.01785	0.03173	0.02776	0.03173	0.02181	0.00991	0.00595	0.00198	0.00397	0.00793	0.74817	0.00793
23	0.01222	0.00963	0.01163	0.01168	0.01446	0.00831	0.00884	0.01473	0.01798	0.02385	0.05181	0.29179	0.21614	0.02076	0.00990	0.00294	0.00549	0.10975	0.00734	0.15077
24	0.01216	0.00912	0.01368	0.01368	0.01520	0.01064	0.01064	0.01520	0.01368	0.01976	0.02279	0.03343	0.02127	0.06382	0.66720	0.01368	0.02279	0.00912	0.00456	0.00760
25	0.01989	0.01902	0.03242	0.19984	0.50940	0.01991	0.02553	0.02509	0.01882	0.02638	0.01580	0.02144	0.01298	0.00780	0.00844	0.00260	0.01040	0.00758	0.00411	0.01253
26	0.02267	0.05452	0.02868	0.25913	0.22719	0.21710	0.02181	0.02697	0.01991	0.02324	0.01465	0.01956	0.01186	0.00825	0.00810	0.00250	0.01209	0.00680	0.00409	0.01087
27	0.14871	0.05387	0.17783	0.18360	0.09559	0.12200	0.02145	0.05487	0.01928	0.02776	0.01450	0.01825	0.01112	0.00829	0.00759	0.00258	0.01115	0.00631	0.00435	0.01093
28	0.10012	0.24277	0.15147	0.02132	0.08179	0.11952	0.01881	0.12034	0.02189	0.02931	0.01441	0.01647	0.01151	0.00820	0.00701	0.00230	0.01055	0.00579	0.00472	0.01170
29	0.08753	0.37154	0.16171	0.01636	0.02381	0.08864	0.01690	0.02521	0.01806	0.02346	0.02030	0.02172	0.07576	0.00911	0.00667	0.00222	0.00971	0.00638	0.00429	0.01062
30	0.21702	0.02446	0.08340	0.02298	0.14216	0.15051	0.01642	0.02728	0.01881	0.05691	0.01487	0.01736	0.01175	0.00784	0.00699	0.00226	0.00962	0.00578	0.00491	0.15870

[dist]
# distance from previous block
# <min> <max>
0	1

[block]
# block no. 1 follows, 21 sequences, length 22
# corresponding to MSA columns:
# 32-53
name=unknown_B
#
# <colnr> <probs for GDERKNQSTAVLIFYWHMCP>
#	G	D	E	R	K	N	Q	S	T	A	V	L	I	F	Y	W	H	M	C	P
0	0.02495	0.18399	0.07070	0.02194	0.08707	0.32424	0.01685	0.02832	0.02168	0.02360	0.10038	0.02238	0.02078	0.00946	0.00761	0.00224	0.01166	0.00691	0.00484	0.01040
1	0.29626	0.02712	0.02065	0.01872	0.04807	0.25761	0.01415	0.16540	0.02409	0.03498	0.01447	0.01620	0.01124	0.00874	0.00702	0.00245	0.01057	0.00575	0.00565	0.01084
2	0.18059	0.01090	0.01121	0.01058	0.01362	0.01099	0.00809	0.01827	0.05598	0.03031	0.24666	0.05372	0.23467	0.01704	0.01045	0.05332	0.00508	0.01289	0.00756	0.00806
3	0.01035	0.00827	0.00927	0.00978	0.01187	0.00719	0.00704	0.01250	0.01896	0.02375	0.13113	0.25939	0.41534	0.02263	0.01029	0.00302	0.00446	0.01952	0.00805	0.00719
4	0.01190	0.00914	0.01108	0.01197	0.01366	0.00886	0.00865	0.01644	0.08636	0.02502	0.11343	0.39823	0.16895	0.02284	0.01044	0.00323	0.00512	0.05868	0.00813	0.00787
5	0.01310	0.01027	0.01484	0.20664	0.02516	0.01154	0.01189	0.01549	0.01458	0.01941	0.02598	0.14546	0.02772	0.28595	0.12967	0.00678	0.01099	0.01234	0.00510	0.00709
6	0.01070	0.00754	0.00978	0.01143	0.01184	0.00713	0.00745	0.01194	0.01565	0.02087	0.04363	0.59103	0.05215	0.13664	0.01616	0.00424	0.00548	0.02227	0.00745	0.00663
7	0.01216	0.00912	0.01368	0.01368	0.01520	0.01064	0.01064	0.01520	0.01368	0.01976	0.02279	0.03343	0.02127	0.06382	0.66720	0.01368	0.02279	0.00912	0.00456	0.00760
8	0.01938	0.01821	0.03074	0.16634	0.47353	0.01892	0.02440	0.02444	0.01896	0.02643	0.01878	0.02895	0.01667	0.00937	0.00878	0.00273	0.01011	0.06661	0.00450	0.01215
9	0.01298	0.00824	0.01034	0.01066	0.01168	0.00859	0.00744	0.01495	0.01474	0.02211	0.02873	0.14644	0.02937	0.20779	0.20319	0.03690	0.01066	0.01205	0.19638	0.00678
10	0.02777	0.01605	0.01795	0.01442	0.01946	0.01668	0.01170	0.27534	0.02858	0.18077	0.02600	0.02638	0.01858	0.01018	0.00761	0.00237	0.00696	0.00796	0.27311	0.01214
11	0.02037	0.01952	0.03330	0.13905	0.56641	0.02004	0.02577	0.02551	0.01905	0.02697	0.01589	0.02129	0.01318	0.00771	0.00844	0.00257	0.01028	0.00758	0.00415	0.01292
12	0.01655	0.01339	0.01946	0.02469	0.20503	0.04179	0.01451	0.01871	0.01556	0.02192	0.01885	0.02708	0.01704	0.03309	0.25220	0.17515	0.01391	0.00803	0.05442	0.00862
13	0.01216	0.00912	0.01368	0.01368	0.01520	0.01064	0.01064	0.01520	0.01368	0.01976	0.02279	0.03343	0.02127	0.06382	0.66720	0.01368	0.02279	0.00912	0.00456	0.00760
14	0.02037	0.01952	0.03330	0.13905	0.56641	0.02004	0.02577	0.02551	0.01905	0.02697	0.01589	0.02129	0.01318	0.00771	0.00844	0.00257	0.01028	0.00758	0.00415	0.01292
15	0.01893	0.10537	0.37676	0.03079	0.16606	0.02156	0.10945	0.02666	0.01849	0.02645	0.01534	0.01886	0.01166	0.00777	0.00815	0.00259	0.01193	0.00690	0.00383	0.01244
16	0.01142	0.00770	0.01019	0.01122	0.01206	0.00719	0.00767	0.01232	0.01667	0.02222	0.12708	0.41606	0.11110	0.02543	0.01501	0.14859	0.00522	0.01909	0.00729	0.00647
17	0.06118	0.01822	0.02198	0.02339	0.16129	0.01931	0.01527	0.26143	0.06391	0.03874	0.03132	0.03208	0.11816	0.01140	0.00833	0.00257	0.00786	0.00931	0.08218	0.01207
18	0.02536	0.02098	0.02002	0.02012	0.09013	0.16587	0.01390	0.03460	0.19952	0.13672	0.02605	0.02736	0.01988	0.04070	0.00952	0.00275	0.00884	0.00813	0.11793	0.01162
19	0.01186	0.00863	0.01181	0.01174	0.01331	0.00871	0.00872	0.01505	0.01924	0.02715	0.33948	0.14103	0.05630	0.06144	0.21919	0.00649	0.01025	0.01450	0.00747	0.00762
20	0.05634	0.27517	0.32098	0.02402	0.11492	0.02475	0.02360	0.02622	0.01775	0.02515	0.01398	0.01665	0.01113	0.00772	0.00706	0.00236	0.01070	0.00577	0.00378	0.01195
21	0.04771	0.01914	0.02271	0.17285	0.13009	0.10731	0.01748	0.11511	0.02121	0.02776	0.02111	0.02625	0.04677	0.02206	0.16022	0.00515	0.01350	0.00808	0.00511	0.01039

[dist]
# distance from previous block
# <min> <max>
3	9

[block]
# block no. 2 follows, 21 sequences, length 16
# corresponding to MSA columns:
# 64-79
name=unknown_C
#
# <colnr> <probs for GDERKNQSTAVLIFYWHMCP>
#	G	D	E	R	K	N	Q	S	T	A	V	L	I	F	Y	W	H	M	C	P
0	0.02450	0.01953	0.02430	0.08941	0.12472	0.02033	0.01670	0.30524	0.02837	0.03902	0.01993	0.06587	0.01646	0.00996	0.00821	0.00238	0.00877	0.00823	0.00663	0.16142
1	0.09908	0.02774	0.07507	0.07544	0.26856	0.21696	0.02104	0.06832	0.02146	0.02802	0.01491	0.01842	0.01201	0.00825	0.00786	0.00247	0.01156	0.00655	0.00459	0.01169
2	0.01972	0.06087	0.18349	0.10304	0.41316	0.02068	0.02656	0.02587	0.01871	0.02662	0.01553	0.02009	0.01250	0.00778	0.00820	0.00256	0.01077	0.00711	0.00399	0.01275
3	0.02273	0.02722	0.10906	0.24485	0.15520	0.18672	0.02256	0.08296	0.02159	0.02634	0.01531	0.01966	0.01187	0.00851	0.00822	0.00257	0.01212	0.00687	0.00444	0.01120
4	0.01080	0.00774	0.01026	0.01156	0.01244	0.00720	0.00793	0.01293	0.01830	0.02492	0.20042	0.53276	0.06247	0.02428	0.01065	0.00326	0.00470	0.02193	0.00828	0.00720
5	0.01626	0.01250	0.01666	0.01524	0.01712	0.01511	0.01218	0.08467	0.01711	0.02544	0.02092	0.02876	0.01856	0.04017	0.36907	0.00873	0.15145	0.00845	0.11286	0.00876
6	0.01088	0.00875	0.00976	0.00979	0.01237	0.00763	0.00753	0.01365	0.02054	0.02590	0.21597	0.07884	0.45271	0.02074	0.01021	0.00293	0.00457	0.07154	0.00825	0.00745
7	0.09481	0.02482	0.18372	0.01834	0.02577	0.01967	0.01785	0.15194	0.17078	0.13951	0.05000	0.02511	0.01964	0.01012	0.00820	0.00270	0.00872	0.00796	0.00734	0.01298
8	0.01216	0.00912	0.01368	0.01368	0.01520	0.01064	0.01064	0.01520	0.01368	0.01976	0.02279	0.03343	0.02127	0.06382	0.66720	0.01368	0.02279	0.00912	0.00456	0.00760
9	0.02117	0.01828	0.01924	0.01732	0.02213	0.02117	0.01347	0.04522	0.63246	0.03560	0.03464	0.03175	0.02598	0.01155	0.00866	0.00289	0.00673	0.00962	0.00866	0.01347
10	0.03205	0.03275	0.02478	0.02083	0.02635	0.36780	0.01632	0.30732	0.03154	0.03614	0.01655	0.01772	0.01260	0.00944	0.00807	0.00236	0.01255	0.00650	0.00631	0.01202
11	0.02437	0.59115	0.04139	0.01541	0.02261	0.03245	0.01483	0.12551	0.02112	0.02568	0.01328	0.01479	0.01152	0.00777	0.00597	0.00194	0.00915	0.00507	0.00446	0.01152
12	0.01881	0.01792	0.03047	0.33566	0.38201	0.01963	0.02500	0.02414	0.01831	0.02507	0.01561	0.02180	0.01252	0.00800	0.00846	0.00267	0.01067	0.00757	0.00402	0.01166
13	0.09451	0.28175	0.09028	0.02040	0.06488	0.22584	0.01724	0.02791	0.01905	0.02317	0.01279	0.01541	0.01094	0.00841	0.00809	0.00227	0.05694	0.00540	0.00406	0.01064
14	0.01627	0.01404	0.02212	0.03000	0.30385	0.01371	0.01663	0.02075	0.02168	0.03074	0.32248	0.04592	0.04794	0.01325	0.00940	0.00268	0.00702	0.04409	0.00692	0.01051
15	0.02106	0.02022	0.03454	0.05223	0.64784	0.02022	0.02612	0.02612	0.01938	0.02780	0.01601	0.02106	0.01348	0.00758	0.00842	0.00253	0.01011	0.00758	0.00421	0.01348

[dist]
# distance from previous block
# <min> <max>
0	5

[block]
# block no. 3 follows, 21 sequences, length 92
# corresponding to MSA columns:
# 85-176
name=unknown_D
#
# <colnr> <probs for GDERKNQSTAVLIFYWHMCP>
#	G	D	E	R	K	N	Q	S	T	A	V	L	I	F	Y	W	H	M	C	P
0	0.01169	0.00926	0.01066	0.01091	0.01317	0.00865	0.00809	0.01608	0.07351	0.02623	0.18593	0.21901	0.30608	0.02111	0.01020	0.00302	0.00478	0.04546	0.00827	0.00788
1	0.02525	0.02524	0.02974	0.14119	0.11823	0.17540	0.10952	0.17540	0.02527	0.03146	0.01642	0.01993	0.01263	0.00856	0.00842	0.00249	0.01183	0.00734	0.00531	0.05039
2	0.02781	0.03393	0.02470	0.02205	0.02511	0.47332	0.01710	0.02991	0.02077	0.02072	0.01256	0.01633	0.01103	0.01062	0.01379	0.00265	0.21764	0.00607	0.00419	0.00970
3	0.01066	0.00864	0.00945	0.00925	0.01186	0.00744	0.00694	0.01337	0.02081	0.02635	0.25442	0.07636	0.47407	0.02030	0.01005	0.00281	0.00422	0.01718	0.00835	0.00744
4	0.02062	0.01977	0.03375	0.10743	0.59607	0.02010	0.02590	0.02573	0.01917	0.02727	0.01593	0.02121	0.01329	0.00766	0.00843	0.00255	0.01022	0.00758	0.00417	0.01313
5	0.02618	0.03189	0.03173	0.08211	0.03414	0.39200	0.19814	0.03020	0.02190	0.02281	0.01491	0.01895	0.01197	0.01033	0.03316	0.00288	0.01498	0.00717	0.00432	0.01023
6	0.01607	0.01513	0.02552	0.68047	0.05861	0.01891	0.02363	0.02174	0.01702	0.02174	0.01513	0.02269	0.01134	0.00851	0.00851	0.00284	0.01134	0.00756	0.00378	0.00945
7	0.01085	0.00885	0.00973	0.01006	0.01272	0.00772	0.00792	0.01344	0.01968	0.02404	0.10746	0.08361	0.50258	0.02171	0.01038	0.00306	0.00496	0.12594	0.00797	0.00735
8	0.01101	0.00902	0.01073	0.01111	0.01280	0.00874	0.00812	0.01299	0.01794	0.02289	0.09432	0.30510	0.34060	0.02268	0.01188	0.00315	0.06274	0.01926	0.00762	0.00731
9	0.02080	0.01996	0.03408	0.08466	0.61742	0.02015	0.02599	0.02589	0.01926	0.02749	0.01596	0.02115	0.01337	0.00763	0.00843	0.00254	0.01017	0.00758	0.00419	0.01327
10	0.01682	0.01667	0.02986	0.14642	0.03381	0.01913	0.19801	0.02131	0.01608	0.02256	0.01692	0.02475	0.01450	0.02480	0.19426	0.00603	0.17571	0.00871	0.00414	0.00952
11	0.02024	0.01932	0.03006	0.04374	0.49624	0.05217	0.02327	0.02493	0.01967	0.02700	0.02134	0.03491	0.02005	0.01065	0.00901	0.00277	0.00996	0.11755	0.00491	0.01222
12	0.01098	0.00866	0.00990	0.00959	0.01206	0.00758	0.00719	0.01399	0.02157	0.02814	0.34403	0.07342	0.38334	0.01963	0.01005	0.00278	0.00417	0.01677	0.00858	0.00758
13	0.01200	0.00915	0.01122	0.01169	0.01378	0.00862	0.00899	0.01605	0.05187	0.02715	0.23086	0.19234	0.21864	0.02117	0.01047	0.00313	0.00517	0.13153	0.00836	0.00783
14	0.01794	0.01619	0.02295	0.02687	0.20870	0.07160	0.06677	0.02204	0.01764	0.02515	0.02035	0.02690	0.01740	0.02714	0.23124	0.00620	0.01409	0.00819	0.14268	0.00997
15	0.03179	0.04056	0.02412	0.02192	0.02631	0.66676	0.01644	0.03398	0.02412	0.02083	0.01315	0.01535	0.01096	0.00877	0.00767	0.00219	0.01535	0.00548	0.00438	0.00987
16	0.01216	0.00828	0.00922	0.00922	0.00949	0.00815	0.00528	0.01236	0.01303	0.01711	0.03235	0.05813	0.08815	0.63756	0.04021	0.00775	0.00788	0.01290	0.00541	0.00535
17	0.08617	0.01964	0.02794	0.17876	0.12042	0.04915	0.11321	0.10240	0.05061	0.03060	0.01683	0.02073	0.01299	0.00814	0.00808	0.00247	0.01014	0.00732	0.00513	0.12928
18	0.01148	0.00842	0.01098	0.01242	0.01385	0.00792	0.00945	0.01402	0.01844	0.02413	0.10464	0.36687	0.14441	0.02413	0.01094	0.00344	0.00564	0.19349	0.00801	0.00733
19	0.01189	0.00902	0.01109	0.01161	0.01338	0.00863	0.00843	0.01628	0.07195	0.02702	0.23219	0.32378	0.15536	0.02162	0.01033	0.00310	0.00483	0.04319	0.00841	0.00789
20	0.01177	0.00825	0.00921	0.00938	0.00995	0.00794	0.00563	0.01230	0.01402	0.01815	0.03957	0.11524	0.14716	0.51698	0.03436	0.00684	0.00723	0.01442	0.00590	0.00568
21	0.01435	0.01034	0.01330	0.01267	0.01418	0.01140	0.00919	0.07734	0.01595	0.02210	0.02403	0.04028	0.02413	0.29327	0.36815	0.01051	0.01602	0.01017	0.00519	0.00742
22	0.15540	0.01182	0.01294	0.01267	0.01561	0.01234	0.00990	0.05603	0.07269	0.03159	0.18308	0.17281	0.10042	0.01768	0.00934	0.00303	0.00583	0.10019	0.00784	0.00880
23	0.01320	0.00801	0.00934	0.00995	0.01113	0.00781	0.00694	0.01571	0.01701	0.02590	0.08800	0.23055	0.03987	0.14650	0.01506	0.00375	0.00526	0.04460	0.29428	0.00712
24	0.01233	0.00858	0.01040	0.01084	0.01155	0.00840	0.00700	0.03566	0.01647	0.02223	0.11628	0.29799	0.04650	0.32806	0.02526	0.00547	0.00647	0.01708	0.00688	0.00656
25	0.01396	0.00976	0.01159	0.01084	0.01265	0.00958	0.00770	0.06646	0.02117	0.02958	0.32689	0.08134	0.07967	0.21506	0.01934	0.00428	0.00575	0.01386	0.05287	0.00766
26	0.01104	0.00778	0.01010	0.01170	0.01223	0.00742	0.00789	0.01246	0.01584	0.02107	0.04295	0.52193	0.05086	0.15369	0.01707	0.00440	0.00582	0.07172	0.00738	0.00666
27	0.01035	0.00822	0.00906	0.00965	0.01156	0.00719	0.00679	0.01212	0.01786	0.02205	0.06927	0.26488	0.41439	0.08116	0.01314	0.00351	0.00484	0.01936	0.00767	0.00693
28	0.01187	0.00931	0.01060	0.01047	0.01271	0.00873	0.00762	0.01624	0.07369	0.02675	0.23998	0.14516	0.29499	0.07811	0.01287	0.00335	0.00485	0.01674	0.00818	0.00778
29	0.01100	0.00837	0.01013	0.01031	0.01223	0.00749	0.00749	0.01382	0.02072	0.02758	0.32174	0.21976	0.25656	0.02094	0.01024	0.00293	0.00433	0.01831	0.00855	0.00749
30	0.01294	0.00986	0.01352	0.01356	0.01445	0.01141	0.01014	0.01515	0.01462	0.02123	0.02909	0.23280	0.03119	0.09491	0.26082	0.00759	0.11483	0.01359	0.07082	0.00747
31	0.02055	0.01448	0.01607	0.01380	0.01708	0.01535	0.01039	0.25970	0.02573	0.03516	0.08236	0.10922	0.05282	0.17440	0.01787	0.03560	0.00742	0.01163	0.07073	0.00963
32	0.15253	0.00960	0.00960	0.00946	0.01131	0.00993	0.00660	0.01682	0.01513	0.02582	0.02954	0.07344	0.07796	0.21157	0.01950	0.06819	0.00606	0.01026	0.22977	0.00689
33	0.01022	0.00798	0.00928	0.01032	0.01194	0.00704	0.00722	0.01202	0.01777	0.02233	0.06558	0.40382	0.33578	0.02423	0.01048	0.00318	0.00464	0.02123	0.00790	0.00704
34	0.02088	0.01122	0.01392	0.01268	0.01630	0.01032	0.00967	0.02546	0.08025	0.23868	0.07898	0.22788	0.18271	0.01805	0.00963	0.00294	0.00570	0.01555	0.00894	0.01024
35	0.01726	0.01408	0.01136	0.01112	0.01354	0.13022	0.00824	0.02038	0.01932	0.02748	0.05820	0.10222	0.12020	0.01338	0.00752	0.00233	0.00623	0.01086	0.39795	0.00808
36	0.01037	0.00741	0.00987	0.01185	0.01234	0.00691	0.00790	0.01185	0.01629	0.02172	0.04690	0.69537	0.05629	0.02666	0.01086	0.00346	0.00494	0.02419	0.00790	0.00691
37	0.01083	0.00796	0.00963	0.01053	0.01162	0.00733	0.00708	0.01244	0.01703	0.02225	0.11022	0.37629	0.18670	0.14997	0.01663	0.00414	0.00532	0.01973	0.00753	0.00676
38	0.01112	0.00832	0.00977	0.00999	0.01159	0.00757	0.00695	0.01325	0.01875	0.02462	0.22292	0.19777	0.24987	0.14971	0.01650	0.00395	0.00510	0.01747	0.00779	0.00698
39	0.01272	0.00995	0.01477	0.01444	0.01582	0.01199	0.01134	0.01566	0.01362	0.01982	0.02177	0.03213	0.02039	0.05953	0.61104	0.01280	0.08100	0.00897	0.00449	0.00775
40	0.03013	0.16365	0.02798	0.02047	0.02548	0.52458	0.01608	0.05477	0.02345	0.02193	0.01319	0.01523	0.01109	0.00855	0.00729	0.00214	0.01396	0.00539	0.00440	0.01024
41	0.03179	0.04056	0.02412	0.02192	0.02631	0.66676	0.01644	0.03398	0.02412	0.02083	0.01315	0.01535	0.01096	0.00877	0.00767	0.00219	0.01535	0.00548	0.00438	0.00987
42	0.02568	0.02802	0.02804	0.03171	0.22860	0.27000	0.02002	0.08012	0.02173	0.02592	0.01433	0.01832	0.01214	0.00974	0.01208	0.00264	0.14827	0.00676	0.00456	0.01134
43	0.02700	0.03232	0.02735	0.02704	0.11475	0.41196	0.04954	0.02979	0.02100	0.02208	0.01337	0.01722	0.01146	0.00975	0.01199	0.00258	0.14980	0.00641	0.00422	0.01035
44	0.01928	0.02007	0.02228	0.01987	0.02110	0.14092	0.01601	0.02153	0.01527	0.02034	0.01476	0.02211	0.01393	0.02729	0.20103	0.00619	0.37747	0.00754	0.00408	0.00894
45	0.01113	0.00866	0.01010	0.00974	0.01215	0.00764	0.00731	0.01428	0.02192	0.02897	0.38562	0.07205	0.34124	0.01932	0.01005	0.00277	0.00415	0.01658	0.00869	0.00764
46	0.01764	0.04004	0.54229	0.02645	0.03828	0.02010	0.14199	0.02701	0.01837	0.02701	0.01564	0.01891	0.01118	0.00791	0.00845	0.00273	0.01291	0.00700	0.00373	0.01237
47	0.01586	0.00793	0.00793	0.00793	0.00991	0.00793	0.00595	0.01983	0.01785	0.03173	0.02776	0.03173	0.02181	0.00991	0.00595	0.00198	0.00397	0.00793	0.74817	0.00793
48	0.01785	0.01527	0.01920	0.02139	0.13510	0.01634	0.01384	0.03125	0.30449	0.03312	0.21947	0.04179	0.06865	0.01306	0.00910	0.00276	0.00642	0.01139	0.00801	0.01152
49	0.01017	0.00819	0.00907	0.00977	0.01180	0.00709	0.00697	0.01208	0.01830	0.02254	0.07228	0.29931	0.43597	0.02336	0.01034	0.00308	0.00453	0.02017	0.00790	0.00709
50	0.01928	0.01733	0.02475	0.04890	0.02703	0.01488	0.12407	0.07364	0.01998	0.02958	0.01597	0.01911	0.01276	0.00690	0.00729	0.00174	0.00830	0.00631	0.00514	0.51704
51	0.01227	0.00866	0.01137	0.01137	0.01209	0.00938	0.00776	0.01372	0.01299	0.01805	0.02490	0.04511	0.02635	0.39814	0.33981	0.01083	0.01516	0.01083	0.00487	0.00632
52	0.24623	0.12484	0.02170	0.01567	0.02094	0.10959	0.01275	0.03462	0.27064	0.03203	0.02140	0.02138	0.01661	0.00942	0.00702	0.00255	0.00821	0.00678	0.00630	0.01131
53	0.02140	0.54847	0.19032	0.01687	0.02541	0.03036	0.01858	0.02583	0.01745	0.02167	0.01265	0.01468	0.01089	0.00747	0.00609	0.00203	0.00993	0.00496	0.00363	0.01132
54	0.01586	0.00793	0.00793	0.00793	0.00991	0.00793	0.00595	0.01983	0.01785	0.03173	0.02776	0.03173	0.02181	0.00991	0.00595	0.00198	0.00397	0.00793	0.74817	0.00793
55	0.01765	0.01513	0.01765	0.01260	0.02017	0.01134	0.01008	0.02143	0.01765	0.02773	0.01513	0.01765	0.01260	0.00630	0.00630	0.00126	0.00630	0.00504	0.00504	0.75295
56	0.01069	0.00854	0.00957	0.00954	0.01194	0.00742	0.00707	0.01334	0.02053	0.02624	0.25089	0.13149	0.42123	0.02076	0.01012	0.00287	0.00428	0.01774	0.00834	0.00742
57	0.01036	0.00846	0.00916	0.00935	0.01177	0.00726	0.00687	0.01267	0.01958	0.02428	0.15390	0.16557	0.48774	0.02172	0.01017	0.00293	0.00436	0.01850	0.00809	0.00726
58	0.01092	0.00851	0.01217	0.01290	0.01419	0.00783	0.04474	0.01283	0.01692	0.02222	0.05010	0.57641	0.12849	0.02483	0.01071	0.00335	0.00543	0.02254	0.00768	0.00722
59	0.01862	0.01862	0.02607	0.02234	0.02234	0.02607	0.01862	0.02048	0.01303	0.02048	0.01117	0.01862	0.01117	0.01489	0.02793	0.00372	0.68535	0.00745	0.00372	0.00931
60	0.02423	0.02292	0.14367	0.06997	0.23150	0.01881	0.02152	0.08823	0.07563	0.15651	0.02170	0.02355	0.01588	0.01115	0.03439	0.00307	0.01020	0.00778	0.00617	0.01313
61	0.09001	0.28044	0.12979	0.01867	0.02385	0.02728	0.01820	0.02379	0.01554	0.02298	0.01212	0.01620	0.01083	0.01032	0.01427	0.00275	0.26282	0.00591	0.00382	0.01041
62	0.01106	0.00843	0.01017	0.01022	0.01224	0.00754	0.00748	0.01398	0.02105	0.02806	0.34434	0.18899	0.26448	0.02054	0.01020	0.00289	0.00429	0.01791	0.00860	0.00754
63	0.02758	0.13188	0.09877	0.02098	0.02647	0.38534	0.01806	0.08068	0.02271	0.02417	0.01363	0.01616	0.01126	0.00921	0.00949	0.00238	0.08026	0.00582	0.00448	0.01066
64	0.03124	0.03619	0.02408	0.02122	0.02607	0.51217	0.01621	0.14012	0.06396	0.02763	0.01577	0.01726	0.01251	0.00920	0.00788	0.00230	0.01375	0.00613	0.00539	0.01091
65	0.01220	0.00818	0.00933	0.00951	0.00955	0.00813	0.00540	0.01233	0.01272	0.01696	0.02858	0.11189	0.03317	0.64169	0.04046	0.00783	0.00796	0.01341	0.00540	0.00531
66	0.01150	0.00788	0.00954	0.01040	0.01062	0.00767	0.00635	0.01215	0.01408	0.01878	0.03556	0.33430	0.04198	0.40726	0.02918	0.00616	0.00681	0.01752	0.00635	0.00592
67	0.01959	0.01875	0.02554	0.03424	0.34836	0.07245	0.01889	0.02660	0.10300	0.02933	0.15184	0.03376	0.05916	0.01092	0.00881	0.00259	0.00856	0.00980	0.00607	0.01174
68	0.03194	0.03598	0.02451	0.02128	0.02633	0.49144	0.01637	0.19428	0.02847	0.02981	0.01515	0.01674	0.01192	0.00917	0.00790	0.00229	0.01371	0.00608	0.00552	0.01113
69	0.01812	0.01255	0.01587	0.01441	0.01760	0.01363	0.01130	0.07527	0.13593	0.09094	0.15220	0.03770	0.03357	0.03468	0.28800	0.00736	0.01326	0.01031	0.00724	0.01006
70	0.02001	0.01946	0.03413	0.17281	0.48187	0.02008	0.07613	0.02537	0.01898	0.02658	0.01594	0.02154	0.01302	0.00773	0.00858	0.00262	0.01071	0.00779	0.00414	0.01253
71	0.01116	0.00891	0.01016	0.01056	0.01311	0.00791	0.00839	0.01396	0.01998	0.02485	0.13939	0.08322	0.43692	0.02155	0.01046	0.00310	0.00513	0.15574	0.00805	0.00744
72	0.02781	0.03393	0.02470	0.02205	0.02511	0.47332	0.01710	0.02991	0.02077	0.02072	0.01256	0.01633	0.01103	0.01062	0.01379	0.00265	0.21764	0.00607	0.00419	0.00970
73	0.02465	0.04224	0.33094	0.02305	0.03141	0.35300	0.02372	0.03057	0.02113	0.02380	0.01418	0.01662	0.01087	0.00844	0.00787	0.00244	0.01400	0.00587	0.00400	0.01118
74	0.01075	0.00819	0.01000	0.01127	0.01283	0.00744	0.00825	0.01284	0.01789	0.02273	0.06065	0.38745	0.26497	0.02437	0.01071	0.00332	0.00514	0.10616	0.00789	0.00715
75	0.02796	0.02145	0.02669	0.02783	0.19413	0.02309	0.01824	0.33715	0.12233	0.08040	0.02216	0.02282	0.01633	0.00972	0.00851	0.00260	0.00904	0.00799	0.00749	0.01405
76	0.02106	0.02022	0.03454	0.05223	0.64784	0.02022	0.02612	0.02612	0.01938	0.02780	0.01601	0.02106	0.01348	0.00758	0.00842	0.00253	0.01011	0.00758	0.00421	0.01348
77	0.01840	0.19860	0.51387	0.02199	0.03333	0.02301	0.02750	0.02661	0.01781	0.02533	0.01447	0.01696	0.01081	0.00790	0.00747	0.00249	0.01177	0.00588	0.00360	0.01219
78	0.02383	0.02615	0.02902	0.22387	0.06458	0.24011	0.10549	0.07927	0.02164	0.02518	0.01492	0.01962	0.01179	0.00906	0.01010	0.00266	0.07051	0.00721	0.00449	0.01048
79	0.01023	0.00863	0.00886	0.00880	0.01160	0.00726	0.00660	0.01254	0.01980	0.02394	0.13383	0.08033	0.59617	0.02120	0.01006	0.00286	0.00429	0.01774	0.00803	0.00726
80	0.01588	0.00904	0.01243	0.01281	0.01463	0.00866	0.00927	0.01799	0.01730	0.13886	0.03987	0.44648	0.04313	0.03068	0.13436	0.00523	0.00874	0.01844	0.00776	0.00845
81	0.02187	0.02269	0.21105	0.02051	0.07752	0.01498	0.01839	0.07807	0.02107	0.17729	0.02921	0.21505	0.02682	0.01413	0.00906	0.00287	0.00862	0.01219	0.00697	0.01165
82	0.01275	0.00882	0.01028	0.00983	0.01177	0.00803	0.00691	0.01497	0.01922	0.05525	0.25570	0.06563	0.24735	0.21416	0.01950	0.00433	0.00548	0.01504	0.00774	0.00724
83	0.01238	0.00905	0.01333	0.01333	0.01488	0.01047	0.01035	0.01548	0.01393	0.02048	0.02310	0.03333	0.02131	0.06055	0.62700	0.01297	0.02165	0.00905	0.04977	0.00762
84	0.02255	0.01937	0.02818	0.18878	0.26607	0.02135	0.02139	0.19757	0.02440	0.03328	0.01835	0.05358	0.01521	0.00983	0.00950	0.00271	0.04166	0.00839	0.00552	0.01230
85	0.02936	0.02184	0.01962	0.01657	0.02116	0.20088	0.01278	0.11381	0.02430	0.23767	0.05622	0.02970	0.02176	0.11181	0.04117	0.00377	0.01049	0.00848	0.00740	0.01119
86	0.01336	0.00968	0.01322	0.01498	0.01703	0.00954	0.01301	0.01710	0.01957	0.02523	0.04907	0.09462	0.10706	0.02332	0.01159	0.00382	0.00749	0.53470	0.00784	0.00777
87	0.02001	0.02444	0.11442	0.09408	0.27119	0.13773	0.02139	0.02459	0.01926	0.02467	0.02112	0.14704	0.02051	0.01156	0.00871	0.00269	0.01057	0.01014	0.00481	0.01106
88	0.06618	0.02385	0.05284	0.08233	0.11993	0.20025	0.04541	0.02579	0.05099	0.02450	0.02129	0.14677	0.02071	0.01246	0.01023	0.00279	0.06835	0.01009	0.00515	0.01012
89	0.01526	0.01389	0.05292	0.02155	0.11864	0.01197	0.08270	0.01905	0.01932	0.05621	0.13228	0.26524	0.09409	0.01762	0.00997	0.00301	0.00729	0.04256	0.00703	0.00938
90	0.02161	0.02410	0.03010	0.02547	0.06126	0.20164	0.21876	0.02750	0.07416	0.02517	0.02304	0.14817	0.02171	0.01167	0.00914	0.00269	0.01158	0.01102	0.00542	0.04578
91	0.08270	0.14685	0.02361	0.15297	0.02781	0.06903	0.01461	0.06516	0.01987	0.05915	0.02574	0.06288	0.07288	0.01155	0.00791	0.00252	0.00876	0.05793	0.00564	0.08243

[dist]
# distance from previous block
# <min> <max>
4	70

[block]
# block no. 4 follows, 21 sequences, length 31
# corresponding to MSA columns:
# 250-280
name=unknown_E
#
# <colnr> <probs for GDERKNQSTAVLIFYWHMCP>
#	G	D	E	R	K	N	Q	S	T	A	V	L	I	F	Y	W	H	M	C	P
0	0.12338	0.01694	0.02232	0.06076	0.15991	0.06346	0.08209	0.02244	0.01922	0.05510	0.03930	0.04208	0.21382	0.01282	0.00874	0.00273	0.00850	0.03042	0.00594	0.01002
1	0.07328	0.01772	0.01530	0.01481	0.01787	0.15891	0.01151	0.02331	0.08822	0.02525	0.06758	0.05013	0.13654	0.06269	0.09399	0.00456	0.01040	0.11273	0.00648	0.00873
2	0.02284	0.02135	0.04617	0.06070	0.08090	0.13866	0.01629	0.12451	0.02294	0.07510	0.02782	0.11611	0.05838	0.01405	0.01091	0.00289	0.07463	0.06875	0.00638	0.01061
3	0.01613	0.01330	0.01902	0.02361	0.17381	0.01386	0.01419	0.08445	0.01949	0.02674	0.03353	0.40014	0.03750	0.01916	0.01126	0.00314	0.05741	0.01693	0.00673	0.00959
4	0.02027	0.05600	0.02968	0.13880	0.39772	0.01873	0.02213	0.02492	0.01923	0.06559	0.02312	0.03062	0.05393	0.00992	0.00863	0.00267	0.00954	0.05152	0.00501	0.01199
5	0.02106	0.02127	0.03118	0.20155	0.43464	0.09266	0.02442	0.02594	0.01934	0.02554	0.01547	0.02081	0.01268	0.00794	0.00836	0.00256	0.01100	0.00734	0.00413	0.01209
6	0.02053	0.01968	0.03359	0.11890	0.58531	0.02008	0.02585	0.02565	0.01913	0.02716	0.01591	0.02123	0.01325	0.00768	0.00843	0.00256	0.01024	0.00758	0.00417	0.01305
7	0.01992	0.01872	0.03163	0.08789	0.53962	0.01896	0.02456	0.02489	0.01925	0.02716	0.01922	0.02960	0.01734	0.00943	0.00880	0.00270	0.00993	0.07319	0.00459	0.01259
8	0.01823	0.01560	0.02185	0.11660	0.21303	0.01645	0.01631	0.08928	0.07902	0.02772	0.03167	0.03867	0.12091	0.14041	0.01526	0.00373	0.00858	0.01038	0.00584	0.01045
9	0.01218	0.00902	0.01318	0.01318	0.01453	0.01037	0.01002	0.01488	0.01353	0.01939	0.02325	0.03594	0.02236	0.13553	0.59698	0.01307	0.02116	0.00948	0.00463	0.00732
10	0.02444	0.02113	0.02957	0.03130	0.22676	0.02250	0.08627	0.21296	0.18532	0.03768	0.02235	0.02386	0.01697	0.00937	0.00870	0.00267	0.00948	0.00841	0.00670	0.01356
11	0.01058	0.00831	0.00965	0.01060	0.01250	0.00738	0.00781	0.01269	0.01828	0.02280	0.06718	0.30814	0.36201	0.02364	0.01054	0.00320	0.00494	0.08468	0.00789	0.00716
12	0.01037	0.00741	0.00987	0.01185	0.01234	0.00691	0.00790	0.01185	0.01629	0.02172	0.04690	0.69537	0.05629	0.02666	0.01086	0.00346	0.00494	0.02419	0.00790	0.00691
13	0.02645	0.03079	0.05918	0.02411	0.10003	0.35797	0.01760	0.10402	0.02378	0.02634	0.01754	0.02370	0.01514	0.01585	0.08236	0.00370	0.01419	0.04152	0.00507	0.01066
14	0.02273	0.10118	0.02293	0.01744	0.02263	0.06768	0.01396	0.07500	0.48390	0.03377	0.02965	0.02783	0.02250	0.01077	0.00821	0.00269	0.00776	0.00862	0.00776	0.01298
15	0.01996	0.21410	0.32161	0.02435	0.03420	0.05331	0.16562	0.02696	0.01857	0.02491	0.01473	0.01789	0.01133	0.00769	0.00784	0.00248	0.01220	0.00669	0.00381	0.01175
16	0.02196	0.02253	0.03176	0.13431	0.47463	0.11576	0.02434	0.02668	0.01975	0.02593	0.01546	0.02044	0.01281	0.00789	0.00833	0.00252	0.01106	0.00727	0.00418	0.01239
17	0.01148	0.00868	0.01060	0.01012	0.01237	0.00779	0.00759	0.01497	0.02276	0.03097	0.48552	0.06876	0.24009	0.01857	0.01004	0.00273	0.00410	0.01612	0.00895	0.00779
18	0.02313	0.02355	0.03315	0.04363	0.45713	0.11677	0.06774	0.05654	0.04421	0.02826	0.01659	0.02073	0.01358	0.00800	0.00845	0.00252	0.01104	0.00753	0.00462	0.01284
19	0.01586	0.00793	0.00793	0.00793	0.00991	0.00793	0.00595	0.01983	0.01785	0.03173	0.02776	0.03173	0.02181	0.00991	0.00595	0.00198	0.00397	0.00793	0.74817	0.00793
20	0.02226	0.02134	0.02800	0.10234	0.32461	0.08286	0.02098	0.06552	0.18503	0.03008	0.02089	0.02351	0.01642	0.00900	0.00843	0.00262	0.00979	0.00793	0.00562	0.01277
21	0.02338	0.16568	0.17349	0.02469	0.05860	0.21714	0.11818	0.02830	0.01972	0.02337	0.01401	0.01734	0.01136	0.00847	0.00926	0.00247	0.06302	0.00647	0.00399	0.01106
22	0.01586	0.00793	0.00793	0.00793	0.00991	0.00793	0.00595	0.01983	0.01785	0.03173	0.02776	0.03173	0.02181	0.00991	0.00595	0.00198	0.00397	0.00793	0.74817	0.00793
23	0.02097	0.03505	0.31287	0.02942	0.11468	0.14157	0.13213	0.02784	0.01940	0.02560	0.01508	0.01881	0.01157	0.00837	0.00954	0.00267	0.05161	0.00704	0.00396	0.01180
24	0.01124	0.00867	0.01026	0.00986	0.01222	0.00769	0.00739	0.01450	0.02218	0.02960	0.41682	0.07102	0.30965	0.01909	0.01005	0.00276	0.00414	0.01644	0.00877	0.00769
25	0.01153	0.00863	0.01041	0.00999	0.01205	0.00782	0.00732	0.01464	0.02167	0.02936	0.43028	0.06787	0.23126	0.08427	0.01324	0.00327	0.00450	0.01581	0.00856	0.00752
26	0.01235	0.00834	0.00976	0.00976	0.00992	0.00851	0.00575	0.01268	0.01252	0.01685	0.02638	0.05329	0.02990	0.63221	0.11061	0.00884	0.00982	0.01202	0.00509	0.00542
27	0.02445	0.02542	0.02950	0.09833	0.21643	0.18969	0.05835	0.10674	0.02229	0.02778	0.01516	0.01943	0.01238	0.00935	0.01112	0.00267	0.10746	0.00718	0.00473	0.01155
28	0.01015	0.00825	0.00900	0.00961	0.01175	0.00710	0.00690	0.01210	0.01845	0.02260	0.07417	0.26980	0.46425	0.02312	0.01030	0.00305	0.00450	0.01987	0.00790	0.00710
29	0.01373	0.02017	0.20912	0.01541	0.02102	0.01217	0.01564	0.01957	0.04702	0.02627	0.11013	0.16994	0.16613	0.01669	0.00944	0.00289	0.00742	0.05676	0.00661	0.05390
30	0.30290	0.08987	0.15625	0.02512	0.17787	0.06566	0.01903	0.02636	0.01735	0.03036	0.01368	0.01657	0.01088	0.00786	0.00682	0.00251	0.00955	0.00575	0.00444	0.01118

[dist]
# distance from previous block
# <min> <max>
1	2

[block]
# block no. 5 follows, 21 sequences, length 29
# corresponding to MSA columns:
# 283-311
name=unknown_F
#
# <colnr> <probs for GDERKNQSTAVLIFYWHMCP>
#	G	D	E	R	K	N	Q	S	T	A	V	L	I	F	Y	W	H	M	C	P
0	0.01707	0.04402	0.65683	0.02426	0.03683	0.01976	0.03144	0.02695	0.01797	0.02695	0.01527	0.01797	0.01078	0.00809	0.00809	0.00270	0.01258	0.00629	0.00359	0.01258
1	0.02117	0.01828	0.01924	0.01732	0.02213	0.02117	0.01347	0.04522	0.63246	0.03560	0.03464	0.03175	0.02598	0.01155	0.00866	0.00289	0.00673	0.00962	0.00866	0.01347
2	0.01136	0.00896	0.01082	0.01089	0.01257	0.00863	0.00792	0.01366	0.01894	0.02495	0.21185	0.22331	0.26867	0.06883	0.01373	0.00340	0.04859	0.01777	0.00782	0.00733
3	0.01966	0.22788	0.28772	0.02516	0.03495	0.02433	0.21274	0.02663	0.01845	0.02505	0.01490	0.01831	0.01150	0.00756	0.00795	0.00250	0.01214	0.00698	0.00383	0.01175
4	0.02275	0.70604	0.04459	0.01456	0.02184	0.03367	0.01456	0.02548	0.01729	0.02002	0.01183	0.01365	0.01092	0.00728	0.00546	0.00182	0.00910	0.00455	0.00364	0.01092
5	0.01006	0.00862	0.00862	0.00862	0.01149	0.00718	0.00647	0.01221	0.01940	0.02299	0.08621	0.08190	0.64438	0.02155	0.01006	0.00287	0.00431	0.01796	0.00790	0.00718
6	0.01183	0.00873	0.01213	0.01225	0.01304	0.00839	0.04463	0.01303	0.01486	0.01984	0.03649	0.38076	0.04278	0.31296	0.02465	0.00546	0.00694	0.01827	0.00651	0.00645
7	0.02362	0.12232	0.02795	0.02332	0.08284	0.27446	0.04866	0.02627	0.01935	0.02176	0.01732	0.10225	0.01704	0.01181	0.01192	0.00267	0.14337	0.00853	0.00457	0.00996
8	0.01238	0.00825	0.00928	0.00928	0.00928	0.00825	0.00516	0.01238	0.01238	0.01650	0.02681	0.05569	0.03094	0.70092	0.04331	0.00825	0.00825	0.01238	0.00516	0.00516
9	0.01600	0.03641	0.51669	0.02195	0.03212	0.01778	0.02691	0.02439	0.01703	0.02538	0.01691	0.02134	0.01307	0.02023	0.15170	0.00509	0.01480	0.00690	0.00380	0.01149
10	0.05655	0.08206	0.50626	0.06011	0.07871	0.02061	0.02840	0.02642	0.01779	0.02687	0.01491	0.01794	0.01093	0.00801	0.00782	0.00263	0.01180	0.00625	0.00374	0.01219
11	0.01781	0.01591	0.01428	0.01324	0.01633	0.13912	0.00999	0.02212	0.06052	0.07180	0.28313	0.08723	0.18280	0.01626	0.00943	0.00268	0.00676	0.01363	0.00802	0.00894
12	0.03179	0.04056	0.02412	0.02192	0.02631	0.66676	0.01644	0.03398	0.02412	0.02083	0.01315	0.01535	0.01096	0.00877	0.00767	0.00219	0.01535	0.00548	0.00438	0.00987
13	0.02106	0.02022	0.03454	0.05223	0.64784	0.02022	0.02612	0.02612	0.01938	0.02780	0.01601	0.02106	0.01348	0.00758	0.00842	0.00253	0.01011	0.00758	0.00421	0.01348
14	0.01586	0.00793	0.00793	0.00793	0.00991	0.00793	0.00595	0.01983	0.01785	0.03173	0.02776	0.03173	0.02181	0.00991	0.00595	0.00198	0.00397	0.00793	0.74817	0.00793
15	0.01577	0.01791	0.13483	0.01808	0.06139	0.01294	0.05293	0.02205	0.06351	0.06196	0.19384	0.05263	0.18204	0.01508	0.00954	0.00284	0.00738	0.05814	0.00720	0.00995
16	0.02087	0.02076	0.03764	0.04900	0.52857	0.02048	0.14290	0.02634	0.01952	0.02770	0.01625	0.02144	0.01337	0.00750	0.00874	0.00260	0.01095	0.00807	0.00423	0.01308
17	0.01994	0.01839	0.02758	0.06290	0.16323	0.01933	0.12529	0.06865	0.23190	0.03163	0.06254	0.03266	0.07565	0.01082	0.00904	0.00277	0.00891	0.01005	0.00660	0.01213
18	0.01104	0.00886	0.00999	0.01029	0.01287	0.00781	0.00811	0.01379	0.02006	0.02495	0.15171	0.08226	0.45213	0.02139	0.01039	0.00305	0.00497	0.13081	0.00808	0.00742
19	0.21804	0.44223	0.03385	0.09142	0.02471	0.02808	0.01420	0.02492	0.01651	0.02505	0.01222	0.01475	0.01052	0.00759	0.00576	0.00215	0.00869	0.00492	0.00409	0.01030
20	0.01911	0.01683	0.02493	0.25681	0.06291	0.01857	0.08673	0.12698	0.09247	0.03087	0.07748	0.03352	0.09351	0.01120	0.00901	0.00278	0.00936	0.00995	0.00617	0.01080
21	0.02345	0.03179	0.22282	0.05128	0.03139	0.14909	0.06276	0.12575	0.15667	0.03163	0.02002	0.02140	0.01489	0.00927	0.00835	0.00263	0.01141	0.00739	0.00569	0.01232
22	0.02162	0.01864	0.02189	0.01876	0.02159	0.06265	0.01523	0.20176	0.02215	0.03035	0.01776	0.02361	0.01533	0.02843	0.22126	0.00639	0.22882	0.00791	0.00548	0.01038
23	0.01586	0.00793	0.00793	0.00793	0.00991	0.00793	0.00595	0.01983	0.01785	0.03173	0.02776	0.03173	0.02181	0.00991	0.00595	0.00198	0.00397	0.00793	0.74817	0.00793
24	0.01149	0.00847	0.01074	0.01061	0.01248	0.00772	0.00779	0.01481	0.02212	0.03048	0.46518	0.17281	0.15466	0.01954	0.01018	0.00284	0.00421	0.01723	0.00892	0.00772
25	0.02816	0.03451	0.02465	0.02204	0.02522	0.49012	0.01704	0.03026	0.02106	0.02073	0.01261	0.01625	0.01102	0.01046	0.01326	0.00261	0.20007	0.00602	0.00420	0.00971
26	0.01168	0.00868	0.01088	0.01033	0.01249	0.00788	0.00775	0.01536	0.02324	0.03211	0.54249	0.06689	0.18242	0.01815	0.01004	0.00271	0.00407	0.01586	0.00910	0.00788
27	0.02274	0.02391	0.03129	0.11946	0.44792	0.15621	0.02379	0.02726	0.02010	0.02562	0.01530	0.02005	0.01270	0.00794	0.00828	0.00249	0.01136	0.00714	0.00420	0.01225
28	0.02614	0.38795	0.07503	0.01823	0.02465	0.29535	0.01642	0.02910	0.02016	0.02080	0.01260	0.01463	0.01093	0.00795	0.00655	0.00203	0.01191	0.00505	0.00395	0.01059

[dist]
# distance from previous block
# <min> <max>
0	2

[block]
# block no. 6 follows, 21 sequences, length 27
# corresponding to MSA columns:
# 314-340
name=unknown_G
#
# <colnr> <probs for GDERKNQSTAVLIFYWHMCP>
#	G	D	E	R	K	N	Q	S	T	A	V	L	I	F	Y	W	H	M	C	P
0	0.51993	0.13154	0.01962	0.01353	0.01898	0.12998	0.01129	0.02659	0.01655	0.03235	0.01207	0.01405	0.00978	0.00795	0.00570	0.00243	0.00846	0.00475	0.00486	0.00960
1	0.01681	0.01271	0.01494	0.01483	0.04879	0.01293	0.01064	0.02664	0.21702	0.07746	0.19918	0.08512	0.19656	0.01602	0.00945	0.00282	0.00556	0.01372	0.00852	0.01027
2	0.01081	0.00882	0.00966	0.00993	0.01259	0.00768	0.00777	0.01339	0.01978	0.02423	0.12140	0.08283	0.50431	0.02156	0.01033	0.00303	0.00487	0.11164	0.00800	0.00735
3	0.01733	0.01539	0.05413	0.11838	0.19878	0.01508	0.01704	0.05798	0.01702	0.02352	0.01799	0.02734	0.01627	0.08683	0.12295	0.16051	0.01167	0.00818	0.00444	0.00917
4	0.03078	0.03864	0.02510	0.02478	0.08485	0.60586	0.01735	0.03324	0.02367	0.02148	0.01342	0.01589	0.01120	0.00866	0.00774	0.00222	0.01485	0.00568	0.00437	0.01021
5	0.02092	0.02581	0.15443	0.11968	0.34264	0.05830	0.06412	0.06227	0.02039	0.02801	0.01594	0.02041	0.01257	0.00800	0.00844	0.00260	0.01128	0.00737	0.00432	0.01252
6	0.01874	0.01785	0.03035	0.34432	0.37388	0.01961	0.02496	0.02408	0.01828	0.02499	0.01560	0.02182	0.01249	0.00801	0.00846	0.00267	0.01068	0.00757	0.00401	0.01161
7	0.01019	0.00863	0.00880	0.00876	0.01157	0.00724	0.00657	0.01246	0.01970	0.02371	0.12246	0.08071	0.60768	0.02128	0.01006	0.00286	0.00429	0.01779	0.00800	0.00724
8	0.01862	0.01862	0.02607	0.02234	0.02234	0.02607	0.01862	0.02048	0.01303	0.02048	0.01117	0.01862	0.01117	0.01489	0.02793	0.00372	0.68535	0.00745	0.00372	0.00931
9	0.01020	0.00806	0.00920	0.01012	0.01189	0.00706	0.00713	0.01204	0.01795	0.02240	0.06794	0.36713	0.37095	0.02393	0.01043	0.00314	0.00460	0.02086	0.00790	0.00706
10	0.01216	0.00912	0.01368	0.01368	0.01520	0.01064	0.01064	0.01520	0.01368	0.01976	0.02279	0.03343	0.02127	0.06382	0.66720	0.01368	0.02279	0.00912	0.00456	0.00760
11	0.02106	0.02022	0.03454	0.05223	0.64784	0.02022	0.02612	0.02612	0.01938	0.02780	0.01601	0.02106	0.01348	0.00758	0.00842	0.00253	0.01011	0.00758	0.00421	0.01348
12	0.01853	0.01763	0.02996	0.37114	0.34873	0.01955	0.02486	0.02390	0.01818	0.02473	0.01556	0.02189	0.01240	0.00805	0.00847	0.00268	0.01074	0.00757	0.00399	0.01144
