[name]
unknown

[dist]
# distance from previous block
# <min> <max>
21	92

[block]
# block no. 0 follows, 18 sequences, length 9
# corresponding to MSA columns:
# 141-149
name=unknown_A
#
# <colnr> <probs for GDERKNQSTAVLIFYWHMCP>
#	G	D	E	R	K	N	Q	S	T	A	V	L	I	F	Y	W	H	M	C	P
0	0.24765	0.12884	0.11828	0.02335	0.10398	0.13172	0.01882	0.07577	0.02144	0.03304	0.01494	0.01747	0.01188	0.00878	0.00736	0.00261	0.01089	0.00610	0.00512	0.01197
1	0.44199	0.09246	0.02235	0.02053	0.11842	0.02213	0.01417	0.03005	0.05548	0.08336	0.01696	0.01872	0.01308	0.00887	0.00678	0.00274	0.00810	0.00618	0.00599	0.01165
2	0.01770	0.03021	0.29745	0.02972	0.15843	0.01806	0.06974	0.02479	0.01992	0.02805	0.03174	0.10316	0.10578	0.01287	0.00961	0.00300	0.01093	0.01139	0.00527	0.01216
3	0.02261	0.03034	0.21056	0.03298	0.16846	0.05604	0.11828	0.10888	0.02340	0.03227	0.01859	0.02312	0.01452	0.01551	0.07961	0.00417	0.01417	0.00828	0.00509	0.01313
4	0.02730	0.03843	0.17073	0.03349	0.19829	0.32043	0.02449	0.03249	0.02302	0.02615	0.01560	0.01896	0.01255	0.00893	0.00861	0.00259	0.01426	0.00676	0.00448	0.01243
5	0.28762	0.03441	0.26768	0.02024	0.02912	0.11549	0.02146	0.07074	0.02076	0.03464	0.01519	0.01751	0.01134	0.00893	0.00757	0.00279	0.01139	0.00610	0.00506	0.01195
6	0.14247	0.16869	0.21029	0.02679	0.14334	0.02542	0.02281	0.10299	0.02208	0.03353	0.01598	0.01866	0.01248	0.00871	0.00776	0.00264	0.01073	0.00656	0.00502	0.01305
7	0.02284	0.16921	0.21259	0.02739	0.13293	0.02251	0.06445	0.02904	0.02051	0.09987	0.04877	0.02441	0.01821	0.01335	0.05220	0.00350	0.01205	0.00792	0.00535	0.01290
8	0.02210	0.13543	0.15293	0.03196	0.13750	0.02402	0.19728	0.07418	0.02275	0.03113	0.06615	0.02511	0.01935	0.00920	0.00919	0.00277	0.01204	0.00890	0.00519	0.01285

[dist]
# distance from previous block
# <min> <max>
2	4

[block]
# block no. 1 follows, 18 sequences, length 66
# corresponding to MSA columns:
# 154-219
name=unknown_B
#
# <colnr> <probs for GDERKNQSTAVLIFYWHMCP>
#	G	D	E	R	K	N	Q	S	T	A	V	L	I	F	Y	W	H	M	C	P
0	0.02552	0.03437	0.25266	0.02427	0.03341	0.13411	0.09218	0.03504	0.10002	0.11209	0.02184	0.02315	0.01578	0.00951	0.00896	0.00277	0.01238	0.00788	0.00597	0.04806
1	0.03291	0.04018	0.02512	0.02257	0.02741	0.55180	0.01706	0.08029	0.02711	0.02550	0.01966	0.02140	0.04916	0.01043	0.00851	0.00244	0.01530	0.00693	0.00533	0.01087
2	0.24527	0.03655	0.40574	0.02126	0.03203	0.02069	0.02538	0.02925	0.01857	0.06413	0.01636	0.01861	0.01169	0.00880	0.00780	0.00288	0.01125	0.00635	0.00483	0.01255
3	0.01737	0.11899	0.02911	0.09834	0.06652	0.01796	0.12389	0.02191	0.02087	0.02756	0.13628	0.13196	0.07343	0.01538	0.01004	0.00304	0.00921	0.06139	0.00656	0.01018
4	0.07267	0.12820	0.17348	0.02155	0.02979	0.15809	0.02075	0.22247	0.02862	0.03721	0.01714	0.01875	0.01296	0.00953	0.00820	0.00260	0.01209	0.00673	0.00600	0.01317
5	0.19501	0.01711	0.02193	0.02630	0.19753	0.01768	0.01596	0.02977	0.09128	0.10860	0.11209	0.03477	0.07139	0.01182	0.00870	0.00287	0.00776	0.00985	0.00734	0.01223
6	0.02087	0.30183	0.39691	0.02198	0.03327	0.02733	0.02663	0.02844	0.01909	0.02609	0.01499	0.01752	0.01169	0.00838	0.00759	0.00253	0.01207	0.00603	0.00390	0.01285
7	0.15532	0.02197	0.03142	0.09492	0.42773	0.05937	0.02397	0.02810	0.02004	0.03106	0.01618	0.02105	0.01334	0.00840	0.00842	0.00275	0.01066	0.00745	0.00473	0.01311
8	0.01192	0.01032	0.01171	0.01323	0.06188	0.00894	0.00878	0.01459	0.02116	0.02578	0.11075	0.08212	0.54313	0.02182	0.01071	0.00306	0.00515	0.01834	0.00827	0.00835
9	0.01806	0.01714	0.02777	0.02859	0.16741	0.01675	0.13881	0.02597	0.10495	0.03073	0.12649	0.04830	0.18119	0.01410	0.01021	0.00298	0.00882	0.01316	0.00708	0.01148
10	0.01116	0.00931	0.00973	0.00962	0.01259	0.00788	0.00722	0.01377	0.02165	0.02652	0.16764	0.08554	0.54062	0.02261	0.01085	0.00307	0.00461	0.01898	0.00875	0.00788
11	0.03392	0.02523	0.02700	0.02093	0.02810	0.02802	0.01721	0.54545	0.08874	0.05628	0.02329	0.02304	0.01662	0.01114	0.00920	0.00278	0.00987	0.00844	0.00920	0.01553
12	0.02326	0.02170	0.02070	0.01876	0.02324	0.11715	0.01455	0.07300	0.35160	0.03341	0.03005	0.03114	0.02364	0.02411	0.14583	0.00549	0.01264	0.00944	0.00766	0.01262
13	0.07969	0.01976	0.03227	0.24110	0.39581	0.02127	0.02585	0.02660	0.01968	0.02885	0.01661	0.02264	0.01344	0.00852	0.00884	0.00284	0.01102	0.00791	0.00449	0.01280
14	0.03479	0.02904	0.02727	0.02159	0.02846	0.14103	0.01751	0.48775	0.04002	0.05136	0.02060	0.02104	0.01492	0.01074	0.00902	0.00268	0.01129	0.00783	0.00837	0.01470
15	0.01103	0.00931	0.00954	0.00949	0.01251	0.00783	0.00711	0.01352	0.02134	0.02578	0.13559	0.08675	0.57312	0.02289	0.01085	0.00308	0.00462	0.01915	0.00866	0.00783
16	0.01273	0.00914	0.01058	0.01035	0.01166	0.00859	0.00683	0.01457	0.01887	0.02521	0.22621	0.06853	0.16900	0.33700	0.02813	0.00583	0.00660	0.01560	0.00760	0.00698
17	0.01152	0.00813	0.01055	0.01235	0.01280	0.00768	0.00806	0.01287	0.01692	0.02256	0.04722	0.57589	0.05646	0.13002	0.01719	0.00454	0.00589	0.02411	0.00806	0.00716
18	0.01335	0.00890	0.01001	0.01001	0.01001	0.00890	0.00556	0.01335	0.01335	0.01780	0.02893	0.06009	0.03338	0.67731	0.04673	0.00890	0.00890	0.01335	0.00556	0.00556
19	0.02167	0.02477	0.05418	0.03870	0.04799	0.02322	0.58669	0.02941	0.02167	0.02941	0.01858	0.02477	0.01393	0.00774	0.01084	0.00310	0.01548	0.01084	0.00464	0.01238
20	0.01147	0.00889	0.01046	0.01098	0.01302	0.00787	0.00789	0.01404	0.02105	0.02724	0.20418	0.27409	0.30798	0.02398	0.01113	0.00325	0.00480	0.02091	0.00890	0.00787
21	0.01278	0.00874	0.01011	0.01054	0.01081	0.00855	0.00624	0.01323	0.01461	0.01931	0.03669	0.18574	0.06945	0.51132	0.03774	0.00755	0.00795	0.01626	0.00632	0.00606
22	0.01128	0.00831	0.01058	0.01214	0.01321	0.00760	0.00829	0.01322	0.01879	0.02474	0.10326	0.53117	0.14958	0.02709	0.01151	0.00356	0.00514	0.02428	0.00865	0.00760
23	0.01335	0.00890	0.01001	0.01001	0.01001	0.00890	0.00556	0.01335	0.01335	0.01780	0.02893	0.06009	0.03338	0.67731	0.04673	0.00890	0.00890	0.01335	0.00556	0.00556
24	0.01189	0.00867	0.01075	0.01154	0.01280	0.00801	0.00789	0.01404	0.01956	0.02613	0.19255	0.34519	0.14991	0.11813	0.01637	0.00416	0.00549	0.02090	0.00849	0.00753
25	0.01138	0.00895	0.01029	0.01074	0.01293	0.00786	0.00775	0.01392	0.02103	0.02689	0.18819	0.24739	0.35232	0.02388	0.01109	0.00323	0.00477	0.02069	0.00885	0.00786
26	0.01321	0.00948	0.01294	0.01294	0.01396	0.01049	0.00922	0.01523	0.01422	0.01997	0.02625	0.04525	0.02694	0.30149	0.41375	0.01252	0.01859	0.01118	0.00517	0.00719
27	0.01335	0.00890	0.01001	0.01001	0.01001	0.00890	0.00556	0.01335	0.01335	0.01780	0.02893	0.06009	0.03338	0.67731	0.04673	0.00890	0.00890	0.01335	0.00556	0.00556
28	0.01237	0.00849	0.01030	0.01127	0.01151	0.00825	0.00691	0.01309	0.01527	0.02036	0.03877	0.33761	0.04580	0.38285	0.03084	0.00655	0.00728	0.01914	0.00691	0.00642
29	0.01300	0.00939	0.01227	0.01155	0.01372	0.00866	0.00866	0.01733	0.02599	0.03682	0.61519	0.06859	0.08664	0.01877	0.01083	0.00289	0.00433	0.01661	0.01011	0.00866
30	0.01119	0.00799	0.01065	0.01278	0.01332	0.00746	0.00852	0.01278	0.01758	0.02344	0.05061	0.67132	0.06073	0.02877	0.01172	0.00373	0.00533	0.02610	0.00852	0.00746
31	0.01119	0.00799	0.01065	0.01278	0.01332	0.00746	0.00852	0.01278	0.01758	0.02344	0.05061	0.67132	0.06073	0.02877	0.01172	0.00373	0.00533	0.02610	0.00852	0.00746
32	0.01085	0.00930	0.00930	0.00930	0.01240	0.00775	0.00698	0.01318	0.02093	0.02480	0.09302	0.08837	0.61631	0.02325	0.01085	0.00310	0.00465	0.01938	0.00853	0.00775
33	0.74217	0.01776	0.01350	0.01207	0.01776	0.02060	0.00994	0.02699	0.01563	0.04120	0.01278	0.01492	0.00994	0.00852	0.00568	0.00284	0.00710	0.00497	0.00568	0.00994
34	0.03490	0.02572	0.02756	0.02113	0.02847	0.02847	0.01745	0.58942	0.04317	0.05787	0.02204	0.02204	0.01561	0.01102	0.00919	0.00276	0.01010	0.00827	0.00919	0.01561
35	0.01335	0.00890	0.01001	0.01001	0.01001	0.00890	0.00556	0.01335	0.01335	0.01780	0.02893	0.06009	0.03338	0.67731	0.04673	0.00890	0.00890	0.01335	0.00556	0.00556
36	0.03430	0.04376	0.02602	0.02365	0.02839	0.64045	0.01774	0.03666	0.02602	0.02247	0.01419	0.01656	0.01183	0.00946	0.00828	0.00237	0.01656	0.00591	0.00473	0.01064
37	0.01335	0.00890	0.01001	0.01001	0.01001	0.00890	0.00556	0.01335	0.01335	0.01780	0.02893	0.06009	0.03338	0.67731	0.04673	0.00890	0.00890	0.01335	0.00556	0.00556
38	0.03490	0.02572	0.02756	0.02113	0.02847	0.02847	0.01745	0.58942	0.04317	0.05787	0.02204	0.02204	0.01561	0.01102	0.00919	0.00276	0.01010	0.00827	0.00919	0.01561
39	0.01335	0.00890	0.01001	0.01001	0.01001	0.00890	0.00556	0.01335	0.01335	0.01780	0.02893	0.06009	0.03338	0.67731	0.04673	0.00890	0.00890	0.01335	0.00556	0.00556
40	0.02273	0.02182	0.03727	0.05636	0.62003	0.02182	0.02818	0.02818	0.02091	0.03000	0.01727	0.02273	0.01454	0.00818	0.00909	0.00273	0.01091	0.00818	0.00455	0.01454
41	0.01119	0.00799	0.01065	0.01278	0.01332	0.00746	0.00852	0.01278	0.01758	0.02344	0.05061	0.67132	0.06073	0.02877	0.01172	0.00373	0.00533	0.02610	0.00852	0.00746
42	0.01507	0.00939	0.01100	0.01060	0.01131	0.00916	0.00644	0.01582	0.01570	0.05866	0.10008	0.05928	0.03913	0.55572	0.04003	0.00779	0.00828	0.01348	0.00648	0.00657
43	0.02167	0.02477	0.05418	0.03870	0.04799	0.02322	0.58669	0.02941	0.02167	0.02941	0.01858	0.02477	0.01393	0.00774	0.01084	0.00310	0.01548	0.01084	0.00464	0.01238
44	0.01300	0.00939	0.01227	0.01155	0.01372	0.00866	0.00866	0.01733	0.02599	0.03682	0.61519	0.06859	0.08664	0.01877	0.01083	0.00289	0.00433	0.01661	0.01011	0.00866
45	0.01833	0.01733	0.02933	0.54509	0.16565	0.02066	0.02599	0.02433	0.01883	0.02466	0.01649	0.02416	0.01266	0.00900	0.00916	0.00300	0.01199	0.00816	0.00417	0.01100
46	0.01842	0.04749	0.62974	0.02617	0.03974	0.02132	0.03392	0.02908	0.01939	0.02908	0.01648	0.01939	0.01163	0.00872	0.00872	0.00291	0.01357	0.00678	0.00388	0.01357
47	0.02273	0.02182	0.03727	0.05636	0.62003	0.02182	0.02818	0.02818	0.02091	0.03000	0.01727	0.02273	0.01454	0.00818	0.00909	0.00273	0.01091	0.00818	0.00455	0.01454
48	0.02009	0.02009	0.02812	0.02411	0.02411	0.02812	0.02009	0.02210	0.01406	0.02210	0.01205	0.02009	0.01205	0.01607	0.03013	0.00402	0.66051	0.00804	0.00402	0.01004
49	0.01116	0.00809	0.01055	0.01252	0.01325	0.00748	0.00841	0.01281	0.01783	0.02354	0.05378	0.62772	0.10228	0.02835	0.01165	0.00368	0.00528	0.02560	0.00852	0.00748
50	0.01443	0.01177	0.01727	0.01651	0.01785	0.01461	0.01310	0.01747	0.01463	0.02146	0.02224	0.03307	0.02090	0.05893	0.52605	0.01274	0.14419	0.00950	0.00475	0.00855
51	0.01842	0.04749	0.62974	0.02617	0.03974	0.02132	0.03392	0.02908	0.01939	0.02908	0.01648	0.01939	0.01163	0.00872	0.00872	0.00291	0.01357	0.00678	0.00388	0.01357
52	0.01226	0.00847	0.01044	0.01147	0.01184	0.00817	0.00719	0.01326	0.01606	0.02152	0.06760	0.36515	0.04954	0.32275	0.02758	0.00604	0.00690	0.01986	0.00725	0.00666
53	0.01183	0.00856	0.01131	0.01328	0.01430	0.00805	0.00956	0.01396	0.01848	0.02428	0.05341	0.52330	0.10083	0.02773	0.01183	0.00377	0.00585	0.12347	0.00851	0.00766
54	0.03073	0.12175	0.03402	0.02541	0.03138	0.44990	0.12213	0.03416	0.02428	0.02364	0.01482	0.01783	0.01221	0.00894	0.00844	0.00245	0.01550	0.00669	0.00461	0.01111
55	0.07793	0.11586	0.02819	0.02148	0.02715	0.41137	0.01695	0.14060	0.02775	0.03031	0.01543	0.01728	0.01243	0.00951	0.00800	0.00242	0.01391	0.00618	0.00555	0.01169
56	0.01186	0.01040	0.01215	0.11015	0.02034	0.00973	0.00987	0.01478	0.02053	0.02459	0.08104	0.07839	0.52200	0.02106	0.01059	0.00309	0.00584	0.01763	0.00783	0.00813
57	0.02201	0.02391	0.08634	0.04906	0.46596	0.02134	0.09489	0.02808	0.02076	0.02985	0.01730	0.02247	0.01417	0.00808	0.00913	0.00270	0.01142	0.00821	0.00456	0.05975
58	0.02763	0.32392	0.13040	0.01998	0.02804	0.14340	0.01930	0.15102	0.02543	0.03078	0.01562	0.01738	0.01260	0.00897	0.00749	0.00236	0.01171	0.00611	0.00521	0.01268
59	0.04535	0.00913	0.01159	0.01214	0.01372	0.00866	0.00866	0.01569	0.02168	0.03091	0.32981	0.34154	0.07131	0.02287	0.01100	0.00327	0.00491	0.02042	0.00918	0.00817
60	0.02434	0.01937	0.02261	0.01736	0.02405	0.01897	0.04068	0.23812	0.06386	0.03964	0.02665	0.02991	0.06195	0.06456	0.01161	0.00282	0.00851	0.00876	0.00730	0.26893
61	0.02729	0.01884	0.01993	0.01625	0.02148	0.02060	0.01310	0.33375	0.07994	0.04748	0.02624	0.02758	0.01958	0.01102	0.00817	0.00256	0.00770	0.00855	0.27706	0.01290
62	0.01680	0.01283	0.05869	0.01510	0.06366	0.01122	0.01134	0.02144	0.01843	0.03071	0.02675	0.03258	0.02179	0.02293	0.14410	0.00497	0.00991	0.00867	0.45872	0.00934
63	0.19666	0.02272	0.01953	0.05607	0.02428	0.15326	0.01410	0.11593	0.07220	0.03603	0.09670	0.03513	0.06196	0.01268	0.00868	0.00287	0.00955	0.04355	0.00711	0.01099
64	0.01843	0.05565	0.01938	0.01607	0.01927	0.01648	0.01286	0.14087	0.02132	0.02937	0.02489	0.07067	0.02298	0.05004	0.42552	0.01068	0.01934	0.01018	0.00600	0.00998
65	0.02452	0.05624	0.02020	0.01591	0.02042	0.01706	0.01265	0.16360	0.05348	0.14724	0.03591	0.13478	0.07539	0.05336	0.12073	0.00527	0.01078	0.01253	0.00823	0.01170

[dist]
# distance from previous block
# <min> <max>
0	23

[block]
# block no. 2 follows, 18 sequences, length 13
# corresponding to MSA columns:
# 243-255
name=unknown_C
#
# <colnr> <probs for GDERKNQSTAVLIFYWHMCP>
#	G	D	E	R	K	N	Q	S	T	A	V	L	I	F	Y	W	H	M	C	P
0	0.02190	0.03349	0.24523	0.07790	0.18921	0.13837	0.02616	0.02844	0.02045	0.02677	0.01716	0.02199	0.01377	0.01559	0.08066	0.00412	0.01460	0.00743	0.00435	0.01241
1	0.07518	0.09196	0.22556	0.01902	0.02718	0.01996	0.01980	0.03336	0.13200	0.12844	0.10887	0.03040	0.02719	0.01120	0.00873	0.00284	0.00928	0.00896	0.00715	0.01294
2	0.16928	0.06006	0.21052	0.09308	0.08277	0.07482	0.02146	0.02636	0.01933	0.02992	0.04828	0.08540	0.02016	0.01118	0.00840	0.00288	0.01067	0.00890	0.00517	0.01134
3	0.01909	0.12891	0.38264	0.05735	0.09902	0.02202	0.02743	0.02714	0.02015	0.02872	0.08411	0.02494	0.02053	0.00971	0.00862	0.00276	0.01163	0.00786	0.00468	0.01270
4	0.28344	0.02585	0.08190	0.06259	0.13930	0.14441	0.01816	0.02830	0.02018	0.03266	0.06799	0.02251	0.01831	0.00962	0.00782	0.00275	0.01043	0.00718	0.00539	0.01122
5	0.14028	0.09998	0.07484	0.08236	0.26796	0.13201	0.02223	0.02911	0.02040	0.02898	0.01537	0.01938	0.01263	0.00854	0.00802	0.00264	0.01146	0.00680	0.00461	0.01241
6	0.19266	0.02661	0.07273	0.12155	0.20889	0.14534	0.02138	0.05542	0.02126	0.03141	0.01563	0.01963	0.01242	0.00884	0.00812	0.00274	0.01150	0.00687	0.00495	0.01204
7	0.02610	0.02714	0.02689	0.02943	0.18861	0.20833	0.01853	0.06646	0.08816	0.03034	0.01863	0.02117	0.01505	0.00888	0.00831	0.00232	0.01115	0.00706	0.00564	0.19179
8	0.01179	0.00917	0.01037	0.01035	0.01260	0.00812	0.00745	0.01437	0.02127	0.02742	0.23474	0.13120	0.34734	0.09517	0.01491	0.00374	0.00509	0.01849	0.00866	0.00775
9	0.01640	0.01364	0.01969	0.13603	0.02636	0.01481	0.04837	0.04608	0.01943	0.02678	0.13690	0.09794	0.03661	0.19076	0.02171	0.00462	0.07279	0.01271	0.00637	0.05199
10	0.01540	0.01337	0.02088	0.01877	0.02060	0.01626	0.05729	0.01872	0.01512	0.02211	0.02120	0.03148	0.01972	0.05187	0.45019	0.01136	0.17252	0.00949	0.00469	0.00895
11	0.02015	0.09341	0.34659	0.09145	0.21355	0.02272	0.02983	0.02816	0.01968	0.02818	0.01637	0.02043	0.01257	0.00853	0.00862	0.00278	0.01232	0.00716	0.00410	0.01340
12	0.03341	0.10462	0.02836	0.02259	0.02792	0.51296	0.01751	0.09724	0.02720	0.02632	0.01493	0.01699	0.01224	0.00948	0.00815	0.00237	0.01518	0.00608	0.00515	0.01131

[dist]
# distance from previous block
# <min> <max>
0	2

[block]
# block no. 3 follows, 18 sequences, length 6
# corresponding to MSA columns:
# 258-263
name=unknown_D
#
# <colnr> <probs for GDERKNQSTAVLIFYWHMCP>
#	G	D	E	R	K	N	Q	S	T	A	V	L	I	F	Y	W	H	M	C	P
0	0.02688	0.16995	0.03957	0.03236	0.15707	0.23947	0.15065	0.03126	0.02238	0.02548	0.01555	0.01937	0.01288	0.00845	0.00853	0.00253	0.01369	0.00732	0.00450	0.01211
1	0.01365	0.01047	0.01279	0.01403	0.01555	0.01071	0.00979	0.02040	0.14153	0.02661	0.04781	0.53653	0.05381	0.02532	0.01122	0.00360	0.00574	0.02278	0.00870	0.00895
2	0.01384	0.01187	0.01594	0.01998	0.14130	0.01090	0.01193	0.01720	0.02175	0.02834	0.18394	0.11210	0.33759	0.01952	0.01054	0.00302	0.00596	0.01691	0.00802	0.00936
3	0.02345	0.14421	0.03018	0.15538	0.03286	0.18217	0.01927	0.02667	0.01888	0.02234	0.01447	0.02023	0.01272	0.01500	0.05677	0.00375	0.19991	0.00708	0.00426	0.01042
4	0.07917	0.02768	0.02112	0.01877	0.02365	0.25593	0.01448	0.10616	0.17334	0.03373	0.02756	0.02797	0.05538	0.01135	0.00845	0.00266	0.01068	0.00840	0.08170	0.01182
5	0.02537	0.02557	0.02634	0.02269	0.02550	0.15194	0.01831	0.10286	0.12251	0.02962	0.01817	0.02208	0.01524	0.01345	0.01937	0.00336	0.33216	0.00804	0.00575	0.01166

[dist]
# distance from previous block
# <min> <max>
1	4

[block]
# block no. 4 follows, 18 sequences, length 24
# corresponding to MSA columns:
# 268-291
name=unknown_E
#
# <colnr> <probs for GDERKNQSTAVLIFYWHMCP>
#	G	D	E	R	K	N	Q	S	T	A	V	L	I	F	Y	W	H	M	C	P
0	0.01780	0.01822	0.04310	0.01494	0.01781	0.12940	0.01139	0.05442	0.02060	0.02482	0.04332	0.20833	0.15107	0.13545	0.06329	0.00495	0.01003	0.01555	0.00686	0.00864
1	0.02179	0.02747	0.20284	0.02015	0.02825	0.01997	0.02008	0.14197	0.02346	0.03411	0.01922	0.06148	0.01625	0.01080	0.01106	0.00259	0.09016	0.00807	0.00578	0.23452
2	0.03034	0.07626	0.02658	0.02185	0.02655	0.38994	0.01706	0.10703	0.05868	0.02787	0.01713	0.02001	0.01416	0.01503	0.06110	0.00356	0.06311	0.00689	0.00549	0.01135
3	0.01161	0.00878	0.01073	0.01140	0.01316	0.00790	0.00811	0.01422	0.02102	0.02773	0.22732	0.32376	0.23246	0.02423	0.01120	0.00330	0.00484	0.02135	0.00898	0.00790
4	0.03304	0.04172	0.02613	0.07056	0.03097	0.59440	0.01832	0.03568	0.02545	0.02255	0.01435	0.01715	0.01186	0.00944	0.00835	0.00242	0.01624	0.00608	0.00468	0.01061
5	0.01335	0.00890	0.01001	0.01001	0.01001	0.00890	0.00556	0.01335	0.01335	0.01780	0.02893	0.06009	0.03338	0.67731	0.04673	0.00890	0.00890	0.01335	0.00556	0.00556
6	0.02273	0.02182	0.03727	0.05636	0.62003	0.02182	0.02818	0.02818	0.02091	0.03000	0.01727	0.02273	0.01454	0.00818	0.00909	0.00273	0.01091	0.00818	0.00455	0.01454
7	0.01312	0.00984	0.01476	0.01476	0.01640	0.01148	0.01148	0.01640	0.01476	0.02131	0.02459	0.03607	0.02295	0.06886	0.64092	0.01476	0.02459	0.00984	0.00492	0.00820
8	0.01312	0.00984	0.01476	0.01476	0.01640	0.01148	0.01148	0.01640	0.01476	0.02131	0.02459	0.03607	0.02295	0.06886	0.64092	0.01476	0.02459	0.00984	0.00492	0.00820
9	0.01335	0.00890	0.01001	0.01001	0.01001	0.00890	0.00556	0.01335	0.01335	0.01780	0.02893	0.06009	0.03338	0.67731	0.04673	0.00890	0.00890	0.01335	0.00556	0.00556
10	0.02284	0.01972	0.02076	0.01869	0.02388	0.02284	0.01453	0.04879	0.60345	0.03841	0.03737	0.03426	0.02803	0.01246	0.00934	0.00311	0.00727	0.01038	0.00934	0.01453
11	0.01734	0.01632	0.02754	0.65524	0.06324	0.02040	0.02550	0.02346	0.01836	0.02346	0.01632	0.02448	0.01224	0.00918	0.00918	0.00306	0.01224	0.00816	0.00408	0.01020
12	0.52341	0.12832	0.05773	0.01388	0.02052	0.02264	0.01265	0.02864	0.01722	0.08458	0.01491	0.01648	0.01138	0.00866	0.00619	0.00270	0.00800	0.00542	0.00574	0.01093
13	0.02273	0.02182	0.03727	0.05636	0.62003	0.02182	0.02818	0.02818	0.02091	0.03000	0.01727	0.02273	0.01454	0.00818	0.00909	0.00273	0.01091	0.00818	0.00455	0.01454
14	0.02160	0.01937	0.02574	0.02197	0.02359	0.02535	0.01814	0.12461	0.01949	0.02849	0.01601	0.02317	0.01456	0.02414	0.13037	0.00562	0.43353	0.00838	0.00511	0.01075
15	0.01932	0.01969	0.01892	0.01794	0.02024	0.17857	0.01390	0.02224	0.01766	0.02169	0.02073	0.02950	0.01905	0.04850	0.41970	0.01053	0.07938	0.00864	0.00479	0.00901
16	0.02073	0.01957	0.03263	0.04865	0.51659	0.01939	0.02471	0.02559	0.02061	0.02899	0.02638	0.08607	0.06736	0.01124	0.00947	0.00285	0.00990	0.01069	0.00522	0.01336
17	0.02252	0.02103	0.02977	0.04058	0.38952	0.05513	0.02196	0.09597	0.02399	0.03201	0.03298	0.03553	0.13595	0.01165	0.00941	0.00279	0.00987	0.01032	0.00594	0.01309
18	0.02064	0.03410	0.35766	0.02199	0.03180	0.02030	0.02466	0.03497	0.20042	0.06887	0.02984	0.02983	0.06219	0.01112	0.00910	0.00298	0.01060	0.00898	0.00638	0.01356
19	0.02131	0.09353	0.27136	0.02529	0.10090	0.14518	0.02342	0.02746	0.02112	0.02641	0.02974	0.03138	0.12233	0.01138	0.00881	0.00273	0.01189	0.00891	0.00498	0.01188
20	0.02856	0.03270	0.03039	0.03712	0.27828	0.33306	0.02192	0.03397	0.06664	0.02684	0.01721	0.02048	0.01418	0.00914	0.00870	0.00257	0.01348	0.00720	0.00499	0.01258
21	0.02232	0.02920	0.17591	0.04658	0.42277	0.05677	0.05645	0.02893	0.02088	0.02933	0.01698	0.02170	0.01368	0.00836	0.00904	0.00277	0.01208	0.00786	0.00440	0.01399
22	0.01555	0.01271	0.01644	0.11949	0.02512	0.01354	0.01414	0.02352	0.12698	0.02863	0.08610	0.10147	0.16348	0.01968	0.01095	0.00349	0.00764	0.19342	0.00802	0.00966
23	0.07708	0.02582	0.06570	0.04260	0.35248	0.09800	0.10656	0.03064	0.05748	0.03029	0.01796	0.02224	0.01447	0.00859	0.00899	0.00278	0.01190	0.00812	0.00493	0.01336

[dist]
# distance from previous block
# <min> <max>
0	24

[block]
# block no. 5 follows, 18 sequences, length 17
# corresponding to MSA columns:
# 316-332
name=unknown_F
#
# <colnr> <probs for GDERKNQSTAVLIFYWHMCP>
#	G	D	E	R	K	N	Q	S	T	A	V	L	I	F	Y	W	H	M	C	P
0	0.06513	0.03401	0.30563	0.03538	0.24579	0.05224	0.02815	0.03014	0.02054	0.07268	0.01785	0.02103	0.01339	0.00874	0.00869	0.00281	0.01197	0.00731	0.00481	0.01371
1	0.03123	0.03794	0.02900	0.03233	0.18527	0.47641	0.02051	0.03441	0.02466	0.02447	0.01501	0.01819	0.01255	0.00912	0.00849	0.00246	0.01506	0.00651	0.00468	0.01168
2	0.03295	0.03861	0.02762	0.02735	0.10151	0.48135	0.01899	0.11027	0.02770	0.02818	0.01563	0.01806	0.01267	0.00951	0.00850	0.00246	0.01499	0.00651	0.00531	0.01180
3	0.06222	0.01933	0.03183	0.15650	0.29075	0.01960	0.07130	0.03134	0.02152	0.17341	0.02156	0.02490	0.01580	0.00912	0.00912	0.00286	0.01062	0.00850	0.00617	0.01356
4	0.07236	0.27568	0.17154	0.02239	0.03087	0.16277	0.09040	0.03006	0.02061	0.02572	0.01463	0.01742	0.01190	0.00843	0.00764	0.00246	0.01265	0.00628	0.00430	0.01189
5	0.01085	0.00930	0.00930	0.00930	0.01240	0.00775	0.00698	0.01318	0.02093	0.02480	0.09302	0.08837	0.61631	0.02325	0.01085	0.00310	0.00465	0.01938	0.00853	0.00775
6	0.02273	0.02182	0.03727	0.05636	0.62003	0.02182	0.02818	0.02818	0.02091	0.03000	0.01727	0.02273	0.01454	0.00818	0.00909	0.00273	0.01091	0.00818	0.00455	0.01454
7	0.01181	0.00930	0.01082	0.01176	0.01408	0.00832	0.00906	0.01440	0.02024	0.02510	0.07381	0.21957	0.36874	0.02493	0.01145	0.00349	0.00565	0.14112	0.00851	0.00784
8	0.01335	0.00890	0.01001	0.01001	0.01001	0.00890	0.00556	0.01335	0.01335	0.01780	0.02893	0.06009	0.03338	0.67731	0.04673	0.00890	0.00890	0.01335	0.00556	0.00556
9	0.01085	0.00930	0.00930	0.00930	0.01240	0.00775	0.00698	0.01318	0.02093	0.02480	0.09302	0.08837	0.61631	0.02325	0.01085	0.00310	0.00465	0.01938	0.00853	0.00775
10	0.01712	0.00856	0.00856	0.00856	0.01070	0.00856	0.00642	0.02139	0.01926	0.03423	0.02995	0.03423	0.02353	0.01070	0.00642	0.00214	0.00428	0.00856	0.72828	0.00856
11	0.01116	0.00809	0.01055	0.01252	0.01325	0.00748	0.00841	0.01281	0.01783	0.02354	0.05383	0.62700	0.10297	0.02835	0.01165	0.00368	0.00528	0.02559	0.00852	0.00748
12	0.03430	0.04376	0.02602	0.02365	0.02839	0.64045	0.01774	0.03666	0.02602	0.02247	0.01419	0.01656	0.01183	0.00946	0.00828	0.00237	0.01656	0.00591	0.00473	0.01064
13	0.02273	0.02182	0.03727	0.05636	0.62003	0.02182	0.02818	0.02818	0.02091	0.03000	0.01727	0.02273	0.01454	0.00818	0.00909	0.00273	0.01091	0.00818	0.00455	0.01454
14	0.02178	0.02745	0.16717	0.04974	0.49281	0.02171	0.02944	0.02838	0.02057	0.02980	0.01710	0.02199	0.01391	0.00830	0.00901	0.00277	0.01149	0.00787	0.00440	0.01433
15	0.02207	0.02188	0.03950	0.10473	0.46840	0.02195	0.12918	0.02800	0.02083	0.02933	0.01743	0.02325	0.01423	0.00819	0.00941	0.00282	0.01185	0.00866	0.00452	0.01378
16	0.02142	0.02056	0.03047	0.04251	0.40774	0.06204	0.02290	0.02754	0.05839	0.02813	0.01999	0.02599	0.01709	0.02186	0.14758	0.00537	0.01406	0.00853	0.00496	0.01288

[dist]
# distance from previous block
# <min> <max>
1	3

[block]
# block no. 6 follows, 18 sequences, length 38
# corresponding to MSA columns:
# 336-373
name=unknown_G
#
# <colnr> <probs for GDERKNQSTAVLIFYWHMCP>
#	G	D	E	R	K	N	Q	S	T	A	V	L	I	F	Y	W	H	M	C	P
0	0.01747	0.05994	0.09141	0.02309	0.02769	0.01949	0.14782	0.02212	0.01719	0.02434	0.02165	0.08534	0.02041	0.03124	0.21915	0.00704	0.13896	0.01059	0.00485	0.01022
1	0.01937	0.02003	0.01585	0.01511	0.01750	0.20597	0.01084	0.02121	0.01898	0.02127	0.03521	0.04676	0.13158	0.22337	0.15096	0.00701	0.01375	0.01142	0.00572	0.00809
2	0.02996	0.15101	0.02922	0.02040	0.02646	0.23240	0.01654	0.17473	0.16497	0.03483	0.02134	0.02175	0.01657	0.01026	0.00832	0.00256	0.01153	0.00736	0.00677	0.01300
3	0.02906	0.30680	0.03635	0.02373	0.08737	0.32590	0.01797	0.03198	0.02244	0.02289	0.01392	0.01643	0.01209	0.00866	0.00737	0.00224	0.01318	0.00573	0.00438	0.01152
4	0.01362	0.01039	0.01145	0.01045	0.01292	0.00916	0.00698	0.01509	0.01676	0.02221	0.04658	0.06136	0.21135	0.35039	0.02822	0.00571	0.00719	0.01378	0.00646	0.13994
5	0.01514	0.01224	0.01896	0.02294	0.14157	0.01337	0.01435	0.01854	0.01589	0.02276	0.02351	0.03576	0.02228	0.11893	0.44797	0.01165	0.02012	0.00985	0.00491	0.00925
6	0.02512	0.34181	0.16241	0.02050	0.02810	0.17251	0.02038	0.02946	0.02010	0.02341	0.01381	0.01661	0.01179	0.00916	0.00925	0.00244	0.07148	0.00582	0.00411	0.01173
7	0.01678	0.01048	0.01200	0.01097	0.01465	0.00896	0.00845	0.01966	0.02276	0.13715	0.17005	0.07458	0.41874	0.02032	0.01055	0.00302	0.00518	0.01705	0.00931	0.00935
8	0.01239	0.00909	0.01089	0.01183	0.01322	0.00853	0.00845	0.01423	0.01798	0.02299	0.05579	0.23193	0.20425	0.20890	0.02150	0.00510	0.00674	0.12130	0.00768	0.00719
9	0.01812	0.01364	0.01748	0.01638	0.01921	0.01394	0.04112	0.16887	0.02468	0.03302	0.04125	0.46279	0.04614	0.02289	0.01099	0.00343	0.00714	0.02050	0.00850	0.00991
10	0.02372	0.02028	0.02957	0.34068	0.16891	0.02311	0.02365	0.19377	0.02631	0.03512	0.01823	0.02339	0.01373	0.00952	0.00916	0.00290	0.01132	0.00820	0.00570	0.01273
11	0.19508	0.01206	0.01300	0.01211	0.01465	0.01298	0.00887	0.04714	0.01658	0.05528	0.02190	0.03302	0.02017	0.15916	0.09479	0.15756	0.00950	0.00871	0.09947	0.00795
12	0.02263	0.02209	0.03881	0.05475	0.56789	0.02194	0.07909	0.02829	0.02098	0.02994	0.01739	0.02291	0.01449	0.00814	0.00925	0.00276	0.01132	0.00842	0.00455	0.01435
13	0.02104	0.02077	0.06142	0.10146	0.29664	0.02062	0.02290	0.03236	0.18126	0.03130	0.02632	0.03531	0.02232	0.01149	0.00957	0.00305	0.00990	0.07270	0.00624	0.01333
14	0.01509	0.00921	0.01170	0.01170	0.01359	0.01004	0.00899	0.01886	0.01697	0.02767	0.02723	0.03517	0.02324	0.04023	0.32852	0.00854	0.01459	0.00921	0.36107	0.00838
15	0.01350	0.00960	0.01132	0.01075	0.01332	0.00855	0.00795	0.01662	0.02287	0.05781	0.33041	0.07382	0.28615	0.08022	0.01404	0.00352	0.00504	0.01705	0.00913	0.00835
16	0.01504	0.01248	0.01598	0.01541	0.01676	0.01453	0.01156	0.01968	0.08370	0.02378	0.03734	0.19230	0.09297	0.12961	0.13609	0.00647	0.14614	0.01490	0.00657	0.00869
17	0.02273	0.02182	0.03727	0.05636	0.62003	0.02182	0.02818	0.02818	0.02091	0.03000	0.01727	0.02273	0.01454	0.00818	0.00909	0.00273	0.01091	0.00818	0.00455	0.01454
18	0.01166	0.00917	0.00953	0.00953	0.01163	0.00812	0.00652	0.01323	0.01847	0.02254	0.07225	0.07920	0.42746	0.23515	0.02248	0.00498	0.00603	0.01743	0.00757	0.00704
19	0.01207	0.00885	0.01161	0.01232	0.01368	0.00860	0.00875	0.01459	0.01912	0.02599	0.18187	0.31433	0.11545	0.07374	0.12918	0.00581	0.00879	0.01939	0.00805	0.00779
20	0.02291	0.01984	0.02237	0.01951	0.02374	0.02365	0.01556	0.10345	0.37946	0.03641	0.03380	0.03327	0.06003	0.01372	0.01375	0.00326	0.14361	0.01021	0.00816	0.01330
21	0.01335	0.00890	0.01001	0.01001	0.01001	0.00890	0.00556	0.01335	0.01335	0.01780	0.02893	0.06009	0.03338	0.67731	0.04673	0.00890	0.00890	0.01335	0.00556	0.00556
22	0.01495	0.00998	0.01088	0.01042	0.01210	0.00979	0.00705	0.05052	0.01909	0.02692	0.10092	0.05845	0.14281	0.30973	0.02575	0.00543	0.00676	0.01349	0.15746	0.00752
23	0.01320	0.00904	0.01185	0.01229	0.01326	0.00957	0.00858	0.01525	0.01539	0.02204	0.03186	0.17546	0.03400	0.23590	0.26722	0.00941	0.01381	0.01414	0.08042	0.00730
24	0.03364	0.08680	0.02751	0.02312	0.02806	0.59976	0.01760	0.03605	0.02552	0.02241	0.01410	0.01644	0.01182	0.00935	0.00812	0.00234	0.01610	0.00585	0.00468	0.01072
25	0.01842	0.04749	0.62974	0.02617	0.03974	0.02132	0.03392	0.02908	0.01939	0.02908	0.01648	0.01939	0.01163	0.00872	0.00872	0.00291	0.01357	0.00678	0.00388	0.01357
26	0.01085	0.00930	0.00930	0.00930	0.01240	0.00775	0.00698	0.01318	0.02093	0.02480	0.09302	0.08837	0.61631	0.02325	0.01085	0.00310	0.00465	0.01938	0.00853	0.00775
27	0.02205	0.01861	0.02970	0.07970	0.38099	0.01915	0.02215	0.08191	0.02093	0.02915	0.01739	0.02399	0.01484	0.01412	0.01542	0.17478	0.01022	0.00814	0.00486	0.01190
28	0.03430	0.04376	0.02602	0.02365	0.02839	0.64045	0.01774	0.03666	0.02602	0.02247	0.01419	0.01656	0.01183	0.00946	0.00828	0.00237	0.01656	0.00591	0.00473	0.01064
29	0.04120	0.01563	0.02131	0.01634	0.02344	0.01350	0.01350	0.04475	0.02628	0.62639	0.03622	0.03125	0.02273	0.01136	0.00923	0.00284	0.00781	0.00923	0.01136	0.01563
30	0.01294	0.00873	0.01014	0.01054	0.01064	0.00863	0.00612	0.01325	0.01415	0.01887	0.03303	0.17567	0.03855	0.55467	0.04011	0.00792	0.00823	0.01576	0.00612	0.00592
31	0.01362	0.00921	0.01089	0.01128	0.01167	0.00921	0.00726	0.01439	0.01478	0.01958	0.03255	0.06807	0.03696	0.55756	0.04048	0.00804	0.00882	0.11344	0.00609	0.00609
32	0.06107	0.01621	0.02328	0.06524	0.18015	0.01672	0.01718	0.08419	0.02212	0.13983	0.02741	0.12604	0.02442	0.02345	0.12541	0.00514	0.01180	0.01127	0.00698	0.01209
33	0.02436	0.02535	0.03432	0.10495	0.46060	0.13532	0.02602	0.02931	0.02161	0.02802	0.01662	0.02175	0.01384	0.00851	0.00895	0.00269	0.01207	0.00776	0.00454	0.01343
34	0.09541	0.10192	0.44347	0.02347	0.03469	0.09413	0.02792	0.02959	0.01970	0.02888	0.01549	0.01817	0.01149	0.00871	0.00810	0.00275	0.01291	0.00633	0.00417	0.01270
35	0.02239	0.02701	0.08506	0.02559	0.13293	0.21712	0.01777	0.02601	0.02098	0.02515	0.02469	0.17520	0.02534	0.05520	0.01155	0.00313	0.01120	0.01160	0.00562	0.07649
36	0.02419	0.22186	0.03418	0.02727	0.14826	0.15409	0.01910	0.02740	0.01940	0.02359	0.01509	0.01996	0.01357	0.01605	0.07696	0.00390	0.13248	0.00688	0.00434	0.01143
37	0.06973	0.11258	0.02545	0.01899	0.02433	0.21175	0.01521	0.12177	0.14625	0.03239	0.02476	0.02604	0.04599	0.01615	0.06598	0.00372	0.01232	0.00804	0.00655	0.01198

[dist]
# distance from previous block
# <min> <max>
2	29

[block]
# block no. 7 follows, 18 sequences, length 31
# corresponding to MSA columns:
# 403-433
name=unknown_H
#
# <colnr> <probs for GDERKNQSTAVLIFYWHMCP>
#	G	D	E	R	K	N	Q	S	T	A	V	L	I	F	Y	W	H	M	C	P
0	0.06780	0.01594	0.01479	0.01490	0.01732	0.11361	0.01105	0.02102	0.05418	0.02508	0.03972	0.21666	0.10174	0.07623	0.12573	0.00572	0.01124	0.05170	0.00689	0.00868
1	0.01546	0.01308	0.01969	0.02678	0.21848	0.01262	0.01481	0.01871	0.01995	0.02726	0.12024	0.25962	0.10982	0.06542	0.01307	0.00357	0.00725	0.01707	0.00719	0.00992
2	0.02224	0.02709	0.07117	0.06702	0.03035	0.22773	0.11652	0.02668	0.02274	0.02621	0.08228	0.08066	0.09363	0.01388	0.00988	0.00294	0.01209	0.05058	0.00603	0.01027
3	0.15037	0.19097	0.07154	0.02121	0.06745	0.13147	0.04342	0.02744	0.02049	0.02834	0.04604	0.03330	0.02172	0.01167	0.00826	0.00277	0.01067	0.09649	0.00546	0.01093
4	0.02767	0.25536	0.03435	0.02542	0.12226	0.29579	0.01810	0.03074	0.02237	0.02355	0.01899	0.02130	0.04893	0.00954	0.00776	0.00233	0.01262	0.00676	0.00466	0.01149
5	0.01316	0.00967	0.01392	0.01392	0.01528	0.01103	0.01044	0.01586	0.01451	0.02070	0.02536	0.04029	0.02478	0.17567	0.53663	0.01373	0.02184	0.01045	0.00503	0.00774
6	0.01761	0.01684	0.01808	0.10694	0.04656	0.12209	0.01382	0.02153	0.02230	0.02869	0.26648	0.08859	0.04806	0.02425	0.11290	0.00481	0.01122	0.01278	0.00714	0.00929
7	0.02349	0.02163	0.02707	0.09505	0.25553	0.12890	0.02036	0.02782	0.02135	0.07977	0.06419	0.02831	0.02141	0.02023	0.12000	0.00483	0.01369	0.00879	0.00562	0.01196
8	0.02017	0.02023	0.02152	0.02367	0.11699	0.14964	0.01536	0.02264	0.01793	0.02246	0.02172	0.06742	0.02192	0.16562	0.15412	0.00675	0.10727	0.01011	0.00502	0.00942
9	0.21810	0.02853	0.04982	0.02972	0.16976	0.21249	0.06270	0.03017	0.02059	0.03004	0.01483	0.01859	0.01215	0.00921	0.00953	0.00277	0.05778	0.00677	0.00485	0.01160
10	0.22065	0.25213	0.03000	0.01713	0.02354	0.17947	0.01463	0.07042	0.02195	0.07362	0.01548	0.01695	0.01237	0.00891	0.00690	0.00242	0.01064	0.00573	0.00551	0.01156
11	0.01654	0.06233	0.34922	0.02129	0.03041	0.01756	0.06393	0.02386	0.02013	0.02807	0.07784	0.09326	0.13000	0.01374	0.00955	0.00298	0.01052	0.01169	0.00564	0.01145
12	0.01714	0.02602	0.27504	0.01791	0.02536	0.01431	0.01960	0.02393	0.02276	0.07493	0.27288	0.04674	0.09703	0.01436	0.00982	0.00291	0.00854	0.01215	0.00741	0.01117
13	0.08449	0.01177	0.01402	0.01229	0.01633	0.01077	0.00963	0.02442	0.02382	0.19159	0.27026	0.05905	0.20167	0.01706	0.00995	0.00293	0.00559	0.01433	0.00964	0.01040
14	0.03326	0.02021	0.02132	0.01776	0.02338	0.11714	0.01419	0.07828	0.06697	0.33585	0.02960	0.02927	0.02086	0.02140	0.12218	0.00491	0.01237	0.00881	0.00882	0.01340
15	0.02235	0.02085	0.03213	0.09096	0.41921	0.02198	0.02433	0.03333	0.17637	0.03176	0.02257	0.02594	0.01798	0.00940	0.00916	0.00286	0.01003	0.00877	0.00579	0.01422
16	0.01312	0.00984	0.01476	0.01476	0.01640	0.01148	0.01148	0.01640	0.01476	0.02131	0.02459	0.03607	0.02295	0.06886	0.64092	0.01476	0.02459	0.00984	0.00492	0.00820
17	0.02192	0.01299	0.01599	0.01459	0.01811	0.01260	0.01105	0.12138	0.02522	0.15924	0.11636	0.30355	0.08842	0.02030	0.01057	0.00322	0.00652	0.01771	0.00944	0.01080
18	0.01486	0.01248	0.01935	0.18672	0.02959	0.01533	0.01599	0.01879	0.01566	0.02196	0.02127	0.03156	0.01913	0.04824	0.41808	0.01068	0.07756	0.00923	0.00461	0.00890
19	0.01320	0.00952	0.01314	0.01314	0.01423	0.01060	0.00947	0.01536	0.01428	0.02012	0.02607	0.04424	0.02650	0.27572	0.43892	0.01277	0.01926	0.01103	0.00514	0.00730
20	0.03337	0.04117	0.02625	0.02355	0.02810	0.56548	0.01788	0.06604	0.02615	0.02439	0.01448	0.01710	0.01205	0.00999	0.00980	0.00250	0.05969	0.00619	0.00493	0.01088
21	0.01699	0.01431	0.02155	0.02771	0.21972	0.01517	0.01550	0.01974	0.01672	0.02363	0.04593	0.04052	0.02564	0.26788	0.13559	0.00723	0.06076	0.01071	0.00517	0.00953
22	0.01341	0.01016	0.01297	0.01392	0.01506	0.01040	0.00986	0.05243	0.01929	0.02576	0.04893	0.53809	0.09415	0.02625	0.01283	0.00364	0.05328	0.02310	0.00824	0.00822
23	0.01226	0.00877	0.01186	0.01381	0.01487	0.00836	0.01021	0.01474	0.01905	0.02535	0.08528	0.48204	0.06024	0.02723	0.01192	0.00381	0.00610	0.16769	0.00860	0.00780
24	0.02629	0.07551	0.03286	0.15113	0.03783	0.18980	0.11890	0.11210	0.06646	0.03008	0.01795	0.02176	0.01401	0.00987	0.01042	0.00283	0.05690	0.00796	0.00546	0.01190
25	0.02311	0.02332	0.02477	0.02975	0.21345	0.17252	0.01785	0.07567	0.02495	0.03112	0.14407	0.07885	0.07527	0.01335	0.00955	0.00277	0.01010	0.01133	0.00667	0.01152
26	0.15553	0.03146	0.02253	0.02011	0.02532	0.32209	0.01549	0.07844	0.17973	0.03259	0.02071	0.02140	0.01610	0.01021	0.00817	0.00268	0.01195	0.00711	0.00645	0.01192
27	0.03076	0.09482	0.02765	0.02384	0.05932	0.44278	0.01755	0.03756	0.12847	0.02566	0.01838	0.01990	0.01487	0.00979	0.00830	0.00248	0.01399	0.00675	0.00548	0.01165
28	0.02908	0.13818	0.02811	0.01837	0.02458	0.02659	0.01520	0.36829	0.07391	0.04426	0.02250	0.02720	0.01842	0.10826	0.01412	0.00354	0.00968	0.00857	0.00774	0.01339
29	0.01694	0.01263	0.01700	0.01587	0.01852	0.01446	0.01253	0.11698	0.01974	0.02773	0.02415	0.03361	0.02167	0.05871	0.53003	0.01265	0.02205	0.00956	0.00567	0.00950
30	0.01990	0.01843	0.03035	0.17446	0.36316	0.01976	0.02394	0.02623	0.05096	0.02754	0.01945	0.02607	0.01626	0.01928	0.12003	0.00493	0.01340	0.00859	0.00477	0.01251

[dist]
# distance from previous block
# <min> <max>
0	1

[block]
# block no. 8 follows, 18 sequences, length 31
# corresponding to MSA columns:
# 435-465
name=unknown_I
#
# <colnr> <probs for GDERKNQSTAVLIFYWHMCP>
#	G	D	E	R	K	N	Q	S	T	A	V	L	I	F	Y	W	H	M	C	P
0	0.02773	0.03131	0.03240	0.04221	0.36411	0.28941	0.02366	0.03185	0.02312	0.02674	0.01594	0.02006	0.01337	0.00874	0.00874	0.00257	0.01335	0.00720	0.00463	0.01286
1	0.01722	0.01283	0.01717	0.01596	0.01867	0.01468	0.01260	0.12441	0.02011	0.02820	0.02411	0.03343	0.02157	0.05796	0.52185	0.01249	0.02186	0.00954	0.00572	0.00960
2	0.01312	0.00984	0.01476	0.01476	0.01640	0.01148	0.01148	0.01640	0.01476	0.02131	0.02459	0.03607	0.02295	0.06886	0.64092	0.01476	0.02459	0.00984	0.00492	0.00820
3	0.01227	0.00924	0.01134	0.01107	0.01333	0.00831	0.00821	0.01582	0.02389	0.03243	0.42610	0.12890	0.22371	0.02087	0.01092	0.00302	0.00451	0.01820	0.00955	0.00831
4	0.03196	0.19868	0.03154	0.02152	0.02721	0.44697	0.01722	0.07575	0.02550	0.02491	0.01443	0.01652	0.01210	0.00919	0.00776	0.00230	0.01443	0.00584	0.00487	0.01129
5	0.01552	0.01040	0.01380	0.01436	0.01695	0.00986	0.01195	0.01950	0.02285	0.06942	0.21692	0.08677	0.13180	0.02227	0.01169	0.00361	0.00674	0.29755	0.00913	0.00890
6	0.01842	0.04749	0.62974	0.02617	0.03974	0.02132	0.03392	0.02908	0.01939	0.02908	0.01648	0.01939	0.01163	0.00872	0.00872	0.00291	0.01357	0.00678	0.00388	0.01357
7	0.02657	0.02091	0.02449	0.02025	0.02470	0.02447	0.01648	0.32006	0.06857	0.04191	0.02298	0.06346	0.01938	0.02105	0.09877	0.00472	0.15127	0.00964	0.00747	0.01286
8	0.01125	0.00838	0.01048	0.01194	0.01315	0.00761	0.00820	0.01321	0.01893	0.02473	0.10193	0.50105	0.18199	0.02684	0.01147	0.00353	0.00511	0.02395	0.00864	0.00761
9	0.01335	0.00890	0.01001	0.01001	0.01001	0.00890	0.00556	0.01335	0.01335	0.01780	0.02893	0.06009	0.03338	0.67731	0.04673	0.00890	0.00890	0.01335	0.00556	0.00556
10	0.01312	0.00984	0.01476	0.01476	0.01640	0.01148	0.01148	0.01640	0.01476	0.02131	0.02459	0.03607	0.02295	0.06886	0.64092	0.01476	0.02459	0.00984	0.00492	0.00820
11	0.01236	0.00908	0.01163	0.01323	0.01470	0.00855	0.00998	0.01480	0.01905	0.02460	0.05670	0.35113	0.16141	0.06537	0.01394	0.00407	0.00637	0.18702	0.00833	0.00771
12	0.01312	0.00984	0.01476	0.01476	0.01640	0.01148	0.01148	0.01640	0.01476	0.02131	0.02459	0.03607	0.02295	0.06886	0.64092	0.01476	0.02459	0.00984	0.00492	0.00820
13	0.01111	0.00827	0.01036	0.01204	0.01312	0.00752	0.00819	0.01287	0.01830	0.02373	0.05972	0.54612	0.18005	0.02758	0.01153	0.00359	0.00518	0.02466	0.00852	0.00752
14	0.02730	0.19264	0.02897	0.01977	0.02460	0.35575	0.01588	0.03001	0.02177	0.02201	0.01611	0.02036	0.01424	0.02201	0.14548	0.00497	0.01666	0.00652	0.00458	0.01039
15	0.02722	0.50746	0.04205	0.01789	0.02489	0.20212	0.01627	0.03001	0.02068	0.02184	0.01316	0.01523	0.01180	0.00830	0.00655	0.00207	0.01167	0.00519	0.00415	0.01147
16	0.01085	0.00930	0.00930	0.00930	0.01240	0.00775	0.00698	0.01318	0.02093	0.02480	0.09302	0.08837	0.61631	0.02325	0.01085	0.00310	0.00465	0.01938	0.00853	0.00775
17	0.01712	0.00856	0.00856	0.00856	0.01070	0.00856	0.00642	0.02139	0.01926	0.03423	0.02995	0.03423	0.02353	0.01070	0.00642	0.00214	0.00428	0.00856	0.72828	0.00856
18	0.01393	0.01100	0.01684	0.13516	0.02479	0.01298	0.01371	0.01752	0.01534	0.02148	0.02333	0.03553	0.02165	0.09935	0.48109	0.01215	0.02119	0.00976	0.00480	0.00839
19	0.01687	0.01600	0.01636	0.01618	0.01827	0.12953	0.01228	0.01976	0.01724	0.02180	0.02592	0.11266	0.02563	0.05260	0.44217	0.01103	0.02064	0.01115	0.00534	0.00857
20	0.02009	0.02009	0.02812	0.02411	0.02411	0.02812	0.02009	0.02210	0.01406	0.02210	0.01205	0.02009	0.01205	0.01607	0.03013	0.00402	0.66051	0.00804	0.00402	0.01004
21	0.02639	0.56238	0.04395	0.01721	0.02447	0.15020	0.01609	0.02922	0.02004	0.02177	0.01303	0.01507	0.01179	0.00816	0.00634	0.00204	0.01109	0.00510	0.00408	0.01157
22	0.07982	0.00974	0.01028	0.01015	0.01089	0.00989	0.00606	0.01459	0.01408	0.02042	0.03185	0.05790	0.07122	0.57130	0.04052	0.00795	0.00845	0.01300	0.00578	0.00611
23	0.03199	0.02633	0.02513	0.18747	0.03606	0.23055	0.01847	0.08619	0.02565	0.20967	0.02217	0.02361	0.01560	0.01011	0.00889	0.00273	0.01217	0.00773	0.00698	0.01250
24	0.08100	0.01128	0.01430	0.01387	0.01615	0.01230	0.01056	0.05624	0.01921	0.02868	0.13827	0.12366	0.03868	0.07196	0.31162	0.00890	0.01495	0.01285	0.00676	0.00874
25	0.01256	0.00982	0.01108	0.01143	0.01363	0.00919	0.00816	0.01656	0.07275	0.02565	0.10349	0.23725	0.31332	0.06289	0.01423	0.03685	0.00546	0.01933	0.00832	0.00805
26	0.24194	0.02190	0.02629	0.02499	0.10133	0.07785	0.11134	0.03352	0.17310	0.03453	0.02268	0.05312	0.01848	0.01040	0.00846	0.00294	0.00982	0.00885	0.00637	0.01209
