[name]
unknown

[dist]
# distance from previous block
# <min> <max>
0	13

[block]
# block no. 0 follows, 22 sequences, length 14
# corresponding to MSA columns:
# 13-26
name=unknown_A
#
# <colnr> <probs for GDERKNQSTAVLIFYWHMCP>
#	G	D	E	R	K	N	Q	S	T	A	V	L	I	F	Y	W	H	M	C	P
0	0.01279	0.00914	0.01270	0.01462	0.01627	0.00905	0.01235	0.01618	0.01854	0.02419	0.04432	0.20507	0.04912	0.02351	0.01132	0.00374	0.00713	0.49484	0.00766	0.00748
1	0.05943	0.01209	0.01485	0.01309	0.01716	0.01103	0.00998	0.05153	0.04140	0.20229	0.03313	0.29988	0.03233	0.01583	0.00870	0.00266	0.00603	0.01374	0.00783	0.14702
2	0.04936	0.01036	0.01229	0.01200	0.01414	0.01020	0.00853	0.06378	0.04082	0.10704	0.03902	0.33503	0.08195	0.15711	0.01608	0.00404	0.00617	0.01632	0.00747	0.00827
3	0.01230	0.00916	0.01160	0.01136	0.01317	0.00861	0.00789	0.01406	0.01459	0.02050	0.03011	0.26763	0.03364	0.21704	0.14881	0.00623	0.00937	0.01414	0.00583	0.14395
4	0.07559	0.01723	0.01711	0.01570	0.04475	0.11504	0.01153	0.04743	0.04899	0.15361	0.05181	0.15068	0.06563	0.01287	0.00818	0.00245	0.00755	0.01063	0.00700	0.13623
5	0.11585	0.02184	0.02600	0.05905	0.27438	0.11217	0.01894	0.13553	0.02198	0.03104	0.01648	0.04874	0.01407	0.00944	0.00922	0.00257	0.05850	0.00747	0.00514	0.01159
6	0.02078	0.02115	0.02594	0.40614	0.13621	0.15015	0.02142	0.07459	0.02019	0.02450	0.01494	0.02030	0.01156	0.00836	0.00813	0.00258	0.01152	0.00699	0.00425	0.01029
7	0.01081	0.00824	0.00994	0.00998	0.01195	0.00737	0.00731	0.01368	0.02060	0.02749	0.35264	0.18514	0.26472	0.01998	0.00995	0.00282	0.00418	0.01743	0.00841	0.00737
8	0.66184	0.01638	0.01554	0.06360	0.02094	0.01878	0.04985	0.02432	0.01468	0.03537	0.01215	0.01472	0.00939	0.00771	0.00568	0.00260	0.00727	0.00506	0.00497	0.00916
9	0.02042	0.02142	0.02765	0.33719	0.25581	0.14980	0.02250	0.02507	0.01878	0.02307	0.01468	0.02018	0.01171	0.00805	0.00812	0.00254	0.01144	0.00698	0.00395	0.01065
10	0.01600	0.01308	0.01302	0.01196	0.01443	0.05460	0.00892	0.06787	0.07844	0.02586	0.04301	0.04835	0.22252	0.15307	0.01654	0.00370	0.05823	0.01167	0.13049	0.00823
11	0.02047	0.01017	0.01315	0.01208	0.01538	0.00895	0.00915	0.02289	0.02004	0.26516	0.09168	0.27722	0.16285	0.01842	0.00954	0.00290	0.00549	0.01601	0.00879	0.00968
12	0.02007	0.01682	0.02607	0.03620	0.41364	0.01660	0.01939	0.02589	0.07351	0.08777	0.03229	0.03385	0.14038	0.01069	0.00857	0.00257	0.00820	0.00965	0.00579	0.01205
13	0.01219	0.01212	0.03932	0.01552	0.04999	0.01047	0.08540	0.01519	0.01819	0.02302	0.06010	0.17914	0.38473	0.01880	0.01044	0.00292	0.03124	0.01638	0.00679	0.00807

[dist]
# distance from previous block
# <min> <max>
1	2

[block]
# block no. 1 follows, 22 sequences, length 9
# corresponding to MSA columns:
# 29-37
name=unknown_B
#
# <colnr> <probs for GDERKNQSTAVLIFYWHMCP>
#	G	D	E	R	K	N	Q	S	T	A	V	L	I	F	Y	W	H	M	C	P
0	0.07765	0.01909	0.02744	0.29364	0.29512	0.06577	0.02210	0.05534	0.01901	0.02642	0.01500	0.02021	0.01190	0.00799	0.00797	0.00257	0.01040	0.00703	0.00426	0.01110
1	0.23733	0.01591	0.01934	0.19449	0.07741	0.01788	0.01477	0.11827	0.01953	0.07872	0.01762	0.02401	0.01442	0.10348	0.01200	0.00335	0.00862	0.00727	0.00555	0.01004
2	0.02182	0.02334	0.03640	0.04238	0.39880	0.11488	0.18696	0.02691	0.01977	0.02601	0.01554	0.02025	0.01265	0.00746	0.00855	0.00251	0.01173	0.00776	0.00416	0.01212
3	0.01225	0.00766	0.00893	0.00965	0.01034	0.00748	0.00624	0.01381	0.01493	0.02195	0.03376	0.29082	0.03711	0.26801	0.02078	0.00468	0.00574	0.01525	0.20422	0.00639
4	0.13734	0.01544	0.01637	0.01310	0.01858	0.01520	0.01054	0.17381	0.02224	0.03413	0.02625	0.02775	0.10035	0.01363	0.05518	0.00289	0.00772	0.00767	0.04958	0.25225
5	0.02474	0.02330	0.02382	0.02556	0.16973	0.18186	0.01670	0.20646	0.02510	0.03188	0.01792	0.02155	0.01453	0.01790	0.12127	0.00422	0.01273	0.00719	0.04219	0.01133
6	0.01541	0.01019	0.01291	0.01246	0.01386	0.01075	0.00886	0.09594	0.04431	0.02276	0.02544	0.17459	0.02660	0.12456	0.11212	0.25591	0.00909	0.01176	0.00564	0.00683
7	0.01667	0.01566	0.02236	0.19257	0.20313	0.05831	0.01800	0.02027	0.01721	0.02269	0.02388	0.16880	0.02455	0.05382	0.01223	0.00322	0.05669	0.05546	0.00505	0.00946
8	0.08124	0.02065	0.01846	0.01611	0.02004	0.17204	0.01256	0.18428	0.02319	0.05681	0.01951	0.02486	0.01638	0.07186	0.18653	0.00565	0.01339	0.00749	0.03898	0.00998

[dist]
# distance from previous block
# <min> <max>
5	41

[block]
# block no. 2 follows, 22 sequences, length 180
# corresponding to MSA columns:
# 79-258
name=unknown_C
#
# <colnr> <probs for GDERKNQSTAVLIFYWHMCP>
#	G	D	E	R	K	N	Q	S	T	A	V	L	I	F	Y	W	H	M	C	P
0	0.03126	0.03293	0.02411	0.02047	0.02571	0.40992	0.01594	0.27608	0.02987	0.03340	0.01574	0.01701	0.01210	0.00914	0.00783	0.00228	0.01260	0.00622	0.00592	0.01147
1	0.01703	0.39507	0.02867	0.01259	0.01749	0.02188	0.01146	0.01961	0.01669	0.02022	0.03190	0.03390	0.17370	0.02168	0.14087	0.00436	0.01039	0.00862	0.00478	0.00910
2	0.01178	0.00876	0.00954	0.00916	0.01202	0.00747	0.00694	0.01428	0.02006	0.06174	0.18544	0.07365	0.51044	0.01967	0.00973	0.00276	0.00432	0.01654	0.00813	0.00758
3	0.01226	0.00947	0.01410	0.01387	0.01526	0.01131	0.01086	0.01515	0.01331	0.01933	0.02155	0.03174	0.02016	0.05936	0.63516	0.01275	0.06362	0.00880	0.00440	0.00752
4	0.05638	0.11827	0.02727	0.12562	0.18605	0.22261	0.01812	0.02574	0.01878	0.02249	0.01425	0.01873	0.01209	0.01228	0.04977	0.03905	0.01198	0.00631	0.00407	0.01014
5	0.01893	0.02741	0.20255	0.03312	0.07780	0.02050	0.44125	0.02647	0.01905	0.02657	0.01626	0.02108	0.01212	0.00725	0.00923	0.00274	0.01333	0.00874	0.00402	0.01159
6	0.01187	0.00890	0.01335	0.01335	0.01483	0.01038	0.01038	0.01483	0.01335	0.01928	0.02225	0.03264	0.02077	0.06231	0.67512	0.01335	0.02225	0.00890	0.00445	0.00742
7	0.01904	0.32963	0.39913	0.01963	0.02970	0.02510	0.02364	0.02570	0.01726	0.02342	0.01347	0.01574	0.01058	0.00756	0.00680	0.00227	0.01083	0.00541	0.00353	0.01159
8	0.02490	0.20336	0.06826	0.01960	0.02426	0.31345	0.01677	0.02862	0.04984	0.02115	0.01330	0.01614	0.01144	0.00946	0.01091	0.00241	0.14613	0.00575	0.00413	0.01012
9	0.01120	0.00774	0.00961	0.01068	0.01103	0.00751	0.00686	0.01215	0.01439	0.01915	0.03689	0.37480	0.04343	0.33122	0.02484	0.00550	0.00644	0.05402	0.00651	0.00604
10	0.01002	0.00763	0.00922	0.01050	0.01177	0.00684	0.00724	0.01169	0.01693	0.02163	0.05881	0.49136	0.25780	0.02433	0.01034	0.00318	0.00461	0.02155	0.00771	0.00684
11	0.02805	0.03422	0.02451	0.08336	0.09513	0.51487	0.01753	0.03184	0.05291	0.02184	0.01434	0.01700	0.01172	0.00855	0.00769	0.00226	0.01368	0.00595	0.00442	0.01014
12	0.00993	0.00842	0.00857	0.00853	0.01129	0.00706	0.00640	0.01214	0.01920	0.02308	0.11727	0.07891	0.61934	0.02080	0.00982	0.00279	0.00419	0.01739	0.00780	0.00706
13	0.73441	0.01638	0.01277	0.01128	0.01649	0.01895	0.00930	0.05097	0.01523	0.03794	0.01194	0.01378	0.00922	0.00781	0.00528	0.00257	0.00655	0.00463	0.00528	0.00922
14	0.02779	0.03026	0.02643	0.05986	0.18527	0.35308	0.01870	0.14666	0.02508	0.02832	0.01501	0.01769	0.01200	0.00853	0.00787	0.00232	0.01238	0.00638	0.00500	0.01137
15	0.02056	0.01974	0.03372	0.05099	0.65622	0.01974	0.02550	0.02550	0.01892	0.02714	0.01563	0.02056	0.01316	0.00740	0.00822	0.00247	0.00987	0.00740	0.00411	0.01316
16	0.02530	0.02822	0.02552	0.02942	0.21870	0.31488	0.01825	0.03347	0.17161	0.02592	0.01877	0.02057	0.01500	0.00886	0.00795	0.00240	0.01137	0.00696	0.00524	0.01157
17	0.01723	0.01477	0.01723	0.01230	0.01969	0.01107	0.00984	0.02092	0.01723	0.02707	0.01477	0.01723	0.01230	0.00615	0.00615	0.00123	0.00615	0.00492	0.00492	0.75883
18	0.02197	0.24830	0.31296	0.02020	0.02888	0.18779	0.02195	0.02759	0.01884	0.02273	0.01336	0.01560	0.01061	0.00782	0.00700	0.00225	0.01191	0.00542	0.00372	0.01112
19	0.01870	0.06103	0.26337	0.03012	0.03981	0.02095	0.39076	0.02643	0.01876	0.02618	0.01591	0.02030	0.01179	0.00732	0.00893	0.00270	0.01317	0.00828	0.00393	0.01155
20	0.01067	0.00845	0.00960	0.00931	0.01175	0.00738	0.00699	0.01358	0.02096	0.02724	0.33484	0.07205	0.39917	0.01925	0.00981	0.00272	0.00408	0.01642	0.00835	0.00738
21	0.00982	0.00842	0.00842	0.00842	0.01122	0.00701	0.00631	0.01192	0.01894	0.02244	0.08416	0.07995	0.65285	0.02104	0.00982	0.00281	0.00421	0.01753	0.00771	0.00701
22	0.02926	0.03156	0.02579	0.02622	0.14153	0.37996	0.01772	0.19178	0.02686	0.03019	0.01526	0.01734	0.01207	0.00873	0.00785	0.00230	0.01247	0.00630	0.00533	0.01149
23	0.01094	0.00781	0.01058	0.01250	0.01334	0.00745	0.00913	0.01298	0.01671	0.02212	0.04534	0.54996	0.05316	0.02525	0.01082	0.00349	0.00553	0.16820	0.00770	0.00697
24	0.01012	0.00723	0.00964	0.01157	0.01205	0.00675	0.00771	0.01157	0.01591	0.02121	0.04579	0.70262	0.05495	0.02603	0.01060	0.00337	0.00482	0.02362	0.00771	0.00675
25	0.02818	0.13791	0.02728	0.02110	0.05565	0.35605	0.01614	0.14740	0.05398	0.02745	0.01506	0.01687	0.01218	0.00895	0.00830	0.00227	0.04313	0.00600	0.00511	0.01098
26	0.01928	0.23242	0.16712	0.18801	0.06306	0.08227	0.04510	0.02435	0.01789	0.02228	0.01788	0.02123	0.04893	0.00854	0.00740	0.00237	0.01069	0.00675	0.00394	0.01047
27	0.01012	0.00772	0.00930	0.01039	0.01178	0.00691	0.00723	0.01195	0.01744	0.02239	0.09662	0.44485	0.26597	0.02372	0.01028	0.00313	0.00455	0.02095	0.00780	0.00691
28	0.02725	0.02246	0.02014	0.01659	0.02153	0.15060	0.01322	0.34983	0.03028	0.04035	0.02040	0.02185	0.01532	0.00961	0.00749	0.00228	0.00892	0.00712	0.20319	0.01155
29	0.01943	0.02034	0.06079	0.23880	0.41637	0.05154	0.02455	0.02463	0.01839	0.02500	0.01520	0.02062	0.01229	0.00775	0.00820	0.00255	0.01060	0.00723	0.00397	0.01177
30	0.01716	0.03972	0.57151	0.02637	0.07488	0.01947	0.08310	0.02629	0.01781	0.02639	0.01512	0.01816	0.01087	0.00778	0.00808	0.00264	0.01228	0.00654	0.00361	0.01224
31	0.01938	0.01853	0.03159	0.20519	0.51124	0.01943	0.02491	0.02446	0.01836	0.02571	0.01542	0.02095	0.01265	0.00762	0.00824	0.00254	0.01016	0.00740	0.00401	0.01221
32	0.05493	0.01828	0.02406	0.47862	0.09966	0.10603	0.02084	0.02290	0.01773	0.02246	0.01774	0.02339	0.04180	0.00884	0.00811	0.00265	0.01094	0.00746	0.00407	0.00950
33	0.01531	0.00780	0.00802	0.00802	0.00993	0.00787	0.00603	0.01913	0.01722	0.03040	0.02686	0.03105	0.02127	0.01227	0.03871	0.00250	0.00478	0.00780	0.71730	0.00773
34	0.02221	0.71304	0.04353	0.01421	0.02132	0.03287	0.01421	0.02488	0.01688	0.01955	0.01155	0.01333	0.01066	0.00711	0.00533	0.00178	0.00888	0.00444	0.00355	0.01066
35	0.02117	0.01356	0.01650	0.07342	0.02152	0.01393	0.01196	0.05412	0.18826	0.18295	0.10964	0.04545	0.15586	0.01388	0.00898	0.00276	0.00648	0.04020	0.00836	0.01099
36	0.01666	0.04297	0.66500	0.02368	0.03596	0.01929	0.03069	0.02631	0.01754	0.02631	0.01491	0.01754	0.01052	0.00789	0.00789	0.00263	0.01228	0.00614	0.00351	0.01228
37	0.01082	0.00772	0.01020	0.01140	0.01231	0.00725	0.00796	0.01294	0.01776	0.02411	0.19140	0.47815	0.05896	0.05718	0.01202	0.00345	0.00494	0.05654	0.00792	0.00698
38	0.01059	0.00840	0.00952	0.00935	0.01172	0.00733	0.00697	0.01338	0.02060	0.02665	0.30522	0.09927	0.40222	0.01966	0.00984	0.00275	0.00412	0.01681	0.00828	0.00733
39	0.02056	0.01974	0.03372	0.05099	0.65622	0.01974	0.02550	0.02550	0.01892	0.02714	0.01563	0.02056	0.01316	0.00740	0.00822	0.00247	0.00987	0.00740	0.00411	0.01316
40	0.02216	0.02164	0.01615	0.01493	0.01828	0.25046	0.01123	0.02997	0.17034	0.02735	0.02356	0.02635	0.01890	0.04307	0.00880	0.00252	0.00872	0.00749	0.26848	0.00960
41	0.00982	0.00842	0.00842	0.00842	0.01122	0.00701	0.00631	0.01192	0.01894	0.02244	0.08416	0.07995	0.65285	0.02104	0.00982	0.00281	0.00421	0.01753	0.00771	0.00701
42	0.02066	0.01785	0.01878	0.01691	0.02160	0.02066	0.01315	0.04414	0.64121	0.03475	0.03381	0.03099	0.02536	0.01127	0.00845	0.00282	0.00657	0.00939	0.00845	0.01315
43	0.02932	0.17300	0.02770	0.01971	0.02482	0.47645	0.01565	0.09521	0.02387	0.02360	0.01334	0.01518	0.01106	0.00842	0.00714	0.00211	0.01313	0.00540	0.00457	0.01032
44	0.01818	0.01818	0.02545	0.02181	0.02181	0.02545	0.01818	0.01999	0.01272	0.01999	0.01091	0.01818	0.01091	0.01454	0.02726	0.00364	0.69284	0.00727	0.00364	0.00909
45	0.01021	0.00837	0.00900	0.00896	0.01149	0.00716	0.00668	0.01264	0.01968	0.02450	0.19293	0.10587	0.51271	0.02048	0.00985	0.00279	0.00418	0.01733	0.00799	0.00716
46	0.01187	0.00890	0.01335	0.01335	0.01483	0.01038	0.01038	0.01483	0.01335	0.01928	0.02225	0.03264	0.02077	0.06231	0.67512	0.01335	0.02225	0.00890	0.00445	0.00742
47	0.02221	0.71304	0.04353	0.01421	0.02132	0.03287	0.01421	0.02488	0.01688	0.01955	0.01155	0.01333	0.01066	0.00711	0.00533	0.00178	0.00888	0.00444	0.00355	0.01066
48	0.01208	0.00805	0.00906	0.00906	0.00906	0.00805	0.00503	0.01208	0.01208	0.01611	0.02618	0.05436	0.03020	0.70804	0.04228	0.00805	0.00805	0.01208	0.00503	0.00503
49	0.02851	0.02388	0.02148	0.01751	0.02279	0.16008	0.01401	0.39036	0.03179	0.04164	0.01975	0.02092	0.01472	0.00962	0.00768	0.00232	0.00941	0.00708	0.14447	0.01200
50	0.01845	0.25842	0.46518	0.02064	0.03125	0.02366	0.02540	0.02585	0.01733	0.02413	0.01383	0.01618	0.01057	0.00764	0.00707	0.00236	0.01119	0.00559	0.00352	0.01176
51	0.02221	0.71304	0.04353	0.01421	0.02132	0.03287	0.01421	0.02488	0.01688	0.01955	0.01155	0.01333	0.01066	0.00711	0.00533	0.00178	0.00888	0.00444	0.00355	0.01066
52	0.01202	0.00832	0.01039	0.01039	0.01085	0.00877	0.00669	0.01293	0.01247	0.01709	0.02496	0.04765	0.02729	0.50848	0.23786	0.00969	0.01244	0.01110	0.00485	0.00577
53	0.01208	0.00805	0.00906	0.00906	0.00906	0.00805	0.00503	0.01208	0.01208	0.01611	0.02618	0.05436	0.03020	0.70804	0.04228	0.00805	0.00805	0.01208	0.00503	0.00503
54	0.01591	0.00944	0.01004	0.00885	0.01210	0.00855	0.00678	0.01974	0.01737	0.03003	0.02411	0.02764	0.01912	0.00883	0.00589	0.00177	0.00442	0.00706	0.57282	0.18953
55	0.01723	0.01477	0.01723	0.01230	0.01969	0.01107	0.00984	0.02092	0.01723	0.02707	0.01477	0.01723	0.01230	0.00615	0.00615	0.00123	0.00615	0.00492	0.00492	0.75883
56	0.01961	0.02241	0.04902	0.03501	0.04342	0.02101	0.62605	0.02661	0.01961	0.02661	0.01681	0.02241	0.01261	0.00700	0.00980	0.00280	0.01401	0.00980	0.00420	0.01120
57	0.01012	0.00723	0.00964	0.01157	0.01205	0.00675	0.00771	0.01157	0.01591	0.02121	0.04579	0.70262	0.05495	0.02603	0.01060	0.00337	0.00482	0.02362	0.00771	0.00675
58	0.01050	0.00844	0.00937	0.00913	0.01164	0.00730	0.00685	0.01325	0.02055	0.02628	0.28457	0.07363	0.45004	0.01961	0.00981	0.00274	0.00411	0.01665	0.00822	0.00730
59	0.01953	0.02572	0.19288	0.04321	0.46497	0.01970	0.06183	0.02576	0.01861	0.02690	0.01552	0.01991	0.01247	0.00750	0.00823	0.00253	0.01071	0.00723	0.00397	0.01282
60	0.01100	0.00846	0.01006	0.00966	0.01195	0.00752	0.00724	0.01422	0.02173	0.02908	0.43099	0.06902	0.30188	0.01856	0.00981	0.00269	0.00403	0.01600	0.00859	0.00752
61	0.01012	0.00723	0.00964	0.01157	0.01205	0.00675	0.00771	0.01157	0.01591	0.02121	0.04579	0.70262	0.05495	0.02603	0.01060	0.00337	0.00482	0.02362	0.00771	0.00675
62	0.01764	0.03715	0.50673	0.03053	0.19147	0.01940	0.02939	0.02610	0.01788	0.02652	0.01509	0.01830	0.01118	0.00777	0.00798	0.00259	0.01167	0.00646	0.00366	0.01250
63	0.02592	0.03130	0.01994	0.01815	0.02219	0.48354	0.01368	0.05515	0.02313	0.02230	0.03043	0.03093	0.16628	0.01165	0.00809	0.00232	0.01211	0.00840	0.00530	0.00920
64	0.01187	0.00890	0.01335	0.01335	0.01483	0.01038	0.01038	0.01483	0.01335	0.01928	0.02225	0.03264	0.02077	0.06231	0.67512	0.01335	0.02225	0.00890	0.00445	0.00742
65	0.01714	0.01004	0.01306	0.01160	0.01456	0.00930	0.00894	0.02186	0.05303	0.15555	0.50206	0.05401	0.06462	0.01541	0.00945	0.00261	0.00466	0.01346	0.00933	0.00932
66	0.02012	0.01947	0.03407	0.04782	0.57043	0.01935	0.07808	0.02519	0.01899	0.02698	0.01713	0.02433	0.01482	0.00813	0.00852	0.00256	0.01013	0.03686	0.00429	0.01271
67	0.01012	0.00723	0.00964	0.01157	0.01205	0.00675	0.00771	0.01157	0.01591	0.02121	0.04579	0.70262	0.05495	0.02603	0.01060	0.00337	0.00482	0.02362	0.00771	0.00675
68	0.02056	0.01974	0.03372	0.05099	0.65622	0.01974	0.02550	0.02550	0.01892	0.02714	0.01563	0.02056	0.01316	0.00740	0.00822	0.00247	0.00987	0.00740	0.00411	0.01316
69	0.01187	0.00890	0.01335	0.01335	0.01483	0.01038	0.01038	0.01483	0.01335	0.01928	0.02225	0.03264	0.02077	0.06231	0.67512	0.01335	0.02225	0.00890	0.00445	0.00742
70	0.03158	0.02327	0.02493	0.01911	0.02576	0.02576	0.01579	0.62852	0.03906	0.05236	0.01995	0.01995	0.01413	0.00997	0.00831	0.00249	0.00914	0.00748	0.00831	0.01413
71	0.02435	0.55005	0.03869	0.01595	0.02238	0.18821	0.01466	0.02688	0.01849	0.01974	0.01186	0.01373	0.01067	0.00746	0.00585	0.00186	0.01036	0.00466	0.00373	0.01041
72	0.01666	0.04297	0.66500	0.02368	0.03596	0.01929	0.03069	0.02631	0.01754	0.02631	0.01491	0.01754	0.01052	0.00789	0.00789	0.00263	0.01228	0.00614	0.00351	0.01228
73	0.02120	0.01811	0.01909	0.01701	0.02181	0.02091	0.01328	0.07288	0.61161	0.03562	0.03313	0.03045	0.02481	0.01121	0.00845	0.00280	0.00670	0.00930	0.00845	0.01320
74	0.01012	0.00723	0.00964	0.01157	0.01205	0.00675	0.00771	0.01157	0.01591	0.02121	0.04579	0.70262	0.05495	0.02603	0.01060	0.00337	0.00482	0.02362	0.00771	0.00675
75	0.01012	0.00723	0.00964	0.01157	0.01205	0.00675	0.00771	0.01157	0.01591	0.02121	0.04579	0.70262	0.05495	0.02603	0.01060	0.00337	0.00482	0.02362	0.00771	0.00675
76	0.73074	0.01597	0.01256	0.01111	0.01632	0.01832	0.00916	0.02521	0.01461	0.06809	0.01261	0.01422	0.00957	0.00784	0.00530	0.00257	0.00646	0.00469	0.00539	0.00925
77	0.01064	0.00850	0.00955	0.00943	0.01191	0.00741	0.00717	0.01342	0.02046	0.02616	0.26984	0.07471	0.43309	0.01979	0.00989	0.00279	0.00428	0.04545	0.00818	0.00732
78	0.01103	0.00793	0.01045	0.01095	0.01225	0.00735	0.00778	0.01384	0.02012	0.02791	0.38137	0.34792	0.06792	0.02102	0.01016	0.00295	0.00432	0.01886	0.00851	0.00735
79	0.01952	0.01164	0.01205	0.01059	0.01371	0.01226	0.00831	0.17208	0.02285	0.03633	0.02531	0.02821	0.01950	0.00975	0.00643	0.00208	0.00519	0.00768	0.56717	0.00934
80	0.03045	0.03760	0.02372	0.02129	0.02550	0.60524	0.01614	0.06777	0.02394	0.02221	0.01317	0.01543	0.01091	0.00893	0.00849	0.00223	0.04706	0.00557	0.00449	0.00987
81	0.01569	0.01477	0.02492	0.68808	0.05722	0.01846	0.02307	0.02123	0.01661	0.02123	0.01477	0.02215	0.01107	0.00831	0.00831	0.00277	0.01107	0.00738	0.00369	0.00923
82	0.01041	0.00844	0.00923	0.00903	0.01158	0.00726	0.00678	0.01306	0.02033	0.02574	0.25657	0.07451	0.47838	0.01981	0.00981	0.00275	0.00412	0.01677	0.00815	0.00726
83	0.02289	0.37424	0.20175	0.01844	0.02622	0.18465	0.01898	0.02726	0.01867	0.02151	0.01274	0.01483	0.01063	0.00767	0.00653	0.00209	0.01125	0.00511	0.00372	0.01084
84	0.02221	0.71304	0.04353	0.01421	0.02132	0.03287	0.01421	0.02488	0.01688	0.01955	0.01155	0.01333	0.01066	0.00711	0.00533	0.00178	0.00888	0.00444	0.00355	0.01066
85	0.01010	0.00730	0.00957	0.01138	0.01200	0.00676	0.00763	0.01159	0.01608	0.02128	0.04806	0.66578	0.09032	0.02573	0.01056	0.00334	0.00478	0.02326	0.00771	0.00676
86	0.01298	0.00893	0.01144	0.01149	0.01335	0.00847	0.00853	0.01686	0.04854	0.05690	0.33313	0.22299	0.08959	0.05237	0.01157	0.00319	0.00495	0.06843	0.00841	0.00790
87	0.03145	0.02722	0.02460	0.01967	0.02574	0.18282	0.01585	0.48443	0.03530	0.04461	0.01823	0.01874	0.01330	0.00963	0.00811	0.00241	0.01055	0.00696	0.00734	0.01304
88	0.01000	0.00805	0.00891	0.00948	0.01153	0.00697	0.00681	0.01198	0.01821	0.02255	0.09797	0.27073	0.44296	0.02239	0.01006	0.00297	0.00438	0.01929	0.00778	0.00697
89	0.01952	0.01907	0.03062	0.24323	0.44763	0.04705	0.02436	0.02452	0.01841	0.02506	0.01525	0.02081	0.01242	0.00773	0.00822	0.00254	0.01045	0.00731	0.00399	0.01182
90	0.03158	0.02327	0.02493	0.01911	0.02576	0.02576	0.01579	0.62852	0.03906	0.05236	0.01995	0.01995	0.01413	0.00997	0.00831	0.00249	0.00914	0.00748	0.00831	0.01413
91	0.01559	0.00815	0.00830	0.00801	0.01026	0.00794	0.00604	0.01945	0.01741	0.03074	0.02638	0.03017	0.02077	0.00947	0.00583	0.00189	0.00400	0.00758	0.71046	0.05156
92	0.01006	0.00747	0.00939	0.01093	0.01188	0.00680	0.00743	0.01164	0.01651	0.02145	0.05349	0.57766	0.17494	0.02503	0.01045	0.00326	0.00470	0.02240	0.00771	0.00680
93	0.01569	0.01477	0.02492	0.68808	0.05722	0.01846	0.02307	0.02123	0.01661	0.02123	0.01477	0.02215	0.01107	0.00831	0.00831	0.00277	0.01107	0.00738	0.00369	0.00923
94	0.01838	0.01440	0.01589	0.01435	0.01829	0.01566	0.01111	0.03374	0.39143	0.07025	0.18849	0.04337	0.10220	0.01360	0.00891	0.00275	0.00572	0.01153	0.00865	0.01129
95	0.02056	0.01974	0.03372	0.05099	0.65622	0.01974	0.02550	0.02550	0.01892	0.02714	0.01563	0.02056	0.01316	0.00740	0.00822	0.00247	0.00987	0.00740	0.00411	0.01316
96	0.01761	0.19105	0.02161	0.01454	0.04315	0.12169	0.01126	0.02142	0.05780	0.02323	0.09709	0.07553	0.24498	0.01427	0.00821	0.00244	0.00748	0.01146	0.00615	0.00904
97	0.01284	0.00917	0.01276	0.01467	0.01635	0.00909	0.01244	0.01627	0.01858	0.02425	0.04429	0.19583	0.04901	0.02347	0.01133	0.00375	0.00718	0.50359	0.00766	0.00750
98	0.01197	0.01029	0.01048	0.01010	0.01328	0.00973	0.00767	0.01832	0.14258	0.02489	0.07415	0.07022	0.52817	0.01910	0.00955	0.00281	0.00468	0.01592	0.00786	0.00823
99	0.03103	0.03959	0.02354	0.02140	0.02568	0.67469	0.01605	0.03317	0.02354	0.02033	0.01284	0.01498	0.01070	0.00856	0.00749	0.00214	0.01498	0.00535	0.00428	0.00963
100	0.01014	0.00843	0.00887	0.00876	0.01142	0.00715	0.00657	0.01255	0.01970	0.02427	0.17937	0.07695	0.55650	0.02036	0.00981	0.00277	0.00416	0.01711	0.00795	0.00715
101	0.01210	0.00879	0.01279	0.01279	0.01423	0.01011	0.00984	0.01498	0.01354	0.01985	0.02274	0.03361	0.02127	0.09091	0.60262	0.01239	0.02042	0.00899	0.05072	0.00732
102	0.02056	0.01974	0.03372	0.05099	0.65622	0.01974	0.02550	0.02550	0.01892	0.02714	0.01563	0.02056	0.01316	0.00740	0.00822	0.00247	0.00987	0.00740	0.00411	0.01316
103	0.01961	0.02241	0.04902	0.03501	0.04342	0.02101	0.62605	0.02661	0.01961	0.02661	0.01681	0.02241	0.01261	0.00700	0.00980	0.00280	0.01401	0.00980	0.00420	0.01120
104	0.01012	0.00723	0.00964	0.01157	0.01205	0.00675	0.00771	0.01157	0.01591	0.02121	0.04579	0.70262	0.05495	0.02603	0.01060	0.00337	0.00482	0.02362	0.00771	0.00675
105	0.03103	0.03959	0.02354	0.02140	0.02568	0.67469	0.01605	0.03317	0.02354	0.02033	0.01284	0.01498	0.01070	0.00856	0.00749	0.00214	0.01498	0.00535	0.00428	0.00963
106	0.01141	0.00777	0.00926	0.00992	0.01008	0.00761	0.00595	0.01191	0.01339	0.01785	0.03286	0.27548	0.03864	0.47541	0.03148	0.00646	0.00695	0.01602	0.00595	0.00562
107	0.01818	0.01818	0.02545	0.02181	0.02181	0.02545	0.01818	0.01999	0.01272	0.01999	0.01091	0.01818	0.01091	0.01454	0.02726	0.00364	0.69284	0.00727	0.00364	0.00909
108	0.01818	0.01818	0.02545	0.02181	0.02181	0.02545	0.01818	0.01999	0.01272	0.01999	0.01091	0.01818	0.01091	0.01454	0.02726	0.00364	0.69284	0.00727	0.00364	0.00909
109	0.01723	0.01477	0.01723	0.01230	0.01969	0.01107	0.00984	0.02092	0.01723	0.02707	0.01477	0.01723	0.01230	0.00615	0.00615	0.00123	0.00615	0.00492	0.00492	0.75883
110	0.01257	0.00855	0.01080	0.01056	0.01264	0.00773	0.00779	0.01562	0.02117	0.06559	0.39151	0.19261	0.17336	0.01915	0.00988	0.00280	0.00434	0.01682	0.00867	0.00784
111	0.01176	0.00849	0.01110	0.01045	0.01241	0.00784	0.00784	0.01568	0.02352	0.03331	0.65184	0.06206	0.07839	0.01698	0.00980	0.00261	0.00392	0.01502	0.00914	0.00784
112	0.02056	0.01974	0.03372	0.05099	0.65622	0.01974	0.02550	0.02550	0.01892	0.02714	0.01563	0.02056	0.01316	0.00740	0.00822	0.00247	0.00987	0.00740	0.00411	0.01316
113	0.02024	0.18993	0.02264	0.01429	0.01869	0.05709	0.01199	0.13192	0.02197	0.06427	0.03466	0.13788	0.12599	0.01704	0.04029	0.00312	0.00835	0.06326	0.00657	0.00984
114	0.01713	0.01477	0.01770	0.05399	0.02200	0.01153	0.01066	0.02094	0.01719	0.02671	0.01477	0.01753	0.01223	0.00629	0.00629	0.00133	0.00646	0.00507	0.00485	0.71259
115	0.01022	0.00731	0.00973	0.01150	0.01207	0.00681	0.00772	0.01182	0.01637	0.02195	0.08317	0.66311	0.05639	0.02547	0.01055	0.00333	0.00476	0.02309	0.00780	0.00681
116	0.01072	0.00785	0.01020	0.01187	0.01294	0.00733	0.00863	0.01272	0.01694	0.02209	0.05065	0.49946	0.13474	0.02475	0.01067	0.00338	0.00529	0.13513	0.00770	0.00696
117	0.02575	0.02112	0.02059	0.01706	0.02220	0.09070	0.01359	0.35085	0.12805	0.04052	0.02925	0.06933	0.07784	0.01203	0.00842	0.00257	0.00841	0.00950	0.04013	0.01210
118	0.01889	0.02222	0.08155	0.03400	0.11049	0.02017	0.44804	0.02519	0.01878	0.02595	0.01792	0.06189	0.01495	0.00867	0.01057	0.00283	0.05248	0.00997	0.00432	0.01111
119	0.01059	0.00751	0.00942	0.01075	0.01125	0.00709	0.00696	0.01172	0.01513	0.02000	0.04314	0.50325	0.08412	0.19672	0.01850	0.00451	0.00559	0.02036	0.00704	0.00633
120	0.03103	0.03959	0.02354	0.02140	0.02568	0.67469	0.01605	0.03317	0.02354	0.02033	0.01284	0.01498	0.01070	0.00856	0.00749	0.00214	0.01498	0.00535	0.00428	0.00963
121	0.02556	0.28940	0.10008	0.04994	0.02664	0.19599	0.01720	0.15305	0.02330	0.02740	0.01415	0.01601	0.01140	0.00822	0.00693	0.00216	0.01099	0.00563	0.00474	0.01122
122	0.03103	0.03959	0.02354	0.02140	0.02568	0.67469	0.01605	0.03317	0.02354	0.02033	0.01284	0.01498	0.01070	0.00856	0.00749	0.00214	0.01498	0.00535	0.00428	0.00963
123	0.01013	0.00852	0.00886	0.00903	0.01175	0.00724	0.00694	0.01239	0.01895	0.02266	0.08060	0.08117	0.59927	0.02121	0.00997	0.00290	0.00451	0.06914	0.00771	0.00707
124	0.02937	0.03619	0.02185	0.01994	0.02397	0.60333	0.01496	0.03169	0.02289	0.02147	0.01437	0.01669	0.01183	0.00868	0.00731	0.00212	0.01379	0.00561	0.08452	0.00943
125	0.02307	0.36862	0.16217	0.01837	0.02538	0.19062	0.01822	0.02695	0.01844	0.02113	0.01251	0.01487	0.01066	0.00807	0.00768	0.00215	0.05156	0.00518	0.00373	0.01063
126	0.01187	0.00890	0.01335	0.01335	0.01483	0.01038	0.01038	0.01483	0.01335	0.01928	0.02225	0.03264	0.02077	0.06231	0.67512	0.01335	0.02225	0.00890	0.00445	0.00742
127	0.02056	0.01974	0.03372	0.05099	0.65622	0.01974	0.02550	0.02550	0.01892	0.02714	0.01563	0.02056	0.01316	0.00740	0.00822	0.00247	0.00987	0.00740	0.00411	0.01316
128	0.03107	0.03863	0.02362	0.02127	0.02569	0.63630	0.01604	0.06840	0.02446	0.02223	0.01326	0.01527	0.01090	0.00864	0.00754	0.00216	0.01464	0.00548	0.00452	0.00990
129	0.01666	0.04297	0.66500	0.02368	0.03596	0.01929	0.03069	0.02631	0.01754	0.02631	0.01491	0.01754	0.01052	0.00789	0.00789	0.00263	0.01228	0.00614	0.00351	0.01228
130	0.01094	0.00781	0.01058	0.01250	0.01334	0.00745	0.00913	0.01298	0.01671	0.02212	0.04534	0.54996	0.05316	0.02525	0.01082	0.00349	0.00553	0.16820	0.00770	0.00697
131	0.01150	0.00848	0.01075	0.01019	0.01226	0.00773	0.00764	0.01519	0.02292	0.03189	0.57756	0.06440	0.15356	0.01751	0.00980	0.00264	0.00396	0.01535	0.00896	0.00773
132	0.02796	0.02798	0.15505	0.02093	0.02868	0.05527	0.04881	0.44907	0.03302	0.04431	0.01844	0.01934	0.01316	0.00934	0.00826	0.00252	0.01029	0.00722	0.00695	0.01340
133	0.00982	0.00842	0.00842	0.00842	0.01122	0.00701	0.00631	0.01192	0.01894	0.02244	0.08416	0.07995	0.65285	0.02104	0.00982	0.00281	0.00421	0.01753	0.00771	0.00701
134	0.01128	0.00833	0.01057	0.01053	0.01239	0.00762	0.00784	0.01454	0.02144	0.02940	0.44418	0.16554	0.16064	0.01927	0.01000	0.00281	0.00427	0.04315	0.00864	0.00754
135	0.01934	0.01849	0.03151	0.21072	0.50604	0.01942	0.02489	0.02442	0.01834	0.02566	0.01541	0.02096	0.01264	0.00763	0.00824	0.00254	0.01017	0.00740	0.00401	0.01217
136	0.03103	0.03959	0.02354	0.02140	0.02568	0.67469	0.01605	0.03317	0.02354	0.02033	0.01284	0.01498	0.01070	0.00856	0.00749	0.00214	0.01498	0.00535	0.00428	0.00963
137	0.01029	0.00802	0.00935	0.00988	0.01173	0.00708	0.00708	0.01252	0.01878	0.02411	0.18017	0.28936	0.33803	0.02196	0.01008	0.00296	0.00436	0.01913	0.00799	0.00708
138	0.03158	0.02327	0.02493	0.01911	0.02576	0.02576	0.01579	0.62852	0.03906	0.05236	0.01995	0.01995	0.01413	0.00997	0.00831	0.00249	0.00914	0.00748	0.00831	0.01413
139	0.01187	0.00890	0.01335	0.01335	0.01483	0.01038	0.01038	0.01483	0.01335	0.01928	0.02225	0.03264	0.02077	0.06231	0.67512	0.01335	0.02225	0.00890	0.00445	0.00742
140	0.01012	0.00723	0.00964	0.01157	0.01205	0.00675	0.00771	0.01157	0.01591	0.02121	0.04579	0.70262	0.05495	0.02603	0.01060	0.00337	0.00482	0.02362	0.00771	0.00675
141	0.01293	0.01047	0.01539	0.01478	0.01601	0.01292	0.01170	0.01570	0.01325	0.01940	0.02034	0.03020	0.01910	0.05425	0.56584	0.01171	0.13537	0.00863	0.00431	0.00770
142	0.01199	0.00868	0.01035	0.00981	0.01228	0.00768	0.00740	0.01515	0.02170	0.05365	0.40134	0.06786	0.30503	0.01834	0.00975	0.00269	0.00416	0.01576	0.00862	0.00776
143	0.02221	0.71304	0.04353	0.01421	0.02132	0.03287	0.01421	0.02488	0.01688	0.01955	0.01155	0.01333	0.01066	0.00711	0.00533	0.00178	0.00888	0.00444	0.00355	0.01066
144	0.03052	0.02247	0.02432	0.02467	0.15543	0.14789	0.01655	0.16208	0.05645	0.24144	0.02257	0.02239	0.01593	0.00932	0.00815	0.00246	0.00963	0.00743	0.00730	0.01299
145	0.01735	0.35562	0.02689	0.01245	0.01676	0.02075	0.01107	0.02006	0.01592	0.02103	0.02170	0.02710	0.05541	0.06351	0.17432	0.00511	0.01118	0.00726	0.10762	0.00889
146	0.01802	0.01518	0.01649	0.01557	0.01921	0.01717	0.01179	0.03598	0.48444	0.03136	0.03681	0.19938	0.03278	0.01497	0.00899	0.00296	0.00613	0.01296	0.00827	0.01154
147	0.02373	0.01633	0.01723	0.01425	0.01876	0.01786	0.01143	0.31040	0.10481	0.04155	0.02455	0.02576	0.01841	0.01001	0.00732	0.00231	0.00670	0.00782	0.30933	0.01143
148	0.02733	0.03069	0.18577	0.02145	0.02856	0.22009	0.07290	0.06871	0.02217	0.17964	0.01888	0.01996	0.01343	0.00905	0.00903	0.00252	0.04538	0.00690	0.00575	0.01178
149	0.02753	0.03382	0.02349	0.02113	0.02440	0.51125	0.01624	0.02964	0.02086	0.02022	0.01285	0.01642	0.01119	0.01216	0.04093	0.00294	0.15545	0.00590	0.00415	0.00942
150	0.00984	0.00835	0.00849	0.00860	0.01127	0.00700	0.00639	0.01190	0.01876	0.02237	0.08189	0.11679	0.61748	0.02133	0.00986	0.00284	0.00424	0.01789	0.00771	0.00700
151	0.01126	0.00841	0.00992	0.01066	0.01219	0.00782	0.00784	0.01313	0.01679	0.02122	0.05438	0.17331	0.26414	0.19450	0.01846	0.00445	0.00606	0.15181	0.00703	0.00662
152	0.03103	0.03959	0.02354	0.02140	0.02568	0.67469	0.01605	0.03317	0.02354	0.02033	0.01284	0.01498	0.01070	0.00856	0.00749	0.00214	0.01498	0.00535	0.00428	0.00963
153	0.01673	0.01605	0.02581	0.46604	0.10004	0.02032	0.02205	0.02129	0.01584	0.02143	0.01387	0.02102	0.01121	0.00979	0.01305	0.00296	0.18190	0.00736	0.00371	0.00953
154	0.01019	0.00810	0.00902	0.00946	0.01145	0.00707	0.00676	0.01219	0.01825	0.02284	0.12502	0.23908	0.41320	0.05482	0.01157	0.00319	0.00452	0.01862	0.00772	0.00693
155	0.01173	0.00860	0.00958	0.00949	0.01208	0.00739	0.00705	0.01405	0.01943	0.06106	0.15329	0.15918	0.45638	0.02054	0.00984	0.00284	0.00442	0.01748	0.00806	0.00751
156	0.01322	0.01073	0.01200	0.01128	0.01421	0.01065	0.00858	0.02122	0.17138	0.02977	0.29906	0.06094	0.27118	0.01705	0.00948	0.00273	0.00467	0.01456	0.00847	0.00883
157	0.03103	0.03959	0.02354	0.02140	0.02568	0.67469	0.01605	0.03317	0.02354	0.02033	0.01284	0.01498	0.01070	0.00856	0.00749	0.00214	0.01498	0.00535	0.00428	0.00963
158	0.01582	0.01178	0.01568	0.01451	0.01703	0.01347	0.01147	0.13799	0.01851	0.02592	0.02179	0.03009	0.01944	0.05180	0.54130	0.01117	0.01962	0.00862	0.00523	0.00876
159	0.02116	0.50663	0.20561	0.01702	0.02536	0.05854	0.01862	0.02563	0.01736	0.02135	0.01249	0.01451	0.01063	0.00738	0.00610	0.00202	0.01005	0.00493	0.00357	0.01104
160	0.01187	0.00890	0.01335	0.01335	0.01483	0.01038	0.01038	0.01483	0.01335	0.01928	0.02225	0.03264	0.02077	0.06231	0.67512	0.01335	0.02225	0.00890	0.00445	0.00742
161	0.01187	0.00890	0.01335	0.01335	0.01483	0.01038	0.01038	0.01483	0.01335	0.01928	0.02225	0.03264	0.02077	0.06231	0.67512	0.01335	0.02225	0.00890	0.00445	0.00742
162	0.02042	0.36978	0.06834	0.02072	0.02654	0.02801	0.13874	0.02406	0.01642	0.02138	0.01260	0.01656	0.01111	0.00899	0.01184	0.00249	0.18154	0.00630	0.00370	0.01045
163	0.02056	0.01974	0.03372	0.05099	0.65622	0.01974	0.02550	0.02550	0.01892	0.02714	0.01563	0.02056	0.01316	0.00740	0.00822	0.00247	0.00987	0.00740	0.00411	0.01316
164	0.02221	0.71304	0.04353	0.01421	0.02132	0.03287	0.01421	0.02488	0.01688	0.01955	0.01155	0.01333	0.01066	0.00711	0.00533	0.00178	0.00888	0.00444	0.00355	0.01066
165	0.15991	0.01000	0.00985	0.00969	0.01276	0.00949	0.00732	0.01562	0.01774	0.05423	0.06160	0.16114	0.40479	0.01870	0.00895	0.00284	0.00487	0.01550	0.00732	0.00769
166	0.01208	0.00805	0.00906	0.00906	0.00906	0.00805	0.00503	0.01208	0.01208	0.01611	0.02618	0.05436	0.03020	0.70804	0.04228	0.00805	0.00805	0.01208	0.00503	0.00503
167	0.02270	0.01883	0.02033	0.04687	0.02403	0.02162	0.01413	0.16396	0.48926	0.03780	0.03011	0.02832	0.02241	0.01087	0.00842	0.00275	0.00730	0.00891	0.00821	0.01318
168	0.01031	0.00844	0.00910	0.00893	0.01152	0.00722	0.00670	0.01288	0.02010	0.02521	0.22843	0.07540	0.50685	0.02001	0.00981	0.00276	0.00413	0.01690	0.00808	0.00722
169	0.01125	0.00778	0.00923	0.00992	0.01025	0.00753	0.00606	0.01189	0.01385	0.01830	0.03656	0.28731	0.07536	0.42446	0.02908	0.00608	0.00667	0.01652	0.00615	0.00576
170	0.01666	0.04297	0.66500	0.02368	0.03596	0.01929	0.03069	0.02631	0.01754	0.02631	0.01491	0.01754	0.01052	0.00789	0.00789	0.00263	0.01228	0.00614	0.00351	0.01228
171	0.36621	0.01555	0.01642	0.01330	0.01916	0.01591	0.01097	0.06802	0.02033	0.34392	0.02244	0.02111	0.01496	0.00910	0.00690	0.00257	0.00690	0.00656	0.00784	0.01182
172	0.01245	0.00816	0.00923	0.00904	0.01053	0.00775	0.00624	0.01486	0.01780	0.02573	0.21804	0.05504	0.14166	0.22772	0.01879	0.00415	0.00522	0.01276	0.18797	0.00682
173	0.03158	0.02327	0.02493	0.01911	0.02576	0.02576	0.01579	0.62852	0.03906	0.05236	0.01995	0.01995	0.01413	0.00997	0.00831	0.00249	0.00914	0.00748	0.00831	0.01413
174	0.01569	0.01477	0.02492	0.68808	0.05722	0.01846	0.02307	0.02123	0.01661	0.02123	0.01477	0.02215	0.01107	0.00831	0.00831	0.00277	0.01107	0.00738	0.00369	0.00923
175	0.01061	0.00744	0.00949	0.01094	0.01130	0.00708	0.00704	0.01170	0.01495	0.01993	0.04087	0.54009	0.04874	0.19702	0.01855	0.00455	0.00563	0.02072	0.00704	0.00632
176	0.02374	0.54879	0.06651	0.01607	0.02283	0.16108	0.01530	0.02660	0.01825	0.02000	0.01195	0.01384	0.01066	0.00743	0.00588	0.00189	0.01026	0.00470	0.00370	0.01052
177	0.01809	0.09189	0.23918	0.01757	0.02402	0.07485	0.01810	0.02433	0.04778	0.06167	0.09319	0.02720	0.02241	0.02289	0.17517	0.00520	0.01313	0.00793	0.00511	0.01030
178	0.01922	0.05150	0.01972	0.01520	0.01986	0.12078	0.06496	0.04575	0.01873	0.02628	0.01888	0.02303	0.01560	0.01646	0.11123	0.00366	0.01049	0.00682	0.18915	0.20268
179	0.02173	0.26085	0.13558	0.02058	0.02675	0.13580	0.08003	0.02674	0.04843	0.02231	0.01382	0.01696	0.01161	0.00903	0.01072	0.00247	0.13580	0.00617	0.00399	0.01064

[dist]
# distance from previous block
# <min> <max>
0	2

[block]
# block no. 3 follows, 22 sequences, length 18
# corresponding to MSA columns:
# 261-278
name=unknown_D
#
# <colnr> <probs for GDERKNQSTAVLIFYWHMCP>
#	G	D	E	R	K	N	Q	S	T	A	V	L	I	F	Y	W	H	M	C	P
0	0.02101	0.03786	0.42643	0.02215	0.03174	0.13055	0.02494	0.09097	0.08336	0.02882	0.01697	0.01871	0.01241	0.00856	0.00792	0.00255	0.01184	0.00647	0.00463	0.01211
1	0.01878	0.01172	0.01498	0.07018	0.01930	0.01197	0.01089	0.02520	0.12431	0.15027	0.18302	0.04861	0.03954	0.15479	0.01593	0.00388	0.00681	0.07253	0.00780	0.00949
2	0.01122	0.00796	0.00905	0.00944	0.01011	0.00757	0.00584	0.01194	0.01426	0.01844	0.04197	0.19277	0.16160	0.42853	0.02919	0.00603	0.00661	0.01556	0.00613	0.00579
3	0.01201	0.01114	0.01702	0.01431	0.01794	0.00990	0.13231	0.01520	0.01917	0.02412	0.11677	0.13023	0.41118	0.01834	0.00989	0.00285	0.00623	0.01636	0.00713	0.00791
4	0.08174	0.28385	0.20399	0.05622	0.02516	0.02175	0.01751	0.02231	0.01661	0.02337	0.01961	0.15486	0.01949	0.01128	0.00727	0.00246	0.00891	0.00898	0.00453	0.01008
5	0.01001	0.00767	0.00919	0.01040	0.01174	0.00685	0.00719	0.01170	0.01703	0.02166	0.06001	0.47176	0.27663	0.02418	0.01031	0.00316	0.00459	0.02136	0.00771	0.00685
6	0.01142	0.00834	0.01081	0.01100	0.01273	0.00772	0.00826	0.01467	0.02111	0.02902	0.41536	0.19688	0.12123	0.01980	0.01014	0.00291	0.00452	0.07799	0.00857	0.00752
7	0.02572	0.08417	0.02510	0.02438	0.15080	0.26390	0.01619	0.08781	0.02322	0.08129	0.08392	0.05603	0.02159	0.01022	0.00800	0.00236	0.01052	0.00806	0.00577	0.01094
8	0.02011	0.02257	0.09800	0.11956	0.49201	0.05180	0.02529	0.02547	0.01874	0.02604	0.01532	0.02015	0.01252	0.00761	0.00816	0.00250	0.01051	0.00717	0.00401	0.01244
9	0.02056	0.01974	0.03372	0.05099	0.65622	0.01974	0.02550	0.02550	0.01892	0.02714	0.01563	0.02056	0.01316	0.00740	0.00822	0.00247	0.00987	0.00740	0.00411	0.01316
10	0.01058	0.00845	0.00948	0.00922	0.01169	0.00734	0.00691	0.01340	0.02074	0.02673	0.30821	0.07289	0.42612	0.01944	0.00981	0.00273	0.00409	0.01654	0.00828	0.00734
11	0.02202	0.02193	0.03392	0.04488	0.50061	0.07644	0.08670	0.06226	0.02059	0.02801	0.01577	0.02024	0.01295	0.00761	0.00833	0.00248	0.01070	0.00748	0.00439	0.01271
12	0.01894	0.02612	0.18882	0.02731	0.12285	0.08679	0.14478	0.02636	0.07182	0.02571	0.04188	0.02354	0.01656	0.01563	0.09528	0.00403	0.03991	0.00801	0.00459	0.01106
13	0.01034	0.00765	0.00973	0.01129	0.01234	0.00704	0.00793	0.01212	0.01675	0.02175	0.05289	0.53256	0.16745	0.02482	0.01053	0.00330	0.00495	0.07196	0.00771	0.00688
14	0.01745	0.03540	0.45696	0.02601	0.05974	0.02050	0.10844	0.02533	0.01712	0.02540	0.01457	0.01841	0.01097	0.00879	0.01119	0.00280	0.11875	0.00686	0.00365	0.01167
15	0.02052	0.11967	0.26601	0.02265	0.03113	0.07757	0.12579	0.05421	0.14733	0.02774	0.01871	0.02048	0.01411	0.00847	0.00799	0.00254	0.01107	0.00721	0.00490	0.01191
16	0.02443	0.05637	0.02836	0.02425	0.08058	0.29478	0.13908	0.08980	0.02302	0.02580	0.02495	0.02686	0.10509	0.01005	0.00836	0.00242	0.01192	0.00838	0.00514	0.01038
17	0.18054	0.16419	0.02521	0.01766	0.02287	0.36006	0.01422	0.08035	0.02163	0.02638	0.01293	0.01478	0.01063	0.00822	0.00666	0.00219	0.01154	0.00518	0.00466	0.01008

[dist]
# distance from previous block
# <min> <max>
0	1

[block]
# block no. 4 follows, 22 sequences, length 81
# corresponding to MSA columns:
# 280-360
name=unknown_E
#
# <colnr> <probs for GDERKNQSTAVLIFYWHMCP>
#	G	D	E	R	K	N	Q	S	T	A	V	L	I	F	Y	W	H	M	C	P
0	0.01810	0.05825	0.01700	0.05882	0.01976	0.07436	0.01109	0.16271	0.02388	0.02914	0.05318	0.05171	0.35899	0.01554	0.00887	0.00261	0.00712	0.01253	0.00702	0.00933
1	0.01950	0.01254	0.01198	0.01073	0.01371	0.04792	0.00833	0.13969	0.02201	0.03458	0.02491	0.02793	0.01930	0.00967	0.00639	0.00206	0.00552	0.00756	0.56657	0.00910
2	0.01549	0.00774	0.00774	0.00774	0.00968	0.00774	0.00581	0.01936	0.01742	0.03097	0.02710	0.03097	0.02129	0.00968	0.00581	0.00194	0.00387	0.00774	0.75416	0.00774
3	0.03002	0.03295	0.02377	0.05050	0.02693	0.43502	0.01616	0.19864	0.05569	0.02993	0.01586	0.01741	0.01234	0.00907	0.00780	0.00230	0.01280	0.00622	0.00556	0.01102
4	0.01156	0.00805	0.01029	0.01152	0.01216	0.00785	0.00805	0.01303	0.01528	0.02023	0.03841	0.33408	0.04454	0.26753	0.02205	0.00514	0.00661	0.15053	0.00675	0.00634
5	0.02056	0.01974	0.03372	0.05099	0.65622	0.01974	0.02550	0.02550	0.01892	0.02714	0.01563	0.02056	0.01316	0.00740	0.00822	0.00247	0.00987	0.00740	0.00411	0.01316
6	0.02450	0.53797	0.03834	0.01608	0.02246	0.19972	0.01469	0.02703	0.01861	0.01975	0.01189	0.01376	0.01067	0.00749	0.00589	0.00187	0.01047	0.00468	0.00374	0.01039
7	0.01208	0.00805	0.00906	0.00906	0.00906	0.00805	0.00503	0.01208	0.01208	0.01611	0.02618	0.05436	0.03020	0.70804	0.04228	0.00805	0.00805	0.01208	0.00503	0.00503
8	0.01090	0.00807	0.00965	0.00994	0.01138	0.00739	0.00688	0.01298	0.01823	0.02416	0.23211	0.22785	0.21282	0.15086	0.01614	0.00388	0.00500	0.01730	0.00763	0.00682
9	0.02109	0.02074	0.03321	0.04950	0.62447	0.05272	0.02502	0.02588	0.01915	0.02680	0.01549	0.02028	0.01304	0.00746	0.00819	0.00245	0.01013	0.00730	0.00412	0.01298
10	0.01208	0.00805	0.00906	0.00906	0.00906	0.00805	0.00503	0.01208	0.01208	0.01611	0.02618	0.05436	0.03020	0.70804	0.04228	0.00805	0.00805	0.01208	0.00503	0.00503
11	0.01049	0.00758	0.00934	0.01057	0.01130	0.00706	0.00694	0.01173	0.01555	0.02032	0.04738	0.47385	0.13871	0.16850	0.01714	0.00427	0.00541	0.02029	0.00715	0.00643
12	0.03158	0.02327	0.02493	0.01911	0.02576	0.02576	0.01579	0.62852	0.03906	0.05236	0.01995	0.01995	0.01413	0.00997	0.00831	0.00249	0.00914	0.00748	0.00831	0.01413
13	0.11307	0.01434	0.01854	0.01438	0.02067	0.01288	0.01188	0.03882	0.02278	0.59706	0.03057	0.02674	0.01936	0.01002	0.00802	0.00257	0.00700	0.00795	0.00975	0.01360
14	0.01651	0.01211	0.01573	0.01440	0.01708	0.01376	0.01140	0.15445	0.01938	0.02733	0.02195	0.02968	0.01928	0.04801	0.49305	0.01036	0.01843	0.00852	0.03959	0.00896
15	0.01932	0.02376	0.15270	0.10593	0.45852	0.01958	0.04924	0.02528	0.01846	0.02640	0.01545	0.02021	0.01244	0.00757	0.00823	0.00254	0.01060	0.00725	0.00396	0.01254
