[name]
unknown

[dist]
# distance from previous block
# <min> <max>
0	0

[block]
# block no. 0 follows, 22 sequences, length 36
# corresponding to MSA columns:
# 0-35
name=unknown_A
#
# <colnr> <probs for GDERKNQSTAVLIFYWHMCP>
#	G	D	E	R	K	N	Q	S	T	A	V	L	I	F	Y	W	H	M	C	P
0	0.01339	0.00956	0.01339	0.01530	0.01721	0.00956	0.01339	0.01721	0.01912	0.02486	0.04399	0.09371	0.04781	0.02295	0.01147	0.00382	0.00765	0.60031	0.00765	0.00765
1	0.01361	0.01120	0.01564	0.01466	0.01542	0.01390	0.01128	0.01560	0.01290	0.01877	0.02009	0.03360	0.02023	0.19337	0.36054	0.00957	0.19878	0.00917	0.00436	0.00733
2	0.01208	0.00805	0.00906	0.00906	0.00906	0.00805	0.00503	0.01208	0.01208	0.01611	0.02618	0.05436	0.03020	0.70804	0.04228	0.00805	0.00805	0.01208	0.00503	0.00503
3	0.02592	0.02730	0.02082	0.07810	0.02555	0.34105	0.01459	0.13633	0.02485	0.05368	0.02892	0.02964	0.13584	0.01128	0.00820	0.00241	0.01116	0.00840	0.00588	0.01009
4	0.53930	0.02214	0.01582	0.01400	0.01904	0.17395	0.01116	0.07074	0.01818	0.03438	0.01248	0.01432	0.00977	0.00808	0.00593	0.00246	0.00864	0.00492	0.00517	0.00952
5	0.03103	0.03959	0.02354	0.02140	0.02568	0.67469	0.01605	0.03317	0.02354	0.02033	0.01284	0.01498	0.01070	0.00856	0.00749	0.00214	0.01498	0.00535	0.00428	0.00963
6	0.01656	0.12287	0.34469	0.02182	0.10094	0.01822	0.02182	0.02296	0.01786	0.02508	0.02788	0.02951	0.12810	0.01023	0.00780	0.00248	0.00953	0.00823	0.05250	0.01092
7	0.02056	0.01974	0.03372	0.05099	0.65622	0.01974	0.02550	0.02550	0.01892	0.02714	0.01563	0.02056	0.01316	0.00740	0.00822	0.00247	0.00987	0.00740	0.00411	0.01316
8	0.32045	0.02547	0.13603	0.02060	0.09718	0.14277	0.01673	0.02573	0.01698	0.02893	0.01355	0.01679	0.01093	0.01169	0.05045	0.00323	0.04225	0.00571	0.00445	0.01011
9	0.01074	0.00842	0.00951	0.00926	0.01153	0.00741	0.00681	0.01340	0.02022	0.02621	0.30094	0.07111	0.38356	0.06979	0.01219	0.00311	0.00438	0.01616	0.00808	0.00719
10	0.02622	0.11274	0.02646	0.02067	0.02403	0.40864	0.01646	0.02833	0.01958	0.02014	0.01212	0.01572	0.01076	0.01014	0.01303	0.00254	0.21301	0.00581	0.00401	0.00959
11	0.03103	0.03959	0.02354	0.02140	0.02568	0.67469	0.01605	0.03317	0.02354	0.02033	0.01284	0.01498	0.01070	0.00856	0.00749	0.00214	0.01498	0.00535	0.00428	0.00963
12	0.02868	0.03196	0.02264	0.01999	0.02473	0.42082	0.01533	0.12743	0.17131	0.02866	0.01887	0.01951	0.01468	0.00942	0.00784	0.00235	0.01210	0.00663	0.00588	0.01115
13	0.76672	0.01607	0.01221	0.01092	0.01607	0.01864	0.00900	0.02442	0.01414	0.03727	0.01157	0.01350	0.00900	0.00771	0.00514	0.00257	0.00643	0.00450	0.00514	0.00900
14	0.01010	0.00731	0.00956	0.01135	0.01199	0.00677	0.00761	0.01159	0.01611	0.02129	0.04844	0.65964	0.09622	0.02568	0.01055	0.00333	0.00478	0.02320	0.00771	0.00677
15	0.00998	0.00842	0.00864	0.00858	0.01132	0.00708	0.00644	0.01223	0.01931	0.02334	0.13095	0.07847	0.60550	0.02071	0.00982	0.00279	0.00418	0.01733	0.00783	0.00708
16	0.01196	0.00852	0.01141	0.01141	0.01222	0.00933	0.00796	0.01359	0.01278	0.01784	0.02403	0.04249	0.02505	0.35507	0.38820	0.01095	0.01581	0.01034	0.00471	0.00634
17	0.02110	0.01821	0.02013	0.01949	0.06826	0.02080	0.01416	0.06666	0.57102	0.03491	0.03191	0.02978	0.02401	0.01093	0.00843	0.00278	0.00692	0.00917	0.00813	0.01319
18	0.02321	0.01994	0.01994	0.01725	0.02216	0.06875	0.01359	0.18329	0.39249	0.03673	0.03040	0.02923	0.04725	0.01365	0.04101	0.00320	0.00849	0.00894	0.00789	0.01260
19	0.01083	0.00824	0.00996	0.00999	0.01196	0.00737	0.00731	0.01370	0.02064	0.02756	0.35602	0.18380	0.26256	0.01995	0.00995	0.00281	0.00418	0.01740	0.00842	0.00737
20	0.06844	0.04111	0.61994	0.02280	0.03458	0.01925	0.02920	0.02618	0.01730	0.02707	0.01468	0.01726	0.01042	0.00788	0.00770	0.00263	0.01187	0.00603	0.00362	0.01205
21	0.01763	0.01633	0.02643	0.20397	0.35255	0.01727	0.02093	0.02345	0.05283	0.02660	0.10205	0.02997	0.05488	0.00979	0.00854	0.00260	0.00894	0.00901	0.00508	0.01115
22	0.01031	0.00837	0.00914	0.00908	0.01156	0.00720	0.00676	0.01283	0.01991	0.02505	0.22173	0.10757	0.48090	0.02030	0.00985	0.00279	0.00417	0.01723	0.00807	0.00720
23	0.02402	0.07830	0.02525	0.02184	0.05586	0.32602	0.01659	0.02631	0.01843	0.02043	0.01309	0.01773	0.01177	0.01504	0.07229	0.00360	0.23358	0.00632	0.00403	0.00952
24	0.01024	0.00815	0.00919	0.00952	0.01163	0.00710	0.00692	0.01251	0.01905	0.02411	0.17735	0.22329	0.40867	0.02148	0.01000	0.00290	0.00430	0.01851	0.00797	0.00710
25	0.02485	0.26682	0.06003	0.02192	0.13676	0.09167	0.01610	0.02884	0.04089	0.15201	0.01874	0.02167	0.01507	0.05949	0.00963	0.00264	0.00936	0.00668	0.00538	0.01146
26	0.02116	0.58579	0.16155	0.01601	0.02410	0.03029	0.01734	0.02515	0.01701	0.02083	0.01219	0.01413	0.01063	0.00726	0.00582	0.00194	0.00953	0.00476	0.00354	0.01097
27	0.01044	0.00756	0.00986	0.01114	0.01207	0.00699	0.00765	0.01243	0.01766	0.02376	0.17214	0.53173	0.09809	0.02386	0.01039	0.00318	0.00460	0.02147	0.00800	0.00699
28	0.01511	0.01376	0.02161	0.18406	0.25386	0.01423	0.01740	0.01892	0.01783	0.02362	0.03627	0.15802	0.16371	0.01405	0.00903	0.00278	0.00797	0.01261	0.00547	0.00969
29	0.02117	0.02549	0.11724	0.04182	0.42015	0.09754	0.10344	0.02666	0.01937	0.02615	0.01536	0.01974	0.01245	0.00755	0.00830	0.00249	0.01133	0.00731	0.00406	0.01237
30	0.01816	0.00990	0.01207	0.01079	0.01365	0.00897	0.00794	0.02023	0.01857	0.19432	0.11109	0.05461	0.21858	0.20595	0.05446	0.00472	0.00697	0.01284	0.00765	0.00851
31	0.09638	0.01709	0.02010	0.05888	0.02409	0.01770	0.01350	0.16933	0.13687	0.29065	0.02633	0.02475	0.01802	0.00987	0.00799	0.00256	0.00761	0.00780	0.00842	0.04206
32	0.01945	0.02826	0.25378	0.06511	0.23478	0.05086	0.02404	0.03005	0.15608	0.02790	0.01921	0.02161	0.01470	0.00853	0.00813	0.00260	0.01030	0.00729	0.00484	0.01247
33	0.08848	0.03262	0.37130	0.06804	0.03369	0.02081	0.06288	0.16755	0.02236	0.03310	0.01590	0.01837	0.01140	0.00834	0.00789	0.00261	0.01104	0.00663	0.00484	0.01214
34	0.02765	0.04039	0.17452	0.02194	0.02810	0.52043	0.01950	0.03156	0.02213	0.02174	0.01333	0.01558	0.01066	0.00840	0.00759	0.00226	0.01434	0.00554	0.00410	0.01025
35	0.21302	0.03203	0.39506	0.02281	0.09598	0.01881	0.02355	0.02646	0.01712	0.06193	0.01504	0.01736	0.01092	0.00792	0.00724	0.00259	0.01023	0.00596	0.00434	0.01161

[dist]
# distance from previous block
# <min> <max>
0	7

[block]
# block no. 1 follows, 22 sequences, length 10
# corresponding to MSA columns:
# 43-52
name=unknown_B
#
# <colnr> <probs for GDERKNQSTAVLIFYWHMCP>
#	G	D	E	R	K	N	Q	S	T	A	V	L	I	F	Y	W	H	M	C	P
0	0.09602	0.14644	0.08603	0.14927	0.03115	0.10188	0.04193	0.09731	0.11946	0.02881	0.01736	0.01959	0.01338	0.00864	0.00741	0.00246	0.00999	0.00664	0.00517	0.01105
1	0.01482	0.02016	0.16267	0.01697	0.02253	0.04239	0.07882	0.01951	0.01852	0.02495	0.11261	0.04262	0.20726	0.01688	0.05689	0.00338	0.05369	0.01106	0.00571	0.06855
2	0.01034	0.00841	0.00897	0.00885	0.01131	0.00724	0.00652	0.01265	0.01937	0.02411	0.18905	0.07486	0.50245	0.06489	0.01192	0.00311	0.00440	0.01670	0.00781	0.00704
3	0.02071	0.55530	0.03553	0.01277	0.01872	0.02725	0.01233	0.02364	0.01700	0.02210	0.01503	0.01727	0.01304	0.00768	0.00544	0.00181	0.00776	0.00518	0.17143	0.01001
4	0.01187	0.00890	0.01335	0.01335	0.01483	0.01038	0.01038	0.01483	0.01335	0.01928	0.02225	0.03264	0.02077	0.06231	0.67512	0.01335	0.02225	0.00890	0.00445	0.00742
5	0.01005	0.00750	0.00936	0.01085	0.01186	0.00681	0.00739	0.01165	0.01659	0.02149	0.05449	0.56139	0.19056	0.02490	0.01043	0.00324	0.00468	0.02224	0.00771	0.00681
6	0.15460	0.01901	0.05647	0.02327	0.13061	0.02023	0.04476	0.13992	0.02016	0.03213	0.01624	0.02034	0.01320	0.01332	0.05648	0.00344	0.14812	0.00705	0.06987	0.01078
7	0.01453	0.01269	0.01548	0.01458	0.01558	0.05785	0.01105	0.01646	0.01359	0.01871	0.02024	0.03386	0.02039	0.20973	0.33773	0.00926	0.15743	0.00911	0.00442	0.00732
8	0.01080	0.00751	0.00944	0.01070	0.01102	0.00720	0.00679	0.01174	0.01459	0.01945	0.03903	0.47912	0.04641	0.26117	0.02153	0.00499	0.00593	0.01964	0.00679	0.00616
9	0.02562	0.02572	0.02437	0.14570	0.10684	0.24019	0.01772	0.20092	0.02588	0.03074	0.02060	0.02298	0.05720	0.00966	0.00813	0.00244	0.01120	0.00744	0.00556	0.01110

[dist]
# distance from previous block
# <min> <max>
0	2

[block]
# block no. 2 follows, 22 sequences, length 130
# corresponding to MSA columns:
# 55-184
name=unknown_C
#
# <colnr> <probs for GDERKNQSTAVLIFYWHMCP>
#	G	D	E	R	K	N	Q	S	T	A	V	L	I	F	Y	W	H	M	C	P
0	0.02393	0.02696	0.03313	0.03799	0.32829	0.24167	0.13451	0.02830	0.02061	0.02474	0.01490	0.01902	0.01222	0.00772	0.00827	0.00242	0.01237	0.00716	0.00419	0.01160
1	0.02193	0.02244	0.03098	0.07676	0.49789	0.12029	0.02331	0.02738	0.05032	0.02617	0.01606	0.02030	0.01328	0.00782	0.00813	0.00245	0.01055	0.00718	0.00433	0.01242
2	0.01889	0.01501	0.01958	0.19367	0.14578	0.04945	0.01549	0.08167	0.01994	0.02928	0.02031	0.02481	0.01586	0.00887	0.00724	0.00232	0.00796	0.00743	0.30658	0.00987
3	0.01012	0.00723	0.00964	0.01157	0.01205	0.00675	0.00771	0.01157	0.01591	0.02121	0.04579	0.70262	0.05495	0.02603	0.01060	0.00337	0.00482	0.02362	0.00771	0.00675
4	0.02274	0.02575	0.02426	0.02862	0.22554	0.28792	0.01752	0.02575	0.02029	0.02287	0.02638	0.02872	0.12687	0.01095	0.00986	0.00249	0.07006	0.00836	0.00479	0.01025
5	0.02282	0.02424	0.03081	0.07781	0.47295	0.17691	0.02310	0.02711	0.01990	0.02519	0.01491	0.01931	0.01246	0.00773	0.00805	0.00240	0.01116	0.00691	0.00413	0.01210
6	0.01127	0.00841	0.01047	0.01181	0.01282	0.00824	0.00805	0.01491	0.07910	0.02237	0.04556	0.56813	0.08200	0.05997	0.01200	0.00353	0.00513	0.02126	0.00765	0.00732
7	0.07439	0.03496	0.48119	0.09155	0.06839	0.01858	0.02677	0.02504	0.01757	0.02704	0.04801	0.02019	0.01415	0.00837	0.00784	0.00263	0.01114	0.00667	0.00398	0.01153
8	0.01901	0.01769	0.02899	0.24916	0.36934	0.01941	0.02308	0.05493	0.01866	0.02583	0.01572	0.02157	0.01285	0.01107	0.04462	0.00320	0.04172	0.00747	0.00419	0.01147
9	0.01017	0.00782	0.00931	0.01022	0.01176	0.00696	0.00718	0.01212	0.01786	0.02292	0.12253	0.39442	0.29058	0.02316	0.01022	0.00307	0.00449	0.02037	0.00786	0.00696
10	0.01030	0.00752	0.00955	0.01094	0.01181	0.00693	0.00739	0.01193	0.01663	0.02194	0.09200	0.54164	0.13385	0.06106	0.01213	0.00350	0.00485	0.02160	0.00767	0.00677
11	0.02823	0.03091	0.02664	0.02919	0.20103	0.36692	0.01863	0.14632	0.02526	0.02843	0.01499	0.01749	0.01205	0.00851	0.00785	0.00230	0.01243	0.00633	0.00501	0.01148
12	0.03015	0.06083	0.02552	0.05448	0.02717	0.17885	0.01616	0.42633	0.03312	0.04154	0.01758	0.01856	0.01299	0.00941	0.00797	0.00239	0.01061	0.00682	0.00688	0.01264
13	0.02126	0.02332	0.02499	0.02171	0.02274	0.18131	0.01767	0.02316	0.01532	0.02007	0.01137	0.01741	0.01086	0.01310	0.02252	0.00328	0.53010	0.00681	0.00379	0.00922
14	0.01176	0.00829	0.01026	0.01047	0.01234	0.00744	0.00758	0.01437	0.01983	0.05222	0.28017	0.27693	0.21614	0.02074	0.01001	0.00291	0.00442	0.01824	0.00835	0.00752
15	0.01112	0.00889	0.01012	0.00951	0.01229	0.00763	0.00718	0.01407	0.02067	0.02717	0.30959	0.06832	0.37522	0.01836	0.00955	0.00262	0.00423	0.01564	0.00810	0.05971
16	0.03103	0.03959	0.02354	0.02140	0.02568	0.67469	0.01605	0.03317	0.02354	0.02033	0.01284	0.01498	0.01070	0.00856	0.00749	0.00214	0.01498	0.00535	0.00428	0.00963
17	0.02712	0.02181	0.02327	0.08631	0.02786	0.05583	0.01586	0.38647	0.19177	0.04307	0.02266	0.02278	0.01655	0.01007	0.00831	0.00259	0.00896	0.00786	0.00768	0.01316
18	0.01961	0.02241	0.04902	0.03501	0.04342	0.02101	0.62605	0.02661	0.01961	0.02661	0.01681	0.02241	0.01261	0.00700	0.00980	0.00280	0.01401	0.00980	0.00420	0.01120
19	0.01054	0.00832	0.00950	0.00946	0.01173	0.00728	0.00700	0.01322	0.02026	0.02619	0.28244	0.13655	0.38780	0.02010	0.00989	0.00279	0.00417	0.01725	0.00822	0.00728
20	0.01225	0.00872	0.01056	0.00995	0.01240	0.00775	0.00752	0.01552	0.02196	0.05800	0.43018	0.06663	0.27178	0.01806	0.00974	0.00268	0.00416	0.01558	0.00871	0.00784
21	0.01044	0.00795	0.00961	0.01024	0.01187	0.00712	0.00728	0.01275	0.01888	0.02475	0.21523	0.33115	0.25861	0.02204	0.01014	0.00299	0.00438	0.01938	0.00808	0.00712
22	0.02121	0.01812	0.01909	0.01702	0.02181	0.02092	0.01328	0.07350	0.61097	0.03564	0.03312	0.03044	0.02480	0.01121	0.00845	0.00280	0.00670	0.00930	0.00845	0.01320
23	0.03103	0.03959	0.02354	0.02140	0.02568	0.67469	0.01605	0.03317	0.02354	0.02033	0.01284	0.01498	0.01070	0.00856	0.00749	0.00214	0.01498	0.00535	0.00428	0.00963
24	0.01208	0.00805	0.00906	0.00906	0.00906	0.00805	0.00503	0.01208	0.01208	0.01611	0.02618	0.05436	0.03020	0.70804	0.04228	0.00805	0.00805	0.01208	0.00503	0.00503
25	0.02801	0.01358	0.01665	0.01380	0.01876	0.01320	0.01105	0.03625	0.17085	0.36456	0.06497	0.03121	0.02493	0.01077	0.00800	0.00252	0.00621	0.00885	0.14342	0.01242
26	0.02088	0.55217	0.19273	0.01649	0.02484	0.02961	0.01817	0.02522	0.01704	0.02117	0.01236	0.01434	0.01063	0.00730	0.00595	0.00198	0.00970	0.00485	0.00354	0.01105
27	0.02176	0.24831	0.17337	0.13942	0.03210	0.18104	0.02008	0.02633	0.01841	0.02156	0.01316	0.01644	0.01072	0.00815	0.00784	0.00231	0.03911	0.00568	0.00375	0.01045
28	0.02838	0.11953	0.05090	0.01703	0.02358	0.08650	0.01464	0.26931	0.02797	0.14883	0.04494	0.02132	0.01669	0.00930	0.00764	0.00225	0.00893	0.00699	0.00709	0.08818
29	0.02366	0.15213	0.11411	0.02685	0.17698	0.22377	0.01952	0.05028	0.06366	0.02473	0.01560	0.01828	0.01276	0.01008	0.03109	0.00268	0.01177	0.00627	0.00445	0.01134
30	0.01799	0.20384	0.51580	0.02141	0.03244	0.02255	0.02674	0.02596	0.01738	0.02469	0.01410	0.01653	0.01056	0.00770	0.00728	0.00243	0.01146	0.00573	0.00352	0.01189
31	0.01179	0.00872	0.01064	0.01091	0.01258	0.00819	0.00779	0.04523	0.01987	0.02660	0.23966	0.32086	0.16997	0.05365	0.01158	0.00321	0.00480	0.01842	0.00806	0.00744
32	0.01031	0.00803	0.00886	0.00938	0.01106	0.00713	0.00646	0.01186	0.01689	0.02097	0.06341	0.24297	0.38004	0.14580	0.01586	0.00390	0.00506	0.01819	0.00723	0.00659
33	0.03107	0.03846	0.02364	0.02124	0.02569	0.62950	0.01603	0.07464	0.02462	0.02256	0.01334	0.01533	0.01094	0.00866	0.00755	0.00216	0.01457	0.00550	0.00456	0.00994
34	0.10104	0.01622	0.01747	0.01429	0.01918	0.01741	0.01158	0.26750	0.05592	0.12847	0.02356	0.02449	0.01725	0.01215	0.03760	0.00287	0.00765	0.00753	0.20627	0.01156
35	0.01931	0.03583	0.41317	0.03142	0.21608	0.08830	0.02764	0.02679	0.01857	0.02592	0.01490	0.01815	0.01131	0.00782	0.00795	0.00253	0.01186	0.00642	0.00377	0.01226
36	0.01275	0.01020	0.01505	0.01454	0.01581	0.01250	0.01148	0.01556	0.01326	0.01938	0.02066	0.03060	0.01938	0.05559	0.58409	0.01199	0.11647	0.00867	0.00434	0.00765
37	0.01078	0.00866	0.00979	0.01038	0.01285	0.00768	0.00825	0.01331	0.01885	0.02303	0.07174	0.11242	0.46497	0.02178	0.01029	0.00310	0.00515	0.17212	0.00770	0.00717
38	0.01370	0.04295	0.01701	0.01490	0.01622	0.01446	0.01185	0.01620	0.01329	0.01923	0.01962	0.03017	0.01886	0.09418	0.46287	0.01039	0.16351	0.00857	0.00428	0.00776
39	0.05323	0.02865	0.28580	0.02587	0.06544	0.01986	0.17932	0.02650	0.07387	0.02688	0.02006	0.02318	0.04477	0.00927	0.01038	0.00279	0.08023	0.00806	0.00447	0.01138
40	0.02990	0.03285	0.02436	0.02264	0.06940	0.42694	0.01649	0.18721	0.05961	0.02985	0.01597	0.01749	0.01253	0.00899	0.00780	0.00229	0.01267	0.00626	0.00553	0.01122
41	0.01119	0.00840	0.01040	0.01029	0.01230	0.00761	0.00771	0.01441	0.02142	0.02903	0.42320	0.13269	0.21547	0.01917	0.00996	0.00279	0.00425	0.04361	0.00858	0.00752
42	0.01230	0.00857	0.01062	0.01039	0.01214	0.00807	0.00753	0.01468	0.05145	0.02486	0.26495	0.08942	0.21701	0.02135	0.01564	0.19818	0.00504	0.01385	0.00720	0.00674
43	0.02218	0.02397	0.02848	0.21482	0.31733	0.20329	0.02219	0.02650	0.01959	0.02363	0.01461	0.01942	0.01191	0.00797	0.00804	0.00246	0.01163	0.00682	0.00405	0.01111
44	0.02596	0.03115	0.02390	0.02510	0.12984	0.43802	0.01685	0.02853	0.02131	0.02166	0.02035	0.02278	0.07607	0.01017	0.00965	0.00240	0.07471	0.00710	0.00454	0.00991
45	0.02012	0.02053	0.06205	0.08469	0.59506	0.01965	0.02560	0.02530	0.01873	0.02678	0.01555	0.02051	0.01292	0.00747	0.00821	0.00249	0.01005	0.00734	0.00406	0.01290
46	0.01663	0.01412	0.01724	0.13595	0.02558	0.01588	0.01404	0.02951	0.30290	0.02839	0.03963	0.05030	0.11450	0.01472	0.00930	0.00303	0.00730	0.14331	0.00731	0.01036
47	0.02495	0.01687	0.01785	0.01443	0.01913	0.01833	0.01167	0.37742	0.03014	0.04354	0.02289	0.02449	0.01708	0.00985	0.00728	0.00226	0.00697	0.00759	0.31576	0.01150
48	0.01197	0.00849	0.01128	0.01128	0.01205	0.00926	0.00781	0.01351	0.01274	0.01775	0.02414	0.04311	0.02531	0.37346	0.37018	0.01080	0.01541	0.01043	0.00473	0.00627
49	0.01118	0.00772	0.00950	0.01038	0.01066	0.00756	0.00647	0.01196	0.01387	0.01855	0.03491	0.34746	0.04103	0.37193	0.05418	0.00615	0.00718	0.01718	0.00622	0.00591
50	0.01068	0.00788	0.01012	0.01170	0.01287	0.00732	0.00853	0.01269	0.01705	0.02211	0.05234	0.47644	0.16102	0.02455	0.01063	0.00336	0.00524	0.13079	0.00770	0.00696
51	0.01967	0.01898	0.03282	0.16154	0.52622	0.01957	0.05000	0.02480	0.01854	0.02609	0.01553	0.02091	0.01277	0.00754	0.00830	0.00253	0.01025	0.00750	0.00404	0.01239
52	0.03054	0.03866	0.02402	0.02280	0.05546	0.64376	0.01650	0.03281	0.02332	0.02065	0.01297	0.01524	0.01082	0.00851	0.00753	0.00216	0.01474	0.00545	0.00427	0.00980
53	0.01119	0.00825	0.01046	0.01037	0.01218	0.00753	0.00760	0.01441	0.02150	0.02961	0.46320	0.17965	0.15489	0.01918	0.00995	0.00278	0.00412	0.01692	0.00869	0.00753
54	0.01190	0.00875	0.01261	0.01261	0.01384	0.00998	0.00946	0.01436	0.01313	0.01874	0.02293	0.03638	0.02239	0.17362	0.56603	0.01244	0.01980	0.00945	0.00455	0.00701
55	0.01010	0.00731	0.00955	0.01135	0.01199	0.00677	0.00761	0.01159	0.01612	0.02129	0.04846	0.65925	0.09659	0.02568	0.01055	0.00333	0.00478	0.02319	0.00771	0.00677
56	0.03059	0.02255	0.02435	0.01882	0.02521	0.02499	0.01552	0.59769	0.03777	0.05069	0.02006	0.02058	0.01446	0.01260	0.04181	0.00304	0.00980	0.00755	0.00812	0.01379
57	0.02784	0.02161	0.02434	0.02181	0.08852	0.02393	0.01614	0.42724	0.18159	0.04558	0.02284	0.02266	0.01673	0.01002	0.00834	0.00257	0.00860	0.00793	0.00792	0.01379
58	0.01173	0.00791	0.00916	0.00951	0.00960	0.00782	0.00551	0.01199	0.01277	0.01702	0.02970	0.17082	0.03465	0.58552	0.03659	0.00721	0.00747	0.01415	0.00551	0.00534
59	0.01208	0.00805	0.00906	0.00906	0.00906	0.00805	0.00503	0.01208	0.01208	0.01611	0.02618	0.05436	0.03020	0.70804	0.04228	0.00805	0.00805	0.01208	0.00503	0.00503
60	0.02652	0.02076	0.02208	0.01809	0.02384	0.02340	0.01457	0.35779	0.31802	0.04420	0.02637	0.02506	0.01933	0.01057	0.00838	0.00264	0.00795	0.00837	0.00838	0.01367
61	0.02836	0.05688	0.02349	0.01831	0.02390	0.19033	0.01472	0.36203	0.05704	0.03891	0.02481	0.02490	0.07815	0.01065	0.00812	0.00242	0.01002	0.00789	0.00701	0.01206
62	0.02213	0.43637	0.20121	0.01777	0.02578	0.12786	0.01876	0.02652	0.01807	0.02142	0.01262	0.01467	0.01063	0.00753	0.00632	0.00205	0.01070	0.00502	0.00365	0.01092
63	0.01187	0.00890	0.01335	0.01335	0.01483	0.01038	0.01038	0.01483	0.01335	0.01928	0.02225	0.03264	0.02077	0.06231	0.67512	0.01335	0.02225	0.00890	0.00445	0.00742
64	0.01620	0.00965	0.01124	0.01043	0.01368	0.00836	0.00802	0.01857	0.01967	0.16188	0.08912	0.09610	0.39813	0.05654	0.01140	0.00311	0.00524	0.04596	0.00818	0.00851
65	0.02860	0.03482	0.02342	0.02213	0.05344	0.52821	0.01616	0.03380	0.10822	0.02262	0.01578	0.01758	0.01285	0.00913	0.00847	0.00231	0.04131	0.00608	0.00482	0.01025
66	0.02070	0.11007	0.02213	0.08469	0.02398	0.26126	0.01426	0.02358	0.01792	0.01990	0.01664	0.02256	0.01476	0.02986	0.27444	0.00664	0.01672	0.00686	0.00420	0.00883
67	0.00982	0.00842	0.00842	0.00842	0.01122	0.00701	0.00631	0.01192	0.01894	0.02244	0.08416	0.07995	0.65285	0.02104	0.00982	0.00281	0.00421	0.01753	0.00771	0.00701
68	0.01359	0.01073	0.01107	0.04557	0.01468	0.05454	0.00829	0.01684	0.02007	0.02763	0.23804	0.08386	0.21509	0.01573	0.00864	0.00251	0.00518	0.01330	0.18692	0.00773
69	0.01972	0.01888	0.03220	0.16082	0.55296	0.01952	0.02508	0.02476	0.01852	0.02612	0.01548	0.02083	0.01280	0.00756	0.00824	0.00252	0.01008	0.00740	0.00404	0.01248
70	0.02030	0.03292	0.31408	0.03462	0.29023	0.11209	0.02648	0.02694	0.01896	0.02581	0.01491	0.01842	0.01164	0.00778	0.00797	0.00249	0.01167	0.00655	0.00387	0.01227
71	0.01299	0.01055	0.01550	0.01485	0.01607	0.01306	0.01177	0.01575	0.01324	0.01941	0.02024	0.03007	0.01902	0.05383	0.56019	0.01163	0.14122	0.00861	0.00431	0.00771
72	0.02116	0.14602	0.03891	0.03870	0.35060	0.05676	0.17831	0.02608	0.01897	0.02528	0.01505	0.01945	0.01244	0.00731	0.00807	0.00241	0.01103	0.00738	0.00404	0.01202
73	0.01889	0.02014	0.03915	0.02822	0.03577	0.01875	0.42433	0.02468	0.01851	0.02627	0.01587	0.02077	0.01241	0.00731	0.01008	0.00245	0.05925	0.00836	0.00435	0.20444
74	0.01278	0.01047	0.01453	0.18587	0.02427	0.01102	0.01181	0.01762	0.05265	0.02740	0.30779	0.11758	0.14243	0.01597	0.00943	0.00277	0.00604	0.01400	0.00734	0.00824
75	0.01145	0.00820	0.01106	0.01232	0.01358	0.00781	0.00932	0.01420	0.01877	0.02535	0.20205	0.36761	0.05902	0.02283	0.01064	0.00330	0.00537	0.18175	0.00807	0.00728
76	0.01018	0.00837	0.00896	0.00895	0.01148	0.00715	0.00666	0.01258	0.01960	0.02433	0.18413	0.10938	0.51831	0.02057	0.00986	0.00280	0.00419	0.01740	0.00797	0.00715
77	0.02958	0.02626	0.02355	0.01929	0.02503	0.18068	0.01540	0.38579	0.13817	0.04166	0.02061	0.02064	0.01522	0.00986	0.00814	0.00246	0.01011	0.00729	0.00737	0.01288
78	0.01262	0.00855	0.01051	0.01065	0.01242	0.00822	0.00762	0.01504	0.01571	0.02335	0.03375	0.25964	0.06111	0.09350	0.13147	0.00504	0.00815	0.01386	0.18579	0.08301
79	0.02837	0.16442	0.02676	0.01963	0.02430	0.51943	0.01541	0.03066	0.02176	0.02013	0.01309	0.01559	0.01122	0.01110	0.04203	0.00266	0.01422	0.00537	0.00415	0.00971
80	0.01935	0.01147	0.01187	0.01047	0.01354	0.01207	0.00820	0.16560	0.02262	0.03611	0.02538	0.02832	0.01957	0.00975	0.00641	0.00207	0.00514	0.00768	0.57510	0.00928
81	0.02056	0.01974	0.03372	0.05099	0.65622	0.01974	0.02550	0.02550	0.01892	0.02714	0.01563	0.02056	0.01316	0.00740	0.00822	0.00247	0.00987	0.00740	0.00411	0.01316
82	0.01187	0.00890	0.01335	0.01335	0.01483	0.01038	0.01038	0.01483	0.01335	0.01928	0.02225	0.03264	0.02077	0.06231	0.67512	0.01335	0.02225	0.00890	0.00445	0.00742
83	0.02124	0.54622	0.03919	0.01604	0.02144	0.03109	0.01517	0.02370	0.01588	0.01965	0.01139	0.01449	0.01072	0.00889	0.01060	0.00222	0.17309	0.00512	0.00357	0.01028
84	0.03103	0.03959	0.02354	0.02140	0.02568	0.67469	0.01605	0.03317	0.02354	0.02033	0.01284	0.01498	0.01070	0.00856	0.00749	0.00214	0.01498	0.00535	0.00428	0.00963
85	0.02052	0.01986	0.03441	0.05027	0.62841	0.01980	0.05275	0.02555	0.01895	0.02712	0.01568	0.02064	0.01313	0.00738	0.00830	0.00248	0.01006	0.00751	0.00412	0.01307
86	0.00997	0.00836	0.00866	0.00871	0.01134	0.00706	0.00649	0.01217	0.01910	0.02314	0.12180	0.10953	0.58324	0.02100	0.00986	0.00282	0.00422	0.01766	0.00781	0.00706
87	0.01187	0.00890	0.01335	0.01335	0.01483	0.01038	0.01038	0.01483	0.01335	0.01928	0.02225	0.03264	0.02077	0.06231	0.67512	0.01335	0.02225	0.00890	0.00445	0.00742
88	0.01112	0.00883	0.01022	0.01092	0.01340	0.00794	0.00888	0.01384	0.01900	0.02332	0.06956	0.08495	0.43297	0.02173	0.01042	0.00318	0.00546	0.22932	0.00769	0.00724
89	0.02906	0.19705	0.02870	0.01908	0.02466	0.35275	0.01554	0.18517	0.02596	0.02843	0.01437	0.01587	0.01158	0.00858	0.00718	0.00214	0.01201	0.00568	0.00515	0.01104
90	0.19149	0.06144	0.02187	0.01882	0.02341	0.50557	0.01444	0.03093	0.02122	0.02400	0.01251	0.01459	0.01033	0.00832	0.00689	0.00222	0.01287	0.00513	0.00444	0.00953
91	0.02808	0.03449	0.08885	0.05152	0.02790	0.42102	0.01795	0.13413	0.02455	0.02650	0.01423	0.01665	0.01131	0.00914	0.00909	0.00238	0.06073	0.00602	0.00483	0.01062
92	0.01691	0.01234	0.01467	0.04356	0.01737	0.01358	0.01046	0.13749	0.04100	0.02875	0.03170	0.03785	0.11221	0.09803	0.17260	0.00570	0.04135	0.00988	0.14570	0.00884
93	0.01652	0.00940	0.01203	0.01126	0.01400	0.00837	0.00847	0.01938	0.02095	0.16422	0.27098	0.20672	0.16831	0.01840	0.00968	0.00282	0.00486	0.01605	0.00879	0.00879
94	0.01187	0.00890	0.01335	0.01335	0.01483	0.01038	0.01038	0.01483	0.01335	0.01928	0.02225	0.03264	0.02077	0.06231	0.67512	0.01335	0.02225	0.00890	0.00445	0.00742
95	0.01074	0.00749	0.00946	0.01077	0.01110	0.00716	0.00686	0.01173	0.01470	0.01959	0.03958	0.49750	0.04712	0.24183	0.02063	0.00485	0.00584	0.01997	0.00686	0.00621
96	0.01641	0.00889	0.00924	0.00883	0.01107	0.00914	0.00675	0.06154	0.01871	0.03184	0.02634	0.03029	0.02077	0.01250	0.04162	0.00258	0.00522	0.00779	0.66230	0.00817
97	0.01069	0.00845	0.00963	0.00933	0.01176	0.00739	0.00700	0.01362	0.02100	0.02735	0.34051	0.07187	0.39343	0.01921	0.00981	0.00272	0.00408	0.01640	0.00836	0.00739
98	0.03103	0.03959	0.02354	0.02140	0.02568	0.67469	0.01605	0.03317	0.02354	0.02033	0.01284	0.01498	0.01070	0.00856	0.00749	0.00214	0.01498	0.00535	0.00428	0.00963
99	0.02173	0.68044	0.04213	0.01417	0.02102	0.03183	0.01404	0.02441	0.01672	0.01953	0.01204	0.01422	0.01113	0.00966	0.03634	0.00231	0.00950	0.00465	0.00360	0.01051
100	0.01029	0.00739	0.01000	0.01174	0.01232	0.00711	0.00797	0.01189	0.01565	0.02102	0.04347	0.63669	0.05158	0.02960	0.07600	0.00436	0.00654	0.02217	0.00739	0.00681
101	0.01991	0.01719	0.01806	0.01631	0.02088	0.01971	0.01267	0.04190	0.59787	0.03389	0.03732	0.03440	0.06906	0.01195	0.00855	0.00282	0.00641	0.00996	0.00840	0.01272
102	0.02056	0.01974	0.03372	0.05099	0.65622	0.01974	0.02550	0.02550	0.01892	0.02714	0.01563	0.02056	0.01316	0.00740	0.00822	0.00247	0.00987	0.00740	0.00411	0.01316
103	0.01030	0.00735	0.00984	0.01177	0.01232	0.00690	0.00801	0.01187	0.01608	0.02140	0.04569	0.67020	0.05457	0.02586	0.01065	0.00340	0.00497	0.05432	0.00771	0.00680
104	0.01950	0.01681	0.02492	0.52747	0.04967	0.02021	0.02132	0.16702	0.02200	0.02870	0.01601	0.02162	0.01181	0.00871	0.00831	0.00270	0.01061	0.00741	0.00480	0.01040
105	0.01023	0.00727	0.00961	0.01143	0.01189	0.00682	0.00756	0.01160	0.01570	0.02093	0.04471	0.66707	0.05359	0.06343	0.01234	0.00363	0.00500	0.02298	0.00756	0.00665
106	0.01319	0.01135	0.01164	0.01106	0.01445	0.01126	0.00844	0.02195	0.21251	0.02627	0.06850	0.06472	0.45765	0.01800	0.00939	0.00281	0.00494	0.01500	0.00794	0.00892
107	0.02517	0.02278	0.02083	0.01781	0.02291	0.13880	0.01402	0.22172	0.29959	0.03678	0.02924	0.02809	0.06294	0.01106	0.00833	0.00259	0.00872	0.00864	0.00761	0.01239
108	0.01818	0.01818	0.02545	0.02181	0.02181	0.02545	0.01818	0.01999	0.01272	0.01999	0.01091	0.01818	0.01091	0.01454	0.02726	0.00364	0.69284	0.00727	0.00364	0.00909
109	0.01906	0.01800	0.02949	0.24578	0.40669	0.01943	0.02351	0.02602	0.08016	0.02606	0.01717	0.02209	0.01373	0.00807	0.00827	0.00260	0.00992	0.00759	0.00441	0.01194
110	0.03103	0.03959	0.02354	0.02140	0.02568	0.67469	0.01605	0.03317	0.02354	0.02033	0.01284	0.01498	0.01070	0.00856	0.00749	0.00214	0.01498	0.00535	0.00428	0.00963
111	0.01099	0.00804	0.01033	0.01064	0.01217	0.00737	0.00764	0.01387	0.02040	0.02800	0.38357	0.28879	0.12621	0.02056	0.01008	0.00290	0.00426	0.01829	0.00850	0.00737
112	0.01225	0.00954	0.01405	0.01391	0.01518	0.01134	0.01081	0.01498	0.01353	0.01952	0.02344	0.09300	0.02306	0.05487	0.55847	0.01160	0.07815	0.01011	0.00468	0.00750
113	0.01903	0.01818	0.03096	0.25071	0.46844	0.01934	0.02474	0.02416	0.01819	0.02529	0.01536	0.02106	0.01251	0.00769	0.00825	0.00256	0.01025	0.00740	0.00398	0.01193
114	0.02221	0.71304	0.04353	0.01421	0.02132	0.03287	0.01421	0.02488	0.01688	0.01955	0.01155	0.01333	0.01066	0.00711	0.00533	0.00178	0.00888	0.00444	0.00355	0.01066
115	0.01850	0.01783	0.03089	0.31277	0.37723	0.01928	0.05593	0.02379	0.01800	0.02467	0.01533	0.02131	0.01227	0.00775	0.00834	0.00261	0.01058	0.00752	0.00394	0.01144
116	0.01595	0.04593	0.01739	0.01496	0.01617	0.08447	0.01138	0.01762	0.01404	0.01859	0.01924	0.03315	0.01979	0.24343	0.22035	0.00764	0.17914	0.00892	0.00438	0.00746
117	0.19768	0.01649	0.02488	0.03070	0.28104	0.01695	0.07901	0.02305	0.01776	0.02880	0.02192	0.06256	0.02104	0.01144	0.00842	0.00285	0.00879	0.13082	0.00525	0.01055
118	0.01128	0.00851	0.01239	0.01303	0.01435	0.00801	0.04080	0.01371	0.01778	0.02400	0.14838	0.48651	0.05594	0.02312	0.01052	0.00326	0.00547	0.08790	0.00777	0.00727
119	0.02972	0.02994	0.02561	0.02479	0.11810	0.31073	0.01733	0.27792	0.02927	0.03455	0.01618	0.01785	0.01248	0.00897	0.00794	0.00233	0.01182	0.00653	0.00592	0.01200
120	0.02736	0.03348	0.02409	0.02152	0.02458	0.48945	0.01666	0.02941	0.02046	0.02024	0.01229	0.01589	0.01076	0.01027	0.01313	0.00257	0.20839	0.00590	0.00410	0.00948
121	0.01101	0.00846	0.01007	0.00967	0.01195	0.00752	0.00725	0.01423	0.02175	0.02912	0.43290	0.06896	0.29994	0.01855	0.00981	0.00269	0.00403	0.01599	0.00859	0.00752
122	0.01146	0.00848	0.01069	0.01014	0.01223	0.00771	0.00761	0.01510	0.02282	0.03165	0.56509	0.06479	0.16617	0.01760	0.00980	0.00264	0.00396	0.01541	0.00893	0.00771
123	0.01512	0.01104	0.01350	0.01291	0.01543	0.01105	0.01004	0.12494	0.02373	0.03223	0.28241	0.19986	0.08536	0.01883	0.00997	0.00296	0.00566	0.10793	0.00838	0.00866
124	0.01002	0.00805	0.00894	0.00951	0.01154	0.00698	0.00683	0.01202	0.01824	0.02265	0.10336	0.27267	0.43535	0.02237	0.01006	0.00297	0.00438	0.01929	0.00779	0.00698
125	0.02182	0.66637	0.08682	0.01487	0.02234	0.03193	0.01536	0.02498	0.01693	0.02002	0.01178	0.01362	0.01065	0.00716	0.00551	0.00184	0.00912	0.00456	0.00355	0.01077
126	0.01079	0.00859	0.00980	0.01042	0.01253	0.00779	0.00776	0.01383	0.04345	0.02334	0.09339	0.25024	0.37526	0.02203	0.01015	0.00306	0.00481	0.07770	0.00780	0.00729
127	0.01940	0.06450	0.01630	0.01441	0.04853	0.13708	0.01056	0.02272	0.01815	0.02690	0.02115	0.02494	0.01712	0.00965	0.00833	0.00216	0.07442	0.00700	0.44798	0.00872
128	0.05905	0.03064	0.02342	0.02190	0.06865	0.36904	0.01596	0.16347	0.11300	0.03050	0.01748	0.01864	0.01361	0.00913	0.00776	0.00235	0.01182	0.00649	0.00577	0.01132
129	0.18705	0.15573	0.14787	0.01695	0.02413	0.02294	0.01660	0.18180	0.02264	0.09814	0.01648	0.01759	0.01218	0.00876	0.00776	0.00246	0.03727	0.00607	0.00580	0.01179

[dist]
# distance from previous block
# <min> <max>
21	105

[block]
# block no. 3 follows, 22 sequences, length 34
# corresponding to MSA columns:
# 290-323
name=unknown_D
#
# <colnr> <probs for GDERKNQSTAVLIFYWHMCP>
#	G	D	E	R	K	N	Q	S	T	A	V	L	I	F	Y	W	H	M	C	P
0	0.01994	0.02692	0.19253	0.02763	0.19019	0.14222	0.04728	0.02490	0.01841	0.02466	0.01660	0.02107	0.01348	0.01336	0.05895	0.04861	0.01179	0.00692	0.08396	0.01059
1	0.02134	0.01813	0.02227	0.02212	0.11585	0.05851	0.04392	0.14067	0.12351	0.05597	0.11613	0.03572	0.05950	0.01215	0.00989	0.00268	0.04848	0.04869	0.00699	0.03749
2	0.15243	0.01900	0.11269	0.01569	0.02092	0.04327	0.03506	0.04975	0.07876	0.02785	0.02371	0.05113	0.05632	0.02380	0.18158	0.00532	0.01197	0.00827	0.00535	0.07714
3	0.02663	0.02826	0.02368	0.02393	0.11788	0.31699	0.01638	0.13830	0.11543	0.03011	0.06518	0.02253	0.01885	0.00966	0.00806	0.00239	0.01113	0.00734	0.00594	0.01133
4	0.27950	0.01617	0.01568	0.01539	0.05670	0.09087	0.04600	0.02061	0.01771	0.02823	0.05955	0.09960	0.19708	0.01355	0.00788	0.00267	0.00722	0.01092	0.00603	0.00865
5	0.16595	0.10602	0.09445	0.02781	0.23493	0.07278	0.01864	0.08999	0.01966	0.02952	0.01445	0.01778	0.01176	0.00911	0.00863	0.04698	0.00951	0.00619	0.00462	0.01122
6	0.13298	0.01979	0.01833	0.01553	0.02032	0.13424	0.01231	0.15854	0.02179	0.03103	0.01706	0.02090	0.01414	0.02232	0.18118	0.00504	0.01265	0.00655	0.00548	0.14983
7	0.02056	0.01974	0.03372	0.05099	0.65622	0.01974	0.02550	0.02550	0.01892	0.02714	0.01563	0.02056	0.01316	0.00740	0.00822	0.00247	0.00987	0.00740	0.00411	0.01316
8	0.01097	0.00784	0.01062	0.01254	0.01340	0.00748	0.00919	0.01304	0.01674	0.02216	0.04532	0.54383	0.05308	0.02522	0.01083	0.00349	0.00556	0.17401	0.00770	0.00698
9	0.01585	0.01473	0.02466	0.56208	0.11619	0.01768	0.02222	0.02107	0.01693	0.02200	0.01750	0.05519	0.01484	0.00963	0.00854	0.00281	0.01052	0.03400	0.00409	0.00946
10	0.01821	0.07865	0.49217	0.02373	0.06996	0.07829	0.02667	0.02613	0.01849	0.02586	0.05415	0.02001	0.01492	0.00844	0.00784	0.00253	0.01166	0.00660	0.00397	0.01172
11	0.01642	0.01372	0.01916	0.07335	0.21292	0.01355	0.01452	0.02204	0.08691	0.06487	0.04942	0.04900	0.30242	0.01420	0.00898	0.00269	0.00688	0.01223	0.00656	0.01016
12	0.01187	0.00890	0.01335	0.01335	0.01483	0.01038	0.01038	0.01483	0.01335	0.01928	0.02225	0.03264	0.02077	0.06231	0.67512	0.01335	0.02225	0.00890	0.00445	0.00742
13	0.01759	0.03031	0.34473	0.16800	0.20237	0.01930	0.05086	0.02506	0.01779	0.02549	0.01514	0.01946	0.01140	0.00782	0.00814	0.00262	0.01147	0.00687	0.00373	0.01184
14	0.02759	0.07304	0.03045	0.02363	0.02925	0.39885	0.16476	0.03211	0.05368	0.06521	0.01613	0.01840	0.01257	0.00834	0.00803	0.00234	0.01342	0.00679	0.00483	0.01056
15	0.01207	0.00809	0.00926	0.00926	0.00933	0.00816	0.00528	0.01221	0.01214	0.01626	0.02599	0.05336	0.02976	0.67809	0.07164	0.00830	0.00871	0.01193	0.00501	0.00514
16	0.01208	0.00805	0.00906	0.00906	0.00906	0.00805	0.00503	0.01208	0.01208	0.01611	0.02618	0.05436	0.03020	0.70804	0.04228	0.00805	0.00805	0.01208	0.00503	0.00503
17	0.02549	0.02024	0.02150	0.01788	0.02344	0.02292	0.01432	0.30238	0.37512	0.04253	0.02768	0.02611	0.02040	0.01070	0.00839	0.00267	0.00771	0.00855	0.00839	0.01358
18	0.02109	0.31618	0.31524	0.01938	0.02844	0.09828	0.02176	0.04879	0.01874	0.02384	0.01349	0.01562	0.01073	0.00772	0.00681	0.00222	0.01107	0.00541	0.00379	0.01139
19	0.01283	0.00938	0.01168	0.01263	0.01409	0.00932	0.00929	0.05521	0.04523	0.02420	0.04365	0.40751	0.08310	0.08719	0.01345	0.00379	0.00602	0.13636	0.00752	0.00755
20	0.01724	0.01746	0.01674	0.01596	0.01808	0.18453	0.01233	0.01993	0.01597	0.01960	0.01912	0.02716	0.01755	0.04542	0.46211	0.00984	0.06063	0.00788	0.00436	0.00809
21	0.02003	0.01729	0.01818	0.01641	0.02100	0.01987	0.01275	0.04226	0.60484	0.03403	0.03676	0.03386	0.06204	0.01184	0.00853	0.00282	0.00644	0.00987	0.00841	0.01279
22	0.01377	0.01184	0.01543	0.01486	0.01633	0.05141	0.01167	0.01655	0.01388	0.01943	0.02031	0.02983	0.01897	0.05330	0.55661	0.01150	0.10373	0.00849	0.00434	0.00775
23	0.01723	0.01477	0.01723	0.01230	0.01969	0.01107	0.00984	0.02092	0.01723	0.02707	0.01477	0.01723	0.01230	0.00615	0.00615	0.00123	0.00615	0.00492	0.00492	0.75883
24	0.01187	0.00864	0.01126	0.01102	0.01303	0.00803	0.00854	0.01566	0.02260	0.03143	0.52944	0.06770	0.10970	0.01809	0.01004	0.00280	0.00447	0.09906	0.00884	0.00776
25	0.02392	0.58219	0.03965	0.01561	0.02217	0.15758	0.01457	0.02649	0.01817	0.01970	0.01180	0.01365	0.01067	0.00739	0.00575	0.00185	0.01007	0.00462	0.00369	0.01046
26	0.01024	0.00732	0.00975	0.01148	0.01208	0.00683	0.00772	0.01187	0.01647	0.02211	0.09094	0.65490	0.05669	0.02535	0.01054	0.00332	0.00475	0.02298	0.00782	0.00683
27	0.01038	0.00785	0.00959	0.01041	0.01188	0.00706	0.00733	0.01254	0.01841	0.02413	0.18527	0.38414	0.23561	0.02265	0.01020	0.00305	0.00445	0.02001	0.00802	0.00706
28	0.52786	0.01383	0.01155	0.01037	0.01479	0.01545	0.00840	0.02421	0.01561	0.07720	0.01691	0.01891	0.01288	0.00838	0.00552	0.00241	0.00582	0.00558	0.19529	0.00902
29	0.01388	0.01156	0.01256	0.01239	0.01526	0.01196	0.00920	0.02366	0.24675	0.02663	0.05531	0.22988	0.26107	0.01880	0.00953	0.00296	0.00524	0.01618	0.00799	0.00920
30	0.01193	0.00866	0.01212	0.01212	0.01318	0.00972	0.00885	0.01405	0.01299	0.01838	0.02337	0.03885	0.02346	0.24688	0.49424	0.01184	0.01819	0.00981	0.00462	0.00674
31	0.07712	0.16656	0.02617	0.01883	0.02376	0.43664	0.01492	0.03215	0.08748	0.02284	0.01474	0.01627	0.01214	0.00851	0.00702	0.00217	0.01233	0.00555	0.00464	0.01016
32	0.02309	0.02623	0.02212	0.01988	0.02239	0.31330	0.01558	0.02685	0.06449	0.02113	0.01533	0.02006	0.01350	0.01942	0.12278	0.00449	0.22875	0.00683	0.00442	0.00936
33	0.24688	0.06875	0.08399	0.01262	0.01740	0.04873	0.01147	0.02370	0.01672	0.07177	0.01907	0.02207	0.01496	0.01400	0.07373	0.00340	0.00856	0.00637	0.22649	0.00931

[dist]
# distance from previous block
# <min> <max>
0	18

[block]
# block no. 4 follows, 22 sequences, length 15
# corresponding to MSA columns:
# 342-356
name=unknown_E
#
# <colnr> <probs for GDERKNQSTAVLIFYWHMCP>
#	G	D	E	R	K	N	Q	S	T	A	V	L	I	F	Y	W	H	M	C	P
0	0.02006	0.17859	0.02476	0.01654	0.02032	0.11795	0.01369	0.05288	0.08430	0.02322	0.01831	0.04409	0.01644	0.02307	0.17321	0.00511	0.11323	0.00741	0.00484	0.04200
1	0.01958	0.08340	0.27996	0.02713	0.11629	0.06722	0.12824	0.02811	0.08049	0.02641	0.01680	0.01961	0.01284	0.00790	0.00800	0.00248	0.01128	0.00702	0.00434	0.05292
2	0.07788	0.12220	0.02899	0.03038	0.25839	0.25671	0.01863	0.02921	0.05723	0.02483	0.01486	0.01768	0.01236	0.00803	0.00735	0.00228	0.01113	0.00617	0.00443	0.01125
3	0.01196	0.00800	0.00910	0.00921	0.00924	0.00797	0.00520	0.01205	0.01232	0.01642	0.02738	0.09411	0.03172	0.66622	0.04034	0.00777	0.00786	0.01279	0.00520	0.00514
4	0.01951	0.01372	0.01543	0.03665	0.01839	0.01400	0.01065	0.20025	0.04829	0.08076	0.10667	0.09745	0.22923	0.01543	0.00897	0.00267	0.00622	0.01283	0.05282	0.01007
5	0.09673	0.03154	0.14310	0.11101	0.09070	0.31255	0.01956	0.02790	0.01996	0.02397	0.01637	0.01930	0.03555	0.00869	0.00760	0.00241	0.01221	0.00635	0.00426	0.01025
6	0.01692	0.06191	0.11908	0.07150	0.31808	0.01698	0.02027	0.02168	0.01846	0.02494	0.03363	0.03572	0.18429	0.01117	0.00843	0.00256	0.00871	0.00976	0.00493	0.01099
7	0.01012	0.00723	0.00964	0.01157	0.01205	0.00675	0.00771	0.01157	0.01591	0.02121	0.04579	0.70262	0.05495	0.02603	0.01060	0.00337	0.00482	0.02362	0.00771	0.00675
8	0.02248	0.02057	0.02847	0.22156	0.29621	0.06757	0.02189	0.16416	0.02325	0.03081	0.01618	0.02047	0.01262	0.00833	0.00821	0.00254	0.01041	0.00727	0.00498	0.01202
9	0.02854	0.03277	0.11726	0.02179	0.05379	0.33192	0.01809	0.15586	0.05799	0.07809	0.01735	0.01848	0.01301	0.00898	0.00787	0.00237	0.01211	0.00644	0.00567	0.01163
10	0.01137	0.00899	0.01032	0.01023	0.01255	0.00831	0.00757	0.01565	0.06782	0.02698	0.27194	0.16080	0.31790	0.01961	0.00982	0.00282	0.00438	0.01692	0.00827	0.00773
11	0.01071	0.00748	0.00946	0.01081	0.01115	0.00714	0.00690	0.01172	0.01475	0.01966	0.03985	0.50653	0.04746	0.23234	0.02019	0.00479	0.00580	0.02013	0.00690	0.00623
12	0.02189	0.01280	0.01549	0.01394	0.01781	0.01282	0.01071	0.03089	0.21115	0.22507	0.08889	0.20167	0.06987	0.01561	0.00914	0.00286	0.00595	0.01349	0.00885	0.01111
13	0.02118	0.02187	0.02382	0.11802	0.21765	0.19300	0.01798	0.06706	0.02062	0.02500	0.02178	0.17087	0.02158	0.01216	0.00857	0.00262	0.01023	0.01046	0.00520	0.01032
14	0.02937	0.08707	0.07270	0.02092	0.02614	0.54064	0.01699	0.06824	0.02356	0.02266	0.01333	0.01535	0.01089	0.00849	0.00742	0.00217	0.01399	0.00547	0.00442	0.01017

[dist]
# distance from previous block
# <min> <max>
0	50

[block]
# block no. 5 follows, 22 sequences, length 24
# corresponding to MSA columns:
# 407-430
name=unknown_F
#
# <colnr> <probs for GDERKNQSTAVLIFYWHMCP>
#	G	D	E	R	K	N	Q	S	T	A	V	L	I	F	Y	W	H	M	C	P
0	0.11568	0.01931	0.07386	0.08813	0.32970	0.04273	0.01960	0.02284	0.01818	0.02676	0.02761	0.03037	0.13112	0.01014	0.00807	0.00257	0.00885	0.00873	0.00484	0.01094
1	0.02524	0.33912	0.11617	0.01851	0.02509	0.30409	0.01715	0.02859	0.01980	0.02076	0.01254	0.01458	0.01066	0.00783	0.00658	0.00204	0.01192	0.00505	0.00386	0.01043
2	0.02703	0.01284	0.01663	0.01369	0.01848	0.01193	0.01095	0.03312	0.10431	0.38124	0.22873	0.03932	0.03948	0.01253	0.00882	0.00262	0.00601	0.01060	0.00968	0.01202
3	0.01868	0.07050	0.31157	0.03214	0.16220	0.02070	0.21298	0.02616	0.01842	0.02618	0.01545	0.01941	0.01171	0.00747	0.00840	0.00260	0.01213	0.00743	0.00385	0.01203
4	0.01042	0.00844	0.00925	0.00905	0.01159	0.00727	0.00678	0.01308	0.02035	0.02581	0.25989	0.07441	0.47502	0.01978	0.00981	0.00275	0.00412	0.01676	0.00816	0.00727
5	0.01310	0.01049	0.01579	0.01696	0.06901	0.01222	0.01200	0.01600	0.01371	0.01985	0.02101	0.03154	0.01982	0.08485	0.53876	0.01143	0.07236	0.00880	0.00439	0.00792
6	0.02703	0.01364	0.01743	0.01371	0.01962	0.01155	0.01096	0.03104	0.04719	0.36021	0.02887	0.10830	0.02247	0.01100	0.00796	0.00227	0.00649	0.00923	0.00823	0.24281
7	0.01074	0.00821	0.00985	0.00995	0.01191	0.00732	0.00727	0.01351	0.02035	0.02699	0.32707	0.19751	0.27874	0.02025	0.00997	0.00283	0.00420	0.01765	0.00835	0.00732
8	0.01835	0.01822	0.02086	0.01776	0.02045	0.09918	0.01433	0.02090	0.01533	0.02171	0.01424	0.02023	0.01307	0.02054	0.13992	0.00464	0.30882	0.00674	0.00420	0.20051
9	0.01102	0.00801	0.01049	0.01157	0.01285	0.00748	0.00848	0.01353	0.01866	0.02507	0.20970	0.39064	0.10858	0.02276	0.01046	0.00319	0.00495	0.10727	0.00808	0.00719
10	0.01941	0.02343	0.13880	0.09839	0.44042	0.01969	0.08792	0.02539	0.01857	0.02645	0.01556	0.02039	0.01249	0.00752	0.00834	0.00255	0.01079	0.00744	0.00399	0.01248
