[name]
unknown

[dist]
# distance from previous block
# <min> <max>
0	48

[block]
# block no. 0 follows, 22 sequences, length 17
# corresponding to MSA columns:
# 48-64
name=unknown_A
#
# <colnr> <probs for GDERKNQSTAVLIFYWHMCP>
#	G	D	E	R	K	N	Q	S	T	A	V	L	I	F	Y	W	H	M	C	P
0	0.01339	0.00956	0.01339	0.01530	0.01721	0.00956	0.01339	0.01721	0.01912	0.02486	0.04399	0.09371	0.04781	0.02295	0.01147	0.00382	0.00765	0.60031	0.00765	0.00765
1	0.02056	0.01974	0.03372	0.05099	0.65622	0.01974	0.02550	0.02550	0.01892	0.02714	0.01563	0.02056	0.01316	0.00740	0.00822	0.00247	0.00987	0.00740	0.00411	0.01316
2	0.02815	0.03303	0.02559	0.02755	0.16471	0.45556	0.01795	0.06578	0.05908	0.02448	0.01507	0.01742	0.01228	0.00854	0.00775	0.00227	0.01304	0.00616	0.00471	0.01087
3	0.02108	0.01055	0.01364	0.01170	0.01523	0.00939	0.00902	0.02414	0.02197	0.26478	0.29444	0.05077	0.11821	0.08261	0.01244	0.00315	0.00553	0.01254	0.00900	0.00982
4	0.01286	0.01061	0.01540	0.05174	0.01782	0.01284	0.01192	0.01536	0.01406	0.02002	0.02561	0.19950	0.02700	0.04081	0.34333	0.00834	0.14779	0.01224	0.00508	0.00767
5	0.01549	0.00774	0.00774	0.00774	0.00968	0.00774	0.00581	0.01936	0.01742	0.03097	0.02710	0.03097	0.02129	0.00968	0.00581	0.00194	0.00387	0.00774	0.75416	0.00774
6	0.01108	0.00763	0.00936	0.01034	0.01058	0.00739	0.00640	0.01182	0.01403	0.01870	0.03615	0.38415	0.04279	0.36109	0.02617	0.00567	0.00641	0.01795	0.00640	0.00591
7	0.01152	0.00782	0.00923	0.00978	0.00992	0.00768	0.00580	0.01193	0.01318	0.01757	0.03182	0.24080	0.03732	0.51190	0.03317	0.00671	0.00712	0.01540	0.00580	0.00553
8	0.01395	0.01042	0.01458	0.01396	0.01599	0.01201	0.01096	0.07975	0.01607	0.02278	0.02201	0.03129	0.02007	0.05677	0.60458	0.01220	0.02087	0.00875	0.00486	0.00813
9	0.01146	0.00779	0.00924	0.00985	0.01000	0.00764	0.00588	0.01192	0.01329	0.01772	0.03236	0.25883	0.03801	0.49293	0.03229	0.00658	0.00703	0.01572	0.00588	0.00557
10	0.01497	0.00761	0.00846	0.00857	0.01004	0.00758	0.00619	0.01723	0.01603	0.02715	0.02566	0.06792	0.02185	0.01439	0.01134	0.15134	0.00459	0.00854	0.56366	0.00687
11	0.03103	0.03959	0.02354	0.02140	0.02568	0.67469	0.01605	0.03317	0.02354	0.02033	0.01284	0.01498	0.01070	0.00856	0.00749	0.00214	0.01498	0.00535	0.00428	0.00963
12	0.12036	0.00878	0.01002	0.01088	0.01206	0.00883	0.00737	0.01388	0.01553	0.02355	0.08850	0.41850	0.04533	0.15901	0.01608	0.00413	0.00562	0.01781	0.00693	0.00682
13	0.01327	0.00971	0.01117	0.01004	0.01194	0.00874	0.00642	0.01430	0.01362	0.01921	0.02448	0.08466	0.02717	0.48788	0.03116	0.00603	0.00737	0.01097	0.00517	0.19669
14	0.01078	0.00791	0.00933	0.00994	0.01105	0.00730	0.00662	0.01227	0.01648	0.02149	0.11964	0.28996	0.20297	0.21375	0.01914	0.00445	0.00546	0.01787	0.00713	0.00646
15	0.02369	0.19853	0.06832	0.05699	0.02589	0.05677	0.01694	0.20042	0.08395	0.03114	0.01648	0.01875	0.01317	0.00996	0.01117	0.00257	0.14157	0.00667	0.00546	0.01157
16	0.43068	0.11535	0.02099	0.01593	0.05607	0.05829	0.01244	0.14808	0.02039	0.03638	0.01357	0.01527	0.01060	0.00812	0.00612	0.00242	0.00799	0.00531	0.00546	0.01055

[dist]
# distance from previous block
# <min> <max>
1	4

[block]
# block no. 1 follows, 22 sequences, length 15
# corresponding to MSA columns:
# 69-83
name=unknown_B
#
# <colnr> <probs for GDERKNQSTAVLIFYWHMCP>
#	G	D	E	R	K	N	Q	S	T	A	V	L	I	F	Y	W	H	M	C	P
0	0.01630	0.01539	0.02602	0.60804	0.13247	0.01862	0.02338	0.02176	0.01690	0.02197	0.01487	0.02195	0.01134	0.00819	0.00830	0.00273	0.01092	0.00739	0.00374	0.00972
1	0.02025	0.02060	0.03866	0.04583	0.45845	0.02015	0.21932	0.02586	0.01914	0.02697	0.01601	0.02116	0.01298	0.00727	0.00873	0.00258	0.01120	0.00818	0.00414	0.01253
2	0.02066	0.01785	0.01878	0.01691	0.02160	0.02066	0.01315	0.04414	0.64121	0.03475	0.03381	0.03099	0.02536	0.01127	0.00845	0.00282	0.00657	0.00939	0.00845	0.01315
3	0.01094	0.00802	0.00990	0.01052	0.01153	0.00784	0.00714	0.01239	0.01496	0.01965	0.04377	0.26489	0.16513	0.22753	0.14141	0.00643	0.00882	0.01635	0.00634	0.00643
4	0.01191	0.00873	0.01246	0.01246	0.01364	0.00990	0.00928	0.01427	0.01309	0.01863	0.02306	0.03713	0.02272	0.19575	0.54434	0.01226	0.01932	0.00956	0.00457	0.00692
5	0.02515	0.03003	0.02412	0.23659	0.03558	0.41604	0.01847	0.02837	0.02052	0.02060	0.01332	0.01752	0.01084	0.00891	0.00918	0.00245	0.06264	0.00614	0.00404	0.00946
6	0.01684	0.00945	0.01240	0.01244	0.01461	0.00880	0.00900	0.02010	0.05128	0.16465	0.10614	0.45098	0.04827	0.02082	0.00991	0.00309	0.00531	0.01859	0.00847	0.00883
7	0.02183	0.02293	0.03000	0.16171	0.41606	0.15486	0.02310	0.02630	0.01945	0.02465	0.01489	0.01970	0.01227	0.00781	0.00809	0.00245	0.01115	0.00697	0.00407	0.01171
8	0.01144	0.00927	0.01141	0.01238	0.05832	0.00829	0.00836	0.01453	0.02092	0.02751	0.32594	0.06788	0.35698	0.01829	0.00969	0.00270	0.00449	0.01571	0.00808	0.00782
9	0.02110	0.02244	0.02785	0.29563	0.27151	0.17312	0.02232	0.02561	0.01909	0.02320	0.01463	0.01988	0.01176	0.00803	0.00808	0.00251	0.01155	0.00691	0.00399	0.01078
10	0.01979	0.01896	0.03233	0.15127	0.56193	0.01954	0.02511	0.02482	0.01855	0.02621	0.01549	0.02081	0.01283	0.00754	0.00824	0.00251	0.01006	0.00740	0.00405	0.01254
11	0.01532	0.00982	0.01191	0.01062	0.01396	0.00855	0.00820	0.01841	0.02095	0.12320	0.27319	0.05885	0.27387	0.01858	0.03789	0.00303	0.00546	0.01390	0.00826	0.06602
12	0.06603	0.01999	0.02261	0.07149	0.15513	0.08588	0.01589	0.15069	0.08005	0.03216	0.02270	0.02446	0.06270	0.00931	0.00775	0.00230	0.00871	0.00754	0.00585	0.14875
13	0.02433	0.12136	0.02750	0.18680	0.08090	0.32947	0.01841	0.02757	0.01980	0.02094	0.01321	0.01718	0.01099	0.00864	0.00888	0.00238	0.06173	0.00602	0.00398	0.00990
14	0.20269	0.01686	0.01459	0.06439	0.01951	0.13367	0.01074	0.02214	0.01920	0.07311	0.11549	0.07447	0.17565	0.01346	0.00806	0.00261	0.00746	0.01065	0.00651	0.00876

[dist]
# distance from previous block
# <min> <max>
1	20

[block]
# block no. 2 follows, 22 sequences, length 6
# corresponding to MSA columns:
# 104-109
name=unknown_C
#
# <colnr> <probs for GDERKNQSTAVLIFYWHMCP>
#	G	D	E	R	K	N	Q	S	T	A	V	L	I	F	Y	W	H	M	C	P
0	0.02109	0.05825	0.17522	0.14240	0.21089	0.11089	0.02298	0.06711	0.06287	0.02685	0.01628	0.01971	0.01265	0.00825	0.00795	0.00251	0.01102	0.00683	0.00448	0.01175
1	0.02498	0.02831	0.02184	0.01938	0.02268	0.36302	0.01508	0.08642	0.02174	0.02362	0.02147	0.02425	0.08166	0.01443	0.05075	0.00321	0.15520	0.00750	0.00493	0.00955
2	0.01942	0.01827	0.02937	0.19721	0.41810	0.01957	0.02306	0.02730	0.11231	0.02688	0.01817	0.02251	0.01451	0.00820	0.00828	0.00259	0.00966	0.00770	0.00467	0.01222
3	0.01020	0.00754	0.00954	0.01092	0.01193	0.00688	0.00747	0.01196	0.01706	0.02241	0.10172	0.54033	0.16282	0.02441	0.01040	0.00321	0.00464	0.02184	0.00783	0.00688
4	0.01622	0.01567	0.01768	0.01652	0.01808	0.11414	0.01304	0.01879	0.01474	0.01961	0.01821	0.02664	0.01697	0.04318	0.42495	0.00942	0.17578	0.00799	0.00424	0.00814
5	0.02385	0.19980	0.07189	0.01860	0.02352	0.19293	0.01631	0.11635	0.02128	0.02545	0.01824	0.02061	0.05538	0.01044	0.01128	0.00249	0.14963	0.00673	0.00476	0.01046

[dist]
# distance from previous block
# <min> <max>
1	4

[block]
# block no. 3 follows, 22 sequences, length 35
# corresponding to MSA columns:
# 114-148
name=unknown_D
#
# <colnr> <probs for GDERKNQSTAVLIFYWHMCP>
#	G	D	E	R	K	N	Q	S	T	A	V	L	I	F	Y	W	H	M	C	P
0	0.17203	0.28853	0.14809	0.01703	0.02403	0.18060	0.01668	0.02703	0.01804	0.02453	0.01249	0.01454	0.01031	0.00772	0.00628	0.00218	0.01048	0.00499	0.00404	0.01038
1	0.06042	0.44808	0.06564	0.01640	0.02287	0.13017	0.01534	0.08256	0.01971	0.02395	0.01267	0.01462	0.01091	0.00799	0.00701	0.00206	0.03957	0.00507	0.00419	0.01075
2	0.02765	0.03396	0.02404	0.02151	0.02466	0.50385	0.01661	0.02970	0.02070	0.02024	0.01233	0.01582	0.01075	0.01013	0.01269	0.00253	0.19335	0.00586	0.00411	0.00949
3	0.01187	0.00890	0.01335	0.01335	0.01483	0.01038	0.01038	0.01483	0.01335	0.01928	0.02225	0.03264	0.02077	0.06231	0.67512	0.01335	0.02225	0.00890	0.00445	0.00742
4	0.12830	0.02757	0.02281	0.01877	0.02446	0.23338	0.01498	0.35756	0.03079	0.04008	0.01656	0.01750	0.01235	0.00922	0.00763	0.00239	0.01066	0.00640	0.00660	0.01201
5	0.01404	0.01262	0.02284	0.07539	0.02523	0.01360	0.15834	0.01818	0.01512	0.02120	0.02032	0.02931	0.01800	0.04456	0.46018	0.00994	0.01934	0.00899	0.00433	0.00847
6	0.01069	0.00747	0.00947	0.01084	0.01118	0.00713	0.00693	0.01172	0.01479	0.01972	0.04006	0.51340	0.04772	0.22511	0.01985	0.00474	0.00576	0.02025	0.00693	0.00625
7	0.02019	0.46919	0.26970	0.01766	0.02665	0.02793	0.02021	0.02540	0.01712	0.02201	0.01277	0.01486	0.01061	0.00739	0.00626	0.00209	0.01012	0.00506	0.00354	0.01125
8	0.01718	0.02171	0.15132	0.03458	0.34544	0.01669	0.05750	0.02248	0.01869	0.02583	0.03191	0.03425	0.16523	0.01073	0.00863	0.00260	0.00923	0.00972	0.00486	0.01141
9	0.20835	0.02414	0.02009	0.01675	0.02214	0.17724	0.01339	0.28657	0.02757	0.03848	0.02173	0.02235	0.06697	0.01004	0.00747	0.00245	0.00945	0.00711	0.00653	0.01120
10	0.01569	0.01477	0.02492	0.68808	0.05722	0.01846	0.02307	0.02123	0.01661	0.02123	0.01477	0.02215	0.01107	0.00831	0.00831	0.00277	0.01107	0.00738	0.00369	0.00923
11	0.02893	0.20027	0.02831	0.01969	0.02464	0.52156	0.01561	0.03119	0.02195	0.02014	0.01253	0.01459	0.01069	0.00821	0.00698	0.00205	0.01353	0.00513	0.00411	0.00988
12	0.03037	0.03145	0.02319	0.01974	0.02481	0.38492	0.01537	0.26362	0.02922	0.03337	0.01641	0.01781	0.01263	0.00917	0.00771	0.00227	0.01208	0.00631	0.04828	0.01127
13	0.01666	0.04297	0.66500	0.02368	0.03596	0.01929	0.03069	0.02631	0.01754	0.02631	0.01491	0.01754	0.01052	0.00789	0.00789	0.00263	0.01228	0.00614	0.00351	0.01228
14	0.01187	0.00890	0.01335	0.01335	0.01483	0.01038	0.01038	0.01483	0.01335	0.01928	0.02225	0.03264	0.02077	0.06231	0.67512	0.01335	0.02225	0.00890	0.00445	0.00742
15	0.02009	0.04217	0.51196	0.02313	0.03350	0.17566	0.02720	0.02795	0.01897	0.02488	0.01442	0.01693	0.01057	0.00805	0.00780	0.00251	0.01292	0.00595	0.00369	0.01165
16	0.02042	0.40433	0.29549	0.01845	0.02751	0.06156	0.02102	0.02590	0.01750	0.02234	0.01299	0.01513	0.01061	0.00750	0.00649	0.00214	0.01059	0.00518	0.00357	0.01126
17	0.00982	0.00842	0.00842	0.00842	0.01122	0.00701	0.00631	0.01192	0.01894	0.02244	0.08416	0.07995	0.65285	0.02104	0.00982	0.00281	0.00421	0.01753	0.00771	0.00701
18	0.01012	0.00723	0.00964	0.01157	0.01205	0.00675	0.00771	0.01157	0.01591	0.02121	0.04579	0.70262	0.05495	0.02603	0.01060	0.00337	0.00482	0.02362	0.00771	0.00675
19	0.02978	0.13559	0.02639	0.02038	0.02506	0.58320	0.01579	0.03199	0.02259	0.02022	0.01266	0.01475	0.01070	0.00835	0.00718	0.00209	0.01411	0.00522	0.00418	0.00978
20	0.01823	0.23191	0.48976	0.02101	0.03183	0.02312	0.02605	0.02590	0.01735	0.02440	0.01396	0.01635	0.01056	0.00767	0.00717	0.00239	0.01132	0.00566	0.00352	0.01182
21	0.00982	0.00842	0.00842	0.00842	0.01122	0.00701	0.00631	0.01192	0.01894	0.02244	0.08416	0.07995	0.65285	0.02104	0.00982	0.00281	0.00421	0.01753	0.00771	0.00701
22	0.00982	0.00842	0.00842	0.00842	0.01122	0.00701	0.00631	0.01192	0.01894	0.02244	0.08416	0.07995	0.65285	0.02104	0.00982	0.00281	0.00421	0.01753	0.00771	0.00701
23	0.01514	0.01377	0.01526	0.01474	0.01655	0.10585	0.01144	0.01797	0.01496	0.02003	0.02047	0.02918	0.01877	0.04934	0.51005	0.01064	0.06007	0.00824	0.03969	0.00785
24	0.01693	0.07564	0.63470	0.02322	0.03524	0.01996	0.02989	0.02624	0.01751	0.02598	0.01474	0.01733	0.01053	0.00785	0.00777	0.00259	0.01211	0.00606	0.00351	0.01220
25	0.01187	0.00890	0.01335	0.01335	0.01483	0.01038	0.01038	0.01483	0.01335	0.01928	0.02225	0.03264	0.02077	0.06231	0.67512	0.01335	0.02225	0.00890	0.00445	0.00742
26	0.01840	0.04054	0.61057	0.02293	0.03471	0.01870	0.02914	0.02750	0.01807	0.07989	0.01641	0.01844	0.01137	0.00809	0.00793	0.00263	0.01184	0.00633	0.00408	0.01243
27	0.01798	0.03496	0.44415	0.03242	0.22108	0.01952	0.06089	0.02608	0.01806	0.02657	0.01522	0.01870	0.01142	0.00770	0.00809	0.00259	0.01165	0.00671	0.00372	0.01248
28	0.01700	0.04097	0.61073	0.02603	0.08928	0.01933	0.03025	0.02624	0.01766	0.02638	0.01497	0.01780	0.01075	0.00785	0.00792	0.00262	0.01207	0.00625	0.00356	0.01235
29	0.02072	0.03085	0.31140	0.03174	0.21171	0.02074	0.08369	0.13381	0.02198	0.03123	0.01620	0.01930	0.01212	0.00804	0.00825	0.00258	0.01120	0.00709	0.00461	0.01276
30	0.01838	0.01756	0.02902	0.23281	0.36613	0.01963	0.02305	0.02292	0.01726	0.02417	0.01593	0.04802	0.01391	0.00940	0.01099	0.00275	0.10481	0.00803	0.00407	0.01118
31	0.01921	0.02485	0.18358	0.09924	0.45674	0.01952	0.02653	0.02532	0.01839	0.02643	0.01538	0.01998	0.01235	0.00760	0.00815	0.00253	0.01055	0.00710	0.00393	0.01261
32	0.01974	0.02179	0.08539	0.19090	0.43015	0.05821	0.02483	0.02506	0.01855	0.02533	0.01521	0.02033	0.01232	0.00772	0.00817	0.00253	0.01065	0.00717	0.00398	0.01199
33	0.02260	0.06886	0.12186	0.03786	0.37976	0.17671	0.02332	0.02741	0.01970	0.02495	0.01462	0.01837	0.01205	0.00773	0.00783	0.00237	0.01137	0.00656	0.00403	0.01204
34	0.06250	0.07985	0.08771	0.03546	0.37812	0.01901	0.02116	0.02751	0.01936	0.13200	0.04543	0.02236	0.01653	0.00833	0.00787	0.00245	0.00910	0.00737	0.00530	0.01257

[dist]
# distance from previous block
# <min> <max>
29	69

[block]
# block no. 4 follows, 22 sequences, length 41
# corresponding to MSA columns:
# 224-264
name=unknown_E
#
# <colnr> <probs for GDERKNQSTAVLIFYWHMCP>
#	G	D	E	R	K	N	Q	S	T	A	V	L	I	F	Y	W	H	M	C	P
0	0.10463	0.11422	0.21867	0.02154	0.08401	0.11752	0.01960	0.03050	0.09467	0.09224	0.01802	0.01921	0.01348	0.00849	0.00736	0.00245	0.01017	0.00637	0.00516	0.01170
1	0.02593	0.01867	0.02073	0.01619	0.02182	0.01955	0.01298	0.38575	0.02982	0.07305	0.02066	0.02493	0.01654	0.09876	0.05144	0.00362	0.00918	0.00776	0.00722	0.13543
2	0.01970	0.01663	0.01829	0.01893	0.08708	0.06431	0.01274	0.14902	0.15401	0.03046	0.02980	0.21458	0.02941	0.10061	0.01310	0.00346	0.00778	0.01274	0.00702	0.01032
3	0.01751	0.01507	0.02192	0.02208	0.12593	0.04951	0.08878	0.01973	0.01667	0.02283	0.01929	0.03185	0.01824	0.01535	0.01507	0.21091	0.00875	0.09484	0.00470	0.18096
4	0.01783	0.02555	0.20951	0.20038	0.11941	0.01998	0.19769	0.02462	0.01778	0.02483	0.01527	0.02052	0.01161	0.00807	0.00971	0.00275	0.05180	0.00773	0.00384	0.01111
5	0.02039	0.35733	0.19335	0.02668	0.20006	0.02592	0.02137	0.02540	0.01760	0.02330	0.01350	0.01636	0.01132	0.00738	0.00676	0.00218	0.00999	0.00568	0.00370	0.01175
6	0.01666	0.04297	0.66500	0.02368	0.03596	0.01929	0.03069	0.02631	0.01754	0.02631	0.01491	0.01754	0.01052	0.00789	0.00789	0.00263	0.01228	0.00614	0.00351	0.01228
7	0.00982	0.00842	0.00842	0.00842	0.01122	0.00701	0.00631	0.01192	0.01894	0.02244	0.08416	0.07995	0.65285	0.02104	0.00982	0.00281	0.00421	0.01753	0.00771	0.00701
8	0.01877	0.02599	0.22023	0.04035	0.43350	0.01886	0.02591	0.02494	0.01851	0.02662	0.01945	0.02316	0.05006	0.00835	0.00822	0.00254	0.01025	0.00762	0.00414	0.01253
9	0.01569	0.01477	0.02492	0.68808	0.05722	0.01846	0.02307	0.02123	0.01661	0.02123	0.01477	0.02215	0.01107	0.00831	0.00831	0.00277	0.01107	0.00738	0.00369	0.00923
10	0.00982	0.00842	0.00842	0.00842	0.01122	0.00701	0.00631	0.01192	0.01894	0.02244	0.08416	0.07995	0.65285	0.02104	0.00982	0.00281	0.00421	0.01753	0.00771	0.00701
11	0.02125	0.03816	0.37979	0.02698	0.11018	0.20024	0.05520	0.02812	0.01947	0.02478	0.01452	0.01745	0.01100	0.00797	0.00792	0.00248	0.01281	0.00626	0.00383	0.01160
12	0.02093	0.02155	0.03291	0.14032	0.42936	0.09440	0.08889	0.02586	0.01918	0.02543	0.01531	0.02036	0.01251	0.00762	0.00832	0.00251	0.01108	0.00742	0.00408	0.01196
13	0.01189	0.00924	0.01392	0.01338	0.01462	0.00893	0.07374	0.01355	0.01490	0.02001	0.03486	0.37774	0.04028	0.24958	0.05960	0.00543	0.00789	0.01749	0.00627	0.00671
14	0.02056	0.01974	0.03372	0.05099	0.65622	0.01974	0.02550	0.02550	0.01892	0.02714	0.01563	0.02056	0.01316	0.00740	0.00822	0.00247	0.00987	0.00740	0.00411	0.01316
15	0.02125	0.03396	0.30461	0.10035	0.14712	0.16739	0.02487	0.05750	0.02012	0.02587	0.01481	0.01813	0.01128	0.00810	0.00793	0.00250	0.01216	0.00639	0.00405	0.01160
16	0.03045	0.03848	0.02411	0.02305	0.06089	0.63812	0.01658	0.03274	0.02328	0.02071	0.01300	0.01529	0.01084	0.00850	0.00753	0.00216	0.01470	0.00547	0.00427	0.00983
17	0.07388	0.03822	0.02288	0.02079	0.02512	0.63648	0.01564	0.03266	0.02299	0.02132	0.01277	0.01489	0.01060	0.00851	0.00735	0.00217	0.01448	0.00530	0.00433	0.00959
18	0.01080	0.00799	0.00933	0.01010	0.01127	0.00739	0.00687	0.01219	0.01597	0.02037	0.05215	0.28156	0.23575	0.21937	0.01948	0.00456	0.00574	0.05577	0.00694	0.00640
19	0.01032	0.00739	0.00982	0.01143	0.01209	0.00688	0.00773	0.01208	0.01685	0.02270	0.12072	0.62342	0.05784	0.02491	0.01050	0.00328	0.00471	0.02255	0.00789	0.00688
20	0.03109	0.03783	0.02369	0.02115	0.02569	0.60463	0.01602	0.09745	0.02522	0.02379	0.01361	0.01552	0.01107	0.00871	0.00758	0.00218	0.01435	0.00558	0.00472	0.01012
21	0.01008	0.00738	0.00949	0.01118	0.01195	0.00678	0.00754	0.01161	0.01628	0.02136	0.05053	0.62563	0.12887	0.02541	0.01051	0.00330	0.00474	0.02286	0.00771	0.00678
22	0.01506	0.00778	0.00791	0.00791	0.00960	0.00778	0.00571	0.01846	0.01676	0.02913	0.02699	0.03386	0.02239	0.09603	0.01032	0.00269	0.00439	0.00828	0.66153	0.00741
23	0.02860	0.22538	0.02906	0.01942	0.02448	0.49764	0.01554	0.03088	0.02170	0.02011	0.01248	0.01452	0.01069	0.00816	0.00689	0.00204	0.01330	0.00510	0.00408	0.00992
24	0.01003	0.00757	0.00929	0.01067	0.01181	0.00682	0.00731	0.01167	0.01677	0.02156	0.05676	0.52449	0.22599	0.02460	0.01038	0.00321	0.00464	0.02188	0.00771	0.00682
25	0.03103	0.03959	0.02354	0.02140	0.02568	0.67469	0.01605	0.03317	0.02354	0.02033	0.01284	0.01498	0.01070	0.00856	0.00749	0.00214	0.01498	0.00535	0.00428	0.00963
26	0.01203	0.00885	0.01310	0.01310	0.01460	0.01027	0.01018	0.01504	0.01353	0.01981	0.02247	0.03256	0.02079	0.05993	0.64492	0.01284	0.02142	0.00885	0.03828	0.00743
27	0.02221	0.71304	0.04353	0.01421	0.02132	0.03287	0.01421	0.02488	0.01688	0.01955	0.01155	0.01333	0.01066	0.00711	0.00533	0.00178	0.00888	0.00444	0.00355	0.01066
28	0.01061	0.00803	0.00962	0.01005	0.01169	0.00723	0.00712	0.01289	0.01885	0.02476	0.23062	0.27354	0.25749	0.06417	0.01208	0.00326	0.00456	0.01843	0.00796	0.00704
29	0.01110	0.00856	0.01156	0.01281	0.01324	0.00902	0.00899	0.01259	0.01552	0.02106	0.04154	0.61930	0.04958	0.02463	0.01263	0.00341	0.08858	0.02163	0.00722	0.00703
30	0.02768	0.02952	0.02562	0.10657	0.12672	0.33506	0.01830	0.17622	0.02578	0.02933	0.01524	0.01793	0.01196	0.00870	0.00790	0.00235	0.01229	0.00644	0.00517	0.01123
31	0.01057	0.00779	0.00999	0.01145	0.01257	0.00720	0.00819	0.01257	0.01725	0.02258	0.08797	0.48717	0.15339	0.02429	0.01053	0.00329	0.00502	0.09341	0.00779	0.00697
32	0.01472	0.00849	0.01137	0.01196	0.01358	0.00776	0.00846	0.01673	0.01805	0.12664	0.11244	0.52043	0.05202	0.02244	0.01015	0.00316	0.00508	0.02016	0.00829	0.00807
33	0.01034	0.00757	0.00972	0.01101	0.01200	0.00695	0.00756	0.01224	0.01745	0.02322	0.14387	0.52809	0.13135	0.02403	0.01038	0.00319	0.00461	0.02155	0.00793	0.00695
34	0.02306	0.02481	0.03020	0.09437	0.43382	0.20031	0.02269	0.02727	0.02001	0.02478	0.01479	0.01915	0.01231	0.00779	0.00803	0.00240	0.01138	0.00683	0.00412	0.01187
35	0.02260	0.02442	0.05449	0.03634	0.36228	0.15603	0.02108	0.03116	0.15440	0.02734	0.01895	0.02153	0.01518	0.00850	0.00811	0.00248	0.01032	0.00735	0.00506	0.01239
36	0.02118	0.06405	0.42642	0.02270	0.03298	0.02174	0.06098	0.19240	0.02357	0.03323	0.01627	0.01832	0.01165	0.00838	0.00801	0.00257	0.01137	0.00665	0.00488	0.01266
37	0.01300	0.01068	0.01628	0.02244	0.18975	0.01033	0.01262	0.01541	0.01674	0.02284	0.03747	0.51446	0.04342	0.02089	0.00995	0.00312	0.00621	0.01914	0.00672	0.00852
38	0.01883	0.02074	0.13130	0.03556	0.37749	0.01661	0.02171	0.02422	0.01997	0.06166	0.15857	0.02974	0.02769	0.00977	0.00853	0.00253	0.00879	0.00895	0.00546	0.01188
39	0.16415	0.25711	0.18249	0.01859	0.05527	0.12039	0.01776	0.02604	0.01786	0.02559	0.03766	0.01687	0.01307	0.00803	0.00655	0.00225	0.00999	0.00555	0.00420	0.01059
40	0.01591	0.02932	0.34268	0.01798	0.02553	0.08551	0.02004	0.02181	0.01835	0.02396	0.03583	0.04072	0.18844	0.05151	0.01050	0.00300	0.00987	0.04409	0.00506	0.00989

[dist]
# distance from previous block
# <min> <max>
0	6

[block]
# block no. 5 follows, 22 sequences, length 21
# corresponding to MSA columns:
# 271-291
name=unknown_F
#
# <colnr> <probs for GDERKNQSTAVLIFYWHMCP>
#	G	D	E	R	K	N	Q	S	T	A	V	L	I	F	Y	W	H	M	C	P
0	0.02183	0.29435	0.10798	0.05796	0.03028	0.09913	0.15125	0.06620	0.01962	0.02422	0.01444	0.01777	0.01178	0.01006	0.03708	0.00276	0.01181	0.00648	0.00414	0.01085
1	0.02159	0.21590	0.24250	0.02304	0.09733	0.17310	0.02113	0.02672	0.01864	0.02280	0.01406	0.01708	0.01151	0.01108	0.04758	0.00292	0.01233	0.00581	0.00382	0.01104
2	0.11297	0.03243	0.37625	0.02224	0.06678	0.02039	0.02344	0.12079	0.08980	0.03267	0.01741	0.01908	0.01269	0.00854	0.00770	0.00261	0.01029	0.00658	0.00504	0.01230
3	0.02230	0.61811	0.09252	0.01541	0.02277	0.07066	0.01566	0.02549	0.01734	0.02014	0.01190	0.01377	0.01065	0.00726	0.00567	0.00187	0.00953	0.00463	0.00359	0.01073
4	0.13847	0.11431	0.24153	0.02311	0.10010	0.20006	0.02076	0.02763	0.01873	0.02568	0.01351	0.01606	0.01066	0.00790	0.00709	0.00237	0.01143	0.00561	0.00405	0.01095
5	0.02213	0.02516	0.02997	0.02453	0.02755	0.20865	0.14805	0.02515	0.01727	0.02151	0.01272	0.01818	0.01121	0.01123	0.01791	0.00303	0.35485	0.00727	0.00394	0.00970
6	0.01187	0.00890	0.01335	0.01335	0.01483	0.01038	0.01038	0.01483	0.01335	0.01928	0.02225	0.03264	0.02077	0.06231	0.67512	0.01335	0.02225	0.00890	0.00445	0.00742
7	0.03103	0.03959	0.02354	0.02140	0.02568	0.67469	0.01605	0.03317	0.02354	0.02033	0.01284	0.01498	0.01070	0.00856	0.00749	0.00214	0.01498	0.00535	0.00428	0.00963
8	0.01985	0.01942	0.03432	0.12850	0.51360	0.01972	0.09191	0.02509	0.01871	0.02635	0.01565	0.02096	0.01284	0.00747	0.00841	0.00254	0.01048	0.00767	0.00407	0.01245
9	0.01108	0.00855	0.01001	0.00998	0.01219	0.00767	0.00758	0.01391	0.02021	0.02632	0.28603	0.07319	0.33249	0.06446	0.01211	0.00319	0.00473	0.08099	0.00806	0.00726
10	0.03158	0.02327	0.02493	0.01911	0.02576	0.02576	0.01579	0.62852	0.03906	0.05236	0.01995	0.01995	0.01413	0.00997	0.00831	0.00249	0.00914	0.00748	0.00831	0.01413
11	0.01037	0.00740	0.00992	0.01185	0.01244	0.00696	0.00814	0.01199	0.01615	0.02148	0.04565	0.65708	0.05441	0.02580	0.01067	0.00341	0.00503	0.06675	0.00771	0.00682
12	0.01177	0.00792	0.00915	0.00946	0.00953	0.00785	0.00546	0.01200	0.01268	0.01691	0.02927	0.15665	0.03411	0.60043	0.03728	0.00732	0.00754	0.01390	0.00546	0.00530
13	0.01012	0.00723	0.00964	0.01157	0.01205	0.00675	0.00771	0.01157	0.01591	0.02121	0.04579	0.70262	0.05495	0.02603	0.01060	0.00337	0.00482	0.02362	0.00771	0.00675
14	0.01666	0.04297	0.66500	0.02368	0.03596	0.01929	0.03069	0.02631	0.01754	0.02631	0.01491	0.01754	0.01052	0.00789	0.00789	0.00263	0.01228	0.00614	0.00351	0.01228
15	0.01923	0.01578	0.01868	0.12834	0.02610	0.01769	0.01420	0.13735	0.25292	0.03308	0.07143	0.04171	0.10002	0.01325	0.00896	0.00284	0.00747	0.07238	0.00750	0.01106
16	0.01865	0.02910	0.24954	0.03132	0.04099	0.02045	0.43225	0.02651	0.01893	0.02651	0.01619	0.02082	0.01193	0.00729	0.00918	0.00275	0.01344	0.00861	0.00398	0.01155
17	0.08980	0.01386	0.01613	0.01406	0.01810	0.05469	0.04243	0.02503	0.05524	0.17380	0.18700	0.04925	0.13306	0.01449	0.00900	0.00275	0.00672	0.07671	0.00803	0.00982
18	0.10330	0.07160	0.12636	0.02210	0.06300	0.19241	0.08922	0.02544	0.01885	0.02474	0.01925	0.07984	0.01813	0.01112	0.00900	0.00267	0.04148	0.06672	0.00477	0.00998
19	0.06456	0.02159	0.02547	0.16523	0.24254	0.13730	0.01943	0.08552	0.05757	0.02791	0.02067	0.02389	0.05449	0.00918	0.00806	0.00252	0.01021	0.00765	0.00502	0.01118
20	0.02428	0.02411	0.02763	0.11350	0.24100	0.16795	0.02028	0.14890	0.02307	0.02922	0.01524	0.01911	0.01229	0.00910	0.01024	0.00257	0.08805	0.00694	0.00490	0.01162

[dist]
# distance from previous block
# <min> <max>
0	58

[block]
# block no. 6 follows, 22 sequences, length 85
# corresponding to MSA columns:
# 350-434
name=unknown_G
#
# <colnr> <probs for GDERKNQSTAVLIFYWHMCP>
#	G	D	E	R	K	N	Q	S	T	A	V	L	I	F	Y	W	H	M	C	P
0	0.05305	0.06886	0.34978	0.02242	0.06479	0.08278	0.02319	0.02769	0.08668	0.02643	0.01867	0.02474	0.01530	0.00979	0.00890	0.00269	0.04380	0.05448	0.00458	0.01141
1	0.02198	0.32214	0.14785	0.02021	0.08563	0.07082	0.01800	0.08532	0.01991	0.02576	0.01388	0.01605	0.01143	0.00754	0.00662	0.00203	0.00970	0.00546	0.00430	0.10538
2	0.02804	0.18926	0.02902	0.02263	0.08542	0.46717	0.01655	0.03057	0.02160	0.02081	0.01282	0.01515	0.01093	0.00812	0.00708	0.00209	0.01312	0.00534	0.00410	0.01020
3	0.01096	0.00783	0.01058	0.01239	0.01327	0.00745	0.00904	0.01307	0.01700	0.02261	0.07308	0.53146	0.05435	0.02490	0.01077	0.00344	0.00544	0.15758	0.00776	0.00701
4	0.01306	0.00852	0.01151	0.01151	0.01314	0.00952	0.00888	0.01632	0.01469	0.02313	0.02385	0.03209	0.02094	0.04500	0.45501	0.00960	0.01621	0.00852	0.25101	0.00752
5	0.00982	0.00842	0.00842	0.00842	0.01122	0.00701	0.00631	0.01192	0.01894	0.02244	0.08416	0.07995	0.65285	0.02104	0.00982	0.00281	0.00421	0.01753	0.00771	0.00701
6	0.02108	0.57679	0.16991	0.01614	0.02430	0.03011	0.01757	0.02517	0.01701	0.02092	0.01223	0.01418	0.01063	0.00727	0.00585	0.00195	0.00957	0.00479	0.00354	0.01099
7	0.02221	0.71304	0.04353	0.01421	0.02132	0.03287	0.01421	0.02488	0.01688	0.01955	0.01155	0.01333	0.01066	0.00711	0.00533	0.00178	0.00888	0.00444	0.00355	0.01066
8	0.03154	0.02442	0.02483	0.01927	0.02576	0.07136	0.01581	0.58669	0.03797	0.05011	0.01945	0.01960	0.01389	0.00987	0.00825	0.00247	0.00955	0.00733	0.00803	0.01381
9	0.01079	0.00813	0.00998	0.01020	0.01199	0.00732	0.00739	0.01356	0.02024	0.02713	0.33589	0.23841	0.22762	0.02050	0.01002	0.00287	0.00424	0.01800	0.00837	0.00732
10	0.76672	0.01607	0.01221	0.01092	0.01607	0.01864	0.00900	0.02442	0.01414	0.03727	0.01157	0.01350	0.00900	0.00771	0.00514	0.00257	0.00643	0.00450	0.00514	0.00900
11	0.01569	0.01477	0.02492	0.68808	0.05722	0.01846	0.02307	0.02123	0.01661	0.02123	0.01477	0.02215	0.01107	0.00831	0.00831	0.00277	0.01107	0.00738	0.00369	0.00923
12	0.01187	0.00890	0.01335	0.01335	0.01483	0.01038	0.01038	0.01483	0.01335	0.01928	0.02225	0.03264	0.02077	0.06231	0.67512	0.01335	0.02225	0.00890	0.00445	0.00742
13	0.01142	0.00778	0.00926	0.00991	0.01007	0.00761	0.00594	0.01191	0.01337	0.01783	0.03280	0.27349	0.03857	0.47751	0.03157	0.00647	0.00696	0.01598	0.00594	0.00561
14	0.01043	0.00780	0.00956	0.01044	0.01176	0.00708	0.00725	0.01242	0.01787	0.02346	0.16375	0.39611	0.21168	0.05593	0.01178	0.00332	0.00466	0.01995	0.00784	0.00693
15	0.02619	0.03064	0.02753	0.06803	0.26985	0.38810	0.02005	0.02959	0.02140	0.02300	0.01401	0.01751	0.01167	0.00810	0.00782	0.00230	0.01281	0.00625	0.00418	0.01097
16	0.01251	0.00866	0.01011	0.01036	0.01274	0.00759	0.00774	0.01472	0.01873	0.07571	0.09105	0.24259	0.37335	0.02144	0.01002	0.00300	0.00484	0.05925	0.00798	0.00761
17	0.02309	0.64606	0.04154	0.01493	0.02176	0.09671	0.01440	0.02570	0.01754	0.01962	0.01168	0.01349	0.01066	0.00725	0.00555	0.00181	0.00949	0.00453	0.00363	0.01056
18	0.05730	0.20491	0.08488	0.02406	0.15041	0.16917	0.01775	0.03003	0.04471	0.11750	0.01695	0.01842	0.01313	0.00822	0.00718	0.00226	0.01028	0.00616	0.00508	0.01161
19	0.02464	0.15480	0.09109	0.09091	0.07278	0.31645	0.01807	0.05532	0.02118	0.02292	0.01714	0.01959	0.04351	0.00882	0.00743	0.00226	0.01204	0.00633	0.00436	0.01036
20	0.01197	0.00826	0.00965	0.01002	0.01057	0.00811	0.00648	0.01278	0.01390	0.01819	0.03492	0.09531	0.08979	0.51359	0.03335	0.00674	0.00749	0.09742	0.00579	0.00567
21	0.01011	0.00843	0.00882	0.00872	0.01140	0.00714	0.00654	0.01249	0.01963	0.02409	0.17028	0.07723	0.56570	0.02042	0.00982	0.00278	0.00416	0.01715	0.00793	0.00714
22	0.02597	0.03691	0.15608	0.02381	0.03010	0.42237	0.10580	0.03030	0.02131	0.02241	0.01374	0.01669	0.01094	0.00846	0.00875	0.00240	0.04328	0.00622	0.00409	0.01036
23	0.02694	0.02096	0.02232	0.01818	0.02399	0.02359	0.01467	0.38007	0.29507	0.04487	0.02584	0.02464	0.01890	0.01052	0.00837	0.00263	0.00805	0.00829	0.00837	0.01371
24	0.00982	0.00842	0.00842	0.00842	0.01122	0.00701	0.00631	0.01192	0.01894	0.02244	0.08416	0.07995	0.65285	0.02104	0.00982	0.00281	0.00421	0.01753	0.00771	0.00701
25	0.02962	0.02229	0.02383	0.01872	0.02501	0.02484	0.01531	0.52338	0.14740	0.04919	0.02244	0.02193	0.01615	0.01021	0.00834	0.00255	0.00868	0.00782	0.00834	0.01395
26	0.01989	0.03729	0.52692	0.02317	0.03431	0.01837	0.06982	0.02841	0.01860	0.11964	0.01766	0.01946	0.01214	0.00818	0.00809	0.00263	0.01163	0.00672	0.00455	0.01248
27	0.01931	0.01846	0.03146	0.21477	0.50223	0.01941	0.02487	0.02440	0.01832	0.02562	0.01541	0.02097	0.01262	0.00763	0.00825	0.00254	0.01018	0.00740	0.00400	0.01215
28	0.01666	0.04297	0.66500	0.02368	0.03596	0.01929	0.03069	0.02631	0.01754	0.02631	0.01491	0.01754	0.01052	0.00789	0.00789	0.00263	0.01228	0.00614	0.00351	0.01228
29	0.01076	0.00750	0.00945	0.01075	0.01108	0.00717	0.00684	0.01173	0.01466	0.01955	0.03942	0.49217	0.04691	0.24744	0.02089	0.00489	0.00587	0.01987	0.00684	0.00619
30	0.01818	0.01818	0.02545	0.02181	0.02181	0.02545	0.01818	0.01999	0.01272	0.01999	0.01091	0.01818	0.01091	0.01454	0.02726	0.00364	0.69284	0.00727	0.00364	0.00909
31	0.01625	0.01378	0.01281	0.01190	0.01400	0.11016	0.00859	0.04944	0.02092	0.02806	0.29964	0.04706	0.04653	0.17370	0.01636	0.00370	0.00682	0.01157	0.10093	0.00778
32	0.01056	0.00742	0.00951	0.01100	0.01138	0.00704	0.00711	0.01168	0.01504	0.02006	0.04138	0.55678	0.04938	0.17947	0.01773	0.00443	0.00555	0.02102	0.00711	0.00636
33	0.01835	0.01769	0.03070	0.33161	0.35665	0.01924	0.05859	0.02367	0.01794	0.02450	0.01531	0.02137	0.01221	0.00778	0.00835	0.00262	0.01064	0.00753	0.00393	0.01131
34	0.03103	0.03959	0.02354	0.02140	0.02568	0.67469	0.01605	0.03317	0.02354	0.02033	0.01284	0.01498	0.01070	0.00856	0.00749	0.00214	0.01498	0.00535	0.00428	0.00963
35	0.01674	0.06242	0.20180	0.15896	0.05742	0.01776	0.08293	0.05469	0.04421	0.02634	0.06066	0.03266	0.12676	0.01082	0.00852	0.00265	0.00970	0.00936	0.00512	0.01047
36	0.01102	0.00880	0.01010	0.01074	0.01325	0.00787	0.00870	0.01371	0.01900	0.02326	0.07058	0.08460	0.44834	0.02168	0.01038	0.00315	0.00537	0.21452	0.00769	0.00723
37	0.01394	0.01195	0.01733	0.01613	0.01713	0.01534	0.01295	0.01653	0.01314	0.01952	0.01852	0.02788	0.01752	0.04660	0.46206	0.01016	0.24279	0.00836	0.00418	0.00797
38	0.01945	0.01860	0.03171	0.19637	0.51953	0.01945	0.02494	0.02452	0.01839	0.02579	0.01543	0.02092	0.01268	0.00761	0.00824	0.00254	0.01014	0.00740	0.00402	0.01226
39	0.02451	0.02589	0.02833	0.02880	0.16776	0.21636	0.06157	0.11114	0.02151	0.02672	0.01423	0.01831	0.01192	0.00999	0.01323	0.00271	0.19444	0.00694	0.00463	0.01102
40	0.01243	0.00997	0.01062	0.00989	0.01295	0.00911	0.00757	0.07666	0.02185	0.02751	0.17963	0.07050	0.48313	0.01916	0.00966	0.00274	0.00467	0.01604	0.00803	0.00790
41	0.00982	0.00842	0.00842	0.00842	0.01122	0.00701	0.00631	0.01192	0.01894	0.02244	0.08416	0.07995	0.65285	0.02104	0.00982	0.00281	0.00421	0.01753	0.00771	0.00701
42	0.01268	0.00989	0.01407	0.01362	0.01465	0.01182	0.01038	0.01497	0.01305	0.01880	0.02156	0.03476	0.02125	0.17261	0.48148	0.01120	0.10228	0.00927	0.00445	0.00719
43	0.01012	0.00723	0.00964	0.01157	0.01205	0.00675	0.00771	0.01157	0.01591	0.02121	0.04579	0.70262	0.05495	0.02603	0.01060	0.00337	0.00482	0.02362	0.00771	0.00675
44	0.02056	0.01974	0.03372	0.05099	0.65622	0.01974	0.02550	0.02550	0.01892	0.02714	0.01563	0.02056	0.01316	0.00740	0.00822	0.00247	0.00987	0.00740	0.00411	0.01316
45	0.01187	0.00890	0.01335	0.01335	0.01483	0.01038	0.01038	0.01483	0.01335	0.01928	0.02225	0.03264	0.02077	0.06231	0.67512	0.01335	0.02225	0.00890	0.00445	0.00742
46	0.01956	0.02070	0.03667	0.18494	0.21364	0.05751	0.25755	0.02511	0.01860	0.02484	0.01548	0.02119	0.01222	0.00789	0.00982	0.00271	0.04821	0.00821	0.00404	0.01110
47	0.01177	0.00881	0.01314	0.01325	0.01468	0.01018	0.01023	0.01465	0.01350	0.01939	0.02359	0.07076	0.02271	0.06024	0.63731	0.01278	0.02126	0.00974	0.00464	0.00738
48	0.01012	0.00723	0.00964	0.01157	0.01205	0.00675	0.00771	0.01157	0.01591	0.02121	0.04579	0.70262	0.05495	0.02603	0.01060	0.00337	0.00482	0.02362	0.00771	0.00675
49	0.01919	0.01834	0.03125	0.22963	0.48826	0.01938	0.02482	0.02430	0.01827	0.02548	0.01538	0.02101	0.01257	0.00766	0.00825	0.00255	0.01021	0.00740	0.00399	0.01206
50	0.02851	0.02600	0.02697	0.02816	0.19449	0.17021	0.01845	0.33312	0.03018	0.03840	0.01719	0.01899	0.01310	0.00897	0.00810	0.00241	0.01065	0.00698	0.00628	0.01286
51	0.01187	0.00890	0.01335	0.01335	0.01483	0.01038	0.01038	0.01483	0.01335	0.01928	0.02225	0.03264	0.02077	0.06231	0.67512	0.01335	0.02225	0.00890	0.00445	0.00742
52	0.02056	0.01974	0.03372	0.05099	0.65622	0.01974	0.02550	0.02550	0.01892	0.02714	0.01563	0.02056	0.01316	0.00740	0.00822	0.00247	0.00987	0.00740	0.00411	0.01316
53	0.02686	0.02372	0.05597	0.01861	0.02444	0.10507	0.01554	0.28894	0.21894	0.06817	0.02464	0.02610	0.01867	0.01065	0.00836	0.00262	0.00911	0.03306	0.00765	0.01288
54	0.03350	0.01431	0.01860	0.01470	0.02069	0.01304	0.01200	0.03935	0.10557	0.54221	0.03584	0.03158	0.05718	0.01103	0.00845	0.00262	0.00684	0.00901	0.00989	0.01360
55	0.00982	0.00842	0.00842	0.00842	0.01122	0.00701	0.00631	0.01192	0.01894	0.02244	0.08416	0.07995	0.65285	0.02104	0.00982	0.00281	0.00421	0.01753	0.00771	0.00701
56	0.01896	0.11475	0.09230	0.02450	0.02882	0.02469	0.18154	0.02299	0.01556	0.02228	0.01294	0.01860	0.01129	0.01092	0.01789	0.00307	0.35752	0.00747	0.00376	0.01016
57	0.02821	0.09650	0.10736	0.02067	0.02713	0.28859	0.07739	0.03297	0.04817	0.16666	0.01875	0.01956	0.01371	0.00869	0.00780	0.00236	0.01182	0.00665	0.00563	0.01138
58	0.01180	0.00780	0.01039	0.01154	0.01258	0.00722	0.00796	0.01377	0.01763	0.05621	0.15035	0.55677	0.05725	0.02365	0.01035	0.00320	0.00478	0.02134	0.00809	0.00732
59	0.02056	0.01974	0.03372	0.05099	0.65622	0.01974	0.02550	0.02550	0.01892	0.02714	0.01563	0.02056	0.01316	0.00740	0.00822	0.00247	0.00987	0.00740	0.00411	0.01316
60	0.09748	0.02103	0.04105	0.03684	0.20647	0.02042	0.39937	0.02608	0.01885	0.02786	0.01594	0.02098	0.01238	0.00718	0.00889	0.00269	0.01210	0.00860	0.00428	0.01150
61	0.01472	0.01763	0.13447	0.02355	0.18889	0.01295	0.01652	0.01964	0.02036	0.02871	0.28014	0.07858	0.10279	0.01365	0.00908	0.00264	0.00709	0.01208	0.00657	0.00992
62	0.02270	0.02018	0.03112	0.08859	0.47229	0.02100	0.02314	0.16086	0.02329	0.03240	0.01654	0.02053	0.01323	0.00804	0.00825	0.00249	0.00979	0.00742	0.00503	0.01310
63	0.01886	0.02922	0.27921	0.03713	0.28868	0.01984	0.15441	0.02604	0.01853	0.02671	0.01560	0.01979	0.01203	0.00751	0.00843	0.00260	0.01167	0.00742	0.00390	0.01241
64	0.01910	0.01695	0.02022	0.02272	0.15893	0.05002	0.01448	0.03184	0.29639	0.03150	0.13865	0.03281	0.03061	0.01097	0.00833	0.00254	0.00707	0.00945	0.04967	0.04771
65	0.01891	0.01806	0.03074	0.26634	0.45375	0.01931	0.02468	0.02405	0.01814	0.02514	0.01534	0.02110	0.01245	0.00771	0.00825	0.00257	0.01028	0.00740	0.00397	0.01183
66	0.02230	0.01748	0.01883	0.01670	0.02156	0.01983	0.01306	0.04378	0.58038	0.09655	0.03371	0.03073	0.02489	0.01117	0.00844	0.00279	0.00662	0.00929	0.00863	0.01325
67	0.01757	0.03735	0.50813	0.02939	0.14808	0.01949	0.07160	0.02618	0.01793	0.02648	0.01517	0.01843	0.01114	0.00774	0.00809	0.00261	0.01197	0.00662	0.00367	0.01236
68	0.01770	0.03142	0.35104	0.02534	0.03379	0.02064	0.16450	0.02473	0.01694	0.02503	0.01446	0.01879	0.01117	0.00906	0.01250	0.00282	0.16175	0.00718	0.00376	0.04737
69	0.00982	0.00842	0.00842	0.00842	0.01122	0.00701	0.00631	0.01192	0.01894	0.02244	0.08416	0.07995	0.65285	0.02104	0.00982	0.00281	0.00421	0.01753	0.00771	0.00701
70	0.03103	0.03959	0.02354	0.02140	0.02568	0.67469	0.01605	0.03317	0.02354	0.02033	0.01284	0.01498	0.01070	0.00856	0.00749	0.00214	0.01498	0.00535	0.00428	0.00963
71	0.02056	0.01974	0.03372	0.05099	0.65622	0.01974	0.02550	0.02550	0.01892	0.02714	0.01563	0.02056	0.01316	0.00740	0.00822	0.00247	0.00987	0.00740	0.00411	0.01316
72	0.01773	0.01752	0.02460	0.02122	0.02132	0.02439	0.01763	0.01963	0.01277	0.01994	0.01170	0.01919	0.01160	0.01790	0.07279	0.00432	0.64572	0.00738	0.00369	0.00897
73	0.01176	0.00849	0.01110	0.01045	0.01241	0.00784	0.00784	0.01568	0.02352	0.03331	0.65184	0.06206	0.07839	0.01698	0.00980	0.00261	0.00392	0.01502	0.00914	0.00784
74	0.03003	0.02532	0.09143	0.01959	0.02682	0.02509	0.01734	0.56596	0.03682	0.04965	0.01942	0.01970	0.01375	0.00976	0.00827	0.00251	0.00947	0.00734	0.00781	0.01394
75	0.01105	0.00802	0.01042	0.01077	0.01222	0.00739	0.00771	0.01395	0.02043	0.02823	0.39611	0.30292	0.09865	0.02058	0.01010	0.00291	0.00427	0.01837	0.00854	0.00739
76	0.01176	0.00849	0.01110	0.01045	0.01241	0.00784	0.00784	0.01568	0.02352	0.03331	0.65184	0.06206	0.07839	0.01698	0.00980	0.00261	0.00392	0.01502	0.00914	0.00784
77	0.01313	0.01076	0.01577	0.01504	0.01623	0.01340	0.01194	0.01587	0.01323	0.01943	0.01998	0.02974	0.01879	0.05274	0.54543	0.01141	0.15649	0.00857	0.00429	0.00775
78	0.01666	0.04297	0.66500	0.02368	0.03596	0.01929	0.03069	0.02631	0.01754	0.02631	0.01491	0.01754	0.01052	0.00789	0.00789	0.00263	0.01228	0.00614	0.00351	0.01228
79	0.18752	0.29162	0.28191	0.01721	0.02592	0.02431	0.01955	0.02534	0.01652	0.02620	0.01288	0.01503	0.01023	0.00755	0.00630	0.00229	0.00967	0.00512	0.00389	0.01092
80	0.22228	0.30177	0.12753	0.01609	0.02296	0.14244	0.01569	0.02647	0.01745	0.02548	0.01231	0.01432	0.01020	0.00765	0.00606	0.00219	0.00985	0.00488	0.00410	0.01028
81	0.05815	0.23986	0.31366	0.01906	0.02801	0.08987	0.02127	0.02796	0.01844	0.09023	0.01538	0.01693	0.01155	0.00796	0.00700	0.00231	0.01071	0.00570	0.00438	0.01155
82	0.02521	0.21567	0.09568	0.02107	0.06900	0.29770	0.01735	0.05860	0.02085	0.02331	0.01383	0.01631	0.01151	0.00840	0.00781	0.00219	0.04085	0.00563	0.03846	0.01055
83	0.16613	0.15895	0.28286	0.01978	0.02835	0.08739	0.06303	0.05730	0.01860	0.02796	0.01382	0.01618	0.01060	0.00782	0.00700	0.00242	0.01074	0.00575	0.00421	0.01110
84	0.02010	0.10715	0.30095	0.06059	0.08542	0.05853	0.10369	0.08575	0.02035	0.02759	0.01646	0.02156	0.01302	0.00856	0.00808	0.00256	0.01151	0.03205	0.00436	0.01171

[dist]
# distance from previous block
# <min> <max>
15	113

[block]
# block no. 7 follows, 22 sequences, length 91
# corresponding to MSA columns:
# 549-639
name=unknown_H
#
# <colnr> <probs for GDERKNQSTAVLIFYWHMCP>
#	G	D	E	R	K	N	Q	S	T	A	V	L	I	F	Y	W	H	M	C	P
0	0.01962	0.06738	0.02438	0.02135	0.10494	0.15388	0.08451	0.02330	0.02003	0.02534	0.10364	0.03062	0.09592	0.01012	0.00797	0.00216	0.00908	0.00864	0.00537	0.18173
1	0.02736	0.07644	0.02397	0.01939	0.02372	0.36036	0.01521	0.16601	0.02488	0.02760	0.01677	0.05967	0.01476	0.01308	0.04371	0.00296	0.06116	0.00723	0.00533	0.01040
2	0.02588	0.18179	0.06670	0.01836	0.02399	0.24910	0.01576	0.17336	0.02417	0.02818	0.01561	0.01822	0.01279	0.01537	0.09208	0.00360	0.01296	0.00617	0.00507	0.01084
3	0.05160	0.24299	0.08872	0.01632	0.02219	0.02218	0.04022	0.16984	0.02262	0.03046	0.06196	0.14942	0.02427	0.01212	0.00777	0.00247	0.00830	0.00989	0.00596	0.01070
4	0.07654	0.19003	0.13918	0.01900	0.02583	0.24601	0.01765	0.14222	0.02327	0.02840	0.01416	0.01589	0.01119	0.00832	0.00706	0.00224	0.01143	0.00562	0.00480	0.01114
5	0.01831	0.06786	0.13195	0.01810	0.06269	0.05617	0.01530	0.09523	0.02007	0.02748	0.02382	0.20899	0.02398	0.01277	0.00812	0.00240	0.00818	0.01083	0.00569	0.18206
6	0.10718	0.08827	0.32514	0.02155	0.03013	0.13390	0.08339	0.02649	0.01808	0.02561	0.01454	0.01771	0.01123	0.01120	0.04875	0.00315	0.01259	0.00622	0.00397	0.01090
7	0.02446	0.07901	0.14068	0.02311	0.02977	0.28868	0.13356	0.08159	0.02195	0.02527	0.01516	0.01841	0.01205	0.01200	0.05538	0.00315	0.01391	0.00671	0.00445	0.01070
8	0.01111	0.01015	0.05468	0.01281	0.01451	0.00811	0.01016	0.01357	0.01679	0.02228	0.04611	0.50597	0.09319	0.02391	0.01052	0.00336	0.00577	0.12229	0.00742	0.00730
9	0.01668	0.03781	0.54609	0.02608	0.10746	0.01849	0.02852	0.02521	0.01759	0.02606	0.01709	0.06439	0.01385	0.00907	0.00812	0.00266	0.01149	0.00747	0.00386	0.01201
10	0.02066	0.02141	0.03509	0.08067	0.24846	0.06681	0.23020	0.02938	0.12755	0.02740	0.01894	0.02273	0.01477	0.00808	0.00876	0.00264	0.01117	0.00843	0.00488	0.01196
11	0.01259	0.01167	0.01354	0.06076	0.09704	0.04065	0.01043	0.01525	0.01880	0.02278	0.06503	0.10394	0.46096	0.01817	0.00945	0.00276	0.00594	0.01536	0.00682	0.00805
12	0.07325	0.54467	0.03713	0.01436	0.02100	0.02939	0.01363	0.02802	0.09636	0.05276	0.01537	0.01628	0.01288	0.00783	0.00586	0.00200	0.00834	0.00526	0.00460	0.01103
