[name]
unknown

[dist]
# distance from previous block
# <min> <max>
298	722

[block]
# block no. 0 follows, 22 sequences, length 7
# corresponding to MSA columns:
# 854-860
name=unknown_A
#
# <colnr> <probs for GDERKNQSTAVLIFYWHMCP>
#	G	D	E	R	K	N	Q	S	T	A	V	L	I	F	Y	W	H	M	C	P
0	0.01823	0.02029	0.10502	0.04067	0.46680	0.01736	0.02294	0.02310	0.01821	0.02598	0.02093	0.14210	0.02031	0.01079	0.00861	0.00265	0.00926	0.01015	0.00468	0.01191
1	0.08871	0.04485	0.02000	0.07798	0.06098	0.18936	0.01376	0.06688	0.09313	0.02463	0.01646	0.02085	0.01374	0.01433	0.01435	0.20976	0.00981	0.00669	0.00486	0.00887
2	0.02355	0.11693	0.08176	0.01725	0.02156	0.34914	0.01420	0.02607	0.01927	0.02040	0.01657	0.02460	0.01557	0.16405	0.01491	0.00345	0.01184	0.00693	0.04307	0.00889
3	0.07389	0.27490	0.03080	0.01943	0.05906	0.25081	0.01543	0.13563	0.02308	0.02723	0.01373	0.01550	0.01133	0.00817	0.00676	0.00212	0.01093	0.00547	0.00479	0.01096
4	0.01993	0.01578	0.01751	0.05773	0.02135	0.04839	0.01248	0.16335	0.15089	0.05628	0.06599	0.15190	0.06648	0.02027	0.08875	0.00405	0.00916	0.01187	0.00737	0.01050
5	0.17968	0.01197	0.01288	0.01248	0.01465	0.04726	0.00942	0.01744	0.01384	0.02275	0.02009	0.03135	0.01932	0.16279	0.37837	0.00942	0.01583	0.00831	0.00470	0.00746
6	0.19617	0.02299	0.06217	0.04922	0.11740	0.14199	0.06576	0.04661	0.01842	0.02827	0.01452	0.01814	0.01172	0.00868	0.00929	0.00252	0.08379	0.00636	0.05296	0.04304

[dist]
# distance from previous block
# <min> <max>
28	115

[block]
# block no. 1 follows, 22 sequences, length 15
# corresponding to MSA columns:
# 1007-1021
name=unknown_B
#
# <colnr> <probs for GDERKNQSTAVLIFYWHMCP>
#	G	D	E	R	K	N	Q	S	T	A	V	L	I	F	Y	W	H	M	C	P
0	0.02847	0.11935	0.02745	0.05035	0.08210	0.33247	0.01687	0.19068	0.02615	0.02946	0.01491	0.01689	0.01185	0.00864	0.00753	0.00224	0.01201	0.00607	0.00523	0.01127
1	0.02832	0.06231	0.02432	0.02322	0.14961	0.09518	0.01568	0.12657	0.05269	0.23821	0.07888	0.02606	0.02166	0.00990	0.00817	0.00245	0.00870	0.00807	0.00742	0.01259
2	0.02358	0.06167	0.13087	0.11120	0.07405	0.26616	0.02026	0.06410	0.02030	0.02378	0.01370	0.01745	0.01113	0.00929	0.01074	0.00256	0.11823	0.00628	0.00418	0.01049
3	0.01695	0.01201	0.01231	0.01139	0.01419	0.06769	0.00842	0.01931	0.02001	0.12854	0.18191	0.10745	0.24005	0.10636	0.01362	0.00339	0.00612	0.01417	0.00779	0.00832
4	0.01229	0.01047	0.01665	0.01536	0.01724	0.01028	0.10407	0.01466	0.01653	0.02217	0.06597	0.43035	0.08953	0.07523	0.01390	0.00359	0.04868	0.01874	0.00677	0.00751
5	0.02319	0.33603	0.18895	0.02055	0.07610	0.09303	0.01929	0.06855	0.01983	0.06291	0.01468	0.01645	0.01167	0.00786	0.00679	0.00217	0.01032	0.00563	0.00439	0.01159
6	0.01170	0.00916	0.01084	0.01115	0.01360	0.00849	0.00892	0.01560	0.04655	0.02602	0.19466	0.07780	0.33141	0.02027	0.01022	0.00305	0.00521	0.17968	0.00804	0.00763
7	0.01012	0.00723	0.00964	0.01157	0.01205	0.00675	0.00771	0.01157	0.01591	0.02121	0.04579	0.70262	0.05495	0.02603	0.01060	0.00337	0.00482	0.02362	0.00771	0.00675
8	0.03158	0.02327	0.02493	0.01911	0.02576	0.02576	0.01579	0.62852	0.03906	0.05236	0.01995	0.01995	0.01413	0.00997	0.00831	0.00249	0.00914	0.00748	0.00831	0.01413
9	0.02046	0.02255	0.06161	0.09027	0.31219	0.07895	0.16417	0.02552	0.01856	0.02511	0.01503	0.02022	0.01228	0.00830	0.01066	0.00268	0.08811	0.00771	0.00404	0.01158
10	0.01386	0.00826	0.01027	0.01027	0.01200	0.00893	0.00787	0.01732	0.01559	0.02570	0.02492	0.03172	0.02106	0.03340	0.30748	0.00708	0.01216	0.00826	0.41626	0.00760
11	0.01080	0.00792	0.00976	0.01096	0.01205	0.00738	0.00770	0.01246	0.01635	0.02111	0.05066	0.38279	0.17955	0.13636	0.01574	0.00408	0.00558	0.09485	0.00727	0.00664
12	0.02679	0.03060	0.02464	0.02641	0.15430	0.40305	0.01735	0.07721	0.04805	0.02474	0.01567	0.01875	0.01297	0.01334	0.06727	0.00326	0.01378	0.00642	0.00475	0.01066
13	0.02455	0.02315	0.02180	0.02140	0.10371	0.17854	0.01492	0.22637	0.07589	0.03399	0.06148	0.03178	0.12333	0.01159	0.00844	0.00249	0.00937	0.00915	0.00674	0.01133
14	0.01095	0.00845	0.01111	0.07098	0.01600	0.00811	0.00883	0.01350	0.01843	0.02440	0.19800	0.36092	0.17713	0.02124	0.01004	0.00302	0.00504	0.01886	0.00770	0.00729

[dist]
# distance from previous block
# <min> <max>
0	4

[block]
# block no. 2 follows, 22 sequences, length 14
# corresponding to MSA columns:
# 1026-1039
name=unknown_C
#
# <colnr> <probs for GDERKNQSTAVLIFYWHMCP>
#	G	D	E	R	K	N	Q	S	T	A	V	L	I	F	Y	W	H	M	C	P
0	0.02080	0.02318	0.05470	0.13121	0.22432	0.13561	0.14136	0.02727	0.06983	0.02528	0.02031	0.02404	0.04701	0.00871	0.00851	0.00257	0.01131	0.00816	0.00462	0.01120
1	0.76672	0.01607	0.01221	0.01092	0.01607	0.01864	0.00900	0.02442	0.01414	0.03727	0.01157	0.01350	0.00900	0.00771	0.00514	0.00257	0.00643	0.00450	0.00514	0.00900
2	0.04366	0.01647	0.01489	0.01407	0.01738	0.12952	0.01082	0.02526	0.14984	0.05812	0.14172	0.10209	0.16135	0.01572	0.00909	0.00277	0.00713	0.06323	0.00752	0.00934
3	0.13151	0.05859	0.02099	0.01718	0.02082	0.15645	0.01405	0.08106	0.01999	0.08499	0.02309	0.03008	0.06241	0.01244	0.01231	0.00282	0.16618	0.06937	0.00574	0.00990
4	0.02303	0.65061	0.04168	0.01488	0.02173	0.09237	0.01438	0.02564	0.01750	0.01962	0.01167	0.01348	0.01066	0.00724	0.00553	0.00181	0.00945	0.00453	0.00362	0.01057
5	0.01240	0.00955	0.01237	0.01268	0.01455	0.00901	0.00937	0.01455	0.01626	0.02247	0.03714	0.42097	0.04269	0.05535	0.01242	0.00331	0.04289	0.10455	0.00685	0.14061
6	0.02908	0.02515	0.02548	0.02705	0.18615	0.20725	0.01759	0.17081	0.05604	0.14424	0.01976	0.02070	0.01459	0.00903	0.00807	0.00242	0.01051	0.00710	0.00644	0.01255
7	0.02206	0.01453	0.03973	0.01607	0.05341	0.01340	0.01255	0.06114	0.13199	0.20983	0.04568	0.04953	0.19054	0.01466	0.00913	0.00283	0.00675	0.08677	0.00826	0.01113
8	0.01138	0.00841	0.01016	0.01095	0.01243	0.00788	0.00811	0.01341	0.01711	0.02195	0.08404	0.18724	0.22264	0.17988	0.01782	0.00435	0.00604	0.16232	0.00716	0.00671
9	0.01605	0.01490	0.01549	0.01485	0.01677	0.12927	0.01151	0.01887	0.01550	0.02060	0.02024	0.02833	0.01834	0.04454	0.44915	0.00962	0.06609	0.00805	0.07386	0.00796
10	0.02593	0.03541	0.13665	0.02819	0.14779	0.40042	0.05605	0.03016	0.02141	0.02301	0.01395	0.01691	0.01125	0.00814	0.00783	0.00232	0.01349	0.00613	0.00411	0.01084
11	0.02429	0.01926	0.12512	0.01999	0.08683	0.01475	0.04511	0.03142	0.10381	0.26669	0.03665	0.03502	0.13084	0.01149	0.00861	0.00266	0.00796	0.00974	0.00757	0.01220
12	0.01244	0.01039	0.01486	0.01984	0.15971	0.00980	0.01145	0.01485	0.01735	0.02287	0.04836	0.39189	0.19339	0.02052	0.00986	0.00302	0.00583	0.01839	0.00689	0.00829
13	0.01592	0.01216	0.01410	0.01391	0.01629	0.01293	0.01024	0.10555	0.16695	0.02859	0.03789	0.37030	0.04015	0.06777	0.01204	0.00347	0.00622	0.04853	0.00778	0.00922

[dist]
# distance from previous block
# <min> <max>
4	10

[block]
# block no. 3 follows, 22 sequences, length 15
# corresponding to MSA columns:
# 1051-1065
name=unknown_D
#
# <colnr> <probs for GDERKNQSTAVLIFYWHMCP>
#	G	D	E	R	K	N	Q	S	T	A	V	L	I	F	Y	W	H	M	C	P
0	0.02540	0.02823	0.02504	0.10452	0.15958	0.33955	0.01830	0.08599	0.02235	0.02485	0.01517	0.01904	0.01249	0.01324	0.06768	0.00332	0.01355	0.00654	0.00458	0.01055
1	0.01768	0.03658	0.48530	0.02987	0.15066	0.01955	0.09135	0.02619	0.01801	0.02649	0.01524	0.01860	0.01122	0.00771	0.00815	0.00262	0.01201	0.00675	0.00369	0.01233
2	0.01835	0.01264	0.01529	0.01440	0.01755	0.01305	0.01140	0.12186	0.10885	0.08432	0.14974	0.19410	0.04408	0.01773	0.00978	0.00304	0.00640	0.13920	0.00838	0.00985
3	0.01039	0.00782	0.00966	0.01079	0.01215	0.00709	0.00766	0.01239	0.01768	0.02294	0.11493	0.43040	0.22451	0.02357	0.01036	0.00317	0.00473	0.05493	0.00785	0.00698
4	0.01877	0.01441	0.02244	0.15109	0.21997	0.01496	0.01833	0.02406	0.04657	0.09464	0.07436	0.04587	0.02880	0.01315	0.00930	0.00294	0.00857	0.17494	0.00627	0.01058
5	0.02634	0.02775	0.02303	0.02194	0.07590	0.32140	0.01589	0.16818	0.02450	0.02820	0.01628	0.01983	0.01347	0.01843	0.12476	0.00427	0.04733	0.00673	0.00521	0.01057
6	0.01038	0.00793	0.00953	0.01020	0.01183	0.00708	0.00724	0.01261	0.01868	0.02434	0.19421	0.33837	0.27316	0.02224	0.01014	0.00300	0.00440	0.01954	0.00803	0.00708
7	0.01010	0.00733	0.00954	0.01131	0.01198	0.00677	0.00760	0.01160	0.01616	0.02131	0.04897	0.65100	0.10451	0.02561	0.01054	0.00333	0.00477	0.02311	0.00771	0.00677
8	0.02965	0.14841	0.02699	0.01995	0.02497	0.49333	0.01572	0.10138	0.02426	0.02394	0.01346	0.01529	0.01109	0.00849	0.00723	0.00212	0.01330	0.00545	0.00463	0.01033
9	0.16050	0.05237	0.02335	0.02422	0.16275	0.12864	0.01591	0.09013	0.20076	0.03219	0.01993	0.02099	0.01551	0.00900	0.00749	0.00251	0.00901	0.00699	0.00597	0.01180
10	0.01041	0.00873	0.01016	0.07003	0.01552	0.00798	0.00811	0.01268	0.01808	0.02207	0.06975	0.20763	0.46774	0.02096	0.00985	0.00292	0.00495	0.01792	0.00735	0.00716
11	0.02390	0.02607	0.03047	0.04156	0.45518	0.22857	0.02248	0.02794	0.02039	0.02497	0.01474	0.01878	0.01238	0.00777	0.00799	0.00236	0.01150	0.00675	0.00417	0.01203
12	0.01890	0.26277	0.09847	0.02195	0.14259	0.07963	0.01650	0.02246	0.01798	0.02236	0.02545	0.13508	0.08039	0.01183	0.00766	0.00240	0.00887	0.00969	0.00481	0.01023
13	0.08939	0.10016	0.13659	0.01464	0.02009	0.01659	0.01390	0.12361	0.02082	0.02915	0.03688	0.17348	0.16307	0.01484	0.00839	0.00269	0.00743	0.01218	0.00631	0.00977
14	0.01791	0.08641	0.21119	0.01994	0.02705	0.01917	0.08949	0.02983	0.21686	0.02798	0.02921	0.03498	0.06771	0.01142	0.00860	0.00278	0.00925	0.07291	0.00594	0.01139

[dist]
# distance from previous block
# <min> <max>
11	219

[block]
# block no. 4 follows, 22 sequences, length 39
# corresponding to MSA columns:
# 1329-1367
name=unknown_E
#
# <colnr> <probs for GDERKNQSTAVLIFYWHMCP>
#	G	D	E	R	K	N	Q	S	T	A	V	L	I	F	Y	W	H	M	C	P
0	0.02157	0.02359	0.12852	0.02710	0.12086	0.02039	0.15272	0.16829	0.05581	0.03278	0.01884	0.02410	0.01503	0.00921	0.00948	0.00260	0.04462	0.03703	0.00549	0.08198
1	0.07380	0.07591	0.02379	0.13667	0.09210	0.18685	0.01644	0.08169	0.02045	0.02628	0.03852	0.04512	0.01608	0.01154	0.03081	0.00284	0.06131	0.00736	0.04243	0.01001
2	0.01798	0.04083	0.01686	0.01601	0.06623	0.08956	0.01152	0.09330	0.02307	0.05273	0.18275	0.05320	0.22439	0.01551	0.00915	0.00266	0.00700	0.06057	0.00737	0.00930
3	0.02142	0.01682	0.08487	0.02069	0.13089	0.01360	0.01463	0.06600	0.01959	0.16932	0.02581	0.13227	0.02346	0.11220	0.01325	0.00330	0.00791	0.01037	0.00653	0.10707
4	0.01223	0.01081	0.01442	0.03737	0.01638	0.01108	0.05197	0.01439	0.01677	0.02132	0.05485	0.11975	0.35034	0.11838	0.01693	0.00373	0.10055	0.01499	0.00637	0.00736
5	0.01247	0.00903	0.01107	0.01114	0.01171	0.00970	0.00759	0.01370	0.01418	0.01991	0.03326	0.21151	0.07554	0.31277	0.05268	0.00561	0.08528	0.01423	0.08217	0.00644
6	0.01979	0.01852	0.02206	0.17351	0.12638	0.10245	0.01661	0.09608	0.04944	0.02547	0.01997	0.07194	0.01868	0.13278	0.01577	0.00364	0.06290	0.00913	0.00512	0.00976
7	0.01912	0.02343	0.11245	0.02991	0.18228	0.11215	0.15545	0.02422	0.01813	0.02391	0.01710	0.02288	0.01430	0.02167	0.18001	0.00532	0.01503	0.00787	0.00417	0.01062
8	0.12568	0.01333	0.01484	0.01363	0.01684	0.01437	0.01049	0.18519	0.02220	0.03253	0.06232	0.24726	0.06208	0.02386	0.11225	0.00450	0.00888	0.01337	0.00707	0.00929
9	0.15305	0.02352	0.14959	0.06110	0.23956	0.02001	0.02080	0.11056	0.06326	0.05630	0.01722	0.01972	0.01306	0.00832	0.00765	0.00256	0.00936	0.00683	0.00527	0.01224
10	0.02045	0.24069	0.03629	0.03529	0.35996	0.02321	0.06249	0.02471	0.01833	0.02449	0.01667	0.02421	0.01508	0.00852	0.00767	0.00238	0.00966	0.05389	0.00422	0.01179
11	0.07031	0.36463	0.03076	0.01504	0.01967	0.02556	0.01332	0.08340	0.01788	0.02409	0.01696	0.09113	0.01700	0.05859	0.01212	0.00279	0.11442	0.00776	0.00470	0.00986
12	0.01730	0.14691	0.23684	0.02021	0.02654	0.02172	0.06832	0.02227	0.01647	0.02286	0.02338	0.02638	0.10359	0.01141	0.01319	0.00280	0.19726	0.00809	0.00421	0.01027
13	0.02257	0.10362	0.23851	0.02226	0.03064	0.06750	0.10831	0.16653	0.10130	0.03223	0.01820	0.01985	0.01353	0.00862	0.00803	0.00252	0.01092	0.00715	0.00538	0.01230
14	0.01364	0.01118	0.01280	0.01268	0.01542	0.01170	0.00971	0.02219	0.20010	0.02558	0.05104	0.14928	0.23616	0.02545	0.11293	0.00461	0.00807	0.06114	0.00742	0.00889
15	0.11877	0.01755	0.02764	0.03997	0.48003	0.01785	0.02075	0.02352	0.01777	0.02764	0.04691	0.02213	0.01599	0.00988	0.01010	0.07130	0.00887	0.00738	0.00446	0.01147
16	0.12983	0.20626	0.15509	0.02276	0.12279	0.13767	0.01872	0.02798	0.06131	0.02581	0.01462	0.01682	0.01181	0.00794	0.00685	0.00230	0.01026	0.00575	0.00433	0.01112
17	0.02207	0.02261	0.03225	0.04672	0.56515	0.11433	0.02413	0.02660	0.01958	0.02616	0.01522	0.01976	0.01280	0.00757	0.00812	0.00242	0.01061	0.00711	0.00414	0.01265
18	0.01443	0.00722	0.01082	0.01082	0.01082	0.00722	0.00722	0.01082	0.01082	0.01443	0.01443	0.02525	0.01443	0.02886	0.03247	0.75830	0.00722	0.00722	0.00361	0.00361
19	0.02254	0.03130	0.19225	0.02964	0.20096	0.21853	0.04681	0.05879	0.02106	0.02583	0.01961	0.02223	0.05603	0.00894	0.00809	0.00245	0.01179	0.00725	0.00448	0.01140
20	0.02009	0.20120	0.16235	0.02465	0.14920	0.05438	0.02010	0.06592	0.01949	0.02571	0.01935	0.03047	0.01788	0.01071	0.00882	0.00260	0.04112	0.11014	0.00474	0.01108
21	0.02441	0.01111	0.01383	0.01157	0.01594	0.00975	0.00923	0.02751	0.02140	0.33812	0.09304	0.04466	0.18786	0.01346	0.00840	0.00252	0.00553	0.01113	0.13983	0.01070
22	0.01123	0.00882	0.01025	0.01025	0.01259	0.00803	0.00778	0.01492	0.04586	0.02677	0.27085	0.12250	0.33517	0.01979	0.00995	0.00286	0.00452	0.06204	0.00823	0.00758
23	0.01839	0.01364	0.06647	0.01432	0.01800	0.01200	0.01229	0.02263	0.04831	0.16660	0.03859	0.11030	0.13555	0.02690	0.16552	0.00538	0.05614	0.05242	0.00696	0.00959
24	0.02000	0.02309	0.12489	0.04705	0.56664	0.01967	0.02625	0.02561	0.01872	0.02702	0.01552	0.02012	0.01278	0.00747	0.00818	0.00249	0.01022	0.00722	0.00402	0.01303
25	0.01433	0.00794	0.00892	0.00901	0.01065	0.00818	0.00664	0.01762	0.01622	0.02729	0.02709	0.06590	0.02354	0.07389	0.12611	0.00448	0.00746	0.00906	0.52823	0.00743
26	0.02278	0.02268	0.02926	0.03942	0.43202	0.13465	0.02147	0.08528	0.02207	0.02891	0.06628	0.02283	0.01802	0.00862	0.00823	0.00242	0.01022	0.00766	0.00496	0.01221
27	0.02260	0.32521	0.08920	0.02414	0.11768	0.06092	0.09227	0.09722	0.02035	0.02601	0.01409	0.01692	0.01167	0.00796	0.00797	0.00226	0.04151	0.00620	0.00432	0.01151
28	0.01883	0.01941	0.06256	0.11231	0.28306	0.01881	0.12774	0.02721	0.11553	0.02768	0.05156	0.02844	0.01963	0.00935	0.00878	0.00270	0.00994	0.03955	0.00516	0.01176
29	0.02736	0.03144	0.02724	0.03172	0.24884	0.39798	0.01938	0.07166	0.02298	0.02496	0.01432	0.01730	0.01181	0.00825	0.00781	0.00228	0.01277	0.00622	0.00450	0.01119
30	0.01409	0.01136	0.01289	0.01200	0.01499	0.01162	0.00915	0.02365	0.21311	0.03140	0.33817	0.05635	0.18648	0.01610	0.00939	0.00272	0.00480	0.01383	0.00862	0.00930
31	0.01355	0.01453	0.07333	0.01927	0.02304	0.01229	0.17956	0.01744	0.01660	0.02276	0.03126	0.34414	0.03381	0.02572	0.12657	0.00491	0.01099	0.01586	0.00584	0.00853
32	0.02653	0.13008	0.10888	0.02222	0.08112	0.25637	0.01803	0.12428	0.07433	0.05686	0.01689	0.01824	0.01307	0.00868	0.00754	0.00231	0.01135	0.00630	0.00530	0.01162
33	0.07215	0.02163	0.01857	0.01603	0.02049	0.18961	0.03235	0.17101	0.05306	0.03084	0.03868	0.06515	0.20977	0.01344	0.00849	0.00256	0.00886	0.01061	0.00670	0.00998
34	0.01192	0.00799	0.00911	0.00926	0.00930	0.00795	0.00525	0.01204	0.01239	0.01651	0.02774	0.10604	0.03217	0.65367	0.03976	0.00768	0.00780	0.01300	0.00525	0.00517
35	0.02448	0.09719	0.10809	0.01948	0.02435	0.37498	0.01681	0.02782	0.01992	0.02141	0.01462	0.01816	0.01235	0.01494	0.08481	0.00354	0.06126	0.00602	0.04008	0.00970
36	0.02297	0.02500	0.03361	0.04128	0.40702	0.17999	0.11641	0.02754	0.02015	0.02539	0.01513	0.01948	0.01247	0.00762	0.00829	0.00244	0.01176	0.00727	0.00417	0.01199
37	0.01085	0.00830	0.00998	0.01011	0.01213	0.00744	0.00751	0.01370	0.02039	0.02696	0.31674	0.17553	0.28333	0.02023	0.01001	0.00286	0.00434	0.04392	0.00832	0.00735
38	0.01723	0.11136	0.60157	0.02271	0.03446	0.02068	0.02901	0.02616	0.01747	0.02562	0.01457	0.01711	0.01054	0.00781	0.00763	0.00254	0.01193	0.00597	0.00351	0.01211

[dist]
# distance from previous block
# <min> <max>
0	1

[block]
# block no. 5 follows, 22 sequences, length 59
# corresponding to MSA columns:
# 1369-1427
name=unknown_F
#
# <colnr> <probs for GDERKNQSTAVLIFYWHMCP>
#	G	D	E	R	K	N	Q	S	T	A	V	L	I	F	Y	W	H	M	C	P
0	0.10023	0.01925	0.02126	0.02215	0.14136	0.06098	0.01478	0.24177	0.06439	0.03624	0.03084	0.06336	0.12450	0.01191	0.00829	0.00259	0.00816	0.00964	0.00680	0.01149
1	0.01150	0.00917	0.01052	0.01092	0.01334	0.00851	0.00850	0.01552	0.06148	0.02474	0.12643	0.14475	0.36585	0.02088	0.01014	0.00305	0.00509	0.13409	0.00790	0.00761
2	0.02252	0.02389	0.03044	0.10901	0.44733	0.17314	0.02303	0.02686	0.01977	0.02494	0.01489	0.01941	0.01237	0.00777	0.00806	0.00242	0.01119	0.00692	0.00411	0.01193
3	0.02765	0.23059	0.02866	0.01688	0.02297	0.09612	0.01451	0.26433	0.02747	0.10271	0.04592	0.02342	0.01765	0.00987	0.00753	0.00231	0.00919	0.03350	0.00665	0.01203
4	0.03029	0.06126	0.02501	0.02217	0.05574	0.51284	0.01639	0.13007	0.02561	0.02588	0.01409	0.01600	0.01138	0.00868	0.00758	0.00220	0.01355	0.00576	0.00491	0.01058
5	0.01152	0.00954	0.01028	0.01047	0.01299	0.00900	0.00768	0.01668	0.11176	0.02399	0.06713	0.22602	0.41117	0.02080	0.00981	0.00295	0.00471	0.01781	0.00782	0.00787
6	0.02037	0.01977	0.03396	0.04840	0.58695	0.02015	0.05442	0.02521	0.01857	0.02667	0.01539	0.02050	0.01299	0.00782	0.00948	0.00256	0.05238	0.00751	0.00409	0.01281
7	0.01444	0.01466	0.01203	0.01187	0.01484	0.13789	0.00915	0.01678	0.01986	0.02235	0.06489	0.06907	0.44711	0.01885	0.00958	0.00281	0.00677	0.09239	0.00703	0.00761
8	0.01339	0.01069	0.01353	0.04577	0.04306	0.01085	0.01008	0.02028	0.13180	0.02927	0.30799	0.17667	0.11961	0.01729	0.00957	0.00282	0.00519	0.01523	0.00812	0.00879
9	0.02013	0.34314	0.34271	0.01928	0.02870	0.07000	0.02231	0.02613	0.01765	0.02287	0.01326	0.01548	0.01060	0.00759	0.00672	0.00221	0.01094	0.00532	0.00358	0.01137
10	0.00982	0.00842	0.00842	0.00842	0.01122	0.00701	0.00631	0.01192	0.01894	0.02244	0.08416	0.07995	0.65285	0.02104	0.00982	0.00281	0.00421	0.01753	0.00771	0.00701
11	0.01208	0.00805	0.00906	0.00906	0.00906	0.00805	0.00503	0.01208	0.01208	0.01611	0.02618	0.05436	0.03020	0.70804	0.04228	0.00805	0.00805	0.01208	0.00503	0.00503
12	0.02056	0.01974	0.03372	0.05099	0.65622	0.01974	0.02550	0.02550	0.01892	0.02714	0.01563	0.02056	0.01316	0.00740	0.00822	0.00247	0.00987	0.00740	0.00411	0.01316
13	0.02565	0.01533	0.01790	0.01499	0.01978	0.01556	0.01188	0.21007	0.08932	0.22074	0.03717	0.16012	0.09575	0.01448	0.00894	0.00275	0.00690	0.01212	0.00873	0.01184
14	0.07067	0.01871	0.01946	0.01607	0.02103	0.07352	0.01290	0.26871	0.02535	0.03521	0.01870	0.02241	0.01518	0.02443	0.20263	0.00545	0.01284	0.00714	0.00613	0.12344
15	0.01085	0.00800	0.01041	0.01164	0.01283	0.00719	0.00793	0.01252	0.01604	0.02180	0.04262	0.63274	0.05060	0.02400	0.01015	0.00316	0.00496	0.02171	0.00743	0.08343
16	0.01208	0.00805	0.00906	0.00906	0.00906	0.00805	0.00503	0.01208	0.01208	0.01611	0.02618	0.05436	0.03020	0.70804	0.04228	0.00805	0.00805	0.01208	0.00503	0.00503
17	0.01666	0.01286	0.01250	0.01132	0.01438	0.08287	0.00861	0.01995	0.01701	0.02603	0.02215	0.02793	0.01868	0.04964	0.14375	0.00441	0.00946	0.00736	0.34370	0.15074
18	0.06850	0.06856	0.02989	0.02583	0.11912	0.16756	0.10651	0.24985	0.02708	0.03496	0.01630	0.01853	0.01251	0.00855	0.00798	0.00242	0.01108	0.00699	0.00573	0.01206
19	0.02773	0.16578	0.11864	0.01979	0.02604	0.37367	0.01753	0.07160	0.02249	0.06296	0.01461	0.01619	0.01151	0.00839	0.00725	0.00219	0.01255	0.00562	0.00468	0.01079
20	0.03005	0.07677	0.02580	0.02192	0.06058	0.40528	0.01638	0.20818	0.02744	0.03013	0.01501	0.01665	0.01185	0.00882	0.00764	0.00224	0.01258	0.00604	0.00542	0.01122
21	0.01472	0.01272	0.01675	0.11365	0.04696	0.05494	0.01323	0.04275	0.01600	0.02145	0.02287	0.03102	0.04534	0.04491	0.45293	0.00976	0.01835	0.00871	0.00462	0.00831
22	0.01484	0.01325	0.01682	0.01548	0.01633	0.04487	0.01199	0.01672	0.01357	0.01904	0.02146	0.03354	0.04632	0.17807	0.26144	0.00795	0.24708	0.00923	0.00443	0.00757
23	0.01294	0.01061	0.01460	0.06001	0.01812	0.01190	0.01192	0.01563	0.01726	0.02336	0.11263	0.25600	0.09800	0.02041	0.01365	0.00334	0.13669	0.14839	0.00682	0.00772
24	0.01596	0.01207	0.01633	0.05627	0.01960	0.01389	0.01223	0.13521	0.01858	0.02587	0.02134	0.02951	0.01887	0.04873	0.50345	0.01057	0.01900	0.00853	0.00516	0.00884
25	0.02056	0.01974	0.03372	0.05099	0.65622	0.01974	0.02550	0.02550	0.01892	0.02714	0.01563	0.02056	0.01316	0.00740	0.00822	0.00247	0.00987	0.00740	0.00411	0.01316
26	0.02947	0.06571	0.02567	0.02497	0.11602	0.51449	0.01711	0.03210	0.02259	0.05705	0.01430	0.01645	0.01160	0.00842	0.00755	0.00219	0.01353	0.00577	0.00456	0.01044
27	0.01935	0.01041	0.01256	0.01115	0.01504	0.00898	0.00887	0.02206	0.02088	0.23648	0.10404	0.06241	0.36075	0.01730	0.00944	0.00278	0.00538	0.05398	0.00867	0.00949
28	0.01147	0.00793	0.00992	0.01098	0.01145	0.00774	0.00733	0.01261	0.01465	0.01945	0.03675	0.32492	0.04284	0.33099	0.02491	0.00553	0.00667	0.10124	0.00650	0.00611
29	0.01187	0.00890	0.01335	0.01335	0.01483	0.01038	0.01038	0.01483	0.01335	0.01928	0.02225	0.03264	0.02077	0.06231	0.67512	0.01335	0.02225	0.00890	0.00445	0.00742
30	0.02422	0.09702	0.02547	0.07990	0.11820	0.28934	0.01695	0.05484	0.09061	0.02466	0.02068	0.02579	0.04023	0.00999	0.00793	0.00243	0.01121	0.04483	0.00512	0.01057
31	0.03103	0.03959	0.02354	0.02140	0.02568	0.67469	0.01605	0.03317	0.02354	0.02033	0.01284	0.01498	0.01070	0.00856	0.00749	0.00214	0.01498	0.00535	0.00428	0.00963
32	0.01187	0.00890	0.01335	0.01335	0.01483	0.01038	0.01038	0.01483	0.01335	0.01928	0.02225	0.03264	0.02077	0.06231	0.67512	0.01335	0.02225	0.00890	0.00445	0.00742
33	0.01906	0.02023	0.06152	0.04147	0.40978	0.01874	0.17528	0.02443	0.01903	0.02649	0.02288	0.02696	0.07813	0.00871	0.00877	0.00259	0.01044	0.00899	0.00448	0.01200
34	0.01528	0.01834	0.10235	0.01752	0.02188	0.08507	0.09860	0.01940	0.01920	0.02429	0.08251	0.16138	0.15551	0.01691	0.00975	0.00298	0.00855	0.12540	0.00638	0.00870
35	0.01032	0.00844	0.00911	0.00894	0.01153	0.00723	0.00671	0.01290	0.02012	0.02526	0.23149	0.07531	0.50376	0.01999	0.00981	0.00276	0.00413	0.01688	0.00809	0.00723
36	0.01628	0.01086	0.01302	0.01242	0.01471	0.01099	0.00910	0.08524	0.09319	0.05792	0.03960	0.21161	0.14684	0.02148	0.01571	0.20630	0.00616	0.01377	0.00690	0.00792
37	0.01078	0.00861	0.00978	0.01046	0.01257	0.00782	0.00779	0.01384	0.04615	0.02289	0.06629	0.26248	0.38382	0.02227	0.01016	0.00308	0.00486	0.08131	0.00774	0.00728
38	0.01808	0.01976	0.06639	0.02193	0.02272	0.02505	0.01898	0.02040	0.01303	0.02040	0.01116	0.01813	0.01088	0.01411	0.02602	0.00357	0.64927	0.00720	0.00363	0.00929
39	0.03118	0.03520	0.02392	0.02079	0.02570	0.49999	0.01598	0.19345	0.02772	0.02895	0.01475	0.01632	0.01162	0.00894	0.00771	0.00224	0.01341	0.00592	0.00537	0.01084
40	0.21754	0.01200	0.01423	0.04701	0.05652	0.01246	0.01083	0.02065	0.01994	0.07279	0.30729	0.04552	0.04555	0.01365	0.00845	0.00272	0.00589	0.07060	0.00741	0.00893
41	0.01964	0.01880	0.03206	0.17122	0.54318	0.01950	0.02504	0.02469	0.01848	0.02602	0.01546	0.02086	0.01277	0.00757	0.00824	0.00252	0.01010	0.00740	0.00403	0.01242
42	0.01204	0.00822	0.00990	0.00990	0.01019	0.00851	0.00608	0.01262	0.01233	0.01673	0.02541	0.05012	0.02836	0.58179	0.16601	0.00909	0.01083	0.01146	0.00492	0.00550
43	0.01011	0.00728	0.00959	0.01143	0.01201	0.00676	0.00765	0.01158	0.01604	0.02126	0.04745	0.67565	0.08084	0.02581	0.01057	0.00335	0.00479	0.02335	0.00771	0.00676
44	0.01311	0.01076	0.01688	0.01487	0.01648	0.01085	0.10949	0.01491	0.01440	0.01952	0.02857	0.20883	0.03198	0.34606	0.06874	0.00614	0.04194	0.01417	0.00546	0.00683
45	0.01012	0.00723	0.00964	0.01157	0.01205	0.00675	0.00771	0.01157	0.01591	0.02121	0.04579	0.70262	0.05495	0.02603	0.01060	0.00337	0.00482	0.02362	0.00771	0.00675
46	0.01722	0.03906	0.54775	0.02584	0.03738	0.01962	0.14402	0.02637	0.01793	0.02637	0.01527	0.01847	0.01092	0.00772	0.00826	0.00266	0.01261	0.00684	0.00364	0.01207
47	0.03011	0.03687	0.02455	0.02398	0.08327	0.57870	0.01690	0.06566	0.02398	0.02274	0.01349	0.01577	0.01112	0.00853	0.00760	0.00219	0.01419	0.00566	0.00449	0.01020
48	0.01047	0.00829	0.00953	0.01034	0.01240	0.00735	0.00781	0.01268	0.01818	0.02251	0.06777	0.24309	0.40093	0.02264	0.01029	0.00312	0.00492	0.11292	0.00770	0.00705
49	0.01208	0.00805	0.00906	0.00906	0.00906	0.00805	0.00503	0.01208	0.01208	0.01611	0.02618	0.05436	0.03020	0.70804	0.04228	0.00805	0.00805	0.01208	0.00503	0.00503
50	0.02518	0.02462	0.02800	0.02534	0.09645	0.15730	0.08557	0.19655	0.06779	0.03171	0.01663	0.01965	0.01322	0.01017	0.01250	0.00273	0.16209	0.00738	0.00553	0.01159
51	0.01208	0.00805	0.00906	0.00906	0.00906	0.00805	0.00503	0.01208	0.01208	0.01611	0.02618	0.05436	0.03020	0.70804	0.04228	0.00805	0.00805	0.01208	0.00503	0.00503
52	0.18607	0.05102	0.08900	0.06974	0.14863	0.13471	0.01816	0.02507	0.01758	0.02662	0.04372	0.01916	0.01408	0.00931	0.01022	0.00263	0.11305	0.00650	0.00443	0.01030
53	0.02018	0.01919	0.03155	0.04299	0.49007	0.01952	0.06377	0.02814	0.11717	0.02854	0.04273	0.02391	0.01752	0.00835	0.00843	0.00255	0.00941	0.00817	0.00499	0.01282
54	0.16676	0.01471	0.01825	0.02023	0.13886	0.01518	0.01323	0.02811	0.12168	0.14391	0.09229	0.03631	0.06490	0.04117	0.00960	0.00292	0.00698	0.04689	0.00714	0.01090
55	0.01962	0.01731	0.02577	0.03448	0.37845	0.01727	0.01887	0.11449	0.02198	0.03023	0.05245	0.05844	0.12115	0.01105	0.00856	0.00251	0.00826	0.00988	0.00570	0.04350
56	0.01788	0.10932	0.39978	0.02830	0.18188	0.02013	0.02606	0.02523	0.01820	0.02624	0.05807	0.02083	0.01579	0.00831	0.00782	0.00250	0.01075	0.00686	0.00404	0.01201
57	0.02215	0.02483	0.07490	0.04389	0.50240	0.13562	0.02418	0.02691	0.01964	0.02588	0.01508	0.01937	0.01254	0.00764	0.00807	0.00242	0.01094	0.00695	0.00410	0.01247
58	0.02131	0.12775	0.10157	0.07460	0.39042	0.05401	0.02315	0.06298	0.01981	0.02680	0.01502	0.01892	0.01232	0.00768	0.00773	0.00238	0.01025	0.00672	0.00421	0.01236

[dist]
# distance from previous block
# <min> <max>
2	141

[block]
# block no. 6 follows, 22 sequences, length 104
# corresponding to MSA columns:
# 1569-1672
name=unknown_G
#
# <colnr> <probs for GDERKNQSTAVLIFYWHMCP>
#	G	D	E	R	K	N	Q	S	T	A	V	L	I	F	Y	W	H	M	C	P
0	0.01944	0.01510	0.01598	0.01440	0.01786	0.04399	0.01114	0.13210	0.21099	0.03210	0.02740	0.06672	0.02296	0.04954	0.13142	0.00473	0.00968	0.00937	0.15471	0.01036
1	0.02060	0.01309	0.01518	0.01294	0.01702	0.01285	0.01020	0.15353	0.05346	0.15049	0.19039	0.08046	0.20456	0.01548	0.00919	0.00268	0.00588	0.01298	0.00869	0.01034
2	0.02000	0.04853	0.04910	0.01678	0.04652	0.01695	0.01376	0.21682	0.06329	0.03388	0.03870	0.04857	0.16019	0.01463	0.00903	0.00276	0.00760	0.13363	0.00725	0.05199
3	0.02398	0.05447	0.05102	0.01728	0.02185	0.16524	0.01413	0.24144	0.02513	0.03146	0.01892	0.02492	0.01623	0.09742	0.15409	0.00532	0.01326	0.00761	0.00579	0.01045
4	0.12464	0.01338	0.01494	0.01309	0.01703	0.01372	0.01022	0.15088	0.02249	0.16850	0.02961	0.20286	0.02683	0.01391	0.00805	0.00265	0.00626	0.01156	0.13901	0.01036
5	0.02412	0.16742	0.02595	0.01576	0.02255	0.02226	0.01337	0.25729	0.08364	0.03589	0.01784	0.01872	0.01387	0.00830	0.00702	0.00198	0.00792	0.00622	0.00626	0.24363
6	0.01456	0.01120	0.01234	0.01173	0.01460	0.01093	0.00879	0.14346	0.02224	0.02843	0.05789	0.27095	0.32076	0.02031	0.00975	0.00292	0.00546	0.01738	0.00784	0.00845
7	0.02274	0.01919	0.02173	0.01928	0.09194	0.04783	0.01382	0.20574	0.05871	0.03478	0.01738	0.01907	0.01359	0.00783	0.00722	0.00188	0.00789	0.00623	0.00602	0.37713
8	0.01208	0.00805	0.00906	0.00906	0.00906	0.00805	0.00503	0.01208	0.01208	0.01611	0.02618	0.05436	0.03020	0.70804	0.04228	0.00805	0.00805	0.01208	0.00503	0.00503
9	0.06791	0.24449	0.20528	0.02059	0.05668	0.02505	0.05333	0.15262	0.04756	0.03071	0.01562	0.01744	0.01208	0.00814	0.00715	0.00234	0.00995	0.00618	0.00490	0.01197
10	0.06824	0.03406	0.02438	0.02096	0.02598	0.47029	0.04214	0.16316	0.02630	0.02850	0.01451	0.01632	0.01145	0.00876	0.00765	0.00227	0.01322	0.00597	0.00521	0.01065
11	0.01205	0.00810	0.00929	0.00921	0.00943	0.00803	0.00534	0.01248	0.01334	0.01800	0.09502	0.05521	0.03550	0.63200	0.03871	0.00746	0.00760	0.01240	0.00549	0.00534
12	0.01198	0.00771	0.00896	0.00966	0.01038	0.00746	0.00623	0.01344	0.01495	0.02145	0.03638	0.28575	0.06839	0.27725	0.02138	0.00479	0.00580	0.01561	0.16609	0.00633
13	0.01337	0.01172	0.01683	0.01543	0.01720	0.04177	0.10083	0.01543	0.01570	0.02065	0.03293	0.36043	0.03752	0.18271	0.04924	0.00479	0.03341	0.01670	0.00610	0.00727
14	0.01208	0.00805	0.00906	0.00906	0.00906	0.00805	0.00503	0.01208	0.01208	0.01611	0.02618	0.05436	0.03020	0.70804	0.04228	0.00805	0.00805	0.01208	0.00503	0.00503
15	0.01198	0.00801	0.00909	0.00919	0.00921	0.00799	0.00517	0.01206	0.01227	0.01636	0.02716	0.08676	0.03144	0.67396	0.04070	0.00782	0.00789	0.01266	0.00517	0.00512
16	0.02762	0.03289	0.02523	0.02734	0.16224	0.46041	0.01778	0.03271	0.09050	0.02340	0.01575	0.01796	0.01285	0.00861	0.00776	0.00229	0.01295	0.00624	0.00470	0.01078
17	0.03103	0.03959	0.02354	0.02140	0.02568	0.67469	0.01605	0.03317	0.02354	0.02033	0.01284	0.01498	0.01070	0.00856	0.00749	0.00214	0.01498	0.00535	0.00428	0.00963
18	0.01186	0.00800	0.00930	0.00951	0.00963	0.00801	0.00555	0.01214	0.01255	0.01680	0.02817	0.12479	0.03253	0.60623	0.06504	0.00776	0.00829	0.01322	0.00530	0.00532
19	0.01243	0.00872	0.01249	0.01249	0.01404	0.00998	0.00968	0.01553	0.01398	0.02109	0.02300	0.03238	0.02085	0.05420	0.57201	0.01159	0.01942	0.00872	0.11994	0.00747
20	0.01968	0.05416	0.20391	0.02372	0.03108	0.02006	0.20481	0.12847	0.02095	0.02896	0.01859	0.05313	0.01591	0.08615	0.01341	0.00331	0.04890	0.00890	0.00491	0.01099
21	0.01106	0.00941	0.00965	0.00942	0.01238	0.00849	0.00711	0.01551	0.08445	0.02433	0.11022	0.07383	0.55532	0.01979	0.00967	0.00280	0.00444	0.01654	0.00787	0.00770
22	0.02447	0.02183	0.02079	0.01798	0.02307	0.10409	0.01412	0.17700	0.42521	0.03698	0.02799	0.02644	0.02094	0.01063	0.00830	0.00266	0.00822	0.00844	0.00790	0.01293
23	0.01824	0.15994	0.52911	0.02193	0.03296	0.04952	0.02719	0.02635	0.01768	0.02487	0.01423	0.01669	0.01056	0.00778	0.00743	0.00246	0.01180	0.00581	0.00355	0.01188
24	0.02374	0.02433	0.01965	0.01868	0.04674	0.29888	0.01353	0.09282	0.05498	0.02359	0.01663	0.02143	0.01427	0.02103	0.11080	0.16533	0.01306	0.00682	0.00484	0.00887
25	0.01187	0.00890	0.01335	0.01335	0.01483	0.01038	0.01038	0.01483	0.01335	0.01928	0.02225	0.03264	0.02077	0.06231	0.67512	0.01335	0.02225	0.00890	0.00445	0.00742
26	0.01603	0.01589	0.02738	0.26232	0.10432	0.01741	0.14547	0.02065	0.01756	0.02311	0.02994	0.03416	0.15105	0.01139	0.01103	0.00285	0.08509	0.01009	0.00471	0.00956
27	0.02607	0.03122	0.02044	0.01888	0.02243	0.49473	0.01424	0.02849	0.02103	0.02076	0.01568	0.01966	0.01346	0.01989	0.14726	0.00448	0.01583	0.00624	0.05017	0.00905
28	0.02205	0.02325	0.03009	0.14721	0.42270	0.16184	0.02305	0.02648	0.01955	0.02471	0.01488	0.01960	0.01229	0.00780	0.00808	0.00244	0.01117	0.00695	0.00408	0.01176
29	0.01051	0.00822	0.00964	0.01059	0.01249	0.00735	0.00795	0.01269	0.01799	0.02245	0.06502	0.28372	0.35817	0.02297	0.01035	0.00316	0.00498	0.11700	0.00770	0.00703
30	0.01466	0.00783	0.00800	0.00800	0.00964	0.00776	0.00570	0.01780	0.01658	0.02808	0.02945	0.03709	0.05060	0.12856	0.01217	0.00301	0.00460	0.00891	0.59432	0.00725
31	0.01196	0.00785	0.00907	0.00949	0.00977	0.00774	0.00568	0.01262	0.01339	0.01854	0.03052	0.19314	0.03479	0.49771	0.03215	0.00649	0.00698	0.01420	0.07227	0.00565
32	0.01206	0.00814	0.00951	0.00951	0.00967	0.00830	0.00560	0.01237	0.01221	0.01644	0.02576	0.05208	0.02921	0.64012	0.10885	0.00861	0.00955	0.01175	0.00497	0.00528
33	0.01012	0.00723	0.00964	0.01157	0.01205	0.00675	0.00771	0.01157	0.01591	0.02121	0.04579	0.70262	0.05495	0.02603	0.01060	0.00337	0.00482	0.02362	0.00771	0.00675
34	0.01034	0.00833	0.00922	0.00923	0.01160	0.00720	0.00683	0.01285	0.01983	0.02512	0.22651	0.13264	0.45022	0.02046	0.00989	0.00281	0.00419	0.01745	0.00808	0.00720
35	0.01187	0.00890	0.01335	0.01335	0.01483	0.01038	0.01038	0.01483	0.01335	0.01928	0.02225	0.03264	0.02077	0.06231	0.67512	0.01335	0.02225	0.00890	0.00445	0.00742
36	0.02056	0.01974	0.03372	0.05099	0.65622	0.01974	0.02550	0.02550	0.01892	0.02714	0.01563	0.02056	0.01316	0.00740	0.00822	0.00247	0.00987	0.00740	0.00411	0.01316
37	0.00982	0.00842	0.00842	0.00842	0.01122	0.00701	0.00631	0.01192	0.01894	0.02244	0.08416	0.07995	0.65285	0.02104	0.00982	0.00281	0.00421	0.01753	0.00771	0.00701
38	0.01000	0.00847	0.00867	0.00877	0.01153	0.00714	0.00667	0.01219	0.01895	0.02257	0.08211	0.08065	0.62194	0.02114	0.00990	0.00286	0.00438	0.04730	0.00771	0.00705
39	0.01003	0.00842	0.00871	0.00864	0.01135	0.00710	0.00648	0.01234	0.01944	0.02364	0.14662	0.07798	0.58964	0.02059	0.00982	0.00278	0.00418	0.01726	0.00787	0.00710
40	0.01299	0.00944	0.01284	0.01454	0.01655	0.00928	0.01261	0.01663	0.01910	0.02460	0.04841	0.09219	0.11439	0.02274	0.01129	0.00371	0.00727	0.53618	0.00766	0.00758
41	0.02579	0.17662	0.02807	0.01961	0.02369	0.32425	0.01597	0.06188	0.05143	0.02258	0.01357	0.01641	0.01166	0.00980	0.01154	0.00245	0.16421	0.00590	0.00441	0.01015
42	0.01666	0.04297	0.66500	0.02368	0.03596	0.01929	0.03069	0.02631	0.01754	0.02631	0.01491	0.01754	0.01052	0.00789	0.00789	0.00263	0.01228	0.00614	0.00351	0.01228
43	0.01955	0.39152	0.34173	0.01876	0.02834	0.02636	0.02212	0.02556	0.01720	0.02279	0.01316	0.01535	0.01060	0.00748	0.00656	0.00219	0.01051	0.00526	0.00353	0.01144
44	0.02103	0.56997	0.17623	0.01624	0.02445	0.02997	0.01773	0.02518	0.01702	0.02099	0.01227	0.01423	0.01063	0.00728	0.00588	0.00196	0.00961	0.00480	0.00354	0.01101
45	0.01916	0.15935	0.49950	0.02153	0.03229	0.05085	0.02635	0.02697	0.01796	0.05187	0.01498	0.01714	0.01098	0.00789	0.00744	0.00246	0.01158	0.00590	0.00384	0.01195
46	0.01666	0.04297	0.66500	0.02368	0.03596	0.01929	0.03069	0.02631	0.01754	0.02631	0.01491	0.01754	0.01052	0.00789	0.00789	0.00263	0.01228	0.00614	0.00351	0.01228
47	0.01187	0.00890	0.01335	0.01335	0.01483	0.01038	0.01038	0.01483	0.01335	0.01928	0.02225	0.03264	0.02077	0.06231	0.67512	0.01335	0.02225	0.00890	0.00445	0.00742
48	0.44490	0.01621	0.01621	0.01366	0.01814	0.01850	0.01124	0.02356	0.01479	0.05871	0.01290	0.01578	0.01048	0.00901	0.01018	0.00256	0.15297	0.00533	0.00500	0.13988
49	0.02417	0.02151	0.02670	0.23495	0.17256	0.08818	0.02020	0.24750	0.02610	0.03391	0.01667	0.02026	0.01262	0.00875	0.00821	0.00254	0.01050	0.00722	0.00555	0.01193
50	0.01188	0.00886	0.01316	0.01316	0.01457	0.01028	0.01014	0.01471	0.01329	0.01914	0.02243	0.03362	0.02120	0.09169	0.64633	0.01311	0.02161	0.00905	0.00448	0.00731
51	0.01187	0.00890	0.01335	0.01335	0.01483	0.01038	0.01038	0.01483	0.01335	0.01928	0.02225	0.03264	0.02077	0.06231	0.67512	0.01335	0.02225	0.00890	0.00445	0.00742
52	0.03118	0.03511	0.02392	0.02077	0.02570	0.49645	0.01598	0.19670	0.02780	0.02913	0.01479	0.01634	0.01164	0.00895	0.00772	0.00224	0.01338	0.00594	0.00539	0.01087
53	0.01006	0.00748	0.00938	0.01089	0.01187	0.00680	0.00741	0.01164	0.01655	0.02147	0.05398	0.56967	0.18261	0.02496	0.01044	0.00325	0.00469	0.02232	0.00771	0.00680
54	0.01118	0.00879	0.00956	0.00934	0.01147	0.00803	0.00665	0.01418	0.04730	0.02377	0.17955	0.06874	0.37928	0.16649	0.01668	0.00389	0.00508	0.01550	0.00745	0.00704
55	0.01013	0.00759	0.00928	0.01060	0.01169	0.00688	0.00722	0.01169	0.01656	0.02132	0.05531	0.50575	0.21569	0.05450	0.01178	0.00342	0.00480	0.02147	0.00760	0.00674
56	0.02429	0.02702	0.02945	0.07005	0.38917	0.26751	0.02181	0.02820	0.02056	0.02428	0.01453	0.01852	0.01213	0.00788	0.00795	0.00236	0.01186	0.00662	0.00416	0.01164
57	0.01088	0.00906	0.00960	0.00951	0.01229	0.00807	0.00726	0.01458	0.05750	0.02451	0.14149	0.07569	0.52036	0.02009	0.00982	0.00284	0.00450	0.04653	0.00791	0.00751
58	0.01012	0.00723	0.00964	0.01157	0.01205	0.00675	0.00771	0.01157	0.01591	0.02121	0.04579	0.70262	0.05495	0.02603	0.01060	0.00337	0.00482	0.02362	0.00771	0.00675
59	0.02918	0.18256	0.02788	0.01975	0.02476	0.50450	0.01565	0.06181	0.02291	0.02180	0.01293	0.01488	0.01087	0.00832	0.00707	0.00208	0.01338	0.00527	0.00433	0.01008
60	0.15923	0.02258	0.11923	0.03795	0.38296	0.01961	0.08922	0.02553	0.01791	0.02886	0.01490	0.01902	0.01195	0.00748	0.00778	0.00255	0.01002	0.00695	0.00423	0.01204
61	0.02841	0.03404	0.02446	0.02284	0.05726	0.49427	0.01687	0.06701	0.02247	0.02258	0.01310	0.01610	0.01107	0.00958	0.01085	0.00243	0.12637	0.00590	0.00441	0.01000
62	0.02066	0.01785	0.01878	0.01691	0.02160	0.02066	0.01315	0.04414	0.64121	0.03475	0.03381	0.03099	0.02536	0.01127	0.00845	0.00282	0.00657	0.00939	0.00845	0.01315
63	0.01113	0.00746	0.00931	0.01061	0.01115	0.00714	0.00693	0.01253	0.01526	0.02119	0.03954	0.49030	0.04596	0.16985	0.01684	0.00421	0.00541	0.01941	0.08928	0.00649
64	0.01035	0.00844	0.00915	0.00897	0.01155	0.00724	0.00673	0.01295	0.02019	0.02543	0.24009	0.07503	0.49506	0.01993	0.00981	0.00275	0.00413	0.01684	0.00811	0.00724
65	0.01137	0.00775	0.00927	0.00997	0.01015	0.00758	0.00601	0.01189	0.01347	0.01797	0.03332	0.29066	0.03922	0.45945	0.03074	0.00635	0.00688	0.01629	0.00601	0.00566
66	0.01208	0.00805	0.00906	0.00906	0.00906	0.00805	0.00503	0.01208	0.01208	0.01611	0.02618	0.05436	0.03020	0.70804	0.04228	0.00805	0.00805	0.01208	0.00503	0.00503
67	0.01012	0.00723	0.00964	0.01157	0.01205	0.00675	0.00771	0.01157	0.01591	0.02121	0.04579	0.70262	0.05495	0.02603	0.01060	0.00337	0.00482	0.02362	0.00771	0.00675
68	0.01561	0.01103	0.01264	0.01202	0.01360	0.01141	0.00820	0.14354	0.01909	0.02551	0.03124	0.25826	0.03483	0.33675	0.02471	0.00534	0.00723	0.01486	0.00661	0.00753
69	0.01090	0.00838	0.00984	0.00961	0.01176	0.00746	0.00708	0.01379	0.02077	0.02752	0.36303	0.09881	0.31003	0.05051	0.01132	0.00297	0.00427	0.01632	0.00831	0.00732
70	0.01012	0.00723	0.00964	0.01157	0.01205	0.00675	0.00771	0.01157	0.01591	0.02121	0.04579	0.70262	0.05495	0.02603	0.01060	0.00337	0.00482	0.02362	0.00771	0.00675
71	0.00982	0.00842	0.00842	0.00842	0.01122	0.00701	0.00631	0.01192	0.01894	0.02244	0.08416	0.07995	0.65285	0.02104	0.00982	0.00281	0.00421	0.01753	0.00771	0.00701
72	0.03113	0.03676	0.02378	0.02100	0.02570	0.56189	0.01601	0.13667	0.02624	0.02590	0.01408	0.01584	0.01130	0.00881	0.00763	0.00220	0.01397	0.00572	0.00498	0.01041
73	0.01047	0.00779	0.00984	0.01133	0.01252	0.00716	0.00812	0.01236	0.01699	0.02195	0.05415	0.48615	0.18783	0.02452	0.01054	0.00330	0.00504	0.09531	0.00770	0.00692
74	0.01265	0.00922	0.01243	0.01410	0.01600	0.00900	0.01200	0.01605	0.01883	0.02424	0.04928	0.14394	0.12589	0.02297	0.01119	0.00366	0.00697	0.47644	0.00766	0.00749
75	0.06474	0.01903	0.05305	0.21863	0.43360	0.01931	0.02403	0.02431	0.01795	0.02614	0.01512	0.02044	0.01225	0.00768	0.00805	0.00256	0.01007	0.00717	0.00404	0.01182
76	0.02719	0.03269	0.02601	0.06890	0.17046	0.45921	0.01871	0.03016	0.02162	0.02192	0.01351	0.01682	0.01129	0.00853	0.00852	0.00231	0.04157	0.00602	0.00418	0.01038
77	0.01225	0.00947	0.01409	0.01387	0.01526	0.01131	0.01086	0.01515	0.01331	0.01933	0.02156	0.03175	0.02017	0.05938	0.63550	0.01276	0.06326	0.00880	0.00440	0.00752
78	0.03146	0.02682	0.02463	0.01961	0.02575	0.16677	0.01585	0.49916	0.03569	0.04540	0.01840	0.01887	0.01338	0.00967	0.00813	0.00242	0.01041	0.00702	0.00743	0.01315
79	0.01127	0.00792	0.01032	0.01182	0.01250	0.00765	0.00834	0.01291	0.01575	0.02086	0.04099	0.42484	0.04784	0.17841	0.01790	0.00452	0.00616	0.14633	0.00710	0.00656
80	0.02033	0.01950	0.03330	0.08125	0.62777	0.01968	0.02538	0.02529	0.01881	0.02686	0.01559	0.02064	0.01306	0.00744	0.00823	0.00248	0.00993	0.00740	0.00409	0.01297
81	0.05751	0.01515	0.01564	0.01774	0.07808	0.12131	0.01236	0.01938	0.01950	0.02552	0.13877	0.21879	0.04317	0.01796	0.00964	0.00302	0.00766	0.16353	0.00688	0.00839
82	0.02244	0.01964	0.02088	0.02292	0.15518	0.15207	0.01472	0.05756	0.08018	0.10352	0.22222	0.03448	0.03552	0.01152	0.00861	0.00249	0.00837	0.00971	0.00708	0.01088
83	0.01187	0.00890	0.01335	0.01335	0.01483	0.01038	0.01038	0.01483	0.01335	0.01928	0.02225	0.03264	0.02077	0.06231	0.67512	0.01335	0.02225	0.00890	0.00445	0.00742
84	0.01172	0.00811	0.01017	0.01121	0.01178	0.00795	0.00769	0.01301	0.01484	0.01965	0.03640	0.27495	0.04206	0.33852	0.02534	0.00562	0.00691	0.14146	0.00647	0.00615
