[name]
unknown

[dist]
# distance from previous block
# <min> <max>
14	42

[block]
# block no. 0 follows, 22 sequences, length 28
# corresponding to MSA columns:
# 43-70
name=unknown_A
#
# <colnr> <probs for GDERKNQSTAVLIFYWHMCP>
#	G	D	E	R	K	N	Q	S	T	A	V	L	I	F	Y	W	H	M	C	P
0	0.03080	0.03079	0.02398	0.02010	0.02553	0.33461	0.01579	0.31730	0.06016	0.03627	0.01722	0.01810	0.01303	0.00936	0.00793	0.00234	0.01180	0.00656	0.00640	0.01194
1	0.05726	0.10692	0.08555	0.01633	0.02162	0.01718	0.04299	0.11104	0.04324	0.02897	0.02602	0.10220	0.02563	0.04668	0.01013	0.00296	0.00827	0.14581	0.00611	0.09511
2	0.02221	0.02633	0.04321	0.03191	0.03937	0.17015	0.48688	0.02811	0.02051	0.02518	0.01590	0.02071	0.01217	0.00736	0.00928	0.00265	0.01423	0.00879	0.00422	0.01085
3	0.02902	0.19324	0.02810	0.01976	0.02469	0.52826	0.01563	0.03128	0.02202	0.02015	0.01255	0.01460	0.01069	0.00823	0.00700	0.00206	0.01359	0.00514	0.00411	0.00987
4	0.01639	0.19035	0.37119	0.01800	0.02692	0.01964	0.02131	0.02269	0.01770	0.02386	0.02993	0.03080	0.15710	0.01071	0.00774	0.00247	0.00965	0.00835	0.00448	0.01070
5	0.01267	0.00944	0.01219	0.01350	0.01523	0.00944	0.01066	0.01751	0.08023	0.02484	0.07662	0.30141	0.08420	0.02247	0.01068	0.00344	0.00615	0.27363	0.00783	0.00785
6	0.01056	0.00844	0.00945	0.00920	0.01168	0.00733	0.00690	0.01336	0.02069	0.02662	0.30222	0.07308	0.43219	0.01948	0.00981	0.00273	0.00410	0.01657	0.00826	0.00733
7	0.02847	0.03352	0.02319	0.02195	0.05760	0.48198	0.01596	0.06203	0.14603	0.02499	0.01745	0.01866	0.01388	0.00910	0.00776	0.00231	0.01279	0.00635	0.00528	0.01071
8	0.01244	0.00951	0.01106	0.01131	0.01369	0.00904	0.00877	0.04051	0.05129	0.02628	0.13620	0.17136	0.28910	0.02027	0.00996	0.00302	0.00522	0.12634	0.03680	0.00783
9	0.00982	0.00842	0.00842	0.00842	0.01122	0.00701	0.00631	0.01192	0.01894	0.02244	0.08416	0.07995	0.65285	0.02104	0.00982	0.00281	0.00421	0.01753	0.00771	0.00701
10	0.01012	0.00723	0.00964	0.01157	0.01205	0.00675	0.00771	0.01157	0.01591	0.02121	0.04579	0.70262	0.05495	0.02603	0.01060	0.00337	0.00482	0.02362	0.00771	0.00675
11	0.01666	0.04297	0.66500	0.02368	0.03596	0.01929	0.03069	0.02631	0.01754	0.02631	0.01491	0.01754	0.01052	0.00789	0.00789	0.00263	0.01228	0.00614	0.00351	0.01228
12	0.02449	0.17700	0.07177	0.02330	0.03021	0.17712	0.19196	0.11707	0.05852	0.02784	0.01607	0.01856	0.01258	0.00812	0.00789	0.00237	0.01188	0.00703	0.00489	0.01132
13	0.01549	0.00774	0.00774	0.00774	0.00968	0.00774	0.00581	0.01936	0.01742	0.03097	0.02710	0.03097	0.02129	0.00968	0.00581	0.00194	0.00387	0.00774	0.75416	0.00774
14	0.01093	0.00839	0.01000	0.00975	0.01194	0.00746	0.00725	0.01402	0.02134	0.02850	0.40206	0.10576	0.29443	0.01904	0.00985	0.00273	0.00408	0.01647	0.00852	0.00746
15	0.01882	0.01955	0.03559	0.03310	0.17663	0.02133	0.25496	0.02335	0.01701	0.02428	0.01630	0.05978	0.01462	0.01063	0.01512	0.00303	0.23176	0.00922	0.00420	0.01072
16	0.01751	0.14511	0.57027	0.02224	0.03372	0.02136	0.02818	0.02609	0.01744	0.02528	0.01440	0.01690	0.01054	0.00777	0.00750	0.00250	0.01176	0.00588	0.00351	0.01203
17	0.01443	0.00722	0.01082	0.01082	0.01082	0.00722	0.00722	0.01082	0.01082	0.01443	0.01443	0.02525	0.01443	0.02886	0.03247	0.75830	0.00722	0.00722	0.00361	0.00361
18	0.01208	0.00805	0.00906	0.00906	0.00906	0.00805	0.00503	0.01208	0.01208	0.01611	0.02618	0.05436	0.03020	0.70804	0.04228	0.00805	0.00805	0.01208	0.00503	0.00503
19	0.01723	0.01477	0.01723	0.01230	0.01969	0.01107	0.00984	0.02092	0.01723	0.02707	0.01477	0.01723	0.01230	0.00615	0.00615	0.00123	0.00615	0.00492	0.00492	0.75883
20	0.01208	0.00805	0.00906	0.00906	0.00906	0.00805	0.00503	0.01208	0.01208	0.01611	0.02618	0.05436	0.03020	0.70804	0.04228	0.00805	0.00805	0.01208	0.00503	0.00503
21	0.01012	0.00723	0.00964	0.01157	0.01205	0.00675	0.00771	0.01157	0.01591	0.02121	0.04579	0.70262	0.05495	0.02603	0.01060	0.00337	0.00482	0.02362	0.00771	0.00675
22	0.02153	0.02285	0.02872	0.23524	0.33044	0.17112	0.02258	0.02599	0.01930	0.02379	0.01472	0.01974	0.01196	0.00794	0.00808	0.00248	0.01142	0.00692	0.00402	0.01116
23	0.01982	0.42447	0.31117	0.01829	0.02762	0.02702	0.02131	0.02549	0.01716	0.02246	0.01300	0.01514	0.01060	0.00745	0.00643	0.00214	0.01035	0.00517	0.00353	0.01136
24	0.01963	0.06921	0.23589	0.05126	0.02853	0.11594	0.02197	0.02427	0.01625	0.02214	0.01270	0.01741	0.01074	0.01081	0.01600	0.00295	0.30383	0.00647	0.00368	0.01031
25	0.01915	0.09587	0.33463	0.05613	0.09767	0.08259	0.02462	0.02534	0.01726	0.02383	0.01374	0.01757	0.01093	0.00907	0.01122	0.00268	0.13649	0.00631	0.00368	0.01125
26	0.05949	0.44392	0.09485	0.01589	0.02239	0.12070	0.01538	0.02513	0.01739	0.02117	0.01317	0.01599	0.01163	0.01319	0.07593	0.00316	0.01136	0.00520	0.00383	0.01024
27	0.20922	0.21769	0.13697	0.02175	0.12010	0.06036	0.04666	0.02544	0.01715	0.02717	0.01369	0.01642	0.01112	0.00762	0.00652	0.00230	0.00939	0.00564	0.03407	0.01075

[dist]
# distance from previous block
# <min> <max>
3	22

[block]
# block no. 1 follows, 22 sequences, length 68
# corresponding to MSA columns:
# 93-160
name=unknown_B
#
# <colnr> <probs for GDERKNQSTAVLIFYWHMCP>
#	G	D	E	R	K	N	Q	S	T	A	V	L	I	F	Y	W	H	M	C	P
0	0.02169	0.02850	0.15631	0.11477	0.31075	0.17520	0.02400	0.02697	0.01946	0.02465	0.01472	0.01882	0.01180	0.00788	0.00799	0.00246	0.01171	0.00666	0.00398	0.01167
1	0.13469	0.07911	0.10652	0.16234	0.15967	0.01990	0.12950	0.02436	0.01741	0.02690	0.01526	0.01974	0.01193	0.00773	0.00763	0.00254	0.01019	0.00700	0.04687	0.01074
2	0.02069	0.02471	0.15012	0.02115	0.06070	0.08869	0.01831	0.10085	0.16835	0.02900	0.02028	0.02311	0.01613	0.01742	0.10258	0.00422	0.10920	0.00761	0.00553	0.01136
3	0.02929	0.03417	0.02467	0.02444	0.10096	0.48642	0.01700	0.10161	0.05774	0.02562	0.01511	0.01708	0.01217	0.00873	0.00772	0.00226	0.01325	0.00606	0.00495	0.01076
4	0.01012	0.00764	0.00936	0.01059	0.01183	0.00688	0.00731	0.01188	0.01719	0.02220	0.08842	0.48737	0.23097	0.02410	0.01033	0.00317	0.00459	0.02139	0.00779	0.00688
5	0.02651	0.03152	0.02632	0.10881	0.19135	0.42797	0.01932	0.02977	0.02152	0.02219	0.01379	0.01727	0.01138	0.00823	0.00778	0.00230	0.01320	0.00612	0.00417	0.01049
6	0.02480	0.23559	0.19461	0.01976	0.02706	0.28025	0.01927	0.06458	0.02098	0.02356	0.01342	0.01545	0.01085	0.00805	0.00701	0.00218	0.01216	0.00542	0.00411	0.01088
7	0.01713	0.04019	0.58943	0.02695	0.11021	0.01935	0.03007	0.02621	0.01770	0.02641	0.01499	0.01790	0.01084	0.00783	0.00793	0.00261	0.01199	0.00629	0.00358	0.01238
8	0.00982	0.00842	0.00842	0.00842	0.01122	0.00701	0.00631	0.01192	0.01894	0.02244	0.08416	0.07995	0.65285	0.02104	0.00982	0.00281	0.00421	0.01753	0.00771	0.00701
9	0.01669	0.01695	0.01839	0.05769	0.17034	0.13132	0.01381	0.01970	0.01957	0.02367	0.08309	0.12435	0.24149	0.01519	0.00903	0.00266	0.00793	0.01294	0.00611	0.00909
10	0.01982	0.01841	0.02933	0.20612	0.40180	0.01979	0.02298	0.05291	0.09371	0.02766	0.01777	0.02218	0.01414	0.00820	0.00828	0.00259	0.00975	0.00764	0.00471	0.01221
11	0.01126	0.00905	0.01435	0.01437	0.01580	0.00845	0.08173	0.01337	0.01635	0.02185	0.04232	0.62119	0.04988	0.02375	0.01051	0.00331	0.00592	0.02196	0.00729	0.00728
12	0.02051	0.01987	0.03447	0.05021	0.62623	0.01980	0.05489	0.02555	0.01895	0.02711	0.01568	0.02065	0.01313	0.00738	0.00830	0.00248	0.01007	0.00752	0.00412	0.01306
13	0.02302	0.02510	0.02847	0.07717	0.37830	0.23027	0.02124	0.02688	0.02009	0.02423	0.01648	0.05973	0.01475	0.00895	0.00813	0.00243	0.01129	0.00771	0.00436	0.01140
14	0.01203	0.00826	0.01012	0.01012	0.01049	0.00863	0.00636	0.01276	0.01240	0.01689	0.02520	0.04899	0.02787	0.54827	0.19887	0.00936	0.01157	0.01129	0.00489	0.00562
15	0.01187	0.00890	0.01335	0.01335	0.01483	0.01038	0.01038	0.01483	0.01335	0.01928	0.02225	0.03264	0.02077	0.06231	0.67512	0.01335	0.02225	0.00890	0.00445	0.00742
16	0.02031	0.01948	0.03326	0.08401	0.62518	0.01967	0.02537	0.02527	0.01880	0.02683	0.01558	0.02064	0.01305	0.00745	0.00823	0.00248	0.00993	0.00740	0.00409	0.01296
17	0.76672	0.01607	0.01221	0.01092	0.01607	0.01864	0.00900	0.02442	0.01414	0.03727	0.01157	0.01350	0.00900	0.00771	0.00514	0.00257	0.00643	0.00450	0.00514	0.00900
18	0.01152	0.00848	0.01078	0.01020	0.01227	0.00774	0.00765	0.01522	0.02296	0.03200	0.58299	0.06423	0.14806	0.01748	0.00980	0.00264	0.00395	0.01533	0.00897	0.00774
19	0.02368	0.02362	0.03091	0.04209	0.47216	0.13499	0.02271	0.09742	0.02208	0.02890	0.01564	0.01951	0.01284	0.00791	0.00811	0.00241	0.01068	0.00705	0.00463	0.01266
20	0.03054	0.02275	0.02435	0.01890	0.02537	0.02528	0.01554	0.57279	0.09649	0.05068	0.02127	0.02100	0.01520	0.01010	0.00832	0.00252	0.00890	0.00766	0.00832	0.01403
21	0.02477	0.10371	0.02411	0.01623	0.02289	0.02165	0.01351	0.29877	0.11156	0.03861	0.01929	0.01985	0.01470	0.00869	0.00734	0.00208	0.00789	0.00662	0.00676	0.23098
22	0.02670	0.15886	0.08195	0.02230	0.06760	0.41813	0.01772	0.02974	0.02083	0.02113	0.01284	0.01548	0.01086	0.00855	0.00845	0.00223	0.05686	0.00551	0.00403	0.01024
23	0.01208	0.00805	0.00906	0.00906	0.00906	0.00805	0.00503	0.01208	0.01208	0.01611	0.02618	0.05436	0.03020	0.70804	0.04228	0.00805	0.00805	0.01208	0.00503	0.00503
24	0.01723	0.01477	0.01723	0.01230	0.01969	0.01107	0.00984	0.02092	0.01723	0.02707	0.01477	0.01723	0.01230	0.00615	0.00615	0.00123	0.00615	0.00492	0.00492	0.75883
25	0.01012	0.00723	0.00964	0.01157	0.01205	0.00675	0.00771	0.01157	0.01591	0.02121	0.04579	0.70262	0.05495	0.02603	0.01060	0.00337	0.00482	0.02362	0.00771	0.00675
26	0.01933	0.01838	0.03043	0.11949	0.43951	0.01808	0.05177	0.02421	0.01837	0.02639	0.01543	0.02024	0.01273	0.00726	0.00794	0.00230	0.00954	0.00707	0.00421	0.14732
27	0.01910	0.01824	0.03108	0.24237	0.47628	0.01935	0.02477	0.02421	0.01822	0.02536	0.01537	0.02104	0.01253	0.00767	0.00825	0.00256	0.01023	0.00740	0.00399	0.01198
28	0.01012	0.00723	0.00964	0.01157	0.01205	0.00675	0.00771	0.01157	0.01591	0.02121	0.04579	0.70262	0.05495	0.02603	0.01060	0.00337	0.00482	0.02362	0.00771	0.00675
29	0.19258	0.01041	0.01211	0.01180	0.01424	0.01190	0.00926	0.01790	0.01424	0.02560	0.02054	0.02778	0.01805	0.04017	0.39944	0.00880	0.01530	0.00765	0.13437	0.00785
30	0.02056	0.01974	0.03372	0.05099	0.65622	0.01974	0.02550	0.02550	0.01892	0.02714	0.01563	0.02056	0.01316	0.00740	0.00822	0.00247	0.00987	0.00740	0.00411	0.01316
31	0.02134	0.01682	0.01879	0.01700	0.02139	0.01873	0.01390	0.18632	0.30500	0.03638	0.03322	0.04647	0.02903	0.01435	0.00930	0.00303	0.00755	0.18141	0.00818	0.01179
32	0.02172	0.33910	0.27388	0.01908	0.02762	0.14373	0.02075	0.02691	0.01833	0.02223	0.01305	0.01521	0.01062	0.00767	0.00669	0.00216	0.01126	0.00524	0.00367	0.01108
33	0.01569	0.01477	0.02492	0.68808	0.05722	0.01846	0.02307	0.02123	0.01661	0.02123	0.01477	0.02215	0.01107	0.00831	0.00831	0.00277	0.01107	0.00738	0.00369	0.00923
34	0.02901	0.02678	0.02308	0.01915	0.02441	0.23280	0.01522	0.36243	0.03095	0.03804	0.01794	0.01989	0.01383	0.01587	0.08892	0.00370	0.01261	0.00697	0.00654	0.01187
35	0.00984	0.00834	0.00850	0.00863	0.01128	0.00700	0.00641	0.01190	0.01873	0.02236	0.08160	0.12151	0.61294	0.02137	0.00987	0.00284	0.00425	0.01794	0.00771	0.00700
36	0.02133	0.01474	0.01585	0.01327	0.01657	0.01584	0.00994	0.28639	0.02499	0.03485	0.02358	0.03489	0.02147	0.27272	0.02065	0.00449	0.00778	0.00926	0.14184	0.00955
37	0.03119	0.03483	0.02395	0.02073	0.02571	0.48525	0.01598	0.20697	0.02807	0.02968	0.01491	0.01643	0.01170	0.00897	0.00773	0.00224	0.01328	0.00597	0.00546	0.01094
38	0.01012	0.00723	0.00964	0.01157	0.01205	0.00675	0.00771	0.01157	0.01591	0.02121	0.04579	0.70262	0.05495	0.02603	0.01060	0.00337	0.00482	0.02362	0.00771	0.00675
39	0.03103	0.03959	0.02354	0.02140	0.02568	0.67469	0.01605	0.03317	0.02354	0.02033	0.01284	0.01498	0.01070	0.00856	0.00749	0.00214	0.01498	0.00535	0.00428	0.00963
40	0.02304	0.36173	0.20308	0.01844	0.02632	0.15704	0.01904	0.06135	0.01965	0.02337	0.01318	0.01515	0.01083	0.00777	0.00661	0.00212	0.01102	0.00525	0.00396	0.01108
41	0.01813	0.22045	0.50040	0.02117	0.03208	0.02289	0.02633	0.02593	0.01736	0.02452	0.01402	0.01642	0.01056	0.00768	0.00721	0.00240	0.01138	0.00569	0.00352	0.01185
42	0.02374	0.03359	0.18057	0.02273	0.02927	0.30911	0.10157	0.06011	0.02131	0.02436	0.01775	0.02067	0.03956	0.01165	0.04142	0.00300	0.03765	0.00703	0.00443	0.01048
43	0.02228	0.51029	0.15340	0.01680	0.02449	0.10826	0.01741	0.02614	0.01781	0.02086	0.01231	0.01429	0.01064	0.00743	0.00606	0.00198	0.01024	0.00486	0.00363	0.01083
44	0.07163	0.63384	0.07175	0.01446	0.02168	0.03126	0.01467	0.02492	0.01673	0.02106	0.01171	0.01354	0.01054	0.00719	0.00544	0.00187	0.00889	0.00453	0.00366	0.01063
45	0.01702	0.08602	0.62508	0.02307	0.03502	0.02017	0.02964	0.02622	0.01750	0.02587	0.01469	0.01727	0.01053	0.00784	0.00773	0.00258	0.01206	0.00603	0.00351	0.01217
46	0.02428	0.51808	0.06238	0.01594	0.02297	0.07391	0.01525	0.13455	0.02136	0.02578	0.01328	0.01479	0.01128	0.00775	0.00611	0.00196	0.00947	0.00512	0.00446	0.01128
47	0.01047	0.00844	0.00931	0.00910	0.01162	0.00729	0.00682	0.01318	0.02047	0.02608	0.27395	0.07397	0.46079	0.01968	0.00981	0.00274	0.00411	0.01669	0.00819	0.00729
48	0.01208	0.00805	0.00906	0.00906	0.00906	0.00805	0.00503	0.01208	0.01208	0.01611	0.02618	0.05436	0.03020	0.70804	0.04228	0.00805	0.00805	0.01208	0.00503	0.00503
49	0.01212	0.00862	0.01195	0.01195	0.01308	0.00964	0.00877	0.01437	0.01324	0.01909	0.02352	0.03813	0.02322	0.22529	0.47693	0.01138	0.01763	0.00966	0.04460	0.00682
50	0.03103	0.03959	0.02354	0.02140	0.02568	0.67469	0.01605	0.03317	0.02354	0.02033	0.01284	0.01498	0.01070	0.00856	0.00749	0.00214	0.01498	0.00535	0.00428	0.00963
51	0.03158	0.02327	0.02493	0.01911	0.02576	0.02576	0.01579	0.62852	0.03906	0.05236	0.01995	0.01995	0.01413	0.00997	0.00831	0.00249	0.00914	0.00748	0.00831	0.01413
52	0.02880	0.21141	0.02877	0.01940	0.02457	0.46659	0.01556	0.07078	0.02287	0.02227	0.01298	0.01489	0.01092	0.00828	0.00699	0.00207	0.01303	0.00526	0.00436	0.01020
53	0.22029	0.02251	0.02157	0.01716	0.02327	0.06725	0.01406	0.43368	0.03162	0.04635	0.01732	0.01796	0.01258	0.00930	0.00744	0.00249	0.00883	0.00657	0.00723	0.01251
54	0.01040	0.00809	0.00946	0.00986	0.01177	0.00715	0.00711	0.01278	0.01923	0.02487	0.21871	0.25713	0.33081	0.02145	0.01004	0.00292	0.00431	0.01866	0.00808	0.00715
55	0.01187	0.00890	0.01335	0.01335	0.01483	0.01038	0.01038	0.01483	0.01335	0.01928	0.02225	0.03264	0.02077	0.06231	0.67512	0.01335	0.02225	0.00890	0.00445	0.00742
56	0.01339	0.00956	0.01339	0.01530	0.01721	0.00956	0.01339	0.01721	0.01912	0.02486	0.04399	0.09371	0.04781	0.02295	0.01147	0.00382	0.00765	0.60031	0.00765	0.00765
57	0.12895	0.03682	0.09981	0.02026	0.02563	0.50633	0.01687	0.03115	0.02154	0.02335	0.01292	0.01509	0.01045	0.00836	0.00722	0.00226	0.01349	0.00533	0.00430	0.00987
58	0.01033	0.00821	0.00937	0.01016	0.01218	0.00724	0.00757	0.01245	0.01807	0.02237	0.06815	0.26337	0.40587	0.02272	0.01025	0.00309	0.00480	0.08907	0.00771	0.00701
59	0.01012	0.00723	0.00964	0.01157	0.01205	0.00675	0.00771	0.01157	0.01591	0.02121	0.04579	0.70262	0.05495	0.02603	0.01060	0.00337	0.00482	0.02362	0.00771	0.00675
60	0.02605	0.02471	0.02565	0.19425	0.11024	0.18373	0.01889	0.25311	0.02705	0.03343	0.01634	0.01935	0.01238	0.00889	0.00810	0.00247	0.01117	0.00692	0.00563	0.01165
61	0.19671	0.07653	0.43779	0.01995	0.02979	0.05492	0.02375	0.02614	0.01701	0.02820	0.01380	0.01619	0.01018	0.00784	0.00706	0.00254	0.01082	0.00560	0.00394	0.01126
62	0.33406	0.02450	0.01934	0.01633	0.02175	0.18944	0.01306	0.22699	0.02482	0.03792	0.01467	0.01602	0.01114	0.00868	0.00680	0.00243	0.00952	0.00571	0.00597	0.01086
63	0.05676	0.26235	0.21397	0.01921	0.02676	0.24476	0.01934	0.02807	0.01919	0.02254	0.01295	0.01510	0.01056	0.00785	0.00679	0.00218	0.01181	0.00524	0.00386	0.01070
64	0.01950	0.02565	0.17401	0.10118	0.05556	0.11444	0.01880	0.03124	0.22815	0.02796	0.06687	0.02839	0.05167	0.01040	0.00831	0.00264	0.00956	0.00847	0.00591	0.01130
65	0.13974	0.12119	0.07857	0.01770	0.07338	0.12347	0.01413	0.02428	0.01855	0.07527	0.02901	0.03421	0.12132	0.04534	0.00932	0.00277	0.00882	0.04762	0.00554	0.00978
66	0.06077	0.03015	0.14826	0.06846	0.03276	0.24584	0.17499	0.02730	0.02005	0.02432	0.01868	0.02443	0.03744	0.00922	0.00839	0.00258	0.01272	0.03894	0.00443	0.01026
67	0.07151	0.17605	0.05673	0.01462	0.02040	0.05068	0.01290	0.09840	0.02225	0.15227	0.13405	0.05073	0.02681	0.01059	0.00756	0.00229	0.00763	0.00832	0.00682	0.06938

[dist]
# distance from previous block
# <min> <max>
9	46

[block]
# block no. 2 follows, 22 sequences, length 11
# corresponding to MSA columns:
# 207-217
name=unknown_C
#
# <colnr> <probs for GDERKNQSTAVLIFYWHMCP>
#	G	D	E	R	K	N	Q	S	T	A	V	L	I	F	Y	W	H	M	C	P
0	0.02254	0.11189	0.08232	0.02400	0.17306	0.08668	0.01684	0.07392	0.02035	0.09408	0.01928	0.02229	0.01518	0.01375	0.07261	0.00335	0.01043	0.00699	0.11925	0.01118
1	0.02073	0.03261	0.35056	0.02759	0.09593	0.02102	0.14212	0.15206	0.02257	0.03189	0.01640	0.01928	0.01194	0.00811	0.00838	0.00262	0.01172	0.00725	0.00470	0.01254
2	0.01847	0.10837	0.05493	0.08922	0.10643	0.01724	0.03703	0.02164	0.01665	0.08865	0.02537	0.03318	0.07923	0.14898	0.04626	0.00416	0.08042	0.00909	0.00512	0.00954
3	0.05371	0.08702	0.12698	0.08848	0.09188	0.01696	0.01669	0.02774	0.07464	0.14733	0.06944	0.02708	0.02096	0.03801	0.00910	0.00270	0.00825	0.00794	0.07395	0.01114
4	0.09751	0.01736	0.01732	0.01680	0.05948	0.09645	0.01209	0.05625	0.13645	0.02956	0.11075	0.09712	0.08305	0.01290	0.00915	0.00257	0.04069	0.01041	0.00666	0.08743
5	0.02404	0.11646	0.02968	0.07579	0.05665	0.17106	0.11572	0.05438	0.05067	0.09136	0.01884	0.06102	0.01574	0.01000	0.00981	0.00257	0.07206	0.00809	0.00528	0.01077
6	0.19738	0.05693	0.14991	0.01778	0.02414	0.20164	0.01650	0.12116	0.02230	0.03164	0.07197	0.02013	0.01694	0.00915	0.00727	0.00242	0.01028	0.00648	0.00537	0.01060
7	0.01611	0.01704	0.11523	0.23194	0.03164	0.01480	0.01678	0.02319	0.09939	0.05794	0.08930	0.11485	0.02797	0.09296	0.01264	0.00342	0.00859	0.01085	0.00585	0.00952
8	0.02751	0.03661	0.07940	0.02024	0.02508	0.54563	0.01634	0.03032	0.02252	0.02109	0.02054	0.02206	0.07836	0.00982	0.00777	0.00225	0.01360	0.00670	0.00457	0.00959
9	0.02636	0.33949	0.03043	0.01510	0.02126	0.09053	0.01336	0.03018	0.04904	0.19956	0.01949	0.01992	0.01485	0.01186	0.04982	0.00281	0.00964	0.00617	0.00585	0.04427
10	0.01765	0.01120	0.01678	0.01601	0.05018	0.01025	0.06517	0.02083	0.02002	0.15843	0.15496	0.23183	0.11952	0.01760	0.00975	0.00293	0.00631	0.05326	0.00801	0.00931

[dist]
# distance from previous block
# <min> <max>
0	1

[block]
# block no. 3 follows, 22 sequences, length 16
# corresponding to MSA columns:
# 219-234
name=unknown_D
#
# <colnr> <probs for GDERKNQSTAVLIFYWHMCP>
#	G	D	E	R	K	N	Q	S	T	A	V	L	I	F	Y	W	H	M	C	P
0	0.23359	0.07255	0.44183	0.01947	0.02940	0.01986	0.02351	0.02568	0.01652	0.02910	0.01376	0.01614	0.01009	0.00780	0.00696	0.00257	0.01040	0.00557	0.00398	0.01124
1	0.02676	0.03703	0.18512	0.02379	0.07297	0.38441	0.02036	0.10400	0.02362	0.02624	0.01443	0.01663	0.01125	0.00848	0.00774	0.00233	0.01322	0.00595	0.00457	0.01110
2	0.02104	0.02028	0.01616	0.01474	0.01852	0.21377	0.01123	0.02808	0.15416	0.06984	0.08941	0.04123	0.18884	0.01328	0.00843	0.00251	0.00815	0.01055	0.06004	0.00973
3	0.01874	0.01438	0.01852	0.02017	0.12519	0.01468	0.01322	0.17368	0.02244	0.03123	0.02788	0.19914	0.02805	0.05265	0.04653	0.00353	0.00812	0.05236	0.05964	0.06985
4	0.01208	0.00805	0.00906	0.00906	0.00906	0.00805	0.00503	0.01208	0.01208	0.01611	0.02618	0.05436	0.03020	0.70804	0.04228	0.00805	0.00805	0.01208	0.00503	0.00503
5	0.01187	0.00890	0.01335	0.01335	0.01483	0.01038	0.01038	0.01483	0.01335	0.01928	0.02225	0.03264	0.02077	0.06231	0.67512	0.01335	0.02225	0.00890	0.00445	0.00742
6	0.02221	0.71304	0.04353	0.01421	0.02132	0.03287	0.01421	0.02488	0.01688	0.01955	0.01155	0.01333	0.01066	0.00711	0.00533	0.00178	0.00888	0.00444	0.00355	0.01066
7	0.01549	0.00774	0.00774	0.00774	0.00968	0.00774	0.00581	0.01936	0.01742	0.03097	0.02710	0.03097	0.02129	0.00968	0.00581	0.00194	0.00387	0.00774	0.75416	0.00774
8	0.00997	0.00823	0.00876	0.00904	0.01142	0.00701	0.00662	0.01206	0.01869	0.02282	0.10816	0.18017	0.52511	0.02163	0.00994	0.00289	0.00429	0.01839	0.00779	0.00701
9	0.18181	0.01340	0.01543	0.01318	0.01757	0.01368	0.01037	0.03000	0.09445	0.27228	0.05435	0.03067	0.02251	0.10023	0.09007	0.00453	0.00863	0.00848	0.00761	0.01077
10	0.01878	0.17821	0.38045	0.02007	0.02946	0.02248	0.02305	0.03025	0.16562	0.02689	0.01869	0.01985	0.01408	0.00853	0.00749	0.00250	0.01021	0.00655	0.00469	0.01214
11	0.01618	0.02589	0.26688	0.09903	0.14517	0.01691	0.09820	0.02262	0.01824	0.02513	0.02985	0.03234	0.14668	0.01051	0.00864	0.00267	0.01023	0.00936	0.00461	0.01086
12	0.05454	0.24012	0.18824	0.01960	0.05095	0.13571	0.01872	0.11044	0.02160	0.02774	0.04856	0.01851	0.01481	0.00852	0.00710	0.00226	0.01047	0.00614	0.00472	0.01125
13	0.15464	0.21295	0.10087	0.01570	0.02230	0.05666	0.01479	0.18165	0.02285	0.03243	0.02281	0.02356	0.08735	0.00978	0.00702	0.00235	0.00867	0.00704	0.00560	0.01098
14	0.02044	0.02710	0.30610	0.01938	0.05553	0.04605	0.01996	0.02644	0.01994	0.16257	0.08145	0.03365	0.12310	0.01129	0.00846	0.00261	0.00918	0.00921	0.00617	0.01138
15	0.01925	0.04934	0.02298	0.02462	0.17042	0.15595	0.01599	0.02204	0.01823	0.02233	0.03127	0.03395	0.17228	0.01501	0.04191	0.00319	0.15726	0.00942	0.00494	0.00964

[dist]
# distance from previous block
# <min> <max>
5	36

[block]
# block no. 4 follows, 22 sequences, length 10
# corresponding to MSA columns:
# 271-280
name=unknown_E
#
# <colnr> <probs for GDERKNQSTAVLIFYWHMCP>
#	G	D	E	R	K	N	Q	S	T	A	V	L	I	F	Y	W	H	M	C	P
0	0.05496	0.06059	0.16228	0.06426	0.17981	0.26186	0.02141	0.05400	0.02078	0.02532	0.01425	0.01733	0.01135	0.00809	0.00764	0.00237	0.01211	0.00614	0.00422	0.01122
1	0.23705	0.03443	0.33308	0.01948	0.02791	0.16511	0.02115	0.02729	0.01789	0.02815	0.01348	0.01580	0.01012	0.00799	0.00701	0.00250	0.01119	0.00549	0.00415	0.01074
2	0.10151	0.02466	0.15830	0.02283	0.12713	0.09408	0.01796	0.03026	0.16969	0.05899	0.02396	0.02629	0.04790	0.04946	0.00982	0.00290	0.00928	0.00788	0.00570	0.01139
3	0.01903	0.01478	0.01448	0.01278	0.01678	0.08197	0.00990	0.04983	0.10487	0.11880	0.13372	0.05099	0.27279	0.01511	0.00893	0.00259	0.00635	0.01244	0.00790	0.04596
4	0.01964	0.09918	0.05233	0.02700	0.21284	0.01833	0.06888	0.06568	0.01918	0.02741	0.01569	0.01943	0.01302	0.01076	0.05146	0.00274	0.00975	0.00651	0.00461	0.25555
5	0.01477	0.02160	0.22090	0.02329	0.15946	0.01379	0.01865	0.02019	0.01916	0.02697	0.17058	0.11780	0.11156	0.01363	0.00896	0.00270	0.00798	0.01192	0.00593	0.01016
6	0.01627	0.17243	0.16071	0.01477	0.01920	0.01571	0.01439	0.01786	0.01462	0.01942	0.01833	0.07364	0.01811	0.01880	0.01795	0.31515	0.00855	0.05234	0.00417	0.00759
7	0.02316	0.03145	0.32561	0.02451	0.07124	0.02087	0.08488	0.20504	0.02466	0.08212	0.01798	0.01974	0.01272	0.00857	0.00827	0.00259	0.01098	0.00715	0.00554	0.01291
8	0.01307	0.01021	0.01484	0.01865	0.13338	0.01040	0.01086	0.01508	0.01475	0.02036	0.02894	0.22930	0.03199	0.23606	0.16774	0.00684	0.01063	0.01380	0.00550	0.00759
9	0.14995	0.10179	0.02827	0.02001	0.02546	0.14239	0.19253	0.02516	0.01935	0.02773	0.09516	0.02424	0.02052	0.00895	0.00763	0.00241	0.00999	0.00787	0.08089	0.00969

[dist]
# distance from previous block
# <min> <max>
0	1

[block]
# block no. 5 follows, 22 sequences, length 8
# corresponding to MSA columns:
# 282-289
name=unknown_F
#
# <colnr> <probs for GDERKNQSTAVLIFYWHMCP>
#	G	D	E	R	K	N	Q	S	T	A	V	L	I	F	Y	W	H	M	C	P
0	0.02274	0.01972	0.03623	0.04080	0.37662	0.01901	0.20568	0.02805	0.01984	0.12069	0.01852	0.02226	0.01408	0.00771	0.00872	0.00258	0.01071	0.00827	0.00505	0.01271
1	0.01356	0.02001	0.20932	0.01446	0.02018	0.01250	0.01482	0.02082	0.09195	0.02732	0.17597	0.05158	0.26485	0.01507	0.00907	0.00271	0.00687	0.01260	0.00682	0.00950
2	0.01917	0.01829	0.02496	0.30948	0.17647	0.05971	0.02025	0.02965	0.20143	0.02645	0.02044	0.02396	0.01572	0.00900	0.00828	0.00268	0.00972	0.00785	0.00522	0.01127
3	0.02331	0.03045	0.11377	0.01805	0.02239	0.37565	0.01510	0.02630	0.01983	0.02140	0.01848	0.06558	0.01743	0.12411	0.01331	0.00324	0.01196	0.00788	0.06283	0.00894
4	0.14933	0.16771	0.09417	0.02124	0.06877	0.02444	0.08626	0.20808	0.02351	0.03450	0.01529	0.01749	0.01182	0.00844	0.00798	0.00245	0.03493	0.00646	0.00537	0.01177
5	0.02221	0.01999	0.01833	0.01632	0.02025	0.15964	0.01306	0.20549	0.02714	0.03403	0.17166	0.04611	0.06759	0.01439	0.00917	0.00272	0.00867	0.12570	0.00746	0.01006
6	0.06925	0.12524	0.15743	0.17878	0.21060	0.02167	0.02264	0.02410	0.01701	0.02465	0.01404	0.01858	0.01134	0.00824	0.00902	0.00256	0.06337	0.00650	0.00385	0.01113
7	0.01825	0.18875	0.33925	0.02207	0.06557	0.02152	0.05945	0.04896	0.01817	0.02512	0.01797	0.02100	0.03809	0.01297	0.06543	0.00337	0.01187	0.00681	0.00405	0.01133

[dist]
# distance from previous block
# <min> <max>
18	66

[block]
# block no. 6 follows, 22 sequences, length 16
# corresponding to MSA columns:
# 356-371
name=unknown_G
#
# <colnr> <probs for GDERKNQSTAVLIFYWHMCP>
#	G	D	E	R	K	N	Q	S	T	A	V	L	I	F	Y	W	H	M	C	P
0	0.01916	0.19494	0.08268	0.02070	0.02717	0.02228	0.15444	0.02344	0.01682	0.02362	0.01367	0.01764	0.01155	0.00837	0.01106	0.00231	0.14411	0.00647	0.00405	0.19551
1	0.01669	0.01328	0.01749	0.02008	0.13175	0.01317	0.01285	0.12998	0.02143	0.02888	0.03763	0.29048	0.10303	0.01758	0.00944	0.00288	0.00678	0.06088	0.00699	0.05873
2	0.01829	0.01481	0.08179	0.01456	0.01891	0.01183	0.03538	0.08106	0.02186	0.13445	0.14357	0.16695	0.14343	0.01664	0.00949	0.00287	0.00671	0.05979	0.00787	0.00975
3	0.01159	0.00869	0.01132	0.01187	0.01355	0.00821	0.00860	0.01370	0.01581	0.02155	0.03946	0.36955	0.08563	0.07452	0.13221	0.00524	0.00851	0.06277	0.00663	0.09060
4	0.01044	0.00736	0.00954	0.01116	0.01156	0.00696	0.00727	0.01165	0.01528	0.02037	0.04257	0.59621	0.05088	0.13798	0.01580	0.00414	0.00535	0.02172	0.00727	0.00647
5	0.01998	0.02082	0.03995	0.04200	0.34319	0.02068	0.29084	0.02563	0.01881	0.02644	0.01584	0.02122	0.01277	0.00770	0.01018	0.00269	0.05668	0.00846	0.00412	0.01203
6	0.01824	0.01663	0.02738	0.34586	0.19564	0.01900	0.05638	0.06151	0.01807	0.02440	0.01513	0.02159	0.01214	0.01024	0.01172	0.06386	0.06043	0.00751	0.00412	0.01017
7	0.10537	0.02161	0.05275	0.14492	0.39317	0.09233	0.02238	0.02557	0.01847	0.02654	0.01469	0.01928	0.01198	0.00773	0.00779	0.00250	0.01033	0.00679	0.00416	0.01163
8	0.12314	0.03299	0.40470	0.02918	0.19876	0.01932	0.02626	0.02583	0.01743	0.02807	0.01463	0.01778	0.01101	0.00774	0.00759	0.00258	0.01081	0.00625	0.00390	0.01205
9	0.12635	0.40477	0.18056	0.01889	0.07529	0.02668	0.01816	0.02519	0.01681	0.02422	0.01265	0.01490	0.01060	0.00740	0.00612	0.00214	0.00939	0.00508	0.00381	0.01100
10	0.28767	0.02903	0.22911	0.05644	0.02711	0.14045	0.01846	0.02766	0.01785	0.07535	0.01463	0.01668	0.01078	0.00815	0.00690	0.00252	0.01025	0.00564	0.00474	0.01058
11	0.09810	0.15260	0.19618	0.02546	0.15981	0.10419	0.02060	0.05204	0.06775	0.02735	0.01553	0.01784	0.01228	0.00806	0.00723	0.00238	0.01032	0.00614	0.00449	0.01165
12	0.06795	0.07487	0.02134	0.17808	0.06469	0.14132	0.01521	0.02447	0.07309	0.02587	0.13618	0.03366	0.06700	0.01133	0.00819	0.00255	0.00902	0.02994	0.00571	0.00952
13	0.02299	0.05695	0.20248	0.03238	0.26188	0.13800	0.02342	0.11183	0.02212	0.02895	0.01538	0.01838	0.01204	0.00809	0.00790	0.00243	0.01130	0.00659	0.00455	0.01233
14	0.15966	0.08046	0.13472	0.03385	0.33645	0.06848	0.02169	0.02594	0.01797	0.02777	0.01422	0.01775	0.01156	0.00760	0.00731	0.00243	0.00992	0.00626	0.00417	0.01178
15	0.02114	0.14381	0.26445	0.07855	0.15518	0.02282	0.02347	0.14129	0.02177	0.02996	0.01545	0.01826	0.01180	0.00810	0.00764	0.00244	0.01054	0.00646	0.00457	0.01230

[dist]
# distance from previous block
# <min> <max>
17	90

[block]
# block no. 7 follows, 22 sequences, length 6
# corresponding to MSA columns:
# 491-496
name=unknown_H
#
# <colnr> <probs for GDERKNQSTAVLIFYWHMCP>
#	G	D	E	R	K	N	Q	S	T	A	V	L	I	F	Y	W	H	M	C	P
0	0.05525	0.05750	0.08466	0.01795	0.02368	0.17893	0.01535	0.11977	0.21331	0.06845	0.02607	0.02562	0.05694	0.01032	0.00795	0.00252	0.00952	0.00784	0.00663	0.01174
1	0.01947	0.01822	0.02847	0.10857	0.28867	0.01868	0.06488	0.05065	0.04573	0.02715	0.01595	0.02036	0.01305	0.00818	0.00976	0.00239	0.07540	0.00712	0.00457	0.17273
2	0.02166	0.09175	0.02520	0.01911	0.02345	0.28027	0.10898	0.02443	0.01985	0.02137	0.02983	0.03330	0.15293	0.06328	0.01178	0.00287	0.04669	0.00923	0.00497	0.00903
3	0.27887	0.09696	0.08300	0.01900	0.12796	0.01752	0.01401	0.02190	0.01732	0.02954	0.08672	0.03095	0.12493	0.01074	0.00720	0.00251	0.00726	0.00836	0.00544	0.00978
4	0.01943	0.02092	0.04729	0.01740	0.04825	0.21404	0.01284	0.05639	0.01830	0.02169	0.02077	0.06902	0.02039	0.16591	0.20401	0.00664	0.01434	0.00904	0.00487	0.00846
5	0.01994	0.02198	0.09479	0.02567	0.19293	0.14144	0.01721	0.02472	0.04484	0.06306	0.10448	0.13490	0.05360	0.01269	0.00870	0.00262	0.00906	0.01091	0.00596	0.01051

[dist]
# distance from previous block
# <min> <max>
15	48

[block]
# block no. 8 follows, 22 sequences, length 126
# corresponding to MSA columns:
# 545-670
name=unknown_I
#
# <colnr> <probs for GDERKNQSTAVLIFYWHMCP>
#	G	D	E	R	K	N	Q	S	T	A	V	L	I	F	Y	W	H	M	C	P
0	0.05978	0.15560	0.02560	0.01965	0.08007	0.05017	0.08216	0.02185	0.01802	0.02495	0.04698	0.03844	0.02381	0.01677	0.07430	0.00364	0.01010	0.14150	0.04994	0.05666
1	0.05254	0.02319	0.02488	0.02956	0.25415	0.16775	0.01781	0.12306	0.08331	0.03020	0.02501	0.02663	0.08592	0.01000	0.00815	0.00247	0.00982	0.00817	0.00568	0.01166
2	0.19074	0.02654	0.20255	0.01742	0.02437	0.09257	0.01719	0.06317	0.14456	0.06714	0.01977	0.02062	0.01462	0.00897	0.00725	0.00254	0.00912	0.00663	0.05290	0.01133
3	0.02579	0.26386	0.02960	0.01701	0.02320	0.22963	0.01434	0.13266	0.02292	0.02680	0.01396	0.01566	0.01156	0.00791	0.00667	0.00193	0.01039	0.00534	0.00484	0.13594
4	0.19685	0.07377	0.02284	0.01956	0.05027	0.37790	0.01471	0.10340	0.02270	0.02834	0.01346	0.01539	0.01084	0.00840	0.00695	0.00227	0.01172	0.00545	0.00492	0.01026
5	0.01718	0.01740	0.09560	0.05936	0.16616	0.01436	0.05433	0.04646	0.01951	0.02902	0.12020	0.02989	0.02528	0.03539	0.00912	0.00251	0.00787	0.00859	0.14709	0.09468
6	0.02448	0.02087	0.01955	0.01681	0.02167	0.12472	0.01336	0.21407	0.19114	0.06924	0.03436	0.03621	0.11528	0.01259	0.00864	0.00266	0.00846	0.04656	0.00767	0.01166
7	0.02193	0.10381	0.02522	0.02568	0.19439	0.24323	0.01618	0.02530	0.02131	0.02513	0.16112	0.02957	0.05224	0.01048	0.00806	0.00232	0.00994	0.00848	0.00539	0.01021
8	0.04300	0.01600	0.07165	0.14887	0.13797	0.01499	0.01721	0.02285	0.09082	0.02707	0.10592	0.04577	0.09019	0.01341	0.00907	0.00288	0.00811	0.11816	0.00613	0.00994
9	0.01826	0.15702	0.44903	0.09880	0.03532	0.05522	0.02617	0.02582	0.01762	0.02423	0.01420	0.01720	0.01062	0.00784	0.00747	0.00247	0.01168	0.00594	0.00358	0.01151
10	0.06868	0.02805	0.06255	0.06500	0.09862	0.23776	0.01762	0.22259	0.02638	0.03319	0.01573	0.01786	0.01209	0.00865	0.00771	0.00234	0.01115	0.00637	0.00556	0.05210
11	0.01982	0.39388	0.02966	0.01319	0.01843	0.06361	0.01189	0.02270	0.01941	0.05778	0.16589	0.03278	0.09896	0.01118	0.00715	0.00215	0.00752	0.00858	0.00570	0.00973
12	0.18657	0.01654	0.02536	0.01924	0.02544	0.01578	0.22204	0.02277	0.04191	0.02859	0.02946	0.03134	0.14117	0.01000	0.00801	0.00246	0.00855	0.00923	0.00542	0.15014
13	0.01561	0.01862	0.11622	0.17204	0.03263	0.01764	0.10237	0.02047	0.01544	0.02186	0.01673	0.02411	0.01422	0.02615	0.22134	0.00623	0.13703	0.00800	0.00396	0.00934
14	0.01818	0.02117	0.16407	0.01770	0.02295	0.05602	0.05385	0.02638	0.14093	0.07848	0.02975	0.18899	0.02834	0.07134	0.01178	0.00332	0.00867	0.04137	0.00646	0.01024
15	0.01936	0.36064	0.10481	0.01944	0.09537	0.02406	0.01640	0.02304	0.01692	0.02235	0.01611	0.08239	0.01546	0.00935	0.00776	0.00214	0.04562	0.00705	0.00420	0.10754
16	0.01774	0.04317	0.01627	0.01427	0.01677	0.11962	0.01084	0.08884	0.01845	0.02380	0.02314	0.09536	0.02255	0.12214	0.27471	0.00745	0.01434	0.00975	0.05246	0.00833
17	0.02460	0.36822	0.10777	0.01720	0.02450	0.09880	0.01653	0.17164	0.02306	0.02863	0.01423	0.01575	0.01155	0.00801	0.00661	0.00207	0.00990	0.00549	0.00483	0.04061
18	0.02557	0.02492	0.02487	0.06065	0.17851	0.20304	0.01756	0.21795	0.02650	0.03245	0.02364	0.02535	0.08231	0.01007	0.00822	0.00244	0.01051	0.00796	0.00587	0.01161
19	0.01854	0.01767	0.03007	0.31544	0.40758	0.01921	0.02449	0.02372	0.01796	0.02469	0.01527	0.02122	0.01229	0.00778	0.00826	0.00259	0.01037	0.00739	0.00394	0.01153
20	0.03107	0.05618	0.02545	0.01937	0.02556	0.15869	0.01578	0.48097	0.03494	0.04440	0.01813	0.01865	0.01328	0.00956	0.00802	0.00239	0.01032	0.00691	0.00728	0.01306
21	0.00982	0.00842	0.00842	0.00842	0.01122	0.00701	0.00631	0.01192	0.01894	0.02244	0.08416	0.07995	0.65285	0.02104	0.00982	0.00281	0.00421	0.01753	0.00771	0.00701
22	0.03049	0.03334	0.02559	0.02153	0.02683	0.42798	0.05440	0.22132	0.02821	0.03087	0.01534	0.01702	0.01191	0.00891	0.00790	0.00229	0.01307	0.00631	0.00555	0.01115
23	0.02420	0.01817	0.01954	0.01644	0.02116	0.04391	0.01309	0.27742	0.16816	0.07392	0.06320	0.06403	0.02398	0.01743	0.08388	0.00382	0.00940	0.00938	0.03693	0.01195
24	0.00982	0.00842	0.00842	0.00842	0.01122	0.00701	0.00631	0.01192	0.01894	0.02244	0.08416	0.07995	0.65285	0.02104	0.00982	0.00281	0.00421	0.01753	0.00771	0.00701
25	0.00982	0.00842	0.00842	0.00842	0.01122	0.00701	0.00631	0.01192	0.01894	0.02244	0.08416	0.07995	0.65285	0.02104	0.00982	0.00281	0.00421	0.01753	0.00771	0.00701
26	0.01928	0.02473	0.11849	0.03374	0.04258	0.02081	0.55890	0.02658	0.01937	0.02658	0.01659	0.02186	0.01237	0.00710	0.00959	0.00278	0.01381	0.00939	0.00412	0.01133
27	0.01701	0.08519	0.62584	0.02308	0.03503	0.02015	0.02966	0.02622	0.01750	0.02588	0.01470	0.01727	0.01053	0.00784	0.00773	0.00258	0.01206	0.00603	0.00351	0.01218
28	0.00982	0.00842	0.00842	0.00842	0.01122	0.00701	0.00631	0.01192	0.01894	0.02244	0.08416	0.07995	0.65285	0.02104	0.00982	0.00281	0.00421	0.01753	0.00771	0.00701
29	0.01989	0.01903	0.03213	0.04831	0.61564	0.01894	0.02429	0.02464	0.01892	0.02684	0.01994	0.02430	0.05340	0.00826	0.00832	0.00249	0.00951	0.00804	0.00434	0.01277
30	0.02428	0.02716	0.02260	0.02515	0.16474	0.34294	0.01574	0.05634	0.02102	0.02284	0.01982	0.02673	0.04781	0.13165	0.01392	0.00330	0.01177	0.00773	0.00475	0.00971
31	0.01691	0.04151	0.62529	0.02540	0.07498	0.01932	0.03037	0.02626	0.01763	0.02636	0.01495	0.01773	0.01069	0.00786	0.00791	0.00262	0.01213	0.00622	0.00355	0.01233
32	0.01792	0.19485	0.52414	0.02153	0.03264	0.02237	0.02696	0.02598	0.01739	0.02478	0.01415	0.01658	0.01055	0.00771	0.00731	0.00244	0.01151	0.00575	0.00352	0.01191
33	0.10549	0.01860	0.02124	0.01644	0.02284	0.01919	0.01358	0.31448	0.03000	0.31560	0.02470	0.02294	0.01642	0.00989	0.00802	0.00253	0.00798	0.00757	0.00886	0.01363
34	0.02056	0.01974	0.03372	0.05099	0.65622	0.01974	0.02550	0.02550	0.01892	0.02714	0.01563	0.02056	0.01316	0.00740	0.00822	0.00247	0.00987	0.00740	0.00411	0.01316
35	0.01637	0.04091	0.62596	0.02289	0.03455	0.01861	0.02933	0.02567	0.01790	0.02673	0.05294	0.02020	0.01458	0.00844	0.00801	0.00263	0.01178	0.00667	0.00384	0.01201
36	0.02113	0.02081	0.03317	0.04939	0.62212	0.05516	0.02498	0.02591	0.01917	0.02677	0.01548	0.02026	0.01303	0.00746	0.00818	0.00245	0.01015	0.00729	0.00412	0.01297
37	0.06955	0.21334	0.02852	0.02009	0.04857	0.44483	0.01554	0.03022	0.02110	0.02134	0.01254	0.01468	0.01069	0.00809	0.00682	0.00208	0.01271	0.00515	0.00413	0.01000
38	0.01148	0.00838	0.01012	0.01005	0.01125	0.00832	0.00686	0.01308	0.01527	0.02028	0.11103	0.05621	0.17677	0.32377	0.17450	0.00742	0.00991	0.01295	0.00599	0.00635
39	0.02211	0.01799	0.01929	0.01666	0.02148	0.02033	0.01313	0.17330	0.43323	0.03858	0.10220	0.03209	0.02895	0.01164	0.00858	0.00272	0.00685	0.00961	0.00850	0.01276
40	0.01339	0.00956	0.01339	0.01530	0.01721	0.00956	0.01339	0.01721	0.01912	0.02486	0.04399	0.09371	0.04781	0.02295	0.01147	0.00382	0.00765	0.60031	0.00765	0.00765
41	0.02158	0.63747	0.11362	0.01528	0.02297	0.03134	0.01607	0.02504	0.01695	0.02031	0.01193	0.01380	0.01065	0.00720	0.00562	0.00187	0.00927	0.00463	0.00355	0.01084
42	0.02897	0.02163	0.02326	0.01838	0.02442	0.02398	0.01498	0.52207	0.10730	0.04836	0.02318	0.06417	0.01800	0.01113	0.00847	0.00259	0.00857	0.00872	0.00829	0.01355
43	0.01187	0.00890	0.01335	0.01335	0.01483	0.01038	0.01038	0.01483	0.01335	0.01928	0.02225	0.03264	0.02077	0.06231	0.67512	0.01335	0.02225	0.00890	0.00445	0.00742
44	0.76672	0.01607	0.01221	0.01092	0.01607	0.01864	0.00900	0.02442	0.01414	0.03727	0.01157	0.01350	0.00900	0.00771	0.00514	0.00257	0.00643	0.00450	0.00514	0.00900
45	0.02879	0.03163	0.02272	0.01996	0.02477	0.40592	0.01535	0.14643	0.16623	0.02955	0.01891	0.01953	0.01466	0.00944	0.00786	0.00236	0.01199	0.00666	0.00597	0.01126
46	0.01098	0.00866	0.01003	0.01026	0.01270	0.00771	0.00808	0.01384	0.02001	0.02539	0.20455	0.07867	0.40098	0.02051	0.01015	0.00297	0.00484	0.13433	0.00803	0.00733
47	0.01187	0.00890	0.01335	0.01335	0.01483	0.01038	0.01038	0.01483	0.01335	0.01928	0.02225	0.03264	0.02077	0.06231	0.67512	0.01335	0.02225	0.00890	0.00445	0.00742
48	0.01012	0.00723	0.00964	0.01157	0.01205	0.00675	0.00771	0.01157	0.01591	0.02121	0.04579	0.70262	0.05495	0.02603	0.01060	0.00337	0.00482	0.02362	0.00771	0.00675
49	0.11331	0.02545	0.02305	0.15355	0.03095	0.21144	0.01655	0.26384	0.02716	0.03506	0.01587	0.01820	0.01193	0.00897	0.00771	0.00246	0.01091	0.00650	0.00585	0.01124
50	0.01299	0.01039	0.01079	0.01025	0.01356	0.00975	0.00782	0.01907	0.13358	0.05204	0.07270	0.06874	0.51042	0.01878	0.00950	0.00280	0.00477	0.01564	0.00796	0.00845
51	0.01549	0.00774	0.00774	0.00774	0.00968	0.00774	0.00581	0.01936	0.01742	0.03097	0.02710	0.03097	0.02129	0.00968	0.00581	0.00194	0.00387	0.00774	0.75416	0.00774
52	0.01348	0.01034	0.01326	0.03898	0.01736	0.01081	0.01132	0.02009	0.13542	0.02506	0.04173	0.33498	0.04520	0.02149	0.01042	0.00341	0.00638	0.22423	0.00768	0.00837
53	0.02120	0.02157	0.02953	0.04194	0.48193	0.12229	0.02226	0.02542	0.01948	0.02558	0.01857	0.06450	0.01721	0.00957	0.00843	0.00255	0.01025	0.04127	0.00455	0.01191
54	0.01164	0.00849	0.01094	0.01032	0.01234	0.00779	0.00774	0.01544	0.02323	0.03263	0.61607	0.06318	0.11458	0.01724	0.00980	0.00262	0.00394	0.01518	0.00905	0.00779
55	0.01012	0.00723	0.00964	0.01157	0.01205	0.00675	0.00771	0.01157	0.01591	0.02121	0.04579	0.70262	0.05495	0.02603	0.01060	0.00337	0.00482	0.02362	0.00771	0.00675
56	0.04811	0.02398	0.15185	0.04433	0.51508	0.01961	0.02585	0.02561	0.01848	0.02737	0.01534	0.01972	0.01250	0.00751	0.00804	0.00250	0.01019	0.00705	0.00404	0.01284
57	0.01857	0.01719	0.02859	0.04180	0.51030	0.01704	0.02149	0.02327	0.01996	0.02854	0.15983	0.02997	0.02794	0.00957	0.00858	0.00250	0.00852	0.00913	0.00525	0.01195
58	0.02433	0.55118	0.03873	0.01594	0.02237	0.18713	0.01466	0.02687	0.01848	0.01973	0.01186	0.01372	0.01067	0.00746	0.00585	0.00186	0.01035	0.00466	0.00373	0.01041
59	0.01083	0.00844	0.00985	0.00976	0.01205	0.00747	0.00736	0.01375	0.02075	0.02714	0.32321	0.10398	0.34958	0.01964	0.00992	0.00280	0.00427	0.04348	0.00832	0.00738
60	0.02529	0.48056	0.03685	0.01641	0.02282	0.17752	0.01481	0.09663	0.02096	0.02352	0.01281	0.01447	0.01107	0.00777	0.00617	0.00194	0.01030	0.00500	0.00427	0.01083
61	0.01187	0.00890	0.01335	0.01335	0.01483	0.01038	0.01038	0.01483	0.01335	0.01928	0.02225	0.03264	0.02077	0.06231	0.67512	0.01335	0.02225	0.00890	0.00445	0.00742
62	0.01208	0.00805	0.00906	0.00906	0.00906	0.00805	0.00503	0.01208	0.01208	0.01611	0.02618	0.05436	0.03020	0.70804	0.04228	0.00805	0.00805	0.01208	0.00503	0.00503
63	0.01279	0.00931	0.01121	0.01181	0.01321	0.00912	0.00819	0.08307	0.01848	0.02437	0.04477	0.48252	0.11270	0.10055	0.01383	0.00374	0.00562	0.01978	0.00748	0.00744
64	0.02215	0.01915	0.05938	0.01612	0.02152	0.01906	0.01360	0.28318	0.17763	0.03835	0.03864	0.06533	0.16314	0.01335	0.00876	0.00269	0.00742	0.01083	0.00788	0.01185
65	0.01758	0.01508	0.01840	0.09078	0.02426	0.01248	0.01160	0.04361	0.01797	0.02734	0.01496	0.01790	0.01223	0.00654	0.00648	0.00146	0.00683	0.00530	0.00491	0.64430
66	0.01803	0.01706	0.02328	0.25347	0.14446	0.09177	0.04973	0.02261	0.01857	0.02427	0.02207	0.03646	0.02003	0.01121	0.00863	0.00276	0.00996	0.12673	0.08930	0.00958
67	0.02164	0.11274	0.06401	0.02259	0.07670	0.16125	0.12284	0.02676	0.05367	0.06206	0.02763	0.03459	0.08947	0.01126	0.00852	0.00259	0.01048	0.07534	0.00547	0.01041
