[name]
unknown

[dist]
# distance from previous block
# <min> <max>
0	0

[block]
# block no. 0 follows, 20 sequences, length 24
# corresponding to MSA columns:
# 0-23
name=unknown_A
#
# <colnr> <probs for GDERKNQSTAVLIFYWHMCP>
#	G	D	E	R	K	N	Q	S	T	A	V	L	I	F	Y	W	H	M	C	P
0	0.01406	0.01004	0.01406	0.01606	0.01807	0.01004	0.01406	0.01807	0.02008	0.02610	0.04618	0.09839	0.05020	0.02410	0.01205	0.00402	0.00803	0.58032	0.00803	0.00803
1	0.01330	0.00990	0.01289	0.01247	0.01300	0.01125	0.00866	0.01455	0.01321	0.01847	0.02437	0.04532	0.02620	0.40936	0.24890	0.00982	0.08581	0.01102	0.00492	0.00659
2	0.01054	0.00794	0.00976	0.01121	0.01241	0.00716	0.00768	0.01225	0.01760	0.02263	0.05947	0.51699	0.22110	0.02585	0.01090	0.00337	0.00488	0.02299	0.00810	0.00716
3	0.01100	0.00886	0.00989	0.01025	0.01274	0.00774	0.00781	0.01356	0.02012	0.02501	0.14120	0.14583	0.44594	0.02238	0.01059	0.00311	0.00487	0.08332	0.00826	0.00751
4	0.02658	0.03254	0.03811	0.02963	0.03629	0.33989	0.31243	0.03138	0.02265	0.02465	0.01557	0.01963	0.01224	0.00817	0.00908	0.00259	0.01522	0.00796	0.00445	0.01094
5	0.02162	0.02015	0.03084	0.04312	0.45950	0.02101	0.02299	0.03247	0.19563	0.03083	0.02197	0.02478	0.01755	0.00896	0.00871	0.00270	0.00936	0.00838	0.00565	0.01381
6	0.01057	0.00864	0.00934	0.00959	0.01205	0.00741	0.00703	0.01287	0.01986	0.02453	0.13824	0.17967	0.48492	0.02250	0.01044	0.00302	0.00449	0.01917	0.00825	0.00741
7	0.02159	0.02073	0.03541	0.05354	0.63903	0.02073	0.02677	0.02677	0.01986	0.02850	0.01641	0.02159	0.01382	0.00777	0.00864	0.00259	0.01036	0.00777	0.00432	0.01382
8	0.44187	0.13461	0.18600	0.01557	0.02328	0.02217	0.01635	0.02624	0.01625	0.03308	0.01307	0.01526	0.01015	0.00804	0.00619	0.00258	0.00879	0.00517	0.00468	0.01064
9	0.01069	0.00881	0.00964	0.00973	0.01231	0.00777	0.00727	0.01307	0.01938	0.02388	0.11472	0.11765	0.49758	0.02663	0.07733	0.00412	0.00640	0.01773	0.00784	0.00745
10	0.01195	0.00846	0.00942	0.00962	0.01033	0.00808	0.00586	0.01259	0.01470	0.01894	0.04326	0.12437	0.17089	0.47685	0.03345	0.00673	0.00721	0.01516	0.00620	0.00593
11	0.01451	0.01236	0.01878	0.01699	0.01848	0.01497	0.04895	0.01728	0.01413	0.02055	0.02070	0.03247	0.01992	0.11517	0.41071	0.01042	0.17153	0.00936	0.00452	0.00818
12	0.01722	0.21427	0.19120	0.01761	0.02375	0.02089	0.01811	0.02203	0.01619	0.02231	0.01751	0.02354	0.01541	0.03127	0.26869	0.00706	0.05147	0.00716	0.00410	0.01019
13	0.02854	0.07710	0.17370	0.02249	0.02928	0.43614	0.02038	0.06651	0.02380	0.02477	0.01436	0.01658	0.01140	0.00883	0.00789	0.00237	0.01435	0.00589	0.00451	0.01111
14	0.05775	0.07845	0.44170	0.02274	0.03318	0.13200	0.02645	0.02947	0.01964	0.05870	0.01588	0.01807	0.01156	0.00848	0.00795	0.00262	0.01260	0.00624	0.00428	0.01224
15	0.06719	0.35988	0.27439	0.01858	0.02797	0.02668	0.02112	0.02774	0.01829	0.06528	0.01495	0.01674	0.01171	0.00804	0.00683	0.00232	0.01042	0.00562	0.00428	0.01198
16	0.20072	0.02595	0.01928	0.01719	0.02199	0.26109	0.01331	0.05957	0.12733	0.06390	0.05742	0.02561	0.05059	0.01062	0.00781	0.00258	0.01008	0.00765	0.00648	0.01082
17	0.02741	0.10417	0.02771	0.02507	0.12375	0.23746	0.01748	0.03389	0.11775	0.10141	0.01968	0.02123	0.01541	0.00994	0.01015	0.00259	0.08003	0.00713	0.00578	0.01195
18	0.02843	0.14099	0.09414	0.02438	0.09743	0.24005	0.01919	0.19440	0.02699	0.03219	0.01593	0.01787	0.01252	0.00895	0.00787	0.00238	0.01205	0.00643	0.00546	0.01233
19	0.01475	0.20930	0.02071	0.01238	0.01539	0.01539	0.00991	0.01720	0.01879	0.02439	0.16641	0.29259	0.08683	0.04457	0.01055	0.00303	0.00619	0.01609	0.00704	0.00848
20	0.09980	0.06752	0.15755	0.05800	0.20060	0.01876	0.02089	0.02956	0.02026	0.17062	0.05769	0.02428	0.01851	0.00925	0.00817	0.00264	0.00945	0.00770	0.00605	0.01270
21	0.02639	0.14097	0.12452	0.03143	0.26177	0.02076	0.02146	0.03137	0.02076	0.20658	0.02079	0.02215	0.01521	0.00868	0.00809	0.00252	0.00970	0.00732	0.00601	0.01352
22	0.31885	0.02720	0.22895	0.02350	0.09819	0.01987	0.08083	0.02745	0.01766	0.06139	0.01540	0.01811	0.01144	0.00817	0.00738	0.00273	0.01004	0.00640	0.00486	0.01157
23	0.06046	0.02630	0.17940	0.04446	0.46275	0.02055	0.02712	0.02691	0.01925	0.02887	0.01600	0.02043	0.01292	0.00791	0.00838	0.00264	0.01077	0.00729	0.00423	0.01336

[dist]
# distance from previous block
# <min> <max>
0	5

[block]
# block no. 1 follows, 20 sequences, length 21
# corresponding to MSA columns:
# 29-49
name=unknown_B
#
# <colnr> <probs for GDERKNQSTAVLIFYWHMCP>
#	G	D	E	R	K	N	Q	S	T	A	V	L	I	F	Y	W	H	M	C	P
0	0.04838	0.02019	0.12497	0.10610	0.26930	0.01654	0.02119	0.02217	0.01838	0.02637	0.02700	0.18350	0.05292	0.01334	0.00913	0.00290	0.00921	0.01201	0.00530	0.01109
1	0.02732	0.03159	0.02984	0.03735	0.32008	0.35304	0.02160	0.03097	0.02239	0.02477	0.01488	0.01854	0.01247	0.00841	0.00823	0.00241	0.01316	0.00665	0.00441	0.01189
2	0.02100	0.02013	0.03435	0.12455	0.57261	0.02057	0.02648	0.02626	0.01958	0.02778	0.01630	0.02178	0.01357	0.00788	0.00865	0.00263	0.01051	0.00777	0.00427	0.01334
3	0.01968	0.01970	0.03625	0.25098	0.30842	0.02061	0.16503	0.02559	0.01925	0.02634	0.01641	0.02260	0.01297	0.00798	0.00906	0.00278	0.01181	0.00837	0.00420	0.01198
4	0.01235	0.00892	0.01166	0.01097	0.01303	0.00823	0.00823	0.01646	0.02469	0.03498	0.63443	0.06516	0.08230	0.01783	0.01029	0.00274	0.00412	0.01578	0.00960	0.00823
5	0.01866	0.01851	0.02663	0.12773	0.02890	0.02553	0.01991	0.02120	0.01402	0.02120	0.01210	0.01976	0.01148	0.01421	0.02541	0.00367	0.57002	0.00765	0.00383	0.00957
6	0.01080	0.00892	0.00951	0.00954	0.01231	0.00763	0.00727	0.01337	0.02054	0.02524	0.15928	0.08225	0.52775	0.02163	0.01041	0.00298	0.00458	0.05018	0.00830	0.00752
7	0.20467	0.02532	0.02195	0.01821	0.02409	0.14815	0.01461	0.29280	0.09836	0.04248	0.01905	0.01963	0.01419	0.00977	0.00778	0.00260	0.00981	0.00690	0.00712	0.01250
8	0.01750	0.04512	0.64825	0.02486	0.03775	0.02026	0.03223	0.02762	0.01842	0.02762	0.01565	0.01842	0.01105	0.00829	0.00829	0.00276	0.01289	0.00645	0.00368	0.01289
9	0.01148	0.00850	0.01104	0.01223	0.01357	0.00761	0.00835	0.01327	0.01686	0.02297	0.04434	0.61092	0.05256	0.02493	0.01060	0.00328	0.00522	0.02255	0.00776	0.09195
10	0.02600	0.02908	0.03112	0.04108	0.39362	0.27641	0.02279	0.03000	0.02181	0.02563	0.01524	0.01924	0.01278	0.00826	0.00833	0.00245	0.01251	0.00691	0.00439	0.01233
11	0.02332	0.69869	0.04571	0.01493	0.02239	0.03451	0.01493	0.02612	0.01772	0.02052	0.01213	0.01399	0.01119	0.00746	0.00560	0.00187	0.00933	0.00466	0.00373	0.01119
12	0.01750	0.04512	0.64825	0.02486	0.03775	0.02026	0.03223	0.02762	0.01842	0.02762	0.01565	0.01842	0.01105	0.00829	0.00829	0.00276	0.01289	0.00645	0.00368	0.01289
13	0.01097	0.00886	0.00976	0.00953	0.01219	0.00765	0.00715	0.01380	0.02145	0.02728	0.26610	0.07783	0.45544	0.02071	0.01030	0.00288	0.00432	0.01755	0.00859	0.00765
14	0.01515	0.00758	0.01136	0.01136	0.01136	0.00758	0.00758	0.01136	0.01136	0.01515	0.01515	0.02652	0.01515	0.03030	0.03409	0.74621	0.00758	0.00758	0.00379	0.00379
15	0.01073	0.00780	0.01013	0.01177	0.01261	0.00720	0.00798	0.01251	0.01758	0.02335	0.09624	0.58887	0.10873	0.02616	0.01100	0.00343	0.00493	0.02357	0.00821	0.00720
16	0.01246	0.00935	0.01402	0.01402	0.01558	0.01090	0.01090	0.01558	0.01402	0.02025	0.02336	0.03427	0.02181	0.06542	0.65888	0.01402	0.02336	0.00935	0.00467	0.00779
17	0.02159	0.02073	0.03541	0.05354	0.63903	0.02073	0.02677	0.02677	0.01986	0.02850	0.01641	0.02159	0.01382	0.00777	0.00864	0.00259	0.01036	0.00777	0.00432	0.01382
18	0.06684	0.03824	0.14178	0.02198	0.02849	0.40481	0.01933	0.12473	0.02562	0.02880	0.01501	0.01699	0.01168	0.00905	0.00796	0.00243	0.01376	0.00608	0.00506	0.01135
19	0.01844	0.15060	0.55101	0.02326	0.03527	0.02256	0.02944	0.02738	0.01830	0.02648	0.01508	0.01770	0.01107	0.00815	0.00785	0.00262	0.01232	0.00616	0.00369	0.01262
20	0.01627	0.12363	0.02058	0.01487	0.01733	0.01647	0.01211	0.01894	0.01495	0.04937	0.02102	0.03093	0.01971	0.10105	0.39675	0.00985	0.09410	0.00864	0.00476	0.00867

[dist]
# distance from previous block
# <min> <max>
0	1

[block]
# block no. 2 follows, 20 sequences, length 12
# corresponding to MSA columns:
# 51-62
name=unknown_C
#
# <colnr> <probs for GDERKNQSTAVLIFYWHMCP>
#	G	D	E	R	K	N	Q	S	T	A	V	L	I	F	Y	W	H	M	C	P
0	0.02159	0.02073	0.03541	0.05354	0.63903	0.02073	0.02677	0.02677	0.01986	0.02850	0.01641	0.02159	0.01382	0.00777	0.00864	0.00259	0.01036	0.00777	0.00432	0.01382
1	0.01777	0.04199	0.57622	0.02583	0.07161	0.01978	0.03064	0.02725	0.01848	0.02772	0.01569	0.01858	0.01132	0.00815	0.00820	0.00267	0.01237	0.00645	0.00381	0.05547
2	0.02113	0.02294	0.02428	0.24679	0.03598	0.20125	0.01915	0.02465	0.01808	0.02144	0.01500	0.02158	0.01282	0.01783	0.09898	0.00440	0.17269	0.00733	0.00414	0.00952
3	0.01263	0.00959	0.01218	0.01201	0.01443	0.00833	0.00860	0.01530	0.01900	0.02676	0.18874	0.39030	0.05447	0.02055	0.00994	0.00287	0.00512	0.01840	0.00786	0.16292
4	0.03301	0.02874	0.02581	0.02067	0.02703	0.18589	0.01665	0.46526	0.03691	0.04651	0.01907	0.01963	0.01393	0.01010	0.00851	0.00252	0.01114	0.00729	0.00766	0.01365
5	0.01750	0.04512	0.64825	0.02486	0.03775	0.02026	0.03223	0.02762	0.01842	0.02762	0.01565	0.01842	0.01105	0.00829	0.00829	0.00276	0.01289	0.00645	0.00368	0.01289
6	0.01838	0.21616	0.40219	0.02036	0.03036	0.02251	0.02441	0.02575	0.01906	0.02668	0.09633	0.02339	0.02049	0.00932	0.00783	0.00252	0.01078	0.00720	0.00448	0.01182
7	0.01550	0.01416	0.01617	0.01565	0.01750	0.09724	0.01216	0.01843	0.01539	0.02044	0.02137	0.03094	0.01981	0.05507	0.53648	0.01187	0.06026	0.00875	0.00460	0.00820
8	0.02382	0.09495	0.15175	0.01549	0.02231	0.01513	0.01531	0.02837	0.02164	0.24867	0.09883	0.04108	0.16010	0.01309	0.00881	0.00268	0.00779	0.01065	0.00780	0.01172
9	0.02566	0.02038	0.02436	0.14485	0.06911	0.02281	0.01744	0.32570	0.12641	0.04172	0.02724	0.02821	0.06468	0.01110	0.00887	0.00275	0.00920	0.00898	0.00751	0.01304
10	0.01809	0.11145	0.58710	0.02385	0.03619	0.02170	0.03047	0.02747	0.01835	0.02690	0.01530	0.01797	0.01106	0.00820	0.00801	0.00267	0.01253	0.00626	0.00369	0.01272
11	0.01594	0.10818	0.13929	0.01539	0.02067	0.01618	0.01489	0.06509	0.01894	0.02525	0.03657	0.04001	0.17219	0.03163	0.23401	0.00658	0.01366	0.01034	0.00554	0.00966

[dist]
# distance from previous block
# <min> <max>
2	11

[block]
# block no. 3 follows, 20 sequences, length 62
# corresponding to MSA columns:
# 74-135
name=unknown_D
#
# <colnr> <probs for GDERKNQSTAVLIFYWHMCP>
#	G	D	E	R	K	N	Q	S	T	A	V	L	I	F	Y	W	H	M	C	P
0	0.02327	0.24556	0.25532	0.01982	0.02879	0.02610	0.02137	0.18237	0.02400	0.03228	0.01637	0.01855	0.01270	0.01174	0.04315	0.00305	0.01145	0.00641	0.00510	0.01259
1	0.01315	0.06311	0.01529	0.01297	0.01475	0.01198	0.00991	0.01560	0.01452	0.01998	0.02779	0.06859	0.05731	0.16289	0.43986	0.01106	0.01790	0.01073	0.00504	0.00758
2	0.05177	0.32072	0.02826	0.01431	0.01871	0.02196	0.01265	0.02080	0.01573	0.02125	0.01777	0.02419	0.01645	0.03661	0.33384	0.00801	0.01626	0.00702	0.00428	0.00940
3	0.05807	0.59591	0.04191	0.01559	0.02263	0.10156	0.01488	0.02704	0.01835	0.02147	0.01227	0.01419	0.01112	0.00766	0.00583	0.00195	0.00990	0.00477	0.00389	0.01100
4	0.02067	0.40102	0.32014	0.01945	0.02939	0.02802	0.02281	0.02680	0.01804	0.02376	0.01373	0.01601	0.01113	0.00784	0.00682	0.00227	0.01095	0.00548	0.00371	0.01197
5	0.08302	0.07437	0.56277	0.02319	0.03516	0.02089	0.02937	0.02738	0.01807	0.02830	0.01517	0.01783	0.01091	0.00823	0.00790	0.00271	0.01217	0.00621	0.00384	0.01250
6	0.22492	0.03340	0.02078	0.01888	0.02354	0.45640	0.01438	0.03131	0.02185	0.02622	0.01669	0.01856	0.04049	0.00937	0.00732	0.00240	0.01279	0.00599	0.00491	0.00980
7	0.25129	0.15504	0.28498	0.01752	0.02625	0.02168	0.01980	0.02553	0.01727	0.02962	0.01959	0.02139	0.05951	0.00916	0.00703	0.00259	0.00962	0.00651	0.00458	0.01105
8	0.02003	0.02067	0.06598	0.21420	0.45494	0.02035	0.02640	0.02564	0.01915	0.02682	0.01613	0.02185	0.01309	0.00805	0.00864	0.00268	0.01083	0.00770	0.00417	0.01269
9	0.02134	0.02143	0.03945	0.04932	0.48956	0.02106	0.17300	0.02707	0.02004	0.02836	0.01672	0.02208	0.01367	0.00767	0.00905	0.00268	0.01146	0.00841	0.00434	0.01330
10	0.01820	0.01989	0.10619	0.01679	0.05687	0.01332	0.01426	0.02301	0.01823	0.02832	0.01557	0.01832	0.01271	0.00678	0.00683	0.00157	0.00756	0.00549	0.00492	0.60517
11	0.02192	0.02052	0.03347	0.07960	0.54015	0.02104	0.02529	0.05669	0.06042	0.03003	0.01784	0.02236	0.01460	0.00822	0.00866	0.00263	0.01016	0.00791	0.00481	0.01367
12	0.02227	0.58053	0.15465	0.01672	0.02517	0.03194	0.01805	0.02639	0.01785	0.02181	0.01276	0.01479	0.01117	0.00761	0.00608	0.00203	0.00997	0.00499	0.00372	0.01150
13	0.01908	0.01908	0.02672	0.02290	0.02290	0.02672	0.01908	0.02099	0.01336	0.02099	0.01145	0.01908	0.01145	0.01527	0.02863	0.00382	0.67748	0.00763	0.00382	0.00954
14	0.01268	0.00846	0.00951	0.00951	0.00951	0.00846	0.00529	0.01268	0.01268	0.01691	0.02748	0.05708	0.03171	0.69345	0.04440	0.00846	0.00846	0.01268	0.00529	0.00529
15	0.01063	0.00759	0.01012	0.01215	0.01265	0.00709	0.00810	0.01215	0.01670	0.02227	0.04808	0.68775	0.05769	0.02733	0.01113	0.00354	0.00506	0.02480	0.00810	0.00709
16	0.01750	0.04512	0.64825	0.02486	0.03775	0.02026	0.03223	0.02762	0.01842	0.02762	0.01565	0.01842	0.01105	0.00829	0.00829	0.00276	0.01289	0.00645	0.00368	0.01289
17	0.01235	0.00892	0.01166	0.01097	0.01303	0.00823	0.00823	0.01646	0.02469	0.03498	0.63443	0.06516	0.08230	0.01783	0.01029	0.00274	0.00412	0.01578	0.00960	0.00823
18	0.01809	0.01550	0.01809	0.01292	0.02067	0.01163	0.01034	0.02196	0.01809	0.02842	0.01550	0.01809	0.01292	0.00646	0.00646	0.00129	0.00646	0.00517	0.00517	0.74677
19	0.01063	0.00759	0.01012	0.01215	0.01265	0.00709	0.00810	0.01215	0.01670	0.02227	0.04808	0.68775	0.05769	0.02733	0.01113	0.00354	0.00506	0.02480	0.00810	0.00709
20	0.01268	0.00846	0.00951	0.00951	0.00951	0.00846	0.00529	0.01268	0.01268	0.01691	0.02748	0.05708	0.03171	0.69345	0.04440	0.00846	0.00846	0.01268	0.00529	0.00529
21	0.02332	0.69869	0.04571	0.01493	0.02239	0.03451	0.01493	0.02612	0.01772	0.02052	0.01213	0.01399	0.01119	0.00746	0.00560	0.00187	0.00933	0.00466	0.00373	0.01119
22	0.01750	0.04512	0.64825	0.02486	0.03775	0.02026	0.03223	0.02762	0.01842	0.02762	0.01565	0.01842	0.01105	0.00829	0.00829	0.00276	0.01289	0.00645	0.00368	0.01289
23	0.02332	0.69869	0.04571	0.01493	0.02239	0.03451	0.01493	0.02612	0.01772	0.02052	0.01213	0.01399	0.01119	0.00746	0.00560	0.00187	0.00933	0.00466	0.00373	0.01119
24	0.05258	0.16874	0.34344	0.01960	0.02832	0.02090	0.02252	0.02434	0.01705	0.02496	0.01661	0.02110	0.01357	0.02176	0.16299	0.00526	0.01437	0.00669	0.00401	0.01116
25	0.01967	0.01800	0.01638	0.01535	0.01814	0.16630	0.01183	0.06845	0.01957	0.02570	0.02182	0.02843	0.01884	0.03664	0.32249	0.00793	0.01663	0.00810	0.15077	0.00897
26	0.75506	0.01687	0.01282	0.01147	0.01687	0.01957	0.00945	0.02564	0.01484	0.03914	0.01215	0.01417	0.00945	0.00810	0.00540	0.00270	0.00675	0.00472	0.00540	0.00945
27	0.01836	0.01777	0.03115	0.43191	0.23145	0.02002	0.07635	0.02412	0.01844	0.02464	0.01596	0.02278	0.01242	0.00832	0.00883	0.00282	0.01152	0.00798	0.00405	0.01110
28	0.02812	0.28078	0.03236	0.01793	0.02446	0.13549	0.01547	0.26042	0.02834	0.03461	0.01999	0.02083	0.04627	0.00971	0.00749	0.00229	0.01025	0.00684	0.00609	0.01226
29	0.01031	0.00884	0.00884	0.00884	0.01178	0.00736	0.00663	0.01252	0.01988	0.02356	0.08837	0.08395	0.63549	0.02209	0.01031	0.00295	0.00442	0.01841	0.00810	0.00736
30	0.02395	0.02646	0.03715	0.04163	0.33399	0.17339	0.17982	0.02901	0.02122	0.02664	0.01604	0.02071	0.01304	0.00795	0.00890	0.00260	0.01281	0.00793	0.00439	0.01238
31	0.02030	0.01941	0.03308	0.20943	0.49321	0.02039	0.02613	0.02564	0.01925	0.02693	0.01618	0.02201	0.01327	0.00801	0.00866	0.00267	0.01068	0.00777	0.00421	0.01278
32	0.02563	0.02953	0.02935	0.16350	0.20717	0.31779	0.05036	0.02968	0.02167	0.02388	0.01492	0.01929	0.01214	0.00851	0.00838	0.00251	0.01334	0.00689	0.00432	0.01115
33	0.01125	0.00813	0.01077	0.01266	0.01360	0.00765	0.00911	0.01327	0.01754	0.02307	0.05037	0.53836	0.09424	0.02638	0.01125	0.00359	0.00557	0.12782	0.00809	0.00728
34	0.02161	0.02305	0.02815	0.36134	0.19799	0.17235	0.02311	0.02641	0.01979	0.02363	0.01525	0.02104	0.01209	0.00855	0.00850	0.00267	0.01229	0.00725	0.00413	0.01083
35	0.02256	0.06099	0.02112	0.01692	0.02030	0.06741	0.01375	0.07596	0.01941	0.13987	0.02187	0.02713	0.01804	0.03448	0.28990	0.00762	0.11809	0.00825	0.00596	0.01040
36	0.01100	0.00793	0.00983	0.01117	0.01190	0.00740	0.00733	0.01230	0.01631	0.02136	0.04927	0.47975	0.12933	0.16145	0.01776	0.00446	0.00566	0.02150	0.00753	0.00676
37	0.02160	0.01764	0.02046	0.05072	0.02435	0.01574	0.01259	0.16242	0.02353	0.03443	0.01680	0.01905	0.01331	0.00754	0.00712	0.00170	0.00749	0.00595	0.00595	0.53162
38	0.02977	0.02766	0.02482	0.04982	0.02736	0.21452	0.01671	0.32940	0.03130	0.03868	0.01808	0.02042	0.01396	0.01454	0.06061	0.00349	0.05263	0.00728	0.00663	0.01232
39	0.02022	0.01933	0.03293	0.21922	0.48405	0.02037	0.02609	0.02557	0.01921	0.02683	0.01617	0.02204	0.01323	0.00803	0.00866	0.00268	0.01070	0.00777	0.00420	0.01271
40	0.01979	0.01817	0.03031	0.04459	0.49072	0.01817	0.02373	0.02469	0.01991	0.02793	0.02352	0.03993	0.02251	0.01167	0.00945	0.00293	0.00981	0.14452	0.00520	0.01244
41	0.01477	0.01319	0.01257	0.01173	0.01505	0.06095	0.00893	0.05368	0.07375	0.02849	0.17515	0.06697	0.39507	0.01871	0.00990	0.00283	0.00577	0.01556	0.00820	0.00874
42	0.02437	0.02570	0.03055	0.04077	0.39963	0.18148	0.02248	0.03151	0.10454	0.02780	0.01831	0.02163	0.01494	0.00864	0.00847	0.00256	0.01124	0.00752	0.00499	0.01288
43	0.02876	0.01649	0.01992	0.01551	0.02178	0.01540	0.01253	0.17658	0.02670	0.26379	0.06353	0.07841	0.02429	0.01140	0.00848	0.00241	0.00736	0.00936	0.00865	0.18865
44	0.01313	0.01233	0.01341	0.01579	0.09939	0.04595	0.00999	0.01575	0.02015	0.02412	0.07419	0.07147	0.51429	0.01937	0.00994	0.00286	0.00588	0.01622	0.00737	0.00841
45	0.02103	0.02002	0.03398	0.05099	0.60152	0.01998	0.02566	0.02615	0.02015	0.02889	0.05345	0.02420	0.01792	0.00837	0.00873	0.00260	0.00999	0.00825	0.00463	0.01348
46	0.01684	0.01569	0.02480	0.36984	0.18445	0.01763	0.02102	0.02291	0.05264	0.02477	0.03013	0.03446	0.12679	0.01111	0.00900	0.00284	0.00975	0.00982	0.00503	0.01046
47	0.02338	0.07652	0.06390	0.02680	0.17059	0.12087	0.01844	0.14993	0.02342	0.03028	0.01829	0.02294	0.01527	0.02307	0.17205	0.00537	0.01439	0.00752	0.00529	0.01167
48	0.01833	0.13926	0.56146	0.02343	0.03554	0.02231	0.02974	0.02741	0.01832	0.02660	0.01515	0.01778	0.01107	0.00817	0.00790	0.00263	0.01238	0.00619	0.00369	0.01265
49	0.01750	0.04512	0.64825	0.02486	0.03775	0.02026	0.03223	0.02762	0.01842	0.02762	0.01565	0.01842	0.01105	0.00829	0.00829	0.00276	0.01289	0.00645	0.00368	0.01289
50	0.02556	0.03025	0.23445	0.02122	0.02977	0.02368	0.02129	0.29969	0.15125	0.04202	0.02211	0.02244	0.01595	0.01001	0.00861	0.00274	0.01016	0.00779	0.00706	0.01397
51	0.01627	0.03647	0.49620	0.02154	0.03185	0.01739	0.02650	0.02496	0.01991	0.02938	0.16344	0.02958	0.02807	0.01057	0.00877	0.00276	0.01080	0.00867	0.00510	0.01178
52	0.01204	0.00907	0.01135	0.01204	0.01415	0.00838	0.00952	0.01523	0.02083	0.02723	0.21654	0.15943	0.23530	0.02223	0.01094	0.00329	0.00553	0.19065	0.00848	0.00777
53	0.03251	0.02411	0.02581	0.01994	0.02680	0.02675	0.01642	0.57815	0.07387	0.05393	0.02176	0.02160	0.01550	0.01055	0.00873	0.00264	0.00945	0.00797	0.00873	0.01478
54	0.01795	0.09634	0.60103	0.02408	0.03655	0.02138	0.03087	0.02751	0.01836	0.02707	0.01538	0.01807	0.01106	0.00822	0.00808	0.00269	0.01261	0.00631	0.00369	0.01276
55	0.01750	0.04512	0.64825	0.02486	0.03775	0.02026	0.03223	0.02762	0.01842	0.02762	0.01565	0.01842	0.01105	0.00829	0.00829	0.00276	0.01289	0.00645	0.00368	0.01289
56	0.03027	0.02300	0.02455	0.01949	0.02595	0.02570	0.01588	0.46799	0.18767	0.05032	0.02461	0.02386	0.01780	0.01081	0.00876	0.00270	0.00892	0.00836	0.00876	0.01458
57	0.01106	0.00864	0.01167	0.01236	0.01388	0.00785	0.03359	0.01311	0.01800	0.02341	0.08343	0.48618	0.19491	0.02478	0.01086	0.00334	0.00528	0.02223	0.00801	0.00741
58	0.03316	0.02443	0.02618	0.02007	0.02705	0.02705	0.01658	0.60995	0.04101	0.05497	0.02094	0.02094	0.01483	0.01047	0.00873	0.00262	0.00960	0.00785	0.00873	0.01483
59	0.02170	0.01874	0.01972	0.01775	0.02268	0.02170	0.01381	0.04635	0.62327	0.03649	0.03550	0.03254	0.02663	0.01183	0.00888	0.00296	0.00690	0.00986	0.00888	0.01381
60	0.02170	0.01874	0.01972	0.01775	0.02268	0.02170	0.01381	0.04635	0.62327	0.03649	0.03550	0.03254	0.02663	0.01183	0.00888	0.00296	0.00690	0.00986	0.00888	0.01381
61	0.02261	0.65342	0.04363	0.01487	0.02194	0.03296	0.01466	0.02543	0.01748	0.02050	0.01286	0.01532	0.01189	0.01127	0.04850	0.00266	0.01025	0.00497	0.00379	0.01097

[dist]
# distance from previous block
# <min> <max>
0	1

[block]
# block no. 4 follows, 20 sequences, length 61
# corresponding to MSA columns:
# 137-197
name=unknown_E
#
# <colnr> <probs for GDERKNQSTAVLIFYWHMCP>
#	G	D	E	R	K	N	Q	S	T	A	V	L	I	F	Y	W	H	M	C	P
0	0.01851	0.15949	0.54281	0.02312	0.03506	0.02275	0.02920	0.02736	0.01830	0.02638	0.01504	0.01764	0.01107	0.00814	0.00782	0.00261	0.01227	0.00613	0.00369	0.01259
1	0.01750	0.04512	0.64825	0.02486	0.03775	0.02026	0.03223	0.02762	0.01842	0.02762	0.01565	0.01842	0.01105	0.00829	0.00829	0.00276	0.01289	0.00645	0.00368	0.01289
2	0.02161	0.50648	0.22291	0.01785	0.02691	0.03032	0.02001	0.02656	0.01793	0.02261	0.01316	0.01529	0.01115	0.00771	0.00639	0.00213	0.01038	0.00519	0.00372	0.01169
3	0.01175	0.00920	0.01084	0.01130	0.01382	0.00829	0.00905	0.01481	0.02078	0.02630	0.17218	0.08481	0.36943	0.02192	0.01081	0.00322	0.00541	0.18003	0.00834	0.00771
4	0.01935	0.25350	0.45615	0.02169	0.03285	0.02480	0.02671	0.02714	0.01820	0.02536	0.01453	0.01701	0.01110	0.00802	0.00743	0.00248	0.01176	0.00588	0.00370	0.01235
5	0.01750	0.04512	0.64825	0.02486	0.03775	0.02026	0.03223	0.02762	0.01842	0.02762	0.01565	0.01842	0.01105	0.00829	0.00829	0.00276	0.01289	0.00645	0.00368	0.01289
6	0.01809	0.01550	0.01809	0.01292	0.02067	0.01163	0.01034	0.02196	0.01809	0.02842	0.01550	0.01809	0.01292	0.00646	0.00646	0.00129	0.00646	0.00517	0.00517	0.74677
7	0.01268	0.00846	0.00951	0.00951	0.00951	0.00846	0.00529	0.01268	0.01268	0.01691	0.02748	0.05708	0.03171	0.69345	0.04440	0.00846	0.00846	0.01268	0.00529	0.00529
8	0.01063	0.00759	0.01012	0.01215	0.01265	0.00709	0.00810	0.01215	0.01670	0.02227	0.04808	0.68775	0.05769	0.02733	0.01113	0.00354	0.00506	0.02480	0.00810	0.00709
9	0.02332	0.69869	0.04571	0.01493	0.02239	0.03451	0.01493	0.02612	0.01772	0.02052	0.01213	0.01399	0.01119	0.00746	0.00560	0.00187	0.00933	0.00466	0.00373	0.01119
10	0.01063	0.00759	0.01012	0.01215	0.01265	0.00709	0.00810	0.01215	0.01670	0.02227	0.04808	0.68775	0.05769	0.02733	0.01113	0.00354	0.00506	0.02480	0.00810	0.00709
11	0.01246	0.00935	0.01402	0.01402	0.01558	0.01090	0.01090	0.01558	0.01402	0.02025	0.02336	0.03427	0.02181	0.06542	0.65888	0.01402	0.02336	0.00935	0.00467	0.00779
12	0.01750	0.04512	0.64825	0.02486	0.03775	0.02026	0.03223	0.02762	0.01842	0.02762	0.01565	0.01842	0.01105	0.00829	0.00829	0.00276	0.01289	0.00645	0.00368	0.01289
13	0.01750	0.04512	0.64825	0.02486	0.03775	0.02026	0.03223	0.02762	0.01842	0.02762	0.01565	0.01842	0.01105	0.00829	0.00829	0.00276	0.01289	0.00645	0.00368	0.01289
14	0.01063	0.00759	0.01012	0.01215	0.01265	0.00709	0.00810	0.01215	0.01670	0.02227	0.04808	0.68775	0.05769	0.02733	0.01113	0.00354	0.00506	0.02480	0.00810	0.00709
15	0.02159	0.02073	0.03541	0.05354	0.63903	0.02073	0.02677	0.02677	0.01986	0.02850	0.01641	0.02159	0.01382	0.00777	0.00864	0.00259	0.01036	0.00777	0.00432	0.01382
16	0.01647	0.01550	0.02616	0.67248	0.06008	0.01938	0.02422	0.02229	0.01744	0.02229	0.01550	0.02326	0.01163	0.00872	0.00872	0.00291	0.01163	0.00775	0.00388	0.00969
17	0.01750	0.04512	0.64825	0.02486	0.03775	0.02026	0.03223	0.02762	0.01842	0.02762	0.01565	0.01842	0.01105	0.00829	0.00829	0.00276	0.01289	0.00645	0.00368	0.01289
18	0.02048	0.02320	0.04962	0.03573	0.04389	0.02241	0.56341	0.02742	0.02005	0.02742	0.01718	0.02320	0.01310	0.00794	0.01166	0.00301	0.06421	0.01010	0.00437	0.01160
19	0.02834	0.02339	0.02749	0.05967	0.17792	0.06365	0.01897	0.37272	0.03261	0.04323	0.02244	0.02401	0.04500	0.01021	0.00873	0.00262	0.01001	0.00821	0.00711	0.01367
20	0.01098	0.00892	0.00977	0.00971	0.01239	0.00770	0.00738	0.01374	0.02104	0.02642	0.21706	0.08016	0.47400	0.02117	0.01039	0.00295	0.00452	0.04562	0.00846	0.00760
21	0.02035	0.01922	0.03134	0.20116	0.42630	0.02051	0.02466	0.02792	0.08859	0.02789	0.01838	0.02326	0.01475	0.00847	0.00868	0.00271	0.01028	0.00801	0.00473	0.01280
22	0.01750	0.04512	0.64825	0.02486	0.03775	0.02026	0.03223	0.02762	0.01842	0.02762	0.01565	0.01842	0.01105	0.00829	0.00829	0.00276	0.01289	0.00645	0.00368	0.01289
23	0.01251	0.00849	0.00946	0.00946	0.00968	0.00838	0.00539	0.01267	0.01322	0.01741	0.03203	0.05909	0.07681	0.64330	0.04185	0.00804	0.00816	0.01311	0.00550	0.00544
24	0.01246	0.00935	0.01402	0.01402	0.01558	0.01090	0.01090	0.01558	0.01402	0.02025	0.02336	0.03427	0.02181	0.06542	0.65888	0.01402	0.02336	0.00935	0.00467	0.00779
25	0.03258	0.04157	0.02472	0.02247	0.02697	0.65843	0.01685	0.03483	0.02472	0.02135	0.01348	0.01573	0.01124	0.00899	0.00787	0.00225	0.01573	0.00562	0.00449	0.01011
26	0.01809	0.01550	0.01809	0.01292	0.02067	0.01163	0.01034	0.02196	0.01809	0.02842	0.01550	0.01809	0.01292	0.00646	0.00646	0.00129	0.00646	0.00517	0.00517	0.74677
27	0.01406	0.01004	0.01406	0.01606	0.01807	0.01004	0.01406	0.01807	0.02008	0.02610	0.04618	0.09839	0.05020	0.02410	0.01205	0.00402	0.00803	0.58032	0.00803	0.00803
28	0.01063	0.00759	0.01012	0.01215	0.01265	0.00709	0.00810	0.01215	0.01670	0.02227	0.04808	0.68775	0.05769	0.02733	0.01113	0.00354	0.00506	0.02480	0.00810	0.00709
29	0.02011	0.01922	0.03274	0.23208	0.47203	0.02034	0.02604	0.02548	0.01916	0.02671	0.01615	0.02207	0.01319	0.00805	0.00866	0.00268	0.01073	0.00777	0.00419	0.01263
30	0.01809	0.01550	0.01809	0.01292	0.02067	0.01163	0.01034	0.02196	0.01809	0.02842	0.01550	0.01809	0.01292	0.00646	0.00646	0.00129	0.00646	0.00517	0.00517	0.74677
31	0.01647	0.01550	0.02616	0.67248	0.06008	0.01938	0.02422	0.02229	0.01744	0.02229	0.01550	0.02326	0.01163	0.00872	0.00872	0.00291	0.01163	0.00775	0.00388	0.00969
32	0.01063	0.00759	0.01012	0.01215	0.01265	0.00709	0.00810	0.01215	0.01670	0.02227	0.04808	0.68775	0.05769	0.02733	0.01113	0.00354	0.00506	0.02480	0.00810	0.00709
33	0.01515	0.00758	0.01136	0.01136	0.01136	0.00758	0.00758	0.01136	0.01136	0.01515	0.01515	0.02652	0.01515	0.03030	0.03409	0.74621	0.00758	0.00758	0.00379	0.00379
34	0.01765	0.01625	0.02619	0.59768	0.05607	0.02024	0.02348	0.05898	0.01870	0.02426	0.01563	0.02289	0.01182	0.00917	0.00976	0.00294	0.04634	0.00775	0.00418	0.01000
35	0.01180	0.00809	0.00977	0.01064	0.01086	0.00787	0.00649	0.01245	0.01440	0.01921	0.03630	0.32709	0.04284	0.40826	0.03016	0.00635	0.00700	0.01787	0.00649	0.00606
36	0.01750	0.04512	0.64825	0.02486	0.03775	0.02026	0.03223	0.02762	0.01842	0.02762	0.01565	0.01842	0.01105	0.00829	0.00829	0.00276	0.01289	0.00645	0.00368	0.01289
37	0.01268	0.00846	0.00951	0.00951	0.00951	0.00846	0.00529	0.01268	0.01268	0.01691	0.02748	0.05708	0.03171	0.69345	0.04440	0.00846	0.00846	0.01268	0.00529	0.00529
38	0.01268	0.00846	0.00951	0.00951	0.00951	0.00846	0.00529	0.01268	0.01268	0.01691	0.02748	0.05708	0.03171	0.69345	0.04440	0.00846	0.00846	0.01268	0.00529	0.00529
39	0.01031	0.00884	0.00884	0.00884	0.01178	0.00736	0.00663	0.01252	0.01988	0.02356	0.08837	0.08395	0.63549	0.02209	0.01031	0.00295	0.00442	0.01841	0.00810	0.00736
40	0.02159	0.02073	0.03541	0.05354	0.63903	0.02073	0.02677	0.02677	0.01986	0.02850	0.01641	0.02159	0.01382	0.00777	0.00864	0.00259	0.01036	0.00777	0.00432	0.01382
41	0.01246	0.00935	0.01402	0.01402	0.01558	0.01090	0.01090	0.01558	0.01402	0.02025	0.02336	0.03427	0.02181	0.06542	0.65888	0.01402	0.02336	0.00935	0.00467	0.00779
42	0.01031	0.00884	0.00884	0.00884	0.01178	0.00736	0.00663	0.01252	0.01988	0.02356	0.08837	0.08395	0.63549	0.02209	0.01031	0.00295	0.00442	0.01841	0.00810	0.00736
43	0.01908	0.01908	0.02672	0.02290	0.02290	0.02672	0.01908	0.02099	0.01336	0.02099	0.01145	0.01908	0.01145	0.01527	0.02863	0.00382	0.67748	0.00763	0.00382	0.00954
44	0.03258	0.04157	0.02472	0.02247	0.02697	0.65843	0.01685	0.03483	0.02472	0.02135	0.01348	0.01573	0.01124	0.00899	0.00787	0.00225	0.01573	0.00562	0.00449	0.01011
45	0.01063	0.00759	0.01012	0.01215	0.01265	0.00709	0.00810	0.01215	0.01670	0.02227	0.04808	0.68775	0.05769	0.02733	0.01113	0.00354	0.00506	0.02480	0.00810	0.00709
46	0.01750	0.04512	0.64825	0.02486	0.03775	0.02026	0.03223	0.02762	0.01842	0.02762	0.01565	0.01842	0.01105	0.00829	0.00829	0.00276	0.01289	0.00645	0.00368	0.01289
47	0.03275	0.03659	0.02514	0.02177	0.02699	0.47493	0.01677	0.20198	0.02945	0.03112	0.01565	0.01725	0.01228	0.00942	0.00812	0.00235	0.01395	0.00627	0.00572	0.01148
48	0.02353	0.02795	0.04491	0.03326	0.04102	0.17806	0.46260	0.02963	0.02160	0.02632	0.01663	0.02162	0.01275	0.00775	0.00970	0.00277	0.01496	0.00915	0.00443	0.01136
49	0.01455	0.01264	0.01871	0.02566	0.22763	0.01207	0.01451	0.01771	0.01897	0.02507	0.04891	0.23781	0.21189	0.01884	0.01010	0.00308	0.00691	0.05858	0.00680	0.00955
50	0.02037	0.02288	0.04784	0.03473	0.04226	0.02274	0.52106	0.02692	0.01953	0.02692	0.01674	0.02288	0.01297	0.00851	0.01298	0.00307	0.11193	0.00990	0.00432	0.01144
51	0.02035	0.01946	0.03316	0.20390	0.49839	0.02040	0.02615	0.02568	0.01927	0.02699	0.01619	0.02199	0.01329	0.00800	0.00866	0.00267	0.01067	0.00777	0.00421	0.01281
52	0.03134	0.03950	0.02377	0.02166	0.02587	0.61777	0.01613	0.03345	0.02397	0.02107	0.01436	0.01832	0.01252	0.05181	0.01015	0.00264	0.01528	0.00606	0.00454	0.00981
53	0.01268	0.00846	0.00951	0.00951	0.00951	0.00846	0.00529	0.01268	0.01268	0.01691	0.02748	0.05708	0.03171	0.69345	0.04440	0.00846	0.00846	0.01268	0.00529	0.00529
54	0.01246	0.00935	0.01402	0.01402	0.01558	0.01090	0.01090	0.01558	0.01402	0.02025	0.02336	0.03427	0.02181	0.06542	0.65888	0.01402	0.02336	0.00935	0.00467	0.00779
55	0.01063	0.00759	0.01012	0.01215	0.01265	0.00709	0.00810	0.01215	0.01670	0.02227	0.04808	0.68775	0.05769	0.02733	0.01113	0.00354	0.00506	0.02480	0.00810	0.00709
56	0.01175	0.00889	0.01084	0.01035	0.01267	0.00798	0.00777	0.01532	0.02330	0.03167	0.47594	0.07061	0.24286	0.01907	0.01029	0.00280	0.00420	0.01654	0.00917	0.00798
57	0.03316	0.02443	0.02618	0.02007	0.02705	0.02705	0.01658	0.60995	0.04101	0.05497	0.02094	0.02094	0.01483	0.01047	0.00873	0.00262	0.00960	0.00785	0.00873	0.01483
58	0.01268	0.00846	0.00951	0.00951	0.00951	0.00846	0.00529	0.01268	0.01268	0.01691	0.02748	0.05708	0.03171	0.69345	0.04440	0.00846	0.00846	0.01268	0.00529	0.00529
59	0.70114	0.01743	0.01382	0.01211	0.01763	0.02013	0.00998	0.06929	0.01680	0.04032	0.01280	0.01468	0.00985	0.00827	0.00565	0.00269	0.00696	0.00496	0.00565	0.00985
60	0.03258	0.04157	0.02472	0.02247	0.02697	0.65843	0.01685	0.03483	0.02472	0.02135	0.01348	0.01573	0.01124	0.00899	0.00787	0.00225	0.01573	0.00562	0.00449	0.01011

[dist]
# distance from previous block
# <min> <max>
0	1

[block]
# block no. 5 follows, 20 sequences, length 105
# corresponding to MSA columns:
# 199-303
name=unknown_F
#
# <colnr> <probs for GDERKNQSTAVLIFYWHMCP>
#	G	D	E	R	K	N	Q	S	T	A	V	L	I	F	Y	W	H	M	C	P
0	0.02159	0.02073	0.03541	0.05354	0.63903	0.02073	0.02677	0.02677	0.01986	0.02850	0.01641	0.02159	0.01382	0.00777	0.00864	0.00259	0.01036	0.00777	0.00432	0.01382
1	0.02431	0.02589	0.03276	0.04584	0.48736	0.17875	0.02431	0.02877	0.02107	0.02673	0.01568	0.02014	0.01318	0.00807	0.00844	0.00251	0.01169	0.00724	0.00436	0.01290
2	0.01080	0.00813	0.01000	0.01108	0.01247	0.00733	0.00772	0.01289	0.01875	0.02451	0.14618	0.43170	0.21778	0.02450	0.01078	0.00326	0.00475	0.02173	0.00832	0.00733
3	0.02500	0.02719	0.03209	0.04390	0.44911	0.21860	0.02369	0.02927	0.02137	0.02628	0.01550	0.01977	0.01302	0.00815	0.00840	0.00248	0.01203	0.00710	0.00437	0.01267
4	0.01063	0.00759	0.01012	0.01215	0.01265	0.00709	0.00810	0.01215	0.01670	0.02227	0.04808	0.68775	0.05769	0.02733	0.01113	0.00354	0.00506	0.02480	0.00810	0.00709
5	0.01246	0.00935	0.01402	0.01402	0.01558	0.01090	0.01090	0.01558	0.01402	0.02025	0.02336	0.03427	0.02181	0.06542	0.65888	0.01402	0.02336	0.00935	0.00467	0.00779
6	0.66483	0.10095	0.01688	0.01190	0.01755	0.02141	0.01012	0.02570	0.01520	0.03684	0.01214	0.01415	0.00966	0.00802	0.00542	0.00260	0.00707	0.00472	0.00519	0.00966
7	0.13278	0.28590	0.09217	0.01644	0.02358	0.02662	0.01565	0.16703	0.06036	0.03345	0.02075	0.02159	0.05131	0.00954	0.00708	0.00239	0.00891	0.00679	0.00576	0.01190
8	0.01131	0.00808	0.01090	0.01292	0.01373	0.00767	0.00928	0.01332	0.01737	0.02303	0.04770	0.57095	0.05621	0.02669	0.01131	0.00364	0.00565	0.13489	0.00808	0.00727
9	0.02195	0.02257	0.03880	0.04767	0.45820	0.05625	0.17010	0.02751	0.02031	0.02797	0.01655	0.02175	0.01353	0.00774	0.00900	0.00266	0.01174	0.00828	0.00435	0.01310
10	0.02592	0.06990	0.03144	0.06449	0.33116	0.24604	0.02194	0.05829	0.02238	0.02654	0.01530	0.01910	0.01271	0.00835	0.00819	0.00244	0.01220	0.00683	0.00454	0.01223
11	0.01894	0.20708	0.49894	0.02240	0.03395	0.02379	0.02794	0.02725	0.01824	0.02586	0.01478	0.01732	0.01109	0.00808	0.00762	0.00254	0.01201	0.00600	0.00370	0.01247
12	0.01191	0.00882	0.01111	0.01070	0.01281	0.00802	0.00796	0.01555	0.02341	0.03234	0.50944	0.10711	0.17026	0.01912	0.01034	0.00283	0.00422	0.01677	0.00927	0.00802
13	0.01063	0.00759	0.01012	0.01215	0.01265	0.00709	0.00810	0.01215	0.01670	0.02227	0.04808	0.68775	0.05769	0.02733	0.01113	0.00354	0.00506	0.02480	0.00810	0.00709
14	0.01246	0.00935	0.01402	0.01402	0.01558	0.01090	0.01090	0.01558	0.01402	0.02025	0.02336	0.03427	0.02181	0.06542	0.65888	0.01402	0.02336	0.00935	0.00467	0.00779
15	0.02170	0.01874	0.01972	0.01775	0.02268	0.02170	0.01381	0.04635	0.62327	0.03649	0.03550	0.03254	0.02663	0.01183	0.00888	0.00296	0.00690	0.00986	0.00888	0.01381
16	0.01809	0.01550	0.01809	0.01292	0.02067	0.01163	0.01034	0.02196	0.01809	0.02842	0.01550	0.01809	0.01292	0.00646	0.00646	0.00129	0.00646	0.00517	0.00517	0.74677
17	0.75506	0.01687	0.01282	0.01147	0.01687	0.01957	0.00945	0.02564	0.01484	0.03914	0.01215	0.01417	0.00945	0.00810	0.00540	0.00270	0.00675	0.00472	0.00540	0.00945
18	0.01246	0.00935	0.01402	0.01402	0.01558	0.01090	0.01090	0.01558	0.01402	0.02025	0.02336	0.03427	0.02181	0.06542	0.65888	0.01402	0.02336	0.00935	0.00467	0.00779
19	0.02899	0.02236	0.02383	0.01923	0.02546	0.02510	0.01557	0.40489	0.25286	0.04825	0.02624	0.02516	0.01912	0.01097	0.00878	0.00274	0.00862	0.00858	0.00878	0.01446
20	0.01067	0.00862	0.00922	0.00949	0.01176	0.00746	0.00680	0.01267	0.01898	0.02330	0.10270	0.17025	0.46786	0.08445	0.01357	0.00353	0.00487	0.01871	0.00791	0.00717
21	0.01866	0.03805	0.46812	0.03253	0.18713	0.02046	0.05811	0.02743	0.01888	0.02786	0.01593	0.01944	0.01184	0.00812	0.00847	0.00273	0.01235	0.00696	0.00387	0.01307
22	0.02315	0.01535	0.01861	0.01355	0.02106	0.01191	0.01093	0.02691	0.01974	0.17674	0.02005	0.02088	0.01501	0.00750	0.00702	0.00163	0.00669	0.00603	0.00652	0.57072
23	0.75506	0.01687	0.01282	0.01147	0.01687	0.01957	0.00945	0.02564	0.01484	0.03914	0.01215	0.01417	0.00945	0.00810	0.00540	0.00270	0.00675	0.00472	0.00540	0.00945
24	0.01750	0.04512	0.64825	0.02486	0.03775	0.02026	0.03223	0.02762	0.01842	0.02762	0.01565	0.01842	0.01105	0.00829	0.00829	0.00276	0.01289	0.00645	0.00368	0.01289
25	0.01132	0.00888	0.01023	0.00989	0.01240	0.00779	0.00742	0.01447	0.02226	0.02921	0.35862	0.07465	0.36171	0.01998	0.01030	0.00285	0.00427	0.01711	0.00884	0.00779
26	0.02187	0.02243	0.03887	0.04788	0.46244	0.05182	0.17016	0.02745	0.02028	0.02801	0.01657	0.02179	0.01355	0.00773	0.00901	0.00266	0.01170	0.00829	0.00435	0.01313
27	0.01401	0.01162	0.01698	0.01609	0.01728	0.01459	0.01281	0.01684	0.01386	0.02042	0.02059	0.03073	0.01939	0.05373	0.51191	0.01164	0.17590	0.00895	0.00447	0.00820
28	0.01063	0.00759	0.01012	0.01215	0.01265	0.00709	0.00810	0.01215	0.01670	0.02227	0.04808	0.68775	0.05769	0.02733	0.01113	0.00354	0.00506	0.02480	0.00810	0.00709
29	0.01917	0.01825	0.03103	0.34673	0.36479	0.02009	0.02556	0.02465	0.01872	0.02556	0.01598	0.02238	0.01278	0.00822	0.00868	0.00274	0.01096	0.00776	0.00411	0.01186
30	0.01125	0.00887	0.01015	0.00983	0.01236	0.00777	0.00737	0.01435	0.02211	0.02886	0.34165	0.07523	0.37890	0.02012	0.01030	0.00285	0.00428	0.01719	0.00880	0.00777
31	0.01809	0.01550	0.01809	0.01292	0.02067	0.01163	0.01034	0.02196	0.01809	0.02842	0.01550	0.01809	0.01292	0.00646	0.00646	0.00129	0.00646	0.00517	0.00517	0.74677
32	0.01063	0.00759	0.01012	0.01215	0.01265	0.00709	0.00810	0.01215	0.01670	0.02227	0.04808	0.68775	0.05769	0.02733	0.01113	0.00354	0.00506	0.02480	0.00810	0.00709
33	0.01921	0.01651	0.01860	0.01442	0.02130	0.01475	0.01141	0.02953	0.20588	0.03093	0.02171	0.02257	0.01717	0.00813	0.00721	0.00181	0.00660	0.00662	0.00632	0.51933
34	0.01031	0.00884	0.00884	0.00884	0.01178	0.00736	0.00663	0.01252	0.01988	0.02356	0.08837	0.08395	0.63549	0.02209	0.01031	0.00295	0.00442	0.01841	0.00810	0.00736
35	0.01515	0.00758	0.01136	0.01136	0.01136	0.00758	0.00758	0.01136	0.01136	0.01515	0.01515	0.02652	0.01515	0.03030	0.03409	0.74621	0.00758	0.00758	0.00379	0.00379
36	0.03140	0.06260	0.02424	0.01796	0.02441	0.02238	0.01479	0.28431	0.17526	0.20810	0.02754	0.02567	0.01927	0.01070	0.00858	0.00267	0.00834	0.00839	0.00901	0.01436
37	0.01794	0.04228	0.57367	0.02737	0.07538	0.02040	0.06728	0.02759	0.01864	0.02770	0.01582	0.01893	0.01136	0.00820	0.00843	0.00276	0.01285	0.00676	0.00377	0.01288
38	0.02159	0.02073	0.03541	0.05354	0.63903	0.02073	0.02677	0.02677	0.01986	0.02850	0.01641	0.02159	0.01382	0.00777	0.00864	0.00259	0.01036	0.00777	0.00432	0.01382
39	0.01750	0.04512	0.64825	0.02486	0.03775	0.02026	0.03223	0.02762	0.01842	0.02762	0.01565	0.01842	0.01105	0.00829	0.00829	0.00276	0.01289	0.00645	0.00368	0.01289
40	0.01157	0.00823	0.01103	0.01294	0.01378	0.00787	0.00938	0.01360	0.01729	0.02289	0.04649	0.51120	0.05446	0.06331	0.01319	0.00393	0.00596	0.15775	0.00793	0.00721
41	0.03084	0.02292	0.02528	0.06028	0.02825	0.02541	0.01654	0.53670	0.03853	0.05170	0.05835	0.02381	0.01879	0.01081	0.00882	0.00264	0.00939	0.00833	0.00848	0.01411
42	0.01031	0.00884	0.00884	0.00884	0.01178	0.00736	0.00663	0.01252	0.01988	0.02356	0.08837	0.08395	0.63549	0.02209	0.01031	0.00295	0.00442	0.01841	0.00810	0.00736
43	0.03316	0.02443	0.02618	0.02007	0.02705	0.02705	0.01658	0.60995	0.04101	0.05497	0.02094	0.02094	0.01483	0.01047	0.00873	0.00262	0.00960	0.00785	0.00873	0.01483
44	0.01246	0.00935	0.01402	0.01402	0.01558	0.01090	0.01090	0.01558	0.01402	0.02025	0.02336	0.03427	0.02181	0.06542	0.65888	0.01402	0.02336	0.00935	0.00467	0.00779
45	0.02393	0.04361	0.38242	0.02384	0.03315	0.29233	0.02567	0.03070	0.02110	0.02495	0.01473	0.01727	0.01113	0.00859	0.00811	0.00254	0.01410	0.00609	0.00403	0.01171
46	0.02332	0.69869	0.04571	0.01493	0.02239	0.03451	0.01493	0.02612	0.01772	0.02052	0.01213	0.01399	0.01119	0.00746	0.00560	0.00187	0.00933	0.00466	0.00373	0.01119
47	0.01063	0.00759	0.01012	0.01215	0.01265	0.00709	0.00810	0.01215	0.01670	0.02227	0.04808	0.68775	0.05769	0.02733	0.01113	0.00354	0.00506	0.02480	0.00810	0.00709
48	0.01990	0.02765	0.18983	0.06817	0.19145	0.02117	0.29753	0.02731	0.01974	0.02774	0.01676	0.02181	0.01278	0.00775	0.00933	0.00281	0.01305	0.00862	0.00419	0.01245
49	0.02986	0.03641	0.02737	0.03017	0.17864	0.50040	0.01931	0.03283	0.02352	0.02312	0.01421	0.01718	0.01188	0.00869	0.00806	0.00233	0.01440	0.00615	0.00445	0.01103
50	0.01268	0.00846	0.00951	0.00951	0.00951	0.00846	0.00529	0.01268	0.01268	0.01691	0.02748	0.05708	0.03171	0.69345	0.04440	0.00846	0.00846	0.01268	0.00529	0.00529
51	0.01767	0.04393	0.61532	0.02552	0.03819	0.02036	0.06396	0.02764	0.01854	0.02764	0.01576	0.01870	0.01117	0.00824	0.00840	0.00277	0.01299	0.00666	0.00372	0.01283
52	0.01146	0.00858	0.01063	0.01076	0.01265	0.00775	0.00782	0.01450	0.02165	0.02926	0.36607	0.21929	0.20537	0.02111	0.01050	0.00298	0.00441	0.01856	0.00889	0.00775
53	0.20301	0.01868	0.01850	0.01583	0.02125	0.05816	0.01262	0.07352	0.23692	0.17665	0.05700	0.02732	0.02241	0.01073	0.00801	0.00276	0.00756	0.00828	0.00824	0.01256
54	0.01044	0.00884	0.00901	0.00897	0.01186	0.00742	0.00673	0.01276	0.02018	0.02428	0.12249	0.08277	0.60092	0.02183	0.01031	0.00293	0.00440	0.01824	0.00819	0.00742
55	0.01750	0.04512	0.64825	0.02486	0.03775	0.02026	0.03223	0.02762	0.01842	0.02762	0.01565	0.01842	0.01105	0.00829	0.00829	0.00276	0.01289	0.00645	0.00368	0.01289
