[name]
unknown

[dist]
# distance from previous block
# <min> <max>
0	0

[block]
# block no. 0 follows, 21 sequences, length 76
# corresponding to MSA columns:
# 0-75
name=unknown_A
#
# <colnr> <probs for GDERKNQSTAVLIFYWHMCP>
#	G	D	E	R	K	N	Q	S	T	A	V	L	I	F	Y	W	H	M	C	P
0	0.01371	0.00980	0.01371	0.01567	0.01763	0.00980	0.01371	0.01763	0.01959	0.02547	0.04506	0.09599	0.04898	0.02351	0.01175	0.00392	0.00784	0.59056	0.00784	0.00784
1	0.02236	0.61619	0.04107	0.01486	0.02153	0.06388	0.01434	0.02508	0.01735	0.02004	0.01278	0.01533	0.01176	0.01191	0.05888	0.00279	0.01052	0.00497	0.00375	0.01060
2	0.05722	0.02925	0.24349	0.01872	0.02720	0.09766	0.01909	0.06230	0.07571	0.05583	0.01763	0.01921	0.01327	0.00819	0.00748	0.00223	0.00990	0.00623	0.00522	0.22416
3	0.01860	0.22271	0.49158	0.02164	0.03279	0.02352	0.02689	0.02655	0.01778	0.02508	0.01434	0.01680	0.01082	0.00787	0.00738	0.00246	0.01164	0.00582	0.00361	0.01213
4	0.03179	0.04056	0.02412	0.02192	0.02631	0.66676	0.01644	0.03398	0.02412	0.02083	0.01315	0.01535	0.01096	0.00877	0.00767	0.00219	0.01535	0.00548	0.00438	0.00987
5	0.01707	0.04402	0.65683	0.02426	0.03683	0.01976	0.03144	0.02695	0.01797	0.02695	0.01527	0.01797	0.01078	0.00809	0.00809	0.00270	0.01258	0.00629	0.00359	0.01258
6	0.01204	0.00870	0.01138	0.01071	0.01271	0.00803	0.00803	0.01606	0.02409	0.03413	0.64335	0.06357	0.08030	0.01740	0.01004	0.00268	0.00401	0.01539	0.00937	0.00803
7	0.01245	0.01154	0.06337	0.01180	0.01466	0.00898	0.00992	0.01694	0.02360	0.03355	0.59275	0.05989	0.07470	0.01665	0.00988	0.00268	0.00470	0.01466	0.00890	0.00840
8	0.02211	0.02031	0.03167	0.09747	0.50261	0.04932	0.02402	0.02803	0.05363	0.06210	0.01781	0.02196	0.01430	0.00809	0.00842	0.00256	0.01010	0.00765	0.00478	0.01305
9	0.01078	0.00763	0.01002	0.01177	0.01229	0.00722	0.00791	0.01223	0.01603	0.02134	0.04452	0.58947	0.05300	0.10312	0.01460	0.00403	0.00547	0.05422	0.00758	0.00676
10	0.01031	0.00763	0.00965	0.01126	0.01219	0.00696	0.00764	0.01192	0.01686	0.02196	0.05408	0.58330	0.16372	0.02573	0.01072	0.00335	0.00482	0.02305	0.00790	0.00696
11	0.01092	0.00936	0.04141	0.01229	0.01358	0.00769	0.00906	0.01316	0.01745	0.02369	0.12799	0.57506	0.05741	0.02448	0.01061	0.00331	0.00518	0.02211	0.00789	0.00734
12	0.01827	0.01785	0.02477	0.39703	0.15861	0.08930	0.02100	0.02301	0.01823	0.02335	0.01837	0.07629	0.01593	0.00991	0.00844	0.00271	0.01061	0.00870	0.04764	0.00996
13	0.01204	0.00870	0.01138	0.01071	0.01271	0.00803	0.00803	0.01606	0.02409	0.03413	0.64335	0.06357	0.08030	0.01740	0.01004	0.00268	0.00401	0.01539	0.00937	0.00803
14	0.76103	0.01646	0.01251	0.01119	0.01646	0.01909	0.00922	0.02502	0.01448	0.03818	0.01185	0.01382	0.00922	0.00790	0.00527	0.00263	0.00658	0.00461	0.00527	0.00922
15	0.02044	0.02297	0.08946	0.04499	0.41453	0.02058	0.20680	0.02653	0.01948	0.02757	0.01632	0.02139	0.01309	0.00750	0.00889	0.00265	0.01160	0.00823	0.00419	0.01280
16	0.02307	0.02402	0.03259	0.04657	0.53166	0.14108	0.02431	0.02759	0.02026	0.02650	0.01547	0.01999	0.01301	0.00780	0.00828	0.00246	0.01109	0.00719	0.00424	0.01280
17	0.01006	0.00862	0.00862	0.00862	0.01149	0.00718	0.00647	0.01221	0.01940	0.02299	0.08621	0.08190	0.64438	0.02155	0.01006	0.00287	0.00431	0.01796	0.00790	0.00718
18	0.03118	0.03940	0.02471	0.02366	0.06185	0.62978	0.01700	0.03353	0.02385	0.02123	0.01332	0.01567	0.01111	0.00870	0.00772	0.00221	0.01505	0.00560	0.00437	0.01007
19	0.02106	0.02022	0.03454	0.05223	0.64784	0.02022	0.02612	0.02612	0.01938	0.02780	0.01601	0.02106	0.01348	0.00758	0.00842	0.00253	0.01011	0.00758	0.00421	0.01348
20	0.16880	0.06713	0.02308	0.01837	0.02384	0.26125	0.01462	0.20628	0.08006	0.03509	0.01688	0.01791	0.01299	0.00919	0.00743	0.00242	0.01080	0.00627	0.00611	0.01148
21	0.02557	0.02023	0.14190	0.01964	0.05496	0.01507	0.04993	0.06271	0.02096	0.27410	0.02452	0.02617	0.01762	0.02098	0.14974	0.00496	0.01220	0.00808	0.00694	0.04373
22	0.01748	0.04159	0.59328	0.02711	0.09923	0.01981	0.03090	0.02687	0.01811	0.02704	0.01535	0.01828	0.01106	0.00803	0.00812	0.00268	0.01232	0.00642	0.00366	0.01267
23	0.02024	0.06276	0.04989	0.03463	0.04316	0.02223	0.58182	0.02716	0.01992	0.02684	0.01690	0.02241	0.01280	0.00718	0.00978	0.00281	0.01404	0.00972	0.00427	0.01145
24	0.01028	0.00774	0.00953	0.01097	0.01211	0.00699	0.00751	0.01195	0.01714	0.02207	0.05763	0.52801	0.21672	0.02527	0.01064	0.00330	0.00477	0.02249	0.00790	0.00699
25	0.01972	0.02170	0.09641	0.16681	0.47530	0.01993	0.02620	0.02538	0.01879	0.02658	0.01577	0.02105	0.01281	0.00781	0.00841	0.00260	0.01059	0.00745	0.00407	0.01264
26	0.01765	0.01513	0.01765	0.01260	0.02017	0.01134	0.01008	0.02143	0.01765	0.02773	0.01513	0.01765	0.01260	0.00630	0.00630	0.00126	0.00630	0.00504	0.00504	0.75295
27	0.01238	0.00825	0.00928	0.00928	0.00928	0.00825	0.00516	0.01238	0.01238	0.01650	0.02681	0.05569	0.03094	0.70092	0.04331	0.00825	0.00825	0.01238	0.00516	0.00516
28	0.01017	0.00863	0.00878	0.00874	0.01156	0.00723	0.00656	0.01243	0.01967	0.02363	0.11807	0.08085	0.61212	0.02131	0.01006	0.00286	0.00429	0.01781	0.00799	0.00723
29	0.02106	0.02022	0.03454	0.05223	0.64784	0.02022	0.02612	0.02612	0.01938	0.02780	0.01601	0.02106	0.01348	0.00758	0.00842	0.00253	0.01011	0.00758	0.00421	0.01348
30	0.01449	0.01296	0.01752	0.02275	0.20208	0.01247	0.01315	0.01969	0.08175	0.02561	0.05688	0.10809	0.34604	0.01678	0.00949	0.00282	0.00634	0.01452	0.00688	0.00968
31	0.01006	0.00862	0.00862	0.00862	0.01149	0.00718	0.00647	0.01221	0.01940	0.02299	0.08621	0.08190	0.64438	0.02155	0.01006	0.00287	0.00431	0.01796	0.00790	0.00718
32	0.01204	0.00870	0.01138	0.01071	0.01271	0.00803	0.00803	0.01606	0.02409	0.03413	0.64335	0.06357	0.08030	0.01740	0.01004	0.00268	0.00401	0.01539	0.00937	0.00803
33	0.01738	0.08068	0.62293	0.02372	0.03600	0.02053	0.03051	0.02687	0.01793	0.02657	0.01508	0.01773	0.01079	0.00804	0.00794	0.00265	0.01238	0.00619	0.00360	0.01249
34	0.02229	0.65271	0.09392	0.01534	0.02305	0.03255	0.01592	0.02560	0.01735	0.02058	0.01211	0.01400	0.01091	0.00735	0.00567	0.00189	0.00938	0.00469	0.00364	0.01105
35	0.03179	0.04056	0.02412	0.02192	0.02631	0.66676	0.01644	0.03398	0.02412	0.02083	0.01315	0.01535	0.01096	0.00877	0.00767	0.00219	0.01535	0.00548	0.00438	0.00987
36	0.01478	0.00739	0.01109	0.01109	0.01109	0.00739	0.00739	0.01109	0.01109	0.01478	0.01478	0.02587	0.01478	0.02956	0.03326	0.75240	0.00739	0.00739	0.00370	0.00370
37	0.01034	0.00750	0.00977	0.01159	0.01227	0.00693	0.00778	0.01188	0.01654	0.02183	0.05007	0.64595	0.10366	0.02625	0.01080	0.00341	0.00489	0.02369	0.00790	0.00693
38	0.02275	0.70604	0.04459	0.01456	0.02184	0.03367	0.01456	0.02548	0.01729	0.02002	0.01183	0.01365	0.01092	0.00728	0.00546	0.00182	0.00910	0.00455	0.00364	0.01092
39	0.03235	0.02384	0.02554	0.01958	0.02639	0.02639	0.01618	0.61946	0.04001	0.05363	0.02043	0.02043	0.01447	0.01022	0.00851	0.00255	0.00936	0.00766	0.00851	0.01447
40	0.01065	0.00819	0.00982	0.01090	0.01256	0.00736	0.00792	0.01275	0.01818	0.02310	0.08562	0.36339	0.29256	0.02393	0.01060	0.00324	0.00495	0.07919	0.00795	0.00716
41	0.01817	0.17211	0.53837	0.02238	0.03393	0.02245	0.02818	0.02667	0.01784	0.02561	0.01461	0.01713	0.01081	0.00793	0.00758	0.00253	0.01190	0.00595	0.00360	0.01226
42	0.03105	0.02295	0.02455	0.01894	0.02552	0.02527	0.01561	0.58407	0.03881	0.05185	0.02427	0.02401	0.05118	0.01088	0.00860	0.00257	0.00907	0.00826	0.00848	0.01405
43	0.01037	0.00741	0.00987	0.01185	0.01234	0.00691	0.00790	0.01185	0.01629	0.02172	0.04690	0.69537	0.05629	0.02666	0.01086	0.00346	0.00494	0.02419	0.00790	0.00691
44	0.02055	0.01970	0.03362	0.11639	0.58766	0.02009	0.02586	0.02567	0.01914	0.02718	0.01592	0.02123	0.01326	0.00768	0.00843	0.00256	0.01024	0.00758	0.00417	0.01307
45	0.02844	0.03165	0.02830	0.03046	0.19749	0.36318	0.04457	0.12197	0.02510	0.02808	0.01523	0.01802	0.01228	0.00860	0.00811	0.00237	0.01294	0.00659	0.00497	0.01164
46	0.01030	0.00767	0.00961	0.01116	0.01216	0.00697	0.00759	0.01193	0.01696	0.02200	0.05534	0.56377	0.18245	0.02557	0.01069	0.00333	0.00480	0.02286	0.00790	0.00697
47	0.20939	0.16913	0.02594	0.05432	0.02457	0.08498	0.01442	0.22698	0.05602	0.03681	0.01620	0.01757	0.01248	0.00885	0.00698	0.00242	0.00915	0.00613	0.00602	0.01164
48	0.02072	0.46931	0.26352	0.01803	0.02720	0.02870	0.02060	0.02601	0.01753	0.02250	0.01306	0.01519	0.01087	0.00757	0.00640	0.00213	0.01034	0.00517	0.00362	0.01151
49	0.02592	0.47259	0.03741	0.01714	0.02341	0.25576	0.01522	0.02846	0.01969	0.02030	0.01230	0.01425	0.01094	0.00780	0.00624	0.00195	0.01129	0.00488	0.00390	0.01055
50	0.01707	0.04402	0.65683	0.02426	0.03683	0.01976	0.03144	0.02695	0.01797	0.02695	0.01527	0.01797	0.01078	0.00809	0.00809	0.00270	0.01258	0.00629	0.00359	0.01258
51	0.01478	0.00739	0.01109	0.01109	0.01109	0.00739	0.00739	0.01109	0.01109	0.01478	0.01478	0.02587	0.01478	0.02956	0.03326	0.75240	0.00739	0.00739	0.00370	0.00370
52	0.02515	0.05606	0.05604	0.02235	0.02732	0.38244	0.11705	0.02856	0.02089	0.02180	0.01589	0.02120	0.01370	0.05097	0.09970	0.00419	0.01548	0.00710	0.00437	0.00975
53	0.02100	0.02140	0.02975	0.09426	0.45068	0.10689	0.02259	0.02542	0.01984	0.02587	0.02272	0.02663	0.07740	0.00925	0.00850	0.00254	0.01033	0.00835	0.00458	0.01202
54	0.01037	0.00741	0.00987	0.01185	0.01234	0.00691	0.00790	0.01185	0.01629	0.02172	0.04690	0.69537	0.05629	0.02666	0.01086	0.00346	0.00494	0.02419	0.00790	0.00691
55	0.02171	0.02244	0.03483	0.09722	0.44796	0.09191	0.10668	0.02679	0.01981	0.02647	0.01579	0.02082	0.01295	0.00773	0.00857	0.00256	0.01138	0.00769	0.00421	0.01248
56	0.01027	0.00778	0.00949	0.01086	0.01208	0.00700	0.00746	0.01196	0.01724	0.02211	0.05890	0.50820	0.23571	0.02510	0.01062	0.00328	0.00475	0.02229	0.00790	0.00700
57	0.01765	0.01513	0.01765	0.01260	0.02017	0.01134	0.01008	0.02143	0.01765	0.02773	0.01513	0.01765	0.01260	0.00630	0.00630	0.00126	0.00630	0.00504	0.00504	0.75295
58	0.01038	0.00826	0.00936	0.01017	0.01215	0.00724	0.00739	0.01240	0.01831	0.02269	0.06994	0.29930	0.40207	0.02347	0.01044	0.00314	0.00474	0.05353	0.00790	0.00713
59	0.01607	0.01513	0.02552	0.68047	0.05861	0.01891	0.02363	0.02174	0.01702	0.02174	0.01513	0.02269	0.01134	0.00851	0.00851	0.00284	0.01134	0.00756	0.00378	0.00945
60	0.01037	0.00741	0.00987	0.01185	0.01234	0.00691	0.00790	0.01185	0.01629	0.02172	0.04690	0.69537	0.05629	0.02666	0.01086	0.00346	0.00494	0.02419	0.00790	0.00691
61	0.01090	0.00789	0.01029	0.01130	0.01242	0.00729	0.00786	0.01324	0.01900	0.02583	0.24338	0.45557	0.09668	0.02336	0.01055	0.00317	0.00460	0.02098	0.00838	0.00729
62	0.02292	0.64809	0.06962	0.01530	0.02268	0.06152	0.01536	0.02593	0.01763	0.02035	0.01204	0.01391	0.01092	0.00738	0.00567	0.00187	0.00953	0.00467	0.00367	0.01094
63	0.01707	0.04402	0.65683	0.02426	0.03683	0.01976	0.03144	0.02695	0.01797	0.02695	0.01527	0.01797	0.01078	0.00809	0.00809	0.00270	0.01258	0.00629	0.00359	0.01258
64	0.01006	0.00862	0.00862	0.00862	0.01149	0.00718	0.00647	0.01221	0.01940	0.02299	0.08621	0.08190	0.64438	0.02155	0.01006	0.00287	0.00431	0.01796	0.00790	0.00718
65	0.02106	0.02022	0.03454	0.05223	0.64784	0.02022	0.02612	0.02612	0.01938	0.02780	0.01601	0.02106	0.01348	0.00758	0.00842	0.00253	0.01011	0.00758	0.00421	0.01348
66	0.02106	0.01995	0.02984	0.26916	0.34062	0.05736	0.02367	0.08562	0.02092	0.02790	0.01598	0.02125	0.01268	0.00825	0.00842	0.00262	0.01077	0.00746	0.00451	0.01195
67	0.01707	0.04402	0.65683	0.02426	0.03683	0.01976	0.03144	0.02695	0.01797	0.02695	0.01527	0.01797	0.01078	0.00809	0.00809	0.00270	0.01258	0.00629	0.00359	0.01258
68	0.01037	0.00741	0.00987	0.01185	0.01234	0.00691	0.00790	0.01185	0.01629	0.02172	0.04690	0.69537	0.05629	0.02666	0.01086	0.00346	0.00494	0.02419	0.00790	0.00691
69	0.26564	0.01575	0.01836	0.12136	0.02543	0.01779	0.01367	0.06046	0.05266	0.16511	0.02179	0.08021	0.01765	0.01123	0.00960	0.00286	0.07475	0.00838	0.00660	0.01072
70	0.01161	0.01601	0.14789	0.01252	0.01707	0.00984	0.01207	0.01531	0.01857	0.02363	0.06437	0.17151	0.40941	0.01952	0.00977	0.00293	0.00619	0.01651	0.00698	0.00830
71	0.01986	0.01601	0.02188	0.08206	0.18094	0.01720	0.01618	0.14834	0.05806	0.03279	0.07473	0.14047	0.02762	0.01300	0.00951	0.00274	0.03405	0.01119	0.08234	0.01106
72	0.01955	0.02176	0.10153	0.18391	0.45376	0.01989	0.02617	0.02527	0.01871	0.02641	0.01574	0.02107	0.01272	0.00784	0.00841	0.00261	0.01065	0.00743	0.00405	0.01252
73	0.11235	0.18691	0.33807	0.02487	0.12813	0.02291	0.02398	0.02624	0.01760	0.02692	0.01418	0.01696	0.01105	0.00780	0.00719	0.00246	0.01064	0.00589	0.00391	0.01192
74	0.04970	0.21580	0.32186	0.01869	0.02734	0.04482	0.02120	0.02544	0.01826	0.05073	0.06974	0.02143	0.01749	0.01005	0.00890	0.04612	0.01022	0.00667	0.00450	0.01106
75	0.02164	0.39241	0.20148	0.01882	0.02699	0.09836	0.04940	0.02647	0.01868	0.02294	0.04204	0.01772	0.01416	0.00811	0.00683	0.00218	0.01074	0.00588	0.00401	0.01113

[dist]
# distance from previous block
# <min> <max>
23	49

[block]
# block no. 1 follows, 21 sequences, length 18
# corresponding to MSA columns:
# 147-164
name=unknown_B
#
# <colnr> <probs for GDERKNQSTAVLIFYWHMCP>
#	G	D	E	R	K	N	Q	S	T	A	V	L	I	F	Y	W	H	M	C	P
0	0.01895	0.02026	0.01702	0.09384	0.02311	0.22258	0.01282	0.02346	0.07934	0.02299	0.03738	0.23405	0.12759	0.01646	0.00921	0.00283	0.00912	0.01378	0.00636	0.00885
1	0.01877	0.09616	0.01870	0.01419	0.01752	0.06295	0.01098	0.15505	0.02344	0.03026	0.11860	0.25042	0.07104	0.05911	0.01129	0.00312	0.00724	0.01443	0.00732	0.00940
2	0.02797	0.03245	0.02144	0.01927	0.02351	0.46761	0.01463	0.09380	0.02455	0.02509	0.02226	0.02409	0.07402	0.01297	0.04073	0.00286	0.01343	0.00723	0.04220	0.00990
3	0.01122	0.00761	0.00944	0.01091	0.01187	0.00710	0.00745	0.01316	0.01684	0.02345	0.04766	0.52943	0.10798	0.02348	0.01000	0.00316	0.00472	0.02098	0.12643	0.00710
4	0.02740	0.02988	0.02473	0.02141	0.02493	0.32787	0.01691	0.13515	0.05250	0.02729	0.01488	0.01802	0.01237	0.01101	0.01399	0.00275	0.21642	0.00666	0.00513	0.01069
5	0.02106	0.02022	0.03454	0.05223	0.64784	0.02022	0.02612	0.02612	0.01938	0.02780	0.01601	0.02106	0.01348	0.00758	0.00842	0.00253	0.01011	0.00758	0.00421	0.01348
6	0.02070	0.01985	0.03388	0.09809	0.60483	0.02012	0.02594	0.02580	0.01921	0.02736	0.01594	0.02118	0.01332	0.00765	0.00843	0.00255	0.01020	0.00758	0.00418	0.01319
7	0.01163	0.00829	0.01071	0.01208	0.01306	0.00794	0.00876	0.01359	0.01691	0.02229	0.07005	0.36351	0.08687	0.14964	0.01699	0.00439	0.00620	0.16277	0.00744	0.00688
8	0.02106	0.02022	0.03454	0.05223	0.64784	0.02022	0.02612	0.02612	0.01938	0.02780	0.01601	0.02106	0.01348	0.00758	0.00842	0.00253	0.01011	0.00758	0.00421	0.01348
9	0.02071	0.01986	0.03391	0.09638	0.60644	0.02013	0.02594	0.02581	0.01921	0.02738	0.01595	0.02118	0.01333	0.00765	0.00843	0.00255	0.01020	0.00758	0.00418	0.01320
10	0.38069	0.09474	0.08218	0.01614	0.02215	0.19874	0.01422	0.05569	0.01895	0.03124	0.01294	0.01494	0.01026	0.00820	0.00637	0.00243	0.00995	0.00515	0.00485	0.01014
11	0.01476	0.03576	0.01469	0.01529	0.08596	0.01028	0.01009	0.01774	0.02051	0.08122	0.20071	0.13765	0.28703	0.01808	0.00966	0.00280	0.00541	0.01559	0.00791	0.00885
12	0.02197	0.01755	0.02367	0.02803	0.22770	0.01827	0.01752	0.21611	0.02594	0.03545	0.02912	0.06663	0.06140	0.01320	0.00915	0.00283	0.00855	0.11901	0.04613	0.01179
13	0.02512	0.35892	0.13520	0.01878	0.02586	0.26084	0.01795	0.02880	0.01987	0.02142	0.01286	0.01496	0.01091	0.00795	0.00668	0.00210	0.01192	0.00517	0.00390	0.01080
14	0.01770	0.17528	0.35198	0.02160	0.05846	0.02047	0.02360	0.02449	0.01826	0.02519	0.02132	0.03486	0.01958	0.01138	0.00838	0.00278	0.01065	0.13823	0.00459	0.01120
15	0.02200	0.08881	0.02102	0.01923	0.09373	0.18699	0.01347	0.06648	0.02192	0.02854	0.08155	0.03133	0.02403	0.01081	0.00765	0.00234	0.00888	0.05014	0.21121	0.00986
16	0.10863	0.02991	0.33915	0.02401	0.11406	0.01796	0.02307	0.02776	0.04826	0.08849	0.08012	0.02413	0.01958	0.00932	0.00806	0.00267	0.00988	0.00754	0.00535	0.01207
17	0.02694	0.08433	0.02625	0.02376	0.09567	0.35010	0.01698	0.09979	0.02303	0.02537	0.01503	0.01850	0.01269	0.01454	0.07348	0.00349	0.06825	0.00642	0.00477	0.01065

[dist]
# distance from previous block
# <min> <max>
32	63

[block]
# block no. 2 follows, 21 sequences, length 49
# corresponding to MSA columns:
# 228-276
name=unknown_C
#
# <colnr> <probs for GDERKNQSTAVLIFYWHMCP>
#	G	D	E	R	K	N	Q	S	T	A	V	L	I	F	Y	W	H	M	C	P
0	0.16687	0.05706	0.01824	0.01467	0.01912	0.12297	0.01166	0.12470	0.08648	0.03459	0.13861	0.03135	0.06099	0.01143	0.00776	0.00250	0.00782	0.00876	0.06414	0.01030
1	0.02439	0.04897	0.02247	0.11818	0.06111	0.13278	0.01567	0.08800	0.02203	0.14374	0.06060	0.02775	0.04259	0.01769	0.09649	0.00407	0.04805	0.00833	0.00625	0.01084
2	0.02573	0.15754	0.22440	0.02075	0.02879	0.19711	0.02069	0.17186	0.02482	0.03052	0.01533	0.01708	0.01175	0.00864	0.00761	0.00237	0.01192	0.00609	0.00500	0.01201
3	0.01876	0.01940	0.01719	0.01604	0.01871	0.19014	0.01255	0.02293	0.05860	0.02603	0.19250	0.04918	0.12859	0.01573	0.01195	0.00288	0.10010	0.08301	0.00680	0.00889
4	0.02080	0.01797	0.04628	0.05573	0.17932	0.01784	0.01655	0.10636	0.17621	0.07010	0.03778	0.03754	0.15633	0.01225	0.00886	0.00272	0.00786	0.01041	0.00705	0.01205
5	0.05272	0.05785	0.13814	0.02414	0.11193	0.14811	0.07975	0.02618	0.02122	0.05716	0.16759	0.02954	0.02864	0.01038	0.00850	0.00254	0.01024	0.00885	0.00571	0.01081
6	0.02035	0.01305	0.01991	0.11534	0.15647	0.01293	0.01541	0.02375	0.01918	0.17606	0.03255	0.26411	0.03196	0.01599	0.00950	0.00300	0.00765	0.04507	0.00717	0.01055
7	0.01986	0.03949	0.45021	0.09255	0.06050	0.14007	0.02764	0.02769	0.01907	0.02531	0.01489	0.01808	0.01098	0.00824	0.00807	0.00261	0.01287	0.00632	0.00378	0.01179
8	0.02979	0.03677	0.02606	0.02756	0.14195	0.54647	0.01824	0.03252	0.02323	0.02213	0.01369	0.01641	0.01143	0.00855	0.00781	0.00225	0.01437	0.00587	0.00435	0.01054
9	0.20183	0.01940	0.02526	0.03007	0.26363	0.02134	0.01821	0.15583	0.02232	0.03556	0.04491	0.02091	0.01556	0.00946	0.00977	0.00269	0.07842	0.00723	0.00561	0.01198
10	0.17618	0.03479	0.43160	0.06238	0.03307	0.02008	0.02505	0.07192	0.01887	0.03107	0.01493	0.01757	0.01077	0.00824	0.00755	0.00268	0.01098	0.00612	0.00434	0.01181
11	0.33524	0.01540	0.01784	0.05201	0.15705	0.01686	0.01337	0.02373	0.06336	0.03064	0.02057	0.10613	0.01963	0.08192	0.01100	0.00332	0.00756	0.00902	0.00554	0.00979
12	0.01358	0.01733	0.15378	0.01383	0.01838	0.01134	0.01286	0.01836	0.05079	0.02410	0.06757	0.17614	0.14647	0.14369	0.01551	0.00378	0.00732	0.01369	0.00625	0.08522
13	0.02227	0.02307	0.02562	0.03258	0.28057	0.18818	0.01953	0.02828	0.08388	0.02625	0.02359	0.03721	0.02194	0.01182	0.00899	0.00278	0.01064	0.13598	0.00552	0.01128
14	0.02416	0.02445	0.02203	0.01929	0.02239	0.23279	0.01527	0.13592	0.02210	0.02728	0.01663	0.02136	0.01418	0.02084	0.13538	0.00476	0.17814	0.00718	0.04579	0.01006
15	0.02973	0.02229	0.02413	0.01834	0.02528	0.02371	0.01509	0.51293	0.03603	0.04902	0.01949	0.01994	0.01414	0.00952	0.00812	0.00232	0.00882	0.00720	0.00789	0.14602
16	0.01101	0.00852	0.00920	0.00910	0.01103	0.00761	0.00631	0.01280	0.01803	0.02268	0.14707	0.07176	0.38827	0.21714	0.01966	0.00440	0.00541	0.01599	0.00731	0.00672
17	0.01017	0.00863	0.00877	0.00873	0.01156	0.00723	0.00655	0.01242	0.01965	0.02360	0.11655	0.08090	0.61366	0.02133	0.01006	0.00286	0.00429	0.01782	0.00798	0.00723
18	0.02106	0.02022	0.03454	0.05223	0.64784	0.02022	0.02612	0.02612	0.01938	0.02780	0.01601	0.02106	0.01348	0.00758	0.00842	0.00253	0.01011	0.00758	0.00421	0.01348
19	0.01353	0.00858	0.01105	0.01105	0.01255	0.00936	0.00826	0.01653	0.01503	0.02369	0.02510	0.03558	0.02267	0.12335	0.34991	0.00876	0.01416	0.00909	0.27436	0.00742
20	0.02558	0.34522	0.03251	0.01767	0.02310	0.30620	0.01497	0.02811	0.01988	0.02034	0.01354	0.01643	0.01201	0.01376	0.07465	0.00320	0.01322	0.00543	0.00406	0.01012
21	0.02050	0.01942	0.03294	0.04941	0.59922	0.01942	0.02516	0.02546	0.01939	0.02762	0.01825	0.02684	0.01622	0.00881	0.00868	0.00263	0.00993	0.05255	0.00449	0.01304
22	0.01896	0.26427	0.45314	0.02103	0.03185	0.02439	0.02583	0.02646	0.01774	0.02465	0.01413	0.01653	0.01083	0.00782	0.00721	0.00240	0.01142	0.00571	0.00361	0.01203
23	0.01901	0.01806	0.02972	0.04412	0.52944	0.01779	0.02246	0.02353	0.01938	0.02691	0.02907	0.03238	0.13086	0.01018	0.00873	0.00259	0.00903	0.00951	0.00490	0.01231
24	0.01059	0.00762	0.01035	0.01208	0.01270	0.00737	0.00824	0.01226	0.01597	0.02148	0.04391	0.61321	0.05194	0.03127	0.09233	0.00472	0.00715	0.02232	0.00749	0.00700
25	0.01707	0.04402	0.65683	0.02426	0.03683	0.01976	0.03144	0.02695	0.01797	0.02695	0.01527	0.01797	0.01078	0.00809	0.00809	0.00270	0.01258	0.00629	0.00359	0.01258
26	0.02594	0.03360	0.09534	0.02809	0.14397	0.38467	0.05718	0.02988	0.02151	0.02312	0.01492	0.01857	0.01233	0.01262	0.05888	0.00324	0.01458	0.00653	0.00428	0.01076
27	0.01202	0.00858	0.01144	0.01313	0.01430	0.00832	0.01010	0.01444	0.01745	0.02287	0.04553	0.34429	0.07302	0.09461	0.01457	0.00413	0.00652	0.26995	0.00759	0.00714
28	0.01006	0.00862	0.00862	0.00862	0.01149	0.00718	0.00647	0.01221	0.01940	0.02299	0.08621	0.08190	0.64438	0.02155	0.01006	0.00287	0.00431	0.01796	0.00790	0.00718
29	0.02345	0.03054	0.18735	0.03555	0.30202	0.14587	0.02442	0.09713	0.02235	0.02926	0.01579	0.01911	0.01243	0.00825	0.00820	0.00251	0.01165	0.00686	0.00459	0.01267
30	0.02822	0.06058	0.02721	0.02828	0.18023	0.35796	0.01834	0.11885	0.02479	0.02785	0.01544	0.01807	0.01252	0.00867	0.00783	0.00231	0.01245	0.00638	0.03259	0.01143
31	0.02891	0.08862	0.03055	0.02395	0.02934	0.49787	0.12802	0.03208	0.02284	0.02196	0.01381	0.01663	0.01132	0.00836	0.00794	0.00229	0.01468	0.00626	0.00431	0.01025
32	0.04343	0.01077	0.01211	0.01137	0.01427	0.01068	0.00865	0.02076	0.13557	0.03142	0.34746	0.06081	0.22641	0.01710	0.00959	0.00277	0.00471	0.01461	0.00866	0.00885
33	0.01830	0.02161	0.11218	0.02661	0.17592	0.05670	0.07412	0.02719	0.14324	0.02797	0.06044	0.03776	0.15744	0.01197	0.00896	0.00272	0.00896	0.01052	0.00606	0.01133
34	0.02149	0.53906	0.16470	0.01763	0.02602	0.03029	0.05088	0.02587	0.01758	0.02177	0.01280	0.01501	0.01100	0.00743	0.00623	0.00205	0.01007	0.00519	0.00367	0.01128
35	0.01006	0.00862	0.00862	0.00862	0.01149	0.00718	0.00647	0.01221	0.01940	0.02299	0.08621	0.08190	0.64438	0.02155	0.01006	0.00287	0.00431	0.01796	0.00790	0.00718
36	0.02143	0.06082	0.03705	0.02883	0.09261	0.11203	0.29955	0.02665	0.01987	0.02610	0.01574	0.01993	0.01251	0.00724	0.00842	0.00231	0.01192	0.00768	0.00444	0.18487
37	0.02172	0.02147	0.03390	0.05038	0.60977	0.05982	0.02552	0.02660	0.01967	0.02738	0.01583	0.02071	0.01333	0.00766	0.00838	0.00251	0.01043	0.00745	0.00422	0.01326
38	0.01832	0.19022	0.52163	0.02211	0.03352	0.02284	0.02771	0.02663	0.01782	0.02542	0.01451	0.01701	0.01081	0.00791	0.00751	0.00250	0.01181	0.00590	0.00360	0.01221
39	0.02168	0.47118	0.11733	0.01963	0.08186	0.02908	0.01761	0.02825	0.09633	0.02361	0.01557	0.01720	0.01307	0.00796	0.00647	0.00213	0.00933	0.00570	0.00433	0.01169
40	0.01021	0.00863	0.00883	0.00878	0.01159	0.00725	0.00659	0.01251	0.01976	0.02385	0.12919	0.08049	0.60087	0.02123	0.01006	0.00286	0.00429	0.01776	0.00802	0.00725
41	0.01238	0.00825	0.00928	0.00928	0.00928	0.00825	0.00516	0.01238	0.01238	0.01650	0.02681	0.05569	0.03094	0.70092	0.04331	0.00825	0.00825	0.01238	0.00516	0.00516
42	0.01216	0.00912	0.01368	0.01368	0.01520	0.01064	0.01064	0.01520	0.01368	0.01976	0.02279	0.03343	0.02127	0.06382	0.66720	0.01368	0.02279	0.00912	0.00456	0.00760
43	0.01116	0.00784	0.01014	0.01168	0.01221	0.00750	0.00789	0.01256	0.01577	0.02096	0.04228	0.49231	0.04993	0.17524	0.01812	0.00456	0.00597	0.07998	0.00729	0.00662
44	0.03235	0.02384	0.02554	0.01958	0.02639	0.02639	0.01618	0.61946	0.04001	0.05363	0.02043	0.02043	0.01447	0.01022	0.00851	0.00255	0.00936	0.00766	0.00851	0.01447
45	0.01448	0.01267	0.01666	0.01581	0.01719	0.04900	0.01251	0.01724	0.01411	0.01995	0.02001	0.02957	0.01875	0.05131	0.50697	0.01112	0.15162	0.00860	0.00439	0.00805
46	0.05038	0.25238	0.16294	0.01867	0.02581	0.02179	0.09609	0.02436	0.01854	0.05250	0.10091	0.02526	0.02199	0.01480	0.07558	0.00355	0.01106	0.00775	0.00496	0.01069
47	0.02722	0.31920	0.06748	0.01881	0.02501	0.32514	0.01646	0.06684	0.02191	0.02289	0.01317	0.01510	0.01116	0.00820	0.00682	0.00209	0.01220	0.00527	0.00429	0.01075
48	0.06169	0.30762	0.27930	0.01859	0.02763	0.02544	0.02080	0.05331	0.05735	0.05278	0.01590	0.01742	0.01230	0.00816	0.00694	0.00234	0.01011	0.00585	0.00452	0.01194

[dist]
# distance from previous block
# <min> <max>
2	9

[block]
# block no. 3 follows, 21 sequences, length 139
# corresponding to MSA columns:
# 286-424
name=unknown_D
#
# <colnr> <probs for GDERKNQSTAVLIFYWHMCP>
#	G	D	E	R	K	N	Q	S	T	A	V	L	I	F	Y	W	H	M	C	P
0	0.09142	0.01946	0.01763	0.01640	0.02062	0.12856	0.01307	0.05842	0.23139	0.03059	0.03344	0.04403	0.07284	0.01382	0.00884	0.00288	0.00837	0.13681	0.00719	0.04424
1	0.04768	0.01495	0.09321	0.13136	0.02373	0.01307	0.01355	0.04852	0.01800	0.02893	0.02224	0.02738	0.01763	0.01713	0.10193	0.00396	0.00942	0.00768	0.35056	0.00909
2	0.07142	0.01265	0.01785	0.18481	0.02688	0.01548	0.01451	0.01856	0.01525	0.02300	0.02308	0.06147	0.05255	0.02860	0.21775	0.00633	0.12986	0.00922	0.06226	0.00846
3	0.02948	0.02220	0.02467	0.01939	0.02514	0.02514	0.01598	0.51562	0.03540	0.04785	0.01973	0.02127	0.01469	0.01482	0.06142	0.00353	0.07474	0.00775	0.00775	0.01345
4	0.01564	0.01166	0.01573	0.01470	0.01713	0.01336	0.01159	0.11955	0.01822	0.02561	0.02239	0.03119	0.02010	0.05457	0.55345	0.01176	0.02048	0.00887	0.00524	0.00879
5	0.03142	0.02515	0.02610	0.02233	0.07456	0.08685	0.01697	0.51775	0.03690	0.04851	0.01940	0.02000	0.01406	0.00987	0.00843	0.00252	0.00999	0.00745	0.00779	0.01396
6	0.07528	0.10488	0.54862	0.02232	0.03383	0.02104	0.02811	0.02666	0.01763	0.02716	0.01468	0.01724	0.01067	0.00799	0.00762	0.00261	0.01178	0.00599	0.00373	0.01216
7	0.01707	0.04402	0.65683	0.02426	0.03683	0.01976	0.03144	0.02695	0.01797	0.02695	0.01527	0.01797	0.01078	0.00809	0.00809	0.00270	0.01258	0.00629	0.00359	0.01258
8	0.02107	0.02004	0.03309	0.04891	0.58829	0.02031	0.02491	0.02794	0.07772	0.02854	0.01778	0.02208	0.01467	0.00796	0.00845	0.00256	0.00979	0.00778	0.00464	0.01348
9	0.01891	0.01859	0.01635	0.01582	0.01915	0.15714	0.01228	0.02783	0.19931	0.02715	0.07473	0.11258	0.12630	0.01643	0.00951	0.00297	0.00815	0.11962	0.00742	0.00975
10	0.02186	0.05078	0.02865	0.31712	0.20042	0.05307	0.02194	0.14955	0.02283	0.02990	0.01623	0.02103	0.01252	0.00859	0.00831	0.00262	0.01070	0.00735	0.00491	0.01163
11	0.02223	0.01881	0.01984	0.01753	0.02253	0.02166	0.01373	0.09987	0.57608	0.03732	0.03329	0.03067	0.02488	0.01142	0.00865	0.00285	0.00699	0.00943	0.00865	0.01357
12	0.01025	0.00863	0.00888	0.00882	0.01161	0.00726	0.00661	0.01258	0.01984	0.02405	0.13923	0.08016	0.59070	0.02116	0.01006	0.00285	0.00428	0.01772	0.00804	0.00726
13	0.02852	0.03436	0.02729	0.03116	0.21566	0.46978	0.01939	0.03159	0.02267	0.02295	0.01402	0.01709	0.01173	0.00841	0.00790	0.00229	0.01375	0.00612	0.00433	0.01097
14	0.02658	0.01887	0.02003	0.01596	0.02132	0.02048	0.01299	0.42888	0.03314	0.04587	0.02831	0.02878	0.07604	0.01123	0.00809	0.00246	0.00769	0.00870	0.17226	0.01233
15	0.01069	0.00904	0.00929	0.00916	0.01205	0.00785	0.00689	0.01393	0.04605	0.02439	0.12719	0.07833	0.57414	0.02080	0.01000	0.00286	0.00439	0.01740	0.00805	0.00752
16	0.03179	0.04056	0.02412	0.02192	0.02631	0.66676	0.01644	0.03398	0.02412	0.02083	0.01315	0.01535	0.01096	0.00877	0.00767	0.00219	0.01535	0.00548	0.00438	0.00987
17	0.01958	0.03130	0.40657	0.02037	0.02949	0.01652	0.02363	0.02683	0.01811	0.13211	0.02005	0.02325	0.01485	0.02079	0.15344	0.00510	0.01392	0.00730	0.00499	0.01180
18	0.01902	0.01296	0.01403	0.01269	0.01664	0.01335	0.00985	0.02998	0.25338	0.11323	0.04960	0.04720	0.21976	0.01429	0.00863	0.00269	0.00557	0.01182	0.13462	0.01068
19	0.01725	0.04277	0.62071	0.02495	0.03729	0.01987	0.06630	0.02697	0.01809	0.02697	0.01539	0.01826	0.01091	0.00803	0.00820	0.00271	0.01268	0.00651	0.00364	0.01251
20	0.02291	0.02373	0.03274	0.04700	0.54051	0.13187	0.02445	0.02748	0.02020	0.02660	0.01551	0.02008	0.01305	0.00779	0.00830	0.00247	0.01101	0.00722	0.00424	0.01286
21	0.01037	0.00741	0.00987	0.01185	0.01234	0.00691	0.00790	0.01185	0.01629	0.02172	0.04690	0.69537	0.05629	0.02666	0.01086	0.00346	0.00494	0.02419	0.00790	0.00691
22	0.02106	0.02022	0.03454	0.05223	0.64784	0.02022	0.02612	0.02612	0.01938	0.02780	0.01601	0.02106	0.01348	0.00758	0.00842	0.00253	0.01011	0.00758	0.00421	0.01348
23	0.02383	0.02618	0.02918	0.06805	0.37674	0.23681	0.02166	0.02779	0.02086	0.02491	0.01892	0.02261	0.04770	0.00880	0.00827	0.00245	0.01160	0.00745	0.00446	0.01173
24	0.01006	0.00862	0.00862	0.00862	0.01149	0.00718	0.00647	0.01221	0.01940	0.02299	0.08621	0.08190	0.64438	0.02155	0.01006	0.00287	0.00431	0.01796	0.00790	0.00718
25	0.02328	0.29712	0.17148	0.01830	0.02614	0.16548	0.01823	0.05482	0.02003	0.02425	0.01369	0.01579	0.01127	0.00780	0.00677	0.00206	0.01090	0.00534	0.00419	0.10305
26	0.01351	0.01146	0.01577	0.02008	0.15331	0.01075	0.01265	0.01687	0.01980	0.02551	0.10408	0.07044	0.31917	0.01862	0.01010	0.00303	0.00641	0.15245	0.00719	0.00879
27	0.02698	0.21250	0.13730	0.02023	0.02695	0.34355	0.01849	0.07519	0.02251	0.02416	0.01373	0.01574	0.01119	0.00838	0.00723	0.00221	0.01280	0.00554	0.00437	0.01095
28	0.02401	0.56043	0.07095	0.01629	0.02333	0.14082	0.01570	0.02700	0.01849	0.02050	0.01222	0.01415	0.01092	0.00757	0.00597	0.00193	0.01033	0.00479	0.00376	0.01082
29	0.01052	0.00747	0.00983	0.01165	0.01211	0.00702	0.00769	0.01189	0.01599	0.02132	0.04535	0.64578	0.05432	0.07893	0.01338	0.00383	0.00519	0.02328	0.00769	0.00678
30	0.02106	0.02022	0.03454	0.05223	0.64784	0.02022	0.02612	0.02612	0.01938	0.02780	0.01601	0.02106	0.01348	0.00758	0.00842	0.00253	0.01011	0.00758	0.00421	0.01348
31	0.02334	0.01967	0.01899	0.01593	0.02057	0.10168	0.01265	0.28975	0.02946	0.03767	0.11118	0.03958	0.16079	0.01749	0.05912	0.00344	0.00939	0.01070	0.00765	0.01096
32	0.01043	0.00851	0.00922	0.00931	0.01179	0.00730	0.00688	0.01283	0.01987	0.02475	0.17698	0.14307	0.48668	0.02138	0.01014	0.00290	0.00433	0.01818	0.00815	0.00730
33	0.01055	0.00843	0.00944	0.00963	0.01191	0.00732	0.00705	0.01300	0.01990	0.02523	0.20231	0.18234	0.41990	0.02151	0.01019	0.00293	0.00435	0.01846	0.00823	0.00732
34	0.01765	0.01513	0.01765	0.01260	0.02017	0.01134	0.01008	0.02143	0.01765	0.02773	0.01513	0.01765	0.01260	0.00630	0.00630	0.00126	0.00630	0.00504	0.00504	0.75295
35	0.01008	0.00853	0.00872	0.00887	0.01156	0.00716	0.00658	0.01218	0.01916	0.02289	0.08316	0.12946	0.59879	0.02195	0.01012	0.00292	0.00436	0.01844	0.00790	0.00716
36	0.01056	0.00749	0.00982	0.01161	0.01205	0.00704	0.00764	0.01190	0.01592	0.02123	0.04499	0.63449	0.05387	0.09083	0.01395	0.00391	0.00525	0.02307	0.00764	0.00675
37	0.01586	0.00793	0.00793	0.00793	0.00991	0.00793	0.00595	0.01983	0.01785	0.03173	0.02776	0.03173	0.02181	0.00991	0.00595	0.00198	0.00397	0.00793	0.74817	0.00793
38	0.02084	0.01999	0.03413	0.08067	0.62117	0.02016	0.02600	0.02592	0.01927	0.02753	0.01597	0.02114	0.01338	0.00762	0.00843	0.00254	0.01017	0.00758	0.00419	0.01330
39	0.01006	0.00862	0.00862	0.00862	0.01149	0.00718	0.00647	0.01221	0.01940	0.02299	0.08621	0.08190	0.64438	0.02155	0.01006	0.00287	0.00431	0.01796	0.00790	0.00718
40	0.01186	0.00869	0.01111	0.01051	0.01260	0.00795	0.00788	0.01569	0.02364	0.03307	0.59033	0.06531	0.13398	0.01779	0.01004	0.00270	0.00404	0.01563	0.00923	0.00795
41	0.02106	0.02022	0.03454	0.05223	0.64784	0.02022	0.02612	0.02612	0.01938	0.02780	0.01601	0.02106	0.01348	0.00758	0.00842	0.00253	0.01011	0.00758	0.00421	0.01348
42	0.03179	0.04056	0.02412	0.02192	0.02631	0.66676	0.01644	0.03398	0.02412	0.02083	0.01315	0.01535	0.01096	0.00877	0.00767	0.00219	0.01535	0.00548	0.00438	0.00987
43	0.01006	0.00862	0.00862	0.00862	0.01149	0.00718	0.00647	0.01221	0.01940	0.02299	0.08621	0.08190	0.64438	0.02155	0.01006	0.00287	0.00431	0.01796	0.00790	0.00718
44	0.01037	0.00741	0.00987	0.01185	0.01234	0.00691	0.00790	0.01185	0.01629	0.02172	0.04690	0.69537	0.05629	0.02666	0.01086	0.00346	0.00494	0.02419	0.00790	0.00691
45	0.01304	0.01300	0.01075	0.01044	0.01353	0.09761	0.00783	0.01520	0.02004	0.02269	0.07619	0.07278	0.55755	0.01980	0.00973	0.00278	0.00582	0.01625	0.00742	0.00755
46	0.03179	0.04056	0.02412	0.02192	0.02631	0.66676	0.01644	0.03398	0.02412	0.02083	0.01315	0.01535	0.01096	0.00877	0.00767	0.00219	0.01535	0.00548	0.00438	0.00987
47	0.01765	0.01513	0.01765	0.01260	0.02017	0.01134	0.01008	0.02143	0.01765	0.02773	0.01513	0.01765	0.01260	0.00630	0.00630	0.00126	0.00630	0.00504	0.00504	0.75295
48	0.03179	0.04056	0.02412	0.02192	0.02631	0.66676	0.01644	0.03398	0.02412	0.02083	0.01315	0.01535	0.01096	0.00877	0.00767	0.00219	0.01535	0.00548	0.00438	0.00987
49	0.01715	0.01159	0.01218	0.01121	0.01461	0.04759	0.00856	0.01972	0.02102	0.14806	0.14054	0.11192	0.36655	0.01848	0.00968	0.00280	0.00555	0.01551	0.00840	0.00887
50	0.01054	0.00790	0.00982	0.01113	0.01239	0.00718	0.00781	0.01245	0.01770	0.02295	0.09233	0.47465	0.20690	0.02467	0.01065	0.00328	0.00485	0.04772	0.00798	0.00709
51	0.02994	0.03705	0.02592	0.02716	0.13364	0.55511	0.01811	0.03262	0.02330	0.02203	0.01365	0.01633	0.01140	0.00856	0.00780	0.00225	0.01444	0.00584	0.00436	0.01049
52	0.02117	0.01828	0.01924	0.01732	0.02213	0.02117	0.01347	0.04522	0.63246	0.03560	0.03464	0.03175	0.02598	0.01155	0.00866	0.00289	0.00673	0.00962	0.00866	0.01347
53	0.01607	0.01513	0.02552	0.68047	0.05861	0.01891	0.02363	0.02174	0.01702	0.02174	0.01513	0.02269	0.01134	0.00851	0.00851	0.00284	0.01134	0.00756	0.00378	0.00945
54	0.01006	0.00862	0.00862	0.00862	0.01149	0.00718	0.00647	0.01221	0.01940	0.02299	0.08621	0.08190	0.64438	0.02155	0.01006	0.00287	0.00431	0.01796	0.00790	0.00718
55	0.01037	0.00741	0.00987	0.01185	0.01234	0.00691	0.00790	0.01185	0.01629	0.02172	0.04690	0.69537	0.05629	0.02666	0.01086	0.00346	0.00494	0.02419	0.00790	0.00691
56	0.02106	0.02022	0.03454	0.05223	0.64784	0.02022	0.02612	0.02612	0.01938	0.02780	0.01601	0.02106	0.01348	0.00758	0.00842	0.00253	0.01011	0.00758	0.00421	0.01348
57	0.03090	0.02312	0.02473	0.01929	0.02584	0.02572	0.01583	0.54520	0.11663	0.05130	0.02227	0.02190	0.01596	0.01039	0.00853	0.00260	0.00902	0.00792	0.00853	0.01434
58	0.02262	0.02133	0.01991	0.01795	0.02270	0.10967	0.01388	0.04368	0.54906	0.03357	0.03169	0.02950	0.02392	0.01117	0.00852	0.00279	0.00792	0.00905	0.00807	0.01298
59	0.03179	0.04056	0.02412	0.02192	0.02631	0.66676	0.01644	0.03398	0.02412	0.02083	0.01315	0.01535	0.01096	0.00877	0.00767	0.00219	0.01535	0.00548	0.00438	0.00987
60	0.02429	0.59270	0.04111	0.01582	0.02260	0.14150	0.01488	0.02693	0.01845	0.02016	0.01206	0.01394	0.01093	0.00753	0.00584	0.00188	0.01016	0.00471	0.00377	0.01074
61	0.01015	0.00862	0.00875	0.00872	0.01155	0.00722	0.00654	0.01240	0.01962	0.02352	0.11264	0.08103	0.61762	0.02136	0.01006	0.00286	0.00430	0.01784	0.00797	0.00722
62	0.01371	0.00980	0.01371	0.01567	0.01763	0.00980	0.01371	0.01763	0.01959	0.02547	0.04506	0.09599	0.04898	0.02351	0.01175	0.00392	0.00784	0.59056	0.00784	0.00784
63	0.02106	0.02022	0.03454	0.05223	0.64784	0.02022	0.02612	0.02612	0.01938	0.02780	0.01601	0.02106	0.01348	0.00758	0.00842	0.00253	0.01011	0.00758	0.00421	0.01348
64	0.02972	0.03681	0.02558	0.05210	0.11145	0.55386	0.01803	0.03244	0.02320	0.02180	0.01362	0.01641	0.01132	0.00860	0.00781	0.00226	0.01448	0.00585	0.00434	0.01034
65	0.02106	0.02022	0.03454	0.05223	0.64784	0.02022	0.02612	0.02612	0.01938	0.02780	0.01601	0.02106	0.01348	0.00758	0.00842	0.00253	0.01011	0.00758	0.00421	0.01348
66	0.01018	0.00863	0.00879	0.00875	0.01157	0.00723	0.00656	0.01244	0.01968	0.02365	0.11938	0.08081	0.61080	0.02131	0.01006	0.00286	0.00429	0.01781	0.00799	0.00723
67	0.01037	0.00741	0.00987	0.01185	0.01234	0.00691	0.00790	0.01185	0.01629	0.02172	0.04690	0.69537	0.05629	0.02666	0.01086	0.00346	0.00494	0.02419	0.00790	0.00691
68	0.01637	0.01528	0.02349	0.03365	0.37661	0.01466	0.01774	0.02019	0.01939	0.02575	0.04593	0.04699	0.28239	0.01354	0.00912	0.00268	0.00764	0.01201	0.00579	0.01080
69	0.01317	0.01061	0.01562	0.01504	0.01632	0.01306	0.01189	0.01602	0.01358	0.01987	0.02097	0.03111	0.01969	0.05615	0.56699	0.01212	0.12665	0.00886	0.00443	0.00787
70	0.02238	0.23491	0.06670	0.05007	0.09539	0.12887	0.16317	0.02689	0.01936	0.02388	0.01440	0.01790	0.01186	0.00751	0.00756	0.00223	0.01147	0.00660	0.00412	0.08475
71	0.01707	0.04402	0.65683	0.02426	0.03683	0.01976	0.03144	0.02695	0.01797	0.02695	0.01527	0.01797	0.01078	0.00809	0.00809	0.00270	0.01258	0.00629	0.00359	0.01258
72	0.02913	0.01453	0.01797	0.01457	0.02000	0.01384	0.01176	0.09066	0.10543	0.37127	0.10368	0.03874	0.10451	0.01273	0.00891	0.00269	0.00667	0.01050	0.00964	0.01276
73	0.01931	0.01843	0.03138	0.27279	0.44098	0.01976	0.02525	0.02458	0.01855	0.02568	0.01570	0.02163	0.01273	0.00791	0.00845	0.00264	0.01054	0.00758	0.00406	0.01207
74	0.02729	0.03364	0.02806	0.02370	0.02834	0.45674	0.12269	0.03034	0.02212	0.02206	0.01777	0.02071	0.04663	0.00976	0.01008	0.00249	0.07595	0.00717	0.00451	0.00995
75	0.01198	0.00818	0.00974	0.00997	0.01040	0.00798	0.00612	0.01292	0.01507	0.02044	0.13687	0.16600	0.04379	0.46787	0.03203	0.00647	0.00695	0.01491	0.00635	0.00595
76	0.01037	0.00741	0.00987	0.01185	0.01234	0.00691	0.00790	0.01185	0.01629	0.02172	0.04690	0.69537	0.05629	0.02666	0.01086	0.00346	0.00494	0.02419	0.00790	0.00691
77	0.01071	0.00755	0.00977	0.01141	0.01181	0.00714	0.00743	0.01194	0.01562	0.02082	0.04343	0.58490	0.05191	0.14310	0.01647	0.00428	0.00551	0.02215	0.00743	0.00661
78	0.02869	0.01993	0.02153	0.01694	0.02250	0.02170	0.01368	0.45930	0.03388	0.07664	0.02259	0.02560	0.01727	0.07593	0.01151	0.00303	0.00849	0.00819	0.09983	0.01278
79	0.01015	0.00862	0.00874	0.00871	0.01155	0.00722	0.00654	0.01238	0.01961	0.02348	0.11090	0.08109	0.61938	0.02137	0.01006	0.00286	0.00430	0.01785	0.00797	0.00722
80	0.76103	0.01646	0.01251	0.01119	0.01646	0.01909	0.00922	0.02502	0.01448	0.03818	0.01185	0.01382	0.00922	0.00790	0.00527	0.00263	0.00658	0.00461	0.00527	0.00922
81	0.01238	0.00825	0.00928	0.00928	0.00928	0.00825	0.00516	0.01238	0.01238	0.01650	0.02681	0.05569	0.03094	0.70092	0.04331	0.00825	0.00825	0.01238	0.00516	0.00516
82	0.01360	0.00904	0.01187	0.01097	0.01325	0.00830	0.00830	0.01757	0.02411	0.07102	0.60704	0.06151	0.07677	0.01699	0.00995	0.00267	0.00421	0.01498	0.00944	0.00841
83	0.01940	0.03348	0.38132	0.05978	0.09697	0.01977	0.17322	0.02757	0.01896	0.06418	0.01690	0.02036	0.01220	0.00798	0.00865	0.00272	0.01240	0.00753	0.00425	0.01236
84	0.01150	0.00960	0.01146	0.01280	0.06141	0.00851	0.00870	0.01435	0.02033	0.02569	0.18788	0.07437	0.45152	0.01976	0.01002	0.00287	0.00490	0.04857	0.00790	0.00787
85	0.01972	0.01455	0.02060	0.01804	0.01971	0.01828	0.01475	0.02224	0.01522	0.12958	0.01914	0.02563	0.01645	0.03142	0.25026	0.00705	0.33435	0.00823	0.00519	0.00960
86	0.02005	0.01854	0.01716	0.01515	0.01886	0.12754	0.01177	0.12657	0.10556	0.03230	0.19443	0.04546	0.17006	0.01468	0.01004	0.00269	0.03965	0.01177	0.00768	0.01005
87	0.01234	0.00840	0.01004	0.01004	0.01030	0.00866	0.00610	0.01286	0.01260	0.01706	0.02612	0.05185	0.02927	0.59090	0.15105	0.00919	0.01076	0.01181	0.00505	0.00558
88	0.01219	0.00897	0.01292	0.01292	0.01418	0.01023	0.00969	0.01471	0.01345	0.01919	0.02349	0.03728	0.02294	0.17384	0.55946	0.01274	0.02028	0.00968	0.00466	0.00718
89	0.01204	0.00870	0.01138	0.01071	0.01271	0.00803	0.00803	0.01606	0.02409	0.03413	0.64335	0.06357	0.08030	0.01740	0.01004	0.00268	0.00401	0.01539	0.00937	0.00803
90	0.01371	0.00980	0.01371	0.01567	0.01763	0.00980	0.01371	0.01763	0.01959	0.02547	0.04506	0.09599	0.04898	0.02351	0.01175	0.00392	0.00784	0.59056	0.00784	0.00784
91	0.01587	0.03799	0.54643	0.02159	0.03252	0.01762	0.02719	0.02444	0.01821	0.02628	0.02735	0.02886	0.11869	0.01038	0.00842	0.00273	0.01117	0.00828	0.00433	0.01166
92	0.01716	0.01580	0.02645	0.28739	0.27987	0.01760	0.02174	0.02201	0.01721	0.02368	0.01716	0.02442	0.01437	0.02034	0.15365	0.00510	0.01338	0.00791	0.00412	0.01062
93	0.01186	0.00869	0.01112	0.01052	0.01260	0.00795	0.00789	0.01571	0.02366	0.03311	0.59260	0.06524	0.13167	0.01778	0.01004	0.00269	0.00404	0.01562	0.00923	0.00795
94	0.02275	0.70604	0.04459	0.01456	0.02184	0.03367	0.01456	0.02548	0.01729	0.02002	0.01183	0.01365	0.01092	0.00728	0.00546	0.00182	0.00910	0.00455	0.00364	0.01092
95	0.02166	0.01852	0.01952	0.01742	0.02232	0.02139	0.01359	0.07028	0.60661	0.03639	0.03402	0.03126	0.02548	0.01149	0.00865	0.00287	0.00685	0.00954	0.00865	0.01351
