[name]
unknown

[dist]
# distance from previous block
# <min> <max>
0	0

[block]
# block no. 0 follows, 23 sequences, length 55
# corresponding to MSA columns:
# 0-54
name=unknown_A
#
# <colnr> <probs for GDERKNQSTAVLIFYWHMCP>
#	G	D	E	R	K	N	Q	S	T	A	V	L	I	F	Y	W	H	M	C	P
0	0.01308	0.00934	0.01308	0.01494	0.01681	0.00934	0.01308	0.01681	0.01868	0.02428	0.04296	0.09153	0.04670	0.02242	0.01121	0.00374	0.00747	0.60960	0.00747	0.00747
1	0.23517	0.01100	0.01154	0.01044	0.01349	0.01119	0.00789	0.01970	0.01806	0.10343	0.24540	0.04303	0.08573	0.13532	0.01362	0.00348	0.00562	0.01062	0.00712	0.00816
2	0.01894	0.02144	0.05892	0.46705	0.09355	0.16064	0.02163	0.02381	0.01789	0.02124	0.01409	0.01978	0.01086	0.00808	0.00791	0.00254	0.01161	0.00672	0.00375	0.00954
3	0.01159	0.00806	0.00967	0.00952	0.01025	0.00797	0.00611	0.01287	0.01492	0.02033	0.17894	0.05428	0.07318	0.45308	0.09014	0.00680	0.00796	0.01248	0.00596	0.00588
4	0.01513	0.00756	0.00756	0.00756	0.00945	0.00756	0.00567	0.01891	0.01702	0.03025	0.02647	0.03025	0.02080	0.00945	0.00567	0.00189	0.00378	0.00756	0.75988	0.00756
5	0.01881	0.01798	0.03063	0.22290	0.50110	0.01894	0.02427	0.02378	0.01787	0.02496	0.01504	0.02050	0.01231	0.00747	0.00805	0.00249	0.00996	0.00722	0.00391	0.01182
6	0.03028	0.02070	0.05038	0.01726	0.02400	0.02046	0.01470	0.41346	0.03178	0.19483	0.02179	0.02108	0.01498	0.00939	0.00792	0.00235	0.00832	0.00723	0.00808	0.08102
7	0.02169	0.71972	0.04252	0.01388	0.02083	0.03211	0.01388	0.02430	0.01649	0.01909	0.01128	0.01302	0.01041	0.00694	0.00521	0.00174	0.00868	0.00434	0.00347	0.01041
8	0.02532	0.02096	0.02876	0.03465	0.35323	0.02214	0.02029	0.32285	0.02805	0.03849	0.01732	0.01979	0.01331	0.00845	0.00807	0.00242	0.00929	0.00727	0.00601	0.01331
9	0.00989	0.00706	0.00942	0.01130	0.01177	0.00659	0.00753	0.01130	0.01554	0.02071	0.04472	0.70954	0.05367	0.02542	0.01036	0.00330	0.00471	0.02307	0.00753	0.00659
10	0.01253	0.00987	0.01224	0.01157	0.01461	0.00820	0.00833	0.01478	0.01603	0.02290	0.03318	0.44568	0.03780	0.01803	0.00870	0.00250	0.00520	0.01611	0.00649	0.29526
11	0.00974	0.00800	0.00857	0.00890	0.01117	0.00684	0.00650	0.01175	0.01815	0.02220	0.10260	0.19722	0.51773	0.02129	0.00973	0.00284	0.00421	0.01814	0.00760	0.00684
12	0.02294	0.14564	0.16425	0.01895	0.02538	0.24037	0.01763	0.03274	0.20261	0.02507	0.01872	0.01944	0.01457	0.00876	0.00733	0.00233	0.01070	0.00639	0.00509	0.01113
13	0.01265	0.01026	0.01508	0.01447	0.01567	0.01268	0.01146	0.01536	0.01293	0.01896	0.01982	0.02944	0.01862	0.05281	0.56947	0.01140	0.13878	0.00842	0.00421	0.00753
14	0.07795	0.01883	0.02051	0.12076	0.05604	0.06824	0.01449	0.27711	0.02622	0.03560	0.05974	0.02792	0.07541	0.03921	0.00930	0.00265	0.00857	0.00829	0.00642	0.04674
15	0.01627	0.04197	0.67279	0.02313	0.03512	0.01884	0.02998	0.02570	0.01713	0.02570	0.01456	0.01713	0.01028	0.00771	0.00771	0.00257	0.01199	0.00600	0.00343	0.01199
16	0.00989	0.00706	0.00942	0.01130	0.01177	0.00659	0.00753	0.01130	0.01554	0.02071	0.04472	0.70954	0.05367	0.02542	0.01036	0.00330	0.00471	0.02307	0.00753	0.00659
17	0.01865	0.01736	0.02685	0.23878	0.32587	0.01911	0.02132	0.02796	0.16774	0.02651	0.01923	0.02298	0.01506	0.00840	0.00811	0.00258	0.00923	0.00769	0.00490	0.01168
18	0.04848	0.00887	0.01143	0.01118	0.01316	0.00973	0.00868	0.01751	0.01485	0.05272	0.02329	0.03030	0.01992	0.03910	0.39708	0.00839	0.01441	0.00810	0.25507	0.00772
19	0.00959	0.00822	0.00822	0.00822	0.01096	0.00685	0.00617	0.01165	0.01850	0.02192	0.08220	0.07809	0.66092	0.02055	0.00959	0.00274	0.00411	0.01713	0.00754	0.00685
20	0.01513	0.00756	0.00756	0.00756	0.00945	0.00756	0.00567	0.01891	0.01702	0.03025	0.02647	0.03025	0.02080	0.00945	0.00567	0.00189	0.00378	0.00756	0.75988	0.00756
21	0.01206	0.00830	0.00978	0.01014	0.01061	0.00826	0.00630	0.04142	0.01431	0.01910	0.03172	0.27244	0.03689	0.44921	0.02930	0.00607	0.00685	0.01538	0.00595	0.00590
22	0.01180	0.00788	0.00872	0.00872	0.00906	0.00776	0.00506	0.01219	0.01266	0.01708	0.03037	0.05389	0.08201	0.61617	0.03660	0.00709	0.00732	0.01200	0.04835	0.00523
23	0.01159	0.00869	0.01304	0.01304	0.01449	0.01014	0.01014	0.01449	0.01304	0.01884	0.02173	0.03188	0.02029	0.06086	0.68268	0.01304	0.02173	0.00869	0.00435	0.00724
24	0.01080	0.00868	0.00937	0.00950	0.01163	0.00797	0.00679	0.01412	0.06441	0.02229	0.09091	0.17215	0.40798	0.11031	0.01372	0.00349	0.00485	0.01669	0.00731	0.00704
25	0.01138	0.00793	0.00873	0.00873	0.00925	0.00767	0.00515	0.01177	0.01306	0.01690	0.03626	0.05782	0.14873	0.58373	0.03531	0.00690	0.00716	0.01281	0.00541	0.00528
26	0.00989	0.00706	0.00942	0.01130	0.01177	0.00659	0.00753	0.01130	0.01554	0.02071	0.04472	0.70954	0.05367	0.02542	0.01036	0.00330	0.00471	0.02307	0.00753	0.00659
27	0.00989	0.00706	0.00942	0.01130	0.01177	0.00659	0.00753	0.01130	0.01554	0.02071	0.04472	0.70954	0.05367	0.02542	0.01036	0.00330	0.00471	0.02307	0.00753	0.00659
28	0.01021	0.00772	0.00902	0.00970	0.01106	0.00698	0.00665	0.01186	0.01672	0.02146	0.11116	0.32023	0.27368	0.12799	0.01473	0.00372	0.00489	0.01842	0.00726	0.00653
29	0.02280	0.01531	0.01645	0.01358	0.01776	0.01665	0.01093	0.33086	0.02740	0.03995	0.02259	0.02493	0.01722	0.01343	0.05739	0.00300	0.00772	0.00752	0.32382	0.01069
30	0.01167	0.00789	0.00881	0.00881	0.00897	0.00781	0.00499	0.01179	0.01218	0.01609	0.02881	0.05453	0.06565	0.67509	0.03948	0.00757	0.00765	0.01210	0.00507	0.00503
31	0.01110	0.00757	0.00906	0.00974	0.00992	0.00740	0.00587	0.01162	0.01316	0.01755	0.03256	0.29268	0.03832	0.46322	0.03001	0.00620	0.00671	0.01591	0.00587	0.00553
32	0.01024	0.00802	0.00927	0.00942	0.01148	0.00705	0.00689	0.01272	0.01933	0.02501	0.25548	0.19187	0.36383	0.02023	0.00973	0.00279	0.00413	0.01748	0.00797	0.00705
33	0.01409	0.00705	0.01057	0.01057	0.01057	0.00705	0.00705	0.01057	0.01057	0.01409	0.01409	0.02467	0.01409	0.02819	0.03171	0.76392	0.00705	0.00705	0.00352	0.00352
34	0.01372	0.00786	0.00876	0.00868	0.01059	0.00785	0.00656	0.01724	0.01738	0.02832	0.11186	0.03849	0.08312	0.01810	0.09575	0.00352	0.00618	0.00945	0.49909	0.00747
35	0.01013	0.00771	0.00908	0.00980	0.01125	0.00693	0.00680	0.01194	0.01717	0.02209	0.12821	0.33977	0.28092	0.08439	0.01275	0.00341	0.00467	0.01887	0.00746	0.00666
36	0.01487	0.01240	0.01820	0.27303	0.02962	0.01529	0.01460	0.01736	0.01397	0.01955	0.01734	0.02949	0.01646	0.18493	0.02181	0.06085	0.15704	0.00833	0.06740	0.00744
37	0.02008	0.01928	0.03294	0.04981	0.66422	0.01928	0.02490	0.02490	0.01848	0.02651	0.01526	0.02008	0.01285	0.00723	0.00803	0.00241	0.00964	0.00723	0.00402	0.01285
38	0.02211	0.02395	0.02834	0.16945	0.35795	0.21156	0.02175	0.02625	0.01934	0.02343	0.01431	0.01881	0.01175	0.00773	0.00784	0.00238	0.01132	0.00664	0.00398	0.01109
39	0.01489	0.01255	0.01964	0.18719	0.02685	0.01553	0.03859	0.01692	0.01340	0.01874	0.01529	0.02385	0.01387	0.02687	0.18383	0.16874	0.18443	0.00760	0.00378	0.00744
40	0.01429	0.01097	0.01514	0.01372	0.01491	0.01244	0.03386	0.01611	0.01443	0.04773	0.07681	0.04344	0.05485	0.28457	0.13612	0.00655	0.15326	0.03837	0.00529	0.00717
41	0.01663	0.02422	0.21835	0.33070	0.07921	0.01884	0.14973	0.02347	0.01720	0.02356	0.01491	0.02029	0.01107	0.00769	0.00829	0.00266	0.01168	0.00734	0.00368	0.01048
42	0.02879	0.09594	0.02682	0.02091	0.02601	0.46999	0.06164	0.12750	0.02454	0.02523	0.01382	0.01580	0.01112	0.00834	0.00742	0.00216	0.01312	0.00580	0.00474	0.01031
43	0.01944	0.02509	0.13318	0.19314	0.16587	0.16002	0.06708	0.02444	0.01857	0.02299	0.01874	0.05772	0.04010	0.00925	0.00815	0.00252	0.01120	0.00801	0.00419	0.01031
44	0.00959	0.00822	0.00822	0.00822	0.01096	0.00685	0.00617	0.01165	0.01850	0.02192	0.08220	0.07809	0.66092	0.02055	0.00959	0.00274	0.00411	0.01713	0.00754	0.00685
45	0.02730	0.03938	0.16237	0.02138	0.02724	0.53996	0.01875	0.03096	0.02174	0.02111	0.01298	0.01517	0.01041	0.00822	0.00740	0.00219	0.01407	0.00539	0.00402	0.00996
46	0.01796	0.02499	0.21764	0.17423	0.32861	0.01895	0.05306	0.02432	0.01765	0.02506	0.01494	0.01963	0.01166	0.00753	0.00802	0.00253	0.01075	0.00697	0.00376	0.01173
47	0.01855	0.01772	0.03017	0.25738	0.46860	0.01888	0.02414	0.02356	0.01775	0.02465	0.01499	0.02058	0.01220	0.00751	0.00806	0.00250	0.01002	0.00722	0.00388	0.01162
48	0.01775	0.01775	0.02485	0.02130	0.02130	0.02485	0.01775	0.01953	0.01243	0.01953	0.01065	0.01775	0.01065	0.01420	0.02663	0.00355	0.69998	0.00710	0.00355	0.00888
49	0.01973	0.01892	0.03229	0.09794	0.61885	0.01919	0.02473	0.02459	0.01831	0.02608	0.01520	0.02020	0.01270	0.00730	0.00804	0.00243	0.00973	0.00723	0.00399	0.01257
50	0.01320	0.00799	0.01204	0.08982	0.01626	0.00838	0.00910	0.01211	0.01242	0.01653	0.02111	0.17160	0.02253	0.02700	0.05878	0.47334	0.00776	0.01059	0.00444	0.00501
51	0.01986	0.01905	0.03253	0.07999	0.63577	0.01922	0.02479	0.02471	0.01837	0.02624	0.01522	0.02016	0.01276	0.00727	0.00804	0.00242	0.00969	0.00723	0.00400	0.01267
52	0.16850	0.07108	0.02128	0.01798	0.02228	0.46953	0.01386	0.02899	0.02015	0.02286	0.01292	0.01555	0.01087	0.01204	0.05712	0.00297	0.01324	0.00528	0.00431	0.00919
53	0.05228	0.01981	0.01992	0.01689	0.02104	0.10390	0.01353	0.26855	0.07451	0.03398	0.02267	0.02533	0.05221	0.02154	0.15423	0.00480	0.06984	0.00792	0.00628	0.01075
54	0.01809	0.20576	0.43069	0.02378	0.08888	0.02223	0.05372	0.02529	0.01719	0.02416	0.01390	0.01661	0.01064	0.00744	0.00721	0.00236	0.01104	0.00587	0.00352	0.01163

[dist]
# distance from previous block
# <min> <max>
0	1

[block]
# block no. 1 follows, 23 sequences, length 17
# corresponding to MSA columns:
# 56-72
name=unknown_B
#
# <colnr> <probs for GDERKNQSTAVLIFYWHMCP>
#	G	D	E	R	K	N	Q	S	T	A	V	L	I	F	Y	W	H	M	C	P
0	0.12066	0.01949	0.02123	0.01659	0.02276	0.02093	0.01366	0.39034	0.06467	0.19451	0.02219	0.02123	0.01527	0.00962	0.00776	0.00248	0.00800	0.00726	0.00821	0.01315
1	0.01769	0.01551	0.01789	0.01653	0.04948	0.04329	0.01255	0.15178	0.02116	0.02767	0.04138	0.04244	0.26496	0.01792	0.05368	0.00345	0.17610	0.01107	0.00619	0.00928
2	0.11762	0.01210	0.01486	0.01311	0.01552	0.01353	0.01015	0.02090	0.01494	0.13340	0.02101	0.03009	0.01873	0.17521	0.13975	0.00569	0.13599	0.00820	0.06135	0.03784
3	0.02008	0.01928	0.03294	0.04981	0.66422	0.01928	0.02490	0.02490	0.01848	0.02651	0.01526	0.02008	0.01285	0.00723	0.00803	0.00241	0.00964	0.00723	0.00402	0.01285
4	0.03043	0.03515	0.02329	0.02041	0.02510	0.53702	0.01562	0.16607	0.02634	0.02677	0.01408	0.01570	0.01119	0.00867	0.00749	0.00217	0.01337	0.00569	0.00505	0.01038
5	0.01627	0.04197	0.67279	0.02313	0.03512	0.01884	0.02998	0.02570	0.01713	0.02570	0.01456	0.01713	0.01028	0.00771	0.00771	0.00257	0.01199	0.00600	0.00343	0.01199
6	0.02480	0.02822	0.02835	0.03648	0.36958	0.32491	0.02065	0.02836	0.02056	0.02344	0.01401	0.01757	0.01175	0.00775	0.00770	0.00226	0.01194	0.00631	0.00409	0.01126
7	0.01808	0.01251	0.01441	0.01285	0.01647	0.01278	0.00996	0.06325	0.20797	0.11522	0.22572	0.07972	0.14800	0.01478	0.00895	0.00267	0.00540	0.01258	0.00852	0.01018
8	0.01645	0.04072	0.63396	0.02382	0.03557	0.01895	0.06756	0.02572	0.01726	0.02572	0.01468	0.01743	0.01041	0.00766	0.00783	0.00258	0.01210	0.00622	0.00347	0.01193
9	0.01180	0.00787	0.00885	0.00885	0.00885	0.00787	0.00492	0.01180	0.01180	0.01573	0.02557	0.05310	0.02950	0.71483	0.04130	0.00787	0.00787	0.01180	0.00492	0.00492
10	0.01180	0.00787	0.00885	0.00885	0.00885	0.00787	0.00492	0.01180	0.01180	0.01573	0.02557	0.05310	0.02950	0.71483	0.04130	0.00787	0.00787	0.01180	0.00492	0.00492
11	0.03031	0.03867	0.02299	0.02090	0.02508	0.68226	0.01568	0.03240	0.02299	0.01986	0.01254	0.01463	0.01045	0.00836	0.00732	0.00209	0.01463	0.00523	0.00418	0.00941
12	0.01161	0.00863	0.01273	0.01273	0.01407	0.00997	0.00976	0.01429	0.01295	0.01861	0.02202	0.03345	0.02097	0.10927	0.63519	0.01266	0.02071	0.00892	0.00439	0.00707
13	0.00959	0.00822	0.00822	0.00822	0.01096	0.00685	0.00617	0.01165	0.01850	0.02192	0.08220	0.07809	0.66092	0.02055	0.00959	0.00274	0.00411	0.01713	0.00754	0.00685
14	0.01161	0.00863	0.01274	0.01274	0.01409	0.00998	0.00977	0.01430	0.01295	0.01861	0.02201	0.03340	0.02095	0.10767	0.63677	0.01267	0.02074	0.00892	0.00439	0.00708
15	0.01627	0.04197	0.67279	0.02313	0.03512	0.01884	0.02998	0.02570	0.01713	0.02570	0.01456	0.01713	0.01028	0.00771	0.00771	0.00257	0.01199	0.00600	0.00343	0.01199
16	0.02793	0.01998	0.02299	0.01796	0.02400	0.05128	0.05802	0.31644	0.11390	0.14922	0.02293	0.02262	0.01631	0.00945	0.00797	0.00240	0.00844	0.00763	0.04247	0.05807

[dist]
# distance from previous block
# <min> <max>
1	4

[block]
# block no. 2 follows, 23 sequences, length 114
# corresponding to MSA columns:
# 77-190
name=unknown_C
#
# <colnr> <probs for GDERKNQSTAVLIFYWHMCP>
#	G	D	E	R	K	N	Q	S	T	A	V	L	I	F	Y	W	H	M	C	P
0	0.02257	0.65202	0.04068	0.01445	0.02125	0.06017	0.01405	0.05799	0.01795	0.02087	0.01178	0.01344	0.01060	0.00716	0.00546	0.00179	0.00895	0.00454	0.00375	0.01055
1	0.02529	0.02247	0.02052	0.01649	0.02215	0.16103	0.01308	0.28505	0.02718	0.03549	0.01819	0.04936	0.01479	0.00916	0.00736	0.00205	0.00893	0.00693	0.04727	0.20720
2	0.02345	0.48194	0.09404	0.01654	0.02322	0.19982	0.01580	0.02653	0.01824	0.01988	0.01190	0.01381	0.01041	0.00738	0.00598	0.00190	0.01052	0.00472	0.00365	0.01029
3	0.01900	0.38284	0.35580	0.01848	0.02793	0.02551	0.02188	0.02499	0.01681	0.02237	0.01291	0.01506	0.01035	0.00732	0.00645	0.00215	0.01032	0.00516	0.00345	0.01120
4	0.01071	0.00826	0.00978	0.00940	0.01165	0.00733	0.00705	0.01382	0.02114	0.02821	0.42430	0.06774	0.31490	0.01820	0.00958	0.00263	0.00394	0.01567	0.00836	0.00733
5	0.01063	0.00826	0.00966	0.00931	0.01160	0.00729	0.00698	0.01365	0.02094	0.02773	0.39855	0.06852	0.34095	0.01838	0.00958	0.00264	0.00396	0.01578	0.00830	0.00729
6	0.01090	0.00827	0.01004	0.00960	0.01176	0.00741	0.00720	0.01418	0.02159	0.02927	0.48185	0.06600	0.25669	0.01781	0.00958	0.00261	0.00392	0.01543	0.00850	0.00741
7	0.01656	0.01568	0.02657	0.52763	0.21392	0.01835	0.02315	0.02182	0.01681	0.02223	0.01464	0.02123	0.01135	0.00788	0.00809	0.00263	0.01051	0.00722	0.00371	0.01001
8	0.01915	0.02189	0.04788	0.03420	0.04241	0.02052	0.63475	0.02599	0.01915	0.02599	0.01642	0.02189	0.01231	0.00684	0.00958	0.00274	0.01368	0.00958	0.00410	0.01094
9	0.01650	0.04063	0.63502	0.02470	0.07226	0.01887	0.02968	0.02565	0.01721	0.02574	0.01460	0.01731	0.01043	0.00768	0.00773	0.00256	0.01185	0.00607	0.00346	0.01204
10	0.77215	0.01569	0.01193	0.01067	0.01569	0.01820	0.00879	0.02385	0.01381	0.03641	0.01130	0.01318	0.00879	0.00753	0.00502	0.00251	0.00628	0.00439	0.00502	0.00879
11	0.01159	0.00869	0.01304	0.01304	0.01449	0.01014	0.01014	0.01449	0.01304	0.01884	0.02173	0.03188	0.02029	0.06086	0.68268	0.01304	0.02173	0.00869	0.00435	0.00724
12	0.02063	0.01975	0.03646	0.04365	0.45672	0.01927	0.19662	0.02593	0.01890	0.05811	0.01642	0.02096	0.01306	0.00726	0.00848	0.00251	0.01065	0.00794	0.00434	0.01236
13	0.02973	0.03686	0.02315	0.02081	0.02491	0.61754	0.01577	0.06208	0.02324	0.02141	0.01280	0.01503	0.01063	0.00871	0.00829	0.00218	0.04749	0.00542	0.00435	0.00960
14	0.02672	0.02003	0.01988	0.01596	0.02108	0.07183	0.01291	0.42939	0.03148	0.04327	0.02076	0.02190	0.01536	0.00956	0.00742	0.00227	0.00804	0.00721	0.20311	0.01184
15	0.01232	0.00972	0.01155	0.01176	0.01256	0.03910	0.00818	0.01383	0.01425	0.01913	0.06290	0.21882	0.03438	0.26090	0.19580	0.00726	0.04183	0.01363	0.00559	0.00649
16	0.01158	0.00811	0.00918	0.00891	0.01112	0.00734	0.00669	0.01475	0.02006	0.02818	0.31317	0.06045	0.27744	0.01650	0.00874	0.00248	0.00392	0.01404	0.17001	0.00734
17	0.77215	0.01569	0.01193	0.01067	0.01569	0.01820	0.00879	0.02385	0.01381	0.03641	0.01130	0.01318	0.00879	0.00753	0.00502	0.00251	0.00628	0.00439	0.00502	0.00879
18	0.01180	0.00787	0.00885	0.00885	0.00885	0.00787	0.00492	0.01180	0.01180	0.01573	0.02557	0.05310	0.02950	0.71483	0.04130	0.00787	0.00787	0.01180	0.00492	0.00492
19	0.01791	0.00924	0.01230	0.01209	0.01432	0.00841	0.00881	0.01991	0.01792	0.20781	0.06962	0.39530	0.04266	0.08233	0.01250	0.00346	0.00570	0.04301	0.00809	0.00861
20	0.00989	0.00706	0.00942	0.01130	0.01177	0.00659	0.00753	0.01130	0.01554	0.02071	0.04472	0.70954	0.05367	0.02542	0.01036	0.00330	0.00471	0.02307	0.00753	0.00659
21	0.02008	0.01928	0.03294	0.04981	0.66422	0.01928	0.02490	0.02490	0.01848	0.02651	0.01526	0.02008	0.01285	0.00723	0.00803	0.00241	0.00964	0.00723	0.00402	0.01285
22	0.02765	0.03363	0.02558	0.02841	0.19112	0.51002	0.01807	0.03045	0.02182	0.02159	0.01325	0.01605	0.01108	0.00807	0.00750	0.00217	0.01334	0.00575	0.00414	0.01030
23	0.01685	0.00997	0.01149	0.01027	0.01389	0.00870	0.00799	0.02014	0.04440	0.18482	0.11967	0.06210	0.42422	0.01721	0.00918	0.00267	0.00487	0.01436	0.00831	0.00889
24	0.03085	0.02273	0.02435	0.01867	0.02516	0.02516	0.01542	0.63716	0.03815	0.05114	0.01948	0.01948	0.01380	0.00974	0.00812	0.00244	0.00893	0.00731	0.00812	0.01380
25	0.00959	0.00822	0.00822	0.00822	0.01096	0.00685	0.00617	0.01165	0.01850	0.02192	0.08220	0.07809	0.66092	0.02055	0.00959	0.00274	0.00411	0.01713	0.00754	0.00685
26	0.01139	0.00805	0.00937	0.00917	0.01015	0.00766	0.00593	0.01285	0.01616	0.02174	0.22713	0.05897	0.13427	0.40248	0.02708	0.00551	0.00610	0.01344	0.00652	0.00603
27	0.01237	0.00886	0.01101	0.01188	0.01297	0.00876	0.00816	0.08029	0.01768	0.02360	0.04016	0.57242	0.04703	0.08787	0.01299	0.00363	0.00547	0.02028	0.00735	0.00723
28	0.01159	0.00869	0.01304	0.01304	0.01449	0.01014	0.01014	0.01449	0.01304	0.01884	0.02173	0.03188	0.02029	0.06086	0.68268	0.01304	0.02173	0.00869	0.00435	0.00724
29	0.01028	0.00772	0.00952	0.01018	0.01166	0.00697	0.00721	0.01256	0.01848	0.02448	0.23414	0.35597	0.21811	0.02158	0.00993	0.00293	0.00430	0.01907	0.00794	0.00697
30	0.01290	0.00752	0.00824	0.00875	0.01016	0.00726	0.00615	0.01554	0.01629	0.02560	0.03650	0.21987	0.09002	0.07812	0.01050	0.00288	0.00443	0.01301	0.41926	0.00700
31	0.02018	0.01743	0.01835	0.01651	0.02110	0.02018	0.01284	0.04312	0.64956	0.03394	0.03303	0.03027	0.02477	0.01101	0.00826	0.00275	0.00642	0.00917	0.00826	0.01284
32	0.01775	0.01775	0.02485	0.02130	0.02130	0.02485	0.01775	0.01953	0.01243	0.01953	0.01065	0.01775	0.01065	0.01420	0.02663	0.00355	0.69998	0.00710	0.00355	0.00888
33	0.01024	0.00808	0.00865	0.00870	0.01065	0.00712	0.00610	0.01196	0.01725	0.02140	0.11597	0.10853	0.44050	0.16990	0.01646	0.00386	0.00493	0.01613	0.00709	0.00649
34	0.00959	0.00822	0.00822	0.00822	0.01096	0.00685	0.00617	0.01165	0.01850	0.02192	0.08220	0.07809	0.66092	0.02055	0.00959	0.00274	0.00411	0.01713	0.00754	0.00685
35	0.00959	0.00822	0.00822	0.00822	0.01096	0.00685	0.00617	0.01165	0.01850	0.02192	0.08220	0.07809	0.66092	0.02055	0.00959	0.00274	0.00411	0.01713	0.00754	0.00685
36	0.00983	0.00795	0.00874	0.00913	0.01126	0.00686	0.00662	0.01188	0.01818	0.02256	0.12374	0.22811	0.46407	0.02137	0.00977	0.00286	0.00423	0.01834	0.00766	0.00686
37	0.01446	0.00996	0.01146	0.01116	0.01307	0.00982	0.00781	0.07131	0.05623	0.06137	0.04275	0.25438	0.15725	0.21968	0.01865	0.00435	0.00611	0.01553	0.00703	0.00761
38	0.01117	0.00802	0.01033	0.01175	0.01259	0.00772	0.00801	0.04951	0.01692	0.02257	0.04318	0.66741	0.05123	0.02446	0.01022	0.00324	0.00497	0.02211	0.00757	0.00703
39	0.00959	0.00822	0.00822	0.00822	0.01096	0.00685	0.00617	0.01165	0.01850	0.02192	0.08220	0.07809	0.66092	0.02055	0.00959	0.00274	0.00411	0.01713	0.00754	0.00685
40	0.26260	0.01534	0.01642	0.01343	0.01873	0.01595	0.01099	0.14925	0.02217	0.24768	0.02705	0.02642	0.07495	0.01327	0.04848	0.00316	0.00775	0.00767	0.00750	0.01118
41	0.03031	0.03867	0.02299	0.02090	0.02508	0.68226	0.01568	0.03240	0.02299	0.01986	0.01254	0.01463	0.01045	0.00836	0.00732	0.00209	0.01463	0.00523	0.00418	0.00941
42	0.01627	0.04197	0.67279	0.02313	0.03512	0.01884	0.02998	0.02570	0.01713	0.02570	0.01456	0.01713	0.01028	0.00771	0.00771	0.00257	0.01199	0.00600	0.00343	0.01199
43	0.01159	0.00869	0.01304	0.01304	0.01449	0.01014	0.01014	0.01449	0.01304	0.01884	0.02173	0.03188	0.02029	0.06086	0.68268	0.01304	0.02173	0.00869	0.00435	0.00724
44	0.01513	0.00756	0.00756	0.00756	0.00945	0.00756	0.00567	0.01891	0.01702	0.03025	0.02647	0.03025	0.02080	0.00945	0.00567	0.00189	0.00378	0.00756	0.75988	0.00756
45	0.00959	0.00822	0.00822	0.00822	0.01096	0.00685	0.00617	0.01165	0.01850	0.02192	0.08220	0.07809	0.66092	0.02055	0.00959	0.00274	0.00411	0.01713	0.00754	0.00685
46	0.01721	0.01608	0.02585	0.08370	0.32765	0.01820	0.01970	0.02098	0.01573	0.02277	0.01576	0.02250	0.01400	0.02150	0.17206	0.00520	0.15922	0.00755	0.00396	0.01039
47	0.01537	0.03292	0.47511	0.02030	0.02980	0.01662	0.04918	0.02409	0.05504	0.02595	0.05725	0.02950	0.11358	0.01025	0.00820	0.00261	0.01014	0.00845	0.00463	0.01101
48	0.20665	0.03242	0.02043	0.01836	0.02286	0.49201	0.01403	0.06021	0.02156	0.02534	0.01259	0.01453	0.01022	0.00823	0.00681	0.00221	0.01237	0.00513	0.00457	0.00948
49	0.31009	0.02574	0.01840	0.01625	0.02079	0.31172	0.01272	0.02938	0.01899	0.10793	0.01442	0.01589	0.01105	0.00858	0.00761	0.00238	0.04779	0.00538	0.00520	0.00970
50	0.01654	0.07541	0.64169	0.02267	0.03441	0.01950	0.02919	0.02563	0.01710	0.02537	0.01440	0.01693	0.01029	0.00767	0.00759	0.00253	0.01183	0.00591	0.00343	0.01191
51	0.01121	0.00927	0.01141	0.01277	0.07216	0.00828	0.00842	0.01412	0.02001	0.02595	0.27208	0.06676	0.40224	0.01797	0.00944	0.00265	0.00453	0.01537	0.00768	0.00768
52	0.00998	0.00710	0.00939	0.01118	0.01163	0.00665	0.00741	0.01132	0.01536	0.02047	0.04380	0.67806	0.05251	0.05848	0.01184	0.00351	0.00486	0.02253	0.00741	0.00651
53	0.01409	0.00705	0.01057	0.01057	0.01057	0.00705	0.00705	0.01057	0.01057	0.01409	0.01409	0.02467	0.01409	0.02819	0.03171	0.76392	0.00705	0.00705	0.00352	0.00352
54	0.03031	0.03867	0.02299	0.02090	0.02508	0.68226	0.01568	0.03240	0.02299	0.01986	0.01254	0.01463	0.01045	0.00836	0.00732	0.00209	0.01463	0.00523	0.00418	0.00941
55	0.12705	0.51666	0.03526	0.01413	0.02015	0.02832	0.01340	0.02471	0.01615	0.05996	0.01245	0.01433	0.01078	0.00786	0.00728	0.00205	0.07031	0.00482	0.00408	0.01025
56	0.01532	0.01442	0.02434	0.69533	0.05589	0.01803	0.02253	0.02073	0.01622	0.02073	0.01442	0.02163	0.01082	0.00811	0.00811	0.00270	0.01082	0.00721	0.00361	0.00901
57	0.03641	0.01381	0.01883	0.01444	0.02071	0.01193	0.01193	0.03954	0.02322	0.66984	0.03201	0.02762	0.02009	0.01004	0.00816	0.00251	0.00690	0.00816	0.01004	0.01381
58	0.01163	0.00771	0.00888	0.00921	0.00939	0.00763	0.00541	0.01207	0.01271	0.01733	0.02895	0.16649	0.03328	0.55920	0.03412	0.00677	0.00711	0.01355	0.04320	0.00534
59	0.01208	0.01702	0.18191	0.01288	0.01770	0.01029	0.01294	0.01675	0.01992	0.02712	0.29393	0.05532	0.25996	0.01564	0.00909	0.00262	0.00605	0.01326	0.00702	0.00851
60	0.01180	0.00787	0.00885	0.00885	0.00885	0.00787	0.00492	0.01180	0.01180	0.01573	0.02557	0.05310	0.02950	0.71483	0.04130	0.00787	0.00787	0.01180	0.00492	0.00492
61	0.01180	0.00787	0.00885	0.00885	0.00885	0.00787	0.00492	0.01180	0.01180	0.01573	0.02557	0.05310	0.02950	0.71483	0.04130	0.00787	0.00787	0.01180	0.00492	0.00492
62	0.00997	0.00823	0.00875	0.00862	0.01119	0.00701	0.00646	0.01238	0.01939	0.02405	0.19818	0.07458	0.54361	0.01975	0.00959	0.00270	0.00405	0.01663	0.00782	0.00701
63	0.01180	0.00787	0.00885	0.00885	0.00885	0.00787	0.00492	0.01180	0.01180	0.01573	0.02557	0.05310	0.02950	0.71483	0.04130	0.00787	0.00787	0.01180	0.00492	0.00492
64	0.01084	0.00746	0.00913	0.01008	0.01032	0.00722	0.00623	0.01155	0.01368	0.01824	0.03520	0.38326	0.04165	0.36809	0.02574	0.00557	0.00628	0.01747	0.00623	0.00576
65	0.00989	0.00706	0.00942	0.01130	0.01177	0.00659	0.00753	0.01130	0.01554	0.02071	0.04472	0.70954	0.05367	0.02542	0.01036	0.00330	0.00471	0.02307	0.00753	0.00659
66	0.00989	0.00706	0.00942	0.01130	0.01177	0.00659	0.00753	0.01130	0.01554	0.02071	0.04472	0.70954	0.05367	0.02542	0.01036	0.00330	0.00471	0.02307	0.00753	0.00659
67	0.02347	0.01562	0.01648	0.01346	0.01780	0.01691	0.01085	0.34727	0.02824	0.04134	0.02276	0.02453	0.01708	0.00961	0.00697	0.00218	0.00652	0.00743	0.36061	0.01088
68	0.01157	0.00777	0.00892	0.00914	0.00920	0.00771	0.00523	0.01174	0.01225	0.01633	0.02787	0.13193	0.03240	0.63204	0.03758	0.00732	0.00749	0.01315	0.00523	0.00512
69	0.01795	0.01434	0.01500	0.01298	0.01719	0.01494	0.01024	0.19831	0.15757	0.03287	0.05375	0.05111	0.34020	0.01542	0.00888	0.00265	0.00599	0.01262	0.00786	0.01012
70	0.00959	0.00822	0.00822	0.00822	0.01096	0.00685	0.00617	0.01165	0.01850	0.02192	0.08220	0.07809	0.66092	0.02055	0.00959	0.00274	0.00411	0.01713	0.00754	0.00685
71	0.02018	0.01743	0.01835	0.01651	0.02110	0.02018	0.01284	0.04312	0.64956	0.03394	0.03303	0.03027	0.02477	0.01101	0.00826	0.00275	0.00642	0.00917	0.00826	0.01284
72	0.01159	0.00869	0.01304	0.01304	0.01449	0.01014	0.01014	0.01449	0.01304	0.01884	0.02173	0.03188	0.02029	0.06086	0.68268	0.01304	0.02173	0.00869	0.00435	0.00724
73	0.70151	0.01600	0.01289	0.01126	0.01641	0.01832	0.00928	0.05786	0.01552	0.06331	0.01260	0.01412	0.00953	0.00776	0.00532	0.00251	0.00645	0.00471	0.00540	0.00927
74	0.00959	0.00822	0.00822	0.00822	0.01096	0.00685	0.00617	0.01165	0.01850	0.02192	0.08220	0.07809	0.66092	0.02055	0.00959	0.00274	0.00411	0.01713	0.00754	0.00685
75	0.00989	0.00706	0.00942	0.01130	0.01177	0.00659	0.00753	0.01130	0.01554	0.02071	0.04472	0.70954	0.05367	0.02542	0.01036	0.00330	0.00471	0.02307	0.00753	0.00659
76	0.01641	0.01406	0.01480	0.01373	0.01752	0.01539	0.01054	0.03183	0.42351	0.02957	0.04834	0.08594	0.21539	0.01472	0.00878	0.00278	0.00563	0.01238	0.00800	0.01068
77	0.01099	0.00827	0.01016	0.00969	0.01182	0.00745	0.00727	0.01436	0.02181	0.02978	0.50985	0.06515	0.22837	0.01762	0.00958	0.00260	0.00390	0.01531	0.00857	0.00745
78	0.01532	0.01442	0.02434	0.69533	0.05589	0.01803	0.02253	0.02073	0.01622	0.02073	0.01442	0.02163	0.01082	0.00811	0.00811	0.00270	0.01082	0.00721	0.00361	0.00901
79	0.01982	0.01902	0.03247	0.08492	0.63113	0.01921	0.02477	0.02468	0.01835	0.02619	0.01522	0.02017	0.01274	0.00728	0.00804	0.00243	0.00970	0.00723	0.00399	0.01264
80	0.01775	0.01775	0.02485	0.02130	0.02130	0.02485	0.01775	0.01953	0.01243	0.01953	0.01065	0.01775	0.01065	0.01420	0.02663	0.00355	0.69998	0.00710	0.00355	0.00888
81	0.01141	0.00851	0.01094	0.01233	0.01409	0.00804	0.00996	0.01416	0.01788	0.02282	0.05357	0.23492	0.20792	0.02265	0.01059	0.00337	0.00594	0.31628	0.00750	0.00710
82	0.01818	0.01903	0.03194	0.02527	0.02780	0.02352	0.20763	0.02152	0.01450	0.02152	0.01243	0.01903	0.01116	0.01194	0.02138	0.00330	0.48878	0.00786	0.00372	0.00951
83	0.16683	0.02144	0.02207	0.01720	0.02343	0.02389	0.01421	0.52465	0.03369	0.04844	0.01798	0.01833	0.01288	0.00934	0.00755	0.00245	0.00844	0.00677	0.00755	0.01288
84	0.01121	0.00767	0.00897	0.00946	0.00970	0.00749	0.00565	0.01166	0.01305	0.01728	0.03288	0.22466	0.06180	0.50712	0.03195	0.00647	0.00689	0.01495	0.00570	0.00543
85	0.01180	0.00787	0.00885	0.00885	0.00885	0.00787	0.00492	0.01180	0.01180	0.01573	0.02557	0.05310	0.02950	0.71483	0.04130	0.00787	0.00787	0.01180	0.00492	0.00492
86	0.00984	0.00722	0.00925	0.01087	0.01166	0.00663	0.00734	0.01135	0.01595	0.02088	0.04997	0.62120	0.13862	0.02474	0.01025	0.00322	0.00462	0.02224	0.00753	0.00663
87	0.01989	0.02042	0.06500	0.04847	0.63269	0.01926	0.02516	0.02494	0.01841	0.02647	0.01523	0.01993	0.01272	0.00725	0.00802	0.00242	0.00976	0.00717	0.00399	0.01281
88	0.01683	0.01442	0.01683	0.01202	0.01923	0.01082	0.00961	0.02043	0.01683	0.02644	0.01442	0.01683	0.01202	0.00601	0.00601	0.00120	0.00601	0.00481	0.00481	0.76444
89	0.03242	0.02020	0.02279	0.01747	0.02390	0.02141	0.01443	0.46761	0.03392	0.22667	0.02304	0.02179	0.01558	0.00983	0.00813	0.00246	0.00835	0.00755	0.00866	0.01380
90	0.00987	0.00713	0.00934	0.01111	0.01172	0.00661	0.00745	0.01132	0.01572	0.02079	0.04701	0.67098	0.09074	0.02512	0.01031	0.00326	0.00467	0.02270	0.00753	0.00661
91	0.00989	0.00706	0.00942	0.01130	0.01177	0.00659	0.00753	0.01130	0.01554	0.02071	0.04472	0.70954	0.05367	0.02542	0.01036	0.00330	0.00471	0.02307	0.00753	0.00659
92	0.02008	0.01928	0.03294	0.04981	0.66422	0.01928	0.02490	0.02490	0.01848	0.02651	0.01526	0.02008	0.01285	0.00723	0.00803	0.00241	0.00964	0.00723	0.00402	0.01285
93	0.01999	0.48777	0.19802	0.01685	0.02443	0.02815	0.01824	0.02422	0.01628	0.02078	0.01204	0.01447	0.01040	0.00779	0.00775	0.00211	0.07157	0.00500	0.00347	0.01067
94	0.03085	0.02273	0.02435	0.01867	0.02516	0.02516	0.01542	0.63716	0.03815	0.05114	0.01948	0.01948	0.01380	0.00974	0.00812	0.00244	0.00893	0.00731	0.00812	0.01380
95	0.02213	0.68559	0.04154	0.01424	0.02104	0.06468	0.01397	0.02470	0.01681	0.01913	0.01134	0.01310	0.01042	0.00701	0.00531	0.00175	0.00898	0.00438	0.00351	0.01036
96	0.01159	0.00869	0.01304	0.01304	0.01449	0.01014	0.01014	0.01449	0.01304	0.01884	0.02173	0.03188	0.02029	0.06086	0.68268	0.01304	0.02173	0.00869	0.00435	0.00724
97	0.01110	0.00828	0.01032	0.00981	0.01189	0.00749	0.00736	0.01458	0.02207	0.03041	0.54395	0.06412	0.19388	0.01738	0.00957	0.00259	0.00388	0.01517	0.00865	0.00749
98	0.00981	0.00736	0.00910	0.01050	0.01156	0.00666	0.00718	0.01139	0.01630	0.02103	0.05446	0.54550	0.21143	0.02416	0.01016	0.00315	0.00455	0.02152	0.00753	0.00666
99	0.01063	0.00826	0.00966	0.00931	0.01160	0.00729	0.00698	0.01366	0.02095	0.02774	0.39903	0.06851	0.34046	0.01838	0.00958	0.00264	0.00396	0.01578	0.00830	0.00729
100	0.01159	0.00869	0.01304	0.01304	0.01449	0.01014	0.01014	0.01449	0.01304	0.01884	0.02173	0.03188	0.02029	0.06086	0.68268	0.01304	0.02173	0.00869	0.00435	0.00724
101	0.02018	0.01743	0.01835	0.01651	0.02110	0.02018	0.01284	0.04312	0.64956	0.03394	0.03303	0.03027	0.02477	0.01101	0.00826	0.00275	0.00642	0.00917	0.00826	0.01284
102	0.01719	0.01594	0.02634	0.07057	0.46550	0.01594	0.02020	0.02119	0.01778	0.02480	0.02509	0.16199	0.05921	0.01171	0.00860	0.00262	0.00838	0.01099	0.00491	0.01106
103	0.03046	0.03408	0.02339	0.02026	0.02511	0.49316	0.01560	0.20644	0.02736	0.02886	0.01454	0.01603	0.01142	0.00876	0.00755	0.00219	0.01299	0.00582	0.00531	0.01067
104	0.01832	0.29787	0.43482	0.01964	0.02972	0.02385	0.02390	0.02517	0.01689	0.02320	0.01332	0.01558	0.01033	0.00742	0.00676	0.00225	0.01074	0.00537	0.00344	0.01140
105	0.01895	0.37702	0.36121	0.01856	0.02805	0.02540	0.02202	0.02500	0.01681	0.02243	0.01294	0.01510	0.01035	0.00733	0.00647	0.00216	0.01035	0.00518	0.00345	0.01121
106	0.01159	0.00869	0.01304	0.01304	0.01449	0.01014	0.01014	0.01449	0.01304	0.01884	0.02173	0.03188	0.02029	0.06086	0.68268	0.01304	0.02173	0.00869	0.00435	0.00724
107	0.02348	0.01623	0.01724	0.01473	0.01939	0.05477	0.01163	0.10053	0.24642	0.18426	0.09361	0.03730	0.12006	0.01239	0.00848	0.00260	0.00673	0.01016	0.00838	0.01163
108	0.02840	0.03502	0.02207	0.02009	0.02422	0.57798	0.01513	0.03303	0.09787	0.02151	0.01534	0.01715	0.01253	0.01061	0.03232	0.00257	0.01391	0.00583	0.00468	0.00974
109	0.01849	0.01394	0.01573	0.04607	0.01821	0.01520	0.01044	0.18439	0.14128	0.03071	0.08872	0.06852	0.02930	0.26009	0.02010	0.00447	0.00747	0.01068	0.00685	0.00932
110	0.04859	0.00886	0.01216	0.01210	0.01379	0.01014	0.00940	0.01561	0.01368	0.02141	0.02195	0.03073	0.01981	0.05052	0.54778	0.01085	0.01828	0.00832	0.11866	0.00737
111	0.02240	0.02381	0.02929	0.07609	0.44032	0.18613	0.02189	0.02741	0.04886	0.02487	0.01536	0.01927	0.01269	0.00774	0.00787	0.00236	0.01081	0.00681	0.00423	0.01178
112	0.02630	0.06508	0.02264	0.01852	0.02343	0.28530	0.01451	0.14930	0.25099	0.03076	0.02115	0.02108	0.01623	0.00950	0.00769	0.00237	0.01028	0.00699	0.00635	0.01152
113	0.02013	0.02099	0.07985	0.01772	0.02331	0.09621	0.09992	0.19741	0.02466	0.03099	0.04052	0.04028	0.24755	0.01291	0.00872	0.00256	0.00881	0.01082	0.00645	0.01019

[dist]
# distance from previous block
# <min> <max>
9	28

[block]
# block no. 3 follows, 23 sequences, length 6
# corresponding to MSA columns:
# 223-228
name=unknown_D
#
# <colnr> <probs for GDERKNQSTAVLIFYWHMCP>
#	G	D	E	R	K	N	Q	S	T	A	V	L	I	F	Y	W	H	M	C	P
0	0.02204	0.02106	0.02063	0.01896	0.06216	0.16059	0.04663	0.17770	0.11297	0.03087	0.03449	0.07616	0.15574	0.01261	0.00849	0.00254	0.00881	0.01034	0.00665	0.01056
1	0.01441	0.00980	0.01100	0.01077	0.01183	0.05031	0.00731	0.01422	0.01487	0.04622	0.10486	0.09910	0.08922	0.19255	0.02494	0.26904	0.00686	0.01138	0.00556	0.00575
2	0.01716	0.00930	0.01137	0.01063	0.01300	0.00839	0.00755	0.01875	0.01711	0.18541	0.04487	0.18858	0.18472	0.22413	0.01876	0.00431	0.00606	0.01449	0.00740	0.00800
3	0.02046	0.02075	0.02600	0.03380	0.35544	0.12828	0.01911	0.05801	0.01978	0.02539	0.02558	0.02842	0.11838	0.01039	0.00990	0.00252	0.07351	0.00851	0.00481	0.01098
4	0.05987	0.02070	0.02819	0.15367	0.40347	0.10654	0.02173	0.02617	0.05508	0.02558	0.01558	0.01986	0.01266	0.00777	0.00781	0.00244	0.01014	0.00693	0.00427	0.01152
5	0.01529	0.00985	0.01146	0.05149	0.01389	0.05445	0.00808	0.01455	0.01324	0.01844	0.01767	0.02760	0.01648	0.08532	0.02403	0.43553	0.00719	0.00748	0.16271	0.00524

[dist]
# distance from previous block
# <min> <max>
13	31

[block]
# block no. 4 follows, 23 sequences, length 12
# corresponding to MSA columns:
# 265-276
name=unknown_E
#
# <colnr> <probs for GDERKNQSTAVLIFYWHMCP>
#	G	D	E	R	K	N	Q	S	T	A	V	L	I	F	Y	W	H	M	C	P
0	0.01875	0.01643	0.02440	0.02878	0.25811	0.01659	0.06097	0.10202	0.09508	0.02913	0.02490	0.18432	0.02395	0.01219	0.00858	0.00260	0.00802	0.01121	0.00594	0.06805
1	0.01721	0.13700	0.10222	0.01382	0.01750	0.01562	0.01220	0.05348	0.09590	0.02114	0.01725	0.02427	0.01548	0.07049	0.02049	0.33867	0.00804	0.00709	0.00447	0.00766
2	0.19945	0.11128	0.02541	0.02306	0.14296	0.14392	0.04902	0.07696	0.01948	0.02827	0.01604	0.02285	0.01412	0.00925	0.00783	0.00246	0.03301	0.05946	0.00486	0.01031
3	0.01771	0.01804	0.01950	0.02267	0.17426	0.15888	0.03504	0.02025	0.01748	0.02106	0.02980	0.03793	0.13461	0.17044	0.08357	0.00468	0.01070	0.00982	0.00493	0.00863
4	0.01483	0.01251	0.01630	0.01815	0.11728	0.01303	0.01193	0.09044	0.01932	0.02544	0.04603	0.11417	0.27785	0.02232	0.09842	0.00412	0.06974	0.01299	0.00628	0.00884
5	0.05374	0.02225	0.03038	0.03274	0.25306	0.14915	0.15185	0.02481	0.01843	0.02431	0.01696	0.08011	0.01549	0.00970	0.01018	0.00262	0.08060	0.00861	0.00438	0.01063
6	0.12286	0.02508	0.09125	0.11396	0.28766	0.17589	0.02077	0.02611	0.01851	0.02548	0.01391	0.01775	0.01123	0.00769	0.00743	0.00240	0.01075	0.00625	0.00408	0.01093
7	0.11896	0.05031	0.13574	0.02251	0.12443	0.07553	0.07873	0.02330	0.05193	0.02587	0.02739	0.10940	0.09977	0.01151	0.00804	0.00260	0.00893	0.00986	0.00515	0.01003
8	0.02614	0.05928	0.02615	0.02893	0.24492	0.22669	0.01780	0.03190	0.09694	0.13379	0.01919	0.02053	0.01464	0.00850	0.00772	0.00233	0.01031	0.00685	0.00557	0.01181
9	0.01737	0.13502	0.23452	0.07577	0.21612	0.01925	0.02158	0.02272	0.01690	0.02333	0.01903	0.02462	0.04839	0.07951	0.01093	0.00294	0.00985	0.00738	0.00399	0.01079
10	0.01590	0.01335	0.01613	0.01741	0.09342	0.06263	0.01145	0.07584	0.01757	0.02362	0.08527	0.03552	0.02573	0.18446	0.27740	0.00773	0.01367	0.00941	0.00524	0.00824
11	0.14596	0.07970	0.04968	0.01412	0.04330	0.08273	0.01135	0.10052	0.02029	0.02910	0.03588	0.03611	0.20674	0.01198	0.00738	0.00238	0.00715	0.00924	0.09715	0.00924

[dist]
# distance from previous block
# <min> <max>
10	77

[block]
# block no. 5 follows, 23 sequences, length 6
# corresponding to MSA columns:
# 354-359
name=unknown_F
#
# <colnr> <probs for GDERKNQSTAVLIFYWHMCP>
#	G	D	E	R	K	N	Q	S	T	A	V	L	I	F	Y	W	H	M	C	P
0	0.02050	0.09025	0.30036	0.03033	0.22963	0.14200	0.02443	0.02656	0.01858	0.02433	0.01414	0.01726	0.01113	0.00762	0.00753	0.00236	0.01146	0.00610	0.00375	0.01166
1	0.09813	0.15878	0.20943	0.02040	0.09611	0.02064	0.01852	0.09961	0.01935	0.02891	0.01425	0.01650	0.01120	0.00742	0.00672	0.00211	0.00900	0.00559	0.00450	0.15283
2	0.01093	0.00883	0.01071	0.01097	0.01226	0.00890	0.00791	0.01261	0.01633	0.02119	0.08705	0.29804	0.27241	0.09011	0.01490	0.00353	0.08206	0.01751	0.00691	0.00683
3	0.02203	0.02285	0.01831	0.01646	0.02053	0.27119	0.01266	0.09901	0.02180	0.02561	0.02329	0.15707	0.02345	0.01292	0.00818	0.00238	0.00962	0.07602	0.00579	0.15083
4	0.02218	0.10269	0.12795	0.03487	0.34429	0.18241	0.02223	0.02679	0.01916	0.02397	0.01407	0.01755	0.01162	0.00755	0.00751	0.00228	0.01111	0.00624	0.00391	0.01162
5	0.02064	0.12328	0.02242	0.01731	0.05514	0.05502	0.01344	0.13182	0.20435	0.03042	0.02837	0.03336	0.06774	0.01389	0.04198	0.00302	0.00848	0.06752	0.00653	0.05528

[dist]
# distance from previous block
# <min> <max>
22	153

[block]
# block no. 6 follows, 23 sequences, length 155
# corresponding to MSA columns:
# 521-675
name=unknown_G
#
# <colnr> <probs for GDERKNQSTAVLIFYWHMCP>
#	G	D	E	R	K	N	Q	S	T	A	V	L	I	F	Y	W	H	M	C	P
0	0.06351	0.15025	0.14521	0.15209	0.03040	0.05103	0.01786	0.02968	0.09596	0.15852	0.01955	0.02074	0.01416	0.00856	0.00733	0.00243	0.00922	0.00665	0.00556	0.01129
1	0.14313	0.08859	0.20727	0.04516	0.05734	0.08994	0.06405	0.02608	0.07085	0.02683	0.01980	0.02185	0.05001	0.00873	0.00722	0.00243	0.00965	0.00687	0.04375	0.01044
2	0.05941	0.01483	0.01925	0.01933	0.10768	0.01526	0.01342	0.06203	0.15546	0.20365	0.02504	0.02633	0.01881	0.02046	0.15351	0.00474	0.01040	0.00794	0.00695	0.05551
3	0.01977	0.01421	0.01706	0.04844	0.05719	0.01392	0.01160	0.10203	0.11835	0.11403	0.06200	0.03799	0.15891	0.04830	0.00988	0.00265	0.00660	0.00992	0.00711	0.14005
4	0.01875	0.02303	0.20143	0.02584	0.17681	0.01715	0.04977	0.07345	0.04859	0.05808	0.02225	0.05556	0.04321	0.07085	0.01196	0.00305	0.04512	0.00864	0.03543	0.01102
5	0.02209	0.06194	0.05670	0.02007	0.09016	0.19044	0.01492	0.05377	0.13241	0.02664	0.01739	0.01892	0.01387	0.00794	0.00710	0.00199	0.00929	0.00609	0.00517	0.24310
6	0.02055	0.02103	0.02383	0.09930	0.22499	0.15958	0.01743	0.02540	0.05154	0.02469	0.01690	0.02293	0.01449	0.00834	0.00757	0.00216	0.00962	0.04134	0.00463	0.20369
7	0.01031	0.00728	0.00949	0.01095	0.01138	0.00699	0.00719	0.01154	0.01475	0.01974	0.04020	0.55982	0.04775	0.15005	0.04830	0.00458	0.00609	0.02037	0.00691	0.00632
8	0.02064	0.01888	0.02803	0.03804	0.43505	0.01985	0.02073	0.06046	0.21364	0.03000	0.02094	0.02319	0.01657	0.00852	0.00811	0.00252	0.00861	0.00783	0.00552	0.01290
9	0.01092	0.00801	0.01024	0.01024	0.01192	0.00733	0.00747	0.01401	0.02081	0.02872	0.45868	0.20948	0.13398	0.01901	0.00975	0.00274	0.00406	0.01684	0.00847	0.00733
10	0.01724	0.01982	0.09358	0.02102	0.02239	0.02335	0.01862	0.01990	0.01297	0.02015	0.01172	0.01851	0.01117	0.01622	0.06279	0.00400	0.58679	0.00708	0.00358	0.00912
11	0.02008	0.01928	0.03294	0.04981	0.66422	0.01928	0.02490	0.02490	0.01848	0.02651	0.01526	0.02008	0.01285	0.00723	0.00803	0.00241	0.00964	0.00723	0.00402	0.01285
12	0.01096	0.00827	0.01012	0.00966	0.01180	0.00743	0.00724	0.01430	0.02173	0.02960	0.50012	0.06545	0.23821	0.01768	0.00958	0.00260	0.00391	0.01535	0.00855	0.00743
13	0.01855	0.01853	0.03394	0.22492	0.35501	0.01921	0.16239	0.02400	0.01801	0.02479	0.01529	0.02092	0.01217	0.00739	0.00840	0.00257	0.01088	0.00776	0.00392	0.01136
14	0.01148	0.00829	0.01085	0.01021	0.01212	0.00766	0.00766	0.01531	0.02297	0.03254	0.65994	0.06061	0.07656	0.01659	0.00957	0.00255	0.00383	0.01467	0.00893	0.00766
15	0.01710	0.01705	0.03153	0.34446	0.18795	0.01836	0.17893	0.02253	0.01745	0.02339	0.01669	0.05703	0.01388	0.00848	0.00859	0.00268	0.01097	0.00864	0.00403	0.01025
16	0.01698	0.01474	0.01600	0.01564	0.04950	0.01611	0.01142	0.03272	0.42816	0.02995	0.04700	0.04421	0.21626	0.01370	0.00865	0.00273	0.00588	0.01148	0.00783	0.01103
17	0.03039	0.03635	0.02319	0.02058	0.02510	0.58657	0.01564	0.12047	0.02520	0.02441	0.01355	0.01534	0.01094	0.00856	0.00743	0.00214	0.01380	0.00553	0.00475	0.01005
18	0.01627	0.04197	0.67279	0.02313	0.03512	0.01884	0.02998	0.02570	0.01713	0.02570	0.01456	0.01713	0.01028	0.00771	0.00771	0.00257	0.01199	0.00600	0.00343	0.01199
19	0.01986	0.02060	0.07019	0.04825	0.62759	0.01925	0.02520	0.02495	0.01840	0.02646	0.01522	0.01991	0.01270	0.00726	0.00801	0.00242	0.00978	0.00716	0.00398	0.01280
20	0.03031	0.03867	0.02299	0.02090	0.02508	0.68226	0.01568	0.03240	0.02299	0.01986	0.01254	0.01463	0.01045	0.00836	0.00732	0.00209	0.01463	0.00523	0.00418	0.00941
21	0.01087	0.00815	0.01014	0.01030	0.01217	0.00741	0.00772	0.01384	0.02022	0.02719	0.35948	0.17922	0.21466	0.01958	0.00985	0.00283	0.00435	0.06654	0.00822	0.00726
22	0.01665	0.01578	0.02674	0.51506	0.22577	0.01838	0.02320	0.02190	0.01685	0.02235	0.01466	0.02120	0.01139	0.00787	0.00809	0.00262	0.01049	0.00722	0.00372	0.01009
23	0.01159	0.00869	0.01304	0.01304	0.01449	0.01014	0.01014	0.01449	0.01304	0.01884	0.02173	0.03188	0.02029	0.06086	0.68268	0.01304	0.02173	0.00869	0.00435	0.00724
