[name]
unknown

[dist]
# distance from previous block
# <min> <max>
0	0

[block]
# block no. 0 follows, 22 sequences, length 19
# corresponding to MSA columns:
# 0-18
name=unknown_A
#
# <colnr> <probs for GDERKNQSTAVLIFYWHMCP>
#	G	D	E	R	K	N	Q	S	T	A	V	L	I	F	Y	W	H	M	C	P
0	0.01339	0.00956	0.01339	0.01530	0.01721	0.00956	0.01339	0.01721	0.01912	0.02486	0.04399	0.09371	0.04781	0.02295	0.01147	0.00382	0.00765	0.60031	0.00765	0.00765
1	0.02056	0.01974	0.03372	0.05099	0.65622	0.01974	0.02550	0.02550	0.01892	0.02714	0.01563	0.02056	0.01316	0.00740	0.00822	0.00247	0.00987	0.00740	0.00411	0.01316
2	0.01549	0.00774	0.00774	0.00774	0.00968	0.00774	0.00581	0.01936	0.01742	0.03097	0.02710	0.03097	0.02129	0.00968	0.00581	0.00194	0.00387	0.00774	0.75416	0.00774
3	0.03015	0.02550	0.02366	0.01890	0.02486	0.14913	0.01526	0.47671	0.03486	0.04439	0.02250	0.02265	0.05241	0.01038	0.00825	0.00244	0.00996	0.00768	0.00750	0.01283
4	0.76672	0.01607	0.01221	0.01092	0.01607	0.01864	0.00900	0.02442	0.01414	0.03727	0.01157	0.01350	0.00900	0.00771	0.00514	0.00257	0.00643	0.00450	0.00514	0.00900
5	0.01952	0.01907	0.03366	0.17176	0.47558	0.01963	0.08920	0.02479	0.01855	0.02595	0.01559	0.02106	0.01270	0.00753	0.00841	0.00256	0.01054	0.00765	0.00404	0.01219
6	0.01332	0.00884	0.01161	0.01072	0.01295	0.00811	0.00811	0.01720	0.02353	0.07184	0.61390	0.05998	0.07484	0.01657	0.00971	0.00261	0.00411	0.01462	0.00921	0.00822
7	0.76672	0.01607	0.01221	0.01092	0.01607	0.01864	0.00900	0.02442	0.01414	0.03727	0.01157	0.01350	0.00900	0.00771	0.00514	0.00257	0.00643	0.00450	0.00514	0.00900
8	0.01187	0.00890	0.01335	0.01335	0.01483	0.01038	0.01038	0.01483	0.01335	0.01928	0.02225	0.03264	0.02077	0.06231	0.67512	0.01335	0.02225	0.00890	0.00445	0.00742
9	0.01174	0.00806	0.00981	0.01011	0.01042	0.00821	0.00628	0.01243	0.01287	0.01739	0.02863	0.15227	0.03261	0.50196	0.13490	0.00814	0.00974	0.01339	0.00536	0.00567
10	0.01051	0.00753	0.00939	0.01070	0.01132	0.00705	0.00699	0.01171	0.01542	0.02025	0.04571	0.49816	0.11357	0.17060	0.01726	0.00431	0.00544	0.02051	0.00714	0.00641
11	0.03103	0.03959	0.02354	0.02140	0.02568	0.67469	0.01605	0.03317	0.02354	0.02033	0.01284	0.01498	0.01070	0.00856	0.00749	0.00214	0.01498	0.00535	0.00428	0.00963
12	0.01030	0.00736	0.00980	0.01145	0.01209	0.00686	0.00773	0.01201	0.01672	0.02250	0.11055	0.63417	0.05745	0.02506	0.01052	0.00329	0.00472	0.02270	0.00786	0.00686
13	0.02056	0.01974	0.03372	0.05099	0.65622	0.01974	0.02550	0.02550	0.01892	0.02714	0.01563	0.02056	0.01316	0.00740	0.00822	0.00247	0.00987	0.00740	0.00411	0.01316
14	0.01987	0.01903	0.03247	0.14138	0.57124	0.01956	0.02515	0.02489	0.01859	0.02630	0.01550	0.02079	0.01286	0.00753	0.00824	0.00251	0.01004	0.00740	0.00405	0.01260
15	0.01666	0.04297	0.66500	0.02368	0.03596	0.01929	0.03069	0.02631	0.01754	0.02631	0.01491	0.01754	0.01052	0.00789	0.00789	0.00263	0.01228	0.00614	0.00351	0.01228
16	0.01187	0.00890	0.01335	0.01335	0.01483	0.01038	0.01038	0.01483	0.01335	0.01928	0.02225	0.03264	0.02077	0.06231	0.67512	0.01335	0.02225	0.00890	0.00445	0.00742
17	0.76672	0.01607	0.01221	0.01092	0.01607	0.01864	0.00900	0.02442	0.01414	0.03727	0.01157	0.01350	0.00900	0.00771	0.00514	0.00257	0.00643	0.00450	0.00514	0.00900
18	0.01843	0.25618	0.46726	0.02067	0.03130	0.02361	0.02545	0.02585	0.01733	0.02416	0.01384	0.01620	0.01057	0.00764	0.00708	0.00236	0.01120	0.00560	0.00352	0.01176

[dist]
# distance from previous block
# <min> <max>
0	1

[block]
# block no. 1 follows, 22 sequences, length 10
# corresponding to MSA columns:
# 20-29
name=unknown_B
#
# <colnr> <probs for GDERKNQSTAVLIFYWHMCP>
#	G	D	E	R	K	N	Q	S	T	A	V	L	I	F	Y	W	H	M	C	P
0	0.01569	0.01477	0.02492	0.68808	0.05722	0.01846	0.02307	0.02123	0.01661	0.02123	0.01477	0.02215	0.01107	0.00831	0.00831	0.00277	0.01107	0.00738	0.00369	0.00923
1	0.03727	0.01414	0.01928	0.01478	0.02121	0.01221	0.01221	0.04049	0.02378	0.66198	0.03277	0.02828	0.02056	0.01028	0.00835	0.00257	0.00707	0.00835	0.01028	0.01414
2	0.02270	0.20658	0.22837	0.01853	0.02638	0.08608	0.01910	0.03210	0.15473	0.09774	0.01999	0.02035	0.01495	0.00876	0.00737	0.00240	0.00983	0.00659	0.00544	0.01200
3	0.01845	0.01301	0.01512	0.01397	0.01767	0.01337	0.01127	0.08439	0.17374	0.09609	0.12796	0.05748	0.16239	0.01635	0.00955	0.00295	0.00628	0.14139	0.00839	0.01018
4	0.01008	0.00738	0.00948	0.01117	0.01194	0.00678	0.00753	0.01161	0.01629	0.02136	0.05066	0.62352	0.13090	0.02539	0.01050	0.00330	0.00474	0.02284	0.00771	0.00678
5	0.01091	0.00773	0.01022	0.01193	0.01260	0.00738	0.00838	0.01260	0.01602	0.02126	0.04324	0.52363	0.05089	0.10332	0.01437	0.00399	0.00568	0.12177	0.00740	0.00671
6	0.01958	0.01930	0.03018	0.26027	0.41940	0.05916	0.02412	0.02455	0.01843	0.02477	0.01517	0.02075	0.01232	0.00777	0.00821	0.00255	0.01058	0.00727	0.00398	0.01164
7	0.02356	0.01965	0.02646	0.13775	0.28930	0.08220	0.01995	0.03114	0.12421	0.13063	0.02107	0.02328	0.01585	0.00878	0.00823	0.00256	0.00955	0.00769	0.00580	0.01235
8	0.01041	0.00743	0.00997	0.01189	0.01250	0.00699	0.00821	0.01206	0.01619	0.02153	0.04563	0.64931	0.05432	0.02576	0.01068	0.00341	0.00507	0.07411	0.00771	0.00683
9	0.01722	0.03942	0.56492	0.02701	0.09546	0.01945	0.06888	0.02625	0.01780	0.02641	0.01510	0.01814	0.01091	0.00779	0.00805	0.00263	0.01216	0.00650	0.00361	0.01229

[dist]
# distance from previous block
# <min> <max>
0	1

[block]
# block no. 2 follows, 22 sequences, length 58
# corresponding to MSA columns:
# 31-88
name=unknown_C
#
# <colnr> <probs for GDERKNQSTAVLIFYWHMCP>
#	G	D	E	R	K	N	Q	S	T	A	V	L	I	F	Y	W	H	M	C	P
0	0.20551	0.18082	0.36760	0.01845	0.02782	0.02206	0.02171	0.02553	0.01655	0.02759	0.01335	0.01562	0.01017	0.00768	0.00665	0.00243	0.01008	0.00536	0.00393	0.01111
1	0.02056	0.01974	0.03372	0.05099	0.65622	0.01974	0.02550	0.02550	0.01892	0.02714	0.01563	0.02056	0.01316	0.00740	0.00822	0.00247	0.00987	0.00740	0.00411	0.01316
2	0.02228	0.01964	0.01926	0.01892	0.05392	0.13151	0.01426	0.03516	0.31596	0.08195	0.03133	0.04097	0.02662	0.01304	0.00892	0.00288	0.00848	0.13600	0.00748	0.01143
3	0.01577	0.00949	0.01177	0.01062	0.01364	0.00838	0.00817	0.01902	0.02219	0.14324	0.37063	0.06133	0.23976	0.01699	0.00954	0.00266	0.00457	0.01457	0.00892	0.00873
4	0.01961	0.02241	0.04902	0.03501	0.04342	0.02101	0.62605	0.02661	0.01961	0.02661	0.01681	0.02241	0.01261	0.00700	0.00980	0.00280	0.01401	0.00980	0.00420	0.01120
5	0.58802	0.01559	0.01394	0.01187	0.01733	0.01706	0.00978	0.02836	0.01650	0.19031	0.01676	0.01712	0.01183	0.00834	0.00593	0.00257	0.00658	0.00544	0.00640	0.01026
6	0.19466	0.01455	0.01775	0.01395	0.02010	0.01360	0.01152	0.03702	0.02170	0.52719	0.02820	0.02509	0.01807	0.00973	0.00766	0.00257	0.00693	0.00752	0.00917	0.01303
7	0.01208	0.00805	0.00906	0.00906	0.00906	0.00805	0.00503	0.01208	0.01208	0.01611	0.02618	0.05436	0.03020	0.70804	0.04228	0.00805	0.00805	0.01208	0.00503	0.00503
8	0.00993	0.00842	0.00857	0.00853	0.01129	0.00706	0.00640	0.01213	0.01919	0.02305	0.11569	0.07896	0.62094	0.02081	0.00982	0.00279	0.00419	0.01739	0.00779	0.00706
9	0.02269	0.02211	0.01972	0.01779	0.02240	0.14877	0.01372	0.04199	0.52022	0.03193	0.02970	0.02786	0.02249	0.01074	0.00826	0.00268	0.00822	0.00860	0.00764	0.01246
10	0.02245	0.64291	0.04168	0.01485	0.02156	0.03213	0.01450	0.05393	0.01774	0.02116	0.01192	0.01390	0.01084	0.00764	0.00663	0.00191	0.04496	0.00474	0.00379	0.01075
11	0.01208	0.00805	0.00906	0.00906	0.00906	0.00805	0.00503	0.01208	0.01208	0.01611	0.02618	0.05436	0.03020	0.70804	0.04228	0.00805	0.00805	0.01208	0.00503	0.00503
12	0.01042	0.00844	0.00925	0.00904	0.01159	0.00727	0.00678	0.01308	0.02035	0.02579	0.25924	0.07443	0.47568	0.01979	0.00981	0.00275	0.00412	0.01676	0.00816	0.00727
13	0.02036	0.02031	0.03702	0.04754	0.52400	0.02001	0.15507	0.02574	0.01907	0.02703	0.01588	0.02096	0.01304	0.00732	0.00857	0.00254	0.01076	0.00792	0.00413	0.01274
14	0.01665	0.01313	0.01448	0.01295	0.01658	0.01358	0.01014	0.12850	0.15798	0.03337	0.21293	0.05458	0.22677	0.01597	0.00932	0.00274	0.00565	0.03650	0.00836	0.00984
15	0.02221	0.71304	0.04353	0.01421	0.02132	0.03287	0.01421	0.02488	0.01688	0.01955	0.01155	0.01333	0.01066	0.00711	0.00533	0.00178	0.00888	0.00444	0.00355	0.01066
16	0.01165	0.00871	0.01206	0.01206	0.01348	0.00960	0.00904	0.01404	0.01385	0.01918	0.03057	0.04193	0.10092	0.15837	0.49313	0.01121	0.01778	0.01047	0.00495	0.00699
17	0.01351	0.00880	0.01027	0.01020	0.01267	0.00767	0.00746	0.01559	0.01871	0.10207	0.09603	0.24070	0.35764	0.04615	0.01104	0.00311	0.00486	0.01771	0.00801	0.00780
18	0.03103	0.03959	0.02354	0.02140	0.02568	0.67469	0.01605	0.03317	0.02354	0.02033	0.01284	0.01498	0.01070	0.00856	0.00749	0.00214	0.01498	0.00535	0.00428	0.00963
19	0.00999	0.00811	0.00886	0.00934	0.01149	0.00698	0.00675	0.01200	0.01835	0.02262	0.10027	0.24246	0.46953	0.02216	0.01002	0.00295	0.00436	0.01901	0.00778	0.00698
20	0.02026	0.01657	0.01767	0.01575	0.01979	0.01877	0.01200	0.11058	0.44319	0.03351	0.03144	0.06241	0.02599	0.11791	0.01368	0.00360	0.00704	0.01018	0.00788	0.01176
21	0.02056	0.01974	0.03372	0.05099	0.65622	0.01974	0.02550	0.02550	0.01892	0.02714	0.01563	0.02056	0.01316	0.00740	0.00822	0.00247	0.00987	0.00740	0.00411	0.01316
22	0.01054	0.00844	0.00941	0.00917	0.01166	0.00732	0.00688	0.01331	0.02063	0.02647	0.29430	0.07333	0.44020	0.01954	0.00981	0.00273	0.00410	0.01660	0.00824	0.00732
23	0.01012	0.00723	0.00964	0.01157	0.01205	0.00675	0.00771	0.01157	0.01591	0.02121	0.04579	0.70262	0.05495	0.02603	0.01060	0.00337	0.00482	0.02362	0.00771	0.00675
24	0.01053	0.00752	0.01011	0.01203	0.01269	0.00710	0.00842	0.01227	0.01631	0.02166	0.04556	0.62683	0.05406	0.02564	0.01071	0.00343	0.00517	0.09540	0.00770	0.00686
25	0.01228	0.00916	0.01272	0.01252	0.01347	0.01052	0.00920	0.01429	0.01293	0.01836	0.02281	0.03841	0.02308	0.25511	0.44758	0.01121	0.05521	0.00977	0.00458	0.00679
26	0.01233	0.00899	0.01207	0.01375	0.01550	0.00872	0.01145	0.01550	0.01850	0.02388	0.04932	0.20538	0.12445	0.02328	0.01111	0.00361	0.00669	0.42038	0.00767	0.00740
27	0.01243	0.00986	0.01146	0.01147	0.01411	0.00947	0.00908	0.01802	0.09759	0.02725	0.21277	0.07230	0.29894	0.01921	0.01000	0.00298	0.00517	0.14163	0.00815	0.00812
28	0.08369	0.01898	0.02848	0.14701	0.35351	0.05513	0.05875	0.02533	0.05202	0.02666	0.01792	0.06304	0.01555	0.00899	0.00819	0.00260	0.00982	0.00830	0.00460	0.01143
29	0.02531	0.15935	0.02765	0.02322	0.13585	0.17283	0.01615	0.10575	0.12796	0.06217	0.01927	0.02047	0.01508	0.00885	0.00743	0.00230	0.00976	0.00676	0.04205	0.01177
30	0.12056	0.03278	0.02413	0.02589	0.14799	0.46474	0.01702	0.03058	0.02147	0.02377	0.01323	0.01589	0.01097	0.00823	0.00734	0.00226	0.01292	0.00565	0.00435	0.01024
31	0.02056	0.01974	0.03372	0.05099	0.65622	0.01974	0.02550	0.02550	0.01892	0.02714	0.01563	0.02056	0.01316	0.00740	0.00822	0.00247	0.00987	0.00740	0.00411	0.01316
32	0.01165	0.00849	0.01096	0.01034	0.01235	0.00779	0.00776	0.01547	0.02327	0.03272	0.62102	0.06303	0.10958	0.01720	0.00980	0.00262	0.00393	0.01516	0.00907	0.00779
33	0.01744	0.02229	0.15986	0.10054	0.33297	0.01746	0.05082	0.02303	0.01844	0.02558	0.02687	0.03008	0.11900	0.00985	0.00850	0.00260	0.00973	0.00894	0.00455	0.01147
34	0.02066	0.01785	0.01878	0.01691	0.02160	0.02066	0.01315	0.04414	0.64121	0.03475	0.03381	0.03099	0.02536	0.01127	0.00845	0.00282	0.00657	0.00939	0.00845	0.01315
35	0.02731	0.01915	0.02037	0.01609	0.02149	0.02098	0.01314	0.46673	0.03331	0.04668	0.02185	0.02287	0.01603	0.00989	0.00765	0.00235	0.00774	0.00755	0.20640	0.01243
36	0.01203	0.00815	0.00953	0.00944	0.00976	0.00814	0.00565	0.01266	0.01357	0.01841	0.10386	0.05425	0.03574	0.59032	0.06931	0.00764	0.00824	0.01229	0.00552	0.00550
37	0.16805	0.57652	0.03740	0.01357	0.02029	0.03008	0.01319	0.02479	0.01634	0.02302	0.01155	0.01336	0.01034	0.00723	0.00529	0.00193	0.00840	0.00445	0.00386	0.01034
38	0.76672	0.01607	0.01221	0.01092	0.01607	0.01864	0.00900	0.02442	0.01414	0.03727	0.01157	0.01350	0.00900	0.00771	0.00514	0.00257	0.00643	0.00450	0.00514	0.00900
39	0.01012	0.00723	0.00964	0.01157	0.01205	0.00675	0.00771	0.01157	0.01591	0.02121	0.04579	0.70262	0.05495	0.02603	0.01060	0.00337	0.00482	0.02362	0.00771	0.00675
40	0.01191	0.00873	0.01251	0.01251	0.01370	0.00993	0.00934	0.01430	0.01310	0.01866	0.02302	0.03689	0.02262	0.18879	0.55116	0.01231	0.01947	0.00952	0.00456	0.00695
41	0.01156	0.00848	0.01083	0.01025	0.01229	0.00776	0.00768	0.01530	0.02305	0.03221	0.59441	0.06387	0.13650	0.01739	0.00980	0.00263	0.00395	0.01528	0.00900	0.00776
42	0.02221	0.71304	0.04353	0.01421	0.02132	0.03287	0.01421	0.02488	0.01688	0.01955	0.01155	0.01333	0.01066	0.00711	0.00533	0.00178	0.00888	0.00444	0.00355	0.01066
43	0.13926	0.02348	0.15336	0.03778	0.40681	0.01917	0.02334	0.02610	0.01808	0.05459	0.01554	0.01916	0.01228	0.00767	0.00767	0.00252	0.00968	0.00673	0.00441	0.01236
44	0.02257	0.06584	0.25736	0.03157	0.26180	0.01939	0.02404	0.06000	0.02017	0.13165	0.01818	0.02031	0.01334	0.00817	0.00797	0.00251	0.01018	0.00695	0.00510	0.01292
45	0.01189	0.00880	0.01282	0.01282	0.01412	0.01009	0.00972	0.01449	0.01319	0.01889	0.02274	0.03534	0.02194	0.14268	0.59635	0.01269	0.02048	0.00930	0.00452	0.00712
46	0.02824	0.02052	0.09797	0.02144	0.02816	0.01791	0.14779	0.09287	0.02236	0.31347	0.02335	0.02373	0.01589	0.00981	0.01097	0.00275	0.09471	0.00820	0.00720	0.01267
47	0.02504	0.02587	0.02703	0.02912	0.19579	0.21681	0.01910	0.13419	0.02233	0.02782	0.01438	0.01819	0.01203	0.01001	0.01284	0.00267	0.18396	0.00677	0.00479	0.01125
48	0.01080	0.00772	0.01035	0.01156	0.01219	0.00774	0.00787	0.01235	0.01476	0.02000	0.03766	0.45728	0.04372	0.13988	0.15891	0.00625	0.00908	0.01865	0.00659	0.00663
49	0.01091	0.00761	0.00965	0.01097	0.01137	0.00731	0.00716	0.01203	0.01486	0.01978	0.03948	0.46506	0.04673	0.24202	0.02069	0.00488	0.00599	0.05037	0.00686	0.00625
50	0.01822	0.01502	0.01643	0.01494	0.01867	0.01676	0.01143	0.05866	0.41982	0.03354	0.16683	0.07289	0.03810	0.04792	0.01053	0.00305	0.00609	0.01139	0.00839	0.01131
51	0.01396	0.01227	0.01812	0.01666	0.01765	0.01496	0.04449	0.01619	0.01408	0.02025	0.02458	0.20631	0.02658	0.06861	0.20943	0.00656	0.24389	0.01248	0.00506	0.00788
52	0.08436	0.01777	0.08348	0.12691	0.02624	0.01713	0.01507	0.19072	0.02185	0.03159	0.02057	0.06246	0.01799	0.08444	0.12232	0.00491	0.01113	0.00863	0.04242	0.00999
53	0.25267	0.20359	0.13206	0.01728	0.05368	0.08808	0.01577	0.02688	0.01746	0.07574	0.01419	0.01589	0.01107	0.00779	0.00632	0.00227	0.00911	0.00530	0.00470	0.04016
54	0.11275	0.05343	0.14849	0.01686	0.02261	0.13193	0.01562	0.02950	0.17618	0.02992	0.15044	0.02900	0.02813	0.01068	0.00791	0.00255	0.00872	0.00838	0.00626	0.01064
55	0.02461	0.16866	0.05955	0.01678	0.05291	0.05265	0.01395	0.12094	0.02285	0.16606	0.05061	0.02871	0.09603	0.01038	0.00764	0.00227	0.00806	0.00811	0.00667	0.08258
56	0.01660	0.01920	0.12993	0.02300	0.15752	0.04719	0.04283	0.02130	0.02021	0.05640	0.19237	0.07389	0.13863	0.01330	0.00899	0.00264	0.00788	0.01167	0.00637	0.01008
57	0.02163	0.02119	0.02076	0.02198	0.13151	0.18113	0.01432	0.10397	0.05423	0.02708	0.05055	0.02920	0.04573	0.10306	0.07748	0.00410	0.01107	0.00832	0.00553	0.06715

[dist]
# distance from previous block
# <min> <max>
42	166

[block]
# block no. 3 follows, 22 sequences, length 97
# corresponding to MSA columns:
# 276-372
name=unknown_D
#
# <colnr> <probs for GDERKNQSTAVLIFYWHMCP>
#	G	D	E	R	K	N	Q	S	T	A	V	L	I	F	Y	W	H	M	C	P
0	0.13129	0.01785	0.03813	0.01388	0.01840	0.09568	0.01117	0.07658	0.10462	0.08296	0.03564	0.06975	0.15145	0.03995	0.00931	0.00276	0.00740	0.01006	0.03566	0.04749
1	0.01711	0.01601	0.04963	0.01646	0.05442	0.05520	0.01243	0.04558	0.09873	0.05121	0.03600	0.19060	0.12218	0.01708	0.03605	0.00310	0.04856	0.01257	0.00655	0.11054
2	0.02050	0.02054	0.01838	0.07246	0.02310	0.21061	0.01288	0.02438	0.04545	0.04925	0.02223	0.05842	0.04903	0.01951	0.13008	0.00417	0.01206	0.00790	0.00520	0.19384
3	0.01914	0.06323	0.13644	0.04971	0.02292	0.17480	0.01514	0.05342	0.01994	0.02477	0.03057	0.08766	0.12485	0.01421	0.03371	0.00288	0.00988	0.00969	0.09767	0.00938
4	0.06859	0.01941	0.02066	0.05605	0.13829	0.10567	0.01498	0.14880	0.07594	0.03121	0.03472	0.03714	0.16645	0.01232	0.00848	0.00261	0.00854	0.03296	0.00641	0.01075
5	0.02073	0.04928	0.09096	0.01774	0.02316	0.07509	0.01550	0.08088	0.21066	0.02978	0.04475	0.02325	0.01841	0.01017	0.01067	0.00249	0.11269	0.00741	0.00600	0.15037
6	0.02120	0.13216	0.16850	0.05384	0.02692	0.11916	0.01911	0.09852	0.01974	0.02554	0.01644	0.07515	0.01489	0.01114	0.01199	0.00270	0.16014	0.00772	0.00461	0.01055
7	0.02208	0.02111	0.10185	0.02314	0.14498	0.01808	0.01709	0.16340	0.09982	0.06600	0.02333	0.02434	0.05104	0.00916	0.00786	0.00228	0.00829	0.00757	0.00623	0.18234
8	0.09163	0.02671	0.02325	0.02234	0.09173	0.29050	0.01600	0.08171	0.02227	0.14430	0.01710	0.01874	0.01297	0.00954	0.01004	0.00251	0.09538	0.00647	0.00571	0.01111
9	0.13215	0.13757	0.22205	0.01691	0.02388	0.11520	0.01739	0.02487	0.04277	0.02595	0.04615	0.05199	0.09011	0.01054	0.00743	0.00247	0.00949	0.00796	0.00493	0.01018
10	0.02431	0.18094	0.02666	0.02039	0.07561	0.31291	0.01506	0.05240	0.02020	0.02176	0.01517	0.01978	0.01348	0.04553	0.11737	0.00417	0.01384	0.00627	0.00434	0.00980
11	0.01200	0.00880	0.01285	0.01277	0.01433	0.00996	0.00989	0.01512	0.01477	0.02148	0.10013	0.03620	0.02790	0.05460	0.56620	0.01157	0.01925	0.00961	0.03508	0.00748
12	0.01827	0.02965	0.31683	0.10837	0.31159	0.01940	0.02757	0.02539	0.01804	0.02612	0.01521	0.01937	0.01175	0.00772	0.00808	0.00257	0.01108	0.00683	0.00379	0.01233
13	0.02056	0.01974	0.03372	0.05099	0.65622	0.01974	0.02550	0.02550	0.01892	0.02714	0.01563	0.02056	0.01316	0.00740	0.00822	0.00247	0.00987	0.00740	0.00411	0.01316
14	0.00987	0.00820	0.00864	0.00898	0.01137	0.00697	0.00656	0.01186	0.01839	0.02222	0.07725	0.19211	0.54515	0.02194	0.00996	0.00291	0.00432	0.01863	0.00771	0.00697
15	0.01588	0.01613	0.01322	0.01246	0.01590	0.13757	0.00943	0.02191	0.13400	0.02430	0.06124	0.05851	0.41456	0.01685	0.00912	0.00268	0.00671	0.01370	0.00719	0.00864
16	0.00984	0.00835	0.00849	0.00859	0.01127	0.00700	0.00639	0.01190	0.01876	0.02237	0.08198	0.11528	0.61892	0.02132	0.00986	0.00284	0.00424	0.01788	0.00771	0.00700
17	0.02258	0.02282	0.03236	0.02490	0.03010	0.10086	0.22172	0.13555	0.02156	0.02881	0.01512	0.01946	0.01217	0.00972	0.01371	0.00276	0.19805	0.00773	0.00487	0.07514
18	0.02107	0.02577	0.13052	0.06724	0.43385	0.10311	0.04706	0.02647	0.01923	0.02589	0.01517	0.01951	0.01234	0.00765	0.00814	0.00248	0.01109	0.00703	0.00403	0.01235
19	0.02802	0.02442	0.10268	0.01907	0.02592	0.02344	0.01698	0.50485	0.03455	0.04665	0.02139	0.07428	0.01695	0.01100	0.00844	0.00258	0.00918	0.00861	0.00767	0.01331
20	0.01666	0.04297	0.66500	0.02368	0.03596	0.01929	0.03069	0.02631	0.01754	0.02631	0.01491	0.01754	0.01052	0.00789	0.00789	0.00263	0.01228	0.00614	0.00351	0.01228
21	0.01016	0.00745	0.00955	0.01109	0.01196	0.00684	0.00753	0.01183	0.01670	0.02199	0.08191	0.58609	0.13662	0.02489	0.01046	0.00326	0.00469	0.02236	0.00779	0.00684
22	0.01010	0.00733	0.00954	0.01130	0.01198	0.00677	0.00759	0.01160	0.01616	0.02131	0.04903	0.64994	0.10553	0.02560	0.01054	0.00333	0.00477	0.02310	0.00771	0.00677
23	0.03103	0.03959	0.02354	0.02140	0.02568	0.67469	0.01605	0.03317	0.02354	0.02033	0.01284	0.01498	0.01070	0.00856	0.00749	0.00214	0.01498	0.00535	0.00428	0.00963
24	0.02008	0.01180	0.01362	0.01163	0.01581	0.01080	0.00920	0.09603	0.02311	0.19979	0.11039	0.05708	0.35466	0.01643	0.00924	0.00269	0.00556	0.01360	0.00860	0.00989
25	0.12654	0.30011	0.06200	0.01728	0.02319	0.30178	0.01511	0.02840	0.01936	0.02262	0.01227	0.01426	0.01045	0.00784	0.00635	0.00208	0.01130	0.00492	0.00407	0.01008
26	0.15847	0.54258	0.07727	0.01421	0.02129	0.02940	0.01430	0.02488	0.01642	0.02323	0.01177	0.01362	0.01035	0.00727	0.00546	0.00198	0.00865	0.00456	0.00384	0.01046
27	0.01027	0.00843	0.00904	0.00889	0.01150	0.00721	0.00667	0.01280	0.02000	0.02497	0.21628	0.07578	0.51915	0.02010	0.00981	0.00276	0.00414	0.01695	0.00805	0.00721
28	0.01147	0.00890	0.01071	0.01146	0.01382	0.00815	0.00939	0.01444	0.01940	0.02437	0.11545	0.08417	0.35210	0.02149	0.01051	0.00321	0.00562	0.26019	0.00781	0.00735
29	0.02169	0.02188	0.03262	0.04779	0.58806	0.09054	0.02447	0.02633	0.01942	0.02640	0.01533	0.01996	0.01289	0.00753	0.00815	0.00243	0.01042	0.00718	0.00413	0.01278
30	0.01468	0.01243	0.01908	0.01685	0.01862	0.01500	0.06744	0.01782	0.01425	0.02158	0.01936	0.02768	0.01749	0.03819	0.36117	0.00842	0.19659	0.00841	0.09671	0.00824
31	0.02296	0.65606	0.04184	0.01482	0.02169	0.08717	0.01437	0.02558	0.01744	0.01961	0.01166	0.01347	0.01066	0.00723	0.00551	0.00181	0.00940	0.00452	0.00362	0.01057
32	0.76672	0.01607	0.01221	0.01092	0.01607	0.01864	0.00900	0.02442	0.01414	0.03727	0.01157	0.01350	0.00900	0.00771	0.00514	0.00257	0.00643	0.00450	0.00514	0.00900
33	0.01933	0.02507	0.24740	0.01846	0.02537	0.01735	0.01915	0.19226	0.02455	0.03415	0.12256	0.03740	0.02844	0.01524	0.04670	0.00337	0.00995	0.09570	0.00642	0.01113
34	0.01058	0.00845	0.00948	0.00922	0.01169	0.00734	0.00691	0.01340	0.02074	0.02673	0.30781	0.07290	0.42653	0.01944	0.00981	0.00273	0.00409	0.01654	0.00828	0.00734
35	0.01714	0.04010	0.58711	0.02705	0.11248	0.01935	0.03005	0.02621	0.01771	0.02641	0.01500	0.01791	0.01085	0.00783	0.00793	0.00261	0.01198	0.00629	0.00358	0.01239
36	0.03031	0.09575	0.02530	0.02068	0.02532	0.58785	0.01588	0.06233	0.02376	0.02187	0.01309	0.01509	0.01087	0.00851	0.00735	0.00213	0.01417	0.00538	0.00442	0.00994
37	0.01101	0.00855	0.01007	0.00993	0.01227	0.00761	0.00761	0.01409	0.02105	0.02763	0.34087	0.07291	0.33856	0.01934	0.00995	0.00280	0.00437	0.06558	0.00836	0.00745
38	0.02172	0.16026	0.37564	0.02104	0.03049	0.11601	0.02364	0.10818	0.02118	0.02775	0.01469	0.01674	0.01106	0.00813	0.00743	0.00239	0.01163	0.00590	0.00427	0.01186
39	0.02036	0.02093	0.06596	0.04960	0.62454	0.01972	0.02576	0.02554	0.01885	0.02710	0.01559	0.02041	0.01302	0.00743	0.00821	0.00248	0.00999	0.00734	0.00408	0.01311
40	0.01538	0.00962	0.01129	0.01070	0.01371	0.00855	0.00807	0.01868	0.04645	0.13652	0.12711	0.18107	0.34293	0.01920	0.00964	0.00285	0.00489	0.01641	0.00835	0.00857
41	0.01550	0.00993	0.01111	0.01030	0.01381	0.00868	0.00805	0.01882	0.04656	0.14044	0.07050	0.06907	0.47881	0.01874	0.00958	0.00282	0.00501	0.04543	0.00821	0.00862
42	0.01187	0.00890	0.01335	0.01335	0.01483	0.01038	0.01038	0.01483	0.01335	0.01928	0.02225	0.03264	0.02077	0.06231	0.67512	0.01335	0.02225	0.00890	0.00445	0.00742
43	0.01187	0.00890	0.01335	0.01335	0.01483	0.01038	0.01038	0.01483	0.01335	0.01928	0.02225	0.03264	0.02077	0.06231	0.67512	0.01335	0.02225	0.00890	0.00445	0.00742
44	0.01052	0.00752	0.01010	0.01203	0.01269	0.00709	0.00841	0.01226	0.01630	0.02166	0.04557	0.62749	0.05406	0.02565	0.01071	0.00343	0.00517	0.09477	0.00770	0.00686
45	0.03103	0.03959	0.02354	0.02140	0.02568	0.67469	0.01605	0.03317	0.02354	0.02033	0.01284	0.01498	0.01070	0.00856	0.00749	0.00214	0.01498	0.00535	0.00428	0.00963
46	0.01723	0.01477	0.01723	0.01230	0.01969	0.01107	0.00984	0.02092	0.01723	0.02707	0.01477	0.01723	0.01230	0.00615	0.00615	0.00123	0.00615	0.00492	0.00492	0.75883
47	0.01549	0.00774	0.00774	0.00774	0.00968	0.00774	0.00581	0.01936	0.01742	0.03097	0.02710	0.03097	0.02129	0.00968	0.00581	0.00194	0.00387	0.00774	0.75416	0.00774
48	0.03158	0.02327	0.02493	0.01911	0.02576	0.02576	0.01579	0.62852	0.03906	0.05236	0.01995	0.01995	0.01413	0.00997	0.00831	0.00249	0.00914	0.00748	0.00831	0.01413
49	0.01145	0.00840	0.01021	0.00981	0.01157	0.00772	0.00703	0.01430	0.02054	0.02807	0.42817	0.06408	0.17972	0.14456	0.01576	0.00365	0.00473	0.01497	0.00812	0.00717
50	0.01011	0.00729	0.00958	0.01141	0.01201	0.00676	0.00764	0.01159	0.01606	0.02127	0.04776	0.67065	0.08565	0.02577	0.01056	0.00334	0.00479	0.02330	0.00771	0.00676
51	0.02849	0.02029	0.02164	0.01693	0.02268	0.02231	0.01388	0.51170	0.03491	0.04825	0.02132	0.02206	0.01550	0.00992	0.00783	0.00239	0.00813	0.00753	0.15135	0.01290
52	0.03727	0.01414	0.01928	0.01478	0.02121	0.01221	0.01221	0.04049	0.02378	0.66198	0.03277	0.02828	0.02056	0.01028	0.00835	0.00257	0.00707	0.00835	0.01028	0.01414
53	0.01187	0.00890	0.01335	0.01335	0.01483	0.01038	0.01038	0.01483	0.01335	0.01928	0.02225	0.03264	0.02077	0.06231	0.67512	0.01335	0.02225	0.00890	0.00445	0.00742
54	0.01208	0.00805	0.00906	0.00906	0.00906	0.00805	0.00503	0.01208	0.01208	0.01611	0.02618	0.05436	0.03020	0.70804	0.04228	0.00805	0.00805	0.01208	0.00503	0.00503
55	0.01056	0.00755	0.01012	0.01191	0.01263	0.00711	0.00833	0.01239	0.01664	0.02222	0.07655	0.60409	0.05537	0.02523	0.01066	0.00338	0.00508	0.08552	0.00778	0.00690
56	0.02341	0.62148	0.04081	0.01519	0.02191	0.12013	0.01446	0.02600	0.01779	0.01965	0.01173	0.01355	0.01067	0.00730	0.00562	0.00183	0.00971	0.00457	0.00365	0.01052
57	0.01094	0.00846	0.00997	0.00959	0.01191	0.00749	0.00719	0.01409	0.02158	0.02871	0.41169	0.06963	0.32141	0.01870	0.00981	0.00269	0.00404	0.01609	0.00854	0.00749
58	0.02069	0.02133	0.03795	0.04498	0.44561	0.04602	0.20709	0.02614	0.01931	0.02671	0.01587	0.02090	0.01289	0.00733	0.00867	0.00256	0.01132	0.00805	0.00415	0.01243
59	0.01983	0.02076	0.06951	0.04562	0.52573	0.01967	0.06822	0.02498	0.01842	0.02645	0.01574	0.02090	0.01318	0.00985	0.03529	0.00298	0.03868	0.00756	0.00408	0.01258
60	0.12136	0.07046	0.02315	0.01975	0.02428	0.56156	0.01509	0.03168	0.02205	0.02238	0.01262	0.01471	0.01049	0.00838	0.00709	0.00218	0.01362	0.00520	0.00435	0.00960
61	0.01735	0.12565	0.58832	0.02251	0.03415	0.02097	0.02866	0.02613	0.01746	0.02547	0.01449	0.01702	0.01054	0.00780	0.00758	0.00253	0.01186	0.00593	0.00351	0.01208
62	0.02397	0.02697	0.02358	0.02457	0.12484	0.32595	0.01678	0.02670	0.01926	0.02228	0.01471	0.01907	0.01269	0.01285	0.04971	0.00314	0.16337	0.00653	0.07325	0.00978
63	0.01159	0.00849	0.01088	0.01028	0.01231	0.00777	0.00771	0.01536	0.02313	0.03239	0.60381	0.06357	0.12699	0.01733	0.00980	0.00263	0.00394	0.01524	0.00902	0.00777
64	0.01012	0.00723	0.00964	0.01157	0.01205	0.00675	0.00771	0.01157	0.01591	0.02121	0.04579	0.70262	0.05495	0.02603	0.01060	0.00337	0.00482	0.02362	0.00771	0.00675
65	0.02221	0.71304	0.04353	0.01421	0.02132	0.03287	0.01421	0.02488	0.01688	0.01955	0.01155	0.01333	0.01066	0.00711	0.00533	0.00178	0.00888	0.00444	0.00355	0.01066
66	0.01339	0.00956	0.01339	0.01530	0.01721	0.00956	0.01339	0.01721	0.01912	0.02486	0.04399	0.09371	0.04781	0.02295	0.01147	0.00382	0.00765	0.60031	0.00765	0.00765
67	0.01549	0.00774	0.00774	0.00774	0.00968	0.00774	0.00581	0.01936	0.01742	0.03097	0.02710	0.03097	0.02129	0.00968	0.00581	0.00194	0.00387	0.00774	0.75416	0.00774
68	0.12727	0.01438	0.01841	0.01430	0.02057	0.01300	0.01181	0.03850	0.02259	0.58490	0.03016	0.02645	0.01914	0.00996	0.00796	0.00257	0.00699	0.00788	0.00965	0.01350
69	0.03359	0.02005	0.02294	0.01759	0.02416	0.02099	0.01453	0.42125	0.03367	0.26723	0.02447	0.02288	0.01640	0.01008	0.00833	0.00252	0.00841	0.00779	0.00901	0.01413
70	0.01723	0.01477	0.01723	0.01230	0.01969	0.01107	0.00984	0.02092	0.01723	0.02707	0.01477	0.01723	0.01230	0.00615	0.00615	0.00123	0.00615	0.00492	0.00492	0.75883
71	0.76672	0.01607	0.01221	0.01092	0.01607	0.01864	0.00900	0.02442	0.01414	0.03727	0.01157	0.01350	0.00900	0.00771	0.00514	0.00257	0.00643	0.00450	0.00514	0.00900
72	0.76672	0.01607	0.01221	0.01092	0.01607	0.01864	0.00900	0.02442	0.01414	0.03727	0.01157	0.01350	0.00900	0.00771	0.00514	0.00257	0.00643	0.00450	0.00514	0.00900
73	0.02056	0.01974	0.03372	0.05099	0.65622	0.01974	0.02550	0.02550	0.01892	0.02714	0.01563	0.02056	0.01316	0.00740	0.00822	0.00247	0.00987	0.00740	0.00411	0.01316
74	0.03158	0.02327	0.02493	0.01911	0.02576	0.02576	0.01579	0.62852	0.03906	0.05236	0.01995	0.01995	0.01413	0.00997	0.00831	0.00249	0.00914	0.00748	0.00831	0.01413
75	0.01011	0.00728	0.00959	0.01143	0.01201	0.00676	0.00765	0.01158	0.01604	0.02126	0.04749	0.67500	0.08147	0.02581	0.01057	0.00335	0.00479	0.02335	0.00771	0.00676
76	0.01142	0.00856	0.01104	0.01063	0.01266	0.00818	0.00805	0.01483	0.02073	0.02863	0.42693	0.05970	0.17274	0.02642	0.13740	0.00471	0.00749	0.01431	0.00798	0.00761
77	0.00987	0.00821	0.00863	0.00897	0.01137	0.00697	0.00656	0.01186	0.01841	0.02223	0.07746	0.18858	0.54854	0.02191	0.00996	0.00290	0.00431	0.01859	0.00771	0.00697
78	0.03238	0.01306	0.01771	0.01395	0.01952	0.01137	0.01137	0.03573	0.02373	0.54141	0.15150	0.03475	0.03165	0.01157	0.00863	0.00258	0.00646	0.00963	0.01006	0.01293
79	0.03108	0.03804	0.02367	0.02118	0.02569	0.61285	0.01603	0.08991	0.02502	0.02338	0.01352	0.01545	0.01103	0.00870	0.00757	0.00217	0.01442	0.00555	0.00466	0.01006
80	0.02024	0.02027	0.03681	0.04609	0.48975	0.02028	0.16074	0.02550	0.01880	0.02670	0.01568	0.02087	0.01293	0.00763	0.00943	0.00259	0.04110	0.00794	0.00411	0.01254
81	0.01010	0.00733	0.00954	0.01130	0.01198	0.00677	0.00759	0.01160	0.01616	0.02131	0.04903	0.64994	0.10553	0.02560	0.01054	0.00333	0.00477	0.02310	0.00771	0.00677
82	0.01208	0.00805	0.00906	0.00906	0.00906	0.00805	0.00503	0.01208	0.01208	0.01611	0.02618	0.05436	0.03020	0.70804	0.04228	0.00805	0.00805	0.01208	0.00503	0.00503
83	0.67672	0.01583	0.01308	0.01140	0.01670	0.01784	0.00939	0.02640	0.01533	0.11435	0.01418	0.01532	0.01042	0.00803	0.00554	0.00257	0.00651	0.00497	0.00578	0.00963
84	0.01191	0.00875	0.01256	0.01256	0.01378	0.00996	0.00940	0.01433	0.01312	0.01870	0.02297	0.03662	0.02250	0.18079	0.55901	0.01238	0.01965	0.00948	0.00456	0.00698
85	0.06089	0.42483	0.11311	0.01645	0.02333	0.12679	0.01610	0.04943	0.01851	0.02268	0.01310	0.01546	0.01127	0.01070	0.04409	0.00266	0.01088	0.00517	0.00398	0.01057
86	0.02012	0.01581	0.01682	0.01438	0.01885	0.01684	0.01137	0.23734	0.17106	0.03623	0.06952	0.07211	0.23505	0.01491	0.00900	0.00271	0.00652	0.01224	0.00815	0.01098
87	0.02991	0.02205	0.02395	0.01863	0.02484	0.02446	0.01533	0.57660	0.03688	0.04956	0.02014	0.02102	0.01469	0.01440	0.06473	0.00341	0.01025	0.00760	0.00798	0.01356
88	0.01892	0.01471	0.01740	0.01251	0.01982	0.01117	0.01004	0.02257	0.01778	0.08079	0.01629	0.01816	0.01300	0.00650	0.00634	0.00134	0.00623	0.00521	0.00538	0.69582
89	0.01076	0.00764	0.01001	0.01126	0.01203	0.00720	0.00770	0.01262	0.01707	0.02309	0.15627	0.49316	0.05651	0.09289	0.01368	0.00372	0.00510	0.04477	0.00771	0.00682
90	0.02659	0.15780	0.02996	0.02807	0.19519	0.38003	0.01827	0.02958	0.02107	0.02203	0.01336	0.01618	0.01136	0.00798	0.00729	0.00216	0.01248	0.00574	0.00410	0.01077
91	0.01569	0.01477	0.02492	0.68808	0.05722	0.01846	0.02307	0.02123	0.01661	0.02123	0.01477	0.02215	0.01107	0.00831	0.00831	0.00277	0.01107	0.00738	0.00369	0.00923
92	0.00982	0.00842	0.00842	0.00842	0.01122	0.00701	0.00631	0.01192	0.01894	0.02244	0.08416	0.07995	0.65285	0.02104	0.00982	0.00281	0.00421	0.01753	0.00771	0.00701
93	0.02299	0.02489	0.02962	0.12453	0.39512	0.21055	0.02243	0.02718	0.01997	0.02439	0.01470	0.01914	0.01217	0.00786	0.00802	0.00241	0.01152	0.00680	0.00411	0.01162
94	0.02944	0.12105	0.02657	0.02191	0.05677	0.53735	0.01629	0.05498	0.02309	0.02182	0.01310	0.01525	0.01095	0.00838	0.00729	0.00213	0.01374	0.00542	0.00434	0.01011
95	0.01163	0.00879	0.01100	0.01177	0.01388	0.00816	0.00951	0.01473	0.01970	0.02548	0.17903	0.12927	0.25422	0.02136	0.01053	0.00321	0.00555	0.24680	0.00797	0.00741
96	0.02018	0.11262	0.35116	0.02695	0.10802	0.11536	0.09957	0.02707	0.01875	0.02482	0.01455	0.01766	0.01114	0.00773	0.00782	0.00247	0.01221	0.00644	0.00378	0.01169

[dist]
# distance from previous block
# <min> <max>
3	144

[block]
# block no. 4 follows, 22 sequences, length 50
# corresponding to MSA columns:
# 517-566
name=unknown_E
#
# <colnr> <probs for GDERKNQSTAVLIFYWHMCP>
#	G	D	E	R	K	N	Q	S	T	A	V	L	I	F	Y	W	H	M	C	P
0	0.21581	0.01579	0.01928	0.02356	0.20267	0.01710	0.01388	0.02648	0.15628	0.02912	0.02096	0.02844	0.01854	0.16162	0.01491	0.00380	0.00782	0.00811	0.00556	0.01028
1	0.09357	0.17085	0.02489	0.01610	0.02082	0.07306	0.01346	0.21585	0.02363	0.03229	0.04377	0.04991	0.01794	0.04369	0.06630	0.00359	0.06621	0.00765	0.00583	0.01062
2	0.01061	0.00845	0.00952	0.00925	0.01171	0.00735	0.00694	0.01346	0.02082	0.02691	0.31723	0.07260	0.41699	0.01937	0.00981	0.00273	0.00409	0.01650	0.00830	0.00735
3	0.01825	0.03190	0.33322	0.02978	0.03997	0.02022	0.35136	0.02647	0.01865	0.02647	0.01593	0.02016	0.01164	0.00741	0.00892	0.00272	0.01321	0.00811	0.00388	0.01170
4	0.00996	0.00842	0.00862	0.00857	0.01131	0.00707	0.00643	0.01220	0.01928	0.02325	0.12657	0.07861	0.60993	0.02074	0.00982	0.00279	0.00419	0.01735	0.00782	0.00707
5	0.02454	0.17586	0.02676	0.01951	0.05808	0.18435	0.01502	0.08960	0.26346	0.02907	0.02152	0.02161	0.01684	0.00936	0.00751	0.00237	0.00956	0.00703	0.00610	0.01183
6	0.01549	0.00774	0.00774	0.00774	0.00968	0.00774	0.00581	0.01936	0.01742	0.03097	0.02710	0.03097	0.02129	0.00968	0.00581	0.00194	0.00387	0.00774	0.75416	0.00774
7	0.02246	0.01447	0.01520	0.01267	0.01665	0.01556	0.01014	0.28346	0.02680	0.04024	0.02400	0.02619	0.01819	0.00981	0.00689	0.00218	0.00616	0.00763	0.43079	0.01051
8	0.01111	0.00794	0.01077	0.01270	0.01361	0.00760	0.00943	0.01328	0.01688	0.02231	0.04524	0.51839	0.05279	0.02510	0.01087	0.00351	0.00568	0.19810	0.00769	0.00702
9	0.02677	0.36479	0.03319	0.01793	0.02358	0.36477	0.01516	0.02917	0.02033	0.01995	0.01222	0.01418	0.01068	0.00786	0.00645	0.00196	0.01204	0.00491	0.00393	0.01013
10	0.01358	0.01057	0.01544	0.05483	0.09672	0.01048	0.01286	0.01757	0.02065	0.02830	0.29234	0.09484	0.05453	0.01785	0.01016	0.00307	0.00643	0.22372	0.00762	0.00846
11	0.01100	0.00801	0.01035	0.01072	0.01219	0.00737	0.00768	0.01385	0.02031	0.02795	0.38167	0.30412	0.11249	0.02068	0.01010	0.00291	0.00428	0.01844	0.00850	0.00737
12	0.03103	0.03959	0.02354	0.02140	0.02568	0.67469	0.01605	0.03317	0.02354	0.02033	0.01284	0.01498	0.01070	0.00856	0.00749	0.00214	0.01498	0.00535	0.00428	0.00963
13	0.01188	0.00886	0.01315	0.01315	0.01457	0.01028	0.01014	0.01471	0.01329	0.01914	0.02243	0.03364	0.02121	0.09226	0.64577	0.01311	0.02159	0.00905	0.00448	0.00731
14	0.01606	0.01561	0.01558	0.01511	0.01721	0.15570	0.01162	0.01885	0.01558	0.01951	0.02019	0.02877	0.01857	0.05055	0.52908	0.01090	0.02066	0.00812	0.00441	0.00790
15	0.02311	0.01857	0.02902	0.03977	0.45317	0.01875	0.02140	0.03091	0.12437	0.12466	0.02129	0.02349	0.01633	0.00849	0.00828	0.00254	0.00889	0.00788	0.00578	0.01331
16	0.01505	0.01221	0.01413	0.05056	0.01838	0.01297	0.01086	0.02551	0.23765	0.02954	0.16727	0.05565	0.17512	0.01585	0.00929	0.00286	0.00580	0.09014	0.04160	0.00957
17	0.02724	0.03235	0.02263	0.05948	0.08588	0.49256	0.01607	0.03006	0.02195	0.02236	0.01499	0.01790	0.01228	0.00857	0.00740	0.00218	0.01289	0.00596	0.09755	0.00971
18	0.01577	0.01450	0.02361	0.59448	0.05189	0.01784	0.02171	0.02217	0.05164	0.02228	0.01827	0.02862	0.01494	0.00969	0.00858	0.00286	0.01054	0.05701	0.00429	0.00932
19	0.01965	0.06653	0.24716	0.02866	0.08690	0.07799	0.21700	0.02607	0.01820	0.02481	0.01472	0.01899	0.01148	0.00841	0.01077	0.00271	0.09738	0.00740	0.00387	0.01130
20	0.67338	0.01941	0.09345	0.01251	0.01854	0.01872	0.01170	0.02466	0.01456	0.03591	0.01198	0.01400	0.00919	0.00773	0.00548	0.00258	0.00715	0.00470	0.00494	0.00941
21	0.01266	0.00795	0.00883	0.00892	0.00932	0.00793	0.00531	0.01350	0.01332	0.01930	0.02729	0.08046	0.02961	0.53733	0.03355	0.00662	0.00707	0.01177	0.15361	0.00565
22	0.01084	0.00753	0.00943	0.01065	0.01095	0.00723	0.00673	0.01176	0.01450	0.01934	0.03860	0.46519	0.04588	0.27582	0.02221	0.00509	0.00600	0.01939	0.00673	0.00612
23	0.01176	0.00849	0.01110	0.01045	0.01241	0.00784	0.00784	0.01568	0.02352	0.03331	0.65184	0.06206	0.07839	0.01698	0.00980	0.00261	0.00392	0.01502	0.00914	0.00784
24	0.01773	0.00995	0.01219	0.01078	0.01426	0.00866	0.00839	0.02074	0.02176	0.19503	0.26249	0.06025	0.29165	0.01683	0.00942	0.00268	0.00487	0.01426	0.00888	0.00917
25	0.03103	0.03959	0.02354	0.02140	0.02568	0.67469	0.01605	0.03317	0.02354	0.02033	0.01284	0.01498	0.01070	0.00856	0.00749	0.00214	0.01498	0.00535	0.00428	0.00963
26	0.01666	0.04297	0.66500	0.02368	0.03596	0.01929	0.03069	0.02631	0.01754	0.02631	0.01491	0.01754	0.01052	0.00789	0.00789	0.00263	0.01228	0.00614	0.00351	0.01228
27	0.01228	0.00841	0.01075	0.01075	0.01181	0.00899	0.00756	0.01419	0.01369	0.01971	0.02779	0.04329	0.05964	0.29786	0.31522	0.00934	0.01359	0.01044	0.09815	0.00653
28	0.03103	0.03959	0.02354	0.02140	0.02568	0.67469	0.01605	0.03317	0.02354	0.02033	0.01284	0.01498	0.01070	0.00856	0.00749	0.00214	0.01498	0.00535	0.00428	0.00963
29	0.01927	0.01843	0.03139	0.21926	0.49801	0.01940	0.02486	0.02437	0.01831	0.02558	0.01540	0.02098	0.01261	0.00764	0.00825	0.00255	0.01019	0.00740	0.00400	0.01212
30	0.08169	0.01279	0.01476	0.01270	0.01643	0.01295	0.01000	0.12447	0.05958	0.10827	0.35553	0.04621	0.08282	0.01415	0.00892	0.00261	0.00554	0.01192	0.00868	0.00997
31	0.01569	0.01477	0.02492	0.68808	0.05722	0.01846	0.02307	0.02123	0.01661	0.02123	0.01477	0.02215	0.01107	0.00831	0.00831	0.00277	0.01107	0.00738	0.00369	0.00923
32	0.01187	0.00890	0.01335	0.01335	0.01483	0.01038	0.01038	0.01483	0.01335	0.01928	0.02225	0.03264	0.02077	0.06231	0.67512	0.01335	0.02225	0.00890	0.00445	0.00742
33	0.02003	0.35379	0.34101	0.01916	0.02859	0.06191	0.02223	0.02602	0.01757	0.02284	0.01323	0.01544	0.01060	0.00757	0.00668	0.00221	0.01085	0.00531	0.00357	0.01138
34	0.01569	0.01477	0.02492	0.68808	0.05722	0.01846	0.02307	0.02123	0.01661	0.02123	0.01477	0.02215	0.01107	0.00831	0.00831	0.00277	0.01107	0.00738	0.00369	0.00923
35	0.01012	0.00723	0.00964	0.01157	0.01205	0.00675	0.00771	0.01157	0.01591	0.02121	0.04579	0.70262	0.05495	0.02603	0.01060	0.00337	0.00482	0.02362	0.00771	0.00675
36	0.02056	0.01974	0.03372	0.05099	0.65622	0.01974	0.02550	0.02550	0.01892	0.02714	0.01563	0.02056	0.01316	0.00740	0.00822	0.00247	0.00987	0.00740	0.00411	0.01316
37	0.01982	0.02182	0.04567	0.03851	0.17747	0.02073	0.49468	0.02637	0.01946	0.02673	0.01655	0.02200	0.01273	0.00709	0.00946	0.00273	0.01310	0.00928	0.00418	0.01163
38	0.01176	0.00849	0.01110	0.01045	0.01241	0.00784	0.00784	0.01568	0.02352	0.03331	0.65184	0.06206	0.07839	0.01698	0.00980	0.00261	0.00392	0.01502	0.00914	0.00784
39	0.01012	0.00723	0.00964	0.01157	0.01205	0.00675	0.00771	0.01157	0.01591	0.02121	0.04579	0.70262	0.05495	0.02603	0.01060	0.00337	0.00482	0.02362	0.00771	0.00675
40	0.05414	0.14265	0.02359	0.01618	0.02008	0.10994	0.01334	0.15680	0.02142	0.02896	0.01713	0.02190	0.01466	0.05317	0.06802	0.00365	0.11910	0.00690	0.09835	0.01002
41	0.02057	0.01960	0.03260	0.04844	0.60881	0.01981	0.02457	0.02689	0.06541	0.02771	0.01698	0.02134	0.01407	0.00769	0.00824	0.00249	0.00962	0.00755	0.00444	0.01316
42	0.01550	0.01435	0.02142	0.01882	0.01992	0.01863	0.04726	0.01809	0.01337	0.02004	0.01618	0.02472	0.01531	0.03501	0.30944	0.00784	0.36352	0.00812	0.00402	0.00847
43	0.01006	0.00749	0.00937	0.01088	0.01187	0.00681	0.00741	0.01165	0.01657	0.02148	0.05418	0.56641	0.18574	0.02494	0.01043	0.00325	0.00469	0.02229	0.00771	0.00681
44	0.01723	0.01477	0.01723	0.01230	0.01969	0.01107	0.00984	0.02092	0.01723	0.02707	0.01477	0.01723	0.01230	0.00615	0.00615	0.00123	0.00615	0.00492	0.00492	0.75883
45	0.02559	0.02794	0.10749	0.03180	0.25704	0.16222	0.02124	0.20562	0.02570	0.03303	0.01622	0.01880	0.01259	0.00847	0.00805	0.00243	0.01105	0.00683	0.00531	0.01258
46	0.02268	0.67740	0.04247	0.01460	0.02155	0.06684	0.01431	0.02531	0.01723	0.01959	0.01162	0.01341	0.01066	0.00718	0.00544	0.00180	0.00921	0.00449	0.00359	0.01061
47	0.01012	0.00723	0.00964	0.01157	0.01205	0.00675	0.00771	0.01157	0.01591	0.02121	0.04579	0.70262	0.05495	0.02603	0.01060	0.00337	0.00482	0.02362	0.00771	0.00675
48	0.01045	0.00842	0.00936	0.00999	0.01202	0.00756	0.00716	0.01332	0.04730	0.02257	0.06747	0.30976	0.40021	0.02244	0.01005	0.00302	0.00455	0.01941	0.00775	0.00721
49	0.02622	0.02899	0.02437	0.02595	0.14955	0.33598	0.01714	0.06640	0.18801	0.02723	0.01936	0.02062	0.01528	0.00913	0.00794	0.00240	0.01142	0.00695	0.00557	0.01151

[dist]
# distance from previous block
# <min> <max>
0	1

[block]
# block no. 5 follows, 22 sequences, length 45
# corresponding to MSA columns:
# 568-612
name=unknown_F
#
# <colnr> <probs for GDERKNQSTAVLIFYWHMCP>
#	G	D	E	R	K	N	Q	S	T	A	V	L	I	F	Y	W	H	M	C	P
0	0.03066	0.02238	0.02395	0.01847	0.02484	0.02473	0.01522	0.59376	0.03782	0.05114	0.02035	0.02057	0.01454	0.00996	0.00817	0.00246	0.00884	0.00749	0.05087	0.01376
1	0.17713	0.02875	0.02182	0.01846	0.02381	0.29883	0.01455	0.25691	0.02755	0.03582	0.01528	0.01657	0.01166	0.00893	0.00734	0.00236	0.01107	0.00599	0.00598	0.01121
