[name]
unknown

[dist]
# distance from previous block
# <min> <max>
0	11

[block]
# block no. 0 follows, 23 sequences, length 52
# corresponding to MSA columns:
# 11-62
name=unknown_A
#
# <colnr> <probs for GDERKNQSTAVLIFYWHMCP>
#	G	D	E	R	K	N	Q	S	T	A	V	L	I	F	Y	W	H	M	C	P
0	0.01316	0.00927	0.01285	0.01464	0.01651	0.00927	0.01278	0.01690	0.01861	0.02452	0.04229	0.08905	0.04565	0.02189	0.01098	0.00366	0.00732	0.58523	0.03793	0.00748
1	0.01815	0.24730	0.28335	0.02190	0.05512	0.02224	0.12210	0.02429	0.01787	0.02435	0.07517	0.02087	0.01706	0.00815	0.00742	0.00233	0.01036	0.00694	0.00410	0.01095
2	0.12571	0.02489	0.02624	0.02643	0.15813	0.21731	0.09790	0.07617	0.11649	0.02879	0.01708	0.01926	0.01339	0.00832	0.00766	0.00243	0.01066	0.00686	0.00517	0.01109
3	0.01308	0.07613	0.01312	0.00991	0.01282	0.00989	0.00775	0.01586	0.02004	0.06226	0.29446	0.06125	0.31054	0.04523	0.01037	0.00277	0.00475	0.01424	0.00773	0.00782
4	0.01037	0.00751	0.00935	0.01035	0.01123	0.00697	0.00694	0.01195	0.01629	0.02160	0.12714	0.43298	0.13302	0.13704	0.01524	0.00388	0.00503	0.01933	0.00729	0.00649
5	0.02028	0.04583	0.08871	0.04097	0.46758	0.05287	0.04909	0.02710	0.07849	0.02654	0.01667	0.02036	0.01353	0.00766	0.00796	0.00243	0.00993	0.00721	0.00436	0.01244
6	0.01018	0.00735	0.00964	0.01096	0.01180	0.00681	0.00750	0.01209	0.01709	0.02304	0.16493	0.55784	0.08363	0.02351	0.01017	0.00313	0.00451	0.02120	0.00780	0.00681
7	0.00989	0.00706	0.00942	0.01130	0.01177	0.00659	0.00753	0.01130	0.01554	0.02071	0.04472	0.70954	0.05367	0.02542	0.01036	0.00330	0.00471	0.02307	0.00753	0.00659
8	0.01818	0.03026	0.35252	0.02751	0.17606	0.01930	0.02428	0.03012	0.18476	0.02807	0.01961	0.02129	0.01470	0.00847	0.00793	0.00258	0.00998	0.00712	0.00484	0.01242
9	0.01780	0.03044	0.32526	0.02904	0.06823	0.02004	0.28719	0.02532	0.01771	0.02540	0.01509	0.01936	0.01130	0.00780	0.00995	0.00271	0.06460	0.00767	0.00375	0.01135
10	0.01535	0.01468	0.02582	0.02225	0.05531	0.01654	0.17789	0.01914	0.01479	0.02126	0.01759	0.02558	0.01571	0.03375	0.32837	0.00772	0.16678	0.00851	0.00409	0.00886
11	0.12997	0.17301	0.02730	0.05627	0.13474	0.30631	0.01627	0.02764	0.01924	0.02321	0.01267	0.01538	0.01064	0.00774	0.00672	0.00216	0.01117	0.00537	0.00409	0.01011
12	0.01915	0.02189	0.04788	0.03420	0.04241	0.02052	0.63475	0.02599	0.01915	0.02599	0.01642	0.02189	0.01231	0.00684	0.00958	0.00274	0.01368	0.00958	0.00410	0.01094
13	0.01579	0.15648	0.02123	0.01863	0.12411	0.01548	0.01210	0.06360	0.01758	0.02318	0.02918	0.33626	0.03263	0.08287	0.01168	0.00320	0.00697	0.01430	0.00590	0.00881
14	0.01745	0.01462	0.01919	0.08152	0.05169	0.03474	0.05932	0.13554	0.04709	0.02929	0.09594	0.19115	0.05117	0.04389	0.01028	0.00289	0.00758	0.03402	0.00661	0.06603
15	0.00989	0.00706	0.00942	0.01130	0.01177	0.00659	0.00753	0.01130	0.01554	0.02071	0.04472	0.70954	0.05367	0.02542	0.01036	0.00330	0.00471	0.02307	0.00753	0.00659
16	0.11421	0.01011	0.01175	0.03582	0.01415	0.01144	0.00884	0.01736	0.01503	0.02578	0.02445	0.16472	0.02358	0.01485	0.01195	0.07490	0.09918	0.01020	0.30431	0.00737
17	0.02104	0.17390	0.38146	0.02022	0.02972	0.04675	0.02306	0.15886	0.02179	0.02970	0.01490	0.01673	0.01108	0.00802	0.00728	0.00236	0.01075	0.00592	0.00448	0.01198
18	0.01295	0.01059	0.01522	0.01444	0.01544	0.01313	0.01130	0.01533	0.01279	0.01869	0.01968	0.03082	0.01906	0.11281	0.47882	0.01048	0.16819	0.00864	0.00423	0.00738
19	0.01102	0.00769	0.00958	0.01010	0.01077	0.00735	0.00659	0.01255	0.01610	0.02198	0.20002	0.29319	0.05069	0.28039	0.02170	0.00481	0.00565	0.01665	0.00693	0.00625
20	0.01931	0.02110	0.08848	0.09483	0.50532	0.01927	0.08309	0.02476	0.01826	0.02595	0.01525	0.02012	0.01243	0.00730	0.00816	0.00248	0.01031	0.00735	0.00394	0.01231
21	0.01902	0.13641	0.03038	0.20776	0.25433	0.07041	0.05073	0.02333	0.01741	0.02248	0.01484	0.02010	0.01240	0.01257	0.07168	0.00338	0.01152	0.00684	0.00386	0.01054
22	0.11505	0.01198	0.03477	0.04493	0.01563	0.01170	0.00900	0.07435	0.01724	0.02535	0.05984	0.04510	0.16605	0.23100	0.06908	0.00497	0.00792	0.01085	0.03765	0.00756
23	0.21983	0.01710	0.01793	0.01438	0.01951	0.04979	0.01170	0.07003	0.01776	0.08452	0.01476	0.01703	0.01168	0.00853	0.00963	0.00219	0.12354	0.00558	0.00532	0.27918
24	0.01609	0.01279	0.01579	0.01359	0.01751	0.01205	0.04064	0.14236	0.02113	0.02865	0.03791	0.27826	0.13660	0.01628	0.00879	0.00255	0.00620	0.01423	0.00689	0.17168
25	0.25115	0.19565	0.08621	0.01375	0.01826	0.02056	0.01257	0.02110	0.01422	0.02448	0.01446	0.02232	0.01384	0.15328	0.01563	0.00356	0.09954	0.00641	0.00425	0.00874
26	0.02791	0.17480	0.02730	0.01916	0.02401	0.41652	0.01539	0.11761	0.02326	0.02421	0.01318	0.01518	0.01094	0.00860	0.00809	0.00215	0.05144	0.00545	0.00457	0.01022
27	0.01168	0.00841	0.00948	0.00925	0.01037	0.00783	0.00578	0.01247	0.01371	0.01816	0.03596	0.11655	0.13651	0.47188	0.03001	0.00600	0.00678	0.01317	0.00560	0.07042
28	0.02357	0.23490	0.02905	0.02178	0.11446	0.21604	0.01571	0.03173	0.18668	0.02432	0.01799	0.01908	0.01458	0.00848	0.00703	0.00221	0.00995	0.00629	0.00503	0.01112
29	0.02682	0.03252	0.02305	0.02066	0.02396	0.48931	0.01591	0.03041	0.06805	0.02085	0.01368	0.01649	0.01158	0.00983	0.01159	0.00246	0.16299	0.00593	0.00435	0.00955
30	0.01314	0.00954	0.01126	0.01135	0.01323	0.00932	0.00818	0.09505	0.01992	0.02674	0.12466	0.37271	0.15100	0.04486	0.01069	0.00308	0.00512	0.01775	0.04468	0.00771
31	0.02513	0.26629	0.02924	0.01811	0.02268	0.36090	0.01495	0.02741	0.01922	0.01951	0.01246	0.01536	0.01102	0.01141	0.04673	0.00273	0.07811	0.00530	0.00389	0.00958
32	0.01453	0.01125	0.03448	0.01159	0.01526	0.00906	0.00906	0.01790	0.04052	0.08378	0.06974	0.26681	0.17941	0.01694	0.00878	0.00254	0.00534	0.01470	0.00709	0.18123
33	0.02682	0.09775	0.02362	0.01908	0.02363	0.44568	0.01476	0.03446	0.18782	0.02350	0.01783	0.01861	0.01423	0.00893	0.00736	0.00223	0.01190	0.00618	0.00519	0.01041
34	0.02135	0.40900	0.03473	0.01725	0.02205	0.11494	0.03952	0.02388	0.01637	0.01955	0.01202	0.01557	0.01103	0.01138	0.04335	0.00278	0.16626	0.00550	0.00365	0.00980
35	0.01019	0.00728	0.00976	0.01164	0.01225	0.00685	0.00806	0.01182	0.01583	0.02105	0.04456	0.65083	0.05301	0.02514	0.01044	0.00334	0.00497	0.07878	0.00753	0.00667
36	0.01881	0.06237	0.39084	0.05664	0.20000	0.05195	0.02631	0.05317	0.01866	0.02630	0.01473	0.01790	0.01115	0.00769	0.00770	0.00247	0.01118	0.00632	0.00384	0.01199
37	0.01743	0.16637	0.10984	0.01599	0.01978	0.05236	0.01453	0.04738	0.01611	0.02125	0.02190	0.06693	0.06576	0.14226	0.01833	0.00364	0.17794	0.00882	0.00453	0.00885
38	0.01178	0.00796	0.00932	0.00932	0.00948	0.00812	0.00550	0.01210	0.01194	0.01608	0.02514	0.05072	0.02847	0.64154	0.11318	0.00845	0.00942	0.01145	0.00485	0.00518
39	0.00989	0.00706	0.00942	0.01130	0.01177	0.00659	0.00753	0.01130	0.01554	0.02071	0.04472	0.70954	0.05367	0.02542	0.01036	0.00330	0.00471	0.02307	0.00753	0.00659
40	0.02183	0.02884	0.14145	0.03267	0.20783	0.19513	0.17823	0.02710	0.01940	0.02423	0.01455	0.01852	0.01157	0.00776	0.00885	0.00248	0.03735	0.00708	0.00397	0.01117
41	0.02213	0.02338	0.03163	0.04311	0.50251	0.15526	0.05310	0.02649	0.01944	0.02512	0.01476	0.01905	0.01233	0.00744	0.00796	0.00236	0.01086	0.00693	0.00405	0.01205
42	0.01031	0.00736	0.00990	0.01178	0.01244	0.00695	0.00827	0.01203	0.01595	0.02119	0.04449	0.62779	0.05275	0.02502	0.01047	0.00335	0.00507	0.10065	0.00752	0.00671
43	0.02906	0.03343	0.02269	0.05314	0.02599	0.50681	0.01557	0.13800	0.02510	0.02583	0.01441	0.01645	0.01147	0.00864	0.00743	0.00217	0.01301	0.00578	0.03492	0.01009
44	0.01844	0.06353	0.32317	0.03598	0.34811	0.01970	0.02667	0.02523	0.01777	0.02578	0.01475	0.01840	0.01157	0.00743	0.00775	0.00245	0.01066	0.00653	0.00372	0.01234
45	0.00974	0.00798	0.00848	0.00884	0.01103	0.00684	0.00637	0.01159	0.01765	0.02143	0.07263	0.19813	0.51785	0.05075	0.01107	0.00306	0.00438	0.01804	0.00742	0.00672
46	0.01902	0.01822	0.03072	0.18523	0.45432	0.01914	0.05346	0.02544	0.06572	0.02580	0.01648	0.02127	0.01329	0.00769	0.00814	0.00252	0.00985	0.00749	0.00425	0.01193
47	0.02901	0.03498	0.02241	0.02012	0.02433	0.57064	0.01525	0.08916	0.02373	0.02279	0.01387	0.01634	0.01148	0.01229	0.05617	0.00291	0.01460	0.00568	0.00457	0.00967
48	0.02138	0.01900	0.13158	0.02472	0.18606	0.01449	0.03884	0.02679	0.05061	0.19539	0.03075	0.11885	0.08186	0.01190	0.00853	0.00264	0.00812	0.01048	0.00652	0.01149
49	0.01936	0.28720	0.21210	0.02280	0.11089	0.05294	0.06589	0.02442	0.01739	0.02288	0.01497	0.05074	0.01308	0.00812	0.00699	0.00220	0.01004	0.00657	0.00388	0.04755
50	0.08832	0.12463	0.11326	0.02621	0.18149	0.22153	0.01897	0.08700	0.02091	0.02663	0.01387	0.01643	0.01120	0.00787	0.00714	0.00225	0.01097	0.00583	0.00440	0.01111
51	0.11195	0.03495	0.48497	0.02593	0.13563	0.01883	0.02648	0.02534	0.01693	0.02718	0.01427	0.01712	0.01051	0.00761	0.00742	0.00254	0.01089	0.00600	0.00372	0.01173

[dist]
# distance from previous block
# <min> <max>
0	12

[block]
# block no. 1 follows, 23 sequences, length 14
# corresponding to MSA columns:
# 75-88
name=unknown_B
#
# <colnr> <probs for GDERKNQSTAVLIFYWHMCP>
#	G	D	E	R	K	N	Q	S	T	A	V	L	I	F	Y	W	H	M	C	P
0	0.10558	0.02324	0.21663	0.02847	0.25794	0.01644	0.02067	0.02268	0.01819	0.02801	0.11474	0.02841	0.06597	0.00972	0.00792	0.00251	0.00870	0.00832	0.00493	0.01093
1	0.11939	0.11720	0.22801	0.03170	0.30046	0.02068	0.02288	0.02493	0.01718	0.02661	0.01400	0.01733	0.01120	0.00738	0.00716	0.00238	0.00979	0.00610	0.00390	0.01173
2	0.01997	0.06495	0.40866	0.02081	0.02976	0.14156	0.04545	0.02682	0.01852	0.05228	0.01603	0.01841	0.01185	0.00804	0.00742	0.00238	0.01138	0.00616	0.07852	0.01105
3	0.01174	0.00876	0.01304	0.01323	0.01472	0.01006	0.01043	0.01472	0.01360	0.01937	0.02383	0.03776	0.02289	0.05706	0.61642	0.01212	0.02033	0.06799	0.00466	0.00727
4	0.01385	0.01143	0.01555	0.01880	0.13495	0.01135	0.01186	0.01972	0.10328	0.02717	0.20374	0.17105	0.13292	0.01682	0.00941	0.00283	0.00581	0.07311	0.00734	0.00899
5	0.01151	0.00930	0.01040	0.01039	0.01278	0.00883	0.00767	0.01673	0.10755	0.02547	0.18218	0.19240	0.33614	0.01938	0.00955	0.00281	0.00450	0.01669	0.00791	0.00780
6	0.02129	0.02464	0.19254	0.01966	0.02537	0.02133	0.01903	0.24632	0.02315	0.03261	0.01646	0.02021	0.01306	0.01743	0.10718	0.00422	0.17185	0.00711	0.00530	0.01126
7	0.06127	0.01313	0.01694	0.01333	0.01899	0.01132	0.01076	0.03171	0.02105	0.43620	0.06859	0.07998	0.02431	0.01081	0.00790	0.00234	0.00635	0.00896	0.00862	0.14743
8	0.01683	0.01442	0.01683	0.01202	0.01923	0.01082	0.00961	0.02043	0.01683	0.02644	0.01442	0.01683	0.01202	0.00601	0.00601	0.00120	0.00601	0.00481	0.00481	0.76444
9	0.02081	0.02655	0.13885	0.02247	0.12800	0.19066	0.01734	0.02526	0.01877	0.02458	0.01409	0.01683	0.01143	0.00713	0.00699	0.00188	0.00994	0.00552	0.00427	0.30864
10	0.01066	0.00828	0.00955	0.01016	0.01201	0.00775	0.00732	0.01372	0.05036	0.02222	0.05844	0.30696	0.32199	0.02452	0.06180	0.00371	0.00581	0.01787	0.03975	0.00713
11	0.01013	0.00824	0.00897	0.00879	0.01129	0.00708	0.00659	0.01269	0.01977	0.02495	0.24687	0.07311	0.49437	0.01942	0.00958	0.00269	0.00403	0.01643	0.00793	0.00708
12	0.02327	0.45987	0.03540	0.01659	0.02193	0.18986	0.01484	0.02564	0.01753	0.01934	0.01150	0.01404	0.01045	0.00826	0.00858	0.00206	0.10230	0.00492	0.00365	0.00996
13	0.01019	0.00816	0.00920	0.00977	0.01194	0.00717	0.00740	0.01242	0.01816	0.02246	0.09424	0.19670	0.44146	0.02154	0.00995	0.00297	0.00466	0.09712	0.00758	0.00692

[dist]
# distance from previous block
# <min> <max>
0	1

[block]
# block no. 2 follows, 23 sequences, length 7
# corresponding to MSA columns:
# 90-96
name=unknown_C
#
# <colnr> <probs for GDERKNQSTAVLIFYWHMCP>
#	G	D	E	R	K	N	Q	S	T	A	V	L	I	F	Y	W	H	M	C	P
0	0.02771	0.25172	0.02964	0.01799	0.02375	0.27805	0.01503	0.21045	0.02544	0.02896	0.01421	0.01556	0.01144	0.00832	0.00688	0.00208	0.01102	0.00556	0.00513	0.01104
1	0.03079	0.02429	0.02422	0.01889	0.02516	0.08956	0.01545	0.57789	0.03667	0.04807	0.01880	0.01901	0.01347	0.00961	0.00804	0.00240	0.00949	0.00710	0.00773	0.01337
2	0.01065	0.00914	0.00923	0.00905	0.01197	0.00818	0.00683	0.01479	0.08159	0.02312	0.07728	0.07331	0.59732	0.01960	0.00946	0.00274	0.00434	0.01633	0.00761	0.00745
3	0.01371	0.01196	0.01856	0.01667	0.01823	0.01466	0.05675	0.01660	0.01332	0.01953	0.01851	0.02754	0.01725	0.04503	0.46636	0.00987	0.19505	0.00835	0.00413	0.00793
4	0.01995	0.17897	0.42543	0.02084	0.03037	0.14344	0.02408	0.02664	0.01808	0.02328	0.01352	0.01584	0.01034	0.00767	0.00713	0.00231	0.01180	0.00552	0.00357	0.01120
5	0.01697	0.01078	0.01225	0.01109	0.01303	0.01232	0.00878	0.07231	0.01798	0.03004	0.02290	0.02698	0.01829	0.01037	0.00981	0.00225	0.13466	0.00745	0.55338	0.00835
6	0.02454	0.02973	0.11126	0.06256	0.14119	0.25692	0.10336	0.12227	0.02293	0.02747	0.01497	0.01799	0.01164	0.00808	0.00796	0.00238	0.01222	0.00669	0.00462	0.01120

[dist]
# distance from previous block
# <min> <max>
0	1

[block]
# block no. 3 follows, 23 sequences, length 92
# corresponding to MSA columns:
# 98-189
name=unknown_D
#
# <colnr> <probs for GDERKNQSTAVLIFYWHMCP>
#	G	D	E	R	K	N	Q	S	T	A	V	L	I	F	Y	W	H	M	C	P
0	0.02304	0.03214	0.18444	0.03238	0.26931	0.27046	0.02264	0.02794	0.01986	0.02379	0.01406	0.01730	0.01132	0.00778	0.00768	0.00233	0.01210	0.00617	0.00394	0.01134
1	0.01509	0.01255	0.01495	0.01176	0.01728	0.00976	0.00907	0.01825	0.01692	0.02563	0.05886	0.16151	0.02438	0.01062	0.00711	0.00171	0.00561	0.00914	0.00561	0.56417
2	0.01893	0.02069	0.13773	0.04518	0.02830	0.01458	0.14210	0.02424	0.01791	0.08446	0.01645	0.01908	0.01246	0.00692	0.00731	0.00193	0.00889	0.00639	0.00485	0.38158
3	0.03031	0.03867	0.02299	0.02090	0.02508	0.68226	0.01568	0.03240	0.02299	0.01986	0.01254	0.01463	0.01045	0.00836	0.00732	0.00209	0.01463	0.00523	0.00418	0.00941
4	0.77215	0.01569	0.01193	0.01067	0.01569	0.01820	0.00879	0.02385	0.01381	0.03641	0.01130	0.01318	0.00879	0.00753	0.00502	0.00251	0.00628	0.00439	0.00502	0.00879
5	0.02807	0.02020	0.02179	0.01731	0.02313	0.02229	0.01410	0.44204	0.16140	0.08432	0.02344	0.02283	0.01685	0.01000	0.00800	0.00247	0.00799	0.00776	0.05278	0.01323
6	0.00959	0.00822	0.00822	0.00822	0.01096	0.00685	0.00617	0.01165	0.01850	0.02192	0.08220	0.07809	0.66092	0.02055	0.00959	0.00274	0.00411	0.01713	0.00754	0.00685
7	0.01135	0.00794	0.00872	0.00872	0.00928	0.00766	0.00517	0.01177	0.01317	0.01700	0.03718	0.05823	0.15902	0.57242	0.03480	0.00682	0.00710	0.01289	0.00545	0.00531
8	0.01284	0.01137	0.01440	0.01777	0.14612	0.01071	0.01089	0.01743	0.07584	0.02405	0.06244	0.06238	0.44579	0.01702	0.00921	0.00271	0.00559	0.03791	0.00688	0.00865
9	0.02716	0.17914	0.09085	0.01968	0.02519	0.48330	0.01671	0.03008	0.02108	0.02027	0.01248	0.01455	0.01043	0.00801	0.00692	0.00206	0.01315	0.00512	0.00396	0.00987
10	0.01719	0.01433	0.01485	0.01424	0.01765	0.05457	0.01116	0.02838	0.28625	0.05628	0.04460	0.11137	0.16061	0.01605	0.00917	0.00292	0.00650	0.11619	0.00774	0.00994
11	0.01159	0.00869	0.01304	0.01304	0.01449	0.01014	0.01014	0.01449	0.01304	0.01884	0.02173	0.03188	0.02029	0.06086	0.68268	0.01304	0.02173	0.00869	0.00435	0.00724
12	0.01974	0.02134	0.09107	0.04738	0.60706	0.01924	0.02536	0.02497	0.01835	0.02644	0.01520	0.01981	0.01262	0.00727	0.00800	0.00242	0.00985	0.00712	0.00396	0.01277
13	0.02311	0.02502	0.02999	0.04125	0.47504	0.21552	0.02217	0.02712	0.01981	0.02454	0.01446	0.01847	0.01214	0.00756	0.00782	0.00232	0.01112	0.00664	0.00407	0.01183
14	0.02193	0.17196	0.31414	0.02309	0.10356	0.02031	0.04653	0.02807	0.01844	0.15185	0.01750	0.01890	0.01263	0.00792	0.00740	0.00237	0.01010	0.00637	0.00484	0.01209
15	0.02339	0.16752	0.02853	0.02762	0.23634	0.25038	0.01725	0.02669	0.01947	0.02312	0.01479	0.01792	0.01243	0.00782	0.00694	0.00210	0.01050	0.00598	0.09064	0.01055
16	0.01277	0.00820	0.01024	0.01071	0.01254	0.00733	0.00765	0.01478	0.01787	0.09086	0.11468	0.40575	0.21292	0.02163	0.00984	0.00299	0.00469	0.01908	0.00794	0.00753
17	0.01542	0.01336	0.01403	0.06818	0.04407	0.09440	0.01144	0.01934	0.04304	0.02406	0.03756	0.12611	0.12418	0.01758	0.03485	0.00317	0.00772	0.14586	0.14754	0.00808
18	0.03036	0.03710	0.02313	0.02068	0.02509	0.61725	0.01565	0.09223	0.02449	0.02295	0.01323	0.01511	0.01078	0.00850	0.00740	0.00212	0.01407	0.00543	0.00457	0.00984
19	0.01627	0.04197	0.67279	0.02313	0.03512	0.01884	0.02998	0.02570	0.01713	0.02570	0.01456	0.01713	0.01028	0.00771	0.00771	0.00257	0.01199	0.00600	0.00343	0.01199
20	0.00989	0.00706	0.00942	0.01130	0.01177	0.00659	0.00753	0.01130	0.01554	0.02071	0.04472	0.70954	0.05367	0.02542	0.01036	0.00330	0.00471	0.02307	0.00753	0.00659
21	0.02055	0.02039	0.03174	0.08401	0.58434	0.06661	0.02411	0.02520	0.01867	0.02571	0.01502	0.01978	0.01257	0.00736	0.00799	0.00240	0.01006	0.00709	0.00401	0.01239
22	0.01773	0.02299	0.17335	0.02202	0.02729	0.04550	0.16840	0.02289	0.01650	0.02472	0.01627	0.02106	0.01305	0.00973	0.01310	0.00273	0.20623	0.00747	0.15914	0.00984
23	0.01024	0.01013	0.04801	0.00981	0.01276	0.00766	0.00807	0.01280	0.01828	0.02257	0.09831	0.14663	0.50275	0.02024	0.00963	0.00282	0.00476	0.03997	0.00735	0.00719
24	0.77215	0.01569	0.01193	0.01067	0.01569	0.01820	0.00879	0.02385	0.01381	0.03641	0.01130	0.01318	0.00879	0.00753	0.00502	0.00251	0.00628	0.00439	0.00502	0.00879
25	0.00980	0.00739	0.00907	0.01042	0.01154	0.00666	0.00714	0.01140	0.01638	0.02106	0.05542	0.52937	0.22693	0.02403	0.01014	0.00314	0.00454	0.02137	0.00753	0.00666
26	0.01729	0.07445	0.44576	0.08914	0.16522	0.01964	0.02732	0.02500	0.01729	0.02503	0.01450	0.01791	0.01086	0.00760	0.00767	0.00250	0.01121	0.00626	0.00357	0.01181
27	0.01306	0.00979	0.01011	0.00957	0.01248	0.00934	0.00731	0.05325	0.07696	0.02707	0.09638	0.05944	0.39932	0.01654	0.00858	0.00254	0.00452	0.01372	0.16204	0.00800
28	0.00971	0.00822	0.00838	0.00834	0.01103	0.00690	0.00626	0.01187	0.01877	0.02257	0.11764	0.07702	0.62508	0.02031	0.00959	0.00273	0.00409	0.01697	0.00762	0.00690
29	0.01988	0.01907	0.03257	0.07707	0.63852	0.01923	0.02480	0.02473	0.01838	0.02627	0.01523	0.02015	0.01277	0.00727	0.00804	0.00242	0.00969	0.00723	0.00400	0.01269
30	0.01782	0.02285	0.16350	0.22888	0.28463	0.01898	0.09868	0.02399	0.01763	0.02461	0.01502	0.02014	0.01167	0.00754	0.00818	0.00257	0.01095	0.00725	0.00379	0.01134
31	0.02979	0.03198	0.02353	0.05200	0.02657	0.42245	0.01591	0.24207	0.02794	0.03077	0.01504	0.01665	0.01163	0.00883	0.00763	0.00224	0.01247	0.00604	0.00552	0.01092
32	0.01765	0.03277	0.39307	0.02964	0.10149	0.01946	0.23731	0.02572	0.01796	0.02588	0.01527	0.01907	0.01124	0.00736	0.00838	0.00261	0.01233	0.00735	0.00372	0.01172
33	0.01148	0.00829	0.01085	0.01021	0.01212	0.00766	0.00766	0.01531	0.02297	0.03254	0.65994	0.06061	0.07656	0.01659	0.00957	0.00255	0.00383	0.01467	0.00893	0.00766
34	0.03515	0.01583	0.02008	0.01539	0.02172	0.01492	0.01272	0.17467	0.02660	0.52994	0.02918	0.02578	0.01866	0.00997	0.00815	0.00249	0.00736	0.00797	0.00961	0.01381
35	0.01148	0.00829	0.01085	0.01021	0.01212	0.00766	0.00766	0.01531	0.02297	0.03254	0.65994	0.06061	0.07656	0.01659	0.00957	0.00255	0.00383	0.01467	0.00893	0.00766
36	0.00987	0.00741	0.00916	0.01045	0.01157	0.00670	0.00718	0.01155	0.01661	0.02152	0.07983	0.51783	0.21330	0.02378	0.01012	0.00312	0.00452	0.02117	0.00759	0.00670
37	0.01116	0.00791	0.00873	0.00883	0.00953	0.00755	0.00537	0.01173	0.01363	0.01751	0.04039	0.09605	0.18409	0.50761	0.03187	0.00637	0.00678	0.01373	0.00570	0.00548
38	0.00989	0.00706	0.00942	0.01130	0.01177	0.00659	0.00753	0.01130	0.01554	0.02071	0.04472	0.70954	0.05367	0.02542	0.01036	0.00330	0.00471	0.02307	0.00753	0.00659
39	0.03608	0.01433	0.01915	0.01468	0.02097	0.01270	0.01213	0.07450	0.02410	0.63365	0.03128	0.02714	0.01972	0.01003	0.00816	0.00251	0.00702	0.00811	0.00993	0.01381
40	0.77215	0.01569	0.01193	0.01067	0.01569	0.01820	0.00879	0.02385	0.01381	0.03641	0.01130	0.01318	0.00879	0.00753	0.00502	0.00251	0.00628	0.00439	0.00502	0.00879
41	0.77215	0.01569	0.01193	0.01067	0.01569	0.01820	0.00879	0.02385	0.01381	0.03641	0.01130	0.01318	0.00879	0.00753	0.00502	0.00251	0.00628	0.00439	0.00502	0.00879
42	0.01052	0.00751	0.01014	0.01202	0.01277	0.00713	0.00863	0.01239	0.01616	0.02142	0.04437	0.58731	0.05229	0.02483	0.01053	0.00338	0.00525	0.13907	0.00752	0.00676
43	0.77215	0.01569	0.01193	0.01067	0.01569	0.01820	0.00879	0.02385	0.01381	0.03641	0.01130	0.01318	0.00879	0.00753	0.00502	0.00251	0.00628	0.00439	0.00502	0.00879
44	0.03085	0.02273	0.02435	0.01867	0.02516	0.02516	0.01542	0.63716	0.03815	0.05114	0.01948	0.01948	0.01380	0.00974	0.00812	0.00244	0.00893	0.00731	0.00812	0.01380
45	0.01532	0.01442	0.02434	0.69533	0.05589	0.01803	0.02253	0.02073	0.01622	0.02073	0.01442	0.02163	0.01082	0.00811	0.00811	0.00270	0.01082	0.00721	0.00361	0.00901
46	0.00989	0.00706	0.00942	0.01130	0.01177	0.00659	0.00753	0.01130	0.01554	0.02071	0.04472	0.70954	0.05367	0.02542	0.01036	0.00330	0.00471	0.02307	0.00753	0.00659
47	0.61740	0.01611	0.01458	0.01285	0.01684	0.01957	0.01063	0.02297	0.01353	0.03294	0.01117	0.01412	0.00917	0.00890	0.00945	0.00272	0.14858	0.00495	0.00472	0.00881
48	0.01032	0.00735	0.00929	0.01058	0.01116	0.00691	0.00694	0.01160	0.01531	0.02033	0.07085	0.51185	0.08716	0.16108	0.01639	0.00413	0.00526	0.02010	0.00708	0.00632
49	0.02550	0.07118	0.02697	0.10746	0.18828	0.33433	0.01866	0.08711	0.02213	0.02460	0.01404	0.01720	0.01142	0.00810	0.00754	0.00225	0.01202	0.00611	0.00441	0.01071
50	0.05189	0.02215	0.05561	0.04226	0.51007	0.09893	0.02282	0.02639	0.01898	0.05230	0.01543	0.01934	0.01259	0.00751	0.00782	0.00239	0.01009	0.00686	0.00430	0.01228
51	0.02220	0.01388	0.01705	0.01261	0.01924	0.01095	0.01017	0.02568	0.01905	0.21365	0.05775	0.02255	0.01818	0.00781	0.00684	0.00166	0.00614	0.00637	0.00657	0.50164
52	0.02008	0.01928	0.03294	0.04981	0.66422	0.01928	0.02490	0.02490	0.01848	0.02651	0.01526	0.02008	0.01285	0.00723	0.00803	0.00241	0.00964	0.00723	0.00402	0.01285
53	0.69195	0.01491	0.01181	0.01062	0.01532	0.01709	0.00867	0.02295	0.01477	0.03600	0.07969	0.01818	0.01593	0.00849	0.00550	0.00252	0.00602	0.00548	0.00543	0.00867
54	0.00989	0.00706	0.00942	0.01130	0.01177	0.00659	0.00753	0.01130	0.01554	0.02071	0.04472	0.70954	0.05367	0.02542	0.01036	0.00330	0.00471	0.02307	0.00753	0.00659
55	0.00994	0.00719	0.00941	0.01107	0.01174	0.00665	0.00746	0.01150	0.01604	0.02132	0.07456	0.64302	0.09065	0.02474	0.01028	0.00323	0.00463	0.02234	0.00760	0.00665
56	0.01639	0.03632	0.53823	0.02085	0.03186	0.01720	0.02580	0.02462	0.01707	0.02585	0.01453	0.01707	0.01064	0.00736	0.00736	0.00229	0.01076	0.00575	0.00371	0.16634
57	0.01035	0.00825	0.00927	0.00902	0.01142	0.00717	0.00676	0.01311	0.02028	0.02617	0.31330	0.07110	0.42718	0.01897	0.00958	0.00266	0.00400	0.01614	0.00809	0.00717
58	0.02018	0.01743	0.01835	0.01651	0.02110	0.02018	0.01284	0.04312	0.64956	0.03394	0.03303	0.03027	0.02477	0.01101	0.00826	0.00275	0.00642	0.00917	0.00826	0.01284
59	0.01683	0.01442	0.01683	0.01202	0.01923	0.01082	0.00961	0.02043	0.01683	0.02644	0.01442	0.01683	0.01202	0.00601	0.00601	0.00120	0.00601	0.00481	0.00481	0.76444
60	0.01011	0.00767	0.00933	0.01012	0.01159	0.00688	0.00713	0.01220	0.01793	0.02343	0.17807	0.38459	0.24727	0.02216	0.00996	0.00298	0.00435	0.01956	0.00781	0.00688
61	0.01198	0.00919	0.01191	0.01307	0.01417	0.00960	0.00964	0.01607	0.08271	0.02263	0.04111	0.49316	0.04683	0.02272	0.01127	0.00333	0.04799	0.11774	0.00735	0.00754
62	0.02669	0.03207	0.02558	0.02795	0.17984	0.46164	0.01811	0.02941	0.02094	0.02144	0.01303	0.01624	0.01105	0.00862	0.00925	0.00230	0.07569	0.00588	0.00408	0.01019
63	0.02008	0.01928	0.03294	0.04981	0.66422	0.01928	0.02490	0.02490	0.01848	0.02651	0.01526	0.02008	0.01285	0.00723	0.00803	0.00241	0.00964	0.00723	0.00402	0.01285
64	0.02067	0.01767	0.01862	0.01661	0.02128	0.02041	0.01296	0.07005	0.62184	0.03472	0.03241	0.02978	0.02427	0.01095	0.00825	0.00274	0.00654	0.00909	0.00825	0.01289
65	0.01180	0.00787	0.00885	0.00885	0.00885	0.00787	0.00492	0.01180	0.01180	0.01573	0.02557	0.05310	0.02950	0.71483	0.04130	0.00787	0.00787	0.01180	0.00492	0.00492
66	0.01137	0.00768	0.00898	0.00940	0.00951	0.00758	0.00551	0.01169	0.01264	0.01686	0.02990	0.20153	0.03496	0.55895	0.03430	0.00683	0.00715	0.01435	0.00551	0.00530
67	0.01915	0.02189	0.04788	0.03420	0.04241	0.02052	0.63475	0.02599	0.01915	0.02599	0.01642	0.02189	0.01231	0.00684	0.00958	0.00274	0.01368	0.00958	0.00410	0.01094
68	0.01146	0.00791	0.00898	0.00905	0.00944	0.00780	0.00538	0.01188	0.01276	0.01677	0.03264	0.08049	0.10246	0.58090	0.06356	0.00732	0.00790	0.01272	0.00529	0.00530
69	0.01164	0.00851	0.01209	0.01209	0.01321	0.00963	0.00896	0.01388	0.01276	0.01813	0.02260	0.03668	0.02237	0.20873	0.53765	0.01187	0.01860	0.00940	0.00448	0.00672
70	0.01180	0.00787	0.00885	0.00885	0.00885	0.00787	0.00492	0.01180	0.01180	0.01573	0.02557	0.05310	0.02950	0.71483	0.04130	0.00787	0.00787	0.01180	0.00492	0.00492
71	0.01627	0.04197	0.67279	0.02313	0.03512	0.01884	0.02998	0.02570	0.01713	0.02570	0.01456	0.01713	0.01028	0.00771	0.00771	0.00257	0.01199	0.00600	0.00343	0.01199
72	0.01924	0.02163	0.04639	0.03576	0.10440	0.02040	0.57395	0.02588	0.01908	0.02604	0.01630	0.02171	0.01237	0.00688	0.00942	0.00270	0.01328	0.00934	0.00410	0.01113
73	0.01022	0.00824	0.00910	0.00888	0.01135	0.00712	0.00666	0.01287	0.01999	0.02546	0.27489	0.07226	0.46602	0.01923	0.00958	0.00268	0.00402	0.01631	0.00800	0.00712
74	0.01731	0.01687	0.02502	0.17119	0.35581	0.05346	0.01966	0.02147	0.01827	0.02391	0.03007	0.03321	0.15884	0.01049	0.00836	0.00253	0.00891	0.00935	0.00474	0.01051
75	0.01179	0.00792	0.00910	0.00910	0.00918	0.00800	0.00522	0.01196	0.01187	0.01591	0.02534	0.05186	0.02896	0.67658	0.07881	0.00817	0.00868	0.01162	0.00488	0.00505
76	0.00989	0.00706	0.00942	0.01130	0.01177	0.00659	0.00753	0.01130	0.01554	0.02071	0.04472	0.70954	0.05367	0.02542	0.01036	0.00330	0.00471	0.02307	0.00753	0.00659
77	0.01732	0.03195	0.37647	0.02738	0.03733	0.01911	0.28988	0.02540	0.01824	0.02610	0.04152	0.02095	0.01384	0.00769	0.00859	0.00264	0.01239	0.00789	0.00394	0.01136
78	0.01906	0.17879	0.46914	0.02072	0.03105	0.02229	0.02501	0.09553	0.01941	0.02726	0.01445	0.01656	0.01071	0.00778	0.00724	0.00238	0.01096	0.00581	0.00397	0.01188
79	0.01163	0.00855	0.01230	0.01230	0.01350	0.00974	0.00922	0.01402	0.01282	0.01829	0.02241	0.03561	0.02191	0.17597	0.56979	0.01213	0.01929	0.00924	0.00445	0.00684
80	0.01805	0.01073	0.01123	0.01032	0.01323	0.01133	0.00797	0.06254	0.14369	0.06097	0.02759	0.02948	0.02112	0.00981	0.00644	0.00212	0.00476	0.00789	0.53145	0.00927
81	0.02386	0.01638	0.01845	0.01510	0.01946	0.01742	0.01199	0.34681	0.02894	0.08887	0.12834	0.03686	0.02923	0.12813	0.01403	0.00344	0.00767	0.04627	0.00783	0.01093
82	0.01672	0.00967	0.01230	0.01208	0.01422	0.00927	0.00867	0.02066	0.07965	0.15609	0.09466	0.36825	0.04323	0.09910	0.01318	0.00354	0.00561	0.01658	0.00795	0.00860
83	0.01476	0.01263	0.01296	0.01218	0.01417	0.08661	0.00894	0.05296	0.01906	0.02499	0.23790	0.04594	0.07873	0.16872	0.16793	0.00597	0.01026	0.01136	0.00639	0.00752
84	0.01813	0.38237	0.21354	0.01546	0.02240	0.02339	0.01659	0.02213	0.01571	0.02027	0.01514	0.02240	0.01429	0.15237	0.01332	0.00323	0.00945	0.00634	0.00375	0.00973
85	0.01902	0.02257	0.15700	0.02859	0.24246	0.01868	0.02001	0.06565	0.21122	0.02964	0.02685	0.02781	0.07489	0.00984	0.00818	0.00258	0.00860	0.00847	0.00575	0.01218
86	0.01987	0.01824	0.02050	0.01901	0.06632	0.15007	0.08190	0.02423	0.05709	0.09073	0.16038	0.07678	0.09314	0.04340	0.01093	0.00281	0.03769	0.01094	0.00652	0.00948
87	0.04653	0.02943	0.38430	0.11820	0.05967	0.01688	0.04847	0.02309	0.01750	0.02597	0.07893	0.05020	0.01880	0.00923	0.00797	0.00256	0.01024	0.00780	0.00433	0.03991
88	0.23973	0.01420	0.01541	0.03965	0.01819	0.01628	0.01117	0.05903	0.05407	0.06643	0.03327	0.03434	0.18202	0.01492	0.03950	0.00322	0.13430	0.00919	0.00600	0.00908
89	0.11103	0.01740	0.04546	0.02149	0.15076	0.05631	0.01421	0.13618	0.02091	0.03009	0.02647	0.21709	0.05052	0.01349	0.00824	0.00261	0.00766	0.01150	0.00609	0.05249
90	0.02498	0.05806	0.02489	0.02256	0.09650	0.23885	0.01638	0.10019	0.02092	0.06469	0.01452	0.01750	0.01190	0.00965	0.01202	0.00246	0.17820	0.00626	0.00486	0.07460
91	0.02107	0.30149	0.03127	0.02203	0.14111	0.10373	0.01586	0.05926	0.01836	0.02262	0.01747	0.02060	0.04848	0.01333	0.06585	0.00313	0.07326	0.00650	0.00424	0.01034

[dist]
# distance from previous block
# <min> <max>
27	83

[block]
# block no. 4 follows, 23 sequences, length 147
# corresponding to MSA columns:
# 284-430
name=unknown_E
#
# <colnr> <probs for GDERKNQSTAVLIFYWHMCP>
#	G	D	E	R	K	N	Q	S	T	A	V	L	I	F	Y	W	H	M	C	P
0	0.02529	0.02443	0.02675	0.02824	0.20159	0.22418	0.07632	0.10601	0.02333	0.08952	0.07762	0.02304	0.01889	0.00902	0.00813	0.00237	0.01068	0.00763	0.00564	0.01132
1	0.09322	0.06582	0.22360	0.02979	0.23809	0.16506	0.02232	0.02666	0.01851	0.02537	0.01387	0.01697	0.01103	0.00764	0.00735	0.00236	0.01108	0.00600	0.00394	0.01132
2	0.15844	0.05704	0.15627	0.05622	0.16034	0.05403	0.01928	0.15636	0.02182	0.06408	0.01577	0.01795	0.01182	0.00814	0.00728	0.00244	0.00949	0.00629	0.00521	0.01172
3	0.01684	0.01297	0.01489	0.01336	0.01691	0.01371	0.01031	0.02938	0.30959	0.06297	0.31867	0.04349	0.04772	0.01332	0.00877	0.00259	0.00524	0.01147	0.00852	0.03927
4	0.02047	0.02021	0.01709	0.01576	0.01941	0.18589	0.01193	0.08790	0.22649	0.02792	0.03524	0.15878	0.11067	0.01418	0.00857	0.00265	0.00814	0.01165	0.00697	0.01008
5	0.00959	0.00822	0.00822	0.00822	0.01096	0.00685	0.00617	0.01165	0.01850	0.02192	0.08220	0.07809	0.66092	0.02055	0.00959	0.00274	0.00411	0.01713	0.00754	0.00685
6	0.01224	0.00965	0.01429	0.01391	0.01521	0.01170	0.01095	0.01502	0.01298	0.01891	0.02056	0.03038	0.01927	0.05592	0.61328	0.01204	0.09348	0.00853	0.00426	0.00742
7	0.01054	0.00870	0.00931	0.00908	0.01173	0.00770	0.00683	0.01404	0.05146	0.02486	0.20638	0.07183	0.50056	0.01920	0.00952	0.00270	0.00417	0.01618	0.00788	0.00733
8	0.01159	0.00869	0.01304	0.01304	0.01449	0.01014	0.01014	0.01449	0.01304	0.01884	0.02173	0.03188	0.02029	0.06086	0.68268	0.01304	0.02173	0.00869	0.00435	0.00724
9	0.01010	0.00824	0.00893	0.00876	0.01127	0.00707	0.00657	0.01264	0.01970	0.02479	0.23835	0.07337	0.50299	0.01948	0.00958	0.00269	0.00403	0.01646	0.00791	0.00707
10	0.01308	0.00934	0.01308	0.01494	0.01681	0.00934	0.01308	0.01681	0.01868	0.02428	0.04296	0.09153	0.04670	0.02242	0.01121	0.00374	0.00747	0.60960	0.00747	0.00747
11	0.02018	0.01743	0.01835	0.01651	0.02110	0.02018	0.01284	0.04312	0.64956	0.03394	0.03303	0.03027	0.02477	0.01101	0.00826	0.00275	0.00642	0.00917	0.00826	0.01284
12	0.03085	0.02273	0.02435	0.01867	0.02516	0.02516	0.01542	0.63716	0.03815	0.05114	0.01948	0.01948	0.01380	0.00974	0.00812	0.00244	0.00893	0.00731	0.00812	0.01380
13	0.02413	0.24752	0.15022	0.02020	0.02712	0.27102	0.07172	0.05680	0.02029	0.02271	0.01319	0.01545	0.01073	0.00774	0.00697	0.00214	0.01196	0.00557	0.00400	0.01053
14	0.01169	0.00830	0.01102	0.01102	0.01178	0.00905	0.00763	0.01320	0.01244	0.01734	0.02358	0.04209	0.02472	0.37552	0.37408	0.01055	0.01506	0.01019	0.00462	0.00612
15	0.02018	0.01743	0.01835	0.01651	0.02110	0.02018	0.01284	0.04312	0.64956	0.03394	0.03303	0.03027	0.02477	0.01101	0.00826	0.00275	0.00642	0.00917	0.00826	0.01284
16	0.01644	0.01582	0.02233	0.01954	0.01985	0.02172	0.01613	0.01845	0.01256	0.01938	0.01302	0.02077	0.01271	0.02415	0.16658	0.00558	0.55529	0.00744	0.00372	0.00853
17	0.02182	0.65752	0.07155	0.01463	0.02169	0.06016	0.01473	0.02472	0.01680	0.01944	0.01149	0.01328	0.01041	0.00704	0.00542	0.00179	0.00910	0.00446	0.00350	0.01044
18	0.01989	0.02843	0.19961	0.02613	0.15215	0.16866	0.02093	0.02443	0.01784	0.02287	0.01971	0.02296	0.07146	0.01034	0.01190	0.00266	0.15816	0.00734	0.00412	0.01044
19	0.01721	0.01485	0.01551	0.01419	0.01826	0.01645	0.01097	0.03430	0.47273	0.03057	0.04680	0.04367	0.20302	0.01368	0.00863	0.00275	0.00577	0.01140	0.00805	0.01116
20	0.01183	0.00933	0.01229	0.01349	0.07423	0.00856	0.00893	0.01530	0.02140	0.02926	0.45141	0.06118	0.21897	0.01670	0.00943	0.00259	0.00446	0.01458	0.00811	0.00795
21	0.02053	0.02063	0.02964	0.03756	0.38852	0.07896	0.05015	0.02670	0.08921	0.02547	0.01625	0.02042	0.01356	0.00901	0.01146	0.00264	0.13579	0.00736	0.00443	0.01173
22	0.01166	0.00843	0.01171	0.01171	0.01270	0.00942	0.00848	0.01364	0.01265	0.01785	0.02295	0.03862	0.02321	0.26863	0.47891	0.01140	0.01733	0.00968	0.00453	0.00651
23	0.00989	0.00706	0.00942	0.01130	0.01177	0.00659	0.00753	0.01130	0.01554	0.02071	0.04472	0.70954	0.05367	0.02542	0.01036	0.00330	0.00471	0.02307	0.00753	0.00659
24	0.01754	0.03316	0.39860	0.02799	0.03832	0.01958	0.29534	0.02583	0.01802	0.02583	0.01538	0.01922	0.01117	0.00733	0.00853	0.00264	0.01273	0.00757	0.00372	0.01153
25	0.02060	0.18581	0.39184	0.02065	0.02981	0.17124	0.02332	0.02691	0.01832	0.02297	0.01341	0.01569	0.01035	0.00769	0.00709	0.00228	0.01188	0.00547	0.00361	0.01107
26	0.02844	0.03512	0.02481	0.02619	0.14209	0.56089	0.01737	0.03103	0.02217	0.02108	0.01304	0.01563	0.01089	0.00815	0.00745	0.00215	0.01372	0.00559	0.00415	0.01004
27	0.02791	0.03424	0.02493	0.02633	0.14467	0.53285	0.01749	0.03050	0.02174	0.02109	0.01298	0.01577	0.01091	0.00837	0.00819	0.00221	0.03998	0.00567	0.00413	0.01003
28	0.01180	0.00787	0.00885	0.00885	0.00885	0.00787	0.00492	0.01180	0.01180	0.01573	0.02557	0.05310	0.02950	0.71483	0.04130	0.00787	0.00787	0.01180	0.00492	0.00492
29	0.01180	0.00787	0.00885	0.00885	0.00885	0.00787	0.00492	0.01180	0.01180	0.01573	0.02557	0.05310	0.02950	0.71483	0.04130	0.00787	0.00787	0.01180	0.00492	0.00492
30	0.73455	0.01686	0.01249	0.01119	0.01617	0.05186	0.00914	0.02429	0.01427	0.03557	0.01136	0.01325	0.00887	0.00757	0.00514	0.00249	0.00670	0.00444	0.00498	0.00882
31	0.00990	0.00731	0.00927	0.01073	0.01165	0.00668	0.00730	0.01153	0.01636	0.02143	0.07754	0.57408	0.15810	0.02421	0.01019	0.00317	0.00457	0.02169	0.00759	0.00668
32	0.02200	0.02315	0.03034	0.07899	0.49456	0.16064	0.02281	0.02627	0.01932	0.02477	0.01464	0.01901	0.01223	0.00752	0.00788	0.00236	0.01077	0.00680	0.00403	0.01191
33	0.02238	0.02002	0.03110	0.04316	0.52789	0.02053	0.02288	0.15551	0.02267	0.03176	0.01616	0.01995	0.01305	0.00777	0.00805	0.00242	0.00949	0.00725	0.00489	0.01305
34	0.01927	0.04127	0.53417	0.02265	0.03298	0.16037	0.02693	0.02713	0.01838	0.02445	0.01413	0.01660	0.01032	0.00785	0.00763	0.00247	0.01256	0.00583	0.00359	0.01144
35	0.02780	0.03489	0.02860	0.02390	0.02899	0.53307	0.15525	0.03096	0.02213	0.02124	0.01342	0.01627	0.01087	0.00802	0.00783	0.00224	0.01442	0.00621	0.00416	0.00975
36	0.01060	0.00826	0.00962	0.00928	0.01158	0.00728	0.00696	0.01360	0.02089	0.02759	0.39091	0.06875	0.34867	0.01843	0.00958	0.00264	0.00396	0.01582	0.00828	0.00728
37	0.01623	0.01507	0.02391	0.03472	0.42258	0.01466	0.01810	0.01996	0.01820	0.02469	0.03639	0.10288	0.19366	0.01263	0.00868	0.00259	0.00765	0.01147	0.00532	0.01061
38	0.01093	0.00790	0.00871	0.00889	0.00978	0.00743	0.00555	0.01170	0.01424	0.01813	0.04498	0.12368	0.22784	0.43331	0.02849	0.00584	0.00640	0.01453	0.00598	0.00568
39	0.01180	0.00787	0.00885	0.00885	0.00885	0.00787	0.00492	0.01180	0.01180	0.01573	0.02557	0.05310	0.02950	0.71483	0.04130	0.00787	0.00787	0.01180	0.00492	0.00492
40	0.02008	0.01928	0.03294	0.04981	0.66422	0.01928	0.02490	0.02490	0.01848	0.02651	0.01526	0.02008	0.01285	0.00723	0.00803	0.00241	0.00964	0.00723	0.00402	0.01285
41	0.01915	0.02189	0.04788	0.03420	0.04241	0.02052	0.63475	0.02599	0.01915	0.02599	0.01642	0.02189	0.01231	0.00684	0.00958	0.00274	0.01368	0.00958	0.00410	0.01094
42	0.01937	0.01166	0.01210	0.01056	0.01370	0.01232	0.00831	0.18601	0.02273	0.03590	0.02458	0.02734	0.01891	0.00953	0.00633	0.00204	0.00517	0.00749	0.55670	0.00925
43	0.02669	0.32518	0.03121	0.01795	0.02329	0.40874	0.01492	0.02899	0.02026	0.01954	0.01201	0.01395	0.01044	0.00776	0.00643	0.00194	0.01213	0.00485	0.00388	0.00983
44	0.03031	0.03867	0.02299	0.02090	0.02508	0.68226	0.01568	0.03240	0.02299	0.01986	0.01254	0.01463	0.01045	0.00836	0.00732	0.00209	0.01463	0.00523	0.00418	0.00941
45	0.01168	0.00833	0.01120	0.01120	0.01202	0.00914	0.00785	0.01331	0.01250	0.01747	0.02342	0.04119	0.02433	0.34781	0.40126	0.01077	0.01565	0.01006	0.00460	0.00622
46	0.02511	0.01623	0.01821	0.01479	0.01995	0.01679	0.01194	0.26133	0.11187	0.17730	0.07010	0.03731	0.15790	0.01263	0.00853	0.00257	0.00686	0.01021	0.00848	0.01188
47	0.02018	0.01743	0.01835	0.01651	0.02110	0.02018	0.01284	0.04312	0.64956	0.03394	0.03303	0.03027	0.02477	0.01101	0.00826	0.00275	0.00642	0.00917	0.00826	0.01284
48	0.02245	0.65987	0.04080	0.01450	0.02120	0.08924	0.01404	0.02501	0.01706	0.01916	0.01139	0.01316	0.01042	0.00707	0.00539	0.00177	0.00920	0.00442	0.00353	0.01032
49	0.01143	0.00794	0.00960	0.01011	0.01074	0.00771	0.00667	0.01260	0.01471	0.01959	0.09485	0.18730	0.07266	0.40018	0.02722	0.00574	0.00663	0.08218	0.00623	0.00589
50	0.02864	0.07396	0.02424	0.02056	0.02449	0.58374	0.01578	0.03073	0.02163	0.01979	0.01229	0.01484	0.01047	0.00884	0.00905	0.00221	0.07990	0.00536	0.00408	0.00941
51	0.01171	0.00824	0.01074	0.01074	0.01139	0.00889	0.00727	0.01301	0.01236	0.01713	0.02384	0.04354	0.02535	0.42036	0.33010	0.01020	0.01411	0.01040	0.00466	0.00596
52	0.02847	0.18396	0.02716	0.01941	0.02418	0.54356	0.01530	0.03067	0.02161	0.01969	0.01227	0.01429	0.01044	0.00806	0.00687	0.00201	0.01336	0.00504	0.00403	0.00962
53	0.00986	0.00792	0.00880	0.00924	0.01129	0.00686	0.00668	0.01191	0.01814	0.02264	0.12886	0.24549	0.44094	0.02147	0.00979	0.00287	0.00424	0.01848	0.00767	0.00686
54	0.01029	0.00751	0.00968	0.01069	0.01178	0.00690	0.00743	0.01242	0.01784	0.02403	0.21479	0.47021	0.12135	0.02254	0.01007	0.00304	0.00441	0.02020	0.00791	0.00690
55	0.01066	0.00759	0.01017	0.01196	0.01270	0.00724	0.00859	0.01250	0.01602	0.02123	0.04340	0.54540	0.05099	0.05870	0.01206	0.00361	0.00545	0.14764	0.00739	0.00670
56	0.02876	0.02138	0.05090	0.02353	0.13532	0.02174	0.01703	0.39393	0.05762	0.13569	0.02096	0.02114	0.01488	0.00932	0.00810	0.00246	0.00877	0.00744	0.00751	0.01352
57	0.02951	0.03153	0.02298	0.01977	0.02473	0.40830	0.01532	0.22725	0.08781	0.03123	0.01673	0.01768	0.01290	0.00906	0.00766	0.00226	0.01202	0.00627	0.00583	0.01114
58	0.01743	0.01923	0.08684	0.01942	0.02540	0.01693	0.12500	0.02169	0.01614	0.02451	0.01382	0.01800	0.01155	0.00843	0.01212	0.00221	0.18683	0.00636	0.00423	0.36387
59	0.02651	0.03835	0.16958	0.02143	0.02715	0.49915	0.01901	0.03023	0.02113	0.02116	0.01290	0.01536	0.01042	0.00851	0.00839	0.00227	0.04900	0.00550	0.00398	0.00996
60	0.01719	0.01649	0.05132	0.08325	0.08537	0.01685	0.01436	0.03137	0.35349	0.02923	0.06177	0.03790	0.14261	0.01220	0.00849	0.00270	0.00691	0.01033	0.00705	0.01111
61	0.01087	0.00760	0.00953	0.01024	0.01086	0.00725	0.00668	0.01232	0.01586	0.02156	0.16951	0.34989	0.05041	0.25586	0.02062	0.00468	0.00558	0.01748	0.00695	0.00625
62	0.00989	0.00706	0.00942	0.01130	0.01177	0.00659	0.00753	0.01130	0.01554	0.02071	0.04472	0.70954	0.05367	0.02542	0.01036	0.00330	0.00471	0.02307	0.00753	0.00659
63	0.02034	0.02189	0.14138	0.01891	0.04837	0.01945	0.01646	0.03896	0.47273	0.06693	0.02883	0.02728	0.02134	0.01019	0.00814	0.00269	0.00761	0.00845	0.00729	0.01274
64	0.02749	0.02405	0.01919	0.01659	0.02080	0.29321	0.01273	0.11079	0.02334	0.16347	0.05271	0.02534	0.01895	0.07405	0.04065	0.00324	0.01084	0.00746	0.04483	0.01026
65	0.01683	0.01442	0.01683	0.01202	0.01923	0.01082	0.00961	0.02043	0.01683	0.02644	0.01442	0.01683	0.01202	0.00601	0.00601	0.00120	0.00601	0.00481	0.00481	0.76444
66	0.66311	0.01587	0.01323	0.01144	0.01666	0.01795	0.00943	0.05646	0.01596	0.09868	0.01373	0.01490	0.01014	0.00789	0.00548	0.00251	0.00647	0.00491	0.00567	0.00953
67	0.77215	0.01569	0.01193	0.01067	0.01569	0.01820	0.00879	0.02385	0.01381	0.03641	0.01130	0.01318	0.00879	0.00753	0.00502	0.00251	0.00628	0.00439	0.00502	0.00879
68	0.03031	0.03867	0.02299	0.02090	0.02508	0.68226	0.01568	0.03240	0.02299	0.01986	0.01254	0.01463	0.01045	0.00836	0.00732	0.00209	0.01463	0.00523	0.00418	0.00941
69	0.77215	0.01569	0.01193	0.01067	0.01569	0.01820	0.00879	0.02385	0.01381	0.03641	0.01130	0.01318	0.00879	0.00753	0.00502	0.00251	0.00628	0.00439	0.00502	0.00879
70	0.02456	0.17233	0.02179	0.01342	0.01851	0.01791	0.01133	0.06252	0.15468	0.21232	0.02568	0.02508	0.01875	0.00940	0.00695	0.00224	0.00660	0.00734	0.17714	0.01143
71	0.00985	0.00791	0.00880	0.00926	0.01130	0.00686	0.00669	0.01190	0.01810	0.02260	0.12704	0.25127	0.43693	0.02152	0.00980	0.00288	0.00425	0.01854	0.00767	0.00686
