[name]
unknown

[dist]
# distance from previous block
# <min> <max>
0	60

[block]
# block no. 0 follows, 21 sequences, length 55
# corresponding to MSA columns:
# 60-114
name=unknown_A
#
# <colnr> <probs for GDERKNQSTAVLIFYWHMCP>
#	G	D	E	R	K	N	Q	S	T	A	V	L	I	F	Y	W	H	M	C	P
0	0.02734	0.01387	0.01743	0.01502	0.02003	0.01334	0.01229	0.03508	0.15366	0.34599	0.04129	0.04673	0.09201	0.01415	0.00929	0.00294	0.00693	0.11086	0.00939	0.01235
1	0.01037	0.00741	0.00987	0.01185	0.01234	0.00691	0.00790	0.01185	0.01629	0.02172	0.04690	0.69537	0.05629	0.02666	0.01086	0.00346	0.00494	0.02419	0.00790	0.00691
2	0.01757	0.01627	0.02678	0.56018	0.13908	0.01946	0.02361	0.05201	0.01849	0.02417	0.01551	0.02235	0.01180	0.00846	0.00850	0.00278	0.01107	0.00757	0.00408	0.01026
3	0.01586	0.00793	0.00793	0.00793	0.00991	0.00793	0.00595	0.01983	0.01785	0.03173	0.02776	0.03173	0.02181	0.00991	0.00595	0.00198	0.00397	0.00793	0.74817	0.00793
4	0.02117	0.01828	0.01924	0.01732	0.02213	0.02117	0.01347	0.04522	0.63246	0.03560	0.03464	0.03175	0.02598	0.01155	0.00866	0.00289	0.00673	0.00962	0.00866	0.01347
5	0.01037	0.00741	0.00987	0.01185	0.01234	0.00691	0.00790	0.01185	0.01629	0.02172	0.04690	0.69537	0.05629	0.02666	0.01086	0.00346	0.00494	0.02419	0.00790	0.00691
6	0.02117	0.01828	0.01924	0.01732	0.02213	0.02117	0.01347	0.04522	0.63246	0.03560	0.03464	0.03175	0.02598	0.01155	0.00866	0.00289	0.00673	0.00962	0.00866	0.01347
7	0.12311	0.04812	0.09926	0.03063	0.03909	0.02145	0.45837	0.02686	0.01902	0.02850	0.01610	0.02091	0.01214	0.00736	0.00904	0.00278	0.01292	0.00875	0.00435	0.01124
8	0.06060	0.15652	0.11683	0.03108	0.23495	0.15227	0.04754	0.02741	0.01922	0.02498	0.01416	0.01771	0.01178	0.00818	0.00852	0.00243	0.04373	0.00637	0.00409	0.01165
9	0.01687	0.00984	0.01249	0.01117	0.01427	0.00875	0.00861	0.02036	0.02319	0.15575	0.40843	0.06037	0.18286	0.01687	0.00975	0.00271	0.00472	0.01455	0.00930	0.00915
10	0.01238	0.00825	0.00928	0.00928	0.00928	0.00825	0.00516	0.01238	0.01238	0.01650	0.02681	0.05569	0.03094	0.70092	0.04331	0.00825	0.00825	0.01238	0.00516	0.00516
11	0.01868	0.11391	0.54842	0.02307	0.03452	0.06577	0.02862	0.02728	0.01832	0.02580	0.01476	0.01733	0.01081	0.00805	0.00778	0.00257	0.01240	0.00605	0.00365	0.01221
12	0.02892	0.02044	0.02213	0.01732	0.02342	0.02194	0.01419	0.46772	0.03517	0.09570	0.03296	0.03184	0.12502	0.01222	0.00879	0.00262	0.00831	0.00953	0.00857	0.01320
13	0.01373	0.01143	0.01669	0.01578	0.01693	0.01439	0.01258	0.01648	0.01352	0.01993	0.01997	0.02983	0.01882	0.05192	0.51170	0.01126	0.18396	0.00871	0.00436	0.00801
14	0.01698	0.03423	0.44709	0.02034	0.03100	0.01684	0.02434	0.02487	0.01818	0.02752	0.04639	0.02014	0.01474	0.00805	0.00769	0.00230	0.01041	0.00639	0.00428	0.21820
15	0.02275	0.70604	0.04459	0.01456	0.02184	0.03367	0.01456	0.02548	0.01729	0.02002	0.01183	0.01365	0.01092	0.00728	0.00546	0.00182	0.00910	0.00455	0.00364	0.01092
16	0.01862	0.07273	0.42043	0.03176	0.19467	0.02077	0.06944	0.02668	0.01844	0.02681	0.01541	0.01887	0.01163	0.00785	0.00816	0.00262	0.01187	0.00679	0.00381	0.01264
17	0.02360	0.02526	0.02961	0.09828	0.37190	0.19994	0.02220	0.02942	0.06893	0.02593	0.01661	0.02047	0.01357	0.00831	0.00824	0.00249	0.01141	0.00716	0.00457	0.01211
18	0.01216	0.00912	0.01368	0.01368	0.01520	0.01064	0.01064	0.01520	0.01368	0.01976	0.02279	0.03343	0.02127	0.06382	0.66720	0.01368	0.02279	0.00912	0.00456	0.00760
19	0.01769	0.03130	0.34433	0.18819	0.09180	0.01991	0.13506	0.02567	0.01823	0.02581	0.01565	0.02026	0.01152	0.00798	0.00857	0.00275	0.01240	0.00738	0.00382	0.01169
20	0.02039	0.01953	0.03332	0.13716	0.56818	0.02004	0.02578	0.02553	0.01906	0.02698	0.01589	0.02128	0.01319	0.00771	0.00844	0.00257	0.01028	0.00758	0.00415	0.01294
21	0.02185	0.03623	0.48424	0.02191	0.03276	0.01827	0.02637	0.03109	0.05306	0.16281	0.02029	0.02110	0.01384	0.00880	0.00822	0.00269	0.01110	0.00696	0.00537	0.01304
22	0.01006	0.00862	0.00862	0.00862	0.01149	0.00718	0.00647	0.01221	0.01940	0.02299	0.08621	0.08190	0.64438	0.02155	0.01006	0.00287	0.00431	0.01796	0.00790	0.00718
23	0.01462	0.01065	0.01263	0.01199	0.01287	0.01145	0.00807	0.07539	0.01651	0.02242	0.05950	0.15496	0.03421	0.42334	0.03133	0.00619	0.06736	0.01356	0.00604	0.00691
24	0.01039	0.00794	0.00945	0.01051	0.01193	0.00711	0.00727	0.01217	0.01762	0.02250	0.08477	0.41841	0.27494	0.04916	0.01172	0.00338	0.00479	0.02109	0.00786	0.00699
25	0.01125	0.00867	0.01027	0.00987	0.01223	0.00769	0.00740	0.01452	0.02221	0.02967	0.42066	0.07090	0.30576	0.01906	0.01005	0.00276	0.00413	0.01642	0.00878	0.00769
26	0.02081	0.01996	0.03408	0.08453	0.61754	0.02015	0.02599	0.02589	0.01926	0.02749	0.01596	0.02115	0.01337	0.00763	0.00843	0.00254	0.01017	0.00758	0.00419	0.01327
27	0.02036	0.02842	0.20426	0.03346	0.24919	0.08563	0.02464	0.02562	0.01776	0.02492	0.01423	0.01898	0.01186	0.00980	0.01347	0.00286	0.19188	0.00698	0.00393	0.01176
28	0.02866	0.03532	0.02941	0.02785	0.10687	0.48720	0.10946	0.03197	0.02291	0.02268	0.01413	0.01723	0.01158	0.00838	0.00813	0.00234	0.01454	0.00644	0.00435	0.01056
29	0.01053	0.00747	0.00983	0.01165	0.01210	0.00702	0.00768	0.01189	0.01598	0.02131	0.04532	0.64482	0.05428	0.07995	0.01343	0.00383	0.00520	0.02326	0.00768	0.00677
30	0.01317	0.01416	0.10124	0.01531	0.03973	0.01054	0.01227	0.05631	0.01851	0.02496	0.04269	0.48222	0.09203	0.02186	0.01016	0.00321	0.00644	0.01948	0.00721	0.00848
31	0.01853	0.02175	0.08171	0.18380	0.03394	0.13081	0.09019	0.02308	0.01742	0.02205	0.01682	0.02363	0.01416	0.02432	0.19342	0.00581	0.07710	0.00780	0.00414	0.00952
32	0.01035	0.00747	0.00981	0.01169	0.01230	0.00693	0.00783	0.01187	0.01645	0.02179	0.04891	0.66412	0.08624	0.02640	0.01082	0.00343	0.00491	0.02388	0.00790	0.00693
33	0.02247	0.02424	0.02916	0.15837	0.28113	0.19898	0.05439	0.02687	0.02031	0.02451	0.01741	0.02580	0.01515	0.00932	0.00858	0.00262	0.01185	0.05320	0.00447	0.01116
34	0.02037	0.02348	0.09744	0.12670	0.36218	0.05325	0.14002	0.02625	0.01931	0.02647	0.01591	0.02104	0.01270	0.00773	0.00868	0.00263	0.01160	0.00782	0.00412	0.01229
35	0.02413	0.02750	0.03569	0.11810	0.09027	0.23318	0.25822	0.06051	0.02201	0.02587	0.01567	0.02013	0.01219	0.00807	0.00884	0.00260	0.01365	0.00788	0.00448	0.01101
36	0.02079	0.01854	0.02739	0.18140	0.28425	0.01939	0.02071	0.09889	0.07618	0.03029	0.01789	0.02178	0.01410	0.00827	0.00815	0.00244	0.00940	0.00738	0.00517	0.12758
37	0.05550	0.05937	0.19663	0.02600	0.09588	0.12931	0.12424	0.03091	0.02065	0.15300	0.01874	0.02057	0.01349	0.00844	0.00825	0.00257	0.01162	0.00725	0.00539	0.01219
38	0.02797	0.32169	0.03277	0.01881	0.02442	0.39931	0.01565	0.03039	0.02123	0.02049	0.01260	0.01463	0.01094	0.00814	0.00674	0.00204	0.01271	0.00509	0.00407	0.01031
39	0.01670	0.01529	0.02431	0.32859	0.20245	0.01701	0.02049	0.02269	0.05309	0.02517	0.05937	0.03588	0.08174	0.01124	0.00895	0.00283	0.00943	0.04927	0.00516	0.01033
40	0.03118	0.03553	0.02408	0.02112	0.02604	0.48835	0.01618	0.15724	0.06932	0.02871	0.01616	0.01754	0.01273	0.00926	0.00792	0.00232	0.01350	0.00622	0.00554	0.01108
41	0.01320	0.01164	0.02031	0.01936	0.05377	0.01095	0.14544	0.01625	0.01765	0.02383	0.06442	0.48095	0.04530	0.02086	0.01051	0.00324	0.00729	0.01974	0.00696	0.00834
42	0.01478	0.00739	0.01109	0.01109	0.01109	0.00739	0.00739	0.01109	0.01109	0.01478	0.01478	0.02587	0.01478	0.02956	0.03326	0.75240	0.00739	0.00739	0.00370	0.00370
43	0.01464	0.04980	0.01417	0.01217	0.01488	0.01166	0.00920	0.10634	0.02212	0.02899	0.15503	0.28784	0.20070	0.02014	0.00985	0.00294	0.00553	0.01744	0.00801	0.00856
44	0.01238	0.00825	0.00928	0.00928	0.00928	0.00825	0.00516	0.01238	0.01238	0.01650	0.02681	0.05569	0.03094	0.70092	0.04331	0.00825	0.00825	0.01238	0.00516	0.00516
45	0.01378	0.00876	0.01002	0.00966	0.01067	0.00837	0.00602	0.01456	0.01493	0.06235	0.07108	0.05830	0.12683	0.51104	0.03396	0.00673	0.00734	0.01314	0.00618	0.00627
46	0.01865	0.22809	0.48661	0.02156	0.03266	0.02363	0.02675	0.02654	0.01778	0.02502	0.01432	0.01677	0.01082	0.00786	0.00736	0.00245	0.01161	0.00581	0.00361	0.01212
47	0.01209	0.00822	0.00976	0.01003	0.01023	0.00829	0.00602	0.01256	0.01302	0.01750	0.02914	0.13931	0.03345	0.55261	0.09581	0.00810	0.00913	0.01366	0.00547	0.00561
48	0.02742	0.19846	0.03072	0.02463	0.11695	0.38892	0.01751	0.03016	0.02127	0.02165	0.01317	0.01592	0.01133	0.00850	0.00814	0.00222	0.04259	0.00565	0.00415	0.01063
49	0.01037	0.00741	0.00987	0.01185	0.01234	0.00691	0.00790	0.01185	0.01629	0.02172	0.04690	0.69537	0.05629	0.02666	0.01086	0.00346	0.00494	0.02419	0.00790	0.00691
50	0.01716	0.01353	0.01536	0.01292	0.01708	0.01274	0.00959	0.06877	0.10912	0.02707	0.02498	0.06994	0.02422	0.22354	0.01872	0.00399	0.00721	0.03453	0.00616	0.28337
51	0.02156	0.46380	0.09454	0.02125	0.02932	0.02920	0.18338	0.02609	0.01812	0.02258	0.01360	0.01658	0.01146	0.00731	0.00694	0.00218	0.01083	0.00621	0.00382	0.01121
52	0.02098	0.01534	0.01745	0.01549	0.01909	0.01630	0.01187	0.30295	0.02806	0.03765	0.06567	0.33896	0.03753	0.01830	0.00969	0.00298	0.00701	0.01582	0.00827	0.01059
53	0.01047	0.00745	0.00984	0.01171	0.01218	0.00698	0.00776	0.01188	0.01609	0.02145	0.04585	0.66165	0.05495	0.06220	0.01257	0.00371	0.00511	0.02357	0.00776	0.00682
54	0.01046	0.00786	0.00970	0.01089	0.01216	0.00710	0.00754	0.01238	0.01791	0.02334	0.11924	0.46983	0.21193	0.02437	0.01057	0.00322	0.00468	0.02165	0.00805	0.00710

[dist]
# distance from previous block
# <min> <max>
0	2

[block]
# block no. 1 follows, 21 sequences, length 43
# corresponding to MSA columns:
# 117-159
name=unknown_B
#
# <colnr> <probs for GDERKNQSTAVLIFYWHMCP>
#	G	D	E	R	K	N	Q	S	T	A	V	L	I	F	Y	W	H	M	C	P
0	0.01274	0.01004	0.01070	0.01050	0.01356	0.00925	0.00800	0.01773	0.09660	0.04930	0.07326	0.11429	0.47722	0.02028	0.00995	0.00295	0.00493	0.04232	0.00810	0.00827
1	0.10420	0.03505	0.44509	0.02108	0.03154	0.01900	0.02504	0.06777	0.02001	0.12700	0.01806	0.01937	0.01244	0.00858	0.00787	0.00267	0.01087	0.00654	0.00518	0.01262
2	0.01784	0.13399	0.57362	0.02294	0.03480	0.02165	0.02915	0.02675	0.01788	0.02601	0.01480	0.01738	0.01080	0.00798	0.00773	0.00258	0.01210	0.00605	0.00360	0.01235
3	0.01025	0.00863	0.00889	0.00882	0.01161	0.00727	0.00662	0.01258	0.01985	0.02406	0.14002	0.08013	0.58991	0.02115	0.01006	0.00285	0.00428	0.01771	0.00804	0.00727
4	0.01707	0.04402	0.65683	0.02426	0.03683	0.01976	0.03144	0.02695	0.01797	0.02695	0.01527	0.01797	0.01078	0.00809	0.00809	0.00270	0.01258	0.00629	0.00359	0.01258
5	0.02844	0.02513	0.13793	0.02569	0.15167	0.08414	0.01962	0.11768	0.06160	0.22807	0.02288	0.02298	0.01603	0.00934	0.00836	0.00258	0.00987	0.00758	0.00699	0.01341
6	0.02733	0.03304	0.02393	0.02395	0.08779	0.47607	0.01680	0.02990	0.02159	0.02138	0.01458	0.01849	0.01258	0.01622	0.09523	0.00382	0.05676	0.00629	0.00435	0.00990
7	0.01353	0.00966	0.01350	0.01546	0.01734	0.00964	0.01340	0.01732	0.01941	0.02526	0.04516	0.12869	0.04938	0.02368	0.01171	0.00389	0.00768	0.55966	0.00784	0.00779
8	0.01827	0.01737	0.02949	0.40395	0.31796	0.01948	0.02473	0.02367	0.01806	0.02441	0.01551	0.02197	0.01228	0.00810	0.00847	0.00270	0.01080	0.00757	0.00397	0.01123
9	0.02848	0.03401	0.02534	0.02673	0.13667	0.46686	0.01778	0.03405	0.10293	0.02401	0.01648	0.01851	0.01338	0.00892	0.00794	0.00234	0.01328	0.00640	0.00491	0.01098
10	0.01692	0.01667	0.01964	0.01735	0.02006	0.13472	0.09014	0.01980	0.01624	0.02036	0.02097	0.03264	0.01997	0.15976	0.34610	0.00914	0.01770	0.00914	0.00460	0.00810
11	0.43054	0.25487	0.02484	0.01334	0.01935	0.05325	0.01180	0.06192	0.01744	0.03212	0.01243	0.01424	0.01020	0.00787	0.00564	0.00233	0.00801	0.00481	0.00487	0.01015
12	0.01172	0.00955	0.01060	0.01084	0.01361	0.00877	0.00858	0.01590	0.06288	0.02501	0.10426	0.08035	0.44402	0.02103	0.01032	0.00308	0.00521	0.13843	0.00802	0.00781
13	0.57019	0.02277	0.01555	0.01400	0.01904	0.18859	0.01111	0.02736	0.01700	0.03364	0.01219	0.01422	0.00967	0.00813	0.00590	0.00252	0.00888	0.00484	0.00504	0.00939
14	0.01106	0.00779	0.00958	0.01071	0.01120	0.00740	0.00683	0.01206	0.01513	0.01996	0.04256	0.42576	0.08874	0.26493	0.02229	0.00511	0.00607	0.01957	0.00693	0.00631
15	0.01439	0.01106	0.01474	0.01445	0.01680	0.01088	0.04436	0.09626	0.02066	0.02713	0.04647	0.39057	0.12399	0.02215	0.01053	0.00330	0.00645	0.10966	0.00777	0.00838
16	0.01767	0.08926	0.57348	0.02434	0.03628	0.02086	0.06908	0.02687	0.01806	0.02648	0.01516	0.01799	0.01093	0.00797	0.00803	0.00264	0.01245	0.00641	0.00364	0.01239
17	0.01221	0.00931	0.01162	0.01277	0.01511	0.00872	0.01074	0.01540	0.01951	0.02445	0.06197	0.09020	0.29364	0.02270	0.01106	0.00349	0.00639	0.35526	0.00786	0.00757
18	0.01222	0.00886	0.01239	0.01239	0.01346	0.00994	0.00903	0.01437	0.01329	0.01880	0.02397	0.03997	0.02411	0.25090	0.48401	0.01208	0.01852	0.01007	0.00473	0.00688
19	0.03028	0.03769	0.02559	0.02620	0.11391	0.57563	0.01781	0.03287	0.02345	0.02181	0.01356	0.01615	0.01132	0.00860	0.00778	0.00224	0.01461	0.00578	0.00436	0.01038
20	0.01733	0.04248	0.61661	0.02606	0.07632	0.01979	0.03110	0.02690	0.01806	0.02701	0.01532	0.01817	0.01095	0.00805	0.00811	0.00268	0.01242	0.00637	0.00363	0.01264
21	0.01037	0.00741	0.00987	0.01185	0.01234	0.00691	0.00790	0.01185	0.01629	0.02172	0.04690	0.69537	0.05629	0.02666	0.01086	0.00346	0.00494	0.02419	0.00790	0.00691
22	0.01862	0.01771	0.02979	0.27809	0.39752	0.01900	0.02410	0.02374	0.01852	0.02533	0.01968	0.02511	0.04856	0.00871	0.00855	0.00266	0.01023	0.00817	0.00427	0.01166
23	0.01229	0.03912	0.01348	0.07092	0.01771	0.01025	0.01017	0.01588	0.05674	0.02292	0.04549	0.46514	0.10474	0.02256	0.01026	0.00327	0.00593	0.05790	0.00740	0.00782
24	0.02744	0.01842	0.02078	0.01695	0.02215	0.01959	0.01355	0.38749	0.03219	0.12237	0.05651	0.16846	0.02733	0.01412	0.00909	0.00276	0.00790	0.01168	0.00868	0.01255
25	0.02618	0.45497	0.03700	0.01717	0.02353	0.22900	0.01525	0.06750	0.02091	0.02250	0.01281	0.01463	0.01117	0.00794	0.00635	0.00198	0.01105	0.00504	0.00419	0.01083
26	0.01779	0.01437	0.01787	0.13198	0.02509	0.01380	0.01216	0.10025	0.01938	0.02744	0.02035	0.07069	0.01930	0.15400	0.01504	0.00332	0.00794	0.00862	0.00550	0.31511
27	0.01973	0.01784	0.02619	0.29307	0.20336	0.02030	0.02107	0.06335	0.18863	0.02899	0.02104	0.02463	0.01612	0.00920	0.00853	0.00275	0.00963	0.00814	0.00551	0.01192
28	0.01238	0.00825	0.00928	0.00928	0.00928	0.00825	0.00516	0.01238	0.01238	0.01650	0.02681	0.05569	0.03094	0.70092	0.04331	0.00825	0.00825	0.01238	0.00516	0.00516
29	0.02499	0.09148	0.02858	0.19853	0.14525	0.20324	0.01982	0.13595	0.02367	0.02825	0.01539	0.01906	0.01215	0.00861	0.00797	0.00245	0.01166	0.00671	0.00488	0.01135
30	0.02167	0.02897	0.13780	0.26132	0.03937	0.22919	0.02202	0.02645	0.01894	0.02221	0.01398	0.01892	0.01110	0.00939	0.01080	0.00272	0.10446	0.00665	0.00393	0.01012
31	0.01147	0.00874	0.01058	0.01030	0.01260	0.00785	0.00784	0.01484	0.02221	0.02980	0.41679	0.07180	0.27073	0.01919	0.01015	0.00282	0.00435	0.05144	0.00877	0.00773
32	0.02723	0.01845	0.02075	0.01676	0.02223	0.01974	0.01353	0.31074	0.14023	0.13726	0.14770	0.03224	0.03049	0.01192	0.00885	0.00265	0.00752	0.00967	0.00901	0.01303
33	0.02685	0.22891	0.03266	0.02612	0.16266	0.24011	0.01799	0.11895	0.02348	0.02713	0.01451	0.01689	0.01204	0.00829	0.00732	0.00221	0.01144	0.00601	0.00476	0.01168
34	0.01150	0.00853	0.01191	0.01312	0.01402	0.00894	0.00962	0.01366	0.01576	0.02149	0.03871	0.42885	0.04420	0.03620	0.19330	0.00634	0.03567	0.07409	0.00681	0.00728
35	0.02097	0.02962	0.30488	0.02494	0.11366	0.01958	0.02309	0.03414	0.21717	0.09039	0.02339	0.02390	0.01705	0.00937	0.00836	0.00273	0.00984	0.00776	0.00598	0.01317
36	0.01083	0.00773	0.01040	0.01237	0.01307	0.00731	0.00870	0.01264	0.01675	0.02224	0.04665	0.61314	0.05528	0.02623	0.01098	0.00352	0.00533	0.10189	0.00789	0.00704
37	0.02604	0.18082	0.19399	0.02099	0.02813	0.36487	0.01997	0.03036	0.02108	0.02226	0.01343	0.01568	0.01091	0.00828	0.00732	0.00225	0.01331	0.00550	0.00402	0.01080
38	0.01058	0.00864	0.00934	0.00917	0.01181	0.00741	0.00688	0.01322	0.02063	0.02590	0.23201	0.07710	0.49676	0.02047	0.01005	0.00282	0.00423	0.01729	0.00829	0.00741
39	0.01586	0.00793	0.00793	0.00793	0.00991	0.00793	0.00595	0.01983	0.01785	0.03173	0.02776	0.03173	0.02181	0.00991	0.00595	0.00198	0.00397	0.00793	0.74817	0.00793
40	0.02153	0.05893	0.02306	0.02266	0.13258	0.01934	0.01541	0.12063	0.19945	0.06560	0.02458	0.02729	0.01956	0.02400	0.18074	0.00552	0.01212	0.00846	0.00657	0.01199
41	0.07205	0.28602	0.17499	0.01985	0.02764	0.16089	0.06092	0.06144	0.02018	0.02535	0.01375	0.01603	0.01113	0.00797	0.00700	0.00226	0.01141	0.00570	0.00422	0.01120
42	0.02271	0.02391	0.13746	0.02210	0.06656	0.02179	0.01917	0.17973	0.02256	0.05672	0.01614	0.01939	0.01273	0.01045	0.01386	0.00272	0.21054	0.00697	0.00546	0.12901

[dist]
# distance from previous block
# <min> <max>
0	1

[block]
# block no. 2 follows, 21 sequences, length 120
# corresponding to MSA columns:
# 161-280
name=unknown_C
#
# <colnr> <probs for GDERKNQSTAVLIFYWHMCP>
#	G	D	E	R	K	N	Q	S	T	A	V	L	I	F	Y	W	H	M	C	P
0	0.01041	0.00863	0.00910	0.00899	0.01171	0.00733	0.00674	0.01289	0.02022	0.02494	0.18388	0.07869	0.54550	0.02082	0.01005	0.00284	0.00426	0.01751	0.00816	0.00733
1	0.01222	0.00822	0.00944	0.00954	0.00969	0.00815	0.00551	0.01255	0.01331	0.01786	0.06329	0.09966	0.03547	0.61612	0.03921	0.00761	0.00778	0.01335	0.00558	0.00544
2	0.02834	0.24623	0.02894	0.01591	0.02212	0.02397	0.01372	0.23679	0.02629	0.16640	0.02104	0.02365	0.01640	0.08083	0.01112	0.00292	0.00871	0.00731	0.00698	0.01233
3	0.01195	0.00870	0.01124	0.01061	0.01265	0.00799	0.00795	0.01587	0.02386	0.03359	0.61640	0.06446	0.10758	0.01760	0.01004	0.00269	0.00403	0.01551	0.00930	0.00799
4	0.01763	0.10985	0.59595	0.02329	0.03534	0.02115	0.02976	0.02680	0.01790	0.02626	0.01493	0.01754	0.01079	0.00801	0.00782	0.00261	0.01223	0.00612	0.00360	0.01241
5	0.01671	0.03864	0.54816	0.02424	0.06778	0.01844	0.02845	0.02565	0.01875	0.02782	0.08763	0.02339	0.01893	0.00913	0.00833	0.00268	0.01145	0.00741	0.00429	0.01210
6	0.01211	0.00913	0.01050	0.01028	0.01215	0.00864	0.00733	0.01556	0.05281	0.02557	0.24250	0.06677	0.23466	0.20605	0.01917	0.00433	0.00560	0.04192	0.00765	0.00727
7	0.15888	0.02256	0.02328	0.01812	0.02467	0.02512	0.01497	0.51624	0.03558	0.05095	0.01894	0.01928	0.01356	0.00981	0.00795	0.00257	0.00888	0.00713	0.00795	0.01356
8	0.01136	0.00811	0.01101	0.01298	0.01391	0.00777	0.00962	0.01356	0.01727	0.02283	0.04636	0.51803	0.05412	0.02573	0.01113	0.00359	0.00579	0.19176	0.00788	0.00719
9	0.01581	0.01503	0.02514	0.02089	0.02326	0.01720	0.15643	0.01884	0.01530	0.02174	0.02243	0.14374	0.02327	0.10172	0.12216	0.00555	0.22616	0.01180	0.00488	0.00866
10	0.01090	0.00778	0.01048	0.01245	0.01318	0.00737	0.00882	0.01276	0.01681	0.02231	0.04661	0.60080	0.05513	0.02616	0.01100	0.00353	0.00539	0.11355	0.00789	0.00706
11	0.02439	0.01829	0.01994	0.01710	0.02228	0.02039	0.01352	0.14285	0.42976	0.10441	0.06722	0.03133	0.02659	0.01155	0.00870	0.00279	0.00709	0.00950	0.00887	0.01344
12	0.01095	0.00900	0.00970	0.00970	0.01230	0.00799	0.00720	0.01442	0.05102	0.02514	0.16158	0.13918	0.46987	0.02095	0.01007	0.00290	0.00445	0.01779	0.00816	0.00760
13	0.01176	0.00844	0.01098	0.01083	0.01245	0.00784	0.00784	0.01509	0.02201	0.03088	0.50019	0.17758	0.07314	0.05800	0.01208	0.00314	0.00442	0.01681	0.00886	0.00766
14	0.01765	0.01513	0.01765	0.01260	0.02017	0.01134	0.01008	0.02143	0.01765	0.02773	0.01513	0.01765	0.01260	0.00630	0.00630	0.00126	0.00630	0.00504	0.00504	0.75295
15	0.01235	0.00836	0.00983	0.00983	0.01003	0.00855	0.00585	0.01273	0.01254	0.01691	0.02631	0.05289	0.02972	0.62075	0.12183	0.00893	0.01008	0.01197	0.00508	0.00546
16	0.01159	0.00816	0.01010	0.01091	0.01237	0.00739	0.00761	0.01357	0.01821	0.04539	0.13776	0.40821	0.19724	0.05542	0.01201	0.00341	0.00490	0.02039	0.00807	0.00731
17	0.01037	0.00741	0.00987	0.01185	0.01234	0.00691	0.00790	0.01185	0.01629	0.02172	0.04690	0.69537	0.05629	0.02666	0.01086	0.00346	0.00494	0.02419	0.00790	0.00691
18	0.01908	0.27776	0.44067	0.02083	0.03154	0.02467	0.02548	0.02643	0.01773	0.02450	0.01406	0.01644	0.01083	0.00780	0.00716	0.00239	0.01135	0.00567	0.00361	0.01199
19	0.01981	0.02743	0.22927	0.03730	0.34539	0.02024	0.02561	0.02970	0.12538	0.02889	0.01901	0.02194	0.01479	0.00843	0.00836	0.00264	0.01031	0.00753	0.00479	0.01319
20	0.01822	0.00998	0.01286	0.01270	0.01526	0.00919	0.00927	0.02149	0.05272	0.18820	0.04659	0.42393	0.10312	0.02110	0.01006	0.00315	0.00558	0.01868	0.00863	0.00928
21	0.02104	0.50620	0.22941	0.01749	0.02637	0.02947	0.01966	0.02593	0.01750	0.02211	0.01287	0.01495	0.01088	0.00752	0.00625	0.00208	0.01015	0.00508	0.00363	0.01142
22	0.01088	0.00917	0.01015	0.00986	0.01240	0.00843	0.00751	0.01334	0.01949	0.02434	0.16113	0.07370	0.49994	0.02260	0.04198	0.00340	0.03986	0.01663	0.00775	0.00744
23	0.02890	0.02212	0.02360	0.01888	0.02508	0.02478	0.01534	0.44240	0.22269	0.04807	0.02481	0.02392	0.01802	0.01063	0.00856	0.00266	0.00855	0.00827	0.00856	0.01416
24	0.02313	0.18140	0.03064	0.01913	0.02528	0.02147	0.11814	0.03129	0.14813	0.12942	0.02208	0.02344	0.01690	0.01237	0.04795	0.00311	0.04758	0.00771	0.00614	0.08470
25	0.02163	0.02394	0.05940	0.07269	0.35276	0.09449	0.19607	0.02717	0.01996	0.02653	0.01596	0.02092	0.01283	0.00766	0.00880	0.00261	0.01208	0.00801	0.00422	0.01227
26	0.05906	0.05957	0.08142	0.01930	0.08034	0.08317	0.01490	0.02425	0.10581	0.02590	0.03187	0.16910	0.06354	0.01870	0.05465	0.00367	0.00941	0.07924	0.00623	0.00988
27	0.01216	0.00912	0.01368	0.01368	0.01520	0.01064	0.01064	0.01520	0.01368	0.01976	0.02279	0.03343	0.02127	0.06382	0.66720	0.01368	0.02279	0.00912	0.00456	0.00760
28	0.01568	0.01334	0.01741	0.11588	0.07984	0.01449	0.01381	0.02528	0.20636	0.02693	0.04005	0.21997	0.10370	0.01681	0.00959	0.00307	0.00703	0.05358	0.00719	0.00999
29	0.06563	0.22629	0.09916	0.13949	0.06352	0.05767	0.11713	0.08731	0.02041	0.02719	0.01481	0.01837	0.01170	0.00799	0.00758	0.00244	0.01096	0.00668	0.00444	0.01126
30	0.01707	0.04402	0.65683	0.02426	0.03683	0.01976	0.03144	0.02695	0.01797	0.02695	0.01527	0.01797	0.01078	0.00809	0.00809	0.00270	0.01258	0.00629	0.00359	0.01258
31	0.01212	0.00873	0.01049	0.01076	0.01215	0.00831	0.00777	0.01419	0.01770	0.02331	0.17090	0.07083	0.16742	0.28397	0.02327	0.00513	0.00650	0.13262	0.00713	0.00671
32	0.01932	0.02047	0.08978	0.20448	0.25240	0.02052	0.02297	0.05885	0.01865	0.02661	0.01578	0.02132	0.01278	0.00943	0.01167	0.00280	0.12753	0.00745	0.04583	0.01136
33	0.01474	0.01620	0.08782	0.02003	0.02412	0.01480	0.14372	0.01930	0.01546	0.02215	0.02016	0.02874	0.01782	0.04312	0.42164	0.00966	0.05820	0.00893	0.00436	0.00904
34	0.02227	0.01408	0.05361	0.01508	0.01955	0.01202	0.01316	0.05884	0.04299	0.22665	0.04376	0.09634	0.11848	0.01723	0.00995	0.00315	0.00732	0.20634	0.00852	0.01065
35	0.01046	0.00751	0.00978	0.01156	0.01215	0.00699	0.00769	0.01189	0.01624	0.02152	0.04776	0.63337	0.08317	0.06079	0.01248	0.00367	0.00508	0.02329	0.00776	0.00684
36	0.01932	0.02127	0.17010	0.16104	0.06333	0.01627	0.08831	0.05131	0.01787	0.07723	0.01717	0.02281	0.01337	0.01398	0.01507	0.19914	0.01044	0.00760	0.00460	0.00976
37	0.02106	0.02022	0.03454	0.05223	0.64784	0.02022	0.02612	0.02612	0.01938	0.02780	0.01601	0.02106	0.01348	0.00758	0.00842	0.00253	0.01011	0.00758	0.00421	0.01348
38	0.02329	0.01934	0.02044	0.01775	0.02294	0.02216	0.01398	0.15444	0.51978	0.03903	0.03194	0.02960	0.02379	0.01129	0.00863	0.00282	0.00724	0.00925	0.00863	0.01366
39	0.01085	0.00761	0.00973	0.01124	0.01161	0.00723	0.00725	0.01197	0.01536	0.02048	0.04212	0.54306	0.05025	0.18721	0.01859	0.00460	0.00573	0.02138	0.00725	0.00649
40	0.02970	0.03647	0.02529	0.02587	0.11231	0.54028	0.01762	0.03353	0.05810	0.02264	0.01477	0.01707	0.01217	0.00876	0.00783	0.00228	0.01413	0.00601	0.00460	0.01057
41	0.01241	0.00839	0.01028	0.01039	0.01090	0.00873	0.00666	0.01345	0.01322	0.01844	0.02702	0.08431	0.02951	0.47210	0.18792	0.00892	0.01128	0.01200	0.04808	0.00600
42	0.01215	0.00822	0.00928	0.00940	0.00957	0.00812	0.00538	0.01234	0.01294	0.01712	0.03086	0.09391	0.06225	0.62893	0.03982	0.00771	0.00787	0.01333	0.00545	0.00536
43	0.07266	0.03489	0.02383	0.02091	0.02553	0.47686	0.01611	0.13876	0.02581	0.02774	0.01428	0.01637	0.01151	0.00934	0.00886	0.00237	0.05246	0.00594	0.00514	0.01063
44	0.01184	0.00834	0.00913	0.00913	0.00979	0.00800	0.00546	0.01234	0.01400	0.01800	0.04056	0.06175	0.17289	0.54372	0.03562	0.00701	0.00734	0.01367	0.00579	0.00563
45	0.01284	0.00830	0.00953	0.00947	0.01004	0.00831	0.00586	0.01399	0.01440	0.02064	0.08726	0.05172	0.03391	0.49728	0.06900	0.00708	0.00801	0.01184	0.11455	0.00598
46	0.01299	0.00986	0.01237	0.01306	0.01544	0.00957	0.01078	0.01786	0.06215	0.02729	0.17472	0.08165	0.19972	0.02099	0.01078	0.00334	0.00613	0.29498	0.00822	0.00810
47	0.02538	0.01863	0.02057	0.01713	0.02194	0.02021	0.01355	0.42674	0.03249	0.04351	0.02883	0.23451	0.02773	0.01543	0.00926	0.00284	0.00796	0.01291	0.00832	0.01207
48	0.01356	0.01266	0.02251	0.01873	0.02229	0.01171	0.20072	0.01706	0.01836	0.02423	0.07785	0.31189	0.14952	0.04336	0.01158	0.00329	0.00788	0.01765	0.00674	0.00841
49	0.01046	0.00869	0.00918	0.00920	0.01193	0.00741	0.00699	0.01292	0.01995	0.02440	0.14897	0.08044	0.55074	0.02116	0.01014	0.00290	0.00444	0.04471	0.00807	0.00731
50	0.03091	0.03754	0.02328	0.02096	0.02537	0.58513	0.01582	0.07300	0.02484	0.02369	0.01449	0.01664	0.01183	0.00893	0.00763	0.00220	0.01428	0.00577	0.04763	0.01007
51	0.01772	0.07334	0.56230	0.02599	0.07264	0.02054	0.05769	0.02685	0.01812	0.02668	0.01524	0.01818	0.01105	0.00797	0.00807	0.00265	0.01235	0.00646	0.00367	0.01250
52	0.01905	0.01956	0.02742	0.02305	0.02406	0.05517	0.06892	0.02144	0.01419	0.02104	0.01234	0.01955	0.01180	0.01632	0.05637	0.00406	0.56473	0.00766	0.00384	0.00944
53	0.03141	0.07211	0.02539	0.02118	0.02609	0.53494	0.01630	0.12436	0.02623	0.02587	0.01422	0.01605	0.01150	0.00892	0.00769	0.00223	0.01410	0.00577	0.00499	0.01063
54	0.01693	0.01613	0.01441	0.01356	0.01666	0.13463	0.01047	0.04945	0.05913	0.02869	0.24426	0.05872	0.21428	0.01682	0.00961	0.00277	0.00704	0.06991	0.00778	0.00876
55	0.02693	0.03016	0.02644	0.02995	0.20792	0.34136	0.01878	0.06089	0.12320	0.02683	0.01785	0.01995	0.01433	0.00894	0.00809	0.00242	0.01212	0.00688	0.00523	0.01173
56	0.01179	0.00896	0.00944	0.00913	0.01216	0.00754	0.00692	0.01414	0.02000	0.05967	0.12112	0.07764	0.57051	0.02064	0.00997	0.00285	0.00446	0.01725	0.00815	0.00766
57	0.01788	0.01153	0.01354	0.01211	0.01573	0.01096	0.00948	0.05545	0.08799	0.13449	0.23183	0.05943	0.25144	0.01687	0.00963	0.00280	0.00538	0.03484	0.00889	0.00975
58	0.02549	0.50445	0.03839	0.01679	0.02320	0.22545	0.01513	0.02806	0.01936	0.02027	0.01223	0.01416	0.01093	0.00773	0.00613	0.00193	0.01099	0.00483	0.00387	0.01060
59	0.01087	0.00888	0.00976	0.01019	0.01286	0.00777	0.00808	0.01342	0.01944	0.02354	0.07703	0.08505	0.51149	0.02199	0.01044	0.00311	0.00510	0.14576	0.00789	0.00733
60	0.01522	0.21038	0.02261	0.01393	0.01712	0.01729	0.01177	0.01817	0.01472	0.01983	0.01963	0.02772	0.01828	0.04750	0.47610	0.01025	0.01884	0.00780	0.00429	0.00856
61	0.02067	0.02001	0.03473	0.09414	0.57679	0.02020	0.05626	0.02588	0.01925	0.02736	0.01601	0.02127	0.01331	0.00762	0.00851	0.00257	0.01041	0.00771	0.00419	0.01310
62	0.02106	0.02022	0.03454	0.05223	0.64784	0.02022	0.02612	0.02612	0.01938	0.02780	0.01601	0.02106	0.01348	0.00758	0.00842	0.00253	0.01011	0.00758	0.00421	0.01348
63	0.01707	0.04402	0.65683	0.02426	0.03683	0.01976	0.03144	0.02695	0.01797	0.02695	0.01527	0.01797	0.01078	0.00809	0.00809	0.00270	0.01258	0.00629	0.00359	0.01258
64	0.01017	0.00863	0.00878	0.00874	0.01157	0.00723	0.00656	0.01244	0.01967	0.02363	0.11839	0.08084	0.61180	0.02131	0.01006	0.00286	0.00429	0.01781	0.00799	0.00723
65	0.03088	0.03909	0.02420	0.05996	0.02817	0.62934	0.01686	0.03328	0.02371	0.02088	0.01327	0.01577	0.01098	0.00875	0.00772	0.00223	0.01512	0.00560	0.00435	0.00984
66	0.01158	0.00840	0.01099	0.01140	0.01300	0.00781	0.00844	0.01472	0.02104	0.02893	0.37528	0.25954	0.10120	0.02101	0.01045	0.00304	0.00467	0.07218	0.00870	0.00763
67	0.01238	0.00825	0.00928	0.00928	0.00928	0.00825	0.00516	0.01238	0.01238	0.01650	0.02681	0.05569	0.03094	0.70092	0.04331	0.00825	0.00825	0.01238	0.00516	0.00516
68	0.01031	0.00763	0.00965	0.01126	0.01219	0.00696	0.00764	0.01192	0.01686	0.02195	0.05402	0.58423	0.16283	0.02574	0.01072	0.00335	0.00482	0.02306	0.00790	0.00696
69	0.02106	0.02022	0.03454	0.05223	0.64784	0.02022	0.02612	0.02612	0.01938	0.02780	0.01601	0.02106	0.01348	0.00758	0.00842	0.00253	0.01011	0.00758	0.00421	0.01348
70	0.01176	0.00869	0.01098	0.01041	0.01254	0.00791	0.00781	0.01551	0.02342	0.03255	0.56432	0.06617	0.16031	0.01799	0.01004	0.00270	0.00406	0.01575	0.00916	0.00791
71	0.02068	0.01809	0.02955	0.04247	0.48292	0.01810	0.02253	0.02639	0.04971	0.06033	0.05079	0.03260	0.02171	0.01022	0.00890	0.00272	0.00925	0.07502	0.00541	0.01263
72	0.02107	0.51017	0.22573	0.01743	0.02628	0.02956	0.01956	0.02592	0.01749	0.02207	0.01285	0.01493	0.01088	0.00752	0.00624	0.00208	0.01013	0.00506	0.00363	0.01141
73	0.02629	0.02673	0.03217	0.03434	0.25105	0.18876	0.11193	0.16562	0.02548	0.03190	0.01648	0.01973	0.01297	0.00844	0.00850	0.00250	0.01194	0.00744	0.00527	0.01247
74	0.01238	0.00825	0.00928	0.00928	0.00928	0.00825	0.00516	0.01238	0.01238	0.01650	0.02681	0.05569	0.03094	0.70092	0.04331	0.00825	0.00825	0.01238	0.00516	0.00516
75	0.02454	0.40186	0.03564	0.05477	0.02524	0.21459	0.01605	0.02719	0.01879	0.02040	0.01233	0.01518	0.01098	0.00859	0.00868	0.00219	0.08346	0.00530	0.00387	0.01036
76	0.01269	0.00910	0.01009	0.00999	0.01111	0.00884	0.00639	0.04578	0.01602	0.02070	0.04292	0.13364	0.17901	0.42340	0.02974	0.00610	0.00699	0.01481	0.00631	0.00636
77	0.01668	0.01657	0.01501	0.01494	0.04637	0.13537	0.01070	0.05378	0.02159	0.02571	0.12286	0.08889	0.33239	0.01725	0.01032	0.00276	0.03912	0.01401	0.00706	0.00861
78	0.02964	0.02183	0.02548	0.09145	0.07136	0.02409	0.01728	0.45248	0.06545	0.08311	0.02107	0.02180	0.01505	0.00994	0.00852	0.00260	0.00937	0.00780	0.00785	0.01382
79	0.01922	0.01424	0.01616	0.01450	0.01805	0.01480	0.01129	0.24783	0.02693	0.03574	0.10123	0.23877	0.13054	0.01840	0.00981	0.00297	0.00666	0.05453	0.00828	0.01005
80	0.02975	0.03727	0.02349	0.06028	0.02746	0.59155	0.01640	0.03225	0.02369	0.02163	0.04853	0.01848	0.01486	0.00924	0.00786	0.00226	0.01448	0.00616	0.00463	0.00974
81	0.05298	0.07397	0.59704	0.02317	0.03515	0.02039	0.02958	0.02679	0.01777	0.02716	0.01495	0.01756	0.01071	0.00804	0.00783	0.00265	0.01213	0.00613	0.00368	0.01234
82	0.01969	0.11509	0.43850	0.02690	0.12079	0.08368	0.02734	0.02734	0.01868	0.02570	0.01478	0.01767	0.01120	0.00799	0.00780	0.00252	0.01210	0.00620	0.00376	0.01226
83	0.03115	0.03936	0.02473	0.02372	0.06310	0.62849	0.01702	0.03352	0.02384	0.02124	0.01332	0.01569	0.01111	0.00870	0.00772	0.00221	0.01504	0.00561	0.00437	0.01008
84	0.01099	0.00882	0.01128	0.08757	0.01737	0.00845	0.00918	0.01334	0.01794	0.02284	0.08859	0.35541	0.27291	0.02218	0.01025	0.00313	0.00539	0.01949	0.00750	0.00736
85	0.01089	0.00768	0.00997	0.01160	0.01208	0.00729	0.00772	0.01224	0.01578	0.02101	0.04332	0.55354	0.05151	0.14358	0.01654	0.00431	0.00566	0.05120	0.00742	0.00665
86	0.02688	0.02993	0.22542	0.02094	0.02946	0.02400	0.02087	0.39940	0.06617	0.04416	0.01959	0.02028	0.01395	0.00961	0.00839	0.00262	0.01024	0.00734	0.00696	0.01382
87	0.01067	0.00763	0.01021	0.01206	0.01272	0.00716	0.00830	0.01244	0.01688	0.02256	0.07466	0.62505	0.05691	0.02601	0.01088	0.00345	0.00509	0.06232	0.00796	0.00703
88	0.01535	0.01381	0.01979	0.01795	0.01872	0.01825	0.01458	0.01780	0.01336	0.02011	0.01706	0.02612	0.01629	0.03968	0.35179	0.00877	0.34969	0.00829	0.00415	0.00844
89	0.02275	0.70604	0.04459	0.01456	0.02184	0.03367	0.01456	0.02548	0.01729	0.02002	0.01183	0.01365	0.01092	0.00728	0.00546	0.00182	0.00910	0.00455	0.00364	0.01092
90	0.01707	0.04402	0.65683	0.02426	0.03683	0.01976	0.03144	0.02695	0.01797	0.02695	0.01527	0.01797	0.01078	0.00809	0.00809	0.00270	0.01258	0.00629	0.00359	0.01258
91	0.01008	0.00855	0.00869	0.00880	0.01154	0.00717	0.00655	0.01219	0.01922	0.02292	0.08401	0.11622	0.61148	0.02184	0.01010	0.00291	0.00435	0.01831	0.00790	0.00717
92	0.01476	0.01225	0.01669	0.01531	0.01696	0.01474	0.01221	0.05213	0.01704	0.02423	0.11190	0.03755	0.08286	0.03818	0.31807	0.00803	0.18278	0.01029	0.00556	0.00845
93	0.01037	0.00741	0.00987	0.01185	0.01234	0.00691	0.00790	0.01185	0.01629	0.02172	0.04690	0.69537	0.05629	0.02666	0.01086	0.00346	0.00494	0.02419	0.00790	0.00691
94	0.02106	0.02022	0.03454	0.05223	0.64784	0.02022	0.02612	0.02612	0.01938	0.02780	0.01601	0.02106	0.01348	0.00758	0.00842	0.00253	0.01011	0.00758	0.00421	0.01348
95	0.03055	0.03821	0.02532	0.02542	0.09796	0.59222	0.01756	0.03308	0.02357	0.02163	0.01348	0.01601	0.01125	0.00863	0.00776	0.00223	0.01474	0.00572	0.00436	0.01028
96	0.02072	0.01987	0.03393	0.09498	0.60774	0.02013	0.02595	0.02582	0.01922	0.02739	0.01595	0.02117	0.01333	0.00765	0.00843	0.00255	0.01019	0.00758	0.00418	0.01321
97	0.01216	0.00912	0.01368	0.01368	0.01520	0.01064	0.01064	0.01520	0.01368	0.01976	0.02279	0.03343	0.02127	0.06382	0.66720	0.01368	0.02279	0.00912	0.00456	0.00760
98	0.76103	0.01646	0.01251	0.01119	0.01646	0.01909	0.00922	0.02502	0.01448	0.03818	0.01185	0.01382	0.00922	0.00790	0.00527	0.00263	0.00658	0.00461	0.00527	0.00922
99	0.02203	0.03125	0.20416	0.03613	0.27017	0.15254	0.10786	0.02811	0.02006	0.02607	0.01539	0.01931	0.01215	0.00791	0.00840	0.00255	0.01244	0.00714	0.00409	0.01222
100	0.01637	0.01453	0.02280	0.03229	0.33112	0.01422	0.01799	0.02027	0.01907	0.02577	0.03789	0.12509	0.13545	0.01557	0.00969	0.00299	0.00803	0.13437	0.00604	0.01044
101	0.01048	0.00749	0.00998	0.01177	0.01237	0.00699	0.00791	0.01214	0.01682	0.02257	0.08749	0.65238	0.05792	0.02603	0.01081	0.00340	0.00487	0.02359	0.00800	0.00699
102	0.01172	0.00959	0.01051	0.01087	0.01326	0.00906	0.00791	0.01674	0.10459	0.02436	0.06649	0.26943	0.37092	0.02177	0.01012	0.00306	0.00485	0.01877	0.00801	0.00798
103	0.07221	0.02105	0.03176	0.13007	0.26401	0.05756	0.11294	0.09338	0.02086	0.02944	0.01569	0.02048	0.01256	0.00871	0.01021	0.00272	0.07219	0.00763	0.00469	0.01183
104	0.02742	0.26822	0.03147	0.01929	0.02438	0.35332	0.01599	0.05959	0.02150	0.02219	0.01288	0.01533	0.01115	0.00891	0.00889	0.00223	0.07709	0.00546	0.00427	0.01041
105	0.01101	0.00767	0.00969	0.01104	0.01137	0.00734	0.00703	0.01202	0.01505	0.02007	0.04053	0.49247	0.04825	0.24053	0.02116	0.00498	0.00599	0.02044	0.00703	0.00636
106	0.01238	0.00825	0.00928	0.00928	0.00928	0.00825	0.00516	0.01238	0.01238	0.01650	0.02681	0.05569	0.03094	0.70092	0.04331	0.00825	0.00825	0.01238	0.00516	0.00516
107	0.01187	0.00969	0.01255	0.01489	0.08525	0.00882	0.00943	0.01465	0.01979	0.02590	0.20169	0.21248	0.30134	0.02014	0.01005	0.00292	0.00505	0.01760	0.00783	0.00805
108	0.01119	0.00778	0.00972	0.01084	0.01122	0.00746	0.00688	0.01222	0.01516	0.02030	0.06470	0.42989	0.04785	0.27786	0.02294	0.00521	0.00613	0.01941	0.00694	0.00630
109	0.01164	0.00794	0.00950	0.01023	0.01041	0.00776	0.00617	0.01218	0.01382	0.01842	0.03421	0.29120	0.04027	0.45268	0.03137	0.00649	0.00703	0.01673	0.00617	0.00580
110	0.02274	0.10268	0.03210	0.13896	0.35341	0.15778	0.02236	0.02702	0.01977	0.02450	0.01479	0.01926	0.01232	0.00794	0.00794	0.00242	0.01129	0.00679	0.00412	0.01180
111	0.01970	0.01910	0.02660	0.03712	0.38586	0.08375	0.02027	0.02473	0.05064	0.02626	0.02458	0.13861	0.02435	0.01259	0.00909	0.00280	0.00941	0.06764	0.00542	0.01148
112	0.01138	0.00852	0.00963	0.00944	0.01113	0.00777	0.00649	0.01338	0.01847	0.02410	0.22776	0.06810	0.28250	0.24080	0.02084	0.00456	0.00550	0.01541	0.00743	0.00677
113	0.01316	0.00939	0.01141	0.01123	0.01249	0.00927	0.00750	0.04275	0.01586	0.02174	0.06536	0.20865	0.03691	0.33999	0.10097	0.00661	0.00878	0.01439	0.00617	0.05737
114	0.01263	0.00858	0.00969	0.00944	0.00981	0.00840	0.00540	0.01282	0.01263	0.01705	0.02625	0.05384	0.03005	0.66713	0.04151	0.00791	0.00816	0.01202	0.00515	0.04154
115	0.01141	0.00844	0.01096	0.01143	0.01261	0.00864	0.00809	0.01328	0.01502	0.02009	0.04040	0.20421	0.13987	0.18354	0.26373	0.00821	0.01223	0.01494	0.00606	0.00684
116	0.01803	0.03734	0.46442	0.02794	0.03926	0.02032	0.21715	0.02705	0.01864	0.02705	0.01589	0.01955	0.01146	0.00780	0.00871	0.00275	0.01314	0.00748	0.00382	0.01223
117	0.01707	0.01284	0.01477	0.01305	0.01651	0.01302	0.01028	0.16060	0.05776	0.03627	0.32571	0.05696	0.16507	0.01652	0.00971	0.00277	0.00570	0.04696	0.00877	0.00967
118	0.05737	0.24519	0.09895	0.01507	0.02134	0.02061	0.01425	0.05951	0.04929	0.10923	0.05743	0.10349	0.05698	0.01172	0.00765	0.00243	0.00789	0.00931	0.00623	0.04605
119	0.02111	0.13547	0.31808	0.02113	0.02923	0.17998	0.02262	0.02699	0.01872	0.02341	0.01479	0.01824	0.01189	0.01394	0.07327	0.00357	0.04648	0.00617	0.00390	0.01102

[dist]
# distance from previous block
# <min> <max>
0	1

[block]
# block no. 3 follows, 21 sequences, length 38
# corresponding to MSA columns:
# 282-319
name=unknown_D
#
# <colnr> <probs for GDERKNQSTAVLIFYWHMCP>
#	G	D	E	R	K	N	Q	S	T	A	V	L	I	F	Y	W	H	M	C	P
0	0.02119	0.20525	0.23544	0.07173	0.03364	0.12031	0.11723	0.02701	0.01876	0.02365	0.01420	0.01765	0.01124	0.00817	0.00857	0.00248	0.04195	0.00647	0.00386	0.01120
1	0.01209	0.00897	0.01078	0.01145	0.01276	0.00878	0.00787	0.03746	0.04161	0.02268	0.04710	0.37358	0.15078	0.15032	0.05889	0.00483	0.00683	0.01872	0.00724	0.00724
2	0.01673	0.05782	0.14114	0.01786	0.02245	0.09049	0.04238	0.02091	0.01735	0.02277	0.05424	0.03334	0.10719	0.02747	0.20278	0.00595	0.09564	0.00929	0.00488	0.00932
3	0.01216	0.00912	0.01368	0.01368	0.01520	0.01064	0.01064	0.01520	0.01368	0.01976	0.02279	0.03343	0.02127	0.06382	0.66720	0.01368	0.02279	0.00912	0.00456	0.00760
4	0.01235	0.00836	0.00982	0.00982	0.01000	0.00854	0.00582	0.01272	0.01253	0.01690	0.02632	0.05298	0.02976	0.62324	0.11939	0.00891	0.01002	0.01198	0.00508	0.00545
5	0.02636	0.10934	0.02761	0.02292	0.05998	0.37362	0.01740	0.02869	0.01988	0.02103	0.01260	0.01642	0.01116	0.01029	0.01328	0.00261	0.20661	0.00606	0.00410	0.01003
6	0.01216	0.00912	0.01368	0.01368	0.01520	0.01064	0.01064	0.01520	0.01368	0.01976	0.02279	0.03343	0.02127	0.06382	0.66720	0.01368	0.02279	0.00912	0.00456	0.00760
7	0.01006	0.00862	0.00862	0.00862	0.01149	0.00718	0.00647	0.01221	0.01940	0.02299	0.08621	0.08190	0.64438	0.02155	0.01006	0.00287	0.00431	0.01796	0.00790	0.00718
8	0.01978	0.30822	0.32576	0.02195	0.03184	0.02562	0.10575	0.02640	0.01799	0.02420	0.01415	0.01692	0.01113	0.00763	0.00730	0.00237	0.01142	0.00611	0.00371	0.01176
9	0.01106	0.00858	0.01006	0.00986	0.01215	0.00758	0.00733	0.01409	0.02151	0.02841	0.35870	0.11223	0.32819	0.01983	0.01010	0.00281	0.00420	0.01709	0.00863	0.00758
10	0.01189	0.00869	0.01099	0.01124	0.01299	0.00811	0.00847	0.01490	0.02051	0.02773	0.32518	0.14223	0.15016	0.09199	0.01393	0.00360	0.00527	0.11642	0.00828	0.00744
11	0.01765	0.01513	0.01765	0.01260	0.02017	0.01134	0.01008	0.02143	0.01765	0.02773	0.01513	0.01765	0.01260	0.00630	0.00630	0.00126	0.00630	0.00504	0.00504	0.75295
12	0.01016	0.00863	0.00877	0.00873	0.01156	0.00723	0.00655	0.01242	0.01964	0.02358	0.11562	0.08093	0.61461	0.02133	0.01006	0.00286	0.00429	0.01782	0.00798	0.00723
13	0.01216	0.00912	0.01368	0.01368	0.01520	0.01064	0.01064	0.01520	0.01368	0.01976	0.02279	0.03343	0.02127	0.06382	0.66720	0.01368	0.02279	0.00912	0.00456	0.00760
14	0.01046	0.00864	0.00918	0.00905	0.01174	0.00736	0.00679	0.01300	0.02036	0.02527	0.20024	0.07815	0.52893	0.02070	0.01005	0.00283	0.00425	0.01743	0.00820	0.00736
15	0.01903	0.01814	0.03086	0.30857	0.40742	0.01968	0.02510	0.02433	0.01841	0.02533	0.01565	0.02173	0.01261	0.00796	0.00846	0.00265	0.01061	0.00757	0.00404	0.01184
16	0.02043	0.01764	0.01854	0.01674	0.02142	0.02024	0.01300	0.04302	0.59166	0.03476	0.03807	0.03509	0.06714	0.01221	0.00875	0.00289	0.00657	0.01018	0.00861	0.01305
17	0.01928	0.02262	0.14511	0.03353	0.31911	0.01805	0.02165	0.09507	0.02161	0.02972	0.03167	0.03363	0.15025	0.01103	0.00873	0.00264	0.00922	0.00960	0.00542	0.01206
18	0.02582	0.02965	0.02831	0.03552	0.31631	0.33551	0.02053	0.02935	0.02169	0.02418	0.01769	0.02094	0.03990	0.00877	0.00813	0.00238	0.01241	0.00701	0.00446	0.01144
19	0.65694	0.01814	0.05594	0.01236	0.01821	0.01864	0.01094	0.02639	0.01546	0.08391	0.01372	0.01524	0.01022	0.00811	0.00570	0.00264	0.00703	0.00502	0.00555	0.00984
20	0.01385	0.01091	0.01294	0.01364	0.01573	0.01137	0.01010	0.02215	0.19375	0.02625	0.04607	0.38702	0.09018	0.02156	0.01028	0.00331	0.00576	0.08810	0.00811	0.00893
