[name]
unknown

[dist]
# distance from previous block
# <min> <max>
5	59

[block]
# block no. 0 follows, 22 sequences, length 20
# corresponding to MSA columns:
# 59-78
name=unknown_A
#
# <colnr> <probs for GDERKNQSTAVLIFYWHMCP>
#	G	D	E	R	K	N	Q	S	T	A	V	L	I	F	Y	W	H	M	C	P
0	0.01543	0.01360	0.01577	0.01810	0.11679	0.06907	0.01117	0.04339	0.01703	0.02181	0.03407	0.04454	0.15055	0.22343	0.16308	0.00648	0.01129	0.01097	0.00538	0.00806
1	0.02036	0.01442	0.01641	0.01411	0.01731	0.01532	0.01054	0.23774	0.07349	0.03145	0.02364	0.09997	0.02249	0.15464	0.02018	0.15846	0.00773	0.01006	0.00648	0.04521
2	0.01992	0.02193	0.06382	0.08286	0.10063	0.05983	0.22988	0.02901	0.14569	0.02650	0.01877	0.02263	0.01468	0.00931	0.01167	0.00285	0.11540	0.00844	0.00491	0.01129
3	0.01760	0.01747	0.05429	0.38050	0.07481	0.04281	0.02066	0.05884	0.04660	0.02465	0.01983	0.03184	0.01724	0.01105	0.01013	0.00293	0.06151	0.09264	0.00478	0.00983
4	0.01858	0.01699	0.01705	0.04344	0.02123	0.08601	0.01310	0.03193	0.33121	0.02890	0.03921	0.04931	0.10396	0.01474	0.00921	0.00297	0.00762	0.14642	0.00754	0.01060
5	0.01220	0.01058	0.01075	0.01076	0.01327	0.03858	0.00793	0.01663	0.08408	0.02470	0.13639	0.19391	0.36997	0.01996	0.00972	0.00287	0.00503	0.01704	0.00781	0.00782
6	0.01266	0.00903	0.01052	0.01081	0.01201	0.00903	0.00750	0.01589	0.06637	0.02172	0.07237	0.12792	0.10350	0.33830	0.02487	0.00539	0.00671	0.09824	0.04042	0.00674
7	0.02751	0.03278	0.02302	0.02245	0.07512	0.48748	0.01578	0.05545	0.02204	0.02182	0.01466	0.01994	0.01310	0.08192	0.01232	0.00288	0.05123	0.00642	0.00448	0.00960
8	0.01810	0.01200	0.01349	0.01188	0.01577	0.01154	0.00929	0.07502	0.10959	0.13569	0.13872	0.05681	0.32646	0.01636	0.00925	0.00271	0.00541	0.01364	0.00849	0.00980
9	0.01074	0.00827	0.00868	0.00868	0.01034	0.00744	0.00579	0.01199	0.01614	0.01986	0.06051	0.06952	0.39893	0.30120	0.02306	0.00495	0.00578	0.01531	0.00662	0.00621
10	0.01950	0.01865	0.03180	0.19017	0.52536	0.01946	0.02497	0.02456	0.01841	0.02585	0.01544	0.02091	0.01270	0.00760	0.00824	0.00253	0.01013	0.00740	0.00402	0.01230
11	0.01592	0.01522	0.02636	0.64901	0.05639	0.01861	0.05915	0.02155	0.01679	0.02155	0.01489	0.02216	0.01117	0.00823	0.00840	0.00277	0.01125	0.00753	0.00372	0.00935
12	0.02270	0.02648	0.15753	0.02567	0.11891	0.09524	0.08303	0.08266	0.20552	0.06449	0.02195	0.02295	0.01637	0.00911	0.00832	0.00261	0.01019	0.00781	0.00598	0.01250
13	0.01333	0.01109	0.01650	0.02034	0.14521	0.01170	0.01253	0.01602	0.01564	0.02161	0.03301	0.20822	0.09395	0.06411	0.23462	0.00669	0.04816	0.01335	0.00555	0.00836
14	0.18206	0.02451	0.02210	0.01782	0.02376	0.13212	0.01444	0.40588	0.03138	0.04395	0.01705	0.01780	0.01251	0.00927	0.00753	0.00245	0.00956	0.00652	0.00699	0.01233
15	0.02331	0.02305	0.01793	0.01625	0.01946	0.28393	0.01233	0.10658	0.02132	0.02535	0.01775	0.02241	0.01496	0.02067	0.12258	0.10616	0.01268	0.00685	0.11765	0.00878
16	0.03015	0.01729	0.02019	0.01607	0.02191	0.01770	0.01308	0.23797	0.12747	0.29438	0.05714	0.03006	0.05544	0.01119	0.00849	0.00260	0.00741	0.00899	0.00914	0.01333
17	0.02488	0.02741	0.02578	0.03025	0.23741	0.28872	0.01851	0.03335	0.17778	0.02627	0.01907	0.02090	0.01523	0.00885	0.00798	0.00242	0.01114	0.00706	0.00528	0.01171
18	0.06295	0.02077	0.10224	0.03225	0.31987	0.04702	0.01976	0.02567	0.08395	0.02840	0.10919	0.02846	0.02409	0.04822	0.01011	0.00285	0.00889	0.00855	0.00534	0.01143
19	0.02444	0.02816	0.02534	0.03042	0.24880	0.34737	0.01829	0.02762	0.02091	0.02287	0.02020	0.02331	0.06450	0.01234	0.04741	0.00297	0.01271	0.00728	0.00451	0.01055

[dist]
# distance from previous block
# <min> <max>
0	1

[block]
# block no. 1 follows, 22 sequences, length 43
# corresponding to MSA columns:
# 80-122
name=unknown_B
#
# <colnr> <probs for GDERKNQSTAVLIFYWHMCP>
#	G	D	E	R	K	N	Q	S	T	A	V	L	I	F	Y	W	H	M	C	P
0	0.01115	0.00903	0.01000	0.00979	0.01243	0.00815	0.00746	0.01508	0.05609	0.02632	0.23937	0.07271	0.42738	0.01942	0.00981	0.00280	0.00442	0.04281	0.00816	0.00763
1	0.01959	0.14751	0.17888	0.09861	0.03752	0.06027	0.26271	0.02577	0.01830	0.02410	0.01478	0.01912	0.01146	0.00775	0.00901	0.00258	0.03979	0.00744	0.00386	0.01096
2	0.02073	0.01567	0.02010	0.21962	0.10182	0.07369	0.01575	0.02454	0.01996	0.16044	0.07077	0.03785	0.16056	0.01200	0.00866	0.00263	0.00849	0.01012	0.00642	0.01019
3	0.01666	0.04297	0.66500	0.02368	0.03596	0.01929	0.03069	0.02631	0.01754	0.02631	0.01491	0.01754	0.01052	0.00789	0.00789	0.00263	0.01228	0.00614	0.00351	0.01228
4	0.06514	0.02265	0.15061	0.05409	0.13828	0.04430	0.01900	0.13066	0.02145	0.10205	0.01907	0.02247	0.01466	0.01886	0.13531	0.00460	0.01233	0.00731	0.00554	0.01161
5	0.01930	0.01927	0.03525	0.18429	0.39064	0.01975	0.15914	0.02483	0.01858	0.02575	0.01571	0.02131	0.01259	0.00751	0.00859	0.00261	0.01105	0.00793	0.00404	0.01188
6	0.01995	0.01911	0.03261	0.13111	0.58089	0.01958	0.02519	0.02496	0.01863	0.02640	0.01552	0.02076	0.01290	0.00752	0.00823	0.00251	0.01002	0.00740	0.00406	0.01266
7	0.01084	0.00885	0.00963	0.00950	0.01208	0.00789	0.00709	0.01442	0.05204	0.02546	0.20731	0.11050	0.45510	0.01992	0.00979	0.00280	0.00430	0.01691	0.00808	0.00750
8	0.02010	0.08162	0.44680	0.02514	0.08942	0.14531	0.02641	0.02746	0.01877	0.02483	0.01437	0.01706	0.01081	0.00793	0.00769	0.00247	0.01237	0.00600	0.00371	0.01175
9	0.02368	0.10038	0.02929	0.09743	0.25018	0.08204	0.01948	0.16261	0.09710	0.03160	0.01794	0.02049	0.01410	0.00860	0.00788	0.00244	0.00979	0.00713	0.00547	0.01237
10	0.01425	0.01153	0.01312	0.01314	0.01563	0.01218	0.00964	0.02440	0.25534	0.02761	0.10062	0.31765	0.11373	0.01901	0.00962	0.00303	0.00534	0.01672	0.00812	0.00932
11	0.01085	0.00818	0.01016	0.01120	0.01283	0.00749	0.00839	0.01324	0.01833	0.02371	0.12873	0.32322	0.23622	0.02287	0.01044	0.00320	0.00507	0.13088	0.00787	0.00713
12	0.01166	0.00849	0.01113	0.01203	0.01261	0.00896	0.00840	0.01329	0.01512	0.02120	0.03708	0.46098	0.04278	0.10371	0.06347	0.00453	0.06954	0.01840	0.06971	0.00690
13	0.01187	0.00890	0.01335	0.01335	0.01483	0.01038	0.01038	0.01483	0.01335	0.01928	0.02225	0.03264	0.02077	0.06231	0.67512	0.01335	0.02225	0.00890	0.00445	0.00742
14	0.01112	0.00847	0.00974	0.01032	0.01210	0.00777	0.00767	0.01306	0.01717	0.02143	0.05909	0.13374	0.32947	0.17538	0.01750	0.00425	0.00586	0.14207	0.00710	0.00668
15	0.01822	0.03212	0.33980	0.02966	0.03989	0.02020	0.34501	0.02647	0.01863	0.02647	0.01591	0.02011	0.01162	0.00742	0.00890	0.00272	0.01319	0.00807	0.00387	0.01171
16	0.02199	0.02196	0.10409	0.07029	0.30233	0.01891	0.18769	0.02779	0.01953	0.11620	0.01825	0.02190	0.01366	0.00780	0.00864	0.00261	0.01092	0.00805	0.00492	0.01247
17	0.01623	0.00869	0.00885	0.00850	0.01060	0.00884	0.00635	0.05522	0.01838	0.03133	0.02662	0.03176	0.02142	0.05284	0.00821	0.00235	0.00444	0.00800	0.66341	0.00796
18	0.00992	0.00842	0.00856	0.00853	0.01129	0.00706	0.00639	0.01213	0.01918	0.02303	0.11499	0.07898	0.62165	0.02082	0.00982	0.00279	0.00419	0.01740	0.00779	0.00706
19	0.02137	0.15213	0.10077	0.02085	0.02739	0.01903	0.18436	0.06008	0.01990	0.12760	0.02427	0.16000	0.02203	0.01171	0.00859	0.00265	0.00957	0.01084	0.00593	0.01095
20	0.01709	0.04044	0.59633	0.02665	0.10343	0.01934	0.03013	0.02622	0.01769	0.02640	0.01499	0.01787	0.01081	0.00784	0.00793	0.00261	0.01202	0.00628	0.00357	0.01237
21	0.01790	0.19266	0.52617	0.02156	0.03269	0.02233	0.02701	0.02599	0.01739	0.02480	0.01416	0.01660	0.01055	0.00772	0.00732	0.00244	0.01152	0.00576	0.00352	0.01192
22	0.02167	0.02320	0.02366	0.24430	0.09170	0.23375	0.01853	0.05957	0.01974	0.02293	0.01537	0.02081	0.01268	0.01633	0.10308	0.00406	0.04767	0.00693	0.00429	0.00974
23	0.08380	0.02839	0.34826	0.01785	0.02604	0.01656	0.02019	0.02558	0.11673	0.02774	0.03393	0.03402	0.16409	0.01151	0.00819	0.00270	0.00894	0.00919	0.00543	0.01088
24	0.02271	0.02453	0.03298	0.03695	0.30926	0.16643	0.15096	0.02964	0.09310	0.02640	0.01739	0.02094	0.01392	0.00803	0.00843	0.00251	0.01151	0.00769	0.00468	0.01195
25	0.03103	0.03959	0.02354	0.02140	0.02568	0.67469	0.01605	0.03317	0.02354	0.02033	0.01284	0.01498	0.01070	0.00856	0.00749	0.00214	0.01498	0.00535	0.00428	0.00963
26	0.08721	0.01931	0.07978	0.10039	0.18974	0.05313	0.01735	0.06058	0.05325	0.02980	0.05190	0.02377	0.01765	0.00882	0.00747	0.00238	0.00846	0.00734	0.12775	0.05391
27	0.02987	0.03765	0.02371	0.02144	0.02533	0.61573	0.01624	0.03198	0.02256	0.02030	0.01267	0.01527	0.01072	0.00910	0.00929	0.00228	0.07654	0.00552	0.00422	0.00958
28	0.01012	0.00723	0.00964	0.01157	0.01205	0.00675	0.00771	0.01157	0.01591	0.02121	0.04579	0.70262	0.05495	0.02603	0.01060	0.00337	0.00482	0.02362	0.00771	0.00675
29	0.01053	0.00753	0.00970	0.01109	0.01168	0.00719	0.00736	0.01187	0.01529	0.02032	0.04326	0.52269	0.08133	0.13962	0.05537	0.00470	0.00636	0.02052	0.00708	0.00652
30	0.02479	0.02324	0.01946	0.01683	0.02040	0.22789	0.01311	0.18266	0.02417	0.03100	0.01870	0.02281	0.01532	0.05021	0.01164	0.00270	0.09061	0.00710	0.18735	0.01002
31	0.01187	0.00796	0.00912	0.00933	0.00939	0.00791	0.00533	0.01203	0.01250	0.01666	0.02831	0.12489	0.03289	0.63385	0.03884	0.00754	0.00770	0.01334	0.00533	0.00522
32	0.02458	0.02953	0.06553	0.03543	0.29166	0.29122	0.09010	0.02885	0.02084	0.02421	0.01457	0.01829	0.01193	0.00786	0.00808	0.00238	0.01259	0.00676	0.00416	0.01143
33	0.02279	0.02075	0.01880	0.01659	0.02107	0.14337	0.01288	0.10281	0.31653	0.05856	0.09699	0.03362	0.07527	0.01192	0.00850	0.00262	0.00803	0.00958	0.00773	0.01160
34	0.01190	0.00943	0.01257	0.01421	0.07095	0.00890	0.00949	0.01501	0.01966	0.02647	0.27388	0.13770	0.22034	0.02347	0.08220	0.00396	0.00678	0.03761	0.00756	0.00791
35	0.05734	0.01765	0.01946	0.01702	0.01970	0.07832	0.01358	0.14301	0.05282	0.02810	0.01854	0.02497	0.01625	0.06373	0.19343	0.00597	0.18416	0.00783	0.02848	0.00965
36	0.10269	0.30572	0.08648	0.01573	0.02147	0.15542	0.01456	0.02494	0.01752	0.02278	0.01440	0.01767	0.01243	0.01546	0.10053	0.00366	0.01179	0.00558	0.04138	0.00982
37	0.01874	0.17964	0.17915	0.14829	0.03830	0.02302	0.21487	0.02483	0.01764	0.02364	0.01454	0.01904	0.01134	0.00784	0.00897	0.00257	0.04574	0.00722	0.00378	0.01085
38	0.10012	0.05669	0.27762	0.03159	0.20534	0.02022	0.13991	0.02588	0.01792	0.02752	0.01497	0.01869	0.01149	0.00754	0.00795	0.00258	0.01117	0.00694	0.00399	0.01189
39	0.02336	0.35150	0.03112	0.01593	0.02183	0.22321	0.01367	0.02596	0.01891	0.02112	0.01451	0.05556	0.01358	0.00852	0.00644	0.00189	0.01005	0.00594	0.00425	0.13265
40	0.02519	0.10372	0.03087	0.03413	0.32285	0.17261	0.02025	0.13869	0.02347	0.02938	0.01532	0.01834	0.01249	0.00811	0.00774	0.00232	0.01080	0.00661	0.00486	0.01224
41	0.01054	0.00793	0.01021	0.01110	0.01243	0.00760	0.00792	0.01264	0.01679	0.02222	0.10490	0.37743	0.18412	0.03102	0.13723	0.00508	0.00793	0.01867	0.00722	0.00703
42	0.01841	0.01997	0.08654	0.09060	0.36033	0.01967	0.02273	0.02301	0.01682	0.02437	0.01531	0.02127	0.01315	0.01486	0.08439	0.00391	0.14193	0.00742	0.00397	0.01136

[dist]
# distance from previous block
# <min> <max>
0	1

[block]
# block no. 2 follows, 22 sequences, length 48
# corresponding to MSA columns:
# 124-171
name=unknown_C
#
# <colnr> <probs for GDERKNQSTAVLIFYWHMCP>
#	G	D	E	R	K	N	Q	S	T	A	V	L	I	F	Y	W	H	M	C	P
0	0.05157	0.02269	0.02270	0.02194	0.08560	0.20972	0.06965	0.11857	0.04639	0.02793	0.02348	0.17830	0.02295	0.01537	0.04226	0.00318	0.01082	0.01084	0.00588	0.01015
1	0.01089	0.00832	0.00947	0.00942	0.01121	0.00760	0.00663	0.01291	0.01789	0.02310	0.18852	0.09672	0.32168	0.18233	0.05319	0.00458	0.00604	0.01554	0.00723	0.00674
2	0.01624	0.01535	0.02212	0.07993	0.02313	0.02073	0.01651	0.01871	0.01325	0.01991	0.01433	0.02246	0.01360	0.02693	0.20124	0.00619	0.44916	0.00772	0.00386	0.00865
3	0.01159	0.00919	0.01176	0.07284	0.01752	0.00886	0.01041	0.01448	0.01831	0.02295	0.05844	0.17684	0.29896	0.02130	0.01036	0.00323	0.00608	0.21216	0.00733	0.00738
4	0.02804	0.03461	0.02398	0.02150	0.02478	0.52375	0.01655	0.03011	0.02103	0.02025	0.01239	0.01572	0.01075	0.00995	0.01209	0.00249	0.17257	0.00580	0.00413	0.00950
5	0.01088	0.00777	0.01051	0.01243	0.01325	0.00740	0.00903	0.01288	0.01665	0.02206	0.04537	0.56106	0.05329	0.02531	0.01081	0.00348	0.00548	0.15769	0.00770	0.00696
6	0.01088	0.00802	0.01017	0.01055	0.01210	0.00732	0.00756	0.01363	0.02008	0.02731	0.34788	0.29621	0.15589	0.02086	0.01009	0.00292	0.00429	0.01850	0.00841	0.00732
7	0.01755	0.01663	0.02774	0.31391	0.34690	0.01805	0.02274	0.02248	0.01795	0.02424	0.02148	0.02661	0.07029	0.00902	0.00840	0.00262	0.00986	0.00831	0.00426	0.01096
8	0.01235	0.00977	0.01152	0.01218	0.01477	0.00936	0.01001	0.01715	0.07545	0.02461	0.06211	0.08150	0.33264	0.02098	0.01042	0.00325	0.00592	0.27042	0.00775	0.00785
9	0.03158	0.02327	0.02493	0.01911	0.02576	0.02576	0.01579	0.62852	0.03906	0.05236	0.01995	0.01995	0.01413	0.00997	0.00831	0.00249	0.00914	0.00748	0.00831	0.01413
10	0.01187	0.00890	0.01335	0.01335	0.01483	0.01038	0.01038	0.01483	0.01335	0.01928	0.02225	0.03264	0.02077	0.06231	0.67512	0.01335	0.02225	0.00890	0.00445	0.00742
11	0.01125	0.00793	0.01041	0.01197	0.01270	0.00765	0.00854	0.01298	0.01594	0.02111	0.04171	0.43977	0.04867	0.15235	0.01671	0.00435	0.00608	0.15605	0.00720	0.00664
12	0.01012	0.00723	0.00964	0.01157	0.01205	0.00675	0.00771	0.01157	0.01591	0.02121	0.04579	0.70262	0.05495	0.02603	0.01060	0.00337	0.00482	0.02362	0.00771	0.00675
13	0.02028	0.01945	0.03321	0.08759	0.62181	0.01966	0.02536	0.02525	0.01878	0.02680	0.01558	0.02065	0.01304	0.00745	0.00823	0.00248	0.00994	0.00740	0.00409	0.01293
14	0.03103	0.03959	0.02354	0.02140	0.02568	0.67469	0.01605	0.03317	0.02354	0.02033	0.01284	0.01498	0.01070	0.00856	0.00749	0.00214	0.01498	0.00535	0.00428	0.00963
15	0.01385	0.00954	0.01255	0.01368	0.01604	0.00911	0.01168	0.01724	0.01933	0.05857	0.05269	0.08700	0.18652	0.02183	0.01092	0.00352	0.00682	0.43345	0.00781	0.00785
16	0.01819	0.01693	0.02806	0.26143	0.15507	0.01850	0.12843	0.02701	0.13216	0.02674	0.02001	0.02440	0.01537	0.00858	0.00834	0.00264	0.00984	0.00823	0.07918	0.01089
17	0.01324	0.00897	0.01069	0.00997	0.01270	0.00788	0.00758	0.01631	0.02157	0.08565	0.35195	0.06668	0.31981	0.01812	0.00968	0.00269	0.00433	0.01550	0.00863	0.00806
18	0.02975	0.13897	0.02659	0.02022	0.02504	0.54645	0.01576	0.06198	0.02333	0.02183	0.01301	0.01499	0.01087	0.00842	0.00721	0.00210	0.01378	0.00532	0.00438	0.01001
19	0.01680	0.04201	0.63618	0.02421	0.03630	0.01937	0.05855	0.02632	0.01764	0.02632	0.01500	0.01777	0.01062	0.00785	0.00798	0.00264	0.01236	0.00631	0.00354	0.01223
20	0.02277	0.02607	0.03416	0.02767	0.06366	0.23931	0.30425	0.02756	0.02042	0.02463	0.01664	0.02108	0.01318	0.01017	0.03698	0.00293	0.01350	0.00795	0.07681	0.01028
21	0.02056	0.01974	0.03372	0.05099	0.65622	0.01974	0.02550	0.02550	0.01892	0.02714	0.01563	0.02056	0.01316	0.00740	0.00822	0.00247	0.00987	0.00740	0.00411	0.01316
22	0.01443	0.00722	0.01082	0.01082	0.01082	0.00722	0.00722	0.01082	0.01082	0.01443	0.01443	0.02525	0.01443	0.02886	0.03247	0.75830	0.00722	0.00722	0.00361	0.00361
23	0.01030	0.00737	0.00980	0.01145	0.01209	0.00686	0.00773	0.01201	0.01672	0.02251	0.11096	0.63373	0.05747	0.02505	0.01052	0.00329	0.00472	0.02269	0.00787	0.00686
24	0.02457	0.04919	0.02074	0.01633	0.02091	0.01884	0.01323	0.25757	0.08115	0.12865	0.02529	0.09189	0.02108	0.02167	0.13505	0.00469	0.04060	0.00950	0.00740	0.01166
25	0.00982	0.00842	0.00842	0.00842	0.01122	0.00701	0.00631	0.01192	0.01894	0.02244	0.08416	0.07995	0.65285	0.02104	0.00982	0.00281	0.00421	0.01753	0.00771	0.00701
26	0.01189	0.00882	0.01296	0.01296	0.01431	0.01017	0.00990	0.01458	0.01324	0.01900	0.02261	0.03461	0.02162	0.12086	0.61774	0.01287	0.02096	0.00919	0.00450	0.00720
27	0.01772	0.02854	0.30048	0.15639	0.21038	0.01992	0.02647	0.02445	0.01723	0.02490	0.01465	0.01931	0.01140	0.00855	0.01015	0.00272	0.08457	0.00685	0.00372	0.01160
28	0.01920	0.01946	0.03649	0.04085	0.36376	0.01921	0.23004	0.02441	0.01865	0.02616	0.01859	0.08296	0.01667	0.00922	0.00969	0.00271	0.03604	0.00969	0.00445	0.01176
29	0.01048	0.00858	0.00933	0.00953	0.01214	0.00743	0.00741	0.01298	0.01938	0.02376	0.13018	0.08019	0.51864	0.02093	0.01004	0.00293	0.00465	0.09640	0.00784	0.00717
30	0.10197	0.02129	0.02224	0.01779	0.02383	0.02387	0.01450	0.43274	0.17658	0.04677	0.02234	0.02187	0.01623	0.01005	0.00803	0.00258	0.00828	0.00763	0.00803	0.01339
31	0.05335	0.02601	0.06996	0.01818	0.02337	0.21409	0.01504	0.12688	0.22474	0.03251	0.08956	0.02613	0.02317	0.01048	0.00812	0.00252	0.00962	0.00806	0.00676	0.01146
32	0.01012	0.00723	0.00964	0.01157	0.01205	0.00675	0.00771	0.01157	0.01591	0.02121	0.04579	0.70262	0.05495	0.02603	0.01060	0.00337	0.00482	0.02362	0.00771	0.00675
33	0.01548	0.01841	0.13896	0.01787	0.02124	0.01664	0.03940	0.01962	0.01475	0.02274	0.01793	0.02482	0.01564	0.02817	0.23484	0.00640	0.22048	0.00776	0.10983	0.00902
34	0.01395	0.01127	0.01293	0.01075	0.01488	0.00919	0.00786	0.01626	0.01622	0.02308	0.03342	0.10553	0.14001	0.17407	0.01568	0.00332	0.00610	0.01079	0.00574	0.36894
35	0.01021	0.00764	0.00952	0.01098	0.01210	0.00695	0.00765	0.01193	0.01681	0.02169	0.05512	0.51978	0.20141	0.02465	0.01045	0.00326	0.00481	0.05048	0.00771	0.00686
36	0.02311	0.51908	0.06411	0.01549	0.02226	0.07970	0.01487	0.09091	0.02021	0.02422	0.04794	0.01703	0.01476	0.00811	0.00618	0.00196	0.00925	0.00550	0.00443	0.01087
37	0.10649	0.16243	0.42318	0.04545	0.03114	0.02144	0.02407	0.02617	0.01722	0.05075	0.01458	0.01687	0.01078	0.00783	0.00713	0.00247	0.01071	0.00576	0.00398	0.01155
38	0.05040	0.13048	0.04008	0.03463	0.22404	0.07343	0.27600	0.02643	0.01906	0.02560	0.01511	0.01950	0.01218	0.00729	0.00826	0.00248	0.01173	0.00768	0.00412	0.01151
39	0.01648	0.01601	0.01608	0.01571	0.01822	0.13596	0.04193	0.02188	0.10825	0.02364	0.03690	0.31842	0.06507	0.02067	0.03885	0.00349	0.00849	0.07852	0.00684	0.00858
40	0.01181	0.00863	0.01136	0.01289	0.04675	0.00869	0.00802	0.01317	0.01418	0.01914	0.03359	0.24380	0.06553	0.31123	0.14721	0.00707	0.00964	0.01495	0.00581	0.00654
41	0.01677	0.01714	0.05703	0.16043	0.17632	0.05104	0.01776	0.02242	0.07293	0.02423	0.02509	0.21209	0.02511	0.01350	0.00962	0.00281	0.03860	0.01183	0.00541	0.03989
42	0.23331	0.01756	0.01972	0.07485	0.18304	0.07943	0.01530	0.02388	0.04843	0.02847	0.02686	0.03412	0.09796	0.01128	0.00784	0.00270	0.00834	0.07153	0.00545	0.00994
43	0.02153	0.02140	0.06752	0.04606	0.55429	0.02036	0.02474	0.09039	0.02101	0.02981	0.01605	0.02033	0.01312	0.00771	0.00822	0.00248	0.00992	0.00734	0.00453	0.01321
44	0.02415	0.01935	0.05157	0.03640	0.35895	0.01823	0.07995	0.08261	0.02158	0.15583	0.02106	0.05654	0.01669	0.00913	0.00852	0.00257	0.00947	0.00861	0.00590	0.01290
45	0.05080	0.10022	0.02597	0.02661	0.19571	0.24307	0.01708	0.02702	0.05103	0.02391	0.02265	0.02762	0.07241	0.01038	0.00864	0.00246	0.03770	0.04135	0.00488	0.01049
46	0.01756	0.02054	0.13673	0.02901	0.26208	0.01645	0.01930	0.05841	0.07969	0.02859	0.07928	0.06803	0.12523	0.01190	0.00869	0.00264	0.00830	0.01042	0.00582	0.01132
47	0.04708	0.05749	0.12939	0.04993	0.15675	0.04165	0.01800	0.02156	0.01691	0.02475	0.02285	0.11895	0.04771	0.01217	0.01101	0.00273	0.11618	0.00960	0.08527	0.01002

[dist]
# distance from previous block
# <min> <max>
3	147

[block]
# block no. 3 follows, 22 sequences, length 76
# corresponding to MSA columns:
# 319-394
name=unknown_D
#
# <colnr> <probs for GDERKNQSTAVLIFYWHMCP>
#	G	D	E	R	K	N	Q	S	T	A	V	L	I	F	Y	W	H	M	C	P
0	0.01959	0.02176	0.01732	0.01727	0.04895	0.27959	0.01246	0.02211	0.01904	0.02081	0.03239	0.03581	0.16205	0.02837	0.21909	0.00585	0.01455	0.00938	0.00512	0.00850
1	0.02084	0.22466	0.02335	0.01346	0.01827	0.09846	0.01126	0.02463	0.04949	0.08817	0.05165	0.08952	0.08255	0.01146	0.00727	0.00220	0.00752	0.00902	0.08757	0.07864
2	0.01785	0.01448	0.01498	0.01334	0.01713	0.04489	0.01063	0.18137	0.05454	0.03272	0.13434	0.05746	0.27637	0.01666	0.00942	0.00278	0.00650	0.07710	0.00793	0.00952
3	0.02180	0.02545	0.12287	0.01818	0.02365	0.16869	0.03883	0.12386	0.11985	0.02950	0.06658	0.03074	0.08243	0.04503	0.01106	0.03618	0.00981	0.00885	0.00611	0.01053
4	0.02614	0.03076	0.08424	0.01887	0.02370	0.38083	0.01558	0.08512	0.02386	0.05633	0.11729	0.02434	0.02250	0.01096	0.00912	0.03569	0.01167	0.00741	0.00562	0.00998
5	0.05381	0.21516	0.02720	0.01658	0.02204	0.08928	0.01406	0.15561	0.14118	0.07877	0.01990	0.02045	0.01535	0.00949	0.00841	0.00238	0.05264	0.00673	0.03925	0.01172
6	0.01728	0.02031	0.15222	0.02276	0.13004	0.01537	0.03916	0.08955	0.02058	0.02867	0.06783	0.03908	0.08260	0.01711	0.07458	0.00371	0.01011	0.08942	0.00571	0.07388
7	0.01782	0.02189	0.10985	0.02465	0.15482	0.11096	0.07247	0.02340	0.05935	0.02484	0.03720	0.07317	0.18644	0.01301	0.00890	0.00268	0.00927	0.03348	0.00562	0.01018
8	0.01972	0.05280	0.06035	0.01647	0.01966	0.20075	0.01339	0.05682	0.01902	0.02236	0.02944	0.09809	0.12085	0.10710	0.01599	0.00344	0.11933	0.01042	0.00532	0.00871
9	0.01534	0.01136	0.01270	0.01121	0.01440	0.01059	0.00818	0.09575	0.01908	0.02659	0.03671	0.14677	0.14057	0.16849	0.01578	0.00360	0.00618	0.01237	0.08031	0.16402
10	0.02057	0.01875	0.02081	0.01593	0.02249	0.07980	0.05112	0.10091	0.06912	0.02981	0.01720	0.01948	0.01381	0.00997	0.03850	0.00228	0.00870	0.00614	0.00549	0.44912
11	0.02630	0.06277	0.02212	0.01808	0.02298	0.38690	0.01401	0.05719	0.02169	0.05312	0.01543	0.01810	0.01272	0.01406	0.08005	0.00322	0.01320	0.00586	0.00486	0.14735
12	0.05282	0.01901	0.02076	0.09682	0.05231	0.12527	0.01537	0.08767	0.01879	0.02529	0.01939	0.02461	0.04425	0.02126	0.14434	0.00487	0.16997	0.00771	0.04008	0.00943
13	0.02170	0.01631	0.08719	0.01667	0.06047	0.01331	0.01347	0.02923	0.13468	0.21807	0.11000	0.07376	0.14252	0.01350	0.00885	0.00270	0.00674	0.01142	0.00809	0.01132
14	0.01202	0.00847	0.00995	0.01008	0.01231	0.00742	0.00736	0.01435	0.01924	0.06522	0.17429	0.24783	0.33921	0.02100	0.00994	0.00291	0.00451	0.01819	0.00814	0.00755
15	0.01706	0.03128	0.36521	0.02400	0.03196	0.02032	0.11898	0.02384	0.01674	0.02451	0.01865	0.02247	0.05225	0.01028	0.01320	0.00292	0.18371	0.00773	0.00392	0.01097
16	0.02382	0.20053	0.02864	0.14680	0.06125	0.25771	0.01695	0.03008	0.11298	0.02280	0.01616	0.01860	0.01308	0.00849	0.00728	0.00229	0.01119	0.00621	0.00460	0.01052
17	0.02242	0.02498	0.06030	0.10543	0.31830	0.17990	0.04828	0.05681	0.02079	0.02583	0.01835	0.02209	0.04267	0.00857	0.00819	0.00246	0.01124	0.00743	0.00447	0.01151
18	0.01071	0.00810	0.00903	0.00934	0.01109	0.00725	0.00652	0.01262	0.01764	0.02272	0.12646	0.19489	0.34185	0.13373	0.01512	0.00372	0.00491	0.01714	0.04040	0.00676
19	0.02033	0.01288	0.01390	0.04186	0.01677	0.01382	0.00964	0.20788	0.02385	0.03650	0.02429	0.02819	0.01901	0.04053	0.00830	0.00242	0.00601	0.00784	0.45630	0.00967
20	0.01876	0.08298	0.02674	0.19501	0.20125	0.10885	0.04856	0.02279	0.01883	0.02305	0.02827	0.03137	0.13865	0.01044	0.00827	0.00252	0.00988	0.00896	0.00470	0.01014
21	0.01810	0.03442	0.43271	0.03373	0.26419	0.01946	0.02878	0.02601	0.01805	0.02661	0.01517	0.01865	0.01149	0.00771	0.00801	0.00257	0.01139	0.00660	0.00373	0.01260
22	0.01187	0.00890	0.01335	0.01335	0.01483	0.01038	0.01038	0.01483	0.01335	0.01928	0.02225	0.03264	0.02077	0.06231	0.67512	0.01335	0.02225	0.00890	0.00445	0.00742
23	0.02988	0.07802	0.02481	0.02100	0.02524	0.60521	0.01605	0.03204	0.02262	0.02027	0.01267	0.01504	0.01071	0.00877	0.00833	0.00219	0.04789	0.00539	0.00421	0.00966
24	0.01006	0.00746	0.00940	0.01094	0.01189	0.00680	0.00743	0.01164	0.01650	0.02145	0.05338	0.57938	0.17329	0.02504	0.01045	0.00326	0.00470	0.02241	0.00771	0.00680
25	0.01204	0.00933	0.01354	0.11577	0.01940	0.00961	0.03653	0.01389	0.01492	0.01977	0.03328	0.35450	0.03818	0.24703	0.02065	0.00480	0.00725	0.01671	0.00606	0.00676
26	0.02580	0.03525	0.14941	0.02082	0.02677	0.39418	0.01828	0.03434	0.16476	0.02484	0.01809	0.01918	0.01405	0.00905	0.00779	0.00239	0.01251	0.00644	0.00509	0.01097
27	0.01011	0.00729	0.00958	0.01142	0.01201	0.00676	0.00764	0.01158	0.01605	0.02127	0.04761	0.67299	0.08340	0.02579	0.01057	0.00335	0.00479	0.02333	0.00771	0.00676
28	0.02113	0.05280	0.02757	0.02314	0.05644	0.15799	0.10856	0.05353	0.04781	0.02353	0.01579	0.02104	0.01363	0.01866	0.11950	0.00450	0.21244	0.00750	0.00446	0.00996
29	0.02873	0.01772	0.02035	0.01656	0.02208	0.01865	0.01332	0.26950	0.15323	0.22588	0.02935	0.09911	0.02275	0.01208	0.00860	0.00268	0.00754	0.00988	0.00886	0.01313
30	0.02226	0.01816	0.01479	0.01314	0.01655	0.16507	0.01014	0.14311	0.02312	0.03275	0.02240	0.02510	0.01743	0.00948	0.00669	0.00209	0.00748	0.00714	0.43365	0.00944
31	0.01187	0.00890	0.01335	0.01335	0.01483	0.01038	0.01038	0.01483	0.01335	0.01928	0.02225	0.03264	0.02077	0.06231	0.67512	0.01335	0.02225	0.00890	0.00445	0.00742
32	0.01352	0.01024	0.01202	0.01152	0.01396	0.00997	0.00859	0.08207	0.05296	0.03000	0.27317	0.21707	0.19504	0.01908	0.00977	0.00284	0.00491	0.01660	0.00834	0.00833
33	0.01208	0.00805	0.00906	0.00906	0.00906	0.00805	0.00503	0.01208	0.01208	0.01611	0.02618	0.05436	0.03020	0.70804	0.04228	0.00805	0.00805	0.01208	0.00503	0.00503
34	0.01280	0.00938	0.01171	0.01090	0.01316	0.00887	0.00822	0.05459	0.02378	0.03308	0.53645	0.09131	0.11957	0.01729	0.00974	0.00266	0.00432	0.01515	0.00891	0.00812
35	0.01172	0.00815	0.01028	0.01059	0.01105	0.00847	0.00687	0.01273	0.01301	0.01774	0.02820	0.14990	0.03158	0.43094	0.20448	0.00872	0.01130	0.01304	0.00530	0.00593
36	0.02220	0.02990	0.17680	0.03753	0.36059	0.17818	0.02441	0.02754	0.01972	0.02530	0.01479	0.01851	0.01196	0.00780	0.00797	0.00243	0.01166	0.00661	0.00401	0.01210
37	0.01675	0.01335	0.01467	0.01351	0.01712	0.01425	0.01036	0.03001	0.33359	0.05534	0.17118	0.07926	0.16626	0.01511	0.00911	0.00279	0.00548	0.01285	0.00848	0.01054
38	0.01935	0.01245	0.01325	0.01143	0.01505	0.01269	0.00902	0.18434	0.02423	0.06281	0.06800	0.04061	0.16760	0.01275	0.00771	0.00235	0.00553	0.01030	0.31092	0.00960
39	0.01053	0.00828	0.00963	0.01050	0.01250	0.00738	0.00794	0.01275	0.01812	0.02252	0.06642	0.25646	0.38005	0.02277	0.01033	0.00314	0.00498	0.12096	0.00770	0.00705
40	0.14464	0.21143	0.05535	0.01716	0.02289	0.17540	0.01489	0.12532	0.07420	0.02946	0.01520	0.01673	0.01221	0.00876	0.00776	0.00232	0.04441	0.00579	0.00516	0.01092
41	0.02319	0.02163	0.02746	0.10379	0.21057	0.08719	0.02004	0.17418	0.02256	0.03027	0.01514	0.01943	0.01236	0.01006	0.01299	0.00277	0.18262	0.00718	0.00500	0.01159
42	0.01002	0.00762	0.00924	0.01053	0.01178	0.00684	0.00725	0.01168	0.01690	0.02161	0.05842	0.49760	0.25182	0.02438	0.01034	0.00319	0.00462	0.02161	0.00771	0.00684
43	0.01616	0.01228	0.01552	0.01504	0.01731	0.01345	0.01200	0.13635	0.02080	0.02797	0.03556	0.22875	0.06447	0.02584	0.10432	0.00470	0.07167	0.16208	0.00699	0.00876
44	0.02896	0.03566	0.02556	0.02726	0.15049	0.54506	0.01792	0.03165	0.02263	0.02168	0.01339	0.01609	0.01119	0.00833	0.00764	0.00220	0.01397	0.00576	0.00425	0.01033
45	0.01262	0.00866	0.01218	0.01218	0.01376	0.00983	0.00943	0.01578	0.01420	0.02172	0.02326	0.03229	0.02088	0.05135	0.53582	0.01098	0.01843	0.00866	0.16049	0.00749
46	0.01010	0.00733	0.00954	0.01130	0.01198	0.00677	0.00759	0.01160	0.01616	0.02131	0.04903	0.64993	0.10554	0.02560	0.01054	0.00333	0.00477	0.02310	0.00771	0.00677
47	0.02195	0.01581	0.01814	0.01434	0.01933	0.01559	0.01128	0.25138	0.02399	0.03376	0.01722	0.02091	0.01394	0.01350	0.01360	0.19273	0.00746	0.00661	0.03952	0.24893
48	0.01088	0.00809	0.01030	0.01178	0.01316	0.00752	0.00882	0.01308	0.01742	0.02242	0.05418	0.40518	0.19099	0.02410	0.01064	0.00336	0.00539	0.16796	0.00770	0.00704
49	0.01187	0.00890	0.01335	0.01335	0.01483	0.01038	0.01038	0.01483	0.01335	0.01928	0.02225	0.03264	0.02077	0.06231	0.67512	0.01335	0.02225	0.00890	0.00445	0.00742
50	0.02383	0.16066	0.02547	0.04952	0.02445	0.17409	0.01467	0.07429	0.30676	0.02891	0.02277	0.02267	0.01767	0.00960	0.00760	0.00243	0.00935	0.00726	0.00629	0.01172
51	0.01307	0.01124	0.01152	0.01096	0.01433	0.01110	0.00836	0.02157	0.20530	0.02613	0.06908	0.06529	0.46492	0.01811	0.00941	0.00281	0.00492	0.01509	0.00794	0.00885
52	0.02455	0.18050	0.02972	0.02263	0.12042	0.05650	0.04298	0.23490	0.02517	0.03377	0.01705	0.01947	0.01352	0.00898	0.00858	0.00233	0.05309	0.00678	0.08725	0.01181
53	0.02651	0.22396	0.03126	0.02510	0.14926	0.32666	0.01739	0.06422	0.02166	0.02334	0.01345	0.01591	0.01138	0.00801	0.00708	0.00212	0.01191	0.00563	0.00428	0.01088
54	0.01222	0.00905	0.01336	0.01380	0.01538	0.01019	0.01108	0.01538	0.01468	0.02057	0.02726	0.04672	0.02700	0.05323	0.52212	0.01115	0.01889	0.14525	0.00519	0.00747
55	0.01007	0.00742	0.00944	0.01105	0.01191	0.00679	0.00748	0.01163	0.01640	0.02141	0.05204	0.60111	0.15242	0.02521	0.01048	0.00328	0.00472	0.02262	0.00771	0.00679
56	0.01267	0.00898	0.01136	0.01236	0.01349	0.00884	0.00857	0.07884	0.01819	0.02429	0.04149	0.59628	0.04859	0.02441	0.01138	0.03879	0.00540	0.02108	0.00758	0.00741
57	0.00989	0.00814	0.00870	0.00914	0.01141	0.00695	0.00663	0.01184	0.01824	0.02216	0.07531	0.22350	0.51501	0.02219	0.01000	0.00294	0.00435	0.01894	0.00771	0.00695
58	0.01012	0.00723	0.00964	0.01157	0.01205	0.00675	0.00771	0.01157	0.01591	0.02121	0.04579	0.70262	0.05495	0.02603	0.01060	0.00337	0.00482	0.02362	0.00771	0.00675
59	0.02558	0.02972	0.02737	0.10481	0.25672	0.36669	0.02023	0.02910	0.02112	0.02289	0.01406	0.01778	0.01163	0.00811	0.00784	0.00233	0.01271	0.00631	0.00416	0.01086
60	0.09984	0.01328	0.01433	0.01365	0.04349	0.01447	0.01006	0.11477	0.07745	0.03254	0.03124	0.03398	0.10616	0.04436	0.01012	0.00271	0.05002	0.00902	0.26904	0.00946
61	0.01549	0.00774	0.00774	0.00774	0.00968	0.00774	0.00581	0.01936	0.01742	0.03097	0.02710	0.03097	0.02129	0.00968	0.00581	0.00194	0.00387	0.00774	0.75416	0.00774
62	0.07144	0.18661	0.24990	0.01986	0.02860	0.02138	0.08594	0.05544	0.01964	0.15892	0.01807	0.01918	0.01293	0.00819	0.00745	0.00243	0.01008	0.00656	0.00532	0.01205
63	0.01947	0.02499	0.13039	0.38286	0.10187	0.15468	0.02309	0.02492	0.01841	0.02241	0.01447	0.01976	0.01110	0.00821	0.00806	0.00259	0.01197	0.00676	0.00382	0.01017
64	0.01208	0.00805	0.00906	0.00906	0.00906	0.00805	0.00503	0.01208	0.01208	0.01611	0.02618	0.05436	0.03020	0.70804	0.04228	0.00805	0.00805	0.01208	0.00503	0.00503
65	0.01182	0.00804	0.00956	0.00979	0.01000	0.00812	0.00589	0.01229	0.01268	0.01705	0.02820	0.13190	0.03231	0.56046	0.10086	0.00800	0.00906	0.01318	0.00531	0.00548
66	0.02365	0.05422	0.02588	0.08383	0.06384	0.26567	0.01799	0.05420	0.01886	0.02216	0.01271	0.01738	0.01112	0.01082	0.01530	0.00280	0.27913	0.00647	0.00412	0.00984
67	0.01156	0.00814	0.00891	0.00891	0.00956	0.00781	0.00533	0.01204	0.01366	0.01757	0.03954	0.06026	0.17375	0.54966	0.03480	0.00684	0.00717	0.01334	0.00565	0.00549
68	0.01208	0.00805	0.00906	0.00906	0.00906	0.00805	0.00503	0.01208	0.01208	0.01611	0.02618	0.05436	0.03020	0.70804	0.04228	0.00805	0.00805	0.01208	0.00503	0.00503
69	0.01199	0.00801	0.00909	0.00918	0.00921	0.00799	0.00516	0.01206	0.01227	0.01636	0.02713	0.08598	0.03141	0.67478	0.04074	0.00783	0.00790	0.01264	0.00516	0.00512
70	0.02362	0.02554	0.02890	0.03253	0.25428	0.21619	0.08534	0.03222	0.16384	0.02680	0.01911	0.02150	0.01518	0.00860	0.00823	0.00249	0.01109	0.00751	0.00517	0.01189
71	0.01011	0.00764	0.00934	0.01058	0.01182	0.00688	0.00730	0.01187	0.01717	0.02215	0.08581	0.48727	0.23380	0.02412	0.01033	0.00317	0.00460	0.02140	0.00778	0.00688
72	0.01800	0.01778	0.02281	0.01995	0.02052	0.06427	0.01638	0.02010	0.01373	0.02043	0.01337	0.02058	0.01275	0.02054	0.11467	0.00480	0.52388	0.00739	0.03923	0.00883
73	0.02406	0.02744	0.02691	0.19836	0.22069	0.31485	0.02062	0.02788	0.02042	0.02258	0.01415	0.01844	0.01152	0.00815	0.00791	0.00240	0.01248	0.00647	0.00408	0.01058
74	0.02171	0.02400	0.02599	0.35210	0.15119	0.23988	0.02113	0.02600	0.01935	0.02196	0.01427	0.01946	0.01131	0.00823	0.00802	0.00250	0.01218	0.00670	0.00396	0.01005
75	0.02179	0.02302	0.02951	0.18614	0.38377	0.16408	0.02287	0.02624	0.01942	0.02432	0.01482	0.01968	0.01215	0.00786	0.00808	0.00246	0.01127	0.00694	0.00406	0.01151

[dist]
# distance from previous block
# <min> <max>
1	8

[block]
# block no. 4 follows, 22 sequences, length 18
# corresponding to MSA columns:
# 403-420
name=unknown_E
#
# <colnr> <probs for GDERKNQSTAVLIFYWHMCP>
#	G	D	E	R	K	N	Q	S	T	A	V	L	I	F	Y	W	H	M	C	P
0	0.01319	0.00948	0.01151	0.01198	0.01391	0.00931	0.00917	0.06317	0.01919	0.02565	0.07534	0.24186	0.16101	0.06621	0.03931	0.00386	0.00649	0.14824	0.06349	0.00764
1	0.02307	0.02563	0.02855	0.02619	0.12226	0.23770	0.14298	0.02838	0.05970	0.02521	0.01588	0.01893	0.01279	0.00765	0.00782	0.00215	0.01134	0.00674	0.00466	0.19239
2	0.02056	0.01974	0.03372	0.05099	0.65622	0.01974	0.02550	0.02550	0.01892	0.02714	0.01563	0.02056	0.01316	0.00740	0.00822	0.00247	0.00987	0.00740	0.00411	0.01316
3	0.01012	0.00723	0.00964	0.01157	0.01205	0.00675	0.00771	0.01157	0.01591	0.02121	0.04579	0.70262	0.05495	0.02603	0.01060	0.00337	0.00482	0.02362	0.00771	0.00675
4	0.03103	0.03959	0.02354	0.02140	0.02568	0.67469	0.01605	0.03317	0.02354	0.02033	0.01284	0.01498	0.01070	0.00856	0.00749	0.00214	0.01498	0.00535	0.00428	0.00963
5	0.01202	0.00830	0.01030	0.01030	0.01073	0.00873	0.00658	0.01288	0.01245	0.01703	0.02504	0.04809	0.02748	0.52149	0.22511	0.00958	0.01216	0.01116	0.00487	0.00572
6	0.00989	0.00813	0.00871	0.00918	0.01142	0.00695	0.00665	0.01184	0.01820	0.02214	0.07482	0.23149	0.50734	0.02225	0.01001	0.00294	0.00436	0.01901	0.00771	0.00695
7	0.01187	0.00890	0.01335	0.01335	0.01483	0.01038	0.01038	0.01483	0.01335	0.01928	0.02225	0.03264	0.02077	0.06231	0.67512	0.01335	0.02225	0.00890	0.00445	0.00742
8	0.01000	0.00769	0.00916	0.01033	0.01173	0.00685	0.00716	0.01171	0.01709	0.02169	0.06080	0.45904	0.28884	0.02408	0.01030	0.00315	0.00458	0.02124	0.00771	0.00685
9	0.01372	0.01151	0.01711	0.01729	0.05220	0.01417	0.01292	0.01655	0.01353	0.01988	0.01943	0.02883	0.01821	0.04890	0.49761	0.01064	0.16671	0.00846	0.00425	0.00810
10	0.03158	0.02327	0.02493	0.01911	0.02576	0.02576	0.01579	0.62852	0.03906	0.05236	0.01995	0.01995	0.01413	0.00997	0.00831	0.00249	0.00914	0.00748	0.00831	0.01413
11	0.13490	0.09154	0.01921	0.01499	0.01917	0.16533	0.01188	0.02852	0.14033	0.05993	0.02468	0.05812	0.04911	0.01652	0.08299	0.00367	0.01013	0.00811	0.05094	0.00993
12	0.02432	0.09789	0.10054	0.04913	0.02578	0.09609	0.01645	0.27603	0.05653	0.03514	0.02405	0.02525	0.07189	0.01340	0.04812	0.00310	0.01046	0.00784	0.00628	0.01170
13	0.01918	0.01860	0.02718	0.02217	0.02511	0.05523	0.13514	0.08779	0.01768	0.02471	0.01572	0.02229	0.01381	0.02302	0.16677	0.00546	0.29791	0.00806	0.00448	0.00971
14	0.03103	0.03959	0.02354	0.02140	0.02568	0.67469	0.01605	0.03317	0.02354	0.02033	0.01284	0.01498	0.01070	0.00856	0.00749	0.00214	0.01498	0.00535	0.00428	0.00963
15	0.01249	0.04996	0.01470	0.01298	0.01465	0.01147	0.01009	0.01515	0.01343	0.01899	0.02201	0.03363	0.02110	0.12212	0.57421	0.01216	0.02008	0.00895	0.00445	0.00737
16	0.09743	0.01578	0.05565	0.08184	0.05435	0.04483	0.01414	0.02503	0.04579	0.15583	0.03754	0.04797	0.13541	0.01415	0.00888	0.00289	0.00782	0.13763	0.00700	0.01004
17	0.01978	0.21636	0.23922	0.01934	0.02613	0.06520	0.02017	0.06035	0.01777	0.02385	0.01417	0.01796	0.01186	0.01434	0.07584	0.00358	0.13319	0.00618	0.00397	0.01074

[dist]
# distance from previous block
# <min> <max>
0	20

[block]
# block no. 5 follows, 22 sequences, length 8
# corresponding to MSA columns:
# 441-448
name=unknown_F
#
# <colnr> <probs for GDERKNQSTAVLIFYWHMCP>
#	G	D	E	R	K	N	Q	S	T	A	V	L	I	F	Y	W	H	M	C	P
0	0.03103	0.03959	0.02354	0.02140	0.02568	0.67469	0.01605	0.03317	0.02354	0.02033	0.01284	0.01498	0.01070	0.00856	0.00749	0.00214	0.01498	0.00535	0.00428	0.00963
1	0.02006	0.01229	0.01488	0.01326	0.01679	0.01201	0.01047	0.13413	0.02388	0.15092	0.16415	0.12199	0.12709	0.05264	0.01123	0.00312	0.00631	0.08651	0.00845	0.00981
2	0.02128	0.02185	0.03180	0.04385	0.50396	0.10501	0.05593	0.02580	0.01956	0.02596	0.01916	0.02326	0.04864	0.00830	0.00830	0.00246	0.01045	0.00783	0.00434	0.01225
3	0.01365	0.01239	0.01190	0.01153	0.01465	0.05682	0.00888	0.01982	0.13047	0.02534	0.10138	0.06666	0.41189	0.01833	0.00954	0.00283	0.00565	0.06218	0.00769	0.00839
4	0.01173	0.00941	0.01406	0.20748	0.02513	0.01014	0.01216	0.01436	0.01611	0.02121	0.03680	0.50557	0.04224	0.02089	0.00994	0.00320	0.00663	0.01892	0.00655	0.00747
5	0.02015	0.01892	0.02999	0.10081	0.47766	0.01981	0.02284	0.02880	0.14166	0.02812	0.01914	0.02276	0.01538	0.00825	0.00828	0.00256	0.00933	0.00779	0.00493	0.01281
6	0.02728	0.02657	0.02547	0.02710	0.18205	0.23229	0.01764	0.22609	0.05611	0.03377	0.01761	0.01961	0.01369	0.00892	0.00790	0.00236	0.01080	0.00688	0.04583	0.01205
7	0.18607	0.01961	0.06979	0.08729	0.19609	0.01865	0.12586	0.06078	0.01921	0.03076	0.06646	0.02244	0.01707	0.00840	0.00786	0.00255	0.00944	0.00762	0.00497	0.03908

[dist]
# distance from previous block
# <min> <max>
3	6

[block]
# block no. 6 follows, 22 sequences, length 45
# corresponding to MSA columns:
# 455-499
name=unknown_G
#
# <colnr> <probs for GDERKNQSTAVLIFYWHMCP>
#	G	D	E	R	K	N	Q	S	T	A	V	L	I	F	Y	W	H	M	C	P
0	0.01334	0.01296	0.01814	0.01539	0.01879	0.04249	0.12459	0.01640	0.01886	0.02362	0.10053	0.14207	0.34417	0.01777	0.01082	0.00288	0.04683	0.01550	0.00676	0.00807
1	0.07507	0.02083	0.02613	0.34045	0.21212	0.14054	0.02140	0.02484	0.01835	0.02386	0.01441	0.01975	0.01142	0.00806	0.00790	0.00256	0.01113	0.00680	0.00402	0.01036
2	0.07783	0.02347	0.13781	0.01660	0.02226	0.08986	0.01527	0.22333	0.02419	0.03434	0.01811	0.02104	0.01396	0.01167	0.01063	0.10069	0.00902	0.00679	0.13267	0.01046
3	0.18628	0.02941	0.17793	0.02832	0.21097	0.18110	0.02078	0.02735	0.01868	0.02749	0.01387	0.01690	0.01100	0.00787	0.00729	0.00245	0.01095	0.00595	0.00423	0.01116
4	0.06175	0.20507	0.20608	0.02450	0.12870	0.02436	0.02125	0.02414	0.01621	0.02376	0.01298	0.01687	0.01100	0.00924	0.01191	0.00263	0.17870	0.00609	0.00374	0.01103
5	0.02273	0.02384	0.03162	0.04488	0.52591	0.15510	0.02354	0.02708	0.01987	0.02573	0.01505	0.01941	0.01265	0.00764	0.00807	0.00240	0.01093	0.00698	0.00415	0.01243
6	0.02030	0.18710	0.02298	0.01437	0.01851	0.02008	0.01158	0.17601	0.10265	0.02953	0.02557	0.15131	0.02520	0.14186	0.01432	0.00355	0.00775	0.01079	0.00644	0.01010
7	0.02339	0.07771	0.02047	0.01690	0.02110	0.35171	0.01302	0.02918	0.12670	0.02324	0.03391	0.03362	0.17173	0.01199	0.00807	0.00239	0.01045	0.00898	0.00578	0.00966
8	0.01143	0.00797	0.00914	0.00935	0.01033	0.00746	0.00603	0.01181	0.01458	0.01853	0.04580	0.13018	0.23491	0.31965	0.02689	0.10339	0.00633	0.01450	0.00602	0.00569
9	0.02327	0.01670	0.01643	0.01380	0.01850	0.08618	0.01091	0.13783	0.06948	0.14705	0.03894	0.03779	0.17425	0.01239	0.00813	0.00241	0.00710	0.00988	0.10485	0.06410
10	0.01585	0.01523	0.01598	0.01536	0.01729	0.13649	0.01191	0.01859	0.01524	0.01952	0.01982	0.02846	0.01829	0.04939	0.51144	0.01067	0.06004	0.00814	0.00437	0.00793
11	0.01703	0.01725	0.03069	0.02430	0.02769	0.01990	0.23319	0.02100	0.01535	0.02217	0.01599	0.02349	0.01410	0.02440	0.19124	0.00589	0.27426	0.00860	0.00405	0.00940
12	0.01187	0.00890	0.01335	0.01335	0.01483	0.01038	0.01038	0.01483	0.01335	0.01928	0.02225	0.03264	0.02077	0.06231	0.67512	0.01335	0.02225	0.00890	0.00445	0.00742
13	0.01774	0.10890	0.50306	0.02524	0.06474	0.02091	0.09415	0.02616	0.01776	0.02568	0.01480	0.01778	0.01089	0.00769	0.00785	0.00255	0.01200	0.00643	0.00362	0.01203
14	0.01844	0.17708	0.51063	0.02168	0.03255	0.05250	0.02671	0.02634	0.01769	0.02468	0.01414	0.01658	0.01056	0.00777	0.00736	0.00244	0.01172	0.00576	0.00355	0.01183
15	0.00998	0.00776	0.00909	0.01015	0.01168	0.00687	0.00708	0.01173	0.01727	0.02176	0.06307	0.42213	0.32428	0.02378	0.01025	0.00312	0.00454	0.02088	0.00771	0.00687
16	0.01189	0.00881	0.01288	0.01288	0.01420	0.01013	0.00980	0.01453	0.01321	0.01894	0.02268	0.03502	0.02180	0.13325	0.60560	0.01277	0.02069	0.00925	0.00451	0.00716
17	0.02548	0.03012	0.02351	0.02537	0.14059	0.42798	0.01673	0.02829	0.02076	0.02140	0.01513	0.01934	0.01305	0.01848	0.13348	0.00431	0.01540	0.00640	0.00428	0.00987
18	0.01012	0.00723	0.00964	0.01157	0.01205	0.00675	0.00771	0.01157	0.01591	0.02121	0.04579	0.70262	0.05495	0.02603	0.01060	0.00337	0.00482	0.02362	0.00771	0.00675
19	0.02056	0.01974	0.03372	0.05099	0.65622	0.01974	0.02550	0.02550	0.01892	0.02714	0.01563	0.02056	0.01316	0.00740	0.00822	0.00247	0.00987	0.00740	0.00411	0.01316
20	0.01187	0.00890	0.01335	0.01335	0.01483	0.01038	0.01038	0.01483	0.01335	0.01928	0.02225	0.03264	0.02077	0.06231	0.67512	0.01335	0.02225	0.00890	0.00445	0.00742
