[name]
unknown

[dist]
# distance from previous block
# <min> <max>
0	0

[block]
# block no. 0 follows, 22 sequences, length 29
# corresponding to MSA columns:
# 0-28
name=unknown_A
#
# <colnr> <probs for GDERKNQSTAVLIFYWHMCP>
#	G	D	E	R	K	N	Q	S	T	A	V	L	I	F	Y	W	H	M	C	P
0	0.01339	0.00956	0.01339	0.01530	0.01721	0.00956	0.01339	0.01721	0.01912	0.02486	0.04399	0.09371	0.04781	0.02295	0.01147	0.00382	0.00765	0.60031	0.00765	0.00765
1	0.02209	0.02328	0.03021	0.13972	0.43078	0.16083	0.02310	0.02651	0.01957	0.02479	0.01490	0.01959	0.01232	0.00779	0.00808	0.00244	0.01115	0.00696	0.00409	0.01181
2	0.07372	0.02376	0.14875	0.04305	0.49545	0.01958	0.02526	0.02557	0.01832	0.02772	0.01520	0.01949	0.01237	0.00751	0.00794	0.00250	0.01007	0.00696	0.00407	0.01270
3	0.00995	0.00792	0.00893	0.00974	0.01157	0.00690	0.00690	0.01177	0.01766	0.02192	0.06800	0.34223	0.40100	0.02314	0.01015	0.00304	0.00447	0.02010	0.00771	0.00690
4	0.01187	0.00890	0.01335	0.01335	0.01483	0.01038	0.01038	0.01483	0.01335	0.01928	0.02225	0.03264	0.02077	0.06231	0.67512	0.01335	0.02225	0.00890	0.00445	0.00742
5	0.01284	0.00859	0.01184	0.01184	0.01345	0.00967	0.00915	0.01605	0.01445	0.02243	0.02356	0.03219	0.02091	0.04813	0.49479	0.01028	0.01730	0.00859	0.20644	0.00751
6	0.01027	0.00843	0.00905	0.00889	0.01150	0.00721	0.00667	0.01280	0.02001	0.02499	0.21710	0.07576	0.51831	0.02009	0.00981	0.00276	0.00414	0.01695	0.00805	0.00721
7	0.01062	0.00759	0.00976	0.01095	0.01170	0.00710	0.00734	0.01232	0.01680	0.02261	0.14441	0.49235	0.07924	0.10911	0.01438	0.00381	0.00505	0.02053	0.00761	0.00672
8	0.01050	0.00788	0.00904	0.00976	0.01099	0.00717	0.00652	0.01183	0.01609	0.02040	0.05526	0.30785	0.27264	0.19420	0.01821	0.00433	0.00540	0.01846	0.00704	0.00642
9	0.01024	0.00732	0.00975	0.01149	0.01208	0.00683	0.00772	0.01186	0.01645	0.02208	0.08955	0.65637	0.05664	0.02537	0.01055	0.00332	0.00475	0.02300	0.00782	0.00683
10	0.02745	0.01928	0.02052	0.01619	0.02163	0.02113	0.01323	0.47204	0.03350	0.04686	0.02178	0.02278	0.01597	0.00990	0.00767	0.00235	0.00779	0.00755	0.19990	0.01249
11	0.03388	0.01691	0.02067	0.01614	0.02242	0.01667	0.01324	0.19196	0.09941	0.43254	0.02960	0.02645	0.01947	0.01032	0.00835	0.00258	0.00754	0.00825	0.00956	0.01402
12	0.01528	0.01495	0.02772	0.02166	0.02567	0.01466	0.27753	0.01890	0.01667	0.02240	0.02957	0.14664	0.08286	0.17615	0.01881	0.00419	0.05947	0.01314	0.00526	0.00849
13	0.01451	0.01772	0.16618	0.01555	0.01949	0.01367	0.01507	0.01910	0.01514	0.02353	0.02024	0.02704	0.01732	0.03260	0.29833	0.00724	0.09478	0.00781	0.16586	0.00882
14	0.01088	0.00755	0.00942	0.01060	0.01090	0.00725	0.00668	0.01177	0.01443	0.01924	0.03823	0.45282	0.04541	0.28884	0.02281	0.00518	0.00607	0.01917	0.00668	0.00609
15	0.01234	0.01020	0.01103	0.01052	0.01346	0.00978	0.00797	0.01890	0.13678	0.02746	0.21625	0.06631	0.39194	0.01820	0.00956	0.00276	0.00458	0.01538	0.00821	0.00837
16	0.02148	0.02291	0.02132	0.01908	0.02134	0.23505	0.01509	0.06252	0.01818	0.02201	0.01538	0.02138	0.01387	0.02596	0.20517	0.00585	0.23279	0.00712	0.00439	0.00912
17	0.01144	0.00838	0.01098	0.01227	0.01378	0.00791	0.00950	0.01416	0.01852	0.02436	0.13652	0.31532	0.13778	0.02299	0.01068	0.00334	0.00559	0.22133	0.00789	0.00725
18	0.35782	0.01547	0.01457	0.01268	0.01726	0.01706	0.01020	0.16807	0.02111	0.03616	0.02920	0.06694	0.12826	0.01546	0.05360	0.00339	0.00770	0.00893	0.00647	0.00966
19	0.02587	0.02751	0.02719	0.03353	0.30190	0.30650	0.01964	0.02936	0.02100	0.06785	0.01594	0.01927	0.01299	0.01095	0.04239	0.00289	0.01256	0.00664	0.00463	0.01138
20	0.01581	0.00889	0.00925	0.00884	0.01065	0.00907	0.00632	0.05998	0.01767	0.02898	0.02639	0.03568	0.02288	0.17325	0.01452	0.00341	0.00522	0.00874	0.52690	0.00755
21	0.33846	0.02040	0.08947	0.01498	0.02110	0.01942	0.01342	0.18011	0.06643	0.03754	0.01612	0.01790	0.01226	0.00984	0.00836	0.05173	0.00782	0.00601	0.00590	0.06273
22	0.01663	0.02260	0.18979	0.39155	0.11934	0.01827	0.02432	0.02301	0.01717	0.02367	0.01490	0.02041	0.01127	0.00793	0.00803	0.00258	0.01087	0.00688	0.00379	0.06701
23	0.35439	0.05822	0.01851	0.01553	0.02024	0.25313	0.01221	0.04910	0.05945	0.02988	0.01555	0.05147	0.01334	0.00925	0.00660	0.00243	0.00962	0.00622	0.00522	0.00963
24	0.10988	0.01816	0.03082	0.02329	0.02941	0.01812	0.28354	0.02647	0.07788	0.07189	0.02362	0.04836	0.05693	0.00980	0.01009	0.00270	0.06421	0.00934	0.00551	0.07998
25	0.02393	0.13624	0.06749	0.03427	0.32113	0.23007	0.02101	0.02789	0.01999	0.02374	0.01406	0.01748	0.01184	0.00775	0.00752	0.00226	0.01148	0.00621	0.00404	0.01160
26	0.02145	0.02333	0.02512	0.02316	0.08827	0.21600	0.09101	0.02562	0.04148	0.02329	0.01595	0.02050	0.01357	0.01682	0.11203	0.00400	0.08797	0.00694	0.00447	0.13903
27	0.16342	0.01663	0.05742	0.05133	0.02007	0.04148	0.01202	0.12489	0.04493	0.03303	0.16745	0.03827	0.13209	0.01361	0.00943	0.04059	0.00701	0.01009	0.00681	0.00943
28	0.01704	0.14325	0.05660	0.27941	0.07473	0.01804	0.01702	0.02106	0.01733	0.05497	0.02882	0.03351	0.13150	0.06099	0.01047	0.00294	0.00896	0.00905	0.00487	0.00945

[dist]
# distance from previous block
# <min> <max>
3	74

[block]
# block no. 1 follows, 22 sequences, length 96
# corresponding to MSA columns:
# 103-198
name=unknown_B
#
# <colnr> <probs for GDERKNQSTAVLIFYWHMCP>
#	G	D	E	R	K	N	Q	S	T	A	V	L	I	F	Y	W	H	M	C	P
0	0.06391	0.08837	0.03054	0.02430	0.05709	0.37162	0.14382	0.07696	0.02271	0.02524	0.01418	0.01697	0.01139	0.00813	0.00778	0.00231	0.01316	0.00643	0.00455	0.01053
1	0.02246	0.02223	0.04340	0.01623	0.01994	0.24892	0.01284	0.02650	0.05151	0.10213	0.14602	0.03193	0.02886	0.05215	0.13331	0.00468	0.01232	0.00884	0.00623	0.00949
2	0.01622	0.14108	0.04928	0.01403	0.01739	0.01527	0.01169	0.10804	0.02022	0.02662	0.05824	0.36303	0.03892	0.01866	0.00921	0.00292	0.00677	0.06653	0.00689	0.00896
3	0.01180	0.00847	0.01071	0.01157	0.01262	0.00828	0.00804	0.04138	0.01716	0.02296	0.08953	0.42318	0.07843	0.13161	0.05188	0.00454	0.00652	0.04706	0.00726	0.00701
4	0.01915	0.12973	0.26257	0.01825	0.02624	0.01991	0.04322	0.14902	0.02236	0.02988	0.03150	0.03199	0.15938	0.01121	0.00812	0.00252	0.00932	0.00894	0.00552	0.01117
5	0.02498	0.02499	0.02922	0.03233	0.26316	0.17674	0.07038	0.15340	0.02415	0.03075	0.01589	0.01895	0.01265	0.00807	0.00801	0.00231	0.01094	0.00690	0.00511	0.08107
6	0.35555	0.02187	0.07274	0.02285	0.13426	0.09260	0.07041	0.02521	0.01690	0.03023	0.01593	0.01886	0.03538	0.00859	0.00798	0.00260	0.04680	0.00637	0.00467	0.01019
7	0.05337	0.02689	0.27416	0.02133	0.07986	0.01650	0.05001	0.02539	0.05865	0.02775	0.01610	0.01861	0.01240	0.00739	0.00729	0.00213	0.00929	0.00612	0.00451	0.28223
8	0.01919	0.01917	0.05092	0.01460	0.01859	0.16386	0.01195	0.02472	0.09352	0.07841	0.14028	0.04979	0.20807	0.01492	0.00902	0.00267	0.00786	0.05587	0.00721	0.00939
9	0.01431	0.01112	0.01276	0.01163	0.01461	0.01105	0.00892	0.07395	0.11044	0.03251	0.36623	0.05838	0.20881	0.01656	0.00948	0.00268	0.00483	0.01418	0.00861	0.00894
10	0.01666	0.04297	0.66500	0.02368	0.03596	0.01929	0.03069	0.02631	0.01754	0.02631	0.01491	0.01754	0.01052	0.00789	0.00789	0.00263	0.01228	0.00614	0.00351	0.01228
11	0.01569	0.01477	0.02492	0.68808	0.05722	0.01846	0.02307	0.02123	0.01661	0.02123	0.01477	0.02215	0.01107	0.00831	0.00831	0.00277	0.01107	0.00738	0.00369	0.00923
12	0.03158	0.02327	0.02493	0.01911	0.02576	0.02576	0.01579	0.62852	0.03906	0.05236	0.01995	0.01995	0.01413	0.00997	0.00831	0.00249	0.00914	0.00748	0.00831	0.01413
13	0.02142	0.02209	0.02322	0.02149	0.06524	0.15712	0.06534	0.03295	0.27738	0.02743	0.02830	0.02897	0.07575	0.01143	0.01102	0.00276	0.10183	0.00890	0.00622	0.01114
14	0.01743	0.01658	0.02392	0.30032	0.18132	0.06056	0.01969	0.02355	0.06859	0.02324	0.01798	0.02424	0.01474	0.01968	0.14802	0.00488	0.01303	0.00774	0.00438	0.01011
15	0.01198	0.00868	0.01167	0.01326	0.01481	0.00837	0.01069	0.01494	0.01841	0.02409	0.08799	0.27780	0.10208	0.02334	0.01096	0.00352	0.00625	0.33604	0.00777	0.00733
16	0.17645	0.01814	0.06112	0.01560	0.02117	0.01741	0.06279	0.19370	0.05373	0.03526	0.03809	0.03770	0.21042	0.01260	0.00821	0.00266	0.00753	0.01015	0.00681	0.01044
17	0.03103	0.03959	0.02354	0.02140	0.02568	0.67469	0.01605	0.03317	0.02354	0.02033	0.01284	0.01498	0.01070	0.00856	0.00749	0.00214	0.01498	0.00535	0.00428	0.00963
18	0.01723	0.01477	0.01723	0.01230	0.01969	0.01107	0.00984	0.02092	0.01723	0.02707	0.01477	0.01723	0.01230	0.00615	0.00615	0.00123	0.00615	0.00492	0.00492	0.75883
19	0.01443	0.00722	0.01082	0.01082	0.01082	0.00722	0.00722	0.01082	0.01082	0.01443	0.01443	0.02525	0.01443	0.02886	0.03247	0.75830	0.00722	0.00722	0.00361	0.00361
20	0.01978	0.08413	0.11980	0.08942	0.32942	0.02094	0.02243	0.02911	0.14879	0.02745	0.01890	0.02181	0.01495	0.00833	0.00797	0.00253	0.00953	0.00737	0.00485	0.01248
21	0.02450	0.02761	0.21445	0.03035	0.22430	0.09283	0.05146	0.03019	0.02022	0.17528	0.01918	0.02094	0.01382	0.00834	0.00815	0.00252	0.01070	0.00714	0.00541	0.01263
22	0.01196	0.00854	0.01150	0.01150	0.01234	0.00938	0.00808	0.01365	0.01280	0.01791	0.02394	0.04201	0.02484	0.34093	0.40206	0.01107	0.01613	0.01027	0.00470	0.00639
23	0.01339	0.00956	0.01339	0.01530	0.01721	0.00956	0.01339	0.01721	0.01912	0.02486	0.04399	0.09371	0.04781	0.02295	0.01147	0.00382	0.00765	0.60031	0.00765	0.00765
24	0.02219	0.09004	0.35772	0.02613	0.14816	0.01906	0.02443	0.02900	0.01905	0.15913	0.01850	0.02000	0.01314	0.00823	0.00783	0.00251	0.01044	0.00669	0.00505	0.01269
25	0.02056	0.01974	0.03372	0.05099	0.65622	0.01974	0.02550	0.02550	0.01892	0.02714	0.01563	0.02056	0.01316	0.00740	0.00822	0.00247	0.00987	0.00740	0.00411	0.01316
26	0.01190	0.00878	0.01273	0.01273	0.01400	0.01005	0.00961	0.01444	0.01317	0.01883	0.02282	0.03577	0.02213	0.15551	0.58378	0.01259	0.02020	0.00936	0.00453	0.00707
27	0.02270	0.67600	0.04243	0.01461	0.02156	0.06817	0.01432	0.02533	0.01725	0.01959	0.01162	0.01342	0.01066	0.00719	0.00545	0.00180	0.00922	0.00449	0.00359	0.01060
28	0.01024	0.00833	0.00907	0.00910	0.01153	0.00716	0.00674	0.01266	0.01962	0.02456	0.19696	0.12873	0.48509	0.02063	0.00988	0.00281	0.00420	0.01753	0.00801	0.00716
29	0.01705	0.04027	0.58423	0.02516	0.03693	0.01952	0.10876	0.02635	0.01781	0.02635	0.01516	0.01818	0.01080	0.00778	0.00814	0.00265	0.01250	0.00662	0.00360	0.01214
30	0.02078	0.02725	0.16288	0.14191	0.32156	0.13264	0.02457	0.02631	0.01906	0.02484	0.01486	0.01922	0.01185	0.00785	0.00804	0.00249	0.01145	0.00678	0.00395	0.01174
31	0.02007	0.01687	0.01635	0.01474	0.01842	0.11177	0.01144	0.05401	0.19588	0.08459	0.24909	0.04417	0.07229	0.01376	0.00898	0.00266	0.00698	0.03944	0.00815	0.01033
32	0.01818	0.01818	0.02545	0.02181	0.02181	0.02545	0.01818	0.01999	0.01272	0.01999	0.01091	0.01818	0.01091	0.01454	0.02726	0.00364	0.69284	0.00727	0.00364	0.00909
33	0.52678	0.01900	0.01579	0.01343	0.01885	0.07290	0.01094	0.12462	0.01975	0.09002	0.01479	0.01589	0.01093	0.00836	0.00611	0.00252	0.00762	0.00537	0.00601	0.01031
34	0.03186	0.02282	0.02465	0.01890	0.02554	0.02509	0.01561	0.59940	0.03830	0.08255	0.02058	0.02036	0.01445	0.00999	0.00831	0.00250	0.00904	0.00752	0.00841	0.01413
35	0.76672	0.01607	0.01221	0.01092	0.01607	0.01864	0.00900	0.02442	0.01414	0.03727	0.01157	0.01350	0.00900	0.00771	0.00514	0.00257	0.00643	0.00450	0.00514	0.00900
36	0.01019	0.00843	0.00893	0.00881	0.01145	0.00717	0.00661	0.01265	0.01982	0.02454	0.19361	0.07650	0.54209	0.02026	0.00981	0.00277	0.00415	0.01705	0.00799	0.00717
37	0.01589	0.01498	0.02529	0.66124	0.08245	0.01851	0.02317	0.02141	0.01671	0.02147	0.01480	0.02208	0.01116	0.00827	0.00830	0.00276	0.01102	0.00738	0.00371	0.00939
38	0.01167	0.00849	0.01099	0.01036	0.01236	0.00780	0.00777	0.01551	0.02331	0.03283	0.62665	0.06285	0.10387	0.01716	0.00980	0.00262	0.00393	0.01514	0.00908	0.00780
39	0.02221	0.71304	0.04353	0.01421	0.02132	0.03287	0.01421	0.02488	0.01688	0.01955	0.01155	0.01333	0.01066	0.00711	0.00533	0.00178	0.00888	0.00444	0.00355	0.01066
40	0.01012	0.00723	0.00964	0.01157	0.01205	0.00675	0.00771	0.01157	0.01591	0.02121	0.04579	0.70262	0.05495	0.02603	0.01060	0.00337	0.00482	0.02362	0.00771	0.00675
41	0.76672	0.01607	0.01221	0.01092	0.01607	0.01864	0.00900	0.02442	0.01414	0.03727	0.01157	0.01350	0.00900	0.00771	0.00514	0.00257	0.00643	0.00450	0.00514	0.00900
42	0.07872	0.04075	0.61099	0.02262	0.03431	0.01924	0.02890	0.02615	0.01726	0.02722	0.01463	0.01720	0.01040	0.00788	0.00766	0.00263	0.01179	0.00600	0.00364	0.01201
43	0.02221	0.71304	0.04353	0.01421	0.02132	0.03287	0.01421	0.02488	0.01688	0.01955	0.01155	0.01333	0.01066	0.00711	0.00533	0.00178	0.00888	0.00444	0.00355	0.01066
44	0.03604	0.01386	0.01888	0.01457	0.02078	0.01200	0.01200	0.03929	0.02376	0.63156	0.06273	0.02991	0.02336	0.01061	0.00842	0.00257	0.00692	0.00868	0.01023	0.01383
45	0.01660	0.03534	0.48365	0.17738	0.04126	0.01919	0.06168	0.02515	0.01744	0.02515	0.01498	0.01887	0.01076	0.00794	0.00809	0.00267	0.01210	0.00663	0.00359	0.01152
46	0.01178	0.00846	0.01094	0.01034	0.01213	0.00786	0.00761	0.01538	0.02257	0.03189	0.60007	0.06142	0.07440	0.07416	0.01249	0.00306	0.00426	0.01478	0.00880	0.00761
47	0.14145	0.02454	0.21928	0.02669	0.20012	0.01727	0.02082	0.02824	0.01897	0.16187	0.04914	0.02213	0.01640	0.00867	0.00773	0.00256	0.00918	0.00712	0.00563	0.01217
48	0.18366	0.08897	0.02295	0.01864	0.02305	0.44121	0.01456	0.02978	0.02031	0.02380	0.01234	0.01474	0.01035	0.00866	0.00812	0.00230	0.05743	0.00522	0.00436	0.00955
49	0.02474	0.02033	0.02799	0.08898	0.12388	0.02194	0.09982	0.25472	0.15693	0.06171	0.02178	0.02321	0.01609	0.00931	0.00853	0.00263	0.00947	0.00821	0.00680	0.01292
50	0.02198	0.15199	0.03476	0.03277	0.26562	0.07619	0.12101	0.05075	0.11232	0.02711	0.01769	0.02059	0.01425	0.00804	0.00792	0.00242	0.01028	0.00738	0.00483	0.01211
51	0.01187	0.00890	0.01335	0.01335	0.01483	0.01038	0.01038	0.01483	0.01335	0.01928	0.02225	0.03264	0.02077	0.06231	0.67512	0.01335	0.02225	0.00890	0.00445	0.00742
52	0.01569	0.01477	0.02492	0.68808	0.05722	0.01846	0.02307	0.02123	0.01661	0.02123	0.01477	0.02215	0.01107	0.00831	0.00831	0.00277	0.01107	0.00738	0.00369	0.00923
53	0.01012	0.00820	0.00899	0.00927	0.01153	0.00707	0.00677	0.01234	0.01896	0.02361	0.15008	0.19436	0.46679	0.02145	0.00996	0.00289	0.00429	0.01835	0.00790	0.00707
54	0.01723	0.01477	0.01723	0.01230	0.01969	0.01107	0.00984	0.02092	0.01723	0.02707	0.01477	0.01723	0.01230	0.00615	0.00615	0.00123	0.00615	0.00492	0.00492	0.75883
55	0.09568	0.01820	0.02047	0.01599	0.02211	0.01882	0.01316	0.31802	0.02985	0.26314	0.02905	0.02728	0.06879	0.01080	0.00818	0.00255	0.00777	0.00836	0.00868	0.01310
56	0.76672	0.01607	0.01221	0.01092	0.01607	0.01864	0.00900	0.02442	0.01414	0.03727	0.01157	0.01350	0.00900	0.00771	0.00514	0.00257	0.00643	0.00450	0.00514	0.00900
57	0.01993	0.01934	0.03370	0.12412	0.54602	0.01967	0.06486	0.02507	0.01869	0.02642	0.01560	0.02087	0.01288	0.00748	0.00834	0.00252	0.01028	0.00756	0.00407	0.01257
58	0.01549	0.00774	0.00774	0.00774	0.00968	0.00774	0.00581	0.01936	0.01742	0.03097	0.02710	0.03097	0.02129	0.00968	0.00581	0.00194	0.00387	0.00774	0.75416	0.00774
59	0.01723	0.01477	0.01723	0.01230	0.01969	0.01107	0.00984	0.02092	0.01723	0.02707	0.01477	0.01723	0.01230	0.00615	0.00615	0.00123	0.00615	0.00492	0.00492	0.75883
60	0.01176	0.00849	0.01110	0.01045	0.01241	0.00784	0.00784	0.01568	0.02352	0.03331	0.65184	0.06206	0.07839	0.01698	0.00980	0.00261	0.00392	0.01502	0.00914	0.00784
61	0.01204	0.00829	0.00958	0.00984	0.01037	0.00816	0.00629	0.01276	0.01369	0.01789	0.03410	0.06212	0.09178	0.55002	0.03503	0.00698	0.00763	0.09220	0.00564	0.00558
62	0.76672	0.01607	0.01221	0.01092	0.01607	0.01864	0.00900	0.02442	0.01414	0.03727	0.01157	0.01350	0.00900	0.00771	0.00514	0.00257	0.00643	0.00450	0.00514	0.00900
63	0.02056	0.01974	0.03372	0.05099	0.65622	0.01974	0.02550	0.02550	0.01892	0.02714	0.01563	0.02056	0.01316	0.00740	0.00822	0.00247	0.00987	0.00740	0.00411	0.01316
64	0.76672	0.01607	0.01221	0.01092	0.01607	0.01864	0.00900	0.02442	0.01414	0.03727	0.01157	0.01350	0.00900	0.00771	0.00514	0.00257	0.00643	0.00450	0.00514	0.00900
65	0.00982	0.00842	0.00842	0.00842	0.01122	0.00701	0.00631	0.01192	0.01894	0.02244	0.08416	0.07995	0.65285	0.02104	0.00982	0.00281	0.00421	0.01753	0.00771	0.00701
66	0.01533	0.01275	0.01392	0.01288	0.01631	0.01349	0.00987	0.02773	0.30491	0.03115	0.22200	0.05248	0.20299	0.01542	0.00919	0.00276	0.00521	0.01310	0.00846	0.01005
67	0.00982	0.00842	0.00842	0.00842	0.01122	0.00701	0.00631	0.01192	0.01894	0.02244	0.08416	0.07995	0.65285	0.02104	0.00982	0.00281	0.00421	0.01753	0.00771	0.00701
68	0.01712	0.03521	0.45766	0.02583	0.03639	0.01899	0.18787	0.02569	0.01849	0.02685	0.05746	0.02178	0.01556	0.00826	0.00853	0.00268	0.01219	0.00770	0.00406	0.01170
69	0.03103	0.03959	0.02354	0.02140	0.02568	0.67469	0.01605	0.03317	0.02354	0.02033	0.01284	0.01498	0.01070	0.00856	0.00749	0.00214	0.01498	0.00535	0.00428	0.00963
70	0.03098	0.02297	0.02459	0.01899	0.02553	0.02548	0.01564	0.59638	0.07218	0.05139	0.02071	0.02055	0.01475	0.01004	0.00832	0.00251	0.00900	0.00758	0.00832	0.01407
71	0.02584	0.03391	0.15997	0.02397	0.07924	0.33055	0.04331	0.06071	0.08946	0.04994	0.01703	0.01874	0.01307	0.00869	0.00790	0.00240	0.01247	0.00651	0.00497	0.01131
72	0.01573	0.01314	0.01812	0.02149	0.16811	0.01337	0.01317	0.02399	0.15189	0.03214	0.37034	0.04563	0.05169	0.01350	0.00914	0.00262	0.00590	0.01202	0.00780	0.01022
73	0.02840	0.05583	0.02417	0.01817	0.02425	0.02442	0.01492	0.47885	0.12996	0.04652	0.02291	0.05389	0.01764	0.01080	0.00829	0.00255	0.00853	0.00839	0.00807	0.01345
74	0.01208	0.00805	0.00906	0.00906	0.00906	0.00805	0.00503	0.01208	0.01208	0.01611	0.02618	0.05436	0.03020	0.70804	0.04228	0.00805	0.00805	0.01208	0.00503	0.00503
75	0.01012	0.00723	0.00964	0.01157	0.01205	0.00675	0.00771	0.01157	0.01591	0.02121	0.04579	0.70262	0.05495	0.02603	0.01060	0.00337	0.00482	0.02362	0.00771	0.00675
76	0.02071	0.12469	0.08416	0.04737	0.10468	0.04823	0.04092	0.03535	0.34192	0.02938	0.02431	0.02454	0.01869	0.00948	0.00792	0.00257	0.00864	0.00789	0.00622	0.01234
77	0.01834	0.01547	0.01821	0.04344	0.02189	0.01262	0.01093	0.07120	0.01901	0.02890	0.01519	0.01767	0.01240	0.00657	0.00643	0.00140	0.00662	0.00524	0.00515	0.66330
78	0.01176	0.00849	0.01110	0.01045	0.01241	0.00784	0.00784	0.01568	0.02352	0.03331	0.65184	0.06206	0.07839	0.01698	0.00980	0.00261	0.00392	0.01502	0.00914	0.00784
79	0.03727	0.01414	0.01928	0.01478	0.02121	0.01221	0.01221	0.04049	0.02378	0.66198	0.03277	0.02828	0.02056	0.01028	0.00835	0.00257	0.00707	0.00835	0.01028	0.01414
80	0.01993	0.01707	0.01815	0.01637	0.02084	0.01960	0.01271	0.04179	0.59011	0.03463	0.08495	0.03356	0.02975	0.01174	0.00856	0.00280	0.00635	0.00986	0.00851	0.01271
81	0.76672	0.01607	0.01221	0.01092	0.01607	0.01864	0.00900	0.02442	0.01414	0.03727	0.01157	0.01350	0.00900	0.00771	0.00514	0.00257	0.00643	0.00450	0.00514	0.00900
82	0.02788	0.18485	0.07129	0.02035	0.02607	0.43031	0.04596	0.03092	0.02151	0.04933	0.01377	0.01574	0.01121	0.00820	0.00720	0.00214	0.01307	0.00555	0.00433	0.01031
83	0.01974	0.02635	0.14464	0.06538	0.07048	0.06370	0.43186	0.02668	0.01935	0.02591	0.01608	0.02103	0.01209	0.00733	0.00920	0.00271	0.01345	0.00869	0.00407	0.01127
84	0.02268	0.07449	0.02944	0.08934	0.33265	0.16790	0.02055	0.05524	0.02029	0.02546	0.01505	0.01918	0.01255	0.00991	0.03356	0.00273	0.01132	0.00666	0.00433	0.04666
85	0.01072	0.00775	0.00999	0.01087	0.01194	0.00718	0.00751	0.01291	0.01828	0.02480	0.23702	0.42528	0.10039	0.06037	0.01204	0.00336	0.00468	0.01989	0.00801	0.00701
86	0.01944	0.01859	0.03169	0.19778	0.51821	0.01944	0.02494	0.02451	0.01839	0.02578	0.01543	0.02093	0.01268	0.00761	0.00824	0.00254	0.01015	0.00740	0.00402	0.01225
87	0.02425	0.28287	0.19782	0.01849	0.02677	0.02671	0.01907	0.24961	0.02529	0.03349	0.01554	0.01688	0.01191	0.00838	0.00710	0.00226	0.00986	0.00601	0.00531	0.01237
88	0.76672	0.01607	0.01221	0.01092	0.01607	0.01864	0.00900	0.02442	0.01414	0.03727	0.01157	0.01350	0.00900	0.00771	0.00514	0.00257	0.00643	0.00450	0.00514	0.00900
89	0.76672	0.01607	0.01221	0.01092	0.01607	0.01864	0.00900	0.02442	0.01414	0.03727	0.01157	0.01350	0.00900	0.00771	0.00514	0.00257	0.00643	0.00450	0.00514	0.00900
90	0.01155	0.00783	0.00922	0.00974	0.00987	0.00770	0.00576	0.01194	0.01311	0.01748	0.03146	0.22910	0.03687	0.52421	0.03374	0.00679	0.00718	0.01519	0.00576	0.00550
91	0.03727	0.01414	0.01928	0.01478	0.02121	0.01221	0.01221	0.04049	0.02378	0.66198	0.03277	0.02828	0.02056	0.01028	0.00835	0.00257	0.00707	0.00835	0.01028	0.01414
92	0.01199	0.00801	0.00909	0.00918	0.00920	0.00799	0.00516	0.01206	0.01227	0.01635	0.02712	0.08558	0.03139	0.67520	0.04076	0.00783	0.00790	0.01264	0.00516	0.00512
93	0.01723	0.01477	0.01723	0.01230	0.01969	0.01107	0.00984	0.02092	0.01723	0.02707	0.01477	0.01723	0.01230	0.00615	0.00615	0.00123	0.00615	0.00492	0.00492	0.75883
94	0.02118	0.02225	0.09927	0.08333	0.19614	0.09596	0.09103	0.02601	0.01955	0.09182	0.04616	0.07562	0.01906	0.00969	0.00840	0.00250	0.01013	0.00880	0.00524	0.06786
95	0.02581	0.01573	0.01815	0.01551	0.02043	0.01664	0.01215	0.04020	0.37142	0.25440	0.03281	0.03197	0.02407	0.06857	0.01122	0.00316	0.00687	0.00925	0.00882	0.01283

[dist]
# distance from previous block
# <min> <max>
0	2

[block]
# block no. 2 follows, 22 sequences, length 250
# corresponding to MSA columns:
# 201-450
name=unknown_C
#
# <colnr> <probs for GDERKNQSTAVLIFYWHMCP>
#	G	D	E	R	K	N	Q	S	T	A	V	L	I	F	Y	W	H	M	C	P
0	0.07514	0.40938	0.06112	0.01606	0.02238	0.13906	0.01471	0.02939	0.11727	0.02363	0.01546	0.01662	0.01289	0.00810	0.00630	0.00210	0.00954	0.00546	0.00457	0.01084
1	0.01706	0.22963	0.10766	0.01432	0.02027	0.01852	0.01372	0.02116	0.01848	0.02573	0.18254	0.02857	0.02933	0.01204	0.03355	0.00251	0.03740	0.00786	0.00537	0.17427
2	0.02024	0.02174	0.02304	0.05206	0.06087	0.17933	0.01659	0.02253	0.01651	0.02103	0.01652	0.10616	0.01675	0.01349	0.01736	0.00302	0.33675	0.00882	0.00441	0.04277
3	0.01040	0.00849	0.00915	0.00949	0.01194	0.00738	0.00724	0.01260	0.01849	0.02240	0.07439	0.11198	0.51610	0.05284	0.01155	0.00320	0.00486	0.09293	0.00758	0.00699
4	0.03158	0.02327	0.02493	0.01911	0.02576	0.02576	0.01579	0.62852	0.03906	0.05236	0.01995	0.01995	0.01413	0.00997	0.00831	0.00249	0.00914	0.00748	0.00831	0.01413
5	0.01723	0.01477	0.01723	0.01230	0.01969	0.01107	0.00984	0.02092	0.01723	0.02707	0.01477	0.01723	0.01230	0.00615	0.00615	0.00123	0.00615	0.00492	0.00492	0.75883
6	0.01110	0.00855	0.01034	0.01116	0.01322	0.00779	0.00876	0.01378	0.01894	0.02404	0.12369	0.18890	0.31642	0.02204	0.01043	0.00318	0.00528	0.18731	0.00784	0.00724
7	0.02264	0.01799	0.01940	0.01681	0.02150	0.02019	0.01318	0.23294	0.34409	0.03848	0.03108	0.13190	0.02624	0.01314	0.00874	0.00280	0.00715	0.01097	0.00829	0.01248
8	0.00996	0.00815	0.00880	0.00922	0.01146	0.00698	0.00669	0.01199	0.01842	0.02258	0.09734	0.22255	0.49298	0.02203	0.01000	0.00293	0.00434	0.01884	0.00777	0.00698
9	0.05416	0.26901	0.18809	0.01862	0.02664	0.02382	0.06485	0.06218	0.08670	0.10389	0.01822	0.01915	0.01369	0.00831	0.00716	0.00235	0.00955	0.00645	0.00526	0.01191
10	0.02598	0.06302	0.07950	0.01926	0.02407	0.44313	0.01582	0.05416	0.02336	0.02447	0.12618	0.02366	0.02279	0.00999	0.00787	0.00227	0.01227	0.00718	0.00521	0.00978
11	0.01037	0.00759	0.00980	0.01148	0.01239	0.00703	0.00802	0.01211	0.01659	0.02169	0.05071	0.56705	0.13353	0.02510	0.01058	0.00334	0.00499	0.07309	0.00771	0.00686
12	0.01826	0.01739	0.02957	0.35147	0.37371	0.01913	0.02435	0.02348	0.01783	0.02435	0.01522	0.02131	0.01218	0.00783	0.00826	0.00261	0.01044	0.00739	0.00391	0.01131
13	0.01934	0.05256	0.14056	0.07282	0.09276	0.07753	0.04478	0.06252	0.11713	0.02760	0.06632	0.06120	0.04545	0.01118	0.01007	0.00271	0.06996	0.00903	0.00553	0.01095
14	0.01499	0.01311	0.02162	0.24781	0.03325	0.01445	0.09463	0.02009	0.04371	0.02263	0.02574	0.04662	0.02496	0.10748	0.07401	0.00469	0.01097	0.16546	0.00525	0.00853
15	0.01187	0.00890	0.01335	0.01335	0.01483	0.01038	0.01038	0.01483	0.01335	0.01928	0.02225	0.03264	0.02077	0.06231	0.67512	0.01335	0.02225	0.00890	0.00445	0.00742
16	0.02286	0.02438	0.09613	0.06937	0.42001	0.11509	0.02344	0.02775	0.01975	0.07830	0.01652	0.02014	0.01304	0.00790	0.00810	0.00246	0.01069	0.00705	0.00457	0.01245
17	0.02109	0.36274	0.22141	0.02030	0.06190	0.09135	0.02013	0.02581	0.01756	0.02206	0.01284	0.01547	0.01078	0.00802	0.00799	0.00223	0.05822	0.00539	0.00365	0.01106
18	0.02350	0.02767	0.02059	0.01883	0.02159	0.38372	0.01438	0.02560	0.02020	0.02128	0.05921	0.09921	0.06446	0.01307	0.01211	0.00265	0.14876	0.00919	0.00506	0.00891
19	0.01946	0.06851	0.13730	0.02061	0.08480	0.01552	0.08387	0.02460	0.01962	0.10370	0.13388	0.02745	0.02510	0.00922	0.00794	0.00222	0.00835	0.00815	0.00584	0.19386
20	0.01880	0.19249	0.41031	0.02043	0.02989	0.08001	0.02389	0.02561	0.01756	0.02363	0.01459	0.01765	0.01145	0.01244	0.06448	0.00331	0.01260	0.00592	0.00367	0.01126
21	0.01097	0.00813	0.01038	0.01153	0.01298	0.00754	0.00860	0.01341	0.01833	0.02406	0.14665	0.35791	0.17510	0.02302	0.01050	0.00324	0.00513	0.13744	0.00792	0.00715
22	0.01514	0.01294	0.01805	0.11857	0.12243	0.04226	0.01535	0.01921	0.01969	0.02609	0.16343	0.09284	0.04218	0.01660	0.00992	0.00310	0.00789	0.23879	0.00668	0.00883
23	0.07077	0.02643	0.02723	0.03305	0.29917	0.24449	0.01951	0.09570	0.02270	0.06097	0.01579	0.01856	0.01256	0.00825	0.00781	0.00237	0.01119	0.00658	0.00502	0.01186
24	0.01012	0.00723	0.00964	0.01157	0.01205	0.00675	0.00771	0.01157	0.01591	0.02121	0.04579	0.70262	0.05495	0.02603	0.01060	0.00337	0.00482	0.02362	0.00771	0.00675
25	0.02838	0.24212	0.02955	0.01924	0.02437	0.48168	0.01550	0.03068	0.02154	0.02010	0.01245	0.01448	0.01069	0.00812	0.00684	0.00203	0.01315	0.00508	0.00406	0.00994
26	0.02280	0.49729	0.09265	0.01607	0.02319	0.13372	0.01564	0.02606	0.01804	0.02079	0.01227	0.01423	0.01077	0.00734	0.00596	0.00187	0.00997	0.00477	0.00376	0.06280
27	0.01113	0.00844	0.01049	0.01173	0.01352	0.00780	0.00916	0.01362	0.01807	0.02289	0.05866	0.27564	0.26275	0.02322	0.01062	0.00333	0.00557	0.21850	0.00769	0.00715
28	0.03046	0.02003	0.02231	0.01766	0.02383	0.02161	0.01441	0.36842	0.16790	0.18506	0.02587	0.02424	0.01804	0.01033	0.00835	0.00258	0.00811	0.00810	0.00878	0.01392
29	0.01012	0.00723	0.00964	0.01157	0.01205	0.00675	0.00771	0.01157	0.01591	0.02121	0.04579	0.70262	0.05495	0.02603	0.01060	0.00337	0.00482	0.02362	0.00771	0.00675
30	0.01549	0.00774	0.00774	0.00774	0.00968	0.00774	0.00581	0.01936	0.01742	0.03097	0.02710	0.03097	0.02129	0.00968	0.00581	0.00194	0.00387	0.00774	0.75416	0.00774
31	0.03043	0.01812	0.02398	0.09734	0.12179	0.01860	0.01662	0.23406	0.02739	0.28974	0.02387	0.02363	0.01622	0.00952	0.00831	0.00255	0.00864	0.00781	0.00795	0.01344
32	0.01952	0.01815	0.02787	0.18200	0.35838	0.01970	0.02173	0.02944	0.18145	0.02784	0.02020	0.02364	0.01590	0.00861	0.00830	0.00263	0.00927	0.00792	0.00516	0.01229
33	0.01818	0.01818	0.02545	0.02181	0.02181	0.02545	0.01818	0.01999	0.01272	0.01999	0.01091	0.01818	0.01091	0.01454	0.02726	0.00364	0.69284	0.00727	0.00364	0.00909
34	0.03558	0.01452	0.01923	0.01500	0.02125	0.01307	0.01231	0.04086	0.08686	0.59789	0.03288	0.02855	0.02105	0.01038	0.00836	0.00260	0.00702	0.00846	0.01010	0.01404
35	0.19433	0.01964	0.02087	0.01634	0.02261	0.02116	0.01350	0.36409	0.03016	0.18562	0.02098	0.02039	0.01444	0.00955	0.00762	0.00253	0.00808	0.00702	0.00806	0.01300
36	0.02569	0.02295	0.02015	0.01704	0.02129	0.17948	0.01303	0.29356	0.05531	0.03441	0.02149	0.06186	0.01933	0.15917	0.01547	0.00365	0.01000	0.00886	0.00660	0.01067
37	0.01168	0.00848	0.01044	0.01061	0.01174	0.00859	0.00744	0.01322	0.01442	0.01899	0.03841	0.05722	0.15513	0.33850	0.20053	0.00803	0.01100	0.06362	0.00565	0.00629
38	0.01316	0.00942	0.01298	0.09837	0.01852	0.00925	0.00993	0.01691	0.02159	0.05858	0.44921	0.12716	0.08952	0.01673	0.00963	0.00272	0.00510	0.01479	0.00827	0.00815
39	0.01475	0.01212	0.01450	0.01232	0.01732	0.00983	0.00996	0.01809	0.01785	0.02548	0.03429	0.08549	0.12476	0.01352	0.00821	0.00220	0.00610	0.14336	0.00615	0.42368
40	0.22455	0.18826	0.05028	0.01496	0.02150	0.02231	0.01340	0.16539	0.02277	0.17630	0.01836	0.01840	0.01323	0.00866	0.00674	0.00236	0.00802	0.00609	0.00656	0.01185
41	0.12741	0.06141	0.11962	0.02281	0.09377	0.22539	0.04092	0.06552	0.08664	0.02813	0.01725	0.02109	0.01401	0.00903	0.00760	0.00248	0.01098	0.02991	0.00505	0.01099
42	0.02311	0.64430	0.04149	0.01495	0.02177	0.09839	0.01440	0.02572	0.01756	0.01963	0.01168	0.01350	0.01067	0.00726	0.00555	0.00181	0.00951	0.00453	0.00363	0.01056
43	0.02020	0.01669	0.03149	0.02703	0.10891	0.01561	0.27764	0.02518	0.02040	0.12997	0.12582	0.10917	0.02961	0.01143	0.00946	0.00276	0.00964	0.01173	0.00639	0.01086
44	0.03056	0.03666	0.02345	0.02092	0.02548	0.56892	0.01587	0.09975	0.05720	0.02463	0.01471	0.01636	0.01184	0.00886	0.00763	0.00221	0.01390	0.00580	0.00494	0.01031
45	0.02766	0.02132	0.02272	0.01832	0.02427	0.02393	0.01484	0.41846	0.25551	0.04603	0.02493	0.02392	0.01817	0.01044	0.00836	0.00261	0.00822	0.00817	0.00836	0.01378
46	0.02929	0.02677	0.10545	0.01901	0.02556	0.16394	0.01668	0.21941	0.10878	0.16780	0.02225	0.02175	0.01574	0.00963	0.00810	0.00249	0.01006	0.00727	0.00724	0.01277
47	0.01187	0.00890	0.01335	0.01335	0.01483	0.01038	0.01038	0.01483	0.01335	0.01928	0.02225	0.03264	0.02077	0.06231	0.67512	0.01335	0.02225	0.00890	0.00445	0.00742
48	0.01676	0.01586	0.02685	0.54814	0.18879	0.01874	0.02360	0.02216	0.01712	0.02252	0.01495	0.02180	0.01153	0.00811	0.00829	0.00270	0.01081	0.00739	0.00378	0.01009
49	0.01635	0.01549	0.02195	0.01936	0.01979	0.02109	0.01592	0.01850	0.01290	0.01979	0.01419	0.02236	0.01376	0.02836	0.21473	0.00645	0.49879	0.00774	0.00387	0.00860
50	0.01808	0.01527	0.01769	0.01271	0.02005	0.01195	0.01020	0.05718	0.01853	0.02858	0.01507	0.01739	0.01241	0.00638	0.00628	0.00131	0.00633	0.00507	0.00512	0.71438
51	0.03556	0.01448	0.01925	0.01486	0.02107	0.01293	0.01223	0.08020	0.02483	0.58696	0.06389	0.02944	0.02311	0.01061	0.00843	0.00257	0.00705	0.00864	0.01009	0.01381
52	0.01176	0.00849	0.01110	0.01045	0.01241	0.00784	0.00784	0.01568	0.02352	0.03331	0.65184	0.06206	0.07839	0.01698	0.00980	0.00261	0.00392	0.01502	0.00914	0.00784
53	0.01188	0.00886	0.01316	0.01316	0.01457	0.01028	0.01014	0.01471	0.01329	0.01914	0.02243	0.03363	0.02120	0.09173	0.64629	0.01311	0.02160	0.00905	0.00448	0.00731
54	0.02221	0.71304	0.04353	0.01421	0.02132	0.03287	0.01421	0.02488	0.01688	0.01955	0.01155	0.01333	0.01066	0.00711	0.00533	0.00178	0.00888	0.00444	0.00355	0.01066
55	0.01783	0.09037	0.30692	0.02802	0.19476	0.01968	0.02372	0.02537	0.05518	0.02615	0.04424	0.02480	0.05944	0.00943	0.00881	0.00258	0.03877	0.00769	0.00448	0.01175
56	0.02373	0.07708	0.07719	0.03271	0.25237	0.06181	0.09987	0.18547	0.02409	0.03239	0.01619	0.01944	0.01272	0.00842	0.00898	0.00251	0.04006	0.00729	0.00514	0.01252
57	0.05473	0.06434	0.11821	0.02278	0.07475	0.38681	0.01829	0.05757	0.07970	0.02506	0.01551	0.01736	0.01231	0.00859	0.00755	0.00232	0.01257	0.00602	0.00472	0.01083
58	0.02226	0.02536	0.10307	0.06785	0.33535	0.10516	0.10097	0.08814	0.02140	0.02841	0.01574	0.01975	0.01248	0.00786	0.00831	0.00250	0.01131	0.00731	0.00449	0.01227
59	0.01791	0.01543	0.01762	0.01815	0.07457	0.01693	0.01299	0.03383	0.40878	0.03081	0.04256	0.04550	0.14241	0.01393	0.00899	0.00289	0.00653	0.07086	0.00786	0.01146
60	0.01549	0.00774	0.00774	0.00774	0.00968	0.00774	0.00581	0.01936	0.01742	0.03097	0.02710	0.03097	0.02129	0.00968	0.00581	0.00194	0.00387	0.00774	0.75416	0.00774
61	0.01285	0.01035	0.01524	0.01467	0.01593	0.01274	0.01160	0.01564	0.01325	0.01940	0.02048	0.03037	0.01923	0.05483	0.57375	0.01183	0.12718	0.00865	0.00432	0.00768
62	0.01127	0.00877	0.01048	0.01124	0.01353	0.00798	0.00907	0.01409	0.01915	0.02401	0.10694	0.11885	0.35872	0.02173	0.01046	0.00320	0.00548	0.22993	0.00779	0.00729
63	0.01012	0.00723	0.00964	0.01157	0.01205	0.00675	0.00771	0.01157	0.01591	0.02121	0.04579	0.70262	0.05495	0.02603	0.01060	0.00337	0.00482	0.02362	0.00771	0.00675
64	0.01187	0.00890	0.01335	0.01335	0.01483	0.01038	0.01038	0.01483	0.01335	0.01928	0.02225	0.03264	0.02077	0.06231	0.67512	0.01335	0.02225	0.00890	0.00445	0.00742
65	0.01063	0.00817	0.00976	0.01015	0.01204	0.00730	0.00743	0.01319	0.01955	0.02555	0.24710	0.24087	0.29328	0.02119	0.01009	0.00294	0.00442	0.04098	0.00815	0.00722
66	0.03434	0.01885	0.02219	0.01702	0.02356	0.01920	0.01406	0.34372	0.03166	0.34761	0.02616	0.02398	0.01725	0.01012	0.00833	0.00253	0.00814	0.00790	0.00927	0.01413
67	0.03727	0.01414	0.01928	0.01478	0.02121	0.01221	0.01221	0.04049	0.02378	0.66198	0.03277	0.02828	0.02056	0.01028	0.00835	0.00257	0.00707	0.00835	0.01028	0.01414
68	0.01961	0.02241	0.04902	0.03501	0.04342	0.02101	0.62605	0.02661	0.01961	0.02661	0.01681	0.02241	0.01261	0.00700	0.00980	0.00280	0.01401	0.00980	0.00420	0.01120
69	0.01666	0.04297	0.66500	0.02368	0.03596	0.01929	0.03069	0.02631	0.01754	0.02631	0.01491	0.01754	0.01052	0.00789	0.00789	0.00263	0.01228	0.00614	0.00351	0.01228
70	0.03103	0.03959	0.02354	0.02140	0.02568	0.67469	0.01605	0.03317	0.02354	0.02033	0.01284	0.01498	0.01070	0.00856	0.00749	0.00214	0.01498	0.00535	0.00428	0.00963
71	0.01755	0.01604	0.01501	0.01539	0.01803	0.15525	0.01255	0.02072	0.02047	0.04832	0.08799	0.09331	0.10403	0.01877	0.01015	0.00319	0.00848	0.31937	0.00713	0.00825
72	0.76672	0.01607	0.01221	0.01092	0.01607	0.01864	0.00900	0.02442	0.01414	0.03727	0.01157	0.01350	0.00900	0.00771	0.00514	0.00257	0.00643	0.00450	0.00514	0.00900
73	0.01723	0.01477	0.01723	0.01230	0.01969	0.01107	0.00984	0.02092	0.01723	0.02707	0.01477	0.01723	0.01230	0.00615	0.00615	0.00123	0.00615	0.00492	0.00492	0.75883
74	0.01569	0.01477	0.02492	0.68808	0.05722	0.01846	0.02307	0.02123	0.01661	0.02123	0.01477	0.02215	0.01107	0.00831	0.00831	0.00277	0.01107	0.00738	0.00369	0.00923
75	0.01187	0.00890	0.01335	0.01335	0.01483	0.01038	0.01038	0.01483	0.01335	0.01928	0.02225	0.03264	0.02077	0.06231	0.67512	0.01335	0.02225	0.00890	0.00445	0.00742
76	0.01549	0.00774	0.00774	0.00774	0.00968	0.00774	0.00581	0.01936	0.01742	0.03097	0.02710	0.03097	0.02129	0.00968	0.00581	0.00194	0.00387	0.00774	0.75416	0.00774
77	0.03023	0.11667	0.02699	0.01906	0.02517	0.19146	0.01565	0.39924	0.03225	0.03998	0.01705	0.01783	0.01281	0.00924	0.00772	0.00231	0.01059	0.00655	0.00667	0.01254
78	0.02424	0.06416	0.02825	0.05452	0.28081	0.20686	0.01927	0.09014	0.02196	0.02720	0.01493	0.01817	0.01225	0.00787	0.00763	0.00221	0.01081	0.00637	0.00465	0.09771
79	0.02351	0.55733	0.07201	0.01600	0.02286	0.14761	0.01540	0.02644	0.01811	0.02004	0.01196	0.01384	0.01066	0.00741	0.00585	0.00189	0.01016	0.00469	0.00368	0.01056
80	0.02870	0.02162	0.14424	0.02397	0.10730	0.01617	0.10338	0.05446	0.02196	0.35481	0.02464	0.02422	0.01644	0.00901	0.00845	0.00260	0.00942	0.00800	0.00734	0.01326
81	0.02731	0.06497	0.12495	0.07936	0.03033	0.23454	0.06071	0.11880	0.02371	0.13054	0.01782	0.01932	0.01294	0.00874	0.00793	0.00242	0.01170	0.00671	0.00563	0.01156
82	0.02862	0.15224	0.02782	0.02276	0.07991	0.50858	0.01656	0.03109	0.02201	0.02079	0.01286	0.01519	0.01091	0.00821	0.00719	0.00211	0.01350	0.00538	0.00414	0.01011
83	0.01790	0.06127	0.24859	0.22383	0.23798	0.01988	0.02601	0.02451	0.01767	0.02476	0.01493	0.01962	0.01152	0.00782	0.00799	0.00258	0.01100	0.00681	0.00375	0.01159
84	0.02710	0.33992	0.03246	0.01820	0.02374	0.38847	0.01523	0.02947	0.02057	0.01998	0.01227	0.01424	0.01068	0.00791	0.00653	0.00198	0.01226	0.00495	0.00396	0.01009
85	0.02838	0.01892	0.02677	0.02049	0.02688	0.01917	0.14108	0.23311	0.09364	0.22243	0.02600	0.06262	0.01921	0.01049	0.00878	0.00266	0.00903	0.00934	0.00802	0.01300
86	0.01370	0.01055	0.01352	0.01339	0.01666	0.00939	0.01107	0.01709	0.01840	0.02514	0.06084	0.14000	0.08686	0.01849	0.00978	0.00297	0.00654	0.31230	0.00699	0.20632
87	0.01208	0.00805	0.00906	0.00906	0.00906	0.00805	0.00503	0.01208	0.01208	0.01611	0.02618	0.05436	0.03020	0.70804	0.04228	0.00805	0.00805	0.01208	0.00503	0.00503
88	0.01549	0.00774	0.00774	0.00774	0.00968	0.00774	0.00581	0.01936	0.01742	0.03097	0.02710	0.03097	0.02129	0.00968	0.00581	0.00194	0.00387	0.00774	0.75416	0.00774
89	0.01208	0.00805	0.00906	0.00906	0.00906	0.00805	0.00503	0.01208	0.01208	0.01611	0.02618	0.05436	0.03020	0.70804	0.04228	0.00805	0.00805	0.01208	0.00503	0.00503
90	0.01952	0.01815	0.02783	0.18191	0.35668	0.01970	0.02170	0.02949	0.18311	0.02786	0.02025	0.02367	0.01593	0.00862	0.00830	0.00263	0.00926	0.00792	0.00517	0.01229
91	0.01723	0.01477	0.01723	0.01230	0.01969	0.01107	0.00984	0.02092	0.01723	0.02707	0.01477	0.01723	0.01230	0.00615	0.00615	0.00123	0.00615	0.00492	0.00492	0.75883
92	0.02290	0.21099	0.32977	0.01892	0.02820	0.02133	0.02148	0.02988	0.04591	0.16693	0.01884	0.01942	0.01345	0.00837	0.00735	0.00240	0.00998	0.00633	0.00525	0.01231
93	0.02056	0.01974	0.03372	0.05099	0.65622	0.01974	0.02550	0.02550	0.01892	0.02714	0.01563	0.02056	0.01316	0.00740	0.00822	0.00247	0.00987	0.00740	0.00411	0.01316
94	0.02170	0.17398	0.02599	0.02143	0.12370	0.16688	0.01486	0.06252	0.09809	0.02533	0.02834	0.07486	0.10620	0.01144	0.00785	0.00240	0.00920	0.00910	0.00557	0.01057
95	0.01788	0.17435	0.32310	0.02291	0.11024	0.02056	0.02227	0.02500	0.04284	0.02569	0.06220	0.02338	0.04431	0.00892	0.00756	0.00238	0.00982	0.00714	0.00443	0.04501
96	0.02264	0.07219	0.12923	0.02522	0.16005	0.08467	0.01878	0.14798	0.07125	0.05805	0.02197	0.11039	0.01931	0.01099	0.00825	0.00257	0.00951	0.00915	0.00592	0.01188
97	0.01201	0.00834	0.01050	0.01050	0.01099	0.00883	0.00682	0.01300	0.01251	0.01717	0.02486	0.04710	0.02705	0.49212	0.25390	0.00983	0.01280	0.01102	0.00484	0.00583
98	0.01977	0.07579	0.13411	0.03856	0.30098	0.02110	0.23644	0.02596	0.01880	0.02626	0.01563	0.02022	0.01238	0.00731	0.00851	0.00256	0.01161	0.00784	0.00401	0.01215
99	0.02894	0.07066	0.02491	0.02095	0.02496	0.51825	0.01622	0.06656	0.02272	0.02216	0.01295	0.01561	0.01093	0.00935	0.01000	0.00234	0.10256	0.00568	0.00440	0.00988
100	0.01072	0.00780	0.01092	0.01218	0.01301	0.00800	0.00863	0.01269	0.01503	0.02055	0.03769	0.47219	0.04319	0.03850	0.23915	0.00681	0.01082	0.01856	0.00659	0.00698
101	0.02222	0.01486	0.01719	0.01442	0.01879	0.01543	0.01144	0.18633	0.13546	0.13038	0.26025	0.04132	0.06937	0.01333	0.00896	0.00262	0.00624	0.01118	0.00891	0.01132
102	0.01187	0.00890	0.01335	0.01335	0.01483	0.01038	0.01038	0.01483	0.01335	0.01928	0.02225	0.03264	0.02077	0.06231	0.67512	0.01335	0.02225	0.00890	0.00445	0.00742
103	0.01009	0.00736	0.00950	0.01122	0.01196	0.00678	0.00756	0.01161	0.01624	0.02134	0.05004	0.63358	0.12124	0.02547	0.01052	0.00331	0.00475	0.02294	0.00771	0.00678
104	0.02793	0.02146	0.02288	0.01838	0.02437	0.02406	0.01491	0.43311	0.24041	0.04647	0.02458	0.02364	0.01788	0.01041	0.00836	0.00260	0.00828	0.00812	0.00836	0.01380
105	0.02022	0.01939	0.03311	0.09541	0.61446	0.01965	0.02533	0.02520	0.01876	0.02673	0.01557	0.02067	0.01301	0.00746	0.00823	0.00249	0.00995	0.00740	0.00408	0.01288
106	0.03042	0.08654	0.02494	0.02090	0.02538	0.62995	0.01592	0.03259	0.02308	0.02028	0.01275	0.01487	0.01070	0.00846	0.00734	0.00211	0.01456	0.00529	0.00423	0.00970
107	0.01099	0.00790	0.01041	0.01098	0.01224	0.00732	0.00778	0.01374	0.01993	0.02761	0.36637	0.36379	0.06734	0.02124	0.01018	0.00297	0.00434	0.01907	0.00847	0.00732
108	0.01546	0.01320	0.02018	0.40307	0.03939	0.01538	0.01733	0.06289	0.02020	0.02709	0.21087	0.03468	0.03236	0.01342	0.03751	0.00316	0.00922	0.00980	0.00573	0.00908
109	0.02464	0.36134	0.13123	0.01821	0.02517	0.23692	0.01740	0.05632	0.02017	0.02238	0.01288	0.01482	0.01082	0.00783	0.00656	0.00206	0.01138	0.00514	0.00401	0.01074
110	0.02415	0.56512	0.03914	0.01579	0.02228	0.17385	0.01462	0.02670	0.01834	0.01972	0.01183	0.01369	0.01067	0.00743	0.00580	0.00186	0.01022	0.00464	0.00371	0.01043
111	0.01443	0.00722	0.01082	0.01082	0.01082	0.00722	0.00722	0.01082	0.01082	0.01443	0.01443	0.02525	0.01443	0.02886	0.03247	0.75830	0.00722	0.00722	0.00361	0.00361
112	0.04753	0.09134	0.40439	0.02740	0.14241	0.04619	0.05014	0.04926	0.01873	0.02709	0.01482	0.01776	0.01117	0.00780	0.00771	0.00251	0.01141	0.00632	0.00392	0.01210
113	0.02347	0.05628	0.12991	0.02483	0.13836	0.12178	0.01901	0.15401	0.15325	0.03268	0.04968	0.02291	0.01807	0.00943	0.00807	0.00250	0.00989	0.00754	0.00602	0.01231
114	0.02042	0.01680	0.02379	0.02878	0.26495	0.01751	0.01709	0.18156	0.02454	0.03415	0.15737	0.03107	0.02873	0.01729	0.09489	0.00391	0.00997	0.00929	0.00637	0.01150
