[name]
unknown

[dist]
# distance from previous block
# <min> <max>
0	0

[block]
# block no. 0 follows, 22 sequences, length 40
# corresponding to MSA columns:
# 0-39
name=unknown_A
#
# <colnr> <probs for GDERKNQSTAVLIFYWHMCP>
#	G	D	E	R	K	N	Q	S	T	A	V	L	I	F	Y	W	H	M	C	P
0	0.01339	0.00956	0.01339	0.01530	0.01721	0.00956	0.01339	0.01721	0.01912	0.02486	0.04399	0.09371	0.04781	0.02295	0.01147	0.00382	0.00765	0.60031	0.00765	0.00765
1	0.02378	0.64027	0.04101	0.01427	0.02131	0.03072	0.01401	0.02650	0.01760	0.08644	0.01376	0.01488	0.01169	0.00744	0.00565	0.00186	0.00870	0.00485	0.00425	0.01102
2	0.01693	0.07528	0.63503	0.02322	0.03525	0.01995	0.02990	0.02624	0.01751	0.02598	0.01475	0.01734	0.01053	0.00785	0.00777	0.00259	0.01211	0.00606	0.00351	0.01220
3	0.08599	0.02019	0.02415	0.35835	0.07624	0.10197	0.01946	0.16186	0.02252	0.02993	0.01548	0.01992	0.01166	0.00862	0.00793	0.00259	0.01065	0.00691	0.00497	0.01060
4	0.02276	0.02414	0.03084	0.07894	0.47499	0.17382	0.02314	0.02707	0.01988	0.02521	0.01492	0.01933	0.01247	0.00772	0.00806	0.00241	0.01114	0.00692	0.00413	0.01211
5	0.01662	0.13332	0.05483	0.01424	0.01798	0.01634	0.01238	0.09401	0.01810	0.02527	0.04592	0.02800	0.02005	0.03761	0.36416	0.00815	0.01567	0.00797	0.06024	0.00912
6	0.01828	0.01468	0.02161	0.17329	0.02870	0.01618	0.09745	0.12250	0.01984	0.02805	0.02049	0.02994	0.01774	0.15245	0.01605	0.00369	0.04742	0.00876	0.15370	0.00917
7	0.03158	0.02327	0.02493	0.01911	0.02576	0.02576	0.01579	0.62852	0.03906	0.05236	0.01995	0.01995	0.01413	0.00997	0.00831	0.00249	0.00914	0.00748	0.00831	0.01413
8	0.01170	0.00792	0.00926	0.00959	0.00977	0.00780	0.00566	0.01215	0.01332	0.01785	0.05888	0.17470	0.03702	0.54970	0.03491	0.00693	0.00726	0.01435	0.00572	0.00548
9	0.02636	0.02639	0.03189	0.02468	0.03113	0.18146	0.21669	0.22455	0.09158	0.03425	0.01863	0.02070	0.01396	0.00879	0.00862	0.00254	0.01190	0.00793	0.00599	0.01197
10	0.01020	0.00753	0.00935	0.01075	0.01167	0.00689	0.00724	0.01168	0.01626	0.02110	0.05228	0.52976	0.17576	0.07260	0.01265	0.00358	0.00492	0.02156	0.00753	0.00668
11	0.01823	0.01536	0.01776	0.01278	0.02011	0.01210	0.01026	0.06332	0.01875	0.02883	0.01513	0.01742	0.01243	0.00642	0.00630	0.00132	0.00636	0.00510	0.00516	0.70686
12	0.00996	0.00842	0.00861	0.00857	0.01131	0.00707	0.00642	0.01220	0.01927	0.02324	0.12605	0.07863	0.61046	0.02074	0.00982	0.00279	0.00419	0.01735	0.00782	0.00707
13	0.01670	0.01421	0.01667	0.01225	0.01912	0.01075	0.00969	0.02023	0.01713	0.02664	0.01705	0.06781	0.01545	0.00762	0.00648	0.00139	0.00605	0.00630	0.00513	0.70333
14	0.01818	0.01818	0.02545	0.02181	0.02181	0.02545	0.01818	0.01999	0.01272	0.01999	0.01091	0.01818	0.01091	0.01454	0.02726	0.00364	0.69284	0.00727	0.00364	0.00909
15	0.01227	0.00804	0.00899	0.00899	0.00910	0.00804	0.00508	0.01249	0.01238	0.01694	0.02623	0.05305	0.02970	0.66876	0.04023	0.00771	0.00782	0.01184	0.04717	0.00519
16	0.02451	0.01908	0.02114	0.01576	0.02277	0.01853	0.01286	0.32926	0.02831	0.03990	0.01739	0.01861	0.01323	0.00809	0.00725	0.00187	0.00767	0.00622	0.00664	0.38092
17	0.01104	0.00909	0.00996	0.00930	0.01238	0.00763	0.00704	0.01374	0.01983	0.02546	0.20941	0.06924	0.45209	0.01854	0.00943	0.00260	0.00434	0.01563	0.00776	0.08549
18	0.02568	0.17216	0.05683	0.02837	0.20311	0.33147	0.01894	0.02902	0.02063	0.02234	0.01345	0.01632	0.01138	0.00791	0.00727	0.00218	0.01218	0.00578	0.00405	0.01095
19	0.01527	0.01161	0.01377	0.01317	0.01526	0.01220	0.00974	0.13889	0.02091	0.02781	0.06609	0.34624	0.13443	0.06837	0.01342	0.00342	0.05657	0.01703	0.00740	0.00840
20	0.01009	0.00735	0.00951	0.01124	0.01196	0.00678	0.00757	0.01160	0.01622	0.02134	0.04978	0.63778	0.11720	0.02551	0.01052	0.00331	0.00476	0.02298	0.00771	0.00678
21	0.01208	0.00805	0.00906	0.00906	0.00906	0.00805	0.00503	0.01208	0.01208	0.01611	0.02618	0.05436	0.03020	0.70804	0.04228	0.00805	0.00805	0.01208	0.00503	0.00503
22	0.02141	0.07865	0.43268	0.02246	0.03198	0.22261	0.02526	0.02835	0.01936	0.02409	0.01409	0.01652	0.01059	0.00806	0.00763	0.00243	0.01293	0.00580	0.00375	0.01137
23	0.02040	0.01732	0.02342	0.02831	0.25579	0.01784	0.01682	0.03223	0.26501	0.06548	0.02875	0.02915	0.06552	0.00997	0.00822	0.00251	0.00760	0.00873	0.00653	0.09040
24	0.02340	0.56262	0.07387	0.01595	0.02285	0.14083	0.01542	0.02636	0.01804	0.02005	0.01195	0.01384	0.01066	0.00740	0.00584	0.00188	0.01010	0.00469	0.00367	0.01057
25	0.01715	0.07535	0.59065	0.02399	0.03574	0.02010	0.07141	0.02626	0.01765	0.02599	0.01487	0.01767	0.01068	0.00779	0.00790	0.00260	0.01223	0.00631	0.00356	0.01212
26	0.01191	0.00873	0.01247	0.01247	0.01365	0.00991	0.00929	0.01427	0.01309	0.01863	0.02306	0.03709	0.02270	0.19465	0.54542	0.01227	0.01934	0.00955	0.00457	0.00693
27	0.02221	0.71304	0.04353	0.01421	0.02132	0.03287	0.01421	0.02488	0.01688	0.01955	0.01155	0.01333	0.01066	0.00711	0.00533	0.00178	0.00888	0.00444	0.00355	0.01066
28	0.01208	0.00805	0.00906	0.00906	0.00906	0.00805	0.00503	0.01208	0.01208	0.01611	0.02618	0.05436	0.03020	0.70804	0.04228	0.00805	0.00805	0.01208	0.00503	0.00503
29	0.01187	0.00890	0.01335	0.01335	0.01483	0.01038	0.01038	0.01483	0.01335	0.01928	0.02225	0.03264	0.02077	0.06231	0.67512	0.01335	0.02225	0.00890	0.00445	0.00742
30	0.02028	0.01966	0.03417	0.07970	0.59391	0.01975	0.05916	0.02536	0.01885	0.02684	0.01565	0.02074	0.01303	0.00742	0.00832	0.00250	0.01016	0.00754	0.00410	0.01287
31	0.01106	0.00997	0.00947	0.00968	0.01217	0.04450	0.00710	0.01306	0.01868	0.02211	0.07365	0.18175	0.51550	0.02118	0.00982	0.00286	0.00492	0.01788	0.00752	0.00712
32	0.02113	0.02082	0.03317	0.04939	0.62200	0.05528	0.02498	0.02591	0.01917	0.02677	0.01548	0.02026	0.01303	0.00746	0.00818	0.00245	0.01015	0.00729	0.00412	0.01297
33	0.01854	0.01934	0.02745	0.02218	0.02625	0.12770	0.21078	0.02262	0.01733	0.02277	0.01807	0.02471	0.01544	0.02647	0.23019	0.00619	0.08683	0.00834	0.05958	0.00921
34	0.14616	0.01879	0.02721	0.21279	0.35607	0.05226	0.02158	0.02456	0.01772	0.02693	0.01457	0.01951	0.01177	0.00775	0.00769	0.00255	0.00987	0.00680	0.00418	0.01123
35	0.01780	0.18031	0.53763	0.02174	0.03296	0.02208	0.02732	0.02602	0.01740	0.02492	0.01422	0.01668	0.01055	0.00773	0.00737	0.00246	0.01158	0.00579	0.00352	0.01195
36	0.24163	0.13125	0.07754	0.15939	0.06511	0.11554	0.01689	0.05840	0.01836	0.02803	0.01339	0.01659	0.01058	0.00799	0.00675	0.00242	0.00985	0.00568	0.00444	0.01019
37	0.02280	0.02433	0.15567	0.01966	0.05904	0.12723	0.01720	0.02826	0.05446	0.15607	0.10651	0.03042	0.06726	0.01144	0.01037	0.00265	0.08043	0.00878	0.00637	0.01103
38	0.17901	0.07613	0.17072	0.02714	0.20536	0.02161	0.02038	0.14900	0.02158	0.03369	0.01519	0.01773	0.01170	0.00808	0.00730	0.00248	0.00947	0.00630	0.00501	0.01210
39	0.21195	0.15695	0.04829	0.04593	0.10550	0.02238	0.01533	0.13918	0.05638	0.09912	0.01735	0.01858	0.01308	0.00847	0.00691	0.00241	0.00833	0.00626	0.00589	0.01171

[dist]
# distance from previous block
# <min> <max>
11	35

[block]
# block no. 1 follows, 22 sequences, length 30
# corresponding to MSA columns:
# 75-104
name=unknown_B
#
# <colnr> <probs for GDERKNQSTAVLIFYWHMCP>
#	G	D	E	R	K	N	Q	S	T	A	V	L	I	F	Y	W	H	M	C	P
0	0.11196	0.13159	0.35834	0.02014	0.02921	0.05420	0.06508	0.02514	0.01781	0.02657	0.04588	0.02136	0.04144	0.00871	0.00746	0.00249	0.01059	0.00680	0.00425	0.01099
1	0.02476	0.20750	0.05302	0.01855	0.02334	0.22356	0.01587	0.10300	0.05205	0.02551	0.01482	0.01735	0.01236	0.00957	0.01049	0.00240	0.13063	0.00606	0.03862	0.01056
2	0.32536	0.06007	0.17958	0.01490	0.02129	0.08880	0.01496	0.02498	0.01674	0.03062	0.01530	0.01777	0.01183	0.00817	0.00622	0.00239	0.00851	0.00558	0.13718	0.00976
3	0.02958	0.02051	0.02147	0.01710	0.02264	0.07084	0.01380	0.38004	0.03117	0.15294	0.02248	0.02411	0.01658	0.04915	0.04909	0.00338	0.00968	0.00780	0.04503	0.01260
4	0.11353	0.18137	0.38022	0.01955	0.02921	0.02283	0.02282	0.09111	0.01931	0.02906	0.01431	0.01639	0.01075	0.00793	0.00704	0.00242	0.01047	0.00571	0.00424	0.01172
5	0.02405	0.11845	0.10457	0.01755	0.02397	0.05080	0.01591	0.21512	0.17627	0.06561	0.02545	0.02539	0.05134	0.01224	0.03403	0.00292	0.00927	0.00791	0.00682	0.01233
6	0.01666	0.04297	0.66500	0.02368	0.03596	0.01929	0.03069	0.02631	0.01754	0.02631	0.01491	0.01754	0.01052	0.00789	0.00789	0.00263	0.01228	0.00614	0.00351	0.01228
7	0.03158	0.02327	0.02493	0.01911	0.02576	0.02576	0.01579	0.62852	0.03906	0.05236	0.01995	0.01995	0.01413	0.00997	0.00831	0.00249	0.00914	0.00748	0.00831	0.01413
8	0.01755	0.15005	0.56569	0.02217	0.03362	0.02146	0.02806	0.02608	0.01743	0.02523	0.01437	0.01687	0.01055	0.00777	0.00748	0.00249	0.01174	0.00587	0.00352	0.01202
9	0.03103	0.03959	0.02354	0.02140	0.02568	0.67469	0.01605	0.03317	0.02354	0.02033	0.01284	0.01498	0.01070	0.00856	0.00749	0.00214	0.01498	0.00535	0.00428	0.00963
10	0.01666	0.04297	0.66500	0.02368	0.03596	0.01929	0.03069	0.02631	0.01754	0.02631	0.01491	0.01754	0.01052	0.00789	0.00789	0.00263	0.01228	0.00614	0.00351	0.01228
11	0.01910	0.01825	0.03109	0.24142	0.47718	0.01936	0.02477	0.02422	0.01823	0.02537	0.01537	0.02104	0.01254	0.00767	0.00825	0.00256	0.01023	0.00740	0.00399	0.01198
12	0.01031	0.00738	0.00981	0.01144	0.01209	0.00688	0.00773	0.01205	0.01680	0.02263	0.11702	0.62734	0.05770	0.02496	0.01051	0.00328	0.00471	0.02261	0.00788	0.00688
13	0.01208	0.00805	0.00906	0.00906	0.00906	0.00805	0.00503	0.01208	0.01208	0.01611	0.02618	0.05436	0.03020	0.70804	0.04228	0.00805	0.00805	0.01208	0.00503	0.00503
14	0.01313	0.00948	0.01303	0.01481	0.01679	0.00938	0.01288	0.01684	0.01911	0.02469	0.04684	0.09273	0.09083	0.02281	0.01136	0.00375	0.00740	0.55887	0.00765	0.00760
15	0.02317	0.02015	0.03005	0.12158	0.39705	0.02134	0.02236	0.20101	0.02451	0.03376	0.01678	0.02058	0.01318	0.00827	0.00826	0.00251	0.00981	0.00742	0.00529	0.01295
16	0.01187	0.00890	0.01335	0.01335	0.01483	0.01038	0.01038	0.01483	0.01335	0.01928	0.02225	0.03264	0.02077	0.06231	0.67512	0.01335	0.02225	0.00890	0.00445	0.00742
17	0.01012	0.00723	0.00964	0.01157	0.01205	0.00675	0.00771	0.01157	0.01591	0.02121	0.04579	0.70262	0.05495	0.02603	0.01060	0.00337	0.00482	0.02362	0.00771	0.00675
18	0.02056	0.01974	0.03372	0.05099	0.65622	0.01974	0.02550	0.02550	0.01892	0.02714	0.01563	0.02056	0.01316	0.00740	0.00822	0.00247	0.00987	0.00740	0.00411	0.01316
19	0.03031	0.03577	0.02387	0.02108	0.02545	0.53545	0.01614	0.12278	0.02522	0.02517	0.01380	0.01594	0.01123	0.00915	0.00885	0.00229	0.05656	0.00579	0.00485	0.01028
20	0.00982	0.00842	0.00842	0.00842	0.01122	0.00701	0.00631	0.01192	0.01894	0.02244	0.08416	0.07995	0.65285	0.02104	0.00982	0.00281	0.00421	0.01753	0.00771	0.00701
21	0.11652	0.01220	0.01482	0.01257	0.01678	0.01173	0.00998	0.02800	0.06636	0.26702	0.29805	0.04123	0.04447	0.01293	0.00858	0.00261	0.00559	0.01083	0.00902	0.01070
22	0.16706	0.01750	0.02728	0.25208	0.30254	0.01916	0.05014	0.02393	0.01724	0.02718	0.01459	0.01977	0.01162	0.00774	0.00771	0.00260	0.00978	0.00693	0.00418	0.01094
23	0.01846	0.02019	0.09068	0.27436	0.38472	0.01924	0.02513	0.02406	0.01797	0.02496	0.01525	0.02084	0.01217	0.00777	0.00822	0.00259	0.01053	0.00727	0.00391	0.01168
24	0.19313	0.33337	0.06763	0.01588	0.02217	0.17745	0.01449	0.04954	0.01868	0.02538	0.01237	0.01425	0.01042	0.00774	0.00605	0.00212	0.00995	0.00488	0.00426	0.01027
25	0.02256	0.02600	0.08848	0.02329	0.11845	0.20577	0.01709	0.05837	0.20323	0.02921	0.10004	0.02688	0.02397	0.01023	0.00825	0.00251	0.00984	0.00823	0.00618	0.01143
26	0.05656	0.15699	0.02736	0.02185	0.13408	0.02267	0.01549	0.26245	0.02643	0.03616	0.05745	0.02403	0.05168	0.00960	0.00758	0.00228	0.00831	0.00754	0.00626	0.06524
27	0.08442	0.02472	0.02070	0.09824	0.06541	0.28201	0.01524	0.05126	0.08845	0.02714	0.11219	0.02806	0.02401	0.01055	0.00807	0.00249	0.01043	0.03089	0.00573	0.00996
28	0.02466	0.02501	0.02197	0.12977	0.02907	0.23866	0.01577	0.14455	0.15569	0.03003	0.02259	0.02385	0.04652	0.00986	0.00804	0.00244	0.01048	0.00753	0.00603	0.04748
29	0.11773	0.02475	0.02347	0.18198	0.03260	0.22966	0.04978	0.11744	0.05878	0.02896	0.01575	0.01873	0.01213	0.00856	0.00763	0.00243	0.01111	0.00652	0.00512	0.04687

[dist]
# distance from previous block
# <min> <max>
17	119

[block]
# block no. 2 follows, 22 sequences, length 16
# corresponding to MSA columns:
# 225-240
name=unknown_C
#
# <colnr> <probs for GDERKNQSTAVLIFYWHMCP>
#	G	D	E	R	K	N	Q	S	T	A	V	L	I	F	Y	W	H	M	C	P
0	0.02361	0.02521	0.12864	0.01762	0.02460	0.10309	0.01607	0.25316	0.02677	0.03563	0.04918	0.02426	0.05902	0.00969	0.00785	0.00223	0.00922	0.00745	0.00626	0.17044
1	0.02191	0.01828	0.02884	0.06983	0.08374	0.01925	0.16159	0.13716	0.02233	0.08756	0.06676	0.05113	0.01992	0.01053	0.01151	0.00272	0.11005	0.00910	0.00595	0.06183
2	0.01509	0.06887	0.12437	0.03987	0.01956	0.01358	0.01314	0.07847	0.01971	0.02694	0.15752	0.22595	0.04010	0.10369	0.01327	0.00345	0.00727	0.01375	0.00656	0.00882
3	0.08430	0.06967	0.01999	0.01538	0.01954	0.07402	0.01238	0.14087	0.02324	0.14995	0.11462	0.12364	0.02919	0.01323	0.01001	0.00267	0.06896	0.01037	0.00733	0.01065
4	0.01938	0.01381	0.01561	0.01402	0.01734	0.04203	0.01081	0.15140	0.05061	0.09498	0.14303	0.18060	0.07926	0.02261	0.10077	0.00422	0.00870	0.01322	0.00779	0.00980
5	0.01578	0.01402	0.02058	0.02379	0.19766	0.01259	0.04250	0.01940	0.01802	0.02531	0.03267	0.13698	0.12033	0.01310	0.00854	0.00241	0.00718	0.05564	0.00572	0.22778
6	0.02274	0.19922	0.03044	0.07987	0.18824	0.14522	0.01776	0.05404	0.07367	0.02521	0.01568	0.01838	0.01292	0.00795	0.00719	0.00218	0.01002	0.00622	0.00460	0.07845
7	0.02323	0.01841	0.02772	0.09800	0.07799	0.01912	0.14616	0.23021	0.02620	0.08640	0.07642	0.08630	0.02313	0.01103	0.00896	0.00268	0.00945	0.01013	0.00678	0.01168
8	0.01854	0.01882	0.02188	0.26694	0.10978	0.12626	0.01738	0.02433	0.07448	0.02377	0.02694	0.02996	0.11152	0.01025	0.00819	0.00248	0.00963	0.00854	0.00501	0.08528
9	0.15330	0.12559	0.07468	0.01765	0.07557	0.01925	0.01425	0.13022	0.02222	0.07593	0.13140	0.02563	0.02425	0.00974	0.00736	0.00233	0.00762	0.00760	0.00629	0.06912
10	0.09079	0.01393	0.01841	0.01626	0.01892	0.01619	0.05812	0.02162	0.11164	0.02490	0.03241	0.09435	0.12637	0.02356	0.13385	0.00494	0.16800	0.01099	0.00577	0.00900
11	0.02193	0.24039	0.13752	0.01911	0.02561	0.20667	0.07138	0.02619	0.02014	0.02365	0.11158	0.02282	0.02126	0.00916	0.00746	0.00224	0.01087	0.00709	0.00467	0.01026
12	0.02167	0.18574	0.13409	0.02343	0.13856	0.13116	0.01836	0.08574	0.02142	0.02686	0.07417	0.02499	0.06070	0.00962	0.00763	0.00232	0.00993	0.00752	0.00501	0.01107
13	0.02196	0.02447	0.04784	0.09891	0.12617	0.23265	0.01695	0.05190	0.11653	0.02548	0.02593	0.08076	0.07268	0.01129	0.00835	0.00256	0.01034	0.00918	0.00553	0.01051
14	0.02090	0.13934	0.39357	0.02341	0.06844	0.16691	0.02471	0.02757	0.01886	0.02404	0.01400	0.01653	0.01074	0.00790	0.00745	0.00239	0.01224	0.00579	0.00372	0.01150
15	0.08657	0.02056	0.02111	0.02431	0.16905	0.19058	0.04325	0.02275	0.01913	0.02434	0.02958	0.17199	0.09234	0.01377	0.00863	0.00269	0.00935	0.03495	0.00555	0.00950

[dist]
# distance from previous block
# <min> <max>
0	1

[block]
# block no. 3 follows, 22 sequences, length 57
# corresponding to MSA columns:
# 242-298
name=unknown_D
#
# <colnr> <probs for GDERKNQSTAVLIFYWHMCP>
#	G	D	E	R	K	N	Q	S	T	A	V	L	I	F	Y	W	H	M	C	P
0	0.04280	0.01683	0.11489	0.01464	0.01928	0.01350	0.01333	0.02547	0.17999	0.06002	0.14311	0.09021	0.14094	0.01531	0.00915	0.00287	0.00664	0.07348	0.00752	0.01002
1	0.15044	0.01104	0.01091	0.01000	0.01371	0.01047	0.00774	0.01747	0.05610	0.02753	0.12081	0.05660	0.37161	0.01608	0.00851	0.00258	0.00492	0.01312	0.00716	0.08322
2	0.01866	0.01780	0.03029	0.29921	0.42284	0.01924	0.02455	0.02383	0.01802	0.02484	0.01529	0.02118	0.01235	0.00775	0.00826	0.00258	0.01034	0.00739	0.00395	0.01163
3	0.02029	0.02050	0.03806	0.04645	0.48223	0.02010	0.19601	0.02581	0.01911	0.02699	0.01596	0.02109	0.01300	0.00729	0.00867	0.00256	0.01104	0.00808	0.00414	0.01260
4	0.02489	0.06599	0.02363	0.02128	0.09013	0.34226	0.01501	0.02909	0.05835	0.02380	0.01488	0.01709	0.01230	0.00784	0.00713	0.00194	0.01109	0.00564	0.00466	0.22299
5	0.01206	0.00821	0.00987	0.00986	0.01177	0.00781	0.00733	0.01523	0.01919	0.02766	0.25441	0.12615	0.17186	0.02218	0.08347	0.00378	0.00612	0.01410	0.18145	0.00748
6	0.01818	0.01818	0.02545	0.02181	0.02181	0.02545	0.01818	0.01999	0.01272	0.01999	0.01091	0.01818	0.01091	0.01454	0.02726	0.00364	0.69284	0.00727	0.00364	0.00909
7	0.01024	0.00757	0.00961	0.01118	0.01217	0.00694	0.00775	0.01193	0.01663	0.02163	0.05276	0.55599	0.16467	0.02495	0.01050	0.00329	0.00486	0.05278	0.00771	0.00684
8	0.01208	0.00805	0.00906	0.00906	0.00906	0.00805	0.00503	0.01208	0.01208	0.01611	0.02618	0.05436	0.03020	0.70804	0.04228	0.00805	0.00805	0.01208	0.00503	0.00503
9	0.01666	0.04297	0.66500	0.02368	0.03596	0.01929	0.03069	0.02631	0.01754	0.02631	0.01491	0.01754	0.01052	0.00789	0.00789	0.00263	0.01228	0.00614	0.00351	0.01228
10	0.02056	0.01974	0.03372	0.05099	0.65622	0.01974	0.02550	0.02550	0.01892	0.02714	0.01563	0.02056	0.01316	0.00740	0.00822	0.00247	0.00987	0.00740	0.00411	0.01316
11	0.01424	0.01228	0.01588	0.01492	0.01587	0.04163	0.01148	0.01633	0.01339	0.01889	0.01986	0.03255	0.01976	0.17199	0.36931	0.00952	0.18132	0.00896	0.00436	0.00746
12	0.01768	0.11428	0.02080	0.01263	0.01969	0.01416	0.01049	0.02119	0.01699	0.02562	0.01467	0.01741	0.01248	0.00900	0.03837	0.00189	0.00732	0.00505	0.00470	0.61559
13	0.02594	0.26976	0.03078	0.01897	0.02356	0.34940	0.01575	0.02821	0.01952	0.02001	0.01209	0.01491	0.01072	0.00900	0.00987	0.00225	0.12009	0.00534	0.00393	0.00990
14	0.00989	0.00813	0.00871	0.00918	0.01142	0.00695	0.00665	0.01184	0.01820	0.02214	0.07486	0.23080	0.50800	0.02225	0.01001	0.00294	0.00436	0.01901	0.00771	0.00695
15	0.01852	0.01609	0.01909	0.01464	0.02055	0.01513	0.01181	0.05649	0.08367	0.02817	0.01646	0.01898	0.01357	0.00821	0.00980	0.00184	0.11313	0.00590	0.00528	0.52268
16	0.00982	0.00842	0.00842	0.00842	0.01122	0.00701	0.00631	0.01192	0.01894	0.02244	0.08416	0.07995	0.65285	0.02104	0.00982	0.00281	0.00421	0.01753	0.00771	0.00701
17	0.02309	0.02013	0.03014	0.12052	0.40334	0.02129	0.02244	0.19619	0.02435	0.03357	0.01675	0.02058	0.01318	0.00824	0.00826	0.00251	0.00981	0.00742	0.00525	0.01295
18	0.02014	0.06582	0.22107	0.03904	0.39825	0.06088	0.02584	0.02618	0.01868	0.02606	0.01502	0.01892	0.01209	0.00760	0.00792	0.00246	0.01085	0.00674	0.00391	0.01254
19	0.01730	0.11939	0.59412	0.02260	0.03429	0.02084	0.02881	0.02615	0.01746	0.02554	0.01453	0.01706	0.01054	0.00780	0.00760	0.00253	0.01189	0.00595	0.00351	0.01209
20	0.01012	0.00723	0.00964	0.01157	0.01205	0.00675	0.00771	0.01157	0.01591	0.02121	0.04579	0.70262	0.05495	0.02603	0.01060	0.00337	0.00482	0.02362	0.00771	0.00675
21	0.01817	0.02218	0.14376	0.26693	0.33747	0.01921	0.02559	0.02416	0.01787	0.02494	0.01520	0.02057	0.01196	0.00780	0.00819	0.00260	0.01072	0.00717	0.00386	0.01164
22	0.01870	0.01853	0.01940	0.21662	0.03106	0.16835	0.01658	0.02350	0.05754	0.02284	0.02599	0.04690	0.02524	0.01479	0.01041	0.03872	0.01030	0.22026	0.00554	0.00873
23	0.01754	0.08130	0.51569	0.02512	0.03637	0.02045	0.13631	0.02627	0.01787	0.02594	0.01504	0.01815	0.01091	0.00768	0.00807	0.00261	0.01237	0.00669	0.00364	0.01198
24	0.01443	0.00722	0.01082	0.01082	0.01082	0.00722	0.00722	0.01082	0.01082	0.01443	0.01443	0.02525	0.01443	0.02886	0.03247	0.75830	0.00722	0.00722	0.00361	0.00361
25	0.00997	0.00829	0.00871	0.00887	0.01138	0.00704	0.00655	0.01211	0.01889	0.02297	0.11452	0.14467	0.55483	0.02132	0.00990	0.00285	0.00426	0.01802	0.00780	0.00704
26	0.01187	0.00890	0.01335	0.01335	0.01483	0.01038	0.01038	0.01483	0.01335	0.01928	0.02225	0.03264	0.02077	0.06231	0.67512	0.01335	0.02225	0.00890	0.00445	0.00742
27	0.01820	0.01955	0.05304	0.05594	0.02711	0.02425	0.10470	0.02123	0.01407	0.02123	0.01208	0.01894	0.01114	0.01292	0.02315	0.00344	0.53822	0.00759	0.00371	0.00951
28	0.02108	0.02063	0.02112	0.02314	0.13507	0.13566	0.01549	0.03403	0.31547	0.02901	0.03092	0.03585	0.06097	0.01192	0.00864	0.00274	0.00864	0.07125	0.00680	0.01157
29	0.01599	0.01497	0.05555	0.01326	0.01859	0.01232	0.01109	0.02391	0.13872	0.03061	0.23475	0.03510	0.03713	0.01092	0.00794	0.00209	0.00585	0.00928	0.00694	0.31498
30	0.02420	0.01512	0.02062	0.02024	0.13406	0.01291	0.01365	0.02796	0.01981	0.23651	0.02270	0.02627	0.01741	0.00879	0.00758	0.00206	0.00721	0.04383	0.00672	0.33235
31	0.19570	0.02007	0.05588	0.02610	0.21012	0.02018	0.01702	0.13638	0.13286	0.03533	0.01863	0.02032	0.01437	0.00858	0.00742	0.00249	0.00825	0.00688	0.00590	0.05753
32	0.02943	0.01969	0.05192	0.01730	0.02307	0.05414	0.01453	0.13811	0.18775	0.28876	0.02758	0.02572	0.01912	0.01054	0.00947	0.00267	0.05043	0.00814	0.00840	0.01323
33	0.01208	0.00805	0.00906	0.00906	0.00906	0.00805	0.00503	0.01208	0.01208	0.01611	0.02618	0.05436	0.03020	0.70804	0.04228	0.00805	0.00805	0.01208	0.00503	0.00503
34	0.01995	0.02050	0.01682	0.01543	0.01898	0.20888	0.01171	0.02905	0.20913	0.02880	0.21908	0.04059	0.10065	0.01318	0.00871	0.00255	0.00802	0.01072	0.00735	0.00988
35	0.01628	0.01378	0.01592	0.01274	0.01791	0.01247	0.01008	0.04641	0.08485	0.02841	0.10351	0.03532	0.13613	0.01129	0.00885	0.00204	0.04735	0.00908	0.00635	0.38124
36	0.01785	0.01526	0.02469	0.13134	0.33771	0.01555	0.01948	0.02221	0.01907	0.05601	0.08468	0.07788	0.06042	0.01203	0.00895	0.00274	0.00851	0.06917	0.00559	0.01084
37	0.01777	0.01701	0.02844	0.13227	0.41583	0.01719	0.05302	0.02235	0.01863	0.02538	0.02867	0.03224	0.13517	0.01012	0.00862	0.00259	0.00917	0.00946	0.00475	0.01132
38	0.01164	0.00849	0.01094	0.01032	0.01234	0.00779	0.00774	0.01544	0.02323	0.03263	0.61624	0.06318	0.11440	0.01724	0.00980	0.00262	0.00394	0.01518	0.00906	0.00779
39	0.02148	0.15514	0.02737	0.30442	0.06058	0.20767	0.01842	0.02537	0.01877	0.02146	0.01438	0.01889	0.01159	0.00820	0.00735	0.00234	0.01129	0.00626	0.04935	0.00967
40	0.01047	0.00803	0.00969	0.01085	0.01246	0.00725	0.00796	0.01251	0.01756	0.02222	0.06075	0.36910	0.29101	0.02361	0.01042	0.00321	0.00498	0.10324	0.00770	0.00698
41	0.02610	0.03049	0.06733	0.03097	0.23159	0.31752	0.02013	0.09247	0.02273	0.02629	0.01453	0.01765	0.01186	0.00860	0.00888	0.00239	0.04812	0.00639	0.00457	0.01139
42	0.02297	0.30775	0.12829	0.02656	0.20552	0.05789	0.01975	0.02734	0.01863	0.09065	0.01552	0.01768	0.01240	0.00772	0.00697	0.00220	0.00979	0.00600	0.00446	0.01193
43	0.01208	0.00805	0.00906	0.00906	0.00906	0.00805	0.00503	0.01208	0.01208	0.01611	0.02618	0.05436	0.03020	0.70804	0.04228	0.00805	0.00805	0.01208	0.00503	0.00503
44	0.01912	0.02742	0.22563	0.03821	0.29307	0.01998	0.20244	0.02606	0.01871	0.02674	0.01576	0.02020	0.01221	0.00743	0.00859	0.00261	0.01179	0.00773	0.00396	0.01233
45	0.01712	0.04026	0.59135	0.02686	0.10832	0.01935	0.03009	0.02621	0.01770	0.02641	0.01499	0.01789	0.01083	0.00784	0.00793	0.00261	0.01200	0.00629	0.00358	0.01238
46	0.01666	0.04297	0.66500	0.02368	0.03596	0.01929	0.03069	0.02631	0.01754	0.02631	0.01491	0.01754	0.01052	0.00789	0.00789	0.00263	0.01228	0.00614	0.00351	0.01228
47	0.01549	0.00774	0.00774	0.00774	0.00968	0.00774	0.00581	0.01936	0.01742	0.03097	0.02710	0.03097	0.02129	0.00968	0.00581	0.00194	0.00387	0.00774	0.75416	0.00774
48	0.02008	0.33742	0.14017	0.09583	0.15086	0.02560	0.07438	0.02499	0.01759	0.02289	0.01368	0.01713	0.01133	0.00741	0.00701	0.00224	0.01031	0.00607	0.00373	0.01130
49	0.01886	0.01823	0.03170	0.26477	0.41635	0.01939	0.06186	0.02413	0.01818	0.02511	0.01541	0.02121	0.01242	0.00768	0.00835	0.00259	0.01053	0.00754	0.00398	0.01171
50	0.01069	0.00845	0.00963	0.00933	0.01176	0.00739	0.00700	0.01362	0.02100	0.02735	0.34048	0.07187	0.39346	0.01921	0.00981	0.00272	0.00408	0.01640	0.00836	0.00739
51	0.01946	0.02068	0.05943	0.28372	0.35095	0.07486	0.02404	0.02460	0.01839	0.02433	0.01504	0.02053	0.01205	0.00786	0.00818	0.00256	0.01086	0.00716	0.00394	0.01136
52	0.01814	0.06206	0.19304	0.22645	0.22474	0.02010	0.08935	0.02454	0.01786	0.02473	0.01510	0.02006	0.01169	0.00773	0.00818	0.00259	0.01122	0.00717	0.00382	0.01144
53	0.01569	0.01477	0.02492	0.68808	0.05722	0.01846	0.02307	0.02123	0.01661	0.02123	0.01477	0.02215	0.01107	0.00831	0.00831	0.00277	0.01107	0.00738	0.00369	0.00923
54	0.01012	0.00723	0.00964	0.01157	0.01205	0.00675	0.00771	0.01157	0.01591	0.02121	0.04579	0.70262	0.05495	0.02603	0.01060	0.00337	0.00482	0.02362	0.00771	0.00675
55	0.01907	0.01840	0.03187	0.23856	0.44915	0.01942	0.05416	0.02429	0.01827	0.02537	0.01543	0.02112	0.01252	0.00765	0.00833	0.00257	0.01043	0.00751	0.00399	0.01190
56	0.36187	0.01289	0.01297	0.01375	0.05467	0.01376	0.01026	0.01996	0.01723	0.03121	0.09861	0.04624	0.13867	0.01396	0.00787	0.00285	0.00621	0.12206	0.00644	0.00852

[dist]
# distance from previous block
# <min> <max>
1	2

[block]
# block no. 4 follows, 22 sequences, length 9
# corresponding to MSA columns:
# 301-309
name=unknown_E
#
# <colnr> <probs for GDERKNQSTAVLIFYWHMCP>
#	G	D	E	R	K	N	Q	S	T	A	V	L	I	F	Y	W	H	M	C	P
0	0.07016	0.05546	0.01891	0.06034	0.02069	0.01603	0.01264	0.02338	0.05607	0.10223	0.02010	0.02467	0.01649	0.02433	0.19396	0.00549	0.12049	0.00741	0.05847	0.09268
1	0.02149	0.08313	0.02929	0.06638	0.14431	0.06365	0.08761	0.14044	0.02118	0.02831	0.01633	0.02120	0.01359	0.01716	0.11038	0.00423	0.10798	0.00750	0.00486	0.01100
2	0.06660	0.08666	0.04910	0.02014	0.14058	0.01508	0.01374	0.02140	0.07555	0.02744	0.14922	0.11099	0.11792	0.01445	0.00872	0.00271	0.00680	0.05667	0.00655	0.00969
3	0.05493	0.14978	0.25303	0.06580	0.02821	0.02051	0.02000	0.06170	0.01905	0.09400	0.06039	0.02200	0.01697	0.01166	0.03854	0.00301	0.05720	0.00698	0.00505	0.01119
4	0.02307	0.02265	0.06597	0.02078	0.07369	0.14681	0.06144	0.04918	0.16793	0.10025	0.02741	0.02887	0.06764	0.04455	0.00991	0.00275	0.00944	0.00854	0.00636	0.06274
5	0.01940	0.02581	0.24393	0.02155	0.07689	0.01761	0.05849	0.11304	0.06358	0.03121	0.01877	0.02138	0.01427	0.00997	0.02826	0.00266	0.00975	0.00699	0.09378	0.12268
6	0.12323	0.13901	0.18706	0.01873	0.07090	0.04505	0.01720	0.06570	0.01953	0.07658	0.06600	0.02640	0.06155	0.03879	0.00886	0.00267	0.00890	0.00762	0.00541	0.01081
7	0.01846	0.23496	0.18083	0.02194	0.12000	0.02197	0.01878	0.02311	0.01726	0.02414	0.06533	0.02283	0.01799	0.03837	0.01072	0.00263	0.08405	0.00701	0.05904	0.01058
8	0.06787	0.02172	0.20697	0.01656	0.05111	0.01351	0.01586	0.02163	0.01719	0.02733	0.02184	0.07417	0.04750	0.00949	0.00717	0.00212	0.00769	0.00774	0.09089	0.27166

[dist]
# distance from previous block
# <min> <max>
4	82

[block]
# block no. 5 follows, 22 sequences, length 52
# corresponding to MSA columns:
# 399-450
name=unknown_F
#
# <colnr> <probs for GDERKNQSTAVLIFYWHMCP>
#	G	D	E	R	K	N	Q	S	T	A	V	L	I	F	Y	W	H	M	C	P
0	0.01890	0.01551	0.05320	0.05291	0.09712	0.04823	0.01357	0.05342	0.01983	0.12751	0.04188	0.04287	0.22368	0.02231	0.12696	0.00453	0.01020	0.01094	0.00652	0.00991
1	0.01987	0.01925	0.05950	0.07822	0.39462	0.05114	0.02078	0.02431	0.01929	0.07009	0.02874	0.03129	0.12670	0.01016	0.00847	0.00254	0.00914	0.00909	0.00514	0.01166
2	0.02215	0.01513	0.01838	0.01530	0.01987	0.03803	0.04987	0.08764	0.15353	0.17249	0.19042	0.04198	0.11272	0.01319	0.00897	0.00265	0.00675	0.01127	0.00851	0.01113
3	0.02439	0.02079	0.06145	0.03639	0.37965	0.04375	0.02114	0.07270	0.08781	0.13775	0.02066	0.02258	0.01557	0.00856	0.00823	0.00252	0.00931	0.00764	0.00590	0.01321
4	0.01415	0.01062	0.01379	0.01272	0.01455	0.01088	0.04010	0.08520	0.01719	0.02296	0.03335	0.16098	0.09069	0.28917	0.14012	0.00674	0.01007	0.01341	0.00600	0.00733
5	0.01210	0.00883	0.01299	0.01299	0.01450	0.01021	0.01009	0.01513	0.01361	0.02004	0.02256	0.03253	0.02080	0.05892	0.63200	0.01262	0.02107	0.00883	0.05275	0.00744
6	0.07388	0.18523	0.06380	0.02419	0.13509	0.27433	0.01760	0.08697	0.02181	0.02588	0.01376	0.01611	0.01134	0.00808	0.00708	0.00220	0.01144	0.00570	0.00449	0.01102
7	0.01408	0.01149	0.01581	0.07867	0.02063	0.01141	0.01143	0.01755	0.01500	0.02215	0.01895	0.02631	0.01691	0.03773	0.38005	0.00815	0.01562	0.00738	0.00454	0.26612
8	0.01012	0.00723	0.00964	0.01157	0.01205	0.00675	0.00771	0.01157	0.01591	0.02121	0.04579	0.70262	0.05495	0.02603	0.01060	0.00337	0.00482	0.02362	0.00771	0.00675
9	0.00982	0.00842	0.00842	0.00842	0.01122	0.00701	0.00631	0.01192	0.01894	0.02244	0.08416	0.07995	0.65285	0.02104	0.00982	0.00281	0.00421	0.01753	0.00771	0.00701
10	0.06676	0.02520	0.20745	0.14305	0.34537	0.01934	0.02550	0.02497	0.01785	0.02661	0.01503	0.01952	0.01182	0.00770	0.00795	0.00257	0.01051	0.00686	0.00394	0.01201
11	0.01992	0.01041	0.01306	0.01129	0.01506	0.00908	0.00885	0.02301	0.02214	0.24612	0.25705	0.05616	0.24246	0.01598	0.00931	0.00266	0.00510	0.01353	0.00908	0.00974
12	0.01012	0.00723	0.00964	0.01157	0.01205	0.00675	0.00771	0.01157	0.01591	0.02121	0.04579	0.70262	0.05495	0.02603	0.01060	0.00337	0.00482	0.02362	0.00771	0.00675
13	0.01446	0.01382	0.02543	0.02231	0.05648	0.01360	0.22049	0.01801	0.01710	0.02327	0.03190	0.38735	0.03525	0.01777	0.01138	0.00315	0.05650	0.01692	0.00604	0.00876
14	0.03158	0.02327	0.02493	0.01911	0.02576	0.02576	0.01579	0.62852	0.03906	0.05236	0.01995	0.01995	0.01413	0.00997	0.00831	0.00249	0.00914	0.00748	0.00831	0.01413
15	0.76672	0.01607	0.01221	0.01092	0.01607	0.01864	0.00900	0.02442	0.01414	0.03727	0.01157	0.01350	0.00900	0.00771	0.00514	0.00257	0.00643	0.00450	0.00514	0.00900
16	0.01078	0.00845	0.00975	0.00942	0.01181	0.00742	0.00707	0.01378	0.02120	0.02782	0.36483	0.07110	0.36882	0.01903	0.00981	0.00271	0.00407	0.01629	0.00842	0.00742
17	0.01569	0.01477	0.02492	0.68808	0.05722	0.01846	0.02307	0.02123	0.01661	0.02123	0.01477	0.02215	0.01107	0.00831	0.00831	0.00277	0.01107	0.00738	0.00369	0.00923
18	0.02721	0.02316	0.02133	0.01771	0.02296	0.13760	0.01409	0.32386	0.16564	0.04033	0.02256	0.02277	0.01682	0.00997	0.00790	0.00244	0.00900	0.00755	0.09472	0.01237
19	0.01723	0.01477	0.01723	0.01230	0.01969	0.01107	0.00984	0.02092	0.01723	0.02707	0.01477	0.01723	0.01230	0.00615	0.00615	0.00123	0.00615	0.00492	0.00492	0.75883
20	0.03109	0.03800	0.02368	0.02118	0.02569	0.61152	0.01603	0.09113	0.02505	0.02345	0.01353	0.01546	0.01103	0.00870	0.00757	0.00217	0.01441	0.00556	0.00467	0.01007
21	0.01145	0.00848	0.01067	0.01013	0.01222	0.00771	0.00759	0.01508	0.02278	0.03157	0.56087	0.06492	0.17044	0.01763	0.00980	0.00264	0.00397	0.01543	0.00892	0.00771
22	0.28934	0.15455	0.08604	0.01567	0.02193	0.02325	0.01451	0.16464	0.02114	0.06706	0.01486	0.01644	0.01138	0.00876	0.00794	0.00248	0.05762	0.00573	0.00556	0.01109
23	0.01666	0.04297	0.66500	0.02368	0.03596	0.01929	0.03069	0.02631	0.01754	0.02631	0.01491	0.01754	0.01052	0.00789	0.00789	0.00263	0.01228	0.00614	0.00351	0.01228
24	0.00983	0.00836	0.00848	0.00857	0.01126	0.00700	0.00638	0.01190	0.01879	0.02238	0.08226	0.11072	0.62331	0.02129	0.00986	0.00283	0.00424	0.01783	0.00771	0.00700
25	0.00992	0.00842	0.00856	0.00853	0.01129	0.00706	0.00639	0.01212	0.01918	0.02303	0.11474	0.07899	0.62190	0.02082	0.00982	0.00279	0.00419	0.01740	0.00779	0.00706
26	0.03048	0.08216	0.02481	0.02095	0.02541	0.63413	0.01594	0.03265	0.02312	0.02028	0.01276	0.01488	0.01070	0.00847	0.00735	0.00212	0.01460	0.00529	0.00423	0.00970
27	0.01818	0.01818	0.02545	0.02181	0.02181	0.02545	0.01818	0.01999	0.01272	0.01999	0.01091	0.01818	0.01091	0.01454	0.02726	0.00364	0.69284	0.00727	0.00364	0.00909
28	0.01016	0.00843	0.00889	0.00877	0.01143	0.00716	0.00658	0.01258	0.01974	0.02435	0.18359	0.07682	0.55222	0.02033	0.00981	0.00277	0.00416	0.01709	0.00797	0.00716
29	0.01176	0.00849	0.01110	0.01045	0.01241	0.00784	0.00784	0.01568	0.02352	0.03331	0.65184	0.06206	0.07839	0.01698	0.00980	0.00261	0.00392	0.01502	0.00914	0.00784
30	0.01747	0.01789	0.01663	0.01596	0.01808	0.19675	0.01223	0.02004	0.01633	0.01974	0.02050	0.07006	0.01961	0.04228	0.40956	0.00903	0.05642	0.00877	0.00457	0.00809
31	0.01442	0.01281	0.01971	0.01757	0.01906	0.01593	0.05608	0.01731	0.01359	0.02002	0.01825	0.02731	0.01705	0.04319	0.42185	0.00951	0.23550	0.00844	0.00417	0.00822
32	0.03103	0.03959	0.02354	0.02140	0.02568	0.67469	0.01605	0.03317	0.02354	0.02033	0.01284	0.01498	0.01070	0.00856	0.00749	0.00214	0.01498	0.00535	0.00428	0.00963
33	0.01549	0.00774	0.00774	0.00774	0.00968	0.00774	0.00581	0.01936	0.01742	0.03097	0.02710	0.03097	0.02129	0.00968	0.00581	0.00194	0.00387	0.00774	0.75416	0.00774
34	0.02614	0.03054	0.02905	0.03426	0.28549	0.37157	0.05186	0.02968	0.02144	0.02346	0.01419	0.01766	0.01181	0.00800	0.00791	0.00231	0.01283	0.00643	0.00421	0.01116
35	0.03054	0.07708	0.02465	0.02100	0.02544	0.63897	0.01595	0.03271	0.02317	0.02029	0.01277	0.01489	0.01070	0.00848	0.00737	0.00212	0.01464	0.00530	0.00424	0.00969
36	0.01443	0.00722	0.01082	0.01082	0.01082	0.00722	0.00722	0.01082	0.01082	0.01443	0.01443	0.02525	0.01443	0.02886	0.03247	0.75830	0.00722	0.00722	0.00361	0.00361
37	0.01947	0.02357	0.08716	0.03513	0.07478	0.02083	0.55722	0.02653	0.01944	0.02662	0.01663	0.02201	0.01250	0.00708	0.00960	0.00277	0.01368	0.00945	0.00415	0.01137
38	0.01723	0.01796	0.03509	0.02675	0.03178	0.01887	0.35048	0.02222	0.01668	0.02344	0.01727	0.02448	0.01455	0.02351	0.19559	0.00584	0.13518	0.00911	0.00417	0.00979
39	0.02056	0.01974	0.03372	0.05099	0.65622	0.01974	0.02550	0.02550	0.01892	0.02714	0.01563	0.02056	0.01316	0.00740	0.00822	0.00247	0.00987	0.00740	0.00411	0.01316
40	0.01049	0.00844	0.00934	0.00912	0.01163	0.00730	0.00684	0.01321	0.02051	0.02618	0.27947	0.07379	0.45520	0.01964	0.00981	0.00274	0.00411	0.01667	0.00821	0.00730
41	0.02221	0.71304	0.04353	0.01421	0.02132	0.03287	0.01421	0.02488	0.01688	0.01955	0.01155	0.01333	0.01066	0.00711	0.00533	0.00178	0.00888	0.00444	0.00355	0.01066
42	0.01114	0.00792	0.01063	0.01243	0.01328	0.00760	0.00910	0.01315	0.01655	0.02189	0.04405	0.49441	0.05142	0.06829	0.01284	0.00379	0.00580	0.18127	0.00753	0.00689
43	0.02323	0.10971	0.27910	0.02386	0.06153	0.27668	0.06062	0.02882	0.02001	0.02332	0.01390	0.01655	0.01087	0.00799	0.00760	0.00235	0.01297	0.00595	0.00389	0.01105
44	0.01807	0.01075	0.01286	0.01124	0.01484	0.00975	0.00878	0.06275	0.02291	0.16999	0.25218	0.05847	0.28157	0.01656	0.00938	0.00267	0.00510	0.01398	0.00879	0.00936
45	0.01010	0.00731	0.00955	0.01135	0.01199	0.00677	0.00761	0.01159	0.01612	0.02129	0.04848	0.65892	0.09691	0.02568	0.01055	0.00333	0.00478	0.02319	0.00771	0.00677
46	0.01888	0.01803	0.03069	0.27018	0.45013	0.01930	0.02466	0.02403	0.01812	0.02511	0.01533	0.02111	0.01244	0.00771	0.00825	0.00257	0.01028	0.00740	0.00397	0.01181
47	0.02056	0.01974	0.03372	0.05099	0.65622	0.01974	0.02550	0.02550	0.01892	0.02714	0.01563	0.02056	0.01316	0.00740	0.00822	0.00247	0.00987	0.00740	0.00411	0.01316
48	0.01310	0.02034	0.23560	0.01464	0.02030	0.01163	0.01543	0.01867	0.02065	0.02898	0.33205	0.04991	0.15689	0.01457	0.00915	0.00265	0.00685	0.01241	0.00695	0.00922
49	0.03727	0.01414	0.01928	0.01478	0.02121	0.01221	0.01221	0.04049	0.02378	0.66198	0.03277	0.02828	0.02056	0.01028	0.00835	0.00257	0.00707	0.00835	0.01028	0.01414
50	0.02461	0.40594	0.03493	0.01726	0.02280	0.17365	0.01528	0.08754	0.02009	0.02312	0.01261	0.01498	0.01105	0.00866	0.00887	0.00216	0.09633	0.00531	0.00421	0.01059
51	0.06624	0.05508	0.02062	0.01783	0.02183	0.39975	0.01368	0.02902	0.08154	0.02301	0.02731	0.02807	0.12590	0.01123	0.00876	0.00241	0.04504	0.00792	0.00528	0.00949

[dist]
# distance from previous block
# <min> <max>
0	1

[block]
# block no. 6 follows, 22 sequences, length 78
# corresponding to MSA columns:
# 452-529
name=unknown_G
#
# <colnr> <probs for GDERKNQSTAVLIFYWHMCP>
#	G	D	E	R	K	N	Q	S	T	A	V	L	I	F	Y	W	H	M	C	P
0	0.02670	0.02313	0.08124	0.01875	0.02521	0.02328	0.01627	0.40313	0.18623	0.04426	0.02304	0.02299	0.01687	0.01222	0.03525	0.00303	0.00932	0.00789	0.00775	0.01344
1	0.02275	0.02389	0.03159	0.04480	0.52424	0.15683	0.02352	0.02710	0.01988	0.02572	0.01504	0.01939	0.01264	0.00764	0.00807	0.00240	0.01094	0.00697	0.00415	0.01242
2	0.01919	0.02385	0.16348	0.11603	0.39912	0.01958	0.02518	0.02687	0.07505	0.02697	0.01703	0.02106	0.01348	0.00796	0.00819	0.00257	0.01021	0.00732	0.00433	0.01252
3	0.01794	0.05857	0.21695	0.21627	0.14071	0.04793	0.02307	0.02594	0.08084	0.02504	0.02056	0.02393	0.04895	0.00901	0.00809	0.00261	0.01046	0.00756	0.00443	0.01115
4	0.01912	0.01827	0.03112	0.23928	0.47919	0.01936	0.02478	0.02423	0.01823	0.02539	0.01537	0.02103	0.01254	0.00767	0.00825	0.00256	0.01023	0.00740	0.00399	0.01200
5	0.01180	0.00903	0.01089	0.01033	0.01266	0.00839	0.00777	0.01643	0.05907	0.03069	0.47355	0.06467	0.21850	0.01766	0.00972	0.00267	0.00415	0.01532	0.00875	0.00795
6	0.01012	0.00723	0.00964	0.01157	0.01205	0.00675	0.00771	0.01157	0.01591	0.02121	0.04579	0.70262	0.05495	0.02603	0.01060	0.00337	0.00482	0.02362	0.00771	0.00675
7	0.03103	0.03959	0.02354	0.02140	0.02568	0.67469	0.01605	0.03317	0.02354	0.02033	0.01284	0.01498	0.01070	0.00856	0.00749	0.00214	0.01498	0.00535	0.00428	0.00963
8	0.01569	0.01477	0.02492	0.68808	0.05722	0.01846	0.02307	0.02123	0.01661	0.02123	0.01477	0.02215	0.01107	0.00831	0.00831	0.00277	0.01107	0.00738	0.00369	0.00923
9	0.02126	0.01814	0.01912	0.01703	0.02183	0.02094	0.01329	0.07595	0.60844	0.03571	0.03306	0.03039	0.02475	0.01120	0.00845	0.00280	0.00671	0.00929	0.00845	0.01320
10	0.02056	0.01974	0.03372	0.05099	0.65622	0.01974	0.02550	0.02550	0.01892	0.02714	0.01563	0.02056	0.01316	0.00740	0.00822	0.00247	0.00987	0.00740	0.00411	0.01316
11	0.01549	0.00774	0.00774	0.00774	0.00968	0.00774	0.00581	0.01936	0.01742	0.03097	0.02710	0.03097	0.02129	0.00968	0.00581	0.00194	0.00387	0.00774	0.75416	0.00774
12	0.01184	0.00853	0.01132	0.01132	0.01228	0.00924	0.00797	0.01355	0.01315	0.01817	0.02735	0.04417	0.06035	0.32333	0.37941	0.01059	0.01544	0.01069	0.00487	0.00642
13	0.01055	0.00786	0.00982	0.01057	0.01198	0.00713	0.00746	0.01287	0.01881	0.02508	0.23495	0.38084	0.18710	0.02228	0.01020	0.00303	0.00442	0.01978	0.00814	0.00713
14	0.01932	0.33068	0.32460	0.02050	0.06379	0.02476	0.02212	0.02535	0.01731	0.02346	0.01348	0.01587	0.01083	0.00743	0.00671	0.00218	0.01034	0.00541	0.00364	0.05223
15	0.01443	0.00722	0.01082	0.01082	0.01082	0.00722	0.00722	0.01082	0.01082	0.01443	0.01443	0.02525	0.01443	0.02886	0.03247	0.75830	0.00722	0.00722	0.00361	0.00361
16	0.01010	0.00730	0.00957	0.01138	0.01200	0.00676	0.00763	0.01159	0.01609	0.02128	0.04807	0.66563	0.09046	0.02573	0.01056	0.00334	0.00478	0.02326	0.00771	0.00676
17	0.01723	0.01477	0.01723	0.01230	0.01969	0.01107	0.00984	0.02092	0.01723	0.02707	0.01477	0.01723	0.01230	0.00615	0.00615	0.00123	0.00615	0.00492	0.00492	0.75883
18	0.02056	0.02243	0.06739	0.16249	0.39325	0.10174	0.02331	0.02547	0.01890	0.02512	0.01502	0.01979	0.01226	0.00768	0.00801	0.00242	0.01068	0.00693	0.00406	0.05248
19	0.01534	0.01250	0.01492	0.05113	0.01974	0.01340	0.01245	0.02574	0.23479	0.02762	0.04670	0.06537	0.15608	0.01773	0.00993	0.00322	0.00679	0.24929	0.00773	0.00952
20	0.01666	0.04297	0.66500	0.02368	0.03596	0.01929	0.03069	0.02631	0.01754	0.02631	0.01491	0.01754	0.01052	0.00789	0.00789	0.00263	0.01228	0.00614	0.00351	0.01228
21	0.02390	0.15139	0.14353	0.02908	0.21309	0.19322	0.02108	0.08247	0.02136	0.02618	0.01445	0.01724	0.01170	0.00797	0.00747	0.00229	0.01139	0.00613	0.00433	0.01173
22	0.03103	0.03959	0.02354	0.02140	0.02568	0.67469	0.01605	0.03317	0.02354	0.02033	0.01284	0.01498	0.01070	0.00856	0.00749	0.00214	0.01498	0.00535	0.00428	0.00963
23	0.02362	0.01781	0.01967	0.01602	0.02192	0.01852	0.01278	0.15397	0.31029	0.09787	0.02635	0.02521	0.01950	0.00968	0.00786	0.00234	0.00703	0.00783	0.00775	0.19396
24	0.01208	0.00805	0.00906	0.00906	0.00906	0.00805	0.00503	0.01208	0.01208	0.01611	0.02618	0.05436	0.03020	0.70804	0.04228	0.00805	0.00805	0.01208	0.00503	0.00503
25	0.03143	0.02761	0.02456	0.01972	0.02574	0.19829	0.01586	0.47024	0.03493	0.04384	0.01806	0.01863	0.01322	0.00960	0.00809	0.00240	0.01069	0.00691	0.00724	0.01293
26	0.02056	0.01974	0.03372	0.05099	0.65622	0.01974	0.02550	0.02550	0.01892	0.02714	0.01563	0.02056	0.01316	0.00740	0.00822	0.00247	0.00987	0.00740	0.00411	0.01316
27	0.01187	0.00890	0.01335	0.01335	0.01483	0.01038	0.01038	0.01483	0.01335	0.01928	0.02225	0.03264	0.02077	0.06231	0.67512	0.01335	0.02225	0.00890	0.00445	0.00742
28	0.01999	0.02602	0.16904	0.03167	0.04073	0.02019	0.47507	0.02731	0.01943	0.06113	0.01730	0.02177	0.01263	0.00736	0.00935	0.00275	0.01329	0.00900	0.00440	0.01158
29	0.00982	0.00842	0.00842	0.00842	0.01122	0.00701	0.00631	0.01192	0.01894	0.02244	0.08416	0.07995	0.65285	0.02104	0.00982	0.00281	0.00421	0.01753	0.00771	0.00701
