[name]
unknown

[dist]
# distance from previous block
# <min> <max>
78	285

[block]
# block no. 0 follows, 22 sequences, length 32
# corresponding to MSA columns:
# 336-367
name=unknown_A
#
# <colnr> <probs for GDERKNQSTAVLIFYWHMCP>
#	G	D	E	R	K	N	Q	S	T	A	V	L	I	F	Y	W	H	M	C	P
0	0.01509	0.01189	0.01624	0.01985	0.13403	0.01187	0.01211	0.10159	0.01988	0.02678	0.03817	0.45170	0.06737	0.02006	0.00980	0.00306	0.00635	0.01804	0.00713	0.00900
1	0.02440	0.23928	0.12186	0.02367	0.11916	0.23746	0.01885	0.05485	0.04421	0.02389	0.01426	0.01650	0.01174	0.00802	0.00708	0.00219	0.01142	0.00574	0.00426	0.01117
2	0.01823	0.10595	0.36729	0.03055	0.22750	0.02031	0.02614	0.02536	0.01820	0.02620	0.04708	0.02029	0.01481	0.00812	0.00782	0.00249	0.01073	0.00680	0.00399	0.01215
3	0.02050	0.02705	0.14328	0.26502	0.10943	0.19913	0.02218	0.02568	0.01912	0.02283	0.01629	0.02386	0.01353	0.00916	0.00820	0.00261	0.01201	0.04573	0.00413	0.01024
4	0.01831	0.12215	0.42348	0.02838	0.14950	0.02123	0.07190	0.02600	0.01786	0.02563	0.01476	0.01793	0.01118	0.00764	0.00777	0.00250	0.01153	0.00643	0.00368	0.01216
5	0.02056	0.01974	0.03372	0.05099	0.65622	0.01974	0.02550	0.02550	0.01892	0.02714	0.01563	0.02056	0.01316	0.00740	0.00822	0.00247	0.00987	0.00740	0.00411	0.01316
6	0.02166	0.15184	0.03230	0.19862	0.22009	0.15236	0.06054	0.02590	0.01892	0.02284	0.01417	0.01863	0.01164	0.00778	0.00766	0.00237	0.01128	0.00660	0.00394	0.01087
7	0.01531	0.01518	0.01297	0.01354	0.01541	0.16180	0.00981	0.01718	0.01831	0.02132	0.04356	0.35200	0.14383	0.05233	0.01129	0.00325	0.00748	0.07118	0.00679	0.00746
8	0.01195	0.00823	0.00990	0.00963	0.01044	0.00797	0.00619	0.01356	0.01679	0.02320	0.28408	0.05753	0.05006	0.42318	0.02889	0.00581	0.00635	0.01329	0.00673	0.00619
9	0.01187	0.00890	0.01335	0.01335	0.01483	0.01038	0.01038	0.01483	0.01335	0.01928	0.02225	0.03264	0.02077	0.06231	0.67512	0.01335	0.02225	0.00890	0.00445	0.00742
10	0.02034	0.14751	0.03119	0.28039	0.23726	0.02242	0.02133	0.09544	0.02006	0.02649	0.01506	0.01974	0.01202	0.00799	0.00773	0.00246	0.01005	0.00685	0.00435	0.01133
11	0.02020	0.01937	0.03307	0.09835	0.61170	0.01964	0.02532	0.02518	0.01874	0.02670	0.01556	0.02068	0.01300	0.00747	0.00823	0.00249	0.00996	0.00740	0.00408	0.01287
12	0.01947	0.01020	0.01358	0.01176	0.01507	0.00916	0.00916	0.02318	0.02359	0.22346	0.46460	0.05184	0.06090	0.01496	0.00936	0.00260	0.00487	0.01301	0.00949	0.00974
13	0.02221	0.71304	0.04353	0.01421	0.02132	0.03287	0.01421	0.02488	0.01688	0.01955	0.01155	0.01333	0.01066	0.00711	0.00533	0.00178	0.00888	0.00444	0.00355	0.01066
14	0.01643	0.04131	0.63347	0.02304	0.03482	0.01874	0.02959	0.02580	0.01783	0.02665	0.04562	0.01969	0.01380	0.00833	0.00798	0.00263	0.01187	0.00657	0.00378	0.01206
15	0.00982	0.00842	0.00842	0.00842	0.01122	0.00701	0.00631	0.01192	0.01894	0.02244	0.08416	0.07995	0.65285	0.02104	0.00982	0.00281	0.00421	0.01753	0.00771	0.00701
16	0.01003	0.00759	0.00927	0.01061	0.01180	0.00683	0.00729	0.01167	0.01682	0.02158	0.05739	0.51429	0.23579	0.02452	0.01037	0.00320	0.00463	0.02178	0.00771	0.00683
17	0.03111	0.03730	0.02374	0.02108	0.02569	0.58362	0.01601	0.11673	0.02572	0.02483	0.01384	0.01568	0.01118	0.00876	0.00761	0.00219	0.01416	0.00565	0.00485	0.01026
18	0.13984	0.01324	0.01986	0.25818	0.03282	0.01477	0.07084	0.01961	0.01680	0.02506	0.02592	0.16761	0.02628	0.01428	0.00895	0.00305	0.00870	0.12009	0.00550	0.00859
19	0.14613	0.27911	0.09456	0.02117	0.07971	0.14572	0.07747	0.02670	0.01817	0.02464	0.01299	0.01560	0.01079	0.00757	0.00664	0.00222	0.01053	0.00558	0.00406	0.01062
20	0.06673	0.02744	0.02203	0.01844	0.02379	0.28309	0.01453	0.25080	0.02851	0.10931	0.02229	0.02244	0.05389	0.01004	0.00793	0.00238	0.01079	0.00722	0.00673	0.01162
21	0.24695	0.14762	0.05406	0.01428	0.01985	0.02108	0.01259	0.13717	0.08981	0.03527	0.12170	0.02482	0.02361	0.00995	0.00704	0.00245	0.00729	0.00740	0.00638	0.01069
22	0.21309	0.03111	0.10161	0.01970	0.05514	0.35070	0.01598	0.02836	0.01988	0.02584	0.01746	0.01934	0.05121	0.00900	0.00713	0.00237	0.01154	0.00611	0.00461	0.00982
23	0.24594	0.32641	0.19713	0.01570	0.02357	0.02500	0.01696	0.02511	0.01622	0.02668	0.01244	0.01448	0.01012	0.00750	0.00595	0.00224	0.00903	0.00490	0.00402	0.01058
24	0.01975	0.41623	0.31882	0.01841	0.02780	0.02686	0.02151	0.02551	0.01717	0.02254	0.01304	0.01519	0.01060	0.00746	0.00647	0.00216	0.01039	0.00519	0.00353	0.01138
25	0.01998	0.44408	0.29299	0.01801	0.02720	0.02742	0.02083	0.02545	0.01714	0.02226	0.01290	0.01502	0.01061	0.00742	0.00636	0.00212	0.01025	0.00512	0.00354	0.01131
26	0.01443	0.00722	0.01082	0.01082	0.01082	0.00722	0.00722	0.01082	0.01082	0.01443	0.01443	0.02525	0.01443	0.02886	0.03247	0.75830	0.00722	0.00722	0.00361	0.00361
27	0.01065	0.00832	0.00977	0.01056	0.01257	0.00745	0.00801	0.01301	0.01849	0.02325	0.10347	0.23846	0.35835	0.02238	0.01031	0.00312	0.00495	0.12197	0.00779	0.00711
28	0.01407	0.01128	0.01646	0.01794	0.08910	0.01102	0.05410	0.04642	0.01827	0.02439	0.07700	0.21978	0.09421	0.14732	0.01609	0.00404	0.00724	0.11652	0.00666	0.00810
29	0.02939	0.02513	0.02476	0.02215	0.08157	0.14385	0.01656	0.42769	0.03319	0.04253	0.01971	0.02357	0.01546	0.01027	0.00834	0.00251	0.01019	0.04316	0.00715	0.01282
30	0.01829	0.12862	0.54550	0.02217	0.03344	0.02145	0.02765	0.06277	0.01876	0.02702	0.01478	0.01714	0.01076	0.00792	0.00759	0.00251	0.01165	0.00600	0.00381	0.01218
31	0.02176	0.18399	0.08725	0.01563	0.02109	0.14927	0.01402	0.05200	0.05006	0.08031	0.13825	0.03280	0.09788	0.01142	0.00786	0.00235	0.00876	0.00888	0.00618	0.01026

[dist]
# distance from previous block
# <min> <max>
12	87

[block]
# block no. 1 follows, 22 sequences, length 64
# corresponding to MSA columns:
# 469-532
name=unknown_B
#
# <colnr> <probs for GDERKNQSTAVLIFYWHMCP>
#	G	D	E	R	K	N	Q	S	T	A	V	L	I	F	Y	W	H	M	C	P
0	0.07788	0.08888	0.11190	0.06494	0.14694	0.08948	0.07381	0.02481	0.01772	0.02543	0.01456	0.01850	0.01188	0.00829	0.00932	0.00241	0.07861	0.00647	0.03888	0.08929
1	0.11533	0.02562	0.15583	0.06461	0.17226	0.05932	0.06337	0.16081	0.02293	0.05856	0.01650	0.01914	0.01233	0.00832	0.00787	0.00254	0.01032	0.00689	0.00529	0.01216
2	0.09351	0.02063	0.06520	0.11653	0.21615	0.08729	0.01892	0.03030	0.02008	0.22143	0.02007	0.02171	0.01435	0.00859	0.00790	0.00252	0.00956	0.00713	0.00602	0.01212
3	0.01910	0.08873	0.02594	0.02118	0.08954	0.01709	0.11476	0.10473	0.02190	0.06099	0.17495	0.03292	0.03082	0.02055	0.13482	0.00455	0.01109	0.00971	0.00625	0.01035
4	0.01863	0.01816	0.02363	0.27885	0.13097	0.10438	0.04606	0.05746	0.01925	0.02375	0.02536	0.02969	0.10756	0.01173	0.01035	0.06112	0.01011	0.00873	0.00472	0.00949
5	0.01972	0.15353	0.09784	0.19565	0.21464	0.09020	0.02124	0.02437	0.01811	0.02305	0.01608	0.05956	0.01413	0.00886	0.00773	0.00245	0.01048	0.00746	0.00407	0.01085
6	0.02219	0.06029	0.06468	0.19533	0.18520	0.01993	0.06737	0.06995	0.05732	0.11714	0.01884	0.02208	0.01405	0.00875	0.00907	0.00263	0.04040	0.00759	0.00536	0.01185
7	0.05793	0.02457	0.08665	0.01760	0.02186	0.23528	0.01490	0.08505	0.01985	0.02462	0.01757	0.02291	0.01507	0.03059	0.28083	0.00684	0.01666	0.00706	0.00472	0.00943
8	0.01386	0.01082	0.01394	0.01254	0.01533	0.01034	0.05562	0.04497	0.05567	0.02550	0.07875	0.14221	0.19532	0.13147	0.01463	0.00360	0.00625	0.03860	0.08579	0.04482
9	0.01314	0.00956	0.01151	0.01178	0.01332	0.00926	0.00811	0.07731	0.01785	0.02392	0.03951	0.43903	0.07300	0.15208	0.01607	0.00402	0.00593	0.01839	0.00711	0.04913
10	0.02628	0.40274	0.03432	0.01753	0.02333	0.32860	0.01506	0.02870	0.01995	0.01991	0.01214	0.01409	0.01068	0.00778	0.00633	0.00194	0.01169	0.00486	0.00389	0.01019
11	0.09546	0.02336	0.21431	0.21694	0.03605	0.01743	0.06736	0.05596	0.01850	0.02680	0.02643	0.02934	0.11748	0.01022	0.00822	0.00270	0.00992	0.00858	0.00476	0.01018
12	0.07238	0.02411	0.02389	0.14520	0.03019	0.18136	0.01729	0.20358	0.02395	0.03097	0.01481	0.01837	0.01172	0.01014	0.01190	0.00270	0.15472	0.00671	0.00528	0.01073
13	0.02014	0.01486	0.04675	0.01326	0.01708	0.05372	0.01052	0.02598	0.12201	0.17176	0.04192	0.09593	0.16474	0.14589	0.01521	0.00374	0.00713	0.01214	0.00750	0.00972
14	0.01161	0.00751	0.00966	0.01057	0.01079	0.00728	0.00670	0.01160	0.01363	0.01817	0.03312	0.35173	0.03878	0.26083	0.02562	0.14788	0.00638	0.01655	0.00601	0.00556
15	0.02989	0.12661	0.02613	0.02047	0.02512	0.59176	0.01581	0.03210	0.02268	0.02023	0.01267	0.01477	0.01070	0.00837	0.00721	0.00209	0.01419	0.00523	0.00419	0.00976
16	0.01063	0.00755	0.00938	0.01062	0.01117	0.00713	0.00687	0.01174	0.01511	0.01992	0.04358	0.47444	0.09731	0.21186	0.01919	0.00461	0.00565	0.01997	0.00698	0.00630
17	0.02271	0.21506	0.11992	0.02154	0.02859	0.02564	0.13297	0.17086	0.05716	0.03056	0.01618	0.01869	0.01269	0.00890	0.00972	0.00251	0.08242	0.00699	0.00509	0.01178
18	0.05440	0.12967	0.20040	0.01854	0.02676	0.01821	0.06494	0.03259	0.02036	0.31920	0.02267	0.02208	0.01529	0.00880	0.00776	0.00248	0.00928	0.00713	0.00676	0.01269
19	0.20604	0.02645	0.08947	0.06290	0.05444	0.21420	0.01726	0.02597	0.01731	0.02542	0.01252	0.01637	0.01045	0.00967	0.01185	0.00272	0.17707	0.00591	0.00421	0.00976
20	0.01734	0.03573	0.46920	0.02350	0.06901	0.06835	0.02612	0.02509	0.01834	0.02557	0.02105	0.02967	0.03850	0.01035	0.00842	0.00274	0.01145	0.08392	0.00429	0.01133
21	0.01012	0.00723	0.00964	0.01157	0.01205	0.00675	0.00771	0.01157	0.01591	0.02121	0.04579	0.70262	0.05495	0.02603	0.01060	0.00337	0.00482	0.02362	0.00771	0.00675
22	0.01818	0.01818	0.02545	0.02181	0.02181	0.02545	0.01818	0.01999	0.01272	0.01999	0.01091	0.01818	0.01091	0.01454	0.02726	0.00364	0.69284	0.00727	0.00364	0.00909
23	0.03039	0.01888	0.05230	0.02168	0.11726	0.04302	0.01583	0.16134	0.02522	0.33165	0.02502	0.02465	0.01723	0.01363	0.05989	0.00336	0.00967	0.00784	0.00793	0.01320
24	0.01122	0.00815	0.00961	0.01019	0.01130	0.00766	0.00698	0.01269	0.01602	0.02072	0.08401	0.20532	0.19301	0.27846	0.02228	0.00498	0.00612	0.07817	0.00679	0.00633
25	0.01012	0.00723	0.00964	0.01157	0.01205	0.00675	0.00771	0.01157	0.01591	0.02121	0.04579	0.70262	0.05495	0.02603	0.01060	0.00337	0.00482	0.02362	0.00771	0.00675
26	0.02058	0.02030	0.03203	0.12792	0.54494	0.05833	0.02464	0.02542	0.01891	0.02601	0.01536	0.02043	0.01276	0.00758	0.00819	0.00249	0.01032	0.00728	0.00407	0.01246
27	0.01856	0.01788	0.03095	0.30586	0.38511	0.01929	0.05463	0.02384	0.01803	0.02474	0.01534	0.02129	0.01229	0.00774	0.00834	0.00260	0.01056	0.00751	0.00395	0.01148
28	0.02632	0.39970	0.03423	0.01756	0.02335	0.33150	0.01507	0.02874	0.01998	0.01991	0.01215	0.01410	0.01068	0.00778	0.00634	0.00195	0.01172	0.00486	0.00389	0.01018
29	0.02056	0.01974	0.03372	0.05099	0.65622	0.01974	0.02550	0.02550	0.01892	0.02714	0.01563	0.02056	0.01316	0.00740	0.00822	0.00247	0.00987	0.00740	0.00411	0.01316
30	0.01187	0.00890	0.01335	0.01335	0.01483	0.01038	0.01038	0.01483	0.01335	0.01928	0.02225	0.03264	0.02077	0.06231	0.67512	0.01335	0.02225	0.00890	0.00445	0.00742
31	0.01723	0.02930	0.31895	0.20451	0.05922	0.06043	0.02438	0.02366	0.01686	0.02321	0.01527	0.02165	0.01233	0.06283	0.01241	0.00314	0.07337	0.00703	0.00376	0.01046
32	0.01138	0.00886	0.01361	0.01394	0.01531	0.00871	0.05642	0.01368	0.01590	0.02148	0.03898	0.48712	0.04478	0.03124	0.13638	0.00524	0.00900	0.05388	0.00682	0.00727
33	0.02066	0.01785	0.01878	0.01691	0.02160	0.02066	0.01315	0.04414	0.64121	0.03475	0.03381	0.03099	0.02536	0.01127	0.00845	0.00282	0.00657	0.00939	0.00845	0.01315
34	0.02056	0.01974	0.03372	0.05099	0.65622	0.01974	0.02550	0.02550	0.01892	0.02714	0.01563	0.02056	0.01316	0.00740	0.00822	0.00247	0.00987	0.00740	0.00411	0.01316
35	0.01226	0.00902	0.01190	0.01280	0.01460	0.00898	0.01041	0.01524	0.01765	0.02308	0.08205	0.07506	0.15078	0.10148	0.12448	0.00560	0.00928	0.30114	0.00694	0.00723
36	0.02766	0.03344	0.02606	0.06566	0.17880	0.48090	0.01871	0.03066	0.02205	0.02202	0.01362	0.01672	0.01131	0.00827	0.00771	0.00225	0.01354	0.00596	0.00421	0.01046
37	0.01804	0.01346	0.01546	0.01460	0.01815	0.01441	0.01160	0.03059	0.30688	0.07907	0.10642	0.05340	0.09249	0.04454	0.01080	0.00322	0.00641	0.14162	0.00828	0.01054
38	0.01854	0.08892	0.02563	0.37897	0.04104	0.06267	0.01932	0.02656	0.13489	0.02343	0.01751	0.02204	0.01369	0.00942	0.00999	0.00273	0.08259	0.00732	0.00461	0.01013
39	0.01319	0.00950	0.01311	0.01491	0.01688	0.00942	0.01299	0.01692	0.01911	0.02473	0.04623	0.09294	0.08168	0.02284	0.01138	0.00377	0.00746	0.56768	0.00765	0.00761
40	0.02378	0.15337	0.02822	0.26822	0.03665	0.13207	0.01825	0.18883	0.02391	0.02921	0.01524	0.01869	0.01176	0.00857	0.00761	0.00240	0.01078	0.00652	0.00502	0.01090
41	0.03046	0.03563	0.02442	0.02290	0.06578	0.52568	0.01661	0.13119	0.02582	0.02606	0.01419	0.01616	0.01142	0.00872	0.00767	0.00222	0.01369	0.00583	0.00494	0.01060
42	0.01714	0.01025	0.01316	0.01221	0.01526	0.00958	0.00972	0.02181	0.05692	0.14979	0.33671	0.06114	0.12262	0.01683	0.00973	0.00284	0.00531	0.11084	0.00892	0.00921
43	0.01097	0.00838	0.00954	0.00930	0.01126	0.00752	0.00664	0.01335	0.01935	0.02530	0.28504	0.06843	0.32060	0.14957	0.01596	0.00373	0.00483	0.01556	0.00774	0.00695
44	0.01187	0.00890	0.01335	0.01335	0.01483	0.01038	0.01038	0.01483	0.01335	0.01928	0.02225	0.03264	0.02077	0.06231	0.67512	0.01335	0.02225	0.00890	0.00445	0.00742
45	0.01874	0.01788	0.03043	0.28875	0.43268	0.01926	0.02459	0.02390	0.01806	0.02493	0.01531	0.02115	0.01238	0.00774	0.00825	0.00258	0.01032	0.00739	0.00396	0.01169
46	0.01187	0.00890	0.01335	0.01335	0.01483	0.01038	0.01038	0.01483	0.01335	0.01928	0.02225	0.03264	0.02077	0.06231	0.67512	0.01335	0.02225	0.00890	0.00445	0.00742
47	0.01012	0.00723	0.00964	0.01157	0.01205	0.00675	0.00771	0.01157	0.01591	0.02121	0.04579	0.70262	0.05495	0.02603	0.01060	0.00337	0.00482	0.02362	0.00771	0.00675
48	0.01187	0.00890	0.01335	0.01335	0.01483	0.01038	0.01038	0.01483	0.01335	0.01928	0.02225	0.03264	0.02077	0.06231	0.67512	0.01335	0.02225	0.00890	0.00445	0.00742
49	0.01251	0.01707	0.16936	0.01570	0.01994	0.01088	0.04806	0.01657	0.01728	0.02329	0.04223	0.34648	0.12926	0.01957	0.00988	0.00313	0.00732	0.07654	0.00650	0.00845
50	0.01641	0.01262	0.01742	0.17557	0.02565	0.01514	0.01382	0.07520	0.01748	0.02593	0.01993	0.02653	0.01661	0.02436	0.19168	0.00553	0.10571	0.00788	0.19774	0.00879
51	0.02551	0.01794	0.02829	0.03764	0.41927	0.01758	0.02061	0.03137	0.06853	0.21550	0.02211	0.02365	0.01629	0.00855	0.00828	0.00252	0.00879	0.00784	0.00627	0.01345
52	0.02037	0.01905	0.03155	0.16555	0.50652	0.01989	0.02443	0.06305	0.01977	0.02766	0.01574	0.02081	0.01284	0.00773	0.00824	0.00252	0.01004	0.00740	0.00430	0.01250
53	0.20023	0.01816	0.02707	0.08867	0.42079	0.01896	0.02061	0.02574	0.01786	0.06449	0.01554	0.01942	0.01241	0.00771	0.00750	0.00252	0.00898	0.00676	0.00467	0.01191
54	0.13635	0.02059	0.06392	0.06966	0.38232	0.01973	0.13674	0.02538	0.01813	0.02831	0.01514	0.01973	0.01218	0.00744	0.00803	0.00257	0.01029	0.00734	0.00424	0.01192
55	0.08322	0.02128	0.02648	0.02050	0.02660	0.05097	0.12974	0.32899	0.08015	0.04144	0.08620	0.02503	0.02099	0.01002	0.00848	0.00258	0.00935	0.00855	0.00721	0.01223
56	0.01593	0.01673	0.06665	0.02886	0.21007	0.01507	0.13113	0.02017	0.01781	0.02453	0.02998	0.22849	0.06294	0.01484	0.01033	0.00296	0.03935	0.04862	0.00554	0.01000
57	0.06755	0.01858	0.02603	0.12888	0.31648	0.05073	0.01951	0.07037	0.01964	0.02817	0.01712	0.06040	0.01492	0.00874	0.00785	0.00238	0.00918	0.00773	0.00478	0.12095
58	0.14765	0.01293	0.01607	0.10111	0.05714	0.01436	0.01279	0.05839	0.05225	0.02714	0.03095	0.03951	0.11383	0.02645	0.18932	0.00569	0.01148	0.06826	0.00573	0.00896
59	0.01501	0.02298	0.24540	0.02377	0.15964	0.01431	0.01956	0.02039	0.01802	0.02500	0.06251	0.09185	0.14266	0.05443	0.01088	0.00308	0.00874	0.04629	0.00536	0.01013
60	0.02285	0.01893	0.06508	0.06222	0.21760	0.01847	0.06716	0.07317	0.02016	0.14739	0.02061	0.02669	0.01649	0.01283	0.04453	0.00332	0.10162	0.04329	0.00572	0.01186
61	0.01715	0.01920	0.08262	0.08016	0.22276	0.06930	0.07434	0.02138	0.01789	0.02372	0.02570	0.16380	0.05411	0.04016	0.04741	0.00352	0.01030	0.01140	0.00501	0.01008
62	0.01999	0.01990	0.02242	0.21935	0.12166	0.12997	0.01753	0.05465	0.15339	0.02636	0.02813	0.03021	0.10012	0.01063	0.00839	0.00262	0.00960	0.00883	0.00562	0.01062
63	0.02089	0.02507	0.12953	0.14097	0.13272	0.17374	0.02048	0.02572	0.01968	0.05511	0.02149	0.03473	0.01941	0.01132	0.00870	0.00276	0.01110	0.13119	0.00503	0.01038

[dist]
# distance from previous block
# <min> <max>
19	135

[block]
# block no. 2 follows, 22 sequences, length 27
# corresponding to MSA columns:
# 670-696
name=unknown_C
#
# <colnr> <probs for GDERKNQSTAVLIFYWHMCP>
#	G	D	E	R	K	N	Q	S	T	A	V	L	I	F	Y	W	H	M	C	P
0	0.02819	0.03069	0.11069	0.01972	0.02617	0.27084	0.01713	0.20441	0.05853	0.07748	0.01781	0.01869	0.01324	0.00897	0.00780	0.00231	0.01132	0.00647	0.00603	0.06353
1	0.01980	0.01642	0.01618	0.01484	0.01825	0.10591	0.01119	0.12632	0.06627	0.06779	0.03331	0.28106	0.06099	0.01928	0.04832	0.00337	0.00835	0.01384	0.00716	0.06133
2	0.01918	0.01722	0.06207	0.01987	0.02450	0.01601	0.16293	0.17620	0.02202	0.02972	0.02456	0.19731	0.02412	0.01662	0.01355	0.13744	0.00906	0.01208	0.00603	0.00952
3	0.01928	0.27804	0.03293	0.14918	0.21755	0.02301	0.01910	0.02331	0.01776	0.02288	0.01793	0.02843	0.01671	0.00965	0.00761	0.00245	0.00941	0.08973	0.00432	0.01072
4	0.01813	0.44822	0.03113	0.01283	0.01810	0.02346	0.01195	0.02103	0.01853	0.02284	0.14404	0.03579	0.10763	0.01169	0.00711	0.00219	0.00727	0.04320	0.00539	0.00948
5	0.02077	0.01059	0.01337	0.01147	0.01536	0.00923	0.00902	0.02388	0.02224	0.26640	0.24902	0.05472	0.22876	0.01568	0.00926	0.00265	0.00519	0.01327	0.00914	0.00996
6	0.02760	0.03373	0.02454	0.02164	0.02565	0.49906	0.05184	0.03150	0.06446	0.02162	0.01466	0.01750	0.01221	0.01124	0.03411	0.00279	0.08528	0.00622	0.00450	0.00983
7	0.01134	0.00774	0.00928	0.01000	0.01018	0.00756	0.00604	0.01189	0.01352	0.01802	0.03355	0.29808	0.03950	0.45164	0.03037	0.00629	0.00684	0.01642	0.00604	0.00568
8	0.01012	0.00723	0.00964	0.01157	0.01205	0.00675	0.00771	0.01157	0.01591	0.02121	0.04579	0.70262	0.05495	0.02603	0.01060	0.00337	0.00482	0.02362	0.00771	0.00675
9	0.01232	0.00956	0.01422	0.01396	0.01533	0.01146	0.01094	0.01520	0.01331	0.01934	0.02144	0.03160	0.02006	0.05889	0.62880	0.01266	0.07020	0.00878	0.00439	0.00754
10	0.01484	0.01210	0.01372	0.01374	0.01674	0.01276	0.01085	0.02533	0.25255	0.02753	0.05028	0.14270	0.18922	0.01847	0.00982	0.00314	0.00605	0.16273	0.00798	0.00945
11	0.01666	0.04297	0.66500	0.02368	0.03596	0.01929	0.03069	0.02631	0.01754	0.02631	0.01491	0.01754	0.01052	0.00789	0.00789	0.00263	0.01228	0.00614	0.00351	0.01228
12	0.01323	0.00847	0.01124	0.01124	0.01290	0.00939	0.00866	0.01653	0.01488	0.02368	0.02407	0.03201	0.02097	0.04252	0.42349	0.00906	0.01534	0.00847	0.28631	0.00754
13	0.01564	0.01179	0.01285	0.01224	0.01426	0.01285	0.00859	0.02497	0.24939	0.02473	0.03007	0.04588	0.02864	0.35575	0.02511	0.00539	0.00715	0.04214	0.06413	0.00843
14	0.01065	0.00914	0.00921	0.00907	0.01202	0.00806	0.00684	0.01440	0.06684	0.02339	0.08028	0.07618	0.60455	0.02029	0.00971	0.00281	0.00439	0.01691	0.00777	0.00749
15	0.01582	0.01494	0.02494	0.65383	0.05540	0.01882	0.02282	0.02116	0.01641	0.02116	0.01457	0.02194	0.01107	0.00863	0.00928	0.00281	0.04611	0.00738	0.00369	0.00922
16	0.02235	0.02103	0.03140	0.08474	0.49722	0.05724	0.02349	0.10814	0.02179	0.02984	0.01601	0.02026	0.01302	0.00787	0.00820	0.00247	0.01013	0.00730	0.00467	0.01285
17	0.02060	0.01903	0.02810	0.03818	0.41764	0.02009	0.02085	0.03251	0.25287	0.03000	0.02246	0.02448	0.01775	0.00886	0.00831	0.00260	0.00863	0.00815	0.00574	0.01316
18	0.02086	0.02116	0.03074	0.17389	0.46075	0.09899	0.02387	0.02558	0.01902	0.02514	0.01512	0.02020	0.01245	0.00772	0.00815	0.00249	0.01073	0.00715	0.00405	0.01195
19	0.01103	0.00872	0.00979	0.00976	0.01211	0.00777	0.00721	0.03273	0.02017	0.02577	0.20977	0.17678	0.39761	0.02055	0.00989	0.00284	0.00440	0.01762	0.00807	0.00739
20	0.02333	0.01462	0.02019	0.01642	0.02145	0.01422	0.08759	0.06409	0.14597	0.23211	0.07181	0.09138	0.13283	0.01346	0.00905	0.00275	0.00713	0.01179	0.00835	0.01146
21	0.01996	0.02556	0.16230	0.04155	0.39651	0.04228	0.13820	0.02613	0.01893	0.02664	0.01561	0.02011	0.01245	0.00747	0.00843	0.00255	0.01130	0.00753	0.00401	0.01250
22	0.01033	0.00749	0.00954	0.01098	0.01175	0.00693	0.00736	0.01186	0.01634	0.02159	0.08073	0.55206	0.11811	0.07751	0.01292	0.00363	0.00496	0.02162	0.00758	0.00670
23	0.01775	0.01621	0.02538	0.49918	0.12637	0.01928	0.02191	0.05996	0.08334	0.02521	0.01716	0.02274	0.01300	0.00860	0.00831	0.00272	0.01034	0.00760	0.00451	0.01042
24	0.02944	0.16436	0.02749	0.01976	0.02487	0.47078	0.01567	0.10777	0.02427	0.02428	0.01351	0.01530	0.01113	0.00847	0.00719	0.00212	0.01309	0.00545	0.00466	0.01040
25	0.01261	0.01103	0.05537	0.01085	0.01400	0.00839	0.00898	0.01575	0.02011	0.06566	0.23732	0.14415	0.32725	0.01889	0.00969	0.00279	0.00493	0.01619	0.00800	0.00803
26	0.02066	0.01454	0.01800	0.01557	0.01926	0.01620	0.01250	0.24422	0.02350	0.06884	0.02201	0.02767	0.01829	0.03985	0.38883	0.00869	0.01650	0.00834	0.00622	0.01030

[dist]
# distance from previous block
# <min> <max>
0	1

[block]
# block no. 3 follows, 22 sequences, length 30
# corresponding to MSA columns:
# 698-727
name=unknown_D
#
# <colnr> <probs for GDERKNQSTAVLIFYWHMCP>
#	G	D	E	R	K	N	Q	S	T	A	V	L	I	F	Y	W	H	M	C	P
0	0.02017	0.01934	0.03301	0.10224	0.60804	0.01964	0.02530	0.02515	0.01873	0.02666	0.01556	0.02069	0.01299	0.00747	0.00823	0.00249	0.00997	0.00740	0.00408	0.01284
1	0.01126	0.00819	0.01146	0.01216	0.01309	0.00877	0.00873	0.01330	0.01412	0.01958	0.03131	0.27908	0.03439	0.13084	0.35332	0.00905	0.01411	0.01466	0.00571	0.00687
2	0.01037	0.00844	0.00918	0.00899	0.01156	0.00725	0.00674	0.01299	0.02023	0.02552	0.24498	0.07488	0.49011	0.01989	0.00981	0.00275	0.00413	0.01682	0.00812	0.00725
3	0.01448	0.00973	0.01269	0.01223	0.01425	0.01087	0.00952	0.06548	0.01657	0.02526	0.02344	0.03114	0.02038	0.04319	0.43187	0.00924	0.01599	0.00846	0.21715	0.00805
4	0.02522	0.36243	0.03379	0.01920	0.04962	0.28096	0.01574	0.02770	0.01919	0.02021	0.01217	0.01469	0.01080	0.00833	0.00819	0.00211	0.07039	0.00516	0.00387	0.01023
5	0.01879	0.01793	0.03052	0.28272	0.43834	0.01927	0.02461	0.02394	0.01808	0.02499	0.01531	0.02114	0.01240	0.00773	0.00825	0.00258	0.01031	0.00739	0.00396	0.01173
6	0.01834	0.16310	0.03232	0.36973	0.17229	0.02193	0.06351	0.02325	0.01735	0.02247	0.01441	0.01998	0.01152	0.00778	0.00777	0.00250	0.01057	0.00694	0.00378	0.01048
7	0.02867	0.03411	0.02433	0.07617	0.05610	0.50063	0.01713	0.08258	0.02352	0.02346	0.01363	0.01641	0.01115	0.00894	0.00876	0.00232	0.05155	0.00590	0.00454	0.01011
8	0.01473	0.22654	0.05798	0.03331	0.01800	0.01614	0.01188	0.01751	0.01719	0.02211	0.07302	0.31659	0.06212	0.01763	0.00875	0.00279	0.00682	0.06223	0.00616	0.00849
9	0.01481	0.01250	0.01801	0.05554	0.16412	0.01363	0.01297	0.01674	0.01469	0.02032	0.02541	0.11472	0.04936	0.30463	0.02559	0.00511	0.10731	0.01159	0.00496	0.00799
10	0.01318	0.00848	0.01131	0.01131	0.01296	0.00942	0.00872	0.01648	0.01483	0.02354	0.02402	0.03203	0.02096	0.04316	0.43167	0.00920	0.01557	0.00848	0.27715	0.00754
11	0.01152	0.00823	0.01124	0.01317	0.01426	0.00795	0.01014	0.01398	0.01728	0.02277	0.04502	0.44191	0.05189	0.02471	0.01098	0.00357	0.00603	0.27053	0.00769	0.00713
12	0.02030	0.02109	0.03460	0.16862	0.34645	0.07636	0.16032	0.02558	0.01902	0.02528	0.01549	0.02081	0.01242	0.00759	0.00853	0.00257	0.01148	0.00777	0.00407	0.01165
13	0.01941	0.01576	0.01799	0.02093	0.14990	0.09534	0.01350	0.02254	0.02027	0.11973	0.04706	0.05365	0.25186	0.01529	0.00922	0.00277	0.00770	0.10039	0.00691	0.00979
14	0.01140	0.00752	0.00975	0.01072	0.01108	0.00723	0.00692	0.01182	0.01453	0.01949	0.07006	0.38871	0.04343	0.20903	0.02241	0.12006	0.00600	0.01752	0.00645	0.00587
15	0.06330	0.01963	0.01923	0.10676	0.02496	0.14235	0.01392	0.18206	0.02430	0.03218	0.11321	0.02778	0.02382	0.01840	0.11007	0.00412	0.01132	0.00826	0.04431	0.01002
16	0.01339	0.00958	0.01377	0.01352	0.01499	0.01108	0.01048	0.01616	0.01426	0.04515	0.02475	0.10778	0.02391	0.04892	0.47816	0.01028	0.07243	0.01036	0.05328	0.00776
17	0.02141	0.02161	0.03372	0.04752	0.56666	0.07640	0.05906	0.02622	0.01936	0.02652	0.01545	0.02018	0.01291	0.00748	0.00825	0.00246	0.01055	0.00736	0.00413	0.01274
18	0.03108	0.03818	0.02366	0.02120	0.02569	0.61862	0.01603	0.08461	0.02488	0.02310	0.01345	0.01541	0.01100	0.00868	0.00756	0.00217	0.01448	0.00553	0.00463	0.01002
19	0.01156	0.00848	0.01083	0.01024	0.01229	0.00775	0.00768	0.01529	0.02304	0.03219	0.59307	0.06391	0.13785	0.01740	0.00980	0.00263	0.00395	0.01528	0.00900	0.00775
20	0.01188	0.00884	0.01305	0.01305	0.01443	0.01022	0.01001	0.01464	0.01326	0.01906	0.02252	0.03414	0.02142	0.10707	0.63125	0.01298	0.02127	0.00912	0.00449	0.00725
21	0.01070	0.00802	0.00957	0.01001	0.01151	0.00728	0.00698	0.01280	0.01831	0.02406	0.21148	0.26620	0.23927	0.10850	0.01417	0.00360	0.00481	0.01809	0.00774	0.00689
22	0.01092	0.00757	0.00940	0.01054	0.01083	0.00728	0.00662	0.01178	0.01434	0.01913	0.03778	0.43795	0.04484	0.30448	0.02354	0.00528	0.00614	0.01891	0.00662	0.00605
23	0.06247	0.30219	0.02997	0.01704	0.02246	0.30952	0.01431	0.06160	0.02091	0.02331	0.01358	0.01556	0.01147	0.00809	0.00646	0.00202	0.01111	0.00522	0.05257	0.01014
24	0.25320	0.01763	0.05756	0.01371	0.01912	0.01737	0.01190	0.19401	0.02318	0.10934	0.02018	0.02136	0.01474	0.00911	0.00672	0.00240	0.00703	0.00664	0.18389	0.01092
25	0.06826	0.04584	0.05780	0.08212	0.19012	0.07071	0.01652	0.05268	0.03582	0.05386	0.02071	0.02473	0.05028	0.01257	0.01198	0.13238	0.00890	0.00753	0.04731	0.00990
26	0.46979	0.01762	0.05629	0.01602	0.08754	0.04278	0.01192	0.02409	0.01586	0.03363	0.01511	0.01778	0.01186	0.00808	0.00587	0.00243	0.00706	0.00555	0.14125	0.00947
27	0.08294	0.05216	0.20976	0.01804	0.05079	0.09919	0.01710	0.02479	0.05198	0.02658	0.01883	0.02253	0.01505	0.01677	0.10919	0.00404	0.01143	0.00681	0.15199	0.01005
28	0.02082	0.12466	0.02092	0.04894	0.02082	0.12029	0.01232	0.10386	0.12258	0.02924	0.06379	0.06753	0.08160	0.01172	0.00774	0.00240	0.00794	0.00929	0.11339	0.01014
29	0.02509	0.02614	0.09506	0.01941	0.04848	0.19149	0.01598	0.13874	0.05873	0.08036	0.01837	0.02141	0.01455	0.05393	0.01070	0.00265	0.03883	0.00683	0.00577	0.12748

[dist]
# distance from previous block
# <min> <max>
5	67

[block]
# block no. 4 follows, 22 sequences, length 45
# corresponding to MSA columns:
# 795-839
name=unknown_E
#
# <colnr> <probs for GDERKNQSTAVLIFYWHMCP>
#	G	D	E	R	K	N	Q	S	T	A	V	L	I	F	Y	W	H	M	C	P
0	0.15327	0.01762	0.02280	0.14204	0.17206	0.01913	0.01691	0.17554	0.02280	0.08324	0.02086	0.02432	0.04354	0.03998	0.00931	0.00282	0.00873	0.00766	0.00596	0.01141
1	0.02047	0.02299	0.08969	0.08286	0.02607	0.14580	0.01509	0.07914	0.07261	0.02783	0.04760	0.02574	0.06931	0.00948	0.00766	0.00215	0.00911	0.00744	0.00552	0.23348
2	0.01645	0.01825	0.09267	0.05211	0.09819	0.01431	0.08804	0.02103	0.01773	0.02549	0.02615	0.05532	0.10541	0.00995	0.00865	0.00219	0.03498	0.00869	0.00499	0.29940
3	0.02198	0.07719	0.02385	0.02010	0.09096	0.04720	0.01470	0.15660	0.11948	0.03177	0.01874	0.02091	0.01502	0.01215	0.04900	0.00290	0.06585	0.00686	0.00584	0.19890
4	0.01334	0.01135	0.01185	0.01122	0.01454	0.01131	0.00856	0.02223	0.21228	0.02716	0.11569	0.06328	0.41057	0.01767	0.00939	0.00279	0.00492	0.01480	0.00806	0.00898
5	0.02068	0.01827	0.02308	0.05925	0.15950	0.08962	0.06569	0.12566	0.02127	0.02894	0.01972	0.02661	0.01680	0.09023	0.07863	0.00410	0.01082	0.00810	0.12279	0.01025
6	0.01882	0.01751	0.02573	0.24866	0.15942	0.02117	0.02028	0.05156	0.12529	0.02575	0.01748	0.02227	0.01405	0.01029	0.01311	0.00292	0.18234	0.00771	0.00478	0.01086
7	0.01193	0.00865	0.01210	0.01210	0.01314	0.00970	0.00882	0.01403	0.01298	0.01835	0.02340	0.03900	0.02353	0.25133	0.48987	0.01180	0.01810	0.00983	0.00462	0.00672
8	0.01899	0.01327	0.01380	0.01253	0.01601	0.01465	0.00971	0.08033	0.28065	0.03433	0.02932	0.03007	0.02240	0.01037	0.00712	0.00235	0.00544	0.00841	0.37970	0.01054
9	0.01225	0.00784	0.00937	0.00992	0.01126	0.00761	0.00701	0.01479	0.01695	0.02510	0.10719	0.25897	0.09409	0.07977	0.06680	0.00402	0.00609	0.01502	0.23884	0.00711
10	0.03103	0.03959	0.02354	0.02140	0.02568	0.67469	0.01605	0.03317	0.02354	0.02033	0.01284	0.01498	0.01070	0.00856	0.00749	0.00214	0.01498	0.00535	0.00428	0.00963
11	0.03110	0.03747	0.02372	0.02110	0.02569	0.59047	0.01602	0.11044	0.02556	0.02449	0.01376	0.01563	0.01115	0.00874	0.00760	0.00219	0.01422	0.00563	0.00480	0.01021
12	0.02291	0.02633	0.02193	0.01979	0.02214	0.32999	0.01549	0.02513	0.01799	0.02000	0.01427	0.01978	0.01294	0.02201	0.15772	0.00502	0.22674	0.00671	0.00412	0.00898
13	0.01208	0.00805	0.00906	0.00906	0.00906	0.00805	0.00503	0.01208	0.01208	0.01611	0.02618	0.05436	0.03020	0.70804	0.04228	0.00805	0.00805	0.01208	0.00503	0.00503
14	0.01053	0.00801	0.00970	0.01020	0.01189	0.00717	0.00730	0.01296	0.01925	0.02536	0.24618	0.30172	0.25644	0.02160	0.01010	0.00295	0.00434	0.01898	0.00816	0.00717
15	0.01549	0.00774	0.00774	0.00774	0.00968	0.00774	0.00581	0.01936	0.01742	0.03097	0.02710	0.03097	0.02129	0.00968	0.00581	0.00194	0.00387	0.00774	0.75416	0.00774
16	0.01096	0.00789	0.01057	0.01240	0.01336	0.00750	0.00913	0.01306	0.01689	0.02222	0.04705	0.51500	0.08016	0.02499	0.01080	0.00347	0.00553	0.17433	0.00770	0.00700
17	0.02187	0.01834	0.03395	0.02573	0.03106	0.01891	0.30598	0.02640	0.01850	0.15044	0.02140	0.08791	0.01786	0.01120	0.01359	0.00300	0.16710	0.01026	0.00561	0.01087
18	0.02095	0.01886	0.02112	0.21963	0.03257	0.11144	0.01719	0.15421	0.05949	0.02963	0.02496	0.04134	0.02287	0.01300	0.00909	0.00292	0.00999	0.17445	0.00617	0.01013
19	0.06770	0.02885	0.13851	0.03021	0.23236	0.21276	0.02106	0.06223	0.02094	0.02686	0.01704	0.02399	0.01465	0.00929	0.00804	0.00252	0.01137	0.05564	0.00465	0.01131
20	0.02483	0.14931	0.12967	0.01928	0.02540	0.24612	0.01752	0.12265	0.05890	0.02710	0.01879	0.02031	0.04472	0.00957	0.00867	0.00237	0.05213	0.00662	0.00504	0.01098
21	0.02665	0.39816	0.03400	0.01721	0.02312	0.29689	0.01487	0.02912	0.01999	0.05362	0.01320	0.01480	0.01120	0.00787	0.00638	0.00197	0.01131	0.00502	0.00421	0.01042
22	0.01710	0.04023	0.59456	0.02294	0.03439	0.01944	0.02878	0.02825	0.08553	0.02723	0.01697	0.01901	0.01214	0.00826	0.00795	0.00265	0.01166	0.00649	0.00405	0.01237
23	0.01062	0.00845	0.00952	0.00925	0.01171	0.00735	0.00694	0.01347	0.02082	0.02692	0.31775	0.07259	0.41647	0.01937	0.00981	0.00273	0.00409	0.01650	0.00830	0.00735
24	0.01471	0.01182	0.01470	0.01336	0.01540	0.01314	0.01060	0.01677	0.01716	0.07469	0.05396	0.10876	0.35110	0.01855	0.01517	0.00309	0.21803	0.01410	0.00666	0.00823
25	0.01099	0.00846	0.01004	0.00965	0.01194	0.00751	0.00723	0.01419	0.02170	0.02901	0.42714	0.06914	0.30577	0.01859	0.00981	0.00269	0.00403	0.01602	0.00858	0.00751
26	0.01168	0.00809	0.00940	0.00956	0.00999	0.00804	0.00582	0.01225	0.01316	0.01740	0.03303	0.10849	0.09124	0.53220	0.08910	0.00760	0.00860	0.01329	0.00546	0.00556
27	0.06979	0.02289	0.02427	0.01869	0.02526	0.02539	0.01544	0.59713	0.03776	0.05157	0.01951	0.01961	0.01386	0.00986	0.00815	0.00250	0.00900	0.00732	0.00815	0.01386
28	0.01389	0.01126	0.01621	0.01532	0.01608	0.01318	0.03543	0.01521	0.01409	0.01971	0.02640	0.20713	0.02929	0.11765	0.08583	0.09551	0.19380	0.06160	0.00530	0.00709
29	0.01938	0.01853	0.03158	0.20604	0.51044	0.01943	0.02491	0.02446	0.01836	0.02570	0.01542	0.02095	0.01265	0.00762	0.00824	0.00254	0.01016	0.00740	0.00401	0.01220
30	0.13073	0.01161	0.03937	0.06796	0.01774	0.01113	0.01055	0.01709	0.01738	0.02648	0.18367	0.10674	0.04158	0.16536	0.01623	0.00406	0.00685	0.11131	0.00657	0.00759
31	0.01002	0.00761	0.00924	0.01054	0.01178	0.00683	0.00726	0.01168	0.01689	0.02161	0.05825	0.50035	0.24917	0.02441	0.01035	0.00319	0.00462	0.02164	0.00771	0.00683
32	0.02749	0.03573	0.15096	0.05642	0.02939	0.38211	0.01927	0.14887	0.02506	0.02789	0.01476	0.01685	0.01136	0.00869	0.00778	0.00234	0.01309	0.00603	0.00489	0.01102
33	0.01015	0.00763	0.00924	0.01048	0.01162	0.00691	0.00713	0.01170	0.01658	0.02127	0.05608	0.47770	0.23216	0.06537	0.01227	0.00348	0.00483	0.02111	0.00755	0.00672
34	0.02880	0.03588	0.02387	0.02147	0.02501	0.56217	0.01642	0.03089	0.02167	0.02027	0.01251	0.01553	0.01074	0.00960	0.01092	0.00240	0.13246	0.00568	0.00417	0.00954
35	0.05795	0.03179	0.19603	0.02049	0.02808	0.16379	0.01957	0.31321	0.02890	0.03782	0.01671	0.01796	0.01221	0.00902	0.00789	0.00246	0.01113	0.00654	0.00602	0.01245
36	0.01317	0.01035	0.01452	0.14650	0.02230	0.01132	0.01195	0.03981	0.01704	0.02272	0.05944	0.33627	0.03962	0.09939	0.01465	0.00379	0.04302	0.08006	0.00647	0.00761
37	0.00982	0.00842	0.00842	0.00842	0.01122	0.00701	0.00631	0.01192	0.01894	0.02244	0.08416	0.07995	0.65285	0.02104	0.00982	0.00281	0.00421	0.01753	0.00771	0.00701
38	0.01208	0.00805	0.00906	0.00906	0.00906	0.00805	0.00503	0.01208	0.01208	0.01611	0.02618	0.05436	0.03020	0.70804	0.04228	0.00805	0.00805	0.01208	0.00503	0.00503
39	0.01273	0.00808	0.00927	0.00927	0.00981	0.00825	0.00577	0.01382	0.01328	0.01940	0.02593	0.04736	0.02741	0.49931	0.10404	0.00742	0.00877	0.01087	0.15337	0.00583
40	0.02056	0.01974	0.03372	0.05099	0.65622	0.01974	0.02550	0.02550	0.01892	0.02714	0.01563	0.02056	0.01316	0.00740	0.00822	0.00247	0.00987	0.00740	0.00411	0.01316
41	0.20289	0.18081	0.17002	0.01784	0.02474	0.22956	0.01726	0.02772	0.01848	0.02559	0.01272	0.01484	0.01024	0.00789	0.00655	0.00228	0.01099	0.00513	0.00416	0.01030
42	0.02439	0.02782	0.02739	0.15987	0.25407	0.31772	0.02073	0.02817	0.02058	0.02290	0.01419	0.01833	0.01164	0.00810	0.00791	0.00238	0.01243	0.00646	0.00411	0.01080
43	0.01887	0.12921	0.32663	0.02106	0.02911	0.10762	0.05840	0.02500	0.01751	0.02322	0.01521	0.01923	0.01227	0.01643	0.11043	0.00414	0.04461	0.00649	0.00381	0.01075
44	0.02828	0.03092	0.02955	0.02530	0.06697	0.34362	0.13739	0.18037	0.02637	0.03000	0.01557	0.01803	0.01208	0.00854	0.00820	0.00238	0.01302	0.00689	0.00526	0.01128

[dist]
# distance from previous block
# <min> <max>
8	23

[block]
# block no. 5 follows, 22 sequences, length 14
# corresponding to MSA columns:
# 863-876
name=unknown_F
#
# <colnr> <probs for GDERKNQSTAVLIFYWHMCP>
#	G	D	E	R	K	N	Q	S	T	A	V	L	I	F	Y	W	H	M	C	P
0	0.01952	0.05131	0.19866	0.08882	0.09615	0.06526	0.11123	0.02941	0.14771	0.02656	0.01860	0.02153	0.01428	0.00900	0.00979	0.00271	0.06547	0.00758	0.00478	0.01161
1	0.13859	0.03253	0.02172	0.01925	0.02399	0.44982	0.01478	0.10823	0.06757	0.02790	0.01503	0.01652	0.01192	0.00881	0.00732	0.00230	0.01239	0.00578	0.00521	0.01036
2	0.01501	0.00891	0.00977	0.00905	0.01150	0.00849	0.00669	0.01828	0.01637	0.02753	0.02476	0.03207	0.02106	0.10249	0.06650	0.00357	0.00628	0.00798	0.48584	0.11785
3	0.01490	0.01220	0.01784	0.05996	0.20096	0.01203	0.01437	0.01875	0.01902	0.02621	0.08991	0.05495	0.17447	0.01505	0.00912	0.00280	0.00691	0.13973	0.10160	0.00921
4	0.01927	0.01958	0.02529	0.23161	0.25544	0.11414	0.02006	0.02492	0.06267	0.02429	0.02496	0.02852	0.09448	0.00985	0.00836	0.00258	0.01003	0.00852	0.00477	0.01067
5	0.01382	0.01253	0.01161	0.01153	0.01347	0.09295	0.00813	0.01667	0.04738	0.02292	0.14009	0.18611	0.21334	0.15345	0.01595	0.00383	0.00652	0.01537	0.00701	0.00732
6	0.02416	0.13352	0.05857	0.02687	0.18529	0.23650	0.01815	0.05796	0.10012	0.02560	0.01781	0.04686	0.01516	0.00914	0.00765	0.00234	0.01085	0.00714	0.00495	0.01135
7	0.01132	0.00799	0.00934	0.00992	0.01058	0.00765	0.00635	0.01221	0.01447	0.01882	0.04094	0.22168	0.13318	0.39570	0.02774	0.00585	0.00664	0.04747	0.00625	0.00591
8	0.02762	0.30032	0.03128	0.01862	0.02399	0.42621	0.01534	0.02996	0.02096	0.02003	0.01234	0.01434	0.01069	0.00800	0.00665	0.00200	0.01262	0.00500	0.00400	0.01003
9	0.01270	0.00817	0.01146	0.01146	0.01210	0.00881	0.00802	0.01290	0.01225	0.01698	0.02092	0.03612	0.02133	0.22205	0.31418	0.23739	0.01397	0.00923	0.00435	0.00564
10	0.08994	0.01354	0.04635	0.05735	0.10157	0.01383	0.04789	0.01866	0.01485	0.02292	0.01929	0.02737	0.01718	0.04138	0.41975	0.00924	0.01757	0.00811	0.00438	0.00883
11	0.02777	0.02294	0.12055	0.02746	0.19916	0.01978	0.01977	0.22773	0.02655	0.19323	0.02121	0.02183	0.01493	0.00904	0.00824	0.00253	0.00929	0.00748	0.00694	0.01359
12	0.02134	0.01767	0.01932	0.01677	0.02045	0.07294	0.01338	0.23102	0.07325	0.03207	0.02096	0.02583	0.01745	0.03297	0.29928	0.00728	0.05344	0.00806	0.00604	0.01047
13	0.02027	0.01548	0.01804	0.01386	0.02026	0.01381	0.01110	0.08636	0.09909	0.08072	0.01978	0.02143	0.01552	0.01222	0.06281	0.00268	0.00793	0.00636	0.00610	0.46617

[dist]
# distance from previous block
# <min> <max>
0	1

[block]
# block no. 6 follows, 22 sequences, length 12
# corresponding to MSA columns:
# 878-889
name=unknown_G
#
# <colnr> <probs for GDERKNQSTAVLIFYWHMCP>
#	G	D	E	R	K	N	Q	S	T	A	V	L	I	F	Y	W	H	M	C	P
0	0.01221	0.00853	0.01148	0.01148	0.01249	0.00940	0.00823	0.01423	0.01322	0.01906	0.02394	0.03991	0.02402	0.27812	0.41081	0.01071	0.01608	0.00990	0.05957	0.00663
1	0.04698	0.04007	0.01437	0.01208	0.01482	0.01206	0.00967	0.02161	0.01675	0.12804	0.02594	0.03028	0.04010	0.02650	0.21356	0.00572	0.06206	0.00822	0.26224	0.00892
2	0.01085	0.00904	0.00955	0.00932	0.01210	0.00804	0.00702	0.01465	0.05986	0.02512	0.17905	0.07370	0.51307	0.01971	0.00973	0.00277	0.00431	0.01657	0.00801	0.00755
3	0.00986	0.00825	0.00859	0.00887	0.01134	0.00698	0.00651	0.01187	0.01850	0.02227	0.07866	0.16915	0.56720	0.02175	0.00993	0.00289	0.00430	0.01840	0.00771	0.00698
4	0.01887	0.01805	0.02707	0.25475	0.31042	0.04876	0.02164	0.02603	0.09332	0.02617	0.05843	0.02476	0.01802	0.00884	0.00835	0.00260	0.00973	0.00803	0.00483	0.01135
5	0.02766	0.29705	0.03118	0.01865	0.02402	0.42933	0.01535	0.03000	0.02100	0.02003	0.01235	0.01435	0.01069	0.00801	0.00666	0.00200	0.01265	0.00500	0.00400	0.01002
6	0.02343	0.37500	0.09857	0.01602	0.02346	0.05784	0.01551	0.11653	0.02097	0.05485	0.01463	0.01607	0.01185	0.00769	0.00640	0.00195	0.00909	0.00536	0.00480	0.11997
7	0.02228	0.01895	0.02252	0.02461	0.16311	0.07087	0.01641	0.22760	0.02566	0.03371	0.02790	0.10089	0.05466	0.01380	0.00977	0.00283	0.03397	0.11262	0.00667	0.01118
8	0.01202	0.00775	0.00965	0.00981	0.01110	0.00709	0.00685	0.01137	0.01486	0.01855	0.04811	0.10401	0.30305	0.02514	0.02059	0.36006	0.00568	0.01314	0.00577	0.00538
9	0.02085	0.02061	0.03242	0.09695	0.57166	0.06078	0.02472	0.02566	0.01903	0.02627	0.01539	0.02033	0.01285	0.00754	0.00818	0.00247	0.01028	0.00727	0.00409	0.01264
10	0.02771	0.06036	0.05725	0.02766	0.16632	0.42735	0.01876	0.07248	0.02305	0.02434	0.01401	0.01663	0.01148	0.00831	0.00765	0.00225	0.01307	0.00596	0.00446	0.01090
11	0.01013	0.00843	0.00884	0.00874	0.01141	0.00714	0.00655	0.01252	0.01966	0.02417	0.17449	0.07710	0.56144	0.02039	0.00982	0.00277	0.00416	0.01713	0.00794	0.00714

[dist]
# distance from previous block
# <min> <max>
0	3

[block]
# block no. 7 follows, 22 sequences, length 26
# corresponding to MSA columns:
# 893-918
name=unknown_H
#
# <colnr> <probs for GDERKNQSTAVLIFYWHMCP>
#	G	D	E	R	K	N	Q	S	T	A	V	L	I	F	Y	W	H	M	C	P
0	0.01994	0.01984	0.03162	0.20840	0.43724	0.05988	0.05336	0.02495	0.01866	0.02521	0.01530	0.02070	0.01246	0.00768	0.00828	0.00254	0.01069	0.00739	0.00402	0.01186
1	0.03120	0.03448	0.02398	0.02069	0.02571	0.47146	0.01597	0.21962	0.02840	0.03036	0.01507	0.01654	0.01177	0.00900	0.00775	0.00225	0.01315	0.00602	0.00554	0.01104
2	0.01033	0.00844	0.00913	0.00896	0.01154	0.00723	0.00672	0.01292	0.02016	0.02534	0.23536	0.07518	0.49984	0.01996	0.00981	0.00275	0.00413	0.01686	0.00810	0.00723
3	0.02014	0.35576	0.03423	0.01812	0.02157	0.02905	0.01625	0.02236	0.01474	0.01978	0.01122	0.01582	0.01079	0.01093	0.01661	0.00273	0.36055	0.00590	0.00360	0.00985
4	0.01005	0.00798	0.00903	0.00971	0.01160	0.00697	0.00692	0.01202	0.01810	0.02266	0.10499	0.30905	0.39637	0.02263	0.01011	0.00300	0.00442	0.01963	0.00780	0.00697
5	0.03002	0.11832	0.02598	0.02043	0.02517	0.56393	0.01582	0.06421	0.02359	0.02196	0.01307	0.01505	0.01088	0.00846	0.00728	0.00212	0.01395	0.00536	0.00441	0.00999
6	0.02646	0.16683	0.05963	0.01761	0.02293	0.30306	0.01482	0.06147	0.02274	0.09807	0.10767	0.02338	0.02178	0.00972	0.00755	0.00223	0.01079	0.00707	0.00570	0.01048
7	0.01974	0.01580	0.01812	0.01846	0.06956	0.04813	0.01331	0.20313	0.06691	0.03258	0.03283	0.25875	0.03387	0.01730	0.00957	0.00301	0.00763	0.11359	0.00748	0.01022
8	0.03103	0.03959	0.02354	0.02140	0.02568	0.67469	0.01605	0.03317	0.02354	0.02033	0.01284	0.01498	0.01070	0.00856	0.00749	0.00214	0.01498	0.00535	0.00428	0.00963
