[name]
unknown

[dist]
# distance from previous block
# <min> <max>
3	21

[block]
# block no. 0 follows, 22 sequences, length 17
# corresponding to MSA columns:
# 22-38
name=unknown_A
#
# <colnr> <probs for GDERKNQSTAVLIFYWHMCP>
#	G	D	E	R	K	N	Q	S	T	A	V	L	I	F	Y	W	H	M	C	P
0	0.08681	0.02112	0.14454	0.02241	0.05518	0.01786	0.15914	0.02147	0.01656	0.02478	0.02559	0.03057	0.10761	0.05010	0.05315	0.00378	0.13570	0.00926	0.00463	0.00974
1	0.01442	0.01068	0.01166	0.01084	0.01418	0.01014	0.00831	0.02091	0.13735	0.07930	0.15293	0.06384	0.39865	0.01772	0.00944	0.00276	0.00485	0.01487	0.00827	0.00888
2	0.01764	0.02254	0.14821	0.24844	0.16999	0.01908	0.17651	0.02402	0.01798	0.02471	0.01663	0.04617	0.01340	0.00837	0.00868	0.00271	0.01156	0.00837	0.00402	0.01099
3	0.07931	0.00999	0.00983	0.00915	0.01182	0.01045	0.00707	0.08077	0.01932	0.03363	0.02510	0.02842	0.01956	0.00955	0.00600	0.00204	0.00461	0.00745	0.61745	0.00849
4	0.01187	0.00890	0.01335	0.01335	0.01483	0.01038	0.01038	0.01483	0.01335	0.01928	0.02225	0.03264	0.02077	0.06231	0.67512	0.01335	0.02225	0.00890	0.00445	0.00742
5	0.02056	0.01974	0.03372	0.05099	0.65622	0.01974	0.02550	0.02550	0.01892	0.02714	0.01563	0.02056	0.01316	0.00740	0.00822	0.00247	0.00987	0.00740	0.00411	0.01316
6	0.01633	0.01477	0.02410	0.32275	0.24050	0.01638	0.01977	0.02045	0.01648	0.02219	0.01865	0.06005	0.01740	0.13905	0.01471	0.00368	0.00982	0.00904	0.00427	0.00961
7	0.01961	0.01533	0.02084	0.01702	0.02050	0.01643	0.10008	0.19544	0.02228	0.03116	0.02418	0.11303	0.02310	0.16380	0.01754	0.00388	0.06872	0.01082	0.10672	0.00951
8	0.02074	0.01267	0.01525	0.01235	0.01690	0.01133	0.00958	0.08284	0.02166	0.17531	0.15487	0.04044	0.09690	0.10426	0.01277	0.00301	0.00627	0.01025	0.00764	0.18497
9	0.01514	0.01346	0.01647	0.01356	0.01758	0.01313	0.01079	0.01784	0.01646	0.02386	0.03255	0.08877	0.16429	0.01322	0.01231	0.00234	0.16607	0.00995	0.00550	0.34671
10	0.01667	0.01939	0.08831	0.02456	0.05587	0.01897	0.19900	0.02088	0.01655	0.02329	0.02518	0.11640	0.08130	0.01352	0.01544	0.00312	0.23598	0.01112	0.00476	0.00968
11	0.01979	0.01684	0.02168	0.11914	0.08841	0.05247	0.04258	0.14128	0.02070	0.02845	0.02028	0.06657	0.01847	0.11142	0.01561	0.00347	0.10090	0.00907	0.09311	0.00976
12	0.01236	0.00825	0.01047	0.07273	0.01496	0.00838	0.00804	0.01440	0.01540	0.02224	0.03383	0.32667	0.03708	0.18569	0.01695	0.00412	0.00596	0.01563	0.18007	0.00679
13	0.02740	0.02608	0.02163	0.01819	0.02335	0.23547	0.01433	0.29453	0.08669	0.03611	0.02774	0.02760	0.10202	0.01115	0.00826	0.00245	0.01014	0.00834	0.00692	0.01158
14	0.09735	0.08694	0.02464	0.01859	0.02400	0.21128	0.01507	0.28300	0.06460	0.03619	0.01675	0.01791	0.01286	0.00942	0.00852	0.00242	0.04608	0.00643	0.00621	0.01174
15	0.15285	0.01570	0.01813	0.10659	0.06128	0.01721	0.01341	0.13870	0.11630	0.06295	0.03211	0.09331	0.11295	0.01253	0.00820	0.00272	0.00734	0.01025	0.00685	0.01062
16	0.01927	0.01968	0.01937	0.02237	0.16667	0.16680	0.01394	0.07714	0.02186	0.02582	0.04563	0.04542	0.29504	0.01393	0.00877	0.00254	0.00849	0.01140	0.00613	0.00972

[dist]
# distance from previous block
# <min> <max>
1	9

[block]
# block no. 1 follows, 22 sequences, length 43
# corresponding to MSA columns:
# 48-90
name=unknown_B
#
# <colnr> <probs for GDERKNQSTAVLIFYWHMCP>
#	G	D	E	R	K	N	Q	S	T	A	V	L	I	F	Y	W	H	M	C	P
0	0.01982	0.22482	0.23235	0.03202	0.28261	0.02335	0.02389	0.02557	0.01791	0.02471	0.01424	0.01756	0.01163	0.00747	0.00730	0.00232	0.01034	0.00617	0.00377	0.01217
1	0.02611	0.14483	0.08879	0.06576	0.02740	0.17349	0.01702	0.25481	0.02697	0.03310	0.01954	0.02088	0.04702	0.00945	0.00766	0.00234	0.01061	0.00689	0.00576	0.01160
2	0.02304	0.05110	0.07836	0.06278	0.17547	0.20383	0.18197	0.04826	0.02074	0.02535	0.01504	0.01895	0.01195	0.00773	0.00824	0.00242	0.01243	0.00718	0.00428	0.04087
3	0.01620	0.01354	0.01429	0.01301	0.01683	0.01430	0.01006	0.06958	0.28972	0.03080	0.10631	0.05304	0.28764	0.01569	0.00912	0.00277	0.00555	0.01309	0.00820	0.01024
4	0.25244	0.02547	0.28073	0.01754	0.05599	0.01654	0.01806	0.02413	0.01651	0.03084	0.01661	0.01941	0.01258	0.00821	0.00658	0.00245	0.00844	0.00605	0.17115	0.01028
5	0.01901	0.08448	0.19774	0.12064	0.18054	0.02082	0.02223	0.03010	0.18620	0.02749	0.01988	0.02217	0.01524	0.00868	0.00796	0.00259	0.00971	0.00734	0.00502	0.01215
6	0.01442	0.01291	0.02080	0.01816	0.02012	0.01551	0.08793	0.01759	0.01396	0.02036	0.01870	0.02771	0.01726	0.04338	0.42888	0.00959	0.19159	0.00860	0.00421	0.00831
7	0.01883	0.15772	0.35775	0.02970	0.19832	0.02195	0.05207	0.02585	0.01787	0.02531	0.01457	0.01779	0.01134	0.00758	0.00760	0.00244	0.01110	0.00632	0.00371	0.01217
8	0.01001	0.00832	0.00875	0.00886	0.01139	0.00706	0.00656	0.01221	0.01906	0.02326	0.12928	0.13209	0.55231	0.02112	0.00988	0.00284	0.00424	0.01784	0.00784	0.00706
9	0.02022	0.01939	0.03310	0.09585	0.61405	0.01965	0.02532	0.02519	0.01875	0.02672	0.01557	0.02067	0.01301	0.00747	0.00823	0.00249	0.00995	0.00740	0.00408	0.01288
10	0.03158	0.02327	0.02493	0.01911	0.02576	0.02576	0.01579	0.62852	0.03906	0.05236	0.01995	0.01995	0.01413	0.00997	0.00831	0.00249	0.00914	0.00748	0.00831	0.01413
11	0.02289	0.02416	0.03145	0.04440	0.51586	0.16553	0.02339	0.02720	0.01995	0.02562	0.01501	0.01932	0.01261	0.00766	0.00806	0.00239	0.01101	0.00695	0.00415	0.01237
12	0.03727	0.01414	0.01928	0.01478	0.02121	0.01221	0.01221	0.04049	0.02378	0.66198	0.03277	0.02828	0.02056	0.01028	0.00835	0.00257	0.00707	0.00835	0.01028	0.01414
13	0.01012	0.00723	0.00964	0.01157	0.01205	0.00675	0.00771	0.01157	0.01591	0.02121	0.04579	0.70262	0.05495	0.02603	0.01060	0.00337	0.00482	0.02362	0.00771	0.00675
14	0.02022	0.01939	0.03310	0.09585	0.61405	0.01965	0.02532	0.02519	0.01875	0.02672	0.01557	0.02067	0.01301	0.00747	0.00823	0.00249	0.00995	0.00740	0.00408	0.01288
15	0.02057	0.01965	0.03299	0.04932	0.62505	0.01978	0.02489	0.02641	0.04948	0.02751	0.01652	0.02107	0.01376	0.00759	0.00824	0.00248	0.00971	0.00750	0.00433	0.01316
16	0.01012	0.00723	0.00964	0.01157	0.01205	0.00675	0.00771	0.01157	0.01591	0.02121	0.04579	0.70262	0.05495	0.02603	0.01060	0.00337	0.00482	0.02362	0.00771	0.00675
17	0.01193	0.00864	0.01204	0.01204	0.01307	0.00967	0.00874	0.01399	0.01296	0.01831	0.02345	0.03929	0.02366	0.26014	0.48124	0.01173	0.01790	0.00988	0.00463	0.00669
18	0.01730	0.09960	0.57785	0.02348	0.03510	0.02056	0.06174	0.02620	0.01760	0.02574	0.01472	0.01744	0.01065	0.00778	0.00778	0.00257	0.01208	0.00619	0.00355	0.01208
19	0.01569	0.01477	0.02492	0.68808	0.05722	0.01846	0.02307	0.02123	0.01661	0.02123	0.01477	0.02215	0.01107	0.00831	0.00831	0.00277	0.01107	0.00738	0.00369	0.00923
20	0.02006	0.01922	0.03281	0.11703	0.59413	0.01961	0.02524	0.02505	0.01868	0.02653	0.01554	0.02073	0.01294	0.00750	0.00823	0.00250	0.00999	0.00740	0.00407	0.01275
21	0.01009	0.00737	0.00950	0.01120	0.01195	0.00678	0.00755	0.01161	0.01626	0.02135	0.05028	0.62970	0.12497	0.02544	0.01051	0.00331	0.00475	0.02290	0.00771	0.00678
22	0.00982	0.00842	0.00842	0.00842	0.01122	0.00701	0.00631	0.01192	0.01894	0.02244	0.08416	0.07995	0.65285	0.02104	0.00982	0.00281	0.00421	0.01753	0.00771	0.00701
23	0.02104	0.02294	0.02502	0.02172	0.02267	0.16997	0.01770	0.02293	0.01513	0.02007	0.01134	0.01746	0.01086	0.01321	0.02286	0.00330	0.54195	0.00684	0.00378	0.00921
24	0.01187	0.00890	0.01335	0.01335	0.01483	0.01038	0.01038	0.01483	0.01335	0.01928	0.02225	0.03264	0.02077	0.06231	0.67512	0.01335	0.02225	0.00890	0.00445	0.00742
25	0.01231	0.00926	0.01148	0.01079	0.01306	0.00882	0.00813	0.01767	0.07410	0.03238	0.54587	0.06122	0.12957	0.01690	0.00969	0.00265	0.00417	0.01480	0.00895	0.00820
26	0.03158	0.02327	0.02493	0.01911	0.02576	0.02576	0.01579	0.62852	0.03906	0.05236	0.01995	0.01995	0.01413	0.00997	0.00831	0.00249	0.00914	0.00748	0.00831	0.01413
27	0.02221	0.71304	0.04353	0.01421	0.02132	0.03287	0.01421	0.02488	0.01688	0.01955	0.01155	0.01333	0.01066	0.00711	0.00533	0.00178	0.00888	0.00444	0.00355	0.01066
28	0.01034	0.00832	0.00922	0.00924	0.01160	0.00720	0.00684	0.01284	0.01981	0.02509	0.22495	0.13563	0.44878	0.02049	0.00989	0.00281	0.00419	0.01748	0.00808	0.00720
29	0.01905	0.01961	0.06407	0.22030	0.46357	0.01937	0.02512	0.02439	0.01823	0.02551	0.01536	0.02083	0.01246	0.00767	0.00823	0.00256	0.01032	0.00733	0.00397	0.01206
30	0.26580	0.02816	0.01982	0.01730	0.02232	0.33360	0.01350	0.10975	0.02262	0.07475	0.01477	0.01609	0.01130	0.00860	0.00691	0.00235	0.01093	0.00557	0.00551	0.01034
31	0.01059	0.00838	0.00953	0.00937	0.01173	0.00732	0.00698	0.01336	0.02056	0.02661	0.30296	0.10558	0.39811	0.01972	0.00985	0.00276	0.00413	0.01688	0.00827	0.00732
32	0.02221	0.71304	0.04353	0.01421	0.02132	0.03287	0.01421	0.02488	0.01688	0.01955	0.01155	0.01333	0.01066	0.00711	0.00533	0.00178	0.00888	0.00444	0.00355	0.01066
33	0.02308	0.08597	0.05916	0.06029	0.25635	0.12053	0.04926	0.02845	0.05379	0.09391	0.02010	0.02676	0.01676	0.00946	0.00822	0.00254	0.01026	0.05818	0.00525	0.01170
34	0.01007	0.00850	0.00876	0.00890	0.01164	0.00719	0.00681	0.01229	0.01895	0.02261	0.08135	0.08091	0.61062	0.02117	0.00993	0.00288	0.00445	0.05820	0.00771	0.00706
35	0.01012	0.00723	0.00964	0.01157	0.01205	0.00675	0.00771	0.01157	0.01591	0.02121	0.04579	0.70262	0.05495	0.02603	0.01060	0.00337	0.00482	0.02362	0.00771	0.00675
36	0.01265	0.00944	0.01367	0.01342	0.01484	0.01119	0.01050	0.01562	0.01369	0.02043	0.02191	0.03147	0.02013	0.05405	0.56737	0.01161	0.06734	0.00868	0.07444	0.00756
37	0.02047	0.06012	0.16891	0.06227	0.12996	0.07960	0.07417	0.06674	0.01854	0.02541	0.01407	0.01860	0.01153	0.00978	0.01340	0.00281	0.20144	0.00698	0.00411	0.01110
38	0.03103	0.03959	0.02354	0.02140	0.02568	0.67469	0.01605	0.03317	0.02354	0.02033	0.01284	0.01498	0.01070	0.00856	0.00749	0.00214	0.01498	0.00535	0.00428	0.00963
39	0.01666	0.04297	0.66500	0.02368	0.03596	0.01929	0.03069	0.02631	0.01754	0.02631	0.01491	0.01754	0.01052	0.00789	0.00789	0.00263	0.01228	0.00614	0.00351	0.01228
40	0.02534	0.02886	0.02583	0.02307	0.05436	0.33192	0.09246	0.03474	0.21156	0.02582	0.01980	0.02122	0.01555	0.00943	0.00906	0.00252	0.04458	0.00733	0.00551	0.01104
41	0.01666	0.04297	0.66500	0.02368	0.03596	0.01929	0.03069	0.02631	0.01754	0.02631	0.01491	0.01754	0.01052	0.00789	0.00789	0.00263	0.01228	0.00614	0.00351	0.01228
42	0.02243	0.02417	0.05668	0.03161	0.29180	0.16362	0.01915	0.05732	0.02049	0.02687	0.01498	0.01830	0.01232	0.00750	0.00752	0.00209	0.01014	0.00626	0.00454	0.20220

[dist]
# distance from previous block
# <min> <max>
0	2

[block]
# block no. 2 follows, 22 sequences, length 87
# corresponding to MSA columns:
# 93-179
name=unknown_C
#
# <colnr> <probs for GDERKNQSTAVLIFYWHMCP>
#	G	D	E	R	K	N	Q	S	T	A	V	L	I	F	Y	W	H	M	C	P
0	0.05373	0.07054	0.39136	0.03160	0.23946	0.02015	0.02705	0.02587	0.01780	0.02673	0.01480	0.01812	0.01133	0.00768	0.00773	0.00253	0.01102	0.00639	0.00379	0.01233
1	0.02585	0.03004	0.02716	0.03298	0.28032	0.37674	0.01959	0.02916	0.02117	0.02304	0.01443	0.01811	0.01219	0.01075	0.04085	0.00283	0.01327	0.00636	0.00422	0.01095
2	0.01724	0.01635	0.02772	0.48548	0.24770	0.01886	0.02384	0.02258	0.01734	0.02311	0.01504	0.02164	0.01174	0.00802	0.00828	0.00267	0.01069	0.00739	0.00383	0.01048
3	0.02057	0.01964	0.03296	0.04927	0.62411	0.01979	0.02487	0.02644	0.05040	0.02753	0.01655	0.02109	0.01378	0.00760	0.00824	0.00249	0.00970	0.00750	0.00433	0.01316
4	0.03299	0.02101	0.02353	0.01804	0.02463	0.02240	0.01490	0.48277	0.03527	0.20346	0.02313	0.02201	0.01572	0.01005	0.00832	0.00251	0.00863	0.00770	0.00880	0.01413
5	0.01402	0.00899	0.01183	0.01083	0.01319	0.00823	0.00823	0.01787	0.02354	0.08896	0.59704	0.05907	0.07327	0.01639	0.00967	0.00261	0.00420	0.01443	0.00925	0.00840
6	0.01187	0.00890	0.01335	0.01335	0.01483	0.01038	0.01038	0.01483	0.01335	0.01928	0.02225	0.03264	0.02077	0.06231	0.67512	0.01335	0.02225	0.00890	0.00445	0.00742
7	0.01816	0.00962	0.01272	0.01192	0.01466	0.00863	0.00892	0.02094	0.02075	0.20257	0.24401	0.27152	0.08520	0.01842	0.00967	0.00287	0.00511	0.01624	0.00890	0.00917
8	0.76672	0.01607	0.01221	0.01092	0.01607	0.01864	0.00900	0.02442	0.01414	0.03727	0.01157	0.01350	0.00900	0.00771	0.00514	0.00257	0.00643	0.00450	0.00514	0.00900
9	0.00982	0.00842	0.00842	0.00842	0.01122	0.00701	0.00631	0.01192	0.01894	0.02244	0.08416	0.07995	0.65285	0.02104	0.00982	0.00281	0.00421	0.01753	0.00771	0.00701
10	0.02221	0.71304	0.04353	0.01421	0.02132	0.03287	0.01421	0.02488	0.01688	0.01955	0.01155	0.01333	0.01066	0.00711	0.00533	0.00178	0.00888	0.00444	0.00355	0.01066
11	0.01044	0.00747	0.00992	0.01135	0.01212	0.00696	0.00774	0.01237	0.01738	0.02356	0.16358	0.57813	0.05950	0.02427	0.01045	0.00323	0.00464	0.02195	0.00799	0.00696
12	0.02908	0.03550	0.02265	0.02056	0.02491	0.55161	0.01551	0.03524	0.13978	0.02305	0.01679	0.01799	0.01346	0.00907	0.00767	0.00227	0.01340	0.00611	0.00507	0.01029
13	0.01549	0.00774	0.00774	0.00774	0.00968	0.00774	0.00581	0.01936	0.01742	0.03097	0.02710	0.03097	0.02129	0.00968	0.00581	0.00194	0.00387	0.00774	0.75416	0.00774
14	0.02031	0.01948	0.03327	0.08389	0.62529	0.01967	0.02537	0.02528	0.01880	0.02683	0.01558	0.02064	0.01305	0.00745	0.00823	0.00248	0.00993	0.00740	0.00409	0.01296
15	0.01187	0.00890	0.01335	0.01335	0.01483	0.01038	0.01038	0.01483	0.01335	0.01928	0.02225	0.03264	0.02077	0.06231	0.67512	0.01335	0.02225	0.00890	0.00445	0.00742
16	0.01012	0.00723	0.00964	0.01157	0.01205	0.00675	0.00771	0.01157	0.01591	0.02121	0.04579	0.70262	0.05495	0.02603	0.01060	0.00337	0.00482	0.02362	0.00771	0.00675
17	0.01818	0.01818	0.02545	0.02181	0.02181	0.02545	0.01818	0.01999	0.01272	0.01999	0.01091	0.01818	0.01091	0.01454	0.02726	0.00364	0.69284	0.00727	0.00364	0.00909
18	0.00999	0.00773	0.00912	0.01023	0.01170	0.00686	0.00712	0.01172	0.01719	0.02173	0.06203	0.43909	0.30800	0.02392	0.01027	0.00313	0.00456	0.02104	0.00771	0.00686
19	0.76672	0.01607	0.01221	0.01092	0.01607	0.01864	0.00900	0.02442	0.01414	0.03727	0.01157	0.01350	0.00900	0.00771	0.00514	0.00257	0.00643	0.00450	0.00514	0.00900
20	0.03116	0.03585	0.02386	0.02088	0.02570	0.52577	0.01599	0.16980	0.02710	0.02768	0.01447	0.01612	0.01149	0.00888	0.00768	0.00222	0.01364	0.00584	0.00521	0.01066
21	0.01012	0.00723	0.00964	0.01157	0.01205	0.00675	0.00771	0.01157	0.01591	0.02121	0.04579	0.70262	0.05495	0.02603	0.01060	0.00337	0.00482	0.02362	0.00771	0.00675
22	0.01145	0.00890	0.01047	0.01011	0.01245	0.00817	0.00756	0.01564	0.05458	0.02885	0.38278	0.09811	0.28328	0.01859	0.00977	0.00273	0.00421	0.01605	0.00852	0.00777
23	0.01816	0.01777	0.02974	0.02124	0.02903	0.01499	0.25243	0.02316	0.01816	0.02689	0.01557	0.01927	0.01242	0.00649	0.00759	0.00185	0.00924	0.00684	0.00464	0.46450
24	0.01012	0.00723	0.00964	0.01157	0.01205	0.00675	0.00771	0.01157	0.01591	0.02121	0.04579	0.70262	0.05495	0.02603	0.01060	0.00337	0.00482	0.02362	0.00771	0.00675
25	0.01185	0.01010	0.01204	0.01390	0.07515	0.00922	0.00948	0.01542	0.04669	0.02379	0.06959	0.07394	0.47735	0.01955	0.00984	0.00292	0.00535	0.09847	0.00739	0.00797
26	0.01896	0.01615	0.01726	0.01564	0.01988	0.01830	0.01211	0.03881	0.52911	0.03396	0.11809	0.03749	0.06295	0.01250	0.00870	0.00279	0.00611	0.01053	0.00851	0.01215
27	0.01012	0.00723	0.00964	0.01157	0.01205	0.00675	0.00771	0.01157	0.01591	0.02121	0.04579	0.70262	0.05495	0.02603	0.01060	0.00337	0.00482	0.02362	0.00771	0.00675
28	0.05963	0.45243	0.18244	0.01698	0.02488	0.09717	0.01793	0.02606	0.01760	0.02208	0.01246	0.01448	0.01055	0.00747	0.00614	0.00205	0.01019	0.00493	0.00370	0.01084
29	0.01036	0.00888	0.00893	0.00884	0.01174	0.00769	0.00665	0.01352	0.04975	0.02305	0.08166	0.07753	0.62178	0.02056	0.00975	0.00281	0.00433	0.01713	0.00775	0.00732
30	0.01012	0.00723	0.00964	0.01157	0.01205	0.00675	0.00771	0.01157	0.01591	0.02121	0.04579	0.70262	0.05495	0.02603	0.01060	0.00337	0.00482	0.02362	0.00771	0.00675
31	0.01569	0.01477	0.02492	0.68808	0.05722	0.01846	0.02307	0.02123	0.01661	0.02123	0.01477	0.02215	0.01107	0.00831	0.00831	0.00277	0.01107	0.00738	0.00369	0.00923
32	0.03056	0.03698	0.02419	0.02267	0.05759	0.57772	0.01650	0.09135	0.02483	0.02383	0.01368	0.01575	0.01116	0.00864	0.00761	0.00219	0.01415	0.00566	0.00467	0.01025
33	0.01560	0.01452	0.01917	0.01747	0.01844	0.05067	0.01409	0.01803	0.01359	0.01965	0.01680	0.02540	0.01594	0.03865	0.35735	0.00852	0.31576	0.00801	0.00408	0.00826
34	0.02609	0.03061	0.02771	0.03168	0.23723	0.39019	0.04923	0.02949	0.02158	0.02315	0.01551	0.02111	0.01346	0.00881	0.00805	0.00237	0.01286	0.03572	0.00439	0.01079
35	0.02066	0.01785	0.01878	0.01691	0.02160	0.02066	0.01315	0.04414	0.64121	0.03475	0.03381	0.03099	0.02536	0.01127	0.00845	0.00282	0.00657	0.00939	0.00845	0.01315
36	0.02266	0.67889	0.04252	0.01458	0.02154	0.06542	0.01431	0.02530	0.01722	0.01959	0.01161	0.01341	0.01066	0.00718	0.00544	0.00180	0.00919	0.00449	0.00359	0.01061
37	0.01131	0.00847	0.01049	0.00999	0.01214	0.00765	0.00749	0.01482	0.02247	0.03082	0.52179	0.06615	0.20998	0.01791	0.00980	0.00266	0.00399	0.01560	0.00882	0.00765
38	0.01039	0.00844	0.00921	0.00902	0.01157	0.00726	0.00676	0.01304	0.02029	0.02567	0.25253	0.07464	0.48247	0.01984	0.00981	0.00275	0.00412	0.01679	0.00814	0.00726
39	0.01061	0.00834	0.00958	0.00950	0.01176	0.00731	0.00704	0.01337	0.02047	0.02662	0.30452	0.12801	0.37350	0.01988	0.00988	0.00278	0.00415	0.01708	0.00828	0.00731
40	0.01012	0.00723	0.00964	0.01157	0.01205	0.00675	0.00771	0.01157	0.01591	0.02121	0.04579	0.70262	0.05495	0.02603	0.01060	0.00337	0.00482	0.02362	0.00771	0.00675
41	0.01012	0.00723	0.00964	0.01157	0.01205	0.00675	0.00771	0.01157	0.01591	0.02121	0.04579	0.70262	0.05495	0.02603	0.01060	0.00337	0.00482	0.02362	0.00771	0.00675
42	0.76672	0.01607	0.01221	0.01092	0.01607	0.01864	0.00900	0.02442	0.01414	0.03727	0.01157	0.01350	0.00900	0.00771	0.00514	0.00257	0.00643	0.00450	0.00514	0.00900
43	0.28808	0.02617	0.01994	0.07632	0.02511	0.26856	0.01415	0.13703	0.02244	0.03217	0.01385	0.01599	0.01076	0.00850	0.00689	0.00241	0.01057	0.00562	0.00526	0.01019
44	0.03158	0.02327	0.02493	0.01911	0.02576	0.02576	0.01579	0.62852	0.03906	0.05236	0.01995	0.01995	0.01413	0.00997	0.00831	0.00249	0.00914	0.00748	0.00831	0.01413
45	0.02066	0.01785	0.01878	0.01691	0.02160	0.02066	0.01315	0.04414	0.64121	0.03475	0.03381	0.03099	0.02536	0.01127	0.00845	0.00282	0.00657	0.00939	0.00845	0.01315
46	0.02066	0.01785	0.01878	0.01691	0.02160	0.02066	0.01315	0.04414	0.64121	0.03475	0.03381	0.03099	0.02536	0.01127	0.00845	0.00282	0.00657	0.00939	0.00845	0.01315
47	0.01986	0.02007	0.03767	0.04381	0.41996	0.01961	0.22280	0.02542	0.01916	0.02684	0.01754	0.02509	0.01484	0.00810	0.00892	0.00265	0.01111	0.04000	0.00433	0.01222
48	0.00982	0.00842	0.00842	0.00842	0.01122	0.00701	0.00631	0.01192	0.01894	0.02244	0.08416	0.07995	0.65285	0.02104	0.00982	0.00281	0.00421	0.01753	0.00771	0.00701
49	0.76672	0.01607	0.01221	0.01092	0.01607	0.01864	0.00900	0.02442	0.01414	0.03727	0.01157	0.01350	0.00900	0.00771	0.00514	0.00257	0.00643	0.00450	0.00514	0.00900
50	0.02221	0.71304	0.04353	0.01421	0.02132	0.03287	0.01421	0.02488	0.01688	0.01955	0.01155	0.01333	0.01066	0.00711	0.00533	0.00178	0.00888	0.00444	0.00355	0.01066
51	0.01723	0.01477	0.01723	0.01230	0.01969	0.01107	0.00984	0.02092	0.01723	0.02707	0.01477	0.01723	0.01230	0.00615	0.00615	0.00123	0.00615	0.00492	0.00492	0.75883
52	0.03158	0.02327	0.02493	0.01911	0.02576	0.02576	0.01579	0.62852	0.03906	0.05236	0.01995	0.01995	0.01413	0.00997	0.00831	0.00249	0.00914	0.00748	0.00831	0.01413
53	0.01208	0.00805	0.00906	0.00906	0.00906	0.00805	0.00503	0.01208	0.01208	0.01611	0.02618	0.05436	0.03020	0.70804	0.04228	0.00805	0.00805	0.01208	0.00503	0.00503
54	0.01961	0.02241	0.04902	0.03501	0.04342	0.02101	0.62605	0.02661	0.01961	0.02661	0.01681	0.02241	0.01261	0.00700	0.00980	0.00280	0.01401	0.00980	0.00420	0.01120
55	0.02165	0.02380	0.03242	0.03020	0.14871	0.17047	0.23081	0.02878	0.10233	0.02581	0.02073	0.08752	0.01807	0.00985	0.00887	0.00264	0.01158	0.00961	0.00511	0.01103
56	0.02421	0.01886	0.01748	0.01530	0.01943	0.16448	0.01185	0.03141	0.14534	0.18526	0.23109	0.03682	0.03818	0.01228	0.00865	0.00253	0.00776	0.01005	0.00817	0.01085
57	0.01713	0.07793	0.60486	0.02433	0.06151	0.02004	0.02959	0.02620	0.01756	0.02598	0.01476	0.01744	0.01064	0.00783	0.00777	0.00258	0.01199	0.00610	0.00354	0.01223
58	0.01569	0.01477	0.02492	0.68808	0.05722	0.01846	0.02307	0.02123	0.01661	0.02123	0.01477	0.02215	0.01107	0.00831	0.00831	0.00277	0.01107	0.00738	0.00369	0.00923
59	0.01920	0.01903	0.03446	0.20276	0.39537	0.01967	0.13793	0.02467	0.01849	0.02560	0.01564	0.02129	0.01255	0.00755	0.00854	0.00260	0.01094	0.00785	0.00403	0.01184
60	0.01834	0.02059	0.09393	0.27118	0.30335	0.01941	0.10466	0.02421	0.01806	0.02490	0.01541	0.02107	0.01209	0.00772	0.00843	0.00263	0.01108	0.00759	0.00392	0.01143
61	0.01964	0.01693	0.01832	0.01554	0.02103	0.01782	0.01217	0.03726	0.45615	0.03247	0.02816	0.02691	0.02149	0.00975	0.00777	0.00235	0.00645	0.00807	0.00741	0.23431
62	0.01071	0.00777	0.00972	0.01083	0.01178	0.00724	0.00742	0.01239	0.01663	0.02192	0.10457	0.42110	0.13775	0.12982	0.01537	0.00397	0.00530	0.05161	0.00743	0.00667
63	0.02164	0.20320	0.23368	0.02043	0.02709	0.17432	0.02070	0.02624	0.01777	0.02198	0.01279	0.01604	0.01068	0.00920	0.01111	0.00251	0.15050	0.00577	0.00372	0.01062
64	0.01932	0.09739	0.39869	0.02912	0.17645	0.02036	0.05514	0.02676	0.01823	0.05995	0.01581	0.01865	0.01178	0.00779	0.00785	0.00252	0.01121	0.00656	0.00405	0.01238
65	0.01798	0.20219	0.51733	0.02143	0.03248	0.02252	0.02678	0.02597	0.01738	0.02470	0.01411	0.01654	0.01056	0.00771	0.00728	0.00243	0.01147	0.00574	0.00352	0.01189
66	0.00982	0.00842	0.00842	0.00842	0.01122	0.00701	0.00631	0.01192	0.01894	0.02244	0.08416	0.07995	0.65285	0.02104	0.00982	0.00281	0.00421	0.01753	0.00771	0.00701
67	0.01515	0.00999	0.01227	0.04753	0.01570	0.01072	0.00931	0.07967	0.01834	0.02769	0.02938	0.13212	0.04933	0.02681	0.18887	0.00539	0.00995	0.01076	0.29279	0.00822
68	0.01749	0.03682	0.48879	0.02720	0.07056	0.01990	0.14061	0.02605	0.01779	0.02614	0.01513	0.01864	0.01107	0.00798	0.00909	0.00270	0.04144	0.00694	0.00368	0.01199
69	0.03103	0.03959	0.02354	0.02140	0.02568	0.67469	0.01605	0.03317	0.02354	0.02033	0.01284	0.01498	0.01070	0.00856	0.00749	0.00214	0.01498	0.00535	0.00428	0.00963
70	0.01666	0.04297	0.66500	0.02368	0.03596	0.01929	0.03069	0.02631	0.01754	0.02631	0.01491	0.01754	0.01052	0.00789	0.00789	0.00263	0.01228	0.00614	0.00351	0.01228
71	0.01877	0.03010	0.30935	0.03752	0.32509	0.01967	0.08834	0.02596	0.01839	0.02673	0.01543	0.01944	0.01196	0.00757	0.00824	0.00257	0.01133	0.00710	0.00386	0.01258
72	0.03130	0.03172	0.02421	0.02030	0.02572	0.36153	0.01593	0.32047	0.03103	0.03579	0.01627	0.01738	0.01235	0.00924	0.00789	0.00231	0.01216	0.00638	0.00623	0.01180
73	0.00982	0.00842	0.00842	0.00842	0.01122	0.00701	0.00631	0.01192	0.01894	0.02244	0.08416	0.07995	0.65285	0.02104	0.00982	0.00281	0.00421	0.01753	0.00771	0.00701
74	0.01755	0.01667	0.02828	0.44461	0.28613	0.01895	0.02400	0.02286	0.01749	0.02349	0.01509	0.02154	0.01187	0.00796	0.00827	0.00265	0.01061	0.00739	0.00385	0.01073
75	0.13460	0.02413	0.14254	0.17608	0.09186	0.05315	0.02002	0.17485	0.04905	0.03337	0.01638	0.01931	0.01220	0.00861	0.00771	0.00259	0.01001	0.00673	0.00529	0.01152
76	0.02662	0.02524	0.02162	0.01846	0.02359	0.20473	0.01448	0.23309	0.23660	0.03591	0.02595	0.02538	0.04994	0.01059	0.00821	0.00252	0.00966	0.00805	0.00720	0.01217
77	0.00982	0.00842	0.00842	0.00842	0.01122	0.00701	0.00631	0.01192	0.01894	0.02244	0.08416	0.07995	0.65285	0.02104	0.00982	0.00281	0.00421	0.01753	0.00771	0.00701
78	0.01020	0.00842	0.00899	0.00913	0.01168	0.00721	0.00689	0.01252	0.01920	0.02350	0.13209	0.11297	0.53629	0.02104	0.00994	0.00287	0.00439	0.04773	0.00784	0.00711
79	0.02110	0.18480	0.14948	0.21780	0.03577	0.11652	0.02056	0.07841	0.01961	0.02436	0.01403	0.01782	0.01108	0.00848	0.00846	0.00245	0.04835	0.00619	0.00411	0.01061
80	0.01075	0.00762	0.01001	0.01130	0.01182	0.00749	0.00753	0.01210	0.01480	0.01993	0.03873	0.48359	0.04545	0.16794	0.10495	0.00564	0.00778	0.01935	0.00674	0.00649
81	0.01081	0.00782	0.00914	0.00988	0.01071	0.00731	0.00636	0.01185	0.01513	0.01953	0.04703	0.30988	0.18262	0.28774	0.02263	0.00505	0.00593	0.01777	0.00668	0.00615
82	0.01012	0.00723	0.00964	0.01157	0.01205	0.00675	0.00771	0.01157	0.01591	0.02121	0.04579	0.70262	0.05495	0.02603	0.01060	0.00337	0.00482	0.02362	0.00771	0.00675
83	0.02099	0.02385	0.03474	0.22486	0.04226	0.17051	0.27408	0.02616	0.01925	0.02321	0.01497	0.02040	0.01162	0.00816	0.00978	0.00269	0.05037	0.00793	0.00404	0.01014
84	0.20729	0.02721	0.05454	0.14752	0.09612	0.28773	0.01737	0.02762	0.01913	0.02569	0.01329	0.01668	0.01060	0.00815	0.00716	0.00242	0.01147	0.00578	0.00432	0.00990
85	0.05812	0.19391	0.45573	0.05366	0.03258	0.02233	0.02537	0.02563	0.01716	0.02509	0.01395	0.01658	0.01050	0.00772	0.00718	0.00244	0.01113	0.00572	0.00362	0.01158
86	0.01982	0.05037	0.08140	0.01500	0.01933	0.13433	0.01281	0.02408	0.05334	0.11465	0.07274	0.16082	0.14728	0.01551	0.00894	0.00273	0.00802	0.04232	0.00695	0.00956

[dist]
# distance from previous block
# <min> <max>
5	36

[block]
# block no. 3 follows, 22 sequences, length 8
# corresponding to MSA columns:
# 218-225
name=unknown_D
#
# <colnr> <probs for GDERKNQSTAVLIFYWHMCP>
#	G	D	E	R	K	N	Q	S	T	A	V	L	I	F	Y	W	H	M	C	P
0	0.02047	0.01942	0.09028	0.01584	0.02017	0.06517	0.01342	0.23073	0.02456	0.03291	0.02788	0.23490	0.02792	0.06887	0.01137	0.00315	0.00812	0.01256	0.06215	0.01011
1	0.14863	0.01988	0.06981	0.07810	0.02573	0.01867	0.01452	0.20002	0.06989	0.03611	0.01717	0.01890	0.01300	0.00825	0.00712	0.00220	0.00803	0.00625	0.00598	0.23174
2	0.05123	0.15413	0.13619	0.02377	0.14032	0.03944	0.06336	0.05548	0.01911	0.02640	0.06100	0.14828	0.02395	0.01168	0.00812	0.00256	0.00904	0.01013	0.00518	0.01061
3	0.09026	0.25675	0.16151	0.02721	0.21116	0.07485	0.02052	0.02595	0.01788	0.02485	0.01353	0.01645	0.01122	0.00752	0.00685	0.00225	0.01011	0.00573	0.00391	0.01149
4	0.01783	0.10117	0.50208	0.02736	0.13811	0.02063	0.02830	0.02604	0.01771	0.02582	0.01472	0.01765	0.01098	0.00774	0.00771	0.00252	0.01156	0.00619	0.00361	0.01227
5	0.01169	0.00804	0.00903	0.00917	0.00952	0.00784	0.00537	0.01203	0.01313	0.01719	0.03413	0.10336	0.10243	0.58178	0.03636	0.00713	0.00739	0.01352	0.00553	0.00538
6	0.01761	0.01343	0.01424	0.01230	0.01625	0.01361	0.00970	0.20297	0.05940	0.03384	0.11250	0.05410	0.32808	0.01601	0.00903	0.00264	0.00580	0.01315	0.05569	0.00965
7	0.01177	0.00922	0.01183	0.01172	0.01369	0.00978	0.00889	0.01547	0.05237	0.02095	0.04241	0.04881	0.21762	0.09421	0.38248	0.00906	0.01468	0.01184	0.00574	0.00746

[dist]
# distance from previous block
# <min> <max>
0	1

[block]
# block no. 4 follows, 22 sequences, length 48
# corresponding to MSA columns:
# 227-274
name=unknown_E
#
# <colnr> <probs for GDERKNQSTAVLIFYWHMCP>
#	G	D	E	R	K	N	Q	S	T	A	V	L	I	F	Y	W	H	M	C	P
0	0.01878	0.10162	0.32636	0.02514	0.11090	0.02196	0.02407	0.05266	0.01764	0.02566	0.01405	0.01773	0.01121	0.00915	0.01165	0.00266	0.15308	0.00637	0.00391	0.04540
1	0.02380	0.02048	0.08712	0.05288	0.02429	0.01943	0.01497	0.31036	0.08498	0.04018	0.02168	0.02309	0.01608	0.00950	0.00761	0.00236	0.00801	0.00742	0.17056	0.05521
2	0.02263	0.15698	0.05518	0.02063	0.10991	0.05119	0.01552	0.15992	0.04821	0.03123	0.01611	0.01800	0.01289	0.00776	0.00699	0.00196	0.00856	0.00600	0.00535	0.24497
3	0.18884	0.09938	0.05825	0.02125	0.08618	0.33726	0.01592	0.02978	0.04756	0.02560	0.01375	0.01590	0.01121	0.00820	0.00690	0.00229	0.01147	0.00550	0.00452	0.01024
4	0.02028	0.01945	0.03321	0.08780	0.62161	0.01966	0.02536	0.02525	0.01878	0.02680	0.01558	0.02065	0.01304	0.00745	0.00823	0.00248	0.00994	0.00740	0.00409	0.01293
5	0.76672	0.01607	0.01221	0.01092	0.01607	0.01864	0.00900	0.02442	0.01414	0.03727	0.01157	0.01350	0.00900	0.00771	0.00514	0.00257	0.00643	0.00450	0.00514	0.00900
6	0.03155	0.02403	0.02487	0.01922	0.02576	0.05591	0.01580	0.60087	0.03834	0.05087	0.01962	0.01971	0.01397	0.00991	0.00827	0.00248	0.00941	0.00738	0.00812	0.01392
7	0.01012	0.00723	0.00964	0.01157	0.01205	0.00675	0.00771	0.01157	0.01591	0.02121	0.04579	0.70262	0.05495	0.02603	0.01060	0.00337	0.00482	0.02362	0.00771	0.00675
8	0.01595	0.01402	0.01667	0.16092	0.02593	0.01562	0.01304	0.02837	0.29684	0.02768	0.04645	0.04540	0.23169	0.01388	0.00888	0.00280	0.00677	0.01167	0.00716	0.01024
9	0.00982	0.00842	0.00842	0.00842	0.01122	0.00701	0.00631	0.01192	0.01894	0.02244	0.08416	0.07995	0.65285	0.02104	0.00982	0.00281	0.00421	0.01753	0.00771	0.00701
10	0.01077	0.00773	0.01022	0.01113	0.01219	0.00718	0.00776	0.01318	0.01890	0.02597	0.28424	0.45059	0.06417	0.02247	0.01029	0.00307	0.00447	0.02024	0.00828	0.00718
11	0.02469	0.02738	0.02834	0.03621	0.34976	0.27752	0.02064	0.03023	0.07797	0.02516	0.01620	0.01933	0.01331	0.00821	0.00796	0.00237	0.01158	0.00678	0.00458	0.01177
12	0.03103	0.03959	0.02354	0.02140	0.02568	0.67469	0.01605	0.03317	0.02354	0.02033	0.01284	0.01498	0.01070	0.00856	0.00749	0.00214	0.01498	0.00535	0.00428	0.00963
13	0.02455	0.02503	0.02464	0.23064	0.08681	0.22901	0.01869	0.14674	0.08086	0.02878	0.01699	0.02012	0.01304	0.00891	0.00805	0.00249	0.01143	0.00694	0.00526	0.01100
14	0.04896	0.01665	0.11302	0.01813	0.05378	0.01302	0.08208	0.02035	0.06900	0.02596	0.08848	0.17476	0.11627	0.05434	0.01123	0.00323	0.00771	0.06748	0.00642	0.00914
15	0.01443	0.00722	0.01082	0.01082	0.01082	0.00722	0.00722	0.01082	0.01082	0.01443	0.01443	0.02525	0.01443	0.02886	0.03247	0.75830	0.00722	0.00722	0.00361	0.00361
16	0.01187	0.00890	0.01335	0.01335	0.01483	0.01038	0.01038	0.01483	0.01335	0.01928	0.02225	0.03264	0.02077	0.06231	0.67512	0.01335	0.02225	0.00890	0.00445	0.00742
17	0.09148	0.43912	0.03580	0.05383	0.09189	0.08502	0.01566	0.06032	0.01870	0.02405	0.01276	0.01511	0.01100	0.00755	0.00614	0.00205	0.00943	0.00517	0.00411	0.01081
18	0.02085	0.02167	0.03792	0.04437	0.43034	0.05647	0.21206	0.02627	0.01939	0.02660	0.01584	0.02083	0.01285	0.00734	0.00868	0.00255	0.01144	0.00804	0.00415	0.01235
19	0.01363	0.01013	0.01333	0.01474	0.01697	0.01022	0.01266	0.01889	0.07008	0.02543	0.04717	0.08719	0.10650	0.02180	0.01106	0.00364	0.00722	0.49358	0.00772	0.00804
20	0.02765	0.24757	0.02989	0.04752	0.02567	0.41680	0.01577	0.05754	0.02189	0.02160	0.01285	0.01500	0.01086	0.00816	0.00689	0.00207	0.01265	0.00525	0.00421	0.01014
21	0.01029	0.00790	0.00943	0.01017	0.01180	0.00704	0.00720	0.01243	0.01840	0.02381	0.16729	0.35245	0.28685	0.02253	0.01016	0.00302	0.00443	0.01978	0.00797	0.00704
22	0.01365	0.01067	0.01128	0.01062	0.01396	0.01015	0.00812	0.02031	0.14769	0.06031	0.09995	0.06614	0.45982	0.01823	0.00946	0.00279	0.00484	0.01523	0.00808	0.00871
23	0.02176	0.65814	0.09446	0.01499	0.02252	0.03176	0.01556	0.02499	0.01693	0.02010	0.01182	0.01367	0.01065	0.00717	0.00554	0.00185	0.00916	0.00458	0.00355	0.01079
24	0.01208	0.00805	0.00906	0.00906	0.00906	0.00805	0.00503	0.01208	0.01208	0.01611	0.02618	0.05436	0.03020	0.70804	0.04228	0.00805	0.00805	0.01208	0.00503	0.00503
25	0.01010	0.00733	0.00954	0.01131	0.01198	0.00677	0.00760	0.01160	0.01615	0.02131	0.04893	0.65160	0.10394	0.02562	0.01054	0.00333	0.00477	0.02312	0.00771	0.00677
26	0.01975	0.01962	0.02809	0.03521	0.34895	0.07178	0.07509	0.02723	0.12042	0.02707	0.02868	0.03082	0.11028	0.01012	0.00858	0.00258	0.00929	0.00929	0.00538	0.01177
27	0.01412	0.01211	0.01728	0.01599	0.01683	0.01552	0.01270	0.01643	0.01302	0.01928	0.01856	0.02930	0.01805	0.09831	0.39396	0.00948	0.25844	0.00858	0.00421	0.00781
28	0.76672	0.01607	0.01221	0.01092	0.01607	0.01864	0.00900	0.02442	0.01414	0.03727	0.01157	0.01350	0.00900	0.00771	0.00514	0.00257	0.00643	0.00450	0.00514	0.00900
29	0.04965	0.03374	0.39494	0.02760	0.03805	0.01994	0.26402	0.02635	0.01821	0.02689	0.01551	0.01928	0.01128	0.00753	0.00853	0.00270	0.01271	0.00751	0.00385	0.01172
30	0.01714	0.01678	0.02208	0.01951	0.02013	0.05514	0.01596	0.01929	0.01345	0.01982	0.01407	0.02191	0.01356	0.02713	0.20115	0.00618	0.47654	0.00761	0.00389	0.00866
31	0.01199	0.00802	0.00909	0.00917	0.00919	0.00800	0.00515	0.01206	0.01225	0.01633	0.02704	0.08283	0.03129	0.67809	0.04089	0.00785	0.00791	0.01259	0.00515	0.00511
32	0.19061	0.01994	0.02070	0.01608	0.02249	0.02129	0.01323	0.37424	0.02954	0.07845	0.01804	0.01858	0.01308	0.00893	0.00730	0.00233	0.00799	0.00650	0.00722	0.12347
33	0.01028	0.00806	0.00931	0.00979	0.01171	0.00709	0.00704	0.01253	0.01887	0.02414	0.18084	0.27050	0.35665	0.02182	0.01006	0.00295	0.00434	0.01895	0.00799	0.00709
34	0.02499	0.02953	0.02444	0.02159	0.02386	0.36969	0.01705	0.02698	0.01846	0.02017	0.01193	0.01648	0.01080	0.01137	0.01678	0.00284	0.33343	0.00625	0.00398	0.00938
35	0.02005	0.01922	0.03280	0.11764	0.59356	0.01960	0.02524	0.02505	0.01867	0.02652	0.01554	0.02073	0.01294	0.00750	0.00823	0.00250	0.01000	0.00740	0.00407	0.01275
36	0.01003	0.00760	0.00926	0.01059	0.01179	0.00683	0.00728	0.01168	0.01685	0.02159	0.05774	0.50865	0.24120	0.02447	0.01036	0.00320	0.00463	0.02172	0.00771	0.00683
37	0.01012	0.00723	0.00964	0.01157	0.01205	0.00675	0.00771	0.01157	0.01591	0.02121	0.04579	0.70262	0.05495	0.02603	0.01060	0.00337	0.00482	0.02362	0.00771	0.00675
38	0.01761	0.01672	0.02838	0.43741	0.29290	0.01896	0.02403	0.02291	0.01752	0.02355	0.01510	0.02152	0.01189	0.00795	0.00827	0.00265	0.01060	0.00739	0.00386	0.01077
39	0.02056	0.01974	0.03372	0.05099	0.65622	0.01974	0.02550	0.02550	0.01892	0.02714	0.01563	0.02056	0.01316	0.00740	0.00822	0.00247	0.00987	0.00740	0.00411	0.01316
40	0.01812	0.21912	0.50163	0.02119	0.03211	0.02286	0.02636	0.02593	0.01737	0.02453	0.01403	0.01643	0.01056	0.00769	0.00722	0.00241	0.01139	0.00569	0.00352	0.01185
41	0.01901	0.01114	0.01150	0.01023	0.01320	0.01169	0.00799	0.15264	0.02216	0.03565	0.02553	0.02856	0.01973	0.00974	0.00635	0.00206	0.00502	0.00769	0.59097	0.00914
42	0.01190	0.00810	0.00954	0.00950	0.00996	0.00793	0.00580	0.01284	0.01479	0.02016	0.16416	0.09201	0.04212	0.51900	0.03342	0.00660	0.00697	0.01336	0.00608	0.00574
43	0.01572	0.01423	0.02279	0.02660	0.21734	0.01374	0.09298	0.05215	0.01927	0.02575	0.03962	0.22848	0.16503	0.01579	0.00946	0.00284	0.00768	0.01456	0.00617	0.00979
44	0.02776	0.10080	0.02865	0.02914	0.24163	0.14921	0.01830	0.11884	0.02354	0.15523	0.01868	0.02010	0.01402	0.00855	0.00779	0.00235	0.01010	0.00687	0.00593	0.01252
45	0.02056	0.01974	0.03372	0.05099	0.65622	0.01974	0.02550	0.02550	0.01892	0.02714	0.01563	0.02056	0.01316	0.00740	0.00822	0.00247	0.00987	0.00740	0.00411	0.01316
46	0.01168	0.00845	0.01102	0.01189	0.01289	0.00855	0.00829	0.03985	0.01603	0.02161	0.03846	0.42806	0.06283	0.11368	0.15961	0.00605	0.00919	0.01811	0.00671	0.00703
47	0.05934	0.02104	0.08568	0.09978	0.35311	0.01927	0.15534	0.02508	0.01842	0.02713	0.01604	0.02095	0.01277	0.00756	0.00828	0.00256	0.01063	0.00768	0.03752	0.01183

[dist]
# distance from previous block
# <min> <max>
0	1

[block]
# block no. 5 follows, 22 sequences, length 129
# corresponding to MSA columns:
# 276-404
name=unknown_F
#
# <colnr> <probs for GDERKNQSTAVLIFYWHMCP>
#	G	D	E	R	K	N	Q	S	T	A	V	L	I	F	Y	W	H	M	C	P
0	0.02434	0.02603	0.03014	0.04026	0.43006	0.22169	0.02209	0.05849	0.02136	0.02632	0.01499	0.01881	0.01245	0.00789	0.00800	0.00237	0.01141	0.00677	0.00438	0.01212
1	0.03050	0.03859	0.02406	0.02290	0.05753	0.64161	0.01653	0.03279	0.02331	0.02068	0.01298	0.01526	0.01083	0.00850	0.00753	0.00216	0.01472	0.00545	0.00427	0.00981
2	0.01012	0.00723	0.00964	0.01157	0.01205	0.00675	0.00771	0.01157	0.01591	0.02121	0.04579	0.70262	0.05495	0.02603	0.01060	0.00337	0.00482	0.02362	0.00771	0.00675
3	0.02134	0.01926	0.01909	0.01720	0.02187	0.06325	0.01334	0.04343	0.60099	0.03381	0.03245	0.02995	0.02440	0.01109	0.00839	0.00277	0.00712	0.00913	0.00818	0.01292
4	0.01012	0.00723	0.00964	0.01157	0.01205	0.00675	0.00771	0.01157	0.01591	0.02121	0.04579	0.70262	0.05495	0.02603	0.01060	0.00337	0.00482	0.02362	0.00771	0.00675
5	0.02056	0.01974	0.03372	0.05099	0.65622	0.01974	0.02550	0.02550	0.01892	0.02714	0.01563	0.02056	0.01316	0.00740	0.00822	0.00247	0.00987	0.00740	0.00411	0.01316
6	0.02221	0.71304	0.04353	0.01421	0.02132	0.03287	0.01421	0.02488	0.01688	0.01955	0.01155	0.01333	0.01066	0.00711	0.00533	0.00178	0.00888	0.00444	0.00355	0.01066
7	0.01032	0.00737	0.00987	0.01180	0.01237	0.00692	0.00806	0.01192	0.01611	0.02143	0.04568	0.66479	0.05450	0.02584	0.01066	0.00340	0.00500	0.05944	0.00771	0.00680
8	0.03103	0.03959	0.02354	0.02140	0.02568	0.67469	0.01605	0.03317	0.02354	0.02033	0.01284	0.01498	0.01070	0.00856	0.00749	0.00214	0.01498	0.00535	0.00428	0.00963
9	0.01187	0.00890	0.01335	0.01335	0.01483	0.01038	0.01038	0.01483	0.01335	0.01928	0.02225	0.03264	0.02077	0.06231	0.67512	0.01335	0.02225	0.00890	0.00445	0.00742
10	0.01015	0.00800	0.00917	0.00978	0.01166	0.00701	0.00699	0.01223	0.01838	0.02326	0.13602	0.30122	0.37199	0.02236	0.01010	0.00299	0.00439	0.01942	0.00788	0.00701
11	0.01896	0.01555	0.01630	0.01430	0.01871	0.01679	0.01123	0.14956	0.29749	0.03386	0.04909	0.04634	0.24818	0.01451	0.00891	0.00275	0.00624	0.01193	0.00816	0.01114
12	0.01012	0.00723	0.00964	0.01157	0.01205	0.00675	0.00771	0.01157	0.01591	0.02121	0.04579	0.70262	0.05495	0.02603	0.01060	0.00337	0.00482	0.02362	0.00771	0.00675
13	0.01961	0.02241	0.04902	0.03501	0.04342	0.02101	0.62605	0.02661	0.01961	0.02661	0.01681	0.02241	0.01261	0.00700	0.00980	0.00280	0.01401	0.00980	0.00420	0.01120
14	0.03187	0.02281	0.02465	0.01890	0.02553	0.02508	0.01561	0.59882	0.03829	0.08315	0.02059	0.02037	0.01445	0.00999	0.00831	0.00250	0.00904	0.00752	0.00841	0.01413
15	0.01196	0.00852	0.01145	0.01145	0.01227	0.00935	0.00801	0.01361	0.01279	0.01787	0.02399	0.04229	0.02496	0.34911	0.39404	0.01100	0.01595	0.01031	0.00471	0.00636
16	0.02221	0.71304	0.04353	0.01421	0.02132	0.03287	0.01421	0.02488	0.01688	0.01955	0.01155	0.01333	0.01066	0.00711	0.00533	0.00178	0.00888	0.00444	0.00355	0.01066
17	0.01208	0.00805	0.00906	0.00906	0.00906	0.00805	0.00503	0.01208	0.01208	0.01611	0.02618	0.05436	0.03020	0.70804	0.04228	0.00805	0.00805	0.01208	0.00503	0.00503
18	0.01088	0.00777	0.01017	0.01097	0.01199	0.00725	0.00759	0.01318	0.01859	0.02554	0.27789	0.41374	0.06236	0.06696	0.01236	0.00339	0.00468	0.01956	0.00809	0.00706
19	0.01672	0.01615	0.02142	0.01904	0.01972	0.05059	0.01554	0.01893	0.01343	0.01978	0.01469	0.02273	0.01410	0.02980	0.23706	0.00673	0.44337	0.00771	0.00393	0.00857
20	0.01012	0.00723	0.00964	0.01157	0.01205	0.00675	0.00771	0.01157	0.01591	0.02121	0.04579	0.70262	0.05495	0.02603	0.01060	0.00337	0.00482	0.02362	0.00771	0.00675
21	0.01200	0.00836	0.01061	0.01061	0.01115	0.00890	0.00697	0.01308	0.01254	0.01726	0.02476	0.04651	0.02679	0.47468	0.27098	0.00997	0.01318	0.01093	0.00482	0.00590
22	0.02171	0.02323	0.03307	0.13011	0.35657	0.14303	0.12034	0.02654	0.01958	0.02496	0.01517	0.02003	0.01232	0.00768	0.00835	0.00250	0.01166	0.00740	0.00410	0.01164
23	0.02110	0.02120	0.03181	0.11299	0.53255	0.08465	0.02431	0.02582	0.01914	0.02586	0.01526	0.02017	0.01270	0.00761	0.00816	0.00247	0.01050	0.00720	0.00409	0.01241
24	0.01193	0.00866	0.01212	0.01212	0.01317	0.00971	0.00885	0.01404	0.01299	0.01837	0.02338	0.03888	0.02348	0.24797	0.49317	0.01183	0.01817	0.00982	0.00462	0.00673
25	0.02051	0.02139	0.03134	0.23209	0.32466	0.11252	0.08828	0.02545	0.01897	0.02438	0.01511	0.02043	0.01214	0.00779	0.00831	0.00255	0.01140	0.00736	0.00402	0.01129
26	0.01914	0.01488	0.01554	0.01422	0.01810	0.01687	0.01099	0.03687	0.45809	0.03364	0.03184	0.03099	0.02417	0.01080	0.00768	0.00256	0.00578	0.00891	0.22736	0.01156
27	0.01368	0.00882	0.01078	0.01076	0.01215	0.00933	0.00772	0.04367	0.01578	0.02378	0.02747	0.12178	0.02712	0.18762	0.21759	0.00700	0.01076	0.01109	0.22589	0.00719
28	0.00982	0.00842	0.00842	0.00842	0.01122	0.00701	0.00631	0.01192	0.01894	0.02244	0.08416	0.07995	0.65285	0.02104	0.00982	0.00281	0.00421	0.01753	0.00771	0.00701
29	0.01961	0.02241	0.04902	0.03501	0.04342	0.02101	0.62605	0.02661	0.01961	0.02661	0.01681	0.02241	0.01261	0.00700	0.00980	0.00280	0.01401	0.00980	0.00420	0.01120
30	0.00995	0.00837	0.00863	0.00867	0.01133	0.00705	0.00646	0.01214	0.01910	0.02307	0.11792	0.10326	0.59371	0.02098	0.00985	0.00282	0.00421	0.01762	0.00780	0.00705
31	0.76672	0.01607	0.01221	0.01092	0.01607	0.01864	0.00900	0.02442	0.01414	0.03727	0.01157	0.01350	0.00900	0.00771	0.00514	0.00257	0.00643	0.00450	0.00514	0.00900
32	0.76672	0.01607	0.01221	0.01092	0.01607	0.01864	0.00900	0.02442	0.01414	0.03727	0.01157	0.01350	0.00900	0.00771	0.00514	0.00257	0.00643	0.00450	0.00514	0.00900
