[name]
unknown

[dist]
# distance from previous block
# <min> <max>
0	14

[block]
# block no. 0 follows, 21 sequences, length 9
# corresponding to MSA columns:
# 14-22
name=unknown_A
#
# <colnr> <probs for GDERKNQSTAVLIFYWHMCP>
#	G	D	E	R	K	N	Q	S	T	A	V	L	I	F	Y	W	H	M	C	P
0	0.02150	0.01459	0.04531	0.07510	0.10579	0.01347	0.01461	0.02693	0.07752	0.19431	0.03494	0.13423	0.06944	0.06829	0.01196	0.00335	0.00775	0.06260	0.00744	0.01086
1	0.01961	0.01812	0.02391	0.16676	0.21852	0.07370	0.01849	0.10144	0.02150	0.02787	0.02761	0.14739	0.07351	0.01284	0.00896	0.00276	0.00931	0.01127	0.00568	0.01074
2	0.01658	0.01398	0.01284	0.01187	0.01505	0.10661	0.00901	0.01942	0.02202	0.08580	0.24174	0.06129	0.31705	0.01732	0.00955	0.00269	0.00615	0.01441	0.00808	0.00854
3	0.05087	0.01762	0.02435	0.21045	0.25549	0.07321	0.01934	0.02221	0.01824	0.02417	0.02573	0.03020	0.10697	0.01189	0.01057	0.06546	0.00966	0.00880	0.00466	0.01011
4	0.25238	0.01561	0.06857	0.01793	0.10998	0.01432	0.01229	0.01995	0.01595	0.02800	0.07540	0.09289	0.02636	0.19705	0.01715	0.00421	0.00769	0.01001	0.00554	0.00873
5	0.05119	0.09062	0.13169	0.02005	0.10348	0.03825	0.01592	0.02030	0.01567	0.02268	0.01719	0.02377	0.01506	0.02562	0.16673	0.16393	0.01247	0.00717	0.04928	0.00895
6	0.01687	0.01300	0.01693	0.16862	0.02539	0.01489	0.01315	0.09827	0.01945	0.02744	0.02980	0.03613	0.10488	0.07778	0.08337	0.00434	0.07334	0.00968	0.15778	0.00891
7	0.08399	0.01505	0.02419	0.16142	0.21533	0.01581	0.06996	0.02072	0.01729	0.02522	0.02418	0.19686	0.02471	0.05481	0.01105	0.00322	0.00896	0.01210	0.00524	0.00990
8	0.08797	0.02630	0.24745	0.08528	0.18837	0.01839	0.02272	0.02603	0.07398	0.02809	0.02523	0.02755	0.08727	0.00988	0.00823	0.00270	0.00977	0.00825	0.00489	0.01166

[dist]
# distance from previous block
# <min> <max>
2	3

[block]
# block no. 1 follows, 21 sequences, length 80
# corresponding to MSA columns:
# 26-105
name=unknown_B
#
# <colnr> <probs for GDERKNQSTAVLIFYWHMCP>
#	G	D	E	R	K	N	Q	S	T	A	V	L	I	F	Y	W	H	M	C	P
0	0.01245	0.00919	0.01141	0.01202	0.01282	0.00940	0.00818	0.04271	0.01647	0.02198	0.04070	0.42111	0.08069	0.19614	0.01998	0.00461	0.04717	0.01898	0.00698	0.00700
1	0.01630	0.01263	0.01529	0.01342	0.01537	0.01369	0.00986	0.09290	0.01871	0.02623	0.12881	0.07295	0.03350	0.28583	0.02563	0.00494	0.11847	0.01135	0.00619	0.07792
2	0.01252	0.00873	0.01000	0.01007	0.01056	0.00884	0.00612	0.01409	0.04391	0.01835	0.03152	0.10903	0.06126	0.54803	0.06609	0.00757	0.00838	0.01335	0.00567	0.00593
3	0.05130	0.01117	0.01222	0.01211	0.01396	0.01186	0.00833	0.02167	0.18013	0.02436	0.03663	0.20359	0.07186	0.27726	0.02226	0.00505	0.00672	0.01445	0.00693	0.00814
4	0.18428	0.01833	0.02825	0.24826	0.13519	0.02045	0.12046	0.06795	0.01886	0.02957	0.01511	0.02017	0.01169	0.00840	0.00885	0.00276	0.03874	0.00733	0.00461	0.01074
5	0.02106	0.02022	0.03454	0.05223	0.64784	0.02022	0.02612	0.02612	0.01938	0.02780	0.01601	0.02106	0.01348	0.00758	0.00842	0.00253	0.01011	0.00758	0.00421	0.01348
6	0.01860	0.07647	0.01997	0.04405	0.01957	0.11389	0.01305	0.02138	0.01641	0.02274	0.01853	0.02558	0.01651	0.05417	0.14818	0.00514	0.17814	0.00759	0.17135	0.00868
7	0.01233	0.00843	0.01021	0.01021	0.01053	0.00875	0.00631	0.01297	0.01265	0.01719	0.02596	0.05099	0.02890	0.56638	0.17507	0.00940	0.01132	0.01169	0.00503	0.00567
8	0.01324	0.00931	0.01092	0.01082	0.01122	0.00969	0.00678	0.04063	0.01437	0.01931	0.02930	0.16429	0.03369	0.51881	0.03531	0.00694	0.03957	0.01400	0.00572	0.00609
9	0.02664	0.02100	0.02232	0.01842	0.02421	0.02372	0.01479	0.32614	0.34264	0.04442	0.02769	0.02621	0.02035	0.01090	0.00859	0.00272	0.00802	0.00866	0.00859	0.01396
10	0.03195	0.03570	0.02453	0.02124	0.02633	0.48061	0.01637	0.20417	0.02874	0.03036	0.01527	0.01682	0.01198	0.00919	0.00792	0.00230	0.01361	0.00611	0.00558	0.01120
11	0.01964	0.12876	0.50079	0.02242	0.03361	0.02239	0.02740	0.09756	0.02051	0.02923	0.01544	0.01769	0.01124	0.00823	0.00779	0.00256	0.01174	0.00622	0.00419	0.01259
12	0.02782	0.02210	0.02628	0.02675	0.16593	0.12926	0.06095	0.13217	0.05322	0.17386	0.05015	0.05160	0.02016	0.01027	0.00864	0.00258	0.00990	0.00875	0.00700	0.01260
13	0.02234	0.02265	0.03330	0.04861	0.57356	0.09748	0.02496	0.02706	0.01994	0.02697	0.01567	0.02038	0.01318	0.00772	0.00834	0.00249	0.01074	0.00733	0.00423	0.01305
14	0.01501	0.01265	0.01706	0.01482	0.01800	0.01350	0.01183	0.01808	0.01483	0.02241	0.01837	0.02588	0.01679	0.03717	0.34771	0.00803	0.13097	0.00754	0.00457	0.24479
15	0.01214	0.00815	0.00935	0.00959	0.00965	0.00809	0.00548	0.01231	0.01284	0.01713	0.02921	0.13213	0.03397	0.62035	0.03944	0.00768	0.00785	0.01379	0.00548	0.00537
16	0.02106	0.02022	0.03454	0.05223	0.64784	0.02022	0.02612	0.02612	0.01938	0.02780	0.01601	0.02106	0.01348	0.00758	0.00842	0.00253	0.01011	0.00758	0.00421	0.01348
17	0.01092	0.00865	0.00982	0.00953	0.01203	0.00755	0.00715	0.01389	0.02144	0.02784	0.32907	0.07391	0.39849	0.01974	0.01005	0.00279	0.00418	0.01684	0.00854	0.00755
18	0.76103	0.01646	0.01251	0.01119	0.01646	0.01909	0.00922	0.02502	0.01448	0.03818	0.01185	0.01382	0.00922	0.00790	0.00527	0.00263	0.00658	0.00461	0.00527	0.00922
19	0.01020	0.00863	0.00882	0.00877	0.01158	0.00725	0.00658	0.01250	0.01974	0.02381	0.12714	0.08055	0.60294	0.02125	0.01006	0.00286	0.00429	0.01777	0.00801	0.00725
20	0.01036	0.00863	0.00903	0.00893	0.01168	0.00731	0.00670	0.01279	0.02010	0.02466	0.16984	0.07915	0.55971	0.02093	0.01005	0.00284	0.00427	0.01757	0.00812	0.00731
21	0.76103	0.01646	0.01251	0.01119	0.01646	0.01909	0.00922	0.02502	0.01448	0.03818	0.01185	0.01382	0.00922	0.00790	0.00527	0.00263	0.00658	0.00461	0.00527	0.00922
22	0.15999	0.01791	0.02042	0.01593	0.02237	0.01823	0.01316	0.22979	0.02784	0.34991	0.02551	0.02355	0.01686	0.00998	0.00798	0.00261	0.00783	0.00759	0.00896	0.01358
23	0.76103	0.01646	0.01251	0.01119	0.01646	0.01909	0.00922	0.02502	0.01448	0.03818	0.01185	0.01382	0.00922	0.00790	0.00527	0.00263	0.00658	0.00461	0.00527	0.00922
24	0.01765	0.01513	0.01765	0.01260	0.02017	0.01134	0.01008	0.02143	0.01765	0.02773	0.01513	0.01765	0.01260	0.00630	0.00630	0.00126	0.00630	0.00504	0.00504	0.75295
25	0.03270	0.02327	0.02519	0.01931	0.02611	0.02555	0.01595	0.58442	0.03906	0.09002	0.02123	0.02095	0.01487	0.01024	0.00852	0.00256	0.00924	0.00772	0.00864	0.01447
26	0.03818	0.01448	0.01975	0.01514	0.02172	0.01251	0.01251	0.04147	0.02436	0.65373	0.03357	0.02897	0.02107	0.01053	0.00856	0.00263	0.00724	0.00856	0.01053	0.01448
27	0.01037	0.00741	0.00987	0.01185	0.01234	0.00691	0.00790	0.01185	0.01629	0.02172	0.04690	0.69537	0.05629	0.02666	0.01086	0.00346	0.00494	0.02419	0.00790	0.00691
28	0.01216	0.00912	0.01368	0.01368	0.01520	0.01064	0.01064	0.01520	0.01368	0.01976	0.02279	0.03343	0.02127	0.06382	0.66720	0.01368	0.02279	0.00912	0.00456	0.00760
29	0.01586	0.00793	0.00793	0.00793	0.00991	0.00793	0.00595	0.01983	0.01785	0.03173	0.02776	0.03173	0.02181	0.00991	0.00595	0.00198	0.00397	0.00793	0.74817	0.00793
30	0.01586	0.00793	0.00793	0.00793	0.00991	0.00793	0.00595	0.01983	0.01785	0.03173	0.02776	0.03173	0.02181	0.00991	0.00595	0.00198	0.00397	0.00793	0.74817	0.00793
31	0.02106	0.02022	0.03454	0.05223	0.64784	0.02022	0.02612	0.02612	0.01938	0.02780	0.01601	0.02106	0.01348	0.00758	0.00842	0.00253	0.01011	0.00758	0.00421	0.01348
32	0.01559	0.01407	0.01985	0.01788	0.01847	0.01860	0.01439	0.01775	0.01322	0.01986	0.01699	0.02750	0.01676	0.09249	0.27559	0.00795	0.37206	0.00851	0.00417	0.00829
33	0.01174	0.00798	0.00947	0.01010	0.01025	0.00783	0.00603	0.01221	0.01362	0.01816	0.03320	0.25900	0.03899	0.48662	0.03300	0.00673	0.00720	0.01613	0.00603	0.00571
34	0.01037	0.00741	0.00987	0.01185	0.01234	0.00691	0.00790	0.01185	0.01629	0.02172	0.04690	0.69537	0.05629	0.02666	0.01086	0.00346	0.00494	0.02419	0.00790	0.00691
35	0.02106	0.02022	0.03454	0.05223	0.64784	0.02022	0.02612	0.02612	0.01938	0.02780	0.01601	0.02106	0.01348	0.00758	0.00842	0.00253	0.01011	0.00758	0.00421	0.01348
36	0.02760	0.03359	0.02474	0.02206	0.02505	0.46312	0.01713	0.02969	0.02059	0.02072	0.01252	0.01639	0.01103	0.01072	0.01411	0.00268	0.22830	0.00611	0.00417	0.00969
37	0.13863	0.16195	0.40995	0.02088	0.03110	0.02233	0.05224	0.02638	0.01738	0.02749	0.01417	0.01673	0.01065	0.00786	0.00723	0.00253	0.01104	0.00587	0.00391	0.01167
38	0.02274	0.02510	0.02749	0.28782	0.20715	0.23829	0.02187	0.02706	0.02006	0.02307	0.01470	0.01977	0.01179	0.00835	0.00820	0.00253	0.01236	0.00686	0.00410	0.01068
39	0.01060	0.00864	0.00937	0.00919	0.01183	0.00741	0.00689	0.01326	0.02067	0.02602	0.23762	0.07692	0.49108	0.02042	0.01005	0.00282	0.00423	0.01726	0.00830	0.00741
40	0.02106	0.02022	0.03454	0.05223	0.64784	0.02022	0.02612	0.02612	0.01938	0.02780	0.01601	0.02106	0.01348	0.00758	0.00842	0.00253	0.01011	0.00758	0.00421	0.01348
41	0.01181	0.00869	0.01105	0.01046	0.01257	0.00793	0.00784	0.01560	0.02353	0.03280	0.57677	0.06576	0.14771	0.01789	0.01004	0.00270	0.00405	0.01570	0.00919	0.00793
42	0.02275	0.70604	0.04459	0.01456	0.02184	0.03367	0.01456	0.02548	0.01729	0.02002	0.01183	0.01365	0.01092	0.00728	0.00546	0.00182	0.00910	0.00455	0.00364	0.01092
43	0.01009	0.00848	0.00877	0.00901	0.01160	0.00715	0.00664	0.01217	0.01903	0.02284	0.08151	0.15521	0.57410	0.02216	0.01015	0.00294	0.00439	0.01871	0.00790	0.00715
44	0.01238	0.00825	0.00928	0.00928	0.00928	0.00825	0.00516	0.01238	0.01238	0.01650	0.02681	0.05569	0.03094	0.70092	0.04331	0.00825	0.00825	0.01238	0.00516	0.00516
45	0.02121	0.52613	0.21098	0.01720	0.02592	0.02989	0.01915	0.02588	0.01748	0.02190	0.01277	0.01482	0.01088	0.00750	0.00617	0.00206	0.01005	0.00502	0.00363	0.01137
46	0.02106	0.02022	0.03454	0.05223	0.64784	0.02022	0.02612	0.02612	0.01938	0.02780	0.01601	0.02106	0.01348	0.00758	0.00842	0.00253	0.01011	0.00758	0.00421	0.01348
47	0.01037	0.00741	0.00987	0.01185	0.01234	0.00691	0.00790	0.01185	0.01629	0.02172	0.04690	0.69537	0.05629	0.02666	0.01086	0.00346	0.00494	0.02419	0.00790	0.00691
48	0.01765	0.01513	0.01765	0.01260	0.02017	0.01134	0.01008	0.02143	0.01765	0.02773	0.01513	0.01765	0.01260	0.00630	0.00630	0.00126	0.00630	0.00504	0.00504	0.75295
49	0.03179	0.04056	0.02412	0.02192	0.02631	0.66676	0.01644	0.03398	0.02412	0.02083	0.01315	0.01535	0.01096	0.00877	0.00767	0.00219	0.01535	0.00548	0.00438	0.00987
50	0.01765	0.01513	0.01765	0.01260	0.02017	0.01134	0.01008	0.02143	0.01765	0.02773	0.01513	0.01765	0.01260	0.00630	0.00630	0.00126	0.00630	0.00504	0.00504	0.75295
51	0.01217	0.00907	0.01341	0.01341	0.01484	0.01049	0.01031	0.01503	0.01360	0.01956	0.02304	0.03478	0.02186	0.10245	0.62937	0.01335	0.02191	0.00932	0.00460	0.00745
52	0.76103	0.01646	0.01251	0.01119	0.01646	0.01909	0.00922	0.02502	0.01448	0.03818	0.01185	0.01382	0.00922	0.00790	0.00527	0.00263	0.00658	0.00461	0.00527	0.00922
53	0.01037	0.00741	0.00987	0.01185	0.01234	0.00691	0.00790	0.01185	0.01629	0.02172	0.04690	0.69537	0.05629	0.02666	0.01086	0.00346	0.00494	0.02419	0.00790	0.00691
54	0.01008	0.00853	0.00871	0.00886	0.01156	0.00716	0.00657	0.01219	0.01917	0.02290	0.08332	0.12697	0.60118	0.02193	0.01012	0.00292	0.00436	0.01842	0.00790	0.00716
55	0.01607	0.01513	0.02552	0.68047	0.05861	0.01891	0.02363	0.02174	0.01702	0.02174	0.01513	0.02269	0.01134	0.00851	0.00851	0.00284	0.01134	0.00756	0.00378	0.00945
56	0.01216	0.00912	0.01368	0.01368	0.01520	0.01064	0.01064	0.01520	0.01368	0.01976	0.02279	0.03343	0.02127	0.06382	0.66720	0.01368	0.02279	0.00912	0.00456	0.00760
57	0.76103	0.01646	0.01251	0.01119	0.01646	0.01909	0.00922	0.02502	0.01448	0.03818	0.01185	0.01382	0.00922	0.00790	0.00527	0.00263	0.00658	0.00461	0.00527	0.00922
58	0.01181	0.00869	0.01105	0.01046	0.01257	0.00793	0.00784	0.01560	0.02353	0.03280	0.57677	0.06576	0.14771	0.01789	0.01004	0.00270	0.00405	0.01570	0.00919	0.00793
59	0.03818	0.01448	0.01975	0.01514	0.02172	0.01251	0.01251	0.04147	0.02436	0.65373	0.03357	0.02897	0.02107	0.01053	0.00856	0.00263	0.00724	0.00856	0.01053	0.01448
60	0.01765	0.01513	0.01765	0.01260	0.02017	0.01134	0.01008	0.02143	0.01765	0.02773	0.01513	0.01765	0.01260	0.00630	0.00630	0.00126	0.00630	0.00504	0.00504	0.75295
61	0.02275	0.70604	0.04459	0.01456	0.02184	0.03367	0.01456	0.02548	0.01729	0.02002	0.01183	0.01365	0.01092	0.00728	0.00546	0.00182	0.00910	0.00455	0.00364	0.01092
62	0.01862	0.01862	0.02607	0.02234	0.02234	0.02607	0.01862	0.02048	0.01303	0.02048	0.01117	0.01862	0.01117	0.01489	0.02793	0.00372	0.68535	0.00745	0.00372	0.00931
63	0.01081	0.00871	0.00967	0.00961	0.01219	0.00757	0.00732	0.01357	0.02067	0.02612	0.23300	0.07784	0.45714	0.02056	0.01016	0.00288	0.00445	0.05199	0.00829	0.00745
64	0.02871	0.02987	0.03060	0.02430	0.03026	0.27347	0.15236	0.23035	0.02807	0.03339	0.01645	0.01895	0.01260	0.00919	0.00945	0.00254	0.04458	0.00735	0.00574	0.01177
65	0.01204	0.00870	0.01138	0.01071	0.01271	0.00803	0.00803	0.01606	0.02409	0.03413	0.64335	0.06357	0.08030	0.01740	0.01004	0.00268	0.00401	0.01539	0.00937	0.00803
66	0.02106	0.02022	0.03454	0.05223	0.64784	0.02022	0.02612	0.02612	0.01938	0.02780	0.01601	0.02106	0.01348	0.00758	0.00842	0.00253	0.01011	0.00758	0.00421	0.01348
67	0.03179	0.04056	0.02412	0.02192	0.02631	0.66676	0.01644	0.03398	0.02412	0.02083	0.01315	0.01535	0.01096	0.00877	0.00767	0.00219	0.01535	0.00548	0.00438	0.00987
68	0.01478	0.01272	0.01313	0.01231	0.01601	0.01312	0.00944	0.02623	0.27974	0.02834	0.06431	0.06060	0.38177	0.01730	0.00946	0.00288	0.00534	0.01442	0.00822	0.00985
69	0.01246	0.00893	0.01273	0.01273	0.01410	0.01015	0.00964	0.01520	0.01383	0.02025	0.02364	0.03597	0.02247	0.13600	0.54406	0.01217	0.01967	0.00942	0.05926	0.00733
70	0.02074	0.02058	0.03177	0.18953	0.47132	0.06743	0.02486	0.02572	0.01920	0.02594	0.01560	0.02100	0.01282	0.00788	0.00839	0.00257	0.01077	0.00742	0.00413	0.01232
71	0.02199	0.01869	0.01971	0.01748	0.02244	0.02155	0.01367	0.08741	0.58894	0.03692	0.03359	0.03092	0.02513	0.01145	0.00865	0.00286	0.00693	0.00948	0.00865	0.01354
72	0.01238	0.00825	0.00928	0.00928	0.00928	0.00825	0.00516	0.01238	0.01238	0.01650	0.02681	0.05569	0.03094	0.70092	0.04331	0.00825	0.00825	0.01238	0.00516	0.00516
73	0.02836	0.25759	0.03070	0.01917	0.02465	0.39697	0.01567	0.06079	0.05069	0.02287	0.01407	0.01580	0.01181	0.00848	0.00703	0.00212	0.01260	0.00547	0.00454	0.01061
74	0.02016	0.01635	0.01863	0.01418	0.02082	0.01448	0.01129	0.14429	0.05051	0.03286	0.02001	0.08062	0.01759	0.00920	0.00728	0.00180	0.00683	0.00754	0.00618	0.49938
75	0.01190	0.00869	0.01117	0.01055	0.01262	0.00797	0.00791	0.01578	0.02374	0.03331	0.60242	0.06492	0.12174	0.01770	0.01004	0.00269	0.00404	0.01558	0.00926	0.00797
76	0.01160	0.00823	0.00985	0.01010	0.01104	0.00779	0.00660	0.01316	0.01692	0.02272	0.19049	0.19579	0.12016	0.31011	0.02435	0.00523	0.00604	0.01627	0.00710	0.00647
77	0.01423	0.01060	0.01241	0.01254	0.01467	0.01045	0.00907	0.12047	0.02119	0.02769	0.05057	0.44377	0.17442	0.02263	0.01027	0.00317	0.00559	0.01991	0.00801	0.00832
78	0.03205	0.03273	0.02478	0.02083	0.02635	0.36681	0.01632	0.30822	0.03156	0.03619	0.01656	0.01773	0.01261	0.00945	0.00807	0.00236	0.01254	0.00650	0.00632	0.01202
79	0.02522	0.10380	0.03043	0.03364	0.32110	0.10542	0.01972	0.05665	0.02124	0.11187	0.01764	0.02016	0.01384	0.00811	0.00780	0.00230	0.00992	0.00685	0.00530	0.07898

[dist]
# distance from previous block
# <min> <max>
0	1

[block]
# block no. 2 follows, 21 sequences, length 41
# corresponding to MSA columns:
# 107-147
name=unknown_C
#
# <colnr> <probs for GDERKNQSTAVLIFYWHMCP>
#	G	D	E	R	K	N	Q	S	T	A	V	L	I	F	Y	W	H	M	C	P
0	0.02673	0.02899	0.02640	0.14371	0.13412	0.31245	0.01937	0.12512	0.02416	0.02746	0.01507	0.01857	0.01202	0.00904	0.00899	0.00249	0.04267	0.00664	0.00489	0.01111
1	0.01259	0.00898	0.01301	0.01301	0.01458	0.01032	0.01009	0.01573	0.01416	0.02115	0.02337	0.03323	0.02134	0.05756	0.59035	0.01232	0.02061	0.00898	0.09098	0.00764
2	0.01607	0.01513	0.02552	0.68047	0.05861	0.01891	0.02363	0.02174	0.01702	0.02174	0.01513	0.02269	0.01134	0.00851	0.00851	0.00284	0.01134	0.00756	0.00378	0.00945
3	0.01238	0.00825	0.00928	0.00928	0.00928	0.00825	0.00516	0.01238	0.01238	0.01650	0.02681	0.05569	0.03094	0.70092	0.04331	0.00825	0.00825	0.01238	0.00516	0.00516
4	0.01238	0.00825	0.00928	0.00928	0.00928	0.00825	0.00516	0.01238	0.01238	0.01650	0.02681	0.05569	0.03094	0.70092	0.04331	0.00825	0.00825	0.01238	0.00516	0.00516
5	0.76103	0.01646	0.01251	0.01119	0.01646	0.01909	0.00922	0.02502	0.01448	0.03818	0.01185	0.01382	0.00922	0.00790	0.00527	0.00263	0.00658	0.00461	0.00527	0.00922
6	0.03179	0.04056	0.02412	0.02192	0.02631	0.66676	0.01644	0.03398	0.02412	0.02083	0.01315	0.01535	0.01096	0.00877	0.00767	0.00219	0.01535	0.00548	0.00438	0.00987
7	0.01204	0.00870	0.01138	0.01071	0.01271	0.00803	0.00803	0.01606	0.02409	0.03413	0.64335	0.06357	0.08030	0.01740	0.01004	0.00268	0.00401	0.01539	0.00937	0.00803
8	0.02727	0.03303	0.02479	0.02207	0.02495	0.44680	0.01719	0.02935	0.02031	0.02071	0.01247	0.01647	0.01103	0.01087	0.01463	0.00272	0.24537	0.00616	0.00416	0.00967
9	0.01079	0.00865	0.00963	0.00938	0.01194	0.00749	0.00704	0.01362	0.02111	0.02707	0.29017	0.07519	0.43788	0.02003	0.01005	0.00280	0.00420	0.01702	0.00844	0.00749
10	0.76103	0.01646	0.01251	0.01119	0.01646	0.01909	0.00922	0.02502	0.01448	0.03818	0.01185	0.01382	0.00922	0.00790	0.00527	0.00263	0.00658	0.00461	0.00527	0.00922
11	0.01132	0.00869	0.01048	0.01009	0.01239	0.00785	0.00759	0.01461	0.02184	0.02932	0.40770	0.06875	0.28395	0.02128	0.04345	0.00331	0.00508	0.01601	0.00859	0.00770
12	0.02328	0.66739	0.04340	0.01499	0.02210	0.07045	0.01467	0.02598	0.01769	0.02007	0.01191	0.01375	0.01092	0.00737	0.00559	0.00184	0.00946	0.00460	0.00368	0.01086
13	0.01030	0.00809	0.00932	0.01016	0.01193	0.00711	0.00718	0.01225	0.01827	0.02301	0.09799	0.35246	0.35455	0.02360	0.01041	0.00312	0.00457	0.02058	0.00798	0.00711
14	0.02026	0.02104	0.06224	0.10446	0.40300	0.02038	0.12077	0.02787	0.08173	0.02790	0.01799	0.02248	0.01434	0.00803	0.00870	0.00266	0.01068	0.00813	0.00461	0.01273
15	0.01150	0.00903	0.01063	0.01124	0.01371	0.00816	0.00910	0.01443	0.01990	0.02487	0.12384	0.08504	0.38757	0.02184	0.01064	0.00321	0.00549	0.21431	0.00802	0.00749
16	0.01707	0.04402	0.65683	0.02426	0.03683	0.01976	0.03144	0.02695	0.01797	0.02695	0.01527	0.01797	0.01078	0.00809	0.00809	0.00270	0.01258	0.00629	0.00359	0.01258
17	0.01878	0.24280	0.47300	0.02134	0.03233	0.02394	0.02637	0.02651	0.01776	0.02487	0.01424	0.01667	0.01082	0.00784	0.00730	0.00243	0.01153	0.00577	0.00361	0.01208
18	0.01037	0.00741	0.00987	0.01185	0.01234	0.00691	0.00790	0.01185	0.01629	0.02172	0.04690	0.69537	0.05629	0.02666	0.01086	0.00346	0.00494	0.02419	0.00790	0.00691
19	0.01607	0.01513	0.02552	0.68047	0.05861	0.01891	0.02363	0.02174	0.01702	0.02174	0.01513	0.02269	0.01134	0.00851	0.00851	0.00284	0.01134	0.00756	0.00378	0.00945
20	0.02966	0.13862	0.02734	0.05423	0.02728	0.50715	0.01651	0.06073	0.02351	0.02236	0.01341	0.01571	0.01115	0.00860	0.00742	0.00219	0.01391	0.00555	0.00444	0.01023
21	0.01409	0.01196	0.01738	0.01627	0.01733	0.01525	0.01302	0.01677	0.01348	0.01997	0.01932	0.02901	0.01826	0.04921	0.47623	0.01070	0.22072	0.00862	0.00431	0.00811
22	0.01216	0.00912	0.01368	0.01368	0.01520	0.01064	0.01064	0.01520	0.01368	0.01976	0.02279	0.03343	0.02127	0.06382	0.66720	0.01368	0.02279	0.00912	0.00456	0.00760
23	0.03179	0.04056	0.02412	0.02192	0.02631	0.66676	0.01644	0.03398	0.02412	0.02083	0.01315	0.01535	0.01096	0.00877	0.00767	0.00219	0.01535	0.00548	0.00438	0.00987
24	0.02467	0.01096	0.01369	0.01157	0.01562	0.00990	0.00918	0.02824	0.02177	0.30383	0.13041	0.03863	0.06939	0.01208	0.00799	0.00243	0.00543	0.01000	0.26343	0.01077
25	0.01152	0.00845	0.00993	0.00986	0.01199	0.00760	0.00728	0.01459	0.02098	0.02861	0.32382	0.14035	0.26705	0.01921	0.00976	0.00277	0.00422	0.01660	0.07782	0.00760
26	0.01031	0.00843	0.00911	0.00936	0.01176	0.00723	0.00686	0.01255	0.01938	0.02394	0.13768	0.17976	0.49016	0.02195	0.01019	0.00295	0.00438	0.01871	0.00805	0.00723
27	0.01238	0.00825	0.00928	0.00928	0.00928	0.00825	0.00516	0.01238	0.01238	0.01650	0.02681	0.05569	0.03094	0.70092	0.04331	0.00825	0.00825	0.01238	0.00516	0.00516
28	0.01586	0.00793	0.00793	0.00793	0.00991	0.00793	0.00595	0.01983	0.01785	0.03173	0.02776	0.03173	0.02181	0.00991	0.00595	0.00198	0.00397	0.00793	0.74817	0.00793
29	0.01586	0.00793	0.00793	0.00793	0.00991	0.00793	0.00595	0.01983	0.01785	0.03173	0.02776	0.03173	0.02181	0.00991	0.00595	0.00198	0.00397	0.00793	0.74817	0.00793
30	0.76103	0.01646	0.01251	0.01119	0.01646	0.01909	0.00922	0.02502	0.01448	0.03818	0.01185	0.01382	0.00922	0.00790	0.00527	0.00263	0.00658	0.00461	0.00527	0.00922
31	0.03818	0.01448	0.01975	0.01514	0.02172	0.01251	0.01251	0.04147	0.02436	0.65373	0.03357	0.02897	0.02107	0.01053	0.00856	0.00263	0.00724	0.00856	0.01053	0.01448
32	0.03235	0.02384	0.02554	0.01958	0.02639	0.02639	0.01618	0.61946	0.04001	0.05363	0.02043	0.02043	0.01447	0.01022	0.00851	0.00255	0.00936	0.00766	0.00851	0.01447
33	0.01894	0.26225	0.45501	0.02106	0.03189	0.02435	0.02588	0.02647	0.01774	0.02467	0.01414	0.01654	0.01083	0.00782	0.00722	0.00241	0.01143	0.00572	0.00361	0.01203
34	0.01761	0.01373	0.01576	0.01279	0.01758	0.01269	0.01009	0.14179	0.02475	0.03456	0.24268	0.04373	0.13204	0.01323	0.00861	0.00226	0.00585	0.01110	0.00768	0.23147
35	0.03008	0.02296	0.05823	0.01863	0.02513	0.02353	0.01579	0.49650	0.03535	0.08618	0.02154	0.02400	0.01616	0.07224	0.01162	0.00308	0.00931	0.00807	0.00807	0.01353
36	0.01087	0.00787	0.00979	0.01112	0.01195	0.00735	0.00751	0.01231	0.01622	0.02116	0.04893	0.45586	0.13778	0.14853	0.01670	0.00427	0.00561	0.05209	0.00740	0.00668
37	0.01765	0.01513	0.01765	0.01260	0.02017	0.01134	0.01008	0.02143	0.01765	0.02773	0.01513	0.01765	0.01260	0.00630	0.00630	0.00126	0.00630	0.00504	0.00504	0.75295
38	0.01901	0.09789	0.02682	0.02441	0.15104	0.07808	0.09641	0.05650	0.02038	0.02606	0.08640	0.03709	0.11769	0.08061	0.04218	0.00359	0.00996	0.01023	0.00558	0.01008
39	0.05301	0.01782	0.14567	0.01443	0.01911	0.01275	0.01353	0.08712	0.02116	0.02970	0.15905	0.17393	0.14951	0.01733	0.01048	0.03833	0.00693	0.01390	0.00704	0.00920
40	0.01856	0.02908	0.26166	0.02747	0.03731	0.01904	0.29661	0.02609	0.01888	0.02723	0.01614	0.02020	0.01209	0.00734	0.00866	0.00251	0.01225	0.00779	0.00418	0.14691

[dist]
# distance from previous block
# <min> <max>
1	121

[block]
# block no. 3 follows, 21 sequences, length 131
# corresponding to MSA columns:
# 270-400
name=unknown_D
#
# <colnr> <probs for GDERKNQSTAVLIFYWHMCP>
#	G	D	E	R	K	N	Q	S	T	A	V	L	I	F	Y	W	H	M	C	P
0	0.14050	0.06430	0.21434	0.06381	0.19704	0.01873	0.02123	0.02385	0.01734	0.02734	0.01979	0.05781	0.03986	0.04797	0.00977	0.00295	0.00968	0.00806	0.00453	0.01108
1	0.02179	0.02474	0.06468	0.06118	0.32026	0.17995	0.02118	0.02582	0.01967	0.02463	0.01902	0.10749	0.01809	0.01079	0.00948	0.00264	0.04347	0.00914	0.00466	0.01131
2	0.14027	0.02326	0.15226	0.09185	0.03080	0.05631	0.14951	0.02341	0.01677	0.02559	0.01695	0.02595	0.01492	0.14011	0.01592	0.00382	0.05005	0.00815	0.00440	0.00969
3	0.07022	0.02636	0.02207	0.06640	0.02627	0.25648	0.01491	0.17745	0.02612	0.06707	0.04907	0.02066	0.01616	0.00925	0.00778	0.00227	0.01071	0.00675	0.00612	0.11786
4	0.61291	0.08208	0.01635	0.01194	0.01754	0.01978	0.01008	0.02683	0.01581	0.10257	0.01418	0.01543	0.01065	0.00812	0.00564	0.00256	0.00689	0.00503	0.00568	0.00994
5	0.01096	0.00898	0.00994	0.00995	0.01266	0.00756	0.00725	0.01310	0.01834	0.02315	0.06761	0.24616	0.41244	0.02134	0.00988	0.00286	0.00470	0.01831	0.00759	0.08721
6	0.01238	0.00825	0.00928	0.00928	0.00928	0.00825	0.00516	0.01238	0.01238	0.01650	0.02681	0.05569	0.03094	0.70092	0.04331	0.00825	0.00825	0.01238	0.00516	0.00516
7	0.01862	0.01862	0.02607	0.02234	0.02234	0.02607	0.01862	0.02048	0.01303	0.02048	0.01117	0.01862	0.01117	0.01489	0.02793	0.00372	0.68535	0.00745	0.00372	0.00931
8	0.03818	0.01448	0.01975	0.01514	0.02172	0.01251	0.01251	0.04147	0.02436	0.65373	0.03357	0.02897	0.02107	0.01053	0.00856	0.00263	0.00724	0.00856	0.01053	0.01448
9	0.09697	0.01603	0.02533	0.39682	0.20363	0.01839	0.02158	0.02251	0.01730	0.02508	0.01732	0.07033	0.01494	0.00953	0.00831	0.00278	0.01005	0.00846	0.00435	0.01029
10	0.02275	0.70604	0.04459	0.01456	0.02184	0.03367	0.01456	0.02548	0.01729	0.02002	0.01183	0.01365	0.01092	0.00728	0.00546	0.00182	0.00910	0.00455	0.00364	0.01092
11	0.01037	0.00741	0.00987	0.01185	0.01234	0.00691	0.00790	0.01185	0.01629	0.02172	0.04690	0.69537	0.05629	0.02666	0.01086	0.00346	0.00494	0.02419	0.00790	0.00691
12	0.01006	0.00862	0.00862	0.00862	0.01149	0.00718	0.00647	0.01221	0.01940	0.02299	0.08621	0.08190	0.64438	0.02155	0.01006	0.00287	0.00431	0.01796	0.00790	0.00718
13	0.01258	0.00976	0.01495	0.08530	0.01986	0.01153	0.01203	0.01590	0.01404	0.01997	0.02197	0.03228	0.02021	0.05788	0.59644	0.01251	0.02156	0.00895	0.00448	0.00780
14	0.01236	0.00830	0.00954	0.00954	0.00963	0.00839	0.00548	0.01254	0.01245	0.01669	0.02658	0.05438	0.03037	0.66332	0.08014	0.00857	0.00911	0.01218	0.00512	0.00530
15	0.01216	0.00912	0.01368	0.01368	0.01520	0.01064	0.01064	0.01520	0.01368	0.01976	0.02279	0.03343	0.02127	0.06382	0.66720	0.01368	0.02279	0.00912	0.00456	0.00760
16	0.03179	0.04056	0.02412	0.02192	0.02631	0.66676	0.01644	0.03398	0.02412	0.02083	0.01315	0.01535	0.01096	0.00877	0.00767	0.00219	0.01535	0.00548	0.00438	0.00987
17	0.11016	0.03675	0.02297	0.02060	0.02526	0.55053	0.01565	0.07568	0.02424	0.02508	0.01354	0.01555	0.01103	0.00878	0.00748	0.00227	0.01397	0.00555	0.00478	0.01013
18	0.01270	0.00916	0.01281	0.01343	0.01479	0.00989	0.01052	0.01541	0.01530	0.02092	0.03069	0.05783	0.03204	0.17871	0.33329	0.00948	0.01511	0.19502	0.00572	0.00718
19	0.01216	0.00912	0.01368	0.01368	0.01520	0.01064	0.01064	0.01520	0.01368	0.01976	0.02279	0.03343	0.02127	0.06382	0.66720	0.01368	0.02279	0.00912	0.00456	0.00760
20	0.02421	0.38516	0.14165	0.01961	0.05073	0.17559	0.01837	0.05334	0.02003	0.02314	0.01325	0.01536	0.01116	0.00790	0.00666	0.00211	0.01117	0.00531	0.00404	0.01121
21	0.02212	0.63294	0.11220	0.01563	0.02350	0.03214	0.01643	0.02564	0.01737	0.02079	0.01221	0.01413	0.01091	0.00737	0.00575	0.00192	0.00948	0.00474	0.00364	0.01110
22	0.01143	0.00845	0.01087	0.01217	0.01369	0.00789	0.00926	0.01400	0.01869	0.02442	0.12170	0.34037	0.16884	0.02376	0.01086	0.00338	0.00552	0.17930	0.00805	0.00735
23	0.01607	0.01513	0.02552	0.68047	0.05861	0.01891	0.02363	0.02174	0.01702	0.02174	0.01513	0.02269	0.01134	0.00851	0.00851	0.00284	0.01134	0.00756	0.00378	0.00945
24	0.01586	0.00793	0.00793	0.00793	0.00991	0.00793	0.00595	0.01983	0.01785	0.03173	0.02776	0.03173	0.02181	0.00991	0.00595	0.00198	0.00397	0.00793	0.74817	0.00793
25	0.01980	0.01924	0.03035	0.26509	0.39246	0.04698	0.02431	0.02577	0.04523	0.02577	0.01639	0.02184	0.01318	0.00812	0.00843	0.00263	0.01061	0.00758	0.00426	0.01195
26	0.02798	0.09868	0.06370	0.05147	0.14464	0.17135	0.01813	0.07852	0.06745	0.16573	0.02039	0.02129	0.01504	0.00904	0.00797	0.00245	0.01048	0.00706	0.00619	0.01245
27	0.01073	0.00865	0.00955	0.00932	0.01191	0.00747	0.00699	0.01351	0.02098	0.02675	0.27422	0.07571	0.45403	0.02015	0.01005	0.00281	0.00421	0.01709	0.00840	0.00747
28	0.02243	0.66899	0.07886	0.01510	0.02268	0.03289	0.01551	0.02556	0.01733	0.02041	0.01202	0.01389	0.01091	0.00733	0.00561	0.00187	0.00930	0.00465	0.00364	0.01101
29	0.02904	0.03492	0.02374	0.02275	0.06138	0.49997	0.01641	0.03578	0.14581	0.02419	0.01763	0.01897	0.01412	0.00926	0.00791	0.00235	0.01332	0.00643	0.00523	0.01080
30	0.01216	0.00912	0.01368	0.01368	0.01520	0.01064	0.01064	0.01520	0.01368	0.01976	0.02279	0.03343	0.02127	0.06382	0.66720	0.01368	0.02279	0.00912	0.00456	0.00760
31	0.01037	0.00741	0.00987	0.01185	0.01234	0.00691	0.00790	0.01185	0.01629	0.02172	0.04690	0.69537	0.05629	0.02666	0.01086	0.00346	0.00494	0.02419	0.00790	0.00691
32	0.03123	0.03820	0.02480	0.02345	0.06110	0.58391	0.01696	0.07620	0.02501	0.02361	0.01384	0.01604	0.01136	0.00881	0.00778	0.00224	0.01462	0.00576	0.00468	0.01040
33	0.03011	0.02272	0.02428	0.01913	0.02554	0.02534	0.01563	0.50433	0.15879	0.05002	0.02328	0.02270	0.01678	0.01048	0.00854	0.00262	0.00884	0.00805	0.00854	0.01427
34	0.01270	0.00918	0.01144	0.01128	0.01157	0.01000	0.00738	0.01348	0.01294	0.01776	0.02632	0.09550	0.02953	0.48735	0.14634	0.00846	0.06532	0.01228	0.00514	0.00604
35	0.01913	0.11349	0.49462	0.02212	0.03305	0.02152	0.02697	0.08998	0.02051	0.02935	0.04151	0.01965	0.01408	0.00861	0.00792	0.00258	0.01149	0.00662	0.00437	0.01241
36	0.03129	0.03961	0.02460	0.02333	0.05524	0.63666	0.01689	0.03362	0.02390	0.02115	0.01329	0.01561	0.01108	0.00871	0.00771	0.00221	0.01510	0.00558	0.00438	0.01003
37	0.01238	0.00825	0.00928	0.00928	0.00928	0.00825	0.00516	0.01238	0.01238	0.01650	0.02681	0.05569	0.03094	0.70092	0.04331	0.00825	0.00825	0.01238	0.00516	0.00516
38	0.02802	0.02239	0.02305	0.01881	0.02474	0.05112	0.01514	0.37364	0.26774	0.04531	0.02560	0.02458	0.01876	0.01067	0.00853	0.00267	0.00860	0.00833	0.00840	0.01389
39	0.02915	0.03077	0.02318	0.02016	0.02524	0.34593	0.01560	0.17629	0.18657	0.03249	0.02049	0.02084	0.01571	0.00984	0.00813	0.00246	0.01168	0.00708	0.00648	0.01190
40	0.03185	0.02227	0.02413	0.01860	0.02513	0.02435	0.01534	0.54379	0.03763	0.09613	0.02180	0.02169	0.01536	0.01022	0.00837	0.00253	0.00891	0.00774	0.05005	0.01411
41	0.01154	0.00868	0.01067	0.01017	0.01240	0.00781	0.00763	0.01507	0.02289	0.03127	0.50046	0.06827	0.22496	0.01846	0.01004	0.00273	0.00409	0.01605	0.00899	0.00781
42	0.01006	0.00862	0.00862	0.00862	0.01149	0.00718	0.00647	0.01221	0.01940	0.02299	0.08621	0.08190	0.64438	0.02155	0.01006	0.00287	0.00431	0.01796	0.00790	0.00718
43	0.01020	0.00863	0.00882	0.00877	0.01158	0.00725	0.00658	0.01249	0.01974	0.02380	0.12681	0.08056	0.60328	0.02125	0.01006	0.00286	0.00429	0.01777	0.00801	0.00725
44	0.76103	0.01646	0.01251	0.01119	0.01646	0.01909	0.00922	0.02502	0.01448	0.03818	0.01185	0.01382	0.00922	0.00790	0.00527	0.00263	0.00658	0.00461	0.00527	0.00922
45	0.03179	0.04056	0.02412	0.02192	0.02631	0.66676	0.01644	0.03398	0.02412	0.02083	0.01315	0.01535	0.01096	0.00877	0.00767	0.00219	0.01535	0.00548	0.00438	0.00987
46	0.76103	0.01646	0.01251	0.01119	0.01646	0.01909	0.00922	0.02502	0.01448	0.03818	0.01185	0.01382	0.00922	0.00790	0.00527	0.00263	0.00658	0.00461	0.00527	0.00922
47	0.03179	0.04056	0.02412	0.02192	0.02631	0.66676	0.01644	0.03398	0.02412	0.02083	0.01315	0.01535	0.01096	0.00877	0.00767	0.00219	0.01535	0.00548	0.00438	0.00987
48	0.01204	0.00870	0.01138	0.01071	0.01271	0.00803	0.00803	0.01606	0.02409	0.03413	0.64335	0.06357	0.08030	0.01740	0.01004	0.00268	0.00401	0.01539	0.00937	0.00803
49	0.03277	0.02316	0.02512	0.01926	0.02605	0.02538	0.01591	0.57735	0.03887	0.09736	0.02139	0.02105	0.01495	0.01024	0.00852	0.00256	0.00921	0.00773	0.00866	0.01447
50	0.01037	0.00741	0.00987	0.01185	0.01234	0.00691	0.00790	0.01185	0.01629	0.02172	0.04690	0.69537	0.05629	0.02666	0.01086	0.00346	0.00494	0.02419	0.00790	0.00691
51	0.02275	0.70604	0.04459	0.01456	0.02184	0.03367	0.01456	0.02548	0.01729	0.02002	0.01183	0.01365	0.01092	0.00728	0.00546	0.00182	0.00910	0.00455	0.00364	0.01092
52	0.01042	0.00864	0.00912	0.00900	0.01171	0.00734	0.00675	0.01291	0.02024	0.02500	0.18665	0.07859	0.54269	0.02080	0.01005	0.00284	0.00426	0.01750	0.00817	0.00734
53	0.03818	0.01448	0.01975	0.01514	0.02172	0.01251	0.01251	0.04147	0.02436	0.65373	0.03357	0.02897	0.02107	0.01053	0.00856	0.00263	0.00724	0.00856	0.01053	0.01448
54	0.01607	0.01513	0.02552	0.68047	0.05861	0.01891	0.02363	0.02174	0.01702	0.02174	0.01513	0.02269	0.01134	0.00851	0.00851	0.00284	0.01134	0.00756	0.00378	0.00945
55	0.01039	0.00863	0.00908	0.00897	0.01170	0.00732	0.00672	0.01285	0.02017	0.02483	0.17824	0.07887	0.55120	0.02087	0.01005	0.00284	0.00426	0.01754	0.00814	0.00732
56	0.01037	0.00741	0.00987	0.01185	0.01234	0.00691	0.00790	0.01185	0.01629	0.02172	0.04690	0.69537	0.05629	0.02666	0.01086	0.00346	0.00494	0.02419	0.00790	0.00691
57	0.01222	0.01013	0.01090	0.01070	0.01353	0.00962	0.00800	0.01822	0.12278	0.02641	0.14509	0.13700	0.40453	0.01988	0.00991	0.00291	0.00475	0.01690	0.00822	0.00832
58	0.02106	0.02022	0.03454	0.05223	0.64784	0.02022	0.02612	0.02612	0.01938	0.02780	0.01601	0.02106	0.01348	0.00758	0.00842	0.00253	0.01011	0.00758	0.00421	0.01348
59	0.03025	0.02259	0.02441	0.01858	0.02550	0.02424	0.01530	0.53400	0.03682	0.04993	0.01967	0.02003	0.01421	0.00966	0.00820	0.00237	0.00893	0.00729	0.00802	0.12000
60	0.01495	0.05279	0.01631	0.01249	0.01678	0.01224	0.01001	0.01807	0.01665	0.02405	0.03107	0.03481	0.13550	0.02564	0.18872	0.00516	0.04537	0.00887	0.04823	0.28229
61	0.02223	0.54945	0.15382	0.01672	0.02479	0.06660	0.01771	0.02622	0.01780	0.02132	0.01253	0.01452	0.01090	0.00751	0.00606	0.00200	0.01008	0.00492	0.00367	0.01116
62	0.02120	0.38802	0.25575	0.01892	0.02743	0.07452	0.02082	0.02633	0.01779	0.02252	0.01309	0.01556	0.01089	0.00810	0.00780	0.00226	0.04861	0.00539	0.00368	0.01133
63	0.01037	0.00741	0.00987	0.01185	0.01234	0.00691	0.00790	0.01185	0.01629	0.02172	0.04690	0.69537	0.05629	0.02666	0.01086	0.00346	0.00494	0.02419	0.00790	0.00691
64	0.02376	0.10158	0.07134	0.02388	0.12841	0.27489	0.01723	0.05985	0.02209	0.02473	0.02709	0.03050	0.11532	0.01108	0.00818	0.00244	0.01118	0.03077	0.00515	0.01053
65	0.02106	0.02022	0.03454	0.05223	0.64784	0.02022	0.02612	0.02612	0.01938	0.02780	0.01601	0.02106	0.01348	0.00758	0.00842	0.00253	0.01011	0.00758	0.00421	0.01348
66	0.02117	0.01828	0.01924	0.01732	0.02213	0.02117	0.01347	0.04522	0.63246	0.03560	0.03464	0.03175	0.02598	0.01155	0.00866	0.00289	0.00673	0.00962	0.00866	0.01347
67	0.02275	0.70604	0.04459	0.01456	0.02184	0.03367	0.01456	0.02548	0.01729	0.02002	0.01183	0.01365	0.01092	0.00728	0.00546	0.00182	0.00910	0.00455	0.00364	0.01092
68	0.01006	0.00862	0.00862	0.00862	0.01149	0.00718	0.00647	0.01221	0.01940	0.02299	0.08621	0.08190	0.64438	0.02155	0.01006	0.00287	0.00431	0.01796	0.00790	0.00718
69	0.03194	0.03620	0.02449	0.02131	0.02633	0.49973	0.01637	0.18669	0.02826	0.02938	0.01505	0.01667	0.01188	0.00915	0.00789	0.00229	0.01379	0.00605	0.00546	0.01107
70	0.06290	0.02367	0.02023	0.05418	0.02327	0.21276	0.01376	0.19345	0.02475	0.03059	0.02307	0.05618	0.05436	0.12061	0.01473	0.00348	0.04302	0.00888	0.00602	0.01007
71	0.02794	0.32406	0.03284	0.01879	0.02441	0.39706	0.01564	0.03036	0.02121	0.02048	0.01259	0.01462	0.01094	0.00814	0.00673	0.00203	0.01269	0.00508	0.00407	0.01032
72	0.01219	0.00899	0.01301	0.01301	0.01431	0.01028	0.00981	0.01477	0.01348	0.01927	0.02340	0.03678	0.02273	0.15977	0.57325	0.01286	0.02060	0.00961	0.00465	0.00723
73	0.01035	0.00748	0.00980	0.01166	0.01229	0.00693	0.00782	0.01187	0.01647	0.02180	0.04918	0.65993	0.09026	0.02637	0.01082	0.00342	0.00490	0.02383	0.00790	0.00693
74	0.02835	0.03421	0.02691	0.05632	0.19055	0.47124	0.01927	0.03143	0.02259	0.02269	0.01398	0.01714	0.01164	0.00845	0.00790	0.00231	0.01381	0.00612	0.00432	0.01080
75	0.02539	0.01436	0.01722	0.01405	0.01889	0.01395	0.01129	0.17419	0.02740	0.24111	0.19916	0.04434	0.13380	0.01401	0.00917	0.00266	0.00646	0.01162	0.00931	0.01162
76	0.01262	0.00976	0.01138	0.01244	0.05037	0.00856	0.00887	0.01524	0.01968	0.05602	0.07406	0.07740	0.49840	0.02041	0.01010	0.00298	0.00526	0.09063	0.00781	0.00801
77	0.02029	0.01944	0.03316	0.14888	0.55719	0.02002	0.02574	0.02544	0.01901	0.02687	0.01587	0.02131	0.01315	0.00772	0.00844	0.00257	0.01030	0.00758	0.00415	0.01286
78	0.01707	0.01640	0.02812	0.53041	0.13382	0.01957	0.05693	0.02257	0.01731	0.02279	0.01517	0.02230	0.01171	0.00861	0.00950	0.00284	0.04323	0.00770	0.00386	0.01009
79	0.01862	0.01862	0.02607	0.02234	0.02234	0.02607	0.01862	0.02048	0.01303	0.02048	0.01117	0.01862	0.01117	0.01489	0.02793	0.00372	0.68535	0.00745	0.00372	0.00931
80	0.02482	0.02837	0.03032	0.09627	0.23859	0.28990	0.07738	0.02875	0.02082	0.02383	0.01456	0.01887	0.01204	0.00856	0.00942	0.00252	0.05267	0.00693	0.00422	0.01115
81	0.01088	0.00851	0.00895	0.00892	0.01084	0.00756	0.00612	0.01243	0.01736	0.02140	0.09128	0.07274	0.42406	0.23841	0.02068	0.00458	0.00556	0.01607	0.00709	0.00657
82	0.02310	0.02409	0.03256	0.04647	0.52962	0.14319	0.02428	0.02761	0.02028	0.02648	0.01546	0.01998	0.01300	0.00781	0.00828	0.00246	0.01111	0.00718	0.00425	0.01279
83	0.01862	0.01862	0.02607	0.02234	0.02234	0.02607	0.01862	0.02048	0.01303	0.02048	0.01117	0.01862	0.01117	0.01489	0.02793	0.00372	0.68535	0.00745	0.00372	0.00931
84	0.01044	0.00864	0.00914	0.00902	0.01173	0.00734	0.00676	0.01294	0.02029	0.02511	0.19218	0.07841	0.53709	0.02076	0.01005	0.00284	0.00425	0.01747	0.00818	0.00734
85	0.01216	0.00912	0.01368	0.01368	0.01520	0.01064	0.01064	0.01520	0.01368	0.01976	0.02279	0.03343	0.02127	0.06382	0.66720	0.01368	0.02279	0.00912	0.00456	0.00760
86	0.01006	0.00862	0.00862	0.00862	0.01149	0.00718	0.00647	0.01221	0.01940	0.02299	0.08621	0.08190	0.64438	0.02155	0.01006	0.00287	0.00431	0.01796	0.00790	0.00718
87	0.01126	0.00874	0.01029	0.01012	0.01252	0.00777	0.00773	0.01443	0.02163	0.02843	0.34649	0.07426	0.33443	0.01973	0.01017	0.00286	0.00443	0.05847	0.00859	0.00763
88	0.76103	0.01646	0.01251	0.01119	0.01646	0.01909	0.00922	0.02502	0.01448	0.03818	0.01185	0.01382	0.00922	0.00790	0.00527	0.00263	0.00658	0.00461	0.00527	0.00922
89	0.01607	0.01513	0.02552	0.68047	0.05861	0.01891	0.02363	0.02174	0.01702	0.02174	0.01513	0.02269	0.01134	0.00851	0.00851	0.00284	0.01134	0.00756	0.00378	0.00945
90	0.01607	0.01513	0.02552	0.68047	0.05861	0.01891	0.02363	0.02174	0.01702	0.02174	0.01513	0.02269	0.01134	0.00851	0.00851	0.00284	0.01134	0.00756	0.00378	0.00945
91	0.76103	0.01646	0.01251	0.01119	0.01646	0.01909	0.00922	0.02502	0.01448	0.03818	0.01185	0.01382	0.00922	0.00790	0.00527	0.00263	0.00658	0.00461	0.00527	0.00922
92	0.01232	0.00848	0.01044	0.01044	0.01084	0.00888	0.00660	0.01312	0.01272	0.01736	0.02576	0.04983	0.02840	0.53332	0.20744	0.00968	0.01208	0.01152	0.00500	0.00580
93	0.01598	0.00983	0.01555	0.01891	0.13220	0.00983	0.01095	0.01395	0.01266	0.01726	0.01502	0.02495	0.01453	0.02538	0.02854	0.60978	0.00791	0.00743	0.00379	0.00556
94	0.01964	0.02538	0.12494	0.03376	0.04245	0.02152	0.51486	0.02689	0.01948	0.02689	0.01668	0.02212	0.01256	0.00766	0.01066	0.00289	0.04646	0.00945	0.00419	0.01151
95	0.03182	0.02242	0.02439	0.01895	0.02554	0.02458	0.01557	0.50989	0.09563	0.10821	0.02303	0.02232	0.01620	0.01037	0.00853	0.00259	0.00891	0.00793	0.00872	0.01438
96	0.03235	0.02384	0.02554	0.01958	0.02639	0.02639	0.01618	0.61946	0.04001	0.05363	0.02043	0.02043	0.01447	0.01022	0.00851	0.00255	0.00936	0.00766	0.00851	0.01447
97	0.01238	0.00825	0.00928	0.00928	0.00928	0.00825	0.00516	0.01238	0.01238	0.01650	0.02681	0.05569	0.03094	0.70092	0.04331	0.00825	0.00825	0.01238	0.00516	0.00516
98	0.02117	0.01828	0.01924	0.01732	0.02213	0.02117	0.01347	0.04522	0.63246	0.03560	0.03464	0.03175	0.02598	0.01155	0.00866	0.00289	0.00673	0.00962	0.00866	0.01347
99	0.03124	0.03941	0.02387	0.02169	0.02609	0.63357	0.01629	0.03456	0.05539	0.02159	0.01426	0.01619	0.01173	0.00891	0.00772	0.00223	0.01490	0.00569	0.00460	0.01005
100	0.07925	0.01716	0.02090	0.01612	0.02269	0.01669	0.01332	0.19850	0.02805	0.45336	0.02870	0.02574	0.01856	0.01029	0.00835	0.00261	0.00778	0.00808	0.00967	0.01417
101	0.01707	0.04402	0.65683	0.02426	0.03683	0.01976	0.03144	0.02695	0.01797	0.02695	0.01527	0.01797	0.01078	0.00809	0.00809	0.00270	0.01258	0.00629	0.00359	0.01258
102	0.01037	0.00741	0.00987	0.01185	0.01234	0.00691	0.00790	0.01185	0.01629	0.02172	0.04690	0.69537	0.05629	0.02666	0.01086	0.00346	0.00494	0.02419	0.00790	0.00691
103	0.01607	0.01513	0.02552	0.68047	0.05861	0.01891	0.02363	0.02174	0.01702	0.02174	0.01513	0.02269	0.01134	0.00851	0.00851	0.00284	0.01134	0.00756	0.00378	0.00945
104	0.01707	0.04402	0.65683	0.02426	0.03683	0.01976	0.03144	0.02695	0.01797	0.02695	0.01527	0.01797	0.01078	0.00809	0.00809	0.00270	0.01258	0.00629	0.00359	0.01258
105	0.01048	0.00745	0.00984	0.01171	0.01217	0.00699	0.00775	0.01188	0.01607	0.02143	0.04579	0.65975	0.05487	0.06421	0.01267	0.00372	0.00512	0.02353	0.00775	0.00681
106	0.01119	0.00810	0.00928	0.00985	0.01074	0.00759	0.00629	0.01218	0.01534	0.01970	0.04810	0.24699	0.19825	0.32929	0.02528	0.00547	0.00627	0.01724	0.00666	0.00619
107	0.03162	0.02559	0.02499	0.01974	0.02613	0.10566	0.01605	0.51281	0.07300	0.04849	0.02037	0.02047	0.01472	0.01011	0.00842	0.00253	0.00995	0.00751	0.00801	0.01384
108	0.01037	0.00741	0.00987	0.01185	0.01234	0.00691	0.00790	0.01185	0.01629	0.02172	0.04690	0.69537	0.05629	0.02666	0.01086	0.00346	0.00494	0.02419	0.00790	0.00691
