[name]
unknown

[dist]
# distance from previous block
# <min> <max>
0	0

[block]
# block no. 0 follows, 22 sequences, length 16
# corresponding to MSA columns:
# 0-15
name=unknown_A
#
# <colnr> <probs for GDERKNQSTAVLIFYWHMCP>
#	G	D	E	R	K	N	Q	S	T	A	V	L	I	F	Y	W	H	M	C	P
0	0.01339	0.00956	0.01339	0.01530	0.01721	0.00956	0.01339	0.01721	0.01912	0.02486	0.04399	0.09371	0.04781	0.02295	0.01147	0.00382	0.00765	0.60031	0.00765	0.00765
1	0.02000	0.18722	0.03245	0.25529	0.25881	0.06550	0.02133	0.02441	0.01795	0.02286	0.01417	0.01898	0.01169	0.00771	0.00750	0.00238	0.01037	0.00654	0.00385	0.01100
2	0.16560	0.01739	0.02662	0.25097	0.33500	0.01910	0.02146	0.02389	0.01723	0.02720	0.01455	0.01969	0.01166	0.00776	0.00764	0.00259	0.00959	0.00683	0.00418	0.01106
3	0.02580	0.02853	0.02359	0.15290	0.06531	0.35718	0.01736	0.09694	0.02273	0.02523	0.01502	0.01848	0.01201	0.00900	0.00872	0.00239	0.04851	0.00637	0.05383	0.01011
4	0.00989	0.00813	0.00871	0.00918	0.01142	0.00695	0.00665	0.01184	0.01820	0.02214	0.07487	0.23070	0.50809	0.02225	0.01001	0.00294	0.00436	0.01901	0.00771	0.00695
5	0.01799	0.01444	0.01844	0.17673	0.02744	0.01478	0.01333	0.14158	0.02109	0.02914	0.05600	0.11049	0.02334	0.09084	0.01200	0.00298	0.00788	0.00972	0.00590	0.20590
6	0.01281	0.01022	0.01376	0.01652	0.08780	0.00967	0.01177	0.01617	0.01946	0.02510	0.11336	0.07749	0.25745	0.01993	0.01036	0.00320	0.00635	0.27309	0.00741	0.00808
7	0.01122	0.00902	0.01117	0.01165	0.01271	0.00927	0.00832	0.01277	0.01603	0.02092	0.05092	0.36838	0.22467	0.09103	0.01559	0.00370	0.09009	0.01864	0.00694	0.00695
8	0.02370	0.01755	0.02190	0.02342	0.15005	0.01892	0.01548	0.03969	0.40166	0.14854	0.02994	0.02838	0.02201	0.01031	0.00839	0.00270	0.00733	0.00880	0.00791	0.01333
9	0.01673	0.01676	0.03003	0.18542	0.03554	0.01936	0.20250	0.02126	0.01588	0.02216	0.01593	0.02335	0.01346	0.02041	0.14857	0.00514	0.18570	0.00840	0.00399	0.00943
10	0.02653	0.03218	0.02410	0.10398	0.02880	0.46201	0.01735	0.02903	0.02049	0.02037	0.01269	0.01651	0.01079	0.00974	0.01160	0.00252	0.15177	0.00599	0.00408	0.00947
11	0.01810	0.01094	0.01252	0.01113	0.01500	0.00994	0.00868	0.02306	0.09169	0.18556	0.10439	0.06011	0.38251	0.01694	0.00929	0.00273	0.00518	0.01412	0.00854	0.00957
12	0.01100	0.00763	0.00949	0.01050	0.01088	0.00733	0.00665	0.01201	0.01482	0.01987	0.07324	0.40623	0.04642	0.29809	0.02322	0.00520	0.00606	0.01851	0.00672	0.00613
13	0.01120	0.00805	0.01075	0.01129	0.01235	0.00797	0.00796	0.01351	0.01718	0.02378	0.21866	0.29641	0.05193	0.11508	0.14886	0.00575	0.00848	0.01666	0.00715	0.00700
14	0.02240	0.02384	0.03000	0.13462	0.41820	0.17812	0.02286	0.02675	0.01971	0.02465	0.01483	0.01944	0.01227	0.00781	0.00806	0.00243	0.01128	0.00690	0.00409	0.01174
15	0.33294	0.01440	0.01619	0.01779	0.11572	0.01546	0.01181	0.02417	0.05897	0.07020	0.17708	0.02976	0.02947	0.01292	0.03826	0.00308	0.00711	0.00836	0.00648	0.00985

[dist]
# distance from previous block
# <min> <max>
6	12

[block]
# block no. 1 follows, 22 sequences, length 11
# corresponding to MSA columns:
# 28-38
name=unknown_B
#
# <colnr> <probs for GDERKNQSTAVLIFYWHMCP>
#	G	D	E	R	K	N	Q	S	T	A	V	L	I	F	Y	W	H	M	C	P
0	0.02063	0.02957	0.21582	0.02852	0.17408	0.13942	0.08322	0.02640	0.01912	0.02557	0.01486	0.01819	0.01171	0.00748	0.00776	0.00225	0.01124	0.00642	0.00413	0.15362
1	0.01704	0.02093	0.14395	0.33717	0.16107	0.01769	0.02285	0.02293	0.01732	0.02421	0.01496	0.02021	0.01156	0.00772	0.00787	0.00244	0.01029	0.00677	0.00393	0.12908
2	0.01843	0.01592	0.02447	0.16095	0.27355	0.01682	0.01925	0.09149	0.02166	0.02977	0.13705	0.03683	0.02890	0.01143	0.00891	0.00271	0.00867	0.07647	0.00585	0.01088
3	0.01905	0.01548	0.01394	0.01307	0.01557	0.13358	0.00984	0.08914	0.01962	0.02711	0.02347	0.09183	0.02102	0.02068	0.10675	0.08055	0.00963	0.00893	0.27247	0.00826
4	0.01622	0.01402	0.07911	0.01274	0.01685	0.01068	0.01080	0.05406	0.01996	0.08899	0.17221	0.14216	0.11091	0.09629	0.01280	0.00319	0.00634	0.01286	0.00719	0.11262
5	0.01334	0.01568	0.13555	0.01353	0.01613	0.01180	0.01182	0.01595	0.01486	0.02090	0.09578	0.10772	0.03242	0.35950	0.02744	0.00550	0.07753	0.01192	0.00533	0.00731
6	0.13459	0.01282	0.01515	0.07788	0.01909	0.01356	0.01025	0.01883	0.01448	0.04754	0.01878	0.03158	0.01853	0.27102	0.02228	0.00448	0.08668	0.00818	0.00494	0.16935
7	0.01115	0.00781	0.00919	0.00986	0.01034	0.00748	0.00611	0.01188	0.01417	0.01858	0.03943	0.28233	0.10804	0.39480	0.02767	0.00585	0.00650	0.01669	0.00626	0.00585
8	0.01171	0.00790	0.00917	0.00953	0.00963	0.00781	0.00554	0.01198	0.01280	0.01707	0.02988	0.17688	0.03488	0.57914	0.03630	0.00717	0.00744	0.01426	0.00554	0.00536
9	0.09550	0.25779	0.32311	0.02098	0.06953	0.05511	0.02206	0.02592	0.01736	0.02498	0.01342	0.01583	0.01060	0.00762	0.00678	0.00231	0.01054	0.00546	0.00377	0.01135
10	0.02139	0.02254	0.02903	0.22733	0.35031	0.15875	0.02279	0.02591	0.01924	0.02400	0.01479	0.01983	0.01204	0.00791	0.00809	0.00248	0.01130	0.00696	0.00403	0.01128

[dist]
# distance from previous block
# <min> <max>
0	2

[block]
# block no. 2 follows, 22 sequences, length 33
# corresponding to MSA columns:
# 41-73
name=unknown_C
#
# <colnr> <probs for GDERKNQSTAVLIFYWHMCP>
#	G	D	E	R	K	N	Q	S	T	A	V	L	I	F	Y	W	H	M	C	P
0	0.02060	0.02030	0.02501	0.22019	0.15851	0.13513	0.04499	0.08823	0.02015	0.02519	0.01693	0.02410	0.01438	0.07392	0.07367	0.00402	0.01224	0.00769	0.00459	0.01016
1	0.01638	0.07019	0.01704	0.04751	0.01846	0.04263	0.01106	0.11364	0.02176	0.02821	0.15013	0.04702	0.18939	0.02448	0.14130	0.00474	0.00984	0.03059	0.00672	0.00892
2	0.01067	0.00853	0.00960	0.00956	0.01205	0.00746	0.00733	0.01344	0.02027	0.02577	0.24449	0.07592	0.43783	0.02003	0.00995	0.00283	0.00441	0.06444	0.00812	0.00730
3	0.02333	0.01865	0.01990	0.01721	0.02233	0.02121	0.01358	0.14834	0.50684	0.06517	0.03129	0.02890	0.02315	0.01100	0.00842	0.00275	0.00705	0.00901	0.00851	0.01337
4	0.15506	0.01811	0.01827	0.01608	0.02106	0.02085	0.01269	0.10334	0.46461	0.03709	0.02835	0.02668	0.02123	0.01050	0.00785	0.00274	0.00682	0.00831	0.00785	0.01251
5	0.03103	0.03959	0.02354	0.02140	0.02568	0.67469	0.01605	0.03317	0.02354	0.02033	0.01284	0.01498	0.01070	0.00856	0.00749	0.00214	0.01498	0.00535	0.00428	0.00963
6	0.00982	0.00842	0.00842	0.00842	0.01122	0.00701	0.00631	0.01192	0.01894	0.02244	0.08416	0.07995	0.65285	0.02104	0.00982	0.00281	0.00421	0.01753	0.00771	0.00701
7	0.02959	0.02066	0.02270	0.01772	0.02359	0.02256	0.01442	0.50341	0.03450	0.09780	0.02157	0.02382	0.01618	0.06436	0.04496	0.00347	0.00956	0.00796	0.00803	0.01311
8	0.12685	0.10971	0.46214	0.02052	0.03084	0.02108	0.02481	0.06504	0.01838	0.02886	0.01439	0.01666	0.01055	0.00792	0.00725	0.00252	0.01086	0.00581	0.00406	0.01175
9	0.03062	0.03502	0.02359	0.02069	0.02549	0.50355	0.01585	0.16003	0.05845	0.02786	0.01542	0.01685	0.01218	0.00900	0.00771	0.00225	0.01331	0.00601	0.00535	0.01076
10	0.02245	0.02332	0.03188	0.04566	0.54253	0.13783	0.02379	0.02688	0.01975	0.02591	0.01512	0.01955	0.01272	0.00761	0.00809	0.00241	0.01079	0.00703	0.00414	0.01252
11	0.01802	0.16045	0.49484	0.02455	0.09149	0.02176	0.02726	0.02598	0.01755	0.02518	0.01438	0.01707	0.01080	0.00771	0.00747	0.00246	0.01145	0.00595	0.00357	0.01207
12	0.01254	0.04558	0.01330	0.01243	0.03949	0.01013	0.00926	0.01666	0.05072	0.02708	0.26243	0.06748	0.29027	0.01817	0.00967	0.00281	0.00514	0.09088	0.00787	0.00811
13	0.02036	0.01954	0.03336	0.07687	0.63189	0.01969	0.02540	0.02532	0.01882	0.02690	0.01559	0.02063	0.01307	0.00744	0.00823	0.00248	0.00992	0.00740	0.00410	0.01300
14	0.01309	0.01264	0.01099	0.01059	0.01372	0.08030	0.00798	0.01714	0.07595	0.02333	0.07189	0.06849	0.52657	0.01881	0.00944	0.00273	0.00559	0.01548	0.00741	0.00785
15	0.02056	0.01974	0.03372	0.05099	0.65622	0.01974	0.02550	0.02550	0.01892	0.02714	0.01563	0.02056	0.01316	0.00740	0.00822	0.00247	0.00987	0.00740	0.00411	0.01316
16	0.02318	0.25251	0.03105	0.01893	0.02274	0.13997	0.01624	0.08955	0.01881	0.02340	0.01243	0.01621	0.01114	0.01055	0.01454	0.00264	0.27562	0.00603	0.00422	0.01025
17	0.01158	0.00867	0.01087	0.01083	0.01299	0.00795	0.00847	0.01505	0.02162	0.02916	0.40506	0.07209	0.21169	0.01904	0.01011	0.00288	0.00466	0.12116	0.00853	0.00761
18	0.25734	0.09003	0.34233	0.01860	0.02700	0.02083	0.02115	0.02499	0.01594	0.02864	0.01317	0.01594	0.01008	0.00839	0.00861	0.00263	0.07391	0.00557	0.00405	0.01079
19	0.06828	0.21785	0.21542	0.01953	0.02657	0.21235	0.01959	0.02721	0.01845	0.02287	0.01284	0.01548	0.01055	0.00847	0.00868	0.00235	0.07360	0.00546	0.00385	0.01059
20	0.01337	0.00932	0.01089	0.01114	0.01307	0.00892	0.00784	0.01733	0.08532	0.06685	0.05121	0.31523	0.20991	0.12267	0.01467	0.00379	0.00548	0.01762	0.00758	0.00778
21	0.02057	0.01965	0.03299	0.04933	0.62531	0.01978	0.02489	0.02640	0.04923	0.02751	0.01651	0.02107	0.01375	0.00759	0.00824	0.00248	0.00971	0.00750	0.00432	0.01316
22	0.01009	0.00736	0.00951	0.01123	0.01196	0.00678	0.00756	0.01161	0.01623	0.02134	0.04991	0.63579	0.11912	0.02549	0.01052	0.00331	0.00475	0.02296	0.00771	0.00678
23	0.02032	0.01949	0.03328	0.08311	0.62602	0.01967	0.02537	0.02528	0.01880	0.02684	0.01558	0.02064	0.01305	0.00745	0.00823	0.00248	0.00993	0.00740	0.00409	0.01296
24	0.02861	0.02498	0.02465	0.14019	0.03142	0.15341	0.01715	0.40071	0.03193	0.04038	0.01760	0.01936	0.01290	0.00939	0.00815	0.00247	0.01065	0.00704	0.00668	0.01235
25	0.01193	0.00908	0.01247	0.13257	0.01945	0.00941	0.00976	0.01422	0.01656	0.02218	0.14904	0.26988	0.06670	0.19820	0.01824	0.00432	0.00660	0.01588	0.00656	0.00696
26	0.02016	0.01933	0.03300	0.10306	0.60727	0.01963	0.02530	0.02515	0.01873	0.02666	0.01556	0.02069	0.01299	0.00748	0.00823	0.00249	0.00997	0.00740	0.00408	0.01284
27	0.02205	0.02291	0.03117	0.09772	0.49358	0.13773	0.02359	0.02653	0.01956	0.02543	0.01505	0.01968	0.01255	0.00768	0.00810	0.00243	0.01089	0.00703	0.00411	0.01220
28	0.03152	0.03367	0.02248	0.01993	0.02463	0.51526	0.01518	0.03516	0.06134	0.13691	0.01772	0.01836	0.01338	0.00904	0.00771	0.00226	0.01304	0.00614	0.00562	0.01066
29	0.01995	0.01868	0.03056	0.04471	0.54142	0.01894	0.02329	0.02653	0.07728	0.02766	0.01979	0.02787	0.01730	0.00911	0.00853	0.00262	0.00937	0.05891	0.00483	0.01268
30	0.02565	0.02705	0.02476	0.02554	0.13811	0.26628	0.01734	0.10883	0.15314	0.02865	0.01844	0.02033	0.01468	0.00975	0.01006	0.00255	0.08469	0.00705	0.00557	0.01152
31	0.14936	0.01030	0.01113	0.01025	0.01342	0.00988	0.00793	0.01811	0.02041	0.08201	0.30825	0.05614	0.24082	0.01603	0.00885	0.00266	0.00472	0.01337	0.00807	0.00830
32	0.04530	0.01933	0.02333	0.02163	0.09086	0.13334	0.12213	0.02590	0.07222	0.08559	0.08691	0.03902	0.17446	0.01223	0.00882	0.00260	0.00902	0.01070	0.00641	0.01020

[dist]
# distance from previous block
# <min> <max>
2	9

[block]
# block no. 3 follows, 22 sequences, length 22
# corresponding to MSA columns:
# 83-104
name=unknown_D
#
# <colnr> <probs for GDERKNQSTAVLIFYWHMCP>
#	G	D	E	R	K	N	Q	S	T	A	V	L	I	F	Y	W	H	M	C	P
0	0.02746	0.06282	0.02474	0.02260	0.08661	0.32648	0.01623	0.13807	0.15735	0.02962	0.01877	0.01973	0.01467	0.00920	0.00781	0.00236	0.01137	0.00674	0.00582	0.01156
1	0.12987	0.27893	0.02917	0.01736	0.02278	0.35251	0.01441	0.02897	0.01984	0.02240	0.01220	0.01418	0.01045	0.00792	0.00639	0.00207	0.01160	0.00491	0.00414	0.00991
2	0.12145	0.13330	0.48724	0.02058	0.03114	0.02111	0.02537	0.02585	0.01698	0.02688	0.01397	0.01639	0.01033	0.00776	0.00715	0.00250	0.01099	0.00567	0.00374	0.01160
3	0.02221	0.71304	0.04353	0.01421	0.02132	0.03287	0.01421	0.02488	0.01688	0.01955	0.01155	0.01333	0.01066	0.00711	0.00533	0.00178	0.00888	0.00444	0.00355	0.01066
4	0.01720	0.00973	0.01265	0.01121	0.01424	0.00872	0.00865	0.02079	0.02312	0.17106	0.45933	0.05636	0.12210	0.01590	0.00948	0.00262	0.00464	0.01380	0.00926	0.00915
5	0.01187	0.00890	0.01335	0.01335	0.01483	0.01038	0.01038	0.01483	0.01335	0.01928	0.02225	0.03264	0.02077	0.06231	0.67512	0.01335	0.02225	0.00890	0.00445	0.00742
6	0.01062	0.00845	0.00953	0.00926	0.01171	0.00736	0.00694	0.01348	0.02083	0.02695	0.31944	0.07253	0.41476	0.01936	0.00981	0.00273	0.00409	0.01649	0.00831	0.00736
7	0.01048	0.00749	0.01005	0.01198	0.01262	0.00706	0.00834	0.01219	0.01626	0.02161	0.04559	0.63520	0.05416	0.02569	0.01070	0.00342	0.00513	0.08747	0.00770	0.00685
8	0.03103	0.03959	0.02354	0.02140	0.02568	0.67469	0.01605	0.03317	0.02354	0.02033	0.01284	0.01498	0.01070	0.00856	0.00749	0.00214	0.01498	0.00535	0.00428	0.00963
9	0.76672	0.01607	0.01221	0.01092	0.01607	0.01864	0.00900	0.02442	0.01414	0.03727	0.01157	0.01350	0.00900	0.00771	0.00514	0.00257	0.00643	0.00450	0.00514	0.00900
10	0.02056	0.01974	0.03372	0.05099	0.65622	0.01974	0.02550	0.02550	0.01892	0.02714	0.01563	0.02056	0.01316	0.00740	0.00822	0.00247	0.00987	0.00740	0.00411	0.01316
11	0.01125	0.00965	0.01012	0.00917	0.01286	0.00780	0.00700	0.01366	0.01860	0.02334	0.07072	0.06780	0.52881	0.01816	0.00911	0.00250	0.00458	0.01509	0.00717	0.15260
12	0.01077	0.00827	0.01233	0.01317	0.01419	0.00772	0.04992	0.01259	0.01616	0.02158	0.04381	0.65619	0.05205	0.02473	0.01055	0.00333	0.00545	0.02267	0.00747	0.00705
13	0.01274	0.01019	0.01503	0.01452	0.01580	0.01247	0.01146	0.01555	0.01326	0.01938	0.02068	0.03063	0.01940	0.05568	0.58528	0.01200	0.11524	0.00867	0.00434	0.00765
14	0.03727	0.01414	0.01928	0.01478	0.02121	0.01221	0.01221	0.04049	0.02378	0.66198	0.03277	0.02828	0.02056	0.01028	0.00835	0.00257	0.00707	0.00835	0.01028	0.01414
15	0.01982	0.02116	0.04240	0.03035	0.03849	0.01957	0.49029	0.05671	0.02021	0.02802	0.01662	0.02140	0.01263	0.00701	0.00911	0.00252	0.01243	0.00886	0.00454	0.13786
16	0.01989	0.01905	0.03250	0.13934	0.57316	0.01956	0.02516	0.02490	0.01860	0.02632	0.01551	0.02078	0.01287	0.00753	0.00824	0.00251	0.01004	0.00740	0.00405	0.01261
17	0.08124	0.03462	0.02306	0.02022	0.02504	0.49585	0.01552	0.15567	0.02611	0.02811	0.01422	0.01591	0.01129	0.00879	0.00750	0.00224	0.01319	0.00573	0.00517	0.01052
18	0.02023	0.01940	0.03312	0.09437	0.61544	0.01965	0.02533	0.02520	0.01876	0.02674	0.01557	0.02067	0.01302	0.00746	0.00823	0.00249	0.00995	0.00740	0.00408	0.01289
19	0.02056	0.01974	0.03372	0.05099	0.65622	0.01974	0.02550	0.02550	0.01892	0.02714	0.01563	0.02056	0.01316	0.00740	0.00822	0.00247	0.00987	0.00740	0.00411	0.01316
20	0.10435	0.12398	0.23675	0.02593	0.16638	0.04851	0.02166	0.09325	0.02032	0.06245	0.01563	0.01789	0.01188	0.00804	0.00736	0.00243	0.01012	0.00623	0.00474	0.01208
21	0.02035	0.02033	0.03710	0.04746	0.52091	0.02002	0.15810	0.02574	0.01907	0.02702	0.01589	0.02097	0.01304	0.00731	0.00857	0.00254	0.01078	0.00793	0.00413	0.01273

[dist]
# distance from previous block
# <min> <max>
0	1

[block]
# block no. 4 follows, 22 sequences, length 6
# corresponding to MSA columns:
# 106-111
name=unknown_E
#
# <colnr> <probs for GDERKNQSTAVLIFYWHMCP>
#	G	D	E	R	K	N	Q	S	T	A	V	L	I	F	Y	W	H	M	C	P
0	0.02497	0.17420	0.02505	0.01753	0.02225	0.36929	0.01395	0.02970	0.09334	0.02214	0.02509	0.02568	0.10321	0.01034	0.00748	0.00224	0.01120	0.00735	0.00510	0.00989
1	0.01796	0.19961	0.51972	0.02147	0.03253	0.02247	0.02684	0.02597	0.01739	0.02473	0.01412	0.01655	0.01056	0.00771	0.00729	0.00243	0.01148	0.00574	0.00352	0.01190
2	0.01369	0.01003	0.01183	0.01190	0.01370	0.00992	0.00844	0.10622	0.01994	0.02636	0.08572	0.39083	0.13294	0.10159	0.01377	0.00365	0.00571	0.01836	0.00759	0.00779
3	0.02040	0.02018	0.03626	0.04834	0.55452	0.01995	0.12516	0.02568	0.01903	0.02705	0.01582	0.02087	0.01307	0.00734	0.00849	0.00252	0.01056	0.00780	0.00413	0.01283
4	0.01821	0.01583	0.01383	0.01311	0.01618	0.14860	0.00979	0.02146	0.04927	0.09764	0.10146	0.18633	0.24114	0.01740	0.00926	0.00274	0.00702	0.01458	0.00745	0.00869
5	0.02147	0.02207	0.03092	0.13657	0.47517	0.11963	0.02371	0.02606	0.01930	0.02526	0.01508	0.01993	0.01249	0.00771	0.00812	0.00246	0.01082	0.00709	0.00408	0.01206

[dist]
# distance from previous block
# <min> <max>
0	1

[block]
# block no. 5 follows, 22 sequences, length 11
# corresponding to MSA columns:
# 113-123
name=unknown_F
#
# <colnr> <probs for GDERKNQSTAVLIFYWHMCP>
#	G	D	E	R	K	N	Q	S	T	A	V	L	I	F	Y	W	H	M	C	P
0	0.01838	0.06616	0.02035	0.01619	0.01908	0.01821	0.01325	0.16277	0.01964	0.02731	0.01903	0.02579	0.01680	0.03783	0.35927	0.00830	0.12899	0.00796	0.00517	0.00953
1	0.17964	0.01749	0.01828	0.01416	0.02065	0.01727	0.01148	0.17931	0.07674	0.03637	0.01708	0.01834	0.01321	0.00791	0.00669	0.00198	0.00701	0.00588	0.00614	0.34438
2	0.01293	0.00894	0.01130	0.01173	0.01311	0.00878	0.00837	0.01458	0.01666	0.07068	0.04912	0.41072	0.17970	0.07346	0.01390	0.00355	0.05867	0.01895	0.00740	0.00743
3	0.01974	0.01890	0.03224	0.15787	0.55573	0.01952	0.02509	0.02478	0.01853	0.02615	0.01548	0.02083	0.01281	0.00755	0.00824	0.00252	0.01007	0.00740	0.00404	0.01250
4	0.01974	0.01890	0.03224	0.15815	0.55547	0.01952	0.02509	0.02478	0.01853	0.02615	0.01548	0.02083	0.01281	0.00755	0.00824	0.00252	0.01007	0.00740	0.00404	0.01250
5	0.02268	0.01430	0.01503	0.01287	0.01721	0.06889	0.01013	0.05860	0.05227	0.23758	0.11776	0.04958	0.25909	0.01487	0.00898	0.00263	0.00645	0.01222	0.00849	0.01037
6	0.02056	0.01974	0.03372	0.05099	0.65622	0.01974	0.02550	0.02550	0.01892	0.02714	0.01563	0.02056	0.01316	0.00740	0.00822	0.00247	0.00987	0.00740	0.00411	0.01316
7	0.02046	0.01844	0.01834	0.01586	0.01995	0.13071	0.01248	0.15377	0.02144	0.02803	0.01883	0.02416	0.01612	0.03195	0.29913	0.00696	0.01539	0.00730	0.00535	0.13533
8	0.01244	0.00919	0.01142	0.01241	0.01408	0.00888	0.00932	0.06088	0.01893	0.02464	0.05014	0.40871	0.15538	0.02324	0.01047	0.00330	0.00566	0.14559	0.00775	0.00756
9	0.02033	0.40943	0.22387	0.01742	0.02570	0.02700	0.01893	0.02821	0.11149	0.02385	0.01591	0.01725	0.01284	0.00797	0.00656	0.00219	0.00954	0.00569	0.00428	0.01152
10	0.15102	0.02846	0.02007	0.01816	0.02272	0.34860	0.01391	0.03533	0.22599	0.02794	0.01955	0.02002	0.01526	0.00931	0.00741	0.00244	0.01077	0.00654	0.00580	0.01069

[dist]
# distance from previous block
# <min> <max>
0	1

[block]
# block no. 6 follows, 22 sequences, length 17
# corresponding to MSA columns:
# 125-141
name=unknown_G
#
# <colnr> <probs for GDERKNQSTAVLIFYWHMCP>
#	G	D	E	R	K	N	Q	S	T	A	V	L	I	F	Y	W	H	M	C	P
0	0.02490	0.02009	0.08734	0.01698	0.02338	0.01841	0.01480	0.11641	0.30031	0.16987	0.02784	0.02614	0.01996	0.01001	0.00812	0.00254	0.00758	0.00812	0.00795	0.08925
1	0.05232	0.28718	0.03127	0.12437	0.02873	0.15080	0.01616	0.16606	0.02316	0.02823	0.01426	0.01660	0.01148	0.00826	0.00690	0.00220	0.01037	0.00579	0.00488	0.01098
2	0.03110	0.03759	0.02371	0.02112	0.02569	0.59492	0.01602	0.10636	0.02545	0.02427	0.01371	0.01559	0.01112	0.00873	0.00759	0.00218	0.01426	0.00561	0.00478	0.01018
3	0.01525	0.00963	0.01229	0.01216	0.01410	0.00927	0.00896	0.05595	0.01997	0.09050	0.19434	0.27932	0.05085	0.10968	0.01425	0.00370	0.00581	0.07785	0.00802	0.00812
4	0.01509	0.01073	0.01282	0.01207	0.01360	0.01143	0.00843	0.11706	0.01742	0.02361	0.02662	0.12318	0.02833	0.35600	0.17962	0.00777	0.01114	0.01198	0.00578	0.00734
5	0.01187	0.00890	0.01335	0.01335	0.01483	0.01038	0.01038	0.01483	0.01335	0.01928	0.02225	0.03264	0.02077	0.06231	0.67512	0.01335	0.02225	0.00890	0.00445	0.00742
6	0.02878	0.02284	0.02092	0.01746	0.02272	0.17103	0.01381	0.23203	0.10402	0.15978	0.02795	0.05931	0.05917	0.01137	0.00836	0.00253	0.00924	0.00884	0.00771	0.01214
7	0.01951	0.02032	0.06715	0.15178	0.49462	0.01957	0.05596	0.02491	0.01850	0.02611	0.01551	0.02075	0.01265	0.00755	0.00830	0.00254	0.01040	0.00745	0.00402	0.01238
8	0.01036	0.00733	0.00957	0.01126	0.01168	0.00691	0.00738	0.01163	0.01544	0.02058	0.04338	0.62293	0.05190	0.10987	0.01450	0.00395	0.00522	0.02220	0.00738	0.00654
9	0.20107	0.02632	0.02070	0.01745	0.02277	0.24024	0.01383	0.25869	0.02709	0.03667	0.01879	0.01974	0.04327	0.00952	0.00737	0.00241	0.01022	0.00657	0.00620	0.01108
10	0.02314	0.36997	0.13661	0.01759	0.02450	0.17610	0.01713	0.05680	0.01941	0.02246	0.01350	0.01597	0.01147	0.01127	0.04957	0.00278	0.01171	0.00537	0.00401	0.01065
11	0.03141	0.02844	0.02449	0.01984	0.02574	0.23129	0.01587	0.43996	0.03414	0.04221	0.01770	0.01837	0.01304	0.00953	0.00805	0.00238	0.01099	0.00681	0.00703	0.01270
12	0.01412	0.01250	0.01234	0.01294	0.01452	0.09575	0.00915	0.04537	0.01914	0.02418	0.11665	0.46775	0.08066	0.02157	0.00994	0.00305	0.00623	0.01905	0.00747	0.00764
13	0.16620	0.01662	0.02160	0.07126	0.23796	0.01745	0.01606	0.11941	0.02108	0.03172	0.03139	0.03297	0.16093	0.01111	0.00801	0.00259	0.00784	0.00920	0.00580	0.01080
14	0.01909	0.02346	0.15618	0.04295	0.49062	0.01877	0.02531	0.02471	0.01844	0.02657	0.01753	0.06621	0.01547	0.00876	0.00832	0.00256	0.01000	0.00825	0.00424	0.01255
15	0.02701	0.02885	0.02536	0.02718	0.17148	0.31298	0.01773	0.12837	0.12488	0.02937	0.01802	0.01966	0.01419	0.00896	0.00795	0.00238	0.01150	0.00682	0.00556	0.01174
16	0.02865	0.03426	0.02594	0.02809	0.17045	0.49346	0.01821	0.05973	0.02322	0.02342	0.01382	0.01650	0.01143	0.00836	0.00770	0.00223	0.01353	0.00592	0.00443	0.01065

[dist]
# distance from previous block
# <min> <max>
0	1

[block]
# block no. 7 follows, 22 sequences, length 7
# corresponding to MSA columns:
# 143-149
name=unknown_H
#
# <colnr> <probs for GDERKNQSTAVLIFYWHMCP>
#	G	D	E	R	K	N	Q	S	T	A	V	L	I	F	Y	W	H	M	C	P
0	0.01777	0.01470	0.01650	0.01731	0.08271	0.04932	0.01172	0.17276	0.02335	0.03009	0.04403	0.26045	0.19035	0.01776	0.00940	0.00284	0.00685	0.01525	0.00731	0.00953
1	0.02063	0.02347	0.11329	0.11271	0.16816	0.14888	0.01918	0.02517	0.01995	0.07206	0.05483	0.03347	0.09079	0.01110	0.00853	0.00261	0.01012	0.04915	0.00535	0.01056
2	0.01729	0.08214	0.25294	0.02539	0.17160	0.01838	0.02106	0.02581	0.10617	0.02641	0.03055	0.03158	0.13457	0.01068	0.00820	0.00258	0.00911	0.00890	0.00514	0.01148
3	0.01551	0.06982	0.10692	0.01764	0.02283	0.01453	0.12818	0.02055	0.04550	0.02494	0.10241	0.14994	0.03076	0.10554	0.01318	0.00329	0.00840	0.01168	0.00569	0.10269
4	0.01833	0.21104	0.02498	0.01767	0.10794	0.01830	0.01268	0.06049	0.01942	0.02635	0.05868	0.03110	0.13065	0.01028	0.00717	0.00204	0.00704	0.00824	0.05441	0.17319
5	0.02193	0.15570	0.08309	0.02817	0.17945	0.11468	0.09840	0.03073	0.15468	0.02627	0.01852	0.02068	0.01471	0.00834	0.00780	0.00242	0.01042	0.00720	0.00494	0.01186
6	0.01829	0.02245	0.12501	0.10987	0.24569	0.01894	0.22479	0.02442	0.01870	0.02581	0.02127	0.02565	0.06323	0.00852	0.00884	0.00266	0.01127	0.00883	0.00430	0.01145

[dist]
# distance from previous block
# <min> <max>
5	13

[block]
# block no. 8 follows, 22 sequences, length 6
# corresponding to MSA columns:
# 163-168
name=unknown_I
#
# <colnr> <probs for GDERKNQSTAVLIFYWHMCP>
#	G	D	E	R	K	N	Q	S	T	A	V	L	I	F	Y	W	H	M	C	P
0	0.01662	0.02362	0.19636	0.02490	0.13689	0.06870	0.08835	0.02156	0.01796	0.02399	0.02812	0.17529	0.07445	0.05259	0.01084	0.00307	0.00974	0.01180	0.00511	0.01004
1	0.01927	0.01532	0.10500	0.01328	0.01806	0.01112	0.01188	0.02389	0.05966	0.19922	0.04794	0.12124	0.22961	0.07217	0.01179	0.00321	0.00667	0.01310	0.00766	0.00993
2	0.07301	0.02327	0.11394	0.05274	0.02423	0.14268	0.01523	0.08532	0.02046	0.10269	0.01884	0.02296	0.01499	0.05949	0.07772	0.00378	0.01113	0.00693	0.03492	0.09567
3	0.02731	0.15809	0.02579	0.01827	0.02328	0.34781	0.01460	0.08068	0.09262	0.06023	0.05960	0.02076	0.01770	0.00937	0.00746	0.00223	0.01125	0.00662	0.00559	0.01071
4	0.04725	0.02449	0.09309	0.06147	0.02590	0.15549	0.01638	0.13976	0.05329	0.05022	0.03816	0.02137	0.01560	0.01383	0.06388	0.00333	0.07204	0.00698	0.00553	0.09193
5	0.02407	0.22367	0.09889	0.09943	0.02683	0.02109	0.01607	0.08750	0.04674	0.17387	0.02149	0.05862	0.01717	0.03883	0.00894	0.00264	0.00879	0.00777	0.00609	0.01147

[dist]
# distance from previous block
# <min> <max>
18	69

[block]
# block no. 9 follows, 22 sequences, length 9
# corresponding to MSA columns:
# 238-246
name=unknown_J
#
# <colnr> <probs for GDERKNQSTAVLIFYWHMCP>
#	G	D	E	R	K	N	Q	S	T	A	V	L	I	F	Y	W	H	M	C	P
0	0.18953	0.07656	0.02326	0.01701	0.02263	0.02439	0.01420	0.35139	0.07263	0.04225	0.01762	0.01863	0.01324	0.00975	0.00908	0.00258	0.06950	0.00670	0.00683	0.01221
1	0.09022	0.49015	0.03597	0.01564	0.02190	0.18524	0.01419	0.02682	0.01823	0.02130	0.01186	0.01374	0.01052	0.00751	0.00583	0.00193	0.01013	0.00466	0.00387	0.01027
2	0.01792	0.02054	0.07298	0.01452	0.01890	0.16086	0.01219	0.05602	0.10145	0.02631	0.09266	0.04892	0.29436	0.01491	0.00886	0.00261	0.00790	0.01200	0.00680	0.00931
3	0.01818	0.02072	0.07398	0.01581	0.01975	0.16503	0.01310	0.02587	0.15514	0.02528	0.08361	0.09015	0.11684	0.02141	0.11331	0.00433	0.01078	0.01087	0.00631	0.00954
4	0.02726	0.05666	0.02240	0.01892	0.02352	0.38675	0.01462	0.08079	0.11510	0.05421	0.01829	0.01996	0.01456	0.01382	0.06733	0.00324	0.01300	0.00652	0.00551	0.03753
5	0.14538	0.16016	0.12801	0.02373	0.13201	0.19827	0.01855	0.02712	0.01846	0.02504	0.01309	0.01593	0.01081	0.00814	0.00786	0.00235	0.04467	0.00561	0.00410	0.01071
6	0.02263	0.01387	0.02005	0.02240	0.16126	0.01383	0.01435	0.05518	0.05380	0.21635	0.04919	0.10247	0.02471	0.02359	0.16178	0.00512	0.01090	0.01019	0.00704	0.01129
7	0.01670	0.01409	0.01793	0.01612	0.01891	0.05008	0.06071	0.02365	0.13863	0.05523	0.14718	0.16237	0.03839	0.04283	0.06595	0.00398	0.06895	0.04195	0.00705	0.00929
8	0.02018	0.04487	0.03146	0.02410	0.02837	0.07031	0.21037	0.07756	0.04800	0.02558	0.01638	0.02185	0.01373	0.01737	0.10501	0.00437	0.21743	0.00818	0.00461	0.01027

[dist]
# distance from previous block
# <min> <max>
95	198

[block]
# block no. 10 follows, 22 sequences, length 146
# corresponding to MSA columns:
# 465-610
name=unknown_K
#
# <colnr> <probs for GDERKNQSTAVLIFYWHMCP>
#	G	D	E	R	K	N	Q	S	T	A	V	L	I	F	Y	W	H	M	C	P
0	0.02252	0.02576	0.06136	0.09602	0.29955	0.20499	0.05016	0.02694	0.01982	0.02458	0.01469	0.01874	0.01202	0.00770	0.00788	0.00231	0.01140	0.00663	0.00417	0.08275
1	0.02698	0.21931	0.03007	0.05348	0.08372	0.37148	0.01673	0.06382	0.02187	0.02262	0.01324	0.01566	0.01113	0.00813	0.00705	0.00212	0.01233	0.00551	0.00427	0.01047
2	0.16610	0.06051	0.02118	0.01763	0.02234	0.36751	0.01373	0.11218	0.02340	0.02862	0.04653	0.02084	0.04717	0.00956	0.00729	0.00231	0.01123	0.00652	0.00537	0.00997
3	0.02052	0.06175	0.16162	0.07178	0.38052	0.07764	0.02444	0.02696	0.04818	0.02604	0.01584	0.01965	0.01274	0.00782	0.00796	0.00247	0.01067	0.00690	0.00416	0.01234
4	0.02192	0.02909	0.20934	0.01843	0.02624	0.14698	0.01804	0.13245	0.02255	0.02975	0.01933	0.02096	0.04856	0.00867	0.00752	0.00214	0.01011	0.00654	0.00514	0.21624
5	0.01401	0.01159	0.01381	0.01315	0.04513	0.01055	0.00942	0.01991	0.10123	0.02846	0.22386	0.08066	0.19823	0.01479	0.00876	0.00240	0.00517	0.01268	0.00743	0.17876
6	0.02056	0.01974	0.03372	0.05099	0.65622	0.01974	0.02550	0.02550	0.01892	0.02714	0.01563	0.02056	0.01316	0.00740	0.00822	0.00247	0.00987	0.00740	0.00411	0.01316
7	0.09122	0.01933	0.03498	0.14683	0.09285	0.02113	0.28131	0.02398	0.01707	0.02538	0.01462	0.02046	0.01168	0.00889	0.01254	0.00292	0.15222	0.00813	0.00408	0.01038
8	0.02221	0.71304	0.04353	0.01421	0.02132	0.03287	0.01421	0.02488	0.01688	0.01955	0.01155	0.01333	0.01066	0.00711	0.00533	0.00178	0.00888	0.00444	0.00355	0.01066
9	0.01001	0.00842	0.00868	0.00861	0.01134	0.00709	0.00646	0.01229	0.01938	0.02350	0.13955	0.07820	0.59679	0.02064	0.00982	0.00279	0.00418	0.01729	0.00785	0.00709
10	0.01194	0.00863	0.01196	0.01196	0.01296	0.00963	0.00865	0.01394	0.01294	0.01825	0.02353	0.03970	0.02383	0.27218	0.46944	0.01163	0.01764	0.00993	0.00464	0.00664
11	0.01666	0.04297	0.66500	0.02368	0.03596	0.01929	0.03069	0.02631	0.01754	0.02631	0.01491	0.01754	0.01052	0.00789	0.00789	0.00263	0.01228	0.00614	0.00351	0.01228
12	0.01086	0.00846	0.00986	0.00951	0.01186	0.00746	0.00713	0.01395	0.02140	0.02830	0.39000	0.07031	0.34336	0.01885	0.00981	0.00270	0.00405	0.01618	0.00849	0.00746
13	0.01012	0.00723	0.00964	0.01157	0.01205	0.00675	0.00771	0.01157	0.01591	0.02121	0.04579	0.70262	0.05495	0.02603	0.01060	0.00337	0.00482	0.02362	0.00771	0.00675
14	0.02608	0.03384	0.08956	0.02681	0.11246	0.40804	0.07209	0.02972	0.02103	0.02234	0.01359	0.01691	0.01120	0.00874	0.00960	0.00242	0.07472	0.00626	0.00412	0.01045
15	0.01755	0.03770	0.52181	0.02987	0.17665	0.01939	0.02951	0.02612	0.01785	0.02650	0.01507	0.01822	0.01112	0.00778	0.00797	0.00259	0.01173	0.00643	0.00364	0.01248
16	0.00982	0.00842	0.00842	0.00842	0.01122	0.00701	0.00631	0.01192	0.01894	0.02244	0.08416	0.07995	0.65285	0.02104	0.00982	0.00281	0.00421	0.01753	0.00771	0.00701
17	0.02955	0.03135	0.02274	0.01984	0.02475	0.40174	0.01529	0.14851	0.13842	0.05930	0.01893	0.01945	0.01447	0.00940	0.00786	0.00235	0.01198	0.00663	0.00608	0.01133
18	0.02325	0.02147	0.02035	0.01761	0.02058	0.16808	0.01399	0.16650	0.02256	0.03006	0.01881	0.05979	0.01628	0.01176	0.01293	0.00266	0.19638	0.00792	0.15901	0.00999
19	0.02001	0.07359	0.50162	0.02225	0.03311	0.02132	0.02679	0.14971	0.02192	0.03130	0.01577	0.01781	0.01127	0.00828	0.00785	0.00256	0.01146	0.00633	0.00449	0.01257
20	0.02599	0.02530	0.02361	0.02227	0.10995	0.21339	0.01556	0.20340	0.02573	0.03250	0.01583	0.01781	0.01248	0.00816	0.00746	0.00204	0.01015	0.00614	0.00562	0.21662
21	0.02766	0.25250	0.03050	0.01846	0.02409	0.25565	0.01549	0.19286	0.02508	0.02883	0.01427	0.01597	0.01164	0.00878	0.00802	0.00220	0.04597	0.00574	0.00512	0.01117
22	0.01923	0.01838	0.03131	0.22547	0.49217	0.01939	0.02483	0.02433	0.01828	0.02552	0.01539	0.02100	0.01259	0.00765	0.00825	0.00255	0.01020	0.00740	0.00400	0.01208
23	0.01924	0.01986	0.06355	0.16601	0.45745	0.01997	0.02467	0.02426	0.01788	0.02537	0.01502	0.02050	0.01244	0.00822	0.00988	0.00263	0.06974	0.00732	0.00396	0.01203
24	0.05341	0.04165	0.63302	0.02305	0.03498	0.01926	0.02963	0.02622	0.01737	0.02685	0.01474	0.01734	0.01045	0.00788	0.00776	0.00263	0.01199	0.00606	0.00359	0.01212
25	0.01150	0.00886	0.01075	0.01135	0.01367	0.00811	0.00923	0.01457	0.01982	0.02528	0.17009	0.08191	0.32449	0.02103	0.01043	0.00315	0.00544	0.23497	0.00794	0.00740
26	0.01821	0.03348	0.40156	0.03363	0.23817	0.01960	0.08540	0.02607	0.01818	0.02661	0.01532	0.01898	0.01158	0.00765	0.00818	0.00259	0.01166	0.00690	0.00377	0.01246
27	0.11304	0.05031	0.02485	0.02828	0.25892	0.05534	0.01704	0.03113	0.07499	0.20238	0.04748	0.02383	0.01822	0.00902	0.00781	0.00249	0.00841	0.00756	0.00650	0.01240
28	0.01208	0.00805	0.00906	0.00906	0.00906	0.00805	0.00503	0.01208	0.01208	0.01611	0.02618	0.05436	0.03020	0.70804	0.04228	0.00805	0.00805	0.01208	0.00503	0.00503
29	0.01021	0.00727	0.00961	0.01145	0.01191	0.00681	0.00759	0.01159	0.01573	0.02097	0.04487	0.67223	0.05378	0.05800	0.01209	0.00359	0.00497	0.02308	0.00759	0.00667
30	0.03051	0.03860	0.02405	0.02288	0.05713	0.64203	0.01652	0.03279	0.02331	0.02067	0.01298	0.01526	0.01082	0.00850	0.00753	0.00216	0.01473	0.00545	0.00427	0.00981
31	0.02618	0.02510	0.02299	0.01947	0.02348	0.21389	0.01555	0.25576	0.02605	0.03236	0.01652	0.01995	0.01346	0.01775	0.10527	0.00413	0.13840	0.00702	0.00573	0.01094
32	0.01137	0.00775	0.00927	0.00997	0.01015	0.00758	0.00601	0.01189	0.01347	0.01796	0.03330	0.28981	0.03919	0.46034	0.03078	0.00635	0.00688	0.01627	0.00601	0.00566
33	0.01052	0.00740	0.00952	0.01105	0.01144	0.00702	0.00716	0.01167	0.01512	0.02016	0.04177	0.56971	0.04987	0.16586	0.01710	0.00433	0.00548	0.02125	0.00716	0.00640
34	0.01101	0.00786	0.01065	0.01258	0.01345	0.00751	0.00925	0.01310	0.01678	0.02220	0.04530	0.53761	0.05301	0.02519	0.01084	0.00350	0.00559	0.17989	0.00769	0.00699
35	0.01360	0.01144	0.01666	0.01567	0.01675	0.01451	0.01252	0.01625	0.01318	0.01948	0.01914	0.02868	0.01807	0.04922	0.49769	0.01069	0.20591	0.00845	0.00423	0.00787
36	0.02056	0.01974	0.03372	0.05099	0.65622	0.01974	0.02550	0.02550	0.01892	0.02714	0.01563	0.02056	0.01316	0.00740	0.00822	0.00247	0.00987	0.00740	0.00411	0.01316
37	0.03114	0.03625	0.02383	0.02093	0.02570	0.54164	0.01600	0.15524	0.02672	0.02690	0.01430	0.01600	0.01140	0.00885	0.00766	0.00221	0.01378	0.00579	0.00511	0.01055
38	0.02407	0.02676	0.02914	0.09467	0.36800	0.26550	0.02174	0.02801	0.02045	0.02408	0.01451	0.01860	0.01206	0.00791	0.00796	0.00237	0.01189	0.00663	0.00414	0.01150
39	0.02461	0.02577	0.02997	0.03948	0.41548	0.20833	0.02186	0.08482	0.02215	0.02757	0.01524	0.01890	0.01255	0.00798	0.00802	0.00238	0.01127	0.00682	0.00456	0.01224
40	0.01824	0.01334	0.01527	0.01224	0.01720	0.01233	0.00972	0.11383	0.02014	0.03101	0.02000	0.02355	0.01623	0.01537	0.09754	0.00327	0.00818	0.00664	0.21285	0.33305
41	0.02538	0.02019	0.02144	0.01786	0.02340	0.02287	0.01429	0.29651	0.38117	0.04235	0.02782	0.02622	0.02051	0.01071	0.00839	0.00268	0.00768	0.00857	0.00839	0.01357
42	0.03016	0.02880	0.02485	0.04943	0.05849	0.26630	0.01667	0.35191	0.03135	0.03790	0.01687	0.01822	0.01268	0.00925	0.00800	0.00237	0.01143	0.00668	0.00641	0.01220
43	0.01075	0.00827	0.00868	0.00868	0.01033	0.00744	0.00578	0.01199	0.01610	0.01983	0.06020	0.06938	0.39560	0.30488	0.02323	0.00497	0.00580	0.01528	0.00661	0.00620
44	0.01010	0.00730	0.00957	0.01139	0.01200	0.00676	0.00763	0.01159	0.01608	0.02128	0.04799	0.66688	0.08927	0.02574	0.01056	0.00334	0.00478	0.02327	0.00771	0.00676
45	0.76672	0.01607	0.01221	0.01092	0.01607	0.01864	0.00900	0.02442	0.01414	0.03727	0.01157	0.01350	0.00900	0.00771	0.00514	0.00257	0.00643	0.00450	0.00514	0.00900
46	0.03103	0.03959	0.02354	0.02140	0.02568	0.67469	0.01605	0.03317	0.02354	0.02033	0.01284	0.01498	0.01070	0.00856	0.00749	0.00214	0.01498	0.00535	0.00428	0.00963
47	0.01194	0.00863	0.01196	0.01196	0.01296	0.00963	0.00865	0.01394	0.01294	0.01825	0.02352	0.03968	0.02383	0.27179	0.46983	0.01163	0.01765	0.00993	0.00464	0.00664
48	0.01035	0.00844	0.00915	0.00897	0.01155	0.00724	0.00673	0.01295	0.02018	0.02541	0.23896	0.07507	0.49620	0.01993	0.00981	0.00275	0.00413	0.01685	0.00810	0.00724
49	0.03158	0.02327	0.02493	0.01911	0.02576	0.02576	0.01579	0.62852	0.03906	0.05236	0.01995	0.01995	0.01413	0.00997	0.00831	0.00249	0.00914	0.00748	0.00831	0.01413
50	0.01133	0.00774	0.00928	0.01002	0.01020	0.00755	0.00606	0.01188	0.01354	0.01806	0.03367	0.30218	0.03966	0.44732	0.03017	0.00626	0.00682	0.01649	0.00606	0.00569
51	0.01187	0.00890	0.01335	0.01335	0.01483	0.01038	0.01038	0.01483	0.01335	0.01928	0.02225	0.03264	0.02077	0.06231	0.67512	0.01335	0.02225	0.00890	0.00445	0.00742
52	0.01208	0.00805	0.00906	0.00906	0.00906	0.00805	0.00503	0.01208	0.01208	0.01611	0.02618	0.05436	0.03020	0.70804	0.04228	0.00805	0.00805	0.01208	0.00503	0.00503
53	0.01549	0.00774	0.00774	0.00774	0.00968	0.00774	0.00581	0.01936	0.01742	0.03097	0.02710	0.03097	0.02129	0.00968	0.00581	0.00194	0.00387	0.00774	0.75416	0.00774
54	0.03103	0.03959	0.02354	0.02140	0.02568	0.67469	0.01605	0.03317	0.02354	0.02033	0.01284	0.01498	0.01070	0.00856	0.00749	0.00214	0.01498	0.00535	0.00428	0.00963
55	0.00999	0.00842	0.00865	0.00860	0.01133	0.00709	0.00645	0.01225	0.01934	0.02340	0.13427	0.07837	0.60213	0.02068	0.00982	0.00279	0.00418	0.01731	0.00784	0.00709
56	0.01012	0.00723	0.00964	0.01157	0.01205	0.00675	0.00771	0.01157	0.01591	0.02121	0.04579	0.70262	0.05495	0.02603	0.01060	0.00337	0.00482	0.02362	0.00771	0.00675
57	0.03158	0.02327	0.02493	0.01911	0.02576	0.02576	0.01579	0.62852	0.03906	0.05236	0.01995	0.01995	0.01413	0.00997	0.00831	0.00249	0.00914	0.00748	0.00831	0.01413
58	0.01750	0.10628	0.54222	0.02390	0.03528	0.02079	0.08914	0.02620	0.01768	0.02568	0.01477	0.01762	0.01075	0.00773	0.00784	0.00256	0.01212	0.00634	0.00358	0.01201
59	0.02221	0.71304	0.04353	0.01421	0.02132	0.03287	0.01421	0.02488	0.01688	0.01955	0.01155	0.01333	0.01066	0.00711	0.00533	0.00178	0.00888	0.00444	0.00355	0.01066
60	0.01012	0.00723	0.00964	0.01157	0.01205	0.00675	0.00771	0.01157	0.01591	0.02121	0.04579	0.70262	0.05495	0.02603	0.01060	0.00337	0.00482	0.02362	0.00771	0.00675
61	0.01956	0.01872	0.03191	0.18162	0.53341	0.01948	0.02500	0.02462	0.01844	0.02593	0.01545	0.02089	0.01273	0.00759	0.00824	0.00253	0.01012	0.00740	0.00403	0.01235
62	0.02402	0.57496	0.03943	0.01569	0.02222	0.16447	0.01459	0.02658	0.01825	0.01971	0.01181	0.01367	0.01067	0.00741	0.00577	0.00185	0.01013	0.00463	0.00370	0.01045
63	0.01012	0.00723	0.00964	0.01157	0.01205	0.00675	0.00771	0.01157	0.01591	0.02121	0.04579	0.70262	0.05495	0.02603	0.01060	0.00337	0.00482	0.02362	0.00771	0.00675
64	0.02056	0.01974	0.03372	0.05099	0.65622	0.01974	0.02550	0.02550	0.01892	0.02714	0.01563	0.02056	0.01316	0.00740	0.00822	0.00247	0.00987	0.00740	0.00411	0.01316
65	0.01409	0.01228	0.01640	0.01552	0.01682	0.04381	0.01230	0.01677	0.01368	0.01948	0.01940	0.02875	0.01821	0.04967	0.50649	0.01077	0.16504	0.00839	0.00427	0.00787
66	0.02713	0.02155	0.02182	0.01767	0.02286	0.07957	0.01411	0.42387	0.06718	0.04184	0.02093	0.02465	0.01665	0.08145	0.07655	0.00407	0.01069	0.00798	0.00727	0.01215
67	0.01261	0.00866	0.01220	0.01220	0.01378	0.00984	0.00945	0.01576	0.01419	0.02168	0.02325	0.03229	0.02088	0.05152	0.53789	0.01101	0.01848	0.00866	0.15817	0.00748
68	0.01203	0.00825	0.01003	0.01003	0.01037	0.00858	0.00625	0.01271	0.01237	0.01683	0.02529	0.04944	0.02806	0.56157	0.18583	0.00926	0.01127	0.01136	0.00490	0.00557
69	0.02194	0.68021	0.07398	0.01468	0.02204	0.03221	0.01502	0.02495	0.01691	0.01988	0.01171	0.01353	0.01065	0.00715	0.00546	0.00182	0.00905	0.00453	0.00355	0.01074
70	0.76672	0.01607	0.01221	0.01092	0.01607	0.01864	0.00900	0.02442	0.01414	0.03727	0.01157	0.01350	0.00900	0.00771	0.00514	0.00257	0.00643	0.00450	0.00514	0.00900
71	0.01176	0.00849	0.01110	0.01045	0.01241	0.00784	0.00784	0.01568	0.02352	0.03331	0.65184	0.06206	0.07839	0.01698	0.00980	0.00261	0.00392	0.01502	0.00914	0.00784
72	0.05914	0.01928	0.02881	0.03971	0.44996	0.02017	0.02139	0.05712	0.16172	0.03054	0.01977	0.02256	0.01578	0.00842	0.00812	0.00255	0.00891	0.00771	0.00535	0.01299
73	0.01012	0.00723	0.00964	0.01157	0.01205	0.00675	0.00771	0.01157	0.01591	0.02121	0.04579	0.70262	0.05495	0.02603	0.01060	0.00337	0.00482	0.02362	0.00771	0.00675
74	0.01848	0.01063	0.01094	0.00986	0.01267	0.01109	0.00766	0.13258	0.02144	0.03495	0.02577	0.02892	0.01996	0.00973	0.00627	0.00204	0.00485	0.00769	0.61553	0.00893
75	0.01176	0.00849	0.01110	0.01045	0.01241	0.00784	0.00784	0.01568	0.02352	0.03331	0.65184	0.06206	0.07839	0.01698	0.00980	0.00261	0.00392	0.01502	0.00914	0.00784
76	0.03103	0.03959	0.02354	0.02140	0.02568	0.67469	0.01605	0.03317	0.02354	0.02033	0.01284	0.01498	0.01070	0.00856	0.00749	0.00214	0.01498	0.00535	0.00428	0.00963
77	0.02268	0.01885	0.01992	0.01731	0.02237	0.02161	0.01364	0.15211	0.52997	0.03800	0.03125	0.02895	0.02328	0.01103	0.00843	0.00276	0.00705	0.00904	0.00843	0.01333
78	0.01208	0.00805	0.00906	0.00906	0.00906	0.00805	0.00503	0.01208	0.01208	0.01611	0.02618	0.05436	0.03020	0.70804	0.04228	0.00805	0.00805	0.01208	0.00503	0.00503
79	0.01133	0.00774	0.00928	0.01002	0.01020	0.00755	0.00606	0.01188	0.01355	0.01806	0.03368	0.30256	0.03968	0.44693	0.03015	0.00626	0.00682	0.01650	0.00606	0.00569
80	0.06537	0.02823	0.02389	0.01948	0.02529	0.23595	0.01556	0.40748	0.03287	0.04127	0.01725	0.01804	0.01278	0.00941	0.00790	0.00238	0.01091	0.00665	0.00686	0.01243
81	0.02142	0.01597	0.01802	0.01585	0.02020	0.01740	0.01273	0.16745	0.26791	0.07313	0.14810	0.04276	0.03557	0.01359	0.00908	0.00283	0.00683	0.09093	0.00855	0.01168
82	0.01001	0.00765	0.00921	0.01045	0.01176	0.00684	0.00722	0.01169	0.01698	0.02164	0.05936	0.48244	0.26637	0.02426	0.01033	0.00317	0.00460	0.02147	0.00771	0.00684
83	0.01922	0.01837	0.03130	0.22645	0.49125	0.01939	0.02483	0.02432	0.01828	0.02551	0.01539	0.02100	0.01258	0.00765	0.00825	0.00255	0.01020	0.00740	0.00400	0.01208
84	0.01681	0.04195	0.63428	0.02424	0.03633	0.01938	0.06039	0.02632	0.01764	0.02632	0.01500	0.01778	0.01063	0.00785	0.00799	0.00264	0.01236	0.00632	0.00354	0.01222
85	0.01012	0.00723	0.00964	0.01157	0.01205	0.00675	0.00771	0.01157	0.01591	0.02121	0.04579	0.70262	0.05495	0.02603	0.01060	0.00337	0.00482	0.02362	0.00771	0.00675
86	0.02507	0.49457	0.03705	0.01655	0.02274	0.24108	0.01481	0.02757	0.01904	0.01980	0.01197	0.01386	0.01067	0.00758	0.00603	0.00189	0.01086	0.00474	0.00379	0.01033
87	0.01666	0.04297	0.66500	0.02368	0.03596	0.01929	0.03069	0.02631	0.01754	0.02631	0.01491	0.01754	0.01052	0.00789	0.00789	0.00263	0.01228	0.00614	0.00351	0.01228
88	0.02454	0.22866	0.09129	0.02554	0.15896	0.23524	0.01877	0.05511	0.04472	0.02407	0.01438	0.01677	0.01191	0.00800	0.00713	0.00219	0.01130	0.00585	0.00430	0.01126
89	0.01961	0.02241	0.04902	0.03501	0.04342	0.02101	0.62605	0.02661	0.01961	0.02661	0.01681	0.02241	0.01261	0.00700	0.00980	0.00280	0.01401	0.00980	0.00420	0.01120
