[name]
unknown

[dist]
# distance from previous block
# <min> <max>
11	20

[block]
# block no. 0 follows, 21 sequences, length 17
# corresponding to MSA columns:
# 20-36
name=unknown_A
#
# <colnr> <probs for GDERKNQSTAVLIFYWHMCP>
#	G	D	E	R	K	N	Q	S	T	A	V	L	I	F	Y	W	H	M	C	P
0	0.02109	0.07175	0.41374	0.02656	0.10550	0.16476	0.02667	0.02835	0.01947	0.02536	0.01472	0.01754	0.01114	0.00814	0.00791	0.00252	0.01274	0.00618	0.00384	0.01200
1	0.06261	0.01881	0.04715	0.01862	0.07454	0.10497	0.01383	0.04827	0.01875	0.05741	0.02050	0.07143	0.01809	0.01790	0.09947	0.00394	0.07328	0.00818	0.10126	0.12100
2	0.01966	0.17726	0.14584	0.08559	0.03053	0.07712	0.09391	0.02483	0.01891	0.02507	0.06018	0.02113	0.01658	0.00820	0.00753	0.00219	0.01023	0.00684	0.00450	0.16389
3	0.02468	0.02741	0.02621	0.09532	0.21045	0.28494	0.01911	0.03058	0.08776	0.02518	0.01670	0.01974	0.01352	0.00848	0.00796	0.00235	0.01168	0.00672	0.00480	0.07641
4	0.08228	0.04160	0.60035	0.02311	0.03505	0.01970	0.02949	0.02678	0.01766	0.02793	0.01497	0.01760	0.01064	0.00807	0.00784	0.00269	0.01205	0.00614	0.00374	0.01228
5	0.01707	0.04402	0.65683	0.02426	0.03683	0.01976	0.03144	0.02695	0.01797	0.02695	0.01527	0.01797	0.01078	0.00809	0.00809	0.00270	0.01258	0.00629	0.00359	0.01258
6	0.01037	0.00741	0.00987	0.01185	0.01234	0.00691	0.00790	0.01185	0.01629	0.02172	0.04690	0.69537	0.05629	0.02666	0.01086	0.00346	0.00494	0.02419	0.00790	0.00691
7	0.01028	0.00863	0.00893	0.00886	0.01163	0.00728	0.00664	0.01265	0.01993	0.02425	0.14924	0.07983	0.58057	0.02108	0.01006	0.00285	0.00428	0.01767	0.00807	0.00728
8	0.02838	0.29609	0.03233	0.01863	0.02459	0.30339	0.01566	0.13798	0.02438	0.02653	0.01397	0.01562	0.01159	0.00846	0.00697	0.00211	0.01182	0.00552	0.00485	0.01112
9	0.01156	0.00878	0.01070	0.01049	0.01278	0.00792	0.00805	0.01496	0.02216	0.02972	0.40783	0.07250	0.25958	0.01931	0.01020	0.00286	0.00447	0.06964	0.00875	0.00774
10	0.08694	0.02881	0.14100	0.21430	0.12814	0.21084	0.02204	0.02725	0.01942	0.02476	0.01441	0.01864	0.01126	0.00832	0.00789	0.00256	0.01215	0.00646	0.00412	0.01072
11	0.02236	0.02314	0.03045	0.12918	0.41483	0.13860	0.02321	0.02818	0.05877	0.02620	0.01655	0.02091	0.01352	0.00818	0.00831	0.00253	0.01102	0.00732	0.00447	0.01227
12	0.02452	0.02183	0.02458	0.14303	0.07606	0.08731	0.01787	0.21450	0.17269	0.03521	0.02097	0.02294	0.01594	0.01032	0.01026	0.00276	0.07253	0.00787	0.00651	0.01230
13	0.01238	0.00825	0.00928	0.00928	0.00928	0.00825	0.00516	0.01238	0.01238	0.01650	0.02681	0.05569	0.03094	0.70092	0.04331	0.00825	0.00825	0.01238	0.00516	0.00516
14	0.01061	0.00785	0.00965	0.01081	0.01190	0.00718	0.00733	0.01229	0.01719	0.02242	0.09716	0.45322	0.18682	0.08747	0.01364	0.00371	0.00504	0.02107	0.00775	0.00689
15	0.11154	0.03542	0.10437	0.02369	0.08426	0.41439	0.01842	0.06483	0.02271	0.02610	0.01396	0.01633	0.01118	0.00856	0.00757	0.00236	0.01317	0.00580	0.00460	0.01074
16	0.05299	0.15611	0.36851	0.01835	0.02744	0.01947	0.02169	0.02330	0.01799	0.02535	0.03029	0.03123	0.15203	0.01093	0.00791	0.00257	0.00980	0.00849	0.00464	0.01091

[dist]
# distance from previous block
# <min> <max>
1	2

[block]
# block no. 1 follows, 21 sequences, length 226
# corresponding to MSA columns:
# 39-264
name=unknown_B
#
# <colnr> <probs for GDERKNQSTAVLIFYWHMCP>
#	G	D	E	R	K	N	Q	S	T	A	V	L	I	F	Y	W	H	M	C	P
0	0.02299	0.58463	0.10169	0.01613	0.02367	0.08728	0.01635	0.02636	0.01795	0.02076	0.01228	0.01421	0.01091	0.00749	0.00590	0.00194	0.00998	0.00480	0.00370	0.01099
1	0.11061	0.26470	0.37026	0.01937	0.02925	0.02439	0.02299	0.02622	0.01731	0.02599	0.01369	0.01600	0.01064	0.00779	0.00685	0.00239	0.01066	0.00549	0.00382	0.01160
2	0.01865	0.01930	0.01785	0.01675	0.01878	0.20178	0.01283	0.02103	0.01650	0.01987	0.01891	0.02830	0.01788	0.09714	0.34316	0.00865	0.10175	0.00814	0.00446	0.00825
3	0.01815	0.01404	0.01499	0.01361	0.01779	0.01476	0.01055	0.03154	0.33171	0.08414	0.05541	0.05179	0.27569	0.01551	0.00922	0.00286	0.00580	0.01290	0.00852	0.01102
4	0.02047	0.01947	0.03302	0.04951	0.60623	0.01942	0.02493	0.02546	0.01969	0.02822	0.05710	0.02385	0.01786	0.00823	0.00853	0.00254	0.00971	0.00809	0.00455	0.01312
5	0.02552	0.41014	0.03497	0.01592	0.02253	0.02826	0.01454	0.19117	0.02377	0.07088	0.01660	0.01826	0.01347	0.01322	0.06394	0.00311	0.01024	0.00608	0.00553	0.01186
6	0.02288	0.01644	0.01829	0.01503	0.01971	0.01721	0.01202	0.31810	0.03098	0.06690	0.19111	0.06858	0.13730	0.01458	0.00925	0.00268	0.00691	0.01202	0.00869	0.01133
7	0.01958	0.01892	0.02939	0.29063	0.34415	0.04590	0.02373	0.02631	0.06879	0.02582	0.01708	0.02233	0.01358	0.00831	0.00845	0.00266	0.01052	0.00766	0.00442	0.01178
8	0.01994	0.02675	0.15845	0.28274	0.12050	0.14247	0.05079	0.02571	0.01888	0.02360	0.01529	0.02054	0.01189	0.01048	0.03436	0.00307	0.01280	0.00708	0.00397	0.01071
9	0.01216	0.00912	0.01368	0.01368	0.01520	0.01064	0.01064	0.01520	0.01368	0.01976	0.02279	0.03343	0.02127	0.06382	0.66720	0.01368	0.02279	0.00912	0.00456	0.00760
10	0.01056	0.00785	0.00988	0.01127	0.01242	0.00717	0.00786	0.01245	0.01759	0.02296	0.09408	0.50039	0.17994	0.02485	0.01068	0.00330	0.00487	0.04680	0.00799	0.00708
11	0.02167	0.02604	0.06898	0.05530	0.07988	0.23248	0.13116	0.02590	0.01922	0.02279	0.01664	0.02230	0.01406	0.02194	0.16924	0.00526	0.04517	0.00763	0.00429	0.01005
12	0.02507	0.53554	0.03935	0.01645	0.02299	0.19588	0.01504	0.02766	0.01904	0.02023	0.01217	0.01409	0.01093	0.00766	0.00603	0.00192	0.01070	0.00479	0.00383	0.01065
13	0.01740	0.03677	0.48270	0.02797	0.11229	0.01914	0.08131	0.02588	0.01822	0.02674	0.01761	0.06317	0.01429	0.00916	0.00848	0.00274	0.01193	0.00796	0.00402	0.01222
14	0.01582	0.02197	0.19733	0.02591	0.19340	0.01495	0.01947	0.02206	0.04585	0.02740	0.11989	0.10476	0.12907	0.01347	0.00908	0.00276	0.00833	0.01177	0.00593	0.01077
15	0.07903	0.02734	0.02365	0.01937	0.02514	0.20357	0.01546	0.39250	0.03294	0.04217	0.01892	0.04620	0.01486	0.01033	0.00816	0.00250	0.01067	0.00753	0.00712	0.01253
16	0.01220	0.00894	0.01278	0.01278	0.01398	0.01015	0.00951	0.01462	0.01341	0.01909	0.02362	0.03799	0.02326	0.19438	0.53935	0.01256	0.01981	0.00979	0.00468	0.00710
17	0.01397	0.00944	0.01150	0.01151	0.01415	0.00856	0.00917	0.01693	0.02038	0.08010	0.16901	0.07646	0.29566	0.05455	0.01206	0.00337	0.00566	0.17124	0.00824	0.00805
18	0.02910	0.03546	0.02673	0.02952	0.18206	0.50474	0.01887	0.03201	0.02293	0.02258	0.01387	0.01678	0.01159	0.00847	0.00786	0.00228	0.01403	0.00601	0.00434	0.01077
19	0.01607	0.01513	0.02552	0.68047	0.05861	0.01891	0.02363	0.02174	0.01702	0.02174	0.01513	0.02269	0.01134	0.00851	0.00851	0.00284	0.01134	0.00756	0.00378	0.00945
20	0.01043	0.00838	0.00930	0.00961	0.01186	0.00726	0.00700	0.01272	0.01947	0.02442	0.16288	0.20679	0.43608	0.02198	0.01022	0.00296	0.00440	0.01887	0.00813	0.00726
21	0.02608	0.03248	0.10607	0.03163	0.20232	0.30203	0.07115	0.07802	0.02301	0.02672	0.01514	0.01831	0.01209	0.00834	0.00820	0.00243	0.01298	0.00672	0.00457	0.01171
22	0.02117	0.01828	0.01924	0.01732	0.02213	0.02117	0.01347	0.04522	0.63246	0.03560	0.03464	0.03175	0.02598	0.01155	0.00866	0.00289	0.00673	0.00962	0.00866	0.01347
23	0.01227	0.00867	0.01142	0.01142	0.01216	0.00941	0.00782	0.01375	0.01301	0.01809	0.02486	0.04485	0.02623	0.39078	0.34703	0.01089	0.01533	0.01079	0.00487	0.00635
24	0.02640	0.02898	0.02785	0.07557	0.25253	0.30292	0.02023	0.08172	0.05393	0.02700	0.01603	0.01916	0.01296	0.00859	0.00812	0.00242	0.01224	0.00677	0.00486	0.01172
25	0.01948	0.01323	0.01838	0.02063	0.14747	0.01248	0.01299	0.06134	0.02268	0.13394	0.22725	0.10274	0.10803	0.01450	0.00926	0.00265	0.00639	0.01271	0.00793	0.04593
26	0.01478	0.00739	0.01109	0.01109	0.01109	0.00739	0.00739	0.01109	0.01109	0.01478	0.01478	0.02587	0.01478	0.02956	0.03326	0.75240	0.00739	0.00739	0.00370	0.00370
27	0.01134	0.00852	0.01049	0.01031	0.01236	0.00768	0.00761	0.01457	0.02196	0.02980	0.42983	0.14350	0.22170	0.01956	0.01014	0.00282	0.00420	0.01710	0.00882	0.00768
28	0.02291	0.02433	0.02994	0.20556	0.28251	0.18387	0.05102	0.05181	0.02086	0.02552	0.01530	0.02010	0.01230	0.00821	0.00834	0.00254	0.01193	0.00717	0.00433	0.01146
29	0.02106	0.02022	0.03454	0.05223	0.64784	0.02022	0.02612	0.02612	0.01938	0.02780	0.01601	0.02106	0.01348	0.00758	0.00842	0.00253	0.01011	0.00758	0.00421	0.01348
30	0.01765	0.01513	0.01765	0.01260	0.02017	0.01134	0.01008	0.02143	0.01765	0.02773	0.01513	0.01765	0.01260	0.00630	0.00630	0.00126	0.00630	0.00504	0.00504	0.75295
31	0.02580	0.01309	0.01679	0.01365	0.01858	0.01190	0.01091	0.05688	0.05770	0.31563	0.25074	0.04020	0.04161	0.01268	0.00890	0.00254	0.00607	0.01073	0.00944	0.07619
32	0.01845	0.01852	0.02715	0.02288	0.02350	0.02514	0.05749	0.02071	0.01352	0.02090	0.01204	0.01950	0.01169	0.01637	0.05258	0.00407	0.61463	0.00768	0.00380	0.00938
33	0.01037	0.00741	0.00987	0.01185	0.01234	0.00691	0.00790	0.01185	0.01629	0.02172	0.04690	0.69537	0.05629	0.02666	0.01086	0.00346	0.00494	0.02419	0.00790	0.00691
34	0.02150	0.01337	0.01395	0.01192	0.01555	0.01424	0.00945	0.22488	0.02543	0.03922	0.02525	0.02786	0.01930	0.01002	0.00683	0.00218	0.00581	0.00784	0.49524	0.01017
35	0.03260	0.02343	0.02529	0.01939	0.02619	0.02579	0.01602	0.59445	0.03933	0.07960	0.02100	0.02080	0.01476	0.01023	0.00852	0.00256	0.00927	0.00770	0.00860	0.01447
36	0.01034	0.00753	0.00975	0.01152	0.01226	0.00694	0.00775	0.01189	0.01661	0.02185	0.05088	0.63328	0.11580	0.02614	0.01078	0.00340	0.00487	0.02356	0.00790	0.00694
37	0.01016	0.00820	0.00905	0.00973	0.01179	0.00709	0.00696	0.01209	0.01833	0.02255	0.07268	0.29305	0.44197	0.02331	0.01033	0.00307	0.00453	0.02011	0.00790	0.00709
38	0.01037	0.00741	0.00987	0.01185	0.01234	0.00691	0.00790	0.01185	0.01629	0.02172	0.04690	0.69537	0.05629	0.02666	0.01086	0.00346	0.00494	0.02419	0.00790	0.00691
39	0.03818	0.01448	0.01975	0.01514	0.02172	0.01251	0.01251	0.04147	0.02436	0.65373	0.03357	0.02897	0.02107	0.01053	0.00856	0.00263	0.00724	0.00856	0.01053	0.01448
40	0.01607	0.01513	0.02552	0.68047	0.05861	0.01891	0.02363	0.02174	0.01702	0.02174	0.01513	0.02269	0.01134	0.00851	0.00851	0.00284	0.01134	0.00756	0.00378	0.00945
41	0.03182	0.03980	0.02418	0.02182	0.02631	0.63751	0.01643	0.06072	0.02484	0.02233	0.01349	0.01558	0.01112	0.00884	0.00771	0.00221	0.01507	0.00558	0.00457	0.01008
42	0.76103	0.01646	0.01251	0.01119	0.01646	0.01909	0.00922	0.02502	0.01448	0.03818	0.01185	0.01382	0.00922	0.00790	0.00527	0.00263	0.00658	0.00461	0.00527	0.00922
43	0.01231	0.00852	0.01063	0.01063	0.01109	0.00898	0.00683	0.01324	0.01277	0.01750	0.02558	0.04888	0.02798	0.50589	0.23430	0.00991	0.01270	0.01138	0.00497	0.00590
44	0.01105	0.00866	0.01000	0.00966	0.01210	0.00761	0.00725	0.01414	0.02174	0.02856	0.36468	0.07274	0.36244	0.01948	0.01005	0.00278	0.00416	0.01668	0.00864	0.00761
45	0.01586	0.00793	0.00793	0.00793	0.00991	0.00793	0.00595	0.01983	0.01785	0.03173	0.02776	0.03173	0.02181	0.00991	0.00595	0.00198	0.00397	0.00793	0.74817	0.00793
46	0.01886	0.03268	0.34900	0.03489	0.21859	0.02026	0.14985	0.02677	0.01882	0.02727	0.01589	0.01990	0.01201	0.00775	0.00859	0.00268	0.01221	0.00744	0.00392	0.01262
47	0.03001	0.17492	0.02848	0.02013	0.02540	0.46000	0.01603	0.10267	0.02463	0.02461	0.01376	0.01561	0.01138	0.00864	0.00732	0.00216	0.01335	0.00555	0.00473	0.01064
48	0.01707	0.04402	0.65683	0.02426	0.03683	0.01976	0.03144	0.02695	0.01797	0.02695	0.01527	0.01797	0.01078	0.00809	0.00809	0.00270	0.01258	0.00629	0.00359	0.01258
49	0.02264	0.01950	0.01815	0.01586	0.01956	0.11626	0.01195	0.17826	0.16572	0.03205	0.02477	0.03251	0.02154	0.18759	0.05236	0.00458	0.00981	0.00907	0.04738	0.01046
50	0.02064	0.01584	0.01755	0.01567	0.02002	0.01752	0.01219	0.03847	0.44574	0.08892	0.16856	0.03851	0.03751	0.01275	0.00895	0.00282	0.00618	0.01080	0.00898	0.01236
51	0.01052	0.00864	0.00926	0.00911	0.01178	0.00738	0.00683	0.01311	0.02049	0.02558	0.21603	0.07763	0.51295	0.02058	0.01005	0.00283	0.00424	0.01736	0.00824	0.00738
52	0.01846	0.02300	0.15950	0.33366	0.22113	0.01981	0.02562	0.05170	0.01895	0.02603	0.01565	0.02114	0.01198	0.00823	0.00840	0.00271	0.01116	0.00731	0.00408	0.01149
53	0.01586	0.00793	0.00793	0.00793	0.00991	0.00793	0.00595	0.01983	0.01785	0.03173	0.02776	0.03173	0.02181	0.00991	0.00595	0.00198	0.00397	0.00793	0.74817	0.00793
54	0.01707	0.04402	0.65683	0.02426	0.03683	0.01976	0.03144	0.02695	0.01797	0.02695	0.01527	0.01797	0.01078	0.00809	0.00809	0.00270	0.01258	0.00629	0.00359	0.01258
55	0.01342	0.01070	0.01271	0.01401	0.01622	0.03718	0.01175	0.01670	0.01957	0.02447	0.05395	0.11921	0.19479	0.02255	0.01112	0.00356	0.00714	0.39553	0.00771	0.00772
56	0.01586	0.00793	0.00793	0.00793	0.00991	0.00793	0.00595	0.01983	0.01785	0.03173	0.02776	0.03173	0.02181	0.00991	0.00595	0.00198	0.00397	0.00793	0.74817	0.00793
57	0.11944	0.02556	0.03004	0.15341	0.13809	0.21801	0.14345	0.02779	0.01989	0.02575	0.01468	0.01907	0.01163	0.00808	0.00814	0.00257	0.01237	0.00706	0.00434	0.01064
58	0.01586	0.00793	0.00793	0.00793	0.00991	0.00793	0.00595	0.01983	0.01785	0.03173	0.02776	0.03173	0.02181	0.00991	0.00595	0.00198	0.00397	0.00793	0.74817	0.00793
59	0.02158	0.02120	0.03404	0.05078	0.61795	0.05131	0.02565	0.02650	0.01961	0.02747	0.01587	0.02079	0.01336	0.00764	0.00839	0.00251	0.01036	0.00748	0.00422	0.01331
60	0.01223	0.00882	0.01216	0.01216	0.01316	0.00982	0.00875	0.01423	0.01323	0.01864	0.02418	0.04109	0.02460	0.28311	0.45246	0.01181	0.01779	0.01024	0.00476	0.00676
61	0.01102	0.00866	0.00996	0.00963	0.01209	0.00759	0.00723	0.01408	0.02168	0.02840	0.35684	0.07300	0.37038	0.01953	0.01005	0.00278	0.00417	0.01671	0.00861	0.00759
62	0.01216	0.00912	0.01368	0.01368	0.01520	0.01064	0.01064	0.01520	0.01368	0.01976	0.02279	0.03343	0.02127	0.06382	0.66720	0.01368	0.02279	0.00912	0.00456	0.00760
63	0.01784	0.07273	0.54286	0.02680	0.08952	0.02056	0.05963	0.02682	0.01816	0.02671	0.01527	0.01828	0.01113	0.00796	0.00809	0.00265	0.01228	0.00651	0.00369	0.01252
64	0.02011	0.01921	0.03229	0.04845	0.59261	0.01909	0.02441	0.02491	0.01938	0.02738	0.02210	0.02634	0.06823	0.00879	0.00857	0.00256	0.00961	0.00848	0.00453	0.01293
65	0.24097	0.46622	0.03401	0.01397	0.02050	0.06405	0.01309	0.02581	0.01684	0.02542	0.01191	0.01380	0.01042	0.00754	0.00552	0.00208	0.00870	0.00462	0.00416	0.01036
66	0.02325	0.01801	0.02085	0.02058	0.08540	0.02000	0.01463	0.04283	0.49553	0.11093	0.03262	0.03033	0.02411	0.01102	0.00862	0.00282	0.00714	0.00928	0.00844	0.01360
67	0.01216	0.00912	0.01368	0.01368	0.01520	0.01064	0.01064	0.01520	0.01368	0.01976	0.02279	0.03343	0.02127	0.06382	0.66720	0.01368	0.02279	0.00912	0.00456	0.00760
68	0.03235	0.02384	0.02554	0.01958	0.02639	0.02639	0.01618	0.61946	0.04001	0.05363	0.02043	0.02043	0.01447	0.01022	0.00851	0.00255	0.00936	0.00766	0.00851	0.01447
69	0.01340	0.00969	0.01327	0.01506	0.01710	0.00957	0.01308	0.01716	0.01957	0.02525	0.04863	0.09477	0.10065	0.02334	0.01161	0.00383	0.00753	0.54086	0.00784	0.00778
70	0.01216	0.00912	0.01368	0.01368	0.01520	0.01064	0.01064	0.01520	0.01368	0.01976	0.02279	0.03343	0.02127	0.06382	0.66720	0.01368	0.02279	0.00912	0.00456	0.00760
71	0.02117	0.01828	0.01924	0.01732	0.02213	0.02117	0.01347	0.04522	0.63246	0.03560	0.03464	0.03175	0.02598	0.01155	0.00866	0.00289	0.00673	0.00962	0.00866	0.01347
72	0.01850	0.01751	0.02920	0.37322	0.31636	0.01959	0.02426	0.02475	0.04649	0.02505	0.01642	0.02239	0.01296	0.00824	0.00848	0.00270	0.01059	0.00767	0.00420	0.01141
73	0.01006	0.00862	0.00862	0.00862	0.01149	0.00718	0.00647	0.01221	0.01940	0.02299	0.08621	0.08190	0.64438	0.02155	0.01006	0.00287	0.00431	0.01796	0.00790	0.00718
74	0.03179	0.04056	0.02412	0.02192	0.02631	0.66676	0.01644	0.03398	0.02412	0.02083	0.01315	0.01535	0.01096	0.00877	0.00767	0.00219	0.01535	0.00548	0.00438	0.00987
75	0.02354	0.64829	0.04282	0.01520	0.02223	0.08862	0.01472	0.02622	0.01788	0.02009	0.01195	0.01380	0.01092	0.00741	0.00565	0.00185	0.00964	0.00463	0.00370	0.01083
76	0.01037	0.00741	0.00987	0.01185	0.01234	0.00691	0.00790	0.01185	0.01629	0.02172	0.04690	0.69537	0.05629	0.02666	0.01086	0.00346	0.00494	0.02419	0.00790	0.00691
77	0.01729	0.00931	0.00946	0.00894	0.01134	0.00953	0.00684	0.07187	0.01977	0.03363	0.02713	0.03075	0.02118	0.00994	0.00617	0.00203	0.00443	0.00791	0.68397	0.00850
78	0.01037	0.00741	0.00987	0.01185	0.01234	0.00691	0.00790	0.01185	0.01629	0.02172	0.04690	0.69537	0.05629	0.02666	0.01086	0.00346	0.00494	0.02419	0.00790	0.00691
79	0.01037	0.00741	0.00987	0.01185	0.01234	0.00691	0.00790	0.01185	0.01629	0.02172	0.04690	0.69537	0.05629	0.02666	0.01086	0.00346	0.00494	0.02419	0.00790	0.00691
80	0.01862	0.01862	0.02607	0.02234	0.02234	0.02607	0.01862	0.02048	0.01303	0.02048	0.01117	0.01862	0.01117	0.01489	0.02793	0.00372	0.68535	0.00745	0.00372	0.00931
81	0.01413	0.01106	0.01420	0.01645	0.06955	0.01133	0.01061	0.04469	0.11918	0.02563	0.03998	0.46397	0.04441	0.05793	0.01192	0.00350	0.00605	0.01900	0.00758	0.00880
82	0.02275	0.38652	0.03867	0.02846	0.23769	0.08107	0.01886	0.02620	0.01840	0.02279	0.01335	0.01655	0.01182	0.00782	0.00759	0.00217	0.03795	0.00579	0.00390	0.01165
83	0.03186	0.03850	0.02429	0.02164	0.02632	0.58790	0.01641	0.10608	0.02607	0.02487	0.01405	0.01597	0.01139	0.00895	0.00778	0.00224	0.01461	0.00575	0.00489	0.01043
84	0.01586	0.00793	0.00793	0.00793	0.00991	0.00793	0.00595	0.01983	0.01785	0.03173	0.02776	0.03173	0.02181	0.00991	0.00595	0.00198	0.00397	0.00793	0.74817	0.00793
85	0.01734	0.01480	0.01732	0.01257	0.01984	0.01116	0.00999	0.02102	0.01759	0.02748	0.01646	0.04617	0.01444	0.00716	0.00649	0.00135	0.00624	0.00585	0.00516	0.72154
86	0.01478	0.00739	0.01109	0.01109	0.01109	0.00739	0.00739	0.01109	0.01109	0.01478	0.01478	0.02587	0.01478	0.02956	0.03326	0.75240	0.00739	0.00739	0.00370	0.00370
87	0.02026	0.01940	0.03308	0.15381	0.55257	0.02001	0.02572	0.02541	0.01900	0.02682	0.01586	0.02133	0.01313	0.00773	0.00844	0.00258	0.01031	0.00758	0.00414	0.01283
88	0.28186	0.03050	0.02103	0.02086	0.07686	0.38773	0.01480	0.03021	0.02039	0.02741	0.01295	0.01532	0.01058	0.00837	0.00691	0.00237	0.01188	0.00536	0.00467	0.00996
89	0.02146	0.02237	0.02871	0.03872	0.40147	0.13742	0.02128	0.02535	0.01970	0.02530	0.02371	0.02730	0.09051	0.01015	0.01018	0.00261	0.06895	0.00846	0.00466	0.01168
90	0.01032	0.00758	0.00970	0.01139	0.01222	0.00695	0.00770	0.01190	0.01673	0.02190	0.05247	0.60852	0.13954	0.02594	0.01075	0.00337	0.00485	0.02331	0.00790	0.00695
91	0.01278	0.00950	0.01242	0.01388	0.01607	0.00913	0.01187	0.01625	0.01954	0.02484	0.05552	0.09241	0.20041	0.02301	0.01132	0.00365	0.00694	0.44493	0.00785	0.00767
92	0.07173	0.53217	0.03896	0.01552	0.02199	0.03132	0.01473	0.08513	0.01904	0.02465	0.01265	0.01478	0.01119	0.00828	0.00771	0.00211	0.06765	0.00512	0.00425	0.01103
93	0.01032	0.00760	0.00967	0.01133	0.01221	0.00696	0.00767	0.01191	0.01679	0.02193	0.05326	0.59618	0.15137	0.02584	0.01073	0.00336	0.00484	0.02319	0.00790	0.00696
94	0.02808	0.02313	0.03174	0.02504	0.05839	0.02495	0.15710	0.41513	0.03266	0.04414	0.01887	0.02093	0.01385	0.00969	0.01014	0.00270	0.05485	0.00820	0.00702	0.01339
95	0.01085	0.00852	0.00897	0.00893	0.01091	0.00754	0.00617	0.01247	0.01758	0.02169	0.09921	0.07317	0.43257	0.22168	0.01986	0.00445	0.00546	0.01617	0.00717	0.00663
96	0.01191	0.00806	0.00942	0.00987	0.00999	0.00794	0.00579	0.01225	0.01328	0.01771	0.03145	0.20320	0.03678	0.54544	0.03583	0.00714	0.00749	0.01510	0.00579	0.00556
97	0.01894	0.07635	0.02943	0.17788	0.17224	0.02376	0.02111	0.02247	0.01573	0.02239	0.01322	0.01968	0.01171	0.01114	0.01720	0.00309	0.32213	0.00726	0.00384	0.01042
98	0.01037	0.00741	0.00987	0.01185	0.01234	0.00691	0.00790	0.01185	0.01629	0.02172	0.04690	0.69537	0.05629	0.02666	0.01086	0.00346	0.00494	0.02419	0.00790	0.00691
99	0.02275	0.70604	0.04459	0.01456	0.02184	0.03367	0.01456	0.02548	0.01729	0.02002	0.01183	0.01365	0.01092	0.00728	0.00546	0.00182	0.00910	0.00455	0.00364	0.01092
100	0.22951	0.06552	0.12878	0.02336	0.12509	0.18387	0.01813	0.05241	0.01948	0.02910	0.01426	0.01719	0.01144	0.01058	0.03562	0.00294	0.01132	0.00591	0.00461	0.01087
101	0.02125	0.06495	0.21350	0.03202	0.25220	0.15419	0.02338	0.02676	0.01985	0.02529	0.02108	0.02387	0.06679	0.00917	0.00816	0.00250	0.01137	0.00751	0.00436	0.01179
102	0.03235	0.02384	0.02554	0.01958	0.02639	0.02639	0.01618	0.61946	0.04001	0.05363	0.02043	0.02043	0.01447	0.01022	0.00851	0.00255	0.00936	0.00766	0.00851	0.01447
103	0.01037	0.00741	0.00987	0.01185	0.01234	0.00691	0.00790	0.01185	0.01629	0.02172	0.04690	0.69537	0.05629	0.02666	0.01086	0.00346	0.00494	0.02419	0.00790	0.00691
104	0.02084	0.07951	0.10891	0.09139	0.24602	0.02180	0.05164	0.06308	0.17232	0.02982	0.02042	0.02292	0.01587	0.00881	0.00829	0.00263	0.00978	0.00780	0.00539	0.01274
105	0.04928	0.01646	0.02723	0.49400	0.20477	0.01924	0.02364	0.02298	0.01750	0.02397	0.01521	0.02190	0.01179	0.00825	0.00835	0.00275	0.01083	0.00744	0.00395	0.01045
106	0.01897	0.23138	0.25138	0.01852	0.02670	0.02204	0.05208	0.07521	0.02049	0.02734	0.07691	0.02891	0.09519	0.01043	0.00785	0.00245	0.00961	0.00831	0.00509	0.01114
107	0.02204	0.03959	0.37875	0.02755	0.12093	0.21333	0.02620	0.02893	0.02001	0.02524	0.01474	0.01763	0.01122	0.00822	0.00801	0.00252	0.01305	0.00623	0.00392	0.01190
108	0.01032	0.00758	0.00970	0.01139	0.01222	0.00695	0.00770	0.01190	0.01673	0.02190	0.05247	0.60852	0.13954	0.02594	0.01075	0.00337	0.00485	0.02331	0.00790	0.00695
109	0.01032	0.00759	0.00969	0.01137	0.01222	0.00695	0.00769	0.01190	0.01676	0.02191	0.05277	0.60378	0.14408	0.02590	0.01074	0.00337	0.00484	0.02326	0.00790	0.00695
110	0.04740	0.01830	0.06166	0.44616	0.18955	0.01958	0.02375	0.04832	0.01848	0.02541	0.01543	0.02161	0.01185	0.00832	0.00834	0.00274	0.01086	0.00738	0.00413	0.01075
111	0.01744	0.08739	0.61672	0.02362	0.03585	0.02067	0.03034	0.02685	0.01792	0.02650	0.01505	0.01768	0.01079	0.00803	0.00791	0.00264	0.01235	0.00617	0.00360	0.01247
112	0.01216	0.00912	0.01368	0.01368	0.01520	0.01064	0.01064	0.01520	0.01368	0.01976	0.02279	0.03343	0.02127	0.06382	0.66720	0.01368	0.02279	0.00912	0.00456	0.00760
113	0.01886	0.03236	0.33429	0.03377	0.16643	0.02042	0.21664	0.02688	0.01893	0.02723	0.01604	0.02020	0.01202	0.00769	0.00878	0.00272	0.01263	0.00775	0.00395	0.01242
114	0.02732	0.17176	0.02853	0.02224	0.07838	0.38923	0.01644	0.05688	0.02233	0.02289	0.01730	0.01943	0.04528	0.00937	0.00830	0.00226	0.04073	0.00632	0.00457	0.01044
115	0.02510	0.02966	0.01988	0.01839	0.02195	0.44015	0.01392	0.02792	0.02381	0.02484	0.19087	0.03407	0.03277	0.01214	0.00860	0.00244	0.01170	0.04657	0.00600	0.00922
116	0.01699	0.01224	0.01310	0.01198	0.01549	0.01257	0.00925	0.05536	0.19341	0.05948	0.11022	0.05000	0.22380	0.01483	0.00866	0.00264	0.00528	0.01232	0.16248	0.00989
117	0.01804	0.02100	0.15070	0.01907	0.05700	0.01699	0.01668	0.06177	0.24508	0.03271	0.15483	0.07002	0.03559	0.01324	0.00911	0.00286	0.00771	0.04864	0.00741	0.01154
118	0.01559	0.01157	0.01297	0.01227	0.01479	0.01159	0.00912	0.13718	0.02149	0.02780	0.04820	0.16644	0.21451	0.17857	0.01780	0.00426	0.00673	0.07353	0.00738	0.00823
119	0.01063	0.00776	0.01006	0.01180	0.01271	0.00720	0.00824	0.01240	0.01696	0.02221	0.05147	0.56860	0.12638	0.02577	0.01084	0.00343	0.00512	0.07350	0.00789	0.00703
120	0.01990	0.02031	0.03844	0.15112	0.34213	0.02045	0.22906	0.02578	0.01923	0.02661	0.01628	0.02198	0.01293	0.00760	0.00900	0.00270	0.01177	0.00843	0.00417	0.01212
121	0.02858	0.03351	0.02456	0.15874	0.03304	0.46462	0.01791	0.09297	0.02431	0.02447	0.01433	0.01741	0.01141	0.00887	0.00794	0.00236	0.01388	0.00614	0.00469	0.01026
122	0.23351	0.06764	0.02105	0.01617	0.02165	0.15306	0.01311	0.18405	0.02519	0.09944	0.07138	0.02171	0.01844	0.00974	0.00737	0.00247	0.00912	0.00692	0.00672	0.01127
123	0.01478	0.01261	0.01342	0.01403	0.01599	0.05411	0.01001	0.02260	0.18852	0.02553	0.04127	0.46588	0.04487	0.02128	0.01004	0.00321	0.00612	0.01891	0.00788	0.00893
124	0.01617	0.01586	0.01615	0.01585	0.01722	0.13134	0.01188	0.01825	0.01711	0.02168	0.06286	0.30248	0.03524	0.02693	0.12278	0.00494	0.13444	0.01472	0.00602	0.00807
125	0.01802	0.21176	0.13328	0.02150	0.11014	0.02145	0.01749	0.02176	0.01592	0.02173	0.01674	0.02536	0.01585	0.12780	0.10005	0.00486	0.09472	0.00748	0.00409	0.01000
126	0.01102	0.00866	0.00995	0.00963	0.01208	0.00759	0.00722	0.01407	0.02167	0.02838	0.35564	0.07303	0.37159	0.01954	0.01005	0.00278	0.00417	0.01672	0.00861	0.00759
127	0.01765	0.01513	0.01765	0.01260	0.02017	0.01134	0.01008	0.02143	0.01765	0.02773	0.01513	0.01765	0.01260	0.00630	0.00630	0.00126	0.00630	0.00504	0.00504	0.75295
128	0.01177	0.00853	0.01196	0.01316	0.01429	0.00885	0.00993	0.01423	0.01591	0.02160	0.03735	0.31514	0.04162	0.06794	0.23836	0.00728	0.01183	0.13637	0.00662	0.00726
129	0.01025	0.00863	0.00888	0.00882	0.01161	0.00726	0.00662	0.01258	0.01985	0.02405	0.13938	0.08015	0.59055	0.02116	0.01006	0.00285	0.00428	0.01772	0.00804	0.00726
130	0.02927	0.22602	0.02982	0.01987	0.02506	0.49033	0.01592	0.03161	0.02221	0.02060	0.01279	0.01487	0.01095	0.00835	0.00706	0.00209	0.01361	0.00522	0.00418	0.01016
131	0.01006	0.00862	0.00862	0.00862	0.01149	0.00718	0.00647	0.01221	0.01940	0.02299	0.08621	0.08190	0.64438	0.02155	0.01006	0.00287	0.00431	0.01796	0.00790	0.00718
132	0.02106	0.02022	0.03454	0.05223	0.64784	0.02022	0.02612	0.02612	0.01938	0.02780	0.01601	0.02106	0.01348	0.00758	0.00842	0.00253	0.01011	0.00758	0.00421	0.01348
133	0.08528	0.01989	0.03263	0.04867	0.59304	0.02012	0.02465	0.02602	0.01895	0.02870	0.01565	0.02043	0.01311	0.00761	0.00815	0.00254	0.00980	0.00732	0.00430	0.01311
134	0.02094	0.01728	0.01834	0.01647	0.02119	0.01958	0.01282	0.04219	0.55297	0.06123	0.03907	0.03598	0.07943	0.01237	0.00878	0.00287	0.00655	0.01030	0.00867	0.01297
135	0.01023	0.00835	0.00891	0.00931	0.01156	0.00718	0.00670	0.01215	0.01842	0.02242	0.07530	0.20635	0.49437	0.05527	0.01182	0.00325	0.00463	0.01897	0.00777	0.00703
136	0.06338	0.02647	0.02624	0.02650	0.13832	0.21474	0.01833	0.15874	0.02354	0.03017	0.01473	0.01826	0.01217	0.01035	0.01291	0.00274	0.17910	0.00679	0.00515	0.01138
137	0.02317	0.67529	0.04365	0.01490	0.02205	0.06293	0.01465	0.02588	0.01761	0.02006	0.01189	0.01373	0.01092	0.00735	0.00556	0.00184	0.00939	0.00459	0.00367	0.01087
138	0.01115	0.00797	0.01012	0.01153	0.01231	0.00756	0.00795	0.01270	0.01618	0.02125	0.04601	0.44176	0.10030	0.16041	0.01738	0.00442	0.00590	0.09105	0.00734	0.00670
139	0.01013	0.00834	0.00891	0.00937	0.01169	0.00712	0.00680	0.01213	0.01868	0.02270	0.07707	0.22451	0.50767	0.02274	0.01024	0.00301	0.00446	0.01941	0.00790	0.00712
140	0.01074	0.00774	0.00982	0.01119	0.01189	0.00732	0.00743	0.01212	0.01586	0.02092	0.04659	0.50124	0.11019	0.13677	0.04440	0.00461	0.00618	0.02100	0.00731	0.00669
141	0.01024	0.00857	0.00892	0.00895	0.01164	0.00724	0.00667	0.01252	0.01965	0.02387	0.13167	0.10984	0.56817	0.02145	0.01009	0.00288	0.00432	0.01804	0.00803	0.00724
142	0.01078	0.00840	0.00980	0.00998	0.01208	0.00741	0.00728	0.01342	0.02033	0.02644	0.26394	0.20150	0.33577	0.02121	0.01022	0.00293	0.00434	0.01838	0.00839	0.00741
143	0.02106	0.02022	0.03454	0.05223	0.64784	0.02022	0.02612	0.02612	0.01938	0.02780	0.01601	0.02106	0.01348	0.00758	0.00842	0.00253	0.01011	0.00758	0.00421	0.01348
144	0.02106	0.02022	0.03454	0.05223	0.64784	0.02022	0.02612	0.02612	0.01938	0.02780	0.01601	0.02106	0.01348	0.00758	0.00842	0.00253	0.01011	0.00758	0.00421	0.01348
145	0.01702	0.01617	0.02260	0.01981	0.02007	0.02200	0.01617	0.01893	0.01309	0.02003	0.01441	0.02415	0.01449	0.07926	0.13711	0.00577	0.51813	0.00813	0.00398	0.00868
146	0.01090	0.00780	0.01039	0.01182	0.01270	0.00730	0.00824	0.01304	0.01809	0.02451	0.17094	0.53176	0.06089	0.02456	0.01074	0.00332	0.00490	0.05271	0.00820	0.00719
147	0.02120	0.06303	0.18992	0.08007	0.06073	0.04677	0.07141	0.03089	0.14422	0.08761	0.02186	0.02591	0.01694	0.01018	0.01010	0.00282	0.06583	0.03293	0.00563	0.01195
148	0.03129	0.07701	0.02524	0.02152	0.02606	0.63208	0.01634	0.03352	0.02374	0.02078	0.01308	0.01525	0.01096	0.00869	0.00755	0.00217	0.01500	0.00543	0.00434	0.00992
149	0.02390	0.27319	0.20770	0.02002	0.02749	0.23456	0.02007	0.02841	0.01949	0.02224	0.01319	0.01564	0.01091	0.00835	0.00798	0.00228	0.04430	0.00547	0.00387	0.01096
150	0.01910	0.22077	0.02888	0.02527	0.20396	0.02045	0.01647	0.04945	0.01905	0.02479	0.02586	0.04102	0.05636	0.08181	0.01185	0.00320	0.00880	0.12720	0.00528	0.01042
151	0.03029	0.02549	0.02356	0.01930	0.02518	0.15562	0.01543	0.34211	0.15903	0.08247	0.02276	0.02230	0.01658	0.01022	0.00837	0.00255	0.00990	0.00768	0.00783	0.01332
152	0.02106	0.02022	0.03454	0.05223	0.64784	0.02022	0.02612	0.02612	0.01938	0.02780	0.01601	0.02106	0.01348	0.00758	0.00842	0.00253	0.01011	0.00758	0.00421	0.01348
153	0.02142	0.02362	0.08786	0.04782	0.55409	0.06253	0.02595	0.02670	0.01957	0.02727	0.01576	0.02042	0.01308	0.00770	0.00835	0.00252	0.01067	0.00733	0.00417	0.01316
154	0.02097	0.02094	0.03179	0.17834	0.47315	0.07606	0.02477	0.02590	0.01930	0.02596	0.01558	0.02090	0.01282	0.00788	0.00838	0.00256	0.01082	0.00740	0.00414	0.01234
155	0.01235	0.00834	0.00973	0.00973	0.00988	0.00849	0.00571	0.01266	0.01251	0.01683	0.02641	0.05344	0.02996	0.63645	0.10645	0.00880	0.00972	0.01205	0.00510	0.00540
156	0.01838	0.01566	0.01840	0.01688	0.02005	0.04237	0.04121	0.09982	0.20582	0.03019	0.03470	0.27993	0.03474	0.01748	0.01090	0.00313	0.05161	0.04076	0.00761	0.01037
157	0.01048	0.00864	0.00933	0.00956	0.01209	0.00731	0.00697	0.01255	0.01859	0.02291	0.07379	0.22155	0.47847	0.02204	0.01007	0.00293	0.00455	0.01881	0.00777	0.04158
158	0.01238	0.00825	0.00928	0.00928	0.00928	0.00825	0.00516	0.01238	0.01238	0.01650	0.02681	0.05569	0.03094	0.70092	0.04331	0.00825	0.00825	0.01238	0.00516	0.00516
159	0.02929	0.17390	0.02813	0.01989	0.02513	0.43480	0.01584	0.08777	0.06406	0.02470	0.01497	0.01655	0.01227	0.00878	0.00736	0.00220	0.01294	0.00577	0.00490	0.01075
160	0.02678	0.02003	0.02292	0.01843	0.02301	0.02298	0.01502	0.40899	0.03062	0.04193	0.01875	0.02170	0.01455	0.01510	0.04070	0.07906	0.12069	0.00767	0.03909	0.01197
161	0.01320	0.01084	0.01753	0.01608	0.01813	0.01243	0.06369	0.01653	0.01420	0.02045	0.02167	0.03171	0.02000	0.05623	0.57515	0.01219	0.05835	0.00911	0.00449	0.00803
162	0.01151	0.00836	0.01084	0.01089	0.01255	0.00770	0.00791	0.01477	0.02184	0.03035	0.46068	0.22643	0.10437	0.01999	0.01025	0.00289	0.00427	0.01778	0.00891	0.00770
163	0.02058	0.14635	0.31147	0.02916	0.15916	0.08778	0.07686	0.02728	0.01895	0.02539	0.01481	0.01806	0.01156	0.00784	0.00785	0.00248	0.01193	0.00651	0.00387	0.01212
164	0.01134	0.00809	0.00931	0.00986	0.01059	0.00766	0.00619	0.01220	0.01491	0.01929	0.04458	0.23933	0.16371	0.37380	0.02746	0.00581	0.00652	0.01681	0.00648	0.00606
165	0.01238	0.00825	0.00928	0.00928	0.00928	0.00825	0.00516	0.01238	0.01238	0.01650	0.02681	0.05569	0.03094	0.70092	0.04331	0.00825	0.00825	0.01238	0.00516	0.00516
166	0.02106	0.02022	0.03454	0.05223	0.64784	0.02022	0.02612	0.02612	0.01938	0.02780	0.01601	0.02106	0.01348	0.00758	0.00842	0.00253	0.01011	0.00758	0.00421	0.01348
167	0.02566	0.03143	0.15465	0.02552	0.11569	0.22089	0.02050	0.16462	0.05613	0.03161	0.01882	0.02396	0.01533	0.00990	0.00837	0.00257	0.01175	0.04498	0.00558	0.01203
168	0.02090	0.02730	0.13032	0.02395	0.02824	0.15672	0.10613	0.02497	0.01720	0.02253	0.01388	0.01943	0.01198	0.01461	0.05980	0.00377	0.29681	0.00734	0.00398	0.01015
169	0.01226	0.00873	0.01170	0.01170	0.01253	0.00956	0.00817	0.01392	0.01309	0.01829	0.02461	0.04347	0.02563	0.35109	0.38590	0.01123	0.01624	0.01059	0.00483	0.00650
170	0.01194	0.00963	0.01075	0.01030	0.01304	0.00892	0.00777	0.01703	0.08324	0.02853	0.29431	0.06981	0.36582	0.01895	0.00991	0.00280	0.00444	0.01613	0.00854	0.00814
171	0.01834	0.07416	0.28806	0.02324	0.03213	0.02003	0.13931	0.02498	0.01767	0.02593	0.01490	0.01868	0.01164	0.00831	0.01033	0.00250	0.09300	0.00679	0.00405	0.16595
172	0.01006	0.00862	0.00862	0.00862	0.01149	0.00718	0.00647	0.01221	0.01940	0.02299	0.08621	0.08190	0.64438	0.02155	0.01006	0.00287	0.00431	0.01796	0.00790	0.00718
173	0.01238	0.00825	0.00928	0.00928	0.00928	0.00825	0.00516	0.01238	0.01238	0.01650	0.02681	0.05569	0.03094	0.70092	0.04331	0.00825	0.00825	0.01238	0.00516	0.00516
174	0.01368	0.01161	0.01849	0.06616	0.16492	0.01147	0.04099	0.01653	0.01723	0.02339	0.03627	0.46347	0.04139	0.02014	0.01010	0.00317	0.00699	0.01859	0.00661	0.00882
175	0.02798	0.02978	0.02571	0.02698	0.15472	0.32902	0.01789	0.16442	0.02585	0.02968	0.01625	0.01927	0.01318	0.01363	0.06526	0.00334	0.01354	0.00673	0.00531	0.01147
176	0.02726	0.03301	0.02479	0.02207	0.02494	0.44624	0.01719	0.02933	0.02030	0.02071	0.01247	0.01647	0.01103	0.01088	0.01464	0.00272	0.24596	0.00616	0.00416	0.00967
177	0.02038	0.08469	0.16493	0.04314	0.46634	0.02129	0.02622	0.02624	0.01890	0.02695	0.01549	0.01977	0.01270	0.00766	0.00810	0.00250	0.01054	0.00705	0.00403	0.01307
178	0.02889	0.13721	0.02849	0.02355	0.08664	0.41140	0.01717	0.09481	0.02388	0.02493	0.01394	0.01633	0.01159	0.00883	0.00832	0.00227	0.04034	0.00586	0.00468	0.01086
179	0.01084	0.00831	0.00993	0.01025	0.01216	0.00740	0.00741	0.01345	0.02017	0.02652	0.26951	0.24647	0.28382	0.02153	0.01027	0.00297	0.00438	0.01880	0.00841	0.00740
180	0.01074	0.00865	0.00957	0.00934	0.01191	0.00748	0.00700	0.01354	0.02101	0.02682	0.27797	0.07559	0.45023	0.02012	0.01005	0.00281	0.00421	0.01708	0.00841	0.00748
181	0.02117	0.43692	0.07763	0.02132	0.02901	0.02828	0.19293	0.02561	0.01798	0.02252	0.01411	0.01754	0.01198	0.00991	0.03753	0.00272	0.01147	0.00647	0.00388	0.01102
182	0.01978	0.07998	0.06810	0.19343	0.39520	0.02111	0.05148	0.02514	0.01860	0.02564	0.01545	0.02071	0.01259	0.00778	0.00824	0.00256	0.01064	0.00735	0.00403	0.01218
183	0.60938	0.01799	0.01522	0.01294	0.01853	0.02061	0.01066	0.14873	0.01980	0.04140	0.01364	0.01520	0.01031	0.00838	0.00594	0.00262	0.00716	0.00524	0.00594	0.01031
184	0.01090	0.00889	0.00980	0.01025	0.01291	0.00779	0.00814	0.01346	0.01944	0.02356	0.07671	0.08515	0.50698	0.02200	0.01045	0.00311	0.00512	0.15010	0.00789	0.00733
185	0.02046	0.19982	0.23534	0.05580	0.07190	0.08041	0.07548	0.02600	0.01787	0.02361	0.01387	0.01763	0.01128	0.00882	0.01042	0.00259	0.10718	0.00643	0.00381	0.01128
186	0.01252	0.01008	0.01421	0.01764	0.11162	0.00994	0.01078	0.01489	0.01653	0.02207	0.04338	0.27120	0.16063	0.08889	0.14973	0.00574	0.00962	0.01616	0.00639	0.00798
187	0.01023	0.00863	0.00886	0.00880	0.01160	0.00726	0.00660	0.01255	0.01980	0.02396	0.13456	0.08031	0.59543	0.02119	0.01006	0.00286	0.00428	0.01774	0.00803	0.00726
188	0.05368	0.01903	0.03229	0.19147	0.45552	0.01994	0.05451	0.02514	0.01866	0.02688	0.01568	0.02119	0.01277	0.00779	0.00838	0.00262	0.01044	0.00757	0.00417	0.01227
189	0.02606	0.02833	0.09530	0.03073	0.17295	0.15472	0.11980	0.20513	0.02648	0.03391	0.01687	0.01970	0.01289	0.00859	0.00853	0.00254	0.01191	0.00745	0.00548	0.01261
190	0.02817	0.03396	0.02623	0.02913	0.18153	0.47349	0.01859	0.03112	0.02243	0.02252	0.01433	0.01764	0.01208	0.01109	0.03927	0.00282	0.01439	0.00618	0.00435	0.01066
191	0.01272	0.00945	0.01390	0.01464	0.04087	0.01071	0.01059	0.01562	0.01399	0.02036	0.02309	0.03477	0.02181	0.11430	0.55534	0.01221	0.02014	0.00928	0.03856	0.00765
192	0.02036	0.01980	0.03047	0.03969	0.41974	0.05042	0.06023	0.02498	0.01917	0.02713	0.01716	0.05062	0.01507	0.00821	0.00817	0.00232	0.00964	0.00787	0.00456	0.16440
193	0.01866	0.20108	0.11225	0.01839	0.02237	0.06526	0.01694	0.02177	0.01620	0.02151	0.01935	0.15570	0.02028	0.01400	0.01456	0.00293	0.23463	0.00984	0.00458	0.00972
194	0.01188	0.00865	0.01226	0.01350	0.01475	0.00903	0.01040	0.01456	0.01616	0.02194	0.03747	0.29693	0.04142	0.03967	0.25500	0.00737	0.01231	0.16264	0.00664	0.00740
195	0.01810	0.03508	0.42980	0.03137	0.17865	0.01956	0.08020	0.02635	0.01855	0.02711	0.01699	0.02273	0.01336	0.00860	0.00850	0.00273	0.01194	0.03391	0.00400	0.01247
196	0.02445	0.02653	0.03049	0.04093	0.42048	0.22402	0.02243	0.02956	0.05172	0.02600	0.01605	0.01980	0.01332	0.00816	0.00820	0.00244	0.01159	0.00702	0.00449	0.01234
197	0.01567	0.01360	0.01704	0.01548	0.01755	0.04995	0.01231	0.01856	0.01492	0.02194	0.01915	0.02708	0.01745	0.03829	0.35115	0.00832	0.17015	0.00796	0.06895	0.09447
198	0.01095	0.00898	0.00974	0.01004	0.01245	0.00808	0.00733	0.01448	0.05907	0.02406	0.10056	0.21919	0.44113	0.02188	0.01015	0.00300	0.00460	0.01873	0.00802	0.00757
199	0.01169	0.00868	0.01088	0.01033	0.01249	0.00788	0.00775	0.01537	0.02325	0.03212	0.54316	0.06686	0.18173	0.01814	0.01004	0.00271	0.00407	0.01585	0.00910	0.00788
200	0.02275	0.70604	0.04459	0.01456	0.02184	0.03367	0.01456	0.02548	0.01729	0.02002	0.01183	0.01365	0.01092	0.00728	0.00546	0.00182	0.00910	0.00455	0.00364	0.01092
201	0.01848	0.02230	0.23500	0.01682	0.02328	0.01340	0.01743	0.04815	0.02003	0.13036	0.03902	0.16517	0.12959	0.01576	0.00938	0.00297	0.00831	0.06712	0.00688	0.01057
202	0.03082	0.19463	0.02859	0.02040	0.07756	0.22868	0.01546	0.03377	0.02210	0.23907	0.02010	0.02011	0.01465	0.00890	0.00750	0.00228	0.01056	0.00649	0.00630	0.01203
203	0.01214	0.00878	0.01219	0.01228	0.01330	0.00976	0.00887	0.01420	0.01341	0.01887	0.02508	0.06995	0.02574	0.25269	0.45100	0.01159	0.01764	0.01077	0.00489	0.00684
204	0.01027	0.00778	0.00949	0.01085	0.01208	0.00700	0.00746	0.01196	0.01725	0.02212	0.05906	0.50561	0.23820	0.02508	0.01061	0.00328	0.00474	0.02226	0.00790	0.00700
205	0.02779	0.03570	0.08167	0.02982	0.18497	0.44652	0.02020	0.03138	0.02238	0.02313	0.01406	0.01702	0.01159	0.00841	0.00790	0.00232	0.01378	0.00608	0.00427	0.01102
206	0.03141	0.07305	0.02548	0.02109	0.02608	0.51168	0.01629	0.14430	0.02676	0.02699	0.01446	0.01622	0.01162	0.00896	0.00771	0.00224	0.01388	0.00584	0.00513	0.01079
207	0.01037	0.00741	0.00987	0.01185	0.01234	0.00691	0.00790	0.01185	0.01629	0.02172	0.04690	0.69537	0.05629	0.02666	0.01086	0.00346	0.00494	0.02419	0.00790	0.00691
208	0.02819	0.03143	0.02369	0.02191	0.05178	0.38230	0.01625	0.10030	0.16715	0.02819	0.01899	0.02016	0.01498	0.00986	0.00914	0.00249	0.04915	0.00689	0.00580	0.01134
209	0.01230	0.00855	0.01079	0.01079	0.01132	0.00907	0.00704	0.01335	0.01282	0.01762	0.02543	0.04803	0.02761	0.48164	0.25805	0.01012	0.01326	0.01125	0.00495	0.00600
210	0.02692	0.39948	0.03516	0.01795	0.02390	0.32531	0.01543	0.02940	0.02044	0.02039	0.01244	0.01443	0.01094	0.00797	0.00648	0.00199	0.01198	0.00498	0.00398	0.01043
211	0.01305	0.01064	0.01247	0.01142	0.01520	0.00876	0.00868	0.01573	0.01799	0.02449	0.04804	0.22222	0.22363	0.01781	0.00912	0.00256	0.00545	0.06198	0.00691	0.26385
212	0.01768	0.01616	0.01417	0.01380	0.01556	0.14457	0.00953	0.07806	0.01893	0.02294	0.03028	0.26403	0.03390	0.25711	0.02132	0.00478	0.00868	0.01455	0.00628	0.00767
213	0.02537	0.51312	0.03866	0.01670	0.02314	0.21720	0.01511	0.02795	0.01927	0.02026	0.01221	0.01414	0.01093	0.00771	0.00610	0.00193	0.01091	0.00482	0.00386	0.01062
214	0.01250	0.01264	0.07642	0.01190	0.01527	0.00957	0.01028	0.01752	0.04708	0.03107	0.43555	0.06160	0.19216	0.01711	0.00979	0.00273	0.00505	0.01479	0.00844	0.00853
215	0.02302	0.02347	0.02423	0.02314	0.07758	0.15738	0.01709	0.06005	0.21123	0.02750	0.01980	0.02235	0.01612	0.01171	0.01506	0.00298	0.24252	0.00774	0.00568	0.01134
216	0.02814	0.02882	0.02223	0.01957	0.02451	0.31248	0.01509	0.11012	0.25655	0.06087	0.02316	0.02284	0.01757	0.01008	0.00819	0.00252	0.01096	0.00746	0.00680	0.01202
217	0.01225	0.00876	0.01186	0.01186	0.01275	0.00965	0.00837	0.01403	0.01314	0.01841	0.02445	0.04263	0.02527	0.32697	0.40951	0.01144	0.01679	0.01046	0.00481	0.00659
218	0.01016	0.00863	0.00877	0.00873	0.01156	0.00723	0.00655	0.01242	0.01965	0.02359	0.11606	0.08092	0.61416	0.02133	0.01006	0.00286	0.00429	0.01782	0.00798	0.00723
219	0.03179	0.04056	0.02412	0.02192	0.02631	0.66676	0.01644	0.03398	0.02412	0.02083	0.01315	0.01535	0.01096	0.00877	0.00767	0.00219	0.01535	0.00548	0.00438	0.00987
220	0.01006	0.00862	0.00862	0.00862	0.01149	0.00718	0.00647	0.01221	0.01940	0.02299	0.08621	0.08190	0.64438	0.02155	0.01006	0.00287	0.00431	0.01796	0.00790	0.00718
221	0.01084	0.00777	0.01029	0.01153	0.01245	0.00722	0.00794	0.01302	0.01847	0.02518	0.21312	0.51930	0.06298	0.02408	0.01063	0.00324	0.00468	0.02174	0.00831	0.00722
222	0.06532	0.01971	0.02181	0.01698	0.02318	0.02095	0.01397	0.39695	0.03296	0.19054	0.02384	0.02326	0.01651	0.01015	0.00812	0.00252	0.00820	0.00776	0.08369	0.01357
223	0.08682	0.64620	0.04181	0.01427	0.02137	0.03241	0.01410	0.02544	0.01705	0.02160	0.01183	0.01367	0.01077	0.00733	0.00544	0.00189	0.00888	0.00456	0.00378	0.01077
