[name]
unknown

[dist]
# distance from previous block
# <min> <max>
0	1

[block]
# block no. 0 follows, 21 sequences, length 15
# corresponding to MSA columns:
# 1-15
name=unknown_A
#
# <colnr> <probs for GDERKNQSTAVLIFYWHMCP>
#	G	D	E	R	K	N	Q	S	T	A	V	L	I	F	Y	W	H	M	C	P
0	0.02839	0.02823	0.02435	0.10386	0.02975	0.27413	0.01720	0.25377	0.02849	0.03367	0.01785	0.02285	0.01447	0.01040	0.00929	0.00258	0.04402	0.03922	0.00604	0.01143
1	0.02792	0.03033	0.02706	0.03018	0.20970	0.32959	0.01904	0.12261	0.06994	0.02903	0.01670	0.01903	0.01335	0.00885	0.00810	0.00240	0.01224	0.00674	0.00528	0.01191
2	0.14483	0.31275	0.14693	0.01647	0.02416	0.02564	0.01673	0.08499	0.05301	0.07930	0.01628	0.01734	0.01259	0.00830	0.00663	0.00231	0.00908	0.00578	0.00519	0.01171
3	0.02162	0.02113	0.03079	0.04255	0.46321	0.06312	0.02291	0.02939	0.11980	0.02814	0.01856	0.02228	0.01521	0.00879	0.00970	0.00264	0.05450	0.00777	0.00492	0.01297
4	0.01098	0.00801	0.00959	0.01043	0.01137	0.00754	0.00688	0.01224	0.01571	0.02037	0.04878	0.33469	0.18124	0.22809	0.05029	0.00522	0.00660	0.01856	0.00693	0.00648
5	0.01237	0.00954	0.01295	0.09861	0.01863	0.00937	0.00992	0.01641	0.02268	0.03135	0.50347	0.06007	0.12917	0.01665	0.00984	0.00272	0.00501	0.01462	0.00848	0.00813
6	0.02175	0.02152	0.03387	0.05029	0.60803	0.06163	0.02550	0.02662	0.01968	0.02736	0.01582	0.02070	0.01332	0.00766	0.00838	0.00251	0.01045	0.00745	0.00422	0.01325
7	0.01058	0.00757	0.01006	0.01171	0.01239	0.00705	0.00792	0.01238	0.01728	0.02329	0.12222	0.61559	0.05932	0.02549	0.01076	0.00336	0.00482	0.02308	0.00809	0.00705
8	0.01359	0.01035	0.01295	0.01276	0.01322	0.01151	0.00879	0.04029	0.01504	0.02058	0.03084	0.26690	0.03564	0.32731	0.02816	0.00562	0.11819	0.01540	0.00601	0.00685
9	0.03235	0.02384	0.02554	0.01958	0.02639	0.02639	0.01618	0.61946	0.04001	0.05363	0.02043	0.02043	0.01447	0.01022	0.00851	0.00255	0.00936	0.00766	0.00851	0.01447
10	0.01096	0.00835	0.01233	0.01331	0.01430	0.00780	0.04501	0.01279	0.01652	0.02206	0.04510	0.65439	0.05364	0.02547	0.01081	0.00342	0.00551	0.02333	0.00768	0.00719
11	0.03019	0.15804	0.02773	0.02062	0.02552	0.55499	0.01611	0.03248	0.02291	0.02069	0.01292	0.01505	0.01095	0.00851	0.00728	0.00213	0.01424	0.00532	0.00425	0.01005
12	0.01037	0.00741	0.00987	0.01185	0.01234	0.00691	0.00790	0.01185	0.01629	0.02172	0.04690	0.69537	0.05629	0.02666	0.01086	0.00346	0.00494	0.02419	0.00790	0.00691
13	0.17571	0.45060	0.08114	0.01519	0.02226	0.06457	0.01487	0.04969	0.01805	0.02567	0.01251	0.01437	0.01070	0.00767	0.00586	0.00210	0.00919	0.00487	0.00421	0.01077
14	0.01858	0.01756	0.02476	0.41578	0.10829	0.04747	0.02095	0.02880	0.17706	0.02592	0.02019	0.02455	0.01534	0.00921	0.00850	0.00279	0.01020	0.00801	0.00512	0.01093

[dist]
# distance from previous block
# <min> <max>
4	7

[block]
# block no. 1 follows, 21 sequences, length 41
# corresponding to MSA columns:
# 23-63
name=unknown_B
#
# <colnr> <probs for GDERKNQSTAVLIFYWHMCP>
#	G	D	E	R	K	N	Q	S	T	A	V	L	I	F	Y	W	H	M	C	P
0	0.11721	0.08461	0.02517	0.23245	0.03452	0.13495	0.01768	0.10875	0.02111	0.05658	0.01525	0.01903	0.01183	0.00932	0.00959	0.00264	0.07712	0.00660	0.00502	0.01054
1	0.01549	0.01245	0.01534	0.01648	0.09424	0.01197	0.01020	0.04508	0.07336	0.02441	0.03462	0.08570	0.12245	0.26255	0.02117	0.00455	0.00727	0.01178	0.00609	0.12482
2	0.02457	0.14452	0.13510	0.01738	0.02399	0.10903	0.01637	0.14599	0.02393	0.10540	0.02694	0.06666	0.07831	0.01128	0.00801	0.00248	0.00950	0.00872	0.03031	0.01150
3	0.11135	0.01735	0.05685	0.28610	0.09353	0.01665	0.01808	0.02274	0.01717	0.02660	0.01480	0.01953	0.01165	0.00761	0.00735	0.00226	0.00906	0.00630	0.00441	0.25061
4	0.02063	0.02032	0.02762	0.03840	0.39557	0.10763	0.02151	0.02498	0.02009	0.02622	0.02324	0.03996	0.02246	0.01193	0.00920	0.00285	0.01024	0.16049	0.00519	0.01149
5	0.43024	0.02217	0.07841	0.04641	0.02153	0.13085	0.01313	0.02485	0.01620	0.03030	0.01294	0.01645	0.01048	0.01084	0.00966	0.09743	0.00903	0.00542	0.00468	0.00897
6	0.21324	0.17669	0.02016	0.01225	0.01724	0.01883	0.01038	0.02481	0.10759	0.05556	0.03930	0.03828	0.21055	0.01266	0.00745	0.00255	0.00652	0.00966	0.00643	0.00984
7	0.02368	0.02169	0.02159	0.01743	0.02270	0.13763	0.04926	0.18186	0.08018	0.03199	0.02011	0.02621	0.01724	0.12971	0.01405	0.00324	0.00965	0.00782	0.00614	0.17785
8	0.02357	0.02082	0.05965	0.02132	0.11588	0.13505	0.01483	0.02933	0.09765	0.15055	0.03081	0.05727	0.08199	0.10777	0.01344	0.00341	0.00922	0.00984	0.00666	0.01094
9	0.01824	0.01591	0.01941	0.01728	0.01893	0.05765	0.01394	0.07432	0.01706	0.02489	0.01817	0.02513	0.01617	0.02891	0.22460	0.00644	0.27639	0.00795	0.10953	0.00908
10	0.04883	0.03342	0.37101	0.02067	0.03013	0.07704	0.02318	0.05920	0.02123	0.17333	0.04697	0.02225	0.01635	0.00922	0.00817	0.00263	0.01086	0.00715	0.00582	0.01255
11	0.03034	0.02233	0.02411	0.01887	0.02511	0.02461	0.01542	0.56389	0.03784	0.05071	0.02285	0.08216	0.01830	0.01172	0.00873	0.00264	0.00896	0.00917	0.00846	0.01378
12	0.02489	0.54985	0.03988	0.01617	0.02289	0.15038	0.01499	0.05591	0.01966	0.02180	0.01249	0.01429	0.01110	0.00770	0.00602	0.00192	0.01027	0.00487	0.00401	0.01090
13	0.05756	0.00850	0.01010	0.01089	0.01250	0.00797	0.00771	0.01364	0.01849	0.02565	0.17976	0.38980	0.18179	0.02245	0.01017	0.00312	0.00471	0.01979	0.00805	0.00735
14	0.03235	0.02384	0.02554	0.01958	0.02639	0.02639	0.01618	0.61946	0.04001	0.05363	0.02043	0.02043	0.01447	0.01022	0.00851	0.00255	0.00936	0.00766	0.00851	0.01447
15	0.01742	0.01682	0.02468	0.05624	0.02497	0.01959	0.09108	0.04074	0.01689	0.02402	0.02691	0.03104	0.12895	0.01345	0.01764	0.00303	0.32040	0.00940	0.00492	0.11178
16	0.02181	0.01781	0.01886	0.01614	0.02123	0.01955	0.01275	0.17964	0.35112	0.03747	0.03925	0.03708	0.13060	0.01272	0.00876	0.00273	0.00694	0.01038	0.00832	0.04682
17	0.03034	0.02233	0.02411	0.01887	0.02511	0.02461	0.01542	0.56389	0.03784	0.05071	0.02285	0.08216	0.01830	0.01172	0.00873	0.00264	0.00896	0.00917	0.00846	0.01378
18	0.07414	0.02065	0.02253	0.01796	0.02370	0.02302	0.01471	0.47044	0.03354	0.04639	0.02033	0.02243	0.01540	0.02000	0.13027	0.00462	0.01168	0.00774	0.00758	0.01287
19	0.21710	0.14520	0.02632	0.02263	0.13680	0.09036	0.01579	0.07945	0.01903	0.02942	0.01423	0.01777	0.01202	0.01267	0.05499	0.00330	0.08126	0.00613	0.00477	0.01076
20	0.01759	0.13605	0.05907	0.01421	0.01887	0.01758	0.01231	0.06434	0.17324	0.03176	0.24926	0.04322	0.10179	0.01356	0.00868	0.00259	0.00647	0.01127	0.00764	0.01049
21	0.16025	0.11585	0.33533	0.01774	0.02591	0.01926	0.02016	0.02369	0.01617	0.02630	0.01631	0.02361	0.01423	0.13623	0.01373	0.00360	0.01018	0.00687	0.00421	0.01035
22	0.01870	0.01889	0.02534	0.09114	0.27296	0.08885	0.04442	0.02330	0.04092	0.02504	0.03473	0.03709	0.18120	0.01204	0.00993	0.00270	0.04643	0.01028	0.00531	0.01072
23	0.02306	0.02567	0.03677	0.03836	0.27607	0.16879	0.21472	0.02798	0.02034	0.02563	0.01548	0.02023	0.01259	0.00812	0.00985	0.00263	0.04979	0.00789	0.00425	0.01178
24	0.03235	0.02384	0.02554	0.01958	0.02639	0.02639	0.01618	0.61946	0.04001	0.05363	0.02043	0.02043	0.01447	0.01022	0.00851	0.00255	0.00936	0.00766	0.00851	0.01447
25	0.02992	0.03378	0.02460	0.10475	0.03041	0.44849	0.01730	0.15706	0.02660	0.02793	0.01495	0.01736	0.01176	0.00904	0.00796	0.00235	0.01357	0.00621	0.00519	0.01079
26	0.03057	0.15015	0.02907	0.01865	0.02555	0.02774	0.01588	0.50948	0.03581	0.04741	0.01884	0.01918	0.01381	0.00967	0.00795	0.00242	0.00932	0.00709	0.00761	0.01381
27	0.01484	0.01384	0.01228	0.01284	0.01407	0.12945	0.00867	0.01611	0.01690	0.02026	0.03777	0.36401	0.07704	0.20022	0.01875	0.00445	0.00770	0.01724	0.00653	0.00701
28	0.01620	0.01357	0.01412	0.01418	0.01633	0.06971	0.01025	0.09416	0.07957	0.02779	0.07663	0.44616	0.04554	0.02096	0.01002	0.00313	0.00654	0.01848	0.00783	0.00883
29	0.41612	0.19055	0.02277	0.01384	0.01968	0.10461	0.01182	0.05359	0.01773	0.03170	0.01257	0.01447	0.01027	0.00789	0.00582	0.00231	0.00843	0.00487	0.00489	0.04610
30	0.01274	0.00869	0.01068	0.01129	0.01257	0.00834	0.00783	0.04918	0.01732	0.02294	0.04531	0.36647	0.15283	0.05719	0.01568	0.12924	0.00562	0.01788	0.04134	0.00684
31	0.21195	0.01369	0.01399	0.01206	0.01656	0.01361	0.00947	0.09464	0.02075	0.03324	0.12265	0.10568	0.13683	0.01363	0.00799	0.00250	0.00594	0.01103	0.00697	0.14682
32	0.02828	0.02079	0.02264	0.01815	0.02379	0.02278	0.01464	0.50696	0.03562	0.04772	0.02533	0.14540	0.02221	0.01326	0.00895	0.00272	0.00854	0.01072	0.00840	0.01307
33	0.01664	0.00991	0.01256	0.01145	0.01457	0.00913	0.00889	0.01971	0.02065	0.15185	0.22018	0.05718	0.24596	0.02601	0.13142	0.00477	0.00824	0.01372	0.00822	0.00896
34	0.02103	0.02181	0.02891	0.19986	0.35456	0.13209	0.02262	0.02556	0.01962	0.02479	0.01957	0.02417	0.05093	0.00887	0.00841	0.00257	0.01098	0.00784	0.00436	0.01147
35	0.02560	0.01972	0.02117	0.01786	0.02339	0.02220	0.01422	0.21799	0.41598	0.07965	0.03029	0.02817	0.02220	0.01108	0.00861	0.00277	0.00756	0.00896	0.00873	0.01384
36	0.11800	0.01723	0.01779	0.01456	0.01909	0.01888	0.01148	0.32714	0.02785	0.04113	0.02182	0.02785	0.01804	0.13057	0.01371	0.00345	0.00782	0.00815	0.14447	0.01097
37	0.02332	0.01780	0.01931	0.01704	0.02208	0.02007	0.01335	0.04475	0.55552	0.11381	0.03450	0.03140	0.02536	0.01142	0.00865	0.00285	0.00680	0.00949	0.00890	0.01360
38	0.03061	0.13210	0.02730	0.02044	0.02569	0.45668	0.01612	0.14250	0.02612	0.02686	0.01433	0.01606	0.01161	0.00883	0.00752	0.00221	0.01334	0.00576	0.00505	0.01088
39	0.02226	0.52498	0.03747	0.01485	0.02127	0.02906	0.01397	0.02774	0.09510	0.04974	0.01667	0.01842	0.01422	0.01313	0.06652	0.00308	0.00997	0.00579	0.00466	0.01110
40	0.03188	0.02360	0.02528	0.01949	0.02621	0.02617	0.01606	0.59534	0.06490	0.05288	0.02103	0.02091	0.01496	0.01027	0.00852	0.00257	0.00925	0.00774	0.00852	0.01443

[dist]
# distance from previous block
# <min> <max>
0	21

[block]
# block no. 2 follows, 21 sequences, length 32
# corresponding to MSA columns:
# 85-116
name=unknown_C
#
# <colnr> <probs for GDERKNQSTAVLIFYWHMCP>
#	G	D	E	R	K	N	Q	S	T	A	V	L	I	F	Y	W	H	M	C	P
0	0.01993	0.14820	0.03089	0.02881	0.22799	0.04694	0.10436	0.02435	0.01856	0.02631	0.01838	0.02292	0.01521	0.01175	0.05095	0.00304	0.01020	0.00746	0.17283	0.01090
1	0.13377	0.02687	0.02213	0.02050	0.04969	0.26400	0.01542	0.07156	0.15989	0.02913	0.01815	0.01989	0.01448	0.01020	0.01054	0.00267	0.10770	0.00681	0.00565	0.01096
2	0.03071	0.02302	0.02462	0.01925	0.02577	0.02563	0.01578	0.53544	0.12670	0.05099	0.02251	0.02209	0.01616	0.01041	0.00853	0.00260	0.00898	0.00795	0.00853	0.01433
3	0.01022	0.00863	0.00885	0.00880	0.01160	0.00726	0.00660	0.01254	0.01979	0.02392	0.13297	0.08036	0.59704	0.02120	0.01006	0.00286	0.00429	0.01774	0.00803	0.00726
4	0.02108	0.01994	0.03230	0.04713	0.55629	0.02036	0.02427	0.02891	0.10908	0.02894	0.01873	0.02263	0.01531	0.00816	0.00846	0.00258	0.00962	0.00788	0.00486	0.01348
5	0.03151	0.02665	0.02485	0.01988	0.02609	0.14765	0.01605	0.47041	0.07606	0.04621	0.01999	0.02021	0.01456	0.01003	0.00836	0.00251	0.01033	0.00738	0.00774	0.01353
6	0.01785	0.03918	0.52652	0.02908	0.12600	0.01995	0.06928	0.02685	0.01831	0.02709	0.01551	0.01875	0.01131	0.00795	0.00826	0.00268	0.01234	0.00672	0.00373	0.01264
7	0.02211	0.15503	0.03891	0.02581	0.03262	0.16518	0.30407	0.02680	0.02037	0.02400	0.02270	0.02583	0.07985	0.00909	0.00865	0.00252	0.01250	0.00884	0.00458	0.01055
8	0.01031	0.00764	0.00964	0.01124	0.01218	0.00696	0.00763	0.01192	0.01688	0.02196	0.05437	0.57887	0.16796	0.02569	0.01071	0.00335	0.00482	0.02301	0.00790	0.00696
9	0.02635	0.03109	0.02040	0.01886	0.02244	0.47148	0.01421	0.02890	0.02146	0.02179	0.01655	0.02054	0.01408	0.01935	0.13273	0.00435	0.01554	0.00643	0.08421	0.00923
10	0.15919	0.01572	0.01684	0.01284	0.01967	0.01387	0.01028	0.02466	0.08300	0.03056	0.01660	0.01843	0.01340	0.00717	0.00636	0.00170	0.00640	0.00545	0.00547	0.53238
11	0.01224	0.00880	0.01206	0.01206	0.01302	0.00976	0.00862	0.01416	0.01320	0.01856	0.02427	0.04162	0.02483	0.29813	0.43775	0.01168	0.01745	0.01032	0.00478	0.00670
12	0.02106	0.02022	0.03454	0.05223	0.64784	0.02022	0.02612	0.02612	0.01938	0.02780	0.01601	0.02106	0.01348	0.00758	0.00842	0.00253	0.01011	0.00758	0.00421	0.01348
13	0.01702	0.01609	0.02724	0.56117	0.17051	0.01916	0.02411	0.02257	0.01746	0.02289	0.01529	0.02238	0.01175	0.00833	0.00849	0.00278	0.01111	0.00757	0.00386	0.01022
14	0.01338	0.01010	0.01253	0.01167	0.01409	0.00995	0.00883	0.02033	0.11310	0.03434	0.55428	0.05891	0.07235	0.01654	0.00984	0.00271	0.00441	0.01455	0.00926	0.00883
15	0.02444	0.02577	0.02308	0.02170	0.06700	0.26048	0.01598	0.11240	0.02364	0.02856	0.13365	0.02638	0.02487	0.01189	0.01278	0.00270	0.16033	0.00827	0.00577	0.01032
16	0.03235	0.02384	0.02554	0.01958	0.02639	0.02639	0.01618	0.61946	0.04001	0.05363	0.02043	0.02043	0.01447	0.01022	0.00851	0.00255	0.00936	0.00766	0.00851	0.01447
17	0.01037	0.00741	0.00987	0.01185	0.01234	0.00691	0.00790	0.01185	0.01629	0.02172	0.04690	0.69537	0.05629	0.02666	0.01086	0.00346	0.00494	0.02419	0.00790	0.00691
18	0.03210	0.03128	0.02491	0.02062	0.02635	0.31145	0.01629	0.35883	0.03294	0.03903	0.01719	0.01817	0.01291	0.00957	0.00814	0.00239	0.01203	0.00669	0.00668	0.01242
19	0.01707	0.04402	0.65683	0.02426	0.03683	0.01976	0.03144	0.02695	0.01797	0.02695	0.01527	0.01797	0.01078	0.00809	0.00809	0.00270	0.01258	0.00629	0.00359	0.01258
20	0.01570	0.01480	0.01748	0.01632	0.01852	0.10786	0.04007	0.01875	0.01547	0.02030	0.02058	0.02961	0.01891	0.05086	0.51037	0.01103	0.05214	0.00855	0.00448	0.00819
21	0.01361	0.01087	0.01249	0.01189	0.01476	0.01081	0.00914	0.02154	0.15724	0.03082	0.31688	0.06360	0.22373	0.01763	0.00984	0.00285	0.00493	0.04968	0.00871	0.00899
22	0.01202	0.00842	0.01087	0.01131	0.01193	0.00878	0.00763	0.01335	0.01377	0.01878	0.03000	0.16384	0.03339	0.36500	0.21877	0.00880	0.01190	0.03955	0.00559	0.00630
23	0.02310	0.02358	0.03164	0.09161	0.46687	0.13377	0.02378	0.05454	0.02099	0.02733	0.01565	0.02015	0.01293	0.00798	0.00830	0.00249	0.01108	0.00722	0.00441	0.01260
24	0.01233	0.00844	0.01026	0.01026	0.01059	0.00878	0.00637	0.01300	0.01266	0.01722	0.02592	0.05076	0.02880	0.55983	0.18148	0.00945	0.01147	0.01165	0.00502	0.00570
25	0.02106	0.02022	0.03454	0.05223	0.64784	0.02022	0.02612	0.02612	0.01938	0.02780	0.01601	0.02106	0.01348	0.00758	0.00842	0.00253	0.01011	0.00758	0.00421	0.01348
26	0.02083	0.01961	0.03128	0.07700	0.50330	0.02033	0.02366	0.02942	0.13221	0.02894	0.01940	0.02311	0.01568	0.00836	0.00847	0.00261	0.00955	0.00796	0.00501	0.01328
27	0.01037	0.00741	0.00987	0.01185	0.01234	0.00691	0.00790	0.01185	0.01629	0.02172	0.04690	0.69537	0.05629	0.02666	0.01086	0.00346	0.00494	0.02419	0.00790	0.00691
28	0.02126	0.01371	0.01827	0.01971	0.11156	0.01396	0.01286	0.04934	0.15592	0.14117	0.03051	0.12695	0.04857	0.01731	0.01442	0.16884	0.00722	0.01101	0.00709	0.01033
29	0.02565	0.02778	0.11590	0.01986	0.02627	0.14462	0.01761	0.22303	0.11784	0.03533	0.01910	0.02036	0.01452	0.00980	0.00967	0.00251	0.06580	0.00704	0.00627	0.09104
30	0.06660	0.07380	0.54718	0.02362	0.03521	0.02052	0.06461	0.02677	0.01783	0.02737	0.01499	0.01778	0.01081	0.00798	0.00789	0.00266	0.01212	0.00632	0.00375	0.01221
31	0.23627	0.02417	0.07884	0.03348	0.32100	0.11661	0.02023	0.02705	0.01855	0.02969	0.01432	0.01785	0.01164	0.00789	0.00737	0.00252	0.01008	0.00630	0.00449	0.01163

[dist]
# distance from previous block
# <min> <max>
1	4

[block]
# block no. 3 follows, 21 sequences, length 23
# corresponding to MSA columns:
# 121-143
name=unknown_D
#
# <colnr> <probs for GDERKNQSTAVLIFYWHMCP>
#	G	D	E	R	K	N	Q	S	T	A	V	L	I	F	Y	W	H	M	C	P
0	0.01735	0.01366	0.01974	0.15501	0.08844	0.01452	0.03537	0.09166	0.05098	0.05424	0.05832	0.29779	0.03441	0.01657	0.00959	0.00301	0.00776	0.01490	0.00685	0.00984
1	0.22562	0.09794	0.05237	0.01334	0.01709	0.04381	0.01099	0.04587	0.01719	0.02756	0.02742	0.29267	0.02997	0.04997	0.00985	0.00313	0.00714	0.01319	0.00614	0.00873
2	0.34349	0.04930	0.12597	0.01989	0.12184	0.01798	0.01521	0.02319	0.01560	0.02978	0.01590	0.02351	0.01430	0.13711	0.01336	0.00364	0.00859	0.00682	0.00472	0.00980
3	0.02952	0.02530	0.02232	0.01825	0.02368	0.17876	0.01457	0.37953	0.03254	0.04210	0.01986	0.02104	0.01482	0.00982	0.00789	0.00237	0.00993	0.00718	0.12823	0.01229
4	0.02964	0.03740	0.02258	0.02061	0.02484	0.60145	0.01545	0.03183	0.02365	0.02104	0.02039	0.02194	0.07368	0.01004	0.00791	0.00226	0.01425	0.00672	0.00473	0.00960
5	0.01130	0.00948	0.00999	0.01007	0.01298	0.00852	0.00781	0.01529	0.06524	0.02421	0.07772	0.07974	0.53109	0.02102	0.01014	0.00299	0.00489	0.08184	0.00795	0.00773
6	0.01238	0.00825	0.00928	0.00928	0.00928	0.00825	0.00516	0.01238	0.01238	0.01650	0.02681	0.05569	0.03094	0.70092	0.04331	0.00825	0.00825	0.01238	0.00516	0.00516
7	0.01773	0.01635	0.02499	0.46719	0.10864	0.01955	0.02156	0.02752	0.15746	0.02550	0.01966	0.02459	0.01489	0.00911	0.00853	0.00282	0.01017	0.00803	0.00494	0.01077
8	0.02018	0.01951	0.03361	0.15210	0.48073	0.02014	0.06935	0.02628	0.04437	0.02709	0.01672	0.02191	0.01361	0.00787	0.00857	0.00262	0.01049	0.00785	0.00433	0.01267
9	0.01236	0.00830	0.00952	0.00952	0.00961	0.00838	0.00546	0.01253	0.01245	0.01668	0.02659	0.05446	0.03041	0.66583	0.07768	0.00855	0.00905	0.01220	0.00512	0.00529
10	0.03179	0.04056	0.02412	0.02192	0.02631	0.66676	0.01644	0.03398	0.02412	0.02083	0.01315	0.01535	0.01096	0.00877	0.00767	0.00219	0.01535	0.00548	0.00438	0.00987
11	0.02200	0.01780	0.01916	0.01683	0.02196	0.01988	0.01315	0.04320	0.54740	0.07477	0.03311	0.03052	0.02466	0.01109	0.00848	0.00275	0.00674	0.00921	0.00851	0.06881
12	0.03179	0.04056	0.02412	0.02192	0.02631	0.66676	0.01644	0.03398	0.02412	0.02083	0.01315	0.01535	0.01096	0.00877	0.00767	0.00219	0.01535	0.00548	0.00438	0.00987
13	0.01823	0.01771	0.03065	0.24458	0.15785	0.02041	0.12615	0.02247	0.01665	0.02307	0.01473	0.02172	0.01225	0.01114	0.01508	0.05901	0.16628	0.00796	0.00394	0.01012
14	0.02121	0.02250	0.02806	0.33276	0.23754	0.16604	0.02279	0.02590	0.01937	0.02345	0.01496	0.02051	0.01193	0.00827	0.00829	0.00259	0.01186	0.00710	0.00405	0.01082
15	0.02298	0.02550	0.03459	0.11569	0.27115	0.18655	0.16669	0.02789	0.02048	0.02515	0.01546	0.02025	0.01244	0.00790	0.00863	0.00256	0.01263	0.00764	0.00423	0.01158
16	0.05509	0.01358	0.05477	0.07909	0.02051	0.01259	0.01181	0.02147	0.14349	0.02615	0.04761	0.24997	0.19484	0.01819	0.00948	0.00303	0.00636	0.01568	0.00723	0.00907
17	0.04523	0.13096	0.05306	0.01512	0.01995	0.06818	0.01303	0.15616	0.02326	0.03051	0.09077	0.03531	0.12385	0.02200	0.13107	0.00455	0.01100	0.00953	0.00629	0.01016
18	0.02384	0.14602	0.02438	0.01685	0.02178	0.10975	0.01365	0.19491	0.13958	0.03355	0.05923	0.12972	0.02575	0.01273	0.00833	0.00258	0.00864	0.01021	0.00704	0.01146
19	0.02042	0.01507	0.01639	0.01404	0.01756	0.01606	0.01056	0.24341	0.08538	0.03350	0.03501	0.06824	0.12449	0.19787	0.01953	0.04628	0.00769	0.01144	0.00724	0.00980
20	0.06473	0.27905	0.02827	0.01597	0.02104	0.14389	0.01342	0.12100	0.02190	0.02705	0.02115	0.16421	0.02134	0.01231	0.00754	0.00241	0.00926	0.00953	0.00560	0.01033
21	0.02007	0.12866	0.02064	0.01481	0.01837	0.08144	0.01164	0.15592	0.02235	0.02879	0.02804	0.24716	0.02925	0.05727	0.05289	0.00370	0.00894	0.01282	0.04765	0.00959
22	0.02112	0.07958	0.02108	0.05440	0.08231	0.01761	0.01336	0.18890	0.02268	0.03198	0.01981	0.02458	0.01619	0.01845	0.08506	0.11743	0.00961	0.00753	0.15829	0.01002

[dist]
# distance from previous block
# <min> <max>
18	91

[block]
# block no. 4 follows, 21 sequences, length 8
# corresponding to MSA columns:
# 240-247
name=unknown_E
#
# <colnr> <probs for GDERKNQSTAVLIFYWHMCP>
#	G	D	E	R	K	N	Q	S	T	A	V	L	I	F	Y	W	H	M	C	P
0	0.16219	0.09886	0.29320	0.01976	0.02851	0.09440	0.02123	0.13269	0.02186	0.03246	0.01498	0.01692	0.01118	0.00843	0.00733	0.00252	0.01085	0.00596	0.00488	0.01182
1	0.14064	0.01390	0.01427	0.01344	0.01681	0.06100	0.01059	0.01961	0.01672	0.02542	0.02546	0.04651	0.02597	0.14088	0.09300	0.00499	0.00975	0.16431	0.00574	0.15098
2	0.02477	0.03234	0.12579	0.03445	0.25851	0.28447	0.06471	0.02954	0.02115	0.02478	0.01482	0.01839	0.01200	0.00811	0.00818	0.00244	0.01292	0.00670	0.00420	0.01172
3	0.02421	0.32568	0.19767	0.01861	0.02712	0.02784	0.01944	0.20744	0.02441	0.03209	0.01535	0.01684	0.01197	0.00839	0.00707	0.00227	0.01008	0.00595	0.00512	0.01244
4	0.01671	0.01605	0.01562	0.01681	0.09094	0.10328	0.01120	0.07923	0.02217	0.02640	0.06084	0.05900	0.41566	0.01693	0.00937	0.00270	0.00707	0.01392	0.00703	0.00906
5	0.02179	0.02253	0.01826	0.04499	0.02112	0.24919	0.01214	0.06510	0.01974	0.02301	0.01866	0.02897	0.01784	0.19993	0.07997	0.00482	0.01211	0.00786	0.00498	0.12698
6	0.02464	0.02024	0.02322	0.02599	0.19901	0.08537	0.01628	0.22901	0.02654	0.03701	0.02040	0.02313	0.01580	0.00924	0.00771	0.00236	0.00874	0.00749	0.20586	0.01196
7	0.24331	0.01418	0.01817	0.02376	0.20782	0.01484	0.01361	0.02029	0.01630	0.02811	0.02479	0.21878	0.02634	0.08028	0.01154	0.00338	0.00734	0.01198	0.00570	0.00946

[dist]
# distance from previous block
# <min> <max>
0	59

[block]
# block no. 5 follows, 21 sequences, length 49
# corresponding to MSA columns:
# 307-355
name=unknown_F
#
# <colnr> <probs for GDERKNQSTAVLIFYWHMCP>
#	G	D	E	R	K	N	Q	S	T	A	V	L	I	F	Y	W	H	M	C	P
0	0.18369	0.09859	0.02185	0.01608	0.02123	0.12882	0.01314	0.14499	0.04490	0.09682	0.01868	0.02087	0.01460	0.01821	0.11772	0.00431	0.01168	0.00670	0.00613	0.01099
1	0.04722	0.36518	0.07636	0.12855	0.10627	0.10251	0.01859	0.02603	0.01825	0.02242	0.01326	0.01651	0.01124	0.00776	0.00674	0.00220	0.01046	0.00564	0.00387	0.01092
2	0.04629	0.08259	0.20730	0.10595	0.13437	0.06079	0.02155	0.02470	0.01771	0.04940	0.01703	0.02185	0.01374	0.01905	0.13711	0.00473	0.01347	0.00705	0.00430	0.01100
3	0.11301	0.02572	0.17955	0.01645	0.02284	0.12122	0.01602	0.09598	0.02172	0.02935	0.03871	0.03857	0.22168	0.01291	0.00837	0.00265	0.00912	0.00999	0.00597	0.01015
4	0.08947	0.36664	0.03478	0.02162	0.12677	0.06897	0.01614	0.09878	0.02045	0.02712	0.01424	0.01687	0.01217	0.01076	0.04056	0.00274	0.01019	0.00574	0.00458	0.01140
5	0.02879	0.02283	0.02477	0.02298	0.09651	0.11931	0.01675	0.23635	0.02713	0.14383	0.02218	0.02337	0.03948	0.01098	0.01170	0.00272	0.12306	0.00785	0.00692	0.01251
6	0.01915	0.01530	0.01508	0.01375	0.01597	0.09322	0.00981	0.04309	0.10199	0.07779	0.02770	0.04147	0.04710	0.33482	0.06823	0.00600	0.04456	0.01039	0.00612	0.00847
7	0.01863	0.06260	0.01677	0.01353	0.01740	0.15588	0.01056	0.09316	0.02341	0.02747	0.12566	0.05308	0.31777	0.01592	0.00905	0.00259	0.00763	0.01277	0.00711	0.00902
8	0.02266	0.01692	0.01971	0.01641	0.02106	0.01834	0.01317	0.31917	0.02746	0.03763	0.02268	0.07384	0.01964	0.02905	0.22936	0.00623	0.01327	0.00912	0.00683	0.07741
9	0.02721	0.02387	0.02382	0.02216	0.09648	0.12993	0.01591	0.32370	0.07020	0.03956	0.02613	0.02657	0.07921	0.01073	0.00842	0.00248	0.00961	0.00835	0.00710	0.04854
10	0.02280	0.13807	0.03221	0.14155	0.08887	0.13760	0.11504	0.09884	0.02188	0.02669	0.01974	0.02316	0.05296	0.00934	0.00891	0.00253	0.03626	0.00777	0.00484	0.01093
11	0.01979	0.01897	0.01861	0.01732	0.05219	0.13651	0.01266	0.04820	0.12330	0.02841	0.12141	0.02995	0.02708	0.01929	0.11850	0.00413	0.01078	0.00848	0.00623	0.17818
12	0.01818	0.13028	0.02442	0.01690	0.01997	0.01935	0.06350	0.09253	0.01784	0.02416	0.02056	0.07267	0.02057	0.17153	0.12617	0.00578	0.13182	0.00964	0.00507	0.00906
13	0.02019	0.01903	0.01879	0.01715	0.02008	0.12573	0.01314	0.09794	0.12332	0.02794	0.02849	0.24224	0.02888	0.01614	0.01220	0.00297	0.11792	0.01287	0.00669	0.04828
14	0.02015	0.01791	0.01639	0.01482	0.01845	0.11964	0.01129	0.19237	0.02534	0.03122	0.04488	0.21461	0.20365	0.01752	0.00943	0.00282	0.00774	0.01458	0.00751	0.00967
15	0.02039	0.13327	0.03106	0.28140	0.14253	0.02244	0.06037	0.09700	0.02039	0.02721	0.01598	0.02092	0.01262	0.00858	0.00869	0.00257	0.03575	0.00725	0.04051	0.01105
16	0.02199	0.10558	0.02444	0.20655	0.03218	0.22184	0.01656	0.06341	0.02178	0.02529	0.12022	0.02653	0.02342	0.01272	0.04004	0.00299	0.01152	0.00794	0.00523	0.00976
17	0.01982	0.12863	0.02231	0.09686	0.02398	0.08505	0.01360	0.12872	0.02163	0.02728	0.02947	0.03274	0.12051	0.02335	0.15656	0.00497	0.01216	0.00898	0.03359	0.00979
18	0.02143	0.02494	0.12663	0.13947	0.27789	0.07811	0.02336	0.07200	0.09817	0.02894	0.01817	0.02164	0.01414	0.00861	0.00835	0.00262	0.01068	0.00745	0.00494	0.01244
19	0.02303	0.13335	0.03260	0.02816	0.16151	0.09748	0.11832	0.10137	0.08750	0.02940	0.02087	0.02868	0.01797	0.01007	0.00852	0.00262	0.01057	0.07059	0.00555	0.01182
20	0.01187	0.00842	0.00967	0.00980	0.01128	0.00817	0.00678	0.01368	0.01584	0.02140	0.04715	0.09902	0.23221	0.24127	0.13018	0.00630	0.00865	0.01389	0.09772	0.00669
21	0.02240	0.02374	0.10978	0.04349	0.47177	0.02116	0.02516	0.12242	0.02255	0.03189	0.01663	0.02058	0.01331	0.00807	0.00840	0.00255	0.01029	0.00744	0.00483	0.01353
22	0.02812	0.02705	0.02958	0.02434	0.05167	0.18362	0.11431	0.28307	0.02877	0.03621	0.01681	0.01938	0.01291	0.00984	0.01094	0.00266	0.09500	0.00748	0.00606	0.01218
23	0.01768	0.01763	0.02845	0.13394	0.03119	0.02234	0.11554	0.02118	0.01492	0.02171	0.01417	0.02173	0.01266	0.01826	0.09606	0.00459	0.38649	0.00808	0.00392	0.00949
24	0.01326	0.01028	0.01256	0.01346	0.01591	0.01017	0.01103	0.01892	0.09478	0.02565	0.05604	0.13733	0.22191	0.02174	0.01079	0.00344	0.00641	0.30008	0.00796	0.00826
25	0.02598	0.02112	0.02695	0.02681	0.15867	0.06262	0.06481	0.15963	0.15697	0.11134	0.02280	0.02374	0.01698	0.00970	0.00942	0.00263	0.04112	0.00811	0.00691	0.04370
26	0.01473	0.01467	0.01315	0.01382	0.04467	0.11879	0.00999	0.01730	0.02037	0.02353	0.08442	0.06896	0.41771	0.01885	0.00978	0.00286	0.00685	0.08433	0.00718	0.00804
27	0.16701	0.18000	0.28342	0.01919	0.02769	0.14081	0.02072	0.02754	0.01826	0.02655	0.01348	0.01575	0.01054	0.00800	0.00689	0.00240	0.01116	0.00544	0.00408	0.01107
28	0.02210	0.14667	0.31562	0.02457	0.10242	0.02370	0.02388	0.16154	0.04543	0.03225	0.01666	0.01866	0.01251	0.00850	0.00780	0.00250	0.01077	0.00658	0.00497	0.01287
29	0.03046	0.02323	0.02705	0.02505	0.13052	0.02536	0.01784	0.52004	0.03655	0.04930	0.01969	0.02054	0.01431	0.00977	0.00850	0.00255	0.00949	0.00765	0.00779	0.01431
30	0.01765	0.01513	0.01765	0.01260	0.02017	0.01134	0.01008	0.02143	0.01765	0.02773	0.01513	0.01765	0.01260	0.00630	0.00630	0.00126	0.00630	0.00504	0.00504	0.75295
31	0.01037	0.00741	0.00987	0.01185	0.01234	0.00691	0.00790	0.01185	0.01629	0.02172	0.04690	0.69537	0.05629	0.02666	0.01086	0.00346	0.00494	0.02419	0.00790	0.00691
32	0.02665	0.01840	0.01998	0.01603	0.02097	0.02009	0.01290	0.41578	0.03169	0.04414	0.02131	0.02353	0.01609	0.01254	0.01101	0.09485	0.00796	0.00769	0.16667	0.01174
33	0.02164	0.01509	0.01648	0.01412	0.01760	0.01616	0.01070	0.28733	0.02639	0.03665	0.02735	0.13949	0.02609	0.16431	0.01610	0.00385	0.00750	0.01142	0.13162	0.01011
34	0.01273	0.00996	0.01478	0.01445	0.01583	0.01201	0.01135	0.01567	0.01362	0.01982	0.02176	0.03211	0.02037	0.05947	0.61024	0.01279	0.08183	0.00897	0.00448	0.00775
35	0.01112	0.00795	0.01068	0.01233	0.01325	0.00752	0.00886	0.01331	0.01779	0.02386	0.12012	0.52032	0.05806	0.02501	0.01091	0.00343	0.00529	0.11494	0.00807	0.00720
36	0.03047	0.03805	0.02540	0.02566	0.10291	0.58707	0.01764	0.03301	0.02353	0.02169	0.01351	0.01605	0.01127	0.00862	0.00777	0.00223	0.01470	0.00574	0.00436	0.01031
37	0.02409	0.02038	0.02625	0.02041	0.02696	0.02135	0.11505	0.22699	0.23542	0.03885	0.02388	0.02427	0.01784	0.00953	0.00846	0.00251	0.00881	0.00831	0.00729	0.13336
38	0.01807	0.01187	0.01330	0.01167	0.01560	0.01112	0.00914	0.09219	0.05208	0.13092	0.13599	0.06129	0.36878	0.01742	0.00956	0.00277	0.00547	0.01449	0.00862	0.00965
39	0.17556	0.01388	0.01956	0.01641	0.01954	0.01541	0.11147	0.02014	0.01520	0.02616	0.01943	0.02914	0.01773	0.13563	0.14060	0.00575	0.09453	0.00848	0.10694	0.00844
40	0.02270	0.02671	0.07461	0.17476	0.26557	0.20834	0.02279	0.02726	0.01984	0.02406	0.01470	0.01940	0.01198	0.00852	0.00914	0.00257	0.04479	0.00687	0.00410	0.01130
41	0.01181	0.00909	0.01163	0.01190	0.01399	0.00829	0.00855	0.01401	0.01643	0.02251	0.04227	0.40315	0.11167	0.02900	0.12014	0.00475	0.00808	0.01783	0.00688	0.12802
42	0.11078	0.21859	0.16287	0.01803	0.02399	0.05432	0.01813	0.02403	0.01712	0.02477	0.01810	0.02928	0.01710	0.01156	0.01080	0.00279	0.11927	0.10364	0.00458	0.01024
43	0.01944	0.01740	0.04847	0.04220	0.02200	0.01779	0.01330	0.12998	0.30022	0.03386	0.04167	0.10407	0.14456	0.01445	0.00909	0.00287	0.00700	0.01209	0.00797	0.01158
44	0.02464	0.11528	0.05395	0.05192	0.16746	0.28868	0.01919	0.02799	0.01996	0.02249	0.01408	0.01808	0.01209	0.01176	0.04375	0.00302	0.08443	0.00635	0.00414	0.01074
45	0.10320	0.09397	0.02846	0.02474	0.12927	0.13388	0.11264	0.02774	0.02093	0.10227	0.11710	0.02652	0.02379	0.00965	0.00817	0.00250	0.00993	0.00833	0.00589	0.01103
46	0.01337	0.01004	0.01298	0.08503	0.01711	0.01091	0.00930	0.03667	0.01511	0.02026	0.03008	0.23428	0.03421	0.35671	0.02771	0.00574	0.05310	0.01478	0.00583	0.00677
47	0.02844	0.03424	0.02357	0.02123	0.02514	0.48312	0.01623	0.03414	0.12139	0.02318	0.01639	0.01841	0.01342	0.00997	0.01033	0.00249	0.09653	0.00639	0.00500	0.01038
48	0.13240	0.05535	0.17856	0.08219	0.10208	0.01825	0.09954	0.02571	0.01862	0.07141	0.06150	0.02366	0.01770	0.00885	0.00787	0.00260	0.00968	0.00765	0.06528	0.01110

[dist]
# distance from previous block
# <min> <max>
5	18

[block]
# block no. 6 follows, 21 sequences, length 12
# corresponding to MSA columns:
# 374-385
name=unknown_G
#
# <colnr> <probs for GDERKNQSTAVLIFYWHMCP>
#	G	D	E	R	K	N	Q	S	T	A	V	L	I	F	Y	W	H	M	C	P
0	0.02259	0.01853	0.02321	0.01854	0.04544	0.01811	0.06861	0.21470	0.08610	0.03578	0.02000	0.02382	0.01617	0.06781	0.01084	0.00263	0.00837	0.00752	0.00642	0.28480
1	0.01279	0.00891	0.01031	0.01052	0.01122	0.00883	0.00661	0.04609	0.01545	0.02042	0.03583	0.23032	0.07704	0.43366	0.03033	0.00627	0.00715	0.01571	0.00627	0.00629
2	0.22434	0.01420	0.02052	0.01675	0.02125	0.01420	0.15865	0.02041	0.01840	0.03018	0.12035	0.11942	0.12575	0.01364	0.00861	0.00281	0.00745	0.01217	0.04198	0.00894
3	0.01924	0.02150	0.08173	0.11830	0.36598	0.07340	0.02226	0.02407	0.01937	0.02560	0.02693	0.03034	0.11471	0.01010	0.00861	0.00261	0.00999	0.00897	0.00472	0.01157
4	0.01549	0.01299	0.01404	0.01333	0.01680	0.01372	0.01025	0.02780	0.29769	0.02982	0.11182	0.09818	0.24156	0.01705	0.00956	0.00295	0.00560	0.04286	0.00838	0.01013
5	0.20872	0.11436	0.02353	0.01770	0.02297	0.34214	0.01410	0.06077	0.02174	0.08090	0.01479	0.01619	0.01158	0.00860	0.00693	0.00231	0.01144	0.00553	0.00524	0.01047
6	0.11292	0.08660	0.08074	0.21059	0.14013	0.02186	0.01996	0.10229	0.08999	0.03072	0.01745	0.02078	0.01341	0.00868	0.00778	0.00262	0.00966	0.00705	0.00516	0.01161
7	0.01708	0.07305	0.30258	0.02522	0.10683	0.01805	0.09825	0.02410	0.01988	0.02842	0.17077	0.02998	0.02859	0.01016	0.00869	0.00263	0.01015	0.00906	0.00519	0.01132
8	0.01265	0.00964	0.01131	0.01170	0.01412	0.00916	0.00927	0.01647	0.07103	0.02376	0.06105	0.07469	0.34157	0.02225	0.01331	0.09637	0.00592	0.18082	0.00743	0.00748
9	0.01948	0.01756	0.01744	0.04994	0.05158	0.12529	0.01261	0.04339	0.16769	0.02577	0.02782	0.03120	0.07205	0.02081	0.09421	0.12511	0.01033	0.00880	0.06955	0.00936
10	0.02335	0.02821	0.09333	0.03650	0.28217	0.19090	0.12313	0.02972	0.06080	0.02630	0.01661	0.02028	0.01328	0.00813	0.00848	0.00254	0.01222	0.00745	0.00451	0.01210
11	0.01755	0.01536	0.02128	0.02612	0.21892	0.01520	0.01538	0.02571	0.15748	0.02790	0.02853	0.20722	0.02786	0.01347	0.00876	0.00263	0.00724	0.01213	0.00638	0.14488

[dist]
# distance from previous block
# <min> <max>
18	53

[block]
# block no. 7 follows, 21 sequences, length 16
# corresponding to MSA columns:
# 448-463
name=unknown_H
#
# <colnr> <probs for GDERKNQSTAVLIFYWHMCP>
#	G	D	E	R	K	N	Q	S	T	A	V	L	I	F	Y	W	H	M	C	P
0	0.01402	0.01381	0.01181	0.01183	0.01468	0.11335	0.00905	0.01635	0.01998	0.02287	0.06691	0.11220	0.43186	0.02007	0.00994	0.00293	0.00656	0.08678	0.00733	0.00768
1	0.02857	0.02707	0.02229	0.01909	0.02388	0.27867	0.01497	0.23062	0.02752	0.07230	0.01882	0.02147	0.01481	0.02009	0.13637	0.00458	0.01424	0.00713	0.00622	0.01129
2	0.33854	0.02197	0.14440	0.18597	0.10863	0.01932	0.01924	0.02471	0.01640	0.03060	0.01385	0.01774	0.01058	0.00805	0.00702	0.00268	0.00938	0.00604	0.00444	0.01046
3	0.01999	0.02527	0.12370	0.02012	0.02395	0.14090	0.01799	0.02622	0.09845	0.02379	0.02328	0.02662	0.07594	0.01532	0.04864	0.00358	0.26281	0.00830	0.00493	0.01019
4	0.02108	0.01990	0.03203	0.04650	0.54502	0.02038	0.02404	0.02926	0.12012	0.02908	0.01907	0.02282	0.01553	0.00823	0.00846	0.00259	0.00956	0.00792	0.00494	0.01348
5	0.10879	0.01852	0.06236	0.07173	0.17418	0.01729	0.19632	0.02279	0.01805	0.02708	0.02289	0.17630	0.02239	0.01199	0.00907	0.00289	0.00995	0.01172	0.00516	0.01054
6	0.02751	0.11462	0.03342	0.02542	0.06204	0.30383	0.15525	0.12495	0.02465	0.02784	0.01524	0.01801	0.01210	0.00839	0.00812	0.00238	0.01312	0.00688	0.00493	0.01129
7	0.02504	0.07780	0.02209	0.01862	0.02270	0.35381	0.01419	0.03262	0.17432	0.02460	0.02384	0.12847	0.02198	0.01223	0.00827	0.00254	0.01107	0.00945	0.00596	0.01037
8	0.08346	0.02092	0.12757	0.06470	0.32003	0.01777	0.02179	0.02343	0.01729	0.02644	0.01705	0.02286	0.01437	0.02071	0.16013	0.00515	0.01318	0.00746	0.00427	0.01141
9	0.01991	0.01904	0.03246	0.19722	0.51186	0.01992	0.02554	0.02511	0.01883	0.02640	0.01580	0.02144	0.01299	0.00780	0.00844	0.00260	0.01039	0.00758	0.00411	0.01255
10	0.02244	0.01833	0.03030	0.04324	0.50245	0.01800	0.02254	0.02716	0.02050	0.11118	0.08016	0.02630	0.02107	0.00894	0.00860	0.00256	0.00913	0.00848	0.00556	0.01308
11	0.01480	0.00939	0.01177	0.01077	0.01354	0.00839	0.00822	0.01830	0.02304	0.10777	0.43977	0.06354	0.20319	0.01751	0.00986	0.00272	0.00448	0.01514	0.00917	0.00863
12	0.01911	0.01819	0.03028	0.12180	0.49929	0.01846	0.02340	0.02389	0.01910	0.02649	0.02454	0.02874	0.09082	0.00941	0.00864	0.00261	0.00954	0.00886	0.00461	0.01223
13	0.02106	0.02022	0.03454	0.05223	0.64784	0.02022	0.02612	0.02612	0.01938	0.02780	0.01601	0.02106	0.01348	0.00758	0.00842	0.00253	0.01011	0.00758	0.00421	0.01348
14	0.01486	0.01230	0.01397	0.01361	0.01624	0.03893	0.01089	0.06071	0.05130	0.02714	0.12282	0.08564	0.21442	0.02430	0.08561	0.00433	0.04017	0.14682	0.00743	0.00853
15	0.01196	0.00799	0.00969	0.01039	0.01085	0.00792	0.00659	0.01306	0.01434	0.01994	0.03372	0.27825	0.03839	0.35468	0.07362	0.00639	0.00775	0.01592	0.07235	0.00620

[dist]
# distance from previous block
# <min> <max>
0	1

[block]
# block no. 8 follows, 21 sequences, length 9
# corresponding to MSA columns:
# 465-473
name=unknown_I
#
# <colnr> <probs for GDERKNQSTAVLIFYWHMCP>
#	G	D	E	R	K	N	Q	S	T	A	V	L	I	F	Y	W	H	M	C	P
0	0.02106	0.02022	0.03454	0.05223	0.64784	0.02022	0.02612	0.02612	0.01938	0.02780	0.01601	0.02106	0.01348	0.00758	0.00842	0.00253	0.01011	0.00758	0.00421	0.01348
1	0.02603	0.02966	0.02293	0.02032	0.02365	0.37020	0.01583	0.08418	0.02210	0.02397	0.01922	0.02247	0.05711	0.01473	0.05462	0.00336	0.16761	0.00726	0.00489	0.00984
2	0.10652	0.01663	0.02634	0.43509	0.20860	0.01927	0.02256	0.02329	0.01733	0.02530	0.01497	0.02120	0.01165	0.00819	0.00810	0.00273	0.01045	0.00721	0.00407	0.01048
3	0.02010	0.01924	0.03281	0.17321	0.53438	0.01997	0.02564	0.02528	0.01892	0.02664	0.01584	0.02138	0.01307	0.00776	0.00844	0.00259	0.01035	0.00758	0.00413	0.01270
4	0.02196	0.01448	0.01670	0.01476	0.01919	0.01469	0.01208	0.16100	0.09834	0.13732	0.04743	0.05602	0.19515	0.01634	0.00965	0.00299	0.00700	0.13538	0.00856	0.01096
5	0.01386	0.00836	0.00926	0.00945	0.01108	0.00815	0.00691	0.01670	0.01743	0.02665	0.08059	0.05304	0.10407	0.17138	0.01596	0.00380	0.00545	0.08037	0.35029	0.00721
6	0.01327	0.01122	0.01658	0.16400	0.09883	0.01165	0.01350	0.01680	0.01866	0.02484	0.15111	0.19534	0.15210	0.02003	0.05069	0.00359	0.00780	0.01482	0.00661	0.00856
7	0.02226	0.01999	0.02976	0.02806	0.14528	0.02103	0.15390	0.15038	0.20213	0.03457	0.02587	0.02762	0.04396	0.01247	0.04065	0.00327	0.01031	0.00926	0.00657	0.01267
8	0.01495	0.01215	0.01198	0.01143	0.01451	0.04933	0.00896	0.07730	0.02191	0.02812	0.09819	0.06568	0.35462	0.01810	0.00943	0.00280	0.00585	0.08322	0.10317	0.00832

[dist]
# distance from previous block
# <min> <max>
7	25

[block]
# block no. 9 follows, 21 sequences, length 13
# corresponding to MSA columns:
# 499-511
name=unknown_J
#
# <colnr> <probs for GDERKNQSTAVLIFYWHMCP>
#	G	D	E	R	K	N	Q	S	T	A	V	L	I	F	Y	W	H	M	C	P
0	0.02069	0.02244	0.09269	0.04962	0.59074	0.02018	0.02661	0.02620	0.01925	0.02772	0.01594	0.02077	0.01323	0.00763	0.00839	0.00254	0.01034	0.00746	0.00415	0.01340
1	0.02548	0.02840	0.02751	0.02962	0.18694	0.28980	0.06264	0.03428	0.17563	0.02682	0.01960	0.02151	0.01553	0.00904	0.00829	0.00250	0.01176	0.00740	0.00541	0.01182
2	0.01175	0.00831	0.01057	0.01130	0.01273	0.00773	0.00831	0.01347	0.01801	0.02361	0.15312	0.24240	0.18603	0.05344	0.01495	0.09862	0.00554	0.10579	0.00749	0.00682
3	0.01308	0.00941	0.01337	0.01645	0.09295	0.00898	0.01021	0.01392	0.01607	0.02111	0.04130	0.27909	0.14489	0.02388	0.01648	0.20427	0.00634	0.05491	0.00630	0.00699
4	0.07520	0.01683	0.02338	0.12899	0.19924	0.04533	0.01810	0.02339	0.05892	0.02509	0.02067	0.02625	0.04334	0.02131	0.14748	0.00508	0.09817	0.00817	0.00472	0.01034
5	0.08771	0.02734	0.21141	0.01940	0.02540	0.14999	0.06199	0.02337	0.01853	0.02506	0.02487	0.23620	0.02553	0.01414	0.00878	0.00284	0.01026	0.01202	0.00536	0.00979
6	0.01305	0.00976	0.01200	0.01300	0.01442	0.00988	0.00910	0.05223	0.09599	0.02538	0.04377	0.57091	0.04995	0.02376	0.01044	0.00333	0.00543	0.02136	0.00803	0.00820
7	0.01670	0.01442	0.01729	0.06492	0.02177	0.01649	0.01347	0.02808	0.26085	0.02805	0.04296	0.05241	0.15589	0.01617	0.01199	0.00319	0.09300	0.12476	0.00735	0.01024
8	0.01758	0.01502	0.01764	0.01607	0.01816	0.06726	0.01266	0.09442	0.01786	0.02463	0.02018	0.02896	0.01842	0.07743	0.35637	0.00881	0.13277	0.00848	0.03847	0.00882
9	0.02738	0.02771	0.02222	0.02058	0.04677	0.30535	0.01577	0.19682	0.02734	0.03178	0.02217	0.03347	0.01994	0.01207	0.00867	0.00264	0.01152	0.12092	0.03606	0.01084
10	0.08652	0.03633	0.48204	0.02207	0.03180	0.01988	0.02649	0.02537	0.01734	0.02756	0.04794	0.02010	0.01439	0.00943	0.01045	0.00282	0.09703	0.00676	0.00407	0.01161
11	0.02753	0.03248	0.02826	0.03396	0.27307	0.41007	0.02028	0.03086	0.02223	0.02360	0.01429	0.01762	0.01196	0.00830	0.00797	0.00233	0.01327	0.00632	0.00432	0.01130
12	0.02203	0.15581	0.03590	0.04306	0.48843	0.06108	0.02328	0.02646	0.01925	0.02587	0.01502	0.01927	0.01283	0.00759	0.00780	0.00237	0.01022	0.00686	0.00411	0.01276

[dist]
# distance from previous block
# <min> <max>
1	59

[block]
# block no. 10 follows, 21 sequences, length 18
# corresponding to MSA columns:
# 574-591
name=unknown_K
#
# <colnr> <probs for GDERKNQSTAVLIFYWHMCP>
#	G	D	E	R	K	N	Q	S	T	A	V	L	I	F	Y	W	H	M	C	P
0	0.02457	0.02933	0.02064	0.02050	0.06518	0.41843	0.01452	0.02706	0.02165	0.02160	0.02847	0.03061	0.13356	0.01763	0.08595	0.00370	0.01375	0.00844	0.00507	0.00934
1	0.02045	0.02015	0.03090	0.18317	0.44705	0.06709	0.02431	0.02537	0.01923	0.02588	0.01692	0.02439	0.01444	0.00859	0.00854	0.00263	0.01066	0.03384	0.00430	0.01209
2	0.02525	0.02871	0.02970	0.06007	0.29150	0.29712	0.04323	0.02894	0.02087	0.02403	0.01444	0.01857	0.01213	0.00865	0.00960	0.00250	0.06229	0.00676	0.00424	0.01140
3	0.01614	0.01279	0.01950	0.06919	0.19445	0.01394	0.01508	0.02010	0.01650	0.02513	0.02105	0.02812	0.01807	0.02869	0.24443	0.00646	0.04483	0.00821	0.18779	0.00954
4	0.01274	0.00996	0.01397	0.19801	0.02406	0.01081	0.01116	0.01485	0.01510	0.01974	0.03194	0.22672	0.06126	0.28639	0.02292	0.00514	0.00801	0.01460	0.00567	0.00695
5	0.01109	0.00802	0.00958	0.01032	0.01125	0.00749	0.00677	0.01246	0.01635	0.02142	0.10120	0.32022	0.16282	0.23741	0.02086	0.00479	0.00578	0.01849	0.00717	0.00651
6	0.01766	0.01882	0.07356	0.06922	0.24564	0.01696	0.16669	0.02232	0.01771	0.02457	0.02102	0.08808	0.02019	0.14177	0.01569	0.00382	0.01058	0.01050	0.00468	0.01053
7	0.01167	0.00803	0.00974	0.01031	0.01073	0.00778	0.00643	0.01266	0.01514	0.02044	0.11091	0.26838	0.04553	0.39192	0.02839	0.00596	0.00662	0.01667	0.00659	0.00610
8	0.01238	0.00825	0.00928	0.00928	0.00928	0.00825	0.00516	0.01238	0.01238	0.01650	0.02681	0.05569	0.03094	0.70092	0.04331	0.00825	0.00825	0.01238	0.00516	0.00516
9	0.01338	0.00997	0.01314	0.05861	0.01734	0.01040	0.01030	0.06766	0.01811	0.02418	0.03865	0.36064	0.06970	0.07933	0.12199	0.00539	0.00915	0.05732	0.00691	0.00782
