[name]
unknown

[dist]
# distance from previous block
# <min> <max>
2	45

[block]
# block no. 0 follows, 22 sequences, length 12
# corresponding to MSA columns:
# 51-62
name=unknown_A
#
# <colnr> <probs for GDERKNQSTAVLIFYWHMCP>
#	G	D	E	R	K	N	Q	S	T	A	V	L	I	F	Y	W	H	M	C	P
0	0.01700	0.02139	0.17477	0.08095	0.17542	0.04725	0.01887	0.02258	0.01928	0.02806	0.14737	0.03008	0.02704	0.01003	0.00800	0.00245	0.00849	0.00862	0.14201	0.01036
1	0.02160	0.02347	0.03339	0.15784	0.28359	0.15364	0.15476	0.02653	0.01959	0.02455	0.01516	0.02012	0.01215	0.00772	0.00844	0.00253	0.01204	0.00751	0.00409	0.01129
2	0.23779	0.02362	0.02500	0.03211	0.31538	0.18220	0.01840	0.02709	0.01869	0.02836	0.01377	0.01714	0.01135	0.00778	0.00716	0.00242	0.01015	0.00606	0.00445	0.01108
3	0.01247	0.00909	0.01132	0.01174	0.01332	0.00877	0.00838	0.06810	0.02022	0.02733	0.20825	0.42882	0.09691	0.02184	0.01013	0.00305	0.00493	0.01947	0.00815	0.00772
4	0.01260	0.00906	0.01161	0.01220	0.01333	0.00930	0.00854	0.06477	0.01678	0.02270	0.03583	0.41013	0.04077	0.13467	0.15099	0.00604	0.00924	0.01750	0.00669	0.00725
5	0.01360	0.00978	0.01053	0.01055	0.01152	0.04357	0.00712	0.01524	0.01431	0.02041	0.02615	0.08715	0.02700	0.34136	0.16840	0.00732	0.01043	0.01094	0.15815	0.00647
6	0.01721	0.01467	0.01917	0.01508	0.02078	0.01306	0.06267	0.06159	0.07290	0.02786	0.02192	0.11540	0.02026	0.01472	0.06751	0.00297	0.00832	0.00884	0.00574	0.40935
7	0.07010	0.13188	0.08183	0.01728	0.02302	0.18664	0.01516	0.05584	0.01934	0.05359	0.01468	0.01739	0.01205	0.01133	0.04402	0.00275	0.07775	0.00576	0.00469	0.15490
8	0.15869	0.03012	0.15746	0.02239	0.02917	0.23212	0.15108	0.02748	0.01904	0.02595	0.01454	0.01807	0.01146	0.01161	0.05335	0.00323	0.01315	0.00658	0.00427	0.01025
9	0.05047	0.01316	0.01701	0.01943	0.13201	0.01353	0.01209	0.12276	0.02057	0.02869	0.08588	0.17420	0.08490	0.12449	0.05971	0.00430	0.00812	0.01294	0.00654	0.00921
10	0.19148	0.01697	0.02675	0.08611	0.15689	0.01764	0.16234	0.02437	0.05725	0.02956	0.08419	0.06936	0.02217	0.00992	0.00823	0.00270	0.00902	0.00929	0.00537	0.01039
11	0.02269	0.16181	0.02763	0.12244	0.06758	0.08189	0.01669	0.18640	0.02273	0.02922	0.01608	0.02009	0.01321	0.01631	0.09951	0.00392	0.06901	0.00682	0.00509	0.01087

[dist]
# distance from previous block
# <min> <max>
2	8

[block]
# block no. 1 follows, 22 sequences, length 11
# corresponding to MSA columns:
# 71-81
name=unknown_B
#
# <colnr> <probs for GDERKNQSTAVLIFYWHMCP>
#	G	D	E	R	K	N	Q	S	T	A	V	L	I	F	Y	W	H	M	C	P
0	0.02164	0.02285	0.02698	0.20498	0.24566	0.17932	0.02087	0.04704	0.01965	0.02407	0.01705	0.02161	0.03580	0.00913	0.00973	0.00258	0.06875	0.00727	0.00429	0.01073
1	0.35735	0.01948	0.01804	0.09705	0.05337	0.10411	0.01324	0.10267	0.01942	0.03301	0.01564	0.05720	0.01328	0.00917	0.00677	0.00249	0.00850	0.00665	0.00536	0.05721
2	0.01644	0.01704	0.05136	0.17711	0.19521	0.05691	0.01763	0.02176	0.05536	0.02399	0.03554	0.03812	0.18927	0.01515	0.05077	0.00332	0.00961	0.01020	0.00527	0.00995
3	0.01443	0.01225	0.01923	0.02399	0.19104	0.01344	0.01468	0.01766	0.01517	0.02174	0.02277	0.11538	0.02249	0.03949	0.36466	0.00845	0.05909	0.01030	0.00473	0.00901
4	0.05480	0.01243	0.08895	0.01213	0.01413	0.00966	0.00971	0.01438	0.01398	0.02012	0.02863	0.24251	0.03213	0.26994	0.06307	0.07920	0.00824	0.01381	0.00550	0.00666
5	0.01202	0.00829	0.01024	0.01024	0.01065	0.00869	0.00650	0.01284	0.01243	0.01698	0.02510	0.04840	0.02761	0.53072	0.21606	0.00951	0.01195	0.01121	0.00487	0.00569
6	0.01213	0.01057	0.01405	0.15279	0.06460	0.01046	0.01164	0.01537	0.01880	0.02345	0.10408	0.06353	0.39658	0.01731	0.00950	0.00283	0.00621	0.05138	0.00674	0.00799
7	0.35165	0.01686	0.02194	0.19269	0.22112	0.01893	0.01754	0.02395	0.01621	0.03017	0.01360	0.01781	0.01078	0.00777	0.00687	0.00259	0.00864	0.00610	0.00447	0.01032
8	0.01713	0.01639	0.02323	0.28495	0.19351	0.07117	0.01891	0.02179	0.01967	0.02596	0.18976	0.03210	0.03005	0.01048	0.00863	0.00260	0.00913	0.00931	0.00534	0.00987
9	0.02713	0.17530	0.02970	0.02577	0.14964	0.41192	0.01754	0.02993	0.02124	0.02152	0.01312	0.01574	0.01118	0.00803	0.00719	0.00213	0.01270	0.00557	0.00410	0.01054
10	0.02094	0.02443	0.11482	0.04495	0.52256	0.07488	0.02537	0.02625	0.01913	0.02646	0.01530	0.01970	0.01261	0.00756	0.00812	0.00246	0.01061	0.00707	0.00405	0.01275

[dist]
# distance from previous block
# <min> <max>
21	38

[block]
# block no. 2 follows, 22 sequences, length 9
# corresponding to MSA columns:
# 124-132
name=unknown_C
#
# <colnr> <probs for GDERKNQSTAVLIFYWHMCP>
#	G	D	E	R	K	N	Q	S	T	A	V	L	I	F	Y	W	H	M	C	P
0	0.01841	0.01823	0.02121	0.02683	0.22597	0.13555	0.01592	0.02276	0.05247	0.02462	0.07050	0.17711	0.02981	0.01829	0.06746	0.00367	0.01007	0.04546	0.00576	0.00991
1	0.02257	0.03805	0.40694	0.02226	0.03184	0.14173	0.02474	0.15893	0.02334	0.03089	0.01563	0.01759	0.01134	0.00847	0.00791	0.00251	0.01209	0.00629	0.00470	0.01219
2	0.23079	0.01964	0.02939	0.08554	0.14417	0.02077	0.17944	0.13647	0.02128	0.03397	0.01553	0.01910	0.01184	0.00794	0.00781	0.00262	0.00998	0.00724	0.00516	0.01131
3	0.01025	0.00785	0.00919	0.01004	0.01152	0.00702	0.00696	0.01200	0.01731	0.02208	0.09726	0.36435	0.29539	0.07383	0.01258	0.00344	0.00476	0.01978	0.00760	0.00680
4	0.22167	0.01756	0.02579	0.19207	0.33983	0.01913	0.02044	0.02419	0.01707	0.02848	0.01432	0.01902	0.01153	0.00770	0.00741	0.00257	0.00922	0.00661	0.00429	0.01109
5	0.18103	0.02243	0.08990	0.08024	0.03090	0.05562	0.17384	0.13634	0.02133	0.03274	0.01601	0.01945	0.01210	0.00849	0.00867	0.00263	0.04207	0.00720	0.04818	0.01082
6	0.01627	0.01149	0.01638	0.01957	0.15366	0.01070	0.01193	0.01972	0.02087	0.10579	0.26643	0.12176	0.16059	0.01580	0.00937	0.00269	0.00575	0.01394	0.00777	0.00950
7	0.01809	0.01676	0.02678	0.08810	0.42449	0.01703	0.02043	0.02400	0.06391	0.02752	0.10020	0.03223	0.08420	0.01023	0.00859	0.00257	0.00846	0.00945	0.00535	0.01162
8	0.18645	0.21856	0.14488	0.01758	0.02429	0.23580	0.01671	0.02774	0.01857	0.02492	0.01259	0.01468	0.01029	0.00786	0.00646	0.00223	0.01096	0.00506	0.00413	0.01026

[dist]
# distance from previous block
# <min> <max>
0	2

[block]
# block no. 3 follows, 22 sequences, length 69
# corresponding to MSA columns:
# 135-203
name=unknown_D
#
# <colnr> <probs for GDERKNQSTAVLIFYWHMCP>
#	G	D	E	R	K	N	Q	S	T	A	V	L	I	F	Y	W	H	M	C	P
0	0.01706	0.01356	0.01747	0.02027	0.15221	0.01369	0.01239	0.12836	0.02068	0.02732	0.03778	0.05002	0.17046	0.21273	0.01862	0.00426	0.00771	0.06002	0.00628	0.00912
1	0.01822	0.01833	0.01433	0.01402	0.01588	0.22729	0.00991	0.01993	0.01727	0.02030	0.02533	0.16649	0.02677	0.19779	0.09747	0.00524	0.01101	0.01139	0.07560	0.00743
2	0.01193	0.00849	0.01013	0.01054	0.01155	0.00833	0.00738	0.01332	0.01493	0.01934	0.04039	0.06620	0.14757	0.39647	0.06752	0.00650	0.00811	0.13915	0.00605	0.00610
3	0.01197	0.00801	0.00909	0.00921	0.00923	0.00798	0.00519	0.01205	0.01230	0.01640	0.02731	0.09171	0.03163	0.66875	0.04046	0.00778	0.00787	0.01275	0.00519	0.00513
4	0.15608	0.01776	0.02747	0.21033	0.38214	0.01920	0.02184	0.02418	0.01744	0.02745	0.01466	0.01968	0.01185	0.00770	0.00768	0.00257	0.00955	0.00686	0.00419	0.01137
5	0.04990	0.01772	0.02541	0.40548	0.11361	0.02063	0.02078	0.19000	0.02299	0.03113	0.01617	0.02102	0.01207	0.00864	0.00817	0.00265	0.01022	0.00730	0.00507	0.01101
6	0.02389	0.18146	0.26443	0.02074	0.02856	0.29882	0.02107	0.02891	0.01994	0.02237	0.01333	0.01558	0.01063	0.00801	0.00719	0.00225	0.01271	0.00545	0.00384	0.01082
7	0.02026	0.02022	0.03653	0.04643	0.50223	0.02025	0.14936	0.02549	0.01879	0.02672	0.01567	0.02084	0.01295	0.00763	0.00937	0.00259	0.04009	0.00789	0.00411	0.01258
8	0.02609	0.02924	0.02128	0.01926	0.02374	0.36320	0.01467	0.03840	0.31772	0.02720	0.02283	0.02261	0.01768	0.00985	0.00795	0.00246	0.01098	0.00728	0.00627	0.01131
9	0.01130	0.00874	0.01047	0.01079	0.01312	0.00791	0.00859	0.01436	0.02028	0.02614	0.23367	0.07850	0.33262	0.02040	0.01025	0.00302	0.00503	0.16930	0.00810	0.00741
10	0.01013	0.00812	0.00875	0.00916	0.01117	0.00707	0.00647	0.01186	0.01755	0.02150	0.06969	0.21085	0.45764	0.09589	0.01347	0.00349	0.00475	0.01825	0.00743	0.00674
11	0.02027	0.47913	0.26048	0.01752	0.02643	0.02813	0.01997	0.02538	0.01711	0.02191	0.01272	0.01480	0.01061	0.00738	0.00622	0.00207	0.01007	0.00503	0.00354	0.01123
12	0.01969	0.01885	0.03214	0.16518	0.54885	0.01951	0.02506	0.02473	0.01850	0.02608	0.01547	0.02085	0.01279	0.00756	0.00824	0.00252	0.01009	0.00740	0.00404	0.01245
13	0.01004	0.00754	0.00932	0.01074	0.01183	0.00682	0.00735	0.01166	0.01670	0.02153	0.05583	0.53971	0.21137	0.02472	0.01040	0.00323	0.00466	0.02202	0.00771	0.00682
14	0.02023	0.01940	0.03313	0.09383	0.61594	0.01965	0.02533	0.02521	0.01876	0.02674	0.01557	0.02067	0.01302	0.00746	0.00823	0.00249	0.00995	0.00740	0.00408	0.01289
15	0.02400	0.34201	0.10124	0.01909	0.05149	0.24927	0.01676	0.02740	0.01968	0.02162	0.04735	0.01731	0.01445	0.00824	0.00671	0.00207	0.01111	0.00564	0.00413	0.01044
16	0.01011	0.00729	0.00958	0.01141	0.01201	0.00676	0.00764	0.01159	0.01606	0.02127	0.04772	0.67121	0.08511	0.02577	0.01056	0.00335	0.00479	0.02331	0.00771	0.00676
17	0.02897	0.03630	0.02245	0.02054	0.02452	0.60335	0.01544	0.03120	0.02245	0.02022	0.01385	0.01688	0.01178	0.01433	0.07919	0.00334	0.01576	0.00573	0.00430	0.00939
18	0.09829	0.06404	0.43255	0.02776	0.16632	0.01990	0.02654	0.02587	0.01744	0.02737	0.01456	0.01757	0.01093	0.00773	0.00756	0.00255	0.01099	0.00616	0.00381	0.01204
19	0.01989	0.02335	0.12495	0.04521	0.49484	0.01983	0.09831	0.02574	0.01880	0.02696	0.01567	0.02035	0.01272	0.00742	0.00837	0.00253	0.01071	0.00751	0.00404	0.01280
20	0.01865	0.03114	0.34346	0.03759	0.35188	0.01952	0.02805	0.02589	0.01824	0.02673	0.01527	0.01908	0.01187	0.00764	0.00806	0.00255	0.01105	0.00678	0.00382	0.01273
21	0.03146	0.02677	0.02463	0.01961	0.02575	0.16505	0.01585	0.50073	0.03573	0.04548	0.01842	0.01888	0.01339	0.00967	0.00813	0.00242	0.01039	0.00702	0.00745	0.01316
22	0.01114	0.00903	0.01002	0.01052	0.01268	0.00844	0.00759	0.01538	0.08712	0.02336	0.06444	0.30355	0.36303	0.02179	0.00996	0.00302	0.00470	0.01886	0.00780	0.00760
23	0.01443	0.00722	0.01082	0.01082	0.01082	0.00722	0.00722	0.01082	0.01082	0.01443	0.01443	0.02525	0.01443	0.02886	0.03247	0.75830	0.00722	0.00722	0.00361	0.00361
24	0.01208	0.00805	0.00906	0.00906	0.00906	0.00805	0.00503	0.01208	0.01208	0.01611	0.02618	0.05436	0.03020	0.70804	0.04228	0.00805	0.00805	0.01208	0.00503	0.00503
25	0.01132	0.00840	0.00976	0.00965	0.01130	0.00773	0.00682	0.01349	0.01843	0.02428	0.25158	0.06727	0.24752	0.22227	0.01947	0.00434	0.00543	0.04680	0.00739	0.00674
26	0.02098	0.02382	0.15815	0.01860	0.02513	0.02092	0.01720	0.10308	0.44268	0.03483	0.02827	0.02692	0.02097	0.01041	0.00832	0.00274	0.00807	0.00849	0.00738	0.01307
27	0.76672	0.01607	0.01221	0.01092	0.01607	0.01864	0.00900	0.02442	0.01414	0.03727	0.01157	0.01350	0.00900	0.00771	0.00514	0.00257	0.00643	0.00450	0.00514	0.00900
28	0.01187	0.00890	0.01335	0.01335	0.01483	0.01038	0.01038	0.01483	0.01335	0.01928	0.02225	0.03264	0.02077	0.06231	0.67512	0.01335	0.02225	0.00890	0.00445	0.00742
29	0.03727	0.01414	0.01928	0.01478	0.02121	0.01221	0.01221	0.04049	0.02378	0.66198	0.03277	0.02828	0.02056	0.01028	0.00835	0.00257	0.00707	0.00835	0.01028	0.01414
30	0.01967	0.01883	0.03211	0.16779	0.54640	0.01950	0.02505	0.02471	0.01849	0.02606	0.01547	0.02085	0.01278	0.00757	0.00824	0.00252	0.01009	0.00740	0.00404	0.01244
31	0.03103	0.03959	0.02354	0.02140	0.02568	0.67469	0.01605	0.03317	0.02354	0.02033	0.01284	0.01498	0.01070	0.00856	0.00749	0.00214	0.01498	0.00535	0.00428	0.00963
32	0.01066	0.00820	0.00979	0.01025	0.01216	0.00734	0.00756	0.01320	0.01939	0.02521	0.22414	0.23897	0.30119	0.02138	0.01013	0.00297	0.00452	0.05764	0.00809	0.00721
33	0.01208	0.00805	0.00906	0.00906	0.00906	0.00805	0.00503	0.01208	0.01208	0.01611	0.02618	0.05436	0.03020	0.70804	0.04228	0.00805	0.00805	0.01208	0.00503	0.00503
34	0.02623	0.02704	0.02629	0.02143	0.02678	0.26908	0.12640	0.16126	0.09442	0.03120	0.01898	0.02093	0.01457	0.00900	0.00802	0.00239	0.01140	0.00734	0.08614	0.01109
35	0.05132	0.06711	0.13258	0.01588	0.02257	0.01681	0.01503	0.06959	0.01841	0.02794	0.04240	0.02003	0.01509	0.01160	0.04888	0.00271	0.08131	0.00621	0.00488	0.32966
36	0.02675	0.17990	0.02663	0.01879	0.02319	0.43610	0.01497	0.02912	0.02074	0.02067	0.01365	0.01645	0.01172	0.01101	0.03756	0.00263	0.05026	0.00555	0.04470	0.00962
37	0.03158	0.02327	0.02493	0.01911	0.02576	0.02576	0.01579	0.62852	0.03906	0.05236	0.01995	0.01995	0.01413	0.00997	0.00831	0.00249	0.00914	0.00748	0.00831	0.01413
38	0.01314	0.00952	0.01190	0.01175	0.01255	0.01027	0.00804	0.04980	0.01476	0.02017	0.02813	0.17700	0.03125	0.35682	0.16433	0.00763	0.04749	0.01322	0.00557	0.00664
39	0.01226	0.00922	0.01309	0.01289	0.01397	0.01070	0.00966	0.01452	0.01304	0.01864	0.02248	0.03652	0.02226	0.19832	0.50421	0.01169	0.05552	0.00950	0.00453	0.00700
40	0.02680	0.03255	0.02417	0.02154	0.02441	0.46117	0.01675	0.02884	0.01998	0.02022	0.01220	0.01603	0.01077	0.01053	0.01399	0.00263	0.23791	0.00598	0.00407	0.00945
41	0.01045	0.00844	0.00929	0.00908	0.01161	0.00728	0.00681	0.01315	0.02043	0.02599	0.26922	0.07412	0.46557	0.01972	0.00981	0.00274	0.00411	0.01671	0.00818	0.00728
42	0.01034	0.00826	0.00929	0.00962	0.01182	0.00721	0.00712	0.01269	0.01913	0.02408	0.16724	0.19180	0.42426	0.02138	0.01003	0.00292	0.00442	0.04332	0.00794	0.00713
43	0.63299	0.01571	0.01351	0.01163	0.01701	0.01746	0.00959	0.02737	0.01591	0.15180	0.01546	0.01621	0.01112	0.00818	0.00573	0.00257	0.00654	0.00521	0.00608	0.00994
44	0.01143	0.00785	0.00919	0.00972	0.00999	0.00764	0.00584	0.01193	0.01348	0.01783	0.03450	0.23428	0.06843	0.48545	0.03192	0.00650	0.00697	0.01553	0.00591	0.00561
45	0.01666	0.04297	0.66500	0.02368	0.03596	0.01929	0.03069	0.02631	0.01754	0.02631	0.01491	0.01754	0.01052	0.00789	0.00789	0.00263	0.01228	0.00614	0.00351	0.01228
46	0.01748	0.03261	0.38851	0.02428	0.03210	0.02150	0.09052	0.02426	0.01618	0.02426	0.01380	0.01827	0.01087	0.00998	0.01447	0.00298	0.23628	0.00690	0.00362	0.01111
47	0.01042	0.00844	0.00925	0.00905	0.01159	0.00727	0.00679	0.01309	0.02036	0.02582	0.26040	0.07439	0.47450	0.01978	0.00981	0.00275	0.00412	0.01675	0.00816	0.00727
48	0.01924	0.02738	0.23689	0.04101	0.40995	0.01970	0.07402	0.02584	0.01853	0.02683	0.01549	0.01974	0.01227	0.00753	0.00824	0.00255	0.01096	0.00719	0.00393	0.01272
49	0.01666	0.04297	0.66500	0.02368	0.03596	0.01929	0.03069	0.02631	0.01754	0.02631	0.01491	0.01754	0.01052	0.00789	0.00789	0.00263	0.01228	0.00614	0.00351	0.01228
50	0.01073	0.00856	0.00969	0.00972	0.01220	0.00752	0.00750	0.01351	0.02018	0.02563	0.23199	0.07667	0.43194	0.02016	0.01000	0.00287	0.00451	0.08122	0.00809	0.00730
51	0.06304	0.63779	0.04082	0.01430	0.02128	0.03171	0.01402	0.05768	0.01794	0.02229	0.01201	0.01370	0.01076	0.00730	0.00548	0.00186	0.00877	0.00461	0.00390	0.01076
52	0.01321	0.01033	0.01340	0.01355	0.01537	0.01103	0.01040	0.01786	0.08277	0.02279	0.03524	0.22002	0.06188	0.07632	0.16951	0.00592	0.05095	0.11432	0.00644	0.04868
53	0.02131	0.02162	0.03154	0.11581	0.51519	0.09927	0.02409	0.02597	0.01923	0.02568	0.01520	0.02005	0.01264	0.00764	0.00814	0.00246	0.01062	0.00715	0.00409	0.01231
54	0.02411	0.02230	0.02745	0.03344	0.31274	0.09417	0.01968	0.15984	0.15902	0.03345	0.02020	0.02208	0.01575	0.00892	0.00821	0.00251	0.00957	0.00762	0.00598	0.01297
55	0.01265	0.00752	0.00966	0.01048	0.01136	0.00724	0.00732	0.01330	0.01510	0.02158	0.03516	0.29270	0.07584	0.02287	0.01592	0.22253	0.00540	0.04056	0.16674	0.00611
56	0.02548	0.21339	0.02616	0.01534	0.02128	0.02227	0.01315	0.17338	0.14140	0.14643	0.02966	0.02835	0.08756	0.01070	0.00767	0.00240	0.00766	0.00826	0.00729	0.01218
57	0.01437	0.01359	0.02321	0.19638	0.09734	0.01388	0.12796	0.01843	0.01774	0.02310	0.03736	0.19298	0.15955	0.01483	0.00943	0.00289	0.00856	0.01379	0.00563	0.00896
58	0.01405	0.01698	0.13320	0.05615	0.05245	0.01287	0.01418	0.02125	0.11966	0.02546	0.08274	0.18069	0.16583	0.05355	0.01099	0.00315	0.00708	0.01380	0.00659	0.00931
59	0.02771	0.03366	0.02501	0.02725	0.16032	0.49963	0.01765	0.03041	0.02215	0.02184	0.01514	0.05168	0.01351	0.00921	0.00781	0.00227	0.01336	0.00673	0.00442	0.01024
60	0.01919	0.01809	0.02992	0.18643	0.45511	0.01908	0.02361	0.02546	0.06027	0.02626	0.01788	0.02476	0.01501	0.00853	0.00840	0.00262	0.00982	0.03304	0.00446	0.01206
61	0.01049	0.00846	0.00938	0.00944	0.01191	0.00735	0.00717	0.01308	0.01983	0.02492	0.20335	0.10130	0.46394	0.02048	0.00996	0.00285	0.00440	0.05642	0.00802	0.00722
62	0.02400	0.22171	0.02711	0.01638	0.02248	0.27510	0.01349	0.02680	0.01958	0.02233	0.01311	0.01525	0.01122	0.00736	0.00644	0.00174	0.01035	0.00495	0.00429	0.25632
63	0.01499	0.01019	0.01202	0.01052	0.01301	0.00903	0.00708	0.01646	0.01503	0.06360	0.05710	0.08202	0.02884	0.40107	0.02698	0.00534	0.00708	0.01080	0.00573	0.20311
64	0.02115	0.25872	0.02579	0.01572	0.01971	0.23604	0.01268	0.02324	0.01876	0.02035	0.02324	0.24057	0.02524	0.01381	0.00778	0.00242	0.00956	0.01105	0.00516	0.00903
65	0.01806	0.23863	0.11106	0.02496	0.19035	0.02111	0.01820	0.02230	0.01648	0.02235	0.01617	0.02140	0.01425	0.02333	0.20116	0.00543	0.01346	0.00674	0.00396	0.01059
66	0.01681	0.04347	0.01500	0.01370	0.01626	0.16655	0.01013	0.05111	0.02040	0.02420	0.10981	0.29118	0.15281	0.01838	0.00931	0.00278	0.00740	0.01562	0.00693	0.00815
67	0.01150	0.00823	0.01052	0.01189	0.01271	0.00795	0.00806	0.04845	0.01709	0.02280	0.04323	0.62838	0.05123	0.06028	0.01210	0.00356	0.00524	0.02206	0.00761	0.00710
68	0.02233	0.02503	0.02239	0.02127	0.06077	0.31040	0.07937	0.05728	0.02118	0.02344	0.02466	0.24253	0.02579	0.01415	0.00885	0.00266	0.01091	0.01207	0.00561	0.00931

[dist]
# distance from previous block
# <min> <max>
6	18

[block]
# block no. 4 follows, 22 sequences, length 23
# corresponding to MSA columns:
# 222-244
name=unknown_E
#
# <colnr> <probs for GDERKNQSTAVLIFYWHMCP>
#	G	D	E	R	K	N	Q	S	T	A	V	L	I	F	Y	W	H	M	C	P
0	0.01959	0.02015	0.02720	0.07761	0.35179	0.11532	0.05238	0.02371	0.01951	0.02479	0.02843	0.03322	0.12725	0.01062	0.00861	0.00257	0.00985	0.03153	0.00489	0.01098
1	0.22055	0.10633	0.02308	0.09405	0.02629	0.32244	0.01479	0.05861	0.02032	0.02639	0.01294	0.01548	0.01047	0.00822	0.00677	0.00230	0.01131	0.00536	0.00456	0.00976
2	0.02675	0.08938	0.02790	0.02865	0.20163	0.35470	0.01834	0.06925	0.06033	0.02511	0.01525	0.01770	0.01250	0.00837	0.00762	0.00226	0.01214	0.00623	0.00468	0.01121
3	0.01649	0.01433	0.01549	0.01461	0.01697	0.08839	0.01115	0.06724	0.07880	0.02317	0.02257	0.03182	0.02058	0.11694	0.41207	0.00960	0.01730	0.00878	0.00519	0.00850
4	0.01494	0.01174	0.01564	0.16491	0.02465	0.01258	0.01272	0.10756	0.02056	0.02696	0.06907	0.29133	0.10790	0.01833	0.00969	0.00304	0.00701	0.06583	0.00696	0.00858
5	0.01217	0.00896	0.00996	0.00949	0.01203	0.00817	0.00718	0.03947	0.02119	0.02871	0.27649	0.06443	0.33554	0.01759	0.00920	0.00261	0.00426	0.01489	0.10997	0.00770
6	0.08008	0.01049	0.01250	0.01118	0.01424	0.01005	0.00865	0.04905	0.02301	0.10355	0.43522	0.05398	0.12502	0.01553	0.00917	0.00262	0.00477	0.01328	0.00873	0.00886
7	0.03309	0.02801	0.02253	0.01883	0.02431	0.32277	0.01480	0.16947	0.02711	0.22690	0.02063	0.02023	0.01454	0.00941	0.00794	0.00235	0.01121	0.00676	0.00705	0.01204
8	0.10201	0.01219	0.01396	0.01188	0.01614	0.01156	0.00945	0.07519	0.02252	0.21394	0.17735	0.04883	0.22261	0.01467	0.00875	0.00264	0.00564	0.01207	0.00854	0.01008
9	0.01361	0.01194	0.02138	0.01823	0.02127	0.01278	0.14898	0.01749	0.01476	0.02093	0.02103	0.03033	0.01893	0.04986	0.52534	0.01098	0.02040	0.00910	0.00439	0.00827
10	0.01774	0.01980	0.09774	0.36220	0.29366	0.01906	0.02486	0.02348	0.01763	0.02413	0.01512	0.02102	0.01185	0.00790	0.00823	0.00263	0.01072	0.00726	0.00384	0.01113
11	0.01468	0.00914	0.01204	0.01095	0.01342	0.00834	0.00834	0.01852	0.02355	0.10528	0.58098	0.05819	0.07177	0.01622	0.00963	0.00261	0.00428	0.01426	0.00928	0.00856
12	0.02051	0.17530	0.03517	0.09732	0.46203	0.02258	0.02275	0.02499	0.01826	0.02492	0.01464	0.01907	0.01242	0.00741	0.00758	0.00234	0.00975	0.00673	0.00395	0.01226
13	0.01946	0.01862	0.03174	0.19441	0.52137	0.01945	0.02495	0.02453	0.01840	0.02581	0.01543	0.02092	0.01269	0.00761	0.00824	0.00254	0.01014	0.00740	0.00402	0.01227
14	0.01322	0.01073	0.01582	0.16482	0.02352	0.01277	0.01256	0.01592	0.01388	0.01917	0.02176	0.07044	0.02173	0.18945	0.29089	0.00840	0.07306	0.00994	0.00452	0.00739
15	0.01750	0.00976	0.01294	0.01143	0.01439	0.00882	0.00882	0.02126	0.02357	0.17484	0.51247	0.05445	0.06537	0.01547	0.00947	0.00260	0.00463	0.01352	0.00940	0.00926
16	0.01044	0.00811	0.00951	0.00986	0.01178	0.00717	0.00713	0.01287	0.01936	0.02513	0.23158	0.24907	0.32563	0.02130	0.01003	0.00291	0.00430	0.01853	0.00811	0.00717
17	0.01154	0.00783	0.00922	0.00975	0.00988	0.00770	0.00577	0.01194	0.01313	0.01751	0.03156	0.23231	0.03699	0.52083	0.03359	0.00677	0.00717	0.01525	0.00577	0.00550
18	0.01188	0.00885	0.01308	0.01308	0.01446	0.01023	0.01004	0.01466	0.01327	0.01908	0.02250	0.03403	0.02137	0.10382	0.63444	0.01301	0.02134	0.00911	0.00449	0.00726
19	0.02056	0.01974	0.03372	0.05099	0.65622	0.01974	0.02550	0.02550	0.01892	0.02714	0.01563	0.02056	0.01316	0.00740	0.00822	0.00247	0.00987	0.00740	0.00411	0.01316
20	0.11291	0.03175	0.02459	0.02677	0.16653	0.42523	0.01736	0.05514	0.02207	0.02513	0.01362	0.01627	0.01120	0.00826	0.00742	0.00228	0.01261	0.00580	0.00451	0.01054
21	0.18731	0.06131	0.17367	0.09259	0.02582	0.10904	0.01646	0.02422	0.01714	0.02726	0.01582	0.01933	0.01238	0.00926	0.00791	0.03795	0.00928	0.00605	0.13768	0.00952
22	0.04720	0.17694	0.09626	0.01925	0.02534	0.11796	0.15155	0.02506	0.01883	0.02567	0.04037	0.02183	0.01592	0.00835	0.00719	0.00225	0.00991	0.00710	0.17304	0.00998

[dist]
# distance from previous block
# <min> <max>
0	61

[block]
# block no. 5 follows, 22 sequences, length 34
# corresponding to MSA columns:
# 310-343
name=unknown_F
#
# <colnr> <probs for GDERKNQSTAVLIFYWHMCP>
#	G	D	E	R	K	N	Q	S	T	A	V	L	I	F	Y	W	H	M	C	P
0	0.02580	0.02373	0.02298	0.07187	0.02656	0.16060	0.01533	0.26309	0.02673	0.03449	0.01605	0.01830	0.01246	0.00911	0.00938	0.00226	0.07185	0.00643	0.00591	0.17709
1	0.02253	0.15260	0.12835	0.11275	0.02930	0.15403	0.01833	0.11318	0.02102	0.02628	0.01519	0.01916	0.01238	0.03166	0.01023	0.00261	0.07271	0.00641	0.04072	0.01055
2	0.01852	0.01585	0.01775	0.04203	0.02065	0.08174	0.01403	0.11717	0.02162	0.02800	0.07187	0.05548	0.03294	0.05526	0.04056	0.00390	0.09029	0.25672	0.00662	0.00899
3	0.13316	0.02459	0.02559	0.03039	0.25893	0.19316	0.01842	0.08957	0.06344	0.02955	0.01575	0.01859	0.01272	0.00862	0.00853	0.00248	0.04341	0.00657	0.00500	0.01152
4	0.02236	0.05478	0.09394	0.03693	0.29870	0.16458	0.15632	0.02748	0.01988	0.02514	0.01504	0.01917	0.01215	0.00760	0.00827	0.00246	0.01209	0.00725	0.00409	0.01177
5	0.02773	0.29458	0.03130	0.01844	0.02403	0.36550	0.01533	0.08931	0.02255	0.02322	0.01306	0.01485	0.01103	0.00815	0.00675	0.00204	0.01208	0.00522	0.00440	0.01047
6	0.01197	0.00850	0.01132	0.01132	0.01210	0.00928	0.00785	0.01353	0.01275	0.01778	0.02411	0.04294	0.02524	0.36838	0.37516	0.01084	0.01552	0.01041	0.00473	0.00629
7	0.01027	0.00851	0.00904	0.00911	0.01177	0.00728	0.00697	0.01268	0.01941	0.02370	0.13781	0.07916	0.55219	0.02077	0.00994	0.00286	0.00443	0.05912	0.00785	0.00714
8	0.01036	0.00770	0.00973	0.01124	0.01235	0.00707	0.00794	0.01217	0.01685	0.02181	0.05384	0.51269	0.18230	0.02467	0.01052	0.00329	0.00495	0.07592	0.00771	0.00689
9	0.01603	0.00851	0.00866	0.00838	0.01041	0.00863	0.00624	0.04829	0.01810	0.03100	0.02669	0.03203	0.02155	0.05711	0.00840	0.00238	0.00441	0.00802	0.66727	0.00787
10	0.02302	0.01955	0.01935	0.01652	0.02125	0.08026	0.01302	0.21909	0.26349	0.03801	0.12930	0.03367	0.06278	0.01206	0.00861	0.00262	0.00760	0.00976	0.00809	0.01195
11	0.01187	0.00890	0.01335	0.01335	0.01483	0.01038	0.01038	0.01483	0.01335	0.01928	0.02225	0.03264	0.02077	0.06231	0.67512	0.01335	0.02225	0.00890	0.00445	0.00742
12	0.02037	0.01649	0.01720	0.01659	0.05245	0.07606	0.01225	0.05899	0.23120	0.09604	0.10336	0.04509	0.15151	0.01393	0.00894	0.00274	0.00705	0.05099	0.00789	0.01086
13	0.01187	0.00890	0.01335	0.01335	0.01483	0.01038	0.01038	0.01483	0.01335	0.01928	0.02225	0.03264	0.02077	0.06231	0.67512	0.01335	0.02225	0.00890	0.00445	0.00742
14	0.01146	0.00807	0.00997	0.01024	0.01104	0.00789	0.00674	0.01299	0.01580	0.02148	0.16693	0.19036	0.07775	0.32323	0.08437	0.00612	0.00758	0.01511	0.00656	0.00631
15	0.01084	0.00844	0.00996	0.01039	0.01255	0.00756	0.00796	0.01352	0.01951	0.02498	0.19385	0.16715	0.34848	0.02119	0.01019	0.00301	0.00478	0.11038	0.00801	0.00725
16	0.01190	0.00798	0.00911	0.00929	0.00933	0.00794	0.00528	0.01203	0.01243	0.01657	0.02795	0.11312	0.03244	0.64623	0.03941	0.00763	0.00776	0.01313	0.00528	0.00519
17	0.01673	0.01292	0.01706	0.01544	0.01788	0.01521	0.01233	0.14676	0.01879	0.02644	0.02061	0.02845	0.01835	0.04625	0.46659	0.01004	0.08751	0.00843	0.00519	0.00902
18	0.01038	0.00833	0.00927	0.00927	0.01162	0.00721	0.00686	0.01292	0.01991	0.02531	0.23622	0.13293	0.43978	0.02039	0.00989	0.00281	0.00419	0.01741	0.00811	0.00721
19	0.01307	0.01069	0.01537	0.01477	0.01576	0.01315	0.01152	0.01549	0.01339	0.01945	0.02222	0.09297	0.02233	0.08286	0.44116	0.01006	0.16346	0.01009	0.00461	0.00759
20	0.02306	0.65053	0.04185	0.01466	0.02172	0.03223	0.01436	0.07959	0.01889	0.02252	0.01231	0.01393	0.01098	0.00737	0.00560	0.00184	0.00891	0.00472	0.00398	0.01098
21	0.01826	0.01731	0.02830	0.04188	0.51812	0.01701	0.02139	0.02259	0.01892	0.02613	0.03030	0.03328	0.15013	0.01032	0.00857	0.00254	0.00866	0.00957	0.00488	0.01184
22	0.01739	0.03269	0.41183	0.03077	0.22279	0.01836	0.02698	0.02507	0.01851	0.02721	0.07433	0.02260	0.01763	0.00859	0.00817	0.00258	0.01077	0.00735	0.00422	0.01213
23	0.09603	0.09195	0.21712	0.03126	0.25952	0.11621	0.02297	0.02669	0.01852	0.02623	0.01423	0.01749	0.01138	0.00772	0.00745	0.00242	0.01089	0.00617	0.00401	0.01174
24	0.02344	0.02423	0.02800	0.03655	0.37088	0.19400	0.02046	0.08234	0.02175	0.02713	0.01802	0.08083	0.01638	0.00964	0.00825	0.00246	0.01071	0.00833	0.00487	0.01173
25	0.02057	0.01961	0.03271	0.04868	0.61313	0.01980	0.02466	0.02676	0.06117	0.02766	0.01686	0.02127	0.01399	0.00766	0.00824	0.00249	0.00965	0.00754	0.00441	0.01316
26	0.01492	0.01063	0.01287	0.01214	0.01367	0.01140	0.00854	0.11068	0.01712	0.02329	0.02606	0.10849	0.02746	0.34337	0.21461	0.00821	0.01196	0.01161	0.00566	0.00733
27	0.01187	0.00890	0.01335	0.01335	0.01483	0.01038	0.01038	0.01483	0.01335	0.01928	0.02225	0.03264	0.02077	0.06231	0.67512	0.01335	0.02225	0.00890	0.00445	0.00742
28	0.01106	0.00876	0.01014	0.01063	0.01309	0.00784	0.00853	0.01385	0.01946	0.02425	0.13004	0.08215	0.41772	0.02119	0.01030	0.00308	0.00518	0.18759	0.00784	0.00728
29	0.01312	0.00800	0.00915	0.00923	0.01064	0.00787	0.00648	0.01580	0.01693	0.02604	0.13151	0.10609	0.06943	0.16436	0.06027	0.00429	0.00612	0.01191	0.31573	0.00703
30	0.02131	0.01468	0.01611	0.01384	0.01846	0.01513	0.01095	0.12469	0.21703	0.13937	0.04956	0.04640	0.24864	0.01441	0.00891	0.00272	0.00621	0.01184	0.00847	0.01126
31	0.02648	0.03163	0.02292	0.14399	0.03054	0.46955	0.01683	0.05082	0.02190	0.02156	0.01431	0.01809	0.01181	0.01344	0.06818	0.00329	0.01471	0.00613	0.00433	0.00952
32	0.10307	0.24375	0.02892	0.01761	0.02336	0.26898	0.01471	0.15717	0.02383	0.02866	0.01383	0.01538	0.01125	0.00832	0.00675	0.00215	0.01096	0.00544	0.00500	0.01085
33	0.01181	0.00891	0.01138	0.01231	0.01430	0.00811	0.00948	0.01433	0.01752	0.02314	0.04817	0.34429	0.14331	0.02226	0.01030	0.00321	0.00574	0.20062	0.00741	0.08341

[dist]
# distance from previous block
# <min> <max>
0	10

[block]
# block no. 6 follows, 22 sequences, length 22
# corresponding to MSA columns:
# 354-375
name=unknown_G
#
# <colnr> <probs for GDERKNQSTAVLIFYWHMCP>
#	G	D	E	R	K	N	Q	S	T	A	V	L	I	F	Y	W	H	M	C	P
0	0.16444	0.06703	0.02252	0.01904	0.02373	0.49217	0.01467	0.06073	0.02228	0.02496	0.01290	0.01488	0.01056	0.00841	0.00700	0.00222	0.01284	0.00526	0.00460	0.00979
1	0.12836	0.35895	0.05777	0.01863	0.06654	0.20265	0.01542	0.02715	0.01846	0.02303	0.01232	0.01447	0.01061	0.00764	0.00619	0.00207	0.01039	0.00497	0.00401	0.01039
2	0.06557	0.08292	0.44176	0.02740	0.13838	0.02036	0.05850	0.02597	0.01762	0.02669	0.01468	0.01775	0.01099	0.00770	0.00770	0.00255	0.01135	0.00632	0.00375	0.01205
3	0.19401	0.02312	0.01678	0.01528	0.01891	0.26315	0.01181	0.02764	0.06618	0.02794	0.01757	0.02007	0.01408	0.00927	0.00798	0.00234	0.05679	0.00619	0.19163	0.00925
4	0.01878	0.01384	0.01464	0.01277	0.01665	0.01461	0.01003	0.17388	0.14699	0.03504	0.08888	0.04315	0.18651	0.01353	0.00829	0.00252	0.00581	0.01107	0.17278	0.01022
5	0.01049	0.00810	0.00894	0.00929	0.01095	0.00724	0.00637	0.01207	0.01699	0.02128	0.09119	0.19769	0.36236	0.17922	0.01741	0.00411	0.00520	0.01738	0.00717	0.00655
6	0.01187	0.00890	0.01335	0.01335	0.01483	0.01038	0.01038	0.01483	0.01335	0.01928	0.02225	0.03264	0.02077	0.06231	0.67512	0.01335	0.02225	0.00890	0.00445	0.00742
7	0.01740	0.03781	0.51024	0.02653	0.03783	0.01972	0.18027	0.02638	0.01806	0.02638	0.01539	0.01876	0.01105	0.00767	0.00837	0.00267	0.01271	0.00706	0.00368	0.01201
8	0.01132	0.00845	0.01068	0.01142	0.01324	0.00782	0.00882	0.01421	0.01957	0.02579	0.22363	0.22103	0.20493	0.02153	0.01041	0.00314	0.00513	0.16346	0.00810	0.00734
9	0.02010	0.11715	0.02865	0.03296	0.34358	0.10349	0.01872	0.02404	0.02000	0.02599	0.12528	0.02892	0.05699	0.00984	0.00807	0.00237	0.00909	0.00853	0.00509	0.01114
10	0.01858	0.04038	0.53328	0.02364	0.03448	0.09136	0.05671	0.02796	0.04904	0.02608	0.01570	0.01815	0.01137	0.00809	0.00797	0.00259	0.01238	0.00639	0.00387	0.01198
11	0.01101	0.00789	0.01053	0.01164	0.01275	0.00741	0.00839	0.01351	0.01868	0.02546	0.23786	0.43049	0.06157	0.02281	0.01045	0.00318	0.00485	0.08615	0.00816	0.00720
12	0.02496	0.23911	0.18440	0.01983	0.02688	0.32700	0.01905	0.02907	0.02013	0.02154	0.01296	0.01511	0.01065	0.00797	0.00695	0.00215	0.01253	0.00527	0.00388	0.01057
13	0.02085	0.01905	0.02871	0.03944	0.44550	0.01976	0.02126	0.07085	0.15439	0.03032	0.02304	0.02554	0.04572	0.00905	0.00835	0.00256	0.00884	0.00831	0.00551	0.01294
14	0.01780	0.13453	0.52023	0.02486	0.09078	0.02123	0.02791	0.02603	0.01757	0.02544	0.01450	0.01723	0.01078	0.00774	0.00756	0.00250	0.01158	0.00602	0.00357	0.01213
15	0.02537	0.26635	0.06512	0.02142	0.02776	0.31162	0.12182	0.02888	0.02031	0.02143	0.01319	0.01583	0.01101	0.00776	0.00717	0.00215	0.01261	0.00585	0.00398	0.01038
16	0.01203	0.00896	0.01118	0.01158	0.01283	0.00926	0.00810	0.01576	0.07451	0.02166	0.07176	0.25646	0.08697	0.18962	0.16422	0.00652	0.00948	0.01539	0.00652	0.00719
17	0.01814	0.01599	0.02265	0.02011	0.08186	0.01607	0.07074	0.07601	0.01804	0.02644	0.01674	0.02311	0.01477	0.06449	0.10376	0.00411	0.11505	0.00725	0.00483	0.27985
18	0.02306	0.08880	0.02518	0.02102	0.07100	0.25211	0.01571	0.02573	0.01844	0.02224	0.01289	0.01657	0.01130	0.00928	0.01197	0.00230	0.18094	0.00580	0.00419	0.18149
19	0.01619	0.01031	0.01218	0.01151	0.01316	0.01033	0.00782	0.07470	0.04261	0.08315	0.07064	0.19120	0.03610	0.35380	0.02546	0.00542	0.00703	0.01392	0.00683	0.00764
20	0.01085	0.00761	0.00935	0.01043	0.01086	0.00726	0.00661	0.01178	0.01461	0.01933	0.04044	0.42030	0.07888	0.28620	0.02266	0.00513	0.00602	0.01887	0.00669	0.00611
21	0.06773	0.15080	0.02657	0.02391	0.16554	0.08394	0.01610	0.06877	0.01824	0.02496	0.01598	0.02109	0.01405	0.02256	0.18256	0.00524	0.07034	0.00684	0.00446	0.01032

[dist]
# distance from previous block
# <min> <max>
0	1

[block]
# block no. 7 follows, 22 sequences, length 8
# corresponding to MSA columns:
# 377-384
name=unknown_H
#
# <colnr> <probs for GDERKNQSTAVLIFYWHMCP>
#	G	D	E	R	K	N	Q	S	T	A	V	L	I	F	Y	W	H	M	C	P
0	0.01478	0.01344	0.01515	0.01699	0.08789	0.08809	0.01138	0.01764	0.01687	0.02192	0.03613	0.08085	0.16350	0.03469	0.28522	0.00704	0.01362	0.01109	0.05550	0.00822
1	0.01492	0.01162	0.01279	0.01200	0.01526	0.01173	0.00913	0.02415	0.21795	0.05822	0.16147	0.10415	0.27999	0.01708	0.00937	0.00281	0.00509	0.01452	0.00832	0.00943
2	0.10886	0.06026	0.01992	0.01600	0.02032	0.06605	0.01334	0.17637	0.02275	0.03246	0.02252	0.03574	0.02084	0.01492	0.04221	0.00322	0.06623	0.14040	0.03703	0.08057
3	0.07517	0.03499	0.02314	0.02033	0.02512	0.50853	0.01558	0.14907	0.02601	0.02761	0.01415	0.01586	0.01127	0.00879	0.00751	0.00223	0.01333	0.00572	0.00512	0.01047
4	0.01997	0.01913	0.03212	0.04377	0.51415	0.01845	0.06304	0.02484	0.01869	0.02709	0.01557	0.02015	0.01299	0.00718	0.00800	0.00229	0.00955	0.00717	0.00425	0.13160
5	0.18931	0.17540	0.02687	0.02559	0.23204	0.07206	0.01590	0.02389	0.01774	0.02656	0.02276	0.02486	0.09726	0.00933	0.00703	0.00235	0.00851	0.00727	0.00472	0.01055
6	0.01955	0.31435	0.02678	0.01350	0.01874	0.02144	0.01200	0.05631	0.10180	0.06022	0.03682	0.03980	0.17681	0.01271	0.00767	0.00241	0.00722	0.05543	0.00619	0.01022
7	0.01049	0.00752	0.00997	0.01131	0.01213	0.00699	0.00774	0.01250	0.01763	0.02395	0.18305	0.55754	0.06025	0.02398	0.01042	0.00320	0.00462	0.02167	0.00804	0.00699

[dist]
# distance from previous block
# <min> <max>
0	1

[block]
# block no. 8 follows, 22 sequences, length 17
# corresponding to MSA columns:
# 386-402
name=unknown_I
#
# <colnr> <probs for GDERKNQSTAVLIFYWHMCP>
#	G	D	E	R	K	N	Q	S	T	A	V	L	I	F	Y	W	H	M	C	P
0	0.02324	0.02406	0.03063	0.03971	0.41310	0.15856	0.04976	0.05608	0.07278	0.02746	0.01681	0.02031	0.01368	0.00807	0.00817	0.00244	0.01083	0.00725	0.00470	0.01237
1	0.02626	0.02849	0.02335	0.02134	0.04932	0.32621	0.01609	0.11713	0.11027	0.02714	0.01702	0.01948	0.01383	0.01246	0.04046	0.00304	0.12527	0.00678	0.00534	0.01073
2	0.01382	0.01087	0.01169	0.01076	0.01393	0.01030	0.00824	0.11754	0.02276	0.02892	0.14736	0.11507	0.42005	0.01898	0.00962	0.00277	0.00506	0.01594	0.00801	0.00832
3	0.02835	0.11678	0.02590	0.02023	0.02461	0.47914	0.01584	0.05757	0.05657	0.02240	0.01399	0.01615	0.01167	0.00910	0.00897	0.00227	0.07011	0.00572	0.00454	0.01010
4	0.01087	0.00846	0.00988	0.00952	0.01187	0.00746	0.00714	0.01396	0.02142	0.02835	0.39246	0.07023	0.34087	0.01884	0.00981	0.00270	0.00405	0.01617	0.00849	0.00746
5	0.01069	0.00842	0.00944	0.00920	0.01150	0.00739	0.00678	0.01331	0.02013	0.02597	0.28747	0.07161	0.39915	0.06792	0.01210	0.00310	0.00437	0.01623	0.00805	0.00718
6	0.03277	0.02136	0.02375	0.01821	0.02481	0.02292	0.01504	0.50529	0.03586	0.18011	0.02263	0.02169	0.01548	0.01004	0.00832	0.00251	0.00871	0.00766	0.00872	0.01413
7	0.01012	0.00723	0.00964	0.01157	0.01205	0.00675	0.00771	0.01157	0.01591	0.02121	0.04579	0.70262	0.05495	0.02603	0.01060	0.00337	0.00482	0.02362	0.00771	0.00675
8	0.01620	0.01923	0.15024	0.01490	0.02031	0.01452	0.01407	0.10716	0.12725	0.02943	0.04793	0.11647	0.25762	0.01559	0.00905	0.00279	0.00706	0.01299	0.00704	0.01014
9	0.02091	0.02122	0.02985	0.14049	0.44234	0.11115	0.02314	0.02548	0.01923	0.02517	0.01667	0.02405	0.01441	0.00856	0.00831	0.00254	0.01065	0.03980	0.00427	0.01177
10	0.02287	0.02048	0.03188	0.04431	0.52410	0.02100	0.02346	0.15187	0.02314	0.03242	0.01653	0.02043	0.01336	0.00794	0.00824	0.00247	0.00972	0.00742	0.00499	0.01336
11	0.02889	0.03428	0.02519	0.02540	0.11420	0.49343	0.01748	0.08012	0.02356	0.02389	0.01371	0.01635	0.01134	0.00884	0.00876	0.00230	0.05133	0.00592	0.00455	0.01047
12	0.05698	0.05225	0.01979	0.15962	0.07085	0.04509	0.01449	0.05676	0.11438	0.02608	0.03187	0.03463	0.13504	0.02029	0.12194	0.00446	0.01062	0.00946	0.00569	0.00974
13	0.01798	0.01262	0.01411	0.01289	0.01648	0.01293	0.00981	0.02815	0.25146	0.11594	0.09152	0.09822	0.20486	0.06120	0.01130	0.00315	0.00577	0.01314	0.00827	0.01020
14	0.01868	0.01204	0.01870	0.01943	0.10436	0.01170	0.05769	0.02167	0.01767	0.15822	0.05770	0.17634	0.03006	0.09862	0.15235	0.00559	0.01063	0.01242	0.00660	0.00953
15	0.02137	0.07854	0.16447	0.08210	0.32779	0.09077	0.02392	0.06582	0.02013	0.02691	0.01510	0.01886	0.01207	0.00784	0.00787	0.00244	0.01088	0.00670	0.00421	0.01220
16	0.02245	0.14097	0.02663	0.19154	0.03133	0.18793	0.01699	0.08877	0.01994	0.02348	0.01461	0.02047	0.01264	0.06161	0.01272	0.00293	0.10411	0.00671	0.00440	0.00976

[dist]
# distance from previous block
# <min> <max>
0	3

[block]
# block no. 9 follows, 22 sequences, length 38
# corresponding to MSA columns:
# 406-443
name=unknown_J
#
# <colnr> <probs for GDERKNQSTAVLIFYWHMCP>
#	G	D	E	R	K	N	Q	S	T	A	V	L	I	F	Y	W	H	M	C	P
0	0.02229	0.07855	0.11912	0.08821	0.02854	0.21046	0.01844	0.03090	0.16529	0.02459	0.01789	0.02023	0.01419	0.00988	0.01073	0.00264	0.11545	0.00685	0.00494	0.01080
1	0.02553	0.23277	0.02746	0.01766	0.02220	0.38421	0.01415	0.02767	0.01991	0.01965	0.01427	0.01921	0.01311	0.07636	0.05017	0.00326	0.01298	0.00592	0.00415	0.00937
2	0.01608	0.10117	0.01657	0.01193	0.01561	0.01262	0.00976	0.04811	0.02011	0.08082	0.15242	0.07310	0.21863	0.02095	0.07969	0.00373	0.00754	0.05546	0.00718	0.04851
3	0.23312	0.06065	0.17205	0.01722	0.02429	0.02088	0.01705	0.21932	0.02367	0.03731	0.01851	0.02505	0.01523	0.01007	0.00750	0.00265	0.00894	0.06916	0.00596	0.01137
4	0.02002	0.05988	0.02559	0.02120	0.05592	0.11880	0.12340	0.02741	0.13168	0.02572	0.02046	0.02429	0.01665	0.01637	0.09616	0.00396	0.08407	0.00794	0.11030	0.01019
5	0.02485	0.10285	0.12530	0.11025	0.09790	0.32925	0.02001	0.05185	0.02115	0.02324	0.01384	0.01692	0.01111	0.00821	0.00755	0.00231	0.01267	0.00594	0.00415	0.01064
6	0.02353	0.13495	0.30871	0.02108	0.02959	0.21106	0.02220	0.10593	0.02196	0.02699	0.01448	0.01651	0.01106	0.00824	0.00747	0.00235	0.01217	0.00584	0.00436	0.01152
7	0.01467	0.01926	0.17095	0.02579	0.20344	0.01345	0.01825	0.01906	0.01716	0.02412	0.02982	0.34457	0.03243	0.01638	0.00928	0.00294	0.00803	0.01482	0.00568	0.00990
8	0.01819	0.01461	0.02019	0.02471	0.20104	0.01497	0.01474	0.16090	0.02223	0.03025	0.03100	0.34514	0.03328	0.01687	0.00938	0.00290	0.00729	0.01514	0.00681	0.01033
9	0.02487	0.02771	0.02123	0.05527	0.06509	0.36268	0.01491	0.09891	0.02424	0.02656	0.10415	0.02931	0.08828	0.01106	0.00823	0.00237	0.01117	0.00839	0.00572	0.00987
10	0.01721	0.01594	0.01461	0.01371	0.01642	0.15953	0.01045	0.02012	0.01981	0.05785	0.20023	0.04360	0.13074	0.02884	0.20729	0.00573	0.01209	0.01104	0.00649	0.00833
11	0.09931	0.10912	0.02167	0.01641	0.01923	0.13903	0.01313	0.05658	0.01764	0.02377	0.02158	0.13649	0.04416	0.05661	0.01483	0.00314	0.18352	0.00972	0.00510	0.00895
12	0.02507	0.02815	0.01971	0.01827	0.02176	0.39819	0.01361	0.10390	0.02335	0.02472	0.02326	0.21392	0.02390	0.01378	0.00849	0.00254	0.01130	0.01089	0.00579	0.00938
13	0.01652	0.01249	0.01669	0.05851	0.02003	0.01434	0.01242	0.15232	0.01931	0.02680	0.02125	0.02912	0.01865	0.04711	0.48284	0.01024	0.01860	0.00848	0.00526	0.00903
14	0.01935	0.01560	0.01663	0.01488	0.01843	0.01757	0.01109	0.09700	0.39580	0.03125	0.03014	0.03656	0.02556	0.21206	0.01819	0.00429	0.00727	0.00996	0.00745	0.01091
15	0.02895	0.19822	0.02825	0.01971	0.02466	0.52352	0.01562	0.03122	0.02197	0.02015	0.01254	0.01459	0.01069	0.00822	0.00698	0.00205	0.01355	0.00514	0.00411	0.00987
16	0.01722	0.01615	0.02602	0.07263	0.43853	0.01599	0.01991	0.02134	0.01865	0.02541	0.03339	0.06948	0.16706	0.01164	0.00873	0.00261	0.00833	0.01063	0.00513	0.01116
17	0.01208	0.00805	0.00906	0.00906	0.00906	0.00805	0.00503	0.01208	0.01208	0.01611	0.02618	0.05436	0.03020	0.70804	0.04228	0.00805	0.00805	0.01208	0.00503	0.00503
18	0.02859	0.03429	0.02599	0.02828	0.17420	0.49542	0.01827	0.05430	0.02305	0.02317	0.01377	0.01649	0.01141	0.00834	0.00770	0.00223	0.01355	0.00592	0.00440	0.01064
19	0.02321	0.01757	0.01882	0.01562	0.02003	0.01933	0.01210	0.31294	0.17025	0.03803	0.02833	0.03408	0.05755	0.17534	0.01643	0.00390	0.00801	0.00959	0.00754	0.01135
20	0.01268	0.01010	0.01491	0.01444	0.01574	0.01233	0.01139	0.01550	0.01327	0.01938	0.02079	0.03077	0.01949	0.05613	0.59138	0.01210	0.10894	0.00869	0.00434	0.00763
21	0.01189	0.00841	0.01045	0.01147	0.01222	0.00822	0.00761	0.04987	0.01647	0.02198	0.03975	0.51356	0.04682	0.17949	0.01764	0.00438	0.00582	0.02001	0.00714	0.00682
22	0.02056	0.01974	0.03372	0.05099	0.65622	0.01974	0.02550	0.02550	0.01892	0.02714	0.01563	0.02056	0.01316	0.00740	0.00822	0.00247	0.00987	0.00740	0.00411	0.01316
23	0.02228	0.02024	0.02797	0.22796	0.27534	0.06130	0.02155	0.16196	0.04565	0.03097	0.01684	0.02092	0.01306	0.00846	0.00823	0.00255	0.01026	0.00736	0.00511	0.01200
24	0.01015	0.00755	0.00932	0.01070	0.01171	0.00687	0.00725	0.01168	0.01643	0.02125	0.05386	0.52419	0.19456	0.05828	0.01197	0.00347	0.00483	0.02162	0.00758	0.00673
