[name]
unknown

[dist]
# distance from previous block
# <min> <max>
0	1

[block]
# block no. 0 follows, 16 sequences, length 13
# corresponding to MSA columns:
# 1-13
name=unknown_A
#
# <colnr> <probs for GDERKNQSTAVLIFYWHMCP>
#	G	D	E	R	K	N	Q	S	T	A	V	L	I	F	Y	W	H	M	C	P
0	0.02181	0.02170	0.01918	0.01999	0.02305	0.19450	0.01655	0.02568	0.02386	0.02741	0.04038	0.08169	0.04275	0.02172	0.01199	0.00387	0.01150	0.37498	0.00774	0.00962
1	0.03539	0.03702	0.02825	0.02397	0.02968	0.34915	0.01878	0.24267	0.03360	0.03820	0.01804	0.01999	0.01405	0.01112	0.01075	0.00278	0.05919	0.00737	0.00677	0.01323
2	0.72785	0.01874	0.01425	0.01275	0.01874	0.02174	0.01050	0.02849	0.01649	0.04348	0.01350	0.01574	0.01050	0.00900	0.00600	0.00300	0.00750	0.00525	0.00600	0.01050
3	0.01172	0.00983	0.01019	0.01010	0.01326	0.00830	0.00758	0.01443	0.02273	0.02769	0.15698	0.09080	0.53526	0.02398	0.01145	0.00325	0.00487	0.02011	0.00920	0.00830
4	0.01830	0.01723	0.02907	0.63609	0.06675	0.02153	0.02692	0.02476	0.01938	0.02476	0.01723	0.02584	0.01292	0.00969	0.00969	0.00323	0.01292	0.00861	0.00431	0.01077
5	0.14091	0.01681	0.02132	0.01660	0.02389	0.01531	0.01371	0.04457	0.02614	0.52561	0.03471	0.03053	0.02207	0.01157	0.00921	0.00300	0.00814	0.00911	0.01114	0.01564
6	0.01178	0.00855	0.01112	0.01318	0.01398	0.00790	0.00886	0.01353	0.01886	0.02486	0.05722	0.60549	0.10922	0.02987	0.01229	0.00388	0.00556	0.02695	0.00900	0.00790
7	0.01422	0.00991	0.01317	0.01317	0.01425	0.01084	0.00930	0.01638	0.01530	0.02192	0.02814	0.04798	0.02862	0.30083	0.35489	0.01227	0.01801	0.01176	0.05147	0.00758
8	0.01219	0.00873	0.01159	0.01323	0.01414	0.00813	0.00903	0.01446	0.02034	0.02759	0.16223	0.53613	0.06961	0.02824	0.01218	0.00376	0.00541	0.02553	0.00933	0.00813
9	0.01404	0.00960	0.01158	0.01158	0.01193	0.00994	0.00713	0.01474	0.01439	0.01954	0.02962	0.05832	0.03302	0.54125	0.16444	0.01064	0.01273	0.01335	0.00574	0.00643
10	0.03417	0.02914	0.03008	0.03460	0.22582	0.22918	0.02119	0.03818	0.02568	0.20306	0.02317	0.02444	0.01697	0.01013	0.00934	0.00278	0.01261	0.00814	0.00705	0.01426
11	0.03151	0.02343	0.02560	0.02021	0.02703	0.02509	0.01635	0.43053	0.03903	0.05279	0.02692	0.11259	0.02304	0.01383	0.00981	0.00290	0.00958	0.01109	0.00918	0.08951
12	0.02724	0.01903	0.02367	0.02313	0.09990	0.01976	0.01611	0.19262	0.09852	0.12001	0.20515	0.04158	0.04237	0.01402	0.01025	0.00301	0.00819	0.01187	0.00967	0.01390

[dist]
# distance from previous block
# <min> <max>
0	2

[block]
# block no. 1 follows, 16 sequences, length 23
# corresponding to MSA columns:
# 16-38
name=unknown_B
#
# <colnr> <probs for GDERKNQSTAVLIFYWHMCP>
#	G	D	E	R	K	N	Q	S	T	A	V	L	I	F	Y	W	H	M	C	P
0	0.24829	0.24361	0.02822	0.01465	0.02149	0.02505	0.01293	0.03015	0.05520	0.06504	0.01860	0.02030	0.01491	0.00916	0.00675	0.00243	0.00825	0.00624	0.06923	0.09950
1	0.31118	0.10619	0.02193	0.01605	0.02142	0.10797	0.01291	0.03242	0.12073	0.03530	0.05764	0.02689	0.02161	0.05871	0.01068	0.00334	0.00928	0.00787	0.00661	0.01130
2	0.23615	0.11581	0.12300	0.02144	0.02934	0.15629	0.05607	0.09805	0.02400	0.03572	0.01608	0.01851	0.01250	0.00943	0.00798	0.00279	0.01216	0.00662	0.00561	0.01245
3	0.02137	0.01823	0.02403	0.02072	0.02327	0.02254	0.01691	0.11872	0.02095	0.03034	0.01953	0.02740	0.01752	0.03486	0.23216	0.00778	0.27270	0.00901	0.00565	0.05631
4	0.03267	0.16953	0.03038	0.02019	0.02654	0.22377	0.01651	0.08487	0.09974	0.13572	0.05071	0.02547	0.02096	0.01101	0.00873	0.00266	0.01174	0.00803	0.00740	0.01335
5	0.01215	0.00868	0.01164	0.01389	0.01460	0.00817	0.00959	0.01408	0.01889	0.02512	0.05323	0.60437	0.06336	0.03004	0.01246	0.00398	0.00592	0.07288	0.00899	0.00797
6	0.01207	0.00984	0.01067	0.01046	0.01347	0.00844	0.00785	0.01509	0.02354	0.02961	0.23211	0.08763	0.45893	0.02327	0.01145	0.00321	0.00482	0.01966	0.00945	0.00844
7	0.01385	0.01038	0.01558	0.01558	0.01731	0.01211	0.01211	0.01731	0.01558	0.02250	0.02596	0.03808	0.02423	0.07269	0.62098	0.01558	0.02596	0.01038	0.00519	0.00865
8	0.02192	0.03421	0.27102	0.03276	0.11252	0.02340	0.14557	0.03571	0.15772	0.03329	0.02335	0.02599	0.01742	0.00987	0.00991	0.00314	0.01278	0.00921	0.00577	0.01443
9	0.02242	0.02142	0.03650	0.21898	0.45172	0.02261	0.02896	0.02837	0.02132	0.02976	0.01795	0.02450	0.01468	0.00893	0.00962	0.00298	0.01190	0.00863	0.00466	0.01408
10	0.01833	0.01702	0.02392	0.22545	0.03643	0.02114	0.01923	0.02527	0.08989	0.02646	0.03405	0.03890	0.12140	0.01924	0.05832	0.00438	0.19282	0.01114	0.00591	0.01069
11	0.01409	0.00940	0.01057	0.01057	0.01057	0.00940	0.00587	0.01409	0.01409	0.01879	0.03054	0.06342	0.03524	0.65938	0.04933	0.00940	0.00940	0.01409	0.00587	0.00587
12	0.01659	0.01327	0.01546	0.01372	0.01782	0.01200	0.01006	0.02264	0.09328	0.02998	0.10711	0.17262	0.08236	0.11005	0.01556	0.00369	0.00675	0.01474	0.00783	0.23448
13	0.03625	0.04489	0.02758	0.02479	0.02997	0.58003	0.01871	0.07486	0.02871	0.02628	0.01555	0.01787	0.01276	0.01010	0.00880	0.00253	0.01701	0.00641	0.00532	0.01160
14	0.01313	0.00997	0.01214	0.01184	0.01444	0.00898	0.00904	0.01701	0.02534	0.03406	0.39448	0.08182	0.25131	0.02185	0.01158	0.00322	0.00500	0.05599	0.01000	0.00882
15	0.01944	0.05013	0.60917	0.02762	0.04195	0.02251	0.03581	0.03069	0.02046	0.03069	0.01739	0.02046	0.01228	0.00921	0.00921	0.00307	0.01432	0.00716	0.00409	0.01432
16	0.01339	0.01000	0.01251	0.01218	0.01468	0.00911	0.00933	0.01749	0.02581	0.03521	0.43676	0.08027	0.19846	0.02147	0.01161	0.00322	0.00504	0.06439	0.01015	0.00891
17	0.01724	0.00930	0.01032	0.01032	0.01247	0.00964	0.00783	0.02155	0.01939	0.03345	0.03050	0.03652	0.02472	0.02337	0.12758	0.00488	0.00873	0.00930	0.57394	0.00896
18	0.04113	0.01597	0.02174	0.01684	0.02393	0.01384	0.01384	0.04494	0.02772	0.56072	0.08227	0.03611	0.02934	0.01262	0.00988	0.00300	0.00796	0.01036	0.01189	0.01591
19	0.02142	0.02041	0.03470	0.32018	0.35833	0.02235	0.02847	0.02749	0.02085	0.02854	0.01778	0.02483	0.01425	0.00911	0.00964	0.00304	0.01215	0.00863	0.00458	0.01328
20	0.03246	0.02492	0.02509	0.02000	0.02614	0.06959	0.01596	0.41578	0.03828	0.05098	0.02421	0.02902	0.01924	0.09609	0.01459	0.00368	0.01056	0.00927	0.05998	0.01417
21	0.01500	0.01108	0.01353	0.01307	0.01557	0.01057	0.00968	0.06559	0.02612	0.03558	0.33946	0.21234	0.15096	0.02233	0.01151	0.00328	0.00542	0.01960	0.00993	0.00935
22	0.02288	0.02614	0.05719	0.04085	0.05065	0.02451	0.56373	0.03105	0.02288	0.03105	0.01961	0.02614	0.01471	0.00817	0.01144	0.00327	0.01634	0.01144	0.00490	0.01307

[dist]
# distance from previous block
# <min> <max>
0	1

[block]
# block no. 2 follows, 16 sequences, length 25
# corresponding to MSA columns:
# 40-64
name=unknown_C
#
# <colnr> <probs for GDERKNQSTAVLIFYWHMCP>
#	G	D	E	R	K	N	Q	S	T	A	V	L	I	F	Y	W	H	M	C	P
0	0.02738	0.09275	0.22210	0.02296	0.03175	0.15274	0.02291	0.03933	0.16557	0.09197	0.02435	0.02471	0.01799	0.01060	0.00907	0.00291	0.01232	0.00803	0.00660	0.01398
1	0.02273	0.01621	0.02154	0.01897	0.02134	0.01892	0.01509	0.07217	0.02252	0.12153	0.12241	0.17599	0.03950	0.01924	0.01858	0.00366	0.23578	0.01455	0.00809	0.01119
2	0.02944	0.17122	0.03329	0.02313	0.02749	0.27719	0.01900	0.06514	0.02307	0.02575	0.01449	0.01856	0.01280	0.01185	0.01529	0.00296	0.20596	0.00685	0.00488	0.01163
3	0.01385	0.01038	0.01558	0.01558	0.01731	0.01211	0.01211	0.01731	0.01558	0.02250	0.02596	0.03808	0.02423	0.07269	0.62098	0.01558	0.02596	0.01038	0.00519	0.00865
4	0.01323	0.00989	0.01229	0.01169	0.01418	0.00894	0.00876	0.01735	0.02629	0.03616	0.48799	0.07686	0.19896	0.02082	0.01144	0.00310	0.00464	0.01815	0.01031	0.00894
5	0.03620	0.04619	0.02747	0.02497	0.02996	0.62047	0.01873	0.03870	0.02747	0.02372	0.01498	0.01748	0.01248	0.00999	0.00874	0.00250	0.01748	0.00624	0.00499	0.01124
6	0.01269	0.00980	0.01149	0.01171	0.01413	0.00877	0.00877	0.01576	0.02292	0.02971	0.23366	0.14751	0.30860	0.05612	0.01364	0.00370	0.00549	0.06782	0.00933	0.00839
7	0.01875	0.01392	0.01640	0.01482	0.01809	0.01374	0.01076	0.12193	0.02264	0.03122	0.03344	0.22578	0.03589	0.17855	0.07657	0.00572	0.00966	0.01541	0.00747	0.12922
8	0.02460	0.02775	0.09710	0.04935	0.43602	0.07601	0.02807	0.03267	0.07446	0.03168	0.01983	0.02417	0.01610	0.00924	0.00950	0.00290	0.01198	0.00848	0.00521	0.01488
9	0.01312	0.01341	0.07500	0.01483	0.01748	0.00988	0.01226	0.01646	0.02043	0.02741	0.11175	0.41338	0.12043	0.02603	0.01192	0.00372	0.00665	0.06838	0.00865	0.00882
10	0.02406	0.02254	0.03776	0.17466	0.37600	0.02360	0.07768	0.08576	0.02407	0.03328	0.01868	0.02450	0.01490	0.00913	0.00980	0.00299	0.01217	0.00890	0.00522	0.01430
11	0.03309	0.04029	0.03049	0.03376	0.17489	0.46829	0.02153	0.03642	0.02609	0.02574	0.01581	0.01914	0.01321	0.00964	0.00896	0.00259	0.01596	0.00685	0.00494	0.01228
12	0.01282	0.00987	0.01172	0.01126	0.01393	0.00877	0.00844	0.01656	0.02533	0.03386	0.39832	0.08063	0.29006	0.02168	0.01144	0.00314	0.00471	0.01868	0.01001	0.00877
13	0.06267	0.09435	0.53141	0.02590	0.03927	0.02365	0.03284	0.03044	0.02017	0.03087	0.01686	0.01981	0.01218	0.00913	0.00879	0.00299	0.01362	0.00690	0.00421	0.01395
14	0.02042	0.14928	0.29377	0.02368	0.03303	0.02432	0.05909	0.02968	0.06909	0.02843	0.01993	0.02424	0.01597	0.02011	0.11004	0.00503	0.04817	0.00801	0.00485	0.01287
15	0.01174	0.00870	0.01097	0.01278	0.01387	0.00793	0.00868	0.01358	0.01924	0.02502	0.06213	0.54415	0.16739	0.02923	0.01219	0.00381	0.00548	0.02617	0.00900	0.00793
16	0.01162	0.00919	0.01047	0.01149	0.01353	0.00804	0.00811	0.01372	0.02049	0.02553	0.07786	0.34736	0.35402	0.02719	0.01187	0.00357	0.00523	0.02368	0.00900	0.00804
17	0.02357	0.02236	0.03672	0.09850	0.49819	0.02303	0.02801	0.03168	0.08119	0.03209	0.02041	0.02542	0.01668	0.00919	0.00963	0.00295	0.01121	0.00888	0.00530	0.01501
18	0.02696	0.03985	0.31767	0.02864	0.08892	0.07797	0.02813	0.20397	0.02932	0.03996	0.01915	0.02143	0.01394	0.01001	0.00936	0.00295	0.01316	0.00772	0.00604	0.01484
19	0.02288	0.02614	0.05719	0.04085	0.05065	0.02451	0.56373	0.03105	0.02288	0.03105	0.01961	0.02614	0.01471	0.00817	0.01144	0.00327	0.01634	0.01144	0.00490	0.01307
20	0.01280	0.01099	0.01110	0.01087	0.01438	0.00987	0.00821	0.01790	0.08141	0.02771	0.09195	0.08722	0.53503	0.02334	0.01129	0.00327	0.00520	0.01945	0.00909	0.00894
21	0.01160	0.00982	0.01002	0.00997	0.01318	0.00824	0.00748	0.01419	0.02243	0.02698	0.12944	0.09196	0.56324	0.02425	0.01145	0.00326	0.00489	0.02027	0.00911	0.00824
22	0.02927	0.17138	0.03626	0.06573	0.20633	0.27898	0.02209	0.03312	0.02370	0.02603	0.01578	0.01951	0.01338	0.00919	0.00851	0.00256	0.01386	0.00688	0.00471	0.01274
23	0.02077	0.01970	0.03289	0.26289	0.35237	0.02111	0.02664	0.02647	0.02110	0.02866	0.02531	0.03111	0.06845	0.01050	0.00980	0.00304	0.01141	0.00973	0.00501	0.01303
24	0.02739	0.02928	0.15528	0.18270	0.08463	0.02572	0.02520	0.27236	0.03170	0.04305	0.02008	0.02337	0.01458	0.01039	0.00958	0.00302	0.01209	0.00835	0.00674	0.01447

[dist]
# distance from previous block
# <min> <max>
0	1

[block]
# block no. 3 follows, 16 sequences, length 51
# corresponding to MSA columns:
# 66-116
name=unknown_D
#
# <colnr> <probs for GDERKNQSTAVLIFYWHMCP>
#	G	D	E	R	K	N	Q	S	T	A	V	L	I	F	Y	W	H	M	C	P
0	0.02201	0.12346	0.26349	0.03253	0.04382	0.02567	0.28996	0.03063	0.02153	0.02977	0.01793	0.02255	0.01348	0.00858	0.00988	0.00303	0.01476	0.00897	0.00449	0.01345
1	0.02513	0.20888	0.27848	0.02315	0.03280	0.17970	0.02483	0.03161	0.02246	0.02729	0.04859	0.02136	0.01689	0.00977	0.00843	0.00266	0.01354	0.00699	0.00471	0.01274
2	0.01678	0.01456	0.05721	0.01645	0.05348	0.01189	0.01260	0.02265	0.05559	0.07198	0.34917	0.06553	0.17737	0.01848	0.01097	0.00310	0.00617	0.01599	0.00954	0.01051
3	0.15778	0.22462	0.05502	0.01527	0.02007	0.02271	0.01358	0.02343	0.01689	0.02668	0.01660	0.02254	0.01484	0.01987	0.05887	0.17777	0.04270	0.00689	0.05431	0.00955
4	0.02704	0.02570	0.06632	0.02020	0.02640	0.10203	0.01685	0.11361	0.29203	0.07655	0.06969	0.03588	0.05837	0.01318	0.00982	0.00308	0.00958	0.01058	0.00890	0.01418
5	0.01843	0.01712	0.02436	0.02172	0.02238	0.02306	0.01778	0.02106	0.01512	0.02301	0.01772	0.02757	0.01706	0.03798	0.25403	0.00852	0.40942	0.00920	0.00460	0.00987
6	0.02827	0.18440	0.11287	0.03213	0.19144	0.02910	0.02345	0.21379	0.02934	0.03947	0.01869	0.02123	0.01463	0.00965	0.00876	0.00272	0.01131	0.00763	0.00623	0.01490
7	0.05950	0.03876	0.24706	0.03186	0.11341	0.16858	0.10062	0.03382	0.05934	0.03045	0.01848	0.02179	0.01413	0.00943	0.00934	0.00294	0.01422	0.00788	0.00499	0.01342
8	0.01406	0.00954	0.01132	0.01132	0.01158	0.00980	0.00681	0.01458	0.01432	0.01935	0.02985	0.05963	0.03359	0.57162	0.13484	0.01032	0.01187	0.01354	0.00577	0.00629
9	0.01223	0.00942	0.01118	0.01165	0.01380	0.00837	0.00839	0.01507	0.02257	0.02947	0.23010	0.26023	0.28274	0.02495	0.01173	0.00341	0.00503	0.02179	0.00949	0.00837
10	0.02098	0.08749	0.37616	0.03020	0.04180	0.02476	0.17551	0.03012	0.02064	0.02966	0.01735	0.02168	0.01298	0.00943	0.01125	0.00313	0.06070	0.00826	0.00433	0.01357
11	0.01181	0.00843	0.01125	0.01350	0.01406	0.00787	0.00900	0.01350	0.01856	0.02474	0.05342	0.65306	0.06410	0.03036	0.01237	0.00394	0.00562	0.02755	0.00900	0.00787
12	0.03620	0.04619	0.02747	0.02497	0.02996	0.62047	0.01873	0.03870	0.02747	0.02372	0.01498	0.01748	0.01248	0.00999	0.00874	0.00250	0.01748	0.00624	0.00499	0.01124
13	0.02167	0.02066	0.03514	0.29505	0.38151	0.02242	0.02859	0.02771	0.02097	0.02884	0.01782	0.02474	0.01436	0.00907	0.00963	0.00302	0.01209	0.00863	0.00460	0.01348
14	0.02411	0.02082	0.02192	0.01972	0.02520	0.02411	0.01534	0.05150	0.58142	0.04054	0.03945	0.03616	0.02959	0.01315	0.00986	0.00329	0.00767	0.01096	0.00986	0.01534
15	0.01182	0.00973	0.01039	0.01043	0.01337	0.00830	0.00774	0.01454	0.02264	0.02798	0.16919	0.12940	0.48244	0.02425	0.01152	0.00329	0.00491	0.02051	0.00925	0.00830
16	0.03040	0.02094	0.02221	0.01775	0.02362	0.02285	0.01443	0.38006	0.03691	0.05253	0.02613	0.02768	0.01935	0.01152	0.00869	0.00269	0.00856	0.00883	0.25093	0.01393
17	0.01807	0.00903	0.00903	0.00903	0.01129	0.00903	0.00678	0.02258	0.02033	0.03613	0.03162	0.03613	0.02484	0.01129	0.00678	0.00226	0.00452	0.00903	0.71319	0.00903
18	0.01440	0.01119	0.01663	0.01631	0.01791	0.01343	0.01279	0.01776	0.01552	0.02256	0.02497	0.03682	0.02337	0.06853	0.57696	0.01473	0.07195	0.01024	0.00512	0.00880
19	0.03246	0.02577	0.03003	0.03082	0.16758	0.06514	0.02048	0.29418	0.10893	0.08876	0.02476	0.02550	0.01825	0.01102	0.00963	0.00293	0.01074	0.00891	0.00839	0.01571
20	0.01230	0.00957	0.01118	0.01136	0.01376	0.00845	0.00830	0.01533	0.02322	0.03025	0.25926	0.19711	0.31706	0.02408	0.01163	0.00333	0.00494	0.02086	0.00957	0.00845
21	0.02021	0.02161	0.06819	0.29298	0.12091	0.02482	0.02575	0.02528	0.01812	0.02553	0.01570	0.02352	0.01313	0.01222	0.01786	0.00355	0.24625	0.00847	0.00433	0.01155
22	0.01506	0.01030	0.01280	0.01194	0.01479	0.00923	0.00904	0.01906	0.02615	0.07180	0.43777	0.07498	0.20982	0.02047	0.01133	0.00310	0.00489	0.01775	0.01035	0.00938
23	0.02399	0.02303	0.03934	0.05949	0.59893	0.02303	0.02974	0.02974	0.02207	0.03166	0.01823	0.02399	0.01535	0.00864	0.00960	0.00288	0.01151	0.00864	0.00480	0.01535
24	0.03620	0.04619	0.02747	0.02497	0.02996	0.62047	0.01873	0.03870	0.02747	0.02372	0.01498	0.01748	0.01248	0.00999	0.00874	0.00250	0.01748	0.00624	0.00499	0.01124
25	0.02399	0.02303	0.03934	0.05949	0.59893	0.02303	0.02974	0.02974	0.02207	0.03166	0.01823	0.02399	0.01535	0.00864	0.00960	0.00288	0.01151	0.00864	0.00480	0.01535
26	0.01230	0.00993	0.01100	0.01097	0.01393	0.00863	0.00838	0.01542	0.02342	0.02950	0.21656	0.08928	0.43322	0.02354	0.01159	0.00330	0.00511	0.05603	0.00940	0.00847
27	0.01282	0.00932	0.01208	0.01255	0.01423	0.00858	0.00897	0.01613	0.02360	0.03251	0.34984	0.30203	0.11270	0.02426	0.01180	0.00341	0.00501	0.02166	0.00991	0.00858
28	0.01671	0.01205	0.01616	0.01538	0.01743	0.01394	0.01196	0.05876	0.01841	0.02737	0.02606	0.03701	0.02363	0.08810	0.40593	0.01141	0.06085	0.01013	0.11944	0.00926
29	0.02010	0.01723	0.02010	0.01436	0.02297	0.01292	0.01148	0.02440	0.02010	0.03158	0.01723	0.02010	0.01436	0.00718	0.00718	0.00144	0.00718	0.00574	0.00574	0.71863
30	0.01409	0.00940	0.01057	0.01057	0.01057	0.00940	0.00587	0.01409	0.01409	0.01879	0.03054	0.06342	0.03524	0.65938	0.04933	0.00940	0.00940	0.01409	0.00587	0.00587
31	0.01211	0.00856	0.01116	0.01310	0.01359	0.00808	0.00858	0.01358	0.01796	0.02395	0.05036	0.57428	0.06025	0.11440	0.01731	0.00467	0.00613	0.02575	0.00858	0.00761
32	0.01231	0.00865	0.01110	0.01285	0.01329	0.00821	0.00831	0.01363	0.01758	0.02343	0.04839	0.52351	0.05776	0.16856	0.02049	0.00514	0.00645	0.02460	0.00831	0.00743
33	0.13588	0.01299	0.01625	0.01845	0.06153	0.01324	0.01398	0.02147	0.02232	0.03343	0.15357	0.07875	0.08709	0.02089	0.01134	0.00374	0.00775	0.26919	0.00847	0.00967
34	0.02092	0.02240	0.07939	0.33173	0.30142	0.02227	0.02888	0.02745	0.02066	0.02830	0.01769	0.02459	0.01395	0.00918	0.00961	0.00306	0.01241	0.00851	0.00451	0.01309
35	0.07702	0.02210	0.03269	0.19590	0.29909	0.02404	0.02520	0.14240	0.02596	0.03701	0.01870	0.02370	0.01461	0.00957	0.00938	0.00298	0.01140	0.00840	0.00580	0.01406
36	0.20903	0.03346	0.06421	0.05934	0.11494	0.27689	0.01981	0.06065	0.02390	0.03239	0.01579	0.01894	0.01262	0.00955	0.00830	0.00278	0.01324	0.00666	0.00537	0.01211
37	0.08382	0.03022	0.02954	0.06851	0.14143	0.18625	0.02065	0.24699	0.03236	0.04175	0.01897	0.02146	0.01452	0.01029	0.00915	0.00282	0.01257	0.00778	0.00687	0.01405
38	0.01391	0.00932	0.01062	0.01080	0.01085	0.00928	0.00612	0.01405	0.01445	0.01926	0.03234	0.10993	0.03751	0.60977	0.04642	0.00897	0.00910	0.01516	0.00612	0.00603
39	0.01333	0.01067	0.01158	0.01153	0.01448	0.00961	0.00854	0.04990	0.02330	0.02908	0.12086	0.19880	0.41472	0.02452	0.01152	0.00336	0.00540	0.02090	0.00917	0.00873
40	0.01237	0.00887	0.01175	0.01311	0.01418	0.00825	0.00904	0.01491	0.02118	0.02891	0.21286	0.48174	0.07217	0.02725	0.01209	0.00367	0.00531	0.02460	0.00949	0.00825
41	0.01240	0.00967	0.01125	0.01125	0.01377	0.00852	0.00829	0.01559	0.02374	0.03103	0.28899	0.15977	0.32414	0.02344	0.01157	0.00327	0.00487	0.02024	0.00966	0.00852
42	0.01735	0.01439	0.01574	0.01461	0.01851	0.01505	0.01119	0.03074	0.25495	0.03585	0.21978	0.06351	0.21297	0.01844	0.01079	0.00321	0.00595	0.01567	0.00985	0.01143
43	0.01181	0.00843	0.01125	0.01350	0.01406	0.00787	0.00900	0.01350	0.01856	0.02474	0.05342	0.65306	0.06410	0.03036	0.01237	0.00394	0.00562	0.02755	0.00900	0.00787
44	0.01181	0.00843	0.01125	0.01350	0.01406	0.00787	0.00900	0.01350	0.01856	0.02474	0.05342	0.65306	0.06410	0.03036	0.01237	0.00394	0.00562	0.02755	0.00900	0.00787
45	0.01275	0.00964	0.01276	0.01408	0.01484	0.00986	0.00981	0.01456	0.01801	0.02419	0.04990	0.48671	0.09039	0.07123	0.06397	0.00517	0.05239	0.02355	0.00817	0.00802
46	0.01371	0.01054	0.01296	0.01416	0.01687	0.00979	0.01183	0.01725	0.02221	0.02771	0.07282	0.10196	0.30318	0.02575	0.01250	0.00392	0.00708	0.29821	0.00896	0.00858
47	0.02327	0.41452	0.27837	0.02108	0.03183	0.03189	0.02442	0.02970	0.02001	0.02602	0.01507	0.01755	0.01237	0.00867	0.00744	0.00248	0.01198	0.00599	0.00412	0.01321
48	0.12074	0.31875	0.03638	0.01964	0.02588	0.23676	0.01688	0.03187	0.02160	0.02586	0.01394	0.01666	0.01222	0.00962	0.00897	0.00250	0.05961	0.00580	0.00469	0.01163
49	0.02155	0.01911	0.05273	0.04765	0.02451	0.05329	0.01475	0.07110	0.12474	0.06907	0.06128	0.19880	0.03541	0.02044	0.04967	0.00390	0.00960	0.01419	0.00807	0.10012
50	0.08225	0.07760	0.02861	0.02576	0.07339	0.41408	0.01862	0.07114	0.06767	0.02928	0.01737	0.01949	0.01408	0.01004	0.00860	0.00262	0.01471	0.00680	0.00565	0.01222

[dist]
# distance from previous block
# <min> <max>
7	17

[block]
# block no. 4 follows, 16 sequences, length 32
# corresponding to MSA columns:
# 134-165
name=unknown_E
#
# <colnr> <probs for GDERKNQSTAVLIFYWHMCP>
#	G	D	E	R	K	N	Q	S	T	A	V	L	I	F	Y	W	H	M	C	P
0	0.02430	0.02391	0.11529	0.17363	0.28129	0.02050	0.02648	0.03064	0.02239	0.11439	0.05557	0.02813	0.02023	0.01012	0.00969	0.00301	0.01133	0.00912	0.00599	0.01398
1	0.14308	0.04220	0.07004	0.02326	0.02913	0.48095	0.01875	0.03649	0.02521	0.02735	0.01493	0.01744	0.01216	0.00977	0.00835	0.00262	0.01568	0.00616	0.00508	0.01136
2	0.03680	0.04276	0.02718	0.02421	0.02957	0.53830	0.01836	0.07123	0.02858	0.07064	0.01727	0.01902	0.01361	0.01024	0.00887	0.00256	0.01636	0.00666	0.00582	0.01196
3	0.03333	0.02303	0.02408	0.02000	0.02651	0.07117	0.01597	0.16048	0.26368	0.20376	0.03362	0.03096	0.02378	0.01224	0.00970	0.00306	0.00928	0.00975	0.01003	0.01558
4	0.02725	0.07983	0.08844	0.02095	0.02686	0.33028	0.01770	0.03291	0.07318	0.02641	0.03523	0.03566	0.13973	0.01320	0.00930	0.00277	0.01307	0.00975	0.00612	0.01136
5	0.02399	0.02303	0.03934	0.05949	0.59893	0.02303	0.02974	0.02974	0.02207	0.03166	0.01823	0.02399	0.01535	0.00864	0.00960	0.00288	0.01151	0.00864	0.00480	0.01535
6	0.01181	0.00843	0.01125	0.01350	0.01406	0.00787	0.00900	0.01350	0.01856	0.02474	0.05342	0.65306	0.06410	0.03036	0.01237	0.00394	0.00562	0.02755	0.00900	0.00787
7	0.01245	0.00870	0.01106	0.01267	0.01308	0.00830	0.00812	0.01366	0.01730	0.02307	0.04700	0.48755	0.05600	0.20693	0.02275	0.00547	0.00668	0.02378	0.00812	0.00731
8	0.01385	0.01038	0.01558	0.01558	0.01731	0.01211	0.01211	0.01731	0.01558	0.02250	0.02596	0.03808	0.02423	0.07269	0.62098	0.01558	0.02596	0.01038	0.00519	0.00865
9	0.01385	0.01038	0.01558	0.01558	0.01731	0.01211	0.01211	0.01731	0.01558	0.02250	0.02596	0.03808	0.02423	0.07269	0.62098	0.01558	0.02596	0.01038	0.00519	0.00865
10	0.03620	0.04619	0.02747	0.02497	0.02996	0.62047	0.01873	0.03870	0.02747	0.02372	0.01498	0.01748	0.01248	0.00999	0.00874	0.00250	0.01748	0.00624	0.00499	0.01124
11	0.01380	0.00927	0.01066	0.01095	0.01103	0.00920	0.00628	0.01402	0.01468	0.01957	0.03353	0.14059	0.03901	0.57706	0.04449	0.00868	0.00890	0.01586	0.00628	0.00613
12	0.01472	0.01087	0.01437	0.01612	0.01857	0.01051	0.01384	0.01875	0.02226	0.02840	0.06144	0.10586	0.17221	0.02629	0.01297	0.00421	0.00806	0.42286	0.00894	0.00876
13	0.08161	0.07610	0.03536	0.06836	0.06737	0.24519	0.13212	0.03184	0.02232	0.02715	0.01570	0.02050	0.01302	0.01041	0.01263	0.00301	0.11295	0.00781	0.00482	0.01175
14	0.02665	0.48558	0.12233	0.01938	0.02797	0.12725	0.01951	0.03076	0.02101	0.02401	0.01424	0.01651	0.01242	0.00868	0.00702	0.00227	0.01201	0.00561	0.00427	0.01250
15	0.01384	0.00946	0.01151	0.01234	0.01281	0.00934	0.00807	0.01490	0.01634	0.02167	0.03873	0.19793	0.04468	0.42462	0.03573	0.00745	0.00851	0.09826	0.00702	0.00678
16	0.01181	0.00843	0.01125	0.01350	0.01406	0.00787	0.00900	0.01350	0.01856	0.02474	0.05342	0.65306	0.06410	0.03036	0.01237	0.00394	0.00562	0.02755	0.00900	0.00787
17	0.03218	0.03457	0.02583	0.02276	0.02835	0.32488	0.01752	0.12562	0.21910	0.03530	0.02462	0.02475	0.01894	0.01132	0.00927	0.00283	0.01307	0.00824	0.00739	0.01346
18	0.01387	0.01030	0.01514	0.01514	0.01672	0.01188	0.01157	0.01703	0.01545	0.02218	0.02636	0.04028	0.02519	0.12372	0.57125	0.01504	0.02452	0.01071	0.00525	0.00841
19	0.01290	0.01009	0.01182	0.01201	0.01479	0.00902	0.00942	0.01635	0.02372	0.03047	0.23673	0.09004	0.34589	0.02355	0.01180	0.00343	0.00555	0.11435	0.00948	0.00861
20	0.02072	0.04251	0.44896	0.03658	0.19854	0.02265	0.03410	0.03043	0.02091	0.03097	0.01763	0.02145	0.01314	0.00905	0.00932	0.00302	0.01353	0.00758	0.00429	0.01461
21	0.26935	0.02824	0.02198	0.01922	0.02510	0.19190	0.01512	0.12062	0.14933	0.04003	0.02119	0.02193	0.01622	0.01061	0.00820	0.00291	0.01084	0.00734	0.00715	0.01271
22	0.02509	0.12725	0.03135	0.03215	0.21944	0.19360	0.01969	0.02878	0.02325	0.02682	0.03382	0.03576	0.13924	0.01241	0.00922	0.00273	0.01162	0.00996	0.00566	0.01217
23	0.02078	0.01319	0.01652	0.01638	0.01975	0.01323	0.01333	0.02804	0.11207	0.11942	0.04864	0.07803	0.09072	0.10726	0.01692	0.00461	0.00833	0.25297	0.00915	0.01067
24	0.08484	0.01825	0.01784	0.01770	0.05665	0.10741	0.01241	0.02683	0.02353	0.13439	0.13290	0.09004	0.15787	0.06160	0.01283	0.00349	0.00844	0.01374	0.00843	0.01081
25	0.02210	0.02172	0.03399	0.31973	0.32424	0.05665	0.02783	0.02799	0.02116	0.02807	0.01759	0.02446	0.01408	0.00919	0.00959	0.00302	0.01250	0.00849	0.00459	0.01303
26	0.01972	0.01910	0.02379	0.22968	0.03683	0.09975	0.01923	0.02337	0.01817	0.02319	0.01884	0.02793	0.01651	0.03151	0.20003	0.05364	0.11552	0.00880	0.00465	0.00974
27	0.10405	0.15930	0.02862	0.02255	0.10026	0.07382	0.01607	0.03318	0.05867	0.16353	0.02796	0.12198	0.02451	0.01319	0.00889	0.00290	0.00942	0.01068	0.00747	0.01294
28	0.03051	0.02744	0.03265	0.06863	0.03469	0.11960	0.10743	0.22115	0.06688	0.07065	0.02134	0.02409	0.01605	0.01155	0.01295	0.00314	0.10133	0.00894	0.00717	0.01381
29	0.01917	0.01445	0.01751	0.01576	0.01726	0.01676	0.01163	0.09692	0.01985	0.02834	0.02701	0.08266	0.02784	0.28447	0.06422	0.00656	0.14575	0.01224	0.08255	0.00905
30	0.01658	0.01219	0.01433	0.01359	0.01612	0.01180	0.00966	0.08973	0.02304	0.03121	0.13005	0.25285	0.09809	0.15973	0.01937	0.00459	0.00701	0.01825	0.00843	0.06337
31	0.01859	0.01605	0.01507	0.01508	0.01763	0.09372	0.01108	0.02503	0.10800	0.02859	0.04247	0.19381	0.08594	0.08737	0.04775	0.00454	0.00901	0.04919	0.12146	0.00962

[dist]
# distance from previous block
# <min> <max>
5	14

[block]
# block no. 5 follows, 16 sequences, length 24
# corresponding to MSA columns:
# 180-203
name=unknown_F
#
# <colnr> <probs for GDERKNQSTAVLIFYWHMCP>
#	G	D	E	R	K	N	Q	S	T	A	V	L	I	F	Y	W	H	M	C	P
0	0.01569	0.01350	0.05855	0.01433	0.01798	0.01052	0.01234	0.01979	0.02344	0.06874	0.20397	0.13753	0.21508	0.02235	0.01166	0.00349	0.00667	0.12555	0.00925	0.00958
1	0.01218	0.00902	0.01108	0.01223	0.01357	0.00825	0.00836	0.01425	0.02007	0.02631	0.13023	0.39803	0.18480	0.08603	0.01547	0.00418	0.00568	0.02343	0.00892	0.00792
2	0.02213	0.02431	0.04870	0.08552	0.04626	0.02544	0.39779	0.02879	0.02078	0.02879	0.01786	0.02500	0.01411	0.01028	0.01590	0.00348	0.15727	0.01054	0.00470	0.01233
3	0.02399	0.02303	0.03934	0.05949	0.59893	0.02303	0.02974	0.02974	0.02207	0.03166	0.01823	0.02399	0.01535	0.00864	0.00960	0.00288	0.01151	0.00864	0.00480	0.01535
4	0.01245	0.00936	0.01040	0.01091	0.01244	0.00853	0.00722	0.01388	0.01853	0.02331	0.06472	0.20938	0.28183	0.24505	0.02474	0.00554	0.00662	0.01986	0.00792	0.00731
5	0.06200	0.02078	0.02811	0.20217	0.16657	0.02356	0.02188	0.08556	0.21632	0.03616	0.02548	0.02820	0.01942	0.01079	0.00953	0.00313	0.01029	0.00925	0.00693	0.01390
6	0.03001	0.03127	0.02725	0.02759	0.10878	0.24627	0.01898	0.10131	0.23633	0.03533	0.02554	0.02605	0.01975	0.01117	0.00939	0.00289	0.01220	0.00863	0.00732	0.01394
7	0.01571	0.01282	0.01776	0.02258	0.14638	0.01210	0.01376	0.01963	0.02271	0.03071	0.15660	0.10847	0.23157	0.01973	0.01096	0.00325	0.00682	0.07628	0.06206	0.01011
8	0.25253	0.01190	0.01225	0.01324	0.01563	0.01254	0.00950	0.01854	0.01786	0.03104	0.04000	0.43880	0.04608	0.02318	0.01023	0.00362	0.00625	0.02005	0.00799	0.00875
9	0.02591	0.66522	0.05079	0.01658	0.02488	0.03835	0.01658	0.02902	0.01969	0.02280	0.01347	0.01555	0.01244	0.00829	0.00622	0.00207	0.01036	0.00518	0.00415	0.01244
10	0.03090	0.01634	0.02048	0.01685	0.02249	0.01612	0.01364	0.14152	0.02782	0.28098	0.04091	0.04070	0.10339	0.02741	0.14801	0.00586	0.01227	0.01120	0.00957	0.01354
11	0.01385	0.01038	0.01558	0.01558	0.01731	0.01211	0.01211	0.01731	0.01558	0.02250	0.02596	0.03808	0.02423	0.07269	0.62098	0.01558	0.02596	0.01038	0.00519	0.00865
12	0.01166	0.00983	0.01011	0.01004	0.01322	0.00827	0.00753	0.01432	0.02259	0.02736	0.14414	0.09134	0.54831	0.02411	0.01145	0.00325	0.00488	0.02018	0.00915	0.00827
13	0.02799	0.01849	0.02105	0.01825	0.02381	0.01964	0.01452	0.11619	0.26636	0.16822	0.04301	0.08326	0.07348	0.01552	0.01032	0.00328	0.00796	0.04418	0.01014	0.01433
14	0.03242	0.02776	0.02505	0.02065	0.02659	0.15923	0.01648	0.33294	0.03581	0.04631	0.02269	0.02482	0.01728	0.01616	0.05855	0.00376	0.01265	0.00834	0.09882	0.01371
15	0.01876	0.01568	0.01706	0.01570	0.01988	0.01688	0.01207	0.03501	0.32015	0.03715	0.19807	0.05746	0.16199	0.01725	0.01060	0.00322	0.00628	0.01464	0.00990	0.01223
16	0.01145	0.00982	0.00982	0.00982	0.01309	0.00818	0.00736	0.01391	0.02209	0.02618	0.09818	0.09327	0.59499	0.02455	0.01145	0.00327	0.00491	0.02045	0.00900	0.00818
17	0.02010	0.01723	0.02010	0.01436	0.02297	0.01292	0.01148	0.02440	0.02010	0.03158	0.01723	0.02010	0.01436	0.00718	0.00718	0.00144	0.00718	0.00574	0.00574	0.71863
18	0.01393	0.01005	0.01389	0.01389	0.01504	0.01120	0.01002	0.01623	0.01508	0.02125	0.02750	0.04660	0.02793	0.26993	0.42880	0.01350	0.02039	0.01163	0.00542	0.00772
19	0.72785	0.01874	0.01425	0.01275	0.01874	0.02174	0.01050	0.02849	0.01649	0.04348	0.01350	0.01574	0.01050	0.00900	0.00600	0.00300	0.00750	0.00525	0.00600	0.01050
20	0.01921	0.01815	0.03070	0.54438	0.15139	0.02177	0.02737	0.02556	0.01981	0.02586	0.01739	0.02555	0.01331	0.00952	0.00967	0.00317	0.01270	0.00862	0.00438	0.01150
21	0.01384	0.01004	0.01267	0.01273	0.01360	0.01018	0.00863	0.01585	0.01950	0.02695	0.21457	0.21062	0.05896	0.25957	0.02698	0.00570	0.04565	0.01820	0.00808	0.00770
22	0.01528	0.01309	0.01391	0.01421	0.01632	0.05687	0.01026	0.01973	0.06563	0.02706	0.11284	0.25821	0.14449	0.07332	0.10747	0.00571	0.00982	0.01869	0.00816	0.00892
23	0.34176	0.02563	0.02415	0.10107	0.14528	0.15719	0.01828	0.03060	0.02046	0.03433	0.01525	0.01905	0.01223	0.00923	0.00780	0.00289	0.01123	0.00657	0.00532	0.01169

[dist]
# distance from previous block
# <min> <max>
1	3

[block]
# block no. 6 follows, 16 sequences, length 35
# corresponding to MSA columns:
# 213-247
name=unknown_G
#
# <colnr> <probs for GDERKNQSTAVLIFYWHMCP>
#	G	D	E	R	K	N	Q	S	T	A	V	L	I	F	Y	W	H	M	C	P
0	0.03456	0.03240	0.02672	0.02221	0.02847	0.24083	0.01756	0.30798	0.07099	0.04468	0.02186	0.02285	0.01642	0.01111	0.00917	0.00274	0.01252	0.00799	0.05492	0.01403
1	0.02410	0.02095	0.02097	0.01722	0.02286	0.09311	0.01332	0.14994	0.02559	0.03442	0.02289	0.06000	0.02088	0.09505	0.09365	0.00483	0.01194	0.00920	0.00668	0.25242
2	0.01409	0.00940	0.01057	0.01057	0.01057	0.00940	0.00587	0.01409	0.01409	0.01879	0.03054	0.06342	0.03524	0.65938	0.04933	0.00940	0.00940	0.01409	0.00587	0.00587
3	0.01305	0.00934	0.01125	0.01226	0.01325	0.00888	0.00828	0.01454	0.01787	0.02320	0.05195	0.27242	0.14112	0.26894	0.02643	0.00597	0.00732	0.07883	0.00780	0.00728
4	0.03276	0.17451	0.03170	0.02267	0.02817	0.46311	0.01790	0.03544	0.02515	0.02346	0.01529	0.01825	0.01315	0.01321	0.04320	0.00316	0.01646	0.00626	0.00483	0.01134
5	0.01385	0.01038	0.01558	0.01558	0.01731	0.01211	0.01211	0.01731	0.01558	0.02250	0.02596	0.03808	0.02423	0.07269	0.62098	0.01558	0.02596	0.01038	0.00519	0.00865
6	0.01324	0.00956	0.01282	0.01491	0.01629	0.00915	0.01141	0.01603	0.02022	0.02646	0.05560	0.40831	0.09632	0.02861	0.01270	0.00409	0.00683	0.22016	0.00897	0.00829
7	0.02300	0.06534	0.10656	0.08324	0.34019	0.02416	0.15685	0.02982	0.02178	0.03046	0.01812	0.02371	0.01454	0.00863	0.00979	0.00296	0.01299	0.00893	0.00468	0.01425
8	0.32858	0.01965	0.02313	0.13935	0.13590	0.02240	0.01806	0.03250	0.12787	0.03723	0.02011	0.02312	0.01556	0.00987	0.00810	0.00308	0.00929	0.00761	0.00621	0.01238
9	0.02591	0.66522	0.05079	0.01658	0.02488	0.03835	0.01658	0.02902	0.01969	0.02280	0.01347	0.01555	0.01244	0.00829	0.00622	0.00207	0.01036	0.00518	0.00415	0.01244
10	0.01513	0.01100	0.01494	0.01690	0.01926	0.01081	0.01465	0.01935	0.02229	0.02867	0.05683	0.10744	0.11920	0.02651	0.01316	0.00432	0.00845	0.47332	0.00893	0.00884
11	0.01385	0.01038	0.01558	0.01558	0.01731	0.01211	0.01211	0.01731	0.01558	0.02250	0.02596	0.03808	0.02423	0.07269	0.62098	0.01558	0.02596	0.01038	0.00519	0.00865
12	0.02399	0.02303	0.03934	0.05949	0.59893	0.02303	0.02974	0.02974	0.02207	0.03166	0.01823	0.02399	0.01535	0.00864	0.00960	0.00288	0.01151	0.00864	0.00480	0.01535
13	0.02739	0.02130	0.02647	0.18922	0.07166	0.02409	0.01965	0.26647	0.08865	0.04423	0.02402	0.02693	0.01783	0.01104	0.00934	0.00295	0.01026	0.00896	0.09574	0.01382
14	0.39017	0.09660	0.24131	0.01872	0.02808	0.02373	0.02062	0.02937	0.01831	0.03657	0.01496	0.01750	0.01136	0.00900	0.00723	0.00293	0.01035	0.00596	0.00509	0.01213
15	0.02685	0.54453	0.08362	0.01839	0.02664	0.11365	0.01810	0.03040	0.02076	0.02343	0.01392	0.01612	0.01243	0.00857	0.00674	0.00219	0.01155	0.00545	0.00425	0.01240
16	0.01199	0.00984	0.01056	0.01038	0.01342	0.00841	0.00778	0.01494	0.02335	0.02917	0.21477	0.08836	0.47654	0.02343	0.01145	0.00322	0.00483	0.01977	0.00939	0.00841
17	0.01177	0.00858	0.01110	0.01312	0.01396	0.00790	0.00883	0.01354	0.01892	0.02489	0.05799	0.59584	0.11836	0.02977	0.01228	0.00387	0.00555	0.02683	0.00900	0.00790
18	0.09649	0.23304	0.08574	0.02835	0.03729	0.06486	0.26339	0.03058	0.02132	0.02921	0.01659	0.02078	0.01325	0.00847	0.00890	0.00280	0.01346	0.00820	0.00472	0.01258
19	0.03519	0.02878	0.02799	0.02232	0.02944	0.10412	0.01808	0.43601	0.10956	0.05381	0.02422	0.02413	0.01760	0.01161	0.00959	0.00290	0.01116	0.00869	0.00912	0.01568
20	0.03288	0.03674	0.02982	0.02527	0.03128	0.36251	0.07380	0.12508	0.12467	0.03336	0.02097	0.02249	0.01628	0.01061	0.00936	0.00278	0.01459	0.00798	0.00657	0.01297
21	0.01599	0.01005	0.01180	0.01154	0.01254	0.00974	0.00736	0.01697	0.01689	0.06090	0.07237	0.06673	0.07480	0.49473	0.03957	0.00786	0.00870	0.04733	0.00698	0.00714
22	0.01996	0.01397	0.01534	0.01359	0.01559	0.01472	0.00911	0.15652	0.02221	0.02969	0.02866	0.05307	0.03040	0.49241	0.03911	0.00772	0.00972	0.01271	0.00686	0.00861
23	0.01584	0.01361	0.01598	0.01392	0.01850	0.01232	0.01117	0.01912	0.02072	0.02803	0.05677	0.06360	0.27600	0.01828	0.01235	0.00291	0.07124	0.07783	0.00742	0.24441
24	0.01409	0.00940	0.01057	0.01057	0.01057	0.00940	0.00587	0.01409	0.01409	0.01879	0.03054	0.06342	0.03524	0.65938	0.04933	0.00940	0.00940	0.01409	0.00587	0.00587
25	0.01385	0.01038	0.01558	0.01558	0.01731	0.01211	0.01211	0.01731	0.01558	0.02250	0.02596	0.03808	0.02423	0.07269	0.62098	0.01558	0.02596	0.01038	0.00519	0.00865
26	0.03355	0.20577	0.03348	0.02281	0.02865	0.47041	0.01817	0.03621	0.02546	0.02348	0.01459	0.01698	0.01247	0.00955	0.00809	0.00239	0.01564	0.00597	0.00478	0.01155
27	0.01403	0.00965	0.01186	0.01186	0.01231	0.01010	0.00748	0.01492	0.01448	0.01975	0.02936	0.05689	0.03240	0.50815	0.19669	0.01099	0.01367	0.01314	0.00570	0.00659
28	0.01181	0.00843	0.01125	0.01350	0.01406	0.00787	0.00900	0.01350	0.01856	0.02474	0.05342	0.65306	0.06410	0.03036	0.01237	0.00394	0.00562	0.02755	0.00900	0.00787
29	0.01685	0.01225	0.01552	0.01551	0.01778	0.01289	0.01206	0.08480	0.02154	0.02880	0.04071	0.12640	0.07451	0.15354	0.17595	0.00791	0.01302	0.15338	0.00751	0.00907
30	0.01181	0.00843	0.01125	0.01350	0.01406	0.00787	0.00900	0.01350	0.01856	0.02474	0.05342	0.65306	0.06410	0.03036	0.01237	0.00394	0.00562	0.02755	0.00900	0.00787
31	0.02221	0.01870	0.07604	0.09347	0.02814	0.01660	0.01637	0.03291	0.16710	0.13019	0.08403	0.05247	0.15877	0.01597	0.01043	0.00326	0.00831	0.04378	0.00878	0.01247
32	0.12051	0.04043	0.02704	0.02699	0.08673	0.48535	0.01883	0.03652	0.02556	0.02698	0.01513	0.01793	0.01253	0.00973	0.00849	0.00260	0.01563	0.00636	0.00510	0.01157
33	0.02579	0.06414	0.03233	0.27157	0.17673	0.17293	0.02436	0.06633	0.02382	0.02846	0.01709	0.02255	0.01359	0.00957	0.00923	0.00288	0.01343	0.00783	0.00495	0.01244
34	0.02392	0.33430	0.16787	0.03220	0.20560	0.03020	0.02480	0.02961	0.02059	0.02724	0.01579	0.01921	0.01330	0.00860	0.00791	0.00254	0.01157	0.00667	0.00434	0.01374

[dist]
# distance from previous block
# <min> <max>
3	5

[block]
# block no. 7 follows, 16 sequences, length 13
# corresponding to MSA columns:
# 253-265
name=unknown_H
#
# <colnr> <probs for GDERKNQSTAVLIFYWHMCP>
#	G	D	E	R	K	N	Q	S	T	A	V	L	I	F	Y	W	H	M	C	P
0	0.22065	0.02894	0.17599	0.07518	0.17286	0.02345	0.02408	0.10718	0.02332	0.03848	0.01735	0.02082	0.01320	0.00940	0.00851	0.00299	0.01109	0.00732	0.00563	0.01356
1	0.03034	0.03074	0.05906	0.08275	0.20443	0.22661	0.02264	0.03674	0.06907	0.11234	0.02159	0.02400	0.01641	0.01006	0.00933	0.00284	0.01303	0.00809	0.00624	0.01369
2	0.18167	0.20976	0.03565	0.03128	0.22117	0.02823	0.02002	0.10717	0.02356	0.03596	0.01653	0.01961	0.01360	0.00905	0.00783	0.00267	0.01017	0.00690	0.00558	0.01360
3	0.13944	0.11397	0.05461	0.02145	0.06741	0.02178	0.04992	0.10390	0.02440	0.13414	0.02595	0.11262	0.02253	0.01265	0.00892	0.00290	0.00935	0.01043	0.00744	0.05618
4	0.02626	0.19812	0.02983	0.01706	0.02478	0.10756	0.01439	0.03135	0.05597	0.07853	0.01907	0.02058	0.01533	0.00867	0.00753	0.00201	0.00964	0.00633	0.00600	0.32100
5	0.02260	0.16625	0.02643	0.01723	0.02238	0.02335	0.01409	0.09810	0.21684	0.03620	0.11418	0.13353	0.03853	0.01556	0.00963	0.00303	0.00788	0.01296	0.00851	0.01272
6	0.01327	0.00961	0.01176	0.01162	0.01333	0.00892	0.00811	0.01615	0.02257	0.03080	0.33113	0.13890	0.14735	0.17012	0.02034	0.00465	0.00586	0.01828	0.00913	0.00810
7	0.08675	0.01599	0.02088	0.02457	0.16593	0.01611	0.01503	0.06917	0.02349	0.12834	0.02705	0.02980	0.02041	0.01055	0.00812	0.00265	0.00762	0.00869	0.30633	0.01252
8	0.02969	0.02845	0.02929	0.02355	0.02967	0.18904	0.10330	0.21423	0.03240	0.04081	0.10379	0.03020	0.02658	0.01178	0.00974	0.00282	0.01213	0.00977	0.05989	0.01286
9	0.02652	0.11518	0.02759	0.02263	0.08839	0.07545	0.01647	0.17849	0.06897	0.03793	0.02347	0.02685	0.01883	0.01946	0.09609	0.00448	0.01230	0.00844	0.11953	0.01292
10	0.02330	0.12109	0.02711	0.02238	0.10494	0.02149	0.01534	0.14784	0.02426	0.03294	0.02231	0.03286	0.02071	0.16674	0.09378	0.00567	0.01196	0.00926	0.00622	0.08981
11	0.01672	0.01207	0.01682	0.02023	0.10055	0.01131	0.01315	0.02017	0.02235	0.07142	0.13612	0.23443	0.15976	0.02259	0.01162	0.00354	0.00690	0.10138	0.00885	0.01001
12	0.08292	0.02407	0.11615	0.10751	0.03217	0.04936	0.04461	0.10327	0.02401	0.03421	0.06066	0.06103	0.05831	0.05960	0.01226	0.00336	0.01043	0.01031	0.00645	0.09931

[dist]
# distance from previous block
# <min> <max>
16	89

[block]
# block no. 8 follows, 16 sequences, length 27
# corresponding to MSA columns:
# 363-389
name=unknown_I
#
# <colnr> <probs for GDERKNQSTAVLIFYWHMCP>
#	G	D	E	R	K	N	Q	S	T	A	V	L	I	F	Y	W	H	M	C	P
0	0.03285	0.01992	0.02423	0.01985	0.02470	0.05641	0.01621	0.10306	0.02610	0.28397	0.06724	0.03110	0.02442	0.01751	0.05476	0.00407	0.16127	0.00969	0.00889	0.01374
1	0.02206	0.02075	0.02054	0.06174	0.02388	0.13391	0.01450	0.08962	0.02252	0.02825	0.06090	0.10018	0.02947	0.15710	0.09167	0.00595	0.08866	0.01202	0.00641	0.00987
2	0.02202	0.01837	0.09565	0.08003	0.02632	0.01460	0.01571	0.02885	0.08163	0.15642	0.07996	0.12193	0.13528	0.06332	0.01328	0.00369	0.00840	0.01432	0.00850	0.01172
3	0.01926	0.02366	0.13963	0.03643	0.27589	0.01825	0.02349	0.02604	0.05159	0.02989	0.03353	0.18119	0.06925	0.01540	0.01034	0.00322	0.00994	0.01391	0.00626	0.01282
4	0.06912	0.02643	0.07477	0.23178	0.15428	0.09531	0.08035	0.09463	0.02431	0.03265	0.01791	0.02317	0.01376	0.00952	0.00947	0.00301	0.01303	0.00832	0.00529	0.01288
5	0.02349	0.02317	0.03553	0.05213	0.50159	0.06034	0.02672	0.02870	0.02242	0.03058	0.02626	0.03070	0.07487	0.01036	0.00973	0.00289	0.01122	0.00970	0.00524	0.01435
6	0.02132	0.03205	0.22162	0.03276	0.19600	0.09854	0.02544	0.02782	0.02227	0.02914	0.03382	0.03975	0.11918	0.01300	0.00993	0.00306	0.01191	0.04401	0.00560	0.01278
7	0.02500	0.01992	0.02652	0.16701	0.07130	0.02169	0.01928	0.15670	0.02572	0.06875	0.02008	0.02464	0.01568	0.01509	0.05592	0.00374	0.08456	0.00821	0.00645	0.16375
8	0.03620	0.04619	0.02747	0.02497	0.02996	0.62047	0.01873	0.03870	0.02747	0.02372	0.01498	0.01748	0.01248	0.00999	0.00874	0.00250	0.01748	0.00624	0.00499	0.01124
9	0.02915	0.47067	0.04346	0.01922	0.02647	0.22129	0.01726	0.03206	0.02214	0.02309	0.01395	0.01615	0.01245	0.00882	0.00701	0.00221	0.01260	0.00552	0.00441	0.01206
10	0.01265	0.00987	0.01147	0.01107	0.01382	0.00869	0.00830	0.01622	0.02491	0.03286	0.35923	0.08228	0.32978	0.02205	0.01144	0.00315	0.00473	0.01891	0.00988	0.00869
11	0.01181	0.00843	0.01125	0.01350	0.01406	0.00787	0.00900	0.01350	0.01856	0.02474	0.05342	0.65306	0.06410	0.03036	0.01237	0.00394	0.00562	0.02755	0.00900	0.00787
12	0.01385	0.01038	0.01558	0.01558	0.01731	0.01211	0.01211	0.01731	0.01558	0.02250	0.02596	0.03808	0.02423	0.07269	0.62098	0.01558	0.02596	0.01038	0.00519	0.00865
13	0.01398	0.01109	0.01272	0.01226	0.01521	0.01050	0.00919	0.02030	0.09148	0.03330	0.30264	0.11200	0.27642	0.02149	0.01131	0.00322	0.00514	0.01849	0.00983	0.00944
14	0.03620	0.04619	0.02747	0.02497	0.02996	0.62047	0.01873	0.03870	0.02747	0.02372	0.01498	0.01748	0.01248	0.00999	0.00874	0.00250	0.01748	0.00624	0.00499	0.01124
