[name]
unknown

[dist]
# distance from previous block
# <min> <max>
0	0

[block]
# block no. 0 follows, 22 sequences, length 101
# corresponding to MSA columns:
# 0-100
name=unknown_A
#
# <colnr> <probs for GDERKNQSTAVLIFYWHMCP>
#	G	D	E	R	K	N	Q	S	T	A	V	L	I	F	Y	W	H	M	C	P
0	0.01339	0.00956	0.01339	0.01530	0.01721	0.00956	0.01339	0.01721	0.01912	0.02486	0.04399	0.09371	0.04781	0.02295	0.01147	0.00382	0.00765	0.60031	0.00765	0.00765
1	0.02056	0.01974	0.03372	0.05099	0.65622	0.01974	0.02550	0.02550	0.01892	0.02714	0.01563	0.02056	0.01316	0.00740	0.00822	0.00247	0.00987	0.00740	0.00411	0.01316
2	0.03106	0.03885	0.02361	0.02130	0.02569	0.64517	0.01604	0.06026	0.02425	0.02179	0.01316	0.01521	0.01086	0.00862	0.00753	0.00216	0.01472	0.00545	0.00446	0.00984
3	0.01806	0.01718	0.02920	0.37818	0.34859	0.01908	0.02425	0.02330	0.01773	0.02410	0.01518	0.02138	0.01209	0.00787	0.00827	0.00262	0.01049	0.00739	0.00390	0.01114
4	0.01176	0.00849	0.01110	0.01045	0.01241	0.00784	0.00784	0.01568	0.02352	0.03331	0.65184	0.06206	0.07839	0.01698	0.00980	0.00261	0.00392	0.01502	0.00914	0.00784
5	0.01187	0.00890	0.01335	0.01335	0.01483	0.01038	0.01038	0.01483	0.01335	0.01928	0.02225	0.03264	0.02077	0.06231	0.67512	0.01335	0.02225	0.00890	0.00445	0.00742
6	0.01008	0.00738	0.00948	0.01115	0.01194	0.00678	0.00753	0.01161	0.01630	0.02137	0.05081	0.62113	0.13319	0.02537	0.01050	0.00330	0.00474	0.02282	0.00771	0.00678
7	0.01072	0.00748	0.00946	0.01080	0.01113	0.00715	0.00689	0.01173	0.01473	0.01964	0.03976	0.50323	0.04733	0.23580	0.02035	0.00481	0.00581	0.02007	0.00689	0.00622
8	0.01061	0.00761	0.01008	0.01123	0.01216	0.00708	0.00775	0.01280	0.01820	0.02485	0.22816	0.50986	0.06200	0.02331	0.01036	0.00314	0.00455	0.02103	0.00814	0.00708
9	0.02221	0.71304	0.04353	0.01421	0.02132	0.03287	0.01421	0.02488	0.01688	0.01955	0.01155	0.01333	0.01066	0.00711	0.00533	0.00178	0.00888	0.00444	0.00355	0.01066
10	0.02076	0.41362	0.27531	0.01828	0.02712	0.07350	0.02053	0.02600	0.01760	0.02214	0.01290	0.01503	0.01061	0.00751	0.00645	0.00212	0.01059	0.00514	0.00359	0.01119
11	0.02056	0.01974	0.03372	0.05099	0.65622	0.01974	0.02550	0.02550	0.01892	0.02714	0.01563	0.02056	0.01316	0.00740	0.00822	0.00247	0.00987	0.00740	0.00411	0.01316
12	0.01022	0.00727	0.00961	0.01144	0.01190	0.00681	0.00758	0.01159	0.01571	0.02095	0.04479	0.66976	0.05369	0.06060	0.01221	0.00361	0.00498	0.02303	0.00758	0.00666
13	0.01208	0.00805	0.00906	0.00906	0.00906	0.00805	0.00503	0.01208	0.01208	0.01611	0.02618	0.05436	0.03020	0.70804	0.04228	0.00805	0.00805	0.01208	0.00503	0.00503
14	0.02056	0.01974	0.03372	0.05099	0.65622	0.01974	0.02550	0.02550	0.01892	0.02714	0.01563	0.02056	0.01316	0.00740	0.00822	0.00247	0.00987	0.00740	0.00411	0.01316
15	0.01012	0.00723	0.00964	0.01157	0.01205	0.00675	0.00771	0.01157	0.01591	0.02121	0.04579	0.70262	0.05495	0.02603	0.01060	0.00337	0.00482	0.02362	0.00771	0.00675
16	0.02056	0.01974	0.03372	0.05099	0.65622	0.01974	0.02550	0.02550	0.01892	0.02714	0.01563	0.02056	0.01316	0.00740	0.00822	0.00247	0.00987	0.00740	0.00411	0.01316
17	0.01666	0.04297	0.66500	0.02368	0.03596	0.01929	0.03069	0.02631	0.01754	0.02631	0.01491	0.01754	0.01052	0.00789	0.00789	0.00263	0.01228	0.00614	0.00351	0.01228
18	0.01012	0.00723	0.00964	0.01157	0.01205	0.00675	0.00771	0.01157	0.01591	0.02121	0.04579	0.70262	0.05495	0.02603	0.01060	0.00337	0.00482	0.02362	0.00771	0.00675
19	0.01187	0.00890	0.01335	0.01335	0.01483	0.01038	0.01038	0.01483	0.01335	0.01928	0.02225	0.03264	0.02077	0.06231	0.67512	0.01335	0.02225	0.00890	0.00445	0.00742
20	0.01208	0.00805	0.00906	0.00906	0.00906	0.00805	0.00503	0.01208	0.01208	0.01611	0.02618	0.05436	0.03020	0.70804	0.04228	0.00805	0.00805	0.01208	0.00503	0.00503
21	0.01549	0.00774	0.00774	0.00774	0.00968	0.00774	0.00581	0.01936	0.01742	0.03097	0.02710	0.03097	0.02129	0.00968	0.00581	0.00194	0.00387	0.00774	0.75416	0.00774
22	0.01108	0.00807	0.01043	0.01067	0.01221	0.00742	0.00769	0.01406	0.02069	0.02856	0.41218	0.27389	0.11161	0.02025	0.01006	0.00288	0.00424	0.01803	0.00857	0.00742
23	0.01118	0.00960	0.00972	0.00948	0.01252	0.00873	0.00717	0.01597	0.09707	0.02399	0.07784	0.07380	0.57406	0.01981	0.00965	0.00281	0.00451	0.01651	0.00781	0.00778
24	0.01549	0.00774	0.00774	0.00774	0.00968	0.00774	0.00581	0.01936	0.01742	0.03097	0.02710	0.03097	0.02129	0.00968	0.00581	0.00194	0.00387	0.00774	0.75416	0.00774
25	0.03158	0.02327	0.02493	0.01911	0.02576	0.02576	0.01579	0.62852	0.03906	0.05236	0.01995	0.01995	0.01413	0.00997	0.00831	0.00249	0.00914	0.00748	0.00831	0.01413
26	0.01990	0.02324	0.12091	0.04509	0.48753	0.01985	0.10961	0.02576	0.01883	0.02695	0.01569	0.02041	0.01273	0.00741	0.00840	0.00254	0.01077	0.00757	0.00404	0.01277
27	0.00982	0.00842	0.00842	0.00842	0.01122	0.00701	0.00631	0.01192	0.01894	0.02244	0.08416	0.07995	0.65285	0.02104	0.00982	0.00281	0.00421	0.01753	0.00771	0.00701
28	0.02008	0.01925	0.03286	0.11349	0.59746	0.01961	0.02526	0.02508	0.01869	0.02656	0.01554	0.02072	0.01295	0.00749	0.00823	0.00250	0.00999	0.00740	0.00407	0.01277
29	0.03110	0.03759	0.02371	0.02112	0.02569	0.59500	0.01602	0.10629	0.02545	0.02426	0.01371	0.01559	0.01112	0.00873	0.00759	0.00218	0.01426	0.00561	0.00478	0.01018
30	0.01862	0.27916	0.44594	0.02034	0.03080	0.02408	0.02489	0.02580	0.01731	0.02392	0.01372	0.01605	0.01057	0.00762	0.00699	0.00233	0.01108	0.00554	0.00352	0.01171
31	0.01193	0.00866	0.01215	0.01215	0.01321	0.00973	0.00888	0.01406	0.01299	0.01839	0.02335	0.03873	0.02341	0.24345	0.49759	0.01187	0.01827	0.00979	0.00461	0.00675
32	0.03103	0.03959	0.02354	0.02140	0.02568	0.67469	0.01605	0.03317	0.02354	0.02033	0.01284	0.01498	0.01070	0.00856	0.00749	0.00214	0.01498	0.00535	0.00428	0.00963
33	0.00998	0.00780	0.00905	0.01005	0.01165	0.00688	0.00704	0.01174	0.01737	0.02180	0.06430	0.40227	0.34335	0.02362	0.01022	0.00310	0.00452	0.02068	0.00771	0.00688
34	0.01923	0.01838	0.03132	0.22445	0.49313	0.01939	0.02484	0.02433	0.01829	0.02553	0.01539	0.02099	0.01259	0.00765	0.00825	0.00255	0.01020	0.00740	0.00400	0.01209
35	0.02333	0.02622	0.03502	0.03800	0.30397	0.20957	0.18921	0.02803	0.02045	0.02502	0.01515	0.01946	0.01229	0.00763	0.00845	0.00247	0.01249	0.00747	0.00419	0.01160
36	0.01666	0.04297	0.66500	0.02368	0.03596	0.01929	0.03069	0.02631	0.01754	0.02631	0.01491	0.01754	0.01052	0.00789	0.00789	0.00263	0.01228	0.00614	0.00351	0.01228
37	0.01042	0.00844	0.00925	0.00905	0.01159	0.00727	0.00679	0.01309	0.02036	0.02582	0.26056	0.07439	0.47434	0.01978	0.00981	0.00275	0.00412	0.01675	0.00816	0.00727
38	0.01666	0.04297	0.66500	0.02368	0.03596	0.01929	0.03069	0.02631	0.01754	0.02631	0.01491	0.01754	0.01052	0.00789	0.00789	0.00263	0.01228	0.00614	0.00351	0.01228
39	0.01187	0.00890	0.01335	0.01335	0.01483	0.01038	0.01038	0.01483	0.01335	0.01928	0.02225	0.03264	0.02077	0.06231	0.67512	0.01335	0.02225	0.00890	0.00445	0.00742
40	0.01187	0.00890	0.01335	0.01335	0.01483	0.01038	0.01038	0.01483	0.01335	0.01928	0.02225	0.03264	0.02077	0.06231	0.67512	0.01335	0.02225	0.00890	0.00445	0.00742
41	0.01187	0.00830	0.01049	0.01044	0.01122	0.00846	0.00696	0.01344	0.01499	0.02074	0.15934	0.08390	0.03959	0.38197	0.17553	0.00785	0.01019	0.01258	0.00591	0.00625
42	0.01549	0.00774	0.00774	0.00774	0.00968	0.00774	0.00581	0.01936	0.01742	0.03097	0.02710	0.03097	0.02129	0.00968	0.00581	0.00194	0.00387	0.00774	0.75416	0.00774
43	0.03103	0.03959	0.02354	0.02140	0.02568	0.67469	0.01605	0.03317	0.02354	0.02033	0.01284	0.01498	0.01070	0.00856	0.00749	0.00214	0.01498	0.00535	0.00428	0.00963
44	0.72289	0.01650	0.01297	0.01141	0.01664	0.01906	0.00940	0.06044	0.01562	0.03817	0.01207	0.01388	0.00930	0.00785	0.00533	0.00257	0.00659	0.00468	0.00533	0.00930
45	0.01549	0.00774	0.00774	0.00774	0.00968	0.00774	0.00581	0.01936	0.01742	0.03097	0.02710	0.03097	0.02129	0.00968	0.00581	0.00194	0.00387	0.00774	0.75416	0.00774
46	0.02066	0.01785	0.01878	0.01691	0.02160	0.02066	0.01315	0.04414	0.64121	0.03475	0.03381	0.03099	0.02536	0.01127	0.00845	0.00282	0.00657	0.00939	0.00845	0.01315
47	0.01940	0.02387	0.09290	0.03421	0.04289	0.02089	0.58364	0.02659	0.01946	0.02659	0.01667	0.02206	0.01246	0.00707	0.00967	0.00279	0.01388	0.00954	0.00415	0.01128
48	0.00982	0.00842	0.00842	0.00842	0.01122	0.00701	0.00631	0.01192	0.01894	0.02244	0.08416	0.07995	0.65285	0.02104	0.00982	0.00281	0.00421	0.01753	0.00771	0.00701
49	0.01187	0.00890	0.01335	0.01335	0.01483	0.01038	0.01038	0.01483	0.01335	0.01928	0.02225	0.03264	0.02077	0.06231	0.67512	0.01335	0.02225	0.00890	0.00445	0.00742
50	0.02373	0.01937	0.02051	0.01753	0.02277	0.02210	0.01389	0.20849	0.47186	0.03970	0.02991	0.02789	0.02220	0.01091	0.00841	0.00273	0.00730	0.00885	0.00841	0.01342
51	0.01825	0.01696	0.02805	0.06609	0.48524	0.01691	0.02127	0.02289	0.01965	0.02778	0.13294	0.03106	0.05718	0.00984	0.00859	0.00252	0.00856	0.00928	0.00518	0.01174
52	0.03122	0.03410	0.02401	0.02063	0.02571	0.45615	0.01596	0.23367	0.02877	0.03112	0.01523	0.01665	0.01185	0.00904	0.00777	0.00226	0.01301	0.00607	0.00564	0.01115
53	0.01666	0.04297	0.66500	0.02368	0.03596	0.01929	0.03069	0.02631	0.01754	0.02631	0.01491	0.01754	0.01052	0.00789	0.00789	0.00263	0.01228	0.00614	0.00351	0.01228
54	0.03145	0.02066	0.02297	0.01792	0.02428	0.02225	0.01470	0.43171	0.10976	0.17983	0.02438	0.02307	0.01688	0.01020	0.00834	0.00255	0.00839	0.00790	0.00875	0.01401
55	0.02692	0.01559	0.01815	0.01452	0.01982	0.01545	0.01178	0.23923	0.02809	0.24938	0.09739	0.03972	0.16097	0.01314	0.00879	0.00260	0.00688	0.01066	0.00892	0.01200
56	0.01129	0.00824	0.00970	0.00960	0.01101	0.00764	0.00655	0.01332	0.01815	0.02425	0.26985	0.10939	0.19626	0.24509	0.02051	0.00450	0.00541	0.01526	0.00736	0.00665
57	0.01187	0.00890	0.01335	0.01335	0.01483	0.01038	0.01038	0.01483	0.01335	0.01928	0.02225	0.03264	0.02077	0.06231	0.67512	0.01335	0.02225	0.00890	0.00445	0.00742
58	0.03158	0.02327	0.02493	0.01911	0.02576	0.02576	0.01579	0.62852	0.03906	0.05236	0.01995	0.01995	0.01413	0.00997	0.00831	0.00249	0.00914	0.00748	0.00831	0.01413
59	0.01187	0.00890	0.01335	0.01335	0.01483	0.01038	0.01038	0.01483	0.01335	0.01928	0.02225	0.03264	0.02077	0.06231	0.67512	0.01335	0.02225	0.00890	0.00445	0.00742
60	0.01804	0.03422	0.41661	0.03159	0.16924	0.01971	0.13992	0.02619	0.01822	0.02654	0.01541	0.01908	0.01147	0.00762	0.00832	0.00263	0.01209	0.00709	0.00376	0.01227
61	0.01549	0.00774	0.00774	0.00774	0.00968	0.00774	0.00581	0.01936	0.01742	0.03097	0.02710	0.03097	0.02129	0.00968	0.00581	0.00194	0.00387	0.00774	0.75416	0.00774
62	0.01047	0.00750	0.00995	0.01133	0.01213	0.00698	0.00774	0.01244	0.01752	0.02378	0.17466	0.56641	0.05993	0.02410	0.01043	0.00321	0.00463	0.02179	0.00802	0.00698
63	0.01569	0.01477	0.02492	0.68808	0.05722	0.01846	0.02307	0.02123	0.01661	0.02123	0.01477	0.02215	0.01107	0.00831	0.00831	0.00277	0.01107	0.00738	0.00369	0.00923
64	0.01549	0.00774	0.00774	0.00774	0.00968	0.00774	0.00581	0.01936	0.01742	0.03097	0.02710	0.03097	0.02129	0.00968	0.00581	0.00194	0.00387	0.00774	0.75416	0.00774
65	0.01208	0.00805	0.00906	0.00906	0.00906	0.00805	0.00503	0.01208	0.01208	0.01611	0.02618	0.05436	0.03020	0.70804	0.04228	0.00805	0.00805	0.01208	0.00503	0.00503
66	0.02163	0.02279	0.03598	0.04369	0.43804	0.10046	0.16227	0.02669	0.01964	0.02618	0.01556	0.02030	0.01273	0.00745	0.00850	0.00250	0.01145	0.00770	0.00415	0.01228
67	0.01549	0.00774	0.00774	0.00774	0.00968	0.00774	0.00581	0.01936	0.01742	0.03097	0.02710	0.03097	0.02129	0.00968	0.00581	0.00194	0.00387	0.00774	0.75416	0.00774
68	0.01723	0.01477	0.01723	0.01230	0.01969	0.01107	0.00984	0.02092	0.01723	0.02707	0.01477	0.01723	0.01230	0.00615	0.00615	0.00123	0.00615	0.00492	0.00492	0.75883
69	0.01302	0.00797	0.00870	0.00870	0.00923	0.00797	0.00525	0.01410	0.01356	0.02023	0.02643	0.04788	0.02773	0.51449	0.03217	0.00636	0.00689	0.01088	0.21265	0.00578
70	0.01549	0.00774	0.00774	0.00774	0.00968	0.00774	0.00581	0.01936	0.01742	0.03097	0.02710	0.03097	0.02129	0.00968	0.00581	0.00194	0.00387	0.00774	0.75416	0.00774
71	0.01208	0.00805	0.00906	0.00906	0.00906	0.00805	0.00503	0.01208	0.01208	0.01611	0.02618	0.05436	0.03020	0.70804	0.04228	0.00805	0.00805	0.01208	0.00503	0.00503
72	0.02924	0.02172	0.02320	0.01822	0.02436	0.02413	0.01491	0.51639	0.12112	0.04882	0.02223	0.02204	0.01605	0.01014	0.00820	0.00251	0.00852	0.00776	0.04679	0.01366
73	0.01632	0.01018	0.01083	0.01040	0.01292	0.01097	0.00794	0.02461	0.16029	0.03069	0.02817	0.03114	0.02218	0.01521	0.07207	0.00326	0.00630	0.00824	0.50935	0.00895
74	0.01012	0.00723	0.00964	0.01157	0.01205	0.00675	0.00771	0.01157	0.01591	0.02121	0.04579	0.70262	0.05495	0.02603	0.01060	0.00337	0.00482	0.02362	0.00771	0.00675
75	0.02023	0.01619	0.01718	0.01514	0.01971	0.01779	0.01186	0.10835	0.39772	0.06113	0.04363	0.04076	0.16789	0.01331	0.00874	0.00276	0.00637	0.01098	0.00834	0.01190
76	0.01245	0.01059	0.01099	0.01051	0.01369	0.01021	0.00799	0.01959	0.16218	0.02604	0.11304	0.06743	0.46780	0.01851	0.00950	0.00279	0.00473	0.01548	0.00799	0.00848
77	0.02858	0.01858	0.02029	0.01597	0.02151	0.01996	0.01306	0.41640	0.03221	0.12231	0.02316	0.02350	0.01656	0.00994	0.00774	0.00237	0.00768	0.00765	0.17986	0.01266
78	0.01891	0.02034	0.03751	0.02857	0.03287	0.02317	0.32931	0.02338	0.01625	0.02338	0.01393	0.02034	0.01178	0.01068	0.01833	0.00321	0.34538	0.00857	0.00393	0.01017
79	0.02366	0.02896	0.17524	0.03327	0.28025	0.12422	0.02314	0.15513	0.02361	0.03124	0.01594	0.01886	0.01237	0.00824	0.00805	0.00246	0.01107	0.00680	0.00489	0.01261
80	0.01602	0.01402	0.01680	0.02085	0.15030	0.09192	0.01228	0.01723	0.01601	0.02046	0.02627	0.24827	0.02881	0.08897	0.04629	0.15084	0.00869	0.01295	0.00532	0.00772
81	0.01111	0.00782	0.00998	0.01070	0.01144	0.00751	0.00713	0.01279	0.01650	0.02251	0.17861	0.34956	0.05210	0.21174	0.04777	0.00491	0.00625	0.01786	0.00717	0.00656
82	0.13583	0.55857	0.08301	0.01439	0.02156	0.02972	0.01459	0.02491	0.01651	0.02274	0.01179	0.01365	0.01040	0.00726	0.00548	0.00196	0.00875	0.00457	0.00379	0.01052
83	0.05241	0.02934	0.17244	0.16277	0.13281	0.20355	0.02223	0.02644	0.01869	0.02363	0.01393	0.01813	0.01107	0.00865	0.00947	0.00258	0.07088	0.00640	0.00394	0.01064
84	0.02204	0.01786	0.01975	0.01527	0.02183	0.01740	0.01227	0.19670	0.16667	0.03593	0.02059	0.02115	0.01581	0.00840	0.00729	0.00195	0.00709	0.00667	0.00668	0.37866
85	0.04188	0.01124	0.01498	0.01891	0.15984	0.01053	0.01122	0.01623	0.01942	0.02612	0.17336	0.10462	0.32670	0.01696	0.00932	0.00272	0.00558	0.01465	0.00707	0.00864
86	0.02437	0.02188	0.05291	0.02650	0.18498	0.07513	0.01783	0.28551	0.02707	0.03611	0.01950	0.05164	0.01617	0.01711	0.10126	0.00402	0.01159	0.00814	0.00613	0.01216
87	0.02833	0.02804	0.02688	0.02876	0.20046	0.25283	0.01857	0.25154	0.02801	0.03408	0.01624	0.01837	0.01265	0.00876	0.00800	0.00236	0.01140	0.00671	0.00573	0.01227
88	0.01103	0.00826	0.00964	0.00958	0.01127	0.00751	0.00672	0.01328	0.01886	0.02492	0.27409	0.12505	0.25744	0.16612	0.01679	0.00390	0.00498	0.01602	0.00766	0.00687
89	0.02065	0.01894	0.01342	0.01279	0.01546	0.24277	0.00953	0.02376	0.01949	0.02664	0.02319	0.06538	0.01957	0.01026	0.00669	0.00209	0.00784	0.00785	0.44534	0.00835
90	0.02242	0.02301	0.02286	0.02239	0.08482	0.16918	0.01617	0.03427	0.29597	0.02735	0.02202	0.02340	0.01752	0.01103	0.01255	0.00282	0.16701	0.00780	0.00598	0.01142
91	0.01369	0.01137	0.04400	0.01798	0.10406	0.00981	0.01205	0.01652	0.01771	0.05573	0.07040	0.40401	0.08128	0.02072	0.01005	0.00315	0.00623	0.08561	0.00721	0.00844
92	0.17616	0.03725	0.52618	0.02097	0.03173	0.01915	0.02608	0.02591	0.01682	0.02864	0.01420	0.01668	0.01020	0.00785	0.00731	0.00262	0.01103	0.00579	0.00386	0.01158
93	0.09211	0.01413	0.01549	0.01295	0.01733	0.01428	0.01022	0.12366	0.04719	0.03244	0.02256	0.10530	0.02007	0.01092	0.00824	0.00221	0.04696	0.00859	0.17802	0.21730
94	0.01698	0.01681	0.08570	0.02799	0.23336	0.01479	0.04435	0.02105	0.01709	0.06173	0.02468	0.18198	0.02437	0.02243	0.13318	0.00478	0.04161	0.01149	0.00531	0.01031
95	0.02823	0.03311	0.02319	0.02211	0.06241	0.46959	0.01599	0.05979	0.15526	0.02514	0.01776	0.01893	0.01411	0.00913	0.00777	0.00232	0.01265	0.00642	0.00533	0.01078
96	0.06951	0.09125	0.02651	0.02549	0.17086	0.13177	0.01698	0.16912	0.15616	0.03327	0.01938	0.02058	0.01507	0.00900	0.00770	0.00243	0.00955	0.00704	0.00603	0.01230
97	0.19927	0.02955	0.12914	0.02180	0.08702	0.22218	0.01772	0.14481	0.02291	0.03216	0.01454	0.01657	0.01118	0.00841	0.00724	0.00242	0.01090	0.00590	0.00512	0.01114
98	0.19568	0.11191	0.02229	0.07662	0.10269	0.09125	0.01414	0.02713	0.07932	0.08346	0.02546	0.02646	0.09181	0.00995	0.00727	0.00247	0.00834	0.00762	0.00567	0.01045
99	0.02193	0.03036	0.18831	0.03379	0.28961	0.19829	0.02332	0.02717	0.01950	0.02460	0.01508	0.01899	0.01228	0.01112	0.04770	0.00307	0.01261	0.00661	0.00403	0.01163
100	0.09283	0.19031	0.12602	0.02324	0.15691	0.01992	0.01809	0.02428	0.01827	0.06386	0.04956	0.03343	0.02153	0.01090	0.00784	0.00260	0.00881	0.11556	0.00523	0.01080

[dist]
# distance from previous block
# <min> <max>
14	69

[block]
# block no. 1 follows, 22 sequences, length 8
# corresponding to MSA columns:
# 172-179
name=unknown_B
#
# <colnr> <probs for GDERKNQSTAVLIFYWHMCP>
#	G	D	E	R	K	N	Q	S	T	A	V	L	I	F	Y	W	H	M	C	P
0	0.01976	0.02260	0.13388	0.02882	0.24157	0.05726	0.01985	0.11849	0.02217	0.02955	0.03049	0.03656	0.12686	0.01174	0.00871	0.00266	0.00929	0.06272	0.00563	0.01138
1	0.02241	0.02086	0.02737	0.03453	0.35325	0.08342	0.01953	0.12835	0.02241	0.03046	0.01762	0.05679	0.01524	0.00879	0.00798	0.00230	0.00941	0.00772	0.00517	0.12640
2	0.10731	0.06180	0.13423	0.14791	0.18111	0.02033	0.02051	0.12942	0.02112	0.03079	0.01956	0.02260	0.05073	0.00895	0.00777	0.00255	0.00957	0.00731	0.00497	0.01146
3	0.08859	0.02506	0.02553	0.02644	0.16238	0.18459	0.01782	0.19354	0.02418	0.03207	0.01498	0.01800	0.01208	0.00965	0.01108	0.00260	0.12793	0.00665	0.00532	0.01150
4	0.02023	0.15014	0.14781	0.02313	0.13219	0.10198	0.01874	0.02479	0.01919	0.06015	0.02561	0.03734	0.06020	0.01185	0.00832	0.00264	0.00982	0.13003	0.00523	0.01061
5	0.14891	0.23834	0.18769	0.02425	0.15920	0.06513	0.01989	0.02581	0.01743	0.02592	0.01333	0.01603	0.01087	0.00756	0.00668	0.00229	0.00989	0.00556	0.00398	0.01124
6	0.01766	0.01668	0.02688	0.03948	0.48176	0.01630	0.02031	0.02182	0.01892	0.02587	0.03416	0.03662	0.18618	0.01109	0.00866	0.00256	0.00834	0.01014	0.00509	0.01150
7	0.01309	0.12994	0.01568	0.01056	0.01385	0.01253	0.00849	0.03807	0.01833	0.02245	0.05816	0.10475	0.38932	0.04901	0.07599	0.00390	0.00717	0.01427	0.00660	0.00786

[dist]
# distance from previous block
# <min> <max>
8	37

[block]
# block no. 2 follows, 22 sequences, length 47
# corresponding to MSA columns:
# 225-271
name=unknown_C
#
# <colnr> <probs for GDERKNQSTAVLIFYWHMCP>
#	G	D	E	R	K	N	Q	S	T	A	V	L	I	F	Y	W	H	M	C	P
0	0.01549	0.01390	0.01627	0.01597	0.01755	0.07469	0.01302	0.01850	0.01875	0.02485	0.16673	0.11601	0.04321	0.01864	0.01428	0.00332	0.16425	0.22970	0.00675	0.00813
1	0.16509	0.19489	0.02519	0.01692	0.02187	0.29614	0.01397	0.05058	0.02026	0.02506	0.01605	0.02330	0.01465	0.00971	0.00700	0.00233	0.01085	0.07162	0.00480	0.00971
2	0.02739	0.03135	0.20055	0.02074	0.02855	0.12998	0.01993	0.36583	0.03061	0.03997	0.01740	0.01847	0.01258	0.00917	0.00806	0.00247	0.01096	0.00676	0.00633	0.01288
3	0.02352	0.01985	0.02826	0.19469	0.27220	0.02170	0.02125	0.25173	0.02594	0.03520	0.01704	0.02072	0.01301	0.00859	0.00828	0.00255	0.00989	0.00743	0.00559	0.01256
4	0.01632	0.01658	0.01782	0.01959	0.11197	0.13769	0.04632	0.01896	0.01906	0.02293	0.07407	0.19403	0.20207	0.05159	0.01096	0.00301	0.00799	0.01422	0.00626	0.00855
5	0.01898	0.01962	0.01658	0.01570	0.01852	0.22972	0.01190	0.02278	0.05294	0.02168	0.02187	0.08842	0.02050	0.03274	0.28663	0.00692	0.01557	0.00887	0.04352	0.04654
6	0.02369	0.24577	0.10177	0.01968	0.05566	0.08403	0.01730	0.02817	0.04995	0.12106	0.01654	0.01860	0.01312	0.00967	0.01137	0.00252	0.15862	0.00634	0.00495	0.01120
7	0.01604	0.01557	0.01356	0.01428	0.05011	0.15374	0.00914	0.01735	0.01671	0.01944	0.03598	0.12130	0.14708	0.30784	0.02300	0.00492	0.00857	0.01268	0.00563	0.00707
8	0.05655	0.01201	0.01441	0.09976	0.07689	0.04766	0.01072	0.01621	0.01531	0.02074	0.03002	0.19445	0.06480	0.27998	0.02165	0.00485	0.00793	0.01324	0.00552	0.00730
9	0.02265	0.02525	0.06352	0.04315	0.48727	0.16254	0.02370	0.02721	0.01985	0.02561	0.01498	0.01919	0.01249	0.00768	0.00805	0.00240	0.01111	0.00689	0.00412	0.01234
10	0.02450	0.02804	0.02727	0.16011	0.24659	0.32494	0.02062	0.02825	0.02063	0.02282	0.01416	0.01827	0.01161	0.00812	0.00790	0.00237	0.01249	0.00644	0.00411	0.01076
11	0.47645	0.09226	0.01604	0.01249	0.01697	0.01774	0.01079	0.02249	0.01581	0.03188	0.02047	0.03551	0.01985	0.01183	0.00690	0.00283	0.00704	0.16818	0.00565	0.00881
12	0.01927	0.05267	0.18814	0.09578	0.42906	0.02005	0.02612	0.02532	0.01831	0.02614	0.01522	0.01966	0.01224	0.00759	0.00803	0.00250	0.01052	0.00697	0.00391	0.01252
13	0.02426	0.02732	0.02356	0.02699	0.19426	0.33535	0.01674	0.05763	0.02179	0.02392	0.02369	0.05201	0.08516	0.04014	0.00959	0.00262	0.01141	0.00835	0.00499	0.01023
14	0.01164	0.00842	0.01086	0.01168	0.01313	0.00798	0.00885	0.01429	0.01867	0.02493	0.20555	0.22795	0.11979	0.09995	0.01416	0.00377	0.00567	0.17785	0.00776	0.00711
15	0.01196	0.00801	0.00910	0.00921	0.00924	0.00798	0.00519	0.01205	0.01231	0.01641	0.02734	0.09284	0.03167	0.66756	0.04040	0.00778	0.00786	0.01277	0.00519	0.00514
16	0.01187	0.00890	0.01335	0.01335	0.01483	0.01038	0.01038	0.01483	0.01335	0.01928	0.02225	0.03264	0.02077	0.06231	0.67512	0.01335	0.02225	0.00890	0.00445	0.00742
17	0.01208	0.00805	0.00906	0.00906	0.00906	0.00805	0.00503	0.01208	0.01208	0.01611	0.02618	0.05436	0.03020	0.70804	0.04228	0.00805	0.00805	0.01208	0.00503	0.00503
18	0.02056	0.01974	0.03372	0.05099	0.65622	0.01974	0.02550	0.02550	0.01892	0.02714	0.01563	0.02056	0.01316	0.00740	0.00822	0.00247	0.00987	0.00740	0.00411	0.01316
19	0.01549	0.00774	0.00774	0.00774	0.00968	0.00774	0.00581	0.01936	0.01742	0.03097	0.02710	0.03097	0.02129	0.00968	0.00581	0.00194	0.00387	0.00774	0.75416	0.00774
20	0.01939	0.01713	0.01876	0.01398	0.02071	0.05008	0.01121	0.07829	0.01936	0.02866	0.01492	0.01741	0.01231	0.00712	0.00762	0.00153	0.04566	0.00532	0.00513	0.60542
21	0.01187	0.00890	0.01335	0.01335	0.01483	0.01038	0.01038	0.01483	0.01335	0.01928	0.02225	0.03264	0.02077	0.06231	0.67512	0.01335	0.02225	0.00890	0.00445	0.00742
22	0.01549	0.00774	0.00774	0.00774	0.00968	0.00774	0.00581	0.01936	0.01742	0.03097	0.02710	0.03097	0.02129	0.00968	0.00581	0.00194	0.00387	0.00774	0.75416	0.00774
23	0.01012	0.00723	0.00964	0.01157	0.01205	0.00675	0.00771	0.01157	0.01591	0.02121	0.04579	0.70262	0.05495	0.02603	0.01060	0.00337	0.00482	0.02362	0.00771	0.00675
24	0.01443	0.00722	0.01082	0.01082	0.01082	0.00722	0.00722	0.01082	0.01082	0.01443	0.01443	0.02525	0.01443	0.02886	0.03247	0.75830	0.00722	0.00722	0.00361	0.00361
25	0.03019	0.02207	0.02377	0.01860	0.02495	0.02443	0.01524	0.51638	0.12818	0.07568	0.02256	0.02195	0.01608	0.01018	0.00833	0.00254	0.00867	0.00780	0.00842	0.01398
26	0.03158	0.02327	0.02493	0.01911	0.02576	0.02576	0.01579	0.62852	0.03906	0.05236	0.01995	0.01995	0.01413	0.00997	0.00831	0.00249	0.00914	0.00748	0.00831	0.01413
27	0.00982	0.00842	0.00842	0.00842	0.01122	0.00701	0.00631	0.01192	0.01894	0.02244	0.08416	0.07995	0.65285	0.02104	0.00982	0.00281	0.00421	0.01753	0.00771	0.00701
28	0.02815	0.03204	0.02223	0.01981	0.02416	0.45318	0.01515	0.11983	0.07325	0.02607	0.01659	0.01895	0.01349	0.01500	0.08239	0.00350	0.01427	0.00638	0.00522	0.01032
29	0.02393	0.01897	0.02032	0.01727	0.02233	0.02135	0.01367	0.26873	0.34826	0.04034	0.02953	0.08941	0.02375	0.01214	0.00860	0.00274	0.00741	0.00998	0.00833	0.01293
30	0.01259	0.00945	0.01148	0.01121	0.01340	0.00903	0.00840	0.05001	0.04443	0.02972	0.34521	0.18839	0.17354	0.01914	0.00989	0.00285	0.00469	0.04008	0.00847	0.00801
31	0.01556	0.00926	0.01182	0.01124	0.01288	0.00990	0.00830	0.01801	0.01510	0.08176	0.02505	0.03654	0.02281	0.20111	0.24422	0.00748	0.04102	0.00925	0.21108	0.00761
32	0.02857	0.03522	0.02689	0.02712	0.12936	0.52472	0.05819	0.03149	0.02253	0.02186	0.01356	0.01638	0.01123	0.00827	0.00776	0.00224	0.01409	0.00598	0.00425	0.01031
33	0.02024	0.01763	0.02152	0.02228	0.14290	0.01810	0.01474	0.06289	0.32095	0.03205	0.02441	0.02467	0.01888	0.00906	0.00777	0.00230	0.00722	0.00769	0.00664	0.21806
34	0.02126	0.02106	0.03304	0.04902	0.61425	0.06333	0.02487	0.02601	0.01922	0.02669	0.01544	0.02019	0.01300	0.00748	0.00818	0.00245	0.01021	0.00727	0.00412	0.01292
35	0.01012	0.00723	0.00964	0.01157	0.01205	0.00675	0.00771	0.01157	0.01591	0.02121	0.04579	0.70262	0.05495	0.02603	0.01060	0.00337	0.00482	0.02362	0.00771	0.00675
36	0.02100	0.56693	0.17905	0.01628	0.02451	0.02991	0.01781	0.02519	0.01702	0.02102	0.01228	0.01424	0.01063	0.00728	0.00589	0.00196	0.00962	0.00481	0.00354	0.01101
37	0.01787	0.18909	0.52948	0.02161	0.03276	0.02225	0.02710	0.02600	0.01740	0.02483	0.01418	0.01662	0.01055	0.00772	0.00733	0.00244	0.01154	0.00577	0.00352	0.01192
38	0.01012	0.00723	0.00964	0.01157	0.01205	0.00675	0.00771	0.01157	0.01591	0.02121	0.04579	0.70262	0.05495	0.02603	0.01060	0.00337	0.00482	0.02362	0.00771	0.00675
39	0.00982	0.00842	0.00842	0.00842	0.01122	0.00701	0.00631	0.01192	0.01894	0.02244	0.08416	0.07995	0.65285	0.02104	0.00982	0.00281	0.00421	0.01753	0.00771	0.00701
40	0.56632	0.01554	0.01415	0.01198	0.01748	0.01687	0.00988	0.02883	0.01679	0.20890	0.01739	0.01756	0.01217	0.00842	0.00602	0.00257	0.00660	0.00556	0.00655	0.01041
41	0.02325	0.63357	0.04117	0.01506	0.02184	0.10861	0.01443	0.02585	0.01767	0.01964	0.01170	0.01352	0.01067	0.00728	0.00559	0.00182	0.00960	0.00455	0.00364	0.01054
42	0.01339	0.00956	0.01339	0.01530	0.01721	0.00956	0.01339	0.01721	0.01912	0.02486	0.04399	0.09371	0.04781	0.02295	0.01147	0.00382	0.00765	0.60031	0.00765	0.00765
43	0.00982	0.00842	0.00842	0.00842	0.01122	0.00701	0.00631	0.01192	0.01894	0.02244	0.08416	0.07995	0.65285	0.02104	0.00982	0.00281	0.00421	0.01753	0.00771	0.00701
44	0.01530	0.05453	0.01434	0.01321	0.01538	0.15394	0.00961	0.01711	0.01825	0.02118	0.04458	0.38521	0.16608	0.02012	0.00946	0.00290	0.00714	0.01729	0.00673	0.00765
45	0.01729	0.01134	0.01374	0.01319	0.01553	0.01142	0.00981	0.13765	0.02087	0.07672	0.03733	0.31255	0.06860	0.09753	0.01485	0.04848	0.00660	0.07049	0.00748	0.00852
46	0.01666	0.04297	0.66500	0.02368	0.03596	0.01929	0.03069	0.02631	0.01754	0.02631	0.01491	0.01754	0.01052	0.00789	0.00789	0.00263	0.01228	0.00614	0.00351	0.01228

[dist]
# distance from previous block
# <min> <max>
0	1

[block]
# block no. 3 follows, 22 sequences, length 26
# corresponding to MSA columns:
# 273-298
name=unknown_D
#
# <colnr> <probs for GDERKNQSTAVLIFYWHMCP>
#	G	D	E	R	K	N	Q	S	T	A	V	L	I	F	Y	W	H	M	C	P
0	0.02136	0.02256	0.02878	0.24070	0.33339	0.16306	0.02268	0.02587	0.01922	0.02382	0.01475	0.01983	0.01198	0.00793	0.00809	0.00249	0.01136	0.00695	0.00402	0.01117
1	0.03103	0.03959	0.02354	0.02140	0.02568	0.67469	0.01605	0.03317	0.02354	0.02033	0.01284	0.01498	0.01070	0.00856	0.00749	0.00214	0.01498	0.00535	0.00428	0.00963
2	0.01899	0.01492	0.01130	0.01082	0.01329	0.15808	0.00812	0.02247	0.01880	0.02857	0.02389	0.02737	0.01891	0.00943	0.00619	0.00198	0.00638	0.00720	0.58514	0.00817
3	0.01443	0.00970	0.01187	0.01077	0.01351	0.00886	0.00809	0.01855	0.05016	0.08638	0.38768	0.05777	0.16147	0.07299	0.01209	0.00303	0.00483	0.01385	0.00842	0.04553
4	0.01203	0.00826	0.01012	0.01012	0.01049	0.00863	0.00635	0.01276	0.01239	0.01689	0.02521	0.04900	0.02787	0.54864	0.19850	0.00936	0.01156	0.01130	0.00489	0.00562
5	0.01945	0.01866	0.02719	0.41159	0.21371	0.06850	0.02260	0.07311	0.01959	0.02531	0.01528	0.02100	0.01186	0.00822	0.00822	0.00262	0.01088	0.00724	0.00423	0.01072
6	0.01755	0.01247	0.01585	0.17883	0.02517	0.01377	0.01250	0.14007	0.02121	0.03065	0.02683	0.17798	0.02492	0.01308	0.00801	0.00258	0.00692	0.01118	0.25127	0.00916
7	0.01340	0.01361	0.07660	0.01610	0.01912	0.01203	0.09337	0.01676	0.01425	0.02010	0.02185	0.03543	0.02114	0.21460	0.36360	0.00961	0.01661	0.00958	0.00448	0.00776
8	0.01208	0.00805	0.00906	0.00906	0.00906	0.00805	0.00503	0.01208	0.01208	0.01611	0.02618	0.05436	0.03020	0.70804	0.04228	0.00805	0.00805	0.01208	0.00503	0.00503
9	0.01841	0.02340	0.15042	0.19955	0.24378	0.01965	0.17409	0.02486	0.01827	0.02540	0.01557	0.02086	0.01203	0.00762	0.00857	0.00265	0.01163	0.00776	0.00392	0.01154
10	0.02685	0.08626	0.02361	0.01914	0.02388	0.35876	0.01499	0.09097	0.18737	0.02730	0.02031	0.02300	0.01652	0.00992	0.00782	0.00240	0.01139	0.03267	0.00585	0.01098
11	0.01099	0.00846	0.01004	0.00964	0.01194	0.00751	0.00723	0.01418	0.02169	0.02899	0.42603	0.06917	0.30689	0.01860	0.00981	0.00269	0.00403	0.01602	0.00858	0.00751
12	0.01012	0.00723	0.00964	0.01157	0.01205	0.00675	0.00771	0.01157	0.01591	0.02121	0.04579	0.70262	0.05495	0.02603	0.01060	0.00337	0.00482	0.02362	0.00771	0.00675
13	0.02669	0.32422	0.06201	0.01812	0.02431	0.27804	0.01591	0.11457	0.02265	0.02486	0.01340	0.01511	0.01117	0.00811	0.00671	0.00206	0.01142	0.00531	0.00451	0.01084
14	0.01666	0.04297	0.66500	0.02368	0.03596	0.01929	0.03069	0.02631	0.01754	0.02631	0.01491	0.01754	0.01052	0.00789	0.00789	0.00263	0.01228	0.00614	0.00351	0.01228
15	0.01068	0.00758	0.00956	0.01074	0.01136	0.00715	0.00704	0.01204	0.01583	0.02112	0.09321	0.46986	0.08401	0.17874	0.01764	0.00434	0.00544	0.01998	0.00723	0.00647
16	0.01265	0.01014	0.01394	0.01739	0.10180	0.00963	0.01180	0.01564	0.01839	0.02372	0.05235	0.20321	0.22343	0.02088	0.01036	0.00325	0.00636	0.22984	0.00720	0.00803
17	0.01906	0.01821	0.03101	0.24720	0.47175	0.01934	0.02475	0.02418	0.01821	0.02532	0.01536	0.02105	0.01252	0.00768	0.00825	0.00256	0.01024	0.00740	0.00398	0.01195
18	0.02233	0.01811	0.01784	0.04537	0.02069	0.11039	0.01245	0.22578	0.02464	0.03359	0.02100	0.02494	0.01678	0.02142	0.15787	0.00476	0.01171	0.00756	0.19261	0.01016
19	0.03103	0.03959	0.02354	0.02140	0.02568	0.67469	0.01605	0.03317	0.02354	0.02033	0.01284	0.01498	0.01070	0.00856	0.00749	0.00214	0.01498	0.00535	0.00428	0.00963
20	0.01666	0.04297	0.66500	0.02368	0.03596	0.01929	0.03069	0.02631	0.01754	0.02631	0.01491	0.01754	0.01052	0.00789	0.00789	0.00263	0.01228	0.00614	0.00351	0.01228
21	0.01744	0.02664	0.25127	0.03082	0.17007	0.01839	0.17772	0.02391	0.01793	0.02559	0.01960	0.11318	0.01773	0.01033	0.00968	0.00278	0.04143	0.00979	0.00440	0.01130
22	0.01008	0.00739	0.00947	0.01113	0.01193	0.00678	0.00752	0.01162	0.01633	0.02138	0.05113	0.61597	0.13815	0.02533	0.01049	0.00329	0.00473	0.02277	0.00771	0.00678
23	0.02026	0.01943	0.03318	0.08993	0.61961	0.01966	0.02535	0.02523	0.01878	0.02678	0.01557	0.02066	0.01303	0.00746	0.00823	0.00249	0.00994	0.00740	0.00409	0.01292
24	0.01824	0.03318	0.39122	0.03343	0.22320	0.01966	0.11057	0.02611	0.01824	0.02660	0.01538	0.01911	0.01160	0.00762	0.00825	0.00261	0.01179	0.00702	0.00378	0.01240
25	0.02035	0.02034	0.03717	0.04739	0.51809	0.02002	0.16086	0.02575	0.01907	0.02702	0.01589	0.02098	0.01303	0.00731	0.00858	0.00254	0.01080	0.00794	0.00413	0.01272

[dist]
# distance from previous block
# <min> <max>
5	13

[block]
# block no. 4 follows, 22 sequences, length 8
# corresponding to MSA columns:
# 312-319
name=unknown_E
#
# <colnr> <probs for GDERKNQSTAVLIFYWHMCP>
#	G	D	E	R	K	N	Q	S	T	A	V	L	I	F	Y	W	H	M	C	P
0	0.02484	0.23305	0.03144	0.02436	0.14402	0.18900	0.01730	0.02772	0.01890	0.08013	0.01449	0.01729	0.01210	0.00904	0.01029	0.00238	0.12220	0.00606	0.00447	0.01094
1	0.01333	0.01194	0.02082	0.11093	0.05943	0.01188	0.13302	0.01662	0.01690	0.02260	0.03417	0.43797	0.03830	0.01883	0.01000	0.00313	0.00777	0.01778	0.00627	0.00832
2	0.02535	0.03025	0.02195	0.01986	0.02274	0.43677	0.01517	0.02736	0.01964	0.01988	0.01428	0.02000	0.01304	0.06252	0.07831	0.00392	0.14922	0.00653	0.00422	0.00900
3	0.02413	0.01460	0.01714	0.01450	0.01912	0.01483	0.01148	0.12964	0.16643	0.21640	0.13118	0.08695	0.08989	0.01362	0.00889	0.00270	0.00639	0.01143	0.00894	0.01175
4	0.02508	0.01773	0.02049	0.01715	0.02159	0.02019	0.01384	0.16905	0.25251	0.14040	0.02626	0.02596	0.01936	0.01123	0.01127	0.00277	0.11916	0.00832	0.06518	0.01246
5	0.01228	0.01120	0.01068	0.01120	0.01340	0.07172	0.00830	0.01436	0.01853	0.02211	0.06262	0.25285	0.36449	0.02143	0.00997	0.00300	0.00574	0.07148	0.00738	0.00725
6	0.01674	0.01569	0.02340	0.02486	0.14115	0.01983	0.01724	0.01950	0.01410	0.02115	0.01522	0.02297	0.01430	0.02752	0.21814	0.00633	0.36077	0.00778	0.00397	0.00937
7	0.01951	0.02341	0.11478	0.03681	0.39156	0.09486	0.02196	0.02429	0.01928	0.02546	0.02640	0.02919	0.11703	0.00983	0.00835	0.00251	0.00988	0.00864	0.00464	0.01162

[dist]
# distance from previous block
# <min> <max>
6	9

[block]
# block no. 5 follows, 22 sequences, length 8
# corresponding to MSA columns:
# 329-336
name=unknown_F
#
# <colnr> <probs for GDERKNQSTAVLIFYWHMCP>
#	G	D	E	R	K	N	Q	S	T	A	V	L	I	F	Y	W	H	M	C	P
0	0.02356	0.44436	0.13499	0.01711	0.02465	0.09942	0.01717	0.10654	0.02066	0.02505	0.01333	0.01504	0.01111	0.00777	0.00636	0.00204	0.01010	0.00521	0.00426	0.01126
1	0.10395	0.01993	0.21993	0.01505	0.02003	0.01245	0.01515	0.01839	0.01664	0.02566	0.12881	0.17855	0.03235	0.01698	0.01263	0.13028	0.00765	0.01152	0.00561	0.00844
2	0.02823	0.03526	0.02251	0.02041	0.02420	0.56527	0.01546	0.03034	0.02224	0.02047	0.01832	0.02041	0.06160	0.01007	0.00940	0.00232	0.07314	0.00648	0.00450	0.00938
3	0.07044	0.07620	0.01982	0.06687	0.02199	0.15256	0.01286	0.13902	0.02179	0.02954	0.01871	0.02261	0.01519	0.01835	0.12490	0.00419	0.01154	0.00690	0.15679	0.00973
4	0.01850	0.01840	0.01733	0.01621	0.01855	0.17998	0.01258	0.02303	0.07236	0.02197	0.02001	0.02625	0.01756	0.03443	0.31835	0.00754	0.09455	0.00777	0.06594	0.00871
5	0.07366	0.01783	0.06181	0.08207	0.14691	0.08948	0.01621	0.02092	0.01859	0.02483	0.03410	0.10041	0.12081	0.01474	0.00905	0.00290	0.00869	0.14186	0.00576	0.00934
6	0.01900	0.02326	0.11817	0.02773	0.19974	0.11996	0.06524	0.02346	0.01866	0.02468	0.02117	0.15730	0.02070	0.01123	0.00838	0.00248	0.00981	0.01002	0.00490	0.11409
7	0.02593	0.01741	0.01970	0.01626	0.02123	0.01854	0.01296	0.32208	0.10082	0.13240	0.07654	0.14336	0.02834	0.01347	0.00884	0.00270	0.00740	0.01119	0.00858	0.01226

[dist]
# distance from previous block
# <min> <max>
13	30

[block]
# block no. 6 follows, 22 sequences, length 8
# corresponding to MSA columns:
# 369-376
name=unknown_G
#
# <colnr> <probs for GDERKNQSTAVLIFYWHMCP>
#	G	D	E	R	K	N	Q	S	T	A	V	L	I	F	Y	W	H	M	C	P
0	0.10978	0.02834	0.22094	0.03027	0.21671	0.07799	0.05435	0.06658	0.01928	0.02865	0.01469	0.01820	0.01152	0.00835	0.00915	0.00260	0.05989	0.00661	0.00432	0.01176
1	0.02332	0.02772	0.17864	0.02911	0.21515	0.13348	0.02135	0.06116	0.07718	0.09139	0.04712	0.02240	0.01692	0.00892	0.00813	0.00250	0.01046	0.00736	0.00545	0.01224
2	0.02524	0.17284	0.12565	0.02358	0.09562	0.33945	0.01904	0.02891	0.02021	0.02181	0.01310	0.01582	0.01095	0.00836	0.00825	0.00226	0.04875	0.00561	0.00396	0.01060
3	0.02922	0.02744	0.02317	0.01929	0.02453	0.25270	0.01529	0.35115	0.03076	0.03743	0.01770	0.01959	0.01365	0.01524	0.08149	0.00357	0.01264	0.00689	0.00647	0.01180
4	0.02271	0.01782	0.01948	0.01678	0.02159	0.01985	0.01354	0.25492	0.27174	0.03853	0.03252	0.03718	0.06567	0.01556	0.04583	0.00339	0.00836	0.07431	0.00804	0.01218
5	0.01030	0.00731	0.00959	0.01133	0.01177	0.00687	0.00746	0.01162	0.01555	0.02073	0.04396	0.64235	0.05264	0.08944	0.01355	0.00381	0.00512	0.02254	0.00746	0.00659
6	0.00982	0.00842	0.00842	0.00842	0.01122	0.00701	0.00631	0.01192	0.01894	0.02244	0.08416	0.07995	0.65285	0.02104	0.00982	0.00281	0.00421	0.01753	0.00771	0.00701
7	0.01447	0.00807	0.00932	0.00932	0.01113	0.00849	0.00710	0.01808	0.01628	0.02768	0.02573	0.03144	0.02115	0.02450	0.19429	0.00515	0.00905	0.00807	0.54303	0.00765

[dist]
# distance from previous block
# <min> <max>
0	1

[block]
# block no. 7 follows, 22 sequences, length 47
# corresponding to MSA columns:
# 378-424
name=unknown_H
#
# <colnr> <probs for GDERKNQSTAVLIFYWHMCP>
#	G	D	E	R	K	N	Q	S	T	A	V	L	I	F	Y	W	H	M	C	P
0	0.02056	0.01974	0.03372	0.05099	0.65622	0.01974	0.02550	0.02550	0.01892	0.02714	0.01563	0.02056	0.01316	0.00740	0.00822	0.00247	0.00987	0.00740	0.00411	0.01316
1	0.03060	0.02269	0.02441	0.01865	0.02535	0.02476	0.01539	0.58720	0.03757	0.05064	0.01959	0.01976	0.01400	0.00971	0.00816	0.00241	0.00894	0.00731	0.00808	0.06477
2	0.02343	0.02914	0.09812	0.03556	0.27444	0.23541	0.13119	0.02831	0.02042	0.02472	0.01485	0.01875	0.01198	0.00776	0.00823	0.00244	0.01254	0.00703	0.00412	0.01156
3	0.01039	0.00860	0.00921	0.00952	0.01218	0.00742	0.00745	0.01277	0.01897	0.02283	0.07772	0.08215	0.55587	0.02135	0.01008	0.00297	0.00476	0.11094	0.00770	0.00712
4	0.02035	0.01823	0.02817	0.06726	0.38931	0.01897	0.04681	0.05851	0.13189	0.02989	0.02032	0.02364	0.01612	0.00849	0.00809	0.00251	0.00886	0.00790	0.08230	0.01238
5	0.01039	0.00844	0.00921	0.00901	0.01157	0.00726	0.00676	0.01303	0.02028	0.02564	0.25090	0.07469	0.48411	0.01985	0.00981	0.00275	0.00412	0.01680	0.00813	0.00726
6	0.02263	0.45047	0.17085	0.01750	0.02519	0.14571	0.01802	0.02667	0.01822	0.02111	0.01249	0.01451	0.01064	0.00753	0.00626	0.00202	0.01070	0.00496	0.00368	0.01082
7	0.02089	0.02053	0.03288	0.07403	0.60199	0.05210	0.02493	0.02571	0.01906	0.02658	0.01546	0.02035	0.01296	0.00749	0.00819	0.00246	0.01017	0.00730	0.00410	0.01283
8	0.01204	0.00956	0.01236	0.08141	0.01856	0.00931	0.01112	0.01531	0.01901	0.02389	0.08861	0.07894	0.30094	0.02033	0.01036	0.00322	0.00636	0.26376	0.00734	0.00755
9	0.02467	0.02082	0.02667	0.13783	0.20655	0.04578	0.01931	0.28137	0.05809	0.03698	0.01808	0.02072	0.01370	0.00882	0.00816	0.00248	0.00961	0.00734	0.00608	0.04693
10	0.01034	0.00739	0.00989	0.01182	0.01240	0.00694	0.00810	0.01195	0.01612	0.02146	0.04567	0.66121	0.05446	0.02582	0.01066	0.00340	0.00501	0.06283	0.00771	0.00681
11	0.02171	0.02143	0.02913	0.03983	0.43982	0.09051	0.02159	0.03069	0.16501	0.02819	0.01958	0.02240	0.01575	0.00843	0.00820	0.00251	0.00965	0.00765	0.00515	0.01278
12	0.02221	0.71304	0.04353	0.01421	0.02132	0.03287	0.01421	0.02488	0.01688	0.01955	0.01155	0.01333	0.01066	0.00711	0.00533	0.00178	0.00888	0.00444	0.00355	0.01066
13	0.00982	0.00842	0.00842	0.00842	0.01122	0.00701	0.00631	0.01192	0.01894	0.02244	0.08416	0.07995	0.65285	0.02104	0.00982	0.00281	0.00421	0.01753	0.00771	0.00701
14	0.01012	0.00723	0.00964	0.01157	0.01205	0.00675	0.00771	0.01157	0.01591	0.02121	0.04579	0.70262	0.05495	0.02603	0.01060	0.00337	0.00482	0.02362	0.00771	0.00675
15	0.03106	0.03888	0.02360	0.02130	0.02569	0.64634	0.01604	0.05918	0.02422	0.02173	0.01315	0.01520	0.01085	0.00862	0.00753	0.00216	0.01473	0.00544	0.00446	0.00983
16	0.34843	0.17723	0.02173	0.01315	0.01892	0.05184	0.01131	0.02870	0.01799	0.19001	0.03947	0.01897	0.01482	0.00859	0.00627	0.00237	0.00748	0.00587	0.00617	0.01067
17	0.01717	0.03997	0.58352	0.02720	0.11601	0.01935	0.03002	0.02620	0.01772	0.02642	0.01500	0.01793	0.01086	0.00783	0.00794	0.00261	0.01197	0.00630	0.00359	0.01239
18	0.01842	0.05962	0.02652	0.02136	0.02178	0.02589	0.01794	0.02028	0.01297	0.01997	0.01094	0.01789	0.01089	0.01410	0.02595	0.00352	0.65205	0.00710	0.00363	0.00918
19	0.01066	0.00845	0.00958	0.00929	0.01173	0.00737	0.00697	0.01354	0.02091	0.02714	0.32925	0.07222	0.40483	0.01929	0.00981	0.00272	0.00408	0.01645	0.00833	0.00737
20	0.02063	0.02032	0.03225	0.11495	0.55992	0.05559	0.02473	0.02548	0.01893	0.02616	0.01538	0.02042	0.01281	0.00756	0.00819	0.00248	0.01027	0.00729	0.00408	0.01256
21	0.02434	0.09660	0.02170	0.01784	0.02145	0.39494	0.01353	0.05341	0.02145	0.02196	0.02224	0.20712	0.02321	0.01336	0.00818	0.00246	0.01127	0.01046	0.00535	0.00913
22	0.01835	0.04754	0.02536	0.22220	0.20864	0.05007	0.01863	0.02278	0.01763	0.02432	0.01514	0.02009	0.01245	0.01009	0.04064	0.00270	0.01000	0.00654	0.00422	0.22262
23	0.02104	0.03984	0.42646	0.02561	0.09142	0.20240	0.02611	0.02815	0.01935	0.02472	0.01440	0.01711	0.01082	0.00803	0.00781	0.00248	0.01281	0.00604	0.00378	0.01162
24	0.02152	0.02675	0.08176	0.02423	0.14964	0.28521	0.01686	0.02496	0.02055	0.02293	0.03081	0.06687	0.14251	0.01226	0.00847	0.00252	0.01072	0.03640	0.00518	0.00984
25	0.01407	0.00879	0.00983	0.00954	0.01060	0.00905	0.00629	0.04506	0.01517	0.02275	0.02580	0.04353	0.02582	0.40108	0.08649	0.00638	0.00811	0.01024	0.23489	0.00653
26	0.01883	0.01742	0.02144	0.31536	0.03694	0.07800	0.01669	0.08411	0.01957	0.02581	0.01686	0.05068	0.01426	0.03215	0.00887	0.00246	0.00949	0.00738	0.00479	0.21890
