[name]
unknown

[dist]
# distance from previous block
# <min> <max>
0	4

[block]
# block no. 0 follows, 22 sequences, length 66
# corresponding to MSA columns:
# 4-69
name=unknown_A
#
# <colnr> <probs for GDERKNQSTAVLIFYWHMCP>
#	G	D	E	R	K	N	Q	S	T	A	V	L	I	F	Y	W	H	M	C	P
0	0.01268	0.00908	0.01249	0.01383	0.01560	0.00888	0.01156	0.01628	0.01976	0.02635	0.17871	0.15109	0.05533	0.02195	0.01101	0.00351	0.00652	0.40979	0.00799	0.00760
1	0.02012	0.11237	0.32611	0.02313	0.08555	0.16462	0.02261	0.02605	0.01890	0.02382	0.01937	0.05724	0.04621	0.00957	0.00779	0.00246	0.01145	0.00742	0.00418	0.01102
2	0.02165	0.02435	0.03193	0.02686	0.06122	0.17320	0.18568	0.02513	0.01743	0.02226	0.01322	0.01873	0.01144	0.01072	0.01693	0.00300	0.31476	0.00753	0.00396	0.01001
3	0.01009	0.00736	0.00951	0.01123	0.01196	0.00678	0.00756	0.01160	0.01623	0.02134	0.04984	0.63678	0.11816	0.02550	0.01052	0.00331	0.00476	0.02297	0.00771	0.00678
4	0.02041	0.02015	0.03608	0.04853	0.56165	0.01993	0.11818	0.02567	0.01902	0.02706	0.01581	0.02085	0.01307	0.00734	0.00847	0.00252	0.01051	0.00777	0.00413	0.01286
5	0.03103	0.03959	0.02354	0.02140	0.02568	0.67469	0.01605	0.03317	0.02354	0.02033	0.01284	0.01498	0.01070	0.00856	0.00749	0.00214	0.01498	0.00535	0.00428	0.00963
6	0.00982	0.00842	0.00842	0.00842	0.01122	0.00701	0.00631	0.01192	0.01894	0.02244	0.08416	0.07995	0.65285	0.02104	0.00982	0.00281	0.00421	0.01753	0.00771	0.00701
7	0.03158	0.02327	0.02493	0.01911	0.02576	0.02576	0.01579	0.62852	0.03906	0.05236	0.01995	0.01995	0.01413	0.00997	0.00831	0.00249	0.00914	0.00748	0.00831	0.01413
8	0.01723	0.01477	0.01723	0.01230	0.01969	0.01107	0.00984	0.02092	0.01723	0.02707	0.01477	0.01723	0.01230	0.00615	0.00615	0.00123	0.00615	0.00492	0.00492	0.75883
9	0.00982	0.00842	0.00842	0.00842	0.01122	0.00701	0.00631	0.01192	0.01894	0.02244	0.08416	0.07995	0.65285	0.02104	0.00982	0.00281	0.00421	0.01753	0.00771	0.00701
10	0.02221	0.71304	0.04353	0.01421	0.02132	0.03287	0.01421	0.02488	0.01688	0.01955	0.01155	0.01333	0.01066	0.00711	0.00533	0.00178	0.00888	0.00444	0.00355	0.01066
11	0.76672	0.01607	0.01221	0.01092	0.01607	0.01864	0.00900	0.02442	0.01414	0.03727	0.01157	0.01350	0.00900	0.00771	0.00514	0.00257	0.00643	0.00450	0.00514	0.00900
12	0.01569	0.01477	0.02492	0.68808	0.05722	0.01846	0.02307	0.02123	0.01661	0.02123	0.01477	0.02215	0.01107	0.00831	0.00831	0.00277	0.01107	0.00738	0.00369	0.00923
13	0.01187	0.00890	0.01335	0.01335	0.01483	0.01038	0.01038	0.01483	0.01335	0.01928	0.02225	0.03264	0.02077	0.06231	0.67512	0.01335	0.02225	0.00890	0.00445	0.00742
14	0.02025	0.01942	0.03316	0.09169	0.61795	0.01966	0.02534	0.02522	0.01877	0.02676	0.01557	0.02066	0.01303	0.00746	0.00823	0.00249	0.00995	0.00740	0.00409	0.01291
15	0.02042	0.02027	0.03222	0.07161	0.48258	0.04969	0.04691	0.02486	0.01811	0.02548	0.01479	0.02009	0.01260	0.00856	0.01116	0.00266	0.11443	0.00738	0.00403	0.01214
16	0.03094	0.01921	0.02200	0.01725	0.02324	0.02031	0.01412	0.40537	0.03236	0.21285	0.02485	0.05792	0.01831	0.01373	0.04472	0.00315	0.00908	0.00862	0.00860	0.01339
17	0.01549	0.00774	0.00774	0.00774	0.00968	0.00774	0.00581	0.01936	0.01742	0.03097	0.02710	0.03097	0.02129	0.00968	0.00581	0.00194	0.00387	0.00774	0.75416	0.00774
18	0.06736	0.02143	0.09257	0.13076	0.16251	0.02001	0.12483	0.16052	0.02281	0.03202	0.02175	0.02492	0.06284	0.00920	0.00843	0.00263	0.01019	0.00832	0.00530	0.01160
19	0.01666	0.04297	0.66500	0.02368	0.03596	0.01929	0.03069	0.02631	0.01754	0.02631	0.01491	0.01754	0.01052	0.00789	0.00789	0.00263	0.01228	0.00614	0.00351	0.01228
20	0.01035	0.00827	0.00926	0.00936	0.01163	0.00718	0.00689	0.01282	0.01967	0.02501	0.22172	0.16071	0.42646	0.02070	0.00992	0.00283	0.00422	0.01773	0.00807	0.00718
21	0.03117	0.02229	0.02458	0.05114	0.02700	0.02457	0.01592	0.56273	0.03703	0.08866	0.02049	0.02057	0.01438	0.00991	0.00831	0.00251	0.00911	0.00753	0.00821	0.01389
22	0.02532	0.08087	0.31330	0.01949	0.02858	0.01934	0.02128	0.12205	0.04754	0.20975	0.02123	0.02116	0.01451	0.00896	0.00792	0.00254	0.00985	0.00697	0.00635	0.01300
23	0.01197	0.00848	0.01122	0.01122	0.01196	0.00923	0.00772	0.01346	0.01272	0.01770	0.02420	0.04344	0.02546	0.38351	0.36033	0.01072	0.01519	0.01048	0.00474	0.00623
24	0.01208	0.00805	0.00906	0.00906	0.00906	0.00805	0.00503	0.01208	0.01208	0.01611	0.02618	0.05436	0.03020	0.70804	0.04228	0.00805	0.00805	0.01208	0.00503	0.00503
25	0.03158	0.02327	0.02493	0.01911	0.02576	0.02576	0.01579	0.62852	0.03906	0.05236	0.01995	0.01995	0.01413	0.00997	0.00831	0.00249	0.00914	0.00748	0.00831	0.01413
26	0.01666	0.04297	0.66500	0.02368	0.03596	0.01929	0.03069	0.02631	0.01754	0.02631	0.01491	0.01754	0.01052	0.00789	0.00789	0.00263	0.01228	0.00614	0.00351	0.01228
27	0.01226	0.00948	0.01410	0.01388	0.01527	0.01132	0.01087	0.01516	0.01331	0.01933	0.02155	0.03174	0.02015	0.05933	0.63479	0.01275	0.06400	0.00880	0.00440	0.00752
28	0.03727	0.01414	0.01928	0.01478	0.02121	0.01221	0.01221	0.04049	0.02378	0.66198	0.03277	0.02828	0.02056	0.01028	0.00835	0.00257	0.00707	0.00835	0.01028	0.01414
29	0.01012	0.00723	0.00964	0.01157	0.01205	0.00675	0.00771	0.01157	0.01591	0.02121	0.04579	0.70262	0.05495	0.02603	0.01060	0.00337	0.00482	0.02362	0.00771	0.00675
30	0.00982	0.00842	0.00842	0.00842	0.01122	0.00701	0.00631	0.01192	0.01894	0.02244	0.08416	0.07995	0.65285	0.02104	0.00982	0.00281	0.00421	0.01753	0.00771	0.00701
31	0.02056	0.01974	0.03372	0.05099	0.65622	0.01974	0.02550	0.02550	0.01892	0.02714	0.01563	0.02056	0.01316	0.00740	0.00822	0.00247	0.00987	0.00740	0.00411	0.01316
32	0.01346	0.01124	0.01640	0.01548	0.01659	0.01418	0.01235	0.01613	0.01319	0.01946	0.01939	0.02899	0.01828	0.05027	0.51186	0.01090	0.19125	0.00849	0.00424	0.00784
33	0.01569	0.01477	0.02492	0.68808	0.05722	0.01846	0.02307	0.02123	0.01661	0.02123	0.01477	0.02215	0.01107	0.00831	0.00831	0.00277	0.01107	0.00738	0.00369	0.00923
34	0.00998	0.00847	0.00864	0.00873	0.01149	0.00713	0.00663	0.01216	0.01894	0.02255	0.08235	0.08057	0.62556	0.02113	0.00989	0.00285	0.00436	0.04382	0.00771	0.00704
35	0.01051	0.00843	0.01014	0.01037	0.01248	0.00806	0.00778	0.01281	0.01679	0.02128	0.05979	0.13845	0.37964	0.03485	0.22304	0.00625	0.01006	0.01549	0.00667	0.00711
36	0.01334	0.00884	0.01161	0.01072	0.01296	0.00811	0.00811	0.01722	0.02353	0.07230	0.61344	0.05996	0.07480	0.01657	0.00971	0.00261	0.00411	0.01461	0.00922	0.00823
37	0.01666	0.04297	0.66500	0.02368	0.03596	0.01929	0.03069	0.02631	0.01754	0.02631	0.01491	0.01754	0.01052	0.00789	0.00789	0.00263	0.01228	0.00614	0.00351	0.01228
38	0.01057	0.00838	0.00950	0.00936	0.01172	0.00731	0.00697	0.01333	0.02051	0.02650	0.29730	0.10704	0.40252	0.01977	0.00985	0.00276	0.00413	0.01691	0.00826	0.00731
39	0.01894	0.01892	0.03470	0.23124	0.34240	0.01966	0.16287	0.02452	0.01841	0.02531	0.01565	0.02144	0.01243	0.00757	0.00861	0.00263	0.01117	0.00795	0.00401	0.01157
40	0.01443	0.00722	0.01082	0.01082	0.01082	0.00722	0.00722	0.01082	0.01082	0.01443	0.01443	0.02525	0.01443	0.02886	0.03247	0.75830	0.00722	0.00722	0.00361	0.00361
41	0.01012	0.00723	0.00964	0.01157	0.01205	0.00675	0.00771	0.01157	0.01591	0.02121	0.04579	0.70262	0.05495	0.02603	0.01060	0.00337	0.00482	0.02362	0.00771	0.00675
42	0.01016	0.00756	0.00947	0.01082	0.01189	0.00687	0.00742	0.01190	0.01703	0.02222	0.09167	0.52829	0.18565	0.02439	0.01038	0.00320	0.00463	0.02177	0.00780	0.00687
43	0.01208	0.00805	0.00906	0.00906	0.00906	0.00805	0.00503	0.01208	0.01208	0.01611	0.02618	0.05436	0.03020	0.70804	0.04228	0.00805	0.00805	0.01208	0.00503	0.00503
44	0.01012	0.00723	0.00964	0.01157	0.01205	0.00675	0.00771	0.01157	0.01591	0.02121	0.04579	0.70262	0.05495	0.02603	0.01060	0.00337	0.00482	0.02362	0.00771	0.00675
45	0.03115	0.03610	0.02384	0.02091	0.02570	0.53587	0.01600	0.16053	0.02686	0.02718	0.01436	0.01604	0.01143	0.00886	0.00767	0.00222	0.01373	0.00581	0.00514	0.01059
46	0.01762	0.15847	0.55788	0.02205	0.03343	0.02163	0.02785	0.02606	0.01743	0.02514	0.01433	0.01681	0.01055	0.00776	0.00745	0.00248	0.01169	0.00585	0.00352	0.01200
47	0.02001	0.02087	0.07246	0.08999	0.57934	0.01963	0.02566	0.02527	0.01868	0.02671	0.01553	0.02047	0.01286	0.00749	0.00821	0.00250	0.01010	0.00732	0.00405	0.01285
48	0.06318	0.04130	0.62451	0.02289	0.03472	0.01925	0.02935	0.02619	0.01733	0.02699	0.01470	0.01729	0.01043	0.00788	0.00772	0.00263	0.01191	0.00604	0.00361	0.01207
49	0.01154	0.00803	0.01016	0.01064	0.01109	0.00824	0.00689	0.01256	0.01333	0.01810	0.03025	0.21292	0.03435	0.39324	0.17437	0.00805	0.01038	0.01428	0.00558	0.00599
50	0.01208	0.00805	0.00906	0.00906	0.00906	0.00805	0.00503	0.01208	0.01208	0.01611	0.02618	0.05436	0.03020	0.70804	0.04228	0.00805	0.00805	0.01208	0.00503	0.00503
51	0.01207	0.00809	0.00925	0.00925	0.00932	0.00816	0.00527	0.01220	0.01214	0.01625	0.02600	0.05339	0.02978	0.67919	0.07056	0.00829	0.00869	0.01194	0.00501	0.00514
52	0.02039	0.02413	0.16744	0.06676	0.36126	0.01886	0.04616	0.05484	0.01956	0.05367	0.01631	0.02004	0.01275	0.00767	0.00804	0.00243	0.01012	0.00704	0.00449	0.07804
53	0.01999	0.01966	0.03508	0.10636	0.51576	0.01980	0.10984	0.02527	0.01881	0.02653	0.01571	0.02096	0.01289	0.00743	0.00845	0.00254	0.01056	0.00774	0.00409	0.01253
54	0.01089	0.00782	0.01033	0.01104	0.01222	0.00726	0.00777	0.01351	0.01949	0.02692	0.33162	0.40051	0.06600	0.02176	0.01022	0.00301	0.00440	0.01956	0.00839	0.00726
55	0.03090	0.02293	0.02455	0.01898	0.02550	0.02545	0.01563	0.59214	0.07655	0.05126	0.02081	0.02063	0.01483	0.01005	0.00832	0.00251	0.00898	0.00760	0.00832	0.01407
56	0.01959	0.29614	0.24851	0.01681	0.02467	0.02190	0.01852	0.02492	0.01890	0.07644	0.13319	0.02502	0.02398	0.00947	0.00728	0.00229	0.00898	0.00730	0.00512	0.01097
57	0.02366	0.02672	0.08643	0.03268	0.21183	0.15353	0.14921	0.11825	0.02254	0.02895	0.01561	0.01933	0.01233	0.00843	0.00958	0.00256	0.05439	0.00739	0.00472	0.01185
58	0.03319	0.02213	0.02316	0.01807	0.02443	0.08232	0.01477	0.40176	0.03316	0.22691	0.02302	0.02191	0.01568	0.00993	0.00825	0.00248	0.00908	0.00754	0.00851	0.01371
59	0.01153	0.01338	0.11092	0.01239	0.01565	0.00906	0.01097	0.01511	0.01905	0.02577	0.22481	0.26881	0.19232	0.01947	0.00977	0.00291	0.00557	0.01704	0.00748	0.00798
60	0.06864	0.18463	0.17507	0.06750	0.15214	0.02384	0.02075	0.15867	0.02215	0.03104	0.01517	0.01774	0.01181	0.00809	0.00732	0.00238	0.00989	0.00627	0.00481	0.01209
61	0.02069	0.02953	0.23983	0.06637	0.08175	0.13180	0.07598	0.08938	0.02170	0.02874	0.08111	0.02354	0.01884	0.00915	0.00819	0.00251	0.01104	0.00764	0.04109	0.01112
62	0.01005	0.00749	0.00937	0.01087	0.01187	0.00681	0.00740	0.01165	0.01658	0.02148	0.05428	0.56480	0.18728	0.02492	0.01043	0.00325	0.00468	0.02227	0.00771	0.00681
63	0.02586	0.02600	0.02915	0.02759	0.13362	0.22971	0.13015	0.07018	0.10160	0.08455	0.01890	0.02101	0.01446	0.00894	0.00917	0.00253	0.04189	0.00753	0.00554	0.01164
64	0.08858	0.02418	0.14064	0.03073	0.17604	0.02041	0.19575	0.13160	0.02187	0.03194	0.01760	0.05049	0.01422	0.00869	0.00847	0.00265	0.01081	0.00836	0.00503	0.01195
65	0.00984	0.00834	0.00849	0.00862	0.01127	0.00700	0.00640	0.01190	0.01874	0.02236	0.08171	0.11973	0.61465	0.02136	0.00987	0.00284	0.00425	0.01792	0.00771	0.00700

[dist]
# distance from previous block
# <min> <max>
0	1

[block]
# block no. 1 follows, 22 sequences, length 36
# corresponding to MSA columns:
# 71-106
name=unknown_B
#
# <colnr> <probs for GDERKNQSTAVLIFYWHMCP>
#	G	D	E	R	K	N	Q	S	T	A	V	L	I	F	Y	W	H	M	C	P
0	0.02704	0.02499	0.17987	0.01883	0.02642	0.02012	0.01813	0.23273	0.14927	0.17959	0.02433	0.02341	0.01691	0.00979	0.00825	0.00261	0.00894	0.00772	0.00760	0.01348
1	0.02448	0.22600	0.02658	0.01745	0.02181	0.36243	0.01392	0.02664	0.02017	0.02028	0.01882	0.14697	0.01921	0.01151	0.00747	0.00227	0.01128	0.00861	0.00473	0.00937
2	0.01036	0.00844	0.00917	0.00899	0.01155	0.00724	0.00674	0.01297	0.02022	0.02548	0.24299	0.07494	0.49212	0.01990	0.00981	0.00275	0.00413	0.01683	0.00811	0.00724
3	0.02464	0.02652	0.02051	0.01871	0.02309	0.29321	0.01437	0.03825	0.35302	0.02825	0.02555	0.02736	0.02033	0.01071	0.00820	0.00258	0.01014	0.03648	0.00667	0.01141
4	0.02161	0.64091	0.11043	0.01523	0.02290	0.03141	0.01599	0.02503	0.01695	0.02027	0.01191	0.01378	0.01065	0.00719	0.00561	0.00187	0.00925	0.00462	0.00355	0.01083
5	0.02330	0.17711	0.24196	0.04995	0.06314	0.12448	0.02128	0.15149	0.02282	0.02918	0.01496	0.01711	0.01149	0.00825	0.00741	0.00234	0.01115	0.00606	0.00467	0.01183
6	0.02221	0.71304	0.04353	0.01421	0.02132	0.03287	0.01421	0.02488	0.01688	0.01955	0.01155	0.01333	0.01066	0.00711	0.00533	0.00178	0.00888	0.00444	0.00355	0.01066
7	0.01259	0.00895	0.00977	0.00927	0.01230	0.00760	0.00706	0.01504	0.01999	0.08255	0.15506	0.07283	0.51834	0.01951	0.00968	0.00276	0.00443	0.01636	0.00814	0.00778
8	0.01720	0.01288	0.07502	0.01360	0.01687	0.01007	0.01119	0.02145	0.05768	0.15651	0.10463	0.38649	0.04425	0.01914	0.00966	0.00302	0.00601	0.01697	0.00804	0.00932
9	0.01598	0.01507	0.02545	0.64932	0.09366	0.01853	0.02322	0.02149	0.01675	0.02159	0.01482	0.02205	0.01120	0.00825	0.00830	0.00275	0.01100	0.00738	0.00372	0.00947
10	0.01139	0.00821	0.01078	0.01070	0.01233	0.00759	0.00781	0.01475	0.02180	0.03059	0.51553	0.20613	0.07311	0.01902	0.00998	0.00278	0.00412	0.01696	0.00882	0.00759
11	0.02056	0.01974	0.03372	0.05099	0.65622	0.01974	0.02550	0.02550	0.01892	0.02714	0.01563	0.02056	0.01316	0.00740	0.00822	0.00247	0.00987	0.00740	0.00411	0.01316
12	0.02085	0.02237	0.13093	0.03561	0.32990	0.01852	0.08718	0.02844	0.08622	0.08722	0.02286	0.02530	0.04879	0.00885	0.00846	0.00259	0.00977	0.00830	0.00527	0.01257
13	0.00982	0.00842	0.00842	0.00842	0.01122	0.00701	0.00631	0.01192	0.01894	0.02244	0.08416	0.07995	0.65285	0.02104	0.00982	0.00281	0.00421	0.01753	0.00771	0.00701
14	0.01666	0.04297	0.66500	0.02368	0.03596	0.01929	0.03069	0.02631	0.01754	0.02631	0.01491	0.01754	0.01052	0.00789	0.00789	0.00263	0.01228	0.00614	0.00351	0.01228
15	0.01744	0.03834	0.53915	0.02912	0.15961	0.01938	0.02966	0.02615	0.01781	0.02647	0.01505	0.01814	0.01105	0.00779	0.00796	0.00260	0.01180	0.00639	0.00363	0.01245
16	0.01666	0.04297	0.66500	0.02368	0.03596	0.01929	0.03069	0.02631	0.01754	0.02631	0.01491	0.01754	0.01052	0.00789	0.00789	0.00263	0.01228	0.00614	0.00351	0.01228
17	0.02066	0.01785	0.01878	0.01691	0.02160	0.02066	0.01315	0.04414	0.64121	0.03475	0.03381	0.03099	0.02536	0.01127	0.00845	0.00282	0.00657	0.00939	0.00845	0.01315
18	0.03103	0.03959	0.02354	0.02140	0.02568	0.67469	0.01605	0.03317	0.02354	0.02033	0.01284	0.01498	0.01070	0.00856	0.00749	0.00214	0.01498	0.00535	0.00428	0.00963
19	0.01818	0.01818	0.02545	0.02181	0.02181	0.02545	0.01818	0.01999	0.01272	0.01999	0.01091	0.01818	0.01091	0.01454	0.02726	0.00364	0.69284	0.00727	0.00364	0.00909
20	0.02221	0.71304	0.04353	0.01421	0.02132	0.03287	0.01421	0.02488	0.01688	0.01955	0.01155	0.01333	0.01066	0.00711	0.00533	0.00178	0.00888	0.00444	0.00355	0.01066
21	0.01176	0.00849	0.01110	0.01045	0.01241	0.00784	0.00784	0.01568	0.02352	0.03331	0.65184	0.06206	0.07839	0.01698	0.00980	0.00261	0.00392	0.01502	0.00914	0.00784
22	0.02056	0.01974	0.03372	0.05099	0.65622	0.01974	0.02550	0.02550	0.01892	0.02714	0.01563	0.02056	0.01316	0.00740	0.00822	0.00247	0.00987	0.00740	0.00411	0.01316
23	0.03698	0.01461	0.01957	0.01501	0.02144	0.01291	0.01240	0.07096	0.02457	0.63038	0.03211	0.02784	0.02023	0.01027	0.00835	0.00257	0.00718	0.00831	0.01018	0.01414
24	0.01292	0.00877	0.01135	0.01054	0.01278	0.00801	0.00796	0.01669	0.02324	0.06429	0.58511	0.06147	0.11145	0.01690	0.00973	0.00262	0.00410	0.01485	0.00911	0.00810
25	0.01666	0.04297	0.66500	0.02368	0.03596	0.01929	0.03069	0.02631	0.01754	0.02631	0.01491	0.01754	0.01052	0.00789	0.00789	0.00263	0.01228	0.00614	0.00351	0.01228
26	0.01187	0.00890	0.01335	0.01335	0.01483	0.01038	0.01038	0.01483	0.01335	0.01928	0.02225	0.03264	0.02077	0.06231	0.67512	0.01335	0.02225	0.00890	0.00445	0.00742
27	0.01208	0.00805	0.00906	0.00906	0.00906	0.00805	0.00503	0.01208	0.01208	0.01611	0.02618	0.05436	0.03020	0.70804	0.04228	0.00805	0.00805	0.01208	0.00503	0.00503
28	0.01030	0.00843	0.00909	0.00892	0.01152	0.00722	0.00669	0.01286	0.02008	0.02515	0.22571	0.07549	0.50961	0.02003	0.00981	0.00276	0.00414	0.01691	0.00807	0.00722
29	0.01962	0.01878	0.03202	0.17372	0.54083	0.01949	0.02503	0.02467	0.01847	0.02600	0.01546	0.02087	0.01276	0.00758	0.00824	0.00253	0.01010	0.00740	0.00403	0.01240
30	0.01666	0.04297	0.66500	0.02368	0.03596	0.01929	0.03069	0.02631	0.01754	0.02631	0.01491	0.01754	0.01052	0.00789	0.00789	0.00263	0.01228	0.00614	0.00351	0.01228
31	0.02056	0.01974	0.03372	0.05099	0.65622	0.01974	0.02550	0.02550	0.01892	0.02714	0.01563	0.02056	0.01316	0.00740	0.00822	0.00247	0.00987	0.00740	0.00411	0.01316
32	0.01017	0.00796	0.00926	0.01023	0.01195	0.00705	0.00736	0.01209	0.01761	0.02204	0.06475	0.35600	0.35178	0.02336	0.01027	0.00312	0.00469	0.05567	0.00771	0.00693
33	0.02446	0.02821	0.14848	0.02622	0.15592	0.14228	0.02001	0.20771	0.06451	0.03347	0.02120	0.02270	0.04867	0.00948	0.00815	0.00249	0.01054	0.00749	0.00575	0.01228
34	0.06938	0.02219	0.06411	0.02970	0.18445	0.04904	0.13051	0.17758	0.02316	0.03268	0.01749	0.05286	0.01459	0.00975	0.01046	0.00271	0.08384	0.00830	0.00536	0.01184
35	0.02401	0.02052	0.01899	0.01640	0.02062	0.13558	0.01273	0.29935	0.02819	0.03596	0.02940	0.19059	0.06390	0.01433	0.00869	0.00264	0.00854	0.01169	0.04716	0.01073

[dist]
# distance from previous block
# <min> <max>
0	1

[block]
# block no. 2 follows, 22 sequences, length 355
# corresponding to MSA columns:
# 108-462
name=unknown_C
#
# <colnr> <probs for GDERKNQSTAVLIFYWHMCP>
#	G	D	E	R	K	N	Q	S	T	A	V	L	I	F	Y	W	H	M	C	P
0	0.02657	0.06634	0.02528	0.17822	0.05941	0.46179	0.01800	0.02964	0.02140	0.02079	0.01334	0.01681	0.01089	0.00838	0.00761	0.00228	0.01355	0.00587	0.00410	0.00974
1	0.14353	0.06815	0.31854	0.02638	0.11901	0.04859	0.11035	0.02614	0.01769	0.02767	0.01445	0.01765	0.01095	0.00765	0.00760	0.00256	0.01115	0.00644	0.00400	0.01150
2	0.01819	0.22793	0.49346	0.02107	0.03192	0.02304	0.02615	0.02591	0.01736	0.02444	0.01398	0.01638	0.01056	0.00768	0.00719	0.00240	0.01134	0.00567	0.00352	0.01183
3	0.01014	0.00755	0.00945	0.01083	0.01189	0.00686	0.00742	0.01185	0.01693	0.02207	0.08379	0.53709	0.18486	0.02451	0.01039	0.00321	0.00464	0.02188	0.00778	0.00686
4	0.08249	0.04122	0.01358	0.01215	0.01500	0.01204	0.00949	0.02084	0.12700	0.02917	0.22759	0.14598	0.13627	0.01720	0.00924	0.00287	0.00538	0.07594	0.00785	0.00869
5	0.02546	0.06382	0.02965	0.03545	0.33530	0.28476	0.02058	0.06096	0.02176	0.02536	0.01452	0.01790	0.01209	0.00799	0.00778	0.00230	0.01184	0.00643	0.00438	0.01166
6	0.01044	0.00844	0.00928	0.00907	0.01160	0.00728	0.00680	0.01312	0.02040	0.02592	0.26559	0.07423	0.46925	0.01974	0.00981	0.00274	0.00412	0.01673	0.00817	0.00728
7	0.01882	0.01748	0.02782	0.04017	0.48468	0.01731	0.02086	0.05379	0.01996	0.02743	0.03061	0.03332	0.15098	0.01047	0.00857	0.00254	0.00861	0.00959	0.00511	0.01189
8	0.01693	0.03589	0.49527	0.02178	0.03282	0.01761	0.05541	0.02516	0.01757	0.02649	0.01497	0.01771	0.01101	0.00747	0.00761	0.00234	0.01104	0.00606	0.00385	0.17301
9	0.01187	0.00890	0.01335	0.01335	0.01483	0.01038	0.01038	0.01483	0.01335	0.01928	0.02225	0.03264	0.02077	0.06231	0.67512	0.01335	0.02225	0.00890	0.00445	0.00742
10	0.01176	0.00849	0.01110	0.01045	0.01241	0.00784	0.00784	0.01568	0.02352	0.03331	0.65184	0.06206	0.07839	0.01698	0.00980	0.00261	0.00392	0.01502	0.00914	0.00784
11	0.01818	0.01818	0.02545	0.02181	0.02181	0.02545	0.01818	0.01999	0.01272	0.01999	0.01091	0.01818	0.01091	0.01454	0.02726	0.00364	0.69284	0.00727	0.00364	0.00909
12	0.01187	0.00890	0.01335	0.01335	0.01483	0.01038	0.01038	0.01483	0.01335	0.01928	0.02225	0.03264	0.02077	0.06231	0.67512	0.01335	0.02225	0.00890	0.00445	0.00742
13	0.01012	0.00723	0.00964	0.01157	0.01205	0.00675	0.00771	0.01157	0.01591	0.02121	0.04579	0.70262	0.05495	0.02603	0.01060	0.00337	0.00482	0.02362	0.00771	0.00675
14	0.01549	0.00774	0.00774	0.00774	0.00968	0.00774	0.00581	0.01936	0.01742	0.03097	0.02710	0.03097	0.02129	0.00968	0.00581	0.00194	0.00387	0.00774	0.75416	0.00774
15	0.02066	0.01785	0.01878	0.01691	0.02160	0.02066	0.01315	0.04414	0.64121	0.03475	0.03381	0.03099	0.02536	0.01127	0.00845	0.00282	0.00657	0.00939	0.00845	0.01315
16	0.03158	0.02327	0.02493	0.01911	0.02576	0.02576	0.01579	0.62852	0.03906	0.05236	0.01995	0.01995	0.01413	0.00997	0.00831	0.00249	0.00914	0.00748	0.00831	0.01413
17	0.01666	0.04297	0.66500	0.02368	0.03596	0.01929	0.03069	0.02631	0.01754	0.02631	0.01491	0.01754	0.01052	0.00789	0.00789	0.00263	0.01228	0.00614	0.00351	0.01228
18	0.02221	0.71304	0.04353	0.01421	0.02132	0.03287	0.01421	0.02488	0.01688	0.01955	0.01155	0.01333	0.01066	0.00711	0.00533	0.00178	0.00888	0.00444	0.00355	0.01066
19	0.00992	0.00842	0.00855	0.00852	0.01128	0.00705	0.00639	0.01211	0.01917	0.02299	0.11283	0.07905	0.62383	0.02083	0.00982	0.00280	0.00419	0.01741	0.00779	0.00705
20	0.03103	0.03959	0.02354	0.02140	0.02568	0.67469	0.01605	0.03317	0.02354	0.02033	0.01284	0.01498	0.01070	0.00856	0.00749	0.00214	0.01498	0.00535	0.00428	0.00963
21	0.03103	0.03959	0.02354	0.02140	0.02568	0.67469	0.01605	0.03317	0.02354	0.02033	0.01284	0.01498	0.01070	0.00856	0.00749	0.00214	0.01498	0.00535	0.00428	0.00963
22	0.01040	0.00825	0.00935	0.00946	0.01168	0.00720	0.00695	0.01290	0.01973	0.02525	0.23495	0.17079	0.40232	0.02069	0.00993	0.00284	0.00422	0.01778	0.00811	0.00720
23	0.03649	0.01431	0.01926	0.01488	0.02123	0.01261	0.01225	0.04066	0.05288	0.63241	0.03282	0.02840	0.02079	0.01033	0.00836	0.00258	0.00705	0.00840	0.01020	0.01409
24	0.01187	0.00890	0.01335	0.01335	0.01483	0.01038	0.01038	0.01483	0.01335	0.01928	0.02225	0.03264	0.02077	0.06231	0.67512	0.01335	0.02225	0.00890	0.00445	0.00742
25	0.38967	0.01507	0.01586	0.01292	0.01872	0.01531	0.01066	0.03272	0.01912	0.36018	0.02253	0.02114	0.01498	0.00904	0.00680	0.00257	0.00676	0.00649	0.00780	0.01165
26	0.01160	0.00887	0.01088	0.01176	0.01370	0.00838	0.00911	0.01520	0.04808	0.02451	0.12046	0.24450	0.23794	0.02200	0.01041	0.00322	0.00540	0.17862	0.00788	0.00749
27	0.01628	0.00851	0.00860	0.00831	0.01048	0.00864	0.00630	0.04956	0.01849	0.03203	0.02675	0.03043	0.02094	0.00969	0.00593	0.00196	0.00413	0.00773	0.71719	0.00806
28	0.01006	0.00784	0.00915	0.01007	0.01169	0.00692	0.00708	0.01193	0.01767	0.02237	0.09345	0.38504	0.33057	0.02329	0.01020	0.00308	0.00449	0.02040	0.00778	0.00692
29	0.01869	0.01740	0.02933	0.04288	0.51809	0.01772	0.02224	0.02320	0.01772	0.02545	0.01705	0.02316	0.01480	0.01923	0.15185	0.00481	0.01254	0.00772	0.00419	0.01192
30	0.05679	0.01790	0.01588	0.01488	0.01806	0.15480	0.01125	0.12149	0.02246	0.05812	0.06445	0.26293	0.08921	0.01694	0.00910	0.00282	0.00793	0.03868	0.00713	0.00917
31	0.01549	0.00774	0.00774	0.00774	0.00968	0.00774	0.00581	0.01936	0.01742	0.03097	0.02710	0.03097	0.02129	0.00968	0.00581	0.00194	0.00387	0.00774	0.75416	0.00774
32	0.00999	0.00773	0.00912	0.01024	0.01170	0.00686	0.00712	0.01172	0.01718	0.02173	0.06198	0.43988	0.30723	0.02392	0.01027	0.00313	0.00456	0.02105	0.00771	0.00686
33	0.02479	0.02945	0.02766	0.02338	0.02664	0.34928	0.09863	0.02747	0.01905	0.02105	0.01266	0.01715	0.01103	0.01054	0.01504	0.00278	0.26307	0.00665	0.00403	0.00964
34	0.02775	0.29126	0.03111	0.01859	0.02405	0.40129	0.01535	0.06013	0.02183	0.02165	0.01272	0.01461	0.01086	0.00809	0.00672	0.00202	0.01240	0.00512	0.00421	0.01024
35	0.01009	0.00843	0.00880	0.00870	0.01139	0.00713	0.00653	0.01246	0.01959	0.02398	0.16472	0.07741	0.57133	0.02046	0.00982	0.00278	0.00417	0.01718	0.00792	0.00713
36	0.01014	0.00832	0.00892	0.00899	0.01147	0.00711	0.00666	0.01246	0.01936	0.02397	0.16603	0.13099	0.51506	0.02086	0.00988	0.00283	0.00422	0.01768	0.00793	0.00711
37	0.00983	0.00835	0.00848	0.00858	0.01126	0.00700	0.00638	0.01190	0.01878	0.02238	0.08217	0.11218	0.62190	0.02130	0.00986	0.00283	0.00424	0.01785	0.00771	0.00700
38	0.01723	0.01477	0.01723	0.01230	0.01969	0.01107	0.00984	0.02092	0.01723	0.02707	0.01477	0.01723	0.01230	0.00615	0.00615	0.00123	0.00615	0.00492	0.00492	0.75883
39	0.02200	0.02317	0.01830	0.01666	0.01917	0.28683	0.01289	0.02459	0.01883	0.02325	0.02039	0.02420	0.04602	0.01353	0.04585	0.00301	0.15404	0.00720	0.21131	0.00875
40	0.01010	0.00836	0.00889	0.00914	0.01164	0.00715	0.00685	0.01231	0.01885	0.02292	0.10358	0.14011	0.54066	0.02143	0.00997	0.00290	0.00442	0.04588	0.00777	0.00705
41	0.01741	0.03459	0.43970	0.02798	0.09411	0.01911	0.15725	0.02575	0.01842	0.02681	0.04835	0.02117	0.01473	0.00813	0.00843	0.00265	0.01199	0.00751	0.00401	0.01190
42	0.02412	0.02752	0.06408	0.03732	0.34223	0.22320	0.07379	0.06041	0.02142	0.02630	0.01506	0.01880	0.01227	0.00789	0.00812	0.00240	0.01189	0.00691	0.00437	0.01190
43	0.01011	0.00843	0.00881	0.00872	0.01140	0.00714	0.00654	0.01248	0.01962	0.02406	0.16839	0.07729	0.56761	0.02044	0.00982	0.00278	0.00417	0.01716	0.00793	0.00714
44	0.01280	0.00989	0.01362	0.04935	0.05177	0.00973	0.01244	0.01616	0.01863	0.02392	0.04982	0.14342	0.17510	0.02127	0.01070	0.00343	0.00692	0.35596	0.00728	0.00780
45	0.02194	0.24371	0.02656	0.01787	0.05179	0.25387	0.01363	0.02419	0.01909	0.02066	0.02166	0.20454	0.02302	0.01286	0.00770	0.00238	0.00999	0.01021	0.00499	0.00934
46	0.01954	0.01869	0.03187	0.18472	0.53049	0.01947	0.02499	0.02460	0.01843	0.02590	0.01545	0.02089	0.01272	0.00759	0.00824	0.00253	0.01012	0.00740	0.00402	0.01233
47	0.01012	0.00723	0.00964	0.01157	0.01205	0.00675	0.00771	0.01157	0.01591	0.02121	0.04579	0.70262	0.05495	0.02603	0.01060	0.00337	0.00482	0.02362	0.00771	0.00675
48	0.02004	0.01962	0.03168	0.04481	0.53133	0.04943	0.05362	0.02471	0.01922	0.02676	0.04644	0.05895	0.01826	0.00888	0.00847	0.00252	0.00977	0.00865	0.00455	0.01230
49	0.01828	0.18523	0.44277	0.02324	0.03385	0.02248	0.11178	0.02604	0.01769	0.02489	0.01445	0.01732	0.01085	0.00760	0.00761	0.00247	0.01179	0.00629	0.00362	0.01177
50	0.01054	0.00741	0.00951	0.01103	0.01141	0.00703	0.00713	0.01168	0.01508	0.02011	0.04156	0.56301	0.04962	0.17291	0.01743	0.00438	0.00552	0.02113	0.00713	0.00638
51	0.03521	0.01629	0.02047	0.01582	0.02221	0.01556	0.01303	0.16731	0.05826	0.49900	0.03006	0.02662	0.01942	0.01027	0.00835	0.00257	0.00749	0.00822	0.00977	0.01409
52	0.01725	0.01262	0.01524	0.04412	0.01772	0.01338	0.01055	0.17417	0.02348	0.03209	0.22673	0.04621	0.04065	0.16863	0.08578	0.00494	0.00860	0.04174	0.00723	0.00888
53	0.02152	0.20500	0.29215	0.02235	0.03111	0.16402	0.10198	0.02747	0.01894	0.02339	0.01388	0.01659	0.01087	0.00773	0.00743	0.00234	0.01225	0.00603	0.00378	0.01117
54	0.01239	0.00967	0.01436	0.01405	0.01541	0.01164	0.01103	0.01526	0.01330	0.01934	0.02131	0.03143	0.01995	0.05833	0.62127	0.01254	0.07799	0.00877	0.00438	0.00756
55	0.03328	0.02054	0.02324	0.01782	0.02440	0.02171	0.01472	0.45287	0.03449	0.23445	0.02378	0.02243	0.01605	0.01007	0.00832	0.00252	0.00852	0.00774	0.00890	0.01413
56	0.02274	0.34060	0.03626	0.01990	0.02504	0.15681	0.09143	0.02566	0.01762	0.02068	0.01232	0.01585	0.01096	0.00902	0.01115	0.00239	0.16168	0.00591	0.00380	0.01018
57	0.01119	0.00847	0.01031	0.00985	0.01206	0.00760	0.00739	0.01457	0.02217	0.03012	0.48487	0.06732	0.24735	0.01818	0.00980	0.00267	0.00400	0.01576	0.00872	0.00760
58	0.02698	0.01725	0.02017	0.01508	0.02198	0.01595	0.01232	0.21546	0.02576	0.20225	0.02113	0.02099	0.01505	0.00843	0.00741	0.00198	0.00733	0.00662	0.00739	0.33048
59	0.01006	0.00748	0.00938	0.01091	0.01188	0.00680	0.00742	0.01164	0.01654	0.02147	0.05384	0.57192	0.18045	0.02498	0.01044	0.00325	0.00469	0.02234	0.00771	0.00680
60	0.01012	0.00723	0.00964	0.01157	0.01205	0.00675	0.00771	0.01157	0.01591	0.02121	0.04579	0.70262	0.05495	0.02603	0.01060	0.00337	0.00482	0.02362	0.00771	0.00675
61	0.03158	0.02327	0.02493	0.01911	0.02576	0.02576	0.01579	0.62852	0.03906	0.05236	0.01995	0.01995	0.01413	0.00997	0.00831	0.00249	0.00914	0.00748	0.00831	0.01413
62	0.01794	0.01706	0.02899	0.39355	0.33414	0.01905	0.02419	0.02320	0.01768	0.02396	0.01516	0.02141	0.01204	0.00789	0.00827	0.00263	0.01052	0.00739	0.00389	0.01105
63	0.02066	0.01785	0.01878	0.01691	0.02160	0.02066	0.01315	0.04414	0.64121	0.03475	0.03381	0.03099	0.02536	0.01127	0.00845	0.00282	0.00657	0.00939	0.00845	0.01315
64	0.01818	0.01818	0.02545	0.02181	0.02181	0.02545	0.01818	0.01999	0.01272	0.01999	0.01091	0.01818	0.01091	0.01454	0.02726	0.00364	0.69284	0.00727	0.00364	0.00909
65	0.76672	0.01607	0.01221	0.01092	0.01607	0.01864	0.00900	0.02442	0.01414	0.03727	0.01157	0.01350	0.00900	0.00771	0.00514	0.00257	0.00643	0.00450	0.00514	0.00900
66	0.01961	0.02241	0.04902	0.03501	0.04342	0.02101	0.62605	0.02661	0.01961	0.02661	0.01681	0.02241	0.01261	0.00700	0.00980	0.00280	0.01401	0.00980	0.00420	0.01120
67	0.01830	0.01473	0.01734	0.01244	0.01977	0.01114	0.00997	0.02197	0.01758	0.06118	0.01573	0.01782	0.01275	0.00637	0.00627	0.00130	0.00620	0.00511	0.00521	0.71882
68	0.03727	0.01414	0.01928	0.01478	0.02121	0.01221	0.01221	0.04049	0.02378	0.66198	0.03277	0.02828	0.02056	0.01028	0.00835	0.00257	0.00707	0.00835	0.01028	0.01414
69	0.03158	0.02327	0.02493	0.01911	0.02576	0.02576	0.01579	0.62852	0.03906	0.05236	0.01995	0.01995	0.01413	0.00997	0.00831	0.00249	0.00914	0.00748	0.00831	0.01413
70	0.07241	0.01805	0.02105	0.01614	0.02268	0.01804	0.01331	0.27997	0.02899	0.32312	0.02481	0.02311	0.01659	0.00966	0.00797	0.00242	0.00781	0.00749	0.00874	0.07764
71	0.02066	0.01785	0.01878	0.01691	0.02160	0.02066	0.01315	0.04414	0.64121	0.03475	0.03381	0.03099	0.02536	0.01127	0.00845	0.00282	0.00657	0.00939	0.00845	0.01315
72	0.02066	0.01785	0.01878	0.01691	0.02160	0.02066	0.01315	0.04414	0.64121	0.03475	0.03381	0.03099	0.02536	0.01127	0.00845	0.00282	0.00657	0.00939	0.00845	0.01315
73	0.01208	0.00805	0.00906	0.00906	0.00906	0.00805	0.00503	0.01208	0.01208	0.01611	0.02618	0.05436	0.03020	0.70804	0.04228	0.00805	0.00805	0.01208	0.00503	0.00503
74	0.76672	0.01607	0.01221	0.01092	0.01607	0.01864	0.00900	0.02442	0.01414	0.03727	0.01157	0.01350	0.00900	0.00771	0.00514	0.00257	0.00643	0.00450	0.00514	0.00900
75	0.02056	0.01974	0.03372	0.05099	0.65622	0.01974	0.02550	0.02550	0.01892	0.02714	0.01563	0.02056	0.01316	0.00740	0.00822	0.00247	0.00987	0.00740	0.00411	0.01316
76	0.01666	0.04297	0.66500	0.02368	0.03596	0.01929	0.03069	0.02631	0.01754	0.02631	0.01491	0.01754	0.01052	0.00789	0.00789	0.00263	0.01228	0.00614	0.00351	0.01228
77	0.01251	0.00922	0.01220	0.01373	0.01575	0.00891	0.01168	0.01587	0.01893	0.02419	0.05217	0.12112	0.17014	0.02272	0.01110	0.00360	0.00682	0.45423	0.00767	0.00748
78	0.03605	0.01610	0.02050	0.01571	0.02219	0.01513	0.01298	0.16713	0.02707	0.53068	0.03001	0.02648	0.01918	0.01022	0.00834	0.00255	0.00752	0.00817	0.00986	0.01414
79	0.03103	0.03959	0.02354	0.02140	0.02568	0.67469	0.01605	0.03317	0.02354	0.02033	0.01284	0.01498	0.01070	0.00856	0.00749	0.00214	0.01498	0.00535	0.00428	0.00963
80	0.01199	0.00841	0.01089	0.01089	0.01152	0.00904	0.00731	0.01325	0.01262	0.01746	0.02451	0.04512	0.02619	0.43343	0.31141	0.01031	0.01409	0.01073	0.00479	0.00605
81	0.01194	0.00860	0.01184	0.01184	0.01280	0.00956	0.00850	0.01386	0.01290	0.01816	0.02364	0.04030	0.02409	0.29000	0.45198	0.01148	0.01725	0.01002	0.00466	0.00658
82	0.02566	0.16236	0.02434	0.01540	0.02075	0.02034	0.01307	0.22222	0.02474	0.15739	0.02158	0.02350	0.01647	0.02069	0.15117	0.00467	0.01123	0.00733	0.04548	0.01163
83	0.01569	0.01477	0.02492	0.68808	0.05722	0.01846	0.02307	0.02123	0.01661	0.02123	0.01477	0.02215	0.01107	0.00831	0.00831	0.00277	0.01107	0.00738	0.00369	0.00923
84	0.01012	0.00797	0.00918	0.01010	0.01187	0.00703	0.00726	0.01203	0.01766	0.02204	0.06585	0.34544	0.36858	0.02325	0.01023	0.00310	0.00464	0.04901	0.00771	0.00693
85	0.01531	0.01319	0.01991	0.02271	0.15055	0.01554	0.01487	0.01835	0.01452	0.02153	0.01869	0.02766	0.01736	0.06476	0.32841	0.00808	0.17034	0.00829	0.04100	0.00892
86	0.02121	0.02291	0.02662	0.20233	0.16866	0.18271	0.02051	0.02476	0.01775	0.02194	0.01341	0.01894	0.01138	0.00989	0.01332	0.00279	0.19996	0.00685	0.00391	0.01014
87	0.01818	0.01818	0.02545	0.02181	0.02181	0.02545	0.01818	0.01999	0.01272	0.01999	0.01091	0.01818	0.01091	0.01454	0.02726	0.00364	0.69284	0.00727	0.00364	0.00909
88	0.01076	0.00828	0.00988	0.01011	0.01213	0.00740	0.00750	0.01349	0.02003	0.02625	0.27911	0.19047	0.30203	0.02061	0.01005	0.00290	0.00440	0.04908	0.00823	0.00729
89	0.12918	0.02838	0.08209	0.01902	0.02473	0.25445	0.04244	0.18499	0.02556	0.03325	0.08150	0.02155	0.01848	0.00956	0.00776	0.00242	0.01082	0.00707	0.00589	0.01085
90	0.01643	0.01400	0.01951	0.02442	0.21985	0.01425	0.01434	0.02459	0.15094	0.03043	0.23056	0.04254	0.10150	0.01277	0.00882	0.00260	0.00641	0.01130	0.04418	0.01057
91	0.01002	0.00762	0.00924	0.01053	0.01178	0.00683	0.00725	0.01168	0.01690	0.02161	0.05836	0.49852	0.25093	0.02439	0.01035	0.00319	0.00462	0.02162	0.00771	0.00683
92	0.01946	0.01987	0.06110	0.16969	0.51490	0.01948	0.02528	0.02473	0.01842	0.02599	0.01543	0.02072	0.01265	0.00759	0.00822	0.00253	0.01021	0.00734	0.00401	0.01238
93	0.06023	0.10027	0.02766	0.17574	0.09160	0.33183	0.04958	0.02811	0.02018	0.02222	0.01355	0.01728	0.01103	0.00812	0.00753	0.00233	0.01252	0.00610	0.00409	0.01003
94	0.01066	0.00845	0.00958	0.00930	0.01174	0.00737	0.00697	0.01354	0.02091	0.02714	0.32941	0.07222	0.40467	0.01929	0.00981	0.00272	0.00408	0.01645	0.00833	0.00737
95	0.01996	0.05308	0.14339	0.04471	0.52202	0.02022	0.02592	0.02561	0.01859	0.02668	0.01533	0.01973	0.01260	0.00747	0.00804	0.00247	0.01024	0.00706	0.00398	0.01290
96	0.01001	0.00842	0.00868	0.00861	0.01134	0.00709	0.00646	0.01229	0.01938	0.02349	0.13913	0.07822	0.59722	0.02065	0.00982	0.00279	0.00418	0.01729	0.00785	0.00709
97	0.01297	0.00853	0.01140	0.01149	0.01299	0.00940	0.00877	0.01597	0.01464	0.02253	0.02496	0.03690	0.02299	0.10285	0.40127	0.00925	0.01518	0.03606	0.21454	0.00731
98	0.28899	0.01360	0.01503	0.01249	0.01750	0.01353	0.01014	0.02948	0.02032	0.30631	0.15862	0.03034	0.02894	0.01082	0.00753	0.00258	0.00616	0.00843	0.00822	0.01097
99	0.02056	0.01974	0.03372	0.05099	0.65622	0.01974	0.02550	0.02550	0.01892	0.02714	0.01563	0.02056	0.01316	0.00740	0.00822	0.00247	0.00987	0.00740	0.00411	0.01316
100	0.01208	0.00805	0.00906	0.00906	0.00906	0.00805	0.00503	0.01208	0.01208	0.01611	0.02618	0.05436	0.03020	0.70804	0.04228	0.00805	0.00805	0.01208	0.00503	0.00503
101	0.03103	0.03959	0.02354	0.02140	0.02568	0.67469	0.01605	0.03317	0.02354	0.02033	0.01284	0.01498	0.01070	0.00856	0.00749	0.00214	0.01498	0.00535	0.00428	0.00963
102	0.76672	0.01607	0.01221	0.01092	0.01607	0.01864	0.00900	0.02442	0.01414	0.03727	0.01157	0.01350	0.00900	0.00771	0.00514	0.00257	0.00643	0.00450	0.00514	0.00900
103	0.03727	0.01414	0.01928	0.01478	0.02121	0.01221	0.01221	0.04049	0.02378	0.66198	0.03277	0.02828	0.02056	0.01028	0.00835	0.00257	0.00707	0.00835	0.01028	0.01414
104	0.01176	0.00849	0.01110	0.01045	0.01241	0.00784	0.00784	0.01568	0.02352	0.03331	0.65184	0.06206	0.07839	0.01698	0.00980	0.00261	0.00392	0.01502	0.00914	0.00784
105	0.76672	0.01607	0.01221	0.01092	0.01607	0.01864	0.00900	0.02442	0.01414	0.03727	0.01157	0.01350	0.00900	0.00771	0.00514	0.00257	0.00643	0.00450	0.00514	0.00900
106	0.03103	0.03959	0.02354	0.02140	0.02568	0.67469	0.01605	0.03317	0.02354	0.02033	0.01284	0.01498	0.01070	0.00856	0.00749	0.00214	0.01498	0.00535	0.00428	0.00963
107	0.01205	0.00809	0.00932	0.00952	0.00965	0.00807	0.00562	0.01233	0.01265	0.01684	0.02812	0.08922	0.03240	0.63678	0.03903	0.00759	0.00787	0.04427	0.00531	0.00526
108	0.03103	0.03959	0.02354	0.02140	0.02568	0.67469	0.01605	0.03317	0.02354	0.02033	0.01284	0.01498	0.01070	0.00856	0.00749	0.00214	0.01498	0.00535	0.00428	0.00963
109	0.03700	0.01457	0.01955	0.01498	0.02142	0.01285	0.01238	0.06820	0.02450	0.63324	0.03217	0.02788	0.02026	0.01027	0.00835	0.00257	0.00717	0.00831	0.01019	0.01414
110	0.01818	0.01818	0.02545	0.02181	0.02181	0.02545	0.01818	0.01999	0.01272	0.01999	0.01091	0.01818	0.01091	0.01454	0.02726	0.00364	0.69284	0.00727	0.00364	0.00909
111	0.02056	0.01974	0.03372	0.05099	0.65622	0.01974	0.02550	0.02550	0.01892	0.02714	0.01563	0.02056	0.01316	0.00740	0.00822	0.00247	0.00987	0.00740	0.00411	0.01316
112	0.01077	0.00845	0.00974	0.00942	0.01181	0.00742	0.00706	0.01377	0.02119	0.02778	0.36311	0.07116	0.37057	0.01905	0.00981	0.00271	0.00407	0.01630	0.00842	0.00742
113	0.02557	0.01121	0.01455	0.01208	0.01631	0.01005	0.00963	0.02912	0.02234	0.35335	0.20165	0.03814	0.03661	0.01199	0.00820	0.00245	0.00551	0.01006	0.17018	0.01103
114	0.02693	0.27416	0.03214	0.02128	0.08987	0.19748	0.01631	0.19373	0.02496	0.02960	0.01463	0.01634	0.01189	0.00831	0.00702	0.00214	0.01065	0.00583	0.00512	0.01161
115	0.10036	0.02277	0.02534	0.03071	0.28879	0.16106	0.01794	0.05084	0.01989	0.02773	0.01459	0.01786	0.01204	0.00752	0.00730	0.00214	0.00980	0.00612	0.00460	0.17259
116	0.02712	0.23491	0.09005	0.01954	0.02539	0.42682	0.01691	0.03012	0.02104	0.02067	0.01266	0.01474	0.01067	0.00808	0.00690	0.00208	0.01296	0.00516	0.00400	0.01018
117	0.01252	0.01061	0.01109	0.01059	0.01375	0.01026	0.00805	0.01977	0.16368	0.02637	0.12862	0.06683	0.45054	0.01837	0.00950	0.00279	0.00473	0.01540	0.00803	0.00852
118	0.02261	0.68234	0.04262	0.01454	0.02152	0.06213	0.01430	0.02525	0.01718	0.01958	0.01161	0.01340	0.01066	0.00717	0.00543	0.00179	0.00916	0.00448	0.00359	0.01061
119	0.01443	0.00722	0.01082	0.01082	0.01082	0.00722	0.00722	0.01082	0.01082	0.01443	0.01443	0.02525	0.01443	0.02886	0.03247	0.75830	0.00722	0.00722	0.00361	0.00361
120	0.01044	0.00844	0.00928	0.00907	0.01160	0.00728	0.00680	0.01313	0.02041	0.02593	0.26654	0.07420	0.46829	0.01974	0.00981	0.00274	0.00412	0.01673	0.00817	0.00728
121	0.20204	0.08564	0.02284	0.01749	0.02270	0.24770	0.01410	0.17630	0.02411	0.06132	0.01500	0.01646	0.01160	0.00893	0.00789	0.00238	0.04116	0.00582	0.00565	0.01086
122	0.02919	0.03089	0.02340	0.02015	0.02498	0.36649	0.01569	0.20815	0.11004	0.03161	0.01763	0.01872	0.01367	0.00962	0.00880	0.00241	0.04457	0.00660	0.00599	0.01139
123	0.00982	0.00842	0.00842	0.00842	0.01122	0.00701	0.00631	0.01192	0.01894	0.02244	0.08416	0.07995	0.65285	0.02104	0.00982	0.00281	0.00421	0.01753	0.00771	0.00701
124	0.05530	0.01920	0.03144	0.07505	0.47371	0.02032	0.05090	0.02555	0.04596	0.02690	0.01577	0.02061	0.01315	0.00836	0.01015	0.00264	0.08100	0.00745	0.00429	0.01225
125	0.01197	0.00906	0.01279	0.01283	0.01446	0.01008	0.00982	0.01571	0.04126	0.02157	0.08657	0.09978	0.05974	0.05059	0.49150	0.01048	0.01740	0.01127	0.00552	0.00762
126	0.01208	0.00805	0.00906	0.00906	0.00906	0.00805	0.00503	0.01208	0.01208	0.01611	0.02618	0.05436	0.03020	0.70804	0.04228	0.00805	0.00805	0.01208	0.00503	0.00503
127	0.01035	0.00811	0.00937	0.00975	0.01172	0.00713	0.00705	0.01269	0.01915	0.02460	0.20418	0.24770	0.35564	0.02148	0.01003	0.00292	0.00431	0.01863	0.00804	0.00713
128	0.01765	0.03666	0.48586	0.02935	0.13094	0.01959	0.11061	0.02623	0.01803	0.02648	0.01527	0.01866	0.01120	0.00770	0.00820	0.00263	0.01215	0.00683	0.00369	0.01227
129	0.02253	0.02360	0.02676	0.12343	0.28052	0.18293	0.02015	0.03084	0.15378	0.02627	0.01873	0.02164	0.01489	0.00865	0.00810	0.00250	0.01060	0.00732	0.00503	0.01174
130	0.01217	0.00934	0.01392	0.01375	0.01516	0.01110	0.01075	0.01508	0.01332	0.01932	0.02172	0.03195	0.02030	0.06005	0.64451	0.01289	0.05394	0.00882	0.00441	0.00750
131	0.01208	0.00805	0.00906	0.00906	0.00906	0.00805	0.00503	0.01208	0.01208	0.01611	0.02618	0.05436	0.03020	0.70804	0.04228	0.00805	0.00805	0.01208	0.00503	0.00503
132	0.05738	0.21432	0.03210	0.02079	0.02600	0.28455	0.10903	0.02756	0.01930	0.02176	0.01327	0.01665	0.01135	0.01071	0.03721	0.00277	0.07514	0.00608	0.00406	0.00998
133	0.01013	0.00753	0.00945	0.01086	0.01189	0.00685	0.00742	0.01182	0.01688	0.02200	0.08059	0.54365	0.18148	0.02458	0.01040	0.00322	0.00465	0.02196	0.00778	0.00685
134	0.02482	0.02646	0.02331	0.02171	0.05610	0.27992	0.01629	0.03198	0.16264	0.05317	0.01819	0.02045	0.01471	0.01086	0.01327	0.00275	0.20030	0.00706	0.00533	0.01068
135	0.01193	0.00864	0.01203	0.01203	0.01305	0.00967	0.00873	0.01399	0.01296	0.01830	0.02346	0.03934	0.02368	0.26151	0.47990	0.01172	0.01787	0.00988	0.00463	0.00668
136	0.27464	0.02017	0.01992	0.01588	0.02181	0.02257	0.01308	0.40016	0.02980	0.04637	0.01750	0.01831	0.01276	0.00921	0.00714	0.00249	0.00800	0.00650	0.04157	0.01213
137	0.01011	0.00729	0.00958	0.01142	0.01201	0.00676	0.00765	0.01158	0.01605	0.02127	0.04760	0.67320	0.08320	0.02579	0.01057	0.00335	0.00479	0.02333	0.00771	0.00676
