[name]
unknown

[dist]
# distance from previous block
# <min> <max>
0	0

[block]
# block no. 0 follows, 22 sequences, length 9
# corresponding to MSA columns:
# 0-8
name=unknown_A
#
# <colnr> <probs for GDERKNQSTAVLIFYWHMCP>
#	G	D	E	R	K	N	Q	S	T	A	V	L	I	F	Y	W	H	M	C	P
0	0.01339	0.00956	0.01339	0.01530	0.01721	0.00956	0.01339	0.01721	0.01912	0.02486	0.04399	0.09371	0.04781	0.02295	0.01147	0.00382	0.00765	0.60031	0.00765	0.00765
1	0.02486	0.01750	0.02363	0.02714	0.22220	0.01822	0.01681	0.03732	0.28724	0.19201	0.02780	0.02700	0.02028	0.00980	0.00836	0.00264	0.00774	0.00850	0.00755	0.01340
2	0.02140	0.02134	0.03290	0.04861	0.60545	0.07248	0.02474	0.02611	0.01929	0.02659	0.01540	0.02011	0.01296	0.00750	0.00817	0.00244	0.01028	0.00724	0.00413	0.01287
3	0.02316	0.02291	0.02065	0.02055	0.08771	0.21171	0.01417	0.14066	0.08974	0.02836	0.02527	0.08109	0.05863	0.09677	0.01323	0.00323	0.03637	0.00949	0.00603	0.01027
4	0.01654	0.00971	0.01229	0.01136	0.01286	0.00974	0.00788	0.01801	0.01604	0.12989	0.11449	0.09134	0.03528	0.36878	0.06801	0.00613	0.04542	0.01217	0.00657	0.00747
5	0.15628	0.01486	0.01986	0.02226	0.18019	0.01435	0.01403	0.02883	0.02018	0.27478	0.06092	0.03227	0.10447	0.01086	0.00802	0.00258	0.00713	0.00899	0.00741	0.01173
6	0.01968	0.01848	0.03052	0.08836	0.52309	0.01892	0.02355	0.02583	0.06102	0.02708	0.01903	0.02711	0.01657	0.00894	0.00850	0.00262	0.00955	0.05403	0.00466	0.01246
7	0.20868	0.01628	0.02080	0.24769	0.08140	0.06125	0.04065	0.02152	0.01557	0.02470	0.01375	0.01973	0.01133	0.01191	0.01252	0.13544	0.03748	0.00658	0.00414	0.00859
8	0.02056	0.01974	0.03372	0.05099	0.65622	0.01974	0.02550	0.02550	0.01892	0.02714	0.01563	0.02056	0.01316	0.00740	0.00822	0.00247	0.00987	0.00740	0.00411	0.01316

[dist]
# distance from previous block
# <min> <max>
51	104

[block]
# block no. 1 follows, 22 sequences, length 11
# corresponding to MSA columns:
# 123-133
name=unknown_B
#
# <colnr> <probs for GDERKNQSTAVLIFYWHMCP>
#	G	D	E	R	K	N	Q	S	T	A	V	L	I	F	Y	W	H	M	C	P
0	0.06938	0.02372	0.11164	0.03755	0.39251	0.06511	0.02264	0.06142	0.05137	0.06087	0.01710	0.02021	0.01342	0.00805	0.00796	0.00250	0.00997	0.00706	0.00487	0.01264
1	0.01923	0.06368	0.06141	0.19630	0.37735	0.02039	0.09324	0.02461	0.01826	0.02517	0.01527	0.02056	0.01233	0.00757	0.00823	0.00254	0.01067	0.00743	0.00396	0.01181
2	0.02238	0.02335	0.02924	0.20967	0.27805	0.16976	0.05306	0.06807	0.02080	0.02574	0.01512	0.01976	0.01208	0.00806	0.00817	0.00249	0.01152	0.00706	0.00434	0.01128
3	0.11796	0.07734	0.04718	0.02166	0.11739	0.23311	0.01532	0.02475	0.01933	0.02446	0.02402	0.09739	0.05614	0.01225	0.00805	0.00259	0.01004	0.07620	0.00521	0.00961
4	0.17546	0.13357	0.02413	0.01960	0.09351	0.16198	0.01423	0.13212	0.02259	0.03135	0.07440	0.02275	0.04281	0.00953	0.00720	0.00234	0.00922	0.00700	0.00561	0.01060
5	0.01966	0.10448	0.15863	0.10812	0.25500	0.06818	0.05094	0.02487	0.01789	0.02407	0.01489	0.02012	0.01241	0.03430	0.01026	0.00273	0.05128	0.00694	0.00390	0.01136
6	0.02079	0.13849	0.02692	0.02677	0.22269	0.16991	0.01668	0.02410	0.01990	0.02411	0.09557	0.03015	0.09969	0.01073	0.00875	0.00238	0.03835	0.00857	0.00506	0.01037
7	0.02094	0.10381	0.11331	0.10575	0.33110	0.09633	0.02283	0.02702	0.05426	0.02518	0.01569	0.01947	0.01272	0.00788	0.00779	0.00242	0.01059	0.00678	0.00419	0.01193
8	0.01956	0.10942	0.10856	0.09083	0.13673	0.11996	0.01854	0.05138	0.01840	0.02349	0.01649	0.02178	0.01401	0.02259	0.18719	0.00531	0.01427	0.00696	0.00423	0.01029
9	0.09604	0.11534	0.25961	0.02114	0.02973	0.02240	0.09922	0.12961	0.09246	0.03196	0.01741	0.01918	0.01297	0.00840	0.00768	0.00254	0.01031	0.00684	0.00514	0.01202
10	0.01573	0.18226	0.02003	0.01268	0.01624	0.01583	0.01053	0.07795	0.01957	0.02508	0.08418	0.15936	0.16635	0.02239	0.09216	0.00400	0.00842	0.05207	0.00645	0.00873

[dist]
# distance from previous block
# <min> <max>
0	1

[block]
# block no. 2 follows, 22 sequences, length 51
# corresponding to MSA columns:
# 135-185
name=unknown_C
#
# <colnr> <probs for GDERKNQSTAVLIFYWHMCP>
#	G	D	E	R	K	N	Q	S	T	A	V	L	I	F	Y	W	H	M	C	P
0	0.02557	0.18634	0.03223	0.02127	0.02722	0.26788	0.12992	0.10390	0.04720	0.02599	0.01820	0.02017	0.04088	0.00878	0.00768	0.00228	0.01186	0.00695	0.00492	0.01075
1	0.01662	0.18324	0.33738	0.01966	0.06220	0.01953	0.02111	0.02277	0.01802	0.02447	0.05802	0.03045	0.13250	0.01056	0.00779	0.00246	0.00949	0.00837	0.00460	0.01078
2	0.02056	0.01974	0.03372	0.05099	0.65622	0.01974	0.02550	0.02550	0.01892	0.02714	0.01563	0.02056	0.01316	0.00740	0.00822	0.00247	0.00987	0.00740	0.00411	0.01316
3	0.01422	0.00805	0.00922	0.00922	0.01080	0.00840	0.00678	0.01739	0.01581	0.02639	0.02585	0.03428	0.02228	0.10921	0.16645	0.00536	0.00868	0.00855	0.48572	0.00733
4	0.02007	0.01924	0.03284	0.11499	0.59605	0.01961	0.02525	0.02507	0.01868	0.02655	0.01554	0.02072	0.01295	0.00749	0.00823	0.00250	0.00999	0.00740	0.00407	0.01276
5	0.02242	0.03232	0.21278	0.03359	0.25781	0.20962	0.06115	0.02802	0.01991	0.02489	0.01469	0.01819	0.01166	0.00785	0.00801	0.00244	0.01230	0.00659	0.00399	0.01176
6	0.00982	0.00842	0.00842	0.00842	0.01122	0.00701	0.00631	0.01192	0.01894	0.02244	0.08416	0.07995	0.65285	0.02104	0.00982	0.00281	0.00421	0.01753	0.00771	0.00701
7	0.01190	0.00850	0.01168	0.01360	0.01485	0.00828	0.01080	0.01463	0.01765	0.02319	0.04481	0.37170	0.05107	0.02435	0.01108	0.00362	0.00636	0.33703	0.00768	0.00724
8	0.03103	0.03959	0.02354	0.02140	0.02568	0.67469	0.01605	0.03317	0.02354	0.02033	0.01284	0.01498	0.01070	0.00856	0.00749	0.00214	0.01498	0.00535	0.00428	0.00963
9	0.02268	0.67718	0.04247	0.01460	0.02155	0.06705	0.01431	0.02532	0.01723	0.01959	0.01162	0.01341	0.01066	0.00718	0.00545	0.00180	0.00921	0.00449	0.00359	0.01061
10	0.01666	0.04297	0.66500	0.02368	0.03596	0.01929	0.03069	0.02631	0.01754	0.02631	0.01491	0.01754	0.01052	0.00789	0.00789	0.00263	0.01228	0.00614	0.00351	0.01228
11	0.03103	0.03959	0.02354	0.02140	0.02568	0.67469	0.01605	0.03317	0.02354	0.02033	0.01284	0.01498	0.01070	0.00856	0.00749	0.00214	0.01498	0.00535	0.00428	0.00963
12	0.01012	0.00723	0.00964	0.01157	0.01205	0.00675	0.00771	0.01157	0.01591	0.02121	0.04579	0.70262	0.05495	0.02603	0.01060	0.00337	0.00482	0.02362	0.00771	0.00675
13	0.03158	0.02327	0.02493	0.01911	0.02576	0.02576	0.01579	0.62852	0.03906	0.05236	0.01995	0.01995	0.01413	0.00997	0.00831	0.00249	0.00914	0.00748	0.00831	0.01413
14	0.02056	0.01974	0.03372	0.05099	0.65622	0.01974	0.02550	0.02550	0.01892	0.02714	0.01563	0.02056	0.01316	0.00740	0.00822	0.00247	0.00987	0.00740	0.00411	0.01316
15	0.03158	0.02327	0.02493	0.01911	0.02576	0.02576	0.01579	0.62852	0.03906	0.05236	0.01995	0.01995	0.01413	0.00997	0.00831	0.00249	0.00914	0.00748	0.00831	0.01413
16	0.02056	0.01974	0.03372	0.05099	0.65622	0.01974	0.02550	0.02550	0.01892	0.02714	0.01563	0.02056	0.01316	0.00740	0.00822	0.00247	0.00987	0.00740	0.00411	0.01316
17	0.01995	0.01912	0.03262	0.13059	0.58138	0.01958	0.02519	0.02496	0.01863	0.02640	0.01552	0.02076	0.01290	0.00751	0.00823	0.00250	0.01002	0.00740	0.00406	0.01267
18	0.01942	0.01858	0.03167	0.19956	0.51653	0.01944	0.02493	0.02450	0.01838	0.02576	0.01543	0.02093	0.01267	0.00761	0.00824	0.00254	0.01015	0.00740	0.00401	0.01224
19	0.02056	0.01974	0.03372	0.05099	0.65622	0.01974	0.02550	0.02550	0.01892	0.02714	0.01563	0.02056	0.01316	0.00740	0.00822	0.00247	0.00987	0.00740	0.00411	0.01316
20	0.01045	0.00746	0.01002	0.01194	0.01257	0.00703	0.00828	0.01213	0.01623	0.02157	0.04561	0.64145	0.05423	0.02572	0.01069	0.00342	0.00510	0.08155	0.00771	0.00684
21	0.00983	0.00836	0.00848	0.00858	0.01126	0.00700	0.00638	0.01190	0.01878	0.02238	0.08220	0.11172	0.62235	0.02129	0.00986	0.00283	0.00424	0.01784	0.00771	0.00700
22	0.02056	0.01974	0.03372	0.05099	0.65622	0.01974	0.02550	0.02550	0.01892	0.02714	0.01563	0.02056	0.01316	0.00740	0.00822	0.00247	0.00987	0.00740	0.00411	0.01316
23	0.01666	0.04297	0.66500	0.02368	0.03596	0.01929	0.03069	0.02631	0.01754	0.02631	0.01491	0.01754	0.01052	0.00789	0.00789	0.00263	0.01228	0.00614	0.00351	0.01228
24	0.01780	0.01749	0.01841	0.01696	0.01840	0.13834	0.01334	0.02017	0.01573	0.02117	0.01951	0.09153	0.01901	0.02665	0.19037	0.00571	0.24673	0.00904	0.08529	0.00837
25	0.01942	0.01858	0.03167	0.19956	0.51653	0.01944	0.02493	0.02450	0.01838	0.02576	0.01543	0.02093	0.01267	0.00761	0.00824	0.00254	0.01015	0.00740	0.00401	0.01224
26	0.01995	0.01912	0.03262	0.13059	0.58138	0.01958	0.02519	0.02496	0.01863	0.02640	0.01552	0.02076	0.01290	0.00751	0.00823	0.00250	0.01002	0.00740	0.00406	0.01267
27	0.02056	0.01974	0.03372	0.05099	0.65622	0.01974	0.02550	0.02550	0.01892	0.02714	0.01563	0.02056	0.01316	0.00740	0.00822	0.00247	0.00987	0.00740	0.00411	0.01316
28	0.01682	0.02139	0.17192	0.02485	0.16196	0.01608	0.05089	0.02592	0.13012	0.03023	0.22109	0.03500	0.03542	0.01123	0.00877	0.00263	0.00818	0.01001	0.00634	0.01116
29	0.01138	0.00841	0.01006	0.01008	0.01175	0.00776	0.00729	0.01381	0.01898	0.02524	0.27782	0.09911	0.21705	0.17336	0.01724	0.00402	0.00529	0.06678	0.00764	0.00692
30	0.01726	0.01031	0.01319	0.01283	0.04736	0.00915	0.00921	0.02046	0.02178	0.16971	0.28838	0.05842	0.25660	0.01636	0.00940	0.00266	0.00503	0.01399	0.00865	0.00924
31	0.01666	0.04297	0.66500	0.02368	0.03596	0.01929	0.03069	0.02631	0.01754	0.02631	0.01491	0.01754	0.01052	0.00789	0.00789	0.00263	0.01228	0.00614	0.00351	0.01228
32	0.03103	0.03959	0.02354	0.02140	0.02568	0.67469	0.01605	0.03317	0.02354	0.02033	0.01284	0.01498	0.01070	0.00856	0.00749	0.00214	0.01498	0.00535	0.00428	0.00963
33	0.01187	0.00890	0.01335	0.01335	0.01483	0.01038	0.01038	0.01483	0.01335	0.01928	0.02225	0.03264	0.02077	0.06231	0.67512	0.01335	0.02225	0.00890	0.00445	0.00742
34	0.02221	0.71304	0.04353	0.01421	0.02132	0.03287	0.01421	0.02488	0.01688	0.01955	0.01155	0.01333	0.01066	0.00711	0.00533	0.00178	0.00888	0.00444	0.00355	0.01066
35	0.01188	0.00886	0.01313	0.01313	0.01454	0.01026	0.01011	0.01469	0.01329	0.01912	0.02246	0.03376	0.02126	0.09580	0.64229	0.01308	0.02152	0.00907	0.00448	0.00729
36	0.01187	0.00890	0.01335	0.01335	0.01483	0.01038	0.01038	0.01483	0.01335	0.01928	0.02225	0.03264	0.02077	0.06231	0.67512	0.01335	0.02225	0.00890	0.00445	0.00742
37	0.02056	0.01974	0.03372	0.05099	0.65622	0.01974	0.02550	0.02550	0.01892	0.02714	0.01563	0.02056	0.01316	0.00740	0.00822	0.00247	0.00987	0.00740	0.00411	0.01316
38	0.02056	0.01974	0.03372	0.05099	0.65622	0.01974	0.02550	0.02550	0.01892	0.02714	0.01563	0.02056	0.01316	0.00740	0.00822	0.00247	0.00987	0.00740	0.00411	0.01316
39	0.01012	0.00723	0.00964	0.01157	0.01205	0.00675	0.00771	0.01157	0.01591	0.02121	0.04579	0.70262	0.05495	0.02603	0.01060	0.00337	0.00482	0.02362	0.00771	0.00675
40	0.01791	0.01704	0.02894	0.39723	0.33068	0.01904	0.02418	0.02317	0.01766	0.02393	0.01516	0.02142	0.01203	0.00789	0.00827	0.00263	0.01052	0.00739	0.00388	0.01102
41	0.01010	0.00825	0.00897	0.00947	0.01176	0.00712	0.00704	0.01219	0.01835	0.02235	0.07404	0.20353	0.49660	0.02214	0.01008	0.00298	0.00455	0.05574	0.00771	0.00700
42	0.01985	0.02086	0.02437	0.02633	0.16232	0.16475	0.04108	0.02296	0.01696	0.02172	0.01582	0.02224	0.01421	0.02480	0.20075	0.00575	0.17394	0.00743	0.00414	0.00972
43	0.01023	0.00728	0.00961	0.01143	0.01188	0.00682	0.00756	0.01160	0.01569	0.02092	0.04467	0.66581	0.05354	0.06475	0.01240	0.00364	0.00500	0.02296	0.00756	0.00665
44	0.03103	0.03959	0.02354	0.02140	0.02568	0.67469	0.01605	0.03317	0.02354	0.02033	0.01284	0.01498	0.01070	0.00856	0.00749	0.00214	0.01498	0.00535	0.00428	0.00963
45	0.02120	0.59127	0.15647	0.01593	0.02398	0.03040	0.01721	0.02514	0.01700	0.02077	0.01216	0.01409	0.01064	0.00725	0.00580	0.00193	0.00950	0.00475	0.00355	0.01095
46	0.01012	0.00723	0.00964	0.01157	0.01205	0.00675	0.00771	0.01157	0.01591	0.02121	0.04579	0.70262	0.05495	0.02603	0.01060	0.00337	0.00482	0.02362	0.00771	0.00675
47	0.01012	0.00723	0.00964	0.01157	0.01205	0.00675	0.00771	0.01157	0.01591	0.02121	0.04579	0.70262	0.05495	0.02603	0.01060	0.00337	0.00482	0.02362	0.00771	0.00675
48	0.01905	0.01981	0.03853	0.18619	0.25097	0.02001	0.29101	0.02504	0.01871	0.02558	0.01596	0.02173	0.01245	0.00743	0.00894	0.00268	0.01197	0.00846	0.00406	0.01142
49	0.02720	0.01932	0.02115	0.01742	0.02310	0.02132	0.01400	0.26186	0.32500	0.13409	0.02848	0.02647	0.02046	0.01064	0.00839	0.00266	0.00761	0.00852	0.00867	0.01366
50	0.02007	0.02264	0.11260	0.04758	0.57872	0.01968	0.02615	0.02560	0.01874	0.02704	0.01554	0.02018	0.01283	0.00746	0.00818	0.00249	0.01017	0.00724	0.00404	0.01305

[dist]
# distance from previous block
# <min> <max>
0	1

[block]
# block no. 3 follows, 22 sequences, length 42
# corresponding to MSA columns:
# 187-228
name=unknown_D
#
# <colnr> <probs for GDERKNQSTAVLIFYWHMCP>
#	G	D	E	R	K	N	Q	S	T	A	V	L	I	F	Y	W	H	M	C	P
0	0.02320	0.63784	0.04130	0.01502	0.02181	0.10455	0.01442	0.02580	0.01762	0.01963	0.01169	0.01351	0.01067	0.00727	0.00557	0.00182	0.00957	0.00454	0.00363	0.01055
1	0.02056	0.01974	0.03372	0.05099	0.65622	0.01974	0.02550	0.02550	0.01892	0.02714	0.01563	0.02056	0.01316	0.00740	0.00822	0.00247	0.00987	0.00740	0.00411	0.01316
2	0.02171	0.13920	0.21841	0.01820	0.02555	0.02074	0.01857	0.14787	0.09176	0.07704	0.02326	0.09059	0.01988	0.01126	0.00810	0.00261	0.00911	0.03817	0.00614	0.01184
3	0.01807	0.04264	0.60212	0.02345	0.03495	0.08354	0.02926	0.02698	0.01813	0.02572	0.01471	0.01729	0.01054	0.00796	0.00785	0.00258	0.01254	0.00606	0.00358	0.01202
4	0.02056	0.01974	0.03372	0.05099	0.65622	0.01974	0.02550	0.02550	0.01892	0.02714	0.01563	0.02056	0.01316	0.00740	0.00822	0.00247	0.00987	0.00740	0.00411	0.01316
5	0.02266	0.02361	0.03087	0.04322	0.49561	0.15103	0.02294	0.02804	0.05344	0.02619	0.01605	0.02001	0.01333	0.00784	0.00809	0.00242	0.01072	0.00710	0.00438	0.01245
6	0.01870	0.01841	0.02853	0.37861	0.30701	0.06004	0.02365	0.02377	0.01801	0.02366	0.01501	0.02103	0.01193	0.00794	0.00822	0.00260	0.01081	0.00726	0.00391	0.01091
7	0.01938	0.02169	0.04631	0.08354	0.08275	0.02074	0.54461	0.02615	0.01935	0.02625	0.01658	0.02227	0.01253	0.00712	0.00960	0.00278	0.01353	0.00948	0.00416	0.01118
8	0.01037	0.00844	0.00919	0.00900	0.01156	0.00725	0.00675	0.01300	0.02025	0.02556	0.24691	0.07482	0.48816	0.01988	0.00981	0.00275	0.00413	0.01681	0.00812	0.00725
9	0.19241	0.10028	0.05704	0.01746	0.02261	0.34454	0.01438	0.02970	0.06514	0.02553	0.01769	0.01909	0.04401	0.00902	0.00695	0.00231	0.01113	0.00602	0.00483	0.00986
10	0.01095	0.00906	0.00972	0.01000	0.01244	0.00829	0.00731	0.01500	0.07921	0.02336	0.07012	0.22288	0.44948	0.02127	0.00987	0.00294	0.00459	0.01818	0.00779	0.00755
11	0.00999	0.00775	0.00911	0.01020	0.01169	0.00686	0.00710	0.01172	0.01722	0.02174	0.06248	0.43177	0.31502	0.02386	0.01026	0.00313	0.00455	0.02097	0.00771	0.00686
12	0.01303	0.00847	0.01166	0.01166	0.01316	0.00944	0.00892	0.01576	0.01426	0.02207	0.02299	0.03165	0.02045	0.04573	0.44852	0.06449	0.01622	0.00847	0.20583	0.00723
13	0.03258	0.03164	0.02269	0.01956	0.02463	0.44141	0.01511	0.10472	0.02542	0.17632	0.01840	0.01872	0.01344	0.00913	0.00779	0.00228	0.01242	0.00631	0.00618	0.01123
14	0.01694	0.07658	0.63383	0.02320	0.03522	0.01997	0.02987	0.02624	0.01751	0.02597	0.01474	0.01733	0.01053	0.00785	0.00776	0.00259	0.01211	0.00605	0.00351	0.01220
15	0.01009	0.00734	0.00953	0.01127	0.01197	0.00677	0.00758	0.01160	0.01619	0.02132	0.04936	0.64459	0.11067	0.02556	0.01053	0.00332	0.00476	0.02305	0.00771	0.00677
16	0.02005	0.01922	0.03281	0.11715	0.59402	0.01961	0.02524	0.02505	0.01868	0.02653	0.01554	0.02073	0.01294	0.00750	0.00823	0.00250	0.00999	0.00740	0.00407	0.01275
17	0.02056	0.01974	0.03372	0.05099	0.65622	0.01974	0.02550	0.02550	0.01892	0.02714	0.01563	0.02056	0.01316	0.00740	0.00822	0.00247	0.00987	0.00740	0.00411	0.01316
18	0.01292	0.01024	0.01183	0.01112	0.01383	0.01004	0.00843	0.02005	0.13912	0.03064	0.38133	0.06102	0.22379	0.01700	0.00955	0.00270	0.00450	0.01464	0.00863	0.00862
19	0.01878	0.19100	0.34518	0.02476	0.03474	0.02291	0.19802	0.02607	0.01798	0.02484	0.01468	0.01797	0.01115	0.00746	0.00785	0.00248	0.01199	0.00680	0.00372	0.01160
20	0.01005	0.00750	0.00936	0.01084	0.01186	0.00681	0.00739	0.01165	0.01660	0.02149	0.05460	0.55957	0.19231	0.02488	0.01042	0.00324	0.00468	0.02222	0.00771	0.00681
21	0.06228	0.16266	0.02095	0.01306	0.01803	0.07096	0.01091	0.07056	0.02132	0.13082	0.09222	0.03966	0.19983	0.01276	0.00792	0.00238	0.00712	0.01004	0.00689	0.03965
22	0.02113	0.02081	0.03317	0.04939	0.62218	0.05510	0.02499	0.02591	0.01917	0.02677	0.01548	0.02026	0.01303	0.00746	0.00818	0.00245	0.01015	0.00729	0.00412	0.01297
23	0.01208	0.00805	0.00906	0.00906	0.00906	0.00805	0.00503	0.01208	0.01208	0.01611	0.02618	0.05436	0.03020	0.70804	0.04228	0.00805	0.00805	0.01208	0.00503	0.00503
24	0.03199	0.01433	0.01788	0.01407	0.01963	0.01351	0.01151	0.13141	0.02498	0.43688	0.02956	0.02747	0.01967	0.01011	0.00784	0.00243	0.00676	0.00809	0.15902	0.01285
25	0.01569	0.01477	0.02492	0.68808	0.05722	0.01846	0.02307	0.02123	0.01661	0.02123	0.01477	0.02215	0.01107	0.00831	0.00831	0.00277	0.01107	0.00738	0.00369	0.00923
26	0.02066	0.01785	0.01878	0.01691	0.02160	0.02066	0.01315	0.04414	0.64121	0.03475	0.03381	0.03099	0.02536	0.01127	0.00845	0.00282	0.00657	0.00939	0.00845	0.01315
27	0.03103	0.03959	0.02354	0.02140	0.02568	0.67469	0.01605	0.03317	0.02354	0.02033	0.01284	0.01498	0.01070	0.00856	0.00749	0.00214	0.01498	0.00535	0.00428	0.00963
28	0.01012	0.00723	0.00964	0.01157	0.01205	0.00675	0.00771	0.01157	0.01591	0.02121	0.04579	0.70262	0.05495	0.02603	0.01060	0.00337	0.00482	0.02362	0.00771	0.00675
29	0.76672	0.01607	0.01221	0.01092	0.01607	0.01864	0.00900	0.02442	0.01414	0.03727	0.01157	0.01350	0.00900	0.00771	0.00514	0.00257	0.00643	0.00450	0.00514	0.00900
30	0.01187	0.00890	0.01335	0.01335	0.01483	0.01038	0.01038	0.01483	0.01335	0.01928	0.02225	0.03264	0.02077	0.06231	0.67512	0.01335	0.02225	0.00890	0.00445	0.00742
31	0.01818	0.01818	0.02545	0.02181	0.02181	0.02545	0.01818	0.01999	0.01272	0.01999	0.01091	0.01818	0.01091	0.01454	0.02726	0.00364	0.69284	0.00727	0.00364	0.00909
32	0.01012	0.00843	0.00883	0.00873	0.01141	0.00714	0.00655	0.01251	0.01965	0.02413	0.17249	0.07717	0.56346	0.02041	0.00982	0.00278	0.00416	0.01714	0.00794	0.00714
33	0.01011	0.00838	0.00890	0.00923	0.01174	0.00717	0.00696	0.01227	0.01865	0.02250	0.07747	0.14199	0.55021	0.02167	0.01002	0.00294	0.00452	0.06054	0.00771	0.00703
34	0.02907	0.02202	0.02352	0.01861	0.02481	0.02459	0.01518	0.49427	0.17740	0.04831	0.02313	0.02248	0.01671	0.01027	0.00834	0.00257	0.00855	0.00792	0.00834	0.01390
35	0.03387	0.01960	0.02266	0.01737	0.02393	0.02031	0.01435	0.39198	0.03291	0.29758	0.02511	0.02330	0.01672	0.01010	0.00833	0.00252	0.00831	0.00783	0.00910	0.01413
36	0.01012	0.00723	0.00964	0.01157	0.01205	0.00675	0.00771	0.01157	0.01591	0.02121	0.04579	0.70262	0.05495	0.02603	0.01060	0.00337	0.00482	0.02362	0.00771	0.00675
37	0.01017	0.00843	0.00891	0.00879	0.01144	0.00716	0.00659	0.01261	0.01977	0.02443	0.18820	0.07667	0.54757	0.02030	0.00981	0.00277	0.00415	0.01707	0.00798	0.00716
38	0.00982	0.00842	0.00842	0.00842	0.01122	0.00701	0.00631	0.01192	0.01894	0.02244	0.08416	0.07995	0.65285	0.02104	0.00982	0.00281	0.00421	0.01753	0.00771	0.00701
39	0.02663	0.03254	0.02120	0.01955	0.02319	0.52207	0.01475	0.02896	0.02120	0.02009	0.01500	0.01904	0.01301	0.02091	0.16087	0.00472	0.01665	0.00617	0.00432	0.00912
40	0.56633	0.01737	0.01527	0.01285	0.01838	0.01960	0.01059	0.14664	0.01983	0.08576	0.01479	0.01586	0.01087	0.00835	0.00601	0.00256	0.00702	0.00538	0.00615	0.01040
41	0.02489	0.20540	0.21007	0.01970	0.02751	0.17480	0.01967	0.17041	0.02386	0.02942	0.01479	0.01647	0.01145	0.00834	0.00726	0.00227	0.01130	0.00585	0.00484	0.01170

[dist]
# distance from previous block
# <min> <max>
0	1

[block]
# block no. 4 follows, 22 sequences, length 13
# corresponding to MSA columns:
# 230-242
name=unknown_E
#
# <colnr> <probs for GDERKNQSTAVLIFYWHMCP>
#	G	D	E	R	K	N	Q	S	T	A	V	L	I	F	Y	W	H	M	C	P
0	0.01931	0.24874	0.43174	0.02062	0.03078	0.06660	0.02466	0.02632	0.01773	0.02384	0.01374	0.01608	0.01058	0.00770	0.00708	0.00234	0.01141	0.00557	0.00357	0.01161
1	0.01720	0.10810	0.60459	0.02276	0.03453	0.02061	0.02909	0.02617	0.01748	0.02565	0.01458	0.01713	0.01054	0.00782	0.00764	0.00255	0.01195	0.00597	0.00351	0.01212
2	0.01288	0.06947	0.01247	0.00982	0.01266	0.01027	0.00765	0.01684	0.05377	0.02637	0.16942	0.09402	0.30914	0.01679	0.00868	0.00256	0.00466	0.01408	0.14051	0.00794
3	0.01772	0.01912	0.04033	0.02973	0.03645	0.01842	0.47598	0.02374	0.01808	0.02483	0.01813	0.02490	0.01459	0.02048	0.17197	0.00537	0.01602	0.00958	0.00426	0.01028
4	0.02861	0.03500	0.02590	0.02825	0.17155	0.52317	0.01824	0.03140	0.02247	0.02191	0.01349	0.01627	0.01127	0.00829	0.00766	0.00222	0.01380	0.00583	0.00424	0.01045
5	0.02056	0.01974	0.03372	0.05099	0.65622	0.01974	0.02550	0.02550	0.01892	0.02714	0.01563	0.02056	0.01316	0.00740	0.00822	0.00247	0.00987	0.00740	0.00411	0.01316
6	0.01012	0.00723	0.00964	0.01157	0.01205	0.00675	0.00771	0.01157	0.01591	0.02121	0.04579	0.70262	0.05495	0.02603	0.01060	0.00337	0.00482	0.02362	0.00771	0.00675
7	0.01386	0.00742	0.01039	0.01039	0.01039	0.00742	0.00668	0.01113	0.01113	0.01484	0.01729	0.03235	0.01827	0.19441	0.03486	0.57543	0.00742	0.00840	0.00396	0.00396
8	0.02009	0.06719	0.12856	0.04061	0.44905	0.02061	0.02416	0.02771	0.08967	0.02740	0.01734	0.02083	0.01399	0.00790	0.00802	0.00249	0.00980	0.00725	0.00448	0.01286
9	0.08599	0.02125	0.01814	0.01641	0.02033	0.19128	0.01273	0.09159	0.16745	0.02843	0.02526	0.02759	0.05771	0.02317	0.17048	0.00515	0.01273	0.00810	0.00602	0.01017
10	0.01080	0.00775	0.00921	0.01007	0.01079	0.00728	0.00646	0.01182	0.01502	0.01952	0.04530	0.34987	0.15212	0.27968	0.02229	0.00502	0.00592	0.01823	0.00671	0.00616
11	0.01629	0.01240	0.01618	0.01473	0.01685	0.01454	0.01158	0.12462	0.01793	0.02551	0.02109	0.03050	0.01928	0.10068	0.39637	0.00932	0.09532	0.00868	0.03950	0.00861
12	0.01940	0.19566	0.24116	0.02358	0.12821	0.02221	0.02092	0.02854	0.12857	0.02636	0.01756	0.01937	0.01377	0.00807	0.00727	0.00231	0.00952	0.00640	0.00462	0.07649

[dist]
# distance from previous block
# <min> <max>
0	1

[block]
# block no. 5 follows, 22 sequences, length 23
# corresponding to MSA columns:
# 244-266
name=unknown_F
#
# <colnr> <probs for GDERKNQSTAVLIFYWHMCP>
#	G	D	E	R	K	N	Q	S	T	A	V	L	I	F	Y	W	H	M	C	P
0	0.02146	0.02214	0.02039	0.01813	0.01994	0.22115	0.01440	0.02390	0.01725	0.02287	0.01559	0.02042	0.01347	0.01147	0.01575	0.00275	0.30987	0.00680	0.19335	0.00892
1	0.01263	0.00877	0.01120	0.01198	0.01304	0.00870	0.00905	0.01475	0.01643	0.02183	0.10075	0.07268	0.04317	0.32977	0.02512	0.00559	0.00743	0.27396	0.00663	0.00650
2	0.03013	0.06819	0.02484	0.05679	0.02702	0.41031	0.01611	0.18537	0.02681	0.05570	0.01555	0.01713	0.01202	0.00891	0.00767	0.00226	0.01261	0.00609	0.00550	0.01101
3	0.02293	0.65824	0.04191	0.01480	0.02168	0.08510	0.01436	0.02555	0.01742	0.01961	0.01165	0.01346	0.01066	0.00723	0.00551	0.00181	0.00938	0.00452	0.00361	0.01058
4	0.00982	0.00842	0.00842	0.00842	0.01122	0.00701	0.00631	0.01192	0.01894	0.02244	0.08416	0.07995	0.65285	0.02104	0.00982	0.00281	0.00421	0.01753	0.00771	0.00701
5	0.08381	0.01536	0.01579	0.01308	0.01739	0.01668	0.01053	0.29206	0.02683	0.04104	0.02264	0.02462	0.01709	0.00965	0.00687	0.00224	0.00644	0.00736	0.35982	0.01070
6	0.01877	0.01595	0.01710	0.01550	0.01969	0.01803	0.01200	0.03822	0.51635	0.03393	0.13068	0.03814	0.06424	0.01262	0.00873	0.00279	0.00605	0.01065	0.00852	0.01204
7	0.01227	0.00836	0.01065	0.01065	0.01140	0.00895	0.00722	0.01377	0.01302	0.01858	0.02469	0.04384	0.02574	0.39513	0.29028	0.00966	0.01334	0.01047	0.06576	0.00620
8	0.02642	0.03190	0.02423	0.02155	0.02429	0.44158	0.01681	0.02844	0.01966	0.02021	0.01215	0.01613	0.01077	0.01071	0.01459	0.00268	0.25837	0.00604	0.00405	0.00944
9	0.01208	0.00805	0.00906	0.00906	0.00906	0.00805	0.00503	0.01208	0.01208	0.01611	0.02618	0.05436	0.03020	0.70804	0.04228	0.00805	0.00805	0.01208	0.00503	0.00503
10	0.01158	0.00885	0.01069	0.01041	0.01258	0.00822	0.00773	0.01586	0.05549	0.02936	0.40997	0.13311	0.21803	0.01866	0.00982	0.00275	0.00423	0.01626	0.00859	0.00781
11	0.03158	0.02327	0.02493	0.01911	0.02576	0.02576	0.01579	0.62852	0.03906	0.05236	0.01995	0.01995	0.01413	0.00997	0.00831	0.00249	0.00914	0.00748	0.00831	0.01413
12	0.01005	0.00752	0.00934	0.01080	0.01185	0.00681	0.00737	0.01165	0.01664	0.02151	0.05511	0.55138	0.20017	0.02482	0.01041	0.00324	0.00467	0.02214	0.00771	0.00681
13	0.01251	0.01021	0.01129	0.01096	0.01369	0.00994	0.00821	0.01930	0.14529	0.02743	0.20780	0.13206	0.32300	0.01861	0.00962	0.00282	0.00468	0.01593	0.00821	0.00842
14	0.01208	0.00805	0.00906	0.00906	0.00906	0.00805	0.00503	0.01208	0.01208	0.01611	0.02618	0.05436	0.03020	0.70804	0.04228	0.00805	0.00805	0.01208	0.00503	0.00503
15	0.01961	0.02241	0.04902	0.03501	0.04342	0.02101	0.62605	0.02661	0.01961	0.02661	0.01681	0.02241	0.01261	0.00700	0.00980	0.00280	0.01401	0.00980	0.00420	0.01120
16	0.01549	0.00774	0.00774	0.00774	0.00968	0.00774	0.00581	0.01936	0.01742	0.03097	0.02710	0.03097	0.02129	0.00968	0.00581	0.00194	0.00387	0.00774	0.75416	0.00774
17	0.01208	0.00805	0.00906	0.00906	0.00906	0.00805	0.00503	0.01208	0.01208	0.01611	0.02618	0.05436	0.03020	0.70804	0.04228	0.00805	0.00805	0.01208	0.00503	0.00503
18	0.01187	0.00890	0.01335	0.01335	0.01483	0.01038	0.01038	0.01483	0.01335	0.01928	0.02225	0.03264	0.02077	0.06231	0.67512	0.01335	0.02225	0.00890	0.00445	0.00742
19	0.02324	0.02385	0.03123	0.04339	0.49701	0.14925	0.02310	0.06035	0.02094	0.02719	0.01532	0.01943	0.01273	0.00777	0.00808	0.00240	0.01084	0.00700	0.00438	0.01252
20	0.01818	0.01818	0.02545	0.02181	0.02181	0.02545	0.01818	0.01999	0.01272	0.01999	0.01091	0.01818	0.01091	0.01454	0.02726	0.00364	0.69284	0.00727	0.00364	0.00909
21	0.35216	0.01497	0.01623	0.01312	0.01899	0.01498	0.01082	0.03355	0.01962	0.39231	0.02362	0.02190	0.01557	0.00917	0.00697	0.00257	0.00679	0.00669	0.00806	0.01192
22	0.02338	0.02497	0.03014	0.04112	0.45098	0.19583	0.02226	0.02861	0.05523	0.02574	0.01590	0.01965	0.01319	0.00793	0.00804	0.00240	0.01106	0.00696	0.00440	0.01221

[dist]
# distance from previous block
# <min> <max>
0	1

[block]
# block no. 6 follows, 22 sequences, length 51
# corresponding to MSA columns:
# 268-318
name=unknown_G
#
# <colnr> <probs for GDERKNQSTAVLIFYWHMCP>
#	G	D	E	R	K	N	Q	S	T	A	V	L	I	F	Y	W	H	M	C	P
0	0.01942	0.32440	0.33581	0.02252	0.09453	0.02509	0.02317	0.02562	0.01740	0.02353	0.01356	0.01607	0.01086	0.00751	0.00684	0.00225	0.01059	0.00555	0.00359	0.01168
1	0.02076	0.19781	0.08970	0.03031	0.11533	0.05750	0.31976	0.02635	0.01889	0.02456	0.01499	0.01915	0.01194	0.00723	0.00822	0.00245	0.01211	0.00765	0.00398	0.01132
2	0.01014	0.00852	0.00887	0.00904	0.01177	0.00725	0.00696	0.01240	0.01895	0.02266	0.08050	0.08120	0.59775	0.02121	0.00997	0.00290	0.00452	0.07061	0.00771	0.00707
3	0.01846	0.01759	0.02992	0.32592	0.39773	0.01919	0.02445	0.02365	0.01792	0.02459	0.01525	0.02125	0.01226	0.00779	0.00826	0.00260	0.01039	0.00739	0.00393	0.01146
4	0.02768	0.03266	0.02603	0.07050	0.17248	0.45091	0.01865	0.05967	0.02280	0.02351	0.01395	0.01696	0.01146	0.00835	0.00775	0.00227	0.01327	0.00605	0.00440	0.01063
5	0.02256	0.64552	0.04132	0.01470	0.02155	0.06355	0.01425	0.02624	0.04836	0.02034	0.01272	0.01429	0.01140	0.00739	0.00559	0.00185	0.00907	0.00473	0.00383	0.01073
6	0.00982	0.00842	0.00842	0.00842	0.01122	0.00701	0.00631	0.01192	0.01894	0.02244	0.08416	0.07995	0.65285	0.02104	0.00982	0.00281	0.00421	0.01753	0.00771	0.00701
7	0.01384	0.01086	0.01516	0.01393	0.01550	0.01267	0.03346	0.01660	0.01471	0.02195	0.02751	0.03569	0.08536	0.08390	0.28677	0.00750	0.14430	0.00954	0.14302	0.00773
8	0.01753	0.01379	0.02368	0.01973	0.02389	0.01310	0.19094	0.05474	0.01986	0.09220	0.03606	0.25090	0.06516	0.01708	0.01013	0.00313	0.00848	0.12319	0.00697	0.00942
9	0.01449	0.00724	0.01065	0.01065	0.01076	0.00724	0.00714	0.01130	0.01119	0.01536	0.01514	0.02557	0.01482	0.02778	0.03097	0.71578	0.00703	0.00724	0.04580	0.00384
10	0.01009	0.00735	0.00951	0.01124	0.01196	0.00678	0.00757	0.01160	0.01622	0.02134	0.04979	0.63759	0.11739	0.02551	0.01052	0.00331	0.00476	0.02298	0.00771	0.00678
11	0.01057	0.00804	0.00980	0.01107	0.01233	0.00751	0.00765	0.01328	0.04784	0.02218	0.05443	0.51919	0.19742	0.02409	0.01031	0.00321	0.00476	0.02144	0.00775	0.00713
12	0.02132	0.02118	0.03298	0.04884	0.61046	0.06728	0.02481	0.02605	0.01925	0.02665	0.01542	0.02016	0.01298	0.00749	0.00817	0.00244	0.01024	0.00725	0.00412	0.01290
13	0.03010	0.03804	0.02368	0.02143	0.02540	0.62757	0.01621	0.03222	0.02276	0.02031	0.01270	0.01521	0.01072	0.00899	0.00893	0.00225	0.06418	0.00549	0.00423	0.00959
14	0.01744	0.01432	0.01653	0.01346	0.01888	0.01295	0.01058	0.06734	0.12525	0.03007	0.08091	0.09908	0.02667	0.01109	0.00773	0.00205	0.00616	0.03437	0.00656	0.39854
15	0.02056	0.01974	0.03372	0.05099	0.65622	0.01974	0.02550	0.02550	0.01892	0.02714	0.01563	0.02056	0.01316	0.00740	0.00822	0.00247	0.00987	0.00740	0.00411	0.01316
16	0.02128	0.02026	0.01836	0.01690	0.02088	0.13916	0.01286	0.06657	0.38540	0.03060	0.03134	0.14636	0.02731	0.01332	0.00865	0.00277	0.00795	0.01107	0.00754	0.01142
17	0.01201	0.00834	0.01053	0.01053	0.01104	0.00885	0.00687	0.01303	0.01252	0.01720	0.02483	0.04690	0.02696	0.48623	0.25967	0.00987	0.01293	0.01099	0.00483	0.00585
18	0.01090	0.00756	0.00941	0.01057	0.01086	0.00727	0.00665	0.01177	0.01438	0.01918	0.03799	0.44482	0.04511	0.29725	0.02320	0.00524	0.00611	0.01903	0.00665	0.00607
19	0.02417	0.01959	0.02076	0.01761	0.02294	0.02230	0.01400	0.23166	0.44800	0.04040	0.02936	0.02745	0.02176	0.01085	0.00841	0.00271	0.00740	0.00878	0.00841	0.01346
20	0.02056	0.01974	0.03372	0.05099	0.65622	0.01974	0.02550	0.02550	0.01892	0.02714	0.01563	0.02056	0.01316	0.00740	0.00822	0.00247	0.00987	0.00740	0.00411	0.01316
21	0.01207	0.00810	0.00929	0.00929	0.00937	0.00818	0.00532	0.01223	0.01215	0.01628	0.02597	0.05321	0.02970	0.67366	0.07598	0.00834	0.00881	0.01191	0.00500	0.00516
22	0.24723	0.01469	0.01724	0.01367	0.01973	0.01406	0.01129	0.03586	0.02100	0.48217	0.02667	0.02402	0.01723	0.00954	0.00743	0.00257	0.00688	0.00724	0.00880	0.01266
23	0.02773	0.01956	0.02082	0.01640	0.02192	0.02145	0.01340	0.48289	0.03389	0.04724	0.02166	0.02258	0.01584	0.00990	0.00771	0.00236	0.00788	0.00754	0.18662	0.01260
24	0.01611	0.01520	0.02568	0.63274	0.10925	0.01857	0.02328	0.02160	0.01681	0.02174	0.01484	0.02201	0.01126	0.00823	0.00830	0.00274	0.01097	0.00738	0.00373	0.00957
25	0.01012	0.00723	0.00964	0.01157	0.01205	0.00675	0.00771	0.01157	0.01591	0.02121	0.04579	0.70262	0.05495	0.02603	0.01060	0.00337	0.00482	0.02362	0.00771	0.00675
26	0.01443	0.00722	0.01082	0.01082	0.01082	0.00722	0.00722	0.01082	0.01082	0.01443	0.01443	0.02525	0.01443	0.02886	0.03247	0.75830	0.00722	0.00722	0.00361	0.00361
27	0.02179	0.05889	0.06177	0.02144	0.02364	0.20248	0.01811	0.02418	0.01614	0.02042	0.01169	0.01703	0.01082	0.01218	0.01973	0.00308	0.43678	0.00655	0.00380	0.00949
28	0.01573	0.01217	0.01320	0.01215	0.01575	0.01235	0.00935	0.02582	0.24293	0.06908	0.14304	0.05659	0.30656	0.01628	0.00923	0.00277	0.00520	0.01368	0.00834	0.00978
29	0.01176	0.00849	0.01110	0.01045	0.01241	0.00784	0.00784	0.01568	0.02352	0.03331	0.65184	0.06206	0.07839	0.01698	0.00980	0.00261	0.00392	0.01502	0.00914	0.00784
30	0.01208	0.00805	0.00906	0.00906	0.00906	0.00805	0.00503	0.01208	0.01208	0.01611	0.02618	0.05436	0.03020	0.70804	0.04228	0.00805	0.00805	0.01208	0.00503	0.00503
31	0.02034	0.02035	0.03723	0.04732	0.51551	0.02003	0.16340	0.02575	0.01907	0.02702	0.01590	0.02099	0.01303	0.00731	0.00859	0.00254	0.01082	0.00795	0.00413	0.01271
32	0.02056	0.01974	0.03372	0.05099	0.65622	0.01974	0.02550	0.02550	0.01892	0.02714	0.01563	0.02056	0.01316	0.00740	0.00822	0.00247	0.00987	0.00740	0.00411	0.01316
33	0.01567	0.01168	0.01483	0.01421	0.01652	0.01187	0.03287	0.15978	0.02187	0.02931	0.06129	0.48980	0.04448	0.02113	0.00999	0.00311	0.00616	0.01892	0.00778	0.00872
34	0.02056	0.01974	0.03372	0.05099	0.65622	0.01974	0.02550	0.02550	0.01892	0.02714	0.01563	0.02056	0.01316	0.00740	0.00822	0.00247	0.00987	0.00740	0.00411	0.01316
35	0.02534	0.01805	0.01999	0.01701	0.02226	0.01989	0.01365	0.18158	0.36380	0.13370	0.03099	0.03193	0.02337	0.01155	0.00860	0.00277	0.00733	0.04638	0.00865	0.01318
36	0.11190	0.31570	0.05280	0.01716	0.05505	0.02484	0.01465	0.08997	0.01917	0.07296	0.01591	0.04598	0.01369	0.00921	0.00836	0.00228	0.07064	0.00638	0.00503	0.04830
37	0.01342	0.01004	0.01394	0.01650	0.05215	0.01009	0.01270	0.01784	0.05333	0.02467	0.04225	0.23164	0.04631	0.02215	0.01091	0.00358	0.00704	0.39587	0.00751	0.00805
38	0.01710	0.01620	0.02746	0.50397	0.23032	0.01883	0.02377	0.02246	0.01728	0.02293	0.01501	0.02169	0.01168	0.00804	0.00828	0.00268	0.01073	0.00739	0.00381	0.01036
39	0.01261	0.01037	0.01141	0.01156	0.01418	0.01025	0.00867	0.01957	0.16111	0.02513	0.06087	0.21845	0.32733	0.02011	0.00980	0.00301	0.00512	0.05420	0.00788	0.00840
40	0.02074	0.01943	0.03221	0.11772	0.55146	0.01998	0.02462	0.06340	0.01995	0.02811	0.01581	0.02069	0.01300	0.00766	0.00824	0.00250	0.00995	0.00740	0.00433	0.01280
41	0.01136	0.00891	0.01056	0.01139	0.01381	0.00811	0.00936	0.01420	0.01902	0.02349	0.06682	0.08589	0.39177	0.02186	0.01053	0.00325	0.00569	0.26900	0.00769	0.00729
42	0.01338	0.01120	0.01198	0.01130	0.01450	0.01118	0.00862	0.02211	0.20232	0.02818	0.18068	0.06209	0.35622	0.01738	0.00941	0.00277	0.00485	0.01465	0.00821	0.00897
43	0.03103	0.03959	0.02354	0.02140	0.02568	0.67469	0.01605	0.03317	0.02354	0.02033	0.01284	0.01498	0.01070	0.00856	0.00749	0.00214	0.01498	0.00535	0.00428	0.00963
44	0.01855	0.01396	0.01721	0.01528	0.01815	0.01583	0.01198	0.21550	0.02190	0.03013	0.02352	0.09911	0.02222	0.08522	0.30030	0.00775	0.05778	0.01010	0.00604	0.00948
45	0.01012	0.00723	0.00964	0.01157	0.01205	0.00675	0.00771	0.01157	0.01591	0.02121	0.04579	0.70262	0.05495	0.02603	0.01060	0.00337	0.00482	0.02362	0.00771	0.00675
46	0.00984	0.00833	0.00850	0.00864	0.01128	0.00699	0.00641	0.01190	0.01872	0.02235	0.08137	0.12514	0.60945	0.02140	0.00988	0.00285	0.00425	0.01797	0.00771	0.00699
47	0.01107	0.00849	0.01030	0.01103	0.01305	0.00773	0.00857	0.01376	0.01914	0.02451	0.15527	0.19551	0.30232	0.02181	0.01037	0.00313	0.00513	0.16364	0.00792	0.00725
48	0.01723	0.01477	0.01723	0.01230	0.01969	0.01107	0.00984	0.02092	0.01723	0.02707	0.01477	0.01723	0.01230	0.00615	0.00615	0.00123	0.00615	0.00492	0.00492	0.75883
49	0.03106	0.03884	0.02361	0.02130	0.02569	0.64489	0.01604	0.06051	0.02425	0.02180	0.01317	0.01521	0.01086	0.00863	0.00753	0.00216	0.01471	0.00545	0.00447	0.00984
50	0.18597	0.01140	0.01168	0.01143	0.01476	0.01153	0.00931	0.05550	0.01942	0.02894	0.08573	0.06316	0.28741	0.01750	0.00904	0.00296	0.00584	0.15308	0.00723	0.00812

[dist]
# distance from previous block
# <min> <max>
0	8

[block]
# block no. 7 follows, 22 sequences, length 66
# corresponding to MSA columns:
# 327-392
name=unknown_H
#
# <colnr> <probs for GDERKNQSTAVLIFYWHMCP>
#	G	D	E	R	K	N	Q	S	T	A	V	L	I	F	Y	W	H	M	C	P
0	0.03004	0.03755	0.02253	0.02053	0.02466	0.63195	0.01539	0.03229	0.02315	0.02101	0.01375	0.01601	0.01138	0.00863	0.00738	0.00213	0.01427	0.00550	0.05234	0.00951
1	0.20997	0.22315	0.11819	0.01517	0.02199	0.02314	0.01479	0.14924	0.02111	0.03213	0.02134	0.02229	0.07775	0.00942	0.00674	0.00236	0.00832	0.00670	0.00537	0.01082
2	0.01125	0.04396	0.01179	0.01147	0.01323	0.00878	0.00866	0.01339	0.01718	0.02194	0.05353	0.35945	0.22134	0.02509	0.04554	0.00373	0.00621	0.10895	0.00732	0.00720
3	0.02056	0.01974	0.03372	0.05099	0.65622	0.01974	0.02550	0.02550	0.01892	0.02714	0.01563	0.02056	0.01316	0.00740	0.00822	0.00247	0.00987	0.00740	0.00411	0.01316
4	0.03040	0.03733	0.02331	0.02099	0.02542	0.59831	0.01585	0.06550	0.06395	0.02296	0.01456	0.01627	0.01182	0.00881	0.00760	0.00220	0.01413	0.00572	0.00476	0.01010
5	0.01045	0.00851	0.00929	0.00928	0.01185	0.00735	0.00708	0.01304	0.01990	0.02486	0.19972	0.07711	0.49453	0.02032	0.00992	0.00283	0.00437	0.05436	0.00801	0.00723
6	0.02733	0.02102	0.02258	0.01785	0.02408	0.02295	0.01450	0.41782	0.18876	0.04528	0.02291	0.02245	0.01677	0.00990	0.00812	0.00244	0.00818	0.00770	0.00799	0.09136
7	0.01995	0.01459	0.01641	0.01414	0.01760	0.01523	0.01064	0.26793	0.02526	0.03418	0.06794	0.20194	0.03178	0.15951	0.01592	0.00380	0.00731	0.01284	0.00732	0.05572
8	0.01842	0.25503	0.46832	0.02068	0.03132	0.02359	0.02548	0.02586	0.01733	0.02417	0.01385	0.01621	0.01057	0.00764	0.00708	0.00236	0.01120	0.00560	0.00352	0.01177
9	0.01011	0.00816	0.00886	0.00922	0.01136	0.00706	0.00663	0.01208	0.01824	0.02252	0.10715	0.20719	0.46335	0.05585	0.01159	0.00317	0.00451	0.01838	0.00767	0.00691
10	0.01037	0.00733	0.00957	0.01125	0.01167	0.00691	0.00737	0.01163	0.01542	0.02056	0.04330	0.62049	0.05181	0.11243	0.01462	0.00397	0.00523	0.02216	0.00737	0.00653
11	0.02056	0.01974	0.03372	0.05099	0.65622	0.01974	0.02550	0.02550	0.01892	0.02714	0.01563	0.02056	0.01316	0.00740	0.00822	0.00247	0.00987	0.00740	0.00411	0.01316
12	0.02056	0.01974	0.03372	0.05099	0.65622	0.01974	0.02550	0.02550	0.01892	0.02714	0.01563	0.02056	0.01316	0.00740	0.00822	0.00247	0.00987	0.00740	0.00411	0.01316
13	0.02169	0.19245	0.02658	0.01774	0.08711	0.01922	0.01340	0.09262	0.02020	0.06706	0.01574	0.01758	0.01269	0.00721	0.00654	0.00172	0.00762	0.00556	0.00521	0.36208
14	0.02099	0.01792	0.01899	0.01673	0.02169	0.02033	0.01308	0.07165	0.57307	0.03515	0.03196	0.02960	0.02400	0.01089	0.00830	0.00270	0.00668	0.00902	0.00823	0.05901
15	0.02124	0.01996	0.03318	0.04903	0.61749	0.02011	0.02490	0.06254	0.02015	0.02869	0.01589	0.02052	0.01322	0.00756	0.00823	0.00247	0.00982	0.00741	0.00437	0.01322
16	0.01693	0.04109	0.60872	0.02471	0.03664	0.01945	0.08509	0.02634	0.01773	0.02634	0.01508	0.01798	0.01071	0.00781	0.00807	0.00265	0.01244	0.00647	0.00357	0.01218
17	0.01318	0.00949	0.01310	0.01490	0.01686	0.00941	0.01297	0.01690	0.01911	0.02472	0.04634	0.09290	0.08321	0.02284	0.01138	0.00377	0.00745	0.56621	0.00765	0.00761
18	0.01169	0.00803	0.00930	0.00944	0.00987	0.00783	0.00570	0.01239	0.01411	0.01884	0.09697	0.12749	0.07617	0.51951	0.03345	0.00665	0.00703	0.01398	0.00592	0.00563
19	0.01923	0.03418	0.39119	0.02284	0.06866	0.08702	0.02392	0.06382	0.09068	0.02835	0.04594	0.02381	0.04517	0.00941	0.00813	0.00259	0.01087	0.00747	0.00489	0.01184
20	0.02334	0.01828	0.01912	0.01672	0.02153	0.05140	0.01336	0.15593	0.33664	0.08787	0.03396	0.03720	0.06173	0.01259	0.00876	0.00280	0.00752	0.07068	0.00824	0.01232
21	0.01147	0.00780	0.00924	0.00984	0.00999	0.00765	0.00587	0.01192	0.01327	0.01770	0.03230	0.25671	0.03793	0.49516	0.03239	0.00659	0.00704	0.01568	0.00587	0.00557
22	0.10724	0.02732	0.02281	0.01885	0.02448	0.22837	0.01501	0.34399	0.06750	0.03969	0.01767	0.01838	0.01319	0.00937	0.00773	0.00241	0.01054	0.00662	0.00672	0.01212
23	0.01748	0.14153	0.57359	0.02229	0.03380	0.02129	0.02827	0.02610	0.01744	0.02531	0.01441	0.01692	0.01054	0.00778	0.00752	0.00251	0.01178	0.00589	0.00351	0.01204
24	0.01740	0.06531	0.51530	0.02488	0.03572	0.02041	0.11734	0.02596	0.01756	0.02575	0.01484	0.01812	0.01086	0.00808	0.00910	0.00268	0.04851	0.00667	0.00362	0.01189
25	0.03103	0.03959	0.02354	0.02140	0.02568	0.67469	0.01605	0.03317	0.02354	0.02033	0.01284	0.01498	0.01070	0.00856	0.00749	0.00214	0.01498	0.00535	0.00428	0.00963
26	0.02037	0.02027	0.03679	0.04778	0.53316	0.01999	0.14610	0.02572	0.01905	0.02703	0.01586	0.02093	0.01305	0.00732	0.00854	0.00253	0.01070	0.00788	0.00413	0.01277
27	0.01819	0.01619	0.02059	0.02504	0.18511	0.04843	0.01624	0.02818	0.21068	0.02815	0.03397	0.05076	0.06085	0.01450	0.00942	0.00303	0.00808	0.20495	0.00681	0.01084
28	0.02434	0.01244	0.01583	0.01402	0.01788	0.01187	0.01077	0.09376	0.05492	0.29161	0.03688	0.31107	0.03456	0.01692	0.00930	0.00291	0.00633	0.01473	0.00889	0.01098
29	0.01033	0.00823	0.00929	0.00965	0.01181	0.00719	0.00712	0.01267	0.01908	0.02407	0.16781	0.20259	0.41539	0.02145	0.01004	0.00293	0.00442	0.04085	0.00795	0.00712
30	0.02035	0.01785	0.02506	0.17323	0.29140	0.05678	0.01940	0.09047	0.02063	0.02902	0.01805	0.02258	0.01430	0.00840	0.00772	0.00241	0.00915	0.00735	0.15471	0.01113
31	0.02363	0.02574	0.03019	0.06735	0.43534	0.22412	0.02245	0.02772	0.02027	0.02478	0.01472	0.01888	0.01231	0.00780	0.00800	0.00238	0.01151	0.00676	0.00415	0.01190
32	0.01224	0.00944	0.01406	0.01385	0.01524	0.01127	0.01084	0.01514	0.01331	0.01933	0.02159	0.03179	0.02019	0.05951	0.63722	0.01278	0.06148	0.00881	0.00440	0.00752
