[name]
unknown

[dist]
# distance from previous block
# <min> <max>
0	65

[block]
# block no. 0 follows, 21 sequences, length 108
# corresponding to MSA columns:
# 65-172
name=unknown_A
#
# <colnr> <probs for GDERKNQSTAVLIFYWHMCP>
#	G	D	E	R	K	N	Q	S	T	A	V	L	I	F	Y	W	H	M	C	P
0	0.01371	0.00980	0.01371	0.01567	0.01763	0.00980	0.01371	0.01763	0.01959	0.02547	0.04506	0.09599	0.04898	0.02351	0.01175	0.00392	0.00784	0.59056	0.00784	0.00784
1	0.02215	0.63606	0.10931	0.01559	0.02343	0.03220	0.01635	0.02564	0.01736	0.02075	0.01219	0.01411	0.01091	0.00737	0.00574	0.00191	0.00947	0.00473	0.00364	0.01110
2	0.01823	0.17930	0.53173	0.02227	0.03377	0.02261	0.02799	0.02665	0.01783	0.02553	0.01457	0.01709	0.01081	0.00792	0.00755	0.00252	0.01187	0.00593	0.00360	0.01224
3	0.01027	0.00779	0.00948	0.01084	0.01208	0.00700	0.00745	0.01196	0.01727	0.02212	0.05924	0.50286	0.24083	0.02506	0.01061	0.00327	0.00474	0.02224	0.00790	0.00700
4	0.01216	0.00912	0.01368	0.01368	0.01520	0.01064	0.01064	0.01520	0.01368	0.01976	0.02279	0.03343	0.02127	0.06382	0.66720	0.01368	0.02279	0.00912	0.00456	0.00760
5	0.01801	0.03743	0.46696	0.02789	0.03923	0.02031	0.21470	0.02705	0.01863	0.02705	0.01588	0.01953	0.01145	0.00780	0.00870	0.00275	0.01313	0.00746	0.00382	0.01223
6	0.02229	0.05895	0.03145	0.02462	0.02779	0.17942	0.14015	0.02536	0.01735	0.02193	0.01292	0.01847	0.01146	0.01147	0.01829	0.00309	0.35367	0.00736	0.00400	0.00997
7	0.01037	0.00741	0.00987	0.01185	0.01234	0.00691	0.00790	0.01185	0.01629	0.02172	0.04690	0.69537	0.05629	0.02666	0.01086	0.00346	0.00494	0.02419	0.00790	0.00691
8	0.02106	0.02022	0.03454	0.05223	0.64784	0.02022	0.02612	0.02612	0.01938	0.02780	0.01601	0.02106	0.01348	0.00758	0.00842	0.00253	0.01011	0.00758	0.00421	0.01348
9	0.01082	0.00887	0.00969	0.01010	0.01278	0.00773	0.00798	0.01335	0.01944	0.02351	0.07761	0.08485	0.51992	0.02196	0.01041	0.00309	0.00505	0.13766	0.00789	0.00732
10	0.01139	0.00900	0.01047	0.01102	0.01353	0.00808	0.00888	0.01427	0.01989	0.02480	0.12499	0.08461	0.40571	0.02178	0.01059	0.00318	0.00539	0.19695	0.00802	0.00747
11	0.02275	0.70604	0.04459	0.01456	0.02184	0.03367	0.01456	0.02548	0.01729	0.02002	0.01183	0.01365	0.01092	0.00728	0.00546	0.00182	0.00910	0.00455	0.00364	0.01092
12	0.01216	0.00912	0.01368	0.01368	0.01520	0.01064	0.01064	0.01520	0.01368	0.01976	0.02279	0.03343	0.02127	0.06382	0.66720	0.01368	0.02279	0.00912	0.00456	0.00760
13	0.02560	0.01908	0.02055	0.01638	0.02186	0.02047	0.01331	0.42982	0.03409	0.04529	0.10351	0.03762	0.14837	0.01330	0.00899	0.00263	0.00775	0.01060	0.00849	0.01229
14	0.01027	0.00779	0.00948	0.01084	0.01208	0.00700	0.00745	0.01196	0.01726	0.02212	0.05921	0.50335	0.24036	0.02506	0.01061	0.00327	0.00474	0.02224	0.00790	0.00700
15	0.01006	0.00862	0.00862	0.00862	0.01149	0.00718	0.00647	0.01221	0.01940	0.02299	0.08621	0.08190	0.64438	0.02155	0.01006	0.00287	0.00431	0.01796	0.00790	0.00718
16	0.01586	0.00793	0.00793	0.00793	0.00991	0.00793	0.00595	0.01983	0.01785	0.03173	0.02776	0.03173	0.02181	0.00991	0.00595	0.00198	0.00397	0.00793	0.74817	0.00793
17	0.01178	0.00800	0.00946	0.01005	0.01020	0.00785	0.00598	0.01222	0.01355	0.01806	0.03282	0.24682	0.03851	0.49946	0.03362	0.00682	0.00726	0.01591	0.00598	0.00568
18	0.01395	0.01111	0.01289	0.01309	0.01537	0.01155	0.00952	0.02291	0.21053	0.02790	0.12892	0.34058	0.10783	0.02016	0.00998	0.00311	0.00531	0.01781	0.00834	0.00915
19	0.03113	0.03947	0.02421	0.02194	0.02611	0.63486	0.01655	0.03331	0.02356	0.02081	0.01306	0.01551	0.01097	0.00907	0.00868	0.00227	0.04871	0.00558	0.00435	0.00984
20	0.02106	0.02022	0.03454	0.05223	0.64784	0.02022	0.02612	0.02612	0.01938	0.02780	0.01601	0.02106	0.01348	0.00758	0.00842	0.00253	0.01011	0.00758	0.00421	0.01348
21	0.01216	0.00912	0.01368	0.01368	0.01520	0.01064	0.01064	0.01520	0.01368	0.01976	0.02279	0.03343	0.02127	0.06382	0.66720	0.01368	0.02279	0.00912	0.00456	0.00760
22	0.01852	0.01762	0.02994	0.37261	0.34736	0.01955	0.02485	0.02389	0.01817	0.02471	0.01556	0.02189	0.01239	0.00805	0.00847	0.00268	0.01074	0.00757	0.00399	0.01143
23	0.01014	0.00830	0.00895	0.00947	0.01172	0.00711	0.00684	0.01212	0.01858	0.02266	0.07588	0.24311	0.48984	0.02290	0.01027	0.00303	0.00448	0.01960	0.00790	0.00711
24	0.01070	0.00858	0.00955	0.00945	0.01192	0.00743	0.00703	0.01340	0.02070	0.02641	0.25844	0.10978	0.43559	0.02053	0.01010	0.00284	0.00425	0.01750	0.00836	0.00743
25	0.01901	0.14240	0.02874	0.02046	0.02186	0.02660	0.01745	0.02110	0.01384	0.02036	0.01193	0.01853	0.01168	0.01620	0.05890	0.00392	0.52675	0.00702	0.00375	0.00951
26	0.02448	0.02484	0.03143	0.04250	0.45330	0.15580	0.02306	0.08965	0.02252	0.02904	0.01587	0.01980	0.01306	0.00810	0.00828	0.00246	0.01113	0.00715	0.00470	0.01283
27	0.01216	0.00912	0.01368	0.01368	0.01520	0.01064	0.01064	0.01520	0.01368	0.01976	0.02279	0.03343	0.02127	0.06382	0.66720	0.01368	0.02279	0.00912	0.00456	0.00760
28	0.01188	0.00955	0.01070	0.01026	0.01297	0.00882	0.00774	0.01680	0.07811	0.02859	0.30306	0.06996	0.36265	0.01897	0.00992	0.00280	0.00442	0.01616	0.00856	0.00810
29	0.02310	0.02480	0.03483	0.04351	0.42760	0.15253	0.11544	0.02790	0.02046	0.02629	0.01561	0.02019	0.01288	0.00776	0.00852	0.00251	0.01183	0.00753	0.00426	0.01243
30	0.24876	0.01477	0.01870	0.01649	0.01915	0.01810	0.04560	0.02038	0.01410	0.02613	0.01588	0.02267	0.01428	0.02983	0.24912	0.00691	0.19850	0.00730	0.00454	0.00879
31	0.01109	0.00859	0.01010	0.00988	0.01217	0.00760	0.00735	0.01416	0.02161	0.02860	0.36835	0.10898	0.32143	0.01973	0.01010	0.00281	0.00420	0.01702	0.00865	0.00760
32	0.02148	0.01142	0.01468	0.01373	0.01682	0.01080	0.01025	0.08764	0.02141	0.22304	0.03983	0.41290	0.04068	0.01981	0.00988	0.00310	0.00614	0.01749	0.00879	0.01011
33	0.02579	0.43394	0.06785	0.01717	0.02418	0.12664	0.01601	0.14820	0.02299	0.02735	0.01396	0.01550	0.01165	0.00814	0.00655	0.00207	0.01027	0.00541	0.00475	0.01157
34	0.01016	0.00862	0.00876	0.00873	0.01156	0.00723	0.00654	0.01241	0.01963	0.02355	0.11419	0.08098	0.61605	0.02134	0.01006	0.00286	0.00430	0.01783	0.00798	0.00723
35	0.01646	0.01144	0.01260	0.01139	0.01278	0.01196	0.00741	0.13643	0.01802	0.02409	0.02551	0.04849	0.02757	0.55979	0.03620	0.00709	0.00848	0.01141	0.00584	0.00706
36	0.05563	0.01086	0.01398	0.01244	0.01597	0.00987	0.00958	0.02450	0.02191	0.25262	0.24644	0.17892	0.07918	0.01661	0.00946	0.00283	0.00549	0.01438	0.00922	0.01012
37	0.02188	0.02373	0.02290	0.02672	0.19167	0.24855	0.01643	0.02507	0.02120	0.02533	0.14808	0.06628	0.02962	0.04574	0.01142	0.00284	0.04734	0.00960	0.00557	0.01005
38	0.01772	0.01521	0.01598	0.01464	0.01880	0.01675	0.01131	0.03488	0.43748	0.03208	0.07603	0.04690	0.19758	0.01455	0.00910	0.00287	0.00595	0.01216	0.00848	0.01151
39	0.01230	0.01159	0.01037	0.01009	0.01300	0.06844	0.00757	0.01466	0.02036	0.02404	0.14192	0.07367	0.52238	0.01990	0.00983	0.00279	0.00530	0.01652	0.00774	0.00753
40	0.02183	0.55876	0.07026	0.01537	0.02211	0.06691	0.01507	0.02492	0.01732	0.02038	0.01328	0.01613	0.01205	0.01360	0.07816	0.00318	0.01113	0.00519	0.00378	0.01058
41	0.01840	0.17808	0.49681	0.02294	0.03421	0.02271	0.06170	0.02667	0.01795	0.02555	0.01468	0.01737	0.01093	0.00787	0.00766	0.00253	0.01197	0.00615	0.00364	0.01218
42	0.01216	0.00912	0.01368	0.01368	0.01520	0.01064	0.01064	0.01520	0.01368	0.01976	0.02279	0.03343	0.02127	0.06382	0.66720	0.01368	0.02279	0.00912	0.00456	0.00760
43	0.02695	0.03249	0.02483	0.02208	0.02485	0.43111	0.01724	0.02902	0.02004	0.02070	0.01242	0.01655	0.01104	0.01102	0.01512	0.00276	0.26178	0.00620	0.00414	0.00966
44	0.01929	0.01795	0.02827	0.20206	0.35453	0.01939	0.02229	0.02776	0.12949	0.02738	0.02070	0.05717	0.01735	0.00949	0.00861	0.00272	0.00955	0.00878	0.00509	0.01214
45	0.01037	0.00741	0.00987	0.01185	0.01234	0.00691	0.00790	0.01185	0.01629	0.02172	0.04690	0.69537	0.05629	0.02666	0.01086	0.00346	0.00494	0.02419	0.00790	0.00691
46	0.01006	0.00862	0.00862	0.00862	0.01149	0.00718	0.00647	0.01221	0.01940	0.02299	0.08621	0.08190	0.64438	0.02155	0.01006	0.00287	0.00431	0.01796	0.00790	0.00718
47	0.02329	0.02710	0.03434	0.02719	0.03173	0.22545	0.23800	0.02721	0.01911	0.02308	0.01402	0.01919	0.01175	0.01013	0.01499	0.00293	0.22830	0.00779	0.00414	0.01028
48	0.02106	0.02022	0.03454	0.05223	0.64784	0.02022	0.02612	0.02612	0.01938	0.02780	0.01601	0.02106	0.01348	0.00758	0.00842	0.00253	0.01011	0.00758	0.00421	0.01348
49	0.01051	0.00864	0.00925	0.00909	0.01177	0.00738	0.00682	0.01309	0.02046	0.02551	0.21252	0.07774	0.51650	0.02061	0.01005	0.00283	0.00424	0.01738	0.00823	0.00738
50	0.01256	0.01006	0.01111	0.01126	0.01373	0.00963	0.00824	0.04875	0.08464	0.02556	0.06352	0.28574	0.34050	0.02164	0.01010	0.00306	0.00506	0.01867	0.00802	0.00816
51	0.02569	0.02119	0.01938	0.01635	0.02079	0.13563	0.01282	0.29751	0.02866	0.03801	0.02264	0.06425	0.01895	0.04758	0.03586	0.00315	0.00953	0.00860	0.16234	0.01108
52	0.01428	0.00943	0.01196	0.01250	0.01437	0.00905	0.00906	0.01852	0.07556	0.08255	0.12702	0.42166	0.08806	0.02208	0.01033	0.00321	0.00530	0.04822	0.00840	0.00842
53	0.01251	0.00964	0.01436	0.01415	0.01559	0.01148	0.01107	0.01549	0.01364	0.01980	0.02216	0.03262	0.02072	0.06114	0.63216	0.01313	0.05910	0.00903	0.00451	0.00769
54	0.02106	0.02022	0.03454	0.05223	0.64784	0.02022	0.02612	0.02612	0.01938	0.02780	0.01601	0.02106	0.01348	0.00758	0.00842	0.00253	0.01011	0.00758	0.00421	0.01348
55	0.01907	0.02933	0.23889	0.03156	0.04098	0.02120	0.40388	0.02683	0.01907	0.02683	0.01631	0.02118	0.01216	0.00784	0.01032	0.00286	0.04720	0.00874	0.00405	0.01171
56	0.03106	0.03391	0.02464	0.05911	0.02819	0.43079	0.01677	0.21492	0.02864	0.03106	0.01553	0.01735	0.01207	0.00920	0.00798	0.00234	0.01326	0.00628	0.00563	0.01127
57	0.01102	0.00827	0.01021	0.01054	0.01229	0.00747	0.00760	0.01377	0.02047	0.02744	0.31640	0.26594	0.21479	0.02134	0.01030	0.00297	0.00438	0.01879	0.00854	0.00747
58	0.01283	0.01011	0.01497	0.01458	0.01594	0.01225	0.01147	0.01575	0.01361	0.01983	0.02158	0.03189	0.02022	0.05872	0.60047	0.01264	0.09195	0.00894	0.00447	0.00778
59	0.03179	0.04056	0.02412	0.02192	0.02631	0.66676	0.01644	0.03398	0.02412	0.02083	0.01315	0.01535	0.01096	0.00877	0.00767	0.00219	0.01535	0.00548	0.00438	0.00987
60	0.03443	0.02050	0.02348	0.01800	0.02473	0.02144	0.01487	0.41343	0.03443	0.26754	0.02512	0.02347	0.01682	0.01033	0.00853	0.00258	0.00861	0.00798	0.00923	0.01448
61	0.01206	0.00867	0.01125	0.01062	0.01251	0.00804	0.00786	0.01584	0.02339	0.03308	0.60673	0.06310	0.07737	0.05799	0.01201	0.00301	0.00427	0.01521	0.00912	0.00786
62	0.01862	0.01862	0.02607	0.02234	0.02234	0.02607	0.01862	0.02048	0.01303	0.02048	0.01117	0.01862	0.01117	0.01489	0.02793	0.00372	0.68535	0.00745	0.00372	0.00931
63	0.03275	0.03043	0.02376	0.02274	0.08511	0.39931	0.01615	0.03556	0.02373	0.21961	0.01982	0.02016	0.01437	0.00921	0.00802	0.00236	0.01230	0.00665	0.00629	0.01166
64	0.03090	0.03565	0.02534	0.02431	0.08395	0.49101	0.01729	0.13912	0.02655	0.02741	0.01473	0.01680	0.01183	0.00892	0.00789	0.00229	0.01378	0.00607	0.00512	0.01103
65	0.01127	0.00806	0.00933	0.00995	0.01069	0.00761	0.00628	0.01218	0.01504	0.01946	0.04524	0.26127	0.16422	0.35105	0.02636	0.00565	0.00641	0.01722	0.00658	0.00612
66	0.01652	0.01321	0.01486	0.04000	0.01797	0.04465	0.01081	0.11666	0.05141	0.03230	0.25688	0.19917	0.08725	0.01786	0.00982	0.00290	0.00629	0.04404	0.00822	0.00916
67	0.01905	0.03607	0.39613	0.02839	0.03902	0.05884	0.24590	0.02748	0.01911	0.02670	0.01586	0.01965	0.01158	0.00779	0.00878	0.00273	0.01339	0.00762	0.00390	0.01201
68	0.01145	0.00786	0.00955	0.01046	0.01069	0.00763	0.00642	0.01213	0.01418	0.01891	0.03607	0.35028	0.04261	0.39040	0.02837	0.00604	0.00672	0.01782	0.00642	0.00597
69	0.02053	0.01968	0.03359	0.11891	0.58530	0.02008	0.02585	0.02565	0.01913	0.02716	0.01591	0.02123	0.01325	0.00768	0.00843	0.00256	0.01024	0.00758	0.00417	0.01305
70	0.02046	0.02814	0.20370	0.09404	0.24295	0.08109	0.05868	0.02943	0.10535	0.02741	0.01814	0.02143	0.01402	0.00845	0.00839	0.00264	0.01117	0.00745	0.00465	0.01240
71	0.02480	0.27815	0.03228	0.02411	0.15015	0.24070	0.01675	0.02794	0.02006	0.02297	0.01461	0.01741	0.01247	0.00809	0.00685	0.00210	0.01092	0.00580	0.07304	0.01081
72	0.01516	0.03114	0.42258	0.01940	0.02806	0.01545	0.02294	0.02279	0.01980	0.02894	0.21344	0.06597	0.03481	0.01193	0.00883	0.00273	0.00952	0.01003	0.00562	0.01087
73	0.01723	0.04305	0.63140	0.02540	0.06180	0.01978	0.03122	0.02692	0.01802	0.02699	0.01530	0.01809	0.01089	0.00806	0.00810	0.00269	0.01248	0.00634	0.00362	0.01261
74	0.02002	0.02001	0.02996	0.30279	0.35393	0.07829	0.02424	0.02507	0.01885	0.02473	0.01539	0.02120	0.01239	0.00806	0.00839	0.00262	0.01108	0.00738	0.00405	0.01153
75	0.01926	0.02142	0.04579	0.03452	0.07179	0.02014	0.53241	0.02581	0.01971	0.02679	0.01983	0.08351	0.01685	0.00895	0.01004	0.00291	0.01329	0.01120	0.00462	0.01117
76	0.02052	0.05318	0.03090	0.29766	0.26397	0.10703	0.05729	0.02545	0.01901	0.02404	0.01515	0.02071	0.01213	0.00808	0.00831	0.00259	0.01150	0.00729	0.00404	0.01114
77	0.02440	0.03047	0.34489	0.02646	0.14259	0.01758	0.02455	0.03135	0.02022	0.22329	0.02113	0.02197	0.01449	0.00876	0.00829	0.00265	0.01046	0.00723	0.00588	0.01334
78	0.01980	0.02110	0.03982	0.03459	0.14665	0.02271	0.32282	0.02493	0.01775	0.02524	0.01511	0.02126	0.01247	0.00966	0.01535	0.00307	0.22361	0.00879	0.00411	0.01116
79	0.02336	0.46667	0.15097	0.01764	0.02534	0.14565	0.01794	0.02728	0.01865	0.02141	0.01269	0.01473	0.01090	0.00769	0.00633	0.00204	0.01086	0.00503	0.00377	0.01103
80	0.02106	0.02022	0.03454	0.05223	0.64784	0.02022	0.02612	0.02612	0.01938	0.02780	0.01601	0.02106	0.01348	0.00758	0.00842	0.00253	0.01011	0.00758	0.00421	0.01348
81	0.02913	0.04118	0.13853	0.02235	0.02821	0.54976	0.01916	0.03271	0.02300	0.02193	0.01354	0.01582	0.01093	0.00865	0.00775	0.00228	0.01485	0.00563	0.00424	0.01036
82	0.01017	0.00817	0.00908	0.00981	0.01181	0.00708	0.00699	0.01208	0.01826	0.02252	0.07175	0.30754	0.42808	0.02343	0.01035	0.00309	0.00454	0.02025	0.00790	0.00708
83	0.02356	0.05351	0.02123	0.01767	0.02176	0.15166	0.01410	0.05910	0.21581	0.08607	0.03146	0.03371	0.08809	0.01276	0.01118	0.00282	0.09949	0.03786	0.00693	0.01123
84	0.01731	0.04261	0.61987	0.02592	0.07312	0.01979	0.03113	0.02690	0.01805	0.02700	0.01532	0.01815	0.01094	0.00806	0.00811	0.00269	0.01243	0.00637	0.00363	0.01263
85	0.01006	0.00862	0.00862	0.00862	0.01149	0.00718	0.00647	0.01221	0.01940	0.02299	0.08621	0.08190	0.64438	0.02155	0.01006	0.00287	0.00431	0.01796	0.00790	0.00718
86	0.02106	0.02022	0.03454	0.05223	0.64784	0.02022	0.02612	0.02612	0.01938	0.02780	0.01601	0.02106	0.01348	0.00758	0.00842	0.00253	0.01011	0.00758	0.00421	0.01348
87	0.01973	0.04339	0.54242	0.02383	0.03493	0.13676	0.02873	0.02822	0.01908	0.02584	0.01489	0.01749	0.01081	0.00821	0.00801	0.00260	0.01308	0.00614	0.00374	0.01209
88	0.02609	0.02937	0.02690	0.03176	0.24425	0.32252	0.01931	0.03325	0.13246	0.02595	0.01804	0.02032	0.01456	0.00885	0.00812	0.00244	0.01195	0.00697	0.00510	0.01179
89	0.01037	0.00741	0.00987	0.01185	0.01234	0.00691	0.00790	0.01185	0.01629	0.02172	0.04690	0.69537	0.05629	0.02666	0.01086	0.00346	0.00494	0.02419	0.00790	0.00691
90	0.02081	0.01996	0.03408	0.08461	0.61747	0.02015	0.02599	0.02589	0.01926	0.02749	0.01596	0.02115	0.01337	0.00763	0.00843	0.00254	0.01017	0.00758	0.00419	0.01327
91	0.01928	0.01840	0.03132	0.27704	0.43699	0.01975	0.02523	0.02455	0.01853	0.02563	0.01569	0.02164	0.01272	0.00791	0.00845	0.00264	0.01055	0.00758	0.00406	0.01204
92	0.03818	0.01448	0.01975	0.01514	0.02172	0.01251	0.01251	0.04147	0.02436	0.65373	0.03357	0.02897	0.02107	0.01053	0.00856	0.00263	0.00724	0.00856	0.01053	0.01448
93	0.01446	0.01128	0.01272	0.01159	0.01471	0.01104	0.00890	0.08364	0.08476	0.03241	0.31432	0.06226	0.27037	0.01752	0.00974	0.00275	0.00498	0.01489	0.00868	0.00897
94	0.02106	0.02022	0.03454	0.05223	0.64784	0.02022	0.02612	0.02612	0.01938	0.02780	0.01601	0.02106	0.01348	0.00758	0.00842	0.00253	0.01011	0.00758	0.00421	0.01348
95	0.01037	0.00741	0.00987	0.01185	0.01234	0.00691	0.00790	0.01185	0.01629	0.02172	0.04690	0.69537	0.05629	0.02666	0.01086	0.00346	0.00494	0.02419	0.00790	0.00691
96	0.02117	0.01828	0.01924	0.01732	0.02213	0.02117	0.01347	0.04522	0.63246	0.03560	0.03464	0.03175	0.02598	0.01155	0.00866	0.00289	0.00673	0.00962	0.00866	0.01347
97	0.02106	0.02022	0.03454	0.05223	0.64784	0.02022	0.02612	0.02612	0.01938	0.02780	0.01601	0.02106	0.01348	0.00758	0.00842	0.00253	0.01011	0.00758	0.00421	0.01348
98	0.02220	0.01880	0.01983	0.01753	0.02252	0.02165	0.01372	0.09847	0.57753	0.03727	0.03332	0.03070	0.02491	0.01142	0.00865	0.00286	0.00698	0.00944	0.00865	0.01356
99	0.21813	0.03266	0.02130	0.01894	0.02380	0.43446	0.01457	0.09282	0.02332	0.02869	0.01358	0.01549	0.01088	0.00870	0.00715	0.00234	0.01248	0.00549	0.00504	0.01018
100	0.01307	0.05378	0.18073	0.01370	0.01901	0.01205	0.01388	0.01773	0.01999	0.02670	0.20644	0.08442	0.27353	0.01645	0.00934	0.00275	0.00667	0.01383	0.00694	0.00899
101	0.01902	0.02087	0.05745	0.02925	0.26501	0.13240	0.01745	0.02285	0.02034	0.02563	0.10110	0.03914	0.15375	0.04668	0.01055	0.00285	0.00920	0.01043	0.00561	0.01043
102	0.01382	0.00903	0.00961	0.00931	0.01076	0.00886	0.00619	0.04479	0.01664	0.02369	0.03888	0.05298	0.15306	0.34583	0.02495	0.00522	0.00638	0.01211	0.20114	0.00677
103	0.02709	0.02395	0.05896	0.03391	0.30618	0.13584	0.02055	0.06421	0.05284	0.16233	0.02038	0.02207	0.01519	0.00879	0.00832	0.00252	0.01036	0.00745	0.00602	0.01305
104	0.14101	0.25755	0.08793	0.01571	0.02283	0.02324	0.01489	0.08582	0.05147	0.19422	0.01982	0.01965	0.01439	0.00879	0.00694	0.00236	0.00846	0.00632	0.00640	0.01221
105	0.02110	0.23634	0.05423	0.01531	0.02020	0.14067	0.01325	0.07554	0.02244	0.02765	0.21148	0.03268	0.03405	0.04903	0.00976	0.00261	0.00880	0.00890	0.00608	0.00989
106	0.02124	0.03607	0.31456	0.02304	0.05715	0.21852	0.02294	0.02717	0.01994	0.02473	0.05000	0.02343	0.05210	0.01006	0.00971	0.00262	0.06399	0.00734	0.00442	0.01098
107	0.06317	0.09252	0.16110	0.02406	0.03200	0.02054	0.22257	0.05734	0.02062	0.12337	0.05441	0.02345	0.01719	0.00900	0.00942	0.00269	0.04086	0.00829	0.00556	0.01183

[dist]
# distance from previous block
# <min> <max>
2	4

[block]
# block no. 1 follows, 21 sequences, length 64
# corresponding to MSA columns:
# 177-240
name=unknown_B
#
# <colnr> <probs for GDERKNQSTAVLIFYWHMCP>
#	G	D	E	R	K	N	Q	S	T	A	V	L	I	F	Y	W	H	M	C	P
0	0.02179	0.18354	0.03337	0.15455	0.29152	0.09846	0.02126	0.02690	0.04553	0.02437	0.01533	0.01941	0.01273	0.00799	0.00766	0.00239	0.01056	0.00671	0.00421	0.01171
1	0.02113	0.01760	0.05759	0.02036	0.02618	0.01602	0.17690	0.05906	0.12083	0.13349	0.18091	0.03832	0.06875	0.01196	0.00940	0.00276	0.00851	0.01119	0.00765	0.01140
2	0.01357	0.01061	0.01231	0.01146	0.01448	0.00954	0.00836	0.05498	0.01846	0.02480	0.04593	0.24213	0.20013	0.09396	0.04531	0.00380	0.00658	0.01543	0.00689	0.16128
3	0.01804	0.03723	0.46119	0.02800	0.03930	0.02033	0.22027	0.02705	0.01865	0.02705	0.01590	0.01958	0.01147	0.00779	0.00872	0.00275	0.01315	0.00750	0.00382	0.01222
4	0.01155	0.00890	0.01023	0.01081	0.01290	0.00814	0.00836	0.01383	0.01819	0.02255	0.06347	0.08133	0.35953	0.14403	0.01652	0.00415	0.00605	0.18504	0.00739	0.00701
5	0.02509	0.53525	0.03947	0.01628	0.02299	0.15205	0.01502	0.06700	0.02010	0.02243	0.01266	0.01443	0.01117	0.00776	0.00608	0.00194	0.01029	0.00493	0.00411	0.01096
6	0.02074	0.01770	0.01910	0.01619	0.02181	0.01884	0.01271	0.06426	0.44645	0.03434	0.02894	0.02758	0.02199	0.01012	0.00804	0.00245	0.00674	0.00834	0.00771	0.20593
7	0.02792	0.03215	0.02328	0.02079	0.02491	0.41447	0.01598	0.06498	0.16416	0.02587	0.01827	0.01975	0.01463	0.01016	0.01017	0.00254	0.08683	0.00676	0.00551	0.01087
8	0.01033	0.00757	0.00970	0.01140	0.01223	0.00695	0.00770	0.01190	0.01672	0.02190	0.05235	0.61037	0.13777	0.02595	0.01075	0.00338	0.00485	0.02333	0.00790	0.00695
9	0.02106	0.02022	0.03454	0.05223	0.64784	0.02022	0.02612	0.02612	0.01938	0.02780	0.01601	0.02106	0.01348	0.00758	0.00842	0.00253	0.01011	0.00758	0.00421	0.01348
10	0.01079	0.00870	0.00964	0.00954	0.01212	0.00755	0.00724	0.01356	0.02074	0.02628	0.24323	0.07732	0.45616	0.02046	0.01013	0.00287	0.00439	0.04351	0.00832	0.00746
11	0.11259	0.40232	0.03446	0.01617	0.02245	0.08780	0.01462	0.13250	0.02141	0.02831	0.01346	0.01532	0.01137	0.00845	0.00746	0.00219	0.04780	0.00536	0.00478	0.01117
12	0.01279	0.00978	0.01223	0.01184	0.01427	0.00863	0.00833	0.01482	0.01587	0.02244	0.03330	0.36204	0.03775	0.12191	0.07005	0.00442	0.00730	0.01599	0.00644	0.20981
13	0.01765	0.01513	0.01765	0.01260	0.02017	0.01134	0.01008	0.02143	0.01765	0.02773	0.01513	0.01765	0.01260	0.00630	0.00630	0.00126	0.00630	0.00504	0.00504	0.75295
14	0.01216	0.00912	0.01368	0.01368	0.01520	0.01064	0.01064	0.01520	0.01368	0.01976	0.02279	0.03343	0.02127	0.06382	0.66720	0.01368	0.02279	0.00912	0.00456	0.00760
15	0.02887	0.25518	0.03072	0.01955	0.02487	0.46258	0.01584	0.03124	0.02192	0.02057	0.01273	0.01480	0.01095	0.00829	0.00696	0.00207	0.01333	0.00518	0.00414	0.01021
16	0.01766	0.01394	0.01519	0.01419	0.01814	0.01481	0.01118	0.03108	0.32743	0.06541	0.05246	0.05539	0.22802	0.01614	0.00947	0.00299	0.00611	0.08112	0.00842	0.01083
17	0.01851	0.01031	0.01295	0.01223	0.01526	0.00940	0.00916	0.02219	0.05496	0.19221	0.12149	0.27912	0.16940	0.01936	0.00986	0.00299	0.00541	0.01688	0.00882	0.00948
18	0.03698	0.01641	0.02094	0.01606	0.02269	0.01537	0.01326	0.16074	0.02759	0.52991	0.03086	0.02720	0.01971	0.01047	0.00855	0.00262	0.00768	0.00837	0.01012	0.01448
19	0.01037	0.00741	0.00987	0.01185	0.01234	0.00691	0.00790	0.01185	0.01629	0.02172	0.04690	0.69537	0.05629	0.02666	0.01086	0.00346	0.00494	0.02419	0.00790	0.00691
20	0.01216	0.00912	0.01368	0.01368	0.01520	0.01064	0.01064	0.01520	0.01368	0.01976	0.02279	0.03343	0.02127	0.06382	0.66720	0.01368	0.02279	0.00912	0.00456	0.00760
21	0.01973	0.01886	0.03214	0.21994	0.49055	0.01987	0.02545	0.02495	0.01875	0.02618	0.01577	0.02150	0.01291	0.00783	0.00845	0.00261	0.01044	0.00758	0.00410	0.01241
22	0.01096	0.00771	0.00964	0.01093	0.01138	0.00733	0.00701	0.01202	0.01524	0.02020	0.04255	0.47490	0.07444	0.23042	0.02064	0.00488	0.00591	0.02034	0.00707	0.00639
23	0.01607	0.01513	0.02552	0.68047	0.05861	0.01891	0.02363	0.02174	0.01702	0.02174	0.01513	0.02269	0.01134	0.00851	0.00851	0.00284	0.01134	0.00756	0.00378	0.00945
24	0.01537	0.01385	0.01984	0.01799	0.01875	0.01832	0.01461	0.01783	0.01336	0.02012	0.01701	0.02606	0.01625	0.03947	0.34896	0.00872	0.35262	0.00829	0.00414	0.00845
25	0.01216	0.00912	0.01368	0.01368	0.01520	0.01064	0.01064	0.01520	0.01368	0.01976	0.02279	0.03343	0.02127	0.06382	0.66720	0.01368	0.02279	0.00912	0.00456	0.00760
26	0.01735	0.01643	0.02783	0.51993	0.20918	0.01924	0.02427	0.02286	0.01762	0.02329	0.01535	0.02227	0.01189	0.00827	0.00849	0.00276	0.01103	0.00757	0.00389	0.01048
27	0.03179	0.04056	0.02412	0.02192	0.02631	0.66676	0.01644	0.03398	0.02412	0.02083	0.01315	0.01535	0.01096	0.00877	0.00767	0.00219	0.01535	0.00548	0.00438	0.00987
28	0.02198	0.01293	0.01567	0.01423	0.01790	0.01283	0.01084	0.09674	0.11204	0.19677	0.04104	0.29823	0.07697	0.01783	0.00959	0.00301	0.00630	0.01549	0.00879	0.01082
29	0.01238	0.00825	0.00928	0.00928	0.00928	0.00825	0.00516	0.01238	0.01238	0.01650	0.02681	0.05569	0.03094	0.70092	0.04331	0.00825	0.00825	0.01238	0.00516	0.00516
30	0.01159	0.00795	0.00963	0.01035	0.01065	0.00772	0.00637	0.01238	0.01455	0.01951	0.06952	0.30198	0.04348	0.40301	0.02895	0.00609	0.00674	0.01709	0.00645	0.00599
31	0.02106	0.02022	0.03454	0.05223	0.64784	0.02022	0.02612	0.02612	0.01938	0.02780	0.01601	0.02106	0.01348	0.00758	0.00842	0.00253	0.01011	0.00758	0.00421	0.01348
32	0.02317	0.02540	0.02872	0.21348	0.28683	0.22853	0.02232	0.02746	0.02026	0.02390	0.01485	0.01966	0.01209	0.00822	0.00821	0.00250	0.01214	0.00690	0.00415	0.01122
33	0.01299	0.01037	0.01578	0.09322	0.02075	0.01249	0.01263	0.01627	0.01404	0.02003	0.02123	0.03132	0.01952	0.05449	0.55283	0.01183	0.05904	0.00884	0.00442	0.00792
34	0.03235	0.02384	0.02554	0.01958	0.02639	0.02639	0.01618	0.61946	0.04001	0.05363	0.02043	0.02043	0.01447	0.01022	0.00851	0.00255	0.00936	0.00766	0.00851	0.01447
35	0.02117	0.01828	0.01924	0.01732	0.02213	0.02117	0.01347	0.04522	0.63246	0.03560	0.03464	0.03175	0.02598	0.01155	0.00866	0.00289	0.00673	0.00962	0.00866	0.01347
36	0.01008	0.00854	0.00871	0.00884	0.01155	0.00717	0.00656	0.01219	0.01919	0.02290	0.08357	0.12313	0.60486	0.02190	0.01011	0.00291	0.00435	0.01838	0.00790	0.00717
37	0.02327	0.01780	0.02017	0.01911	0.06385	0.01969	0.01401	0.07446	0.45538	0.10876	0.03499	0.03253	0.05433	0.01158	0.00869	0.00281	0.00705	0.00966	0.00854	0.01334
38	0.02106	0.02022	0.03454	0.05223	0.64784	0.02022	0.02612	0.02612	0.01938	0.02780	0.01601	0.02106	0.01348	0.00758	0.00842	0.00253	0.01011	0.00758	0.00421	0.01348
39	0.03179	0.04056	0.02412	0.02192	0.02631	0.66676	0.01644	0.03398	0.02412	0.02083	0.01315	0.01535	0.01096	0.00877	0.00767	0.00219	0.01535	0.00548	0.00438	0.00987
40	0.11851	0.54467	0.10640	0.01517	0.02275	0.03027	0.01568	0.02558	0.01700	0.02314	0.01220	0.01414	0.01068	0.00745	0.00572	0.00202	0.00915	0.00475	0.00385	0.01088
41	0.03179	0.04056	0.02412	0.02192	0.02631	0.66676	0.01644	0.03398	0.02412	0.02083	0.01315	0.01535	0.01096	0.00877	0.00767	0.00219	0.01535	0.00548	0.00438	0.00987
42	0.01216	0.00912	0.01368	0.01368	0.01520	0.01064	0.01064	0.01520	0.01368	0.01976	0.02279	0.03343	0.02127	0.06382	0.66720	0.01368	0.02279	0.00912	0.00456	0.00760
43	0.01047	0.00748	0.00997	0.01178	0.01237	0.00698	0.00791	0.01210	0.01677	0.02248	0.08302	0.65711	0.05774	0.02610	0.01081	0.00341	0.00488	0.02366	0.00799	0.00698
44	0.03179	0.04056	0.02412	0.02192	0.02631	0.66676	0.01644	0.03398	0.02412	0.02083	0.01315	0.01535	0.01096	0.00877	0.00767	0.00219	0.01535	0.00548	0.00438	0.00987
45	0.03818	0.01448	0.01975	0.01514	0.02172	0.01251	0.01251	0.04147	0.02436	0.65373	0.03357	0.02897	0.02107	0.01053	0.00856	0.00263	0.00724	0.00856	0.01053	0.01448
46	0.03179	0.04056	0.02412	0.02192	0.02631	0.66676	0.01644	0.03398	0.02412	0.02083	0.01315	0.01535	0.01096	0.00877	0.00767	0.00219	0.01535	0.00548	0.00438	0.00987
47	0.01619	0.03776	0.54143	0.02236	0.03295	0.01813	0.02771	0.02484	0.01720	0.02566	0.01662	0.02074	0.01266	0.01809	0.12635	0.00467	0.01441	0.00680	0.00377	0.01168
48	0.02009	0.02296	0.05022	0.03587	0.04448	0.02152	0.61693	0.02726	0.02009	0.02726	0.01722	0.02296	0.01291	0.00717	0.01004	0.00287	0.01435	0.01004	0.00430	0.01148
49	0.01607	0.01513	0.02552	0.68047	0.05861	0.01891	0.02363	0.02174	0.01702	0.02174	0.01513	0.02269	0.01134	0.00851	0.00851	0.00284	0.01134	0.00756	0.00378	0.00945
50	0.02041	0.01980	0.03453	0.12561	0.53743	0.02015	0.06553	0.02568	0.01915	0.02705	0.01598	0.02138	0.01319	0.00766	0.00854	0.00259	0.01054	0.00775	0.00417	0.01287
51	0.02048	0.02147	0.02708	0.32771	0.22151	0.15237	0.02208	0.02505	0.01913	0.02332	0.01657	0.05452	0.01415	0.00920	0.00843	0.00264	0.01149	0.00798	0.00424	0.01059
52	0.01238	0.00825	0.00928	0.00928	0.00928	0.00825	0.00516	0.01238	0.01238	0.01650	0.02681	0.05569	0.03094	0.70092	0.04331	0.00825	0.00825	0.01238	0.00516	0.00516
53	0.01037	0.00741	0.00987	0.01185	0.01234	0.00691	0.00790	0.01185	0.01629	0.02172	0.04690	0.69537	0.05629	0.02666	0.01086	0.00346	0.00494	0.02419	0.00790	0.00691
54	0.01768	0.02768	0.24869	0.14528	0.06597	0.09244	0.07417	0.02367	0.01842	0.02427	0.02173	0.15890	0.02062	0.01197	0.00888	0.00283	0.01113	0.01052	0.00470	0.01046
55	0.02106	0.02022	0.03454	0.05223	0.64784	0.02022	0.02612	0.02612	0.01938	0.02780	0.01601	0.02106	0.01348	0.00758	0.00842	0.00253	0.01011	0.00758	0.00421	0.01348
56	0.01037	0.00741	0.00987	0.01185	0.01234	0.00691	0.00790	0.01185	0.01629	0.02172	0.04690	0.69537	0.05629	0.02666	0.01086	0.00346	0.00494	0.02419	0.00790	0.00691
57	0.02078	0.01993	0.03403	0.08788	0.61440	0.02015	0.02598	0.02587	0.01924	0.02746	0.01596	0.02115	0.01336	0.00763	0.00843	0.00254	0.01018	0.00758	0.00419	0.01325
58	0.01920	0.01234	0.01504	0.07088	0.01928	0.01301	0.01081	0.15345	0.02172	0.06590	0.02864	0.19777	0.02755	0.04614	0.01299	0.09183	0.00685	0.01215	0.16542	0.00903
59	0.03235	0.02384	0.02554	0.01958	0.02639	0.02639	0.01618	0.61946	0.04001	0.05363	0.02043	0.02043	0.01447	0.01022	0.00851	0.00255	0.00936	0.00766	0.00851	0.01447
60	0.03818	0.01448	0.01975	0.01514	0.02172	0.01251	0.01251	0.04147	0.02436	0.65373	0.03357	0.02897	0.02107	0.01053	0.00856	0.00263	0.00724	0.00856	0.01053	0.01448
61	0.02299	0.02412	0.03187	0.08242	0.48542	0.15355	0.02398	0.02749	0.02022	0.02601	0.01537	0.01998	0.01284	0.00788	0.00827	0.00248	0.01126	0.00715	0.00422	0.01250
62	0.01557	0.01448	0.01364	0.01290	0.01538	0.12629	0.00979	0.01915	0.02355	0.03057	0.46173	0.05794	0.09867	0.01646	0.00972	0.00268	0.00630	0.04859	0.00830	0.00830
63	0.02548	0.02289	0.02271	0.13739	0.03019	0.13429	0.01632	0.22437	0.19331	0.03621	0.02244	0.02359	0.01679	0.01000	0.00828	0.00260	0.00978	0.00781	0.04337	0.01217

[dist]
# distance from previous block
# <min> <max>
0	4

[block]
# block no. 2 follows, 21 sequences, length 9
# corresponding to MSA columns:
# 245-253
name=unknown_C
#
# <colnr> <probs for GDERKNQSTAVLIFYWHMCP>
#	G	D	E	R	K	N	Q	S	T	A	V	L	I	F	Y	W	H	M	C	P
0	0.05557	0.02554	0.02940	0.07655	0.10220	0.20865	0.14422	0.08279	0.07218	0.05945	0.04698	0.02278	0.01684	0.00908	0.00853	0.00257	0.01172	0.00795	0.00558	0.01140
1	0.02453	0.23238	0.03382	0.03054	0.25228	0.20216	0.01925	0.02919	0.05529	0.02399	0.01503	0.01787	0.01273	0.00805	0.00734	0.00224	0.01105	0.00621	0.00434	0.01171
2	0.01983	0.02432	0.13778	0.07111	0.19563	0.02068	0.21575	0.03014	0.14022	0.02868	0.01990	0.02337	0.01520	0.00837	0.00894	0.00275	0.01129	0.00857	0.00499	0.01245
3	0.13179	0.01837	0.05614	0.13596	0.23911	0.01735	0.01909	0.02745	0.01888	0.14008	0.01824	0.02110	0.01361	0.00818	0.00772	0.00247	0.00893	0.00694	0.00550	0.10311
4	0.02853	0.21370	0.03033	0.01913	0.02482	0.21918	0.01600	0.23812	0.02705	0.03221	0.01522	0.01694	0.01221	0.00934	0.00891	0.00234	0.06248	0.00615	0.00560	0.01174
5	0.27940	0.46632	0.03344	0.01339	0.01997	0.02860	0.01270	0.02532	0.01632	0.02633	0.01184	0.01371	0.01033	0.00750	0.00539	0.00210	0.00823	0.00457	0.00421	0.01033
6	0.01006	0.00862	0.00862	0.00862	0.01149	0.00718	0.00647	0.01221	0.01940	0.02299	0.08621	0.08190	0.64438	0.02155	0.01006	0.00287	0.00431	0.01796	0.00790	0.00718
7	0.01236	0.00833	0.00966	0.00966	0.00980	0.00846	0.00563	0.01262	0.01249	0.01678	0.02646	0.05375	0.03010	0.64543	0.09765	0.00872	0.00952	0.01209	0.00510	0.00537
8	0.10556	0.02043	0.03571	0.04368	0.43330	0.02040	0.16346	0.02626	0.01898	0.02886	0.01582	0.02068	0.01286	0.00752	0.00844	0.00262	0.01070	0.00782	0.00435	0.01252

[dist]
# distance from previous block
# <min> <max>
0	10

[block]
# block no. 3 follows, 21 sequences, length 98
# corresponding to MSA columns:
# 264-361
name=unknown_D
#
# <colnr> <probs for GDERKNQSTAVLIFYWHMCP>
#	G	D	E	R	K	N	Q	S	T	A	V	L	I	F	Y	W	H	M	C	P
0	0.02275	0.70604	0.04459	0.01456	0.02184	0.03367	0.01456	0.02548	0.01729	0.02002	0.01183	0.01365	0.01092	0.00728	0.00546	0.00182	0.00910	0.00455	0.00364	0.01092
1	0.09112	0.41248	0.22390	0.01711	0.02555	0.02715	0.01895	0.02545	0.01707	0.02382	0.01332	0.01579	0.01115	0.00994	0.03386	0.00266	0.01047	0.00527	0.00382	0.01112
2	0.01381	0.01103	0.01675	0.01548	0.01721	0.01307	0.04310	0.01700	0.01432	0.02139	0.02138	0.03069	0.01950	0.04899	0.48182	0.01063	0.11149	0.00882	0.07545	0.00807
3	0.02106	0.02022	0.03454	0.05223	0.64784	0.02022	0.02612	0.02612	0.01938	0.02780	0.01601	0.02106	0.01348	0.00758	0.00842	0.00253	0.01011	0.00758	0.00421	0.01348
4	0.03179	0.04056	0.02412	0.02192	0.02631	0.66676	0.01644	0.03398	0.02412	0.02083	0.01315	0.01535	0.01096	0.00877	0.00767	0.00219	0.01535	0.00548	0.00438	0.00987
5	0.01346	0.00982	0.01393	0.05206	0.01930	0.00997	0.01360	0.01720	0.01907	0.02484	0.04361	0.16013	0.04772	0.02304	0.01147	0.00381	0.00770	0.49383	0.00762	0.00782
6	0.01444	0.01255	0.01939	0.01685	0.02004	0.01220	0.13078	0.04568	0.07508	0.02593	0.06755	0.31495	0.12950	0.05903	0.01214	0.00341	0.00726	0.01730	0.00717	0.00875
7	0.01607	0.01513	0.02552	0.68047	0.05861	0.01891	0.02363	0.02174	0.01702	0.02174	0.01513	0.02269	0.01134	0.00851	0.00851	0.00284	0.01134	0.00756	0.00378	0.00945
8	0.01006	0.00862	0.00862	0.00862	0.01149	0.00718	0.00647	0.01221	0.01940	0.02299	0.08621	0.08190	0.64438	0.02155	0.01006	0.00287	0.00431	0.01796	0.00790	0.00718
9	0.01088	0.00780	0.01034	0.01150	0.01246	0.00726	0.00794	0.01314	0.01869	0.02553	0.22997	0.50145	0.06366	0.02382	0.01061	0.00322	0.00465	0.02149	0.00835	0.00726
10	0.02691	0.02800	0.02595	0.02910	0.20904	0.28117	0.01826	0.14858	0.02539	0.03021	0.01953	0.02193	0.04158	0.00935	0.00808	0.00238	0.01149	0.00724	0.04414	0.01165
11	0.01740	0.08317	0.62062	0.02368	0.03595	0.02059	0.03044	0.02686	0.01793	0.02654	0.01507	0.01771	0.01079	0.00804	0.00793	0.00264	0.01237	0.00619	0.00360	0.01248
12	0.03184	0.03896	0.02425	0.02170	0.02632	0.60560	0.01642	0.08990	0.02563	0.02396	0.01385	0.01583	0.01130	0.00891	0.00775	0.00223	0.01478	0.00569	0.00478	0.01031
13	0.01846	0.01782	0.02074	0.01866	0.02052	0.08363	0.01495	0.02512	0.13740	0.02330	0.01957	0.02542	0.01717	0.02853	0.21678	0.00644	0.28262	0.00819	0.00502	0.00967
14	0.01153	0.00843	0.00927	0.00927	0.01039	0.00799	0.00591	0.01246	0.01498	0.01901	0.04808	0.06402	0.25225	0.42244	0.06345	0.00659	0.00758	0.01423	0.00612	0.00602
15	0.01233	0.00842	0.01015	0.01015	0.01046	0.00872	0.00625	0.01294	0.01263	0.01715	0.02602	0.05127	0.02902	0.57434	0.16727	0.00933	0.01114	0.01173	0.00504	0.00564
16	0.02343	0.02581	0.03198	0.12736	0.31741	0.21040	0.08858	0.02796	0.02053	0.02486	0.01518	0.01981	0.01238	0.00801	0.00840	0.00251	0.01229	0.00723	0.00421	0.01164
17	0.01725	0.04278	0.62125	0.02494	0.03728	0.01987	0.06578	0.02697	0.01809	0.02697	0.01539	0.01826	0.01091	0.00803	0.00820	0.00271	0.01268	0.00651	0.00364	0.01251
18	0.03265	0.02335	0.02524	0.01935	0.02615	0.02567	0.01598	0.58935	0.03920	0.08489	0.02112	0.02088	0.01482	0.01023	0.00852	0.00256	0.00925	0.00771	0.00862	0.01447
19	0.02236	0.02626	0.04370	0.03236	0.03966	0.15140	0.46488	0.02825	0.02053	0.02561	0.01608	0.02120	0.01243	0.00790	0.01051	0.00278	0.04976	0.00899	0.00429	0.01104
20	0.02298	0.02487	0.03542	0.04003	0.33662	0.15050	0.16966	0.02911	0.05676	0.02673	0.01684	0.02101	0.01357	0.00795	0.00869	0.00257	0.01201	0.00789	0.00453	0.01226
21	0.01056	0.00755	0.01010	0.01207	0.01265	0.00708	0.00824	0.01219	0.01649	0.02194	0.04680	0.66022	0.05586	0.02648	0.01091	0.00348	0.00511	0.05741	0.00790	0.00697
22	0.02106	0.02022	0.03454	0.05223	0.64784	0.02022	0.02612	0.02612	0.01938	0.02780	0.01601	0.02106	0.01348	0.00758	0.00842	0.00253	0.01011	0.00758	0.00421	0.01348
23	0.01913	0.28454	0.43440	0.02073	0.03139	0.02482	0.02531	0.02642	0.01772	0.02443	0.01402	0.01640	0.01083	0.00779	0.00713	0.00238	0.01131	0.00566	0.00361	0.01198
24	0.01199	0.00894	0.00984	0.00945	0.01231	0.00766	0.00715	0.01463	0.02075	0.05844	0.21340	0.07487	0.48036	0.02001	0.00997	0.00282	0.00439	0.01687	0.00838	0.00776
25	0.01037	0.00741	0.00987	0.01185	0.01234	0.00691	0.00790	0.01185	0.01629	0.02172	0.04690	0.69537	0.05629	0.02666	0.01086	0.00346	0.00494	0.02419	0.00790	0.00691
26	0.01016	0.00862	0.00876	0.00873	0.01156	0.00723	0.00654	0.01241	0.01963	0.02355	0.11428	0.08098	0.61596	0.02134	0.01006	0.00286	0.00430	0.01783	0.00798	0.00723
27	0.01196	0.00891	0.00999	0.00958	0.01234	0.00769	0.00723	0.01475	0.02111	0.05498	0.26013	0.07371	0.43775	0.01974	0.00998	0.00280	0.00435	0.01672	0.00849	0.00778
28	0.07571	0.03599	0.02301	0.02069	0.02530	0.52877	0.01569	0.06695	0.08342	0.02515	0.01556	0.01713	0.01251	0.00907	0.00767	0.00231	0.01364	0.00595	0.00508	0.01043
29	0.02106	0.02022	0.03454	0.05223	0.64784	0.02022	0.02612	0.02612	0.01938	0.02780	0.01601	0.02106	0.01348	0.00758	0.00842	0.00253	0.01011	0.00758	0.00421	0.01348
30	0.01224	0.00880	0.01209	0.01209	0.01306	0.00977	0.00866	0.01418	0.01321	0.01858	0.02425	0.04148	0.02477	0.29418	0.44162	0.01171	0.01754	0.01030	0.00477	0.00672
31	0.01037	0.00741	0.00987	0.01185	0.01234	0.00691	0.00790	0.01185	0.01629	0.02172	0.04690	0.69537	0.05629	0.02666	0.01086	0.00346	0.00494	0.02419	0.00790	0.00691
32	0.02882	0.03435	0.02285	0.05022	0.02632	0.50565	0.01585	0.08476	0.02443	0.02394	0.01873	0.02102	0.04930	0.01252	0.04235	0.00289	0.01435	0.00670	0.00495	0.00999
33	0.02106	0.02022	0.03454	0.05223	0.64784	0.02022	0.02612	0.02612	0.01938	0.02780	0.01601	0.02106	0.01348	0.00758	0.00842	0.00253	0.01011	0.00758	0.00421	0.01348
34	0.03818	0.01448	0.01975	0.01514	0.02172	0.01251	0.01251	0.04147	0.02436	0.65373	0.03357	0.02897	0.02107	0.01053	0.00856	0.00263	0.00724	0.00856	0.01053	0.01448
35	0.02077	0.01992	0.03401	0.08939	0.61299	0.02014	0.02597	0.02586	0.01924	0.02744	0.01596	0.02116	0.01335	0.00764	0.00843	0.00255	0.01018	0.00758	0.00419	0.01324
36	0.14162	0.02499	0.01969	0.01745	0.02190	0.26666	0.01359	0.09338	0.05975	0.08570	0.01884	0.02151	0.01497	0.02006	0.13857	0.00467	0.01354	0.00684	0.00583	0.01046
37	0.01011	0.00842	0.00882	0.00915	0.01163	0.00714	0.00670	0.01215	0.01889	0.02278	0.07983	0.18152	0.54889	0.02238	0.01019	0.00297	0.00441	0.01897	0.00790	0.00714
38	0.01094	0.00866	0.00985	0.00955	0.01204	0.00756	0.00716	0.01393	0.02149	0.02796	0.33482	0.07372	0.39267	0.01970	0.01005	0.00279	0.00418	0.01681	0.00856	0.00756
39	0.03132	0.03700	0.02442	0.02157	0.02615	0.53866	0.01649	0.12592	0.02616	0.02600	0.01422	0.01629	0.01153	0.00926	0.00866	0.00231	0.04255	0.00591	0.00501	0.01057
40	0.02852	0.28118	0.03152	0.01926	0.02469	0.43785	0.01576	0.03091	0.02165	0.02054	0.01268	0.01473	0.01095	0.00823	0.00687	0.00206	0.01309	0.00514	0.00412	0.01025
41	0.01143	0.00882	0.01057	0.01086	0.01316	0.00796	0.00849	0.01448	0.02072	0.02685	0.24685	0.11109	0.31953	0.02094	0.01044	0.00306	0.00497	0.13389	0.00834	0.00756
42	0.01765	0.01513	0.01765	0.01260	0.02017	0.01134	0.01008	0.02143	0.01765	0.02773	0.01513	0.01765	0.01260	0.00630	0.00630	0.00126	0.00630	0.00504	0.00504	0.75295
43	0.01828	0.01953	0.03931	0.02941	0.03532	0.02001	0.40674	0.02383	0.01776	0.02475	0.01744	0.02442	0.01434	0.01970	0.14472	0.00517	0.11515	0.00947	0.00427	0.01038
44	0.01238	0.00825	0.00928	0.00928	0.00928	0.00825	0.00516	0.01238	0.01238	0.01650	0.02681	0.05569	0.03094	0.70092	0.04331	0.00825	0.00825	0.01238	0.00516	0.00516
45	0.01037	0.00741	0.00987	0.01185	0.01234	0.00691	0.00790	0.01185	0.01629	0.02172	0.04690	0.69537	0.05629	0.02666	0.01086	0.00346	0.00494	0.02419	0.00790	0.00691
46	0.01442	0.00827	0.00986	0.00986	0.01142	0.00871	0.00729	0.01734	0.01578	0.02597	0.02557	0.03419	0.02216	0.09231	0.19947	0.04529	0.00992	0.00867	0.42614	0.00735
47	0.02133	0.01964	0.02420	0.06220	0.20473	0.04883	0.01778	0.03800	0.39703	0.03198	0.02731	0.02748	0.02096	0.01012	0.00854	0.00275	0.00832	0.00875	0.00694	0.01311
48	0.01016	0.00863	0.00876	0.00873	0.01156	0.00723	0.00655	0.01241	0.01964	0.02356	0.11493	0.08095	0.61531	0.02134	0.01006	0.00286	0.00430	0.01783	0.00798	0.00723
49	0.01115	0.00927	0.00991	0.01012	0.01295	0.00826	0.00791	0.01464	0.04918	0.02398	0.07744	0.08161	0.52364	0.02136	0.01025	0.00303	0.00497	0.10481	0.00793	0.00759
50	0.01788	0.07968	0.53278	0.02615	0.06634	0.02077	0.08611	0.02685	0.01820	0.02662	0.01529	0.01834	0.01112	0.00793	0.00813	0.00265	0.01242	0.00661	0.00369	0.01242
51	0.01740	0.08317	0.62062	0.02368	0.03595	0.02059	0.03044	0.02686	0.01793	0.02654	0.01507	0.01771	0.01079	0.00804	0.00793	0.00264	0.01237	0.00619	0.00360	0.01248
52	0.01238	0.00825	0.00928	0.00928	0.00928	0.00825	0.00516	0.01238	0.01238	0.01650	0.02681	0.05569	0.03094	0.70092	0.04331	0.00825	0.00825	0.01238	0.00516	0.00516
53	0.01707	0.04402	0.65683	0.02426	0.03683	0.01976	0.03144	0.02695	0.01797	0.02695	0.01527	0.01797	0.01078	0.00809	0.00809	0.00270	0.01258	0.00629	0.00359	0.01258
54	0.01532	0.01409	0.04889	0.15318	0.08880	0.01388	0.01539	0.05132	0.07804	0.02583	0.03314	0.32187	0.03509	0.01764	0.00972	0.00313	0.00771	0.05089	0.00659	0.00945
55	0.02341	0.01940	0.02051	0.01777	0.02299	0.02222	0.01401	0.16060	0.51343	0.03922	0.03178	0.02948	0.02367	0.01128	0.00863	0.00282	0.00726	0.00923	0.00863	0.01367
56	0.16655	0.03848	0.52737	0.02163	0.03274	0.01963	0.02698	0.02656	0.01727	0.02921	0.01458	0.01713	0.01047	0.00805	0.00752	0.00268	0.01137	0.00595	0.00393	0.01190
57	0.03149	0.02301	0.02462	0.01897	0.02553	0.02543	0.01564	0.58817	0.03886	0.05249	0.02081	0.02102	0.01486	0.01020	0.00838	0.00252	0.00908	0.00768	0.04711	0.01413
