[name]
unknown

[dist]
# distance from previous block
# <min> <max>
0	3

[block]
# block no. 0 follows, 22 sequences, length 30
# corresponding to MSA columns:
# 3-32
name=unknown_A
#
# <colnr> <probs for GDERKNQSTAVLIFYWHMCP>
#	G	D	E	R	K	N	Q	S	T	A	V	L	I	F	Y	W	H	M	C	P
0	0.02706	0.02940	0.02158	0.01928	0.02367	0.38753	0.01507	0.14925	0.02524	0.02763	0.01932	0.02831	0.01731	0.01367	0.04364	0.00301	0.01280	0.09135	0.00561	0.03927
1	0.19244	0.01894	0.01598	0.01455	0.01861	0.13533	0.01125	0.02999	0.22353	0.03176	0.15481	0.03310	0.06391	0.01166	0.00786	0.00259	0.00739	0.00913	0.00703	0.01013
2	0.26576	0.01789	0.01914	0.08390	0.02424	0.02084	0.01376	0.14901	0.16608	0.06577	0.01968	0.02087	0.01477	0.00981	0.00909	0.00273	0.07192	0.00697	0.00650	0.01126
3	0.02415	0.01760	0.01932	0.01614	0.02143	0.01900	0.01286	0.18887	0.31269	0.11248	0.06190	0.03166	0.06286	0.01144	0.00843	0.00261	0.00699	0.00932	0.00844	0.05179
4	0.15446	0.01829	0.02449	0.12978	0.17259	0.05258	0.06792	0.11333	0.02042	0.03041	0.01866	0.08649	0.01654	0.01274	0.04344	0.00321	0.01011	0.00864	0.00524	0.01067
5	0.33330	0.05901	0.01911	0.01592	0.02072	0.30032	0.01253	0.06557	0.02001	0.02981	0.01341	0.01539	0.01074	0.00829	0.00639	0.00231	0.01025	0.00521	0.04212	0.00960
6	0.03103	0.03959	0.02354	0.02140	0.02568	0.67469	0.01605	0.03317	0.02354	0.02033	0.01284	0.01498	0.01070	0.00856	0.00749	0.00214	0.01498	0.00535	0.00428	0.00963
7	0.02123	0.03682	0.44512	0.02213	0.03226	0.05573	0.02547	0.17321	0.05296	0.03270	0.01692	0.01863	0.01212	0.00859	0.00800	0.00258	0.01139	0.00658	0.00495	0.01263
8	0.02056	0.01974	0.03372	0.05099	0.65622	0.01974	0.02550	0.02550	0.01892	0.02714	0.01563	0.02056	0.01316	0.00740	0.00822	0.00247	0.00987	0.00740	0.00411	0.01316
9	0.01027	0.00817	0.00871	0.00900	0.01095	0.00716	0.00629	0.01190	0.01724	0.02111	0.06796	0.16770	0.45131	0.14627	0.01582	0.00384	0.00500	0.01745	0.00723	0.00662
10	0.02409	0.01402	0.01675	0.01458	0.01868	0.01420	0.01132	0.16551	0.09062	0.21017	0.03394	0.24939	0.03098	0.01548	0.00896	0.00281	0.00658	0.01327	0.04740	0.01126
11	0.01442	0.01305	0.02077	0.43203	0.04107	0.01597	0.01833	0.01844	0.01601	0.02109	0.02289	0.20890	0.02312	0.01383	0.01093	0.00303	0.08095	0.01184	0.00479	0.00853
12	0.01208	0.00805	0.00906	0.00906	0.00906	0.00805	0.00503	0.01208	0.01208	0.01611	0.02618	0.05436	0.03020	0.70804	0.04228	0.00805	0.00805	0.01208	0.00503	0.00503
13	0.03158	0.02327	0.02493	0.01911	0.02576	0.02576	0.01579	0.62852	0.03906	0.05236	0.01995	0.01995	0.01413	0.00997	0.00831	0.00249	0.00914	0.00748	0.00831	0.01413
14	0.01995	0.01958	0.03377	0.07788	0.45727	0.02045	0.10050	0.02560	0.04321	0.02634	0.01598	0.02106	0.01324	0.00828	0.01037	0.00266	0.07958	0.00777	0.00423	0.01229
15	0.31240	0.02052	0.02007	0.01599	0.02206	0.02304	0.01319	0.39776	0.02954	0.04659	0.01674	0.01748	0.01217	0.00911	0.00710	0.00252	0.00810	0.00634	0.00710	0.01217
16	0.01787	0.01231	0.01474	0.01335	0.01631	0.01247	0.01014	0.17822	0.02518	0.06856	0.25366	0.25725	0.05059	0.01770	0.00959	0.00283	0.00577	0.01545	0.00852	0.00949
17	0.01002	0.00842	0.00869	0.00862	0.01134	0.00710	0.00647	0.01230	0.01940	0.02355	0.14179	0.07813	0.59453	0.02063	0.00982	0.00279	0.00418	0.01728	0.00786	0.00710
18	0.01012	0.00723	0.00964	0.01157	0.01205	0.00675	0.00771	0.01157	0.01591	0.02121	0.04579	0.70262	0.05495	0.02603	0.01060	0.00337	0.00482	0.02362	0.00771	0.00675
19	0.06465	0.03866	0.55982	0.02375	0.06424	0.01890	0.02812	0.02689	0.01772	0.06020	0.01567	0.01800	0.01108	0.00798	0.00776	0.00262	0.01152	0.00621	0.00399	0.01221
20	0.02377	0.06290	0.17452	0.03176	0.24409	0.27231	0.02256	0.02861	0.02029	0.02400	0.01421	0.01741	0.01150	0.00795	0.00774	0.00235	0.01234	0.00619	0.00401	0.01149
21	0.76672	0.01607	0.01221	0.01092	0.01607	0.01864	0.00900	0.02442	0.01414	0.03727	0.01157	0.01350	0.00900	0.00771	0.00514	0.00257	0.00643	0.00450	0.00514	0.00900
22	0.01881	0.01628	0.02208	0.15046	0.16677	0.01791	0.01689	0.08888	0.20297	0.03032	0.05924	0.09301	0.05681	0.01190	0.00870	0.00274	0.00799	0.01042	0.00651	0.01133
23	0.02032	0.06492	0.02307	0.01914	0.02110	0.19661	0.01543	0.02256	0.01604	0.01988	0.01427	0.02059	0.01327	0.02428	0.18078	0.00552	0.30231	0.00698	0.00400	0.00892
24	0.01026	0.00773	0.00950	0.01054	0.01187	0.00697	0.00734	0.01223	0.01778	0.02320	0.13916	0.44245	0.22400	0.02341	0.01028	0.00311	0.00453	0.02076	0.00791	0.00697
25	0.01128	0.00847	0.01044	0.00995	0.01212	0.00763	0.00746	0.01475	0.02238	0.03063	0.51146	0.06648	0.22044	0.01799	0.00980	0.00266	0.00399	0.01564	0.00879	0.00763
26	0.03103	0.03959	0.02354	0.02140	0.02568	0.67469	0.01605	0.03317	0.02354	0.02033	0.01284	0.01498	0.01070	0.00856	0.00749	0.00214	0.01498	0.00535	0.00428	0.00963
27	0.01168	0.00854	0.01099	0.01054	0.01257	0.00786	0.00801	0.01543	0.02286	0.03188	0.56751	0.06541	0.12754	0.01768	0.00989	0.00270	0.00415	0.04804	0.00893	0.00775
28	0.02094	0.17820	0.03596	0.04259	0.51111	0.02274	0.02292	0.02535	0.01845	0.02540	0.01469	0.01891	0.01259	0.00733	0.00756	0.00231	0.00964	0.00673	0.00398	0.01259
29	0.02672	0.37181	0.03364	0.01754	0.02353	0.27358	0.01511	0.10476	0.02221	0.02401	0.01310	0.01479	0.01112	0.00802	0.00652	0.00200	0.01121	0.00517	0.00443	0.01071

[dist]
# distance from previous block
# <min> <max>
0	1

[block]
# block no. 1 follows, 22 sequences, length 136
# corresponding to MSA columns:
# 34-169
name=unknown_B
#
# <colnr> <probs for GDERKNQSTAVLIFYWHMCP>
#	G	D	E	R	K	N	Q	S	T	A	V	L	I	F	Y	W	H	M	C	P
0	0.21573	0.06149	0.21915	0.02661	0.20848	0.01897	0.02059	0.02457	0.01753	0.02970	0.06943	0.02100	0.01679	0.00845	0.00729	0.00252	0.00913	0.00676	0.00461	0.01120
1	0.02061	0.01861	0.02312	0.05644	0.20941	0.08644	0.01690	0.13107	0.05665	0.02977	0.07393	0.02695	0.02111	0.02193	0.16456	0.00503	0.01253	0.00832	0.00562	0.01098
2	0.01012	0.00723	0.00964	0.01157	0.01205	0.00675	0.00771	0.01157	0.01591	0.02121	0.04579	0.70262	0.05495	0.02603	0.01060	0.00337	0.00482	0.02362	0.00771	0.00675
3	0.01981	0.02701	0.18903	0.18951	0.27742	0.10504	0.02500	0.02570	0.01864	0.02465	0.01488	0.01944	0.01169	0.00789	0.00806	0.00254	0.01143	0.00681	0.00388	0.01155
4	0.01846	0.03358	0.39376	0.08736	0.18183	0.05401	0.02712	0.02697	0.05074	0.02619	0.01594	0.01922	0.01197	0.00803	0.00801	0.00259	0.01145	0.00667	0.00396	0.01212
5	0.01187	0.00890	0.01335	0.01335	0.01483	0.01038	0.01038	0.01483	0.01335	0.01928	0.02225	0.03264	0.02077	0.06231	0.67512	0.01335	0.02225	0.00890	0.00445	0.00742
6	0.02175	0.02278	0.02955	0.11293	0.43010	0.15574	0.02246	0.02601	0.01949	0.02481	0.01630	0.05005	0.01428	0.00858	0.00819	0.00247	0.01084	0.00770	0.00426	0.01170
7	0.01394	0.00739	0.01045	0.01045	0.01045	0.00739	0.00676	0.01109	0.01109	0.01478	0.01688	0.03133	0.01772	0.17064	0.03452	0.60168	0.00739	0.00823	0.00391	0.00391
8	0.01352	0.00727	0.01052	0.01084	0.01104	0.00713	0.00726	0.01099	0.01202	0.01590	0.02271	0.13854	0.04989	0.02804	0.02787	0.60068	0.00669	0.01036	0.00446	0.00428
9	0.02509	0.03598	0.17784	0.02724	0.11248	0.36669	0.08486	0.02987	0.02112	0.02328	0.01411	0.01709	0.01118	0.00809	0.00792	0.00237	0.01358	0.00627	0.00407	0.01088
10	0.53596	0.01833	0.01620	0.01350	0.01911	0.02087	0.01113	0.21405	0.02196	0.04201	0.01420	0.01552	0.01061	0.00842	0.00614	0.00255	0.00728	0.00543	0.00614	0.01061
11	0.01144	0.00805	0.01017	0.01136	0.01209	0.00778	0.00794	0.01293	0.01545	0.02033	0.04070	0.33041	0.07351	0.25202	0.02129	0.00500	0.00646	0.13988	0.00681	0.00638
12	0.01557	0.01341	0.01391	0.01292	0.01672	0.01425	0.00994	0.02900	0.34872	0.02897	0.05748	0.05400	0.32030	0.01586	0.00909	0.00281	0.00546	0.01322	0.00811	0.01027
13	0.02443	0.02708	0.02996	0.04005	0.42317	0.26182	0.02200	0.02833	0.02063	0.02462	0.01460	0.01850	0.01225	0.00783	0.00795	0.00235	0.01176	0.00664	0.00417	0.01185
14	0.01723	0.01477	0.01723	0.01230	0.01969	0.01107	0.00984	0.02092	0.01723	0.02707	0.01477	0.01723	0.01230	0.00615	0.00615	0.00123	0.00615	0.00492	0.00492	0.75883
15	0.02097	0.01996	0.03351	0.04706	0.56205	0.02041	0.05172	0.05711	0.01969	0.02807	0.01566	0.02049	0.01307	0.00789	0.00930	0.00254	0.04576	0.00751	0.00431	0.01291
16	0.01825	0.35091	0.23622	0.01647	0.02416	0.02329	0.01817	0.02342	0.01848	0.02459	0.14629	0.02485	0.02475	0.00942	0.00709	0.00223	0.00894	0.00720	0.00471	0.01059
17	0.02643	0.01738	0.01957	0.01655	0.02193	0.01885	0.01317	0.10457	0.40611	0.21112	0.03207	0.02908	0.02284	0.01086	0.00841	0.00271	0.00698	0.00890	0.00895	0.01353
18	0.01208	0.00805	0.00906	0.00906	0.00906	0.00805	0.00503	0.01208	0.01208	0.01611	0.02618	0.05436	0.03020	0.70804	0.04228	0.00805	0.00805	0.01208	0.00503	0.00503
19	0.03103	0.03959	0.02354	0.02140	0.02568	0.67469	0.01605	0.03317	0.02354	0.02033	0.01284	0.01498	0.01070	0.00856	0.00749	0.00214	0.01498	0.00535	0.00428	0.00963
20	0.02667	0.01607	0.05504	0.01412	0.02133	0.01208	0.01215	0.03048	0.02034	0.32722	0.02329	0.02247	0.01611	0.00820	0.00729	0.00194	0.00693	0.00661	0.00738	0.36427
21	0.01935	0.01934	0.03521	0.10040	0.42682	0.01926	0.16498	0.02468	0.01888	0.02626	0.01941	0.02424	0.04632	0.00810	0.00868	0.00259	0.01065	0.00849	0.00429	0.01204
22	0.02029	0.01946	0.03323	0.08648	0.62285	0.01967	0.02536	0.02526	0.01879	0.02681	0.01558	0.02065	0.01304	0.00745	0.00823	0.00248	0.00994	0.00740	0.00409	0.01294
23	0.02066	0.01785	0.01878	0.01691	0.02160	0.02066	0.01315	0.04414	0.64121	0.03475	0.03381	0.03099	0.02536	0.01127	0.00845	0.00282	0.00657	0.00939	0.00845	0.01315
24	0.02033	0.01950	0.03330	0.08113	0.62788	0.01968	0.02538	0.02529	0.01881	0.02686	0.01559	0.02064	0.01306	0.00744	0.00823	0.00248	0.00993	0.00740	0.00409	0.01297
25	0.76672	0.01607	0.01221	0.01092	0.01607	0.01864	0.00900	0.02442	0.01414	0.03727	0.01157	0.01350	0.00900	0.00771	0.00514	0.00257	0.00643	0.00450	0.00514	0.00900
26	0.01208	0.00805	0.00906	0.00906	0.00906	0.00805	0.00503	0.01208	0.01208	0.01611	0.02618	0.05436	0.03020	0.70804	0.04228	0.00805	0.00805	0.01208	0.00503	0.00503
27	0.01012	0.00723	0.00964	0.01157	0.01205	0.00675	0.00771	0.01157	0.01591	0.02121	0.04579	0.70262	0.05495	0.02603	0.01060	0.00337	0.00482	0.02362	0.00771	0.00675
28	0.01039	0.00844	0.00920	0.00901	0.01157	0.00725	0.00676	0.01302	0.02028	0.02563	0.25043	0.07471	0.48459	0.01985	0.00981	0.00275	0.00412	0.01680	0.00813	0.00725
29	0.01065	0.00763	0.01011	0.01121	0.01217	0.00710	0.00775	0.01289	0.01835	0.02509	0.24029	0.49704	0.06247	0.02312	0.01034	0.00313	0.00453	0.02086	0.00817	0.00710
30	0.01985	0.01977	0.03599	0.11464	0.46531	0.01987	0.15061	0.02528	0.01882	0.02641	0.01578	0.02111	0.01282	0.00741	0.00856	0.00257	0.01086	0.00790	0.00409	0.01234
31	0.01012	0.00723	0.00964	0.01157	0.01205	0.00675	0.00771	0.01157	0.01591	0.02121	0.04579	0.70262	0.05495	0.02603	0.01060	0.00337	0.00482	0.02362	0.00771	0.00675
32	0.01330	0.01034	0.01296	0.01231	0.01236	0.01199	0.00839	0.01388	0.01263	0.01755	0.02466	0.11405	0.02828	0.47385	0.03543	0.00653	0.16815	0.01217	0.00499	0.00616
33	0.01012	0.00723	0.00964	0.01157	0.01205	0.00675	0.00771	0.01157	0.01591	0.02121	0.04579	0.70262	0.05495	0.02603	0.01060	0.00337	0.00482	0.02362	0.00771	0.00675
34	0.01335	0.01107	0.01618	0.01533	0.01647	0.01391	0.01221	0.01604	0.01320	0.01945	0.01959	0.02925	0.01846	0.05111	0.52334	0.01107	0.17936	0.00852	0.00426	0.00781
35	0.54951	0.02226	0.16555	0.01413	0.02102	0.01842	0.01426	0.02578	0.01548	0.07023	0.01356	0.01528	0.01001	0.00790	0.00597	0.00258	0.00783	0.00510	0.00505	0.01006
36	0.01187	0.00890	0.01335	0.01335	0.01483	0.01038	0.01038	0.01483	0.01335	0.01928	0.02225	0.03264	0.02077	0.06231	0.67512	0.01335	0.02225	0.00890	0.00445	0.00742
37	0.01012	0.00723	0.00964	0.01157	0.01205	0.00675	0.00771	0.01157	0.01591	0.02121	0.04579	0.70262	0.05495	0.02603	0.01060	0.00337	0.00482	0.02362	0.00771	0.00675
38	0.03103	0.03959	0.02354	0.02140	0.02568	0.67469	0.01605	0.03317	0.02354	0.02033	0.01284	0.01498	0.01070	0.00856	0.00749	0.00214	0.01498	0.00535	0.00428	0.00963
39	0.01683	0.01593	0.02698	0.53882	0.19756	0.01876	0.02364	0.02223	0.01715	0.02261	0.01497	0.02178	0.01156	0.00809	0.00829	0.00270	0.01079	0.00739	0.00379	0.01015
40	0.00982	0.00842	0.00842	0.00842	0.01122	0.00701	0.00631	0.01192	0.01894	0.02244	0.08416	0.07995	0.65285	0.02104	0.00982	0.00281	0.00421	0.01753	0.00771	0.00701
41	0.03009	0.02253	0.02409	0.01881	0.02520	0.02507	0.01543	0.54897	0.12104	0.04996	0.02183	0.02145	0.01566	0.01015	0.00833	0.00254	0.00879	0.00774	0.00833	0.01399
42	0.02621	0.02009	0.02153	0.01779	0.02343	0.02256	0.01428	0.30289	0.34810	0.06930	0.02762	0.02598	0.02018	0.01065	0.00839	0.00266	0.00773	0.00850	0.00847	0.01362
43	0.01330	0.00995	0.01342	0.04121	0.01550	0.01118	0.00967	0.04352	0.01523	0.02130	0.08101	0.04026	0.02781	0.24681	0.33274	0.00935	0.04512	0.01023	0.00518	0.00720
44	0.01569	0.01477	0.02492	0.68808	0.05722	0.01846	0.02307	0.02123	0.01661	0.02123	0.01477	0.02215	0.01107	0.00831	0.00831	0.00277	0.01107	0.00738	0.00369	0.00923
45	0.03158	0.02327	0.02493	0.01911	0.02576	0.02576	0.01579	0.62852	0.03906	0.05236	0.01995	0.01995	0.01413	0.00997	0.00831	0.00249	0.00914	0.00748	0.00831	0.01413
46	0.03103	0.03959	0.02354	0.02140	0.02568	0.67469	0.01605	0.03317	0.02354	0.02033	0.01284	0.01498	0.01070	0.00856	0.00749	0.00214	0.01498	0.00535	0.00428	0.00963
47	0.02301	0.02439	0.03134	0.04406	0.50849	0.17319	0.02328	0.02729	0.02000	0.02555	0.01497	0.01925	0.01258	0.00767	0.00805	0.00239	0.01107	0.00692	0.00415	0.01233
48	0.02323	0.57913	0.03970	0.01565	0.02197	0.12318	0.01469	0.02578	0.01759	0.01968	0.01170	0.01383	0.01068	0.00773	0.00686	0.00193	0.04785	0.00473	0.00366	0.01043
49	0.02513	0.19028	0.03135	0.02850	0.21114	0.29347	0.01854	0.02821	0.02000	0.02214	0.01325	0.01643	0.01143	0.00822	0.00833	0.00224	0.05059	0.00585	0.00402	0.01089
50	0.02116	0.58631	0.16107	0.01600	0.02409	0.03030	0.01733	0.02515	0.01700	0.02082	0.01218	0.01412	0.01063	0.00726	0.00582	0.00194	0.00953	0.00476	0.00354	0.01097
51	0.01012	0.00723	0.00964	0.01157	0.01205	0.00675	0.00771	0.01157	0.01591	0.02121	0.04579	0.70262	0.05495	0.02603	0.01060	0.00337	0.00482	0.02362	0.00771	0.00675
52	0.01339	0.00956	0.01339	0.01530	0.01721	0.00956	0.01339	0.01721	0.01912	0.02486	0.04399	0.09371	0.04781	0.02295	0.01147	0.00382	0.00765	0.60031	0.00765	0.00765
53	0.01351	0.01131	0.01650	0.01555	0.01665	0.01430	0.01241	0.01618	0.01319	0.01947	0.01930	0.02887	0.01820	0.04987	0.50650	0.01082	0.19679	0.00848	0.00424	0.00785
54	0.01723	0.01477	0.01723	0.01230	0.01969	0.01107	0.00984	0.02092	0.01723	0.02707	0.01477	0.01723	0.01230	0.00615	0.00615	0.00123	0.00615	0.00492	0.00492	0.75883
55	0.01187	0.00890	0.01335	0.01335	0.01483	0.01038	0.01038	0.01483	0.01335	0.01928	0.02225	0.03264	0.02077	0.06231	0.67512	0.01335	0.02225	0.00890	0.00445	0.00742
56	0.01012	0.00723	0.00964	0.01157	0.01205	0.00675	0.00771	0.01157	0.01591	0.02121	0.04579	0.70262	0.05495	0.02603	0.01060	0.00337	0.00482	0.02362	0.00771	0.00675
57	0.02056	0.01974	0.03372	0.05099	0.65622	0.01974	0.02550	0.02550	0.01892	0.02714	0.01563	0.02056	0.01316	0.00740	0.00822	0.00247	0.00987	0.00740	0.00411	0.01316
58	0.00982	0.00842	0.00842	0.00842	0.01122	0.00701	0.00631	0.01192	0.01894	0.02244	0.08416	0.07995	0.65285	0.02104	0.00982	0.00281	0.00421	0.01753	0.00771	0.00701
59	0.01012	0.00723	0.00964	0.01157	0.01205	0.00675	0.00771	0.01157	0.01591	0.02121	0.04579	0.70262	0.05495	0.02603	0.01060	0.00337	0.00482	0.02362	0.00771	0.00675
60	0.01012	0.00723	0.00964	0.01157	0.01205	0.00675	0.00771	0.01157	0.01591	0.02121	0.04579	0.70262	0.05495	0.02603	0.01060	0.00337	0.00482	0.02362	0.00771	0.00675
61	0.02909	0.18810	0.02795	0.01982	0.02472	0.53316	0.01565	0.03134	0.02207	0.02016	0.01256	0.01462	0.01069	0.00824	0.00701	0.00206	0.01364	0.00515	0.00412	0.00986
62	0.02702	0.17524	0.02982	0.02609	0.15640	0.40475	0.01764	0.02985	0.02119	0.02159	0.01315	0.01580	0.01121	0.00802	0.00720	0.00213	0.01265	0.00559	0.00409	0.01058
63	0.01592	0.02576	0.32273	0.01921	0.05990	0.01416	0.01989	0.02257	0.02044	0.06285	0.28181	0.03686	0.03953	0.01179	0.00873	0.00261	0.00838	0.01004	0.00625	0.01057
64	0.01666	0.04297	0.66500	0.02368	0.03596	0.01929	0.03069	0.02631	0.01754	0.02631	0.01491	0.01754	0.01052	0.00789	0.00789	0.00263	0.01228	0.00614	0.00351	0.01228
65	0.01073	0.00845	0.00968	0.00937	0.01178	0.00740	0.00703	0.01368	0.02108	0.02754	0.35041	0.07156	0.38342	0.01914	0.00981	0.00272	0.00407	0.01636	0.00839	0.00740
66	0.01187	0.00890	0.01335	0.01335	0.01483	0.01038	0.01038	0.01483	0.01335	0.01928	0.02225	0.03264	0.02077	0.06231	0.67512	0.01335	0.02225	0.00890	0.00445	0.00742
67	0.01569	0.01477	0.02492	0.68808	0.05722	0.01846	0.02307	0.02123	0.01661	0.02123	0.01477	0.02215	0.01107	0.00831	0.00831	0.00277	0.01107	0.00738	0.00369	0.00923
68	0.02550	0.02025	0.02151	0.01788	0.02345	0.02292	0.01432	0.30305	0.37443	0.04255	0.02767	0.02610	0.02038	0.01070	0.00839	0.00267	0.00771	0.00854	0.00839	0.01358
69	0.01819	0.01732	0.02943	0.36124	0.36451	0.01911	0.02431	0.02342	0.01779	0.02426	0.01521	0.02133	0.01214	0.00784	0.00826	0.00261	0.01046	0.00739	0.00391	0.01124
70	0.01190	0.00872	0.01002	0.00954	0.01217	0.00759	0.00721	0.01479	0.02102	0.05709	0.31136	0.07027	0.39056	0.01889	0.00974	0.00272	0.00423	0.01608	0.00841	0.00768
71	0.01012	0.00723	0.00964	0.01157	0.01205	0.00675	0.00771	0.01157	0.01591	0.02121	0.04579	0.70262	0.05495	0.02603	0.01060	0.00337	0.00482	0.02362	0.00771	0.00675
72	0.02163	0.49123	0.03762	0.01663	0.02169	0.06666	0.01537	0.02404	0.01615	0.01971	0.01145	0.01470	0.01073	0.00916	0.01127	0.00229	0.19063	0.00524	0.00362	0.01019
73	0.03128	0.03222	0.02417	0.02037	0.02572	0.38150	0.01593	0.30216	0.03055	0.03480	0.01605	0.01722	0.01225	0.00920	0.00786	0.00230	0.01234	0.00631	0.00610	0.01166
74	0.03143	0.02781	0.02454	0.01975	0.02574	0.20632	0.01586	0.46288	0.03474	0.04345	0.01797	0.01856	0.01317	0.00958	0.00808	0.00239	0.01077	0.00689	0.00719	0.01288
75	0.01076	0.00788	0.01026	0.01192	0.01302	0.00737	0.00871	0.01279	0.01699	0.02214	0.05058	0.49163	0.13400	0.02471	0.01068	0.00339	0.00533	0.14318	0.00770	0.00697
76	0.02902	0.03494	0.02514	0.02548	0.11465	0.51742	0.01747	0.06468	0.02328	0.02306	0.01355	0.01619	0.01125	0.00874	0.00851	0.00227	0.04372	0.00584	0.00445	0.01036
77	0.01187	0.01020	0.01038	0.01002	0.01318	0.00959	0.00760	0.01802	0.13663	0.02477	0.07464	0.07069	0.53417	0.01919	0.00956	0.00281	0.00466	0.01599	0.00785	0.00817
78	0.01443	0.00722	0.01082	0.01082	0.01082	0.00722	0.00722	0.01082	0.01082	0.01443	0.01443	0.02525	0.01443	0.02886	0.03247	0.75830	0.00722	0.00722	0.00361	0.00361
79	0.02181	0.30141	0.29075	0.01954	0.02815	0.16136	0.02126	0.02719	0.01854	0.02245	0.01318	0.01538	0.01061	0.00773	0.00682	0.00220	0.01153	0.00532	0.00369	0.01110
80	0.01666	0.04297	0.66500	0.02368	0.03596	0.01929	0.03069	0.02631	0.01754	0.02631	0.01491	0.01754	0.01052	0.00789	0.00789	0.00263	0.01228	0.00614	0.00351	0.01228
81	0.01999	0.02127	0.08885	0.07148	0.43777	0.01983	0.02329	0.02926	0.14859	0.02837	0.01932	0.02253	0.01536	0.00830	0.00825	0.00257	0.00946	0.00770	0.00494	0.01289
82	0.01001	0.00802	0.00895	0.00958	0.01156	0.00696	0.00686	0.01197	0.01811	0.02251	0.09650	0.29051	0.42423	0.02255	0.01008	0.00299	0.00440	0.01949	0.00778	0.00696
83	0.01848	0.38992	0.18314	0.01625	0.02326	0.02440	0.01721	0.02286	0.01621	0.02108	0.01485	0.01884	0.01300	0.02022	0.16286	0.00469	0.01282	0.00589	0.00375	0.01028
84	0.00992	0.00801	0.00883	0.00949	0.01150	0.00692	0.00679	0.01180	0.01791	0.02202	0.07113	0.29131	0.44990	0.02273	0.01008	0.00300	0.00442	0.01960	0.00771	0.00692
85	0.01714	0.03966	0.56591	0.02550	0.03716	0.01957	0.12646	0.02636	0.01787	0.02636	0.01521	0.01832	0.01086	0.00775	0.00820	0.00266	0.01256	0.00673	0.00362	0.01210
86	0.00993	0.00842	0.00857	0.00853	0.01129	0.00706	0.00640	0.01214	0.01920	0.02306	0.11644	0.07893	0.62018	0.02081	0.00982	0.00279	0.00419	0.01739	0.00780	0.00706
87	0.01818	0.01818	0.02545	0.02181	0.02181	0.02545	0.01818	0.01999	0.01272	0.01999	0.01091	0.01818	0.01091	0.01454	0.02726	0.00364	0.69284	0.00727	0.00364	0.00909
88	0.01187	0.00890	0.01335	0.01335	0.01483	0.01038	0.01038	0.01483	0.01335	0.01928	0.02225	0.03264	0.02077	0.06231	0.67512	0.01335	0.02225	0.00890	0.00445	0.00742
89	0.00993	0.00842	0.00857	0.00853	0.01129	0.00706	0.00640	0.01214	0.01920	0.02306	0.11644	0.07893	0.62018	0.02081	0.00982	0.00279	0.00419	0.01739	0.00780	0.00706
90	0.02056	0.01974	0.03372	0.05099	0.65622	0.01974	0.02550	0.02550	0.01892	0.02714	0.01563	0.02056	0.01316	0.00740	0.00822	0.00247	0.00987	0.00740	0.00411	0.01316
91	0.10258	0.02257	0.02370	0.01832	0.02483	0.02507	0.01513	0.57018	0.03665	0.05090	0.01914	0.01932	0.01363	0.00975	0.00800	0.00250	0.00888	0.00719	0.00800	0.01363
92	0.01832	0.01737	0.02844	0.04210	0.52158	0.01708	0.02149	0.02266	0.01892	0.02616	0.02993	0.03296	0.14670	0.01025	0.00856	0.00254	0.00869	0.00952	0.00486	0.01188
93	0.01027	0.00843	0.00905	0.00889	0.01150	0.00721	0.00667	0.01280	0.02001	0.02499	0.21716	0.07576	0.51826	0.02009	0.00981	0.00276	0.00414	0.01694	0.00805	0.00721
94	0.01666	0.04297	0.66500	0.02368	0.03596	0.01929	0.03069	0.02631	0.01754	0.02631	0.01491	0.01754	0.01052	0.00789	0.00789	0.00263	0.01228	0.00614	0.00351	0.01228
95	0.00982	0.00842	0.00842	0.00842	0.01122	0.00701	0.00631	0.01192	0.01894	0.02244	0.08416	0.07995	0.65285	0.02104	0.00982	0.00281	0.00421	0.01753	0.00771	0.00701
96	0.01961	0.02241	0.04902	0.03501	0.04342	0.02101	0.62605	0.02661	0.01961	0.02661	0.01681	0.02241	0.01261	0.00700	0.00980	0.00280	0.01401	0.00980	0.00420	0.01120
97	0.01012	0.00723	0.00964	0.01157	0.01205	0.00675	0.00771	0.01157	0.01591	0.02121	0.04579	0.70262	0.05495	0.02603	0.01060	0.00337	0.00482	0.02362	0.00771	0.00675
98	0.01190	0.00879	0.01279	0.01279	0.01408	0.01008	0.00968	0.01447	0.01318	0.01887	0.02277	0.03548	0.02200	0.14682	0.59230	0.01266	0.02039	0.00932	0.00453	0.00711
99	0.02100	0.56702	0.17896	0.01628	0.02451	0.02991	0.01781	0.02519	0.01702	0.02102	0.01228	0.01424	0.01063	0.00728	0.00589	0.00196	0.00962	0.00481	0.00354	0.01101
100	0.01320	0.00943	0.01317	0.01509	0.01692	0.00940	0.01306	0.01689	0.01894	0.02465	0.04409	0.12834	0.04822	0.02312	0.01142	0.00380	0.00749	0.56751	0.00765	0.00760
101	0.02221	0.71304	0.04353	0.01421	0.02132	0.03287	0.01421	0.02488	0.01688	0.01955	0.01155	0.01333	0.01066	0.00711	0.00533	0.00178	0.00888	0.00444	0.00355	0.01066
102	0.01666	0.04297	0.66500	0.02368	0.03596	0.01929	0.03069	0.02631	0.01754	0.02631	0.01491	0.01754	0.01052	0.00789	0.00789	0.00263	0.01228	0.00614	0.00351	0.01228
103	0.02066	0.01785	0.01878	0.01691	0.02160	0.02066	0.01315	0.04414	0.64121	0.03475	0.03381	0.03099	0.02536	0.01127	0.00845	0.00282	0.00657	0.00939	0.00845	0.01315
104	0.01771	0.16954	0.54761	0.02189	0.03319	0.02186	0.02758	0.02604	0.01741	0.02503	0.01427	0.01674	0.01055	0.00774	0.00741	0.00247	0.01164	0.00582	0.00352	0.01197
105	0.59099	0.02237	0.16515	0.01391	0.02073	0.01879	0.01408	0.02486	0.01493	0.03470	0.01235	0.01444	0.00935	0.00775	0.00579	0.00258	0.00780	0.00488	0.00476	0.00977
106	0.01007	0.00843	0.00876	0.00868	0.01137	0.00712	0.00651	0.01240	0.01952	0.02383	0.15670	0.07766	0.57944	0.02052	0.00982	0.00278	0.00417	0.01721	0.00790	0.00712
107	0.01176	0.00849	0.01110	0.01045	0.01241	0.00784	0.00784	0.01568	0.02352	0.03331	0.65184	0.06206	0.07839	0.01698	0.00980	0.00261	0.00392	0.01502	0.00914	0.00784
108	0.01683	0.04183	0.63068	0.02431	0.03637	0.01939	0.06386	0.02633	0.01765	0.02633	0.01501	0.01781	0.01064	0.00784	0.00800	0.00264	0.01237	0.00634	0.00355	0.01222
109	0.02221	0.71304	0.04353	0.01421	0.02132	0.03287	0.01421	0.02488	0.01688	0.01955	0.01155	0.01333	0.01066	0.00711	0.00533	0.00178	0.00888	0.00444	0.00355	0.01066
110	0.01666	0.04297	0.66500	0.02368	0.03596	0.01929	0.03069	0.02631	0.01754	0.02631	0.01491	0.01754	0.01052	0.00789	0.00789	0.00263	0.01228	0.00614	0.00351	0.01228
111	0.01189	0.00883	0.01298	0.01298	0.01433	0.01018	0.00992	0.01460	0.01324	0.01901	0.02259	0.03452	0.02159	0.11844	0.62011	0.01289	0.02102	0.00918	0.00450	0.00721
112	0.01040	0.00853	0.00923	0.00930	0.01191	0.00735	0.00715	0.01292	0.01960	0.02419	0.16090	0.07862	0.51880	0.02063	0.00996	0.00287	0.00447	0.06808	0.00791	0.00719
113	0.76672	0.01607	0.01221	0.01092	0.01607	0.01864	0.00900	0.02442	0.01414	0.03727	0.01157	0.01350	0.00900	0.00771	0.00514	0.00257	0.00643	0.00450	0.00514	0.00900
114	0.03158	0.02327	0.02493	0.01911	0.02576	0.02576	0.01579	0.62852	0.03906	0.05236	0.01995	0.01995	0.01413	0.00997	0.00831	0.00249	0.00914	0.00748	0.00831	0.01413
115	0.03727	0.01414	0.01928	0.01478	0.02121	0.01221	0.01221	0.04049	0.02378	0.66198	0.03277	0.02828	0.02056	0.01028	0.00835	0.00257	0.00707	0.00835	0.01028	0.01414
116	0.01145	0.00779	0.00925	0.00987	0.01002	0.00763	0.00589	0.01192	0.01331	0.01775	0.03248	0.26260	0.03815	0.48897	0.03211	0.00655	0.00702	0.01579	0.00589	0.00558
117	0.00982	0.00842	0.00842	0.00842	0.01122	0.00701	0.00631	0.01192	0.01894	0.02244	0.08416	0.07995	0.65285	0.02104	0.00982	0.00281	0.00421	0.01753	0.00771	0.00701
118	0.02314	0.64223	0.04143	0.01497	0.02178	0.10036	0.01441	0.02575	0.01758	0.01963	0.01169	0.01350	0.01067	0.00726	0.00556	0.00182	0.00953	0.00454	0.00363	0.01055
119	0.01074	0.00807	0.00995	0.01028	0.01199	0.00728	0.00740	0.01341	0.01993	0.02668	0.31394	0.26863	0.21959	0.02088	0.01006	0.00290	0.00428	0.01838	0.00832	0.00728
120	0.01625	0.01226	0.01389	0.01358	0.01625	0.01319	0.01045	0.05921	0.21849	0.02843	0.03696	0.12853	0.06076	0.11714	0.01404	0.00374	0.00656	0.13490	0.08607	0.00928
121	0.01731	0.08987	0.01934	0.01560	0.01818	0.15228	0.01241	0.02001	0.01581	0.01957	0.01852	0.02610	0.01704	0.04257	0.42848	0.00924	0.05747	0.00760	0.00427	0.00832
122	0.01012	0.00723	0.00964	0.01157	0.01205	0.00675	0.00771	0.01157	0.01591	0.02121	0.04579	0.70262	0.05495	0.02603	0.01060	0.00337	0.00482	0.02362	0.00771	0.00675
123	0.01966	0.02399	0.12832	0.04133	0.34593	0.02014	0.24458	0.02602	0.01897	0.02683	0.01595	0.02081	0.01259	0.00733	0.00875	0.00261	0.01171	0.00810	0.00406	0.01232
124	0.01140	0.00944	0.03969	0.01168	0.01299	0.00802	0.00867	0.01357	0.01688	0.02296	0.15478	0.36585	0.05163	0.16562	0.01701	0.00421	0.00589	0.06554	0.00723	0.00692
125	0.03009	0.06444	0.02498	0.01888	0.02476	0.16085	0.01528	0.44352	0.03340	0.04225	0.01827	0.02005	0.01393	0.04020	0.00947	0.00262	0.01030	0.00707	0.00706	0.01260
126	0.02033	0.01908	0.03014	0.07721	0.49240	0.01986	0.02279	0.02916	0.14870	0.02842	0.01938	0.02282	0.01560	0.00826	0.00828	0.00256	0.00924	0.00782	0.00500	0.01295
127	0.01965	0.02518	0.18162	0.04459	0.51090	0.01963	0.02671	0.02569	0.01859	0.02695	0.01546	0.01985	0.01254	0.00752	0.00815	0.00251	0.01043	0.00711	0.00397	0.01295
128	0.01187	0.00890	0.01335	0.01335	0.01483	0.01038	0.01038	0.01483	0.01335	0.01928	0.02225	0.03264	0.02077	0.06231	0.67512	0.01335	0.02225	0.00890	0.00445	0.00742
129	0.02221	0.71304	0.04353	0.01421	0.02132	0.03287	0.01421	0.02488	0.01688	0.01955	0.01155	0.01333	0.01066	0.00711	0.00533	0.00178	0.00888	0.00444	0.00355	0.01066
130	0.01140	0.00892	0.01062	0.01147	0.01388	0.00814	0.00945	0.01427	0.01902	0.02351	0.06636	0.08605	0.38479	0.02189	0.01055	0.00326	0.00573	0.27572	0.00769	0.00730
131	0.01236	0.01062	0.01085	0.01040	0.01365	0.01021	0.00791	0.01947	0.16473	0.02533	0.07236	0.06848	0.50584	0.01875	0.00950	0.00281	0.00476	0.01563	0.00789	0.00845
132	0.01007	0.00780	0.00918	0.01015	0.01171	0.00691	0.00711	0.01192	0.01758	0.02231	0.09107	0.40276	0.31489	0.02344	0.01023	0.00309	0.00451	0.02058	0.00778	0.00691
133	0.02056	0.01974	0.03372	0.05099	0.65622	0.01974	0.02550	0.02550	0.01892	0.02714	0.01563	0.02056	0.01316	0.00740	0.00822	0.00247	0.00987	0.00740	0.00411	0.01316
134	0.01187	0.00890	0.01335	0.01335	0.01483	0.01038	0.01038	0.01483	0.01335	0.01928	0.02225	0.03264	0.02077	0.06231	0.67512	0.01335	0.02225	0.00890	0.00445	0.00742
135	0.01331	0.01126	0.01144	0.01123	0.01385	0.04599	0.00844	0.06748	0.02077	0.02584	0.11972	0.19995	0.35410	0.02011	0.00979	0.00289	0.00549	0.04281	0.00771	0.00783

[dist]
# distance from previous block
# <min> <max>
0	1

[block]
# block no. 2 follows, 22 sequences, length 24
# corresponding to MSA columns:
# 171-194
name=unknown_C
#
# <colnr> <probs for GDERKNQSTAVLIFYWHMCP>
#	G	D	E	R	K	N	Q	S	T	A	V	L	I	F	Y	W	H	M	C	P
0	0.03009	0.11170	0.02568	0.02063	0.02522	0.60597	0.01585	0.03228	0.02283	0.02025	0.01270	0.01480	0.01070	0.00841	0.00726	0.00210	0.01433	0.00525	0.00420	0.00974
1	0.02011	0.01966	0.03470	0.09499	0.54881	0.01978	0.08850	0.02531	0.01882	0.02666	0.01569	0.02087	0.01295	0.00742	0.00840	0.00252	0.01039	0.00765	0.00409	0.01267
2	0.01554	0.01240	0.01446	0.01358	0.01664	0.01322	0.01058	0.02738	0.27359	0.03301	0.33730	0.05278	0.05367	0.01529	0.00943	0.00282	0.00539	0.07424	0.00871	0.00997
3	0.26380	0.01474	0.01708	0.01358	0.01961	0.01421	0.01121	0.03550	0.02078	0.46797	0.02619	0.02369	0.01697	0.00948	0.00736	0.00257	0.00687	0.00716	0.00869	0.01254
4	0.01468	0.01329	0.01736	0.01839	0.09046	0.01494	0.01297	0.01945	0.08251	0.02365	0.04606	0.05052	0.27219	0.01935	0.05309	0.00367	0.17980	0.05251	0.00615	0.00896
5	0.01000	0.00771	0.00914	0.01029	0.01171	0.00686	0.00714	0.01171	0.01713	0.02171	0.06135	0.45007	0.29745	0.02400	0.01029	0.00314	0.00457	0.02115	0.00771	0.00686
6	0.01423	0.01183	0.01601	0.01969	0.13329	0.01168	0.01304	0.01976	0.08567	0.02584	0.07661	0.10137	0.21093	0.01819	0.00996	0.00310	0.00665	0.20592	0.00717	0.00903
7	0.02416	0.56404	0.03911	0.01580	0.02229	0.17488	0.01462	0.02671	0.01835	0.01972	0.01184	0.01369	0.01067	0.00743	0.00581	0.00186	0.01023	0.00464	0.00371	0.01043
8	0.01741	0.01479	0.01680	0.01357	0.01936	0.01338	0.01056	0.02663	0.19988	0.02864	0.02396	0.10116	0.02110	0.00997	0.00735	0.00195	0.00612	0.00841	0.00628	0.45270
9	0.01468	0.01319	0.01719	0.01609	0.01734	0.05346	0.01281	0.01729	0.01378	0.01954	0.01866	0.02772	0.01753	0.04635	0.46226	0.01009	0.20154	0.00826	0.00422	0.00800
10	0.01564	0.01255	0.01675	0.08501	0.01993	0.01487	0.01217	0.01899	0.04868	0.05543	0.10007	0.04067	0.09377	0.17654	0.06091	0.00482	0.19867	0.01065	0.00569	0.00819
11	0.01303	0.01061	0.01558	0.01491	0.01612	0.01316	0.01182	0.01579	0.01324	0.01942	0.02016	0.02997	0.01895	0.05350	0.55570	0.01156	0.14587	0.00860	0.00430	0.00773
12	0.02027	0.01944	0.03319	0.08918	0.62031	0.01966	0.02535	0.02524	0.01878	0.02679	0.01557	0.02066	0.01303	0.00746	0.00823	0.00249	0.00994	0.00740	0.00409	0.01292
13	0.07394	0.01988	0.03041	0.12588	0.43664	0.05338	0.05116	0.02635	0.05309	0.02715	0.01615	0.02064	0.01312	0.00780	0.00806	0.00253	0.01005	0.00731	0.00439	0.01208
14	0.06142	0.14285	0.09955	0.03347	0.30005	0.14266	0.05487	0.02690	0.01907	0.02502	0.01420	0.01773	0.01176	0.00761	0.00749	0.00233	0.01095	0.00637	0.00404	0.01167
15	0.01635	0.01484	0.01997	0.02043	0.11320	0.03761	0.07646	0.06398	0.07717	0.02685	0.04258	0.17423	0.19955	0.01536	0.00916	0.00271	0.00730	0.01365	0.00660	0.06198
16	0.11563	0.02107	0.02664	0.02830	0.20691	0.06032	0.04553	0.19167	0.02314	0.03380	0.01542	0.01874	0.01234	0.00928	0.01084	0.00261	0.11865	0.00692	0.00538	0.04682
17	0.02156	0.33001	0.09922	0.01784	0.05189	0.16820	0.01574	0.02520	0.01974	0.02334	0.13042	0.02346	0.02326	0.00935	0.00704	0.00214	0.00973	0.00691	0.00477	0.01020
18	0.02085	0.08109	0.29177	0.02041	0.02785	0.11365	0.02135	0.08786	0.07206	0.02755	0.01682	0.01945	0.01304	0.01136	0.03628	0.00301	0.08320	0.00661	0.03448	0.01134
19	0.02339	0.02434	0.20470	0.01878	0.02594	0.01816	0.04531	0.12433	0.15955	0.15099	0.02451	0.02700	0.01842	0.08294	0.01187	0.00322	0.00918	0.00827	0.00681	0.01230
20	0.02767	0.10464	0.14443	0.02018	0.02715	0.23432	0.01846	0.26233	0.02776	0.03379	0.01585	0.01721	0.01200	0.00883	0.00766	0.00233	0.01157	0.00623	0.00563	0.01197
21	0.02054	0.01911	0.02287	0.08785	0.23146	0.13623	0.01790	0.02435	0.01996	0.06988	0.02967	0.04268	0.08690	0.01278	0.00900	0.00278	0.00964	0.14033	0.00571	0.01036
22	0.13213	0.09456	0.06351	0.02239	0.12042	0.05670	0.01667	0.13038	0.10662	0.07746	0.01837	0.01993	0.01413	0.00943	0.00947	0.00258	0.08067	0.00682	0.00587	0.01186
23	0.02288	0.07370	0.02890	0.06509	0.31959	0.18433	0.01997	0.02886	0.08511	0.02541	0.01645	0.01962	0.01350	0.00805	0.00774	0.00231	0.01057	0.00674	0.00460	0.05661

[dist]
# distance from previous block
# <min> <max>
10	106

[block]
# block no. 3 follows, 22 sequences, length 143
# corresponding to MSA columns:
# 303-445
name=unknown_D
#
# <colnr> <probs for GDERKNQSTAVLIFYWHMCP>
#	G	D	E	R	K	N	Q	S	T	A	V	L	I	F	Y	W	H	M	C	P
0	0.01999	0.24154	0.02421	0.01430	0.01888	0.16790	0.01201	0.02430	0.07288	0.02264	0.03550	0.03817	0.18419	0.01249	0.00764	0.00234	0.00852	0.04210	0.04103	0.00937
1	0.02555	0.05994	0.02254	0.02057	0.07920	0.28596	0.01473	0.06179	0.13596	0.07408	0.02575	0.02600	0.07699	0.01018	0.00790	0.00235	0.01033	0.00773	0.00601	0.04645
2	0.02856	0.02655	0.02264	0.01890	0.02406	0.22990	0.01488	0.32927	0.08346	0.03731	0.01928	0.02152	0.01507	0.04345	0.04469	0.00323	0.01142	0.00725	0.00669	0.01186
3	0.02111	0.01752	0.02292	0.02685	0.23188	0.04723	0.01611	0.13328	0.02213	0.06193	0.02343	0.16544	0.02235	0.01183	0.00836	0.00244	0.00812	0.01040	0.00611	0.14055
4	0.02027	0.01693	0.02220	0.08753	0.15943	0.01682	0.01553	0.13161	0.08123	0.03228	0.05401	0.02340	0.01808	0.00857	0.00759	0.00213	0.00776	0.00727	0.04257	0.24478
5	0.22299	0.02307	0.05068	0.05743	0.15878	0.16562	0.04162	0.05494	0.01951	0.02872	0.02143	0.02375	0.07975	0.00938	0.00746	0.00250	0.00979	0.00729	0.00497	0.01032
6	0.04744	0.01335	0.01874	0.13376	0.07928	0.01434	0.04652	0.02349	0.15125	0.02780	0.14170	0.17259	0.06670	0.01455	0.00908	0.00284	0.00708	0.01299	0.00682	0.00964
7	0.02086	0.02732	0.17630	0.02321	0.11513	0.16588	0.01893	0.09893	0.02156	0.02730	0.04943	0.02704	0.07104	0.01721	0.09955	0.00396	0.01247	0.00805	0.00510	0.01072
8	0.02286	0.02429	0.03088	0.07222	0.47788	0.17724	0.02312	0.02715	0.01993	0.02524	0.01492	0.01929	0.01247	0.00772	0.00805	0.00240	0.01115	0.00691	0.00413	0.01214
9	0.01544	0.09199	0.15481	0.01462	0.01910	0.01480	0.01404	0.04919	0.01620	0.02337	0.02059	0.02980	0.01866	0.13363	0.25286	0.00713	0.01372	0.00811	0.09312	0.00881
10	0.01711	0.01448	0.01776	0.01426	0.01972	0.01327	0.04281	0.05432	0.13787	0.03009	0.11316	0.03592	0.08369	0.01104	0.00799	0.00214	0.00639	0.03901	0.00669	0.33229
11	0.03051	0.03860	0.02405	0.02288	0.05724	0.64191	0.01652	0.03279	0.02331	0.02067	0.01298	0.01526	0.01082	0.00850	0.00753	0.00216	0.01473	0.00545	0.00427	0.00981
12	0.02103	0.57015	0.17606	0.01623	0.02444	0.02998	0.01773	0.02518	0.01702	0.02099	0.01227	0.01422	0.01063	0.00727	0.00588	0.00196	0.00961	0.00480	0.00354	0.01101
13	0.01187	0.00890	0.01335	0.01335	0.01483	0.01038	0.01038	0.01483	0.01335	0.01928	0.02225	0.03264	0.02077	0.06231	0.67512	0.01335	0.02225	0.00890	0.00445	0.00742
14	0.03111	0.03731	0.02374	0.02108	0.02569	0.58406	0.01601	0.11632	0.02571	0.02480	0.01383	0.01567	0.01118	0.00876	0.00761	0.00219	0.01417	0.00565	0.00484	0.01026
15	0.01156	0.00848	0.01083	0.01025	0.01229	0.00776	0.00768	0.01530	0.02305	0.03222	0.59450	0.06386	0.13641	0.01739	0.00980	0.00263	0.00395	0.01528	0.00900	0.00776
16	0.01580	0.01492	0.02494	0.65711	0.05557	0.01878	0.02284	0.02117	0.01643	0.02117	0.01459	0.02196	0.01107	0.00860	0.00919	0.00281	0.04276	0.00738	0.00369	0.00922
17	0.01007	0.00837	0.00880	0.00880	0.01140	0.00710	0.00656	0.01237	0.01937	0.02373	0.15270	0.10442	0.55620	0.02075	0.00985	0.00281	0.00420	0.01748	0.00789	0.00710
18	0.01168	0.00813	0.00904	0.00901	0.00957	0.00787	0.00537	0.01221	0.01374	0.01793	0.06297	0.05905	0.13825	0.56137	0.03536	0.00693	0.00722	0.01314	0.00567	0.00549
19	0.02765	0.01209	0.01573	0.01276	0.01777	0.01045	0.01029	0.03070	0.02265	0.43313	0.12708	0.04449	0.17154	0.01361	0.00888	0.00263	0.00600	0.01132	0.00955	0.01168
20	0.02107	0.02071	0.03322	0.04954	0.62531	0.05185	0.02503	0.02587	0.01914	0.02681	0.01549	0.02029	0.01304	0.00746	0.00819	0.00245	0.01012	0.00730	0.00412	0.01299
21	0.01012	0.00723	0.00964	0.01157	0.01205	0.00675	0.00771	0.01157	0.01591	0.02121	0.04579	0.70262	0.05495	0.02603	0.01060	0.00337	0.00482	0.02362	0.00771	0.00675
22	0.01420	0.01036	0.01226	0.01136	0.01363	0.01018	0.00844	0.09625	0.02240	0.03043	0.32670	0.09019	0.13347	0.13993	0.01548	0.00368	0.00559	0.03943	0.00798	0.00801
23	0.03118	0.03508	0.02393	0.02077	0.02570	0.49519	0.01598	0.19786	0.02783	0.02919	0.01481	0.01635	0.01165	0.00895	0.00772	0.00224	0.01337	0.00594	0.00540	0.01087
24	0.02030	0.01947	0.03324	0.08547	0.62381	0.01967	0.02536	0.02526	0.01879	0.02682	0.01558	0.02065	0.01305	0.00745	0.00823	0.00248	0.00993	0.00740	0.00409	0.01295
25	0.02407	0.02466	0.03055	0.03865	0.38948	0.16887	0.05024	0.09263	0.04899	0.02860	0.01630	0.01977	0.01321	0.00809	0.00815	0.00243	0.01100	0.00715	0.00479	0.01237
26	0.02680	0.18794	0.03024	0.02608	0.15915	0.38961	0.01765	0.02966	0.02105	0.02161	0.01314	0.01580	0.01122	0.00798	0.00716	0.00213	0.01251	0.00558	0.00408	0.01062
27	0.01290	0.00853	0.01155	0.01155	0.01308	0.00952	0.00882	0.01596	0.01443	0.02240	0.02382	0.03331	0.02141	0.08152	0.45366	0.00986	0.01634	0.00874	0.21521	0.00738
28	0.03122	0.03415	0.02401	0.02064	0.02571	0.45821	0.01596	0.23178	0.02872	0.03101	0.01521	0.01664	0.01184	0.00903	0.00776	0.00226	0.01303	0.00606	0.00562	0.01113
29	0.02168	0.02371	0.01788	0.01701	0.04432	0.29953	0.01238	0.07548	0.02347	0.02618	0.14400	0.04108	0.19326	0.01342	0.00861	0.00244	0.00949	0.01053	0.00638	0.00915
30	0.01400	0.00953	0.01091	0.01056	0.01134	0.00973	0.00665	0.07793	0.01544	0.02062	0.02771	0.13884	0.03122	0.51016	0.03386	0.03897	0.00769	0.01297	0.00569	0.00618
31	0.01519	0.01145	0.01243	0.01122	0.01400	0.01132	0.00828	0.14382	0.02199	0.02845	0.11444	0.09228	0.28425	0.17417	0.01689	0.00394	0.00613	0.01421	0.00738	0.00815
32	0.01059	0.00763	0.01040	0.01182	0.01249	0.00759	0.00815	0.01229	0.01517	0.02054	0.03979	0.52730	0.04642	0.06790	0.15389	0.00574	0.00870	0.01990	0.00688	0.00680
33	0.01724	0.01833	0.03425	0.02715	0.06233	0.01897	0.32611	0.02192	0.01787	0.02425	0.02977	0.03363	0.14878	0.01172	0.01368	0.00297	0.16551	0.01076	0.00482	0.00993
34	0.01030	0.00736	0.00985	0.01178	0.01234	0.00691	0.00803	0.01188	0.01609	0.02141	0.04569	0.66848	0.05454	0.02585	0.01065	0.00340	0.00498	0.05596	0.00771	0.00680
35	0.02557	0.03100	0.02044	0.01889	0.02246	0.48902	0.01425	0.02790	0.02099	0.02021	0.01873	0.02240	0.04680	0.02139	0.15887	0.00472	0.01606	0.00680	0.00450	0.00899
36	0.02239	0.01599	0.02054	0.02253	0.16293	0.01694	0.01453	0.15586	0.11884	0.08848	0.02403	0.02619	0.01844	0.01464	0.07255	0.00348	0.00883	0.00803	0.17310	0.01169
37	0.01067	0.00866	0.00961	0.00998	0.01256	0.00760	0.00790	0.01323	0.01920	0.02349	0.10345	0.08201	0.49564	0.02125	0.01017	0.00301	0.00493	0.14168	0.00777	0.00719
38	0.02748	0.02123	0.02262	0.01829	0.02420	0.02385	0.01480	0.40914	0.26512	0.04575	0.02515	0.02409	0.01834	0.01046	0.00836	0.00261	0.00818	0.00820	0.00836	0.01376
39	0.03158	0.02327	0.02493	0.01911	0.02576	0.02576	0.01579	0.62852	0.03906	0.05236	0.01995	0.01995	0.01413	0.00997	0.00831	0.00249	0.00914	0.00748	0.00831	0.01413
40	0.01012	0.00723	0.00964	0.01157	0.01205	0.00675	0.00771	0.01157	0.01591	0.02121	0.04579	0.70262	0.05495	0.02603	0.01060	0.00337	0.00482	0.02362	0.00771	0.00675
41	0.03103	0.03959	0.02354	0.02140	0.02568	0.67469	0.01605	0.03317	0.02354	0.02033	0.01284	0.01498	0.01070	0.00856	0.00749	0.00214	0.01498	0.00535	0.00428	0.00963
42	0.01187	0.00890	0.01335	0.01335	0.01483	0.01038	0.01038	0.01483	0.01335	0.01928	0.02225	0.03264	0.02077	0.06231	0.67512	0.01335	0.02225	0.00890	0.00445	0.00742
43	0.02250	0.01864	0.02519	0.20561	0.17567	0.02080	0.01907	0.21823	0.10772	0.03478	0.01980	0.02273	0.01496	0.00910	0.00818	0.00258	0.00921	0.00771	0.04541	0.01212
44	0.01348	0.00902	0.01208	0.01188	0.01344	0.01031	0.00923	0.01669	0.01473	0.02338	0.02330	0.03125	0.02040	0.04138	0.40669	0.00885	0.05348	0.00841	0.26439	0.00762
45	0.01044	0.00844	0.00928	0.00907	0.01160	0.00728	0.00680	0.01312	0.02040	0.02592	0.26560	0.07423	0.46924	0.01974	0.00981	0.00274	0.00412	0.01673	0.00817	0.00728
46	0.02003	0.07951	0.02129	0.01643	0.01877	0.07634	0.01341	0.09595	0.01834	0.02622	0.01735	0.02335	0.01520	0.05302	0.05024	0.00356	0.25995	0.00734	0.17442	0.00928
47	0.06102	0.01983	0.02930	0.10258	0.45245	0.05246	0.02232	0.02782	0.09861	0.02777	0.01752	0.02139	0.01418	0.00806	0.00806	0.00253	0.00963	0.00740	0.00469	0.01239
48	0.02400	0.02355	0.02695	0.05847	0.28468	0.14993	0.01955	0.11525	0.15526	0.03072	0.01953	0.02166	0.01533	0.00885	0.00814	0.00249	0.01012	0.00743	0.00564	0.01244
