[name]
unknown

[dist]
# distance from previous block
# <min> <max>
11	16

[block]
# block no. 0 follows, 23 sequences, length 19
# corresponding to MSA columns:
# 16-34
name=unknown_A
#
# <colnr> <probs for GDERKNQSTAVLIFYWHMCP>
#	G	D	E	R	K	N	Q	S	T	A	V	L	I	F	Y	W	H	M	C	P
0	0.01743	0.19211	0.48898	0.06512	0.03328	0.02176	0.02588	0.02506	0.01693	0.02389	0.01382	0.01650	0.01034	0.00756	0.00717	0.00239	0.01117	0.00570	0.00345	0.01144
1	0.35964	0.02714	0.11461	0.01629	0.02205	0.23190	0.01449	0.02845	0.06907	0.02929	0.01396	0.01563	0.01085	0.00811	0.00642	0.00240	0.00983	0.00529	0.00478	0.00980
2	0.01568	0.12713	0.39538	0.01809	0.02641	0.01751	0.02123	0.02239	0.01824	0.02602	0.17189	0.02867	0.02726	0.03947	0.00922	0.00267	0.00936	0.00812	0.00484	0.01042
3	0.01894	0.37484	0.36324	0.01859	0.02810	0.02536	0.02207	0.02501	0.01682	0.02245	0.01295	0.01511	0.01034	0.00733	0.00648	0.00216	0.01036	0.00518	0.00345	0.01122
4	0.01867	0.01611	0.02292	0.43369	0.04297	0.01838	0.01880	0.13591	0.05252	0.02788	0.01630	0.02096	0.01226	0.00825	0.00781	0.00243	0.00953	0.00697	0.00486	0.12281
5	0.02892	0.03554	0.02327	0.02084	0.02466	0.57599	0.01590	0.06069	0.02255	0.02136	0.01267	0.01522	0.01064	0.00909	0.00953	0.00227	0.09145	0.00554	0.00430	0.00956
6	0.05545	0.54745	0.03714	0.01521	0.02150	0.16734	0.01404	0.02597	0.01773	0.01999	0.01155	0.01336	0.01035	0.00726	0.00564	0.00184	0.00982	0.00453	0.00369	0.01013
7	0.01056	0.00826	0.00957	0.00924	0.01156	0.00726	0.00693	0.01352	0.02079	0.02736	0.37829	0.06913	0.36144	0.01852	0.00958	0.00264	0.00397	0.01587	0.00825	0.00726
8	0.01180	0.00787	0.00885	0.00885	0.00885	0.00787	0.00492	0.01180	0.01180	0.01573	0.02557	0.05310	0.02950	0.71483	0.04130	0.00787	0.00787	0.01180	0.00492	0.00492
9	0.00989	0.00706	0.00942	0.01130	0.01177	0.00659	0.00753	0.01130	0.01554	0.02071	0.04472	0.70954	0.05367	0.02542	0.01036	0.00330	0.00471	0.02307	0.00753	0.00659
10	0.01159	0.00869	0.01304	0.01304	0.01449	0.01014	0.01014	0.01449	0.01304	0.01884	0.02173	0.03188	0.02029	0.06086	0.68268	0.01304	0.02173	0.00869	0.00435	0.00724
11	0.02553	0.02835	0.02330	0.21308	0.03367	0.36462	0.01744	0.11275	0.05868	0.02520	0.01519	0.01819	0.01183	0.00863	0.00771	0.00235	0.01229	0.00630	0.00479	0.01009
12	0.11373	0.03095	0.02167	0.01885	0.02370	0.41902	0.01458	0.15572	0.05002	0.05574	0.01545	0.01662	0.01192	0.00873	0.00729	0.00225	0.01188	0.00584	0.00549	0.01055
13	0.01610	0.03878	0.59864	0.02283	0.03397	0.01819	0.05828	0.02503	0.01761	0.02616	0.05696	0.02022	0.01472	0.00825	0.00792	0.00258	0.01154	0.00674	0.00382	0.01166
14	0.01934	0.01375	0.01532	0.01363	0.01775	0.01448	0.01063	0.03235	0.33869	0.12974	0.12520	0.04382	0.16373	0.01358	0.00869	0.00269	0.00567	0.01140	0.00847	0.01106
15	0.20953	0.02337	0.02008	0.01699	0.02186	0.17773	0.01357	0.20127	0.09473	0.06725	0.01735	0.01830	0.01310	0.00937	0.00857	0.00249	0.06083	0.00634	0.00620	0.01106
16	0.02607	0.03146	0.02744	0.02302	0.02772	0.43027	0.13567	0.03140	0.09195	0.02261	0.01546	0.01803	0.01244	0.00880	0.00930	0.00240	0.06468	0.00665	0.00458	0.01005
17	0.07366	0.19757	0.43171	0.01918	0.02880	0.02119	0.02315	0.02455	0.01711	0.02539	0.05565	0.01870	0.01452	0.00809	0.00704	0.00237	0.01025	0.00605	0.00392	0.01110
18	0.57294	0.01758	0.01527	0.01282	0.01824	0.02007	0.01057	0.18866	0.02035	0.04036	0.01350	0.01487	0.01013	0.00813	0.00585	0.00249	0.00699	0.00518	0.00585	0.01013

[dist]
# distance from previous block
# <min> <max>
0	1

[block]
# block no. 1 follows, 23 sequences, length 32
# corresponding to MSA columns:
# 36-67
name=unknown_B
#
# <colnr> <probs for GDERKNQSTAVLIFYWHMCP>
#	G	D	E	R	K	N	Q	S	T	A	V	L	I	F	Y	W	H	M	C	P
0	0.01759	0.20645	0.51984	0.02088	0.03165	0.02206	0.02607	0.02536	0.01698	0.02409	0.01377	0.01613	0.01031	0.00752	0.00710	0.00237	0.01119	0.00559	0.00344	0.01161
1	0.02588	0.01885	0.02031	0.01611	0.02091	0.02065	0.01268	0.47412	0.03128	0.04191	0.02107	0.02825	0.01789	0.19357	0.01677	0.00385	0.00865	0.00848	0.00728	0.01148
2	0.01513	0.00756	0.00756	0.00756	0.00945	0.00756	0.00567	0.01891	0.01702	0.03025	0.02647	0.03025	0.02080	0.00945	0.00567	0.00189	0.00378	0.00756	0.75988	0.00756
3	0.03031	0.03867	0.02299	0.02090	0.02508	0.68226	0.01568	0.03240	0.02299	0.01986	0.01254	0.01463	0.01045	0.00836	0.00732	0.00209	0.01463	0.00523	0.00418	0.00941
4	0.01092	0.00827	0.01006	0.00961	0.01177	0.00741	0.00721	0.01421	0.02163	0.02935	0.48655	0.06586	0.25194	0.01778	0.00958	0.00261	0.00391	0.01541	0.00851	0.00741
5	0.00989	0.00706	0.00942	0.01130	0.01177	0.00659	0.00753	0.01130	0.01554	0.02071	0.04472	0.70954	0.05367	0.02542	0.01036	0.00330	0.00471	0.02307	0.00753	0.00659
6	0.01513	0.00756	0.00756	0.00756	0.00945	0.00756	0.00567	0.01891	0.01702	0.03025	0.02647	0.03025	0.02080	0.00945	0.00567	0.00189	0.00378	0.00756	0.75988	0.00756
7	0.01077	0.00778	0.01037	0.01212	0.01314	0.00739	0.00901	0.01288	0.01662	0.02180	0.04673	0.49248	0.09231	0.02425	0.01055	0.00338	0.00545	0.18859	0.00752	0.00686
8	0.01166	0.00781	0.00889	0.00903	0.00907	0.00777	0.00511	0.01176	0.01208	0.01610	0.02698	0.10156	0.03128	0.66394	0.03902	0.00753	0.00763	0.01263	0.00511	0.00504
9	0.00991	0.00737	0.00924	0.01060	0.01162	0.00670	0.00725	0.01158	0.01654	0.02159	0.08505	0.54399	0.18108	0.02394	0.01016	0.00314	0.00454	0.02139	0.00761	0.00670
10	0.01180	0.00787	0.00885	0.00885	0.00885	0.00787	0.00492	0.01180	0.01180	0.01573	0.02557	0.05310	0.02950	0.71483	0.04130	0.00787	0.00787	0.01180	0.00492	0.00492
11	0.01180	0.00787	0.00885	0.00885	0.00885	0.00787	0.00492	0.01180	0.01180	0.01573	0.02557	0.05310	0.02950	0.71483	0.04130	0.00787	0.00787	0.01180	0.00492	0.00492
12	0.01056	0.00828	0.00972	0.01059	0.01265	0.00745	0.00824	0.01292	0.01795	0.02230	0.06448	0.20779	0.37943	0.02201	0.01017	0.00311	0.00511	0.17278	0.00752	0.00696
13	0.03162	0.01975	0.02219	0.01709	0.02333	0.02096	0.01409	0.45488	0.03335	0.21154	0.02305	0.02206	0.01574	0.00981	0.00802	0.00243	0.00818	0.00754	0.04081	0.01353
14	0.00989	0.00706	0.00942	0.01130	0.01177	0.00659	0.00753	0.01130	0.01554	0.02071	0.04472	0.70954	0.05367	0.02542	0.01036	0.00330	0.00471	0.02307	0.00753	0.00659
15	0.01180	0.00787	0.00885	0.00885	0.00885	0.00787	0.00492	0.01180	0.01180	0.01573	0.02557	0.05310	0.02950	0.71483	0.04130	0.00787	0.00787	0.01180	0.00492	0.00492
16	0.01138	0.00794	0.00862	0.00862	0.00943	0.00759	0.00528	0.01210	0.01380	0.01805	0.04038	0.05851	0.19370	0.49978	0.03131	0.00624	0.00669	0.01298	0.04203	0.00555
17	0.01005	0.00824	0.00886	0.00870	0.01124	0.00705	0.00653	0.01253	0.01958	0.02449	0.22208	0.07386	0.51944	0.01959	0.00959	0.00269	0.00404	0.01653	0.00787	0.00705
18	0.01308	0.00934	0.01308	0.01494	0.01681	0.00934	0.01308	0.01681	0.01868	0.02428	0.04296	0.09153	0.04670	0.02242	0.01121	0.00374	0.00747	0.60960	0.00747	0.00747
19	0.01039	0.00797	0.00952	0.00973	0.01160	0.00710	0.00707	0.01297	0.01949	0.02570	0.29476	0.22427	0.28972	0.02021	0.00977	0.00280	0.00415	0.01762	0.00807	0.00710
20	0.01589	0.01070	0.01322	0.01325	0.01623	0.01052	0.01096	0.02193	0.11062	0.10050	0.08227	0.07039	0.18965	0.01857	0.00995	0.00315	0.00625	0.27911	0.00798	0.00884
21	0.02475	0.01717	0.01896	0.01599	0.02116	0.01869	0.01273	0.15904	0.36376	0.15983	0.03341	0.03080	0.06422	0.01121	0.00830	0.00264	0.00686	0.00914	0.00853	0.01282
22	0.02883	0.01318	0.01714	0.01373	0.01882	0.01213	0.01111	0.07749	0.04992	0.43197	0.19483	0.03573	0.03454	0.01177	0.00853	0.00253	0.00623	0.00984	0.00954	0.01216
23	0.02141	0.68392	0.07581	0.01437	0.02158	0.03141	0.01473	0.02437	0.01652	0.01944	0.01145	0.01323	0.01041	0.00698	0.00534	0.00178	0.00885	0.00443	0.00347	0.01050
24	0.03035	0.03750	0.02309	0.02074	0.02509	0.63375	0.01566	0.07704	0.02411	0.02217	0.01305	0.01499	0.01070	0.00846	0.00738	0.00212	0.01421	0.00538	0.00447	0.00973
25	0.02728	0.02511	0.02324	0.02217	0.09813	0.20978	0.01579	0.22010	0.17354	0.07142	0.02091	0.02117	0.01567	0.00937	0.00791	0.00241	0.00993	0.00719	0.00666	0.01222
26	0.02271	0.01474	0.01720	0.01438	0.01926	0.01495	0.01139	0.07651	0.25619	0.18716	0.15691	0.03349	0.03192	0.01125	0.00824	0.00246	0.00614	0.00942	0.00842	0.09726
27	0.07603	0.01366	0.01850	0.01416	0.01984	0.01179	0.07149	0.02382	0.01959	0.15720	0.17369	0.02978	0.02900	0.00956	0.00758	0.00204	0.00644	0.00830	0.00680	0.30074
28	0.02348	0.02226	0.02261	0.01818	0.02311	0.18386	0.04991	0.07840	0.02004	0.08281	0.01532	0.01795	0.01224	0.00897	0.01104	0.00221	0.14764	0.00616	0.00511	0.24870
29	0.02561	0.02632	0.02063	0.01836	0.02296	0.29204	0.01412	0.07321	0.33180	0.05434	0.02378	0.02312	0.01806	0.00981	0.00786	0.00245	0.00996	0.00740	0.00665	0.01153
30	0.20276	0.05109	0.09912	0.01510	0.01971	0.18952	0.01298	0.05905	0.01842	0.02650	0.06324	0.02590	0.01891	0.14990	0.01373	0.00345	0.00956	0.00722	0.00499	0.00885
31	0.02666	0.07261	0.06159	0.04592	0.02543	0.19853	0.01572	0.27504	0.02705	0.05629	0.01696	0.01881	0.01298	0.01272	0.05894	0.00307	0.01146	0.00649	0.00592	0.04782

[dist]
# distance from previous block
# <min> <max>
7	75

[block]
# block no. 2 follows, 23 sequences, length 10
# corresponding to MSA columns:
# 144-153
name=unknown_C
#
# <colnr> <probs for GDERKNQSTAVLIFYWHMCP>
#	G	D	E	R	K	N	Q	S	T	A	V	L	I	F	Y	W	H	M	C	P
0	0.25128	0.24384	0.05571	0.05002	0.02257	0.02413	0.01371	0.13762	0.07929	0.03200	0.01515	0.01651	0.01190	0.00811	0.00624	0.00228	0.00804	0.00558	0.00525	0.01076
1	0.02641	0.14576	0.14642	0.01994	0.02627	0.37889	0.01801	0.10097	0.02266	0.02449	0.01353	0.01541	0.01081	0.00818	0.00715	0.00216	0.01253	0.00547	0.00439	0.01056
2	0.01026	0.00787	0.00879	0.00921	0.01075	0.00706	0.00630	0.01179	0.01652	0.02081	0.09122	0.22400	0.34233	0.17651	0.01685	0.00401	0.00508	0.01724	0.00702	0.00640
3	0.01475	0.01069	0.01301	0.01324	0.01515	0.01089	0.00976	0.14825	0.02075	0.02767	0.03906	0.50229	0.04433	0.02173	0.00995	0.00315	0.00588	0.07354	0.00765	0.00824
4	0.08645	0.02763	0.02246	0.05229	0.11441	0.34582	0.01557	0.05914	0.02094	0.02503	0.01362	0.01625	0.01114	0.00776	0.00706	0.00205	0.01117	0.00556	0.00452	0.15114
5	0.20430	0.13851	0.02501	0.02186	0.12193	0.31694	0.01519	0.02790	0.01906	0.02472	0.01247	0.01488	0.01042	0.00776	0.00655	0.00218	0.01091	0.00520	0.00424	0.00996
6	0.05680	0.02319	0.25766	0.01682	0.02283	0.01522	0.01725	0.11728	0.01903	0.02761	0.02349	0.17293	0.02297	0.07602	0.09031	0.00437	0.01042	0.01063	0.00538	0.00979
7	0.23526	0.10143	0.06923	0.06008	0.02409	0.14288	0.01452	0.11035	0.08305	0.06409	0.01629	0.01755	0.01236	0.00844	0.00676	0.00238	0.00920	0.00590	0.00548	0.01067
8	0.16709	0.11042	0.02299	0.01747	0.02248	0.33468	0.01389	0.11157	0.07866	0.02830	0.01492	0.01622	0.01187	0.00846	0.00683	0.00223	0.01087	0.00560	0.00515	0.01030
9	0.02226	0.57391	0.09977	0.01532	0.02268	0.03004	0.01558	0.09648	0.01909	0.02348	0.01255	0.01416	0.01080	0.00734	0.00578	0.00190	0.00902	0.00484	0.00401	0.01096

[dist]
# distance from previous block
# <min> <max>
0	1

[block]
# block no. 3 follows, 23 sequences, length 27
# corresponding to MSA columns:
# 155-181
name=unknown_D
#
# <colnr> <probs for GDERKNQSTAVLIFYWHMCP>
#	G	D	E	R	K	N	Q	S	T	A	V	L	I	F	Y	W	H	M	C	P
0	0.02226	0.08557	0.11333	0.02938	0.25351	0.08429	0.01990	0.16559	0.02288	0.03023	0.01962	0.02219	0.04980	0.01076	0.03343	0.00277	0.01032	0.00726	0.00507	0.01185
1	0.01931	0.01076	0.01363	0.01192	0.01567	0.00968	0.00948	0.02350	0.05049	0.21616	0.26272	0.05256	0.14727	0.01496	0.00904	0.00260	0.00533	0.06328	0.00863	0.05302
2	0.01702	0.01155	0.01413	0.01270	0.01697	0.01018	0.01045	0.02137	0.05503	0.11613	0.04183	0.05596	0.16772	0.01520	0.00886	0.00261	0.00620	0.19721	0.00718	0.21173
3	0.02750	0.26061	0.02936	0.01862	0.02370	0.47039	0.01509	0.02976	0.02087	0.01961	0.01213	0.01411	0.01044	0.00790	0.00663	0.00197	0.01269	0.00494	0.00395	0.00973
4	0.02442	0.50427	0.03634	0.01610	0.02217	0.23778	0.01445	0.02686	0.01855	0.01933	0.01168	0.01353	0.01043	0.00739	0.00587	0.00185	0.01056	0.00462	0.00370	0.01009
5	0.01158	0.00823	0.01019	0.01064	0.01179	0.00790	0.00766	0.01357	0.01678	0.02238	0.17509	0.13336	0.11065	0.27170	0.02148	0.00482	0.00619	0.14267	0.00688	0.00643
6	0.01081	0.00769	0.00995	0.01125	0.01198	0.00744	0.00784	0.01237	0.01521	0.02014	0.04100	0.42069	0.07390	0.17039	0.05211	0.00480	0.00662	0.10259	0.00681	0.00641
7	0.02017	0.52876	0.22010	0.01649	0.02485	0.02837	0.01842	0.02469	0.01667	0.02095	0.01221	0.01418	0.01038	0.00716	0.00591	0.00197	0.00961	0.00481	0.00346	0.01086
8	0.03034	0.03776	0.02307	0.02078	0.02509	0.64470	0.01566	0.06697	0.02386	0.02165	0.01294	0.01491	0.01064	0.00844	0.00736	0.00211	0.01431	0.00534	0.00441	0.00966
9	0.01763	0.00974	0.01229	0.01082	0.01411	0.00858	0.00841	0.02082	0.02187	0.19960	0.34237	0.05637	0.21348	0.01587	0.00920	0.00259	0.00472	0.01358	0.00886	0.00909
10	0.01014	0.00733	0.00959	0.01095	0.01179	0.00678	0.00748	0.01199	0.01694	0.02276	0.14998	0.56746	0.08937	0.02368	0.01018	0.00314	0.00453	0.02135	0.00777	0.00678
11	0.00959	0.00822	0.00822	0.00822	0.01096	0.00685	0.00617	0.01165	0.01850	0.02192	0.08220	0.07809	0.66092	0.02055	0.00959	0.00274	0.00411	0.01713	0.00754	0.00685
12	0.01895	0.02130	0.04463	0.03238	0.03942	0.02113	0.54755	0.02508	0.01820	0.02508	0.01560	0.02130	0.01208	0.00788	0.01199	0.00285	0.11068	0.00923	0.00403	0.01065
13	0.12838	0.01475	0.01487	0.01243	0.01659	0.01608	0.01000	0.26583	0.02498	0.03944	0.02154	0.02355	0.01631	0.00930	0.00655	0.00220	0.00618	0.00701	0.35380	0.01022
14	0.01053	0.00741	0.00949	0.01060	0.01118	0.00702	0.00697	0.01198	0.01576	0.02129	0.12745	0.47318	0.05158	0.17609	0.01706	0.00420	0.00528	0.01940	0.00715	0.00637
15	0.02423	0.18177	0.02792	0.01949	0.02289	0.31988	0.01597	0.02632	0.01804	0.01958	0.01163	0.01532	0.01051	0.01000	0.01329	0.00250	0.24175	0.00566	0.00381	0.00945
16	0.01180	0.00787	0.00885	0.00885	0.00885	0.00787	0.00492	0.01180	0.01180	0.01573	0.02557	0.05310	0.02950	0.71483	0.04130	0.00787	0.00787	0.01180	0.00492	0.00492
17	0.01984	0.01903	0.03250	0.08234	0.63356	0.01922	0.02478	0.02469	0.01836	0.02622	0.01522	0.02016	0.01275	0.00727	0.00804	0.00242	0.00970	0.00723	0.00400	0.01266
18	0.77215	0.01569	0.01193	0.01067	0.01569	0.01820	0.00879	0.02385	0.01381	0.03641	0.01130	0.01318	0.00879	0.00753	0.00502	0.00251	0.00628	0.00439	0.00502	0.00879
19	0.01715	0.01443	0.01964	0.24547	0.03042	0.04506	0.01560	0.04750	0.01861	0.06653	0.15941	0.03243	0.05293	0.01537	0.05773	0.00348	0.13428	0.00931	0.00561	0.00902
20	0.01159	0.00869	0.01304	0.01304	0.01449	0.01014	0.01014	0.01449	0.01304	0.01884	0.02173	0.03188	0.02029	0.06086	0.68268	0.01304	0.02173	0.00869	0.00435	0.00724
21	0.01781	0.01669	0.02832	0.32160	0.37803	0.01822	0.02312	0.02251	0.01718	0.02352	0.01486	0.02094	0.01204	0.00852	0.00910	0.03568	0.01003	0.00721	0.00382	0.01082
22	0.01039	0.00814	0.00920	0.00913	0.01125	0.00717	0.00666	0.01283	0.01927	0.02486	0.26381	0.11496	0.38295	0.06897	0.01189	0.00308	0.00433	0.01637	0.00780	0.00696
23	0.01874	0.02782	0.29185	0.13022	0.23513	0.04047	0.02493	0.02525	0.01802	0.06189	0.01802	0.02135	0.03413	0.00822	0.00795	0.00253	0.01060	0.00705	0.00419	0.01166
24	0.06520	0.21704	0.02799	0.05683	0.13046	0.14901	0.01553	0.09178	0.02120	0.02698	0.10493	0.02241	0.02048	0.00903	0.00716	0.00220	0.00930	0.00693	0.00508	0.01045
25	0.12539	0.01724	0.02572	0.25074	0.29706	0.01909	0.02054	0.05671	0.06108	0.02782	0.01586	0.02027	0.01248	0.00795	0.00765	0.00254	0.00929	0.00696	0.00453	0.01108
26	0.19499	0.05876	0.07992	0.01936	0.08951	0.11189	0.01495	0.11265	0.08860	0.03063	0.01914	0.02118	0.03851	0.01238	0.04345	0.03193	0.00960	0.00671	0.00537	0.01048

[dist]
# distance from previous block
# <min> <max>
0	135

[block]
# block no. 4 follows, 23 sequences, length 41
# corresponding to MSA columns:
# 317-357
name=unknown_E
#
# <colnr> <probs for GDERKNQSTAVLIFYWHMCP>
#	G	D	E	R	K	N	Q	S	T	A	V	L	I	F	Y	W	H	M	C	P
0	0.07388	0.09686	0.02607	0.07944	0.14646	0.16253	0.04285	0.14163	0.02252	0.02868	0.02188	0.02394	0.08055	0.00941	0.00763	0.00235	0.00993	0.00746	0.00519	0.01072
1	0.11178	0.04657	0.09791	0.01754	0.02258	0.18476	0.07937	0.06513	0.01950	0.02543	0.02643	0.10014	0.09738	0.05854	0.01018	0.00287	0.00979	0.00961	0.00526	0.00922
2	0.02289	0.10015	0.05386	0.02364	0.12141	0.23342	0.04802	0.09004	0.02108	0.02484	0.02055	0.06721	0.05820	0.01054	0.00941	0.00244	0.06910	0.00807	0.00486	0.01029
3	0.01700	0.01466	0.04556	0.01759	0.07333	0.01282	0.06516	0.06106	0.02030	0.07125	0.13464	0.04269	0.15815	0.01277	0.00923	0.00244	0.03263	0.04782	0.00654	0.15435
4	0.08254	0.15439	0.02781	0.12116	0.16316	0.09559	0.01735	0.13461	0.05115	0.02878	0.01559	0.01860	0.01251	0.01002	0.03160	0.00270	0.01007	0.00639	0.00490	0.01109
5	0.35432	0.25083	0.06969	0.01728	0.08794	0.02330	0.01408	0.02402	0.01535	0.02804	0.01190	0.01436	0.00995	0.00766	0.00669	0.00230	0.04317	0.00492	0.00422	0.00998
6	0.61518	0.01843	0.01734	0.01447	0.01982	0.07521	0.08719	0.02485	0.01526	0.03370	0.01204	0.01439	0.00937	0.00752	0.00578	0.00250	0.00791	0.00511	0.00484	0.00911
7	0.01714	0.06825	0.18865	0.01957	0.09058	0.01671	0.01710	0.02695	0.18108	0.05065	0.03645	0.03816	0.16361	0.01213	0.00832	0.00263	0.00790	0.03711	0.00610	0.01089
8	0.01170	0.00783	0.00888	0.00897	0.00900	0.00780	0.00505	0.01177	0.01199	0.01599	0.02654	0.08656	0.03073	0.67970	0.03972	0.00763	0.00771	0.01237	0.00505	0.00500
9	0.01627	0.04197	0.67279	0.02313	0.03512	0.01884	0.02998	0.02570	0.01713	0.02570	0.01456	0.01713	0.01028	0.00771	0.00771	0.00257	0.01199	0.00600	0.00343	0.01199
10	0.19071	0.01420	0.01738	0.01365	0.01966	0.01324	0.01127	0.03625	0.02125	0.53699	0.02767	0.02459	0.01772	0.00952	0.00750	0.00251	0.00677	0.00737	0.00899	0.01276
11	0.02008	0.01928	0.03294	0.04981	0.66422	0.01928	0.02490	0.02490	0.01848	0.02651	0.01526	0.02008	0.01285	0.00723	0.00803	0.00241	0.00964	0.00723	0.00402	0.01285
12	0.01001	0.00758	0.00928	0.01057	0.01185	0.00686	0.00747	0.01178	0.01668	0.02133	0.05644	0.46888	0.24499	0.02368	0.01017	0.00315	0.00470	0.06032	0.00753	0.00673
13	0.01033	0.00825	0.00925	0.00900	0.01141	0.00717	0.00675	0.01308	0.02025	0.02608	0.30829	0.07125	0.43224	0.01900	0.00958	0.00267	0.00400	0.01617	0.00808	0.00717
14	0.02131	0.01799	0.01898	0.01674	0.02153	0.02071	0.01312	0.10614	0.58469	0.03577	0.03159	0.02913	0.02361	0.01087	0.00824	0.00272	0.00669	0.00898	0.00824	0.01294
15	0.00989	0.00706	0.00942	0.01130	0.01177	0.00659	0.00753	0.01130	0.01554	0.02071	0.04472	0.70954	0.05367	0.02542	0.01036	0.00330	0.00471	0.02307	0.00753	0.00659
16	0.02008	0.01928	0.03294	0.04981	0.66422	0.01928	0.02490	0.02490	0.01848	0.02651	0.01526	0.02008	0.01285	0.00723	0.00803	0.00241	0.00964	0.00723	0.00402	0.01285
17	0.00989	0.00706	0.00942	0.01130	0.01177	0.00659	0.00753	0.01130	0.01554	0.02071	0.04472	0.70954	0.05367	0.02542	0.01036	0.00330	0.00471	0.02307	0.00753	0.00659
18	0.03304	0.01684	0.02042	0.01591	0.02207	0.01673	0.01306	0.21721	0.09410	0.41884	0.02840	0.02549	0.01872	0.01006	0.00816	0.00251	0.00745	0.00801	0.00928	0.01370
19	0.00989	0.00706	0.00942	0.01130	0.01177	0.00659	0.00753	0.01130	0.01554	0.02071	0.04472	0.70954	0.05367	0.02542	0.01036	0.00330	0.00471	0.02307	0.00753	0.00659
20	0.02047	0.02084	0.02596	0.02144	0.02497	0.16071	0.14443	0.02483	0.05079	0.05603	0.01708	0.02232	0.01438	0.02151	0.16453	0.00510	0.18276	0.00774	0.00458	0.00953
21	0.03031	0.03867	0.02299	0.02090	0.02508	0.68226	0.01568	0.03240	0.02299	0.01986	0.01254	0.01463	0.01045	0.00836	0.00732	0.00209	0.01463	0.00523	0.00418	0.00941
22	0.01370	0.00878	0.01115	0.01039	0.01281	0.00790	0.00785	0.01699	0.02173	0.09769	0.45319	0.10402	0.16846	0.01716	0.00948	0.00263	0.00426	0.01497	0.00872	0.00810
23	0.02132	0.01799	0.01899	0.01674	0.02153	0.02071	0.01312	0.10628	0.58455	0.03577	0.03159	0.02913	0.02360	0.01087	0.00824	0.00272	0.00669	0.00898	0.00824	0.01295
24	0.02008	0.01928	0.03294	0.04981	0.66422	0.01928	0.02490	0.02490	0.01848	0.02651	0.01526	0.02008	0.01285	0.00723	0.00803	0.00241	0.00964	0.00723	0.00402	0.01285
25	0.02883	0.02141	0.02304	0.01796	0.02402	0.02366	0.01473	0.55544	0.07854	0.04873	0.06313	0.02296	0.01873	0.01028	0.00822	0.00246	0.00842	0.00792	0.00818	0.01332
26	0.01164	0.00809	0.01022	0.01031	0.01080	0.00854	0.00672	0.01264	0.01238	0.01697	0.02525	0.07744	0.02769	0.47232	0.24559	0.00931	0.01217	0.01134	0.00486	0.00574
27	0.01271	0.00823	0.01013	0.01057	0.01248	0.00731	0.00757	0.01467	0.01780	0.09076	0.09644	0.39132	0.24645	0.02164	0.00983	0.00298	0.00469	0.01902	0.00789	0.00751
28	0.01180	0.00787	0.00885	0.00885	0.00885	0.00787	0.00492	0.01180	0.01180	0.01573	0.02557	0.05310	0.02950	0.71483	0.04130	0.00787	0.00787	0.01180	0.00492	0.00492
29	0.01083	0.00746	0.00914	0.01009	0.01033	0.00722	0.00624	0.01155	0.01369	0.01826	0.03527	0.38551	0.04174	0.36573	0.02563	0.00555	0.00627	0.01751	0.00624	0.00576
30	0.01461	0.01309	0.01866	0.01692	0.01761	0.01725	0.01366	0.01685	0.01269	0.01906	0.01646	0.02578	0.01593	0.06283	0.33765	0.00821	0.35278	0.00803	0.00398	0.00795
31	0.01180	0.00787	0.00885	0.00885	0.00885	0.00787	0.00492	0.01180	0.01180	0.01573	0.02557	0.05310	0.02950	0.71483	0.04130	0.00787	0.00787	0.01180	0.00492	0.00492
32	0.01941	0.14712	0.25562	0.02037	0.05906	0.16157	0.01978	0.02451	0.01749	0.02194	0.01512	0.01915	0.01257	0.01884	0.14878	0.00451	0.01392	0.00618	0.00382	0.01022
33	0.01683	0.01442	0.01683	0.01202	0.01923	0.01082	0.00961	0.02043	0.01683	0.02644	0.01442	0.01683	0.01202	0.00601	0.00601	0.00120	0.00601	0.00481	0.00481	0.76444
34	0.01847	0.01627	0.04784	0.01954	0.02341	0.01710	0.13245	0.05655	0.09670	0.07842	0.02089	0.02687	0.01741	0.06204	0.20308	0.00601	0.13312	0.00859	0.00533	0.00989
35	0.16684	0.19912	0.02518	0.01862	0.08838	0.20380	0.01373	0.02626	0.01913	0.06009	0.09095	0.02074	0.01883	0.00880	0.00674	0.00219	0.00929	0.00635	0.00503	0.00994
36	0.24668	0.02272	0.04893	0.06254	0.04568	0.20580	0.01364	0.06627	0.02037	0.05240	0.11974	0.02331	0.02146	0.00952	0.00718	0.00241	0.00915	0.00701	0.00560	0.00960
37	0.05042	0.02601	0.12196	0.09380	0.10415	0.18965	0.01807	0.11443	0.05099	0.02897	0.05941	0.02190	0.01694	0.00901	0.00766	0.00238	0.01026	0.00703	0.05626	0.01070
38	0.17034	0.05803	0.01820	0.01473	0.01914	0.16591	0.01163	0.15092	0.02266	0.06127	0.05299	0.09945	0.09865	0.01214	0.00765	0.00247	0.00833	0.00933	0.00637	0.00978
39	0.25338	0.09972	0.02319	0.05791	0.14522	0.10026	0.01498	0.09870	0.05899	0.03085	0.01697	0.01901	0.03254	0.00843	0.00678	0.00238	0.00870	0.00624	0.00513	0.01063
40	0.08017	0.02775	0.12860	0.02185	0.09250	0.20570	0.01750	0.18514	0.02431	0.03154	0.04673	0.06594	0.01738	0.00996	0.00780	0.00243	0.01039	0.00769	0.00557	0.01102

[dist]
# distance from previous block
# <min> <max>
4	49

[block]
# block no. 5 follows, 23 sequences, length 36
# corresponding to MSA columns:
# 407-442
name=unknown_F
#
# <colnr> <probs for GDERKNQSTAVLIFYWHMCP>
#	G	D	E	R	K	N	Q	S	T	A	V	L	I	F	Y	W	H	M	C	P
0	0.02039	0.14655	0.20768	0.02717	0.20158	0.09368	0.02114	0.05698	0.05946	0.02575	0.01912	0.02127	0.04791	0.00854	0.00749	0.00235	0.01013	0.00685	0.00445	0.01154
1	0.01837	0.14455	0.03210	0.02743	0.19084	0.05084	0.17239	0.02255	0.01841	0.02382	0.02777	0.03017	0.13913	0.00967	0.00806	0.00234	0.00942	0.00899	0.00469	0.05848
2	0.05005	0.08943	0.07936	0.02005	0.12502	0.08009	0.01471	0.02272	0.01748	0.02507	0.01588	0.06078	0.01421	0.00798	0.00677	0.00184	0.00815	0.00644	0.00455	0.34943
3	0.02350	0.02037	0.03021	0.03993	0.46153	0.02115	0.02190	0.21909	0.02472	0.03432	0.01660	0.01989	0.01315	0.00803	0.00806	0.00242	0.00941	0.00725	0.00532	0.01315
4	0.01990	0.01979	0.03586	0.04675	0.54234	0.01952	0.14443	0.02512	0.01861	0.02641	0.01549	0.02044	0.01275	0.00715	0.00834	0.00247	0.01043	0.00769	0.00403	0.01248
5	0.01163	0.00811	0.01034	0.01043	0.01096	0.00859	0.00687	0.01271	0.01242	0.01707	0.02521	0.07928	0.02753	0.45208	0.26284	0.00943	0.01253	0.01130	0.00485	0.00581
6	0.01971	0.02698	0.21849	0.03193	0.15951	0.02048	0.25242	0.09065	0.02020	0.02843	0.01575	0.01976	0.01193	0.00778	0.00929	0.00263	0.04018	0.00776	0.00430	0.01183
7	0.01171	0.00822	0.01063	0.01063	0.01124	0.00883	0.00713	0.01294	0.01233	0.01705	0.02394	0.04410	0.02559	0.43739	0.31340	0.01006	0.01375	0.01048	0.00467	0.00590
8	0.00994	0.00769	0.00907	0.00988	0.01147	0.00682	0.00697	0.01189	0.01762	0.02254	0.12923	0.37032	0.31278	0.02238	0.00995	0.00298	0.00436	0.01962	0.00769	0.00682
9	0.77215	0.01569	0.01193	0.01067	0.01569	0.01820	0.00879	0.02385	0.01381	0.03641	0.01130	0.01318	0.00879	0.00753	0.00502	0.00251	0.00628	0.00439	0.00502	0.00879
10	0.01166	0.00825	0.01077	0.01142	0.01267	0.00794	0.00854	0.01425	0.01820	0.02475	0.25187	0.19270	0.05493	0.15671	0.01638	0.00405	0.00576	0.17478	0.00748	0.00686
11	0.02255	0.01939	0.01821	0.01537	0.02046	0.14502	0.01216	0.08738	0.12678	0.09737	0.05810	0.03129	0.05222	0.01067	0.00785	0.00224	0.00806	0.05632	0.00670	0.20186
12	0.77215	0.01569	0.01193	0.01067	0.01569	0.01820	0.00879	0.02385	0.01381	0.03641	0.01130	0.01318	0.00879	0.00753	0.00502	0.00251	0.00628	0.00439	0.00502	0.00879
13	0.01009	0.00809	0.00901	0.00909	0.01135	0.00701	0.00670	0.01250	0.01921	0.02436	0.21843	0.15370	0.44152	0.02020	0.00968	0.00276	0.00412	0.01728	0.00788	0.00701
14	0.03031	0.03867	0.02299	0.02090	0.02508	0.68226	0.01568	0.03240	0.02299	0.01986	0.01254	0.01463	0.01045	0.00836	0.00732	0.00209	0.01463	0.00523	0.00418	0.00941
15	0.01052	0.00826	0.00951	0.00919	0.01153	0.00724	0.00689	0.01344	0.02068	0.02712	0.36490	0.06954	0.37498	0.01861	0.00958	0.00265	0.00397	0.01593	0.00822	0.00724
16	0.03031	0.03867	0.02299	0.02090	0.02508	0.68226	0.01568	0.03240	0.02299	0.01986	0.01254	0.01463	0.01045	0.00836	0.00732	0.00209	0.01463	0.00523	0.00418	0.00941
17	0.15370	0.01653	0.02488	0.30914	0.26391	0.01861	0.02044	0.02386	0.04696	0.02625	0.01505	0.01997	0.01185	0.00783	0.00753	0.00257	0.00937	0.00680	0.00423	0.01053
18	0.02236	0.18766	0.28605	0.02137	0.06328	0.10876	0.02141	0.14603	0.02194	0.02850	0.01457	0.01651	0.01116	0.00799	0.00720	0.00229	0.01086	0.00585	0.00449	0.01171
19	0.10590	0.02963	0.02621	0.02311	0.05745	0.38594	0.12671	0.05795	0.02156	0.02483	0.01551	0.02118	0.01319	0.00891	0.00780	0.00239	0.01260	0.04463	0.00465	0.00987
20	0.02518	0.06300	0.02403	0.15292	0.06213	0.27365	0.01674	0.10076	0.12020	0.05724	0.01789	0.01980	0.01371	0.00883	0.00767	0.00237	0.01102	0.00666	0.00539	0.01081
21	0.01160	0.00865	0.01281	0.01281	0.01418	0.01002	0.00986	0.01434	0.01297	0.01867	0.02195	0.03304	0.02079	0.09682	0.64741	0.01276	0.02097	0.00886	0.00438	0.00712
22	0.01090	0.00858	0.01004	0.01056	0.01294	0.00773	0.00852	0.01367	0.01903	0.02380	0.13141	0.08049	0.40376	0.02072	0.01010	0.00304	0.00515	0.20477	0.00766	0.00713
23	0.01180	0.00787	0.00885	0.00885	0.00885	0.00787	0.00492	0.01180	0.01180	0.01573	0.02557	0.05310	0.02950	0.71483	0.04130	0.00787	0.00787	0.01180	0.00492	0.00492
24	0.03031	0.03867	0.02299	0.02090	0.02508	0.68226	0.01568	0.03240	0.02299	0.01986	0.01254	0.01463	0.01045	0.00836	0.00732	0.00209	0.01463	0.00523	0.00418	0.00941
25	0.77215	0.01569	0.01193	0.01067	0.01569	0.01820	0.00879	0.02385	0.01381	0.03641	0.01130	0.01318	0.00879	0.00753	0.00502	0.00251	0.00628	0.00439	0.00502	0.00879
26	0.02253	0.01857	0.04456	0.01822	0.02343	0.08141	0.11307	0.10656	0.09765	0.14400	0.09647	0.06205	0.08761	0.01214	0.00879	0.00263	0.00849	0.03368	0.00726	0.01089
27	0.77215	0.01569	0.01193	0.01067	0.01569	0.01820	0.00879	0.02385	0.01381	0.03641	0.01130	0.01318	0.00879	0.00753	0.00502	0.00251	0.00628	0.00439	0.00502	0.00879
28	0.01161	0.00861	0.01259	0.01259	0.01389	0.00990	0.00959	0.01420	0.01291	0.01851	0.02214	0.03414	0.02127	0.13065	0.61423	0.01249	0.02025	0.00903	0.00441	0.00700
29	0.03031	0.03867	0.02299	0.02090	0.02508	0.68226	0.01568	0.03240	0.02299	0.01986	0.01254	0.01463	0.01045	0.00836	0.00732	0.00209	0.01463	0.00523	0.00418	0.00941
30	0.01028	0.00801	0.00865	0.00881	0.01057	0.00712	0.00607	0.01184	0.01672	0.02079	0.09470	0.13821	0.40488	0.19682	0.01771	0.00409	0.00511	0.01628	0.00695	0.00638
31	0.02474	0.01690	0.01908	0.01592	0.02048	0.01799	0.01258	0.38076	0.02953	0.10144	0.02870	0.23913	0.02705	0.01474	0.00883	0.00272	0.00739	0.01239	0.00812	0.01151
32	0.02170	0.01975	0.01910	0.01705	0.02169	0.08458	0.01325	0.07187	0.55819	0.03344	0.03036	0.02822	0.02283	0.01069	0.00816	0.00267	0.00734	0.00870	0.00785	0.01256
33	0.01178	0.00856	0.01148	0.01109	0.01173	0.00835	0.04571	0.01258	0.01322	0.01765	0.02984	0.21748	0.03453	0.49500	0.03144	0.00638	0.00744	0.01451	0.00553	0.00572
34	0.01513	0.00756	0.00756	0.00756	0.00945	0.00756	0.00567	0.01891	0.01702	0.03025	0.02647	0.03025	0.02080	0.00945	0.00567	0.00189	0.00378	0.00756	0.75988	0.00756
35	0.01955	0.02437	0.11068	0.03519	0.15290	0.05185	0.43057	0.02607	0.01900	0.02576	0.01582	0.02071	0.01210	0.00708	0.00899	0.00263	0.01282	0.00856	0.00402	0.01133

[dist]
# distance from previous block
# <min> <max>
0	35

[block]
# block no. 6 follows, 23 sequences, length 78
# corresponding to MSA columns:
# 478-555
name=unknown_G
#
# <colnr> <probs for GDERKNQSTAVLIFYWHMCP>
#	G	D	E	R	K	N	Q	S	T	A	V	L	I	F	Y	W	H	M	C	P
0	0.01833	0.16376	0.04730	0.01572	0.04810	0.08907	0.01228	0.07241	0.08268	0.02521	0.08251	0.14224	0.07363	0.07855	0.01111	0.00297	0.00782	0.01093	0.00599	0.00937
1	0.02162	0.07791	0.37459	0.02353	0.07062	0.24626	0.02386	0.02786	0.01918	0.02338	0.01373	0.01623	0.01051	0.00786	0.00745	0.00235	0.01256	0.00572	0.00372	0.01107
2	0.01911	0.16036	0.26110	0.06419	0.16230	0.07778	0.02219	0.02562	0.04302	0.02457	0.05379	0.02017	0.01548	0.00821	0.00743	0.00235	0.01032	0.00660	0.00416	0.01125
3	0.02864	0.06315	0.02539	0.02415	0.11099	0.46352	0.01680	0.12422	0.02444	0.02554	0.01392	0.01604	0.01129	0.00836	0.00744	0.00217	0.01282	0.00578	0.00473	0.01059
4	0.01513	0.00756	0.00756	0.00756	0.00945	0.00756	0.00567	0.01891	0.01702	0.03025	0.02647	0.03025	0.02080	0.00945	0.00567	0.00189	0.00378	0.00756	0.75988	0.00756
5	0.00996	0.00788	0.00890	0.00963	0.01146	0.00694	0.00694	0.01181	0.01725	0.02140	0.06532	0.28953	0.39985	0.04954	0.01118	0.00318	0.00464	0.05045	0.00743	0.00672
6	0.01513	0.00756	0.00756	0.00756	0.00945	0.00756	0.00567	0.01891	0.01702	0.03025	0.02647	0.03025	0.02080	0.00945	0.00567	0.00189	0.00378	0.00756	0.75988	0.00756
7	0.02873	0.03480	0.02315	0.02203	0.06126	0.55191	0.01591	0.05699	0.08617	0.02289	0.01503	0.01671	0.01216	0.00862	0.00748	0.00219	0.01330	0.00582	0.00474	0.01012
8	0.01159	0.00869	0.01304	0.01304	0.01449	0.01014	0.01014	0.01449	0.01304	0.01884	0.02173	0.03188	0.02029	0.06086	0.68268	0.01304	0.02173	0.00869	0.00435	0.00724
9	0.02435	0.02477	0.02073	0.04819	0.02435	0.23704	0.01446	0.09819	0.35539	0.03048	0.02415	0.02370	0.01837	0.00989	0.00793	0.00250	0.00955	0.00761	0.00670	0.01165
10	0.01687	0.00962	0.01179	0.01048	0.01378	0.00839	0.00813	0.01984	0.02131	0.18479	0.28328	0.05925	0.28787	0.01651	0.00923	0.00261	0.00469	0.01402	0.00867	0.00886
11	0.20844	0.02760	0.02046	0.04270	0.02310	0.35740	0.01441	0.02813	0.01880	0.05462	0.01292	0.01566	0.01055	0.00919	0.00998	0.00247	0.12411	0.00554	0.00454	0.00936
12	0.00973	0.00826	0.00841	0.00848	0.01119	0.00695	0.00644	0.01185	0.01850	0.02201	0.08066	0.07862	0.63681	0.02062	0.00965	0.00278	0.00424	0.04038	0.00753	0.00687
13	0.02194	0.02422	0.03406	0.07804	0.31198	0.17488	0.18498	0.02670	0.01958	0.02446	0.01488	0.01938	0.01202	0.00744	0.00828	0.00244	0.01196	0.00738	0.00405	0.01130
14	0.01857	0.02095	0.04545	0.03275	0.04047	0.01964	0.59513	0.02506	0.01892	0.02566	0.01820	0.06532	0.01492	0.00801	0.00963	0.00277	0.01311	0.01043	0.00432	0.01067
15	0.02507	0.02957	0.02026	0.01860	0.02211	0.46546	0.01411	0.05311	0.02084	0.02090	0.01542	0.01968	0.01336	0.02317	0.19710	0.00518	0.01639	0.00629	0.00440	0.00899
16	0.01311	0.01041	0.01206	0.01148	0.01407	0.01048	0.00864	0.02107	0.17515	0.02979	0.34033	0.11690	0.17147	0.01679	0.00932	0.00271	0.00460	0.01457	0.00837	0.00868
17	0.02772	0.05304	0.05200	0.02638	0.18167	0.17633	0.01796	0.23426	0.02652	0.10018	0.01761	0.01899	0.01317	0.00864	0.00778	0.00233	0.01034	0.00672	0.00602	0.01233
18	0.01495	0.01353	0.01632	0.02018	0.13743	0.07311	0.01351	0.01818	0.01881	0.02349	0.04466	0.10514	0.18807	0.01798	0.00980	0.00306	0.00755	0.25925	0.00654	0.00846
19	0.01834	0.01944	0.02172	0.01900	0.02150	0.17939	0.07774	0.02120	0.01598	0.01998	0.01645	0.02346	0.01490	0.03197	0.30075	0.00717	0.17082	0.00758	0.00410	0.00852
20	0.01739	0.03429	0.43587	0.02783	0.05824	0.01944	0.23882	0.02577	0.01787	0.02583	0.01523	0.01887	0.01107	0.00739	0.00836	0.00262	0.01250	0.00727	0.00368	0.01166
21	0.02570	0.01888	0.02069	0.01686	0.02188	0.02061	0.01349	0.48363	0.03260	0.04367	0.02567	0.18876	0.02358	0.01359	0.00867	0.00265	0.00789	0.01117	0.00797	0.01203
22	0.01947	0.01551	0.01697	0.01521	0.01939	0.01736	0.01182	0.03769	0.49630	0.06980	0.15071	0.03582	0.03423	0.01200	0.00850	0.00270	0.00596	0.01015	0.00848	0.01192
23	0.02975	0.02193	0.02371	0.01835	0.02456	0.02431	0.01512	0.60179	0.03672	0.04930	0.01961	0.02019	0.01417	0.01264	0.04643	0.00304	0.00966	0.00738	0.00790	0.01343
24	0.01477	0.00847	0.01117	0.01155	0.01335	0.00767	0.00824	0.01678	0.01787	0.13794	0.10871	0.48048	0.08841	0.02145	0.00983	0.00304	0.00497	0.01916	0.00813	0.00801
25	0.01532	0.01442	0.02434	0.69533	0.05589	0.01803	0.02253	0.02073	0.01622	0.02073	0.01442	0.02163	0.01082	0.00811	0.00811	0.00270	0.01082	0.00721	0.00361	0.00901
26	0.01627	0.04197	0.67279	0.02313	0.03512	0.01884	0.02998	0.02570	0.01713	0.02570	0.01456	0.01713	0.01028	0.00771	0.00771	0.00257	0.01199	0.00600	0.00343	0.01199
27	0.01064	0.00798	0.00986	0.00998	0.01175	0.00720	0.00726	0.01345	0.02009	0.02710	0.37059	0.22060	0.21442	0.01968	0.00976	0.00278	0.00411	0.01729	0.00825	0.00720
28	0.01780	0.23239	0.49571	0.02053	0.03110	0.02257	0.02546	0.02530	0.01695	0.02384	0.01364	0.01598	0.01032	0.00749	0.00701	0.00234	0.01106	0.00553	0.00344	0.01155
29	0.01627	0.04197	0.67279	0.02313	0.03512	0.01884	0.02998	0.02570	0.01713	0.02570	0.01456	0.01713	0.01028	0.00771	0.00771	0.00257	0.01199	0.00600	0.00343	0.01199
30	0.03017	0.02239	0.02397	0.01853	0.02491	0.02485	0.01526	0.59964	0.07677	0.05005	0.02034	0.02016	0.01449	0.00982	0.00813	0.00246	0.00877	0.00742	0.00813	0.01374
31	0.01159	0.00869	0.01304	0.01304	0.01449	0.01014	0.01014	0.01449	0.01304	0.01884	0.02173	0.03188	0.02029	0.06086	0.68268	0.01304	0.02173	0.00869	0.00435	0.00724
32	0.01036	0.00726	0.00928	0.01070	0.01105	0.00690	0.00689	0.01142	0.01462	0.01949	0.04002	0.54850	0.04774	0.19455	0.01795	0.00442	0.00548	0.02030	0.00689	0.00618
33	0.01160	0.00865	0.01280	0.01280	0.01417	0.01001	0.00984	0.01434	0.01297	0.01866	0.02195	0.03309	0.02081	0.09828	0.64597	0.01274	0.02094	0.00887	0.00438	0.00711
34	0.02591	0.01770	0.01979	0.01617	0.02102	0.01895	0.01285	0.41061	0.03046	0.10485	0.02658	0.17378	0.02393	0.04572	0.01014	0.00288	0.00775	0.01107	0.00803	0.01180
35	0.01013	0.00723	0.00969	0.01158	0.01215	0.00680	0.00795	0.01172	0.01577	0.02098	0.04459	0.66259	0.05314	0.02519	0.01042	0.00333	0.00492	0.06762	0.00753	0.00666
36	0.02008	0.01928	0.03294	0.04981	0.66422	0.01928	0.02490	0.02490	0.01848	0.02651	0.01526	0.02008	0.01285	0.00723	0.00803	0.00241	0.00964	0.00723	0.00402	0.01285
37	0.16322	0.02269	0.02559	0.11162	0.31735	0.17801	0.01938	0.02601	0.01842	0.02609	0.01377	0.01766	0.01127	0.00766	0.00730	0.00239	0.01034	0.00621	0.00420	0.01081
38	0.01159	0.00869	0.01304	0.01304	0.01449	0.01014	0.01014	0.01449	0.01304	0.01884	0.02173	0.03188	0.02029	0.06086	0.68268	0.01304	0.02173	0.00869	0.00435	0.00724
39	0.00982	0.00769	0.00889	0.00973	0.01139	0.00677	0.00686	0.01166	0.01735	0.02187	0.09235	0.36702	0.35461	0.02260	0.00994	0.00299	0.00437	0.01974	0.00760	0.00677
40	0.01366	0.00887	0.01143	0.01222	0.01435	0.00822	0.00971	0.01627	0.01821	0.08744	0.05198	0.25546	0.19667	0.02156	0.01027	0.00324	0.00581	0.23915	0.00776	0.00771
41	0.02326	0.59620	0.03898	0.01516	0.02160	0.15002	0.01421	0.02577	0.01767	0.01923	0.01151	0.01331	0.01042	0.00720	0.00559	0.00180	0.00976	0.00450	0.00360	0.01023
42	0.01627	0.04197	0.67279	0.02313	0.03512	0.01884	0.02998	0.02570	0.01713	0.02570	0.01456	0.01713	0.01028	0.00771	0.00771	0.00257	0.01199	0.00600	0.00343	0.01199
43	0.02412	0.01821	0.03120	0.02338	0.03013	0.01758	0.28180	0.03365	0.17196	0.20795	0.02468	0.02527	0.01747	0.00870	0.00870	0.00261	0.00968	0.00886	0.00680	0.04725
44	0.02118	0.03315	0.34919	0.02568	0.09563	0.11739	0.09622	0.02867	0.04389	0.08740	0.01696	0.01915	0.01232	0.00801	0.00797	0.00250	0.01164	0.00676	0.00451	0.01178
45	0.01709	0.01298	0.01677	0.01504	0.01775	0.01503	0.01201	0.18059	0.01969	0.02748	0.02046	0.02772	0.01797	0.04442	0.46327	0.00964	0.05947	0.00823	0.00530	0.00909
46	0.01232	0.00905	0.01194	0.01169	0.01219	0.01020	0.00816	0.01337	0.01243	0.01734	0.02338	0.07886	0.02527	0.35931	0.24765	0.04372	0.08160	0.01074	0.00468	0.00611
47	0.22439	0.02569	0.05407	0.02458	0.17122	0.22454	0.01653	0.08917	0.04791	0.02984	0.01453	0.01680	0.01151	0.00810	0.00701	0.00236	0.01019	0.00589	0.00490	0.01076
48	0.05687	0.02864	0.05198	0.02059	0.06261	0.33542	0.01559	0.06401	0.16215	0.09381	0.01968	0.02009	0.01488	0.00906	0.00762	0.00236	0.01096	0.00664	0.00588	0.01115
49	0.01689	0.01583	0.01591	0.01492	0.01703	0.13453	0.01135	0.04997	0.05609	0.02119	0.02050	0.02998	0.01909	0.12921	0.35954	0.00862	0.05816	0.00834	0.00477	0.00810
50	0.01076	0.00847	0.00998	0.01023	0.01247	0.00735	0.00749	0.01298	0.01770	0.02303	0.11307	0.29664	0.29511	0.02062	0.00960	0.00282	0.00466	0.04937	0.00739	0.08026
51	0.02814	0.02486	0.02713	0.02123	0.02714	0.18332	0.13094	0.28350	0.02808	0.09905	0.01876	0.02120	0.01410	0.04338	0.00982	0.00268	0.01097	0.00753	0.00643	0.01175
52	0.02485	0.02590	0.18017	0.01812	0.02466	0.14097	0.01727	0.05735	0.02072	0.19721	0.05783	0.02223	0.01732	0.00952	0.00948	0.00241	0.07398	0.00700	0.00603	0.08698
53	0.01850	0.05506	0.15179	0.23956	0.23348	0.01986	0.08087	0.05887	0.01862	0.02559	0.01503	0.01981	0.01163	0.00769	0.00801	0.00253	0.01074	0.00708	0.00400	0.01127
54	0.01159	0.00869	0.01304	0.01304	0.01449	0.01014	0.01014	0.01449	0.01304	0.01884	0.02173	0.03188	0.02029	0.06086	0.68268	0.01304	0.02173	0.00869	0.00435	0.00724
55	0.01371	0.01210	0.01877	0.27998	0.11102	0.01347	0.01578	0.01775	0.01697	0.02248	0.09345	0.03800	0.14166	0.02175	0.14366	0.00473	0.01090	0.01012	0.00508	0.00860
56	0.01986	0.21131	0.10750	0.03304	0.25470	0.02303	0.18844	0.02512	0.01798	0.02428	0.01443	0.01835	0.01177	0.00710	0.00766	0.00233	0.01073	0.00696	0.00383	0.01158
57	0.01597	0.01761	0.05970	0.02355	0.02862	0.04765	0.30557	0.02071	0.01707	0.02293	0.02276	0.15291	0.02185	0.02370	0.17465	0.00533	0.01394	0.01152	0.00478	0.00919
58	0.01159	0.00869	0.01304	0.01304	0.01449	0.01014	0.01014	0.01449	0.01304	0.01884	0.02173	0.03188	0.02029	0.06086	0.68268	0.01304	0.02173	0.00869	0.00435	0.00724
59	0.01764	0.03012	0.35563	0.03407	0.30635	0.01850	0.02658	0.02467	0.01747	0.02563	0.01530	0.01930	0.01200	0.01073	0.04880	0.00314	0.01156	0.00669	0.00374	0.01208
60	0.06032	0.02238	0.05651	0.24238	0.25195	0.14340	0.06032	0.02505	0.01835	0.02391	0.01432	0.01916	0.01140	0.00773	0.00785	0.00248	0.01113	0.00679	0.00395	0.01063
61	0.01459	0.01302	0.01695	0.07110	0.02010	0.05219	0.01299	0.01872	0.05397	0.02013	0.01937	0.02746	0.01753	0.04217	0.43065	0.00925	0.13915	0.00812	0.00438	0.00815
62	0.01112	0.00824	0.01065	0.01211	0.01365	0.00777	0.00949	0.01362	0.01746	0.02243	0.05220	0.31938	0.18368	0.02313	0.01054	0.00335	0.00570	0.26094	0.00751	0.00701
63	0.02515	0.05036	0.18474	0.02077	0.02795	0.11487	0.05199	0.30407	0.02742	0.03593	0.01717	0.02020	0.01311	0.00939	0.00886	0.00251	0.04319	0.02444	0.00583	0.01207
64	0.19516	0.01730	0.01804	0.08302	0.02296	0.09806	0.01295	0.06460	0.01916	0.21065	0.01978	0.02186	0.01461	0.01723	0.11421	0.00418	0.04280	0.00683	0.00622	0.01038
65	0.01470	0.01265	0.04651	0.05500	0.09270	0.01068	0.04004	0.01805	0.01909	0.08839	0.09581	0.05651	0.38692	0.01575	0.00909	0.00266	0.00621	0.01349	0.00689	0.00885
66	0.02502	0.05230	0.05734	0.08815	0.02973	0.09165	0.13174	0.17727	0.02479	0.14038	0.08118	0.02458	0.01968	0.00938	0.00830	0.00248	0.00993	0.00816	0.00646	0.01147
67	0.02671	0.02409	0.08996	0.02390	0.12450	0.13266	0.04624	0.14439	0.02344	0.17112	0.01893	0.02015	0.01375	0.00890	0.00901	0.00241	0.05186	0.00694	0.00611	0.05492
68	0.21482	0.01138	0.01358	0.05124	0.01698	0.01331	0.01045	0.01744	0.01356	0.02358	0.01964	0.03187	0.01891	0.12538	0.29643	0.00780	0.05713	0.04423	0.00470	0.00756
