[name]
unknown

[dist]
# distance from previous block
# <min> <max>
0	0

[block]
# block no. 0 follows, 22 sequences, length 8
# corresponding to MSA columns:
# 0-7
name=unknown_A
#
# <colnr> <probs for GDERKNQSTAVLIFYWHMCP>
#	G	D	E	R	K	N	Q	S	T	A	V	L	I	F	Y	W	H	M	C	P
0	0.01339	0.00956	0.01339	0.01530	0.01721	0.00956	0.01339	0.01721	0.01912	0.02486	0.04399	0.09371	0.04781	0.02295	0.01147	0.00382	0.00765	0.60031	0.00765	0.00765
1	0.02056	0.01974	0.03372	0.05099	0.65622	0.01974	0.02550	0.02550	0.01892	0.02714	0.01563	0.02056	0.01316	0.00740	0.00822	0.00247	0.00987	0.00740	0.00411	0.01316
2	0.01368	0.01020	0.01480	0.12437	0.02117	0.01209	0.01198	0.01720	0.01474	0.02219	0.02136	0.02963	0.01866	0.03893	0.37860	0.00851	0.05844	0.00830	0.16727	0.00789
3	0.02925	0.03674	0.02259	0.02065	0.02467	0.61293	0.01552	0.03147	0.02259	0.02023	0.01372	0.01662	0.01164	0.01356	0.06956	0.00318	0.01566	0.00568	0.00430	0.00943
4	0.08531	0.01531	0.01505	0.01348	0.01779	0.05526	0.01051	0.03028	0.24917	0.11886	0.04750	0.04470	0.23532	0.01397	0.00855	0.00271	0.00635	0.01133	0.00791	0.01062
5	0.02184	0.01485	0.01695	0.01458	0.01828	0.01561	0.01115	0.25376	0.05981	0.09223	0.09175	0.18622	0.03334	0.11391	0.01384	0.00352	0.00715	0.01275	0.00798	0.01047
6	0.01092	0.00757	0.00940	0.01054	0.01083	0.00728	0.00662	0.01178	0.01435	0.01913	0.03779	0.43819	0.04485	0.30423	0.02353	0.00528	0.00614	0.01891	0.00662	0.00605
7	0.01348	0.01048	0.01290	0.01217	0.01476	0.01006	0.00879	0.01768	0.07748	0.02263	0.02951	0.23556	0.03130	0.14702	0.14339	0.00558	0.00924	0.01306	0.00605	0.17887

[dist]
# distance from previous block
# <min> <max>
0	1

[block]
# block no. 1 follows, 22 sequences, length 19
# corresponding to MSA columns:
# 9-27
name=unknown_B
#
# <colnr> <probs for GDERKNQSTAVLIFYWHMCP>
#	G	D	E	R	K	N	Q	S	T	A	V	L	I	F	Y	W	H	M	C	P
0	0.01714	0.00942	0.01255	0.01177	0.01432	0.00852	0.00881	0.02017	0.02135	0.17412	0.33253	0.24156	0.05826	0.01809	0.00970	0.00283	0.00491	0.01600	0.00899	0.00897
1	0.01012	0.00723	0.00964	0.01157	0.01205	0.00675	0.00771	0.01157	0.01591	0.02121	0.04579	0.70262	0.05495	0.02603	0.01060	0.00337	0.00482	0.02362	0.00771	0.00675
2	0.01093	0.00882	0.00981	0.01001	0.01231	0.00803	0.00733	0.01465	0.06260	0.02461	0.15453	0.21314	0.39165	0.02088	0.00990	0.00291	0.00447	0.01796	0.00797	0.00750
3	0.01629	0.01294	0.01344	0.01176	0.01571	0.01281	0.00924	0.18147	0.05595	0.03121	0.06412	0.06113	0.44711	0.01753	0.00934	0.00272	0.00567	0.01438	0.00791	0.00926
4	0.08282	0.01477	0.01875	0.01482	0.02092	0.01378	0.01213	0.03993	0.10684	0.53601	0.03153	0.02768	0.02046	0.01025	0.00816	0.00260	0.00696	0.00824	0.00970	0.01367
5	0.01057	0.00773	0.00969	0.01064	0.01172	0.00712	0.00728	0.01247	0.01751	0.02330	0.16849	0.42289	0.14850	0.08592	0.01323	0.00357	0.00485	0.01995	0.00775	0.00684
6	0.01195	0.00760	0.00903	0.00993	0.01060	0.00737	0.00646	0.01351	0.01510	0.02191	0.03557	0.35243	0.03974	0.22846	0.01908	0.00446	0.00558	0.01648	0.17829	0.00646
7	0.02787	0.07952	0.03020	0.02266	0.02846	0.27227	0.12764	0.21939	0.02675	0.03156	0.01563	0.01794	0.01214	0.00889	0.00894	0.00242	0.04401	0.00686	0.00546	0.01139
8	0.03472	0.01470	0.01925	0.01505	0.02108	0.01338	0.01230	0.10565	0.02497	0.54735	0.03222	0.07465	0.02224	0.01135	0.00851	0.00262	0.00715	0.00933	0.00988	0.01362
9	0.08794	0.01138	0.01294	0.01169	0.01492	0.01142	0.00904	0.04456	0.10308	0.07734	0.36350	0.05184	0.13794	0.01517	0.00902	0.00265	0.00497	0.01287	0.00852	0.00921
10	0.02858	0.03153	0.02453	0.11266	0.06000	0.40555	0.01739	0.16788	0.02595	0.02813	0.01487	0.01736	0.01166	0.00880	0.00782	0.00232	0.01287	0.00621	0.00512	0.01078
11	0.03262	0.01599	0.01950	0.01530	0.02122	0.01565	0.01252	0.18115	0.07020	0.40935	0.02919	0.02671	0.01941	0.01022	0.00810	0.00251	0.00723	0.00816	0.08152	0.01345
12	0.01012	0.00723	0.00964	0.01157	0.01205	0.00675	0.00771	0.01157	0.01591	0.02121	0.04579	0.70262	0.05495	0.02603	0.01060	0.00337	0.00482	0.02362	0.00771	0.00675
13	0.00982	0.00842	0.00842	0.00842	0.01122	0.00701	0.00631	0.01192	0.01894	0.02244	0.08416	0.07995	0.65285	0.02104	0.00982	0.00281	0.00421	0.01753	0.00771	0.00701
14	0.01664	0.01574	0.02664	0.56336	0.17448	0.01871	0.02355	0.02206	0.01706	0.02238	0.01493	0.02184	0.01148	0.00813	0.00829	0.00271	0.01084	0.00739	0.00377	0.01000
15	0.03103	0.03959	0.02354	0.02140	0.02568	0.67469	0.01605	0.03317	0.02354	0.02033	0.01284	0.01498	0.01070	0.00856	0.00749	0.00214	0.01498	0.00535	0.00428	0.00963
16	0.42441	0.01784	0.01651	0.01375	0.01939	0.01982	0.01120	0.16546	0.10516	0.03941	0.01682	0.01771	0.01271	0.00856	0.00642	0.00246	0.00704	0.00589	0.00630	0.08315
17	0.02843	0.03543	0.02216	0.02031	0.02421	0.58464	0.01528	0.03069	0.02216	0.02019	0.01412	0.01737	0.01207	0.01585	0.09799	0.00366	0.01597	0.00583	0.00430	0.00933
18	0.02832	0.03226	0.02240	0.01999	0.02460	0.43930	0.01525	0.09203	0.18972	0.02719	0.01910	0.01972	0.01493	0.00942	0.00782	0.00235	0.01219	0.00663	0.00577	0.01099

[dist]
# distance from previous block
# <min> <max>
0	1

[block]
# block no. 2 follows, 22 sequences, length 13
# corresponding to MSA columns:
# 29-41
name=unknown_C
#
# <colnr> <probs for GDERKNQSTAVLIFYWHMCP>
#	G	D	E	R	K	N	Q	S	T	A	V	L	I	F	Y	W	H	M	C	P
0	0.02426	0.02054	0.02795	0.02109	0.02795	0.02101	0.15412	0.27634	0.13160	0.03867	0.02057	0.02185	0.01532	0.00878	0.00826	0.00238	0.00925	0.00785	0.00675	0.15549
1	0.02374	0.02029	0.04090	0.03173	0.09036	0.01888	0.43433	0.02970	0.02050	0.17232	0.02037	0.02360	0.01448	0.00779	0.00934	0.00272	0.01206	0.00927	0.00559	0.01204
2	0.02743	0.01287	0.01652	0.01297	0.01811	0.01103	0.01008	0.03000	0.01977	0.38499	0.02760	0.03201	0.02110	0.16941	0.01569	0.00356	0.00711	0.00851	0.00799	0.16326
3	0.01012	0.00723	0.00964	0.01157	0.01205	0.00675	0.00771	0.01157	0.01591	0.02121	0.04579	0.70262	0.05495	0.02603	0.01060	0.00337	0.00482	0.02362	0.00771	0.00675
4	0.01252	0.00983	0.01149	0.01083	0.01342	0.00948	0.00819	0.01880	0.11232	0.03054	0.40621	0.06243	0.22804	0.01726	0.00961	0.00270	0.00439	0.01489	0.00865	0.00839
5	0.02015	0.01467	0.01753	0.01267	0.01991	0.01124	0.01019	0.02377	0.01818	0.11963	0.01739	0.01884	0.01351	0.00675	0.00647	0.00143	0.00629	0.00542	0.00570	0.65026
6	0.01819	0.22719	0.49415	0.02108	0.03193	0.02303	0.02616	0.02591	0.01736	0.02445	0.01398	0.01638	0.01056	0.00768	0.00719	0.00240	0.01134	0.00567	0.00352	0.01183
7	0.01709	0.01702	0.02572	0.02749	0.19005	0.07668	0.14223	0.02110	0.01954	0.02579	0.12646	0.18600	0.06119	0.01382	0.00935	0.00275	0.00886	0.01309	0.00593	0.00983
8	0.10603	0.03364	0.02269	0.01984	0.02472	0.46636	0.01528	0.16215	0.02597	0.02904	0.01426	0.01591	0.01127	0.00878	0.00743	0.00226	0.01284	0.00573	0.00525	0.01055
9	0.12474	0.06644	0.02099	0.01739	0.02210	0.33496	0.01353	0.03175	0.12110	0.05852	0.02001	0.02105	0.03679	0.01125	0.03226	0.00271	0.01125	0.00655	0.00550	0.04110
10	0.02835	0.31870	0.03143	0.01710	0.02313	0.24049	0.01464	0.08311	0.02213	0.12545	0.01611	0.01684	0.01256	0.00835	0.00679	0.00209	0.01063	0.00563	0.00529	0.01118
11	0.01939	0.02416	0.15529	0.03022	0.16152	0.01850	0.21873	0.05912	0.01965	0.02822	0.01593	0.01982	0.01234	0.00724	0.00823	0.00234	0.01082	0.00740	0.00444	0.17664
12	0.02969	0.03327	0.02452	0.06040	0.06329	0.44981	0.01693	0.17008	0.02648	0.02819	0.01476	0.01686	0.01166	0.00881	0.00777	0.00228	0.01312	0.00608	0.00517	0.01085

[dist]
# distance from previous block
# <min> <max>
0	50

[block]
# block no. 3 follows, 22 sequences, length 304
# corresponding to MSA columns:
# 92-395
name=unknown_D
#
# <colnr> <probs for GDERKNQSTAVLIFYWHMCP>
#	G	D	E	R	K	N	Q	S	T	A	V	L	I	F	Y	W	H	M	C	P
0	0.02672	0.01772	0.01904	0.01557	0.02015	0.05059	0.01210	0.27625	0.06095	0.16628	0.02555	0.05946	0.02136	0.17121	0.01620	0.00383	0.00843	0.00941	0.00774	0.01144
1	0.20081	0.02956	0.01990	0.01772	0.02236	0.39285	0.01358	0.08020	0.02191	0.02744	0.01508	0.05312	0.01313	0.00931	0.00711	0.00229	0.01144	0.00632	0.00505	0.05081
2	0.02702	0.16279	0.08539	0.02031	0.02548	0.44220	0.01721	0.02991	0.02086	0.02070	0.01263	0.01517	0.01069	0.00873	0.00878	0.00224	0.07041	0.00541	0.00402	0.01002
3	0.03103	0.03959	0.02354	0.02140	0.02568	0.67469	0.01605	0.03317	0.02354	0.02033	0.01284	0.01498	0.01070	0.00856	0.00749	0.00214	0.01498	0.00535	0.00428	0.00963
4	0.01772	0.09298	0.44188	0.06261	0.03756	0.02076	0.15957	0.02597	0.01789	0.02552	0.01504	0.01851	0.01102	0.00765	0.00812	0.00260	0.01231	0.00687	0.00367	0.01174
5	0.02179	0.36296	0.20760	0.01811	0.02578	0.14949	0.01884	0.02627	0.01812	0.02152	0.01331	0.01588	0.01120	0.01071	0.04418	0.00273	0.01172	0.00533	0.00373	0.01072
6	0.02504	0.02296	0.02053	0.01801	0.02293	0.16255	0.01402	0.10673	0.40628	0.06800	0.02766	0.02614	0.02067	0.01048	0.00822	0.00262	0.00871	0.00825	0.00763	0.01255
7	0.01549	0.00774	0.00774	0.00774	0.00968	0.00774	0.00581	0.01936	0.01742	0.03097	0.02710	0.03097	0.02129	0.00968	0.00581	0.00194	0.00387	0.00774	0.75416	0.00774
8	0.01900	0.18664	0.49464	0.02114	0.03197	0.02185	0.02610	0.02678	0.01774	0.05992	0.01517	0.01722	0.01111	0.00785	0.00736	0.00244	0.01125	0.00589	0.00389	0.01203
9	0.01111	0.01018	0.00940	0.00924	0.01209	0.04467	0.00693	0.01330	0.01941	0.02284	0.10732	0.07543	0.58916	0.02014	0.00969	0.00276	0.00480	0.01673	0.00759	0.00720
10	0.01961	0.02241	0.04902	0.03501	0.04342	0.02101	0.62605	0.02661	0.01961	0.02661	0.01681	0.02241	0.01261	0.00700	0.00980	0.00280	0.01401	0.00980	0.00420	0.01120
11	0.02163	0.02201	0.03349	0.04693	0.55447	0.08982	0.05814	0.02638	0.01945	0.02638	0.01539	0.02007	0.01287	0.00750	0.00823	0.00245	0.01065	0.00732	0.00414	0.01267
12	0.01261	0.00931	0.01231	0.01381	0.01591	0.00901	0.01185	0.01607	0.01908	0.02434	0.05269	0.09073	0.17898	0.02253	0.01112	0.00360	0.00690	0.47397	0.00766	0.00751
13	0.03727	0.01414	0.01928	0.01478	0.02121	0.01221	0.01221	0.04049	0.02378	0.66198	0.03277	0.02828	0.02056	0.01028	0.00835	0.00257	0.00707	0.00835	0.01028	0.01414
14	0.01683	0.04182	0.63048	0.02431	0.03637	0.01939	0.06406	0.02633	0.01766	0.02633	0.01501	0.01781	0.01064	0.00784	0.00800	0.00264	0.01237	0.00634	0.00355	0.01222
15	0.01666	0.04297	0.66500	0.02368	0.03596	0.01929	0.03069	0.02631	0.01754	0.02631	0.01491	0.01754	0.01052	0.00789	0.00789	0.00263	0.01228	0.00614	0.00351	0.01228
16	0.01339	0.00956	0.01339	0.01530	0.01721	0.00956	0.01339	0.01721	0.01912	0.02486	0.04399	0.09371	0.04781	0.02295	0.01147	0.00382	0.00765	0.60031	0.00765	0.00765
17	0.01226	0.00920	0.01181	0.01312	0.01531	0.00875	0.01114	0.01553	0.01906	0.02409	0.05672	0.08935	0.23963	0.02234	0.01095	0.00350	0.00656	0.41555	0.00767	0.00745
18	0.05257	0.04168	0.63375	0.02307	0.03500	0.01926	0.02965	0.02622	0.01738	0.02683	0.01475	0.01735	0.01045	0.00788	0.00776	0.00263	0.01200	0.00606	0.00359	0.01212
19	0.02500	0.02815	0.02941	0.03845	0.38901	0.29729	0.02149	0.02875	0.02088	0.02426	0.01445	0.01820	0.01212	0.00789	0.00791	0.00233	0.01204	0.00653	0.00418	0.01166
20	0.01102	0.00787	0.01067	0.01260	0.01347	0.00752	0.00928	0.01312	0.01679	0.02221	0.04529	0.53483	0.05298	0.02518	0.01084	0.00350	0.00560	0.18253	0.00769	0.00700
21	0.01114	0.00796	0.01079	0.01260	0.01356	0.00761	0.00936	0.01338	0.01716	0.02278	0.07098	0.49918	0.05387	0.02475	0.01082	0.00347	0.00560	0.19019	0.00775	0.00706
22	0.02859	0.03496	0.02591	0.02830	0.17268	0.52201	0.01825	0.03138	0.02246	0.02192	0.01349	0.01628	0.01127	0.00829	0.00766	0.00222	0.01379	0.00583	0.00424	0.01045
23	0.01666	0.04297	0.66500	0.02368	0.03596	0.01929	0.03069	0.02631	0.01754	0.02631	0.01491	0.01754	0.01052	0.00789	0.00789	0.00263	0.01228	0.00614	0.00351	0.01228
24	0.02194	0.02161	0.03246	0.04706	0.57454	0.07678	0.02426	0.05199	0.02018	0.02763	0.01557	0.02005	0.01299	0.00761	0.00816	0.00244	0.01028	0.00723	0.00431	0.01289
25	0.02221	0.71304	0.04353	0.01421	0.02132	0.03287	0.01421	0.02488	0.01688	0.01955	0.01155	0.01333	0.01066	0.00711	0.00533	0.00178	0.00888	0.00444	0.00355	0.01066
26	0.01200	0.00863	0.01154	0.01184	0.01363	0.00817	0.00927	0.01563	0.02153	0.02977	0.42636	0.14081	0.06782	0.01954	0.01032	0.00301	0.00499	0.16886	0.00860	0.00767
27	0.01163	0.00807	0.01011	0.01051	0.01093	0.00829	0.00675	0.01257	0.01315	0.01785	0.02938	0.18384	0.03328	0.42688	0.17292	0.00823	0.01046	0.01378	0.00546	0.00591
28	0.02485	0.01992	0.02114	0.01775	0.02320	0.02262	0.01416	0.26812	0.41042	0.04150	0.02850	0.02676	0.02105	0.01077	0.00840	0.00269	0.00756	0.00866	0.00840	0.01352
29	0.02642	0.02319	0.02113	0.01793	0.02268	0.16223	0.01403	0.33951	0.06413	0.03799	0.02452	0.16079	0.02245	0.01306	0.00862	0.00262	0.00937	0.01046	0.00732	0.01157
30	0.00982	0.00842	0.00842	0.00842	0.01122	0.00701	0.00631	0.01192	0.01894	0.02244	0.08416	0.07995	0.65285	0.02104	0.00982	0.00281	0.00421	0.01753	0.00771	0.00701
31	0.01339	0.00956	0.01339	0.01530	0.01721	0.00956	0.01339	0.01721	0.01912	0.02486	0.04399	0.09371	0.04781	0.02295	0.01147	0.00382	0.00765	0.60031	0.00765	0.00765
32	0.01532	0.03528	0.52299	0.02100	0.03079	0.01662	0.02572	0.02329	0.01752	0.02574	0.04827	0.13787	0.02119	0.01143	0.00844	0.00276	0.01062	0.00955	0.00448	0.01113
33	0.02430	0.01532	0.01849	0.01361	0.02066	0.01268	0.01105	0.07929	0.02102	0.21382	0.02045	0.02067	0.01486	0.00768	0.00698	0.00173	0.00668	0.00614	0.00677	0.47779
34	0.01012	0.00723	0.00964	0.01157	0.01205	0.00675	0.00771	0.01157	0.01591	0.02121	0.04579	0.70262	0.05495	0.02603	0.01060	0.00337	0.00482	0.02362	0.00771	0.00675
35	0.01955	0.02223	0.04802	0.03445	0.04250	0.02120	0.60020	0.02633	0.01932	0.02633	0.01656	0.02223	0.01253	0.00732	0.01055	0.00284	0.04287	0.00970	0.00418	0.01111
36	0.03134	0.03043	0.02432	0.02012	0.02573	0.31058	0.01590	0.36722	0.03225	0.03830	0.01683	0.01777	0.01262	0.00935	0.00795	0.00234	0.01170	0.00655	0.00654	0.01215
37	0.01897	0.01811	0.03084	0.25921	0.46045	0.01932	0.02470	0.02410	0.01816	0.02521	0.01534	0.02108	0.01248	0.00770	0.00825	0.00257	0.01026	0.00740	0.00397	0.01187
38	0.01012	0.00723	0.00964	0.01157	0.01205	0.00675	0.00771	0.01157	0.01591	0.02121	0.04579	0.70262	0.05495	0.02603	0.01060	0.00337	0.00482	0.02362	0.00771	0.00675
39	0.02904	0.02793	0.02259	0.01908	0.02444	0.28348	0.01495	0.22272	0.14154	0.06933	0.02013	0.02033	0.01510	0.00949	0.00791	0.00236	0.01076	0.00691	0.00668	0.04523
40	0.02221	0.71304	0.04353	0.01421	0.02132	0.03287	0.01421	0.02488	0.01688	0.01955	0.01155	0.01333	0.01066	0.00711	0.00533	0.00178	0.00888	0.00444	0.00355	0.01066
41	0.02263	0.68080	0.04258	0.01456	0.02153	0.06360	0.01430	0.02527	0.01720	0.01958	0.01161	0.01341	0.01066	0.00718	0.00543	0.00179	0.00918	0.00449	0.00359	0.01061
42	0.01590	0.01425	0.01849	0.04504	0.01979	0.05231	0.01376	0.04863	0.01517	0.02130	0.01802	0.02639	0.01661	0.04059	0.38896	0.00893	0.21496	0.00810	0.00437	0.00844
43	0.01004	0.00754	0.00932	0.01074	0.01183	0.00682	0.00735	0.01166	0.01670	0.02153	0.05583	0.53957	0.21151	0.02472	0.01040	0.00322	0.00466	0.02202	0.00771	0.00682
44	0.01549	0.00774	0.00774	0.00774	0.00968	0.00774	0.00581	0.01936	0.01742	0.03097	0.02710	0.03097	0.02129	0.00968	0.00581	0.00194	0.00387	0.00774	0.75416	0.00774
45	0.02521	0.02572	0.15557	0.01939	0.02662	0.02289	0.01808	0.32817	0.21565	0.04167	0.02307	0.02277	0.01676	0.00993	0.00827	0.00262	0.00902	0.00778	0.00736	0.01345
46	0.01804	0.02918	0.30892	0.02721	0.13936	0.01796	0.10459	0.02595	0.04785	0.02705	0.01616	0.01929	0.01233	0.00749	0.00787	0.00234	0.01056	0.00675	0.00423	0.16685
47	0.01502	0.01272	0.01792	0.01465	0.01926	0.01114	0.07731	0.01996	0.05104	0.02865	0.21920	0.09845	0.04026	0.01302	0.00864	0.00232	0.00635	0.06092	0.00681	0.27636
48	0.02056	0.01974	0.03372	0.05099	0.65622	0.01974	0.02550	0.02550	0.01892	0.02714	0.01563	0.02056	0.01316	0.00740	0.00822	0.00247	0.00987	0.00740	0.00411	0.01316
49	0.01189	0.00881	0.01288	0.01288	0.01420	0.01013	0.00980	0.01453	0.01321	0.01894	0.02268	0.03503	0.02181	0.13336	0.60548	0.01277	0.02069	0.00925	0.00451	0.00716
50	0.02194	0.02790	0.16070	0.02122	0.06113	0.15569	0.01825	0.03696	0.34328	0.02951	0.02435	0.02418	0.01843	0.00976	0.00812	0.00262	0.00974	0.00774	0.00627	0.01223
51	0.03103	0.03959	0.02354	0.02140	0.02568	0.67469	0.01605	0.03317	0.02354	0.02033	0.01284	0.01498	0.01070	0.00856	0.00749	0.00214	0.01498	0.00535	0.00428	0.00963
52	0.00990	0.00842	0.00853	0.00850	0.01127	0.00705	0.00638	0.01208	0.01913	0.02290	0.10824	0.07919	0.62848	0.02087	0.00982	0.00280	0.00420	0.01743	0.00778	0.00705
53	0.01549	0.00774	0.00774	0.00774	0.00968	0.00774	0.00581	0.01936	0.01742	0.03097	0.02710	0.03097	0.02129	0.00968	0.00581	0.00194	0.00387	0.00774	0.75416	0.00774
54	0.00990	0.00809	0.00875	0.00928	0.01145	0.00694	0.00670	0.01182	0.01810	0.02210	0.07358	0.25153	0.48810	0.02241	0.01003	0.00296	0.00438	0.01921	0.00771	0.00694
55	0.01874	0.01956	0.02505	0.02133	0.02306	0.10906	0.07735	0.02136	0.01500	0.02056	0.01411	0.02116	0.01309	0.02287	0.15695	0.00536	0.39481	0.00760	0.00395	0.00903
56	0.01782	0.04135	0.62862	0.02318	0.03512	0.01889	0.02965	0.02711	0.01789	0.06213	0.01592	0.01814	0.01109	0.00803	0.00792	0.00263	0.01198	0.00626	0.00389	0.01238
57	0.02056	0.01974	0.03372	0.05099	0.65622	0.01974	0.02550	0.02550	0.01892	0.02714	0.01563	0.02056	0.01316	0.00740	0.00822	0.00247	0.00987	0.00740	0.00411	0.01316
58	0.02221	0.71304	0.04353	0.01421	0.02132	0.03287	0.01421	0.02488	0.01688	0.01955	0.01155	0.01333	0.01066	0.00711	0.00533	0.00178	0.00888	0.00444	0.00355	0.01066
59	0.02104	0.02115	0.03483	0.04757	0.55345	0.05658	0.09105	0.02605	0.01925	0.02670	0.01560	0.02045	0.01296	0.00742	0.00836	0.00249	0.01061	0.00755	0.00413	0.01275
60	0.01990	0.01620	0.01813	0.01859	0.08883	0.05251	0.01296	0.05547	0.26176	0.08252	0.10522	0.04280	0.13788	0.01337	0.00887	0.00273	0.00691	0.03635	0.00780	0.01120
61	0.02252	0.05536	0.02089	0.01440	0.02152	0.01634	0.01184	0.18799	0.02353	0.06859	0.01700	0.01836	0.01317	0.00747	0.00682	0.00168	0.00717	0.00578	0.00607	0.47351
62	0.01012	0.00723	0.00964	0.01157	0.01205	0.00675	0.00771	0.01157	0.01591	0.02121	0.04579	0.70262	0.05495	0.02603	0.01060	0.00337	0.00482	0.02362	0.00771	0.00675
63	0.02433	0.01945	0.02062	0.01730	0.02266	0.02191	0.01381	0.27060	0.37191	0.04095	0.03116	0.02937	0.05540	0.01130	0.00847	0.00269	0.00745	0.00909	0.00836	0.01319
64	0.01199	0.00802	0.00909	0.00917	0.00919	0.00800	0.00515	0.01206	0.01225	0.01633	0.02705	0.08317	0.03130	0.67774	0.04088	0.00785	0.00791	0.01259	0.00515	0.00511
65	0.01772	0.01635	0.02381	0.01701	0.02460	0.01313	0.13739	0.02210	0.01772	0.02698	0.01519	0.01830	0.01237	0.00633	0.00691	0.00156	0.00778	0.00593	0.00477	0.60408
66	0.01549	0.00774	0.00774	0.00774	0.00968	0.00774	0.00581	0.01936	0.01742	0.03097	0.02710	0.03097	0.02129	0.00968	0.00581	0.00194	0.00387	0.00774	0.75416	0.00774
67	0.02423	0.01962	0.02079	0.01763	0.02296	0.02233	0.01401	0.23514	0.44441	0.04051	0.02928	0.02738	0.02169	0.01085	0.00841	0.00271	0.00741	0.00877	0.00841	0.01347
68	0.03144	0.02750	0.02457	0.01971	0.02574	0.19386	0.01586	0.47430	0.03504	0.04406	0.01810	0.01866	0.01324	0.00961	0.00810	0.00240	0.01065	0.00693	0.00727	0.01296
69	0.01881	0.02193	0.15376	0.01656	0.02492	0.01489	0.04597	0.08918	0.01981	0.02967	0.01547	0.01785	0.01215	0.00698	0.00693	0.00174	0.00815	0.00570	0.00497	0.48456
70	0.01995	0.02265	0.09946	0.04457	0.45210	0.01999	0.16619	0.02584	0.01894	0.02693	0.01583	0.02069	0.01277	0.00736	0.00856	0.00256	0.01107	0.00784	0.00407	0.01262
71	0.01187	0.00890	0.01335	0.01335	0.01483	0.01038	0.01038	0.01483	0.01335	0.01928	0.02225	0.03264	0.02077	0.06231	0.67512	0.01335	0.02225	0.00890	0.00445	0.00742
72	0.01666	0.04297	0.66500	0.02368	0.03596	0.01929	0.03069	0.02631	0.01754	0.02631	0.01491	0.01754	0.01052	0.00789	0.00789	0.00263	0.01228	0.00614	0.00351	0.01228
73	0.02505	0.02559	0.03318	0.03230	0.19358	0.20997	0.19476	0.02942	0.02068	0.09450	0.01681	0.02020	0.01298	0.00830	0.00945	0.00254	0.04677	0.00760	0.00484	0.01147
74	0.01012	0.00723	0.00964	0.01157	0.01205	0.00675	0.00771	0.01157	0.01591	0.02121	0.04579	0.70262	0.05495	0.02603	0.01060	0.00337	0.00482	0.02362	0.00771	0.00675
75	0.00982	0.00842	0.00842	0.00842	0.01122	0.00701	0.00631	0.01192	0.01894	0.02244	0.08416	0.07995	0.65285	0.02104	0.00982	0.00281	0.00421	0.01753	0.00771	0.00701
76	0.01836	0.01872	0.02849	0.02351	0.02460	0.02487	0.09666	0.02085	0.01361	0.02085	0.01167	0.01872	0.01112	0.01357	0.02501	0.00353	0.60520	0.00760	0.00371	0.00936
77	0.01818	0.02168	0.12057	0.23718	0.24488	0.01998	0.10602	0.02395	0.01754	0.02448	0.01499	0.02065	0.01187	0.00835	0.01017	0.00274	0.07418	0.00753	0.00387	0.01119
78	0.01208	0.00805	0.00906	0.00906	0.00906	0.00805	0.00503	0.01208	0.01208	0.01611	0.02618	0.05436	0.03020	0.70804	0.04228	0.00805	0.00805	0.01208	0.00503	0.00503
79	0.02066	0.01785	0.01878	0.01691	0.02160	0.02066	0.01315	0.04414	0.64121	0.03475	0.03381	0.03099	0.02536	0.01127	0.00845	0.00282	0.00657	0.00939	0.00845	0.01315
80	0.01191	0.00872	0.01242	0.01242	0.01358	0.00988	0.00922	0.01424	0.01308	0.01860	0.02310	0.03735	0.02281	0.20229	0.53793	0.01220	0.01917	0.00959	0.00458	0.00690
81	0.01998	0.01930	0.03340	0.12042	0.56431	0.01965	0.05071	0.02507	0.01869	0.02647	0.01558	0.02081	0.01291	0.00748	0.00830	0.00251	0.01018	0.00750	0.00407	0.01264
82	0.02056	0.01974	0.03372	0.05099	0.65622	0.01974	0.02550	0.02550	0.01892	0.02714	0.01563	0.02056	0.01316	0.00740	0.00822	0.00247	0.00987	0.00740	0.00411	0.01316
83	0.01012	0.00723	0.00964	0.01157	0.01205	0.00675	0.00771	0.01157	0.01591	0.02121	0.04579	0.70262	0.05495	0.02603	0.01060	0.00337	0.00482	0.02362	0.00771	0.00675
84	0.01549	0.00774	0.00774	0.00774	0.00968	0.00774	0.00581	0.01936	0.01742	0.03097	0.02710	0.03097	0.02129	0.00968	0.00581	0.00194	0.00387	0.00774	0.75416	0.00774
85	0.02472	0.02922	0.02429	0.15950	0.03126	0.38023	0.01802	0.02748	0.01946	0.02043	0.01277	0.01725	0.01083	0.00997	0.01249	0.00264	0.17979	0.00624	0.00400	0.00941
86	0.03158	0.02327	0.02493	0.01911	0.02576	0.02576	0.01579	0.62852	0.03906	0.05236	0.01995	0.01995	0.01413	0.00997	0.00831	0.00249	0.00914	0.00748	0.00831	0.01413
87	0.02047	0.01998	0.03513	0.04952	0.59965	0.01986	0.08093	0.02560	0.01898	0.02709	0.01574	0.02073	0.01311	0.00737	0.00837	0.00250	0.01025	0.00762	0.00412	0.01298
88	0.01641	0.00968	0.01166	0.01047	0.01378	0.00841	0.00810	0.01936	0.02151	0.16469	0.26143	0.06281	0.32511	0.01736	0.00949	0.00269	0.00473	0.01471	0.00875	0.00883
89	0.03383	0.01491	0.01918	0.01522	0.02129	0.01396	0.01240	0.04124	0.15158	0.53215	0.03299	0.02884	0.02156	0.01049	0.00837	0.00262	0.00697	0.00857	0.00990	0.01393
90	0.01204	0.00823	0.00995	0.00995	0.01026	0.00854	0.00614	0.01265	0.01234	0.01677	0.02536	0.04987	0.02825	0.57438	0.17327	0.00915	0.01099	0.01142	0.00491	0.00553
91	0.02810	0.02438	0.02101	0.01737	0.02241	0.19378	0.01379	0.34486	0.03047	0.03945	0.01955	0.02091	0.01470	0.00954	0.00758	0.00228	0.00960	0.00697	0.16163	0.01162
92	0.03103	0.03959	0.02354	0.02140	0.02568	0.67469	0.01605	0.03317	0.02354	0.02033	0.01284	0.01498	0.01070	0.00856	0.00749	0.00214	0.01498	0.00535	0.00428	0.00963
93	0.01361	0.01127	0.01227	0.01153	0.01467	0.01134	0.00879	0.02264	0.20720	0.02914	0.22546	0.06031	0.30598	0.01699	0.00940	0.00276	0.00484	0.01440	0.00833	0.00908
94	0.01012	0.00723	0.00964	0.01157	0.01205	0.00675	0.00771	0.01157	0.01591	0.02121	0.04579	0.70262	0.05495	0.02603	0.01060	0.00337	0.00482	0.02362	0.00771	0.00675
95	0.01012	0.00723	0.00964	0.01157	0.01205	0.00675	0.00771	0.01157	0.01591	0.02121	0.04579	0.70262	0.05495	0.02603	0.01060	0.00337	0.00482	0.02362	0.00771	0.00675
96	0.02056	0.01974	0.03372	0.05099	0.65622	0.01974	0.02550	0.02550	0.01892	0.02714	0.01563	0.02056	0.01316	0.00740	0.00822	0.00247	0.00987	0.00740	0.00411	0.01316
97	0.03158	0.02327	0.02493	0.01911	0.02576	0.02576	0.01579	0.62852	0.03906	0.05236	0.01995	0.01995	0.01413	0.00997	0.00831	0.00249	0.00914	0.00748	0.00831	0.01413
98	0.01208	0.00805	0.00906	0.00906	0.00906	0.00805	0.00503	0.01208	0.01208	0.01611	0.02618	0.05436	0.03020	0.70804	0.04228	0.00805	0.00805	0.01208	0.00503	0.00503
99	0.00982	0.00842	0.00842	0.00842	0.01122	0.00701	0.00631	0.01192	0.01894	0.02244	0.08416	0.07995	0.65285	0.02104	0.00982	0.00281	0.00421	0.01753	0.00771	0.00701
100	0.02145	0.46085	0.21793	0.01756	0.02587	0.08827	0.01906	0.02605	0.01768	0.02154	0.01262	0.01467	0.01063	0.00746	0.00626	0.00205	0.01041	0.00501	0.00361	0.01102
101	0.01964	0.02500	0.17186	0.04373	0.47045	0.01975	0.07690	0.02577	0.01868	0.02692	0.01557	0.02006	0.01254	0.00747	0.00828	0.00253	0.01074	0.00733	0.00399	0.01280
102	0.02557	0.17886	0.03133	0.02988	0.23861	0.31339	0.01886	0.02877	0.02053	0.02247	0.01351	0.01652	0.01153	0.00785	0.00727	0.00217	0.01193	0.00585	0.00407	0.01105
103	0.02329	0.03493	0.23615	0.03075	0.21235	0.27008	0.02358	0.02870	0.02024	0.02426	0.01433	0.01744	0.01136	0.00801	0.00784	0.00240	0.01261	0.00620	0.00398	0.01152
104	0.01830	0.04080	0.59457	0.02318	0.03483	0.02001	0.02905	0.09258	0.01991	0.02918	0.01546	0.01780	0.01092	0.00812	0.00794	0.00262	0.01193	0.00629	0.00404	0.01248
105	0.01949	0.03399	0.39847	0.02501	0.03512	0.02059	0.15646	0.10313	0.07180	0.03032	0.01750	0.02000	0.01264	0.00824	0.00841	0.00267	0.01179	0.00737	0.00466	0.01235
106	0.03103	0.03959	0.02354	0.02140	0.02568	0.67469	0.01605	0.03317	0.02354	0.02033	0.01284	0.01498	0.01070	0.00856	0.00749	0.00214	0.01498	0.00535	0.00428	0.00963
107	0.02066	0.01785	0.01878	0.01691	0.02160	0.02066	0.01315	0.04414	0.64121	0.03475	0.03381	0.03099	0.02536	0.01127	0.00845	0.00282	0.00657	0.00939	0.00845	0.01315
108	0.01208	0.00805	0.00906	0.00906	0.00906	0.00805	0.00503	0.01208	0.01208	0.01611	0.02618	0.05436	0.03020	0.70804	0.04228	0.00805	0.00805	0.01208	0.00503	0.00503
109	0.02936	0.17436	0.02807	0.01927	0.02480	0.35781	0.01560	0.20029	0.02656	0.02925	0.01459	0.01605	0.01166	0.00866	0.00728	0.00217	0.01206	0.00577	0.00527	0.01112
110	0.02118	0.01815	0.01748	0.01617	0.02005	0.10475	0.01228	0.03530	0.37043	0.08299	0.03350	0.17422	0.02940	0.01402	0.00878	0.00283	0.00736	0.01185	0.00789	0.01137
111	0.01059	0.00866	0.00949	0.00991	0.01252	0.00757	0.00785	0.01307	0.01898	0.02297	0.07545	0.08293	0.52168	0.02145	0.01018	0.00303	0.00495	0.14387	0.00770	0.00715
112	0.01083	0.00882	0.00968	0.01016	0.01236	0.00807	0.00734	0.01450	0.07004	0.02307	0.06740	0.27936	0.40490	0.02185	0.00996	0.00299	0.00461	0.01884	0.00778	0.00744
113	0.02217	0.02611	0.07249	0.03759	0.27059	0.15574	0.23978	0.02753	0.02005	0.02549	0.01543	0.01990	0.01230	0.00753	0.00862	0.00253	0.01255	0.00777	0.00415	0.01168
114	0.02714	0.03351	0.02927	0.02440	0.02910	0.46154	0.14853	0.03030	0.02150	0.02166	0.01349	0.01694	0.01114	0.00888	0.01017	0.00245	0.08936	0.00653	0.00419	0.00991
115	0.01191	0.00872	0.01242	0.01242	0.01358	0.00988	0.00922	0.01424	0.01308	0.01860	0.02310	0.03735	0.02281	0.20229	0.53793	0.01220	0.01917	0.00959	0.00458	0.00690
116	0.02529	0.02870	0.02913	0.03764	0.37165	0.31533	0.02123	0.02896	0.02100	0.02407	0.01437	0.01804	0.01205	0.00792	0.00789	0.00232	0.01218	0.00648	0.00419	0.01157
117	0.01370	0.01076	0.01269	0.01203	0.01463	0.01095	0.00905	0.02224	0.18099	0.03148	0.38077	0.11952	0.11502	0.01679	0.00953	0.00276	0.00472	0.01466	0.00869	0.00902
118	0.01012	0.00723	0.00964	0.01157	0.01205	0.00675	0.00771	0.01157	0.01591	0.02121	0.04579	0.70262	0.05495	0.02603	0.01060	0.00337	0.00482	0.02362	0.00771	0.00675
119	0.01603	0.01165	0.01385	0.01365	0.01583	0.01199	0.00994	0.18157	0.02229	0.02979	0.03867	0.51451	0.04370	0.02160	0.00997	0.00313	0.00601	0.01917	0.00788	0.00878
120	0.02433	0.02127	0.02241	0.02160	0.09285	0.07663	0.01543	0.19168	0.36594	0.03724	0.02648	0.02566	0.01990	0.01028	0.00831	0.00264	0.00830	0.00834	0.00759	0.01311
121	0.01549	0.00774	0.00774	0.00774	0.00968	0.00774	0.00581	0.01936	0.01742	0.03097	0.02710	0.03097	0.02129	0.00968	0.00581	0.00194	0.00387	0.00774	0.75416	0.00774
122	0.01096	0.00846	0.01000	0.00962	0.01192	0.00750	0.00721	0.01414	0.02164	0.02886	0.41918	0.06939	0.31382	0.01865	0.00981	0.00269	0.00404	0.01605	0.00856	0.00750
123	0.02221	0.71304	0.04353	0.01421	0.02132	0.03287	0.01421	0.02488	0.01688	0.01955	0.01155	0.01333	0.01066	0.00711	0.00533	0.00178	0.00888	0.00444	0.00355	0.01066
124	0.02543	0.30435	0.14510	0.01809	0.02552	0.13091	0.01764	0.15228	0.02304	0.06366	0.01528	0.01655	0.01192	0.00825	0.00692	0.00218	0.01042	0.00574	0.00502	0.01169
125	0.02101	0.56778	0.17826	0.01627	0.02449	0.02993	0.01779	0.02519	0.01702	0.02101	0.01228	0.01424	0.01063	0.00728	0.00589	0.00196	0.00962	0.00481	0.00354	0.01101
126	0.01012	0.00723	0.00964	0.01157	0.01205	0.00675	0.00771	0.01157	0.01591	0.02121	0.04579	0.70262	0.05495	0.02603	0.01060	0.00337	0.00482	0.02362	0.00771	0.00675
127	0.02029	0.01946	0.03322	0.08689	0.62247	0.01967	0.02536	0.02525	0.01879	0.02681	0.01558	0.02065	0.01304	0.00745	0.00823	0.00248	0.00994	0.00740	0.00409	0.01294
128	0.08891	0.34805	0.15541	0.01610	0.02388	0.02442	0.01661	0.05491	0.01917	0.15681	0.01696	0.01754	0.01269	0.00809	0.00657	0.00221	0.00897	0.00572	0.00528	0.01170
129	0.00982	0.00842	0.00842	0.00842	0.01122	0.00701	0.00631	0.01192	0.01894	0.02244	0.08416	0.07995	0.65285	0.02104	0.00982	0.00281	0.00421	0.01753	0.00771	0.00701
130	0.01187	0.00890	0.01335	0.01335	0.01483	0.01038	0.01038	0.01483	0.01335	0.01928	0.02225	0.03264	0.02077	0.06231	0.67512	0.01335	0.02225	0.00890	0.00445	0.00742
131	0.02338	0.05729	0.03014	0.07413	0.38161	0.16999	0.02150	0.06172	0.05233	0.02670	0.01591	0.01952	0.01304	0.00804	0.00794	0.00240	0.01085	0.00690	0.00456	0.01207
132	0.02683	0.02910	0.29462	0.01985	0.02883	0.01929	0.02112	0.21128	0.02573	0.20930	0.02135	0.02122	0.01437	0.00918	0.00815	0.00257	0.00990	0.00715	0.00682	0.01335
133	0.03158	0.02327	0.02493	0.01911	0.02576	0.02576	0.01579	0.62852	0.03906	0.05236	0.01995	0.01995	0.01413	0.00997	0.00831	0.00249	0.00914	0.00748	0.00831	0.01413
134	0.00982	0.00842	0.00842	0.00842	0.01122	0.00701	0.00631	0.01192	0.01894	0.02244	0.08416	0.07995	0.65285	0.02104	0.00982	0.00281	0.00421	0.01753	0.00771	0.00701
135	0.02249	0.26446	0.15443	0.02328	0.06175	0.02571	0.14905	0.15049	0.02228	0.02947	0.01523	0.01778	0.01190	0.00784	0.00752	0.00234	0.01071	0.00668	0.00470	0.01192
136	0.01012	0.00723	0.00964	0.01157	0.01205	0.00675	0.00771	0.01157	0.01591	0.02121	0.04579	0.70262	0.05495	0.02603	0.01060	0.00337	0.00482	0.02362	0.00771	0.00675
137	0.01125	0.00770	0.00931	0.01012	0.01033	0.00750	0.00617	0.01186	0.01370	0.01827	0.03449	0.32908	0.04069	0.41902	0.02886	0.00607	0.00668	0.01697	0.00617	0.00576
138	0.02640	0.02065	0.02117	0.01697	0.02248	0.05709	0.01374	0.43027	0.06747	0.04408	0.08335	0.03174	0.10334	0.01202	0.00860	0.00254	0.00823	0.00943	0.00809	0.01236
139	0.02221	0.71304	0.04353	0.01421	0.02132	0.03287	0.01421	0.02488	0.01688	0.01955	0.01155	0.01333	0.01066	0.00711	0.00533	0.00178	0.00888	0.00444	0.00355	0.01066
140	0.01005	0.00751	0.00935	0.01083	0.01186	0.00681	0.00738	0.01165	0.01661	0.02150	0.05475	0.55716	0.19462	0.02486	0.01042	0.00324	0.00468	0.02220	0.00771	0.00681
141	0.01631	0.01540	0.02604	0.60692	0.13352	0.01862	0.02338	0.02177	0.01690	0.02198	0.01488	0.02195	0.01134	0.00819	0.00830	0.00273	0.01092	0.00739	0.00375	0.00973
142	0.02381	0.22133	0.02682	0.01628	0.02191	0.06075	0.01371	0.12345	0.27172	0.06649	0.05363	0.02465	0.02086	0.00993	0.00753	0.00241	0.00800	0.00765	0.00691	0.01217
143	0.03190	0.02276	0.02461	0.01887	0.02551	0.02500	0.01559	0.59557	0.03820	0.08652	0.02066	0.02041	0.01449	0.00999	0.00831	0.00250	0.00903	0.00753	0.00842	0.01413
144	0.01073	0.00845	0.00968	0.00937	0.01178	0.00740	0.00703	0.01368	0.02108	0.02754	0.35058	0.07155	0.38324	0.01914	0.00981	0.00271	0.00407	0.01636	0.00839	0.00740
145	0.01618	0.01353	0.01523	0.04221	0.01896	0.01472	0.01115	0.02977	0.33511	0.03138	0.19277	0.04891	0.14265	0.01464	0.00913	0.00281	0.00577	0.03639	0.00827	0.01044
146	0.01847	0.26166	0.46217	0.02059	0.03118	0.02372	0.02532	0.02584	0.01732	0.02410	0.01381	0.01616	0.01057	0.00764	0.00706	0.00235	0.01117	0.00558	0.00352	0.01175
147	0.01002	0.00803	0.00895	0.00955	0.01155	0.00697	0.00685	0.01200	0.01818	0.02259	0.10032	0.28255	0.42839	0.02246	0.01007	0.00298	0.00439	0.01939	0.00779	0.00697
148	0.02188	0.01845	0.01947	0.01715	0.02207	0.02123	0.01344	0.10914	0.57424	0.03671	0.03227	0.02977	0.02411	0.01113	0.00844	0.00278	0.00686	0.00918	0.00844	0.01326
149	0.01730	0.03851	0.53146	0.02614	0.03757	0.01967	0.15976	0.02637	0.01799	0.02637	0.01532	0.01859	0.01097	0.00770	0.00831	0.00267	0.01265	0.00693	0.00366	0.01204
150	0.02029	0.01946	0.03323	0.08670	0.62265	0.01967	0.02536	0.02526	0.01879	0.02681	0.01558	0.02065	0.01304	0.00745	0.00823	0.00248	0.00994	0.00740	0.00409	0.01294
151	0.01012	0.00723	0.00964	0.01157	0.01205	0.00675	0.00771	0.01157	0.01591	0.02121	0.04579	0.70262	0.05495	0.02603	0.01060	0.00337	0.00482	0.02362	0.00771	0.00675
152	0.01443	0.00722	0.01082	0.01082	0.01082	0.00722	0.00722	0.01082	0.01082	0.01443	0.01443	0.02525	0.01443	0.02886	0.03247	0.75830	0.00722	0.00722	0.00361	0.00361
153	0.03158	0.02327	0.02493	0.01911	0.02576	0.02576	0.01579	0.62852	0.03906	0.05236	0.01995	0.01995	0.01413	0.00997	0.00831	0.00249	0.00914	0.00748	0.00831	0.01413
154	0.11781	0.07881	0.03128	0.07754	0.48503	0.02066	0.02224	0.02507	0.01799	0.02748	0.01470	0.01910	0.01229	0.00747	0.00758	0.00244	0.00940	0.00677	0.00418	0.01218
155	0.02674	0.03128	0.02647	0.03070	0.23142	0.40587	0.01890	0.03158	0.07374	0.02376	0.01551	0.01815	0.01273	0.00841	0.00781	0.00230	0.01261	0.00636	0.00457	0.01108
156	0.01178	0.00904	0.01114	0.01219	0.01451	0.00841	0.01019	0.01482	0.01904	0.02377	0.06212	0.08750	0.32087	0.02209	0.01073	0.00336	0.00610	0.33729	0.00768	0.00736
157	0.01681	0.01330	0.01439	0.01269	0.01647	0.01367	0.00991	0.14651	0.14272	0.03334	0.18434	0.05432	0.27649	0.01601	0.00924	0.00270	0.00562	0.01336	0.00829	0.00983
158	0.02341	0.48047	0.11949	0.01700	0.02416	0.17026	0.01674	0.02686	0.01841	0.02059	0.01226	0.01423	0.01065	0.00752	0.00613	0.00197	0.01064	0.00486	0.00371	0.01065
159	0.01176	0.00849	0.01110	0.01045	0.01241	0.00784	0.00784	0.01568	0.02352	0.03331	0.65184	0.06206	0.07839	0.01698	0.00980	0.00261	0.00392	0.01502	0.00914	0.00784
160	0.01053	0.00740	0.00952	0.01105	0.01143	0.00702	0.00716	0.01167	0.01511	0.02015	0.04173	0.56844	0.04982	0.16720	0.01716	0.00434	0.00549	0.02123	0.00716	0.00639
161	0.02056	0.01974	0.03372	0.05099	0.65622	0.01974	0.02550	0.02550	0.01892	0.02714	0.01563	0.02056	0.01316	0.00740	0.00822	0.00247	0.00987	0.00740	0.00411	0.01316
162	0.02133	0.01895	0.02878	0.03958	0.44557	0.01967	0.02136	0.03152	0.19802	0.05753	0.02162	0.02390	0.01700	0.00864	0.00830	0.00257	0.00880	0.00802	0.00563	0.01320
163	0.01569	0.01477	0.02492	0.68808	0.05722	0.01846	0.02307	0.02123	0.01661	0.02123	0.01477	0.02215	0.01107	0.00831	0.00831	0.00277	0.01107	0.00738	0.00369	0.00923
164	0.01666	0.04297	0.66500	0.02368	0.03596	0.01929	0.03069	0.02631	0.01754	0.02631	0.01491	0.01754	0.01052	0.00789	0.00789	0.00263	0.01228	0.00614	0.00351	0.01228
165	0.01758	0.01977	0.07109	0.02663	0.03208	0.01882	0.36043	0.02238	0.01675	0.02325	0.01778	0.02838	0.01603	0.16024	0.01954	0.00406	0.12164	0.00969	0.00425	0.00959
166	0.01503	0.01044	0.01272	0.01316	0.01519	0.01065	0.00944	0.02207	0.17116	0.07881	0.04173	0.47948	0.04472	0.02105	0.00988	0.00317	0.00544	0.01881	0.00811	0.00896
167	0.00998	0.00842	0.00864	0.00859	0.01132	0.00708	0.00644	0.01224	0.01932	0.02335	0.13169	0.07845	0.60475	0.02070	0.00982	0.00279	0.00418	0.01732	0.00783	0.00708
168	0.03079	0.01559	0.01909	0.01561	0.02136	0.01551	0.01258	0.04191	0.26484	0.41709	0.03318	0.02934	0.02244	0.01067	0.00839	0.00267	0.00688	0.00876	0.00957	0.01375
169	0.76672	0.01607	0.01221	0.01092	0.01607	0.01864	0.00900	0.02442	0.01414	0.03727	0.01157	0.01350	0.00900	0.00771	0.00514	0.00257	0.00643	0.00450	0.00514	0.00900
170	0.00982	0.00842	0.00842	0.00842	0.01122	0.00701	0.00631	0.01192	0.01894	0.02244	0.08416	0.07995	0.65285	0.02104	0.00982	0.00281	0.00421	0.01753	0.00771	0.00701
171	0.01101	0.00760	0.00938	0.01044	0.01070	0.00734	0.00650	0.01180	0.01418	0.01891	0.03694	0.41006	0.04378	0.33383	0.02490	0.00549	0.00628	0.01841	0.00650	0.00597
172	0.01549	0.00774	0.00774	0.00774	0.00968	0.00774	0.00581	0.01936	0.01742	0.03097	0.02710	0.03097	0.02129	0.00968	0.00581	0.00194	0.00387	0.00774	0.75416	0.00774
173	0.05458	0.04161	0.63200	0.02303	0.03495	0.01926	0.02960	0.02621	0.01737	0.02686	0.01474	0.01733	0.01045	0.00788	0.00775	0.00263	0.01198	0.00606	0.00359	0.01211
174	0.01012	0.00723	0.00964	0.01157	0.01205	0.00675	0.00771	0.01157	0.01591	0.02121	0.04579	0.70262	0.05495	0.02603	0.01060	0.00337	0.00482	0.02362	0.00771	0.00675
175	0.01569	0.01477	0.02492	0.68808	0.05722	0.01846	0.02307	0.02123	0.01661	0.02123	0.01477	0.02215	0.01107	0.00831	0.00831	0.00277	0.01107	0.00738	0.00369	0.00923
176	0.03045	0.03848	0.02411	0.02306	0.06102	0.63799	0.01658	0.03274	0.02328	0.02071	0.01300	0.01529	0.01084	0.00850	0.00753	0.00216	0.01469	0.00547	0.00427	0.00983
177	0.76672	0.01607	0.01221	0.01092	0.01607	0.01864	0.00900	0.02442	0.01414	0.03727	0.01157	0.01350	0.00900	0.00771	0.00514	0.00257	0.00643	0.00450	0.00514	0.00900
178	0.03061	0.03400	0.02366	0.02054	0.02548	0.46398	0.01582	0.19417	0.06161	0.02975	0.01591	0.01720	0.01243	0.00909	0.00776	0.00227	0.01295	0.00615	0.00560	0.01104
179	0.02529	0.02602	0.02959	0.03501	0.31265	0.20686	0.05383	0.12725	0.05051	0.02963	0.01639	0.01943	0.01312	0.00830	0.00813	0.00241	0.01129	0.00705	0.00504	0.01221
180	0.03158	0.02327	0.02493	0.01911	0.02576	0.02576	0.01579	0.62852	0.03906	0.05236	0.01995	0.01995	0.01413	0.00997	0.00831	0.00249	0.00914	0.00748	0.00831	0.01413
181	0.02503	0.02366	0.02110	0.01720	0.02312	0.17895	0.01356	0.18830	0.14345	0.03354	0.01929	0.02002	0.01488	0.00872	0.00749	0.00209	0.00918	0.00655	0.00633	0.23755
182	0.01012	0.00723	0.00964	0.01157	0.01205	0.00675	0.00771	0.01157	0.01591	0.02121	0.04579	0.70262	0.05495	0.02603	0.01060	0.00337	0.00482	0.02362	0.00771	0.00675
183	0.01125	0.00847	0.01041	0.00992	0.01210	0.00762	0.00744	0.01470	0.02232	0.03049	0.50419	0.06671	0.22780	0.01804	0.00980	0.00266	0.00399	0.01568	0.00877	0.00762
184	0.03033	0.02492	0.07852	0.01950	0.02662	0.02522	0.01704	0.57810	0.03726	0.05018	0.01952	0.01974	0.01383	0.00980	0.00828	0.00250	0.00940	0.00737	0.00791	0.01397
185	0.02610	0.03086	0.02614	0.02790	0.16158	0.39832	0.01854	0.02878	0.02030	0.02174	0.01304	0.01685	0.01128	0.00955	0.01174	0.00252	0.15418	0.00619	0.00411	0.01028
186	0.18375	0.02178	0.02230	0.01742	0.02376	0.02429	0.01438	0.50348	0.03390	0.04923	0.01821	0.01861	0.01307	0.00950	0.00765	0.00251	0.00858	0.00686	0.00765	0.01307
187	0.01030	0.00738	0.00951	0.01114	0.01171	0.00689	0.00737	0.01164	0.01570	0.02077	0.04602	0.60364	0.08620	0.09297	0.01368	0.00380	0.00510	0.02214	0.00745	0.00659
188	0.02670	0.02971	0.23413	0.02061	0.02909	0.02365	0.02066	0.43170	0.03203	0.04384	0.01830	0.01916	0.01295	0.00929	0.00817	0.00254	0.01017	0.00704	0.00674	0.01352
189	0.01194	0.00862	0.01195	0.01195	0.01295	0.00962	0.00864	0.01393	0.01294	0.01825	0.02353	0.03974	0.02385	0.27335	0.46829	0.01162	0.01761	0.00994	0.00464	0.00664
190	0.01697	0.08053	0.63017	0.02315	0.03514	0.02005	0.02977	0.02623	0.01750	0.02593	0.01472	0.01730	0.01053	0.00785	0.00775	0.00258	0.01209	0.00604	0.00351	0.01219
191	0.03103	0.03959	0.02354	0.02140	0.02568	0.67469	0.01605	0.03317	0.02354	0.02033	0.01284	0.01498	0.01070	0.00856	0.00749	0.00214	0.01498	0.00535	0.00428	0.00963
192	0.01139	0.00776	0.00926	0.00994	0.01011	0.00760	0.00597	0.01190	0.01342	0.01790	0.03306	0.28195	0.03889	0.46861	0.03116	0.00641	0.00692	0.01613	0.00597	0.00564
193	0.72419	0.01564	0.01215	0.01090	0.01586	0.01803	0.00893	0.02393	0.01467	0.03705	0.04764	0.01623	0.01291	0.00823	0.00540	0.00257	0.00629	0.00509	0.00537	0.00893
194	0.00982	0.00842	0.00842	0.00842	0.01122	0.00701	0.00631	0.01192	0.01894	0.02244	0.08416	0.07995	0.65285	0.02104	0.00982	0.00281	0.00421	0.01753	0.00771	0.00701
195	0.01012	0.00723	0.00964	0.01157	0.01205	0.00675	0.00771	0.01157	0.01591	0.02121	0.04579	0.70262	0.05495	0.02603	0.01060	0.00337	0.00482	0.02362	0.00771	0.00675
196	0.02056	0.01974	0.03372	0.05099	0.65622	0.01974	0.02550	0.02550	0.01892	0.02714	0.01563	0.02056	0.01316	0.00740	0.00822	0.00247	0.00987	0.00740	0.00411	0.01316
197	0.01062	0.00849	0.00953	0.00939	0.01188	0.00740	0.00713	0.01340	0.02046	0.02616	0.27082	0.07461	0.43577	0.01978	0.00988	0.00279	0.00426	0.04215	0.00819	0.00731
