[name]
unknown

[dist]
# distance from previous block
# <min> <max>
0	0

[block]
# block no. 0 follows, 21 sequences, length 22
# corresponding to MSA columns:
# 0-21
name=unknown_A
#
# <colnr> <probs for GDERKNQSTAVLIFYWHMCP>
#	G	D	E	R	K	N	Q	S	T	A	V	L	I	F	Y	W	H	M	C	P
0	0.01371	0.00980	0.01371	0.01567	0.01763	0.00980	0.01371	0.01763	0.01959	0.02547	0.04506	0.09599	0.04898	0.02351	0.01175	0.00392	0.00784	0.59056	0.00784	0.00784
1	0.17980	0.07732	0.47983	0.02083	0.03149	0.02044	0.02559	0.02644	0.01717	0.02899	0.01432	0.01681	0.01045	0.00800	0.00731	0.00263	0.01106	0.00582	0.00396	0.01175
2	0.01223	0.00884	0.01226	0.01226	0.01329	0.00987	0.00887	0.01429	0.01326	0.01871	0.02409	0.04061	0.02439	0.26937	0.46591	0.01193	0.01810	0.01017	0.00475	0.00681
3	0.02064	0.01758	0.01848	0.01653	0.02125	0.01999	0.01289	0.07469	0.53377	0.03530	0.03926	0.03639	0.09057	0.01253	0.00880	0.00287	0.00663	0.01039	0.00857	0.01286
4	0.01238	0.00825	0.00928	0.00928	0.00928	0.00825	0.00516	0.01238	0.01238	0.01650	0.02681	0.05569	0.03094	0.70092	0.04331	0.00825	0.00825	0.01238	0.00516	0.00516
5	0.01809	0.01678	0.02802	0.12748	0.43206	0.01717	0.02186	0.02246	0.01840	0.02568	0.02255	0.16668	0.02242	0.01182	0.00896	0.00277	0.00916	0.01116	0.00495	0.01153
6	0.01586	0.01097	0.01212	0.01108	0.01226	0.01141	0.00708	0.11820	0.01719	0.02297	0.02570	0.04954	0.02807	0.58052	0.03725	0.00726	0.00844	0.01155	0.00574	0.00678
7	0.01216	0.00912	0.01368	0.01368	0.01520	0.01064	0.01064	0.01520	0.01368	0.01976	0.02279	0.03343	0.02127	0.06382	0.66720	0.01368	0.02279	0.00912	0.00456	0.00760
8	0.02106	0.02022	0.03454	0.05223	0.64784	0.02022	0.02612	0.02612	0.01938	0.02780	0.01601	0.02106	0.01348	0.00758	0.00842	0.00253	0.01011	0.00758	0.00421	0.01348
9	0.01862	0.01862	0.02607	0.02234	0.02234	0.02607	0.01862	0.02048	0.01303	0.02048	0.01117	0.01862	0.01117	0.01489	0.02793	0.00372	0.68535	0.00745	0.00372	0.00931
10	0.02106	0.02022	0.03454	0.05223	0.64784	0.02022	0.02612	0.02612	0.01938	0.02780	0.01601	0.02106	0.01348	0.00758	0.00842	0.00253	0.01011	0.00758	0.00421	0.01348
11	0.01887	0.06088	0.02720	0.02186	0.02231	0.02653	0.01837	0.02079	0.01329	0.02045	0.01121	0.01831	0.01116	0.01443	0.02655	0.00361	0.64377	0.00727	0.00372	0.00941
12	0.01037	0.00741	0.00987	0.01185	0.01234	0.00691	0.00790	0.01185	0.01629	0.02172	0.04690	0.69537	0.05629	0.02666	0.01086	0.00346	0.00494	0.02419	0.00790	0.00691
13	0.01249	0.00904	0.01119	0.01209	0.01361	0.00873	0.00939	0.01477	0.01722	0.02204	0.04805	0.07995	0.17155	0.24164	0.02157	0.00509	0.00721	0.28055	0.00699	0.00683
14	0.01473	0.01332	0.02046	0.31719	0.03547	0.01648	0.01734	0.01820	0.01592	0.02146	0.02479	0.24452	0.02619	0.01590	0.01348	0.00323	0.15456	0.01304	0.00513	0.00858
15	0.01037	0.00741	0.00987	0.01185	0.01234	0.00691	0.00790	0.01185	0.01629	0.02172	0.04690	0.69537	0.05629	0.02666	0.01086	0.00346	0.00494	0.02419	0.00790	0.00691
16	0.02068	0.01983	0.03385	0.10013	0.60291	0.02012	0.02593	0.02578	0.01920	0.02734	0.01594	0.02119	0.01332	0.00765	0.00843	0.00255	0.01020	0.00758	0.00418	0.01317
17	0.01870	0.23430	0.48086	0.02147	0.03252	0.02376	0.02659	0.02653	0.01777	0.02496	0.01428	0.01673	0.01082	0.00785	0.00733	0.00244	0.01158	0.00579	0.00361	0.01210
18	0.02296	0.02563	0.06068	0.09185	0.43127	0.16881	0.02395	0.02763	0.02022	0.02570	0.01525	0.01973	0.01261	0.00795	0.00824	0.00248	0.01152	0.00704	0.00419	0.01230
19	0.01380	0.00761	0.01038	0.01062	0.01078	0.00755	0.00689	0.01193	0.01235	0.01689	0.02187	0.11152	0.02354	0.17292	0.03130	0.46285	0.00710	0.01048	0.04501	0.00462
20	0.17801	0.02393	0.13872	0.03604	0.31069	0.02011	0.11950	0.02621	0.01821	0.02978	0.01519	0.01930	0.01202	0.00767	0.00796	0.00263	0.01047	0.00713	0.00435	0.01209
21	0.05835	0.24691	0.02953	0.01817	0.02238	0.22004	0.01518	0.02738	0.05400	0.02193	0.01424	0.01859	0.01288	0.04739	0.01321	0.00279	0.15650	0.00618	0.00433	0.01001

[dist]
# distance from previous block
# <min> <max>
0	1

[block]
# block no. 1 follows, 21 sequences, length 15
# corresponding to MSA columns:
# 23-37
name=unknown_B
#
# <colnr> <probs for GDERKNQSTAVLIFYWHMCP>
#	G	D	E	R	K	N	Q	S	T	A	V	L	I	F	Y	W	H	M	C	P
0	0.01025	0.00848	0.00899	0.00918	0.01169	0.00722	0.00676	0.01247	0.01938	0.02371	0.12518	0.15587	0.52774	0.02185	0.01016	0.00293	0.00436	0.01852	0.00802	0.00722
1	0.26564	0.16564	0.21316	0.01730	0.02531	0.05108	0.01812	0.10231	0.01978	0.03241	0.01402	0.01594	0.01078	0.00816	0.00667	0.00246	0.00961	0.00553	0.00482	0.01126
2	0.02320	0.02709	0.23224	0.03380	0.28636	0.01919	0.02452	0.06233	0.04733	0.13197	0.01970	0.02178	0.01444	0.00854	0.00835	0.00262	0.01025	0.00742	0.00548	0.01341
3	0.01576	0.01408	0.01993	0.01796	0.01870	0.01865	0.01461	0.01823	0.01355	0.02075	0.01691	0.02552	0.01597	0.03521	0.29560	0.00782	0.37180	0.00817	0.04227	0.00852
4	0.01117	0.00845	0.01030	0.01028	0.01229	0.00759	0.00754	0.01419	0.02136	0.02868	0.37512	0.17729	0.24429	0.02022	0.01018	0.00287	0.00426	0.01766	0.00868	0.00759
5	0.01588	0.01042	0.01286	0.01285	0.01519	0.01024	0.00937	0.02190	0.12514	0.10371	0.13280	0.37104	0.08386	0.02042	0.01003	0.00311	0.00536	0.01811	0.00857	0.00916
6	0.01295	0.01029	0.01520	0.01474	0.01607	0.01253	0.01162	0.01585	0.01360	0.01984	0.02137	0.03161	0.02003	0.05781	0.58861	0.01245	0.10424	0.00891	0.00446	0.00781
7	0.02629	0.01713	0.01877	0.01518	0.02011	0.01846	0.01231	0.34561	0.03007	0.09168	0.02392	0.02551	0.01775	0.01373	0.05179	0.00313	0.00840	0.00791	0.24028	0.01196
8	0.02030	0.01483	0.01696	0.01534	0.01869	0.01572	0.01164	0.28651	0.02701	0.03615	0.03494	0.39028	0.03738	0.01923	0.00980	0.00305	0.00694	0.01672	0.00818	0.01033
9	0.07634	0.13327	0.02667	0.01970	0.02505	0.40560	0.01566	0.14893	0.02568	0.02834	0.01433	0.01602	0.01155	0.00879	0.00737	0.00224	0.01269	0.00572	0.00515	0.01090
10	0.07016	0.08415	0.22876	0.02181	0.06331	0.15737	0.02051	0.14823	0.02367	0.03108	0.02019	0.02179	0.05404	0.00946	0.00786	0.00249	0.01117	0.00702	0.00520	0.01175
11	0.01416	0.02091	0.22339	0.01506	0.02054	0.01259	0.01535	0.05077	0.01908	0.02591	0.09856	0.12724	0.18365	0.11822	0.01439	0.00365	0.00795	0.01324	0.00625	0.00910
12	0.07438	0.13467	0.02332	0.09805	0.05823	0.07821	0.01362	0.02772	0.01884	0.20236	0.02187	0.02831	0.01799	0.15029	0.01481	0.00362	0.00914	0.00792	0.00615	0.01051
13	0.10912	0.01899	0.08167	0.05688	0.06673	0.01854	0.06320	0.02617	0.12322	0.02978	0.12580	0.02862	0.02573	0.01123	0.01167	0.00281	0.12467	0.00879	0.00589	0.06050
14	0.02326	0.07258	0.14109	0.14216	0.18868	0.20403	0.02263	0.06032	0.02107	0.02557	0.01490	0.01867	0.01181	0.00829	0.00798	0.00247	0.01214	0.00657	0.00428	0.01150

[dist]
# distance from previous block
# <min> <max>
5	22

[block]
# block no. 2 follows, 21 sequences, length 30
# corresponding to MSA columns:
# 60-89
name=unknown_C
#
# <colnr> <probs for GDERKNQSTAVLIFYWHMCP>
#	G	D	E	R	K	N	Q	S	T	A	V	L	I	F	Y	W	H	M	C	P
0	0.08651	0.01493	0.01874	0.07912	0.02373	0.01548	0.04084	0.08172	0.12822	0.07801	0.02766	0.17081	0.02541	0.01590	0.04436	0.00328	0.00823	0.01122	0.00689	0.11892
1	0.02244	0.02323	0.04863	0.05624	0.13118	0.19340	0.01619	0.07702	0.04854	0.02818	0.06647	0.02665	0.02048	0.05080	0.01096	0.00280	0.04185	0.00798	0.11656	0.01041
2	0.02418	0.07468	0.04958	0.06853	0.12468	0.08137	0.01638	0.15561	0.04885	0.08018	0.02074	0.02323	0.01589	0.01150	0.03547	0.00287	0.00965	0.00739	0.13756	0.01167
3	0.19233	0.06471	0.13197	0.01669	0.02344	0.08288	0.01570	0.10398	0.02081	0.07993	0.01660	0.01839	0.01256	0.00872	0.00796	0.00238	0.04194	0.00606	0.04507	0.10789
4	0.01324	0.03756	0.01602	0.12408	0.02155	0.01279	0.01188	0.01589	0.01518	0.02032	0.03175	0.11367	0.10436	0.13106	0.23809	0.00738	0.06041	0.01187	0.00523	0.00768
5	0.21200	0.01928	0.01772	0.01684	0.05061	0.12651	0.01252	0.12216	0.02154	0.03219	0.07671	0.02755	0.04964	0.02216	0.15187	0.00497	0.01191	0.00801	0.00595	0.00986
6	0.02450	0.13356	0.16771	0.02610	0.13131	0.18551	0.02119	0.10939	0.02230	0.02770	0.01475	0.01757	0.01184	0.00887	0.00922	0.00247	0.06332	0.00632	0.00459	0.01181
7	0.01255	0.01174	0.05071	0.01309	0.01575	0.00971	0.04219	0.04609	0.01845	0.02395	0.05217	0.33806	0.22589	0.08304	0.01322	0.00359	0.00625	0.01852	0.00723	0.00782
8	0.09062	0.02126	0.01842	0.01620	0.02113	0.15901	0.01258	0.03498	0.26398	0.09450	0.03213	0.03087	0.08985	0.01124	0.00810	0.00256	0.00835	0.00875	0.00725	0.06821
9	0.01216	0.00912	0.01368	0.01368	0.01520	0.01064	0.01064	0.01520	0.01368	0.01976	0.02279	0.03343	0.02127	0.06382	0.66720	0.01368	0.02279	0.00912	0.00456	0.00760
10	0.02411	0.02385	0.11086	0.02097	0.02859	0.05715	0.12246	0.18783	0.02488	0.08160	0.01867	0.02097	0.01395	0.01136	0.04402	0.00292	0.01090	0.00732	0.00602	0.18158
11	0.02204	0.03604	0.32277	0.02758	0.07171	0.16145	0.15549	0.02910	0.02012	0.05109	0.01602	0.01912	0.01186	0.00810	0.00846	0.00261	0.01321	0.00710	0.00424	0.01187
12	0.01262	0.00909	0.00969	0.00937	0.01246	0.00765	0.00708	0.01484	0.01969	0.07996	0.07948	0.10784	0.55857	0.02081	0.00996	0.00288	0.00461	0.01742	0.00814	0.00783
13	0.01096	0.00844	0.00939	0.00945	0.01132	0.00755	0.00660	0.01294	0.01846	0.02354	0.17393	0.12820	0.35141	0.16989	0.01740	0.00407	0.00517	0.01682	0.00758	0.00687
14	0.02988	0.18433	0.02879	0.02000	0.02534	0.44415	0.01600	0.10869	0.02470	0.02494	0.01382	0.01564	0.01141	0.00863	0.00730	0.00216	0.01319	0.00556	0.00476	0.01070
15	0.01538	0.01276	0.01406	0.01355	0.01698	0.01339	0.01069	0.02691	0.26914	0.02957	0.10968	0.06221	0.23957	0.01743	0.00978	0.00304	0.00587	0.11174	0.00833	0.00993
16	0.01056	0.00846	0.00950	0.01008	0.01230	0.00741	0.00752	0.01283	0.01898	0.02353	0.10353	0.21675	0.43153	0.02263	0.01039	0.00309	0.00475	0.07096	0.00797	0.00723
17	0.02009	0.02296	0.05022	0.03587	0.04448	0.02152	0.61693	0.02726	0.02009	0.02726	0.01722	0.02296	0.01291	0.00717	0.01004	0.00287	0.01435	0.01004	0.00430	0.01148
18	0.01216	0.00912	0.01368	0.01368	0.01520	0.01064	0.01064	0.01520	0.01368	0.01976	0.02279	0.03343	0.02127	0.06382	0.66720	0.01368	0.02279	0.00912	0.00456	0.00760
19	0.03235	0.02384	0.02554	0.01958	0.02639	0.02639	0.01618	0.61946	0.04001	0.05363	0.02043	0.02043	0.01447	0.01022	0.00851	0.00255	0.00936	0.00766	0.00851	0.01447
20	0.03235	0.02384	0.02554	0.01958	0.02639	0.02639	0.01618	0.61946	0.04001	0.05363	0.02043	0.02043	0.01447	0.01022	0.00851	0.00255	0.00936	0.00766	0.00851	0.01447
21	0.01033	0.00863	0.00900	0.00891	0.01166	0.00730	0.00668	0.01275	0.02005	0.02454	0.16372	0.07935	0.56591	0.02097	0.01005	0.00285	0.00427	0.01760	0.00811	0.00730
22	0.01586	0.00793	0.00793	0.00793	0.00991	0.00793	0.00595	0.01983	0.01785	0.03173	0.02776	0.03173	0.02181	0.00991	0.00595	0.00198	0.00397	0.00793	0.74817	0.00793
23	0.01114	0.00877	0.01019	0.01060	0.01296	0.00782	0.00825	0.01391	0.02003	0.02534	0.17398	0.12826	0.38452	0.02158	0.01044	0.00308	0.00499	0.12854	0.00815	0.00744
24	0.02782	0.02159	0.02299	0.01867	0.02467	0.02428	0.01508	0.38710	0.27974	0.04634	0.02618	0.02501	0.01913	0.01075	0.00857	0.00269	0.00830	0.00845	0.00857	0.01407
25	0.01090	0.00865	0.00979	0.00951	0.01201	0.00754	0.00713	0.01385	0.02139	0.02772	0.32306	0.07411	0.40458	0.01979	0.01005	0.00279	0.00418	0.01687	0.00853	0.00754
26	0.01314	0.00818	0.00899	0.00899	0.00942	0.00818	0.00533	0.01401	0.01358	0.01984	0.02702	0.05043	0.02894	0.54936	0.03512	0.00688	0.00731	0.01140	0.16812	0.00577
27	0.06044	0.06448	0.28865	0.01933	0.02697	0.15941	0.02036	0.04883	0.02106	0.02796	0.12496	0.02793	0.05357	0.01051	0.00816	0.00254	0.01071	0.00811	0.00524	0.01076
28	0.02334	0.02488	0.03346	0.04435	0.46572	0.16179	0.06916	0.02793	0.02047	0.02623	0.01548	0.01996	0.01289	0.00781	0.00838	0.00248	0.01158	0.00731	0.00426	0.01254
29	0.08520	0.02330	0.16941	0.11013	0.10259	0.04292	0.12792	0.02442	0.01839	0.02787	0.04480	0.02384	0.01637	0.01085	0.03486	0.00305	0.01090	0.00783	0.10470	0.01064

[dist]
# distance from previous block
# <min> <max>
1	9

[block]
# block no. 3 follows, 21 sequences, length 17
# corresponding to MSA columns:
# 99-115
name=unknown_D
#
# <colnr> <probs for GDERKNQSTAVLIFYWHMCP>
#	G	D	E	R	K	N	Q	S	T	A	V	L	I	F	Y	W	H	M	C	P
0	0.02704	0.04168	0.22819	0.02268	0.02970	0.45808	0.02128	0.03171	0.02213	0.02280	0.01384	0.01619	0.01090	0.00855	0.00781	0.00235	0.01445	0.00574	0.00413	0.01074
1	0.01053	0.00864	0.00928	0.00912	0.01178	0.00739	0.00684	0.01313	0.02051	0.02564	0.21865	0.07754	0.51029	0.02056	0.01005	0.00283	0.00424	0.01735	0.00825	0.00739
2	0.01538	0.01515	0.12153	0.01343	0.01763	0.01024	0.01229	0.01960	0.02106	0.10155	0.28223	0.16337	0.13855	0.01721	0.00968	0.00284	0.00605	0.01493	0.00806	0.00924
3	0.76103	0.01646	0.01251	0.01119	0.01646	0.01909	0.00922	0.02502	0.01448	0.03818	0.01185	0.01382	0.00922	0.00790	0.00527	0.00263	0.00658	0.00461	0.00527	0.00922
4	0.01010	0.00846	0.00879	0.00906	0.01161	0.00715	0.00666	0.01216	0.01898	0.02282	0.08089	0.16493	0.56479	0.02224	0.01017	0.00295	0.00440	0.01880	0.00790	0.00715
5	0.01565	0.01037	0.01251	0.01140	0.01447	0.00972	0.00874	0.02118	0.08577	0.10643	0.36667	0.06070	0.20933	0.01701	0.00972	0.00274	0.00476	0.01461	0.00907	0.00916
6	0.03235	0.02384	0.02554	0.01958	0.02639	0.02639	0.01618	0.61946	0.04001	0.05363	0.02043	0.02043	0.01447	0.01022	0.00851	0.00255	0.00936	0.00766	0.00851	0.01447
7	0.01057	0.00792	0.00988	0.01136	0.01258	0.00723	0.00803	0.01243	0.01736	0.02236	0.05667	0.48974	0.20406	0.02510	0.01073	0.00335	0.00502	0.07065	0.00790	0.00706
8	0.02275	0.70604	0.04459	0.01456	0.02184	0.03367	0.01456	0.02548	0.01729	0.02002	0.01183	0.01365	0.01092	0.00728	0.00546	0.00182	0.00910	0.00455	0.00364	0.01092
9	0.01265	0.00985	0.01463	0.01434	0.01574	0.01182	0.01125	0.01560	0.01363	0.01981	0.02190	0.03230	0.02050	0.06008	0.61824	0.01291	0.07353	0.00899	0.00449	0.00773
10	0.01850	0.21107	0.50234	0.02181	0.03305	0.02327	0.02718	0.02658	0.01780	0.02520	0.01440	0.01688	0.01082	0.00788	0.00742	0.00247	0.01170	0.00585	0.00361	0.01216
11	0.01065	0.00761	0.01020	0.01217	0.01279	0.00716	0.00839	0.01234	0.01657	0.02204	0.04675	0.64454	0.05567	0.02639	0.01094	0.00350	0.00518	0.07223	0.00789	0.00699
12	0.01633	0.01079	0.01262	0.01209	0.01427	0.01138	0.00898	0.11972	0.02003	0.02943	0.03034	0.19972	0.02998	0.08665	0.13084	0.00514	0.00894	0.01261	0.23166	0.00849
13	0.02233	0.01344	0.01619	0.01294	0.01850	0.01143	0.01025	0.06578	0.02135	0.20917	0.03840	0.10401	0.14662	0.01296	0.00833	0.00230	0.00624	0.01081	0.00774	0.26120
14	0.26448	0.07960	0.02356	0.01849	0.02335	0.27080	0.04494	0.06932	0.02032	0.02893	0.01315	0.01578	0.01076	0.00898	0.00884	0.00251	0.07557	0.00570	0.00483	0.01009
15	0.02347	0.08286	0.02086	0.01579	0.01971	0.13500	0.01224	0.21628	0.02435	0.03078	0.02054	0.02967	0.01872	0.18949	0.08473	0.00498	0.01127	0.00834	0.04097	0.00995
16	0.02170	0.02734	0.18045	0.02067	0.06741	0.14743	0.01802	0.12586	0.02261	0.02929	0.05247	0.03092	0.02086	0.11508	0.01363	0.00343	0.01063	0.03818	0.04345	0.01057

[dist]
# distance from previous block
# <min> <max>
3	21

[block]
# block no. 4 follows, 21 sequences, length 45
# corresponding to MSA columns:
# 137-181
name=unknown_E
#
# <colnr> <probs for GDERKNQSTAVLIFYWHMCP>
#	G	D	E	R	K	N	Q	S	T	A	V	L	I	F	Y	W	H	M	C	P
0	0.02313	0.13814	0.09037	0.02245	0.13699	0.05298	0.01636	0.05092	0.07954	0.12881	0.02199	0.02802	0.01844	0.13920	0.01446	0.00354	0.00928	0.00809	0.00588	0.01139
1	0.05876	0.06894	0.02568	0.02096	0.05628	0.09303	0.09862	0.04677	0.01841	0.02651	0.04363	0.02368	0.01703	0.01440	0.06004	0.00350	0.17428	0.00779	0.13189	0.00980
2	0.02234	0.03266	0.26701	0.02628	0.13311	0.14134	0.02285	0.10666	0.02261	0.02995	0.04841	0.02067	0.01552	0.00877	0.00809	0.00244	0.01134	0.00692	0.00492	0.06812
3	0.02190	0.03018	0.15703	0.14787	0.05868	0.23567	0.05245	0.02679	0.01973	0.02335	0.01807	0.02173	0.04431	0.00940	0.00952	0.00256	0.05901	0.00713	0.00427	0.05034
4	0.01203	0.00957	0.01054	0.01076	0.01233	0.03439	0.00751	0.01423	0.01907	0.02495	0.23650	0.22829	0.18788	0.13467	0.01572	0.00383	0.00549	0.01734	0.00776	0.00715
5	0.02506	0.08662	0.02304	0.01640	0.02260	0.14171	0.01331	0.21811	0.02622	0.03401	0.02089	0.02211	0.05067	0.00918	0.00741	0.00203	0.00906	0.00681	0.03471	0.23007
6	0.01037	0.00741	0.00987	0.01185	0.01234	0.00691	0.00790	0.01185	0.01629	0.02172	0.04690	0.69537	0.05629	0.02666	0.01086	0.00346	0.00494	0.02419	0.00790	0.00691
7	0.12756	0.15371	0.23825	0.01834	0.05724	0.01919	0.01845	0.02384	0.01740	0.02767	0.01976	0.06071	0.01744	0.01022	0.00728	0.00253	0.00890	0.04738	0.11362	0.01050
8	0.02278	0.58736	0.10911	0.01613	0.02378	0.07721	0.01651	0.02625	0.01785	0.02083	0.01230	0.01424	0.01091	0.00747	0.00590	0.00194	0.00992	0.00480	0.00369	0.01102
9	0.01148	0.00822	0.00966	0.01019	0.01110	0.00778	0.00669	0.01273	0.01585	0.02069	0.08673	0.21927	0.16029	0.32467	0.02512	0.00544	0.00637	0.04464	0.00678	0.00631
10	0.01216	0.00912	0.01368	0.01368	0.01520	0.01064	0.01064	0.01520	0.01368	0.01976	0.02279	0.03343	0.02127	0.06382	0.66720	0.01368	0.02279	0.00912	0.00456	0.00760
11	0.01587	0.01486	0.01888	0.01706	0.01927	0.08004	0.04466	0.01888	0.01515	0.02074	0.01927	0.02790	0.01774	0.04461	0.43076	0.00975	0.12944	0.00834	0.00441	0.04236
12	0.03264	0.01879	0.02195	0.01708	0.02321	0.01943	0.01394	0.34002	0.03142	0.27965	0.02590	0.02614	0.01817	0.04975	0.03853	0.00337	0.00907	0.00832	0.00894	0.01368
13	0.01067	0.00778	0.01006	0.01132	0.01234	0.00716	0.00779	0.01273	0.01815	0.02433	0.17003	0.51103	0.11654	0.02432	0.01062	0.00325	0.00469	0.02184	0.00819	0.00716
14	0.03235	0.02384	0.02554	0.01958	0.02639	0.02639	0.01618	0.61946	0.04001	0.05363	0.02043	0.02043	0.01447	0.01022	0.00851	0.00255	0.00936	0.00766	0.00851	0.01447
15	0.01037	0.00741	0.00987	0.01185	0.01234	0.00691	0.00790	0.01185	0.01629	0.02172	0.04690	0.69537	0.05629	0.02666	0.01086	0.00346	0.00494	0.02419	0.00790	0.00691
16	0.01709	0.01637	0.02313	0.02029	0.02065	0.02241	0.01673	0.01923	0.01319	0.02031	0.01393	0.02213	0.01357	0.02649	0.17939	0.00608	0.52837	0.00784	0.00392	0.00890
17	0.01006	0.00862	0.00862	0.00862	0.01149	0.00718	0.00647	0.01221	0.01940	0.02299	0.08621	0.08190	0.64438	0.02155	0.01006	0.00287	0.00431	0.01796	0.00790	0.00718
18	0.02106	0.02022	0.03454	0.05223	0.64784	0.02022	0.02612	0.02612	0.01938	0.02780	0.01601	0.02106	0.01348	0.00758	0.00842	0.00253	0.01011	0.00758	0.00421	0.01348
19	0.02335	0.03045	0.28144	0.03141	0.22817	0.05433	0.02501	0.08357	0.02163	0.11275	0.01830	0.02050	0.01336	0.00848	0.00827	0.00259	0.01093	0.00709	0.00521	0.01315
20	0.01490	0.01316	0.01894	0.01736	0.01823	0.01720	0.01403	0.01744	0.01340	0.02006	0.01785	0.02713	0.01698	0.04302	0.39544	0.00945	0.30445	0.00841	0.00420	0.00833
21	0.03007	0.07175	0.02483	0.02003	0.02514	0.39619	0.01567	0.20468	0.02840	0.03136	0.05878	0.02008	0.01679	0.00971	0.00796	0.00231	0.01244	0.00675	0.00590	0.01116
22	0.01066	0.00856	0.00952	0.00946	0.01191	0.00741	0.00703	0.01332	0.02056	0.02618	0.24757	0.11891	0.43761	0.02068	0.01011	0.00286	0.00427	0.01763	0.00833	0.00741
23	0.05382	0.01072	0.01254	0.01244	0.01464	0.01074	0.00918	0.09893	0.02129	0.02948	0.15653	0.32164	0.10972	0.05370	0.01162	0.00334	0.00572	0.04766	0.00799	0.00830
24	0.03235	0.02384	0.02554	0.01958	0.02639	0.02639	0.01618	0.61946	0.04001	0.05363	0.02043	0.02043	0.01447	0.01022	0.00851	0.00255	0.00936	0.00766	0.00851	0.01447
25	0.03194	0.03614	0.02449	0.02131	0.02633	0.49769	0.01637	0.18856	0.02831	0.02949	0.01508	0.01669	0.01189	0.00915	0.00790	0.00229	0.01377	0.00606	0.00547	0.01108
26	0.01045	0.00755	0.00989	0.01160	0.01232	0.00699	0.00782	0.01212	0.01694	0.02253	0.08463	0.62248	0.09157	0.02582	0.01077	0.00338	0.00485	0.02331	0.00799	0.00699
27	0.02977	0.02981	0.02361	0.02011	0.02546	0.29854	0.01572	0.24923	0.15745	0.03585	0.02030	0.02064	0.01539	0.00988	0.00819	0.00247	0.01137	0.00714	0.00678	0.01230
28	0.01933	0.01590	0.01884	0.09918	0.06703	0.04298	0.01355	0.12143	0.07766	0.03088	0.02579	0.16378	0.02412	0.01256	0.00828	0.00248	0.00758	0.01073	0.08638	0.15150
29	0.03182	0.03966	0.02419	0.02180	0.02631	0.63217	0.01643	0.06561	0.02497	0.02260	0.01355	0.01562	0.01115	0.00885	0.00772	0.00221	0.01502	0.00560	0.00461	0.01011
30	0.03179	0.04056	0.02412	0.02192	0.02631	0.66676	0.01644	0.03398	0.02412	0.02083	0.01315	0.01535	0.01096	0.00877	0.00767	0.00219	0.01535	0.00548	0.00438	0.00987
31	0.02446	0.01992	0.02110	0.01798	0.02338	0.02271	0.01427	0.21433	0.45799	0.04091	0.03045	0.02842	0.02259	0.01115	0.00862	0.00279	0.00751	0.00904	0.00862	0.01377
32	0.01035	0.00749	0.00979	0.01162	0.01228	0.00693	0.00780	0.01188	0.01651	0.02181	0.04970	0.65173	0.09812	0.02630	0.01080	0.00341	0.00489	0.02375	0.00790	0.00693
33	0.01006	0.00862	0.00862	0.00862	0.01149	0.00718	0.00647	0.01221	0.01940	0.02299	0.08621	0.08190	0.64438	0.02155	0.01006	0.00287	0.00431	0.01796	0.00790	0.00718
34	0.01032	0.00863	0.00898	0.00889	0.01165	0.00729	0.00667	0.01272	0.02001	0.02444	0.15897	0.07951	0.57071	0.02101	0.01006	0.00285	0.00427	0.01762	0.00809	0.00729
35	0.03179	0.04056	0.02412	0.02192	0.02631	0.66676	0.01644	0.03398	0.02412	0.02083	0.01315	0.01535	0.01096	0.00877	0.00767	0.00219	0.01535	0.00548	0.00438	0.00987
36	0.01037	0.00741	0.00987	0.01185	0.01234	0.00691	0.00790	0.01185	0.01629	0.02172	0.04690	0.69537	0.05629	0.02666	0.01086	0.00346	0.00494	0.02419	0.00790	0.00691
37	0.01101	0.00858	0.01008	0.01049	0.01266	0.00765	0.00794	0.01369	0.01997	0.02561	0.20118	0.18101	0.34622	0.02169	0.01039	0.00305	0.00478	0.08836	0.00823	0.00741
38	0.01054	0.00830	0.00956	0.01023	0.01221	0.00731	0.00746	0.01275	0.01885	0.02378	0.12468	0.27913	0.36915	0.02291	0.01040	0.00310	0.00467	0.04973	0.00804	0.00721
39	0.08127	0.02634	0.02268	0.01904	0.02461	0.19326	0.01508	0.28065	0.18082	0.03942	0.02142	0.02143	0.01602	0.01000	0.00810	0.00255	0.01009	0.00736	0.00723	0.01264
40	0.02357	0.24487	0.07858	0.03193	0.27563	0.16004	0.02077	0.02762	0.01961	0.02380	0.01403	0.01729	0.01195	0.00777	0.00730	0.00224	0.01106	0.00609	0.00402	0.01184
41	0.02910	0.03453	0.02566	0.02536	0.09878	0.47370	0.01780	0.07320	0.02345	0.02394	0.01378	0.01674	0.01153	0.00942	0.01009	0.00243	0.08925	0.00610	0.00458	0.01056
42	0.01762	0.02268	0.21912	0.04166	0.02479	0.01539	0.01756	0.02797	0.15717	0.07455	0.24315	0.03811	0.03950	0.01234	0.00895	0.00273	0.00783	0.01046	0.00725	0.01118
43	0.02759	0.10332	0.02954	0.03027	0.21578	0.36453	0.01919	0.06550	0.02290	0.02482	0.01432	0.01722	0.01194	0.00834	0.00772	0.00228	0.01273	0.00616	0.00450	0.01136
44	0.01217	0.00907	0.01342	0.01342	0.01486	0.01050	0.01032	0.01503	0.01360	0.01957	0.02303	0.03471	0.02183	0.10050	0.63128	0.01336	0.02196	0.00931	0.00459	0.00746

[dist]
# distance from previous block
# <min> <max>
0	2

[block]
# block no. 5 follows, 21 sequences, length 24
# corresponding to MSA columns:
# 184-207
name=unknown_F
#
# <colnr> <probs for GDERKNQSTAVLIFYWHMCP>
#	G	D	E	R	K	N	Q	S	T	A	V	L	I	F	Y	W	H	M	C	P
0	0.01200	0.00848	0.01185	0.01240	0.01359	0.00922	0.00914	0.01450	0.01469	0.02116	0.03020	0.21935	0.03167	0.08663	0.38908	0.00948	0.01530	0.01342	0.07057	0.00729
1	0.02391	0.48332	0.07515	0.01674	0.02341	0.17310	0.01580	0.02696	0.01868	0.02060	0.01287	0.01527	0.01143	0.01046	0.03881	0.00254	0.01138	0.00509	0.00385	0.01062
2	0.02579	0.42913	0.06935	0.01741	0.02425	0.17479	0.01608	0.10778	0.02194	0.02511	0.01347	0.01518	0.01140	0.00806	0.00651	0.00205	0.01073	0.00527	0.00446	0.01125
3	0.01037	0.00741	0.00987	0.01185	0.01234	0.00691	0.00790	0.01185	0.01629	0.02172	0.04690	0.69537	0.05629	0.02666	0.01086	0.00346	0.00494	0.02419	0.00790	0.00691
4	0.01356	0.00814	0.00882	0.00882	0.00950	0.00814	0.00542	0.01490	0.01423	0.02166	0.02713	0.04758	0.02785	0.46697	0.03066	0.00613	0.00680	0.01087	0.25671	0.00610
5	0.02199	0.01607	0.01849	0.01560	0.01936	0.01777	0.01215	0.30756	0.02617	0.03549	0.02251	0.03187	0.02004	0.17364	0.21486	0.00713	0.01318	0.00911	0.00660	0.01041
6	0.01253	0.00956	0.01397	0.01377	0.01507	0.01127	0.01060	0.01524	0.01353	0.01951	0.02251	0.03457	0.02157	0.11687	0.57763	0.01266	0.05780	0.00931	0.00457	0.00748
7	0.01084	0.00777	0.01029	0.01153	0.01245	0.00722	0.00794	0.01302	0.01847	0.02519	0.21337	0.51904	0.06299	0.02408	0.01063	0.00324	0.00468	0.02174	0.00831	0.00722
8	0.01238	0.00825	0.00928	0.00928	0.00928	0.00825	0.00516	0.01238	0.01238	0.01650	0.02681	0.05569	0.03094	0.70092	0.04331	0.00825	0.00825	0.01238	0.00516	0.00516
9	0.01983	0.02096	0.02284	0.05900	0.02372	0.15876	0.01666	0.02225	0.01577	0.02047	0.01443	0.02148	0.01340	0.02419	0.16588	0.00558	0.35427	0.00741	0.00406	0.00905
10	0.02496	0.02710	0.15772	0.01989	0.02705	0.06115	0.01845	0.24784	0.25154	0.03938	0.02411	0.02375	0.01769	0.01016	0.00843	0.00268	0.00944	0.00796	0.00727	0.01343
11	0.01196	0.00834	0.00928	0.00924	0.00985	0.00805	0.00554	0.01254	0.01421	0.01856	0.06983	0.06063	0.13935	0.54743	0.03581	0.00703	0.00735	0.01350	0.00585	0.00566
12	0.01757	0.10193	0.60328	0.02341	0.03552	0.02098	0.02997	0.02682	0.01791	0.02634	0.01497	0.01759	0.01079	0.00801	0.00786	0.00262	0.01227	0.00614	0.00360	0.01243
13	0.02479	0.55591	0.03997	0.01622	0.02285	0.17650	0.01499	0.02740	0.01883	0.02020	0.01213	0.01403	0.01093	0.00762	0.00596	0.00190	0.01051	0.00476	0.00381	0.01068
14	0.01029	0.00819	0.00924	0.00991	0.01187	0.00714	0.00708	0.01231	0.01856	0.02320	0.10539	0.30214	0.39842	0.02315	0.01035	0.00307	0.00452	0.02006	0.00799	0.00714
15	0.01492	0.01015	0.01258	0.01207	0.01427	0.00983	0.00902	0.07026	0.02206	0.06075	0.29077	0.17557	0.09208	0.09960	0.01406	0.00358	0.00567	0.06606	0.00836	0.00832
16	0.01238	0.00825	0.00928	0.00928	0.00928	0.00825	0.00516	0.01238	0.01238	0.01650	0.02681	0.05569	0.03094	0.70092	0.04331	0.00825	0.00825	0.01238	0.00516	0.00516
17	0.01006	0.00862	0.00862	0.00862	0.01149	0.00718	0.00647	0.01221	0.01940	0.02299	0.08621	0.08190	0.64438	0.02155	0.01006	0.00287	0.00431	0.01796	0.00790	0.00718
18	0.01037	0.00741	0.00987	0.01185	0.01234	0.00691	0.00790	0.01185	0.01629	0.02172	0.04690	0.69537	0.05629	0.02666	0.01086	0.00346	0.00494	0.02419	0.00790	0.00691
19	0.01046	0.00792	0.00952	0.01060	0.01194	0.00713	0.00731	0.01224	0.01760	0.02263	0.09408	0.42573	0.25143	0.05520	0.01203	0.00344	0.00483	0.02107	0.00786	0.00699
20	0.01238	0.00825	0.00928	0.00928	0.00928	0.00825	0.00516	0.01238	0.01238	0.01650	0.02681	0.05569	0.03094	0.70092	0.04331	0.00825	0.00825	0.01238	0.00516	0.00516
21	0.01077	0.00779	0.01073	0.01226	0.01299	0.00775	0.00852	0.01260	0.01570	0.02128	0.04147	0.54603	0.04839	0.03505	0.15894	0.00576	0.00897	0.02079	0.00715	0.00707
22	0.06136	0.02455	0.03249	0.09375	0.28501	0.16645	0.12414	0.02734	0.01976	0.02575	0.01501	0.01973	0.01228	0.00828	0.00944	0.00261	0.04891	0.00737	0.00426	0.01152
23	0.02478	0.06991	0.11456	0.03228	0.25480	0.22803	0.02153	0.03082	0.06764	0.05168	0.01690	0.01952	0.01343	0.00844	0.00799	0.00243	0.01169	0.00675	0.00475	0.01209

[dist]
# distance from previous block
# <min> <max>
11	18

[block]
# block no. 6 follows, 21 sequences, length 10
# corresponding to MSA columns:
# 226-235
name=unknown_G
#
# <colnr> <probs for GDERKNQSTAVLIFYWHMCP>
#	G	D	E	R	K	N	Q	S	T	A	V	L	I	F	Y	W	H	M	C	P
0	0.53286	0.01385	0.01111	0.01019	0.01445	0.01567	0.00822	0.02343	0.01551	0.03621	0.01672	0.01931	0.01307	0.00852	0.00548	0.00243	0.00578	0.00563	0.23275	0.00882
1	0.01025	0.00785	0.00941	0.01066	0.01203	0.00701	0.00737	0.01198	0.01744	0.02219	0.06136	0.46968	0.27264	0.02478	0.01057	0.00324	0.00471	0.02190	0.00790	0.00701
2	0.01661	0.01557	0.01671	0.01532	0.01777	0.07031	0.01193	0.02378	0.15369	0.02686	0.14610	0.09777	0.16844	0.01649	0.01357	0.00302	0.15676	0.01280	0.00710	0.00939
3	0.01024	0.00863	0.00887	0.00881	0.01161	0.00726	0.00661	0.01257	0.01983	0.02401	0.13744	0.08021	0.59252	0.02117	0.01006	0.00286	0.00428	0.01772	0.00804	0.00726
4	0.02312	0.59711	0.04146	0.01578	0.02223	0.08269	0.01504	0.02574	0.01748	0.02012	0.01188	0.01419	0.01094	0.00803	0.00749	0.00201	0.06542	0.00486	0.00371	0.01071
5	0.01090	0.00794	0.01026	0.01120	0.01239	0.00730	0.00782	0.01327	0.01913	0.02592	0.24701	0.43508	0.11390	0.02317	0.01052	0.00315	0.00458	0.02076	0.00838	0.00730
6	0.01995	0.15520	0.14120	0.12651	0.19185	0.06730	0.02142	0.02654	0.06171	0.02582	0.06783	0.02319	0.01840	0.00892	0.00791	0.00248	0.01017	0.00741	0.00468	0.01152
7	0.02566	0.06322	0.14640	0.02607	0.07553	0.29889	0.10604	0.07763	0.02254	0.02599	0.01477	0.01783	0.01168	0.00867	0.00907	0.00249	0.04511	0.00667	0.00449	0.01125
8	0.01562	0.19093	0.02239	0.01460	0.01669	0.01823	0.01170	0.01735	0.01540	0.02044	0.02772	0.29954	0.03179	0.09200	0.01676	0.00361	0.15722	0.01411	0.00557	0.00829
9	0.01714	0.01484	0.01639	0.01772	0.06673	0.06195	0.01199	0.06621	0.17807	0.02798	0.03694	0.37279	0.03878	0.01877	0.00970	0.00308	0.00689	0.01657	0.00759	0.00988

[dist]
# distance from previous block
# <min> <max>
1	9

[block]
# block no. 7 follows, 21 sequences, length 116
# corresponding to MSA columns:
# 245-360
name=unknown_H
#
# <colnr> <probs for GDERKNQSTAVLIFYWHMCP>
#	G	D	E	R	K	N	Q	S	T	A	V	L	I	F	Y	W	H	M	C	P
0	0.02061	0.08058	0.18525	0.02460	0.14472	0.02002	0.01990	0.15751	0.05227	0.03259	0.05596	0.07102	0.07572	0.01141	0.00851	0.00263	0.00918	0.00950	0.00600	0.01201
1	0.06356	0.09547	0.11327	0.02438	0.14852	0.22119	0.01793	0.02678	0.02001	0.02539	0.02110	0.02360	0.06116	0.00935	0.00751	0.00235	0.01065	0.00711	0.09007	0.01061
2	0.01226	0.00898	0.01037	0.01087	0.01277	0.00841	0.00779	0.05210	0.01940	0.02574	0.08773	0.35609	0.24678	0.02193	0.00996	0.00303	0.00488	0.01915	0.07411	0.00764
3	0.01787	0.01756	0.06211	0.02207	0.16125	0.01358	0.01487	0.02236	0.01863	0.02827	0.07142	0.02253	0.01873	0.00769	0.00723	0.00176	0.00736	0.00662	0.00515	0.47295
4	0.01222	0.00887	0.01242	0.01242	0.01350	0.00995	0.00906	0.01439	0.01330	0.01882	0.02395	0.03982	0.02405	0.24670	0.48812	0.01212	0.01862	0.01005	0.00473	0.00690
5	0.02553	0.35934	0.06486	0.02190	0.09481	0.25813	0.01733	0.02867	0.02000	0.02151	0.01294	0.01530	0.01122	0.00789	0.00671	0.00207	0.01161	0.00531	0.00397	0.01091
6	0.02056	0.02091	0.02962	0.22023	0.32322	0.09507	0.02325	0.02500	0.01837	0.02427	0.01475	0.02051	0.01227	0.00901	0.01112	0.00274	0.10639	0.00732	0.00404	0.01135
7	0.01055	0.00856	0.00936	0.00933	0.01184	0.00737	0.00693	0.01311	0.02032	0.02558	0.21745	0.11707	0.47100	0.02088	0.01010	0.00286	0.00428	0.01775	0.00825	0.00737
8	0.01144	0.00831	0.00995	0.01011	0.01142	0.00772	0.00687	0.01345	0.01831	0.02451	0.24349	0.18597	0.17034	0.21726	0.01980	0.00447	0.00547	0.01670	0.00759	0.00682
9	0.01024	0.00791	0.00935	0.01051	0.01199	0.00703	0.00730	0.01200	0.01758	0.02225	0.06322	0.44076	0.30036	0.02454	0.01053	0.00321	0.00468	0.02161	0.00790	0.00703
10	0.01097	0.00796	0.00939	0.01027	0.01113	0.00742	0.00666	0.01211	0.01568	0.02026	0.04898	0.34356	0.17960	0.25142	0.02155	0.00493	0.00591	0.01884	0.00698	0.00638
11	0.02734	0.03143	0.01959	0.01801	0.02172	0.48250	0.01351	0.03002	0.02236	0.02388	0.01724	0.01993	0.01400	0.00909	0.00719	0.00213	0.01216	0.00617	0.21240	0.00932
12	0.01967	0.01880	0.03202	0.22793	0.48305	0.01985	0.02542	0.02489	0.01872	0.02611	0.01576	0.02152	0.01288	0.00784	0.00845	0.00261	0.01046	0.00758	0.00409	0.01235
13	0.02045	0.01891	0.01790	0.01626	0.01931	0.16050	0.01251	0.13502	0.02095	0.02620	0.02054	0.02887	0.01852	0.09809	0.33739	0.00849	0.01725	0.00831	0.00533	0.00921
14	0.02410	0.01813	0.02007	0.01719	0.02186	0.01993	0.01387	0.32002	0.14642	0.04039	0.02932	0.06830	0.02619	0.07526	0.01234	0.00341	0.00829	0.11490	0.00809	0.01192
15	0.01223	0.00884	0.01227	0.01227	0.01331	0.00987	0.00889	0.01430	0.01326	0.01872	0.02408	0.04054	0.02436	0.26733	0.46792	0.01194	0.01815	0.01016	0.00475	0.00682
16	0.01632	0.01099	0.01363	0.01234	0.01531	0.01083	0.00945	0.02384	0.13276	0.09703	0.47300	0.05439	0.06461	0.01566	0.00964	0.00271	0.00483	0.01367	0.00936	0.00965
17	0.03196	0.03537	0.02456	0.02120	0.02633	0.46799	0.01636	0.21572	0.02905	0.03101	0.01541	0.01693	0.01205	0.00922	0.00793	0.00230	0.01349	0.00616	0.00567	0.01130
18	0.02107	0.02005	0.03318	0.04912	0.59197	0.02030	0.02499	0.02782	0.07412	0.02850	0.01767	0.02202	0.01460	0.00794	0.00845	0.00256	0.00981	0.00776	0.00461	0.01348
19	0.01006	0.00862	0.00862	0.00862	0.01149	0.00718	0.00647	0.01221	0.01940	0.02299	0.08621	0.08190	0.64438	0.02155	0.01006	0.00287	0.00431	0.01796	0.00790	0.00718
20	0.01492	0.01235	0.01383	0.01335	0.01491	0.06923	0.00975	0.04437	0.01545	0.02045	0.02305	0.03799	0.02298	0.25047	0.38735	0.01048	0.01707	0.00972	0.00491	0.00738
21	0.01028	0.00774	0.00953	0.01095	0.01211	0.00699	0.00750	0.01195	0.01716	0.02208	0.05784	0.52465	0.21994	0.02524	0.01064	0.00329	0.00476	0.02246	0.00790	0.00699
22	0.01607	0.01513	0.02552	0.68047	0.05861	0.01891	0.02363	0.02174	0.01702	0.02174	0.01513	0.02269	0.01134	0.00851	0.00851	0.00284	0.01134	0.00756	0.00378	0.00945
23	0.01599	0.01258	0.01487	0.01272	0.01699	0.01094	0.00945	0.07545	0.01887	0.02709	0.02813	0.26529	0.03015	0.07603	0.01146	0.00280	0.00628	0.01285	0.00642	0.34565
24	0.02117	0.01828	0.01924	0.01732	0.02213	0.02117	0.01347	0.04522	0.63246	0.03560	0.03464	0.03175	0.02598	0.01155	0.00866	0.00289	0.00673	0.00962	0.00866	0.01347
25	0.02312	0.01730	0.01721	0.01478	0.01912	0.05163	0.01166	0.20729	0.19660	0.03880	0.02672	0.02749	0.02021	0.01040	0.00756	0.00242	0.00695	0.00819	0.28100	0.01154
26	0.03021	0.02277	0.02433	0.01915	0.02557	0.02539	0.01566	0.50936	0.15361	0.05018	0.02316	0.02260	0.01668	0.01047	0.00854	0.00262	0.00886	0.00804	0.00854	0.01428
27	0.03176	0.02214	0.02412	0.01861	0.02503	0.02415	0.01524	0.53424	0.03708	0.10516	0.02196	0.02315	0.01597	0.04849	0.01044	0.00288	0.00911	0.00800	0.00851	0.01396
28	0.02275	0.70604	0.04459	0.01456	0.02184	0.03367	0.01456	0.02548	0.01729	0.02002	0.01183	0.01365	0.01092	0.00728	0.00546	0.00182	0.00910	0.00455	0.00364	0.01092
29	0.01072	0.00865	0.00954	0.00932	0.01190	0.00747	0.00699	0.01350	0.02097	0.02672	0.27288	0.07576	0.45539	0.02016	0.01005	0.00281	0.00421	0.01710	0.00839	0.00747
30	0.01216	0.00912	0.01368	0.01368	0.01520	0.01064	0.01064	0.01520	0.01368	0.01976	0.02279	0.03343	0.02127	0.06382	0.66720	0.01368	0.02279	0.00912	0.00456	0.00760
31	0.02275	0.70604	0.04459	0.01456	0.02184	0.03367	0.01456	0.02548	0.01729	0.02002	0.01183	0.01365	0.01092	0.00728	0.00546	0.00182	0.00910	0.00455	0.00364	0.01092
32	0.01037	0.00741	0.00987	0.01185	0.01234	0.00691	0.00790	0.01185	0.01629	0.02172	0.04690	0.69537	0.05629	0.02666	0.01086	0.00346	0.00494	0.02419	0.00790	0.00691
33	0.01931	0.01977	0.02596	0.02232	0.02255	0.05958	0.01850	0.02119	0.01361	0.02050	0.01127	0.01845	0.01116	0.01457	0.02687	0.00364	0.65030	0.00734	0.00376	0.00934
34	0.01723	0.04288	0.62398	0.02488	0.03725	0.01986	0.06315	0.02697	0.01808	0.02697	0.01538	0.01824	0.01090	0.00804	0.00819	0.00270	0.01267	0.00649	0.00363	0.01252
35	0.01037	0.00741	0.00987	0.01185	0.01234	0.00691	0.00790	0.01185	0.01629	0.02172	0.04690	0.69537	0.05629	0.02666	0.01086	0.00346	0.00494	0.02419	0.00790	0.00691
36	0.01190	0.00805	0.00942	0.00989	0.01000	0.00794	0.00580	0.01225	0.01330	0.01773	0.03154	0.20608	0.03690	0.54240	0.03568	0.00712	0.00747	0.01515	0.00580	0.00557
37	0.01939	0.01851	0.03152	0.26272	0.45042	0.01978	0.02529	0.02465	0.01859	0.02577	0.01571	0.02161	0.01276	0.00789	0.00845	0.00263	0.01052	0.00758	0.00407	0.01213
38	0.02051	0.01965	0.03354	0.12225	0.58217	0.02007	0.02584	0.02563	0.01911	0.02713	0.01591	0.02124	0.01324	0.00769	0.00843	0.00256	0.01025	0.00758	0.00416	0.01303
39	0.01278	0.00980	0.01394	0.01361	0.01470	0.01156	0.01030	0.01513	0.01337	0.01920	0.02253	0.03638	0.02223	0.18161	0.49050	0.01175	0.07916	0.00959	0.00460	0.00728
40	0.02697	0.02002	0.02175	0.01753	0.02302	0.02185	0.01413	0.45656	0.06304	0.04631	0.05828	0.11155	0.05393	0.01326	0.00897	0.00271	0.00817	0.01072	0.00845	0.01280
41	0.01697	0.01849	0.06599	0.06901	0.06633	0.01818	0.24975	0.02206	0.01696	0.02380	0.01891	0.05279	0.01659	0.02453	0.19107	0.00591	0.09872	0.00956	0.00437	0.01000
42	0.02090	0.02242	0.03734	0.06510	0.09166	0.08217	0.33096	0.03037	0.13735	0.02764	0.02022	0.02424	0.01560	0.01100	0.04102	0.00330	0.01285	0.00913	0.00512	0.01159
43	0.02473	0.07316	0.08022	0.01994	0.04915	0.26853	0.01615	0.05886	0.11412	0.02691	0.01740	0.01893	0.01384	0.00850	0.00748	0.00214	0.01088	0.00620	0.00525	0.17762
44	0.22306	0.01948	0.15796	0.01779	0.07562	0.01459	0.01505	0.02072	0.01718	0.02927	0.09778	0.18605	0.03075	0.04706	0.00993	0.00311	0.00762	0.01159	0.00591	0.00946
45	0.19556	0.02870	0.30086	0.04979	0.10754	0.01901	0.02231	0.02498	0.01681	0.02892	0.01470	0.01833	0.01141	0.01097	0.04077	0.00318	0.04338	0.00623	0.00421	0.05235
46	0.01996	0.17298	0.41675	0.02462	0.09243	0.02320	0.02617	0.07948	0.01994	0.02802	0.01511	0.01762	0.01140	0.00806	0.00763	0.00249	0.01135	0.00619	0.00410	0.01250
47	0.02022	0.02522	0.19953	0.09763	0.07811	0.01962	0.02032	0.13226	0.15416	0.03263	0.02671	0.02784	0.07163	0.01033	0.00845	0.00266	0.00938	0.00847	0.00607	0.04877
48	0.03070	0.03827	0.02362	0.02145	0.02588	0.60056	0.01614	0.03513	0.08649	0.02234	0.01536	0.01703	0.01250	0.00905	0.00777	0.00226	0.01446	0.00591	0.00482	0.01024
49	0.02075	0.02245	0.02854	0.02478	0.05271	0.13968	0.10616	0.02370	0.01641	0.02180	0.01367	0.02009	0.01239	0.01670	0.07786	0.00416	0.37675	0.00763	0.00402	0.00976
50	0.01216	0.00912	0.01368	0.01368	0.01520	0.01064	0.01064	0.01520	0.01368	0.01976	0.02279	0.03343	0.02127	0.06382	0.66720	0.01368	0.02279	0.00912	0.00456	0.00760
51	0.01046	0.00745	0.00985	0.01173	0.01220	0.00698	0.00777	0.01187	0.01611	0.02148	0.04596	0.66535	0.05510	0.05830	0.01238	0.00368	0.00509	0.02364	0.00777	0.00683
52	0.01059	0.00869	0.00935	0.00933	0.01201	0.00746	0.00710	0.01315	0.02023	0.02506	0.18163	0.07939	0.51642	0.02092	0.01014	0.00289	0.00443	0.04569	0.00816	0.00736
53	0.01216	0.00912	0.01368	0.01368	0.01520	0.01064	0.01064	0.01520	0.01368	0.01976	0.02279	0.03343	0.02127	0.06382	0.66720	0.01368	0.02279	0.00912	0.00456	0.00760
54	0.02528	0.51993	0.03887	0.01662	0.02309	0.21073	0.01509	0.02786	0.01920	0.02025	0.01220	0.01413	0.01093	0.00770	0.00608	0.00192	0.01085	0.00481	0.00385	0.01063
55	0.01014	0.00828	0.00897	0.00952	0.01173	0.00711	0.00687	0.01211	0.01853	0.02264	0.07522	0.25347	0.47991	0.02298	0.01028	0.00304	0.00449	0.01970	0.00790	0.00711
56	0.01024	0.00863	0.00887	0.00881	0.01160	0.00726	0.00661	0.01256	0.01982	0.02398	0.13595	0.08026	0.59402	0.02118	0.01006	0.00286	0.00428	0.01773	0.00803	0.00726
57	0.01816	0.17095	0.53944	0.02240	0.03396	0.02243	0.02821	0.02667	0.01784	0.02562	0.01461	0.01714	0.01081	0.00793	0.00758	0.00253	0.01191	0.00596	0.00360	0.01226
58	0.06239	0.02427	0.02911	0.09121	0.36434	0.16533	0.02173	0.06049	0.04988	0.02805	0.01619	0.02000	0.01316	0.00827	0.00811	0.00250	0.01100	0.00705	0.00471	0.01217
59	0.02106	0.02022	0.03454	0.05223	0.64784	0.02022	0.02612	0.02612	0.01938	0.02780	0.01601	0.02106	0.01348	0.00758	0.00842	0.00253	0.01011	0.00758	0.00421	0.01348
60	0.02175	0.01870	0.02056	0.01969	0.06271	0.02138	0.01443	0.07403	0.56192	0.03604	0.03269	0.03047	0.02457	0.01122	0.00864	0.00285	0.00709	0.00939	0.00836	0.01352
61	0.01996	0.26647	0.37878	0.02267	0.07066	0.05580	0.02466	0.02674	0.01813	0.02436	0.01405	0.01658	0.01101	0.00781	0.00720	0.00236	0.01137	0.00574	0.00369	0.01194
62	0.02291	0.18539	0.32679	0.02144	0.03031	0.22553	0.02311	0.02884	0.01975	0.02354	0.01387	0.01622	0.01087	0.00813	0.00739	0.00235	0.01270	0.00566	0.00385	0.01137
63	0.02275	0.70604	0.04459	0.01456	0.02184	0.03367	0.01456	0.02548	0.01729	0.02002	0.01183	0.01365	0.01092	0.00728	0.00546	0.00182	0.00910	0.00455	0.00364	0.01092
64	0.01006	0.00862	0.00862	0.00862	0.01149	0.00718	0.00647	0.01221	0.01940	0.02299	0.08621	0.08190	0.64438	0.02155	0.01006	0.00287	0.00431	0.01796	0.00790	0.00718
65	0.01037	0.00741	0.00987	0.01185	0.01234	0.00691	0.00790	0.01185	0.01629	0.02172	0.04690	0.69537	0.05629	0.02666	0.01086	0.00346	0.00494	0.02419	0.00790	0.00691
66	0.01018	0.00814	0.00912	0.00991	0.01183	0.00708	0.00704	0.01207	0.01816	0.02248	0.07051	0.32701	0.40941	0.02359	0.01038	0.00311	0.00456	0.02045	0.00790	0.00708
67	0.02780	0.02158	0.02298	0.01866	0.02466	0.02427	0.01507	0.38579	0.28109	0.04629	0.02621	0.02504	0.01915	0.01076	0.00857	0.00269	0.00829	0.00846	0.00857	0.01406
68	0.01019	0.00863	0.00880	0.00876	0.01157	0.00724	0.00657	0.01246	0.01970	0.02371	0.12215	0.08072	0.60800	0.02128	0.01006	0.00286	0.00429	0.01779	0.00800	0.00724
69	0.01037	0.00741	0.00987	0.01185	0.01234	0.00691	0.00790	0.01185	0.01629	0.02172	0.04690	0.69537	0.05629	0.02666	0.01086	0.00346	0.00494	0.02419	0.00790	0.00691
