[name]
unknown

[dist]
# distance from previous block
# <min> <max>
0	0

[block]
# block no. 0 follows, 22 sequences, length 25
# corresponding to MSA columns:
# 0-24
name=unknown_A
#
# <colnr> <probs for GDERKNQSTAVLIFYWHMCP>
#	G	D	E	R	K	N	Q	S	T	A	V	L	I	F	Y	W	H	M	C	P
0	0.01339	0.00956	0.01339	0.01530	0.01721	0.00956	0.01339	0.01721	0.01912	0.02486	0.04399	0.09371	0.04781	0.02295	0.01147	0.00382	0.00765	0.60031	0.00765	0.00765
1	0.18866	0.31039	0.26361	0.01693	0.02548	0.02469	0.01906	0.02530	0.01650	0.02603	0.01278	0.01490	0.01023	0.00753	0.00622	0.00227	0.00957	0.00507	0.00390	0.01088
2	0.01108	0.00818	0.00900	0.00906	0.01031	0.00757	0.00588	0.01226	0.01577	0.02011	0.09639	0.10121	0.27302	0.35538	0.02566	0.00538	0.00609	0.01503	0.00652	0.00610
3	0.01569	0.01477	0.02492	0.68808	0.05722	0.01846	0.02307	0.02123	0.01661	0.02123	0.01477	0.02215	0.01107	0.00831	0.00831	0.00277	0.01107	0.00738	0.00369	0.00923
4	0.02691	0.03157	0.02523	0.14484	0.11560	0.43291	0.01856	0.06352	0.02255	0.02320	0.01396	0.01729	0.01129	0.00844	0.00778	0.00232	0.01327	0.00611	0.00438	0.01028
5	0.01372	0.00811	0.01081	0.01081	0.01211	0.00874	0.00806	0.01552	0.01421	0.02230	0.02219	0.03038	0.01952	0.03622	0.29417	0.17791	0.01238	0.00811	0.26807	0.00667
6	0.01102	0.00780	0.01002	0.01074	0.01162	0.00735	0.00726	0.01301	0.01771	0.02426	0.24161	0.37335	0.05813	0.14772	0.01613	0.00398	0.00511	0.01868	0.00769	0.00679
7	0.03158	0.02327	0.02493	0.01911	0.02576	0.02576	0.01579	0.62852	0.03906	0.05236	0.01995	0.01995	0.01413	0.00997	0.00831	0.00249	0.00914	0.00748	0.00831	0.01413
8	0.03158	0.02327	0.02493	0.01911	0.02576	0.02576	0.01579	0.62852	0.03906	0.05236	0.01995	0.01995	0.01413	0.00997	0.00831	0.00249	0.00914	0.00748	0.00831	0.01413
9	0.01833	0.24485	0.47776	0.02083	0.03155	0.02338	0.02573	0.02588	0.01734	0.02427	0.01390	0.01627	0.01056	0.00766	0.00712	0.00237	0.01126	0.00563	0.00352	0.01179
10	0.02221	0.71304	0.04353	0.01421	0.02132	0.03287	0.01421	0.02488	0.01688	0.01955	0.01155	0.01333	0.01066	0.00711	0.00533	0.00178	0.00888	0.00444	0.00355	0.01066
11	0.01187	0.00890	0.01335	0.01335	0.01483	0.01038	0.01038	0.01483	0.01335	0.01928	0.02225	0.03264	0.02077	0.06231	0.67512	0.01335	0.02225	0.00890	0.00445	0.00742
12	0.01173	0.00903	0.01107	0.01210	0.01442	0.00838	0.01009	0.01475	0.01904	0.02374	0.06268	0.08730	0.32940	0.02206	0.01070	0.00335	0.00605	0.32908	0.00768	0.00735
13	0.01208	0.00805	0.00906	0.00906	0.00906	0.00805	0.00503	0.01208	0.01208	0.01611	0.02618	0.05436	0.03020	0.70804	0.04228	0.00805	0.00805	0.01208	0.00503	0.00503
14	0.01666	0.04297	0.66500	0.02368	0.03596	0.01929	0.03069	0.02631	0.01754	0.02631	0.01491	0.01754	0.01052	0.00789	0.00789	0.00263	0.01228	0.00614	0.00351	0.01228
15	0.00986	0.00825	0.00859	0.00886	0.01134	0.00698	0.00651	0.01187	0.01851	0.02227	0.07872	0.16812	0.56819	0.02175	0.00993	0.00289	0.00429	0.01839	0.00771	0.00698
16	0.01957	0.02259	0.12232	0.10389	0.51502	0.01956	0.02602	0.02523	0.01852	0.02650	0.01545	0.02027	0.01260	0.00755	0.00818	0.00252	0.01032	0.00722	0.00399	0.01268
17	0.03103	0.03959	0.02354	0.02140	0.02568	0.67469	0.01605	0.03317	0.02354	0.02033	0.01284	0.01498	0.01070	0.00856	0.00749	0.00214	0.01498	0.00535	0.00428	0.00963
18	0.03103	0.03959	0.02354	0.02140	0.02568	0.67469	0.01605	0.03317	0.02354	0.02033	0.01284	0.01498	0.01070	0.00856	0.00749	0.00214	0.01498	0.00535	0.00428	0.00963
19	0.01666	0.04297	0.66500	0.02368	0.03596	0.01929	0.03069	0.02631	0.01754	0.02631	0.01491	0.01754	0.01052	0.00789	0.00789	0.00263	0.01228	0.00614	0.00351	0.01228
20	0.02388	0.02654	0.03983	0.02970	0.03690	0.17434	0.40160	0.10899	0.02314	0.02860	0.01630	0.02034	0.01236	0.00777	0.00906	0.00261	0.01358	0.00845	0.00477	0.01123
21	0.01040	0.00735	0.00956	0.01121	0.01163	0.00693	0.00733	0.01164	0.01536	0.02048	0.04301	0.61083	0.05144	0.12260	0.01509	0.00404	0.00528	0.02198	0.00733	0.00650
22	0.01208	0.00805	0.00906	0.00906	0.00906	0.00805	0.00503	0.01208	0.01208	0.01611	0.02618	0.05436	0.03020	0.70804	0.04228	0.00805	0.00805	0.01208	0.00503	0.00503
23	0.01796	0.22597	0.31337	0.01820	0.02645	0.02115	0.02062	0.05225	0.01904	0.02614	0.09792	0.02646	0.02169	0.01203	0.03668	0.00290	0.01030	0.03525	0.00471	0.01090
24	0.25288	0.05401	0.01866	0.01510	0.01910	0.13591	0.01221	0.11170	0.01993	0.03200	0.01570	0.01848	0.01260	0.00948	0.00928	0.00248	0.10519	0.00605	0.13954	0.00972

[dist]
# distance from previous block
# <min> <max>
0	1

[block]
# block no. 1 follows, 22 sequences, length 47
# corresponding to MSA columns:
# 26-72
name=unknown_B
#
# <colnr> <probs for GDERKNQSTAVLIFYWHMCP>
#	G	D	E	R	K	N	Q	S	T	A	V	L	I	F	Y	W	H	M	C	P
0	0.02194	0.02359	0.02845	0.22812	0.31416	0.19398	0.02227	0.02630	0.01948	0.02361	0.01463	0.01953	0.01190	0.00797	0.00805	0.00247	0.01158	0.00685	0.00403	0.01108
1	0.01335	0.00945	0.01326	0.01553	0.06718	0.00906	0.01068	0.01622	0.01875	0.05051	0.17476	0.29136	0.05218	0.05690	0.01202	0.00346	0.00601	0.16369	0.00767	0.00795
2	0.05530	0.02267	0.22605	0.01637	0.02365	0.01423	0.01690	0.05416	0.02129	0.18084	0.17487	0.03086	0.02977	0.01059	0.00818	0.00246	0.00796	0.00870	0.00694	0.08820
3	0.02252	0.01686	0.02187	0.02327	0.16000	0.01799	0.01534	0.25025	0.02531	0.06399	0.02396	0.02736	0.04980	0.02257	0.16865	0.00508	0.01177	0.00839	0.05348	0.01152
4	0.03103	0.03959	0.02354	0.02140	0.02568	0.67469	0.01605	0.03317	0.02354	0.02033	0.01284	0.01498	0.01070	0.00856	0.00749	0.00214	0.01498	0.00535	0.00428	0.00963
5	0.01028	0.00843	0.00906	0.00891	0.01151	0.00721	0.00668	0.01283	0.02004	0.02506	0.22074	0.07564	0.51463	0.02006	0.00981	0.00276	0.00414	0.01693	0.00806	0.00721
6	0.02056	0.01974	0.03372	0.05099	0.65622	0.01974	0.02550	0.02550	0.01892	0.02714	0.01563	0.02056	0.01316	0.00740	0.00822	0.00247	0.00987	0.00740	0.00411	0.01316
7	0.01723	0.01477	0.01723	0.01230	0.01969	0.01107	0.00984	0.02092	0.01723	0.02707	0.01477	0.01723	0.01230	0.00615	0.00615	0.00123	0.00615	0.00492	0.00492	0.75883
8	0.01153	0.00890	0.01065	0.01112	0.01292	0.00850	0.00798	0.01598	0.08263	0.02580	0.19928	0.33515	0.19621	0.02118	0.01001	0.00300	0.00464	0.01868	0.00813	0.00773
9	0.01443	0.00722	0.01082	0.01082	0.01082	0.00722	0.00722	0.01082	0.01082	0.01443	0.01443	0.02525	0.01443	0.02886	0.03247	0.75830	0.00722	0.00722	0.00361	0.00361
10	0.03158	0.02327	0.02493	0.01911	0.02576	0.02576	0.01579	0.62852	0.03906	0.05236	0.01995	0.01995	0.01413	0.00997	0.00831	0.00249	0.00914	0.00748	0.00831	0.01413
11	0.01144	0.00791	0.00913	0.00955	0.00992	0.00767	0.00574	0.01195	0.01355	0.01781	0.03577	0.19947	0.09234	0.49529	0.03235	0.00655	0.00699	0.01512	0.00587	0.00559
12	0.02056	0.01974	0.03372	0.05099	0.65622	0.01974	0.02550	0.02550	0.01892	0.02714	0.01563	0.02056	0.01316	0.00740	0.00822	0.00247	0.00987	0.00740	0.00411	0.01316
13	0.76672	0.01607	0.01221	0.01092	0.01607	0.01864	0.00900	0.02442	0.01414	0.03727	0.01157	0.01350	0.00900	0.00771	0.00514	0.00257	0.00643	0.00450	0.00514	0.00900
14	0.01818	0.01818	0.02545	0.02181	0.02181	0.02545	0.01818	0.01999	0.01272	0.01999	0.01091	0.01818	0.01091	0.01454	0.02726	0.00364	0.69284	0.00727	0.00364	0.00909
15	0.02390	0.19405	0.02799	0.10811	0.05656	0.21632	0.01625	0.05699	0.17006	0.02539	0.01825	0.01984	0.01452	0.00883	0.00737	0.00233	0.01047	0.00655	0.00519	0.01103
16	0.03103	0.03959	0.02354	0.02140	0.02568	0.67469	0.01605	0.03317	0.02354	0.02033	0.01284	0.01498	0.01070	0.00856	0.00749	0.00214	0.01498	0.00535	0.00428	0.00963
17	0.03158	0.02327	0.02493	0.01911	0.02576	0.02576	0.01579	0.62852	0.03906	0.05236	0.01995	0.01995	0.01413	0.00997	0.00831	0.00249	0.00914	0.00748	0.00831	0.01413
18	0.01028	0.00843	0.00906	0.00891	0.01151	0.00721	0.00668	0.01283	0.02004	0.02506	0.22074	0.07564	0.51463	0.02006	0.00981	0.00276	0.00414	0.01693	0.00806	0.00721
19	0.01666	0.04297	0.66500	0.02368	0.03596	0.01929	0.03069	0.02631	0.01754	0.02631	0.01491	0.01754	0.01052	0.00789	0.00789	0.00263	0.01228	0.00614	0.00351	0.01228
20	0.76672	0.01607	0.01221	0.01092	0.01607	0.01864	0.00900	0.02442	0.01414	0.03727	0.01157	0.01350	0.00900	0.00771	0.00514	0.00257	0.00643	0.00450	0.00514	0.00900
21	0.01004	0.00822	0.00887	0.00914	0.01147	0.00704	0.00669	0.01220	0.01882	0.02320	0.12830	0.18611	0.49799	0.02154	0.00995	0.00289	0.00429	0.01836	0.00784	0.00704
22	0.01824	0.01837	0.02652	0.02241	0.02280	0.02524	0.04599	0.02030	0.01304	0.02030	0.01118	0.01837	0.01098	0.01420	0.02646	0.00360	0.66178	0.00739	0.00366	0.00918
23	0.01048	0.00771	0.00972	0.01095	0.01204	0.00710	0.00762	0.01234	0.01719	0.02260	0.11375	0.46878	0.16111	0.05590	0.01190	0.00343	0.00490	0.04786	0.00773	0.00687
24	0.01049	0.00839	0.00938	0.00924	0.01166	0.00728	0.00689	0.01317	0.02034	0.02605	0.27378	0.10187	0.43238	0.01990	0.00985	0.00277	0.00414	0.01696	0.00820	0.00728
25	0.20450	0.40568	0.09681	0.01511	0.02197	0.09390	0.01480	0.02576	0.01696	0.02464	0.01203	0.01396	0.01024	0.00748	0.00577	0.00209	0.00925	0.00472	0.00401	0.01031
26	0.02012	0.21858	0.25973	0.02985	0.23288	0.05408	0.02381	0.02598	0.01809	0.02445	0.01413	0.01725	0.01143	0.00755	0.00728	0.00232	0.01069	0.00605	0.00375	0.01200
27	0.02442	0.10459	0.16945	0.02827	0.18159	0.27112	0.02138	0.05877	0.02118	0.02484	0.01420	0.01699	0.01143	0.00805	0.00758	0.00231	0.01221	0.00604	0.00420	0.01141
28	0.01742	0.02431	0.21247	0.30445	0.18835	0.01914	0.02522	0.02514	0.05675	0.02493	0.01621	0.02100	0.01230	0.00816	0.00818	0.00266	0.01086	0.00715	0.00404	0.01128
29	0.01172	0.00796	0.00943	0.00977	0.00995	0.00797	0.00584	0.01216	0.01283	0.01720	0.02937	0.16667	0.03395	0.54779	0.07657	0.00757	0.00838	0.01390	0.00547	0.00548
30	0.01937	0.00983	0.01254	0.01101	0.01415	0.00898	0.00856	0.02310	0.02224	0.20024	0.34936	0.04621	0.05041	0.01359	0.00853	0.00245	0.00475	0.01164	0.17353	0.00950
31	0.02066	0.01785	0.01878	0.01691	0.02160	0.02066	0.01315	0.04414	0.64121	0.03475	0.03381	0.03099	0.02536	0.01127	0.00845	0.00282	0.00657	0.00939	0.00845	0.01315
32	0.01318	0.01071	0.01195	0.01124	0.01418	0.01062	0.00855	0.02112	0.17043	0.02960	0.29109	0.06127	0.28021	0.01712	0.00948	0.00273	0.00467	0.01461	0.00844	0.00881
33	0.03158	0.02327	0.02493	0.01911	0.02576	0.02576	0.01579	0.62852	0.03906	0.05236	0.01995	0.01995	0.01413	0.00997	0.00831	0.00249	0.00914	0.00748	0.00831	0.01413
34	0.01818	0.01818	0.02545	0.02181	0.02181	0.02545	0.01818	0.01999	0.01272	0.01999	0.01091	0.01818	0.01091	0.01454	0.02726	0.00364	0.69284	0.00727	0.00364	0.00909
35	0.02221	0.71304	0.04353	0.01421	0.02132	0.03287	0.01421	0.02488	0.01688	0.01955	0.01155	0.01333	0.01066	0.00711	0.00533	0.00178	0.00888	0.00444	0.00355	0.01066
36	0.02268	0.02162	0.01509	0.01393	0.01706	0.28326	0.01052	0.05494	0.02100	0.02764	0.02088	0.02385	0.01658	0.00923	0.00662	0.00205	0.00870	0.00674	0.40878	0.00883
37	0.01452	0.01084	0.01269	0.01246	0.01435	0.01130	0.00892	0.07604	0.10868	0.02596	0.08593	0.24298	0.06574	0.19161	0.05273	0.00482	0.00721	0.03793	0.00716	0.00813
38	0.01140	0.00848	0.01060	0.01007	0.01219	0.00769	0.00755	0.01498	0.02266	0.03129	0.54630	0.06538	0.18519	0.01774	0.00980	0.00265	0.00397	0.01549	0.00888	0.00769
39	0.03070	0.02242	0.02399	0.01849	0.02488	0.02478	0.01524	0.59521	0.03788	0.05119	0.02034	0.02055	0.01452	0.00996	0.00817	0.00246	0.00885	0.00749	0.04910	0.01378
40	0.01075	0.00785	0.01011	0.01081	0.01211	0.00721	0.00762	0.01325	0.01925	0.02618	0.29232	0.38470	0.12323	0.02191	0.01020	0.00301	0.00440	0.01958	0.00829	0.00721
41	0.01443	0.00722	0.01082	0.01082	0.01082	0.00722	0.00722	0.01082	0.01082	0.01443	0.01443	0.02525	0.01443	0.02886	0.03247	0.75830	0.00722	0.00722	0.00361	0.00361
42	0.02765	0.06744	0.02558	0.16637	0.03219	0.14454	0.01718	0.31909	0.02913	0.06554	0.01755	0.01947	0.01290	0.00918	0.00797	0.00245	0.01054	0.00691	0.00634	0.01200
43	0.01052	0.00752	0.00942	0.01071	0.01146	0.00699	0.00711	0.01166	0.01565	0.02043	0.04776	0.49100	0.14207	0.11833	0.01568	0.03436	0.00526	0.02045	0.00718	0.00643
44	0.01860	0.16282	0.51240	0.02168	0.03267	0.02215	0.02678	0.06397	0.01878	0.02673	0.01462	0.01693	0.01078	0.00788	0.00746	0.00247	0.01147	0.00592	0.00382	0.01210
45	0.17097	0.14801	0.02242	0.01610	0.02038	0.26973	0.01296	0.02554	0.01803	0.02330	0.01462	0.01864	0.01278	0.02106	0.16727	0.00486	0.01394	0.00587	0.00436	0.00916
46	0.02160	0.05645	0.16012	0.07018	0.35287	0.14596	0.02415	0.02690	0.01933	0.02506	0.01473	0.01866	0.01194	0.00776	0.00790	0.00242	0.01136	0.00663	0.00398	0.01200

[dist]
# distance from previous block
# <min> <max>
0	36

[block]
# block no. 2 follows, 22 sequences, length 40
# corresponding to MSA columns:
# 109-148
name=unknown_C
#
# <colnr> <probs for GDERKNQSTAVLIFYWHMCP>
#	G	D	E	R	K	N	Q	S	T	A	V	L	I	F	Y	W	H	M	C	P
0	0.02265	0.02387	0.03008	0.03306	0.25414	0.15887	0.11789	0.03227	0.18563	0.02764	0.02007	0.02246	0.01580	0.00861	0.00839	0.00255	0.01075	0.00789	0.00532	0.01209
1	0.02828	0.03477	0.02494	0.08793	0.10746	0.53099	0.01789	0.03109	0.02231	0.02127	0.01337	0.01635	0.01104	0.00839	0.00766	0.00224	0.01397	0.00580	0.00420	0.01003
2	0.01044	0.00839	0.00935	0.00946	0.01185	0.00730	0.00711	0.01297	0.01968	0.02481	0.20146	0.12832	0.44893	0.02067	0.00996	0.00286	0.00437	0.04684	0.00802	0.00720
3	0.01779	0.01646	0.02737	0.17412	0.40359	0.01709	0.02145	0.02265	0.01936	0.02716	0.14314	0.02922	0.02582	0.00951	0.00856	0.00256	0.00892	0.00893	0.00504	0.01128
4	0.03103	0.03959	0.02354	0.02140	0.02568	0.67469	0.01605	0.03317	0.02354	0.02033	0.01284	0.01498	0.01070	0.00856	0.00749	0.00214	0.01498	0.00535	0.00428	0.00963
5	0.01017	0.00840	0.00876	0.00868	0.01123	0.00717	0.00641	0.01235	0.01905	0.02329	0.14461	0.07643	0.55151	0.06109	0.01173	0.00309	0.00440	0.01693	0.00772	0.00699
6	0.02288	0.02641	0.07436	0.04092	0.42507	0.18401	0.05422	0.02753	0.02002	0.02535	0.01494	0.01905	0.01234	0.00771	0.00810	0.00241	0.01152	0.00693	0.00412	0.01211
7	0.01051	0.00740	0.00952	0.01106	0.01145	0.00701	0.00717	0.01167	0.01514	0.02018	0.04185	0.57252	0.04998	0.16291	0.01696	0.00431	0.00547	0.02130	0.00717	0.00640
8	0.13774	0.24636	0.09318	0.01868	0.09205	0.02120	0.01538	0.02425	0.01660	0.07962	0.01647	0.01999	0.01367	0.01928	0.14798	0.00459	0.01163	0.00624	0.00464	0.01046
9	0.02475	0.16761	0.02728	0.01930	0.02388	0.37224	0.05556	0.02749	0.01995	0.02039	0.01469	0.01860	0.01279	0.01866	0.13759	0.00430	0.01511	0.00616	0.00416	0.00951
10	0.02202	0.01510	0.01805	0.01317	0.02032	0.01209	0.01064	0.05741	0.01971	0.15585	0.01866	0.01959	0.01406	0.00719	0.00671	0.00157	0.00650	0.00575	0.00618	0.56945
11	0.00982	0.00842	0.00842	0.00842	0.01122	0.00701	0.00631	0.01192	0.01894	0.02244	0.08416	0.07995	0.65285	0.02104	0.00982	0.00281	0.00421	0.01753	0.00771	0.00701
12	0.01012	0.00723	0.00964	0.01157	0.01205	0.00675	0.00771	0.01157	0.01591	0.02121	0.04579	0.70262	0.05495	0.02603	0.01060	0.00337	0.00482	0.02362	0.00771	0.00675
13	0.01730	0.00949	0.00968	0.00902	0.01149	0.00977	0.00693	0.08789	0.01986	0.03338	0.02630	0.02973	0.02049	0.00971	0.00609	0.00200	0.00446	0.00771	0.67025	0.00846
14	0.03158	0.02327	0.02493	0.01911	0.02576	0.02576	0.01579	0.62852	0.03906	0.05236	0.01995	0.01995	0.01413	0.00997	0.00831	0.00249	0.00914	0.00748	0.00831	0.01413
15	0.03158	0.02327	0.02493	0.01911	0.02576	0.02576	0.01579	0.62852	0.03906	0.05236	0.01995	0.01995	0.01413	0.00997	0.00831	0.00249	0.00914	0.00748	0.00831	0.01413
16	0.01187	0.00890	0.01335	0.01335	0.01483	0.01038	0.01038	0.01483	0.01335	0.01928	0.02225	0.03264	0.02077	0.06231	0.67512	0.01335	0.02225	0.00890	0.00445	0.00742
17	0.01917	0.02011	0.01825	0.01674	0.01821	0.20926	0.01257	0.02072	0.01595	0.01901	0.01853	0.05819	0.01919	0.20677	0.10651	0.00560	0.19399	0.00891	0.00448	0.00784
18	0.02322	0.06735	0.19770	0.02776	0.18208	0.08532	0.02177	0.19403	0.02419	0.03242	0.01651	0.01931	0.01277	0.01143	0.04533	0.00306	0.01144	0.00680	0.00513	0.01239
19	0.10386	0.01858	0.02949	0.13074	0.47716	0.01948	0.02280	0.02558	0.04403	0.02780	0.01581	0.02041	0.01292	0.00772	0.00790	0.00253	0.00951	0.00716	0.00435	0.01216
20	0.06396	0.06349	0.12830	0.11154	0.22159	0.15150	0.02147	0.06172	0.02016	0.02646	0.01593	0.02164	0.01324	0.00868	0.00786	0.00250	0.01103	0.03322	0.00443	0.01127
21	0.18984	0.01850	0.02812	0.09353	0.46209	0.01938	0.02155	0.02490	0.01764	0.02896	0.01463	0.01908	0.01204	0.00755	0.00753	0.00252	0.00918	0.00674	0.00431	0.01189
22	0.01814	0.01702	0.01681	0.01570	0.01836	0.15278	0.01219	0.08776	0.01840	0.02323	0.02000	0.02747	0.01789	0.04504	0.45873	0.00976	0.01924	0.00799	0.00485	0.00864
23	0.01012	0.00723	0.00964	0.01157	0.01205	0.00675	0.00771	0.01157	0.01591	0.02121	0.04579	0.70262	0.05495	0.02603	0.01060	0.00337	0.00482	0.02362	0.00771	0.00675
24	0.01657	0.00879	0.00890	0.00851	0.01076	0.00895	0.00648	0.06028	0.01888	0.03241	0.02662	0.03023	0.02081	0.00970	0.00598	0.00197	0.00423	0.00773	0.70406	0.00817
25	0.01570	0.01005	0.01236	0.01119	0.01418	0.00936	0.00859	0.02080	0.07444	0.11961	0.39906	0.05829	0.18111	0.01638	0.00949	0.00266	0.00464	0.01412	0.00896	0.00900
26	0.76672	0.01607	0.01221	0.01092	0.01607	0.01864	0.00900	0.02442	0.01414	0.03727	0.01157	0.01350	0.00900	0.00771	0.00514	0.00257	0.00643	0.00450	0.00514	0.00900
27	0.01524	0.01226	0.01668	0.15050	0.02594	0.01357	0.01503	0.02347	0.15020	0.02606	0.03605	0.09305	0.03600	0.01767	0.01016	0.00338	0.00798	0.33063	0.00703	0.00909
28	0.02066	0.01785	0.01878	0.01691	0.02160	0.02066	0.01315	0.04414	0.64121	0.03475	0.03381	0.03099	0.02536	0.01127	0.00845	0.00282	0.00657	0.00939	0.00845	0.01315
29	0.03103	0.03959	0.02354	0.02140	0.02568	0.67469	0.01605	0.03317	0.02354	0.02033	0.01284	0.01498	0.01070	0.00856	0.00749	0.00214	0.01498	0.00535	0.00428	0.00963
30	0.02010	0.05721	0.02717	0.13759	0.29981	0.12177	0.02059	0.02434	0.01922	0.02427	0.02052	0.03422	0.01926	0.01083	0.00862	0.00270	0.01037	0.12591	0.00475	0.01074
31	0.02954	0.15321	0.02691	0.02019	0.02495	0.56641	0.01574	0.03177	0.02242	0.02020	0.01262	0.01470	0.01069	0.00832	0.00713	0.00208	0.01395	0.00520	0.00416	0.00980
32	0.02522	0.26087	0.13045	0.01941	0.02565	0.32764	0.01784	0.02869	0.01986	0.02099	0.01264	0.01500	0.01067	0.00828	0.00785	0.00217	0.04725	0.00527	0.00389	0.01036
33	0.03103	0.03959	0.02354	0.02140	0.02568	0.67469	0.01605	0.03317	0.02354	0.02033	0.01284	0.01498	0.01070	0.00856	0.00749	0.00214	0.01498	0.00535	0.00428	0.00963
34	0.00984	0.00835	0.00849	0.00860	0.01127	0.00700	0.00639	0.01190	0.01876	0.02237	0.08190	0.11666	0.61760	0.02133	0.00986	0.00284	0.00424	0.01789	0.00771	0.00700
35	0.01883	0.01586	0.01416	0.01319	0.01561	0.14426	0.01017	0.05189	0.01856	0.02670	0.02176	0.02670	0.01800	0.02094	0.14944	0.00454	0.05654	0.00746	0.35694	0.00846
36	0.01026	0.00808	0.00927	0.00972	0.01168	0.00709	0.00700	0.01250	0.01888	0.02406	0.17633	0.26008	0.37204	0.02177	0.01005	0.00294	0.00434	0.01887	0.00797	0.00709
37	0.00982	0.00842	0.00842	0.00842	0.01122	0.00701	0.00631	0.01192	0.01894	0.02244	0.08416	0.07995	0.65285	0.02104	0.00982	0.00281	0.00421	0.01753	0.00771	0.00701
38	0.02585	0.43528	0.03529	0.01718	0.02312	0.29759	0.01497	0.02830	0.01963	0.01987	0.01208	0.01401	0.01068	0.00771	0.00622	0.00193	0.01140	0.00482	0.00385	0.01024
39	0.01232	0.00922	0.01190	0.01324	0.01542	0.00880	0.01127	0.01563	0.01907	0.02414	0.05603	0.08958	0.22925	0.02238	0.01098	0.00352	0.00662	0.42555	0.00767	0.00746

[dist]
# distance from previous block
# <min> <max>
0	17

[block]
# block no. 3 follows, 22 sequences, length 54
# corresponding to MSA columns:
# 166-219
name=unknown_D
#
# <colnr> <probs for GDERKNQSTAVLIFYWHMCP>
#	G	D	E	R	K	N	Q	S	T	A	V	L	I	F	Y	W	H	M	C	P
0	0.27074	0.16791	0.29571	0.01714	0.02576	0.02154	0.01937	0.02592	0.01650	0.05278	0.01379	0.01574	0.01042	0.00776	0.00647	0.00244	0.00943	0.00533	0.00432	0.01092
1	0.01908	0.03110	0.30580	0.16130	0.19734	0.09273	0.02622	0.02587	0.01838	0.02485	0.01483	0.01893	0.01132	0.00792	0.00801	0.00256	0.01173	0.00662	0.00378	0.01161
2	0.02240	0.02940	0.15843	0.03807	0.37309	0.18386	0.02418	0.02758	0.01980	0.02527	0.01478	0.01855	0.01201	0.00779	0.00797	0.00242	0.01164	0.00663	0.00403	0.01210
3	0.01873	0.02294	0.15802	0.04029	0.43814	0.01817	0.02478	0.02445	0.01867	0.02664	0.01961	0.03060	0.01767	0.00976	0.00863	0.00270	0.01003	0.09348	0.00451	0.01218
4	0.01671	0.01635	0.01439	0.01341	0.01635	0.15385	0.01019	0.04466	0.05326	0.02653	0.21945	0.04884	0.19666	0.02222	0.10605	0.00413	0.00941	0.01208	0.00697	0.00848
5	0.01407	0.01303	0.01577	0.01957	0.15937	0.05224	0.01188	0.01717	0.01990	0.02509	0.14466	0.06044	0.35207	0.01666	0.00939	0.00271	0.00631	0.04406	0.00688	0.00873
6	0.01728	0.11811	0.59531	0.02262	0.03431	0.02082	0.02885	0.02615	0.01747	0.02555	0.01453	0.01707	0.01054	0.00780	0.00761	0.00254	0.01190	0.00595	0.00351	0.01210
7	0.02185	0.02162	0.01872	0.01818	0.05999	0.21217	0.01336	0.14442	0.02478	0.02935	0.08800	0.04485	0.16793	0.01411	0.00892	0.00263	0.00919	0.08349	0.00669	0.00977
8	0.01158	0.00842	0.01182	0.01259	0.01382	0.00883	0.00950	0.01417	0.01589	0.02190	0.09578	0.24029	0.04094	0.07616	0.28454	0.00770	0.01246	0.10007	0.00637	0.00717
9	0.02655	0.08912	0.02222	0.01791	0.06779	0.11302	0.01342	0.15311	0.02493	0.18525	0.06188	0.03097	0.09966	0.01112	0.00804	0.00241	0.00836	0.00875	0.04400	0.01151
10	0.03104	0.02300	0.02463	0.01901	0.02556	0.02551	0.01566	0.59983	0.06863	0.05149	0.02063	0.02049	0.01468	0.01004	0.00832	0.00251	0.00902	0.00757	0.00832	0.01408
11	0.15817	0.02779	0.13593	0.02838	0.12801	0.15607	0.19587	0.02735	0.01898	0.02728	0.01453	0.01815	0.01129	0.00766	0.00791	0.00254	0.01190	0.00693	0.00426	0.01095
12	0.01549	0.00774	0.00774	0.00774	0.00968	0.00774	0.00581	0.01936	0.01742	0.03097	0.02710	0.03097	0.02129	0.00968	0.00581	0.00194	0.00387	0.00774	0.75416	0.00774
13	0.12310	0.03331	0.02188	0.01937	0.02412	0.48903	0.01483	0.07733	0.02356	0.07851	0.01488	0.01628	0.01157	0.00870	0.00733	0.00226	0.01282	0.00566	0.00519	0.01027
14	0.03158	0.02327	0.02493	0.01911	0.02576	0.02576	0.01579	0.62852	0.03906	0.05236	0.01995	0.01995	0.01413	0.00997	0.00831	0.00249	0.00914	0.00748	0.00831	0.01413
15	0.00982	0.00842	0.00842	0.00842	0.01122	0.00701	0.00631	0.01192	0.01894	0.02244	0.08416	0.07995	0.65285	0.02104	0.00982	0.00281	0.00421	0.01753	0.00771	0.00701
16	0.01208	0.00805	0.00906	0.00906	0.00906	0.00805	0.00503	0.01208	0.01208	0.01611	0.02618	0.05436	0.03020	0.70804	0.04228	0.00805	0.00805	0.01208	0.00503	0.00503
17	0.01634	0.00857	0.00866	0.00835	0.01053	0.00870	0.00634	0.05177	0.01857	0.03211	0.02672	0.03039	0.02091	0.00969	0.00594	0.00197	0.00415	0.00773	0.71448	0.00808
18	0.01150	0.00892	0.01075	0.01155	0.01391	0.00818	0.00949	0.01447	0.01931	0.02418	0.10242	0.08482	0.35277	0.02162	0.01054	0.00324	0.00569	0.27153	0.00778	0.00734
19	0.03103	0.03959	0.02354	0.02140	0.02568	0.67469	0.01605	0.03317	0.02354	0.02033	0.01284	0.01498	0.01070	0.00856	0.00749	0.00214	0.01498	0.00535	0.00428	0.00963
20	0.01190	0.00878	0.01273	0.01273	0.01399	0.01004	0.00961	0.01443	0.01317	0.01882	0.02282	0.03580	0.02214	0.15633	0.58298	0.01258	0.02018	0.00936	0.00454	0.00707
21	0.01201	0.00835	0.01055	0.01055	0.01107	0.00886	0.00689	0.01304	0.01252	0.01721	0.02481	0.04682	0.02693	0.48385	0.26200	0.00989	0.01298	0.01098	0.00483	0.00586
22	0.01998	0.49264	0.14799	0.01536	0.02259	0.02702	0.01623	0.02399	0.01677	0.02152	0.01404	0.01676	0.01215	0.01157	0.05603	0.00281	0.01013	0.00531	0.05663	0.01050
23	0.02152	0.37656	0.26175	0.01863	0.02716	0.12149	0.02035	0.02659	0.01808	0.02207	0.01293	0.01507	0.01062	0.00760	0.00656	0.00213	0.01098	0.00518	0.00364	0.01109
24	0.02602	0.42340	0.03501	0.01721	0.02320	0.28242	0.01499	0.05217	0.02036	0.02116	0.01239	0.01423	0.01081	0.00779	0.00629	0.00195	0.01127	0.00492	0.00403	0.01040
25	0.01999	0.01916	0.03270	0.12504	0.58660	0.01959	0.02521	0.02500	0.01865	0.02645	0.01553	0.02075	0.01292	0.00751	0.00823	0.00250	0.01001	0.00740	0.00406	0.01270
26	0.01047	0.00860	0.00932	0.00958	0.01220	0.00745	0.00748	0.01294	0.01921	0.02340	0.10847	0.08110	0.52907	0.02111	0.01007	0.00295	0.00472	0.10690	0.00778	0.00716
27	0.02513	0.02007	0.02130	0.01781	0.02331	0.02275	0.01423	0.28351	0.39457	0.04196	0.02813	0.02647	0.02076	0.01074	0.00839	0.00268	0.00763	0.00861	0.00839	0.01355
28	0.01187	0.00890	0.01335	0.01335	0.01483	0.01038	0.01038	0.01483	0.01335	0.01928	0.02225	0.03264	0.02077	0.06231	0.67512	0.01335	0.02225	0.00890	0.00445	0.00742
29	0.76672	0.01607	0.01221	0.01092	0.01607	0.01864	0.00900	0.02442	0.01414	0.03727	0.01157	0.01350	0.00900	0.00771	0.00514	0.00257	0.00643	0.00450	0.00514	0.00900
30	0.02989	0.02164	0.02312	0.01792	0.02407	0.02387	0.01474	0.56448	0.03678	0.05011	0.02070	0.02110	0.01488	0.00994	0.00805	0.00243	0.00859	0.00751	0.08672	0.01346
31	0.02056	0.01974	0.03372	0.05099	0.65622	0.01974	0.02550	0.02550	0.01892	0.02714	0.01563	0.02056	0.01316	0.00740	0.00822	0.00247	0.00987	0.00740	0.00411	0.01316
32	0.02060	0.51834	0.22411	0.01696	0.02557	0.02893	0.01900	0.02529	0.01707	0.02151	0.01253	0.01455	0.01062	0.00734	0.00607	0.00202	0.00987	0.00494	0.00354	0.01113
33	0.76672	0.01607	0.01221	0.01092	0.01607	0.01864	0.00900	0.02442	0.01414	0.03727	0.01157	0.01350	0.00900	0.00771	0.00514	0.00257	0.00643	0.00450	0.00514	0.00900
34	0.02435	0.01697	0.01859	0.01519	0.01981	0.01864	0.01230	0.37405	0.02945	0.04174	0.02222	0.02478	0.01704	0.01751	0.10472	0.00392	0.00962	0.00776	0.20991	0.01142
35	0.00982	0.00842	0.00842	0.00842	0.01122	0.00701	0.00631	0.01192	0.01894	0.02244	0.08416	0.07995	0.65285	0.02104	0.00982	0.00281	0.00421	0.01753	0.00771	0.00701
36	0.01549	0.00774	0.00774	0.00774	0.00968	0.00774	0.00581	0.01936	0.01742	0.03097	0.02710	0.03097	0.02129	0.00968	0.00581	0.00194	0.00387	0.00774	0.75416	0.00774
37	0.01052	0.00740	0.00952	0.01106	0.01145	0.00701	0.00717	0.01167	0.01513	0.02018	0.04183	0.57194	0.04996	0.16351	0.01699	0.00432	0.00547	0.02129	0.00717	0.00640
38	0.01192	0.00923	0.01093	0.01180	0.01343	0.00910	0.00841	0.01685	0.11008	0.02341	0.05059	0.40941	0.16932	0.05893	0.01186	0.00345	0.00528	0.05062	0.00768	0.00772
39	0.02221	0.71304	0.04353	0.01421	0.02132	0.03287	0.01421	0.02488	0.01688	0.01955	0.01155	0.01333	0.01066	0.00711	0.00533	0.00178	0.00888	0.00444	0.00355	0.01066
40	0.01029	0.00755	0.00934	0.01068	0.01155	0.00695	0.00714	0.01169	0.01603	0.02085	0.05075	0.50986	0.16494	0.10423	0.01413	0.00381	0.00508	0.02113	0.00740	0.00660
41	0.02676	0.03331	0.02049	0.01878	0.02277	0.54010	0.01409	0.02889	0.02261	0.02076	0.02722	0.02808	0.14015	0.01108	0.00796	0.00227	0.01281	0.00781	0.00497	0.00910
42	0.02228	0.02267	0.03079	0.10780	0.46577	0.12785	0.02328	0.05236	0.02032	0.02652	0.01527	0.01977	0.01259	0.00779	0.00812	0.00244	0.01080	0.00707	0.00428	0.01223
43	0.12921	0.01920	0.03059	0.04516	0.56301	0.01958	0.02309	0.02534	0.01822	0.02862	0.01504	0.01953	0.01255	0.00745	0.00778	0.00248	0.00937	0.00698	0.00426	0.01255
44	0.02056	0.01974	0.03372	0.05099	0.65622	0.01974	0.02550	0.02550	0.01892	0.02714	0.01563	0.02056	0.01316	0.00740	0.00822	0.00247	0.00987	0.00740	0.00411	0.01316
45	0.03054	0.03856	0.02332	0.02119	0.02549	0.64373	0.01591	0.03369	0.05278	0.02101	0.01383	0.01574	0.01139	0.00869	0.00754	0.00217	0.01458	0.00554	0.00448	0.00980
46	0.01011	0.00843	0.00883	0.00873	0.01140	0.00714	0.00654	0.01250	0.01963	0.02410	0.17083	0.07722	0.56515	0.02042	0.00982	0.00278	0.00416	0.01715	0.00793	0.00714
47	0.01190	0.00878	0.01273	0.01273	0.01399	0.01004	0.00961	0.01443	0.01317	0.01882	0.02282	0.03580	0.02214	0.15633	0.58298	0.01258	0.02018	0.00936	0.00454	0.00707
48	0.01743	0.01625	0.02586	0.45783	0.17663	0.01904	0.02213	0.02545	0.10804	0.02443	0.01772	0.02311	0.01359	0.00855	0.00831	0.00271	0.01017	0.00768	0.00447	0.01062
49	0.01187	0.00890	0.01335	0.01335	0.01483	0.01038	0.01038	0.01483	0.01335	0.01928	0.02225	0.03264	0.02077	0.06231	0.67512	0.01335	0.02225	0.00890	0.00445	0.00742
50	0.01926	0.14012	0.49473	0.02202	0.03255	0.10279	0.02647	0.02695	0.01819	0.02458	0.01416	0.01661	0.01057	0.00786	0.00747	0.00245	0.01212	0.00579	0.00361	0.01171
51	0.01666	0.04297	0.66500	0.02368	0.03596	0.01929	0.03069	0.02631	0.01754	0.02631	0.01491	0.01754	0.01052	0.00789	0.00789	0.00263	0.01228	0.00614	0.00351	0.01228
52	0.01051	0.00901	0.00976	0.00971	0.01218	0.00827	0.00743	0.01263	0.01839	0.02232	0.07583	0.11006	0.55536	0.02098	0.01103	0.00293	0.04779	0.04121	0.00745	0.00716
53	0.57274	0.05556	0.09681	0.01603	0.07235	0.01954	0.01334	0.02477	0.01510	0.03415	0.01232	0.01458	0.00962	0.00768	0.00575	0.00253	0.00757	0.00494	0.00477	0.00984

[dist]
# distance from previous block
# <min> <max>
0	1

[block]
# block no. 4 follows, 22 sequences, length 9
# corresponding to MSA columns:
# 221-229
name=unknown_E
#
# <colnr> <probs for GDERKNQSTAVLIFYWHMCP>
#	G	D	E	R	K	N	Q	S	T	A	V	L	I	F	Y	W	H	M	C	P
0	0.02221	0.71304	0.04353	0.01421	0.02132	0.03287	0.01421	0.02488	0.01688	0.01955	0.01155	0.01333	0.01066	0.00711	0.00533	0.00178	0.00888	0.00444	0.00355	0.01066
1	0.01683	0.00904	0.00917	0.00869	0.01102	0.00924	0.00664	0.07006	0.01922	0.03275	0.02650	0.03005	0.02070	0.00970	0.00602	0.00198	0.00431	0.00772	0.69209	0.00827
2	0.01182	0.01033	0.01668	0.01520	0.01769	0.00946	0.12241	0.01445	0.01730	0.02250	0.04928	0.43189	0.18554	0.02133	0.01027	0.00314	0.00639	0.01964	0.00706	0.00764
3	0.02975	0.03691	0.02295	0.02085	0.02518	0.59390	0.01569	0.03453	0.09984	0.02211	0.01543	0.01696	0.01251	0.00890	0.00761	0.00222	0.01394	0.00585	0.00480	0.01007
4	0.01400	0.00989	0.01261	0.01206	0.01353	0.01086	0.00874	0.07180	0.01554	0.02192	0.02369	0.03905	0.02352	0.28322	0.35117	0.00982	0.01497	0.00983	0.04656	0.00722
5	0.01549	0.00774	0.00774	0.00774	0.00968	0.00774	0.00581	0.01936	0.01742	0.03097	0.02710	0.03097	0.02129	0.00968	0.00581	0.00194	0.00387	0.00774	0.75416	0.00774
6	0.02329	0.01726	0.01886	0.01657	0.02154	0.01933	0.01300	0.04357	0.54369	0.13382	0.03365	0.03057	0.02460	0.01111	0.00844	0.00278	0.00665	0.00923	0.00874	0.01331
7	0.01722	0.01209	0.01500	0.01360	0.01568	0.01382	0.01058	0.12679	0.01871	0.02759	0.02221	0.06251	0.02004	0.05847	0.19491	0.07679	0.09547	0.00890	0.18120	0.00841
8	0.03122	0.03393	0.02402	0.02061	0.02571	0.44966	0.01596	0.23962	0.02892	0.03144	0.01530	0.01670	0.01189	0.00905	0.00777	0.00226	0.01296	0.00609	0.00568	0.01119

[dist]
# distance from previous block
# <min> <max>
0	24

[block]
# block no. 5 follows, 22 sequences, length 22
# corresponding to MSA columns:
# 254-275
name=unknown_F
#
# <colnr> <probs for GDERKNQSTAVLIFYWHMCP>
#	G	D	E	R	K	N	Q	S	T	A	V	L	I	F	Y	W	H	M	C	P
0	0.01572	0.02576	0.31202	0.01831	0.02541	0.01501	0.02021	0.05172	0.05439	0.02840	0.11470	0.04660	0.07038	0.01385	0.00918	0.00293	0.00905	0.14995	0.00604	0.01037
1	0.02416	0.06693	0.17339	0.01933	0.02518	0.36547	0.01775	0.02837	0.02047	0.02311	0.01568	0.01855	0.01260	0.01109	0.03964	0.00275	0.01288	0.00599	0.10672	0.00994
2	0.01458	0.01237	0.01678	0.01491	0.01683	0.01433	0.01171	0.01696	0.01369	0.02043	0.01834	0.02886	0.01783	0.12615	0.29343	0.00782	0.20159	0.00818	0.00439	0.14083
3	0.02425	0.02673	0.03014	0.04057	0.43420	0.25036	0.02217	0.02820	0.02054	0.02474	0.01465	0.01860	0.01229	0.00781	0.00797	0.00235	0.01167	0.00668	0.00417	0.01192
4	0.01223	0.00900	0.01047	0.01039	0.01190	0.00875	0.00731	0.01545	0.05673	0.02354	0.18967	0.06373	0.16657	0.29380	0.02285	0.00496	0.00617	0.07259	0.00703	0.00687
5	0.01818	0.01818	0.02545	0.02181	0.02181	0.02545	0.01818	0.01999	0.01272	0.01999	0.01091	0.01818	0.01091	0.01454	0.02726	0.00364	0.69284	0.00727	0.00364	0.00909
6	0.01010	0.00836	0.00885	0.00887	0.01143	0.00711	0.00660	0.01242	0.01939	0.02386	0.15974	0.11198	0.54110	0.02076	0.00986	0.00281	0.00420	0.01753	0.00791	0.00711
7	0.01208	0.00805	0.00906	0.00906	0.00906	0.00805	0.00503	0.01208	0.01208	0.01611	0.02618	0.05436	0.03020	0.70804	0.04228	0.00805	0.00805	0.01208	0.00503	0.00503
8	0.03158	0.02327	0.02493	0.01911	0.02576	0.02576	0.01579	0.62852	0.03906	0.05236	0.01995	0.01995	0.01413	0.00997	0.00831	0.00249	0.00914	0.00748	0.00831	0.01413
9	0.02324	0.01913	0.02024	0.01743	0.02259	0.02187	0.01377	0.18220	0.49896	0.03891	0.03054	0.02838	0.02271	0.01096	0.00842	0.00274	0.00718	0.00894	0.00842	0.01338
10	0.01249	0.00984	0.01482	0.05660	0.01794	0.01181	0.01166	0.01555	0.01352	0.01945	0.02109	0.03109	0.01955	0.05597	0.59337	0.01209	0.06245	0.00871	0.00435	0.00763
11	0.02056	0.01974	0.03372	0.05099	0.65622	0.01974	0.02550	0.02550	0.01892	0.02714	0.01563	0.02056	0.01316	0.00740	0.00822	0.00247	0.00987	0.00740	0.00411	0.01316
12	0.76672	0.01607	0.01221	0.01092	0.01607	0.01864	0.00900	0.02442	0.01414	0.03727	0.01157	0.01350	0.00900	0.00771	0.00514	0.00257	0.00643	0.00450	0.00514	0.00900
13	0.02874	0.03437	0.02587	0.02785	0.16548	0.49696	0.01813	0.06131	0.02329	0.02345	0.01381	0.01647	0.01142	0.00837	0.00769	0.00223	0.01356	0.00591	0.00445	0.01064
14	0.01259	0.00996	0.01163	0.01155	0.01419	0.00963	0.00911	0.01851	0.10553	0.02786	0.23901	0.07063	0.27518	0.01887	0.00995	0.00295	0.00513	0.13128	0.00823	0.00823
15	0.01008	0.00739	0.00948	0.01115	0.01194	0.00678	0.00753	0.01161	0.01631	0.02137	0.05089	0.61979	0.13448	0.02536	0.01050	0.00330	0.00474	0.02281	0.00771	0.00678
16	0.01206	0.00812	0.00940	0.00940	0.00952	0.00824	0.00546	0.01230	0.01218	0.01636	0.02587	0.05265	0.02946	0.65700	0.09230	0.00847	0.00918	0.01183	0.00499	0.00522
17	0.01158	0.00813	0.00892	0.00892	0.00954	0.00782	0.00532	0.01205	0.01360	0.01751	0.03903	0.06004	0.16825	0.55573	0.03509	0.00689	0.00720	0.01329	0.00563	0.00547
18	0.02221	0.71304	0.04353	0.01421	0.02132	0.03287	0.01421	0.02488	0.01688	0.01955	0.01155	0.01333	0.01066	0.00711	0.00533	0.00178	0.00888	0.00444	0.00355	0.01066
19	0.01595	0.01137	0.01329	0.01242	0.01420	0.01202	0.00873	0.14902	0.01906	0.02568	0.02848	0.18328	0.03067	0.31809	0.11456	0.00654	0.00954	0.01311	0.00626	0.00775
20	0.01569	0.01477	0.02492	0.68808	0.05722	0.01846	0.02307	0.02123	0.01661	0.02123	0.01477	0.02215	0.01107	0.00831	0.00831	0.00277	0.01107	0.00738	0.00369	0.00923
21	0.01681	0.01610	0.03114	0.02383	0.02881	0.01621	0.32160	0.02191	0.01720	0.02511	0.01966	0.02628	0.01613	0.02207	0.18021	0.00540	0.05572	0.00905	0.13725	0.00949

[dist]
# distance from previous block
# <min> <max>
0	1

[block]
# block no. 6 follows, 22 sequences, length 68
# corresponding to MSA columns:
# 277-344
name=unknown_G
#
# <colnr> <probs for GDERKNQSTAVLIFYWHMCP>
#	G	D	E	R	K	N	Q	S	T	A	V	L	I	F	Y	W	H	M	C	P
0	0.02772	0.02048	0.01904	0.01673	0.02154	0.19105	0.01343	0.03286	0.08531	0.25381	0.02865	0.03768	0.02345	0.01225	0.00863	0.00265	0.00921	0.12879	0.00760	0.05911
1	0.01577	0.01366	0.01353	0.01388	0.01570	0.09730	0.00990	0.09768	0.02004	0.02530	0.03796	0.51990	0.04361	0.02156	0.00988	0.00309	0.00674	0.01903	0.00734	0.00812
2	0.01723	0.01477	0.01723	0.01230	0.01969	0.01107	0.00984	0.02092	0.01723	0.02707	0.01477	0.01723	0.01230	0.00615	0.00615	0.00123	0.00615	0.00492	0.00492	0.75883
3	0.01012	0.00843	0.00883	0.00873	0.01140	0.00714	0.00655	0.01250	0.01964	0.02411	0.17109	0.07721	0.56488	0.02042	0.00982	0.00278	0.00416	0.01715	0.00793	0.00714
4	0.01393	0.01207	0.01835	0.01671	0.01810	0.01492	0.04391	0.01672	0.01360	0.01993	0.01982	0.05573	0.01905	0.04485	0.43555	0.00973	0.20554	0.00910	0.00435	0.00804
5	0.01786	0.01821	0.03363	0.03594	0.29582	0.01740	0.23578	0.02292	0.01917	0.02592	0.03108	0.03425	0.15332	0.01025	0.00914	0.00266	0.01010	0.01048	0.00493	0.01111
6	0.03103	0.03959	0.02354	0.02140	0.02568	0.67469	0.01605	0.03317	0.02354	0.02033	0.01284	0.01498	0.01070	0.00856	0.00749	0.00214	0.01498	0.00535	0.00428	0.00963
7	0.19484	0.12112	0.11360	0.01832	0.02438	0.32363	0.01626	0.05416	0.02036	0.02626	0.01297	0.01500	0.01043	0.00815	0.00677	0.00227	0.01163	0.00524	0.00444	0.01018
8	0.02678	0.17472	0.06951	0.02027	0.02581	0.40599	0.04751	0.05590	0.02176	0.02223	0.01370	0.01629	0.01143	0.01090	0.04072	0.00271	0.01362	0.00571	0.00426	0.01018
9	0.01012	0.00723	0.00964	0.01157	0.01205	0.00675	0.00771	0.01157	0.01591	0.02121	0.04579	0.70262	0.05495	0.02603	0.01060	0.00337	0.00482	0.02362	0.00771	0.00675
10	0.01818	0.01818	0.02545	0.02181	0.02181	0.02545	0.01818	0.01999	0.01272	0.01999	0.01091	0.01818	0.01091	0.01454	0.02726	0.00364	0.69284	0.00727	0.00364	0.00909
11	0.03158	0.02327	0.02493	0.01911	0.02576	0.02576	0.01579	0.62852	0.03906	0.05236	0.01995	0.01995	0.01413	0.00997	0.00831	0.00249	0.00914	0.00748	0.00831	0.01413
12	0.02331	0.02552	0.02869	0.06737	0.38588	0.23798	0.02132	0.02716	0.02021	0.02430	0.01620	0.05365	0.01438	0.00878	0.00810	0.00242	0.01137	0.00754	0.00433	0.01148
13	0.01187	0.00890	0.01335	0.01335	0.01483	0.01038	0.01038	0.01483	0.01335	0.01928	0.02225	0.03264	0.02077	0.06231	0.67512	0.01335	0.02225	0.00890	0.00445	0.00742
14	0.03217	0.02233	0.02435	0.01867	0.02529	0.02436	0.01542	0.56775	0.03748	0.11536	0.02127	0.02081	0.01479	0.01000	0.00831	0.00250	0.00893	0.00757	0.00851	0.01413
15	0.01042	0.00844	0.00925	0.00905	0.01159	0.00727	0.00678	0.01309	0.02035	0.02581	0.26007	0.07440	0.47483	0.01978	0.00981	0.00275	0.00412	0.01676	0.00816	0.00727
16	0.03103	0.03959	0.02354	0.02140	0.02568	0.67469	0.01605	0.03317	0.02354	0.02033	0.01284	0.01498	0.01070	0.00856	0.00749	0.00214	0.01498	0.00535	0.00428	0.00963
17	0.02060	0.01536	0.01645	0.01469	0.01887	0.01714	0.01145	0.06506	0.41952	0.06964	0.06273	0.03187	0.02639	0.01111	0.00797	0.00260	0.00604	0.00919	0.16146	0.01188
18	0.01034	0.00821	0.00929	0.00949	0.01166	0.00716	0.00694	0.01276	0.01948	0.02484	0.21426	0.19113	0.40309	0.02098	0.00996	0.00286	0.00425	0.01805	0.00806	0.00716
19	0.01186	0.00839	0.01104	0.01117	0.01187	0.00903	0.00763	0.01330	0.01290	0.01787	0.02565	0.08597	0.02751	0.37178	0.32707	0.01016	0.01428	0.01138	0.00494	0.00622
20	0.02703	0.02311	0.02047	0.01706	0.02202	0.16393	0.01353	0.31262	0.09345	0.03913	0.02129	0.02226	0.01601	0.00974	0.00763	0.00233	0.00908	0.00726	0.16035	0.01173
21	0.01714	0.27031	0.02454	0.01331	0.01683	0.01969	0.01160	0.02008	0.01549	0.02202	0.01818	0.02363	0.01612	0.02539	0.21332	0.00556	0.08257	0.00683	0.16854	0.00886
22	0.22891	0.03245	0.02056	0.01847	0.02310	0.46570	0.01414	0.06069	0.02179	0.02649	0.01285	0.01483	0.01041	0.00840	0.00690	0.00227	0.01239	0.00523	0.00471	0.00969
23	0.02721	0.03017	0.02172	0.01931	0.02347	0.41420	0.01484	0.14345	0.02443	0.02625	0.01613	0.01955	0.01342	0.01985	0.14452	0.00451	0.01535	0.00649	0.00509	0.01004
24	0.01529	0.01097	0.01385	0.01290	0.01485	0.01215	0.00963	0.11430	0.01737	0.02431	0.02313	0.03634	0.02225	0.22524	0.36813	0.00968	0.01552	0.00948	0.03673	0.00788
25	0.01005	0.00749	0.00937	0.01088	0.01187	0.00681	0.00740	0.01165	0.01657	0.02148	0.05421	0.56600	0.18614	0.02493	0.01043	0.00325	0.00469	0.02228	0.00771	0.00681
26	0.01188	0.00885	0.01308	0.01308	0.01447	0.01024	0.01004	0.01466	0.01327	0.01908	0.02250	0.03403	0.02137	0.10360	0.63465	0.01301	0.02134	0.00910	0.00449	0.00726
27	0.02858	0.02178	0.02324	0.01851	0.02462	0.02436	0.01506	0.46778	0.20469	0.04751	0.02376	0.02298	0.01722	0.01033	0.00835	0.00258	0.00844	0.00801	0.00835	0.01386
28	0.76672	0.01607	0.01221	0.01092	0.01607	0.01864	0.00900	0.02442	0.01414	0.03727	0.01157	0.01350	0.00900	0.00771	0.00514	0.00257	0.00643	0.00450	0.00514	0.00900
29	0.37714	0.01504	0.01599	0.01298	0.01881	0.01520	0.01071	0.03300	0.01929	0.37091	0.02289	0.02139	0.01517	0.00908	0.00686	0.00257	0.00677	0.00656	0.00789	0.01174
30	0.03158	0.02327	0.02493	0.01911	0.02576	0.02576	0.01579	0.62852	0.03906	0.05236	0.01995	0.01995	0.01413	0.00997	0.00831	0.00249	0.00914	0.00748	0.00831	0.01413
31	0.02221	0.71304	0.04353	0.01421	0.02132	0.03287	0.01421	0.02488	0.01688	0.01955	0.01155	0.01333	0.01066	0.00711	0.00533	0.00178	0.00888	0.00444	0.00355	0.01066
32	0.01549	0.00774	0.00774	0.00774	0.00968	0.00774	0.00581	0.01936	0.01742	0.03097	0.02710	0.03097	0.02129	0.00968	0.00581	0.00194	0.00387	0.00774	0.75416	0.00774
33	0.01012	0.00723	0.00964	0.01157	0.01205	0.00675	0.00771	0.01157	0.01591	0.02121	0.04579	0.70262	0.05495	0.02603	0.01060	0.00337	0.00482	0.02362	0.00771	0.00675
34	0.01039	0.00844	0.00920	0.00901	0.01157	0.00725	0.00676	0.01302	0.02027	0.02562	0.25019	0.07472	0.48484	0.01985	0.00981	0.00275	0.00412	0.01680	0.00813	0.00725
35	0.02056	0.01974	0.03372	0.05099	0.65622	0.01974	0.02550	0.02550	0.01892	0.02714	0.01563	0.02056	0.01316	0.00740	0.00822	0.00247	0.00987	0.00740	0.00411	0.01316
36	0.02056	0.01974	0.03372	0.05099	0.65622	0.01974	0.02550	0.02550	0.01892	0.02714	0.01563	0.02056	0.01316	0.00740	0.00822	0.00247	0.00987	0.00740	0.00411	0.01316
