[name]
unknown

[dist]
# distance from previous block
# <min> <max>
0	58

[block]
# block no. 0 follows, 21 sequences, length 24
# corresponding to MSA columns:
# 58-81
name=unknown_A
#
# <colnr> <probs for GDERKNQSTAVLIFYWHMCP>
#	G	D	E	R	K	N	Q	S	T	A	V	L	I	F	Y	W	H	M	C	P
0	0.01609	0.01377	0.01891	0.24328	0.03202	0.04668	0.01669	0.05222	0.01873	0.02422	0.02690	0.04875	0.02612	0.02594	0.15702	0.00557	0.01284	0.19987	0.00558	0.00880
1	0.03017	0.01915	0.02135	0.01695	0.02288	0.02045	0.01381	0.33893	0.12066	0.18291	0.02627	0.02526	0.01845	0.01045	0.00826	0.00256	0.00790	0.00818	0.09182	0.01360
2	0.03067	0.01881	0.02149	0.01732	0.02339	0.01992	0.01403	0.23311	0.22917	0.25310	0.02959	0.02707	0.02051	0.01076	0.00858	0.00269	0.00777	0.00861	0.00925	0.01415
3	0.01991	0.02416	0.08498	0.03520	0.04404	0.02142	0.58338	0.02724	0.01996	0.02724	0.01711	0.02267	0.01279	0.00723	0.00993	0.00286	0.01425	0.00983	0.00426	0.01154
4	0.06809	0.03023	0.02657	0.02886	0.19030	0.32111	0.01856	0.15930	0.02582	0.03077	0.01543	0.01789	0.01230	0.00872	0.00793	0.00238	0.01219	0.00647	0.00529	0.01179
5	0.01037	0.00741	0.00987	0.01185	0.01234	0.00691	0.00790	0.01185	0.01629	0.02172	0.04690	0.69537	0.05629	0.02666	0.01086	0.00346	0.00494	0.02419	0.00790	0.00691
6	0.01603	0.01445	0.02646	0.05507	0.02693	0.01512	0.21843	0.02072	0.01671	0.02449	0.02073	0.02824	0.01747	0.02995	0.26361	0.00693	0.05024	0.00907	0.13018	0.00917
7	0.03129	0.07761	0.02526	0.02151	0.02606	0.63151	0.01634	0.03351	0.02374	0.02078	0.01308	0.01525	0.01096	0.00869	0.00755	0.00217	0.01500	0.00543	0.00434	0.00992
8	0.02318	0.01589	0.01846	0.01740	0.05707	0.01676	0.01281	0.03765	0.35325	0.17472	0.04202	0.03897	0.12873	0.01277	0.00886	0.00281	0.00664	0.01067	0.00870	0.01264
9	0.03179	0.04056	0.02412	0.02192	0.02631	0.66676	0.01644	0.03398	0.02412	0.02083	0.01315	0.01535	0.01096	0.00877	0.00767	0.00219	0.01535	0.00548	0.00438	0.00987
10	0.01216	0.00912	0.01368	0.01368	0.01520	0.01064	0.01064	0.01520	0.01368	0.01976	0.02279	0.03343	0.02127	0.06382	0.66720	0.01368	0.02279	0.00912	0.00456	0.00760
11	0.01437	0.01237	0.01792	0.01664	0.01764	0.01592	0.01337	0.01700	0.01346	0.02000	0.01882	0.02836	0.01782	0.04708	0.44841	0.01027	0.24955	0.00855	0.00427	0.00818
12	0.02606	0.07128	0.02584	0.20059	0.03455	0.40827	0.01844	0.02920	0.02100	0.02100	0.01347	0.01747	0.01108	0.00904	0.00919	0.00245	0.06101	0.00613	0.00413	0.00978
13	0.02868	0.02201	0.02347	0.01884	0.02499	0.02468	0.01529	0.43093	0.23453	0.04771	0.02510	0.02415	0.01825	0.01065	0.00856	0.00266	0.00850	0.00831	0.00856	0.01414
14	0.01092	0.00792	0.01032	0.01127	0.01242	0.00731	0.00786	0.01331	0.01914	0.02604	0.25331	0.44365	0.09852	0.02320	0.01053	0.00316	0.00459	0.02082	0.00840	0.00731
15	0.01832	0.01315	0.01501	0.01338	0.01698	0.01299	0.01014	0.17561	0.02306	0.03284	0.03136	0.29255	0.03214	0.01610	0.00866	0.00260	0.00618	0.01389	0.12975	0.13528
16	0.02219	0.02347	0.02990	0.20622	0.35788	0.16465	0.02332	0.02676	0.01983	0.02469	0.01514	0.02020	0.01237	0.00809	0.00828	0.00253	0.01160	0.00711	0.00414	0.01164
17	0.05693	0.07307	0.01666	0.01315	0.01548	0.01364	0.01011	0.01946	0.01518	0.10166	0.02425	0.07315	0.02354	0.21152	0.24001	0.00788	0.06042	0.01001	0.00558	0.00830
18	0.02236	0.02018	0.03002	0.04054	0.43417	0.02113	0.02209	0.09754	0.16226	0.03251	0.02078	0.02344	0.01646	0.00879	0.00849	0.00261	0.00925	0.00806	0.00572	0.01359
19	0.02204	0.02037	0.06176	0.03460	0.33526	0.01959	0.02045	0.18506	0.02460	0.03382	0.02529	0.09443	0.06238	0.01127	0.00880	0.00266	0.00910	0.00997	0.00599	0.01258
20	0.01255	0.01013	0.01473	0.20869	0.02632	0.01081	0.01287	0.01539	0.01712	0.02200	0.04247	0.29981	0.13980	0.02026	0.01119	0.03885	0.00713	0.07575	0.00648	0.00765
21	0.28287	0.02358	0.08826	0.06446	0.19481	0.08789	0.01846	0.09244	0.02017	0.03316	0.01461	0.01763	0.01143	0.00822	0.00722	0.00257	0.00966	0.00619	0.00499	0.01139
22	0.15649	0.33691	0.08300	0.02022	0.09879	0.09162	0.01648	0.02762	0.05400	0.02581	0.01410	0.01617	0.01180	0.00790	0.00641	0.00222	0.00954	0.00546	0.00437	0.01110
23	0.02189	0.06615	0.02630	0.02291	0.11970	0.01873	0.09420	0.18760	0.02523	0.06416	0.03704	0.03742	0.18552	0.01213	0.00881	0.00257	0.00851	0.01048	0.00673	0.04389

[dist]
# distance from previous block
# <min> <max>
0	15

[block]
# block no. 1 follows, 21 sequences, length 15
# corresponding to MSA columns:
# 97-111
name=unknown_B
#
# <colnr> <probs for GDERKNQSTAVLIFYWHMCP>
#	G	D	E	R	K	N	Q	S	T	A	V	L	I	F	Y	W	H	M	C	P
0	0.07229	0.02872	0.13086	0.03572	0.32047	0.16751	0.02294	0.07153	0.02142	0.02866	0.01529	0.01874	0.01226	0.00815	0.00800	0.00249	0.01141	0.00671	0.00454	0.01230
1	0.02013	0.16612	0.20508	0.09296	0.10515	0.05617	0.18506	0.02649	0.01878	0.02491	0.01507	0.01913	0.01175	0.00770	0.00815	0.00254	0.01210	0.00719	0.00392	0.01160
2	0.02530	0.02718	0.02145	0.01903	0.02234	0.32081	0.01458	0.11825	0.02241	0.02524	0.01692	0.02368	0.01525	0.09772	0.10340	0.00470	0.09967	0.00736	0.00506	0.00966
3	0.02535	0.01891	0.02048	0.01541	0.02245	0.05359	0.01246	0.18942	0.02510	0.12090	0.01902	0.01984	0.01419	0.00811	0.00730	0.00186	0.00780	0.00627	0.00672	0.40483
4	0.01129	0.00851	0.00947	0.00932	0.01103	0.00774	0.00639	0.01315	0.01812	0.02337	0.19426	0.06891	0.30943	0.24809	0.02119	0.00463	0.00556	0.01550	0.00732	0.00670
5	0.01189	0.00853	0.01107	0.01259	0.01356	0.00825	0.00882	0.04714	0.01791	0.02384	0.04524	0.61027	0.05332	0.02547	0.01080	0.00344	0.00542	0.06709	0.00793	0.00742
6	0.02184	0.02346	0.02928	0.27413	0.25590	0.17885	0.04567	0.02650	0.01971	0.02385	0.01503	0.02032	0.01206	0.00820	0.00833	0.00257	0.01201	0.00715	0.00410	0.01104
7	0.01710	0.00913	0.00925	0.00881	0.01115	0.00932	0.00672	0.06488	0.01951	0.03337	0.02721	0.03088	0.02126	0.00994	0.00614	0.00203	0.00437	0.00791	0.69259	0.00842
8	0.01101	0.00840	0.01021	0.01148	0.01279	0.00791	0.00794	0.01412	0.05747	0.02292	0.05502	0.51253	0.18778	0.02451	0.01053	0.00329	0.00491	0.02182	0.00795	0.00740
9	0.01842	0.01833	0.03273	0.31536	0.11725	0.01963	0.19579	0.02620	0.07982	0.02578	0.01779	0.02321	0.01359	0.00819	0.00884	0.00273	0.01134	0.00836	0.00454	0.05210
10	0.01867	0.01394	0.01661	0.01638	0.01993	0.01513	0.01353	0.03168	0.29776	0.07056	0.03959	0.06255	0.03675	0.01725	0.01015	0.00337	0.00730	0.28965	0.00838	0.01082
11	0.07594	0.07449	0.03122	0.13680	0.39744	0.09133	0.02256	0.02619	0.01902	0.02630	0.01494	0.01958	0.01238	0.00785	0.00789	0.00249	0.01053	0.00690	0.00420	0.01197
12	0.01773	0.02798	0.27018	0.20732	0.13021	0.06017	0.02495	0.02439	0.01778	0.02436	0.01614	0.02148	0.01265	0.01509	0.09010	0.00404	0.01332	0.00713	0.00391	0.01106
13	0.06490	0.39973	0.07230	0.01673	0.02331	0.14501	0.01546	0.03016	0.11406	0.02402	0.01583	0.01704	0.01317	0.00830	0.00651	0.00215	0.00994	0.00562	0.00464	0.01113
14	0.09239	0.10587	0.17288	0.01789	0.02446	0.01871	0.06299	0.05844	0.09198	0.03140	0.17036	0.03416	0.03152	0.01146	0.00838	0.00267	0.00852	0.03880	0.00630	0.01082

[dist]
# distance from previous block
# <min> <max>
0	8

[block]
# block no. 2 follows, 21 sequences, length 18
# corresponding to MSA columns:
# 120-137
name=unknown_C
#
# <colnr> <probs for GDERKNQSTAVLIFYWHMCP>
#	G	D	E	R	K	N	Q	S	T	A	V	L	I	F	Y	W	H	M	C	P
0	0.02038	0.09624	0.23377	0.09637	0.28174	0.07616	0.02564	0.02658	0.01890	0.02560	0.01504	0.01901	0.01195	0.00790	0.00797	0.00251	0.01137	0.00669	0.00393	0.01225
1	0.02247	0.31750	0.19124	0.02191	0.07310	0.12962	0.04342	0.02849	0.05495	0.02364	0.01475	0.01697	0.01204	0.00799	0.00705	0.00225	0.01111	0.00587	0.00411	0.01152
2	0.02184	0.02472	0.04351	0.03741	0.16687	0.10678	0.41513	0.02791	0.02047	0.02652	0.01643	0.02156	0.01277	0.00747	0.00939	0.00271	0.01360	0.00893	0.00430	0.01168
3	0.01184	0.00846	0.00941	0.00955	0.01046	0.00807	0.00611	0.01270	0.01477	0.01888	0.04410	0.06557	0.19764	0.47048	0.03215	0.00650	0.00716	0.05418	0.00608	0.00589
4	0.01871	0.02132	0.11227	0.27568	0.29155	0.01977	0.02472	0.02643	0.07628	0.02620	0.01735	0.02226	0.01352	0.00836	0.00843	0.00270	0.01057	0.00760	0.00439	0.01188
5	0.02761	0.01982	0.02210	0.01936	0.07048	0.02158	0.01454	0.43279	0.03321	0.04649	0.02181	0.02313	0.01612	0.00994	0.00790	0.00242	0.00815	0.00772	0.18196	0.01286
6	0.01233	0.00993	0.01125	0.01079	0.01361	0.00957	0.00831	0.05986	0.01949	0.02451	0.06450	0.06445	0.43238	0.03176	0.18226	0.00568	0.00955	0.01485	0.00707	0.00786
7	0.02135	0.47273	0.03831	0.01720	0.02201	0.03109	0.01594	0.02378	0.01585	0.02018	0.01161	0.01534	0.01101	0.00986	0.01309	0.00247	0.23862	0.00553	0.00367	0.01037
8	0.01400	0.01121	0.01116	0.01134	0.01212	0.07046	0.00736	0.01504	0.01470	0.01915	0.02911	0.17348	0.03251	0.39894	0.09402	0.00692	0.00948	0.01345	0.04920	0.00635
9	0.02037	0.28619	0.20647	0.01744	0.02487	0.07944	0.01825	0.05832	0.02070	0.02672	0.13846	0.02527	0.02482	0.00980	0.00747	0.00231	0.00963	0.00744	0.00510	0.01092
10	0.11290	0.05884	0.08484	0.01969	0.02458	0.02516	0.01753	0.25792	0.02453	0.03625	0.01532	0.01844	0.01219	0.01117	0.01451	0.00294	0.23875	0.00693	0.00578	0.01173
11	0.01804	0.01916	0.06803	0.02740	0.18938	0.05541	0.01836	0.02130	0.01573	0.02229	0.01681	0.02628	0.01597	0.10882	0.12730	0.00547	0.22198	0.00820	0.00421	0.00988
12	0.02740	0.02926	0.20248	0.02285	0.06658	0.02417	0.02104	0.41831	0.03261	0.04463	0.01872	0.01978	0.01338	0.00946	0.00839	0.00259	0.01031	0.00727	0.00688	0.01388
13	0.02060	0.01949	0.02504	0.03193	0.29012	0.06746	0.01866	0.03185	0.23586	0.02952	0.02938	0.03412	0.06427	0.01121	0.00881	0.00275	0.00874	0.05152	0.00632	0.01235
14	0.02145	0.20251	0.05809	0.01629	0.02095	0.13424	0.01379	0.12204	0.02200	0.02674	0.02559	0.24669	0.02691	0.01466	0.00833	0.00261	0.00902	0.01199	0.00603	0.01006
15	0.06636	0.02326	0.01999	0.02002	0.08010	0.23587	0.01407	0.07282	0.05871	0.09189	0.05372	0.08990	0.09224	0.01290	0.00860	0.00263	0.00972	0.03007	0.00663	0.01051
16	0.06669	0.09740	0.22405	0.02250	0.03033	0.26280	0.08612	0.03022	0.02062	0.06151	0.01526	0.01755	0.01161	0.00830	0.00778	0.00244	0.01284	0.00628	0.00447	0.01121
17	0.02884	0.02118	0.02283	0.01755	0.02401	0.02265	0.01440	0.48350	0.03495	0.04813	0.02042	0.02113	0.01492	0.00967	0.00798	0.00233	0.00845	0.00734	0.07798	0.11174

[dist]
# distance from previous block
# <min> <max>
9	22

[block]
# block no. 3 follows, 21 sequences, length 7
# corresponding to MSA columns:
# 160-166
name=unknown_D
#
# <colnr> <probs for GDERKNQSTAVLIFYWHMCP>
#	G	D	E	R	K	N	Q	S	T	A	V	L	I	F	Y	W	H	M	C	P
0	0.14246	0.02959	0.14776	0.12024	0.03554	0.19865	0.15497	0.02789	0.01944	0.02639	0.01455	0.01839	0.01114	0.00810	0.00802	0.00261	0.01259	0.00683	0.00427	0.01058
1	0.02370	0.02629	0.09966	0.02669	0.08465	0.12843	0.17642	0.17526	0.02502	0.03216	0.02063	0.10188	0.01805	0.01070	0.00901	0.00270	0.01156	0.00977	0.00573	0.01170
2	0.05526	0.02137	0.09448	0.15794	0.08557	0.02030	0.07094	0.10215	0.18779	0.03216	0.02120	0.02346	0.01595	0.00911	0.00831	0.00265	0.00954	0.00789	0.00591	0.06803
3	0.24455	0.09339	0.09992	0.06130	0.07235	0.02087	0.01640	0.12726	0.02168	0.14067	0.01793	0.01911	0.01294	0.00871	0.00718	0.00255	0.00872	0.00640	0.00616	0.01192
4	0.41704	0.02503	0.13883	0.01576	0.02190	0.12650	0.01486	0.02585	0.01668	0.03118	0.01388	0.01694	0.01108	0.01396	0.07580	0.00373	0.01091	0.00555	0.00472	0.00980
5	0.15599	0.02234	0.14906	0.02010	0.08817	0.04279	0.01685	0.10552	0.04414	0.03121	0.02604	0.02871	0.09122	0.01941	0.11798	0.00449	0.01134	0.00830	0.00556	0.01075
6	0.01990	0.07221	0.11937	0.07984	0.15912	0.09731	0.01860	0.02564	0.05771	0.02501	0.01739	0.02334	0.01495	0.08361	0.01151	0.00290	0.01002	0.00709	0.00461	0.14986

[dist]
# distance from previous block
# <min> <max>
12	60

[block]
# block no. 4 follows, 21 sequences, length 18
# corresponding to MSA columns:
# 227-244
name=unknown_E
#
# <colnr> <probs for GDERKNQSTAVLIFYWHMCP>
#	G	D	E	R	K	N	Q	S	T	A	V	L	I	F	Y	W	H	M	C	P
0	0.06546	0.03207	0.10557	0.02552	0.11941	0.27675	0.01934	0.19543	0.02660	0.03270	0.01582	0.01787	0.01221	0.00887	0.00795	0.00243	0.01210	0.00646	0.00546	0.01200
1	0.24099	0.02391	0.14379	0.05822	0.18013	0.02029	0.12961	0.05570	0.01872	0.03167	0.01504	0.01873	0.01157	0.00787	0.00773	0.00267	0.01030	0.00691	0.00463	0.01155
2	0.14610	0.07001	0.11612	0.03042	0.26241	0.02112	0.02021	0.03053	0.16358	0.03075	0.01933	0.02142	0.01516	0.00863	0.00769	0.00261	0.00899	0.00717	0.00532	0.01245
3	0.17598	0.02597	0.08276	0.10185	0.12377	0.19739	0.01778	0.02693	0.01900	0.02721	0.01405	0.01738	0.01126	0.00795	0.00723	0.00232	0.01065	0.00588	0.00449	0.12016
4	0.10501	0.06282	0.24531	0.03156	0.24263	0.02073	0.04778	0.06658	0.01959	0.03004	0.01538	0.01869	0.01195	0.00789	0.00778	0.00253	0.01047	0.00665	0.00442	0.04218
5	0.02017	0.11265	0.10223	0.03916	0.41010	0.02104	0.02345	0.02624	0.04770	0.02683	0.01891	0.02711	0.01668	0.00924	0.00831	0.00260	0.00988	0.06057	0.00461	0.01252
6	0.02236	0.02325	0.03510	0.04619	0.49073	0.10602	0.09806	0.02730	0.02009	0.02681	0.01578	0.02054	0.01308	0.00769	0.00853	0.00253	0.01133	0.00761	0.00425	0.01275
7	0.12021	0.27066	0.06575	0.02193	0.11459	0.11884	0.01687	0.02568	0.01762	0.02410	0.01350	0.01703	0.01179	0.01215	0.05269	0.00310	0.07292	0.00581	0.00411	0.01064
8	0.01006	0.00862	0.00862	0.00862	0.01149	0.00718	0.00647	0.01221	0.01940	0.02299	0.08621	0.08190	0.64438	0.02155	0.01006	0.00287	0.00431	0.01796	0.00790	0.00718
9	0.01308	0.01061	0.01428	0.18247	0.02454	0.01123	0.01185	0.01782	0.05960	0.02529	0.12496	0.20292	0.18338	0.01739	0.00947	0.00292	0.00636	0.01518	0.05837	0.00829
10	0.01238	0.00825	0.00928	0.00928	0.00928	0.00825	0.00516	0.01238	0.01238	0.01650	0.02681	0.05569	0.03094	0.70092	0.04331	0.00825	0.00825	0.01238	0.00516	0.00516
11	0.03235	0.02384	0.02554	0.01958	0.02639	0.02639	0.01618	0.61946	0.04001	0.05363	0.02043	0.02043	0.01447	0.01022	0.00851	0.00255	0.00936	0.00766	0.00851	0.01447
12	0.01148	0.00787	0.00955	0.01043	0.01065	0.00765	0.00638	0.01214	0.01413	0.01883	0.03579	0.34141	0.04226	0.39976	0.02882	0.00611	0.00677	0.01765	0.00638	0.00594
13	0.02571	0.12387	0.19038	0.02542	0.11983	0.24108	0.02118	0.06258	0.02183	0.06897	0.01576	0.01786	0.01217	0.00842	0.00770	0.00237	0.01215	0.00621	0.00471	0.01181
14	0.02519	0.02805	0.14535	0.03184	0.25057	0.15882	0.02188	0.03195	0.07510	0.11989	0.01951	0.02137	0.01466	0.00872	0.00824	0.00253	0.01098	0.00721	0.00547	0.01268
15	0.02126	0.01666	0.02772	0.19630	0.16921	0.01703	0.11255	0.02719	0.05474	0.13870	0.02950	0.03187	0.09849	0.01036	0.00895	0.00275	0.00962	0.00963	0.00600	0.01148
16	0.06165	0.18834	0.11322	0.06626	0.09232	0.09781	0.01878	0.15041	0.07838	0.03119	0.01692	0.01882	0.01320	0.00869	0.00748	0.00241	0.01024	0.00650	0.00532	0.01206
17	0.05367	0.03042	0.23213	0.02312	0.07054	0.09804	0.05492	0.20388	0.02535	0.03514	0.01771	0.01996	0.01314	0.00887	0.00799	0.00252	0.01087	0.00698	0.07248	0.01226

[dist]
# distance from previous block
# <min> <max>
45	187

[block]
# block no. 5 follows, 21 sequences, length 63
# corresponding to MSA columns:
# 467-529
name=unknown_F
#
# <colnr> <probs for GDERKNQSTAVLIFYWHMCP>
#	G	D	E	R	K	N	Q	S	T	A	V	L	I	F	Y	W	H	M	C	P
0	0.07301	0.06438	0.07092	0.02926	0.23404	0.07686	0.01905	0.05812	0.16095	0.09746	0.02152	0.02269	0.01635	0.00906	0.00802	0.00257	0.00933	0.00750	0.00610	0.01281
1	0.02155	0.03431	0.33767	0.11439	0.07995	0.11899	0.05204	0.05348	0.02031	0.06479	0.01640	0.01942	0.01195	0.00841	0.00824	0.00262	0.01228	0.00679	0.00445	0.01195
2	0.05209	0.15886	0.11957	0.02643	0.03370	0.06938	0.27808	0.02635	0.01838	0.02492	0.01461	0.01902	0.01173	0.00848	0.01091	0.00270	0.10212	0.00760	0.00405	0.01101
3	0.02350	0.02642	0.02062	0.10235	0.02696	0.31927	0.01495	0.03024	0.13535	0.02433	0.02574	0.08652	0.06245	0.01165	0.00834	0.00251	0.01098	0.00908	0.00571	0.05300
4	0.06085	0.01610	0.01607	0.01386	0.01847	0.09482	0.01084	0.02890	0.07551	0.23485	0.08510	0.07500	0.17351	0.01400	0.00877	0.00264	0.00711	0.01142	0.00824	0.04395
5	0.02450	0.02427	0.02561	0.03099	0.25497	0.20395	0.01866	0.03181	0.13022	0.07073	0.02426	0.02832	0.04475	0.01025	0.00850	0.00259	0.01044	0.03740	0.00584	0.01195
6	0.01238	0.00825	0.00928	0.00928	0.00928	0.00825	0.00516	0.01238	0.01238	0.01650	0.02681	0.05569	0.03094	0.70092	0.04331	0.00825	0.00825	0.01238	0.00516	0.00516
7	0.02958	0.02246	0.02398	0.01902	0.02533	0.02509	0.01550	0.47698	0.18701	0.04916	0.02396	0.02324	0.01733	0.01055	0.00855	0.00264	0.00871	0.00815	0.00855	0.01422
8	0.03186	0.03843	0.02430	0.02163	0.02632	0.58539	0.01641	0.10838	0.02614	0.02500	0.01408	0.01599	0.01141	0.00895	0.00778	0.00224	0.01459	0.00576	0.00491	0.01045
9	0.02036	0.37999	0.26657	0.02077	0.03014	0.02710	0.09720	0.02624	0.01789	0.02345	0.01376	0.01639	0.01112	0.00756	0.00699	0.00227	0.01102	0.00588	0.00371	0.01159
10	0.01756	0.01683	0.02739	0.42315	0.16576	0.02063	0.02309	0.02233	0.01666	0.02266	0.01449	0.02154	0.01172	0.00964	0.01248	0.00296	0.14951	0.00754	0.00385	0.01021
11	0.01707	0.04402	0.65683	0.02426	0.03683	0.01976	0.03144	0.02695	0.01797	0.02695	0.01527	0.01797	0.01078	0.00809	0.00809	0.00270	0.01258	0.00629	0.00359	0.01258
12	0.01902	0.02194	0.11206	0.23228	0.35464	0.01987	0.06746	0.02502	0.01855	0.02587	0.01574	0.02128	0.01247	0.00789	0.00852	0.00266	0.01108	0.00758	0.00401	0.01204
13	0.01707	0.04402	0.65683	0.02426	0.03683	0.01976	0.03144	0.02695	0.01797	0.02695	0.01527	0.01797	0.01078	0.00809	0.00809	0.00270	0.01258	0.00629	0.00359	0.01258
14	0.01037	0.00741	0.00987	0.01185	0.01234	0.00691	0.00790	0.01185	0.01629	0.02172	0.04690	0.69537	0.05629	0.02666	0.01086	0.00346	0.00494	0.02419	0.00790	0.00691
15	0.01238	0.00825	0.00928	0.00928	0.00928	0.00825	0.00516	0.01238	0.01238	0.01650	0.02681	0.05569	0.03094	0.70092	0.04331	0.00825	0.00825	0.01238	0.00516	0.00516
16	0.01936	0.02344	0.08958	0.11696	0.04574	0.02107	0.50051	0.02654	0.01955	0.02654	0.01681	0.02257	0.01256	0.00741	0.00971	0.00285	0.01384	0.00946	0.00419	0.01130
17	0.01216	0.00912	0.01368	0.01368	0.01520	0.01064	0.01064	0.01520	0.01368	0.01976	0.02279	0.03343	0.02127	0.06382	0.66720	0.01368	0.02279	0.00912	0.00456	0.00760
18	0.01037	0.00741	0.00987	0.01185	0.01234	0.00691	0.00790	0.01185	0.01629	0.02172	0.04690	0.69537	0.05629	0.02666	0.01086	0.00346	0.00494	0.02419	0.00790	0.00691
19	0.01017	0.00863	0.00878	0.00874	0.01157	0.00723	0.00656	0.01244	0.01967	0.02363	0.11843	0.08084	0.61176	0.02131	0.01006	0.00286	0.00429	0.01781	0.00799	0.00723
20	0.01586	0.01091	0.01586	0.01899	0.12660	0.01028	0.01168	0.01907	0.02048	0.09524	0.25211	0.27890	0.05342	0.01823	0.00989	0.00292	0.00578	0.01642	0.00805	0.00929
21	0.02023	0.02480	0.14730	0.04517	0.46241	0.02030	0.10214	0.02641	0.01922	0.02758	0.01603	0.02075	0.01293	0.00762	0.00857	0.00260	0.01109	0.00766	0.00411	0.01306
22	0.03789	0.01496	0.02004	0.01537	0.02196	0.01321	0.01269	0.07075	0.02515	0.62333	0.03291	0.02853	0.02073	0.01052	0.00856	0.00263	0.00735	0.00851	0.01043	0.01448
23	0.02555	0.03024	0.01974	0.01793	0.02204	0.43412	0.01355	0.06635	0.02380	0.02362	0.03472	0.03489	0.19402	0.01255	0.00842	0.00241	0.01177	0.00923	0.00567	0.00940
24	0.02571	0.24100	0.03366	0.02888	0.21453	0.27294	0.01881	0.02894	0.02055	0.02271	0.01361	0.01656	0.01172	0.00795	0.00722	0.00218	0.01181	0.00583	0.00410	0.01130
25	0.01707	0.04402	0.65683	0.02426	0.03683	0.01976	0.03144	0.02695	0.01797	0.02695	0.01527	0.01797	0.01078	0.00809	0.00809	0.00270	0.01258	0.00629	0.00359	0.01258
26	0.01031	0.00863	0.00897	0.00889	0.01165	0.00729	0.00666	0.01270	0.01999	0.02440	0.15701	0.07957	0.57271	0.02102	0.01006	0.00285	0.00427	0.01763	0.00809	0.00729
27	0.01772	0.12020	0.58638	0.02314	0.03511	0.02136	0.02950	0.02678	0.01789	0.02615	0.01488	0.01747	0.01080	0.00799	0.00778	0.00259	0.01218	0.00609	0.00360	0.01239
28	0.02551	0.02878	0.03317	0.03590	0.26300	0.27088	0.13685	0.05518	0.02225	0.02612	0.01533	0.01919	0.01244	0.00808	0.00845	0.00247	0.01293	0.00725	0.00448	0.01174
29	0.01006	0.00862	0.00862	0.00862	0.01149	0.00718	0.00647	0.01221	0.01940	0.02299	0.08621	0.08190	0.64438	0.02155	0.01006	0.00287	0.00431	0.01796	0.00790	0.00718
30	0.02835	0.02203	0.02245	0.01776	0.02373	0.05731	0.01446	0.47998	0.03549	0.04642	0.03175	0.03110	0.12641	0.01216	0.00874	0.00259	0.00879	0.00938	0.00818	0.01293
31	0.01669	0.01257	0.01548	0.05203	0.01907	0.01314	0.04015	0.08779	0.12195	0.02993	0.04032	0.16211	0.13762	0.01595	0.00972	0.03130	0.00634	0.01307	0.16542	0.00935
32	0.02350	0.02145	0.03053	0.04085	0.43812	0.05322	0.02230	0.14882	0.04971	0.03291	0.02027	0.02345	0.03843	0.00889	0.00848	0.00254	0.00985	0.00798	0.00544	0.01326
33	0.01031	0.00762	0.00965	0.01127	0.01219	0.00696	0.00764	0.01191	0.01685	0.02195	0.05390	0.58617	0.16096	0.02575	0.01072	0.00335	0.00483	0.02308	0.00790	0.00696
34	0.09057	0.06550	0.50643	0.05650	0.06573	0.02024	0.02792	0.02640	0.01762	0.02756	0.01483	0.01777	0.01079	0.00803	0.00774	0.00265	0.01166	0.00618	0.00380	0.01207
35	0.02100	0.02313	0.04241	0.03748	0.18366	0.06685	0.37895	0.02682	0.01954	0.02630	0.01608	0.02157	0.01275	0.00811	0.01118	0.00282	0.07659	0.00890	0.00423	0.01163
36	0.02043	0.01957	0.03340	0.13206	0.57296	0.02005	0.02580	0.02556	0.01908	0.02703	0.01590	0.02127	0.01321	0.00770	0.00844	0.00257	0.01027	0.00758	0.00416	0.01297
37	0.01236	0.00899	0.01304	0.01304	0.01446	0.01031	0.00997	0.01520	0.01378	0.02009	0.02336	0.03511	0.02207	0.11173	0.58473	0.01266	0.02070	0.00932	0.04164	0.00742
38	0.09162	0.02456	0.15541	0.04275	0.46619	0.02002	0.02554	0.02618	0.01863	0.02863	0.01546	0.01975	0.01254	0.00771	0.00805	0.00257	0.01026	0.00704	0.00419	0.01289
39	0.02552	0.14207	0.24019	0.02128	0.02917	0.27036	0.02116	0.10471	0.02302	0.02693	0.01459	0.01661	0.01134	0.00849	0.00758	0.00235	0.01269	0.00589	0.00453	0.01153
40	0.01766	0.03992	0.53885	0.02651	0.03832	0.02011	0.14531	0.02701	0.01838	0.02701	0.01565	0.01894	0.01119	0.00791	0.00847	0.00273	0.01292	0.00702	0.00373	0.01236
41	0.01136	0.00853	0.01065	0.01209	0.01319	0.00828	0.00830	0.01502	0.07458	0.02314	0.04904	0.58145	0.10273	0.02481	0.01059	0.00335	0.00505	0.02230	0.00797	0.00755
42	0.01766	0.01138	0.01438	0.01487	0.04995	0.01076	0.01107	0.02269	0.07809	0.13782	0.08843	0.10959	0.23372	0.01846	0.01001	0.00308	0.00619	0.14394	0.00831	0.00959
43	0.02381	0.02179	0.01913	0.06292	0.02299	0.19912	0.01353	0.17268	0.02434	0.03129	0.02005	0.02397	0.01610	0.01916	0.12495	0.00433	0.01238	0.00736	0.16994	0.01015
44	0.01921	0.01833	0.03120	0.28543	0.42913	0.01973	0.02520	0.02449	0.01850	0.02555	0.01568	0.02167	0.01269	0.00793	0.00846	0.00264	0.01057	0.00758	0.00405	0.01199
45	0.05814	0.01002	0.01155	0.01104	0.01369	0.00969	0.00847	0.01818	0.07310	0.03127	0.38342	0.06415	0.20970	0.01769	0.00973	0.00281	0.00468	0.04573	0.00861	0.00834
46	0.06993	0.16540	0.10828	0.02135	0.05243	0.36609	0.01796	0.06027	0.02208	0.02441	0.01358	0.01577	0.01111	0.00837	0.00724	0.00224	0.01277	0.00555	0.00439	0.01076
47	0.02588	0.02884	0.02697	0.02890	0.17757	0.32196	0.04798	0.07890	0.02248	0.02551	0.01568	0.01973	0.01315	0.01501	0.08355	0.00370	0.04166	0.00690	0.00468	0.01094
48	0.01046	0.00838	0.00934	0.00964	0.01188	0.00727	0.00703	0.01279	0.01955	0.02461	0.17224	0.20531	0.42780	0.02190	0.01022	0.00296	0.00439	0.01881	0.00815	0.00727
49	0.02066	0.02053	0.03720	0.07637	0.50487	0.02042	0.14091	0.02615	0.01941	0.02743	0.01620	0.02150	0.01328	0.00754	0.00874	0.00261	0.01099	0.00806	0.00421	0.01292
50	0.05919	0.02880	0.14728	0.02548	0.13710	0.18921	0.01975	0.09115	0.02259	0.11975	0.01842	0.02059	0.01386	0.01265	0.05421	0.00328	0.01220	0.00690	0.00558	0.01200
51	0.02382	0.03139	0.30552	0.02768	0.15153	0.02129	0.02459	0.20205	0.02517	0.07888	0.01821	0.02006	0.01311	0.00879	0.00831	0.00262	0.01078	0.00710	0.00565	0.01344
52	0.01216	0.00912	0.01368	0.01368	0.01520	0.01064	0.01064	0.01520	0.01368	0.01976	0.02279	0.03343	0.02127	0.06382	0.66720	0.01368	0.02279	0.00912	0.00456	0.00760
53	0.01808	0.16186	0.54785	0.02253	0.03416	0.02224	0.02844	0.02669	0.01785	0.02572	0.01466	0.01720	0.01081	0.00794	0.00762	0.00254	0.01196	0.00598	0.00360	0.01228
54	0.05884	0.06120	0.14259	0.02995	0.17715	0.11086	0.07791	0.06058	0.01945	0.02685	0.01450	0.01867	0.01187	0.00937	0.01191	0.00275	0.14272	0.00698	0.00431	0.01154
55	0.02029	0.02138	0.07725	0.11270	0.54647	0.02006	0.02624	0.02574	0.01904	0.02714	0.01587	0.02101	0.01308	0.00771	0.00841	0.00257	0.01041	0.00749	0.00413	0.01302
56	0.01034	0.00855	0.00893	0.00897	0.01153	0.00729	0.00660	0.01251	0.01930	0.02351	0.12583	0.10883	0.54305	0.05268	0.01162	0.00313	0.00450	0.01780	0.00789	0.00715
57	0.02034	0.01948	0.03324	0.14322	0.56250	0.02003	0.02576	0.02548	0.01904	0.02692	0.01588	0.02130	0.01317	0.00772	0.00844	0.00257	0.01029	0.00758	0.00415	0.01290
58	0.02278	0.16240	0.22973	0.05994	0.16818	0.08187	0.02297	0.05307	0.02013	0.07864	0.01632	0.01883	0.01247	0.00820	0.00769	0.00244	0.01096	0.00648	0.00461	0.01229
59	0.01070	0.00761	0.01010	0.01196	0.01253	0.00717	0.00814	0.01226	0.01630	0.02169	0.04571	0.62150	0.05444	0.06261	0.01266	0.00374	0.00531	0.06094	0.00775	0.00688
60	0.01782	0.01362	0.01592	0.01484	0.01792	0.01479	0.01131	0.16200	0.13122	0.03141	0.03577	0.25799	0.06400	0.02705	0.13752	0.00510	0.00974	0.01445	0.00753	0.01001
61	0.02135	0.02216	0.06321	0.04751	0.55443	0.04912	0.02521	0.02761	0.05497	0.02790	0.01692	0.02128	0.01396	0.00789	0.00839	0.00254	0.01027	0.00754	0.00445	0.01327
62	0.06153	0.02512	0.05402	0.02014	0.08010	0.25862	0.01452	0.02865	0.04655	0.10769	0.05860	0.03015	0.04582	0.11653	0.01353	0.00335	0.01063	0.00840	0.00592	0.01015

[dist]
# distance from previous block
# <min> <max>
0	8

[block]
# block no. 6 follows, 21 sequences, length 39
# corresponding to MSA columns:
# 538-576
name=unknown_G
#
# <colnr> <probs for GDERKNQSTAVLIFYWHMCP>
#	G	D	E	R	K	N	Q	S	T	A	V	L	I	F	Y	W	H	M	C	P
0	0.01757	0.08500	0.58950	0.02419	0.03624	0.02073	0.05789	0.02687	0.01802	0.02653	0.01515	0.01793	0.01089	0.00799	0.00801	0.00265	0.01244	0.00635	0.00363	0.01242
1	0.02009	0.02099	0.05810	0.10065	0.18239	0.02078	0.22635	0.03139	0.18946	0.02912	0.02148	0.02473	0.01643	0.00866	0.00904	0.00278	0.01085	0.00895	0.00541	0.01234
2	0.01246	0.00912	0.01212	0.01367	0.01549	0.00878	0.01127	0.01567	0.01917	0.02484	0.08175	0.20543	0.13909	0.02351	0.01125	0.00362	0.00658	0.37069	0.00794	0.00758
3	0.01518	0.01332	0.04439	0.01270	0.01548	0.06716	0.00994	0.01803	0.02020	0.07593	0.18958	0.27204	0.17420	0.01961	0.00989	0.00294	0.00609	0.01701	0.00793	0.00839
4	0.01828	0.02242	0.14547	0.03758	0.35667	0.01773	0.07620	0.02394	0.01927	0.02750	0.07509	0.09737	0.02350	0.01057	0.00891	0.00270	0.00984	0.01005	0.00496	0.01194
5	0.01984	0.06008	0.18223	0.07769	0.38590	0.02083	0.07933	0.02614	0.01887	0.02682	0.01568	0.02022	0.01255	0.00770	0.00835	0.00258	0.01109	0.00734	0.00402	0.01273
6	0.02526	0.42487	0.09235	0.01788	0.02467	0.24376	0.01669	0.02845	0.01963	0.02091	0.01258	0.01460	0.01092	0.00785	0.00643	0.00202	0.01150	0.00502	0.00388	0.01072
7	0.02032	0.01970	0.03345	0.10419	0.50363	0.02079	0.04877	0.02516	0.01851	0.02645	0.01545	0.02102	0.01302	0.00844	0.01061	0.00270	0.08342	0.00766	0.00412	0.01259
8	0.02297	0.32377	0.03026	0.01644	0.02130	0.22666	0.01390	0.02546	0.01847	0.02005	0.01517	0.02021	0.01399	0.05342	0.13967	0.00461	0.01374	0.00614	0.00413	0.00964
9	0.03189	0.03750	0.02438	0.02150	0.02632	0.54973	0.01639	0.14098	0.02702	0.02682	0.01448	0.01628	0.01160	0.00903	0.00783	0.00226	0.01425	0.00588	0.00514	0.01071
10	0.02049	0.01984	0.03392	0.04686	0.53033	0.01981	0.07721	0.02667	0.05396	0.02798	0.02031	0.02456	0.04237	0.00839	0.00866	0.00259	0.01004	0.00838	0.00464	0.01302
11	0.05572	0.04109	0.58412	0.02536	0.07452	0.01976	0.02996	0.02680	0.01788	0.02758	0.01514	0.01795	0.01087	0.00804	0.00796	0.00268	0.01211	0.00628	0.00372	0.01246
12	0.01345	0.01342	0.06703	0.02001	0.13952	0.01093	0.01321	0.01713	0.01971	0.02706	0.21404	0.23862	0.13659	0.01802	0.00981	0.00290	0.00622	0.01606	0.00725	0.00902
13	0.01041	0.00873	0.00911	0.00929	0.01208	0.00743	0.00716	0.01273	0.01942	0.02323	0.08229	0.08324	0.58767	0.02174	0.01022	0.00297	0.00465	0.07251	0.00790	0.00725
14	0.02055	0.01960	0.03285	0.11530	0.55601	0.02013	0.02523	0.02661	0.04956	0.02756	0.01684	0.02176	0.01388	0.00787	0.00845	0.00258	0.01007	0.00768	0.00439	0.01306
15	0.02346	0.02537	0.08821	0.04109	0.41172	0.09845	0.04779	0.10647	0.02260	0.03032	0.01624	0.02009	0.01305	0.00810	0.00838	0.00252	0.01103	0.00732	0.00476	0.01302
16	0.01037	0.00741	0.00987	0.01185	0.01234	0.00691	0.00790	0.01185	0.01629	0.02172	0.04690	0.69537	0.05629	0.02666	0.01086	0.00346	0.00494	0.02419	0.00790	0.00691
17	0.01731	0.04230	0.60734	0.02520	0.03746	0.01991	0.07921	0.02698	0.01814	0.02698	0.01543	0.01837	0.01095	0.00801	0.00824	0.00271	0.01272	0.00659	0.00365	0.01249
18	0.02680	0.02801	0.02837	0.03260	0.25319	0.25239	0.02012	0.14042	0.02440	0.02954	0.01539	0.01869	0.01256	0.00915	0.00991	0.00252	0.07204	0.00684	0.00504	0.01201
19	0.02565	0.01833	0.02490	0.02884	0.23588	0.01908	0.01770	0.06620	0.25216	0.17787	0.02733	0.02689	0.02000	0.00989	0.00855	0.00269	0.00814	0.00858	0.00757	0.01376
20	0.02630	0.03015	0.02945	0.03743	0.34425	0.33602	0.02139	0.02996	0.02169	0.02440	0.01461	0.01827	0.01225	0.00816	0.00806	0.00236	0.01267	0.00656	0.00430	0.01171
21	0.01641	0.01541	0.01764	0.01632	0.01803	0.08244	0.01285	0.04479	0.01680	0.02222	0.02962	0.10252	0.10563	0.03252	0.23415	0.00669	0.20119	0.01099	0.00529	0.00849
22	0.01670	0.00964	0.01193	0.01149	0.01429	0.00856	0.00866	0.01911	0.01980	0.15877	0.11201	0.21983	0.24415	0.05417	0.01170	0.00328	0.00549	0.05327	0.00846	0.00870
23	0.01100	0.00786	0.01060	0.01257	0.01334	0.00746	0.00900	0.01294	0.01692	0.02243	0.04656	0.58223	0.05491	0.02607	0.01103	0.00354	0.00548	0.13110	0.00789	0.00709
24	0.01046	0.00747	0.00995	0.01179	0.01236	0.00697	0.00791	0.01207	0.01670	0.02238	0.07834	0.66207	0.05755	0.02617	0.01082	0.00342	0.00489	0.02373	0.00798	0.00697
25	0.02351	0.16416	0.03212	0.06013	0.14950	0.20228	0.04862	0.02672	0.01875	0.02233	0.01330	0.01761	0.01161	0.00952	0.01210	0.00259	0.16392	0.00648	0.00402	0.01073
26	0.01892	0.03108	0.28428	0.03139	0.04153	0.02084	0.39101	0.02714	0.01927	0.02714	0.01647	0.02103	0.01209	0.00753	0.00929	0.00280	0.01366	0.00859	0.00403	0.01190
27	0.01134	0.00900	0.01040	0.01100	0.01353	0.00807	0.00888	0.01416	0.01971	0.02437	0.10234	0.08547	0.42318	0.02196	0.01060	0.00320	0.00543	0.20196	0.00796	0.00744
28	0.01707	0.04402	0.65683	0.02426	0.03683	0.01976	0.03144	0.02695	0.01797	0.02695	0.01527	0.01797	0.01078	0.00809	0.00809	0.00270	0.01258	0.00629	0.00359	0.01258
29	0.02213	0.06845	0.17862	0.03384	0.23930	0.14314	0.10327	0.02894	0.05287	0.02620	0.01623	0.01968	0.01283	0.00806	0.00827	0.00253	0.01200	0.00715	0.00432	0.01218
30	0.01051	0.00759	0.00971	0.01134	0.01201	0.00705	0.00754	0.01193	0.01624	0.02140	0.04871	0.58662	0.10658	0.08318	0.01353	0.00381	0.00516	0.02264	0.00767	0.00679
31	0.02072	0.02017	0.03532	0.08468	0.56763	0.02025	0.07352	0.02597	0.01931	0.02743	0.01606	0.02130	0.01332	0.00760	0.00856	0.00257	0.01052	0.00778	0.00420	0.01310
32	0.02060	0.02112	0.06480	0.08461	0.58599	0.02013	0.02625	0.02592	0.01918	0.02743	0.01592	0.02100	0.01323	0.00766	0.00841	0.00255	0.01030	0.00752	0.00416	0.01322
33	0.06388	0.02516	0.05718	0.02971	0.23292	0.22536	0.01871	0.02606	0.01921	0.02422	0.01641	0.02156	0.01412	0.02120	0.16249	0.00505	0.01469	0.00703	0.00438	0.01065
34	0.02483	0.02954	0.01983	0.01868	0.02187	0.44210	0.01385	0.02697	0.02089	0.02064	0.02018	0.12090	0.02005	0.04533	0.11231	0.00439	0.01470	0.00909	0.00496	0.00890
35	0.02059	0.06572	0.25347	0.02698	0.09822	0.11559	0.09446	0.02645	0.01834	0.02472	0.01437	0.01840	0.01151	0.00912	0.01162	0.00270	0.13247	0.00682	0.00395	0.04449
36	0.01428	0.01852	0.13903	0.01480	0.01883	0.06922	0.01335	0.01908	0.05323	0.02469	0.09238	0.29725	0.15451	0.01884	0.00969	0.00299	0.00728	0.01629	0.00690	0.00880
37	0.01480	0.01325	0.06994	0.01321	0.01689	0.01065	0.01156	0.02062	0.07572	0.06871	0.25463	0.06471	0.19149	0.01770	0.00997	0.00297	0.00600	0.11984	0.00824	0.00909
38	0.05719	0.01784	0.01520	0.01452	0.01698	0.19235	0.01100	0.02143	0.01717	0.02282	0.01978	0.02640	0.01731	0.03242	0.26857	0.07358	0.01496	0.00750	0.14495	0.00803

[dist]
# distance from previous block
# <min> <max>
0	4

[block]
# block no. 7 follows, 21 sequences, length 16
# corresponding to MSA columns:
# 581-596
name=unknown_H
#
# <colnr> <probs for GDERKNQSTAVLIFYWHMCP>
#	G	D	E	R	K	N	Q	S	T	A	V	L	I	F	Y	W	H	M	C	P
0	0.02575	0.48536	0.03780	0.01700	0.02332	0.24361	0.01519	0.02830	0.01955	0.02029	0.01227	0.01421	0.01093	0.00777	0.00619	0.00194	0.01117	0.00486	0.00389	0.01057
1	0.02468	0.02540	0.11911	0.03173	0.25907	0.12534	0.02119	0.03145	0.07987	0.12990	0.02164	0.02595	0.01699	0.00956	0.00847	0.00262	0.01042	0.03818	0.00581	0.01262
2	0.01915	0.01603	0.01892	0.02145	0.14295	0.06689	0.01327	0.02514	0.11803	0.05415	0.02627	0.03546	0.04613	0.19616	0.01923	0.00416	0.06626	0.00952	0.09108	0.00976
3	0.01266	0.00881	0.01056	0.01100	0.01170	0.00872	0.00707	0.04677	0.01620	0.02172	0.06864	0.31704	0.04314	0.34704	0.02617	0.00565	0.00672	0.01713	0.00671	0.00656
4	0.01970	0.02220	0.04784	0.09800	0.04584	0.02127	0.55975	0.02673	0.01979	0.02673	0.01702	0.02293	0.01276	0.00730	0.00990	0.00287	0.01406	0.00980	0.00425	0.01128
5	0.02164	0.02176	0.03259	0.11221	0.52615	0.08517	0.02489	0.02647	0.01962	0.02649	0.01563	0.02065	0.01301	0.00779	0.00836	0.00252	0.01076	0.00737	0.00419	0.01271
6	0.09256	0.19021	0.31653	0.04433	0.02830	0.02131	0.02128	0.02446	0.01689	0.02557	0.01557	0.01920	0.01244	0.01478	0.08755	0.00380	0.01198	0.00618	0.03615	0.01092
7	0.01238	0.01449	0.11755	0.01343	0.01714	0.00987	0.01242	0.01647	0.01989	0.02670	0.20384	0.16880	0.20165	0.01942	0.01014	0.00306	0.00628	0.11058	0.00755	0.00836
8	0.01732	0.01352	0.01463	0.01291	0.01628	0.04191	0.00949	0.10725	0.01974	0.02758	0.02698	0.18381	0.02778	0.15251	0.05249	0.00415	0.00799	0.01180	0.06949	0.18237
9	0.01894	0.01916	0.03515	0.03991	0.35405	0.01847	0.20751	0.02418	0.01960	0.02684	0.02799	0.03171	0.11763	0.00976	0.00920	0.00269	0.01048	0.01007	0.00485	0.01181
10	0.02542	0.02820	0.02112	0.02161	0.08414	0.39671	0.01460	0.02607	0.01959	0.01965	0.01395	0.01919	0.01240	0.01511	0.01570	0.23543	0.01235	0.00629	0.00415	0.00831
11	0.02370	0.06612	0.16381	0.03466	0.29214	0.15757	0.02360	0.08745	0.02204	0.02833	0.01547	0.01875	0.01234	0.00819	0.00805	0.00246	0.01161	0.00671	0.00452	0.01249
12	0.10052	0.02705	0.02104	0.01867	0.02356	0.26463	0.01444	0.09677	0.28171	0.03211	0.02283	0.02263	0.01748	0.01000	0.00793	0.00257	0.01023	0.00736	0.00669	0.01179
13	0.02179	0.19244	0.32204	0.02271	0.03194	0.16019	0.08315	0.02814	0.01933	0.02410	0.01423	0.01693	0.01106	0.00795	0.00759	0.00241	0.01255	0.00610	0.00384	0.01151
14	0.09143	0.13260	0.09059	0.02174	0.09069	0.01848	0.10853	0.02132	0.01752	0.02520	0.02858	0.17820	0.08271	0.01357	0.00943	0.00279	0.03953	0.01180	0.00535	0.00993
15	0.02001	0.02009	0.05902	0.02153	0.11380	0.12246	0.01516	0.02820	0.15093	0.05796	0.16354	0.10307	0.03653	0.01357	0.00908	0.00275	0.00831	0.03612	0.00711	0.01076

[dist]
# distance from previous block
# <min> <max>
1	19

[block]
# block no. 8 follows, 21 sequences, length 31
# corresponding to MSA columns:
# 617-647
name=unknown_I
#
# <colnr> <probs for GDERKNQSTAVLIFYWHMCP>
#	G	D	E	R	K	N	Q	S	T	A	V	L	I	F	Y	W	H	M	C	P
0	0.01717	0.02016	0.08289	0.02836	0.03501	0.01734	0.40555	0.02296	0.01888	0.02570	0.02532	0.20922	0.02480	0.01265	0.01013	0.00302	0.01161	0.01370	0.00525	0.01029
1	0.01307	0.01290	0.01085	0.01052	0.01354	0.09541	0.00789	0.01534	0.02029	0.02332	0.10752	0.07198	0.52824	0.01961	0.00974	0.00277	0.00577	0.01615	0.00751	0.00759
2	0.01568	0.04944	0.19361	0.18882	0.10594	0.01669	0.02110	0.02122	0.01688	0.02345	0.02116	0.12237	0.01979	0.02043	0.12179	0.00468	0.01246	0.00983	0.00452	0.01013
3	0.02148	0.35370	0.12491	0.02204	0.07128	0.06739	0.06424	0.02553	0.01744	0.02222	0.01299	0.01645	0.01128	0.00881	0.01038	0.00242	0.12664	0.00598	0.00379	0.01104
4	0.01263	0.01004	0.01617	0.01523	0.01721	0.01119	0.05642	0.01587	0.01435	0.02047	0.02412	0.08051	0.02317	0.05684	0.56989	0.01212	0.02086	0.01028	0.00478	0.00784
5	0.01742	0.04174	0.59427	0.02625	0.06739	0.01988	0.06192	0.02693	0.01815	0.02701	0.01541	0.01838	0.01103	0.00801	0.00820	0.00270	0.01255	0.00655	0.00366	0.01256
6	0.02082	0.02089	0.03837	0.04824	0.50052	0.02054	0.17037	0.02640	0.01955	0.02767	0.01630	0.02152	0.01334	0.00748	0.00882	0.00261	0.01114	0.00818	0.00423	0.01299
7	0.02049	0.01964	0.03352	0.12373	0.58078	0.02007	0.02583	0.02562	0.01911	0.02711	0.01591	0.02125	0.01324	0.00769	0.00843	0.00256	0.01025	0.00758	0.00416	0.01302
8	0.01006	0.00862	0.00862	0.00862	0.01149	0.00718	0.00647	0.01221	0.01940	0.02299	0.08621	0.08190	0.64438	0.02155	0.01006	0.00287	0.00431	0.01796	0.00790	0.00718
9	0.02962	0.03294	0.02327	0.06558	0.02730	0.44216	0.01609	0.15108	0.02638	0.02839	0.01588	0.01813	0.01252	0.00913	0.00777	0.00229	0.01299	0.00625	0.06159	0.01063
10	0.01952	0.04984	0.04714	0.07068	0.17341	0.01738	0.01794	0.02887	0.16912	0.06659	0.03008	0.04632	0.02730	0.01359	0.00934	0.00303	0.00856	0.18319	0.00669	0.01141
11	0.01037	0.00741	0.00987	0.01185	0.01234	0.00691	0.00790	0.01185	0.01629	0.02172	0.04690	0.69537	0.05629	0.02666	0.01086	0.00346	0.00494	0.02419	0.00790	0.00691
12	0.03063	0.03836	0.02524	0.02520	0.09346	0.59690	0.01749	0.03313	0.02360	0.02158	0.01346	0.01596	0.01123	0.00864	0.00775	0.00223	0.01478	0.00571	0.00437	0.01026
13	0.01976	0.35699	0.36740	0.01967	0.02975	0.02634	0.02346	0.02626	0.01765	0.02368	0.01365	0.01593	0.01085	0.00770	0.00684	0.00228	0.01093	0.00547	0.00362	0.01179
14	0.02267	0.33531	0.04316	0.02375	0.03078	0.10729	0.23734	0.02693	0.01895	0.02282	0.01395	0.01756	0.01167	0.00783	0.00861	0.00235	0.04732	0.00685	0.00398	0.01091
15	0.01050	0.00750	0.00999	0.01176	0.01237	0.00700	0.00791	0.01217	0.01688	0.02266	0.09214	0.64745	0.05811	0.02596	0.01080	0.00340	0.00487	0.02353	0.00801	0.00700
16	0.03179	0.04056	0.02412	0.02192	0.02631	0.66676	0.01644	0.03398	0.02412	0.02083	0.01315	0.01535	0.01096	0.00877	0.00767	0.00219	0.01535	0.00548	0.00438	0.00987
17	0.02271	0.02282	0.02556	0.24306	0.09002	0.17723	0.05505	0.07333	0.08654	0.04712	0.02229	0.02540	0.05248	0.00973	0.00850	0.00263	0.01119	0.00810	0.00535	0.01086
18	0.02876	0.02648	0.02323	0.01949	0.02506	0.19167	0.01541	0.28980	0.21856	0.03952	0.02292	0.02260	0.01711	0.01025	0.00834	0.00256	0.01011	0.00770	0.00748	0.01296
19	0.01680	0.01439	0.01778	0.01627	0.01803	0.05525	0.01298	0.06387	0.01651	0.02360	0.01959	0.02754	0.01768	0.03969	0.36233	0.00867	0.18336	0.00827	0.06870	0.00871
20	0.20250	0.03084	0.31124	0.02358	0.03303	0.02043	0.16798	0.06253	0.01896	0.03142	0.01521	0.01831	0.01114	0.00795	0.00789	0.00271	0.01133	0.00687	0.00448	0.01159
21	0.02180	0.07597	0.18249	0.03850	0.36730	0.11620	0.02517	0.02743	0.01959	0.02604	0.01513	0.01897	0.01229	0.00786	0.00803	0.00247	0.01140	0.00676	0.00405	0.01256
22	0.01405	0.00894	0.01136	0.01127	0.01281	0.00992	0.00858	0.01725	0.01555	0.02505	0.02561	0.05988	0.02289	0.06476	0.28733	0.00733	0.04494	0.00927	0.33554	0.00769
23	0.01233	0.05861	0.01262	0.01097	0.01217	0.00980	0.00757	0.01385	0.01583	0.02112	0.11001	0.24984	0.07278	0.27114	0.07861	0.00583	0.00783	0.01581	0.00649	0.00678
24	0.01891	0.01440	0.01697	0.01548	0.01860	0.05430	0.01219	0.10783	0.07789	0.06971	0.02373	0.02999	0.02010	0.04410	0.42405	0.00959	0.01781	0.00870	0.00592	0.00976
25	0.01215	0.00847	0.01078	0.01093	0.01147	0.00894	0.00717	0.01327	0.01310	0.01797	0.02701	0.09686	0.02967	0.43955	0.24673	0.00968	0.01280	0.01220	0.00517	0.00610
26	0.01845	0.01874	0.03647	0.03549	0.22300	0.01846	0.28709	0.02396	0.01830	0.02559	0.01821	0.02493	0.01513	0.02113	0.17000	0.00540	0.01511	0.00906	0.00434	0.01115
27	0.02888	0.02993	0.02426	0.02392	0.10005	0.34082	0.01671	0.10342	0.14712	0.07184	0.02004	0.02084	0.01537	0.00947	0.00812	0.00244	0.01175	0.00703	0.00612	0.01187
28	0.01986	0.01851	0.03113	0.04625	0.54460	0.01851	0.02409	0.02473	0.01941	0.02742	0.02077	0.03334	0.01929	0.01019	0.00897	0.00276	0.00974	0.10308	0.00481	0.01256
29	0.01922	0.01148	0.01418	0.01272	0.01466	0.01211	0.00934	0.16084	0.01909	0.02662	0.01796	0.02535	0.01568	0.02211	0.02342	0.46506	0.00740	0.00753	0.10830	0.00692
30	0.16068	0.27327	0.16300	0.01685	0.02426	0.07945	0.01706	0.08154	0.02004	0.02898	0.05224	0.01844	0.01517	0.00859	0.00674	0.00231	0.00961	0.00597	0.00481	0.01102

[dist]
# distance from previous block
# <min> <max>
0	52

[block]
