[name]
unknown

[dist]
# distance from previous block
# <min> <max>
0	28

[block]
# block no. 0 follows, 19 sequences, length 31
# corresponding to MSA columns:
# 28-58
name=unknown_A
#
# <colnr> <probs for GDERKNQSTAVLIFYWHMCP>
#	G	D	E	R	K	N	Q	S	T	A	V	L	I	F	Y	W	H	M	C	P
0	0.01442	0.01030	0.01442	0.01648	0.01854	0.01030	0.01442	0.01854	0.02060	0.02677	0.04737	0.10092	0.05149	0.02471	0.01236	0.00412	0.00824	0.56956	0.00824	0.00824
1	0.02176	0.02086	0.03561	0.09982	0.58789	0.02116	0.02726	0.02712	0.02019	0.02876	0.01676	0.02227	0.01401	0.00804	0.00886	0.00268	0.01072	0.00797	0.00440	0.01386
2	0.02297	0.02381	0.02117	0.01857	0.02278	0.22024	0.04586	0.07568	0.05916	0.02793	0.03405	0.03943	0.13029	0.01597	0.03870	0.00326	0.05312	0.05090	0.05006	0.04606
3	0.01277	0.00873	0.01036	0.01033	0.01090	0.00851	0.00639	0.01394	0.01641	0.02241	0.17971	0.10642	0.04753	0.46946	0.03423	0.00683	0.00730	0.01472	0.00675	0.00632
4	0.01207	0.00843	0.01056	0.01122	0.01196	0.00805	0.00734	0.01376	0.01776	0.02421	0.18665	0.31067	0.05629	0.25325	0.02301	0.00517	0.00615	0.01881	0.00769	0.00692
5	0.01433	0.01141	0.01324	0.01372	0.01596	0.01183	0.00988	0.02319	0.19592	0.02797	0.07799	0.38796	0.11715	0.02219	0.01059	0.00334	0.00563	0.01965	0.00862	0.00941
6	0.02751	0.03150	0.02809	0.16662	0.16376	0.35058	0.02106	0.05856	0.02350	0.02534	0.01528	0.01933	0.01236	0.00897	0.00847	0.00254	0.01375	0.00681	0.00465	0.01133
7	0.01445	0.00967	0.01053	0.01022	0.01230	0.00932	0.00728	0.05126	0.02003	0.02845	0.11576	0.10342	0.19269	0.16003	0.01682	0.00397	0.00565	0.01426	0.20602	0.00786
8	0.01165	0.00895	0.01065	0.01055	0.01282	0.00796	0.00779	0.01480	0.02246	0.02982	0.35103	0.14592	0.29103	0.02112	0.01066	0.00299	0.00445	0.01831	0.00907	0.00796
9	0.02863	0.03959	0.16248	0.02250	0.02921	0.40450	0.02017	0.09175	0.02535	0.02709	0.01976	0.02153	0.04893	0.01003	0.00841	0.00251	0.01412	0.00698	0.00510	0.01135
10	0.03058	0.07680	0.02560	0.02160	0.02648	0.48534	0.01653	0.03759	0.14442	0.02500	0.01833	0.01953	0.01473	0.00972	0.00814	0.00243	0.01390	0.00659	0.00548	0.01121
11	0.01940	0.01090	0.01255	0.01111	0.01529	0.00922	0.00869	0.02202	0.02195	0.20676	0.07412	0.06949	0.44588	0.01920	0.01010	0.00295	0.00545	0.01593	0.00913	0.00984
12	0.01374	0.00864	0.00991	0.00988	0.01089	0.00846	0.00645	0.01579	0.01736	0.02570	0.15929	0.08833	0.04286	0.33464	0.02618	0.00547	0.00638	0.01321	0.18991	0.00691
13	0.02214	0.02126	0.03631	0.05491	0.62978	0.02126	0.02746	0.02746	0.02037	0.02923	0.01683	0.02214	0.01417	0.00797	0.00886	0.00266	0.01063	0.00797	0.00443	0.01417
14	0.05363	0.06021	0.26843	0.34937	0.04857	0.02098	0.02688	0.02537	0.01817	0.02578	0.01563	0.02098	0.01156	0.00868	0.00845	0.00286	0.01208	0.00712	0.00397	0.01129
15	0.02258	0.02318	0.03402	0.11200	0.42315	0.10342	0.06425	0.02763	0.02055	0.02717	0.01674	0.02225	0.01391	0.01085	0.03755	0.00319	0.01239	0.00793	0.00443	0.01280
16	0.02475	0.34319	0.03666	0.15734	0.06879	0.14787	0.01854	0.06260	0.02107	0.02424	0.01425	0.01761	0.01197	0.00843	0.00725	0.00231	0.01140	0.00603	0.00436	0.01133
17	0.01851	0.08943	0.56892	0.02542	0.03805	0.02187	0.06035	0.02824	0.01895	0.02785	0.01591	0.01884	0.01146	0.00839	0.00841	0.00278	0.01306	0.00668	0.00382	0.01304
18	0.02317	0.02529	0.02709	0.03524	0.31108	0.21329	0.01989	0.02690	0.02192	0.02587	0.03166	0.03393	0.14402	0.01149	0.00898	0.00263	0.01103	0.00962	0.00531	0.01158
19	0.02152	0.02070	0.03589	0.05149	0.56018	0.02072	0.05795	0.02682	0.02005	0.02868	0.01733	0.02304	0.01464	0.01155	0.04801	0.00339	0.01169	0.00821	0.00446	0.01368
20	0.01131	0.00844	0.01051	0.01137	0.01288	0.00765	0.00800	0.01375	0.02010	0.02669	0.21550	0.37930	0.19347	0.02417	0.01099	0.00327	0.00478	0.02144	0.00873	0.00765
21	0.02214	0.02126	0.03631	0.05491	0.62978	0.02126	0.02746	0.02746	0.02037	0.02923	0.01683	0.02214	0.01417	0.00797	0.00886	0.00266	0.01063	0.00797	0.00443	0.01417
22	0.01945	0.02068	0.04044	0.19790	0.07951	0.02169	0.32775	0.02561	0.01940	0.02621	0.01997	0.02619	0.04008	0.00948	0.01210	0.00309	0.08498	0.00981	0.00448	0.01119
23	0.01178	0.00825	0.01003	0.01108	0.01154	0.00789	0.00697	0.01272	0.01557	0.02057	0.04289	0.37533	0.08393	0.30980	0.02600	0.00576	0.00664	0.01969	0.00707	0.00649
24	0.01233	0.00883	0.01197	0.01253	0.01338	0.00940	0.00875	0.01417	0.01474	0.02036	0.03208	0.21750	0.03530	0.23311	0.30338	0.00982	0.01448	0.01488	0.00593	0.00706
25	0.02812	0.03314	0.02676	0.02664	0.09921	0.38758	0.01880	0.03241	0.06550	0.02385	0.01539	0.01890	0.01306	0.01073	0.01302	0.00276	0.16157	0.00681	0.00476	0.01098
26	0.01261	0.00859	0.00979	0.01003	0.01028	0.00844	0.00585	0.01293	0.01397	0.01843	0.03466	0.13336	0.07355	0.56594	0.03929	0.00772	0.00800	0.01485	0.00594	0.00577
27	0.01084	0.00907	0.00944	0.00935	0.01225	0.00767	0.00701	0.01336	0.02103	0.02568	0.15956	0.08361	0.55627	0.02209	0.01057	0.00299	0.00449	0.01853	0.00851	0.00767
28	0.01544	0.01303	0.01348	0.01398	0.01597	0.06470	0.00997	0.06961	0.04939	0.02667	0.04796	0.46255	0.11583	0.02345	0.01070	0.00333	0.00656	0.02067	0.00809	0.00862
29	0.02243	0.02426	0.13210	0.07423	0.23972	0.02172	0.08000	0.02787	0.01912	0.09316	0.01764	0.02224	0.01384	0.01014	0.01359	0.00304	0.15924	0.00808	0.00491	0.01268
30	0.02509	0.02423	0.02919	0.07624	0.28724	0.11857	0.02139	0.10678	0.15709	0.03304	0.02131	0.02377	0.01671	0.00952	0.00881	0.00271	0.01066	0.00812	0.00606	0.01345

[dist]
# distance from previous block
# <min> <max>
0	2

[block]
# block no. 1 follows, 19 sequences, length 7
# corresponding to MSA columns:
# 61-67
name=unknown_B
#
# <colnr> <probs for GDERKNQSTAVLIFYWHMCP>
#	G	D	E	R	K	N	Q	S	T	A	V	L	I	F	Y	W	H	M	C	P
0	0.02101	0.02601	0.14130	0.04378	0.35492	0.02193	0.15507	0.02744	0.01979	0.02838	0.01661	0.02185	0.01338	0.00853	0.01069	0.00286	0.06063	0.00831	0.00430	0.01322
1	0.02254	0.02585	0.07028	0.21101	0.03492	0.22000	0.01900	0.02686	0.02000	0.02474	0.01719	0.02223	0.01375	0.01009	0.01063	0.00270	0.09232	0.00720	0.13868	0.01002
2	0.11077	0.13981	0.02361	0.01735	0.05165	0.13620	0.01335	0.12096	0.02395	0.03082	0.03784	0.03777	0.19596	0.01305	0.00829	0.00259	0.00905	0.00990	0.00641	0.01065
3	0.23543	0.01959	0.09450	0.06014	0.12489	0.01736	0.01635	0.02606	0.06475	0.05977	0.05917	0.03465	0.12953	0.01183	0.00825	0.00284	0.00810	0.00947	0.00628	0.01104
4	0.01802	0.01781	0.02213	0.01979	0.02153	0.09530	0.04713	0.02080	0.01604	0.02175	0.01983	0.07026	0.01932	0.03609	0.27592	0.00789	0.24699	0.00963	0.00469	0.00909
5	0.01126	0.00848	0.00973	0.01054	0.01190	0.00770	0.00707	0.01273	0.01744	0.02210	0.06034	0.31055	0.27047	0.17586	0.01887	0.00455	0.00573	0.02009	0.00765	0.00696
6	0.06572	0.06707	0.03038	0.02686	0.10486	0.19735	0.08878	0.09419	0.02258	0.02913	0.01589	0.01988	0.01309	0.01016	0.01220	0.00277	0.13592	0.00732	0.04439	0.01143

[dist]
# distance from previous block
# <min> <max>
0	1

[block]
# block no. 2 follows, 19 sequences, length 23
# corresponding to MSA columns:
# 69-91
name=unknown_C
#
# <colnr> <probs for GDERKNQSTAVLIFYWHMCP>
#	G	D	E	R	K	N	Q	S	T	A	V	L	I	F	Y	W	H	M	C	P
0	0.01974	0.33377	0.11801	0.02007	0.02713	0.02492	0.12141	0.02415	0.01857	0.02378	0.02211	0.16424	0.02241	0.01226	0.00824	0.00262	0.01008	0.01065	0.00494	0.01088
1	0.02430	0.36144	0.21281	0.01996	0.02854	0.16737	0.02086	0.02921	0.01997	0.02334	0.01379	0.01605	0.01145	0.00824	0.00705	0.00227	0.01208	0.00553	0.00399	0.01174
2	0.02258	0.57313	0.07314	0.01652	0.02407	0.03191	0.04288	0.02615	0.01893	0.02296	0.06251	0.01928	0.01748	0.00855	0.00649	0.00208	0.00957	0.00607	0.00435	0.01135
3	0.01209	0.00904	0.01122	0.01085	0.01306	0.00817	0.00807	0.01571	0.02372	0.03248	0.47106	0.11040	0.20142	0.01987	0.01061	0.00291	0.00435	0.01737	0.00941	0.00817
4	0.01853	0.01032	0.01371	0.01244	0.01542	0.00933	0.00947	0.02223	0.02433	0.16723	0.41982	0.13805	0.06734	0.01795	0.01032	0.00291	0.00510	0.01578	0.00992	0.00979
5	0.01401	0.01139	0.01674	0.01603	0.01734	0.01412	0.01270	0.01698	0.01426	0.02091	0.02175	0.03233	0.02044	0.05779	0.53780	0.01248	0.14073	0.00927	0.00463	0.00831
6	0.01732	0.01470	0.01784	0.01370	0.01964	0.01250	0.01090	0.02117	0.01965	0.03000	0.15265	0.02951	0.02914	0.01004	0.00951	0.00189	0.06426	0.00797	0.00620	0.51141
7	0.01084	0.00855	0.00978	0.01057	0.01252	0.00749	0.00751	0.01294	0.01939	0.02438	0.10795	0.32348	0.36388	0.02454	0.01091	0.00325	0.00478	0.02134	0.00840	0.00749
8	0.03401	0.02506	0.02685	0.02058	0.02774	0.02774	0.01700	0.59995	0.04206	0.05638	0.02148	0.02148	0.01521	0.01074	0.00895	0.00268	0.00984	0.00805	0.00895	0.01521
9	0.02959	0.02065	0.02601	0.02673	0.16108	0.02183	0.01782	0.21317	0.18067	0.16616	0.02715	0.02656	0.01953	0.01055	0.00898	0.00279	0.00885	0.00876	0.00841	0.01471
10	0.01119	0.00873	0.01072	0.01146	0.01327	0.00827	0.00832	0.01341	0.01789	0.02293	0.06104	0.28410	0.29019	0.03456	0.15483	0.00579	0.00914	0.01910	0.00752	0.00755
11	0.18494	0.01371	0.01313	0.01156	0.01544	0.01487	0.00918	0.13810	0.02263	0.03950	0.02388	0.02674	0.01840	0.01001	0.00663	0.00236	0.00593	0.00750	0.42548	0.01002
12	0.01943	0.01460	0.01650	0.01467	0.01842	0.01520	0.01138	0.22446	0.02703	0.03566	0.07588	0.18777	0.18563	0.02435	0.08216	0.00430	0.00876	0.01526	0.00822	0.01034
13	0.01472	0.01199	0.01284	0.01264	0.01363	0.06589	0.00860	0.01610	0.01460	0.01901	0.02536	0.04616	0.02692	0.39716	0.26613	0.01023	0.01499	0.01111	0.00512	0.00681
14	0.01075	0.00836	0.00979	0.01094	0.01258	0.00739	0.00763	0.01263	0.01859	0.02343	0.06777	0.41451	0.31249	0.02563	0.01104	0.00336	0.00490	0.02251	0.00831	0.00739
15	0.03080	0.03685	0.02528	0.02257	0.02678	0.48552	0.01731	0.06623	0.07247	0.02502	0.01582	0.01826	0.01304	0.01036	0.01089	0.00259	0.09771	0.00650	0.00513	0.01087
16	0.01696	0.04725	0.11991	0.01905	0.07275	0.01478	0.01512	0.02027	0.01658	0.06131	0.02684	0.14800	0.02768	0.20322	0.09292	0.00589	0.06419	0.01227	0.00566	0.00933
17	0.01090	0.00779	0.01038	0.01246	0.01298	0.00727	0.00830	0.01246	0.01713	0.02284	0.04931	0.67975	0.05917	0.02803	0.01142	0.00363	0.00519	0.02543	0.00830	0.00727
18	0.02168	0.09314	0.42469	0.06407	0.03659	0.05791	0.02776	0.11583	0.02268	0.03134	0.01646	0.01908	0.01199	0.00884	0.00835	0.00272	0.01249	0.00672	0.00463	0.01302
19	0.07105	0.11356	0.09209	0.02832	0.16073	0.23403	0.05626	0.02968	0.02121	0.02665	0.01608	0.01944	0.01310	0.00862	0.00783	0.00244	0.01210	0.00669	0.06860	0.01153
20	0.06727	0.02209	0.11842	0.02773	0.10636	0.01865	0.17603	0.02832	0.07120	0.07762	0.02160	0.02631	0.01696	0.02188	0.15343	0.00547	0.01442	0.00891	0.00546	0.01187
21	0.01768	0.01722	0.01618	0.01527	0.01743	0.15238	0.01145	0.02061	0.02068	0.02625	0.23685	0.07273	0.04399	0.08614	0.15826	0.00593	0.05370	0.01200	0.00672	0.00853
22	0.14210	0.01380	0.01690	0.09956	0.02360	0.01440	0.01252	0.06246	0.04565	0.16647	0.05718	0.17632	0.05447	0.01623	0.01074	0.04950	0.00738	0.01250	0.00776	0.01046

[dist]
# distance from previous block
# <min> <max>
22	80

[block]
# block no. 3 follows, 19 sequences, length 25
# corresponding to MSA columns:
# 183-207
name=unknown_D
#
# <colnr> <probs for GDERKNQSTAVLIFYWHMCP>
#	G	D	E	R	K	N	Q	S	T	A	V	L	I	F	Y	W	H	M	C	P
0	0.01297	0.00891	0.01071	0.01129	0.01335	0.00788	0.00807	0.01513	0.01958	0.06785	0.10415	0.35853	0.28068	0.02405	0.01086	0.00328	0.00504	0.02106	0.00861	0.00803
1	0.02184	0.02197	0.03026	0.03918	0.35541	0.09014	0.02223	0.02579	0.01922	0.02642	0.01764	0.06597	0.01642	0.01094	0.01292	0.00284	0.14340	0.00871	0.00467	0.06401
2	0.02363	0.02544	0.03206	0.03554	0.24817	0.16017	0.07782	0.02758	0.01977	0.02566	0.01498	0.02013	0.01287	0.01000	0.01374	0.00283	0.17402	0.00751	0.00441	0.06367
3	0.01301	0.00867	0.00976	0.00976	0.00976	0.00867	0.00542	0.01301	0.01301	0.01735	0.02819	0.05855	0.03253	0.68559	0.04554	0.00867	0.00867	0.01301	0.00542	0.00542
4	0.01249	0.00928	0.01137	0.01197	0.01370	0.00871	0.00852	0.04591	0.02092	0.02776	0.17994	0.39379	0.17455	0.02391	0.01093	0.00328	0.00511	0.02118	0.00867	0.00801
5	0.01543	0.01385	0.02003	0.17424	0.02913	0.05061	0.05710	0.01910	0.01650	0.02179	0.02387	0.09582	0.02314	0.10197	0.28791	0.00846	0.01659	0.01092	0.00497	0.00858
6	0.01790	0.01298	0.01506	0.01386	0.01698	0.01381	0.01042	0.05844	0.16512	0.07067	0.04156	0.04809	0.14333	0.15730	0.16738	0.00676	0.01106	0.01207	0.00735	0.00986
7	0.17480	0.02309	0.02365	0.01866	0.02535	0.02582	0.01535	0.44566	0.07875	0.05177	0.02079	0.02098	0.01501	0.01036	0.00828	0.00273	0.00906	0.00757	0.00828	0.01404
8	0.02096	0.02282	0.07908	0.10913	0.38521	0.02178	0.12660	0.02683	0.01966	0.02786	0.01653	0.02225	0.01347	0.00860	0.01065	0.00286	0.06012	0.00832	0.00432	0.01299
9	0.01723	0.01259	0.01915	0.02512	0.19471	0.01206	0.01440	0.02033	0.01971	0.08596	0.09483	0.36350	0.04484	0.01954	0.01035	0.00318	0.00693	0.01780	0.00759	0.01018
10	0.01642	0.01515	0.02355	0.02044	0.02211	0.01903	0.07209	0.01952	0.01476	0.02186	0.01832	0.02761	0.01710	0.03992	0.32989	0.00892	0.29082	0.00895	0.00440	0.00913
11	0.01975	0.01457	0.01655	0.01450	0.01781	0.01538	0.01091	0.18954	0.08458	0.03716	0.21837	0.10872	0.04601	0.14594	0.01682	0.00402	0.00711	0.01350	0.00850	0.01028
12	0.02371	0.02579	0.02274	0.22332	0.03535	0.26186	0.01758	0.08229	0.02364	0.02602	0.03046	0.03297	0.13382	0.01194	0.00893	0.00270	0.01188	0.00928	0.00557	0.01015
13	0.03212	0.02252	0.02465	0.01942	0.02597	0.02459	0.01584	0.45727	0.09491	0.10937	0.02591	0.06177	0.01963	0.01191	0.00911	0.00278	0.00909	0.00936	0.00914	0.01465
14	0.01301	0.00867	0.00976	0.00976	0.00976	0.00867	0.00542	0.01301	0.01301	0.01735	0.02819	0.05855	0.03253	0.68559	0.04554	0.00867	0.00867	0.01301	0.00542	0.00542
15	0.01290	0.00882	0.01046	0.01023	0.01090	0.00860	0.00638	0.01424	0.01692	0.02322	0.21747	0.06117	0.04898	0.47398	0.03444	0.00682	0.00726	0.01402	0.00682	0.00638
16	0.02390	0.14307	0.24195	0.02237	0.02992	0.12403	0.02282	0.10759	0.02201	0.02872	0.01503	0.01821	0.01201	0.01018	0.01209	0.00279	0.13993	0.00662	0.00466	0.01210
17	0.02662	0.04337	0.04361	0.01672	0.04621	0.03650	0.01329	0.03014	0.02244	0.29393	0.09310	0.04651	0.08312	0.06545	0.03611	0.00375	0.00852	0.07025	0.00865	0.01172
18	0.01218	0.00901	0.01311	0.01377	0.01502	0.00994	0.01027	0.01486	0.01525	0.02142	0.03200	0.23956	0.03404	0.05471	0.44759	0.01097	0.01801	0.01461	0.00591	0.00776
19	0.01164	0.00824	0.01084	0.01251	0.01315	0.00794	0.00858	0.01328	0.01672	0.02230	0.04485	0.50162	0.05284	0.13023	0.04266	0.00489	0.00678	0.07610	0.00771	0.00711
20	0.02214	0.02126	0.03631	0.05491	0.62978	0.02126	0.02746	0.02746	0.02037	0.02923	0.01683	0.02214	0.01417	0.00797	0.00886	0.00266	0.01063	0.00797	0.00443	0.01417
21	0.02003	0.01834	0.03063	0.02417	0.02865	0.02026	0.19930	0.10626	0.02062	0.02921	0.01960	0.02653	0.01649	0.02719	0.20120	0.00643	0.14446	0.00927	0.04066	0.01070
22	0.01186	0.00885	0.00977	0.00979	0.01132	0.00811	0.00650	0.01339	0.01778	0.02272	0.12897	0.10115	0.28510	0.29744	0.02512	0.00537	0.00624	0.01643	0.00730	0.00676
23	0.01386	0.01161	0.01572	0.01569	0.01599	0.01379	0.01160	0.01539	0.01564	0.02189	0.03533	0.40953	0.04152	0.08853	0.02045	0.00422	0.21610	0.01863	0.00663	0.00788
24	0.02293	0.01393	0.01796	0.01962	0.11200	0.03639	0.01258	0.02569	0.02088	0.21796	0.04457	0.16757	0.14836	0.08206	0.01329	0.00353	0.00744	0.01423	0.00816	0.01086

[dist]
# distance from previous block
# <min> <max>
3	29

[block]
# block no. 4 follows, 19 sequences, length 53
# corresponding to MSA columns:
# 237-289
name=unknown_E
#
# <colnr> <probs for GDERKNQSTAVLIFYWHMCP>
#	G	D	E	R	K	N	Q	S	T	A	V	L	I	F	Y	W	H	M	C	P
0	0.06650	0.02835	0.06201	0.02914	0.11010	0.16939	0.15699	0.15962	0.02663	0.07783	0.01854	0.02111	0.01385	0.00905	0.00892	0.00269	0.01251	0.00794	0.00602	0.01281
1	0.01812	0.02413	0.16153	0.02960	0.22383	0.06421	0.02097	0.02338	0.02044	0.02682	0.03997	0.04577	0.19035	0.01377	0.00950	0.00290	0.00970	0.05801	0.00572	0.01129
2	0.01573	0.03043	0.35713	0.12174	0.03461	0.01676	0.02421	0.02306	0.01917	0.02668	0.05960	0.08146	0.12677	0.01293	0.00924	0.00295	0.01049	0.01079	0.00521	0.01105
3	0.03227	0.03149	0.02422	0.02101	0.02592	0.35581	0.01633	0.08497	0.09330	0.13966	0.02084	0.02149	0.01562	0.01056	0.01022	0.00264	0.06775	0.00722	0.00662	0.01206
4	0.01090	0.00887	0.00965	0.00988	0.01239	0.00762	0.00725	0.01330	0.02052	0.02548	0.15360	0.17658	0.46695	0.02293	0.01070	0.00309	0.00459	0.01956	0.00851	0.00762
5	0.07679	0.08040	0.03037	0.22272	0.23787	0.15406	0.02220	0.02769	0.02012	0.02591	0.01523	0.02017	0.01239	0.00852	0.00821	0.00262	0.01181	0.00700	0.00436	0.01156
6	0.09402	0.03429	0.02485	0.02123	0.02681	0.37683	0.01655	0.23423	0.03040	0.03562	0.01642	0.01789	0.01267	0.00968	0.00817	0.00248	0.01313	0.00649	0.00622	0.01202
7	0.01527	0.09573	0.01482	0.01096	0.01306	0.01203	0.00822	0.01732	0.01642	0.02392	0.03200	0.09438	0.07671	0.15675	0.10098	0.06140	0.00873	0.01126	0.22240	0.00761
8	0.01662	0.01214	0.01404	0.01394	0.01689	0.01239	0.01043	0.02565	0.19590	0.07437	0.05280	0.28575	0.16300	0.02074	0.01042	0.00329	0.00596	0.04688	0.00875	0.01003
9	0.01528	0.01327	0.01918	0.01774	0.01874	0.01716	0.01428	0.01802	0.01413	0.02105	0.01946	0.02941	0.01845	0.04814	0.42136	0.01052	0.26176	0.00894	0.00447	0.00865
10	0.01136	0.00848	0.01067	0.01211	0.01350	0.00778	0.00875	0.01355	0.01875	0.02429	0.08628	0.43376	0.19465	0.02585	0.01130	0.00351	0.00538	0.09413	0.00837	0.00752
11	0.01220	0.00842	0.01038	0.01116	0.01148	0.00836	0.00698	0.01305	0.01466	0.01969	0.03572	0.28852	0.04162	0.38785	0.08384	0.00727	0.00866	0.01736	0.00644	0.00633
12	0.03124	0.03900	0.02568	0.02312	0.02700	0.55150	0.01765	0.03349	0.02351	0.02184	0.01350	0.01668	0.01156	0.01024	0.01143	0.00256	0.11916	0.00609	0.00450	0.01028
13	0.03809	0.01851	0.02280	0.01748	0.02448	0.01803	0.01444	0.22958	0.03111	0.44223	0.03068	0.02745	0.01983	0.01096	0.00898	0.00274	0.00836	0.00868	0.01036	0.01522
14	0.01078	0.00826	0.00990	0.01121	0.01265	0.00737	0.00775	0.01260	0.01833	0.02333	0.06454	0.46097	0.26812	0.02605	0.01111	0.00341	0.00495	0.02302	0.00831	0.00737
15	0.01786	0.00983	0.01032	0.00979	0.01227	0.01017	0.00750	0.06906	0.02041	0.03440	0.02817	0.03248	0.02224	0.01444	0.05177	0.00300	0.00604	0.00840	0.62298	0.00889
16	0.01170	0.00838	0.01117	0.01245	0.01355	0.00786	0.00886	0.01423	0.01975	0.02688	0.21306	0.45673	0.06571	0.02498	0.01125	0.00344	0.00517	0.06842	0.00874	0.00768
17	0.01117	0.00798	0.01069	0.01276	0.01340	0.00750	0.00877	0.01292	0.01739	0.02314	0.04916	0.63564	0.05859	0.02778	0.01149	0.00367	0.00542	0.06689	0.00830	0.00734
18	0.02720	0.15086	0.03928	0.02708	0.03386	0.30959	0.23068	0.03153	0.02252	0.02424	0.01516	0.01877	0.01227	0.00832	0.00857	0.00250	0.01458	0.00736	0.00444	0.01119
19	0.01968	0.06967	0.02001	0.01700	0.01993	0.20110	0.01329	0.02259	0.01789	0.02112	0.02013	0.02801	0.01837	0.04565	0.41334	0.00990	0.02059	0.00810	0.00467	0.00895
20	0.22861	0.24381	0.17318	0.02291	0.12074	0.02541	0.01975	0.02711	0.01785	0.02947	0.01398	0.01669	0.01136	0.00809	0.00681	0.00249	0.00983	0.00573	0.00440	0.01180
21	0.14776	0.07534	0.22795	0.06870	0.07907	0.04896	0.02050	0.02504	0.01956	0.03003	0.10589	0.02976	0.06485	0.01080	0.00825	0.00274	0.00979	0.00855	0.00537	0.01110
22	0.01921	0.02017	0.03793	0.08325	0.03697	0.02235	0.29800	0.02436	0.01772	0.02499	0.01675	0.02416	0.01402	0.01785	0.09921	0.00476	0.21390	0.00939	0.00433	0.01067
23	0.08071	0.16908	0.08378	0.06106	0.22683	0.12022	0.02094	0.02987	0.02052	0.08358	0.01671	0.01955	0.01325	0.00850	0.00780	0.00249	0.01096	0.00669	0.00496	0.01249
24	0.02429	0.05722	0.03779	0.04172	0.33495	0.12263	0.14396	0.05606	0.02203	0.02860	0.01647	0.02112	0.01347	0.00844	0.00960	0.00268	0.03341	0.00801	0.00465	0.01291
25	0.01978	0.02029	0.01978	0.01778	0.02062	0.12995	0.01402	0.02690	0.14644	0.02582	0.04201	0.04268	0.20669	0.01595	0.01540	0.00316	0.20466	0.01140	0.00652	0.01013
26	0.18692	0.01612	0.01687	0.06067	0.02163	0.01776	0.01200	0.14998	0.08637	0.08398	0.02405	0.02571	0.01793	0.01014	0.00737	0.00258	0.00712	0.00770	0.23376	0.01135
27	0.17979	0.01953	0.02733	0.14646	0.27589	0.02104	0.02080	0.10278	0.02205	0.07668	0.01764	0.02131	0.01351	0.00880	0.00818	0.00275	0.00975	0.00738	0.00565	0.01267
28	0.02234	0.02092	0.15773	0.01787	0.02363	0.01580	0.01704	0.05522	0.06405	0.16412	0.06656	0.03049	0.02317	0.02586	0.16194	0.05879	0.04732	0.00899	0.00673	0.01142
29	0.01099	0.00826	0.01005	0.01130	0.01259	0.00747	0.00774	0.01280	0.01826	0.02358	0.08765	0.45085	0.22156	0.05728	0.01276	0.00366	0.00512	0.02252	0.00824	0.00732
30	0.01254	0.00847	0.00990	0.01037	0.01048	0.00836	0.00607	0.01289	0.01394	0.01858	0.03294	0.19830	0.03852	0.53765	0.03786	0.00754	0.00789	0.01581	0.00607	0.00584
31	0.02074	0.02925	0.25461	0.26005	0.04477	0.02183	0.04636	0.12952	0.05010	0.03177	0.01798	0.02203	0.01306	0.00920	0.00885	0.00288	0.01192	0.00766	0.00505	0.01237
32	0.01641	0.01458	0.02120	0.21399	0.13780	0.01589	0.01729	0.02379	0.11253	0.02648	0.03798	0.17524	0.11958	0.01548	0.00974	0.00308	0.00835	0.01373	0.00646	0.01041
33	0.01561	0.01158	0.01354	0.01319	0.01623	0.01150	0.01019	0.02345	0.14857	0.06196	0.18609	0.14057	0.20592	0.01971	0.01049	0.00317	0.00570	0.08394	0.00896	0.00962
34	0.01146	0.00863	0.01066	0.01152	0.01321	0.00783	0.00835	0.01400	0.02014	0.02643	0.19034	0.33281	0.22402	0.02409	0.01105	0.00331	0.00501	0.06080	0.00865	0.00768
35	0.08437	0.02596	0.06933	0.03189	0.24386	0.16137	0.02007	0.03139	0.11504	0.03039	0.07985	0.02618	0.02212	0.01001	0.00858	0.00267	0.01054	0.00828	0.00580	0.01230
36	0.02531	0.03103	0.18273	0.08424	0.15524	0.12104	0.07260	0.13101	0.02474	0.06097	0.01790	0.02097	0.01337	0.00898	0.00882	0.00271	0.01234	0.00756	0.00538	0.01304
37	0.01182	0.00867	0.01020	0.01052	0.01187	0.00801	0.00709	0.01368	0.01852	0.02437	0.17844	0.20913	0.20305	0.21995	0.02115	0.00480	0.00585	0.01805	0.00778	0.00705
38	0.01467	0.01046	0.01185	0.01106	0.01431	0.00952	0.00844	0.01955	0.07204	0.08043	0.24114	0.07122	0.36305	0.01949	0.01031	0.00294	0.00491	0.01650	0.00907	0.00902
39	0.01886	0.02311	0.11307	0.05790	0.05953	0.01954	0.33745	0.02661	0.05123	0.02818	0.05047	0.07668	0.02147	0.01435	0.05635	0.00384	0.01351	0.01118	0.00521	0.01147
40	0.07531	0.01468	0.01774	0.01777	0.06551	0.01497	0.01255	0.03215	0.18910	0.17732	0.04126	0.18116	0.09104	0.01592	0.00947	0.00306	0.00679	0.01363	0.00871	0.01188
41	0.02223	0.02535	0.02071	0.01858	0.02233	0.29976	0.05724	0.02522	0.02275	0.02494	0.12476	0.09281	0.12626	0.01841	0.05569	0.00354	0.01200	0.01177	0.00633	0.00932
42	0.01766	0.02045	0.09337	0.17001	0.03897	0.01970	0.19795	0.02338	0.01761	0.02452	0.01798	0.02559	0.01484	0.02320	0.16500	0.00582	0.10020	0.00899	0.00431	0.01044
43	0.02052	0.01844	0.06754	0.16278	0.03042	0.04725	0.01691	0.11310	0.02147	0.07200	0.02470	0.11933	0.02284	0.06916	0.11402	0.00521	0.04686	0.01090	0.00612	0.01041
44	0.01947	0.01872	0.01852	0.01697	0.02007	0.14997	0.01321	0.06207	0.01900	0.02425	0.02041	0.02805	0.01832	0.04344	0.38672	0.00942	0.04762	0.00822	0.00505	0.07048
45	0.01765	0.01829	0.01499	0.01546	0.01746	0.19686	0.01105	0.01960	0.01960	0.02251	0.04013	0.39136	0.08561	0.02496	0.05756	0.00399	0.00975	0.01797	0.00696	0.00826
46	0.02286	0.02424	0.01995	0.06503	0.02433	0.25688	0.01447	0.07591	0.04806	0.02601	0.02861	0.26262	0.03013	0.01669	0.01047	0.00298	0.04088	0.01365	0.00647	0.00976
47	0.01895	0.06091	0.25444	0.02581	0.07303	0.02322	0.05420	0.02444	0.01664	0.02463	0.01532	0.02247	0.01343	0.06270	0.01931	0.00365	0.26379	0.00778	0.00404	0.01124
48	0.05966	0.05567	0.02589	0.02898	0.21117	0.21655	0.01777	0.02876	0.02265	0.07380	0.10212	0.03065	0.06703	0.01102	0.00866	0.00257	0.01063	0.00892	0.00601	0.01149
49	0.19707	0.02827	0.18967	0.12397	0.07910	0.07403	0.02145	0.08624	0.06266	0.03329	0.01701	0.01992	0.01278	0.00902	0.00794	0.00278	0.01078	0.00682	0.00524	0.01195
50	0.02231	0.13148	0.12877	0.14119	0.15422	0.08298	0.02216	0.07612	0.06431	0.02850	0.01907	0.05544	0.01604	0.00989	0.00841	0.00267	0.01103	0.00812	0.00509	0.01220
51	0.05081	0.02421	0.12261	0.11103	0.14992	0.08059	0.02059	0.10313	0.02281	0.03102	0.06682	0.02929	0.05575	0.01627	0.07318	0.00391	0.01200	0.00884	0.00561	0.01161
52	0.05208	0.20333	0.07020	0.03219	0.23294	0.07264	0.06362	0.02694	0.01946	0.02610	0.01707	0.02460	0.01531	0.00973	0.00966	0.00267	0.05848	0.04642	0.00453	0.01203

[dist]
# distance from previous block
# <min> <max>
0	20

[block]
# block no. 5 follows, 19 sequences, length 32
# corresponding to MSA columns:
# 310-341
name=unknown_F
#
# <colnr> <probs for GDERKNQSTAVLIFYWHMCP>
#	G	D	E	R	K	N	Q	S	T	A	V	L	I	F	Y	W	H	M	C	P
0	0.06979	0.02692	0.19397	0.06622	0.06453	0.02203	0.13806	0.06484	0.01977	0.02933	0.01831	0.02715	0.01549	0.01123	0.01333	0.00318	0.14546	0.05392	0.00484	0.01163
1	0.08107	0.02336	0.05861	0.05949	0.19140	0.15615	0.04600	0.02572	0.02000	0.02702	0.02219	0.12824	0.02116	0.01416	0.03478	0.00323	0.01117	0.01020	0.05520	0.01084
2	0.02312	0.22072	0.02684	0.01750	0.05282	0.14547	0.01311	0.02671	0.05574	0.06239	0.05162	0.03203	0.02276	0.19305	0.01784	0.00404	0.01013	0.00857	0.00555	0.01001
3	0.02319	0.02354	0.07924	0.01748	0.02340	0.11960	0.01489	0.15173	0.06573	0.03426	0.05959	0.07869	0.02335	0.01369	0.03448	0.00291	0.00981	0.00913	0.05647	0.15882
4	0.02173	0.11340	0.06736	0.02280	0.11363	0.10033	0.01651	0.08396	0.07008	0.02844	0.02396	0.12828	0.02296	0.04924	0.04585	0.00357	0.01049	0.01029	0.00591	0.06120
5	0.11211	0.02875	0.02460	0.02210	0.05432	0.28109	0.05528	0.09932	0.08590	0.06106	0.07178	0.02429	0.02051	0.01030	0.00845	0.00261	0.01163	0.00787	0.00644	0.01160
6	0.07478	0.02227	0.02847	0.09064	0.14688	0.10653	0.07729	0.06180	0.05985	0.10171	0.01966	0.02319	0.01520	0.01273	0.04183	0.00343	0.08778	0.00804	0.00580	0.01210
7	0.01842	0.01775	0.02389	0.01888	0.02442	0.05813	0.12619	0.02361	0.05577	0.02678	0.03162	0.03951	0.11033	0.06710	0.01305	0.00302	0.04463	0.04802	0.00592	0.24296
8	0.01147	0.00873	0.01056	0.01088	0.01283	0.00781	0.00786	0.01429	0.02137	0.02831	0.28523	0.24781	0.25540	0.02250	0.01081	0.00312	0.00460	0.01970	0.00890	0.00781
9	0.06242	0.28625	0.02916	0.05096	0.02255	0.11856	0.01381	0.05103	0.02006	0.02698	0.01744	0.02052	0.01449	0.00921	0.00764	0.00225	0.04038	0.00630	0.18956	0.01042
10	0.03259	0.02369	0.02533	0.01958	0.02632	0.02615	0.01612	0.55248	0.04015	0.05450	0.02211	0.02245	0.01585	0.01071	0.00873	0.00264	0.00938	0.00808	0.06848	0.01465
11	0.02361	0.02789	0.04722	0.03473	0.04288	0.14990	0.47956	0.03009	0.02198	0.02729	0.01723	0.02251	0.01316	0.00788	0.01005	0.00287	0.01530	0.00958	0.00454	0.01172
12	0.01966	0.01678	0.01998	0.02137	0.09190	0.01846	0.01516	0.03636	0.37339	0.03318	0.04084	0.05036	0.07986	0.01512	0.00987	0.00321	0.00752	0.12625	0.00832	0.01240
13	0.01142	0.00847	0.01066	0.01144	0.01294	0.00771	0.00808	0.01399	0.02043	0.02739	0.24706	0.36953	0.17035	0.02384	0.01098	0.00325	0.00475	0.02119	0.00882	0.00771
14	0.01486	0.00996	0.01283	0.01210	0.01451	0.00939	0.00906	0.01989	0.05688	0.07544	0.48530	0.13377	0.07407	0.01859	0.01047	0.00292	0.00472	0.01643	0.00971	0.00908
15	0.01794	0.04628	0.63923	0.02550	0.03872	0.02078	0.03305	0.02833	0.01889	0.02833	0.01606	0.01889	0.01133	0.00850	0.00850	0.00283	0.01322	0.00661	0.00378	0.01322
16	0.01760	0.01114	0.01392	0.01328	0.01599	0.01073	0.00987	0.06755	0.04886	0.10983	0.22336	0.29557	0.08567	0.02046	0.01049	0.00314	0.00564	0.01804	0.00923	0.00962
17	0.01126	0.00806	0.01070	0.01221	0.01306	0.00751	0.00833	0.01336	0.01879	0.02548	0.16617	0.55534	0.06430	0.02605	0.01124	0.00347	0.00499	0.02356	0.00862	0.00751
18	0.02225	0.01922	0.02023	0.01821	0.02326	0.02225	0.01416	0.04754	0.61361	0.03742	0.03641	0.03338	0.02731	0.01214	0.00910	0.00303	0.00708	0.01011	0.00910	0.01416
19	0.01186	0.00903	0.01090	0.01061	0.01292	0.00807	0.00789	0.01526	0.02316	0.03115	0.41052	0.11305	0.26231	0.02037	0.01062	0.00294	0.00439	0.01768	0.00924	0.00807
20	0.01245	0.01010	0.01133	0.01177	0.01466	0.00933	0.00944	0.01681	0.06107	0.02581	0.07480	0.08664	0.42417	0.02251	0.01097	0.00333	0.00574	0.17253	0.00834	0.00820
21	0.03342	0.04264	0.02535	0.02305	0.02766	0.64967	0.01729	0.03572	0.02535	0.02190	0.01383	0.01613	0.01152	0.00922	0.00807	0.00230	0.01613	0.00576	0.00461	0.01037
22	0.02214	0.02126	0.03631	0.05491	0.62978	0.02126	0.02746	0.02746	0.02037	0.02923	0.01683	0.02214	0.01417	0.00797	0.00886	0.00266	0.01063	0.00797	0.00443	0.01417
23	0.01957	0.01957	0.02740	0.02349	0.02349	0.02740	0.01957	0.02153	0.01370	0.02153	0.01174	0.01957	0.01174	0.01566	0.02936	0.00391	0.66921	0.00783	0.00391	0.00979
24	0.05123	0.01527	0.01446	0.04415	0.01852	0.08577	0.01068	0.07240	0.02216	0.02778	0.08396	0.06125	0.31213	0.05756	0.04632	0.00387	0.00833	0.04802	0.00732	0.00880
25	0.02444	0.19216	0.06948	0.04792	0.02528	0.12978	0.01580	0.11016	0.06287	0.06066	0.08576	0.03121	0.08546	0.01157	0.00830	0.00253	0.00977	0.00886	0.00647	0.01152
26	0.01909	0.01757	0.02882	0.07539	0.42643	0.01754	0.02190	0.02403	0.02136	0.03011	0.15809	0.03580	0.06318	0.01115	0.00934	0.00273	0.00892	0.01042	0.00584	0.01229
27	0.01716	0.01131	0.01409	0.01393	0.01658	0.01077	0.01034	0.08465	0.02135	0.08639	0.04429	0.42268	0.07396	0.02242	0.01061	0.00329	0.00626	0.06236	0.00843	0.05912
28	0.02253	0.02803	0.14226	0.09724	0.20145	0.11524	0.07407	0.06431	0.06286	0.02995	0.05953	0.02478	0.01875	0.00948	0.00897	0.00274	0.01173	0.00833	0.00527	0.01248
29	0.02051	0.01850	0.02939	0.06333	0.14107	0.01881	0.14831	0.11017	0.07227	0.03233	0.03452	0.04558	0.10398	0.01352	0.01011	0.00309	0.01007	0.10609	0.00665	0.01171
30	0.01916	0.01185	0.01406	0.01279	0.01532	0.01271	0.00976	0.13526	0.02098	0.03142	0.02344	0.02988	0.01955	0.02649	0.14108	0.17489	0.01008	0.00840	0.27426	0.00864
31	0.17265	0.08051	0.06374	0.02002	0.05413	0.18844	0.04482	0.05576	0.02088	0.06987	0.01943	0.06288	0.01735	0.07922	0.01170	0.00324	0.01089	0.00819	0.00563	0.01066

[dist]
# distance from previous block
# <min> <max>
1	4

[block]
# block no. 6 follows, 19 sequences, length 35
# corresponding to MSA columns:
# 346-380
name=unknown_G
#
# <colnr> <probs for GDERKNQSTAVLIFYWHMCP>
#	G	D	E	R	K	N	Q	S	T	A	V	L	I	F	Y	W	H	M	C	P
0	0.02616	0.24918	0.03146	0.01965	0.02418	0.29374	0.01622	0.02853	0.02044	0.02164	0.01612	0.07361	0.01567	0.01135	0.01095	0.00255	0.11614	0.00747	0.00456	0.01037
1	0.01082	0.00810	0.01006	0.01163	0.01276	0.00734	0.00794	0.01255	0.01793	0.02316	0.05941	0.53457	0.19782	0.02672	0.01121	0.00348	0.00503	0.02383	0.00831	0.00734
2	0.01196	0.00858	0.01008	0.01052	0.01150	0.00807	0.00682	0.01335	0.01711	0.02252	0.12492	0.22402	0.15899	0.30241	0.02550	0.00553	0.00640	0.01773	0.00730	0.00670
3	0.02865	0.02966	0.03157	0.02530	0.03069	0.23129	0.13194	0.19668	0.02729	0.03324	0.01653	0.01990	0.01305	0.01050	0.01268	0.00285	0.13268	0.00775	0.00574	0.01202
4	0.01140	0.00828	0.01075	0.01185	0.01303	0.00764	0.00824	0.01380	0.01980	0.02681	0.22351	0.45435	0.10789	0.02474	0.01110	0.00335	0.00485	0.02221	0.00876	0.00764
5	0.01259	0.00850	0.00988	0.01029	0.01039	0.00840	0.00599	0.01290	0.01382	0.01843	0.03235	0.18099	0.03778	0.55598	0.03881	0.00768	0.00799	0.01546	0.00599	0.00578
6	0.01389	0.00923	0.01266	0.01266	0.01440	0.01038	0.00978	0.01736	0.01562	0.02434	0.02545	0.03464	0.02253	0.05101	0.46741	0.01089	0.01835	0.00923	0.21209	0.00809
7	0.01156	0.00811	0.01033	0.01168	0.01218	0.00771	0.00757	0.01290	0.01663	0.02232	0.08327	0.47856	0.05407	0.19595	0.02011	0.00487	0.00602	0.02162	0.00767	0.00687
8	0.02503	0.03380	0.20566	0.02343	0.02971	0.17104	0.02250	0.13497	0.02324	0.03012	0.01531	0.01893	0.01222	0.01114	0.01447	0.00299	0.20148	0.00703	0.00498	0.01194
9	0.01245	0.00921	0.01174	0.01257	0.01399	0.00894	0.00886	0.01692	0.07145	0.02828	0.23260	0.42741	0.06450	0.02353	0.01094	0.00332	0.00504	0.02114	0.00887	0.00824
10	0.01174	0.00908	0.01051	0.01034	0.01247	0.00839	0.00748	0.01421	0.01962	0.02542	0.19997	0.07079	0.32512	0.13795	0.09281	0.00527	0.00747	0.01614	0.00777	0.00746
11	0.03342	0.04264	0.02535	0.02305	0.02766	0.64967	0.01729	0.03572	0.02535	0.02190	0.01383	0.01613	0.01152	0.00922	0.00807	0.00230	0.01613	0.00576	0.00461	0.01037
12	0.01278	0.00959	0.01438	0.01438	0.01598	0.01118	0.01118	0.01598	0.01438	0.02077	0.02396	0.03515	0.02237	0.06710	0.65013	0.01438	0.02396	0.00959	0.00479	0.00799
13	0.01134	0.00839	0.01059	0.01153	0.01293	0.00764	0.00808	0.01376	0.01999	0.02671	0.21742	0.40515	0.16487	0.02437	0.01103	0.00330	0.00480	0.02171	0.00874	0.00764
14	0.01261	0.00883	0.01020	0.01060	0.01132	0.00856	0.00684	0.01353	0.01528	0.01985	0.04142	0.12103	0.12578	0.45885	0.03381	0.00690	0.00770	0.07428	0.00640	0.00620
15	0.11978	0.01771	0.02186	0.02092	0.08391	0.04757	0.01530	0.02998	0.01939	0.21165	0.02189	0.02416	0.01635	0.01154	0.01397	0.00297	0.19759	0.00779	0.10396	0.01170
16	0.02899	0.02138	0.02516	0.02409	0.11702	0.02318	0.01695	0.32258	0.14651	0.08642	0.02521	0.02542	0.01847	0.01059	0.00876	0.00271	0.00884	0.00853	0.06489	0.01432
17	0.02723	0.03110	0.07088	0.02088	0.02655	0.27315	0.01708	0.08148	0.29087	0.03189	0.02472	0.02450	0.01888	0.01059	0.00863	0.00270	0.01137	0.00795	0.00688	0.01265
18	0.01678	0.01090	0.01276	0.01190	0.01430	0.01063	0.00844	0.02175	0.09504	0.09736	0.16792	0.08949	0.13762	0.24051	0.02191	0.00487	0.00657	0.01441	0.00810	0.00875
19	0.01189	0.00852	0.00993	0.01050	0.01137	0.00803	0.00672	0.01305	0.01640	0.02140	0.08233	0.24603	0.16011	0.32316	0.02660	0.00574	0.00657	0.01799	0.00710	0.00656
20	0.05127	0.01279	0.01551	0.12578	0.02336	0.01397	0.01218	0.02150	0.09870	0.02805	0.10739	0.05404	0.26764	0.01635	0.01101	0.00299	0.05789	0.01327	0.05705	0.00927
21	0.01196	0.00978	0.01066	0.01050	0.01330	0.00887	0.00784	0.01640	0.06735	0.02767	0.20078	0.12091	0.41941	0.02127	0.01052	0.00302	0.00471	0.01808	0.00871	0.00824
22	0.09152	0.03060	0.02346	0.08356	0.02908	0.32932	0.01679	0.11904	0.09771	0.03091	0.01960	0.02417	0.01601	0.01052	0.00842	0.00265	0.01245	0.03679	0.00602	0.01135
23	0.15500	0.12221	0.07753	0.01564	0.02180	0.07376	0.01381	0.04871	0.06161	0.02880	0.01624	0.01956	0.01347	0.01189	0.01131	0.11811	0.00888	0.00614	0.00513	0.17042
24	0.02281	0.05816	0.17407	0.02391	0.10032	0.02128	0.02046	0.17226	0.02445	0.03474	0.01843	0.04770	0.01516	0.00991	0.00976	0.00251	0.05776	0.00766	0.00572	0.17294
25	0.01789	0.01505	0.04860	0.01474	0.01823	0.03840	0.01202	0.02200	0.04954	0.09986	0.10751	0.18739	0.17328	0.01836	0.01229	0.00307	0.08558	0.01509	0.00775	0.05334
26	0.16175	0.05702	0.12242	0.02002	0.09101	0.04708	0.01596	0.02271	0.01767	0.02773	0.02619	0.09841	0.07211	0.08220	0.01294	0.00337	0.03917	0.00997	0.00541	0.06683
27	0.06056	0.08468	0.05485	0.14925	0.15682	0.07674	0.06503	0.11149	0.02323	0.06361	0.01824	0.02188	0.01398	0.00896	0.00833	0.00264	0.01086	0.00756	0.04906	0.01223
28	0.02179	0.02229	0.06840	0.01925	0.02288	0.14133	0.01652	0.02654	0.05531	0.07755	0.03100	0.04375	0.07728	0.01938	0.06066	0.00408	0.15603	0.11941	0.00628	0.01027
29	0.02188	0.02538	0.12203	0.02579	0.11781	0.07798	0.02002	0.07704	0.08172	0.02882	0.01844	0.02409	0.01569	0.06327	0.01642	0.00335	0.17133	0.00791	0.00525	0.07576
30	0.01835	0.01725	0.05226	0.24925	0.03690	0.01770	0.05252	0.05725	0.12463	0.02942	0.03028	0.03796	0.07259	0.01210	0.00917	0.00292	0.00937	0.05971	0.06284	0.04754
31	0.09763	0.15621	0.17677	0.05147	0.06462	0.11065	0.02001	0.03075	0.07116	0.07466	0.01841	0.02064	0.01423	0.01204	0.04191	0.00320	0.01168	0.00676	0.00521	0.01199
32	0.02504	0.02522	0.10241	0.02845	0.14889	0.10617	0.07970	0.03425	0.13817	0.12147	0.02375	0.02573	0.01791	0.01458	0.06453	0.00377	0.01216	0.00849	0.00635	0.01294
33	0.02436	0.02462	0.02559	0.02159	0.02516	0.17281	0.05598	0.11447	0.07506	0.03094	0.10983	0.02775	0.02477	0.01291	0.01526	0.00304	0.20950	0.00903	0.00624	0.01108
34	0.13868	0.01340	0.01601	0.09490	0.02241	0.01364	0.01168	0.06023	0.02077	0.06412	0.15027	0.16017	0.03774	0.04652	0.01062	0.00305	0.00693	0.01249	0.00727	0.10912

[dist]
# distance from previous block
# <min> <max>
1	194

[block]
# block no. 7 follows, 19 sequences, length 12
# corresponding to MSA columns:
# 575-586
name=unknown_H
#
# <colnr> <probs for GDERKNQSTAVLIFYWHMCP>
#	G	D	E	R	K	N	Q	S	T	A	V	L	I	F	Y	W	H	M	C	P
0	0.02521	0.02761	0.02528	0.02701	0.14638	0.26544	0.01791	0.07616	0.02314	0.02665	0.02768	0.03010	0.11576	0.01235	0.01200	0.00278	0.11315	0.00893	0.00546	0.01099
1	0.01743	0.01994	0.12259	0.19423	0.08588	0.01788	0.01990	0.02445	0.06614	0.02687	0.02603	0.03059	0.06791	0.01467	0.04962	0.00360	0.08090	0.00898	0.11179	0.01062
2	0.01619	0.01731	0.07948	0.01461	0.01890	0.06325	0.01296	0.06800	0.02308	0.02899	0.12192	0.06863	0.28569	0.01898	0.01036	0.00311	0.00753	0.12399	0.00775	0.00926
3	0.02613	0.11594	0.02813	0.02299	0.07652	0.29321	0.01702	0.02902	0.02079	0.02372	0.01395	0.01744	0.01211	0.00949	0.01109	0.00237	0.12116	0.00608	0.00451	0.14834
4	0.01292	0.01295	0.06216	0.01307	0.01636	0.01042	0.01092	0.01832	0.08325	0.02585	0.06304	0.23716	0.29820	0.02205	0.01066	0.00329	0.00608	0.07657	0.00802	0.00872
5	0.03096	0.08378	0.02859	0.02763	0.12404	0.50650	0.01878	0.03378	0.02406	0.02302	0.01421	0.01698	0.01195	0.00891	0.00803	0.00233	0.01480	0.00605	0.00453	0.01106
6	0.02006	0.24983	0.18845	0.22265	0.10263	0.02544	0.02399	0.02603	0.01850	0.02430	0.01488	0.01925	0.01186	0.00830	0.00775	0.00255	0.01133	0.00656	0.00392	0.01172
7	0.01069	0.00861	0.00953	0.01027	0.01240	0.00745	0.00733	0.01270	0.01923	0.02369	0.07590	0.29767	0.42408	0.02457	0.01087	0.00324	0.00477	0.02122	0.00831	0.00745
8	0.06105	0.02199	0.09473	0.08916	0.42676	0.01960	0.02468	0.02561	0.01975	0.02875	0.02419	0.02822	0.07775	0.00966	0.00882	0.00274	0.01015	0.00880	0.00480	0.01281
9	0.01870	0.01976	0.06833	0.13424	0.19768	0.05317	0.06407	0.05008	0.02094	0.02769	0.05672	0.13557	0.08805	0.01354	0.00960	0.00293	0.00985	0.01225	0.00581	0.01103
10	0.01293	0.00898	0.01130	0.01130	0.01184	0.00951	0.00735	0.01400	0.01347	0.01849	0.02678	0.05072	0.02913	0.47878	0.24770	0.01058	0.01379	0.01187	0.00521	0.00628
11	0.01278	0.00959	0.01438	0.01438	0.01598	0.01118	0.01118	0.01598	0.01438	0.02077	0.02396	0.03515	0.02237	0.06710	0.65013	0.01438	0.02396	0.00959	0.00479	0.00799

[dist]
# distance from previous block
# <min> <max>
0	1

[block]
# block no. 8 follows, 19 sequences, length 23
# corresponding to MSA columns:
# 588-610
name=unknown_I
#
# <colnr> <probs for GDERKNQSTAVLIFYWHMCP>
#	G	D	E	R	K	N	Q	S	T	A	V	L	I	F	Y	W	H	M	C	P
0	0.02720	0.16001	0.06765	0.02810	0.14732	0.17544	0.05470	0.14204	0.05864	0.03154	0.01729	0.01962	0.01376	0.00898	0.00817	0.00249	0.01180	0.00704	0.00547	0.01276
1	0.06834	0.02100	0.10870	0.02450	0.14211	0.01874	0.01796	0.12711	0.02277	0.03384	0.08122	0.06858	0.02519	0.05736	0.01314	0.00324	0.07259	0.00982	0.07238	0.01140
2	0.01453	0.01080	0.01199	0.01135	0.01460	0.01008	0.00861	0.02036	0.10210	0.06836	0.18535	0.09796	0.37091	0.01983	0.01030	0.00299	0.00505	0.01679	0.00891	0.00912
3	0.01453	0.01117	0.01419	0.01368	0.01400	0.01302	0.00971	0.01578	0.01468	0.02119	0.02896	0.18763	0.03244	0.30266	0.02992	0.00570	0.17318	0.01408	0.07625	0.00722
4	0.01209	0.00864	0.01175	0.01382	0.01486	0.00829	0.01037	0.01451	0.01830	0.02417	0.04865	0.48390	0.05657	0.02691	0.01174	0.00380	0.00622	0.20954	0.00828	0.00760
5	0.02392	0.69097	0.04688	0.01531	0.02296	0.03540	0.01531	0.02679	0.01818	0.02105	0.01244	0.01435	0.01148	0.00765	0.00574	0.00191	0.00957	0.00478	0.00383	0.01148
6	0.01619	0.01090	0.01295	0.01200	0.01528	0.01004	0.00942	0.05735	0.02410	0.09160	0.26206	0.07094	0.28124	0.01938	0.01047	0.00301	0.00544	0.06927	0.00916	0.00921
7	0.02259	0.02165	0.02489	0.02142	0.02347	0.10025	0.01746	0.12151	0.02009	0.02742	0.01571	0.02208	0.01408	0.02262	0.12687	0.00525	0.36924	0.00791	0.00501	0.01049
8	0.03000	0.03510	0.02602	0.02291	0.02662	0.43159	0.01783	0.08836	0.02409	0.02524	0.01407	0.01753	0.01195	0.01099	0.01350	0.00275	0.17937	0.00651	0.00487	0.01071
9	0.01295	0.00890	0.01093	0.01093	0.01133	0.00931	0.00688	0.01376	0.01336	0.01821	0.02712	0.05261	0.02995	0.52881	0.19879	0.01012	0.01255	0.01214	0.00526	0.00607
10	0.01200	0.00879	0.01108	0.01115	0.01289	0.00807	0.00801	0.01509	0.02202	0.03018	0.38445	0.21133	0.14700	0.06156	0.01288	0.00339	0.00476	0.01850	0.00902	0.00787
11	0.03263	0.02239	0.02451	0.01908	0.02582	0.02419	0.01567	0.45712	0.07035	0.12982	0.02867	0.02756	0.05685	0.01164	0.00907	0.00274	0.00905	0.00900	0.00920	0.01466
12	0.01176	0.00999	0.01026	0.01020	0.01326	0.00900	0.00763	0.01627	0.07927	0.02540	0.08252	0.11976	0.52934	0.02196	0.01048	0.00306	0.00483	0.01844	0.00839	0.00819
