[name]
unknown

[dist]
# distance from previous block
# <min> <max>
0	45

[block]
# block no. 0 follows, 23 sequences, length 7
# corresponding to MSA columns:
# 45-51
name=unknown_A
#
# <colnr> <probs for GDERKNQSTAVLIFYWHMCP>
#	G	D	E	R	K	N	Q	S	T	A	V	L	I	F	Y	W	H	M	C	P
0	0.01308	0.00934	0.01308	0.01494	0.01681	0.00934	0.01308	0.01681	0.01868	0.02428	0.04296	0.09153	0.04670	0.02242	0.01121	0.00374	0.00747	0.60960	0.00747	0.00747
1	0.02002	0.02127	0.04283	0.03071	0.03867	0.02005	0.51959	0.08203	0.02069	0.02836	0.01652	0.02120	0.01242	0.00703	0.00911	0.00257	0.01253	0.00892	0.00454	0.08094
2	0.03031	0.03867	0.02299	0.02090	0.02508	0.68226	0.01568	0.03240	0.02299	0.01986	0.01254	0.01463	0.01045	0.00836	0.00732	0.00209	0.01463	0.00523	0.00418	0.00941
3	0.02877	0.02068	0.02243	0.01779	0.02380	0.02282	0.01450	0.44283	0.18358	0.10061	0.02382	0.02278	0.01698	0.01007	0.00815	0.00252	0.00815	0.00783	0.00832	0.01357
4	0.03085	0.02273	0.02435	0.01867	0.02516	0.02516	0.01542	0.63716	0.03815	0.05114	0.01948	0.01948	0.01380	0.00974	0.00812	0.00244	0.00893	0.00731	0.00812	0.01380
5	0.02725	0.02247	0.03159	0.02345	0.03047	0.02373	0.20594	0.44915	0.03231	0.04340	0.01854	0.02022	0.01334	0.00885	0.00857	0.00253	0.01039	0.00800	0.00688	0.01292
6	0.03031	0.03867	0.02299	0.02090	0.02508	0.68226	0.01568	0.03240	0.02299	0.01986	0.01254	0.01463	0.01045	0.00836	0.00732	0.00209	0.01463	0.00523	0.00418	0.00941

[dist]
# distance from previous block
# <min> <max>
0	1

[block]
# block no. 1 follows, 23 sequences, length 7
# corresponding to MSA columns:
# 53-59
name=unknown_B
#
# <colnr> <probs for GDERKNQSTAVLIFYWHMCP>
#	G	D	E	R	K	N	Q	S	T	A	V	L	I	F	Y	W	H	M	C	P
0	0.03038	0.03662	0.02317	0.02062	0.02510	0.59770	0.01565	0.11022	0.02494	0.02388	0.01344	0.01526	0.01088	0.00854	0.00742	0.00213	0.01390	0.00549	0.00469	0.00997
1	0.01012	0.00775	0.00928	0.00994	0.01155	0.00691	0.00706	0.01227	0.01819	0.02366	0.18866	0.34045	0.28141	0.02176	0.00991	0.00293	0.00430	0.01911	0.00783	0.00691
2	0.01180	0.00787	0.00885	0.00885	0.00885	0.00787	0.00492	0.01180	0.01180	0.01573	0.02557	0.05310	0.02950	0.71483	0.04130	0.00787	0.00787	0.01180	0.00492	0.00492
3	0.69721	0.01557	0.01316	0.07846	0.01967	0.01819	0.01015	0.02354	0.01405	0.03485	0.01161	0.01402	0.00899	0.00759	0.00533	0.00253	0.00673	0.00467	0.00488	0.00881
4	0.02830	0.02147	0.02292	0.01816	0.02419	0.02398	0.01481	0.49556	0.18389	0.04704	0.02271	0.02205	0.01641	0.01004	0.00815	0.00251	0.00833	0.00775	0.00815	0.01357
5	0.01161	0.00798	0.00978	0.00992	0.01026	0.00825	0.00622	0.01233	0.01235	0.01677	0.02620	0.09827	0.02938	0.52430	0.17467	0.00862	0.01056	0.01200	0.00499	0.00554
6	0.03031	0.03867	0.02299	0.02090	0.02508	0.68226	0.01568	0.03240	0.02299	0.01986	0.01254	0.01463	0.01045	0.00836	0.00732	0.00209	0.01463	0.00523	0.00418	0.00941

[dist]
# distance from previous block
# <min> <max>
2	4

[block]
# block no. 2 follows, 23 sequences, length 21
# corresponding to MSA columns:
# 64-84
name=unknown_C
#
# <colnr> <probs for GDERKNQSTAVLIFYWHMCP>
#	G	D	E	R	K	N	Q	S	T	A	V	L	I	F	Y	W	H	M	C	P
0	0.03031	0.03867	0.02299	0.02090	0.02508	0.68226	0.01568	0.03240	0.02299	0.01986	0.01254	0.01463	0.01045	0.00836	0.00732	0.00209	0.01463	0.00523	0.00418	0.00941
1	0.02527	0.01458	0.01741	0.01490	0.01942	0.01487	0.01169	0.13935	0.16760	0.25698	0.03311	0.19224	0.02819	0.01394	0.00871	0.00274	0.00662	0.01186	0.00868	0.01183
2	0.03031	0.03867	0.02299	0.02090	0.02508	0.68226	0.01568	0.03240	0.02299	0.01986	0.01254	0.01463	0.01045	0.00836	0.00732	0.00209	0.01463	0.00523	0.00418	0.00941
3	0.02008	0.01928	0.03294	0.04981	0.66422	0.01928	0.02490	0.02490	0.01848	0.02651	0.01526	0.02008	0.01285	0.00723	0.00803	0.00241	0.00964	0.00723	0.00402	0.01285
4	0.55573	0.01775	0.01555	0.01301	0.01846	0.02024	0.01072	0.20291	0.02092	0.04071	0.01369	0.01502	0.01025	0.00818	0.00593	0.00249	0.00705	0.00524	0.00593	0.01025
5	0.00973	0.00768	0.00878	0.00967	0.01134	0.00673	0.00681	0.01148	0.01711	0.02135	0.06460	0.37462	0.37575	0.02284	0.00995	0.00300	0.00439	0.01992	0.00753	0.00673
6	0.01180	0.00787	0.00885	0.00885	0.00885	0.00787	0.00492	0.01180	0.01180	0.01573	0.02557	0.05310	0.02950	0.71483	0.04130	0.00787	0.00787	0.01180	0.00492	0.00492
7	0.77215	0.01569	0.01193	0.01067	0.01569	0.01820	0.00879	0.02385	0.01381	0.03641	0.01130	0.01318	0.00879	0.00753	0.00502	0.00251	0.00628	0.00439	0.00502	0.00879
8	0.03031	0.03867	0.02299	0.02090	0.02508	0.68226	0.01568	0.03240	0.02299	0.01986	0.01254	0.01463	0.01045	0.00836	0.00732	0.00209	0.01463	0.00523	0.00418	0.00941
9	0.03350	0.01620	0.02003	0.01561	0.02176	0.01577	0.01281	0.17555	0.09007	0.46498	0.02927	0.02604	0.01913	0.01007	0.00816	0.00252	0.00732	0.00807	0.00942	0.01371
10	0.21030	0.03310	0.02031	0.01842	0.02281	0.52114	0.01401	0.03033	0.02077	0.02387	0.01224	0.01428	0.01005	0.00816	0.00676	0.00219	0.01261	0.00502	0.00438	0.00926
11	0.01576	0.01576	0.01338	0.01301	0.01538	0.17149	0.00956	0.01915	0.04679	0.02521	0.24869	0.19815	0.14251	0.01697	0.00915	0.00265	0.00680	0.01443	0.00722	0.00793
12	0.01869	0.02040	0.04171	0.02979	0.03780	0.01859	0.51056	0.02489	0.01869	0.02608	0.01602	0.02088	0.01225	0.00667	0.00887	0.00243	0.01216	0.00863	0.00424	0.16063
13	0.02851	0.02145	0.02307	0.01785	0.02422	0.02337	0.01464	0.52163	0.09818	0.04718	0.02040	0.02034	0.01475	0.00953	0.00794	0.00236	0.00841	0.00727	0.00783	0.08107
14	0.13468	0.03271	0.02133	0.01901	0.02356	0.48770	0.01453	0.09301	0.05555	0.02609	0.01413	0.01573	0.01129	0.00852	0.00712	0.00222	0.01245	0.00552	0.00491	0.00994
15	0.01020	0.00767	0.00954	0.01089	0.01217	0.00701	0.00784	0.01208	0.01675	0.02150	0.05498	0.45605	0.22254	0.02369	0.01025	0.00319	0.00488	0.09446	0.00753	0.00677
16	0.22295	0.01814	0.01823	0.01529	0.02067	0.02031	0.01230	0.19737	0.26611	0.06431	0.02284	0.02219	0.01688	0.00951	0.00727	0.00253	0.00706	0.00719	0.00730	0.04155
17	0.12271	0.03581	0.02162	0.01963	0.02391	0.59954	0.01482	0.03134	0.02185	0.02192	0.01239	0.01445	0.01024	0.00826	0.00703	0.00214	0.01359	0.00512	0.00429	0.00933
18	0.11385	0.01721	0.01755	0.01579	0.02043	0.01994	0.01234	0.04072	0.57037	0.03425	0.03032	0.02814	0.02278	0.01058	0.00785	0.00272	0.00640	0.00858	0.00785	0.01234
19	0.02414	0.52601	0.03697	0.01588	0.02204	0.21702	0.01439	0.02660	0.01834	0.01931	0.01164	0.01348	0.01042	0.00735	0.00581	0.00184	0.01037	0.00459	0.00367	0.01013
20	0.02119	0.02242	0.02285	0.02005	0.02211	0.17294	0.01609	0.02817	0.16941	0.02310	0.01651	0.02008	0.01403	0.01210	0.01779	0.00303	0.37615	0.00718	0.00484	0.00996

[dist]
# distance from previous block
# <min> <max>
0	1

[block]
# block no. 3 follows, 23 sequences, length 10
# corresponding to MSA columns:
# 86-95
name=unknown_D
#
# <colnr> <probs for GDERKNQSTAVLIFYWHMCP>
#	G	D	E	R	K	N	Q	S	T	A	V	L	I	F	Y	W	H	M	C	P
0	0.03073	0.02604	0.02407	0.01913	0.02515	0.16181	0.01548	0.51140	0.03500	0.04463	0.01804	0.01847	0.01310	0.00945	0.00795	0.00236	0.01012	0.00687	0.00730	0.01289
1	0.00976	0.00754	0.00892	0.01003	0.01143	0.00670	0.00697	0.01144	0.01676	0.02121	0.06021	0.44852	0.30469	0.02341	0.01004	0.00307	0.00446	0.02061	0.00753	0.00670
2	0.01180	0.00787	0.00885	0.00885	0.00885	0.00787	0.00492	0.01180	0.01180	0.01573	0.02557	0.05310	0.02950	0.71483	0.04130	0.00787	0.00787	0.01180	0.00492	0.00492
3	0.77215	0.01569	0.01193	0.01067	0.01569	0.01820	0.00879	0.02385	0.01381	0.03641	0.01130	0.01318	0.00879	0.00753	0.00502	0.00251	0.00628	0.00439	0.00502	0.00879
4	0.32942	0.01500	0.01489	0.01261	0.01711	0.01630	0.01017	0.16497	0.02276	0.07497	0.20881	0.02969	0.03092	0.01090	0.00729	0.00251	0.00620	0.00837	0.00720	0.00990
5	0.03131	0.02198	0.02389	0.01831	0.02479	0.02405	0.01513	0.58678	0.03689	0.10329	0.02054	0.02017	0.01433	0.00977	0.00812	0.00244	0.00876	0.00738	0.00828	0.01380
6	0.02008	0.01928	0.03294	0.04981	0.66422	0.01928	0.02490	0.02490	0.01848	0.02651	0.01526	0.02008	0.01285	0.00723	0.00803	0.00241	0.00964	0.00723	0.00402	0.01285
7	0.01941	0.01581	0.01629	0.01396	0.01885	0.05207	0.01090	0.03110	0.29734	0.08777	0.03785	0.03602	0.14952	0.01166	0.00800	0.00237	0.00638	0.00956	0.00733	0.16783
8	0.01937	0.02012	0.03871	0.02773	0.03558	0.01846	0.44030	0.06566	0.01986	0.02779	0.01613	0.02049	0.01234	0.00683	0.00861	0.00234	0.01149	0.00826	0.00455	0.19540
9	0.01915	0.02189	0.04788	0.03420	0.04241	0.02052	0.63475	0.02599	0.01915	0.02599	0.01642	0.02189	0.01231	0.00684	0.00958	0.00274	0.01368	0.00958	0.00410	0.01094

[dist]
# distance from previous block
# <min> <max>
0	1

[block]
# block no. 4 follows, 23 sequences, length 15
# corresponding to MSA columns:
# 97-111
name=unknown_E
#
# <colnr> <probs for GDERKNQSTAVLIFYWHMCP>
#	G	D	E	R	K	N	Q	S	T	A	V	L	I	F	Y	W	H	M	C	P
0	0.03038	0.03662	0.02317	0.02062	0.02510	0.59756	0.01565	0.11036	0.02495	0.02389	0.01344	0.01526	0.01088	0.00854	0.00742	0.00213	0.01390	0.00549	0.00469	0.00997
1	0.03031	0.03867	0.02299	0.02090	0.02508	0.68226	0.01568	0.03240	0.02299	0.01986	0.01254	0.01463	0.01045	0.00836	0.00732	0.00209	0.01463	0.00523	0.00418	0.00941
2	0.03135	0.01284	0.01758	0.01455	0.01987	0.01137	0.01218	0.03462	0.02224	0.52995	0.03438	0.04147	0.02585	0.01272	0.00882	0.00278	0.00703	0.13849	0.00949	0.01244
3	0.01104	0.00804	0.01070	0.01214	0.01335	0.00747	0.00887	0.01310	0.01630	0.02187	0.04234	0.52985	0.04941	0.02349	0.01025	0.00325	0.00539	0.14896	0.00734	0.05685
4	0.01182	0.00851	0.01131	0.01120	0.01310	0.00801	0.00879	0.01563	0.02207	0.03082	0.53113	0.06707	0.07033	0.01780	0.00991	0.00280	0.00459	0.13888	0.00863	0.00762
5	0.02884	0.07123	0.02352	0.02010	0.02446	0.58151	0.01530	0.03308	0.08663	0.02126	0.01457	0.01615	0.01191	0.00856	0.00730	0.00214	0.01349	0.00558	0.00456	0.00981
6	0.02008	0.01928	0.03294	0.04981	0.66422	0.01928	0.02490	0.02490	0.01848	0.02651	0.01526	0.02008	0.01285	0.00723	0.00803	0.00241	0.00964	0.00723	0.00402	0.01285
7	0.03048	0.03362	0.02342	0.02020	0.02511	0.47402	0.01560	0.22405	0.02780	0.02977	0.01474	0.01617	0.01151	0.00880	0.00757	0.00220	0.01283	0.00589	0.00543	0.01080
8	0.01009	0.00785	0.00924	0.01024	0.01193	0.00701	0.00748	0.01205	0.01727	0.02166	0.06220	0.34592	0.33921	0.02280	0.01009	0.00308	0.00472	0.08283	0.00753	0.00681
9	0.01180	0.00787	0.00885	0.00885	0.00885	0.00787	0.00492	0.01180	0.01180	0.01573	0.02557	0.05310	0.02950	0.71483	0.04130	0.00787	0.00787	0.01180	0.00492	0.00492
10	0.03046	0.03424	0.02337	0.02028	0.02511	0.49957	0.01561	0.20054	0.02721	0.02856	0.01447	0.01598	0.01138	0.00875	0.00754	0.00219	0.01305	0.00580	0.00528	0.01063
11	0.01192	0.00870	0.01161	0.01308	0.01480	0.00839	0.01078	0.01501	0.01835	0.02385	0.08912	0.20394	0.12916	0.02235	0.01073	0.00345	0.00628	0.38365	0.00759	0.00724
12	0.50192	0.02325	0.01603	0.01429	0.01912	0.22666	0.01128	0.05776	0.01793	0.03197	0.01210	0.01396	0.00956	0.00790	0.00590	0.00238	0.00903	0.00480	0.00492	0.00924
13	0.29683	0.02008	0.01722	0.01517	0.02006	0.10531	0.01199	0.09536	0.27450	0.03478	0.02108	0.02092	0.01598	0.00927	0.00694	0.00255	0.00768	0.00673	0.00654	0.01102
14	0.07275	0.02277	0.02106	0.01729	0.02252	0.13815	0.01383	0.35852	0.08760	0.04075	0.10154	0.02452	0.02199	0.01036	0.00799	0.00242	0.00889	0.00788	0.00735	0.01184

[dist]
# distance from previous block
# <min> <max>
0	3

[block]
# block no. 5 follows, 23 sequences, length 33
# corresponding to MSA columns:
# 115-147
name=unknown_F
#
# <colnr> <probs for GDERKNQSTAVLIFYWHMCP>
#	G	D	E	R	K	N	Q	S	T	A	V	L	I	F	Y	W	H	M	C	P
0	0.02857	0.02160	0.02307	0.01821	0.02430	0.02410	0.01487	0.51032	0.16870	0.04747	0.02237	0.02179	0.01614	0.01001	0.00815	0.00250	0.00839	0.00770	0.00815	0.01360
1	0.21760	0.01847	0.01837	0.01561	0.02084	0.02107	0.01252	0.20482	0.31362	0.03940	0.02361	0.02283	0.01756	0.00975	0.00738	0.00260	0.00709	0.00741	0.00738	0.01206
2	0.66186	0.01612	0.01319	0.01150	0.01654	0.01849	0.00944	0.08827	0.01677	0.03780	0.03944	0.01584	0.01217	0.00815	0.00554	0.00250	0.00645	0.00513	0.00551	0.00927
3	0.00989	0.00706	0.00942	0.01130	0.01177	0.00659	0.00753	0.01130	0.01554	0.02071	0.04472	0.70954	0.05367	0.02542	0.01036	0.00330	0.00471	0.02307	0.00753	0.00659
4	0.28522	0.16854	0.02328	0.01464	0.02052	0.02370	0.01252	0.23055	0.08965	0.03736	0.01632	0.01705	0.01249	0.00851	0.00644	0.00235	0.00769	0.00586	0.00606	0.01123
5	0.51169	0.01525	0.01388	0.01206	0.01708	0.01691	0.00980	0.02862	0.10115	0.14105	0.04953	0.02020	0.01614	0.00886	0.00620	0.00255	0.00628	0.00617	0.00648	0.01011
6	0.28648	0.02971	0.01926	0.01723	0.02185	0.41068	0.01328	0.06838	0.02080	0.02759	0.01256	0.01444	0.01009	0.00816	0.00658	0.00226	0.01138	0.00507	0.00472	0.00948
7	0.02008	0.01928	0.03294	0.04981	0.66422	0.01928	0.02490	0.02490	0.01848	0.02651	0.01526	0.02008	0.01285	0.00723	0.00803	0.00241	0.00964	0.00723	0.00402	0.01285
8	0.31019	0.02008	0.01967	0.01566	0.02159	0.02254	0.01292	0.40604	0.02898	0.04559	0.01640	0.01711	0.01191	0.00891	0.00695	0.00246	0.00793	0.00621	0.00695	0.01191
9	0.01002	0.00783	0.00915	0.01012	0.01182	0.00696	0.00735	0.01195	0.01725	0.02161	0.06284	0.34748	0.34919	0.02278	0.01006	0.00306	0.00466	0.07154	0.00753	0.00679
10	0.01159	0.00869	0.01304	0.01304	0.01449	0.01014	0.01014	0.01449	0.01304	0.01884	0.02173	0.03188	0.02029	0.06086	0.68268	0.01304	0.02173	0.00869	0.00435	0.00724
11	0.02108	0.64295	0.11391	0.01493	0.02244	0.03060	0.01571	0.02446	0.01656	0.01984	0.01165	0.01348	0.01040	0.00703	0.00549	0.00183	0.00905	0.00453	0.00347	0.01059
12	0.03043	0.03511	0.02330	0.02040	0.02510	0.53547	0.01562	0.16750	0.02638	0.02685	0.01409	0.01572	0.01120	0.00867	0.00750	0.00217	0.01336	0.00569	0.00506	0.01039
13	0.01316	0.00974	0.01290	0.01433	0.01647	0.00977	0.01233	0.01796	0.05927	0.02466	0.04647	0.08617	0.11016	0.02148	0.01085	0.00357	0.00705	0.50837	0.00753	0.00775
14	0.03038	0.03652	0.02318	0.02060	0.02510	0.59361	0.01564	0.11399	0.02504	0.02408	0.01348	0.01529	0.01090	0.00855	0.00742	0.00214	0.01386	0.00551	0.00471	0.01000
15	0.03014	0.03030	0.02344	0.01967	0.02496	0.34591	0.01544	0.31700	0.05624	0.03514	0.01666	0.01756	0.01262	0.00912	0.00773	0.00228	0.01161	0.00637	0.00620	0.01161
16	0.01898	0.02139	0.04513	0.03266	0.03988	0.02104	0.56098	0.02522	0.01835	0.02522	0.01573	0.02139	0.01211	0.00772	0.01161	0.00283	0.09573	0.00928	0.00404	0.01070
17	0.03085	0.02273	0.02435	0.01867	0.02516	0.02516	0.01542	0.63716	0.03815	0.05114	0.01948	0.01948	0.01380	0.00974	0.00812	0.00244	0.00893	0.00731	0.00812	0.01380
18	0.02998	0.03414	0.02309	0.02021	0.02493	0.50486	0.01550	0.16919	0.05413	0.02753	0.01501	0.01642	0.01184	0.00879	0.00754	0.00220	0.01298	0.00587	0.00525	0.01055
19	0.01010	0.00723	0.00961	0.01115	0.01182	0.00673	0.00755	0.01184	0.01653	0.02230	0.12729	0.62244	0.05674	0.02424	0.01025	0.00320	0.00459	0.02194	0.00772	0.00673
20	0.40128	0.02497	0.01765	0.01548	0.02040	0.25904	0.01220	0.11207	0.02051	0.03247	0.01288	0.01458	0.01008	0.00814	0.00628	0.00235	0.00966	0.00510	0.00515	0.00971
21	0.02710	0.03195	0.02152	0.01951	0.02382	0.47259	0.01478	0.03579	0.22142	0.02432	0.01903	0.01959	0.01499	0.00920	0.00761	0.00230	0.01203	0.00648	0.00547	0.01050
22	0.02008	0.01928	0.03294	0.04981	0.66422	0.01928	0.02490	0.02490	0.01848	0.02651	0.01526	0.02008	0.01285	0.00723	0.00803	0.00241	0.00964	0.00723	0.00402	0.01285
23	0.03038	0.03653	0.02318	0.02060	0.02510	0.59407	0.01564	0.11357	0.02503	0.02406	0.01347	0.01528	0.01090	0.00855	0.00742	0.00214	0.01387	0.00551	0.00471	0.01000
24	0.00968	0.00785	0.00860	0.00920	0.01122	0.00677	0.00660	0.01153	0.01755	0.02154	0.07024	0.27961	0.46712	0.02210	0.00983	0.00292	0.00430	0.01902	0.00753	0.00677
25	0.01180	0.00787	0.00885	0.00885	0.00885	0.00787	0.00492	0.01180	0.01180	0.01573	0.02557	0.05310	0.02950	0.71483	0.04130	0.00787	0.00787	0.01180	0.00492	0.00492
26	0.77215	0.01569	0.01193	0.01067	0.01569	0.01820	0.00879	0.02385	0.01381	0.03641	0.01130	0.01318	0.00879	0.00753	0.00502	0.00251	0.00628	0.00439	0.00502	0.00879
27	0.32129	0.01804	0.01748	0.01470	0.02006	0.02040	0.01191	0.19896	0.20169	0.06807	0.02066	0.02042	0.01522	0.00924	0.00693	0.00256	0.00708	0.00672	0.00702	0.01155
28	0.02716	0.02090	0.02228	0.01792	0.02376	0.02344	0.01453	0.43205	0.24925	0.04520	0.02416	0.02321	0.01759	0.01018	0.00817	0.00254	0.00806	0.00795	0.00817	0.01347
29	0.15547	0.02738	0.02147	0.01807	0.02335	0.27416	0.01428	0.27662	0.05546	0.03596	0.01606	0.01705	0.01216	0.00890	0.00729	0.00233	0.01054	0.00610	0.00610	0.01124
30	0.11500	0.00969	0.01166	0.01107	0.01361	0.00949	0.00869	0.01784	0.02122	0.06335	0.46531	0.05647	0.06098	0.01578	0.00909	0.00269	0.00476	0.08695	0.00828	0.00809
31	0.22909	0.02500	0.01865	0.01622	0.02081	0.27293	0.01268	0.15543	0.02370	0.03265	0.10056	0.02143	0.01958	0.00953	0.00717	0.00234	0.00971	0.00671	0.00588	0.00993
32	0.02894	0.03185	0.02262	0.01974	0.02452	0.43265	0.01520	0.17383	0.11891	0.02917	0.01717	0.01806	0.01334	0.00907	0.00764	0.00227	0.01210	0.00629	0.00569	0.01093

[dist]
# distance from previous block
# <min> <max>
0	3

[block]
# block no. 6 follows, 23 sequences, length 7
# corresponding to MSA columns:
# 151-157
name=unknown_G
#
# <colnr> <probs for GDERKNQSTAVLIFYWHMCP>
#	G	D	E	R	K	N	Q	S	T	A	V	L	I	F	Y	W	H	M	C	P
0	0.11344	0.02200	0.02900	0.02249	0.02868	0.12073	0.22653	0.08219	0.13352	0.10946	0.02036	0.02175	0.01491	0.00853	0.00816	0.00256	0.01042	0.00786	0.00603	0.01138
1	0.02829	0.02665	0.02258	0.01890	0.02423	0.23453	0.01493	0.31073	0.16989	0.03728	0.02028	0.02034	0.01518	0.00958	0.00789	0.00240	0.01020	0.00706	0.00689	0.01218
2	0.27781	0.01976	0.03553	0.02612	0.03323	0.01972	0.41972	0.02526	0.01732	0.02957	0.01466	0.01890	0.01110	0.00708	0.00801	0.00266	0.01114	0.00780	0.00442	0.01020
3	0.77215	0.01569	0.01193	0.01067	0.01569	0.01820	0.00879	0.02385	0.01381	0.03641	0.01130	0.01318	0.00879	0.00753	0.00502	0.00251	0.00628	0.00439	0.00502	0.00879
4	0.28518	0.02948	0.01930	0.01721	0.02186	0.40046	0.01329	0.07887	0.02108	0.02810	0.01268	0.01453	0.01015	0.00819	0.00659	0.00226	0.01130	0.00511	0.00479	0.00955
5	0.01343	0.00997	0.01313	0.01454	0.01652	0.01023	0.01214	0.01917	0.09644	0.02490	0.04202	0.18528	0.04512	0.02149	0.01070	0.00354	0.00689	0.43892	0.00758	0.00799
6	0.61761	0.01419	0.01171	0.01058	0.01497	0.01606	0.00856	0.02212	0.01567	0.03562	0.14308	0.02282	0.02256	0.00937	0.00595	0.00252	0.00578	0.00648	0.00582	0.00856

[dist]
# distance from previous block
# <min> <max>
0	1

[block]
# block no. 7 follows, 23 sequences, length 21
# corresponding to MSA columns:
# 159-179
name=unknown_H
#
# <colnr> <probs for GDERKNQSTAVLIFYWHMCP>
#	G	D	E	R	K	N	Q	S	T	A	V	L	I	F	Y	W	H	M	C	P
0	0.03038	0.03655	0.02317	0.02061	0.02510	0.59494	0.01564	0.11276	0.02501	0.02402	0.01346	0.01528	0.01090	0.00854	0.00742	0.00214	0.01387	0.00550	0.00470	0.00999
1	0.09305	0.03045	0.02260	0.01916	0.02432	0.36725	0.01500	0.27009	0.02820	0.03358	0.01517	0.01642	0.01163	0.00884	0.00744	0.00226	0.01168	0.00598	0.00580	0.01109
2	0.01006	0.00719	0.00962	0.01150	0.01205	0.00674	0.00784	0.01161	0.01571	0.02091	0.04462	0.67498	0.05328	0.02525	0.01040	0.00332	0.00486	0.05587	0.00753	0.00664
3	0.01180	0.00787	0.00885	0.00885	0.00885	0.00787	0.00492	0.01180	0.01180	0.01573	0.02557	0.05310	0.02950	0.71483	0.04130	0.00787	0.00787	0.01180	0.00492	0.00492
4	0.01308	0.00934	0.01308	0.01494	0.01681	0.00934	0.01308	0.01681	0.01868	0.02428	0.04296	0.09153	0.04670	0.02242	0.01121	0.00374	0.00747	0.60960	0.00747	0.00747
5	0.03031	0.03867	0.02299	0.02090	0.02508	0.68226	0.01568	0.03240	0.02299	0.01986	0.01254	0.01463	0.01045	0.00836	0.00732	0.00209	0.01463	0.00523	0.00418	0.00941
6	0.02750	0.01840	0.02049	0.01677	0.02239	0.01998	0.01351	0.24343	0.29941	0.18509	0.02821	0.02601	0.01998	0.01036	0.00819	0.00259	0.00738	0.00831	0.00862	0.01339
7	0.02955	0.03051	0.02307	0.01962	0.02473	0.36625	0.01531	0.26585	0.08890	0.03323	0.01717	0.01800	0.01311	0.00915	0.00771	0.00229	0.01165	0.00640	0.00608	0.01142
8	0.03031	0.03867	0.02299	0.02090	0.02508	0.68226	0.01568	0.03240	0.02299	0.01986	0.01254	0.01463	0.01045	0.00836	0.00732	0.00209	0.01463	0.00523	0.00418	0.00941
9	0.01915	0.02189	0.04788	0.03420	0.04241	0.02052	0.63475	0.02599	0.01915	0.02599	0.01642	0.02189	0.01231	0.00684	0.00958	0.00274	0.01368	0.00958	0.00410	0.01094
10	0.03048	0.03369	0.02342	0.02021	0.02511	0.47693	0.01560	0.22137	0.02773	0.02963	0.01471	0.01615	0.01150	0.00879	0.00757	0.00220	0.01285	0.00588	0.00541	0.01078
11	0.09524	0.03408	0.02225	0.01965	0.02428	0.51774	0.01503	0.12966	0.02465	0.02637	0.01356	0.01529	0.01085	0.00851	0.00725	0.00218	0.01298	0.00549	0.00489	0.01006
12	0.01015	0.00725	0.00972	0.01161	0.01219	0.00682	0.00800	0.01176	0.01580	0.02101	0.04457	0.65745	0.05308	0.02517	0.01043	0.00333	0.00494	0.07251	0.00753	0.00666
13	0.21542	0.03141	0.02036	0.01814	0.02275	0.45360	0.01393	0.08826	0.02216	0.02699	0.01290	0.01474	0.01036	0.00829	0.00682	0.00223	0.01200	0.00522	0.00477	0.00967
14	0.01288	0.00928	0.01280	0.01456	0.01648	0.00920	0.01269	0.01652	0.01867	0.02415	0.04518	0.09077	0.08135	0.02231	0.01112	0.00368	0.00728	0.57618	0.00748	0.00744
15	0.02008	0.01928	0.03294	0.04981	0.66422	0.01928	0.02490	0.02490	0.01848	0.02651	0.01526	0.02008	0.01285	0.00723	0.00803	0.00241	0.00964	0.00723	0.00402	0.01285
16	0.03031	0.03867	0.02299	0.02090	0.02508	0.68226	0.01568	0.03240	0.02299	0.01986	0.01254	0.01463	0.01045	0.00836	0.00732	0.00209	0.01463	0.00523	0.00418	0.00941
17	0.00992	0.00826	0.00872	0.00899	0.01153	0.00706	0.00686	0.01210	0.01836	0.02207	0.07671	0.11155	0.57401	0.02097	0.00978	0.00286	0.00445	0.07136	0.00753	0.00689
18	0.01180	0.00787	0.00885	0.00885	0.00885	0.00787	0.00492	0.01180	0.01180	0.01573	0.02557	0.05310	0.02950	0.71483	0.04130	0.00787	0.00787	0.01180	0.00492	0.00492
19	0.60989	0.16791	0.01854	0.01137	0.01680	0.02121	0.00989	0.02395	0.01439	0.03266	0.01129	0.01315	0.00914	0.00740	0.00506	0.00234	0.00680	0.00438	0.00469	0.00914
20	0.35123	0.01883	0.01800	0.01485	0.02041	0.02135	0.01213	0.27674	0.12429	0.04202	0.01807	0.01845	0.01336	0.00898	0.00679	0.00252	0.00738	0.00634	0.00679	0.01147

[dist]
# distance from previous block
# <min> <max>
4	6

[block]
# block no. 8 follows, 23 sequences, length 22
# corresponding to MSA columns:
# 186-207
name=unknown_I
#
# <colnr> <probs for GDERKNQSTAVLIFYWHMCP>
#	G	D	E	R	K	N	Q	S	T	A	V	L	I	F	Y	W	H	M	C	P
0	0.02791	0.02154	0.01966	0.01694	0.02197	0.18188	0.01325	0.03931	0.29292	0.23462	0.02762	0.02554	0.01971	0.01004	0.00799	0.00251	0.00861	0.00787	0.00782	0.01230
1	0.01910	0.02007	0.03910	0.02798	0.03587	0.01832	0.45138	0.05226	0.01943	0.02724	0.01606	0.02052	0.01231	0.00676	0.00862	0.00234	0.01156	0.00829	0.00446	0.19832
2	0.58549	0.01612	0.01352	0.01212	0.01703	0.01869	0.00979	0.02863	0.17162	0.03579	0.01669	0.01742	0.01275	0.00840	0.00582	0.00257	0.00631	0.00558	0.00582	0.00979
3	0.08214	0.01925	0.02027	0.01684	0.02229	0.02165	0.01352	0.27768	0.33105	0.06861	0.02595	0.02457	0.01899	0.01020	0.00795	0.00260	0.00743	0.00802	0.00803	0.01296
4	0.03035	0.03748	0.02310	0.02074	0.02509	0.63296	0.01566	0.07777	0.02413	0.02221	0.01306	0.01500	0.01070	0.00847	0.00738	0.00212	0.01420	0.00538	0.00448	0.00974
5	0.01007	0.00719	0.00962	0.01150	0.01205	0.00675	0.00785	0.01161	0.01571	0.02092	0.04462	0.67454	0.05327	0.02525	0.01041	0.00332	0.00486	0.05628	0.00753	0.00664
6	0.31145	0.01889	0.01871	0.01511	0.02088	0.02100	0.01241	0.30817	0.07350	0.09810	0.01849	0.01861	0.01327	0.00903	0.00696	0.00249	0.00756	0.00642	0.00712	0.01183
7	0.03031	0.03867	0.02299	0.02090	0.02508	0.68226	0.01568	0.03240	0.02299	0.01986	0.01254	0.01463	0.01045	0.00836	0.00732	0.00209	0.01463	0.00523	0.00418	0.00941
8	0.02008	0.01928	0.03294	0.04981	0.66422	0.01928	0.02490	0.02490	0.01848	0.02651	0.01526	0.02008	0.01285	0.00723	0.00803	0.00241	0.00964	0.00723	0.00402	0.01285
9	0.35289	0.02115	0.01883	0.01540	0.02104	0.08306	0.01256	0.31461	0.02617	0.04184	0.01528	0.01629	0.01131	0.00865	0.00670	0.00244	0.00831	0.00585	0.00641	0.01121
10	0.00966	0.00796	0.00849	0.00891	0.01114	0.00679	0.00647	0.01157	0.01783	0.02165	0.07383	0.21914	0.52528	0.02164	0.00976	0.00286	0.00424	0.01845	0.00753	0.00679
11	0.01180	0.00787	0.00885	0.00885	0.00885	0.00787	0.00492	0.01180	0.01180	0.01573	0.02557	0.05310	0.02950	0.71483	0.04130	0.00787	0.00787	0.01180	0.00492	0.00492
12	0.77215	0.01569	0.01193	0.01067	0.01569	0.01820	0.00879	0.02385	0.01381	0.03641	0.01130	0.01318	0.00879	0.00753	0.00502	0.00251	0.00628	0.00439	0.00502	0.00879
13	0.68121	0.01656	0.01345	0.01165	0.01685	0.01906	0.00960	0.09909	0.01680	0.03821	0.01230	0.01395	0.00940	0.00780	0.00540	0.00250	0.00660	0.00475	0.00540	0.00940
14	0.01068	0.00763	0.01032	0.01220	0.01302	0.00727	0.00891	0.01267	0.01632	0.02160	0.04429	0.55596	0.05194	0.02467	0.01057	0.00340	0.00539	0.16882	0.00752	0.00681
15	0.01915	0.02189	0.04788	0.03420	0.04241	0.02052	0.63475	0.02599	0.01915	0.02599	0.01642	0.02189	0.01231	0.00684	0.00958	0.00274	0.01368	0.00958	0.00410	0.01094
16	0.01898	0.01953	0.03673	0.02630	0.03410	0.01763	0.40317	0.05443	0.01934	0.02738	0.01593	0.02014	0.01229	0.00672	0.00836	0.00223	0.01098	0.00793	0.00453	0.25329
17	0.03042	0.03550	0.02326	0.02046	0.02510	0.55165	0.01563	0.15261	0.02601	0.02608	0.01392	0.01560	0.01112	0.00864	0.00748	0.00216	0.01350	0.00564	0.00496	0.01028
18	0.03066	0.03726	0.02276	0.02054	0.02484	0.64429	0.01547	0.03281	0.02301	0.05668	0.01365	0.01537	0.01100	0.00846	0.00736	0.00211	0.01420	0.00539	0.00451	0.00966
19	0.01915	0.02189	0.04788	0.03420	0.04241	0.02052	0.63475	0.02599	0.01915	0.02599	0.01642	0.02189	0.01231	0.00684	0.00958	0.00274	0.01368	0.00958	0.00410	0.01094
20	0.02681	0.02314	0.02192	0.01820	0.02364	0.12146	0.01450	0.32651	0.26266	0.04009	0.02347	0.02276	0.01737	0.01001	0.00805	0.00250	0.00885	0.00769	0.00758	0.01279
21	0.02550	0.01941	0.02091	0.01714	0.02276	0.02150	0.01377	0.30001	0.32304	0.07380	0.02625	0.02484	0.01918	0.01018	0.00809	0.00253	0.00752	0.00811	0.00813	0.04733

[dist]
# distance from previous block
# <min> <max>
0	2

[block]
# block no. 9 follows, 23 sequences, length 11
# corresponding to MSA columns:
# 210-220
name=unknown_J
#
# <colnr> <probs for GDERKNQSTAVLIFYWHMCP>
#	G	D	E	R	K	N	Q	S	T	A	V	L	I	F	Y	W	H	M	C	P
0	0.02661	0.02048	0.02201	0.01741	0.02349	0.02236	0.01414	0.41863	0.19339	0.04409	0.02243	0.02198	0.01644	0.00967	0.00793	0.00239	0.00797	0.00752	0.00780	0.09328
1	0.18714	0.02124	0.02173	0.01698	0.02317	0.02370	0.01402	0.50785	0.03302	0.04803	0.01776	0.01815	0.01274	0.00928	0.00746	0.00245	0.00837	0.00669	0.00746	0.01274
2	0.18686	0.02959	0.02102	0.01815	0.02313	0.36750	0.01416	0.19143	0.02509	0.03167	0.01413	0.01562	0.01099	0.00855	0.00705	0.00227	0.01135	0.00560	0.00540	0.01044
3	0.03037	0.03685	0.02315	0.02065	0.02509	0.60732	0.01565	0.10137	0.02472	0.02343	0.01333	0.01519	0.01083	0.00852	0.00741	0.00213	0.01398	0.00546	0.00463	0.00991
4	0.00978	0.00749	0.00897	0.01015	0.01147	0.00669	0.00702	0.01143	0.01664	0.02116	0.05869	0.47420	0.27999	0.02361	0.01007	0.00309	0.00448	0.02085	0.00753	0.00669
5	0.01180	0.00787	0.00885	0.00885	0.00885	0.00787	0.00492	0.01180	0.01180	0.01573	0.02557	0.05310	0.02950	0.71483	0.04130	0.00787	0.00787	0.01180	0.00492	0.00492
6	0.77215	0.01569	0.01193	0.01067	0.01569	0.01820	0.00879	0.02385	0.01381	0.03641	0.01130	0.01318	0.00879	0.00753	0.00502	0.00251	0.00628	0.00439	0.00502	0.00879
7	0.03031	0.03867	0.02299	0.02090	0.02508	0.68226	0.01568	0.03240	0.02299	0.01986	0.01254	0.01463	0.01045	0.00836	0.00732	0.00209	0.01463	0.00523	0.00418	0.00941
8	0.01073	0.00767	0.01039	0.01227	0.01311	0.00732	0.00900	0.01276	0.01637	0.02166	0.04426	0.54539	0.05182	0.02462	0.01058	0.00341	0.00544	0.17886	0.00752	0.00682
9	0.03085	0.02273	0.02435	0.01867	0.02516	0.02516	0.01542	0.63716	0.03815	0.05114	0.01948	0.01948	0.01380	0.00974	0.00812	0.00244	0.00893	0.00731	0.00812	0.01380
10	0.02924	0.02185	0.02347	0.01811	0.02451	0.02392	0.01488	0.55809	0.07837	0.04842	0.02008	0.02005	0.01443	0.00959	0.00799	0.00238	0.00858	0.00728	0.00792	0.06082

[dist]
# distance from previous block
# <min> <max>
0	1

[block]
# block no. 10 follows, 23 sequences, length 13
# corresponding to MSA columns:
# 222-234
name=unknown_K
#
# <colnr> <probs for GDERKNQSTAVLIFYWHMCP>
#	G	D	E	R	K	N	Q	S	T	A	V	L	I	F	Y	W	H	M	C	P
0	0.01915	0.02189	0.04788	0.03420	0.04241	0.02052	0.63475	0.02599	0.01915	0.02599	0.01642	0.02189	0.01231	0.00684	0.00958	0.00274	0.01368	0.00958	0.00410	0.01094
1	0.02315	0.01754	0.01901	0.01649	0.02147	0.01972	0.01300	0.10272	0.51490	0.10968	0.03154	0.02887	0.02312	0.01077	0.00823	0.00269	0.00673	0.00887	0.00845	0.01305
2	0.02990	0.03340	0.02309	0.02009	0.02489	0.47658	0.01546	0.18912	0.06101	0.02870	0.01545	0.01674	0.01210	0.00886	0.00757	0.00222	0.01271	0.00598	0.00542	0.01073
3	0.02790	0.02115	0.02273	0.01773	0.02399	0.02309	0.01449	0.48803	0.13281	0.04621	0.02117	0.02095	0.01537	0.00961	0.00795	0.00237	0.00827	0.00738	0.00784	0.08096
4	0.54231	0.01702	0.01575	0.08150	0.02171	0.01963	0.01155	0.15044	0.01909	0.03787	0.01331	0.01534	0.01003	0.00805	0.00597	0.00251	0.00728	0.00528	0.00552	0.00985
5	0.21406	0.03121	0.02040	0.01812	0.02277	0.44487	0.01394	0.09743	0.02240	0.02743	0.01300	0.01481	0.01041	0.00831	0.00684	0.00223	0.01193	0.00525	0.00483	0.00974
6	0.01181	0.00893	0.01131	0.01250	0.01468	0.00843	0.01056	0.01493	0.01861	0.02342	0.05724	0.08664	0.27019	0.02174	0.01062	0.00337	0.00625	0.39403	0.00749	0.00725
7	0.01174	0.00812	0.01012	0.01012	0.01056	0.00856	0.00650	0.01262	0.01218	0.01668	0.02440	0.04666	0.02670	0.51633	0.23598	0.00944	0.01208	0.01086	0.00474	0.00562
8	0.58242	0.01749	0.01511	0.01272	0.01812	0.01998	0.01049	0.18082	0.02004	0.04018	0.01339	0.01479	0.01007	0.00810	0.00581	0.00249	0.00696	0.00514	0.00581	0.01007
9	0.25552	0.03050	0.01974	0.01763	0.02224	0.43125	0.01357	0.07531	0.02135	0.02724	0.01269	0.01456	0.01020	0.00821	0.00668	0.00224	0.01167	0.00513	0.00473	0.00955
10	0.00989	0.00706	0.00942	0.01130	0.01177	0.00659	0.00753	0.01130	0.01554	0.02071	0.04472	0.70954	0.05367	0.02542	0.01036	0.00330	0.00471	0.02307	0.00753	0.00659
11	0.03127	0.02205	0.02393	0.01835	0.02482	0.02415	0.01516	0.59142	0.03701	0.09850	0.02044	0.02010	0.01428	0.00976	0.00812	0.00244	0.00877	0.00737	0.00826	0.01380
12	0.02882	0.02153	0.02326	0.01771	0.02430	0.02309	0.01458	0.54787	0.03506	0.04756	0.01875	0.01910	0.01354	0.00920	0.00781	0.00226	0.00851	0.00694	0.00764	0.12248

[dist]
# distance from previous block
# <min> <max>
5	7

[block]
# block no. 11 follows, 23 sequences, length 13
# corresponding to MSA columns:
# 242-254
name=unknown_L
#
# <colnr> <probs for GDERKNQSTAVLIFYWHMCP>
#	G	D	E	R	K	N	Q	S	T	A	V	L	I	F	Y	W	H	M	C	P
0	0.02732	0.03129	0.02169	0.01945	0.02390	0.44176	0.01481	0.07491	0.21115	0.02610	0.01911	0.01962	0.01495	0.00924	0.00765	0.00231	0.01181	0.00654	0.00565	0.01072
1	0.18781	0.02124	0.02172	0.01698	0.02316	0.02369	0.01402	0.50730	0.03300	0.04802	0.01775	0.01815	0.01274	0.00927	0.00746	0.00245	0.00837	0.00669	0.00746	0.01274
2	0.00978	0.00746	0.00900	0.01024	0.01149	0.00668	0.00706	0.01142	0.01656	0.02113	0.05765	0.49180	0.26307	0.02374	0.01009	0.00310	0.00450	0.02102	0.00753	0.00668
3	0.01180	0.00787	0.00885	0.00885	0.00885	0.00787	0.00492	0.01180	0.01180	0.01573	0.02557	0.05310	0.02950	0.71483	0.04130	0.00787	0.00787	0.01180	0.00492	0.00492
4	0.77215	0.01569	0.01193	0.01067	0.01569	0.01820	0.00879	0.02385	0.01381	0.03641	0.01130	0.01318	0.00879	0.00753	0.00502	0.00251	0.00628	0.00439	0.00502	0.00879
5	0.21573	0.01643	0.01667	0.01455	0.01957	0.01828	0.01154	0.03663	0.38401	0.10571	0.02639	0.02491	0.01949	0.00976	0.00730	0.00259	0.00642	0.00761	0.00745	0.04897
6	0.02294	0.01699	0.01882	0.01599	0.02029	0.01844	0.01254	0.38362	0.06918	0.03956	0.02905	0.25812	0.02824	0.01523	0.00890	0.00275	0.00731	0.01286	0.00792	0.01125
7	0.37558	0.01718	0.01859	0.01472	0.02069	0.01806	0.06195	0.13304	0.04575	0.07755	0.01592	0.01725	0.01189	0.00792	0.00644	0.00231	0.00735	0.00584	0.00591	0.13606
8	0.02252	0.02358	0.02887	0.02309	0.02881	0.16072	0.20837	0.06396	0.29011	0.02929	0.02284	0.02382	0.01731	0.00908	0.00846	0.00259	0.01055	0.00837	0.00609	0.01157
9	0.02678	0.02071	0.02206	0.01785	0.02362	0.02327	0.01444	0.41084	0.27109	0.04459	0.02464	0.02359	0.01798	0.01022	0.00817	0.00256	0.00797	0.00802	0.00817	0.01344
10	0.02770	0.03320	0.02180	0.01977	0.02406	0.51155	0.01495	0.03516	0.18455	0.02349	0.01782	0.01867	0.01414	0.00904	0.00756	0.00226	0.01252	0.00624	0.00523	0.01029
11	0.02203	0.02622	0.04146	0.03077	0.03794	0.19114	0.47513	0.02764	0.02014	0.02441	0.01542	0.02002	0.01183	0.00723	0.00899	0.00257	0.01393	0.00845	0.00412	0.01055
12	0.01983	0.01893	0.02527	0.02030	0.02537	0.07562	0.17256	0.08075	0.24954	0.03178	0.15859	0.03229	0.03038	0.01078	0.00878	0.00262	0.00866	0.00995	0.00696	0.01103

[dist]
# distance from previous block
# <min> <max>
0	2

[block]
# block no. 12 follows, 23 sequences, length 15
# corresponding to MSA columns:
# 257-271
name=unknown_M
#
# <colnr> <probs for GDERKNQSTAVLIFYWHMCP>
#	G	D	E	R	K	N	Q	S	T	A	V	L	I	F	Y	W	H	M	C	P
0	0.39518	0.01710	0.01576	0.01382	0.01882	0.01970	0.01109	0.09308	0.27214	0.03689	0.02086	0.02069	0.01572	0.00915	0.00663	0.00260	0.00660	0.00661	0.00663	0.01092
1	0.29324	0.01988	0.01954	0.01569	0.02153	0.02236	0.01290	0.38010	0.07005	0.04477	0.01748	0.01796	0.01275	0.00904	0.00703	0.00248	0.00782	0.00640	0.00703	0.01196
2	0.21045	0.02748	0.02079	0.01763	0.02283	0.28968	0.01392	0.24338	0.02611	0.03489	0.01469	0.01599	0.01123	0.00865	0.00704	0.00231	0.01060	0.00576	0.00577	0.01080
3	0.01111	0.00826	0.01061	0.01204	0.01362	0.00777	0.00945	0.01362	0.01752	0.02245	0.05302	0.30742	0.19677	0.02303	0.01052	0.00334	0.00568	0.25926	0.00751	0.00701
4	0.01180	0.00787	0.00885	0.00885	0.00885	0.00787	0.00492	0.01180	0.01180	0.01573	0.02557	0.05310	0.02950	0.71483	0.04130	0.00787	0.00787	0.01180	0.00492	0.00492
5	0.77215	0.01569	0.01193	0.01067	0.01569	0.01820	0.00879	0.02385	0.01381	0.03641	0.01130	0.01318	0.00879	0.00753	0.00502	0.00251	0.00628	0.00439	0.00502	0.00879
6	0.11349	0.03309	0.02201	0.01934	0.02405	0.48404	0.01486	0.14543	0.02482	0.02761	0.01371	0.01538	0.01090	0.00853	0.00721	0.00220	0.01262	0.00552	0.00502	0.01017
7	0.02772	0.01661	0.01921	0.01594	0.02141	0.01751	0.01277	0.10846	0.33593	0.28455	0.03111	0.02802	0.02171	0.01049	0.00820	0.00262	0.00689	0.00857	0.00894	0.01333
8	0.21129	0.02002	0.02071	0.01625	0.02236	0.02198	0.01342	0.42097	0.03056	0.11736	0.01891	0.01887	0.01329	0.00924	0.00737	0.00246	0.00806	0.00670	0.00758	0.01258
9	0.02748	0.01736	0.01987	0.01594	0.02182	0.01792	0.01287	0.19221	0.23256	0.23069	0.02719	0.02521	0.01912	0.00984	0.00794	0.00243	0.00717	0.00791	0.00838	0.09607
10	0.01501	0.01175	0.01432	0.01493	0.01751	0.01262	0.01216	0.02494	0.23324	0.02703	0.03984	0.16446	0.04028	0.01898	0.01007	0.00333	0.00669	0.31591	0.00775	0.00917
11	0.38011	0.02218	0.01826	0.01529	0.02069	0.13610	0.01234	0.24301	0.02404	0.03876	0.01442	0.01567	0.01086	0.00846	0.00652	0.00241	0.00867	0.00557	0.00597	0.01067
12	0.01915	0.02189	0.04788	0.03420	0.04241	0.02052	0.63475	0.02599	0.01915	0.02599	0.01642	0.02189	0.01231	0.00684	0.00958	0.00274	0.01368	0.00958	0.00410	0.01094
13	0.03031	0.03867	0.02299	0.02090	0.02508	0.68226	0.01568	0.03240	0.02299	0.01986	0.01254	0.01463	0.01045	0.00836	0.00732	0.00209	0.01463	0.00523	0.00418	0.00941
14	0.02008	0.01928	0.03294	0.04981	0.66422	0.01928	0.02490	0.02490	0.01848	0.02651	0.01526	0.02008	0.01285	0.00723	0.00803	0.00241	0.00964	0.00723	0.00402	0.01285

[dist]
# distance from previous block
# <min> <max>
0	1

[block]
# block no. 13 follows, 23 sequences, length 15
# corresponding to MSA columns:
# 273-287
name=unknown_N
#
# <colnr> <probs for GDERKNQSTAVLIFYWHMCP>
#	G	D	E	R	K	N	Q	S	T	A	V	L	I	F	Y	W	H	M	C	P
0	0.19386	0.01491	0.01522	0.01382	0.01794	0.01638	0.01067	0.07686	0.26356	0.03236	0.02808	0.17578	0.02565	0.01293	0.00779	0.00267	0.00617	0.01068	0.00707	0.06760
1	0.62755	0.01706	0.01435	0.01223	0.01754	0.01956	0.01008	0.14349	0.01856	0.03928	0.01289	0.01441	0.00977	0.00796	0.00563	0.00250	0.00679	0.00496	0.00563	0.00977
2	0.62755	0.01706	0.01435	0.01223	0.01754	0.01956	0.01008	0.14349	0.01856	0.03928	0.01289	0.01441	0.00977	0.00796	0.00563	0.00250	0.00679	0.00496	0.00563	0.00977
3	0.01013	0.00779	0.00927	0.00986	0.01153	0.00693	0.00703	0.01233	0.01834	0.02382	0.19639	0.31939	0.29490	0.02156	0.00988	0.00291	0.00428	0.01889	0.00785	0.00693
4	0.01180	0.00787	0.00885	0.00885	0.00885	0.00787	0.00492	0.01180	0.01180	0.01573	0.02557	0.05310	0.02950	0.71483	0.04130	0.00787	0.00787	0.01180	0.00492	0.00492
5	0.77215	0.01569	0.01193	0.01067	0.01569	0.01820	0.00879	0.02385	0.01381	0.03641	0.01130	0.01318	0.00879	0.00753	0.00502	0.00251	0.00628	0.00439	0.00502	0.00879
6	0.17517	0.02183	0.01902	0.01599	0.02132	0.19001	0.01270	0.08800	0.08932	0.25507	0.02192	0.02100	0.01533	0.00919	0.00734	0.00242	0.00893	0.00670	0.00718	0.01158
7	0.00989	0.00706	0.00942	0.01130	0.01177	0.00659	0.00753	0.01130	0.01554	0.02071	0.04472	0.70954	0.05367	0.02542	0.01036	0.00330	0.00471	0.02307	0.00753	0.00659
8	0.02096	0.02059	0.03726	0.02686	0.03454	0.01953	0.39279	0.14334	0.02238	0.03095	0.01662	0.02043	0.01254	0.00724	0.00860	0.00238	0.01126	0.00821	0.00502	0.15848
9	0.02872	0.02043	0.02224	0.01767	0.02366	0.02249	0.01439	0.42228	0.19227	0.11260	0.02426	0.02310	0.01726	0.01010	0.00816	0.00252	0.00808	0.00787	0.00836	0.01356
10	0.02969	0.02010	0.02151	0.01723	0.02310	0.05463	0.01397	0.31865	0.17718	0.19858	0.02540	0.02378	0.01776	0.01004	0.00812	0.00251	0.00813	0.00785	0.00842	0.01335
11	0.02690	0.18731	0.02666	0.01869	0.02355	0.43978	0.01486	0.03218	0.11391	0.02176	0.01528	0.01658	0.01255	0.00844	0.00698	0.00211	0.01210	0.00561	0.00462	0.01014
12	0.01893	0.02120	0.04467	0.03212	0.03978	0.02021	0.56101	0.02528	0.01861	0.02563	0.01595	0.02134	0.01220	0.00723	0.01039	0.00269	0.05430	0.00915	0.00411	0.05519
13	0.20339	0.02121	0.01827	0.01576	0.02083	0.16567	0.01244	0.06445	0.19138	0.17351	0.02246	0.02165	0.01624	0.00932	0.00726	0.00248	0.00845	0.00685	0.00698	0.01139
14	0.02971	0.02144	0.02135	0.01740	0.02307	0.11247	0.01396	0.26122	0.17467	0.20114	0.02488	0.02340	0.01750	0.00992	0.00805	0.00248	0.00862	0.00767	0.00809	0.01297

[dist]
# distance from previous block
# <min> <max>
0	5

[block]
# block no. 14 follows, 23 sequences, length 13
# corresponding to MSA columns:
# 293-305
name=unknown_O
#
# <colnr> <probs for GDERKNQSTAVLIFYWHMCP>
#	G	D	E	R	K	N	Q	S	T	A	V	L	I	F	Y	W	H	M	C	P
0	0.02479	0.01866	0.02016	0.01696	0.02226	0.02089	0.01352	0.21733	0.41293	0.09685	0.02895	0.02686	0.02112	0.01055	0.00821	0.00264	0.00720	0.00853	0.00838	0.01321
1	0.12865	0.02312	0.02116	0.01747	0.02299	0.12573	0.01401	0.33071	0.16539	0.04053	0.02024	0.02022	0.01498	0.00950	0.00760	0.00246	0.00892	0.00699	0.00711	0.01223
2	0.09070	0.02853	0.02217	0.01877	0.02396	0.30772	0.01474	0.26923	0.08761	0.03479	0.01710	0.01789	0.01298	0.00908	0.00753	0.00232	0.01093	0.00635	0.00618	0.01140
3	0.03077	0.02508	0.02415	0.01900	0.02515	0.12225	0.01546	0.54781	0.03591	0.04652	0.01846	0.01876	0.01330	0.00954	0.00800	0.00238	0.00977	0.00700	0.00754	0.01315
4	0.01194	0.00873	0.01164	0.01324	0.01496	0.00843	0.01097	0.01497	0.01804	0.02324	0.04910	0.21031	0.13881	0.02273	0.01080	0.00350	0.00643	0.40745	0.00749	0.00721
5	0.01180	0.00787	0.00885	0.00885	0.00885	0.00787	0.00492	0.01180	0.01180	0.01573	0.02557	0.05310	0.02950	0.71483	0.04130	0.00787	0.00787	0.01180	0.00492	0.00492
6	0.77215	0.01569	0.01193	0.01067	0.01569	0.01820	0.00879	0.02385	0.01381	0.03641	0.01130	0.01318	0.00879	0.00753	0.00502	0.00251	0.00628	0.00439	0.00502	0.00879
7	0.57599	0.01898	0.01509	0.01299	0.01819	0.07867	0.01057	0.13214	0.01890	0.03751	0.01284	0.01442	0.00981	0.00799	0.00577	0.00246	0.00749	0.00498	0.00549	0.00972
8	0.02026	0.00999	0.01359	0.01316	0.01604	0.00909	0.01023	0.02276	0.01898	0.26010	0.03971	0.33803	0.03996	0.01918	0.00972	0.00309	0.00606	0.13220	0.00844	0.00942
9	0.02878	0.02105	0.02271	0.01795	0.02401	0.02332	0.01465	0.47153	0.17354	0.08176	0.02320	0.02234	0.01659	0.01004	0.00815	0.00251	0.00826	0.00777	0.00826	0.01359
10	0.44538	0.01700	0.01554	0.01327	0.01834	0.01931	0.01077	0.16147	0.11374	0.03903	0.06071	0.02034	0.01689	0.00915	0.00649	0.00253	0.00672	0.00645	0.00645	0.01042
11	0.20017	0.02871	0.01908	0.01728	0.02152	0.40981	0.01317	0.05368	0.02084	0.05590	0.01634	0.07712	0.01452	0.00983	0.00713	0.00233	0.01122	0.00685	0.00511	0.00940
