[name]
unknown

[dist]
# distance from previous block
# <min> <max>
0	45

[block]
# block no. 0 follows, 20 sequences, length 11
# corresponding to MSA columns:
# 45-55
name=unknown_A
#
# <colnr> <probs for GDERKNQSTAVLIFYWHMCP>
#	G	D	E	R	K	N	Q	S	T	A	V	L	I	F	Y	W	H	M	C	P
0	0.01313	0.00928	0.01162	0.01207	0.01437	0.00850	0.00951	0.01626	0.02092	0.05414	0.20476	0.16297	0.23428	0.02179	0.01082	0.00326	0.00554	0.17016	0.00857	0.00805
1	0.02053	0.02221	0.09411	0.04746	0.52586	0.01975	0.02621	0.02610	0.01974	0.02820	0.01891	0.02793	0.01669	0.00924	0.00890	0.00273	0.01041	0.05722	0.00458	0.01322
2	0.06532	0.02187	0.02074	0.21173	0.03196	0.21024	0.01638	0.02516	0.01897	0.02438	0.01734	0.02281	0.01419	0.01545	0.07780	0.00379	0.06069	0.00715	0.12471	0.00934
3	0.01354	0.01096	0.01242	0.01252	0.01551	0.01075	0.01000	0.02048	0.13066	0.02757	0.11507	0.07666	0.32489	0.02037	0.01050	0.00321	0.00578	0.16196	0.00835	0.00879
4	0.08277	0.03055	0.02343	0.02194	0.06897	0.33644	0.01594	0.18139	0.02742	0.03216	0.02294	0.02414	0.07391	0.01052	0.00821	0.00247	0.01197	0.00755	0.00601	0.01129
5	0.06873	0.19004	0.02778	0.10618	0.02771	0.14467	0.01551	0.14139	0.06807	0.02960	0.01783	0.02259	0.01505	0.07665	0.01113	0.00301	0.01048	0.00707	0.00551	0.01100
6	0.01383	0.01065	0.01427	0.01348	0.01450	0.01232	0.01009	0.01619	0.01595	0.02315	0.14685	0.04366	0.03488	0.20452	0.22818	0.00794	0.12730	0.01115	0.04354	0.00756
7	0.66740	0.05468	0.01460	0.01163	0.01694	0.01970	0.00968	0.02509	0.01562	0.03783	0.05115	0.01736	0.01411	0.00867	0.00572	0.00266	0.00673	0.00541	0.00557	0.00947
8	0.01647	0.01550	0.02616	0.67248	0.06008	0.01938	0.02422	0.02229	0.01744	0.02229	0.01550	0.02326	0.01163	0.00872	0.00872	0.00291	0.01163	0.00775	0.00388	0.00969
9	0.01743	0.01441	0.02047	0.15470	0.14660	0.01516	0.01594	0.02502	0.11723	0.05891	0.16972	0.04442	0.13735	0.01344	0.00935	0.00281	0.00752	0.01175	0.00709	0.01068
10	0.17396	0.01764	0.02517	0.11843	0.31143	0.01853	0.01937	0.02506	0.04474	0.02973	0.02392	0.02728	0.07997	0.00963	0.00807	0.00266	0.00882	0.00825	0.00513	0.04221

[dist]
# distance from previous block
# <min> <max>
0	2

[block]
# block no. 1 follows, 20 sequences, length 13
# corresponding to MSA columns:
# 58-70
name=unknown_B
#
# <colnr> <probs for GDERKNQSTAVLIFYWHMCP>
#	G	D	E	R	K	N	Q	S	T	A	V	L	I	F	Y	W	H	M	C	P
0	0.01788	0.01653	0.02670	0.08012	0.40100	0.01648	0.02069	0.02218	0.01943	0.02653	0.03344	0.09728	0.12843	0.01300	0.00935	0.00284	0.00880	0.04232	0.00550	0.01149
1	0.01820	0.01727	0.02928	0.46356	0.25550	0.01983	0.02508	0.02380	0.01826	0.02438	0.01581	0.02269	0.01237	0.00840	0.00869	0.00280	0.01120	0.00776	0.00403	0.01108
2	0.01959	0.01790	0.02911	0.13030	0.39996	0.01877	0.02250	0.05551	0.01976	0.02757	0.02075	0.02649	0.04193	0.01767	0.11021	0.00444	0.01227	0.00848	0.00472	0.01207
3	0.02383	0.02362	0.03247	0.08711	0.45997	0.10997	0.02430	0.08055	0.02230	0.02950	0.01635	0.02083	0.01341	0.00825	0.00854	0.00257	0.01112	0.00748	0.00471	0.01312
4	0.22600	0.09933	0.02128	0.01554	0.02038	0.02165	0.01275	0.17361	0.08689	0.03638	0.02241	0.11224	0.02030	0.01515	0.04415	0.00339	0.04159	0.00923	0.00667	0.01108
5	0.01104	0.00789	0.01054	0.01207	0.01273	0.00760	0.00817	0.01277	0.01671	0.02256	0.08256	0.54626	0.05431	0.07423	0.07210	0.00477	0.00689	0.02201	0.00770	0.00710
6	0.01292	0.00844	0.01098	0.01190	0.01333	0.00771	0.00833	0.01506	0.01887	0.06918	0.14520	0.48571	0.11116	0.02414	0.01075	0.00330	0.00502	0.02162	0.00853	0.00785
7	0.01100	0.00852	0.01003	0.01037	0.01239	0.00755	0.00750	0.01359	0.02045	0.02661	0.24004	0.24194	0.31424	0.02224	0.01053	0.00305	0.00450	0.01936	0.00855	0.00755
8	0.75506	0.01687	0.01282	0.01147	0.01687	0.01957	0.00945	0.02564	0.01484	0.03914	0.01215	0.01417	0.00945	0.00810	0.00540	0.00270	0.00675	0.00472	0.00540	0.00945
9	0.01356	0.01071	0.01659	0.01877	0.09048	0.01208	0.01281	0.01692	0.01472	0.02124	0.02253	0.03274	0.02085	0.05849	0.58075	0.01265	0.02180	0.00916	0.00463	0.00851
10	0.18760	0.21529	0.06939	0.01348	0.01836	0.01977	0.01236	0.02195	0.01582	0.02610	0.01655	0.02138	0.01432	0.02008	0.11449	0.09353	0.01041	0.00633	0.09368	0.00911
11	0.02448	0.02693	0.02742	0.16184	0.23876	0.26894	0.02090	0.02856	0.02116	0.02475	0.01595	0.02042	0.01298	0.00861	0.00817	0.00248	0.01226	0.00695	0.05729	0.01113
12	0.01808	0.12526	0.02015	0.01619	0.05881	0.09235	0.01225	0.02110	0.02078	0.05508	0.09457	0.05861	0.24414	0.01665	0.00936	0.00282	0.00772	0.10984	0.00694	0.00929

[dist]
# distance from previous block
# <min> <max>
3	23

[block]
# block no. 2 follows, 20 sequences, length 29
# corresponding to MSA columns:
# 94-122
name=unknown_C
#
# <colnr> <probs for GDERKNQSTAVLIFYWHMCP>
#	G	D	E	R	K	N	Q	S	T	A	V	L	I	F	Y	W	H	M	C	P
0	0.07604	0.02996	0.22870	0.03671	0.31443	0.06487	0.02583	0.06929	0.02088	0.03041	0.01597	0.01957	0.01250	0.00824	0.00824	0.00263	0.01122	0.00698	0.00452	0.01302
1	0.25165	0.06219	0.06308	0.01636	0.06192	0.01561	0.01262	0.02024	0.01605	0.02803	0.02500	0.21145	0.02602	0.02381	0.12442	0.00491	0.01013	0.01164	0.00572	0.00916
2	0.02184	0.01287	0.01429	0.01279	0.01622	0.05153	0.01003	0.05239	0.02030	0.16675	0.03150	0.03441	0.06491	0.02507	0.17224	0.00532	0.01072	0.00915	0.25773	0.00994
3	0.01737	0.01642	0.02779	0.56343	0.16208	0.01962	0.02467	0.02308	0.01787	0.02338	0.01566	0.02296	0.01201	0.00855	0.00871	0.00285	0.01140	0.00776	0.00395	0.01042
4	0.02858	0.02990	0.02522	0.02161	0.02566	0.29218	0.01711	0.18044	0.07031	0.03104	0.01653	0.01915	0.01335	0.01114	0.01331	0.00278	0.17748	0.00701	0.00574	0.01146
5	0.01851	0.01718	0.02864	0.22970	0.36132	0.01821	0.02287	0.02369	0.01996	0.02776	0.12097	0.02947	0.02479	0.00976	0.00894	0.00271	0.00968	0.00912	0.00508	0.01165
6	0.01272	0.00926	0.01361	0.01361	0.01520	0.01071	0.01057	0.01590	0.01431	0.02110	0.02372	0.03415	0.02184	0.06161	0.61386	0.01319	0.02203	0.00926	0.05551	0.00781
7	0.01984	0.01145	0.01399	0.01281	0.01632	0.01075	0.00990	0.02502	0.08760	0.18773	0.13321	0.12011	0.18600	0.06435	0.01232	0.00338	0.00606	0.06023	0.00890	0.01002
8	0.02159	0.02073	0.03541	0.05354	0.63903	0.02073	0.02677	0.02677	0.01986	0.02850	0.01641	0.02159	0.01382	0.00777	0.00864	0.00259	0.01036	0.00777	0.00432	0.01382
9	0.03316	0.02443	0.02618	0.02007	0.02705	0.02705	0.01658	0.60995	0.04101	0.05497	0.02094	0.02094	0.01483	0.01047	0.00873	0.00262	0.00960	0.00785	0.00873	0.01483
10	0.01076	0.00885	0.00945	0.00930	0.01206	0.00755	0.00698	0.01338	0.02094	0.02606	0.20793	0.07983	0.51437	0.02116	0.01030	0.00290	0.00435	0.01783	0.00843	0.00755
11	0.01408	0.01327	0.02347	0.01959	0.02354	0.01226	0.20104	0.01789	0.01910	0.02479	0.04851	0.26182	0.19180	0.01924	0.01074	0.00324	0.00828	0.07168	0.00691	0.00875
12	0.01472	0.01885	0.17113	0.01670	0.02120	0.01347	0.01594	0.05877	0.01758	0.02493	0.02690	0.17797	0.02682	0.03881	0.30558	0.00806	0.01566	0.01204	0.00549	0.00938
13	0.02041	0.02301	0.04856	0.03513	0.04292	0.02261	0.53814	0.02712	0.01974	0.02712	0.01692	0.02301	0.01303	0.00828	0.01245	0.00304	0.09269	0.00998	0.00434	0.01150
14	0.02110	0.02023	0.03452	0.11281	0.58359	0.02060	0.02653	0.02634	0.01963	0.02790	0.01632	0.02175	0.01361	0.00786	0.00864	0.00262	0.01048	0.00777	0.00428	0.01342
15	0.02587	0.02556	0.20964	0.05840	0.15100	0.01799	0.02197	0.08668	0.02316	0.21426	0.06070	0.02581	0.01960	0.00976	0.00869	0.00270	0.00983	0.00819	0.00679	0.01339
16	0.02897	0.02039	0.02171	0.01711	0.02287	0.02236	0.01398	0.46384	0.03538	0.04941	0.02280	0.02381	0.01670	0.01039	0.00807	0.00247	0.00823	0.00792	0.19040	0.01317
17	0.02881	0.02024	0.02153	0.01700	0.02270	0.02218	0.01388	0.45819	0.03516	0.04919	0.02288	0.02392	0.01677	0.01039	0.00805	0.00247	0.00817	0.00792	0.19742	0.01311
18	0.01582	0.01771	0.12815	0.01742	0.06178	0.01316	0.01439	0.08817	0.02204	0.03031	0.17930	0.18960	0.10052	0.06700	0.01234	0.00334	0.00733	0.01466	0.00727	0.00968
19	0.01095	0.00773	0.01003	0.01173	0.01215	0.00730	0.00765	0.01223	0.01606	0.02142	0.04481	0.58779	0.05357	0.13291	0.01641	0.00432	0.00560	0.02288	0.00765	0.00680
20	0.01082	0.00810	0.00964	0.01074	0.01193	0.00737	0.00724	0.01234	0.01712	0.02191	0.05765	0.41024	0.23341	0.12077	0.01563	0.00406	0.00535	0.02109	0.00770	0.00691
21	0.02162	0.02017	0.03100	0.04347	0.46568	0.02100	0.02312	0.03228	0.18958	0.03075	0.02178	0.02467	0.01742	0.00891	0.00870	0.00269	0.00939	0.00836	0.00560	0.01381
22	0.02605	0.16018	0.23233	0.02153	0.02966	0.24434	0.02148	0.11456	0.02375	0.02814	0.01503	0.01705	0.01169	0.00870	0.00771	0.00240	0.01274	0.00604	0.00471	0.01190
23	0.01178	0.00854	0.01124	0.01220	0.01365	0.00800	0.00906	0.01466	0.02022	0.02737	0.25179	0.33595	0.10113	0.02319	0.01095	0.00331	0.00520	0.11552	0.00860	0.00766
24	0.02680	0.03174	0.02083	0.01893	0.02322	0.43661	0.01431	0.05780	0.06567	0.02449	0.03238	0.03264	0.15438	0.01223	0.00853	0.00247	0.01226	0.00892	0.00582	0.00997
25	0.02287	0.02385	0.03167	0.04146	0.39816	0.12882	0.02338	0.02682	0.01921	0.02561	0.01480	0.02005	0.01285	0.00966	0.01300	0.00281	0.16113	0.00738	0.00423	0.01224
26	0.07791	0.01675	0.02151	0.10550	0.09783	0.01811	0.01542	0.20907	0.02419	0.07770	0.02042	0.06453	0.01714	0.01529	0.01432	0.16977	0.00885	0.00867	0.00633	0.01068
27	0.18611	0.01781	0.01510	0.01409	0.01733	0.13211	0.01080	0.07832	0.01965	0.02983	0.02156	0.07298	0.01983	0.01530	0.01230	0.13567	0.00832	0.04891	0.13539	0.00858
28	0.02178	0.18589	0.02865	0.01863	0.02310	0.11242	0.05988	0.08071	0.04343	0.02559	0.01795	0.02283	0.01550	0.02389	0.17619	0.00544	0.08597	0.00740	0.03439	0.01036

[dist]
# distance from previous block
# <min> <max>
1	97

[block]
# block no. 3 follows, 20 sequences, length 35
# corresponding to MSA columns:
# 220-254
name=unknown_D
#
# <colnr> <probs for GDERKNQSTAVLIFYWHMCP>
#	G	D	E	R	K	N	Q	S	T	A	V	L	I	F	Y	W	H	M	C	P
0	0.02081	0.16028	0.27607	0.02296	0.08063	0.10783	0.02225	0.02895	0.08435	0.02612	0.02312	0.02462	0.06653	0.00975	0.00799	0.00255	0.01101	0.00750	0.00479	0.01190
1	0.08977	0.06954	0.21814	0.02861	0.17467	0.18893	0.02271	0.02839	0.02013	0.02666	0.01799	0.02076	0.03947	0.00890	0.00794	0.00254	0.01190	0.00682	0.00441	0.01173
2	0.01816	0.06370	0.15832	0.01796	0.05431	0.06900	0.01583	0.02174	0.01964	0.05591	0.19262	0.06851	0.03510	0.01630	0.01377	0.14488	0.00860	0.01026	0.00606	0.00933
3	0.02527	0.07036	0.02330	0.02168	0.07881	0.32735	0.01539	0.03104	0.09976	0.02486	0.01933	0.02248	0.01598	0.01689	0.09564	0.00392	0.01358	0.00706	0.07680	0.01049
4	0.01925	0.02769	0.22794	0.05749	0.14891	0.10033	0.02182	0.02522	0.01876	0.02620	0.01848	0.02337	0.01490	0.01770	0.11222	0.00437	0.01319	0.00735	0.10374	0.01110
5	0.02620	0.08127	0.02642	0.02644	0.17174	0.15274	0.01724	0.03562	0.18970	0.11956	0.02622	0.02640	0.04198	0.01014	0.00837	0.00259	0.00976	0.00820	0.00668	0.01272
6	0.01246	0.00852	0.00923	0.00923	0.01010	0.00817	0.00567	0.01334	0.01487	0.01988	0.04172	0.06108	0.17115	0.47509	0.03298	0.00659	0.00712	0.01360	0.07317	0.00603
7	0.01191	0.00868	0.01107	0.01243	0.01362	0.00825	0.00879	0.03866	0.01867	0.02468	0.07754	0.53060	0.10915	0.02544	0.01098	0.00345	0.00538	0.06496	0.00819	0.00757
8	0.02107	0.02172	0.02691	0.18050	0.03430	0.14230	0.09710	0.05500	0.01954	0.02493	0.01836	0.07830	0.01652	0.01187	0.01340	0.00298	0.16508	0.00915	0.05102	0.00996
9	0.01947	0.01398	0.01628	0.04618	0.01967	0.01499	0.01161	0.20050	0.05758	0.03521	0.06061	0.26045	0.03492	0.01878	0.03408	0.00333	0.00738	0.01438	0.12039	0.01021
10	0.01171	0.00888	0.01086	0.01087	0.01307	0.00802	0.00825	0.01500	0.02207	0.02949	0.35861	0.12746	0.25139	0.02056	0.01053	0.00299	0.00465	0.06891	0.00886	0.00784
11	0.02217	0.02183	0.03484	0.05189	0.60656	0.05456	0.02624	0.02720	0.02012	0.02812	0.01625	0.02128	0.01368	0.00784	0.00859	0.00257	0.01065	0.00766	0.00433	0.01362
12	0.02524	0.15031	0.03280	0.03342	0.28481	0.14129	0.02034	0.11740	0.02331	0.02935	0.01614	0.01967	0.01343	0.01138	0.04207	0.00300	0.01172	0.00689	0.00494	0.01249
13	0.03316	0.02443	0.02618	0.02007	0.02705	0.02705	0.01658	0.60995	0.04101	0.05497	0.02094	0.02094	0.01483	0.01047	0.00873	0.00262	0.00960	0.00785	0.00873	0.01483
14	0.01094	0.00781	0.01048	0.01250	0.01315	0.00735	0.00864	0.01269	0.01701	0.02262	0.04790	0.63396	0.05701	0.02703	0.01122	0.00359	0.00533	0.07550	0.00809	0.00717
15	0.01563	0.01344	0.01865	0.05737	0.02089	0.04386	0.07186	0.04383	0.01646	0.02206	0.02455	0.09626	0.02502	0.21892	0.23323	0.00815	0.04520	0.01135	0.00521	0.00806
16	0.01315	0.00925	0.01264	0.01284	0.01350	0.01021	0.00917	0.01421	0.01421	0.02002	0.02852	0.20616	0.03108	0.15551	0.20540	0.11765	0.06881	0.01351	0.03742	0.00673
17	0.03258	0.04157	0.02472	0.02247	0.02697	0.65843	0.01685	0.03483	0.02472	0.02135	0.01348	0.01573	0.01124	0.00899	0.00787	0.00225	0.01573	0.00562	0.00449	0.01011
18	0.01923	0.01547	0.01820	0.01306	0.02076	0.01169	0.01047	0.02307	0.01846	0.06174	0.01653	0.01871	0.01339	0.00669	0.00658	0.00137	0.00651	0.00536	0.00547	0.70723
19	0.01115	0.00830	0.01089	0.01241	0.01299	0.00820	0.00846	0.01266	0.01651	0.02202	0.04735	0.58992	0.08530	0.05816	0.01359	0.00376	0.04048	0.02297	0.00774	0.00714
20	0.03258	0.04157	0.02472	0.02247	0.02697	0.65843	0.01685	0.03483	0.02472	0.02135	0.01348	0.01573	0.01124	0.00899	0.00787	0.00225	0.01573	0.00562	0.00449	0.01011
21	0.01143	0.00893	0.01040	0.01017	0.01265	0.00789	0.00771	0.01462	0.02215	0.02905	0.34324	0.07576	0.34912	0.02018	0.01038	0.00290	0.00444	0.04239	0.00880	0.00780
22	0.23470	0.01485	0.01580	0.01514	0.01936	0.01629	0.01254	0.03021	0.18602	0.08583	0.03228	0.04967	0.02932	0.01489	0.00895	0.00323	0.00729	0.20527	0.00773	0.01063
23	0.02942	0.02186	0.02330	0.01854	0.02467	0.02430	0.01509	0.44834	0.15030	0.04939	0.02441	0.02422	0.01778	0.01070	0.00851	0.00263	0.00858	0.00826	0.07567	0.01403
24	0.01063	0.00759	0.01012	0.01215	0.01265	0.00709	0.00810	0.01215	0.01670	0.02227	0.04808	0.68775	0.05769	0.02733	0.01113	0.00354	0.00506	0.02480	0.00810	0.00709
25	0.01267	0.00853	0.00990	0.00990	0.01003	0.00867	0.00577	0.01293	0.01280	0.01720	0.02713	0.05513	0.03086	0.63962	0.09706	0.00893	0.00973	0.01240	0.00523	0.00550
26	0.03258	0.04157	0.02472	0.02247	0.02697	0.65843	0.01685	0.03483	0.02472	0.02135	0.01348	0.01573	0.01124	0.00899	0.00787	0.00225	0.01573	0.00562	0.00449	0.01011
27	0.01063	0.00759	0.01012	0.01215	0.01265	0.00709	0.00810	0.01215	0.01670	0.02227	0.04808	0.68775	0.05769	0.02733	0.01113	0.00354	0.00506	0.02480	0.00810	0.00709
28	0.01196	0.00890	0.01112	0.01057	0.01279	0.00806	0.00792	0.01571	0.02377	0.03280	0.52999	0.06875	0.18811	0.01865	0.01029	0.00278	0.00417	0.01628	0.00931	0.00806
29	0.01501	0.01325	0.01715	0.01627	0.01771	0.05463	0.01286	0.01783	0.01456	0.02046	0.02044	0.03017	0.01914	0.05217	0.49603	0.01131	0.14946	0.00878	0.00450	0.00827
30	0.01264	0.00863	0.01038	0.01038	0.01067	0.00892	0.00636	0.01324	0.01294	0.01755	0.02670	0.05272	0.02982	0.57333	0.16192	0.00952	0.01131	0.01205	0.00517	0.00576
31	0.01246	0.00935	0.01402	0.01402	0.01558	0.01090	0.01090	0.01558	0.01402	0.02025	0.02336	0.03427	0.02181	0.06542	0.65888	0.01402	0.02336	0.00935	0.00467	0.00779
32	0.02405	0.14445	0.02442	0.01701	0.02072	0.20602	0.01328	0.11424	0.02150	0.02506	0.01830	0.02859	0.01778	0.20935	0.02004	0.00418	0.06823	0.00803	0.00518	0.00957
33	0.02122	0.01966	0.02327	0.06862	0.21728	0.10513	0.01737	0.05741	0.08052	0.05778	0.03742	0.04078	0.16437	0.01286	0.00913	0.00276	0.00914	0.03754	0.00638	0.01134
34	0.01737	0.01647	0.02656	0.10128	0.35145	0.01632	0.04516	0.02175	0.01965	0.02625	0.03966	0.04202	0.21476	0.01248	0.00926	0.00275	0.00876	0.01132	0.00550	0.01122

[dist]
# distance from previous block
# <min> <max>
1	41

[block]
# block no. 4 follows, 20 sequences, length 34
# corresponding to MSA columns:
# 296-329
name=unknown_E
#
# <colnr> <probs for GDERKNQSTAVLIFYWHMCP>
#	G	D	E	R	K	N	Q	S	T	A	V	L	I	F	Y	W	H	M	C	P
0	0.02696	0.33309	0.13717	0.01836	0.02595	0.16847	0.01790	0.03095	0.02057	0.12200	0.01659	0.01763	0.01285	0.00848	0.00706	0.00223	0.01105	0.00583	0.00503	0.01182
1	0.01812	0.02356	0.17970	0.07854	0.12807	0.04887	0.01973	0.07242	0.02086	0.02827	0.08581	0.03528	0.09278	0.05844	0.06832	0.00407	0.01105	0.00977	0.00554	0.01079
2	0.01993	0.01884	0.03096	0.25246	0.39366	0.02037	0.02476	0.02709	0.07414	0.02720	0.01785	0.02313	0.01427	0.00845	0.00869	0.00273	0.01046	0.00796	0.00459	0.01247
3	0.02721	0.02761	0.02251	0.01950	0.02401	0.26926	0.01537	0.20008	0.05348	0.03242	0.02787	0.03137	0.09634	0.01259	0.01059	0.00271	0.07206	0.03734	0.00652	0.01115
4	0.02259	0.01458	0.01537	0.01296	0.01676	0.01561	0.01015	0.25193	0.02673	0.03994	0.02541	0.03020	0.02025	0.07264	0.01063	0.00285	0.00665	0.00844	0.38581	0.01051
5	0.01313	0.00948	0.01229	0.01299	0.01423	0.00975	0.00918	0.06334	0.01778	0.02408	0.03837	0.42757	0.04367	0.09523	0.15911	0.00626	0.00985	0.01880	0.00713	0.00773
6	0.01195	0.00827	0.00961	0.01012	0.01051	0.00801	0.00612	0.01253	0.01434	0.01885	0.03806	0.21920	0.09143	0.46563	0.03297	0.00673	0.00724	0.01626	0.00625	0.00592
7	0.01246	0.00935	0.01402	0.01402	0.01558	0.01090	0.01090	0.01558	0.01402	0.02025	0.02336	0.03427	0.02181	0.06542	0.65888	0.01402	0.02336	0.00935	0.00467	0.00779
8	0.03316	0.02443	0.02618	0.02007	0.02705	0.02705	0.01658	0.60995	0.04101	0.05497	0.02094	0.02094	0.01483	0.01047	0.00873	0.00262	0.00960	0.00785	0.00873	0.01483
9	0.01554	0.01256	0.01678	0.04968	0.01868	0.01493	0.01219	0.06590	0.01667	0.02325	0.02641	0.18004	0.02833	0.16053	0.16342	0.00675	0.16157	0.01287	0.00567	0.00823
10	0.01059	0.00805	0.00976	0.01101	0.01238	0.00722	0.00762	0.01244	0.01807	0.02321	0.08497	0.46461	0.24815	0.02523	0.01083	0.00331	0.00481	0.02234	0.00816	0.00722
11	0.01109	0.00779	0.00999	0.01156	0.01195	0.00739	0.00747	0.01227	0.01580	0.02107	0.04346	0.54643	0.05187	0.17659	0.01859	0.00464	0.00582	0.02208	0.00747	0.00668
12	0.01992	0.02048	0.02659	0.02287	0.02315	0.06585	0.01895	0.02185	0.01406	0.02101	0.01158	0.01888	0.01144	0.01488	0.02734	0.00372	0.63649	0.00751	0.00386	0.00958
13	0.02352	0.01588	0.01757	0.01513	0.01985	0.01674	0.01192	0.14858	0.21483	0.13166	0.04172	0.08656	0.12883	0.01414	0.00900	0.00281	0.00673	0.01169	0.07073	0.01211
14	0.01064	0.00857	0.00948	0.00985	0.01213	0.00741	0.00716	0.01293	0.01978	0.02472	0.14835	0.21687	0.43611	0.02273	0.01049	0.00305	0.00452	0.01951	0.00829	0.00741
15	0.01063	0.00759	0.01012	0.01215	0.01265	0.00709	0.00810	0.01215	0.01670	0.02227	0.04808	0.68775	0.05769	0.02733	0.01113	0.00354	0.00506	0.02480	0.00810	0.00709
16	0.01348	0.00976	0.01330	0.01499	0.01701	0.00957	0.01283	0.01723	0.02014	0.02616	0.08061	0.12468	0.10158	0.02376	0.01176	0.00384	0.00738	0.47586	0.00812	0.00794
17	0.02129	0.02166	0.03266	0.12676	0.35547	0.07551	0.06155	0.02583	0.01877	0.02561	0.01518	0.02097	0.01282	0.00939	0.01246	0.00286	0.13727	0.00772	0.00419	0.01201
18	0.01068	0.00885	0.00935	0.00922	0.01201	0.00752	0.00692	0.01323	0.02075	0.02564	0.18745	0.08054	0.53511	0.02132	0.01031	0.00291	0.00436	0.01793	0.00837	0.00752
19	0.04781	0.00827	0.01025	0.01112	0.01212	0.00809	0.00763	0.01432	0.01643	0.02427	0.08611	0.35731	0.04344	0.05649	0.01555	0.12962	0.00550	0.01695	0.12190	0.00681
20	0.01787	0.01953	0.08528	0.45606	0.20520	0.01980	0.02560	0.02391	0.01815	0.02435	0.01575	0.02239	0.01213	0.00844	0.00866	0.00281	0.01142	0.00764	0.00397	0.01103
21	0.20739	0.01957	0.02825	0.03962	0.42519	0.02052	0.02120	0.02827	0.07366	0.03192	0.01707	0.02071	0.01388	0.00823	0.00784	0.00265	0.00913	0.00719	0.00501	0.01271
22	0.14338	0.01597	0.02387	0.01924	0.02368	0.01667	0.16133	0.09978	0.01943	0.02966	0.02221	0.07823	0.02095	0.13978	0.14176	0.00602	0.01256	0.01031	0.00563	0.00954
23	0.01255	0.00840	0.00955	0.00968	0.00972	0.00837	0.00547	0.01265	0.01294	0.01726	0.02881	0.09772	0.03339	0.65052	0.04225	0.00814	0.00824	0.01347	0.00547	0.00540
24	0.01772	0.01310	0.01677	0.01522	0.01804	0.01481	0.01193	0.16592	0.02076	0.02880	0.02305	0.03257	0.02077	0.09757	0.44911	0.01072	0.01878	0.00921	0.00574	0.00939
25	0.06486	0.01819	0.02944	0.31138	0.32966	0.02012	0.02408	0.02562	0.04380	0.02686	0.01656	0.02229	0.01316	0.00836	0.00848	0.00275	0.01053	0.00766	0.00439	0.01180
26	0.02058	0.11854	0.14009	0.01720	0.02299	0.13870	0.01606	0.02879	0.12367	0.02907	0.15796	0.03146	0.03075	0.01122	0.00819	0.00250	0.00915	0.00887	0.07341	0.01081
27	0.02304	0.02653	0.08642	0.04461	0.44084	0.12913	0.06813	0.02830	0.02062	0.02717	0.01594	0.02047	0.01310	0.00799	0.00860	0.00257	0.01181	0.00748	0.00430	0.01296
28	0.01809	0.01162	0.01555	0.01677	0.09054	0.01089	0.01129	0.02110	0.01961	0.15139	0.05400	0.05411	0.29650	0.02775	0.15512	0.00533	0.01000	0.01311	0.00743	0.00978
29	0.16833	0.01559	0.01879	0.01797	0.07384	0.01631	0.01307	0.03152	0.10243	0.22783	0.07631	0.03368	0.08656	0.01221	0.01006	0.00285	0.06339	0.00946	0.00796	0.01185
30	0.01734	0.09084	0.16001	0.01610	0.02181	0.01663	0.01578	0.10094	0.02252	0.03102	0.19330	0.03948	0.08607	0.02232	0.12299	0.00464	0.01078	0.01054	0.00655	0.01034
31	0.01746	0.07269	0.02488	0.02128	0.08617	0.01648	0.11353	0.06531	0.07662	0.02922	0.10335	0.11229	0.16736	0.01527	0.00965	0.00288	0.00801	0.04023	0.00698	0.01033
32	0.08811	0.02030	0.06995	0.03038	0.25992	0.06012	0.01891	0.02563	0.02025	0.08311	0.10715	0.03200	0.07527	0.01131	0.01011	0.00274	0.05790	0.00932	0.00595	0.01158
33	0.14634	0.02064	0.02965	0.06949	0.34063	0.06214	0.06385	0.02905	0.01995	0.11062	0.01792	0.02126	0.01379	0.00832	0.00819	0.00264	0.01012	0.00744	0.00535	0.01262

[dist]
# distance from previous block
# <min> <max>
14	100

[block]
# block no. 5 follows, 20 sequences, length 98
# corresponding to MSA columns:
# 436-533
name=unknown_F
#
# <colnr> <probs for GDERKNQSTAVLIFYWHMCP>
#	G	D	E	R	K	N	Q	S	T	A	V	L	I	F	Y	W	H	M	C	P
0	0.01399	0.01193	0.01737	0.02359	0.20106	0.01137	0.01315	0.01669	0.01820	0.02411	0.04750	0.28688	0.19196	0.06655	0.01249	0.00344	0.00673	0.01717	0.00676	0.00906
1	0.02116	0.02392	0.09639	0.04522	0.48906	0.06539	0.02522	0.02644	0.02006	0.02755	0.02114	0.02519	0.05672	0.00891	0.00866	0.00261	0.01059	0.00822	0.00453	0.01301
2	0.09242	0.45444	0.06906	0.01559	0.02199	0.06712	0.01502	0.02584	0.01764	0.02374	0.01369	0.01623	0.01195	0.00844	0.00754	0.00217	0.05674	0.00532	0.06438	0.01068
3	0.02373	0.04479	0.02658	0.06462	0.16122	0.06575	0.03990	0.19245	0.10416	0.03468	0.02474	0.02731	0.05219	0.01624	0.07895	0.00388	0.01133	0.00869	0.00639	0.01241
4	0.01224	0.00884	0.01108	0.01108	0.01210	0.00920	0.00757	0.01373	0.01427	0.01916	0.03521	0.05272	0.11980	0.35884	0.26677	0.00968	0.01336	0.01232	0.00549	0.00653
5	0.02288	0.02552	0.11984	0.03830	0.26088	0.02225	0.20653	0.13552	0.02382	0.03312	0.01754	0.02165	0.01346	0.00821	0.00912	0.00273	0.01191	0.00840	0.00508	0.01324
6	0.06255	0.01725	0.01620	0.10801	0.02350	0.13224	0.01290	0.02223	0.06292	0.02488	0.04483	0.05551	0.21347	0.05685	0.01157	0.00331	0.00872	0.10775	0.00654	0.00878
7	0.01954	0.01937	0.02167	0.30799	0.03801	0.13261	0.01777	0.02705	0.13090	0.02432	0.02511	0.06640	0.05479	0.01278	0.01065	0.05605	0.01038	0.00939	0.00541	0.00982
8	0.01087	0.00769	0.01005	0.01183	0.01228	0.00725	0.00776	0.01221	0.01622	0.02163	0.04563	0.61293	0.05461	0.10636	0.01508	0.00413	0.00546	0.02336	0.00776	0.00687
9	0.01095	0.00886	0.00973	0.00951	0.01218	0.00764	0.00713	0.01376	0.02140	0.02716	0.26050	0.07802	0.46111	0.02075	0.01030	0.00288	0.00432	0.01758	0.00857	0.00764
10	0.01950	0.01859	0.03163	0.30666	0.40227	0.02018	0.02573	0.02494	0.01887	0.02596	0.01604	0.02227	0.01292	0.00816	0.00867	0.00272	0.01088	0.00776	0.00414	0.01213
11	0.02091	0.01945	0.02382	0.30055	0.11069	0.11053	0.01930	0.08766	0.02121	0.02765	0.01817	0.02372	0.01431	0.01298	0.05360	0.00340	0.01167	0.00762	0.10231	0.01046
12	0.01275	0.00895	0.01045	0.01052	0.01295	0.00782	0.00771	0.01520	0.02025	0.06856	0.16847	0.23196	0.34885	0.02191	0.01041	0.00305	0.00474	0.01892	0.00855	0.00796
13	0.01829	0.01280	0.01780	0.15608	0.07003	0.01345	0.01369	0.08030	0.02034	0.07111	0.07451	0.09055	0.11227	0.01708	0.01372	0.13840	0.00773	0.01131	0.05146	0.00907
14	0.02480	0.15713	0.10250	0.11221	0.15568	0.25631	0.02123	0.02911	0.02076	0.02348	0.01433	0.01788	0.01178	0.00834	0.00776	0.00239	0.01259	0.00625	0.00414	0.01133
15	0.02145	0.02082	0.03120	0.24333	0.37764	0.06706	0.02466	0.05969	0.02068	0.02756	0.01617	0.02165	0.01300	0.00831	0.00861	0.00267	0.01111	0.00761	0.00445	0.01231
16	0.01522	0.00761	0.01118	0.01118	0.01129	0.00761	0.00749	0.01188	0.01176	0.01616	0.01592	0.02686	0.01557	0.02914	0.03247	0.70317	0.00737	0.00761	0.04648	0.00404
17	0.02530	0.13234	0.23447	0.02488	0.08875	0.22214	0.02257	0.09934	0.02313	0.02802	0.01518	0.01756	0.01185	0.00860	0.00786	0.00244	0.01263	0.00623	0.00461	0.01210
18	0.02204	0.05737	0.02076	0.01846	0.05804	0.13724	0.01357	0.09981	0.20846	0.03100	0.04180	0.04051	0.18799	0.01348	0.00887	0.00270	0.00852	0.01078	0.00728	0.01133
19	0.01031	0.00884	0.00884	0.00884	0.01178	0.00736	0.00663	0.01252	0.01988	0.02356	0.08837	0.08395	0.63549	0.02209	0.01031	0.00295	0.00442	0.01841	0.00810	0.00736
20	0.01809	0.01550	0.01809	0.01292	0.02067	0.01163	0.01034	0.02196	0.01809	0.02842	0.01550	0.01809	0.01292	0.00646	0.00646	0.00129	0.00646	0.00517	0.00517	0.74677
21	0.01448	0.00944	0.01142	0.01122	0.01258	0.01001	0.00791	0.04729	0.01622	0.02412	0.02740	0.08026	0.02714	0.26278	0.21164	0.00789	0.01161	0.01104	0.18820	0.00735
22	0.01111	0.00885	0.01005	0.01073	0.01285	0.00797	0.00784	0.01408	0.04118	0.02416	0.09091	0.28305	0.36919	0.02341	0.01062	0.00319	0.00491	0.05013	0.00818	0.00758
23	0.03163	0.03382	0.02402	0.02071	0.02582	0.41329	0.01602	0.21578	0.02943	0.03277	0.01689	0.01855	0.01315	0.00954	0.00801	0.00235	0.01298	0.00650	0.05728	0.01147
24	0.02273	0.52143	0.03731	0.01404	0.02046	0.02907	0.01341	0.06752	0.01952	0.02526	0.01580	0.01794	0.01353	0.00818	0.00592	0.00195	0.00837	0.00554	0.14113	0.01089
25	0.02048	0.02174	0.07246	0.08969	0.41513	0.02065	0.09001	0.02594	0.01912	0.02740	0.01603	0.02135	0.01321	0.00828	0.01010	0.00267	0.05831	0.00781	0.00427	0.05534
26	0.01754	0.01193	0.01438	0.01376	0.01682	0.01206	0.01050	0.02613	0.17711	0.10362	0.18912	0.20163	0.09218	0.01842	0.01007	0.00309	0.00576	0.05678	0.00898	0.01012
27	0.01344	0.01028	0.01234	0.01285	0.01459	0.01028	0.00893	0.01929	0.12917	0.02504	0.06274	0.42286	0.04688	0.10911	0.01472	0.00391	0.00589	0.01899	0.00776	0.05094
28	0.01119	0.00819	0.01060	0.01172	0.01267	0.00801	0.00806	0.01290	0.01609	0.02137	0.04603	0.40637	0.12244	0.12023	0.13560	0.00605	0.00882	0.01953	0.00710	0.00702
29	0.01049	0.00861	0.00924	0.00958	0.01202	0.00736	0.00700	0.01269	0.01958	0.02401	0.11371	0.19492	0.49497	0.02281	0.01046	0.00304	0.00452	0.01944	0.00819	0.00736
30	0.01053	0.00798	0.00972	0.01111	0.01238	0.00717	0.00764	0.01226	0.01770	0.02267	0.06070	0.49851	0.23879	0.02569	0.01088	0.00336	0.00486	0.02280	0.00810	0.00717
31	0.01258	0.00806	0.00982	0.01097	0.01184	0.00781	0.00750	0.01456	0.01650	0.02383	0.03928	0.36775	0.04379	0.15702	0.01672	0.00422	0.00573	0.05839	0.17658	0.00703
32	0.01082	0.00774	0.01029	0.01202	0.01269	0.00721	0.00811	0.01263	0.01759	0.02368	0.11332	0.61848	0.06043	0.02627	0.01104	0.00345	0.00496	0.02379	0.00826	0.00721
33	0.01750	0.04512	0.64825	0.02486	0.03775	0.02026	0.03223	0.02762	0.01842	0.02762	0.01565	0.01842	0.01105	0.00829	0.00829	0.00276	0.01289	0.00645	0.00368	0.01289
34	0.03258	0.04157	0.02472	0.02247	0.02697	0.65843	0.01685	0.03483	0.02472	0.02135	0.01348	0.01573	0.01124	0.00899	0.00787	0.00225	0.01573	0.00562	0.00449	0.01011
35	0.01119	0.00843	0.01045	0.01157	0.01316	0.00769	0.00847	0.01354	0.01900	0.02462	0.12738	0.36225	0.22743	0.02428	0.01092	0.00334	0.00516	0.09545	0.00826	0.00742
36	0.01909	0.01968	0.02868	0.02372	0.02592	0.06787	0.12335	0.02222	0.01559	0.02213	0.01492	0.02247	0.01368	0.02271	0.14086	0.00544	0.38962	0.00829	0.00413	0.00966
37	0.01236	0.00900	0.01071	0.01110	0.01261	0.00853	0.00812	0.01443	0.01789	0.02320	0.12717	0.07498	0.19810	0.27142	0.02339	0.00522	0.00675	0.15092	0.00723	0.00687
38	0.01063	0.00759	0.01012	0.01215	0.01265	0.00709	0.00810	0.01215	0.01670	0.02227	0.04808	0.68775	0.05769	0.02733	0.01113	0.00354	0.00506	0.02480	0.00810	0.00709
39	0.01363	0.00887	0.01171	0.01171	0.01322	0.00978	0.00879	0.01667	0.01515	0.02355	0.02539	0.03645	0.02315	0.12327	0.38916	0.00974	0.01578	0.00938	0.22701	0.00759
40	0.01702	0.01238	0.01488	0.01405	0.01675	0.01263	0.01068	0.16324	0.02544	0.03457	0.21891	0.29050	0.05391	0.02001	0.01034	0.00310	0.00612	0.05734	0.00871	0.00944
41	0.02905	0.02924	0.02188	0.01933	0.02424	0.33568	0.01486	0.07165	0.17729	0.10167	0.02734	0.02682	0.06099	0.01095	0.00846	0.00255	0.01133	0.00811	0.00687	0.01170
42	0.03074	0.03516	0.02396	0.02119	0.02588	0.47447	0.01622	0.14331	0.02681	0.02769	0.01587	0.01853	0.01295	0.01475	0.07118	0.00346	0.01529	0.00641	0.00532	0.01079
43	0.01273	0.00926	0.01360	0.01360	0.01519	0.01071	0.01056	0.01591	0.01432	0.02112	0.02373	0.03414	0.02185	0.06149	0.61245	0.01317	0.02199	0.00926	0.05710	0.00781
44	0.02005	0.01915	0.03262	0.24015	0.46448	0.02032	0.02600	0.02542	0.01913	0.02662	0.01614	0.02209	0.01316	0.00806	0.00866	0.00269	0.01074	0.00777	0.00418	0.01257
45	0.01197	0.00863	0.01135	0.01290	0.01415	0.00824	0.00973	0.01440	0.01824	0.02397	0.08318	0.36361	0.10208	0.07375	0.01374	0.00396	0.00617	0.20461	0.00796	0.00735
46	0.28869	0.01158	0.01095	0.01040	0.01308	0.01244	0.00758	0.01926	0.01660	0.03086	0.13198	0.06181	0.03214	0.19466	0.01705	0.00419	0.00628	0.01007	0.11252	0.00784
47	0.01653	0.01221	0.01449	0.01324	0.01495	0.01338	0.00948	0.12129	0.01871	0.02531	0.02923	0.08212	0.06242	0.33947	0.13526	0.00739	0.05860	0.01193	0.00603	0.00795
48	0.01319	0.00968	0.01285	0.01414	0.01631	0.00934	0.01199	0.01692	0.02071	0.02696	0.13747	0.09124	0.15140	0.02287	0.01151	0.00366	0.00687	0.40665	0.00827	0.00795
49	0.02121	0.10322	0.03371	0.22055	0.03995	0.14041	0.16613	0.02591	0.01907	0.02308	0.01553	0.02131	0.01262	0.01281	0.05657	0.00353	0.06217	0.00773	0.00416	0.01032
50	0.02587	0.18460	0.03298	0.07766	0.21819	0.27037	0.02002	0.02941	0.02107	0.02344	0.01422	0.01769	0.01206	0.00824	0.00764	0.00231	0.01229	0.00622	0.00422	0.01148
51	0.01353	0.00918	0.01204	0.01118	0.01344	0.00843	0.00843	0.01761	0.02470	0.06198	0.60787	0.06359	0.07962	0.01752	0.01022	0.00274	0.00426	0.01547	0.00966	0.00852
52	0.01134	0.00870	0.00929	0.00924	0.01103	0.00783	0.00624	0.01286	0.01755	0.02191	0.10485	0.07263	0.37173	0.27104	0.02296	0.00498	0.00590	0.01610	0.00716	0.00665
53	0.01574	0.01436	0.01747	0.01762	0.04518	0.08277	0.01312	0.01872	0.01536	0.02081	0.02072	0.03009	0.01921	0.05145	0.49290	0.01116	0.09159	0.00869	0.00455	0.00849
54	0.01248	0.00928	0.01369	0.01369	0.01514	0.01073	0.01049	0.01537	0.01392	0.02001	0.02366	0.03593	0.02253	0.11111	0.61417	0.01361	0.02228	0.00959	0.00472	0.00761
55	0.02957	0.01633	0.01936	0.01591	0.02147	0.01664	0.01278	0.11336	0.20527	0.29893	0.07552	0.03216	0.02663	0.01152	0.00871	0.00272	0.00707	0.00943	0.06306	0.01357
56	0.02969	0.03684	0.02504	0.09962	0.03060	0.53665	0.01789	0.03234	0.02303	0.02143	0.01357	0.01687	0.01130	0.00941	0.00948	0.00244	0.06339	0.00602	0.00437	0.01002
57	0.01092	0.00772	0.01003	0.01177	0.01220	0.00728	0.00769	0.01222	0.01612	0.02150	0.04511	0.59702	0.05395	0.12316	0.01592	0.00425	0.00555	0.02305	0.00769	0.00683
58	0.01475	0.01108	0.01409	0.01524	0.01737	0.01153	0.01238	0.02178	0.12761	0.02667	0.04324	0.18324	0.04590	0.07035	0.01364	0.00406	0.00736	0.34300	0.00800	0.00872
59	0.01106	0.01049	0.05527	0.01244	0.01428	0.00807	0.00954	0.01332	0.01741	0.02289	0.05325	0.52805	0.16165	0.02500	0.01078	0.00338	0.00550	0.02231	0.00778	0.00755
60	0.02395	0.02623	0.03137	0.03661	0.28640	0.19756	0.05777	0.02767	0.01968	0.02470	0.01449	0.01950	0.01250	0.00988	0.01333	0.00281	0.17236	0.00730	0.00425	0.01165
61	0.01049	0.00814	0.00955	0.01068	0.01227	0.00721	0.00745	0.01231	0.01811	0.02284	0.06593	0.42022	0.31370	0.02501	0.01077	0.00328	0.00478	0.02197	0.00810	0.00721
62	0.01075	0.00769	0.01023	0.01206	0.01268	0.00717	0.00811	0.01245	0.01727	0.02317	0.08978	0.64348	0.05944	0.02665	0.01107	0.00349	0.00499	0.02416	0.00820	0.00717
63	0.02073	0.07207	0.08144	0.06242	0.21256	0.02237	0.34420	0.02725	0.01993	0.02734	0.01670	0.02198	0.01306	0.00759	0.00931	0.00275	0.01287	0.00885	0.00427	0.01230
64	0.01074	0.00780	0.00993	0.01156	0.01232	0.00722	0.00772	0.01223	0.01679	0.02204	0.05138	0.57097	0.12438	0.07439	0.01342	0.00382	0.00523	0.02317	0.00790	0.00699
65	0.02660	0.03189	0.02526	0.26380	0.03926	0.42117	0.01959	0.03017	0.02202	0.02170	0.01423	0.01852	0.01138	0.00889	0.00818	0.00249	0.01421	0.00641	0.00426	0.00996
66	0.06688	0.01990	0.03116	0.16734	0.41762	0.02112	0.02404	0.09331	0.02153	0.03101	0.01650	0.02138	0.01324	0.00829	0.00846	0.00266	0.01030	0.00759	0.00481	0.01287
67	0.01055	0.00852	0.00918	0.00965	0.01182	0.00738	0.00687	0.01244	0.01864	0.02279	0.07475	0.22114	0.45944	0.07104	0.01292	0.00347	0.00485	0.01947	0.00790	0.00715
68	0.02030	0.01780	0.02694	0.22908	0.10474	0.02062	0.06293	0.14038	0.02160	0.02947	0.01779	0.02411	0.01445	0.01986	0.12828	0.00492	0.09242	0.00824	0.00508	0.01098
69	0.25045	0.03293	0.02123	0.01899	0.02393	0.42176	0.01460	0.07218	0.02288	0.02906	0.01360	0.01562	0.01095	0.00882	0.00718	0.00241	0.01259	0.00550	0.00506	0.01024
70	0.01191	0.00882	0.01284	0.01345	0.01469	0.00975	0.01006	0.01454	0.01483	0.02086	0.03082	0.23130	0.03263	0.05394	0.46358	0.01086	0.01785	0.01400	0.00571	0.00758
71	0.01142	0.00861	0.01069	0.01172	0.01345	0.00788	0.00878	0.01398	0.01943	0.02520	0.14439	0.30809	0.23247	0.02379	0.01094	0.00334	0.00528	0.12472	0.00830	0.00751
72	0.02159	0.02073	0.03541	0.05354	0.63903	0.02073	0.02677	0.02677	0.01986	0.02850	0.01641	0.02159	0.01382	0.00777	0.00864	0.00259	0.01036	0.00777	0.00432	0.01382
73	0.24571	0.01950	0.06684	0.02751	0.22526	0.01796	0.01777	0.03124	0.01980	0.21751	0.02051	0.02159	0.01466	0.00882	0.00769	0.00267	0.00857	0.00707	0.00655	0.01276
74	0.03134	0.03799	0.02491	0.02336	0.05375	0.54692	0.01706	0.06898	0.06900	0.02473	0.01565	0.01752	0.01268	0.00923	0.00802	0.00234	0.01449	0.00615	0.00505	0.01082
75	0.01402	0.01145	0.01625	0.01537	0.01633	0.01417	0.01192	0.01638	0.01366	0.01990	0.02126	0.03430	0.02095	0.15098	0.41866	0.01081	0.17176	0.00947	0.00457	0.00781
76	0.01231	0.00830	0.00962	0.00999	0.01008	0.00821	0.00579	0.01259	0.01341	0.01788	0.03119	0.17066	0.03639	0.57348	0.03841	0.00757	0.00785	0.01487	0.00579	0.00561
77	0.01886	0.01327	0.01454	0.01270	0.01480	0.01406	0.00869	0.19276	0.02123	0.02839	0.02551	0.04619	0.02662	0.48753	0.03364	0.00670	0.00880	0.01123	0.00632	0.00816
78	0.01077	0.00765	0.01008	0.01196	0.01243	0.00718	0.00790	0.01218	0.01642	0.02189	0.04664	0.64375	0.05588	0.07380	0.01345	0.00389	0.00530	0.02395	0.00790	0.00696
79	0.02723	0.02410	0.02550	0.02104	0.02521	0.10128	0.01714	0.28737	0.09194	0.03780	0.01848	0.02095	0.01455	0.01202	0.01521	0.00301	0.23044	0.00773	0.00662	0.01242
80	0.03427	0.01570	0.01977	0.01574	0.02189	0.01497	0.01281	0.07508	0.13326	0.46411	0.03346	0.02986	0.02215	0.01093	0.00863	0.00270	0.00725	0.00888	0.05427	0.01425
81	0.03133	0.03448	0.02444	0.02128	0.02644	0.42333	0.01640	0.17642	0.10508	0.03147	0.01811	0.01915	0.01408	0.00971	0.00820	0.00243	0.01311	0.00670	0.00608	0.01173
82	0.01122	0.00812	0.01074	0.01261	0.01356	0.00764	0.00906	0.01324	0.01754	0.02305	0.05067	0.53768	0.09838	0.02636	0.01124	0.00358	0.00555	0.12438	0.00809	0.00728
83	0.01410	0.00961	0.01284	0.01256	0.01405	0.01103	0.00965	0.01719	0.01517	0.02377	0.02433	0.03425	0.02192	0.08898	0.37408	0.00929	0.06333	0.00909	0.22692	0.00784
84	0.01185	0.00874	0.01131	0.01269	0.01415	0.00838	0.00966	0.01428	0.01788	0.02321	0.05201	0.31426	0.15862	0.06710	0.05957	0.00461	0.00735	0.18929	0.00767	0.00737
85	0.02348	0.01377	0.01607	0.01385	0.01860	0.01347	0.01093	0.03282	0.19942	0.23671	0.09380	0.04928	0.21082	0.01498	0.00937	0.00285	0.00614	0.01247	0.00934	0.01183
86	0.02092	0.02004	0.03419	0.13465	0.56317	0.02055	0.02644	0.02618	0.01954	0.02768	0.01629	0.02181	0.01353	0.00790	0.00865	0.00263	0.01053	0.00777	0.00426	0.01328
87	0.03879	0.01541	0.02059	0.01579	0.02255	0.01365	0.01304	0.07573	0.02591	0.61053	0.03362	0.02918	0.02120	0.01078	0.00877	0.00269	0.00755	0.00872	0.01068	0.01484
88	0.08536	0.01936	0.02310	0.01826	0.02379	0.02116	0.01512	0.25070	0.02817	0.26679	0.02359	0.02336	0.01634	0.01128	0.01208	0.00287	0.12887	0.00793	0.00837	0.01349
89	0.01724	0.00907	0.00917	0.00882	0.01114	0.00922	0.00670	0.05444	0.01961	0.03382	0.02802	0.03185	0.02192	0.01018	0.00625	0.00207	0.00439	0.00811	0.69945	0.00852
90	0.01225	0.00855	0.01008	0.01022	0.01078	0.00856	0.00637	0.01301	0.01393	0.01846	0.03502	0.10224	0.09769	0.49021	0.11924	0.00824	0.00974	0.01373	0.00571	0.00597
91	0.01199	0.00886	0.01215	0.05801	0.01650	0.00863	0.00970	0.01505	0.02028	0.02777	0.28666	0.34332	0.06406	0.02190	0.01068	0.00320	0.00534	0.05967	0.00842	0.00781
92	0.01188	0.00849	0.01156	0.01358	0.01463	0.00817	0.01028	0.01431	0.01794	0.02367	0.04738	0.47219	0.05495	0.02615	0.01147	0.00372	0.00615	0.22798	0.00807	0.00743
93	0.02155	0.01235	0.01528	0.01370	0.01748	0.01197	0.01053	0.02892	0.14195	0.20980	0.19536	0.16184	0.08938	0.01661	0.00972	0.00293	0.00582	0.01438	0.00943	0.01100
94	0.06909	0.03124	0.06554	0.05886	0.02585	0.37367	0.01583	0.06085	0.02284	0.02690	0.01706	0.01991	0.01355	0.00918	0.00750	0.00233	0.01211	0.00637	0.15123	0.01011
95	0.02587	0.01890	0.02069	0.01633	0.02217	0.01971	0.01320	0.35944	0.03109	0.04366	0.02270	0.06159	0.01832	0.01257	0.03062	0.00274	0.00842	0.00844	0.11449	0.14905
96	0.30636	0.02457	0.01772	0.01571	0.02065	0.23592	0.01229	0.06976	0.02143	0.06910	0.02551	0.02613	0.10084	0.01074	0.00739	0.00257	0.00972	0.00746	0.00605	0.01009
97	0.02182	0.32375	0.07330	0.02741	0.19228	0.05125	0.01963	0.02560	0.01822	0.02376	0.03642	0.01904	0.01457	0.00919	0.01026	0.00245	0.10878	0.00651	0.00415	0.01162

[dist]
# distance from previous block
# <min> <max>
50	198

[block]
# block no. 6 follows, 20 sequences, length 29
# corresponding to MSA columns:
# 743-771
name=unknown_G
#
# <colnr> <probs for GDERKNQSTAVLIFYWHMCP>
#	G	D	E	R	K	N	Q	S	T	A	V	L	I	F	Y	W	H	M	C	P
0	0.02392	0.02622	0.02368	0.02323	0.08860	0.27110	0.04490	0.07542	0.02297	0.02600	0.03109	0.03653	0.13396	0.01314	0.01101	0.00277	0.07896	0.05054	0.00571	0.01025
1	0.02520	0.24249	0.02940	0.01814	0.02376	0.20008	0.01500	0.03673	0.26574	0.02724	0.02200	0.02201	0.01748	0.00966	0.00755	0.00241	0.01010	0.00704	0.00603	0.01196
2	0.01770	0.01588	0.01406	0.01379	0.01659	0.13419	0.01012	0.02146	0.06351	0.06916	0.07715	0.26400	0.20952	0.01957	0.00990	0.00298	0.00719	0.01665	0.00772	0.00884
3	0.01328	0.01723	0.15521	0.01871	0.07156	0.01135	0.01540	0.01717	0.01754	0.02421	0.03804	0.44902	0.04313	0.02124	0.01034	0.00331	0.00743	0.05003	0.00679	0.00901
4	0.01902	0.05618	0.02419	0.02593	0.16206	0.11653	0.04553	0.02283	0.01873	0.02383	0.02372	0.03916	0.02278	0.02936	0.21538	0.00641	0.01504	0.11821	0.00515	0.00996
5	0.01324	0.00903	0.01246	0.01246	0.01398	0.01014	0.00947	0.01628	0.01476	0.02243	0.02473	0.03585	0.02276	0.10749	0.47612	0.01115	0.01824	0.00938	0.15241	0.00764
6	0.01750	0.04512	0.64825	0.02486	0.03775	0.02026	0.03223	0.02762	0.01842	0.02762	0.01565	0.01842	0.01105	0.00829	0.00829	0.00276	0.01289	0.00645	0.00368	0.01289
7	0.02052	0.02695	0.18903	0.04554	0.45914	0.02068	0.05744	0.02704	0.01954	0.02825	0.01628	0.02090	0.01310	0.00788	0.00863	0.00265	0.01121	0.00757	0.00416	0.01348
8	0.01852	0.01839	0.02875	0.46606	0.14031	0.05579	0.05300	0.02384	0.01807	0.02334	0.01534	0.02230	0.01200	0.00900	0.01018	0.00289	0.06006	0.00775	0.00400	0.01042
9	0.01253	0.00860	0.01011	0.01011	0.01048	0.00874	0.00614	0.01308	0.01325	0.01773	0.03011	0.05530	0.06206	0.57008	0.12877	0.00895	0.01033	0.01252	0.00535	0.00575
10	0.01057	0.00780	0.00990	0.01158	0.01250	0.00713	0.00785	0.01221	0.01724	0.02249	0.05497	0.58444	0.15656	0.02643	0.01099	0.00344	0.00495	0.02370	0.00810	0.00713
11	0.03316	0.02443	0.02618	0.02007	0.02705	0.02705	0.01658	0.60995	0.04101	0.05497	0.02094	0.02094	0.01483	0.01047	0.00873	0.00262	0.00960	0.00785	0.00873	0.01483
12	0.01264	0.00863	0.01038	0.01038	0.01068	0.00893	0.00637	0.01324	0.01294	0.01756	0.02669	0.05269	0.02980	0.57243	0.16281	0.00953	0.01133	0.01204	0.00517	0.00577
13	0.01048	0.00816	0.00954	0.01064	0.01226	0.00721	0.00743	0.01232	0.01815	0.02286	0.06639	0.41331	0.32032	0.02495	0.01076	0.00327	0.00477	0.02189	0.00810	0.00721
