[name]
unknown

[dist]
# distance from previous block
# <min> <max>
11	15

[block]
# block no. 0 follows, 21 sequences, length 31
# corresponding to MSA columns:
# 15-45
name=unknown_A
#
# <colnr> <probs for GDERKNQSTAVLIFYWHMCP>
#	G	D	E	R	K	N	Q	S	T	A	V	L	I	F	Y	W	H	M	C	P
0	0.01058	0.00829	0.00919	0.00961	0.01147	0.00732	0.00672	0.01240	0.01800	0.02252	0.10485	0.22153	0.38499	0.11599	0.01482	0.00374	0.00498	0.01849	0.00762	0.00690
1	0.01095	0.00815	0.00891	0.00951	0.01154	0.00720	0.00683	0.01315	0.01824	0.02381	0.06616	0.26244	0.37901	0.02151	0.00974	0.00293	0.00445	0.01848	0.10978	0.00720
2	0.01060	0.00794	0.00937	0.01038	0.01156	0.00722	0.00698	0.01205	0.01666	0.02127	0.05638	0.39044	0.24337	0.13611	0.01595	0.00406	0.00528	0.02022	0.00745	0.00671
3	0.01458	0.01123	0.01591	0.01438	0.01665	0.01129	0.08668	0.01995	0.10083	0.02471	0.03284	0.23603	0.03395	0.19481	0.01806	0.00430	0.00710	0.01448	0.13408	0.00813
4	0.01668	0.01767	0.06715	0.02393	0.06872	0.01820	0.13103	0.02080	0.01699	0.02421	0.05850	0.08233	0.02511	0.01947	0.08045	0.00434	0.21971	0.08995	0.00514	0.00961
5	0.06535	0.00895	0.01048	0.01067	0.01192	0.00873	0.00712	0.01503	0.01631	0.05310	0.12535	0.25123	0.06876	0.28303	0.02272	0.00507	0.00628	0.01597	0.00700	0.00694
6	0.01144	0.00796	0.00990	0.01064	0.01120	0.00763	0.00684	0.01278	0.01609	0.02180	0.14154	0.33554	0.05046	0.28987	0.02347	0.00520	0.00608	0.01804	0.00707	0.00641
7	0.01999	0.03026	0.25440	0.02476	0.11011	0.10641	0.06006	0.02614	0.01904	0.02648	0.01516	0.01823	0.01185	0.00751	0.00765	0.00218	0.01084	0.00621	0.00427	0.23846
8	0.02008	0.02071	0.03392	0.04023	0.37413	0.06459	0.16182	0.02503	0.01988	0.02652	0.02575	0.02948	0.10000	0.00949	0.00898	0.00263	0.01068	0.00944	0.00475	0.01189
9	0.02678	0.02846	0.02378	0.02380	0.10490	0.32488	0.01654	0.15102	0.02482	0.02834	0.01687	0.02059	0.01398	0.01940	0.13350	0.00450	0.01484	0.00690	0.00525	0.01086
10	0.03027	0.10426	0.19333	0.01802	0.02612	0.06583	0.01810	0.03518	0.02181	0.36552	0.02464	0.02324	0.01639	0.00937	0.00801	0.00252	0.00949	0.00726	0.00742	0.01322
11	0.39083	0.02018	0.10375	0.01481	0.02126	0.01826	0.01365	0.03196	0.12312	0.15595	0.02046	0.02042	0.01462	0.00906	0.00688	0.00269	0.00756	0.00647	0.00664	0.01143
12	0.01033	0.00863	0.00900	0.00891	0.01166	0.00730	0.00668	0.01274	0.02004	0.02452	0.16289	0.07938	0.56675	0.02098	0.01005	0.00285	0.00427	0.01761	0.00810	0.00730
13	0.02080	0.01996	0.03408	0.08466	0.61742	0.02015	0.02599	0.02589	0.01926	0.02749	0.01596	0.02115	0.01337	0.00763	0.00843	0.00254	0.01017	0.00758	0.00419	0.01327
14	0.01012	0.00839	0.00886	0.00924	0.01166	0.00713	0.00674	0.01214	0.01881	0.02275	0.07873	0.19869	0.53243	0.02253	0.01021	0.00298	0.00443	0.01915	0.00790	0.00713
15	0.01890	0.01801	0.03064	0.32435	0.39261	0.01965	0.02504	0.02422	0.01835	0.02518	0.01563	0.02177	0.01255	0.00798	0.00846	0.00266	0.01064	0.00757	0.00403	0.01174
16	0.02003	0.02036	0.02486	0.48641	0.04885	0.13685	0.02131	0.05420	0.05925	0.02401	0.01629	0.02184	0.01237	0.00883	0.00837	0.00271	0.01168	0.00732	0.00443	0.01003
17	0.01097	0.00808	0.00928	0.00995	0.01101	0.00746	0.00650	0.01215	0.01589	0.02029	0.05206	0.28219	0.22947	0.26044	0.02194	0.00495	0.00590	0.01814	0.00694	0.00638
18	0.06055	0.02043	0.02052	0.01774	0.02106	0.13051	0.01416	0.17352	0.02351	0.03161	0.10312	0.02728	0.02331	0.02195	0.13758	0.00486	0.14358	0.00843	0.00607	0.01021
19	0.02192	0.60856	0.13475	0.01599	0.02405	0.03162	0.01705	0.02570	0.01739	0.02104	0.01234	0.01429	0.01090	0.00740	0.00585	0.00195	0.00961	0.00481	0.00363	0.01116
20	0.01847	0.01026	0.01492	0.01384	0.01644	0.01085	0.01085	0.02109	0.01601	0.16866	0.02477	0.03185	0.02077	0.04888	0.46769	0.06288	0.01805	0.00886	0.00590	0.00895
21	0.01164	0.00794	0.00950	0.01022	0.01040	0.00776	0.00616	0.01218	0.01381	0.01841	0.03418	0.29010	0.04023	0.45384	0.03142	0.00649	0.00704	0.01671	0.00616	0.00580
22	0.03183	0.03939	0.02422	0.02176	0.02631	0.62185	0.01642	0.07504	0.02523	0.02313	0.01366	0.01570	0.01121	0.00887	0.00773	0.00222	0.01493	0.00563	0.00467	0.01019
23	0.01238	0.00825	0.00928	0.00928	0.00928	0.00825	0.00516	0.01238	0.01238	0.01650	0.02681	0.05569	0.03094	0.70092	0.04331	0.00825	0.00825	0.01238	0.00516	0.00516
24	0.01010	0.00845	0.00879	0.00907	0.01161	0.00715	0.00666	0.01216	0.01897	0.02282	0.08080	0.16633	0.56344	0.02226	0.01017	0.00295	0.00440	0.01882	0.00790	0.00715
25	0.01904	0.03056	0.27372	0.03273	0.08444	0.02078	0.35823	0.02706	0.01925	0.02718	0.01641	0.02097	0.01216	0.00754	0.00920	0.00278	0.01339	0.00848	0.00403	0.01203
26	0.01765	0.01513	0.01765	0.01260	0.02017	0.01134	0.01008	0.02143	0.01765	0.02773	0.01513	0.01765	0.01260	0.00630	0.00630	0.00126	0.00630	0.00504	0.00504	0.75295
27	0.07600	0.01811	0.01682	0.01491	0.01926	0.12568	0.01153	0.06728	0.10153	0.17562	0.03968	0.12717	0.14222	0.01447	0.00879	0.00274	0.00779	0.01177	0.00787	0.01076
28	0.01282	0.01085	0.01444	0.01779	0.13291	0.01031	0.01067	0.01544	0.01787	0.02304	0.07773	0.05954	0.33729	0.11275	0.10450	0.00499	0.00846	0.01394	0.00644	0.00821
29	0.01226	0.00789	0.00983	0.01023	0.01087	0.00751	0.00664	0.01184	0.01411	0.01827	0.03851	0.18101	0.14792	0.23002	0.02734	0.23363	0.00657	0.01431	0.00579	0.00545
30	0.02161	0.12101	0.05797	0.17464	0.23296	0.02286	0.02110	0.10924	0.10092	0.02986	0.01820	0.02150	0.01428	0.00864	0.00804	0.00255	0.00980	0.00735	0.00518	0.01231

[dist]
# distance from previous block
# <min> <max>
0	1

[block]
# block no. 1 follows, 21 sequences, length 17
# corresponding to MSA columns:
# 47-63
name=unknown_B
#
# <colnr> <probs for GDERKNQSTAVLIFYWHMCP>
#	G	D	E	R	K	N	Q	S	T	A	V	L	I	F	Y	W	H	M	C	P
0	0.27391	0.02763	0.02068	0.01767	0.02306	0.26282	0.01397	0.20385	0.02561	0.03627	0.01487	0.01634	0.01142	0.00891	0.00712	0.00245	0.01067	0.00584	0.00590	0.01101
1	0.01689	0.01545	0.01532	0.01419	0.01733	0.08157	0.01090	0.05266	0.16134	0.02613	0.04484	0.04679	0.22487	0.05780	0.14020	0.00520	0.04064	0.01176	0.00677	0.00936
2	0.03000	0.02267	0.02422	0.01910	0.02549	0.02529	0.01561	0.49871	0.16459	0.04984	0.02342	0.02281	0.01689	0.01050	0.00854	0.00262	0.00881	0.00807	0.00854	0.01426
3	0.02047	0.01962	0.03348	0.12649	0.57819	0.02006	0.02582	0.02560	0.01910	0.02709	0.01590	0.02125	0.01323	0.00769	0.00843	0.00256	0.01026	0.00758	0.00416	0.01300
4	0.01216	0.00912	0.01368	0.01368	0.01520	0.01064	0.01064	0.01520	0.01368	0.01976	0.02279	0.03343	0.02127	0.06382	0.66720	0.01368	0.02279	0.00912	0.00456	0.00760
5	0.01891	0.17359	0.27991	0.02620	0.06540	0.02240	0.19513	0.02572	0.01840	0.02529	0.01717	0.06201	0.01448	0.00882	0.00829	0.00260	0.01174	0.00822	0.00412	0.01159
6	0.01020	0.00807	0.00919	0.01008	0.01188	0.00706	0.00711	0.01205	0.01800	0.02242	0.06850	0.35830	0.37941	0.02385	0.01042	0.00314	0.00459	0.02077	0.00790	0.00706
7	0.03080	0.03407	0.02559	0.02453	0.09224	0.43236	0.01740	0.18477	0.02773	0.03006	0.01534	0.01727	0.01214	0.00902	0.00797	0.00232	0.01324	0.00627	0.00544	0.01144
8	0.01998	0.01823	0.01827	0.01586	0.02055	0.09285	0.01235	0.05842	0.24883	0.03006	0.06423	0.02855	0.02340	0.01973	0.12582	0.00435	0.01048	0.00832	0.00667	0.17304
9	0.02779	0.03219	0.02285	0.02007	0.02474	0.42638	0.01539	0.06126	0.10680	0.02525	0.01656	0.01833	0.01340	0.00931	0.00899	0.00229	0.05589	0.00623	0.00521	0.10109
10	0.01184	0.00803	0.00944	0.00996	0.01009	0.00790	0.00588	0.01224	0.01341	0.01789	0.03214	0.22530	0.03766	0.52214	0.03471	0.00698	0.00737	0.01551	0.00588	0.00562
11	0.02305	0.02615	0.02901	0.06107	0.02961	0.25513	0.16028	0.02653	0.01921	0.02269	0.01552	0.02184	0.01340	0.05431	0.01490	0.00310	0.15997	0.00771	0.04680	0.00969
12	0.01845	0.01877	0.01500	0.01411	0.01653	0.20937	0.01016	0.02191	0.05447	0.02508	0.22333	0.07459	0.07650	0.16587	0.01662	0.00382	0.00861	0.01193	0.00673	0.00816
13	0.01115	0.00840	0.01031	0.01040	0.01231	0.00756	0.00758	0.01412	0.02114	0.02845	0.36468	0.20579	0.22598	0.02052	0.01022	0.00290	0.00429	0.01799	0.00866	0.00756
14	0.01886	0.01911	0.02692	0.49115	0.15683	0.09822	0.02319	0.02400	0.01829	0.02268	0.01504	0.02151	0.01167	0.00838	0.00839	0.00270	0.01162	0.00731	0.00393	0.01020
15	0.01710	0.02248	0.15661	0.17123	0.20267	0.05335	0.02143	0.02244	0.01884	0.02475	0.03237	0.03506	0.16390	0.01131	0.00872	0.00269	0.00980	0.00968	0.00488	0.01069
16	0.01758	0.01656	0.02664	0.11223	0.41200	0.01661	0.02062	0.02193	0.01911	0.02584	0.03452	0.03738	0.18052	0.01139	0.00887	0.00265	0.00871	0.01033	0.00514	0.01135

[dist]
# distance from previous block
# <min> <max>
0	4

[block]
# block no. 2 follows, 21 sequences, length 18
# corresponding to MSA columns:
# 68-85
name=unknown_C
#
# <colnr> <probs for GDERKNQSTAVLIFYWHMCP>
#	G	D	E	R	K	N	Q	S	T	A	V	L	I	F	Y	W	H	M	C	P
0	0.02207	0.13582	0.26068	0.03014	0.20323	0.15540	0.02433	0.02795	0.01953	0.02489	0.01453	0.01765	0.01159	0.00797	0.00770	0.00241	0.01194	0.00622	0.00394	0.01202
1	0.13551	0.01936	0.03042	0.04408	0.51965	0.01966	0.02284	0.02672	0.01887	0.06065	0.01625	0.02035	0.01320	0.00778	0.00795	0.00255	0.00943	0.00717	0.00469	0.01288
2	0.08727	0.01478	0.04568	0.30318	0.10052	0.01601	0.01802	0.02074	0.01616	0.02421	0.01749	0.02458	0.01439	0.02106	0.14857	0.03684	0.01250	0.00758	0.06119	0.00922
3	0.02831	0.23744	0.06477	0.01988	0.02556	0.44427	0.01671	0.03109	0.02176	0.02092	0.01288	0.01499	0.01094	0.00829	0.00704	0.00211	0.01335	0.00525	0.00412	0.01033
4	0.01785	0.01935	0.11600	0.25407	0.07006	0.01728	0.01955	0.11025	0.02040	0.02784	0.02147	0.12557	0.01960	0.01555	0.05917	0.00358	0.01074	0.00991	0.00526	0.05649
5	0.01310	0.00952	0.01091	0.01105	0.01247	0.00929	0.00746	0.07031	0.01787	0.02326	0.04561	0.28569	0.16490	0.25437	0.02156	0.00489	0.00636	0.01729	0.00702	0.00709
6	0.02073	0.01985	0.02629	0.09482	0.28701	0.06805	0.01927	0.02929	0.14560	0.02828	0.01937	0.02229	0.01548	0.00832	0.00799	0.00235	0.00916	0.00732	0.00527	0.16326
7	0.07066	0.01427	0.07413	0.01368	0.01717	0.01230	0.01146	0.02197	0.14488	0.02812	0.11347	0.25479	0.12911	0.01839	0.00954	0.00305	0.00609	0.04012	0.00761	0.00919
8	0.01759	0.06946	0.01978	0.16480	0.02684	0.13970	0.01416	0.02135	0.02053	0.02535	0.21491	0.04096	0.06387	0.01793	0.07193	0.00368	0.01026	0.04198	0.00610	0.00884
9	0.19487	0.07850	0.02211	0.01741	0.02248	0.24228	0.01390	0.15329	0.05278	0.03223	0.01624	0.01846	0.01300	0.01417	0.07035	0.00347	0.01192	0.00622	0.00562	0.01072
10	0.02311	0.02106	0.01948	0.01634	0.02144	0.14802	0.01264	0.19391	0.02509	0.03242	0.02343	0.17107	0.02268	0.01253	0.00825	0.00232	0.00872	0.01021	0.00655	0.22074
11	0.06978	0.01072	0.01214	0.01061	0.01435	0.00939	0.00816	0.01692	0.02065	0.03000	0.30402	0.05434	0.21094	0.01529	0.00884	0.00241	0.00481	0.01292	0.00769	0.17603
12	0.02258	0.17058	0.19491	0.07639	0.13763	0.18462	0.02226	0.02763	0.01935	0.02352	0.01400	0.01735	0.01138	0.00829	0.00829	0.00241	0.03742	0.00610	0.00393	0.01136
13	0.20522	0.01381	0.04433	0.07591	0.01971	0.01329	0.01101	0.05014	0.01651	0.02656	0.02895	0.03272	0.14078	0.01689	0.01483	0.21430	0.00722	0.00867	0.00530	0.05386
14	0.17183	0.08331	0.25973	0.01895	0.02673	0.11842	0.01969	0.06036	0.06601	0.02957	0.01771	0.05962	0.01468	0.00962	0.00749	0.00259	0.01042	0.00713	0.00498	0.01118
15	0.01411	0.03870	0.01695	0.11351	0.02154	0.01388	0.01250	0.01717	0.01751	0.02465	0.15412	0.19568	0.06387	0.01991	0.05362	0.00369	0.13359	0.01358	0.06318	0.00826
16	0.02251	0.02118	0.11568	0.06795	0.02673	0.01849	0.01657	0.17547	0.13089	0.08464	0.05212	0.02596	0.01984	0.01545	0.07653	0.00366	0.01014	0.00807	0.00682	0.10129
17	0.02465	0.11986	0.02952	0.01962	0.02590	0.01970	0.14900	0.15230	0.02448	0.15407	0.05669	0.03157	0.09266	0.01376	0.04482	0.00319	0.00993	0.00955	0.00698	0.01174

[dist]
# distance from previous block
# <min> <max>
15	95

[block]
# block no. 3 follows, 21 sequences, length 46
# corresponding to MSA columns:
# 188-233
name=unknown_D
#
# <colnr> <probs for GDERKNQSTAVLIFYWHMCP>
#	G	D	E	R	K	N	Q	S	T	A	V	L	I	F	Y	W	H	M	C	P
0	0.02194	0.02194	0.11443	0.08029	0.02657	0.08623	0.01613	0.09234	0.08238	0.10191	0.02560	0.14866	0.02279	0.01233	0.00853	0.00260	0.00893	0.01028	0.00656	0.10959
1	0.02412	0.02350	0.05607	0.11723	0.02898	0.14671	0.01612	0.20217	0.02529	0.03291	0.01757	0.02062	0.01364	0.01209	0.04770	0.00294	0.01096	0.00678	0.05116	0.14345
2	0.05549	0.05259	0.06136	0.08046	0.13259	0.01907	0.01683	0.05766	0.13441	0.02817	0.03144	0.03336	0.12692	0.01461	0.04291	0.00334	0.08254	0.00948	0.00585	0.01092
3	0.21822	0.02662	0.02150	0.02078	0.06763	0.27111	0.01519	0.03051	0.09858	0.02773	0.01551	0.01798	0.01267	0.00973	0.01025	0.00265	0.11169	0.00624	0.00506	0.01034
4	0.15940	0.01900	0.01818	0.01621	0.01951	0.11929	0.01275	0.07660	0.04954	0.07205	0.06279	0.12599	0.05751	0.01403	0.01197	0.00291	0.13564	0.01036	0.00643	0.00984
5	0.12199	0.02740	0.14722	0.02047	0.05938	0.12938	0.01788	0.14266	0.07276	0.11773	0.01949	0.02019	0.01414	0.00908	0.00778	0.00251	0.01006	0.00678	0.00631	0.04679
6	0.11236	0.01504	0.01441	0.04881	0.01870	0.08337	0.01065	0.02184	0.09413	0.02584	0.04316	0.04432	0.23566	0.02371	0.13258	0.00473	0.01006	0.01101	0.00629	0.04334
7	0.05558	0.21875	0.15891	0.01774	0.05995	0.02032	0.01645	0.06308	0.02052	0.02846	0.15528	0.06204	0.06701	0.01165	0.00791	0.00246	0.00821	0.00938	0.00577	0.01055
8	0.02289	0.03268	0.23068	0.03127	0.22285	0.18595	0.02374	0.06131	0.02122	0.02739	0.01590	0.01912	0.01245	0.00832	0.00800	0.00247	0.01189	0.00665	0.04319	0.01203
9	0.19614	0.04939	0.08337	0.05887	0.19029	0.11622	0.05427	0.02544	0.01865	0.02799	0.02200	0.02470	0.07993	0.00940	0.00770	0.00256	0.00994	0.00760	0.00479	0.01075
10	0.02348	0.09571	0.06652	0.05215	0.14416	0.04610	0.04570	0.12842	0.11493	0.06969	0.02104	0.02450	0.01660	0.00934	0.00811	0.00247	0.00933	0.02955	0.00610	0.08608
11	0.05891	0.02551	0.05793	0.07190	0.17115	0.21091	0.01848	0.03083	0.14149	0.02698	0.02320	0.02812	0.04289	0.01037	0.00835	0.00263	0.01067	0.04291	0.00550	0.01127
12	0.02313	0.21641	0.06019	0.02168	0.06065	0.06702	0.11070	0.02809	0.04916	0.11032	0.05631	0.02320	0.01821	0.01182	0.03745	0.00299	0.07832	0.00767	0.00541	0.01129
13	0.02129	0.15181	0.07766	0.07061	0.39169	0.05679	0.02326	0.02594	0.01866	0.02521	0.01471	0.01910	0.01245	0.00808	0.00890	0.00247	0.04824	0.00680	0.00402	0.01232
14	0.02020	0.02831	0.19170	0.21834	0.17045	0.12102	0.07883	0.02642	0.01915	0.02471	0.01523	0.02001	0.01173	0.00812	0.00839	0.00264	0.01230	0.00714	0.00397	0.01135
15	0.01770	0.09907	0.36497	0.02677	0.14681	0.01937	0.02531	0.02491	0.01870	0.02665	0.05385	0.03011	0.01981	0.01030	0.00844	0.00272	0.01071	0.07749	0.00455	0.01176
16	0.01221	0.00889	0.01254	0.01254	0.01367	0.01002	0.00922	0.01447	0.01334	0.01891	0.02383	0.03918	0.02377	0.22836	0.50608	0.01228	0.01904	0.00996	0.00471	0.00697
17	0.01037	0.00741	0.00987	0.01185	0.01234	0.00691	0.00790	0.01185	0.01629	0.02172	0.04690	0.69537	0.05629	0.02666	0.01086	0.00346	0.00494	0.02419	0.00790	0.00691
18	0.03124	0.08131	0.02537	0.02147	0.02604	0.62799	0.01633	0.03346	0.02370	0.02078	0.01307	0.01524	0.01096	0.00868	0.00754	0.00217	0.01496	0.00542	0.00434	0.00993
19	0.76103	0.01646	0.01251	0.01119	0.01646	0.01909	0.00922	0.02502	0.01448	0.03818	0.01185	0.01382	0.00922	0.00790	0.00527	0.00263	0.00658	0.00461	0.00527	0.00922
20	0.01707	0.04402	0.65683	0.02426	0.03683	0.01976	0.03144	0.02695	0.01797	0.02695	0.01527	0.01797	0.01078	0.00809	0.00809	0.00270	0.01258	0.00629	0.00359	0.01258
21	0.01010	0.00844	0.00881	0.00910	0.01162	0.00714	0.00668	0.01216	0.01893	0.02280	0.08034	0.17358	0.55650	0.02232	0.01018	0.00296	0.00440	0.01889	0.00790	0.00714
22	0.01037	0.00741	0.00987	0.01185	0.01234	0.00691	0.00790	0.01185	0.01629	0.02172	0.04690	0.69537	0.05629	0.02666	0.01086	0.00346	0.00494	0.02419	0.00790	0.00691
23	0.02928	0.03456	0.02469	0.02448	0.09308	0.47842	0.01709	0.06614	0.10344	0.02527	0.01664	0.01837	0.01337	0.00908	0.00793	0.00234	0.01334	0.00636	0.00514	0.01097
24	0.01707	0.04402	0.65683	0.02426	0.03683	0.01976	0.03144	0.02695	0.01797	0.02695	0.01527	0.01797	0.01078	0.00809	0.00809	0.00270	0.01258	0.00629	0.00359	0.01258
25	0.01707	0.04402	0.65683	0.02426	0.03683	0.01976	0.03144	0.02695	0.01797	0.02695	0.01527	0.01797	0.01078	0.00809	0.00809	0.00270	0.01258	0.00629	0.00359	0.01258
26	0.01707	0.04402	0.65683	0.02426	0.03683	0.01976	0.03144	0.02695	0.01797	0.02695	0.01527	0.01797	0.01078	0.00809	0.00809	0.00270	0.01258	0.00629	0.00359	0.01258
27	0.01006	0.00862	0.00862	0.00862	0.01149	0.00718	0.00647	0.01221	0.01940	0.02299	0.08621	0.08190	0.64438	0.02155	0.01006	0.00287	0.00431	0.01796	0.00790	0.00718
28	0.03179	0.04056	0.02412	0.02192	0.02631	0.66676	0.01644	0.03398	0.02412	0.02083	0.01315	0.01535	0.01096	0.00877	0.00767	0.00219	0.01535	0.00548	0.00438	0.00987
29	0.01734	0.04239	0.61415	0.02617	0.07874	0.01980	0.03108	0.02689	0.01806	0.02701	0.01532	0.01818	0.01097	0.00805	0.00811	0.00268	0.01241	0.00638	0.00364	0.01264
30	0.02277	0.02553	0.02545	0.02221	0.02359	0.22800	0.01793	0.02474	0.01653	0.02059	0.01180	0.01759	0.01111	0.01296	0.02154	0.00324	0.47417	0.00683	0.00393	0.00948
31	0.01371	0.00980	0.01371	0.01567	0.01763	0.00980	0.01371	0.01763	0.01959	0.02547	0.04506	0.09599	0.04898	0.02351	0.01175	0.00392	0.00784	0.59056	0.00784	0.00784
32	0.01819	0.01729	0.02935	0.41383	0.30870	0.01946	0.02469	0.02360	0.01802	0.02431	0.01550	0.02200	0.01225	0.00812	0.00847	0.00271	0.01082	0.00757	0.00396	0.01116
33	0.01238	0.00825	0.00928	0.00928	0.00928	0.00825	0.00516	0.01238	0.01238	0.01650	0.02681	0.05569	0.03094	0.70092	0.04331	0.00825	0.00825	0.01238	0.00516	0.00516
34	0.02009	0.02296	0.05022	0.03587	0.04448	0.02152	0.61693	0.02726	0.02009	0.02726	0.01722	0.02296	0.01291	0.00717	0.01004	0.00287	0.01435	0.01004	0.00430	0.01148
35	0.02009	0.02296	0.05022	0.03587	0.04448	0.02152	0.61693	0.02726	0.02009	0.02726	0.01722	0.02296	0.01291	0.00717	0.01004	0.00287	0.01435	0.01004	0.00430	0.01148
36	0.01478	0.00739	0.01109	0.01109	0.01109	0.00739	0.00739	0.01109	0.01109	0.01478	0.01478	0.02587	0.01478	0.02956	0.03326	0.75240	0.00739	0.00739	0.00370	0.00370
37	0.03155	0.02565	0.02456	0.01943	0.02567	0.12129	0.01577	0.50601	0.03668	0.04778	0.01966	0.02016	0.01427	0.00999	0.00828	0.00248	0.01002	0.00735	0.03991	0.01350
38	0.02275	0.70604	0.04459	0.01456	0.02184	0.03367	0.01456	0.02548	0.01729	0.02002	0.01183	0.01365	0.01092	0.00728	0.00546	0.00182	0.00910	0.00455	0.00364	0.01092
39	0.02028	0.01738	0.02553	0.50979	0.05029	0.02084	0.02171	0.17611	0.02296	0.02998	0.01650	0.02211	0.01215	0.00895	0.00851	0.00276	0.01083	0.00759	0.00500	0.01075
40	0.01122	0.00784	0.00959	0.01054	0.01122	0.00738	0.00683	0.01201	0.01525	0.01989	0.04476	0.36574	0.13594	0.22615	0.02190	0.05616	0.00599	0.01858	0.00680	0.00621
41	0.01327	0.01293	0.02194	0.01776	0.02203	0.01166	0.19912	0.01689	0.01909	0.02412	0.05780	0.16732	0.34565	0.01789	0.01019	0.00297	0.00758	0.01652	0.00677	0.00849
42	0.01111	0.00797	0.01077	0.01196	0.01265	0.00806	0.00822	0.01279	0.01507	0.02049	0.03788	0.43520	0.04371	0.13030	0.18489	0.00676	0.01001	0.01865	0.00665	0.00684
43	0.03235	0.02384	0.02554	0.01958	0.02639	0.02639	0.01618	0.61946	0.04001	0.05363	0.02043	0.02043	0.01447	0.01022	0.00851	0.00255	0.00936	0.00766	0.00851	0.01447
44	0.06666	0.09850	0.19976	0.03302	0.26014	0.12319	0.04858	0.02750	0.01927	0.02630	0.01474	0.01823	0.01182	0.00788	0.00779	0.00247	0.01146	0.00652	0.00408	0.01207
45	0.05517	0.16469	0.44449	0.02309	0.06939	0.02206	0.02603	0.02717	0.01804	0.05398	0.01531	0.01763	0.01135	0.00800	0.00750	0.00251	0.01125	0.00606	0.00403	0.01224

[dist]
# distance from previous block
# <min> <max>
0	1

[block]
# block no. 4 follows, 21 sequences, length 37
# corresponding to MSA columns:
# 235-271
name=unknown_E
#
# <colnr> <probs for GDERKNQSTAVLIFYWHMCP>
#	G	D	E	R	K	N	Q	S	T	A	V	L	I	F	Y	W	H	M	C	P
0	0.02557	0.10985	0.22932	0.02341	0.06312	0.31985	0.02155	0.06498	0.02211	0.02502	0.01428	0.01662	0.01124	0.00841	0.00766	0.00235	0.01316	0.00588	0.00429	0.01131
1	0.05468	0.08657	0.14407	0.01884	0.02561	0.16440	0.01747	0.19119	0.06169	0.05874	0.01883	0.02008	0.01412	0.00922	0.00763	0.00241	0.01042	0.00671	0.07540	0.01192
2	0.01208	0.00836	0.01045	0.01069	0.01113	0.00868	0.00686	0.01301	0.01318	0.01795	0.02827	0.12850	0.03164	0.45961	0.19476	0.00901	0.01147	0.01301	0.00534	0.00598
3	0.01241	0.00889	0.01253	0.01253	0.01380	0.01004	0.00935	0.01495	0.01368	0.01986	0.02383	0.03744	0.02309	0.17813	0.51346	0.01199	0.01901	0.00965	0.04820	0.00717
4	0.01216	0.00912	0.01368	0.01368	0.01520	0.01064	0.01064	0.01520	0.01368	0.01976	0.02279	0.03343	0.02127	0.06382	0.66720	0.01368	0.02279	0.00912	0.00456	0.00760
5	0.02275	0.70604	0.04459	0.01456	0.02184	0.03367	0.01456	0.02548	0.01729	0.02002	0.01183	0.01365	0.01092	0.00728	0.00546	0.00182	0.00910	0.00455	0.00364	0.01092
6	0.01411	0.00938	0.01070	0.00995	0.01309	0.00806	0.00761	0.01686	0.02116	0.10584	0.21388	0.07075	0.42913	0.01915	0.00986	0.00280	0.00461	0.01615	0.00859	0.00832
7	0.09459	0.02540	0.21972	0.02266	0.03109	0.01736	0.17803	0.02958	0.02031	0.18591	0.07264	0.02547	0.01960	0.00922	0.00861	0.00272	0.01041	0.00845	0.00617	0.01206
8	0.02801	0.03436	0.02593	0.02275	0.02629	0.47892	0.04799	0.03038	0.02124	0.02108	0.01289	0.01653	0.01111	0.01016	0.01268	0.00260	0.17687	0.00619	0.00422	0.00981
9	0.02036	0.03641	0.38049	0.03229	0.21795	0.11228	0.02771	0.02771	0.01927	0.02633	0.01519	0.01852	0.01161	0.00803	0.00813	0.00257	0.01224	0.00656	0.00389	0.01246
10	0.01557	0.00796	0.00804	0.00804	0.00986	0.00796	0.00588	0.01921	0.01739	0.03045	0.02768	0.03373	0.02258	0.06778	0.00908	0.00251	0.00432	0.00830	0.68595	0.00770
11	0.01183	0.00869	0.01108	0.01048	0.01258	0.00794	0.00786	0.01564	0.02358	0.03291	0.58266	0.06557	0.14174	0.01785	0.01004	0.00270	0.00405	0.01567	0.00921	0.00794
12	0.03120	0.03258	0.02428	0.02069	0.02602	0.37693	0.01612	0.25530	0.07599	0.03429	0.01752	0.01850	0.01342	0.00952	0.00806	0.00238	0.01244	0.00661	0.00626	0.01187
13	0.02117	0.01828	0.01924	0.01732	0.02213	0.02117	0.01347	0.04522	0.63246	0.03560	0.03464	0.03175	0.02598	0.01155	0.00866	0.00289	0.00673	0.00962	0.00866	0.01347
14	0.02106	0.02022	0.03454	0.05223	0.64784	0.02022	0.02612	0.02612	0.01938	0.02780	0.01601	0.02106	0.01348	0.00758	0.00842	0.00253	0.01011	0.00758	0.00421	0.01348
15	0.02048	0.02014	0.02365	0.07734	0.20677	0.14420	0.01772	0.06924	0.01968	0.02509	0.01815	0.02444	0.01569	0.02823	0.24416	0.00648	0.01572	0.00772	0.00467	0.01044
16	0.01217	0.00907	0.01342	0.01342	0.01485	0.01050	0.01031	0.01503	0.01360	0.01956	0.02303	0.03475	0.02185	0.10145	0.63036	0.01336	0.02194	0.00931	0.00459	0.00745
17	0.01853	0.31912	0.03130	0.02139	0.13831	0.02263	0.01531	0.02182	0.01636	0.02140	0.01666	0.02234	0.01522	0.02816	0.24971	0.00632	0.01434	0.00681	0.00409	0.01018
18	0.02064	0.01979	0.03379	0.10484	0.59850	0.02011	0.02591	0.02575	0.01918	0.02729	0.01593	0.02120	0.01330	0.00766	0.00843	0.00255	0.01021	0.00758	0.00418	0.01314
19	0.01006	0.00862	0.00862	0.00862	0.01149	0.00718	0.00647	0.01221	0.01940	0.02299	0.08621	0.08190	0.64438	0.02155	0.01006	0.00287	0.00431	0.01796	0.00790	0.00718
20	0.02486	0.02943	0.02117	0.06918	0.02549	0.42577	0.01529	0.02756	0.02052	0.02058	0.01613	0.02120	0.01401	0.02487	0.20086	0.00560	0.01723	0.00670	0.00439	0.00917
21	0.02009	0.02296	0.05022	0.03587	0.04448	0.02152	0.61693	0.02726	0.02009	0.02726	0.01722	0.02296	0.01291	0.00717	0.01004	0.00287	0.01435	0.01004	0.00430	0.01148
22	0.01158	0.00868	0.01073	0.01022	0.01243	0.00783	0.00767	0.01516	0.02300	0.03154	0.51377	0.06783	0.21149	0.01836	0.01004	0.00272	0.00408	0.01599	0.00903	0.00783
23	0.03179	0.04056	0.02412	0.02192	0.02631	0.66676	0.01644	0.03398	0.02412	0.02083	0.01315	0.01535	0.01096	0.00877	0.00767	0.00219	0.01535	0.00548	0.00438	0.00987
24	0.02651	0.22634	0.02957	0.01748	0.02390	0.02718	0.01497	0.28946	0.19045	0.03880	0.02163	0.02141	0.01646	0.00969	0.00764	0.00242	0.00859	0.00725	0.00709	0.01314
25	0.02645	0.02940	0.02434	0.02401	0.09251	0.32893	0.01700	0.06281	0.17455	0.02682	0.01893	0.02069	0.01517	0.01012	0.01043	0.00260	0.09129	0.00708	0.00555	0.01132
26	0.01194	0.00832	0.00916	0.00916	0.00970	0.00805	0.00541	0.01234	0.01371	0.01773	0.03810	0.06067	0.14754	0.57179	0.03699	0.00723	0.00750	0.01344	0.00568	0.00554
27	0.01216	0.00912	0.01368	0.01368	0.01520	0.01064	0.01064	0.01520	0.01368	0.01976	0.02279	0.03343	0.02127	0.06382	0.66720	0.01368	0.02279	0.00912	0.00456	0.00760
28	0.02040	0.01955	0.03335	0.13539	0.56984	0.02005	0.02579	0.02554	0.01906	0.02700	0.01589	0.02128	0.01320	0.00771	0.00844	0.00257	0.01027	0.00758	0.00416	0.01295
29	0.01885	0.02311	0.14903	0.22824	0.31197	0.01982	0.02545	0.02644	0.06466	0.02645	0.01701	0.02176	0.01328	0.00825	0.00840	0.00268	0.01069	0.00748	0.00430	0.01213
30	0.01788	0.07029	0.54211	0.02476	0.06815	0.02053	0.02889	0.02837	0.06947	0.02741	0.01678	0.01910	0.01221	0.00831	0.00803	0.00266	0.01180	0.00656	0.00405	0.01263
31	0.01875	0.01629	0.01425	0.01341	0.01547	0.13556	0.00939	0.09884	0.01966	0.02497	0.02728	0.16218	0.02875	0.27312	0.02163	0.00474	0.00865	0.01219	0.08692	0.00794
32	0.01457	0.01129	0.01476	0.01343	0.01658	0.01092	0.05496	0.06219	0.04733	0.02959	0.16616	0.09531	0.22106	0.01762	0.00971	0.00290	0.00602	0.10323	0.09373	0.00865
33	0.01128	0.00806	0.01093	0.01290	0.01379	0.00770	0.00949	0.01343	0.01720	0.02275	0.04640	0.53125	0.05428	0.02580	0.01111	0.00358	0.00573	0.17927	0.00788	0.00717
34	0.02327	0.03064	0.19916	0.02884	0.17972	0.14377	0.02233	0.09672	0.13412	0.03051	0.01915	0.02101	0.01465	0.00896	0.00824	0.00258	0.01108	0.00721	0.00536	0.01265
35	0.02414	0.54087	0.07655	0.01653	0.02357	0.15312	0.01591	0.02718	0.01863	0.02058	0.01228	0.01423	0.01092	0.00761	0.00603	0.00194	0.01049	0.00483	0.00378	0.01082
36	0.02212	0.01674	0.02015	0.08753	0.08255	0.01845	0.01468	0.20910	0.14148	0.03709	0.02600	0.05632	0.02117	0.01127	0.00822	0.00262	0.00771	0.03618	0.16900	0.01162

[dist]
# distance from previous block
# <min> <max>
0	1

[block]
# block no. 5 follows, 21 sequences, length 14
# corresponding to MSA columns:
# 273-286
name=unknown_F
#
# <colnr> <probs for GDERKNQSTAVLIFYWHMCP>
#	G	D	E	R	K	N	Q	S	T	A	V	L	I	F	Y	W	H	M	C	P
0	0.03279	0.02313	0.02510	0.01925	0.02604	0.02534	0.01590	0.57587	0.03883	0.09889	0.02142	0.02108	0.01497	0.01024	0.00852	0.00256	0.00920	0.00773	0.00867	0.01447
1	0.01068	0.00865	0.00949	0.00928	0.01188	0.00745	0.00696	0.01342	0.02087	0.02648	0.26099	0.07615	0.46742	0.02025	0.01005	0.00281	0.00422	0.01715	0.00836	0.00745
2	0.02739	0.02731	0.03077	0.02774	0.11488	0.19894	0.13569	0.21837	0.07360	0.03458	0.01828	0.02048	0.01394	0.00896	0.00858	0.00254	0.01188	0.00767	0.00598	0.01241
3	0.01037	0.00741	0.00987	0.01185	0.01234	0.00691	0.00790	0.01185	0.01629	0.02172	0.04690	0.69537	0.05629	0.02666	0.01086	0.00346	0.00494	0.02419	0.00790	0.00691
4	0.01222	0.00978	0.01110	0.01084	0.01356	0.00918	0.00835	0.01748	0.08646	0.02825	0.26231	0.07165	0.34026	0.01927	0.01005	0.00290	0.00477	0.06492	0.00846	0.00819
5	0.01765	0.01513	0.01765	0.01260	0.02017	0.01134	0.01008	0.02143	0.01765	0.02773	0.01513	0.01765	0.01260	0.00630	0.00630	0.00126	0.00630	0.00504	0.00504	0.75295
6	0.01238	0.00825	0.00928	0.00928	0.00928	0.00825	0.00516	0.01238	0.01238	0.01650	0.02681	0.05569	0.03094	0.70092	0.04331	0.00825	0.00825	0.01238	0.00516	0.00516
7	0.01888	0.01890	0.02251	0.01927	0.02239	0.14875	0.13039	0.02217	0.01853	0.02443	0.02558	0.20216	0.02562	0.01428	0.01135	0.00283	0.09925	0.01212	0.15166	0.00894
8	0.02627	0.03085	0.02162	0.02073	0.05375	0.41697	0.01501	0.03311	0.14887	0.02450	0.02715	0.02760	0.09589	0.01093	0.00822	0.00244	0.01189	0.00805	0.00571	0.01044
9	0.02085	0.02068	0.03202	0.17375	0.48727	0.06632	0.02493	0.02582	0.01925	0.02611	0.01563	0.02097	0.01288	0.00785	0.00839	0.00256	0.01073	0.00743	0.00414	0.01243
10	0.07655	0.01925	0.03095	0.11702	0.49677	0.02005	0.02380	0.02670	0.05560	0.02838	0.01671	0.02134	0.01367	0.00795	0.00821	0.00259	0.00978	0.00748	0.00451	0.01271
11	0.05377	0.11779	0.39402	0.02347	0.06707	0.09597	0.02514	0.07795	0.02040	0.02825	0.01495	0.01736	0.01122	0.00821	0.00766	0.00251	0.01180	0.00611	0.00422	0.01214
12	0.06073	0.02860	0.12703	0.07420	0.15223	0.14692	0.02082	0.22430	0.02652	0.03495	0.01655	0.01903	0.01254	0.00885	0.00811	0.00253	0.01119	0.00686	0.00559	0.01248
13	0.01874	0.04031	0.56849	0.02578	0.08212	0.01933	0.02981	0.02783	0.01849	0.06757	0.01651	0.01891	0.01165	0.00821	0.00814	0.00268	0.01204	0.00653	0.00409	0.01277

[dist]
# distance from previous block
# <min> <max>
0	12

[block]
# block no. 6 follows, 21 sequences, length 15
# corresponding to MSA columns:
# 299-313
name=unknown_G
#
# <colnr> <probs for GDERKNQSTAVLIFYWHMCP>
#	G	D	E	R	K	N	Q	S	T	A	V	L	I	F	Y	W	H	M	C	P
0	0.26230	0.02714	0.20443	0.01957	0.02730	0.05239	0.07651	0.10017	0.01984	0.03341	0.01468	0.01729	0.01109	0.00845	0.00825	0.00260	0.04310	0.00621	0.00496	0.06030
1	0.02106	0.02022	0.03454	0.05223	0.64784	0.02022	0.02612	0.02612	0.01938	0.02780	0.01601	0.02106	0.01348	0.00758	0.00842	0.00253	0.01011	0.00758	0.00421	0.01348
2	0.01134	0.00810	0.01099	0.01296	0.01388	0.00775	0.00959	0.01353	0.01725	0.02281	0.04637	0.52101	0.05416	0.02574	0.01112	0.00359	0.00578	0.18895	0.00788	0.00718
3	0.02893	0.02711	0.02329	0.01961	0.02513	0.21225	0.01547	0.28109	0.20771	0.03879	0.02243	0.02224	0.01679	0.01018	0.00831	0.00254	0.01035	0.00759	0.00735	0.01283
4	0.01216	0.00912	0.01368	0.01368	0.01520	0.01064	0.01064	0.01520	0.01368	0.01976	0.02279	0.03343	0.02127	0.06382	0.66720	0.01368	0.02279	0.00912	0.00456	0.00760
5	0.02323	0.60955	0.07909	0.01556	0.02311	0.03224	0.01569	0.07559	0.01924	0.02326	0.01276	0.01448	0.01121	0.00758	0.00587	0.00193	0.00933	0.00491	0.00405	0.01132
6	0.01721	0.01094	0.01413	0.01449	0.01693	0.01099	0.01176	0.02249	0.08694	0.10348	0.03938	0.10261	0.04014	0.13849	0.01645	0.00437	0.00757	0.32503	0.00780	0.00878
7	0.01226	0.00869	0.01153	0.01153	0.01231	0.00947	0.00796	0.01382	0.01304	0.01817	0.02476	0.04430	0.02600	0.37502	0.36246	0.01103	0.01569	0.01071	0.00485	0.00641
8	0.01860	0.17657	0.08507	0.01716	0.02256	0.06053	0.06485	0.02649	0.12711	0.02850	0.20252	0.03794	0.03634	0.01218	0.00853	0.00258	0.00829	0.04717	0.00655	0.01046
9	0.26399	0.02284	0.02165	0.02500	0.17693	0.17055	0.01595	0.02949	0.09711	0.03040	0.01821	0.02351	0.01536	0.00948	0.00746	0.00262	0.00961	0.04355	0.00539	0.01089
10	0.30939	0.05581	0.02201	0.02249	0.14516	0.09540	0.01506	0.02491	0.01665	0.02917	0.01362	0.01751	0.01156	0.01234	0.05195	0.00330	0.09605	0.00598	0.00461	0.04704
11	0.02225	0.15484	0.07061	0.02914	0.23561	0.11644	0.01910	0.05303	0.10174	0.02693	0.02331	0.02513	0.06728	0.00954	0.00790	0.00243	0.00987	0.00776	0.00517	0.01191
12	0.20052	0.02246	0.12524	0.01983	0.07597	0.02000	0.01673	0.16996	0.10904	0.03702	0.02479	0.02884	0.05508	0.01084	0.00798	0.00275	0.00851	0.04616	0.00649	0.01178
13	0.05285	0.22283	0.09443	0.02137	0.05653	0.12771	0.05305	0.10827	0.02148	0.05583	0.01498	0.01752	0.01207	0.00915	0.00990	0.00247	0.09691	0.00632	0.00487	0.01145
14	0.02792	0.17369	0.02755	0.02111	0.09515	0.19924	0.01544	0.05937	0.07368	0.14881	0.02028	0.02098	0.01535	0.00903	0.00746	0.00230	0.01005	0.00673	0.05406	0.01181

[dist]
# distance from previous block
# <min> <max>
6	50

[block]
# block no. 7 follows, 21 sequences, length 124
# corresponding to MSA columns:
# 374-497
name=unknown_H
#
# <colnr> <probs for GDERKNQSTAVLIFYWHMCP>
#	G	D	E	R	K	N	Q	S	T	A	V	L	I	F	Y	W	H	M	C	P
0	0.06026	0.05717	0.05492	0.02759	0.19389	0.07485	0.01859	0.16586	0.07863	0.11624	0.02005	0.02146	0.01504	0.00945	0.00921	0.00260	0.04746	0.00738	0.00640	0.01294
1	0.08871	0.01687	0.02324	0.02814	0.25699	0.01655	0.01657	0.02913	0.10601	0.12831	0.02790	0.02876	0.07868	0.00986	0.00808	0.00247	0.00778	0.00845	0.00641	0.11107
2	0.17459	0.08980	0.05910	0.01566	0.02160	0.05239	0.01357	0.16338	0.05088	0.08612	0.04729	0.05058	0.01865	0.01305	0.04455	0.00307	0.00905	0.00761	0.00653	0.07253
3	0.17693	0.01546	0.04243	0.01816	0.08055	0.01561	0.03802	0.04842	0.06815	0.02881	0.05771	0.04138	0.05978	0.15855	0.01670	0.00405	0.04039	0.07361	0.00602	0.00927
4	0.02348	0.14300	0.02512	0.01743	0.02124	0.12439	0.01434	0.08559	0.04767	0.08627	0.06563	0.02548	0.02013	0.05034	0.06805	0.00385	0.15397	0.00783	0.00574	0.01044
5	0.05263	0.05961	0.09405	0.04692	0.05530	0.01921	0.14359	0.14414	0.02316	0.03254	0.05346	0.02958	0.05030	0.01009	0.00852	0.00253	0.00968	0.04309	0.00582	0.11579
6	0.02005	0.02139	0.11746	0.02787	0.15917	0.01850	0.10943	0.08420	0.04935	0.05502	0.01931	0.02399	0.01551	0.02019	0.14709	0.00495	0.04394	0.00810	0.00514	0.04934
7	0.08147	0.09112	0.19104	0.07168	0.31280	0.02156	0.02428	0.05921	0.01944	0.02881	0.01528	0.01903	0.01213	0.00791	0.00781	0.00253	0.01038	0.00672	0.00430	0.01248
8	0.01794	0.03856	0.52159	0.02278	0.03371	0.02006	0.02763	0.03083	0.14831	0.02878	0.01938	0.02089	0.01400	0.00882	0.00821	0.00274	0.01134	0.00700	0.00467	0.01277
9	0.02120	0.01664	0.01809	0.01544	0.02000	0.01808	0.01220	0.21335	0.23397	0.03927	0.17230	0.04173	0.11373	0.01372	0.00910	0.00273	0.00664	0.01136	0.00867	0.01177
10	0.01430	0.01094	0.01214	0.01141	0.01479	0.01020	0.00860	0.02036	0.12332	0.06139	0.09071	0.16173	0.32994	0.01858	0.00955	0.00281	0.00514	0.01581	0.00802	0.07027
11	0.01053	0.00752	0.01006	0.01203	0.01260	0.00705	0.00818	0.01213	0.01645	0.02190	0.04682	0.66665	0.05593	0.02651	0.01090	0.00348	0.00508	0.05133	0.00790	0.00696
12	0.03070	0.06514	0.02539	0.02013	0.02577	0.29795	0.01598	0.29367	0.08088	0.03653	0.01808	0.01886	0.01375	0.00956	0.00801	0.00239	0.01167	0.00674	0.00653	0.01226
13	0.01812	0.04263	0.58487	0.02477	0.03663	0.05853	0.06350	0.02739	0.01845	0.02660	0.01525	0.01809	0.01091	0.00807	0.00817	0.00267	0.01284	0.00645	0.00368	0.01235
14	0.01853	0.19800	0.48669	0.02250	0.03366	0.02310	0.05343	0.02662	0.01790	0.02534	0.01455	0.01718	0.01091	0.00786	0.00756	0.00250	0.01184	0.00605	0.00364	0.01214
15	0.01799	0.03759	0.47163	0.02780	0.03917	0.02030	0.21019	0.02704	0.01861	0.02704	0.01587	0.01949	0.01143	0.00781	0.00868	0.00275	0.01312	0.00743	0.00381	0.01224
16	0.01092	0.00865	0.00981	0.00952	0.01202	0.00755	0.00714	0.01388	0.02143	0.02780	0.32700	0.07398	0.40059	0.01976	0.01005	0.00279	0.00418	0.01685	0.00854	0.00755
17	0.17761	0.02700	0.09063	0.06499	0.20348	0.20954	0.01924	0.02733	0.01931	0.02718	0.01573	0.05164	0.01360	0.00907	0.00764	0.00253	0.01098	0.00704	0.00458	0.01087
18	0.02246	0.02680	0.06787	0.03189	0.12720	0.18466	0.26696	0.02766	0.02052	0.02522	0.01790	0.02628	0.01528	0.00940	0.01009	0.00276	0.04549	0.05598	0.00454	0.01102
19	0.01037	0.00741	0.00987	0.01185	0.01234	0.00691	0.00790	0.01185	0.01629	0.02172	0.04690	0.69537	0.05629	0.02666	0.01086	0.00346	0.00494	0.02419	0.00790	0.00691
20	0.03143	0.02338	0.02502	0.01939	0.02604	0.02596	0.01595	0.57219	0.08878	0.05215	0.02160	0.02136	0.01542	0.01033	0.00853	0.00258	0.00915	0.00782	0.00853	0.01439
21	0.01987	0.48495	0.03534	0.01454	0.02003	0.02740	0.01367	0.02254	0.01749	0.02128	0.04929	0.02852	0.09443	0.01103	0.00890	0.00229	0.08027	0.03352	0.00461	0.01002
22	0.01050	0.00857	0.00928	0.00924	0.01180	0.00735	0.00688	0.01301	0.02022	0.02528	0.20218	0.11242	0.49175	0.02096	0.01010	0.00286	0.00428	0.01776	0.00821	0.00735
23	0.02547	0.25341	0.17869	0.02012	0.02735	0.31365	0.01935	0.02963	0.02050	0.02200	0.01323	0.01542	0.01091	0.00813	0.00706	0.00219	0.01271	0.00537	0.00396	0.01084
24	0.01283	0.00863	0.01061	0.01114	0.01232	0.00869	0.00811	0.01493	0.01570	0.02194	0.03636	0.09804	0.08410	0.27187	0.11196	0.00642	0.00900	0.13508	0.11552	0.00674
25	0.02792	0.01891	0.02021	0.01712	0.02261	0.05753	0.01358	0.09067	0.36169	0.22492	0.03186	0.02899	0.02263	0.01096	0.00856	0.00274	0.00762	0.00889	0.00896	0.01365
26	0.01834	0.01696	0.02826	0.04196	0.48611	0.01683	0.02148	0.02249	0.01859	0.02626	0.02387	0.19267	0.02437	0.01244	0.00905	0.00276	0.00879	0.01181	0.00515	0.01181
27	0.01713	0.01568	0.02645	0.47836	0.19258	0.01827	0.02288	0.02189	0.01708	0.02259	0.01530	0.02257	0.01213	0.01002	0.01053	0.06446	0.01073	0.00755	0.00388	0.00992
28	0.02549	0.01751	0.02089	0.02024	0.08425	0.01887	0.01448	0.04237	0.41674	0.19213	0.03251	0.02998	0.02348	0.01089	0.00861	0.00279	0.00720	0.00915	0.00869	0.01373
29	0.03179	0.04056	0.02412	0.02192	0.02631	0.66676	0.01644	0.03398	0.02412	0.02083	0.01315	0.01535	0.01096	0.00877	0.00767	0.00219	0.01535	0.00548	0.00438	0.00987
30	0.01394	0.01228	0.01260	0.01340	0.01587	0.07398	0.01091	0.01689	0.01980	0.02387	0.05776	0.11280	0.27392	0.02145	0.01065	0.00332	0.00708	0.28421	0.00752	0.00774
31	0.01082	0.00820	0.00913	0.00964	0.01106	0.00743	0.00645	0.01217	0.01654	0.02076	0.05876	0.23032	0.31451	0.22242	0.02003	0.00460	0.00563	0.01791	0.00710	0.00652
32	0.01182	0.00809	0.00937	0.00979	0.01006	0.00791	0.00581	0.01225	0.01360	0.01797	0.03441	0.19284	0.07072	0.51980	0.03457	0.00693	0.00733	0.01520	0.00589	0.00564
33	0.01765	0.01513	0.01765	0.01260	0.02017	0.01134	0.01008	0.02143	0.01765	0.02773	0.01513	0.01765	0.01260	0.00630	0.00630	0.00126	0.00630	0.00504	0.00504	0.75295
34	0.02004	0.01702	0.02151	0.02457	0.16692	0.01848	0.01554	0.09484	0.29520	0.03275	0.03137	0.16880	0.02826	0.01368	0.00906	0.00289	0.00742	0.01203	0.00744	0.01219
35	0.01775	0.02791	0.27341	0.23915	0.15723	0.01998	0.06234	0.02484	0.01782	0.02516	0.01528	0.02038	0.01161	0.00840	0.00935	0.00277	0.04407	0.00722	0.00382	0.01153
36	0.03235	0.02384	0.02554	0.01958	0.02639	0.02639	0.01618	0.61946	0.04001	0.05363	0.02043	0.02043	0.01447	0.01022	0.00851	0.00255	0.00936	0.00766	0.00851	0.01447
37	0.01037	0.00741	0.00987	0.01185	0.01234	0.00691	0.00790	0.01185	0.01629	0.02172	0.04690	0.69537	0.05629	0.02666	0.01086	0.00346	0.00494	0.02419	0.00790	0.00691
38	0.01331	0.01103	0.01720	0.27149	0.03107	0.01291	0.01477	0.01686	0.01545	0.02075	0.02518	0.17100	0.02543	0.07257	0.23538	0.00698	0.01370	0.01191	0.00500	0.00803
39	0.02787	0.02155	0.02267	0.01878	0.02434	0.05855	0.01555	0.43353	0.06104	0.04502	0.02588	0.03668	0.02210	0.01301	0.00916	0.00284	0.00926	0.13126	0.00814	0.01276
40	0.03264	0.02337	0.02525	0.01936	0.02616	0.02569	0.01599	0.59031	0.03922	0.08390	0.02109	0.02086	0.01480	0.01023	0.00852	0.00256	0.00926	0.00771	0.00862	0.01447
41	0.01066	0.00864	0.00945	0.00925	0.01186	0.00744	0.00694	0.01337	0.02081	0.02634	0.25382	0.07638	0.47469	0.02030	0.01005	0.00281	0.00422	0.01719	0.00834	0.00744
42	0.01216	0.00912	0.01368	0.01368	0.01520	0.01064	0.01064	0.01520	0.01368	0.01976	0.02279	0.03343	0.02127	0.06382	0.66720	0.01368	0.02279	0.00912	0.00456	0.00760
43	0.01041	0.00869	0.00911	0.00915	0.01191	0.00739	0.00696	0.01281	0.01979	0.02403	0.12998	0.08111	0.56767	0.02131	0.01014	0.00291	0.00447	0.04687	0.00802	0.00729
44	0.76103	0.01646	0.01251	0.01119	0.01646	0.01909	0.00922	0.02502	0.01448	0.03818	0.01185	0.01382	0.00922	0.00790	0.00527	0.00263	0.00658	0.00461	0.00527	0.00922
45	0.02106	0.02022	0.03454	0.05223	0.64784	0.02022	0.02612	0.02612	0.01938	0.02780	0.01601	0.02106	0.01348	0.00758	0.00842	0.00253	0.01011	0.00758	0.00421	0.01348
46	0.01926	0.29962	0.42045	0.02051	0.03104	0.02513	0.02492	0.02638	0.01771	0.02428	0.01394	0.01630	0.01083	0.00777	0.00707	0.00236	0.01123	0.00562	0.00361	0.01194
47	0.16631	0.01536	0.01879	0.01469	0.02105	0.01446	0.01213	0.07108	0.02348	0.51056	0.02897	0.02579	0.01859	0.01005	0.00797	0.00263	0.00724	0.00781	0.00948	0.01355
48	0.01238	0.00825	0.00928	0.00928	0.00928	0.00825	0.00516	0.01238	0.01238	0.01650	0.02681	0.05569	0.03094	0.70092	0.04331	0.00825	0.00825	0.01238	0.00516	0.00516
49	0.03182	0.03962	0.02420	0.02179	0.02631	0.63084	0.01643	0.06682	0.02501	0.02267	0.01356	0.01563	0.01116	0.00885	0.00772	0.00221	0.01501	0.00560	0.00462	0.01012
50	0.02275	0.70604	0.04459	0.01456	0.02184	0.03367	0.01456	0.02548	0.01729	0.02002	0.01183	0.01365	0.01092	0.00728	0.00546	0.00182	0.00910	0.00455	0.00364	0.01092
51	0.01238	0.00825	0.00928	0.00928	0.00928	0.00825	0.00516	0.01238	0.01238	0.01650	0.02681	0.05569	0.03094	0.70092	0.04331	0.00825	0.00825	0.01238	0.00516	0.00516
52	0.01032	0.00760	0.00967	0.01132	0.01221	0.00696	0.00767	0.01191	0.01680	0.02193	0.05330	0.59549	0.15203	0.02583	0.01073	0.00336	0.00484	0.02318	0.00790	0.00696
53	0.01771	0.03955	0.52816	0.02672	0.03845	0.02014	0.15563	0.02702	0.01842	0.02702	0.01568	0.01903	0.01123	0.00789	0.00850	0.00273	0.01295	0.00708	0.00374	0.01234
54	0.02106	0.02022	0.03454	0.05223	0.64784	0.02022	0.02612	0.02612	0.01938	0.02780	0.01601	0.02106	0.01348	0.00758	0.00842	0.00253	0.01011	0.00758	0.00421	0.01348
