[name]
unknown

[dist]
# distance from previous block
# <min> <max>
3	29

[block]
# block no. 0 follows, 22 sequences, length 14
# corresponding to MSA columns:
# 29-42
name=unknown_A
#
# <colnr> <probs for GDERKNQSTAVLIFYWHMCP>
#	G	D	E	R	K	N	Q	S	T	A	V	L	I	F	Y	W	H	M	C	P
0	0.08255	0.27527	0.06397	0.01397	0.01990	0.01999	0.01295	0.02713	0.01958	0.19833	0.12970	0.02699	0.02547	0.01218	0.03607	0.00275	0.00811	0.00765	0.00652	0.01094
1	0.01583	0.08745	0.01524	0.01141	0.01477	0.01192	0.00898	0.06634	0.02081	0.08562	0.13539	0.18388	0.27514	0.01804	0.00922	0.00273	0.00547	0.01529	0.00774	0.00872
2	0.16725	0.33787	0.18175	0.01540	0.02278	0.02406	0.01640	0.02411	0.01722	0.02618	0.08280	0.01972	0.01775	0.00850	0.00639	0.00223	0.00866	0.00602	0.00447	0.01041
3	0.01746	0.13920	0.57575	0.02232	0.03385	0.02124	0.02833	0.02610	0.01744	0.02534	0.01443	0.01693	0.01054	0.00778	0.00752	0.00251	0.01179	0.00590	0.00351	0.01205
4	0.02221	0.71304	0.04353	0.01421	0.02132	0.03287	0.01421	0.02488	0.01688	0.01955	0.01155	0.01333	0.01066	0.00711	0.00533	0.00178	0.00888	0.00444	0.00355	0.01066
5	0.01110	0.00814	0.01018	0.01030	0.01188	0.00747	0.00735	0.01384	0.02009	0.02740	0.37123	0.21669	0.15603	0.07523	0.01260	0.00326	0.00451	0.01721	0.00826	0.00723
6	0.01598	0.01039	0.01219	0.01149	0.01450	0.00973	0.00866	0.04554	0.07074	0.11985	0.13441	0.20783	0.26880	0.01882	0.00961	0.00287	0.00514	0.01618	0.00836	0.00891
7	0.01191	0.00874	0.01252	0.01252	0.01371	0.00993	0.00935	0.01430	0.01310	0.01867	0.02301	0.03685	0.02260	0.18759	0.55234	0.01232	0.01950	0.00952	0.00456	0.00695
8	0.01776	0.17573	0.54187	0.02180	0.03306	0.02198	0.02743	0.02602	0.01741	0.02497	0.01424	0.01670	0.01055	0.00774	0.00739	0.00246	0.01161	0.00580	0.00352	0.01196
9	0.20488	0.54203	0.03585	0.01341	0.02003	0.02938	0.01293	0.02476	0.01621	0.02389	0.01155	0.01337	0.01025	0.00726	0.00528	0.00197	0.00828	0.00446	0.00394	0.01025
10	0.01077	0.00890	0.00955	0.00985	0.01226	0.00805	0.00720	0.01444	0.06856	0.02314	0.07095	0.22426	0.45971	0.02144	0.00989	0.00294	0.00455	0.01832	0.00777	0.00745
11	0.01723	0.02983	0.33229	0.20844	0.09342	0.01940	0.13208	0.02491	0.01776	0.02505	0.01526	0.01989	0.01125	0.00781	0.00837	0.00268	0.01206	0.00722	0.00373	0.01133
12	0.03025	0.10129	0.02553	0.02054	0.02528	0.56192	0.01586	0.08075	0.02418	0.02286	0.01330	0.01523	0.01098	0.00854	0.00736	0.00213	0.01394	0.00544	0.00454	0.01009
13	0.05765	0.17850	0.06268	0.03713	0.40287	0.07582	0.02162	0.02596	0.01854	0.02533	0.01425	0.01800	0.01208	0.00747	0.00735	0.00230	0.01001	0.00637	0.00402	0.01207

[dist]
# distance from previous block
# <min> <max>
0	1

[block]
# block no. 1 follows, 22 sequences, length 6
# corresponding to MSA columns:
# 44-49
name=unknown_B
#
# <colnr> <probs for GDERKNQSTAVLIFYWHMCP>
#	G	D	E	R	K	N	Q	S	T	A	V	L	I	F	Y	W	H	M	C	P
0	0.01735	0.01489	0.01652	0.04872	0.07389	0.11010	0.01204	0.02097	0.02119	0.07054	0.32813	0.04250	0.04626	0.02121	0.11472	0.00424	0.00956	0.01112	0.00705	0.00900
1	0.02221	0.71304	0.04353	0.01421	0.02132	0.03287	0.01421	0.02488	0.01688	0.01955	0.01155	0.01333	0.01066	0.00711	0.00533	0.00178	0.00888	0.00444	0.00355	0.01066
2	0.01068	0.00835	0.00984	0.01078	0.01276	0.00750	0.00824	0.01299	0.01816	0.02264	0.06502	0.25020	0.35924	0.02280	0.01039	0.00318	0.00513	0.14731	0.00770	0.00708
3	0.01134	0.00820	0.00871	0.00875	0.01110	0.00727	0.00650	0.01403	0.01900	0.02568	0.14459	0.10946	0.39651	0.01834	0.00899	0.00263	0.00414	0.01546	0.17203	0.00727
4	0.02064	0.50275	0.03476	0.01398	0.01972	0.08014	0.01296	0.02354	0.01889	0.02264	0.15244	0.02418	0.02556	0.00940	0.00649	0.00199	0.00829	0.00684	0.00484	0.00996
5	0.17629	0.00992	0.00943	0.00944	0.01241	0.00953	0.00711	0.01462	0.01743	0.02552	0.06244	0.15873	0.42161	0.01886	0.00891	0.00284	0.00479	0.01558	0.00715	0.00741

[dist]
# distance from previous block
# <min> <max>
6	25

[block]
# block no. 2 follows, 22 sequences, length 70
# corresponding to MSA columns:
# 75-144
name=unknown_C
#
# <colnr> <probs for GDERKNQSTAVLIFYWHMCP>
#	G	D	E	R	K	N	Q	S	T	A	V	L	I	F	Y	W	H	M	C	P
0	0.02128	0.01587	0.01749	0.01492	0.01912	0.01683	0.01174	0.33201	0.02843	0.03754	0.03913	0.19136	0.15402	0.01831	0.03909	0.00325	0.00772	0.01334	0.00788	0.01066
1	0.01927	0.28371	0.12763	0.01545	0.02130	0.02056	0.01522	0.02319	0.01646	0.08881	0.01813	0.02243	0.01528	0.02717	0.24387	0.00610	0.01397	0.00671	0.00458	0.01013
2	0.02285	0.13264	0.10022	0.03535	0.34794	0.09118	0.02211	0.10029	0.02141	0.02825	0.01515	0.01845	0.01235	0.00785	0.00767	0.00235	0.01042	0.00660	0.00449	0.01243
3	0.02303	0.02651	0.08911	0.02008	0.05195	0.23297	0.01610	0.09555	0.16054	0.02790	0.02199	0.06766	0.01862	0.01696	0.09001	0.00385	0.01217	0.00831	0.00581	0.01088
4	0.02333	0.02249	0.06041	0.02366	0.15106	0.14076	0.01635	0.16480	0.02432	0.07033	0.03037	0.03156	0.13306	0.01463	0.05288	0.00322	0.01040	0.00901	0.00617	0.01120
5	0.04883	0.16165	0.06686	0.01905	0.08812	0.09967	0.01463	0.02740	0.13254	0.04814	0.05541	0.07493	0.08086	0.01131	0.00777	0.00243	0.00834	0.00909	0.00587	0.03710
6	0.06809	0.22224	0.07163	0.01966	0.09015	0.02177	0.04255	0.11562	0.02048	0.02891	0.01679	0.06514	0.01488	0.00880	0.00699	0.00211	0.00849	0.00703	0.00504	0.16362
7	0.05563	0.20089	0.28569	0.01785	0.02645	0.02078	0.01981	0.05458	0.01959	0.13968	0.04473	0.02243	0.03954	0.00906	0.00738	0.00240	0.00946	0.00687	0.00540	0.01177
8	0.02333	0.21363	0.07557	0.02123	0.02740	0.25478	0.13993	0.02729	0.02055	0.02318	0.08138	0.02123	0.01826	0.00870	0.00765	0.00226	0.01179	0.00710	0.00454	0.01021
9	0.01774	0.29769	0.06803	0.01317	0.01833	0.05650	0.01215	0.02074	0.01866	0.04678	0.09253	0.08536	0.19574	0.01339	0.00774	0.00235	0.00738	0.01064	0.00578	0.00932
10	0.01699	0.04091	0.60643	0.02552	0.06656	0.01939	0.05728	0.02628	0.01770	0.02636	0.01503	0.01791	0.01075	0.00783	0.00800	0.00263	0.01224	0.00637	0.00357	0.01227
11	0.01018	0.00742	0.00946	0.01105	0.01180	0.00685	0.00740	0.01164	0.01610	0.02111	0.04964	0.59206	0.12891	0.05933	0.01208	0.00354	0.00490	0.02228	0.00758	0.00670
12	0.01196	0.00910	0.01021	0.04518	0.01439	0.00802	0.00771	0.01450	0.01956	0.06160	0.13481	0.07198	0.52289	0.01931	0.00965	0.00277	0.00471	0.01619	0.00780	0.00764
13	0.02066	0.02462	0.12982	0.04483	0.51906	0.06336	0.02566	0.02613	0.01901	0.02656	0.01533	0.01973	0.01259	0.00755	0.00812	0.00247	0.01058	0.00707	0.00403	0.01279
14	0.01195	0.00858	0.01173	0.01173	0.01266	0.00951	0.00837	0.01380	0.01287	0.01809	0.02373	0.04082	0.02432	0.30566	0.43663	0.01135	0.01690	0.01010	0.00467	0.00652
15	0.02056	0.01974	0.03372	0.05099	0.65622	0.01974	0.02550	0.02550	0.01892	0.02714	0.01563	0.02056	0.01316	0.00740	0.00822	0.00247	0.00987	0.00740	0.00411	0.01316
16	0.01801	0.03497	0.44750	0.03309	0.24966	0.01945	0.02890	0.02603	0.01801	0.02660	0.01516	0.01858	0.01143	0.00772	0.00801	0.00257	0.01145	0.00657	0.00372	0.01258
17	0.02204	0.02547	0.07509	0.04023	0.36364	0.14112	0.15817	0.02722	0.01984	0.02571	0.01533	0.01975	0.01241	0.00756	0.00842	0.00249	0.01189	0.00748	0.00413	0.01201
18	0.02092	0.02462	0.05985	0.06807	0.13137	0.26305	0.01682	0.02437	0.01899	0.02180	0.02073	0.05609	0.04641	0.02222	0.16308	0.00496	0.01439	0.00815	0.00453	0.00958
19	0.00982	0.00842	0.00842	0.00842	0.01122	0.00701	0.00631	0.01192	0.01894	0.02244	0.08416	0.07995	0.65285	0.02104	0.00982	0.00281	0.00421	0.01753	0.00771	0.00701
20	0.03158	0.02327	0.02493	0.01911	0.02576	0.02576	0.01579	0.62852	0.03906	0.05236	0.01995	0.01995	0.01413	0.00997	0.00831	0.00249	0.00914	0.00748	0.00831	0.01413
21	0.01189	0.00880	0.01282	0.01282	0.01413	0.01010	0.00973	0.01450	0.01320	0.01890	0.02273	0.03530	0.02193	0.14155	0.59746	0.01270	0.02051	0.00929	0.00452	0.00712
22	0.01581	0.01661	0.05248	0.01548	0.01790	0.12804	0.01256	0.01877	0.01527	0.01970	0.01990	0.02937	0.01855	0.08828	0.44964	0.00998	0.05102	0.00824	0.00437	0.00801
23	0.02004	0.01907	0.03237	0.04857	0.61784	0.01903	0.02444	0.02491	0.01919	0.02751	0.05355	0.02303	0.01705	0.00797	0.00832	0.00248	0.00951	0.00786	0.00441	0.01284
24	0.01841	0.01754	0.02984	0.33209	0.39193	0.01917	0.02443	0.02361	0.01790	0.02453	0.01525	0.02126	0.01224	0.00780	0.00826	0.00260	0.01040	0.00739	0.00393	0.01142
25	0.01208	0.00805	0.00906	0.00906	0.00906	0.00805	0.00503	0.01208	0.01208	0.01611	0.02618	0.05436	0.03020	0.70804	0.04228	0.00805	0.00805	0.01208	0.00503	0.00503
26	0.01187	0.00890	0.01335	0.01335	0.01483	0.01038	0.01038	0.01483	0.01335	0.01928	0.02225	0.03264	0.02077	0.06231	0.67512	0.01335	0.02225	0.00890	0.00445	0.00742
27	0.17821	0.01624	0.01761	0.01498	0.02034	0.01742	0.01199	0.03890	0.30669	0.24533	0.02893	0.02652	0.02042	0.01021	0.00775	0.00268	0.00671	0.00805	0.00839	0.01263
28	0.03103	0.03959	0.02354	0.02140	0.02568	0.67469	0.01605	0.03317	0.02354	0.02033	0.01284	0.01498	0.01070	0.00856	0.00749	0.00214	0.01498	0.00535	0.00428	0.00963
29	0.02056	0.01974	0.03372	0.05099	0.65622	0.01974	0.02550	0.02550	0.01892	0.02714	0.01563	0.02056	0.01316	0.00740	0.00822	0.00247	0.00987	0.00740	0.00411	0.01316
30	0.03158	0.02327	0.02493	0.01911	0.02576	0.02576	0.01579	0.62852	0.03906	0.05236	0.01995	0.01995	0.01413	0.00997	0.00831	0.00249	0.00914	0.00748	0.00831	0.01413
31	0.00990	0.00812	0.00873	0.00921	0.01143	0.00695	0.00667	0.01183	0.01817	0.02213	0.07443	0.23777	0.50131	0.02230	0.01002	0.00295	0.00436	0.01907	0.00771	0.00695
32	0.01187	0.00890	0.01335	0.01335	0.01483	0.01038	0.01038	0.01483	0.01335	0.01928	0.02225	0.03264	0.02077	0.06231	0.67512	0.01335	0.02225	0.00890	0.00445	0.00742
33	0.01527	0.00776	0.00783	0.00783	0.00964	0.00776	0.00576	0.01890	0.01708	0.03003	0.02704	0.03245	0.02186	0.05375	0.00811	0.00232	0.00414	0.00802	0.70689	0.00757
34	0.01118	0.00847	0.01030	0.00984	0.01206	0.00759	0.00738	0.01456	0.02215	0.03007	0.48254	0.06739	0.24971	0.01819	0.00980	0.00267	0.00401	0.01577	0.00872	0.00759
35	0.03103	0.03959	0.02354	0.02140	0.02568	0.67469	0.01605	0.03317	0.02354	0.02033	0.01284	0.01498	0.01070	0.00856	0.00749	0.00214	0.01498	0.00535	0.00428	0.00963
36	0.03153	0.02482	0.02480	0.01933	0.02575	0.08744	0.01581	0.57193	0.03758	0.04931	0.01927	0.01947	0.01380	0.00984	0.00823	0.00246	0.00970	0.00728	0.00793	0.01370
37	0.01266	0.00940	0.01216	0.01177	0.01224	0.01064	0.00812	0.01379	0.01255	0.01752	0.02331	0.04367	0.02518	0.43069	0.24024	0.00925	0.08533	0.01057	0.00470	0.00622
38	0.02056	0.01974	0.03372	0.05099	0.65622	0.01974	0.02550	0.02550	0.01892	0.02714	0.01563	0.02056	0.01316	0.00740	0.00822	0.00247	0.00987	0.00740	0.00411	0.01316
39	0.02086	0.01966	0.03285	0.08113	0.59566	0.01997	0.02490	0.05471	0.01978	0.02808	0.01579	0.02061	0.01310	0.00757	0.00823	0.00248	0.00989	0.00740	0.00430	0.01301
40	0.01443	0.00722	0.01082	0.01082	0.01082	0.00722	0.00722	0.01082	0.01082	0.01443	0.01443	0.02525	0.01443	0.02886	0.03247	0.75830	0.00722	0.00722	0.00361	0.00361
41	0.00995	0.00842	0.00860	0.00855	0.01130	0.00707	0.00641	0.01217	0.01924	0.02317	0.12203	0.07876	0.61453	0.02077	0.00982	0.00279	0.00419	0.01737	0.00781	0.00707
42	0.01187	0.00890	0.01335	0.01335	0.01483	0.01038	0.01038	0.01483	0.01335	0.01928	0.02225	0.03264	0.02077	0.06231	0.67512	0.01335	0.02225	0.00890	0.00445	0.00742
43	0.01208	0.00805	0.00906	0.00906	0.00906	0.00805	0.00503	0.01208	0.01208	0.01611	0.02618	0.05436	0.03020	0.70804	0.04228	0.00805	0.00805	0.01208	0.00503	0.00503
44	0.76672	0.01607	0.01221	0.01092	0.01607	0.01864	0.00900	0.02442	0.01414	0.03727	0.01157	0.01350	0.00900	0.00771	0.00514	0.00257	0.00643	0.00450	0.00514	0.00900
45	0.03158	0.02327	0.02493	0.01911	0.02576	0.02576	0.01579	0.62852	0.03906	0.05236	0.01995	0.01995	0.01413	0.00997	0.00831	0.00249	0.00914	0.00748	0.00831	0.01413
46	0.00995	0.00842	0.00860	0.00855	0.01130	0.00707	0.00641	0.01217	0.01924	0.02317	0.12203	0.07876	0.61453	0.02077	0.00982	0.00279	0.00419	0.01737	0.00781	0.00707
47	0.03103	0.03959	0.02354	0.02140	0.02568	0.67469	0.01605	0.03317	0.02354	0.02033	0.01284	0.01498	0.01070	0.00856	0.00749	0.00214	0.01498	0.00535	0.00428	0.00963
48	0.03103	0.03959	0.02354	0.02140	0.02568	0.67469	0.01605	0.03317	0.02354	0.02033	0.01284	0.01498	0.01070	0.00856	0.00749	0.00214	0.01498	0.00535	0.00428	0.00963
49	0.02339	0.02433	0.03105	0.04295	0.48712	0.16613	0.02295	0.05440	0.02086	0.02676	0.01520	0.01929	0.01265	0.00778	0.00806	0.00240	0.01098	0.00695	0.00434	0.01242
50	0.01549	0.00774	0.00774	0.00774	0.00968	0.00774	0.00581	0.01936	0.01742	0.03097	0.02710	0.03097	0.02129	0.00968	0.00581	0.00194	0.00387	0.00774	0.75416	0.00774
51	0.01187	0.00890	0.01335	0.01335	0.01483	0.01038	0.01038	0.01483	0.01335	0.01928	0.02225	0.03264	0.02077	0.06231	0.67512	0.01335	0.02225	0.00890	0.00445	0.00742
52	0.01008	0.00738	0.00949	0.01118	0.01195	0.00678	0.00754	0.01161	0.01628	0.02136	0.05050	0.62621	0.12832	0.02541	0.01051	0.00330	0.00474	0.02287	0.00771	0.00678
53	0.01187	0.00890	0.01335	0.01335	0.01483	0.01038	0.01038	0.01483	0.01335	0.01928	0.02225	0.03264	0.02077	0.06231	0.67512	0.01335	0.02225	0.00890	0.00445	0.00742
54	0.03009	0.11119	0.02567	0.02064	0.02522	0.60646	0.01586	0.03229	0.02283	0.02025	0.01270	0.01481	0.01070	0.00841	0.00726	0.00210	0.01433	0.00525	0.00420	0.00974
55	0.02850	0.10597	0.02596	0.02228	0.07937	0.43929	0.01615	0.10259	0.02400	0.02521	0.01449	0.01666	0.01183	0.00853	0.00734	0.00216	0.01265	0.00580	0.04071	0.01050
56	0.01206	0.00808	0.00918	0.00914	0.00925	0.00804	0.00519	0.01229	0.01273	0.01709	0.06174	0.05480	0.03294	0.66876	0.04044	0.00774	0.00782	0.01225	0.00527	0.00519
57	0.02221	0.71304	0.04353	0.01421	0.02132	0.03287	0.01421	0.02488	0.01688	0.01955	0.01155	0.01333	0.01066	0.00711	0.00533	0.00178	0.00888	0.00444	0.00355	0.01066
58	0.02583	0.31564	0.03474	0.02176	0.09187	0.15883	0.05675	0.12145	0.02241	0.05696	0.01492	0.01679	0.01208	0.00803	0.00698	0.00214	0.01052	0.00596	0.00487	0.01146
59	0.02271	0.67476	0.04240	0.01462	0.02157	0.06935	0.01432	0.02535	0.01726	0.01959	0.01162	0.01342	0.01066	0.00719	0.00545	0.00180	0.00923	0.00449	0.00359	0.01060
60	0.01009	0.00736	0.00951	0.01123	0.01196	0.00678	0.00756	0.01161	0.01623	0.02134	0.04987	0.63642	0.11851	0.02550	0.01052	0.00331	0.00475	0.02297	0.00771	0.00678
61	0.01947	0.01863	0.03175	0.19325	0.52247	0.01945	0.02495	0.02454	0.01840	0.02582	0.01543	0.02092	0.01269	0.00760	0.00824	0.00253	0.01014	0.00740	0.00402	0.01228
62	0.02598	0.02835	0.02110	0.02000	0.05560	0.38086	0.01461	0.09009	0.02259	0.02570	0.01654	0.01972	0.01357	0.01241	0.04838	0.00292	0.05546	0.00641	0.12991	0.00980
63	0.01203	0.00825	0.01006	0.01006	0.01040	0.00860	0.00628	0.01272	0.01238	0.01685	0.02526	0.04932	0.02801	0.55801	0.18932	0.00928	0.01135	0.01134	0.00490	0.00559
64	0.02376	0.01123	0.01447	0.01209	0.01643	0.00978	0.00962	0.02692	0.02258	0.33772	0.21769	0.04972	0.18363	0.01465	0.00910	0.00264	0.00552	0.01235	0.00937	0.01072
65	0.02343	0.02504	0.02268	0.02142	0.05409	0.26322	0.01630	0.08903	0.02083	0.02460	0.01896	0.06570	0.01843	0.01319	0.01403	0.00291	0.20919	0.08210	0.00513	0.00971
66	0.10689	0.02887	0.14780	0.01974	0.02661	0.16519	0.03898	0.19922	0.10137	0.05887	0.01857	0.01944	0.01369	0.00908	0.00778	0.00250	0.01052	0.00678	0.00609	0.01200
67	0.21621	0.01275	0.01232	0.01126	0.01514	0.01322	0.00895	0.08772	0.05561	0.03133	0.08835	0.05208	0.30553	0.01549	0.00840	0.00275	0.00565	0.04126	0.00722	0.00879
68	0.16437	0.01962	0.01690	0.01516	0.01934	0.14116	0.01187	0.09233	0.16648	0.03308	0.14324	0.03439	0.05872	0.01200	0.00807	0.00261	0.00785	0.03546	0.00707	0.01026
69	0.05311	0.01933	0.05091	0.07514	0.02534	0.02016	0.01492	0.32303	0.08484	0.06041	0.02439	0.02709	0.04802	0.04956	0.08235	0.00402	0.01017	0.00837	0.00703	0.01181

[dist]
# distance from previous block
# <min> <max>
2	50

[block]
# block no. 3 follows, 22 sequences, length 86
# corresponding to MSA columns:
# 195-280
name=unknown_D
#
# <colnr> <probs for GDERKNQSTAVLIFYWHMCP>
#	G	D	E	R	K	N	Q	S	T	A	V	L	I	F	Y	W	H	M	C	P
0	0.04786	0.01937	0.11288	0.07054	0.07712	0.05528	0.09054	0.05704	0.01833	0.02581	0.04542	0.09438	0.02280	0.14867	0.01504	0.00369	0.00939	0.01007	0.06647	0.00930
1	0.10793	0.02255	0.11855	0.04965	0.02233	0.15052	0.01441	0.04624	0.05574	0.02749	0.12708	0.09504	0.06610	0.04906	0.01004	0.00290	0.00886	0.01017	0.00599	0.00936
2	0.14507	0.17057	0.07870	0.05390	0.09864	0.02248	0.01630	0.15492	0.02127	0.03137	0.01792	0.08999	0.01617	0.01032	0.00814	0.00251	0.03743	0.00791	0.00537	0.01102
3	0.15238	0.01834	0.09728	0.07667	0.09820	0.01580	0.01512	0.09377	0.01977	0.03008	0.03106	0.07024	0.14650	0.01167	0.00789	0.00253	0.00770	0.00950	0.00573	0.08978
4	0.05000	0.09578	0.02503	0.02591	0.20432	0.16185	0.01626	0.02750	0.08622	0.05209	0.09146	0.02757	0.05053	0.01216	0.03596	0.00286	0.00989	0.00815	0.00558	0.01089
5	0.13681	0.09924	0.02421	0.01938	0.05497	0.26312	0.01480	0.20210	0.02546	0.03278	0.01531	0.01698	0.01201	0.00868	0.00712	0.00228	0.01068	0.00595	0.03707	0.01104
6	0.04937	0.02367	0.12267	0.02456	0.16386	0.12618	0.01771	0.05049	0.04529	0.09893	0.05810	0.06345	0.02084	0.05286	0.01019	0.00282	0.00957	0.00850	0.00572	0.04521
7	0.02179	0.06457	0.11118	0.04074	0.44916	0.02135	0.02404	0.11386	0.02157	0.03028	0.01593	0.01966	0.01283	0.00782	0.00802	0.00245	0.01000	0.00708	0.00462	0.01304
8	0.01019	0.00848	0.00894	0.00897	0.01164	0.00722	0.00682	0.01257	0.01941	0.02366	0.13924	0.07884	0.56454	0.02073	0.00990	0.00284	0.00435	0.04668	0.00786	0.00713
9	0.02810	0.06224	0.10327	0.01991	0.02583	0.34058	0.01710	0.20146	0.02659	0.03084	0.01593	0.01760	0.01229	0.00889	0.00758	0.00227	0.01205	0.00616	0.05013	0.01118
10	0.01012	0.00723	0.00964	0.01157	0.01205	0.00675	0.00771	0.01157	0.01591	0.02121	0.04579	0.70262	0.05495	0.02603	0.01060	0.00337	0.00482	0.02362	0.00771	0.00675
11	0.01916	0.02513	0.16910	0.14143	0.11569	0.02036	0.29722	0.06025	0.01973	0.02721	0.01612	0.02100	0.01208	0.00762	0.00889	0.00270	0.01239	0.00823	0.00420	0.01150
12	0.10367	0.11045	0.06298	0.01924	0.02412	0.16967	0.04085	0.15018	0.02226	0.02973	0.04078	0.01871	0.01418	0.01003	0.01131	0.00259	0.14683	0.00661	0.00514	0.01065
13	0.01022	0.00731	0.00973	0.01150	0.01207	0.00681	0.00772	0.01182	0.01637	0.02195	0.08300	0.66329	0.05638	0.02547	0.01055	0.00333	0.00476	0.02309	0.00780	0.00681
14	0.02056	0.01974	0.03372	0.05099	0.65622	0.01974	0.02550	0.02550	0.01892	0.02714	0.01563	0.02056	0.01316	0.00740	0.00822	0.00247	0.00987	0.00740	0.00411	0.01316
15	0.02062	0.02252	0.02687	0.02265	0.02451	0.15825	0.08197	0.02313	0.01573	0.02073	0.01258	0.01879	0.01161	0.01523	0.05825	0.00379	0.44234	0.00724	0.00388	0.00933
16	0.01948	0.02205	0.04700	0.03388	0.04156	0.02139	0.57390	0.02604	0.01902	0.02604	0.01630	0.02205	0.01246	0.00765	0.01130	0.00287	0.07224	0.00959	0.00415	0.01102
17	0.01789	0.01693	0.02758	0.07782	0.47841	0.01683	0.02108	0.02223	0.01879	0.02576	0.03084	0.03388	0.15552	0.01049	0.00858	0.00256	0.00868	0.00966	0.00489	0.01157
18	0.01187	0.00890	0.01335	0.01335	0.01483	0.01038	0.01038	0.01483	0.01335	0.01928	0.02225	0.03264	0.02077	0.06231	0.67512	0.01335	0.02225	0.00890	0.00445	0.00742
19	0.02517	0.01996	0.02317	0.15669	0.03107	0.02279	0.01654	0.33587	0.20669	0.04089	0.02284	0.02356	0.01671	0.01000	0.00835	0.00264	0.00881	0.00801	0.00740	0.01284
20	0.02221	0.71304	0.04353	0.01421	0.02132	0.03287	0.01421	0.02488	0.01688	0.01955	0.01155	0.01333	0.01066	0.00711	0.00533	0.00178	0.00888	0.00444	0.00355	0.01066
21	0.02066	0.01785	0.01878	0.01691	0.02160	0.02066	0.01315	0.04414	0.64121	0.03475	0.03381	0.03099	0.02536	0.01127	0.00845	0.00282	0.00657	0.00939	0.00845	0.01315
22	0.01133	0.00847	0.01051	0.01000	0.01215	0.00765	0.00750	0.01484	0.02250	0.03089	0.52539	0.06604	0.20634	0.01789	0.00980	0.00266	0.00398	0.01558	0.00883	0.00765
23	0.02066	0.01785	0.01878	0.01691	0.02160	0.02066	0.01315	0.04414	0.64121	0.03475	0.03381	0.03099	0.02536	0.01127	0.00845	0.00282	0.00657	0.00939	0.00845	0.01315
24	0.03103	0.03959	0.02354	0.02140	0.02568	0.67469	0.01605	0.03317	0.02354	0.02033	0.01284	0.01498	0.01070	0.00856	0.00749	0.00214	0.01498	0.00535	0.00428	0.00963
25	0.00982	0.00842	0.00842	0.00842	0.01122	0.00701	0.00631	0.01192	0.01894	0.02244	0.08416	0.07995	0.65285	0.02104	0.00982	0.00281	0.00421	0.01753	0.00771	0.00701
26	0.01942	0.01853	0.03103	0.04646	0.58759	0.01838	0.02345	0.02405	0.01892	0.02664	0.02292	0.02688	0.08123	0.00885	0.00839	0.00250	0.00927	0.00848	0.00450	0.01251
27	0.01143	0.00816	0.00887	0.00887	0.00968	0.00775	0.00540	0.01204	0.01406	0.01794	0.04292	0.06175	0.21006	0.50960	0.03291	0.00654	0.00694	0.01366	0.00581	0.00561
28	0.03158	0.02327	0.02493	0.01911	0.02576	0.02576	0.01579	0.62852	0.03906	0.05236	0.01995	0.01995	0.01413	0.00997	0.00831	0.00249	0.00914	0.00748	0.00831	0.01413
29	0.01975	0.01965	0.02936	0.14959	0.45267	0.07293	0.02274	0.02432	0.01892	0.02522	0.02087	0.02522	0.06501	0.00876	0.00831	0.00252	0.01003	0.00806	0.00435	0.01172
30	0.02862	0.14353	0.02666	0.01917	0.02455	0.33789	0.01538	0.18166	0.09205	0.02973	0.01664	0.01765	0.01311	0.00896	0.00744	0.00224	0.01163	0.00616	0.00561	0.01130
31	0.01560	0.01309	0.01373	0.01309	0.01451	0.08958	0.00975	0.01788	0.01505	0.02119	0.02181	0.03350	0.02074	0.18382	0.24790	0.00745	0.08579	0.00878	0.15936	0.00739
32	0.01973	0.01946	0.03538	0.04437	0.46491	0.01915	0.15822	0.02503	0.01909	0.02683	0.01832	0.02725	0.01601	0.00865	0.00886	0.00266	0.01060	0.05880	0.00444	0.01225
33	0.01187	0.00890	0.01335	0.01335	0.01483	0.01038	0.01038	0.01483	0.01335	0.01928	0.02225	0.03264	0.02077	0.06231	0.67512	0.01335	0.02225	0.00890	0.00445	0.00742
34	0.01120	0.00847	0.01034	0.00987	0.01207	0.00760	0.00740	0.01460	0.02221	0.03020	0.48943	0.06717	0.24273	0.01814	0.00980	0.00267	0.00400	0.01574	0.00874	0.00760
35	0.07935	0.01425	0.01887	0.01456	0.02091	0.01258	0.01202	0.03956	0.02322	0.62594	0.03155	0.02742	0.01990	0.01013	0.00817	0.00257	0.00703	0.00813	0.00999	0.01384
36	0.01061	0.00755	0.00954	0.01080	0.01141	0.00710	0.00709	0.01195	0.01576	0.02097	0.08113	0.49387	0.08535	0.16609	0.01705	0.00426	0.00540	0.02036	0.00725	0.00648
37	0.02675	0.01861	0.01977	0.01570	0.02093	0.02035	0.01279	0.44558	0.03256	0.04593	0.02209	0.02326	0.01628	0.00988	0.00756	0.00233	0.00756	0.00756	0.23230	0.01221
38	0.00993	0.00842	0.00858	0.00854	0.01129	0.00706	0.00640	0.01215	0.01921	0.02309	0.11809	0.07888	0.61851	0.02080	0.00982	0.00279	0.00419	0.01738	0.00780	0.00706
39	0.01187	0.00890	0.01335	0.01335	0.01483	0.01038	0.01038	0.01483	0.01335	0.01928	0.02225	0.03264	0.02077	0.06231	0.67512	0.01335	0.02225	0.00890	0.00445	0.00742
40	0.03103	0.03959	0.02354	0.02140	0.02568	0.67469	0.01605	0.03317	0.02354	0.02033	0.01284	0.01498	0.01070	0.00856	0.00749	0.00214	0.01498	0.00535	0.00428	0.00963
41	0.76672	0.01607	0.01221	0.01092	0.01607	0.01864	0.00900	0.02442	0.01414	0.03727	0.01157	0.01350	0.00900	0.00771	0.00514	0.00257	0.00643	0.00450	0.00514	0.00900
42	0.02187	0.67190	0.08169	0.01480	0.02222	0.03204	0.01523	0.02496	0.01692	0.01996	0.01176	0.01358	0.01065	0.00716	0.00549	0.00183	0.00909	0.00455	0.00355	0.01076
43	0.00982	0.00842	0.00842	0.00842	0.01122	0.00701	0.00631	0.01192	0.01894	0.02244	0.08416	0.07995	0.65285	0.02104	0.00982	0.00281	0.00421	0.01753	0.00771	0.00701
44	0.01187	0.00890	0.01335	0.01335	0.01483	0.01038	0.01038	0.01483	0.01335	0.01928	0.02225	0.03264	0.02077	0.06231	0.67512	0.01335	0.02225	0.00890	0.00445	0.00742
45	0.01043	0.00844	0.00926	0.00905	0.01159	0.00727	0.00679	0.01310	0.02037	0.02584	0.26184	0.07435	0.47304	0.01977	0.00981	0.00275	0.00412	0.01675	0.00816	0.00727
46	0.01187	0.00890	0.01335	0.01335	0.01483	0.01038	0.01038	0.01483	0.01335	0.01928	0.02225	0.03264	0.02077	0.06231	0.67512	0.01335	0.02225	0.00890	0.00445	0.00742
47	0.02033	0.07597	0.48250	0.02266	0.03280	0.17442	0.02641	0.02785	0.01892	0.02456	0.01425	0.01672	0.01057	0.00801	0.00767	0.00247	0.01274	0.00587	0.00369	0.01157
48	0.03103	0.03959	0.02354	0.02140	0.02568	0.67469	0.01605	0.03317	0.02354	0.02033	0.01284	0.01498	0.01070	0.00856	0.00749	0.00214	0.01498	0.00535	0.00428	0.00963
49	0.03103	0.03959	0.02354	0.02140	0.02568	0.67469	0.01605	0.03317	0.02354	0.02033	0.01284	0.01498	0.01070	0.00856	0.00749	0.00214	0.01498	0.00535	0.00428	0.00963
50	0.03002	0.11835	0.02599	0.02041	0.02517	0.55991	0.01582	0.06778	0.02368	0.02215	0.01311	0.01508	0.01090	0.00847	0.00728	0.00212	0.01391	0.00537	0.00444	0.01002
51	0.01497	0.08105	0.01809	0.01583	0.01808	0.01438	0.01369	0.01911	0.04232	0.02347	0.03370	0.06666	0.03547	0.02453	0.09126	0.00468	0.09373	0.37426	0.00640	0.00832
52	0.03049	0.08094	0.02477	0.02096	0.02541	0.63528	0.01594	0.03266	0.02313	0.02028	0.01276	0.01488	0.01070	0.00847	0.00736	0.00212	0.01461	0.00529	0.00424	0.00969
53	0.06750	0.01967	0.02528	0.23833	0.11356	0.02225	0.01895	0.32301	0.02788	0.03832	0.01726	0.02036	0.01273	0.00899	0.00812	0.00258	0.00970	0.00727	0.00612	0.01213
54	0.03158	0.02327	0.02493	0.01911	0.02576	0.02576	0.01579	0.62852	0.03906	0.05236	0.01995	0.01995	0.01413	0.00997	0.00831	0.00249	0.00914	0.00748	0.00831	0.01413
55	0.01666	0.04297	0.66500	0.02368	0.03596	0.01929	0.03069	0.02631	0.01754	0.02631	0.01491	0.01754	0.01052	0.00789	0.00789	0.00263	0.01228	0.00614	0.00351	0.01228
56	0.01006	0.00823	0.00888	0.00914	0.01148	0.00705	0.00669	0.01224	0.01889	0.02332	0.13411	0.18060	0.49757	0.02146	0.00995	0.00288	0.00428	0.01828	0.00786	0.00705
57	0.01026	0.00756	0.00965	0.01126	0.01221	0.00695	0.00781	0.01195	0.01659	0.02162	0.05202	0.56472	0.15322	0.02503	0.01052	0.00331	0.00488	0.05588	0.00771	0.00684
58	0.03004	0.03524	0.02293	0.02034	0.02475	0.53491	0.01538	0.12535	0.02532	0.02511	0.01472	0.01800	0.01235	0.04865	0.00960	0.00253	0.01367	0.00607	0.00496	0.01007
59	0.01187	0.00890	0.01335	0.01335	0.01483	0.01038	0.01038	0.01483	0.01335	0.01928	0.02225	0.03264	0.02077	0.06231	0.67512	0.01335	0.02225	0.00890	0.00445	0.00742
60	0.02950	0.03995	0.09180	0.02164	0.02678	0.60495	0.01761	0.03244	0.02290	0.02097	0.01306	0.01525	0.01068	0.00849	0.00753	0.00219	0.01469	0.00543	0.00420	0.00991
61	0.00997	0.00784	0.00901	0.00996	0.01163	0.00688	0.00700	0.01175	0.01745	0.02184	0.06539	0.38450	0.36041	0.02348	0.01020	0.00308	0.00451	0.02051	0.00771	0.00688
62	0.02749	0.03084	0.02290	0.02170	0.06221	0.39514	0.01576	0.08475	0.20125	0.02749	0.01959	0.02030	0.01532	0.00938	0.00788	0.00238	0.01179	0.00680	0.00580	0.01122
63	0.03103	0.03959	0.02354	0.02140	0.02568	0.67469	0.01605	0.03317	0.02354	0.02033	0.01284	0.01498	0.01070	0.00856	0.00749	0.00214	0.01498	0.00535	0.00428	0.00963
64	0.01136	0.00857	0.00985	0.01024	0.01200	0.00792	0.00760	0.01334	0.01726	0.02174	0.08844	0.07475	0.30977	0.21780	0.01947	0.00452	0.00606	0.14565	0.00701	0.00663
65	0.02056	0.01974	0.03372	0.05099	0.65622	0.01974	0.02550	0.02550	0.01892	0.02714	0.01563	0.02056	0.01316	0.00740	0.00822	0.00247	0.00987	0.00740	0.00411	0.01316
66	0.02058	0.02194	0.04067	0.04190	0.33037	0.05018	0.31626	0.02639	0.01946	0.02657	0.01607	0.02120	0.01278	0.00726	0.00896	0.00261	0.01211	0.00847	0.00416	0.01205
67	0.03103	0.03959	0.02354	0.02140	0.02568	0.67469	0.01605	0.03317	0.02354	0.02033	0.01284	0.01498	0.01070	0.00856	0.00749	0.00214	0.01498	0.00535	0.00428	0.00963
68	0.00982	0.00842	0.00842	0.00842	0.01122	0.00701	0.00631	0.01192	0.01894	0.02244	0.08416	0.07995	0.65285	0.02104	0.00982	0.00281	0.00421	0.01753	0.00771	0.00701
69	0.03103	0.03959	0.02354	0.02140	0.02568	0.67469	0.01605	0.03317	0.02354	0.02033	0.01284	0.01498	0.01070	0.00856	0.00749	0.00214	0.01498	0.00535	0.00428	0.00963
70	0.03072	0.06642	0.02457	0.02082	0.02551	0.56861	0.01594	0.10496	0.02514	0.02418	0.01365	0.01551	0.01111	0.00867	0.00750	0.00217	0.01401	0.00557	0.00474	0.01022
71	0.03158	0.02327	0.02493	0.01911	0.02576	0.02576	0.01579	0.62852	0.03906	0.05236	0.01995	0.01995	0.01413	0.00997	0.00831	0.00249	0.00914	0.00748	0.00831	0.01413
72	0.03103	0.03959	0.02354	0.02140	0.02568	0.67469	0.01605	0.03317	0.02354	0.02033	0.01284	0.01498	0.01070	0.00856	0.00749	0.00214	0.01498	0.00535	0.00428	0.00963
73	0.07130	0.02122	0.02128	0.01690	0.02254	0.05937	0.01377	0.45919	0.03317	0.04613	0.02024	0.02111	0.01482	0.00971	0.00767	0.00239	0.00845	0.00723	0.13100	0.01252
74	0.01012	0.00723	0.00964	0.01157	0.01205	0.00675	0.00771	0.01157	0.01591	0.02121	0.04579	0.70262	0.05495	0.02603	0.01060	0.00337	0.00482	0.02362	0.00771	0.00675
75	0.01053	0.00762	0.00995	0.01111	0.01210	0.00704	0.00767	0.01265	0.01804	0.02441	0.20490	0.50309	0.09323	0.02341	0.01035	0.00315	0.00455	0.02106	0.00808	0.00704
76	0.02507	0.18079	0.02839	0.01954	0.02313	0.27142	0.01613	0.02728	0.01839	0.05839	0.01309	0.01649	0.01135	0.01037	0.01378	0.00259	0.24359	0.00598	0.00426	0.00995
77	0.00982	0.00842	0.00842	0.00842	0.01122	0.00701	0.00631	0.01192	0.01894	0.02244	0.08416	0.07995	0.65285	0.02104	0.00982	0.00281	0.00421	0.01753	0.00771	0.00701
78	0.01249	0.00861	0.01192	0.01192	0.01331	0.00967	0.00900	0.01526	0.01387	0.02084	0.02351	0.03491	0.02196	0.12947	0.49032	0.01084	0.01755	0.00908	0.12826	0.00719
79	0.02982	0.03776	0.02625	0.02285	0.02757	0.60514	0.08096	0.03247	0.02312	0.02100	0.01326	0.01577	0.01090	0.00839	0.00774	0.00221	0.01488	0.00582	0.00427	0.00980
80	0.01443	0.00722	0.01082	0.01082	0.01082	0.00722	0.00722	0.01082	0.01082	0.01443	0.01443	0.02525	0.01443	0.02886	0.03247	0.75830	0.00722	0.00722	0.00361	0.00361
81	0.05931	0.27209	0.02999	0.01846	0.02376	0.42422	0.01511	0.02992	0.02083	0.02078	0.01234	0.01434	0.01061	0.00802	0.00664	0.00203	0.01250	0.00500	0.00407	0.00996
82	0.01088	0.00854	0.00988	0.00979	0.01219	0.00755	0.00750	0.01384	0.02075	0.02691	0.30363	0.07407	0.37708	0.01961	0.00995	0.00281	0.00438	0.06499	0.00827	0.00739
83	0.11820	0.25014	0.24749	0.01845	0.02623	0.07995	0.01970	0.05132	0.01792	0.02566	0.01311	0.01561	0.01057	0.00831	0.00829	0.00239	0.06627	0.00547	0.00402	0.01093
84	0.01882	0.05841	0.02784	0.06654	0.25160	0.09648	0.09326	0.02282	0.01889	0.02418	0.02556	0.13092	0.05404	0.01234	0.00889	0.00272	0.00978	0.06142	0.00511	0.01039
85	0.13515	0.02468	0.02558	0.02987	0.25174	0.18221	0.01823	0.14565	0.05467	0.03225	0.01610	0.01855	0.01274	0.00843	0.00762	0.00242	0.01031	0.00658	0.00534	0.01186

[dist]
# distance from previous block
# <min> <max>
2	7

[block]
# block no. 4 follows, 22 sequences, length 105
# corresponding to MSA columns:
# 288-392
name=unknown_E
#
# <colnr> <probs for GDERKNQSTAVLIFYWHMCP>
#	G	D	E	R	K	N	Q	S	T	A	V	L	I	F	Y	W	H	M	C	P
0	0.01832	0.06362	0.49071	0.02642	0.11558	0.05223	0.02768	0.02749	0.05304	0.02634	0.01584	0.01841	0.01172	0.00802	0.00785	0.00256	0.01165	0.00638	0.00390	0.01225
1	0.01571	0.06318	0.47443	0.02044	0.02970	0.01751	0.02459	0.02321	0.01639	0.02408	0.01683	0.02235	0.01363	0.05734	0.14020	0.00499	0.01385	0.00694	0.00378	0.01086
2	0.01228	0.01010	0.04265	0.01243	0.01439	0.00860	0.03823	0.01318	0.01513	0.01978	0.04074	0.20888	0.18525	0.02762	0.08557	0.23084	0.00798	0.01416	0.00578	0.00641
3	0.01007	0.00825	0.00888	0.00909	0.01147	0.00706	0.00668	0.01228	0.01900	0.02344	0.14005	0.16745	0.50484	0.02132	0.00993	0.00287	0.00426	0.01814	0.00787	0.00706
4	0.02638	0.03034	0.02094	0.01892	0.02327	0.41527	0.01437	0.05956	0.18267	0.02562	0.02530	0.02547	0.07549	0.01050	0.00799	0.00239	0.01155	0.00764	0.00585	0.01048
5	0.01719	0.10649	0.60609	0.02278	0.03457	0.02058	0.02913	0.02617	0.01748	0.02567	0.01459	0.01714	0.01054	0.00782	0.00765	0.00255	0.01196	0.00598	0.00351	0.01212
6	0.02345	0.50495	0.10373	0.01667	0.02373	0.16370	0.01630	0.02673	0.01832	0.02041	0.01216	0.01410	0.01065	0.00749	0.00604	0.00194	0.01049	0.00480	0.00370	0.01062
7	0.01339	0.00956	0.01339	0.01530	0.01721	0.00956	0.01339	0.01721	0.01912	0.02486	0.04399	0.09371	0.04781	0.02295	0.01147	0.00382	0.00765	0.60031	0.00765	0.00765
8	0.02327	0.05887	0.03165	0.04175	0.46671	0.18475	0.02257	0.02739	0.01998	0.02506	0.01473	0.01880	0.01242	0.00768	0.00790	0.00235	0.01110	0.00674	0.00413	0.01215
9	0.01146	0.00787	0.00917	0.00965	0.00994	0.00767	0.00578	0.01194	0.01343	0.01775	0.03443	0.21859	0.07213	0.49740	0.03247	0.00658	0.00702	0.01529	0.00586	0.00558
10	0.01062	0.00845	0.00953	0.00926	0.01171	0.00736	0.00694	0.01348	0.02083	0.02695	0.31931	0.07254	0.41489	0.01936	0.00981	0.00273	0.00409	0.01649	0.00831	0.00736
11	0.03103	0.03959	0.02354	0.02140	0.02568	0.67469	0.01605	0.03317	0.02354	0.02033	0.01284	0.01498	0.01070	0.00856	0.00749	0.00214	0.01498	0.00535	0.00428	0.00963
12	0.00999	0.00847	0.00866	0.00875	0.01152	0.00714	0.00666	0.01218	0.01894	0.02256	0.08218	0.08063	0.62305	0.02113	0.00990	0.00286	0.00438	0.04624	0.00771	0.00704
13	0.01012	0.00723	0.00964	0.01157	0.01205	0.00675	0.00771	0.01157	0.01591	0.02121	0.04579	0.70262	0.05495	0.02603	0.01060	0.00337	0.00482	0.02362	0.00771	0.00675
14	0.02872	0.02185	0.02332	0.01854	0.02467	0.02443	0.01510	0.47537	0.19687	0.04774	0.02358	0.02284	0.01707	0.01031	0.00835	0.00258	0.00847	0.00798	0.00835	0.01387
15	0.01017	0.00846	0.00896	0.00925	0.01184	0.00724	0.00706	0.01240	0.01878	0.02260	0.07815	0.11697	0.56120	0.02151	0.01002	0.00293	0.00457	0.07313	0.00771	0.00706
16	0.03103	0.03959	0.02354	0.02140	0.02568	0.67469	0.01605	0.03317	0.02354	0.02033	0.01284	0.01498	0.01070	0.00856	0.00749	0.00214	0.01498	0.00535	0.00428	0.00963
17	0.02697	0.35009	0.03276	0.01809	0.02367	0.37877	0.01520	0.02935	0.02047	0.01997	0.01225	0.01422	0.01068	0.00789	0.00649	0.00197	0.01217	0.00493	0.00395	0.01011
18	0.02740	0.19450	0.02780	0.01704	0.02336	0.02528	0.01452	0.30120	0.16031	0.09365	0.02191	0.02136	0.01621	0.00956	0.00760	0.00239	0.00835	0.00720	0.00732	0.01305
19	0.09745	0.09188	0.09427	0.01945	0.02486	0.45551	0.01639	0.02989	0.02122	0.02263	0.01621	0.01806	0.04089	0.00888	0.00724	0.00224	0.01286	0.00586	0.00438	0.00982
20	0.02330	0.30990	0.22024	0.01908	0.02696	0.19344	0.01961	0.05639	0.01985	0.02331	0.01327	0.01531	0.01080	0.00785	0.00678	0.00216	0.01146	0.00532	0.00396	0.01104
21	0.02034	0.02104	0.06919	0.04946	0.62137	0.01971	0.02579	0.02554	0.01884	0.02709	0.01559	0.02039	0.01301	0.00743	0.00821	0.00248	0.01000	0.00733	0.00408	0.01311
22	0.01940	0.01828	0.03092	0.11042	0.53659	0.01865	0.02411	0.02429	0.01871	0.02634	0.01823	0.02765	0.01624	0.00896	0.00854	0.00263	0.00978	0.06361	0.00441	0.01225
23	0.02221	0.71304	0.04353	0.01421	0.02132	0.03287	0.01421	0.02488	0.01688	0.01955	0.01155	0.01333	0.01066	0.00711	0.00533	0.00178	0.00888	0.00444	0.00355	0.01066
24	0.00993	0.00800	0.00885	0.00953	0.01151	0.00692	0.00681	0.01180	0.01786	0.02200	0.07055	0.30073	0.44086	0.02281	0.01010	0.00301	0.00442	0.01969	0.00771	0.00692
25	0.01666	0.04297	0.66500	0.02368	0.03596	0.01929	0.03069	0.02631	0.01754	0.02631	0.01491	0.01754	0.01052	0.00789	0.00789	0.00263	0.01228	0.00614	0.00351	0.01228
26	0.01187	0.00890	0.01335	0.01335	0.01483	0.01038	0.01038	0.01483	0.01335	0.01928	0.02225	0.03264	0.02077	0.06231	0.67512	0.01335	0.02225	0.00890	0.00445	0.00742
27	0.01698	0.01187	0.01305	0.01158	0.01325	0.01250	0.00773	0.16686	0.01885	0.02521	0.02461	0.04572	0.02617	0.53277	0.03375	0.00666	0.00833	0.01093	0.00586	0.00732
28	0.01339	0.00956	0.01339	0.01530	0.01721	0.00956	0.01339	0.01721	0.01912	0.02486	0.04399	0.09371	0.04781	0.02295	0.01147	0.00382	0.00765	0.60031	0.00765	0.00765
29	0.01208	0.00805	0.00906	0.00906	0.00906	0.00805	0.00503	0.01208	0.01208	0.01611	0.02618	0.05436	0.03020	0.70804	0.04228	0.00805	0.00805	0.01208	0.00503	0.00503
30	0.01549	0.00774	0.00774	0.00774	0.00968	0.00774	0.00581	0.01936	0.01742	0.03097	0.02710	0.03097	0.02129	0.00968	0.00581	0.00194	0.00387	0.00774	0.75416	0.00774
31	0.01544	0.01287	0.01532	0.01212	0.01777	0.00999	0.00931	0.01857	0.01689	0.02560	0.02255	0.18931	0.02301	0.01114	0.00727	0.00177	0.00582	0.00962	0.00562	0.57000
32	0.01197	0.00849	0.01126	0.01126	0.01203	0.00925	0.00778	0.01350	0.01273	0.01774	0.02416	0.04320	0.02536	0.37632	0.36738	0.01078	0.01535	0.01045	0.00473	0.00626
33	0.02780	0.03422	0.02402	0.02150	0.02471	0.51168	0.01658	0.02986	0.02083	0.02025	0.01236	0.01578	0.01075	0.01006	0.01245	0.00252	0.18518	0.00583	0.00412	0.00949
34	0.01666	0.04297	0.66500	0.02368	0.03596	0.01929	0.03069	0.02631	0.01754	0.02631	0.01491	0.01754	0.01052	0.00789	0.00789	0.00263	0.01228	0.00614	0.00351	0.01228
35	0.02379	0.06569	0.19210	0.02231	0.02808	0.31532	0.04526	0.02804	0.01930	0.02203	0.01308	0.01653	0.01077	0.00949	0.01167	0.00259	0.15363	0.00609	0.00391	0.01032
36	0.00990	0.00842	0.00853	0.00850	0.01127	0.00705	0.00637	0.01208	0.01912	0.02289	0.10760	0.07921	0.62913	0.02087	0.00982	0.00280	0.00420	0.01743	0.00777	0.00705
37	0.01050	0.00788	0.00904	0.00976	0.01099	0.00717	0.00652	0.01183	0.01608	0.02039	0.05519	0.30742	0.27193	0.19540	0.01826	0.00434	0.00540	0.01845	0.00704	0.00642
38	0.00995	0.00789	0.00896	0.00981	0.01159	0.00690	0.00693	0.01177	0.01760	0.02190	0.06719	0.35536	0.38839	0.02325	0.01017	0.00306	0.00448	0.02022	0.00771	0.00690
39	0.03158	0.02327	0.02493	0.01911	0.02576	0.02576	0.01579	0.62852	0.03906	0.05236	0.01995	0.01995	0.01413	0.00997	0.00831	0.00249	0.00914	0.00748	0.00831	0.01413
40	0.00982	0.00842	0.00842	0.00842	0.01122	0.00701	0.00631	0.01192	0.01894	0.02244	0.08416	0.07995	0.65285	0.02104	0.00982	0.00281	0.00421	0.01753	0.00771	0.00701
41	0.01187	0.00890	0.01335	0.01335	0.01483	0.01038	0.01038	0.01483	0.01335	0.01928	0.02225	0.03264	0.02077	0.06231	0.67512	0.01335	0.02225	0.00890	0.00445	0.00742
42	0.01053	0.00755	0.01001	0.01129	0.01214	0.00702	0.00774	0.01260	0.01782	0.02425	0.19795	0.54179	0.06083	0.02376	0.01040	0.00318	0.00459	0.02146	0.00807	0.00702
43	0.02788	0.28040	0.03069	0.01883	0.02412	0.44519	0.01539	0.03021	0.02116	0.02005	0.01238	0.01439	0.01069	0.00804	0.00672	0.00201	0.01280	0.00503	0.00402	0.01000
44	0.02787	0.01885	0.02029	0.01601	0.02146	0.02046	0.01308	0.44184	0.03275	0.08195	0.02248	0.02319	0.01630	0.00992	0.00768	0.00236	0.00770	0.00760	0.19569	0.01253
45	0.01845	0.01586	0.01778	0.01394	0.02037	0.01447	0.01102	0.02915	0.23847	0.02979	0.02152	0.02211	0.01693	0.00797	0.00697	0.00179	0.00630	0.00651	0.00617	0.49444
46	0.03103	0.03959	0.02354	0.02140	0.02568	0.67469	0.01605	0.03317	0.02354	0.02033	0.01284	0.01498	0.01070	0.00856	0.00749	0.00214	0.01498	0.00535	0.00428	0.00963
47	0.00982	0.00842	0.00842	0.00842	0.01122	0.00701	0.00631	0.01192	0.01894	0.02244	0.08416	0.07995	0.65285	0.02104	0.00982	0.00281	0.00421	0.01753	0.00771	0.00701
48	0.01187	0.00890	0.01335	0.01335	0.01483	0.01038	0.01038	0.01483	0.01335	0.01928	0.02225	0.03264	0.02077	0.06231	0.67512	0.01335	0.02225	0.00890	0.00445	0.00742
49	0.01012	0.00843	0.00884	0.00874	0.01141	0.00714	0.00655	0.01251	0.01966	0.02416	0.17366	0.07713	0.56228	0.02040	0.00982	0.00277	0.00416	0.01714	0.00794	0.00714
50	0.01443	0.00722	0.01082	0.01082	0.01082	0.00722	0.00722	0.01082	0.01082	0.01443	0.01443	0.02525	0.01443	0.02886	0.03247	0.75830	0.00722	0.00722	0.00361	0.00361
51	0.02655	0.38169	0.03370	0.01775	0.02347	0.34867	0.01512	0.02896	0.02016	0.01993	0.01218	0.01414	0.01068	0.00782	0.00639	0.00196	0.01188	0.00489	0.00391	0.01015
52	0.01060	0.00845	0.00950	0.00924	0.01170	0.00735	0.00693	0.01344	0.02078	0.02683	0.31307	0.07273	0.42121	0.01940	0.00981	0.00273	0.00409	0.01652	0.00829	0.00735
53	0.01223	0.00989	0.01421	0.15529	0.02214	0.01103	0.01159	0.01441	0.01535	0.02054	0.03397	0.42636	0.03903	0.09661	0.01510	0.00379	0.06753	0.01746	0.00620	0.00729
54	0.01755	0.03680	0.48007	0.02708	0.03820	0.01981	0.20943	0.02640	0.01816	0.02640	0.01548	0.01900	0.01115	0.00763	0.00847	0.00268	0.01280	0.00724	0.00372	0.01196
55	0.18136	0.03171	0.08230	0.01899	0.02469	0.34379	0.01593	0.15330	0.02423	0.03098	0.01424	0.01594	0.01104	0.00861	0.00721	0.00235	0.01176	0.00569	0.00521	0.01068
56	0.02133	0.01783	0.01808	0.01596	0.02062	0.04967	0.01247	0.09812	0.42917	0.06096	0.03904	0.03646	0.11901	0.01246	0.00860	0.00274	0.00689	0.01020	0.00821	0.01219
57	0.01723	0.01477	0.01723	0.01230	0.01969	0.01107	0.00984	0.02092	0.01723	0.02707	0.01477	0.01723	0.01230	0.00615	0.00615	0.00123	0.00615	0.00492	0.00492	0.75883
58	0.00985	0.00830	0.00854	0.00873	0.01130	0.00699	0.00645	0.01189	0.01864	0.02232	0.08038	0.14125	0.59399	0.02153	0.00990	0.00286	0.00427	0.01813	0.00771	0.00699
59	0.03047	0.03349	0.02407	0.02074	0.02549	0.44339	0.01609	0.21117	0.02759	0.02993	0.01487	0.01665	0.01174	0.00932	0.00885	0.00233	0.05132	0.00610	0.00545	0.01095
60	0.00982	0.00842	0.00842	0.00842	0.01122	0.00701	0.00631	0.01192	0.01894	0.02244	0.08416	0.07995	0.65285	0.02104	0.00982	0.00281	0.00421	0.01753	0.00771	0.00701
