[name]
unknown

[dist]
# distance from previous block
# <min> <max>
0	4

[block]
# block no. 0 follows, 19 sequences, length 86
# corresponding to MSA columns:
# 4-89
name=unknown_A
#
# <colnr> <probs for GDERKNQSTAVLIFYWHMCP>
#	G	D	E	R	K	N	Q	S	T	A	V	L	I	F	Y	W	H	M	C	P
0	0.06223	0.01192	0.01271	0.01229	0.01567	0.01194	0.00959	0.02236	0.14811	0.03010	0.15029	0.06868	0.31702	0.01901	0.01011	0.00309	0.00556	0.07151	0.00852	0.00931
1	0.01537	0.01141	0.01279	0.01148	0.01400	0.01078	0.00791	0.07396	0.01900	0.02561	0.07550	0.08842	0.13327	0.33001	0.02629	0.00542	0.00733	0.01329	0.00669	0.11147
2	0.01207	0.00828	0.01003	0.01096	0.01119	0.00805	0.00670	0.01276	0.01484	0.01979	0.03758	0.33468	0.04437	0.39329	0.03037	0.00643	0.00713	0.01853	0.00670	0.00624
3	0.01226	0.00880	0.01135	0.01294	0.01385	0.00847	0.00882	0.04706	0.01860	0.02481	0.04767	0.64098	0.05658	0.02701	0.01127	0.00358	0.00546	0.02441	0.00834	0.00773
4	0.02214	0.02126	0.03631	0.05491	0.62978	0.02126	0.02746	0.02746	0.02037	0.02923	0.01683	0.02214	0.01417	0.00797	0.00886	0.00266	0.01063	0.00797	0.00443	0.01417
5	0.01128	0.00830	0.01009	0.01118	0.01228	0.00763	0.00751	0.01291	0.01771	0.02307	0.09179	0.40696	0.18341	0.13294	0.01671	0.00426	0.00555	0.02136	0.00794	0.00711
6	0.01083	0.00807	0.01009	0.01170	0.01278	0.00733	0.00797	0.01254	0.01786	0.02314	0.05856	0.54682	0.18613	0.02683	0.01123	0.00350	0.00504	0.02397	0.00831	0.00733
7	0.01120	0.00802	0.01065	0.01225	0.01304	0.00747	0.00833	0.01321	0.01852	0.02504	0.14676	0.57601	0.06344	0.02638	0.01127	0.00349	0.00503	0.02387	0.00857	0.00747
8	0.01114	0.00853	0.00967	0.01042	0.01198	0.00765	0.00709	0.01273	0.01786	0.02244	0.06419	0.29687	0.31145	0.14587	0.01728	0.00428	0.00553	0.02019	0.00778	0.00706
9	0.08002	0.01176	0.01402	0.01265	0.01679	0.01074	0.01021	0.02447	0.02220	0.21080	0.13079	0.06319	0.24514	0.01774	0.00994	0.00305	0.00612	0.09103	0.00910	0.01024
10	0.02254	0.01135	0.01500	0.01283	0.01674	0.01010	0.01006	0.02637	0.02516	0.25339	0.38130	0.05466	0.09153	0.01591	0.00999	0.00281	0.00547	0.01372	0.01021	0.01086
11	0.01142	0.00899	0.00963	0.00953	0.01175	0.00793	0.00672	0.01345	0.01944	0.02430	0.15258	0.07719	0.41626	0.17048	0.01840	0.00426	0.00541	0.01718	0.00788	0.00720
12	0.02782	0.01637	0.01909	0.01587	0.02130	0.01655	0.01268	0.13780	0.16279	0.24473	0.07171	0.06768	0.11760	0.01409	0.00943	0.00289	0.00716	0.01164	0.00964	0.01314
13	0.01541	0.01162	0.01315	0.01275	0.01580	0.01153	0.00952	0.02352	0.16644	0.06189	0.14099	0.20032	0.24237	0.02003	0.01031	0.00312	0.00543	0.01728	0.00887	0.00965
14	0.02112	0.02413	0.05279	0.03771	0.04676	0.02262	0.59729	0.02866	0.02112	0.02866	0.01810	0.02413	0.01357	0.00754	0.01056	0.00302	0.01508	0.01056	0.00452	0.01207
15	0.01851	0.04138	0.51529	0.02718	0.03898	0.02145	0.11552	0.02797	0.01890	0.02797	0.01609	0.01970	0.01169	0.00880	0.01008	0.00293	0.05358	0.00727	0.00390	0.01284
16	0.27960	0.01191	0.01117	0.01075	0.01392	0.01236	0.00802	0.01830	0.01792	0.03058	0.12598	0.10475	0.19445	0.10855	0.01363	0.00373	0.00598	0.01315	0.00712	0.00814
17	0.01374	0.00974	0.01229	0.01328	0.01462	0.00956	0.00937	0.07357	0.01964	0.02606	0.04585	0.51895	0.07509	0.02607	0.01271	0.05183	0.00595	0.04569	0.00808	0.00792
18	0.01111	0.00788	0.01032	0.01218	0.01265	0.00741	0.00801	0.01251	0.01671	0.02228	0.04717	0.61687	0.05647	0.09459	0.01487	0.00414	0.00554	0.02418	0.00801	0.00708
19	0.03401	0.02506	0.02685	0.02058	0.02774	0.02774	0.01700	0.59995	0.04206	0.05638	0.02148	0.02148	0.01521	0.01074	0.00895	0.00268	0.00984	0.00805	0.00895	0.01521
20	0.01914	0.01241	0.01632	0.06673	0.01970	0.01338	0.01148	0.14478	0.01971	0.02636	0.02092	0.09415	0.02013	0.02653	0.06080	0.39537	0.00926	0.00980	0.00554	0.00751
21	0.02635	0.02931	0.03325	0.02630	0.03246	0.26364	0.22672	0.06959	0.07186	0.02906	0.01930	0.02257	0.01497	0.00907	0.00893	0.00262	0.01337	0.00828	0.08095	0.01140
22	0.01070	0.00858	0.00957	0.01036	0.01242	0.00744	0.00737	0.01269	0.01915	0.02366	0.07489	0.31218	0.41022	0.02470	0.01090	0.00325	0.00478	0.02138	0.00831	0.00744
23	0.02247	0.01943	0.01852	0.01827	0.02180	0.15555	0.01510	0.06184	0.06229	0.07752	0.03658	0.06694	0.03636	0.01846	0.01070	0.00344	0.00998	0.32691	0.00776	0.01010
24	0.01870	0.01401	0.01538	0.01422	0.01813	0.01454	0.01087	0.06375	0.23724	0.08027	0.05522	0.15895	0.22625	0.01808	0.00996	0.00309	0.00614	0.01534	0.00886	0.01100
25	0.03364	0.03594	0.02592	0.02211	0.02769	0.41282	0.01718	0.25060	0.03172	0.03503	0.01674	0.01817	0.01293	0.00980	0.00840	0.00245	0.01374	0.00664	0.00626	0.01222
26	0.02243	0.01958	0.03294	0.18747	0.45406	0.02029	0.02572	0.02774	0.02024	0.07694	0.01812	0.02320	0.01432	0.00844	0.00889	0.00274	0.01067	0.00805	0.00487	0.01331
27	0.01292	0.01046	0.01180	0.01224	0.01506	0.00994	0.00966	0.01829	0.09004	0.02626	0.07027	0.13160	0.36848	0.02236	0.01091	0.00334	0.00580	0.15372	0.00838	0.00848
28	0.01219	0.00850	0.01072	0.01165	0.01225	0.00831	0.00772	0.01360	0.01626	0.02188	0.08622	0.31652	0.04839	0.28753	0.05702	0.00612	0.00762	0.05365	0.00711	0.00673
29	0.01347	0.00923	0.01203	0.01231	0.01423	0.00830	0.00876	0.01615	0.02024	0.05664	0.22786	0.40166	0.06167	0.02241	0.01064	0.00315	0.00512	0.02010	0.00868	0.06737
30	0.01337	0.00911	0.01166	0.01234	0.01348	0.00882	0.00852	0.04874	0.01860	0.02485	0.10462	0.39557	0.08657	0.05854	0.01679	0.12828	0.00594	0.01937	0.00762	0.00723
31	0.01164	0.00855	0.01074	0.01184	0.01317	0.00792	0.00843	0.01386	0.01900	0.02505	0.14410	0.37041	0.16168	0.07847	0.01399	0.00385	0.00551	0.07604	0.00830	0.00745
32	0.01131	0.00870	0.01034	0.01075	0.01274	0.00774	0.00775	0.01396	0.02091	0.02734	0.24114	0.25891	0.29032	0.02294	0.01082	0.00314	0.00464	0.02003	0.00878	0.00774
33	0.02392	0.69097	0.04688	0.01531	0.02296	0.03540	0.01531	0.02679	0.01818	0.02105	0.01244	0.01435	0.01148	0.00765	0.00574	0.00191	0.00957	0.00478	0.00383	0.01148
34	0.06913	0.01513	0.01686	0.01395	0.01911	0.01483	0.01121	0.16856	0.02705	0.18883	0.07932	0.05056	0.25738	0.01566	0.00946	0.00285	0.00677	0.01268	0.00907	0.01159
35	0.28119	0.01368	0.01294	0.01251	0.01639	0.01472	0.00977	0.02390	0.11849	0.03220	0.04478	0.13274	0.18853	0.01651	0.00872	0.00308	0.00615	0.04683	0.00743	0.00945
36	0.01110	0.00796	0.01023	0.01195	0.01258	0.00743	0.00791	0.01254	0.01692	0.02236	0.04983	0.57642	0.09361	0.09582	0.01490	0.00412	0.00551	0.02372	0.00801	0.00709
37	0.01156	0.00888	0.01068	0.01193	0.01341	0.00833	0.00829	0.01486	0.05714	0.02415	0.05945	0.47945	0.20787	0.02556	0.01104	0.00343	0.00514	0.02269	0.00836	0.00780
38	0.01530	0.01163	0.01267	0.01212	0.01542	0.01124	0.00925	0.04883	0.11059	0.05656	0.06705	0.11989	0.36351	0.05503	0.01220	0.00341	0.00583	0.05184	0.00844	0.00920
39	0.01443	0.01056	0.01156	0.01118	0.01396	0.01041	0.00841	0.02144	0.12139	0.03115	0.19134	0.09861	0.22561	0.01745	0.00941	0.00280	0.00485	0.01482	0.17158	0.00904
40	0.01161	0.00832	0.00993	0.01090	0.01166	0.00783	0.00700	0.01272	0.01618	0.02107	0.04863	0.35344	0.14545	0.26617	0.02368	0.00536	0.00635	0.01981	0.00726	0.00664
41	0.02028	0.01466	0.01669	0.01523	0.01888	0.01535	0.01159	0.16740	0.12546	0.06828	0.07758	0.27264	0.10088	0.01896	0.01014	0.00314	0.00668	0.01637	0.00884	0.01096
42	0.01278	0.00959	0.01438	0.01438	0.01598	0.01118	0.01118	0.01598	0.01438	0.02077	0.02396	0.03515	0.02237	0.06710	0.65013	0.01438	0.02396	0.00959	0.00479	0.00799
43	0.01206	0.00833	0.01029	0.01121	0.01153	0.00819	0.00702	0.01293	0.01492	0.01998	0.03735	0.33339	0.04381	0.35932	0.06358	0.00675	0.00797	0.01834	0.00667	0.00638
44	0.01461	0.01373	0.02580	0.02164	0.02526	0.01285	0.22242	0.01835	0.01858	0.02495	0.03796	0.44141	0.04260	0.02058	0.01111	0.00341	0.00879	0.02003	0.00693	0.00901
45	0.01207	0.00913	0.01072	0.01093	0.01296	0.00834	0.00812	0.01467	0.02027	0.02628	0.20756	0.10616	0.28168	0.13429	0.01677	0.00411	0.00570	0.09453	0.00820	0.00750
46	0.01798	0.01648	0.02683	0.62311	0.05946	0.02038	0.02435	0.05960	0.01943	0.02499	0.01626	0.02370	0.01214	0.00906	0.00894	0.00296	0.01179	0.00796	0.00429	0.01027
47	0.03306	0.02459	0.02631	0.02039	0.02738	0.02730	0.01677	0.55522	0.08834	0.05485	0.02269	0.02244	0.01619	0.01085	0.00896	0.00271	0.00962	0.00822	0.00896	0.01513
48	0.02042	0.01330	0.05340	0.01270	0.01732	0.01029	0.01077	0.02403	0.02306	0.21074	0.19942	0.06044	0.27397	0.01722	0.00996	0.00288	0.00593	0.01448	0.00922	0.01043
49	0.03342	0.04264	0.02535	0.02305	0.02766	0.64967	0.01729	0.03572	0.02535	0.02190	0.01383	0.01613	0.01152	0.00922	0.00807	0.00230	0.01613	0.00576	0.00461	0.01037
50	0.03350	0.04030	0.02555	0.02272	0.02767	0.56691	0.01725	0.11080	0.02758	0.02648	0.01485	0.01684	0.01202	0.00942	0.00818	0.00236	0.01530	0.00607	0.00519	0.01102
51	0.01558	0.01300	0.01418	0.01385	0.01743	0.01344	0.01098	0.02658	0.23609	0.02950	0.06236	0.06987	0.29467	0.01924	0.01039	0.00324	0.00619	0.12472	0.00858	0.01009
52	0.02058	0.02254	0.04393	0.03275	0.03864	0.02429	0.39569	0.02617	0.01853	0.02617	0.01588	0.02254	0.01294	0.01037	0.01712	0.00333	0.24335	0.00961	0.00431	0.01127
53	0.01348	0.00989	0.01318	0.01490	0.01699	0.00959	0.01263	0.01708	0.02028	0.02601	0.05485	0.14528	0.14937	0.02463	0.01198	0.00389	0.00736	0.43230	0.00826	0.00804
54	0.01278	0.00959	0.01438	0.01438	0.01598	0.01118	0.01118	0.01598	0.01438	0.02077	0.02396	0.03515	0.02237	0.06710	0.65013	0.01438	0.02396	0.00959	0.00479	0.00799
55	0.01395	0.01123	0.01290	0.01331	0.01632	0.01104	0.01081	0.02078	0.12087	0.02736	0.06573	0.08256	0.31588	0.02162	0.01097	0.00342	0.00631	0.21759	0.00842	0.00892
56	0.01057	0.00906	0.00906	0.00906	0.01208	0.00755	0.00680	0.01284	0.02039	0.02417	0.09063	0.08610	0.62615	0.02266	0.01057	0.00302	0.00453	0.01888	0.00831	0.00755
57	0.01279	0.00954	0.01413	0.01413	0.01564	0.01105	0.01087	0.01581	0.01430	0.02058	0.02419	0.03642	0.02292	0.10083	0.61716	0.01407	0.02313	0.00977	0.00483	0.00785
58	0.01135	0.00909	0.01014	0.00988	0.01256	0.00788	0.00741	0.01434	0.02222	0.02851	0.28871	0.07896	0.42536	0.02104	0.01057	0.00294	0.00442	0.01788	0.00888	0.00788
59	0.01278	0.00959	0.01438	0.01438	0.01598	0.01118	0.01118	0.01598	0.01438	0.02077	0.02396	0.03515	0.02237	0.06710	0.65013	0.01438	0.02396	0.00959	0.00479	0.00799
60	0.03401	0.02506	0.02685	0.02058	0.02774	0.02774	0.01700	0.59995	0.04206	0.05638	0.02148	0.02148	0.01521	0.01074	0.00895	0.00268	0.00984	0.00805	0.00895	0.01521
61	0.01110	0.00908	0.00980	0.00962	0.01241	0.00778	0.00721	0.01386	0.02164	0.02714	0.22610	0.08121	0.48883	0.02155	0.01057	0.00297	0.00445	0.01820	0.00870	0.00778
62	0.01266	0.00914	0.01196	0.01126	0.01337	0.00844	0.00844	0.01688	0.02532	0.03588	0.62506	0.06683	0.08441	0.01829	0.01055	0.00281	0.00422	0.01618	0.00985	0.00844
63	0.02762	0.01802	0.02039	0.01752	0.02314	0.01952	0.01386	0.04636	0.43729	0.21691	0.03608	0.03250	0.02576	0.01182	0.00907	0.00295	0.00724	0.00978	0.00969	0.01448
64	0.02214	0.02126	0.03631	0.05491	0.62978	0.02126	0.02746	0.02746	0.02037	0.02923	0.01683	0.02214	0.01417	0.00797	0.00886	0.00266	0.01063	0.00797	0.00443	0.01417
65	0.01105	0.00914	0.00972	0.00972	0.01258	0.00781	0.00740	0.01367	0.02107	0.02588	0.16068	0.08423	0.52464	0.02217	0.01066	0.00305	0.00467	0.04567	0.00851	0.00771
66	0.02302	0.01960	0.02066	0.01836	0.02356	0.02261	0.01435	0.08379	0.57611	0.03867	0.03543	0.03260	0.02652	0.01205	0.00909	0.00301	0.00726	0.00998	0.00909	0.01423
67	0.01276	0.00918	0.01077	0.01066	0.01317	0.00806	0.00788	0.01557	0.02162	0.05840	0.24565	0.17768	0.33284	0.02163	0.01063	0.00305	0.00470	0.01866	0.00892	0.00817
68	0.01057	0.00906	0.00906	0.00906	0.01208	0.00755	0.00680	0.01284	0.02039	0.02417	0.09063	0.08610	0.62615	0.02266	0.01057	0.00302	0.00453	0.01888	0.00831	0.00755
69	0.01286	0.00927	0.01278	0.01278	0.01382	0.01031	0.00918	0.01495	0.01390	0.01958	0.02543	0.04326	0.02589	0.28167	0.44038	0.01240	0.01866	0.01077	0.00501	0.00710
70	0.01293	0.00901	0.01144	0.01144	0.01202	0.00959	0.00752	0.01409	0.01351	0.01859	0.02665	0.05004	0.02883	0.46074	0.26533	0.01075	0.01423	0.01177	0.00519	0.00635
71	0.01345	0.00919	0.01146	0.01129	0.01355	0.00826	0.00831	0.01657	0.02234	0.06685	0.33382	0.20641	0.20296	0.02106	0.01066	0.00304	0.00472	0.01845	0.00921	0.00838
72	0.03401	0.02506	0.02685	0.02058	0.02774	0.02774	0.01700	0.59995	0.04206	0.05638	0.02148	0.02148	0.01521	0.01074	0.00895	0.00268	0.00984	0.00805	0.00895	0.01521
73	0.01210	0.00829	0.01003	0.01092	0.01114	0.00807	0.00666	0.01277	0.01478	0.01970	0.03725	0.32514	0.04396	0.40339	0.03089	0.00651	0.00718	0.01834	0.00666	0.00621
74	0.01855	0.01590	0.01855	0.01325	0.02120	0.01193	0.01060	0.02253	0.01855	0.02915	0.01590	0.01855	0.01325	0.00663	0.00663	0.00133	0.00663	0.00530	0.00530	0.74028
75	0.02034	0.02029	0.03716	0.23373	0.32886	0.02115	0.15427	0.02635	0.01979	0.02719	0.01684	0.02310	0.01336	0.00817	0.00926	0.00283	0.01201	0.00854	0.00431	0.01243
76	0.02030	0.01141	0.01588	0.01457	0.01770	0.01207	0.01151	0.02477	0.04865	0.17487	0.02775	0.03378	0.02261	0.04674	0.41689	0.01013	0.01777	0.00939	0.05308	0.01013
77	0.01069	0.00860	0.00954	0.01030	0.01241	0.00745	0.00735	0.01270	0.01921	0.02368	0.07561	0.30191	0.42003	0.02461	0.01088	0.00324	0.00477	0.02126	0.00831	0.00745
78	0.01496	0.01292	0.01307	0.01297	0.01620	0.04947	0.01037	0.05214	0.05411	0.02731	0.06794	0.07893	0.37421	0.02109	0.01070	0.00324	0.00663	0.15688	0.00815	0.00871
79	0.06974	0.07282	0.02552	0.05126	0.02767	0.38719	0.01653	0.15078	0.02727	0.03020	0.01924	0.02095	0.04320	0.01006	0.00815	0.00245	0.01315	0.00690	0.00568	0.01125
80	0.02228	0.02525	0.09537	0.03338	0.21613	0.08474	0.07770	0.05429	0.10350	0.02917	0.02043	0.05680	0.01741	0.01102	0.01217	0.00297	0.11050	0.00905	0.00536	0.01251
81	0.02376	0.02499	0.02928	0.03409	0.24374	0.15536	0.02125	0.02999	0.09535	0.02643	0.01718	0.02155	0.01457	0.01107	0.01487	0.00301	0.20882	0.00774	0.00491	0.01206
82	0.09446	0.06096	0.19026	0.02431	0.10373	0.05408	0.04401	0.02476	0.01884	0.02830	0.06759	0.08663	0.02235	0.01176	0.01089	0.00285	0.08564	0.00928	0.00516	0.05415
83	0.05904	0.04028	0.46975	0.02959	0.13684	0.05536	0.02998	0.02848	0.01930	0.02877	0.01587	0.01905	0.01173	0.00844	0.00838	0.00277	0.01260	0.00670	0.00403	0.01303
84	0.02401	0.26241	0.02947	0.01633	0.02174	0.09868	0.01401	0.05440	0.05257	0.08492	0.11562	0.02757	0.02595	0.01414	0.04672	0.00309	0.04613	0.00804	0.00623	0.04797
85	0.16306	0.08303	0.01785	0.01586	0.06830	0.07818	0.01122	0.02067	0.01972	0.02789	0.08328	0.08883	0.25896	0.01578	0.00874	0.00278	0.00721	0.01268	0.00670	0.00925

[dist]
# distance from previous block
# <min> <max>
0	57

[block]
# block no. 1 follows, 19 sequences, length 155
# corresponding to MSA columns:
# 147-301
name=unknown_B
#
# <colnr> <probs for GDERKNQSTAVLIFYWHMCP>
#	G	D	E	R	K	N	Q	S	T	A	V	L	I	F	Y	W	H	M	C	P
0	0.01946	0.01365	0.01569	0.01451	0.01783	0.01411	0.01098	0.12768	0.11878	0.07295	0.04457	0.21297	0.13227	0.05577	0.01370	0.05156	0.00688	0.03817	0.00829	0.01014
1	0.02264	0.01796	0.01953	0.01542	0.02168	0.01763	0.01239	0.22918	0.08781	0.03859	0.03694	0.03643	0.15448	0.01229	0.00860	0.00237	0.00735	0.00986	0.00767	0.24116
2	0.01920	0.13651	0.02472	0.05844	0.02377	0.01914	0.06031	0.11687	0.07255	0.03068	0.06987	0.11522	0.18645	0.01540	0.00930	0.00282	0.00793	0.01306	0.00715	0.01060
3	0.01561	0.01434	0.02581	0.06017	0.02710	0.01569	0.16249	0.02000	0.01627	0.02296	0.02118	0.03063	0.01879	0.04499	0.40726	0.01010	0.06310	0.00962	0.00462	0.00927
4	0.01276	0.00952	0.01339	0.01345	0.01514	0.01013	0.01004	0.01552	0.01569	0.02228	0.06127	0.16754	0.03326	0.09332	0.40835	0.01042	0.01706	0.01311	0.00585	0.05191
5	0.02613	0.35878	0.11347	0.01928	0.02650	0.23154	0.01813	0.03113	0.05654	0.02324	0.01479	0.01665	0.01243	0.00854	0.00705	0.00222	0.01201	0.00565	0.00439	0.01150
6	0.02152	0.02077	0.02322	0.02316	0.09877	0.08966	0.05494	0.03683	0.33801	0.03193	0.03898	0.03795	0.11979	0.01268	0.00929	0.00290	0.00867	0.01081	0.00758	0.01253
7	0.01314	0.00900	0.01144	0.01144	0.01217	0.00961	0.00767	0.01460	0.01387	0.01959	0.02664	0.04814	0.02809	0.40990	0.27388	0.01046	0.01424	0.01143	0.04813	0.00657
8	0.03358	0.02486	0.02371	0.01921	0.02537	0.15059	0.01540	0.27032	0.07073	0.19896	0.05704	0.02595	0.02079	0.01101	0.00888	0.00266	0.01007	0.00840	0.00867	0.01379
9	0.02157	0.10327	0.12801	0.07046	0.10588	0.12608	0.09202	0.02852	0.06838	0.02573	0.01856	0.02312	0.01515	0.01814	0.11222	0.00453	0.01434	0.00778	0.00471	0.01153
10	0.02652	0.02468	0.03260	0.04234	0.40428	0.09437	0.02357	0.17775	0.02660	0.03548	0.01770	0.02129	0.01414	0.00884	0.00879	0.00262	0.01105	0.00774	0.00563	0.01401
11	0.01078	0.00881	0.00953	0.00991	0.01236	0.00755	0.00722	0.01304	0.02006	0.02470	0.11876	0.20703	0.47225	0.02346	0.01075	0.00313	0.00465	0.02005	0.00841	0.00755
12	0.01610	0.01580	0.06087	0.01764	0.01924	0.01695	0.01494	0.01893	0.01677	0.02394	0.09905	0.05071	0.03348	0.16474	0.02565	0.00479	0.26034	0.12560	0.00586	0.00858
13	0.01157	0.00935	0.01111	0.04865	0.01574	0.00854	0.00885	0.01436	0.02049	0.02586	0.15931	0.17643	0.37745	0.02219	0.01073	0.00316	0.00526	0.05485	0.00829	0.00783
14	0.01234	0.00913	0.01151	0.01091	0.01317	0.00830	0.00819	0.01625	0.02456	0.03405	0.54177	0.06983	0.16884	0.01897	0.01056	0.00285	0.00427	0.01660	0.00961	0.00830
15	0.02898	0.02184	0.02349	0.01924	0.02542	0.02442	0.01549	0.31668	0.30226	0.07992	0.02907	0.02741	0.02113	0.01140	0.00902	0.00285	0.00846	0.00905	0.00914	0.01473
16	0.01995	0.01588	0.01748	0.01627	0.05183	0.01630	0.01200	0.20317	0.09114	0.03654	0.08097	0.05574	0.31312	0.01678	0.00981	0.00289	0.00680	0.01381	0.00845	0.01108
17	0.02694	0.01372	0.01606	0.01372	0.01838	0.01371	0.01087	0.03624	0.17352	0.26133	0.03334	0.03227	0.02376	0.01111	0.00802	0.00259	0.00621	0.00904	0.27677	0.01242
18	0.01057	0.00906	0.00906	0.00906	0.01208	0.00755	0.00680	0.01284	0.02039	0.02417	0.09063	0.08610	0.62615	0.02266	0.01057	0.00302	0.00453	0.01888	0.00831	0.00755
19	0.01100	0.00786	0.01047	0.01239	0.01300	0.00733	0.00831	0.01270	0.01757	0.02354	0.08034	0.64671	0.06053	0.02750	0.01137	0.00359	0.00514	0.02493	0.00839	0.00733
20	0.01105	0.00873	0.01000	0.01074	0.01284	0.00768	0.00784	0.01333	0.01969	0.02469	0.11141	0.27714	0.37259	0.02421	0.01095	0.00327	0.00494	0.05294	0.00841	0.00756
21	0.02490	0.01960	0.02116	0.01818	0.02331	0.02193	0.01430	0.25261	0.29914	0.04230	0.03280	0.13333	0.02785	0.01417	0.00942	0.00300	0.00783	0.01181	0.00892	0.01345
22	0.01057	0.00906	0.00906	0.00906	0.01208	0.00755	0.00680	0.01284	0.02039	0.02417	0.09063	0.08610	0.62615	0.02266	0.01057	0.00302	0.00453	0.01888	0.00831	0.00755
23	0.01151	0.00835	0.01086	0.01181	0.01306	0.00771	0.00826	0.01406	0.02027	0.02758	0.25776	0.42195	0.10522	0.02420	0.01105	0.00330	0.00480	0.02170	0.00886	0.00771
24	0.01255	0.00914	0.01181	0.01114	0.01330	0.00839	0.00836	0.01667	0.02507	0.03526	0.59699	0.06784	0.11287	0.01852	0.01055	0.00282	0.00424	0.01632	0.00977	0.00839
25	0.01278	0.00959	0.01438	0.01438	0.01598	0.01118	0.01118	0.01598	0.01438	0.02077	0.02396	0.03515	0.02237	0.06710	0.65013	0.01438	0.02396	0.00959	0.00479	0.00799
26	0.01073	0.00891	0.00939	0.00961	0.01227	0.00757	0.00708	0.01302	0.02026	0.02465	0.11519	0.15865	0.52575	0.02308	0.01068	0.00309	0.00460	0.01954	0.00839	0.00757
27	0.01145	0.00808	0.01052	0.01226	0.01278	0.00767	0.00820	0.01290	0.01667	0.02218	0.04578	0.54555	0.05442	0.13413	0.01699	0.00448	0.00593	0.05517	0.00783	0.00702
28	0.01171	0.00812	0.01014	0.01143	0.01175	0.00780	0.00720	0.01267	0.01556	0.02074	0.04125	0.44276	0.04901	0.27889	0.02443	0.00556	0.00652	0.02069	0.00720	0.00656
29	0.01346	0.00863	0.00958	0.00958	0.00984	0.00863	0.00552	0.01398	0.01372	0.01933	0.02831	0.05542	0.03134	0.60186	0.04066	0.00786	0.00811	0.01243	0.09592	0.00578
30	0.01261	0.00919	0.01299	0.01323	0.01438	0.01023	0.00969	0.01497	0.01442	0.02032	0.02774	0.11441	0.02866	0.18659	0.45501	0.01199	0.01873	0.01211	0.00532	0.00739
31	0.01123	0.00909	0.00998	0.00976	0.01249	0.00783	0.00732	0.01412	0.02195	0.02787	0.25962	0.08001	0.45485	0.02128	0.01057	0.00296	0.00443	0.01803	0.00879	0.00783
32	0.06402	0.01951	0.01947	0.01914	0.06099	0.07097	0.01383	0.03841	0.39576	0.03364	0.04065	0.03865	0.12093	0.01310	0.00903	0.00293	0.00763	0.01073	0.00809	0.01252
33	0.02612	0.42063	0.03825	0.01856	0.02438	0.21166	0.01641	0.02872	0.01969	0.02135	0.01275	0.01551	0.01153	0.00910	0.00934	0.00227	0.09326	0.00544	0.00406	0.01095
34	0.01435	0.00986	0.01146	0.01105	0.01172	0.01024	0.00691	0.05164	0.01508	0.02033	0.02721	0.05315	0.03010	0.56282	0.12017	0.00901	0.01070	0.01225	0.00557	0.00639
35	0.02565	0.23542	0.02995	0.01797	0.02353	0.14417	0.01516	0.15941	0.05899	0.03024	0.01856	0.02172	0.01551	0.02116	0.13982	0.00480	0.01369	0.00702	0.00566	0.01157
36	0.01117	0.00819	0.01001	0.01132	0.01227	0.00755	0.00753	0.01263	0.01713	0.02222	0.05440	0.45707	0.17162	0.13322	0.01676	0.00432	0.00562	0.02208	0.00784	0.00703
37	0.01090	0.00779	0.01038	0.01246	0.01298	0.00727	0.00830	0.01246	0.01713	0.02284	0.04931	0.67975	0.05917	0.02803	0.01142	0.00363	0.00519	0.02543	0.00830	0.00727
38	0.02912	0.03448	0.02953	0.03520	0.25737	0.40993	0.02117	0.03257	0.02345	0.02469	0.01497	0.01843	0.01253	0.00874	0.00837	0.00244	0.01403	0.00660	0.00454	0.01182
39	0.01137	0.00909	0.01017	0.00990	0.01257	0.00789	0.00742	0.01438	0.02227	0.02863	0.29452	0.07875	0.41947	0.02099	0.01057	0.00294	0.00441	0.01785	0.00890	0.00789
40	0.01873	0.01841	0.02722	0.22604	0.03554	0.02502	0.02124	0.02195	0.01503	0.02195	0.01306	0.02093	0.01180	0.01354	0.02290	0.00362	0.46138	0.00787	0.00393	0.00983
41	0.02038	0.01935	0.02041	0.02349	0.14392	0.11821	0.01424	0.02829	0.16746	0.02590	0.02687	0.07539	0.02565	0.22803	0.02072	0.00469	0.00967	0.01082	0.00618	0.01033
42	0.01057	0.00906	0.00906	0.00906	0.01208	0.00755	0.00680	0.01284	0.02039	0.02417	0.09063	0.08610	0.62615	0.02266	0.01057	0.00302	0.00453	0.01888	0.00831	0.00755
43	0.03365	0.03575	0.02594	0.02208	0.02769	0.40608	0.01718	0.25671	0.03190	0.03540	0.01683	0.01823	0.01297	0.00981	0.00841	0.00245	0.01367	0.00666	0.00631	0.01227
44	0.01593	0.01534	0.01367	0.01369	0.01635	0.11313	0.00999	0.02093	0.09395	0.02564	0.08676	0.26169	0.23759	0.02070	0.01026	0.00310	0.00692	0.01767	0.00789	0.00878
45	0.01794	0.04628	0.63923	0.02550	0.03872	0.02078	0.03305	0.02833	0.01889	0.02833	0.01606	0.01889	0.01133	0.00850	0.00850	0.00283	0.01322	0.00661	0.00378	0.01322
46	0.02208	0.02515	0.01988	0.01825	0.02125	0.27672	0.01422	0.02441	0.02107	0.02284	0.04009	0.04443	0.21135	0.01580	0.01352	0.00298	0.14642	0.04444	0.00587	0.00922
47	0.01593	0.01040	0.01177	0.01100	0.01349	0.00966	0.00780	0.04898	0.01989	0.08932	0.08966	0.10554	0.27178	0.23048	0.02143	0.00479	0.00649	0.01564	0.00781	0.00815
48	0.01165	0.00833	0.00993	0.01088	0.01160	0.00785	0.00696	0.01273	0.01608	0.02096	0.04793	0.34679	0.14066	0.27802	0.02430	0.00546	0.00641	0.01963	0.00721	0.00661
49	0.01441	0.00855	0.00922	0.00922	0.01001	0.00855	0.00574	0.01600	0.01520	0.02345	0.02857	0.04894	0.02887	0.42801	0.03055	0.00616	0.00696	0.01123	0.28385	0.00653
50	0.01371	0.00946	0.01107	0.01132	0.01195	0.00947	0.00709	0.05116	0.01621	0.02163	0.03443	0.25255	0.03982	0.43360	0.03236	0.00669	0.00765	0.01661	0.00656	0.00664
51	0.01114	0.00816	0.01047	0.01184	0.01293	0.00749	0.00814	0.01322	0.01886	0.02511	0.14751	0.50705	0.13356	0.02579	0.01117	0.00342	0.00495	0.02312	0.00855	0.00749
52	0.01057	0.00906	0.00906	0.00906	0.01208	0.00755	0.00680	0.01284	0.02039	0.02417	0.09063	0.08610	0.62615	0.02266	0.01057	0.00302	0.00453	0.01888	0.00831	0.00755
53	0.01057	0.00906	0.00906	0.00906	0.01208	0.00755	0.00680	0.01284	0.02039	0.02417	0.09063	0.08610	0.62615	0.02266	0.01057	0.00302	0.00453	0.01888	0.00831	0.00755
54	0.02079	0.01738	0.01867	0.01670	0.02130	0.01952	0.01299	0.07663	0.44658	0.03764	0.13376	0.04109	0.07069	0.01365	0.00941	0.00298	0.00665	0.01147	0.00917	0.01292
55	0.01982	0.02031	0.03151	0.02579	0.02725	0.02663	0.11296	0.02268	0.01490	0.02268	0.01277	0.02031	0.01204	0.01435	0.02632	0.00377	0.56347	0.00827	0.00401	0.01016
56	0.01266	0.00914	0.01196	0.01126	0.01337	0.00844	0.00844	0.01688	0.02532	0.03588	0.62506	0.06683	0.08441	0.01829	0.01055	0.00281	0.00422	0.01618	0.00985	0.00844
57	0.03244	0.02358	0.02545	0.01995	0.02676	0.02607	0.01634	0.48066	0.13357	0.08456	0.02464	0.02389	0.01754	0.01098	0.00898	0.00275	0.00928	0.00844	0.00909	0.01504
58	0.01057	0.00906	0.00906	0.00906	0.01208	0.00755	0.00680	0.01284	0.02039	0.02417	0.09063	0.08610	0.62615	0.02266	0.01057	0.00302	0.00453	0.01888	0.00831	0.00755
59	0.02392	0.69097	0.04688	0.01531	0.02296	0.03540	0.01531	0.02679	0.01818	0.02105	0.01244	0.01435	0.01148	0.00765	0.00574	0.00191	0.00957	0.00478	0.00383	0.01148
60	0.01211	0.00852	0.00979	0.01029	0.01091	0.00816	0.00633	0.01285	0.01519	0.01977	0.04335	0.21190	0.13488	0.42080	0.03171	0.00655	0.00717	0.01694	0.00658	0.00621
61	0.01111	0.00892	0.01001	0.01073	0.01307	0.00782	0.00806	0.01344	0.01967	0.02418	0.07595	0.22378	0.42705	0.02414	0.01098	0.00329	0.00513	0.08680	0.00830	0.00757
62	0.02392	0.69097	0.04688	0.01531	0.02296	0.03540	0.01531	0.02679	0.01818	0.02105	0.01244	0.01435	0.01148	0.00765	0.00574	0.00191	0.00957	0.00478	0.00383	0.01148
63	0.01094	0.00914	0.00957	0.00965	0.01255	0.00777	0.00735	0.01345	0.02074	0.02512	0.12474	0.08564	0.55548	0.02248	0.01068	0.00307	0.00473	0.05083	0.00841	0.00765
64	0.03430	0.02459	0.02656	0.02036	0.02751	0.02704	0.01682	0.57324	0.04127	0.08421	0.02214	0.02191	0.01555	0.01076	0.00895	0.00269	0.00974	0.00810	0.00905	0.01522
65	0.02266	0.28765	0.11514	0.02293	0.03005	0.10171	0.13783	0.02727	0.01904	0.02366	0.01477	0.01883	0.01252	0.01201	0.04487	0.00319	0.08354	0.00690	0.00412	0.01131
66	0.01301	0.00867	0.00976	0.00976	0.00976	0.00867	0.00542	0.01301	0.01301	0.01735	0.02819	0.05855	0.03253	0.68559	0.04554	0.00867	0.00867	0.01301	0.00542	0.00542
67	0.01301	0.00867	0.00976	0.00976	0.00976	0.00867	0.00542	0.01301	0.01301	0.01735	0.02819	0.05855	0.03253	0.68559	0.04554	0.00867	0.00867	0.01301	0.00542	0.00542
68	0.01523	0.01000	0.01256	0.01218	0.01397	0.01091	0.00908	0.05211	0.01707	0.02594	0.02608	0.03800	0.02392	0.15825	0.31721	0.00910	0.01466	0.00975	0.21593	0.00807
69	0.02924	0.02069	0.02208	0.01746	0.02316	0.02267	0.01413	0.44758	0.03560	0.04938	0.02344	0.02612	0.01782	0.05142	0.01061	0.00293	0.00863	0.00841	0.15539	0.01323
70	0.02684	0.01927	0.02112	0.01689	0.02250	0.02046	0.01369	0.37813	0.03488	0.07545	0.13584	0.04019	0.12742	0.01399	0.00949	0.00277	0.00791	0.01125	0.00910	0.01281
71	0.01843	0.01848	0.01889	0.01776	0.01976	0.15464	0.01388	0.02123	0.01669	0.02114	0.01976	0.02845	0.01827	0.04605	0.40861	0.01003	0.12606	0.00846	0.00461	0.00880
72	0.01691	0.01187	0.01340	0.01253	0.01411	0.01232	0.00838	0.13377	0.01982	0.02649	0.03104	0.17547	0.03430	0.41477	0.03116	0.00643	0.00822	0.01448	0.00673	0.00781
73	0.01872	0.01868	0.02082	0.01895	0.02032	0.12042	0.01500	0.02109	0.01580	0.02102	0.01794	0.02766	0.01722	0.07842	0.27011	0.00806	0.26787	0.00852	0.00447	0.00889
74	0.01301	0.00867	0.00976	0.00976	0.00976	0.00867	0.00542	0.01301	0.01301	0.01735	0.02819	0.05855	0.03253	0.68559	0.04554	0.00867	0.00867	0.01301	0.00542	0.00542
75	0.01247	0.00855	0.01034	0.01080	0.01114	0.00850	0.00666	0.01328	0.01472	0.01985	0.06386	0.20540	0.04087	0.45192	0.07704	0.00756	0.00866	0.01590	0.00629	0.00619
76	0.01090	0.00779	0.01038	0.01246	0.01298	0.00727	0.00830	0.01246	0.01713	0.02284	0.04931	0.67975	0.05917	0.02803	0.01142	0.00363	0.00519	0.02543	0.00830	0.00727
77	0.01322	0.01024	0.01523	0.01497	0.01647	0.01224	0.01173	0.01634	0.01433	0.02082	0.02317	0.03413	0.02167	0.06375	0.60968	0.01370	0.06601	0.00947	0.00474	0.00811
78	0.01502	0.01287	0.01866	0.01738	0.01845	0.01652	0.01394	0.01780	0.01416	0.02102	0.01994	0.03002	0.01887	0.05018	0.44591	0.01094	0.23624	0.00901	0.00450	0.00858
79	0.01301	0.00867	0.00976	0.00976	0.00976	0.00867	0.00542	0.01301	0.01301	0.01735	0.02819	0.05855	0.03253	0.68559	0.04554	0.00867	0.00867	0.01301	0.00542	0.00542
80	0.01690	0.01590	0.02683	0.66408	0.06162	0.01988	0.02485	0.02286	0.01789	0.02286	0.01590	0.02385	0.01193	0.00894	0.00894	0.00298	0.01193	0.00795	0.00398	0.00994
81	0.01146	0.00830	0.01083	0.01188	0.01306	0.00767	0.00827	0.01393	0.02000	0.02720	0.24089	0.44693	0.09726	0.02454	0.01109	0.00333	0.00484	0.02204	0.00881	0.00767
82	0.01839	0.01663	0.02683	0.03811	0.39453	0.01631	0.02009	0.02316	0.02194	0.03100	0.21397	0.04045	0.07635	0.01219	0.00951	0.00273	0.00820	0.01128	0.00640	0.01193
83	0.09860	0.16825	0.25279	0.02507	0.03434	0.02464	0.17733	0.02744	0.01861	0.02774	0.01519	0.01894	0.01182	0.00852	0.00953	0.00276	0.05513	0.00718	0.00419	0.01195
84	0.01794	0.04628	0.63923	0.02550	0.03872	0.02078	0.03305	0.02833	0.01889	0.02833	0.01606	0.01889	0.01133	0.00850	0.00850	0.00283	0.01322	0.00661	0.00378	0.01322
85	0.01280	0.00973	0.01168	0.01205	0.01399	0.00948	0.00870	0.05346	0.01923	0.02492	0.05571	0.29830	0.23572	0.06975	0.11621	0.00540	0.00853	0.01879	0.00761	0.00791
86	0.02789	0.02354	0.02265	0.01893	0.02413	0.12545	0.01511	0.32025	0.07165	0.04097	0.02215	0.02481	0.01729	0.02200	0.13873	0.00499	0.01326	0.00814	0.04555	0.01252
87	0.01098	0.00830	0.01015	0.01133	0.01275	0.00747	0.00787	0.01301	0.01891	0.02453	0.11909	0.44297	0.22931	0.02547	0.01108	0.00337	0.00490	0.02257	0.00846	0.00747
88	0.01286	0.00874	0.00997	0.00997	0.01022	0.00875	0.00581	0.01316	0.01349	0.01791	0.03141	0.05880	0.06481	0.61534	0.07643	0.00867	0.00927	0.01315	0.00555	0.00568
89	0.02353	0.02194	0.02931	0.03779	0.34046	0.05691	0.02145	0.06975	0.23667	0.03343	0.02403	0.02584	0.01884	0.00972	0.00891	0.00278	0.00960	0.00863	0.00640	0.01402
90	0.02528	0.29734	0.11170	0.08989	0.03184	0.22546	0.05076	0.02949	0.02066	0.02283	0.01401	0.01703	0.01164	0.00839	0.00742	0.00233	0.01265	0.00597	0.00412	0.01121
91	0.02001	0.01788	0.01942	0.01824	0.06056	0.05349	0.01298	0.03199	0.25553	0.03071	0.02826	0.09771	0.02478	0.04822	0.01047	0.00280	0.00758	0.01000	0.00705	0.24232
92	0.02453	0.27654	0.03461	0.02343	0.09895	0.14653	0.01779	0.05666	0.02050	0.02493	0.04575	0.01986	0.01590	0.01036	0.01185	0.00258	0.14652	0.00676	0.00465	0.01129
93	0.01306	0.00998	0.01173	0.01243	0.01435	0.00962	0.00883	0.05488	0.05452	0.02635	0.05786	0.43589	0.20808	0.02446	0.01089	0.00337	0.00544	0.02157	0.00840	0.00829
94	0.01287	0.00862	0.00980	0.00993	0.00997	0.00858	0.00561	0.01297	0.01328	0.01770	0.02957	0.09903	0.03426	0.64274	0.04331	0.00835	0.00845	0.01382	0.00561	0.00554
95	0.01991	0.01268	0.01554	0.01425	0.01740	0.01257	0.01076	0.13867	0.02561	0.11239	0.20013	0.29189	0.05229	0.01960	0.01036	0.00310	0.00619	0.01719	0.00922	0.01025
96	0.06550	0.24170	0.03243	0.05201	0.05990	0.06840	0.01756	0.02451	0.01667	0.02298	0.01349	0.01874	0.01240	0.01491	0.05912	0.00368	0.25472	0.00664	0.00412	0.01052
97	0.03015	0.01950	0.02498	0.02550	0.14889	0.02023	0.01713	0.14853	0.19546	0.22865	0.02915	0.02785	0.02064	0.01067	0.00899	0.00281	0.00851	0.00892	0.00873	0.01470
98	0.03001	0.02165	0.02332	0.01834	0.02472	0.02339	0.01500	0.44972	0.06148	0.08236	0.03422	0.03308	0.11639	0.01277	0.00923	0.00276	0.00873	0.00997	0.00897	0.01391
99	0.01091	0.00861	0.00988	0.01083	0.01279	0.00759	0.00782	0.01299	0.01909	0.02377	0.07163	0.32632	0.36650	0.02493	0.01101	0.00333	0.00500	0.05121	0.00830	0.00747
100	0.02745	0.39301	0.03715	0.01887	0.02486	0.27981	0.01635	0.03004	0.02078	0.02141	0.01295	0.01537	0.01151	0.00875	0.00806	0.00219	0.05100	0.00535	0.00414	0.01094
101	0.01854	0.01900	0.06642	0.19983	0.22519	0.01922	0.02186	0.02596	0.08423	0.02743	0.05815	0.03026	0.05105	0.01464	0.05437	0.00371	0.05398	0.00926	0.00529	0.01160
102	0.02782	0.03146	0.03197	0.03434	0.21517	0.30809	0.08424	0.07025	0.02382	0.02724	0.01563	0.01943	0.01283	0.00913	0.00989	0.00261	0.05199	0.00725	0.00480	0.01203
103	0.06316	0.10348	0.02685	0.05368	0.12454	0.15017	0.01701	0.11993	0.10388	0.03255	0.06276	0.02775	0.05548	0.01078	0.00841	0.00260	0.01011	0.00846	0.00635	0.01205
104	0.01125	0.00891	0.01011	0.01064	0.01278	0.00773	0.00751	0.01321	0.01862	0.02354	0.06722	0.31139	0.34110	0.06057	0.01263	0.00348	0.00513	0.02039	0.00799	0.04581
105	0.01158	0.00893	0.01044	0.01072	0.01284	0.00798	0.00788	0.01425	0.02080	0.02694	0.22512	0.17804	0.31365	0.06114	0.01285	0.00346	0.00502	0.05212	0.00856	0.00767
106	0.02201	0.15422	0.20315	0.02546	0.03296	0.10533	0.14330	0.02766	0.01898	0.02484	0.01465	0.01894	0.01194	0.00971	0.01266	0.00286	0.14840	0.00725	0.00408	0.01159
107	0.01301	0.00867	0.00976	0.00976	0.00976	0.00867	0.00542	0.01301	0.01301	0.01735	0.02819	0.05855	0.03253	0.68559	0.04554	0.00867	0.00867	0.01301	0.00542	0.00542
108	0.01278	0.00959	0.01438	0.01438	0.01598	0.01118	0.01118	0.01598	0.01438	0.02077	0.02396	0.03515	0.02237	0.06710	0.65013	0.01438	0.02396	0.00959	0.00479	0.00799
109	0.03077	0.02930	0.02517	0.05591	0.02875	0.23122	0.01701	0.28347	0.13795	0.03979	0.02134	0.02199	0.01599	0.01039	0.00869	0.00264	0.01153	0.00766	0.00728	0.01314
110	0.01858	0.01615	0.01440	0.01342	0.01531	0.11447	0.00911	0.08952	0.01946	0.02385	0.03104	0.09976	0.06985	0.39324	0.02975	0.00610	0.00946	0.01264	0.00616	0.00773
111	0.02076	0.01548	0.01621	0.01467	0.01864	0.01734	0.01130	0.07486	0.34723	0.03643	0.03259	0.03371	0.02525	0.04250	0.00982	0.00295	0.00637	0.00951	0.25249	0.01188
112	0.01095	0.00814	0.01022	0.01168	0.01282	0.00741	0.00800	0.01284	0.01836	0.02401	0.09729	0.51548	0.17766	0.02625	0.01119	0.00345	0.00499	0.02345	0.00841	0.00741
113	0.02904	0.03535	0.02600	0.02319	0.02634	0.45291	0.01801	0.03124	0.02167	0.02178	0.01317	0.01722	0.01159	0.01126	0.01480	0.00281	0.22264	0.00642	0.00439	0.01019
114	0.02091	0.01504	0.05560	0.01390	0.01876	0.01277	0.01171	0.06358	0.09094	0.16920	0.11358	0.08800	0.25571	0.01695	0.00985	0.00294	0.00644	0.01419	0.00893	0.01101
115	0.01593	0.01416	0.01590	0.01537	0.01714	0.09101	0.01177	0.01871	0.01576	0.02118	0.02253	0.03372	0.02125	0.10582	0.45656	0.01127	0.05987	0.00924	0.03461	0.00819
116	0.01915	0.03783	0.41550	0.03016	0.04179	0.02148	0.24831	0.02846	0.01974	0.02846	0.01684	0.02089	0.01219	0.00813	0.00929	0.00290	0.01393	0.00812	0.00406	0.01278
117	0.09282	0.01200	0.01361	0.01219	0.01579	0.01171	0.00947	0.05209	0.05581	0.09878	0.31797	0.05761	0.18253	0.01672	0.00971	0.00285	0.00538	0.01408	0.00911	0.00976
118	0.01196	0.00922	0.01104	0.01124	0.01364	0.00830	0.00870	0.01518	0.02200	0.02870	0.27222	0.11624	0.30656	0.02174	0.01090	0.00316	0.00506	0.10732	0.00885	0.00796
119	0.01301	0.00867	0.00976	0.00976	0.00976	0.00867	0.00542	0.01301	0.01301	0.01735	0.02819	0.05855	0.03253	0.68559	0.04554	0.00867	0.00867	0.01301	0.00542	0.00542
120	0.01069	0.00907	0.00922	0.00918	0.01216	0.00760	0.00689	0.01306	0.02066	0.02482	0.12019	0.08503	0.59618	0.02242	0.01057	0.00301	0.00451	0.01873	0.00839	0.00760
121	0.01347	0.01059	0.01243	0.01283	0.01500	0.01060	0.00926	0.02048	0.14190	0.02823	0.14876	0.33925	0.15856	0.02219	0.01065	0.00327	0.00530	0.01958	0.00872	0.00893
122	0.01296	0.00886	0.01069	0.01069	0.01102	0.00918	0.00659	0.01361	0.01329	0.01804	0.02733	0.05380	0.03046	0.56013	0.16818	0.00983	0.01178	0.01232	0.00529	0.00594
123	0.74878	0.01730	0.01315	0.01177	0.01730	0.02007	0.00969	0.02630	0.01523	0.04014	0.01246	0.01453	0.00969	0.00830	0.00554	0.00277	0.00692	0.00484	0.00554	0.00969
124	0.01223	0.00913	0.01136	0.01080	0.01310	0.00826	0.00810	0.01605	0.02431	0.03347	0.51500	0.07080	0.19598	0.01919	0.01056	0.00286	0.00428	0.01674	0.00953	0.00826
125	0.01136	0.00802	0.01039	0.01194	0.01248	0.00757	0.00785	0.01285	0.01702	0.02284	0.08536	0.53731	0.05659	0.13366	0.01687	0.00439	0.00569	0.02279	0.00794	0.00705
126	0.01070	0.00858	0.00957	0.01036	0.01242	0.00744	0.00737	0.01269	0.01915	0.02366	0.07487	0.31258	0.40984	0.02471	0.01090	0.00325	0.00478	0.02138	0.00831	0.00744
127	0.02725	0.01632	0.01785	0.01454	0.01944	0.01716	0.01173	0.26702	0.02950	0.12774	0.02681	0.02796	0.01958	0.01065	0.00777	0.00243	0.00703	0.00831	0.32871	0.01219
128	0.01144	0.00830	0.01079	0.01186	0.01304	0.00766	0.00825	0.01388	0.01993	0.02705	0.23406	0.44717	0.10418	0.02460	0.01109	0.00333	0.00484	0.02208	0.00879	0.00766
129	0.03342	0.04264	0.02535	0.02305	0.02766	0.64967	0.01729	0.03572	0.02535	0.02190	0.01383	0.01613	0.01152	0.00922	0.00807	0.00230	0.01613	0.00576	0.00461	0.01037
130	0.01072	0.00896	0.00933	0.00947	0.01223	0.00758	0.00701	0.01303	0.02039	0.02471	0.11676	0.13431	0.54912	0.02286	0.01064	0.00306	0.00457	0.01928	0.00839	0.00758
131	0.03255	0.01930	0.02216	0.01736	0.02329	0.02005	0.01391	0.32915	0.03216	0.23334	0.02693	0.03031	0.02020	0.11994	0.01488	0.00368	0.00895	0.00915	0.00905	0.01363
132	0.01089	0.00836	0.00998	0.01108	0.01266	0.00745	0.00774	0.01289	0.01891	0.02420	0.10259	0.41333	0.27712	0.02535	0.01104	0.00335	0.00488	0.02233	0.00841	0.00745
133	0.01957	0.01957	0.02740	0.02349	0.02349	0.02740	0.01957	0.02153	0.01370	0.02153	0.01174	0.01957	0.01174	0.01566	0.02936	0.00391	0.66921	0.00783	0.00391	0.00979
134	0.04014	0.01523	0.02076	0.01592	0.02284	0.01315	0.01315	0.04360	0.02561	0.63597	0.03530	0.03045	0.02215	0.01107	0.00900	0.00277	0.00761	0.00900	0.01107	0.01523
135	0.01278	0.00959	0.01438	0.01438	0.01598	0.01118	0.01118	0.01598	0.01438	0.02077	0.02396	0.03515	0.02237	0.06710	0.65013	0.01438	0.02396	0.00959	0.00479	0.00799
136	0.03401	0.02506	0.02685	0.02058	0.02774	0.02774	0.01700	0.59995	0.04206	0.05638	0.02148	0.02148	0.01521	0.01074	0.00895	0.00268	0.00984	0.00805	0.00895	0.01521
137	0.01133	0.00797	0.01025	0.01190	0.01231	0.00756	0.00771	0.01257	0.01628	0.02171	0.04496	0.55182	0.05368	0.16344	0.01844	0.00467	0.00591	0.02288	0.00771	0.00689
138	0.01855	0.01590	0.01855	0.01325	0.02120	0.01193	0.01060	0.02253	0.01855	0.02915	0.01590	0.01855	0.01325	0.00663	0.00663	0.00133	0.00663	0.00530	0.00530	0.74028
139	0.03297	0.03271	0.02573	0.02155	0.02741	0.31150	0.01695	0.30611	0.07175	0.03939	0.01896	0.01981	0.01432	0.01014	0.00856	0.00253	0.01254	0.00714	0.00698	0.01293
140	0.01285	0.00930	0.01292	0.01292	0.01401	0.01039	0.00936	0.01504	0.01395	0.01969	0.02530	0.04255	0.02558	0.26266	0.45896	0.01257	0.01913	0.01067	0.00499	0.00718
141	0.03401	0.02506	0.02685	0.02058	0.02774	0.02774	0.01700	0.59995	0.04206	0.05638	0.02148	0.02148	0.01521	0.01074	0.00895	0.00268	0.00984	0.00805	0.00895	0.01521
142	0.01278	0.00959	0.01438	0.01438	0.01598	0.01118	0.01118	0.01598	0.01438	0.02077	0.02396	0.03515	0.02237	0.06710	0.65013	0.01438	0.02396	0.00959	0.00479	0.00799
143	0.01819	0.04480	0.60375	0.02723	0.07350	0.02081	0.03273	0.02828	0.01898	0.02839	0.01610	0.01908	0.01150	0.00847	0.00852	0.00282	0.01307	0.00669	0.00382	0.01328
144	0.02598	0.02586	0.15019	0.02212	0.06661	0.02218	0.01929	0.21512	0.19674	0.08181	0.02572	0.02570	0.01873	0.01050	0.00874	0.00278	0.00932	0.00842	0.05016	0.01403
145	0.02247	0.02440	0.01956	0.01941	0.06053	0.25192	0.01376	0.02970	0.13736	0.02809	0.13300	0.04245	0.15309	0.01393	0.00924	0.00270	0.00972	0.01113	0.00707	0.01046
146	0.02008	0.01728	0.02477	0.03184	0.28725	0.01738	0.01804	0.09435	0.06079	0.03070	0.03509	0.03761	0.15019	0.01581	0.03775	0.05373	0.00916	0.01047	0.00616	0.04157
147	0.07245	0.02064	0.03328	0.24150	0.14864	0.02236	0.14859	0.14402	0.02383	0.03335	0.01746	0.02248	0.01321	0.00879	0.00905	0.00286	0.01162	0.00834	0.00531	0.01222
148	0.10808	0.01520	0.02240	0.14278	0.22830	0.01597	0.01753	0.02118	0.01814	0.02675	0.05315	0.03467	0.11712	0.01463	0.01288	0.11766	0.00869	0.00968	0.00526	0.00993
149	0.11690	0.01842	0.02545	0.03553	0.34509	0.05430	0.01919	0.02374	0.01931	0.02861	0.02758	0.16037	0.06265	0.01318	0.00901	0.00288	0.00894	0.01173	0.00564	0.01149
150	0.17925	0.01740	0.05429	0.07304	0.09677	0.05607	0.01453	0.02310	0.01862	0.07015	0.06259	0.19390	0.03016	0.05846	0.01122	0.00336	0.00832	0.01242	0.00645	0.00992
151	0.13857	0.05647	0.02139	0.01796	0.06199	0.01853	0.05017	0.17106	0.02429	0.03484	0.03847	0.04190	0.18160	0.08970	0.01291	0.00344	0.00818	0.01100	0.00692	0.01063
152	0.08009	0.06337	0.02349	0.01899	0.04805	0.06114	0.01479	0.07351	0.18322	0.25772	0.02818	0.02665	0.01995	0.01095	0.00969	0.00281	0.04696	0.00836	0.00845	0.01364
153	0.06931	0.02456	0.06213	0.03214	0.25454	0.15862	0.04318	0.02624	0.02144	0.02786	0.06951	0.03360	0.11684	0.01137	0.00891	0.00268	0.01053	0.00963	0.00551	0.01142
154	0.25487	0.07354	0.13665	0.02281	0.10012	0.09029	0.01882	0.14423	0.02326	0.03668	0.01563	0.01783	0.01198	0.00885	0.00746	0.00264	0.01029	0.00630	0.00556	0.01220

[dist]
# distance from previous block
# <min> <max>
11	99

[block]
# block no. 2 follows, 19 sequences, length 6
# corresponding to MSA columns:
