[name]
unknown

[dist]
# distance from previous block
# <min> <max>
0	67

[block]
# block no. 0 follows, 20 sequences, length 6
# corresponding to MSA columns:
# 74-79
name=unknown_A
#
# <colnr> <probs for GDERKNQSTAVLIFYWHMCP>
#	G	D	E	R	K	N	Q	S	T	A	V	L	I	F	Y	W	H	M	C	P
0	0.02155	0.02430	0.07485	0.08837	0.27559	0.11795	0.02297	0.02586	0.01875	0.02492	0.01617	0.02394	0.01434	0.01070	0.01345	0.00294	0.17084	0.03662	0.00433	0.01153
1	0.18919	0.01545	0.02133	0.12870	0.21904	0.01642	0.01672	0.02209	0.01869	0.02987	0.10048	0.07654	0.08785	0.01202	0.00843	0.00278	0.00798	0.01027	0.00579	0.01034
2	0.02466	0.03096	0.11052	0.03833	0.31554	0.23319	0.06678	0.02965	0.02135	0.02596	0.01543	0.01938	0.01256	0.00821	0.00846	0.00252	0.01279	0.00707	0.00430	0.01232
3	0.08739	0.02801	0.02862	0.03100	0.20605	0.26289	0.08091	0.06627	0.02272	0.02796	0.02058	0.02342	0.05756	0.00943	0.00837	0.00253	0.01208	0.00774	0.00504	0.01142
4	0.02550	0.12662	0.03335	0.03756	0.34515	0.23516	0.02174	0.02936	0.02117	0.02495	0.01481	0.01853	0.01257	0.00813	0.00794	0.00237	0.01200	0.00660	0.00429	0.01220
5	0.01710	0.01452	0.01915	0.08681	0.06973	0.01550	0.04108	0.07229	0.15583	0.02865	0.04089	0.11134	0.15435	0.06296	0.06649	0.00424	0.00901	0.01286	0.00695	0.01024

[dist]
# distance from previous block
# <min> <max>
37	128

[block]
# block no. 1 follows, 20 sequences, length 35
# corresponding to MSA columns:
# 247-281
name=unknown_B
#
# <colnr> <probs for GDERKNQSTAVLIFYWHMCP>
#	G	D	E	R	K	N	Q	S	T	A	V	L	I	F	Y	W	H	M	C	P
0	0.02058	0.01832	0.02962	0.02314	0.02856	0.01844	0.21695	0.17003	0.02413	0.03281	0.02718	0.22095	0.02683	0.01442	0.01074	0.00298	0.03956	0.01359	0.00663	0.05455
1	0.02041	0.05240	0.12456	0.03366	0.29552	0.05119	0.02170	0.02769	0.08113	0.02810	0.01966	0.06050	0.01692	0.00928	0.00826	0.00247	0.00972	0.00816	0.00502	0.12364
2	0.12151	0.02735	0.02287	0.15664	0.03196	0.26888	0.01694	0.09983	0.11647	0.03012	0.01801	0.02032	0.01389	0.00943	0.00798	0.00260	0.01162	0.00687	0.00565	0.01106
3	0.01858	0.01802	0.02596	0.08693	0.35769	0.05806	0.02004	0.02279	0.02000	0.02614	0.03632	0.04163	0.17558	0.01251	0.00921	0.00276	0.00915	0.04188	0.00547	0.01127
4	0.01546	0.00839	0.00938	0.00938	0.01131	0.00872	0.00712	0.01932	0.01739	0.02992	0.02738	0.03289	0.02224	0.02187	0.14440	0.00457	0.00815	0.00839	0.58569	0.00806
5	0.01114	0.00862	0.01029	0.01139	0.01329	0.00777	0.00857	0.01344	0.01878	0.02358	0.06595	0.30232	0.31771	0.02434	0.01093	0.00336	0.00534	0.12769	0.00809	0.00739
6	0.01116	0.00801	0.01060	0.01178	0.01277	0.00744	0.00814	0.01349	0.01920	0.02624	0.23136	0.49315	0.06539	0.02436	0.01087	0.00329	0.00477	0.02198	0.00857	0.00744
7	0.02159	0.02073	0.03541	0.05354	0.63903	0.02073	0.02677	0.02677	0.01986	0.02850	0.01641	0.02159	0.01382	0.00777	0.00864	0.00259	0.01036	0.00777	0.00432	0.01382
8	0.01959	0.01856	0.03082	0.29378	0.37420	0.02026	0.02497	0.02622	0.05617	0.02656	0.01723	0.02292	0.01375	0.00839	0.00868	0.00274	0.01064	0.00789	0.00443	0.01220
9	0.01063	0.00808	0.00979	0.01099	0.01239	0.00725	0.00762	0.01253	0.01824	0.02348	0.09749	0.45125	0.24875	0.02502	0.01081	0.00330	0.00479	0.02215	0.00819	0.00725
10	0.03258	0.04157	0.02472	0.02247	0.02697	0.65843	0.01685	0.03483	0.02472	0.02135	0.01348	0.01573	0.01124	0.00899	0.00787	0.00225	0.01573	0.00562	0.00449	0.01011
11	0.75506	0.01687	0.01282	0.01147	0.01687	0.01957	0.00945	0.02564	0.01484	0.03914	0.01215	0.01417	0.00945	0.00810	0.00540	0.00270	0.00675	0.00472	0.00540	0.00945
12	0.01989	0.09542	0.40375	0.03125	0.19068	0.05674	0.02847	0.02767	0.01908	0.02689	0.01542	0.01870	0.01179	0.00812	0.00812	0.00261	0.01209	0.00659	0.00390	0.01283
13	0.01174	0.00929	0.01067	0.01093	0.01316	0.00861	0.00795	0.01595	0.06780	0.02671	0.19178	0.24427	0.30570	0.02181	0.01042	0.00307	0.00473	0.01894	0.00849	0.00798
14	0.02026	0.02849	0.22777	0.04373	0.42127	0.02065	0.05765	0.02710	0.01945	0.02820	0.01623	0.02069	0.01292	0.00791	0.00861	0.00266	0.01137	0.00748	0.00412	0.01342
15	0.01851	0.03823	0.46088	0.02945	0.07098	0.02075	0.18189	0.02766	0.01906	0.02775	0.01621	0.01991	0.01176	0.00802	0.00883	0.00280	0.01323	0.00752	0.00391	0.01265
16	0.01050	0.00809	0.00961	0.01082	0.01230	0.00720	0.00751	0.01229	0.01797	0.02279	0.06417	0.44656	0.28850	0.02524	0.01080	0.00330	0.00480	0.02225	0.00810	0.00720
17	0.02944	0.20675	0.03016	0.02059	0.02557	0.46295	0.01650	0.03180	0.02227	0.02112	0.01302	0.01549	0.01124	0.00897	0.00852	0.00224	0.05327	0.00550	0.00426	0.01035
18	0.01688	0.01682	0.01449	0.01469	0.01747	0.16120	0.01157	0.01974	0.02117	0.02452	0.09165	0.11662	0.22479	0.01974	0.01034	0.00315	0.00823	0.19134	0.00733	0.00826
19	0.02129	0.02230	0.02643	0.06787	0.31998	0.16582	0.01986	0.02500	0.02032	0.02513	0.02561	0.13955	0.05908	0.01237	0.00900	0.00271	0.01039	0.01088	0.00522	0.01118
20	0.02428	0.54611	0.09017	0.01687	0.02431	0.12915	0.01659	0.02758	0.01885	0.02121	0.01261	0.01461	0.01119	0.00776	0.00616	0.00200	0.01059	0.00495	0.00384	0.01116
21	0.01502	0.01156	0.01236	0.01153	0.01512	0.01115	0.00884	0.02273	0.16236	0.06792	0.11565	0.06685	0.40874	0.01861	0.00987	0.00292	0.00517	0.01557	0.00858	0.00943
22	0.02348	0.02297	0.02902	0.02502	0.06865	0.12753	0.13360	0.11338	0.02201	0.02977	0.01733	0.02187	0.01407	0.01066	0.01382	0.00285	0.18965	0.00794	0.11542	0.01095
23	0.02288	0.05302	0.09526	0.02736	0.16978	0.07259	0.01937	0.07455	0.30340	0.03295	0.02513	0.02553	0.01925	0.00999	0.00853	0.00273	0.00936	0.00830	0.00665	0.01337
24	0.02108	0.01238	0.01515	0.01474	0.05862	0.01122	0.01056	0.02580	0.07389	0.21929	0.06202	0.05829	0.34847	0.01670	0.00959	0.00285	0.00598	0.01393	0.00875	0.01070
25	0.01127	0.00786	0.00993	0.01132	0.01167	0.00751	0.00722	0.01231	0.01545	0.02059	0.04164	0.49062	0.04957	0.23554	0.02153	0.00508	0.00612	0.02101	0.00722	0.00652
26	0.01842	0.01814	0.06263	0.02309	0.16646	0.01406	0.01545	0.02303	0.01905	0.02891	0.06471	0.02266	0.01850	0.00779	0.00739	0.00181	0.00761	0.00670	0.00522	0.46839
27	0.03258	0.04157	0.02472	0.02247	0.02697	0.65843	0.01685	0.03483	0.02472	0.02135	0.01348	0.01573	0.01124	0.00899	0.00787	0.00225	0.01573	0.00562	0.00449	0.01011
28	0.01246	0.00935	0.01402	0.01402	0.01558	0.01090	0.01090	0.01558	0.01402	0.02025	0.02336	0.03427	0.02181	0.06542	0.65888	0.01402	0.02336	0.00935	0.00467	0.00779
29	0.01045	0.00884	0.00903	0.00898	0.01187	0.00742	0.00674	0.01279	0.02021	0.02434	0.12547	0.08267	0.59791	0.02180	0.01031	0.00293	0.00440	0.01823	0.00820	0.00742
30	0.01809	0.01550	0.01809	0.01292	0.02067	0.01163	0.01034	0.02196	0.01809	0.02842	0.01550	0.01809	0.01292	0.00646	0.00646	0.00129	0.00646	0.00517	0.00517	0.74677
31	0.01246	0.00935	0.01402	0.01402	0.01558	0.01090	0.01090	0.01558	0.01402	0.02025	0.02336	0.03427	0.02181	0.06542	0.65888	0.01402	0.02336	0.00935	0.00467	0.00779
32	0.01942	0.02815	0.22667	0.08287	0.03747	0.02149	0.19750	0.03120	0.16074	0.02889	0.02061	0.02372	0.01544	0.00935	0.01044	0.00295	0.05707	0.00859	0.00515	0.01227
33	0.02076	0.02118	0.03462	0.20634	0.26811	0.06222	0.15299	0.02793	0.06746	0.02692	0.01777	0.02294	0.01396	0.00833	0.00899	0.00276	0.01173	0.00835	0.00460	0.01204
34	0.02735	0.06236	0.02715	0.02702	0.15419	0.21959	0.01807	0.14767	0.16715	0.03293	0.02066	0.02184	0.01609	0.00961	0.00832	0.00254	0.01100	0.00745	0.00627	0.01274

[dist]
# distance from previous block
# <min> <max>
1	3

[block]
# block no. 2 follows, 20 sequences, length 9
# corresponding to MSA columns:
# 285-293
name=unknown_C
#
# <colnr> <probs for GDERKNQSTAVLIFYWHMCP>
#	G	D	E	R	K	N	Q	S	T	A	V	L	I	F	Y	W	H	M	C	P
0	0.02101	0.01512	0.02203	0.01771	0.02214	0.01499	0.12292	0.06627	0.11704	0.12754	0.07863	0.04295	0.08150	0.18924	0.01858	0.00430	0.00862	0.01156	0.00738	0.01046
1	0.02223	0.11204	0.02249	0.01698	0.02029	0.21090	0.01323	0.07493	0.02175	0.02574	0.10822	0.11233	0.02975	0.08656	0.01446	0.00329	0.07886	0.01052	0.00596	0.00944
2	0.01510	0.01482	0.05625	0.02146	0.14264	0.01319	0.01419	0.02184	0.11275	0.02667	0.04920	0.20085	0.20722	0.01808	0.00992	0.00307	0.00690	0.04870	0.00718	0.00999
3	0.02310	0.01882	0.07404	0.01656	0.02136	0.01793	0.01396	0.23604	0.06582	0.08093	0.02435	0.03252	0.02079	0.16889	0.13951	0.00608	0.01190	0.00926	0.00694	0.01119
4	0.03172	0.03072	0.02403	0.02045	0.02595	0.31833	0.01597	0.21002	0.11812	0.08804	0.02080	0.02100	0.01549	0.01001	0.00835	0.00250	0.01186	0.00719	0.00696	0.01249
5	0.01713	0.13142	0.06816	0.01723	0.07226	0.07458	0.01315	0.02060	0.02000	0.02592	0.20924	0.04369	0.09060	0.11200	0.04473	0.00390	0.00883	0.01105	0.00626	0.00923
6	0.01429	0.00996	0.01159	0.01158	0.01254	0.01008	0.00750	0.07945	0.01721	0.02298	0.03369	0.26564	0.03858	0.39233	0.02919	0.00615	0.00744	0.01623	0.00662	0.00696
7	0.02384	0.02205	0.02816	0.03541	0.32731	0.08472	0.02028	0.11217	0.11234	0.03291	0.02016	0.02289	0.01599	0.00892	0.00833	0.00250	0.00970	0.00773	0.04504	0.05955
8	0.02548	0.02634	0.03001	0.02378	0.03016	0.18506	0.16893	0.11540	0.17514	0.03222	0.02131	0.02292	0.01627	0.00925	0.00874	0.00257	0.01153	0.00817	0.00623	0.08050

[dist]
# distance from previous block
# <min> <max>
6	13

[block]
# block no. 3 follows, 20 sequences, length 12
# corresponding to MSA columns:
# 307-318
name=unknown_D
#
# <colnr> <probs for GDERKNQSTAVLIFYWHMCP>
#	G	D	E	R	K	N	Q	S	T	A	V	L	I	F	Y	W	H	M	C	P
0	0.02826	0.24191	0.03099	0.01842	0.02462	0.17626	0.01555	0.23068	0.05847	0.03418	0.04822	0.02034	0.01685	0.00961	0.00762	0.00232	0.01054	0.00682	0.00620	0.01218
1	0.01148	0.00858	0.01078	0.01132	0.01263	0.00851	0.00796	0.01332	0.01593	0.02095	0.04705	0.22423	0.18739	0.17032	0.20148	0.00735	0.01078	0.01638	0.00656	0.00699
2	0.02945	0.12531	0.07768	0.01804	0.02489	0.06535	0.01596	0.14640	0.16067	0.20857	0.02575	0.02441	0.01829	0.01013	0.00820	0.00259	0.00903	0.00781	0.00788	0.01357
3	0.02988	0.03140	0.02316	0.01987	0.02502	0.35591	0.01543	0.23032	0.02971	0.03324	0.02580	0.02640	0.09371	0.01121	0.00848	0.00247	0.01214	0.00805	0.00642	0.01138
4	0.01700	0.01248	0.01457	0.01412	0.01667	0.01278	0.01038	0.18188	0.02387	0.03166	0.04373	0.44820	0.09362	0.02211	0.01038	0.00323	0.00630	0.01946	0.00828	0.00931
5	0.01908	0.01699	0.02300	0.02445	0.19621	0.01421	0.01500	0.02333	0.01859	0.02844	0.01576	0.01908	0.01317	0.00683	0.00708	0.00166	0.00757	0.00591	0.00493	0.53870
6	0.01775	0.01499	0.01612	0.01477	0.01877	0.01641	0.01138	0.03423	0.39475	0.03373	0.15883	0.04854	0.15358	0.01493	0.00942	0.00292	0.00590	0.01261	0.00886	0.01152
7	0.01162	0.00887	0.01072	0.01071	0.01296	0.00797	0.00811	0.01483	0.02196	0.02916	0.34480	0.12355	0.27661	0.02061	0.01050	0.00298	0.00461	0.06277	0.00882	0.00781
8	0.01434	0.01211	0.01762	0.01654	0.01766	0.01539	0.01323	0.01711	0.01383	0.02046	0.01998	0.02996	0.01887	0.05118	0.47996	0.01112	0.20906	0.00886	0.00443	0.00829
9	0.01941	0.07485	0.31115	0.03022	0.04073	0.02205	0.31997	0.02769	0.01946	0.02734	0.01644	0.02071	0.01216	0.00777	0.00913	0.00280	0.01358	0.00827	0.00405	0.01222
10	0.02206	0.05395	0.10006	0.20934	0.10486	0.15497	0.02109	0.03186	0.16143	0.02668	0.01975	0.02271	0.01522	0.00930	0.00839	0.00269	0.01130	0.00752	0.00520	0.01165
11	0.06254	0.01663	0.02879	0.07416	0.20181	0.01647	0.15515	0.02304	0.02126	0.03088	0.23422	0.03706	0.03741	0.01130	0.00942	0.00275	0.00904	0.01100	0.00624	0.01082

[dist]
# distance from previous block
# <min> <max>
0	2

[block]
# block no. 4 follows, 20 sequences, length 15
# corresponding to MSA columns:
# 321-335
name=unknown_E
#
# <colnr> <probs for GDERKNQSTAVLIFYWHMCP>
#	G	D	E	R	K	N	Q	S	T	A	V	L	I	F	Y	W	H	M	C	P
0	0.02589	0.24681	0.03510	0.03050	0.23172	0.24202	0.01957	0.02930	0.02082	0.02349	0.01403	0.01714	0.01209	0.00809	0.00739	0.00224	0.01185	0.00604	0.00419	0.01171
1	0.01400	0.01022	0.01249	0.01315	0.01457	0.01063	0.00915	0.01997	0.15590	0.02413	0.03884	0.39456	0.04238	0.06901	0.01629	0.11520	0.00609	0.01794	0.00744	0.00802
2	0.26907	0.32366	0.07603	0.01771	0.02504	0.02665	0.10315	0.02633	0.01723	0.02839	0.01320	0.01578	0.01090	0.00772	0.00642	0.00237	0.00951	0.00565	0.00439	0.01081
3	0.01132	0.00788	0.00992	0.01126	0.01159	0.00755	0.00715	0.01233	0.01535	0.02046	0.04114	0.47525	0.04894	0.25177	0.02234	0.00520	0.00620	0.02072	0.00715	0.00648
4	0.01158	0.00889	0.01060	0.01017	0.01256	0.00791	0.00763	0.01498	0.02289	0.03070	0.42961	0.07221	0.28980	0.01943	0.01030	0.00282	0.00423	0.01676	0.00904	0.00791
5	0.02006	0.02937	0.24431	0.04136	0.34737	0.02077	0.11574	0.02723	0.01948	0.02812	0.01634	0.02081	0.01280	0.00788	0.00877	0.00270	0.01187	0.00770	0.00412	0.01320
6	0.02159	0.02073	0.03541	0.05354	0.63903	0.02073	0.02677	0.02677	0.01986	0.02850	0.01641	0.02159	0.01382	0.00777	0.00864	0.00259	0.01036	0.00777	0.00432	0.01382
7	0.01626	0.00813	0.00813	0.00813	0.01016	0.00813	0.00610	0.02033	0.01829	0.03252	0.02846	0.03252	0.02236	0.01016	0.00610	0.00203	0.00407	0.00813	0.74187	0.00813
8	0.02038	0.01664	0.02481	0.40040	0.09538	0.01939	0.02083	0.03039	0.16248	0.08790	0.02221	0.02596	0.01636	0.00959	0.00876	0.00287	0.00998	0.00836	0.00579	0.01152
9	0.02069	0.14752	0.18389	0.03577	0.23960	0.02340	0.17269	0.02715	0.01933	0.02674	0.01579	0.01999	0.01256	0.00773	0.00843	0.00259	0.01187	0.00755	0.00409	0.01262
10	0.02993	0.01284	0.01711	0.01380	0.01905	0.01120	0.01113	0.03339	0.02446	0.43852	0.18920	0.04327	0.09005	0.01354	0.00928	0.00273	0.00633	0.01136	0.01026	0.01254
11	0.02626	0.01905	0.02056	0.01651	0.02114	0.02079	0.01277	0.40871	0.03147	0.04215	0.02315	0.03312	0.02052	0.24059	0.02075	0.00459	0.00921	0.00948	0.00757	0.01162
12	0.02005	0.01876	0.03054	0.04036	0.40339	0.01905	0.06986	0.02765	0.10943	0.02827	0.02242	0.07114	0.02012	0.06645	0.01194	0.00322	0.00969	0.00985	0.00534	0.01249
13	0.02502	0.02304	0.02220	0.02204	0.08695	0.16641	0.01612	0.21639	0.02797	0.03447	0.03143	0.04447	0.08382	0.01424	0.00946	0.00289	0.01021	0.14453	0.00706	0.01128
14	0.01919	0.02146	0.08792	0.28517	0.18154	0.06931	0.02242	0.02618	0.06404	0.02646	0.06318	0.02537	0.01848	0.00928	0.00861	0.00268	0.01064	0.00809	0.00486	0.04510

[dist]
# distance from previous block
# <min> <max>
6	16

[block]
# block no. 5 follows, 20 sequences, length 15
# corresponding to MSA columns:
# 352-366
name=unknown_F
#
# <colnr> <probs for GDERKNQSTAVLIFYWHMCP>
#	G	D	E	R	K	N	Q	S	T	A	V	L	I	F	Y	W	H	M	C	P
0	0.02419	0.02565	0.03288	0.04620	0.49434	0.17148	0.02443	0.02868	0.02101	0.02681	0.01572	0.02020	0.01321	0.00806	0.00845	0.00251	0.01163	0.00726	0.00436	0.01294
1	0.01897	0.01991	0.13856	0.04515	0.02541	0.01461	0.05408	0.04500	0.02063	0.09669	0.10072	0.07325	0.08174	0.01306	0.01004	0.00270	0.04283	0.04776	0.00660	0.14230
2	0.01749	0.01207	0.01407	0.01321	0.01621	0.01199	0.01034	0.11210	0.02129	0.03050	0.03197	0.11188	0.03201	0.12613	0.01478	0.00373	0.00704	0.15527	0.16444	0.09348
3	0.02927	0.02140	0.03167	0.03052	0.18458	0.02171	0.11996	0.24736	0.02889	0.16273	0.02194	0.02332	0.01567	0.00932	0.00898	0.00268	0.01023	0.00844	0.00728	0.01405
4	0.02160	0.02051	0.03372	0.04970	0.57286	0.02083	0.02538	0.02887	0.08465	0.02936	0.01846	0.02277	0.01519	0.00821	0.00866	0.00263	0.00999	0.00800	0.00481	0.01382
5	0.01053	0.00885	0.00914	0.00907	0.01192	0.00746	0.00680	0.01294	0.02040	0.02479	0.14699	0.08193	0.57610	0.02163	0.01031	0.00292	0.00439	0.01813	0.00826	0.00746
6	0.02159	0.02073	0.03541	0.05354	0.63903	0.02073	0.02677	0.02677	0.01986	0.02850	0.01641	0.02159	0.01382	0.00777	0.00864	0.00259	0.01036	0.00777	0.00432	0.01382
7	0.01237	0.01711	0.17206	0.01537	0.01902	0.01043	0.01422	0.01607	0.01714	0.02363	0.03985	0.51789	0.04586	0.02250	0.01041	0.00334	0.00705	0.02014	0.00698	0.00856
8	0.02384	0.01700	0.01979	0.01471	0.02204	0.01481	0.01189	0.11966	0.05641	0.12575	0.02032	0.02109	0.01529	0.00805	0.00730	0.00181	0.00713	0.00640	0.00678	0.47995
9	0.01068	0.00858	0.00953	0.00986	0.01215	0.00743	0.00718	0.01303	0.01993	0.02500	0.16182	0.20944	0.42962	0.02256	0.01048	0.00304	0.00451	0.01937	0.00833	0.00743
10	0.27981	0.02838	0.09151	0.02208	0.08384	0.22648	0.05517	0.02839	0.01958	0.02949	0.01789	0.02027	0.04494	0.00909	0.00742	0.00258	0.01108	0.00661	0.00489	0.01050
11	0.12539	0.02082	0.02458	0.10109	0.22703	0.09166	0.01855	0.03133	0.17490	0.03031	0.02401	0.02611	0.04803	0.00985	0.00825	0.00272	0.00940	0.00818	0.00581	0.01199
12	0.02657	0.06842	0.02472	0.02059	0.06462	0.15737	0.01544	0.20641	0.13686	0.03566	0.02362	0.02414	0.04477	0.01007	0.00815	0.00240	0.00980	0.00769	0.00676	0.10595
13	0.01348	0.01067	0.01418	0.08310	0.01977	0.00995	0.01043	0.01635	0.01763	0.02478	0.09893	0.31071	0.04095	0.05447	0.05384	0.00377	0.00737	0.01558	0.00674	0.18729
14	0.02155	0.01897	0.01923	0.02006	0.09066	0.11676	0.01375	0.05515	0.19419	0.05367	0.03036	0.06483	0.05564	0.01797	0.08155	0.00392	0.01004	0.00976	0.11080	0.01114

[dist]
# distance from previous block
# <min> <max>
1	73

[block]
# block no. 6 follows, 20 sequences, length 10
# corresponding to MSA columns:
# 451-460
name=unknown_G
#
# <colnr> <probs for GDERKNQSTAVLIFYWHMCP>
#	G	D	E	R	K	N	Q	S	T	A	V	L	I	F	Y	W	H	M	C	P
0	0.01941	0.01629	0.01947	0.02250	0.15106	0.07716	0.01409	0.08577	0.01997	0.02796	0.02199	0.03010	0.01933	0.09084	0.20106	0.00635	0.01322	0.00857	0.14495	0.00992
1	0.02450	0.05272	0.03946	0.02907	0.03626	0.14989	0.33507	0.10467	0.05516	0.03018	0.01912	0.02481	0.01518	0.00901	0.00942	0.00276	0.01337	0.03225	0.00534	0.01176
2	0.02791	0.01682	0.01941	0.01636	0.02192	0.01757	0.01303	0.07061	0.32510	0.26343	0.03838	0.03480	0.07039	0.01216	0.00894	0.00284	0.00704	0.01000	0.00953	0.01376
3	0.01879	0.01517	0.01802	0.07669	0.02299	0.01454	0.01186	0.10329	0.07923	0.02991	0.02336	0.09465	0.02183	0.11459	0.01348	0.00311	0.00759	0.00939	0.00622	0.31530
4	0.12409	0.02266	0.14143	0.08738	0.03462	0.01821	0.23064	0.02526	0.01973	0.05282	0.10084	0.03003	0.05371	0.01002	0.00902	0.00284	0.01076	0.00964	0.00548	0.01086
5	0.42139	0.01690	0.01890	0.01495	0.02134	0.01717	0.06852	0.02844	0.01788	0.15117	0.01748	0.01870	0.01272	0.00826	0.00670	0.00248	0.00760	0.00611	0.00629	0.13701
6	0.17489	0.14611	0.29378	0.02175	0.07723	0.02229	0.02198	0.02874	0.05322	0.06115	0.01649	0.01842	0.01241	0.00840	0.00731	0.00259	0.01016	0.00620	0.00477	0.01211
7	0.03428	0.02077	0.02270	0.01759	0.02435	0.06994	0.01437	0.26018	0.03052	0.30727	0.02570	0.02407	0.01731	0.01011	0.00846	0.00250	0.00884	0.00782	0.00895	0.08427
8	0.02325	0.02864	0.09305	0.02962	0.13939	0.20054	0.06619	0.02711	0.01877	0.02367	0.01382	0.01888	0.01192	0.01084	0.01573	0.00298	0.25330	0.00718	0.00413	0.01099
9	0.01672	0.01368	0.02001	0.02661	0.23852	0.01373	0.01432	0.05410	0.01785	0.02454	0.02742	0.17481	0.02969	0.26402	0.02231	0.00495	0.00850	0.01317	0.00574	0.00933

[dist]
# distance from previous block
# <min> <max>
0	2

[block]
# block no. 7 follows, 20 sequences, length 6
# corresponding to MSA columns:
# 463-468
name=unknown_H
#
# <colnr> <probs for GDERKNQSTAVLIFYWHMCP>
#	G	D	E	R	K	N	Q	S	T	A	V	L	I	F	Y	W	H	M	C	P
0	0.01857	0.01409	0.01729	0.01928	0.11814	0.01494	0.01180	0.08312	0.13876	0.02900	0.02674	0.03885	0.02457	0.26883	0.02183	0.00480	0.00789	0.01011	0.12160	0.00980
1	0.21030	0.03092	0.32466	0.02047	0.02980	0.01954	0.05661	0.03044	0.07472	0.09636	0.01869	0.02013	0.01333	0.00878	0.00777	0.00277	0.01028	0.00679	0.00540	0.01223
2	0.02251	0.30869	0.03942	0.09599	0.22608	0.07215	0.06967	0.02672	0.01912	0.02394	0.01440	0.01829	0.01225	0.00779	0.00744	0.00232	0.01080	0.00651	0.00405	0.01185
3	0.02205	0.08526	0.12559	0.01910	0.04839	0.07118	0.01664	0.14807	0.02181	0.02933	0.01706	0.02174	0.01412	0.01718	0.05683	0.15080	0.04405	0.00705	0.03671	0.04704
4	0.01399	0.01063	0.01360	0.01336	0.01636	0.00943	0.01049	0.01712	0.01877	0.02613	0.09948	0.21716	0.04471	0.06006	0.01215	0.00333	0.00651	0.20151	0.00731	0.19791
5	0.08496	0.01372	0.01518	0.01445	0.04731	0.01309	0.01074	0.05976	0.08472	0.02993	0.04886	0.05264	0.25937	0.01522	0.00889	0.00265	0.00628	0.06446	0.00718	0.16059

[dist]
# distance from previous block
# <min> <max>
0	1

[block]
# block no. 8 follows, 20 sequences, length 6
# corresponding to MSA columns:
# 470-475
name=unknown_I
#
# <colnr> <probs for GDERKNQSTAVLIFYWHMCP>
#	G	D	E	R	K	N	Q	S	T	A	V	L	I	F	Y	W	H	M	C	P
0	0.02162	0.07485	0.09338	0.21456	0.27771	0.06827	0.02417	0.07313	0.02094	0.02770	0.01591	0.02068	0.01263	0.00837	0.00835	0.00262	0.01122	0.00725	0.00446	0.01219
1	0.01509	0.01259	0.01683	0.01606	0.01653	0.01534	0.01246	0.01678	0.01489	0.02089	0.02769	0.12059	0.03091	0.23399	0.02832	0.00530	0.25366	0.12883	0.00562	0.00761
2	0.01972	0.20624	0.33222	0.02506	0.06764	0.02372	0.11422	0.02692	0.01863	0.02595	0.01509	0.01822	0.01168	0.00780	0.00782	0.00247	0.01175	0.00658	0.00393	0.05436
3	0.02744	0.02220	0.03135	0.02853	0.13720	0.02333	0.13087	0.27995	0.11598	0.07906	0.02244	0.02376	0.01646	0.00962	0.00903	0.00273	0.01019	0.00865	0.00728	0.01392
4	0.02163	0.01721	0.07913	0.01443	0.01983	0.05478	0.01257	0.02588	0.02281	0.18314	0.25184	0.04233	0.08011	0.01306	0.00896	0.00249	0.00697	0.01096	0.00819	0.12365
5	0.02059	0.02353	0.05147	0.03676	0.04559	0.02206	0.60735	0.02794	0.02059	0.02794	0.01765	0.02353	0.01324	0.00735	0.01029	0.00294	0.01471	0.01029	0.00441	0.01176

[dist]
# distance from previous block
# <min> <max>
3	21

[block]
# block no. 9 follows, 20 sequences, length 44
# corresponding to MSA columns:
# 497-540
name=unknown_J
#
# <colnr> <probs for GDERKNQSTAVLIFYWHMCP>
#	G	D	E	R	K	N	Q	S	T	A	V	L	I	F	Y	W	H	M	C	P
0	0.02154	0.01534	0.01850	0.01573	0.01899	0.04886	0.01266	0.02436	0.02012	0.16930	0.13401	0.04175	0.14998	0.01508	0.01477	0.00295	0.19720	0.01110	0.00736	0.06040
1	0.02276	0.01733	0.01890	0.01623	0.02089	0.01887	0.01249	0.14989	0.31133	0.06867	0.03055	0.06400	0.02533	0.11656	0.01424	0.00364	0.00759	0.01023	0.00811	0.06239
2	0.02310	0.02393	0.02306	0.04885	0.02636	0.19745	0.05386	0.05701	0.02132	0.02749	0.01536	0.01818	0.01250	0.00756	0.00735	0.00182	0.01007	0.00591	0.00505	0.41377
3	0.02132	0.13388	0.03196	0.02216	0.02782	0.18053	0.19147	0.02522	0.02080	0.02387	0.03178	0.07030	0.13245	0.01234	0.00904	0.00267	0.01136	0.03564	0.00537	0.01002
4	0.01592	0.01276	0.01368	0.01246	0.01652	0.01256	0.00971	0.02549	0.20072	0.02956	0.05093	0.05268	0.24024	0.01520	0.00884	0.00265	0.00564	0.04760	0.10986	0.11698
5	0.02221	0.06366	0.02108	0.01670	0.02072	0.14622	0.01341	0.15791	0.02462	0.02984	0.04122	0.04140	0.23217	0.01482	0.01197	0.00280	0.11155	0.01090	0.00660	0.01022
6	0.02318	0.01838	0.02405	0.02715	0.19677	0.01931	0.01693	0.26469	0.02807	0.03822	0.05541	0.19218	0.02858	0.01432	0.00938	0.00285	0.00841	0.01250	0.00735	0.01227
7	0.01374	0.01138	0.01533	0.01332	0.01713	0.00967	0.04939	0.01696	0.01947	0.02722	0.16358	0.23523	0.13161	0.01731	0.00945	0.00261	0.00583	0.01543	0.00732	0.21802
8	0.02145	0.02111	0.03764	0.05121	0.55658	0.02091	0.10744	0.02693	0.01996	0.02842	0.01658	0.02186	0.01374	0.00771	0.00887	0.00264	0.01097	0.00812	0.00433	0.01353
9	0.01872	0.02436	0.17904	0.15387	0.22381	0.01803	0.02342	0.02490	0.01859	0.02708	0.01582	0.02024	0.01249	0.00774	0.00801	0.00236	0.01022	0.00678	0.00430	0.20022
10	0.02685	0.03235	0.02210	0.02035	0.02389	0.46461	0.01545	0.02930	0.02147	0.02105	0.01589	0.02058	0.01392	0.02357	0.17366	0.00530	0.04897	0.00666	0.00451	0.00950
11	0.05704	0.01148	0.01482	0.01308	0.01693	0.01034	0.01006	0.02566	0.02188	0.25633	0.19736	0.21001	0.04633	0.01665	0.00951	0.00286	0.00583	0.01446	0.00921	0.05015
12	0.01944	0.01650	0.01744	0.01589	0.02036	0.01838	0.01241	0.06219	0.44395	0.03409	0.04656	0.04582	0.15633	0.01449	0.00931	0.00299	0.00654	0.03642	0.00867	0.01223
13	0.06769	0.01651	0.01865	0.01430	0.02126	0.01476	0.01145	0.05577	0.12816	0.09657	0.02112	0.02179	0.01616	0.00817	0.00717	0.00189	0.00680	0.00648	0.00660	0.45871
14	0.01478	0.01160	0.01400	0.01468	0.01747	0.01191	0.01209	0.02289	0.15461	0.02768	0.05295	0.11162	0.17091	0.02110	0.01092	0.00353	0.00685	0.30306	0.00824	0.00913
15	0.01118	0.00813	0.01053	0.01149	0.01271	0.00749	0.00802	0.01362	0.01963	0.02662	0.24727	0.43080	0.11272	0.02373	0.01078	0.00323	0.00469	0.02127	0.00860	0.00749
16	0.01060	0.00769	0.01002	0.01189	0.01258	0.00711	0.00798	0.01217	0.01695	0.02237	0.05122	0.64067	0.10274	0.02692	0.01107	0.00350	0.00501	0.02430	0.00810	0.00711
17	0.02437	0.02630	0.03174	0.08689	0.42552	0.20198	0.02378	0.02876	0.02108	0.02604	0.01551	0.02004	0.01293	0.00818	0.00842	0.00251	0.01198	0.00716	0.00434	0.01248
18	0.01908	0.01908	0.02672	0.02290	0.02290	0.02672	0.01908	0.02099	0.01336	0.02099	0.01145	0.01908	0.01145	0.01527	0.02863	0.00382	0.67748	0.00763	0.00382	0.00954
19	0.03316	0.02443	0.02618	0.02007	0.02705	0.02705	0.01658	0.60995	0.04101	0.05497	0.02094	0.02094	0.01483	0.01047	0.00873	0.00262	0.00960	0.00785	0.00873	0.01483
20	0.02012	0.01860	0.02799	0.22384	0.28447	0.02062	0.02213	0.03134	0.20046	0.02908	0.02188	0.02537	0.01703	0.00927	0.00873	0.00279	0.00969	0.00839	0.00556	0.01261
21	0.03258	0.04157	0.02472	0.02247	0.02697	0.65843	0.01685	0.03483	0.02472	0.02135	0.01348	0.01573	0.01124	0.00899	0.00787	0.00225	0.01573	0.00562	0.00449	0.01011
22	0.01406	0.01004	0.01406	0.01606	0.01807	0.01004	0.01406	0.01807	0.02008	0.02610	0.04618	0.09839	0.05020	0.02410	0.01205	0.00402	0.00803	0.58032	0.00803	0.00803
23	0.01035	0.00866	0.00902	0.00930	0.01190	0.00733	0.00683	0.01247	0.01944	0.02338	0.08277	0.16784	0.55521	0.02282	0.01042	0.00303	0.00451	0.01930	0.00810	0.00733
24	0.01054	0.00795	0.00976	0.01120	0.01240	0.00716	0.00768	0.01225	0.01761	0.02264	0.05953	0.51605	0.22200	0.02584	0.01090	0.00337	0.00488	0.02298	0.00810	0.00716
25	0.03313	0.02528	0.02611	0.02019	0.02705	0.05839	0.01659	0.58140	0.04020	0.05330	0.02057	0.02068	0.01466	0.01040	0.00868	0.00260	0.00990	0.00774	0.00852	0.01460
26	0.02129	0.02157	0.04023	0.04850	0.46072	0.02113	0.20122	0.02712	0.02008	0.02833	0.01678	0.02217	0.01364	0.00765	0.00913	0.00270	0.01167	0.00853	0.00435	0.01320
27	0.01224	0.00966	0.01123	0.01207	0.01395	0.00941	0.00856	0.01751	0.11077	0.02482	0.05760	0.41542	0.21723	0.02346	0.01055	0.00328	0.00516	0.02069	0.00822	0.00820
28	0.02073	0.01985	0.03385	0.15788	0.54143	0.02050	0.02634	0.02601	0.01945	0.02745	0.01626	0.02187	0.01345	0.00793	0.00865	0.00264	0.01058	0.00777	0.00424	0.01312
29	0.02721	0.02754	0.02877	0.03392	0.27084	0.21409	0.02045	0.14693	0.08665	0.03241	0.01836	0.02081	0.01454	0.00909	0.00845	0.00253	0.01148	0.00735	0.00571	0.01290
30	0.01520	0.01805	0.13601	0.01826	0.05145	0.01358	0.01583	0.02333	0.12876	0.02707	0.04013	0.24710	0.07547	0.01889	0.01019	0.00330	0.00773	0.13248	0.00719	0.00997
31	0.02229	0.02241	0.03361	0.09868	0.53242	0.08466	0.02558	0.02723	0.02016	0.02730	0.01604	0.02113	0.01339	0.00797	0.00856	0.00258	0.01100	0.00755	0.00430	0.01312
32	0.19662	0.02478	0.01888	0.01649	0.02110	0.23942	0.01257	0.08743	0.04941	0.07175	0.01862	0.02409	0.01583	0.11417	0.01302	0.00336	0.01045	0.00711	0.00592	0.04898
33	0.02709	0.08491	0.06821	0.03288	0.24313	0.31770	0.02113	0.05662	0.02281	0.02569	0.01488	0.01806	0.01229	0.00846	0.00802	0.00239	0.01289	0.00645	0.00451	0.01188
34	0.01800	0.02087	0.08682	0.09247	0.09309	0.05732	0.20554	0.02290	0.01852	0.02465	0.02364	0.16187	0.02334	0.06569	0.01329	0.00344	0.04107	0.01221	0.00509	0.01019
35	0.09813	0.01557	0.02058	0.15590	0.08547	0.01715	0.01631	0.07823	0.05336	0.09162	0.03268	0.04228	0.10112	0.01362	0.01034	0.00304	0.05024	0.09698	0.00667	0.01069
36	0.09796	0.02197	0.01999	0.01660	0.02238	0.12193	0.01312	0.16477	0.15041	0.03574	0.02698	0.02705	0.07294	0.01052	0.00796	0.00239	0.00861	0.00802	0.00695	0.16370
37	0.02263	0.06975	0.02261	0.01888	0.02165	0.22051	0.01472	0.08233	0.02096	0.02485	0.02350	0.20802	0.02486	0.01571	0.01355	0.00299	0.16539	0.01170	0.00573	0.00967
38	0.02178	0.02179	0.13463	0.01776	0.02347	0.01864	0.01640	0.14352	0.12254	0.08817	0.03354	0.03557	0.11308	0.05786	0.04399	0.00378	0.07474	0.00998	0.00703	0.01171
39	0.02049	0.01930	0.03064	0.10344	0.36320	0.01941	0.05847	0.02838	0.10323	0.02894	0.01891	0.02286	0.01520	0.00820	0.00845	0.00250	0.00968	0.00782	0.00504	0.12584
40	0.23945	0.01722	0.02071	0.02498	0.19393	0.04712	0.01542	0.02274	0.01725	0.02890	0.02635	0.02988	0.10855	0.01752	0.08477	0.00410	0.07711	0.00856	0.00522	0.01022
41	0.09212	0.02254	0.16020	0.12535	0.06759	0.01866	0.01910	0.03043	0.20070	0.03177	0.11632	0.03039	0.02677	0.01084	0.00857	0.00282	0.00877	0.00902	0.00639	0.01165
42	0.02341	0.02682	0.13683	0.03213	0.22852	0.08262	0.04396	0.12477	0.08005	0.03246	0.01882	0.02181	0.01468	0.00936	0.00974	0.00269	0.05243	0.00765	0.03838	0.01287
43	0.02246	0.17413	0.11642	0.02288	0.10155	0.15483	0.01862	0.05780	0.04761	0.02621	0.02495	0.03384	0.06045	0.01164	0.00838	0.00263	0.01069	0.08843	0.00535	0.01113

[dist]
# distance from previous block
# <min> <max>
45	75

[block]
# block no. 10 follows, 20 sequences, length 19
# corresponding to MSA columns:
# 618-636
name=unknown_K
#
# <colnr> <probs for GDERKNQSTAVLIFYWHMCP>
#	G	D	E	R	K	N	Q	S	T	A	V	L	I	F	Y	W	H	M	C	P
0	0.02618	0.02397	0.02392	0.02362	0.11078	0.14961	0.01635	0.22723	0.10630	0.03620	0.02315	0.08696	0.01984	0.01335	0.03176	0.00301	0.01047	0.00922	0.00688	0.05120
1	0.01794	0.01665	0.01714	0.01455	0.01841	0.10265	0.03934	0.02152	0.05472	0.02345	0.02383	0.09925	0.02430	0.23781	0.02009	0.00422	0.00873	0.01025	0.00560	0.23956
2	0.05841	0.00882	0.01018	0.01047	0.01151	0.00873	0.00690	0.01473	0.01667	0.02451	0.15170	0.21277	0.04609	0.29293	0.02368	0.00520	0.00627	0.01547	0.06814	0.00681
3	0.21667	0.02948	0.30768	0.06630	0.06652	0.01895	0.05041	0.02560	0.01819	0.03116	0.07528	0.02259	0.01788	0.00912	0.00785	0.00275	0.01023	0.00724	0.00481	0.01129
4	0.09602	0.08843	0.01921	0.01501	0.01866	0.18711	0.01193	0.02261	0.01935	0.02429	0.03822	0.03944	0.21083	0.01708	0.05045	0.00335	0.07508	0.01006	0.04391	0.00897
5	0.02226	0.01850	0.02299	0.06461	0.14546	0.04935	0.01657	0.22198	0.02576	0.03433	0.02669	0.08340	0.06155	0.02289	0.13839	0.00498	0.01218	0.01015	0.00645	0.01153
6	0.07111	0.09396	0.13780	0.02960	0.20455	0.10074	0.02148	0.14636	0.02422	0.06522	0.01710	0.01941	0.01311	0.00871	0.00801	0.00253	0.01082	0.00685	0.00547	0.01294
7	0.17078	0.01930	0.06159	0.05404	0.02987	0.01911	0.22928	0.02321	0.01699	0.02721	0.02063	0.02890	0.04681	0.11265	0.01656	0.00382	0.09545	0.00926	0.00480	0.00976
8	0.02628	0.48853	0.03900	0.01734	0.02385	0.23406	0.01554	0.02891	0.01996	0.02079	0.01256	0.01455	0.01121	0.00795	0.00632	0.00199	0.01138	0.00497	0.00398	0.01085
9	0.01227	0.01534	0.13910	0.01449	0.01763	0.00992	0.01287	0.01573	0.01768	0.02440	0.09964	0.46351	0.04966	0.05049	0.01187	0.00351	0.00669	0.01968	0.00724	0.00830
10	0.02313	0.01882	0.02293	0.02479	0.14710	0.02076	0.01634	0.04208	0.45165	0.08551	0.03156	0.03009	0.02362	0.01093	0.00882	0.00286	0.00765	0.00935	0.00812	0.01390
11	0.01513	0.01501	0.01279	0.01298	0.01529	0.13882	0.00938	0.01730	0.02022	0.02383	0.11497	0.28274	0.24742	0.02087	0.01011	0.00300	0.00690	0.01783	0.00753	0.00791
12	0.02412	0.02923	0.21081	0.02780	0.03716	0.02217	0.25752	0.17424	0.02538	0.07670	0.01905	0.02187	0.01359	0.00863	0.00923	0.00279	0.01242	0.00850	0.00572	0.01306
13	0.04925	0.02088	0.07182	0.20204	0.32882	0.02073	0.02390	0.05737	0.08498	0.02948	0.01825	0.02265	0.01433	0.00864	0.00854	0.00273	0.01031	0.00779	0.00492	0.01258
14	0.01146	0.00891	0.01053	0.01138	0.01322	0.00826	0.00821	0.01488	0.05281	0.02481	0.11143	0.35048	0.26535	0.02360	0.01069	0.00325	0.00501	0.04976	0.00827	0.00771
15	0.01284	0.01024	0.01523	0.02050	0.13913	0.00984	0.01187	0.01510	0.01734	0.02353	0.04168	0.55324	0.04883	0.02338	0.01063	0.00335	0.00613	0.02136	0.00733	0.00844
16	0.12222	0.01306	0.01597	0.01391	0.01839	0.01272	0.01094	0.03091	0.06149	0.31103	0.03307	0.16128	0.02770	0.01836	0.06275	0.00379	0.00795	0.01156	0.05138	0.01152
17	0.01894	0.03218	0.32497	0.03441	0.19442	0.02018	0.15969	0.02676	0.01920	0.02768	0.01779	0.05118	0.01441	0.00882	0.00896	0.00279	0.01229	0.00850	0.00422	0.01261
18	0.02162	0.02008	0.03033	0.04195	0.43936	0.02104	0.02257	0.03311	0.21534	0.03109	0.02259	0.02514	0.01797	0.00909	0.00871	0.00271	0.00924	0.00845	0.00579	0.01381

[dist]
# distance from previous block
# <min> <max>
0	2

[block]
# block no. 11 follows, 20 sequences, length 38
# corresponding to MSA columns:
# 639-676
name=unknown_L
#
# <colnr> <probs for GDERKNQSTAVLIFYWHMCP>
#	G	D	E	R	K	N	Q	S	T	A	V	L	I	F	Y	W	H	M	C	P
0	0.02286	0.08310	0.02338	0.01714	0.02236	0.06254	0.01400	0.03162	0.17867	0.09160	0.02155	0.02276	0.01690	0.01022	0.01145	0.00246	0.13155	0.00722	0.00630	0.22232
1	0.01880	0.01786	0.02996	0.29543	0.36761	0.01929	0.02440	0.02403	0.01891	0.02571	0.02091	0.02646	0.05491	0.00911	0.00878	0.00274	0.01046	0.00848	0.00440	0.01175
2	0.01711	0.01712	0.01449	0.01352	0.01633	0.17162	0.01014	0.02044	0.02392	0.02970	0.38971	0.05577	0.15412	0.01630	0.00968	0.00265	0.00709	0.01365	0.00807	0.00856
3	0.02131	0.02044	0.03491	0.08678	0.60794	0.02065	0.02663	0.02653	0.01973	0.02816	0.01636	0.02168	0.01370	0.00782	0.00864	0.00261	0.01043	0.00777	0.00429	0.01360
4	0.02891	0.02033	0.02164	0.01707	0.02280	0.02229	0.01394	0.46165	0.03530	0.04933	0.02283	0.02385	0.01673	0.01039	0.00806	0.00247	0.00821	0.00792	0.19312	0.01315
5	0.01733	0.01345	0.01464	0.01280	0.01667	0.01350	0.01001	0.16605	0.06712	0.03518	0.20385	0.05995	0.30051	0.01742	0.00981	0.00281	0.00581	0.01452	0.00868	0.00989
6	0.01790	0.04249	0.57843	0.02704	0.06704	0.02040	0.07100	0.02760	0.01863	0.02769	0.01583	0.01892	0.01133	0.00820	0.00844	0.00277	0.01289	0.00677	0.00376	0.01286
7	0.02216	0.02306	0.05841	0.05036	0.57491	0.06327	0.02632	0.02734	0.02013	0.02799	0.01618	0.02108	0.01354	0.00787	0.00857	0.00257	0.01082	0.00758	0.00431	0.01353
8	0.02113	0.19655	0.17125	0.03759	0.35320	0.02409	0.02498	0.02679	0.01901	0.02630	0.01517	0.01899	0.01256	0.00781	0.00780	0.00245	0.01065	0.00670	0.00403	0.01296
9	0.02329	0.02105	0.03192	0.04504	0.49160	0.04993	0.02374	0.03067	0.09656	0.07040	0.01988	0.02324	0.01583	0.00854	0.00864	0.00263	0.00998	0.00800	0.00533	0.01371
10	0.01289	0.00915	0.01306	0.01297	0.01465	0.01026	0.01003	0.01623	0.01579	0.02343	0.09693	0.03775	0.02910	0.05334	0.50590	0.01129	0.01883	0.00997	0.09056	0.00788
11	0.01069	0.00885	0.00936	0.00923	0.01201	0.00752	0.00692	0.01325	0.02077	0.02567	0.18926	0.08048	0.53328	0.02130	0.01031	0.00291	0.00436	0.01792	0.00838	0.00752
12	0.01847	0.03915	0.49505	0.03109	0.15428	0.02045	0.06481	0.02748	0.01882	0.02781	0.01592	0.01933	0.01171	0.00813	0.00847	0.00274	0.01251	0.00693	0.00385	0.01300
13	0.02108	0.02021	0.03449	0.11468	0.58184	0.02059	0.02652	0.02633	0.01962	0.02788	0.01632	0.02175	0.01360	0.00787	0.00864	0.00262	0.01049	0.00777	0.00427	0.01341
14	0.01369	0.01185	0.01627	0.02065	0.16988	0.01095	0.01212	0.01715	0.02115	0.02783	0.21495	0.06328	0.33257	0.01736	0.00988	0.00280	0.00583	0.01504	0.00755	0.00922
15	0.02774	0.03241	0.02183	0.02027	0.02436	0.45233	0.01569	0.06932	0.02465	0.02468	0.02472	0.03602	0.05606	0.01277	0.00887	0.00265	0.01316	0.11693	0.00568	0.00987
16	0.05759	0.10782	0.06577	0.02353	0.05792	0.18218	0.13283	0.10513	0.02349	0.05768	0.01737	0.01997	0.01342	0.00860	0.00800	0.00242	0.01161	0.00712	0.05529	0.04227
17	0.01246	0.00935	0.01402	0.01402	0.01558	0.01090	0.01090	0.01558	0.01402	0.02025	0.02336	0.03427	0.02181	0.06542	0.65888	0.01402	0.02336	0.00935	0.00467	0.00779
18	0.02130	0.02043	0.03489	0.08797	0.60683	0.02065	0.02663	0.02652	0.01973	0.02815	0.01636	0.02168	0.01370	0.00782	0.00864	0.00261	0.01043	0.00777	0.00429	0.01359
19	0.01235	0.00892	0.01166	0.01097	0.01303	0.00823	0.00823	0.01646	0.02469	0.03498	0.63443	0.06516	0.08230	0.01783	0.01029	0.00274	0.00412	0.01578	0.00960	0.00823
20	0.01054	0.00885	0.00915	0.00908	0.01192	0.00746	0.00681	0.01296	0.02042	0.02484	0.14953	0.08184	0.57353	0.02161	0.01031	0.00292	0.00438	0.01811	0.00827	0.00746
21	0.01631	0.01269	0.01724	0.01590	0.01811	0.01507	0.01266	0.10574	0.01801	0.02556	0.02169	0.03060	0.01962	0.05165	0.49185	0.01118	0.09295	0.00893	0.00519	0.00904
22	0.02074	0.02121	0.03959	0.08718	0.36019	0.02148	0.22077	0.02648	0.01951	0.02739	0.01643	0.02218	0.01332	0.00820	0.01053	0.00281	0.05651	0.00861	0.00429	0.01257
23	0.06660	0.02666	0.02534	0.02003	0.02657	0.12186	0.01629	0.49614	0.03734	0.04917	0.01941	0.01984	0.01404	0.01014	0.00844	0.00257	0.01039	0.00737	0.00793	0.01387
24	0.02345	0.52031	0.11479	0.01700	0.02473	0.03169	0.01735	0.08631	0.02001	0.02495	0.01343	0.01547	0.01156	0.00822	0.00728	0.00214	0.04002	0.00534	0.00424	0.01170
25	0.02332	0.59734	0.04275	0.01611	0.02266	0.06335	0.01545	0.02600	0.01761	0.02061	0.01212	0.01460	0.01122	0.00834	0.00808	0.00209	0.07858	0.00502	0.00378	0.01097
26	0.01230	0.00846	0.00946	0.00956	0.00994	0.00826	0.00558	0.01264	0.01374	0.01797	0.03574	0.09149	0.10472	0.58073	0.03870	0.00756	0.00781	0.01396	0.00576	0.00562
27	0.01331	0.00914	0.01186	0.01135	0.01357	0.00839	0.00861	0.01711	0.02367	0.05843	0.50752	0.10309	0.11422	0.01871	0.01037	0.00287	0.00453	0.04551	0.00938	0.00837
28	0.07975	0.02186	0.02300	0.01798	0.02423	0.02416	0.01477	0.49605	0.03638	0.05107	0.02130	0.02195	0.01542	0.01027	0.00817	0.00255	0.00871	0.00768	0.10109	0.01362
29	0.01100	0.00906	0.00980	0.01017	0.01294	0.00786	0.00800	0.01354	0.01992	0.02403	0.08057	0.08662	0.52735	0.02246	0.01063	0.00314	0.00509	0.12223	0.00809	0.00749
30	0.01246	0.00935	0.01402	0.01402	0.01558	0.01090	0.01090	0.01558	0.01402	0.02025	0.02336	0.03427	0.02181	0.06542	0.65888	0.01402	0.02336	0.00935	0.00467	0.00779
31	0.02137	0.02134	0.03890	0.04989	0.51000	0.02102	0.15301	0.02702	0.02002	0.02838	0.01668	0.02201	0.01369	0.00768	0.00900	0.00267	0.01131	0.00832	0.00434	0.01337
32	0.03167	0.03430	0.02622	0.02481	0.08746	0.40345	0.01775	0.20891	0.02919	0.03228	0.01604	0.01789	0.01259	0.00932	0.00820	0.00239	0.01334	0.00651	0.00576	0.01191
33	0.10548	0.15977	0.19987	0.09352	0.15195	0.09914	0.02255	0.02725	0.01881	0.02644	0.01445	0.01788	0.01152	0.00813	0.00750	0.00250	0.01121	0.00620	0.00413	0.01169
34	0.22891	0.09919	0.34630	0.02292	0.09026	0.02152	0.02347	0.02682	0.01747	0.03029	0.01438	0.01708	0.01088	0.00810	0.00723	0.00264	0.01053	0.00591	0.00424	0.01183
35	0.02659	0.39432	0.07830	0.01859	0.02524	0.28042	0.01686	0.02967	0.02054	0.02133	0.01290	0.01498	0.01120	0.00812	0.00668	0.00208	0.01210	0.00516	0.00403	0.01088
36	0.02083	0.02078	0.03282	0.22677	0.40478	0.06345	0.05296	0.02609	0.01954	0.02622	0.01601	0.02176	0.01299	0.00810	0.00869	0.00267	0.01129	0.00774	0.00421	0.01230
37	0.02464	0.03152	0.09539	0.01941	0.02473	0.33519	0.01628	0.03257	0.14998	0.02569	0.03130	0.03136	0.12196	0.01176	0.00855	0.00258	0.01157	0.00882	0.00595	0.01075

[dist]
# distance from previous block
# <min> <max>
0	2

[block]
# block no. 12 follows, 20 sequences, length 39
# corresponding to MSA columns:
# 679-717
name=unknown_M
#
# <colnr> <probs for GDERKNQSTAVLIFYWHMCP>
#	G	D	E	R	K	N	Q	S	T	A	V	L	I	F	Y	W	H	M	C	P
0	0.01688	0.04154	0.01746	0.05400	0.10184	0.01283	0.01230	0.02149	0.06576	0.08592	0.07810	0.12296	0.22909	0.06213	0.01197	0.00329	0.00679	0.03863	0.00737	0.00966
1	0.09270	0.15145	0.03146	0.03170	0.25400	0.24790	0.01953	0.02939	0.02073	0.02549	0.01421	0.01746	0.01203	0.00817	0.00751	0.00235	0.01174	0.00617	0.00437	0.01163
2	0.02274	0.30701	0.16743	0.02795	0.18644	0.10183	0.02188	0.02764	0.01925	0.02419	0.01414	0.01710	0.01185	0.00790	0.00722	0.00229	0.01111	0.00596	0.00396	0.01211
3	0.02034	0.06711	0.15113	0.02590	0.03187	0.06884	0.17701	0.02544	0.01756	0.02450	0.01430	0.01954	0.01190	0.01045	0.01584	0.00302	0.25185	0.00766	0.00407	0.05168
4	0.01801	0.01263	0.01201	0.01141	0.01399	0.04960	0.00843	0.02624	0.15957	0.03068	0.02909	0.03486	0.02397	0.10286	0.01203	0.00313	0.00601	0.00900	0.42728	0.00919
5	0.01147	0.00885	0.01026	0.01037	0.01255	0.00793	0.00772	0.01415	0.02045	0.02644	0.23653	0.11592	0.33016	0.08260	0.01362	0.00352	0.00506	0.06665	0.00828	0.00747
6	0.02332	0.69869	0.04571	0.01493	0.02239	0.03451	0.01493	0.02612	0.01772	0.02052	0.01213	0.01399	0.01119	0.00746	0.00560	0.00187	0.00933	0.00466	0.00373	0.01119
7	0.01615	0.00984	0.01274	0.01237	0.01463	0.00927	0.00912	0.02009	0.05019	0.11548	0.28383	0.24170	0.05905	0.06765	0.01275	0.00344	0.00545	0.03845	0.00893	0.00888
8	0.03263	0.02042	0.02318	0.01808	0.02475	0.02141	0.01480	0.33919	0.11393	0.22408	0.02660	0.02494	0.01832	0.01056	0.00865	0.00262	0.00845	0.00826	0.00918	0.04995
9	0.03256	0.02616	0.02571	0.02024	0.02684	0.10020	0.01648	0.51712	0.06595	0.05021	0.02075	0.02087	0.01496	0.01036	0.00863	0.00259	0.01019	0.00769	0.00824	0.01424
