[name]
unknown

[dist]
# distance from previous block
# <min> <max>
0	0

[block]
# block no. 0 follows, 20 sequences, length 6
# corresponding to MSA columns:
# 0-5
name=unknown_A
#
# <colnr> <probs for GDERKNQSTAVLIFYWHMCP>
#	G	D	E	R	K	N	Q	S	T	A	V	L	I	F	Y	W	H	M	C	P
0	0.01406	0.01004	0.01406	0.01606	0.01807	0.01004	0.01406	0.01807	0.02008	0.02610	0.04618	0.09839	0.05020	0.02410	0.01205	0.00402	0.00803	0.58032	0.00803	0.00803
1	0.02877	0.09236	0.02464	0.01948	0.02447	0.39907	0.01521	0.13432	0.02635	0.02763	0.02510	0.02599	0.09858	0.01094	0.00816	0.00238	0.01249	0.00771	0.00569	0.01068
2	0.01741	0.16966	0.02499	0.01683	0.01961	0.02126	0.01417	0.02193	0.06529	0.02185	0.01874	0.02559	0.01712	0.03482	0.29340	0.00770	0.18765	0.00788	0.00459	0.00952
3	0.21150	0.02290	0.01816	0.01582	0.02080	0.18376	0.01243	0.12545	0.05801	0.06915	0.03212	0.03188	0.14007	0.01195	0.00799	0.00263	0.00913	0.00880	0.00678	0.01066
4	0.02729	0.24977	0.10397	0.02061	0.02784	0.20228	0.05329	0.16178	0.02520	0.02984	0.01524	0.01713	0.01214	0.00865	0.00752	0.00231	0.01188	0.00619	0.00511	0.01195
5	0.02004	0.02052	0.18176	0.01739	0.02338	0.01364	0.01745	0.02682	0.05847	0.15068	0.14834	0.05343	0.03901	0.01537	0.00988	0.00312	0.00837	0.17351	0.00779	0.01104

[dist]
# distance from previous block
# <min> <max>
0	1

[block]
# block no. 1 follows, 20 sequences, length 14
# corresponding to MSA columns:
# 7-20
name=unknown_B
#
# <colnr> <probs for GDERKNQSTAVLIFYWHMCP>
#	G	D	E	R	K	N	Q	S	T	A	V	L	I	F	Y	W	H	M	C	P
0	0.05681	0.03006	0.28052	0.15364	0.08368	0.02188	0.02511	0.13814	0.02213	0.03197	0.01621	0.01995	0.01206	0.00927	0.00988	0.00283	0.06167	0.00708	0.00484	0.01228
1	0.02164	0.02572	0.14340	0.15495	0.10173	0.06335	0.20864	0.02956	0.06323	0.07359	0.01902	0.02297	0.01405	0.00851	0.00909	0.00280	0.01232	0.00841	0.00498	0.01203
2	0.40533	0.01856	0.01922	0.15693	0.02891	0.02149	0.01452	0.17848	0.02228	0.03965	0.01519	0.01792	0.01134	0.00886	0.00699	0.00272	0.00855	0.00620	0.00594	0.01092
3	0.17518	0.03528	0.44554	0.02054	0.03069	0.01886	0.02484	0.02603	0.01830	0.03086	0.07945	0.02238	0.01814	0.00924	0.00788	0.00275	0.01066	0.00705	0.00467	0.01167
4	0.01246	0.00935	0.01402	0.01402	0.01558	0.01090	0.01090	0.01558	0.01402	0.02025	0.02336	0.03427	0.02181	0.06542	0.65888	0.01402	0.02336	0.00935	0.00467	0.00779
5	0.02157	0.03537	0.42287	0.02970	0.16573	0.01926	0.02818	0.02963	0.01970	0.11888	0.01858	0.02077	0.01320	0.00855	0.00843	0.00272	0.01154	0.00708	0.00487	0.01338
6	0.02909	0.01475	0.01891	0.01568	0.02144	0.01350	0.01301	0.06804	0.06522	0.34438	0.03343	0.04240	0.02640	0.01306	0.00914	0.00279	0.00750	0.13087	0.00912	0.12127
7	0.01059	0.00772	0.00999	0.01180	0.01256	0.00711	0.00794	0.01218	0.01703	0.02240	0.05228	0.62477	0.11796	0.02678	0.01105	0.00348	0.00499	0.02413	0.00810	0.00711
8	0.01434	0.01363	0.01229	0.01212	0.01461	0.10692	0.00891	0.01696	0.02139	0.02620	0.22310	0.17821	0.27950	0.01985	0.01008	0.00289	0.00618	0.01688	0.00797	0.00798
9	0.01856	0.13081	0.52532	0.02552	0.07727	0.02220	0.02954	0.02736	0.01842	0.02674	0.01523	0.01804	0.01126	0.00814	0.00795	0.00263	0.01224	0.00630	0.00373	0.01273
10	0.27855	0.07441	0.18464	0.07480	0.02601	0.01859	0.01719	0.02378	0.01715	0.03031	0.05907	0.02897	0.01979	0.05903	0.01010	0.00319	0.00905	0.05021	0.00516	0.01003
11	0.07525	0.01338	0.01578	0.01362	0.01823	0.01273	0.01087	0.02665	0.11562	0.11449	0.21945	0.04483	0.04174	0.01343	0.00886	0.00259	0.00610	0.06969	0.00821	0.16848
12	0.06617	0.30767	0.13221	0.02145	0.02921	0.16327	0.11506	0.02849	0.01963	0.02408	0.01386	0.01662	0.01142	0.00793	0.00725	0.00231	0.01198	0.00607	0.00410	0.01121
13	0.08955	0.05668	0.02313	0.02122	0.08416	0.19786	0.01516	0.03089	0.10642	0.07134	0.02035	0.05883	0.01720	0.01044	0.00940	0.00250	0.06067	0.00774	0.00584	0.11062

[dist]
# distance from previous block
# <min> <max>
7	17

[block]
# block no. 2 follows, 20 sequences, length 8
# corresponding to MSA columns:
# 38-45
name=unknown_C
#
# <colnr> <probs for GDERKNQSTAVLIFYWHMCP>
#	G	D	E	R	K	N	Q	S	T	A	V	L	I	F	Y	W	H	M	C	P
0	0.33062	0.07886	0.14117	0.07385	0.02637	0.01947	0.01635	0.02942	0.01820	0.16515	0.01794	0.01914	0.01273	0.00872	0.00700	0.00266	0.00873	0.00620	0.00596	0.01145
1	0.03110	0.03911	0.02494	0.02252	0.02652	0.58921	0.01710	0.03332	0.02347	0.02131	0.01326	0.01610	0.01126	0.00968	0.01014	0.00242	0.08824	0.00584	0.00442	0.01005
2	0.02865	0.24573	0.03145	0.02014	0.02522	0.41463	0.01642	0.03104	0.02166	0.02106	0.01290	0.01544	0.01124	0.00899	0.00874	0.00225	0.06434	0.00547	0.00420	0.01041
3	0.07760	0.01563	0.01484	0.01656	0.07384	0.11028	0.01133	0.01895	0.01981	0.02509	0.05378	0.14312	0.28838	0.01848	0.00966	0.00298	0.00739	0.07671	0.00696	0.00860
4	0.02044	0.02023	0.01896	0.01927	0.07505	0.13174	0.01349	0.03306	0.29315	0.02944	0.04469	0.04298	0.19357	0.01384	0.00908	0.00279	0.00810	0.01131	0.00747	0.01134
5	0.11941	0.07729	0.01833	0.01432	0.01840	0.17504	0.01136	0.09225	0.02178	0.03162	0.02015	0.02317	0.01609	0.01196	0.03678	0.00278	0.00927	0.00680	0.28340	0.00980
6	0.38067	0.16539	0.07763	0.01532	0.02175	0.12083	0.01394	0.02841	0.01793	0.07011	0.01407	0.01573	0.01100	0.00829	0.00629	0.00246	0.00925	0.00526	0.00510	0.01056
7	0.02847	0.12955	0.02927	0.05665	0.10774	0.13898	0.01767	0.23246	0.08070	0.06674	0.01933	0.02060	0.01471	0.00943	0.00809	0.00248	0.01051	0.00717	0.00649	0.01294

[dist]
# distance from previous block
# <min> <max>
1	22

[block]
# block no. 3 follows, 20 sequences, length 20
# corresponding to MSA columns:
# 68-87
name=unknown_D
#
# <colnr> <probs for GDERKNQSTAVLIFYWHMCP>
#	G	D	E	R	K	N	Q	S	T	A	V	L	I	F	Y	W	H	M	C	P
0	0.09410	0.13353	0.29842	0.01884	0.02742	0.07956	0.02083	0.05145	0.01980	0.02768	0.02716	0.02832	0.11721	0.01065	0.00791	0.00260	0.01040	0.00802	0.00492	0.01118
1	0.18260	0.10570	0.02637	0.15220	0.10092	0.17006	0.01760	0.09689	0.02168	0.03009	0.01466	0.01798	0.01165	0.00860	0.00742	0.00251	0.01086	0.00625	0.00496	0.01100
2	0.02285	0.02179	0.04664	0.01578	0.02136	0.15950	0.01286	0.07711	0.04662	0.08636	0.09324	0.03542	0.12680	0.01189	0.00841	0.00231	0.00865	0.00940	0.00687	0.18613
3	0.02383	0.09678	0.09542	0.02028	0.02521	0.20585	0.01764	0.05960	0.13657	0.02638	0.01872	0.02154	0.01531	0.01537	0.06824	0.00372	0.12588	0.00721	0.00528	0.01118
4	0.12838	0.03512	0.39347	0.02605	0.03674	0.02064	0.18299	0.02741	0.01847	0.02943	0.01566	0.01915	0.01140	0.00801	0.00839	0.00280	0.01246	0.00722	0.00413	0.01208
5	0.10470	0.02878	0.18559	0.10552	0.03566	0.10592	0.14013	0.02658	0.01826	0.02634	0.01460	0.01932	0.01147	0.00946	0.01196	0.00293	0.13040	0.00729	0.00418	0.01091
6	0.01494	0.00942	0.01184	0.01095	0.01315	0.00866	0.00796	0.01799	0.02188	0.09223	0.40183	0.06169	0.11728	0.15236	0.01694	0.00390	0.00535	0.01469	0.00872	0.00823
7	0.01790	0.02480	0.21599	0.01667	0.02604	0.01434	0.01721	0.02374	0.01819	0.02817	0.01555	0.01819	0.01233	0.00703	0.00703	0.00175	0.00848	0.00557	0.00470	0.51629
8	0.01128	0.00792	0.01020	0.01177	0.01224	0.00756	0.00779	0.01260	0.01598	0.02127	0.04330	0.51194	0.05138	0.17823	0.01873	0.00468	0.00600	0.05293	0.00746	0.00673
9	0.75506	0.01687	0.01282	0.01147	0.01687	0.01957	0.00945	0.02564	0.01484	0.03914	0.01215	0.01417	0.00945	0.00810	0.00540	0.00270	0.00675	0.00472	0.00540	0.00945
10	0.02488	0.02209	0.02133	0.01868	0.02383	0.09512	0.01472	0.15623	0.41102	0.03797	0.03056	0.03131	0.02359	0.01180	0.00887	0.00286	0.00850	0.03501	0.00831	0.01333
11	0.01986	0.01669	0.01941	0.01419	0.02150	0.01408	0.01145	0.08923	0.02050	0.03112	0.01594	0.01846	0.01307	0.00732	0.00773	0.00156	0.03749	0.00559	0.00551	0.62929
12	0.01082	0.00774	0.01029	0.01201	0.01269	0.00721	0.00811	0.01263	0.01760	0.02370	0.11395	0.61781	0.06046	0.02626	0.01104	0.00345	0.00495	0.02378	0.00827	0.00721
13	0.02512	0.02591	0.02129	0.01923	0.02403	0.22167	0.01476	0.04273	0.43529	0.03173	0.02859	0.02726	0.02179	0.01094	0.00856	0.00274	0.00968	0.00853	0.00750	0.01265
14	0.01246	0.00935	0.01402	0.01402	0.01558	0.01090	0.01090	0.01558	0.01402	0.02025	0.02336	0.03427	0.02181	0.06542	0.65888	0.01402	0.02336	0.00935	0.00467	0.00779
15	0.01457	0.01206	0.01321	0.01263	0.01595	0.01225	0.00979	0.02434	0.21030	0.02998	0.17120	0.06544	0.29256	0.01823	0.01000	0.00300	0.00543	0.06084	0.00862	0.00960
16	0.01752	0.01207	0.01375	0.01205	0.01575	0.01149	0.00941	0.11809	0.02549	0.09014	0.24769	0.06217	0.29509	0.01770	0.00989	0.00280	0.00548	0.01487	0.00894	0.00961
17	0.75506	0.01687	0.01282	0.01147	0.01687	0.01957	0.00945	0.02564	0.01484	0.03914	0.01215	0.01417	0.00945	0.00810	0.00540	0.00270	0.00675	0.00472	0.00540	0.00945
18	0.03095	0.11412	0.02785	0.02316	0.06111	0.49582	0.01717	0.08355	0.02506	0.02459	0.01414	0.01632	0.01169	0.00887	0.00772	0.00226	0.01416	0.00583	0.00477	0.01086
19	0.12095	0.02367	0.16680	0.02483	0.16443	0.01684	0.01913	0.02601	0.01850	0.06401	0.01633	0.01907	0.01270	0.00764	0.00736	0.00220	0.00892	0.00619	0.00498	0.26944

[dist]
# distance from previous block
# <min> <max>
9	48

[block]
# block no. 4 follows, 20 sequences, length 95
# corresponding to MSA columns:
# 136-230
name=unknown_E
#
# <colnr> <probs for GDERKNQSTAVLIFYWHMCP>
#	G	D	E	R	K	N	Q	S	T	A	V	L	I	F	Y	W	H	M	C	P
0	0.02182	0.01440	0.01933	0.02170	0.15104	0.01373	0.01391	0.06454	0.05323	0.17210	0.07741	0.05106	0.22785	0.01501	0.00951	0.00284	0.00705	0.04403	0.00806	0.01139
1	0.09280	0.10336	0.14927	0.02681	0.08249	0.13486	0.17115	0.02799	0.01956	0.02676	0.01494	0.01864	0.01185	0.00822	0.00893	0.00257	0.03981	0.00702	0.00432	0.04865
2	0.47435	0.02762	0.25466	0.01657	0.02482	0.01983	0.01812	0.02640	0.01620	0.03475	0.01348	0.01579	0.01006	0.00817	0.00650	0.00272	0.00909	0.00538	0.00475	0.01076
3	0.05984	0.02482	0.03051	0.07084	0.37578	0.14375	0.02245	0.11223	0.02349	0.03115	0.01626	0.02010	0.01316	0.00846	0.00835	0.00255	0.01117	0.00723	0.00502	0.01285
4	0.02108	0.02020	0.03448	0.11558	0.58100	0.02059	0.02652	0.02632	0.01962	0.02787	0.01632	0.02176	0.01360	0.00787	0.00864	0.00262	0.01049	0.00777	0.00427	0.01340
5	0.01800	0.01762	0.02719	0.56134	0.12748	0.05598	0.02411	0.02354	0.01815	0.02298	0.01550	0.02263	0.01187	0.00862	0.00866	0.00283	0.01171	0.00763	0.00396	0.01021
6	0.01354	0.01076	0.01249	0.01295	0.01521	0.01090	0.00950	0.02109	0.16428	0.02706	0.09422	0.33139	0.16933	0.02169	0.01041	0.00325	0.00547	0.04918	0.00839	0.00889
7	0.02167	0.02147	0.13308	0.02028	0.02420	0.02035	0.01870	0.04918	0.01770	0.13190	0.02015	0.06688	0.01735	0.01867	0.08007	0.00435	0.30854	0.00894	0.00558	0.01094
8	0.02170	0.01874	0.01972	0.01775	0.02268	0.02170	0.01381	0.04635	0.62327	0.03649	0.03550	0.03254	0.02663	0.01183	0.00888	0.00296	0.00690	0.00986	0.00888	0.01381
9	0.02332	0.69869	0.04571	0.01493	0.02239	0.03451	0.01493	0.02612	0.01772	0.02052	0.01213	0.01399	0.01119	0.00746	0.00560	0.00187	0.00933	0.00466	0.00373	0.01119
10	0.01389	0.01276	0.01550	0.08588	0.02027	0.03956	0.01195	0.01647	0.01801	0.02308	0.08203	0.15664	0.26767	0.02127	0.04239	0.00366	0.13912	0.01509	0.00657	0.00818
11	0.02159	0.02073	0.03541	0.05354	0.63903	0.02073	0.02677	0.02677	0.01986	0.02850	0.01641	0.02159	0.01382	0.00777	0.00864	0.00259	0.01036	0.00777	0.00432	0.01382
12	0.01246	0.00935	0.01402	0.01402	0.01558	0.01090	0.01090	0.01558	0.01402	0.02025	0.02336	0.03427	0.02181	0.06542	0.65888	0.01402	0.02336	0.00935	0.00467	0.00779
13	0.02336	0.01367	0.01617	0.01401	0.01791	0.01410	0.01079	0.08475	0.13740	0.18633	0.03270	0.03751	0.05338	0.13215	0.09709	0.00507	0.00919	0.01001	0.09339	0.01101
14	0.19763	0.02199	0.02034	0.07944	0.02576	0.15530	0.01423	0.10380	0.02384	0.20651	0.05354	0.02333	0.01805	0.00993	0.00787	0.00261	0.00955	0.00733	0.00722	0.01174
15	0.01294	0.00997	0.01461	0.01434	0.01569	0.01185	0.01110	0.01576	0.01388	0.02008	0.02280	0.03472	0.02174	0.10374	0.57382	0.01293	0.06818	0.00945	0.00465	0.00774
16	0.01268	0.00846	0.00951	0.00951	0.00951	0.00846	0.00529	0.01268	0.01268	0.01691	0.02748	0.05708	0.03171	0.69345	0.04440	0.00846	0.00846	0.01268	0.00529	0.00529
17	0.01226	0.00847	0.01020	0.01031	0.01136	0.00807	0.00684	0.01420	0.01801	0.02490	0.23209	0.16493	0.09219	0.28423	0.02359	0.00509	0.00599	0.01585	0.04460	0.00682
18	0.07376	0.01545	0.01735	0.01468	0.01977	0.01579	0.01170	0.09679	0.18575	0.20779	0.08470	0.04194	0.15004	0.01364	0.00899	0.00281	0.00664	0.01114	0.00906	0.01223
19	0.01612	0.01201	0.01617	0.01509	0.01760	0.01376	0.01191	0.12061	0.01879	0.02639	0.02294	0.03191	0.02057	0.05571	0.54399	0.01200	0.02093	0.00908	0.00539	0.00903
20	0.01187	0.00860	0.01067	0.01137	0.01270	0.00809	0.00814	0.01406	0.01848	0.02449	0.17049	0.24145	0.14947	0.16726	0.01811	0.00441	0.00592	0.09950	0.00779	0.00712
21	0.01329	0.01018	0.01198	0.01240	0.01471	0.00984	0.00951	0.04790	0.05390	0.02644	0.08773	0.21833	0.24791	0.05837	0.01254	0.00358	0.00596	0.13920	0.00809	0.00814
22	0.01251	0.00864	0.00973	0.00952	0.01130	0.00803	0.00667	0.01502	0.01918	0.02670	0.22365	0.06295	0.21508	0.19190	0.01839	0.00415	0.00531	0.01445	0.12960	0.00721
23	0.01546	0.01127	0.01352	0.01370	0.01571	0.01139	0.00986	0.14068	0.02207	0.02936	0.04402	0.51777	0.07397	0.02347	0.01058	0.00332	0.00601	0.02087	0.00823	0.00876
24	0.11107	0.01337	0.01459	0.01378	0.01680	0.01414	0.01027	0.14952	0.05817	0.03297	0.06697	0.31608	0.07228	0.05521	0.01143	0.00339	0.00650	0.01613	0.00786	0.00949
25	0.01110	0.00868	0.00935	0.00940	0.01140	0.00770	0.00654	0.01292	0.01840	0.02296	0.12356	0.11137	0.40129	0.18534	0.01865	0.00430	0.00541	0.01714	0.00756	0.00692
26	0.01273	0.00853	0.00872	0.00872	0.01084	0.00781	0.00621	0.01517	0.01808	0.02540	0.05748	0.06192	0.32277	0.13672	0.01492	0.00361	0.00501	0.01394	0.25417	0.00725
27	0.01312	0.00940	0.01122	0.01168	0.01429	0.00844	0.00930	0.01594	0.02018	0.05950	0.09899	0.14191	0.35071	0.02230	0.01079	0.00328	0.00565	0.17699	0.00831	0.00799
28	0.01250	0.00803	0.00946	0.01034	0.01145	0.00765	0.00702	0.01465	0.01713	0.02487	0.06886	0.33868	0.09291	0.12320	0.01474	0.00380	0.00522	0.01756	0.20478	0.00717
29	0.01353	0.00900	0.01236	0.01236	0.01405	0.01012	0.00955	0.01692	0.01523	0.02371	0.02480	0.03377	0.02196	0.04982	0.47458	0.01063	0.01792	0.00900	0.21281	0.00788
30	0.01283	0.00989	0.01473	0.01452	0.01599	0.01179	0.01136	0.01588	0.01398	0.02029	0.02270	0.03342	0.02123	0.06262	0.62366	0.01345	0.05992	0.00925	0.00463	0.00789
31	0.01155	0.00822	0.00961	0.01031	0.01101	0.00778	0.00650	0.01247	0.01536	0.01996	0.04543	0.28190	0.14747	0.34238	0.02677	0.00577	0.00656	0.01792	0.00676	0.00628
32	0.01246	0.00935	0.01402	0.01402	0.01558	0.01090	0.01090	0.01558	0.01402	0.02025	0.02336	0.03427	0.02181	0.06542	0.65888	0.01402	0.02336	0.00935	0.00467	0.00779
33	0.01506	0.01317	0.01901	0.01751	0.01846	0.01712	0.01412	0.01771	0.01376	0.02054	0.01868	0.02830	0.01774	0.04571	0.41116	0.01001	0.28047	0.00867	0.00434	0.00848
34	0.75506	0.01687	0.01282	0.01147	0.01687	0.01957	0.00945	0.02564	0.01484	0.03914	0.01215	0.01417	0.00945	0.00810	0.00540	0.00270	0.00675	0.00472	0.00540	0.00945
35	0.02451	0.18110	0.13420	0.03128	0.22645	0.20927	0.02215	0.02911	0.02057	0.02451	0.01448	0.01768	0.01203	0.00814	0.00768	0.00236	0.01211	0.00624	0.00414	0.01201
36	0.01246	0.00935	0.01402	0.01402	0.01558	0.01090	0.01090	0.01558	0.01402	0.02025	0.02336	0.03427	0.02181	0.06542	0.65888	0.01402	0.02336	0.00935	0.00467	0.00779
37	0.03680	0.01860	0.02257	0.01730	0.02414	0.01839	0.01429	0.26477	0.03125	0.41394	0.02914	0.02626	0.01895	0.01067	0.00875	0.00267	0.00827	0.00841	0.00999	0.01484
38	0.01647	0.01550	0.02616	0.67248	0.06008	0.01938	0.02422	0.02229	0.01744	0.02229	0.01550	0.02326	0.01163	0.00872	0.00872	0.00291	0.01163	0.00775	0.00388	0.00969
39	0.01209	0.00915	0.00986	0.00951	0.01251	0.00778	0.00720	0.01466	0.02090	0.05682	0.17246	0.07822	0.51649	0.02084	0.01023	0.00290	0.00452	0.01750	0.00848	0.00788
40	0.01063	0.00759	0.01012	0.01215	0.01265	0.00709	0.00810	0.01215	0.01670	0.02227	0.04808	0.68775	0.05769	0.02733	0.01113	0.00354	0.00506	0.02480	0.00810	0.00709
41	0.01246	0.00935	0.01402	0.01402	0.01558	0.01090	0.01090	0.01558	0.01402	0.02025	0.02336	0.03427	0.02181	0.06542	0.65888	0.01402	0.02336	0.00935	0.00467	0.00779
42	0.75506	0.01687	0.01282	0.01147	0.01687	0.01957	0.00945	0.02564	0.01484	0.03914	0.01215	0.01417	0.00945	0.00810	0.00540	0.00270	0.00675	0.00472	0.00540	0.00945
43	0.01884	0.01614	0.01708	0.01574	0.02009	0.01799	0.01228	0.03755	0.46107	0.03315	0.04744	0.04714	0.15879	0.01470	0.00935	0.00301	0.00643	0.04242	0.00866	0.01211
44	0.03258	0.04157	0.02472	0.02247	0.02697	0.65843	0.01685	0.03483	0.02472	0.02135	0.01348	0.01573	0.01124	0.00899	0.00787	0.00225	0.01573	0.00562	0.00449	0.01011
45	0.01246	0.00935	0.01402	0.01402	0.01558	0.01090	0.01090	0.01558	0.01402	0.02025	0.02336	0.03427	0.02181	0.06542	0.65888	0.01402	0.02336	0.00935	0.00467	0.00779
46	0.03264	0.03977	0.02487	0.02222	0.02698	0.59194	0.01683	0.09539	0.02643	0.02489	0.01427	0.01628	0.01161	0.00914	0.00796	0.00229	0.01508	0.00585	0.00494	0.01061
47	0.75506	0.01687	0.01282	0.01147	0.01687	0.01957	0.00945	0.02564	0.01484	0.03914	0.01215	0.01417	0.00945	0.00810	0.00540	0.00270	0.00675	0.00472	0.00540	0.00945
48	0.02142	0.02121	0.03819	0.05063	0.53620	0.02096	0.12737	0.02697	0.01999	0.02840	0.01662	0.02193	0.01372	0.00770	0.00892	0.00265	0.01112	0.00821	0.00433	0.01346
49	0.01170	0.00993	0.01023	0.00996	0.01307	0.00900	0.00753	0.01651	0.08644	0.02578	0.12081	0.07699	0.52993	0.02067	0.01015	0.00293	0.00467	0.01729	0.00829	0.00813
50	0.01626	0.00813	0.00813	0.00813	0.01016	0.00813	0.00610	0.02033	0.01829	0.03252	0.02846	0.03252	0.02236	0.01016	0.00610	0.00203	0.00407	0.00813	0.74187	0.00813
51	0.75506	0.01687	0.01282	0.01147	0.01687	0.01957	0.00945	0.02564	0.01484	0.03914	0.01215	0.01417	0.00945	0.00810	0.00540	0.00270	0.00675	0.00472	0.00540	0.00945
52	0.02346	0.02341	0.03020	0.20152	0.31936	0.13114	0.02329	0.09102	0.02241	0.02859	0.01617	0.02093	0.01293	0.00852	0.00853	0.00261	0.01153	0.00740	0.00472	0.01224
53	0.02212	0.52016	0.07071	0.01713	0.02324	0.03214	0.01666	0.02508	0.01681	0.02097	0.01215	0.01531	0.01124	0.00919	0.01071	0.00233	0.15398	0.00539	0.00375	0.01092
54	0.01178	0.00841	0.01144	0.01346	0.01447	0.00808	0.01010	0.01414	0.01784	0.02356	0.04744	0.48971	0.05517	0.02624	0.01144	0.00370	0.00606	0.21147	0.00808	0.00740
55	0.02068	0.02015	0.03060	0.04325	0.46245	0.06394	0.02301	0.02516	0.01892	0.02626	0.01719	0.02326	0.01491	0.01812	0.12165	0.00459	0.04126	0.00789	0.00437	0.01234
56	0.02774	0.02959	0.02998	0.03286	0.22520	0.27157	0.05193	0.13271	0.02517	0.02993	0.01586	0.01915	0.01282	0.00912	0.00956	0.00255	0.04984	0.00707	0.00514	0.01220
57	0.01582	0.01422	0.01809	0.01668	0.01760	0.05070	0.01300	0.01793	0.01414	0.01997	0.01953	0.03217	0.01949	0.15640	0.30207	0.00895	0.24155	0.00916	0.00448	0.00806
58	0.02466	0.01943	0.02543	0.02671	0.19967	0.01858	0.01694	0.18746	0.02540	0.07686	0.01853	0.02065	0.01428	0.00823	0.00786	0.00212	0.00851	0.00690	0.00628	0.28547
59	0.01246	0.00935	0.01402	0.01402	0.01558	0.01090	0.01090	0.01558	0.01402	0.02025	0.02336	0.03427	0.02181	0.06542	0.65888	0.01402	0.02336	0.00935	0.00467	0.00779
60	0.01063	0.00759	0.01012	0.01215	0.01265	0.00709	0.00810	0.01215	0.01670	0.02227	0.04808	0.68775	0.05769	0.02733	0.01113	0.00354	0.00506	0.02480	0.00810	0.00709
61	0.01246	0.00935	0.01402	0.01402	0.01558	0.01090	0.01090	0.01558	0.01402	0.02025	0.02336	0.03427	0.02181	0.06542	0.65888	0.01402	0.02336	0.00935	0.00467	0.00779
62	0.01261	0.00876	0.01104	0.01104	0.01157	0.00929	0.00719	0.01367	0.01314	0.01805	0.02609	0.04934	0.02835	0.48038	0.25286	0.01034	0.01351	0.01155	0.00508	0.00613
63	0.01809	0.01550	0.01809	0.01292	0.02067	0.01163	0.01034	0.02196	0.01809	0.02842	0.01550	0.01809	0.01292	0.00646	0.00646	0.00129	0.00646	0.00517	0.00517	0.74677
64	0.01063	0.00759	0.01012	0.01215	0.01265	0.00709	0.00810	0.01215	0.01670	0.02227	0.04808	0.68775	0.05769	0.02733	0.01113	0.00354	0.00506	0.02480	0.00810	0.00709
65	0.03069	0.02321	0.02479	0.01957	0.02611	0.02590	0.01598	0.48879	0.16618	0.05100	0.02407	0.02344	0.01737	0.01076	0.00876	0.00269	0.00902	0.00829	0.00876	0.01461
66	0.01809	0.01550	0.01809	0.01292	0.02067	0.01163	0.01034	0.02196	0.01809	0.02842	0.01550	0.01809	0.01292	0.00646	0.00646	0.00129	0.00646	0.00517	0.00517	0.74677
67	0.02159	0.02073	0.03541	0.05354	0.63903	0.02073	0.02677	0.02677	0.01986	0.02850	0.01641	0.02159	0.01382	0.00777	0.00864	0.00259	0.01036	0.00777	0.00432	0.01382
68	0.02012	0.01879	0.01820	0.01844	0.04983	0.12257	0.01322	0.06795	0.21805	0.02945	0.03476	0.25229	0.03441	0.01696	0.00962	0.00305	0.00817	0.04582	0.00761	0.01068
69	0.02905	0.02284	0.02392	0.01825	0.02532	0.05337	0.01490	0.42286	0.03401	0.04616	0.01911	0.01992	0.01414	0.00931	0.00807	0.00224	0.00904	0.00702	0.00756	0.21292
70	0.02160	0.02061	0.03448	0.05142	0.60253	0.02078	0.02600	0.02793	0.05560	0.02897	0.01754	0.02224	0.01458	0.00801	0.00865	0.00261	0.01016	0.00790	0.00459	0.01382
71	0.08677	0.01305	0.01582	0.01526	0.04903	0.01177	0.01139	0.01978	0.01768	0.02703	0.02712	0.07902	0.02788	0.10004	0.01312	0.00329	0.00732	0.17136	0.00612	0.29715
72	0.01813	0.11639	0.58255	0.02378	0.03608	0.02181	0.03034	0.02746	0.01834	0.02685	0.01527	0.01793	0.01107	0.00820	0.00799	0.00266	0.01250	0.00625	0.00369	0.01271
73	0.01043	0.00884	0.00900	0.00896	0.01186	0.00742	0.00672	0.01275	0.02017	0.02424	0.12071	0.08283	0.60273	0.02184	0.01031	0.00293	0.00440	0.01825	0.00819	0.00742
74	0.01063	0.00759	0.01012	0.01215	0.01265	0.00709	0.00810	0.01215	0.01670	0.02227	0.04808	0.68775	0.05769	0.02733	0.01113	0.00354	0.00506	0.02480	0.00810	0.00709
75	0.03142	0.03197	0.02667	0.02545	0.10477	0.32131	0.01800	0.26708	0.03071	0.03590	0.01688	0.01859	0.01302	0.00944	0.00831	0.00244	0.01256	0.00680	0.00619	0.01250
76	0.02204	0.02141	0.03067	0.08489	0.42511	0.06550	0.02312	0.03125	0.14976	0.02930	0.02025	0.02364	0.01624	0.00879	0.00864	0.00267	0.01008	0.00807	0.00528	0.01328
77	0.01246	0.00935	0.01402	0.01402	0.01558	0.01090	0.01090	0.01558	0.01402	0.02025	0.02336	0.03427	0.02181	0.06542	0.65888	0.01402	0.02336	0.00935	0.00467	0.00779
78	0.42324	0.01606	0.01584	0.01287	0.01906	0.01627	0.01055	0.02974	0.01827	0.20786	0.01901	0.01923	0.01348	0.00857	0.00654	0.00245	0.00689	0.00594	0.00688	0.14126
79	0.02159	0.02073	0.03541	0.05354	0.63903	0.02073	0.02677	0.02677	0.01986	0.02850	0.01641	0.02159	0.01382	0.00777	0.00864	0.00259	0.01036	0.00777	0.00432	0.01382
80	0.01626	0.00813	0.00813	0.00813	0.01016	0.00813	0.00610	0.02033	0.01829	0.03252	0.02846	0.03252	0.02236	0.01016	0.00610	0.00203	0.00407	0.00813	0.74187	0.00813
81	0.01074	0.00768	0.01022	0.01207	0.01268	0.00716	0.00811	0.01243	0.01723	0.02311	0.08713	0.64629	0.05933	0.02670	0.01108	0.00349	0.00500	0.02420	0.00820	0.00716
82	0.01768	0.04400	0.62001	0.02618	0.06546	0.02028	0.03198	0.02758	0.01848	0.02766	0.01569	0.01856	0.01118	0.00826	0.00830	0.00275	0.01277	0.00651	0.00371	0.01293
83	0.03316	0.02443	0.02618	0.02007	0.02705	0.02705	0.01658	0.60995	0.04101	0.05497	0.02094	0.02094	0.01483	0.01047	0.00873	0.00262	0.00960	0.00785	0.00873	0.01483
84	0.01626	0.00813	0.00813	0.00813	0.01016	0.00813	0.00610	0.02033	0.01829	0.03252	0.02846	0.03252	0.02236	0.01016	0.00610	0.00203	0.00407	0.00813	0.74187	0.00813
85	0.01809	0.01550	0.01809	0.01292	0.02067	0.01163	0.01034	0.02196	0.01809	0.02842	0.01550	0.01809	0.01292	0.00646	0.00646	0.00129	0.00646	0.00517	0.00517	0.74677
86	0.02416	0.01996	0.02111	0.01825	0.02362	0.02285	0.01440	0.16751	0.49810	0.04046	0.03237	0.03005	0.02409	0.01154	0.00884	0.00289	0.00748	0.00943	0.00884	0.01403
87	0.03049	0.02244	0.02430	0.01901	0.02530	0.02466	0.01554	0.53629	0.03856	0.05182	0.06536	0.05984	0.02186	0.01189	0.00896	0.00268	0.00897	0.00932	0.00875	0.01396
88	0.02476	0.46455	0.11536	0.01792	0.02536	0.17829	0.01752	0.02834	0.01944	0.02159	0.01288	0.01495	0.01119	0.00792	0.00646	0.00207	0.01126	0.00511	0.00390	0.01115
89	0.12081	0.09627	0.14607	0.01563	0.02089	0.06229	0.01499	0.02155	0.01787	0.02581	0.06776	0.03819	0.15156	0.08551	0.01391	0.00337	0.07278	0.00985	0.00547	0.00943
90	0.06480	0.01568	0.05472	0.05032	0.02209	0.01432	0.01328	0.09003	0.05596	0.21295	0.15923	0.09810	0.03583	0.01714	0.05240	0.00356	0.00826	0.01140	0.00845	0.01146
91	0.10008	0.03167	0.06072	0.02401	0.09046	0.28923	0.01796	0.21945	0.02820	0.03508	0.01621	0.01804	0.01249	0.00922	0.00801	0.00248	0.01216	0.00653	0.00589	0.01213
92	0.02186	0.07198	0.09453	0.04342	0.43224	0.06453	0.05473	0.02707	0.01956	0.02692	0.01562	0.02032	0.01303	0.00829	0.00956	0.00262	0.04915	0.00740	0.00420	0.01295
93	0.02110	0.16808	0.06149	0.09525	0.12131	0.13930	0.01880	0.02523	0.02003	0.02405	0.02321	0.04056	0.02266	0.01267	0.00879	0.00282	0.01076	0.16828	0.00519	0.01043
94	0.01806	0.01882	0.06180	0.13522	0.28957	0.01780	0.07730	0.02428	0.05389	0.02682	0.03290	0.03589	0.14765	0.01122	0.00916	0.00278	0.00964	0.01035	0.00530	0.01154

[dist]
# distance from previous block
# <min> <max>
4	25

[block]
# block no. 5 follows, 20 sequences, length 15
# corresponding to MSA columns:
# 256-270
name=unknown_F
#
# <colnr> <probs for GDERKNQSTAVLIFYWHMCP>
#	G	D	E	R	K	N	Q	S	T	A	V	L	I	F	Y	W	H	M	C	P
0	0.02598	0.02465	0.02478	0.02783	0.18751	0.20038	0.01744	0.10752	0.08294	0.07252	0.02284	0.08463	0.02005	0.04923	0.01069	0.00296	0.01065	0.00928	0.00625	0.01187
1	0.07615	0.22914	0.02723	0.01825	0.07537	0.10647	0.01385	0.02633	0.02090	0.09467	0.16179	0.02965	0.02966	0.01338	0.03961	0.00294	0.00935	0.00836	0.00621	0.01070
2	0.20080	0.05353	0.11192	0.02891	0.19915	0.07708	0.08096	0.02641	0.01933	0.03058	0.07599	0.02299	0.01873	0.00897	0.00793	0.00263	0.01010	0.00757	0.00502	0.01141
3	0.02255	0.06884	0.11484	0.02204	0.08837	0.19714	0.01781	0.02681	0.02159	0.07012	0.06564	0.04156	0.07949	0.01321	0.00905	0.00278	0.01064	0.11089	0.00603	0.01059
4	0.02168	0.02164	0.03409	0.11248	0.44236	0.06217	0.07703	0.02829	0.06204	0.02789	0.01756	0.02232	0.01426	0.00820	0.00876	0.00266	0.01099	0.00800	0.00461	0.01296
5	0.02226	0.13143	0.24648	0.03274	0.24142	0.08025	0.02527	0.07002	0.02102	0.02830	0.01558	0.01880	0.01232	0.00821	0.00800	0.00251	0.01151	0.00667	0.00435	0.01285
6	0.02210	0.02127	0.03169	0.04518	0.50039	0.06137	0.02361	0.06666	0.02165	0.02944	0.02299	0.02676	0.06948	0.00932	0.00874	0.00260	0.01012	0.00859	0.00498	0.01307
7	0.02896	0.02355	0.07308	0.03377	0.29244	0.11218	0.02089	0.03345	0.02223	0.23984	0.02213	0.02328	0.01591	0.00903	0.00854	0.00259	0.01033	0.00770	0.00653	0.01356
8	0.12504	0.02357	0.02359	0.02323	0.11470	0.11620	0.01615	0.19839	0.15723	0.03817	0.02080	0.02169	0.01587	0.00956	0.00802	0.00256	0.00944	0.00735	0.00680	0.06164
9	0.01327	0.00992	0.01306	0.01266	0.01327	0.01132	0.00891	0.01468	0.01327	0.01863	0.02421	0.04426	0.02575	0.37899	0.28078	0.01012	0.08444	0.01086	0.00489	0.00670
10	0.01251	0.00845	0.00978	0.00984	0.01009	0.00834	0.00578	0.01305	0.01421	0.01916	0.09255	0.09980	0.03875	0.57831	0.03861	0.00753	0.00778	0.01381	0.00593	0.00571
11	0.06374	0.31176	0.26348	0.01784	0.02640	0.02441	0.02006	0.02523	0.01884	0.02643	0.10538	0.02321	0.02154	0.00934	0.00728	0.00238	0.00973	0.00697	0.00468	0.01128
12	0.02590	0.30602	0.15580	0.01991	0.02725	0.28247	0.01910	0.02992	0.02067	0.02225	0.01337	0.01556	0.01118	0.00824	0.00704	0.00220	0.01260	0.00540	0.00403	0.01109
13	0.02617	0.02207	0.02319	0.01918	0.05861	0.07823	0.01457	0.27923	0.02877	0.03933	0.01774	0.01931	0.01365	0.00851	0.00770	0.00203	0.00889	0.00652	0.00661	0.31969
14	0.01315	0.00972	0.01231	0.01182	0.01363	0.00943	0.00821	0.01494	0.01467	0.02072	0.02803	0.15722	0.03046	0.28314	0.20566	0.00796	0.01173	0.01267	0.00560	0.12894

[dist]
# distance from previous block
# <min> <max>
0	32

[block]
# block no. 6 follows, 20 sequences, length 6
# corresponding to MSA columns:
# 303-308
name=unknown_G
#
# <colnr> <probs for GDERKNQSTAVLIFYWHMCP>
#	G	D	E	R	K	N	Q	S	T	A	V	L	I	F	Y	W	H	M	C	P
0	0.02131	0.01528	0.01682	0.01443	0.01752	0.01635	0.01054	0.27183	0.02548	0.03410	0.02723	0.12065	0.02765	0.31333	0.02474	0.00531	0.00853	0.01211	0.00713	0.00966
1	0.01207	0.00820	0.00970	0.01030	0.01045	0.00805	0.00613	0.01252	0.01389	0.01852	0.03365	0.24582	0.03949	0.49410	0.03444	0.00699	0.00744	0.01631	0.00613	0.00582
2	0.02035	0.01488	0.01641	0.01356	0.01710	0.01515	0.00984	0.21322	0.02297	0.03140	0.02343	0.03894	0.02315	0.35847	0.02658	0.00539	0.00853	0.00990	0.00641	0.12430
3	0.01984	0.21787	0.02446	0.01406	0.01797	0.01924	0.01175	0.06034	0.01957	0.08047	0.13153	0.03522	0.03008	0.12624	0.11349	0.00513	0.04752	0.00938	0.00614	0.00969
4	0.02159	0.02073	0.03541	0.05354	0.63903	0.02073	0.02677	0.02677	0.01986	0.02850	0.01641	0.02159	0.01382	0.00777	0.00864	0.00259	0.01036	0.00777	0.00432	0.01382
5	0.02487	0.02662	0.02992	0.03905	0.36657	0.21020	0.02192	0.03205	0.11014	0.02755	0.01835	0.02146	0.01494	0.00873	0.00844	0.00254	0.01145	0.00744	0.00504	0.01272

[dist]
# distance from previous block
# <min> <max>
0	4

[block]
# block no. 7 follows, 20 sequences, length 303
# corresponding to MSA columns:
# 313-601,603-616
name=unknown_H
#
# <colnr> <probs for GDERKNQSTAVLIFYWHMCP>
#	G	D	E	R	K	N	Q	S	T	A	V	L	I	F	Y	W	H	M	C	P
0	0.02616	0.02940	0.03096	0.04061	0.38436	0.28606	0.02264	0.03012	0.02188	0.02552	0.01519	0.01915	0.01274	0.00828	0.00832	0.00245	0.01260	0.00688	0.00439	0.01228
1	0.02329	0.02343	0.02915	0.03724	0.36135	0.13249	0.02080	0.05433	0.02131	0.02844	0.01589	0.01972	0.01320	0.00782	0.00801	0.00224	0.01040	0.00680	0.00475	0.17933
2	0.16543	0.02798	0.08986	0.08953	0.22976	0.20300	0.02091	0.02854	0.01992	0.02785	0.01459	0.01830	0.01175	0.00832	0.00776	0.00256	0.01158	0.00643	0.00447	0.01144
3	0.01704	0.02002	0.11170	0.02729	0.14525	0.01615	0.15222	0.02380	0.05444	0.02929	0.15806	0.04311	0.11227	0.01272	0.00970	0.00286	0.00930	0.03757	0.00628	0.01093
4	0.01097	0.00886	0.00975	0.00953	0.01219	0.00764	0.00715	0.01380	0.02144	0.02727	0.26541	0.07786	0.45613	0.02071	0.01030	0.00288	0.00432	0.01756	0.00859	0.00764
5	0.01422	0.01046	0.01236	0.01260	0.01555	0.00991	0.01025	0.01925	0.07501	0.05803	0.09665	0.08047	0.31608	0.02104	0.01070	0.00329	0.00603	0.21112	0.00837	0.00861
6	0.02332	0.69869	0.04571	0.01493	0.02239	0.03451	0.01493	0.02612	0.01772	0.02052	0.01213	0.01399	0.01119	0.00746	0.00560	0.00187	0.00933	0.00466	0.00373	0.01119
7	0.02130	0.02062	0.03579	0.08183	0.58142	0.02073	0.05634	0.02662	0.01979	0.02818	0.01643	0.02177	0.01368	0.00780	0.00872	0.00262	0.01064	0.00790	0.00430	0.01352
8	0.02241	0.02204	0.03518	0.18142	0.25457	0.06287	0.15847	0.10134	0.02252	0.02992	0.01688	0.02195	0.01316	0.00831	0.00900	0.00272	0.01190	0.00822	0.00482	0.01231
9	0.75506	0.01687	0.01282	0.01147	0.01687	0.01957	0.00945	0.02564	0.01484	0.03914	0.01215	0.01417	0.00945	0.00810	0.00540	0.00270	0.00675	0.00472	0.00540	0.00945
10	0.03258	0.04157	0.02472	0.02247	0.02697	0.65843	0.01685	0.03483	0.02472	0.02135	0.01348	0.01573	0.01124	0.00899	0.00787	0.00225	0.01573	0.00562	0.00449	0.01011
11	0.02165	0.02096	0.02493	0.06633	0.24779	0.10515	0.01837	0.07919	0.12154	0.02987	0.03339	0.03467	0.13554	0.01166	0.00891	0.00269	0.00938	0.00988	0.00618	0.01193
12	0.06085	0.02253	0.14088	0.01813	0.02519	0.01856	0.01685	0.04057	0.29180	0.22417	0.03023	0.02806	0.02125	0.01065	0.00857	0.00283	0.00821	0.00862	0.00831	0.01375
13	0.02170	0.01874	0.01972	0.01775	0.02268	0.02170	0.01381	0.04635	0.62327	0.03649	0.03550	0.03254	0.02663	0.01183	0.00888	0.00296	0.00690	0.00986	0.00888	0.01381
14	0.03262	0.04046	0.02481	0.02232	0.02697	0.61751	0.01684	0.07210	0.02577	0.02353	0.01397	0.01607	0.01147	0.00908	0.00792	0.00227	0.01533	0.00576	0.00477	0.01042
15	0.01189	0.00890	0.01103	0.01050	0.01275	0.00804	0.00787	0.01558	0.02362	0.03243	0.51262	0.06935	0.20570	0.01878	0.01029	0.00279	0.00418	0.01636	0.00927	0.00804
16	0.01212	0.00891	0.01135	0.01074	0.01289	0.00813	0.00805	0.01602	0.02416	0.03372	0.57405	0.06724	0.14347	0.01830	0.01029	0.00277	0.00415	0.01607	0.00944	0.00813
17	0.01246	0.00935	0.01402	0.01402	0.01558	0.01090	0.01090	0.01558	0.01402	0.02025	0.02336	0.03427	0.02181	0.06542	0.65888	0.01402	0.02336	0.00935	0.00467	0.00779
18	0.10736	0.02206	0.02363	0.01845	0.02511	0.02411	0.01518	0.44063	0.07400	0.12781	0.02271	0.02212	0.01591	0.01036	0.00840	0.00266	0.00885	0.00778	0.00866	0.01422
19	0.02332	0.69869	0.04571	0.01493	0.02239	0.03451	0.01493	0.02612	0.01772	0.02052	0.01213	0.01399	0.01119	0.00746	0.00560	0.00187	0.00933	0.00466	0.00373	0.01119
20	0.01246	0.00935	0.01402	0.01402	0.01558	0.01090	0.01090	0.01558	0.01402	0.02025	0.02336	0.03427	0.02181	0.06542	0.65888	0.01402	0.02336	0.00935	0.00467	0.00779
21	0.02170	0.01874	0.01972	0.01775	0.02268	0.02170	0.01381	0.04635	0.62327	0.03649	0.03550	0.03254	0.02663	0.01183	0.00888	0.00296	0.00690	0.00986	0.00888	0.01381
22	0.02159	0.02073	0.03541	0.05354	0.63903	0.02073	0.02677	0.02677	0.01986	0.02850	0.01641	0.02159	0.01382	0.00777	0.00864	0.00259	0.01036	0.00777	0.00432	0.01382
23	0.20472	0.02264	0.02300	0.01803	0.02463	0.02527	0.01488	0.47109	0.03479	0.05121	0.01885	0.01933	0.01355	0.00991	0.00794	0.00264	0.00892	0.00711	0.00794	0.01355
24	0.02235	0.01760	0.02033	0.01737	0.05075	0.01708	0.01306	0.12593	0.18313	0.06614	0.02454	0.06043	0.01986	0.00999	0.00796	0.00221	0.00725	0.00826	0.00715	0.31863
25	0.03183	0.04032	0.02483	0.02250	0.02674	0.62327	0.01698	0.03406	0.02409	0.02133	0.01337	0.01592	0.01125	0.00934	0.00902	0.00233	0.05256	0.00573	0.00446	0.01008
26	0.03265	0.03961	0.02489	0.02220	0.02698	0.58605	0.01682	0.10076	0.02659	0.02520	0.01434	0.01633	0.01165	0.00916	0.00796	0.00229	0.01503	0.00587	0.00498	0.01065
27	0.03258	0.04157	0.02472	0.02247	0.02697	0.65843	0.01685	0.03483	0.02472	0.02135	0.01348	0.01573	0.01124	0.00899	0.00787	0.00225	0.01573	0.00562	0.00449	0.01011
28	0.01074	0.00768	0.01022	0.01207	0.01268	0.00716	0.00811	0.01242	0.01721	0.02307	0.08525	0.64829	0.05925	0.02673	0.01108	0.00349	0.00500	0.02423	0.00819	0.00716
29	0.01246	0.00935	0.01402	0.01402	0.01558	0.01090	0.01090	0.01558	0.01402	0.02025	0.02336	0.03427	0.02181	0.06542	0.65888	0.01402	0.02336	0.00935	0.00467	0.00779
30	0.01235	0.00892	0.01166	0.01097	0.01303	0.00823	0.00823	0.01646	0.02469	0.03498	0.63443	0.06516	0.08230	0.01783	0.01029	0.00274	0.00412	0.01578	0.00960	0.00823
31	0.01750	0.04512	0.64825	0.02486	0.03775	0.02026	0.03223	0.02762	0.01842	0.02762	0.01565	0.01842	0.01105	0.00829	0.00829	0.00276	0.01289	0.00645	0.00368	0.01289
32	0.01246	0.00935	0.01402	0.01402	0.01558	0.01090	0.01090	0.01558	0.01402	0.02025	0.02336	0.03427	0.02181	0.06542	0.65888	0.01402	0.02336	0.00935	0.00467	0.00779
33	0.03170	0.02334	0.02514	0.01956	0.02612	0.02576	0.01603	0.57121	0.03944	0.05285	0.02270	0.06415	0.01761	0.01156	0.00888	0.00268	0.00930	0.00895	0.00869	0.01433
34	0.01063	0.00759	0.01012	0.01215	0.01265	0.00709	0.00810	0.01215	0.01670	0.02227	0.04808	0.68775	0.05769	0.02733	0.01113	0.00354	0.00506	0.02480	0.00810	0.00709
35	0.02748	0.03322	0.02117	0.01939	0.02350	0.48129	0.01455	0.05390	0.02412	0.02321	0.02905	0.06260	0.12615	0.01235	0.00851	0.00245	0.01289	0.00900	0.00551	0.00966
36	0.03316	0.02443	0.02618	0.02007	0.02705	0.02705	0.01658	0.60995	0.04101	0.05497	0.02094	0.02094	0.01483	0.01047	0.00873	0.00262	0.00960	0.00785	0.00873	0.01483
37	0.01876	0.01651	0.02143	0.02076	0.14003	0.01338	0.01351	0.02289	0.01843	0.02844	0.01568	0.01876	0.01309	0.00671	0.00688	0.00154	0.00721	0.00567	0.00500	0.60529
38	0.01248	0.00927	0.01361	0.01361	0.01503	0.01068	0.01040	0.01532	0.01390	0.01995	0.02374	0.03633	0.02270	0.12218	0.60334	0.01352	0.02202	0.00965	0.00473	0.00756
39	0.01246	0.00935	0.01402	0.01402	0.01558	0.01090	0.01090	0.01558	0.01402	0.02025	0.02336	0.03427	0.02181	0.06542	0.65888	0.01402	0.02336	0.00935	0.00467	0.00779
40	0.02302	0.66527	0.07653	0.01543	0.02317	0.03379	0.01581	0.02620	0.01776	0.02089	0.01231	0.01422	0.01119	0.00750	0.00573	0.00191	0.00951	0.00476	0.00373	0.01128
41	0.02242	0.01910	0.02013	0.01790	0.02296	0.02204	0.01398	0.08208	0.58636	0.03766	0.03458	0.03181	0.02588	0.01175	0.00887	0.00294	0.00707	0.00973	0.00887	0.01387
42	0.01465	0.01142	0.01360	0.01261	0.01544	0.01163	0.00959	0.02392	0.17709	0.03489	0.45921	0.05762	0.09094	0.01648	0.00993	0.00281	0.00484	0.01438	0.00936	0.00962
43	0.03258	0.04157	0.02472	0.02247	0.02697	0.65843	0.01685	0.03483	0.02472	0.02135	0.01348	0.01573	0.01124	0.00899	0.00787	0.00225	0.01573	0.00562	0.00449	0.01011
44	0.01031	0.00884	0.00884	0.00884	0.01178	0.00736	0.00663	0.01252	0.01988	0.02356	0.08837	0.08395	0.63549	0.02209	0.01031	0.00295	0.00442	0.01841	0.00810	0.00736
45	0.01406	0.01004	0.01406	0.01606	0.01807	0.01004	0.01406	0.01807	0.02008	0.02610	0.04618	0.09839	0.05020	0.02410	0.01205	0.00402	0.00803	0.58032	0.00803	0.00803
46	0.03258	0.04157	0.02472	0.02247	0.02697	0.65843	0.01685	0.03483	0.02472	0.02135	0.01348	0.01573	0.01124	0.00899	0.00787	0.00225	0.01573	0.00562	0.00449	0.01011
47	0.01040	0.00884	0.00896	0.00893	0.01184	0.00740	0.00670	0.01270	0.02010	0.02408	0.11294	0.08310	0.61060	0.02190	0.01031	0.00294	0.00440	0.01829	0.00817	0.00740
48	0.01626	0.00813	0.00813	0.00813	0.01016	0.00813	0.00610	0.02033	0.01829	0.03252	0.02846	0.03252	0.02236	0.01016	0.00610	0.00203	0.00407	0.00813	0.74187	0.00813
49	0.01248	0.00926	0.01356	0.01356	0.01496	0.01066	0.01034	0.01528	0.01388	0.01991	0.02378	0.03657	0.02281	0.12889	0.59678	0.01346	0.02186	0.00968	0.00473	0.00754
50	0.01809	0.01550	0.01809	0.01292	0.02067	0.01163	0.01034	0.02196	0.01809	0.02842	0.01550	0.01809	0.01292	0.00646	0.00646	0.00129	0.00646	0.00517	0.00517	0.74677
51	0.01732	0.01584	0.02620	0.19614	0.32385	0.01666	0.02103	0.02166	0.01840	0.02525	0.02484	0.20408	0.02526	0.01335	0.00934	0.00293	0.00923	0.01242	0.00524	0.01095
52	0.02332	0.69869	0.04571	0.01493	0.02239	0.03451	0.01493	0.02612	0.01772	0.02052	0.01213	0.01399	0.01119	0.00746	0.00560	0.00187	0.00933	0.00466	0.00373	0.01119
53	0.02135	0.02048	0.03497	0.08243	0.61201	0.02066	0.02665	0.02656	0.01975	0.02821	0.01637	0.02167	0.01371	0.00782	0.00864	0.00261	0.01042	0.00777	0.00430	0.01362
54	0.18490	0.01452	0.01558	0.04484	0.01988	0.01583	0.01176	0.10870	0.10327	0.03409	0.06879	0.15732	0.08682	0.01614	0.00905	0.00307	0.00691	0.08097	0.00756	0.00999
55	0.01063	0.00759	0.01012	0.01215	0.01265	0.00709	0.00810	0.01215	0.01670	0.02227	0.04808	0.68775	0.05769	0.02733	0.01113	0.00354	0.00506	0.02480	0.00810	0.00709
56	0.01647	0.01550	0.02616	0.67248	0.06008	0.01938	0.02422	0.02229	0.01744	0.02229	0.01550	0.02326	0.01163	0.00872	0.00872	0.00291	0.01163	0.00775	0.00388	0.00969
57	0.01878	0.08671	0.45567	0.02878	0.09853	0.02160	0.11442	0.02748	0.01883	0.02725	0.01577	0.01916	0.01166	0.00804	0.00842	0.00271	0.01264	0.00701	0.00386	0.01270
58	0.02136	0.02049	0.03499	0.08139	0.61298	0.02066	0.02666	0.02657	0.01975	0.02822	0.01637	0.02166	0.01372	0.00781	0.00864	0.00260	0.01042	0.00777	0.00430	0.01363
59	0.01216	0.00891	0.01140	0.01078	0.01292	0.00815	0.00809	0.01610	0.02426	0.03395	0.58508	0.06686	0.13230	0.01822	0.01029	0.00276	0.00414	0.01601	0.00947	0.00815
60	0.01708	0.00995	0.01201	0.01124	0.01445	0.00865	0.00850	0.01968	0.02108	0.16351	0.14316	0.18223	0.31514	0.01997	0.01012	0.00297	0.00517	0.01710	0.00891	0.00910
61	0.03083	0.03863	0.02450	0.02328	0.05275	0.58977	0.01691	0.03326	0.02383	0.02159	0.01424	0.01716	0.01202	0.01251	0.04917	0.00301	0.01598	0.00595	0.00450	0.01013
62	0.01172	0.00949	0.01048	0.01012	0.01290	0.00857	0.00762	0.01600	0.05976	0.02824	0.26965	0.07434	0.40985	0.02000	0.01021	0.00288	0.00447	0.01698	0.00866	0.00807
63	0.01144	0.00888	0.01040	0.01002	0.01247	0.00784	0.00751	0.01470	0.02254	0.02988	0.39046	0.07355	0.32946	0.01974	0.01030	0.00283	0.00425	0.01695	0.00893	0.00784
64	0.01268	0.00846	0.00951	0.00951	0.00951	0.00846	0.00529	0.01268	0.01268	0.01691	0.02748	0.05708	0.03171	0.69345	0.04440	0.00846	0.00846	0.01268	0.00529	0.00529
65	0.02170	0.01874	0.01972	0.01775	0.02268	0.02170	0.01381	0.04635	0.62327	0.03649	0.03550	0.03254	0.02663	0.01183	0.00888	0.00296	0.00690	0.00986	0.00888	0.01381
66	0.02789	0.37426	0.03535	0.01865	0.02465	0.34256	0.01588	0.03042	0.02118	0.02093	0.01280	0.01485	0.01121	0.00822	0.00672	0.00205	0.01249	0.00514	0.00411	0.01066
67	0.01647	0.01550	0.02616	0.67248	0.06008	0.01938	0.02422	0.02229	0.01744	0.02229	0.01550	0.02326	0.01163	0.00872	0.00872	0.00291	0.01163	0.00775	0.00388	0.00969
68	0.01246	0.00935	0.01402	0.01402	0.01558	0.01090	0.01090	0.01558	0.01402	0.02025	0.02336	0.03427	0.02181	0.06542	0.65888	0.01402	0.02336	0.00935	0.00467	0.00779
