[name]
unknown

[dist]
# distance from previous block
# <min> <max>
0	0

[block]
# block no. 0 follows, 21 sequences, length 63
# corresponding to MSA columns:
# 0-62
name=unknown_A
#
# <colnr> <probs for GDERKNQSTAVLIFYWHMCP>
#	G	D	E	R	K	N	Q	S	T	A	V	L	I	F	Y	W	H	M	C	P
0	0.01371	0.00980	0.01371	0.01567	0.01763	0.00980	0.01371	0.01763	0.01959	0.02547	0.04506	0.09599	0.04898	0.02351	0.01175	0.00392	0.00784	0.59056	0.00784	0.00784
1	0.03179	0.04056	0.02412	0.02192	0.02631	0.66676	0.01644	0.03398	0.02412	0.02083	0.01315	0.01535	0.01096	0.00877	0.00767	0.00219	0.01535	0.00548	0.00438	0.00987
2	0.02492	0.49772	0.03831	0.01687	0.02304	0.19928	0.01525	0.02746	0.01887	0.02026	0.01215	0.01434	0.01094	0.00805	0.00715	0.00201	0.04403	0.00494	0.00384	0.01056
3	0.01858	0.21956	0.49449	0.02169	0.03286	0.02345	0.02697	0.02656	0.01779	0.02511	0.01436	0.01682	0.01082	0.00787	0.00739	0.00246	0.01166	0.00583	0.00361	0.01214
4	0.01121	0.00810	0.00929	0.00987	0.01073	0.00759	0.00629	0.01218	0.01528	0.01966	0.04761	0.24898	0.19257	0.33332	0.02548	0.00550	0.00629	0.01723	0.00665	0.00618
5	0.01707	0.04402	0.65683	0.02426	0.03683	0.01976	0.03144	0.02695	0.01797	0.02695	0.01527	0.01797	0.01078	0.00809	0.00809	0.00270	0.01258	0.00629	0.00359	0.01258
6	0.01570	0.01052	0.01172	0.01087	0.01316	0.01128	0.00849	0.05948	0.01902	0.02918	0.03977	0.04210	0.17656	0.01596	0.04060	0.00300	0.08514	0.01043	0.38867	0.00834
7	0.01226	0.00872	0.01167	0.01167	0.01250	0.00955	0.00813	0.01391	0.01308	0.01827	0.02463	0.04360	0.02569	0.35480	0.38226	0.01120	0.01615	0.01061	0.00483	0.00648
8	0.01022	0.00847	0.00896	0.00917	0.01168	0.00720	0.00675	0.01241	0.01929	0.02353	0.11617	0.15971	0.53324	0.02195	0.01016	0.00294	0.00437	0.01860	0.00799	0.00720
9	0.02106	0.02022	0.03454	0.05223	0.64784	0.02022	0.02612	0.02612	0.01938	0.02780	0.01601	0.02106	0.01348	0.00758	0.00842	0.00253	0.01011	0.00758	0.00421	0.01348
10	0.02270	0.02920	0.11741	0.05897	0.16974	0.18314	0.24041	0.02845	0.02056	0.02551	0.01560	0.01998	0.01221	0.00783	0.00879	0.00260	0.01334	0.00779	0.00419	0.01157
11	0.02106	0.02022	0.03454	0.05223	0.64784	0.02022	0.02612	0.02612	0.01938	0.02780	0.01601	0.02106	0.01348	0.00758	0.00842	0.00253	0.01011	0.00758	0.00421	0.01348
12	0.01006	0.00862	0.00862	0.00862	0.01149	0.00718	0.00647	0.01221	0.01940	0.02299	0.08621	0.08190	0.64438	0.02155	0.01006	0.00287	0.00431	0.01796	0.00790	0.00718
13	0.01459	0.01246	0.01301	0.01221	0.01579	0.01279	0.00935	0.02556	0.26315	0.02870	0.10075	0.06083	0.36336	0.01732	0.00950	0.00287	0.00525	0.01449	0.00830	0.00973
14	0.17710	0.05790	0.02393	0.01765	0.02417	0.02532	0.01470	0.47003	0.03374	0.04880	0.01827	0.01876	0.01324	0.00960	0.00771	0.00253	0.00880	0.00689	0.00761	0.01324
15	0.01121	0.00801	0.01084	0.01281	0.01367	0.00764	0.00936	0.01330	0.01712	0.02267	0.04644	0.54467	0.05445	0.02587	0.01109	0.00357	0.00567	0.16659	0.00788	0.00714
16	0.01037	0.00741	0.00987	0.01185	0.01234	0.00691	0.00790	0.01185	0.01629	0.02172	0.04690	0.69537	0.05629	0.02666	0.01086	0.00346	0.00494	0.02419	0.00790	0.00691
17	0.06334	0.02034	0.02451	0.47533	0.04777	0.14511	0.02110	0.02424	0.01802	0.02247	0.01432	0.02051	0.01113	0.00889	0.00927	0.00275	0.05044	0.00698	0.00398	0.00951
18	0.01006	0.00862	0.00862	0.00862	0.01149	0.00718	0.00647	0.01221	0.01940	0.02299	0.08621	0.08190	0.64438	0.02155	0.01006	0.00287	0.00431	0.01796	0.00790	0.00718
19	0.08879	0.01887	0.06363	0.32527	0.03989	0.02090	0.02006	0.09905	0.01906	0.02782	0.01474	0.02019	0.01155	0.00976	0.01182	0.00285	0.14129	0.00705	0.00458	0.05283
20	0.02409	0.32461	0.17017	0.01857	0.02644	0.02811	0.01891	0.19887	0.02382	0.03135	0.01505	0.01685	0.01194	0.00875	0.00820	0.00233	0.04866	0.00600	0.00506	0.01222
21	0.02402	0.36315	0.03470	0.01840	0.02311	0.19354	0.01606	0.02640	0.01796	0.02034	0.01200	0.01533	0.01099	0.00958	0.01167	0.00239	0.18072	0.00552	0.00385	0.01025
22	0.01260	0.07305	0.01385	0.01061	0.01329	0.01021	0.00829	0.01610	0.02245	0.03042	0.46476	0.06292	0.19569	0.01736	0.00962	0.00264	0.00455	0.01494	0.00852	0.00811
23	0.01186	0.00809	0.00967	0.01017	0.01037	0.00804	0.00614	0.01240	0.01343	0.01799	0.03165	0.21531	0.03679	0.49680	0.06904	0.00734	0.00821	0.01517	0.00581	0.00573
24	0.02641	0.06347	0.18350	0.02142	0.02825	0.34006	0.01973	0.08420	0.10218	0.02709	0.01704	0.01850	0.01316	0.00902	0.00789	0.00242	0.01277	0.00637	0.00507	0.01145
25	0.05409	0.11020	0.18045	0.01582	0.02286	0.01737	0.01612	0.07812	0.02117	0.18912	0.02280	0.02358	0.01633	0.00922	0.00727	0.00238	0.00818	0.00709	0.18609	0.01175
26	0.01368	0.00797	0.00921	0.00972	0.01106	0.00801	0.00689	0.01648	0.01640	0.02621	0.03197	0.20316	0.03149	0.09433	0.08532	0.00434	0.00678	0.01267	0.39698	0.00734
27	0.01133	0.00870	0.01061	0.01175	0.01372	0.00797	0.00920	0.01390	0.01868	0.02348	0.06283	0.24076	0.30123	0.02348	0.01082	0.00336	0.00562	0.20734	0.00788	0.00733
28	0.02066	0.02469	0.08137	0.03680	0.12881	0.05484	0.46819	0.02743	0.02007	0.02698	0.01672	0.02200	0.01277	0.00737	0.00958	0.00278	0.01370	0.00924	0.00425	0.01174
29	0.02174	0.31254	0.18358	0.01919	0.02610	0.02779	0.01966	0.10120	0.01946	0.02609	0.01361	0.01662	0.01140	0.00949	0.01133	0.00253	0.15598	0.00599	0.00427	0.01142
30	0.53288	0.01691	0.04754	0.01209	0.01734	0.01747	0.01040	0.02507	0.07469	0.03496	0.02579	0.02636	0.10970	0.01038	0.00649	0.00270	0.00657	0.00726	0.00591	0.00949
31	0.02073	0.01968	0.03202	0.08515	0.48063	0.02035	0.04760	0.02912	0.12302	0.02872	0.01915	0.02305	0.01544	0.00829	0.00853	0.00262	0.00979	0.00803	0.00494	0.01314
32	0.03179	0.04056	0.02412	0.02192	0.02631	0.66676	0.01644	0.03398	0.02412	0.02083	0.01315	0.01535	0.01096	0.00877	0.00767	0.00219	0.01535	0.00548	0.00438	0.00987
33	0.02089	0.02126	0.06185	0.05101	0.62103	0.02020	0.02635	0.02615	0.01932	0.02776	0.01598	0.02093	0.01336	0.00760	0.00841	0.00253	0.01022	0.00753	0.00419	0.01344
34	0.02658	0.42572	0.03608	0.01751	0.02372	0.26153	0.01534	0.06369	0.02110	0.02230	0.01282	0.01466	0.01115	0.00799	0.00644	0.00200	0.01137	0.00507	0.00420	0.01075
35	0.02429	0.35964	0.17053	0.01891	0.02644	0.22422	0.01878	0.02840	0.01952	0.02176	0.01298	0.01510	0.01090	0.00791	0.00670	0.00212	0.01176	0.00521	0.00386	0.01096
36	0.01087	0.00762	0.00973	0.01120	0.01157	0.00725	0.00721	0.01198	0.01531	0.02041	0.04185	0.53454	0.04991	0.19619	0.01902	0.00466	0.00577	0.02122	0.00721	0.00647
37	0.02565	0.03056	0.02277	0.02390	0.11180	0.42716	0.01611	0.02836	0.02165	0.02189	0.02181	0.02487	0.07338	0.01691	0.09290	0.00378	0.01450	0.00744	0.00472	0.00983
38	0.01776	0.01809	0.01666	0.01603	0.01837	0.19794	0.01229	0.02056	0.01666	0.02006	0.02004	0.02827	0.01833	0.04811	0.47892	0.01040	0.02067	0.00808	0.00451	0.00825
39	0.01238	0.00825	0.00928	0.00928	0.00928	0.00825	0.00516	0.01238	0.01238	0.01650	0.02681	0.05569	0.03094	0.70092	0.04331	0.00825	0.00825	0.01238	0.00516	0.00516
40	0.01187	0.00804	0.00943	0.00993	0.01005	0.00791	0.00585	0.01224	0.01336	0.01781	0.03186	0.21652	0.03731	0.53140	0.03516	0.00705	0.00742	0.01535	0.00585	0.00560
41	0.01872	0.01365	0.01583	0.01479	0.01768	0.01432	0.01105	0.24282	0.02531	0.03385	0.03684	0.43880	0.04039	0.02041	0.00997	0.00311	0.00662	0.01791	0.00813	0.00979
42	0.02917	0.02132	0.02311	0.01846	0.02448	0.02352	0.01497	0.45304	0.13894	0.07532	0.02529	0.06969	0.01964	0.01160	0.00870	0.00268	0.00851	0.00919	0.00859	0.01378
43	0.03405	0.02111	0.02385	0.01828	0.02503	0.02234	0.01510	0.45077	0.03544	0.22878	0.02427	0.02292	0.01640	0.01031	0.00853	0.00258	0.00874	0.00792	0.00910	0.01448
44	0.01765	0.01513	0.01765	0.01260	0.02017	0.01134	0.01008	0.02143	0.01765	0.02773	0.01513	0.01765	0.01260	0.00630	0.00630	0.00126	0.00630	0.00504	0.00504	0.75295
45	0.01306	0.00968	0.01129	0.01050	0.01312	0.00904	0.00798	0.05704	0.02335	0.03184	0.38851	0.06445	0.24953	0.01776	0.00970	0.00269	0.00448	0.01522	0.05256	0.00821
46	0.02910	0.03560	0.02623	0.02781	0.14650	0.51163	0.01842	0.03183	0.02268	0.02216	0.01361	0.01661	0.01146	0.00883	0.00876	0.00233	0.04561	0.00598	0.00432	0.01054
47	0.02382	0.01960	0.02074	0.01786	0.02314	0.02241	0.01411	0.18163	0.49172	0.03988	0.03126	0.02906	0.02324	0.01123	0.00862	0.00281	0.00736	0.00916	0.00862	0.01371
48	0.01920	0.01621	0.01754	0.01589	0.02010	0.01833	0.01230	0.03892	0.50110	0.03528	0.16607	0.03862	0.03771	0.01281	0.00896	0.00284	0.00615	0.01087	0.00881	0.01230
49	0.01037	0.00741	0.00987	0.01185	0.01234	0.00691	0.00790	0.01185	0.01629	0.02172	0.04690	0.69537	0.05629	0.02666	0.01086	0.00346	0.00494	0.02419	0.00790	0.00691
50	0.01238	0.00825	0.00928	0.00928	0.00928	0.00825	0.00516	0.01238	0.01238	0.01650	0.02681	0.05569	0.03094	0.70092	0.04331	0.00825	0.00825	0.01238	0.00516	0.00516
51	0.01225	0.00820	0.00932	0.00944	0.00947	0.00817	0.00533	0.01234	0.01262	0.01683	0.02808	0.09589	0.03253	0.65855	0.04127	0.00795	0.00804	0.01312	0.00533	0.00527
52	0.01191	0.00869	0.01118	0.01056	0.01263	0.00797	0.00792	0.01579	0.02376	0.03335	0.60460	0.06484	0.11953	0.01769	0.01004	0.00269	0.00404	0.01557	0.00927	0.00797
53	0.01079	0.00773	0.01025	0.01156	0.01244	0.00719	0.00793	0.01291	0.01825	0.02484	0.19698	0.53639	0.06233	0.02433	0.01065	0.00326	0.00471	0.02198	0.00827	0.00719
54	0.01567	0.01428	0.02041	0.01838	0.01908	0.01902	0.01497	0.01807	0.01333	0.02015	0.01648	0.02538	0.01579	0.03724	0.31989	0.00827	0.38275	0.00821	0.00411	0.00853
55	0.01980	0.01893	0.03227	0.21070	0.49921	0.01989	0.02549	0.02501	0.01878	0.02627	0.01579	0.02147	0.01294	0.00782	0.00845	0.00261	0.01042	0.00758	0.00410	0.01246
56	0.01408	0.01219	0.01545	0.01504	0.01653	0.05764	0.01170	0.01684	0.01450	0.02003	0.02243	0.07223	0.02171	0.05256	0.51347	0.01120	0.09019	0.00964	0.00467	0.00789
57	0.01970	0.01845	0.04943	0.01667	0.02165	0.01951	0.01356	0.04058	0.53264	0.03374	0.03954	0.03676	0.09540	0.01251	0.00879	0.00288	0.00675	0.01040	0.00832	0.01271
58	0.01423	0.01217	0.01765	0.01646	0.01749	0.01559	0.01320	0.01689	0.01347	0.01999	0.01906	0.02868	0.01803	0.04812	0.46201	0.01048	0.23545	0.00858	0.00429	0.00815
59	0.05258	0.15445	0.49183	0.02156	0.03261	0.02175	0.02662	0.02733	0.01801	0.05713	0.01543	0.01758	0.01124	0.00806	0.00753	0.00254	0.01145	0.00603	0.00402	0.01224
60	0.05406	0.33216	0.20234	0.01774	0.02529	0.09694	0.01859	0.02548	0.01764	0.02277	0.01432	0.01756	0.01214	0.01497	0.09158	0.00366	0.01239	0.00571	0.00390	0.01075
61	0.01829	0.02885	0.33407	0.02160	0.03006	0.01702	0.10220	0.02648	0.05139	0.07039	0.02023	0.02388	0.01530	0.01717	0.11073	0.00436	0.01289	0.00773	0.07599	0.01139
62	0.02063	0.02349	0.18073	0.02053	0.05916	0.01824	0.04068	0.10123	0.15055	0.08298	0.03267	0.07101	0.10211	0.01243	0.00979	0.00283	0.04202	0.01022	0.00673	0.01195

[dist]
# distance from previous block
# <min> <max>
43	129

[block]
# block no. 1 follows, 21 sequences, length 13
# corresponding to MSA columns:
# 200-212
name=unknown_B
#
# <colnr> <probs for GDERKNQSTAVLIFYWHMCP>
#	G	D	E	R	K	N	Q	S	T	A	V	L	I	F	Y	W	H	M	C	P
0	0.06062	0.03567	0.37466	0.02781	0.15053	0.11657	0.02572	0.02702	0.01904	0.02662	0.01838	0.02107	0.04222	0.00874	0.00803	0.00259	0.01178	0.00689	0.00413	0.01189
1	0.05683	0.01997	0.15157	0.01596	0.02234	0.01456	0.01538	0.02975	0.12766	0.18227	0.03943	0.04227	0.14221	0.01322	0.00882	0.00280	0.00770	0.06198	0.00754	0.03773
2	0.01990	0.02035	0.02646	0.03672	0.39462	0.11383	0.01972	0.02380	0.02009	0.02555	0.03324	0.03551	0.17180	0.01127	0.00872	0.00256	0.00944	0.00988	0.00517	0.01135
3	0.02677	0.03199	0.02527	0.02850	0.18741	0.43052	0.01796	0.02971	0.02240	0.02287	0.02133	0.02361	0.07604	0.00976	0.00811	0.00235	0.01285	0.00730	0.00470	0.01054
4	0.02467	0.41338	0.09821	0.01792	0.02466	0.18592	0.01695	0.05651	0.01994	0.02257	0.01288	0.01505	0.01110	0.00822	0.00745	0.00212	0.04223	0.00523	0.00406	0.01093
5	0.09126	0.01780	0.02832	0.05531	0.23734	0.04470	0.14673	0.02266	0.01855	0.02665	0.02658	0.15911	0.06362	0.01235	0.00903	0.00282	0.00953	0.01174	0.00531	0.01059
6	0.01642	0.01620	0.01401	0.01371	0.01628	0.15134	0.01007	0.02105	0.08300	0.02599	0.18065	0.22176	0.16027	0.01819	0.00961	0.00284	0.00704	0.01549	0.00755	0.00852
7	0.07098	0.20396	0.33115	0.01932	0.02869	0.02263	0.02199	0.02973	0.07883	0.09055	0.01794	0.01908	0.01326	0.00846	0.00734	0.00248	0.01018	0.00630	0.00492	0.01221
8	0.02091	0.19992	0.22887	0.02359	0.11385	0.02341	0.02114	0.03168	0.17484	0.05155	0.02014	0.02124	0.01546	0.00879	0.00764	0.00250	0.00966	0.00697	0.00525	0.01259
9	0.03195	0.03576	0.02452	0.02125	0.02633	0.48289	0.01637	0.20209	0.02868	0.03025	0.01524	0.01681	0.01197	0.00918	0.00791	0.00230	0.01363	0.00611	0.00557	0.01119
10	0.01974	0.26853	0.07268	0.02313	0.15619	0.08051	0.01665	0.02337	0.01882	0.02367	0.07106	0.09047	0.05236	0.01308	0.03281	0.00280	0.00960	0.00902	0.00494	0.01056
11	0.01692	0.02968	0.33335	0.02857	0.16473	0.01755	0.08320	0.02399	0.01879	0.02673	0.04866	0.06119	0.08808	0.01067	0.00878	0.00273	0.01059	0.00947	0.00471	0.01161
12	0.01805	0.01836	0.08031	0.01746	0.04812	0.01738	0.01412	0.03429	0.38345	0.03235	0.10978	0.04109	0.12259	0.01320	0.00896	0.00283	0.00678	0.01111	0.00793	0.01182

[dist]
# distance from previous block
# <min> <max>
3	6

[block]
# block no. 2 follows, 21 sequences, length 8
# corresponding to MSA columns:
# 219-226
name=unknown_C
#
# <colnr> <probs for GDERKNQSTAVLIFYWHMCP>
#	G	D	E	R	K	N	Q	S	T	A	V	L	I	F	Y	W	H	M	C	P
0	0.01804	0.02517	0.21573	0.03477	0.30576	0.01775	0.05845	0.02444	0.01993	0.02877	0.13983	0.02865	0.02585	0.00965	0.00874	0.00263	0.00988	0.00888	0.00505	0.01202
1	0.06274	0.02773	0.20153	0.03027	0.11898	0.02177	0.21788	0.12357	0.02201	0.03183	0.01645	0.02023	0.01238	0.00841	0.00971	0.00276	0.04674	0.00788	0.00482	0.01229
2	0.02027	0.02223	0.10392	0.01639	0.02164	0.12195	0.01433	0.03085	0.22047	0.07085	0.09252	0.04078	0.16178	0.01326	0.00884	0.00271	0.00821	0.01075	0.00729	0.01097
3	0.02130	0.02756	0.12263	0.06738	0.10481	0.14802	0.25674	0.02708	0.01966	0.02496	0.01602	0.02104	0.01268	0.01166	0.05187	0.00340	0.03987	0.00805	0.00418	0.01109
4	0.10195	0.02173	0.01668	0.01490	0.01890	0.22039	0.01148	0.10867	0.02381	0.03045	0.11364	0.03846	0.16417	0.01298	0.00825	0.00249	0.00871	0.00999	0.06287	0.00947
5	0.03236	0.05859	0.02450	0.01833	0.02470	0.09404	0.01503	0.34062	0.07761	0.19220	0.02342	0.02243	0.01636	0.01008	0.00828	0.00252	0.00930	0.00762	0.00830	0.01370
6	0.02735	0.08488	0.02526	0.02370	0.10238	0.46444	0.01641	0.02994	0.02248	0.02188	0.02152	0.02332	0.08153	0.00993	0.00786	0.00228	0.01299	0.00706	0.00470	0.01010
7	0.01817	0.02999	0.32172	0.08843	0.22194	0.01932	0.02640	0.02682	0.06401	0.02692	0.01744	0.02139	0.01350	0.01199	0.05279	0.00341	0.01197	0.00723	0.00424	0.01231

[dist]
# distance from previous block
# <min> <max>
8	16

[block]
# block no. 3 follows, 21 sequences, length 7
# corresponding to MSA columns:
# 243-249
name=unknown_D
#
# <colnr> <probs for GDERKNQSTAVLIFYWHMCP>
#	G	D	E	R	K	N	Q	S	T	A	V	L	I	F	Y	W	H	M	C	P
0	0.02433	0.02724	0.18116	0.01909	0.02695	0.05405	0.01840	0.28083	0.07201	0.03856	0.02301	0.02368	0.05179	0.00985	0.00816	0.00244	0.00956	0.00761	0.00656	0.11472
1	0.02333	0.09663	0.16394	0.02876	0.20580	0.08050	0.02126	0.03230	0.13545	0.09857	0.02066	0.02202	0.01562	0.00885	0.00804	0.00254	0.01006	0.00729	0.00559	0.01280
2	0.02007	0.01447	0.01712	0.05077	0.02079	0.01492	0.01227	0.21648	0.02608	0.06418	0.09406	0.17582	0.11004	0.01674	0.00956	0.00289	0.00707	0.07517	0.00801	0.04349
3	0.02641	0.12609	0.02410	0.01692	0.02251	0.26726	0.01356	0.05764	0.02260	0.09953	0.07918	0.02224	0.01959	0.00919	0.00745	0.00207	0.01022	0.00672	0.00583	0.16089
4	0.07088	0.10934	0.02586	0.02504	0.17814	0.16114	0.01624	0.11549	0.02298	0.02900	0.02850	0.02979	0.13143	0.01086	0.00801	0.00244	0.00969	0.00852	0.00560	0.01106
5	0.14718	0.13514	0.16074	0.01957	0.02503	0.13490	0.01875	0.02573	0.01690	0.02485	0.01260	0.01633	0.01068	0.01001	0.01285	0.00276	0.20566	0.00593	0.00406	0.01034
6	0.02348	0.09483	0.05183	0.01674	0.02140	0.22420	0.01380	0.08369	0.11187	0.02820	0.02329	0.02518	0.04254	0.01383	0.05496	0.00313	0.01080	0.00745	0.13833	0.01044

[dist]
# distance from previous block
# <min> <max>
4	8

[block]
# block no. 4 follows, 21 sequences, length 28
# corresponding to MSA columns:
# 258-285
name=unknown_E
#
# <colnr> <probs for GDERKNQSTAVLIFYWHMCP>
#	G	D	E	R	K	N	Q	S	T	A	V	L	I	F	Y	W	H	M	C	P
0	0.01968	0.05881	0.27219	0.02707	0.15693	0.13784	0.02275	0.02537	0.01908	0.02480	0.02044	0.13682	0.01937	0.01133	0.00846	0.00267	0.01110	0.00948	0.00463	0.01120
1	0.02143	0.02239	0.02669	0.03565	0.35946	0.15603	0.01971	0.02670	0.06354	0.02602	0.02903	0.03127	0.12452	0.01057	0.00857	0.00254	0.00997	0.00910	0.00521	0.01160
2	0.10093	0.03182	0.22238	0.02956	0.17053	0.16243	0.08260	0.02886	0.04371	0.02736	0.01557	0.01869	0.01208	0.00815	0.00799	0.00257	0.01194	0.00673	0.00436	0.01175
3	0.02136	0.02661	0.14392	0.07718	0.43351	0.09682	0.02579	0.02697	0.01956	0.02650	0.01549	0.01992	0.01258	0.00786	0.00828	0.00253	0.01124	0.00710	0.00410	0.01267
4	0.02035	0.02193	0.09371	0.08485	0.43872	0.02025	0.02429	0.02924	0.12578	0.02867	0.01912	0.02272	0.01524	0.00838	0.00844	0.00263	0.00985	0.00781	0.00490	0.01312
5	0.02050	0.02321	0.12225	0.03878	0.39053	0.02041	0.02352	0.03134	0.18297	0.02976	0.02088	0.02346	0.01642	0.00872	0.00844	0.00265	0.00957	0.00794	0.00531	0.01334
6	0.01969	0.02499	0.16299	0.05505	0.22541	0.10998	0.02098	0.02512	0.01976	0.02710	0.05775	0.02965	0.02049	0.01009	0.00828	0.00258	0.01007	0.05412	0.10483	0.01107
7	0.01803	0.01749	0.01554	0.01461	0.01823	0.12692	0.01127	0.02779	0.22424	0.02812	0.10891	0.05298	0.22377	0.01575	0.00931	0.00282	0.00729	0.05938	0.00768	0.00988
8	0.01825	0.01773	0.02774	0.26258	0.17289	0.02224	0.02205	0.02217	0.01584	0.02254	0.01364	0.02060	0.01174	0.01102	0.01674	0.00315	0.29743	0.00752	0.00385	0.01028
9	0.01216	0.00912	0.01368	0.01368	0.01520	0.01064	0.01064	0.01520	0.01368	0.01976	0.02279	0.03343	0.02127	0.06382	0.66720	0.01368	0.02279	0.00912	0.00456	0.00760
10	0.01407	0.01095	0.01211	0.01157	0.01463	0.01072	0.00873	0.02157	0.16073	0.05169	0.17150	0.12655	0.31564	0.01858	0.00976	0.00289	0.00499	0.01584	0.00845	0.00903
11	0.01037	0.00741	0.00987	0.01185	0.01234	0.00691	0.00790	0.01185	0.01629	0.02172	0.04690	0.69537	0.05629	0.02666	0.01086	0.00346	0.00494	0.02419	0.00790	0.00691
12	0.02106	0.02022	0.03454	0.05223	0.64784	0.02022	0.02612	0.02612	0.01938	0.02780	0.01601	0.02106	0.01348	0.00758	0.00842	0.00253	0.01011	0.00758	0.00421	0.01348
13	0.01335	0.00968	0.01320	0.01497	0.01702	0.00953	0.01299	0.01709	0.01957	0.02522	0.04919	0.09458	0.10871	0.02331	0.01158	0.00381	0.00748	0.53312	0.00784	0.00777
14	0.03121	0.02327	0.02490	0.01935	0.02596	0.02586	0.01590	0.56086	0.10047	0.05179	0.02188	0.02159	0.01565	0.01035	0.00853	0.00259	0.00910	0.00786	0.00853	0.01437
15	0.01023	0.00834	0.00893	0.00936	0.01158	0.00717	0.00672	0.01214	0.01838	0.02241	0.07477	0.21589	0.48607	0.05445	0.01179	0.00325	0.00463	0.01907	0.00777	0.00703
16	0.35485	0.09661	0.02101	0.01642	0.02148	0.31552	0.01304	0.02915	0.01915	0.02846	0.01244	0.01450	0.01018	0.00823	0.00638	0.00235	0.01083	0.00500	0.00470	0.00968
17	0.02649	0.03149	0.02579	0.02510	0.08739	0.39651	0.01811	0.02886	0.02009	0.02142	0.01280	0.01697	0.01128	0.01061	0.01424	0.00272	0.22960	0.00632	0.00416	0.01005
18	0.01527	0.01013	0.01104	0.01018	0.01377	0.00885	0.00785	0.01887	0.05541	0.12632	0.07469	0.07041	0.50747	0.01919	0.00973	0.00284	0.00493	0.01595	0.00837	0.00873
19	0.02056	0.02764	0.18818	0.01795	0.02398	0.17451	0.01723	0.09208	0.02161	0.02729	0.02831	0.03070	0.11099	0.01845	0.09958	0.00405	0.01233	0.00857	0.06576	0.01023
20	0.01681	0.01075	0.01202	0.01066	0.01469	0.00928	0.00829	0.02047	0.05301	0.15083	0.06817	0.06433	0.44427	0.01779	0.00943	0.00272	0.00516	0.01477	0.00828	0.05825
21	0.02407	0.61073	0.04182	0.01541	0.02248	0.07189	0.01481	0.07348	0.01953	0.02276	0.01260	0.01430	0.01121	0.00761	0.00584	0.00190	0.00950	0.00486	0.00408	0.01114
22	0.02098	0.48596	0.20491	0.01763	0.02583	0.02950	0.01928	0.02554	0.01719	0.02188	0.01270	0.01512	0.01090	0.00800	0.00764	0.00218	0.05469	0.00520	0.00363	0.01125
23	0.01839	0.01351	0.01652	0.01457	0.01759	0.01490	0.01167	0.06054	0.10844	0.06413	0.14946	0.03820	0.03287	0.01541	0.03907	0.00318	0.12469	0.04791	0.13968	0.06927
24	0.01570	0.03519	0.48696	0.02204	0.05796	0.01701	0.02571	0.02367	0.01834	0.02612	0.03092	0.03217	0.15036	0.01103	0.00853	0.00273	0.01065	0.00891	0.00457	0.01143
25	0.15081	0.09005	0.44129	0.02346	0.08251	0.02079	0.02568	0.02642	0.01741	0.02847	0.01445	0.01714	0.01074	0.00795	0.00740	0.00260	0.01102	0.00596	0.00395	0.01192
26	0.01669	0.04116	0.60507	0.02306	0.03463	0.01884	0.02934	0.02579	0.01752	0.02612	0.01619	0.02098	0.01239	0.06347	0.01090	0.00314	0.01223	0.00678	0.00372	0.01198
27	0.02491	0.02899	0.16042	0.01951	0.02543	0.22320	0.01782	0.03142	0.08969	0.12765	0.02260	0.07562	0.01854	0.01429	0.04958	0.00333	0.04137	0.00844	0.00596	0.01123

[dist]
# distance from previous block
# <min> <max>
4	18

[block]
# block no. 5 follows, 21 sequences, length 18
# corresponding to MSA columns:
# 306-323
name=unknown_F
#
# <colnr> <probs for GDERKNQSTAVLIFYWHMCP>
#	G	D	E	R	K	N	Q	S	T	A	V	L	I	F	Y	W	H	M	C	P
0	0.02048	0.02458	0.12736	0.10169	0.42050	0.05306	0.07662	0.02635	0.01926	0.02673	0.01578	0.02062	0.01271	0.00777	0.00848	0.00259	0.01122	0.00749	0.00410	0.01263
1	0.02049	0.01996	0.03500	0.11214	0.53884	0.02020	0.07630	0.02579	0.01921	0.02716	0.01602	0.02138	0.01322	0.00764	0.00857	0.00259	0.01059	0.00779	0.00418	0.01292
2	0.02313	0.02498	0.02923	0.03966	0.41319	0.20352	0.02159	0.02711	0.02073	0.02538	0.02152	0.02491	0.06957	0.00918	0.00836	0.00246	0.01108	0.00792	0.00459	0.01188
3	0.01914	0.01889	0.02584	0.03587	0.38570	0.07552	0.01929	0.02433	0.05715	0.02638	0.03538	0.03722	0.18020	0.01161	0.00880	0.00261	0.00885	0.01025	0.00547	0.01149
4	0.02203	0.02593	0.08237	0.09398	0.14240	0.16888	0.12883	0.03039	0.12410	0.02629	0.01898	0.02252	0.01493	0.01182	0.04642	0.00326	0.01257	0.00787	0.00495	0.01147
5	0.01894	0.01203	0.01388	0.01234	0.01627	0.01158	0.00961	0.02653	0.15674	0.16362	0.16883	0.05597	0.26703	0.01619	0.00942	0.00279	0.00542	0.01361	0.00891	0.01030
6	0.01728	0.01461	0.02057	0.01873	0.04601	0.01600	0.07239	0.06616	0.18115	0.02765	0.02466	0.02995	0.02058	0.03615	0.32982	0.00805	0.01562	0.00902	0.00590	0.03971
7	0.02107	0.02003	0.03303	0.04878	0.58588	0.02031	0.02487	0.02801	0.08008	0.02857	0.01785	0.02212	0.01472	0.00797	0.00845	0.00256	0.00978	0.00778	0.00465	0.01348
8	0.02097	0.02356	0.04125	0.03236	0.07233	0.08636	0.38779	0.02632	0.01884	0.02512	0.01537	0.02111	0.01236	0.00911	0.01377	0.00298	0.16643	0.00886	0.00418	0.01094
9	0.01045	0.00864	0.00917	0.00903	0.01174	0.00735	0.00678	0.01297	0.02033	0.02519	0.19644	0.07827	0.53278	0.02073	0.01005	0.00283	0.00425	0.01745	0.00819	0.00735
10	0.01102	0.00855	0.01003	0.00988	0.01214	0.00756	0.00733	0.01400	0.02135	0.02815	0.34628	0.12559	0.32748	0.02002	0.01012	0.00283	0.00422	0.01728	0.00860	0.00756
11	0.01219	0.00900	0.01307	0.01307	0.01438	0.01031	0.00988	0.01481	0.01350	0.01931	0.02335	0.03649	0.02260	0.15134	0.58150	0.01293	0.02080	0.00957	0.00464	0.00726
12	0.01203	0.00823	0.00925	0.00937	0.00968	0.00807	0.00545	0.01233	0.01329	0.01744	0.03374	0.09716	0.09143	0.59458	0.03814	0.00744	0.00767	0.01363	0.00559	0.00546
13	0.01055	0.00748	0.00982	0.01162	0.01207	0.00703	0.00765	0.01190	0.01594	0.02125	0.04510	0.63777	0.05400	0.08738	0.01378	0.00389	0.00524	0.02313	0.00765	0.00675
14	0.02106	0.02022	0.03454	0.05223	0.64784	0.02022	0.02612	0.02612	0.01938	0.02780	0.01601	0.02106	0.01348	0.00758	0.00842	0.00253	0.01011	0.00758	0.00421	0.01348
15	0.01006	0.00862	0.00862	0.00862	0.01149	0.00718	0.00647	0.01221	0.01940	0.02299	0.08621	0.08190	0.64438	0.02155	0.01006	0.00287	0.00431	0.01796	0.00790	0.00718
16	0.02465	0.02702	0.03105	0.04209	0.43989	0.23653	0.02288	0.02875	0.02096	0.02547	0.01505	0.01915	0.01264	0.00798	0.00817	0.00242	0.01186	0.00688	0.00427	0.01227
17	0.02867	0.16885	0.09113	0.02018	0.02649	0.33526	0.01750	0.16160	0.02569	0.02856	0.01472	0.01640	0.01172	0.00873	0.00746	0.00225	0.01251	0.00586	0.00508	0.01137

[dist]
# distance from previous block
# <min> <max>
0	3

[block]
# block no. 6 follows, 21 sequences, length 85
# corresponding to MSA columns:
# 327-411
name=unknown_G
#
# <colnr> <probs for GDERKNQSTAVLIFYWHMCP>
#	G	D	E	R	K	N	Q	S	T	A	V	L	I	F	Y	W	H	M	C	P
0	0.02183	0.35400	0.15298	0.02355	0.13126	0.09787	0.01967	0.02625	0.01833	0.02271	0.01393	0.01699	0.01190	0.01074	0.04288	0.00279	0.01136	0.00574	0.00386	0.01137
1	0.01813	0.01855	0.03121	0.03258	0.23183	0.04346	0.19443	0.02278	0.01944	0.02571	0.03398	0.03896	0.16522	0.01192	0.01047	0.00282	0.04701	0.03546	0.00525	0.01077
2	0.11762	0.01958	0.01726	0.10362	0.04966	0.16948	0.01287	0.05936	0.02055	0.02618	0.03978	0.04155	0.23182	0.04349	0.00994	0.00288	0.00891	0.01050	0.00593	0.00903
3	0.08172	0.02446	0.02957	0.02401	0.02761	0.16425	0.14210	0.06284	0.01873	0.02546	0.01350	0.01854	0.01154	0.01110	0.01676	0.00305	0.30280	0.00735	0.00441	0.01020
4	0.01815	0.11302	0.31082	0.02305	0.11550	0.01835	0.02195	0.02436	0.01880	0.06499	0.03157	0.03251	0.14995	0.01100	0.00827	0.00260	0.00966	0.00895	0.00507	0.01145
5	0.03179	0.04056	0.02412	0.02192	0.02631	0.66676	0.01644	0.03398	0.02412	0.02083	0.01315	0.01535	0.01096	0.00877	0.00767	0.00219	0.01535	0.00548	0.00438	0.00987
6	0.01081	0.00824	0.01006	0.01132	0.01292	0.00749	0.00835	0.01294	0.01796	0.02280	0.06076	0.37481	0.26701	0.02430	0.01072	0.00332	0.00519	0.11594	0.00789	0.00716
7	0.02070	0.46746	0.26523	0.01805	0.02724	0.02866	0.02064	0.02601	0.01754	0.02252	0.01307	0.01521	0.01087	0.00757	0.00641	0.00214	0.01035	0.00518	0.00362	0.01152
8	0.01707	0.04402	0.65683	0.02426	0.03683	0.01976	0.03144	0.02695	0.01797	0.02695	0.01527	0.01797	0.01078	0.00809	0.00809	0.00270	0.01258	0.00629	0.00359	0.01258
9	0.01216	0.00912	0.01368	0.01368	0.01520	0.01064	0.01064	0.01520	0.01368	0.01976	0.02279	0.03343	0.02127	0.06382	0.66720	0.01368	0.02279	0.00912	0.00456	0.00760
10	0.01238	0.00825	0.00928	0.00928	0.00928	0.00825	0.00516	0.01238	0.01238	0.01650	0.02681	0.05569	0.03094	0.70092	0.04331	0.00825	0.00825	0.01238	0.00516	0.00516
11	0.03179	0.04056	0.02412	0.02192	0.02631	0.66676	0.01644	0.03398	0.02412	0.02083	0.01315	0.01535	0.01096	0.00877	0.00767	0.00219	0.01535	0.00548	0.00438	0.00987
12	0.02645	0.05845	0.02581	0.02670	0.16029	0.29814	0.01751	0.03522	0.18657	0.05140	0.02031	0.02147	0.01595	0.00926	0.00804	0.00245	0.01129	0.00713	0.00571	0.01185
13	0.02947	0.03570	0.02305	0.02092	0.02540	0.52603	0.01579	0.03643	0.15673	0.02405	0.01784	0.01892	0.01424	0.00937	0.00789	0.00234	0.01347	0.00638	0.00532	0.01065
14	0.01216	0.00912	0.01368	0.01368	0.01520	0.01064	0.01064	0.01520	0.01368	0.01976	0.02279	0.03343	0.02127	0.06382	0.66720	0.01368	0.02279	0.00912	0.00456	0.00760
15	0.02051	0.01771	0.01862	0.01681	0.02150	0.02034	0.01306	0.04328	0.59640	0.03486	0.03767	0.03470	0.06235	0.01213	0.00874	0.00289	0.00659	0.01011	0.00861	0.01310
16	0.01235	0.00836	0.00982	0.00982	0.01000	0.00854	0.00582	0.01272	0.01253	0.01690	0.02632	0.05298	0.02976	0.62341	0.11922	0.00891	0.01002	0.01198	0.00508	0.00545
17	0.76103	0.01646	0.01251	0.01119	0.01646	0.01909	0.00922	0.02502	0.01448	0.03818	0.01185	0.01382	0.00922	0.00790	0.00527	0.00263	0.00658	0.00461	0.00527	0.00922
18	0.03179	0.04056	0.02412	0.02192	0.02631	0.66676	0.01644	0.03398	0.02412	0.02083	0.01315	0.01535	0.01096	0.00877	0.00767	0.00219	0.01535	0.00548	0.00438	0.00987
19	0.01037	0.00741	0.00987	0.01185	0.01234	0.00691	0.00790	0.01185	0.01629	0.02172	0.04690	0.69537	0.05629	0.02666	0.01086	0.00346	0.00494	0.02419	0.00790	0.00691
20	0.01862	0.01862	0.02607	0.02234	0.02234	0.02607	0.01862	0.02048	0.01303	0.02048	0.01117	0.01862	0.01117	0.01489	0.02793	0.00372	0.68535	0.00745	0.00372	0.00931
21	0.01789	0.01710	0.02324	0.01953	0.02130	0.02163	0.01612	0.02027	0.01409	0.02200	0.01296	0.01959	0.01229	0.01691	0.07407	0.00398	0.48461	0.00706	0.00408	0.17128
22	0.03179	0.04056	0.02412	0.02192	0.02631	0.66676	0.01644	0.03398	0.02412	0.02083	0.01315	0.01535	0.01096	0.00877	0.00767	0.00219	0.01535	0.00548	0.00438	0.00987
23	0.01216	0.00912	0.01368	0.01368	0.01520	0.01064	0.01064	0.01520	0.01368	0.01976	0.02279	0.03343	0.02127	0.06382	0.66720	0.01368	0.02279	0.00912	0.00456	0.00760
24	0.01006	0.00862	0.00862	0.00862	0.01149	0.00718	0.00647	0.01221	0.01940	0.02299	0.08621	0.08190	0.64438	0.02155	0.01006	0.00287	0.00431	0.01796	0.00790	0.00718
25	0.03179	0.04056	0.02412	0.02192	0.02631	0.66676	0.01644	0.03398	0.02412	0.02083	0.01315	0.01535	0.01096	0.00877	0.00767	0.00219	0.01535	0.00548	0.00438	0.00987
26	0.03179	0.04056	0.02412	0.02192	0.02631	0.66676	0.01644	0.03398	0.02412	0.02083	0.01315	0.01535	0.01096	0.00877	0.00767	0.00219	0.01535	0.00548	0.00438	0.00987
27	0.01156	0.00791	0.00952	0.01033	0.01053	0.00771	0.00627	0.01216	0.01397	0.01863	0.03500	0.31628	0.04126	0.42625	0.03009	0.00630	0.00690	0.01719	0.00627	0.00587
28	0.02106	0.02022	0.03454	0.05223	0.64784	0.02022	0.02612	0.02612	0.01938	0.02780	0.01601	0.02106	0.01348	0.00758	0.00842	0.00253	0.01011	0.00758	0.00421	0.01348
29	0.02775	0.01681	0.01944	0.01648	0.02197	0.01782	0.01310	0.04377	0.39710	0.27484	0.03423	0.03067	0.02408	0.01115	0.00862	0.00279	0.00693	0.00921	0.00938	0.01386
30	0.01220	0.00893	0.01272	0.01272	0.01391	0.01012	0.00944	0.01458	0.01339	0.01905	0.02367	0.03828	0.02338	0.20270	0.53120	0.01249	0.01962	0.00983	0.00469	0.00707
31	0.01238	0.00825	0.00928	0.00928	0.00928	0.00825	0.00516	0.01238	0.01238	0.01650	0.02681	0.05569	0.03094	0.70092	0.04331	0.00825	0.00825	0.01238	0.00516	0.00516
32	0.02106	0.02022	0.03454	0.05223	0.64784	0.02022	0.02612	0.02612	0.01938	0.02780	0.01601	0.02106	0.01348	0.00758	0.00842	0.00253	0.01011	0.00758	0.00421	0.01348
33	0.01299	0.01188	0.01119	0.01073	0.01363	0.06412	0.00807	0.01680	0.05445	0.02620	0.21243	0.06906	0.41990	0.01891	0.00977	0.00277	0.00531	0.01582	0.00800	0.00796
34	0.01236	0.00831	0.00956	0.00956	0.00966	0.00840	0.00550	0.01255	0.01246	0.01671	0.02656	0.05428	0.03033	0.66064	0.08277	0.00859	0.00917	0.01217	0.00512	0.00531
35	0.01238	0.00825	0.00928	0.00928	0.00928	0.00825	0.00516	0.01238	0.01238	0.01650	0.02681	0.05569	0.03094	0.70092	0.04331	0.00825	0.00825	0.01238	0.00516	0.00516
36	0.01008	0.00854	0.00870	0.00882	0.01155	0.00717	0.00656	0.01219	0.01920	0.02291	0.08374	0.12045	0.60743	0.02187	0.01011	0.00291	0.00435	0.01835	0.00790	0.00717
37	0.01765	0.01513	0.01765	0.01260	0.02017	0.01134	0.01008	0.02143	0.01765	0.02773	0.01513	0.01765	0.01260	0.00630	0.00630	0.00126	0.00630	0.00504	0.00504	0.75295
38	0.01227	0.00820	0.00931	0.00942	0.00945	0.00818	0.00531	0.01235	0.01259	0.01679	0.02791	0.09066	0.03232	0.66406	0.04154	0.00799	0.00807	0.01302	0.00531	0.00525
39	0.01238	0.00825	0.00928	0.00928	0.00928	0.00825	0.00516	0.01238	0.01238	0.01650	0.02681	0.05569	0.03094	0.70092	0.04331	0.00825	0.00825	0.01238	0.00516	0.00516
40	0.01744	0.01873	0.03925	0.02934	0.03574	0.01755	0.45133	0.02307	0.01905	0.02575	0.02529	0.20579	0.02471	0.01247	0.01027	0.00303	0.01179	0.01389	0.00528	0.01024
41	0.01930	0.01125	0.01161	0.01036	0.01335	0.01178	0.00808	0.14496	0.02247	0.03630	0.02623	0.02937	0.02028	0.00998	0.00648	0.00210	0.00509	0.00788	0.59382	0.00930
42	0.01037	0.00741	0.00987	0.01185	0.01234	0.00691	0.00790	0.01185	0.01629	0.02172	0.04690	0.69537	0.05629	0.02666	0.01086	0.00346	0.00494	0.02419	0.00790	0.00691
43	0.01069	0.00777	0.01009	0.01135	0.01235	0.00717	0.00781	0.01276	0.01817	0.02441	0.17449	0.51472	0.10808	0.02432	0.01063	0.00325	0.00469	0.02186	0.00821	0.00717
44	0.02106	0.02022	0.03454	0.05223	0.64784	0.02022	0.02612	0.02612	0.01938	0.02780	0.01601	0.02106	0.01348	0.00758	0.00842	0.00253	0.01011	0.00758	0.00421	0.01348
45	0.02106	0.02022	0.03454	0.05223	0.64784	0.02022	0.02612	0.02612	0.01938	0.02780	0.01601	0.02106	0.01348	0.00758	0.00842	0.00253	0.01011	0.00758	0.00421	0.01348
46	0.03026	0.03766	0.02560	0.02624	0.11481	0.57469	0.01782	0.03286	0.02344	0.02182	0.01356	0.01616	0.01132	0.00860	0.00778	0.00224	0.01460	0.00578	0.00436	0.01038
47	0.02616	0.35931	0.03603	0.02092	0.06171	0.28817	0.04894	0.02905	0.02033	0.02120	0.01291	0.01528	0.01120	0.00789	0.00678	0.00207	0.01197	0.00541	0.00401	0.01068
48	0.02197	0.01314	0.01591	0.01336	0.01709	0.01300	0.01033	0.15237	0.02595	0.16516	0.29252	0.04582	0.04656	0.11173	0.01413	0.00343	0.00646	0.01185	0.00883	0.01037
49	0.01194	0.00807	0.00941	0.00984	0.00995	0.00796	0.00575	0.01226	0.01323	0.01764	0.03119	0.19513	0.03646	0.55394	0.03624	0.00721	0.00753	0.01495	0.00575	0.00554
50	0.01743	0.08588	0.61811	0.02364	0.03588	0.02064	0.03037	0.02686	0.01792	0.02651	0.01505	0.01769	0.01079	0.00803	0.00792	0.00264	0.01236	0.00618	0.00360	0.01247
51	0.01325	0.01043	0.01591	0.01500	0.01671	0.01224	0.03622	0.01642	0.01413	0.02083	0.02187	0.03164	0.02010	0.05415	0.54677	0.01170	0.07756	0.00894	0.04822	0.00792
52	0.01235	0.01087	0.01021	0.01038	0.01234	0.05984	0.00722	0.01392	0.01771	0.02119	0.06070	0.17626	0.35926	0.16951	0.01726	0.00409	0.00616	0.01682	0.00702	0.00691
53	0.59975	0.01686	0.01398	0.01253	0.01769	0.01954	0.01014	0.02942	0.14919	0.03762	0.01682	0.01773	0.01287	0.00869	0.00601	0.00269	0.00662	0.00570	0.00601	0.01014
54	0.02316	0.02599	0.07015	0.04109	0.42418	0.16120	0.02334	0.02940	0.06910	0.02685	0.01682	0.02047	0.01376	0.00819	0.00826	0.00249	0.01114	0.00721	0.00456	0.01263
55	0.06562	0.25944	0.36317	0.07243	0.03232	0.02426	0.02383	0.02593	0.01745	0.02495	0.01390	0.01665	0.01077	0.00784	0.00707	0.00241	0.01095	0.00571	0.00373	0.01157
56	0.01302	0.01100	0.01156	0.01116	0.01432	0.01077	0.00843	0.02081	0.17533	0.02677	0.10339	0.10687	0.41681	0.01909	0.00975	0.00290	0.00495	0.01608	0.00818	0.00881
57	0.05417	0.34088	0.27495	0.01902	0.02789	0.10523	0.02102	0.02706	0.01826	0.02357	0.01331	0.01552	0.01080	0.00780	0.00673	0.00224	0.01108	0.00533	0.00379	0.01135
58	0.01984	0.02223	0.04615	0.03359	0.04075	0.02229	0.51622	0.02612	0.01890	0.02612	0.01620	0.02223	0.01262	0.00847	0.01305	0.00301	0.12729	0.00961	0.00421	0.01111
59	0.06220	0.03582	0.02395	0.02095	0.02592	0.49677	0.01608	0.16444	0.02727	0.02888	0.01473	0.01642	0.01167	0.00906	0.00776	0.00229	0.01365	0.00593	0.00534	0.01087
60	0.01575	0.02413	0.28717	0.01668	0.02352	0.01328	0.01823	0.02214	0.02129	0.06976	0.31235	0.04273	0.07166	0.01317	0.00911	0.00269	0.00788	0.01119	0.00691	0.01034
61	0.02067	0.01981	0.03382	0.10222	0.60096	0.02012	0.02592	0.02577	0.01919	0.02732	0.01594	0.02119	0.01331	0.00766	0.00843	0.00255	0.01021	0.00758	0.00418	0.01316
62	0.01124	0.00896	0.01026	0.01079	0.01334	0.00799	0.00865	0.01402	0.01975	0.02441	0.10958	0.08480	0.43710	0.02185	0.01055	0.00316	0.00531	0.18284	0.00798	0.00743
63	0.02069	0.42663	0.25174	0.02085	0.07674	0.02788	0.02121	0.02603	0.01769	0.02299	0.01333	0.01571	0.01108	0.00758	0.00659	0.00217	0.01036	0.00538	0.00367	0.01169
64	0.02687	0.06281	0.03111	0.02476	0.02958	0.40223	0.15038	0.03015	0.02131	0.02217	0.01371	0.01744	0.01142	0.00924	0.01104	0.00255	0.11203	0.00674	0.00424	0.01019
65	0.01096	0.00860	0.00990	0.00970	0.01208	0.00755	0.00723	0.01390	0.02133	0.02788	0.33182	0.10316	0.36561	0.01995	0.01009	0.00281	0.00421	0.01712	0.00855	0.00755
66	0.01037	0.00741	0.00987	0.01185	0.01234	0.00691	0.00790	0.01185	0.01629	0.02172	0.04690	0.69537	0.05629	0.02666	0.01086	0.00346	0.00494	0.02419	0.00790	0.00691
67	0.05772	0.02099	0.01806	0.01647	0.02061	0.17505	0.01317	0.15323	0.06360	0.03118	0.03823	0.04888	0.15306	0.01510	0.00919	0.00285	0.00914	0.13632	0.00708	0.01006
68	0.02106	0.02022	0.03454	0.05223	0.64784	0.02022	0.02612	0.02612	0.01938	0.02780	0.01601	0.02106	0.01348	0.00758	0.00842	0.00253	0.01011	0.00758	0.00421	0.01348
69	0.01030	0.00766	0.00961	0.01118	0.01217	0.00697	0.00760	0.01193	0.01694	0.02199	0.05511	0.56735	0.17901	0.02560	0.01069	0.00333	0.00481	0.02289	0.00790	0.00697
70	0.02012	0.02387	0.09414	0.03947	0.21088	0.02102	0.40681	0.02692	0.01972	0.02739	0.01673	0.02203	0.01290	0.00736	0.00944	0.00276	0.01303	0.00906	0.00422	0.01212
71	0.02736	0.03329	0.02401	0.02159	0.02464	0.46802	0.01664	0.02943	0.02084	0.02077	0.01411	0.04607	0.01301	0.01118	0.01318	0.00265	0.19243	0.00682	0.00436	0.00959
72	0.01130	0.00786	0.00954	0.01049	0.01086	0.00756	0.00654	0.01211	0.01458	0.01931	0.03915	0.36544	0.07045	0.34544	0.02618	0.00570	0.00648	0.01832	0.00660	0.00609
73	0.02085	0.02000	0.03416	0.07918	0.62256	0.02016	0.02601	0.02593	0.01928	0.02754	0.01597	0.02113	0.01339	0.00762	0.00843	0.00254	0.01016	0.00758	0.00419	0.01331
74	0.02102	0.02035	0.03529	0.05145	0.61895	0.02028	0.05440	0.02617	0.01941	0.02778	0.01607	0.02115	0.01345	0.00756	0.00850	0.00254	0.01031	0.00770	0.00422	0.01338
75	0.02521	0.02751	0.02436	0.02675	0.16007	0.28515	0.01745	0.03539	0.22600	0.02746	0.02217	0.02516	0.01798	0.01000	0.00832	0.00256	0.01104	0.02972	0.00591	0.01178
76	0.01683	0.04233	0.62589	0.02361	0.03568	0.01920	0.03032	0.02643	0.01826	0.02729	0.04538	0.02015	0.01411	0.00853	0.00818	0.00269	0.01217	0.00672	0.00387	0.01236
77	0.01676	0.16385	0.02080	0.01533	0.01864	0.06699	0.01343	0.02007	0.01931	0.02361	0.03794	0.09452	0.07536	0.01880	0.00992	0.00324	0.00837	0.35782	0.00665	0.00859
78	0.01091	0.00764	0.00971	0.01115	0.01151	0.00728	0.00715	0.01199	0.01523	0.02030	0.04144	0.52143	0.04939	0.21000	0.01969	0.00476	0.00584	0.02098	0.00715	0.00643
79	0.02588	0.02855	0.02121	0.01918	0.02326	0.35772	0.01469	0.08580	0.13018	0.02621	0.01961	0.02247	0.01607	0.02088	0.14555	0.00474	0.01484	0.00717	0.00555	0.01045
80	0.02982	0.07423	0.02702	0.02545	0.11456	0.43884	0.01767	0.12252	0.02549	0.02683	0.01460	0.01684	0.01186	0.00874	0.00778	0.00227	0.01331	0.00606	0.00495	0.01115
81	0.02266	0.02772	0.08852	0.03635	0.20397	0.16168	0.27880	0.02839	0.02060	0.02598	0.01585	0.02039	0.01247	0.00771	0.00893	0.00261	0.01327	0.00808	0.00424	0.01176
82	0.01203	0.00881	0.01156	0.01253	0.01375	0.00888	0.00890	0.04834	0.01729	0.02324	0.04224	0.47783	0.07835	0.03352	0.15375	0.00560	0.00906	0.01959	0.00721	0.00752
83	0.10827	0.22776	0.02360	0.01399	0.01805	0.07077	0.01188	0.02088	0.01608	0.02238	0.02129	0.02654	0.05494	0.03250	0.28824	0.00707	0.01483	0.00742	0.00456	0.00898
84	0.06936	0.26918	0.20522	0.01868	0.02644	0.13608	0.01914	0.07687	0.02020	0.02604	0.01434	0.01680	0.01165	0.01114	0.04299	0.00289	0.01175	0.00571	0.00432	0.01121

[dist]
# distance from previous block
# <min> <max>
0	3

[block]
# block no. 7 follows, 21 sequences, length 28
# corresponding to MSA columns:
# 415-442
name=unknown_H
#
# <colnr> <probs for GDERKNQSTAVLIFYWHMCP>
#	G	D	E	R	K	N	Q	S	T	A	V	L	I	F	Y	W	H	M	C	P
0	0.01222	0.01622	0.16355	0.01447	0.01777	0.01014	0.01314	0.01551	0.01619	0.02230	0.03682	0.45261	0.04223	0.10844	0.01435	0.00389	0.00718	0.01843	0.00653	0.00803
1	0.02720	0.03095	0.02182	0.01966	0.02368	0.42897	0.01503	0.10436	0.02367	0.02477	0.01638	0.02029	0.01386	0.02204	0.16452	0.00497	0.01635	0.00662	0.00495	0.00992
2	0.01714	0.03574	0.45273	0.02557	0.03631	0.01902	0.16828	0.02566	0.01860	0.02666	0.02229	0.02506	0.06987	0.00911	0.00873	0.00275	0.01223	0.00826	0.00416	0.01182
3	0.03179	0.04056	0.02412	0.02192	0.02631	0.66676	0.01644	0.03398	0.02412	0.02083	0.01315	0.01535	0.01096	0.00877	0.00767	0.00219	0.01535	0.00548	0.00438	0.00987
4	0.02106	0.02022	0.03454	0.05223	0.64784	0.02022	0.02612	0.02612	0.01938	0.02780	0.01601	0.02106	0.01348	0.00758	0.00842	0.00253	0.01011	0.00758	0.00421	0.01348
5	0.01298	0.01033	0.01526	0.01478	0.01611	0.01261	0.01166	0.01587	0.01359	0.01985	0.02131	0.03154	0.01998	0.05757	0.58548	0.01240	0.10749	0.00890	0.00445	0.00782
6	0.01080	0.00771	0.01037	0.01234	0.01302	0.00728	0.00864	0.01259	0.01671	0.02220	0.04667	0.61875	0.05535	0.02626	0.01098	0.00352	0.00531	0.09659	0.00789	0.00703
7	0.03016	0.09856	0.02573	0.02058	0.02541	0.49730	0.01598	0.10720	0.02505	0.02490	0.01439	0.01664	0.01186	0.01126	0.03679	0.00271	0.01433	0.00583	0.00485	0.01045
8	0.01061	0.00853	0.00878	0.00878	0.01097	0.00744	0.00615	0.01225	0.01773	0.02145	0.07209	0.07567	0.49859	0.18301	0.01796	0.00415	0.00525	0.01663	0.00725	0.00670
9	0.01108	0.00895	0.01005	0.01060	0.01322	0.00792	0.00850	0.01374	0.01945	0.02369	0.07465	0.08586	0.47713	0.02210	0.01053	0.00317	0.00530	0.17881	0.00788	0.00737
10	0.01707	0.04402	0.65683	0.02426	0.03683	0.01976	0.03144	0.02695	0.01797	0.02695	0.01527	0.01797	0.01078	0.00809	0.00809	0.00270	0.01258	0.00629	0.00359	0.01258
