[name]
unknown

[dist]
# distance from previous block
# <min> <max>
0	0

[block]
# block no. 0 follows, 22 sequences, length 174
# corresponding to MSA columns:
# 0-173
name=unknown_A
#
# <colnr> <probs for GDERKNQSTAVLIFYWHMCP>
#	G	D	E	R	K	N	Q	S	T	A	V	L	I	F	Y	W	H	M	C	P
0	0.01339	0.00956	0.01339	0.01530	0.01721	0.00956	0.01339	0.01721	0.01912	0.02486	0.04399	0.09371	0.04781	0.02295	0.01147	0.00382	0.00765	0.60031	0.00765	0.00765
1	0.01314	0.09555	0.01707	0.01346	0.01563	0.01315	0.01086	0.01607	0.01379	0.01932	0.02093	0.03026	0.01952	0.05551	0.59270	0.01193	0.02061	0.00835	0.00434	0.00782
2	0.01208	0.00805	0.00906	0.00906	0.00906	0.00805	0.00503	0.01208	0.01208	0.01611	0.02618	0.05436	0.03020	0.70804	0.04228	0.00805	0.00805	0.01208	0.00503	0.00503
3	0.01943	0.01922	0.03125	0.30765	0.27030	0.05337	0.10333	0.04925	0.01913	0.02533	0.01546	0.02115	0.01214	0.00789	0.00843	0.00262	0.01115	0.00761	0.00413	0.01114
4	0.02523	0.01590	0.02019	0.01697	0.02077	0.01799	0.01380	0.03328	0.18260	0.25953	0.03027	0.02974	0.06487	0.01259	0.01411	0.00297	0.21073	0.00897	0.00764	0.01186
5	0.01208	0.00805	0.00906	0.00906	0.00906	0.00805	0.00503	0.01208	0.01208	0.01611	0.02618	0.05436	0.03020	0.70804	0.04228	0.00805	0.00805	0.01208	0.00503	0.00503
6	0.01187	0.00890	0.01335	0.01335	0.01483	0.01038	0.01038	0.01483	0.01335	0.01928	0.02225	0.03264	0.02077	0.06231	0.67512	0.01335	0.02225	0.00890	0.00445	0.00742
7	0.02112	0.19354	0.34986	0.02291	0.07264	0.15578	0.02360	0.02732	0.01870	0.02361	0.01377	0.01626	0.01077	0.00782	0.00725	0.00233	0.01189	0.00568	0.00372	0.01143
8	0.02773	0.03408	0.02293	0.02248	0.07003	0.53894	0.01598	0.03018	0.02185	0.02069	0.01429	0.01773	0.01222	0.01561	0.09617	0.00365	0.01558	0.00597	0.00429	0.00959
9	0.01208	0.00805	0.00906	0.00906	0.00906	0.00805	0.00503	0.01208	0.01208	0.01611	0.02618	0.05436	0.03020	0.70804	0.04228	0.00805	0.00805	0.01208	0.00503	0.00503
10	0.02056	0.01974	0.03372	0.05099	0.65622	0.01974	0.02550	0.02550	0.01892	0.02714	0.01563	0.02056	0.01316	0.00740	0.00822	0.00247	0.00987	0.00740	0.00411	0.01316
11	0.01931	0.23685	0.43837	0.02077	0.03097	0.07082	0.02486	0.02639	0.01778	0.02392	0.01379	0.01613	0.01058	0.00771	0.00712	0.00235	0.01149	0.00559	0.00358	0.01162
12	0.01715	0.13014	0.54882	0.02174	0.03280	0.02051	0.02733	0.02557	0.01776	0.02577	0.04727	0.01927	0.01404	0.00826	0.00765	0.00252	0.01140	0.00637	0.00380	0.01183
13	0.01195	0.00856	0.01163	0.01163	0.01251	0.00945	0.00823	0.01373	0.01284	0.01801	0.02383	0.04138	0.02456	0.32204	0.42057	0.01122	0.01654	0.01018	0.00469	0.00646
14	0.02038	0.01327	0.01561	0.01342	0.01721	0.01352	0.01043	0.11604	0.13678	0.13612	0.27558	0.04503	0.07440	0.06094	0.01131	0.00300	0.00598	0.01172	0.00873	0.01053
15	0.01187	0.00890	0.01335	0.01335	0.01483	0.01038	0.01038	0.01483	0.01335	0.01928	0.02225	0.03264	0.02077	0.06231	0.67512	0.01335	0.02225	0.00890	0.00445	0.00742
16	0.01012	0.00723	0.00964	0.01157	0.01205	0.00675	0.00771	0.01157	0.01591	0.02121	0.04579	0.70262	0.05495	0.02603	0.01060	0.00337	0.00482	0.02362	0.00771	0.00675
17	0.01741	0.01652	0.02802	0.46362	0.26825	0.01891	0.02393	0.02273	0.01742	0.02331	0.01507	0.02159	0.01181	0.00799	0.00828	0.00266	0.01065	0.00739	0.00384	0.01061
18	0.20583	0.16684	0.07395	0.05890	0.17498	0.14364	0.01761	0.02637	0.01796	0.02644	0.01317	0.01616	0.01087	0.00771	0.00671	0.00232	0.01001	0.00560	0.00422	0.01070
19	0.01666	0.04297	0.66500	0.02368	0.03596	0.01929	0.03069	0.02631	0.01754	0.02631	0.01491	0.01754	0.01052	0.00789	0.00789	0.00263	0.01228	0.00614	0.00351	0.01228
20	0.12275	0.27598	0.05792	0.02361	0.15321	0.19345	0.01700	0.02714	0.01868	0.02395	0.01286	0.01544	0.01096	0.00766	0.00657	0.00215	0.01048	0.00536	0.00407	0.01076
21	0.01725	0.11363	0.59947	0.02268	0.03441	0.02072	0.02896	0.02616	0.01747	0.02560	0.01455	0.01710	0.01054	0.00781	0.00762	0.00254	0.01192	0.00596	0.00351	0.01211
22	0.02178	0.02442	0.07261	0.02645	0.15545	0.17323	0.09773	0.07641	0.05093	0.02626	0.02148	0.02710	0.05150	0.09439	0.01242	0.00312	0.01089	0.00830	0.00503	0.04049
23	0.01012	0.00723	0.00964	0.01157	0.01205	0.00675	0.00771	0.01157	0.01591	0.02121	0.04579	0.70262	0.05495	0.02603	0.01060	0.00337	0.00482	0.02362	0.00771	0.00675
24	0.01723	0.01477	0.01723	0.01230	0.01969	0.01107	0.00984	0.02092	0.01723	0.02707	0.01477	0.01723	0.01230	0.00615	0.00615	0.00123	0.00615	0.00492	0.00492	0.75883
25	0.08473	0.14374	0.10364	0.01531	0.02280	0.01876	0.01438	0.10687	0.02107	0.14767	0.01798	0.01868	0.01330	0.00794	0.00684	0.00203	0.00799	0.00593	0.00596	0.23439
26	0.01250	0.00967	0.01076	0.01008	0.01345	0.00820	0.00782	0.01530	0.01818	0.02469	0.05526	0.10719	0.32977	0.01703	0.00876	0.00251	0.00497	0.07553	0.10622	0.16211
27	0.01010	0.00730	0.00957	0.01139	0.01200	0.00676	0.00763	0.01159	0.01608	0.02128	0.04798	0.66712	0.08903	0.02574	0.01056	0.00334	0.00478	0.02327	0.00771	0.00676
28	0.02066	0.01785	0.01878	0.01691	0.02160	0.02066	0.01315	0.04414	0.64121	0.03475	0.03381	0.03099	0.02536	0.01127	0.00845	0.00282	0.00657	0.00939	0.00845	0.01315
29	0.01549	0.00774	0.00774	0.00774	0.00968	0.00774	0.00581	0.01936	0.01742	0.03097	0.02710	0.03097	0.02129	0.00968	0.00581	0.00194	0.00387	0.00774	0.75416	0.00774
30	0.01966	0.11882	0.48852	0.02222	0.03260	0.12875	0.02640	0.02728	0.01845	0.02455	0.01418	0.01664	0.01057	0.00791	0.00753	0.00245	0.01234	0.00582	0.00364	0.01166
31	0.01953	0.01884	0.03257	0.18022	0.50831	0.01953	0.05025	0.02467	0.01848	0.02591	0.01550	0.02096	0.01271	0.00757	0.00831	0.00254	0.01029	0.00750	0.00403	0.01228
32	0.02253	0.01662	0.04410	0.01427	0.02122	0.01374	0.01193	0.05798	0.11056	0.16024	0.02151	0.02165	0.01593	0.00800	0.00712	0.00185	0.00679	0.00645	0.00665	0.43084
33	0.03103	0.03959	0.02354	0.02140	0.02568	0.67469	0.01605	0.03317	0.02354	0.02033	0.01284	0.01498	0.01070	0.00856	0.00749	0.00214	0.01498	0.00535	0.00428	0.00963
34	0.02574	0.02037	0.02164	0.01793	0.02354	0.02303	0.01438	0.31585	0.36124	0.04294	0.02736	0.02586	0.02014	0.01067	0.00839	0.00267	0.00777	0.00850	0.00839	0.01360
35	0.01324	0.00951	0.01318	0.01501	0.01696	0.00945	0.01309	0.01699	0.01912	0.02476	0.04569	0.09312	0.07351	0.02287	0.01140	0.00378	0.00750	0.57555	0.00765	0.00762
36	0.01666	0.04297	0.66500	0.02368	0.03596	0.01929	0.03069	0.02631	0.01754	0.02631	0.01491	0.01754	0.01052	0.00789	0.00789	0.00263	0.01228	0.00614	0.00351	0.01228
37	0.03103	0.03959	0.02354	0.02140	0.02568	0.67469	0.01605	0.03317	0.02354	0.02033	0.01284	0.01498	0.01070	0.00856	0.00749	0.00214	0.01498	0.00535	0.00428	0.00963
38	0.02221	0.71304	0.04353	0.01421	0.02132	0.03287	0.01421	0.02488	0.01688	0.01955	0.01155	0.01333	0.01066	0.00711	0.00533	0.00178	0.00888	0.00444	0.00355	0.01066
39	0.02066	0.01785	0.01878	0.01691	0.02160	0.02066	0.01315	0.04414	0.64121	0.03475	0.03381	0.03099	0.02536	0.01127	0.00845	0.00282	0.00657	0.00939	0.00845	0.01315
40	0.01008	0.00843	0.00877	0.00869	0.01138	0.00712	0.00651	0.01242	0.01954	0.02389	0.15952	0.07757	0.57659	0.02050	0.00982	0.00278	0.00417	0.01720	0.00790	0.00712
41	0.01089	0.00846	0.00990	0.00954	0.01188	0.00747	0.00715	0.01399	0.02146	0.02844	0.39710	0.07008	0.33616	0.01880	0.00981	0.00270	0.00405	0.01615	0.00850	0.00747
42	0.01569	0.01477	0.02492	0.68808	0.05722	0.01846	0.02307	0.02123	0.01661	0.02123	0.01477	0.02215	0.01107	0.00831	0.00831	0.00277	0.01107	0.00738	0.00369	0.00923
43	0.01569	0.01477	0.02492	0.68808	0.05722	0.01846	0.02307	0.02123	0.01661	0.02123	0.01477	0.02215	0.01107	0.00831	0.00831	0.00277	0.01107	0.00738	0.00369	0.00923
44	0.00982	0.00842	0.00842	0.00842	0.01122	0.00701	0.00631	0.01192	0.01894	0.02244	0.08416	0.07995	0.65285	0.02104	0.00982	0.00281	0.00421	0.01753	0.00771	0.00701
45	0.01723	0.01477	0.01723	0.01230	0.01969	0.01107	0.00984	0.02092	0.01723	0.02707	0.01477	0.01723	0.01230	0.00615	0.00615	0.00123	0.00615	0.00492	0.00492	0.75883
46	0.05784	0.06873	0.16582	0.03053	0.15014	0.15446	0.20184	0.02748	0.01944	0.02548	0.01483	0.01859	0.01161	0.00762	0.00816	0.00250	0.01242	0.00713	0.00407	0.01133
47	0.02288	0.01791	0.01986	0.04466	0.02283	0.01992	0.01350	0.26496	0.25354	0.04074	0.15453	0.03270	0.03127	0.01181	0.00867	0.00265	0.00722	0.00972	0.00834	0.01227
48	0.00982	0.00842	0.00842	0.00842	0.01122	0.00701	0.00631	0.01192	0.01894	0.02244	0.08416	0.07995	0.65285	0.02104	0.00982	0.00281	0.00421	0.01753	0.00771	0.00701
49	0.01012	0.00723	0.00964	0.01157	0.01205	0.00675	0.00771	0.01157	0.01591	0.02121	0.04579	0.70262	0.05495	0.02603	0.01060	0.00337	0.00482	0.02362	0.00771	0.00675
50	0.02049	0.01993	0.03483	0.04983	0.61172	0.01983	0.06911	0.02558	0.01897	0.02710	0.01571	0.02070	0.01312	0.00737	0.00834	0.00249	0.01017	0.00758	0.00412	0.01302
51	0.23910	0.01515	0.02114	0.48664	0.04498	0.01851	0.01888	0.02218	0.01588	0.02600	0.01381	0.01957	0.01046	0.00813	0.00736	0.00271	0.00969	0.00652	0.00412	0.00916
52	0.01206	0.00869	0.01153	0.01135	0.01330	0.00816	0.00887	0.01596	0.02270	0.03174	0.53901	0.06793	0.07271	0.01809	0.01011	0.00284	0.00461	0.12366	0.00887	0.00780
53	0.01646	0.03716	0.53308	0.16061	0.04034	0.01912	0.02912	0.02526	0.01735	0.02526	0.01488	0.01849	0.01064	0.00798	0.00798	0.00266	0.01203	0.00640	0.00355	0.01165
54	0.01867	0.19149	0.40337	0.02670	0.15032	0.02248	0.02595	0.02583	0.01765	0.02492	0.01428	0.01715	0.01106	0.00762	0.00737	0.00240	0.01105	0.00599	0.00363	0.01208
55	0.01857	0.02539	0.16896	0.02875	0.03545	0.02197	0.32252	0.02458	0.01713	0.02458	0.01466	0.02015	0.01167	0.00943	0.01460	0.00301	0.21558	0.00829	0.00389	0.01080
56	0.03103	0.03959	0.02354	0.02140	0.02568	0.67469	0.01605	0.03317	0.02354	0.02033	0.01284	0.01498	0.01070	0.00856	0.00749	0.00214	0.01498	0.00535	0.00428	0.00963
57	0.02743	0.02029	0.13768	0.01654	0.02331	0.01545	0.01561	0.15404	0.02479	0.30227	0.03319	0.05797	0.08644	0.01201	0.00862	0.00267	0.00809	0.03293	0.00816	0.01251
58	0.01718	0.03989	0.58120	0.02730	0.11829	0.01935	0.03000	0.02620	0.01772	0.02642	0.01500	0.01794	0.01087	0.00783	0.00794	0.00261	0.01196	0.00631	0.00359	0.01239
59	0.01187	0.00890	0.01335	0.01335	0.01483	0.01038	0.01038	0.01483	0.01335	0.01928	0.02225	0.03264	0.02077	0.06231	0.67512	0.01335	0.02225	0.00890	0.00445	0.00742
60	0.17581	0.02037	0.01806	0.01627	0.02100	0.10707	0.01268	0.03862	0.42998	0.03336	0.02644	0.02526	0.02004	0.01018	0.00764	0.00268	0.00766	0.00785	0.00722	0.01183
61	0.01989	0.02327	0.12006	0.04471	0.47209	0.01989	0.12595	0.02579	0.01885	0.02694	0.01573	0.02047	0.01272	0.00740	0.00844	0.00254	0.01088	0.00763	0.00405	0.01272
62	0.02156	0.03073	0.21898	0.03679	0.34218	0.15460	0.02509	0.02732	0.01946	0.02549	0.01484	0.01851	0.01187	0.00779	0.00797	0.00245	0.01164	0.00660	0.00397	0.01217
63	0.02585	0.03009	0.02693	0.03249	0.27121	0.38115	0.01941	0.02913	0.02116	0.02293	0.01446	0.01817	0.01223	0.01117	0.04584	0.00291	0.01340	0.00635	0.00422	0.01088
64	0.02737	0.03257	0.02896	0.02941	0.16414	0.42801	0.09399	0.05255	0.02262	0.02376	0.01420	0.01729	0.01159	0.00817	0.00797	0.00231	0.01354	0.00643	0.00438	0.01075
65	0.00982	0.00842	0.00842	0.00842	0.01122	0.00701	0.00631	0.01192	0.01894	0.02244	0.08416	0.07995	0.65285	0.02104	0.00982	0.00281	0.00421	0.01753	0.00771	0.00701
66	0.04803	0.35554	0.16379	0.01683	0.02363	0.02551	0.01731	0.06659	0.01773	0.02395	0.01422	0.01759	0.01218	0.01536	0.09657	0.00371	0.06095	0.00581	0.00407	0.01063
67	0.05523	0.14592	0.09919	0.01495	0.04565	0.04168	0.01301	0.02093	0.02040	0.05496	0.28244	0.04181	0.10648	0.01295	0.00827	0.00245	0.00686	0.01069	0.00669	0.00945
68	0.02285	0.02021	0.02993	0.03990	0.44204	0.02110	0.02186	0.15226	0.10568	0.03335	0.01893	0.02182	0.01498	0.00845	0.00827	0.00252	0.00928	0.00768	0.00555	0.01336
69	0.01024	0.00732	0.00975	0.01149	0.01208	0.00683	0.00772	0.01187	0.01646	0.02209	0.08980	0.65610	0.05665	0.02537	0.01054	0.00332	0.00475	0.02299	0.00782	0.00683
70	0.02262	0.03122	0.38711	0.02022	0.02968	0.01773	0.02291	0.03305	0.12850	0.18979	0.02278	0.02264	0.01568	0.00909	0.00811	0.00265	0.00995	0.00727	0.00610	0.01290
71	0.01966	0.01882	0.03209	0.16924	0.54504	0.01950	0.02505	0.02470	0.01849	0.02604	0.01547	0.02086	0.01277	0.00757	0.00824	0.00252	0.01009	0.00740	0.00403	0.01243
72	0.01015	0.00767	0.00938	0.01055	0.01183	0.00691	0.00730	0.01197	0.01736	0.02245	0.10121	0.47088	0.23451	0.02389	0.01031	0.00315	0.00457	0.02118	0.00782	0.00691
73	0.01885	0.01988	0.02463	0.55067	0.05072	0.15371	0.02162	0.02369	0.01804	0.02104	0.01437	0.02067	0.01100	0.00836	0.00814	0.00264	0.01188	0.00696	0.00381	0.00931
74	0.02127	0.16470	0.37210	0.02248	0.05561	0.17828	0.02395	0.02765	0.01891	0.02367	0.01382	0.01627	0.01070	0.00789	0.00734	0.00235	0.01220	0.00569	0.00372	0.01138
75	0.01074	0.00796	0.01016	0.01169	0.01295	0.00739	0.00860	0.01281	0.01720	0.02222	0.05332	0.44816	0.17667	0.02436	0.01062	0.00335	0.00528	0.14184	0.00770	0.00699
76	0.01168	0.00788	0.00918	0.00958	0.00968	0.00778	0.00559	0.01198	0.01287	0.01716	0.03022	0.18797	0.03530	0.56748	0.03575	0.00709	0.00739	0.01446	0.00559	0.00539
77	0.01400	0.01200	0.01417	0.01556	0.08222	0.01193	0.01054	0.02194	0.17247	0.02722	0.12166	0.06049	0.34001	0.01687	0.00940	0.00281	0.00553	0.04422	0.00766	0.00929
78	0.03059	0.03875	0.02398	0.02266	0.05255	0.64678	0.01645	0.03285	0.02334	0.02062	0.01296	0.01522	0.01081	0.00851	0.00752	0.00215	0.01476	0.00544	0.00427	0.00978
79	0.34334	0.01533	0.01655	0.01334	0.01924	0.01548	0.01101	0.05848	0.02037	0.37401	0.02333	0.02172	0.01544	0.00919	0.00700	0.00257	0.00689	0.00670	0.00804	0.01198
80	0.02283	0.37018	0.03410	0.01793	0.02236	0.16250	0.01576	0.02514	0.01702	0.01984	0.01163	0.01509	0.01074	0.00959	0.01223	0.00240	0.21148	0.00546	0.00373	0.00999
81	0.02027	0.01905	0.03086	0.04493	0.54447	0.01942	0.02334	0.02761	0.10153	0.02805	0.01926	0.02510	0.01627	0.00858	0.00839	0.00257	0.00934	0.03319	0.00484	0.01292
82	0.01890	0.01749	0.01740	0.01570	0.01719	0.13805	0.01230	0.02135	0.01625	0.02331	0.01834	0.02541	0.01630	0.07146	0.04540	0.00358	0.25530	0.00754	0.25040	0.00834
83	0.02066	0.01785	0.01878	0.01691	0.02160	0.02066	0.01315	0.04414	0.64121	0.03475	0.03381	0.03099	0.02536	0.01127	0.00845	0.00282	0.00657	0.00939	0.00845	0.01315
84	0.01388	0.01185	0.01720	0.01604	0.01706	0.01518	0.01286	0.01648	0.01315	0.01951	0.01864	0.02803	0.01763	0.04710	0.46887	0.01026	0.23574	0.00838	0.00419	0.00795
85	0.01666	0.04297	0.66500	0.02368	0.03596	0.01929	0.03069	0.02631	0.01754	0.02631	0.01491	0.01754	0.01052	0.00789	0.00789	0.00263	0.01228	0.00614	0.00351	0.01228
86	0.01398	0.01043	0.01367	0.01502	0.01731	0.01066	0.01288	0.01993	0.09013	0.02583	0.04555	0.08561	0.08633	0.02149	0.01102	0.00364	0.00729	0.49327	0.00775	0.00823
87	0.01010	0.00732	0.00955	0.01134	0.01199	0.00677	0.00761	0.01159	0.01613	0.02130	0.04857	0.65740	0.09837	0.02566	0.01055	0.00333	0.00478	0.02317	0.00771	0.00677
88	0.02027	0.05552	0.16629	0.03536	0.26064	0.04873	0.16090	0.04838	0.01915	0.02660	0.01523	0.01960	0.01213	0.00813	0.00991	0.00263	0.06698	0.00747	0.00411	0.01198
89	0.01549	0.00774	0.00774	0.00774	0.00968	0.00774	0.00581	0.01936	0.01742	0.03097	0.02710	0.03097	0.02129	0.00968	0.00581	0.00194	0.00387	0.00774	0.75416	0.00774
90	0.02455	0.06164	0.03336	0.03433	0.25221	0.27719	0.14499	0.02870	0.02077	0.02400	0.01458	0.01841	0.01196	0.00776	0.00812	0.00237	0.01268	0.00695	0.00417	0.01125
91	0.01350	0.02326	0.29199	0.01628	0.02266	0.01264	0.01781	0.01932	0.01908	0.02664	0.17721	0.11566	0.13817	0.01512	0.00919	0.00282	0.00793	0.05502	0.00623	0.00948
92	0.02221	0.71304	0.04353	0.01421	0.02132	0.03287	0.01421	0.02488	0.01688	0.01955	0.01155	0.01333	0.01066	0.00711	0.00533	0.00178	0.00888	0.00444	0.00355	0.01066
93	0.07737	0.02797	0.21259	0.02487	0.10587	0.09913	0.09543	0.07810	0.02114	0.11286	0.02109	0.02274	0.04574	0.00896	0.00812	0.00256	0.01074	0.00752	0.00540	0.01182
94	0.01978	0.02101	0.07478	0.04076	0.42629	0.02097	0.04924	0.02544	0.04965	0.02600	0.01560	0.02049	0.01313	0.00907	0.01215	0.00275	0.14900	0.00749	0.00420	0.01219
95	0.01180	0.00873	0.01037	0.01028	0.01156	0.00882	0.00703	0.01404	0.03808	0.01977	0.06438	0.05475	0.17883	0.33598	0.18268	0.00765	0.01029	0.01265	0.00583	0.00649
96	0.01443	0.00722	0.01082	0.01082	0.01082	0.00722	0.00722	0.01082	0.01082	0.01443	0.01443	0.02525	0.01443	0.02886	0.03247	0.75830	0.00722	0.00722	0.00361	0.00361
97	0.02557	0.03639	0.18043	0.02113	0.02745	0.39210	0.01911	0.03352	0.13671	0.02448	0.01724	0.01858	0.01338	0.00890	0.00777	0.00239	0.01276	0.00629	0.00486	0.01093
98	0.01244	0.00846	0.00947	0.00939	0.00958	0.00858	0.00537	0.01341	0.03825	0.01688	0.02649	0.05339	0.03000	0.67907	0.04088	0.00784	0.00799	0.01197	0.00518	0.00537
99	0.01029	0.00748	0.00941	0.01088	0.01161	0.00693	0.00723	0.01167	0.01589	0.02082	0.04874	0.54930	0.13162	0.09971	0.01395	0.00381	0.00509	0.02155	0.00742	0.00660
100	0.01012	0.00723	0.00964	0.01157	0.01205	0.00675	0.00771	0.01157	0.01591	0.02121	0.04579	0.70262	0.05495	0.02603	0.01060	0.00337	0.00482	0.02362	0.00771	0.00675
101	0.02965	0.05808	0.02507	0.01857	0.02498	0.02545	0.01536	0.51985	0.11785	0.04833	0.02135	0.02107	0.01544	0.01000	0.00818	0.00250	0.00879	0.00758	0.00808	0.01382
102	0.01446	0.15470	0.02045	0.01414	0.01668	0.01611	0.01174	0.01728	0.01403	0.01939	0.01922	0.02761	0.01797	0.04746	0.49003	0.01026	0.06820	0.00786	0.00421	0.00821
103	0.01354	0.01111	0.01406	0.01300	0.01348	0.01315	0.00942	0.01456	0.01327	0.01831	0.02914	0.04565	0.10656	0.36810	0.07956	0.00646	0.20789	0.01117	0.00494	0.00665
104	0.01126	0.00967	0.00979	0.00954	0.01260	0.00883	0.00722	0.01620	0.10154	0.02408	0.07747	0.07345	0.56955	0.01974	0.00964	0.00281	0.00452	0.01645	0.00781	0.00783
105	0.02254	0.06135	0.10758	0.03563	0.27640	0.17949	0.14537	0.02765	0.01992	0.02492	0.01491	0.01888	0.01203	0.00764	0.00819	0.00244	0.01218	0.00710	0.00407	0.01168
106	0.02141	0.02110	0.02713	0.17007	0.29314	0.10685	0.02081	0.05354	0.14808	0.02759	0.01900	0.02227	0.01496	0.00864	0.00819	0.00256	0.01009	0.00754	0.00511	0.01192
107	0.14514	0.23150	0.18702	0.01818	0.02540	0.21870	0.01801	0.02763	0.01858	0.02436	0.01277	0.01490	0.01037	0.00784	0.00658	0.00223	0.01115	0.00514	0.00402	0.01048
108	0.01374	0.01096	0.01238	0.01234	0.01498	0.01116	0.00959	0.02134	0.17138	0.02582	0.08692	0.06675	0.23964	0.11006	0.01418	0.00374	0.00610	0.15285	0.00761	0.00846
109	0.02057	0.01949	0.03174	0.04647	0.57198	0.01986	0.02386	0.02797	0.10152	0.02815	0.01804	0.02195	0.01478	0.00792	0.00825	0.00251	0.00943	0.00767	0.00469	0.01316
110	0.00992	0.00842	0.00855	0.00852	0.01128	0.00706	0.00639	0.01212	0.01917	0.02300	0.11340	0.07903	0.62326	0.02083	0.00982	0.00280	0.00419	0.01740	0.00779	0.00706
111	0.01773	0.01189	0.01404	0.01297	0.01617	0.01194	0.00984	0.06774	0.14742	0.11403	0.17446	0.20909	0.12440	0.01719	0.00943	0.00285	0.00552	0.01490	0.00855	0.00983
112	0.02601	0.08866	0.12013	0.06293	0.11234	0.35643	0.01967	0.07305	0.02225	0.02442	0.01403	0.01673	0.01127	0.00828	0.00758	0.00229	0.01277	0.00594	0.00435	0.01087
113	0.03121	0.03440	0.02398	0.02067	0.02571	0.46810	0.01597	0.22271	0.02848	0.03053	0.01510	0.01656	0.01179	0.00901	0.00775	0.00225	0.01312	0.00603	0.00556	0.01106
114	0.02516	0.01933	0.02103	0.01696	0.02265	0.02076	0.01360	0.36237	0.15783	0.04209	0.02484	0.09385	0.02050	0.01143	0.00830	0.00249	0.00776	0.00924	0.00783	0.11200
115	0.01430	0.00726	0.01072	0.01072	0.01072	0.00726	0.00709	0.01089	0.01089	0.01453	0.01510	0.02691	0.01533	0.06758	0.03303	0.71552	0.00726	0.00749	0.00369	0.00369
116	0.01012	0.00723	0.00964	0.01157	0.01205	0.00675	0.00771	0.01157	0.01591	0.02121	0.04579	0.70262	0.05495	0.02603	0.01060	0.00337	0.00482	0.02362	0.00771	0.00675
117	0.01195	0.00800	0.00910	0.00922	0.00925	0.00797	0.00521	0.01205	0.01233	0.01644	0.02745	0.09640	0.03181	0.66382	0.04023	0.00775	0.00784	0.01283	0.00521	0.00514
118	0.03103	0.03959	0.02354	0.02140	0.02568	0.67469	0.01605	0.03317	0.02354	0.02033	0.01284	0.01498	0.01070	0.00856	0.00749	0.00214	0.01498	0.00535	0.00428	0.00963
119	0.01666	0.04297	0.66500	0.02368	0.03596	0.01929	0.03069	0.02631	0.01754	0.02631	0.01491	0.01754	0.01052	0.00789	0.00789	0.00263	0.01228	0.00614	0.00351	0.01228
120	0.01154	0.00858	0.01265	0.01301	0.01431	0.00969	0.00988	0.01421	0.01384	0.01965	0.02672	0.15977	0.02725	0.05542	0.54902	0.01146	0.01894	0.01169	0.00507	0.00729
121	0.01187	0.00890	0.01335	0.01335	0.01483	0.01038	0.01038	0.01483	0.01335	0.01928	0.02225	0.03264	0.02077	0.06231	0.67512	0.01335	0.02225	0.00890	0.00445	0.00742
122	0.01208	0.00805	0.00906	0.00906	0.00906	0.00805	0.00503	0.01208	0.01208	0.01611	0.02618	0.05436	0.03020	0.70804	0.04228	0.00805	0.00805	0.01208	0.00503	0.00503
123	0.01187	0.00890	0.01335	0.01335	0.01483	0.01038	0.01038	0.01483	0.01335	0.01928	0.02225	0.03264	0.02077	0.06231	0.67512	0.01335	0.02225	0.00890	0.00445	0.00742
124	0.01597	0.01532	0.02667	0.64065	0.05621	0.01864	0.06686	0.02162	0.01683	0.02162	0.01491	0.02217	0.01119	0.00821	0.00841	0.00277	0.01129	0.00756	0.00373	0.00937
125	0.01187	0.00890	0.01335	0.01335	0.01483	0.01038	0.01038	0.01483	0.01335	0.01928	0.02225	0.03264	0.02077	0.06231	0.67512	0.01335	0.02225	0.00890	0.00445	0.00742
126	0.01010	0.00732	0.00955	0.01134	0.01199	0.00677	0.00761	0.01159	0.01613	0.02130	0.04857	0.65740	0.09837	0.02566	0.01055	0.00333	0.00478	0.02317	0.00771	0.00677
127	0.02573	0.02439	0.01977	0.01721	0.02173	0.23347	0.01337	0.17695	0.17807	0.03358	0.02236	0.02309	0.01710	0.00978	0.00761	0.00235	0.00944	0.00730	0.14547	0.01123
128	0.01528	0.00781	0.00806	0.00806	0.00997	0.00789	0.00607	0.01910	0.01719	0.03031	0.02682	0.03107	0.02126	0.01268	0.04397	0.00259	0.00492	0.00781	0.71142	0.00772
129	0.03086	0.01586	0.01917	0.01504	0.02087	0.01537	0.01231	0.21057	0.02767	0.36929	0.06182	0.03408	0.10502	0.01190	0.00860	0.00258	0.00717	0.00959	0.00931	0.01292
130	0.01187	0.00890	0.01335	0.01335	0.01483	0.01038	0.01038	0.01483	0.01335	0.01928	0.02225	0.03264	0.02077	0.06231	0.67512	0.01335	0.02225	0.00890	0.00445	0.00742
131	0.02221	0.71304	0.04353	0.01421	0.02132	0.03287	0.01421	0.02488	0.01688	0.01955	0.01155	0.01333	0.01066	0.00711	0.00533	0.00178	0.00888	0.00444	0.00355	0.01066
132	0.01208	0.00805	0.00906	0.00906	0.00906	0.00805	0.00503	0.01208	0.01208	0.01611	0.02618	0.05436	0.03020	0.70804	0.04228	0.00805	0.00805	0.01208	0.00503	0.00503
133	0.01666	0.04297	0.66500	0.02368	0.03596	0.01929	0.03069	0.02631	0.01754	0.02631	0.01491	0.01754	0.01052	0.00789	0.00789	0.00263	0.01228	0.00614	0.00351	0.01228
134	0.02436	0.02693	0.03003	0.04027	0.42776	0.25705	0.02207	0.02828	0.02059	0.02467	0.01462	0.01854	0.01227	0.00782	0.00796	0.00235	0.01172	0.00666	0.00417	0.01188
135	0.02462	0.01981	0.02101	0.01771	0.02311	0.02251	0.01411	0.25588	0.42304	0.04113	0.02879	0.02699	0.02129	0.01080	0.00840	0.00270	0.00750	0.00870	0.00840	0.01350
136	0.02807	0.03453	0.02384	0.02331	0.07598	0.53428	0.01660	0.03046	0.02177	0.02079	0.01355	0.01680	0.01157	0.01236	0.05219	0.00300	0.06106	0.00588	0.00423	0.00974
137	0.01187	0.00890	0.01335	0.01335	0.01483	0.01038	0.01038	0.01483	0.01335	0.01928	0.02225	0.03264	0.02077	0.06231	0.67512	0.01335	0.02225	0.00890	0.00445	0.00742
138	0.02221	0.71304	0.04353	0.01421	0.02132	0.03287	0.01421	0.02488	0.01688	0.01955	0.01155	0.01333	0.01066	0.00711	0.00533	0.00178	0.00888	0.00444	0.00355	0.01066
139	0.01206	0.00809	0.00921	0.00916	0.00930	0.00804	0.00524	0.01234	0.01291	0.01736	0.07161	0.05492	0.03370	0.65786	0.03992	0.00766	0.00775	0.01229	0.00533	0.00524
140	0.01208	0.00805	0.00906	0.00906	0.00906	0.00805	0.00503	0.01208	0.01208	0.01611	0.02618	0.05436	0.03020	0.70804	0.04228	0.00805	0.00805	0.01208	0.00503	0.00503
141	0.01686	0.16387	0.15578	0.01996	0.02617	0.01862	0.17271	0.02147	0.01709	0.02300	0.06043	0.07492	0.02256	0.15363	0.01525	0.00367	0.01011	0.00972	0.00466	0.00951
142	0.01357	0.01003	0.01384	0.01345	0.01540	0.01154	0.01049	0.04653	0.05067	0.02256	0.02313	0.03181	0.02074	0.05329	0.55937	0.01145	0.01948	0.00878	0.05577	0.00809
143	0.01666	0.04297	0.66500	0.02368	0.03596	0.01929	0.03069	0.02631	0.01754	0.02631	0.01491	0.01754	0.01052	0.00789	0.00789	0.00263	0.01228	0.00614	0.00351	0.01228
144	0.02056	0.01974	0.03372	0.05099	0.65622	0.01974	0.02550	0.02550	0.01892	0.02714	0.01563	0.02056	0.01316	0.00740	0.00822	0.00247	0.00987	0.00740	0.00411	0.01316
145	0.02364	0.02641	0.03340	0.03883	0.34650	0.22354	0.13403	0.02809	0.02048	0.02493	0.01498	0.01917	0.01229	0.00769	0.00829	0.00243	0.01223	0.00721	0.00418	0.01170
146	0.02304	0.48075	0.03886	0.02275	0.15276	0.11536	0.01678	0.02610	0.01818	0.02121	0.01256	0.01504	0.01118	0.00736	0.00621	0.00197	0.00990	0.00517	0.00377	0.01104
147	0.03218	0.02231	0.02434	0.01866	0.02528	0.02433	0.01541	0.56652	0.03745	0.11664	0.02130	0.02082	0.01481	0.01001	0.00832	0.00250	0.00892	0.00757	0.00852	0.01413
148	0.00982	0.00842	0.00842	0.00842	0.01122	0.00701	0.00631	0.01192	0.01894	0.02244	0.08416	0.07995	0.65285	0.02104	0.00982	0.00281	0.00421	0.01753	0.00771	0.00701
149	0.02430	0.03018	0.05007	0.02299	0.10042	0.40216	0.04147	0.02729	0.02161	0.02211	0.02813	0.02947	0.14342	0.01090	0.00817	0.00237	0.01198	0.00833	0.00493	0.00970
150	0.01536	0.00917	0.01063	0.01018	0.01182	0.01025	0.00790	0.01887	0.01633	0.02815	0.02450	0.02961	0.01995	0.01688	0.09246	0.00358	0.09096	0.00783	0.56769	0.00787
151	0.03103	0.03959	0.02354	0.02140	0.02568	0.67469	0.01605	0.03317	0.02354	0.02033	0.01284	0.01498	0.01070	0.00856	0.00749	0.00214	0.01498	0.00535	0.00428	0.00963
152	0.01890	0.01804	0.03072	0.26809	0.45210	0.01930	0.02467	0.02404	0.01813	0.02512	0.01533	0.02110	0.01245	0.00771	0.00825	0.00257	0.01028	0.00740	0.00397	0.01182
153	0.01967	0.19688	0.07791	0.01578	0.02125	0.08174	0.01423	0.05708	0.01962	0.02620	0.13185	0.02464	0.02379	0.01001	0.00957	0.00219	0.09129	0.00725	0.00522	0.16383
154	0.01051	0.00806	0.00939	0.00986	0.01149	0.00731	0.00692	0.01243	0.01756	0.02253	0.13390	0.25200	0.30680	0.10791	0.04157	0.00403	0.00557	0.01795	0.00743	0.00681
155	0.00982	0.00842	0.00842	0.00842	0.01122	0.00701	0.00631	0.01192	0.01894	0.02244	0.08416	0.07995	0.65285	0.02104	0.00982	0.00281	0.00421	0.01753	0.00771	0.00701
156	0.01666	0.04297	0.66500	0.02368	0.03596	0.01929	0.03069	0.02631	0.01754	0.02631	0.01491	0.01754	0.01052	0.00789	0.00789	0.00263	0.01228	0.00614	0.00351	0.01228
157	0.02084	0.03282	0.27703	0.03221	0.19378	0.14136	0.13072	0.02743	0.01937	0.02546	0.01504	0.01869	0.01159	0.00774	0.00824	0.00253	0.01247	0.00696	0.00393	0.01182
158	0.00982	0.00842	0.00842	0.00842	0.01122	0.00701	0.00631	0.01192	0.01894	0.02244	0.08416	0.07995	0.65285	0.02104	0.00982	0.00281	0.00421	0.01753	0.00771	0.00701
159	0.01549	0.00774	0.00774	0.00774	0.00968	0.00774	0.00581	0.01936	0.01742	0.03097	0.02710	0.03097	0.02129	0.00968	0.00581	0.00194	0.00387	0.00774	0.75416	0.00774
160	0.02117	0.01850	0.02216	0.02404	0.15260	0.02072	0.01582	0.06860	0.48379	0.03404	0.02939	0.02831	0.02230	0.01041	0.00840	0.00273	0.00738	0.00889	0.00755	0.01320
161	0.01549	0.00774	0.00774	0.00774	0.00968	0.00774	0.00581	0.01936	0.01742	0.03097	0.02710	0.03097	0.02129	0.00968	0.00581	0.00194	0.00387	0.00774	0.75416	0.00774
162	0.03295	0.01672	0.02035	0.01608	0.02222	0.01661	0.01313	0.16238	0.14409	0.41731	0.03033	0.02707	0.02015	0.01041	0.00836	0.00260	0.00740	0.00837	0.00953	0.01395
163	0.02056	0.01974	0.03372	0.05099	0.65622	0.01974	0.02550	0.02550	0.01892	0.02714	0.01563	0.02056	0.01316	0.00740	0.00822	0.00247	0.00987	0.00740	0.00411	0.01316
164	0.06196	0.02931	0.18070	0.07000	0.05980	0.15578	0.01967	0.14480	0.13845	0.03182	0.01880	0.02024	0.01409	0.00905	0.00790	0.00254	0.01068	0.00690	0.00562	0.01190
165	0.01012	0.00723	0.00964	0.01157	0.01205	0.00675	0.00771	0.01157	0.01591	0.02121	0.04579	0.70262	0.05495	0.02603	0.01060	0.00337	0.00482	0.02362	0.00771	0.00675
166	0.01038	0.00847	0.00923	0.00972	0.01191	0.00752	0.00702	0.01320	0.04482	0.02260	0.07058	0.26307	0.44798	0.02210	0.00999	0.00297	0.00449	0.01899	0.00775	0.00720
167	0.01813	0.13091	0.52935	0.02280	0.03389	0.04901	0.05292	0.02642	0.01779	0.02517	0.01445	0.01708	0.01064	0.00778	0.00762	0.00250	0.01201	0.00603	0.00358	0.01191
168	0.01132	0.00819	0.01095	0.01273	0.01392	0.00782	0.00973	0.01370	0.01733	0.02266	0.04790	0.42970	0.09570	0.02451	0.01087	0.00350	0.00583	0.23883	0.00769	0.00710
169	0.01187	0.00890	0.01335	0.01335	0.01483	0.01038	0.01038	0.01483	0.01335	0.01928	0.02225	0.03264	0.02077	0.06231	0.67512	0.01335	0.02225	0.00890	0.00445	0.00742
170	0.02664	0.27614	0.08927	0.01899	0.02509	0.36312	0.01673	0.05338	0.02127	0.02188	0.01286	0.01483	0.01081	0.00804	0.00680	0.00207	0.01236	0.00519	0.00411	0.01041
171	0.02153	0.02271	0.02646	0.10991	0.31310	0.18678	0.01993	0.02645	0.04622	0.02584	0.10002	0.02525	0.02145	0.00924	0.00826	0.00245	0.01040	0.00797	0.00495	0.01109
172	0.02851	0.03480	0.02600	0.02854	0.17782	0.51667	0.01833	0.03132	0.02243	0.02197	0.01351	0.01633	0.01129	0.00828	0.00767	0.00222	0.01375	0.00585	0.00424	0.01048
173	0.01781	0.02824	0.31125	0.01869	0.02829	0.01594	0.04415	0.05488	0.01859	0.02801	0.01518	0.01771	0.01161	0.00717	0.00719	0.00199	0.00938	0.00580	0.00443	0.35369

[dist]
# distance from previous block
# <min> <max>
1	3

[block]
# block no. 1 follows, 22 sequences, length 29
# corresponding to MSA columns:
# 177-205
name=unknown_B
#
# <colnr> <probs for GDERKNQSTAVLIFYWHMCP>
#	G	D	E	R	K	N	Q	S	T	A	V	L	I	F	Y	W	H	M	C	P
0	0.07031	0.01848	0.08585	0.03248	0.33848	0.01605	0.01937	0.02457	0.02003	0.08975	0.16951	0.03048	0.02898	0.01004	0.00837	0.00253	0.00817	0.00900	0.00592	0.01161
1	0.02154	0.02159	0.03277	0.04824	0.59750	0.08073	0.02462	0.02621	0.01935	0.02651	0.01537	0.02004	0.01293	0.00751	0.00816	0.00244	0.01035	0.00721	0.00413	0.01283
2	0.01032	0.00844	0.00911	0.00894	0.01153	0.00722	0.00670	0.01289	0.02011	0.02523	0.22986	0.07536	0.50541	0.02000	0.00981	0.00276	0.00413	0.01689	0.00808	0.00722
3	0.01208	0.00805	0.00906	0.00906	0.00906	0.00805	0.00503	0.01208	0.01208	0.01611	0.02618	0.05436	0.03020	0.70804	0.04228	0.00805	0.00805	0.01208	0.00503	0.00503
4	0.02960	0.05263	0.05212	0.01701	0.02326	0.02028	0.01460	0.34463	0.03006	0.20244	0.02311	0.02318	0.01630	0.01406	0.06223	0.00334	0.00957	0.00763	0.04089	0.01305
5	0.01048	0.00844	0.00934	0.00911	0.01163	0.00730	0.00684	0.01321	0.02051	0.02618	0.27912	0.07380	0.45555	0.01965	0.00981	0.00274	0.00411	0.01667	0.00821	0.00730
6	0.01208	0.00805	0.00906	0.00906	0.00906	0.00805	0.00503	0.01208	0.01208	0.01611	0.02618	0.05436	0.03020	0.70804	0.04228	0.00805	0.00805	0.01208	0.00503	0.00503
7	0.01208	0.00805	0.00906	0.00906	0.00906	0.00805	0.00503	0.01208	0.01208	0.01611	0.02618	0.05436	0.03020	0.70804	0.04228	0.00805	0.00805	0.01208	0.00503	0.00503
8	0.01193	0.00867	0.01217	0.01217	0.01324	0.00974	0.00891	0.01407	0.01300	0.01841	0.02333	0.03863	0.02337	0.24047	0.50051	0.01189	0.01833	0.00978	0.00461	0.00676
9	0.01204	0.00824	0.00998	0.00998	0.01030	0.00855	0.00618	0.01267	0.01235	0.01679	0.02533	0.04970	0.02818	0.56951	0.17805	0.00919	0.01110	0.01140	0.00491	0.00555
10	0.03282	0.02128	0.02370	0.01817	0.02477	0.02281	0.01501	0.50040	0.03573	0.18518	0.02274	0.02176	0.01553	0.01004	0.00832	0.00251	0.00869	0.00767	0.00874	0.01413
11	0.01010	0.00731	0.00956	0.01135	0.01199	0.00677	0.00762	0.01159	0.01611	0.02129	0.04839	0.66036	0.09553	0.02569	0.01055	0.00334	0.00478	0.02320	0.00771	0.00677
12	0.01443	0.00722	0.01082	0.01082	0.01082	0.00722	0.00722	0.01082	0.01082	0.01443	0.01443	0.02525	0.01443	0.02886	0.03247	0.75830	0.00722	0.00722	0.00361	0.00361
13	0.03280	0.02131	0.02372	0.01818	0.02479	0.02286	0.01502	0.50237	0.03578	0.18314	0.02270	0.02173	0.01551	0.01004	0.00832	0.00251	0.00870	0.00767	0.00873	0.01413
14	0.03103	0.03959	0.02354	0.02140	0.02568	0.67469	0.01605	0.03317	0.02354	0.02033	0.01284	0.01498	0.01070	0.00856	0.00749	0.00214	0.01498	0.00535	0.00428	0.00963
15	0.01961	0.02241	0.04902	0.03501	0.04342	0.02101	0.62605	0.02661	0.01961	0.02661	0.01681	0.02241	0.01261	0.00700	0.00980	0.00280	0.01401	0.00980	0.00420	0.01120
16	0.01208	0.00805	0.00906	0.00906	0.00906	0.00805	0.00503	0.01208	0.01208	0.01611	0.02618	0.05436	0.03020	0.70804	0.04228	0.00805	0.00805	0.01208	0.00503	0.00503
17	0.02221	0.71304	0.04353	0.01421	0.02132	0.03287	0.01421	0.02488	0.01688	0.01955	0.01155	0.01333	0.01066	0.00711	0.00533	0.00178	0.00888	0.00444	0.00355	0.01066
18	0.01012	0.00723	0.00964	0.01157	0.01205	0.00675	0.00771	0.01157	0.01591	0.02121	0.04579	0.70262	0.05495	0.02603	0.01060	0.00337	0.00482	0.02362	0.00771	0.00675
19	0.03158	0.02327	0.02493	0.01911	0.02576	0.02576	0.01579	0.62852	0.03906	0.05236	0.01995	0.01995	0.01413	0.00997	0.00831	0.00249	0.00914	0.00748	0.00831	0.01413
20	0.01443	0.00722	0.01082	0.01082	0.01082	0.00722	0.00722	0.01082	0.01082	0.01443	0.01443	0.02525	0.01443	0.02886	0.03247	0.75830	0.00722	0.00722	0.00361	0.00361
21	0.03103	0.03959	0.02354	0.02140	0.02568	0.67469	0.01605	0.03317	0.02354	0.02033	0.01284	0.01498	0.01070	0.00856	0.00749	0.00214	0.01498	0.00535	0.00428	0.00963
22	0.02203	0.01462	0.01772	0.01290	0.02005	0.01135	0.01041	0.02561	0.01880	0.17935	0.01909	0.01988	0.01429	0.00714	0.00668	0.00155	0.00637	0.00575	0.00621	0.58021
23	0.02136	0.01819	0.01917	0.01705	0.02187	0.02099	0.01332	0.08124	0.60299	0.03587	0.03293	0.03029	0.02465	0.01119	0.00844	0.00280	0.00674	0.00927	0.00844	0.01321
24	0.02056	0.01974	0.03372	0.05099	0.65622	0.01974	0.02550	0.02550	0.01892	0.02714	0.01563	0.02056	0.01316	0.00740	0.00822	0.00247	0.00987	0.00740	0.00411	0.01316
25	0.03110	0.03770	0.02370	0.02114	0.02569	0.59950	0.01602	0.10216	0.02534	0.02404	0.01366	0.01556	0.01110	0.00872	0.00759	0.00218	0.01430	0.00560	0.00475	0.01015
26	0.02045	0.02005	0.03551	0.04912	0.58451	0.01989	0.09578	0.02563	0.01900	0.02708	0.01576	0.02078	0.01309	0.00736	0.00841	0.00251	0.01035	0.00768	0.00412	0.01293
27	0.29219	0.05509	0.02000	0.01625	0.02150	0.21301	0.01297	0.13221	0.07725	0.06342	0.01634	0.01727	0.01244	0.00876	0.00682	0.00242	0.00955	0.00587	0.00589	0.01074
28	0.01743	0.06985	0.51956	0.02259	0.03317	0.05417	0.05567	0.02576	0.01841	0.02626	0.06649	0.02106	0.01615	0.00859	0.00800	0.00257	0.01167	0.00692	0.00404	0.01165

[dist]
# distance from previous block
# <min> <max>
0	4

[block]
# block no. 2 follows, 22 sequences, length 51
# corresponding to MSA columns:
# 210-260
name=unknown_C
#
# <colnr> <probs for GDERKNQSTAVLIFYWHMCP>
#	G	D	E	R	K	N	Q	S	T	A	V	L	I	F	Y	W	H	M	C	P
0	0.02167	0.05842	0.03210	0.13580	0.23929	0.14135	0.12743	0.02839	0.08544	0.02529	0.01691	0.02084	0.01345	0.00808	0.00826	0.00251	0.01133	0.00750	0.00453	0.01143
1	0.02060	0.01875	0.01832	0.01850	0.08585	0.15669	0.01275	0.08284	0.06273	0.06433	0.28414	0.04055	0.07362	0.01296	0.00883	0.00250	0.00781	0.01081	0.00742	0.01002
2	0.02231	0.42199	0.12967	0.01959	0.02722	0.12080	0.10529	0.02651	0.01832	0.02164	0.01297	0.01547	0.01093	0.00741	0.00665	0.00210	0.01098	0.00559	0.00374	0.01082
3	0.01666	0.04297	0.66500	0.02368	0.03596	0.01929	0.03069	0.02631	0.01754	0.02631	0.01491	0.01754	0.01052	0.00789	0.00789	0.00263	0.01228	0.00614	0.00351	0.01228
4	0.02189	0.02168	0.02824	0.03770	0.39891	0.10148	0.02084	0.03171	0.19489	0.02844	0.02041	0.02281	0.01629	0.00864	0.00820	0.00253	0.00958	0.00771	0.00536	0.01272
5	0.02315	0.64161	0.04141	0.01498	0.02178	0.10095	0.01441	0.02576	0.01759	0.01963	0.01169	0.01350	0.01067	0.00726	0.00556	0.00182	0.00953	0.00454	0.00363	0.01055
6	0.00982	0.00842	0.00842	0.00842	0.01122	0.00701	0.00631	0.01192	0.01894	0.02244	0.08416	0.07995	0.65285	0.02104	0.00982	0.00281	0.00421	0.01753	0.00771	0.00701
7	0.01964	0.01854	0.03086	0.11926	0.52101	0.01911	0.02392	0.02557	0.05189	0.02676	0.01799	0.02515	0.01540	0.00853	0.00842	0.00259	0.00971	0.03874	0.00448	0.01242
8	0.02232	0.02308	0.03201	0.04601	0.55013	0.12994	0.02391	0.02679	0.01969	0.02599	0.01516	0.01962	0.01275	0.00760	0.00810	0.00241	0.01073	0.00706	0.00414	0.01257
9	0.02056	0.01974	0.03372	0.05099	0.65622	0.01974	0.02550	0.02550	0.01892	0.02714	0.01563	0.02056	0.01316	0.00740	0.00822	0.00247	0.00987	0.00740	0.00411	0.01316
10	0.02248	0.01854	0.01959	0.01695	0.02197	0.02107	0.01337	0.16944	0.47853	0.03795	0.03338	0.03110	0.05507	0.01149	0.00849	0.00275	0.00701	0.00939	0.00838	0.01305
11	0.01012	0.00723	0.00964	0.01157	0.01205	0.00675	0.00771	0.01157	0.01591	0.02121	0.04579	0.70262	0.05495	0.02603	0.01060	0.00337	0.00482	0.02362	0.00771	0.00675
12	0.01780	0.01742	0.03107	0.39249	0.24898	0.01922	0.10660	0.02335	0.01777	0.02388	0.01532	0.02167	0.01196	0.00783	0.00848	0.00268	0.01109	0.00772	0.00390	0.01077
13	0.01746	0.03742	0.49874	0.02674	0.03797	0.01976	0.19138	0.02639	0.01810	0.02639	0.01542	0.01885	0.01109	0.00765	0.00841	0.00268	0.01274	0.00713	0.00370	0.01199
14	0.02056	0.01974	0.03372	0.05099	0.65622	0.01974	0.02550	0.02550	0.01892	0.02714	0.01563	0.02056	0.01316	0.00740	0.00822	0.00247	0.00987	0.00740	0.00411	0.01316
15	0.01971	0.02066	0.04083	0.04083	0.30160	0.01992	0.34230	0.02569	0.01929	0.02675	0.01762	0.02506	0.01453	0.00794	0.00922	0.00271	0.01195	0.03721	0.00433	0.01186
16	0.01208	0.00805	0.00906	0.00906	0.00906	0.00805	0.00503	0.01208	0.01208	0.01611	0.02618	0.05436	0.03020	0.70804	0.04228	0.00805	0.00805	0.01208	0.00503	0.00503
17	0.01589	0.01103	0.01383	0.01284	0.01513	0.01225	0.00989	0.11916	0.01832	0.02670	0.02317	0.03246	0.02073	0.11144	0.37257	0.00885	0.01516	0.00878	0.14345	0.00836
18	0.01208	0.00805	0.00906	0.00906	0.00906	0.00805	0.00503	0.01208	0.01208	0.01611	0.02618	0.05436	0.03020	0.70804	0.04228	0.00805	0.00805	0.01208	0.00503	0.00503
19	0.20098	0.43829	0.03215	0.01376	0.01993	0.06778	0.01272	0.05122	0.01763	0.02585	0.01280	0.01466	0.01096	0.00760	0.00557	0.00203	0.00843	0.00481	0.04264	0.01020
20	0.01953	0.01676	0.01775	0.01605	0.02047	0.01913	0.01245	0.04065	0.56949	0.03400	0.07494	0.03555	0.06225	0.01215	0.00861	0.00280	0.00628	0.01018	0.00846	0.01249
21	0.02112	0.40771	0.16041	0.02430	0.16223	0.05179	0.01991	0.02560	0.01770	0.02253	0.01313	0.01577	0.01118	0.00738	0.00653	0.00211	0.00998	0.00545	0.00369	0.01148
22	0.02551	0.46112	0.03605	0.01690	0.02295	0.27296	0.01490	0.02798	0.01937	0.01984	0.01203	0.01395	0.01068	0.00765	0.00614	0.00191	0.01116	0.00478	0.00383	0.01028
23	0.01045	0.00842	0.00934	0.00937	0.01181	0.00731	0.00706	0.01302	0.01987	0.02505	0.21443	0.10913	0.45892	0.02043	0.00993	0.00283	0.00432	0.04304	0.00805	0.00722
24	0.02331	0.57862	0.04102	0.01641	0.02319	0.12300	0.04916	0.02615	0.01798	0.02006	0.01203	0.01408	0.01078	0.00731	0.00589	0.00189	0.01004	0.00487	0.00369	0.01055
25	0.02004	0.01940	0.03192	0.04465	0.51841	0.02098	0.02391	0.02430	0.01757	0.02559	0.01460	0.02004	0.01267	0.00895	0.01236	0.00272	0.15823	0.00737	0.00401	0.01227
26	0.01012	0.00723	0.00964	0.01157	0.01205	0.00675	0.00771	0.01157	0.01591	0.02121	0.04579	0.70262	0.05495	0.02603	0.01060	0.00337	0.00482	0.02362	0.00771	0.00675
27	0.01504	0.01357	0.01944	0.01761	0.01835	0.01797	0.01431	0.01743	0.01303	0.01964	0.01654	0.02535	0.01580	0.03825	0.34883	0.00846	0.35999	0.00808	0.00404	0.00826
28	0.02807	0.26546	0.03025	0.01899	0.02422	0.45943	0.01544	0.03039	0.02131	0.02007	0.01241	0.01443	0.01069	0.00807	0.00677	0.00202	0.01294	0.00505	0.00404	0.00998
29	0.03158	0.02327	0.02493	0.01911	0.02576	0.02576	0.01579	0.62852	0.03906	0.05236	0.01995	0.01995	0.01413	0.00997	0.00831	0.00249	0.00914	0.00748	0.00831	0.01413
30	0.01252	0.00856	0.01051	0.01115	0.01179	0.00856	0.00784	0.01380	0.01444	0.01904	0.03215	0.06756	0.03611	0.47827	0.03195	0.00664	0.00792	0.20937	0.00591	0.00591
31	0.01189	0.00882	0.01294	0.01294	0.01428	0.01016	0.00987	0.01457	0.01323	0.01898	0.02263	0.03474	0.02168	0.12483	0.61385	0.01284	0.02088	0.00921	0.00451	0.00719
32	0.01072	0.00766	0.01033	0.01226	0.01300	0.00727	0.00876	0.01261	0.01650	0.02188	0.04546	0.59030	0.05363	0.02546	0.01076	0.00346	0.00534	0.12999	0.00770	0.00691
33	0.01831	0.23050	0.45560	0.02091	0.03107	0.02345	0.02538	0.02557	0.01710	0.02406	0.01375	0.01639	0.01058	0.00803	0.00821	0.00244	0.04776	0.00572	0.00353	0.01165
34	0.02752	0.03293	0.02696	0.03133	0.23716	0.45503	0.01922	0.03060	0.02199	0.02262	0.01378	0.01685	0.01153	0.00817	0.00774	0.00225	0.01327	0.00604	0.00422	0.01081
35	0.01030	0.00843	0.00908	0.00892	0.01152	0.00722	0.00669	0.01285	0.02007	0.02513	0.22464	0.07552	0.51069	0.02004	0.00981	0.00276	0.00414	0.01691	0.00807	0.00722
36	0.01012	0.00723	0.00964	0.01157	0.01205	0.00675	0.00771	0.01157	0.01591	0.02121	0.04579	0.70262	0.05495	0.02603	0.01060	0.00337	0.00482	0.02362	0.00771	0.00675
