[name]
unknown

[dist]
# distance from previous block
# <min> <max>
0	49

[block]
# block no. 0 follows, 22 sequences, length 18
# corresponding to MSA columns:
# 57-74
name=unknown_A
#
# <colnr> <probs for GDERKNQSTAVLIFYWHMCP>
#	G	D	E	R	K	N	Q	S	T	A	V	L	I	F	Y	W	H	M	C	P
0	0.08442	0.00896	0.01096	0.01203	0.01373	0.00879	0.00917	0.01488	0.01793	0.02560	0.13617	0.33628	0.10000	0.02172	0.01011	0.00325	0.00550	0.16545	0.00766	0.00738
1	0.02158	0.02195	0.02951	0.11912	0.42032	0.11916	0.02244	0.02816	0.08642	0.02622	0.01706	0.02103	0.01385	0.00810	0.00815	0.00249	0.01043	0.00730	0.00456	0.01215
2	0.02056	0.01974	0.03372	0.05099	0.65622	0.01974	0.02550	0.02550	0.01892	0.02714	0.01563	0.02056	0.01316	0.00740	0.00822	0.00247	0.00987	0.00740	0.00411	0.01316
3	0.01077	0.00771	0.01028	0.01160	0.01255	0.00723	0.00819	0.01298	0.01794	0.02433	0.18747	0.50407	0.05986	0.02366	0.01048	0.00323	0.00484	0.06769	0.00804	0.00707
4	0.01640	0.02955	0.35536	0.24548	0.07208	0.01848	0.05545	0.02400	0.01773	0.02507	0.05070	0.02195	0.01474	0.00847	0.00825	0.00268	0.01138	0.00729	0.00395	0.01101
5	0.01549	0.00774	0.00774	0.00774	0.00968	0.00774	0.00581	0.01936	0.01742	0.03097	0.02710	0.03097	0.02129	0.00968	0.00581	0.00194	0.00387	0.00774	0.75416	0.00774
6	0.01794	0.03405	0.39776	0.02860	0.03919	0.02004	0.28898	0.02644	0.01844	0.02644	0.01573	0.01965	0.01143	0.00751	0.00872	0.00270	0.01303	0.00773	0.00381	0.01181
7	0.76672	0.01607	0.01221	0.01092	0.01607	0.01864	0.00900	0.02442	0.01414	0.03727	0.01157	0.01350	0.00900	0.00771	0.00514	0.00257	0.00643	0.00450	0.00514	0.00900
8	0.01041	0.00841	0.00909	0.00893	0.01137	0.00727	0.00659	0.01281	0.01959	0.02461	0.21409	0.07418	0.47981	0.06198	0.01179	0.00308	0.00437	0.01661	0.00789	0.00709
9	0.01160	0.00795	0.00965	0.01010	0.01037	0.00799	0.00622	0.01225	0.01311	0.01763	0.03035	0.20378	0.03500	0.48066	0.10130	0.00751	0.00879	0.01445	0.00560	0.00568
10	0.01255	0.01079	0.01103	0.01056	0.01384	0.01046	0.00804	0.02005	0.17590	0.02555	0.07146	0.06760	0.49457	0.01858	0.00947	0.00281	0.00480	0.01548	0.00790	0.00856
11	0.01704	0.01697	0.01830	0.01699	0.01862	0.13823	0.01341	0.01956	0.01510	0.01966	0.01763	0.02569	0.01640	0.04022	0.38704	0.00881	0.19004	0.00783	0.00421	0.00825
12	0.01914	0.06027	0.26194	0.16424	0.13834	0.05003	0.06812	0.05462	0.05539	0.02655	0.01622	0.01991	0.01226	0.00812	0.00808	0.00259	0.01125	0.00700	0.00424	0.01166
13	0.01816	0.22443	0.49670	0.02112	0.03199	0.02297	0.02623	0.02592	0.01736	0.02448	0.01400	0.01640	0.01056	0.00768	0.00720	0.00240	0.01136	0.00568	0.00352	0.01184
14	0.01576	0.06966	0.02174	0.14163	0.15867	0.04345	0.01567	0.01946	0.01738	0.02301	0.08137	0.07029	0.07917	0.02455	0.17661	0.00529	0.01203	0.00994	0.00506	0.00928
15	0.01713	0.20777	0.25214	0.02033	0.09081	0.02009	0.01937	0.02327	0.04596	0.02403	0.02927	0.06270	0.13231	0.01111	0.00777	0.00247	0.00901	0.00894	0.00479	0.01074
16	0.02005	0.10324	0.18109	0.02115	0.09023	0.19384	0.01810	0.02473	0.02048	0.02508	0.14141	0.03021	0.07517	0.01072	0.00806	0.00240	0.01014	0.00848	0.00520	0.01021
17	0.06608	0.04820	0.06807	0.02058	0.09662	0.04916	0.05048	0.05086	0.05535	0.10901	0.14465	0.03373	0.08139	0.01185	0.01026	0.00266	0.07422	0.00959	0.00654	0.01068

[dist]
# distance from previous block
# <min> <max>
1	35

[block]
# block no. 1 follows, 22 sequences, length 33
# corresponding to MSA columns:
# 111-143
name=unknown_B
#
# <colnr> <probs for GDERKNQSTAVLIFYWHMCP>
#	G	D	E	R	K	N	Q	S	T	A	V	L	I	F	Y	W	H	M	C	P
0	0.01686	0.19533	0.06912	0.01495	0.01866	0.01832	0.06044	0.04434	0.01554	0.02047	0.01941	0.03389	0.02002	0.32099	0.04857	0.00529	0.05621	0.00887	0.00450	0.00824
1	0.01959	0.08038	0.14965	0.04664	0.02953	0.08819	0.12161	0.02411	0.01668	0.02287	0.01332	0.01813	0.01119	0.00998	0.01469	0.00279	0.25235	0.00689	0.00387	0.06753
2	0.01857	0.01825	0.01786	0.01769	0.09408	0.13118	0.01203	0.06196	0.02063	0.02601	0.03844	0.03871	0.22980	0.01205	0.00803	0.00216	0.00773	0.00975	0.00589	0.22918
3	0.01971	0.01630	0.01914	0.05952	0.02333	0.01422	0.01181	0.13031	0.02111	0.03122	0.01570	0.01805	0.01255	0.00699	0.00669	0.00156	0.00703	0.00555	0.00545	0.57377
4	0.01332	0.01097	0.01589	0.01506	0.01613	0.01370	0.01188	0.01587	0.01314	0.01928	0.01987	0.03047	0.01901	0.08499	0.49447	0.01086	0.17444	0.00869	0.00429	0.00767
5	0.01197	0.00850	0.01131	0.01131	0.01209	0.00928	0.00784	0.01352	0.01275	0.01777	0.02412	0.04298	0.02526	0.36961	0.37396	0.01083	0.01550	0.01041	0.00473	0.00628
6	0.01344	0.00901	0.01027	0.00977	0.01268	0.00775	0.00739	0.01594	0.02005	0.10033	0.17197	0.12056	0.43159	0.01946	0.00970	0.00279	0.00455	0.01650	0.00826	0.00798
7	0.00982	0.00842	0.00842	0.00842	0.01122	0.00701	0.00631	0.01192	0.01894	0.02244	0.08416	0.07995	0.65285	0.02104	0.00982	0.00281	0.00421	0.01753	0.00771	0.00701
8	0.01187	0.00890	0.01335	0.01335	0.01483	0.01038	0.01038	0.01483	0.01335	0.01928	0.02225	0.03264	0.02077	0.06231	0.67512	0.01335	0.02225	0.00890	0.00445	0.00742
9	0.02056	0.01974	0.03372	0.05099	0.65622	0.01974	0.02550	0.02550	0.01892	0.02714	0.01563	0.02056	0.01316	0.00740	0.00822	0.00247	0.00987	0.00740	0.00411	0.01316
10	0.02511	0.07593	0.06135	0.11423	0.09824	0.28629	0.05048	0.09735	0.02221	0.02544	0.01432	0.01773	0.01151	0.00875	0.00909	0.00244	0.05785	0.00643	0.00451	0.01073
11	0.16280	0.02539	0.20055	0.06934	0.13599	0.02014	0.02036	0.17019	0.02258	0.03484	0.04946	0.02055	0.01520	0.00879	0.00766	0.00257	0.00947	0.00692	0.00539	0.01181
12	0.03080	0.07380	0.02579	0.01942	0.02544	0.20566	0.01576	0.42364	0.03329	0.04131	0.01742	0.01813	0.01295	0.00939	0.00788	0.00235	0.01074	0.00669	0.00688	0.01265
13	0.26902	0.14643	0.02588	0.02299	0.16309	0.10922	0.01548	0.10731	0.02031	0.03160	0.01377	0.01611	0.01115	0.00795	0.00660	0.00234	0.00914	0.00565	0.00494	0.01100
14	0.56285	0.05781	0.01639	0.01345	0.01850	0.16645	0.01085	0.02641	0.01639	0.03255	0.01185	0.01382	0.00947	0.00787	0.00568	0.00243	0.00847	0.00469	0.00487	0.00923
15	0.01121	0.00857	0.01038	0.01046	0.01266	0.00774	0.00809	0.01433	0.02084	0.02751	0.32511	0.09999	0.28701	0.01975	0.01009	0.00290	0.00462	0.10297	0.00833	0.00746
16	0.01192	0.00871	0.01239	0.01239	0.01354	0.00986	0.00918	0.01422	0.01307	0.01857	0.02313	0.03751	0.02288	0.20706	0.53326	0.01216	0.01907	0.00961	0.00458	0.00688
17	0.02613	0.03602	0.22162	0.02234	0.02982	0.29252	0.05415	0.16417	0.02497	0.02969	0.01529	0.01729	0.01152	0.00859	0.00793	0.00241	0.01279	0.00631	0.00494	0.01154
18	0.07367	0.02046	0.02273	0.01752	0.02402	0.02178	0.01447	0.43957	0.03364	0.21284	0.02288	0.02179	0.01555	0.00993	0.00815	0.00252	0.00844	0.00755	0.00866	0.01385
19	0.03126	0.03281	0.02412	0.02045	0.02572	0.40494	0.01594	0.28065	0.02999	0.03364	0.01579	0.01704	0.01213	0.00915	0.00783	0.00229	0.01255	0.00624	0.00596	0.01150
20	0.01705	0.08997	0.62141	0.02301	0.03493	0.02025	0.02954	0.02621	0.01749	0.02583	0.01467	0.01724	0.01053	0.00784	0.00771	0.00257	0.01204	0.00602	0.00351	0.01216
21	0.01903	0.01960	0.02532	0.02178	0.02207	0.06876	0.01803	0.02087	0.01344	0.02002	0.01103	0.01796	0.01089	0.01414	0.02594	0.00354	0.64762	0.00714	0.00368	0.00912
22	0.01203	0.00824	0.01002	0.01002	0.01036	0.00858	0.00623	0.01270	0.01237	0.01682	0.02530	0.04949	0.02809	0.56329	0.18414	0.00924	0.01124	0.01137	0.00490	0.00557
23	0.03103	0.03959	0.02354	0.02140	0.02568	0.67469	0.01605	0.03317	0.02354	0.02033	0.01284	0.01498	0.01070	0.00856	0.00749	0.00214	0.01498	0.00535	0.00428	0.00963
24	0.76672	0.01607	0.01221	0.01092	0.01607	0.01864	0.00900	0.02442	0.01414	0.03727	0.01157	0.01350	0.00900	0.00771	0.00514	0.00257	0.00643	0.00450	0.00514	0.00900
25	0.01024	0.00732	0.00974	0.01149	0.01207	0.00682	0.00772	0.01186	0.01644	0.02206	0.08829	0.65770	0.05659	0.02539	0.01055	0.00332	0.00476	0.02301	0.00781	0.00682
26	0.02750	0.02124	0.02264	0.01829	0.02421	0.02386	0.01480	0.41039	0.26382	0.04578	0.02512	0.02407	0.01832	0.01046	0.00836	0.00261	0.00818	0.00819	0.00836	0.01376
27	0.01881	0.01023	0.01255	0.01111	0.01480	0.00890	0.00876	0.02173	0.02145	0.22075	0.19398	0.06070	0.30486	0.01692	0.00944	0.00273	0.00516	0.03888	0.00882	0.00941
28	0.01148	0.00792	0.00912	0.00951	0.00986	0.00769	0.00569	0.01196	0.01347	0.01771	0.03537	0.18864	0.09107	0.50759	0.03292	0.00663	0.00705	0.01492	0.00582	0.00556
29	0.01039	0.00828	0.00907	0.00940	0.01150	0.00726	0.00684	0.01238	0.01808	0.02236	0.10213	0.16452	0.44233	0.09082	0.01329	0.00346	0.00485	0.04868	0.00752	0.00686
30	0.02109	0.02075	0.03320	0.04949	0.62416	0.05304	0.02502	0.02589	0.01915	0.02679	0.01548	0.02028	0.01303	0.00746	0.00819	0.00245	0.01013	0.00730	0.00412	0.01298
31	0.20194	0.02386	0.07963	0.01988	0.02450	0.13839	0.08810	0.07283	0.01823	0.02777	0.01343	0.01754	0.01107	0.01095	0.01343	0.05418	0.16352	0.00647	0.00454	0.00972
32	0.01970	0.02054	0.05854	0.21106	0.44247	0.05420	0.02460	0.02485	0.01851	0.02523	0.01523	0.02054	0.01238	0.00772	0.00819	0.00253	0.01055	0.00723	0.00399	0.01193

[dist]
# distance from previous block
# <min> <max>
0	3

[block]
# block no. 2 follows, 22 sequences, length 26
# corresponding to MSA columns:
# 147-172
name=unknown_C
#
# <colnr> <probs for GDERKNQSTAVLIFYWHMCP>
#	G	D	E	R	K	N	Q	S	T	A	V	L	I	F	Y	W	H	M	C	P
0	0.01763	0.01652	0.02743	0.23335	0.37879	0.01746	0.02194	0.02247	0.01866	0.02566	0.07822	0.02860	0.05892	0.00941	0.00849	0.00259	0.00932	0.00874	0.00468	0.01112
1	0.09996	0.03176	0.36895	0.03201	0.25463	0.01938	0.02647	0.02581	0.01766	0.02780	0.01480	0.01817	0.01130	0.00770	0.00771	0.00257	0.01078	0.00641	0.00390	0.01223
2	0.02749	0.10824	0.02823	0.02791	0.18056	0.44324	0.01818	0.03038	0.02167	0.02192	0.01339	0.01618	0.01130	0.00812	0.00744	0.00218	0.01306	0.00576	0.00416	0.01061
3	0.01274	0.00970	0.01323	0.01287	0.01490	0.01076	0.01003	0.05216	0.01588	0.02186	0.03255	0.03983	0.12693	0.05212	0.52187	0.01090	0.01840	0.01027	0.00524	0.00776
4	0.20782	0.03329	0.42521	0.05712	0.03251	0.01919	0.06234	0.02557	0.01675	0.02884	0.01417	0.01707	0.01030	0.00781	0.00733	0.00263	0.01083	0.00602	0.00398	0.01121
5	0.01876	0.07664	0.15039	0.07445	0.17968	0.02134	0.18891	0.02449	0.01752	0.02463	0.01507	0.02021	0.01219	0.01044	0.03610	0.00312	0.10324	0.00765	0.00391	0.01126
6	0.09423	0.10015	0.12930	0.14308	0.02782	0.01788	0.01628	0.09275	0.02094	0.03004	0.16381	0.03269	0.07618	0.01118	0.00802	0.00254	0.00817	0.00906	0.00588	0.00998
7	0.02011	0.01928	0.03291	0.10952	0.60119	0.01962	0.02527	0.02510	0.01870	0.02660	0.01555	0.02071	0.01297	0.00748	0.00823	0.00249	0.00998	0.00740	0.00407	0.01280
8	0.02076	0.01969	0.12432	0.03003	0.28795	0.01533	0.01942	0.02556	0.01992	0.14751	0.07111	0.03423	0.12619	0.01094	0.00857	0.00258	0.00838	0.00958	0.00612	0.01183
9	0.02403	0.02574	0.07068	0.07780	0.31078	0.15587	0.04904	0.13169	0.02317	0.02966	0.01575	0.01929	0.01249	0.00816	0.00814	0.00245	0.01122	0.00702	0.00481	0.01220
10	0.01098	0.00839	0.01008	0.00981	0.01197	0.00748	0.00730	0.01412	0.02146	0.02879	0.41728	0.10687	0.27741	0.01894	0.00985	0.00273	0.00407	0.01642	0.00856	0.00748
11	0.01220	0.00862	0.01152	0.01256	0.01361	0.00880	0.00953	0.01439	0.01557	0.02078	0.03544	0.17455	0.03930	0.22537	0.13542	0.00661	0.00982	0.23283	0.00636	0.00671
12	0.06883	0.06255	0.02082	0.13696	0.02674	0.10927	0.01442	0.15653	0.06479	0.02971	0.02350	0.16464	0.02231	0.01543	0.04394	0.00324	0.00972	0.01040	0.00609	0.01009
13	0.07432	0.15924	0.02816	0.01944	0.02480	0.26042	0.05415	0.13435	0.08027	0.02854	0.01582	0.01755	0.01266	0.00895	0.00838	0.00235	0.04813	0.00625	0.00524	0.01096
14	0.01190	0.00787	0.00926	0.00958	0.00966	0.00779	0.00561	0.01192	0.01264	0.01685	0.02871	0.15982	0.03334	0.55436	0.03645	0.05245	0.00747	0.01370	0.00539	0.00523
15	0.01012	0.00723	0.00964	0.01157	0.01205	0.00675	0.00771	0.01157	0.01591	0.02121	0.04579	0.70262	0.05495	0.02603	0.01060	0.00337	0.00482	0.02362	0.00771	0.00675
16	0.01736	0.01613	0.02322	0.08610	0.15759	0.05890	0.05546	0.02108	0.01624	0.02315	0.01770	0.02449	0.01535	0.02386	0.19072	0.00557	0.13817	0.00784	0.09153	0.00953
17	0.01970	0.01886	0.03216	0.16362	0.55033	0.01951	0.02507	0.02474	0.01851	0.02609	0.01547	0.02084	0.01279	0.00756	0.00824	0.00252	0.01008	0.00740	0.00404	0.01246
18	0.01054	0.00844	0.00942	0.00917	0.01166	0.00732	0.00688	0.01332	0.02064	0.02650	0.29586	0.07328	0.43862	0.01953	0.00981	0.00273	0.00410	0.01660	0.00825	0.00732
19	0.01187	0.00890	0.01335	0.01335	0.01483	0.01038	0.01038	0.01483	0.01335	0.01928	0.02225	0.03264	0.02077	0.06231	0.67512	0.01335	0.02225	0.00890	0.00445	0.00742
20	0.01658	0.01664	0.02115	0.14560	0.02786	0.12484	0.08639	0.02024	0.01667	0.02087	0.02076	0.08800	0.01940	0.03308	0.29576	0.00728	0.01632	0.00947	0.00455	0.00852
21	0.01931	0.01760	0.05394	0.01650	0.02067	0.01814	0.01400	0.16779	0.04369	0.03094	0.06649	0.03101	0.10317	0.01622	0.06191	0.00345	0.17596	0.00897	0.00609	0.12417
22	0.12987	0.06566	0.14617	0.12732	0.07249	0.01983	0.01861	0.10680	0.01921	0.02937	0.01533	0.01935	0.01217	0.01340	0.06943	0.00350	0.05458	0.00650	0.00469	0.06575
23	0.13703	0.02037	0.15452	0.01789	0.06203	0.01659	0.01568	0.08078	0.01850	0.02822	0.03158	0.08262	0.14775	0.05036	0.01242	0.00311	0.09510	0.01019	0.00557	0.00971
24	0.10040	0.01456	0.01590	0.05037	0.01908	0.05663	0.01141	0.14505	0.02011	0.02922	0.04414	0.05304	0.01971	0.02719	0.19238	0.10651	0.01184	0.00832	0.06540	0.00873
25	0.02029	0.01731	0.04976	0.16108	0.16824	0.01750	0.04071	0.11250	0.01994	0.06617	0.01820	0.02566	0.01537	0.10118	0.01512	0.05173	0.04201	0.00799	0.00511	0.04412

[dist]
# distance from previous block
# <min> <max>
4	55

[block]
# block no. 3 follows, 22 sequences, length 36
# corresponding to MSA columns:
# 231-266
name=unknown_D
#
# <colnr> <probs for GDERKNQSTAVLIFYWHMCP>
#	G	D	E	R	K	N	Q	S	T	A	V	L	I	F	Y	W	H	M	C	P
0	0.06025	0.10366	0.05838	0.06394	0.09297	0.05896	0.12359	0.16046	0.13554	0.03276	0.01915	0.02109	0.01460	0.00871	0.00802	0.00253	0.01001	0.00754	0.00577	0.01206
1	0.02280	0.11775	0.07790	0.02504	0.15340	0.16497	0.01786	0.03393	0.24569	0.02734	0.02102	0.02193	0.01651	0.00906	0.00773	0.00244	0.00985	0.00718	0.00560	0.01198
2	0.04915	0.16664	0.02356	0.01923	0.11386	0.01833	0.01335	0.02631	0.14053	0.07350	0.09349	0.11067	0.02967	0.05082	0.00998	0.00288	0.00724	0.03377	0.00650	0.01052
3	0.01422	0.01444	0.04889	0.02157	0.17859	0.04463	0.01342	0.01745	0.01856	0.02390	0.07799	0.15310	0.27101	0.01894	0.04293	0.00329	0.00759	0.01416	0.00631	0.00900
4	0.01774	0.03468	0.42628	0.02231	0.06084	0.09931	0.02412	0.02462	0.01742	0.02392	0.01651	0.02249	0.01362	0.08363	0.07375	0.00411	0.01300	0.00696	0.00388	0.01081
5	0.01371	0.01435	0.08147	0.21723	0.02958	0.01297	0.01596	0.01909	0.05458	0.02342	0.03676	0.19224	0.10424	0.01677	0.00959	0.00311	0.00806	0.13211	0.00611	0.00865
6	0.01635	0.01378	0.01888	0.01694	0.01852	0.01738	0.01370	0.08866	0.01615	0.02341	0.01807	0.02616	0.01659	0.03971	0.37368	0.00873	0.25170	0.00817	0.00462	0.00878
7	0.01131	0.00934	0.01007	0.01011	0.01268	0.00865	0.00748	0.01598	0.09190	0.02465	0.12241	0.17455	0.43025	0.02035	0.00978	0.00288	0.00456	0.01735	0.00793	0.00776
8	0.03001	0.02037	0.02248	0.01752	0.02350	0.02201	0.01428	0.46798	0.05698	0.13033	0.04985	0.02518	0.01907	0.04887	0.01026	0.00283	0.00848	0.00825	0.00843	0.01332
9	0.01481	0.01545	0.05195	0.01700	0.02072	0.05188	0.13094	0.01918	0.04376	0.02511	0.15828	0.12403	0.16384	0.07554	0.01331	0.00328	0.04225	0.01364	0.00648	0.00856
10	0.01030	0.00744	0.00975	0.01128	0.01205	0.00689	0.00766	0.01207	0.01695	0.02269	0.11880	0.59718	0.08673	0.02472	0.01047	0.00326	0.00468	0.02231	0.00788	0.00689
11	0.02201	0.02143	0.12318	0.02551	0.16904	0.07737	0.01908	0.05658	0.02100	0.12997	0.02692	0.04314	0.02435	0.01294	0.00912	0.00290	0.00956	0.18837	0.00633	0.01121
12	0.01961	0.02196	0.10695	0.11201	0.52301	0.01956	0.02586	0.02516	0.01852	0.02645	0.01546	0.02037	0.01264	0.00755	0.00819	0.00252	0.01027	0.00725	0.00400	0.01266
13	0.03040	0.03854	0.02364	0.02142	0.02549	0.64271	0.01616	0.03252	0.02301	0.02032	0.01275	0.01514	0.01071	0.00886	0.00846	0.00221	0.04838	0.00545	0.00425	0.00960
14	0.01808	0.01336	0.01916	0.01960	0.10156	0.01284	0.06687	0.05212	0.06214	0.10905	0.04686	0.09370	0.21736	0.01605	0.00959	0.00293	0.00722	0.11423	0.00734	0.00996
15	0.02670	0.03174	0.02650	0.02941	0.19493	0.42220	0.01884	0.02956	0.02103	0.02212	0.01336	0.01686	0.01139	0.00895	0.01001	0.00240	0.09319	0.00613	0.00416	0.01052
16	0.19646	0.01667	0.01821	0.01404	0.02051	0.01614	0.01150	0.15289	0.02275	0.19881	0.01977	0.01980	0.01406	0.00837	0.00694	0.00214	0.00707	0.00624	0.00706	0.24056
17	0.01012	0.00723	0.00964	0.01157	0.01205	0.00675	0.00771	0.01157	0.01591	0.02121	0.04579	0.70262	0.05495	0.02603	0.01060	0.00337	0.00482	0.02362	0.00771	0.00675
18	0.01193	0.00864	0.01203	0.01203	0.01306	0.00967	0.00874	0.01399	0.01296	0.01831	0.02346	0.03931	0.02367	0.26062	0.48076	0.01172	0.01789	0.00988	0.00463	0.00669
19	0.01099	0.00820	0.01022	0.01027	0.01208	0.00743	0.00749	0.01399	0.02089	0.02838	0.40013	0.20585	0.19390	0.01981	0.00998	0.00282	0.00418	0.01743	0.00853	0.00743
20	0.02626	0.10434	0.02888	0.09951	0.16653	0.09595	0.01856	0.29329	0.02787	0.03603	0.01666	0.01900	0.01279	0.00873	0.00785	0.00239	0.01013	0.00686	0.00588	0.01247
21	0.02901	0.13301	0.02685	0.01868	0.02451	0.19920	0.01535	0.34626	0.03023	0.03712	0.01687	0.01824	0.01301	0.01176	0.04086	0.00283	0.01131	0.00652	0.00631	0.01206
22	0.02068	0.18936	0.02932	0.05342	0.22678	0.05418	0.01723	0.07389	0.08335	0.02800	0.09429	0.02701	0.04904	0.00973	0.00776	0.00236	0.00860	0.00811	0.00549	0.01140
23	0.02202	0.15621	0.02341	0.01542	0.01950	0.02002	0.01284	0.14912	0.04800	0.09788	0.02222	0.07825	0.01953	0.04917	0.10858	0.00437	0.09027	0.00873	0.04395	0.01051
24	0.01101	0.00779	0.00984	0.01112	0.01177	0.00744	0.00754	0.01237	0.01541	0.02030	0.04251	0.41893	0.08302	0.21183	0.01932	0.00467	0.00599	0.08577	0.00697	0.00640
25	0.01810	0.13255	0.41533	0.01964	0.02881	0.04777	0.02309	0.02504	0.01837	0.05005	0.08883	0.02415	0.01970	0.04294	0.00941	0.00275	0.01054	0.00726	0.00453	0.01114
26	0.02110	0.08895	0.16167	0.09112	0.26285	0.04602	0.02314	0.10299	0.02053	0.02820	0.01511	0.01894	0.01206	0.00849	0.00936	0.00255	0.06364	0.00679	0.00441	0.01208
27	0.01056	0.00815	0.00970	0.01069	0.01220	0.00749	0.00748	0.01330	0.04436	0.02281	0.08834	0.43285	0.25532	0.02327	0.01021	0.00312	0.00465	0.02053	0.00782	0.00717
28	0.01187	0.00890	0.01335	0.01335	0.01483	0.01038	0.01038	0.01483	0.01335	0.01928	0.02225	0.03264	0.02077	0.06231	0.67512	0.01335	0.02225	0.00890	0.00445	0.00742
29	0.01883	0.02261	0.13829	0.16994	0.40226	0.01970	0.02553	0.02452	0.01792	0.02548	0.01510	0.02024	0.01219	0.00802	0.00913	0.00261	0.04449	0.00718	0.00390	0.01204
30	0.48978	0.06063	0.01709	0.01409	0.01893	0.19876	0.01128	0.02641	0.01683	0.03084	0.01240	0.01476	0.01009	0.01040	0.03628	0.00290	0.00963	0.00493	0.00479	0.00919
31	0.01549	0.00774	0.00774	0.00774	0.00968	0.00774	0.00581	0.01936	0.01742	0.03097	0.02710	0.03097	0.02129	0.00968	0.00581	0.00194	0.00387	0.00774	0.75416	0.00774
32	0.02020	0.05753	0.02041	0.09944	0.02439	0.01910	0.01365	0.16808	0.20587	0.03148	0.02403	0.02927	0.01987	0.10073	0.12429	0.00506	0.01068	0.00863	0.00646	0.01082
33	0.02364	0.02035	0.02056	0.01697	0.02099	0.12444	0.04856	0.27100	0.02559	0.03254	0.02069	0.03079	0.01889	0.23271	0.05185	0.00475	0.01068	0.00880	0.00619	0.01002
34	0.01704	0.01500	0.01469	0.01227	0.01647	0.07771	0.00919	0.07666	0.01965	0.02594	0.06769	0.04096	0.15962	0.15266	0.01481	0.00325	0.00717	0.00997	0.00605	0.25320
35	0.01396	0.05018	0.01614	0.01344	0.01509	0.01401	0.01029	0.01562	0.01487	0.02033	0.03420	0.14314	0.14384	0.16866	0.04411	0.00443	0.19065	0.01248	0.00547	0.06908

[dist]
# distance from previous block
# <min> <max>
0	45

[block]
# block no. 4 follows, 22 sequences, length 27
# corresponding to MSA columns:
# 316-342
name=unknown_E
#
# <colnr> <probs for GDERKNQSTAVLIFYWHMCP>
#	G	D	E	R	K	N	Q	S	T	A	V	L	I	F	Y	W	H	M	C	P
0	0.01651	0.01536	0.01600	0.01467	0.01696	0.09371	0.01142	0.05365	0.01895	0.02435	0.09819	0.10092	0.15425	0.07918	0.01587	0.00338	0.14359	0.06662	0.00626	0.05015
1	0.10341	0.01406	0.01655	0.01568	0.01703	0.05664	0.01223	0.01779	0.01460	0.02222	0.02347	0.21191	0.02525	0.02764	0.16887	0.00559	0.22201	0.01177	0.00518	0.00807
2	0.01654	0.01475	0.02444	0.03179	0.31722	0.01469	0.05288	0.02099	0.01941	0.02739	0.17257	0.04020	0.03356	0.01809	0.09027	0.00400	0.00994	0.07508	0.00576	0.01046
3	0.01035	0.00837	0.00920	0.00913	0.01158	0.00722	0.00679	0.01290	0.01998	0.02525	0.23234	0.11003	0.46729	0.02024	0.00986	0.00279	0.00417	0.01721	0.00809	0.00722
4	0.02365	0.20553	0.09415	0.04830	0.02486	0.29025	0.01626	0.02706	0.01939	0.02177	0.01457	0.01766	0.01220	0.01096	0.03881	0.00269	0.03924	0.00577	0.07703	0.00984
5	0.02056	0.01974	0.03372	0.05099	0.65622	0.01974	0.02550	0.02550	0.01892	0.02714	0.01563	0.02056	0.01316	0.00740	0.00822	0.00247	0.00987	0.00740	0.00411	0.01316
6	0.02437	0.02877	0.05463	0.05943	0.02734	0.30193	0.04633	0.06444	0.01975	0.02283	0.01297	0.01731	0.01109	0.01070	0.01488	0.00279	0.25977	0.00654	0.00423	0.00989
7	0.01549	0.00774	0.00774	0.00774	0.00968	0.00774	0.00581	0.01936	0.01742	0.03097	0.02710	0.03097	0.02129	0.00968	0.00581	0.00194	0.00387	0.00774	0.75416	0.00774
8	0.01012	0.00723	0.00964	0.01157	0.01205	0.00675	0.00771	0.01157	0.01591	0.02121	0.04579	0.70262	0.05495	0.02603	0.01060	0.00337	0.00482	0.02362	0.00771	0.00675
9	0.03158	0.02327	0.02493	0.01911	0.02576	0.02576	0.01579	0.62852	0.03906	0.05236	0.01995	0.01995	0.01413	0.00997	0.00831	0.00249	0.00914	0.00748	0.00831	0.01413
10	0.01818	0.01818	0.02545	0.02181	0.02181	0.02545	0.01818	0.01999	0.01272	0.01999	0.01091	0.01818	0.01091	0.01454	0.02726	0.00364	0.69284	0.00727	0.00364	0.00909
11	0.02414	0.02653	0.03024	0.04087	0.44060	0.24371	0.02227	0.02812	0.02050	0.02481	0.01467	0.01865	0.01232	0.00780	0.00797	0.00236	0.01162	0.00670	0.00417	0.01195
12	0.01256	0.00993	0.01469	0.01429	0.01561	0.01205	0.01125	0.01540	0.01328	0.01936	0.02100	0.03104	0.01968	0.05703	0.60353	0.01228	0.09636	0.00872	0.00436	0.00760
13	0.01104	0.00860	0.01015	0.01043	0.01272	0.00771	0.00814	0.01393	0.02008	0.02581	0.22975	0.10733	0.35289	0.02053	0.01016	0.00297	0.00481	0.12751	0.00809	0.00735
14	0.01012	0.00723	0.00964	0.01157	0.01205	0.00675	0.00771	0.01157	0.01591	0.02121	0.04579	0.70262	0.05495	0.02603	0.01060	0.00337	0.00482	0.02362	0.00771	0.00675
15	0.01075	0.00749	0.00945	0.01076	0.01109	0.00717	0.00685	0.01173	0.01468	0.01957	0.03950	0.49473	0.04701	0.24474	0.02076	0.00487	0.00586	0.01992	0.00685	0.00620
16	0.02393	0.23839	0.09707	0.02085	0.07253	0.28802	0.01714	0.02733	0.01942	0.02113	0.01392	0.01713	0.01197	0.01390	0.08072	0.00335	0.01327	0.00571	0.00399	0.01025
17	0.01443	0.00722	0.01082	0.01082	0.01082	0.00722	0.00722	0.01082	0.01082	0.01443	0.01443	0.02525	0.01443	0.02886	0.03247	0.75830	0.00722	0.00722	0.00361	0.00361
18	0.01775	0.23928	0.02460	0.05769	0.05779	0.09121	0.01279	0.02132	0.04318	0.02201	0.03846	0.07950	0.20964	0.01358	0.00800	0.00246	0.00795	0.03799	0.00556	0.00923
19	0.02292	0.44901	0.03490	0.01597	0.02162	0.13748	0.01438	0.06059	0.01873	0.02161	0.01342	0.01635	0.01200	0.01397	0.08091	0.00325	0.04319	0.00540	0.00406	0.01026
20	0.05291	0.16647	0.45508	0.02308	0.05842	0.02195	0.06085	0.02593	0.01743	0.02559	0.01426	0.01696	0.01071	0.00766	0.00740	0.00247	0.01136	0.00601	0.00366	0.01179
21	0.02330	0.16235	0.14892	0.10013	0.03001	0.02429	0.01878	0.23162	0.11936	0.03443	0.01880	0.02012	0.01409	0.00900	0.00766	0.00246	0.00953	0.00690	0.00591	0.01234
22	0.01633	0.10238	0.09358	0.17780	0.08166	0.05523	0.01719	0.02081	0.01780	0.02358	0.11842	0.05538	0.02541	0.02037	0.13446	0.00457	0.01180	0.00892	0.00490	0.00943
23	0.01089	0.00795	0.00968	0.01075	0.01178	0.00744	0.00745	0.01242	0.01605	0.02072	0.04927	0.34749	0.17674	0.18261	0.01788	0.00439	0.00577	0.08713	0.00708	0.00651
24	0.06132	0.02303	0.15905	0.02468	0.17896	0.08833	0.01781	0.02351	0.05637	0.02452	0.02361	0.06186	0.05573	0.14894	0.01489	0.00367	0.00962	0.00915	0.00490	0.01006
25	0.15575	0.01766	0.05307	0.13349	0.24919	0.04077	0.01848	0.02263	0.01714	0.02687	0.05302	0.02356	0.01691	0.01716	0.11626	0.00431	0.01139	0.00742	0.00456	0.01035
26	0.12246	0.01690	0.05205	0.02673	0.21492	0.01627	0.06026	0.05647	0.01790	0.02759	0.02150	0.16594	0.02136	0.01313	0.01063	0.04735	0.04084	0.01044	0.00525	0.05202

[dist]
# distance from previous block
# <min> <max>
3	66

[block]
# block no. 5 follows, 22 sequences, length 72
# corresponding to MSA columns:
# 409-480
name=unknown_F
#
# <colnr> <probs for GDERKNQSTAVLIFYWHMCP>
#	G	D	E	R	K	N	Q	S	T	A	V	L	I	F	Y	W	H	M	C	P
0	0.01944	0.10877	0.14649	0.07288	0.18303	0.05554	0.01980	0.08010	0.04114	0.02708	0.02673	0.03107	0.10347	0.01062	0.00817	0.00254	0.00949	0.03734	0.00512	0.01117
1	0.02230	0.16561	0.17469	0.02587	0.15237	0.17458	0.02065	0.05242	0.01956	0.02420	0.01439	0.01773	0.01189	0.01134	0.04714	0.00298	0.04089	0.00614	0.00408	0.01118
2	0.10873	0.14657	0.02207	0.01622	0.07362	0.04767	0.01209	0.05434	0.05556	0.06005	0.06313	0.02487	0.04579	0.00916	0.00683	0.00210	0.00717	0.00709	0.08433	0.15261
3	0.08158	0.08778	0.19367	0.01772	0.02467	0.07946	0.01753	0.13747	0.02099	0.02970	0.01647	0.01987	0.01321	0.01838	0.13341	0.00438	0.01247	0.00644	0.00493	0.07987
4	0.02140	0.05551	0.13806	0.03448	0.29201	0.10755	0.05007	0.05089	0.01913	0.02572	0.01448	0.01871	0.01196	0.00880	0.01092	0.00262	0.11491	0.00689	0.00412	0.01177
5	0.01757	0.07143	0.20754	0.04929	0.11498	0.06756	0.01835	0.04769	0.01838	0.02440	0.05532	0.03277	0.07415	0.14870	0.01487	0.00360	0.00976	0.00887	0.00483	0.00992
6	0.16036	0.31325	0.19066	0.01670	0.02420	0.09324	0.01741	0.02559	0.01708	0.02463	0.01299	0.01542	0.01075	0.00994	0.03496	0.00268	0.01049	0.00517	0.00395	0.01051
7	0.09769	0.03679	0.37713	0.02492	0.10165	0.17179	0.02446	0.02762	0.01874	0.02614	0.01416	0.01687	0.01071	0.00797	0.00755	0.00249	0.01203	0.00593	0.00392	0.01142
8	0.02012	0.02358	0.14056	0.03277	0.29468	0.05434	0.05660	0.06693	0.05077	0.02877	0.02059	0.02368	0.04297	0.00864	0.00803	0.00244	0.00972	0.00769	0.06356	0.04354
9	0.05565	0.40116	0.03246	0.01474	0.02117	0.06006	0.01333	0.08834	0.04564	0.02556	0.01454	0.01656	0.01240	0.01077	0.04509	0.00255	0.00940	0.00535	0.00462	0.12060
10	0.01019	0.00832	0.00901	0.00908	0.01151	0.00714	0.00672	0.01256	0.01947	0.02427	0.18184	0.13579	0.49363	0.02079	0.00989	0.00282	0.00421	0.01766	0.00797	0.00714
11	0.01369	0.00729	0.01053	0.01075	0.01090	0.00719	0.00715	0.01100	0.01173	0.01554	0.02084	0.10457	0.04150	0.05695	0.02965	0.61582	0.00688	0.00962	0.00427	0.00414
12	0.26167	0.01803	0.01823	0.01502	0.02026	0.01985	0.01216	0.30990	0.02713	0.07053	0.05746	0.09243	0.02083	0.01136	0.00763	0.00262	0.00743	0.00871	0.00738	0.01136
13	0.01186	0.00803	0.00906	0.00916	0.00933	0.00793	0.00524	0.01205	0.01263	0.01670	0.03014	0.08960	0.06302	0.63756	0.03898	0.00754	0.00769	0.01296	0.00531	0.00522
14	0.01145	0.00861	0.01085	0.01184	0.01374	0.00801	0.00939	0.01431	0.01904	0.02460	0.14101	0.20546	0.23361	0.02216	0.01058	0.00326	0.00555	0.23135	0.00789	0.00731
15	0.01471	0.01237	0.01752	0.01615	0.01745	0.01562	0.01297	0.04649	0.01443	0.02112	0.01876	0.02771	0.01751	0.04551	0.44949	0.00993	0.22128	0.00835	0.00440	0.00824
16	0.01025	0.00826	0.00913	0.00929	0.01158	0.00714	0.00682	0.01262	0.01940	0.02442	0.19133	0.16844	0.45027	0.02097	0.00993	0.00285	0.00424	0.01793	0.00800	0.00714
17	0.02848	0.02077	0.02262	0.01771	0.02382	0.02258	0.01447	0.46654	0.09944	0.07408	0.07080	0.02461	0.02049	0.01049	0.00834	0.00248	0.00824	0.00819	0.00832	0.04750
18	0.05059	0.01879	0.02891	0.14105	0.44470	0.05119	0.02256	0.02432	0.01880	0.02646	0.04357	0.02600	0.01720	0.00887	0.00832	0.00258	0.00979	0.04012	0.00451	0.01168
19	0.12974	0.01510	0.01476	0.01328	0.01718	0.04735	0.01034	0.07548	0.20452	0.03319	0.18354	0.04326	0.15235	0.01369	0.00847	0.00267	0.00610	0.01117	0.00776	0.01002
20	0.02221	0.71304	0.04353	0.01421	0.02132	0.03287	0.01421	0.02488	0.01688	0.01955	0.01155	0.01333	0.01066	0.00711	0.00533	0.00178	0.00888	0.00444	0.00355	0.01066
21	0.01012	0.00723	0.00964	0.01157	0.01205	0.00675	0.00771	0.01157	0.01591	0.02121	0.04579	0.70262	0.05495	0.02603	0.01060	0.00337	0.00482	0.02362	0.00771	0.00675
22	0.01073	0.00817	0.00991	0.01035	0.01218	0.00735	0.00761	0.01333	0.01956	0.02571	0.25243	0.24977	0.26620	0.02125	0.01013	0.00296	0.00449	0.05245	0.00817	0.00724
23	0.01947	0.02626	0.21087	0.04333	0.48216	0.01961	0.02695	0.02572	0.01853	0.02691	0.01542	0.01971	0.01242	0.00754	0.00813	0.00251	0.01055	0.00705	0.00394	0.01291
24	0.03151	0.04997	0.02090	0.01577	0.02153	0.01641	0.01297	0.06466	0.16651	0.42761	0.03035	0.02732	0.02044	0.01055	0.00915	0.00264	0.04079	0.00831	0.00912	0.01349
25	0.02128	0.01990	0.02496	0.15796	0.14718	0.08810	0.01863	0.13679	0.02084	0.02755	0.01684	0.05075	0.01495	0.05146	0.01449	0.00312	0.16157	0.00814	0.00494	0.01055
26	0.01208	0.00805	0.00906	0.00906	0.00906	0.00805	0.00503	0.01208	0.01208	0.01611	0.02618	0.05436	0.03020	0.70804	0.04228	0.00805	0.00805	0.01208	0.00503	0.00503
27	0.05022	0.06463	0.25184	0.01679	0.02412	0.01592	0.01750	0.02470	0.08255	0.05330	0.02246	0.12321	0.02040	0.04513	0.00947	0.00271	0.00852	0.00908	0.00536	0.15210
28	0.01481	0.18101	0.09915	0.01342	0.01704	0.01581	0.01199	0.01752	0.01462	0.01951	0.02238	0.10274	0.02337	0.22296	0.18241	0.00670	0.01194	0.00995	0.00463	0.00804
29	0.01483	0.01304	0.01814	0.01646	0.01697	0.01692	0.01298	0.01670	0.01282	0.01901	0.01774	0.03004	0.01798	0.16220	0.25545	0.00785	0.33018	0.00875	0.00418	0.00774
30	0.01067	0.00797	0.01002	0.01121	0.01260	0.00732	0.00817	0.01287	0.01788	0.02328	0.11846	0.40063	0.20079	0.02345	0.01045	0.00322	0.00497	0.10114	0.00785	0.00705
31	0.01884	0.01792	0.03016	0.19399	0.45144	0.01921	0.02374	0.02365	0.01777	0.02499	0.01556	0.02147	0.01299	0.01099	0.04589	0.00319	0.04498	0.00747	0.00401	0.01174
32	0.01606	0.02386	0.21752	0.02130	0.10492	0.08802	0.01805	0.02070	0.01759	0.02321	0.02954	0.18503	0.08371	0.04719	0.06249	0.00381	0.01038	0.01181	0.00518	0.00963
33	0.01134	0.00789	0.00993	0.01063	0.01103	0.00794	0.00682	0.01232	0.01366	0.01844	0.03268	0.28579	0.03772	0.36216	0.12774	0.00717	0.00906	0.01577	0.00591	0.00602
34	0.01201	0.00832	0.01043	0.01043	0.01091	0.00880	0.00675	0.01296	0.01249	0.01712	0.02492	0.04741	0.02718	0.50142	0.24478	0.00975	0.01260	0.01106	0.00485	0.00580
35	0.01312	0.01069	0.01424	0.01414	0.01448	0.01254	0.01046	0.01452	0.01435	0.01993	0.03109	0.30352	0.03600	0.18815	0.02304	0.00462	0.19891	0.06324	0.00591	0.00706
36	0.01773	0.11422	0.18888	0.13633	0.15880	0.01992	0.09816	0.02367	0.01777	0.02454	0.04671	0.02242	0.01562	0.01271	0.06468	0.00344	0.01181	0.00750	0.00411	0.01098
37	0.01338	0.01156	0.01601	0.25609	0.02932	0.01259	0.01365	0.01891	0.07261	0.02475	0.13413	0.07920	0.22319	0.01530	0.00927	0.00284	0.00707	0.04511	0.00653	0.00849
38	0.01078	0.00769	0.01021	0.01169	0.01251	0.00726	0.00820	0.01276	0.01713	0.02305	0.12948	0.51950	0.05635	0.05554	0.01203	0.00353	0.00514	0.08246	0.00778	0.00692
39	0.01924	0.02299	0.15521	0.26450	0.25771	0.01984	0.02466	0.08750	0.01995	0.02756	0.01564	0.02045	0.01201	0.00808	0.00820	0.00261	0.01069	0.00715	0.00429	0.01171
40	0.01809	0.01645	0.02727	0.11079	0.41843	0.01685	0.02196	0.02279	0.01872	0.02588	0.02319	0.04048	0.02229	0.01170	0.00911	0.00287	0.00940	0.16746	0.00502	0.01124
41	0.02016	0.01933	0.03300	0.10292	0.60739	0.01963	0.02530	0.02515	0.01873	0.02666	0.01556	0.02069	0.01299	0.00748	0.00823	0.00249	0.00997	0.00740	0.00408	0.01284
42	0.02856	0.22858	0.02915	0.01938	0.02446	0.49458	0.01554	0.03084	0.02167	0.02011	0.01248	0.01452	0.01069	0.00815	0.00688	0.00204	0.01327	0.00510	0.00408	0.00992
43	0.01975	0.06559	0.18053	0.04252	0.47547	0.02040	0.02604	0.02565	0.01848	0.02650	0.01522	0.01944	0.01240	0.00750	0.00798	0.00246	0.01037	0.00694	0.00394	0.01281
44	0.22666	0.01988	0.08811	0.21574	0.15103	0.05627	0.01859	0.02400	0.01693	0.02808	0.01495	0.01926	0.01164	0.00805	0.00712	0.00254	0.00932	0.00636	0.06536	0.01013
45	0.02205	0.01270	0.01519	0.01290	0.01706	0.01211	0.01017	0.13569	0.02458	0.21133	0.15543	0.11405	0.19068	0.01570	0.00920	0.00270	0.00595	0.01322	0.00881	0.01048
46	0.02243	0.01395	0.01819	0.01561	0.01922	0.01535	0.01260	0.15351	0.02123	0.17318	0.02323	0.02772	0.01849	0.03525	0.32624	0.00776	0.07062	0.00834	0.00655	0.01054
47	0.01815	0.01833	0.01546	0.01524	0.03817	0.19845	0.01080	0.02206	0.06384	0.02484	0.20391	0.04695	0.08906	0.14706	0.01532	0.00362	0.00848	0.04543	0.00655	0.00828
48	0.01038	0.00734	0.00956	0.01123	0.01165	0.00692	0.00735	0.01164	0.01539	0.02052	0.04316	0.61584	0.05163	0.11733	0.01484	0.00400	0.00525	0.02207	0.00735	0.00652
49	0.01137	0.00776	0.00927	0.00997	0.01014	0.00758	0.00600	0.01189	0.01347	0.01795	0.03328	0.28912	0.03916	0.46106	0.03081	0.00636	0.00688	0.01626	0.00600	0.00565
50	0.02405	0.05222	0.02514	0.02085	0.06072	0.11101	0.06465	0.25553	0.02668	0.03429	0.05160	0.05638	0.08372	0.01187	0.01049	0.00263	0.08126	0.00927	0.00642	0.01121
51	0.01392	0.00956	0.01077	0.01034	0.01108	0.00977	0.00641	0.07612	0.01525	0.02036	0.02739	0.11225	0.03088	0.57081	0.03575	0.00703	0.00786	0.01270	0.00563	0.00614
52	0.01101	0.00765	0.00954	0.01052	0.01093	0.00734	0.00670	0.01210	0.01506	0.02024	0.08768	0.40203	0.04738	0.28660	0.02268	0.00510	0.00599	0.01850	0.00680	0.00618
53	0.01125	0.00851	0.01025	0.01105	0.01280	0.00796	0.00842	0.01345	0.01729	0.02185	0.05642	0.17168	0.28145	0.12455	0.04318	0.00438	0.00655	0.17492	0.00717	0.00687
54	0.02289	0.02441	0.04626	0.05459	0.12898	0.21266	0.01820	0.02685	0.04479	0.05958	0.01574	0.02010	0.01320	0.01461	0.06772	0.00363	0.20387	0.00698	0.00456	0.01036
55	0.01986	0.02090	0.02342	0.05816	0.09056	0.16951	0.04234	0.02294	0.01786	0.02219	0.02177	0.03571	0.04074	0.01536	0.03823	0.00344	0.21765	0.12524	0.00483	0.00932
56	0.11950	0.02307	0.02633	0.18587	0.27621	0.18312	0.02042	0.02629	0.01892	0.02539	0.01420	0.01861	0.01152	0.00794	0.00766	0.00247	0.01098	0.00651	0.00419	0.01082
57	0.01081	0.00836	0.00985	0.00968	0.01188	0.00740	0.00718	0.01376	0.02096	0.02774	0.36270	0.12183	0.31908	0.01943	0.00987	0.00276	0.00411	0.01678	0.00842	0.00740
58	0.01067	0.00805	0.00959	0.00998	0.01160	0.00726	0.00703	0.01289	0.01867	0.02453	0.22662	0.25664	0.25580	0.08651	0.01312	0.00342	0.00467	0.01811	0.00786	0.00698
59	0.01923	0.01800	0.03014	0.33018	0.29701	0.01975	0.06464	0.07283	0.01958	0.02653	0.01568	0.02134	0.01227	0.00799	0.00838	0.00263	0.01063	0.00756	0.00427	0.01136
60	0.02722	0.33033	0.03217	0.01830	0.02380	0.39761	0.01526	0.02959	0.02067	0.01999	0.01228	0.01427	0.01068	0.00793	0.00656	0.00198	0.01235	0.00496	0.00397	0.01008
61	0.01061	0.00801	0.00980	0.01027	0.01194	0.00721	0.00736	0.01311	0.01945	0.02581	0.26969	0.29916	0.23452	0.02142	0.01010	0.00294	0.00433	0.01885	0.00822	0.00721
62	0.01856	0.01788	0.01890	0.18958	0.02786	0.14589	0.01459	0.04816	0.01955	0.02520	0.13685	0.03099	0.02642	0.05401	0.04061	0.00337	0.08158	0.00879	0.08243	0.00877
63	0.01092	0.00846	0.00994	0.00957	0.01190	0.00748	0.00718	0.01405	0.02153	0.02861	0.40612	0.06980	0.32704	0.01874	0.00981	0.00270	0.00404	0.01611	0.00853	0.00748
64	0.02351	0.02622	0.09294	0.08298	0.21089	0.17559	0.02000	0.14575	0.02369	0.02955	0.02162	0.02407	0.06780	0.00950	0.00818	0.00247	0.01080	0.00767	0.00520	0.01157
65	0.02771	0.02127	0.02301	0.01966	0.04730	0.05105	0.01570	0.46464	0.03387	0.04482	0.02402	0.03369	0.02031	0.01227	0.00887	0.00273	0.00914	0.11941	0.00785	0.01267
66	0.01228	0.00845	0.01053	0.01123	0.01188	0.00849	0.00786	0.01361	0.01443	0.01914	0.03258	0.11718	0.03670	0.42843	0.06219	0.00675	0.00838	0.17793	0.00596	0.00602
67	0.01453	0.01033	0.01203	0.01109	0.01411	0.00985	0.00848	0.02073	0.11499	0.08113	0.31797	0.06063	0.25833	0.01694	0.00948	0.00270	0.00467	0.01447	0.00865	0.00887
68	0.01849	0.11213	0.43795	0.02321	0.03351	0.02015	0.11601	0.02635	0.01838	0.05715	0.04794	0.02058	0.01478	0.00825	0.00801	0.00256	0.01148	0.00706	0.00423	0.01180
69	0.01717	0.01534	0.02503	0.10413	0.36106	0.01562	0.01988	0.02178	0.01952	0.02718	0.13245	0.04166	0.03085	0.01208	0.00912	0.00278	0.00854	0.11942	0.00561	0.01078
70	0.01824	0.01624	0.02397	0.16308	0.15171	0.01921	0.01867	0.08437	0.01907	0.02663	0.07280	0.03126	0.02151	0.01453	0.04368	0.00347	0.19199	0.06431	0.00513	0.01012
71	0.01490	0.07744	0.15482	0.01876	0.08623	0.01450	0.01624	0.02042	0.04687	0.02500	0.07118	0.05271	0.17838	0.01724	0.03846	0.00332	0.00854	0.13939	0.00605	0.00955

[dist]
# distance from previous block
# <min> <max>
0	30

[block]
# block no. 6 follows, 22 sequences, length 50
# corresponding to MSA columns:
# 511-560
name=unknown_G
#
# <colnr> <probs for GDERKNQSTAVLIFYWHMCP>
#	G	D	E	R	K	N	Q	S	T	A	V	L	I	F	Y	W	H	M	C	P
0	0.06230	0.02321	0.05282	0.09394	0.27564	0.13251	0.02045	0.09773	0.02093	0.02809	0.01614	0.04644	0.01382	0.00941	0.00971	0.00259	0.07063	0.00749	0.00474	0.01143
1	0.24728	0.05944	0.04759	0.07409	0.13062	0.15800	0.01577	0.05664	0.01888	0.02862	0.01653	0.08026	0.01491	0.00968	0.00720	0.00251	0.00954	0.00739	0.00493	0.01013
2	0.13444	0.04380	0.02373	0.18679	0.03095	0.01824	0.10064	0.08480	0.01789	0.02685	0.01708	0.02478	0.01464	0.08240	0.12159	0.00495	0.04454	0.00785	0.00472	0.00935
3	0.30193	0.01372	0.01255	0.01203	0.01487	0.06462	0.00907	0.01930	0.01543	0.02725	0.07583	0.09829	0.02535	0.11758	0.15345	0.00566	0.01029	0.00942	0.00553	0.00784
4	0.01459	0.01476	0.06516	0.01449	0.01713	0.04713	0.01189	0.02028	0.10003	0.02424	0.11918	0.14438	0.06740	0.08134	0.15471	0.00555	0.07055	0.01236	0.00624	0.00857
5	0.01945	0.01777	0.01696	0.01532	0.01926	0.09913	0.01185	0.08225	0.29155	0.03081	0.09482	0.03922	0.13143	0.01777	0.07128	0.00367	0.00869	0.01055	0.00748	0.01074
6	0.02154	0.02159	0.03277	0.04824	0.59750	0.08073	0.02462	0.02621	0.01935	0.02651	0.01537	0.02004	0.01293	0.00751	0.00816	0.00244	0.01035	0.00721	0.00413	0.01283
7	0.01487	0.02368	0.26322	0.01973	0.02569	0.01598	0.06697	0.02057	0.01536	0.02258	0.01800	0.02479	0.01534	0.03299	0.31088	0.00757	0.08029	0.00778	0.00400	0.00970
8	0.01093	0.00846	0.00995	0.00958	0.01190	0.00748	0.00718	0.01407	0.02155	0.02865	0.40842	0.06973	0.32471	0.01872	0.00981	0.00270	0.00404	0.01610	0.00853	0.00748
9	0.01198	0.00801	0.00909	0.00919	0.00921	0.00799	0.00517	0.01205	0.01228	0.01637	0.02718	0.08768	0.03147	0.67300	0.04066	0.00781	0.00789	0.01267	0.00517	0.00512
10	0.02302	0.02492	0.02586	0.02173	0.02632	0.22089	0.11948	0.03405	0.25445	0.02677	0.02165	0.02339	0.01702	0.01227	0.03944	0.00315	0.08073	0.00799	0.00578	0.01108
11	0.01085	0.00871	0.00974	0.00981	0.01214	0.00783	0.00722	0.01432	0.05018	0.02536	0.20671	0.17236	0.39421	0.02041	0.00987	0.00285	0.00436	0.01752	0.00808	0.00746
12	0.03186	0.02281	0.02465	0.01890	0.02553	0.02509	0.01561	0.59915	0.03830	0.08281	0.02059	0.02036	0.01445	0.00999	0.00831	0.00250	0.00904	0.00752	0.00841	0.01413
13	0.01192	0.00798	0.00911	0.00927	0.00931	0.00794	0.00526	0.01204	0.01240	0.01654	0.02783	0.10912	0.03229	0.65044	0.03961	0.00766	0.00778	0.01306	0.00526	0.00518
14	0.02604	0.23045	0.08741	0.01946	0.02500	0.33618	0.01703	0.06075	0.02091	0.02232	0.01286	0.01530	0.01088	0.00871	0.00879	0.00224	0.07571	0.00545	0.00416	0.01036
15	0.01249	0.00927	0.01213	0.01356	0.01570	0.00892	0.01160	0.01588	0.01908	0.02425	0.05413	0.09023	0.20063	0.02247	0.01106	0.00357	0.00678	0.45311	0.00767	0.00749
16	0.01425	0.01240	0.01792	0.01654	0.01747	0.01607	0.01332	0.01678	0.01311	0.01955	0.01797	0.02718	0.01705	0.04428	0.43060	0.00968	0.27535	0.00829	0.00414	0.00805
17	0.02138	0.01302	0.01513	0.01325	0.01754	0.01290	0.01037	0.03070	0.21762	0.21230	0.10179	0.07314	0.19643	0.01468	0.00899	0.00275	0.00578	0.01233	0.00882	0.01108
18	0.01886	0.01808	0.03075	0.26658	0.40137	0.01939	0.04891	0.02482	0.04270	0.02540	0.01610	0.02159	0.01291	0.00785	0.00833	0.00260	0.01032	0.00757	0.00414	0.01174
19	0.03002	0.03695	0.02289	0.02061	0.02498	0.59776	0.01555	0.07252	0.02437	0.02261	0.01684	0.01852	0.04258	0.00927	0.00766	0.00220	0.01405	0.00610	0.00472	0.00981
20	0.01763	0.04529	0.01798	0.01596	0.01817	0.17837	0.01241	0.02015	0.01593	0.01949	0.01864	0.02710	0.01738	0.06949	0.39834	0.00902	0.07837	0.00783	0.00432	0.00815
21	0.02300	0.02334	0.03093	0.04220	0.47145	0.13407	0.02282	0.06746	0.02077	0.02730	0.01519	0.01943	0.01268	0.00814	0.00908	0.00247	0.04580	0.00704	0.00440	0.01240
