[name]
unknown

[dist]
# distance from previous block
# <min> <max>
22	76

[block]
# block no. 0 follows, 22 sequences, length 55
# corresponding to MSA columns:
# 76-130
name=unknown_A
#
# <colnr> <probs for GDERKNQSTAVLIFYWHMCP>
#	G	D	E	R	K	N	Q	S	T	A	V	L	I	F	Y	W	H	M	C	P
0	0.01698	0.01464	0.01591	0.05171	0.02030	0.01618	0.01157	0.03266	0.40604	0.03054	0.07564	0.04544	0.19979	0.01406	0.00888	0.00280	0.00605	0.01179	0.00802	0.01099
1	0.01443	0.01406	0.04839	0.01686	0.01834	0.01645	0.01414	0.01722	0.01359	0.02005	0.02068	0.02875	0.04876	0.03917	0.35925	0.00855	0.28019	0.00858	0.00426	0.00827
2	0.01726	0.01416	0.01775	0.01502	0.01924	0.01387	0.04495	0.11862	0.07439	0.02931	0.03190	0.24183	0.07190	0.01503	0.00957	0.00257	0.03881	0.01294	0.00676	0.20413
3	0.01142	0.00782	0.00948	0.01028	0.01054	0.00764	0.00641	0.01213	0.01382	0.01840	0.03423	0.29485	0.04014	0.42480	0.02917	0.00613	0.00684	0.04396	0.00614	0.00579
4	0.17488	0.20607	0.18266	0.01754	0.02444	0.02234	0.05140	0.05214	0.01699	0.02682	0.01439	0.01793	0.01185	0.01497	0.09264	0.00381	0.04845	0.00603	0.00425	0.01040
5	0.02055	0.36406	0.17110	0.02725	0.21511	0.02607	0.02106	0.02536	0.01763	0.02325	0.01348	0.01638	0.01138	0.00736	0.00674	0.00216	0.00989	0.00569	0.00371	0.01175
6	0.02114	0.38127	0.03123	0.01519	0.02011	0.14309	0.01337	0.02394	0.01932	0.02287	0.15819	0.02511	0.02618	0.01015	0.00827	0.00216	0.05651	0.00722	0.00497	0.00972
7	0.01778	0.01565	0.01855	0.02053	0.13333	0.04624	0.01330	0.05515	0.21920	0.03160	0.21203	0.04265	0.11291	0.01320	0.00891	0.00265	0.00664	0.01135	0.00757	0.01077
8	0.01155	0.00946	0.01031	0.00992	0.01269	0.00873	0.00749	0.01649	0.08776	0.02687	0.24019	0.06955	0.42134	0.01883	0.00966	0.00275	0.00438	0.01594	0.00820	0.00791
9	0.01214	0.00788	0.01024	0.01148	0.01265	0.00719	0.00790	0.01379	0.01682	0.06974	0.04887	0.58573	0.11568	0.02431	0.01035	0.00325	0.00492	0.02182	0.00791	0.00733
10	0.01012	0.00723	0.00964	0.01157	0.01205	0.00675	0.00771	0.01157	0.01591	0.02121	0.04579	0.70262	0.05495	0.02603	0.01060	0.00337	0.00482	0.02362	0.00771	0.00675
11	0.02966	0.15502	0.02775	0.01915	0.02492	0.28886	0.01561	0.27879	0.02877	0.03348	0.01556	0.01674	0.01212	0.00888	0.00744	0.00222	0.01145	0.00607	0.00582	0.01168
12	0.02599	0.02049	0.02178	0.01798	0.02363	0.02315	0.01444	0.32935	0.34733	0.04334	0.02704	0.02560	0.01988	0.01064	0.00838	0.00266	0.00783	0.00846	0.00838	0.01363
13	0.01195	0.00817	0.00985	0.00994	0.01023	0.00841	0.00611	0.01255	0.01248	0.01691	0.02637	0.08013	0.02965	0.56180	0.15360	0.00878	0.01044	0.01204	0.00505	0.00554
14	0.01002	0.00806	0.00894	0.00950	0.01154	0.00698	0.00683	0.01202	0.01826	0.02267	0.10403	0.27054	0.43683	0.02235	0.01006	0.00297	0.00438	0.01926	0.00779	0.00698
15	0.01346	0.01052	0.01434	0.01400	0.01606	0.01225	0.01089	0.02015	0.12728	0.02209	0.02435	0.03234	0.02160	0.05304	0.55415	0.01144	0.01941	0.00899	0.00518	0.00846
16	0.01474	0.04289	0.15744	0.01541	0.02009	0.01393	0.01446	0.02356	0.16176	0.02698	0.10336	0.22849	0.08062	0.01648	0.00923	0.00293	0.00701	0.04391	0.00696	0.00976
17	0.01192	0.00871	0.01237	0.01237	0.01351	0.00985	0.00916	0.01420	0.01306	0.01856	0.02315	0.03761	0.02293	0.21000	0.53038	0.01214	0.01900	0.00963	0.00458	0.00687
18	0.01005	0.00750	0.00936	0.01085	0.01186	0.00681	0.00739	0.01165	0.01660	0.02149	0.05456	0.56020	0.19170	0.02489	0.01042	0.00324	0.00468	0.02223	0.00771	0.00681
19	0.01192	0.00886	0.01145	0.01270	0.01462	0.00840	0.01040	0.01499	0.01897	0.02444	0.10364	0.17518	0.19832	0.02244	0.01081	0.00341	0.00610	0.32816	0.00780	0.00738
20	0.02270	0.11058	0.02710	0.17710	0.14371	0.17092	0.01838	0.03048	0.14364	0.04863	0.01855	0.02110	0.01452	0.00872	0.00776	0.00245	0.01043	0.00699	0.00508	0.01117
21	0.01859	0.01997	0.01651	0.01573	0.01837	0.25076	0.01200	0.02116	0.01765	0.02001	0.02556	0.03137	0.08570	0.03835	0.36099	0.00814	0.01766	0.00855	0.00474	0.00818
22	0.01208	0.00805	0.00906	0.00906	0.00906	0.00805	0.00503	0.01208	0.01208	0.01611	0.02618	0.05436	0.03020	0.70804	0.04228	0.00805	0.00805	0.01208	0.00503	0.00503
23	0.14248	0.02303	0.13319	0.03920	0.42040	0.01955	0.05320	0.02551	0.01794	0.02864	0.01490	0.01900	0.01202	0.00751	0.00774	0.00253	0.00990	0.00684	0.00419	0.01224
24	0.02513	0.22580	0.03249	0.04820	0.13644	0.17446	0.04840	0.13273	0.05155	0.02788	0.01543	0.01771	0.01250	0.00822	0.00733	0.00224	0.01073	0.00630	0.00491	0.01156
25	0.01068	0.00845	0.00961	0.00932	0.01175	0.00738	0.00699	0.01359	0.02097	0.02726	0.33572	0.07202	0.39828	0.01924	0.00981	0.00272	0.00408	0.01642	0.00835	0.00738
26	0.01700	0.03050	0.35556	0.06948	0.03234	0.02086	0.05566	0.02343	0.01586	0.02364	0.01407	0.01901	0.01127	0.01252	0.04524	0.00347	0.22879	0.00690	0.00364	0.01077
27	0.01012	0.00783	0.00904	0.00994	0.01146	0.00696	0.00688	0.01177	0.01703	0.02142	0.06205	0.37138	0.32791	0.07126	0.01245	0.00344	0.00476	0.02002	0.00753	0.00675
28	0.01269	0.00957	0.01176	0.05871	0.01508	0.00996	0.00842	0.03696	0.01607	0.02135	0.06081	0.12173	0.16811	0.27146	0.08523	0.00574	0.03418	0.01348	0.03182	0.00687
29	0.01079	0.00769	0.00981	0.01100	0.01174	0.00725	0.00743	0.01239	0.01634	0.02183	0.10986	0.45525	0.08321	0.14849	0.01627	0.00413	0.00541	0.04713	0.00738	0.00661
30	0.03103	0.03959	0.02354	0.02140	0.02568	0.67469	0.01605	0.03317	0.02354	0.02033	0.01284	0.01498	0.01070	0.00856	0.00749	0.00214	0.01498	0.00535	0.00428	0.00963
31	0.03058	0.07643	0.02565	0.01868	0.02502	0.09417	0.01541	0.46577	0.06256	0.07407	0.01979	0.01981	0.01432	0.00968	0.00801	0.00242	0.00953	0.00715	0.00762	0.01335
32	0.01929	0.10262	0.02610	0.19004	0.03202	0.16814	0.08218	0.02313	0.01761	0.02085	0.01632	0.02251	0.01390	0.02366	0.20028	0.00556	0.01525	0.00727	0.00408	0.00918
33	0.02101	0.02307	0.07421	0.07205	0.43558	0.10109	0.02285	0.02581	0.01911	0.02593	0.01509	0.01936	0.01247	0.00749	0.00789	0.00232	0.01034	0.00679	0.00416	0.09337
34	0.01143	0.00841	0.01069	0.01026	0.01224	0.00768	0.00764	0.01498	0.02253	0.03129	0.54760	0.09919	0.14919	0.01798	0.00984	0.00268	0.00400	0.01581	0.00889	0.00768
35	0.02193	0.02280	0.03092	0.11475	0.47681	0.13845	0.02352	0.02643	0.01951	0.02526	0.01503	0.01972	0.01249	0.00771	0.00810	0.00244	0.01093	0.00703	0.00410	0.01209
36	0.02040	0.52020	0.10248	0.01733	0.06608	0.02786	0.01598	0.02407	0.01781	0.02226	0.08165	0.01955	0.01817	0.00828	0.00628	0.00200	0.00876	0.00597	0.00419	0.01069
37	0.06201	0.02128	0.02162	0.01736	0.02323	0.05393	0.01405	0.39225	0.14392	0.04357	0.02594	0.02545	0.06018	0.01062	0.00815	0.00250	0.00834	0.00816	0.00778	0.04967
38	0.01199	0.00887	0.01162	0.04237	0.01394	0.00928	0.00831	0.01382	0.01603	0.02205	0.17274	0.21995	0.04505	0.25637	0.06829	0.00547	0.04560	0.01505	0.00649	0.00671
39	0.01059	0.00775	0.00973	0.01061	0.01189	0.00705	0.00741	0.01247	0.01792	0.02369	0.17902	0.40064	0.18982	0.02317	0.01127	0.03792	0.00461	0.01973	0.00782	0.00689
40	0.15511	0.02836	0.04749	0.05180	0.08863	0.33085	0.01580	0.05715	0.02119	0.05607	0.01532	0.01768	0.01202	0.00848	0.00717	0.00232	0.01128	0.00594	0.05707	0.01025
41	0.05353	0.20776	0.02723	0.01964	0.08843	0.04585	0.04225	0.02124	0.01559	0.02175	0.01616	0.02341	0.01507	0.07992	0.14303	0.00505	0.12302	0.00717	0.03453	0.00935
42	0.01067	0.00789	0.00982	0.01049	0.01184	0.00720	0.00734	0.01292	0.01861	0.02488	0.23782	0.35262	0.17438	0.05945	0.01193	0.00329	0.00460	0.01920	0.00801	0.00704
43	0.01940	0.01873	0.03246	0.19592	0.48904	0.01951	0.05451	0.02457	0.01842	0.02576	0.01549	0.02102	0.01265	0.00759	0.00832	0.00255	0.01035	0.00752	0.00402	0.01216
44	0.09994	0.12864	0.28017	0.01924	0.02633	0.08836	0.02046	0.02444	0.01658	0.02427	0.01422	0.01811	0.01166	0.01515	0.08900	0.00385	0.09913	0.00611	0.00390	0.01043
45	0.02038	0.02060	0.03409	0.11510	0.44487	0.05567	0.11064	0.02540	0.01878	0.02578	0.01537	0.02060	0.01263	0.00778	0.00914	0.00257	0.03678	0.00763	0.00407	0.01211
46	0.01770	0.00994	0.01224	0.01083	0.01427	0.00867	0.00841	0.02076	0.02189	0.19330	0.28044	0.05986	0.27571	0.01673	0.00943	0.00267	0.00485	0.01421	0.00891	0.00918
47	0.05458	0.11792	0.32643	0.08473	0.03549	0.02078	0.15354	0.02499	0.01741	0.02519	0.01512	0.01912	0.01154	0.01067	0.04511	0.00317	0.01238	0.00690	0.00381	0.01113
48	0.02276	0.22357	0.21184	0.02561	0.15380	0.14171	0.02135	0.02778	0.01907	0.05897	0.01473	0.01710	0.01168	0.00783	0.00720	0.00227	0.01104	0.00590	0.00416	0.01163
49	0.01012	0.00723	0.00964	0.01157	0.01205	0.00675	0.00771	0.01157	0.01591	0.02121	0.04579	0.70262	0.05495	0.02603	0.01060	0.00337	0.00482	0.02362	0.00771	0.00675
50	0.01527	0.01318	0.01972	0.08688	0.15312	0.01520	0.01467	0.01784	0.01436	0.02035	0.01919	0.03265	0.01913	0.22062	0.17305	0.00677	0.13622	0.00905	0.00432	0.00842
51	0.01858	0.02474	0.19488	0.03486	0.32774	0.05096	0.02385	0.02437	0.01883	0.02610	0.02121	0.03474	0.01957	0.01083	0.00878	0.00278	0.01030	0.13060	0.00470	0.01160
52	0.02266	0.02203	0.03096	0.13573	0.09903	0.13390	0.17643	0.02705	0.01909	0.09270	0.01645	0.02066	0.01268	0.00893	0.01118	0.00267	0.10987	0.00763	0.00473	0.04563
53	0.01221	0.00948	0.01293	0.01314	0.01508	0.00912	0.03899	0.01607	0.05334	0.02468	0.13225	0.28405	0.13495	0.05519	0.01198	0.00346	0.00596	0.15183	0.00764	0.00764
54	0.01798	0.02329	0.15811	0.14746	0.17414	0.08679	0.04855	0.02287	0.01773	0.02345	0.04782	0.02781	0.01818	0.13453	0.01438	0.00355	0.01071	0.00824	0.00434	0.01007

[dist]
# distance from previous block
# <min> <max>
8	101

[block]
# block no. 1 follows, 22 sequences, length 26
# corresponding to MSA columns:
# 232-257
name=unknown_B
#
# <colnr> <probs for GDERKNQSTAVLIFYWHMCP>
#	G	D	E	R	K	N	Q	S	T	A	V	L	I	F	Y	W	H	M	C	P
0	0.09116	0.09835	0.09251	0.06835	0.02146	0.01563	0.01316	0.02196	0.10081	0.02568	0.05476	0.20820	0.06416	0.04189	0.00961	0.00292	0.00719	0.01215	0.00607	0.04399
1	0.22997	0.13446	0.09586	0.07837	0.02229	0.01833	0.01372	0.02123	0.01637	0.02719	0.05048	0.07579	0.08662	0.01136	0.00819	0.00258	0.04619	0.00855	0.04324	0.00920
2	0.07346	0.01313	0.04718	0.03936	0.04501	0.01210	0.01215	0.06298	0.01954	0.06432	0.04236	0.05426	0.18890	0.02025	0.07179	0.00388	0.00825	0.14341	0.06871	0.00895
3	0.02239	0.22950	0.02956	0.02411	0.16338	0.20901	0.01623	0.02530	0.01849	0.02124	0.01512	0.02038	0.01372	0.05530	0.09906	0.00396	0.01260	0.00641	0.00409	0.01017
4	0.02028	0.04900	0.10192	0.02642	0.18780	0.05011	0.04512	0.09339	0.10474	0.03000	0.02249	0.06530	0.01942	0.01042	0.00820	0.00254	0.00897	0.04438	0.06060	0.04891
5	0.01398	0.01131	0.01326	0.01381	0.04730	0.01110	0.00976	0.04921	0.11388	0.02631	0.07626	0.17293	0.25192	0.05736	0.01140	0.00318	0.00578	0.06192	0.00745	0.04189
6	0.01155	0.00804	0.01017	0.01064	0.01109	0.00825	0.00689	0.01257	0.01331	0.01808	0.03013	0.20929	0.03419	0.39510	0.17640	0.00809	0.01044	0.01421	0.00556	0.00599
7	0.06042	0.03250	0.36796	0.02966	0.11263	0.01982	0.20591	0.02619	0.01813	0.02712	0.01537	0.01913	0.01138	0.00756	0.00835	0.00266	0.01217	0.00729	0.00388	0.01188
8	0.07752	0.06147	0.02089	0.04953	0.07722	0.21504	0.01491	0.02352	0.01826	0.02272	0.02020	0.03272	0.01922	0.02302	0.15897	0.00507	0.04087	0.10493	0.00483	0.00908
9	0.01138	0.00848	0.01058	0.01006	0.01218	0.00768	0.00754	0.01495	0.02263	0.03120	0.54165	0.06553	0.18989	0.01777	0.00980	0.00265	0.00398	0.01551	0.00887	0.00768
10	0.01948	0.10411	0.10269	0.15954	0.15245	0.04667	0.15907	0.05460	0.01976	0.02631	0.06197	0.02290	0.01678	0.00838	0.00831	0.00254	0.01092	0.00794	0.00450	0.01107
11	0.02464	0.11890	0.05537	0.05073	0.06567	0.18100	0.14845	0.10971	0.02238	0.05422	0.01625	0.01922	0.01266	0.00851	0.00873	0.00242	0.04179	0.00704	0.04120	0.01108
12	0.01039	0.00838	0.00925	0.00915	0.01160	0.00724	0.00682	0.01299	0.02011	0.02551	0.24587	0.10496	0.45836	0.02011	0.00985	0.00278	0.00415	0.01710	0.00813	0.00724
13	0.01592	0.01506	0.02125	0.05279	0.02112	0.02012	0.01567	0.01813	0.01359	0.02014	0.01953	0.06630	0.05229	0.02410	0.14368	0.00532	0.45305	0.00916	0.00427	0.00853
14	0.01035	0.00733	0.00957	0.01127	0.01170	0.00690	0.00739	0.01163	0.01545	0.02060	0.04347	0.62588	0.05202	0.10677	0.01435	0.00393	0.00520	0.02225	0.00739	0.00654
15	0.02360	0.54623	0.03874	0.01601	0.02216	0.15104	0.01480	0.02611	0.01786	0.01972	0.01175	0.01393	0.01068	0.00783	0.00707	0.00196	0.05169	0.00478	0.00369	0.01037
16	0.20289	0.01360	0.01464	0.01406	0.01796	0.01466	0.01160	0.02758	0.17586	0.08962	0.03540	0.05092	0.07566	0.01491	0.00873	0.00307	0.00676	0.20465	0.00748	0.00993
17	0.01142	0.00778	0.00926	0.00990	0.01007	0.00761	0.00593	0.01191	0.01337	0.01782	0.03277	0.27247	0.03853	0.47858	0.03162	0.00648	0.00697	0.01596	0.00593	0.00561
18	0.01046	0.00743	0.00948	0.01097	0.01147	0.00700	0.00716	0.01168	0.01535	0.02034	0.04400	0.55578	0.07815	0.14992	0.01633	0.00420	0.00538	0.02124	0.00722	0.00645
19	0.01010	0.00732	0.00955	0.01133	0.01199	0.00677	0.00760	0.01159	0.01614	0.02130	0.04873	0.65493	0.10074	0.02564	0.01054	0.00333	0.00477	0.02315	0.00771	0.00677
20	0.01110	0.00818	0.01046	0.01147	0.01264	0.00781	0.00799	0.01441	0.05321	0.02493	0.19241	0.48556	0.08295	0.02282	0.01026	0.00314	0.00468	0.02050	0.00810	0.00738
21	0.02485	0.02323	0.02262	0.01919	0.02287	0.17090	0.01540	0.24411	0.02491	0.03175	0.01671	0.02072	0.01383	0.02020	0.13375	0.00465	0.16671	0.00721	0.00564	0.01075
22	0.01999	0.01743	0.01961	0.10743	0.02641	0.02037	0.01449	0.04105	0.55697	0.03293	0.03124	0.02980	0.02343	0.01087	0.00843	0.00281	0.00718	0.00912	0.00781	0.01262
23	0.02893	0.20340	0.02866	0.01932	0.02462	0.42895	0.01556	0.11143	0.02399	0.02446	0.01348	0.01524	0.01115	0.00839	0.00707	0.00210	0.01269	0.00541	0.00464	0.01049
24	0.15091	0.39171	0.22290	0.01645	0.02475	0.02634	0.01820	0.02522	0.01660	0.02466	0.01255	0.01461	0.01033	0.00745	0.00606	0.00217	0.00946	0.00496	0.00382	0.01085
25	0.02084	0.03216	0.39367	0.02815	0.17260	0.01840	0.02587	0.02915	0.04991	0.12243	0.01870	0.02050	0.01337	0.00831	0.00806	0.00259	0.01067	0.00692	0.00491	0.01280

[dist]
# distance from previous block
# <min> <max>
0	1

[block]
# block no. 2 follows, 22 sequences, length 18
# corresponding to MSA columns:
# 259-276
name=unknown_C
#
# <colnr> <probs for GDERKNQSTAVLIFYWHMCP>
#	G	D	E	R	K	N	Q	S	T	A	V	L	I	F	Y	W	H	M	C	P
0	0.01156	0.00855	0.01083	0.01046	0.01255	0.00782	0.00797	0.01518	0.02249	0.03101	0.52036	0.06704	0.16776	0.01803	0.00991	0.00273	0.00422	0.05501	0.00882	0.00769
1	0.01848	0.20268	0.42613	0.02392	0.06959	0.02276	0.07538	0.02594	0.01763	0.02474	0.01429	0.01709	0.01088	0.00760	0.00745	0.00243	0.01145	0.00610	0.00361	0.01185
2	0.01190	0.00877	0.01269	0.01269	0.01394	0.01002	0.00956	0.01441	0.01315	0.01879	0.02286	0.03600	0.02223	0.16221	0.57722	0.01253	0.02006	0.00939	0.00454	0.00705
3	0.02556	0.02471	0.02455	0.02485	0.15894	0.19098	0.01647	0.19438	0.02533	0.03236	0.01589	0.01811	0.01257	0.00811	0.00755	0.00208	0.01009	0.00628	0.00552	0.19566
4	0.01429	0.01246	0.01800	0.01660	0.01752	0.01617	0.01338	0.01682	0.01311	0.01956	0.01789	0.02708	0.01698	0.04395	0.42618	0.00962	0.27993	0.00827	0.00414	0.00806
5	0.03103	0.03959	0.02354	0.02140	0.02568	0.67469	0.01605	0.03317	0.02354	0.02033	0.01284	0.01498	0.01070	0.00856	0.00749	0.00214	0.01498	0.00535	0.00428	0.00963
6	0.01006	0.00748	0.00938	0.01089	0.01187	0.00680	0.00741	0.01164	0.01655	0.02147	0.05398	0.56959	0.18268	0.02496	0.01044	0.00325	0.00469	0.02232	0.00771	0.00680
7	0.01250	0.00941	0.01123	0.01066	0.01303	0.00881	0.00799	0.05912	0.02256	0.03040	0.38360	0.13642	0.22606	0.01859	0.00979	0.00274	0.00448	0.01612	0.00854	0.00795
8	0.02427	0.02723	0.03028	0.06885	0.35313	0.26956	0.05544	0.02828	0.02061	0.02423	0.01459	0.01861	0.01209	0.00786	0.00804	0.00238	0.01211	0.00675	0.00416	0.01152
9	0.01164	0.00855	0.01104	0.01135	0.01323	0.00796	0.00880	0.01497	0.02099	0.02850	0.36813	0.15234	0.14693	0.01995	0.01026	0.00299	0.00487	0.14149	0.00845	0.00755
10	0.18287	0.01857	0.02481	0.06896	0.32023	0.04695	0.01845	0.07248	0.02017	0.06577	0.06821	0.02267	0.01788	0.00872	0.00767	0.00251	0.00872	0.00737	0.00540	0.01158
11	0.01280	0.00897	0.01031	0.00986	0.01269	0.00780	0.00759	0.01559	0.02060	0.07819	0.23380	0.07151	0.41081	0.01914	0.00978	0.00279	0.00455	0.04705	0.00832	0.00786
12	0.02108	0.31616	0.11323	0.01974	0.05904	0.11643	0.01757	0.02456	0.01699	0.02099	0.01315	0.01693	0.01166	0.01327	0.06507	0.00325	0.13097	0.00581	0.00377	0.01032
13	0.00997	0.00782	0.00903	0.01000	0.01164	0.00688	0.00702	0.01174	0.01741	0.02182	0.06485	0.39334	0.35193	0.02355	0.01021	0.00309	0.00452	0.02059	0.00771	0.00688
14	0.01587	0.01213	0.01359	0.01285	0.01449	0.06012	0.01005	0.01898	0.01577	0.02459	0.02186	0.02829	0.01867	0.02764	0.22888	0.00597	0.12190	0.00787	0.33249	0.00799
15	0.01138	0.00824	0.01042	0.01100	0.01226	0.00762	0.00763	0.01338	0.01722	0.02345	0.17151	0.35194	0.07720	0.14551	0.01591	0.00394	0.00542	0.05087	0.00738	0.04771
16	0.09473	0.31761	0.20796	0.02075	0.06901	0.02558	0.05368	0.02496	0.01673	0.02411	0.01299	0.01589	0.01076	0.00801	0.00826	0.00235	0.06620	0.00564	0.00378	0.01100
17	0.02226	0.02393	0.06292	0.16599	0.33698	0.13973	0.02274	0.07763	0.02096	0.02685	0.01528	0.01964	0.01224	0.00804	0.00810	0.00248	0.01111	0.00696	0.00439	0.01178

[dist]
# distance from previous block
# <min> <max>
0	1

[block]
# block no. 3 follows, 22 sequences, length 26
# corresponding to MSA columns:
# 278-303
name=unknown_D
#
# <colnr> <probs for GDERKNQSTAVLIFYWHMCP>
#	G	D	E	R	K	N	Q	S	T	A	V	L	I	F	Y	W	H	M	C	P
0	0.19628	0.02406	0.18175	0.02567	0.15920	0.01899	0.07160	0.09958	0.01974	0.03187	0.01802	0.08357	0.01560	0.00967	0.00779	0.00265	0.00943	0.00817	0.00508	0.01130
1	0.01391	0.01129	0.01574	0.01945	0.14438	0.01088	0.01202	0.04580	0.02030	0.02733	0.18699	0.20460	0.16433	0.01810	0.00975	0.00290	0.00599	0.07010	0.00734	0.00880
2	0.02475	0.01377	0.01603	0.01351	0.01801	0.03924	0.01068	0.06998	0.07115	0.29173	0.15694	0.07494	0.13537	0.01404	0.00894	0.00265	0.00633	0.01174	0.00900	0.01117
3	0.01858	0.01918	0.07043	0.08729	0.14999	0.07951	0.01693	0.02754	0.16462	0.02641	0.02193	0.02584	0.01771	0.01995	0.14386	0.00473	0.01185	0.00791	0.07504	0.01070
4	0.01043	0.00844	0.00926	0.00905	0.01159	0.00727	0.00679	0.01310	0.02037	0.02585	0.26185	0.07435	0.47303	0.01977	0.00981	0.00275	0.00412	0.01675	0.00816	0.00727
5	0.01969	0.01832	0.01797	0.01614	0.01931	0.13548	0.01265	0.12133	0.07932	0.02735	0.05640	0.03195	0.07979	0.02945	0.23767	0.00629	0.06639	0.00905	0.00590	0.00957
6	0.03083	0.02290	0.02451	0.01896	0.02548	0.02541	0.01561	0.58853	0.08027	0.05115	0.02089	0.02070	0.01490	0.01006	0.00832	0.00252	0.00897	0.00761	0.00832	0.01406
7	0.18039	0.02498	0.02131	0.01754	0.02303	0.17667	0.01399	0.33763	0.02912	0.04012	0.01684	0.01898	0.01299	0.04009	0.00898	0.00267	0.00992	0.00657	0.00657	0.01162
8	0.01803	0.20772	0.51221	0.02135	0.03236	0.02263	0.02664	0.02596	0.01738	0.02465	0.01408	0.01650	0.01056	0.00770	0.00726	0.00242	0.01144	0.00572	0.00352	0.01188
9	0.08849	0.00960	0.00935	0.00883	0.01139	0.01002	0.00680	0.06153	0.01859	0.03304	0.02512	0.02854	0.01963	0.00951	0.00591	0.00203	0.00448	0.00741	0.63142	0.00830
10	0.01498	0.01252	0.01362	0.01326	0.01640	0.01329	0.01005	0.02676	0.30120	0.02790	0.05148	0.18526	0.21609	0.01771	0.00944	0.00298	0.00558	0.04366	0.00805	0.00978
11	0.01012	0.00723	0.00964	0.01157	0.01205	0.00675	0.00771	0.01157	0.01591	0.02121	0.04579	0.70262	0.05495	0.02603	0.01060	0.00337	0.00482	0.02362	0.00771	0.00675
12	0.01021	0.00843	0.00896	0.00883	0.01146	0.00718	0.00662	0.01269	0.01987	0.02466	0.19984	0.07630	0.53579	0.02021	0.00981	0.00277	0.00415	0.01702	0.00801	0.00718
13	0.03037	0.10022	0.02610	0.01975	0.02528	0.34699	0.01576	0.27418	0.02918	0.03326	0.01560	0.01683	0.01209	0.00899	0.00761	0.00225	0.01200	0.00612	0.00584	0.01156
14	0.02214	0.02174	0.02921	0.19355	0.35443	0.11148	0.02249	0.09489	0.02133	0.02769	0.01553	0.02009	0.01244	0.00807	0.00815	0.00250	0.01078	0.00712	0.00452	0.01185
15	0.05566	0.01775	0.02679	0.03710	0.40636	0.01845	0.02048	0.02808	0.14552	0.02886	0.02311	0.03260	0.02030	0.01038	0.00858	0.00273	0.00872	0.09078	0.00554	0.01218
16	0.01443	0.00722	0.01082	0.01082	0.01082	0.00722	0.00722	0.01082	0.01082	0.01443	0.01443	0.02525	0.01443	0.02886	0.03247	0.75830	0.00722	0.00722	0.00361	0.00361
17	0.02885	0.24113	0.02925	0.01872	0.02402	0.42972	0.01520	0.03123	0.02155	0.06952	0.01399	0.01551	0.01145	0.00825	0.00690	0.00206	0.01253	0.00531	0.00452	0.01029
18	0.35311	0.01346	0.01392	0.01280	0.01641	0.01553	0.01026	0.07634	0.01610	0.03045	0.01723	0.02285	0.01486	0.03288	0.31173	0.00749	0.01391	0.00679	0.00512	0.00875
19	0.02417	0.51660	0.03782	0.01632	0.02241	0.18862	0.01485	0.02666	0.01830	0.01976	0.01183	0.01396	0.01068	0.00781	0.00689	0.00195	0.04251	0.00480	0.00373	0.01034
20	0.01052	0.00790	0.00953	0.01022	0.01165	0.00715	0.00712	0.01255	0.01805	0.02364	0.17906	0.33895	0.23373	0.07525	0.01265	0.00341	0.00471	0.01919	0.00780	0.00692
21	0.08711	0.28202	0.03063	0.01845	0.05183	0.18285	0.01500	0.15949	0.02350	0.05680	0.01481	0.01617	0.01184	0.00828	0.00675	0.00215	0.01017	0.00563	0.00522	0.01130
22	0.16043	0.01735	0.02122	0.09969	0.15373	0.01946	0.01589	0.05990	0.26696	0.03287	0.05273	0.02554	0.02017	0.00969	0.00782	0.00267	0.00773	0.00802	0.00642	0.01171
23	0.01257	0.00889	0.00974	0.00936	0.01230	0.00756	0.00707	0.01491	0.01965	0.08297	0.12915	0.10557	0.51075	0.01992	0.00972	0.00280	0.00448	0.01676	0.00808	0.00774
24	0.01307	0.06338	0.01365	0.01153	0.01376	0.01078	0.00900	0.01671	0.05032	0.02451	0.18810	0.06361	0.15792	0.15954	0.04541	0.00441	0.00689	0.13278	0.00707	0.00755
25	0.02393	0.19312	0.02658	0.01870	0.05279	0.15650	0.01455	0.03610	0.30304	0.05712	0.02314	0.02276	0.01795	0.00946	0.00747	0.00240	0.00904	0.00721	0.00628	0.01187

[dist]
# distance from previous block
# <min> <max>
19	107

[block]
# block no. 4 follows, 22 sequences, length 24
# corresponding to MSA columns:
# 423-446
name=unknown_E
#
# <colnr> <probs for GDERKNQSTAVLIFYWHMCP>
#	G	D	E	R	K	N	Q	S	T	A	V	L	I	F	Y	W	H	M	C	P
0	0.02656	0.02555	0.02102	0.05059	0.02415	0.28120	0.01426	0.13432	0.02413	0.08945	0.02254	0.02380	0.06423	0.01010	0.00881	0.00231	0.04759	0.00726	0.03950	0.08262
1	0.01554	0.01097	0.01194	0.01088	0.01448	0.01012	0.00859	0.09493	0.02202	0.08841	0.06816	0.06810	0.46810	0.01869	0.00959	0.00281	0.00536	0.05461	0.00804	0.00867
2	0.02173	0.01909	0.01801	0.01580	0.02030	0.10084	0.01231	0.11339	0.31615	0.03320	0.02961	0.02930	0.05301	0.01249	0.03033	0.00284	0.00802	0.00857	0.10125	0.05377
3	0.01875	0.20134	0.36788	0.02476	0.06164	0.02295	0.13982	0.02598	0.01783	0.02476	0.01448	0.01758	0.01107	0.00751	0.00765	0.00245	0.01167	0.00648	0.00368	0.01172
4	0.09268	0.14691	0.37115	0.02140	0.06337	0.05299	0.02309	0.02756	0.01808	0.08755	0.01570	0.01753	0.01152	0.00798	0.00725	0.00245	0.01065	0.00594	0.00440	0.01179
5	0.02021	0.08571	0.18096	0.11174	0.08526	0.16340	0.06946	0.02554	0.01922	0.02362	0.01900	0.03001	0.01697	0.01031	0.00840	0.00266	0.01163	0.10103	0.00447	0.01041
6	0.02138	0.05381	0.12791	0.07397	0.41748	0.01952	0.04823	0.02687	0.01900	0.08782	0.01700	0.02068	0.01324	0.00777	0.00812	0.00250	0.01014	0.00727	0.00458	0.01273
7	0.02414	0.02392	0.02723	0.18861	0.26651	0.21322	0.02083	0.02822	0.02022	0.08520	0.01626	0.02002	0.01266	0.00824	0.00804	0.00245	0.01140	0.00688	0.00466	0.01128
8	0.02097	0.15534	0.23433	0.02631	0.17324	0.02160	0.02177	0.03022	0.13130	0.07757	0.01930	0.02075	0.01465	0.00844	0.00763	0.00246	0.00964	0.00688	0.00509	0.01249
9	0.01003	0.00827	0.00859	0.00877	0.01113	0.00707	0.00635	0.01190	0.01809	0.02182	0.07581	0.13820	0.54520	0.07642	0.01249	0.00328	0.00457	0.01769	0.00750	0.00683
10	0.01333	0.00850	0.01104	0.01152	0.01329	0.00776	0.00842	0.01577	0.01904	0.08651	0.19144	0.37176	0.12555	0.02158	0.01017	0.00308	0.00496	0.06018	0.00829	0.00781
11	0.02877	0.07698	0.07731	0.02192	0.02722	0.55056	0.05024	0.03180	0.02247	0.02111	0.01315	0.01550	0.01079	0.00834	0.00753	0.00219	0.01437	0.00560	0.00417	0.00999
12	0.09212	0.02079	0.02435	0.12083	0.02831	0.14684	0.08492	0.02309	0.01694	0.02320	0.05275	0.02341	0.01638	0.06010	0.01645	0.00327	0.22500	0.00775	0.00441	0.00908
13	0.01096	0.00789	0.00971	0.01030	0.01132	0.00737	0.00692	0.01275	0.01724	0.02312	0.19571	0.31093	0.12848	0.18779	0.01795	0.00425	0.00530	0.01796	0.00742	0.00664
14	0.01038	0.00771	0.00958	0.01063	0.01182	0.00702	0.00733	0.01229	0.01758	0.02313	0.14539	0.44761	0.18667	0.04814	0.01145	0.00330	0.00467	0.02058	0.00783	0.00691
15	0.02911	0.08253	0.02511	0.11387	0.02923	0.28387	0.01633	0.17794	0.02587	0.11274	0.01738	0.01883	0.01289	0.00898	0.00775	0.00234	0.01146	0.00648	0.00592	0.01135
16	0.12104	0.01900	0.01680	0.01464	0.01896	0.14086	0.01153	0.08480	0.07750	0.12082	0.03898	0.03787	0.20204	0.01305	0.00918	0.00263	0.04322	0.00992	0.00701	0.01016
17	0.00986	0.00826	0.00858	0.00883	0.01133	0.00698	0.00650	0.01188	0.01854	0.02228	0.07911	0.16193	0.57413	0.02170	0.00992	0.00288	0.00429	0.01833	0.00771	0.00698
18	0.02194	0.02712	0.11418	0.07189	0.31055	0.17889	0.07119	0.02696	0.01980	0.02491	0.01618	0.02234	0.01362	0.00847	0.00828	0.00251	0.01173	0.03367	0.00422	0.01156
19	0.01157	0.00849	0.01092	0.01198	0.01326	0.00833	0.00873	0.03368	0.01697	0.02238	0.04567	0.39677	0.12566	0.06750	0.09568	0.00484	0.00763	0.09563	0.00716	0.00714
20	0.01818	0.01818	0.02545	0.02181	0.02181	0.02545	0.01818	0.01999	0.01272	0.01999	0.01091	0.01818	0.01091	0.01454	0.02726	0.00364	0.69284	0.00727	0.00364	0.00909
21	0.02582	0.01834	0.01972	0.01586	0.02073	0.02001	0.01265	0.43392	0.03157	0.04351	0.02321	0.06479	0.01925	0.08077	0.01145	0.00301	0.00794	0.00892	0.12675	0.01177
22	0.01075	0.00824	0.00923	0.00961	0.01131	0.00744	0.00679	0.01247	0.01710	0.02146	0.08981	0.16451	0.34664	0.18530	0.01778	0.00420	0.00544	0.05819	0.00714	0.00659
23	0.10017	0.06861	0.02569	0.04466	0.10857	0.17487	0.01661	0.29505	0.02828	0.03709	0.01622	0.01791	0.01239	0.00885	0.00762	0.00238	0.01037	0.00649	0.00607	0.01208

[dist]
# distance from previous block
# <min> <max>
0	1

[block]
# block no. 5 follows, 22 sequences, length 22
# corresponding to MSA columns:
# 448-469
name=unknown_F
#
# <colnr> <probs for GDERKNQSTAVLIFYWHMCP>
#	G	D	E	R	K	N	Q	S	T	A	V	L	I	F	Y	W	H	M	C	P
0	0.16888	0.02332	0.14790	0.03661	0.38855	0.01947	0.02274	0.02611	0.04012	0.02928	0.01534	0.01896	0.01227	0.00770	0.00755	0.00253	0.00952	0.00666	0.00436	0.01216
1	0.11774	0.03813	0.50168	0.02299	0.05941	0.06938	0.02646	0.02655	0.01761	0.02735	0.01434	0.01694	0.01045	0.00790	0.00751	0.00258	0.01160	0.00591	0.00381	0.01168
2	0.01930	0.01664	0.02445	0.03260	0.33517	0.01706	0.01849	0.02809	0.16587	0.05585	0.03156	0.03817	0.09271	0.01170	0.00882	0.00274	0.00808	0.07456	0.00620	0.01189
3	0.02206	0.05216	0.12240	0.03050	0.24766	0.10372	0.02070	0.03155	0.17036	0.05646	0.02000	0.02190	0.01556	0.00899	0.00885	0.00256	0.03951	0.00736	0.00534	0.01235
4	0.01149	0.00784	0.00966	0.01020	0.01092	0.00752	0.00667	0.01310	0.01633	0.02263	0.17569	0.28561	0.04951	0.27102	0.02168	0.00483	0.00574	0.01663	0.04650	0.00643
5	0.01576	0.02660	0.31199	0.09528	0.02991	0.01715	0.02158	0.04882	0.01755	0.02487	0.02476	0.15351	0.05868	0.01320	0.01117	0.00293	0.10063	0.01054	0.00483	0.01021
6	0.01861	0.16828	0.26656	0.01808	0.02569	0.08466	0.01931	0.02660	0.10126	0.02486	0.02775	0.03062	0.10587	0.01082	0.00785	0.00251	0.00974	0.03505	0.00504	0.01084
7	0.23360	0.01534	0.01882	0.02277	0.19464	0.01661	0.01392	0.06124	0.06550	0.03199	0.01896	0.02256	0.01530	0.01458	0.08253	0.00366	0.00889	0.00696	0.14175	0.01038
8	0.01319	0.01128	0.01626	0.02185	0.19216	0.01068	0.01266	0.01601	0.01797	0.02354	0.04956	0.26520	0.23501	0.01898	0.00975	0.00297	0.00625	0.06126	0.00670	0.00869
9	0.02099	0.02185	0.03743	0.04441	0.43771	0.06430	0.19731	0.02633	0.01943	0.02653	0.01578	0.02072	0.01283	0.00737	0.00863	0.00254	0.01140	0.00795	0.00415	0.01236
10	0.01699	0.01637	0.02745	0.03339	0.31849	0.01657	0.09907	0.02113	0.01799	0.02470	0.03142	0.03511	0.15686	0.01636	0.07602	0.00375	0.06264	0.01013	0.00493	0.01065
11	0.01416	0.01151	0.01201	0.01095	0.01444	0.01114	0.00847	0.10318	0.08643	0.02868	0.10706	0.06518	0.45947	0.01819	0.00946	0.00275	0.00514	0.01510	0.00797	0.00871
12	0.01232	0.00977	0.01384	0.01370	0.01478	0.01146	0.01046	0.01465	0.01390	0.01968	0.02787	0.15375	0.05368	0.08451	0.40502	0.00951	0.10677	0.01187	0.00510	0.00737
13	0.02407	0.02504	0.02325	0.02633	0.19208	0.26311	0.01611	0.10594	0.02182	0.02551	0.01751	0.02591	0.01616	0.16396	0.01553	0.00359	0.01128	0.00768	0.00494	0.01016
14	0.02064	0.11581	0.09912	0.03583	0.29936	0.06136	0.15657	0.02595	0.01885	0.02551	0.01506	0.01918	0.01224	0.00732	0.00799	0.00238	0.01100	0.00715	0.00405	0.05463
15	0.01631	0.01682	0.01418	0.01426	0.01636	0.19422	0.01044	0.01839	0.01790	0.02071	0.03679	0.27170	0.12021	0.02856	0.15837	0.00518	0.01147	0.01435	0.00602	0.00774
16	0.01203	0.00823	0.00996	0.00993	0.01029	0.00848	0.00616	0.01275	0.01281	0.01745	0.05236	0.05060	0.03050	0.55656	0.16020	0.00882	0.01055	0.01161	0.00510	0.00560
17	0.02082	0.15035	0.02608	0.05598	0.02323	0.11589	0.04681	0.06278	0.01823	0.02438	0.01582	0.02031	0.01344	0.01273	0.04516	0.00308	0.19335	0.00678	0.13517	0.00960
18	0.01834	0.02554	0.20080	0.02486	0.14380	0.11175	0.02008	0.02496	0.06612	0.02500	0.02368	0.09764	0.02232	0.01620	0.06082	0.00361	0.01121	0.08752	0.00515	0.01058
19	0.02145	0.01790	0.02325	0.02308	0.13499	0.05723	0.06124	0.16705	0.02195	0.03009	0.01801	0.05091	0.01551	0.01305	0.01332	0.13748	0.04247	0.00788	0.04807	0.09507
20	0.01338	0.01123	0.06157	0.01202	0.01479	0.00908	0.01056	0.01737	0.01912	0.02773	0.14944	0.09302	0.11179	0.01694	0.00908	0.00285	0.00576	0.19013	0.21618	0.00795
21	0.01948	0.01374	0.01571	0.01424	0.01766	0.01459	0.01138	0.23935	0.02514	0.03472	0.03365	0.15790	0.06754	0.01928	0.05682	0.00357	0.00792	0.10745	0.13004	0.00982

[dist]
# distance from previous block
# <min> <max>
2	62

[block]
# block no. 6 follows, 22 sequences, length 81
# corresponding to MSA columns:
# 532-612
name=unknown_G
#
# <colnr> <probs for GDERKNQSTAVLIFYWHMCP>
#	G	D	E	R	K	N	Q	S	T	A	V	L	I	F	Y	W	H	M	C	P
0	0.02709	0.22786	0.02949	0.01936	0.04829	0.23776	0.01551	0.14741	0.02355	0.06190	0.01535	0.01730	0.01242	0.01091	0.03462	0.00266	0.04629	0.00599	0.00516	0.01109
1	0.01055	0.00852	0.00983	0.00972	0.01212	0.00780	0.00736	0.01314	0.01867	0.02375	0.17213	0.06773	0.43064	0.02824	0.13737	0.00479	0.00762	0.01544	0.00734	0.00724
2	0.02080	0.02407	0.07156	0.09240	0.15391	0.14823	0.20361	0.02594	0.01931	0.02483	0.01617	0.02092	0.01288	0.01034	0.04064	0.00298	0.01251	0.00761	0.04237	0.04893
3	0.02482	0.09968	0.14984	0.09803	0.08843	0.23566	0.02028	0.13562	0.02331	0.02786	0.01485	0.01751	0.01154	0.00841	0.00766	0.00236	0.01191	0.00621	0.00470	0.01132
4	0.09579	0.01569	0.04375	0.11633	0.02432	0.01580	0.01324	0.16387	0.05431	0.06331	0.03710	0.13817	0.15633	0.01431	0.00865	0.00277	0.00734	0.01187	0.00697	0.01008
5	0.01038	0.00814	0.00939	0.00971	0.01172	0.00715	0.00704	0.01278	0.01933	0.02486	0.21690	0.22985	0.36065	0.02126	0.01001	0.00290	0.00429	0.01841	0.00807	0.00715
6	0.02225	0.02631	0.14950	0.06921	0.16380	0.09081	0.02175	0.14440	0.02157	0.02926	0.01492	0.01883	0.01194	0.00982	0.01246	0.00276	0.16715	0.00693	0.00471	0.01164
7	0.05367	0.01459	0.02095	0.20659	0.03069	0.01587	0.08315	0.11948	0.02078	0.02889	0.03102	0.03437	0.13667	0.01568	0.06614	0.00355	0.00971	0.00965	0.08903	0.00950
8	0.01015	0.00849	0.00887	0.00895	0.01166	0.00722	0.00683	0.01246	0.01920	0.02319	0.11284	0.07982	0.58373	0.02094	0.00992	0.00286	0.00441	0.05358	0.00779	0.00710
9	0.03069	0.07067	0.02484	0.02058	0.02548	0.51343	0.01591	0.15070	0.02628	0.02664	0.01418	0.01588	0.01138	0.00877	0.00754	0.00219	0.01351	0.00573	0.00504	0.01057
10	0.02815	0.32327	0.03091	0.01648	0.02252	0.20513	0.01419	0.03191	0.05367	0.17327	0.01814	0.01828	0.01381	0.00849	0.00681	0.00212	0.01002	0.00589	0.00562	0.01133
11	0.01152	0.00782	0.00923	0.00978	0.00992	0.00768	0.00581	0.01193	0.01319	0.01758	0.03184	0.24153	0.03735	0.51113	0.03314	0.00670	0.00712	0.01541	0.00581	0.00553
12	0.01076	0.00770	0.00925	0.01021	0.01088	0.00724	0.00656	0.01180	0.01503	0.01962	0.04480	0.38171	0.13750	0.26299	0.02153	0.00492	0.00585	0.01867	0.00678	0.00619
13	0.01205	0.00817	0.00966	0.00966	0.00986	0.00838	0.00578	0.01246	0.01226	0.01655	0.02563	0.05134	0.02889	0.61820	0.13033	0.00879	0.01003	0.01164	0.00495	0.00537
14	0.01964	0.25683	0.02768	0.02042	0.14363	0.02036	0.01372	0.05899	0.01762	0.05434	0.01974	0.06187	0.01933	0.17964	0.04956	0.00418	0.00928	0.00845	0.00491	0.00983
15	0.01061	0.00764	0.01015	0.01199	0.01280	0.00719	0.00851	0.01244	0.01653	0.02182	0.04727	0.58136	0.08119	0.02533	0.01070	0.00342	0.00522	0.11122	0.00770	0.00690
16	0.01243	0.00921	0.01214	0.01192	0.01251	0.01038	0.00834	0.01379	0.01281	0.01791	0.02436	0.07600	0.02621	0.36804	0.27961	0.00944	0.07265	0.01104	0.00483	0.00638
17	0.01666	0.04297	0.66500	0.02368	0.03596	0.01929	0.03069	0.02631	0.01754	0.02631	0.01491	0.01754	0.01052	0.00789	0.00789	0.00263	0.01228	0.00614	0.00351	0.01228
18	0.01818	0.14864	0.02227	0.01267	0.02000	0.01525	0.01068	0.02168	0.01716	0.02563	0.01415	0.01648	0.01199	0.00634	0.00599	0.00134	0.00668	0.00483	0.00466	0.61539
19	0.05645	0.30175	0.09587	0.01960	0.02544	0.15156	0.07253	0.02588	0.01761	0.02189	0.01249	0.01574	0.01080	0.00879	0.01025	0.00239	0.13102	0.00577	0.00383	0.01032
20	0.01208	0.00805	0.00906	0.00906	0.00906	0.00805	0.00503	0.01208	0.01208	0.01611	0.02618	0.05436	0.03020	0.70804	0.04228	0.00805	0.00805	0.01208	0.00503	0.00503
21	0.01187	0.00890	0.01335	0.01335	0.01483	0.01038	0.01038	0.01483	0.01335	0.01928	0.02225	0.03264	0.02077	0.06231	0.67512	0.01335	0.02225	0.00890	0.00445	0.00742
22	0.03103	0.03959	0.02354	0.02140	0.02568	0.67469	0.01605	0.03317	0.02354	0.02033	0.01284	0.01498	0.01070	0.00856	0.00749	0.00214	0.01498	0.00535	0.00428	0.00963
23	0.02437	0.01460	0.01696	0.01418	0.01836	0.01526	0.01132	0.23280	0.02522	0.15622	0.02593	0.03236	0.02085	0.08599	0.08723	0.00425	0.00901	0.03857	0.15565	0.01087
24	0.02908	0.02203	0.02352	0.01861	0.02481	0.02460	0.01519	0.49474	0.17691	0.04833	0.02312	0.02247	0.01670	0.01027	0.00834	0.00257	0.00855	0.00792	0.00834	0.01390
25	0.00992	0.00801	0.00884	0.00951	0.01151	0.00692	0.00680	0.01180	0.01789	0.02201	0.07088	0.29536	0.44601	0.02276	0.01009	0.00300	0.00442	0.01964	0.00771	0.00692
26	0.02190	0.02096	0.03528	0.03400	0.21409	0.02243	0.21385	0.14037	0.02177	0.03039	0.01590	0.02056	0.01272	0.00918	0.01252	0.00281	0.14636	0.00816	0.00485	0.01191
27	0.02001	0.01917	0.03272	0.12348	0.58806	0.01959	0.02522	0.02501	0.01865	0.02647	0.01553	0.02074	0.01292	0.00750	0.00823	0.00250	0.01001	0.00740	0.00406	0.01271
28	0.02060	0.02197	0.14547	0.05812	0.15070	0.01819	0.01892	0.19837	0.02478	0.03444	0.08611	0.03212	0.05837	0.01103	0.00849	0.00260	0.00881	0.04203	0.04730	0.01158
29	0.03106	0.03878	0.02361	0.02129	0.02569	0.64236	0.01604	0.06284	0.02432	0.02193	0.01320	0.01523	0.01087	0.00863	0.00753	0.00216	0.01469	0.00546	0.00448	0.00985
30	0.02509	0.02133	0.02726	0.03296	0.31045	0.07712	0.01940	0.19999	0.06037	0.07328	0.02037	0.05843	0.01667	0.00966	0.00834	0.00252	0.00947	0.00831	0.00615	0.01284
31	0.00982	0.00842	0.00842	0.00842	0.01122	0.00701	0.00631	0.01192	0.01894	0.02244	0.08416	0.07995	0.65285	0.02104	0.00982	0.00281	0.00421	0.01753	0.00771	0.00701
32	0.05704	0.01278	0.04259	0.08191	0.01965	0.01235	0.04399	0.07878	0.01915	0.03062	0.02584	0.02952	0.05378	0.01084	0.00814	0.03992	0.00638	0.00808	0.40992	0.00872
33	0.01187	0.00890	0.01335	0.01335	0.01483	0.01038	0.01038	0.01483	0.01335	0.01928	0.02225	0.03264	0.02077	0.06231	0.67512	0.01335	0.02225	0.00890	0.00445	0.00742
34	0.02056	0.01974	0.03372	0.05099	0.65622	0.01974	0.02550	0.02550	0.01892	0.02714	0.01563	0.02056	0.01316	0.00740	0.00822	0.00247	0.00987	0.00740	0.00411	0.01316
35	0.02170	0.03026	0.24819	0.15291	0.09260	0.10741	0.05438	0.14015	0.02246	0.02956	0.01572	0.01906	0.01168	0.00836	0.00812	0.00256	0.01168	0.00683	0.00464	0.01172
36	0.01012	0.00723	0.00964	0.01157	0.01205	0.00675	0.00771	0.01157	0.01591	0.02121	0.04579	0.70262	0.05495	0.02603	0.01060	0.00337	0.00482	0.02362	0.00771	0.00675
37	0.01187	0.00890	0.01335	0.01335	0.01483	0.01038	0.01038	0.01483	0.01335	0.01928	0.02225	0.03264	0.02077	0.06231	0.67512	0.01335	0.02225	0.00890	0.00445	0.00742
38	0.01918	0.34672	0.38328	0.01939	0.02932	0.02545	0.02322	0.02566	0.01724	0.02324	0.01339	0.01563	0.01059	0.00754	0.00673	0.00224	0.01074	0.00537	0.00353	0.01154
39	0.01952	0.02078	0.04204	0.03877	0.23292	0.01990	0.40070	0.02568	0.01936	0.02667	0.01813	0.02626	0.01496	0.00812	0.00941	0.00276	0.01232	0.04572	0.00439	0.01159
40	0.01193	0.00864	0.01204	0.01204	0.01307	0.00967	0.00875	0.01399	0.01296	0.01831	0.02345	0.03927	0.02365	0.25958	0.48179	0.01173	0.01791	0.00987	0.00463	0.00669
41	0.02540	0.02971	0.02366	0.02103	0.02388	0.37567	0.01646	0.02986	0.09008	0.02186	0.01456	0.01791	0.01244	0.01094	0.01444	0.00273	0.24852	0.00647	0.00453	0.00984
42	0.02575	0.20087	0.05707	0.02675	0.17808	0.28971	0.01847	0.06593	0.02149	0.02402	0.01372	0.01634	0.01149	0.00798	0.00720	0.00217	0.01176	0.00579	0.00428	0.01113
43	0.01170	0.00964	0.01072	0.04774	0.01484	0.00886	0.00804	0.04837	0.02067	0.02579	0.16551	0.07044	0.48999	0.01905	0.00964	0.00276	0.00483	0.01599	0.00775	0.00768
44	0.01339	0.00956	0.01339	0.01530	0.01721	0.00956	0.01339	0.01721	0.01912	0.02486	0.04399	0.09371	0.04781	0.02295	0.01147	0.00382	0.00765	0.60031	0.00765	0.00765
45	0.00982	0.00842	0.00842	0.00842	0.01122	0.00701	0.00631	0.01192	0.01894	0.02244	0.08416	0.07995	0.65285	0.02104	0.00982	0.00281	0.00421	0.01753	0.00771	0.00701
46	0.02056	0.01974	0.03372	0.05099	0.65622	0.01974	0.02550	0.02550	0.01892	0.02714	0.01563	0.02056	0.01316	0.00740	0.00822	0.00247	0.00987	0.00740	0.00411	0.01316
47	0.03158	0.02327	0.02493	0.01911	0.02576	0.02576	0.01579	0.62852	0.03906	0.05236	0.01995	0.01995	0.01413	0.00997	0.00831	0.00249	0.00914	0.00748	0.00831	0.01413
48	0.02081	0.01911	0.03090	0.17911	0.46061	0.02016	0.02389	0.09323	0.02073	0.02879	0.01594	0.02082	0.01284	0.00788	0.00825	0.00253	0.01004	0.00741	0.00450	0.01246
49	0.01575	0.01419	0.01523	0.01380	0.01645	0.05041	0.01075	0.05795	0.11245	0.02550	0.07129	0.04976	0.27905	0.05847	0.04980	0.00375	0.12755	0.01234	0.00669	0.00883
50	0.01024	0.00843	0.00900	0.00885	0.01148	0.00719	0.00664	0.01273	0.01992	0.02479	0.20664	0.07609	0.52891	0.02016	0.00981	0.00276	0.00415	0.01699	0.00802	0.00719
51	0.02001	0.01917	0.03272	0.12348	0.58806	0.01959	0.02522	0.02501	0.01865	0.02647	0.01553	0.02074	0.01292	0.00750	0.00823	0.00250	0.01001	0.00740	0.00406	0.01271
52	0.01030	0.00735	0.00984	0.01177	0.01232	0.00690	0.00801	0.01187	0.01608	0.02140	0.04569	0.67014	0.05456	0.02586	0.01065	0.00340	0.00497	0.05438	0.00771	0.00680
53	0.03103	0.03959	0.02354	0.02140	0.02568	0.67469	0.01605	0.03317	0.02354	0.02033	0.01284	0.01498	0.01070	0.00856	0.00749	0.00214	0.01498	0.00535	0.00428	0.00963
54	0.02091	0.25655	0.24021	0.02708	0.18306	0.09068	0.02252	0.02634	0.01827	0.02369	0.01377	0.01664	0.01124	0.00758	0.00709	0.00226	0.01085	0.00581	0.00375	0.01170
55	0.01623	0.03829	0.56669	0.02384	0.06766	0.01811	0.02810	0.02485	0.01762	0.02593	0.01999	0.05095	0.04687	0.00936	0.00813	0.00266	0.01139	0.00758	0.00395	0.01180
56	0.01208	0.00874	0.01121	0.01221	0.01376	0.00841	0.00959	0.01471	0.01797	0.02348	0.11495	0.14893	0.13815	0.14505	0.01646	0.00425	0.00648	0.27922	0.00736	0.00701
57	0.01054	0.00835	0.00948	0.00939	0.01171	0.00729	0.00697	0.01325	0.02036	0.02628	0.28656	0.12099	0.39945	0.01995	0.00987	0.00278	0.00415	0.01709	0.00823	0.00729
58	0.02046	0.02650	0.24121	0.07016	0.18779	0.01904	0.05778	0.11705	0.02127	0.06044	0.01885	0.05903	0.01528	0.01134	0.03452	0.00305	0.01094	0.00815	0.00504	0.01212
59	0.01187	0.00890	0.01335	0.01335	0.01483	0.01038	0.01038	0.01483	0.01335	0.01928	0.02225	0.03264	0.02077	0.06231	0.67512	0.01335	0.02225	0.00890	0.00445	0.00742
60	0.01012	0.00723	0.00964	0.01157	0.01205	0.00675	0.00771	0.01157	0.01591	0.02121	0.04579	0.70262	0.05495	0.02603	0.01060	0.00337	0.00482	0.02362	0.00771	0.00675
61	0.01012	0.00723	0.00964	0.01157	0.01205	0.00675	0.00771	0.01157	0.01591	0.02121	0.04579	0.70262	0.05495	0.02603	0.01060	0.00337	0.00482	0.02362	0.00771	0.00675
62	0.01566	0.01200	0.01314	0.01216	0.01530	0.01189	0.00922	0.17474	0.02337	0.02999	0.05602	0.24530	0.31008	0.01957	0.00965	0.00289	0.00569	0.01665	0.00787	0.00882
