[name]
unknown

[dist]
# distance from previous block
# <min> <max>
0	0

[block]
# block no. 0 follows, 22 sequences, length 9
# corresponding to MSA columns:
# 0-8
name=unknown_A
#
# <colnr> <probs for GDERKNQSTAVLIFYWHMCP>
#	G	D	E	R	K	N	Q	S	T	A	V	L	I	F	Y	W	H	M	C	P
0	0.01339	0.00956	0.01339	0.01530	0.01721	0.00956	0.01339	0.01721	0.01912	0.02486	0.04399	0.09371	0.04781	0.02295	0.01147	0.00382	0.00765	0.60031	0.00765	0.00765
1	0.01057	0.00889	0.00991	0.01010	0.01233	0.00823	0.00765	0.01266	0.01811	0.02225	0.07161	0.17175	0.48845	0.02152	0.01108	0.00300	0.04583	0.05147	0.00747	0.00713
2	0.02811	0.02444	0.02121	0.01804	0.02334	0.21400	0.01414	0.13447	0.22895	0.13658	0.02428	0.02336	0.01778	0.00986	0.00802	0.00245	0.00955	0.00750	0.00733	0.04659
3	0.02184	0.01642	0.02138	0.01578	0.02266	0.01439	0.06990	0.12491	0.02230	0.10636	0.06087	0.02250	0.01806	0.00809	0.00737	0.00184	0.00736	0.00690	0.00633	0.42473
4	0.26968	0.02286	0.02065	0.01673	0.02261	0.10010	0.01362	0.36250	0.02915	0.04369	0.01639	0.01727	0.01206	0.00907	0.00719	0.00248	0.00895	0.00626	0.00681	0.01193
5	0.60826	0.01565	0.01375	0.01176	0.01718	0.01724	0.00969	0.02791	0.01623	0.17298	0.01617	0.01671	0.01151	0.00827	0.00584	0.00257	0.00657	0.00534	0.00626	0.01011
6	0.01787	0.18853	0.53000	0.02162	0.03278	0.02224	0.02711	0.02600	0.01740	0.02484	0.01418	0.01662	0.01055	0.00772	0.00734	0.00245	0.01154	0.00577	0.00352	0.01193
7	0.22451	0.01612	0.02337	0.37311	0.04071	0.01950	0.06661	0.02240	0.01572	0.02596	0.01361	0.01932	0.01060	0.00874	0.00969	0.00281	0.08701	0.00676	0.00413	0.00931
8	0.01154	0.00874	0.00999	0.00989	0.01163	0.00822	0.00690	0.01469	0.05179	0.02429	0.21599	0.12541	0.24597	0.19724	0.01819	0.00416	0.00531	0.01559	0.00745	0.00703

[dist]
# distance from previous block
# <min> <max>
0	3

[block]
# block no. 1 follows, 22 sequences, length 29
# corresponding to MSA columns:
# 12-40
name=unknown_B
#
# <colnr> <probs for GDERKNQSTAVLIFYWHMCP>
#	G	D	E	R	K	N	Q	S	T	A	V	L	I	F	Y	W	H	M	C	P
0	0.01878	0.32241	0.37668	0.01915	0.02882	0.02450	0.02281	0.02526	0.01752	0.02377	0.04057	0.01767	0.01347	0.00795	0.00690	0.00227	0.01050	0.00581	0.00377	0.01141
1	0.02597	0.20879	0.02800	0.01753	0.02341	0.12212	0.01468	0.21722	0.19755	0.03397	0.02049	0.02050	0.01580	0.00936	0.00743	0.00234	0.00922	0.00688	0.00648	0.01226
2	0.01693	0.07533	0.63499	0.02322	0.03525	0.01995	0.02990	0.02624	0.01751	0.02598	0.01475	0.01734	0.01053	0.00785	0.00777	0.00259	0.01211	0.00606	0.00351	0.01220
3	0.01569	0.01477	0.02492	0.68808	0.05722	0.01846	0.02307	0.02123	0.01661	0.02123	0.01477	0.02215	0.01107	0.00831	0.00831	0.00277	0.01107	0.00738	0.00369	0.00923
4	0.01569	0.01477	0.02492	0.68808	0.05722	0.01846	0.02307	0.02123	0.01661	0.02123	0.01477	0.02215	0.01107	0.00831	0.00831	0.00277	0.01107	0.00738	0.00369	0.00923
5	0.02546	0.01993	0.02157	0.01703	0.02330	0.02118	0.01378	0.33563	0.20107	0.04203	0.02267	0.02242	0.01684	0.00951	0.00788	0.00231	0.00779	0.00746	0.00762	0.17453
6	0.01416	0.00809	0.00942	0.00942	0.01105	0.00850	0.00700	0.01742	0.01579	0.02633	0.02567	0.03364	0.02199	0.09015	0.19456	0.00567	0.00936	0.00847	0.47590	0.00740
7	0.01205	0.00788	0.00904	0.00938	0.00964	0.00780	0.00557	0.01266	0.01324	0.01837	0.02968	0.16530	0.03370	0.52481	0.03340	0.00667	0.00710	0.01369	0.07443	0.00558
8	0.01979	0.01895	0.03233	0.15188	0.56136	0.01954	0.02511	0.02482	0.01855	0.02620	0.01549	0.02081	0.01283	0.00755	0.00824	0.00252	0.01006	0.00740	0.00405	0.01254
9	0.01220	0.00879	0.01284	0.01284	0.01436	0.01014	0.00996	0.01525	0.01373	0.02036	0.02270	0.03248	0.02082	0.05746	0.61354	0.01230	0.02056	0.00879	0.07343	0.00745
10	0.01166	0.00788	0.00919	0.00960	0.00971	0.00777	0.00561	0.01197	0.01291	0.01721	0.03041	0.19423	0.03554	0.56089	0.03545	0.00704	0.00736	0.01457	0.00561	0.00540
11	0.01021	0.00826	0.00907	0.00923	0.01155	0.00712	0.00678	0.01255	0.01933	0.02422	0.18086	0.16460	0.46514	0.02101	0.00993	0.00285	0.00424	0.01794	0.00797	0.00712
12	0.02002	0.01640	0.01724	0.01503	0.01963	0.01798	0.01183	0.16131	0.33901	0.03514	0.04476	0.04216	0.19667	0.01370	0.00880	0.00274	0.00647	0.01123	0.00822	0.01166
13	0.01066	0.00746	0.00948	0.01087	0.01122	0.00711	0.00697	0.01171	0.01485	0.01980	0.04036	0.52314	0.04809	0.21486	0.01937	0.00467	0.00572	0.02042	0.00697	0.00627
14	0.01114	0.00792	0.01063	0.01244	0.01328	0.00760	0.00911	0.01315	0.01656	0.02190	0.04410	0.49601	0.05148	0.06666	0.01277	0.00378	0.00579	0.18125	0.00753	0.00689
15	0.01166	0.00788	0.00919	0.00960	0.00971	0.00777	0.00561	0.01197	0.01291	0.01721	0.03041	0.19423	0.03554	0.56089	0.03545	0.00704	0.00736	0.01457	0.00561	0.00540
16	0.01004	0.00756	0.00930	0.01069	0.01182	0.00682	0.00732	0.01167	0.01674	0.02155	0.05641	0.53022	0.22049	0.02465	0.01039	0.00322	0.00465	0.02193	0.00771	0.00682
17	0.01111	0.00765	0.00935	0.01030	0.01054	0.00741	0.00636	0.01183	0.01397	0.01863	0.03587	0.37477	0.04243	0.37095	0.02663	0.00574	0.00646	0.01778	0.00636	0.00588
18	0.01300	0.01019	0.01197	0.01199	0.01454	0.01005	0.00946	0.01925	0.11832	0.02733	0.20132	0.07007	0.23532	0.05089	0.01152	0.00326	0.00554	0.15969	0.00804	0.00825
19	0.01021	0.00739	0.00949	0.01113	0.01180	0.00685	0.00743	0.01163	0.01597	0.02103	0.04828	0.60647	0.10994	0.06490	0.01236	0.00359	0.00495	0.02238	0.00756	0.00667
20	0.01494	0.01159	0.01431	0.01508	0.01767	0.01226	0.01247	0.02390	0.19106	0.02715	0.04320	0.13173	0.07035	0.01991	0.01048	0.00346	0.00693	0.35657	0.00788	0.00906
21	0.01648	0.01197	0.01436	0.01414	0.01651	0.01238	0.01068	0.18311	0.02273	0.03030	0.03840	0.43492	0.04272	0.02118	0.01008	0.00319	0.00638	0.09368	0.00787	0.00891
22	0.00988	0.00817	0.00867	0.00907	0.01139	0.00696	0.00660	0.01185	0.01830	0.02218	0.07616	0.20975	0.52821	0.02208	0.00998	0.00292	0.00434	0.01880	0.00771	0.00696
23	0.01030	0.00735	0.00984	0.01177	0.01232	0.00690	0.00801	0.01187	0.01608	0.02140	0.04569	0.67018	0.05456	0.02586	0.01065	0.00340	0.00497	0.05434	0.00771	0.00680
24	0.01677	0.01688	0.03159	0.50726	0.05340	0.01916	0.19002	0.02272	0.01744	0.02272	0.01533	0.02222	0.01150	0.00794	0.00872	0.00278	0.01189	0.00805	0.00383	0.00978
25	0.02346	0.02524	0.03090	0.04280	0.48164	0.20108	0.02288	0.02762	0.02020	0.02526	0.01486	0.01902	0.01248	0.00772	0.00802	0.00238	0.01128	0.00683	0.00416	0.01218
26	0.01825	0.03190	0.33338	0.02978	0.03997	0.02022	0.35121	0.02647	0.01865	0.02647	0.01593	0.02016	0.01164	0.00741	0.00892	0.00272	0.01321	0.00811	0.00388	0.01170
27	0.02282	0.02402	0.03152	0.04461	0.52018	0.16105	0.02346	0.02715	0.01991	0.02567	0.01503	0.01936	0.01263	0.00765	0.00807	0.00240	0.01097	0.00696	0.00415	0.01240
28	0.01786	0.18754	0.53091	0.02164	0.03280	0.02222	0.02714	0.02600	0.01740	0.02485	0.01418	0.01663	0.01055	0.00772	0.00734	0.00245	0.01155	0.00577	0.00352	0.01193

[dist]
# distance from previous block
# <min> <max>
2	3

[block]
# block no. 2 follows, 22 sequences, length 17
# corresponding to MSA columns:
# 44-60
name=unknown_C
#
# <colnr> <probs for GDERKNQSTAVLIFYWHMCP>
#	G	D	E	R	K	N	Q	S	T	A	V	L	I	F	Y	W	H	M	C	P
0	0.02050	0.03509	0.47778	0.02137	0.03173	0.01833	0.02546	0.03089	0.09875	0.12989	0.02022	0.02100	0.01405	0.00871	0.00804	0.00265	0.01070	0.00691	0.00524	0.01269
1	0.01459	0.01324	0.01646	0.02081	0.15727	0.05552	0.01319	0.01772	0.01904	0.02387	0.05047	0.11734	0.26023	0.01807	0.00980	0.00300	0.00714	0.16685	0.00666	0.00870
2	0.07644	0.02471	0.02348	0.02184	0.09547	0.19539	0.01572	0.22936	0.02760	0.17942	0.01997	0.02020	0.01426	0.00924	0.00790	0.00242	0.01015	0.00692	0.00701	0.01250
3	0.02691	0.02900	0.02710	0.02243	0.02708	0.30398	0.09459	0.15776	0.06589	0.02887	0.01595	0.01858	0.01269	0.00981	0.01122	0.00259	0.12235	0.00696	0.00530	0.01094
4	0.01707	0.01723	0.03234	0.46686	0.08324	0.01926	0.19796	0.02300	0.01760	0.02308	0.01540	0.02214	0.01162	0.00788	0.00874	0.00276	0.01186	0.00809	0.00386	0.01000
5	0.03264	0.02795	0.02215	0.01872	0.02406	0.33425	0.01464	0.12463	0.05491	0.23226	0.02130	0.02075	0.01507	0.00945	0.00794	0.00236	0.01117	0.00682	0.00701	0.01192
6	0.02056	0.01974	0.03372	0.05099	0.65622	0.01974	0.02550	0.02550	0.01892	0.02714	0.01563	0.02056	0.01316	0.00740	0.00822	0.00247	0.00987	0.00740	0.00411	0.01316
7	0.01247	0.00895	0.01217	0.01305	0.01487	0.00864	0.01070	0.01615	0.02064	0.02798	0.28911	0.12920	0.06070	0.02079	0.01073	0.00330	0.00592	0.31873	0.00826	0.00765
8	0.03103	0.03959	0.02354	0.02140	0.02568	0.67469	0.01605	0.03317	0.02354	0.02033	0.01284	0.01498	0.01070	0.00856	0.00749	0.00214	0.01498	0.00535	0.00428	0.00963
9	0.01012	0.00723	0.00964	0.01157	0.01205	0.00675	0.00771	0.01157	0.01591	0.02121	0.04579	0.70262	0.05495	0.02603	0.01060	0.00337	0.00482	0.02362	0.00771	0.00675
10	0.01569	0.01477	0.02492	0.68808	0.05722	0.01846	0.02307	0.02123	0.01661	0.02123	0.01477	0.02215	0.01107	0.00831	0.00831	0.00277	0.01107	0.00738	0.00369	0.00923
11	0.02028	0.02282	0.04560	0.03671	0.13204	0.05132	0.50993	0.02675	0.01969	0.02640	0.01645	0.02179	0.01260	0.00713	0.00947	0.00272	0.01345	0.00925	0.00419	0.01142
12	0.02905	0.03223	0.02286	0.01985	0.02484	0.42726	0.01527	0.15126	0.10087	0.02880	0.01689	0.01803	0.01325	0.00902	0.00769	0.00224	0.01228	0.00623	0.00562	0.05646
13	0.01827	0.23719	0.48487	0.02094	0.03171	0.02323	0.02592	0.02589	0.01735	0.02435	0.01393	0.01632	0.01056	0.00767	0.00715	0.00238	0.01129	0.00565	0.00352	0.01181
14	0.03029	0.03836	0.02365	0.02143	0.02546	0.63740	0.01617	0.03242	0.02292	0.02031	0.01273	0.01516	0.01071	0.00890	0.00863	0.00223	0.05392	0.00546	0.00424	0.00960
15	0.01256	0.05597	0.01537	0.01341	0.01527	0.01189	0.01064	0.01551	0.01359	0.01930	0.02154	0.03135	0.02009	0.05862	0.63034	0.01258	0.02136	0.00860	0.00439	0.00763
16	0.01746	0.01663	0.02484	0.61249	0.05365	0.05533	0.02226	0.05690	0.01829	0.02297	0.01496	0.02162	0.01123	0.00842	0.00826	0.00272	0.01118	0.00728	0.00399	0.00953

[dist]
# distance from previous block
# <min> <max>
0	1

[block]
# block no. 3 follows, 22 sequences, length 36
# corresponding to MSA columns:
# 62-97
name=unknown_D
#
# <colnr> <probs for GDERKNQSTAVLIFYWHMCP>
#	G	D	E	R	K	N	Q	S	T	A	V	L	I	F	Y	W	H	M	C	P
0	0.03000	0.11837	0.02588	0.02056	0.02517	0.59962	0.01584	0.03220	0.02276	0.02024	0.01269	0.01479	0.01070	0.00839	0.00724	0.00210	0.01427	0.00524	0.00420	0.00975
1	0.01327	0.00987	0.01202	0.01084	0.01296	0.00932	0.00743	0.01485	0.01361	0.01948	0.02252	0.04038	0.02370	0.38905	0.18068	0.00764	0.01090	0.00962	0.00487	0.18698
2	0.02630	0.02190	0.17415	0.01740	0.02443	0.01615	0.01674	0.06399	0.16597	0.28976	0.02900	0.07261	0.02134	0.01101	0.00842	0.00269	0.00815	0.00908	0.00795	0.01295
3	0.01208	0.00805	0.00906	0.00906	0.00906	0.00805	0.00503	0.01208	0.01208	0.01611	0.02618	0.05436	0.03020	0.70804	0.04228	0.00805	0.00805	0.01208	0.00503	0.00503
4	0.28368	0.01986	0.01709	0.01512	0.01981	0.11857	0.01230	0.17872	0.02316	0.03537	0.02502	0.03355	0.06962	0.01193	0.00770	0.00270	0.00845	0.10089	0.00643	0.01004
5	0.01189	0.00882	0.01293	0.01293	0.01426	0.01015	0.00986	0.01456	0.01323	0.01897	0.02264	0.03478	0.02170	0.12612	0.61258	0.01283	0.02085	0.00922	0.00451	0.00718
6	0.01084	0.00791	0.01037	0.01207	0.01315	0.00743	0.00887	0.01292	0.01701	0.02220	0.04986	0.48826	0.12322	0.02473	0.01071	0.00341	0.00541	0.15695	0.00770	0.00699
7	0.01569	0.01477	0.02492	0.68808	0.05722	0.01846	0.02307	0.02123	0.01661	0.02123	0.01477	0.02215	0.01107	0.00831	0.00831	0.00277	0.01107	0.00738	0.00369	0.00923
8	0.02116	0.16769	0.39422	0.02136	0.03074	0.17955	0.02408	0.02769	0.01886	0.02360	0.01378	0.01613	0.01059	0.00791	0.00732	0.00235	0.01229	0.00563	0.00370	0.01134
9	0.00993	0.00842	0.00857	0.00853	0.01129	0.00706	0.00640	0.01213	0.01919	0.02305	0.11596	0.07895	0.62066	0.02081	0.00982	0.00279	0.00419	0.01739	0.00779	0.00706
10	0.03145	0.02720	0.02460	0.01966	0.02574	0.18192	0.01585	0.48526	0.03533	0.04465	0.01824	0.01875	0.01330	0.00963	0.00811	0.00241	0.01055	0.00697	0.00734	0.01305
11	0.01329	0.01056	0.01455	0.06156	0.01681	0.01260	0.01053	0.01509	0.01298	0.01831	0.02133	0.03790	0.02208	0.30164	0.27161	0.00889	0.12913	0.00975	0.00449	0.00690
12	0.01058	0.00742	0.00950	0.01098	0.01135	0.00705	0.00709	0.01169	0.01502	0.02002	0.04123	0.55195	0.04919	0.18455	0.01797	0.00446	0.00557	0.02094	0.00709	0.00635
13	0.02030	0.01947	0.03324	0.08561	0.62367	0.01967	0.02536	0.02526	0.01879	0.02682	0.01558	0.02065	0.01305	0.00745	0.00823	0.00248	0.00993	0.00740	0.00409	0.01295
14	0.01187	0.00890	0.01335	0.01335	0.01483	0.01038	0.01038	0.01483	0.01335	0.01928	0.02225	0.03264	0.02077	0.06231	0.67512	0.01335	0.02225	0.00890	0.00445	0.00742
15	0.02371	0.33861	0.03494	0.02444	0.17494	0.07180	0.01718	0.13823	0.02183	0.02756	0.01468	0.01729	0.01237	0.01030	0.03694	0.00262	0.01019	0.00599	0.00467	0.01169
16	0.03158	0.02327	0.02493	0.01911	0.02576	0.02576	0.01579	0.62852	0.03906	0.05236	0.01995	0.01995	0.01413	0.00997	0.00831	0.00249	0.00914	0.00748	0.00831	0.01413
17	0.02603	0.01168	0.01554	0.01276	0.01730	0.01025	0.01020	0.02943	0.02335	0.38762	0.26290	0.04422	0.08550	0.01348	0.00898	0.00260	0.00572	0.01143	0.00969	0.01134
18	0.01118	0.00922	0.01102	0.01201	0.05625	0.00816	0.00812	0.01405	0.02039	0.02621	0.25932	0.07017	0.42651	0.01881	0.00970	0.00272	0.00451	0.01604	0.00792	0.00770
19	0.01187	0.00890	0.01335	0.01335	0.01483	0.01038	0.01038	0.01483	0.01335	0.01928	0.02225	0.03264	0.02077	0.06231	0.67512	0.01335	0.02225	0.00890	0.00445	0.00742
20	0.00982	0.00842	0.00842	0.00842	0.01122	0.00701	0.00631	0.01192	0.01894	0.02244	0.08416	0.07995	0.65285	0.02104	0.00982	0.00281	0.00421	0.01753	0.00771	0.00701
21	0.02642	0.02070	0.02202	0.01807	0.02379	0.02335	0.01454	0.35207	0.32392	0.04403	0.02651	0.02517	0.01944	0.01059	0.00838	0.00265	0.00793	0.00838	0.00838	0.01366
22	0.01838	0.01473	0.01734	0.01245	0.01977	0.01114	0.00998	0.02204	0.01760	0.06360	0.01580	0.01786	0.01278	0.00639	0.00628	0.00131	0.00621	0.00512	0.00523	0.71598
23	0.03103	0.03959	0.02354	0.02140	0.02568	0.67469	0.01605	0.03317	0.02354	0.02033	0.01284	0.01498	0.01070	0.00856	0.00749	0.00214	0.01498	0.00535	0.00428	0.00963
24	0.01604	0.01512	0.02555	0.64232	0.10023	0.01855	0.02325	0.02153	0.01678	0.02165	0.01483	0.02203	0.01122	0.00824	0.00830	0.00275	0.01099	0.00738	0.00372	0.00951
25	0.01943	0.01858	0.03167	0.19907	0.51699	0.01944	0.02493	0.02450	0.01838	0.02577	0.01543	0.02093	0.01267	0.00761	0.00824	0.00254	0.01015	0.00740	0.00401	0.01225
26	0.00996	0.00842	0.00861	0.00856	0.01131	0.00707	0.00642	0.01219	0.01926	0.02322	0.12493	0.07866	0.61160	0.02075	0.00982	0.00279	0.00419	0.01735	0.00782	0.00707
27	0.01098	0.00817	0.01039	0.01166	0.01314	0.00758	0.00877	0.01336	0.01802	0.02342	0.10668	0.36080	0.18927	0.02338	0.01057	0.00329	0.00529	0.16028	0.00782	0.00712
28	0.01723	0.01477	0.01723	0.01230	0.01969	0.01107	0.00984	0.02092	0.01723	0.02707	0.01477	0.01723	0.01230	0.00615	0.00615	0.00123	0.00615	0.00492	0.00492	0.75883
29	0.03071	0.02261	0.02438	0.01893	0.02535	0.02498	0.01567	0.59916	0.03810	0.05104	0.02110	0.02349	0.01575	0.01060	0.00846	0.00256	0.00907	0.03596	0.00828	0.01382
30	0.00982	0.00842	0.00842	0.00842	0.01122	0.00701	0.00631	0.01192	0.01894	0.02244	0.08416	0.07995	0.65285	0.02104	0.00982	0.00281	0.00421	0.01753	0.00771	0.00701
31	0.02007	0.01772	0.02269	0.16842	0.12676	0.02028	0.01732	0.06348	0.38183	0.03146	0.02623	0.02696	0.01986	0.00997	0.00838	0.00274	0.00818	0.00856	0.00674	0.01234
32	0.01187	0.00890	0.01335	0.01335	0.01483	0.01038	0.01038	0.01483	0.01335	0.01928	0.02225	0.03264	0.02077	0.06231	0.67512	0.01335	0.02225	0.00890	0.00445	0.00742
33	0.01092	0.00867	0.01032	0.01058	0.01279	0.00823	0.00819	0.01336	0.01724	0.02167	0.06061	0.06906	0.38402	0.06857	0.17191	0.00577	0.00923	0.09500	0.00677	0.00709
34	0.02750	0.30931	0.03155	0.01852	0.02394	0.41765	0.01532	0.02985	0.02087	0.02002	0.01232	0.01432	0.01068	0.00798	0.00663	0.00199	0.01254	0.00499	0.00399	0.01004
35	0.02677	0.13320	0.05389	0.02723	0.17200	0.37846	0.01854	0.05228	0.02184	0.02324	0.01365	0.01632	0.01139	0.00811	0.00739	0.00220	0.01257	0.00580	0.00426	0.01087

[dist]
# distance from previous block
# <min> <max>
0	1

[block]
# block no. 4 follows, 22 sequences, length 36
# corresponding to MSA columns:
# 99-134
name=unknown_E
#
# <colnr> <probs for GDERKNQSTAVLIFYWHMCP>
#	G	D	E	R	K	N	Q	S	T	A	V	L	I	F	Y	W	H	M	C	P
0	0.01689	0.01269	0.01491	0.01378	0.01639	0.04386	0.01082	0.12527	0.01909	0.02722	0.02224	0.02927	0.01921	0.04140	0.40981	0.00893	0.01641	0.00828	0.13477	0.00877
1	0.01997	0.01711	0.01818	0.01640	0.02088	0.01966	0.01273	0.04192	0.59292	0.03464	0.08213	0.03342	0.02951	0.01172	0.00856	0.00280	0.00637	0.00983	0.00851	0.01273
2	0.01047	0.00828	0.00943	0.00949	0.01171	0.00724	0.00698	0.01306	0.01998	0.02572	0.25873	0.15860	0.38997	0.02043	0.00992	0.00282	0.00420	0.01756	0.00817	0.00724
3	0.01383	0.01195	0.01874	0.01687	0.01857	0.01446	0.06020	0.01687	0.01371	0.02001	0.01938	0.02872	0.01801	0.04770	0.48366	0.01044	0.16594	0.00862	0.00426	0.00807
4	0.01164	0.00830	0.01066	0.01036	0.01189	0.00776	0.00742	0.01473	0.02107	0.02956	0.49844	0.12677	0.06896	0.11854	0.01461	0.00348	0.00461	0.01548	0.00840	0.00732
5	0.01928	0.03654	0.40580	0.02505	0.03472	0.12311	0.14669	0.02686	0.01869	0.02506	0.01534	0.01890	0.01150	0.01066	0.04299	0.00315	0.01357	0.00689	0.00382	0.01139
6	0.76672	0.01607	0.01221	0.01092	0.01607	0.01864	0.00900	0.02442	0.01414	0.03727	0.01157	0.01350	0.00900	0.00771	0.00514	0.00257	0.00643	0.00450	0.00514	0.00900
7	0.01187	0.00890	0.01335	0.01335	0.01483	0.01038	0.01038	0.01483	0.01335	0.01928	0.02225	0.03264	0.02077	0.06231	0.67512	0.01335	0.02225	0.00890	0.00445	0.00742
8	0.10001	0.54334	0.03740	0.01492	0.02142	0.12487	0.01395	0.02604	0.01757	0.02148	0.01174	0.01358	0.01050	0.00738	0.00563	0.00191	0.00952	0.00458	0.00382	0.01034
9	0.03046	0.08316	0.02484	0.02094	0.02540	0.63317	0.01593	0.03264	0.02311	0.02028	0.01276	0.01487	0.01070	0.00847	0.00735	0.00212	0.01459	0.00529	0.00423	0.00970
10	0.00997	0.00842	0.00863	0.00857	0.01131	0.00708	0.00643	0.01222	0.01929	0.02329	0.12854	0.07855	0.60794	0.02072	0.00982	0.00279	0.00419	0.01734	0.00783	0.00708
11	0.01061	0.00743	0.00950	0.01094	0.01131	0.00707	0.00705	0.01169	0.01496	0.01994	0.04092	0.54160	0.04880	0.19543	0.01847	0.00454	0.00562	0.02075	0.00705	0.00632
12	0.02355	0.02727	0.02406	0.09870	0.02744	0.32214	0.01748	0.02599	0.01816	0.02027	0.01267	0.01771	0.01120	0.01286	0.04021	0.00321	0.27737	0.00646	0.00397	0.00929
13	0.03103	0.03959	0.02354	0.02140	0.02568	0.67469	0.01605	0.03317	0.02354	0.02033	0.01284	0.01498	0.01070	0.00856	0.00749	0.00214	0.01498	0.00535	0.00428	0.00963
14	0.01208	0.00805	0.00906	0.00906	0.00906	0.00805	0.00503	0.01208	0.01208	0.01611	0.02618	0.05436	0.03020	0.70804	0.04228	0.00805	0.00805	0.01208	0.00503	0.00503
15	0.01783	0.03569	0.46044	0.03075	0.16752	0.01959	0.09875	0.02617	0.01807	0.02652	0.01528	0.01874	0.01132	0.00769	0.00818	0.00262	0.01197	0.00683	0.00372	0.01234
16	0.03052	0.07866	0.02470	0.02098	0.02543	0.63747	0.01594	0.03269	0.02316	0.02029	0.01277	0.01489	0.01070	0.00848	0.00737	0.00212	0.01463	0.00530	0.00424	0.00969
17	0.01079	0.00805	0.01004	0.01040	0.01204	0.00729	0.00747	0.01349	0.01996	0.02690	0.32593	0.28387	0.19145	0.02092	0.01008	0.00291	0.00429	0.01848	0.00836	0.00729
18	0.03241	0.02194	0.02411	0.01848	0.02510	0.02379	0.01527	0.54289	0.03683	0.14113	0.02181	0.02116	0.01507	0.01002	0.00832	0.00250	0.00884	0.00761	0.00860	0.01413
19	0.01064	0.00771	0.01005	0.01102	0.01212	0.00712	0.00767	0.01294	0.01859	0.02527	0.24806	0.45552	0.09690	0.02276	0.01029	0.00309	0.00449	0.02043	0.00818	0.00712
20	0.42503	0.01799	0.01786	0.09427	0.05977	0.05298	0.01314	0.09892	0.01930	0.10831	0.01571	0.01748	0.01153	0.00838	0.00656	0.00256	0.00801	0.00585	0.00585	0.01051
21	0.00982	0.00842	0.00842	0.00842	0.01122	0.00701	0.00631	0.01192	0.01894	0.02244	0.08416	0.07995	0.65285	0.02104	0.00982	0.00281	0.00421	0.01753	0.00771	0.00701
22	0.02775	0.17686	0.02816	0.01963	0.02432	0.37873	0.01588	0.10816	0.02292	0.02434	0.01328	0.01566	0.01117	0.00913	0.00944	0.00228	0.09166	0.00566	0.00458	0.01038
23	0.01848	0.03127	0.33062	0.03373	0.19218	0.01990	0.20103	0.02619	0.01848	0.02660	0.01563	0.01969	0.01178	0.00751	0.00853	0.00264	0.01218	0.00751	0.00386	0.01219
24	0.01555	0.02134	0.18184	0.02393	0.18026	0.04216	0.01802	0.02065	0.01971	0.02674	0.16275	0.04281	0.18465	0.01293	0.00883	0.00261	0.00807	0.01107	0.00589	0.01017
25	0.02553	0.02933	0.02831	0.03498	0.31438	0.33925	0.02049	0.02894	0.02083	0.02343	0.01401	0.01771	0.01184	0.00836	0.00890	0.00237	0.04954	0.00639	0.00417	0.01122
26	0.06176	0.21456	0.02853	0.01905	0.02362	0.39829	0.01548	0.02903	0.02008	0.02088	0.01221	0.01484	0.01063	0.00883	0.00910	0.00224	0.09170	0.00529	0.00405	0.00981
27	0.02644	0.34788	0.03280	0.01812	0.02352	0.35286	0.01530	0.02881	0.02003	0.01996	0.01217	0.01436	0.01069	0.00814	0.00733	0.00204	0.04055	0.00501	0.00392	0.01008
28	0.01142	0.00805	0.00898	0.00916	0.00979	0.00771	0.00555	0.01200	0.01388	0.01792	0.04021	0.11992	0.16370	0.49999	0.03250	0.00651	0.00694	0.01430	0.00585	0.00561
29	0.01343	0.01120	0.01636	0.01545	0.01657	0.01413	0.01232	0.01612	0.01320	0.01946	0.01943	0.02904	0.01832	0.05044	0.51420	0.01094	0.18882	0.00850	0.00425	0.00783
30	0.00982	0.00842	0.00842	0.00842	0.01122	0.00701	0.00631	0.01192	0.01894	0.02244	0.08416	0.07995	0.65285	0.02104	0.00982	0.00281	0.00421	0.01753	0.00771	0.00701
31	0.01678	0.01289	0.01661	0.01497	0.01717	0.01506	0.01170	0.14437	0.01852	0.02591	0.02098	0.03122	0.01950	0.13317	0.37367	0.00922	0.09546	0.00884	0.00525	0.00870
32	0.02974	0.01466	0.01844	0.01462	0.01998	0.01398	0.01188	0.15823	0.02693	0.37737	0.18384	0.03491	0.03357	0.01188	0.00870	0.00256	0.00672	0.00983	0.00958	0.01257
33	0.02155	0.01989	0.09071	0.01691	0.02218	0.01873	0.01461	0.24921	0.18074	0.03789	0.09319	0.14082	0.03005	0.01348	0.00884	0.00275	0.00759	0.01129	0.00780	0.01179
34	0.02323	0.19290	0.12824	0.01705	0.02398	0.01998	0.04438	0.09242	0.02039	0.15389	0.01945	0.02151	0.01483	0.01686	0.11316	0.00399	0.01123	0.00682	0.00570	0.07000
35	0.14211	0.22809	0.03023	0.02486	0.17951	0.18583	0.01673	0.05847	0.01976	0.02614	0.01332	0.01590	0.01121	0.00778	0.00671	0.00220	0.01026	0.00557	0.00437	0.01094

[dist]
# distance from previous block
# <min> <max>
0	32

[block]
# block no. 5 follows, 22 sequences, length 41
# corresponding to MSA columns:
# 167-207
name=unknown_F
#
# <colnr> <probs for GDERKNQSTAVLIFYWHMCP>
#	G	D	E	R	K	N	Q	S	T	A	V	L	I	F	Y	W	H	M	C	P
0	0.02977	0.13619	0.02641	0.02037	0.02506	0.58263	0.01579	0.03198	0.02259	0.02022	0.01266	0.01474	0.01070	0.00835	0.00718	0.00209	0.01411	0.00522	0.00418	0.00978
1	0.02031	0.01742	0.02430	0.21645	0.21656	0.04364	0.01892	0.10403	0.04552	0.06349	0.02824	0.03085	0.11371	0.01049	0.00850	0.00262	0.00915	0.00904	0.00563	0.01112
2	0.01861	0.16474	0.03160	0.02269	0.08049	0.07557	0.19415	0.02206	0.01749	0.02189	0.02244	0.06378	0.05350	0.15785	0.01546	0.00364	0.01038	0.00968	0.00461	0.00936
3	0.05632	0.02816	0.23580	0.03247	0.23197	0.05707	0.08155	0.02538	0.01759	0.02582	0.01441	0.01873	0.01156	0.00872	0.01106	0.00272	0.11816	0.00694	0.00391	0.01165
4	0.03112	0.03702	0.02376	0.02104	0.02569	0.57243	0.01601	0.12699	0.02599	0.02538	0.01396	0.01576	0.01124	0.00878	0.00762	0.00220	0.01406	0.00569	0.00492	0.01034
5	0.24535	0.16282	0.02029	0.01264	0.01766	0.01920	0.01077	0.10745	0.01963	0.05908	0.02996	0.03074	0.14744	0.01564	0.06572	0.00339	0.00829	0.00822	0.00597	0.00975
6	0.01308	0.01148	0.01152	0.01144	0.01413	0.04258	0.00846	0.01916	0.13567	0.02499	0.09455	0.19882	0.34430	0.01942	0.00961	0.00288	0.00530	0.01655	0.00776	0.00828
7	0.01526	0.00782	0.00810	0.00810	0.01000	0.00791	0.00610	0.01907	0.01717	0.03024	0.02680	0.03108	0.02126	0.01299	0.04790	0.00265	0.00503	0.00782	0.70701	0.00772
8	0.02186	0.01460	0.01934	0.05860	0.14996	0.04939	0.01459	0.02544	0.02073	0.20225	0.07718	0.04775	0.13986	0.01392	0.00914	0.00279	0.00769	0.10689	0.00736	0.01067
9	0.06573	0.25392	0.07463	0.02116	0.07996	0.29644	0.01691	0.05872	0.02084	0.02360	0.01310	0.01528	0.01097	0.00797	0.00680	0.00213	0.01162	0.00535	0.00423	0.01065
10	0.14262	0.02713	0.05875	0.02353	0.11805	0.24595	0.01698	0.09101	0.05481	0.06053	0.01585	0.01804	0.01244	0.00912	0.00917	0.00251	0.07094	0.00632	0.00523	0.01103
11	0.06155	0.23931	0.02791	0.01740	0.06104	0.02221	0.01400	0.13363	0.05541	0.17532	0.02054	0.02148	0.01554	0.01475	0.08143	0.00351	0.00982	0.00682	0.00641	0.01192
12	0.07519	0.20420	0.02078	0.01235	0.01612	0.01785	0.01036	0.02315	0.09906	0.02534	0.02135	0.02640	0.01831	0.05857	0.16178	0.00501	0.01026	0.00730	0.17748	0.00914
13	0.23756	0.01948	0.01955	0.01547	0.02152	0.02117	0.01270	0.36070	0.02865	0.04380	0.02111	0.02163	0.05267	0.00966	0.00730	0.00242	0.00778	0.00702	0.00705	0.08275
14	0.02429	0.38139	0.03596	0.02395	0.15644	0.20681	0.01710	0.02729	0.01914	0.02136	0.01276	0.01531	0.01120	0.00757	0.00654	0.00202	0.01077	0.00532	0.00387	0.01090
15	0.02380	0.40495	0.03572	0.02215	0.15595	0.02574	0.01610	0.05478	0.01960	0.10961	0.04732	0.01959	0.01603	0.00822	0.00671	0.00210	0.00862	0.00626	0.00507	0.01168
16	0.13597	0.22433	0.06343	0.01625	0.02281	0.02559	0.01465	0.30001	0.02642	0.03737	0.01626	0.01853	0.01291	0.04143	0.00854	0.00256	0.00879	0.00629	0.00603	0.01182
17	0.01946	0.08002	0.01427	0.01041	0.01368	0.01240	0.00842	0.07389	0.01959	0.09318	0.02519	0.02811	0.01952	0.01282	0.04832	0.00275	0.00629	0.00752	0.49498	0.00919
18	0.29024	0.01481	0.01683	0.01344	0.01942	0.01444	0.01110	0.03491	0.02043	0.44533	0.02542	0.02315	0.01655	0.00939	0.00724	0.00257	0.00685	0.00702	0.00850	0.01236
19	0.01316	0.01122	0.01310	0.01441	0.06942	0.01088	0.00998	0.01964	0.13213	0.02584	0.09227	0.06644	0.39659	0.01808	0.00960	0.00287	0.00545	0.07256	0.00760	0.00876
20	0.00982	0.00842	0.00842	0.00842	0.01122	0.00701	0.00631	0.01192	0.01894	0.02244	0.08416	0.07995	0.65285	0.02104	0.00982	0.00281	0.00421	0.01753	0.00771	0.00701
21	0.03103	0.03959	0.02354	0.02140	0.02568	0.67469	0.01605	0.03317	0.02354	0.02033	0.01284	0.01498	0.01070	0.00856	0.00749	0.00214	0.01498	0.00535	0.00428	0.00963
22	0.02066	0.01785	0.01878	0.01691	0.02160	0.02066	0.01315	0.04414	0.64121	0.03475	0.03381	0.03099	0.02536	0.01127	0.00845	0.00282	0.00657	0.00939	0.00845	0.01315
23	0.01044	0.00844	0.00928	0.00907	0.01160	0.00728	0.00680	0.01313	0.02040	0.02593	0.26625	0.07421	0.46858	0.01974	0.00981	0.00274	0.00412	0.01673	0.00817	0.00728
24	0.01012	0.00723	0.00964	0.01157	0.01205	0.00675	0.00771	0.01157	0.01591	0.02121	0.04579	0.70262	0.05495	0.02603	0.01060	0.00337	0.00482	0.02362	0.00771	0.00675
25	0.01117	0.00847	0.01029	0.00983	0.01205	0.00759	0.00737	0.01454	0.02212	0.03001	0.47930	0.06749	0.25299	0.01822	0.00980	0.00267	0.00401	0.01579	0.00871	0.00759
26	0.02221	0.71304	0.04353	0.01421	0.02132	0.03287	0.01421	0.02488	0.01688	0.01955	0.01155	0.01333	0.01066	0.00711	0.00533	0.00178	0.00888	0.00444	0.00355	0.01066
27	0.02210	0.02255	0.02513	0.12451	0.21703	0.15802	0.01887	0.03297	0.23537	0.02749	0.02122	0.02323	0.01657	0.00912	0.00816	0.00256	0.00998	0.00766	0.00559	0.01185
28	0.01773	0.01397	0.01650	0.01502	0.01822	0.01593	0.01164	0.11181	0.23462	0.02906	0.02628	0.03218	0.02225	0.09401	0.29365	0.00769	0.01371	0.00915	0.00644	0.01015
29	0.01053	0.00740	0.00952	0.01104	0.01142	0.00702	0.00715	0.01168	0.01510	0.02013	0.04165	0.56589	0.04973	0.16988	0.01729	0.00436	0.00550	0.02118	0.00715	0.00639
30	0.01208	0.00805	0.00906	0.00906	0.00906	0.00805	0.00503	0.01208	0.01208	0.01611	0.02618	0.05436	0.03020	0.70804	0.04228	0.00805	0.00805	0.01208	0.00503	0.00503
31	0.01887	0.01801	0.03067	0.27193	0.44849	0.01929	0.02465	0.02401	0.01812	0.02509	0.01533	0.02111	0.01244	0.00772	0.00825	0.00257	0.01029	0.00740	0.00397	0.01180
32	0.03103	0.03959	0.02354	0.02140	0.02568	0.67469	0.01605	0.03317	0.02354	0.02033	0.01284	0.01498	0.01070	0.00856	0.00749	0.00214	0.01498	0.00535	0.00428	0.00963
33	0.01182	0.00895	0.01127	0.01250	0.01461	0.00840	0.01035	0.01482	0.01877	0.02367	0.05856	0.14236	0.26560	0.02253	0.01080	0.00342	0.00617	0.34039	0.00768	0.00734
34	0.02166	0.02404	0.03541	0.03456	0.21990	0.15725	0.25492	0.02656	0.01991	0.02517	0.01713	0.05783	0.01471	0.00847	0.00872	0.00252	0.01210	0.00869	0.00442	0.04605
35	0.00986	0.00825	0.00859	0.00887	0.01134	0.00698	0.00651	0.01187	0.01850	0.02226	0.07865	0.16926	0.56709	0.02175	0.00993	0.00289	0.00430	0.01841	0.00771	0.00698
36	0.23846	0.02068	0.02297	0.01778	0.02420	0.02251	0.06620	0.37132	0.02909	0.04445	0.01701	0.01818	0.01244	0.00886	0.00742	0.00247	0.00862	0.00669	0.00687	0.05378
37	0.10108	0.02605	0.02343	0.01882	0.02483	0.16294	0.01520	0.44484	0.03340	0.04412	0.01764	0.01828	0.01291	0.00946	0.00784	0.00243	0.01012	0.00674	0.00715	0.01269
38	0.01549	0.00774	0.00774	0.00774	0.00968	0.00774	0.00581	0.01936	0.01742	0.03097	0.02710	0.03097	0.02129	0.00968	0.00581	0.00194	0.00387	0.00774	0.75416	0.00774
39	0.02578	0.06301	0.02590	0.02144	0.02544	0.40138	0.06959	0.03017	0.07528	0.02211	0.01635	0.05191	0.01441	0.01034	0.01071	0.00252	0.11182	0.00725	0.00468	0.00990
40	0.01783	0.18430	0.53392	0.02168	0.03287	0.02216	0.02722	0.02601	0.01740	0.02488	0.01420	0.01665	0.01055	0.00773	0.00735	0.00245	0.01156	0.00578	0.00352	0.01194

[dist]
# distance from previous block
# <min> <max>
0	1

[block]
# block no. 6 follows, 22 sequences, length 31
# corresponding to MSA columns:
# 209-239
name=unknown_G
#
# <colnr> <probs for GDERKNQSTAVLIFYWHMCP>
#	G	D	E	R	K	N	Q	S	T	A	V	L	I	F	Y	W	H	M	C	P
0	0.02114	0.31239	0.03131	0.01679	0.02247	0.15104	0.08098	0.04791	0.01986	0.02248	0.02963	0.03044	0.16050	0.01074	0.00742	0.00223	0.00957	0.00839	0.00493	0.00981
1	0.02407	0.26475	0.02865	0.01678	0.02229	0.16153	0.01412	0.09857	0.19177	0.02831	0.05575	0.02205	0.01898	0.00944	0.00723	0.00227	0.00927	0.00693	0.00590	0.01135
2	0.02354	0.02381	0.14625	0.01791	0.02459	0.02065	0.01666	0.32406	0.11569	0.03941	0.02902	0.02999	0.09348	0.04484	0.01007	0.00287	0.00874	0.00893	0.00716	0.01232
3	0.01133	0.00795	0.01034	0.01180	0.01249	0.00769	0.00834	0.01296	0.01571	0.02080	0.04066	0.40981	0.04738	0.18973	0.01843	0.00460	0.00623	0.15017	0.00705	0.00654
4	0.01549	0.00774	0.00774	0.00774	0.00968	0.00774	0.00581	0.01936	0.01742	0.03097	0.02710	0.03097	0.02129	0.00968	0.00581	0.00194	0.00387	0.00774	0.75416	0.00774
5	0.01208	0.00805	0.00906	0.00906	0.00906	0.00805	0.00503	0.01208	0.01208	0.01611	0.02618	0.05436	0.03020	0.70804	0.04228	0.00805	0.00805	0.01208	0.00503	0.00503
6	0.01162	0.00786	0.00920	0.00964	0.00976	0.00775	0.00566	0.01196	0.01297	0.01729	0.03074	0.20525	0.03596	0.54930	0.03491	0.00696	0.00730	0.01477	0.00566	0.00543
7	0.01152	0.00848	0.01078	0.01020	0.01227	0.00774	0.00765	0.01522	0.02296	0.03200	0.58309	0.06422	0.14795	0.01747	0.00980	0.00264	0.00395	0.01533	0.00897	0.00774
8	0.01198	0.00801	0.00909	0.00919	0.00921	0.00799	0.00517	0.01205	0.01227	0.01637	0.02717	0.08718	0.03145	0.67352	0.04068	0.00782	0.00789	0.01266	0.00517	0.00512
9	0.01176	0.00849	0.01110	0.01045	0.01241	0.00784	0.00784	0.01568	0.02352	0.03331	0.65184	0.06206	0.07839	0.01698	0.00980	0.00261	0.00392	0.01502	0.00914	0.00784
10	0.01944	0.02359	0.08453	0.03436	0.04299	0.02091	0.59173	0.02659	0.01949	0.02659	0.01670	0.02213	0.01249	0.00705	0.00969	0.00279	0.01391	0.00959	0.00416	0.01127
11	0.01012	0.00723	0.00964	0.01157	0.01205	0.00675	0.00771	0.01157	0.01591	0.02121	0.04579	0.70262	0.05495	0.02603	0.01060	0.00337	0.00482	0.02362	0.00771	0.00675
12	0.02598	0.02613	0.02888	0.03550	0.33713	0.20567	0.02066	0.16290	0.02474	0.03088	0.01581	0.01885	0.01268	0.00831	0.00804	0.00238	0.01115	0.00684	0.00510	0.01238
13	0.02026	0.01943	0.03317	0.09077	0.61882	0.01966	0.02534	0.02523	0.01877	0.02677	0.01557	0.02066	0.01303	0.00746	0.00823	0.00249	0.00994	0.00740	0.00409	0.01291
14	0.02866	0.06465	0.06418	0.02405	0.10281	0.31497	0.01789	0.22429	0.02733	0.03185	0.01554	0.01734	0.01210	0.00877	0.00776	0.00231	0.01201	0.00629	0.00548	0.01172
15	0.02056	0.01974	0.03372	0.05099	0.65622	0.01974	0.02550	0.02550	0.01892	0.02714	0.01563	0.02056	0.01316	0.00740	0.00822	0.00247	0.00987	0.00740	0.00411	0.01316
16	0.01549	0.00774	0.00774	0.00774	0.00968	0.00774	0.00581	0.01936	0.01742	0.03097	0.02710	0.03097	0.02129	0.00968	0.00581	0.00194	0.00387	0.00774	0.75416	0.00774
17	0.01187	0.00890	0.01335	0.01335	0.01483	0.01038	0.01038	0.01483	0.01335	0.01928	0.02225	0.03264	0.02077	0.06231	0.67512	0.01335	0.02225	0.00890	0.00445	0.00742
18	0.07704	0.03601	0.02301	0.02045	0.02509	0.54987	0.01558	0.10956	0.02496	0.02553	0.01368	0.01553	0.01104	0.00869	0.00745	0.00221	0.01369	0.00557	0.00485	0.01017
19	0.01208	0.00805	0.00906	0.00906	0.00906	0.00805	0.00503	0.01208	0.01208	0.01611	0.02618	0.05436	0.03020	0.70804	0.04228	0.00805	0.00805	0.01208	0.00503	0.00503
20	0.02671	0.19288	0.02664	0.01838	0.02311	0.45094	0.01461	0.02906	0.02170	0.02091	0.04797	0.02097	0.05444	0.00942	0.00725	0.00212	0.01235	0.00638	0.00456	0.00962
21	0.03107	0.03863	0.02362	0.02127	0.02569	0.63627	0.01604	0.06843	0.02446	0.02223	0.01326	0.01528	0.01090	0.00864	0.00754	0.00216	0.01464	0.00548	0.00452	0.00990
22	0.01012	0.00723	0.00964	0.01157	0.01205	0.00675	0.00771	0.01157	0.01591	0.02121	0.04579	0.70262	0.05495	0.02603	0.01060	0.00337	0.00482	0.02362	0.00771	0.00675
23	0.03158	0.02327	0.02493	0.01911	0.02576	0.02576	0.01579	0.62852	0.03906	0.05236	0.01995	0.01995	0.01413	0.00997	0.00831	0.00249	0.00914	0.00748	0.00831	0.01413
24	0.01591	0.01534	0.01593	0.01533	0.01729	0.14080	0.01187	0.01866	0.01531	0.01952	0.01987	0.02849	0.01833	0.04950	0.51344	0.01069	0.05327	0.00813	0.00438	0.00793
25	0.03101	0.02299	0.02461	0.01900	0.02555	0.02550	0.01565	0.59819	0.07031	0.05144	0.02066	0.02052	0.01471	0.01004	0.00832	0.00251	0.00901	0.00758	0.00832	0.01408
26	0.01549	0.00774	0.00774	0.00774	0.00968	0.00774	0.00581	0.01936	0.01742	0.03097	0.02710	0.03097	0.02129	0.00968	0.00581	0.00194	0.00387	0.00774	0.75416	0.00774
27	0.01818	0.01818	0.02545	0.02181	0.02181	0.02545	0.01818	0.01999	0.01272	0.01999	0.01091	0.01818	0.01091	0.01454	0.02726	0.00364	0.69284	0.00727	0.00364	0.00909
28	0.01643	0.01122	0.04328	0.01156	0.01513	0.00892	0.00952	0.01937	0.02008	0.15884	0.13390	0.14528	0.30397	0.01838	0.00961	0.00286	0.00544	0.04911	0.00823	0.00888
29	0.03040	0.03854	0.02364	0.02142	0.02549	0.64284	0.01616	0.03253	0.02301	0.02032	0.01275	0.01514	0.01071	0.00885	0.00846	0.00221	0.04824	0.00544	0.00425	0.00960
30	0.03038	0.03822	0.02324	0.02112	0.02543	0.63347	0.01587	0.03386	0.06247	0.02124	0.01416	0.01599	0.01162	0.00873	0.00755	0.00218	0.01445	0.00561	0.00454	0.00985

[dist]
# distance from previous block
# <min> <max>
0	1

[block]
# block no. 7 follows, 22 sequences, length 36
# corresponding to MSA columns:
# 241-276
name=unknown_H
#
# <colnr> <probs for GDERKNQSTAVLIFYWHMCP>
#	G	D	E	R	K	N	Q	S	T	A	V	L	I	F	Y	W	H	M	C	P
0	0.01186	0.00879	0.01125	0.01148	0.01358	0.00818	0.00917	0.01540	0.02135	0.02875	0.36472	0.07476	0.18027	0.01951	0.01029	0.00300	0.00506	0.18652	0.00843	0.00762
1	0.02118	0.02091	0.03312	0.04925	0.61909	0.05831	0.02494	0.02595	0.01919	0.02674	0.01546	0.02023	0.01301	0.00747	0.00818	0.00245	0.01017	0.00728	0.00412	0.01295
2	0.03017	0.03652	0.02454	0.02379	0.08055	0.56403	0.01685	0.08175	0.02442	0.02357	0.01367	0.01588	0.01120	0.00858	0.00762	0.00220	0.01405	0.00571	0.00460	0.01031
3	0.01926	0.01800	0.02109	0.01934	0.08930	0.07153	0.01386	0.05282	0.01798	0.02598	0.01484	0.01885	0.01274	0.01233	0.06010	0.00283	0.12877	0.00606	0.00469	0.38962
4	0.02899	0.12845	0.02584	0.02006	0.02476	0.53420	0.01556	0.03296	0.07373	0.02142	0.01440	0.01608	0.01191	0.00859	0.00728	0.00215	0.01347	0.00556	0.00453	0.01006
5	0.01074	0.00817	0.00988	0.01004	0.01194	0.00732	0.00731	0.01349	0.02025	0.02694	0.32532	0.21602	0.26160	0.02041	0.00999	0.00285	0.00422	0.01783	0.00834	0.00732
6	0.01208	0.00805	0.00906	0.00906	0.00906	0.00805	0.00503	0.01208	0.01208	0.01611	0.02618	0.05436	0.03020	0.70804	0.04228	0.00805	0.00805	0.01208	0.00503	0.00503
7	0.01091	0.00849	0.01290	0.01351	0.01464	0.00793	0.05885	0.01281	0.01621	0.02165	0.04339	0.64636	0.05144	0.02445	0.01054	0.00333	0.00558	0.02247	0.00742	0.00712
8	0.01794	0.01007	0.01243	0.01157	0.01496	0.00874	0.00893	0.02039	0.01947	0.19569	0.05505	0.20893	0.26724	0.01873	0.00955	0.00288	0.00547	0.05926	0.00827	0.04442
9	0.02956	0.03267	0.02543	0.02540	0.12245	0.42004	0.01744	0.17342	0.02652	0.02898	0.01496	0.01702	0.01189	0.00872	0.00780	0.00227	0.01281	0.00617	0.00521	0.01124
10	0.03062	0.03490	0.02360	0.02067	0.02549	0.49875	0.01585	0.16456	0.05845	0.02810	0.01547	0.01689	0.01220	0.00901	0.00772	0.00225	0.01327	0.00602	0.00538	0.01080
11	0.01187	0.00890	0.01335	0.01335	0.01483	0.01038	0.01038	0.01483	0.01335	0.01928	0.02225	0.03264	0.02077	0.06231	0.67512	0.01335	0.02225	0.00890	0.00445	0.00742
12	0.01549	0.00774	0.00774	0.00774	0.00968	0.00774	0.00581	0.01936	0.01742	0.03097	0.02710	0.03097	0.02129	0.00968	0.00581	0.00194	0.00387	0.00774	0.75416	0.00774
13	0.01187	0.00890	0.01335	0.01335	0.01483	0.01038	0.01038	0.01483	0.01335	0.01928	0.02225	0.03264	0.02077	0.06231	0.67512	0.01335	0.02225	0.00890	0.00445	0.00742
14	0.01154	0.00848	0.01080	0.01022	0.01228	0.00775	0.00767	0.01526	0.02300	0.03209	0.58806	0.06407	0.14293	0.01744	0.00980	0.00263	0.00395	0.01531	0.00898	0.00775
15	0.01050	0.00804	0.00963	0.01009	0.01186	0.00717	0.00724	0.01293	0.01929	0.02529	0.24152	0.28443	0.27902	0.02150	0.01008	0.00294	0.00433	0.01883	0.00814	0.00717
16	0.01024	0.00744	0.00967	0.01121	0.01201	0.00686	0.00761	0.01195	0.01682	0.02236	0.10170	0.59538	0.10644	0.02483	0.01047	0.00326	0.00469	0.02237	0.00784	0.00686
17	0.03727	0.01414	0.01928	0.01478	0.02121	0.01221	0.01221	0.04049	0.02378	0.66198	0.03277	0.02828	0.02056	0.01028	0.00835	0.00257	0.00707	0.00835	0.01028	0.01414
18	0.03158	0.02327	0.02493	0.01911	0.02576	0.02576	0.01579	0.62852	0.03906	0.05236	0.01995	0.01995	0.01413	0.00997	0.00831	0.00249	0.00914	0.00748	0.00831	0.01413
19	0.03158	0.02327	0.02493	0.01911	0.02576	0.02576	0.01579	0.62852	0.03906	0.05236	0.01995	0.01995	0.01413	0.00997	0.00831	0.00249	0.00914	0.00748	0.00831	0.01413
20	0.02264	0.14276	0.03311	0.07612	0.38826	0.07723	0.02153	0.09182	0.02102	0.02766	0.01510	0.01886	0.01250	0.00778	0.00767	0.00234	0.01011	0.00672	0.00446	0.01230
21	0.01106	0.00846	0.01014	0.00972	0.01198	0.00754	0.00729	0.01432	0.02187	0.02940	0.44736	0.06850	0.28531	0.01844	0.00981	0.00268	0.00402	0.01593	0.00863	0.00754
22	0.02126	0.03283	0.27289	0.02234	0.02924	0.16628	0.04960	0.06233	0.01914	0.02516	0.01392	0.01746	0.01106	0.00954	0.01224	0.00267	0.16787	0.00640	0.00411	0.05365
23	0.02135	0.01907	0.02965	0.21736	0.37319	0.02055	0.02298	0.13995	0.02215	0.03037	0.01622	0.02087	0.01278	0.00814	0.00826	0.00255	0.01006	0.00741	0.00480	0.01228
24	0.01197	0.00885	0.00938	0.00901	0.01203	0.00745	0.00684	0.01426	0.01956	0.07068	0.11274	0.07508	0.57298	0.02001	0.00971	0.00278	0.00440	0.01671	0.00799	0.00759
25	0.01249	0.05126	0.01517	0.01340	0.01522	0.01174	0.01061	0.01544	0.01356	0.01930	0.02161	0.03147	0.02016	0.05898	0.63483	0.01265	0.02145	0.00863	0.00440	0.00761
26	0.01776	0.04143	0.63048	0.02320	0.03517	0.01891	0.02971	0.02707	0.01787	0.06029	0.01586	0.01811	0.01106	0.00802	0.00792	0.00263	0.01200	0.00626	0.00387	0.01238
27	0.01208	0.00805	0.00906	0.00906	0.00906	0.00805	0.00503	0.01208	0.01208	0.01611	0.02618	0.05436	0.03020	0.70804	0.04228	0.00805	0.00805	0.01208	0.00503	0.00503
28	0.01006	0.00843	0.00875	0.00867	0.01137	0.00711	0.00650	0.01238	0.01950	0.02377	0.15374	0.07776	0.58244	0.02054	0.00982	0.00278	0.00417	0.01723	0.00789	0.00711
29	0.02107	0.02198	0.03735	0.04420	0.43341	0.06887	0.19714	0.02639	0.01946	0.02648	0.01576	0.02068	0.01282	0.00737	0.00862	0.00254	0.01144	0.00794	0.00415	0.01234
30	0.01308	0.01814	0.18890	0.01721	0.06614	0.01140	0.01489	0.01715	0.01716	0.02391	0.10568	0.28593	0.06788	0.09841	0.01328	0.00354	0.00746	0.01503	0.00616	0.00866
31	0.02046	0.02426	0.09919	0.03316	0.24462	0.09856	0.07338	0.02468	0.01723	0.02374	0.01370	0.01891	0.01176	0.01002	0.01480	0.00288	0.24646	0.00718	0.00391	0.01108
32	0.01012	0.00723	0.00964	0.01157	0.01205	0.00675	0.00771	0.01157	0.01591	0.02121	0.04579	0.70262	0.05495	0.02603	0.01060	0.00337	0.00482	0.02362	0.00771	0.00675
33	0.01560	0.00906	0.01210	0.01276	0.01478	0.00837	0.00970	0.01796	0.01825	0.13423	0.04595	0.39772	0.09180	0.02219	0.01035	0.00330	0.00582	0.15364	0.00815	0.00827
