[name]
unknown

[dist]
# distance from previous block
# <min> <max>
4	23

[block]
# block no. 0 follows, 21 sequences, length 59
# corresponding to MSA columns:
# 23-81
name=unknown_A
#
# <colnr> <probs for GDERKNQSTAVLIFYWHMCP>
#	G	D	E	R	K	N	Q	S	T	A	V	L	I	F	Y	W	H	M	C	P
0	0.02636	0.02504	0.02497	0.05195	0.17109	0.21068	0.01777	0.09865	0.13832	0.08332	0.02096	0.02265	0.01614	0.01196	0.03994	0.00306	0.01135	0.00751	0.00612	0.01217
1	0.01870	0.01678	0.02058	0.17045	0.06485	0.05584	0.01597	0.02786	0.17952	0.02721	0.02540	0.02850	0.05049	0.01129	0.01148	0.00281	0.12408	0.00858	0.12924	0.01038
2	0.01472	0.01081	0.01222	0.01177	0.01446	0.01080	0.00907	0.06206	0.09220	0.02998	0.16929	0.09371	0.19457	0.05388	0.01123	0.00313	0.00550	0.08109	0.11087	0.00866
3	0.01717	0.01860	0.08139	0.27303	0.12100	0.01841	0.08436	0.02370	0.05320	0.02483	0.02302	0.03438	0.04168	0.01134	0.01052	0.00300	0.05896	0.08620	0.00485	0.01039
4	0.01977	0.01441	0.02169	0.34903	0.03879	0.01690	0.01800	0.06605	0.01893	0.11187	0.01990	0.02554	0.01523	0.01886	0.12263	0.00465	0.05085	0.00799	0.04882	0.01010
5	0.03200	0.08751	0.02503	0.01785	0.02396	0.10208	0.01478	0.24330	0.02835	0.24205	0.02233	0.02177	0.01562	0.01000	0.00918	0.00249	0.04839	0.00729	0.00780	0.03823
6	0.01324	0.00974	0.01172	0.01259	0.04247	0.00950	0.00824	0.03704	0.01690	0.02205	0.07406	0.06439	0.16380	0.36495	0.02702	0.00571	0.00727	0.09602	0.00642	0.00687
7	0.10507	0.01532	0.01812	0.16699	0.02727	0.01753	0.01371	0.10123	0.18146	0.03046	0.02557	0.09341	0.02294	0.12790	0.01426	0.00376	0.00819	0.01017	0.00647	0.01015
8	0.02720	0.02861	0.19146	0.02059	0.02872	0.02412	0.01993	0.40579	0.09336	0.04479	0.02049	0.02091	0.01465	0.00979	0.00841	0.00262	0.00995	0.00750	0.00723	0.01387
9	0.04429	0.00837	0.00998	0.01094	0.01226	0.00819	0.00775	0.01428	0.01645	0.02364	0.04360	0.34671	0.11646	0.09122	0.06010	0.00436	0.00656	0.05042	0.11730	0.00713
10	0.02411	0.02200	0.02961	0.03499	0.30411	0.06108	0.02121	0.18183	0.02365	0.03253	0.01590	0.02000	0.01307	0.01002	0.01287	0.00279	0.16497	0.00745	0.00525	0.01257
11	0.02369	0.02057	0.02256	0.02178	0.08368	0.09183	0.01613	0.23511	0.05266	0.03467	0.02686	0.07061	0.04873	0.01403	0.01171	0.00297	0.09846	0.10579	0.00684	0.01133
12	0.01577	0.03481	0.48715	0.02146	0.03112	0.01736	0.02595	0.02385	0.01684	0.02505	0.01726	0.02205	0.01355	0.02279	0.18198	0.00559	0.01527	0.00703	0.00385	0.01126
13	0.01145	0.00805	0.01021	0.01080	0.01166	0.00763	0.00722	0.01337	0.01781	0.02440	0.23668	0.31996	0.05745	0.20152	0.01915	0.00447	0.00551	0.01820	0.00766	0.00681
14	0.04235	0.08413	0.41663	0.02777	0.10632	0.02128	0.10224	0.02645	0.01803	0.02668	0.01507	0.01854	0.01134	0.00814	0.00894	0.00268	0.04065	0.00678	0.00382	0.01218
15	0.02077	0.02022	0.03461	0.04837	0.55198	0.02087	0.05929	0.02563	0.01880	0.02705	0.01560	0.02093	0.01322	0.00827	0.01043	0.00266	0.07646	0.00771	0.00417	0.01296
16	0.01238	0.00825	0.00928	0.00928	0.00928	0.00825	0.00516	0.01238	0.01238	0.01650	0.02681	0.05569	0.03094	0.70092	0.04331	0.00825	0.00825	0.01238	0.00516	0.00516
17	0.01812	0.03774	0.49265	0.03164	0.19803	0.01988	0.03004	0.02673	0.01834	0.02718	0.01547	0.01878	0.01149	0.00795	0.00817	0.00265	0.01193	0.00663	0.00376	0.01282
18	0.01988	0.08500	0.02725	0.06915	0.27084	0.02026	0.01879	0.03062	0.21356	0.02948	0.06912	0.03127	0.02401	0.01050	0.00852	0.00268	0.00844	0.04223	0.00613	0.01226
19	0.01199	0.00831	0.01099	0.01147	0.01290	0.00815	0.00843	0.01502	0.01906	0.02720	0.26069	0.26193	0.05563	0.02723	0.11394	0.00465	0.00745	0.04131	0.08607	0.00758
20	0.03153	0.02343	0.02508	0.01941	0.02608	0.02601	0.01598	0.57736	0.08345	0.05231	0.02147	0.02126	0.01532	0.01031	0.00852	0.00258	0.00917	0.00781	0.00852	0.01440
21	0.02186	0.02725	0.19141	0.05254	0.09721	0.06865	0.02110	0.16955	0.02324	0.03143	0.02272	0.02529	0.07411	0.01107	0.01171	0.00280	0.12284	0.00810	0.00537	0.01173
22	0.02853	0.03463	0.02648	0.06667	0.16446	0.48751	0.01898	0.03155	0.02267	0.02241	0.01389	0.01702	0.01154	0.00849	0.00789	0.00230	0.01397	0.00606	0.00431	0.01063
23	0.01157	0.00797	0.00980	0.01079	0.01112	0.00775	0.00686	0.01245	0.01452	0.01932	0.03672	0.33928	0.04314	0.36479	0.02720	0.00589	0.00677	0.05146	0.00652	0.00609
24	0.01030	0.00854	0.00902	0.00909	0.01169	0.00726	0.00674	0.01261	0.01969	0.02413	0.14502	0.12484	0.53881	0.02147	0.01011	0.00289	0.00432	0.01813	0.00806	0.00726
25	0.01968	0.03522	0.35504	0.02694	0.03619	0.09256	0.18695	0.02712	0.01869	0.02566	0.01513	0.01910	0.01142	0.00864	0.01069	0.00280	0.08533	0.00734	0.00389	0.01163
26	0.01769	0.00969	0.00988	0.00922	0.01174	0.00998	0.00708	0.08623	0.02030	0.03415	0.02695	0.03048	0.02100	0.00995	0.00623	0.00205	0.00456	0.00790	0.66626	0.00866
27	0.01006	0.00862	0.00862	0.00862	0.01149	0.00718	0.00647	0.01221	0.01940	0.02299	0.08621	0.08190	0.64438	0.02155	0.01006	0.00287	0.00431	0.01796	0.00790	0.00718
28	0.01822	0.04207	0.57413	0.02617	0.08101	0.05772	0.03017	0.02730	0.01843	0.02665	0.01520	0.01804	0.01099	0.00809	0.00809	0.00265	0.01256	0.00634	0.00369	0.01248
29	0.02098	0.02017	0.03356	0.04479	0.48343	0.02051	0.08302	0.02941	0.12150	0.02905	0.01923	0.02303	0.01550	0.00820	0.00863	0.00262	0.00997	0.00817	0.00496	0.01328
30	0.01216	0.00912	0.01368	0.01368	0.01520	0.01064	0.01064	0.01520	0.01368	0.01976	0.02279	0.03343	0.02127	0.06382	0.66720	0.01368	0.02279	0.00912	0.00456	0.00760
31	0.02106	0.02022	0.03454	0.05223	0.64784	0.02022	0.02612	0.02612	0.01938	0.02780	0.01601	0.02106	0.01348	0.00758	0.00842	0.00253	0.01011	0.00758	0.00421	0.01348
32	0.02212	0.02003	0.03135	0.14122	0.37485	0.02118	0.05439	0.12566	0.06743	0.03170	0.01804	0.02209	0.01420	0.00843	0.00856	0.00262	0.01015	0.00787	0.00519	0.01291
33	0.01857	0.21868	0.49531	0.02170	0.03288	0.02343	0.02699	0.02656	0.01779	0.02512	0.01436	0.01683	0.01082	0.00787	0.00739	0.00246	0.01166	0.00583	0.00361	0.01214
34	0.02183	0.02168	0.03379	0.05006	0.60325	0.06660	0.02542	0.02668	0.01972	0.02730	0.01580	0.02065	0.01330	0.00767	0.00837	0.00250	0.01049	0.00743	0.00422	0.01322
35	0.01863	0.22563	0.19572	0.01915	0.02642	0.05839	0.09189	0.02409	0.02000	0.02650	0.18009	0.02920	0.02944	0.01023	0.00805	0.00243	0.00968	0.00860	0.00526	0.01060
36	0.01026	0.00844	0.00883	0.00907	0.01144	0.00723	0.00655	0.01218	0.01850	0.02237	0.07701	0.15703	0.52655	0.07093	0.01254	0.00333	0.00467	0.01834	0.00771	0.00700
37	0.02321	0.01502	0.01578	0.01312	0.01726	0.01616	0.01051	0.28711	0.02773	0.04149	0.02449	0.02669	0.01854	0.01005	0.00709	0.00224	0.00637	0.00781	0.41847	0.01085
38	0.01129	0.00901	0.00981	0.00961	0.01204	0.00776	0.00678	0.01309	0.01743	0.02202	0.06214	0.15956	0.37940	0.15130	0.01620	0.00383	0.00535	0.01653	0.00709	0.07976
39	0.02767	0.02345	0.02833	0.03134	0.24897	0.06984	0.01962	0.33436	0.06280	0.04106	0.01907	0.02089	0.01447	0.00924	0.00843	0.00254	0.00992	0.00758	0.00668	0.01373
40	0.03034	0.02625	0.02530	0.02215	0.07054	0.14844	0.01667	0.40822	0.09348	0.04371	0.02011	0.02061	0.01485	0.00988	0.00836	0.00252	0.01031	0.00743	0.00743	0.01342
41	0.01216	0.00912	0.01368	0.01368	0.01520	0.01064	0.01064	0.01520	0.01368	0.01976	0.02279	0.03343	0.02127	0.06382	0.66720	0.01368	0.02279	0.00912	0.00456	0.00760
42	0.01645	0.01512	0.02309	0.02872	0.25833	0.01480	0.05955	0.02244	0.07972	0.02714	0.07580	0.04956	0.22375	0.01412	0.00942	0.00281	0.00773	0.05445	0.00638	0.01061
43	0.03181	0.03991	0.02417	0.02183	0.02631	0.64195	0.01643	0.05666	0.02473	0.02210	0.01344	0.01554	0.01110	0.00883	0.00771	0.00221	0.01511	0.00557	0.00454	0.01004
44	0.01216	0.00912	0.01368	0.01368	0.01520	0.01064	0.01064	0.01520	0.01368	0.01976	0.02279	0.03343	0.02127	0.06382	0.66720	0.01368	0.02279	0.00912	0.00456	0.00760
45	0.02106	0.02022	0.03454	0.05223	0.64784	0.02022	0.02612	0.02612	0.01938	0.02780	0.01601	0.02106	0.01348	0.00758	0.00842	0.00253	0.01011	0.00758	0.00421	0.01348
46	0.02259	0.02569	0.06346	0.10349	0.34123	0.16163	0.10592	0.02761	0.02021	0.02557	0.01543	0.02009	0.01251	0.00790	0.00848	0.00254	0.01208	0.00740	0.00419	0.01197
47	0.01721	0.04301	0.62767	0.02481	0.03720	0.01985	0.05958	0.02697	0.01807	0.02697	0.01537	0.01821	0.01088	0.00804	0.00818	0.00270	0.01266	0.00647	0.00363	0.01252
48	0.01032	0.00868	0.00898	0.00903	0.01182	0.00734	0.00686	0.01265	0.01965	0.02368	0.11353	0.08155	0.58921	0.02142	0.01013	0.00291	0.00445	0.04256	0.00798	0.00726
49	0.02106	0.02022	0.03454	0.05223	0.64784	0.02022	0.02612	0.02612	0.01938	0.02780	0.01601	0.02106	0.01348	0.00758	0.00842	0.00253	0.01011	0.00758	0.00421	0.01348
50	0.02000	0.24217	0.43546	0.02081	0.03144	0.02355	0.02526	0.02734	0.01813	0.06083	0.01528	0.01730	0.01141	0.00798	0.00732	0.00243	0.01122	0.00589	0.00401	0.01219
51	0.01724	0.01080	0.01211	0.01108	0.01376	0.01117	0.00854	0.11808	0.02246	0.03447	0.15676	0.07209	0.03470	0.01639	0.05598	0.00316	0.00631	0.01041	0.37554	0.00896
52	0.01552	0.00959	0.01148	0.01086	0.01391	0.00838	0.00835	0.01827	0.02091	0.13361	0.18394	0.12990	0.33373	0.01942	0.00997	0.00291	0.00500	0.04699	0.00865	0.00862
53	0.10501	0.02503	0.02299	0.17760	0.03149	0.25267	0.01745	0.04502	0.01903	0.02389	0.01388	0.01881	0.01162	0.01311	0.05035	0.00339	0.14815	0.00656	0.00435	0.00960
54	0.01637	0.01427	0.04452	0.05781	0.12329	0.01393	0.01350	0.05058	0.10422	0.02727	0.08746	0.12211	0.03150	0.14779	0.05058	0.00439	0.00838	0.01176	0.06071	0.00956
55	0.01034	0.00752	0.00975	0.01153	0.01226	0.00694	0.00776	0.01189	0.01660	0.02185	0.05075	0.63531	0.11386	0.02616	0.01078	0.00340	0.00488	0.02358	0.00790	0.00694
56	0.01204	0.00811	0.00938	0.00971	0.00979	0.00803	0.00561	0.01229	0.01303	0.01737	0.03016	0.16217	0.03516	0.58869	0.03791	0.00745	0.00770	0.01434	0.00561	0.00545
57	0.02459	0.07609	0.02648	0.02472	0.12327	0.22625	0.04845	0.06797	0.19450	0.02842	0.02442	0.02530	0.05254	0.00999	0.00822	0.00251	0.01059	0.00800	0.00595	0.01173
58	0.02314	0.19070	0.23460	0.02618	0.13509	0.20236	0.02250	0.02842	0.01976	0.02381	0.01402	0.01678	0.01133	0.00800	0.00743	0.00233	0.01213	0.00589	0.00393	0.01160

[dist]
# distance from previous block
# <min> <max>
0	1

[block]
# block no. 1 follows, 21 sequences, length 49
# corresponding to MSA columns:
# 83-131
name=unknown_B
#
# <colnr> <probs for GDERKNQSTAVLIFYWHMCP>
#	G	D	E	R	K	N	Q	S	T	A	V	L	I	F	Y	W	H	M	C	P
0	0.01996	0.01769	0.01744	0.01507	0.01898	0.08021	0.01195	0.17820	0.07655	0.03165	0.04901	0.04790	0.29352	0.01572	0.01128	0.00282	0.08246	0.01215	0.00732	0.01014
1	0.01086	0.00740	0.01001	0.01176	0.01220	0.00697	0.00784	0.01176	0.01572	0.02095	0.04334	0.62112	0.05168	0.02698	0.01335	0.08651	0.00521	0.02233	0.00743	0.00656
2	0.02689	0.06388	0.02652	0.02770	0.18970	0.26653	0.01775	0.08702	0.04875	0.07653	0.07041	0.02307	0.01924	0.00949	0.00814	0.00240	0.01111	0.00744	0.00577	0.01167
3	0.02775	0.02829	0.02377	0.09123	0.05917	0.29737	0.01689	0.19770	0.05192	0.03190	0.01863	0.02313	0.01505	0.00997	0.00820	0.00248	0.01175	0.03496	0.03858	0.01127
4	0.01086	0.00778	0.01050	0.01196	0.01259	0.00769	0.00815	0.01249	0.01550	0.02093	0.04093	0.52399	0.04794	0.09039	0.12978	0.00567	0.00838	0.02052	0.00708	0.00688
5	0.02233	0.07435	0.28997	0.03052	0.19548	0.19129	0.02511	0.02850	0.01992	0.02517	0.01471	0.01785	0.01155	0.00809	0.00792	0.00247	0.01245	0.00632	0.00397	0.01201
6	0.02178	0.02475	0.09303	0.07497	0.44873	0.10128	0.02465	0.02795	0.05114	0.02694	0.01649	0.02067	0.01343	0.00803	0.00831	0.00254	0.01090	0.00730	0.00438	0.01274
7	0.02495	0.06455	0.05530	0.08999	0.28634	0.28539	0.02157	0.02897	0.02095	0.02400	0.01452	0.01835	0.01203	0.00815	0.00796	0.00239	0.01241	0.00651	0.00419	0.01149
8	0.02514	0.53055	0.03919	0.01650	0.02302	0.20062	0.01506	0.02772	0.01909	0.02023	0.01218	0.01410	0.01093	0.00767	0.00604	0.00192	0.01075	0.00480	0.00384	0.01064
9	0.01183	0.00810	0.00981	0.01033	0.01059	0.00810	0.00634	0.01248	0.01352	0.01815	0.03177	0.22249	0.03680	0.46912	0.08764	0.00745	0.00861	0.01522	0.00583	0.00583
10	0.01782	0.01641	0.02727	0.09483	0.43031	0.01660	0.02110	0.02198	0.01836	0.02569	0.02408	0.19902	0.02459	0.01269	0.00907	0.00280	0.00885	0.01196	0.00515	0.01141
11	0.01811	0.01405	0.01621	0.01579	0.04350	0.01449	0.01202	0.17684	0.07848	0.03272	0.04903	0.12961	0.21598	0.01807	0.00988	0.00305	0.00685	0.12733	0.00797	0.01001
12	0.01011	0.00841	0.00884	0.00919	0.01164	0.00714	0.00672	0.01215	0.01885	0.02277	0.07925	0.19048	0.54029	0.02246	0.01020	0.00298	0.00442	0.01906	0.00790	0.00714
13	0.01238	0.00825	0.00928	0.00928	0.00928	0.00825	0.00516	0.01238	0.01238	0.01650	0.02681	0.05569	0.03094	0.70092	0.04331	0.00825	0.00825	0.01238	0.00516	0.00516
14	0.02205	0.01808	0.01927	0.01721	0.02211	0.02072	0.01342	0.04503	0.60101	0.06757	0.03458	0.03161	0.02572	0.01149	0.00865	0.00287	0.00676	0.00957	0.00876	0.01352
15	0.01217	0.00907	0.01344	0.01344	0.01487	0.01051	0.01034	0.01504	0.01361	0.01958	0.02301	0.03464	0.02180	0.09849	0.63326	0.01338	0.02200	0.00930	0.00459	0.00747
16	0.02964	0.02226	0.02378	0.01868	0.02501	0.02464	0.01528	0.51015	0.11715	0.04956	0.02593	0.02531	0.05068	0.01102	0.00862	0.00262	0.00874	0.00849	0.00850	0.01394
17	0.01047	0.00864	0.00920	0.00906	0.01175	0.00736	0.00679	0.01302	0.02038	0.02532	0.20282	0.07806	0.52632	0.02068	0.01005	0.00283	0.00425	0.01742	0.00821	0.00736
18	0.01031	0.00762	0.00965	0.01128	0.01219	0.00696	0.00765	0.01191	0.01684	0.02195	0.05386	0.58678	0.16038	0.02576	0.01072	0.00335	0.00483	0.02309	0.00790	0.00696
19	0.01037	0.00741	0.00987	0.01185	0.01234	0.00691	0.00790	0.01185	0.01629	0.02172	0.04690	0.69537	0.05629	0.02666	0.01086	0.00346	0.00494	0.02419	0.00790	0.00691
20	0.03071	0.02225	0.02379	0.01842	0.02475	0.02455	0.01516	0.55977	0.03781	0.05145	0.02116	0.02156	0.01520	0.01019	0.00826	0.00250	0.00883	0.00769	0.08214	0.01382
21	0.02224	0.02390	0.02882	0.25164	0.28942	0.19028	0.02275	0.02675	0.01985	0.02396	0.01496	0.02009	0.01211	0.00820	0.00825	0.00254	0.01190	0.00702	0.00412	0.01120
22	0.01607	0.01513	0.02552	0.68047	0.05861	0.01891	0.02363	0.02174	0.01702	0.02174	0.01513	0.02269	0.01134	0.00851	0.00851	0.00284	0.01134	0.00756	0.00378	0.00945
23	0.01110	0.00878	0.01007	0.01007	0.01256	0.00774	0.00777	0.01404	0.02092	0.02682	0.25971	0.07760	0.39807	0.02044	0.01024	0.00293	0.00461	0.08064	0.00836	0.00753
24	0.01731	0.01326	0.01541	0.01419	0.01760	0.01325	0.01059	0.14420	0.08892	0.03088	0.03497	0.37384	0.03728	0.01833	0.00941	0.00286	0.00628	0.01610	0.00766	0.12768
25	0.01119	0.00819	0.00919	0.00961	0.01066	0.00762	0.00617	0.01221	0.01551	0.01974	0.05052	0.20105	0.23682	0.33472	0.02551	0.00547	0.00625	0.01673	0.00664	0.00619
26	0.01927	0.02092	0.06753	0.03023	0.14044	0.01832	0.26472	0.02488	0.01872	0.02712	0.01594	0.02050	0.01271	0.00744	0.00948	0.00235	0.04730	0.00774	0.00445	0.23994
27	0.01973	0.05627	0.03167	0.15854	0.37537	0.02194	0.02347	0.02410	0.01751	0.02474	0.01461	0.02044	0.01247	0.00927	0.01236	0.00280	0.15161	0.00739	0.00400	0.01173
28	0.02251	0.22520	0.32158	0.02097	0.02993	0.19420	0.02284	0.02840	0.01940	0.02343	0.01377	0.01609	0.01087	0.00804	0.00725	0.00232	0.01235	0.00560	0.00381	0.01141
29	0.01830	0.02248	0.18761	0.01879	0.02391	0.01778	0.01824	0.02366	0.04234	0.07592	0.07786	0.09544	0.02381	0.01314	0.01449	0.00293	0.21534	0.00956	0.00555	0.09285
30	0.01903	0.01287	0.01897	0.02342	0.18239	0.01243	0.01409	0.02338	0.05284	0.13748	0.10180	0.26729	0.03947	0.01679	0.00964	0.00297	0.00683	0.04022	0.00759	0.01050
31	0.02076	0.01991	0.03400	0.09012	0.61231	0.02014	0.02597	0.02585	0.01924	0.02744	0.01595	0.02116	0.01335	0.00764	0.00843	0.00255	0.01018	0.00758	0.00419	0.01324
32	0.02525	0.22500	0.02884	0.02042	0.06099	0.30589	0.01588	0.02970	0.06836	0.02279	0.01896	0.02747	0.01745	0.01049	0.00771	0.00239	0.01154	0.08547	0.00496	0.01039
33	0.01420	0.00877	0.01164	0.01170	0.01355	0.00803	0.00847	0.01702	0.02068	0.09737	0.31287	0.33817	0.06315	0.02072	0.01024	0.00302	0.00478	0.01851	0.00885	0.00825
34	0.01099	0.00806	0.01031	0.01101	0.01239	0.00738	0.00778	0.01354	0.01972	0.02674	0.28552	0.37357	0.13671	0.02241	0.01044	0.00308	0.00450	0.01999	0.00848	0.00738
35	0.01046	0.00756	0.00973	0.01142	0.01209	0.00702	0.00761	0.01191	0.01632	0.02152	0.04902	0.60480	0.10460	0.06688	0.01275	0.00370	0.00508	0.02295	0.00773	0.00683
36	0.02536	0.01821	0.02074	0.05288	0.02393	0.01980	0.01404	0.36305	0.06529	0.07497	0.02864	0.19964	0.02634	0.01455	0.00914	0.00283	0.00804	0.01218	0.00821	0.01215
37	0.01216	0.00912	0.01368	0.01368	0.01520	0.01064	0.01064	0.01520	0.01368	0.01976	0.02279	0.03343	0.02127	0.06382	0.66720	0.01368	0.02279	0.00912	0.00456	0.00760
38	0.01076	0.00871	0.00960	0.00954	0.01214	0.00754	0.00726	0.01349	0.02060	0.02596	0.22576	0.07801	0.46801	0.02060	0.01015	0.00288	0.00443	0.04884	0.00827	0.00744
39	0.02233	0.08698	0.02762	0.02021	0.02484	0.04677	0.11826	0.13007	0.05514	0.08230	0.02629	0.13349	0.04888	0.01338	0.01209	0.00290	0.12015	0.01096	0.00640	0.01096
40	0.01504	0.01368	0.01577	0.01521	0.01613	0.06868	0.01145	0.01674	0.01543	0.02041	0.03043	0.21310	0.06363	0.14509	0.09362	0.00539	0.18791	0.03903	0.00564	0.00762
41	0.01606	0.01554	0.01723	0.05551	0.11563	0.11281	0.01302	0.01877	0.01785	0.02208	0.03635	0.17728	0.13612	0.06336	0.13841	0.00522	0.01122	0.01315	0.00576	0.00861
42	0.02102	0.02240	0.02364	0.02972	0.26193	0.18857	0.01729	0.02616	0.07261	0.02534	0.03534	0.03649	0.18024	0.01192	0.00868	0.00256	0.00969	0.00993	0.00561	0.01086
43	0.11399	0.20954	0.12368	0.05761	0.07980	0.20934	0.01839	0.02854	0.01945	0.04812	0.01408	0.01651	0.01133	0.00812	0.00700	0.00230	0.01125	0.00566	0.00436	0.01093
44	0.02199	0.06574	0.12709	0.08452	0.19278	0.20991	0.02105	0.02660	0.01942	0.02352	0.01572	0.02039	0.01310	0.01612	0.10222	0.00404	0.01391	0.00681	0.00415	0.01095
45	0.02262	0.10720	0.19856	0.03376	0.27540	0.16800	0.02406	0.02805	0.01984	0.02513	0.01470	0.01812	0.01191	0.00795	0.00784	0.00242	0.01184	0.00643	0.00402	0.01214
46	0.02367	0.14236	0.15084	0.03208	0.25134	0.20846	0.02246	0.02844	0.02014	0.02437	0.01437	0.01762	0.01183	0.00797	0.00766	0.00235	0.01192	0.00624	0.00405	0.01185
47	0.08208	0.09359	0.02867	0.03570	0.38147	0.01931	0.01955	0.02437	0.04851	0.02713	0.02158	0.13951	0.02103	0.01115	0.00827	0.00264	0.00862	0.01003	0.00511	0.01167
48	0.07711	0.01782	0.15733	0.04038	0.02001	0.01268	0.01370	0.01947	0.04205	0.02591	0.09998	0.07522	0.11262	0.13103	0.07504	0.00465	0.00908	0.01120	0.04597	0.00875

[dist]
# distance from previous block
# <min> <max>
1	55

[block]
# block no. 2 follows, 21 sequences, length 84
# corresponding to MSA columns:
# 187-270
name=unknown_C
#
# <colnr> <probs for GDERKNQSTAVLIFYWHMCP>
#	G	D	E	R	K	N	Q	S	T	A	V	L	I	F	Y	W	H	M	C	P
0	0.09199	0.02104	0.08739	0.02507	0.17701	0.07943	0.01730	0.08914	0.02065	0.05864	0.02557	0.02881	0.08379	0.02033	0.13216	0.00467	0.01206	0.00844	0.00551	0.01099
1	0.06435	0.27202	0.09511	0.08293	0.05919	0.02443	0.10217	0.02652	0.04708	0.05379	0.01744	0.02321	0.01468	0.00916	0.00845	0.00253	0.04034	0.04088	0.00467	0.01108
2	0.02010	0.03115	0.25177	0.09046	0.06855	0.11817	0.17053	0.02795	0.05541	0.02591	0.01800	0.05046	0.01445	0.00901	0.00872	0.00271	0.01251	0.00828	0.00443	0.01144
3	0.06910	0.08188	0.05849	0.02969	0.26555	0.11909	0.01829	0.05087	0.02046	0.02684	0.02957	0.03142	0.14263	0.01079	0.00817	0.00250	0.00950	0.00888	0.00518	0.01112
4	0.02143	0.37637	0.24508	0.01848	0.02696	0.10154	0.02012	0.02654	0.01862	0.02306	0.04146	0.01753	0.01399	0.00818	0.00680	0.00219	0.01076	0.00572	0.00397	0.01122
5	0.02044	0.05683	0.18905	0.06396	0.14510	0.07524	0.02075	0.09696	0.05848	0.03098	0.13193	0.02787	0.02542	0.01020	0.00846	0.00258	0.00983	0.00849	0.00574	0.01170
6	0.02374	0.14181	0.02514	0.02163	0.14880	0.01812	0.01460	0.06270	0.06161	0.18248	0.06640	0.03595	0.13802	0.01180	0.00833	0.00252	0.00755	0.00976	0.00717	0.01185
7	0.02550	0.02830	0.02654	0.03114	0.24012	0.29555	0.01896	0.03276	0.13368	0.02626	0.01817	0.02043	0.01466	0.00876	0.00805	0.00239	0.01155	0.00695	0.00514	0.04510
8	0.01988	0.24348	0.28235	0.01829	0.02773	0.02259	0.02039	0.05998	0.01898	0.02652	0.01446	0.01669	0.01146	0.00755	0.00688	0.00209	0.00987	0.00554	0.00423	0.18106
9	0.01079	0.00740	0.00999	0.01178	0.01222	0.00696	0.00785	0.01178	0.01579	0.02106	0.04382	0.63100	0.05229	0.02694	0.01302	0.07546	0.00517	0.02258	0.00750	0.00660
10	0.01037	0.00741	0.00987	0.01185	0.01234	0.00691	0.00790	0.01185	0.01629	0.02172	0.04690	0.69537	0.05629	0.02666	0.01086	0.00346	0.00494	0.02419	0.00790	0.00691
11	0.01037	0.00741	0.00987	0.01185	0.01234	0.00691	0.00790	0.01185	0.01629	0.02172	0.04690	0.69537	0.05629	0.02666	0.01086	0.00346	0.00494	0.02419	0.00790	0.00691
12	0.01217	0.00969	0.01115	0.01156	0.01386	0.00930	0.00866	0.01740	0.09985	0.02571	0.12275	0.24127	0.28579	0.02138	0.01026	0.00312	0.00512	0.07474	0.00815	0.00809
13	0.01094	0.00788	0.00959	0.01060	0.01140	0.00737	0.00694	0.01224	0.01606	0.02107	0.07469	0.39846	0.14110	0.20845	0.01951	0.00463	0.00570	0.01962	0.00722	0.00653
14	0.02106	0.02022	0.03454	0.05223	0.64784	0.02022	0.02612	0.02612	0.01938	0.02780	0.01601	0.02106	0.01348	0.00758	0.00842	0.00253	0.01011	0.00758	0.00421	0.01348
15	0.01222	0.00886	0.01236	0.01236	0.01342	0.00992	0.00899	0.01435	0.01329	0.01878	0.02400	0.04011	0.02418	0.25506	0.47993	0.01205	0.01843	0.01010	0.00474	0.00687
16	0.01023	0.00796	0.00931	0.01039	0.01196	0.00704	0.00725	0.01201	0.01770	0.02230	0.06472	0.41724	0.32291	0.02435	0.01050	0.00319	0.00465	0.02137	0.00790	0.00704
17	0.01200	0.00853	0.01036	0.01036	0.01115	0.00874	0.00679	0.01310	0.01367	0.01824	0.03377	0.05333	0.11123	0.44039	0.20410	0.00896	0.01157	0.01227	0.00537	0.00608
18	0.01248	0.00951	0.01398	0.01380	0.01515	0.01122	0.01066	0.01526	0.01356	0.01958	0.02250	0.03418	0.02142	0.10299	0.59612	0.01285	0.05340	0.00925	0.00456	0.00752
19	0.01037	0.00741	0.00987	0.01185	0.01234	0.00691	0.00790	0.01185	0.01629	0.02172	0.04690	0.69537	0.05629	0.02666	0.01086	0.00346	0.00494	0.02419	0.00790	0.00691
20	0.03179	0.04056	0.02412	0.02192	0.02631	0.66676	0.01644	0.03398	0.02412	0.02083	0.01315	0.01535	0.01096	0.00877	0.00767	0.00219	0.01535	0.00548	0.00438	0.00987
21	0.01135	0.00862	0.01045	0.01011	0.01232	0.00771	0.00754	0.01467	0.02227	0.03008	0.44217	0.09809	0.25537	0.01912	0.01008	0.00277	0.00415	0.01659	0.00884	0.00771
22	0.02261	0.54663	0.13035	0.01692	0.02497	0.03008	0.04374	0.02658	0.01787	0.05350	0.01366	0.01546	0.01150	0.00756	0.00619	0.00203	0.00973	0.00525	0.00401	0.01136
23	0.01365	0.01120	0.01607	0.01522	0.01624	0.01392	0.01192	0.01612	0.01340	0.01960	0.02054	0.03225	0.01992	0.11547	0.45986	0.01087	0.17250	0.00906	0.00443	0.00775
24	0.02275	0.70604	0.04459	0.01456	0.02184	0.03367	0.01456	0.02548	0.01729	0.02002	0.01183	0.01365	0.01092	0.00728	0.00546	0.00182	0.00910	0.00455	0.00364	0.01092
25	0.02297	0.02338	0.03186	0.08680	0.48126	0.12659	0.02395	0.05206	0.02087	0.02735	0.01567	0.02020	0.01297	0.00795	0.00831	0.00249	0.01102	0.00724	0.00439	0.01267
26	0.01403	0.01008	0.01238	0.01171	0.01444	0.00996	0.00900	0.01910	0.07855	0.06759	0.21723	0.05655	0.23335	0.02916	0.17220	0.00547	0.00922	0.01365	0.00773	0.00860
27	0.01006	0.00862	0.00862	0.00862	0.01149	0.00718	0.00647	0.01221	0.01940	0.02299	0.08621	0.08190	0.64438	0.02155	0.01006	0.00287	0.00431	0.01796	0.00790	0.00718
28	0.01221	0.00890	0.01259	0.01259	0.01373	0.01005	0.00928	0.01450	0.01336	0.01895	0.02379	0.03893	0.02366	0.22125	0.51304	0.01234	0.01920	0.00992	0.00471	0.00699
29	0.03182	0.03971	0.02419	0.02180	0.02631	0.63425	0.01643	0.06371	0.02492	0.02249	0.01352	0.01560	0.01114	0.00884	0.00772	0.00221	0.01504	0.00559	0.00459	0.01010
30	0.01482	0.01303	0.01878	0.01724	0.01814	0.01699	0.01392	0.01737	0.01341	0.02005	0.01801	0.02734	0.01712	0.04369	0.40412	0.00958	0.29545	0.00843	0.00422	0.00830
31	0.01030	0.00843	0.00909	0.00935	0.01175	0.00722	0.00685	0.01252	0.01934	0.02385	0.13334	0.18058	0.49387	0.02199	0.01019	0.00295	0.00438	0.01873	0.00804	0.00722
32	0.01216	0.00912	0.01368	0.01368	0.01520	0.01064	0.01064	0.01520	0.01368	0.01976	0.02279	0.03343	0.02127	0.06382	0.66720	0.01368	0.02279	0.00912	0.00456	0.00760
33	0.02926	0.02343	0.03059	0.02302	0.02990	0.02539	0.13858	0.47283	0.03478	0.04682	0.01937	0.02087	0.01401	0.00980	0.00967	0.00267	0.03980	0.00814	0.00745	0.01364
34	0.01740	0.08288	0.62089	0.02369	0.03595	0.02058	0.03045	0.02686	0.01793	0.02654	0.01507	0.01771	0.01079	0.00804	0.00793	0.00264	0.01237	0.00619	0.00360	0.01248
35	0.01037	0.00741	0.00987	0.01185	0.01234	0.00691	0.00790	0.01185	0.01629	0.02172	0.04690	0.69537	0.05629	0.02666	0.01086	0.00346	0.00494	0.02419	0.00790	0.00691
36	0.03196	0.03550	0.02455	0.02122	0.02633	0.47310	0.01636	0.21104	0.02892	0.03075	0.01536	0.01688	0.01202	0.00921	0.00793	0.00230	0.01354	0.00614	0.00563	0.01126
37	0.03179	0.04056	0.02412	0.02192	0.02631	0.66676	0.01644	0.03398	0.02412	0.02083	0.01315	0.01535	0.01096	0.00877	0.00767	0.00219	0.01535	0.00548	0.00438	0.00987
38	0.01268	0.01675	0.15626	0.01577	0.01977	0.01133	0.03943	0.01672	0.01648	0.02276	0.03644	0.29375	0.09222	0.03040	0.17231	0.00573	0.01139	0.01529	0.00596	0.00856
39	0.01006	0.00862	0.00862	0.00862	0.01149	0.00718	0.00647	0.01221	0.01940	0.02299	0.08621	0.08190	0.64438	0.02155	0.01006	0.00287	0.00431	0.01796	0.00790	0.00718
40	0.05768	0.20210	0.34411	0.02026	0.02999	0.02454	0.02304	0.14871	0.02218	0.03129	0.01532	0.01721	0.01150	0.00832	0.00739	0.00245	0.01076	0.00606	0.00470	0.01240
41	0.01324	0.01945	0.21961	0.01530	0.01957	0.01139	0.01494	0.01680	0.01569	0.02189	0.03043	0.30078	0.03362	0.15925	0.01808	0.05298	0.00825	0.01487	0.00567	0.00818
42	0.01434	0.01046	0.01444	0.01387	0.01593	0.01198	0.01086	0.07359	0.01648	0.02379	0.02289	0.03207	0.02066	0.05516	0.56080	0.01185	0.02028	0.00890	0.05337	0.00828
43	0.02601	0.02059	0.02199	0.01804	0.02393	0.02290	0.01448	0.30401	0.32382	0.04326	0.02693	0.02570	0.01989	0.01060	0.00844	0.00263	0.00790	0.00843	0.00836	0.06209
44	0.01037	0.00741	0.00987	0.01185	0.01234	0.00691	0.00790	0.01185	0.01629	0.02172	0.04690	0.69537	0.05629	0.02666	0.01086	0.00346	0.00494	0.02419	0.00790	0.00691
45	0.01771	0.11896	0.58753	0.02316	0.03514	0.02134	0.02953	0.02678	0.01789	0.02617	0.01488	0.01748	0.01080	0.00799	0.00779	0.00260	0.01218	0.00609	0.00360	0.01239
46	0.01725	0.04278	0.62125	0.02494	0.03728	0.01987	0.06578	0.02697	0.01809	0.02697	0.01539	0.01826	0.01091	0.00803	0.00820	0.00271	0.01268	0.00651	0.00364	0.01251
47	0.01037	0.00741	0.00987	0.01185	0.01234	0.00691	0.00790	0.01185	0.01629	0.02172	0.04690	0.69537	0.05629	0.02666	0.01086	0.00346	0.00494	0.02419	0.00790	0.00691
48	0.01692	0.01657	0.01452	0.01348	0.01607	0.17080	0.01011	0.02049	0.02410	0.03084	0.48763	0.05165	0.06316	0.01527	0.00945	0.00256	0.00681	0.01294	0.00814	0.00848
49	0.01583	0.03529	0.49734	0.02091	0.03087	0.01686	0.02566	0.02426	0.01948	0.02872	0.17047	0.02924	0.02796	0.01039	0.00857	0.00269	0.01046	0.00854	0.00502	0.01145
50	0.01940	0.01334	0.01408	0.01263	0.01616	0.01453	0.00986	0.11903	0.19048	0.03516	0.03128	0.03264	0.05368	0.01360	0.03908	0.00293	0.00649	0.00893	0.35629	0.01042
51	0.01121	0.00867	0.01022	0.00983	0.01220	0.00768	0.00738	0.01445	0.02213	0.02947	0.41043	0.07123	0.31612	0.01913	0.01005	0.00276	0.00414	0.01646	0.00876	0.00768
52	0.02303	0.02395	0.03263	0.04668	0.53393	0.13871	0.02434	0.02756	0.02025	0.02652	0.01548	0.02001	0.01302	0.00780	0.00829	0.00247	0.01107	0.00720	0.00424	0.01282
53	0.01075	0.00770	0.00963	0.01100	0.01163	0.00722	0.00719	0.01199	0.01579	0.02077	0.04664	0.50294	0.10904	0.16524	0.01748	0.00439	0.00556	0.02114	0.00733	0.00658
54	0.01026	0.00827	0.00914	0.00968	0.01181	0.00716	0.00697	0.01233	0.01877	0.02328	0.10752	0.25819	0.44127	0.02279	0.01029	0.00303	0.00447	0.01961	0.00799	0.00716
55	0.03235	0.02384	0.02554	0.01958	0.02639	0.02639	0.01618	0.61946	0.04001	0.05363	0.02043	0.02043	0.01447	0.01022	0.00851	0.00255	0.00936	0.00766	0.00851	0.01447
56	0.03169	0.02687	0.02495	0.01993	0.02616	0.15287	0.01609	0.47534	0.06601	0.04625	0.01969	0.01998	0.01434	0.00999	0.00835	0.00250	0.01042	0.00733	0.00770	0.01351
57	0.01180	0.00834	0.00912	0.00912	0.00983	0.00799	0.00548	0.01234	0.01411	0.01810	0.04149	0.06217	0.18252	0.53305	0.03510	0.00692	0.00728	0.01376	0.00584	0.00566
58	0.02106	0.02022	0.03454	0.05223	0.64784	0.02022	0.02612	0.02612	0.01938	0.02780	0.01601	0.02106	0.01348	0.00758	0.00842	0.00253	0.01011	0.00758	0.00421	0.01348
59	0.03014	0.16204	0.02785	0.02058	0.02549	0.55119	0.01610	0.03243	0.02287	0.02068	0.01291	0.01504	0.01095	0.00850	0.00727	0.00212	0.01421	0.00531	0.00425	0.01006
60	0.02106	0.02022	0.03454	0.05223	0.64784	0.02022	0.02612	0.02612	0.01938	0.02780	0.01601	0.02106	0.01348	0.00758	0.00842	0.00253	0.01011	0.00758	0.00421	0.01348
61	0.02106	0.02022	0.03454	0.05223	0.64784	0.02022	0.02612	0.02612	0.01938	0.02780	0.01601	0.02106	0.01348	0.00758	0.00842	0.00253	0.01011	0.00758	0.00421	0.01348
62	0.01478	0.00739	0.01109	0.01109	0.01109	0.00739	0.00739	0.01109	0.01109	0.01478	0.01478	0.02587	0.01478	0.02956	0.03326	0.75240	0.00739	0.00739	0.00370	0.00370
63	0.01518	0.01025	0.01180	0.01085	0.01410	0.00936	0.00832	0.02000	0.07654	0.10641	0.24318	0.06523	0.34051	0.01802	0.00974	0.00279	0.00481	0.01526	0.00874	0.00892
64	0.03179	0.04056	0.02412	0.02192	0.02631	0.66676	0.01644	0.03398	0.02412	0.02083	0.01315	0.01535	0.01096	0.00877	0.00767	0.00219	0.01535	0.00548	0.00438	0.00987
65	0.01914	0.01958	0.03574	0.02720	0.03187	0.02140	0.31181	0.05347	0.01786	0.02510	0.01668	0.02512	0.01458	0.07912	0.04988	0.00415	0.22341	0.00929	0.00443	0.01016
66	0.02106	0.02022	0.03454	0.05223	0.64784	0.02022	0.02612	0.02612	0.01938	0.02780	0.01601	0.02106	0.01348	0.00758	0.00842	0.00253	0.01011	0.00758	0.00421	0.01348
67	0.01211	0.00892	0.01121	0.01141	0.01338	0.00833	0.00887	0.01532	0.02083	0.02793	0.31806	0.07467	0.17962	0.08878	0.01384	0.00359	0.00547	0.16188	0.00826	0.00752
68	0.01224	0.00827	0.00924	0.00924	0.00941	0.00819	0.00523	0.01237	0.01279	0.01688	0.03030	0.05723	0.06695	0.66104	0.04136	0.00793	0.00802	0.01270	0.00532	0.00528
69	0.02893	0.02190	0.02336	0.01851	0.02471	0.02428	0.01510	0.47563	0.15042	0.04844	0.02697	0.02617	0.05362	0.01113	0.00863	0.00264	0.00857	0.00864	0.00850	0.01386
70	0.01607	0.01513	0.02552	0.68047	0.05861	0.01891	0.02363	0.02174	0.01702	0.02174	0.01513	0.02269	0.01134	0.00851	0.00851	0.00284	0.01134	0.00756	0.00378	0.00945
71	0.01683	0.00886	0.00896	0.00861	0.01088	0.00901	0.00655	0.05500	0.01915	0.03301	0.02733	0.03106	0.02138	0.00993	0.00610	0.00202	0.00428	0.00792	0.70479	0.00832
72	0.01015	0.00862	0.00875	0.00872	0.01155	0.00722	0.00654	0.01239	0.01961	0.02351	0.11206	0.08105	0.61821	0.02136	0.01006	0.00286	0.00430	0.01784	0.00797	0.00722
73	0.02993	0.17783	0.02834	0.02041	0.02539	0.53617	0.01605	0.03223	0.02271	0.02066	0.01288	0.01500	0.01095	0.00846	0.00722	0.00212	0.01406	0.00529	0.00423	0.01008
74	0.01727	0.04285	0.62622	0.02563	0.06688	0.01979	0.03118	0.02691	0.01804	0.02699	0.01531	0.01812	0.01091	0.00806	0.00810	0.00269	0.01246	0.00635	0.00362	0.01262
75	0.01048	0.00864	0.00921	0.00907	0.01176	0.00737	0.00680	0.01304	0.02040	0.02538	0.20574	0.07797	0.52337	0.02066	0.01005	0.00283	0.00425	0.01741	0.00822	0.00737
76	0.01123	0.00867	0.01024	0.00985	0.01221	0.00768	0.00739	0.01448	0.02216	0.02955	0.41446	0.07110	0.31204	0.01910	0.01005	0.00276	0.00414	0.01645	0.00877	0.00768
77	0.02428	0.02682	0.02929	0.07127	0.36173	0.25457	0.02173	0.02823	0.02071	0.02457	0.01525	0.01966	0.01283	0.01076	0.03982	0.00296	0.01268	0.00689	0.00427	0.01168
78	0.01833	0.01744	0.02961	0.39565	0.32575	0.01950	0.02476	0.02373	0.01809	0.02449	0.01553	0.02195	0.01231	0.00809	0.00847	0.00270	0.01078	0.00757	0.00398	0.01128
79	0.02140	0.01820	0.01735	0.01528	0.01841	0.12182	0.01150	0.19103	0.02279	0.02935	0.02184	0.03256	0.02022	0.20568	0.17349	0.00661	0.01297	0.00891	0.04128	0.00931
80	0.02581	0.02668	0.02746	0.03002	0.20611	0.22146	0.04699	0.10930	0.16139	0.03070	0.01994	0.02170	0.01561	0.00916	0.00833	0.00252	0.01108	0.00752	0.00582	0.01239
81	0.02391	0.16587	0.17356	0.02286	0.03059	0.13194	0.13075	0.08600	0.04623	0.05632	0.01655	0.01893	0.01270	0.00862	0.00878	0.00250	0.04034	0.00693	0.00487	0.01176
82	0.29028	0.01571	0.07086	0.01542	0.05845	0.01416	0.01265	0.02041	0.01749	0.02985	0.03838	0.05023	0.17565	0.01483	0.00839	0.00298	0.00707	0.14192	0.00629	0.00898
83	0.01939	0.02447	0.17244	0.09580	0.25322	0.01944	0.06199	0.05070	0.09633	0.02874	0.02164	0.02470	0.04423	0.00897	0.00848	0.00263	0.01018	0.00809	0.00497	0.04357

[dist]
# distance from previous block
# <min> <max>
2	9

[block]
# block no. 3 follows, 21 sequences, length 37
# corresponding to MSA columns:
# 280-316
name=unknown_D
#
# <colnr> <probs for GDERKNQSTAVLIFYWHMCP>
#	G	D	E	R	K	N	Q	S	T	A	V	L	I	F	Y	W	H	M	C	P
0	0.01675	0.01683	0.01483	0.01416	0.01718	0.14209	0.01105	0.02160	0.08577	0.02487	0.09567	0.05977	0.29289	0.01747	0.01079	0.00292	0.05052	0.08908	0.00711	0.00867
1	0.02590	0.02229	0.02029	0.01722	0.02156	0.15742	0.01360	0.27972	0.02814	0.03692	0.02177	0.07016	0.01824	0.01404	0.04311	0.00307	0.04386	0.00849	0.14307	0.01113
2	0.02918	0.03562	0.02665	0.02929	0.17738	0.50961	0.01879	0.03207	0.02296	0.02252	0.01385	0.01674	0.01157	0.00848	0.00786	0.00227	0.01407	0.00599	0.00434	0.01074
3	0.01353	0.01047	0.01262	0.01215	0.01423	0.01111	0.00892	0.01980	0.12967	0.02482	0.13790	0.05009	0.12593	0.17854	0.20510	0.00710	0.01085	0.01226	0.00673	0.00816
4	0.01029	0.00773	0.00954	0.01100	0.01212	0.00698	0.00752	0.01195	0.01711	0.02206	0.05726	0.53377	0.21120	0.02532	0.01065	0.00330	0.00477	0.02255	0.00790	0.00698
5	0.01276	0.01042	0.01149	0.01091	0.01385	0.01003	0.00827	0.01956	0.13362	0.02901	0.26204	0.06659	0.34313	0.01833	0.00979	0.00281	0.00466	0.01557	0.00853	0.00862
6	0.02505	0.02477	0.02178	0.02021	0.04976	0.19170	0.01504	0.09721	0.38911	0.03313	0.02682	0.02588	0.02038	0.01052	0.00838	0.00266	0.00940	0.00826	0.00733	0.01262
7	0.01006	0.00862	0.00862	0.00862	0.01149	0.00718	0.00647	0.01221	0.01940	0.02299	0.08621	0.08190	0.64438	0.02155	0.01006	0.00287	0.00431	0.01796	0.00790	0.00718
8	0.01020	0.00863	0.00882	0.00877	0.01158	0.00724	0.00658	0.01249	0.01973	0.02378	0.12596	0.08059	0.60414	0.02126	0.01006	0.00286	0.00429	0.01778	0.00801	0.00724
9	0.02106	0.02022	0.03454	0.05223	0.64784	0.02022	0.02612	0.02612	0.01938	0.02780	0.01601	0.02106	0.01348	0.00758	0.00842	0.00253	0.01011	0.00758	0.00421	0.01348
10	0.03522	0.01923	0.02269	0.01739	0.02409	0.01955	0.01437	0.33471	0.03230	0.34928	0.02691	0.02464	0.01772	0.01037	0.00854	0.00259	0.00832	0.00810	0.00951	0.01448
11	0.01586	0.00793	0.00793	0.00793	0.00991	0.00793	0.00595	0.01983	0.01785	0.03173	0.02776	0.03173	0.02181	0.00991	0.00595	0.00198	0.00397	0.00793	0.74817	0.00793
12	0.03235	0.02384	0.02554	0.01958	0.02639	0.02639	0.01618	0.61946	0.04001	0.05363	0.02043	0.02043	0.01447	0.01022	0.00851	0.00255	0.00936	0.00766	0.00851	0.01447
13	0.01607	0.01513	0.02552	0.68047	0.05861	0.01891	0.02363	0.02174	0.01702	0.02174	0.01513	0.02269	0.01134	0.00851	0.00851	0.00284	0.01134	0.00756	0.00378	0.00945
14	0.01037	0.00741	0.00987	0.01185	0.01234	0.00691	0.00790	0.01185	0.01629	0.02172	0.04690	0.69537	0.05629	0.02666	0.01086	0.00346	0.00494	0.02419	0.00790	0.00691
15	0.03179	0.04056	0.02412	0.02192	0.02631	0.66676	0.01644	0.03398	0.02412	0.02083	0.01315	0.01535	0.01096	0.00877	0.00767	0.00219	0.01535	0.00548	0.00438	0.00987
16	0.01365	0.00864	0.01136	0.01136	0.01307	0.00955	0.00875	0.01706	0.01536	0.02458	0.02480	0.03274	0.02149	0.04209	0.40059	0.00896	0.01520	0.00864	0.30437	0.00773
17	0.01707	0.04402	0.65683	0.02426	0.03683	0.01976	0.03144	0.02695	0.01797	0.02695	0.01527	0.01797	0.01078	0.00809	0.00809	0.00270	0.01258	0.00629	0.00359	0.01258
18	0.01006	0.00862	0.00862	0.00862	0.01149	0.00718	0.00647	0.01221	0.01940	0.02299	0.08621	0.08190	0.64438	0.02155	0.01006	0.00287	0.00431	0.01796	0.00790	0.00718
19	0.06434	0.02245	0.01973	0.01745	0.02218	0.18847	0.01358	0.03757	0.26599	0.14584	0.02644	0.02615	0.01978	0.01557	0.07285	0.00370	0.01067	0.00802	0.00731	0.01191
20	0.02275	0.70604	0.04459	0.01456	0.02184	0.03367	0.01456	0.02548	0.01729	0.02002	0.01183	0.01365	0.01092	0.00728	0.00546	0.00182	0.00910	0.00455	0.00364	0.01092
21	0.01006	0.00862	0.00862	0.00862	0.01149	0.00718	0.00647	0.01221	0.01940	0.02299	0.08621	0.08190	0.64438	0.02155	0.01006	0.00287	0.00431	0.01796	0.00790	0.00718
22	0.02013	0.02056	0.03476	0.02704	0.03063	0.02445	0.23479	0.06567	0.01751	0.02530	0.01402	0.02032	0.01204	0.01177	0.02008	0.00333	0.39449	0.00840	0.00428	0.01046
23	0.01287	0.11267	0.01526	0.01106	0.01431	0.01171	0.00920	0.01567	0.01971	0.02441	0.13818	0.07200	0.36963	0.01926	0.00968	0.00288	0.00563	0.12046	0.00744	0.00797
24	0.01037	0.00741	0.00987	0.01185	0.01234	0.00691	0.00790	0.01185	0.01629	0.02172	0.04690	0.69537	0.05629	0.02666	0.01086	0.00346	0.00494	0.02419	0.00790	0.00691
25	0.01037	0.00741	0.00987	0.01185	0.01234	0.00691	0.00790	0.01185	0.01629	0.02172	0.04690	0.69537	0.05629	0.02666	0.01086	0.00346	0.00494	0.02419	0.00790	0.00691
26	0.02002	0.38730	0.33937	0.01923	0.02906	0.02698	0.02269	0.02619	0.01762	0.02336	0.01349	0.01573	0.01085	0.00767	0.00672	0.00224	0.01077	0.00539	0.00362	0.01172
27	0.01882	0.01742	0.01705	0.01622	0.01892	0.11967	0.01266	0.08168	0.09285	0.02682	0.03630	0.16677	0.09241	0.05151	0.01329	0.00339	0.07726	0.12078	0.00691	0.00927
28	0.01203	0.00818	0.00969	0.01014	0.01042	0.00805	0.00621	0.01268	0.01400	0.01873	0.05968	0.18271	0.03896	0.50737	0.03403	0.00686	0.00739	0.04111	0.00601	0.00575
29	0.01739	0.01647	0.02790	0.51498	0.21383	0.01925	0.02429	0.02290	0.01764	0.02334	0.01536	0.02226	0.01191	0.00826	0.00849	0.00275	0.01102	0.00757	0.00389	0.01051
30	0.02130	0.29304	0.19404	0.01976	0.02761	0.13084	0.07751	0.02614	0.01907	0.02292	0.02067	0.02257	0.07258	0.00911	0.00739	0.00231	0.01107	0.00699	0.00423	0.01086
31	0.02585	0.02812	0.02144	0.02141	0.08375	0.35182	0.01506	0.10041	0.02422	0.02708	0.02576	0.02980	0.08771	0.01115	0.00816	0.00241	0.01135	0.03663	0.07766	0.01019
32	0.01217	0.00907	0.01343	0.01343	0.01487	0.01051	0.01033	0.01504	0.01360	0.01958	0.02302	0.03466	0.02181	0.09908	0.63268	0.01338	0.02199	0.00930	0.00459	0.00746
33	0.02087	0.33463	0.15784	0.02214	0.03035	0.05683	0.17615	0.02615	0.01883	0.02399	0.04646	0.01956	0.01499	0.00799	0.00750	0.00232	0.01117	0.00692	0.00414	0.01118
34	0.02100	0.02039	0.03554	0.05119	0.60947	0.02030	0.06368	0.02619	0.01942	0.02777	0.01608	0.02118	0.01344	0.00756	0.00853	0.00255	0.01038	0.00774	0.00422	0.01335
35	0.05957	0.02782	0.05925	0.03235	0.26972	0.25172	0.01990	0.03016	0.08184	0.02629	0.02000	0.02251	0.04399	0.00912	0.00809	0.00247	0.01133	0.00732	0.00491	0.01163
36	0.02051	0.03323	0.29929	0.05736	0.13581	0.13821	0.02406	0.02921	0.09031	0.02652	0.02091	0.02313	0.04586	0.00924	0.00825	0.00261	0.01151	0.00741	0.00466	0.01191

[dist]
# distance from previous block
# <min> <max>
0	20

[block]
# block no. 4 follows, 21 sequences, length 54
# corresponding to MSA columns:
# 337-390
name=unknown_E
#
# <colnr> <probs for GDERKNQSTAVLIFYWHMCP>
#	G	D	E	R	K	N	Q	S	T	A	V	L	I	F	Y	W	H	M	C	P
0	0.02545	0.02878	0.03107	0.03882	0.35842	0.28774	0.05376	0.02943	0.02138	0.02489	0.01489	0.01880	0.01241	0.00805	0.00820	0.00241	0.01250	0.00684	0.00429	0.01188
1	0.05880	0.02416	0.12877	0.04193	0.43181	0.02075	0.05620	0.08240	0.02090	0.03061	0.01617	0.02026	0.01292	0.00790	0.00831	0.00258	0.01046	0.00737	0.00458	0.01312
2	0.02853	0.28091	0.03151	0.01926	0.02470	0.43811	0.01576	0.03091	0.02165	0.02054	0.01268	0.01473	0.01095	0.00823	0.00687	0.00206	0.01309	0.00514	0.00412	0.01025
3	0.01182	0.00898	0.01118	0.01226	0.01437	0.00834	0.00992	0.01477	0.01935	0.02457	0.09633	0.16783	0.27241	0.02283	0.01091	0.00340	0.00592	0.26936	0.00796	0.00748
4	0.01826	0.01808	0.02537	0.02186	0.02194	0.02520	0.01817	0.02018	0.01307	0.02044	0.01182	0.01945	0.01174	0.01764	0.06385	0.00428	0.64812	0.00754	0.00377	0.00921
5	0.01479	0.01158	0.01403	0.01450	0.01731	0.01199	0.01198	0.02334	0.16949	0.02827	0.10010	0.07525	0.14361	0.01975	0.01058	0.00339	0.00666	0.30608	0.00818	0.00912
6	0.01037	0.00741	0.00987	0.01185	0.01234	0.00691	0.00790	0.01185	0.01629	0.02172	0.04690	0.69537	0.05629	0.02666	0.01086	0.00346	0.00494	0.02419	0.00790	0.00691
7	0.01006	0.00862	0.00862	0.00862	0.01149	0.00718	0.00647	0.01221	0.01940	0.02299	0.08621	0.08190	0.64438	0.02155	0.01006	0.00287	0.00431	0.01796	0.00790	0.00718
