[name]
unknown

[dist]
# distance from previous block
# <min> <max>
0	7

[block]
# block no. 0 follows, 18 sequences, length 43
# corresponding to MSA columns:
# 12-54
name=unknown_A
#
# <colnr> <probs for GDERKNQSTAVLIFYWHMCP>
#	G	D	E	R	K	N	Q	S	T	A	V	L	I	F	Y	W	H	M	C	P
0	0.21130	0.02279	0.14080	0.02385	0.07141	0.01843	0.11748	0.02528	0.01874	0.03133	0.02286	0.03708	0.02079	0.01789	0.07497	0.00440	0.01216	0.11200	0.00552	0.01094
1	0.06534	0.03039	0.30783	0.02258	0.06406	0.01780	0.02314	0.03129	0.05144	0.15893	0.06786	0.07225	0.02389	0.01159	0.00907	0.00295	0.01021	0.00956	0.00670	0.01312
2	0.02266	0.14818	0.29287	0.02174	0.03132	0.02521	0.02358	0.10190	0.17808	0.03375	0.02208	0.02287	0.01652	0.00985	0.00845	0.00278	0.01081	0.00760	0.00599	0.01376
3	0.01886	0.08022	0.45407	0.13691	0.07653	0.02213	0.03099	0.02795	0.01925	0.02769	0.01626	0.02018	0.01192	0.00872	0.00865	0.00286	0.01295	0.00699	0.00395	0.01293
4	0.01960	0.08786	0.48543	0.03069	0.13974	0.02247	0.03164	0.02881	0.01960	0.02871	0.01635	0.01964	0.01215	0.00857	0.00859	0.00281	0.01284	0.00690	0.00400	0.01361
5	0.03015	0.07840	0.02634	0.02104	0.02587	0.32446	0.01650	0.17146	0.02754	0.03094	0.01756	0.02198	0.01486	0.05328	0.05817	0.00382	0.05308	0.00728	0.00582	0.01147
6	0.01182	0.00983	0.01053	0.01001	0.01332	0.00824	0.00756	0.01463	0.02167	0.02727	0.17841	0.07985	0.47989	0.02127	0.01055	0.00294	0.00475	0.01788	0.00858	0.06101
7	0.01904	0.01632	0.01904	0.01360	0.02176	0.01224	0.01088	0.02312	0.01904	0.02992	0.01632	0.01904	0.01360	0.00680	0.00680	0.00136	0.00680	0.00544	0.00544	0.73344
8	0.01263	0.00935	0.01163	0.01107	0.01329	0.00851	0.00820	0.01639	0.02444	0.03371	0.49224	0.07166	0.17787	0.05359	0.01269	0.00324	0.00462	0.01693	0.00959	0.00834
9	0.01158	0.00933	0.01031	0.01007	0.01285	0.00806	0.00755	0.01459	0.02265	0.02889	0.27064	0.08164	0.43613	0.02173	0.01084	0.00303	0.00454	0.01844	0.00906	0.00806
10	0.01098	0.00931	0.00948	0.00944	0.01248	0.00781	0.00708	0.01343	0.02123	0.02552	0.12423	0.08718	0.58464	0.02299	0.01085	0.00309	0.00463	0.01921	0.00862	0.00781
11	0.01182	0.00844	0.01138	0.01350	0.01431	0.00800	0.00962	0.01387	0.01820	0.02414	0.05026	0.57237	0.05935	0.02817	0.01189	0.00382	0.00587	0.11885	0.00851	0.00763
12	0.02455	0.68284	0.04811	0.01571	0.02357	0.03633	0.01571	0.02749	0.01866	0.02160	0.01277	0.01473	0.01178	0.00786	0.00589	0.00196	0.00982	0.00491	0.00393	0.01178
13	0.01904	0.01632	0.01904	0.01360	0.02176	0.01224	0.01088	0.02312	0.01904	0.02992	0.01632	0.01904	0.01360	0.00680	0.00680	0.00136	0.00680	0.00544	0.00544	0.73344
14	0.74217	0.01776	0.01350	0.01207	0.01776	0.02060	0.00994	0.02699	0.01563	0.04120	0.01278	0.01492	0.00994	0.00852	0.00568	0.00284	0.00710	0.00497	0.00568	0.00994
15	0.03195	0.02425	0.02589	0.02053	0.02735	0.02709	0.01674	0.45704	0.18036	0.05310	0.02580	0.02504	0.01865	0.01137	0.00922	0.00284	0.00941	0.00878	0.00922	0.01535
16	0.01595	0.00797	0.01196	0.01196	0.01196	0.00797	0.00797	0.01196	0.01196	0.01595	0.01595	0.02791	0.01595	0.03190	0.03589	0.73285	0.00797	0.00797	0.00399	0.00399
17	0.01890	0.01655	0.02347	0.03047	0.23781	0.01702	0.01837	0.02823	0.15403	0.03047	0.04165	0.05592	0.12223	0.01583	0.01032	0.00325	0.00848	0.14782	0.00725	0.01195
18	0.01122	0.00932	0.00981	0.00969	0.01263	0.00791	0.00727	0.01389	0.02180	0.02686	0.18240	0.08498	0.52564	0.02249	0.01085	0.00306	0.00460	0.01890	0.00880	0.00791
19	0.02273	0.02182	0.03727	0.05636	0.62003	0.02182	0.02818	0.02818	0.02091	0.03000	0.01727	0.02273	0.01454	0.00818	0.00909	0.00273	0.01091	0.00818	0.00455	0.01454
20	0.01238	0.00979	0.01143	0.01225	0.01497	0.00884	0.01001	0.01545	0.02101	0.02584	0.07579	0.09427	0.39765	0.02407	0.01156	0.00354	0.00613	0.22849	0.00850	0.00802
21	0.74217	0.01776	0.01350	0.01207	0.01776	0.02060	0.00994	0.02699	0.01563	0.04120	0.01278	0.01492	0.00994	0.00852	0.00568	0.00284	0.00710	0.00497	0.00568	0.00994
22	0.01323	0.00907	0.01078	0.01054	0.01127	0.00882	0.00662	0.01470	0.01765	0.02427	0.22836	0.06298	0.05150	0.45330	0.03452	0.00686	0.00735	0.01446	0.00711	0.00662
23	0.03344	0.01451	0.01921	0.01542	0.02126	0.01308	0.01247	0.03881	0.06845	0.44934	0.16792	0.03996	0.03764	0.01313	0.00960	0.00287	0.00698	0.01099	0.01093	0.01396
24	0.02474	0.02488	0.02890	0.03309	0.22355	0.13050	0.04959	0.03882	0.27891	0.03236	0.02567	0.02684	0.01999	0.01027	0.00915	0.00285	0.01053	0.00889	0.00670	0.01374
25	0.02323	0.54603	0.17335	0.01796	0.02705	0.03310	0.01963	0.02784	0.01881	0.02321	0.01356	0.01573	0.01175	0.00804	0.00650	0.00217	0.01063	0.00531	0.00392	0.01217
26	0.02258	0.46471	0.20194	0.01912	0.02792	0.03172	0.02089	0.02752	0.01852	0.02363	0.01370	0.01636	0.01176	0.00869	0.00842	0.00237	0.05844	0.00564	0.00392	0.01213
27	0.01284	0.00905	0.01194	0.01364	0.01460	0.00880	0.01007	0.01502	0.01795	0.02370	0.04563	0.35708	0.05263	0.15611	0.01898	0.00492	0.00710	0.20459	0.00791	0.00742
28	0.01904	0.01632	0.01904	0.01360	0.02176	0.01224	0.01088	0.02312	0.01904	0.02992	0.01632	0.01904	0.01360	0.00680	0.00680	0.00136	0.00680	0.00544	0.00544	0.73344
29	0.02764	0.02436	0.02389	0.02342	0.08708	0.13912	0.01660	0.07199	0.34067	0.10014	0.02996	0.02873	0.02232	0.01125	0.00909	0.00288	0.00962	0.00907	0.00818	0.01397
30	0.01388	0.10103	0.01579	0.01232	0.01372	0.01214	0.00862	0.01519	0.01609	0.02109	0.03643	0.33294	0.04241	0.25611	0.05620	0.00588	0.00821	0.01786	0.00666	0.00742
31	0.02049	0.03304	0.26364	0.03414	0.04499	0.02253	0.38553	0.02929	0.02084	0.02929	0.01781	0.02281	0.01309	0.00810	0.01007	0.00303	0.01478	0.00936	0.00436	0.01282
32	0.01345	0.00990	0.01115	0.01118	0.01429	0.00864	0.00883	0.01631	0.02159	0.06131	0.11454	0.08643	0.45023	0.02264	0.01107	0.00327	0.00548	0.11253	0.00878	0.00839
33	0.01904	0.01632	0.01904	0.01360	0.02176	0.01224	0.01088	0.02312	0.01904	0.02992	0.01632	0.01904	0.01360	0.00680	0.00680	0.00136	0.00680	0.00544	0.00544	0.73344
34	0.01712	0.00856	0.00856	0.00856	0.01070	0.00856	0.00642	0.02139	0.01926	0.03423	0.02995	0.03423	0.02353	0.01070	0.00642	0.00214	0.00428	0.00856	0.72828	0.00856
35	0.01147	0.00848	0.01073	0.01194	0.01323	0.00774	0.00828	0.01371	0.01976	0.02621	0.16506	0.45542	0.16247	0.02591	0.01140	0.00346	0.00502	0.02313	0.00882	0.00774
36	0.01312	0.00984	0.01476	0.01476	0.01640	0.01148	0.01148	0.01640	0.01476	0.02131	0.02459	0.03607	0.02295	0.06886	0.64092	0.01476	0.02459	0.00984	0.00492	0.00820
37	0.01145	0.00923	0.01019	0.01015	0.01282	0.00797	0.00754	0.01426	0.02204	0.02792	0.22944	0.12423	0.43568	0.02245	0.01091	0.00309	0.00461	0.01911	0.00895	0.00797
38	0.01750	0.04287	0.55462	0.02413	0.03643	0.01968	0.03066	0.02715	0.01957	0.02856	0.02574	0.02774	0.08484	0.01048	0.00898	0.00293	0.01249	0.00831	0.00444	0.01287
39	0.02222	0.02280	0.06612	0.08688	0.56150	0.02172	0.02832	0.02797	0.02070	0.02960	0.01718	0.02265	0.01428	0.00826	0.00908	0.00275	0.01111	0.00811	0.00449	0.01426
40	0.01766	0.10259	0.16932	0.01694	0.02340	0.01820	0.01680	0.02800	0.15387	0.03176	0.19134	0.04500	0.12009	0.01418	0.00938	0.00286	0.00797	0.01176	0.00744	0.01145
41	0.01754	0.01232	0.01422	0.01352	0.01532	0.01280	0.00964	0.12354	0.02066	0.02748	0.03259	0.10359	0.03533	0.39156	0.03121	0.00656	0.00880	0.10826	0.00696	0.00811
42	0.02853	0.14633	0.02789	0.01823	0.02457	0.02514	0.01543	0.28881	0.09928	0.08489	0.08646	0.03233	0.02640	0.01226	0.00896	0.00275	0.00886	0.04084	0.00841	0.01362

[dist]
# distance from previous block
# <min> <max>
0	1

[block]
# block no. 1 follows, 18 sequences, length 26
# corresponding to MSA columns:
# 56-81
name=unknown_B
#
# <colnr> <probs for GDERKNQSTAVLIFYWHMCP>
#	G	D	E	R	K	N	Q	S	T	A	V	L	I	F	Y	W	H	M	C	P
0	0.03081	0.03787	0.02655	0.02768	0.11884	0.49884	0.01858	0.03365	0.02486	0.02381	0.02038	0.02271	0.05602	0.01026	0.00859	0.00247	0.01482	0.00724	0.00498	0.01104
1	0.03299	0.02694	0.06897	0.02378	0.06803	0.02755	0.01927	0.51468	0.04010	0.05409	0.02135	0.02191	0.01528	0.01068	0.00915	0.00276	0.01039	0.00816	0.00852	0.01541
2	0.02039	0.01943	0.03305	0.31590	0.37873	0.02120	0.02702	0.02613	0.01980	0.02716	0.01686	0.02349	0.01355	0.00861	0.00913	0.00287	0.01149	0.00817	0.00434	0.01266
3	0.01674	0.17255	0.17166	0.01821	0.06306	0.01857	0.01708	0.02157	0.02032	0.02615	0.08018	0.04921	0.26067	0.01493	0.00908	0.00276	0.00841	0.01210	0.00616	0.01060
4	0.01224	0.00936	0.01123	0.01076	0.01326	0.00834	0.00807	0.01587	0.02421	0.03260	0.43164	0.07554	0.27283	0.02035	0.01084	0.00296	0.00444	0.01758	0.00955	0.00834
5	0.02273	0.02182	0.03727	0.05636	0.62003	0.02182	0.02818	0.02818	0.02091	0.03000	0.01727	0.02273	0.01454	0.00818	0.00909	0.00273	0.01091	0.00818	0.00455	0.01454
6	0.01335	0.00890	0.01001	0.01001	0.01001	0.00890	0.00556	0.01335	0.01335	0.01780	0.02893	0.06009	0.03338	0.67731	0.04673	0.00890	0.00890	0.01335	0.00556	0.00556
7	0.74217	0.01776	0.01350	0.01207	0.01776	0.02060	0.00994	0.02699	0.01563	0.04120	0.01278	0.01492	0.00994	0.00852	0.00568	0.00284	0.00710	0.00497	0.00568	0.00994
8	0.01500	0.05250	0.01728	0.09922	0.02230	0.05377	0.01241	0.01792	0.01896	0.02396	0.07716	0.21525	0.16819	0.02718	0.10386	0.00489	0.03883	0.01589	0.00677	0.00864
9	0.01966	0.17646	0.51168	0.02405	0.03646	0.02437	0.03023	0.02876	0.01924	0.02756	0.01572	0.01844	0.01166	0.00855	0.00815	0.00272	0.01281	0.00640	0.00389	0.01321
10	0.04120	0.01563	0.02131	0.01634	0.02344	0.01350	0.01350	0.04475	0.02628	0.62639	0.03622	0.03125	0.02273	0.01136	0.00923	0.00284	0.00781	0.00923	0.01136	0.01563
11	0.01188	0.00925	0.01079	0.01059	0.01308	0.00816	0.00787	0.01509	0.02307	0.03034	0.33459	0.11880	0.33051	0.02153	0.01090	0.00304	0.00455	0.01854	0.00927	0.00816
12	0.01868	0.04592	0.59337	0.02802	0.07536	0.02135	0.03357	0.02902	0.01948	0.02913	0.01653	0.01959	0.01181	0.00869	0.00875	0.00290	0.01341	0.00687	0.00392	0.01363
13	0.06528	0.45947	0.21448	0.01852	0.02791	0.03105	0.02064	0.02792	0.01869	0.02493	0.01384	0.01609	0.01163	0.00815	0.00670	0.00229	0.01074	0.00546	0.00402	0.01219
14	0.01312	0.00984	0.01476	0.01476	0.01640	0.01148	0.01148	0.01640	0.01476	0.02131	0.02459	0.03607	0.02295	0.06886	0.64092	0.01476	0.02459	0.00984	0.00492	0.00820
15	0.01776	0.01446	0.01652	0.01607	0.01972	0.01560	0.01289	0.03174	0.28915	0.03341	0.12448	0.06519	0.11597	0.01830	0.01067	0.00340	0.00689	0.16752	0.00909	0.01119
16	0.01489	0.01298	0.02118	0.21823	0.09255	0.01387	0.05004	0.01865	0.01840	0.02447	0.03467	0.36624	0.03821	0.01935	0.01061	0.00338	0.00864	0.01781	0.00651	0.00932
17	0.01757	0.01122	0.01253	0.01140	0.01536	0.00992	0.00882	0.02185	0.06188	0.14115	0.10624	0.07273	0.43475	0.02001	0.01044	0.00304	0.00542	0.01668	0.00921	0.00976
18	0.02150	0.02057	0.03506	0.19246	0.49350	0.02149	0.02757	0.02711	0.02033	0.02851	0.01705	0.02312	0.01402	0.00841	0.00911	0.00280	0.01121	0.00818	0.00444	0.01356
19	0.01501	0.01281	0.01640	0.01597	0.01771	0.05516	0.01247	0.01814	0.01547	0.02144	0.02307	0.03370	0.02149	0.06138	0.55804	0.01321	0.06575	0.00945	0.00485	0.00848
20	0.31770	0.02831	0.14134	0.01907	0.02663	0.11653	0.04346	0.07195	0.02158	0.10928	0.01758	0.01906	0.01275	0.00921	0.00762	0.00279	0.01054	0.00652	0.00609	0.01200
21	0.06454	0.11005	0.02668	0.01972	0.02332	0.10139	0.01631	0.03046	0.11018	0.07868	0.02405	0.02649	0.05645	0.01324	0.01642	0.00317	0.25309	0.00843	0.00597	0.01138
22	0.03381	0.02098	0.02157	0.01784	0.02394	0.10840	0.01423	0.07810	0.15819	0.33141	0.03568	0.03255	0.05695	0.01201	0.00921	0.00284	0.00894	0.00954	0.00962	0.01418
23	0.02188	0.02066	0.03329	0.04849	0.50549	0.02092	0.02503	0.02953	0.08984	0.03062	0.02513	0.02884	0.05972	0.00978	0.00925	0.00280	0.01002	0.00925	0.00540	0.01405
24	0.02048	0.01505	0.01816	0.01633	0.01986	0.01628	0.01284	0.21730	0.02701	0.03682	0.10333	0.15998	0.03709	0.03235	0.18711	0.00640	0.01245	0.04248	0.00794	0.01073
25	0.11780	0.10723	0.21559	0.02569	0.09428	0.08935	0.02317	0.02773	0.01845	0.02765	0.01440	0.01849	0.01186	0.01028	0.01285	0.00297	0.15932	0.00668	0.00432	0.01188

[dist]
# distance from previous block
# <min> <max>
0	9

[block]
# block no. 2 follows, 18 sequences, length 95
# corresponding to MSA columns:
# 91-185
name=unknown_C
#
# <colnr> <probs for GDERKNQSTAVLIFYWHMCP>
#	G	D	E	R	K	N	Q	S	T	A	V	L	I	F	Y	W	H	M	C	P
0	0.27261	0.10194	0.05900	0.02414	0.13994	0.06005	0.01720	0.11624	0.02242	0.03674	0.01565	0.01817	0.01242	0.00871	0.00732	0.00257	0.00953	0.00630	0.00563	0.06341
1	0.02181	0.12549	0.26975	0.02312	0.06255	0.05988	0.02306	0.06290	0.15061	0.03102	0.02601	0.02689	0.05687	0.01056	0.00863	0.00278	0.01088	0.00828	0.00579	0.01313
2	0.12808	0.02870	0.25160	0.02754	0.15665	0.01917	0.02319	0.02890	0.05714	0.07177	0.02605	0.06141	0.05928	0.01111	0.00874	0.00293	0.01015	0.00915	0.00573	0.01270
3	0.21966	0.32021	0.02940	0.01447	0.02022	0.02505	0.01323	0.02460	0.01802	0.02800	0.02297	0.03285	0.04994	0.01567	0.05201	0.00349	0.00965	0.08487	0.00537	0.01033
4	0.16052	0.28526	0.12758	0.01837	0.02632	0.08978	0.01799	0.12228	0.02303	0.03258	0.01504	0.01690	0.01206	0.00880	0.00709	0.00245	0.01062	0.00588	0.00520	0.01225
5	0.02379	0.03665	0.27202	0.02917	0.10147	0.14315	0.08513	0.06209	0.09963	0.03065	0.01940	0.02189	0.01462	0.00932	0.00901	0.00282	0.01304	0.00775	0.00520	0.01322
6	0.01147	0.00811	0.01057	0.01242	0.01288	0.00765	0.00813	0.01286	0.01702	0.02269	0.04774	0.59042	0.05711	0.11460	0.01635	0.00441	0.00580	0.02442	0.00813	0.00721
7	0.01229	0.00884	0.01164	0.01203	0.01356	0.00819	0.00861	0.01556	0.02272	0.03161	0.39541	0.30322	0.07655	0.02266	0.01118	0.00322	0.00472	0.02030	0.00949	0.00819
8	0.03369	0.04113	0.02583	0.02319	0.02814	0.56222	0.01754	0.07648	0.05987	0.02588	0.01606	0.01795	0.01301	0.00974	0.00840	0.00244	0.01558	0.00633	0.00531	0.01122
9	0.01284	0.00946	0.01206	0.01163	0.01392	0.00868	0.00887	0.01690	0.02498	0.03457	0.50598	0.07368	0.15435	0.01983	0.01096	0.00301	0.00467	0.05531	0.00978	0.00853
10	0.02421	0.02396	0.03491	0.09188	0.48895	0.08742	0.02634	0.05782	0.02243	0.03020	0.01713	0.02216	0.01416	0.00853	0.00902	0.00271	0.01155	0.00794	0.00477	0.01389
11	0.01585	0.01194	0.01543	0.01677	0.01943	0.01235	0.01433	0.02339	0.11280	0.02905	0.04927	0.09183	0.07976	0.02322	0.01206	0.00399	0.00806	0.44250	0.00860	0.00937
12	0.01834	0.01566	0.01759	0.01750	0.05490	0.01684	0.01256	0.03386	0.33479	0.03432	0.14082	0.05227	0.18098	0.01585	0.00993	0.00305	0.00638	0.01344	0.00898	0.01194
13	0.01335	0.00890	0.01001	0.01001	0.01001	0.00890	0.00556	0.01335	0.01335	0.01780	0.02893	0.06009	0.03338	0.67731	0.04673	0.00890	0.00890	0.01335	0.00556	0.00556
14	0.03840	0.01739	0.02190	0.01691	0.02377	0.01644	0.01393	0.16128	0.02952	0.46810	0.03278	0.02944	0.02124	0.01125	0.00906	0.00278	0.00810	0.00898	0.05352	0.01520
15	0.02455	0.68284	0.04811	0.01571	0.02357	0.03633	0.01571	0.02749	0.01866	0.02160	0.01277	0.01473	0.01178	0.00786	0.00589	0.00196	0.00982	0.00491	0.00393	0.01178
16	0.01904	0.01632	0.01904	0.01360	0.02176	0.01224	0.01088	0.02312	0.01904	0.02992	0.01632	0.01904	0.01360	0.00680	0.00680	0.00136	0.00680	0.00544	0.00544	0.73344
17	0.01734	0.01632	0.02754	0.65524	0.06324	0.02040	0.02550	0.02346	0.01836	0.02346	0.01632	0.02448	0.01224	0.00918	0.00918	0.00306	0.01224	0.00816	0.00408	0.01020
18	0.02009	0.02009	0.02812	0.02411	0.02411	0.02812	0.02009	0.02210	0.01406	0.02210	0.01205	0.02009	0.01205	0.01607	0.03013	0.00402	0.66051	0.00804	0.00402	0.01004
19	0.01904	0.01632	0.01904	0.01360	0.02176	0.01224	0.01088	0.02312	0.01904	0.02992	0.01632	0.01904	0.01360	0.00680	0.00680	0.00136	0.00680	0.00544	0.00544	0.73344
20	0.01433	0.01034	0.01289	0.01389	0.01532	0.01024	0.00971	0.08910	0.02097	0.02800	0.04683	0.58539	0.05476	0.02642	0.01138	0.00360	0.00596	0.02374	0.00861	0.00854
21	0.03490	0.02572	0.02756	0.02113	0.02847	0.02847	0.01745	0.58942	0.04317	0.05787	0.02204	0.02204	0.01561	0.01102	0.00919	0.00276	0.01010	0.00827	0.00919	0.01561
22	0.03011	0.02684	0.02914	0.03332	0.23368	0.18678	0.02058	0.09372	0.05706	0.13218	0.02100	0.02294	0.01593	0.01002	0.01004	0.00274	0.04602	0.00788	0.00648	0.01356
23	0.03349	0.04222	0.02681	0.02595	0.06991	0.59703	0.01847	0.03607	0.02566	0.02300	0.01441	0.01699	0.01202	0.00937	0.00834	0.00239	0.01616	0.00607	0.00472	0.01092
24	0.02784	0.33632	0.04092	0.02204	0.02924	0.19261	0.10634	0.09389	0.02385	0.02717	0.01511	0.01762	0.01257	0.00862	0.00767	0.00234	0.01252	0.00649	0.00485	0.01201
25	0.01332	0.00905	0.01076	0.01076	0.01102	0.00931	0.00649	0.01383	0.01357	0.01836	0.02825	0.05631	0.03174	0.58152	0.14028	0.00982	0.01137	0.01280	0.00546	0.00598
26	0.02528	0.02181	0.02025	0.01778	0.02297	0.13865	0.01366	0.03710	0.24757	0.10683	0.03113	0.11233	0.02624	0.01300	0.00904	0.00274	0.00882	0.01066	0.00798	0.12616
27	0.02353	0.53158	0.04355	0.01763	0.02369	0.03446	0.01671	0.02626	0.01761	0.02172	0.01260	0.01595	0.01184	0.00973	0.01142	0.00243	0.15832	0.00562	0.00395	0.01139
28	0.01154	0.00826	0.01097	0.01254	0.01340	0.00769	0.00855	0.01367	0.01922	0.02605	0.16095	0.55352	0.06579	0.02681	0.01155	0.00356	0.00513	0.02425	0.00883	0.00769
29	0.01215	0.00840	0.01037	0.01155	0.01185	0.00810	0.00721	0.01304	0.01570	0.02094	0.04098	0.39994	0.04859	0.31672	0.02727	0.00603	0.00691	0.02044	0.00721	0.00662
30	0.01887	0.04322	0.52802	0.02732	0.03950	0.02200	0.09009	0.02862	0.01925	0.02862	0.01638	0.01999	0.01190	0.00914	0.01044	0.00301	0.05917	0.00729	0.00397	0.01320
31	0.01356	0.01044	0.01254	0.01201	0.01458	0.01001	0.00899	0.01976	0.08985	0.03370	0.40769	0.11123	0.18168	0.01964	0.01073	0.00301	0.00480	0.01711	0.00960	0.00907
32	0.01312	0.00984	0.01476	0.01476	0.01640	0.01148	0.01148	0.01640	0.01476	0.02131	0.02459	0.03607	0.02295	0.06886	0.64092	0.01476	0.02459	0.00984	0.00492	0.00820
33	0.03301	0.12834	0.02894	0.02260	0.02775	0.56050	0.01747	0.03545	0.02505	0.02236	0.01400	0.01632	0.01182	0.00925	0.00796	0.00231	0.01567	0.00578	0.00462	0.01080
34	0.01472	0.01213	0.01759	0.01667	0.01786	0.01516	0.01317	0.01755	0.01453	0.02133	0.02194	0.03355	0.02096	0.08532	0.47370	0.01203	0.16899	0.00959	0.00474	0.00850
35	0.01119	0.00799	0.01065	0.01278	0.01332	0.00746	0.00852	0.01278	0.01758	0.02344	0.05061	0.67132	0.06073	0.02877	0.01172	0.00373	0.00533	0.02610	0.00852	0.00746
36	0.01148	0.00918	0.01027	0.01032	0.01287	0.00797	0.00762	0.01428	0.02195	0.02797	0.23231	0.14897	0.40718	0.02264	0.01094	0.00311	0.00464	0.01938	0.00896	0.00797
37	0.02548	0.02743	0.03147	0.04218	0.37514	0.21166	0.02357	0.02985	0.02251	0.02741	0.01957	0.02919	0.01767	0.01036	0.00921	0.00277	0.01240	0.06442	0.00501	0.01271
38	0.02116	0.02051	0.03578	0.22038	0.42589	0.02152	0.06697	0.02696	0.02026	0.02815	0.01710	0.02335	0.01386	0.00843	0.00924	0.00285	0.01160	0.00836	0.00442	0.01319
39	0.01119	0.00799	0.01065	0.01278	0.01332	0.00746	0.00852	0.01278	0.01758	0.02344	0.05061	0.67132	0.06073	0.02877	0.01172	0.00373	0.00533	0.02610	0.00852	0.00746
40	0.03353	0.04135	0.02623	0.02353	0.02815	0.56945	0.01786	0.06870	0.02636	0.02456	0.01454	0.01708	0.01207	0.00993	0.00957	0.00248	0.05257	0.00617	0.00496	0.01091
41	0.01114	0.00931	0.00969	0.00960	0.01258	0.00787	0.00720	0.01373	0.02160	0.02639	0.16212	0.08575	0.54621	0.02266	0.01085	0.00307	0.00461	0.01901	0.00874	0.00787
42	0.02660	0.02918	0.03245	0.14230	0.17143	0.24057	0.09660	0.07113	0.04897	0.02846	0.01739	0.02157	0.01376	0.00913	0.00907	0.00272	0.01352	0.00783	0.00508	0.01220
43	0.02284	0.01972	0.02076	0.01869	0.02388	0.02284	0.01453	0.04879	0.60345	0.03841	0.03737	0.03426	0.02803	0.01246	0.00934	0.00311	0.00727	0.01038	0.00934	0.01453
44	0.06620	0.25071	0.07107	0.01613	0.02245	0.09403	0.01477	0.09695	0.02293	0.06387	0.01970	0.02172	0.01554	0.00939	0.00706	0.00231	0.00930	0.00667	0.17760	0.01159
45	0.02488	0.50880	0.04444	0.02421	0.14048	0.07589	0.01829	0.02827	0.01961	0.02330	0.01375	0.01642	0.01233	0.00803	0.00668	0.00214	0.01051	0.00562	0.00410	0.01224
46	0.01312	0.00984	0.01476	0.01476	0.01640	0.01148	0.01148	0.01640	0.01476	0.02131	0.02459	0.03607	0.02295	0.06886	0.64092	0.01476	0.02459	0.00984	0.00492	0.00820
47	0.03358	0.04121	0.02624	0.02350	0.02816	0.56411	0.01785	0.07501	0.02659	0.02496	0.01463	0.01714	0.01211	0.00993	0.00952	0.00248	0.05082	0.00619	0.00501	0.01096
48	0.01112	0.00825	0.01039	0.01210	0.01314	0.00752	0.00822	0.01286	0.01823	0.02371	0.05890	0.55739	0.16931	0.02769	0.01155	0.00361	0.00519	0.02479	0.00852	0.00752
49	0.01119	0.00799	0.01065	0.01278	0.01332	0.00746	0.00852	0.01278	0.01758	0.02344	0.05061	0.67132	0.06073	0.02877	0.01172	0.00373	0.00533	0.02610	0.00852	0.00746
50	0.01258	0.00937	0.01169	0.01111	0.01346	0.00849	0.00833	0.01652	0.02500	0.03447	0.51314	0.07245	0.19015	0.01965	0.01083	0.00293	0.00439	0.01715	0.00980	0.00849
51	0.02464	0.01251	0.01596	0.01356	0.01804	0.01132	0.01070	0.02963	0.05964	0.27331	0.26463	0.05457	0.14071	0.01611	0.01010	0.00292	0.00596	0.01369	0.01032	0.01168
52	0.01085	0.00930	0.00930	0.00930	0.01240	0.00775	0.00698	0.01318	0.02093	0.02480	0.09302	0.08837	0.61631	0.02325	0.01085	0.00310	0.00465	0.01938	0.00853	0.00775
53	0.01904	0.01632	0.01904	0.01360	0.02176	0.01224	0.01088	0.02312	0.01904	0.02992	0.01632	0.01904	0.01360	0.00680	0.00680	0.00136	0.00680	0.00544	0.00544	0.73344
54	0.01842	0.04749	0.62974	0.02617	0.03974	0.02132	0.03392	0.02908	0.01939	0.02908	0.01648	0.01939	0.01163	0.00872	0.00872	0.00291	0.01357	0.00678	0.00388	0.01357
55	0.02074	0.01727	0.02701	0.27212	0.20265	0.01903	0.02246	0.02844	0.08637	0.07027	0.02546	0.03804	0.02180	0.01198	0.00973	0.00314	0.01040	0.09510	0.00601	0.01200
56	0.01633	0.01077	0.01330	0.01216	0.01524	0.01001	0.00929	0.02173	0.06563	0.09824	0.41754	0.06575	0.17176	0.01834	0.01056	0.00294	0.00497	0.01588	0.00990	0.00966
57	0.01842	0.04749	0.62974	0.02617	0.03974	0.02132	0.03392	0.02908	0.01939	0.02908	0.01648	0.01939	0.01163	0.00872	0.00872	0.00291	0.01357	0.00678	0.00388	0.01357
58	0.02354	0.02336	0.03648	0.05406	0.57851	0.06523	0.02745	0.02877	0.02127	0.02947	0.01706	0.02229	0.01435	0.00827	0.00903	0.00270	0.01130	0.00802	0.00456	0.01427
59	0.01119	0.00799	0.01065	0.01278	0.01332	0.00746	0.00852	0.01278	0.01758	0.02344	0.05061	0.67132	0.06073	0.02877	0.01172	0.00373	0.00533	0.02610	0.00852	0.00746
60	0.01325	0.00929	0.01198	0.01198	0.01266	0.00997	0.00802	0.01462	0.01394	0.01926	0.02713	0.05011	0.02905	0.42463	0.29349	0.01133	0.01542	0.01189	0.00530	0.00666
61	0.01622	0.01021	0.01218	0.01210	0.01520	0.00897	0.00934	0.01884	0.02114	0.11960	0.06991	0.19532	0.33970	0.02274	0.01101	0.00333	0.00578	0.09041	0.00896	0.00903
62	0.02651	0.02049	0.02208	0.01854	0.02405	0.02267	0.01472	0.30724	0.21630	0.04517	0.03491	0.11579	0.06124	0.01455	0.00967	0.00302	0.00825	0.01196	0.00911	0.01372
63	0.03430	0.04376	0.02602	0.02365	0.02839	0.64045	0.01774	0.03666	0.02602	0.02247	0.01419	0.01656	0.01183	0.00946	0.00828	0.00237	0.01656	0.00591	0.00473	0.01064
64	0.01186	0.00878	0.01124	0.01295	0.01431	0.00816	0.00951	0.01415	0.01897	0.02454	0.05849	0.44056	0.16769	0.02699	0.01175	0.00371	0.00584	0.13429	0.00851	0.00772
65	0.01119	0.00799	0.01065	0.01278	0.01332	0.00746	0.00852	0.01278	0.01758	0.02344	0.05061	0.67132	0.06073	0.02877	0.01172	0.00373	0.00533	0.02610	0.00852	0.00746
66	0.02895	0.06948	0.02910	0.15085	0.11324	0.37118	0.02051	0.06241	0.02437	0.02553	0.01536	0.01912	0.01247	0.00923	0.00848	0.00255	0.01425	0.00673	0.00478	0.01141
67	0.01595	0.00797	0.01196	0.01196	0.01196	0.00797	0.00797	0.01196	0.01196	0.01595	0.01595	0.02791	0.01595	0.03190	0.03589	0.73285	0.00797	0.00797	0.00399	0.00399
68	0.04120	0.01563	0.02131	0.01634	0.02344	0.01350	0.01350	0.04475	0.02628	0.62639	0.03622	0.03125	0.02273	0.01136	0.00923	0.00284	0.00781	0.00923	0.01136	0.01563
69	0.01335	0.00890	0.01001	0.01001	0.01001	0.00890	0.00556	0.01335	0.01335	0.01780	0.02893	0.06009	0.03338	0.67731	0.04673	0.00890	0.00890	0.01335	0.00556	0.00556
70	0.02183	0.02489	0.11510	0.08797	0.51013	0.02167	0.02878	0.02802	0.02055	0.02949	0.01711	0.02239	0.01402	0.00831	0.00905	0.00277	0.01134	0.00800	0.00443	0.01416
71	0.02136	0.02108	0.02024	0.02141	0.09981	0.13140	0.01442	0.06084	0.18383	0.03063	0.04924	0.04790	0.23017	0.01507	0.00964	0.00290	0.00869	0.01233	0.00756	0.01148
72	0.02038	0.02096	0.03300	0.02684	0.02857	0.02721	0.12608	0.02347	0.01549	0.02347	0.01327	0.02096	0.01240	0.01451	0.02652	0.00385	0.53985	0.00856	0.00413	0.01048
73	0.02664	0.13207	0.03840	0.02808	0.06479	0.17031	0.17530	0.10377	0.02390	0.02929	0.01607	0.02012	0.01308	0.00984	0.01198	0.00282	0.10853	0.00786	0.00506	0.01209
74	0.01335	0.00890	0.01001	0.01001	0.01001	0.00890	0.00556	0.01335	0.01335	0.01780	0.02893	0.06009	0.03338	0.67731	0.04673	0.00890	0.00890	0.01335	0.00556	0.00556
75	0.02250	0.01095	0.01389	0.01290	0.01605	0.01000	0.00967	0.02514	0.02059	0.22408	0.04263	0.20713	0.07760	0.10543	0.01469	0.00385	0.00658	0.04379	0.12239	0.01015
76	0.03574	0.02438	0.02673	0.02049	0.02781	0.02649	0.01693	0.51733	0.04094	0.13311	0.02392	0.02326	0.01656	0.01107	0.00919	0.00277	0.00980	0.00839	0.00947	0.01562
77	0.01085	0.00930	0.00930	0.00930	0.01240	0.00775	0.00698	0.01318	0.02093	0.02480	0.09302	0.08837	0.61631	0.02325	0.01085	0.00310	0.00465	0.01938	0.00853	0.00775
78	0.03490	0.02572	0.02756	0.02113	0.02847	0.02847	0.01745	0.58942	0.04317	0.05787	0.02204	0.02204	0.01561	0.01102	0.00919	0.00276	0.01010	0.00827	0.00919	0.01561
79	0.01311	0.00880	0.01009	0.01033	0.01039	0.00874	0.00590	0.01329	0.01383	0.01844	0.03139	0.12935	0.03648	0.60382	0.04277	0.00832	0.00850	0.01480	0.00590	0.00578
80	0.01085	0.00930	0.00930	0.00930	0.01240	0.00775	0.00698	0.01318	0.02093	0.02480	0.09302	0.08837	0.61631	0.02325	0.01085	0.00310	0.00465	0.01938	0.00853	0.00775
81	0.01313	0.00978	0.01448	0.01448	0.01602	0.01132	0.01113	0.01622	0.01467	0.02111	0.02485	0.03749	0.02357	0.10485	0.60578	0.01441	0.02367	0.01005	0.00496	0.00804
82	0.03430	0.04376	0.02602	0.02365	0.02839	0.64045	0.01774	0.03666	0.02602	0.02247	0.01419	0.01656	0.01183	0.00946	0.00828	0.00237	0.01656	0.00591	0.00473	0.01064
83	0.03433	0.02343	0.02555	0.01973	0.02668	0.02546	0.01625	0.49082	0.03967	0.11751	0.02413	0.02389	0.01694	0.01104	0.00900	0.00272	0.00945	0.00839	0.05989	0.01512
84	0.01119	0.00799	0.01065	0.01278	0.01332	0.00746	0.00852	0.01278	0.01758	0.02344	0.05061	0.67132	0.06073	0.02877	0.01172	0.00373	0.00533	0.02610	0.00852	0.00746
85	0.03922	0.01519	0.02067	0.01600	0.02276	0.01316	0.01316	0.04282	0.02626	0.58502	0.07685	0.03387	0.02721	0.01188	0.00935	0.00284	0.00757	0.00975	0.01128	0.01514
86	0.04120	0.01563	0.02131	0.01634	0.02344	0.01350	0.01350	0.04475	0.02628	0.62639	0.03622	0.03125	0.02273	0.01136	0.00923	0.00284	0.00781	0.00923	0.01136	0.01563
87	0.03355	0.02411	0.02610	0.02042	0.02743	0.02657	0.01674	0.47032	0.12544	0.09521	0.02533	0.02452	0.01797	0.01126	0.00921	0.00282	0.00952	0.00865	0.00936	0.01545
88	0.01312	0.00984	0.01476	0.01476	0.01640	0.01148	0.01148	0.01640	0.01476	0.02131	0.02459	0.03607	0.02295	0.06886	0.64092	0.01476	0.02459	0.00984	0.00492	0.00820
89	0.01312	0.00984	0.01476	0.01476	0.01640	0.01148	0.01148	0.01640	0.01476	0.02131	0.02459	0.03607	0.02295	0.06886	0.64092	0.01476	0.02459	0.00984	0.00492	0.00820
90	0.01312	0.00984	0.01476	0.01476	0.01640	0.01148	0.01148	0.01640	0.01476	0.02131	0.02459	0.03607	0.02295	0.06886	0.64092	0.01476	0.02459	0.00984	0.00492	0.00820
91	0.74217	0.01776	0.01350	0.01207	0.01776	0.02060	0.00994	0.02699	0.01563	0.04120	0.01278	0.01492	0.00994	0.00852	0.00568	0.00284	0.00710	0.00497	0.00568	0.00994
92	0.01133	0.00839	0.01062	0.01234	0.01346	0.00769	0.00858	0.01321	0.01844	0.02393	0.05878	0.52530	0.16886	0.02750	0.01160	0.00363	0.00537	0.05487	0.00852	0.00757
93	0.02350	0.02381	0.03486	0.11863	0.48837	0.09503	0.02665	0.02866	0.02123	0.02838	0.01680	0.02219	0.01397	0.00844	0.00900	0.00272	0.01173	0.00791	0.00452	0.01360
94	0.02284	0.01972	0.02076	0.01869	0.02388	0.02284	0.01453	0.04879	0.60345	0.03841	0.03737	0.03426	0.02803	0.01246	0.00934	0.00311	0.00727	0.01038	0.00934	0.01453

[dist]
# distance from previous block
# <min> <max>
0	6

[block]
# block no. 3 follows, 18 sequences, length 87
# corresponding to MSA columns:
# 192-278
name=unknown_D
#
# <colnr> <probs for GDERKNQSTAVLIFYWHMCP>
#	G	D	E	R	K	N	Q	S	T	A	V	L	I	F	Y	W	H	M	C	P
0	0.74217	0.01776	0.01350	0.01207	0.01776	0.02060	0.00994	0.02699	0.01563	0.04120	0.01278	0.01492	0.00994	0.00852	0.00568	0.00284	0.00710	0.00497	0.00568	0.00994
1	0.01842	0.04749	0.62974	0.02617	0.03974	0.02132	0.03392	0.02908	0.01939	0.02908	0.01648	0.01939	0.01163	0.00872	0.00872	0.00291	0.01357	0.00678	0.00388	0.01357
2	0.02882	0.02467	0.02382	0.08838	0.02910	0.13585	0.01651	0.29403	0.06625	0.04167	0.02203	0.02428	0.01667	0.01347	0.04026	0.00326	0.01133	0.00807	0.09873	0.01279
3	0.45742	0.01689	0.01667	0.01381	0.02007	0.01771	0.01139	0.03420	0.01995	0.27892	0.02231	0.02155	0.01514	0.00968	0.00712	0.00284	0.00739	0.00670	0.00799	0.01225
4	0.03490	0.02572	0.02756	0.02113	0.02847	0.02847	0.01745	0.58942	0.04317	0.05787	0.02204	0.02204	0.01561	0.01102	0.00919	0.00276	0.01010	0.00827	0.00919	0.01561
5	0.01734	0.01632	0.02754	0.65524	0.06324	0.02040	0.02550	0.02346	0.01836	0.02346	0.01632	0.02448	0.01224	0.00918	0.00918	0.00306	0.01224	0.00816	0.00408	0.01020
6	0.01188	0.00934	0.01073	0.01038	0.01303	0.00819	0.00778	0.01517	0.02335	0.03056	0.34328	0.07889	0.36246	0.02111	0.01084	0.00300	0.00450	0.01805	0.00928	0.00819
7	0.02440	0.01912	0.02077	0.01755	0.02275	0.02105	0.01393	0.23151	0.25286	0.04422	0.15576	0.04006	0.06791	0.01386	0.00968	0.00294	0.00751	0.01142	0.00940	0.01332
8	0.01904	0.01632	0.01904	0.01360	0.02176	0.01224	0.01088	0.02312	0.01904	0.02992	0.01632	0.01904	0.01360	0.00680	0.00680	0.00136	0.00680	0.00544	0.00544	0.73344
9	0.01244	0.00936	0.01151	0.01097	0.01338	0.00843	0.00823	0.01626	0.02469	0.03373	0.48084	0.07368	0.22291	0.01992	0.01084	0.00294	0.00441	0.01732	0.00970	0.00843
10	0.04073	0.01638	0.02177	0.01669	0.02381	0.01461	0.01379	0.08523	0.02754	0.58413	0.03517	0.03057	0.02220	0.01134	0.00923	0.00283	0.00798	0.00916	0.01120	0.01563
11	0.01842	0.04749	0.62974	0.02617	0.03974	0.02132	0.03392	0.02908	0.01939	0.02908	0.01648	0.01939	0.01163	0.00872	0.00872	0.00291	0.01357	0.00678	0.00388	0.01357
12	0.03308	0.12386	0.02879	0.02266	0.02778	0.56473	0.01749	0.03552	0.02510	0.02236	0.01401	0.01633	0.01182	0.00926	0.00798	0.00232	0.01571	0.00579	0.00463	0.01079
13	0.02186	0.02314	0.02679	0.02334	0.02422	0.12552	0.01907	0.02402	0.01604	0.02210	0.01333	0.02071	0.01283	0.01893	0.07201	0.00455	0.50951	0.00783	0.00420	0.01000
14	0.74217	0.01776	0.01350	0.01207	0.01776	0.02060	0.00994	0.02699	0.01563	0.04120	0.01278	0.01492	0.00994	0.00852	0.00568	0.00284	0.00710	0.00497	0.00568	0.00994
15	0.01545	0.01138	0.01311	0.01218	0.01545	0.01090	0.00929	0.02251	0.11723	0.06679	0.30389	0.06791	0.26104	0.01891	0.01051	0.00300	0.00512	0.01616	0.00950	0.00969
16	0.01335	0.00890	0.01001	0.01001	0.01001	0.00890	0.00556	0.01335	0.01335	0.01780	0.02893	0.06009	0.03338	0.67731	0.04673	0.00890	0.00890	0.01335	0.00556	0.00556
17	0.01173	0.00822	0.01049	0.01209	0.01249	0.00782	0.00778	0.01293	0.01652	0.02203	0.04518	0.51836	0.05389	0.19106	0.02048	0.00502	0.00622	0.02291	0.00778	0.00698
18	0.02301	0.42706	0.24693	0.01977	0.02941	0.06633	0.02210	0.02857	0.01934	0.02423	0.01413	0.01644	0.01173	0.00825	0.00700	0.00231	0.01150	0.00561	0.00396	0.01233
19	0.02712	0.01965	0.02122	0.01712	0.02181	0.02141	0.01316	0.38149	0.03241	0.04341	0.02453	0.03578	0.02203	0.25152	0.02274	0.00497	0.00967	0.01010	0.00788	0.01199
20	0.02726	0.01336	0.01670	0.01428	0.01943	0.01202	0.01159	0.03215	0.06692	0.32573	0.05605	0.05745	0.21925	0.01675	0.01012	0.00309	0.00681	0.06882	0.00999	0.01225
21	0.02119	0.02025	0.03449	0.22723	0.46117	0.02141	0.02741	0.02683	0.02018	0.02813	0.01700	0.02323	0.01389	0.00847	0.00912	0.00282	0.01129	0.00818	0.00441	0.01330
22	0.02885	0.03369	0.02225	0.02000	0.02463	0.42506	0.01518	0.09115	0.02668	0.02686	0.03360	0.03406	0.15454	0.01288	0.00898	0.00258	0.01305	0.00934	0.00611	0.01050
23	0.02676	0.02158	0.01868	0.01596	0.02044	0.14181	0.01253	0.22267	0.02895	0.04013	0.02404	0.02645	0.01843	0.01056	0.00776	0.00240	0.00877	0.00793	0.33272	0.01144
24	0.01842	0.04749	0.62974	0.02617	0.03974	0.02132	0.03392	0.02908	0.01939	0.02908	0.01648	0.01939	0.01163	0.00872	0.00872	0.00291	0.01357	0.00678	0.00388	0.01357
25	0.01085	0.00930	0.00930	0.00930	0.01240	0.00775	0.00698	0.01318	0.02093	0.02480	0.09302	0.08837	0.61631	0.02325	0.01085	0.00310	0.00465	0.01938	0.00853	0.00775
26	0.48678	0.02354	0.01832	0.01575	0.02161	0.12202	0.01270	0.14096	0.02281	0.04151	0.01486	0.01661	0.01138	0.00917	0.00680	0.00275	0.00923	0.00578	0.00623	0.01119
27	0.74217	0.01776	0.01350	0.01207	0.01776	0.02060	0.00994	0.02699	0.01563	0.04120	0.01278	0.01492	0.00994	0.00852	0.00568	0.00284	0.00710	0.00497	0.00568	0.00994
28	0.01506	0.01270	0.01848	0.01736	0.01855	0.01612	0.01388	0.01799	0.01456	0.02153	0.02110	0.03162	0.01992	0.05415	0.47064	0.01176	0.20188	0.00934	0.00467	0.00871
29	0.01146	0.00815	0.01073	0.01251	0.01313	0.00764	0.00834	0.01316	0.01793	0.02407	0.09118	0.58711	0.06089	0.06983	0.01391	0.00400	0.00548	0.02457	0.00845	0.00743
30	0.01085	0.00930	0.00930	0.00930	0.01240	0.00775	0.00698	0.01318	0.02093	0.02480	0.09302	0.08837	0.61631	0.02325	0.01085	0.00310	0.00465	0.01938	0.00853	0.00775
31	0.02999	0.02423	0.02473	0.02027	0.02661	0.05802	0.01629	0.34187	0.26904	0.04815	0.02784	0.02670	0.02044	0.01152	0.00920	0.00288	0.00929	0.00900	0.00902	0.01492
32	0.02459	0.02535	0.03546	0.05109	0.52473	0.12147	0.02650	0.02955	0.02173	0.02879	0.01678	0.02173	0.01411	0.00839	0.00896	0.00267	0.01182	0.00782	0.00457	0.01392
33	0.01312	0.00984	0.01476	0.01476	0.01640	0.01148	0.01148	0.01640	0.01476	0.02131	0.02459	0.03607	0.02295	0.06886	0.64092	0.01476	0.02459	0.00984	0.00492	0.00820
34	0.01085	0.00930	0.00930	0.00930	0.01240	0.00775	0.00698	0.01318	0.02093	0.02480	0.09302	0.08837	0.61631	0.02325	0.01085	0.00310	0.00465	0.01938	0.00853	0.00775
35	0.03490	0.02572	0.02756	0.02113	0.02847	0.02847	0.01745	0.58942	0.04317	0.05787	0.02204	0.02204	0.01561	0.01102	0.00919	0.00276	0.01010	0.00827	0.00919	0.01561
36	0.03332	0.03974	0.02637	0.02337	0.02808	0.51823	0.01788	0.10487	0.02728	0.02688	0.01502	0.01751	0.01232	0.01015	0.01002	0.00254	0.06362	0.00637	0.00524	0.01122
37	0.01335	0.00890	0.01001	0.01001	0.01001	0.00890	0.00556	0.01335	0.01335	0.01780	0.02893	0.06009	0.03338	0.67731	0.04673	0.00890	0.00890	0.01335	0.00556	0.00556
38	0.01313	0.00947	0.01246	0.01195	0.01411	0.00881	0.00912	0.01745	0.02563	0.03613	0.57308	0.07119	0.08412	0.01926	0.01097	0.00299	0.00464	0.05687	0.00998	0.00865
39	0.02273	0.02182	0.03727	0.05636	0.62003	0.02182	0.02818	0.02818	0.02091	0.03000	0.01727	0.02273	0.01454	0.00818	0.00909	0.00273	0.01091	0.00818	0.00455	0.01454
40	0.01306	0.00964	0.01082	0.01067	0.01362	0.00835	0.00812	0.01585	0.02188	0.05881	0.17291	0.11677	0.43278	0.02231	0.01091	0.00315	0.00501	0.04807	0.00894	0.00834
41	0.02912	0.16536	0.03358	0.03120	0.19272	0.34686	0.02025	0.03246	0.02312	0.02440	0.01477	0.01792	0.01258	0.00878	0.00803	0.00239	0.01363	0.00635	0.00452	0.01196
42	0.02338	0.55031	0.13296	0.01775	0.02599	0.03363	0.01866	0.02741	0.01850	0.02274	0.01327	0.01573	0.01178	0.00846	0.00772	0.00222	0.04825	0.00537	0.00393	0.01195
43	0.03359	0.03324	0.02687	0.06002	0.03050	0.30218	0.01806	0.30806	0.03401	0.03996	0.01819	0.01973	0.01372	0.01021	0.00878	0.00260	0.01312	0.00721	0.00689	0.01307
44	0.01857	0.01836	0.01978	0.01846	0.02031	0.13143	0.01453	0.02140	0.01669	0.02170	0.01991	0.02895	0.01850	0.04627	0.38968	0.01010	0.16291	0.00872	0.00469	0.00906
45	0.01172	0.00934	0.01050	0.01021	0.01293	0.00812	0.00766	0.01486	0.02298	0.02967	0.30436	0.08036	0.40193	0.02144	0.01084	0.00301	0.00452	0.01826	0.00917	0.00812
46	0.02577	0.60273	0.04535	0.01671	0.02417	0.11205	0.01597	0.02864	0.01958	0.02171	0.01294	0.01496	0.01179	0.00806	0.00619	0.00201	0.01066	0.00504	0.00403	0.01164
47	0.01585	0.01183	0.01636	0.01555	0.01791	0.01361	0.01223	0.08822	0.01832	0.02590	0.02427	0.03431	0.02203	0.06161	0.56174	0.01325	0.02278	0.00964	0.00545	0.00913
48	0.01420	0.01221	0.01250	0.01192	0.01561	0.01197	0.00909	0.02313	0.18368	0.02861	0.07747	0.07325	0.45195	0.02024	0.01043	0.00310	0.00538	0.01686	0.00875	0.00965
49	0.01119	0.00799	0.01065	0.01278	0.01332	0.00746	0.00852	0.01278	0.01758	0.02344	0.05061	0.67132	0.06073	0.02877	0.01172	0.00373	0.00533	0.02610	0.00852	0.00746
50	0.01331	0.00969	0.01103	0.01049	0.01349	0.00840	0.00794	0.01642	0.02303	0.06273	0.27542	0.07814	0.39486	0.02100	0.01075	0.00301	0.00471	0.01783	0.00925	0.00852
51	0.02167	0.02477	0.05418	0.03870	0.04799	0.02322	0.58669	0.02941	0.02167	0.02941	0.01858	0.02477	0.01393	0.00774	0.01084	0.00310	0.01548	0.01084	0.00464	0.01238
52	0.02933	0.27169	0.03541	0.02489	0.10080	0.34485	0.01832	0.03229	0.02272	0.02310	0.01406	0.01667	0.01215	0.00872	0.00752	0.00227	0.01342	0.00584	0.00442	0.01154
53	0.01312	0.00984	0.01476	0.01476	0.01640	0.01148	0.01148	0.01640	0.01476	0.02131	0.02459	0.03607	0.02295	0.06886	0.64092	0.01476	0.02459	0.00984	0.00492	0.00820
54	0.02273	0.02182	0.03727	0.05636	0.62003	0.02182	0.02818	0.02818	0.02091	0.03000	0.01727	0.02273	0.01454	0.00818	0.00909	0.00273	0.01091	0.00818	0.00455	0.01454
55	0.01842	0.04749	0.62974	0.02617	0.03974	0.02132	0.03392	0.02908	0.01939	0.02908	0.01648	0.01939	0.01163	0.00872	0.00872	0.00291	0.01357	0.00678	0.00388	0.01357
56	0.01732	0.01313	0.01613	0.04889	0.02052	0.01390	0.01253	0.11166	0.09570	0.03146	0.04227	0.36929	0.04568	0.02234	0.01102	0.00353	0.00716	0.09901	0.00849	0.00995
57	0.03235	0.04007	0.02791	0.02915	0.12786	0.53644	0.01950	0.03524	0.02516	0.02374	0.01471	0.01760	0.01228	0.00925	0.00842	0.00243	0.01561	0.00629	0.00470	0.01130
58	0.07551	0.02449	0.02587	0.02028	0.02726	0.02730	0.01664	0.48816	0.11176	0.05444	0.02341	0.02315	0.01683	0.01105	0.00900	0.00281	0.00957	0.00834	0.00900	0.01514
59	0.01312	0.00984	0.01476	0.01476	0.01640	0.01148	0.01148	0.01640	0.01476	0.02131	0.02459	0.03607	0.02295	0.06886	0.64092	0.01476	0.02459	0.00984	0.00492	0.00820
60	0.01224	0.00936	0.01122	0.01076	0.01325	0.00834	0.00807	0.01586	0.02420	0.03257	0.43049	0.07558	0.27399	0.02036	0.01084	0.00296	0.00444	0.01759	0.00955	0.00834
61	0.03490	0.02572	0.02756	0.02113	0.02847	0.02847	0.01745	0.58942	0.04317	0.05787	0.02204	0.02204	0.01561	0.01102	0.00919	0.00276	0.01010	0.00827	0.00919	0.01561
62	0.01119	0.00799	0.01065	0.01278	0.01332	0.00746	0.00852	0.01278	0.01758	0.02344	0.05061	0.67132	0.06073	0.02877	0.01172	0.00373	0.00533	0.02610	0.00852	0.00746
63	0.02511	0.64602	0.04684	0.01617	0.02384	0.07114	0.01583	0.02802	0.01908	0.02165	0.01285	0.01483	0.01179	0.00795	0.00603	0.00199	0.01021	0.00497	0.00397	0.01172
64	0.01128	0.00932	0.00990	0.00975	0.01267	0.00793	0.00731	0.01401	0.02194	0.02721	0.19739	0.08441	0.51044	0.02236	0.01085	0.00306	0.00459	0.01882	0.00884	0.00793
65	0.02455	0.68284	0.04811	0.01571	0.02357	0.03633	0.01571	0.02749	0.01866	0.02160	0.01277	0.01473	0.01178	0.00786	0.00589	0.00196	0.00982	0.00491	0.00393	0.01178
66	0.02292	0.02370	0.02916	0.36902	0.16535	0.15198	0.02398	0.05683	0.02179	0.02636	0.01636	0.02233	0.01279	0.00914	0.00897	0.00283	0.01277	0.00770	0.00458	0.01145
67	0.03451	0.03738	0.02656	0.02276	0.02842	0.42398	0.01764	0.23219	0.03209	0.03499	0.01697	0.01850	0.01317	0.01001	0.00860	0.00250	0.01428	0.00675	0.00631	0.01240
68	0.01085	0.00930	0.00930	0.00930	0.01240	0.00775	0.00698	0.01318	0.02093	0.02480	0.09302	0.08837	0.61631	0.02325	0.01085	0.00310	0.00465	0.01938	0.00853	0.00775
69	0.02273	0.02182	0.03727	0.05636	0.62003	0.02182	0.02818	0.02818	0.02091	0.03000	0.01727	0.02273	0.01454	0.00818	0.00909	0.00273	0.01091	0.00818	0.00455	0.01454
70	0.01278	0.00975	0.01210	0.01338	0.01569	0.00907	0.01092	0.01593	0.02061	0.02592	0.06646	0.16813	0.27719	0.02495	0.01184	0.00372	0.00656	0.27847	0.00849	0.00805
71	0.02404	0.02277	0.01910	0.01823	0.02162	0.23401	0.01401	0.02806	0.05207	0.08884	0.03004	0.13934	0.02909	0.02680	0.13599	0.00539	0.01391	0.07977	0.00680	0.01011
72	0.02952	0.02304	0.02452	0.02004	0.02642	0.02596	0.01615	0.34808	0.29328	0.04918	0.02889	0.02750	0.02116	0.01166	0.00926	0.00292	0.00884	0.00921	0.00926	0.01513
73	0.02058	0.27185	0.42435	0.02248	0.03403	0.02662	0.02749	0.02852	0.01913	0.02644	0.01517	0.01774	0.01168	0.00842	0.00772	0.00257	0.01225	0.00612	0.00389	0.01294
74	0.01712	0.00856	0.00856	0.00856	0.01070	0.00856	0.00642	0.02139	0.01926	0.03423	0.02995	0.03423	0.02353	0.01070	0.00642	0.00214	0.00428	0.00856	0.72828	0.00856
