[name]
unknown

[dist]
# distance from previous block
# <min> <max>
21	111

[block]
# block no. 0 follows, 22 sequences, length 72
# corresponding to MSA columns:
# 112-183
name=unknown_A
#
# <colnr> <probs for GDERKNQSTAVLIFYWHMCP>
#	G	D	E	R	K	N	Q	S	T	A	V	L	I	F	Y	W	H	M	C	P
0	0.14379	0.04682	0.07817	0.20007	0.29933	0.01975	0.02163	0.02499	0.04122	0.02727	0.01521	0.01966	0.01210	0.00786	0.00760	0.00256	0.00963	0.00677	0.00427	0.01130
1	0.13633	0.05090	0.01519	0.01292	0.01578	0.01308	0.01034	0.01745	0.01398	0.02284	0.01932	0.02721	0.01761	0.04590	0.47576	0.00999	0.01766	0.00762	0.00455	0.06556
2	0.02099	0.41956	0.10051	0.02344	0.16440	0.05319	0.01806	0.02492	0.01809	0.02281	0.05292	0.01848	0.01545	0.00793	0.00660	0.00208	0.00938	0.00597	0.00405	0.01116
3	0.02287	0.02548	0.02497	0.02709	0.16430	0.26650	0.01809	0.02575	0.01923	0.02284	0.05474	0.02468	0.01772	0.01134	0.01354	0.00276	0.20166	0.04184	0.00456	0.01004
4	0.01023	0.00772	0.00947	0.01054	0.01186	0.00696	0.00733	0.01217	0.01769	0.02303	0.13018	0.44777	0.22794	0.02351	0.01028	0.00312	0.00454	0.02084	0.00789	0.00696
5	0.02906	0.02182	0.02357	0.01805	0.02472	0.02344	0.01483	0.51682	0.06142	0.04799	0.01979	0.02002	0.01434	0.00948	0.00801	0.00233	0.00861	0.00719	0.00783	0.12067
6	0.01959	0.01875	0.03197	0.17763	0.53715	0.01948	0.02501	0.02465	0.01846	0.02596	0.01546	0.02088	0.01274	0.00758	0.00824	0.00253	0.01011	0.00740	0.00403	0.01238
7	0.01809	0.21554	0.50495	0.02124	0.03219	0.02279	0.02645	0.02594	0.01737	0.02457	0.01404	0.01645	0.01056	0.00769	0.00723	0.00241	0.01140	0.00570	0.00352	0.01186
8	0.01409	0.01360	0.08074	0.01320	0.01692	0.01083	0.01169	0.02035	0.09543	0.05273	0.19562	0.08811	0.20966	0.01763	0.00973	0.00295	0.00606	0.12397	0.00779	0.00890
9	0.01961	0.02241	0.04902	0.03501	0.04342	0.02101	0.62605	0.02661	0.01961	0.02661	0.01681	0.02241	0.01261	0.00700	0.00980	0.00280	0.01401	0.00980	0.00420	0.01120
10	0.01666	0.04297	0.66500	0.02368	0.03596	0.01929	0.03069	0.02631	0.01754	0.02631	0.01491	0.01754	0.01052	0.00789	0.00789	0.00263	0.01228	0.00614	0.00351	0.01228
11	0.01278	0.01035	0.01662	0.09621	0.02137	0.01188	0.04701	0.01617	0.01405	0.01981	0.02120	0.03168	0.01952	0.07944	0.52982	0.01124	0.01983	0.00890	0.00437	0.00775
12	0.01147	0.00855	0.01187	0.01211	0.01343	0.00931	0.00900	0.01381	0.01409	0.01947	0.03204	0.12139	0.09211	0.13051	0.44963	0.01041	0.01656	0.01197	0.00526	0.00701
13	0.01176	0.00849	0.01110	0.01045	0.01241	0.00784	0.00784	0.01568	0.02352	0.03331	0.65184	0.06206	0.07839	0.01698	0.00980	0.00261	0.00392	0.01502	0.00914	0.00784
14	0.76672	0.01607	0.01221	0.01092	0.01607	0.01864	0.00900	0.02442	0.01414	0.03727	0.01157	0.01350	0.00900	0.00771	0.00514	0.00257	0.00643	0.00450	0.00514	0.00900
15	0.01265	0.00963	0.01259	0.01280	0.04544	0.00918	0.00898	0.01773	0.06070	0.03258	0.55525	0.05891	0.09897	0.01634	0.00964	0.00263	0.00440	0.01441	0.00878	0.00839
16	0.01723	0.01477	0.01723	0.01230	0.01969	0.01107	0.00984	0.02092	0.01723	0.02707	0.01477	0.01723	0.01230	0.00615	0.00615	0.00123	0.00615	0.00492	0.00492	0.75883
17	0.01409	0.01821	0.16130	0.01720	0.02083	0.01512	0.01635	0.01834	0.01417	0.02098	0.01854	0.02663	0.01668	0.04144	0.40788	0.00918	0.14217	0.00799	0.00409	0.00881
18	0.03158	0.02327	0.02493	0.01911	0.02576	0.02576	0.01579	0.62852	0.03906	0.05236	0.01995	0.01995	0.01413	0.00997	0.00831	0.00249	0.00914	0.00748	0.00831	0.01413
19	0.01443	0.00722	0.01082	0.01082	0.01082	0.00722	0.00722	0.01082	0.01082	0.01443	0.01443	0.02525	0.01443	0.02886	0.03247	0.75830	0.00722	0.00722	0.00361	0.00361
20	0.01666	0.04297	0.66500	0.02368	0.03596	0.01929	0.03069	0.02631	0.01754	0.02631	0.01491	0.01754	0.01052	0.00789	0.00789	0.00263	0.01228	0.00614	0.00351	0.01228
21	0.01187	0.00890	0.01335	0.01335	0.01483	0.01038	0.01038	0.01483	0.01335	0.01928	0.02225	0.03264	0.02077	0.06231	0.67512	0.01335	0.02225	0.00890	0.00445	0.00742
22	0.01138	0.00848	0.01058	0.01005	0.01218	0.00768	0.00754	0.01494	0.02262	0.03118	0.54063	0.06556	0.19092	0.01778	0.00980	0.00265	0.00398	0.01552	0.00886	0.00768
23	0.01666	0.04297	0.66500	0.02368	0.03596	0.01929	0.03069	0.02631	0.01754	0.02631	0.01491	0.01754	0.01052	0.00789	0.00789	0.00263	0.01228	0.00614	0.00351	0.01228
24	0.24068	0.25097	0.02912	0.02258	0.16245	0.12434	0.01550	0.02616	0.01756	0.02654	0.01266	0.01525	0.01074	0.00757	0.00625	0.00222	0.00932	0.00526	0.00425	0.01058
25	0.03158	0.02327	0.02493	0.01911	0.02576	0.02576	0.01579	0.62852	0.03906	0.05236	0.01995	0.01995	0.01413	0.00997	0.00831	0.00249	0.00914	0.00748	0.00831	0.01413
26	0.01962	0.01878	0.03202	0.17420	0.54038	0.01949	0.02503	0.02467	0.01847	0.02600	0.01546	0.02087	0.01276	0.00758	0.00824	0.00253	0.01010	0.00740	0.00403	0.01240
27	0.53476	0.02005	0.01608	0.01375	0.01912	0.08909	0.01117	0.15241	0.02037	0.03866	0.01346	0.01501	0.01026	0.00828	0.00605	0.00251	0.00790	0.00522	0.00572	0.01014
28	0.01443	0.00722	0.01082	0.01082	0.01082	0.00722	0.00722	0.01082	0.01082	0.01443	0.01443	0.02525	0.01443	0.02886	0.03247	0.75830	0.00722	0.00722	0.00361	0.00361
29	0.01208	0.00805	0.00906	0.00906	0.00906	0.00805	0.00503	0.01208	0.01208	0.01611	0.02618	0.05436	0.03020	0.70804	0.04228	0.00805	0.00805	0.01208	0.00503	0.00503
30	0.00991	0.00842	0.00854	0.00851	0.01128	0.00705	0.00638	0.01210	0.01915	0.02295	0.11070	0.07911	0.62599	0.02085	0.00982	0.00280	0.00419	0.01742	0.00778	0.00705
31	0.01023	0.00843	0.00898	0.00884	0.01147	0.00719	0.00663	0.01271	0.01990	0.02473	0.20357	0.07619	0.53201	0.02019	0.00981	0.00276	0.00415	0.01701	0.00802	0.00719
32	0.01666	0.04297	0.66500	0.02368	0.03596	0.01929	0.03069	0.02631	0.01754	0.02631	0.01491	0.01754	0.01052	0.00789	0.00789	0.00263	0.01228	0.00614	0.00351	0.01228
33	0.02066	0.01785	0.01878	0.01691	0.02160	0.02066	0.01315	0.04414	0.64121	0.03475	0.03381	0.03099	0.02536	0.01127	0.00845	0.00282	0.00657	0.00939	0.00845	0.01315
34	0.03088	0.02388	0.02448	0.01911	0.02550	0.06267	0.01564	0.55877	0.07486	0.04945	0.02038	0.02033	0.01462	0.00997	0.00827	0.00249	0.00932	0.00747	0.00809	0.01381
35	0.02056	0.01974	0.03372	0.05099	0.65622	0.01974	0.02550	0.02550	0.01892	0.02714	0.01563	0.02056	0.01316	0.00740	0.00822	0.00247	0.00987	0.00740	0.00411	0.01316
36	0.20173	0.03324	0.02099	0.01885	0.02346	0.48708	0.01440	0.06364	0.02221	0.02601	0.01293	0.01491	0.01049	0.00844	0.00699	0.00226	0.01268	0.00527	0.00470	0.00973
37	0.01187	0.00890	0.01335	0.01335	0.01483	0.01038	0.01038	0.01483	0.01335	0.01928	0.02225	0.03264	0.02077	0.06231	0.67512	0.01335	0.02225	0.00890	0.00445	0.00742
38	0.01926	0.01837	0.03065	0.04583	0.57803	0.01820	0.02317	0.02385	0.01892	0.02657	0.02393	0.02776	0.09071	0.00906	0.00842	0.00251	0.00918	0.00863	0.00455	0.01241
39	0.01208	0.00805	0.00906	0.00906	0.00906	0.00805	0.00503	0.01208	0.01208	0.01611	0.02618	0.05436	0.03020	0.70804	0.04228	0.00805	0.00805	0.01208	0.00503	0.00503
40	0.01191	0.00872	0.01245	0.01245	0.01362	0.00989	0.00926	0.01426	0.01308	0.01862	0.02308	0.03721	0.02275	0.19813	0.54201	0.01224	0.01927	0.00957	0.00457	0.00692
41	0.01204	0.00823	0.00996	0.00996	0.01028	0.00854	0.00616	0.01266	0.01235	0.01678	0.02535	0.04979	0.02822	0.57221	0.17540	0.00917	0.01104	0.01141	0.00491	0.00554
42	0.03103	0.03959	0.02354	0.02140	0.02568	0.67469	0.01605	0.03317	0.02354	0.02033	0.01284	0.01498	0.01070	0.00856	0.00749	0.00214	0.01498	0.00535	0.00428	0.00963
43	0.02056	0.01974	0.03372	0.05099	0.65622	0.01974	0.02550	0.02550	0.01892	0.02714	0.01563	0.02056	0.01316	0.00740	0.00822	0.00247	0.00987	0.00740	0.00411	0.01316
44	0.01947	0.01863	0.03175	0.19348	0.52225	0.01945	0.02495	0.02454	0.01840	0.02582	0.01543	0.02092	0.01269	0.00760	0.00824	0.00253	0.01014	0.00740	0.00402	0.01228
45	0.02207	0.01854	0.01957	0.01719	0.02214	0.02132	0.01349	0.11919	0.56388	0.03701	0.03203	0.02958	0.02392	0.01110	0.00843	0.00278	0.00690	0.00915	0.00843	0.01327
46	0.02799	0.03054	0.02934	0.02672	0.10509	0.33605	0.11858	0.16926	0.02593	0.02963	0.01549	0.01804	0.01211	0.00849	0.00815	0.00237	0.01284	0.00683	0.00518	0.01136
47	0.01642	0.04130	0.63332	0.02304	0.03481	0.01874	0.02959	0.02579	0.01783	0.02665	0.04577	0.01970	0.01381	0.00833	0.00798	0.00263	0.01187	0.00657	0.00378	0.01206
48	0.02056	0.01974	0.03372	0.05099	0.65622	0.01974	0.02550	0.02550	0.01892	0.02714	0.01563	0.02056	0.01316	0.00740	0.00822	0.00247	0.00987	0.00740	0.00411	0.01316
49	0.02066	0.01785	0.01878	0.01691	0.02160	0.02066	0.01315	0.04414	0.64121	0.03475	0.03381	0.03099	0.02536	0.01127	0.00845	0.00282	0.00657	0.00939	0.00845	0.01315
50	0.01443	0.00722	0.01082	0.01082	0.01082	0.00722	0.00722	0.01082	0.01082	0.01443	0.01443	0.02525	0.01443	0.02886	0.03247	0.75830	0.00722	0.00722	0.00361	0.00361
51	0.01916	0.02086	0.06579	0.03726	0.41648	0.08588	0.02078	0.02350	0.01932	0.02539	0.02971	0.03228	0.14730	0.01042	0.00846	0.00251	0.00936	0.00924	0.00485	0.01144
52	0.01531	0.00866	0.01013	0.09052	0.01572	0.00919	0.00815	0.01934	0.01710	0.02915	0.02534	0.02999	0.02003	0.01238	0.04265	0.00266	0.00575	0.00776	0.62226	0.00791
53	0.01723	0.01477	0.01723	0.01230	0.01969	0.01107	0.00984	0.02092	0.01723	0.02707	0.01477	0.01723	0.01230	0.00615	0.00615	0.00123	0.00615	0.00492	0.00492	0.75883
54	0.01825	0.02515	0.20489	0.03687	0.32195	0.01846	0.12137	0.02443	0.01834	0.02621	0.01879	0.09173	0.01675	0.00943	0.00864	0.00266	0.01066	0.00915	0.00434	0.01193
55	0.01722	0.08246	0.59093	0.02467	0.07063	0.02015	0.02939	0.02617	0.01758	0.02594	0.01474	0.01746	0.01068	0.00782	0.00776	0.00257	0.01193	0.00611	0.00355	0.01223
56	0.01130	0.00835	0.01056	0.01027	0.01220	0.00760	0.00760	0.01470	0.02205	0.03045	0.50519	0.13200	0.15986	0.01853	0.00989	0.00272	0.00406	0.01629	0.00879	0.00760
57	0.01929	0.07299	0.49268	0.02354	0.03435	0.04608	0.07535	0.08948	0.02015	0.02848	0.01534	0.01787	0.01108	0.00803	0.00794	0.00257	0.01202	0.00646	0.00410	0.01220
58	0.01687	0.03137	0.40004	0.02109	0.05468	0.04179	0.04766	0.02380	0.01855	0.05600	0.03239	0.03323	0.16507	0.01113	0.00845	0.00265	0.01017	0.00915	0.00493	0.01099
59	0.01009	0.00735	0.00951	0.01124	0.01196	0.00678	0.00756	0.01160	0.01622	0.02134	0.04982	0.63717	0.11779	0.02550	0.01052	0.00331	0.00476	0.02298	0.00771	0.00678
60	0.01090	0.00812	0.01081	0.05369	0.01506	0.00787	0.00885	0.01288	0.01661	0.02182	0.07056	0.47819	0.11352	0.06533	0.01235	0.00357	0.00555	0.07001	0.00735	0.00695
61	0.02415	0.14492	0.05608	0.02986	0.24287	0.27173	0.01911	0.02776	0.02056	0.02359	0.05260	0.01961	0.01566	0.00840	0.00754	0.00224	0.01139	0.00653	0.00436	0.01103
62	0.11031	0.02142	0.09657	0.08210	0.47728	0.01948	0.02389	0.02519	0.01805	0.02792	0.01501	0.01949	0.01225	0.00755	0.00782	0.00252	0.00978	0.00692	0.00415	0.01232
63	0.01922	0.02653	0.19579	0.03799	0.26315	0.02013	0.26170	0.02613	0.01885	0.02673	0.01591	0.02054	0.01229	0.00737	0.00876	0.00264	0.01208	0.00803	0.00400	0.01218
64	0.02436	0.03000	0.05461	0.06902	0.10174	0.33920	0.16415	0.02848	0.02115	0.02301	0.01849	0.02175	0.04911	0.00875	0.00833	0.00243	0.01320	0.00752	0.00438	0.01033
65	0.05370	0.01551	0.02099	0.02576	0.21901	0.01599	0.01570	0.13722	0.04676	0.03094	0.03307	0.15620	0.09299	0.01471	0.00910	0.00285	0.00767	0.08452	0.00659	0.01069
66	0.02162	0.16305	0.23152	0.02707	0.17188	0.16809	0.02214	0.02694	0.01932	0.02417	0.04045	0.01871	0.01401	0.00816	0.00747	0.00232	0.01134	0.00630	0.00406	0.01139
67	0.02208	0.15111	0.19876	0.05659	0.10376	0.10639	0.08971	0.09939	0.02096	0.02716	0.01480	0.01790	0.01159	0.00821	0.00847	0.00245	0.03818	0.00656	0.00436	0.01159
68	0.02108	0.17646	0.14276	0.01973	0.08948	0.01970	0.01678	0.10148	0.02038	0.08140	0.02055	0.10184	0.01849	0.03867	0.00898	0.00255	0.00865	0.00845	0.00550	0.09709
69	0.04592	0.06029	0.05483	0.01567	0.05724	0.12478	0.01202	0.04476	0.02151	0.02746	0.22300	0.04715	0.20509	0.01428	0.00869	0.00252	0.00735	0.01171	0.00676	0.00899
70	0.10345	0.25728	0.17051	0.09731	0.02710	0.05263	0.01743	0.02352	0.01695	0.02395	0.01841	0.02128	0.05061	0.01153	0.04320	0.00290	0.01015	0.00641	0.03528	0.01009
71	0.02142	0.02764	0.14236	0.01873	0.05225	0.26059	0.01601	0.02530	0.02096	0.06327	0.07098	0.03654	0.18550	0.01229	0.00841	0.00248	0.01022	0.00958	0.00569	0.00979

[dist]
# distance from previous block
# <min> <max>
14	61

[block]
# block no. 1 follows, 22 sequences, length 79
# corresponding to MSA columns:
# 253-331
name=unknown_B
#
# <colnr> <probs for GDERKNQSTAVLIFYWHMCP>
#	G	D	E	R	K	N	Q	S	T	A	V	L	I	F	Y	W	H	M	C	P
0	0.01697	0.07542	0.41523	0.05845	0.11141	0.01897	0.05630	0.02455	0.01812	0.02592	0.05197	0.02382	0.04910	0.00894	0.00810	0.00258	0.01092	0.00752	0.00415	0.01157
1	0.02371	0.26035	0.14046	0.06333	0.09006	0.18275	0.01927	0.08352	0.02086	0.02481	0.01382	0.01632	0.01124	0.00796	0.00704	0.00221	0.01119	0.00571	0.00423	0.01117
2	0.01239	0.00908	0.01209	0.01369	0.01557	0.00879	0.01151	0.01563	0.01870	0.02401	0.05094	0.16601	0.15013	0.02301	0.01109	0.00360	0.00673	0.43194	0.00767	0.00743
3	0.01780	0.15416	0.52728	0.02354	0.06638	0.02159	0.02765	0.02603	0.01750	0.02522	0.01438	0.01699	0.01069	0.00773	0.00748	0.00248	0.01158	0.00592	0.00355	0.01205
4	0.02125	0.11341	0.02964	0.06160	0.30832	0.07545	0.04328	0.02637	0.05743	0.06018	0.04997	0.02504	0.01828	0.06254	0.01057	0.00284	0.00959	0.00785	0.00497	0.01142
5	0.01358	0.00956	0.01021	0.00959	0.01292	0.00831	0.00735	0.01690	0.05103	0.09789	0.07559	0.07142	0.54708	0.01929	0.00958	0.00278	0.00466	0.01605	0.00805	0.00816
6	0.01035	0.00788	0.01018	0.04633	0.01424	0.00742	0.00822	0.01215	0.01659	0.02147	0.05235	0.53413	0.18021	0.02403	0.01032	0.00322	0.00502	0.02147	0.00750	0.00693
7	0.02061	0.02211	0.05929	0.12765	0.42030	0.09412	0.05530	0.02557	0.01913	0.02543	0.01637	0.02304	0.01386	0.00828	0.00835	0.00255	0.01085	0.03113	0.00420	0.01188
8	0.10770	0.25128	0.28147	0.01767	0.02648	0.02241	0.01979	0.02801	0.01798	0.13203	0.01644	0.01752	0.01208	0.00802	0.00683	0.00234	0.00964	0.00578	0.00485	0.01169
9	0.01187	0.00890	0.01335	0.01335	0.01483	0.01038	0.01038	0.01483	0.01335	0.01928	0.02225	0.03264	0.02077	0.06231	0.67512	0.01335	0.02225	0.00890	0.00445	0.00742
10	0.02056	0.01974	0.03372	0.05099	0.65622	0.01974	0.02550	0.02550	0.01892	0.02714	0.01563	0.02056	0.01316	0.00740	0.00822	0.00247	0.00987	0.00740	0.00411	0.01316
11	0.02734	0.10764	0.13338	0.02033	0.02678	0.32884	0.01813	0.15864	0.05243	0.02872	0.01549	0.01700	0.01205	0.00871	0.00754	0.00229	0.01226	0.00602	0.00512	0.01130
12	0.01012	0.00723	0.00964	0.01157	0.01205	0.00675	0.00771	0.01157	0.01591	0.02121	0.04579	0.70262	0.05495	0.02603	0.01060	0.00337	0.00482	0.02362	0.00771	0.00675
13	0.01012	0.00723	0.00964	0.01157	0.01205	0.00675	0.00771	0.01157	0.01591	0.02121	0.04579	0.70262	0.05495	0.02603	0.01060	0.00337	0.00482	0.02362	0.00771	0.00675
14	0.01051	0.00916	0.01035	0.08794	0.01660	0.00835	0.00827	0.01301	0.01866	0.02230	0.07604	0.07319	0.57776	0.01955	0.00964	0.00280	0.00501	0.01635	0.00724	0.00727
15	0.01666	0.04297	0.66500	0.02368	0.03596	0.01929	0.03069	0.02631	0.01754	0.02631	0.01491	0.01754	0.01052	0.00789	0.00789	0.00263	0.01228	0.00614	0.00351	0.01228
16	0.02056	0.01974	0.03372	0.05099	0.65622	0.01974	0.02550	0.02550	0.01892	0.02714	0.01563	0.02056	0.01316	0.00740	0.00822	0.00247	0.00987	0.00740	0.00411	0.01316
17	0.02444	0.03332	0.14648	0.03037	0.17086	0.31537	0.10813	0.02927	0.02085	0.02384	0.01441	0.01776	0.01149	0.00796	0.00806	0.00240	0.01321	0.00659	0.00409	0.01113
18	0.01105	0.00868	0.01021	0.01105	0.01332	0.00784	0.00883	0.01366	0.01868	0.02313	0.06669	0.14912	0.38773	0.02220	0.01046	0.00321	0.00543	0.21382	0.00769	0.00720
19	0.02762	0.25263	0.02981	0.01858	0.02404	0.35962	0.01525	0.09418	0.06125	0.02436	0.01448	0.01597	0.01196	0.00841	0.00694	0.00210	0.01189	0.00553	0.00473	0.01065
20	0.01708	0.03220	0.39001	0.02663	0.06856	0.01844	0.18676	0.02510	0.01887	0.02725	0.08997	0.02421	0.01916	0.00869	0.00864	0.00267	0.01163	0.00823	0.00439	0.01152
21	0.01208	0.00805	0.00906	0.00906	0.00906	0.00805	0.00503	0.01208	0.01208	0.01611	0.02618	0.05436	0.03020	0.70804	0.04228	0.00805	0.00805	0.01208	0.00503	0.00503
22	0.02324	0.01522	0.01602	0.01322	0.01742	0.01642	0.01061	0.31272	0.02784	0.04127	0.02365	0.02566	0.01784	0.00982	0.00701	0.00220	0.00641	0.00762	0.39497	0.01082
23	0.01987	0.01903	0.03247	0.14157	0.57106	0.01956	0.02515	0.02489	0.01859	0.02630	0.01550	0.02079	0.01286	0.00753	0.00824	0.00251	0.01004	0.00740	0.00405	0.01260
24	0.01187	0.00890	0.01335	0.01335	0.01483	0.01038	0.01038	0.01483	0.01335	0.01928	0.02225	0.03264	0.02077	0.06231	0.67512	0.01335	0.02225	0.00890	0.00445	0.00742
25	0.01696	0.07901	0.63157	0.02317	0.03517	0.02002	0.02981	0.02623	0.01750	0.02595	0.01473	0.01731	0.01053	0.00785	0.00775	0.00258	0.01209	0.00605	0.00351	0.01219
26	0.02984	0.03641	0.02481	0.02474	0.09946	0.56366	0.01714	0.06383	0.02382	0.02283	0.01354	0.01590	0.01117	0.00850	0.00762	0.00220	0.01407	0.00570	0.00447	0.01028
27	0.01302	0.00877	0.01151	0.01067	0.01285	0.00805	0.00805	0.01690	0.02353	0.06443	0.62120	0.06038	0.07552	0.01665	0.00973	0.00261	0.00408	0.01469	0.00920	0.00815
28	0.01012	0.00723	0.00964	0.01157	0.01205	0.00675	0.00771	0.01157	0.01591	0.02121	0.04579	0.70262	0.05495	0.02603	0.01060	0.00337	0.00482	0.02362	0.00771	0.00675
29	0.23073	0.01528	0.01752	0.01376	0.01995	0.01466	0.01133	0.07055	0.02147	0.39186	0.02445	0.02267	0.01622	0.00915	0.00726	0.00243	0.00693	0.00692	0.00823	0.08862
30	0.02369	0.02670	0.02257	0.02016	0.02292	0.30526	0.01581	0.02937	0.12291	0.02256	0.01647	0.02006	0.01400	0.01509	0.06562	0.00360	0.23165	0.00692	0.00479	0.00988
31	0.01018	0.00819	0.00913	0.00979	0.01191	0.00714	0.00723	0.01224	0.01814	0.02230	0.07080	0.24733	0.44637	0.02252	0.01016	0.00304	0.00464	0.06422	0.00771	0.00699
32	0.01012	0.00723	0.00964	0.01157	0.01205	0.00675	0.00771	0.01157	0.01591	0.02121	0.04579	0.70262	0.05495	0.02603	0.01060	0.00337	0.00482	0.02362	0.00771	0.00675
33	0.01187	0.00890	0.01335	0.01335	0.01483	0.01038	0.01038	0.01483	0.01335	0.01928	0.02225	0.03264	0.02077	0.06231	0.67512	0.01335	0.02225	0.00890	0.00445	0.00742
34	0.02221	0.71304	0.04353	0.01421	0.02132	0.03287	0.01421	0.02488	0.01688	0.01955	0.01155	0.01333	0.01066	0.00711	0.00533	0.00178	0.00888	0.00444	0.00355	0.01066
35	0.02347	0.03045	0.19792	0.11259	0.10728	0.16057	0.05474	0.15857	0.02367	0.03017	0.01574	0.01874	0.01184	0.00844	0.00809	0.00250	0.01182	0.00677	0.00485	0.01177
36	0.01569	0.01477	0.02492	0.68808	0.05722	0.01846	0.02307	0.02123	0.01661	0.02123	0.01477	0.02215	0.01107	0.00831	0.00831	0.00277	0.01107	0.00738	0.00369	0.00923
37	0.01194	0.00863	0.01199	0.01199	0.01300	0.00965	0.00869	0.01396	0.01295	0.01828	0.02350	0.03952	0.02376	0.26702	0.47450	0.01167	0.01775	0.00991	0.00464	0.00666
38	0.01160	0.00927	0.01468	0.01474	0.01631	0.00874	0.08071	0.01397	0.01671	0.02226	0.04219	0.55339	0.04918	0.02345	0.01061	0.00336	0.00622	0.08796	0.00729	0.00737
39	0.02519	0.02748	0.02702	0.14834	0.22242	0.29252	0.02013	0.09045	0.02252	0.02587	0.01476	0.01846	0.01187	0.00831	0.00794	0.00239	0.01213	0.00655	0.00454	0.01110
40	0.01176	0.00849	0.01110	0.01045	0.01241	0.00784	0.00784	0.01568	0.02352	0.03331	0.65184	0.06206	0.07839	0.01698	0.00980	0.00261	0.00392	0.01502	0.00914	0.00784
41	0.01723	0.01477	0.01723	0.01230	0.01969	0.01107	0.00984	0.02092	0.01723	0.02707	0.01477	0.01723	0.01230	0.00615	0.00615	0.00123	0.00615	0.00492	0.00492	0.75883
42	0.02056	0.01974	0.03372	0.05099	0.65622	0.01974	0.02550	0.02550	0.01892	0.02714	0.01563	0.02056	0.01316	0.00740	0.00822	0.00247	0.00987	0.00740	0.00411	0.01316
43	0.01832	0.24299	0.47949	0.02085	0.03159	0.02335	0.02577	0.02588	0.01734	0.02429	0.01391	0.01628	0.01056	0.00766	0.00713	0.00238	0.01126	0.00563	0.00352	0.01179
44	0.01238	0.00909	0.01280	0.06578	0.01819	0.00921	0.01183	0.01536	0.01753	0.02297	0.04166	0.29864	0.04677	0.04961	0.01213	0.00375	0.00694	0.33074	0.00726	0.00736
45	0.01569	0.01477	0.02492	0.68808	0.05722	0.01846	0.02307	0.02123	0.01661	0.02123	0.01477	0.02215	0.01107	0.00831	0.00831	0.00277	0.01107	0.00738	0.00369	0.00923
46	0.02056	0.01974	0.03372	0.05099	0.65622	0.01974	0.02550	0.02550	0.01892	0.02714	0.01563	0.02056	0.01316	0.00740	0.00822	0.00247	0.00987	0.00740	0.00411	0.01316
47	0.01785	0.18593	0.53241	0.02166	0.03283	0.02219	0.02718	0.02600	0.01740	0.02487	0.01419	0.01664	0.01055	0.00773	0.00735	0.00245	0.01155	0.00578	0.00352	0.01193
48	0.01205	0.00878	0.01277	0.01277	0.01416	0.01008	0.00976	0.01483	0.01344	0.01957	0.02277	0.03424	0.02152	0.10985	0.59593	0.01243	0.02032	0.00909	0.03839	0.00725
49	0.01208	0.00805	0.00906	0.00906	0.00906	0.00805	0.00503	0.01208	0.01208	0.01611	0.02618	0.05436	0.03020	0.70804	0.04228	0.00805	0.00805	0.01208	0.00503	0.00503
50	0.02056	0.02248	0.01915	0.01776	0.02028	0.27168	0.01374	0.02398	0.04562	0.02048	0.01762	0.02379	0.01576	0.03279	0.29989	0.00723	0.10663	0.00733	0.00446	0.00876
51	0.02205	0.02327	0.02950	0.04113	0.46644	0.16409	0.02192	0.02615	0.01994	0.02527	0.02031	0.02391	0.06207	0.00871	0.00818	0.00242	0.01057	0.00773	0.00443	0.01190
52	0.01011	0.00729	0.00957	0.01140	0.01200	0.00676	0.00764	0.01159	0.01607	0.02127	0.04785	0.66913	0.08711	0.02576	0.01056	0.00334	0.00479	0.02329	0.00771	0.00676
53	0.01041	0.00844	0.00923	0.00904	0.01158	0.00726	0.00678	0.01307	0.02033	0.02575	0.25695	0.07450	0.47800	0.01980	0.00981	0.00275	0.00412	0.01677	0.00815	0.00726
54	0.02056	0.01974	0.03372	0.05099	0.65622	0.01974	0.02550	0.02550	0.01892	0.02714	0.01563	0.02056	0.01316	0.00740	0.00822	0.00247	0.00987	0.00740	0.00411	0.01316
55	0.01666	0.04297	0.66500	0.02368	0.03596	0.01929	0.03069	0.02631	0.01754	0.02631	0.01491	0.01754	0.01052	0.00789	0.00789	0.00263	0.01228	0.00614	0.00351	0.01228
56	0.00992	0.00842	0.00856	0.00852	0.01128	0.00706	0.00639	0.01212	0.01918	0.02302	0.11425	0.07900	0.62240	0.02082	0.00982	0.00280	0.00419	0.01740	0.00779	0.00706
57	0.02290	0.25517	0.06244	0.06387	0.17542	0.17476	0.05114	0.02663	0.01884	0.02230	0.01338	0.01681	0.01139	0.00798	0.00813	0.00226	0.04571	0.00601	0.00390	0.01095
58	0.05690	0.03474	0.45905	0.02271	0.03262	0.01913	0.08900	0.05205	0.01830	0.02813	0.01590	0.01899	0.01166	0.00832	0.00869	0.00263	0.04214	0.00667	0.06080	0.01159
59	0.02210	0.63709	0.09087	0.01520	0.02261	0.05483	0.01555	0.02528	0.01717	0.02010	0.01186	0.01371	0.01065	0.00722	0.00561	0.00186	0.00937	0.00461	0.00358	0.01075
60	0.01926	0.01841	0.03137	0.22116	0.49622	0.01940	0.02485	0.02435	0.01830	0.02556	0.01540	0.02098	0.01260	0.00764	0.00825	0.00255	0.01019	0.00740	0.00400	0.01211
61	0.02026	0.02048	0.03096	0.21761	0.40983	0.08427	0.04742	0.02516	0.01879	0.02487	0.01517	0.02051	0.01234	0.00774	0.00824	0.00253	0.01086	0.00729	0.00402	0.01168
62	0.02051	0.15292	0.02438	0.20751	0.03056	0.20206	0.01572	0.02403	0.01931	0.02234	0.05547	0.02855	0.05695	0.01026	0.00766	0.00239	0.01020	0.03737	0.06261	0.00920
63	0.01683	0.04183	0.63076	0.02431	0.03637	0.01939	0.06378	0.02633	0.01765	0.02633	0.01501	0.01781	0.01064	0.00784	0.00800	0.00264	0.01237	0.00634	0.00355	0.01222
64	0.01010	0.00732	0.00954	0.01132	0.01199	0.00677	0.00760	0.01159	0.01614	0.02130	0.04875	0.65448	0.10117	0.02564	0.01054	0.00333	0.00477	0.02315	0.00771	0.00677
65	0.02056	0.01974	0.03372	0.05099	0.65622	0.01974	0.02550	0.02550	0.01892	0.02714	0.01563	0.02056	0.01316	0.00740	0.00822	0.00247	0.00987	0.00740	0.00411	0.01316
66	0.01407	0.01141	0.01497	0.01769	0.09071	0.01138	0.01262	0.02001	0.09996	0.02559	0.04995	0.10527	0.19962	0.01927	0.01022	0.00324	0.00672	0.27113	0.00736	0.00880
67	0.01012	0.00723	0.00964	0.01157	0.01205	0.00675	0.00771	0.01157	0.01591	0.02121	0.04579	0.70262	0.05495	0.02603	0.01060	0.00337	0.00482	0.02362	0.00771	0.00675
68	0.01145	0.00905	0.01045	0.01035	0.01286	0.00829	0.00801	0.01547	0.05206	0.02709	0.27243	0.07292	0.35241	0.01937	0.00994	0.00286	0.00463	0.08444	0.00824	0.00768
69	0.01683	0.04183	0.63076	0.02431	0.03637	0.01939	0.06378	0.02633	0.01765	0.02633	0.01501	0.01781	0.01064	0.00784	0.00800	0.00264	0.01237	0.00634	0.00355	0.01222
70	0.03106	0.03889	0.02360	0.02130	0.02569	0.64653	0.01604	0.05901	0.02422	0.02172	0.01315	0.01520	0.01085	0.00862	0.00753	0.00216	0.01473	0.00544	0.00446	0.00983
71	0.01208	0.00805	0.00906	0.00906	0.00906	0.00805	0.00503	0.01208	0.01208	0.01611	0.02618	0.05436	0.03020	0.70804	0.04228	0.00805	0.00805	0.01208	0.00503	0.00503
72	0.01851	0.02373	0.11795	0.03163	0.04005	0.01973	0.50848	0.02544	0.01931	0.02625	0.02179	0.02629	0.06186	0.00819	0.00958	0.00278	0.01305	0.00997	0.00439	0.01101
73	0.02994	0.02936	0.02472	0.02237	0.07381	0.28938	0.01650	0.30919	0.06274	0.03646	0.01745	0.01855	0.01325	0.00927	0.00798	0.00236	0.01144	0.00671	0.00635	0.01217
74	0.01060	0.00751	0.00986	0.01156	0.01210	0.00712	0.00784	0.01206	0.01571	0.02089	0.04335	0.57970	0.05150	0.10558	0.01438	0.00396	0.00542	0.06686	0.00739	0.00662
75	0.01012	0.00723	0.00964	0.01157	0.01205	0.00675	0.00771	0.01157	0.01591	0.02121	0.04579	0.70262	0.05495	0.02603	0.01060	0.00337	0.00482	0.02362	0.00771	0.00675
76	0.02285	0.02177	0.02497	0.03191	0.31454	0.15888	0.01817	0.08810	0.02167	0.02911	0.01797	0.02156	0.01450	0.00841	0.00755	0.00228	0.00959	0.00704	0.16780	0.01132
77	0.02007	0.02258	0.11294	0.04563	0.54229	0.01973	0.02547	0.02664	0.05333	0.02746	0.01655	0.02076	0.01350	0.00768	0.00820	0.00251	0.00999	0.00735	0.00428	0.01305
78	0.01529	0.01629	0.09334	0.02257	0.16836	0.03524	0.01538	0.01929	0.01883	0.02590	0.17905	0.08463	0.03907	0.12380	0.01455	0.00365	0.00796	0.10149	0.00617	0.00915

[dist]
# distance from previous block
# <min> <max>
8	18

[block]
# block no. 2 follows, 22 sequences, length 110
# corresponding to MSA columns:
# 350-459
name=unknown_C
#
# <colnr> <probs for GDERKNQSTAVLIFYWHMCP>
#	G	D	E	R	K	N	Q	S	T	A	V	L	I	F	Y	W	H	M	C	P
0	0.01752	0.03786	0.52611	0.02969	0.17242	0.01939	0.02955	0.02613	0.01784	0.02649	0.01507	0.01820	0.01110	0.00778	0.00797	0.00259	0.01175	0.00642	0.00364	0.01247
1	0.02504	0.08979	0.10283	0.02022	0.05913	0.02150	0.01734	0.16405	0.04565	0.15545	0.01961	0.02149	0.01472	0.01347	0.05178	0.00335	0.14900	0.00730	0.00624	0.01204
2	0.02192	0.67744	0.07655	0.01472	0.02210	0.03215	0.01509	0.02495	0.01691	0.01990	0.01173	0.01355	0.01065	0.00715	0.00547	0.00182	0.00906	0.00453	0.00355	0.01075
3	0.03023	0.01264	0.01668	0.01330	0.01869	0.01092	0.01080	0.03332	0.02294	0.49452	0.10116	0.04016	0.13167	0.01272	0.00874	0.00261	0.00629	0.01053	0.00974	0.01234
4	0.01017	0.00843	0.00890	0.00878	0.01144	0.00716	0.00659	0.01260	0.01976	0.02441	0.18697	0.07671	0.54881	0.02030	0.00981	0.00277	0.00416	0.01708	0.00797	0.00716
5	0.02389	0.02219	0.02617	0.03065	0.26357	0.11847	0.01861	0.19870	0.02486	0.03232	0.02197	0.06734	0.05135	0.01072	0.00952	0.00257	0.05070	0.00873	0.00576	0.01190
6	0.01054	0.00807	0.00937	0.00976	0.01146	0.00722	0.00687	0.01261	0.01831	0.02364	0.18301	0.24441	0.30544	0.09487	0.01349	0.00348	0.00473	0.01811	0.00772	0.00690
7	0.01012	0.00723	0.00964	0.01157	0.01205	0.00675	0.00771	0.01157	0.01591	0.02121	0.04579	0.70262	0.05495	0.02603	0.01060	0.00337	0.00482	0.02362	0.00771	0.00675
8	0.01927	0.01900	0.03411	0.19769	0.41778	0.01964	0.12107	0.02467	0.01849	0.02567	0.01561	0.02123	0.01258	0.00755	0.00850	0.00259	0.01081	0.00778	0.00403	0.01193
9	0.53716	0.09449	0.01823	0.01449	0.04153	0.12987	0.01133	0.02597	0.01618	0.03218	0.01193	0.01398	0.00961	0.00778	0.00567	0.00241	0.00824	0.00474	0.00479	0.00943
10	0.01905	0.02362	0.15309	0.07524	0.37432	0.02074	0.02487	0.02429	0.01726	0.02520	0.01448	0.01958	0.01208	0.00900	0.01204	0.00275	0.14943	0.00713	0.00388	0.01194
11	0.02063	0.02090	0.06333	0.03911	0.42580	0.05531	0.02228	0.05726	0.07114	0.02835	0.02058	0.02977	0.01813	0.00983	0.00858	0.00265	0.00971	0.07924	0.00509	0.01230
12	0.06559	0.03009	0.37375	0.01946	0.02903	0.01645	0.02219	0.03182	0.01983	0.27870	0.02180	0.02157	0.01442	0.00883	0.00793	0.00260	0.00990	0.00693	0.00628	0.01284
13	0.01193	0.00866	0.01211	0.01211	0.01317	0.00971	0.00884	0.01404	0.01298	0.01837	0.02338	0.03891	0.02349	0.24869	0.49246	0.01182	0.01815	0.00982	0.00462	0.00673
14	0.01917	0.14610	0.36132	0.02846	0.15929	0.04797	0.07333	0.02621	0.01811	0.02516	0.01457	0.01774	0.01125	0.00762	0.00768	0.00245	0.01148	0.00637	0.00372	0.01200
15	0.76672	0.01607	0.01221	0.01092	0.01607	0.01864	0.00900	0.02442	0.01414	0.03727	0.01157	0.01350	0.00900	0.00771	0.00514	0.00257	0.00643	0.00450	0.00514	0.00900
16	0.03108	0.03820	0.02366	0.02121	0.02569	0.61922	0.01603	0.08407	0.02487	0.02307	0.01345	0.01541	0.01099	0.00868	0.00756	0.00217	0.01448	0.00553	0.00462	0.01002
17	0.19308	0.01629	0.01987	0.02218	0.14718	0.05118	0.01460	0.02143	0.01520	0.02578	0.01590	0.02271	0.01432	0.05811	0.13246	0.00496	0.16219	0.00714	0.04611	0.00932
18	0.02286	0.01903	0.02072	0.01894	0.05194	0.02165	0.01426	0.16101	0.49098	0.03794	0.03017	0.02828	0.02253	0.01083	0.00841	0.00274	0.00724	0.00891	0.00822	0.01335
19	0.02217	0.02648	0.10005	0.03831	0.35371	0.15322	0.09626	0.02827	0.05286	0.02601	0.01609	0.01988	0.01296	0.00785	0.00824	0.00248	0.01149	0.00725	0.00432	0.01211
20	0.02577	0.03050	0.06515	0.02498	0.08967	0.34197	0.09109	0.10140	0.02304	0.02589	0.01559	0.01907	0.01265	0.01412	0.07919	0.00352	0.01426	0.00678	0.00471	0.01064
21	0.01443	0.00722	0.01082	0.01082	0.01082	0.00722	0.00722	0.01082	0.01082	0.01443	0.01443	0.02525	0.01443	0.02886	0.03247	0.75830	0.00722	0.00722	0.00361	0.00361
22	0.02063	0.02231	0.10032	0.02636	0.19379	0.12698	0.01815	0.05088	0.02085	0.06502	0.11932	0.06240	0.02727	0.01371	0.03710	0.00307	0.03334	0.04197	0.00577	0.01074
23	0.02635	0.02839	0.02320	0.02291	0.09997	0.37536	0.04176	0.04944	0.02256	0.07450	0.07185	0.02569	0.04260	0.04772	0.00995	0.00264	0.01179	0.00773	0.00545	0.01014
24	0.02027	0.01726	0.01815	0.01622	0.02085	0.01965	0.01265	0.07604	0.54488	0.03461	0.03786	0.03507	0.08544	0.01214	0.00858	0.00280	0.00650	0.01007	0.00837	0.01261
25	0.01569	0.01477	0.02492	0.68808	0.05722	0.01846	0.02307	0.02123	0.01661	0.02123	0.01477	0.02215	0.01107	0.00831	0.00831	0.00277	0.01107	0.00738	0.00369	0.00923
26	0.03045	0.03322	0.02345	0.02020	0.02519	0.44180	0.01562	0.22414	0.02837	0.03072	0.01768	0.01891	0.03480	0.00946	0.00784	0.00228	0.01271	0.00647	0.00570	0.01099
27	0.02035	0.01952	0.03334	0.07869	0.63018	0.01968	0.02539	0.02531	0.01882	0.02688	0.01559	0.02063	0.01307	0.00744	0.00823	0.00248	0.00992	0.00740	0.00409	0.01299
28	0.01021	0.00738	0.00967	0.01132	0.01203	0.00683	0.00764	0.01186	0.01657	0.02207	0.08757	0.62606	0.08975	0.02516	0.01051	0.00329	0.00473	0.02272	0.00781	0.00683
29	0.01012	0.00723	0.00964	0.01157	0.01205	0.00675	0.00771	0.01157	0.01591	0.02121	0.04579	0.70262	0.05495	0.02603	0.01060	0.00337	0.00482	0.02362	0.00771	0.00675
30	0.06536	0.17237	0.03219	0.16410	0.31890	0.06516	0.02093	0.02496	0.01803	0.02447	0.01413	0.01849	0.01179	0.00761	0.00737	0.00236	0.01002	0.00644	0.00398	0.01135
31	0.02635	0.03956	0.20921	0.02357	0.06083	0.45210	0.02076	0.03080	0.02157	0.02240	0.01358	0.01600	0.01078	0.00831	0.00764	0.00230	0.01394	0.00568	0.00405	0.01057
32	0.01203	0.00824	0.01000	0.01000	0.01033	0.00857	0.00621	0.01269	0.01236	0.01681	0.02531	0.04958	0.02813	0.56598	0.18151	0.00922	0.01118	0.01138	0.00491	0.00556
33	0.01012	0.00723	0.00964	0.01157	0.01205	0.00675	0.00771	0.01157	0.01591	0.02121	0.04579	0.70262	0.05495	0.02603	0.01060	0.00337	0.00482	0.02362	0.00771	0.00675
34	0.01727	0.11942	0.36187	0.02366	0.03294	0.01991	0.16529	0.02441	0.01774	0.02490	0.01867	0.10117	0.01641	0.00978	0.00834	0.00265	0.01135	0.00890	0.00419	0.01115
35	0.02056	0.01974	0.03372	0.05099	0.65622	0.01974	0.02550	0.02550	0.01892	0.02714	0.01563	0.02056	0.01316	0.00740	0.00822	0.00247	0.00987	0.00740	0.00411	0.01316
36	0.01850	0.01761	0.02763	0.06762	0.46323	0.04417	0.02109	0.02257	0.01835	0.02530	0.02211	0.17045	0.02216	0.01159	0.00872	0.00267	0.00902	0.01088	0.00489	0.01144
37	0.01862	0.01762	0.02534	0.03499	0.38532	0.04144	0.01893	0.02588	0.12250	0.02707	0.03196	0.06212	0.12994	0.01131	0.00862	0.00261	0.00829	0.01015	0.00563	0.01166
38	0.02009	0.02255	0.11023	0.04768	0.58105	0.01968	0.02613	0.02559	0.01875	0.02704	0.01554	0.02019	0.01284	0.00746	0.00818	0.00249	0.01016	0.00725	0.00404	0.01305
39	0.02101	0.07455	0.37089	0.02739	0.14088	0.17366	0.02546	0.02770	0.01915	0.02469	0.01437	0.01724	0.01103	0.00792	0.00772	0.00244	0.01231	0.00608	0.00380	0.01172
40	0.01854	0.01558	0.02270	0.02978	0.28638	0.01589	0.01752	0.02655	0.14416	0.05713	0.03436	0.04563	0.10079	0.01324	0.00915	0.00287	0.00792	0.13406	0.00645	0.01130
41	0.01731	0.03892	0.55159	0.02767	0.11158	0.01945	0.06573	0.02623	0.01783	0.02643	0.01511	0.01820	0.01097	0.00778	0.00805	0.00262	0.01209	0.00651	0.00362	0.01232
42	0.01924	0.01681	0.02580	0.13762	0.34441	0.01742	0.01984	0.04860	0.07667	0.05620	0.02939	0.03187	0.11956	0.01037	0.00853	0.00261	0.00867	0.00929	0.00548	0.01161
43	0.01954	0.02637	0.21567	0.09305	0.35891	0.01989	0.06228	0.05622	0.01940	0.02767	0.01564	0.01990	0.01224	0.00773	0.00823	0.00256	0.01087	0.00718	0.00412	0.01251
44	0.01676	0.01121	0.01383	0.01329	0.01610	0.01133	0.01022	0.02462	0.16609	0.10621	0.22922	0.19523	0.05030	0.01750	0.00968	0.00296	0.00555	0.08166	0.00863	0.00958
45	0.01666	0.04297	0.66500	0.02368	0.03596	0.01929	0.03069	0.02631	0.01754	0.02631	0.01491	0.01754	0.01052	0.00789	0.00789	0.00263	0.01228	0.00614	0.00351	0.01228
46	0.01842	0.08459	0.33015	0.02867	0.10169	0.02139	0.18430	0.02562	0.01775	0.02539	0.01486	0.01887	0.01140	0.00814	0.00998	0.00268	0.07344	0.00721	0.00377	0.01168
47	0.02000	0.03097	0.28596	0.03719	0.34683	0.08250	0.02667	0.02656	0.01881	0.02615	0.01507	0.01881	0.01187	0.00771	0.00802	0.00250	0.01133	0.00670	0.00389	0.01247
48	0.01152	0.00789	0.00954	0.01008	0.01032	0.00786	0.00618	0.01214	0.01325	0.01777	0.03138	0.23433	0.03644	0.46951	0.07998	0.00713	0.00819	0.01508	0.00574	0.00569
49	0.01666	0.04297	0.66500	0.02368	0.03596	0.01929	0.03069	0.02631	0.01754	0.02631	0.01491	0.01754	0.01052	0.00789	0.00789	0.00263	0.01228	0.00614	0.00351	0.01228
50	0.01971	0.16892	0.07083	0.03222	0.17472	0.02241	0.29920	0.02518	0.01874	0.02499	0.01899	0.02296	0.04702	0.00792	0.00841	0.00250	0.01137	0.00837	0.00420	0.01135
51	0.02381	0.16979	0.02247	0.01417	0.01909	0.09661	0.01178	0.05265	0.05664	0.18385	0.15673	0.03578	0.09909	0.01197	0.00804	0.00239	0.00753	0.00952	0.00737	0.01070
52	0.01021	0.00727	0.00961	0.01146	0.01192	0.00680	0.00759	0.01159	0.01574	0.02098	0.04493	0.67427	0.05386	0.05586	0.01199	0.00358	0.00496	0.02311	0.00759	0.00667
53	0.01505	0.01297	0.01221	0.01218	0.01379	0.11508	0.00869	0.01584	0.01606	0.01971	0.03546	0.14819	0.14685	0.08156	0.10034	0.17070	0.00926	0.01222	0.04726	0.00657
54	0.02536	0.47233	0.03639	0.01678	0.02288	0.26228	0.01487	0.02784	0.01926	0.01983	0.01201	0.01392	0.01068	0.00763	0.00610	0.00191	0.01106	0.00477	0.00381	0.01029
55	0.01854	0.01164	0.01498	0.01340	0.01562	0.01286	0.01028	0.07159	0.01724	0.11860	0.02378	0.03383	0.02118	0.18032	0.22453	0.00716	0.09015	0.00907	0.09654	0.00870
56	0.01054	0.00746	0.00980	0.01151	0.01202	0.00706	0.00775	0.01196	0.01567	0.02085	0.04346	0.59289	0.05172	0.10290	0.01424	0.00393	0.00535	0.05687	0.00741	0.00661
57	0.01824	0.02290	0.14084	0.22681	0.21308	0.01964	0.18813	0.02470	0.01820	0.02514	0.01558	0.02102	0.01196	0.00764	0.00862	0.00267	0.01174	0.00784	0.00391	0.01134
58	0.19827	0.22353	0.06072	0.01611	0.02202	0.15699	0.01414	0.05609	0.12891	0.02833	0.01630	0.01734	0.01302	0.00845	0.00655	0.00230	0.00934	0.00574	0.00514	0.01074
59	0.01778	0.04140	0.62991	0.02319	0.03515	0.01891	0.02969	0.02708	0.01788	0.06086	0.01588	0.01812	0.01107	0.00802	0.00792	0.00263	0.01199	0.00626	0.00388	0.01238
60	0.02970	0.03012	0.02436	0.02049	0.02525	0.32254	0.01620	0.28247	0.02877	0.03379	0.01560	0.01746	0.01217	0.00988	0.01023	0.00247	0.09467	0.00648	0.00590	0.01146
61	0.01999	0.01499	0.01763	0.01306	0.02006	0.01216	0.01046	0.02558	0.07975	0.10471	0.01883	0.01993	0.01460	0.00716	0.00665	0.00155	0.00631	0.00578	0.00592	0.59489
62	0.53496	0.01693	0.01839	0.05881	0.18134	0.01891	0.01398	0.02452	0.01549	0.03380	0.01278	0.01578	0.01017	0.00767	0.00610	0.00256	0.00756	0.00540	0.00480	0.01007
63	0.05732	0.01872	0.17515	0.05054	0.04580	0.01264	0.01560	0.02173	0.01971	0.10353	0.20376	0.12051	0.07316	0.01416	0.00892	0.00276	0.00734	0.03192	0.00690	0.00983
64	0.01443	0.00722	0.01082	0.01082	0.01082	0.00722	0.00722	0.01082	0.01082	0.01443	0.01443	0.02525	0.01443	0.02886	0.03247	0.75830	0.00722	0.00722	0.00361	0.00361
65	0.01054	0.00830	0.00862	0.00862	0.01053	0.00735	0.00590	0.01197	0.01675	0.02042	0.06563	0.07177	0.45390	0.24055	0.02019	0.00448	0.00544	0.01579	0.00686	0.00638
66	0.02056	0.01974	0.03372	0.05099	0.65622	0.01974	0.02550	0.02550	0.01892	0.02714	0.01563	0.02056	0.01316	0.00740	0.00822	0.00247	0.00987	0.00740	0.00411	0.01316
67	0.00982	0.00842	0.00842	0.00842	0.01122	0.00701	0.00631	0.01192	0.01894	0.02244	0.08416	0.07995	0.65285	0.02104	0.00982	0.00281	0.00421	0.01753	0.00771	0.00701
68	0.02056	0.01974	0.03372	0.05099	0.65622	0.01974	0.02550	0.02550	0.01892	0.02714	0.01563	0.02056	0.01316	0.00740	0.00822	0.00247	0.00987	0.00740	0.00411	0.01316
69	0.02976	0.03719	0.02478	0.02499	0.10210	0.59532	0.01720	0.03224	0.02298	0.02116	0.01318	0.01566	0.01100	0.00842	0.00758	0.00218	0.01436	0.00560	0.00426	0.01006
70	0.02545	0.02915	0.02355	0.02243	0.06525	0.35579	0.01646	0.03240	0.15693	0.02388	0.01724	0.01952	0.01413	0.01030	0.01178	0.00261	0.15079	0.00676	0.00506	0.01053
71	0.01010	0.00731	0.00956	0.01136	0.01200	0.00677	0.00762	0.01159	0.01610	0.02129	0.04830	0.66188	0.09406	0.02570	0.01055	0.00334	0.00478	0.02322	0.00771	0.00677
72	0.05286	0.00911	0.01147	0.01274	0.01465	0.00887	0.01031	0.01529	0.01830	0.02471	0.08185	0.22796	0.15313	0.02220	0.01055	0.00341	0.00613	0.30142	0.00762	0.00741
73	0.01959	0.01874	0.03196	0.17853	0.53631	0.01948	0.02501	0.02464	0.01845	0.02596	0.01545	0.02088	0.01274	0.00758	0.00824	0.00253	0.01011	0.00740	0.00403	0.01237
74	0.02615	0.03060	0.10472	0.03040	0.22257	0.26327	0.02070	0.14812	0.02446	0.02952	0.01537	0.01801	0.01212	0.00840	0.00793	0.00237	0.01191	0.00650	0.00493	0.01194
75	0.05362	0.02733	0.22940	0.03448	0.31283	0.02049	0.02445	0.11627	0.04719	0.03139	0.01662	0.01964	0.01280	0.00811	0.00801	0.00254	0.01023	0.00697	0.00477	0.01284
76	0.02056	0.01974	0.03372	0.05099	0.65622	0.01974	0.02550	0.02550	0.01892	0.02714	0.01563	0.02056	0.01316	0.00740	0.00822	0.00247	0.00987	0.00740	0.00411	0.01316
77	0.01187	0.00890	0.01335	0.01335	0.01483	0.01038	0.01038	0.01483	0.01335	0.01928	0.02225	0.03264	0.02077	0.06231	0.67512	0.01335	0.02225	0.00890	0.00445	0.00742
78	0.01947	0.41551	0.27839	0.01760	0.02636	0.02620	0.02011	0.02487	0.01753	0.02295	0.05119	0.01785	0.01467	0.00800	0.00657	0.00215	0.00988	0.00572	0.00387	0.01111
79	0.00989	0.00815	0.00868	0.00911	0.01140	0.00695	0.00662	0.01184	0.01827	0.02217	0.07572	0.21694	0.52131	0.02214	0.00999	0.00293	0.00434	0.01887	0.00771	0.00695
80	0.01005	0.00749	0.00937	0.01087	0.01187	0.00681	0.00740	0.01165	0.01657	0.02148	0.05423	0.56563	0.18649	0.02493	0.01043	0.00325	0.00469	0.02228	0.00771	0.00681
81	0.03114	0.02305	0.02469	0.01903	0.02560	0.02556	0.01568	0.60514	0.06316	0.05165	0.02050	0.02039	0.01458	0.01002	0.00832	0.00251	0.00904	0.00756	0.00832	0.01409
82	0.01326	0.01081	0.01350	0.01321	0.01441	0.04590	0.00983	0.01543	0.01356	0.01863	0.02209	0.03605	0.02194	0.20830	0.45833	0.01102	0.05276	0.00937	0.00454	0.00706
83	0.01868	0.18629	0.39918	0.02715	0.15899	0.02238	0.02599	0.02583	0.01767	0.02498	0.01431	0.01722	0.01109	0.00762	0.00739	0.00241	0.01104	0.00602	0.00364	0.01210
84	0.01957	0.01873	0.03193	0.18068	0.53428	0.01948	0.02500	0.02463	0.01845	0.02594	0.01545	0.02088	0.01273	0.00759	0.00824	0.00253	0.01011	0.00740	0.00403	0.01236
85	0.02056	0.01974	0.03372	0.05099	0.65622	0.01974	0.02550	0.02550	0.01892	0.02714	0.01563	0.02056	0.01316	0.00740	0.00822	0.00247	0.00987	0.00740	0.00411	0.01316
86	0.02923	0.07459	0.02533	0.02120	0.02585	0.55879	0.04112	0.03333	0.07303	0.02172	0.01463	0.01650	0.01197	0.00863	0.00754	0.00220	0.01392	0.00581	0.00457	0.01004
87	0.01866	0.02100	0.07689	0.07102	0.20795	0.02054	0.23312	0.02389	0.01771	0.02490	0.01865	0.02378	0.04621	0.00949	0.01262	0.00286	0.14679	0.00867	0.00418	0.01106
88	0.01001	0.00805	0.00881	0.00938	0.01137	0.00698	0.00667	0.01182	0.01773	0.02179	0.07017	0.26272	0.44771	0.05397	0.01154	0.00321	0.00456	0.01908	0.00759	0.00684
