[name]
unknown

[dist]
# distance from previous block
# <min> <max>
3	12

[block]
# block no. 0 follows, 21 sequences, length 18
# corresponding to MSA columns:
# 12-29
name=unknown_A
#
# <colnr> <probs for GDERKNQSTAVLIFYWHMCP>
#	G	D	E	R	K	N	Q	S	T	A	V	L	I	F	Y	W	H	M	C	P
0	0.01598	0.01642	0.01323	0.01251	0.01580	0.15125	0.00943	0.02034	0.07713	0.02481	0.12204	0.06105	0.39355	0.01745	0.00941	0.00271	0.00689	0.01424	0.00736	0.00843
1	0.02349	0.02509	0.02445	0.02913	0.23463	0.24134	0.01755	0.08391	0.02304	0.02688	0.03064	0.03219	0.14920	0.01127	0.00853	0.00249	0.01059	0.00911	0.00549	0.01097
2	0.01151	0.00841	0.00880	0.00880	0.01051	0.00766	0.00592	0.01304	0.01662	0.02145	0.05812	0.06704	0.35234	0.27404	0.02206	0.00479	0.00575	0.01486	0.08177	0.00650
3	0.01090	0.00787	0.00948	0.01052	0.01129	0.00735	0.00684	0.01207	0.01569	0.02041	0.04795	0.39812	0.15303	0.22448	0.02028	0.00477	0.00580	0.01961	0.00709	0.00644
4	0.01125	0.00800	0.00939	0.01013	0.01079	0.00758	0.00639	0.01215	0.01499	0.01952	0.04409	0.29801	0.14161	0.33794	0.02575	0.00558	0.00637	0.01769	0.00663	0.00614
5	0.01037	0.00741	0.00987	0.01185	0.01234	0.00691	0.00790	0.01185	0.01629	0.02172	0.04690	0.69537	0.05629	0.02666	0.01086	0.00346	0.00494	0.02419	0.00790	0.00691
6	0.01030	0.00767	0.00960	0.01115	0.01216	0.00697	0.00759	0.01193	0.01696	0.02200	0.05541	0.56264	0.18352	0.02556	0.01069	0.00333	0.00480	0.02284	0.00790	0.00697
7	0.01230	0.00960	0.01132	0.01139	0.01356	0.00926	0.00833	0.01782	0.10178	0.02811	0.25801	0.23970	0.20639	0.02023	0.01009	0.00297	0.00471	0.01771	0.00850	0.00823
8	0.01055	0.00748	0.00982	0.01162	0.01207	0.00703	0.00765	0.01190	0.01594	0.02125	0.04509	0.63745	0.05399	0.08771	0.01380	0.00389	0.00524	0.02312	0.00765	0.00675
9	0.01197	0.00845	0.01035	0.01011	0.01132	0.00801	0.00684	0.01422	0.01894	0.02612	0.34543	0.09619	0.09053	0.27889	0.02278	0.00486	0.00570	0.01486	0.00760	0.00683
10	0.01243	0.00882	0.01218	0.01218	0.01332	0.00985	0.00891	0.01471	0.01357	0.01957	0.02415	0.03926	0.02388	0.23037	0.46350	0.01157	0.01785	0.00992	0.04701	0.00697
11	0.01843	0.02815	0.23358	0.03001	0.03925	0.01976	0.38142	0.02615	0.01980	0.02779	0.07331	0.02510	0.01836	0.00838	0.00944	0.00280	0.01287	0.00937	0.00454	0.01150
12	0.02227	0.03124	0.20546	0.03789	0.34333	0.15997	0.02551	0.02805	0.02001	0.02606	0.01519	0.01896	0.01218	0.00798	0.00817	0.00250	0.01193	0.00677	0.00408	0.01245
13	0.01831	0.01563	0.02441	0.01981	0.02325	0.01747	0.14306	0.09833	0.01892	0.02753	0.02001	0.02764	0.01727	0.06346	0.18330	0.00594	0.14263	0.00882	0.11463	0.00957
14	0.02915	0.02145	0.02326	0.01846	0.02435	0.02356	0.01497	0.53113	0.03656	0.04899	0.02428	0.11855	0.02055	0.01261	0.00885	0.00269	0.00872	0.01007	0.00842	0.01337
15	0.02971	0.02177	0.02324	0.01823	0.02439	0.02410	0.01493	0.50809	0.09219	0.04983	0.02245	0.02258	0.01625	0.01031	0.00828	0.00253	0.00859	0.00787	0.08093	0.01374
16	0.01790	0.01101	0.01393	0.01190	0.01502	0.01111	0.06877	0.07928	0.02024	0.03342	0.02598	0.02973	0.02019	0.00967	0.00661	0.00213	0.00554	0.00812	0.60050	0.00893
17	0.02137	0.02447	0.04604	0.03606	0.10170	0.08668	0.49834	0.02783	0.02042	0.02666	0.01669	0.02200	0.01277	0.00738	0.00964	0.00277	0.01403	0.00934	0.00430	0.01151

[dist]
# distance from previous block
# <min> <max>
0	3

[block]
# block no. 1 follows, 21 sequences, length 30
# corresponding to MSA columns:
# 33-62
name=unknown_B
#
# <colnr> <probs for GDERKNQSTAVLIFYWHMCP>
#	G	D	E	R	K	N	Q	S	T	A	V	L	I	F	Y	W	H	M	C	P
0	0.01268	0.00955	0.01140	0.01189	0.01380	0.00901	0.00845	0.07018	0.01930	0.02529	0.05194	0.46625	0.18263	0.02313	0.01028	0.00315	0.00527	0.02045	0.00784	0.03749
1	0.02539	0.02896	0.02053	0.01892	0.02249	0.40371	0.01430	0.07599	0.02234	0.02338	0.01913	0.08459	0.01788	0.02296	0.15616	0.00492	0.01553	0.00826	0.00510	0.00946
2	0.02872	0.03521	0.02255	0.02062	0.02472	0.54013	0.01555	0.03281	0.07317	0.02193	0.01601	0.01872	0.01335	0.01515	0.08146	0.00353	0.01547	0.00623	0.00476	0.00991
3	0.25493	0.02349	0.02134	0.05440	0.02514	0.11585	0.01450	0.31935	0.02860	0.04239	0.01645	0.01780	0.01218	0.00920	0.00740	0.00254	0.00948	0.00641	0.00666	0.01192
4	0.02073	0.02030	0.03260	0.15373	0.52347	0.04902	0.02528	0.02575	0.01920	0.02650	0.01574	0.02107	0.01302	0.00779	0.00840	0.00256	0.01055	0.00748	0.00415	0.01266
5	0.02854	0.03237	0.02498	0.02538	0.11644	0.40652	0.01734	0.08961	0.12452	0.02734	0.01777	0.01934	0.01412	0.00919	0.00802	0.00239	0.01261	0.00667	0.00545	0.01142
6	0.03179	0.04056	0.02412	0.02192	0.02631	0.66676	0.01644	0.03398	0.02412	0.02083	0.01315	0.01535	0.01096	0.00877	0.00767	0.00219	0.01535	0.00548	0.00438	0.00987
7	0.01216	0.00912	0.01368	0.01368	0.01520	0.01064	0.01064	0.01520	0.01368	0.01976	0.02279	0.03343	0.02127	0.06382	0.66720	0.01368	0.02279	0.00912	0.00456	0.00760
8	0.76103	0.01646	0.01251	0.01119	0.01646	0.01909	0.00922	0.02502	0.01448	0.03818	0.01185	0.01382	0.00922	0.00790	0.00527	0.00263	0.00658	0.00461	0.00527	0.00922
9	0.01037	0.00741	0.00987	0.01185	0.01234	0.00691	0.00790	0.01185	0.01629	0.02172	0.04690	0.69537	0.05629	0.02666	0.01086	0.00346	0.00494	0.02419	0.00790	0.00691
10	0.03151	0.03436	0.02502	0.02248	0.05295	0.43518	0.01677	0.22006	0.02897	0.03157	0.01559	0.01721	0.01219	0.00918	0.00797	0.00232	0.01322	0.00627	0.00569	0.01149
11	0.02431	0.50194	0.09054	0.01702	0.02408	0.17470	0.01638	0.02751	0.01888	0.02077	0.01241	0.01439	0.01092	0.00768	0.00617	0.00198	0.01079	0.00490	0.00380	0.01082
12	0.02013	0.32181	0.26779	0.02257	0.03206	0.02606	0.14782	0.02639	0.01813	0.02406	0.01422	0.01718	0.01129	0.00755	0.00738	0.00236	0.01147	0.00634	0.00376	0.01164
13	0.01775	0.03929	0.52060	0.02686	0.03855	0.02016	0.16293	0.02702	0.01844	0.02702	0.01571	0.01909	0.01126	0.00788	0.00852	0.00273	0.01297	0.00713	0.00375	0.01233
14	0.01082	0.00760	0.00974	0.01127	0.01166	0.00721	0.00728	0.01197	0.01541	0.02055	0.04239	0.55171	0.05059	0.17808	0.01815	0.00453	0.00568	0.02154	0.00728	0.00652
15	0.18361	0.01591	0.02346	0.47055	0.10527	0.01907	0.02064	0.02289	0.01667	0.02601	0.01447	0.02055	0.01107	0.00828	0.00777	0.00276	0.01016	0.00690	0.00416	0.00978
16	0.03818	0.01448	0.01975	0.01514	0.02172	0.01251	0.01251	0.04147	0.02436	0.65373	0.03357	0.02897	0.02107	0.01053	0.00856	0.00263	0.00724	0.00856	0.01053	0.01448
17	0.01207	0.00927	0.01143	0.01251	0.01488	0.00862	0.01046	0.01520	0.01950	0.02436	0.06353	0.08967	0.31622	0.02263	0.01099	0.00345	0.00625	0.33355	0.00787	0.00754
18	0.01032	0.00760	0.00967	0.01132	0.01220	0.00696	0.00766	0.01191	0.01680	0.02193	0.05334	0.59493	0.15257	0.02582	0.01073	0.00336	0.00483	0.02317	0.00790	0.00696
19	0.01205	0.00811	0.00938	0.00970	0.00978	0.00803	0.00561	0.01229	0.01302	0.01736	0.03010	0.16042	0.03509	0.59053	0.03800	0.00747	0.00771	0.01431	0.00561	0.00544
20	0.76103	0.01646	0.01251	0.01119	0.01646	0.01909	0.00922	0.02502	0.01448	0.03818	0.01185	0.01382	0.00922	0.00790	0.00527	0.00263	0.00658	0.00461	0.00527	0.00922
21	0.01034	0.00751	0.00977	0.01158	0.01227	0.00693	0.00778	0.01188	0.01655	0.02183	0.05015	0.64473	0.10483	0.02624	0.01080	0.00341	0.00489	0.02368	0.00790	0.00693
22	0.03179	0.04056	0.02412	0.02192	0.02631	0.66676	0.01644	0.03398	0.02412	0.02083	0.01315	0.01535	0.01096	0.00877	0.00767	0.00219	0.01535	0.00548	0.00438	0.00987
23	0.01349	0.01009	0.01446	0.01407	0.01593	0.01168	0.01100	0.05500	0.01541	0.02199	0.02264	0.03258	0.02083	0.06029	0.62381	0.01294	0.02191	0.00902	0.00482	0.00805
24	0.02508	0.53465	0.03932	0.01646	0.02299	0.19672	0.01505	0.02767	0.01905	0.02023	0.01217	0.01409	0.01093	0.00766	0.00603	0.00192	0.01071	0.00479	0.00383	0.01065
25	0.02451	0.01929	0.02365	0.01816	0.02438	0.01949	0.07054	0.32829	0.02897	0.03985	0.02151	0.08144	0.01847	0.04914	0.01027	0.00266	0.00863	0.00896	0.00702	0.19475
26	0.08392	0.01717	0.01833	0.01455	0.02041	0.01722	0.01176	0.24585	0.05635	0.06592	0.03457	0.03398	0.15574	0.01177	0.00810	0.00236	0.00709	0.00927	0.00743	0.17820
27	0.03021	0.08989	0.02751	0.02569	0.15605	0.21033	0.01738	0.13729	0.02536	0.16999	0.01951	0.02035	0.01438	0.00903	0.00797	0.00239	0.01077	0.00691	0.00639	0.01258
28	0.01928	0.01827	0.03095	0.18206	0.47995	0.01903	0.02435	0.02422	0.01867	0.02611	0.01794	0.06759	0.01596	0.00908	0.00861	0.00266	0.01002	0.00872	0.00437	0.01218
29	0.03119	0.08439	0.02547	0.02144	0.02601	0.62506	0.01632	0.03342	0.02367	0.02077	0.01307	0.01523	0.01096	0.00867	0.00753	0.00217	0.01494	0.00542	0.00434	0.00994

[dist]
# distance from previous block
# <min> <max>
0	3

[block]
# block no. 2 follows, 21 sequences, length 11
# corresponding to MSA columns:
# 66-76
name=unknown_C
#
# <colnr> <probs for GDERKNQSTAVLIFYWHMCP>
#	G	D	E	R	K	N	Q	S	T	A	V	L	I	F	Y	W	H	M	C	P
0	0.01847	0.01894	0.05443	0.02429	0.16881	0.11302	0.01553	0.07013	0.02071	0.02665	0.06284	0.30355	0.03451	0.01650	0.00940	0.00288	0.00849	0.01455	0.00638	0.00993
1	0.01303	0.01835	0.18757	0.01401	0.01908	0.01108	0.01414	0.01829	0.02150	0.03000	0.36314	0.05464	0.17084	0.01565	0.00951	0.00272	0.00642	0.01340	0.00750	0.00911
2	0.02401	0.23700	0.12385	0.02833	0.19664	0.20530	0.02067	0.02825	0.01987	0.02337	0.01384	0.01677	0.01161	0.00790	0.00727	0.00224	0.01162	0.00589	0.00400	0.01156
3	0.07207	0.01651	0.02684	0.47306	0.20392	0.01925	0.02320	0.02309	0.01742	0.02448	0.01511	0.02163	0.01173	0.00823	0.00825	0.00274	0.01068	0.00735	0.00400	0.01045
4	0.02027	0.19112	0.22413	0.03191	0.26220	0.02337	0.02394	0.02778	0.06848	0.02632	0.01631	0.01923	0.01307	0.00799	0.00763	0.00244	0.01034	0.00663	0.00425	0.01259
5	0.02707	0.03295	0.02107	0.01924	0.02306	0.50938	0.01443	0.02970	0.02411	0.02400	0.16371	0.02687	0.02753	0.01083	0.00824	0.00231	0.01264	0.00785	0.00558	0.00943
6	0.01449	0.01006	0.01233	0.01198	0.01457	0.00963	0.00916	0.01991	0.08773	0.07514	0.28717	0.15455	0.16983	0.01893	0.01006	0.00296	0.00509	0.06890	0.00875	0.00876
7	0.01802	0.03833	0.50816	0.03094	0.18281	0.01987	0.03017	0.02675	0.01830	0.02715	0.01545	0.01871	0.01143	0.00797	0.00817	0.00266	0.01199	0.00660	0.00374	0.01279
8	0.03081	0.03892	0.02426	0.02196	0.02601	0.61895	0.01661	0.03297	0.02329	0.02080	0.01301	0.01559	0.01098	0.00923	0.00918	0.00231	0.06534	0.00563	0.00434	0.00982
9	0.01818	0.13396	0.44655	0.02249	0.03187	0.02298	0.02653	0.02548	0.01691	0.02470	0.01398	0.01748	0.01088	0.00929	0.01156	0.00277	0.14277	0.00626	0.00363	0.01170
10	0.03235	0.02384	0.02554	0.01958	0.02639	0.02639	0.01618	0.61946	0.04001	0.05363	0.02043	0.02043	0.01447	0.01022	0.00851	0.00255	0.00936	0.00766	0.00851	0.01447

[dist]
# distance from previous block
# <min> <max>
0	1

[block]
# block no. 3 follows, 21 sequences, length 24
# corresponding to MSA columns:
# 78-101
name=unknown_D
#
# <colnr> <probs for GDERKNQSTAVLIFYWHMCP>
#	G	D	E	R	K	N	Q	S	T	A	V	L	I	F	Y	W	H	M	C	P
0	0.01047	0.00773	0.00956	0.01096	0.01191	0.00708	0.00737	0.01197	0.01663	0.02156	0.05353	0.51394	0.17796	0.08076	0.01335	0.00373	0.00508	0.02191	0.00768	0.00683
1	0.01137	0.00796	0.00944	0.01021	0.01069	0.00763	0.00635	0.01216	0.01460	0.01917	0.04055	0.30578	0.10232	0.37189	0.02742	0.00586	0.00657	0.01751	0.00649	0.00604
2	0.01118	0.00775	0.00964	0.01082	0.01111	0.00745	0.00679	0.01206	0.01472	0.01962	0.03881	0.43775	0.04608	0.29820	0.02393	0.00539	0.00627	0.01943	0.00679	0.00621
3	0.09085	0.01526	0.02422	0.61329	0.05438	0.01893	0.02219	0.02207	0.01676	0.02339	0.01480	0.02180	0.01113	0.00845	0.00818	0.00282	0.01087	0.00727	0.00393	0.00943
4	0.03179	0.04056	0.02412	0.02192	0.02631	0.66676	0.01644	0.03398	0.02412	0.02083	0.01315	0.01535	0.01096	0.00877	0.00767	0.00219	0.01535	0.00548	0.00438	0.00987
5	0.01192	0.00806	0.00942	0.00987	0.00998	0.00794	0.00578	0.01226	0.01327	0.01770	0.03141	0.20208	0.03674	0.54662	0.03589	0.00715	0.00749	0.01508	0.00578	0.00556
6	0.01966	0.01478	0.01465	0.01303	0.01695	0.07713	0.01009	0.05318	0.10206	0.13032	0.15660	0.05400	0.27173	0.01592	0.00932	0.00272	0.00640	0.01316	0.00836	0.00995
7	0.02687	0.14958	0.02795	0.02376	0.10511	0.40774	0.01679	0.02961	0.02128	0.02149	0.01426	0.01761	0.01232	0.01388	0.07359	0.00332	0.01434	0.00596	0.00425	0.01029
8	0.01845	0.15585	0.48874	0.02539	0.09558	0.02221	0.02800	0.02661	0.01799	0.02584	0.01475	0.01753	0.01108	0.00790	0.00767	0.00253	0.01173	0.00612	0.00366	0.01238
9	0.02071	0.46859	0.26419	0.01804	0.02722	0.02868	0.02062	0.02601	0.01753	0.02251	0.01307	0.01520	0.01087	0.00757	0.00640	0.00213	0.01035	0.00517	0.00362	0.01151
10	0.01834	0.01582	0.01654	0.01511	0.01942	0.01761	0.01169	0.03682	0.47652	0.03239	0.04776	0.04451	0.18328	0.01409	0.00902	0.00288	0.00612	0.01174	0.00847	0.01187
11	0.01941	0.01690	0.02295	0.02087	0.06305	0.05773	0.11660	0.14539	0.02236	0.02928	0.02866	0.18819	0.02954	0.12366	0.01508	0.00383	0.00932	0.07096	0.00650	0.00972
12	0.08215	0.07558	0.12844	0.02537	0.17484	0.04277	0.01872	0.15978	0.02348	0.03276	0.02825	0.02955	0.12148	0.01072	0.00816	0.00256	0.00916	0.00863	0.00578	0.01180
13	0.02707	0.03734	0.17038	0.02620	0.10941	0.38235	0.02111	0.07926	0.02339	0.02582	0.01460	0.01710	0.01153	0.00858	0.00793	0.00238	0.01354	0.00612	0.00452	0.01133
14	0.02055	0.01863	0.02667	0.03510	0.34272	0.01982	0.01998	0.03332	0.27132	0.03083	0.02588	0.03116	0.02132	0.01042	0.00877	0.00278	0.00855	0.05282	0.00632	0.01305
15	0.02154	0.02416	0.03497	0.03103	0.13032	0.16659	0.27804	0.02634	0.02029	0.02518	0.01985	0.10796	0.01817	0.01009	0.00917	0.00266	0.01230	0.01021	0.00481	0.04633
16	0.02899	0.25522	0.03138	0.01869	0.02486	0.23925	0.01573	0.23037	0.02726	0.03172	0.01519	0.01652	0.01214	0.00877	0.00723	0.00219	0.01124	0.00591	0.00554	0.01178
17	0.01886	0.12371	0.41390	0.03035	0.19538	0.02169	0.02785	0.02654	0.01825	0.02627	0.01502	0.01822	0.01151	0.00785	0.00783	0.00254	0.01148	0.00640	0.00376	0.01260
18	0.02051	0.01792	0.02972	0.04299	0.50301	0.01769	0.02224	0.02528	0.02047	0.06499	0.12441	0.02879	0.02535	0.00943	0.00871	0.00256	0.00890	0.00898	0.00546	0.01260
19	0.02260	0.07234	0.06743	0.01485	0.02002	0.01541	0.01288	0.03160	0.16992	0.20101	0.23141	0.03894	0.04014	0.01258	0.00878	0.00265	0.00662	0.01056	0.00860	0.01168
20	0.02145	0.02973	0.15160	0.02849	0.03641	0.16777	0.32633	0.02760	0.02057	0.02541	0.02119	0.02480	0.06018	0.00880	0.00915	0.00268	0.01349	0.00892	0.00447	0.01098
21	0.02428	0.17872	0.09974	0.02652	0.19676	0.02225	0.01897	0.12929	0.02295	0.11125	0.02376	0.02492	0.06538	0.00955	0.00788	0.00243	0.00917	0.00774	0.00588	0.01258
22	0.07370	0.06853	0.14305	0.02346	0.03074	0.01807	0.25798	0.02325	0.01914	0.02704	0.05949	0.03700	0.12552	0.01129	0.00912	0.00280	0.01050	0.04369	0.00527	0.01035
23	0.01540	0.01542	0.01656	0.02033	0.15905	0.09579	0.01226	0.01822	0.02001	0.02381	0.06066	0.05934	0.41777	0.01670	0.00937	0.00271	0.00707	0.01397	0.00660	0.00897

[dist]
# distance from previous block
# <min> <max>
77	339

[block]
# block no. 4 follows, 21 sequences, length 7
# corresponding to MSA columns:
# 449-455
name=unknown_E
#
# <colnr> <probs for GDERKNQSTAVLIFYWHMCP>
#	G	D	E	R	K	N	Q	S	T	A	V	L	I	F	Y	W	H	M	C	P
0	0.01279	0.01692	0.16333	0.01530	0.01941	0.01128	0.01470	0.01706	0.01690	0.02314	0.03849	0.20953	0.11453	0.03040	0.17295	0.00580	0.01147	0.09136	0.00605	0.00857
1	0.01982	0.01848	0.02456	0.20143	0.14199	0.08167	0.05338	0.11141	0.02196	0.02829	0.04543	0.14593	0.04413	0.01256	0.00903	0.00279	0.00976	0.01114	0.00573	0.01049
2	0.02337	0.02371	0.03668	0.02947	0.07692	0.08602	0.30660	0.12025	0.14539	0.03228	0.02068	0.02344	0.01559	0.00869	0.00919	0.00273	0.01189	0.00898	0.00580	0.01230
3	0.02473	0.02471	0.02893	0.03658	0.34623	0.15915	0.02095	0.10232	0.11484	0.03060	0.01873	0.02137	0.01494	0.00875	0.00831	0.00251	0.01063	0.00745	0.00544	0.01283
4	0.02153	0.02673	0.10581	0.05535	0.07696	0.23354	0.01730	0.02820	0.10665	0.02416	0.02361	0.02676	0.06081	0.01884	0.10793	0.02930	0.01317	0.00797	0.00510	0.01028
5	0.25559	0.19517	0.05504	0.14211	0.02873	0.06367	0.01571	0.10409	0.01982	0.03090	0.01385	0.01663	0.01093	0.00823	0.00664	0.00243	0.00931	0.00569	0.00487	0.01059
6	0.02693	0.19639	0.09033	0.01823	0.02471	0.17502	0.01625	0.07267	0.14622	0.12130	0.02093	0.02089	0.01572	0.00925	0.00755	0.00238	0.01017	0.00677	0.00618	0.01212

[dist]
# distance from previous block
# <min> <max>
4	20

[block]
# block no. 5 follows, 21 sequences, length 21
# corresponding to MSA columns:
# 476-496
name=unknown_F
#
# <colnr> <probs for GDERKNQSTAVLIFYWHMCP>
#	G	D	E	R	K	N	Q	S	T	A	V	L	I	F	Y	W	H	M	C	P
0	0.02360	0.02290	0.02056	0.01608	0.02272	0.17726	0.01267	0.12316	0.02295	0.03028	0.01551	0.01753	0.01250	0.00756	0.00701	0.00171	0.00906	0.00558	0.00545	0.44590
1	0.06335	0.03248	0.23117	0.02621	0.13177	0.18142	0.02196	0.03215	0.14362	0.02793	0.01859	0.02038	0.01426	0.00886	0.00800	0.00258	0.01135	0.00688	0.00501	0.01205
2	0.01854	0.01420	0.01611	0.01514	0.01828	0.01531	0.01135	0.17223	0.17430	0.03314	0.03725	0.36259	0.03834	0.01881	0.00973	0.00309	0.00649	0.01646	0.00824	0.01042
3	0.01525	0.08637	0.01585	0.01337	0.01571	0.10564	0.00989	0.01819	0.04868	0.02230	0.04372	0.39926	0.13294	0.02051	0.00960	0.00298	0.00687	0.01776	0.00698	0.00813
4	0.02333	0.02424	0.03994	0.03620	0.19288	0.08973	0.31742	0.11308	0.02320	0.03052	0.01695	0.02131	0.01308	0.00788	0.00916	0.00267	0.01266	0.00860	0.00490	0.01225
5	0.02331	0.02486	0.03117	0.09840	0.44247	0.18133	0.02349	0.02770	0.02036	0.02554	0.01522	0.01978	0.01267	0.00796	0.00824	0.00247	0.01152	0.00706	0.00422	0.01223
6	0.02609	0.24218	0.15805	0.02017	0.02708	0.34498	0.01890	0.03000	0.02081	0.02182	0.01318	0.01536	0.01091	0.00818	0.00709	0.00218	0.01290	0.00536	0.00400	0.01073
7	0.01374	0.01153	0.01240	0.01164	0.01407	0.05636	0.00875	0.01851	0.05715	0.03192	0.49770	0.06050	0.13947	0.01694	0.00979	0.00268	0.00502	0.01466	0.00879	0.00836
8	0.02912	0.03479	0.02419	0.02136	0.02541	0.49223	0.01644	0.07193	0.02321	0.02339	0.01346	0.01631	0.01132	0.00968	0.01074	0.00240	0.11641	0.00591	0.00460	0.04710
9	0.01092	0.00876	0.01035	0.01024	0.01263	0.00819	0.00777	0.01361	0.01877	0.02408	0.16547	0.06669	0.39274	0.03138	0.17392	0.00553	0.00887	0.01532	0.00732	0.00743
10	0.02261	0.02315	0.03304	0.04786	0.55820	0.11346	0.02472	0.02725	0.02006	0.02680	0.01560	0.02024	0.01312	0.00775	0.00832	0.00248	0.01087	0.00728	0.00424	0.01296
11	0.03053	0.13537	0.02717	0.02070	0.02567	0.53103	0.01615	0.07338	0.02423	0.02299	0.01347	0.01545	0.01120	0.00866	0.00741	0.00216	0.01403	0.00550	0.00456	0.01034
12	0.02229	0.02531	0.02310	0.04328	0.02368	0.25949	0.01644	0.02444	0.01807	0.02097	0.02162	0.02563	0.09195	0.01327	0.01751	0.00302	0.32811	0.00807	0.00450	0.00925
13	0.02714	0.12993	0.06240	0.02822	0.17961	0.31522	0.01930	0.09201	0.02332	0.02620	0.01454	0.01718	0.01194	0.00838	0.00765	0.00229	0.01238	0.00614	0.00463	0.01153
14	0.17033	0.05383	0.17943	0.02096	0.10585	0.01753	0.01784	0.02805	0.06213	0.12113	0.11691	0.02704	0.02426	0.01000	0.00786	0.00262	0.00837	0.00803	0.00627	0.01157
15	0.01972	0.16179	0.18359	0.01804	0.02413	0.14452	0.04761	0.02395	0.01865	0.02306	0.08265	0.02928	0.02233	0.14889	0.01491	0.00355	0.01075	0.00817	0.00472	0.00969
16	0.06740	0.11820	0.02292	0.01565	0.02129	0.08691	0.01277	0.14785	0.04105	0.16174	0.02329	0.08720	0.01950	0.03841	0.00918	0.00260	0.00844	0.00854	0.00702	0.10002
17	0.03078	0.03531	0.02457	0.02149	0.02599	0.48267	0.01657	0.15104	0.02638	0.02742	0.01445	0.01665	0.01169	0.00959	0.00958	0.00240	0.07144	0.00609	0.00516	0.01075
18	0.02758	0.14095	0.02634	0.01840	0.02412	0.27609	0.01482	0.18511	0.02599	0.03032	0.01680	0.05053	0.01435	0.00948	0.00751	0.00217	0.01106	0.00678	0.00562	0.10599
19	0.17272	0.01817	0.03557	0.01497	0.01915	0.10801	0.01184	0.08756	0.02110	0.14603	0.02874	0.24417	0.02791	0.01500	0.00851	0.00284	0.00790	0.01235	0.00728	0.01018
20	0.02085	0.01949	0.03029	0.07413	0.46311	0.02039	0.02284	0.03067	0.17214	0.02945	0.02061	0.02381	0.01649	0.00862	0.00849	0.00263	0.00933	0.00809	0.00530	0.01328

[dist]
# distance from previous block
# <min> <max>
2	4

[block]
# block no. 6 follows, 21 sequences, length 6
# corresponding to MSA columns:
# 501-506
name=unknown_G
#
# <colnr> <probs for GDERKNQSTAVLIFYWHMCP>
#	G	D	E	R	K	N	Q	S	T	A	V	L	I	F	Y	W	H	M	C	P
0	0.02227	0.02518	0.12045	0.04971	0.02523	0.14711	0.01633	0.17811	0.05180	0.03269	0.09463	0.08260	0.09215	0.01283	0.00879	0.00265	0.00959	0.01030	0.00667	0.01091
1	0.15280	0.03249	0.13452	0.05997	0.08436	0.31475	0.01894	0.03017	0.02056	0.05627	0.01466	0.01714	0.01137	0.00846	0.00749	0.00244	0.01226	0.00593	0.00465	0.01076
2	0.06803	0.01827	0.08433	0.02573	0.12484	0.01588	0.18164	0.02162	0.01839	0.02653	0.07154	0.03524	0.11429	0.02068	0.13022	0.00476	0.01229	0.01033	0.00524	0.01013
3	0.02112	0.13518	0.14236	0.01834	0.02416	0.16754	0.01688	0.02986	0.15897	0.02519	0.02234	0.08285	0.01956	0.01658	0.07880	0.00373	0.01173	0.00852	0.00543	0.01085
4	0.02447	0.03201	0.11762	0.09077	0.02903	0.34573	0.01788	0.07298	0.02289	0.02471	0.02582	0.02747	0.11161	0.01077	0.00827	0.00247	0.01229	0.00797	0.00507	0.01016
5	0.02819	0.13824	0.02708	0.01967	0.02480	0.31022	0.01581	0.15002	0.11027	0.02927	0.01727	0.01857	0.01376	0.00958	0.00885	0.00239	0.05247	0.00646	0.00564	0.01142

[dist]
# distance from previous block
# <min> <max>
10	235

[block]
# block no. 7 follows, 21 sequences, length 13
# corresponding to MSA columns:
# 742-754
name=unknown_H
#
# <colnr> <probs for GDERKNQSTAVLIFYWHMCP>
#	G	D	E	R	K	N	Q	S	T	A	V	L	I	F	Y	W	H	M	C	P
0	0.01905	0.14003	0.11030	0.12464	0.03631	0.02130	0.21286	0.02468	0.01811	0.02492	0.01508	0.01954	0.01194	0.00769	0.00889	0.00240	0.04120	0.00722	0.00414	0.14970
1	0.02231	0.02230	0.13257	0.01741	0.02388	0.01853	0.01597	0.29067	0.02770	0.03787	0.02842	0.15009	0.06505	0.01325	0.00873	0.00262	0.00841	0.01092	0.00709	0.09620
2	0.02669	0.03166	0.02662	0.14533	0.16617	0.41226	0.01981	0.03011	0.02183	0.02250	0.01412	0.01788	0.01157	0.00847	0.00798	0.00238	0.01351	0.00630	0.00424	0.01057
3	0.02142	0.15165	0.22574	0.03335	0.27523	0.09977	0.02454	0.02720	0.01914	0.02533	0.01470	0.01812	0.01190	0.00782	0.00770	0.00241	0.01131	0.00640	0.00394	0.01232
4	0.01516	0.01189	0.01351	0.01166	0.01547	0.01064	0.00871	0.08221	0.02033	0.02779	0.10334	0.13328	0.18402	0.10658	0.01338	0.00317	0.00599	0.01309	0.00697	0.21284
5	0.02379	0.02343	0.01992	0.01972	0.07352	0.24241	0.01390	0.03141	0.15847	0.08246	0.11261	0.03529	0.10282	0.01217	0.00864	0.00256	0.00941	0.00971	0.00696	0.01080
6	0.02647	0.03222	0.02139	0.02101	0.05351	0.48798	0.01494	0.02868	0.02228	0.02143	0.02262	0.13934	0.04803	0.01247	0.00838	0.00246	0.01274	0.00947	0.00516	0.00940
7	0.01360	0.05877	0.01493	0.01332	0.01498	0.05249	0.00997	0.01582	0.01529	0.02018	0.02925	0.23831	0.03159	0.09837	0.32337	0.00850	0.01461	0.01352	0.00557	0.00755
8	0.02107	0.01613	0.01613	0.01587	0.01913	0.12687	0.01287	0.02502	0.04618	0.13834	0.03994	0.12726	0.07839	0.01824	0.01011	0.00322	0.00847	0.25952	0.00776	0.00949
9	0.02256	0.02504	0.08834	0.02641	0.17782	0.14995	0.01822	0.11276	0.10449	0.03020	0.03056	0.03140	0.12322	0.01118	0.00856	0.00259	0.00987	0.00909	0.00602	0.01171
10	0.03123	0.03629	0.02482	0.02446	0.08954	0.54565	0.01710	0.03381	0.02365	0.07468	0.01516	0.01708	0.01207	0.00880	0.00782	0.00226	0.01413	0.00595	0.00488	0.01062
11	0.20315	0.02285	0.20359	0.16657	0.07109	0.01722	0.01973	0.02266	0.01668	0.02777	0.01986	0.13463	0.01851	0.01129	0.00797	0.00283	0.00932	0.00931	0.00484	0.01012
12	0.01732	0.13124	0.01931	0.01385	0.01720	0.01581	0.01106	0.13989	0.02225	0.02900	0.06858	0.30962	0.09233	0.01880	0.00940	0.00293	0.00668	0.05804	0.00736	0.00930

[dist]
# distance from previous block
# <min> <max>
3	170

[block]
# block no. 8 follows, 21 sequences, length 15
# corresponding to MSA columns:
# 925-939
name=unknown_I
#
# <colnr> <probs for GDERKNQSTAVLIFYWHMCP>
#	G	D	E	R	K	N	Q	S	T	A	V	L	I	F	Y	W	H	M	C	P
0	0.02257	0.17713	0.15977	0.01922	0.02552	0.10376	0.01853	0.13947	0.02167	0.02807	0.01586	0.01944	0.01308	0.01709	0.10340	0.00409	0.08875	0.00660	0.00480	0.01117
1	0.01996	0.03227	0.29746	0.03143	0.18297	0.08451	0.07136	0.02644	0.01830	0.02556	0.01475	0.01895	0.01168	0.00903	0.01140	0.00278	0.11832	0.00699	0.00390	0.01193
2	0.01812	0.16276	0.33605	0.02469	0.09519	0.02133	0.06938	0.02493	0.01754	0.02470	0.01590	0.02003	0.01274	0.01573	0.10139	0.00408	0.01324	0.00678	0.00386	0.01156
3	0.02076	0.02728	0.13533	0.02229	0.02797	0.17211	0.11226	0.02515	0.01860	0.02390	0.01737	0.08471	0.01596	0.01099	0.01215	0.00267	0.14174	0.00849	0.00455	0.11574
4	0.02873	0.10378	0.02739	0.02368	0.08648	0.39522	0.01717	0.10697	0.04692	0.02616	0.01491	0.01717	0.01222	0.00913	0.00880	0.00234	0.05080	0.00613	0.00494	0.01102
5	0.01623	0.01319	0.01382	0.01321	0.01607	0.07420	0.01047	0.05483	0.02325	0.05424	0.29160	0.06516	0.16135	0.01791	0.01003	0.00292	0.00645	0.13813	0.00828	0.00866
6	0.02810	0.02456	0.03006	0.06719	0.13051	0.13318	0.11250	0.23726	0.02790	0.09666	0.01893	0.02103	0.01392	0.00899	0.00860	0.00256	0.01121	0.00773	0.00636	0.01275
7	0.01484	0.01333	0.01598	0.01539	0.01706	0.08060	0.01203	0.01767	0.01470	0.01994	0.02065	0.03009	0.01921	0.05328	0.53565	0.01150	0.08705	0.00857	0.00446	0.00800
8	0.03026	0.02260	0.02442	0.01859	0.02551	0.02425	0.01531	0.53451	0.03683	0.04995	0.01968	0.02004	0.01421	0.00966	0.00820	0.00237	0.00893	0.00729	0.00802	0.11937
9	0.13673	0.01937	0.12413	0.02086	0.12008	0.01486	0.01640	0.02607	0.01927	0.15477	0.03105	0.03662	0.10121	0.01172	0.00829	0.00268	0.00807	0.06908	0.00649	0.07224
10	0.12575	0.03546	0.35843	0.02685	0.13758	0.12162	0.02501	0.02764	0.01868	0.02773	0.01458	0.01750	0.01105	0.00808	0.00768	0.00258	0.01174	0.00615	0.00406	0.01183
11	0.07520	0.19552	0.03244	0.03075	0.25761	0.18306	0.01924	0.02748	0.01930	0.02443	0.01369	0.01716	0.01179	0.00826	0.00846	0.00235	0.05161	0.00610	0.00416	0.01141
12	0.01943	0.01588	0.01628	0.01384	0.01782	0.04710	0.01034	0.14118	0.13217	0.03010	0.03175	0.03961	0.09830	0.21229	0.01847	0.00409	0.00776	0.01013	0.00674	0.12673
13	0.23611	0.09005	0.01796	0.01331	0.01810	0.10363	0.01081	0.10647	0.02130	0.03117	0.03776	0.03740	0.21985	0.01278	0.00765	0.00256	0.00765	0.00956	0.00631	0.00956
14	0.13976	0.02143	0.10861	0.01670	0.02292	0.01972	0.01497	0.10626	0.29590	0.03565	0.02945	0.02865	0.06628	0.01081	0.00801	0.00270	0.00766	0.00851	0.00714	0.04886

[dist]
# distance from previous block
# <min> <max>
0	1

[block]
# block no. 9 follows, 21 sequences, length 22
# corresponding to MSA columns:
# 941-962
name=unknown_J
#
# <colnr> <probs for GDERKNQSTAVLIFYWHMCP>
#	G	D	E	R	K	N	Q	S	T	A	V	L	I	F	Y	W	H	M	C	P
0	0.01369	0.01013	0.01198	0.01174	0.01386	0.00983	0.00853	0.09045	0.02168	0.02891	0.20565	0.28334	0.16752	0.06750	0.01242	0.00336	0.00537	0.01779	0.00817	0.00810
1	0.02332	0.06340	0.02609	0.01893	0.02504	0.09296	0.12722	0.05372	0.05797	0.12909	0.12202	0.02839	0.02564	0.00979	0.00833	0.00231	0.00902	0.00865	0.00668	0.16144
2	0.03022	0.08650	0.06616	0.02157	0.02668	0.58171	0.01728	0.03295	0.02325	0.02117	0.01320	0.01540	0.01095	0.00862	0.00755	0.00220	0.01474	0.00547	0.00428	0.01011
3	0.02909	0.02129	0.02288	0.01790	0.02360	0.02343	0.01438	0.52030	0.03550	0.04757	0.02147	0.02619	0.01716	0.12304	0.01420	0.00348	0.00918	0.00843	0.00796	0.01295
4	0.13646	0.01911	0.02982	0.09316	0.21472	0.01994	0.14560	0.02918	0.13523	0.03023	0.01903	0.02235	0.01483	0.00833	0.00822	0.00265	0.00974	0.00790	0.00524	0.04826
5	0.02362	0.02586	0.02756	0.11924	0.24656	0.24498	0.04161	0.05295	0.02165	0.02524	0.02141	0.02477	0.06882	0.00947	0.00838	0.00250	0.01170	0.00787	0.00474	0.01109
6	0.14926	0.38901	0.07300	0.01504	0.02207	0.02646	0.01447	0.05203	0.05133	0.11279	0.01659	0.01729	0.01296	0.00822	0.00631	0.00221	0.00853	0.00561	0.00532	0.01150
7	0.01293	0.00990	0.01355	0.04401	0.04776	0.00961	0.01153	0.01664	0.02078	0.02775	0.24682	0.10231	0.14605	0.01988	0.01058	0.00321	0.00618	0.23438	0.00800	0.00811
8	0.01095	0.01077	0.06770	0.01272	0.01447	0.00808	0.00990	0.01323	0.01667	0.02229	0.04697	0.58944	0.09563	0.02462	0.01055	0.00334	0.00557	0.02213	0.00751	0.00744
9	0.02101	0.02038	0.03546	0.05128	0.61248	0.02030	0.06074	0.02618	0.01942	0.02777	0.01608	0.02117	0.01345	0.00756	0.00852	0.00255	0.01036	0.00773	0.00422	0.01336
10	0.02048	0.13717	0.13248	0.07229	0.24366	0.10975	0.02117	0.02523	0.01931	0.02445	0.02344	0.02619	0.09021	0.00957	0.00799	0.00246	0.01043	0.00787	0.00447	0.01138
11	0.01006	0.00862	0.00862	0.00862	0.01149	0.00718	0.00647	0.01221	0.01940	0.02299	0.08621	0.08190	0.64438	0.02155	0.01006	0.00287	0.00431	0.01796	0.00790	0.00718
12	0.02239	0.02552	0.06841	0.06893	0.35474	0.13825	0.14407	0.02764	0.02021	0.02612	0.01566	0.02031	0.01267	0.00778	0.00860	0.00256	0.01211	0.00763	0.00421	0.01220
13	0.01765	0.01513	0.01765	0.01260	0.02017	0.01134	0.01008	0.02143	0.01765	0.02773	0.01513	0.01765	0.01260	0.00630	0.00630	0.00126	0.00630	0.00504	0.00504	0.75295
14	0.01352	0.01029	0.01276	0.01203	0.01458	0.00999	0.00912	0.02004	0.10649	0.03251	0.44731	0.11471	0.06575	0.01710	0.00980	0.00275	0.00476	0.03951	0.00884	0.04815
15	0.07476	0.02574	0.15422	0.09434	0.24361	0.05218	0.17972	0.02649	0.01896	0.02738	0.01566	0.02030	0.01219	0.00774	0.00852	0.00267	0.01180	0.00765	0.00417	0.01193
16	0.01195	0.00849	0.01006	0.01006	0.01084	0.00856	0.00648	0.01292	0.01379	0.01822	0.03570	0.05547	0.12918	0.46104	0.16412	0.00847	0.01055	0.01263	0.00548	0.00598
17	0.17626	0.16154	0.18699	0.01892	0.02566	0.17731	0.01864	0.02725	0.01805	0.02580	0.01296	0.01573	0.01057	0.00879	0.00903	0.00251	0.08374	0.00554	0.00415	0.01056
18	0.05323	0.03638	0.40645	0.03055	0.19022	0.08426	0.02759	0.02735	0.01878	0.02707	0.01509	0.01831	0.01141	0.00802	0.00800	0.00260	0.01195	0.00646	0.00391	0.01238
19	0.02559	0.07351	0.02324	0.04794	0.02462	0.28832	0.01509	0.15531	0.02413	0.02767	0.01719	0.02127	0.01437	0.02299	0.17572	0.00520	0.01534	0.00691	0.00525	0.01034
20	0.02061	0.01377	0.01540	0.01362	0.01802	0.01399	0.01065	0.03193	0.26785	0.16267	0.08155	0.04953	0.23493	0.01497	0.00917	0.00282	0.00590	0.01247	0.00884	0.01131
21	0.02151	0.02114	0.02054	0.02187	0.11529	0.18887	0.01441	0.09388	0.04369	0.02534	0.02002	0.02876	0.01829	0.13632	0.18626	0.00631	0.01430	0.00829	0.00518	0.00974

[dist]
# distance from previous block
# <min> <max>
6	11

[block]
# block no. 10 follows, 21 sequences, length 260
# corresponding to MSA columns:
# 974-1233
name=unknown_K
#
# <colnr> <probs for GDERKNQSTAVLIFYWHMCP>
#	G	D	E	R	K	N	Q	S	T	A	V	L	I	F	Y	W	H	M	C	P
0	0.01990	0.05406	0.19629	0.01787	0.02426	0.04785	0.01767	0.17061	0.02429	0.03332	0.15143	0.03063	0.02832	0.02011	0.12101	0.00447	0.01167	0.00894	0.00625	0.01103
1	0.02045	0.30441	0.07537	0.16877	0.22536	0.02548	0.02114	0.02497	0.01792	0.02324	0.01405	0.01815	0.01180	0.00769	0.00719	0.00231	0.01011	0.00624	0.00385	0.01151
2	0.20579	0.17539	0.30478	0.01806	0.02711	0.02187	0.02049	0.02754	0.01757	0.08823	0.01544	0.01707	0.01140	0.00810	0.00687	0.00249	0.00983	0.00572	0.00468	0.01157
3	0.02887	0.17938	0.02956	0.02311	0.08482	0.43045	0.01695	0.06759	0.02319	0.02335	0.01359	0.01585	0.01141	0.00843	0.00733	0.00217	0.01315	0.00562	0.00446	0.01072
4	0.05900	0.07780	0.38751	0.02406	0.06997	0.15872	0.02514	0.05464	0.02013	0.02705	0.01472	0.01725	0.01108	0.00824	0.00774	0.00252	0.01237	0.00607	0.00411	0.01187
5	0.01544	0.04951	0.01522	0.01449	0.04656	0.10871	0.01022	0.01916	0.05780	0.02433	0.10979	0.19136	0.26895	0.01830	0.00947	0.00281	0.00674	0.01547	0.00717	0.00850
6	0.01515	0.01456	0.01285	0.01372	0.01499	0.14766	0.00943	0.01662	0.01754	0.02097	0.03756	0.48195	0.04391	0.09507	0.01366	0.00370	0.00751	0.01894	0.00686	0.00735
7	0.02423	0.03447	0.16558	0.08889	0.03617	0.30605	0.17005	0.02964	0.02112	0.02382	0.01481	0.01850	0.01145	0.00820	0.00843	0.00253	0.01412	0.00699	0.00414	0.01081
8	0.05238	0.01884	0.02739	0.03923	0.44555	0.05748	0.02058	0.02359	0.01946	0.02681	0.03060	0.03335	0.14757	0.01065	0.00859	0.00259	0.00904	0.00953	0.00506	0.01172
9	0.01908	0.02116	0.07763	0.01595	0.02071	0.12600	0.01353	0.05401	0.21188	0.02882	0.07004	0.04605	0.20674	0.01440	0.00903	0.00277	0.00809	0.03641	0.00721	0.01049
10	0.02451	0.06096	0.10373	0.16349	0.06981	0.31718	0.02000	0.03084	0.08403	0.02367	0.01616	0.01918	0.01271	0.00878	0.00795	0.00247	0.01269	0.00653	0.00456	0.01074
11	0.02201	0.02370	0.06211	0.04662	0.51448	0.09174	0.06192	0.02709	0.01988	0.02696	0.01573	0.02041	0.01305	0.00771	0.00843	0.00252	0.01106	0.00745	0.00421	0.01292
12	0.18405	0.02781	0.02006	0.01785	0.02267	0.30587	0.01380	0.08931	0.14609	0.03075	0.02138	0.02198	0.04410	0.00989	0.00755	0.00249	0.01064	0.00693	0.00600	0.01077
13	0.02242	0.20137	0.20001	0.02228	0.08562	0.19017	0.01984	0.02637	0.01868	0.02220	0.01387	0.01748	0.01162	0.01067	0.01047	0.09513	0.01155	0.00591	0.00388	0.01045
14	0.01829	0.07959	0.48301	0.02218	0.03277	0.02093	0.02657	0.03075	0.14886	0.02836	0.01918	0.02064	0.01403	0.00877	0.00804	0.00268	0.01112	0.00689	0.00468	0.01266
15	0.03093	0.10422	0.02608	0.02122	0.02588	0.60620	0.01626	0.03317	0.02346	0.02075	0.01303	0.01518	0.01096	0.00863	0.00746	0.00216	0.01475	0.00539	0.00431	0.00997
16	0.01465	0.01076	0.01176	0.01185	0.01462	0.03872	0.00929	0.01729	0.01994	0.08407	0.08755	0.15193	0.33215	0.02078	0.01026	0.00311	0.00592	0.13916	0.00804	0.00815
17	0.01238	0.00825	0.00928	0.00928	0.00928	0.00825	0.00516	0.01238	0.01238	0.01650	0.02681	0.05569	0.03094	0.70092	0.04331	0.00825	0.00825	0.01238	0.00516	0.00516
18	0.03235	0.02384	0.02554	0.01958	0.02639	0.02639	0.01618	0.61946	0.04001	0.05363	0.02043	0.02043	0.01447	0.01022	0.00851	0.00255	0.00936	0.00766	0.00851	0.01447
19	0.01707	0.04402	0.65683	0.02426	0.03683	0.01976	0.03144	0.02695	0.01797	0.02695	0.01527	0.01797	0.01078	0.00809	0.00809	0.00270	0.01258	0.00629	0.00359	0.01258
20	0.02436	0.02647	0.03134	0.04292	0.45694	0.21880	0.02315	0.02853	0.02083	0.02566	0.01513	0.01931	0.01271	0.00795	0.00819	0.00242	0.01172	0.00694	0.00427	0.01237
21	0.01404	0.01117	0.01180	0.01081	0.01417	0.01052	0.00832	0.11592	0.02319	0.02913	0.12227	0.09610	0.46240	0.01948	0.00983	0.00283	0.00517	0.01625	0.00814	0.00849
22	0.02261	0.01948	0.01957	0.01750	0.02237	0.06065	0.01361	0.04435	0.56679	0.06324	0.03326	0.03061	0.02482	0.01133	0.00859	0.00283	0.00729	0.00932	0.00848	0.01329
23	0.01037	0.00741	0.00987	0.01185	0.01234	0.00691	0.00790	0.01185	0.01629	0.02172	0.04690	0.69537	0.05629	0.02666	0.01086	0.00346	0.00494	0.02419	0.00790	0.00691
24	0.01976	0.01889	0.03219	0.21578	0.49445	0.01988	0.02547	0.02498	0.01876	0.02623	0.01578	0.02149	0.01292	0.00782	0.00845	0.00261	0.01043	0.00758	0.00410	0.01243
25	0.02374	0.02529	0.03194	0.04468	0.49287	0.18142	0.02371	0.02808	0.02056	0.02606	0.01530	0.01964	0.01285	0.00788	0.00824	0.00244	0.01142	0.00706	0.00426	0.01258
26	0.57596	0.01678	0.01664	0.01913	0.14034	0.01869	0.01239	0.02456	0.01570	0.03534	0.01659	0.01884	0.04353	0.00856	0.00614	0.00263	0.00716	0.00590	0.00520	0.00995
27	0.02367	0.02652	0.23382	0.01891	0.02664	0.04507	0.01908	0.03609	0.22733	0.17617	0.02951	0.02824	0.04956	0.01052	0.00847	0.00273	0.00906	0.00849	0.00717	0.01295
28	0.02716	0.03215	0.02679	0.03106	0.22336	0.42053	0.01916	0.03032	0.02196	0.02298	0.01466	0.01828	0.01240	0.01179	0.04865	0.00301	0.01414	0.00637	0.00434	0.01088
29	0.02275	0.70604	0.04459	0.01456	0.02184	0.03367	0.01456	0.02548	0.01729	0.02002	0.01183	0.01365	0.01092	0.00728	0.00546	0.00182	0.00910	0.00455	0.00364	0.01092
30	0.01785	0.01507	0.02230	0.27344	0.13229	0.01722	0.01803	0.02602	0.16957	0.02467	0.02006	0.02537	0.01606	0.01361	0.01381	0.16252	0.00916	0.00804	0.00505	0.00986
31	0.03179	0.04056	0.02412	0.02192	0.02631	0.66676	0.01644	0.03398	0.02412	0.02083	0.01315	0.01535	0.01096	0.00877	0.00767	0.00219	0.01535	0.00548	0.00438	0.00987
32	0.01654	0.06717	0.46033	0.02238	0.03223	0.01869	0.06275	0.02453	0.01720	0.02519	0.01675	0.02119	0.01304	0.01924	0.14106	0.00488	0.01458	0.00701	0.00383	0.01143
33	0.01216	0.00912	0.01368	0.01368	0.01520	0.01064	0.01064	0.01520	0.01368	0.01976	0.02279	0.03343	0.02127	0.06382	0.66720	0.01368	0.02279	0.00912	0.00456	0.00760
34	0.01892	0.03296	0.36772	0.03725	0.32070	0.01998	0.02897	0.02656	0.01862	0.02735	0.01561	0.01941	0.01203	0.00785	0.00824	0.00262	0.01143	0.00689	0.00388	0.01300
35	0.01216	0.00912	0.01368	0.01368	0.01520	0.01064	0.01064	0.01520	0.01368	0.01976	0.02279	0.03343	0.02127	0.06382	0.66720	0.01368	0.02279	0.00912	0.00456	0.00760
36	0.01238	0.00825	0.00928	0.00928	0.00928	0.00825	0.00516	0.01238	0.01238	0.01650	0.02681	0.05569	0.03094	0.70092	0.04331	0.00825	0.00825	0.01238	0.00516	0.00516
37	0.02106	0.02022	0.03454	0.05223	0.64784	0.02022	0.02612	0.02612	0.01938	0.02780	0.01601	0.02106	0.01348	0.00758	0.00842	0.00253	0.01011	0.00758	0.00421	0.01348
38	0.01037	0.00741	0.00987	0.01185	0.01234	0.00691	0.00790	0.01185	0.01629	0.02172	0.04690	0.69537	0.05629	0.02666	0.01086	0.00346	0.00494	0.02419	0.00790	0.00691
39	0.02106	0.02022	0.03454	0.05223	0.64784	0.02022	0.02612	0.02612	0.01938	0.02780	0.01601	0.02106	0.01348	0.00758	0.00842	0.00253	0.01011	0.00758	0.00421	0.01348
40	0.02847	0.03094	0.18276	0.02104	0.02898	0.10401	0.02001	0.39926	0.03255	0.04292	0.01824	0.01919	0.01312	0.00951	0.00830	0.00254	0.01091	0.00705	0.00678	0.01343
41	0.03179	0.04056	0.02412	0.02192	0.02631	0.66676	0.01644	0.03398	0.02412	0.02083	0.01315	0.01535	0.01096	0.00877	0.00767	0.00219	0.01535	0.00548	0.00438	0.00987
42	0.27521	0.20685	0.27517	0.01722	0.02590	0.02315	0.01938	0.02590	0.01659	0.02902	0.01320	0.01541	0.01028	0.00781	0.00643	0.00245	0.00960	0.00526	0.00418	0.01099
43	0.01172	0.00800	0.00957	0.01017	0.01042	0.00781	0.00617	0.01238	0.01419	0.01901	0.06258	0.26068	0.04140	0.45272	0.03135	0.00645	0.00699	0.01630	0.00623	0.00585
44	0.01982	0.01895	0.03229	0.20887	0.50093	0.01989	0.02550	0.02503	0.01879	0.02629	0.01579	0.02147	0.01295	0.00781	0.00845	0.00260	0.01042	0.00758	0.00411	0.01248
45	0.19860	0.01063	0.01139	0.01063	0.01353	0.01071	0.00818	0.01792	0.02125	0.03407	0.43260	0.05292	0.11654	0.01543	0.00885	0.00268	0.00468	0.01295	0.00821	0.00824
46	0.01037	0.00741	0.00987	0.01185	0.01234	0.00691	0.00790	0.01185	0.01629	0.02172	0.04690	0.69537	0.05629	0.02666	0.01086	0.00346	0.00494	0.02419	0.00790	0.00691
47	0.76103	0.01646	0.01251	0.01119	0.01646	0.01909	0.00922	0.02502	0.01448	0.03818	0.01185	0.01382	0.00922	0.00790	0.00527	0.00263	0.00658	0.00461	0.00527	0.00922
48	0.01006	0.00862	0.00862	0.00862	0.01149	0.00718	0.00647	0.01221	0.01940	0.02299	0.08621	0.08190	0.64438	0.02155	0.01006	0.00287	0.00431	0.01796	0.00790	0.00718
49	0.01006	0.00862	0.00862	0.00862	0.01149	0.00718	0.00647	0.01221	0.01940	0.02299	0.08621	0.08190	0.64438	0.02155	0.01006	0.00287	0.00431	0.01796	0.00790	0.00718
50	0.03179	0.04056	0.02412	0.02192	0.02631	0.66676	0.01644	0.03398	0.02412	0.02083	0.01315	0.01535	0.01096	0.00877	0.00767	0.00219	0.01535	0.00548	0.00438	0.00987
51	0.02101	0.02036	0.03533	0.05141	0.61740	0.02029	0.05593	0.02617	0.01941	0.02777	0.01607	0.02116	0.01345	0.00756	0.00851	0.00254	0.01032	0.00771	0.00422	0.01338
52	0.01216	0.00912	0.01368	0.01368	0.01520	0.01064	0.01064	0.01520	0.01368	0.01976	0.02279	0.03343	0.02127	0.06382	0.66720	0.01368	0.02279	0.00912	0.00456	0.00760
53	0.03235	0.02384	0.02554	0.01958	0.02639	0.02639	0.01618	0.61946	0.04001	0.05363	0.02043	0.02043	0.01447	0.01022	0.00851	0.00255	0.00936	0.00766	0.00851	0.01447
54	0.02514	0.01957	0.02167	0.01616	0.02334	0.01901	0.01319	0.32622	0.02905	0.04093	0.01783	0.01907	0.01356	0.00830	0.00743	0.00192	0.00786	0.00638	0.00681	0.37658
55	0.01976	0.01889	0.03219	0.21578	0.49445	0.01988	0.02547	0.02498	0.01876	0.02623	0.01578	0.02149	0.01292	0.00782	0.00845	0.00261	0.01043	0.00758	0.00410	0.01243
56	0.76103	0.01646	0.01251	0.01119	0.01646	0.01909	0.00922	0.02502	0.01448	0.03818	0.01185	0.01382	0.00922	0.00790	0.00527	0.00263	0.00658	0.00461	0.00527	0.00922
57	0.72176	0.01601	0.01227	0.01102	0.01611	0.01850	0.00904	0.02474	0.01466	0.03784	0.01269	0.01477	0.00988	0.00801	0.00530	0.00260	0.00645	0.00478	0.04442	0.00915
58	0.01229	0.00821	0.00931	0.00939	0.00941	0.00819	0.00527	0.01235	0.01254	0.01672	0.02766	0.08254	0.03200	0.67263	0.04195	0.00805	0.00811	0.01287	0.00527	0.00523
59	0.03235	0.02384	0.02554	0.01958	0.02639	0.02639	0.01618	0.61946	0.04001	0.05363	0.02043	0.02043	0.01447	0.01022	0.00851	0.00255	0.00936	0.00766	0.00851	0.01447
60	0.01006	0.00862	0.00862	0.00862	0.01149	0.00718	0.00647	0.01221	0.01940	0.02299	0.08621	0.08190	0.64438	0.02155	0.01006	0.00287	0.00431	0.01796	0.00790	0.00718
