[name]
unknown

[dist]
# distance from previous block
# <min> <max>
0	0

[block]
# block no. 0 follows, 22 sequences, length 15
# corresponding to MSA columns:
# 0-14
name=unknown_A
#
# <colnr> <probs for GDERKNQSTAVLIFYWHMCP>
#	G	D	E	R	K	N	Q	S	T	A	V	L	I	F	Y	W	H	M	C	P
0	0.01339	0.00956	0.01339	0.01530	0.01721	0.00956	0.01339	0.01721	0.01912	0.02486	0.04399	0.09371	0.04781	0.02295	0.01147	0.00382	0.00765	0.60031	0.00765	0.00765
1	0.01208	0.00805	0.00906	0.00906	0.00906	0.00805	0.00503	0.01208	0.01208	0.01611	0.02618	0.05436	0.03020	0.70804	0.04228	0.00805	0.00805	0.01208	0.00503	0.00503
2	0.01095	0.00769	0.00978	0.01070	0.01135	0.00730	0.00705	0.01251	0.01643	0.02229	0.16090	0.40853	0.05322	0.20002	0.01861	0.00443	0.00547	0.01894	0.00731	0.00652
3	0.02446	0.02808	0.02095	0.07778	0.02549	0.39861	0.01510	0.06033	0.02100	0.02191	0.01599	0.02073	0.01368	0.02335	0.19058	0.00529	0.01630	0.00662	0.00450	0.00924
4	0.01818	0.01818	0.02545	0.02181	0.02181	0.02545	0.01818	0.01999	0.01272	0.01999	0.01091	0.01818	0.01091	0.01454	0.02726	0.00364	0.69284	0.00727	0.00364	0.00909
5	0.01467	0.00914	0.01204	0.01094	0.01341	0.00834	0.00834	0.01850	0.02355	0.10497	0.58127	0.05820	0.07179	0.01622	0.00963	0.00261	0.00428	0.01426	0.00927	0.00856
6	0.02770	0.03353	0.02599	0.06704	0.17421	0.48418	0.01866	0.03069	0.02206	0.02197	0.01360	0.01670	0.01129	0.00828	0.00771	0.00225	0.01356	0.00595	0.00421	0.01043
7	0.02685	0.02703	0.02558	0.15416	0.11464	0.25733	0.01857	0.21680	0.02646	0.03146	0.01581	0.01867	0.01217	0.00880	0.00800	0.00242	0.01172	0.00668	0.00541	0.01143
8	0.02220	0.02473	0.02026	0.05780	0.04957	0.31349	0.01464	0.05180	0.02001	0.02202	0.02199	0.02630	0.07014	0.02385	0.18100	0.00524	0.05337	0.00775	0.00473	0.00913
9	0.01782	0.01843	0.01484	0.01381	0.01736	0.17763	0.01047	0.02505	0.16501	0.02568	0.10187	0.05080	0.29828	0.01530	0.00892	0.00263	0.00743	0.01238	0.00714	0.00916
10	0.01226	0.01054	0.01075	0.01032	0.01355	0.01008	0.00785	0.01916	0.15881	0.02521	0.07284	0.06895	0.51181	0.01884	0.00951	0.00281	0.00474	0.01570	0.00788	0.00839
11	0.01085	0.00894	0.00964	0.00998	0.01235	0.00815	0.00727	0.01467	0.07296	0.02321	0.06983	0.23612	0.44348	0.02146	0.00990	0.00295	0.00457	0.01838	0.00778	0.00749
12	0.01154	0.00783	0.00922	0.00975	0.00988	0.00770	0.00577	0.01194	0.01313	0.01751	0.03155	0.23203	0.03698	0.52113	0.03360	0.00677	0.00717	0.01524	0.00577	0.00550
13	0.00998	0.00839	0.00846	0.00846	0.01107	0.00709	0.00622	0.01193	0.01844	0.02199	0.07998	0.07810	0.60796	0.07057	0.01216	0.00318	0.00449	0.01714	0.00752	0.00687
14	0.01104	0.00762	0.00937	0.01039	0.01065	0.00736	0.00646	0.01181	0.01411	0.01882	0.03661	0.39911	0.04336	0.34535	0.02544	0.00557	0.00633	0.01822	0.00646	0.00595

[dist]
# distance from previous block
# <min> <max>
0	3

[block]
# block no. 1 follows, 22 sequences, length 9
# corresponding to MSA columns:
# 18-26
name=unknown_B
#
# <colnr> <probs for GDERKNQSTAVLIFYWHMCP>
#	G	D	E	R	K	N	Q	S	T	A	V	L	I	F	Y	W	H	M	C	P
0	0.01166	0.00797	0.00959	0.00998	0.01022	0.00801	0.00609	0.01224	0.01298	0.01745	0.02980	0.18450	0.03434	0.50701	0.09651	0.00761	0.00876	0.01413	0.00552	0.00561
1	0.01183	0.00780	0.00911	0.00965	0.00995	0.00766	0.00585	0.01257	0.01361	0.01882	0.03174	0.23351	0.03635	0.45719	0.03028	0.00622	0.00679	0.01493	0.07042	0.00575
2	0.01720	0.01249	0.01523	0.01377	0.01651	0.01394	0.01086	0.16121	0.02070	0.02944	0.02842	0.07568	0.07240	0.03306	0.27610	0.00689	0.05068	0.00994	0.12640	0.00908
3	0.01821	0.01781	0.02075	0.02050	0.07350	0.11378	0.01510	0.02087	0.01546	0.02151	0.01636	0.02324	0.01486	0.02612	0.20422	0.00591	0.27941	0.00751	0.07598	0.00891
4	0.01496	0.01253	0.01346	0.01378	0.04269	0.06413	0.00967	0.01946	0.07930	0.04938	0.13379	0.11344	0.20229	0.08255	0.10649	0.00470	0.00858	0.01347	0.00697	0.00836
5	0.12446	0.01397	0.01677	0.04694	0.16913	0.04393	0.01257	0.01857	0.01742	0.02485	0.04217	0.04550	0.25685	0.07609	0.05311	0.00377	0.00813	0.01122	0.00572	0.00884
6	0.08744	0.02008	0.01721	0.01498	0.01902	0.17135	0.01144	0.12066	0.06568	0.10312	0.07948	0.03495	0.09322	0.11022	0.01296	0.00328	0.00875	0.00934	0.00686	0.00996
7	0.19385	0.02354	0.22798	0.01888	0.06264	0.01730	0.01805	0.02177	0.01599	0.02690	0.02447	0.02744	0.10516	0.01592	0.07524	0.00381	0.09862	0.00791	0.00466	0.00990
8	0.02277	0.02559	0.02614	0.22041	0.15412	0.26798	0.02018	0.02638	0.01912	0.02184	0.01365	0.01857	0.01131	0.00911	0.01067	0.00260	0.10886	0.00660	0.00399	0.01011

[dist]
# distance from previous block
# <min> <max>
60	101

[block]
# block no. 2 follows, 22 sequences, length 19
# corresponding to MSA columns:
# 134-152
name=unknown_C
#
# <colnr> <probs for GDERKNQSTAVLIFYWHMCP>
#	G	D	E	R	K	N	Q	S	T	A	V	L	I	F	Y	W	H	M	C	P
0	0.07279	0.01693	0.04716	0.17193	0.09226	0.01810	0.01672	0.16160	0.02132	0.03042	0.02181	0.02634	0.05431	0.01959	0.13133	0.00461	0.04367	0.00807	0.03069	0.01034
1	0.01860	0.01752	0.02932	0.13085	0.45318	0.01862	0.02272	0.02317	0.01751	0.02488	0.01614	0.02227	0.01377	0.01531	0.09905	0.00404	0.04975	0.00759	0.00407	0.01163
2	0.02132	0.01850	0.06028	0.07750	0.30553	0.05681	0.01917	0.02581	0.01882	0.11129	0.01979	0.02380	0.01555	0.01436	0.08232	0.00364	0.01068	0.00754	0.09584	0.01145
3	0.01719	0.01634	0.02720	0.37940	0.22554	0.01828	0.05371	0.02345	0.05487	0.02413	0.02123	0.02637	0.05862	0.00906	0.00848	0.00269	0.01012	0.00836	0.00441	0.01055
4	0.02318	0.02320	0.06502	0.06371	0.41776	0.11608	0.02250	0.02880	0.05219	0.08164	0.01758	0.02084	0.01385	0.00809	0.00812	0.00247	0.01039	0.00721	0.00485	0.01253
5	0.02534	0.02624	0.02936	0.03736	0.37308	0.21772	0.02122	0.11714	0.02329	0.02883	0.01543	0.01879	0.01256	0.00813	0.00802	0.00237	0.01130	0.00680	0.00478	0.01224
6	0.01194	0.00808	0.00902	0.00902	0.00919	0.00799	0.00511	0.01207	0.01251	0.01650	0.02978	0.05595	0.06889	0.66536	0.04027	0.00773	0.00781	0.01242	0.00520	0.00516
7	0.02374	0.01871	0.01934	0.01616	0.02062	0.06882	0.01276	0.34853	0.03081	0.04084	0.17034	0.13050	0.03487	0.01387	0.00893	0.00262	0.00774	0.01146	0.00811	0.01122
8	0.01005	0.00750	0.00936	0.01086	0.01186	0.00681	0.00740	0.01165	0.01659	0.02149	0.05443	0.56236	0.18963	0.02490	0.01043	0.00325	0.00468	0.02225	0.00771	0.00681
9	0.01190	0.00802	0.00931	0.00948	0.00959	0.00805	0.00552	0.01217	0.01247	0.01670	0.02770	0.10989	0.03192	0.61817	0.06929	0.00789	0.00844	0.01294	0.00524	0.00530
10	0.02056	0.01974	0.03372	0.05099	0.65622	0.01974	0.02550	0.02550	0.01892	0.02714	0.01563	0.02056	0.01316	0.00740	0.00822	0.00247	0.00987	0.00740	0.00411	0.01316
11	0.02056	0.01974	0.03372	0.05099	0.65622	0.01974	0.02550	0.02550	0.01892	0.02714	0.01563	0.02056	0.01316	0.00740	0.00822	0.00247	0.00987	0.00740	0.00411	0.01316
12	0.12534	0.08732	0.02955	0.03627	0.39078	0.10902	0.02025	0.02726	0.05010	0.02729	0.01522	0.01868	0.01263	0.00777	0.00744	0.00239	0.00982	0.00654	0.00444	0.01187
13	0.02056	0.01974	0.03372	0.05099	0.65622	0.01974	0.02550	0.02550	0.01892	0.02714	0.01563	0.02056	0.01316	0.00740	0.00822	0.00247	0.00987	0.00740	0.00411	0.01316
14	0.29575	0.45697	0.03202	0.01301	0.01939	0.02764	0.01230	0.02471	0.01587	0.02606	0.01156	0.01339	0.01005	0.00733	0.00526	0.00207	0.00798	0.00446	0.00414	0.01005
15	0.02313	0.02056	0.03167	0.04357	0.50944	0.02114	0.02324	0.16589	0.02361	0.03301	0.01663	0.02042	0.01338	0.00800	0.00824	0.00247	0.00970	0.00742	0.00509	0.01338
16	0.38710	0.28094	0.02563	0.01343	0.01935	0.07148	0.01190	0.06322	0.01741	0.03032	0.01218	0.01394	0.01007	0.00769	0.00558	0.00224	0.00814	0.00473	0.00468	0.00999
17	0.30107	0.06208	0.19050	0.02000	0.08382	0.10988	0.01778	0.02752	0.01769	0.07921	0.01467	0.01659	0.01102	0.00802	0.00675	0.00248	0.00966	0.00562	0.00482	0.01083
18	0.02969	0.01898	0.02330	0.02147	0.10844	0.01951	0.01539	0.27200	0.09835	0.22514	0.02440	0.02357	0.01705	0.00964	0.00820	0.00247	0.00816	0.00779	0.00814	0.05832

[dist]
# distance from previous block
# <min> <max>
0	1

[block]
# block no. 3 follows, 22 sequences, length 31
# corresponding to MSA columns:
# 154-184
name=unknown_D
#
# <colnr> <probs for GDERKNQSTAVLIFYWHMCP>
#	G	D	E	R	K	N	Q	S	T	A	V	L	I	F	Y	W	H	M	C	P
0	0.09289	0.02571	0.05540	0.01817	0.02390	0.20088	0.01498	0.17105	0.15227	0.12978	0.02177	0.02141	0.01582	0.00959	0.00782	0.00249	0.00985	0.00709	0.00700	0.01215
1	0.02960	0.03266	0.02204	0.01918	0.02421	0.49159	0.01462	0.03211	0.02258	0.09754	0.01551	0.01691	0.01212	0.00839	0.00738	0.00205	0.01265	0.00564	0.00509	0.12812
2	0.01139	0.00846	0.01065	0.01042	0.01244	0.00772	0.00786	0.01482	0.02195	0.03008	0.47514	0.10755	0.18052	0.01864	0.00995	0.00276	0.00424	0.04910	0.00871	0.00761
3	0.02056	0.01974	0.03372	0.05099	0.65622	0.01974	0.02550	0.02550	0.01892	0.02714	0.01563	0.02056	0.01316	0.00740	0.00822	0.00247	0.00987	0.00740	0.00411	0.01316
4	0.02056	0.01974	0.03372	0.05099	0.65622	0.01974	0.02550	0.02550	0.01892	0.02714	0.01563	0.02056	0.01316	0.00740	0.00822	0.00247	0.00987	0.00740	0.00411	0.01316
5	0.02056	0.01974	0.03372	0.05099	0.65622	0.01974	0.02550	0.02550	0.01892	0.02714	0.01563	0.02056	0.01316	0.00740	0.00822	0.00247	0.00987	0.00740	0.00411	0.01316
6	0.01974	0.25056	0.25095	0.01701	0.02595	0.02105	0.01863	0.02514	0.01758	0.05908	0.01476	0.01668	0.01161	0.00729	0.00661	0.00197	0.00922	0.00538	0.00428	0.21652
7	0.02056	0.01974	0.03372	0.05099	0.65622	0.01974	0.02550	0.02550	0.01892	0.02714	0.01563	0.02056	0.01316	0.00740	0.00822	0.00247	0.00987	0.00740	0.00411	0.01316
8	0.02056	0.01974	0.03372	0.05099	0.65622	0.01974	0.02550	0.02550	0.01892	0.02714	0.01563	0.02056	0.01316	0.00740	0.00822	0.00247	0.00987	0.00740	0.00411	0.01316
9	0.01535	0.01255	0.01563	0.01638	0.07854	0.01302	0.01118	0.02546	0.21806	0.03265	0.36753	0.04900	0.08200	0.01443	0.00922	0.00267	0.00536	0.01261	0.00836	0.01000
10	0.01208	0.00805	0.00906	0.00906	0.00906	0.00805	0.00503	0.01208	0.01208	0.01611	0.02618	0.05436	0.03020	0.70804	0.04228	0.00805	0.00805	0.01208	0.00503	0.00503
11	0.02368	0.01934	0.02048	0.01752	0.02275	0.02207	0.01388	0.20550	0.47495	0.03961	0.02998	0.02794	0.02226	0.01091	0.00841	0.00273	0.00728	0.00886	0.00841	0.01342
12	0.01666	0.04297	0.66500	0.02368	0.03596	0.01929	0.03069	0.02631	0.01754	0.02631	0.01491	0.01754	0.01052	0.00789	0.00789	0.00263	0.01228	0.00614	0.00351	0.01228
13	0.01666	0.04297	0.66500	0.02368	0.03596	0.01929	0.03069	0.02631	0.01754	0.02631	0.01491	0.01754	0.01052	0.00789	0.00789	0.00263	0.01228	0.00614	0.00351	0.01228
14	0.01666	0.04297	0.66500	0.02368	0.03596	0.01929	0.03069	0.02631	0.01754	0.02631	0.01491	0.01754	0.01052	0.00789	0.00789	0.00263	0.01228	0.00614	0.00351	0.01228
15	0.00982	0.00842	0.00842	0.00842	0.01122	0.00701	0.00631	0.01192	0.01894	0.02244	0.08416	0.07995	0.65285	0.02104	0.00982	0.00281	0.00421	0.01753	0.00771	0.00701
16	0.01666	0.04297	0.66500	0.02368	0.03596	0.01929	0.03069	0.02631	0.01754	0.02631	0.01491	0.01754	0.01052	0.00789	0.00789	0.00263	0.01228	0.00614	0.00351	0.01228
17	0.01666	0.04297	0.66500	0.02368	0.03596	0.01929	0.03069	0.02631	0.01754	0.02631	0.01491	0.01754	0.01052	0.00789	0.00789	0.00263	0.01228	0.00614	0.00351	0.01228
18	0.01012	0.00723	0.00964	0.01157	0.01205	0.00675	0.00771	0.01157	0.01591	0.02121	0.04579	0.70262	0.05495	0.02603	0.01060	0.00337	0.00482	0.02362	0.00771	0.00675
19	0.01596	0.01505	0.02541	0.65227	0.09088	0.01853	0.02321	0.02147	0.01674	0.02156	0.01481	0.02206	0.01119	0.00825	0.00830	0.00275	0.01101	0.00738	0.00372	0.00945
20	0.01818	0.01731	0.02942	0.36246	0.36337	0.01911	0.02431	0.02341	0.01779	0.02425	0.01521	0.02134	0.01214	0.00784	0.00826	0.00261	0.01046	0.00739	0.00391	0.01124
21	0.01935	0.01850	0.03153	0.20976	0.50694	0.01942	0.02489	0.02443	0.01834	0.02567	0.01541	0.02096	0.01264	0.00763	0.00824	0.00254	0.01017	0.00740	0.00401	0.01218
22	0.03727	0.01414	0.01928	0.01478	0.02121	0.01221	0.01221	0.04049	0.02378	0.66198	0.03277	0.02828	0.02056	0.01028	0.00835	0.00257	0.00707	0.00835	0.01028	0.01414
23	0.02056	0.01974	0.03372	0.05099	0.65622	0.01974	0.02550	0.02550	0.01892	0.02714	0.01563	0.02056	0.01316	0.00740	0.00822	0.00247	0.00987	0.00740	0.00411	0.01316
24	0.01666	0.04297	0.66500	0.02368	0.03596	0.01929	0.03069	0.02631	0.01754	0.02631	0.01491	0.01754	0.01052	0.00789	0.00789	0.00263	0.01228	0.00614	0.00351	0.01228
25	0.02056	0.01974	0.03372	0.05099	0.65622	0.01974	0.02550	0.02550	0.01892	0.02714	0.01563	0.02056	0.01316	0.00740	0.00822	0.00247	0.00987	0.00740	0.00411	0.01316
26	0.01655	0.01247	0.01596	0.01490	0.01751	0.01276	0.04285	0.18272	0.02250	0.03010	0.03711	0.47792	0.04142	0.02058	0.00993	0.00310	0.00650	0.01843	0.00769	0.00902
27	0.01961	0.02241	0.04902	0.03501	0.04342	0.02101	0.62605	0.02661	0.01961	0.02661	0.01681	0.02241	0.01261	0.00700	0.00980	0.00280	0.01401	0.00980	0.00420	0.01120
28	0.02344	0.01500	0.01816	0.01331	0.02040	0.01209	0.01078	0.05523	0.02007	0.20358	0.01998	0.02041	0.01467	0.00747	0.00686	0.00166	0.00655	0.00599	0.00656	0.51778
29	0.02345	0.02522	0.03091	0.04282	0.48212	0.20058	0.02289	0.02762	0.02019	0.02526	0.01486	0.01902	0.01248	0.00772	0.00802	0.00238	0.01128	0.00684	0.00416	0.01218
30	0.02056	0.02023	0.03212	0.12498	0.55066	0.05539	0.02469	0.02541	0.01890	0.02607	0.01537	0.02044	0.01278	0.00757	0.00819	0.00249	0.01029	0.00729	0.00407	0.01250

[dist]
# distance from previous block
# <min> <max>
33	73

[block]
# block no. 4 follows, 22 sequences, length 154
# corresponding to MSA columns:
# 261-414
name=unknown_E
#
# <colnr> <probs for GDERKNQSTAVLIFYWHMCP>
#	G	D	E	R	K	N	Q	S	T	A	V	L	I	F	Y	W	H	M	C	P
0	0.02409	0.09520	0.17975	0.02774	0.20904	0.01988	0.02096	0.11154	0.02229	0.14938	0.04656	0.02228	0.01664	0.00880	0.00795	0.00246	0.00945	0.00732	0.00587	0.01278
1	0.01840	0.36888	0.09720	0.01936	0.11674	0.02324	0.01570	0.02199	0.01775	0.02209	0.03006	0.03096	0.16625	0.01060	0.00712	0.00222	0.00825	0.00823	0.00464	0.01032
2	0.05831	0.09698	0.26892	0.02421	0.09429	0.02003	0.09905	0.02836	0.08848	0.06032	0.01777	0.01990	0.01333	0.00801	0.00773	0.00246	0.01022	0.00687	0.00477	0.07000
3	0.01846	0.05586	0.07560	0.03022	0.30269	0.04885	0.01828	0.02358	0.05055	0.04994	0.03620	0.03730	0.19475	0.01165	0.00848	0.00254	0.00838	0.01005	0.00552	0.01108
4	0.06006	0.22060	0.12659	0.02903	0.23572	0.05706	0.04370	0.02511	0.01810	0.02501	0.04448	0.01936	0.01474	0.00822	0.00812	0.00235	0.03963	0.00657	0.00415	0.01141
5	0.17439	0.06625	0.34546	0.01894	0.02769	0.02018	0.02121	0.03001	0.16261	0.03022	0.01846	0.01962	0.01368	0.00860	0.00732	0.00262	0.00955	0.00647	0.00501	0.01171
6	0.02181	0.29115	0.18046	0.01968	0.05723	0.14897	0.01853	0.02823	0.08244	0.02334	0.01823	0.01970	0.04023	0.00862	0.00700	0.00223	0.01045	0.00624	0.00439	0.01106
7	0.01507	0.01151	0.01469	0.01628	0.07834	0.01135	0.01090	0.02156	0.13305	0.05848	0.10444	0.26570	0.12656	0.01805	0.00952	0.00292	0.00578	0.04590	0.00764	0.04229
8	0.05957	0.09610	0.05380	0.01703	0.02193	0.24004	0.01408	0.05356	0.17010	0.02658	0.02928	0.03132	0.10474	0.01139	0.00793	0.00249	0.00974	0.03389	0.00599	0.01041
9	0.02284	0.35565	0.18252	0.01742	0.02526	0.05881	0.01806	0.14219	0.02168	0.02807	0.01477	0.01652	0.01181	0.00804	0.00664	0.00214	0.00979	0.00563	0.04065	0.01152
10	0.01274	0.01007	0.01456	0.01407	0.01520	0.01219	0.01090	0.01526	0.01314	0.01906	0.02111	0.03285	0.02038	0.12035	0.52435	0.01151	0.11146	0.00900	0.00440	0.00740
11	0.00982	0.00842	0.00842	0.00842	0.01122	0.00701	0.00631	0.01192	0.01894	0.02244	0.08416	0.07995	0.65285	0.02104	0.00982	0.00281	0.00421	0.01753	0.00771	0.00701
12	0.05508	0.01861	0.03101	0.17136	0.51085	0.01944	0.02425	0.02462	0.01825	0.02649	0.01527	0.02053	0.01256	0.00759	0.00809	0.00253	0.00994	0.00726	0.00408	0.01221
13	0.02941	0.02468	0.02354	0.01903	0.02495	0.12206	0.01532	0.42726	0.15217	0.04418	0.02154	0.02132	0.01577	0.01001	0.00821	0.00250	0.00952	0.00753	0.00773	0.01327
14	0.01683	0.01584	0.02555	0.18965	0.36028	0.01636	0.02029	0.02122	0.01838	0.02462	0.03199	0.03529	0.16729	0.01091	0.00863	0.00262	0.00878	0.00985	0.00488	0.01075
15	0.02057	0.29278	0.30287	0.02268	0.09295	0.08911	0.02251	0.02636	0.01802	0.02326	0.01351	0.01601	0.01086	0.00761	0.00692	0.00224	0.01102	0.00555	0.00366	0.01150
16	0.02221	0.71304	0.04353	0.01421	0.02132	0.03287	0.01421	0.02488	0.01688	0.01955	0.01155	0.01333	0.01066	0.00711	0.00533	0.00178	0.00888	0.00444	0.00355	0.01066
17	0.01208	0.00805	0.00906	0.00906	0.00906	0.00805	0.00503	0.01208	0.01208	0.01611	0.02618	0.05436	0.03020	0.70804	0.04228	0.00805	0.00805	0.01208	0.00503	0.00503
18	0.01957	0.39442	0.33904	0.01871	0.02828	0.02641	0.02205	0.02556	0.01719	0.02276	0.01315	0.01533	0.01060	0.00748	0.00655	0.00218	0.01050	0.00525	0.00353	0.01143
19	0.02047	0.02000	0.03523	0.04941	0.59577	0.01986	0.08474	0.02561	0.01898	0.02709	0.01574	0.02074	0.01310	0.00736	0.00838	0.00250	0.01028	0.00764	0.00412	0.01297
20	0.00983	0.00836	0.00847	0.00856	0.01126	0.00700	0.00637	0.01191	0.01880	0.02239	0.08243	0.10791	0.62600	0.02126	0.00985	0.00283	0.00424	0.01781	0.00771	0.00700
21	0.01821	0.01193	0.01462	0.01257	0.01590	0.01176	0.00983	0.13683	0.02655	0.10138	0.46614	0.05045	0.06003	0.01494	0.00936	0.00259	0.00525	0.01288	0.00910	0.00970
22	0.19841	0.38731	0.03138	0.01518	0.02115	0.18467	0.01344	0.02677	0.01785	0.02388	0.01187	0.01377	0.01028	0.00760	0.00581	0.00205	0.00978	0.00467	0.00410	0.01002
23	0.01545	0.01122	0.01349	0.01312	0.01532	0.01140	0.00962	0.15659	0.02276	0.03079	0.15492	0.42128	0.04986	0.02055	0.00991	0.00302	0.00566	0.01821	0.00812	0.00868
24	0.01988	0.01722	0.01856	0.04880	0.02279	0.01987	0.01328	0.04141	0.57972	0.03348	0.03544	0.03304	0.05635	0.01162	0.00851	0.00281	0.00667	0.00971	0.00819	0.01265
25	0.02109	0.01955	0.03051	0.04312	0.50804	0.02019	0.02273	0.05682	0.13662	0.02973	0.01924	0.02249	0.01549	0.00825	0.00827	0.00253	0.00922	0.00778	0.00512	0.01320
26	0.02434	0.55027	0.03870	0.01595	0.02238	0.18800	0.01466	0.02688	0.01849	0.01974	0.01186	0.01373	0.01067	0.00746	0.00585	0.00186	0.01036	0.00466	0.00373	0.01041
27	0.00998	0.00779	0.00906	0.01007	0.01166	0.00687	0.00705	0.01174	0.01735	0.02179	0.06403	0.40654	0.33925	0.02366	0.01023	0.00310	0.00453	0.02072	0.00771	0.00687
28	0.00982	0.00842	0.00842	0.00842	0.01122	0.00701	0.00631	0.01192	0.01894	0.02244	0.08416	0.07995	0.65285	0.02104	0.00982	0.00281	0.00421	0.01753	0.00771	0.00701
29	0.03116	0.03578	0.02387	0.02087	0.02570	0.52297	0.01599	0.17237	0.02717	0.02782	0.01450	0.01614	0.01150	0.00889	0.00768	0.00222	0.01362	0.00585	0.00522	0.01068
30	0.01672	0.04015	0.60029	0.02254	0.03433	0.01847	0.02861	0.02577	0.01751	0.02638	0.01489	0.01751	0.01070	0.00772	0.00772	0.00249	0.01167	0.00602	0.00365	0.08685
31	0.02056	0.01974	0.03372	0.05099	0.65622	0.01974	0.02550	0.02550	0.01892	0.02714	0.01563	0.02056	0.01316	0.00740	0.00822	0.00247	0.00987	0.00740	0.00411	0.01316
32	0.01666	0.04297	0.66500	0.02368	0.03596	0.01929	0.03069	0.02631	0.01754	0.02631	0.01491	0.01754	0.01052	0.00789	0.00789	0.00263	0.01228	0.00614	0.00351	0.01228
33	0.01111	0.00847	0.01020	0.00977	0.01201	0.00756	0.00733	0.01442	0.02198	0.02967	0.46136	0.06806	0.27114	0.01834	0.00980	0.00268	0.00402	0.01587	0.00866	0.00756
34	0.01689	0.04138	0.61740	0.02455	0.03653	0.01943	0.07670	0.02633	0.01770	0.02633	0.01506	0.01792	0.01068	0.00782	0.00804	0.00264	0.01241	0.00642	0.00356	0.01219
35	0.01187	0.00890	0.01335	0.01335	0.01483	0.01038	0.01038	0.01483	0.01335	0.01928	0.02225	0.03264	0.02077	0.06231	0.67512	0.01335	0.02225	0.00890	0.00445	0.00742
36	0.00996	0.00785	0.00900	0.00991	0.01161	0.00689	0.00698	0.01175	0.01749	0.02185	0.06591	0.37603	0.36855	0.02341	0.01019	0.00308	0.00450	0.02043	0.00771	0.00689
37	0.01988	0.02156	0.03218	0.02565	0.02854	0.08900	0.19643	0.02325	0.01582	0.02197	0.01283	0.01910	0.01138	0.01173	0.02016	0.00324	0.42583	0.00782	0.00387	0.00976
38	0.02047	0.01999	0.03517	0.04948	0.59826	0.01986	0.08230	0.02560	0.01898	0.02709	0.01574	0.02074	0.01311	0.00736	0.00837	0.00250	0.01026	0.00763	0.00412	0.01297
39	0.00982	0.00842	0.00842	0.00842	0.01122	0.00701	0.00631	0.01192	0.01894	0.02244	0.08416	0.07995	0.65285	0.02104	0.00982	0.00281	0.00421	0.01753	0.00771	0.00701
40	0.02365	0.01789	0.01908	0.01543	0.02061	0.01910	0.01248	0.38767	0.06211	0.04175	0.07205	0.04021	0.20480	0.01364	0.00884	0.00261	0.00730	0.01090	0.00819	0.01167
41	0.02476	0.51980	0.03789	0.01615	0.02257	0.18256	0.01473	0.05814	0.01959	0.02143	0.01229	0.01406	0.01085	0.00760	0.00599	0.00190	0.01032	0.00481	0.00397	0.01060
42	0.01667	0.01055	0.01382	0.01785	0.16084	0.01055	0.01041	0.02079	0.01777	0.03008	0.02442	0.02854	0.01939	0.00915	0.00637	0.00206	0.00527	0.00766	0.57880	0.00901
43	0.02221	0.71304	0.04353	0.01421	0.02132	0.03287	0.01421	0.02488	0.01688	0.01955	0.01155	0.01333	0.01066	0.00711	0.00533	0.00178	0.00888	0.00444	0.00355	0.01066
44	0.01968	0.23551	0.42284	0.02073	0.03073	0.08786	0.02451	0.02657	0.01794	0.02377	0.01374	0.01607	0.01058	0.00773	0.00712	0.00234	0.01157	0.00557	0.00360	0.01155
45	0.01871	0.03926	0.57389	0.02345	0.03499	0.01873	0.05975	0.02763	0.01822	0.08468	0.01665	0.01878	0.01155	0.00807	0.00803	0.00263	0.01189	0.00653	0.00417	0.01239
46	0.01012	0.00723	0.00964	0.01157	0.01205	0.00675	0.00771	0.01157	0.01591	0.02121	0.04579	0.70262	0.05495	0.02603	0.01060	0.00337	0.00482	0.02362	0.00771	0.00675
47	0.01012	0.00723	0.00964	0.01157	0.01205	0.00675	0.00771	0.01157	0.01591	0.02121	0.04579	0.70262	0.05495	0.02603	0.01060	0.00337	0.00482	0.02362	0.00771	0.00675
48	0.02427	0.02278	0.02741	0.03459	0.33723	0.13974	0.01987	0.06212	0.14435	0.07457	0.02017	0.02213	0.01571	0.00872	0.00815	0.00249	0.00991	0.00749	0.00566	0.01263
49	0.01187	0.00890	0.01335	0.01335	0.01483	0.01038	0.01038	0.01483	0.01335	0.01928	0.02225	0.03264	0.02077	0.06231	0.67512	0.01335	0.02225	0.00890	0.00445	0.00742
50	0.02221	0.71304	0.04353	0.01421	0.02132	0.03287	0.01421	0.02488	0.01688	0.01955	0.01155	0.01333	0.01066	0.00711	0.00533	0.00178	0.00888	0.00444	0.00355	0.01066
51	0.02056	0.01974	0.03372	0.05099	0.65622	0.01974	0.02550	0.02550	0.01892	0.02714	0.01563	0.02056	0.01316	0.00740	0.00822	0.00247	0.00987	0.00740	0.00411	0.01316
52	0.01592	0.01501	0.02534	0.65739	0.08607	0.01852	0.02319	0.02143	0.01672	0.02151	0.01481	0.02207	0.01117	0.00826	0.00830	0.00275	0.01102	0.00738	0.00371	0.00942
53	0.01682	0.04190	0.63304	0.02427	0.03634	0.01938	0.06158	0.02632	0.01765	0.02632	0.01501	0.01779	0.01063	0.00785	0.00799	0.00264	0.01237	0.00633	0.00354	0.01222
54	0.02056	0.01974	0.03372	0.05099	0.65622	0.01974	0.02550	0.02550	0.01892	0.02714	0.01563	0.02056	0.01316	0.00740	0.00822	0.00247	0.00987	0.00740	0.00411	0.01316
55	0.02189	0.02462	0.02226	0.01994	0.02190	0.27453	0.01577	0.02407	0.01705	0.01998	0.01395	0.01986	0.01282	0.02188	0.15061	0.00502	0.29397	0.00685	0.00405	0.00896
56	0.01009	0.00843	0.00880	0.00870	0.01139	0.00713	0.00653	0.01246	0.01959	0.02398	0.16470	0.07741	0.57134	0.02046	0.00982	0.00278	0.00417	0.01718	0.00792	0.00713
57	0.01872	0.02522	0.18272	0.06666	0.21802	0.02098	0.16134	0.02465	0.01742	0.02513	0.01476	0.01988	0.01187	0.00887	0.01225	0.00283	0.14565	0.00762	0.00388	0.01152
58	0.01012	0.00723	0.00964	0.01157	0.01205	0.00675	0.00771	0.01157	0.01591	0.02121	0.04579	0.70262	0.05495	0.02603	0.01060	0.00337	0.00482	0.02362	0.00771	0.00675
59	0.03103	0.03959	0.02354	0.02140	0.02568	0.67469	0.01605	0.03317	0.02354	0.02033	0.01284	0.01498	0.01070	0.00856	0.00749	0.00214	0.01498	0.00535	0.00428	0.00963
60	0.01171	0.00860	0.01159	0.01149	0.01283	0.00916	0.00842	0.01407	0.01510	0.02096	0.12320	0.04632	0.08957	0.19816	0.37080	0.00957	0.01463	0.01133	0.00559	0.00690
61	0.01666	0.04297	0.66500	0.02368	0.03596	0.01929	0.03069	0.02631	0.01754	0.02631	0.01491	0.01754	0.01052	0.00789	0.00789	0.00263	0.01228	0.00614	0.00351	0.01228
62	0.02221	0.71304	0.04353	0.01421	0.02132	0.03287	0.01421	0.02488	0.01688	0.01955	0.01155	0.01333	0.01066	0.00711	0.00533	0.00178	0.00888	0.00444	0.00355	0.01066
63	0.02066	0.01785	0.01878	0.01691	0.02160	0.02066	0.01315	0.04414	0.64121	0.03475	0.03381	0.03099	0.02536	0.01127	0.00845	0.00282	0.00657	0.00939	0.00845	0.01315
64	0.00990	0.00809	0.00876	0.00929	0.01145	0.00694	0.00670	0.01182	0.01810	0.02210	0.07352	0.25260	0.48706	0.02242	0.01004	0.00296	0.00438	0.01922	0.00771	0.00694
65	0.01208	0.00805	0.00906	0.00906	0.00906	0.00805	0.00503	0.01208	0.01208	0.01611	0.02618	0.05436	0.03020	0.70804	0.04228	0.00805	0.00805	0.01208	0.00503	0.00503
66	0.02221	0.71304	0.04353	0.01421	0.02132	0.03287	0.01421	0.02488	0.01688	0.01955	0.01155	0.01333	0.01066	0.00711	0.00533	0.00178	0.00888	0.00444	0.00355	0.01066
67	0.01666	0.04297	0.66500	0.02368	0.03596	0.01929	0.03069	0.02631	0.01754	0.02631	0.01491	0.01754	0.01052	0.00789	0.00789	0.00263	0.01228	0.00614	0.00351	0.01228
68	0.76672	0.01607	0.01221	0.01092	0.01607	0.01864	0.00900	0.02442	0.01414	0.03727	0.01157	0.01350	0.00900	0.00771	0.00514	0.00257	0.00643	0.00450	0.00514	0.00900
69	0.03106	0.03892	0.02360	0.02131	0.02569	0.64778	0.01604	0.05786	0.02419	0.02166	0.01314	0.01519	0.01084	0.00862	0.00752	0.00215	0.01474	0.00544	0.00445	0.00982
70	0.01187	0.00890	0.01335	0.01335	0.01483	0.01038	0.01038	0.01483	0.01335	0.01928	0.02225	0.03264	0.02077	0.06231	0.67512	0.01335	0.02225	0.00890	0.00445	0.00742
71	0.01339	0.00956	0.01339	0.01530	0.01721	0.00956	0.01339	0.01721	0.01912	0.02486	0.04399	0.09371	0.04781	0.02295	0.01147	0.00382	0.00765	0.60031	0.00765	0.00765
72	0.01864	0.12467	0.22128	0.02437	0.03095	0.02365	0.16341	0.02408	0.01633	0.02333	0.01355	0.01829	0.01116	0.00978	0.01439	0.00288	0.23764	0.00713	0.00372	0.01074
73	0.02822	0.03497	0.02329	0.02104	0.02457	0.54826	0.01606	0.03036	0.02148	0.02023	0.01305	0.01635	0.01125	0.01219	0.04479	0.00293	0.11153	0.00581	0.00420	0.00944
74	0.01187	0.00890	0.01335	0.01335	0.01483	0.01038	0.01038	0.01483	0.01335	0.01928	0.02225	0.03264	0.02077	0.06231	0.67512	0.01335	0.02225	0.00890	0.00445	0.00742
75	0.01129	0.00847	0.01045	0.00996	0.01212	0.00764	0.00747	0.01477	0.02241	0.03069	0.51463	0.06638	0.21724	0.01796	0.00980	0.00266	0.00399	0.01563	0.00880	0.00764
76	0.03103	0.03959	0.02354	0.02140	0.02568	0.67469	0.01605	0.03317	0.02354	0.02033	0.01284	0.01498	0.01070	0.00856	0.00749	0.00214	0.01498	0.00535	0.00428	0.00963
77	0.03103	0.03959	0.02354	0.02140	0.02568	0.67469	0.01605	0.03317	0.02354	0.02033	0.01284	0.01498	0.01070	0.00856	0.00749	0.00214	0.01498	0.00535	0.00428	0.00963
78	0.00982	0.00842	0.00842	0.00842	0.01122	0.00701	0.00631	0.01192	0.01894	0.02244	0.08416	0.07995	0.65285	0.02104	0.00982	0.00281	0.00421	0.01753	0.00771	0.00701
79	0.03158	0.02327	0.02493	0.01911	0.02576	0.02576	0.01579	0.62852	0.03906	0.05236	0.01995	0.01995	0.01413	0.00997	0.00831	0.00249	0.00914	0.00748	0.00831	0.01413
80	0.02056	0.01974	0.03372	0.05099	0.65622	0.01974	0.02550	0.02550	0.01892	0.02714	0.01563	0.02056	0.01316	0.00740	0.00822	0.00247	0.00987	0.00740	0.00411	0.01316
81	0.01208	0.00805	0.00906	0.00906	0.00906	0.00805	0.00503	0.01208	0.01208	0.01611	0.02618	0.05436	0.03020	0.70804	0.04228	0.00805	0.00805	0.01208	0.00503	0.00503
82	0.01569	0.01477	0.02492	0.68808	0.05722	0.01846	0.02307	0.02123	0.01661	0.02123	0.01477	0.02215	0.01107	0.00831	0.00831	0.00277	0.01107	0.00738	0.00369	0.00923
83	0.01203	0.00826	0.01010	0.01010	0.01046	0.00862	0.00633	0.01275	0.01239	0.01688	0.02523	0.04911	0.02792	0.55197	0.19524	0.00933	0.01149	0.01131	0.00489	0.00561
84	0.02221	0.71304	0.04353	0.01421	0.02132	0.03287	0.01421	0.02488	0.01688	0.01955	0.01155	0.01333	0.01066	0.00711	0.00533	0.00178	0.00888	0.00444	0.00355	0.01066
85	0.00982	0.00842	0.00842	0.00842	0.01122	0.00701	0.00631	0.01192	0.01894	0.02244	0.08416	0.07995	0.65285	0.02104	0.00982	0.00281	0.00421	0.01753	0.00771	0.00701
86	0.01192	0.00870	0.01235	0.01235	0.01348	0.00984	0.00913	0.01419	0.01305	0.01854	0.02317	0.03772	0.02297	0.21328	0.52716	0.01211	0.01893	0.00964	0.00459	0.00686
87	0.03103	0.03959	0.02354	0.02140	0.02568	0.67469	0.01605	0.03317	0.02354	0.02033	0.01284	0.01498	0.01070	0.00856	0.00749	0.00214	0.01498	0.00535	0.00428	0.00963
88	0.01002	0.00763	0.00923	0.01051	0.01177	0.00684	0.00724	0.01169	0.01692	0.02162	0.05867	0.49355	0.25570	0.02435	0.01034	0.00318	0.00461	0.02157	0.00771	0.00684
89	0.02248	0.02535	0.02481	0.02167	0.02311	0.24285	0.01746	0.02441	0.01635	0.02011	0.01155	0.01711	0.01084	0.01254	0.02064	0.00313	0.46586	0.00663	0.00385	0.00927
90	0.03103	0.03959	0.02354	0.02140	0.02568	0.67469	0.01605	0.03317	0.02354	0.02033	0.01284	0.01498	0.01070	0.00856	0.00749	0.00214	0.01498	0.00535	0.00428	0.00963
91	0.02056	0.01974	0.03372	0.05099	0.65622	0.01974	0.02550	0.02550	0.01892	0.02714	0.01563	0.02056	0.01316	0.00740	0.00822	0.00247	0.00987	0.00740	0.00411	0.01316
92	0.03103	0.03959	0.02354	0.02140	0.02568	0.67469	0.01605	0.03317	0.02354	0.02033	0.01284	0.01498	0.01070	0.00856	0.00749	0.00214	0.01498	0.00535	0.00428	0.00963
93	0.01666	0.04297	0.66500	0.02368	0.03596	0.01929	0.03069	0.02631	0.01754	0.02631	0.01491	0.01754	0.01052	0.00789	0.00789	0.00263	0.01228	0.00614	0.00351	0.01228
94	0.01208	0.00805	0.00906	0.00906	0.00906	0.00805	0.00503	0.01208	0.01208	0.01611	0.02618	0.05436	0.03020	0.70804	0.04228	0.00805	0.00805	0.01208	0.00503	0.00503
95	0.06174	0.67603	0.04187	0.01404	0.02104	0.03212	0.01394	0.02485	0.01673	0.02049	0.01155	0.01334	0.01057	0.00714	0.00532	0.00182	0.00875	0.00445	0.00364	0.01057
96	0.01569	0.01477	0.02492	0.68808	0.05722	0.01846	0.02307	0.02123	0.01661	0.02123	0.01477	0.02215	0.01107	0.00831	0.00831	0.00277	0.01107	0.00738	0.00369	0.00923
97	0.00989	0.00813	0.00871	0.00918	0.01142	0.00695	0.00665	0.01184	0.01820	0.02214	0.07488	0.23045	0.50834	0.02224	0.01001	0.00294	0.00436	0.01900	0.00771	0.00695
98	0.02066	0.01785	0.01878	0.01691	0.02160	0.02066	0.01315	0.04414	0.64121	0.03475	0.03381	0.03099	0.02536	0.01127	0.00845	0.00282	0.00657	0.00939	0.00845	0.01315
99	0.02056	0.01974	0.03372	0.05099	0.65622	0.01974	0.02550	0.02550	0.01892	0.02714	0.01563	0.02056	0.01316	0.00740	0.00822	0.00247	0.00987	0.00740	0.00411	0.01316
100	0.01187	0.00890	0.01335	0.01335	0.01483	0.01038	0.01038	0.01483	0.01335	0.01928	0.02225	0.03264	0.02077	0.06231	0.67512	0.01335	0.02225	0.00890	0.00445	0.00742
101	0.01012	0.00723	0.00964	0.01157	0.01205	0.00675	0.00771	0.01157	0.01591	0.02121	0.04579	0.70262	0.05495	0.02603	0.01060	0.00337	0.00482	0.02362	0.00771	0.00675
102	0.03103	0.03959	0.02354	0.02140	0.02568	0.67469	0.01605	0.03317	0.02354	0.02033	0.01284	0.01498	0.01070	0.00856	0.00749	0.00214	0.01498	0.00535	0.00428	0.00963
103	0.01187	0.00890	0.01335	0.01335	0.01483	0.01038	0.01038	0.01483	0.01335	0.01928	0.02225	0.03264	0.02077	0.06231	0.67512	0.01335	0.02225	0.00890	0.00445	0.00742
104	0.01848	0.03031	0.28578	0.03066	0.04055	0.02035	0.39721	0.02649	0.01881	0.02649	0.01608	0.02054	0.01180	0.00734	0.00907	0.00274	0.01334	0.00840	0.00393	0.01162
105	0.01187	0.00890	0.01335	0.01335	0.01483	0.01038	0.01038	0.01483	0.01335	0.01928	0.02225	0.03264	0.02077	0.06231	0.67512	0.01335	0.02225	0.00890	0.00445	0.00742
106	0.01029	0.00843	0.00907	0.00891	0.01151	0.00721	0.00668	0.01283	0.02004	0.02507	0.22137	0.07562	0.51400	0.02006	0.00981	0.00276	0.00414	0.01693	0.00806	0.00721
107	0.01769	0.03582	0.45081	0.02762	0.03855	0.01989	0.23771	0.02641	0.01826	0.02641	0.01557	0.01923	0.01125	0.00758	0.00856	0.00269	0.01288	0.00741	0.00375	0.01190
108	0.01702	0.03717	0.51547	0.02324	0.03265	0.02073	0.02777	0.02483	0.01641	0.02483	0.01397	0.01769	0.01061	0.00945	0.01242	0.00287	0.17139	0.00640	0.00354	0.01153
109	0.01028	0.00843	0.00906	0.00890	0.01150	0.00721	0.00668	0.01282	0.02003	0.02503	0.21950	0.07568	0.51590	0.02007	0.00981	0.00276	0.00414	0.01693	0.00806	0.00721
110	0.01808	0.01656	0.01960	0.01441	0.02132	0.04509	0.04254	0.02177	0.01743	0.02636	0.01458	0.01743	0.01217	0.00674	0.00747	0.00148	0.04168	0.00531	0.00479	0.64517
111	0.01130	0.00847	0.01047	0.00997	0.01213	0.00764	0.00748	0.01479	0.02243	0.03074	0.51764	0.06629	0.21419	0.01794	0.00980	0.00266	0.00399	0.01562	0.00881	0.00764
112	0.01979	0.36341	0.20502	0.01700	0.02483	0.02557	0.01807	0.02831	0.13680	0.02443	0.02036	0.02119	0.04560	0.00882	0.00685	0.00226	0.00912	0.00650	0.00469	0.01139
113	0.01192	0.00842	0.00987	0.01019	0.01114	0.00815	0.00697	0.01321	0.01519	0.01975	0.07206	0.06661	0.14421	0.42390	0.02916	0.00606	0.00710	0.12386	0.00621	0.00602
114	0.01723	0.01477	0.01723	0.01230	0.01969	0.01107	0.00984	0.02092	0.01723	0.02707	0.01477	0.01723	0.01230	0.00615	0.00615	0.00123	0.00615	0.00492	0.00492	0.75883
115	0.02178	0.01840	0.01941	0.01713	0.02203	0.02119	0.01342	0.10398	0.57956	0.03655	0.03239	0.02986	0.02421	0.01114	0.00844	0.00278	0.00684	0.00920	0.00844	0.01325
116	0.01948	0.36382	0.33370	0.01973	0.02932	0.02591	0.05439	0.02564	0.01733	0.02308	0.01340	0.01577	0.01070	0.00747	0.00676	0.00223	0.01074	0.00552	0.00357	0.01144
117	0.01874	0.01759	0.02973	0.26023	0.43099	0.01882	0.02388	0.02383	0.01809	0.02534	0.01582	0.02152	0.01281	0.00780	0.00815	0.00255	0.01002	0.00741	0.03507	0.01163
118	0.03168	0.02736	0.02430	0.01955	0.02554	0.20370	0.01571	0.43913	0.03412	0.07008	0.01855	0.01894	0.01347	0.00960	0.00809	0.00240	0.01066	0.00693	0.00729	0.01289
119	0.01187	0.00890	0.01335	0.01335	0.01483	0.01038	0.01038	0.01483	0.01335	0.01928	0.02225	0.03264	0.02077	0.06231	0.67512	0.01335	0.02225	0.00890	0.00445	0.00742
120	0.02866	0.03574	0.02508	0.02214	0.02603	0.55109	0.04689	0.03100	0.02183	0.02060	0.01277	0.01580	0.01082	0.00932	0.01037	0.00238	0.10981	0.00584	0.00419	0.00963
121	0.00992	0.00842	0.00855	0.00852	0.01128	0.00705	0.00639	0.01211	0.01917	0.02299	0.11283	0.07905	0.62384	0.02083	0.00982	0.00280	0.00419	0.01741	0.00779	0.00705
122	0.18760	0.03153	0.36594	0.02576	0.11902	0.01938	0.08562	0.02580	0.01717	0.02894	0.01444	0.01754	0.01076	0.00769	0.00751	0.00261	0.01079	0.00632	0.00403	0.01155
123	0.01012	0.00723	0.00964	0.01157	0.01205	0.00675	0.00771	0.01157	0.01591	0.02121	0.04579	0.70262	0.05495	0.02603	0.01060	0.00337	0.00482	0.02362	0.00771	0.00675
124	0.02056	0.01974	0.03372	0.05099	0.65622	0.01974	0.02550	0.02550	0.01892	0.02714	0.01563	0.02056	0.01316	0.00740	0.00822	0.00247	0.00987	0.00740	0.00411	0.01316
125	0.02020	0.02156	0.09181	0.04036	0.44734	0.01991	0.02312	0.02993	0.16427	0.02884	0.01981	0.02271	0.01575	0.00835	0.00825	0.00257	0.00933	0.00774	0.00507	0.01307
126	0.01251	0.00985	0.01459	0.01422	0.01555	0.01193	0.01118	0.01536	0.01329	0.01936	0.02109	0.03116	0.01976	0.05741	0.60877	0.01236	0.09093	0.00873	0.00437	0.00759
127	0.01208	0.00805	0.00906	0.00906	0.00906	0.00805	0.00503	0.01208	0.01208	0.01611	0.02618	0.05436	0.03020	0.70804	0.04228	0.00805	0.00805	0.01208	0.00503	0.00503
128	0.01187	0.00890	0.01335	0.01335	0.01483	0.01038	0.01038	0.01483	0.01335	0.01928	0.02225	0.03264	0.02077	0.06231	0.67512	0.01335	0.02225	0.00890	0.00445	0.00742
129	0.01801	0.10618	0.43923	0.02569	0.03642	0.02114	0.18570	0.02624	0.01802	0.02570	0.01506	0.01839	0.01109	0.00758	0.00813	0.00259	0.01238	0.00693	0.00370	0.01183
130	0.01534	0.01176	0.01323	0.01175	0.01503	0.01163	0.00911	0.13236	0.05685	0.03338	0.31039	0.05842	0.25513	0.01671	0.00945	0.00266	0.00515	0.01414	0.00847	0.00903
131	0.01176	0.00849	0.01110	0.01045	0.01241	0.00784	0.00784	0.01568	0.02352	0.03331	0.65184	0.06206	0.07839	0.01698	0.00980	0.00261	0.00392	0.01502	0.00914	0.00784
132	0.01549	0.00774	0.00774	0.00774	0.00968	0.00774	0.00581	0.01936	0.01742	0.03097	0.02710	0.03097	0.02129	0.00968	0.00581	0.00194	0.00387	0.00774	0.75416	0.00774
133	0.02222	0.51438	0.09630	0.05124	0.05620	0.06401	0.01688	0.05436	0.01845	0.02224	0.01269	0.01491	0.01096	0.00747	0.00611	0.00199	0.00969	0.00508	0.00385	0.01097
134	0.01012	0.00723	0.00964	0.01157	0.01205	0.00675	0.00771	0.01157	0.01591	0.02121	0.04579	0.70262	0.05495	0.02603	0.01060	0.00337	0.00482	0.02362	0.00771	0.00675
135	0.01046	0.00844	0.00930	0.00908	0.01161	0.00728	0.00681	0.01316	0.02044	0.02602	0.27077	0.07407	0.46400	0.01971	0.00981	0.00274	0.00411	0.01671	0.00818	0.00728
136	0.13686	0.02886	0.11584	0.05584	0.14515	0.24452	0.01888	0.05887	0.02087	0.07748	0.01549	0.01780	0.01185	0.00831	0.00748	0.00242	0.01126	0.00616	0.00491	0.01114
137	0.02028	0.01962	0.03399	0.08167	0.59841	0.01973	0.05309	0.02534	0.01883	0.02682	0.01564	0.02072	0.01303	0.00743	0.00830	0.00250	0.01012	0.00751	0.00410	0.01287
138	0.02024	0.02219	0.01907	0.01771	0.02007	0.27103	0.01372	0.02272	0.01723	0.01979	0.01695	0.02367	0.01542	0.03448	0.32156	0.00758	0.11653	0.00728	0.00427	0.00852
139	0.01896	0.01810	0.03082	0.26071	0.45904	0.01932	0.02470	0.02409	0.01816	0.02519	0.01534	0.02108	0.01247	0.00770	0.00825	0.00257	0.01027	0.00740	0.00397	0.01187
140	0.09698	0.44443	0.16293	0.01646	0.02375	0.02802	0.01734	0.02467	0.01635	0.02275	0.01216	0.01463	0.01049	0.00800	0.00782	0.00220	0.07158	0.00504	0.00371	0.01067
141	0.01847	0.01761	0.02995	0.32413	0.39940	0.01919	0.02446	0.02366	0.01793	0.02460	0.01526	0.02124	0.01227	0.00779	0.00826	0.00260	0.01039	0.00739	0.00393	0.01147
142	0.01208	0.00805	0.00906	0.00906	0.00906	0.00805	0.00503	0.01208	0.01208	0.01611	0.02618	0.05436	0.03020	0.70804	0.04228	0.00805	0.00805	0.01208	0.00503	0.00503
143	0.01743	0.09765	0.27381	0.02275	0.03093	0.01873	0.19223	0.02418	0.01763	0.02564	0.01747	0.02179	0.01359	0.01317	0.07371	0.00356	0.01227	0.00749	0.10525	0.01072
144	0.06510	0.03011	0.02283	0.05381	0.02537	0.39604	0.01597	0.08112	0.02208	0.02470	0.04707	0.01879	0.01456	0.01017	0.01123	0.00252	0.13750	0.00646	0.00479	0.00978
145	0.01669	0.02252	0.25610	0.01725	0.02328	0.01422	0.01791	0.04779	0.01701	0.08047	0.02173	0.06028	0.01884	0.06768	0.27245	0.00716	0.01501	0.00866	0.00498	0.00995
146	0.09425	0.17438	0.02104	0.01335	0.01799	0.04899	0.01104	0.02367	0.10512	0.02667	0.08889	0.11612	0.06021	0.01257	0.00763	0.00238	0.00687	0.03926	0.00615	0.12340
147	0.12939	0.08016	0.01538	0.01303	0.01557	0.01289	0.01062	0.01730	0.01619	0.02448	0.06161	0.17088	0.03374	0.02993	0.18902	0.00585	0.01080	0.14916	0.00608	0.00793
148	0.01848	0.02571	0.23896	0.05583	0.03049	0.05106	0.13472	0.02549	0.04374	0.07280	0.12234	0.03003	0.05486	0.01009	0.00862	0.00258	0.01004	0.00906	0.00555	0.04954
149	0.26332	0.04786	0.05603	0.02104	0.08830	0.01726	0.16050	0.02225	0.01736	0.02888	0.03039	0.03210	0.16098	0.01061	0.00782	0.00264	0.00849	0.00920	0.00526	0.00973
150	0.23338	0.11892	0.20658	0.02323	0.11716	0.02075	0.08139	0.02521	0.01687	0.02873	0.01379	0.01673	0.01079	0.00748	0.00691	0.00242	0.00965	0.00593	0.00421	0.04987
151	0.06101	0.10124	0.23575	0.02008	0.02747	0.23394	0.04589	0.05704	0.02057	0.02519	0.02098	0.02264	0.07495	0.00940	0.00766	0.00240	0.01163	0.00699	0.00454	0.01060
152	0.01484	0.02816	0.35409	0.01789	0.02554	0.04739	0.02034	0.02103	0.01830	0.02453	0.03847	0.07643	0.19571	0.01395	0.00889	0.00281	0.00934	0.06700	0.00533	0.00995
153	0.02073	0.15996	0.18323	0.02145	0.02902	0.02254	0.13142	0.13882	0.02121	0.02900	0.01611	0.01964	0.01276	0.01379	0.07688	0.00356	0.04572	0.00703	0.00472	0.04242

[dist]
# distance from previous block
# <min> <max>
24	72

[block]
# block no. 5 follows, 22 sequences, length 19
# corresponding to MSA columns:
# 487-505
name=unknown_F
#
# <colnr> <probs for GDERKNQSTAVLIFYWHMCP>
#	G	D	E	R	K	N	Q	S	T	A	V	L	I	F	Y	W	H	M	C	P
0	0.02685	0.23466	0.03024	0.02135	0.06743	0.39699	0.01630	0.02931	0.02053	0.02054	0.01252	0.01510	0.01087	0.00846	0.00825	0.00216	0.05893	0.00535	0.00401	0.01014
1	0.03114	0.03629	0.02382	0.02094	0.02570	0.54324	0.01600	0.15377	0.02669	0.02682	0.01428	0.01599	0.01140	0.00885	0.00766	0.00221	0.01380	0.00578	0.00510	0.01054
2	0.02032	0.02249	0.05723	0.03065	0.20530	0.12923	0.15023	0.02688	0.08008	0.02594	0.02576	0.03374	0.06866	0.01072	0.00894	0.00270	0.01072	0.07418	0.00523	0.01099
3	0.01778	0.01491	0.01630	0.01512	0.01899	0.01660	0.01184	0.03475	0.43993	0.03260	0.13052	0.04556	0.08518	0.01402	0.00905	0.00288	0.00610	0.06810	0.00842	0.01134
4	0.01034	0.00753	0.00974	0.01110	0.01202	0.00694	0.00759	0.01222	0.01733	0.02313	0.13996	0.54671	0.11635	0.02419	0.01041	0.00321	0.00463	0.02175	0.00793	0.00694
5	0.02844	0.03595	0.14621	0.02124	0.02766	0.37938	0.01877	0.18815	0.02647	0.02988	0.01510	0.01677	0.01157	0.00880	0.00778	0.00233	0.01293	0.00606	0.00519	0.01132
6	0.03103	0.03959	0.02354	0.02140	0.02568	0.67469	0.01605	0.03317	0.02354	0.02033	0.01284	0.01498	0.01070	0.00856	0.00749	0.00214	0.01498	0.00535	0.00428	0.00963
