[name]
unknown

[dist]
# distance from previous block
# <min> <max>
0	38

[block]
# block no. 0 follows, 21 sequences, length 129
# corresponding to MSA columns:
# 38-166
name=unknown_A
#
# <colnr> <probs for GDERKNQSTAVLIFYWHMCP>
#	G	D	E	R	K	N	Q	S	T	A	V	L	I	F	Y	W	H	M	C	P
0	0.02464	0.01888	0.02061	0.01707	0.02232	0.02048	0.01362	0.32105	0.17394	0.04115	0.02719	0.08612	0.02322	0.05009	0.01064	0.00299	0.00798	0.03832	0.00800	0.07169
1	0.02136	0.38337	0.25134	0.02104	0.07096	0.07448	0.02127	0.02665	0.01817	0.02299	0.01339	0.01577	0.01105	0.00769	0.00673	0.00220	0.01082	0.00542	0.00372	0.01159
2	0.01104	0.00857	0.01004	0.00986	0.01214	0.00757	0.00732	0.01404	0.02143	0.02826	0.35153	0.11813	0.32964	0.01993	0.01011	0.00282	0.00421	0.01718	0.00861	0.00757
3	0.01741	0.08431	0.61957	0.02367	0.03592	0.02061	0.03041	0.02686	0.01793	0.02653	0.01506	0.01770	0.01079	0.00804	0.00793	0.00264	0.01237	0.00618	0.00360	0.01248
4	0.02899	0.02060	0.02196	0.01721	0.02304	0.02263	0.01409	0.49740	0.03550	0.04917	0.02192	0.02273	0.01597	0.01015	0.00799	0.00244	0.00827	0.00772	0.15908	0.01314
5	0.02099	0.02390	0.08818	0.04383	0.39586	0.05242	0.19506	0.02690	0.01970	0.02724	0.01615	0.02108	0.01298	0.00756	0.00882	0.00262	0.01178	0.00808	0.00420	0.01266
6	0.02796	0.10785	0.02675	0.02122	0.02497	0.45967	0.01671	0.03014	0.02098	0.02067	0.01258	0.01587	0.01100	0.00993	0.01181	0.00248	0.15957	0.00581	0.00416	0.00986
7	0.03088	0.02269	0.02435	0.01882	0.02513	0.02506	0.01537	0.57487	0.03798	0.05091	0.02090	0.02302	0.01568	0.06095	0.01107	0.00297	0.00928	0.00801	0.00827	0.01379
8	0.01866	0.01989	0.03898	0.02905	0.03451	0.02064	0.39612	0.02362	0.01741	0.02421	0.01724	0.02666	0.01510	0.10798	0.01878	0.00383	0.16312	0.00980	0.00430	0.01009
9	0.01080	0.00792	0.01024	0.01193	0.01298	0.00736	0.00852	0.01273	0.01721	0.02244	0.05227	0.52191	0.13946	0.02548	0.01087	0.00344	0.00526	0.10419	0.00789	0.00708
10	0.01063	0.00864	0.00941	0.00922	0.01184	0.00743	0.00691	0.01331	0.02074	0.02617	0.24557	0.07666	0.48304	0.02036	0.01005	0.00282	0.00423	0.01723	0.00832	0.00743
11	0.01465	0.01144	0.01363	0.01260	0.01541	0.01179	0.00959	0.02440	0.19810	0.03455	0.46924	0.05447	0.06476	0.01572	0.00964	0.00274	0.00479	0.01374	0.00917	0.00959
12	0.03179	0.04056	0.02412	0.02192	0.02631	0.66676	0.01644	0.03398	0.02412	0.02083	0.01315	0.01535	0.01096	0.00877	0.00767	0.00219	0.01535	0.00548	0.00438	0.00987
13	0.01586	0.00793	0.00793	0.00793	0.00991	0.00793	0.00595	0.01983	0.01785	0.03173	0.02776	0.03173	0.02181	0.00991	0.00595	0.00198	0.00397	0.00793	0.74817	0.00793
14	0.01006	0.00862	0.00862	0.00862	0.01149	0.00718	0.00647	0.01221	0.01940	0.02299	0.08621	0.08190	0.64438	0.02155	0.01006	0.00287	0.00431	0.01796	0.00790	0.00718
15	0.03195	0.03578	0.02452	0.02125	0.02633	0.48359	0.01637	0.20145	0.02866	0.03021	0.01524	0.01680	0.01197	0.00918	0.00791	0.00230	0.01364	0.00610	0.00557	0.01118
16	0.02066	0.01981	0.03382	0.10238	0.60081	0.02012	0.02592	0.02577	0.01919	0.02732	0.01594	0.02119	0.01331	0.00766	0.00843	0.00255	0.01021	0.00758	0.00418	0.01316
17	0.01037	0.00741	0.00987	0.01185	0.01234	0.00691	0.00790	0.01185	0.01629	0.02172	0.04690	0.69537	0.05629	0.02666	0.01086	0.00346	0.00494	0.02419	0.00790	0.00691
18	0.01815	0.01865	0.03122	0.02508	0.02759	0.02269	0.18860	0.02149	0.01540	0.02255	0.01677	0.09311	0.01655	0.01396	0.02096	0.00345	0.41977	0.01000	0.00434	0.00967
19	0.02106	0.02022	0.03454	0.05223	0.64784	0.02022	0.02612	0.02612	0.01938	0.02780	0.01601	0.02106	0.01348	0.00758	0.00842	0.00253	0.01011	0.00758	0.00421	0.01348
20	0.02106	0.02022	0.03454	0.05223	0.64784	0.02022	0.02612	0.02612	0.01938	0.02780	0.01601	0.02106	0.01348	0.00758	0.00842	0.00253	0.01011	0.00758	0.00421	0.01348
21	0.03182	0.03954	0.02420	0.02178	0.02631	0.62778	0.01643	0.06962	0.02508	0.02282	0.01360	0.01566	0.01118	0.00886	0.00772	0.00221	0.01498	0.00561	0.00464	0.01015
22	0.01035	0.00749	0.00979	0.01162	0.01228	0.00693	0.00780	0.01187	0.01651	0.02181	0.04965	0.65257	0.09731	0.02630	0.01081	0.00342	0.00489	0.02376	0.00790	0.00693
23	0.02009	0.02296	0.05022	0.03587	0.04448	0.02152	0.61693	0.02726	0.02009	0.02726	0.01722	0.02296	0.01291	0.00717	0.01004	0.00287	0.01435	0.01004	0.00430	0.01148
24	0.02117	0.01828	0.01924	0.01732	0.02213	0.02117	0.01347	0.04522	0.63246	0.03560	0.03464	0.03175	0.02598	0.01155	0.00866	0.00289	0.00673	0.00962	0.00866	0.01347
25	0.02106	0.02022	0.03454	0.05223	0.64784	0.02022	0.02612	0.02612	0.01938	0.02780	0.01601	0.02106	0.01348	0.00758	0.00842	0.00253	0.01011	0.00758	0.00421	0.01348
26	0.01037	0.00741	0.00987	0.01185	0.01234	0.00691	0.00790	0.01185	0.01629	0.02172	0.04690	0.69537	0.05629	0.02666	0.01086	0.00346	0.00494	0.02419	0.00790	0.00691
27	0.02106	0.02022	0.03454	0.05223	0.64784	0.02022	0.02612	0.02612	0.01938	0.02780	0.01601	0.02106	0.01348	0.00758	0.00842	0.00253	0.01011	0.00758	0.00421	0.01348
28	0.14135	0.01533	0.01906	0.01485	0.02125	0.01430	0.01226	0.07429	0.02390	0.52905	0.02966	0.02628	0.01897	0.01014	0.00808	0.00263	0.00728	0.00794	0.00966	0.01373
29	0.01018	0.00814	0.00912	0.00989	0.01183	0.00708	0.00703	0.01207	0.01817	0.02249	0.07071	0.32377	0.41251	0.02357	0.01037	0.00310	0.00456	0.02042	0.00790	0.00708
30	0.03192	0.03681	0.02444	0.02140	0.02633	0.52316	0.01638	0.16527	0.02768	0.02818	0.01479	0.01649	0.01175	0.00909	0.00786	0.00227	0.01401	0.00597	0.00531	0.01090
31	0.01869	0.23338	0.48171	0.02148	0.03254	0.02374	0.02661	0.02653	0.01777	0.02497	0.01429	0.01673	0.01082	0.00786	0.00733	0.00244	0.01158	0.00579	0.00361	0.01210
32	0.01037	0.00741	0.00987	0.01185	0.01234	0.00691	0.00790	0.01185	0.01629	0.02172	0.04690	0.69537	0.05629	0.02666	0.01086	0.00346	0.00494	0.02419	0.00790	0.00691
33	0.01443	0.01112	0.01291	0.01270	0.01550	0.01099	0.00998	0.08218	0.07082	0.02923	0.14054	0.15935	0.24085	0.02006	0.01024	0.00311	0.00582	0.13327	0.00822	0.00869
34	0.09439	0.02095	0.02399	0.01955	0.02467	0.09760	0.10447	0.25011	0.02697	0.03663	0.04583	0.16658	0.02464	0.01316	0.00889	0.00276	0.00944	0.01130	0.00696	0.01110
35	0.01641	0.01547	0.02179	0.01944	0.01981	0.02085	0.01583	0.01847	0.01352	0.02047	0.01741	0.09489	0.01811	0.02613	0.15621	0.00572	0.47683	0.00960	0.00435	0.00870
36	0.01037	0.00741	0.00987	0.01185	0.01234	0.00691	0.00790	0.01185	0.01629	0.02172	0.04690	0.69537	0.05629	0.02666	0.01086	0.00346	0.00494	0.02419	0.00790	0.00691
37	0.03028	0.02762	0.02479	0.07287	0.02871	0.20867	0.01670	0.37285	0.06606	0.04072	0.01870	0.01978	0.01385	0.00974	0.00828	0.00249	0.01109	0.00714	0.00696	0.01270
38	0.02111	0.02373	0.08650	0.04361	0.41336	0.05509	0.15335	0.02752	0.04120	0.02752	0.01671	0.02129	0.01345	0.00774	0.00872	0.00261	0.01138	0.00797	0.00435	0.01278
39	0.01422	0.00997	0.01432	0.01335	0.01532	0.01113	0.04188	0.01774	0.01543	0.02435	0.02358	0.03147	0.02046	0.03941	0.36766	0.00850	0.05208	0.00866	0.26245	0.00802
40	0.08402	0.42680	0.06646	0.01670	0.02343	0.16587	0.01549	0.07095	0.02022	0.02445	0.01292	0.01474	0.01105	0.00790	0.00627	0.00206	0.01042	0.00507	0.00428	0.01090
41	0.01808	0.12337	0.53202	0.02530	0.08376	0.02151	0.02895	0.02670	0.01800	0.02617	0.01491	0.01768	0.01101	0.00795	0.00779	0.00257	0.01195	0.00618	0.00365	0.01245
42	0.02526	0.49216	0.06321	0.01522	0.02259	0.02805	0.01476	0.05970	0.01970	0.12550	0.01615	0.01690	0.01285	0.00795	0.00628	0.00200	0.00880	0.00547	0.00510	0.05238
43	0.02132	0.03184	0.36840	0.02081	0.03012	0.01918	0.02317	0.03469	0.21047	0.11782	0.02388	0.02381	0.01697	0.00951	0.00833	0.00275	0.01000	0.00765	0.00615	0.01312
44	0.01103	0.00831	0.01020	0.01047	0.01228	0.00748	0.00757	0.01382	0.02060	0.02758	0.32280	0.24922	0.22525	0.02117	0.01028	0.00295	0.00436	0.01860	0.00855	0.00748
45	0.15124	0.02617	0.02162	0.01797	0.02346	0.20693	0.01431	0.30756	0.02954	0.04001	0.01750	0.01876	0.01317	0.00940	0.00754	0.00242	0.01020	0.00655	0.06388	0.01178
46	0.02132	0.07770	0.02431	0.01973	0.02189	0.20659	0.01595	0.02360	0.01668	0.02039	0.01431	0.02049	0.01328	0.02312	0.15865	0.00529	0.29639	0.00702	0.00409	0.00923
47	0.01094	0.00789	0.00996	0.01096	0.01190	0.00734	0.00740	0.01276	0.01753	0.02348	0.16162	0.42681	0.11334	0.11884	0.01517	0.00392	0.00517	0.02026	0.00780	0.00691
48	0.01238	0.00825	0.00928	0.00928	0.00928	0.00825	0.00516	0.01238	0.01238	0.01650	0.02681	0.05569	0.03094	0.70092	0.04331	0.00825	0.00825	0.01238	0.00516	0.00516
49	0.02711	0.01968	0.02199	0.01650	0.02359	0.01940	0.01350	0.33931	0.03003	0.09298	0.01945	0.02005	0.01429	0.00872	0.00766	0.00206	0.00800	0.00672	0.00733	0.30163
50	0.03146	0.02331	0.02506	0.01916	0.02601	0.02548	0.01580	0.58306	0.03865	0.05206	0.02011	0.02026	0.01436	0.00998	0.00838	0.00248	0.00918	0.00750	0.00830	0.05942
51	0.01236	0.00831	0.00961	0.00961	0.00972	0.00843	0.00556	0.01258	0.01247	0.01674	0.02652	0.05405	0.03023	0.65394	0.08933	0.00865	0.00932	0.01214	0.00511	0.00534
52	0.01153	0.00872	0.01075	0.01165	0.01311	0.00835	0.00819	0.01546	0.06999	0.02528	0.15782	0.43961	0.14164	0.02301	0.01042	0.00319	0.00483	0.02051	0.00823	0.00770
53	0.03216	0.02964	0.02505	0.02039	0.02636	0.24853	0.01627	0.41636	0.03450	0.04225	0.01791	0.01867	0.01325	0.00971	0.00822	0.00243	0.01144	0.00691	0.00708	0.01287
54	0.01157	0.00868	0.01071	0.01021	0.01242	0.00783	0.00765	0.01514	0.02296	0.03145	0.50960	0.06797	0.21571	0.01840	0.01004	0.00272	0.00409	0.01601	0.00902	0.00783
55	0.01216	0.00912	0.01368	0.01368	0.01520	0.01064	0.01064	0.01520	0.01368	0.01976	0.02279	0.03343	0.02127	0.06382	0.66720	0.01368	0.02279	0.00912	0.00456	0.00760
56	0.02087	0.01999	0.03305	0.04798	0.56444	0.02074	0.02484	0.02669	0.05167	0.02764	0.01662	0.02144	0.01396	0.00838	0.00999	0.00264	0.06382	0.00768	0.00441	0.01315
57	0.02165	0.02133	0.03397	0.05058	0.61381	0.05561	0.02559	0.02655	0.01964	0.02742	0.01585	0.02075	0.01334	0.00765	0.00838	0.00251	0.01040	0.00747	0.00422	0.01328
58	0.01037	0.00741	0.00987	0.01185	0.01234	0.00691	0.00790	0.01185	0.01629	0.02172	0.04690	0.69537	0.05629	0.02666	0.01086	0.00346	0.00494	0.02419	0.00790	0.00691
59	0.01006	0.00862	0.00862	0.00862	0.01149	0.00718	0.00647	0.01221	0.01940	0.02299	0.08621	0.08190	0.64438	0.02155	0.01006	0.00287	0.00431	0.01796	0.00790	0.00718
60	0.01221	0.00892	0.01270	0.01270	0.01388	0.01011	0.00942	0.01457	0.01339	0.01903	0.02369	0.03840	0.02343	0.20591	0.52806	0.01247	0.01955	0.00984	0.00469	0.00705
61	0.01862	0.01862	0.02607	0.02234	0.02234	0.02607	0.01862	0.02048	0.01303	0.02048	0.01117	0.01862	0.01117	0.01489	0.02793	0.00372	0.68535	0.00745	0.00372	0.00931
62	0.01803	0.01547	0.01782	0.01311	0.02038	0.01241	0.01045	0.02400	0.08419	0.02858	0.01724	0.01917	0.01405	0.00687	0.00656	0.00144	0.00635	0.00554	0.00543	0.67291
63	0.03183	0.03922	0.02423	0.02174	0.02632	0.61565	0.01642	0.08071	0.02538	0.02345	0.01374	0.01575	0.01124	0.00888	0.00774	0.00222	0.01487	0.00566	0.00471	0.01023
64	0.01269	0.00895	0.01285	0.01285	0.01444	0.01025	0.00997	0.01586	0.01427	0.02147	0.02351	0.03319	0.02135	0.05610	0.57250	0.01200	0.02010	0.00895	0.11105	0.00765
65	0.22149	0.03057	0.02140	0.01888	0.02343	0.37224	0.01470	0.09824	0.02255	0.02913	0.01350	0.01580	0.01093	0.00920	0.00876	0.00247	0.06584	0.00566	0.00504	0.01018
66	0.01056	0.00776	0.00991	0.01122	0.01227	0.00711	0.00771	0.01250	0.01785	0.02368	0.13772	0.51728	0.14394	0.02461	0.01063	0.00326	0.00472	0.02204	0.00811	0.00711
67	0.01607	0.01513	0.02552	0.68047	0.05861	0.01891	0.02363	0.02174	0.01702	0.02174	0.01513	0.02269	0.01134	0.00851	0.00851	0.00284	0.01134	0.00756	0.00378	0.00945
68	0.01707	0.04402	0.65683	0.02426	0.03683	0.01976	0.03144	0.02695	0.01797	0.02695	0.01527	0.01797	0.01078	0.00809	0.00809	0.00270	0.01258	0.00629	0.00359	0.01258
69	0.03107	0.03148	0.02424	0.02046	0.02580	0.34615	0.01604	0.29661	0.03076	0.03554	0.01691	0.01853	0.01305	0.01213	0.04056	0.00292	0.01302	0.00664	0.00625	0.01183
70	0.01037	0.00741	0.00987	0.01185	0.01234	0.00691	0.00790	0.01185	0.01629	0.02172	0.04690	0.69537	0.05629	0.02666	0.01086	0.00346	0.00494	0.02419	0.00790	0.00691
71	0.03179	0.04056	0.02412	0.02192	0.02631	0.66676	0.01644	0.03398	0.02412	0.02083	0.01315	0.01535	0.01096	0.00877	0.00767	0.00219	0.01535	0.00548	0.00438	0.00987
72	0.01137	0.00852	0.01112	0.04009	0.01459	0.00803	0.00867	0.01422	0.01995	0.02691	0.28401	0.30668	0.14740	0.02139	0.01036	0.00306	0.00489	0.04291	0.00829	0.00754
73	0.01727	0.00929	0.00943	0.00893	0.01132	0.00951	0.00682	0.07098	0.01974	0.03360	0.02714	0.03076	0.02119	0.00994	0.00617	0.00203	0.00443	0.00791	0.68507	0.00849
74	0.01037	0.00741	0.00987	0.01185	0.01234	0.00691	0.00790	0.01185	0.01629	0.02172	0.04690	0.69537	0.05629	0.02666	0.01086	0.00346	0.00494	0.02419	0.00790	0.00691
75	0.02038	0.02060	0.03831	0.09769	0.42823	0.02049	0.19491	0.02609	0.01939	0.02716	0.01628	0.02173	0.01315	0.00754	0.00889	0.00265	0.01142	0.00828	0.00420	0.01259
76	0.01033	0.00756	0.00972	0.01145	0.01224	0.00695	0.00772	0.01189	0.01668	0.02188	0.05181	0.61884	0.12965	0.02602	0.01076	0.00338	0.00486	0.02342	0.00790	0.00695
77	0.01238	0.00825	0.00928	0.00928	0.00928	0.00825	0.00516	0.01238	0.01238	0.01650	0.02681	0.05569	0.03094	0.70092	0.04331	0.00825	0.00825	0.01238	0.00516	0.00516
78	0.01006	0.00862	0.00862	0.00862	0.01149	0.00718	0.00647	0.01221	0.01940	0.02299	0.08621	0.08190	0.64438	0.02155	0.01006	0.00287	0.00431	0.01796	0.00790	0.00718
79	0.01804	0.03010	0.31125	0.02784	0.16350	0.06260	0.05313	0.02497	0.02010	0.02825	0.14865	0.02838	0.02623	0.00996	0.00864	0.00263	0.01051	0.00863	0.00504	0.01156
80	0.01963	0.01876	0.03196	0.23193	0.47930	0.01984	0.02541	0.02487	0.01870	0.02607	0.01576	0.02153	0.01287	0.00785	0.00845	0.00262	0.01046	0.00758	0.00409	0.01233
81	0.01272	0.00911	0.01009	0.00958	0.01257	0.00779	0.00728	0.01536	0.02079	0.07569	0.20023	0.07378	0.47494	0.01979	0.00993	0.00281	0.00448	0.01666	0.00842	0.00795
82	0.02260	0.02313	0.03305	0.04789	0.55883	0.11281	0.02473	0.02724	0.02006	0.02680	0.01560	0.02024	0.01312	0.00775	0.00832	0.00248	0.01086	0.00728	0.00424	0.01296
83	0.02175	0.01870	0.02364	0.02723	0.20109	0.02059	0.01705	0.03962	0.43533	0.05550	0.02927	0.02859	0.02223	0.01038	0.00859	0.00277	0.00772	0.00900	0.00745	0.01351
84	0.02070	0.01985	0.03388	0.09838	0.60456	0.02012	0.02593	0.02580	0.01920	0.02736	0.01594	0.02118	0.01332	0.00765	0.00843	0.00255	0.01020	0.00758	0.00418	0.01318
85	0.01006	0.00862	0.00862	0.00862	0.01149	0.00718	0.00647	0.01221	0.01940	0.02299	0.08621	0.08190	0.64438	0.02155	0.01006	0.00287	0.00431	0.01796	0.00790	0.00718
86	0.02106	0.02022	0.03454	0.05223	0.64784	0.02022	0.02612	0.02612	0.01938	0.02780	0.01601	0.02106	0.01348	0.00758	0.00842	0.00253	0.01011	0.00758	0.00421	0.01348
87	0.02433	0.01824	0.02432	0.12193	0.22150	0.07851	0.01796	0.02828	0.02044	0.18603	0.02514	0.06631	0.04641	0.01028	0.00844	0.00253	0.00915	0.00890	0.00625	0.07504
88	0.01862	0.01862	0.02607	0.02234	0.02234	0.02607	0.01862	0.02048	0.01303	0.02048	0.01117	0.01862	0.01117	0.01489	0.02793	0.00372	0.68535	0.00745	0.00372	0.00931
89	0.01031	0.00765	0.00962	0.01119	0.01217	0.00697	0.00761	0.01192	0.01692	0.02198	0.05491	0.57049	0.17600	0.02562	0.01070	0.00334	0.00481	0.02292	0.00790	0.00697
90	0.02740	0.02721	0.03223	0.07759	0.03411	0.18981	0.18868	0.25113	0.02837	0.03507	0.01721	0.02002	0.01287	0.00884	0.00873	0.00257	0.01249	0.00777	0.00587	0.01203
91	0.01366	0.01082	0.01254	0.01174	0.01455	0.01078	0.00891	0.02175	0.15877	0.03209	0.38922	0.06037	0.18803	0.01698	0.00973	0.00277	0.00468	0.01465	0.00890	0.00906
92	0.01223	0.00819	0.00933	0.00947	0.00951	0.00815	0.00536	0.01234	0.01266	0.01688	0.02829	0.10267	0.03280	0.65140	0.04093	0.00790	0.00801	0.01324	0.00536	0.00529
93	0.01144	0.00760	0.00951	0.01092	0.01156	0.00725	0.00723	0.01306	0.01595	0.02240	0.04129	0.50898	0.04773	0.12083	0.01481	0.00393	0.00527	0.02018	0.11323	0.00681
94	0.01765	0.01513	0.01765	0.01260	0.02017	0.01134	0.01008	0.02143	0.01765	0.02773	0.01513	0.01765	0.01260	0.00630	0.00630	0.00126	0.00630	0.00504	0.00504	0.75295
95	0.01681	0.01451	0.01755	0.01356	0.01939	0.01237	0.01073	0.02009	0.01697	0.02617	0.01880	0.10525	0.01809	0.00986	0.00923	0.00181	0.07963	0.00777	0.00527	0.57613
96	0.01037	0.00741	0.00987	0.01185	0.01234	0.00691	0.00790	0.01185	0.01629	0.02172	0.04690	0.69537	0.05629	0.02666	0.01086	0.00346	0.00494	0.02419	0.00790	0.00691
97	0.01221	0.00822	0.00951	0.00967	0.00977	0.00824	0.00560	0.01245	0.01274	0.01705	0.02825	0.10583	0.03256	0.62094	0.06635	0.00809	0.00858	0.01318	0.00535	0.00540
98	0.01094	0.00850	0.00995	0.00991	0.01212	0.00751	0.00731	0.01381	0.02101	0.02758	0.31897	0.15034	0.33066	0.02042	0.01015	0.00286	0.00426	0.01764	0.00853	0.00751
99	0.03235	0.02384	0.02554	0.01958	0.02639	0.02639	0.01618	0.61946	0.04001	0.05363	0.02043	0.02043	0.01447	0.01022	0.00851	0.00255	0.00936	0.00766	0.00851	0.01447
100	0.01237	0.00931	0.01105	0.01175	0.01306	0.00931	0.00801	0.01697	0.10440	0.02336	0.07317	0.38163	0.10395	0.16083	0.01704	0.00426	0.00577	0.01869	0.00752	0.00757
101	0.01238	0.00825	0.00928	0.00928	0.00928	0.00825	0.00516	0.01238	0.01238	0.01650	0.02681	0.05569	0.03094	0.70092	0.04331	0.00825	0.00825	0.01238	0.00516	0.00516
102	0.02275	0.70604	0.04459	0.01456	0.02184	0.03367	0.01456	0.02548	0.01729	0.02002	0.01183	0.01365	0.01092	0.00728	0.00546	0.00182	0.00910	0.00455	0.00364	0.01092
103	0.01250	0.00949	0.01381	0.01363	0.01491	0.01114	0.01044	0.01515	0.01350	0.01944	0.02266	0.03511	0.02182	0.13037	0.56816	0.01260	0.05388	0.00939	0.00458	0.00742
104	0.03207	0.03210	0.02484	0.02074	0.02635	0.34270	0.01631	0.33027	0.03216	0.03743	0.01684	0.01792	0.01274	0.00950	0.00810	0.00238	0.01232	0.00658	0.00647	0.01220
105	0.02076	0.01991	0.03399	0.09047	0.61197	0.02014	0.02597	0.02585	0.01923	0.02743	0.01595	0.02116	0.01335	0.00764	0.00843	0.00255	0.01019	0.00758	0.00419	0.01323
106	0.03187	0.03821	0.02432	0.02159	0.02632	0.57667	0.01641	0.11634	0.02635	0.02544	0.01418	0.01606	0.01146	0.00897	0.00779	0.00224	0.01451	0.00579	0.00497	0.01051
107	0.01204	0.00870	0.01138	0.01071	0.01271	0.00803	0.00803	0.01606	0.02409	0.03413	0.64335	0.06357	0.08030	0.01740	0.01004	0.00268	0.00401	0.01539	0.00937	0.00803
108	0.02367	0.02539	0.03127	0.07773	0.44985	0.19331	0.02339	0.02799	0.02052	0.02561	0.01520	0.01962	0.01269	0.00795	0.00823	0.00245	0.01158	0.00702	0.00424	0.01230
109	0.02252	0.02352	0.02875	0.02560	0.08329	0.16753	0.14349	0.06349	0.06908	0.02661	0.01779	0.02217	0.01457	0.01390	0.06047	0.00356	0.13832	0.00791	0.05672	0.01070
110	0.01048	0.00856	0.00926	0.00924	0.01179	0.00734	0.00687	0.01297	0.02016	0.02518	0.19723	0.11551	0.49376	0.02102	0.01010	0.00287	0.00429	0.01782	0.00820	0.00734
111	0.03517	0.01931	0.02274	0.01743	0.02413	0.01967	0.01440	0.33965	0.03243	0.34415	0.02679	0.02456	0.01766	0.01037	0.00853	0.00259	0.00834	0.00810	0.00949	0.01448
112	0.19081	0.02189	0.02487	0.05202	0.20296	0.07681	0.01763	0.22245	0.02560	0.06221	0.01695	0.01913	0.01286	0.00877	0.00770	0.00255	0.00946	0.00680	0.00611	0.01244
113	0.04792	0.21770	0.46979	0.02118	0.03207	0.02341	0.02611	0.02649	0.01765	0.02556	0.01423	0.01666	0.01076	0.00787	0.00728	0.00246	0.01142	0.00576	0.00367	0.01201
114	0.01006	0.00862	0.00862	0.00862	0.01149	0.00718	0.00647	0.01221	0.01940	0.02299	0.08621	0.08190	0.64438	0.02155	0.01006	0.00287	0.00431	0.01796	0.00790	0.00718
115	0.01037	0.00741	0.00987	0.01185	0.01234	0.00691	0.00790	0.01185	0.01629	0.02172	0.04690	0.69537	0.05629	0.02666	0.01086	0.00346	0.00494	0.02419	0.00790	0.00691
116	0.02326	0.01737	0.02016	0.01685	0.02147	0.01879	0.04227	0.29842	0.11586	0.04003	0.02891	0.16692	0.02590	0.01371	0.00876	0.00273	0.00757	0.01160	0.10772	0.01170
117	0.01276	0.00997	0.01157	0.01202	0.01415	0.00977	0.00877	0.04042	0.09822	0.02594	0.08747	0.34778	0.22157	0.02197	0.01025	0.00316	0.00523	0.04266	0.00810	0.00823
118	0.01040	0.00836	0.00933	0.01003	0.01216	0.00729	0.00738	0.01249	0.01853	0.02280	0.07220	0.25673	0.43619	0.02314	0.01040	0.00311	0.00473	0.05967	0.00790	0.00715
119	0.01238	0.00825	0.00928	0.00928	0.00928	0.00825	0.00516	0.01238	0.01238	0.01650	0.02681	0.05569	0.03094	0.70092	0.04331	0.00825	0.00825	0.01238	0.00516	0.00516
120	0.01765	0.01513	0.01765	0.01260	0.02017	0.01134	0.01008	0.02143	0.01765	0.02773	0.01513	0.01765	0.01260	0.00630	0.00630	0.00126	0.00630	0.00504	0.00504	0.75295
121	0.01673	0.01534	0.02070	0.07754	0.20032	0.05278	0.01535	0.02010	0.01800	0.02468	0.02673	0.26361	0.02843	0.01435	0.00882	0.00260	0.00785	0.01291	0.00570	0.16748
122	0.02181	0.02164	0.03381	0.05012	0.60448	0.06533	0.02544	0.02667	0.01971	0.02732	0.01581	0.02066	0.01330	0.00767	0.00837	0.00250	0.01048	0.00744	0.00422	0.01323
123	0.25764	0.06790	0.33671	0.01845	0.02720	0.05489	0.02092	0.02587	0.01757	0.03037	0.05769	0.01944	0.01514	0.00867	0.00715	0.00260	0.01001	0.00624	0.00458	0.01094
124	0.05724	0.16395	0.10938	0.02406	0.15482	0.14169	0.01754	0.02450	0.01853	0.02356	0.02096	0.07343	0.04673	0.07595	0.01106	0.00298	0.01020	0.00842	0.00464	0.01038
125	0.13252	0.01485	0.04588	0.01365	0.01759	0.01451	0.01110	0.08860	0.12960	0.05512	0.12025	0.16910	0.06532	0.01491	0.00859	0.00281	0.00621	0.01250	0.06687	0.01005
126	0.02310	0.08841	0.15206	0.03152	0.16328	0.16174	0.17317	0.05745	0.02116	0.02661	0.01542	0.01907	0.01212	0.00793	0.00836	0.00251	0.01265	0.00726	0.00432	0.01185
127	0.02071	0.03432	0.29448	0.15608	0.03631	0.20509	0.02366	0.02705	0.02003	0.02470	0.06476	0.02181	0.01650	0.00911	0.00821	0.00258	0.01244	0.00704	0.00432	0.01080
128	0.20088	0.07245	0.19326	0.04616	0.05924	0.02012	0.01822	0.13042	0.02114	0.05553	0.01833	0.05975	0.01491	0.00966	0.00741	0.00260	0.00905	0.00738	0.04212	0.01140

[dist]
# distance from previous block
# <min> <max>
0	16

[block]
# block no. 1 follows, 21 sequences, length 94
# corresponding to MSA columns:
# 183-276
name=unknown_B
#
# <colnr> <probs for GDERKNQSTAVLIFYWHMCP>
#	G	D	E	R	K	N	Q	S	T	A	V	L	I	F	Y	W	H	M	C	P
0	0.06262	0.05496	0.29102	0.08057	0.05808	0.01826	0.05631	0.04769	0.01900	0.02856	0.05316	0.02118	0.01567	0.00831	0.00777	0.00239	0.01013	0.00687	0.00460	0.15285
1	0.01996	0.06429	0.14629	0.03258	0.29905	0.04551	0.02147	0.02594	0.04222	0.05953	0.09012	0.02962	0.06674	0.01008	0.00846	0.00256	0.00938	0.00879	0.00538	0.01201
2	0.02168	0.02462	0.11253	0.04548	0.50661	0.05946	0.02579	0.05166	0.02035	0.02836	0.01593	0.02030	0.01303	0.00783	0.00834	0.00253	0.01071	0.00729	0.00433	0.01319
3	0.02298	0.06408	0.12432	0.05982	0.27724	0.01992	0.07561	0.03057	0.08512	0.12588	0.02046	0.02277	0.01531	0.00852	0.00839	0.00261	0.01003	0.00780	0.00554	0.01301
4	0.06657	0.06370	0.14736	0.03790	0.35993	0.02025	0.06903	0.02763	0.01920	0.08392	0.01705	0.02048	0.01322	0.00791	0.00814	0.00256	0.01035	0.00727	0.00470	0.01285
5	0.02042	0.02235	0.09643	0.08039	0.55760	0.02011	0.02653	0.02599	0.01912	0.02742	0.01589	0.02083	0.01310	0.00768	0.00840	0.00256	0.01042	0.00745	0.00413	0.01319
6	0.13743	0.02276	0.05703	0.03288	0.30250	0.09645	0.01970	0.03130	0.15981	0.03034	0.01926	0.02156	0.01525	0.00871	0.00788	0.00260	0.00952	0.00728	0.00539	0.01234
7	0.02627	0.02952	0.03191	0.03449	0.24582	0.29449	0.11307	0.07283	0.02300	0.02665	0.01531	0.01889	0.01240	0.00821	0.00836	0.00244	0.01293	0.00708	0.00461	0.01171
8	0.13624	0.01319	0.01531	0.01374	0.04798	0.01190	0.01019	0.02380	0.01985	0.16436	0.10957	0.03988	0.16712	0.01235	0.00804	0.00237	0.00601	0.01006	0.00739	0.18065
9	0.31082	0.10322	0.02030	0.01497	0.02013	0.19210	0.01213	0.02896	0.01963	0.11704	0.07187	0.02079	0.01791	0.00928	0.00682	0.00242	0.00909	0.00635	0.00594	0.01022
10	0.02061	0.01976	0.03373	0.10858	0.59499	0.02010	0.02589	0.02573	0.01917	0.02726	0.01593	0.02121	0.01329	0.00767	0.00843	0.00256	0.01022	0.00758	0.00417	0.01312
11	0.01016	0.00823	0.00903	0.00967	0.01177	0.00710	0.00693	0.01210	0.01839	0.02258	0.07349	0.28050	0.45399	0.02321	0.01032	0.00306	0.00451	0.01998	0.00790	0.00710
12	0.01872	0.01783	0.03031	0.34713	0.37125	0.01960	0.02495	0.02406	0.01827	0.02496	0.01559	0.02183	0.01248	0.00802	0.00846	0.00267	0.01069	0.00757	0.00401	0.01159
13	0.01110	0.00793	0.01071	0.01268	0.01350	0.00754	0.00917	0.01311	0.01701	0.02254	0.04650	0.56462	0.05469	0.02597	0.01106	0.00356	0.00557	0.14774	0.00789	0.00711
14	0.01717	0.01778	0.03620	0.08651	0.03629	0.01777	0.36792	0.02287	0.01774	0.02434	0.01883	0.02631	0.01547	0.02559	0.22213	0.00636	0.01681	0.00952	0.00434	0.01004
15	0.02092	0.12040	0.43015	0.02375	0.05722	0.15410	0.02616	0.02819	0.01920	0.02491	0.01446	0.01704	0.01094	0.00811	0.00770	0.00248	0.01264	0.00597	0.00379	0.01186
16	0.12769	0.14153	0.46785	0.02084	0.03153	0.02180	0.02557	0.02644	0.01735	0.02754	0.01424	0.01669	0.01057	0.00793	0.00727	0.00255	0.01116	0.00577	0.00385	0.01183
17	0.02245	0.02589	0.02175	0.01957	0.02285	0.33303	0.06750	0.02509	0.02069	0.02249	0.06762	0.17689	0.02722	0.01702	0.04957	0.00336	0.05124	0.01124	0.00552	0.00903
18	0.02106	0.02022	0.03454	0.05223	0.64784	0.02022	0.02612	0.02612	0.01938	0.02780	0.01601	0.02106	0.01348	0.00758	0.00842	0.00253	0.01011	0.00758	0.00421	0.01348
19	0.01037	0.00741	0.00987	0.01185	0.01234	0.00691	0.00790	0.01185	0.01629	0.02172	0.04690	0.69537	0.05629	0.02666	0.01086	0.00346	0.00494	0.02419	0.00790	0.00691
20	0.01216	0.00912	0.01368	0.01368	0.01520	0.01064	0.01064	0.01520	0.01368	0.01976	0.02279	0.03343	0.02127	0.06382	0.66720	0.01368	0.02279	0.00912	0.00456	0.00760
21	0.18831	0.01939	0.07833	0.02024	0.06078	0.06319	0.10862	0.05762	0.01881	0.02906	0.02543	0.24135	0.02616	0.01417	0.00868	0.00290	0.00882	0.01250	0.00590	0.00973
22	0.05330	0.03115	0.02005	0.01835	0.02213	0.46800	0.01379	0.02916	0.02330	0.02482	0.13592	0.02580	0.02508	0.01049	0.00792	0.00229	0.01201	0.00754	0.05955	0.00935
23	0.01078	0.00865	0.00962	0.00938	0.01194	0.00749	0.00703	0.01361	0.02110	0.02704	0.28875	0.07524	0.43932	0.02004	0.01005	0.00280	0.00420	0.01703	0.00844	0.00749
24	0.02106	0.02022	0.03454	0.05223	0.64784	0.02022	0.02612	0.02612	0.01938	0.02780	0.01601	0.02106	0.01348	0.00758	0.00842	0.00253	0.01011	0.00758	0.00421	0.01348
25	0.02403	0.02438	0.02830	0.11752	0.29444	0.16917	0.02109	0.08906	0.09456	0.02894	0.01788	0.02115	0.01421	0.00870	0.00830	0.00253	0.01100	0.00735	0.00515	0.01224
26	0.01037	0.00741	0.00987	0.01185	0.01234	0.00691	0.00790	0.01185	0.01629	0.02172	0.04690	0.69537	0.05629	0.02666	0.01086	0.00346	0.00494	0.02419	0.00790	0.00691
27	0.02855	0.03441	0.02727	0.03109	0.21422	0.47129	0.01937	0.03160	0.02268	0.02294	0.01402	0.01707	0.01172	0.00841	0.00790	0.00229	0.01376	0.00612	0.00433	0.01096
28	0.01143	0.00859	0.01059	0.01027	0.01239	0.00774	0.00763	0.01480	0.02236	0.03047	0.46222	0.11411	0.21795	0.01910	0.01010	0.00278	0.00416	0.01667	0.00890	0.00774
29	0.03179	0.04056	0.02412	0.02192	0.02631	0.66676	0.01644	0.03398	0.02412	0.02083	0.01315	0.01535	0.01096	0.00877	0.00767	0.00219	0.01535	0.00548	0.00438	0.00987
30	0.01108	0.00881	0.00983	0.01040	0.01235	0.00810	0.00735	0.01430	0.05879	0.02291	0.06439	0.29583	0.34821	0.07218	0.01267	0.00347	0.00498	0.01922	0.00775	0.00736
31	0.01806	0.01515	0.01623	0.01471	0.01879	0.01665	0.01139	0.05675	0.39718	0.03367	0.13923	0.04585	0.15197	0.01432	0.00914	0.00284	0.00595	0.01204	0.00862	0.01146
32	0.03061	0.03859	0.02429	0.02196	0.02595	0.60930	0.01664	0.03277	0.02312	0.02080	0.01298	0.01564	0.01098	0.00932	0.00949	0.00233	0.07543	0.00566	0.00433	0.00982
33	0.01102	0.00768	0.00968	0.01102	0.01135	0.00734	0.00701	0.01202	0.01503	0.02004	0.04042	0.48879	0.04810	0.24441	0.02134	0.00500	0.00601	0.02038	0.00701	0.00635
34	0.01216	0.00912	0.01368	0.01368	0.01520	0.01064	0.01064	0.01520	0.01368	0.01976	0.02279	0.03343	0.02127	0.06382	0.66720	0.01368	0.02279	0.00912	0.00456	0.00760
35	0.03107	0.03920	0.02481	0.02395	0.06789	0.62351	0.01709	0.03346	0.02380	0.02129	0.01335	0.01573	0.01113	0.00869	0.00772	0.00221	0.01500	0.00562	0.00437	0.01011
36	0.01586	0.00793	0.00793	0.00793	0.00991	0.00793	0.00595	0.01983	0.01785	0.03173	0.02776	0.03173	0.02181	0.00991	0.00595	0.00198	0.00397	0.00793	0.74817	0.00793
37	0.01034	0.00751	0.00976	0.01156	0.01227	0.00694	0.00777	0.01188	0.01657	0.02184	0.05043	0.64035	0.10903	0.02620	0.01079	0.00340	0.00488	0.02363	0.00790	0.00694
38	0.01881	0.01784	0.02923	0.04329	0.51734	0.01755	0.02209	0.02327	0.01938	0.02682	0.03040	0.03354	0.14286	0.01045	0.00876	0.00260	0.00892	0.00971	0.00497	0.01219
39	0.01216	0.00912	0.01368	0.01368	0.01520	0.01064	0.01064	0.01520	0.01368	0.01976	0.02279	0.03343	0.02127	0.06382	0.66720	0.01368	0.02279	0.00912	0.00456	0.00760
40	0.01084	0.00865	0.00970	0.00944	0.01197	0.00752	0.00708	0.01372	0.02124	0.02736	0.30462	0.07471	0.42325	0.01992	0.01005	0.00280	0.00419	0.01695	0.00848	0.00752
41	0.20779	0.01898	0.02825	0.04003	0.45722	0.01954	0.02118	0.02663	0.01840	0.06244	0.01586	0.01965	0.01280	0.00781	0.00764	0.00256	0.00908	0.00689	0.00480	0.01246
42	0.15538	0.13667	0.11241	0.07727	0.02713	0.25553	0.01687	0.02739	0.01949	0.02489	0.01851	0.02068	0.05678	0.00919	0.00720	0.00239	0.01125	0.00639	0.00452	0.01006
43	0.02177	0.43842	0.09193	0.01535	0.02313	0.02677	0.01517	0.06794	0.01909	0.02486	0.01352	0.01545	0.01155	0.00734	0.00611	0.00182	0.00879	0.00505	0.00431	0.18163
44	0.01057	0.00764	0.01006	0.01191	0.01265	0.00712	0.00820	0.01226	0.01670	0.02205	0.04915	0.61823	0.09130	0.02614	0.01087	0.00345	0.00509	0.06170	0.00790	0.00699
45	0.02517	0.16817	0.16392	0.01798	0.02501	0.14095	0.01747	0.12484	0.02311	0.08562	0.01840	0.01990	0.01390	0.00887	0.00729	0.00229	0.01017	0.00644	0.10892	0.01157
46	0.01707	0.04402	0.65683	0.02426	0.03683	0.01976	0.03144	0.02695	0.01797	0.02695	0.01527	0.01797	0.01078	0.00809	0.00809	0.00270	0.01258	0.00629	0.00359	0.01258
47	0.02644	0.02970	0.34297	0.01990	0.02941	0.01671	0.02217	0.03433	0.05783	0.29838	0.02435	0.02355	0.01614	0.00935	0.00832	0.00268	0.00992	0.00747	0.00690	0.01345
48	0.01392	0.00916	0.01173	0.01082	0.01330	0.00829	0.00821	0.01765	0.02356	0.08275	0.52852	0.06294	0.14202	0.01733	0.00992	0.00270	0.00431	0.01514	0.00929	0.00845
49	0.01788	0.01492	0.01639	0.01542	0.01901	0.01670	0.01169	0.03494	0.43439	0.03258	0.10891	0.17159	0.03860	0.01534	0.00927	0.00298	0.00605	0.01329	0.00859	0.01148
50	0.05474	0.01933	0.02200	0.12526	0.07091	0.05209	0.01576	0.28539	0.05215	0.03952	0.06543	0.02536	0.01971	0.01013	0.00812	0.00253	0.00872	0.00808	0.10296	0.01180
51	0.02776	0.03411	0.02198	0.02023	0.02403	0.53221	0.01525	0.03013	0.02198	0.02061	0.01513	0.01906	0.01308	0.02006	0.14292	0.00455	0.01687	0.00623	0.00442	0.00940
52	0.01030	0.00766	0.00962	0.01119	0.01217	0.00697	0.00761	0.01192	0.01693	0.02198	0.05496	0.56957	0.17688	0.02561	0.01070	0.00334	0.00481	0.02291	0.00790	0.00697
53	0.02333	0.02492	0.03109	0.10090	0.43755	0.18388	0.02344	0.02772	0.02037	0.02549	0.01521	0.01976	0.01265	0.00797	0.00824	0.00247	0.01155	0.00705	0.00422	0.01220
54	0.02878	0.03399	0.02226	0.02009	0.02442	0.49477	0.01518	0.08900	0.05490	0.02493	0.02117	0.06133	0.05140	0.01086	0.00813	0.00238	0.01308	0.00774	0.00541	0.01016
55	0.02105	0.01798	0.02357	0.12979	0.20133	0.06454	0.01834	0.02967	0.15357	0.08361	0.02905	0.03697	0.05736	0.01177	0.00896	0.00284	0.00907	0.08257	0.00637	0.01160
56	0.02158	0.02543	0.15773	0.03638	0.34403	0.06252	0.02347	0.02947	0.09251	0.06569	0.02168	0.02417	0.03932	0.00896	0.00840	0.00260	0.01017	0.00788	0.00515	0.01287
57	0.03099	0.03923	0.02423	0.02195	0.02607	0.62808	0.01657	0.03317	0.02345	0.02081	0.01303	0.01554	0.01097	0.00914	0.00890	0.00228	0.05580	0.00560	0.00434	0.00983
58	0.02635	0.38122	0.07298	0.01778	0.02465	0.16945	0.01632	0.14923	0.02348	0.02751	0.01409	0.01567	0.01165	0.00826	0.00673	0.00210	0.01073	0.00550	0.00480	0.01152
59	0.01823	0.17978	0.53128	0.02227	0.03376	0.02262	0.02798	0.02665	0.01783	0.02553	0.01457	0.01708	0.01081	0.00792	0.00755	0.00252	0.01186	0.00593	0.00360	0.01224
60	0.02234	0.65783	0.08918	0.01527	0.02293	0.03266	0.01579	0.02559	0.01734	0.02053	0.01208	0.01397	0.01091	0.00734	0.00565	0.00188	0.00935	0.00468	0.00364	0.01104
61	0.01219	0.00899	0.01303	0.01303	0.01432	0.01029	0.00983	0.01478	0.01348	0.01928	0.02339	0.03672	0.02270	0.15781	0.57517	0.01288	0.02065	0.00960	0.00465	0.00724
62	0.02296	0.57476	0.04101	0.01585	0.02223	0.03224	0.01516	0.06815	0.01844	0.02252	0.01238	0.01473	0.01121	0.00840	0.00835	0.00210	0.08940	0.00512	0.00401	0.01099
63	0.02106	0.01660	0.02136	0.05416	0.11965	0.01803	0.01527	0.24330	0.02527	0.03418	0.02795	0.03182	0.09047	0.02727	0.20782	0.00596	0.01304	0.00930	0.00634	0.01113
64	0.19635	0.07370	0.02230	0.01723	0.02283	0.14243	0.01392	0.20633	0.15880	0.03764	0.01959	0.01995	0.01487	0.00949	0.00742	0.00252	0.00924	0.00676	0.00668	0.01194
65	0.01191	0.00869	0.01119	0.01057	0.01263	0.00797	0.00793	0.01580	0.02378	0.03338	0.60608	0.06479	0.11803	0.01768	0.01004	0.00269	0.00403	0.01556	0.00927	0.00797
66	0.01216	0.00912	0.01368	0.01368	0.01520	0.01064	0.01064	0.01520	0.01368	0.01976	0.02279	0.03343	0.02127	0.06382	0.66720	0.01368	0.02279	0.00912	0.00456	0.00760
67	0.01037	0.00741	0.00987	0.01185	0.01234	0.00691	0.00790	0.01185	0.01629	0.02172	0.04690	0.69537	0.05629	0.02666	0.01086	0.00346	0.00494	0.02419	0.00790	0.00691
68	0.01238	0.00825	0.00928	0.00928	0.00928	0.00825	0.00516	0.01238	0.01238	0.01650	0.02681	0.05569	0.03094	0.70092	0.04331	0.00825	0.00825	0.01238	0.00516	0.00516
69	0.03179	0.04056	0.02412	0.02192	0.02631	0.66676	0.01644	0.03398	0.02412	0.02083	0.01315	0.01535	0.01096	0.00877	0.00767	0.00219	0.01535	0.00548	0.00438	0.00987
70	0.01312	0.00983	0.01230	0.01149	0.01382	0.00958	0.00867	0.01950	0.09580	0.03430	0.57159	0.05982	0.07389	0.01671	0.00987	0.00270	0.00434	0.01471	0.00928	0.00867
71	0.01075	0.00770	0.01022	0.01159	0.01243	0.00717	0.00793	0.01282	0.01808	0.02457	0.18379	0.55037	0.06180	0.02454	0.01067	0.00328	0.00473	0.02217	0.00824	0.00717
72	0.01816	0.01015	0.01039	0.00955	0.01221	0.01050	0.00737	0.10337	0.02093	0.03478	0.02674	0.03015	0.02079	0.00996	0.00631	0.00206	0.00472	0.00789	0.64511	0.00884
73	0.01231	0.00813	0.00929	0.00953	0.00969	0.00807	0.00553	0.01269	0.01313	0.01792	0.02932	0.13257	0.03357	0.58323	0.03744	0.00734	0.00763	0.01359	0.04351	0.00551
74	0.01226	0.00869	0.01151	0.01151	0.01228	0.00946	0.00794	0.01381	0.01304	0.01815	0.02477	0.04440	0.02604	0.37766	0.35987	0.01100	0.01563	0.01072	0.00485	0.00640
75	0.01765	0.01513	0.01765	0.01260	0.02017	0.01134	0.01008	0.02143	0.01765	0.02773	0.01513	0.01765	0.01260	0.00630	0.00630	0.00126	0.00630	0.00504	0.00504	0.75295
76	0.03274	0.02321	0.02515	0.01928	0.02608	0.02546	0.01593	0.58080	0.03896	0.09378	0.02131	0.02100	0.01491	0.01024	0.00852	0.00256	0.00922	0.00772	0.00865	0.01447
77	0.01077	0.00774	0.00959	0.01089	0.01157	0.00724	0.00712	0.01201	0.01582	0.02074	0.04740	0.47982	0.12368	0.17305	0.01784	0.00443	0.00558	0.02084	0.00730	0.00656
78	0.01041	0.00793	0.00959	0.01066	0.01209	0.00710	0.00743	0.01235	0.01804	0.02326	0.11360	0.43257	0.25605	0.02411	0.01052	0.00319	0.00464	0.02131	0.00803	0.00710
79	0.01216	0.00912	0.01368	0.01368	0.01520	0.01064	0.01064	0.01520	0.01368	0.01976	0.02279	0.03343	0.02127	0.06382	0.66720	0.01368	0.02279	0.00912	0.00456	0.00760
80	0.01166	0.00893	0.01097	0.01211	0.01423	0.00825	0.00976	0.01445	0.01899	0.02384	0.06264	0.18362	0.30030	0.02318	0.01090	0.00341	0.00590	0.26156	0.00787	0.00742
81	0.01050	0.00829	0.00953	0.01041	0.01235	0.00732	0.00763	0.01257	0.01831	0.02276	0.06845	0.30247	0.38046	0.02356	0.01050	0.00318	0.00485	0.07182	0.00790	0.00715
82	0.01134	0.00873	0.01041	0.01016	0.01252	0.00780	0.00774	0.01461	0.02193	0.02912	0.38311	0.07290	0.30553	0.01944	0.01015	0.00283	0.00436	0.05096	0.00869	0.00768
83	0.02010	0.01924	0.03280	0.17360	0.53401	0.01997	0.02564	0.02527	0.01892	0.02663	0.01584	0.02138	0.01307	0.00776	0.00844	0.00259	0.01035	0.00758	0.00413	0.01270
84	0.01603	0.01446	0.01284	0.01210	0.01413	0.11311	0.00844	0.05277	0.01835	0.02217	0.07047	0.05269	0.18275	0.30180	0.06727	0.00568	0.00920	0.01234	0.00610	0.00728
85	0.02564	0.01206	0.01484	0.01231	0.01685	0.01098	0.00985	0.06270	0.02301	0.31711	0.10146	0.04195	0.13836	0.01304	0.00844	0.00254	0.00585	0.01074	0.16109	0.01119
86	0.08742	0.01988	0.03257	0.04855	0.59121	0.02012	0.02460	0.02602	0.01894	0.02873	0.01563	0.02041	0.01310	0.00761	0.00814	0.00254	0.00979	0.00732	0.00431	0.01310
87	0.18886	0.04661	0.06013	0.01771	0.06489	0.13134	0.01374	0.02271	0.01902	0.02782	0.08222	0.11585	0.05943	0.01419	0.00846	0.00283	0.00857	0.10031	0.00606	0.00924
88	0.08862	0.14751	0.12695	0.01768	0.02370	0.24153	0.01621	0.06301	0.02137	0.02724	0.05733	0.02065	0.01680	0.00911	0.00717	0.00228	0.01070	0.00643	0.08533	0.01038
89	0.01998	0.14137	0.05520	0.01736	0.06563	0.06233	0.01370	0.12915	0.07810	0.02989	0.06420	0.04142	0.22143	0.01337	0.00846	0.00254	0.00786	0.01070	0.00665	0.01066
90	0.06770	0.14337	0.16128	0.01940	0.09542	0.01769	0.01651	0.02260	0.01771	0.05703	0.02766	0.08312	0.09571	0.06147	0.01037	0.00287	0.00847	0.00936	0.00527	0.07699
91	0.01920	0.07356	0.14121	0.02431	0.13332	0.08706	0.03923	0.02646	0.11005	0.02516	0.02279	0.10441	0.02135	0.09113	0.01330	0.00336	0.03827	0.00980	0.00527	0.01076
92	0.20319	0.03006	0.36109	0.01816	0.02686	0.01734	0.02091	0.02423	0.01725	0.02976	0.07150	0.02352	0.01806	0.05513	0.00982	0.00298	0.00969	0.00703	0.00471	0.04871
93	0.15185	0.12747	0.09817	0.02314	0.14662	0.02031	0.03891	0.05556	0.05372	0.02940	0.01767	0.02131	0.01440	0.01519	0.08923	0.00383	0.01061	0.00686	0.06473	0.01101

[dist]
# distance from previous block
# <min> <max>
0	40

[block]
# block no. 2 follows, 21 sequences, length 68
# corresponding to MSA columns:
# 318-385
name=unknown_C
#
# <colnr> <probs for GDERKNQSTAVLIFYWHMCP>
#	G	D	E	R	K	N	Q	S	T	A	V	L	I	F	Y	W	H	M	C	P
0	0.02217	0.02086	0.02344	0.12328	0.19772	0.15582	0.01758	0.05421	0.02172	0.07851	0.06310	0.03381	0.12919	0.01136	0.00867	0.00258	0.00978	0.00948	0.00586	0.01083
1	0.02134	0.14461	0.02213	0.01553	0.01949	0.11865	0.01272	0.08143	0.02029	0.07694	0.02581	0.06294	0.04690	0.05712	0.17721	0.00563	0.01289	0.06283	0.00586	0.00968
2	0.01953	0.02011	0.02297	0.02733	0.20554	0.16680	0.04517	0.02312	0.02085	0.02608	0.13849	0.15279	0.03490	0.01398	0.00925	0.00274	0.00936	0.04488	0.00608	0.01003
3	0.02776	0.17330	0.09009	0.01919	0.02555	0.25065	0.01688	0.19988	0.02634	0.03132	0.01597	0.01760	0.01253	0.00887	0.00740	0.00226	0.01143	0.00613	0.04525	0.01158
4	0.02199	0.01852	0.05195	0.02907	0.25906	0.01719	0.01785	0.13411	0.02390	0.08512	0.09463	0.03182	0.08348	0.01067	0.00857	0.00247	0.00822	0.00926	0.00652	0.08558
5	0.01108	0.00831	0.01027	0.01052	0.01231	0.00751	0.00761	0.01392	0.02073	0.02787	0.33735	0.24699	0.21231	0.02104	0.01028	0.00295	0.00435	0.01852	0.00859	0.00751
6	0.09538	0.01846	0.02972	0.15132	0.45565	0.01933	0.02315	0.02481	0.01870	0.02814	0.04415	0.02254	0.01575	0.00822	0.00819	0.00260	0.00968	0.00763	0.00448	0.01212
7	0.01973	0.16695	0.36423	0.02473	0.03505	0.02325	0.15993	0.06053	0.01957	0.02719	0.01534	0.01840	0.01150	0.00784	0.00804	0.00256	0.01212	0.00688	0.00404	0.01211
8	0.01478	0.01278	0.01522	0.09804	0.08862	0.04336	0.01133	0.01867	0.05905	0.02272	0.04281	0.05125	0.21824	0.20917	0.01870	0.00428	0.00763	0.01227	0.04291	0.00818
9	0.01090	0.00855	0.00919	0.00909	0.01117	0.00756	0.00640	0.01283	0.01848	0.02318	0.15703	0.07305	0.41665	0.17829	0.01776	0.00409	0.00518	0.01628	0.00749	0.00684
10	0.01993	0.01907	0.03250	0.19457	0.51434	0.01992	0.02555	0.02513	0.01884	0.02643	0.01581	0.02143	0.01300	0.00779	0.00844	0.00260	0.01039	0.00758	0.00411	0.01257
11	0.08269	0.02347	0.06611	0.02845	0.23496	0.16884	0.01781	0.02546	0.04449	0.02611	0.02984	0.06634	0.12744	0.01159	0.00839	0.00259	0.00977	0.00957	0.00533	0.01074
12	0.01763	0.04010	0.54408	0.02641	0.03825	0.02009	0.14027	0.02701	0.01836	0.02701	0.01563	0.01889	0.01118	0.00792	0.00845	0.00273	0.01291	0.00699	0.00373	0.01237
13	0.01232	0.00845	0.01030	0.01030	0.01065	0.00880	0.00643	0.01303	0.01268	0.01725	0.02588	0.05053	0.02870	0.55334	0.18783	0.00951	0.01162	0.01162	0.00502	0.00572
14	0.02514	0.02241	0.02109	0.05462	0.02474	0.16701	0.01385	0.16551	0.02494	0.07447	0.04879	0.02188	0.01696	0.01155	0.03966	0.00264	0.01015	0.00685	0.00620	0.24156
15	0.02518	0.02562	0.02020	0.01809	0.02181	0.29064	0.01398	0.07103	0.11846	0.04863	0.02054	0.02303	0.01643	0.01522	0.07138	0.00352	0.06845	0.00724	0.11015	0.01038
16	0.01238	0.00825	0.00928	0.00928	0.00928	0.00825	0.00516	0.01238	0.01238	0.01650	0.02681	0.05569	0.03094	0.70092	0.04331	0.00825	0.00825	0.01238	0.00516	0.00516
