[name]
unknown

[dist]
# distance from previous block
# <min> <max>
4	12

[block]
# block no. 0 follows, 21 sequences, length 9
# corresponding to MSA columns:
# 575-583
name=unknown_A
#
# <colnr> <probs for GDERKNQSTAVLIFYWHMCP>
#	G	D	E	R	K	N	Q	S	T	A	V	L	I	F	Y	W	H	M	C	P
0	0.01706	0.01614	0.02732	0.55547	0.17585	0.01917	0.02413	0.02261	0.01749	0.02295	0.01530	0.02237	0.01177	0.00832	0.00849	0.00277	0.01110	0.00757	0.00387	0.01025
1	0.02468	0.15350	0.02469	0.01498	0.02139	0.01883	0.01275	0.09828	0.02146	0.16567	0.02194	0.02254	0.04176	0.00924	0.00876	0.00209	0.06072	0.00678	0.00641	0.26353
2	0.01928	0.16939	0.02738	0.01859	0.02204	0.11520	0.06163	0.02221	0.01636	0.02071	0.01617	0.02261	0.01478	0.02894	0.24357	0.00652	0.15384	0.00732	0.00414	0.00931
3	0.01562	0.01440	0.01453	0.01415	0.01583	0.12424	0.01045	0.01785	0.01521	0.01923	0.02200	0.03516	0.02160	0.19381	0.41581	0.01049	0.01831	0.00920	0.00466	0.00746
4	0.01856	0.20715	0.32550	0.01975	0.02822	0.05439	0.02243	0.02489	0.01846	0.02452	0.02080	0.03381	0.01919	0.01129	0.00819	0.00271	0.01078	0.13379	0.00458	0.01097
5	0.09461	0.25541	0.15392	0.01693	0.02393	0.12075	0.01663	0.02809	0.01874	0.10886	0.01692	0.02037	0.01378	0.06610	0.00988	0.00278	0.01018	0.00624	0.00496	0.01093
6	0.01676	0.01555	0.02467	0.59058	0.05367	0.01921	0.02226	0.02493	0.10044	0.02362	0.01777	0.02392	0.01333	0.00892	0.00853	0.00284	0.01072	0.00784	0.00444	0.01000
7	0.05771	0.48508	0.08514	0.02123	0.11807	0.06374	0.01740	0.02612	0.01789	0.02262	0.01279	0.01519	0.01122	0.00749	0.00621	0.00205	0.00972	0.00519	0.00384	0.01129
8	0.01547	0.07895	0.02104	0.01685	0.01837	0.01833	0.01385	0.01806	0.01379	0.02004	0.01761	0.02627	0.01669	0.04101	0.37644	0.00900	0.25745	0.00809	0.00417	0.00852

[dist]
# distance from previous block
# <min> <max>
0	4

[block]
# block no. 1 follows, 21 sequences, length 127
# corresponding to MSA columns:
# 611-622,624-631,638-744
name=unknown_B
#
# <colnr> <probs for GDERKNQSTAVLIFYWHMCP>
#	G	D	E	R	K	N	Q	S	T	A	V	L	I	F	Y	W	H	M	C	P
0	0.48647	0.04942	0.01560	0.01238	0.01713	0.01918	0.00992	0.11785	0.01835	0.03622	0.01567	0.02174	0.01370	0.12189	0.01203	0.00350	0.00742	0.00637	0.00569	0.00947
1	0.01855	0.01290	0.01485	0.01369	0.01672	0.01311	0.01023	0.19305	0.02397	0.06766	0.04281	0.32777	0.12629	0.06227	0.01195	0.00336	0.00649	0.01676	0.00806	0.00951
2	0.01564	0.01708	0.04698	0.01390	0.01706	0.14424	0.01130	0.01849	0.02010	0.02351	0.08180	0.15480	0.27131	0.01907	0.00985	0.00297	0.00767	0.10907	0.00701	0.00813
3	0.01635	0.01541	0.02602	0.64594	0.09100	0.01898	0.02377	0.02198	0.01715	0.02208	0.01517	0.02260	0.01146	0.00846	0.00850	0.00282	0.01128	0.00756	0.00381	0.00967
4	0.02295	0.02031	0.03114	0.13651	0.41758	0.02146	0.02345	0.16308	0.02382	0.03291	0.01690	0.02115	0.01340	0.00833	0.00846	0.00258	0.01012	0.00760	0.00515	0.01312
5	0.01985	0.29944	0.34625	0.01955	0.02906	0.06531	0.02268	0.02608	0.01816	0.02367	0.01737	0.01934	0.04276	0.00849	0.00714	0.00233	0.01098	0.00615	0.00388	0.01149
6	0.01269	0.00953	0.01336	0.01290	0.01474	0.01033	0.00974	0.01533	0.01384	0.01998	0.02271	0.03542	0.02197	0.15674	0.51077	0.01171	0.01905	0.00925	0.00470	0.07523
7	0.02134	0.02244	0.02891	0.28879	0.29199	0.15299	0.02316	0.02605	0.01944	0.02402	0.01508	0.02051	0.01214	0.00818	0.00830	0.00258	0.01167	0.00714	0.00408	0.01118
8	0.02600	0.02231	0.02784	0.03191	0.26562	0.05534	0.01955	0.26009	0.13520	0.03884	0.02085	0.02241	0.01593	0.00936	0.00846	0.00258	0.00949	0.00787	0.00667	0.01368
9	0.02319	0.02007	0.01824	0.01532	0.02032	0.12992	0.01207	0.19933	0.05640	0.06727	0.04246	0.04121	0.22865	0.01356	0.00871	0.00251	0.00819	0.01070	0.00740	0.07449
10	0.01217	0.00908	0.01347	0.01347	0.01492	0.01052	0.01038	0.01506	0.01361	0.01960	0.02299	0.03449	0.02173	0.09408	0.63757	0.01342	0.02210	0.00927	0.00459	0.00748
11	0.02106	0.02022	0.03454	0.05223	0.64784	0.02022	0.02612	0.02612	0.01938	0.02780	0.01601	0.02106	0.01348	0.00758	0.00842	0.00253	0.01011	0.00758	0.00421	0.01348
12	0.02053	0.01968	0.03359	0.11886	0.58535	0.02008	0.02585	0.02565	0.01913	0.02716	0.01591	0.02123	0.01325	0.00768	0.00843	0.00256	0.01024	0.00758	0.00417	0.01305
13	0.01133	0.00856	0.01046	0.01022	0.01234	0.00769	0.00758	0.01459	0.02205	0.02985	0.43167	0.12639	0.23733	0.01942	0.01012	0.00280	0.00418	0.01692	0.00882	0.00769
14	0.01164	0.00883	0.01044	0.01128	0.01294	0.00822	0.00795	0.04995	0.01879	0.02413	0.05812	0.45223	0.24631	0.02396	0.01045	0.00321	0.00501	0.02112	0.00794	0.00747
15	0.01478	0.00739	0.01109	0.01109	0.01109	0.00739	0.00739	0.01109	0.01109	0.01478	0.01478	0.02587	0.01478	0.02956	0.03326	0.75240	0.00739	0.00739	0.00370	0.00370
16	0.01765	0.01513	0.01765	0.01260	0.02017	0.01134	0.01008	0.02143	0.01765	0.02773	0.01513	0.01765	0.01260	0.00630	0.00630	0.00126	0.00630	0.00504	0.00504	0.75295
17	0.01015	0.00826	0.00899	0.00957	0.01175	0.00710	0.00689	0.01211	0.01848	0.02262	0.07461	0.26302	0.47075	0.02306	0.01030	0.00305	0.00450	0.01980	0.00790	0.00710
18	0.03179	0.04056	0.02412	0.02192	0.02631	0.66676	0.01644	0.03398	0.02412	0.02083	0.01315	0.01535	0.01096	0.00877	0.00767	0.00219	0.01535	0.00548	0.00438	0.00987
19	0.01905	0.01177	0.01597	0.01442	0.01670	0.01251	0.01122	0.02182	0.01995	0.17194	0.22418	0.20246	0.04638	0.01758	0.01359	0.00308	0.14544	0.01434	0.00811	0.00951
20	0.58766	0.02136	0.12949	0.04867	0.02235	0.01920	0.01398	0.02519	0.01524	0.03529	0.01264	0.01504	0.00961	0.00797	0.00595	0.00266	0.00791	0.00507	0.00489	0.00984
21	0.01013	0.00834	0.00891	0.00937	0.01169	0.00712	0.00680	0.01213	0.01868	0.02270	0.07709	0.22417	0.50800	0.02274	0.01024	0.00301	0.00446	0.01941	0.00790	0.00712
22	0.01413	0.01211	0.01837	0.01681	0.01825	0.01500	0.03853	0.01705	0.01379	0.02026	0.01962	0.02924	0.01837	0.04905	0.47769	0.01070	0.18977	0.00874	0.00434	0.00820
23	0.02275	0.70604	0.04459	0.01456	0.02184	0.03367	0.01456	0.02548	0.01729	0.02002	0.01183	0.01365	0.01092	0.00728	0.00546	0.00182	0.00910	0.00455	0.00364	0.01092
24	0.01138	0.00858	0.00992	0.00964	0.01155	0.00776	0.00686	0.01387	0.01993	0.02636	0.30945	0.06875	0.27951	0.15984	0.01690	0.00390	0.00500	0.01572	0.00796	0.00712
25	0.02135	0.54239	0.19594	0.01696	0.02555	0.03023	0.01873	0.02585	0.01746	0.02173	0.01268	0.01472	0.01089	0.00748	0.00611	0.00204	0.00996	0.00498	0.00363	0.01133
26	0.02332	0.66410	0.04330	0.01503	0.02212	0.07357	0.01468	0.02602	0.01772	0.02007	0.01191	0.01376	0.01092	0.00737	0.00560	0.00184	0.00949	0.00461	0.00369	0.01085
27	0.02106	0.02022	0.03454	0.05223	0.64784	0.02022	0.02612	0.02612	0.01938	0.02780	0.01601	0.02106	0.01348	0.00758	0.00842	0.00253	0.01011	0.00758	0.00421	0.01348
28	0.03182	0.03951	0.02421	0.02178	0.02631	0.62673	0.01643	0.07058	0.02511	0.02288	0.01361	0.01566	0.01118	0.00886	0.00773	0.00221	0.01497	0.00562	0.00464	0.01015
29	0.01025	0.00787	0.00940	0.01062	0.01202	0.00702	0.00735	0.01199	0.01748	0.02221	0.06189	0.46155	0.28043	0.02471	0.01056	0.00323	0.00470	0.02182	0.00790	0.00702
30	0.02106	0.02022	0.03454	0.05223	0.64784	0.02022	0.02612	0.02612	0.01938	0.02780	0.01601	0.02106	0.01348	0.00758	0.00842	0.00253	0.01011	0.00758	0.00421	0.01348
31	0.01994	0.01907	0.03251	0.19366	0.51519	0.01992	0.02556	0.02513	0.01885	0.02644	0.01581	0.02143	0.01300	0.00779	0.00844	0.00260	0.01039	0.00758	0.00412	0.01257
32	0.01736	0.08358	0.58588	0.02283	0.03454	0.02004	0.02910	0.02650	0.01792	0.02676	0.01569	0.01839	0.01134	0.00813	0.00781	0.00260	0.01193	0.00626	0.04109	0.01224
33	0.01037	0.00741	0.00987	0.01185	0.01234	0.00691	0.00790	0.01185	0.01629	0.02172	0.04690	0.69537	0.05629	0.02666	0.01086	0.00346	0.00494	0.02419	0.00790	0.00691
34	0.01586	0.00793	0.00793	0.00793	0.00991	0.00793	0.00595	0.01983	0.01785	0.03173	0.02776	0.03173	0.02181	0.00991	0.00595	0.00198	0.00397	0.00793	0.74817	0.00793
35	0.01076	0.00771	0.01022	0.01158	0.01243	0.00717	0.00793	0.01283	0.01810	0.02460	0.18522	0.54885	0.06185	0.02451	0.01067	0.00328	0.00472	0.02215	0.00824	0.00717
36	0.01188	0.00997	0.01049	0.01013	0.01314	0.00924	0.00766	0.01734	0.10485	0.02636	0.16049	0.07229	0.47646	0.01956	0.00986	0.00285	0.00460	0.01643	0.00822	0.00818
37	0.01204	0.00870	0.01138	0.01071	0.01271	0.00803	0.00803	0.01606	0.02409	0.03413	0.64335	0.06357	0.08030	0.01740	0.01004	0.00268	0.00401	0.01539	0.00937	0.00803
38	0.02246	0.01892	0.01997	0.01758	0.02262	0.02177	0.01378	0.11155	0.56403	0.03768	0.03300	0.03044	0.02465	0.01139	0.00864	0.00285	0.00704	0.00940	0.00864	0.01359
39	0.03179	0.04056	0.02412	0.02192	0.02631	0.66676	0.01644	0.03398	0.02412	0.02083	0.01315	0.01535	0.01096	0.00877	0.00767	0.00219	0.01535	0.00548	0.00438	0.00987
40	0.01009	0.00848	0.00877	0.00900	0.01159	0.00715	0.00663	0.01217	0.01903	0.02284	0.08159	0.15396	0.57530	0.02215	0.01015	0.00294	0.00438	0.01869	0.00790	0.00715
41	0.01765	0.01513	0.01765	0.01260	0.02017	0.01134	0.01008	0.02143	0.01765	0.02773	0.01513	0.01765	0.01260	0.00630	0.00630	0.00126	0.00630	0.00504	0.00504	0.75295
42	0.01186	0.00869	0.01112	0.01052	0.01260	0.00795	0.00789	0.01571	0.02366	0.03311	0.59252	0.06524	0.13176	0.01778	0.01004	0.00269	0.00404	0.01562	0.00923	0.00795
43	0.01754	0.30394	0.15902	0.01622	0.02240	0.02203	0.01655	0.02186	0.01605	0.02135	0.01672	0.02208	0.01484	0.02900	0.25822	0.00652	0.01504	0.00665	0.00398	0.01000
44	0.01478	0.00739	0.01109	0.01109	0.01109	0.00739	0.00739	0.01109	0.01109	0.01478	0.01478	0.02587	0.01478	0.02956	0.03326	0.75240	0.00739	0.00739	0.00370	0.00370
45	0.02347	0.01966	0.02234	0.02189	0.09651	0.02214	0.01551	0.16166	0.43800	0.03841	0.02951	0.02816	0.02213	0.01081	0.00860	0.00278	0.00767	0.00898	0.00811	0.01368
46	0.02106	0.02022	0.03454	0.05223	0.64784	0.02022	0.02612	0.02612	0.01938	0.02780	0.01601	0.02106	0.01348	0.00758	0.00842	0.00253	0.01011	0.00758	0.00421	0.01348
47	0.08359	0.17108	0.01886	0.01211	0.01502	0.01578	0.00980	0.01874	0.01605	0.02446	0.02600	0.19076	0.02658	0.05326	0.09050	0.00417	0.03686	0.01120	0.16681	0.00837
48	0.02275	0.70604	0.04459	0.01456	0.02184	0.03367	0.01456	0.02548	0.01729	0.02002	0.01183	0.01365	0.01092	0.00728	0.00546	0.00182	0.00910	0.00455	0.00364	0.01092
49	0.01047	0.00864	0.00919	0.00905	0.01175	0.00736	0.00679	0.01301	0.02036	0.02529	0.20106	0.07812	0.52810	0.02070	0.01005	0.00283	0.00425	0.01743	0.00820	0.00736
50	0.01548	0.01265	0.01420	0.01367	0.01667	0.01351	0.01023	0.02759	0.29214	0.03060	0.16902	0.19810	0.11685	0.01743	0.00962	0.00297	0.00547	0.01517	0.00854	0.01009
51	0.01478	0.00739	0.01109	0.01109	0.01109	0.00739	0.00739	0.01109	0.01109	0.01478	0.01478	0.02587	0.01478	0.02956	0.03326	0.75240	0.00739	0.00739	0.00370	0.00370
52	0.01238	0.00825	0.00928	0.00928	0.00928	0.00825	0.00516	0.01238	0.01238	0.01650	0.02681	0.05569	0.03094	0.70092	0.04331	0.00825	0.00825	0.01238	0.00516	0.00516
53	0.01238	0.00825	0.00928	0.00928	0.00928	0.00825	0.00516	0.01238	0.01238	0.01650	0.02681	0.05569	0.03094	0.70092	0.04331	0.00825	0.00825	0.01238	0.00516	0.00516
54	0.01607	0.01513	0.02552	0.68047	0.05861	0.01891	0.02363	0.02174	0.01702	0.02174	0.01513	0.02269	0.01134	0.00851	0.00851	0.00284	0.01134	0.00756	0.00378	0.00945
55	0.01707	0.04402	0.65683	0.02426	0.03683	0.01976	0.03144	0.02695	0.01797	0.02695	0.01527	0.01797	0.01078	0.00809	0.00809	0.00270	0.01258	0.00629	0.00359	0.01258
56	0.01216	0.00912	0.01368	0.01368	0.01520	0.01064	0.01064	0.01520	0.01368	0.01976	0.02279	0.03343	0.02127	0.06382	0.66720	0.01368	0.02279	0.00912	0.00456	0.00760
57	0.01238	0.00825	0.00928	0.00928	0.00928	0.00825	0.00516	0.01238	0.01238	0.01650	0.02681	0.05569	0.03094	0.70092	0.04331	0.00825	0.00825	0.01238	0.00516	0.00516
58	0.01216	0.00912	0.01368	0.01368	0.01520	0.01064	0.01064	0.01520	0.01368	0.01976	0.02279	0.03343	0.02127	0.06382	0.66720	0.01368	0.02279	0.00912	0.00456	0.00760
59	0.02070	0.02044	0.03203	0.17985	0.48752	0.06036	0.02500	0.02571	0.01919	0.02612	0.01565	0.02104	0.01288	0.00785	0.00840	0.00257	0.01069	0.00745	0.00413	0.01242
60	0.01037	0.00741	0.00987	0.01185	0.01234	0.00691	0.00790	0.01185	0.01629	0.02172	0.04690	0.69537	0.05629	0.02666	0.01086	0.00346	0.00494	0.02419	0.00790	0.00691
61	0.03818	0.01448	0.01975	0.01514	0.02172	0.01251	0.01251	0.04147	0.02436	0.65373	0.03357	0.02897	0.02107	0.01053	0.00856	0.00263	0.00724	0.00856	0.01053	0.01448
62	0.01006	0.00862	0.00862	0.00862	0.01149	0.00718	0.00647	0.01221	0.01940	0.02299	0.08621	0.08190	0.64438	0.02155	0.01006	0.00287	0.00431	0.01796	0.00790	0.00718
63	0.02746	0.35939	0.03393	0.01840	0.02417	0.36345	0.01554	0.02991	0.02085	0.02044	0.01252	0.01453	0.01094	0.00806	0.00661	0.00201	0.01235	0.00504	0.00403	0.01037
64	0.01884	0.06361	0.16306	0.22509	0.28828	0.02058	0.05074	0.02504	0.01831	0.02540	0.01541	0.02054	0.01213	0.00792	0.00827	0.00263	0.01110	0.00723	0.00393	0.01189
65	0.03190	0.03719	0.02440	0.02145	0.02633	0.53758	0.01639	0.15208	0.02732	0.02745	0.01462	0.01637	0.01167	0.00906	0.00784	0.00227	0.01414	0.00592	0.00522	0.01079
66	0.01047	0.00864	0.00920	0.00906	0.01175	0.00736	0.00679	0.01302	0.02038	0.02531	0.20249	0.07807	0.52665	0.02069	0.01005	0.00283	0.00425	0.01742	0.00821	0.00736
67	0.01901	0.02299	0.18290	0.02171	0.02823	0.01671	0.18435	0.07722	0.01913	0.06244	0.02108	0.03243	0.01883	0.23238	0.02010	0.00453	0.01107	0.00957	0.00515	0.01015
68	0.01238	0.00825	0.00928	0.00928	0.00928	0.00825	0.00516	0.01238	0.01238	0.01650	0.02681	0.05569	0.03094	0.70092	0.04331	0.00825	0.00825	0.01238	0.00516	0.00516
69	0.01765	0.01513	0.01765	0.01260	0.02017	0.01134	0.01008	0.02143	0.01765	0.02773	0.01513	0.01765	0.01260	0.00630	0.00630	0.00126	0.00630	0.00504	0.00504	0.75295
70	0.01037	0.00741	0.00987	0.01185	0.01234	0.00691	0.00790	0.01185	0.01629	0.02172	0.04690	0.69537	0.05629	0.02666	0.01086	0.00346	0.00494	0.02419	0.00790	0.00691
71	0.01006	0.00862	0.00862	0.00862	0.01149	0.00718	0.00647	0.01221	0.01940	0.02299	0.08621	0.08190	0.64438	0.02155	0.01006	0.00287	0.00431	0.01796	0.00790	0.00718
72	0.01707	0.04402	0.65683	0.02426	0.03683	0.01976	0.03144	0.02695	0.01797	0.02695	0.01527	0.01797	0.01078	0.00809	0.00809	0.00270	0.01258	0.00629	0.00359	0.01258
73	0.01921	0.02195	0.07031	0.02868	0.03332	0.02364	0.29537	0.02395	0.01655	0.02395	0.01418	0.02059	0.01195	0.01097	0.01863	0.00328	0.34042	0.00858	0.00398	0.01048
74	0.01539	0.00944	0.01245	0.01127	0.01387	0.00860	0.00860	0.01932	0.02412	0.11355	0.56518	0.05913	0.07270	0.01652	0.00985	0.00267	0.00443	0.01451	0.00952	0.00886
75	0.01275	0.00956	0.01399	0.01379	0.01526	0.01131	0.01078	0.01578	0.01390	0.02055	0.02247	0.03251	0.02075	0.05774	0.59047	0.01239	0.05794	0.00895	0.05138	0.00771
76	0.01069	0.00763	0.01024	0.01221	0.01285	0.00719	0.00845	0.01240	0.01661	0.02208	0.04673	0.63833	0.05559	0.02636	0.01095	0.00350	0.00521	0.07809	0.00789	0.00700
77	0.01012	0.00837	0.00888	0.00929	0.01167	0.00713	0.00676	0.01214	0.01876	0.02273	0.07811	0.20836	0.52315	0.02261	0.01022	0.00299	0.00444	0.01925	0.00790	0.00713
78	0.02075	0.01990	0.03397	0.09183	0.61070	0.02014	0.02596	0.02584	0.01923	0.02742	0.01595	0.02116	0.01335	0.00764	0.00843	0.00255	0.01019	0.00758	0.00419	0.01323
79	0.03179	0.04056	0.02412	0.02192	0.02631	0.66676	0.01644	0.03398	0.02412	0.02083	0.01315	0.01535	0.01096	0.00877	0.00767	0.00219	0.01535	0.00548	0.00438	0.00987
80	0.01828	0.10834	0.46828	0.02564	0.03685	0.02157	0.15039	0.02686	0.01833	0.02630	0.01532	0.01855	0.01123	0.00781	0.00822	0.00264	0.01258	0.00688	0.00374	0.01218
81	0.02161	0.01779	0.02134	0.01843	0.08680	0.01596	0.01324	0.16882	0.02332	0.03410	0.01652	0.01869	0.01315	0.00740	0.00707	0.00171	0.00745	0.00595	0.00581	0.49484
82	0.02725	0.02003	0.02191	0.01779	0.02313	0.02187	0.01426	0.47855	0.03451	0.04623	0.02657	0.17695	0.02417	0.01403	0.00906	0.00276	0.00834	0.01150	0.00837	0.01272
83	0.03818	0.01448	0.01975	0.01514	0.02172	0.01251	0.01251	0.04147	0.02436	0.65373	0.03357	0.02897	0.02107	0.01053	0.00856	0.00263	0.00724	0.00856	0.01053	0.01448
84	0.01026	0.00863	0.00891	0.00884	0.01162	0.00727	0.00663	0.01261	0.01988	0.02414	0.14400	0.08000	0.58588	0.02112	0.01006	0.00285	0.00428	0.01769	0.00805	0.00727
85	0.01037	0.00741	0.00987	0.01185	0.01234	0.00691	0.00790	0.01185	0.01629	0.02172	0.04690	0.69537	0.05629	0.02666	0.01086	0.00346	0.00494	0.02419	0.00790	0.00691
86	0.07782	0.01459	0.01935	0.01492	0.02144	0.01287	0.01233	0.04057	0.02382	0.61998	0.03238	0.02814	0.02042	0.01039	0.00838	0.00263	0.00721	0.00834	0.01024	0.01419
87	0.01586	0.00793	0.00793	0.00793	0.00991	0.00793	0.00595	0.01983	0.01785	0.03173	0.02776	0.03173	0.02181	0.00991	0.00595	0.00198	0.00397	0.00793	0.74817	0.00793
88	0.01862	0.01862	0.02607	0.02234	0.02234	0.02607	0.01862	0.02048	0.01303	0.02048	0.01117	0.01862	0.01117	0.01489	0.02793	0.00372	0.68535	0.00745	0.00372	0.00931
89	0.02275	0.70604	0.04459	0.01456	0.02184	0.03367	0.01456	0.02548	0.01729	0.02002	0.01183	0.01365	0.01092	0.00728	0.00546	0.00182	0.00910	0.00455	0.00364	0.01092
90	0.58091	0.01828	0.01573	0.01326	0.01891	0.02090	0.01094	0.17196	0.02079	0.04200	0.01397	0.01546	0.01052	0.00847	0.00607	0.00261	0.00727	0.00536	0.00607	0.01052
91	0.01791	0.01292	0.01444	0.01252	0.01634	0.01278	0.00982	0.15724	0.05148	0.07047	0.22913	0.05710	0.27087	0.01665	0.00955	0.00273	0.00567	0.01392	0.00866	0.00981
92	0.03235	0.02384	0.02554	0.01958	0.02639	0.02639	0.01618	0.61946	0.04001	0.05363	0.02043	0.02043	0.01447	0.01022	0.00851	0.00255	0.00936	0.00766	0.00851	0.01447
93	0.01781	0.01691	0.02868	0.46098	0.26447	0.01937	0.02450	0.02327	0.01784	0.02386	0.01543	0.02212	0.01209	0.00818	0.00848	0.00273	0.01091	0.00757	0.00393	0.01086
94	0.01716	0.04114	0.58649	0.06620	0.03859	0.01980	0.06044	0.02664	0.01801	0.02664	0.01536	0.01852	0.01092	0.00807	0.00821	0.00271	0.01259	0.00656	0.00364	0.01232
95	0.01892	0.01613	0.01719	0.01562	0.01990	0.01814	0.01209	0.03829	0.49598	0.03409	0.11161	0.04081	0.09794	0.01329	0.00897	0.00286	0.00616	0.01118	0.00866	0.01216
96	0.01006	0.00862	0.00862	0.00862	0.01149	0.00718	0.00647	0.01221	0.01940	0.02299	0.08621	0.08190	0.64438	0.02155	0.01006	0.00287	0.00431	0.01796	0.00790	0.00718
97	0.01852	0.03387	0.36444	0.02985	0.04052	0.02061	0.31364	0.02710	0.01899	0.02710	0.01621	0.02037	0.01181	0.00765	0.00903	0.00278	0.01343	0.00810	0.00394	0.01205
98	0.03216	0.02949	0.02506	0.02037	0.02636	0.24274	0.01627	0.42166	0.03464	0.04255	0.01797	0.01871	0.01329	0.00973	0.00823	0.00243	0.01139	0.00693	0.00712	0.01292
99	0.01037	0.00741	0.00987	0.01185	0.01234	0.00691	0.00790	0.01185	0.01629	0.02172	0.04690	0.69537	0.05629	0.02666	0.01086	0.00346	0.00494	0.02419	0.00790	0.00691
100	0.03272	0.02325	0.02517	0.01930	0.02610	0.02552	0.01594	0.58304	0.03903	0.09145	0.02126	0.02097	0.01489	0.01024	0.00852	0.00256	0.00923	0.00772	0.00864	0.01447
101	0.02509	0.02829	0.02268	0.02157	0.06218	0.33193	0.01580	0.06359	0.08541	0.02492	0.02502	0.02677	0.09411	0.01172	0.01152	0.00265	0.12297	0.00809	0.00540	0.01030
102	0.01514	0.00800	0.00821	0.00821	0.00978	0.00800	0.00579	0.01829	0.01672	0.02859	0.02757	0.03667	0.02369	0.15236	0.01365	0.00327	0.00485	0.00885	0.59500	0.00736
103	0.01600	0.01388	0.01815	0.02204	0.16267	0.01409	0.01391	0.02459	0.17119	0.02813	0.07781	0.05662	0.22925	0.01593	0.00959	0.00294	0.00677	0.09882	0.00729	0.01034
104	0.01040	0.00769	0.00973	0.01121	0.01221	0.00702	0.00765	0.01214	0.01726	0.02260	0.08530	0.55149	0.16369	0.02525	0.01067	0.00331	0.00478	0.02261	0.00798	0.00702
105	0.01884	0.01796	0.03053	0.33147	0.38594	0.01964	0.02501	0.02417	0.01833	0.02511	0.01562	0.02179	0.01253	0.00799	0.00846	0.00266	0.01066	0.00757	0.00402	0.01169
106	0.03217	0.02935	0.02507	0.02035	0.02636	0.23740	0.01626	0.42654	0.03477	0.04282	0.01803	0.01876	0.01332	0.00974	0.00824	0.00243	0.01134	0.00694	0.00715	0.01295
107	0.09145	0.09912	0.01623	0.01227	0.01529	0.01283	0.01016	0.01852	0.02129	0.03095	0.37357	0.05869	0.05758	0.01638	0.00931	0.00282	0.00572	0.13145	0.00789	0.00848
108	0.02106	0.02022	0.03454	0.05223	0.64784	0.02022	0.02612	0.02612	0.01938	0.02780	0.01601	0.02106	0.01348	0.00758	0.00842	0.00253	0.01011	0.00758	0.00421	0.01348
109	0.02546	0.50680	0.03846	0.01677	0.02318	0.22322	0.01512	0.02803	0.01933	0.02026	0.01223	0.01416	0.01093	0.00773	0.00612	0.00193	0.01097	0.00483	0.00386	0.01061
110	0.02083	0.02160	0.07064	0.05061	0.61240	0.02019	0.02643	0.02617	0.01930	0.02775	0.01596	0.02088	0.01332	0.00761	0.00841	0.00254	0.01025	0.00751	0.00418	0.01343
111	0.02106	0.02022	0.03454	0.05223	0.64784	0.02022	0.02612	0.02612	0.01938	0.02780	0.01601	0.02106	0.01348	0.00758	0.00842	0.00253	0.01011	0.00758	0.00421	0.01348
112	0.02168	0.02140	0.03394	0.05048	0.61179	0.05772	0.02556	0.02657	0.01965	0.02740	0.01584	0.02073	0.01333	0.00765	0.00838	0.00251	0.01041	0.00746	0.00422	0.01327
113	0.01006	0.00862	0.00862	0.00862	0.01149	0.00718	0.00647	0.01221	0.01940	0.02299	0.08621	0.08190	0.64438	0.02155	0.01006	0.00287	0.00431	0.01796	0.00790	0.00718
114	0.01374	0.01110	0.01488	0.04151	0.01752	0.01226	0.01172	0.01799	0.05034	0.02735	0.24899	0.15442	0.08067	0.01911	0.01332	0.00324	0.11783	0.12812	0.00758	0.00833
115	0.01060	0.00751	0.00980	0.01155	0.01198	0.00707	0.00758	0.01191	0.01583	0.02111	0.04454	0.62023	0.05331	0.10587	0.01467	0.00402	0.00533	0.02280	0.00758	0.00671
116	0.02790	0.02839	0.02357	0.02184	0.06418	0.27430	0.01605	0.17280	0.21899	0.03352	0.02178	0.02205	0.01666	0.00990	0.00823	0.00252	0.01092	0.00742	0.00668	0.01230
117	0.01006	0.00862	0.00862	0.00862	0.01149	0.00718	0.00647	0.01221	0.01940	0.02299	0.08621	0.08190	0.64438	0.02155	0.01006	0.00287	0.00431	0.01796	0.00790	0.00718
118	0.01867	0.02479	0.16594	0.03388	0.17810	0.01984	0.25330	0.02512	0.01832	0.02605	0.01684	0.02247	0.01349	0.01456	0.08750	0.00407	0.05291	0.00844	0.00413	0.01159
119	0.01765	0.01513	0.01765	0.01260	0.02017	0.01134	0.01008	0.02143	0.01765	0.02773	0.01513	0.01765	0.01260	0.00630	0.00630	0.00126	0.00630	0.00504	0.00504	0.75295
120	0.01216	0.00912	0.01368	0.01368	0.01520	0.01064	0.01064	0.01520	0.01368	0.01976	0.02279	0.03343	0.02127	0.06382	0.66720	0.01368	0.02279	0.00912	0.00456	0.00760
121	0.01298	0.01055	0.01747	0.01598	0.01823	0.01177	0.07352	0.01645	0.01434	0.02053	0.02222	0.03235	0.02041	0.05795	0.59904	0.01256	0.02192	0.00921	0.00453	0.00800
122	0.02106	0.02022	0.03454	0.05223	0.64784	0.02022	0.02612	0.02612	0.01938	0.02780	0.01601	0.02106	0.01348	0.00758	0.00842	0.00253	0.01011	0.00758	0.00421	0.01348
123	0.01981	0.02357	0.13670	0.12139	0.47728	0.01999	0.02671	0.02574	0.01887	0.02695	0.01578	0.02074	0.01278	0.00777	0.00838	0.00259	0.01066	0.00737	0.00406	0.01286
124	0.02325	0.06854	0.23763	0.02085	0.02799	0.30229	0.02038	0.02826	0.02011	0.02314	0.01505	0.01841	0.01221	0.01479	0.08510	0.00364	0.01446	0.00611	0.00414	0.05367
125	0.02206	0.33301	0.18160	0.01794	0.02528	0.15798	0.01821	0.02651	0.01963	0.02343	0.08452	0.02068	0.01876	0.00893	0.00706	0.00220	0.01063	0.00638	0.00443	0.01077
126	0.02098	0.15842	0.08599	0.01525	0.02065	0.01716	0.01414	0.02742	0.09277	0.14603	0.12598	0.04512	0.06682	0.01369	0.00876	0.00275	0.00755	0.11225	0.00739	0.01087

[dist]
# distance from previous block
# <min> <max>
15	100

[block]
# block no. 2 follows, 21 sequences, length 25
# corresponding to MSA columns:
# 847-871
name=unknown_C
#
# <colnr> <probs for GDERKNQSTAVLIFYWHMCP>
#	G	D	E	R	K	N	Q	S	T	A	V	L	I	F	Y	W	H	M	C	P
0	0.02017	0.15496	0.37532	0.02755	0.14696	0.08230	0.02611	0.02719	0.01868	0.02533	0.01461	0.01755	0.01132	0.00791	0.00765	0.00246	0.01177	0.00615	0.00379	0.01220
1	0.02094	0.02323	0.08898	0.10873	0.49381	0.06349	0.02571	0.02630	0.01934	0.02667	0.01566	0.02056	0.01286	0.00780	0.00835	0.00255	0.01080	0.00732	0.00413	0.01276
2	0.11864	0.03505	0.39620	0.02827	0.16275	0.06324	0.02633	0.02699	0.01821	0.02823	0.01483	0.01789	0.01115	0.00800	0.00775	0.00262	0.01144	0.00628	0.00400	0.01214
3	0.08732	0.01899	0.02068	0.02339	0.15169	0.09735	0.01525	0.07029	0.15085	0.03079	0.07176	0.03913	0.05558	0.04267	0.01026	0.00303	0.00859	0.08481	0.00663	0.01093
4	0.22419	0.01460	0.01802	0.12704	0.02510	0.01616	0.03725	0.04117	0.01662	0.02903	0.01770	0.05086	0.01527	0.01646	0.09267	0.00394	0.05795	0.00743	0.07184	0.11670
5	0.05964	0.01978	0.02067	0.01928	0.06318	0.07734	0.01473	0.29406	0.02894	0.03882	0.02942	0.04080	0.06654	0.01342	0.00893	0.00280	0.00883	0.13206	0.04930	0.01144
6	0.01935	0.27553	0.38464	0.02191	0.03226	0.02483	0.07981	0.02646	0.01793	0.02454	0.01424	0.01691	0.01103	0.00772	0.00734	0.00240	0.01152	0.00602	0.00368	0.01189
7	0.02031	0.43663	0.21415	0.01777	0.02575	0.02803	0.01938	0.02502	0.01700	0.02199	0.01333	0.01624	0.01144	0.01100	0.04263	0.00282	0.05624	0.00548	0.00368	0.01110
8	0.01743	0.04188	0.60081	0.02677	0.09183	0.01980	0.03096	0.02688	0.01809	0.02703	0.01534	0.01825	0.01102	0.00804	0.00812	0.00268	0.01235	0.00640	0.00365	0.01266
9	0.12474	0.03212	0.02261	0.02176	0.06841	0.42518	0.01563	0.07388	0.05802	0.02735	0.04259	0.01896	0.01506	0.00921	0.00763	0.00236	0.01242	0.00634	0.00524	0.01049
10	0.02297	0.07051	0.03013	0.09538	0.34104	0.19373	0.02142	0.02701	0.01989	0.02429	0.01537	0.02006	0.01299	0.01196	0.05489	0.00321	0.01246	0.00692	0.00421	0.01156
11	0.01965	0.01726	0.02033	0.02183	0.13046	0.06300	0.01444	0.07044	0.11945	0.05562	0.06655	0.04049	0.16745	0.04995	0.01334	0.00312	0.09852	0.01085	0.00665	0.01060
12	0.01682	0.01559	0.01350	0.01271	0.01563	0.14644	0.00952	0.01963	0.02204	0.05955	0.25634	0.10246	0.24301	0.01722	0.00953	0.00269	0.00673	0.01440	0.00780	0.00840
13	0.02767	0.02398	0.02693	0.13225	0.14037	0.10765	0.01915	0.34275	0.03061	0.03969	0.01785	0.02024	0.01334	0.00929	0.00839	0.00255	0.01059	0.00735	0.00646	0.01289
14	0.02057	0.02056	0.03096	0.23355	0.41928	0.07803	0.02452	0.02554	0.01911	0.02540	0.01549	0.02102	0.01263	0.00796	0.00838	0.00259	0.01094	0.00739	0.00410	0.01198
15	0.01220	0.00897	0.01183	0.01345	0.01518	0.00859	0.01094	0.01518	0.01869	0.02406	0.05268	0.25032	0.15414	0.02399	0.01123	0.00362	0.00647	0.34313	0.00786	0.00748
16	0.01558	0.01400	0.02304	0.54067	0.04999	0.01699	0.02155	0.02088	0.01756	0.02253	0.02142	0.03810	0.01926	0.01166	0.00919	0.00306	0.01061	0.13016	0.00463	0.00911
17	0.02049	0.01929	0.03076	0.04443	0.51569	0.01967	0.02308	0.02837	0.11545	0.02877	0.02269	0.02600	0.04925	0.00895	0.00855	0.00260	0.00927	0.00846	0.00511	0.01314
18	0.01439	0.01331	0.02081	0.49309	0.04547	0.01564	0.01885	0.01909	0.01768	0.02209	0.03495	0.03920	0.18790	0.01215	0.00894	0.00285	0.00938	0.01046	0.00493	0.00882
19	0.03235	0.02384	0.02554	0.01958	0.02639	0.02639	0.01618	0.61946	0.04001	0.05363	0.02043	0.02043	0.01447	0.01022	0.00851	0.00255	0.00936	0.00766	0.00851	0.01447
20	0.01431	0.00856	0.01120	0.01197	0.01360	0.00777	0.00842	0.01620	0.01801	0.11110	0.07099	0.52119	0.10679	0.02357	0.01043	0.00326	0.00517	0.02109	0.00832	0.00804
21	0.02043	0.01764	0.01854	0.01674	0.02143	0.02024	0.01301	0.04304	0.59189	0.03476	0.03805	0.03507	0.06690	0.01221	0.00875	0.00289	0.00657	0.01017	0.00861	0.01305
22	0.01809	0.01519	0.01781	0.01308	0.02017	0.01214	0.01047	0.05477	0.01863	0.02863	0.01597	0.01893	0.01333	0.01062	0.05344	0.00222	0.00765	0.00548	0.00520	0.65821
23	0.01765	0.01513	0.01765	0.01260	0.02017	0.01134	0.01008	0.02143	0.01765	0.02773	0.01513	0.01765	0.01260	0.00630	0.00630	0.00126	0.00630	0.00504	0.00504	0.75295
24	0.01763	0.01686	0.02876	0.47424	0.17985	0.01946	0.06293	0.02414	0.04692	0.02404	0.01638	0.02279	0.01259	0.00837	0.00860	0.00278	0.01106	0.00783	0.00414	0.01062

[dist]
# distance from previous block
# <min> <max>
0	1

[block]
# block no. 3 follows, 21 sequences, length 124
# corresponding to MSA columns:
# 873-996
name=unknown_D
#
# <colnr> <probs for GDERKNQSTAVLIFYWHMCP>
#	G	D	E	R	K	N	Q	S	T	A	V	L	I	F	Y	W	H	M	C	P
0	0.02322	0.21084	0.06883	0.06512	0.29075	0.15431	0.02121	0.02737	0.01958	0.02395	0.01422	0.01781	0.01203	0.00781	0.00746	0.00229	0.01109	0.00627	0.00404	0.01181
1	0.03045	0.03833	0.02431	0.02197	0.02591	0.60171	0.01666	0.03261	0.02299	0.02079	0.01295	0.01568	0.01098	0.00939	0.00973	0.00235	0.08337	0.00568	0.00432	0.00981
2	0.76103	0.01646	0.01251	0.01119	0.01646	0.01909	0.00922	0.02502	0.01448	0.03818	0.01185	0.01382	0.00922	0.00790	0.00527	0.00263	0.00658	0.00461	0.00527	0.00922
3	0.01292	0.00939	0.01266	0.01405	0.01603	0.00912	0.01186	0.01654	0.02001	0.02621	0.13260	0.12449	0.11355	0.02264	0.01129	0.00361	0.00678	0.42044	0.00806	0.00774
4	0.01707	0.04402	0.65683	0.02426	0.03683	0.01976	0.03144	0.02695	0.01797	0.02695	0.01527	0.01797	0.01078	0.00809	0.00809	0.00270	0.01258	0.00629	0.00359	0.01258
5	0.01478	0.00739	0.01109	0.01109	0.01109	0.00739	0.00739	0.01109	0.01109	0.01478	0.01478	0.02587	0.01478	0.02956	0.03326	0.75240	0.00739	0.00739	0.00370	0.00370
6	0.01765	0.01513	0.01765	0.01260	0.02017	0.01134	0.01008	0.02143	0.01765	0.02773	0.01513	0.01765	0.01260	0.00630	0.00630	0.00126	0.00630	0.00504	0.00504	0.75295
7	0.02529	0.08693	0.05590	0.17622	0.12369	0.25051	0.01995	0.11239	0.02321	0.02692	0.01503	0.01855	0.01190	0.00859	0.00792	0.00243	0.01216	0.00653	0.00471	0.01116
8	0.02436	0.53598	0.06955	0.01656	0.02349	0.16474	0.01576	0.02732	0.01874	0.02052	0.01227	0.01421	0.01092	0.00763	0.00605	0.00194	0.01057	0.00483	0.00379	0.01078
9	0.01333	0.01162	0.01869	0.01694	0.01960	0.01122	0.12850	0.01821	0.07813	0.02426	0.04209	0.46190	0.07851	0.02103	0.01044	0.00325	0.00694	0.01960	0.00727	0.00848
10	0.02193	0.61029	0.13315	0.01596	0.02401	0.03166	0.01700	0.02569	0.01739	0.02102	0.01233	0.01428	0.01090	0.00740	0.00584	0.00195	0.00960	0.00480	0.00363	0.01116
11	0.01046	0.00748	0.00996	0.01179	0.01236	0.00697	0.00791	0.01208	0.01672	0.02240	0.07960	0.66074	0.05760	0.02615	0.01082	0.00341	0.00489	0.02371	0.00798	0.00697
12	0.01656	0.01563	0.02642	0.61837	0.11685	0.01904	0.02388	0.02218	0.01725	0.02234	0.01521	0.02253	0.01156	0.00842	0.00850	0.00281	0.01122	0.00756	0.00382	0.00985
13	0.03196	0.03547	0.02455	0.02121	0.02633	0.47170	0.01636	0.21232	0.02896	0.03082	0.01537	0.01690	0.01203	0.00921	0.00793	0.00230	0.01352	0.00615	0.00564	0.01127
14	0.01586	0.00793	0.00793	0.00793	0.00991	0.00793	0.00595	0.01983	0.01785	0.03173	0.02776	0.03173	0.02181	0.00991	0.00595	0.00198	0.00397	0.00793	0.74817	0.00793
15	0.02487	0.02473	0.02472	0.02713	0.17910	0.21570	0.01751	0.15908	0.02417	0.02968	0.01764	0.02194	0.01467	0.02105	0.15482	0.00491	0.01436	0.00730	0.00531	0.01130
16	0.02568	0.49064	0.03797	0.01694	0.02329	0.23859	0.01517	0.02823	0.01950	0.02028	0.01226	0.01420	0.01093	0.00776	0.00618	0.00194	0.01112	0.00485	0.00388	0.01058
17	0.01199	0.00950	0.01170	0.01247	0.01458	0.00922	0.01012	0.01475	0.01880	0.02369	0.06188	0.14761	0.31512	0.02248	0.01179	0.00339	0.04309	0.24262	0.00765	0.00753
18	0.01736	0.07845	0.62499	0.02375	0.03605	0.02049	0.03056	0.02687	0.01793	0.02659	0.01509	0.01774	0.01079	0.00804	0.00795	0.00265	0.01240	0.00620	0.00360	0.01249
19	0.01145	0.00820	0.01103	0.01247	0.01359	0.00778	0.00922	0.01399	0.01860	0.02506	0.16691	0.43442	0.05951	0.02409	0.01089	0.00340	0.00540	0.14846	0.00818	0.00734
20	0.01607	0.01513	0.02552	0.68047	0.05861	0.01891	0.02363	0.02174	0.01702	0.02174	0.01513	0.02269	0.01134	0.00851	0.00851	0.00284	0.01134	0.00756	0.00378	0.00945
21	0.01872	0.01782	0.03030	0.34765	0.37077	0.01960	0.02495	0.02406	0.01827	0.02495	0.01559	0.02183	0.01248	0.00802	0.00846	0.00267	0.01069	0.00757	0.00401	0.01159
22	0.01907	0.01819	0.03095	0.30263	0.41299	0.01970	0.02513	0.02437	0.01844	0.02539	0.01566	0.02171	0.01263	0.00795	0.00846	0.00265	0.01060	0.00757	0.00404	0.01188
23	0.01037	0.00741	0.00987	0.01185	0.01234	0.00691	0.00790	0.01185	0.01629	0.02172	0.04690	0.69537	0.05629	0.02666	0.01086	0.00346	0.00494	0.02419	0.00790	0.00691
24	0.01586	0.00793	0.00793	0.00793	0.00991	0.00793	0.00595	0.01983	0.01785	0.03173	0.02776	0.03173	0.02181	0.00991	0.00595	0.00198	0.00397	0.00793	0.74817	0.00793
25	0.01204	0.00870	0.01138	0.01071	0.01271	0.00803	0.00803	0.01606	0.02409	0.03413	0.64335	0.06357	0.08030	0.01740	0.01004	0.00268	0.00401	0.01539	0.00937	0.00803
26	0.01238	0.00825	0.00928	0.00928	0.00928	0.00825	0.00516	0.01238	0.01238	0.01650	0.02681	0.05569	0.03094	0.70092	0.04331	0.00825	0.00825	0.01238	0.00516	0.00516
27	0.76103	0.01646	0.01251	0.01119	0.01646	0.01909	0.00922	0.02502	0.01448	0.03818	0.01185	0.01382	0.00922	0.00790	0.00527	0.00263	0.00658	0.00461	0.00527	0.00922
28	0.01607	0.01513	0.02552	0.68047	0.05861	0.01891	0.02363	0.02174	0.01702	0.02174	0.01513	0.02269	0.01134	0.00851	0.00851	0.00284	0.01134	0.00756	0.00378	0.00945
29	0.01319	0.01077	0.01423	0.01411	0.01578	0.04511	0.01094	0.01618	0.01423	0.01981	0.02229	0.03248	0.02073	0.06093	0.63255	0.01307	0.02240	0.00893	0.00455	0.00772
30	0.02106	0.02022	0.03454	0.05223	0.64784	0.02022	0.02612	0.02612	0.01938	0.02780	0.01601	0.02106	0.01348	0.00758	0.00842	0.00253	0.01011	0.00758	0.00421	0.01348
31	0.01765	0.01513	0.01765	0.01260	0.02017	0.01134	0.01008	0.02143	0.01765	0.02773	0.01513	0.01765	0.01260	0.00630	0.00630	0.00126	0.00630	0.00504	0.00504	0.75295
32	0.01037	0.00741	0.00987	0.01185	0.01234	0.00691	0.00790	0.01185	0.01629	0.02172	0.04690	0.69537	0.05629	0.02666	0.01086	0.00346	0.00494	0.02419	0.00790	0.00691
33	0.02087	0.19237	0.03051	0.02036	0.02259	0.08750	0.01740	0.02298	0.01513	0.02040	0.01152	0.01707	0.01109	0.01242	0.02043	0.00311	0.45417	0.00654	0.00376	0.00976
34	0.01478	0.00739	0.01109	0.01109	0.01109	0.00739	0.00739	0.01109	0.01109	0.01478	0.01478	0.02587	0.01478	0.02956	0.03326	0.75240	0.00739	0.00739	0.00370	0.00370
35	0.76103	0.01646	0.01251	0.01119	0.01646	0.01909	0.00922	0.02502	0.01448	0.03818	0.01185	0.01382	0.00922	0.00790	0.00527	0.00263	0.00658	0.00461	0.00527	0.00922
36	0.01339	0.00901	0.01171	0.01086	0.01315	0.00824	0.00821	0.01728	0.02390	0.06760	0.58520	0.06249	0.10208	0.01721	0.00996	0.00268	0.00420	0.01513	0.00937	0.00835
37	0.02078	0.01993	0.03402	0.08832	0.61399	0.02014	0.02597	0.02587	0.01924	0.02745	0.01596	0.02116	0.01336	0.00764	0.00843	0.00255	0.01018	0.00758	0.00419	0.01325
38	0.01707	0.04402	0.65683	0.02426	0.03683	0.01976	0.03144	0.02695	0.01797	0.02695	0.01527	0.01797	0.01078	0.00809	0.00809	0.00270	0.01258	0.00629	0.00359	0.01258
39	0.01111	0.00794	0.01073	0.01270	0.01352	0.00755	0.00919	0.01314	0.01703	0.02256	0.04649	0.56198	0.05466	0.02596	0.01106	0.00356	0.00558	0.15024	0.00789	0.00712
40	0.03065	0.02239	0.02413	0.01896	0.02540	0.02477	0.01551	0.48877	0.14454	0.08014	0.02361	0.02287	0.01684	0.01047	0.00854	0.00262	0.00879	0.00805	0.00864	0.01429
41	0.02069	0.03073	0.30662	0.02637	0.13634	0.05192	0.02361	0.06106	0.12721	0.06043	0.02158	0.05858	0.01710	0.00989	0.00842	0.00271	0.01042	0.00822	0.00546	0.01263
42	0.01238	0.00825	0.00928	0.00928	0.00928	0.00825	0.00516	0.01238	0.01238	0.01650	0.02681	0.05569	0.03094	0.70092	0.04331	0.00825	0.00825	0.01238	0.00516	0.00516
43	0.01037	0.00741	0.00987	0.01185	0.01234	0.00691	0.00790	0.01185	0.01629	0.02172	0.04690	0.69537	0.05629	0.02666	0.01086	0.00346	0.00494	0.02419	0.00790	0.00691
44	0.02109	0.01974	0.03072	0.04351	0.49154	0.02046	0.02296	0.03089	0.17252	0.02975	0.02066	0.02373	0.01660	0.00857	0.00848	0.00262	0.00927	0.00809	0.00532	0.01348
45	0.01900	0.01907	0.01865	0.01727	0.01955	0.17752	0.01350	0.05104	0.01752	0.02183	0.01861	0.02615	0.01692	0.04041	0.37826	0.00883	0.11463	0.00790	0.00460	0.00875
46	0.01216	0.00912	0.01368	0.01368	0.01520	0.01064	0.01064	0.01520	0.01368	0.01976	0.02279	0.03343	0.02127	0.06382	0.66720	0.01368	0.02279	0.00912	0.00456	0.00760
47	0.01238	0.00825	0.00928	0.00928	0.00928	0.00825	0.00516	0.01238	0.01238	0.01650	0.02681	0.05569	0.03094	0.70092	0.04331	0.00825	0.00825	0.01238	0.00516	0.00516
48	0.02031	0.42150	0.30774	0.01873	0.02829	0.02769	0.02182	0.02611	0.01758	0.02300	0.01331	0.01551	0.01086	0.00763	0.00659	0.00220	0.01059	0.00530	0.00362	0.01163
49	0.02002	0.01618	0.01655	0.01468	0.01875	0.04372	0.01143	0.11715	0.28297	0.03558	0.12682	0.03920	0.09331	0.01289	0.00857	0.00265	0.00644	0.01063	0.11121	0.01125
50	0.01037	0.00741	0.00987	0.01185	0.01234	0.00691	0.00790	0.01185	0.01629	0.02172	0.04690	0.69537	0.05629	0.02666	0.01086	0.00346	0.00494	0.02419	0.00790	0.00691
51	0.02106	0.02022	0.03454	0.05223	0.64784	0.02022	0.02612	0.02612	0.01938	0.02780	0.01601	0.02106	0.01348	0.00758	0.00842	0.00253	0.01011	0.00758	0.00421	0.01348
52	0.01818	0.01986	0.08783	0.36628	0.29407	0.01952	0.02536	0.02399	0.01806	0.02467	0.01549	0.02159	0.01215	0.00810	0.00844	0.00270	0.01096	0.00745	0.00394	0.01137
53	0.02133	0.54068	0.19752	0.01698	0.02559	0.03020	0.01878	0.02585	0.01746	0.02175	0.01269	0.01473	0.01089	0.00748	0.00612	0.00204	0.00997	0.00498	0.00363	0.01133
54	0.01946	0.02026	0.02487	0.02151	0.02212	0.08977	0.01770	0.02137	0.01452	0.02066	0.01568	0.02192	0.04752	0.01466	0.02485	0.00352	0.57847	0.00785	0.00403	0.00924
55	0.02359	0.12605	0.31035	0.02001	0.02918	0.02192	0.02196	0.17564	0.02440	0.09845	0.05407	0.02175	0.01679	0.00930	0.00799	0.00253	0.01024	0.00715	0.00588	0.01276
56	0.02992	0.03701	0.02594	0.02722	0.13486	0.55384	0.01813	0.03261	0.02329	0.02205	0.01365	0.01634	0.01140	0.00856	0.00780	0.00225	0.01443	0.00585	0.00435	0.01050
57	0.01238	0.00825	0.00928	0.00928	0.00928	0.00825	0.00516	0.01238	0.01238	0.01650	0.02681	0.05569	0.03094	0.70092	0.04331	0.00825	0.00825	0.01238	0.00516	0.00516
58	0.01707	0.04402	0.65683	0.02426	0.03683	0.01976	0.03144	0.02695	0.01797	0.02695	0.01527	0.01797	0.01078	0.00809	0.00809	0.00270	0.01258	0.00629	0.00359	0.01258
59	0.01016	0.00862	0.00876	0.00872	0.01155	0.00723	0.00654	0.01240	0.01963	0.02353	0.11346	0.08100	0.61679	0.02135	0.01006	0.00286	0.00430	0.01783	0.00797	0.00723
60	0.01765	0.01513	0.01765	0.01260	0.02017	0.01134	0.01008	0.02143	0.01765	0.02773	0.01513	0.01765	0.01260	0.00630	0.00630	0.00126	0.00630	0.00504	0.00504	0.75295
61	0.01814	0.03714	0.46812	0.03027	0.12931	0.02011	0.12307	0.02687	0.01851	0.02713	0.01569	0.01922	0.01152	0.00787	0.00844	0.00270	0.01249	0.00707	0.00380	0.01254
62	0.01006	0.00862	0.00862	0.00862	0.01149	0.00718	0.00647	0.01221	0.01940	0.02299	0.08621	0.08190	0.64438	0.02155	0.01006	0.00287	0.00431	0.01796	0.00790	0.00718
63	0.02697	0.01865	0.01979	0.01578	0.02101	0.02037	0.01284	0.42380	0.03278	0.04649	0.02282	0.02412	0.01687	0.01012	0.00768	0.00237	0.00760	0.00775	0.24986	0.01234
64	0.02122	0.60524	0.04012	0.01443	0.02088	0.03034	0.01399	0.02399	0.01677	0.01998	0.01342	0.01651	0.01242	0.01546	0.10117	0.00354	0.01108	0.00521	0.00377	0.01044
65	0.01246	0.00939	0.01197	0.01326	0.01553	0.00890	0.01123	0.01578	0.01952	0.02462	0.05915	0.09117	0.25285	0.02284	0.01117	0.00356	0.00663	0.39449	0.00786	0.00761
66	0.01478	0.00739	0.01109	0.01109	0.01109	0.00739	0.00739	0.01109	0.01109	0.01478	0.01478	0.02587	0.01478	0.02956	0.03326	0.75240	0.00739	0.00739	0.00370	0.00370
67	0.03818	0.01448	0.01975	0.01514	0.02172	0.01251	0.01251	0.04147	0.02436	0.65373	0.03357	0.02897	0.02107	0.01053	0.00856	0.00263	0.00724	0.00856	0.01053	0.01448
68	0.02321	0.67241	0.04356	0.01493	0.02207	0.06566	0.01466	0.02591	0.01764	0.02006	0.01190	0.01374	0.01092	0.00736	0.00557	0.00184	0.00942	0.00460	0.00368	0.01087
69	0.02106	0.02022	0.03454	0.05223	0.64784	0.02022	0.02612	0.02612	0.01938	0.02780	0.01601	0.02106	0.01348	0.00758	0.00842	0.00253	0.01011	0.00758	0.00421	0.01348
70	0.76103	0.01646	0.01251	0.01119	0.01646	0.01909	0.00922	0.02502	0.01448	0.03818	0.01185	0.01382	0.00922	0.00790	0.00527	0.00263	0.00658	0.00461	0.00527	0.00922
71	0.02117	0.01828	0.01924	0.01732	0.02213	0.02117	0.01347	0.04522	0.63246	0.03560	0.03464	0.03175	0.02598	0.01155	0.00866	0.00289	0.00673	0.00962	0.00866	0.01347
72	0.01862	0.01862	0.02607	0.02234	0.02234	0.02607	0.01862	0.02048	0.01303	0.02048	0.01117	0.01862	0.01117	0.01489	0.02793	0.00372	0.68535	0.00745	0.00372	0.00931
73	0.01037	0.00741	0.00987	0.01185	0.01234	0.00691	0.00790	0.01185	0.01629	0.02172	0.04690	0.69537	0.05629	0.02666	0.01086	0.00346	0.00494	0.02419	0.00790	0.00691
74	0.01175	0.00869	0.01097	0.01040	0.01253	0.00791	0.00780	0.01550	0.02340	0.03249	0.56160	0.06626	0.16306	0.01801	0.01004	0.00271	0.00406	0.01577	0.00915	0.00791
75	0.02117	0.01828	0.01924	0.01732	0.02213	0.02117	0.01347	0.04522	0.63246	0.03560	0.03464	0.03175	0.02598	0.01155	0.00866	0.00289	0.00673	0.00962	0.00866	0.01347
76	0.01143	0.00785	0.00956	0.01049	0.01073	0.00762	0.00645	0.01213	0.01423	0.01897	0.03630	0.35783	0.04291	0.38245	0.02799	0.00599	0.00669	0.01796	0.00645	0.00599
