[name]
unknown

[dist]
# distance from previous block
# <min> <max>
3	51

[block]
# block no. 0 follows, 21 sequences, length 30
# corresponding to MSA columns:
# 71-100
name=unknown_A
#
# <colnr> <probs for GDERKNQSTAVLIFYWHMCP>
#	G	D	E	R	K	N	Q	S	T	A	V	L	I	F	Y	W	H	M	C	P
0	0.01150	0.00912	0.01294	0.14832	0.02172	0.00940	0.01096	0.01391	0.01678	0.02187	0.04470	0.49067	0.11137	0.02239	0.01029	0.00327	0.00618	0.02011	0.00706	0.00746
1	0.02164	0.02248	0.02538	0.10324	0.26303	0.18502	0.01914	0.05289	0.02069	0.02532	0.02170	0.15771	0.02140	0.01202	0.00874	0.00267	0.01051	0.01044	0.00517	0.01081
2	0.01747	0.01513	0.08501	0.01523	0.01910	0.01315	0.01304	0.02535	0.14327	0.10498	0.06936	0.15908	0.03146	0.03031	0.21080	0.00623	0.01184	0.01211	0.00699	0.01011
3	0.09974	0.02651	0.22313	0.03363	0.25352	0.01911	0.11142	0.02531	0.01828	0.02812	0.01791	0.07200	0.01543	0.00919	0.00840	0.00271	0.01070	0.00851	0.00444	0.01193
4	0.02740	0.17221	0.02630	0.01867	0.02331	0.44462	0.01474	0.02996	0.02232	0.02238	0.06277	0.01978	0.01702	0.00921	0.00730	0.00214	0.01247	0.00621	0.05136	0.00982
5	0.19617	0.06478	0.43416	0.02255	0.07177	0.02024	0.02502	0.02637	0.01719	0.02940	0.01435	0.01699	0.01059	0.00797	0.00732	0.00263	0.01082	0.00589	0.00404	0.01176
6	0.02106	0.02022	0.03454	0.05223	0.64784	0.02022	0.02612	0.02612	0.01938	0.02780	0.01601	0.02106	0.01348	0.00758	0.00842	0.00253	0.01011	0.00758	0.00421	0.01348
7	0.01765	0.01513	0.01765	0.01260	0.02017	0.01134	0.01008	0.02143	0.01765	0.02773	0.01513	0.01765	0.01260	0.00630	0.00630	0.00126	0.00630	0.00504	0.00504	0.75295
8	0.01935	0.02752	0.19084	0.09705	0.03579	0.09824	0.18476	0.02539	0.01836	0.02458	0.01577	0.02085	0.01247	0.01309	0.06491	0.00361	0.07577	0.00762	0.00409	0.05994
9	0.01030	0.00870	0.00896	0.00909	0.01190	0.00736	0.00694	0.01257	0.01941	0.02315	0.08349	0.08283	0.60508	0.02168	0.01017	0.00294	0.00454	0.05576	0.00790	0.00723
10	0.02275	0.70604	0.04459	0.01456	0.02184	0.03367	0.01456	0.02548	0.01729	0.02002	0.01183	0.01365	0.01092	0.00728	0.00546	0.00182	0.00910	0.00455	0.00364	0.01092
11	0.07688	0.13107	0.02540	0.01829	0.02384	0.30398	0.01470	0.08368	0.06418	0.15144	0.01897	0.01922	0.01415	0.00915	0.00750	0.00233	0.01117	0.00636	0.00618	0.01153
12	0.20303	0.07339	0.02359	0.02041	0.05288	0.30698	0.01550	0.02812	0.01885	0.02521	0.01249	0.01581	0.01070	0.00966	0.01113	0.00260	0.14968	0.00571	0.00440	0.00984
13	0.01053	0.00864	0.00928	0.00912	0.01179	0.00739	0.00684	0.01314	0.02052	0.02566	0.21995	0.07750	0.50898	0.02056	0.01005	0.00283	0.00424	0.01734	0.00825	0.00739
14	0.01122	0.01098	0.05237	0.01038	0.01359	0.00831	0.00866	0.01453	0.02094	0.02714	0.27630	0.07127	0.40536	0.01921	0.00992	0.00279	0.00475	0.01629	0.00813	0.00784
15	0.02994	0.17674	0.02831	0.02042	0.02539	0.53721	0.01606	0.03224	0.02272	0.02066	0.01288	0.01500	0.01095	0.00846	0.00722	0.00212	0.01407	0.00529	0.00423	0.01008
16	0.01216	0.00912	0.01368	0.01368	0.01520	0.01064	0.01064	0.01520	0.01368	0.01976	0.02279	0.03343	0.02127	0.06382	0.66720	0.01368	0.02279	0.00912	0.00456	0.00760
17	0.01238	0.00825	0.00928	0.00928	0.00928	0.00825	0.00516	0.01238	0.01238	0.01650	0.02681	0.05569	0.03094	0.70092	0.04331	0.00825	0.00825	0.01238	0.00516	0.00516
18	0.02106	0.02022	0.03454	0.05223	0.64784	0.02022	0.02612	0.02612	0.01938	0.02780	0.01601	0.02106	0.01348	0.00758	0.00842	0.00253	0.01011	0.00758	0.00421	0.01348
19	0.05991	0.08469	0.02878	0.09596	0.09851	0.39162	0.07068	0.03016	0.02152	0.02297	0.01387	0.01723	0.01137	0.00832	0.00777	0.00235	0.01338	0.00622	0.00428	0.01041
20	0.01076	0.00865	0.00959	0.00935	0.01192	0.00748	0.00702	0.01357	0.02105	0.02690	0.28207	0.07546	0.44608	0.02009	0.01005	0.00280	0.00421	0.01706	0.00842	0.00748
21	0.01607	0.01513	0.02552	0.68047	0.05861	0.01891	0.02363	0.02174	0.01702	0.02174	0.01513	0.02269	0.01134	0.00851	0.00851	0.00284	0.01134	0.00756	0.00378	0.00945
22	0.08043	0.03416	0.34757	0.02348	0.07001	0.05301	0.02407	0.20494	0.02470	0.03559	0.01650	0.01845	0.01195	0.00871	0.00800	0.00261	0.01113	0.00661	0.00528	0.01281
23	0.02007	0.23731	0.30206	0.02080	0.02867	0.06809	0.02276	0.02565	0.01716	0.02314	0.01326	0.01663	0.01091	0.00928	0.01133	0.00261	0.14938	0.00595	0.00369	0.01123
24	0.01234	0.00838	0.00996	0.00996	0.01020	0.00862	0.00601	0.01281	0.01258	0.01701	0.02619	0.05224	0.02944	0.60216	0.14002	0.00909	0.01050	0.01187	0.00506	0.00553
25	0.01765	0.01513	0.01765	0.01260	0.02017	0.01134	0.01008	0.02143	0.01765	0.02773	0.01513	0.01765	0.01260	0.00630	0.00630	0.00126	0.00630	0.00504	0.00504	0.75295
26	0.01238	0.00825	0.00928	0.00928	0.00928	0.00825	0.00516	0.01238	0.01238	0.01650	0.02681	0.05569	0.03094	0.70092	0.04331	0.00825	0.00825	0.01238	0.00516	0.00516
27	0.01236	0.00832	0.00962	0.00962	0.00974	0.00844	0.00558	0.01259	0.01248	0.01675	0.02650	0.05396	0.03019	0.65142	0.09179	0.00867	0.00938	0.01212	0.00511	0.00535
28	0.02109	0.02221	0.03913	0.08093	0.35243	0.06125	0.24274	0.02678	0.01980	0.02681	0.01622	0.02149	0.01299	0.00756	0.00898	0.00265	0.01207	0.00835	0.00423	0.01228
29	0.01820	0.02412	0.16342	0.26226	0.13474	0.02006	0.20368	0.02509	0.01847	0.02534	0.01591	0.02157	0.01201	0.00789	0.00887	0.00277	0.01232	0.00805	0.00396	0.01128

[dist]
# distance from previous block
# <min> <max>
0	1

[block]
# block no. 1 follows, 21 sequences, length 260
# corresponding to MSA columns:
# 102-361
name=unknown_B
#
# <colnr> <probs for GDERKNQSTAVLIFYWHMCP>
#	G	D	E	R	K	N	Q	S	T	A	V	L	I	F	Y	W	H	M	C	P
0	0.02383	0.03442	0.21895	0.06430	0.15765	0.24803	0.02323	0.05442	0.04802	0.02617	0.01573	0.01863	0.01224	0.00849	0.00808	0.00249	0.01260	0.00654	0.00443	0.01175
1	0.02849	0.21040	0.03034	0.02275	0.08106	0.44529	0.01683	0.03108	0.02193	0.02125	0.01307	0.01542	0.01118	0.00828	0.00717	0.00213	0.01326	0.00543	0.00418	0.01046
2	0.02307	0.01489	0.01563	0.01303	0.01712	0.01600	0.01042	0.28206	0.02754	0.04131	0.02456	0.02679	0.01860	0.01005	0.00707	0.00223	0.00633	0.00781	0.42470	0.01079
3	0.01600	0.01338	0.01589	0.01243	0.01840	0.01034	0.00959	0.01926	0.01734	0.02637	0.02231	0.17087	0.02248	0.01091	0.00733	0.00176	0.00599	0.00937	0.00569	0.58428
4	0.01611	0.00979	0.01154	0.01046	0.01383	0.00846	0.00807	0.01899	0.02163	0.14970	0.22551	0.06659	0.37063	0.01828	0.00976	0.00277	0.00481	0.01543	0.00881	0.00884
5	0.01216	0.00912	0.01368	0.01368	0.01520	0.01064	0.01064	0.01520	0.01368	0.01976	0.02279	0.03343	0.02127	0.06382	0.66720	0.01368	0.02279	0.00912	0.00456	0.00760
6	0.01238	0.00825	0.00928	0.00928	0.00928	0.00825	0.00516	0.01238	0.01238	0.01650	0.02681	0.05569	0.03094	0.70092	0.04331	0.00825	0.00825	0.01238	0.00516	0.00516
7	0.02275	0.70604	0.04459	0.01456	0.02184	0.03367	0.01456	0.02548	0.01729	0.02002	0.01183	0.01365	0.01092	0.00728	0.00546	0.00182	0.00910	0.00455	0.00364	0.01092
8	0.03220	0.02831	0.02516	0.02021	0.02637	0.19763	0.01625	0.46290	0.03576	0.04486	0.01849	0.01907	0.01353	0.00983	0.00829	0.00246	0.01096	0.00708	0.00741	0.01324
9	0.03818	0.01448	0.01975	0.01514	0.02172	0.01251	0.01251	0.04147	0.02436	0.65373	0.03357	0.02897	0.02107	0.01053	0.00856	0.00263	0.00724	0.00856	0.01053	0.01448
10	0.03818	0.01448	0.01975	0.01514	0.02172	0.01251	0.01251	0.04147	0.02436	0.65373	0.03357	0.02897	0.02107	0.01053	0.00856	0.00263	0.00724	0.00856	0.01053	0.01448
11	0.02117	0.01828	0.01924	0.01732	0.02213	0.02117	0.01347	0.04522	0.63246	0.03560	0.03464	0.03175	0.02598	0.01155	0.00866	0.00289	0.00673	0.00962	0.00866	0.01347
12	0.02291	0.01915	0.02022	0.01767	0.02279	0.02198	0.01389	0.13472	0.54012	0.03841	0.03242	0.02999	0.02418	0.01134	0.00864	0.00283	0.00714	0.00932	0.00864	0.01363
13	0.01915	0.02018	0.03474	0.02720	0.03029	0.02443	0.23344	0.02291	0.01557	0.02291	0.01334	0.02018	0.01180	0.01212	0.02151	0.00342	0.44442	0.00838	0.00393	0.01009
14	0.02106	0.02022	0.03454	0.05223	0.64784	0.02022	0.02612	0.02612	0.01938	0.02780	0.01601	0.02106	0.01348	0.00758	0.00842	0.00253	0.01011	0.00758	0.00421	0.01348
15	0.01765	0.01513	0.01765	0.01260	0.02017	0.01134	0.01008	0.02143	0.01765	0.02773	0.01513	0.01765	0.01260	0.00630	0.00630	0.00126	0.00630	0.00504	0.00504	0.75295
16	0.10880	0.05881	0.05450	0.02353	0.13012	0.07956	0.01705	0.23291	0.02712	0.15664	0.01993	0.02054	0.01433	0.00920	0.00790	0.00251	0.00946	0.00707	0.00697	0.01305
17	0.02083	0.01272	0.01323	0.01144	0.01488	0.01349	0.00903	0.20042	0.02452	0.03832	0.02555	0.02833	0.01960	0.01001	0.00672	0.00215	0.00559	0.00785	0.52540	0.00990
18	0.01204	0.00870	0.01138	0.01071	0.01271	0.00803	0.00803	0.01606	0.02409	0.03413	0.64335	0.06357	0.08030	0.01740	0.01004	0.00268	0.00401	0.01539	0.00937	0.00803
19	0.01006	0.00862	0.00862	0.00862	0.01149	0.00718	0.00647	0.01221	0.01940	0.02299	0.08621	0.08190	0.64438	0.02155	0.01006	0.00287	0.00431	0.01796	0.00790	0.00718
20	0.05889	0.03047	0.33354	0.17178	0.18932	0.01965	0.02723	0.02552	0.01791	0.02666	0.01523	0.01951	0.01147	0.00804	0.00810	0.00268	0.01138	0.00679	0.00388	0.01194
21	0.02098	0.09384	0.03515	0.08109	0.54953	0.02160	0.02474	0.02582	0.01903	0.02665	0.01551	0.02035	0.01309	0.00760	0.00811	0.00247	0.01007	0.00725	0.00413	0.01299
22	0.01201	0.00950	0.01107	0.01182	0.01401	0.00908	0.00897	0.01664	0.08453	0.02441	0.06124	0.26597	0.29091	0.02238	0.01046	0.00324	0.00540	0.12249	0.00797	0.00790
23	0.02349	0.02385	0.11914	0.02569	0.15668	0.05637	0.01899	0.16432	0.14765	0.06556	0.08890	0.02723	0.02322	0.01031	0.00858	0.00263	0.00914	0.00858	0.00685	0.01282
24	0.02205	0.10804	0.24465	0.05449	0.03415	0.18568	0.13953	0.02801	0.01952	0.02408	0.01449	0.01807	0.01131	0.00842	0.00930	0.00258	0.05376	0.00676	0.00395	0.01116
25	0.01238	0.00825	0.00928	0.00928	0.00928	0.00825	0.00516	0.01238	0.01238	0.01650	0.02681	0.05569	0.03094	0.70092	0.04331	0.00825	0.00825	0.01238	0.00516	0.00516
26	0.01216	0.00912	0.01368	0.01368	0.01520	0.01064	0.01064	0.01520	0.01368	0.01976	0.02279	0.03343	0.02127	0.06382	0.66720	0.01368	0.02279	0.00912	0.00456	0.00760
27	0.02675	0.01996	0.02536	0.02686	0.19074	0.02117	0.01747	0.28455	0.09570	0.10207	0.02539	0.02621	0.04674	0.01252	0.03669	0.00308	0.00939	0.00850	0.00738	0.01345
28	0.02285	0.02040	0.02642	0.06316	0.26793	0.07789	0.01927	0.17894	0.02386	0.03191	0.01829	0.02308	0.01506	0.02030	0.14754	0.00487	0.01313	0.00774	0.00540	0.01198
29	0.02018	0.04329	0.52318	0.02376	0.03461	0.15643	0.02827	0.02844	0.01927	0.02566	0.01482	0.01741	0.01082	0.00823	0.00800	0.00259	0.01316	0.00612	0.00376	0.01200
30	0.03179	0.04056	0.02412	0.02192	0.02631	0.66676	0.01644	0.03398	0.02412	0.02083	0.01315	0.01535	0.01096	0.00877	0.00767	0.00219	0.01535	0.00548	0.00438	0.00987
31	0.03476	0.01998	0.02315	0.01775	0.02447	0.02067	0.01466	0.38108	0.03356	0.30113	0.02585	0.02395	0.01719	0.01035	0.00853	0.00259	0.00849	0.00803	0.00935	0.01448
32	0.03179	0.04056	0.02412	0.02192	0.02631	0.66676	0.01644	0.03398	0.02412	0.02083	0.01315	0.01535	0.01096	0.00877	0.00767	0.00219	0.01535	0.00548	0.00438	0.00987
33	0.01026	0.00863	0.00890	0.00883	0.01162	0.00727	0.00663	0.01260	0.01988	0.02412	0.14295	0.08003	0.58693	0.02113	0.01006	0.00285	0.00428	0.01770	0.00805	0.00727
34	0.01862	0.01862	0.02607	0.02234	0.02234	0.02607	0.01862	0.02048	0.01303	0.02048	0.01117	0.01862	0.01117	0.01489	0.02793	0.00372	0.68535	0.00745	0.00372	0.00931
35	0.01607	0.01513	0.02552	0.68047	0.05861	0.01891	0.02363	0.02174	0.01702	0.02174	0.01513	0.02269	0.01134	0.00851	0.00851	0.00284	0.01134	0.00756	0.00378	0.00945
36	0.76103	0.01646	0.01251	0.01119	0.01646	0.01909	0.00922	0.02502	0.01448	0.03818	0.01185	0.01382	0.00922	0.00790	0.00527	0.00263	0.00658	0.00461	0.00527	0.00922
37	0.01006	0.00862	0.00862	0.00862	0.01149	0.00718	0.00647	0.01221	0.01940	0.02299	0.08621	0.08190	0.64438	0.02155	0.01006	0.00287	0.00431	0.01796	0.00790	0.00718
38	0.01216	0.00912	0.01368	0.01368	0.01520	0.01064	0.01064	0.01520	0.01368	0.01976	0.02279	0.03343	0.02127	0.06382	0.66720	0.01368	0.02279	0.00912	0.00456	0.00760
39	0.02106	0.02022	0.03454	0.05223	0.64784	0.02022	0.02612	0.02612	0.01938	0.02780	0.01601	0.02106	0.01348	0.00758	0.00842	0.00253	0.01011	0.00758	0.00421	0.01348
40	0.01132	0.00852	0.01069	0.01207	0.01374	0.00789	0.00928	0.01376	0.01826	0.02327	0.05817	0.32359	0.23112	0.02414	0.01090	0.00342	0.00565	0.19904	0.00788	0.00728
41	0.03235	0.02384	0.02554	0.01958	0.02639	0.02639	0.01618	0.61946	0.04001	0.05363	0.02043	0.02043	0.01447	0.01022	0.00851	0.00255	0.00936	0.00766	0.00851	0.01447
42	0.01355	0.01179	0.01827	0.19597	0.02781	0.01358	0.04066	0.01654	0.01609	0.02171	0.03101	0.36058	0.03443	0.02101	0.04312	0.00377	0.09994	0.01608	0.00590	0.00816
43	0.02524	0.24423	0.19358	0.02028	0.02766	0.30695	0.01974	0.02958	0.02045	0.02216	0.01330	0.01551	0.01090	0.00814	0.00711	0.00221	0.01273	0.00541	0.00395	0.01089
44	0.03818	0.01448	0.01975	0.01514	0.02172	0.01251	0.01251	0.04147	0.02436	0.65373	0.03357	0.02897	0.02107	0.01053	0.00856	0.00263	0.00724	0.00856	0.01053	0.01448
45	0.02117	0.01828	0.01924	0.01732	0.02213	0.02117	0.01347	0.04522	0.63246	0.03560	0.03464	0.03175	0.02598	0.01155	0.00866	0.00289	0.00673	0.00962	0.00866	0.01347
46	0.02844	0.17784	0.02917	0.05831	0.06206	0.43212	0.01697	0.05744	0.02273	0.02258	0.01347	0.01594	0.01127	0.00844	0.00733	0.00218	0.01324	0.00562	0.00437	0.01048
47	0.02942	0.03220	0.02471	0.12677	0.03150	0.39880	0.01753	0.18217	0.02706	0.02939	0.01534	0.01783	0.01192	0.00910	0.00802	0.00239	0.01317	0.00637	0.00535	0.01098
48	0.01216	0.00912	0.01368	0.01368	0.01520	0.01064	0.01064	0.01520	0.01368	0.01976	0.02279	0.03343	0.02127	0.06382	0.66720	0.01368	0.02279	0.00912	0.00456	0.00760
49	0.01707	0.04402	0.65683	0.02426	0.03683	0.01976	0.03144	0.02695	0.01797	0.02695	0.01527	0.01797	0.01078	0.00809	0.00809	0.00270	0.01258	0.00629	0.00359	0.01258
50	0.02267	0.02563	0.03623	0.03276	0.14535	0.17183	0.24418	0.02718	0.01941	0.02444	0.01478	0.01993	0.01220	0.00924	0.01297	0.00283	0.15519	0.00799	0.00418	0.01101
51	0.01204	0.00870	0.01138	0.01071	0.01271	0.00803	0.00803	0.01606	0.02409	0.03413	0.64335	0.06357	0.08030	0.01740	0.01004	0.00268	0.00401	0.01539	0.00937	0.00803
52	0.01607	0.01513	0.02552	0.68047	0.05861	0.01891	0.02363	0.02174	0.01702	0.02174	0.01513	0.02269	0.01134	0.00851	0.00851	0.00284	0.01134	0.00756	0.00378	0.00945
53	0.02190	0.09232	0.23988	0.03062	0.22077	0.10415	0.02383	0.08478	0.02134	0.02825	0.01837	0.02110	0.03833	0.00871	0.00803	0.00249	0.01120	0.00705	0.00455	0.01232
54	0.01546	0.01336	0.01620	0.01834	0.10848	0.01370	0.01189	0.02525	0.22037	0.02832	0.08606	0.12159	0.25400	0.01654	0.00945	0.00288	0.00601	0.01423	0.00769	0.01019
55	0.01092	0.00865	0.00982	0.00953	0.01203	0.00755	0.00715	0.01389	0.02144	0.02784	0.32881	0.07392	0.39876	0.01974	0.01005	0.00279	0.00418	0.01684	0.00854	0.00755
56	0.02064	0.02057	0.03745	0.07654	0.49435	0.02044	0.15081	0.02617	0.01942	0.02742	0.01622	0.02153	0.01327	0.00754	0.00877	0.00261	0.01106	0.00810	0.00421	0.01288
57	0.02442	0.07448	0.17348	0.02980	0.16167	0.24539	0.08644	0.05767	0.02164	0.02591	0.01494	0.01811	0.01183	0.00817	0.00809	0.00244	0.01284	0.00665	0.00431	0.01170
58	0.01217	0.00907	0.01343	0.01343	0.01487	0.01051	0.01033	0.01504	0.01360	0.01958	0.02302	0.03466	0.02181	0.09899	0.63277	0.01338	0.02199	0.00930	0.00459	0.00746
59	0.01006	0.00862	0.00862	0.00862	0.01149	0.00718	0.00647	0.01221	0.01940	0.02299	0.08621	0.08190	0.64438	0.02155	0.01006	0.00287	0.00431	0.01796	0.00790	0.00718
60	0.03179	0.04056	0.02412	0.02192	0.02631	0.66676	0.01644	0.03398	0.02412	0.02083	0.01315	0.01535	0.01096	0.00877	0.00767	0.00219	0.01535	0.00548	0.00438	0.00987
61	0.01586	0.00793	0.00793	0.00793	0.00991	0.00793	0.00595	0.01983	0.01785	0.03173	0.02776	0.03173	0.02181	0.00991	0.00595	0.00198	0.00397	0.00793	0.74817	0.00793
62	0.05587	0.38232	0.31166	0.01865	0.02816	0.02687	0.02171	0.02610	0.01745	0.02394	0.01334	0.01555	0.01078	0.00766	0.00660	0.00224	0.01050	0.00532	0.00370	0.01157
63	0.02617	0.02362	0.02694	0.19011	0.14690	0.12302	0.01987	0.27241	0.02809	0.03593	0.01718	0.02032	0.01297	0.00909	0.00837	0.00256	0.01092	0.00728	0.00592	0.01233
64	0.02425	0.03112	0.21604	0.07966	0.03124	0.16539	0.02043	0.12845	0.02334	0.06753	0.01674	0.01883	0.01239	0.00852	0.00786	0.00235	0.01129	0.00640	0.00526	0.12290
65	0.02273	0.49643	0.13218	0.01806	0.02588	0.09911	0.05356	0.02672	0.01829	0.02156	0.01280	0.01503	0.01102	0.00755	0.00636	0.00205	0.01060	0.00524	0.00375	0.01108
66	0.02040	0.04324	0.51378	0.02373	0.03445	0.16604	0.02805	0.02854	0.01936	0.02557	0.01479	0.01737	0.01082	0.00824	0.00799	0.00258	0.01320	0.00611	0.00377	0.01196
67	0.01006	0.00862	0.00862	0.00862	0.01149	0.00718	0.00647	0.01221	0.01940	0.02299	0.08621	0.08190	0.64438	0.02155	0.01006	0.00287	0.00431	0.01796	0.00790	0.00718
68	0.01036	0.00863	0.00905	0.00894	0.01168	0.00731	0.00671	0.01281	0.02012	0.02471	0.17229	0.07907	0.55723	0.02091	0.01005	0.00284	0.00426	0.01756	0.00813	0.00731
69	0.01238	0.00825	0.00928	0.00928	0.00928	0.00825	0.00516	0.01238	0.01238	0.01650	0.02681	0.05569	0.03094	0.70092	0.04331	0.00825	0.00825	0.01238	0.00516	0.00516
70	0.02117	0.01828	0.01924	0.01732	0.02213	0.02117	0.01347	0.04522	0.63246	0.03560	0.03464	0.03175	0.02598	0.01155	0.00866	0.00289	0.00673	0.00962	0.00866	0.01347
71	0.03211	0.03102	0.02493	0.02059	0.02636	0.30156	0.01629	0.36787	0.03318	0.03954	0.01730	0.01825	0.01296	0.00959	0.00815	0.00240	0.01194	0.00672	0.00674	0.01249
72	0.76103	0.01646	0.01251	0.01119	0.01646	0.01909	0.00922	0.02502	0.01448	0.03818	0.01185	0.01382	0.00922	0.00790	0.00527	0.00263	0.00658	0.00461	0.00527	0.00922
73	0.02985	0.01816	0.02085	0.01704	0.02295	0.01922	0.01373	0.17370	0.27870	0.26312	0.03104	0.02818	0.02160	0.01088	0.00859	0.00272	0.00751	0.00879	0.00930	0.01406
74	0.02117	0.01828	0.01924	0.01732	0.02213	0.02117	0.01347	0.04522	0.63246	0.03560	0.03464	0.03175	0.02598	0.01155	0.00866	0.00289	0.00673	0.00962	0.00866	0.01347
75	0.01482	0.01304	0.01879	0.01725	0.01814	0.01700	0.01393	0.01738	0.01341	0.02005	0.01800	0.02732	0.01711	0.04364	0.40354	0.00957	0.29605	0.00843	0.00421	0.00830
76	0.76103	0.01646	0.01251	0.01119	0.01646	0.01909	0.00922	0.02502	0.01448	0.03818	0.01185	0.01382	0.00922	0.00790	0.00527	0.00263	0.00658	0.00461	0.00527	0.00922
77	0.01027	0.00779	0.00947	0.01082	0.01207	0.00700	0.00744	0.01197	0.01728	0.02213	0.05944	0.49969	0.24387	0.02503	0.01061	0.00327	0.00474	0.02220	0.00790	0.00700
78	0.03179	0.04056	0.02412	0.02192	0.02631	0.66676	0.01644	0.03398	0.02412	0.02083	0.01315	0.01535	0.01096	0.00877	0.00767	0.00219	0.01535	0.00548	0.00438	0.00987
79	0.01077	0.00793	0.01012	0.01131	0.01251	0.00728	0.00795	0.01292	0.01832	0.02433	0.16129	0.46167	0.14969	0.02407	0.01063	0.00325	0.00480	0.04581	0.00816	0.00720
80	0.01144	0.00868	0.01054	0.01007	0.01234	0.00777	0.00755	0.01489	0.02266	0.03073	0.47359	0.06915	0.25218	0.01866	0.01004	0.00274	0.00410	0.01617	0.00892	0.00777
81	0.01586	0.00793	0.00793	0.00793	0.00991	0.00793	0.00595	0.01983	0.01785	0.03173	0.02776	0.03173	0.02181	0.00991	0.00595	0.00198	0.00397	0.00793	0.74817	0.00793
82	0.02856	0.02944	0.02781	0.03085	0.22275	0.28271	0.01943	0.19582	0.02708	0.03224	0.01610	0.01858	0.01274	0.00880	0.00815	0.00240	0.01201	0.00676	0.00549	0.01230
83	0.01239	0.00931	0.01190	0.01324	0.01542	0.00882	0.01112	0.01562	0.01937	0.02450	0.05827	0.12035	0.23924	0.02304	0.01117	0.00356	0.00657	0.38066	0.00786	0.00758
84	0.01137	0.00853	0.01071	0.01168	0.01344	0.00787	0.00892	0.01406	0.01928	0.02511	0.16077	0.27566	0.21909	0.02291	0.01071	0.00327	0.00530	0.15580	0.00814	0.00740
85	0.01338	0.00969	0.01326	0.01504	0.01708	0.00956	0.01306	0.01714	0.01957	0.02524	0.04876	0.09473	0.10253	0.02333	0.01160	0.00382	0.00752	0.53905	0.00784	0.00778
86	0.02206	0.50531	0.13310	0.01861	0.02666	0.05989	0.08199	0.02628	0.01801	0.02184	0.01297	0.01536	0.01112	0.00746	0.00644	0.00208	0.01046	0.00544	0.00374	0.01117
87	0.01952	0.02238	0.11619	0.17568	0.44657	0.01989	0.02633	0.02534	0.01871	0.02646	0.01573	0.02098	0.01269	0.00784	0.00840	0.00261	0.01069	0.00740	0.00404	0.01254
88	0.01105	0.00869	0.00989	0.00973	0.01212	0.00766	0.00731	0.01387	0.02081	0.02688	0.28512	0.07471	0.38483	0.04968	0.01157	0.00308	0.00453	0.04271	0.00831	0.00743
89	0.01027	0.00863	0.00892	0.00885	0.01163	0.00728	0.00663	0.01263	0.01990	0.02419	0.14623	0.07992	0.58362	0.02110	0.01006	0.00285	0.00428	0.01768	0.00806	0.00728
90	0.02043	0.02012	0.03632	0.04687	0.49317	0.01984	0.13960	0.02583	0.01953	0.02756	0.01799	0.02595	0.01551	0.00846	0.00894	0.00268	0.01079	0.04322	0.00445	0.01275
91	0.02164	0.02447	0.06725	0.22657	0.30860	0.15638	0.02367	0.02656	0.01961	0.02452	0.01510	0.02014	0.01217	0.00813	0.00827	0.00256	0.01172	0.00705	0.00409	0.01149
92	0.01764	0.02890	0.30330	0.16457	0.22295	0.01897	0.02676	0.02476	0.01828	0.02591	0.01974	0.02371	0.04991	0.00883	0.00839	0.00268	0.01109	0.00764	0.00408	0.01189
93	0.02131	0.09699	0.31639	0.06103	0.09182	0.15786	0.08468	0.02798	0.01950	0.02487	0.01477	0.01806	0.01133	0.00804	0.00801	0.00252	0.01273	0.00653	0.00390	0.01166
94	0.02275	0.70604	0.04459	0.01456	0.02184	0.03367	0.01456	0.02548	0.01729	0.02002	0.01183	0.01365	0.01092	0.00728	0.00546	0.00182	0.00910	0.00455	0.00364	0.01092
95	0.01707	0.04402	0.65683	0.02426	0.03683	0.01976	0.03144	0.02695	0.01797	0.02695	0.01527	0.01797	0.01078	0.00809	0.00809	0.00270	0.01258	0.00629	0.00359	0.01258
96	0.01006	0.00862	0.00862	0.00862	0.01149	0.00718	0.00647	0.01221	0.01940	0.02299	0.08621	0.08190	0.64438	0.02155	0.01006	0.00287	0.00431	0.01796	0.00790	0.00718
97	0.01346	0.01103	0.01617	0.01542	0.01663	0.01374	0.01224	0.01626	0.01355	0.01990	0.02045	0.03045	0.01924	0.05398	0.53852	0.01167	0.15616	0.00878	0.00439	0.00794
98	0.01028	0.00774	0.00953	0.01097	0.01211	0.00699	0.00751	0.01195	0.01714	0.02207	0.05758	0.52878	0.21598	0.02527	0.01064	0.00330	0.00477	0.02250	0.00790	0.00699
99	0.02794	0.02164	0.02305	0.01869	0.02471	0.02433	0.01511	0.39284	0.27382	0.04652	0.02604	0.02490	0.01901	0.01074	0.00857	0.00269	0.00833	0.00844	0.00857	0.01408
100	0.01217	0.00908	0.01348	0.01348	0.01493	0.01053	0.01039	0.01507	0.01362	0.01961	0.02298	0.03444	0.02171	0.09267	0.63895	0.01343	0.02214	0.00927	0.00459	0.00749
101	0.01081	0.00779	0.01034	0.01222	0.01302	0.00731	0.00862	0.01265	0.01688	0.02229	0.04849	0.58569	0.08274	0.02600	0.01095	0.00349	0.00530	0.10049	0.00789	0.00705
102	0.01707	0.04402	0.65683	0.02426	0.03683	0.01976	0.03144	0.02695	0.01797	0.02695	0.01527	0.01797	0.01078	0.00809	0.00809	0.00270	0.01258	0.00629	0.00359	0.01258
103	0.01862	0.01862	0.02607	0.02234	0.02234	0.02607	0.01862	0.02048	0.01303	0.02048	0.01117	0.01862	0.01117	0.01489	0.02793	0.00372	0.68535	0.00745	0.00372	0.00931
104	0.02282	0.02562	0.02544	0.02221	0.02361	0.23043	0.01792	0.02479	0.01657	0.02059	0.01180	0.01757	0.01110	0.01294	0.02147	0.00324	0.47164	0.00682	0.00393	0.00949
105	0.03235	0.02384	0.02554	0.01958	0.02639	0.02639	0.01618	0.61946	0.04001	0.05363	0.02043	0.02043	0.01447	0.01022	0.00851	0.00255	0.00936	0.00766	0.00851	0.01447
106	0.03179	0.04056	0.02412	0.02192	0.02631	0.66676	0.01644	0.03398	0.02412	0.02083	0.01315	0.01535	0.01096	0.00877	0.00767	0.00219	0.01535	0.00548	0.00438	0.00987
107	0.01032	0.00857	0.00903	0.00903	0.01169	0.00728	0.00673	0.01268	0.01985	0.02435	0.15517	0.10783	0.54565	0.02126	0.01009	0.00288	0.00430	0.01792	0.00809	0.00728
108	0.01107	0.00866	0.01003	0.00969	0.01212	0.00762	0.00727	0.01418	0.02180	0.02869	0.37129	0.07252	0.35574	0.01943	0.01005	0.00277	0.00416	0.01665	0.00865	0.00762
109	0.01765	0.01513	0.01765	0.01260	0.02017	0.01134	0.01008	0.02143	0.01765	0.02773	0.01513	0.01765	0.01260	0.00630	0.00630	0.00126	0.00630	0.00504	0.00504	0.75295
110	0.01478	0.00739	0.01109	0.01109	0.01109	0.00739	0.00739	0.01109	0.01109	0.01478	0.01478	0.02587	0.01478	0.02956	0.03326	0.75240	0.00739	0.00739	0.00370	0.00370
111	0.02009	0.02296	0.05022	0.03587	0.04448	0.02152	0.61693	0.02726	0.02009	0.02726	0.01722	0.02296	0.01291	0.00717	0.01004	0.00287	0.01435	0.01004	0.00430	0.01148
112	0.01707	0.04402	0.65683	0.02426	0.03683	0.01976	0.03144	0.02695	0.01797	0.02695	0.01527	0.01797	0.01078	0.00809	0.00809	0.00270	0.01258	0.00629	0.00359	0.01258
113	0.06160	0.02861	0.19081	0.02352	0.03047	0.15477	0.16784	0.02575	0.01863	0.02474	0.01682	0.02192	0.01363	0.02059	0.15734	0.00511	0.01558	0.00760	0.00425	0.01042
114	0.01067	0.00865	0.00947	0.00927	0.01187	0.00745	0.00695	0.01340	0.02085	0.02644	0.25870	0.07622	0.46974	0.02027	0.01005	0.00281	0.00422	0.01716	0.00836	0.00745
115	0.02148	0.02295	0.02855	0.14444	0.28987	0.16539	0.04703	0.02564	0.01973	0.02434	0.02131	0.02546	0.06914	0.00966	0.00958	0.00262	0.04909	0.00814	0.00449	0.01110
116	0.02101	0.02140	0.03055	0.23159	0.39455	0.10446	0.02413	0.02587	0.01931	0.02512	0.01538	0.02079	0.01253	0.00801	0.00835	0.00257	0.01116	0.00730	0.00411	0.01183
117	0.01917	0.02451	0.17280	0.16913	0.36653	0.01990	0.02630	0.02624	0.04428	0.02673	0.01645	0.02113	0.01297	0.00805	0.00837	0.00264	0.01077	0.00737	0.00417	0.01248
118	0.02106	0.02022	0.03454	0.05223	0.64784	0.02022	0.02612	0.02612	0.01938	0.02780	0.01601	0.02106	0.01348	0.00758	0.00842	0.00253	0.01011	0.00758	0.00421	0.01348
119	0.02085	0.02147	0.06715	0.05077	0.61583	0.02020	0.02640	0.02616	0.01930	0.02776	0.01597	0.02090	0.01334	0.00761	0.00841	0.00254	0.01024	0.00751	0.00418	0.01343
120	0.76103	0.01646	0.01251	0.01119	0.01646	0.01909	0.00922	0.02502	0.01448	0.03818	0.01185	0.01382	0.00922	0.00790	0.00527	0.00263	0.00658	0.00461	0.00527	0.00922
121	0.02062	0.01977	0.03374	0.10821	0.59534	0.02010	0.02590	0.02573	0.01917	0.02726	0.01593	0.02121	0.01329	0.00766	0.00843	0.00255	0.01022	0.00758	0.00417	0.01312
122	0.01014	0.00829	0.00896	0.00950	0.01173	0.00711	0.00686	0.01211	0.01855	0.02265	0.07554	0.24848	0.48469	0.02294	0.01028	0.00303	0.00448	0.01965	0.00790	0.00711
123	0.02106	0.02022	0.03454	0.05223	0.64784	0.02022	0.02612	0.02612	0.01938	0.02780	0.01601	0.02106	0.01348	0.00758	0.00842	0.00253	0.01011	0.00758	0.00421	0.01348
124	0.01216	0.00912	0.01368	0.01368	0.01520	0.01064	0.01064	0.01520	0.01368	0.01976	0.02279	0.03343	0.02127	0.06382	0.66720	0.01368	0.02279	0.00912	0.00456	0.00760
125	0.01081	0.00876	0.00967	0.00976	0.01238	0.00762	0.00753	0.01350	0.02027	0.02528	0.18312	0.08008	0.47764	0.02101	0.01024	0.00295	0.00464	0.07918	0.00816	0.00741
126	0.01988	0.01645	0.01885	0.01366	0.02111	0.01363	0.01101	0.11228	0.02104	0.03167	0.01593	0.01807	0.01289	0.00690	0.00664	0.00146	0.00677	0.00544	0.00557	0.64076
127	0.01037	0.00741	0.00987	0.01185	0.01234	0.00691	0.00790	0.01185	0.01629	0.02172	0.04690	0.69537	0.05629	0.02666	0.01086	0.00346	0.00494	0.02419	0.00790	0.00691
128	0.02272	0.02361	0.03215	0.08204	0.50237	0.13704	0.02423	0.02729	0.02010	0.02620	0.01544	0.02012	0.01290	0.00785	0.00829	0.00248	0.01113	0.00720	0.00422	0.01260
129	0.02316	0.02116	0.02986	0.10996	0.35714	0.05287	0.02222	0.14571	0.06011	0.03205	0.01752	0.02135	0.01395	0.00890	0.00947	0.00264	0.04619	0.00761	0.00528	0.01284
130	0.06840	0.05957	0.02413	0.01905	0.02477	0.19140	0.01525	0.29220	0.15210	0.03907	0.02052	0.02070	0.01541	0.00984	0.00800	0.00250	0.01023	0.00718	0.00706	0.01262
131	0.76103	0.01646	0.01251	0.01119	0.01646	0.01909	0.00922	0.02502	0.01448	0.03818	0.01185	0.01382	0.00922	0.00790	0.00527	0.00263	0.00658	0.00461	0.00527	0.00922
132	0.01216	0.00912	0.01368	0.01368	0.01520	0.01064	0.01064	0.01520	0.01368	0.01976	0.02279	0.03343	0.02127	0.06382	0.66720	0.01368	0.02279	0.00912	0.00456	0.00760
133	0.01018	0.00863	0.00879	0.00875	0.01157	0.00724	0.00656	0.01245	0.01968	0.02366	0.11981	0.08079	0.61037	0.02130	0.01006	0.00286	0.00429	0.01781	0.00799	0.00724
134	0.02895	0.03583	0.02454	0.02201	0.02545	0.52881	0.01691	0.03107	0.02173	0.02075	0.01273	0.01605	0.01101	0.01009	0.01203	0.00252	0.15961	0.00590	0.00424	0.00975
135	0.01027	0.00863	0.00892	0.00885	0.01163	0.00728	0.00663	0.01263	0.01990	0.02419	0.14623	0.07992	0.58362	0.02110	0.01006	0.00285	0.00428	0.01768	0.00806	0.00728
136	0.02132	0.02091	0.03363	0.08114	0.59079	0.04994	0.02555	0.02627	0.01948	0.02719	0.01583	0.02088	0.01326	0.00768	0.00839	0.00253	0.01041	0.00748	0.00420	0.01312
137	0.02079	0.01994	0.03404	0.08691	0.61532	0.02015	0.02598	0.02588	0.01925	0.02747	0.01596	0.02115	0.01336	0.00763	0.00843	0.00254	0.01018	0.00758	0.00419	0.01326
138	0.01099	0.00773	0.00998	0.01154	0.01202	0.00737	0.00767	0.01231	0.01566	0.02085	0.04255	0.52410	0.05049	0.16890	0.01777	0.00450	0.00581	0.05585	0.00732	0.00660
139	0.01425	0.01676	0.11409	0.14783	0.06293	0.01332	0.04778	0.01926	0.01976	0.02645	0.16731	0.05182	0.17320	0.01477	0.00954	0.00289	0.00810	0.07431	0.00635	0.00927
140	0.02274	0.02685	0.16389	0.03905	0.37826	0.05140	0.02501	0.13312	0.02300	0.03193	0.01651	0.02003	0.01297	0.00822	0.00833	0.00255	0.01074	0.00723	0.00486	0.01330
141	0.06356	0.02431	0.02576	0.16094	0.19171	0.19329	0.01936	0.12057	0.02318	0.02907	0.01978	0.02304	0.05035	0.00936	0.00818	0.00253	0.01111	0.00750	0.00513	0.01125
142	0.01068	0.00879	0.00948	0.00971	0.01241	0.00759	0.00755	0.01319	0.01971	0.02400	0.11419	0.08272	0.52902	0.02157	0.01029	0.00300	0.00477	0.09603	0.00798	0.00732
143	0.03182	0.03955	0.02420	0.02178	0.02631	0.62814	0.01643	0.06929	0.02507	0.02281	0.01359	0.01565	0.01117	0.00886	0.00772	0.00221	0.01499	0.00561	0.00463	0.01014
144	0.02145	0.11210	0.13841	0.06066	0.14882	0.08096	0.01910	0.11390	0.02211	0.02954	0.02327	0.02564	0.07011	0.00970	0.00781	0.00243	0.00968	0.00775	0.08515	0.01142
145	0.03114	0.03933	0.02474	0.02375	0.06379	0.62777	0.01703	0.03351	0.02383	0.02125	0.01333	0.01569	0.01111	0.00870	0.00772	0.00221	0.01503	0.00561	0.00437	0.01008
146	0.02135	0.01808	0.01926	0.01735	0.02210	0.02077	0.01364	0.07581	0.56223	0.03600	0.03447	0.03499	0.02672	0.01219	0.00884	0.00293	0.00695	0.04455	0.00860	0.01319
147	0.02059	0.01974	0.03369	0.11185	0.59192	0.02010	0.02588	0.02570	0.01915	0.02723	0.01592	0.02122	0.01328	0.00767	0.00843	0.00256	0.01023	0.00758	0.00417	0.01310
148	0.01132	0.00867	0.01037	0.00994	0.01227	0.00772	0.00746	0.01465	0.02237	0.03005	0.43918	0.07029	0.28701	0.01892	0.01004	0.00275	0.00412	0.01633	0.00883	0.00772
149	0.01073	0.00854	0.00963	0.00959	0.01197	0.00744	0.00711	0.01344	0.02065	0.02651	0.26471	0.13108	0.40719	0.02065	0.01012	0.00286	0.00427	0.01768	0.00838	0.00744
150	0.03235	0.02384	0.02554	0.01958	0.02639	0.02639	0.01618	0.61946	0.04001	0.05363	0.02043	0.02043	0.01447	0.01022	0.00851	0.00255	0.00936	0.00766	0.00851	0.01447
151	0.01006	0.00862	0.00862	0.00862	0.01149	0.00718	0.00647	0.01221	0.01940	0.02299	0.08621	0.08190	0.64438	0.02155	0.01006	0.00287	0.00431	0.01796	0.00790	0.00718
152	0.02850	0.02377	0.02126	0.01744	0.02265	0.15749	0.01392	0.36022	0.03164	0.04175	0.02055	0.02191	0.01539	0.00984	0.00776	0.00235	0.00941	0.00726	0.17487	0.01202
153	0.01862	0.01862	0.02607	0.02234	0.02234	0.02607	0.01862	0.02048	0.01303	0.02048	0.01117	0.01862	0.01117	0.01489	0.02793	0.00372	0.68535	0.00745	0.00372	0.00931
154	0.01942	0.01033	0.01374	0.01196	0.01526	0.00929	0.00929	0.02323	0.02416	0.20901	0.47124	0.05380	0.06358	0.01546	0.00962	0.00266	0.00493	0.01346	0.00970	0.00985
155	0.03235	0.02384	0.02554	0.01958	0.02639	0.02639	0.01618	0.61946	0.04001	0.05363	0.02043	0.02043	0.01447	0.01022	0.00851	0.00255	0.00936	0.00766	0.00851	0.01447
156	0.03179	0.04056	0.02412	0.02192	0.02631	0.66676	0.01644	0.03398	0.02412	0.02083	0.01315	0.01535	0.01096	0.00877	0.00767	0.00219	0.01535	0.00548	0.00438	0.00987
157	0.01204	0.00870	0.01138	0.01071	0.01271	0.00803	0.00803	0.01606	0.02409	0.03413	0.64335	0.06357	0.08030	0.01740	0.01004	0.00268	0.00401	0.01539	0.00937	0.00803
158	0.01030	0.00768	0.00959	0.01112	0.01215	0.00697	0.00758	0.01193	0.01699	0.02201	0.05579	0.55667	0.18925	0.02551	0.01068	0.00332	0.00480	0.02278	0.00790	0.00697
159	0.76103	0.01646	0.01251	0.01119	0.01646	0.01909	0.00922	0.02502	0.01448	0.03818	0.01185	0.01382	0.00922	0.00790	0.00527	0.00263	0.00658	0.00461	0.00527	0.00922
160	0.03179	0.04056	0.02412	0.02192	0.02631	0.66676	0.01644	0.03398	0.02412	0.02083	0.01315	0.01535	0.01096	0.00877	0.00767	0.00219	0.01535	0.00548	0.00438	0.00987
161	0.01043	0.00864	0.00914	0.00902	0.01173	0.00734	0.00676	0.01294	0.02028	0.02510	0.19156	0.07843	0.53772	0.02077	0.01005	0.00284	0.00425	0.01747	0.00818	0.00734
162	0.02009	0.02296	0.05022	0.03587	0.04448	0.02152	0.61693	0.02726	0.02009	0.02726	0.01722	0.02296	0.01291	0.00717	0.01004	0.00287	0.01435	0.01004	0.00430	0.01148
163	0.02774	0.03312	0.02732	0.06553	0.21473	0.43857	0.01973	0.03098	0.02232	0.02297	0.01411	0.01745	0.01174	0.00840	0.00794	0.00233	0.01356	0.00622	0.00430	0.01093
164	0.01027	0.00826	0.00917	0.00973	0.01183	0.00715	0.00700	0.01233	0.01873	0.02328	0.10783	0.26772	0.43117	0.02286	0.01030	0.00304	0.00448	0.01970	0.00799	0.00715
165	0.02751	0.07325	0.16841	0.02119	0.02823	0.28686	0.01950	0.18104	0.05995	0.03130	0.01659	0.01804	0.01264	0.00905	0.00791	0.00242	0.01238	0.00639	0.00545	0.01191
166	0.01911	0.01267	0.01901	0.09245	0.16263	0.01242	0.01440	0.02217	0.01867	0.15086	0.03497	0.26783	0.06637	0.05286	0.01128	0.00324	0.00740	0.01452	0.00701	0.01012
167	0.01029	0.00856	0.00899	0.00904	0.01168	0.00726	0.00672	0.01261	0.01972	0.02411	0.14386	0.11692	0.54815	0.02141	0.01010	0.00289	0.00432	0.01806	0.00806	0.00726
168	0.01006	0.00862	0.00862	0.00862	0.01149	0.00718	0.00647	0.01221	0.01940	0.02299	0.08621	0.08190	0.64438	0.02155	0.01006	0.00287	0.00431	0.01796	0.00790	0.00718
169	0.02010	0.01923	0.03280	0.17370	0.53391	0.01997	0.02564	0.02527	0.01892	0.02663	0.01584	0.02138	0.01307	0.00776	0.00844	0.00259	0.01035	0.00758	0.00413	0.01270
170	0.02403	0.01983	0.06025	0.07564	0.42579	0.01864	0.02280	0.03007	0.05461	0.15324	0.02049	0.02318	0.01546	0.00847	0.00845	0.00259	0.00953	0.00783	0.00567	0.01342
171	0.01084	0.00865	0.00971	0.00944	0.01198	0.00752	0.00708	0.01373	0.02125	0.02738	0.30608	0.07467	0.42177	0.01991	0.01005	0.00280	0.00419	0.01695	0.00848	0.00752
172	0.01982	0.01895	0.03229	0.20899	0.50082	0.01989	0.02550	0.02503	0.01879	0.02629	0.01579	0.02147	0.01295	0.00781	0.00845	0.00260	0.01042	0.00758	0.00410	0.01248
173	0.02139	0.03041	0.22265	0.03934	0.37198	0.11337	0.02634	0.02751	0.01963	0.02654	0.01537	0.01929	0.01229	0.00791	0.00821	0.00253	0.01162	0.00688	0.00405	0.01268
174	0.01444	0.01225	0.01831	0.02415	0.22000	0.01172	0.01369	0.01814	0.02067	0.02854	0.26586	0.14888	0.13721	0.01621	0.00964	0.00278	0.00619	0.01456	0.00725	0.00952
175	0.02952	0.03678	0.02366	0.02260	0.05431	0.57757	0.01637	0.03193	0.02296	0.02106	0.01415	0.01724	0.01201	0.01367	0.06703	0.00324	0.01577	0.00591	0.00439	0.00983
176	0.01995	0.01762	0.02438	0.02439	0.17809	0.01547	0.04870	0.07671	0.02023	0.03005	0.01594	0.01904	0.01301	0.00702	0.00724	0.00178	0.00798	0.00619	0.00511	0.46110
177	0.02845	0.10605	0.02661	0.02123	0.02512	0.48412	0.01664	0.03064	0.02139	0.02068	0.01266	0.01576	0.01100	0.00973	0.01113	0.00243	0.13657	0.00574	0.00419	0.00987
178	0.01171	0.00895	0.00938	0.00909	0.01212	0.00752	0.00688	0.01403	0.01992	0.05838	0.11249	0.07802	0.58043	0.02073	0.00997	0.00285	0.00446	0.01731	0.00812	0.00763
179	0.01006	0.00862	0.00862	0.00862	0.01149	0.00718	0.00647	0.01221	0.01940	0.02299	0.08621	0.08190	0.64438	0.02155	0.01006	0.00287	0.00431	0.01796	0.00790	0.00718
180	0.01121	0.00867	0.01022	0.00983	0.01220	0.00768	0.00738	0.01445	0.02213	0.02947	0.41032	0.07124	0.31623	0.01914	0.01005	0.00276	0.00414	0.01647	0.00876	0.00768
181	0.01047	0.00864	0.00919	0.00906	0.01175	0.00736	0.00679	0.01301	0.02037	0.02531	0.20224	0.07808	0.52691	0.02069	0.01005	0.00283	0.00425	0.01743	0.00821	0.00736
182	0.01055	0.00864	0.00931	0.00914	0.01180	0.00739	0.00685	0.01317	0.02056	0.02576	0.22468	0.07734	0.50419	0.02052	0.01005	0.00282	0.00424	0.01732	0.00827	0.00739
183	0.02275	0.70604	0.04459	0.01456	0.02184	0.03367	0.01456	0.02548	0.01729	0.02002	0.01183	0.01365	0.01092	0.00728	0.00546	0.00182	0.00910	0.00455	0.00364	0.01092
184	0.03818	0.01448	0.01975	0.01514	0.02172	0.01251	0.01251	0.04147	0.02436	0.65373	0.03357	0.02897	0.02107	0.01053	0.00856	0.00263	0.00724	0.00856	0.01053	0.01448
185	0.03651	0.01716	0.02141	0.01641	0.02306	0.01648	0.01356	0.20701	0.02884	0.48187	0.02981	0.02652	0.01918	0.01044	0.00855	0.00261	0.00785	0.00830	0.00995	0.01448
186	0.02009	0.02296	0.05022	0.03587	0.04448	0.02152	0.61693	0.02726	0.02009	0.02726	0.01722	0.02296	0.01291	0.00717	0.01004	0.00287	0.01435	0.01004	0.00430	0.01148
187	0.03235	0.02384	0.02554	0.01958	0.02639	0.02639	0.01618	0.61946	0.04001	0.05363	0.02043	0.02043	0.01447	0.01022	0.00851	0.00255	0.00936	0.00766	0.00851	0.01447
188	0.01238	0.00825	0.00928	0.00928	0.00928	0.00825	0.00516	0.01238	0.01238	0.01650	0.02681	0.05569	0.03094	0.70092	0.04331	0.00825	0.00825	0.01238	0.00516	0.00516
189	0.02770	0.01481	0.01868	0.01385	0.02093	0.01191	0.01127	0.03124	0.02093	0.33425	0.02416	0.02319	0.01675	0.00837	0.00741	0.00193	0.00676	0.00676	0.00773	0.39136
190	0.01862	0.01862	0.02607	0.02234	0.02234	0.02607	0.01862	0.02048	0.01303	0.02048	0.01117	0.01862	0.01117	0.01489	0.02793	0.00372	0.68535	0.00745	0.00372	0.00931
191	0.01018	0.00816	0.00910	0.00985	0.01182	0.00708	0.00701	0.01208	0.01822	0.02251	0.07130	0.31457	0.42133	0.02349	0.01036	0.00309	0.00455	0.02032	0.00790	0.00708
192	0.02029	0.01943	0.03315	0.14914	0.55695	0.02002	0.02573	0.02544	0.01901	0.02687	0.01587	0.02131	0.01315	0.00773	0.00844	0.00258	0.01030	0.00758	0.00415	0.01286
193	0.01216	0.00912	0.01368	0.01368	0.01520	0.01064	0.01064	0.01520	0.01368	0.01976	0.02279	0.03343	0.02127	0.06382	0.66720	0.01368	0.02279	0.00912	0.00456	0.00760
194	0.02368	0.63761	0.04249	0.01532	0.02230	0.09877	0.01475	0.02636	0.01799	0.02010	0.01197	0.01383	0.01093	0.00743	0.00569	0.00186	0.00974	0.00465	0.00372	0.01081
195	0.01014	0.00832	0.00893	0.00942	0.01171	0.00712	0.00682	0.01212	0.01863	0.02267	0.07644	0.23437	0.49822	0.02282	0.01026	0.00302	0.00447	0.01951	0.00790	0.00712
196	0.02074	0.02007	0.03480	0.08612	0.58628	0.02021	0.05442	0.02593	0.01928	0.02744	0.01602	0.02124	0.01333	0.00761	0.00851	0.00256	0.01038	0.00770	0.00419	0.01316
197	0.01960	0.02025	0.06612	0.20685	0.46819	0.01987	0.02579	0.02508	0.01871	0.02625	0.01575	0.02130	0.01280	0.00784	0.00843	0.00261	0.01055	0.00751	0.00407	0.01243
198	0.01371	0.00980	0.01371	0.01567	0.01763	0.00980	0.01371	0.01763	0.01959	0.02547	0.04506	0.09599	0.04898	0.02351	0.01175	0.00392	0.00784	0.59056	0.00784	0.00784
199	0.01821	0.02553	0.22010	0.03661	0.35487	0.01798	0.02461	0.02445	0.01946	0.02793	0.08760	0.02837	0.05790	0.00964	0.00859	0.00262	0.00986	0.00866	0.00480	0.01224
200	0.02028	0.01944	0.11923	0.08724	0.17796	0.01573	0.05508	0.04938	0.01982	0.12313	0.02680	0.19695	0.02516	0.01323	0.00914	0.00286	0.00903	0.01200	0.00620	0.01135
201	0.02952	0.03626	0.02632	0.02833	0.15760	0.53018	0.01849	0.03232	0.02312	0.02230	0.01376	0.01655	0.01149	0.00852	0.00783	0.00226	0.01424	0.00592	0.00435	0.01063
202	0.10728	0.03214	0.02585	0.02945	0.20325	0.41182	0.01844	0.03076	0.02172	0.02469	0.01383	0.01682	0.01150	0.00834	0.00763	0.00234	0.01290	0.00599	0.00443	0.01083
203	0.02645	0.02552	0.15604	0.01868	0.02592	0.02200	0.01774	0.39707	0.03176	0.04444	0.02053	0.02174	0.01488	0.00972	0.00801	0.00249	0.00917	0.00742	0.12741	0.01301
204	0.02057	0.29625	0.02489	0.01214	0.01671	0.05923	0.01068	0.05667	0.01924	0.02751	0.01995	0.02271	0.01629	0.00879	0.00600	0.00196	0.00706	0.00639	0.35733	0.00964
205	0.01765	0.01513	0.01765	0.01260	0.02017	0.01134	0.01008	0.02143	0.01765	0.02773	0.01513	0.01765	0.01260	0.00630	0.00630	0.00126	0.00630	0.00504	0.00504	0.75295
206	0.02275	0.70604	0.04459	0.01456	0.02184	0.03367	0.01456	0.02548	0.01729	0.02002	0.01183	0.01365	0.01092	0.00728	0.00546	0.00182	0.00910	0.00455	0.00364	0.01092
207	0.01055	0.00864	0.00931	0.00914	0.01180	0.00739	0.00685	0.01317	0.02056	0.02576	0.22468	0.07734	0.50419	0.02052	0.01005	0.00282	0.00424	0.01732	0.00827	0.00739
208	0.01037	0.00741	0.00987	0.01185	0.01234	0.00691	0.00790	0.01185	0.01629	0.02172	0.04690	0.69537	0.05629	0.02666	0.01086	0.00346	0.00494	0.02419	0.00790	0.00691
209	0.01039	0.00863	0.00909	0.00897	0.01170	0.00733	0.00673	0.01287	0.02019	0.02488	0.18075	0.07879	0.54866	0.02085	0.01005	0.00284	0.00426	0.01752	0.00815	0.00733
210	0.03290	0.01566	0.01959	0.01582	0.02185	0.01519	0.01281	0.04264	0.21306	0.46192	0.03390	0.02983	0.02259	0.01085	0.00859	0.00271	0.00708	0.00889	0.00995	0.01417
