[name]
unknown

[dist]
# distance from previous block
# <min> <max>
19	146

[block]
# block no. 0 follows, 21 sequences, length 11
# corresponding to MSA columns:
# 168-178
name=unknown_A
#
# <colnr> <probs for GDERKNQSTAVLIFYWHMCP>
#	G	D	E	R	K	N	Q	S	T	A	V	L	I	F	Y	W	H	M	C	P
0	0.02650	0.02266	0.05712	0.08131	0.05120	0.04660	0.01709	0.36567	0.11925	0.04236	0.02308	0.06768	0.01831	0.01110	0.00864	0.00268	0.00928	0.00890	0.00749	0.01305
1	0.02641	0.07575	0.02780	0.02633	0.12784	0.31363	0.01839	0.07982	0.02169	0.02469	0.01371	0.01737	0.01173	0.01001	0.01239	0.00261	0.16809	0.00641	0.00451	0.01081
2	0.02040	0.02129	0.01890	0.02125	0.10569	0.23777	0.01439	0.02340	0.02023	0.02374	0.03008	0.13559	0.05997	0.01735	0.03924	0.00330	0.01052	0.12353	0.06422	0.00914
3	0.01322	0.01049	0.01457	0.01835	0.13443	0.01007	0.01051	0.01550	0.01755	0.02372	0.14003	0.20502	0.12382	0.20274	0.01890	0.00436	0.00660	0.01549	0.00669	0.00793
4	0.01919	0.02376	0.11523	0.02936	0.03785	0.01955	0.40227	0.02578	0.01904	0.02700	0.01630	0.02113	0.01252	0.00747	0.00990	0.00258	0.04324	0.00851	0.00434	0.15498
5	0.02457	0.02701	0.02637	0.09052	0.20537	0.26577	0.01940	0.03211	0.13927	0.02574	0.01821	0.02099	0.01463	0.00925	0.00917	0.00256	0.04530	0.00717	0.00507	0.01153
6	0.02264	0.15305	0.13251	0.15101	0.08638	0.21783	0.02011	0.02725	0.01964	0.02322	0.01489	0.01851	0.01195	0.00831	0.00745	0.00235	0.01175	0.00620	0.05435	0.01061
7	0.01992	0.18692	0.21980	0.03086	0.23085	0.02406	0.02392	0.02540	0.01756	0.02468	0.01412	0.01807	0.01175	0.00872	0.01045	0.00258	0.10803	0.00647	0.00383	0.01201
8	0.01649	0.01490	0.01994	0.02540	0.22765	0.01501	0.01479	0.02503	0.17079	0.02772	0.04992	0.04910	0.27996	0.01439	0.00916	0.00276	0.00686	0.01242	0.00685	0.01085
9	0.08677	0.03620	0.36014	0.02629	0.12050	0.14464	0.02499	0.02866	0.01933	0.05431	0.01547	0.01802	0.01152	0.00824	0.00783	0.00257	0.01200	0.00627	0.00429	0.01197
10	0.02538	0.09332	0.02249	0.01869	0.02238	0.43275	0.01419	0.02754	0.02121	0.02085	0.02027	0.14809	0.02048	0.01611	0.05618	0.00324	0.01330	0.00928	0.00501	0.00923

[dist]
# distance from previous block
# <min> <max>
1	6

[block]
# block no. 1 follows, 21 sequences, length 6
# corresponding to MSA columns:
# 185-190
name=unknown_B
#
# <colnr> <probs for GDERKNQSTAVLIFYWHMCP>
#	G	D	E	R	K	N	Q	S	T	A	V	L	I	F	Y	W	H	M	C	P
0	0.02010	0.02117	0.02668	0.44444	0.14647	0.15220	0.02256	0.02496	0.01885	0.02253	0.01486	0.02092	0.01161	0.00841	0.00832	0.00265	0.01197	0.00714	0.00397	0.01018
1	0.02452	0.12373	0.12839	0.02252	0.10062	0.02301	0.01852	0.15710	0.19461	0.08735	0.02290	0.02301	0.01701	0.00953	0.00803	0.00257	0.00902	0.00760	0.00671	0.01325
2	0.01276	0.00918	0.01167	0.01276	0.01432	0.00895	0.01017	0.01530	0.01753	0.02256	0.04643	0.08245	0.13793	0.21338	0.02035	0.00497	0.00740	0.33782	0.00709	0.00698
3	0.01304	0.01009	0.01337	0.01596	0.10372	0.00967	0.00928	0.01513	0.01744	0.02353	0.17361	0.10793	0.13979	0.28466	0.02288	0.00493	0.00668	0.01419	0.00662	0.00748
4	0.12600	0.01426	0.01552	0.01311	0.01797	0.01353	0.01015	0.11975	0.02071	0.03168	0.02887	0.20714	0.06558	0.01376	0.00802	0.00238	0.00636	0.01150	0.00663	0.26709
5	0.01660	0.01423	0.01808	0.05861	0.02038	0.01621	0.01276	0.06995	0.04873	0.02697	0.11897	0.07504	0.10915	0.06993	0.01708	0.00334	0.19704	0.01118	0.00623	0.08953

[dist]
# distance from previous block
# <min> <max>
0	2

[block]
# block no. 2 follows, 21 sequences, length 12
# corresponding to MSA columns:
# 193-204
name=unknown_C
#
# <colnr> <probs for GDERKNQSTAVLIFYWHMCP>
#	G	D	E	R	K	N	Q	S	T	A	V	L	I	F	Y	W	H	M	C	P
0	0.05276	0.25316	0.19925	0.04944	0.02876	0.15375	0.01984	0.10189	0.02156	0.02703	0.01424	0.01641	0.01129	0.00824	0.00711	0.00230	0.01131	0.00573	0.00446	0.01146
1	0.02632	0.12162	0.02490	0.01862	0.02325	0.30726	0.01485	0.14519	0.02403	0.02701	0.01655	0.02013	0.01394	0.02103	0.15343	0.00475	0.01495	0.00659	0.00514	0.01043
2	0.02624	0.18250	0.02616	0.01771	0.02287	0.29094	0.01429	0.03298	0.14326	0.06969	0.02484	0.02489	0.06866	0.01020	0.00763	0.00234	0.01069	0.00738	0.00581	0.01093
3	0.05749	0.10673	0.38899	0.03014	0.20011	0.02134	0.02704	0.02647	0.01810	0.02703	0.01493	0.01813	0.01145	0.00785	0.00775	0.00255	0.01122	0.00637	0.00385	0.01247
4	0.02245	0.06862	0.19695	0.02482	0.11594	0.18268	0.02077	0.08970	0.02130	0.02676	0.01649	0.02042	0.01341	0.01790	0.12064	0.00436	0.01413	0.00680	0.00457	0.01128
5	0.01719	0.18713	0.02182	0.01416	0.01823	0.01839	0.01177	0.02631	0.20353	0.02678	0.07255	0.13800	0.11196	0.01567	0.00879	0.00281	0.00674	0.08093	0.00713	0.01011
6	0.02623	0.02837	0.02582	0.02887	0.19452	0.28813	0.01831	0.07123	0.17701	0.02850	0.01980	0.02135	0.01565	0.00924	0.00818	0.00248	0.01138	0.00723	0.00567	0.01205
7	0.01693	0.01615	0.02792	0.07106	0.28400	0.01582	0.12061	0.02135	0.01894	0.02560	0.03329	0.13156	0.12091	0.01339	0.00950	0.00287	0.00912	0.04481	0.00552	0.01066
8	0.02300	0.02641	0.02252	0.02208	0.07463	0.30712	0.01596	0.02540	0.01946	0.02156	0.02404	0.02749	0.10259	0.01605	0.06109	0.00354	0.18466	0.00821	0.00472	0.00948
9	0.01812	0.15770	0.46875	0.02307	0.03389	0.02197	0.07745	0.02620	0.01784	0.02544	0.01516	0.01831	0.01145	0.01031	0.03666	0.00304	0.01256	0.00643	0.00370	0.01197
10	0.01552	0.01245	0.02150	0.01761	0.02112	0.01259	0.17349	0.01983	0.01670	0.02551	0.02310	0.03121	0.01969	0.06459	0.24122	0.00666	0.01362	0.00916	0.24580	0.00863
11	0.05965	0.16103	0.02365	0.01613	0.01867	0.02033	0.01361	0.01943	0.01432	0.02108	0.01659	0.02396	0.01556	0.03492	0.30997	0.00774	0.20290	0.00742	0.00417	0.00888

[dist]
# distance from previous block
# <min> <max>
18	37

[block]
# block no. 3 follows, 21 sequences, length 9
# corresponding to MSA columns:
# 242-250
name=unknown_D
#
# <colnr> <probs for GDERKNQSTAVLIFYWHMCP>
#	G	D	E	R	K	N	Q	S	T	A	V	L	I	F	Y	W	H	M	C	P
0	0.02425	0.02103	0.02681	0.13311	0.23713	0.06999	0.01967	0.22582	0.02595	0.03472	0.01823	0.02281	0.01451	0.04133	0.00993	0.00280	0.01006	0.00769	0.04191	0.01225
1	0.22360	0.01785	0.01822	0.01552	0.01949	0.04549	0.01261	0.18396	0.02216	0.03551	0.02180	0.02461	0.05865	0.01534	0.06273	0.00361	0.12495	0.00758	0.07603	0.01029
2	0.02340	0.03937	0.38443	0.02421	0.06310	0.21232	0.02514	0.03020	0.02040	0.07664	0.01618	0.01824	0.01181	0.00847	0.00802	0.00253	0.01284	0.00630	0.00443	0.01197
3	0.02824	0.02984	0.02461	0.02651	0.15674	0.37062	0.01727	0.03275	0.06697	0.09580	0.02177	0.02306	0.04947	0.00964	0.00814	0.00240	0.01206	0.00728	0.00556	0.01127
4	0.02353	0.02843	0.13200	0.03546	0.25397	0.13310	0.13434	0.10220	0.02270	0.02960	0.01618	0.01986	0.01264	0.00812	0.00855	0.00256	0.01210	0.00749	0.00470	0.01246
5	0.01492	0.01138	0.01426	0.01317	0.01442	0.01273	0.00948	0.06432	0.01549	0.02162	0.02400	0.08044	0.02553	0.33914	0.17195	0.00776	0.10296	0.01101	0.00527	0.04014
6	0.16099	0.01957	0.06774	0.01501	0.01904	0.12641	0.01238	0.02503	0.06310	0.08040	0.07019	0.14151	0.02915	0.08815	0.01216	0.00339	0.00845	0.04141	0.00652	0.00938
7	0.01915	0.22487	0.12715	0.02047	0.02710	0.02177	0.15832	0.06535	0.01899	0.02500	0.02057	0.11186	0.01989	0.08884	0.01217	0.00320	0.01024	0.00982	0.00487	0.01037
8	0.02429	0.33591	0.03334	0.01982	0.07615	0.10774	0.01568	0.08871	0.16624	0.02772	0.01859	0.01944	0.01505	0.00879	0.00704	0.00225	0.00943	0.00643	0.00544	0.01195

[dist]
# distance from previous block
# <min> <max>
4	14

[block]
# block no. 4 follows, 21 sequences, length 6
# corresponding to MSA columns:
# 265-270
name=unknown_E
#
# <colnr> <probs for GDERKNQSTAVLIFYWHMCP>
#	G	D	E	R	K	N	Q	S	T	A	V	L	I	F	Y	W	H	M	C	P
0	0.22021	0.02728	0.09966	0.01729	0.02314	0.22845	0.01505	0.03139	0.08617	0.09912	0.02235	0.02282	0.05355	0.00976	0.00745	0.00254	0.01014	0.00694	0.00589	0.01078
1	0.01821	0.01668	0.02296	0.03050	0.27879	0.05850	0.01780	0.02434	0.08425	0.02764	0.08974	0.11589	0.03326	0.01441	0.00951	0.00294	0.00846	0.12897	0.00635	0.01082
2	0.01232	0.01288	0.08181	0.01556	0.05264	0.00994	0.01170	0.01631	0.05299	0.02358	0.04482	0.48340	0.10496	0.02215	0.01021	0.00323	0.00611	0.01982	0.00726	0.00832
3	0.01349	0.00977	0.01199	0.01268	0.01429	0.00965	0.00940	0.07085	0.01900	0.02490	0.04512	0.32792	0.11126	0.13042	0.01588	0.00417	0.00646	0.14765	0.00751	0.00759
4	0.02035	0.02455	0.08678	0.02083	0.02456	0.19326	0.08255	0.02389	0.01809	0.02278	0.01951	0.10662	0.01866	0.01752	0.07547	0.00391	0.16926	0.00941	0.05253	0.00947
5	0.06803	0.02299	0.08838	0.03027	0.24856	0.10039	0.01977	0.03142	0.07864	0.15091	0.02239	0.02694	0.01757	0.00977	0.00837	0.00265	0.00979	0.04450	0.00613	0.01252

[dist]
# distance from previous block
# <min> <max>
33	122

[block]
# block no. 5 follows, 21 sequences, length 25
# corresponding to MSA columns:
# 406-430
name=unknown_F
#
# <colnr> <probs for GDERKNQSTAVLIFYWHMCP>
#	G	D	E	R	K	N	Q	S	T	A	V	L	I	F	Y	W	H	M	C	P
0	0.02735	0.02776	0.02156	0.01915	0.02359	0.31523	0.01511	0.19723	0.02711	0.03142	0.02137	0.03092	0.01888	0.01436	0.04268	0.00315	0.01229	0.09595	0.04425	0.01066
1	0.02720	0.03932	0.19985	0.02396	0.06111	0.41027	0.02107	0.07211	0.02327	0.02515	0.01439	0.01672	0.01128	0.00862	0.00788	0.00237	0.01390	0.00596	0.00444	0.01112
2	0.02002	0.02398	0.12541	0.03365	0.27465	0.05994	0.08306	0.02920	0.13626	0.02821	0.02592	0.02812	0.07390	0.00975	0.00869	0.00267	0.01007	0.00886	0.00533	0.01232
3	0.01683	0.01529	0.01376	0.01288	0.01617	0.11078	0.00978	0.02273	0.11611	0.05290	0.15381	0.05814	0.28921	0.04210	0.01070	0.00296	0.00671	0.03244	0.00773	0.00897
4	0.16097	0.02524	0.18854	0.03196	0.28337	0.01919	0.02226	0.04677	0.01864	0.03047	0.01509	0.01851	0.01192	0.00773	0.00752	0.00246	0.00965	0.00642	0.00449	0.08878
5	0.02219	0.13722	0.03765	0.04061	0.39302	0.08280	0.11370	0.02692	0.01958	0.02577	0.01523	0.01958	0.01273	0.00758	0.00811	0.00243	0.01108	0.00726	0.00415	0.01241
6	0.02133	0.02174	0.01933	0.01503	0.02177	0.18190	0.01174	0.02470	0.01933	0.02593	0.01461	0.01705	0.01218	0.00694	0.00666	0.00150	0.00866	0.00516	0.00487	0.55957
7	0.02176	0.01294	0.01829	0.02109	0.15805	0.01181	0.01310	0.02483	0.02049	0.22966	0.04668	0.15354	0.20081	0.01567	0.00934	0.00281	0.00668	0.01360	0.00793	0.01094
8	0.01114	0.00794	0.01053	0.01163	0.01234	0.00785	0.00791	0.01283	0.01581	0.02149	0.08613	0.42791	0.04805	0.14533	0.12601	0.00591	0.00841	0.01900	0.00700	0.00682
9	0.02106	0.07994	0.02141	0.11653	0.02496	0.01876	0.01349	0.23556	0.02618	0.03503	0.15994	0.03574	0.03122	0.12681	0.01439	0.00351	0.00825	0.00988	0.00697	0.01037
10	0.02971	0.03313	0.02476	0.02147	0.02566	0.41563	0.01675	0.16336	0.02584	0.02815	0.01446	0.01704	0.01179	0.01012	0.01125	0.00253	0.12605	0.00630	0.00520	0.01081
11	0.02106	0.02022	0.03454	0.05223	0.64784	0.02022	0.02612	0.02612	0.01938	0.02780	0.01601	0.02106	0.01348	0.00758	0.00842	0.00253	0.01011	0.00758	0.00421	0.01348
12	0.01648	0.01195	0.01432	0.01380	0.01600	0.01254	0.01008	0.16950	0.02170	0.02919	0.03506	0.37427	0.03861	0.09772	0.09226	0.00495	0.00857	0.01687	0.00737	0.00877
13	0.01032	0.00761	0.00966	0.01131	0.01220	0.00696	0.00766	0.01191	0.01681	0.02194	0.05348	0.59278	0.15463	0.02581	0.01073	0.00336	0.00483	0.02315	0.00790	0.00696
14	0.02236	0.21275	0.33531	0.02116	0.03025	0.19170	0.02321	0.02840	0.01939	0.02358	0.01384	0.01618	0.01086	0.00806	0.00731	0.00234	0.01241	0.00563	0.00381	0.01145
15	0.01743	0.08568	0.61830	0.02365	0.03589	0.02064	0.03038	0.02686	0.01792	0.02651	0.01506	0.01770	0.01079	0.00803	0.00792	0.00264	0.01236	0.00618	0.00360	0.01247
16	0.01211	0.01693	0.17823	0.01508	0.01872	0.01026	0.01403	0.01578	0.01673	0.02308	0.03867	0.51909	0.04444	0.02183	0.01014	0.00326	0.00693	0.01953	0.00678	0.00839
17	0.03191	0.03689	0.02443	0.02141	0.02633	0.52643	0.01638	0.16228	0.02760	0.02802	0.01475	0.01646	0.01173	0.00909	0.00786	0.00227	0.01404	0.00596	0.00529	0.01088
18	0.01216	0.00912	0.01368	0.01368	0.01520	0.01064	0.01064	0.01520	0.01368	0.01976	0.02279	0.03343	0.02127	0.06382	0.66720	0.01368	0.02279	0.00912	0.00456	0.00760
19	0.03208	0.03195	0.02485	0.02072	0.02635	0.33701	0.01630	0.33546	0.03230	0.03772	0.01690	0.01797	0.01277	0.00951	0.00811	0.00238	0.01227	0.00660	0.00651	0.01224
20	0.03179	0.04056	0.02412	0.02192	0.02631	0.66676	0.01644	0.03398	0.02412	0.02083	0.01315	0.01535	0.01096	0.00877	0.00767	0.00219	0.01535	0.00548	0.00438	0.00987
21	0.02223	0.02385	0.02889	0.24933	0.29384	0.18804	0.02279	0.02674	0.01984	0.02401	0.01498	0.02011	0.01213	0.00819	0.00826	0.00254	0.01188	0.00703	0.00412	0.01123
22	0.02286	0.02362	0.03280	0.04717	0.54390	0.12834	0.02450	0.02743	0.02017	0.02664	0.01553	0.02011	0.01306	0.00778	0.00830	0.00247	0.01099	0.00723	0.00424	0.01288
23	0.03221	0.02803	0.02518	0.02017	0.02637	0.18697	0.01624	0.47264	0.03603	0.04541	0.01861	0.01916	0.01359	0.00985	0.00830	0.00246	0.01086	0.00711	0.00748	0.01332
24	0.01806	0.01817	0.02828	0.02326	0.02503	0.02297	0.11736	0.02085	0.01469	0.02200	0.01565	0.08225	0.01571	0.01438	0.02254	0.00346	0.48446	0.00935	0.00426	0.03726

[dist]
# distance from previous block
# <min> <max>
7	15

[block]
# block no. 6 follows, 21 sequences, length 45
# corresponding to MSA columns:
# 447-491
name=unknown_G
#
# <colnr> <probs for GDERKNQSTAVLIFYWHMCP>
#	G	D	E	R	K	N	Q	S	T	A	V	L	I	F	Y	W	H	M	C	P
0	0.07867	0.06569	0.33218	0.02614	0.14535	0.02022	0.02385	0.09003	0.01984	0.02965	0.01653	0.02156	0.01333	0.06875	0.01092	0.00308	0.01073	0.00699	0.00452	0.01195
1	0.05059	0.03204	0.14444	0.02642	0.13248	0.22570	0.02057	0.20529	0.02659	0.03346	0.01615	0.01826	0.01234	0.00884	0.00805	0.00246	0.01189	0.00661	0.00546	0.01233
2	0.01315	0.01030	0.01508	0.01979	0.13195	0.01003	0.01200	0.01555	0.01701	0.02294	0.03869	0.40096	0.04437	0.09353	0.01397	0.00386	0.00674	0.11506	0.00691	0.00811
3	0.01108	0.01190	0.07647	0.01178	0.01474	0.00852	0.00994	0.01388	0.01812	0.02306	0.06241	0.30018	0.33358	0.02212	0.01023	0.00312	0.00557	0.04814	0.00745	0.00768
4	0.02271	0.59694	0.10675	0.01601	0.02367	0.07080	0.01642	0.02615	0.01778	0.02079	0.01227	0.01420	0.01091	0.00745	0.00587	0.00193	0.00984	0.00479	0.00368	0.01103
5	0.01006	0.00862	0.00862	0.00862	0.01149	0.00718	0.00647	0.01221	0.01940	0.02299	0.08621	0.08190	0.64438	0.02155	0.01006	0.00287	0.00431	0.01796	0.00790	0.00718
6	0.03193	0.02363	0.02530	0.01950	0.02623	0.02619	0.01607	0.59781	0.06235	0.05295	0.02097	0.02086	0.01491	0.01027	0.00852	0.00257	0.00927	0.00774	0.00852	0.01443
7	0.02442	0.01816	0.01994	0.01677	0.02136	0.01983	0.01313	0.36899	0.09472	0.04144	0.02898	0.19377	0.02722	0.05658	0.01124	0.00316	0.00790	0.01232	0.00817	0.01190
8	0.01006	0.00862	0.00862	0.00862	0.01149	0.00718	0.00647	0.01221	0.01940	0.02299	0.08621	0.08190	0.64438	0.02155	0.01006	0.00287	0.00431	0.01796	0.00790	0.00718
9	0.03048	0.01623	0.01975	0.01574	0.02108	0.01634	0.01263	0.22401	0.02693	0.31559	0.02735	0.02985	0.02012	0.09884	0.08093	0.00443	0.00967	0.00878	0.00861	0.01265
10	0.02031	0.38014	0.29203	0.02165	0.08035	0.02691	0.02237	0.02613	0.01774	0.02348	0.01358	0.01602	0.01108	0.00763	0.00677	0.00223	0.01059	0.00551	0.00367	0.01181
11	0.01954	0.03507	0.35552	0.13403	0.03752	0.14020	0.06193	0.02675	0.01946	0.02538	0.05323	0.02136	0.01528	0.00880	0.00832	0.00263	0.01248	0.00714	0.00417	0.01120
12	0.10681	0.01572	0.01935	0.07101	0.02437	0.01596	0.01335	0.03908	0.17938	0.37781	0.03005	0.02759	0.02029	0.01035	0.00824	0.00272	0.00739	0.00834	0.00894	0.01326
13	0.02077	0.02089	0.03092	0.22606	0.41749	0.08681	0.02442	0.02570	0.01920	0.02537	0.01546	0.02093	0.01262	0.00797	0.00837	0.00258	0.01100	0.00736	0.00411	0.01197
14	0.02101	0.07820	0.03847	0.04586	0.47673	0.02160	0.14136	0.02629	0.01934	0.02704	0.01590	0.02081	0.01315	0.00748	0.00849	0.00254	0.01086	0.00781	0.00418	0.01287
15	0.02461	0.02532	0.02378	0.24642	0.03648	0.24969	0.01857	0.14323	0.02433	0.02808	0.01862	0.02735	0.01578	0.01052	0.00855	0.00267	0.01201	0.06821	0.00535	0.01042
16	0.01230	0.00935	0.01142	0.01103	0.01326	0.00887	0.00821	0.01742	0.07344	0.03109	0.43693	0.12942	0.16810	0.01857	0.01001	0.00281	0.00439	0.01625	0.00891	0.00823
17	0.01610	0.01479	0.01454	0.01413	0.01596	0.13297	0.01051	0.01853	0.01567	0.02015	0.02197	0.03368	0.02100	0.15730	0.39807	0.00989	0.01780	0.00891	0.05040	0.00763
18	0.02884	0.01858	0.02139	0.01624	0.02299	0.01819	0.01329	0.29305	0.02951	0.18820	0.04969	0.02361	0.01844	0.00955	0.00799	0.00223	0.00779	0.00750	0.00809	0.21482
19	0.01785	0.03934	0.53443	0.02976	0.15701	0.01985	0.03039	0.02679	0.01824	0.02712	0.01542	0.01858	0.01131	0.00799	0.00815	0.00266	0.01209	0.00654	0.00372	0.01275
20	0.01093	0.00781	0.01052	0.01249	0.01323	0.00740	0.00888	0.01282	0.01685	0.02235	0.04659	0.59460	0.05506	0.02613	0.01101	0.00353	0.00542	0.11941	0.00789	0.00707
21	0.23169	0.08346	0.02120	0.01902	0.08503	0.21211	0.01355	0.06191	0.02049	0.02873	0.02569	0.02686	0.11743	0.01051	0.00733	0.00246	0.00957	0.00760	0.00539	0.00998
22	0.01764	0.01312	0.01690	0.01528	0.01824	0.01492	0.01214	0.17937	0.02083	0.02896	0.02215	0.02990	0.01943	0.04926	0.48824	0.01065	0.01915	0.00872	0.00563	0.00947
23	0.02631	0.27765	0.03185	0.01933	0.02403	0.32999	0.01613	0.02864	0.01978	0.02048	0.01234	0.01528	0.01098	0.00926	0.01028	0.00232	0.12573	0.00547	0.00400	0.01015
24	0.01453	0.01039	0.01245	0.01260	0.01412	0.01050	0.00876	0.11428	0.01983	0.02657	0.06286	0.43027	0.04525	0.15614	0.01682	0.00422	0.00630	0.01873	0.00752	0.00788
25	0.10882	0.03003	0.02357	0.01967	0.02531	0.29265	0.01555	0.31275	0.03070	0.03833	0.01649	0.01762	0.01246	0.00937	0.00782	0.00241	0.01157	0.00643	0.00645	0.01200
26	0.10612	0.22219	0.02894	0.01826	0.02403	0.29430	0.01510	0.14581	0.02431	0.02888	0.01408	0.01571	0.01146	0.00854	0.00696	0.00221	0.01149	0.00556	0.00508	0.01100
27	0.01542	0.01096	0.01337	0.01421	0.05336	0.01032	0.01017	0.02036	0.08327	0.09160	0.08406	0.13935	0.31009	0.01917	0.00996	0.00302	0.00573	0.08842	0.00808	0.00907
28	0.20807	0.09355	0.02340	0.01907	0.04886	0.17806	0.01477	0.05593	0.11312	0.02903	0.01611	0.01834	0.01313	0.00987	0.01048	0.00266	0.12336	0.00632	0.00525	0.01063
29	0.02813	0.08932	0.02431	0.01961	0.02445	0.41186	0.01523	0.08655	0.12775	0.02632	0.02122	0.02198	0.04751	0.00992	0.00786	0.00235	0.01224	0.00696	0.00560	0.01084
30	0.08185	0.08994	0.01851	0.01490	0.01812	0.16398	0.01130	0.08344	0.02043	0.02581	0.03028	0.27510	0.05663	0.05853	0.01082	0.00310	0.00853	0.01350	0.00633	0.00890
31	0.13210	0.01436	0.01353	0.01205	0.01492	0.05375	0.00884	0.13115	0.02032	0.03116	0.05006	0.03530	0.02350	0.24093	0.01910	0.00433	0.00751	0.00904	0.16950	0.00855
32	0.09244	0.02419	0.28131	0.01691	0.02349	0.01399	0.01811	0.02158	0.01853	0.05578	0.13435	0.20098	0.03505	0.01461	0.00887	0.00288	0.00824	0.01244	0.00620	0.01005
33	0.01746	0.04616	0.01619	0.01377	0.01746	0.11056	0.01064	0.02021	0.01819	0.02413	0.02728	0.14846	0.02835	0.08525	0.01195	0.00302	0.00784	0.10772	0.06808	0.21728
34	0.10020	0.01909	0.02149	0.02244	0.12151	0.08485	0.03644	0.11375	0.13158	0.06377	0.02698	0.17044	0.02494	0.01316	0.00867	0.00279	0.00844	0.01122	0.00690	0.01133
35	0.02224	0.01859	0.02191	0.02350	0.15798	0.05790	0.01517	0.23395	0.02636	0.03479	0.06737	0.03573	0.11304	0.07039	0.05958	0.00384	0.00971	0.00998	0.00672	0.01126
36	0.18062	0.01512	0.05361	0.01428	0.01846	0.01452	0.01221	0.02606	0.15415	0.06313	0.06399	0.10269	0.09524	0.01559	0.00892	0.00306	0.00680	0.13424	0.00741	0.00989
37	0.01928	0.01846	0.02890	0.08178	0.46271	0.04289	0.02230	0.02380	0.01932	0.02635	0.02522	0.05635	0.07256	0.01076	0.00887	0.00270	0.00953	0.05141	0.00491	0.01189
38	0.05732	0.02753	0.02898	0.03025	0.18154	0.26222	0.08192	0.02933	0.05728	0.02485	0.01521	0.01905	0.01267	0.00947	0.01147	0.00267	0.12567	0.00703	0.00452	0.01103
39	0.02156	0.20203	0.25954	0.02075	0.05228	0.09012	0.02099	0.06511	0.08082	0.02718	0.01645	0.01823	0.01282	0.00826	0.00734	0.00231	0.01061	0.00613	0.00464	0.07282
40	0.04404	0.05950	0.13159	0.01566	0.02035	0.01365	0.01527	0.05011	0.01981	0.02670	0.04285	0.09889	0.14829	0.01822	0.00992	0.00323	0.00799	0.25807	0.00676	0.00911
41	0.02283	0.03228	0.18826	0.02760	0.16435	0.24816	0.02126	0.02777	0.02033	0.02473	0.01659	0.05895	0.01440	0.00916	0.00800	0.00237	0.01189	0.00725	0.00443	0.08940
42	0.02429	0.17478	0.02539	0.01707	0.02181	0.21296	0.01386	0.15123	0.02381	0.02776	0.02346	0.09361	0.05653	0.01712	0.07615	0.00355	0.01169	0.00886	0.00570	0.01037
43	0.01885	0.26597	0.02469	0.01323	0.01706	0.07307	0.01093	0.02120	0.01788	0.04980	0.12851	0.03487	0.02920	0.17315	0.08374	0.00473	0.00987	0.00897	0.00546	0.00882
44	0.01841	0.02455	0.18308	0.03428	0.24645	0.01880	0.14442	0.02549	0.04326	0.02645	0.01798	0.02322	0.01454	0.01724	0.11944	0.00453	0.01356	0.00811	0.00432	0.01187

[dist]
# distance from previous block
# <min> <max>
15	55

[block]
# block no. 7 follows, 21 sequences, length 15
# corresponding to MSA columns:
# 557-571
name=unknown_H
#
# <colnr> <probs for GDERKNQSTAVLIFYWHMCP>
#	G	D	E	R	K	N	Q	S	T	A	V	L	I	F	Y	W	H	M	C	P
0	0.01931	0.08976	0.02062	0.01681	0.05306	0.01782	0.01258	0.16511	0.08113	0.03001	0.02825	0.07007	0.06790	0.08662	0.19607	0.00619	0.01216	0.01002	0.00628	0.01023
1	0.08875	0.06495	0.05216	0.02515	0.14684	0.27115	0.01722	0.07156	0.02144	0.02633	0.01700	0.05673	0.01511	0.01479	0.07162	0.00351	0.01278	0.00737	0.00487	0.01066
2	0.06202	0.02005	0.01848	0.01619	0.02134	0.13341	0.01282	0.03108	0.21873	0.02929	0.02529	0.03303	0.02177	0.01105	0.00805	0.00242	0.00832	0.09196	0.00652	0.22817
3	0.02272	0.42894	0.19983	0.01824	0.02643	0.13066	0.01923	0.02721	0.01855	0.02194	0.01293	0.01504	0.01089	0.00773	0.00649	0.00211	0.01099	0.00515	0.00375	0.01118
4	0.02000	0.16523	0.38192	0.02580	0.09285	0.07714	0.07021	0.02721	0.01865	0.02523	0.01466	0.01760	0.01124	0.00787	0.00773	0.00248	0.01205	0.00630	0.00378	0.01204
5	0.02091	0.01450	0.01611	0.01426	0.01874	0.01515	0.01115	0.03423	0.32441	0.14720	0.08177	0.04618	0.19065	0.01431	0.00908	0.00282	0.00604	0.01194	0.00885	0.01170
6	0.01202	0.00852	0.01090	0.01144	0.01226	0.00873	0.00795	0.01355	0.01451	0.01949	0.03432	0.16014	0.06767	0.32488	0.18413	0.00802	0.01098	0.07814	0.00590	0.00644
7	0.08565	0.18474	0.03591	0.02712	0.11911	0.15864	0.16202	0.02730	0.01908	0.02464	0.01396	0.01778	0.01166	0.00832	0.00939	0.00249	0.07029	0.00677	0.00418	0.01093
8	0.14636	0.02937	0.22956	0.01909	0.02677	0.10036	0.01918	0.16016	0.02351	0.08649	0.01944	0.06770	0.01555	0.01017	0.00791	0.00264	0.01021	0.00771	0.00597	0.01186
9	0.01811	0.01354	0.01598	0.01428	0.01773	0.01372	0.01080	0.18876	0.02278	0.03127	0.03047	0.28297	0.03202	0.06068	0.09323	0.00441	0.00883	0.01407	0.00709	0.11926
10	0.08880	0.05193	0.02551	0.02119	0.04940	0.12909	0.01669	0.24906	0.02554	0.03479	0.01526	0.01827	0.01230	0.01095	0.01373	0.00282	0.21047	0.00686	0.00578	0.01157
11	0.01452	0.01041	0.01225	0.01192	0.01452	0.00998	0.00894	0.06881	0.05119	0.05880	0.17587	0.24325	0.22453	0.02024	0.01007	0.00300	0.00526	0.03942	0.00841	0.00859
12	0.19794	0.06759	0.29181	0.02393	0.03330	0.02087	0.19484	0.02649	0.01770	0.02937	0.01482	0.01818	0.01103	0.00773	0.00783	0.00268	0.01145	0.00688	0.00421	0.01136
13	0.02269	0.01964	0.02767	0.08904	0.26763	0.02169	0.02020	0.19961	0.02436	0.03346	0.02246	0.02579	0.06646	0.01069	0.01144	0.00277	0.10797	0.00846	0.00569	0.01229
14	0.02264	0.14928	0.03261	0.15450	0.29808	0.15423	0.02157	0.02680	0.01953	0.02384	0.01450	0.01884	0.01210	0.00794	0.00774	0.00239	0.01122	0.00659	0.00406	0.01153

[dist]
# distance from previous block
# <min> <max>
6	19

[block]
# block no. 8 follows, 21 sequences, length 8
# corresponding to MSA columns:
# 591-598
name=unknown_I
#
# <colnr> <probs for GDERKNQSTAVLIFYWHMCP>
#	G	D	E	R	K	N	Q	S	T	A	V	L	I	F	Y	W	H	M	C	P
0	0.23571	0.15396	0.06569	0.01647	0.02200	0.19964	0.01430	0.06330	0.01938	0.02796	0.01430	0.01728	0.01191	0.01499	0.08692	0.00370	0.01201	0.00569	0.00472	0.01007
1	0.07882	0.07730	0.02462	0.01874	0.02450	0.22347	0.01511	0.31971	0.03052	0.03820	0.02084	0.02153	0.04975	0.01007	0.00790	0.00241	0.01071	0.00716	0.00663	0.01201
2	0.02995	0.02378	0.02362	0.01864	0.02481	0.08382	0.01518	0.50102	0.03636	0.04735	0.02670	0.02645	0.08062	0.01128	0.00860	0.00255	0.00939	0.00855	0.00807	0.01328
3	0.01627	0.02098	0.15339	0.54756	0.05420	0.01908	0.02522	0.02280	0.01721	0.02280	0.01516	0.02173	0.01123	0.00842	0.00842	0.00281	0.01159	0.00730	0.00374	0.01009
4	0.03184	0.03897	0.02425	0.02170	0.02632	0.60599	0.01642	0.08954	0.02562	0.02394	0.01384	0.01583	0.01130	0.00891	0.00775	0.00223	0.01478	0.00569	0.00478	0.01030
5	0.22196	0.06035	0.15079	0.07954	0.02861	0.06240	0.01804	0.21910	0.02447	0.03742	0.01572	0.01772	0.01163	0.00877	0.00735	0.00257	0.00981	0.00627	0.00571	0.01175
6	0.03235	0.02384	0.02554	0.01958	0.02639	0.02639	0.01618	0.61946	0.04001	0.05363	0.02043	0.02043	0.01447	0.01022	0.00851	0.00255	0.00936	0.00766	0.00851	0.01447
7	0.02538	0.50829	0.03742	0.01496	0.02185	0.02852	0.01407	0.03046	0.08349	0.13637	0.01817	0.01833	0.01435	0.00832	0.00636	0.00208	0.00851	0.00581	0.00542	0.01183

[dist]
# distance from previous block
# <min> <max>
0	6

[block]
# block no. 9 follows, 21 sequences, length 30
# corresponding to MSA columns:
# 605-634
name=unknown_J
#
# <colnr> <probs for GDERKNQSTAVLIFYWHMCP>
#	G	D	E	R	K	N	Q	S	T	A	V	L	I	F	Y	W	H	M	C	P
0	0.19657	0.03475	0.42596	0.02256	0.03288	0.01982	0.09919	0.02652	0.01739	0.02969	0.01469	0.01759	0.01067	0.00793	0.00765	0.00270	0.01135	0.00635	0.00408	0.01163
1	0.01014	0.00831	0.00895	0.00946	0.01171	0.00711	0.00684	0.01212	0.01859	0.02266	0.07604	0.24067	0.49218	0.02287	0.01027	0.00302	0.00447	0.01957	0.00790	0.00711
2	0.02036	0.42760	0.30209	0.01864	0.02815	0.02782	0.02166	0.02610	0.01758	0.02294	0.01328	0.01547	0.01086	0.00762	0.00656	0.00219	0.01056	0.00528	0.00362	0.01162
3	0.02049	0.02293	0.09323	0.04616	0.46109	0.02047	0.15634	0.02644	0.01941	0.02761	0.01621	0.02120	0.01312	0.00754	0.00875	0.00262	0.01126	0.00801	0.00418	0.01296
4	0.01016	0.00823	0.00902	0.00965	0.01177	0.00710	0.00692	0.01210	0.01841	0.02259	0.07365	0.27789	0.45649	0.02318	0.01031	0.00306	0.00451	0.01995	0.00790	0.00710
5	0.01238	0.00825	0.00928	0.00928	0.00928	0.00825	0.00516	0.01238	0.01238	0.01650	0.02681	0.05569	0.03094	0.70092	0.04331	0.00825	0.00825	0.01238	0.00516	0.00516
6	0.02832	0.02610	0.02437	0.02246	0.08043	0.17867	0.01642	0.27721	0.18768	0.03877	0.02196	0.02219	0.01652	0.00998	0.00834	0.00255	0.01019	0.00764	0.00718	0.01302
7	0.01986	0.01899	0.03237	0.20349	0.50597	0.01990	0.02552	0.02506	0.01881	0.02634	0.01580	0.02145	0.01297	0.00781	0.00845	0.00260	0.01041	0.00758	0.00411	0.01251
8	0.01371	0.01141	0.01666	0.01576	0.01692	0.01435	0.01256	0.01647	0.01352	0.01993	0.02000	0.02987	0.01884	0.05204	0.51328	0.01128	0.18232	0.00872	0.00436	0.00801
9	0.02215	0.02345	0.03720	0.04431	0.41770	0.10127	0.17427	0.02739	0.02015	0.02679	0.01596	0.02083	0.01302	0.00763	0.00874	0.00257	0.01183	0.00794	0.00426	0.01252
10	0.01056	0.00854	0.00877	0.00877	0.01101	0.00742	0.00618	0.01225	0.01786	0.02157	0.07322	0.07617	0.51023	0.17012	0.01733	0.00405	0.00517	0.01674	0.00730	0.00674
11	0.01742	0.08443	0.61946	0.02366	0.03592	0.02061	0.03041	0.02686	0.01793	0.02653	0.01506	0.01770	0.01079	0.00804	0.00792	0.00264	0.01236	0.00618	0.00360	0.01248
12	0.01204	0.00870	0.01138	0.01071	0.01271	0.00803	0.00803	0.01606	0.02409	0.03413	0.64335	0.06357	0.08030	0.01740	0.01004	0.00268	0.00401	0.01539	0.00937	0.00803
13	0.03235	0.02384	0.02554	0.01958	0.02639	0.02639	0.01618	0.61946	0.04001	0.05363	0.02043	0.02043	0.01447	0.01022	0.00851	0.00255	0.00936	0.00766	0.00851	0.01447
14	0.02457	0.02854	0.02518	0.02215	0.02414	0.31568	0.01764	0.02658	0.01804	0.02064	0.01207	0.01714	0.01108	0.01213	0.01877	0.00303	0.38248	0.00656	0.00402	0.00956
15	0.01086	0.00779	0.01032	0.01151	0.01245	0.00724	0.00794	0.01309	0.01860	0.02539	0.22329	0.50852	0.06339	0.02392	0.01062	0.00323	0.00466	0.02159	0.00833	0.00724
16	0.03235	0.02384	0.02554	0.01958	0.02639	0.02639	0.01618	0.61946	0.04001	0.05363	0.02043	0.02043	0.01447	0.01022	0.00851	0.00255	0.00936	0.00766	0.00851	0.01447
17	0.02106	0.02022	0.03454	0.05223	0.64784	0.02022	0.02612	0.02612	0.01938	0.02780	0.01601	0.02106	0.01348	0.00758	0.00842	0.00253	0.01011	0.00758	0.00421	0.01348
18	0.01216	0.00912	0.01368	0.01368	0.01520	0.01064	0.01064	0.01520	0.01368	0.01976	0.02279	0.03343	0.02127	0.06382	0.66720	0.01368	0.02279	0.00912	0.00456	0.00760
19	0.01238	0.00825	0.00928	0.00928	0.00928	0.00825	0.00516	0.01238	0.01238	0.01650	0.02681	0.05569	0.03094	0.70092	0.04331	0.00825	0.00825	0.01238	0.00516	0.00516
20	0.02275	0.70604	0.04459	0.01456	0.02184	0.03367	0.01456	0.02548	0.01729	0.02002	0.01183	0.01365	0.01092	0.00728	0.00546	0.00182	0.00910	0.00455	0.00364	0.01092
21	0.01217	0.00828	0.00922	0.00922	0.00948	0.00816	0.00527	0.01236	0.01300	0.01708	0.03209	0.05802	0.08540	0.64061	0.04036	0.00777	0.00790	0.01287	0.00540	0.00534
22	0.14929	0.02641	0.07906	0.02029	0.02394	0.18487	0.01741	0.07236	0.01862	0.02676	0.01288	0.01707	0.01101	0.01120	0.01571	0.00297	0.28913	0.00639	0.00452	0.01013
23	0.02240	0.02276	0.03324	0.04845	0.57024	0.10094	0.02491	0.02710	0.01997	0.02693	0.01565	0.02035	0.01317	0.00773	0.00833	0.00249	0.01076	0.00732	0.00423	0.01303
24	0.02997	0.03675	0.02328	0.02114	0.02559	0.55626	0.01593	0.03591	0.12824	0.02336	0.01683	0.01815	0.01353	0.00924	0.00784	0.00231	0.01387	0.00619	0.00512	0.01048
25	0.11781	0.12297	0.49375	0.02129	0.03222	0.02141	0.02635	0.02651	0.01741	0.02760	0.01438	0.01687	0.01059	0.00796	0.00738	0.00258	0.01134	0.00585	0.00382	0.01192
26	0.01681	0.01661	0.02920	0.03227	0.25908	0.01577	0.17193	0.02131	0.01936	0.02582	0.03940	0.08422	0.20525	0.01292	0.00949	0.00278	0.00913	0.01242	0.00559	0.01064
27	0.02062	0.01977	0.03374	0.10800	0.59553	0.02010	0.02590	0.02573	0.01917	0.02726	0.01593	0.02121	0.01329	0.00766	0.00843	0.00255	0.01022	0.00758	0.00417	0.01312
28	0.11718	0.03621	0.44058	0.02316	0.06444	0.05089	0.02559	0.02892	0.08282	0.02911	0.01680	0.01891	0.01233	0.00843	0.00777	0.00267	0.01117	0.00645	0.00442	0.01214
29	0.09515	0.02938	0.02503	0.02221	0.05880	0.31782	0.06876	0.16427	0.02589	0.03102	0.02096	0.02259	0.06177	0.00982	0.00808	0.00245	0.01194	0.00740	0.00567	0.01098

[dist]
# distance from previous block
# <min> <max>
0	1

[block]
# block no. 10 follows, 21 sequences, length 15
# corresponding to MSA columns:
# 636-650
name=unknown_K
#
# <colnr> <probs for GDERKNQSTAVLIFYWHMCP>
#	G	D	E	R	K	N	Q	S	T	A	V	L	I	F	Y	W	H	M	C	P
0	0.02173	0.01193	0.01461	0.01295	0.01676	0.01109	0.00998	0.09277	0.02283	0.22542	0.08526	0.22111	0.18268	0.01787	0.00962	0.00290	0.00598	0.01531	0.00889	0.01031
1	0.06832	0.13528	0.33057	0.02111	0.03044	0.05985	0.08523	0.02561	0.01832	0.02606	0.01993	0.02220	0.05875	0.00880	0.00772	0.00247	0.01100	0.00706	0.00425	0.05700
2	0.08267	0.01302	0.01446	0.01311	0.01693	0.01345	0.01014	0.02834	0.21105	0.11428	0.18730	0.08682	0.14401	0.01513	0.00906	0.00281	0.00562	0.01274	0.00861	0.01046
3	0.05732	0.01524	0.05052	0.01440	0.01746	0.08697	0.01180	0.02066	0.02042	0.08119	0.18450	0.21841	0.04736	0.01824	0.00979	0.00304	0.00718	0.11901	0.00768	0.00880
4	0.10381	0.16198	0.06403	0.02594	0.17306	0.02100	0.08140	0.07462	0.01959	0.02833	0.02103	0.14729	0.02051	0.01141	0.00808	0.00262	0.00904	0.00998	0.00526	0.01103
5	0.12488	0.23694	0.11655	0.04520	0.02827	0.09442	0.09462	0.06945	0.06537	0.02804	0.01555	0.01780	0.01231	0.00819	0.00718	0.00239	0.01050	0.00631	0.00474	0.01125
6	0.08162	0.09618	0.06657	0.01621	0.02136	0.20975	0.01372	0.02816	0.02140	0.14513	0.09605	0.06782	0.07790	0.01193	0.00811	0.00249	0.00944	0.00922	0.00656	0.01040
7	0.01593	0.07067	0.33481	0.02080	0.06801	0.01639	0.02167	0.02283	0.01998	0.02862	0.20588	0.03747	0.03471	0.01196	0.00881	0.00272	0.00927	0.05299	0.00569	0.01081
8	0.02227	0.14849	0.19883	0.02910	0.20390	0.05632	0.02255	0.07302	0.06337	0.05191	0.01705	0.01954	0.01333	0.00860	0.00855	0.00251	0.03652	0.00678	0.00481	0.01255
9	0.07489	0.02878	0.23911	0.02195	0.06510	0.12044	0.06467	0.02721	0.01988	0.09437	0.08570	0.02674	0.02115	0.06084	0.01086	0.00302	0.01075	0.00808	0.00542	0.01103
10	0.08503	0.02212	0.07009	0.02396	0.11382	0.13962	0.10386	0.02564	0.02098	0.06684	0.16841	0.03087	0.02942	0.01358	0.04621	0.00321	0.01068	0.00923	0.00596	0.01047
11	0.10155	0.02331	0.08510	0.01564	0.02029	0.20822	0.01333	0.02492	0.02182	0.07304	0.20355	0.03862	0.11150	0.01281	0.00850	0.00255	0.00888	0.01010	0.00670	0.00956
12	0.02307	0.22399	0.21794	0.02302	0.08163	0.14700	0.02132	0.07233	0.02038	0.02548	0.01406	0.01676	0.01140	0.00860	0.00876	0.00240	0.06015	0.00595	0.00419	0.01159
13	0.02070	0.24044	0.25473	0.01885	0.02705	0.07967	0.02010	0.04688	0.10798	0.02643	0.04069	0.02257	0.04095	0.00931	0.00748	0.00241	0.01019	0.00698	0.00492	0.01165
14	0.07484	0.08113	0.13587	0.01577	0.02074	0.09260	0.01474	0.06241	0.02005	0.02900	0.09315	0.10246	0.02623	0.01215	0.00891	0.00256	0.04689	0.00948	0.14124	0.00978

[dist]
# distance from previous block
# <min> <max>
0	130

[block]
# block no. 11 follows, 21 sequences, length 15
# corresponding to MSA columns:
# 789-803
name=unknown_L
#
# <colnr> <probs for GDERKNQSTAVLIFYWHMCP>
#	G	D	E	R	K	N	Q	S	T	A	V	L	I	F	Y	W	H	M	C	P
0	0.02164	0.02228	0.07505	0.02842	0.20096	0.07003	0.01918	0.11835	0.07892	0.02969	0.02303	0.02703	0.06204	0.04395	0.01383	0.00308	0.13688	0.00850	0.00549	0.01163
1	0.10475	0.07715	0.17477	0.02627	0.16299	0.07981	0.04860	0.02865	0.01991	0.12449	0.05845	0.02253	0.01745	0.00890	0.00791	0.00254	0.01008	0.00730	0.00547	0.01197
2	0.02454	0.02893	0.10272	0.07407	0.07775	0.21814	0.01968	0.11043	0.07970	0.02802	0.01643	0.01953	0.01310	0.01019	0.01187	0.00273	0.13881	0.00696	0.00507	0.01132
3	0.11905	0.06895	0.05090	0.02076	0.14465	0.01660	0.01417	0.08425	0.02076	0.05796	0.06148	0.05559	0.12493	0.01163	0.00789	0.00248	0.00729	0.00952	0.06520	0.05593
4	0.01308	0.01273	0.05034	0.01699	0.02016	0.01062	0.12247	0.01622	0.01719	0.02349	0.03731	0.48324	0.04251	0.02051	0.01021	0.00314	0.00718	0.01916	0.00679	0.06665
5	0.02395	0.02270	0.02202	0.02215	0.09930	0.15221	0.01559	0.14260	0.22702	0.03319	0.03021	0.03388	0.07015	0.01195	0.00875	0.00272	0.00929	0.05324	0.00709	0.01199
6	0.16421	0.02271	0.21559	0.01592	0.02213	0.01540	0.01599	0.06651	0.01784	0.02883	0.02266	0.15279	0.02244	0.10761	0.01283	0.00347	0.00857	0.01025	0.00546	0.06879
7	0.02147	0.25237	0.15536	0.01727	0.02424	0.11365	0.01698	0.07205	0.07999	0.02606	0.02717	0.02767	0.11142	0.01051	0.00756	0.00237	0.00972	0.00785	0.00526	0.01104
8	0.07877	0.03358	0.29738	0.01980	0.02766	0.18932	0.02079	0.02845	0.02030	0.07499	0.06659	0.02232	0.01774	0.00930	0.00781	0.00250	0.01121	0.00695	0.05345	0.01108
9	0.01474	0.01091	0.01256	0.01265	0.01479	0.01122	0.00898	0.02220	0.18156	0.05215	0.04485	0.31174	0.11665	0.12642	0.01513	0.00394	0.00596	0.01698	0.00779	0.00876
10	0.02151	0.17977	0.19653	0.06980	0.02904	0.10556	0.02045	0.07069	0.01927	0.02529	0.01444	0.01800	0.01175	0.00956	0.01115	0.00260	0.13808	0.00630	0.03927	0.01094
11	0.13592	0.04857	0.06721	0.02688	0.13373	0.06095	0.18277	0.02569	0.01855	0.02845	0.01510	0.01881	0.01203	0.00731	0.00770	0.00230	0.01028	0.00687	0.00455	0.18633
12	0.01512	0.09684	0.01578	0.01278	0.03925	0.06338	0.00840	0.01620	0.01531	0.01887	0.03217	0.08630	0.10563	0.40719	0.02831	0.00579	0.00830	0.01207	0.00538	0.00694
13	0.02419	0.06684	0.02416	0.12443	0.06937	0.33054	0.01691	0.04960	0.02081	0.02241	0.01579	0.02060	0.01339	0.01969	0.14042	0.00462	0.01529	0.00670	0.00443	0.00982
14	0.01739	0.02435	0.21256	0.02851	0.19093	0.01853	0.02239	0.02299	0.01842	0.02686	0.11365	0.03234	0.02540	0.01202	0.01277	0.00296	0.14555	0.05629	0.00502	0.01107

[dist]
# distance from previous block
# <min> <max>
0	2

[block]
# block no. 12 follows, 21 sequences, length 21
# corresponding to MSA columns:
# 806-826
name=unknown_M
#
# <colnr> <probs for GDERKNQSTAVLIFYWHMCP>
#	G	D	E	R	K	N	Q	S	T	A	V	L	I	F	Y	W	H	M	C	P
0	0.05171	0.28512	0.17688	0.01723	0.02454	0.12441	0.01749	0.02664	0.01942	0.06317	0.05866	0.02368	0.05928	0.00954	0.00721	0.00229	0.01003	0.00695	0.00489	0.01086
1	0.02720	0.15736	0.02623	0.01687	0.02319	0.02344	0.01418	0.21318	0.20571	0.12929	0.02453	0.02351	0.01801	0.00985	0.00783	0.00245	0.00806	0.00760	0.00769	0.05382
2	0.01068	0.00794	0.01044	0.01171	0.01278	0.00770	0.00822	0.01258	0.01625	0.02153	0.04823	0.46620	0.14150	0.03332	0.14256	0.00542	0.00843	0.02019	0.00723	0.00709
3	0.02131	0.15823	0.03810	0.04306	0.46283	0.02305	0.08184	0.02610	0.01903	0.02619	0.01529	0.01976	0.01291	0.00748	0.00799	0.00242	0.01032	0.00722	0.00411	0.01277
4	0.05048	0.02318	0.11515	0.04691	0.54227	0.02011	0.02613	0.02618	0.01899	0.02811	0.01574	0.02036	0.01295	0.00766	0.00825	0.00255	0.01029	0.00729	0.00417	0.01319
5	0.02129	0.01952	0.02984	0.10558	0.16800	0.02073	0.13862	0.11287	0.18759	0.03243	0.02563	0.02775	0.05111	0.00981	0.00892	0.00275	0.00977	0.00920	0.00618	0.01240
6	0.09947	0.02560	0.08776	0.06093	0.05043	0.12224	0.01702	0.24837	0.02711	0.07108	0.01753	0.01904	0.01294	0.00890	0.00776	0.00239	0.01004	0.00661	0.00630	0.09849
7	0.02838	0.02253	0.02942	0.02232	0.02906	0.02408	0.13627	0.45880	0.03438	0.04615	0.02160	0.06728	0.01703	0.01073	0.00898	0.00268	0.01006	0.00928	0.00763	0.01335
8	0.06988	0.11139	0.05415	0.01567	0.01978	0.05538	0.01414	0.02299	0.01990	0.08771	0.07543	0.06073	0.03595	0.01671	0.00954	0.00315	0.00833	0.30275	0.00700	0.00941
9	0.02961	0.02851	0.02328	0.01949	0.02494	0.26285	0.01536	0.30924	0.08397	0.03771	0.02357	0.02384	0.05840	0.01059	0.00832	0.00247	0.01101	0.00774	0.00695	0.01216
10	0.01237	0.00871	0.01147	0.01232	0.01323	0.00894	0.00902	0.01429	0.01521	0.02042	0.03412	0.16368	0.03787	0.28051	0.15713	0.00743	0.01058	0.16983	0.00619	0.00666
11	0.02553	0.02209	0.02019	0.01724	0.02148	0.14900	0.01322	0.30887	0.02874	0.03618	0.02458	0.14479	0.02352	0.10905	0.01361	0.00344	0.00962	0.01083	0.00711	0.01090
12	0.02209	0.01778	0.01596	0.01448	0.01775	0.14365	0.01083	0.05476	0.10041	0.11258	0.03222	0.04257	0.07792	0.19059	0.01756	0.00409	0.00874	0.05067	0.05586	0.00948
13	0.01572	0.03667	0.52689	0.02176	0.03191	0.01718	0.02671	0.02392	0.01763	0.02590	0.02163	0.15402	0.01992	0.01182	0.00864	0.00285	0.01104	0.00988	0.00446	0.01144
14	0.02055	0.10466	0.47303	0.02289	0.03333	0.15100	0.02687	0.02823	0.01914	0.02508	0.01453	0.01704	0.01083	0.00815	0.00776	0.00251	0.01281	0.00597	0.00376	0.01188
15	0.01742	0.08539	0.61857	0.02365	0.03590	0.02063	0.03039	0.02686	0.01792	0.02652	0.01506	0.01770	0.01079	0.00803	0.00792	0.00264	0.01236	0.00618	0.00360	0.01247
16	0.03138	0.02336	0.02499	0.01938	0.02602	0.02594	0.01594	0.56972	0.09133	0.05207	0.02166	0.02141	0.01547	0.01033	0.00853	0.00258	0.00914	0.00783	0.00853	0.01439
17	0.01537	0.01112	0.01313	0.01265	0.01471	0.01124	0.00909	0.13471	0.02193	0.02950	0.14268	0.32187	0.07598	0.12729	0.01530	0.00387	0.00616	0.01721	0.00784	0.00836
18	0.03182	0.03955	0.02420	0.02178	0.02631	0.62806	0.01643	0.06936	0.02508	0.02281	0.01359	0.01565	0.01117	0.00886	0.00772	0.00221	0.01499	0.00561	0.00463	0.01014
19	0.01408	0.01026	0.01258	0.01318	0.01494	0.01022	0.00960	0.10766	0.02048	0.02712	0.04498	0.50235	0.08480	0.02351	0.01052	0.00332	0.00584	0.06841	0.00799	0.00819
20	0.01786	0.24706	0.33286	0.01846	0.02723	0.02182	0.02138	0.02430	0.01898	0.02619	0.14033	0.02576	0.02479	0.00970	0.00764	0.00241	0.00975	0.00756	0.00477	0.01114

[dist]
# distance from previous block
# <min> <max>
0	3

[block]
# block no. 13 follows, 21 sequences, length 62
# corresponding to MSA columns:
# 830-891
name=unknown_N
#
# <colnr> <probs for GDERKNQSTAVLIFYWHMCP>
#	G	D	E	R	K	N	Q	S	T	A	V	L	I	F	Y	W	H	M	C	P
0	0.02217	0.02038	0.01970	0.01775	0.02252	0.08208	0.01375	0.04416	0.57507	0.03421	0.03261	0.03020	0.02456	0.01128	0.00857	0.00282	0.00755	0.00923	0.00826	0.01313
1	0.03179	0.04056	0.02412	0.02192	0.02631	0.66676	0.01644	0.03398	0.02412	0.02083	0.01315	0.01535	0.01096	0.00877	0.00767	0.00219	0.01535	0.00548	0.00438	0.00987
2	0.01216	0.00912	0.01368	0.01368	0.01520	0.01064	0.01064	0.01520	0.01368	0.01976	0.02279	0.03343	0.02127	0.06382	0.66720	0.01368	0.02279	0.00912	0.00456	0.00760
3	0.01008	0.00854	0.00870	0.00883	0.01155	0.00717	0.00656	0.01219	0.01919	0.02291	0.08365	0.12191	0.60603	0.02189	0.01011	0.00291	0.00435	0.01837	0.00790	0.00717
4	0.02117	0.01828	0.01924	0.01732	0.02213	0.02117	0.01347	0.04522	0.63246	0.03560	0.03464	0.03175	0.02598	0.01155	0.00866	0.00289	0.00673	0.00962	0.00866	0.01347
