[name]
unknown

[dist]
# distance from previous block
# <min> <max>
0	5

[block]
# block no. 0 follows, 22 sequences, length 44
# corresponding to MSA columns:
# 5-48
name=unknown_A
#
# <colnr> <probs for GDERKNQSTAVLIFYWHMCP>
#	G	D	E	R	K	N	Q	S	T	A	V	L	I	F	Y	W	H	M	C	P
0	0.02749	0.08838	0.05275	0.02313	0.09127	0.42973	0.01707	0.03049	0.02190	0.06006	0.01693	0.02295	0.01465	0.00960	0.00780	0.00233	0.01274	0.05562	0.00481	0.01030
1	0.08928	0.20660	0.32560	0.02222	0.09455	0.02215	0.02239	0.02687	0.01773	0.07901	0.01532	0.01731	0.01154	0.00782	0.00706	0.00239	0.01018	0.00587	0.00430	0.01181
2	0.06889	0.18753	0.34027	0.02310	0.10087	0.02252	0.02307	0.02765	0.08307	0.02650	0.01600	0.01808	0.01232	0.00800	0.00723	0.00243	0.01024	0.00613	0.00422	0.01189
3	0.01008	0.00738	0.00948	0.01117	0.01194	0.00678	0.00753	0.01161	0.01629	0.02136	0.05065	0.62373	0.13070	0.02539	0.01050	0.00330	0.00474	0.02285	0.00771	0.00678
4	0.01906	0.33214	0.39680	0.01959	0.02964	0.02515	0.02358	0.02569	0.01725	0.02339	0.01346	0.01572	0.01058	0.00755	0.00679	0.00226	0.01081	0.00541	0.00353	0.01158
5	0.01395	0.00873	0.01064	0.01016	0.01249	0.00808	0.00781	0.01756	0.02127	0.06840	0.35884	0.05778	0.13941	0.01593	0.00895	0.00257	0.00439	0.05247	0.17250	0.00807
6	0.02174	0.65683	0.09567	0.01501	0.02255	0.03173	0.01560	0.02500	0.01694	0.02011	0.01183	0.01368	0.01065	0.00717	0.00555	0.00185	0.00917	0.00458	0.00355	0.01080
7	0.01603	0.03284	0.45379	0.02070	0.02980	0.01748	0.02438	0.02567	0.08237	0.02566	0.01851	0.02227	0.01434	0.02020	0.15445	0.00500	0.01387	0.00709	0.00424	0.01130
8	0.02619	0.03101	0.17999	0.02325	0.08083	0.16753	0.02010	0.26075	0.06893	0.03564	0.01771	0.01905	0.01316	0.00903	0.00803	0.00247	0.01109	0.00680	0.00591	0.01253
9	0.03363	0.01495	0.01917	0.01525	0.02129	0.01407	0.01242	0.04129	0.15934	0.52426	0.03300	0.02887	0.02162	0.01050	0.00838	0.00262	0.00696	0.00858	0.00988	0.01392
10	0.01187	0.00890	0.01335	0.01335	0.01483	0.01038	0.01038	0.01483	0.01335	0.01928	0.02225	0.03264	0.02077	0.06231	0.67512	0.01335	0.02225	0.00890	0.00445	0.00742
11	0.02221	0.71304	0.04353	0.01421	0.02132	0.03287	0.01421	0.02488	0.01688	0.01955	0.01155	0.01333	0.01066	0.00711	0.00533	0.00178	0.00888	0.00444	0.00355	0.01066
12	0.01229	0.00893	0.01204	0.01375	0.01545	0.00868	0.01139	0.01541	0.01840	0.02380	0.04862	0.22595	0.11316	0.02342	0.01111	0.00362	0.00667	0.41225	0.00767	0.00738
13	0.01052	0.00740	0.00952	0.01105	0.01144	0.00701	0.00716	0.01167	0.01512	0.02016	0.04178	0.57009	0.04989	0.16546	0.01708	0.00433	0.00548	0.02126	0.00716	0.00640
14	0.01208	0.00805	0.00906	0.00906	0.00906	0.00805	0.00503	0.01208	0.01208	0.01611	0.02618	0.05436	0.03020	0.70804	0.04228	0.00805	0.00805	0.01208	0.00503	0.00503
15	0.02635	0.01822	0.01935	0.01542	0.02054	0.01991	0.01255	0.43055	0.03203	0.04541	0.02227	0.02353	0.01646	0.00988	0.00750	0.00231	0.00743	0.00757	0.25071	0.01205
16	0.01723	0.01477	0.01723	0.01230	0.01969	0.01107	0.00984	0.02092	0.01723	0.02707	0.01477	0.01723	0.01230	0.00615	0.00615	0.00123	0.00615	0.00492	0.00492	0.75883
17	0.01251	0.00966	0.01162	0.01177	0.01376	0.00960	0.00856	0.01876	0.12882	0.02792	0.25772	0.29395	0.12394	0.01975	0.00986	0.00295	0.00475	0.01747	0.00834	0.00828
18	0.02066	0.01785	0.01878	0.01691	0.02160	0.02066	0.01315	0.04414	0.64121	0.03475	0.03381	0.03099	0.02536	0.01127	0.00845	0.00282	0.00657	0.00939	0.00845	0.01315
19	0.01723	0.01477	0.01723	0.01230	0.01969	0.01107	0.00984	0.02092	0.01723	0.02707	0.01477	0.01723	0.01230	0.00615	0.00615	0.00123	0.00615	0.00492	0.00492	0.75883
20	0.01443	0.00722	0.01082	0.01082	0.01082	0.00722	0.00722	0.01082	0.01082	0.01443	0.01443	0.02525	0.01443	0.02886	0.03247	0.75830	0.00722	0.00722	0.00361	0.00361
21	0.01723	0.01477	0.01723	0.01230	0.01969	0.01107	0.00984	0.02092	0.01723	0.02707	0.01477	0.01723	0.01230	0.00615	0.00615	0.00123	0.00615	0.00492	0.00492	0.75883
22	0.01549	0.00774	0.00774	0.00774	0.00968	0.00774	0.00581	0.01936	0.01742	0.03097	0.02710	0.03097	0.02129	0.00968	0.00581	0.00194	0.00387	0.00774	0.75416	0.00774
23	0.01012	0.00723	0.00964	0.01157	0.01205	0.00675	0.00771	0.01157	0.01591	0.02121	0.04579	0.70262	0.05495	0.02603	0.01060	0.00337	0.00482	0.02362	0.00771	0.00675
24	0.03158	0.02327	0.02493	0.01911	0.02576	0.02576	0.01579	0.62852	0.03906	0.05236	0.01995	0.01995	0.01413	0.00997	0.00831	0.00249	0.00914	0.00748	0.00831	0.01413
25	0.01168	0.00788	0.00918	0.00958	0.00968	0.00778	0.00559	0.01197	0.01287	0.01716	0.03023	0.18852	0.03532	0.56690	0.03573	0.00709	0.00738	0.01447	0.00559	0.00539
26	0.02221	0.71304	0.04353	0.01421	0.02132	0.03287	0.01421	0.02488	0.01688	0.01955	0.01155	0.01333	0.01066	0.00711	0.00533	0.00178	0.00888	0.00444	0.00355	0.01066
27	0.01205	0.00820	0.00978	0.00978	0.01003	0.00845	0.00593	0.01254	0.01229	0.01664	0.02551	0.05070	0.02861	0.59928	0.14887	0.00895	0.01045	0.01155	0.00494	0.00544
28	0.01007	0.00843	0.00876	0.00868	0.01137	0.00712	0.00651	0.01240	0.01952	0.02383	0.15663	0.07767	0.57952	0.02052	0.00982	0.00278	0.00417	0.01721	0.00790	0.00712
29	0.01118	0.00851	0.01178	0.01282	0.01348	0.00911	0.00918	0.01299	0.01508	0.02068	0.03769	0.49809	0.04375	0.03303	0.15791	0.00559	0.06637	0.01901	0.00665	0.00709
30	0.05547	0.26225	0.13743	0.01733	0.02481	0.10518	0.01679	0.14887	0.02227	0.02914	0.01438	0.01607	0.01148	0.00791	0.00673	0.00208	0.00983	0.00552	0.00484	0.10163
31	0.02408	0.02612	0.05252	0.08989	0.22190	0.19866	0.08001	0.10531	0.04717	0.02799	0.01600	0.01951	0.01269	0.00850	0.00884	0.00250	0.03476	0.00712	0.00480	0.01162
32	0.02212	0.01833	0.02609	0.01949	0.02597	0.01774	0.14692	0.16777	0.05550	0.06603	0.01891	0.02258	0.01494	0.05014	0.01078	0.00254	0.03833	0.00755	0.00599	0.26229
33	0.15228	0.10683	0.02554	0.02201	0.12903	0.08140	0.01553	0.20078	0.02484	0.13837	0.01823	0.01906	0.01342	0.00873	0.00733	0.00239	0.00897	0.00654	0.00644	0.01227
34	0.16847	0.01737	0.04904	0.02346	0.15914	0.01854	0.01612	0.05471	0.01702	0.06172	0.01632	0.02086	0.01354	0.01637	0.09606	0.00407	0.15934	0.00692	0.04512	0.03583
35	0.17560	0.18798	0.16438	0.01594	0.02249	0.11465	0.01585	0.02572	0.01753	0.04867	0.01544	0.01795	0.01231	0.01096	0.04232	0.00285	0.01012	0.00568	0.08340	0.01016
36	0.02340	0.17023	0.02655	0.01718	0.02111	0.06076	0.04142	0.06576	0.01868	0.13145	0.01824	0.02222	0.01489	0.04795	0.01457	0.00290	0.20083	0.00715	0.08431	0.01039
37	0.01798	0.08848	0.01845	0.01358	0.01789	0.06946	0.01077	0.09240	0.02004	0.02696	0.05570	0.14085	0.06236	0.01903	0.09343	0.00362	0.00906	0.01023	0.03905	0.19067
38	0.02372	0.01927	0.05502	0.01838	0.06415	0.01881	0.01441	0.32177	0.05536	0.06598	0.06010	0.05760	0.13066	0.01241	0.00860	0.00255	0.00778	0.01008	0.00762	0.04572
39	0.01979	0.02114	0.13159	0.02258	0.10090	0.01747	0.08114	0.19057	0.02505	0.03452	0.14924	0.08811	0.05676	0.01222	0.00894	0.00266	0.00865	0.01078	0.00665	0.01121
40	0.27894	0.06534	0.18476	0.02287	0.13343	0.01955	0.04689	0.05682	0.01770	0.03093	0.01609	0.06252	0.01371	0.00898	0.00713	0.00258	0.00904	0.00710	0.00475	0.01087
41	0.09815	0.13109	0.19083	0.02612	0.19156	0.02042	0.02018	0.07870	0.01920	0.02836	0.01865	0.10542	0.01711	0.01014	0.00768	0.00253	0.00926	0.00840	0.00482	0.01137
42	0.02370	0.01722	0.02740	0.03661	0.41041	0.01641	0.01990	0.02791	0.01977	0.18056	0.02151	0.06301	0.01738	0.00911	0.00822	0.00244	0.00858	0.00840	0.00589	0.07557
43	0.01675	0.01904	0.10218	0.08954	0.35542	0.01611	0.02069	0.02154	0.01856	0.02526	0.03414	0.03652	0.18700	0.01125	0.00863	0.00260	0.00872	0.01001	0.00499	0.01105

[dist]
# distance from previous block
# <min> <max>
3	49

[block]
# block no. 1 follows, 22 sequences, length 51
# corresponding to MSA columns:
# 98-148
name=unknown_B
#
# <colnr> <probs for GDERKNQSTAVLIFYWHMCP>
#	G	D	E	R	K	N	Q	S	T	A	V	L	I	F	Y	W	H	M	C	P
0	0.15958	0.19488	0.02785	0.06348	0.14916	0.05305	0.01605	0.05438	0.06461	0.02709	0.01530	0.01932	0.01304	0.03980	0.01008	0.00269	0.06792	0.00637	0.00467	0.01068
1	0.13945	0.01816	0.04280	0.18335	0.02783	0.09510	0.01419	0.10193	0.02016	0.02958	0.02263	0.02678	0.06211	0.04089	0.00887	0.00271	0.00866	0.00768	0.13773	0.00939
2	0.14734	0.02303	0.02192	0.01808	0.02333	0.15119	0.05934	0.22520	0.10765	0.03581	0.02204	0.02423	0.04408	0.04918	0.00975	0.00283	0.00960	0.00771	0.00648	0.01120
3	0.01746	0.07202	0.12421	0.01992	0.11535	0.01601	0.01567	0.05195	0.07279	0.02731	0.03087	0.03173	0.14529	0.01038	0.00773	0.00220	0.00767	0.00856	0.00551	0.21736
4	0.01059	0.00759	0.01006	0.01125	0.01215	0.00706	0.00775	0.01274	0.01808	0.02467	0.21897	0.51957	0.06164	0.02344	0.01037	0.00316	0.00456	0.02116	0.00812	0.00706
5	0.02259	0.02043	0.02005	0.02045	0.09745	0.15212	0.01408	0.03371	0.26248	0.08970	0.12004	0.03283	0.05517	0.01141	0.00847	0.00258	0.00826	0.00940	0.00731	0.01148
6	0.01187	0.00890	0.01335	0.01335	0.01483	0.01038	0.01038	0.01483	0.01335	0.01928	0.02225	0.03264	0.02077	0.06231	0.67512	0.01335	0.02225	0.00890	0.00445	0.00742
7	0.01723	0.01477	0.01723	0.01230	0.01969	0.01107	0.00984	0.02092	0.01723	0.02707	0.01477	0.01723	0.01230	0.00615	0.00615	0.00123	0.00615	0.00492	0.00492	0.75883
8	0.00998	0.00779	0.00906	0.01008	0.01166	0.00687	0.00705	0.01173	0.01734	0.02179	0.06390	0.40874	0.33713	0.02367	0.01023	0.00311	0.00453	0.02075	0.00771	0.00687
9	0.01948	0.24628	0.24503	0.02483	0.03407	0.02419	0.24245	0.02597	0.01809	0.02429	0.01454	0.01799	0.01133	0.00732	0.00778	0.00242	0.01184	0.00694	0.00378	0.01138
10	0.01039	0.00844	0.00921	0.00902	0.01157	0.00726	0.00676	0.01303	0.02029	0.02566	0.25208	0.07466	0.48293	0.01984	0.00981	0.00275	0.00412	0.01679	0.00814	0.00726
11	0.01930	0.01532	0.01438	0.01330	0.01675	0.07152	0.01020	0.03239	0.31583	0.03186	0.02907	0.02960	0.02232	0.01034	0.00722	0.00237	0.00612	0.00832	0.33329	0.01049
12	0.01549	0.00774	0.00774	0.00774	0.00968	0.00774	0.00581	0.01936	0.01742	0.03097	0.02710	0.03097	0.02129	0.00968	0.00581	0.00194	0.00387	0.00774	0.75416	0.00774
13	0.01159	0.00849	0.01087	0.01028	0.01231	0.00777	0.00771	0.01535	0.02312	0.03237	0.60280	0.06360	0.12801	0.01733	0.00980	0.00263	0.00394	0.01524	0.00902	0.00777
14	0.10049	0.01613	0.01978	0.01531	0.02166	0.01548	0.01264	0.15640	0.02598	0.48523	0.02834	0.02531	0.01826	0.00999	0.00806	0.00256	0.00743	0.00784	0.00944	0.01368
15	0.76672	0.01607	0.01221	0.01092	0.01607	0.01864	0.00900	0.02442	0.01414	0.03727	0.01157	0.01350	0.00900	0.00771	0.00514	0.00257	0.00643	0.00450	0.00514	0.00900
16	0.02416	0.01958	0.02075	0.01761	0.02294	0.02230	0.01400	0.23145	0.44821	0.04039	0.02937	0.02745	0.02176	0.01085	0.00841	0.00271	0.00740	0.00878	0.00841	0.01346
17	0.01961	0.02241	0.04902	0.03501	0.04342	0.02101	0.62605	0.02661	0.01961	0.02661	0.01681	0.02241	0.01261	0.00700	0.00980	0.00280	0.01401	0.00980	0.00420	0.01120
18	0.03602	0.01442	0.01924	0.01494	0.02124	0.01285	0.01228	0.04076	0.07031	0.61470	0.03285	0.02848	0.02093	0.01036	0.00836	0.00259	0.00703	0.00843	0.01014	0.01406
19	0.03196	0.02198	0.02068	0.01720	0.02276	0.18178	0.01363	0.08370	0.14807	0.32927	0.02699	0.02484	0.01855	0.01002	0.00815	0.00251	0.00912	0.00774	0.00826	0.01280
20	0.02059	0.13077	0.06159	0.04074	0.44138	0.02197	0.07510	0.02658	0.05373	0.02629	0.01608	0.02004	0.01330	0.00756	0.00790	0.00241	0.00998	0.00720	0.00425	0.01256
21	0.33376	0.01722	0.02127	0.13258	0.18041	0.01895	0.01621	0.07884	0.01874	0.08746	0.01565	0.01848	0.01180	0.00815	0.00697	0.00257	0.00832	0.00628	0.00538	0.01095
22	0.02269	0.03429	0.30971	0.02653	0.10687	0.13383	0.06956	0.14292	0.02302	0.03039	0.01575	0.01829	0.01172	0.00828	0.00809	0.00251	0.01199	0.00669	0.00469	0.01220
23	0.01720	0.01488	0.02371	0.01923	0.02348	0.01464	0.18113	0.13932	0.02261	0.03034	0.10143	0.26065	0.08265	0.01617	0.00978	0.00291	0.00809	0.01516	0.00701	0.00960
24	0.03103	0.03959	0.02354	0.02140	0.02568	0.67469	0.01605	0.03317	0.02354	0.02033	0.01284	0.01498	0.01070	0.00856	0.00749	0.00214	0.01498	0.00535	0.00428	0.00963
25	0.02336	0.03350	0.26104	0.02343	0.03166	0.17516	0.12072	0.14374	0.02344	0.03017	0.01623	0.01877	0.01206	0.00838	0.00810	0.00249	0.01223	0.00688	0.03701	0.01164
26	0.00982	0.00842	0.00842	0.00842	0.01122	0.00701	0.00631	0.01192	0.01894	0.02244	0.08416	0.07995	0.65285	0.02104	0.00982	0.00281	0.00421	0.01753	0.00771	0.00701
27	0.01187	0.00890	0.01335	0.01335	0.01483	0.01038	0.01038	0.01483	0.01335	0.01928	0.02225	0.03264	0.02077	0.06231	0.67512	0.01335	0.02225	0.00890	0.00445	0.00742
28	0.01118	0.00805	0.01059	0.01085	0.01228	0.00745	0.00779	0.01422	0.02083	0.02904	0.43767	0.28842	0.07010	0.02018	0.01008	0.00288	0.00424	0.01806	0.00864	0.00745
29	0.00990	0.00809	0.00876	0.00929	0.01145	0.00694	0.00670	0.01182	0.01809	0.02210	0.07349	0.25306	0.48663	0.02243	0.01004	0.00296	0.00438	0.01922	0.00771	0.00694
30	0.01879	0.01793	0.03051	0.28313	0.43795	0.01927	0.02461	0.02394	0.01808	0.02499	0.01531	0.02114	0.01240	0.00773	0.00825	0.00258	0.01031	0.00739	0.00396	0.01173
31	0.01443	0.00722	0.01082	0.01082	0.01082	0.00722	0.00722	0.01082	0.01082	0.01443	0.01443	0.02525	0.01443	0.02886	0.03247	0.75830	0.00722	0.00722	0.00361	0.00361
32	0.17547	0.27218	0.02856	0.01522	0.02171	0.02546	0.01347	0.22402	0.02434	0.10375	0.01661	0.01715	0.01254	0.00851	0.00660	0.00226	0.00828	0.00587	0.00616	0.01184
33	0.03103	0.03959	0.02354	0.02140	0.02568	0.67469	0.01605	0.03317	0.02354	0.02033	0.01284	0.01498	0.01070	0.00856	0.00749	0.00214	0.01498	0.00535	0.00428	0.00963
34	0.01048	0.00748	0.01005	0.01197	0.01261	0.00705	0.00833	0.01218	0.01626	0.02160	0.04559	0.63634	0.05417	0.02569	0.01070	0.00342	0.00513	0.08639	0.00770	0.00685
35	0.03103	0.03959	0.02354	0.02140	0.02568	0.67469	0.01605	0.03317	0.02354	0.02033	0.01284	0.01498	0.01070	0.00856	0.00749	0.00214	0.01498	0.00535	0.00428	0.00963
36	0.02009	0.01908	0.03156	0.11135	0.54189	0.01969	0.02419	0.02668	0.07244	0.02721	0.01711	0.02162	0.01401	0.00783	0.00825	0.00253	0.00970	0.00757	0.00445	0.01277
37	0.01012	0.00723	0.00964	0.01157	0.01205	0.00675	0.00771	0.01157	0.01591	0.02121	0.04579	0.70262	0.05495	0.02603	0.01060	0.00337	0.00482	0.02362	0.00771	0.00675
38	0.06432	0.15904	0.03333	0.03763	0.41692	0.05283	0.02115	0.07111	0.01997	0.02778	0.01478	0.01842	0.01239	0.00761	0.00745	0.00232	0.00966	0.00656	0.00438	0.01234
39	0.21175	0.05407	0.07419	0.04807	0.02254	0.18247	0.01394	0.07027	0.01966	0.05360	0.02064	0.15321	0.01975	0.01187	0.00759	0.00260	0.00933	0.00918	0.00560	0.00967
40	0.19314	0.01560	0.01513	0.01351	0.01726	0.07163	0.01065	0.09755	0.05860	0.06141	0.12333	0.02948	0.02610	0.02098	0.14058	0.00464	0.01006	0.00830	0.07249	0.00956
41	0.08785	0.22255	0.09230	0.01686	0.02256	0.07725	0.06019	0.02599	0.08556	0.05394	0.02263	0.15474	0.02154	0.01173	0.00763	0.00251	0.00877	0.00965	0.00548	0.01028
42	0.08620	0.23016	0.08875	0.01608	0.02221	0.02383	0.01490	0.14718	0.12359	0.03177	0.05990	0.02432	0.04826	0.01007	0.00810	0.00242	0.03749	0.00742	0.00598	0.01136
43	0.02376	0.20101	0.18984	0.01853	0.02627	0.02460	0.01868	0.27154	0.02582	0.03466	0.01676	0.01877	0.01292	0.01325	0.06505	0.00328	0.01100	0.00650	0.00557	0.01221
44	0.06494	0.06509	0.37481	0.02076	0.03020	0.07821	0.02321	0.13451	0.02219	0.08561	0.01682	0.01825	0.01196	0.00848	0.00770	0.00252	0.01103	0.00633	0.00511	0.01227
45	0.17395	0.27920	0.14077	0.01594	0.02311	0.02473	0.01594	0.10433	0.07346	0.03038	0.03747	0.01818	0.01438	0.00844	0.00655	0.00230	0.00864	0.00594	0.00510	0.01117
46	0.02089	0.11979	0.29179	0.01872	0.02697	0.04804	0.02022	0.15078	0.02257	0.05597	0.02565	0.05211	0.09017	0.01063	0.00798	0.00252	0.00982	0.00830	0.00550	0.01157
47	0.06235	0.22697	0.09944	0.01779	0.02511	0.02680	0.01663	0.35741	0.02903	0.03920	0.01654	0.01744	0.01248	0.00880	0.00724	0.00230	0.00928	0.00630	0.00624	0.01267
48	0.02704	0.29135	0.07140	0.01750	0.02467	0.02812	0.01609	0.35802	0.02916	0.03806	0.01639	0.01724	0.01257	0.00874	0.00713	0.00222	0.00923	0.00622	0.00618	0.01267
49	0.02502	0.19339	0.06308	0.01735	0.02320	0.15717	0.01507	0.20783	0.06414	0.03271	0.10160	0.02350	0.02167	0.00989	0.00760	0.00229	0.00959	0.00736	0.00618	0.01136
50	0.07733	0.29076	0.23411	0.01743	0.02570	0.02472	0.01885	0.12329	0.02064	0.02859	0.01845	0.01985	0.05046	0.00873	0.00690	0.00229	0.00954	0.00629	0.00469	0.01139

[dist]
# distance from previous block
# <min> <max>
5	61

[block]
# block no. 2 follows, 22 sequences, length 127
# corresponding to MSA columns:
# 213-339
name=unknown_C
#
# <colnr> <probs for GDERKNQSTAVLIFYWHMCP>
#	G	D	E	R	K	N	Q	S	T	A	V	L	I	F	Y	W	H	M	C	P
0	0.19102	0.07115	0.13061	0.02592	0.14307	0.18736	0.08629	0.02743	0.01874	0.02703	0.01376	0.01681	0.01095	0.00778	0.00728	0.00243	0.01118	0.00610	0.00426	0.01080
1	0.02124	0.01932	0.08160	0.02443	0.17540	0.01752	0.01689	0.15608	0.09499	0.06616	0.16205	0.03081	0.02945	0.01066	0.00847	0.00249	0.00786	0.00913	0.00694	0.05853
2	0.02351	0.17465	0.02697	0.01914	0.05530	0.20126	0.01494	0.09377	0.02142	0.02608	0.07359	0.02059	0.01779	0.00969	0.00993	0.00227	0.10350	0.00663	0.00501	0.09398
3	0.06152	0.02751	0.19178	0.02322	0.10902	0.13125	0.01945	0.05758	0.07339	0.08484	0.01969	0.06215	0.01604	0.00987	0.00875	0.00255	0.03970	0.00770	0.00541	0.04855
4	0.02230	0.15431	0.02744	0.02268	0.12768	0.22227	0.04353	0.02548	0.01955	0.02299	0.01961	0.05342	0.05355	0.00921	0.00737	0.00209	0.01020	0.00729	0.00461	0.14444
5	0.05070	0.08859	0.05867	0.09124	0.19680	0.09421	0.05614	0.02885	0.11110	0.05209	0.01861	0.02129	0.01457	0.00835	0.00767	0.00241	0.00967	0.00711	0.04101	0.04092
6	0.09466	0.01392	0.01848	0.05274	0.02102	0.01471	0.03793	0.05113	0.01889	0.16499	0.09253	0.10084	0.02665	0.04834	0.03942	0.00342	0.10925	0.01006	0.00672	0.07430
7	0.10819	0.01925	0.07551	0.01777	0.05517	0.01782	0.01441	0.15929	0.13991	0.12043	0.02452	0.08617	0.01980	0.01076	0.00791	0.00252	0.00764	0.00873	0.00716	0.09704
8	0.01886	0.12432	0.16608	0.14932	0.14463	0.02120	0.02143	0.07587	0.01858	0.02555	0.01551	0.02029	0.01262	0.01460	0.08486	0.00378	0.06045	0.00686	0.00419	0.01101
9	0.02122	0.17246	0.09213	0.03299	0.31632	0.06343	0.02091	0.02901	0.12189	0.02626	0.01752	0.02010	0.01424	0.00810	0.00756	0.00237	0.00965	0.00685	0.00467	0.01232
10	0.02047	0.17199	0.10754	0.03995	0.44876	0.02252	0.02365	0.02545	0.01832	0.02541	0.01466	0.01866	0.01232	0.00739	0.00756	0.00234	0.00993	0.00662	0.00392	0.01252
11	0.02657	0.02989	0.23997	0.02065	0.02919	0.02359	0.02080	0.42620	0.03183	0.04361	0.01825	0.01914	0.01292	0.00927	0.00817	0.00254	0.01020	0.00703	0.00670	0.01351
12	0.02116	0.01871	0.02436	0.06120	0.02612	0.05139	0.09907	0.17549	0.11849	0.03415	0.15609	0.03070	0.02869	0.01172	0.01138	0.00277	0.10108	0.00958	0.00683	0.01101
13	0.01125	0.00847	0.01039	0.00991	0.01210	0.00762	0.00744	0.01468	0.02231	0.03044	0.50184	0.06678	0.23018	0.01806	0.00980	0.00266	0.00400	0.01569	0.00877	0.00762
14	0.01035	0.00844	0.00915	0.00897	0.01155	0.00724	0.00673	0.01295	0.02019	0.02542	0.23957	0.07505	0.49559	0.01993	0.00981	0.00275	0.00413	0.01685	0.00811	0.00724
15	0.01549	0.00774	0.00774	0.00774	0.00968	0.00774	0.00581	0.01936	0.01742	0.03097	0.02710	0.03097	0.02129	0.00968	0.00581	0.00194	0.00387	0.00774	0.75416	0.00774
16	0.02056	0.01974	0.03372	0.05099	0.65622	0.01974	0.02550	0.02550	0.01892	0.02714	0.01563	0.02056	0.01316	0.00740	0.00822	0.00247	0.00987	0.00740	0.00411	0.01316
17	0.03427	0.01895	0.02226	0.01706	0.02361	0.01935	0.01410	0.35044	0.03183	0.34065	0.02601	0.02388	0.01717	0.01012	0.00833	0.00253	0.00816	0.00789	0.00924	0.01413
18	0.00983	0.00836	0.00847	0.00856	0.01126	0.00700	0.00638	0.01191	0.01880	0.02239	0.08241	0.10838	0.62555	0.02127	0.00985	0.00283	0.00424	0.01781	0.00771	0.00700
19	0.02021	0.01956	0.03391	0.08985	0.58952	0.01972	0.05420	0.02528	0.01881	0.02675	0.01563	0.02075	0.01300	0.00744	0.00831	0.00250	0.01014	0.00752	0.00409	0.01282
20	0.01818	0.01818	0.02545	0.02181	0.02181	0.02545	0.01818	0.01999	0.01272	0.01999	0.01091	0.01818	0.01091	0.01454	0.02726	0.00364	0.69284	0.00727	0.00364	0.00909
21	0.01767	0.02012	0.11705	0.02792	0.25281	0.01570	0.01840	0.02413	0.07031	0.02702	0.02586	0.02793	0.09810	0.00926	0.00784	0.00223	0.00818	0.00804	0.00508	0.21635
22	0.01354	0.01136	0.01656	0.01560	0.01669	0.01438	0.01245	0.01620	0.01318	0.01947	0.01924	0.02880	0.01815	0.04963	0.50326	0.01077	0.20014	0.00847	0.00423	0.00786
23	0.76672	0.01607	0.01221	0.01092	0.01607	0.01864	0.00900	0.02442	0.01414	0.03727	0.01157	0.01350	0.00900	0.00771	0.00514	0.00257	0.00643	0.00450	0.00514	0.00900
24	0.27091	0.01346	0.01248	0.01095	0.01485	0.01479	0.00876	0.13571	0.02039	0.03711	0.02054	0.02302	0.01581	0.00907	0.00605	0.00225	0.00572	0.00660	0.36214	0.00937
25	0.00990	0.00809	0.00875	0.00928	0.01145	0.00694	0.00670	0.01183	0.01811	0.02210	0.07365	0.25041	0.48917	0.02240	0.01003	0.00296	0.00438	0.01920	0.00771	0.00694
26	0.03103	0.03959	0.02354	0.02140	0.02568	0.67469	0.01605	0.03317	0.02354	0.02033	0.01284	0.01498	0.01070	0.00856	0.00749	0.00214	0.01498	0.00535	0.00428	0.00963
27	0.01679	0.01589	0.02691	0.54394	0.19274	0.01875	0.02362	0.02219	0.01713	0.02256	0.01496	0.02179	0.01155	0.00810	0.00829	0.00270	0.01080	0.00739	0.00379	0.01012
28	0.01175	0.00983	0.01039	0.01001	0.01296	0.00918	0.00758	0.01733	0.11242	0.02602	0.16754	0.06979	0.46735	0.01893	0.00961	0.00278	0.00451	0.01592	0.00805	0.00806
29	0.02056	0.01974	0.03372	0.05099	0.65622	0.01974	0.02550	0.02550	0.01892	0.02714	0.01563	0.02056	0.01316	0.00740	0.00822	0.00247	0.00987	0.00740	0.00411	0.01316
30	0.01902	0.01680	0.01633	0.01457	0.01861	0.07422	0.01130	0.10531	0.26755	0.03249	0.13298	0.04467	0.18355	0.01409	0.00888	0.00268	0.00668	0.01160	0.00799	0.01069
31	0.02051	0.01482	0.01300	0.01165	0.01476	0.09921	0.00900	0.13353	0.02222	0.03351	0.02390	0.02683	0.01857	0.00959	0.00649	0.00207	0.00631	0.00738	0.51751	0.00917
32	0.02028	0.01945	0.03321	0.08776	0.62165	0.01966	0.02536	0.02525	0.01878	0.02680	0.01558	0.02065	0.01304	0.00745	0.00823	0.00248	0.00994	0.00740	0.00409	0.01293
33	0.02001	0.01917	0.03272	0.12335	0.58819	0.01959	0.02522	0.02501	0.01865	0.02647	0.01553	0.02074	0.01292	0.00750	0.00823	0.00250	0.01001	0.00740	0.00406	0.01271
34	0.01008	0.00837	0.00849	0.00849	0.01098	0.00713	0.00617	0.01194	0.01816	0.02172	0.07757	0.07704	0.58213	0.09907	0.01351	0.00340	0.00464	0.01691	0.00741	0.00679
35	0.03103	0.03959	0.02354	0.02140	0.02568	0.67469	0.01605	0.03317	0.02354	0.02033	0.01284	0.01498	0.01070	0.00856	0.00749	0.00214	0.01498	0.00535	0.00428	0.00963
36	0.03158	0.02327	0.02493	0.01911	0.02576	0.02576	0.01579	0.62852	0.03906	0.05236	0.01995	0.01995	0.01413	0.00997	0.00831	0.00249	0.00914	0.00748	0.00831	0.01413
37	0.01012	0.00723	0.00964	0.01157	0.01205	0.00675	0.00771	0.01157	0.01591	0.02121	0.04579	0.70262	0.05495	0.02603	0.01060	0.00337	0.00482	0.02362	0.00771	0.00675
38	0.01111	0.00847	0.01020	0.00977	0.01201	0.00756	0.00733	0.01442	0.02198	0.02966	0.46112	0.06807	0.27139	0.01835	0.00980	0.00268	0.00402	0.01587	0.00866	0.00756
39	0.19404	0.01559	0.01840	0.01444	0.02061	0.01514	0.01192	0.10381	0.02343	0.45792	0.02674	0.02414	0.01734	0.00969	0.00766	0.00256	0.00717	0.00742	0.00895	0.01303
40	0.02925	0.01642	0.01940	0.01603	0.02167	0.01696	0.01287	0.07876	0.30997	0.33429	0.03246	0.02901	0.02238	0.01072	0.00840	0.00268	0.00697	0.00878	0.00931	0.01368
41	0.01443	0.00722	0.01082	0.01082	0.01082	0.00722	0.00722	0.01082	0.01082	0.01443	0.01443	0.02525	0.01443	0.02886	0.03247	0.75830	0.00722	0.00722	0.00361	0.00361
42	0.01549	0.00774	0.00774	0.00774	0.00968	0.00774	0.00581	0.01936	0.01742	0.03097	0.02710	0.03097	0.02129	0.00968	0.00581	0.00194	0.00387	0.00774	0.75416	0.00774
43	0.01890	0.31309	0.41447	0.01986	0.03006	0.02477	0.02405	0.02573	0.01727	0.02358	0.01355	0.01584	0.01058	0.00758	0.00686	0.00229	0.01091	0.00545	0.00353	0.01163
44	0.02221	0.71304	0.04353	0.01421	0.02132	0.03287	0.01421	0.02488	0.01688	0.01955	0.01155	0.01333	0.01066	0.00711	0.00533	0.00178	0.00888	0.00444	0.00355	0.01066
45	0.14907	0.02133	0.02475	0.02466	0.16024	0.02330	0.01678	0.39988	0.03065	0.04445	0.01765	0.01903	0.01308	0.00905	0.00778	0.00250	0.00886	0.00698	0.00689	0.01308
46	0.02745	0.03280	0.02703	0.03153	0.24152	0.45050	0.01928	0.03054	0.02196	0.02266	0.01379	0.01689	0.01154	0.00816	0.00774	0.00225	0.01323	0.00605	0.00422	0.01084
47	0.01139	0.00848	0.01060	0.01007	0.01219	0.00768	0.00755	0.01497	0.02265	0.03127	0.54499	0.06542	0.18651	0.01775	0.00980	0.00265	0.00397	0.01550	0.00888	0.00768
48	0.01187	0.00890	0.01335	0.01335	0.01483	0.01038	0.01038	0.01483	0.01335	0.01928	0.02225	0.03264	0.02077	0.06231	0.67512	0.01335	0.02225	0.00890	0.00445	0.00742
49	0.00991	0.00842	0.00855	0.00852	0.01128	0.00705	0.00639	0.01211	0.01916	0.02298	0.11224	0.07906	0.62443	0.02084	0.00982	0.00280	0.00419	0.01741	0.00779	0.00705
50	0.01211	0.00926	0.01382	0.01368	0.01511	0.01097	0.01069	0.01504	0.01333	0.01931	0.02181	0.03207	0.02038	0.06044	0.64976	0.01297	0.04851	0.00884	0.00442	0.00748
51	0.01771	0.16909	0.54803	0.02190	0.03320	0.02185	0.02759	0.02604	0.01742	0.02504	0.01428	0.01675	0.01055	0.00774	0.00741	0.00247	0.01164	0.00582	0.00352	0.01197
52	0.01008	0.00815	0.00900	0.00962	0.01174	0.00707	0.00704	0.01209	0.01812	0.02222	0.07171	0.25044	0.45986	0.02249	0.01011	0.00301	0.00455	0.04802	0.00771	0.00697
53	0.06316	0.02098	0.02403	0.13196	0.03039	0.02344	0.01651	0.46476	0.03325	0.08044	0.01940	0.02049	0.01373	0.00960	0.00817	0.00255	0.00923	0.00737	0.00749	0.01306
54	0.02099	0.49640	0.21868	0.01718	0.02564	0.05470	0.01895	0.02561	0.01733	0.02149	0.01255	0.01459	0.01062	0.00739	0.00614	0.00203	0.01009	0.00496	0.00357	0.01108
55	0.01666	0.04297	0.66500	0.02368	0.03596	0.01929	0.03069	0.02631	0.01754	0.02631	0.01491	0.01754	0.01052	0.00789	0.00789	0.00263	0.01228	0.00614	0.00351	0.01228
56	0.01042	0.00855	0.00930	0.00970	0.01225	0.00742	0.00755	0.01278	0.01883	0.02279	0.07571	0.11119	0.52471	0.02159	0.01013	0.00300	0.00481	0.11445	0.00770	0.00711
57	0.02041	0.02307	0.08299	0.20317	0.37210	0.10594	0.02408	0.02552	0.01884	0.02470	0.01498	0.01997	0.01210	0.00782	0.00812	0.00251	0.01105	0.00702	0.00398	0.01164
58	0.18628	0.02865	0.02162	0.01925	0.02255	0.35538	0.01511	0.02768	0.01855	0.02389	0.01204	0.01553	0.01039	0.01001	0.01240	0.00264	0.19871	0.00569	0.00429	0.00935
59	0.01021	0.00729	0.00971	0.01151	0.01207	0.00680	0.00772	0.01178	0.01630	0.02183	0.07686	0.66978	0.05615	0.02556	0.01056	0.00333	0.00477	0.02318	0.00779	0.00680
60	0.02360	0.28706	0.19210	0.02098	0.06188	0.23788	0.01957	0.02797	0.01933	0.02192	0.01304	0.01532	0.01078	0.00779	0.00684	0.00215	0.01178	0.00533	0.00381	0.01087
61	0.01725	0.16313	0.35031	0.02246	0.09915	0.01981	0.02262	0.02394	0.01869	0.02642	0.13422	0.02545	0.02362	0.00940	0.00779	0.00244	0.00978	0.00763	0.00465	0.01123
62	0.01593	0.01524	0.02642	0.64745	0.05636	0.01862	0.06058	0.02156	0.01680	0.02156	0.01489	0.02216	0.01117	0.00822	0.00840	0.00277	0.01126	0.00753	0.00372	0.00935
63	0.05331	0.01358	0.01583	0.01242	0.01855	0.01095	0.01008	0.02074	0.01777	0.05588	0.02510	0.03290	0.07079	0.00988	0.00721	0.00183	0.00624	0.08480	0.00577	0.52635
64	0.01190	0.00877	0.01270	0.01270	0.01395	0.01003	0.00957	0.01441	0.01316	0.01880	0.02285	0.03596	0.02221	0.16098	0.57842	0.01254	0.02008	0.00939	0.00454	0.00705
65	0.03106	0.03883	0.02361	0.02130	0.02569	0.64451	0.01604	0.06087	0.02426	0.02182	0.01317	0.01521	0.01086	0.00863	0.00753	0.00216	0.01471	0.00545	0.00447	0.00984
66	0.01666	0.04297	0.66500	0.02368	0.03596	0.01929	0.03069	0.02631	0.01754	0.02631	0.01491	0.01754	0.01052	0.00789	0.00789	0.00263	0.01228	0.00614	0.00351	0.01228
67	0.02226	0.06770	0.30900	0.02442	0.03330	0.17806	0.13713	0.08183	0.02126	0.02695	0.01506	0.01786	0.01129	0.00804	0.00807	0.00249	0.01281	0.00668	0.00426	0.01153
68	0.01059	0.00839	0.00952	0.00936	0.01172	0.00732	0.00697	0.01336	0.02056	0.02660	0.30253	0.10381	0.40036	0.01971	0.00985	0.00276	0.00413	0.01686	0.00827	0.00732
69	0.01634	0.02659	0.28473	0.02260	0.03057	0.01669	0.17901	0.02459	0.05851	0.02883	0.19095	0.03184	0.03057	0.01036	0.00895	0.00268	0.01009	0.00973	0.00554	0.01084
70	0.02110	0.02076	0.03320	0.04947	0.62389	0.05332	0.02501	0.02589	0.01915	0.02679	0.01548	0.02027	0.01303	0.00746	0.00819	0.00245	0.01013	0.00730	0.00412	0.01298
71	0.05976	0.16885	0.03369	0.03855	0.44611	0.02198	0.02122	0.02502	0.01812	0.02603	0.01448	0.01842	0.01235	0.00728	0.00731	0.00225	0.00925	0.00646	0.00410	0.05879
72	0.01819	0.01474	0.01733	0.01242	0.01976	0.01113	0.00996	0.02186	0.01754	0.05757	0.01563	0.01776	0.01270	0.00635	0.00626	0.00129	0.00620	0.00509	0.00518	0.72305
73	0.01058	0.00758	0.01005	0.01126	0.01215	0.00705	0.00775	0.01271	0.01802	0.02457	0.21427	0.52454	0.06146	0.02351	0.01038	0.00316	0.00457	0.02123	0.00811	0.00705
74	0.01610	0.01512	0.02146	0.01902	0.01951	0.02048	0.01561	0.01829	0.01293	0.01976	0.01464	0.02294	0.01415	0.03027	0.24066	0.00684	0.47196	0.00781	0.00390	0.00854
75	0.01104	0.00846	0.01011	0.00970	0.01197	0.00753	0.00727	0.01429	0.02182	0.02929	0.44160	0.06868	0.29114	0.01849	0.00981	0.00268	0.00403	0.01595	0.00862	0.00753
76	0.01208	0.00805	0.00906	0.00906	0.00906	0.00805	0.00503	0.01208	0.01208	0.01611	0.02618	0.05436	0.03020	0.70804	0.04228	0.00805	0.00805	0.01208	0.00503	0.00503
77	0.05254	0.12813	0.24563	0.02227	0.03011	0.27075	0.08629	0.02869	0.01983	0.02359	0.01375	0.01637	0.01077	0.00794	0.00750	0.00235	0.01281	0.00594	0.00395	0.01081
78	0.26768	0.01982	0.06186	0.03618	0.40937	0.01935	0.02032	0.02518	0.01726	0.03045	0.01424	0.01805	0.01163	0.00753	0.00718	0.00251	0.00886	0.00637	0.00442	0.01173
79	0.01818	0.01818	0.02545	0.02181	0.02181	0.02545	0.01818	0.01999	0.01272	0.01999	0.01091	0.01818	0.01091	0.01454	0.02726	0.00364	0.69284	0.00727	0.00364	0.00909
80	0.02361	0.01992	0.02023	0.01737	0.02249	0.05170	0.01372	0.19652	0.43034	0.03826	0.03109	0.02919	0.04547	0.01117	0.00842	0.00270	0.00755	0.00901	0.00819	0.01301
81	0.02718	0.02742	0.02277	0.02078	0.05487	0.26777	0.01547	0.17941	0.23426	0.03319	0.02172	0.02182	0.01656	0.00975	0.00805	0.00247	0.01051	0.00732	0.00664	0.01206
82	0.01666	0.04297	0.66500	0.02368	0.03596	0.01929	0.03069	0.02631	0.01754	0.02631	0.01491	0.01754	0.01052	0.00789	0.00789	0.00263	0.01228	0.00614	0.00351	0.01228
83	0.76672	0.01607	0.01221	0.01092	0.01607	0.01864	0.00900	0.02442	0.01414	0.03727	0.01157	0.01350	0.00900	0.00771	0.00514	0.00257	0.00643	0.00450	0.00514	0.00900
84	0.01208	0.00805	0.00906	0.00906	0.00906	0.00805	0.00503	0.01208	0.01208	0.01611	0.02618	0.05436	0.03020	0.70804	0.04228	0.00805	0.00805	0.01208	0.00503	0.00503
85	0.03281	0.02130	0.02371	0.01818	0.02478	0.02284	0.01502	0.50162	0.03576	0.18391	0.02271	0.02174	0.01552	0.01004	0.00832	0.00251	0.00869	0.00767	0.00874	0.01413
86	0.01043	0.00775	0.00980	0.01131	0.01246	0.00712	0.00805	0.01229	0.01692	0.02189	0.05386	0.49909	0.18316	0.02460	0.01053	0.00330	0.00501	0.08781	0.00771	0.00691
87	0.02221	0.71304	0.04353	0.01421	0.02132	0.03287	0.01421	0.02488	0.01688	0.01955	0.01155	0.01333	0.01066	0.00711	0.00533	0.00178	0.00888	0.00444	0.00355	0.01066
88	0.01443	0.00722	0.01082	0.01082	0.01082	0.00722	0.00722	0.01082	0.01082	0.01443	0.01443	0.02525	0.01443	0.02886	0.03247	0.75830	0.00722	0.00722	0.00361	0.00361
89	0.03103	0.03959	0.02354	0.02140	0.02568	0.67469	0.01605	0.03317	0.02354	0.02033	0.01284	0.01498	0.01070	0.00856	0.00749	0.00214	0.01498	0.00535	0.00428	0.00963
90	0.01853	0.01710	0.01782	0.01316	0.02025	0.07352	0.01043	0.02207	0.01782	0.02644	0.01458	0.01702	0.01215	0.00638	0.00628	0.00132	0.00698	0.00496	0.00486	0.68833
91	0.01119	0.00847	0.01031	0.00985	0.01206	0.00760	0.00739	0.01457	0.02217	0.03011	0.48450	0.06733	0.24772	0.01818	0.00980	0.00267	0.00400	0.01576	0.00872	0.00760
92	0.01621	0.01528	0.02167	0.01917	0.01963	0.02074	0.01574	0.01838	0.01292	0.01977	0.01445	0.02269	0.01399	0.02946	0.22958	0.00667	0.48343	0.00778	0.00389	0.00857
93	0.19469	0.01455	0.01775	0.01395	0.02010	0.01360	0.01152	0.03702	0.02170	0.52716	0.02820	0.02509	0.01807	0.00973	0.00766	0.00257	0.00693	0.00752	0.00917	0.01303
94	0.12013	0.01436	0.01848	0.01434	0.02062	0.01294	0.01185	0.03866	0.02268	0.59102	0.03037	0.02660	0.01925	0.00999	0.00799	0.00257	0.00700	0.00792	0.00970	0.01355
95	0.02018	0.02082	0.03990	0.04454	0.40864	0.02025	0.26813	0.02595	0.01920	0.02693	0.01610	0.02131	0.01294	0.00724	0.00886	0.00260	0.01154	0.00837	0.00415	0.01237
96	0.01012	0.00723	0.00964	0.01157	0.01205	0.00675	0.00771	0.01157	0.01591	0.02121	0.04579	0.70262	0.05495	0.02603	0.01060	0.00337	0.00482	0.02362	0.00771	0.00675
97	0.01012	0.00723	0.00964	0.01157	0.01205	0.00675	0.00771	0.01157	0.01591	0.02121	0.04579	0.70262	0.05495	0.02603	0.01060	0.00337	0.00482	0.02362	0.00771	0.00675
98	0.02365	0.01933	0.02047	0.01751	0.02274	0.02206	0.01387	0.20412	0.47637	0.03957	0.03002	0.02797	0.02228	0.01092	0.00841	0.00273	0.00728	0.00887	0.00841	0.01342
99	0.76672	0.01607	0.01221	0.01092	0.01607	0.01864	0.00900	0.02442	0.01414	0.03727	0.01157	0.01350	0.00900	0.00771	0.00514	0.00257	0.00643	0.00450	0.00514	0.00900
100	0.02221	0.71304	0.04353	0.01421	0.02132	0.03287	0.01421	0.02488	0.01688	0.01955	0.01155	0.01333	0.01066	0.00711	0.00533	0.00178	0.00888	0.00444	0.00355	0.01066
101	0.03103	0.03959	0.02354	0.02140	0.02568	0.67469	0.01605	0.03317	0.02354	0.02033	0.01284	0.01498	0.01070	0.00856	0.00749	0.00214	0.01498	0.00535	0.00428	0.00963
102	0.02351	0.51638	0.09465	0.01652	0.02351	0.16238	0.01605	0.02669	0.01830	0.02031	0.01211	0.01404	0.01066	0.00747	0.00600	0.00193	0.01043	0.00478	0.00370	0.01059
103	0.76672	0.01607	0.01221	0.01092	0.01607	0.01864	0.00900	0.02442	0.01414	0.03727	0.01157	0.01350	0.00900	0.00771	0.00514	0.00257	0.00643	0.00450	0.00514	0.00900
104	0.03045	0.03871	0.02485	0.02210	0.02659	0.64118	0.04733	0.03284	0.02334	0.02065	0.01304	0.01536	0.01080	0.00848	0.00761	0.00217	0.01493	0.00558	0.00428	0.00971
105	0.01033	0.00760	0.00968	0.01093	0.01198	0.00695	0.00752	0.01225	0.01752	0.02324	0.14407	0.51197	0.14765	0.02390	0.01036	0.00317	0.00459	0.02140	0.00793	0.00695
106	0.01235	0.00897	0.01168	0.01147	0.01205	0.00997	0.00788	0.01361	0.01261	0.01757	0.02376	0.04379	0.02540	0.41585	0.28855	0.00987	0.05312	0.01056	0.00473	0.00620
107	0.01012	0.00723	0.00964	0.01157	0.01205	0.00675	0.00771	0.01157	0.01591	0.02121	0.04579	0.70262	0.05495	0.02603	0.01060	0.00337	0.00482	0.02362	0.00771	0.00675
108	0.01443	0.00722	0.01082	0.01082	0.01082	0.00722	0.00722	0.01082	0.01082	0.01443	0.01443	0.02525	0.01443	0.02886	0.03247	0.75830	0.00722	0.00722	0.00361	0.00361
109	0.01065	0.00796	0.01082	0.01343	0.04571	0.00744	0.00856	0.01232	0.01625	0.02159	0.04660	0.62819	0.08995	0.02474	0.01043	0.00329	0.00505	0.02239	0.00752	0.00710
110	0.01723	0.01477	0.01723	0.01230	0.01969	0.01107	0.00984	0.02092	0.01723	0.02707	0.01477	0.01723	0.01230	0.00615	0.00615	0.00123	0.00615	0.00492	0.00492	0.75883
111	0.02368	0.55264	0.03889	0.01594	0.02217	0.15331	0.01475	0.02620	0.01793	0.01971	0.01176	0.01387	0.01068	0.00774	0.00680	0.00194	0.04316	0.00475	0.00369	0.01039
112	0.03103	0.03959	0.02354	0.02140	0.02568	0.67469	0.01605	0.03317	0.02354	0.02033	0.01284	0.01498	0.01070	0.00856	0.00749	0.00214	0.01498	0.00535	0.00428	0.00963
113	0.02300	0.01982	0.05099	0.01701	0.02171	0.07719	0.01439	0.27484	0.06362	0.03720	0.06214	0.07470	0.02773	0.01383	0.00895	0.00279	0.00851	0.13655	0.05399	0.01104
114	0.16328	0.22189	0.08975	0.01452	0.02079	0.02124	0.01371	0.08650	0.04679	0.11276	0.07406	0.02247	0.01920	0.00920	0.00680	0.00231	0.00773	0.00677	0.04922	0.01099
115	0.02031	0.01948	0.03326	0.08434	0.62487	0.01967	0.02537	0.02527	0.01880	0.02683	0.01558	0.02064	0.01305	0.00745	0.00823	0.00248	0.00993	0.00740	0.00409	0.01295
116	0.01443	0.00722	0.01082	0.01082	0.01082	0.00722	0.00722	0.01082	0.01082	0.01443	0.01443	0.02525	0.01443	0.02886	0.03247	0.75830	0.00722	0.00722	0.00361	0.00361
117	0.02373	0.02383	0.02443	0.02877	0.23112	0.20371	0.01756	0.03271	0.19150	0.05957	0.02498	0.02594	0.05599	0.00979	0.00819	0.00250	0.00991	0.00805	0.00589	0.01183
118	0.01395	0.01196	0.01733	0.01614	0.01713	0.01535	0.01295	0.01653	0.01314	0.01952	0.01851	0.02787	0.01752	0.04657	0.46173	0.01015	0.24313	0.00836	0.00418	0.00797
119	0.01695	0.07804	0.63247	0.02318	0.03519	0.02000	0.02983	0.02623	0.01750	0.02595	0.01473	0.01732	0.01053	0.00785	0.00776	0.00259	0.01210	0.00605	0.00351	0.01219
120	0.01810	0.01843	0.02214	0.17168	0.12408	0.13049	0.01730	0.02131	0.01706	0.02157	0.02045	0.14905	0.02047	0.01769	0.07456	0.00387	0.12763	0.01021	0.00468	0.00923
121	0.01122	0.00751	0.00927	0.01041	0.01146	0.00698	0.00715	0.01264	0.01617	0.02214	0.04699	0.43630	0.15157	0.02315	0.01186	0.07411	0.00481	0.01880	0.11082	0.00664
122	0.02420	0.09214	0.02312	0.01808	0.02261	0.33332	0.04197	0.08051	0.05235	0.02442	0.02824	0.02939	0.13085	0.01401	0.04648	0.00297	0.01187	0.00831	0.00541	0.00976
123	0.01589	0.01188	0.01342	0.01256	0.01520	0.01213	0.00935	0.14733	0.05776	0.02929	0.09171	0.20922	0.16351	0.12644	0.01476	0.00373	0.00630	0.04331	0.00758	0.00862
124	0.10511	0.02641	0.23954	0.02772	0.20496	0.01868	0.02185	0.05545	0.07100	0.06304	0.01747	0.01970	0.01318	0.00809	0.00761	0.00246	0.00951	0.00665	0.00498	0.07658
125	0.07166	0.02404	0.02145	0.02034	0.08146	0.21429	0.01458	0.21918	0.02750	0.03522	0.15862	0.02757	0.02711	0.01074	0.00819	0.00242	0.00961	0.00834	0.00670	0.01097
126	0.14779	0.01650	0.04800	0.01367	0.01781	0.08753	0.01151	0.02224	0.05693	0.05884	0.03880	0.04662	0.18130	0.01890	0.07115	0.00374	0.00884	0.09851	0.00638	0.04493

[dist]
# distance from previous block
# <min> <max>
1	116

[block]
# block no. 3 follows, 22 sequences, length 44
# corresponding to MSA columns:
# 456-499
name=unknown_D
#
# <colnr> <probs for GDERKNQSTAVLIFYWHMCP>
#	G	D	E	R	K	N	Q	S	T	A	V	L	I	F	Y	W	H	M	C	P
0	0.01939	0.10423	0.05958	0.05882	0.29955	0.06856	0.07128	0.02377	0.01901	0.02536	0.09535	0.02697	0.02181	0.05911	0.01059	0.00283	0.00977	0.00833	0.00472	0.01097
1	0.21340	0.10900	0.02111	0.01711	0.04933	0.28350	0.01288	0.02616	0.01965	0.02602	0.06575	0.02466	0.08060	0.00999	0.00707	0.00232	0.00993	0.00705	0.00510	0.00936
2	0.02247	0.06595	0.02412	0.14085	0.17789	0.19896	0.01717	0.02630	0.01959	0.05376	0.01754	0.02128	0.01393	0.00845	0.00737	0.00228	0.01010	0.00675	0.15494	0.01030
3	0.07599	0.08086	0.03448	0.03674	0.32742	0.09771	0.14381	0.05635	0.02008	0.02758	0.01512	0.01914	0.01230	0.00758	0.00800	0.00245	0.01094	0.00720	0.00438	0.01189
4	0.07356	0.01890	0.03146	0.07720	0.52573	0.01915	0.05193	0.02472	0.01849	0.02736	0.01807	0.02258	0.03817	0.00799	0.00814	0.00252	0.00965	0.00771	0.00431	0.01233
5	0.06350	0.01411	0.02129	0.01816	0.02023	0.01704	0.09201	0.01896	0.01428	0.02245	0.01764	0.02621	0.01617	0.06548	0.23546	0.00674	0.24516	0.00825	0.06839	0.00848
6	0.03103	0.02300	0.02462	0.01900	0.02555	0.02551	0.01566	0.59902	0.06945	0.05147	0.02065	0.02050	0.01469	0.01004	0.00832	0.00251	0.00901	0.00758	0.00832	0.01408
7	0.00982	0.00842	0.00842	0.00842	0.01122	0.00701	0.00631	0.01192	0.01894	0.02244	0.08416	0.07995	0.65285	0.02104	0.00982	0.00281	0.00421	0.01753	0.00771	0.00701
8	0.01666	0.04297	0.66500	0.02368	0.03596	0.01929	0.03069	0.02631	0.01754	0.02631	0.01491	0.01754	0.01052	0.00789	0.00789	0.00263	0.01228	0.00614	0.00351	0.01228
9	0.02202	0.62602	0.04043	0.01455	0.02136	0.03134	0.01408	0.02729	0.09503	0.02145	0.01434	0.01554	0.01250	0.00763	0.00572	0.00191	0.00860	0.00506	0.00417	0.01097
10	0.01048	0.00844	0.00933	0.00911	0.01163	0.00730	0.00683	0.01321	0.02050	0.02616	0.27823	0.07383	0.45646	0.01965	0.00981	0.00274	0.00411	0.01668	0.00820	0.00730
11	0.01947	0.02340	0.07878	0.03447	0.04306	0.02093	0.59729	0.02660	0.01951	0.02660	0.01672	0.02217	0.01250	0.00705	0.00971	0.00279	0.01392	0.00963	0.00417	0.01126
12	0.01443	0.00722	0.01082	0.01082	0.01082	0.00722	0.00722	0.01082	0.01082	0.01443	0.01443	0.02525	0.01443	0.02886	0.03247	0.75830	0.00722	0.00722	0.00361	0.00361
13	0.02474	0.01859	0.01715	0.01454	0.01890	0.12532	0.01146	0.19028	0.04968	0.11351	0.05669	0.03058	0.07478	0.01102	0.00772	0.00234	0.00770	0.00858	0.20567	0.01075
14	0.02056	0.01974	0.03372	0.05099	0.65622	0.01974	0.02550	0.02550	0.01892	0.02714	0.01563	0.02056	0.01316	0.00740	0.00822	0.00247	0.00987	0.00740	0.00411	0.01316
15	0.20946	0.01765	0.02550	0.16030	0.29787	0.01992	0.01991	0.02371	0.01648	0.02768	0.01383	0.01877	0.01141	0.00855	0.00984	0.00270	0.09472	0.00664	0.00423	0.01083
16	0.76672	0.01607	0.01221	0.01092	0.01607	0.01864	0.00900	0.02442	0.01414	0.03727	0.01157	0.01350	0.00900	0.00771	0.00514	0.00257	0.00643	0.00450	0.00514	0.00900
