[name]
unknown

[dist]
# distance from previous block
# <min> <max>
0	0

[block]
# block no. 0 follows, 22 sequences, length 62
# corresponding to MSA columns:
# 0-61
name=unknown_A
#
# <colnr> <probs for GDERKNQSTAVLIFYWHMCP>
#	G	D	E	R	K	N	Q	S	T	A	V	L	I	F	Y	W	H	M	C	P
0	0.01339	0.00956	0.01339	0.01530	0.01721	0.00956	0.01339	0.01721	0.01912	0.02486	0.04399	0.09371	0.04781	0.02295	0.01147	0.00382	0.00765	0.60031	0.00765	0.00765
1	0.02106	0.02069	0.03323	0.04958	0.62614	0.05099	0.02504	0.02586	0.01914	0.02682	0.01549	0.02029	0.01304	0.00746	0.00819	0.00245	0.01011	0.00730	0.00412	0.01299
2	0.01549	0.00774	0.00774	0.00774	0.00968	0.00774	0.00581	0.01936	0.01742	0.03097	0.02710	0.03097	0.02129	0.00968	0.00581	0.00194	0.00387	0.00774	0.75416	0.00774
3	0.01098	0.00759	0.00939	0.01047	0.01074	0.00732	0.00653	0.01179	0.01422	0.01897	0.03717	0.41770	0.04407	0.32579	0.02453	0.00543	0.00624	0.01855	0.00653	0.00599
4	0.01163	0.00829	0.01066	0.01038	0.01190	0.00775	0.00743	0.01473	0.02110	0.02960	0.49905	0.12997	0.06912	0.11462	0.01443	0.00346	0.00459	0.01554	0.00842	0.00733
5	0.00982	0.00842	0.00842	0.00842	0.01122	0.00701	0.00631	0.01192	0.01894	0.02244	0.08416	0.07995	0.65285	0.02104	0.00982	0.00281	0.00421	0.01753	0.00771	0.00701
6	0.01176	0.00849	0.01110	0.01045	0.01241	0.00784	0.00784	0.01568	0.02352	0.03331	0.65184	0.06206	0.07839	0.01698	0.00980	0.00261	0.00392	0.01502	0.00914	0.00784
7	0.02221	0.71304	0.04353	0.01421	0.02132	0.03287	0.01421	0.02488	0.01688	0.01955	0.01155	0.01333	0.01066	0.00711	0.00533	0.00178	0.00888	0.00444	0.00355	0.01066
8	0.03727	0.01414	0.01928	0.01478	0.02121	0.01221	0.01221	0.04049	0.02378	0.66198	0.03277	0.02828	0.02056	0.01028	0.00835	0.00257	0.00707	0.00835	0.01028	0.01414
9	0.01961	0.02241	0.04902	0.03501	0.04342	0.02101	0.62605	0.02661	0.01961	0.02661	0.01681	0.02241	0.01261	0.00700	0.00980	0.00280	0.01401	0.00980	0.00420	0.01120
10	0.03045	0.03850	0.02410	0.02304	0.06053	0.63849	0.01657	0.03275	0.02329	0.02071	0.01300	0.01529	0.01084	0.00850	0.00753	0.00216	0.01470	0.00546	0.00427	0.00983
11	0.02221	0.71304	0.04353	0.01421	0.02132	0.03287	0.01421	0.02488	0.01688	0.01955	0.01155	0.01333	0.01066	0.00711	0.00533	0.00178	0.00888	0.00444	0.00355	0.01066
12	0.01208	0.00805	0.00906	0.00906	0.00906	0.00805	0.00503	0.01208	0.01208	0.01611	0.02618	0.05436	0.03020	0.70804	0.04228	0.00805	0.00805	0.01208	0.00503	0.00503
13	0.01012	0.00723	0.00964	0.01157	0.01205	0.00675	0.00771	0.01157	0.01591	0.02121	0.04579	0.70262	0.05495	0.02603	0.01060	0.00337	0.00482	0.02362	0.00771	0.00675
14	0.01723	0.01477	0.01723	0.01230	0.01969	0.01107	0.00984	0.02092	0.01723	0.02707	0.01477	0.01723	0.01230	0.00615	0.00615	0.00123	0.00615	0.00492	0.00492	0.75883
15	0.13744	0.02260	0.02680	0.06956	0.28432	0.15761	0.05659	0.02729	0.05119	0.02717	0.01694	0.02307	0.01439	0.00878	0.00789	0.00254	0.01045	0.03954	0.00471	0.01112
16	0.76672	0.01607	0.01221	0.01092	0.01607	0.01864	0.00900	0.02442	0.01414	0.03727	0.01157	0.01350	0.00900	0.00771	0.00514	0.00257	0.00643	0.00450	0.00514	0.00900
17	0.03297	0.02103	0.02355	0.01805	0.02465	0.02245	0.01491	0.48461	0.03532	0.20155	0.02308	0.02198	0.01570	0.01005	0.00832	0.00251	0.00863	0.00769	0.00879	0.01413
18	0.01208	0.00805	0.00906	0.00906	0.00906	0.00805	0.00503	0.01208	0.01208	0.01611	0.02618	0.05436	0.03020	0.70804	0.04228	0.00805	0.00805	0.01208	0.00503	0.00503
19	0.03103	0.03959	0.02354	0.02140	0.02568	0.67469	0.01605	0.03317	0.02354	0.02033	0.01284	0.01498	0.01070	0.00856	0.00749	0.00214	0.01498	0.00535	0.00428	0.00963
20	0.03158	0.02327	0.02493	0.01911	0.02576	0.02576	0.01579	0.62852	0.03906	0.05236	0.01995	0.01995	0.01413	0.00997	0.00831	0.00249	0.00914	0.00748	0.00831	0.01413
21	0.01872	0.01786	0.03039	0.29166	0.42994	0.01925	0.02458	0.02388	0.01805	0.02491	0.01530	0.02116	0.01237	0.00774	0.00826	0.00258	0.01032	0.00739	0.00395	0.01167
22	0.10254	0.38146	0.06076	0.01661	0.05651	0.02493	0.01454	0.02942	0.05675	0.15895	0.01779	0.01818	0.01362	0.00815	0.00642	0.00217	0.00831	0.00582	0.00547	0.01159
23	0.01876	0.29610	0.43023	0.02010	0.03043	0.02442	0.02447	0.02577	0.01729	0.02375	0.01364	0.01595	0.01058	0.00760	0.00692	0.00231	0.01100	0.00550	0.00353	0.01167
24	0.01190	0.00878	0.01274	0.01274	0.01402	0.01005	0.00963	0.01444	0.01317	0.01883	0.02281	0.03572	0.02211	0.15389	0.58536	0.01260	0.02024	0.00935	0.00453	0.00708
25	0.01204	0.00865	0.01166	0.01338	0.01478	0.00841	0.01071	0.01480	0.01771	0.02310	0.04597	0.29371	0.08280	0.05614	0.01254	0.00382	0.00654	0.34850	0.00755	0.00719
26	0.02432	0.55196	0.03875	0.01593	0.02236	0.18639	0.01465	0.02686	0.01847	0.01973	0.01186	0.01372	0.01067	0.00745	0.00585	0.00186	0.01034	0.00466	0.00373	0.01041
27	0.02290	0.01134	0.01492	0.01260	0.01657	0.01033	0.00994	0.02754	0.05550	0.29668	0.36067	0.04630	0.05143	0.01388	0.00912	0.00261	0.00538	0.01194	0.00959	0.01075
28	0.01006	0.00748	0.00938	0.01090	0.01187	0.00680	0.00742	0.01164	0.01655	0.02147	0.05390	0.57090	0.18142	0.02497	0.01044	0.00325	0.00469	0.02233	0.00771	0.00680
29	0.02364	0.17301	0.02680	0.01887	0.02240	0.30144	0.01536	0.02593	0.01830	0.01995	0.01342	0.01777	0.01212	0.01697	0.10304	0.00394	0.16753	0.00608	0.00400	0.00942
30	0.02056	0.01974	0.03372	0.05099	0.65622	0.01974	0.02550	0.02550	0.01892	0.02714	0.01563	0.02056	0.01316	0.00740	0.00822	0.00247	0.00987	0.00740	0.00411	0.01316
31	0.00982	0.00842	0.00842	0.00842	0.01122	0.00701	0.00631	0.01192	0.01894	0.02244	0.08416	0.07995	0.65285	0.02104	0.00982	0.00281	0.00421	0.01753	0.00771	0.00701
32	0.03103	0.03959	0.02354	0.02140	0.02568	0.67469	0.01605	0.03317	0.02354	0.02033	0.01284	0.01498	0.01070	0.00856	0.00749	0.00214	0.01498	0.00535	0.00428	0.00963
33	0.02937	0.02126	0.02361	0.15356	0.05791	0.11082	0.01675	0.24149	0.02747	0.20298	0.02115	0.02194	0.01471	0.00941	0.00820	0.00252	0.00982	0.00739	0.00717	0.01248
34	0.01016	0.00838	0.00893	0.00890	0.01146	0.00714	0.00663	0.01255	0.01960	0.02426	0.18006	0.10300	0.52910	0.02055	0.00985	0.00280	0.00418	0.01736	0.00796	0.00714
35	0.01569	0.01477	0.02492	0.68808	0.05722	0.01846	0.02307	0.02123	0.01661	0.02123	0.01477	0.02215	0.01107	0.00831	0.00831	0.00277	0.01107	0.00738	0.00369	0.00923
36	0.01012	0.00723	0.00964	0.01157	0.01205	0.00675	0.00771	0.01157	0.01591	0.02121	0.04579	0.70262	0.05495	0.02603	0.01060	0.00337	0.00482	0.02362	0.00771	0.00675
37	0.02310	0.02585	0.02715	0.23257	0.23284	0.27070	0.02114	0.02715	0.01999	0.02274	0.01430	0.01890	0.01158	0.00812	0.00797	0.00243	0.01220	0.00661	0.00405	0.01061
38	0.01011	0.00729	0.00958	0.01141	0.01201	0.00676	0.00764	0.01159	0.01606	0.02127	0.04772	0.67121	0.08511	0.02578	0.01056	0.00335	0.00479	0.02331	0.00771	0.00676
39	0.01391	0.01185	0.01705	0.01588	0.01682	0.01512	0.01265	0.01637	0.01309	0.01937	0.01878	0.02895	0.01802	0.07571	0.43853	0.00999	0.23732	0.00852	0.00421	0.00785
40	0.02882	0.03539	0.02569	0.02766	0.15906	0.53615	0.01805	0.03155	0.02256	0.02177	0.01343	0.01616	0.01122	0.00832	0.00765	0.00221	0.01390	0.00578	0.00424	0.01038
41	0.01549	0.00774	0.00774	0.00774	0.00968	0.00774	0.00581	0.01936	0.01742	0.03097	0.02710	0.03097	0.02129	0.00968	0.00581	0.00194	0.00387	0.00774	0.75416	0.00774
42	0.02342	0.02202	0.02108	0.08792	0.02658	0.13436	0.01504	0.11891	0.38772	0.03323	0.02632	0.02581	0.01981	0.01032	0.00825	0.00265	0.00885	0.00822	0.00722	0.01226
43	0.01666	0.04297	0.66500	0.02368	0.03596	0.01929	0.03069	0.02631	0.01754	0.02631	0.01491	0.01754	0.01052	0.00789	0.00789	0.00263	0.01228	0.00614	0.00351	0.01228
44	0.02407	0.02817	0.20159	0.05951	0.23309	0.11851	0.02279	0.05786	0.02088	0.12806	0.01791	0.02015	0.01320	0.00833	0.00805	0.00249	0.01088	0.00690	0.00514	0.01241
45	0.02521	0.48852	0.03718	0.01621	0.02277	0.13758	0.01478	0.12550	0.02163	0.02507	0.01314	0.01469	0.01124	0.00782	0.00618	0.00195	0.00993	0.00509	0.00446	0.01106
46	0.01012	0.00723	0.00964	0.01157	0.01205	0.00675	0.00771	0.01157	0.01591	0.02121	0.04579	0.70262	0.05495	0.02603	0.01060	0.00337	0.00482	0.02362	0.00771	0.00675
47	0.01041	0.00815	0.00948	0.01017	0.01209	0.00723	0.00748	0.01264	0.01850	0.02339	0.12819	0.27081	0.35913	0.02231	0.01019	0.00304	0.00465	0.06720	0.00786	0.00707
48	0.02124	0.01996	0.03318	0.04902	0.61729	0.02011	0.02490	0.06274	0.02016	0.02870	0.01589	0.02052	0.01322	0.00756	0.00823	0.00247	0.00982	0.00741	0.00437	0.01322
49	0.01070	0.00801	0.01123	0.08206	0.01676	0.00797	0.00931	0.01257	0.01598	0.02121	0.04255	0.63171	0.05037	0.02418	0.01036	0.00331	0.00547	0.02193	0.00729	0.00701
50	0.05901	0.02620	0.15563	0.13167	0.27450	0.09904	0.02328	0.08332	0.02053	0.02818	0.01522	0.01910	0.01191	0.00803	0.00793	0.00251	0.01090	0.00676	0.00440	0.01185
51	0.02414	0.53201	0.03807	0.01584	0.02231	0.14767	0.01457	0.05352	0.04565	0.02177	0.01310	0.01467	0.01145	0.00767	0.00598	0.00192	0.00990	0.00495	0.00410	0.01073
52	0.01549	0.00774	0.00774	0.00774	0.00968	0.00774	0.00581	0.01936	0.01742	0.03097	0.02710	0.03097	0.02129	0.00968	0.00581	0.00194	0.00387	0.00774	0.75416	0.00774
53	0.01913	0.02083	0.09689	0.04373	0.51598	0.01833	0.02429	0.02429	0.01862	0.02658	0.01900	0.06303	0.01737	0.00946	0.00852	0.00262	0.00970	0.04480	0.00447	0.01237
54	0.02301	0.24134	0.03301	0.02316	0.09848	0.11151	0.04790	0.09388	0.01954	0.02478	0.01325	0.01693	0.01152	0.00967	0.01247	0.00254	0.19558	0.00629	0.00431	0.01082
55	0.01331	0.00933	0.01173	0.01208	0.01433	0.00884	0.00950	0.01738	0.05208	0.05970	0.20044	0.17956	0.18190	0.02034	0.01025	0.00312	0.00544	0.17443	0.00822	0.00803
56	0.01299	0.00977	0.01254	0.01367	0.01595	0.00961	0.01156	0.01767	0.05775	0.02543	0.08596	0.08515	0.17613	0.02149	0.01084	0.00348	0.00665	0.40770	0.00780	0.00787
57	0.01766	0.03622	0.46607	0.02815	0.06998	0.01978	0.19121	0.02635	0.01817	0.02643	0.01546	0.01901	0.01122	0.00763	0.00843	0.00267	0.01262	0.00719	0.00373	0.01203
58	0.01735	0.02340	0.16080	0.02170	0.02703	0.09426	0.13940	0.02232	0.01663	0.02243	0.01732	0.02381	0.01475	0.02841	0.25460	0.00664	0.08751	0.00791	0.00410	0.00964
59	0.02210	0.02441	0.03574	0.03689	0.26678	0.15185	0.21602	0.02682	0.01942	0.02486	0.01496	0.01979	0.01225	0.00825	0.01057	0.00263	0.08339	0.00775	0.00412	0.01140
60	0.08431	0.02331	0.17934	0.09606	0.18429	0.01716	0.05406	0.02399	0.01751	0.02717	0.01484	0.01859	0.01168	0.00729	0.00742	0.00224	0.00951	0.00631	0.00423	0.21070
61	0.09166	0.25579	0.10806	0.01814	0.02468	0.25004	0.01660	0.09902	0.02163	0.02609	0.01340	0.01521	0.01092	0.00810	0.00672	0.00216	0.01121	0.00533	0.00450	0.01077

[dist]
# distance from previous block
# <min> <max>
0	6

[block]
# block no. 1 follows, 22 sequences, length 37
# corresponding to MSA columns:
# 68-104
name=unknown_B
#
# <colnr> <probs for GDERKNQSTAVLIFYWHMCP>
#	G	D	E	R	K	N	Q	S	T	A	V	L	I	F	Y	W	H	M	C	P
0	0.01346	0.00980	0.01251	0.01298	0.01452	0.01012	0.00937	0.09824	0.01862	0.02517	0.03749	0.47380	0.04244	0.03102	0.14284	0.00524	0.00890	0.01843	0.00714	0.00791
1	0.01250	0.01609	0.14236	0.01487	0.01804	0.01190	0.01351	0.01574	0.01631	0.02227	0.04141	0.36273	0.14346	0.01994	0.01225	0.00316	0.10213	0.01680	0.00631	0.00822
2	0.02432	0.23292	0.05995	0.02924	0.23515	0.23813	0.01927	0.02786	0.01977	0.02262	0.01347	0.01646	0.01150	0.00771	0.00711	0.00216	0.01135	0.00580	0.00398	0.01123
3	0.01847	0.09860	0.39291	0.03136	0.21891	0.02078	0.05272	0.02594	0.01797	0.02593	0.01488	0.01824	0.01141	0.00764	0.00783	0.00251	0.01131	0.00651	0.00372	0.01234
4	0.02790	0.17190	0.02655	0.01913	0.02387	0.50333	0.01505	0.03014	0.02191	0.02031	0.01721	0.01887	0.05237	0.00908	0.00721	0.00211	0.01307	0.00596	0.00436	0.00967
5	0.00982	0.00842	0.00842	0.00842	0.01122	0.00701	0.00631	0.01192	0.01894	0.02244	0.08416	0.07995	0.65285	0.02104	0.00982	0.00281	0.00421	0.01753	0.00771	0.00701
6	0.01236	0.01330	0.10216	0.01221	0.01564	0.00940	0.01096	0.01700	0.02249	0.03188	0.53910	0.05660	0.09315	0.01589	0.00953	0.00262	0.00510	0.01389	0.00830	0.00842
7	0.01795	0.03271	0.38389	0.02971	0.14307	0.01962	0.13043	0.02562	0.01785	0.02619	0.01513	0.01892	0.01144	0.00794	0.00927	0.00262	0.04942	0.00699	0.00381	0.04741
8	0.01187	0.00890	0.01335	0.01335	0.01483	0.01038	0.01038	0.01483	0.01335	0.01928	0.02225	0.03264	0.02077	0.06231	0.67512	0.01335	0.02225	0.00890	0.00445	0.00742
9	0.01753	0.01431	0.01898	0.01682	0.01893	0.01758	0.01360	0.13866	0.01831	0.02608	0.01868	0.02614	0.01674	0.03876	0.36435	0.00852	0.20363	0.00817	0.00500	0.00921
10	0.02024	0.02063	0.03882	0.04566	0.45181	0.02016	0.22582	0.02587	0.01915	0.02696	0.01602	0.02118	0.01297	0.00727	0.00875	0.00258	0.01125	0.00820	0.00414	0.01251
11	0.01549	0.00774	0.00774	0.00774	0.00968	0.00774	0.00581	0.01936	0.01742	0.03097	0.02710	0.03097	0.02129	0.00968	0.00581	0.00194	0.00387	0.00774	0.75416	0.00774
12	0.02595	0.02423	0.02377	0.01986	0.02344	0.16844	0.01606	0.25388	0.02540	0.03301	0.01573	0.01890	0.01270	0.01119	0.01440	0.00277	0.24182	0.00695	0.05043	0.01104
13	0.03045	0.03459	0.02397	0.02089	0.02549	0.48700	0.01611	0.17177	0.02658	0.02781	0.01440	0.01632	0.01151	0.00922	0.00877	0.00231	0.05102	0.00595	0.00519	0.01065
14	0.01933	0.52255	0.08284	0.01376	0.02040	0.02670	0.01387	0.02240	0.01734	0.02063	0.02628	0.02693	0.13875	0.00994	0.00642	0.00205	0.00820	0.00718	0.00438	0.01005
15	0.00982	0.00842	0.00842	0.00842	0.01122	0.00701	0.00631	0.01192	0.01894	0.02244	0.08416	0.07995	0.65285	0.02104	0.00982	0.00281	0.00421	0.01753	0.00771	0.00701
16	0.02221	0.71304	0.04353	0.01421	0.02132	0.03287	0.01421	0.02488	0.01688	0.01955	0.01155	0.01333	0.01066	0.00711	0.00533	0.00178	0.00888	0.00444	0.00355	0.01066
17	0.02259	0.60786	0.10087	0.01514	0.02270	0.03035	0.01565	0.02594	0.01735	0.05860	0.01314	0.01462	0.01124	0.00737	0.00575	0.00191	0.00910	0.00484	0.00395	0.01102
18	0.02042	0.20479	0.40529	0.02105	0.03119	0.02200	0.05987	0.02749	0.01817	0.09276	0.01610	0.01793	0.01176	0.00790	0.00742	0.00242	0.01098	0.00617	0.00429	0.01201
19	0.02460	0.05960	0.06217	0.06854	0.15619	0.23725	0.12639	0.05369	0.02104	0.05533	0.01541	0.01888	0.01217	0.00838	0.00907	0.00248	0.04612	0.00699	0.00455	0.01114
20	0.02073	0.01855	0.01900	0.17585	0.05115	0.14655	0.01479	0.10732	0.02138	0.02832	0.02062	0.02758	0.01699	0.01302	0.04753	0.00307	0.01008	0.04227	0.20567	0.00954
21	0.08998	0.02884	0.23854	0.02433	0.13478	0.14766	0.02035	0.02472	0.01876	0.02597	0.05376	0.11515	0.02081	0.01095	0.00809	0.00260	0.01035	0.00897	0.00482	0.01058
22	0.22506	0.34848	0.19569	0.01576	0.02366	0.02545	0.01705	0.02512	0.01630	0.02616	0.01242	0.01446	0.01017	0.00748	0.00594	0.00222	0.00909	0.00490	0.00398	0.01062
23	0.02068	0.42597	0.15118	0.02219	0.07499	0.02749	0.12383	0.02547	0.01762	0.02250	0.01334	0.01617	0.01116	0.00725	0.00676	0.00215	0.01043	0.00588	0.00370	0.01122
24	0.00982	0.00842	0.00842	0.00842	0.01122	0.00701	0.00631	0.01192	0.01894	0.02244	0.08416	0.07995	0.65285	0.02104	0.00982	0.00281	0.00421	0.01753	0.00771	0.00701
25	0.01074	0.00768	0.01030	0.01157	0.01219	0.00766	0.00787	0.01229	0.01486	0.02011	0.03836	0.47859	0.04468	0.12835	0.14757	0.00602	0.00875	0.01907	0.00669	0.00664
26	0.01032	0.00778	0.00955	0.01048	0.01188	0.00701	0.00734	0.01238	0.01808	0.02365	0.16156	0.41575	0.22797	0.02305	0.01024	0.00308	0.00449	0.02041	0.00796	0.00701
27	0.01208	0.00805	0.00906	0.00906	0.00906	0.00805	0.00503	0.01208	0.01208	0.01611	0.02618	0.05436	0.03020	0.70804	0.04228	0.00805	0.00805	0.01208	0.00503	0.00503
28	0.01723	0.01477	0.01723	0.01230	0.01969	0.01107	0.00984	0.02092	0.01723	0.02707	0.01477	0.01723	0.01230	0.00615	0.00615	0.00123	0.00615	0.00492	0.00492	0.75883
29	0.01365	0.00907	0.01111	0.01111	0.01226	0.00899	0.00779	0.01537	0.04443	0.01994	0.02747	0.05262	0.02924	0.34158	0.02867	0.13423	0.00741	0.12779	0.04681	0.05047
30	0.02391	0.43306	0.05791	0.01634	0.02226	0.22369	0.01469	0.02647	0.01855	0.01978	0.01315	0.01704	0.01212	0.05981	0.00883	0.00239	0.01078	0.00535	0.00388	0.00999
31	0.05906	0.14928	0.15796	0.02965	0.23283	0.11386	0.02148	0.06199	0.01958	0.02633	0.01420	0.01740	0.01159	0.00812	0.00832	0.00240	0.04385	0.00620	0.00419	0.01170
32	0.02676	0.03340	0.06189	0.17130	0.03338	0.45620	0.01848	0.05959	0.02240	0.02247	0.01375	0.01699	0.01094	0.00853	0.00774	0.00233	0.01365	0.00596	0.00430	0.00992
33	0.08986	0.01781	0.01534	0.01439	0.01792	0.14896	0.01143	0.08659	0.05276	0.02912	0.09021	0.04974	0.15350	0.01490	0.00876	0.00275	0.00792	0.12739	0.05161	0.00904
34	0.01834	0.01698	0.05637	0.01653	0.01925	0.07732	0.01402	0.02137	0.01822	0.09131	0.10570	0.07055	0.10644	0.01774	0.04246	0.00351	0.20589	0.08262	0.00626	0.00912
35	0.02683	0.02544	0.02075	0.01787	0.02276	0.26475	0.01392	0.14346	0.13488	0.08992	0.02464	0.02501	0.05356	0.01331	0.04789	0.00303	0.01104	0.00766	0.00658	0.04670
36	0.02198	0.02283	0.02019	0.02210	0.12961	0.24588	0.01427	0.07671	0.05082	0.02551	0.02766	0.11898	0.08059	0.05759	0.01055	0.00286	0.00982	0.01024	0.04205	0.00977

[dist]
# distance from previous block
# <min> <max>
39	87

[block]
# block no. 2 follows, 22 sequences, length 7
# corresponding to MSA columns:
# 207-213
name=unknown_C
#
# <colnr> <probs for GDERKNQSTAVLIFYWHMCP>
#	G	D	E	R	K	N	Q	S	T	A	V	L	I	F	Y	W	H	M	C	P
0	0.02106	0.02283	0.15299	0.01613	0.02158	0.12147	0.01492	0.02755	0.09632	0.12440	0.03081	0.03370	0.09899	0.08136	0.05164	0.00371	0.00985	0.00905	0.05132	0.01031
1	0.02742	0.02670	0.07341	0.01923	0.02387	0.25192	0.01617	0.08780	0.02261	0.15869	0.06556	0.02257	0.01820	0.01074	0.01159	0.00261	0.13649	0.00733	0.00611	0.01098
2	0.02358	0.07094	0.09594	0.02300	0.10268	0.13435	0.04364	0.11474	0.02233	0.08431	0.05107	0.02580	0.06683	0.01064	0.01045	0.00258	0.09222	0.00805	0.00567	0.01120
3	0.01820	0.14571	0.13477	0.01715	0.05867	0.01587	0.01543	0.02260	0.01955	0.10222	0.13790	0.08041	0.07543	0.01393	0.00869	0.00270	0.00772	0.10645	0.00654	0.01007
4	0.02200	0.13032	0.02068	0.01410	0.01793	0.04179	0.01144	0.02771	0.11205	0.16101	0.06747	0.03093	0.02370	0.10212	0.04678	0.00373	0.06869	0.00855	0.07874	0.01025
5	0.01664	0.01386	0.01719	0.13243	0.02408	0.01547	0.01300	0.11897	0.09269	0.02903	0.08995	0.11189	0.19363	0.01544	0.01091	0.00287	0.07292	0.01262	0.00691	0.00951
6	0.01316	0.01414	0.09600	0.08410	0.02094	0.01138	0.01283	0.05746	0.01812	0.02404	0.04220	0.28269	0.16586	0.02406	0.08984	0.00424	0.00870	0.01550	0.00640	0.00836

[dist]
# distance from previous block
# <min> <max>
0	4

[block]
# block no. 3 follows, 22 sequences, length 46
# corresponding to MSA columns:
# 218-263
name=unknown_D
#
# <colnr> <probs for GDERKNQSTAVLIFYWHMCP>
#	G	D	E	R	K	N	Q	S	T	A	V	L	I	F	Y	W	H	M	C	P
0	0.01754	0.06253	0.22846	0.01666	0.02274	0.14763	0.01680	0.02223	0.01881	0.02374	0.03370	0.11178	0.15283	0.01306	0.00822	0.00255	0.00932	0.01050	0.07141	0.00949
1	0.14069	0.01941	0.02787	0.08683	0.22983	0.02022	0.08968	0.16329	0.02252	0.03397	0.01596	0.01936	0.01240	0.00796	0.00776	0.00245	0.00942	0.00702	0.00529	0.07807
2	0.06778	0.04907	0.05841	0.02058	0.07847	0.05498	0.01586	0.06205	0.25756	0.06038	0.02222	0.02313	0.01719	0.01032	0.01090	0.00269	0.11851	0.00757	0.00626	0.05607
3	0.02409	0.09986	0.02341	0.07852	0.06016	0.33904	0.01491	0.06171	0.02137	0.02249	0.02296	0.02703	0.08817	0.06935	0.01066	0.00278	0.01151	0.00768	0.00485	0.00947
4	0.16083	0.02249	0.04953	0.05818	0.05522	0.10452	0.01523	0.27892	0.02652	0.03813	0.01735	0.01958	0.01318	0.01197	0.04474	0.00306	0.01009	0.00669	0.05232	0.01143
5	0.15548	0.17298	0.08186	0.01653	0.02249	0.23011	0.01459	0.02835	0.01967	0.08661	0.05231	0.01877	0.01541	0.00859	0.00681	0.00221	0.01011	0.00592	0.00510	0.04610
6	0.02083	0.07138	0.02315	0.06253	0.15095	0.16745	0.01553	0.05691	0.07819	0.02646	0.08053	0.07049	0.07722	0.01130	0.00818	0.00242	0.00916	0.00932	0.00573	0.05228
7	0.02726	0.01718	0.01979	0.01614	0.02116	0.01812	0.01287	0.31360	0.06526	0.18014	0.02734	0.10954	0.02264	0.05809	0.04799	0.00359	0.00866	0.01014	0.00827	0.01223
8	0.02248	0.15698	0.02897	0.02790	0.21814	0.21473	0.01780	0.02570	0.01874	0.02211	0.01489	0.01937	0.01309	0.01684	0.11579	0.00404	0.04135	0.00646	0.00409	0.01054
9	0.01208	0.00805	0.00906	0.00906	0.00906	0.00805	0.00503	0.01208	0.01208	0.01611	0.02618	0.05436	0.03020	0.70804	0.04228	0.00805	0.00805	0.01208	0.00503	0.00503
10	0.18797	0.01566	0.01791	0.01443	0.02017	0.01576	0.01179	0.10514	0.08556	0.35775	0.06346	0.02643	0.02126	0.01020	0.00776	0.00259	0.00694	0.00793	0.00871	0.01258
11	0.01236	0.00898	0.01206	0.01369	0.01517	0.00889	0.01090	0.01615	0.04651	0.02425	0.07117	0.32923	0.05095	0.02336	0.01092	0.00355	0.00632	0.32022	0.00778	0.00755
12	0.02486	0.02433	0.02055	0.01787	0.02155	0.23657	0.01391	0.15528	0.10462	0.03003	0.01947	0.02305	0.01593	0.05333	0.01242	0.00285	0.10353	0.00731	0.10208	0.01044
13	0.00982	0.00842	0.00842	0.00842	0.01122	0.00701	0.00631	0.01192	0.01894	0.02244	0.08416	0.07995	0.65285	0.02104	0.00982	0.00281	0.00421	0.01753	0.00771	0.00701
14	0.01011	0.00729	0.00958	0.01141	0.01201	0.00676	0.00764	0.01158	0.01605	0.02127	0.04766	0.67217	0.08418	0.02578	0.01057	0.00335	0.00479	0.02332	0.00771	0.00676
15	0.02706	0.02102	0.02238	0.01820	0.02404	0.02365	0.01470	0.38637	0.28858	0.04506	0.02569	0.02452	0.01878	0.01051	0.00837	0.00263	0.00808	0.00827	0.00837	0.01372
16	0.01149	0.00848	0.01073	0.01017	0.01225	0.00772	0.00763	0.01515	0.02288	0.03180	0.57284	0.06455	0.15833	0.01755	0.00980	0.00264	0.00396	0.01537	0.00895	0.00772
17	0.02221	0.71304	0.04353	0.01421	0.02132	0.03287	0.01421	0.02488	0.01688	0.01955	0.01155	0.01333	0.01066	0.00711	0.00533	0.00178	0.00888	0.00444	0.00355	0.01066
18	0.01187	0.00890	0.01335	0.01335	0.01483	0.01038	0.01038	0.01483	0.01335	0.01928	0.02225	0.03264	0.02077	0.06231	0.67512	0.01335	0.02225	0.00890	0.00445	0.00742
19	0.01818	0.01818	0.02545	0.02181	0.02181	0.02545	0.01818	0.01999	0.01272	0.01999	0.01091	0.01818	0.01091	0.01454	0.02726	0.00364	0.69284	0.00727	0.00364	0.00909
20	0.01723	0.01477	0.01723	0.01230	0.01969	0.01107	0.00984	0.02092	0.01723	0.02707	0.01477	0.01723	0.01230	0.00615	0.00615	0.00123	0.00615	0.00492	0.00492	0.75883
21	0.02143	0.02036	0.04107	0.02946	0.03748	0.01858	0.46737	0.02752	0.01979	0.10393	0.01847	0.02242	0.01353	0.00729	0.00913	0.00256	0.01209	0.00896	0.00504	0.11352
22	0.01256	0.00896	0.01205	0.01292	0.01407	0.00950	0.00998	0.01508	0.01591	0.02215	0.03499	0.22075	0.03811	0.11012	0.14094	0.00583	0.04509	0.19035	0.07348	0.00715
23	0.01818	0.01818	0.02545	0.02181	0.02181	0.02545	0.01818	0.01999	0.01272	0.01999	0.01091	0.01818	0.01091	0.01454	0.02726	0.00364	0.69284	0.00727	0.00364	0.00909
24	0.01067	0.00884	0.00940	0.00919	0.01191	0.00777	0.00691	0.01407	0.04709	0.02511	0.19317	0.07430	0.51282	0.01982	0.00975	0.00277	0.00425	0.01668	0.00803	0.00744
25	0.03158	0.02327	0.02493	0.01911	0.02576	0.02576	0.01579	0.62852	0.03906	0.05236	0.01995	0.01995	0.01413	0.00997	0.00831	0.00249	0.00914	0.00748	0.00831	0.01413
26	0.01208	0.00805	0.00906	0.00906	0.00906	0.00805	0.00503	0.01208	0.01208	0.01611	0.02618	0.05436	0.03020	0.70804	0.04228	0.00805	0.00805	0.01208	0.00503	0.00503
27	0.03727	0.01414	0.01928	0.01478	0.02121	0.01221	0.01221	0.04049	0.02378	0.66198	0.03277	0.02828	0.02056	0.01028	0.00835	0.00257	0.00707	0.00835	0.01028	0.01414
28	0.01961	0.03632	0.50363	0.02338	0.06304	0.01860	0.02678	0.02945	0.07137	0.10174	0.01865	0.02009	0.01309	0.00844	0.00801	0.00263	0.01106	0.00674	0.00475	0.01261
29	0.02066	0.01785	0.01878	0.01691	0.02160	0.02066	0.01315	0.04414	0.64121	0.03475	0.03381	0.03099	0.02536	0.01127	0.00845	0.00282	0.00657	0.00939	0.00845	0.01315
30	0.01818	0.01818	0.02545	0.02181	0.02181	0.02545	0.01818	0.01999	0.01272	0.01999	0.01091	0.01818	0.01091	0.01454	0.02726	0.00364	0.69284	0.00727	0.00364	0.00909
31	0.01599	0.01507	0.02546	0.64878	0.09417	0.01854	0.02322	0.02149	0.01675	0.02159	0.01482	0.02205	0.01120	0.00825	0.00830	0.00275	0.01100	0.00738	0.00372	0.00947
32	0.01265	0.01094	0.01124	0.01165	0.01385	0.04368	0.00841	0.01763	0.10970	0.02364	0.05712	0.32737	0.27911	0.02102	0.00982	0.00301	0.00537	0.01822	0.00764	0.00794
33	0.01051	0.00824	0.00954	0.00987	0.01194	0.00727	0.00728	0.01299	0.01942	0.02492	0.21150	0.20641	0.36273	0.02119	0.01005	0.00292	0.00442	0.04358	0.00806	0.00718
34	0.01193	0.00867	0.01218	0.01218	0.01326	0.00975	0.00893	0.01409	0.01301	0.01842	0.02332	0.03855	0.02334	0.23801	0.50292	0.01191	0.01839	0.00977	0.00461	0.00677
35	0.01805	0.09515	0.39432	0.08839	0.19176	0.02056	0.02723	0.02553	0.01774	0.02546	0.01477	0.01832	0.01124	0.00774	0.00778	0.00253	0.01126	0.00641	0.00368	0.01208
36	0.01868	0.02987	0.28865	0.03453	0.19375	0.02001	0.24052	0.02621	0.01862	0.02662	0.01576	0.02002	0.01192	0.00745	0.00865	0.00265	0.01229	0.00775	0.00391	0.01212
37	0.00982	0.00842	0.00842	0.00842	0.01122	0.00701	0.00631	0.01192	0.01894	0.02244	0.08416	0.07995	0.65285	0.02104	0.00982	0.00281	0.00421	0.01753	0.00771	0.00701
38	0.02350	0.01793	0.01715	0.01557	0.04732	0.09895	0.01162	0.24157	0.02608	0.03718	0.02219	0.02449	0.01699	0.00954	0.00704	0.00219	0.00745	0.00733	0.35539	0.01054
39	0.02203	0.02381	0.03157	0.15579	0.32989	0.17291	0.09340	0.02666	0.01967	0.02443	0.01496	0.01976	0.01215	0.00779	0.00825	0.00248	0.01177	0.00720	0.00409	0.01140
40	0.03050	0.03859	0.02406	0.02290	0.05765	0.64148	0.01653	0.03278	0.02331	0.02068	0.01298	0.01526	0.01083	0.00850	0.00753	0.00216	0.01472	0.00545	0.00427	0.00981
41	0.10158	0.02508	0.02305	0.07636	0.08295	0.20036	0.01606	0.26511	0.02739	0.03599	0.01677	0.01883	0.01276	0.00898	0.00761	0.00239	0.01038	0.00660	0.05021	0.01152
42	0.26186	0.01532	0.10033	0.01265	0.01666	0.01260	0.01122	0.01855	0.01699	0.02932	0.13375	0.23869	0.07100	0.01569	0.00824	0.00285	0.00619	0.01312	0.00653	0.00845
43	0.01812	0.01558	0.02244	0.02876	0.28150	0.01591	0.01651	0.10394	0.04984	0.02926	0.06909	0.06800	0.13460	0.01828	0.08717	0.00388	0.00947	0.01071	0.00604	0.01090
44	0.01640	0.01488	0.01819	0.02292	0.18926	0.08314	0.01389	0.01975	0.01810	0.02413	0.03441	0.07834	0.13683	0.02224	0.12553	0.00450	0.01035	0.05899	0.09896	0.00917
45	0.02588	0.02961	0.02769	0.03170	0.24640	0.35242	0.04804	0.05803	0.02228	0.02466	0.01761	0.02050	0.04120	0.00872	0.00800	0.00233	0.01237	0.00694	0.00457	0.01104

[dist]
# distance from previous block
# <min> <max>
24	67

[block]
# block no. 4 follows, 22 sequences, length 181
# corresponding to MSA columns:
# 342-522
name=unknown_E
#
# <colnr> <probs for GDERKNQSTAVLIFYWHMCP>
#	G	D	E	R	K	N	Q	S	T	A	V	L	I	F	Y	W	H	M	C	P
0	0.01817	0.05629	0.06001	0.02619	0.13326	0.09232	0.18978	0.02255	0.01914	0.02429	0.03180	0.09402	0.14394	0.01181	0.00888	0.00260	0.00997	0.01105	0.00518	0.03877
1	0.02084	0.01981	0.09385	0.02088	0.05892	0.01753	0.11943	0.14681	0.06351	0.08834	0.03674	0.03695	0.17889	0.01230	0.00990	0.00273	0.04420	0.01051	0.00665	0.01122
2	0.02203	0.09600	0.28095	0.01818	0.02649	0.01829	0.01960	0.09054	0.04723	0.14274	0.09714	0.02528	0.02172	0.00962	0.00793	0.00245	0.00911	0.00766	0.00619	0.05086
3	0.01814	0.30092	0.15659	0.01646	0.02259	0.02287	0.01653	0.02434	0.08106	0.02252	0.01812	0.04917	0.01609	0.02004	0.14323	0.00456	0.04486	0.00714	0.00442	0.01034
4	0.01832	0.05855	0.05430	0.01991	0.07863	0.09660	0.04005	0.05357	0.11766	0.02550	0.02618	0.14395	0.02508	0.02342	0.14383	0.00490	0.01171	0.04207	0.00584	0.00995
5	0.01494	0.09666	0.28148	0.01873	0.02555	0.01600	0.07263	0.02043	0.01704	0.02355	0.02817	0.22302	0.06142	0.01664	0.04332	0.00334	0.00994	0.01222	0.00510	0.00983
6	0.01783	0.01920	0.02685	0.04958	0.02741	0.12953	0.20811	0.02185	0.01810	0.02242	0.02773	0.03256	0.11519	0.02402	0.17966	0.00542	0.05085	0.00978	0.00478	0.00911
7	0.02433	0.09552	0.15172	0.01788	0.02467	0.02110	0.01703	0.26137	0.05804	0.09177	0.02048	0.02310	0.01570	0.04516	0.09111	0.00404	0.01098	0.00744	0.00643	0.01214
8	0.03121	0.02250	0.02265	0.01813	0.02416	0.10163	0.01466	0.34380	0.11916	0.17955	0.02385	0.02273	0.01671	0.01005	0.00824	0.00251	0.00904	0.00768	0.00827	0.01344
9	0.01196	0.00818	0.00946	0.00946	0.01001	0.00822	0.00585	0.01270	0.01317	0.01776	0.03177	0.05344	0.09352	0.52968	0.11421	0.00790	0.00921	0.01209	0.03579	0.00564
10	0.01012	0.00723	0.00964	0.01157	0.01205	0.00675	0.00771	0.01157	0.01591	0.02121	0.04579	0.70262	0.05495	0.02603	0.01060	0.00337	0.00482	0.02362	0.00771	0.00675
11	0.01932	0.02065	0.08888	0.04413	0.53212	0.01848	0.02384	0.02417	0.01808	0.02592	0.01666	0.02380	0.01469	0.08040	0.01174	0.00306	0.00990	0.00777	0.00415	0.01223
12	0.02453	0.03046	0.09519	0.03578	0.32800	0.29354	0.02209	0.02879	0.02071	0.02421	0.01439	0.01791	0.01186	0.00794	0.00788	0.00235	0.01226	0.00641	0.00412	0.01159
13	0.02332	0.02692	0.02353	0.09030	0.02671	0.32240	0.01707	0.02577	0.01816	0.02022	0.01312	0.01830	0.01163	0.01504	0.06909	0.00365	0.25501	0.00653	0.00400	0.00922
14	0.02409	0.02842	0.07104	0.03852	0.38807	0.25640	0.02242	0.02832	0.02050	0.02463	0.01457	0.01835	0.01210	0.00785	0.00794	0.00236	0.01187	0.00658	0.00413	0.01183
15	0.00982	0.00842	0.00842	0.00842	0.01122	0.00701	0.00631	0.01192	0.01894	0.02244	0.08416	0.07995	0.65285	0.02104	0.00982	0.00281	0.00421	0.01753	0.00771	0.00701
16	0.02171	0.02184	0.01863	0.01676	0.01910	0.23013	0.01269	0.08645	0.01968	0.02408	0.01990	0.08370	0.01949	0.13715	0.01786	0.00362	0.14640	0.00898	0.08309	0.00873
17	0.02679	0.03070	0.02160	0.01956	0.02401	0.40738	0.01487	0.03766	0.27599	0.02623	0.02141	0.02153	0.01669	0.00967	0.00788	0.00242	0.01155	0.00700	0.00599	0.01107
18	0.01012	0.00723	0.00964	0.01157	0.01205	0.00675	0.00771	0.01157	0.01591	0.02121	0.04579	0.70262	0.05495	0.02603	0.01060	0.00337	0.00482	0.02362	0.00771	0.00675
19	0.02463	0.01982	0.02102	0.01771	0.02311	0.02252	0.01411	0.25650	0.42239	0.04115	0.02877	0.02698	0.02128	0.01080	0.00840	0.00270	0.00751	0.00870	0.00840	0.01350
20	0.02221	0.71304	0.04353	0.01421	0.02132	0.03287	0.01421	0.02488	0.01688	0.01955	0.01155	0.01333	0.01066	0.00711	0.00533	0.00178	0.00888	0.00444	0.00355	0.01066
21	0.01176	0.00849	0.01110	0.01045	0.01241	0.00784	0.00784	0.01568	0.02352	0.03331	0.65184	0.06206	0.07839	0.01698	0.00980	0.00261	0.00392	0.01502	0.00914	0.00784
22	0.01149	0.00791	0.01069	0.01227	0.01320	0.00756	0.00905	0.01297	0.01630	0.02140	0.04369	0.42449	0.08267	0.02528	0.01347	0.09601	0.00582	0.17193	0.00719	0.00661
23	0.02229	0.02570	0.08310	0.04212	0.45100	0.15050	0.05301	0.02715	0.01976	0.02569	0.01507	0.01929	0.01243	0.00765	0.00813	0.00243	0.01128	0.00701	0.00410	0.01229
24	0.03103	0.03959	0.02354	0.02140	0.02568	0.67469	0.01605	0.03317	0.02354	0.02033	0.01284	0.01498	0.01070	0.00856	0.00749	0.00214	0.01498	0.00535	0.00428	0.00963
25	0.01002	0.00836	0.00877	0.00903	0.01158	0.00711	0.00678	0.01215	0.01867	0.02245	0.07876	0.13672	0.56978	0.02158	0.00997	0.00291	0.00443	0.04620	0.00771	0.00702
26	0.02243	0.16268	0.16095	0.06683	0.20429	0.04990	0.04462	0.02749	0.01873	0.11175	0.01670	0.01938	0.01280	0.00823	0.00843	0.00244	0.03898	0.00668	0.00469	0.01199
27	0.02339	0.02536	0.03018	0.07892	0.43412	0.21449	0.02255	0.02753	0.02016	0.02477	0.01475	0.01899	0.01231	0.00780	0.00801	0.00239	0.01146	0.00679	0.00414	0.01188
28	0.00982	0.00842	0.00842	0.00842	0.01122	0.00701	0.00631	0.01192	0.01894	0.02244	0.08416	0.07995	0.65285	0.02104	0.00982	0.00281	0.00421	0.01753	0.00771	0.00701
29	0.02029	0.01934	0.03235	0.08575	0.58501	0.01972	0.02464	0.02633	0.05475	0.02724	0.01663	0.02126	0.01374	0.00768	0.00824	0.00250	0.00975	0.00752	0.00434	0.01293
30	0.02744	0.02155	0.02522	0.02423	0.13492	0.02368	0.01695	0.40484	0.15761	0.04439	0.02200	0.02229	0.01624	0.00979	0.00832	0.00255	0.00875	0.00785	0.00761	0.01376
31	0.02235	0.01826	0.01985	0.01605	0.02206	0.01900	0.01280	0.18398	0.29832	0.03682	0.02448	0.02399	0.01853	0.00937	0.00771	0.00225	0.00709	0.00754	0.00733	0.24220
32	0.01950	0.01939	0.03521	0.16120	0.42728	0.01976	0.14494	0.02496	0.01864	0.02598	0.01571	0.02121	0.01268	0.00748	0.00855	0.00259	0.01091	0.00788	0.00406	0.01207
33	0.01348	0.01348	0.09160	0.01264	0.01577	0.01128	0.01133	0.01718	0.01630	0.02412	0.03719	0.04093	0.17772	0.02689	0.18880	0.00546	0.07217	0.01028	0.20522	0.00815
34	0.00982	0.00842	0.00842	0.00842	0.01122	0.00701	0.00631	0.01192	0.01894	0.02244	0.08416	0.07995	0.65285	0.02104	0.00982	0.00281	0.00421	0.01753	0.00771	0.00701
35	0.01187	0.00890	0.01335	0.01335	0.01483	0.01038	0.01038	0.01483	0.01335	0.01928	0.02225	0.03264	0.02077	0.06231	0.67512	0.01335	0.02225	0.00890	0.00445	0.00742
36	0.01982	0.01898	0.03238	0.14807	0.56495	0.01954	0.02513	0.02484	0.01856	0.02624	0.01550	0.02080	0.01284	0.00754	0.00824	0.00251	0.01005	0.00740	0.00405	0.01256
37	0.08901	0.12016	0.02508	0.01968	0.02438	0.54344	0.01526	0.03145	0.02197	0.02160	0.01258	0.01466	0.01056	0.00831	0.00704	0.00213	0.01355	0.00517	0.00426	0.00971
38	0.01137	0.00848	0.01057	0.01005	0.01217	0.00767	0.00753	0.01493	0.02260	0.03114	0.53853	0.06563	0.19305	0.01779	0.00980	0.00265	0.00398	0.01552	0.00886	0.00767
39	0.02894	0.03563	0.02557	0.02731	0.15154	0.54396	0.01794	0.03164	0.02262	0.02169	0.01340	0.01610	0.01119	0.00833	0.00764	0.00221	0.01396	0.00576	0.00425	0.01034
40	0.03158	0.02327	0.02493	0.01911	0.02576	0.02576	0.01579	0.62852	0.03906	0.05236	0.01995	0.01995	0.01413	0.00997	0.00831	0.00249	0.00914	0.00748	0.00831	0.01413
41	0.01305	0.01094	0.01495	0.01804	0.14086	0.01004	0.01096	0.01643	0.02036	0.02754	0.27440	0.09445	0.24771	0.01639	0.00936	0.00262	0.00536	0.01433	0.00739	0.04481
42	0.02984	0.03167	0.02533	0.02453	0.10832	0.37719	0.01720	0.22638	0.02800	0.03167	0.01552	0.01733	0.01214	0.00887	0.00785	0.00230	0.01241	0.00631	0.00557	0.01156
43	0.02221	0.71304	0.04353	0.01421	0.02132	0.03287	0.01421	0.02488	0.01688	0.01955	0.01155	0.01333	0.01066	0.00711	0.00533	0.00178	0.00888	0.00444	0.00355	0.01066
44	0.00982	0.00842	0.00842	0.00842	0.01122	0.00701	0.00631	0.01192	0.01894	0.02244	0.08416	0.07995	0.65285	0.02104	0.00982	0.00281	0.00421	0.01753	0.00771	0.00701
45	0.01745	0.01589	0.02565	0.03710	0.42434	0.01569	0.02010	0.02174	0.01896	0.02597	0.03166	0.04503	0.11276	0.01275	0.00916	0.00281	0.00857	0.13788	0.00540	0.01108
46	0.01689	0.07057	0.63940	0.02329	0.03535	0.01985	0.03001	0.02625	0.01751	0.02603	0.01477	0.01737	0.01053	0.00786	0.00779	0.00260	0.01214	0.00607	0.00351	0.01221
47	0.01188	0.00885	0.01310	0.01310	0.01450	0.01025	0.01008	0.01468	0.01328	0.01910	0.02248	0.03389	0.02131	0.09954	0.63863	0.01305	0.02143	0.00908	0.00448	0.00728
48	0.02473	0.02146	0.02538	0.02220	0.06589	0.05742	0.05143	0.25564	0.18169	0.03669	0.02079	0.02229	0.01597	0.01080	0.01217	0.00280	0.14560	0.00794	0.00669	0.01241
49	0.02017	0.01934	0.03301	0.10239	0.60790	0.01964	0.02530	0.02515	0.01873	0.02666	0.01556	0.02069	0.01299	0.00747	0.00823	0.00249	0.00997	0.00740	0.00408	0.01284
50	0.00996	0.00785	0.00900	0.00991	0.01161	0.00689	0.00698	0.01175	0.01750	0.02186	0.06593	0.37576	0.36880	0.02341	0.01019	0.00308	0.00450	0.02042	0.00771	0.00689
51	0.02624	0.03491	0.10103	0.02068	0.02546	0.46782	0.01724	0.03022	0.04580	0.02151	0.01482	0.01792	0.01232	0.01447	0.07805	0.00347	0.04778	0.00607	0.00434	0.00984
52	0.01208	0.00805	0.00906	0.00906	0.00906	0.00805	0.00503	0.01208	0.01208	0.01611	0.02618	0.05436	0.03020	0.70804	0.04228	0.00805	0.00805	0.01208	0.00503	0.00503
53	0.01012	0.00723	0.00964	0.01157	0.01205	0.00675	0.00771	0.01157	0.01591	0.02121	0.04579	0.70262	0.05495	0.02603	0.01060	0.00337	0.00482	0.02362	0.00771	0.00675
54	0.03103	0.03959	0.02354	0.02140	0.02568	0.67469	0.01605	0.03317	0.02354	0.02033	0.01284	0.01498	0.01070	0.00856	0.00749	0.00214	0.01498	0.00535	0.00428	0.00963
55	0.04893	0.03722	0.50249	0.02644	0.06853	0.01957	0.12836	0.02624	0.01781	0.02686	0.01512	0.01833	0.01094	0.00771	0.00811	0.00265	0.01219	0.00674	0.00372	0.01201
56	0.02508	0.02142	0.02079	0.01873	0.04746	0.12449	0.01410	0.16879	0.28353	0.07594	0.06155	0.02695	0.02236	0.01133	0.00925	0.03153	0.00852	0.00842	0.00755	0.01220
57	0.00982	0.00842	0.00842	0.00842	0.01122	0.00701	0.00631	0.01192	0.01894	0.02244	0.08416	0.07995	0.65285	0.02104	0.00982	0.00281	0.00421	0.01753	0.00771	0.00701
58	0.02221	0.71304	0.04353	0.01421	0.02132	0.03287	0.01421	0.02488	0.01688	0.01955	0.01155	0.01333	0.01066	0.00711	0.00533	0.00178	0.00888	0.00444	0.00355	0.01066
59	0.01119	0.00823	0.01048	0.01043	0.01219	0.00752	0.00763	0.01438	0.02141	0.02953	0.45938	0.19410	0.14406	0.01931	0.00996	0.00279	0.00414	0.01707	0.00868	0.00752
60	0.01443	0.00722	0.01082	0.01082	0.01082	0.00722	0.00722	0.01082	0.01082	0.01443	0.01443	0.02525	0.01443	0.02886	0.03247	0.75830	0.00722	0.00722	0.00361	0.00361
61	0.01723	0.01477	0.01723	0.01230	0.01969	0.01107	0.00984	0.02092	0.01723	0.02707	0.01477	0.01723	0.01230	0.00615	0.00615	0.00123	0.00615	0.00492	0.00492	0.75883
62	0.01126	0.00847	0.01041	0.00992	0.01210	0.00762	0.00744	0.01470	0.02233	0.03050	0.50467	0.06669	0.22731	0.01803	0.00980	0.00266	0.00399	0.01567	0.00877	0.00762
63	0.01818	0.01818	0.02545	0.02181	0.02181	0.02545	0.01818	0.01999	0.01272	0.01999	0.01091	0.01818	0.01091	0.01454	0.02726	0.00364	0.69284	0.00727	0.00364	0.00909
64	0.01549	0.00774	0.00774	0.00774	0.00968	0.00774	0.00581	0.01936	0.01742	0.03097	0.02710	0.03097	0.02129	0.00968	0.00581	0.00194	0.00387	0.00774	0.75416	0.00774
65	0.01168	0.00849	0.01099	0.01037	0.01236	0.00780	0.00777	0.01552	0.02332	0.03286	0.62813	0.06280	0.10238	0.01715	0.00980	0.00262	0.00393	0.01513	0.00909	0.00780
66	0.01726	0.01637	0.02775	0.48280	0.25022	0.01887	0.02385	0.02260	0.01735	0.02313	0.01504	0.02164	0.01175	0.00801	0.00828	0.00267	0.01069	0.00739	0.00383	0.01049
67	0.03002	0.07756	0.02519	0.02241	0.05570	0.60616	0.01640	0.03232	0.02293	0.02061	0.01290	0.01515	0.01082	0.00842	0.00740	0.00213	0.01438	0.00540	0.00423	0.00986
68	0.02066	0.01785	0.01878	0.01691	0.02160	0.02066	0.01315	0.04414	0.64121	0.03475	0.03381	0.03099	0.02536	0.01127	0.00845	0.00282	0.00657	0.00939	0.00845	0.01315
69	0.01664	0.01393	0.01810	0.05451	0.06197	0.01275	0.01207	0.04433	0.01705	0.02540	0.01766	0.05623	0.01596	0.01780	0.11515	0.03647	0.03717	0.00713	0.00490	0.41477
70	0.76672	0.01607	0.01221	0.01092	0.01607	0.01864	0.00900	0.02442	0.01414	0.03727	0.01157	0.01350	0.00900	0.00771	0.00514	0.00257	0.00643	0.00450	0.00514	0.00900
71	0.01886	0.01100	0.01134	0.01013	0.01305	0.01152	0.00790	0.14700	0.02196	0.03545	0.02560	0.02866	0.01979	0.00974	0.00633	0.00205	0.00498	0.00769	0.59788	0.00908
72	0.02056	0.01974	0.03372	0.05099	0.65622	0.01974	0.02550	0.02550	0.01892	0.02714	0.01563	0.02056	0.01316	0.00740	0.00822	0.00247	0.00987	0.00740	0.00411	0.01316
73	0.01052	0.00844	0.00939	0.00915	0.01165	0.00731	0.00686	0.01328	0.02059	0.02636	0.28881	0.07350	0.44575	0.01958	0.00981	0.00274	0.00410	0.01663	0.00823	0.00731
74	0.01879	0.01920	0.02535	0.02179	0.02200	0.05661	0.01807	0.02063	0.01324	0.02001	0.01100	0.01802	0.01090	0.01425	0.02631	0.00356	0.66030	0.00718	0.00367	0.00911
75	0.02151	0.02498	0.09971	0.09848	0.23036	0.14873	0.02015	0.05465	0.02005	0.02627	0.01492	0.01852	0.01201	0.00764	0.00761	0.00219	0.01047	0.00632	0.00441	0.17102
76	0.02494	0.02723	0.02883	0.03695	0.36346	0.26535	0.02096	0.05411	0.05151	0.02600	0.01564	0.01895	0.01287	0.00813	0.00796	0.00236	0.01160	0.00673	0.00456	0.01188
77	0.01012	0.00723	0.00964	0.01157	0.01205	0.00675	0.00771	0.01157	0.01591	0.02121	0.04579	0.70262	0.05495	0.02603	0.01060	0.00337	0.00482	0.02362	0.00771	0.00675
78	0.00995	0.00839	0.00845	0.00845	0.01110	0.00707	0.00624	0.01193	0.01854	0.02208	0.08081	0.07847	0.61687	0.06074	0.01169	0.00311	0.00443	0.01722	0.00756	0.00690
79	0.01569	0.01477	0.02492	0.68808	0.05722	0.01846	0.02307	0.02123	0.01661	0.02123	0.01477	0.02215	0.01107	0.00831	0.00831	0.00277	0.01107	0.00738	0.00369	0.00923
80	0.02078	0.02252	0.02506	0.02173	0.02260	0.15706	0.01774	0.02266	0.01492	0.02006	0.01130	0.01753	0.01086	0.01333	0.02325	0.00333	0.55542	0.00688	0.00377	0.00920
81	0.01018	0.00825	0.00910	0.00968	0.01190	0.00717	0.00721	0.01229	0.01829	0.02237	0.07241	0.21737	0.47160	0.02229	0.01013	0.00301	0.00463	0.06740	0.00771	0.00701
82	0.02966	0.14465	0.02666	0.02028	0.02500	0.57457	0.01576	0.03188	0.02250	0.02021	0.01264	0.01472	0.01069	0.00833	0.00715	0.00208	0.01403	0.00521	0.00417	0.00979
83	0.02221	0.71304	0.04353	0.01421	0.02132	0.03287	0.01421	0.02488	0.01688	0.01955	0.01155	0.01333	0.01066	0.00711	0.00533	0.00178	0.00888	0.00444	0.00355	0.01066
84	0.01012	0.00843	0.00884	0.00873	0.01141	0.00714	0.00655	0.01251	0.01965	0.02414	0.17271	0.07716	0.56324	0.02041	0.00982	0.00278	0.00416	0.01714	0.00794	0.00714
