[name]
unknown

[dist]
# distance from previous block
# <min> <max>
16	60

[block]
# block no. 0 follows, 21 sequences, length 39
# corresponding to MSA columns:
# 67-105
name=unknown_A
#
# <colnr> <probs for GDERKNQSTAVLIFYWHMCP>
#	G	D	E	R	K	N	Q	S	T	A	V	L	I	F	Y	W	H	M	C	P
0	0.01511	0.04576	0.08644	0.01710	0.02121	0.01299	0.07458	0.04990	0.01904	0.02579	0.03477	0.29660	0.03784	0.01872	0.00999	0.00314	0.00791	0.15201	0.00669	0.06439
1	0.02395	0.02762	0.06500	0.08724	0.17053	0.23749	0.05691	0.06314	0.05381	0.02596	0.01720	0.04823	0.01462	0.00979	0.00984	0.00262	0.06228	0.00776	0.00481	0.01120
2	0.16691	0.16317	0.31550	0.08896	0.03153	0.02194	0.02210	0.02634	0.01731	0.05385	0.01468	0.01727	0.01099	0.00804	0.00708	0.00252	0.01035	0.00585	0.00425	0.01134
3	0.18056	0.06865	0.02351	0.02095	0.06036	0.42276	0.01541	0.06743	0.02248	0.02679	0.01343	0.01559	0.01097	0.00853	0.00716	0.00231	0.01254	0.00551	0.00477	0.01028
4	0.26300	0.01269	0.01282	0.04077	0.01715	0.01322	0.00943	0.02347	0.05377	0.11544	0.03967	0.09037	0.17987	0.01368	0.00779	0.00272	0.00593	0.01086	0.07797	0.00937
5	0.01198	0.00939	0.01351	0.01365	0.01453	0.00952	0.04661	0.01357	0.01553	0.02097	0.03849	0.47917	0.04530	0.15452	0.01834	0.00436	0.05690	0.01977	0.00683	0.00704
6	0.03179	0.04056	0.02412	0.02192	0.02631	0.66676	0.01644	0.03398	0.02412	0.02083	0.01315	0.01535	0.01096	0.00877	0.00767	0.00219	0.01535	0.00548	0.00438	0.00987
7	0.01437	0.01052	0.01154	0.01110	0.01219	0.01117	0.00704	0.01981	0.15277	0.02083	0.02859	0.05027	0.02982	0.54484	0.03547	0.00704	0.00791	0.01175	0.00595	0.00704
8	0.02404	0.49371	0.07127	0.01667	0.02350	0.15185	0.01573	0.02864	0.06448	0.02170	0.01396	0.01555	0.01204	0.00792	0.00626	0.00202	0.01029	0.00520	0.00415	0.01100
9	0.01308	0.00812	0.00900	0.00912	0.00963	0.00809	0.00552	0.01411	0.01392	0.02044	0.02831	0.09038	0.03037	0.49448	0.03240	0.00646	0.00703	0.01207	0.18155	0.00593
10	0.03235	0.02384	0.02554	0.01958	0.02639	0.02639	0.01618	0.61946	0.04001	0.05363	0.02043	0.02043	0.01447	0.01022	0.00851	0.00255	0.00936	0.00766	0.00851	0.01447
11	0.01216	0.00912	0.01368	0.01368	0.01520	0.01064	0.01064	0.01520	0.01368	0.01976	0.02279	0.03343	0.02127	0.06382	0.66720	0.01368	0.02279	0.00912	0.00456	0.00760
12	0.01707	0.04402	0.65683	0.02426	0.03683	0.01976	0.03144	0.02695	0.01797	0.02695	0.01527	0.01797	0.01078	0.00809	0.00809	0.00270	0.01258	0.00629	0.00359	0.01258
13	0.02914	0.02809	0.02643	0.02162	0.02656	0.22571	0.04694	0.30167	0.02930	0.03624	0.01637	0.01865	0.01272	0.01044	0.01175	0.00266	0.13050	0.00706	0.00617	0.01198
14	0.01008	0.00855	0.00870	0.00881	0.01154	0.00717	0.00655	0.01219	0.01921	0.02291	0.08389	0.11818	0.60960	0.02185	0.01011	0.00291	0.00435	0.01833	0.00790	0.00717
15	0.01047	0.00749	0.00997	0.01178	0.01237	0.00698	0.00791	0.01211	0.01678	0.02249	0.08378	0.65630	0.05777	0.02609	0.01081	0.00341	0.00488	0.02365	0.00799	0.00698
16	0.03042	0.03854	0.02314	0.02108	0.02537	0.62513	0.01581	0.03261	0.02382	0.02096	0.01777	0.01955	0.05094	0.00958	0.00782	0.00224	0.01465	0.00627	0.00461	0.00970
17	0.03179	0.04056	0.02412	0.02192	0.02631	0.66676	0.01644	0.03398	0.02412	0.02083	0.01315	0.01535	0.01096	0.00877	0.00767	0.00219	0.01535	0.00548	0.00438	0.00987
18	0.02547	0.50575	0.03843	0.01678	0.02319	0.22421	0.01513	0.02804	0.01935	0.02026	0.01223	0.01416	0.01093	0.00773	0.00613	0.00193	0.01098	0.00483	0.00386	0.01060
19	0.01021	0.00863	0.00883	0.00878	0.01159	0.00725	0.00658	0.01250	0.01975	0.02382	0.12775	0.08053	0.60233	0.02124	0.01006	0.00286	0.00429	0.01777	0.00801	0.00725
20	0.01725	0.02235	0.17491	0.03281	0.30920	0.01634	0.02177	0.02302	0.02020	0.02887	0.17415	0.03437	0.06658	0.01094	0.00884	0.00262	0.00885	0.00981	0.00555	0.01155
21	0.01607	0.01513	0.02552	0.68047	0.05861	0.01891	0.02363	0.02174	0.01702	0.02174	0.01513	0.02269	0.01134	0.00851	0.00851	0.00284	0.01134	0.00756	0.00378	0.00945
22	0.01765	0.01513	0.01765	0.01260	0.02017	0.01134	0.01008	0.02143	0.01765	0.02773	0.01513	0.01765	0.01260	0.00630	0.00630	0.00126	0.00630	0.00504	0.00504	0.75295
23	0.02009	0.02296	0.05022	0.03587	0.04448	0.02152	0.61693	0.02726	0.02009	0.02726	0.01722	0.02296	0.01291	0.00717	0.01004	0.00287	0.01435	0.01004	0.00430	0.01148
24	0.01707	0.04402	0.65683	0.02426	0.03683	0.01976	0.03144	0.02695	0.01797	0.02695	0.01527	0.01797	0.01078	0.00809	0.00809	0.00270	0.01258	0.00629	0.00359	0.01258
25	0.01006	0.00862	0.00862	0.00862	0.01149	0.00718	0.00647	0.01221	0.01940	0.02299	0.08621	0.08190	0.64438	0.02155	0.01006	0.00287	0.00431	0.01796	0.00790	0.00718
26	0.02275	0.70604	0.04459	0.01456	0.02184	0.03367	0.01456	0.02548	0.01729	0.02002	0.01183	0.01365	0.01092	0.00728	0.00546	0.00182	0.00910	0.00455	0.00364	0.01092
27	0.01586	0.00793	0.00793	0.00793	0.00991	0.00793	0.00595	0.01983	0.01785	0.03173	0.02776	0.03173	0.02181	0.00991	0.00595	0.00198	0.00397	0.00793	0.74817	0.00793
28	0.76103	0.01646	0.01251	0.01119	0.01646	0.01909	0.00922	0.02502	0.01448	0.03818	0.01185	0.01382	0.00922	0.00790	0.00527	0.00263	0.00658	0.00461	0.00527	0.00922
29	0.01371	0.00980	0.01371	0.01567	0.01763	0.00980	0.01371	0.01763	0.01959	0.02547	0.04506	0.09599	0.04898	0.02351	0.01175	0.00392	0.00784	0.59056	0.00784	0.00784
30	0.03235	0.02384	0.02554	0.01958	0.02639	0.02639	0.01618	0.61946	0.04001	0.05363	0.02043	0.02043	0.01447	0.01022	0.00851	0.00255	0.00936	0.00766	0.00851	0.01447
31	0.01586	0.00793	0.00793	0.00793	0.00991	0.00793	0.00595	0.01983	0.01785	0.03173	0.02776	0.03173	0.02181	0.00991	0.00595	0.00198	0.00397	0.00793	0.74817	0.00793
32	0.19580	0.01675	0.01828	0.01524	0.02094	0.01772	0.01230	0.07277	0.22718	0.27179	0.02824	0.02597	0.01965	0.01026	0.00784	0.00271	0.00705	0.00797	0.00859	0.01295
33	0.03235	0.02384	0.02554	0.01958	0.02639	0.02639	0.01618	0.61946	0.04001	0.05363	0.02043	0.02043	0.01447	0.01022	0.00851	0.00255	0.00936	0.00766	0.00851	0.01447
34	0.03235	0.02384	0.02554	0.01958	0.02639	0.02639	0.01618	0.61946	0.04001	0.05363	0.02043	0.02043	0.01447	0.01022	0.00851	0.00255	0.00936	0.00766	0.00851	0.01447
35	0.01207	0.00830	0.00919	0.00919	0.00958	0.00811	0.00533	0.01235	0.01331	0.01736	0.03471	0.05918	0.11251	0.61058	0.03889	0.00754	0.00773	0.01312	0.00552	0.00543
36	0.01195	0.00838	0.01023	0.01039	0.01140	0.00834	0.00699	0.01360	0.01557	0.02132	0.10806	0.13284	0.11120	0.30990	0.13942	0.00701	0.00922	0.01405	0.04362	0.00652
37	0.01931	0.30494	0.41553	0.02043	0.03092	0.02525	0.02479	0.02637	0.01770	0.02422	0.01392	0.01627	0.01084	0.00777	0.00705	0.00235	0.01121	0.00560	0.00361	0.01192
38	0.26092	0.02329	0.02308	0.05068	0.07884	0.11992	0.04227	0.23785	0.02581	0.03892	0.01585	0.01784	0.01198	0.00882	0.00742	0.00255	0.00977	0.00646	0.00609	0.01166

[dist]
# distance from previous block
# <min> <max>
16	83

[block]
# block no. 1 follows, 21 sequences, length 7
# corresponding to MSA columns:
# 190-196
name=unknown_B
#
# <colnr> <probs for GDERKNQSTAVLIFYWHMCP>
#	G	D	E	R	K	N	Q	S	T	A	V	L	I	F	Y	W	H	M	C	P
0	0.20130	0.05080	0.01946	0.01519	0.02002	0.01960	0.01235	0.16380	0.07780	0.03593	0.06446	0.07777	0.02167	0.01146	0.00954	0.00260	0.07455	0.00850	0.00659	0.10659
1	0.02424	0.29770	0.08073	0.01910	0.02642	0.13135	0.08812	0.05861	0.02045	0.06156	0.01511	0.01715	0.01216	0.00779	0.00702	0.00208	0.01056	0.00596	0.00468	0.10919
2	0.08713	0.05612	0.02020	0.01551	0.02057	0.01613	0.05469	0.12061	0.06702	0.06455	0.05707	0.11211	0.09435	0.01357	0.00858	0.00262	0.00730	0.05405	0.00707	0.12075
3	0.02059	0.17491	0.02943	0.08625	0.19936	0.05978	0.01794	0.08252	0.01964	0.02569	0.01690	0.02212	0.01455	0.02158	0.16765	0.00508	0.01331	0.00715	0.00457	0.01099
4	0.01691	0.08973	0.01757	0.01725	0.12788	0.01311	0.01097	0.02094	0.01918	0.03011	0.13450	0.03345	0.02957	0.01054	0.00708	0.00219	0.00568	0.00882	0.39521	0.00930
5	0.02484	0.01986	0.06864	0.02683	0.21626	0.07391	0.01739	0.02901	0.02129	0.20955	0.06263	0.03111	0.08521	0.01050	0.00847	0.00249	0.00870	0.00891	0.00676	0.06764
6	0.02797	0.03470	0.02272	0.08983	0.02823	0.53292	0.01620	0.03053	0.02290	0.02114	0.02064	0.02275	0.07412	0.01002	0.00800	0.00233	0.01383	0.00694	0.00467	0.00956

[dist]
# distance from previous block
# <min> <max>
6	14

[block]
# block no. 2 follows, 21 sequences, length 12
# corresponding to MSA columns:
# 211-222
name=unknown_C
#
# <colnr> <probs for GDERKNQSTAVLIFYWHMCP>
#	G	D	E	R	K	N	Q	S	T	A	V	L	I	F	Y	W	H	M	C	P
0	0.03198	0.03474	0.02461	0.02111	0.02634	0.44411	0.01635	0.23755	0.02964	0.03223	0.01568	0.01711	0.01218	0.00927	0.00797	0.00232	0.01327	0.00624	0.00582	0.01147
1	0.11963	0.01471	0.01893	0.01470	0.02113	0.01325	0.01214	0.03962	0.02324	0.58437	0.03113	0.02726	0.01973	0.01024	0.00819	0.00263	0.00717	0.00811	0.00994	0.01389
2	0.01037	0.00741	0.00987	0.01185	0.01234	0.00691	0.00790	0.01185	0.01629	0.02172	0.04690	0.69537	0.05629	0.02666	0.01086	0.00346	0.00494	0.02419	0.00790	0.00691
3	0.02468	0.43468	0.11194	0.01785	0.02493	0.21480	0.01712	0.02811	0.01934	0.02108	0.01262	0.01466	0.01092	0.00781	0.00641	0.00203	0.01132	0.00503	0.00385	0.01081
4	0.01162	0.00813	0.01017	0.01058	0.01141	0.00774	0.00700	0.01342	0.01752	0.02403	0.23743	0.26535	0.05548	0.25638	0.02179	0.00485	0.00578	0.01720	0.00744	0.00668
5	0.03235	0.02384	0.02554	0.01958	0.02639	0.02639	0.01618	0.61946	0.04001	0.05363	0.02043	0.02043	0.01447	0.01022	0.00851	0.00255	0.00936	0.00766	0.00851	0.01447
6	0.01238	0.00825	0.00928	0.00928	0.00928	0.00825	0.00516	0.01238	0.01238	0.01650	0.02681	0.05569	0.03094	0.70092	0.04331	0.00825	0.00825	0.01238	0.00516	0.00516
7	0.02051	0.02176	0.04338	0.04301	0.30776	0.02095	0.35912	0.02676	0.01978	0.02750	0.01669	0.02213	0.01316	0.00735	0.00934	0.00272	0.01250	0.00897	0.00426	0.01235
8	0.01973	0.01823	0.03294	0.22766	0.24909	0.01878	0.16336	0.02516	0.01917	0.06570	0.02183	0.02655	0.05520	0.00888	0.00895	0.00273	0.01091	0.00891	0.00476	0.01147
9	0.06922	0.14383	0.06551	0.02163	0.11786	0.21785	0.01574	0.02511	0.02007	0.02378	0.03075	0.03179	0.16148	0.01126	0.00784	0.00240	0.01010	0.00860	0.00507	0.01010
10	0.03021	0.06709	0.02413	0.06157	0.02676	0.32476	0.01555	0.10355	0.05624	0.14217	0.01904	0.01980	0.01412	0.00918	0.00784	0.00232	0.01161	0.00658	0.00618	0.05132
11	0.02545	0.30643	0.06182	0.01795	0.05476	0.17617	0.01508	0.02876	0.01996	0.09783	0.01720	0.01884	0.01369	0.00842	0.00670	0.00211	0.00991	0.00593	0.10207	0.01092

[dist]
# distance from previous block
# <min> <max>
0	1

[block]
# block no. 3 follows, 21 sequences, length 14
# corresponding to MSA columns:
# 224-237
name=unknown_D
#
# <colnr> <probs for GDERKNQSTAVLIFYWHMCP>
#	G	D	E	R	K	N	Q	S	T	A	V	L	I	F	Y	W	H	M	C	P
0	0.23744	0.08619	0.07452	0.01642	0.02191	0.04067	0.10883	0.02231	0.01745	0.02868	0.02853	0.09837	0.10641	0.01184	0.00770	0.00265	0.00820	0.00986	0.06260	0.00942
1	0.24888	0.05622	0.10774	0.01438	0.01894	0.04964	0.01308	0.02115	0.01560	0.02654	0.02305	0.02976	0.07507	0.11141	0.10701	0.00500	0.05470	0.00804	0.00493	0.00886
2	0.02017	0.13220	0.02246	0.01516	0.01959	0.01580	0.05246	0.07283	0.02338	0.12164	0.26635	0.04819	0.04521	0.01423	0.00915	0.00270	0.00705	0.09331	0.00792	0.01021
3	0.01988	0.02213	0.06962	0.02406	0.14789	0.16367	0.01630	0.04288	0.07890	0.02636	0.07677	0.17907	0.02969	0.01658	0.04461	0.00333	0.01015	0.01173	0.00605	0.01034
4	0.01995	0.14733	0.05881	0.06731	0.13651	0.03671	0.01685	0.02326	0.01849	0.07284	0.12763	0.02771	0.02494	0.01253	0.01304	0.06534	0.10682	0.00832	0.00534	0.01026
5	0.24798	0.01355	0.01463	0.05579	0.07698	0.03738	0.01072	0.01917	0.01510	0.02580	0.02324	0.09571	0.04034	0.21348	0.07243	0.00523	0.00913	0.00997	0.00528	0.00808
6	0.29217	0.08381	0.07244	0.01446	0.02013	0.01846	0.01282	0.10588	0.02030	0.12753	0.02255	0.13351	0.02003	0.01176	0.00741	0.00269	0.00753	0.00909	0.00665	0.01078
7	0.08919	0.07823	0.02578	0.07451	0.02754	0.23781	0.06554	0.09277	0.02243	0.08753	0.01704	0.01950	0.01310	0.00923	0.00895	0.00248	0.05531	0.00671	0.05561	0.01076
8	0.01996	0.01861	0.06146	0.02008	0.11983	0.07634	0.01417	0.10733	0.02313	0.08155	0.04925	0.04814	0.29645	0.01462	0.00909	0.00267	0.00783	0.01204	0.00699	0.01048
9	0.02148	0.03106	0.31812	0.07555	0.03118	0.10866	0.02221	0.02765	0.01954	0.12519	0.02248	0.11815	0.01911	0.01131	0.00854	0.00274	0.01090	0.00924	0.00546	0.01141
10	0.25188	0.01901	0.10619	0.01793	0.09153	0.04996	0.01391	0.02104	0.01693	0.02801	0.03114	0.08679	0.14327	0.01410	0.00997	0.06610	0.00779	0.00981	0.00548	0.00915
11	0.30183	0.02512	0.01911	0.01874	0.06204	0.26552	0.01379	0.02919	0.01980	0.08113	0.01761	0.02399	0.01495	0.00992	0.00729	0.00258	0.01034	0.06143	0.00555	0.01005
12	0.08513	0.06827	0.06156	0.05566	0.10985	0.15649	0.01647	0.07806	0.10375	0.02907	0.02073	0.02330	0.03152	0.01352	0.05840	0.00333	0.01096	0.00730	0.05561	0.01102
13	0.02351	0.07360	0.02341	0.01961	0.06303	0.16421	0.06414	0.05739	0.05466	0.11545	0.03288	0.07712	0.11976	0.04405	0.02681	0.00311	0.00992	0.01035	0.00647	0.01052

[dist]
# distance from previous block
# <min> <max>
37	155

[block]
# block no. 4 follows, 21 sequences, length 7
# corresponding to MSA columns:
# 424-430
name=unknown_E
#
# <colnr> <probs for GDERKNQSTAVLIFYWHMCP>
#	G	D	E	R	K	N	Q	S	T	A	V	L	I	F	Y	W	H	M	C	P
0	0.13208	0.16183	0.02633	0.01823	0.02335	0.28452	0.01486	0.12433	0.02294	0.02838	0.01422	0.01661	0.01175	0.01138	0.03770	0.00284	0.04726	0.00579	0.00501	0.01059
1	0.02466	0.02403	0.07925	0.01720	0.02334	0.15681	0.01464	0.09220	0.13628	0.11053	0.02878	0.02835	0.08278	0.01054	0.00812	0.00238	0.00915	0.00819	0.00680	0.13597
2	0.01375	0.01343	0.07194	0.01294	0.01503	0.04055	0.01041	0.01622	0.01620	0.02169	0.10436	0.08322	0.03671	0.32352	0.10033	0.00658	0.00993	0.09013	0.00591	0.00715
3	0.02076	0.02213	0.02598	0.07260	0.19397	0.17688	0.08082	0.02605	0.06736	0.02489	0.02687	0.13438	0.06599	0.01230	0.00895	0.00270	0.01042	0.01092	0.00544	0.01059
4	0.14428	0.02940	0.07925	0.02714	0.13146	0.26409	0.08942	0.02858	0.01974	0.02604	0.01389	0.01748	0.01134	0.00876	0.00962	0.00258	0.07537	0.00648	0.00436	0.01073
5	0.02195	0.02180	0.06581	0.02619	0.18030	0.08745	0.01765	0.17473	0.02431	0.03177	0.03008	0.09255	0.11366	0.01287	0.01023	0.00274	0.05790	0.01043	0.00616	0.01141
6	0.02403	0.17493	0.07858	0.02668	0.17533	0.25481	0.01865	0.02781	0.02103	0.02423	0.08050	0.02168	0.01890	0.00902	0.00766	0.00228	0.01133	0.00690	0.00465	0.01098

[dist]
# distance from previous block
# <min> <max>
53	127

[block]
# block no. 5 follows, 21 sequences, length 13
# corresponding to MSA columns:
# 597-609
name=unknown_F
#
# <colnr> <probs for GDERKNQSTAVLIFYWHMCP>
#	G	D	E	R	K	N	Q	S	T	A	V	L	I	F	Y	W	H	M	C	P
0	0.05621	0.02687	0.12960	0.14863	0.05969	0.17312	0.01957	0.12594	0.02285	0.02904	0.01985	0.07716	0.01759	0.01109	0.00848	0.00270	0.01117	0.04428	0.00536	0.01079
1	0.04764	0.08025	0.05278	0.13346	0.08365	0.14062	0.01821	0.02773	0.03949	0.10255	0.01718	0.02091	0.01359	0.01303	0.04938	0.00335	0.13337	0.00704	0.00501	0.01077
2	0.01975	0.01614	0.01958	0.01976	0.10798	0.01657	0.01340	0.15365	0.12614	0.03242	0.03337	0.03598	0.12572	0.05681	0.07932	0.00397	0.00907	0.00981	0.00674	0.11383
3	0.01925	0.19244	0.07449	0.07281	0.02296	0.02005	0.01415	0.12112	0.01969	0.02642	0.01931	0.02775	0.01748	0.13729	0.13246	0.00536	0.01165	0.00784	0.04773	0.00976
4	0.02181	0.26398	0.02708	0.01456	0.02001	0.05553	0.01262	0.17756	0.02488	0.03127	0.10995	0.03562	0.14802	0.01229	0.00788	0.00235	0.00788	0.00950	0.00654	0.01068
5	0.01652	0.01270	0.01441	0.01369	0.01661	0.01321	0.01023	0.13509	0.12597	0.03139	0.09287	0.31142	0.13285	0.01944	0.00985	0.00304	0.00593	0.01692	0.00826	0.00961
6	0.02280	0.03242	0.25835	0.02056	0.02790	0.16703	0.02054	0.16173	0.02414	0.03078	0.02131	0.13229	0.01935	0.01187	0.00856	0.00268	0.01118	0.00944	0.00563	0.01143
7	0.02564	0.02091	0.07771	0.02459	0.16530	0.09937	0.01708	0.02956	0.02134	0.22900	0.05443	0.03268	0.10697	0.01145	0.00963	0.00265	0.04355	0.00927	0.00692	0.01195
8	0.02571	0.03595	0.22595	0.02655	0.11754	0.26259	0.02251	0.12949	0.02418	0.02929	0.01546	0.01784	0.01185	0.00863	0.00805	0.00246	0.01272	0.00640	0.00481	0.01201
9	0.01879	0.18959	0.35912	0.08123	0.03659	0.02317	0.12574	0.02621	0.01809	0.02496	0.01480	0.01823	0.01122	0.00778	0.00785	0.00254	0.01197	0.00664	0.00374	0.01174
10	0.01039	0.00863	0.00909	0.00897	0.01170	0.00733	0.00673	0.01286	0.02019	0.02487	0.18027	0.07880	0.54916	0.02085	0.01005	0.00284	0.00426	0.01753	0.00815	0.00733
11	0.01216	0.00912	0.01368	0.01368	0.01520	0.01064	0.01064	0.01520	0.01368	0.01976	0.02279	0.03343	0.02127	0.06382	0.66720	0.01368	0.02279	0.00912	0.00456	0.00760
12	0.02323	0.29648	0.03441	0.15152	0.14299	0.17341	0.01883	0.02682	0.01918	0.02194	0.01352	0.01712	0.01147	0.00791	0.00709	0.00223	0.01115	0.00589	0.00394	0.01086

[dist]
# distance from previous block
# <min> <max>
0	1

[block]
# block no. 6 follows, 21 sequences, length 53
# corresponding to MSA columns:
# 611-663
name=unknown_G
#
# <colnr> <probs for GDERKNQSTAVLIFYWHMCP>
#	G	D	E	R	K	N	Q	S	T	A	V	L	I	F	Y	W	H	M	C	P
0	0.02924	0.01983	0.02204	0.01727	0.02320	0.02117	0.01412	0.43348	0.03483	0.12633	0.11082	0.03039	0.05454	0.01179	0.00880	0.00260	0.00812	0.00933	0.00886	0.01324
1	0.01143	0.00843	0.01082	0.01174	0.01333	0.00783	0.00883	0.01419	0.01959	0.02605	0.21596	0.30260	0.16053	0.02266	0.01068	0.00324	0.00515	0.13123	0.00829	0.00744
2	0.02204	0.02960	0.27449	0.02915	0.08387	0.01967	0.24056	0.05206	0.02060	0.11640	0.01881	0.02166	0.01335	0.00814	0.00891	0.00273	0.01216	0.00812	0.00507	0.01259
3	0.02582	0.02825	0.02279	0.02255	0.08151	0.30475	0.01594	0.03853	0.30878	0.02839	0.02348	0.02356	0.01823	0.00996	0.00820	0.00255	0.01083	0.00761	0.00637	0.01189
4	0.01854	0.21591	0.49786	0.02174	0.03294	0.02338	0.02706	0.02657	0.01779	0.02515	0.01438	0.01685	0.01082	0.00788	0.00740	0.00247	0.01167	0.00584	0.00361	0.01215
5	0.01006	0.00862	0.00862	0.00862	0.01149	0.00718	0.00647	0.01221	0.01940	0.02299	0.08621	0.08190	0.64438	0.02155	0.01006	0.00287	0.00431	0.01796	0.00790	0.00718
6	0.02113	0.01090	0.01393	0.01287	0.01667	0.00968	0.01042	0.02403	0.02096	0.25267	0.05421	0.12225	0.22978	0.01846	0.00997	0.00307	0.00623	0.14396	0.00884	0.00996
7	0.02860	0.03273	0.07216	0.02097	0.02606	0.36603	0.01722	0.11268	0.09538	0.05751	0.01758	0.01908	0.01366	0.00988	0.00984	0.00252	0.07456	0.00664	0.00561	0.01128
8	0.01216	0.00912	0.01368	0.01368	0.01520	0.01064	0.01064	0.01520	0.01368	0.01976	0.02279	0.03343	0.02127	0.06382	0.66720	0.01368	0.02279	0.00912	0.00456	0.00760
9	0.02106	0.02022	0.03454	0.05223	0.64784	0.02022	0.02612	0.02612	0.01938	0.02780	0.01601	0.02106	0.01348	0.00758	0.00842	0.00253	0.01011	0.00758	0.00421	0.01348
10	0.02179	0.02119	0.01983	0.01799	0.02084	0.17593	0.01408	0.13921	0.02268	0.02792	0.02856	0.18292	0.06100	0.01622	0.01297	0.00302	0.14128	0.05656	0.00634	0.00968
11	0.01875	0.01937	0.08687	0.02283	0.14240	0.01778	0.01627	0.06902	0.26187	0.03130	0.04061	0.03969	0.17149	0.01276	0.00888	0.00277	0.00758	0.01078	0.00707	0.01192
12	0.01195	0.01110	0.01011	0.00987	0.01277	0.05831	0.00740	0.01430	0.02025	0.02399	0.13896	0.07483	0.53624	0.02013	0.00987	0.00280	0.00513	0.01673	0.00778	0.00748
13	0.01216	0.00843	0.01002	0.01002	0.01051	0.00860	0.00624	0.01287	0.01315	0.01758	0.03064	0.05370	0.07618	0.53446	0.15284	0.00881	0.01056	0.01222	0.00526	0.00575
14	0.01908	0.14247	0.03713	0.22275	0.04037	0.02380	0.21506	0.02397	0.01730	0.02299	0.01445	0.02037	0.01175	0.00909	0.01222	0.00284	0.14230	0.00781	0.00392	0.01035
15	0.01051	0.00758	0.01000	0.01189	0.01256	0.00706	0.00811	0.01214	0.01659	0.02196	0.04860	0.63880	0.08263	0.02628	0.01087	0.00345	0.00505	0.05105	0.00790	0.00697
16	0.01996	0.02410	0.14563	0.09582	0.49249	0.02004	0.02688	0.02593	0.01894	0.02718	0.01581	0.02063	0.01283	0.00774	0.00837	0.00258	0.01065	0.00735	0.00407	0.01301
17	0.02680	0.01845	0.01996	0.01632	0.02166	0.02017	0.01315	0.30220	0.18604	0.09993	0.02671	0.02632	0.01946	0.01053	0.00805	0.00254	0.00744	0.00830	0.15303	0.01294
18	0.01727	0.04265	0.61729	0.02501	0.03733	0.01988	0.06960	0.02697	0.01811	0.02697	0.01540	0.01829	0.01092	0.00803	0.00821	0.00271	0.01269	0.00653	0.00364	0.01251
19	0.01496	0.00908	0.01191	0.01189	0.01404	0.00828	0.00884	0.01780	0.02063	0.11285	0.26072	0.29290	0.10460	0.02056	0.01025	0.00305	0.00506	0.05535	0.00878	0.00843
20	0.01956	0.02739	0.18918	0.03609	0.15107	0.02088	0.37396	0.02698	0.01946	0.02728	0.01654	0.02145	0.01252	0.00746	0.00929	0.00277	0.01317	0.00872	0.00412	0.01209
21	0.01167	0.00953	0.01042	0.01004	0.01284	0.00872	0.00758	0.01640	0.07718	0.02747	0.24764	0.07182	0.41927	0.01939	0.00992	0.00282	0.00445	0.01643	0.00841	0.00801
22	0.02108	0.02048	0.03617	0.10578	0.44054	0.02071	0.13838	0.06110	0.02052	0.02866	0.01642	0.02154	0.01323	0.00775	0.00875	0.00262	0.01099	0.00806	0.00444	0.01278
23	0.03094	0.03782	0.02431	0.05914	0.02815	0.58042	0.01683	0.07859	0.02494	0.02342	0.01383	0.01616	0.01126	0.00887	0.00779	0.00226	0.01466	0.00577	0.00467	0.01020
24	0.02988	0.02185	0.02390	0.05632	0.02670	0.02424	0.01565	0.52930	0.03663	0.04976	0.02081	0.02161	0.01498	0.01009	0.00827	0.00252	0.00897	0.00768	0.07726	0.01357
25	0.01401	0.01047	0.01477	0.01422	0.01623	0.01209	0.01115	0.07077	0.01610	0.02287	0.02258	0.03224	0.02065	0.05889	0.60662	0.01265	0.02156	0.00898	0.00492	0.00823
26	0.01098	0.00791	0.01024	0.01141	0.01215	0.00773	0.00770	0.01247	0.01543	0.02058	0.04268	0.43369	0.09150	0.15402	0.11461	0.00581	0.00815	0.01932	0.00690	0.00672
27	0.01658	0.03089	0.36170	0.02459	0.03370	0.01760	0.17987	0.02417	0.01877	0.02689	0.06860	0.11314	0.02279	0.01104	0.00912	0.00284	0.01136	0.01036	0.00480	0.01118
28	0.03183	0.03928	0.02423	0.02174	0.02631	0.61772	0.01642	0.07882	0.02533	0.02334	0.01371	0.01574	0.01123	0.00888	0.00774	0.00222	0.01489	0.00565	0.00470	0.01022
29	0.01707	0.04402	0.65683	0.02426	0.03683	0.01976	0.03144	0.02695	0.01797	0.02695	0.01527	0.01797	0.01078	0.00809	0.00809	0.00270	0.01258	0.00629	0.00359	0.01258
30	0.01925	0.01837	0.03126	0.28056	0.43369	0.01974	0.02521	0.02453	0.01852	0.02560	0.01569	0.02165	0.01270	0.00792	0.00846	0.00264	0.01056	0.00758	0.00406	0.01202
31	0.01971	0.01884	0.03209	0.22275	0.48791	0.01986	0.02544	0.02493	0.01874	0.02616	0.01577	0.02150	0.01290	0.00783	0.00845	0.00261	0.01044	0.00758	0.00410	0.01239
32	0.02106	0.02022	0.03454	0.05223	0.64784	0.02022	0.02612	0.02612	0.01938	0.02780	0.01601	0.02106	0.01348	0.00758	0.00842	0.00253	0.01011	0.00758	0.00421	0.01348
33	0.03179	0.04056	0.02412	0.02192	0.02631	0.66676	0.01644	0.03398	0.02412	0.02083	0.01315	0.01535	0.01096	0.00877	0.00767	0.00219	0.01535	0.00548	0.00438	0.00987
34	0.01707	0.04402	0.65683	0.02426	0.03683	0.01976	0.03144	0.02695	0.01797	0.02695	0.01527	0.01797	0.01078	0.00809	0.00809	0.00270	0.01258	0.00629	0.00359	0.01258
35	0.15102	0.03725	0.49344	0.02405	0.07996	0.01968	0.02704	0.02654	0.01745	0.02903	0.01471	0.01746	0.01071	0.00801	0.00760	0.00267	0.01131	0.00609	0.00394	0.01204
36	0.01216	0.00912	0.01368	0.01368	0.01520	0.01064	0.01064	0.01520	0.01368	0.01976	0.02279	0.03343	0.02127	0.06382	0.66720	0.01368	0.02279	0.00912	0.00456	0.00760
37	0.09839	0.03279	0.40715	0.02020	0.02996	0.01807	0.02357	0.06202	0.02031	0.12500	0.06657	0.02287	0.01776	0.00928	0.00804	0.00267	0.01030	0.00724	0.00555	0.01227
38	0.02043	0.02025	0.03657	0.10702	0.48349	0.02034	0.13376	0.02592	0.01929	0.02715	0.01615	0.02156	0.01318	0.00759	0.00873	0.00262	0.01100	0.00803	0.00419	0.01274
39	0.01250	0.00991	0.01158	0.01199	0.01465	0.00943	0.00970	0.01744	0.07630	0.02607	0.12214	0.08023	0.33250	0.02088	0.01050	0.00321	0.00569	0.20913	0.00809	0.00806
40	0.01017	0.00818	0.00908	0.00979	0.01180	0.00709	0.00699	0.01208	0.01827	0.02253	0.07192	0.30486	0.43065	0.02341	0.01035	0.00309	0.00454	0.02023	0.00790	0.00709
41	0.09641	0.03773	0.45659	0.02349	0.03363	0.06975	0.07251	0.02693	0.01794	0.02730	0.01466	0.01776	0.01082	0.00845	0.00909	0.00272	0.05218	0.00641	0.00389	0.01174
42	0.02399	0.02707	0.02756	0.22714	0.21631	0.28591	0.02140	0.02805	0.02062	0.02312	0.01457	0.01920	0.01181	0.00835	0.00814	0.00248	0.01263	0.00671	0.00415	0.01079
43	0.01222	0.00886	0.01237	0.01237	0.01343	0.00993	0.00900	0.01436	0.01329	0.01878	0.02399	0.04007	0.02416	0.25384	0.48112	0.01206	0.01846	0.01009	0.00474	0.00687
44	0.01039	0.00834	0.00933	0.01004	0.01215	0.00727	0.00737	0.01246	0.01848	0.02277	0.07180	0.26579	0.43017	0.02320	0.01041	0.00312	0.00473	0.05714	0.00790	0.00715
45	0.02467	0.02592	0.02087	0.02059	0.06970	0.29553	0.01450	0.14102	0.02471	0.02810	0.02719	0.18323	0.06022	0.01399	0.00880	0.00263	0.01064	0.01128	0.00623	0.01018
46	0.02051	0.16940	0.36459	0.02116	0.03025	0.13778	0.02382	0.02707	0.01909	0.02436	0.01696	0.02383	0.01435	0.00947	0.00784	0.00255	0.01196	0.05954	0.00413	0.01133
47	0.01253	0.00975	0.01214	0.01195	0.01464	0.00824	0.00850	0.01472	0.01682	0.02356	0.03893	0.46974	0.06578	0.02039	0.00947	0.00278	0.00532	0.01824	0.00705	0.22943
48	0.03196	0.03557	0.02454	0.02122	0.02633	0.47576	0.01636	0.20861	0.02886	0.03061	0.01532	0.01686	0.01201	0.00920	0.00792	0.00230	0.01356	0.00613	0.00562	0.01124
49	0.12494	0.08324	0.02537	0.06671	0.14645	0.05144	0.01661	0.19668	0.08875	0.03555	0.02039	0.07037	0.01719	0.01030	0.00792	0.00260	0.00890	0.00827	0.00626	0.01203
50	0.02310	0.02291	0.02129	0.01785	0.02257	0.22133	0.06796	0.08977	0.04579	0.02844	0.01930	0.02273	0.01557	0.01498	0.08209	0.00345	0.01167	0.00711	0.14745	0.11463
51	0.02925	0.02449	0.02383	0.01991	0.04839	0.12410	0.01531	0.41681	0.03303	0.04281	0.01929	0.02233	0.01510	0.06555	0.01105	0.00287	0.01004	0.00753	0.00720	0.06109
52	0.02336	0.02587	0.06740	0.02717	0.09951	0.16504	0.13318	0.11022	0.02174	0.02771	0.01594	0.02058	0.01310	0.01466	0.07265	0.00377	0.13459	0.00764	0.00479	0.01109

[dist]
# distance from previous block
# <min> <max>
2	36

[block]
# block no. 7 follows, 21 sequences, length 100
# corresponding to MSA columns:
# 700-799
name=unknown_H
#
# <colnr> <probs for GDERKNQSTAVLIFYWHMCP>
#	G	D	E	R	K	N	Q	S	T	A	V	L	I	F	Y	W	H	M	C	P
0	0.02574	0.09179	0.11207	0.01829	0.02454	0.24057	0.01617	0.05224	0.04831	0.11047	0.05326	0.05215	0.01908	0.00996	0.00784	0.00231	0.01062	0.00753	0.00587	0.09117
1	0.26519	0.01941	0.05234	0.01514	0.02076	0.02016	0.01296	0.25478	0.05685	0.04167	0.01918	0.02086	0.01446	0.01193	0.03854	0.00306	0.00842	0.00680	0.10609	0.01140
2	0.04604	0.10449	0.01813	0.01433	0.01776	0.01342	0.01229	0.02174	0.01944	0.12124	0.06420	0.10941	0.06777	0.02080	0.04555	0.00378	0.00813	0.27478	0.00748	0.00922
3	0.19375	0.03221	0.30419	0.02108	0.05629	0.10191	0.02142	0.08121	0.01994	0.03101	0.01643	0.05383	0.01337	0.00931	0.00758	0.00264	0.01071	0.00695	0.00480	0.01136
4	0.02907	0.02132	0.02245	0.01786	0.02415	0.05653	0.01444	0.31902	0.16472	0.12615	0.02436	0.02349	0.01750	0.01005	0.00827	0.00248	0.00850	0.00781	0.00822	0.09361
5	0.11237	0.00898	0.01050	0.01160	0.01278	0.00911	0.00804	0.01418	0.01543	0.02315	0.03748	0.42929	0.04353	0.14359	0.04512	0.00466	0.00669	0.04957	0.00691	0.00700
6	0.03067	0.18317	0.02802	0.01939	0.02471	0.43937	0.01550	0.03313	0.02265	0.10614	0.01562	0.01681	0.01232	0.00868	0.00731	0.00217	0.01288	0.00569	0.00505	0.01072
7	0.11156	0.00940	0.00944	0.00972	0.01236	0.00873	0.00717	0.01386	0.01801	0.02475	0.06700	0.21584	0.42138	0.02090	0.00960	0.00298	0.00476	0.01761	0.00755	0.00740
8	0.01781	0.11122	0.01808	0.01399	0.01719	0.19135	0.01070	0.01986	0.01952	0.02164	0.04495	0.22928	0.21772	0.01758	0.00901	0.00271	0.00816	0.01451	0.00636	0.00835
9	0.01762	0.10835	0.59733	0.02331	0.03538	0.02112	0.02980	0.02681	0.01790	0.02628	0.01494	0.01755	0.01079	0.00801	0.00783	0.00261	0.01224	0.00612	0.00360	0.01242
10	0.01478	0.00945	0.01141	0.01048	0.01345	0.00830	0.00801	0.01796	0.02226	0.11338	0.33928	0.06619	0.29677	0.01812	0.00985	0.00275	0.00457	0.01549	0.00894	0.00856
11	0.11822	0.03567	0.43660	0.02504	0.03576	0.02006	0.15701	0.02676	0.01796	0.02854	0.01524	0.01850	0.01104	0.00786	0.00813	0.00272	0.01216	0.00689	0.00398	0.01188
12	0.03052	0.03183	0.02408	0.02424	0.10881	0.43553	0.01662	0.03329	0.02331	0.13332	0.02031	0.02141	0.04063	0.00948	0.00803	0.00234	0.01273	0.00685	0.00560	0.01105
13	0.02028	0.01915	0.03104	0.14770	0.46936	0.02014	0.02401	0.02800	0.10181	0.02789	0.01838	0.02277	0.01483	0.00827	0.00847	0.00263	0.00985	0.00785	0.00474	0.01284
14	0.02189	0.02469	0.04303	0.03780	0.18279	0.10837	0.39798	0.02790	0.02047	0.02652	0.01639	0.02149	0.01278	0.00748	0.00935	0.00270	0.01349	0.00885	0.00429	0.01173
15	0.01030	0.00767	0.00960	0.01114	0.01216	0.00697	0.00758	0.01193	0.01697	0.02200	0.05554	0.56066	0.18543	0.02554	0.01069	0.00333	0.00480	0.02282	0.00790	0.00697
16	0.01879	0.01790	0.03043	0.33872	0.37914	0.01962	0.02498	0.02412	0.01830	0.02504	0.01561	0.02180	0.01251	0.00800	0.00846	0.00267	0.01067	0.00757	0.00402	0.01164
17	0.02051	0.12701	0.04530	0.03372	0.12072	0.02357	0.39670	0.02629	0.01900	0.02568	0.01574	0.02092	0.01254	0.00787	0.01056	0.00273	0.06685	0.00866	0.00414	0.01149
18	0.02017	0.03753	0.50790	0.02236	0.03335	0.01900	0.02712	0.03075	0.08502	0.10678	0.01966	0.02084	0.01371	0.00877	0.00821	0.00271	0.01128	0.00693	0.00501	0.01291
19	0.01037	0.00741	0.00987	0.01185	0.01234	0.00691	0.00790	0.01185	0.01629	0.02172	0.04690	0.69537	0.05629	0.02666	0.01086	0.00346	0.00494	0.02419	0.00790	0.00691
20	0.01739	0.00972	0.01256	0.01263	0.01497	0.00898	0.00914	0.02052	0.05028	0.17000	0.04651	0.45335	0.09659	0.02168	0.01014	0.00319	0.00551	0.01926	0.00855	0.00904
21	0.01045	0.00747	0.00995	0.01179	0.01236	0.00697	0.00791	0.01205	0.01667	0.02232	0.07538	0.66521	0.05743	0.02622	0.01082	0.00342	0.00489	0.02377	0.00797	0.00697
22	0.02039	0.01953	0.03332	0.13709	0.56825	0.02004	0.02578	0.02553	0.01906	0.02698	0.01589	0.02128	0.01319	0.00771	0.00844	0.00257	0.01028	0.00758	0.00415	0.01294
23	0.02970	0.02578	0.02383	0.01952	0.02541	0.14792	0.01561	0.37666	0.17171	0.04324	0.02227	0.02203	0.01642	0.01024	0.00839	0.00256	0.00991	0.00769	0.00776	0.01336
24	0.02989	0.02262	0.02416	0.01908	0.02546	0.02524	0.01558	0.49336	0.17011	0.04967	0.02355	0.02292	0.01700	0.01051	0.00855	0.00263	0.00879	0.00809	0.00855	0.01425
25	0.01707	0.04402	0.65683	0.02426	0.03683	0.01976	0.03144	0.02695	0.01797	0.02695	0.01527	0.01797	0.01078	0.00809	0.00809	0.00270	0.01258	0.00629	0.00359	0.01258
26	0.01411	0.01338	0.01206	0.01146	0.01435	0.09715	0.00862	0.01782	0.04814	0.02681	0.25264	0.06486	0.35122	0.01806	0.00967	0.00272	0.00581	0.01509	0.00793	0.00809
27	0.01006	0.00862	0.00862	0.00862	0.01149	0.00718	0.00647	0.01221	0.01940	0.02299	0.08621	0.08190	0.64438	0.02155	0.01006	0.00287	0.00431	0.01796	0.00790	0.00718
28	0.01894	0.04358	0.57628	0.02396	0.03549	0.10213	0.02953	0.02785	0.01875	0.02617	0.01500	0.01763	0.01080	0.00817	0.00803	0.00263	0.01293	0.00619	0.00369	0.01223
29	0.01082	0.00773	0.01039	0.01237	0.01306	0.00730	0.00868	0.01263	0.01674	0.02223	0.04665	0.61441	0.05530	0.02624	0.01098	0.00352	0.00533	0.10069	0.00789	0.00704
30	0.03182	0.03970	0.02419	0.02180	0.02631	0.63371	0.01643	0.06420	0.02494	0.02252	0.01353	0.01561	0.01114	0.00884	0.00772	0.00221	0.01504	0.00559	0.00460	0.01010
31	0.03179	0.04056	0.02412	0.02192	0.02631	0.66676	0.01644	0.03398	0.02412	0.02083	0.01315	0.01535	0.01096	0.00877	0.00767	0.00219	0.01535	0.00548	0.00438	0.00987
32	0.01721	0.00983	0.01250	0.01136	0.01440	0.00873	0.00868	0.02044	0.02243	0.16670	0.33721	0.11980	0.18202	0.01763	0.00979	0.00278	0.00487	0.01526	0.00918	0.00917
33	0.01067	0.00848	0.00958	0.00965	0.01196	0.00739	0.00711	0.01326	0.02032	0.02599	0.23967	0.15954	0.40420	0.02106	0.01016	0.00290	0.00431	0.01807	0.00832	0.00739
34	0.03187	0.03830	0.02431	0.02161	0.02632	0.58026	0.01641	0.11306	0.02626	0.02526	0.01414	0.01603	0.01144	0.00896	0.00779	0.00224	0.01454	0.00578	0.00494	0.01049
35	0.03135	0.03972	0.02455	0.02318	0.05198	0.64005	0.01684	0.03366	0.02392	0.02112	0.01327	0.01558	0.01107	0.00872	0.00770	0.00221	0.01513	0.00557	0.00438	0.01002
36	0.01037	0.00741	0.00987	0.01185	0.01234	0.00691	0.00790	0.01185	0.01629	0.02172	0.04690	0.69537	0.05629	0.02666	0.01086	0.00346	0.00494	0.02419	0.00790	0.00691
37	0.02106	0.02022	0.03454	0.05223	0.64784	0.02022	0.02612	0.02612	0.01938	0.02780	0.01601	0.02106	0.01348	0.00758	0.00842	0.00253	0.01011	0.00758	0.00421	0.01348
38	0.03027	0.16098	0.02851	0.01969	0.02549	0.31818	0.01599	0.24114	0.02849	0.03237	0.01550	0.01684	0.01221	0.00900	0.00755	0.00225	0.01203	0.00608	0.00572	0.01171
39	0.01980	0.02496	0.10788	0.03476	0.04375	0.02135	0.56127	0.02723	0.01988	0.02723	0.01703	0.02248	0.01271	0.00726	0.00986	0.00285	0.01418	0.00969	0.00424	0.01158
40	0.02106	0.02022	0.03454	0.05223	0.64784	0.02022	0.02612	0.02612	0.01938	0.02780	0.01601	0.02106	0.01348	0.00758	0.00842	0.00253	0.01011	0.00758	0.00421	0.01348
41	0.05461	0.01453	0.01521	0.01436	0.01807	0.06004	0.01152	0.02726	0.16069	0.10767	0.10226	0.05725	0.15556	0.01636	0.00954	0.00301	0.00694	0.14689	0.00815	0.01007
42	0.01020	0.00836	0.00900	0.00941	0.01173	0.00716	0.00684	0.01228	0.01889	0.02313	0.09872	0.21592	0.49384	0.02252	0.01023	0.00299	0.00444	0.01923	0.00796	0.00716
43	0.01237	0.00829	0.00947	0.00947	0.00954	0.00835	0.00539	0.01250	0.01243	0.01664	0.02664	0.05473	0.03052	0.67357	0.07010	0.00848	0.00887	0.01224	0.00513	0.00526
44	0.01189	0.00857	0.01026	0.01100	0.01215	0.00818	0.00783	0.01349	0.01616	0.02077	0.04699	0.16255	0.17349	0.29703	0.02400	0.00537	0.00681	0.15019	0.00678	0.00648
45	0.02949	0.03384	0.02470	0.02162	0.02560	0.44578	0.01679	0.12713	0.02470	0.02612	0.01398	0.01677	0.01157	0.01012	0.01149	0.00253	0.13611	0.00619	0.00494	0.01052
46	0.02545	0.01901	0.02641	0.02012	0.02608	0.01974	0.15370	0.29593	0.02879	0.07101	0.02224	0.02439	0.01635	0.00944	0.00820	0.00248	0.00901	0.00833	0.20123	0.01206
47	0.01081	0.00774	0.01031	0.01184	0.01266	0.00724	0.00820	0.01284	0.01778	0.02402	0.14869	0.55884	0.06004	0.02493	0.01076	0.00335	0.00492	0.04973	0.00815	0.00715
48	0.01726	0.02751	0.26079	0.02681	0.03529	0.01850	0.27281	0.02450	0.01792	0.02550	0.01774	0.02346	0.01398	0.01994	0.15364	0.00518	0.01556	0.00849	0.00410	0.01102
49	0.03186	0.03843	0.02430	0.02163	0.02632	0.58523	0.01641	0.10852	0.02614	0.02500	0.01408	0.01599	0.01141	0.00895	0.00778	0.00224	0.01459	0.00576	0.00491	0.01045
50	0.01707	0.04402	0.65683	0.02426	0.03683	0.01976	0.03144	0.02695	0.01797	0.02695	0.01527	0.01797	0.01078	0.00809	0.00809	0.00270	0.01258	0.00629	0.00359	0.01258
51	0.01037	0.00741	0.00987	0.01185	0.01234	0.00691	0.00790	0.01185	0.01629	0.02172	0.04690	0.69537	0.05629	0.02666	0.01086	0.00346	0.00494	0.02419	0.00790	0.00691
52	0.02066	0.19631	0.37233	0.02275	0.03261	0.11057	0.07950	0.02759	0.01884	0.02453	0.01436	0.01706	0.01103	0.00791	0.00760	0.00244	0.01230	0.00612	0.00378	0.01172
53	0.01830	0.01138	0.01451	0.01392	0.01715	0.01113	0.01137	0.02473	0.10444	0.13969	0.21025	0.06552	0.09271	0.01777	0.01018	0.00313	0.00627	0.20892	0.00885	0.00977
54	0.02765	0.01930	0.02052	0.01626	0.02170	0.02113	0.01326	0.44858	0.03370	0.04739	0.02252	0.02365	0.01656	0.01013	0.00778	0.00239	0.00783	0.00774	0.21930	0.01261
55	0.01198	0.00896	0.01146	0.01287	0.01478	0.00845	0.01044	0.01489	0.01885	0.02398	0.05718	0.21630	0.22035	0.02360	0.01109	0.00352	0.00623	0.30972	0.00787	0.00746
56	0.02417	0.02449	0.03170	0.04338	0.47072	0.14611	0.02334	0.08172	0.02218	0.02880	0.01586	0.01990	0.01308	0.00805	0.00829	0.00246	0.01106	0.00718	0.00464	0.01287
57	0.02251	0.02297	0.03313	0.04814	0.56389	0.10755	0.02481	0.02718	0.02002	0.02686	0.01562	0.02029	0.01314	0.00774	0.00832	0.00248	0.01082	0.00730	0.00424	0.01299
58	0.01707	0.04402	0.65683	0.02426	0.03683	0.01976	0.03144	0.02695	0.01797	0.02695	0.01527	0.01797	0.01078	0.00809	0.00809	0.00270	0.01258	0.00629	0.00359	0.01258
59	0.02316	0.01559	0.01752	0.01529	0.02011	0.01658	0.01202	0.03838	0.37634	0.17804	0.07281	0.03952	0.11117	0.01296	0.00890	0.00281	0.00639	0.01080	0.00903	0.01258
60	0.01707	0.04402	0.65683	0.02426	0.03683	0.01976	0.03144	0.02695	0.01797	0.02695	0.01527	0.01797	0.01078	0.00809	0.00809	0.00270	0.01258	0.00629	0.00359	0.01258
61	0.02331	0.01983	0.01973	0.01716	0.02067	0.13139	0.01363	0.15945	0.05443	0.06276	0.02080	0.02479	0.01687	0.02317	0.16459	0.00520	0.10392	0.00777	0.10003	0.01048
62	0.02962	0.02185	0.02394	0.01878	0.02488	0.02426	0.01543	0.53784	0.03645	0.04906	0.02075	0.02219	0.01539	0.01746	0.09748	0.00406	0.01118	0.00786	0.00798	0.01354
63	0.01106	0.00778	0.00994	0.01110	0.01168	0.00738	0.00728	0.01254	0.01643	0.02218	0.12277	0.46055	0.05361	0.18297	0.01833	0.00447	0.00559	0.02024	0.00746	0.00665
64	0.01247	0.00974	0.01311	0.01406	0.01515	0.01038	0.01089	0.01484	0.01732	0.02317	0.06615	0.36142	0.09595	0.02343	0.01333	0.00355	0.09758	0.18252	0.00737	0.00756
65	0.01037	0.00741	0.00987	0.01185	0.01234	0.00691	0.00790	0.01185	0.01629	0.02172	0.04690	0.69537	0.05629	0.02666	0.01086	0.00346	0.00494	0.02419	0.00790	0.00691
66	0.01934	0.01972	0.03214	0.03029	0.13950	0.02415	0.13252	0.02277	0.01551	0.02308	0.01318	0.01988	0.01192	0.01212	0.02104	0.00335	0.43715	0.00796	0.00392	0.01047
67	0.03302	0.01588	0.01960	0.01530	0.02143	0.01503	0.01255	0.17258	0.02735	0.42831	0.03761	0.03412	0.10372	0.01195	0.00875	0.00265	0.00734	0.00962	0.00971	0.01349
68	0.01968	0.02580	0.13215	0.03430	0.04344	0.02128	0.53785	0.02722	0.01980	0.02722	0.01695	0.02228	0.01262	0.00730	0.00978	0.00285	0.01411	0.00954	0.00421	0.01163
69	0.02048	0.01785	0.02009	0.10689	0.02706	0.02086	0.01484	0.04205	0.54933	0.03373	0.03200	0.03053	0.02400	0.01114	0.00864	0.00288	0.00736	0.00934	0.00800	0.01293
70	0.01840	0.01742	0.02841	0.07360	0.47908	0.01729	0.02168	0.02285	0.01927	0.02645	0.03138	0.03450	0.15191	0.01070	0.00879	0.00262	0.00890	0.00986	0.00500	0.01190
71	0.01675	0.01582	0.02675	0.59538	0.13842	0.01908	0.02397	0.02234	0.01734	0.02256	0.01525	0.02247	0.01163	0.00838	0.00850	0.00279	0.01118	0.00757	0.00384	0.01000
72	0.01037	0.00741	0.00987	0.01185	0.01234	0.00691	0.00790	0.01185	0.01629	0.02172	0.04690	0.69537	0.05629	0.02666	0.01086	0.00346	0.00494	0.02419	0.00790	0.00691
73	0.02680	0.10173	0.11047	0.01952	0.02525	0.20978	0.01735	0.03352	0.11208	0.14393	0.02014	0.02097	0.01512	0.01004	0.01036	0.00260	0.09581	0.00694	0.00592	0.01169
74	0.03328	0.03447	0.02310	0.02034	0.02524	0.51388	0.01552	0.03573	0.02417	0.16872	0.01793	0.01853	0.01332	0.00918	0.00788	0.00230	0.01345	0.00620	0.00582	0.01094
75	0.03734	0.01467	0.01972	0.01525	0.02174	0.01293	0.01256	0.04166	0.05431	0.62328	0.03363	0.02910	0.02131	0.01058	0.00856	0.00265	0.00722	0.00861	0.01044	0.01443
76	0.03179	0.04056	0.02412	0.02192	0.02631	0.66676	0.01644	0.03398	0.02412	0.02083	0.01315	0.01535	0.01096	0.00877	0.00767	0.00219	0.01535	0.00548	0.00438	0.00987
77	0.02684	0.02587	0.02459	0.05449	0.16218	0.23906	0.01745	0.11167	0.09802	0.07362	0.01993	0.02172	0.01531	0.00923	0.00804	0.00244	0.01079	0.00722	0.05965	0.01188
78	0.01290	0.01354	0.09904	0.01360	0.01610	0.01105	0.01157	0.01582	0.01381	0.01961	0.02315	0.03896	0.02316	0.27425	0.36474	0.01034	0.01644	0.00985	0.00463	0.00744
79	0.01006	0.00862	0.00862	0.00862	0.01149	0.00718	0.00647	0.01221	0.01940	0.02299	0.08621	0.08190	0.64438	0.02155	0.01006	0.00287	0.00431	0.01796	0.00790	0.00718
80	0.02210	0.06802	0.39042	0.02079	0.03056	0.01935	0.02377	0.03289	0.12881	0.14717	0.02203	0.02229	0.01545	0.00913	0.00814	0.00267	0.01034	0.00722	0.00582	0.01301
81	0.02147	0.02070	0.03162	0.13232	0.47694	0.05548	0.02421	0.05269	0.05012	0.02811	0.01683	0.02147	0.01371	0.00808	0.00841	0.00257	0.01036	0.00757	0.00457	0.01278
82	0.02009	0.02296	0.05022	0.03587	0.04448	0.02152	0.61693	0.02726	0.02009	0.02726	0.01722	0.02296	0.01291	0.00717	0.01004	0.00287	0.01435	0.01004	0.00430	0.01148
83	0.03277	0.02971	0.02484	0.02056	0.02624	0.33324	0.04808	0.16847	0.02757	0.17653	0.01980	0.02010	0.01423	0.00942	0.00820	0.00241	0.01204	0.00694	0.00676	0.01208
84	0.02246	0.02279	0.02272	0.05913	0.16917	0.18534	0.01642	0.10256	0.08040	0.02860	0.03399	0.03485	0.16195	0.01192	0.00865	0.00257	0.00976	0.00967	0.00607	0.01099
85	0.02035	0.11789	0.15705	0.03878	0.33456	0.02219	0.13587	0.02640	0.01896	0.02649	0.01553	0.01983	0.01252	0.00756	0.00826	0.00253	0.01123	0.00739	0.00403	0.01259
86	0.01017	0.00856	0.00882	0.00890	0.01160	0.00721	0.00662	0.01238	0.01946	0.02347	0.11152	0.11432	0.58465	0.02163	0.01010	0.00290	0.00433	0.01817	0.00797	0.00721
87	0.02339	0.02376	0.07897	0.04611	0.10818	0.15946	0.01664	0.13844	0.02536	0.05972	0.16409	0.03029	0.02917	0.01096	0.00850	0.00250	0.00952	0.00890	0.04491	0.01113
