[name]
unknown

[dist]
# distance from previous block
# <min> <max>
0	4

[block]
# block no. 0 follows, 22 sequences, length 71
# corresponding to MSA columns:
# 4-74
name=unknown_A
#
# <colnr> <probs for GDERKNQSTAVLIFYWHMCP>
#	G	D	E	R	K	N	Q	S	T	A	V	L	I	F	Y	W	H	M	C	P
0	0.11411	0.07453	0.08631	0.01664	0.02221	0.01737	0.05913	0.05060	0.15027	0.02947	0.03017	0.04036	0.07563	0.01250	0.00834	0.00274	0.00796	0.12574	0.00630	0.06961
1	0.02019	0.06521	0.39670	0.02323	0.06444	0.15633	0.02443	0.02852	0.06521	0.02574	0.04230	0.01984	0.01463	0.00860	0.00784	0.00250	0.01180	0.00658	0.00430	0.01159
2	0.04578	0.01569	0.06170	0.01310	0.01746	0.04750	0.01082	0.04923	0.09887	0.02651	0.04309	0.14994	0.20945	0.04204	0.00991	0.00277	0.00657	0.01273	0.00668	0.13017
3	0.02038	0.47837	0.03668	0.01522	0.02217	0.02607	0.05821	0.02352	0.01711	0.02177	0.01424	0.04731	0.01324	0.00779	0.00609	0.00181	0.00848	0.00585	0.00409	0.17160
4	0.01507	0.01233	0.01538	0.06311	0.01974	0.01175	0.01077	0.04728	0.06362	0.02563	0.02942	0.30939	0.03129	0.01562	0.00929	0.00252	0.03287	0.01357	0.00638	0.26496
5	0.05649	0.02848	0.26909	0.02874	0.12076	0.01934	0.19063	0.06010	0.02000	0.10041	0.01767	0.02046	0.01272	0.00795	0.00841	0.00264	0.01139	0.00757	0.00489	0.01226
6	0.02139	0.02411	0.03934	0.03392	0.14327	0.12423	0.34852	0.02660	0.01922	0.02486	0.01522	0.02038	0.01218	0.00829	0.01141	0.00275	0.10080	0.00836	0.00413	0.01102
7	0.02077	0.02044	0.03252	0.09651	0.57791	0.05498	0.02481	0.02559	0.01900	0.02634	0.01541	0.02038	0.01287	0.00753	0.00819	0.00247	0.01023	0.00729	0.00409	0.01268
8	0.01015	0.00811	0.00908	0.00950	0.01159	0.00705	0.00688	0.01231	0.01873	0.02352	0.14714	0.24105	0.42203	0.02183	0.01002	0.00293	0.00433	0.01881	0.00790	0.00705
9	0.26386	0.07628	0.02065	0.01911	0.10133	0.02092	0.01347	0.03369	0.30415	0.03331	0.02235	0.02246	0.01722	0.00926	0.00708	0.00260	0.00714	0.00712	0.00640	0.01159
10	0.08253	0.16333	0.02848	0.02220	0.10527	0.18428	0.01629	0.24097	0.02643	0.03366	0.01537	0.01702	0.01210	0.00856	0.00727	0.00227	0.01041	0.00613	0.00561	0.01184
11	0.01167	0.00849	0.01098	0.01036	0.01236	0.00780	0.00777	0.01550	0.02330	0.03281	0.62552	0.06288	0.10501	0.01717	0.00980	0.00262	0.00393	0.01514	0.00908	0.00780
12	0.02029	0.02178	0.02884	0.02418	0.06192	0.14726	0.21929	0.02868	0.14432	0.02753	0.10675	0.03251	0.07739	0.01065	0.00899	0.00263	0.01037	0.01004	0.00599	0.01060
13	0.01088	0.00846	0.00988	0.00953	0.01187	0.00746	0.00715	0.01397	0.02144	0.02838	0.39402	0.07018	0.33929	0.01883	0.00981	0.00270	0.00405	0.01616	0.00850	0.00746
14	0.02980	0.03755	0.02372	0.02144	0.02531	0.61267	0.01625	0.03191	0.02251	0.02030	0.01266	0.01529	0.01072	0.00913	0.00938	0.00228	0.07973	0.00553	0.00422	0.00958
15	0.01083	0.00777	0.01027	0.01109	0.01221	0.00722	0.00777	0.01334	0.01919	0.02643	0.30720	0.42632	0.06506	0.02213	0.01026	0.00305	0.00443	0.01991	0.00833	0.00722
16	0.01754	0.13394	0.53164	0.02223	0.03288	0.02163	0.02749	0.02564	0.01709	0.02491	0.01415	0.01700	0.01057	0.00828	0.00897	0.00259	0.06214	0.00599	0.00352	0.01182
17	0.76672	0.01607	0.01221	0.01092	0.01607	0.01864	0.00900	0.02442	0.01414	0.03727	0.01157	0.01350	0.00900	0.00771	0.00514	0.00257	0.00643	0.00450	0.00514	0.00900
18	0.01020	0.00795	0.00927	0.00995	0.01171	0.00702	0.00708	0.01229	0.01835	0.02343	0.14591	0.32560	0.33668	0.02248	0.01013	0.00301	0.00441	0.01962	0.00791	0.00702
19	0.02451	0.08469	0.07781	0.11404	0.19563	0.31724	0.02042	0.02844	0.02045	0.02264	0.01388	0.01743	0.01138	0.00806	0.00765	0.00232	0.01245	0.00614	0.00404	0.01079
20	0.01982	0.01898	0.03238	0.14761	0.56538	0.01954	0.02513	0.02485	0.01857	0.02624	0.01550	0.02080	0.01284	0.00754	0.00824	0.00251	0.01005	0.00740	0.00405	0.01256
21	0.01057	0.00838	0.00950	0.00936	0.01172	0.00731	0.00696	0.01332	0.02051	0.02649	0.29695	0.10658	0.40336	0.01977	0.00985	0.00276	0.00413	0.01691	0.00826	0.00731
22	0.02085	0.02408	0.11105	0.04542	0.53276	0.06823	0.02544	0.02617	0.01909	0.02653	0.01533	0.01977	0.01265	0.00755	0.00813	0.00246	0.01055	0.00709	0.00405	0.01279
23	0.21562	0.01929	0.05397	0.11016	0.37148	0.01934	0.04438	0.02481	0.01737	0.02908	0.01448	0.01883	0.01170	0.00759	0.00747	0.00255	0.00936	0.00668	0.00431	0.01151
24	0.07952	0.02815	0.19165	0.05071	0.08781	0.10129	0.01997	0.17542	0.09030	0.06815	0.01868	0.02001	0.01371	0.00893	0.00787	0.00254	0.01025	0.00689	0.00585	0.01231
25	0.02580	0.03003	0.02751	0.08749	0.26713	0.37257	0.02021	0.02928	0.02122	0.02298	0.01405	0.01768	0.01166	0.00810	0.00784	0.00232	0.01272	0.00629	0.00417	0.01093
26	0.01045	0.00749	0.00994	0.01134	0.01212	0.00697	0.00774	0.01240	0.01745	0.02366	0.16859	0.57282	0.05969	0.02419	0.01044	0.00322	0.00464	0.02188	0.00800	0.00697
27	0.02291	0.12052	0.15083	0.01898	0.02447	0.32978	0.01708	0.02647	0.01998	0.02159	0.01960	0.15126	0.01941	0.01169	0.00791	0.00243	0.01165	0.00900	0.00471	0.00972
28	0.01204	0.00822	0.00991	0.00991	0.01020	0.00851	0.00609	0.01263	0.01233	0.01674	0.02540	0.05007	0.02834	0.58035	0.16743	0.00910	0.01086	0.01145	0.00492	0.00551
29	0.00998	0.00780	0.00905	0.01005	0.01165	0.00688	0.00704	0.01174	0.01736	0.02180	0.06424	0.40311	0.34254	0.02363	0.01023	0.00310	0.00453	0.02069	0.00771	0.00688
30	0.01208	0.00805	0.00906	0.00906	0.00906	0.00805	0.00503	0.01208	0.01208	0.01611	0.02618	0.05436	0.03020	0.70804	0.04228	0.00805	0.00805	0.01208	0.00503	0.00503
31	0.02177	0.31217	0.22192	0.02011	0.05319	0.05459	0.02016	0.10297	0.01997	0.02615	0.01380	0.01619	0.01119	0.00838	0.00845	0.00232	0.06521	0.00573	0.00421	0.01152
32	0.08642	0.36412	0.30653	0.01797	0.02711	0.02579	0.02080	0.02545	0.01692	0.02402	0.01299	0.01514	0.01045	0.00750	0.00641	0.00221	0.01012	0.00517	0.00368	0.01120
33	0.00988	0.00818	0.00866	0.00904	0.01139	0.00696	0.00659	0.01185	0.01833	0.02220	0.07653	0.20368	0.53404	0.02203	0.00997	0.00292	0.00433	0.01874	0.00771	0.00696
34	0.02030	0.01947	0.03325	0.08516	0.62409	0.01967	0.02537	0.02527	0.01879	0.02682	0.01558	0.02065	0.01305	0.00745	0.00823	0.00248	0.00993	0.00740	0.00409	0.01295
35	0.01996	0.01912	0.03263	0.12980	0.58213	0.01958	0.02520	0.02497	0.01863	0.02641	0.01552	0.02076	0.01290	0.00751	0.00823	0.00250	0.01002	0.00740	0.00406	0.01267
36	0.03158	0.02327	0.02493	0.01911	0.02576	0.02576	0.01579	0.62852	0.03906	0.05236	0.01995	0.01995	0.01413	0.00997	0.00831	0.00249	0.00914	0.00748	0.00831	0.01413
37	0.02668	0.02638	0.08187	0.02782	0.19722	0.20372	0.01887	0.06527	0.10211	0.13783	0.02033	0.02137	0.01514	0.00891	0.00804	0.00245	0.01058	0.00714	0.00596	0.01231
38	0.02834	0.03318	0.02235	0.02012	0.02462	0.47496	0.01528	0.06183	0.18630	0.02550	0.01865	0.01940	0.01470	0.00933	0.00778	0.00233	0.01252	0.00650	0.00555	0.01075
39	0.01102	0.00828	0.01021	0.01010	0.01206	0.00747	0.00743	0.01412	0.02122	0.02876	0.41801	0.16213	0.22003	0.01936	0.00992	0.00277	0.00413	0.01694	0.00857	0.00747
40	0.01738	0.12919	0.58503	0.02246	0.03407	0.02104	0.02857	0.02612	0.01745	0.02544	0.01448	0.01700	0.01054	0.00779	0.00756	0.00252	0.01184	0.00592	0.00351	0.01207
41	0.05640	0.43908	0.23806	0.01791	0.02661	0.02740	0.04493	0.02538	0.01707	0.02283	0.01283	0.01504	0.01062	0.00738	0.00632	0.00213	0.01005	0.00521	0.00364	0.01111
42	0.01045	0.00748	0.00993	0.01135	0.01212	0.00696	0.00774	0.01238	0.01742	0.02361	0.16622	0.57533	0.05960	0.02423	0.01044	0.00322	0.00464	0.02191	0.00800	0.00696
43	0.01144	0.00778	0.00925	0.00988	0.01004	0.00763	0.00591	0.01191	0.01333	0.01777	0.03258	0.26597	0.03828	0.48541	0.03194	0.00653	0.00700	0.01585	0.00591	0.00559
44	0.01213	0.00910	0.01241	0.01279	0.01330	0.01012	0.00913	0.01333	0.01401	0.01936	0.03121	0.32915	0.03559	0.13946	0.15141	0.06196	0.09750	0.01556	0.00581	0.00668
45	0.02376	0.02989	0.07495	0.15530	0.03459	0.32548	0.10157	0.02774	0.01982	0.02176	0.01367	0.01800	0.01105	0.00901	0.01050	0.00258	0.09977	0.00666	0.00401	0.00989
46	0.01004	0.00842	0.00873	0.00865	0.01136	0.00711	0.00649	0.01236	0.01947	0.02371	0.15021	0.07787	0.58601	0.02057	0.00982	0.00278	0.00417	0.01724	0.00788	0.00711
47	0.02810	0.02260	0.02526	0.02737	0.20228	0.13351	0.01752	0.16276	0.10512	0.15855	0.02182	0.02233	0.01598	0.00923	0.00817	0.00248	0.00962	0.00751	0.00683	0.01295
48	0.02090	0.02058	0.03431	0.14202	0.36798	0.04671	0.14333	0.07223	0.02045	0.02781	0.01595	0.02090	0.01270	0.00771	0.00853	0.00257	0.01103	0.00780	0.00440	0.01210
49	0.01549	0.00774	0.00774	0.00774	0.00968	0.00774	0.00581	0.01936	0.01742	0.03097	0.02710	0.03097	0.02129	0.00968	0.00581	0.00194	0.00387	0.00774	0.75416	0.00774
50	0.03103	0.03959	0.02354	0.02140	0.02568	0.67469	0.01605	0.03317	0.02354	0.02033	0.01284	0.01498	0.01070	0.00856	0.00749	0.00214	0.01498	0.00535	0.00428	0.00963
51	0.06103	0.06461	0.40094	0.02153	0.03054	0.19807	0.02396	0.02749	0.01877	0.02469	0.01438	0.01716	0.01097	0.01056	0.03847	0.00296	0.01303	0.00590	0.00385	0.01109
52	0.01995	0.01922	0.03354	0.04695	0.55551	0.01909	0.07689	0.02498	0.01899	0.02693	0.01783	0.02614	0.01568	0.00852	0.00860	0.00260	0.01006	0.05156	0.00438	0.01258
53	0.01008	0.00850	0.00878	0.00893	0.01167	0.00720	0.00684	0.01231	0.01895	0.02262	0.08118	0.08097	0.60801	0.02118	0.00994	0.00288	0.00446	0.06073	0.00771	0.00706
54	0.01723	0.04941	0.02324	0.02233	0.11986	0.07916	0.05974	0.02030	0.01822	0.02378	0.10507	0.03884	0.17925	0.01386	0.01371	0.00284	0.18773	0.01063	0.00547	0.00935
55	0.12025	0.05218	0.02326	0.21994	0.03356	0.22864	0.01699	0.12331	0.05577	0.02862	0.01547	0.01854	0.01193	0.00869	0.00753	0.00246	0.01108	0.00637	0.00505	0.01037
56	0.01012	0.00723	0.00964	0.01157	0.01205	0.00675	0.00771	0.01157	0.01591	0.02121	0.04579	0.70262	0.05495	0.02603	0.01060	0.00337	0.00482	0.02362	0.00771	0.00675
57	0.03106	0.03871	0.02362	0.02128	0.02569	0.63968	0.01604	0.06529	0.02438	0.02206	0.01322	0.01525	0.01089	0.00864	0.00753	0.00216	0.01467	0.00547	0.00450	0.00987
58	0.01003	0.00827	0.00881	0.00900	0.01143	0.00705	0.00663	0.01220	0.01895	0.02323	0.12881	0.15851	0.52573	0.02133	0.00992	0.00286	0.00426	0.01810	0.00784	0.00705
59	0.01208	0.00805	0.00906	0.00906	0.00906	0.00805	0.00503	0.01208	0.01208	0.01611	0.02618	0.05436	0.03020	0.70804	0.04228	0.00805	0.00805	0.01208	0.00503	0.00503
60	0.02459	0.34004	0.21301	0.01704	0.02543	0.02361	0.01835	0.02938	0.01888	0.19004	0.01807	0.01844	0.01322	0.00816	0.00685	0.00223	0.00937	0.00595	0.00531	0.01203
61	0.46390	0.11646	0.16749	0.01464	0.02175	0.02099	0.01498	0.04919	0.01629	0.03296	0.01267	0.01466	0.00978	0.00776	0.00593	0.00247	0.00822	0.00499	0.00468	0.01018
62	0.02103	0.24914	0.07226	0.01400	0.01904	0.01855	0.01273	0.02411	0.01741	0.15442	0.05458	0.02849	0.02087	0.10952	0.14424	0.00516	0.01104	0.00782	0.00562	0.00999
63	0.01723	0.01477	0.01723	0.01230	0.01969	0.01107	0.00984	0.02092	0.01723	0.02707	0.01477	0.01723	0.01230	0.00615	0.00615	0.00123	0.00615	0.00492	0.00492	0.75883
64	0.01236	0.07741	0.01350	0.01076	0.01343	0.01068	0.00825	0.01640	0.06533	0.02543	0.20209	0.19553	0.28069	0.01902	0.00944	0.00278	0.00490	0.01632	0.00771	0.00797
65	0.01103	0.00846	0.01010	0.00969	0.01197	0.00753	0.00727	0.01427	0.02180	0.02924	0.43921	0.06876	0.29356	0.01850	0.00981	0.00268	0.00403	0.01596	0.00861	0.00753
66	0.02374	0.02567	0.03003	0.04063	0.43927	0.21809	0.02213	0.02859	0.04584	0.02539	0.01553	0.01930	0.01292	0.00791	0.00801	0.00238	0.01128	0.00686	0.00434	0.01209
67	0.01012	0.00723	0.00964	0.01157	0.01205	0.00675	0.00771	0.01157	0.01591	0.02121	0.04579	0.70262	0.05495	0.02603	0.01060	0.00337	0.00482	0.02362	0.00771	0.00675
68	0.02304	0.02309	0.02628	0.29105	0.15895	0.17544	0.02060	0.13117	0.02262	0.02760	0.01538	0.01976	0.01192	0.00848	0.00810	0.00251	0.01143	0.00692	0.00472	0.01093
69	0.02888	0.02541	0.02579	0.07314	0.10920	0.15277	0.01763	0.38828	0.03174	0.04048	0.01760	0.01921	0.01310	0.00924	0.00814	0.00244	0.01053	0.00704	0.00663	0.01275
70	0.01294	0.03772	0.01240	0.01149	0.01323	0.01013	0.00817	0.04388	0.06415	0.02477	0.13855	0.31751	0.11296	0.13527	0.01520	0.00383	0.00565	0.01711	0.00741	0.00764

[dist]
# distance from previous block
# <min> <max>
0	2

[block]
# block no. 1 follows, 22 sequences, length 93
# corresponding to MSA columns:
# 77-169
name=unknown_B
#
# <colnr> <probs for GDERKNQSTAVLIFYWHMCP>
#	G	D	E	R	K	N	Q	S	T	A	V	L	I	F	Y	W	H	M	C	P
0	0.06473	0.18907	0.15660	0.01971	0.02628	0.36532	0.01822	0.02948	0.02036	0.02225	0.01290	0.01505	0.01057	0.00806	0.00697	0.00218	0.01263	0.00526	0.00401	0.01036
1	0.02313	0.11638	0.02532	0.05602	0.08318	0.04718	0.01560	0.15321	0.32227	0.03415	0.02452	0.02434	0.01868	0.00982	0.00793	0.00255	0.00825	0.00789	0.00694	0.01266
2	0.02280	0.40768	0.03653	0.01830	0.02350	0.14538	0.05141	0.02545	0.01737	0.02019	0.01196	0.01516	0.01083	0.00890	0.01053	0.00229	0.15228	0.00551	0.00374	0.01018
3	0.01076	0.00845	0.00972	0.00940	0.01180	0.00741	0.00705	0.01374	0.02115	0.02771	0.35899	0.07129	0.37474	0.01908	0.00981	0.00271	0.00407	0.01632	0.00841	0.00741
4	0.01469	0.02125	0.21405	0.01717	0.02300	0.01405	0.04838	0.02308	0.12460	0.02598	0.04007	0.16024	0.15005	0.01567	0.00930	0.00295	0.00805	0.07115	0.00636	0.00991
5	0.01116	0.00847	0.01027	0.00982	0.01204	0.00758	0.00737	0.01451	0.02210	0.02995	0.47601	0.06760	0.25632	0.01824	0.00980	0.00267	0.00401	0.01580	0.00870	0.00758
6	0.02323	0.39003	0.03717	0.02645	0.21199	0.13914	0.01790	0.02649	0.01863	0.02195	0.01299	0.01577	0.01142	0.00744	0.00657	0.00205	0.01023	0.00548	0.00385	0.01123
7	0.01190	0.00878	0.01274	0.01274	0.01401	0.01005	0.00962	0.01444	0.01317	0.01883	0.02281	0.03574	0.02212	0.15450	0.58477	0.01259	0.02022	0.00935	0.00453	0.00708
8	0.01861	0.01579	0.01725	0.04189	0.07836	0.05245	0.01245	0.05081	0.24734	0.06599	0.04746	0.04552	0.24386	0.01400	0.00884	0.00271	0.00681	0.01165	0.00748	0.01073
9	0.01097	0.00766	0.00931	0.01027	0.01068	0.00734	0.00644	0.01182	0.01439	0.01903	0.03939	0.37889	0.07955	0.32738	0.02457	0.00541	0.00621	0.01815	0.00653	0.00601
10	0.02013	0.01978	0.03142	0.17723	0.50302	0.05381	0.02451	0.02504	0.01870	0.02560	0.01531	0.02059	0.01261	0.00764	0.00820	0.00251	0.01038	0.00729	0.00404	0.01219
11	0.01666	0.04297	0.66500	0.02368	0.03596	0.01929	0.03069	0.02631	0.01754	0.02631	0.01491	0.01754	0.01052	0.00789	0.00789	0.00263	0.01228	0.00614	0.00351	0.01228
12	0.01828	0.01830	0.03376	0.31539	0.25377	0.01951	0.17165	0.02397	0.01811	0.02452	0.01555	0.02168	0.01215	0.00768	0.00865	0.00268	0.01139	0.00798	0.00396	0.01102
13	0.02241	0.02092	0.02979	0.07451	0.43133	0.05952	0.02211	0.10848	0.09207	0.03066	0.01805	0.02141	0.01441	0.00830	0.00822	0.00251	0.00977	0.00751	0.00515	0.01287
14	0.02886	0.03547	0.02566	0.02755	0.15659	0.53871	0.01801	0.03158	0.02258	0.02175	0.01342	0.01614	0.01121	0.00832	0.00764	0.00221	0.01392	0.00578	0.00425	0.01036
15	0.03037	0.09171	0.02519	0.02071	0.02534	0.58910	0.01589	0.06470	0.02386	0.02200	0.01312	0.01512	0.01088	0.00852	0.00736	0.00213	0.01419	0.00539	0.00444	0.00995
16	0.01187	0.00890	0.01335	0.01335	0.01483	0.01038	0.01038	0.01483	0.01335	0.01928	0.02225	0.03264	0.02077	0.06231	0.67512	0.01335	0.02225	0.00890	0.00445	0.00742
17	0.01508	0.00959	0.01264	0.01278	0.01534	0.00897	0.01055	0.01861	0.02095	0.09905	0.23230	0.07475	0.14179	0.01944	0.01037	0.00317	0.00596	0.27192	0.00841	0.00835
18	0.01013	0.00843	0.00884	0.00874	0.01141	0.00714	0.00655	0.01252	0.01966	0.02416	0.17406	0.07712	0.56187	0.02040	0.00982	0.00277	0.00416	0.01714	0.00794	0.00714
19	0.76672	0.01607	0.01221	0.01092	0.01607	0.01864	0.00900	0.02442	0.01414	0.03727	0.01157	0.01350	0.00900	0.00771	0.00514	0.00257	0.00643	0.00450	0.00514	0.00900
20	0.02066	0.01785	0.01878	0.01691	0.02160	0.02066	0.01315	0.04414	0.64121	0.03475	0.03381	0.03099	0.02536	0.01127	0.00845	0.00282	0.00657	0.00939	0.00845	0.01315
21	0.03103	0.03959	0.02354	0.02140	0.02568	0.67469	0.01605	0.03317	0.02354	0.02033	0.01284	0.01498	0.01070	0.00856	0.00749	0.00214	0.01498	0.00535	0.00428	0.00963
22	0.01131	0.00847	0.01048	0.00998	0.01214	0.00765	0.00749	0.01481	0.02246	0.03080	0.52054	0.06619	0.21125	0.01792	0.00980	0.00266	0.00399	0.01560	0.00881	0.00765
23	0.03103	0.03959	0.02354	0.02140	0.02568	0.67469	0.01605	0.03317	0.02354	0.02033	0.01284	0.01498	0.01070	0.00856	0.00749	0.00214	0.01498	0.00535	0.00428	0.00963
24	0.03103	0.03959	0.02354	0.02140	0.02568	0.67469	0.01605	0.03317	0.02354	0.02033	0.01284	0.01498	0.01070	0.00856	0.00749	0.00214	0.01498	0.00535	0.00428	0.00963
25	0.01624	0.01532	0.02591	0.61657	0.12445	0.01860	0.02334	0.02170	0.01687	0.02189	0.01486	0.02197	0.01131	0.00820	0.00830	0.00273	0.01094	0.00738	0.00374	0.00967
26	0.76672	0.01607	0.01221	0.01092	0.01607	0.01864	0.00900	0.02442	0.01414	0.03727	0.01157	0.01350	0.00900	0.00771	0.00514	0.00257	0.00643	0.00450	0.00514	0.00900
27	0.01666	0.04297	0.66500	0.02368	0.03596	0.01929	0.03069	0.02631	0.01754	0.02631	0.01491	0.01754	0.01052	0.00789	0.00789	0.00263	0.01228	0.00614	0.00351	0.01228
28	0.01061	0.00845	0.00951	0.00925	0.01171	0.00735	0.00693	0.01345	0.02080	0.02687	0.31546	0.07266	0.41878	0.01939	0.00981	0.00273	0.00409	0.01651	0.00830	0.00735
29	0.02174	0.01743	0.01865	0.01653	0.02120	0.01983	0.01285	0.06859	0.54967	0.07166	0.03279	0.03139	0.02479	0.04245	0.00996	0.00302	0.00678	0.00937	0.00840	0.01289
30	0.23073	0.01435	0.01696	0.01352	0.01937	0.01369	0.01112	0.03487	0.02119	0.46167	0.06007	0.02613	0.02055	0.00995	0.00757	0.00257	0.00673	0.00768	0.00885	0.01243
31	0.02166	0.64702	0.10477	0.01515	0.02276	0.03153	0.01584	0.02502	0.01694	0.02021	0.01188	0.01374	0.01065	0.00718	0.00558	0.00186	0.00922	0.00461	0.00355	0.01082
32	0.01090	0.00791	0.00906	0.00963	0.01052	0.00739	0.00617	0.01189	0.01504	0.01930	0.04743	0.25290	0.20348	0.32323	0.02426	0.00527	0.00607	0.01695	0.00654	0.00607
33	0.01696	0.07864	0.63192	0.02317	0.03518	0.02002	0.02982	0.02623	0.01750	0.02595	0.01473	0.01731	0.01053	0.00785	0.00776	0.00259	0.01210	0.00605	0.00351	0.01219
34	0.01113	0.00878	0.01024	0.01076	0.01320	0.00789	0.00867	0.01395	0.01947	0.02431	0.13024	0.08238	0.40568	0.02121	0.01033	0.00310	0.00525	0.19827	0.00784	0.00730
35	0.03036	0.03547	0.02390	0.02103	0.02547	0.52271	0.01613	0.13641	0.02561	0.02591	0.01397	0.01604	0.01131	0.00916	0.00881	0.00229	0.05426	0.00584	0.00495	0.01038
36	0.01083	0.00830	0.01004	0.01070	0.01259	0.00750	0.00806	0.01340	0.01910	0.02470	0.18341	0.24134	0.28763	0.02181	0.01027	0.00307	0.00483	0.10721	0.00799	0.00721
37	0.01723	0.01477	0.01723	0.01230	0.01969	0.01107	0.00984	0.02092	0.01723	0.02707	0.01477	0.01723	0.01230	0.00615	0.00615	0.00123	0.00615	0.00492	0.00492	0.75883
38	0.01187	0.00890	0.01335	0.01335	0.01483	0.01038	0.01038	0.01483	0.01335	0.01928	0.02225	0.03264	0.02077	0.06231	0.67512	0.01335	0.02225	0.00890	0.00445	0.00742
39	0.01016	0.00825	0.00901	0.00919	0.01152	0.00710	0.00675	0.01244	0.01919	0.02392	0.16516	0.16846	0.47758	0.02115	0.00993	0.00286	0.00425	0.01804	0.00793	0.00710
40	0.01128	0.00772	0.00930	0.01009	0.01028	0.00752	0.00613	0.01187	0.01365	0.01819	0.03420	0.31954	0.04032	0.42905	0.02932	0.00614	0.00673	0.01680	0.00613	0.00573
41	0.02070	0.02042	0.03225	0.11202	0.56005	0.05820	0.02470	0.02553	0.01896	0.02616	0.01538	0.02039	0.01281	0.00756	0.00819	0.00248	0.01029	0.00728	0.00408	0.01256
42	0.02174	0.01838	0.01939	0.01712	0.02201	0.02117	0.01341	0.10186	0.58174	0.03649	0.03244	0.02990	0.02425	0.01114	0.00844	0.00279	0.00683	0.00920	0.00844	0.01325
43	0.01005	0.00842	0.00873	0.00866	0.01136	0.00711	0.00649	0.01237	0.01948	0.02373	0.15116	0.07784	0.58505	0.02056	0.00982	0.00278	0.00417	0.01724	0.00788	0.00711
44	0.03056	0.03860	0.02332	0.02120	0.02550	0.64472	0.01592	0.03368	0.05185	0.02099	0.01380	0.01572	0.01137	0.00868	0.00753	0.00217	0.01460	0.00554	0.00447	0.00979
45	0.06126	0.02089	0.02208	0.01735	0.02329	0.02313	0.01422	0.49931	0.07102	0.04826	0.02120	0.02155	0.01537	0.00992	0.00790	0.00245	0.00828	0.00749	0.09190	0.01313
46	0.01183	0.00849	0.00960	0.00954	0.01166	0.00751	0.00681	0.01385	0.01839	0.05416	0.15085	0.15361	0.36300	0.12577	0.01482	0.00364	0.00498	0.01669	0.00764	0.00714
47	0.01754	0.03682	0.48074	0.02707	0.03819	0.01981	0.20878	0.02640	0.01816	0.02640	0.01548	0.01900	0.01115	0.00763	0.00846	0.00268	0.01279	0.00724	0.00372	0.01196
48	0.01060	0.00743	0.00950	0.01096	0.01132	0.00707	0.00706	0.01169	0.01497	0.01996	0.04101	0.54464	0.04892	0.19224	0.01832	0.00451	0.00561	0.02081	0.00706	0.00633
49	0.02056	0.01974	0.03372	0.05099	0.65622	0.01974	0.02550	0.02550	0.01892	0.02714	0.01563	0.02056	0.01316	0.00740	0.00822	0.00247	0.00987	0.00740	0.00411	0.01316
50	0.09979	0.01485	0.01901	0.01471	0.02103	0.01357	0.01215	0.07406	0.02386	0.57191	0.03018	0.02651	0.01918	0.01004	0.00807	0.00257	0.00714	0.00797	0.00972	0.01369
51	0.03103	0.03959	0.02354	0.02140	0.02568	0.67469	0.01605	0.03317	0.02354	0.02033	0.01284	0.01498	0.01070	0.00856	0.00749	0.00214	0.01498	0.00535	0.00428	0.00963
52	0.01035	0.00844	0.00916	0.00898	0.01155	0.00724	0.00673	0.01296	0.02020	0.02544	0.24063	0.07502	0.49451	0.01992	0.00981	0.00275	0.00413	0.01684	0.00811	0.00724
53	0.03076	0.02338	0.02402	0.01868	0.02497	0.05943	0.01532	0.56705	0.03718	0.04961	0.01992	0.02022	0.01430	0.00988	0.00814	0.00245	0.00919	0.00738	0.04455	0.01358
54	0.03158	0.02327	0.02493	0.01911	0.02576	0.02576	0.01579	0.62852	0.03906	0.05236	0.01995	0.01995	0.01413	0.00997	0.00831	0.00249	0.00914	0.00748	0.00831	0.01413
55	0.01061	0.00758	0.00935	0.01054	0.01116	0.00713	0.00684	0.01174	0.01522	0.01998	0.04484	0.45919	0.11543	0.20804	0.01900	0.00456	0.00562	0.01985	0.00700	0.00632
56	0.01283	0.00960	0.01392	0.01363	0.01537	0.01114	0.01065	0.04483	0.01461	0.02090	0.02214	0.03202	0.02044	0.05975	0.64253	0.01282	0.02161	0.00883	0.00464	0.00775
57	0.02189	0.01845	0.01947	0.01715	0.02207	0.02124	0.01345	0.10974	0.57363	0.03673	0.03226	0.02975	0.02410	0.01113	0.00844	0.00278	0.00686	0.00918	0.00844	0.01326
58	0.03103	0.03959	0.02354	0.02140	0.02568	0.67469	0.01605	0.03317	0.02354	0.02033	0.01284	0.01498	0.01070	0.00856	0.00749	0.00214	0.01498	0.00535	0.00428	0.00963
59	0.03103	0.03959	0.02354	0.02140	0.02568	0.67469	0.01605	0.03317	0.02354	0.02033	0.01284	0.01498	0.01070	0.00856	0.00749	0.00214	0.01498	0.00535	0.00428	0.00963
60	0.01148	0.00795	0.00909	0.00943	0.00983	0.00771	0.00565	0.01197	0.01352	0.01771	0.03613	0.17116	0.10444	0.51107	0.03307	0.00664	0.00705	0.01472	0.00581	0.00556
61	0.14625	0.01878	0.02089	0.01625	0.02259	0.01964	0.01342	0.31790	0.02957	0.27618	0.02342	0.02205	0.01573	0.00974	0.00784	0.00253	0.00796	0.00735	0.00856	0.01335
62	0.01076	0.00807	0.00925	0.00980	0.01117	0.00737	0.00671	0.01229	0.01657	0.02110	0.08727	0.23295	0.27605	0.20653	0.01880	0.00439	0.00553	0.04185	0.00707	0.00648
63	0.01569	0.01477	0.02492	0.68808	0.05722	0.01846	0.02307	0.02123	0.01661	0.02123	0.01477	0.02215	0.01107	0.00831	0.00831	0.00277	0.01107	0.00738	0.00369	0.00923
64	0.01187	0.00801	0.00931	0.00951	0.00963	0.00802	0.00555	0.01215	0.01253	0.01677	0.02802	0.12012	0.03233	0.60899	0.06729	0.00781	0.00836	0.01313	0.00528	0.00532
65	0.01080	0.00813	0.00999	0.01022	0.01200	0.00732	0.00740	0.01356	0.02022	0.02713	0.33596	0.24217	0.22370	0.02053	0.01002	0.00287	0.00424	0.01804	0.00837	0.00732
66	0.04015	0.00998	0.01124	0.01120	0.01306	0.00993	0.00809	0.07716	0.01821	0.02457	0.04362	0.19302	0.16883	0.21864	0.01907	0.00448	0.00641	0.08077	0.03428	0.00729
67	0.01723	0.01477	0.01723	0.01230	0.01969	0.01107	0.00984	0.02092	0.01723	0.02707	0.01477	0.01723	0.01230	0.00615	0.00615	0.00123	0.00615	0.00492	0.00492	0.75883
68	0.01481	0.01377	0.02436	0.02020	0.02325	0.01538	0.17031	0.01864	0.01487	0.02128	0.01915	0.02784	0.01719	0.04090	0.40665	0.00918	0.12043	0.00889	0.00426	0.00864
69	0.01014	0.00797	0.00917	0.00984	0.01166	0.00700	0.00701	0.01219	0.01827	0.02313	0.12995	0.31583	0.36335	0.02251	0.01012	0.00300	0.00441	0.01959	0.00787	0.00700
70	0.02103	0.01924	0.02306	0.02679	0.21121	0.09163	0.01666	0.12241	0.11666	0.02955	0.02345	0.02692	0.04596	0.02173	0.16097	0.00500	0.01240	0.00830	0.00571	0.01132
71	0.01916	0.01857	0.02109	0.02533	0.20103	0.14150	0.01523	0.05415	0.01809	0.02301	0.01906	0.02867	0.01784	0.14019	0.21393	0.00660	0.01423	0.00824	0.00463	0.00946
72	0.01128	0.00819	0.01083	0.01316	0.04971	0.00779	0.00817	0.01285	0.01569	0.02123	0.04201	0.49329	0.07876	0.13506	0.01537	0.00399	0.00557	0.01974	0.04041	0.00691
73	0.02621	0.01792	0.02608	0.03305	0.34099	0.04566	0.01877	0.03106	0.04801	0.24781	0.02634	0.02698	0.05419	0.00944	0.00834	0.00252	0.00864	0.00833	0.00667	0.01298
74	0.11185	0.17142	0.02626	0.01879	0.02373	0.47291	0.01489	0.03053	0.02116	0.02208	0.01244	0.01448	0.01050	0.00818	0.00680	0.00212	0.01280	0.00507	0.00423	0.00977
75	0.05256	0.00846	0.01051	0.01057	0.01139	0.00882	0.00713	0.01359	0.01350	0.01974	0.06131	0.09939	0.02919	0.29595	0.16199	0.12990	0.01002	0.01123	0.03882	0.00594
76	0.02343	0.02557	0.02968	0.10060	0.40102	0.22710	0.02228	0.02753	0.02017	0.02444	0.01466	0.01894	0.01219	0.00785	0.00800	0.00239	0.01160	0.00675	0.00413	0.01168
77	0.01049	0.00757	0.00950	0.01076	0.01151	0.00705	0.00714	0.01193	0.01609	0.02126	0.08273	0.49341	0.11956	0.13181	0.01543	0.00400	0.00520	0.02062	0.00738	0.00657
78	0.00991	0.00842	0.00854	0.00851	0.01127	0.00705	0.00638	0.01209	0.01914	0.02293	0.10966	0.07915	0.62704	0.02086	0.00982	0.00280	0.00419	0.01742	0.00778	0.00705
79	0.01095	0.00777	0.00921	0.01000	0.01060	0.00737	0.00632	0.01185	0.01463	0.01911	0.04251	0.32432	0.12927	0.32978	0.02463	0.00538	0.00618	0.01760	0.00652	0.00602
80	0.01666	0.04297	0.66500	0.02368	0.03596	0.01929	0.03069	0.02631	0.01754	0.02631	0.01491	0.01754	0.01052	0.00789	0.00789	0.00263	0.01228	0.00614	0.00351	0.01228
81	0.24757	0.02032	0.01828	0.01582	0.02099	0.09371	0.01256	0.12201	0.25980	0.07374	0.02272	0.02219	0.01690	0.00965	0.00733	0.00261	0.00788	0.00713	0.00708	0.01171
82	0.02658	0.06963	0.02251	0.01934	0.02319	0.50207	0.01478	0.02892	0.02107	0.02007	0.01473	0.01856	0.01279	0.01964	0.14599	0.00445	0.01616	0.00604	0.00428	0.00923
83	0.01013	0.00786	0.00924	0.01009	0.01172	0.00696	0.00711	0.01209	0.01790	0.02282	0.11623	0.37438	0.31769	0.02305	0.01019	0.00306	0.00447	0.02020	0.00784	0.00696
84	0.03158	0.02327	0.02493	0.01911	0.02576	0.02576	0.01579	0.62852	0.03906	0.05236	0.01995	0.01995	0.01413	0.00997	0.00831	0.00249	0.00914	0.00748	0.00831	0.01413
85	0.03147	0.02262	0.02291	0.01823	0.02434	0.09603	0.01478	0.37327	0.10171	0.17331	0.02336	0.02235	0.01634	0.01002	0.00824	0.00251	0.00909	0.00763	0.00828	0.01351
86	0.01083	0.00820	0.00941	0.00951	0.01119	0.00740	0.00663	0.01287	0.01827	0.02375	0.21289	0.15641	0.29280	0.16332	0.01666	0.00392	0.00502	0.01660	0.00753	0.00678
87	0.03120	0.03471	0.02396	0.02072	0.02571	0.48058	0.01597	0.21126	0.02818	0.02991	0.01497	0.01647	0.01173	0.00898	0.00774	0.00225	0.01323	0.00599	0.00549	0.01098
88	0.03103	0.03959	0.02354	0.02140	0.02568	0.67469	0.01605	0.03317	0.02354	0.02033	0.01284	0.01498	0.01070	0.00856	0.00749	0.00214	0.01498	0.00535	0.00428	0.00963
89	0.01598	0.01377	0.01430	0.01324	0.01712	0.01476	0.01019	0.03022	0.37224	0.02943	0.05557	0.05216	0.29659	0.01549	0.00904	0.00281	0.00555	0.01291	0.00813	0.01050
90	0.01995	0.02052	0.03828	0.04199	0.36528	0.02083	0.24002	0.02528	0.01847	0.02615	0.01552	0.02096	0.01271	0.00806	0.01093	0.00272	0.08801	0.00825	0.00409	0.01200
91	0.01797	0.05410	0.01802	0.01421	0.01674	0.01603	0.04384	0.05615	0.05223	0.02879	0.02162	0.02570	0.01747	0.01068	0.01155	0.00247	0.17437	0.00762	0.40136	0.00909
92	0.40231	0.01692	0.01599	0.01328	0.01870	0.01852	0.01088	0.18692	0.02245	0.11005	0.02435	0.02435	0.08394	0.01010	0.00688	0.00258	0.00698	0.00720	0.00686	0.01073

[dist]
# distance from previous block
# <min> <max>
0	1

[block]
# block no. 2 follows, 22 sequences, length 68
# corresponding to MSA columns:
# 171-238
name=unknown_C
#
# <colnr> <probs for GDERKNQSTAVLIFYWHMCP>
#	G	D	E	R	K	N	Q	S	T	A	V	L	I	F	Y	W	H	M	C	P
0	0.01187	0.00890	0.01335	0.01335	0.01483	0.01038	0.01038	0.01483	0.01335	0.01928	0.02225	0.03264	0.02077	0.06231	0.67512	0.01335	0.02225	0.00890	0.00445	0.00742
1	0.01688	0.01308	0.01449	0.01347	0.01680	0.01354	0.01040	0.16356	0.11188	0.03118	0.04908	0.21765	0.21638	0.01841	0.00958	0.00295	0.00612	0.05703	0.00796	0.00956
2	0.01186	0.00934	0.01088	0.01074	0.01327	0.00873	0.00834	0.01655	0.06979	0.02776	0.28543	0.07125	0.31108	0.01901	0.00992	0.00287	0.00474	0.09225	0.00829	0.00789
3	0.01915	0.01826	0.03041	0.04542	0.57179	0.01807	0.02298	0.02372	0.01892	0.02653	0.02460	0.02834	0.09690	0.00919	0.00843	0.00251	0.00913	0.00873	0.00458	0.01235
4	0.05489	0.01769	0.01874	0.01643	0.02124	0.01991	0.01311	0.17119	0.38505	0.03722	0.03397	0.03605	0.06718	0.01242	0.00861	0.00281	0.00707	0.05596	0.00816	0.01233
5	0.02935	0.03679	0.02379	0.02146	0.02518	0.58970	0.01633	0.03145	0.02213	0.02029	0.01259	0.01540	0.01073	0.00934	0.01008	0.00234	0.10372	0.00560	0.00420	0.00956
6	0.03188	0.02279	0.02464	0.01889	0.02553	0.02506	0.01560	0.59788	0.03826	0.08412	0.02061	0.02038	0.01446	0.00999	0.00831	0.00250	0.00903	0.00753	0.00841	0.01413
7	0.01057	0.00773	0.00964	0.01061	0.01167	0.00712	0.00723	0.01240	0.01733	0.02300	0.15655	0.42326	0.15121	0.09507	0.01366	0.00364	0.00490	0.01993	0.00768	0.00680
8	0.02007	0.01924	0.03284	0.11491	0.59612	0.01961	0.02525	0.02507	0.01868	0.02655	0.01554	0.02072	0.01295	0.00749	0.00823	0.00250	0.00999	0.00740	0.00407	0.01276
9	0.02219	0.01794	0.01915	0.01691	0.02181	0.02048	0.01324	0.07631	0.57362	0.07050	0.03299	0.03023	0.02447	0.01114	0.00844	0.00279	0.00674	0.00923	0.00855	0.01326
10	0.01641	0.01449	0.01419	0.01335	0.01533	0.11085	0.00972	0.07052	0.01714	0.02157	0.02629	0.03915	0.06669	0.25247	0.26676	0.00827	0.01419	0.00987	0.00518	0.00755
11	0.01008	0.00738	0.00948	0.01115	0.01194	0.00678	0.00753	0.01161	0.01630	0.02137	0.05081	0.62111	0.13322	0.02537	0.01050	0.00330	0.00474	0.02282	0.00771	0.00678
12	0.01222	0.00994	0.01552	0.01391	0.01631	0.00921	0.08867	0.01574	0.02057	0.02841	0.36625	0.24606	0.08735	0.01851	0.01004	0.00287	0.00552	0.01698	0.00802	0.00792
13	0.25752	0.02015	0.02817	0.06780	0.27716	0.06618	0.11646	0.02565	0.01772	0.02947	0.01429	0.01831	0.01146	0.00757	0.00745	0.00255	0.00987	0.00672	0.00444	0.01106
14	0.02275	0.07259	0.25879	0.06742	0.08253	0.26353	0.06588	0.02842	0.01993	0.02349	0.01414	0.01724	0.01099	0.00802	0.00779	0.00241	0.01295	0.00620	0.00391	0.01101
15	0.02480	0.02912	0.02531	0.23670	0.11823	0.38084	0.01951	0.02838	0.02074	0.02151	0.01382	0.01798	0.01114	0.00833	0.00785	0.00238	0.01307	0.00626	0.00407	0.00997
16	0.01818	0.01818	0.02545	0.02181	0.02181	0.02545	0.01818	0.01999	0.01272	0.01999	0.01091	0.01818	0.01091	0.01454	0.02726	0.00364	0.69284	0.00727	0.00364	0.00909
17	0.02590	0.02070	0.02369	0.02243	0.10668	0.02299	0.01603	0.32263	0.27027	0.04222	0.02477	0.02432	0.01836	0.01014	0.00835	0.00262	0.00824	0.00821	0.00782	0.01362
18	0.01060	0.00785	0.00908	0.00983	0.01090	0.00722	0.00648	0.01183	0.01574	0.02009	0.05218	0.31359	0.23747	0.22575	0.01970	0.00457	0.00558	0.01828	0.00692	0.00633
19	0.01345	0.00954	0.01028	0.00967	0.01291	0.00835	0.00740	0.01692	0.05312	0.09220	0.10743	0.07079	0.51959	0.01914	0.00959	0.00277	0.00463	0.01597	0.00811	0.00815
20	0.01443	0.00722	0.01082	0.01082	0.01082	0.00722	0.00722	0.01082	0.01082	0.01443	0.01443	0.02525	0.01443	0.02886	0.03247	0.75830	0.00722	0.00722	0.00361	0.00361
21	0.01882	0.30320	0.42365	0.02000	0.03027	0.02457	0.02429	0.02575	0.01728	0.02368	0.01360	0.01590	0.01058	0.00759	0.00690	0.00230	0.01096	0.00548	0.00353	0.01165
22	0.01065	0.00817	0.00976	0.00995	0.01188	0.00728	0.00724	0.01332	0.02004	0.02644	0.29907	0.21793	0.28706	0.02060	0.00999	0.00286	0.00424	0.01796	0.00828	0.00728
23	0.03050	0.08236	0.02494	0.02077	0.02540	0.58660	0.01591	0.07504	0.02421	0.02256	0.01326	0.01523	0.01094	0.00857	0.00741	0.00214	0.01417	0.00544	0.00452	0.01002
24	0.01169	0.00800	0.00966	0.01002	0.01028	0.00808	0.00615	0.01230	0.01294	0.01742	0.02938	0.17282	0.03374	0.50682	0.10887	0.00779	0.00908	0.01387	0.00547	0.00563
25	0.03103	0.03959	0.02354	0.02140	0.02568	0.67469	0.01605	0.03317	0.02354	0.02033	0.01284	0.01498	0.01070	0.00856	0.00749	0.00214	0.01498	0.00535	0.00428	0.00963
26	0.01981	0.01820	0.02650	0.14066	0.31301	0.01989	0.02031	0.03205	0.26022	0.02914	0.02255	0.02487	0.01756	0.00905	0.00833	0.00265	0.00878	0.00817	0.00573	0.01252
27	0.00995	0.00788	0.00896	0.00983	0.01159	0.00689	0.00694	0.01176	0.01758	0.02189	0.06697	0.35893	0.38496	0.02327	0.01017	0.00306	0.00448	0.02026	0.00771	0.00689
28	0.01192	0.00874	0.01154	0.01178	0.01235	0.00954	0.00815	0.01330	0.01343	0.01856	0.02873	0.20129	0.03204	0.30140	0.22947	0.00829	0.05404	0.01357	0.00541	0.00643
29	0.01863	0.01952	0.03292	0.02600	0.02866	0.02404	0.21095	0.02209	0.01491	0.02209	0.01278	0.01952	0.01144	0.01215	0.02173	0.00337	0.47756	0.00807	0.00381	0.00976
30	0.01796	0.02255	0.14684	0.34956	0.22645	0.04743	0.02490	0.02394	0.01776	0.02386	0.01496	0.02052	0.01156	0.00798	0.00817	0.00263	0.01112	0.00707	0.00381	0.01096
31	0.00982	0.00842	0.00842	0.00842	0.01122	0.00701	0.00631	0.01192	0.01894	0.02244	0.08416	0.07995	0.65285	0.02104	0.00982	0.00281	0.00421	0.01753	0.00771	0.00701
32	0.02956	0.07538	0.02427	0.01907	0.02429	0.33432	0.01510	0.26155	0.02866	0.03340	0.01651	0.01793	0.01278	0.00909	0.00755	0.00224	0.01153	0.00628	0.05920	0.01130
33	0.01891	0.01822	0.03112	0.19240	0.37318	0.01846	0.08409	0.02403	0.01823	0.02570	0.01544	0.02069	0.01251	0.00741	0.00814	0.00241	0.01009	0.00732	0.00413	0.10750
34	0.07712	0.03610	0.02346	0.02225	0.06001	0.56084	0.01611	0.06520	0.02355	0.02356	0.01331	0.01547	0.01092	0.00852	0.00743	0.00221	0.01383	0.00553	0.00455	0.01004
35	0.01199	0.00843	0.01098	0.01098	0.01165	0.00910	0.00743	0.01331	0.01265	0.01753	0.02442	0.04463	0.02598	0.41873	0.32582	0.01043	0.01442	0.01066	0.00477	0.00610
36	0.00993	0.00842	0.00856	0.00853	0.01129	0.00706	0.00640	0.01213	0.01919	0.02304	0.11560	0.07896	0.62103	0.02081	0.00982	0.00279	0.00419	0.01739	0.00779	0.00706
37	0.01723	0.01477	0.01723	0.01230	0.01969	0.01107	0.00984	0.02092	0.01723	0.02707	0.01477	0.01723	0.01230	0.00615	0.00615	0.00123	0.00615	0.00492	0.00492	0.75883
38	0.03158	0.02327	0.02493	0.01911	0.02576	0.02576	0.01579	0.62852	0.03906	0.05236	0.01995	0.01995	0.01413	0.00997	0.00831	0.00249	0.00914	0.00748	0.00831	0.01413
39	0.02068	0.43534	0.26648	0.01801	0.02683	0.06244	0.02025	0.02584	0.01748	0.02203	0.01283	0.01493	0.01061	0.00747	0.00637	0.00210	0.01043	0.00510	0.00358	0.01119
40	0.02443	0.02486	0.02309	0.11032	0.11105	0.24710	0.01662	0.12608	0.08391	0.02737	0.01773	0.02242	0.01468	0.05982	0.01179	0.04470	0.01109	0.00722	0.00527	0.01047
41	0.01100	0.00859	0.01011	0.01046	0.01274	0.00769	0.00816	0.01383	0.01985	0.02538	0.20643	0.11797	0.36068	0.02079	0.01019	0.00300	0.00486	0.13292	0.00804	0.00732
42	0.01012	0.00723	0.00964	0.01157	0.01205	0.00675	0.00771	0.01157	0.01591	0.02121	0.04579	0.70262	0.05495	0.02603	0.01060	0.00337	0.00482	0.02362	0.00771	0.00675
43	0.02161	0.02221	0.03272	0.08158	0.50756	0.10547	0.05637	0.02632	0.01943	0.02589	0.01528	0.02002	0.01269	0.00758	0.00822	0.00246	0.01083	0.00726	0.00412	0.01237
44	0.01062	0.00758	0.00962	0.01105	0.01167	0.00714	0.00738	0.01195	0.01556	0.02051	0.04478	0.50904	0.09258	0.15277	0.01650	0.00423	0.00551	0.04782	0.00721	0.00649
45	0.01796	0.01520	0.01908	0.01788	0.10214	0.04021	0.04427	0.02197	0.01789	0.02771	0.01787	0.02115	0.01453	0.00731	0.00659	0.00169	0.00689	0.00621	0.18492	0.40854
46	0.19654	0.51739	0.03535	0.01380	0.02011	0.02919	0.01318	0.02454	0.01604	0.02372	0.01152	0.01359	0.01028	0.00759	0.00630	0.00205	0.04008	0.00459	0.00393	0.01020
47	0.02380	0.02739	0.02804	0.20909	0.16675	0.30924	0.06807	0.02782	0.02039	0.02249	0.01425	0.01867	0.01146	0.00813	0.00805	0.00243	0.01278	0.00668	0.00408	0.01038
48	0.01456	0.01286	0.01851	0.01696	0.01781	0.01681	0.01371	0.01704	0.01308	0.01959	0.01741	0.02647	0.01656	0.04193	0.39873	0.00921	0.30834	0.00821	0.00410	0.00813
49	0.01003	0.00842	0.00871	0.00864	0.01135	0.00710	0.00648	0.01233	0.01943	0.02361	0.14532	0.07802	0.59096	0.02060	0.00982	0.00278	0.00418	0.01726	0.00787	0.00710
50	0.02056	0.01974	0.03372	0.05099	0.65622	0.01974	0.02550	0.02550	0.01892	0.02714	0.01563	0.02056	0.01316	0.00740	0.00822	0.00247	0.00987	0.00740	0.00411	0.01316
51	0.02397	0.02783	0.02459	0.02163	0.02356	0.31816	0.01722	0.02594	0.01760	0.02015	0.01178	0.01674	0.01081	0.01184	0.01835	0.00296	0.38722	0.00640	0.00393	0.00933
52	0.02285	0.01841	0.01945	0.01679	0.02175	0.02096	0.01326	0.17853	0.45792	0.03859	0.03012	0.02842	0.02246	0.01086	0.00824	0.00268	0.00699	0.00883	0.05990	0.01300
53	0.00995	0.00792	0.00893	0.00974	0.01157	0.00690	0.00690	0.01177	0.01766	0.02192	0.06806	0.34115	0.40204	0.02313	0.01015	0.00304	0.00446	0.02008	0.00771	0.00690
54	0.01867	0.01781	0.03030	0.29841	0.42359	0.01924	0.02455	0.02384	0.01802	0.02484	0.01529	0.02118	0.01235	0.00775	0.00826	0.00258	0.01034	0.00739	0.00395	0.01163
55	0.01466	0.01300	0.01870	0.01709	0.01792	0.01704	0.01383	0.01711	0.01307	0.01960	0.01724	0.02624	0.01641	0.04119	0.38874	0.00906	0.31869	0.00818	0.00409	0.00816
56	0.01702	0.01756	0.01424	0.01339	0.01610	0.20380	0.00999	0.01998	0.02236	0.02704	0.33705	0.08459	0.15364	0.01566	0.00916	0.00255	0.00727	0.01305	0.00740	0.00817
57	0.01187	0.00890	0.01335	0.01335	0.01483	0.01038	0.01038	0.01483	0.01335	0.01928	0.02225	0.03264	0.02077	0.06231	0.67512	0.01335	0.02225	0.00890	0.00445	0.00742
58	0.01996	0.01884	0.03121	0.04603	0.57155	0.01898	0.02349	0.02600	0.05868	0.02805	0.06070	0.02409	0.01844	0.00831	0.00835	0.00250	0.00925	0.00805	0.00473	0.01279
59	0.01932	0.01987	0.02389	0.19724	0.23168	0.14895	0.01871	0.02284	0.01876	0.02270	0.02584	0.02973	0.11554	0.01143	0.00989	0.05045	0.01013	0.00861	0.00459	0.00985
60	0.02399	0.57691	0.03949	0.01567	0.02220	0.16261	0.01459	0.02655	0.01823	0.01970	0.01181	0.01366	0.01067	0.00740	0.00577	0.00185	0.01012	0.00463	0.00370	0.01045
61	0.02410	0.01976	0.08022	0.10549	0.33161	0.01766	0.06491	0.02916	0.01990	0.19466	0.02011	0.02266	0.01465	0.00827	0.00835	0.00256	0.00974	0.00772	0.00566	0.01279
62	0.01012	0.00723	0.00964	0.01157	0.01205	0.00675	0.00771	0.01157	0.01591	0.02121	0.04579	0.70262	0.05495	0.02603	0.01060	0.00337	0.00482	0.02362	0.00771	0.00675
63	0.27258	0.02634	0.01813	0.06391	0.02284	0.33277	0.01297	0.02735	0.01888	0.02632	0.01414	0.01833	0.01195	0.05266	0.00889	0.00269	0.01084	0.00576	0.04365	0.00900
64	0.01187	0.00890	0.01335	0.01335	0.01483	0.01038	0.01038	0.01483	0.01335	0.01928	0.02225	0.03264	0.02077	0.06231	0.67512	0.01335	0.02225	0.00890	0.00445	0.00742
65	0.28456	0.06173	0.01411	0.01185	0.01509	0.01406	0.00931	0.04492	0.01788	0.03059	0.13865	0.22831	0.03732	0.01561	0.00807	0.00282	0.00586	0.04409	0.00677	0.00840
66	0.01747	0.01603	0.01589	0.03992	0.04462	0.14266	0.01143	0.01922	0.05480	0.02004	0.02839	0.13119	0.09837	0.01969	0.01769	0.24239	0.05700	0.01073	0.00519	0.00728
67	0.02070	0.04748	0.02000	0.05886	0.06519	0.09623	0.01310	0.05315	0.13224	0.07127	0.02545	0.08837	0.04359	0.04939	0.00977	0.00262	0.00809	0.00903	0.00618	0.17930

[dist]
# distance from previous block
# <min> <max>
4	71

[block]
# block no. 3 follows, 22 sequences, length 210
# corresponding to MSA columns:
# 310-519
name=unknown_D
#
# <colnr> <probs for GDERKNQSTAVLIFYWHMCP>
#	G	D	E	R	K	N	Q	S	T	A	V	L	I	F	Y	W	H	M	C	P
0	0.11562	0.01516	0.08142	0.01629	0.05429	0.01260	0.05966	0.01802	0.01735	0.02594	0.08436	0.17067	0.16889	0.04275	0.01076	0.00298	0.03190	0.01312	0.00615	0.05208
1	0.01678	0.01426	0.01834	0.01542	0.01886	0.03827	0.07765	0.11481	0.04581	0.03125	0.25128	0.08140	0.13498	0.05415	0.01220	0.00303	0.04191	0.01295	0.00746	0.00919
2	0.01710	0.02489	0.21566	0.02215	0.06089	0.07416	0.09056	0.02368	0.05201	0.02411	0.02256	0.02950	0.04768	0.02289	0.17087	0.00532	0.04227	0.03888	0.00462	0.01021
3	0.01438	0.01237	0.01867	0.01680	0.01825	0.01536	0.04665	0.01727	0.01372	0.02051	0.01880	0.02764	0.01738	0.04216	0.40895	0.00926	0.22216	0.00840	0.04312	0.00815
4	0.02083	0.01741	0.01860	0.01645	0.02105	0.01983	0.01286	0.10014	0.51533	0.03638	0.09753	0.03315	0.02981	0.01174	0.00858	0.00276	0.00655	0.00979	0.00851	0.01269
5	0.02033	0.02160	0.01748	0.01539	0.01913	0.24672	0.01139	0.02247	0.01825	0.02174	0.02022	0.12221	0.02071	0.12141	0.01403	0.00306	0.04307	0.00905	0.00505	0.22669
6	0.01187	0.00890	0.01335	0.01335	0.01483	0.01038	0.01038	0.01483	0.01335	0.01928	0.02225	0.03264	0.02077	0.06231	0.67512	0.01335	0.02225	0.00890	0.00445	0.00742
