[name]
unknown

[dist]
# distance from previous block
# <min> <max>
0	0

[block]
# block no. 0 follows, 22 sequences, length 38
# corresponding to MSA columns:
# 0-37
name=unknown_A
#
# <colnr> <probs for GDERKNQSTAVLIFYWHMCP>
#	G	D	E	R	K	N	Q	S	T	A	V	L	I	F	Y	W	H	M	C	P
0	0.01339	0.00956	0.01339	0.01530	0.01721	0.00956	0.01339	0.01721	0.01912	0.02486	0.04399	0.09371	0.04781	0.02295	0.01147	0.00382	0.00765	0.60031	0.00765	0.00765
1	0.01364	0.00891	0.01171	0.01077	0.01306	0.00816	0.00816	0.01751	0.02353	0.07977	0.60609	0.05956	0.07411	0.01649	0.00969	0.00261	0.00415	0.01453	0.00923	0.00830
2	0.01569	0.01477	0.02492	0.68808	0.05722	0.01846	0.02307	0.02123	0.01661	0.02123	0.01477	0.02215	0.01107	0.00831	0.00831	0.00277	0.01107	0.00738	0.00369	0.00923
3	0.01666	0.04297	0.66500	0.02368	0.03596	0.01929	0.03069	0.02631	0.01754	0.02631	0.01491	0.01754	0.01052	0.00789	0.00789	0.00263	0.01228	0.00614	0.00351	0.01228
4	0.03727	0.01414	0.01928	0.01478	0.02121	0.01221	0.01221	0.04049	0.02378	0.66198	0.03277	0.02828	0.02056	0.01028	0.00835	0.00257	0.00707	0.00835	0.01028	0.01414
5	0.01818	0.01818	0.02545	0.02181	0.02181	0.02545	0.01818	0.01999	0.01272	0.01999	0.01091	0.01818	0.01091	0.01454	0.02726	0.00364	0.69284	0.00727	0.00364	0.00909
6	0.01666	0.04297	0.66500	0.02368	0.03596	0.01929	0.03069	0.02631	0.01754	0.02631	0.01491	0.01754	0.01052	0.00789	0.00789	0.00263	0.01228	0.00614	0.00351	0.01228
7	0.01012	0.00723	0.00964	0.01157	0.01205	0.00675	0.00771	0.01157	0.01591	0.02121	0.04579	0.70262	0.05495	0.02603	0.01060	0.00337	0.00482	0.02362	0.00771	0.00675
8	0.01012	0.00723	0.00964	0.01157	0.01205	0.00675	0.00771	0.01157	0.01591	0.02121	0.04579	0.70262	0.05495	0.02603	0.01060	0.00337	0.00482	0.02362	0.00771	0.00675
9	0.02221	0.71304	0.04353	0.01421	0.02132	0.03287	0.01421	0.02488	0.01688	0.01955	0.01155	0.01333	0.01066	0.00711	0.00533	0.00178	0.00888	0.00444	0.00355	0.01066
10	0.76672	0.01607	0.01221	0.01092	0.01607	0.01864	0.00900	0.02442	0.01414	0.03727	0.01157	0.01350	0.00900	0.00771	0.00514	0.00257	0.00643	0.00450	0.00514	0.00900
11	0.03158	0.02327	0.02493	0.01911	0.02576	0.02576	0.01579	0.62852	0.03906	0.05236	0.01995	0.01995	0.01413	0.00997	0.00831	0.00249	0.00914	0.00748	0.00831	0.01413
12	0.01569	0.01477	0.02492	0.68808	0.05722	0.01846	0.02307	0.02123	0.01661	0.02123	0.01477	0.02215	0.01107	0.00831	0.00831	0.00277	0.01107	0.00738	0.00369	0.00923
13	0.01723	0.01477	0.01723	0.01230	0.01969	0.01107	0.00984	0.02092	0.01723	0.02707	0.01477	0.01723	0.01230	0.00615	0.00615	0.00123	0.00615	0.00492	0.00492	0.75883
14	0.00982	0.00842	0.00842	0.00842	0.01122	0.00701	0.00631	0.01192	0.01894	0.02244	0.08416	0.07995	0.65285	0.02104	0.00982	0.00281	0.00421	0.01753	0.00771	0.00701
15	0.01723	0.01477	0.01723	0.01230	0.01969	0.01107	0.00984	0.02092	0.01723	0.02707	0.01477	0.01723	0.01230	0.00615	0.00615	0.00123	0.00615	0.00492	0.00492	0.75883
16	0.00982	0.00842	0.00842	0.00842	0.01122	0.00701	0.00631	0.01192	0.01894	0.02244	0.08416	0.07995	0.65285	0.02104	0.00982	0.00281	0.00421	0.01753	0.00771	0.00701
17	0.02221	0.71304	0.04353	0.01421	0.02132	0.03287	0.01421	0.02488	0.01688	0.01955	0.01155	0.01333	0.01066	0.00711	0.00533	0.00178	0.00888	0.00444	0.00355	0.01066
18	0.02015	0.01951	0.03386	0.09725	0.58040	0.01971	0.05625	0.02524	0.01878	0.02668	0.01562	0.02077	0.01298	0.00745	0.00831	0.00251	0.01017	0.00752	0.00409	0.01277
19	0.00982	0.00842	0.00842	0.00842	0.01122	0.00701	0.00631	0.01192	0.01894	0.02244	0.08416	0.07995	0.65285	0.02104	0.00982	0.00281	0.00421	0.01753	0.00771	0.00701
20	0.02124	0.01813	0.01911	0.01702	0.02182	0.02093	0.01329	0.07513	0.60928	0.03569	0.03308	0.03041	0.02476	0.01120	0.00845	0.00280	0.00671	0.00929	0.00845	0.01320
21	0.01187	0.00890	0.01335	0.01335	0.01483	0.01038	0.01038	0.01483	0.01335	0.01928	0.02225	0.03264	0.02077	0.06231	0.67512	0.01335	0.02225	0.00890	0.00445	0.00742
22	0.01666	0.04297	0.66500	0.02368	0.03596	0.01929	0.03069	0.02631	0.01754	0.02631	0.01491	0.01754	0.01052	0.00789	0.00789	0.00263	0.01228	0.00614	0.00351	0.01228
23	0.01012	0.00723	0.00964	0.01157	0.01205	0.00675	0.00771	0.01157	0.01591	0.02121	0.04579	0.70262	0.05495	0.02603	0.01060	0.00337	0.00482	0.02362	0.00771	0.00675
24	0.03200	0.02259	0.02451	0.01879	0.02543	0.02476	0.01553	0.58507	0.03793	0.09740	0.02089	0.02056	0.01460	0.01000	0.00831	0.00250	0.00899	0.00754	0.00846	0.01413
25	0.01961	0.02241	0.04902	0.03501	0.04342	0.02101	0.62605	0.02661	0.01961	0.02661	0.01681	0.02241	0.01261	0.00700	0.00980	0.00280	0.01401	0.00980	0.00420	0.01120
26	0.03103	0.03959	0.02354	0.02140	0.02568	0.67469	0.01605	0.03317	0.02354	0.02033	0.01284	0.01498	0.01070	0.00856	0.00749	0.00214	0.01498	0.00535	0.00428	0.00963
27	0.00982	0.00842	0.00842	0.00842	0.01122	0.00701	0.00631	0.01192	0.01894	0.02244	0.08416	0.07995	0.65285	0.02104	0.00982	0.00281	0.00421	0.01753	0.00771	0.00701
28	0.00982	0.00842	0.00842	0.00842	0.01122	0.00701	0.00631	0.01192	0.01894	0.02244	0.08416	0.07995	0.65285	0.02104	0.00982	0.00281	0.00421	0.01753	0.00771	0.00701
29	0.01012	0.00723	0.00964	0.01157	0.01205	0.00675	0.00771	0.01157	0.01591	0.02121	0.04579	0.70262	0.05495	0.02603	0.01060	0.00337	0.00482	0.02362	0.00771	0.00675
30	0.03727	0.01414	0.01928	0.01478	0.02121	0.01221	0.01221	0.04049	0.02378	0.66198	0.03277	0.02828	0.02056	0.01028	0.00835	0.00257	0.00707	0.00835	0.01028	0.01414
31	0.01208	0.00805	0.00906	0.00906	0.00906	0.00805	0.00503	0.01208	0.01208	0.01611	0.02618	0.05436	0.03020	0.70804	0.04228	0.00805	0.00805	0.01208	0.00503	0.00503
32	0.02221	0.71304	0.04353	0.01421	0.02132	0.03287	0.01421	0.02488	0.01688	0.01955	0.01155	0.01333	0.01066	0.00711	0.00533	0.00178	0.00888	0.00444	0.00355	0.01066
33	0.03065	0.03479	0.02363	0.02066	0.02550	0.49395	0.01585	0.17012	0.05737	0.02838	0.01550	0.01690	0.01220	0.00902	0.00773	0.00225	0.01323	0.00604	0.00541	0.01083
34	0.02933	0.03675	0.02379	0.02146	0.02517	0.58862	0.01633	0.03143	0.02211	0.02029	0.01258	0.01540	0.01073	0.00935	0.01011	0.00234	0.10485	0.00560	0.00419	0.00956
35	0.01666	0.04297	0.66500	0.02368	0.03596	0.01929	0.03069	0.02631	0.01754	0.02631	0.01491	0.01754	0.01052	0.00789	0.00789	0.00263	0.01228	0.00614	0.00351	0.01228
36	0.02110	0.02381	0.01983	0.01953	0.04999	0.29389	0.01415	0.02311	0.01877	0.02092	0.02508	0.21021	0.05328	0.01517	0.01255	0.00284	0.15026	0.01149	0.00526	0.00876
37	0.05146	0.00983	0.01093	0.00997	0.01342	0.00863	0.00772	0.01820	0.02020	0.14040	0.14858	0.06496	0.42928	0.01790	0.00933	0.00273	0.00479	0.01490	0.00825	0.00851

[dist]
# distance from previous block
# <min> <max>
0	2

[block]
# block no. 1 follows, 22 sequences, length 63
# corresponding to MSA columns:
# 40-102
name=unknown_B
#
# <colnr> <probs for GDERKNQSTAVLIFYWHMCP>
#	G	D	E	R	K	N	Q	S	T	A	V	L	I	F	Y	W	H	M	C	P
0	0.02609	0.02656	0.02468	0.19400	0.07295	0.25983	0.01824	0.19031	0.05448	0.03028	0.01640	0.01926	0.01256	0.00893	0.00801	0.00245	0.01169	0.00676	0.00540	0.01112
1	0.02892	0.03028	0.02478	0.09404	0.06800	0.34828	0.01730	0.22917	0.02767	0.03148	0.01558	0.01774	0.01203	0.00893	0.00790	0.00235	0.01231	0.00640	0.00555	0.01130
2	0.02073	0.02387	0.11139	0.04574	0.53968	0.06081	0.02555	0.02608	0.01904	0.02661	0.01536	0.01984	0.01268	0.00754	0.00814	0.00247	0.01049	0.00712	0.00405	0.01283
3	0.11569	0.54231	0.03726	0.01455	0.02121	0.06970	0.01378	0.06323	0.01834	0.02385	0.01216	0.01386	0.01067	0.00745	0.00563	0.00194	0.00897	0.00470	0.00409	0.01061
4	0.01540	0.01246	0.01475	0.01481	0.05455	0.01281	0.01049	0.06123	0.18397	0.03174	0.26929	0.08748	0.16627	0.01575	0.00931	0.00273	0.00541	0.01358	0.00825	0.00972
5	0.01908	0.02609	0.15932	0.03298	0.04208	0.02070	0.51945	0.02656	0.01924	0.02656	0.01647	0.02154	0.01223	0.00716	0.00946	0.00277	0.01370	0.00915	0.00408	0.01140
6	0.01026	0.00856	0.00903	0.00927	0.01196	0.00733	0.00719	0.01258	0.01896	0.02274	0.07917	0.08166	0.57780	0.02128	0.01002	0.00293	0.00463	0.08983	0.00771	0.00709
7	0.01666	0.04297	0.66500	0.02368	0.03596	0.01929	0.03069	0.02631	0.01754	0.02631	0.01491	0.01754	0.01052	0.00789	0.00789	0.00263	0.01228	0.00614	0.00351	0.01228
8	0.01032	0.00844	0.00912	0.00895	0.01153	0.00723	0.00671	0.01290	0.02013	0.02528	0.23217	0.07528	0.50307	0.01998	0.00981	0.00276	0.00413	0.01688	0.00809	0.00723
9	0.01666	0.04297	0.66500	0.02368	0.03596	0.01929	0.03069	0.02631	0.01754	0.02631	0.01491	0.01754	0.01052	0.00789	0.00789	0.00263	0.01228	0.00614	0.00351	0.01228
10	0.14337	0.01560	0.01804	0.01486	0.02055	0.01586	0.01202	0.03919	0.21726	0.36858	0.02986	0.02688	0.02031	0.01020	0.00789	0.00265	0.00681	0.00809	0.00892	0.01304
11	0.01569	0.01477	0.02492	0.68808	0.05722	0.01846	0.02307	0.02123	0.01661	0.02123	0.01477	0.02215	0.01107	0.00831	0.00831	0.00277	0.01107	0.00738	0.00369	0.00923
12	0.01075	0.00845	0.00971	0.00940	0.01180	0.00741	0.00705	0.01373	0.02115	0.02769	0.35822	0.07131	0.37552	0.01908	0.00981	0.00271	0.00407	0.01632	0.00841	0.00741
13	0.76672	0.01607	0.01221	0.01092	0.01607	0.01864	0.00900	0.02442	0.01414	0.03727	0.01157	0.01350	0.00900	0.00771	0.00514	0.00257	0.00643	0.00450	0.00514	0.00900
14	0.01038	0.00748	0.00977	0.01149	0.01219	0.00699	0.00786	0.01195	0.01613	0.02129	0.04727	0.59935	0.09102	0.05407	0.01193	0.00356	0.00509	0.05783	0.00760	0.00675
15	0.01176	0.00849	0.01110	0.01045	0.01241	0.00784	0.00784	0.01568	0.02352	0.03331	0.65184	0.06206	0.07839	0.01698	0.00980	0.00261	0.00392	0.01502	0.00914	0.00784
16	0.01040	0.00837	0.00927	0.00919	0.01161	0.00723	0.00684	0.01298	0.02007	0.02550	0.24541	0.11267	0.45094	0.02017	0.00986	0.00278	0.00416	0.01718	0.00813	0.00723
17	0.02221	0.71304	0.04353	0.01421	0.02132	0.03287	0.01421	0.02488	0.01688	0.01955	0.01155	0.01333	0.01066	0.00711	0.00533	0.00178	0.00888	0.00444	0.00355	0.01066
18	0.02056	0.01974	0.03372	0.05099	0.65622	0.01974	0.02550	0.02550	0.01892	0.02714	0.01563	0.02056	0.01316	0.00740	0.00822	0.00247	0.00987	0.00740	0.00411	0.01316
19	0.03011	0.03704	0.02371	0.06283	0.02765	0.59374	0.01647	0.06916	0.02407	0.02236	0.01340	0.01573	0.01094	0.00863	0.00759	0.00220	0.01438	0.00561	0.00449	0.00988
20	0.02056	0.01974	0.03372	0.05099	0.65622	0.01974	0.02550	0.02550	0.01892	0.02714	0.01563	0.02056	0.01316	0.00740	0.00822	0.00247	0.00987	0.00740	0.00411	0.01316
21	0.02852	0.03540	0.02391	0.02148	0.02492	0.54766	0.01647	0.03059	0.02142	0.02027	0.01246	0.01561	0.01074	0.00973	0.01136	0.00243	0.14762	0.00573	0.00415	0.00952
22	0.01569	0.01477	0.02492	0.68808	0.05722	0.01846	0.02307	0.02123	0.01661	0.02123	0.01477	0.02215	0.01107	0.00831	0.00831	0.00277	0.01107	0.00738	0.00369	0.00923
23	0.00997	0.00783	0.00902	0.00996	0.01163	0.00688	0.00700	0.01175	0.01745	0.02184	0.06532	0.38570	0.35926	0.02349	0.01020	0.00308	0.00451	0.02052	0.00771	0.00688
24	0.01951	0.01867	0.03182	0.18843	0.52700	0.01946	0.02497	0.02457	0.01842	0.02586	0.01544	0.02090	0.01271	0.00760	0.00824	0.00253	0.01013	0.00740	0.00402	0.01231
25	0.01012	0.00723	0.00964	0.01157	0.01205	0.00675	0.00771	0.01157	0.01591	0.02121	0.04579	0.70262	0.05495	0.02603	0.01060	0.00337	0.00482	0.02362	0.00771	0.00675
26	0.01723	0.01477	0.01723	0.01230	0.01969	0.01107	0.00984	0.02092	0.01723	0.02707	0.01477	0.01723	0.01230	0.00615	0.00615	0.00123	0.00615	0.00492	0.00492	0.75883
27	0.01661	0.01326	0.01379	0.01208	0.01608	0.01330	0.00949	0.17600	0.08809	0.03151	0.06224	0.05928	0.42187	0.01715	0.00928	0.00273	0.00574	0.01408	0.00795	0.00950
28	0.02728	0.03359	0.02155	0.01983	0.02356	0.54471	0.01494	0.02958	0.02155	0.02013	0.01468	0.01844	0.01267	0.01908	0.13813	0.00433	0.01640	0.00605	0.00431	0.00920
29	0.02066	0.01785	0.01878	0.01691	0.02160	0.02066	0.01315	0.04414	0.64121	0.03475	0.03381	0.03099	0.02536	0.01127	0.00845	0.00282	0.00657	0.00939	0.00845	0.01315
30	0.02221	0.71304	0.04353	0.01421	0.02132	0.03287	0.01421	0.02488	0.01688	0.01955	0.01155	0.01333	0.01066	0.00711	0.00533	0.00178	0.00888	0.00444	0.00355	0.01066
31	0.03727	0.01414	0.01928	0.01478	0.02121	0.01221	0.01221	0.04049	0.02378	0.66198	0.03277	0.02828	0.02056	0.01028	0.00835	0.00257	0.00707	0.00835	0.01028	0.01414
32	0.00982	0.00842	0.00842	0.00842	0.01122	0.00701	0.00631	0.01192	0.01894	0.02244	0.08416	0.07995	0.65285	0.02104	0.00982	0.00281	0.00421	0.01753	0.00771	0.00701
33	0.01090	0.00846	0.00992	0.00955	0.01189	0.00747	0.00717	0.01402	0.02150	0.02852	0.40155	0.06994	0.33166	0.01877	0.00981	0.00270	0.00405	0.01613	0.00851	0.00747
34	0.01666	0.04297	0.66500	0.02368	0.03596	0.01929	0.03069	0.02631	0.01754	0.02631	0.01491	0.01754	0.01052	0.00789	0.00789	0.00263	0.01228	0.00614	0.00351	0.01228
35	0.03066	0.03243	0.02379	0.02032	0.02549	0.40142	0.01580	0.25148	0.06319	0.03284	0.01659	0.01768	0.01276	0.00923	0.00784	0.00231	0.01238	0.00635	0.00598	0.01147
36	0.03106	0.03881	0.02361	0.02129	0.02569	0.64374	0.01604	0.06157	0.02428	0.02186	0.01318	0.01522	0.01086	0.00863	0.00753	0.00216	0.01470	0.00545	0.00447	0.00985
37	0.01191	0.00874	0.01251	0.01251	0.01370	0.00993	0.00934	0.01430	0.01310	0.01866	0.02302	0.03689	0.02261	0.18866	0.55130	0.01231	0.01947	0.00952	0.00456	0.00695
38	0.03158	0.02327	0.02493	0.01911	0.02576	0.02576	0.01579	0.62852	0.03906	0.05236	0.01995	0.01995	0.01413	0.00997	0.00831	0.00249	0.00914	0.00748	0.00831	0.01413
39	0.02221	0.71304	0.04353	0.01421	0.02132	0.03287	0.01421	0.02488	0.01688	0.01955	0.01155	0.01333	0.01066	0.00711	0.00533	0.00178	0.00888	0.00444	0.00355	0.01066
40	0.01208	0.00805	0.00906	0.00906	0.00906	0.00805	0.00503	0.01208	0.01208	0.01611	0.02618	0.05436	0.03020	0.70804	0.04228	0.00805	0.00805	0.01208	0.00503	0.00503
41	0.02296	0.02193	0.03829	0.03133	0.11253	0.02230	0.33434	0.18995	0.05249	0.03374	0.01804	0.02173	0.01359	0.00835	0.00985	0.00271	0.03939	0.00876	0.00547	0.01224
42	0.03338	0.02038	0.02314	0.01774	0.02432	0.02147	0.01466	0.44221	0.03422	0.24551	0.02401	0.02258	0.01617	0.01007	0.00832	0.00252	0.00848	0.00776	0.00894	0.01413
43	0.76672	0.01607	0.01221	0.01092	0.01607	0.01864	0.00900	0.02442	0.01414	0.03727	0.01157	0.01350	0.00900	0.00771	0.00514	0.00257	0.00643	0.00450	0.00514	0.00900
44	0.01171	0.00894	0.01080	0.01025	0.01256	0.00827	0.00771	0.01614	0.05301	0.03062	0.47695	0.06506	0.22169	0.01773	0.00974	0.00267	0.00412	0.01538	0.00875	0.00789
45	0.02221	0.71304	0.04353	0.01421	0.02132	0.03287	0.01421	0.02488	0.01688	0.01955	0.01155	0.01333	0.01066	0.00711	0.00533	0.00178	0.00888	0.00444	0.00355	0.01066
46	0.01898	0.01812	0.03086	0.25815	0.46145	0.01932	0.02471	0.02411	0.01817	0.02522	0.01535	0.02108	0.01248	0.00770	0.00825	0.00257	0.01026	0.00740	0.00398	0.01188
47	0.01922	0.28306	0.27193	0.02085	0.02874	0.02551	0.07352	0.02470	0.01663	0.02274	0.01314	0.01652	0.01082	0.00869	0.01050	0.00251	0.13025	0.00603	0.00361	0.01103
48	0.02974	0.02570	0.10406	0.01968	0.02702	0.02496	0.01763	0.55408	0.03640	0.04914	0.01932	0.01965	0.01368	0.00972	0.00826	0.00251	0.00953	0.00731	0.00772	0.01390
49	0.01208	0.00805	0.00906	0.00906	0.00906	0.00805	0.00503	0.01208	0.01208	0.01611	0.02618	0.05436	0.03020	0.70804	0.04228	0.00805	0.00805	0.01208	0.00503	0.00503
50	0.01750	0.07023	0.51546	0.02545	0.03673	0.02026	0.14642	0.02630	0.01791	0.02605	0.01512	0.01830	0.01094	0.00768	0.00815	0.00262	0.01246	0.00678	0.00365	0.01199
51	0.01189	0.00880	0.01282	0.01282	0.01412	0.01010	0.00972	0.01449	0.01319	0.01889	0.02274	0.03533	0.02194	0.14241	0.59662	0.01269	0.02049	0.00930	0.00452	0.00712
52	0.01012	0.00723	0.00964	0.01157	0.01205	0.00675	0.00771	0.01157	0.01591	0.02121	0.04579	0.70262	0.05495	0.02603	0.01060	0.00337	0.00482	0.02362	0.00771	0.00675
53	0.01012	0.00723	0.00964	0.01157	0.01205	0.00675	0.00771	0.01157	0.01591	0.02121	0.04579	0.70262	0.05495	0.02603	0.01060	0.00337	0.00482	0.02362	0.00771	0.00675
54	0.12039	0.18329	0.02658	0.01842	0.02354	0.42060	0.01476	0.05982	0.02169	0.02385	0.01275	0.01468	0.01065	0.00821	0.00677	0.00213	0.01230	0.00515	0.00443	0.01000
55	0.01187	0.00890	0.01335	0.01335	0.01483	0.01038	0.01038	0.01483	0.01335	0.01928	0.02225	0.03264	0.02077	0.06231	0.67512	0.01335	0.02225	0.00890	0.00445	0.00742
56	0.01050	0.00739	0.00953	0.01108	0.01147	0.00700	0.00719	0.01167	0.01517	0.02022	0.04200	0.57736	0.05016	0.15781	0.01672	0.00428	0.00544	0.02139	0.00719	0.00642
57	0.01976	0.02082	0.02521	0.02176	0.02229	0.10571	0.01791	0.02162	0.01406	0.02003	0.01114	0.01778	0.01088	0.01380	0.02482	0.00345	0.60904	0.00703	0.00371	0.00915
58	0.12198	0.06868	0.02366	0.01900	0.02427	0.35785	0.01499	0.21526	0.02679	0.03227	0.01480	0.01624	0.01154	0.00881	0.00733	0.00228	0.01178	0.00585	0.00559	0.01100
59	0.01156	0.00841	0.01119	0.01290	0.01428	0.00804	0.01011	0.01414	0.01769	0.02299	0.04922	0.35998	0.11780	0.02409	0.01091	0.00351	0.00602	0.28229	0.00768	0.00718
60	0.05686	0.01843	0.04915	0.16540	0.03002	0.02022	0.01604	0.06131	0.41917	0.03223	0.02708	0.02711	0.02026	0.01023	0.00823	0.00277	0.00792	0.00848	0.00701	0.01208
61	0.21102	0.01663	0.06255	0.21069	0.03293	0.01647	0.12002	0.02123	0.01657	0.02672	0.02335	0.12939	0.05664	0.01144	0.00816	0.00281	0.00905	0.01012	0.00502	0.00918
62	0.01910	0.01845	0.03202	0.23383	0.44978	0.01944	0.05783	0.02433	0.01829	0.02541	0.01544	0.02112	0.01253	0.00764	0.00833	0.00257	0.01044	0.00753	0.00400	0.01192

[dist]
# distance from previous block
# <min> <max>
0	1

[block]
# block no. 2 follows, 22 sequences, length 7
# corresponding to MSA columns:
# 104-110
name=unknown_C
#
# <colnr> <probs for GDERKNQSTAVLIFYWHMCP>
#	G	D	E	R	K	N	Q	S	T	A	V	L	I	F	Y	W	H	M	C	P
0	0.07441	0.02166	0.02562	0.26196	0.22403	0.16884	0.02038	0.02495	0.01842	0.02360	0.01434	0.01956	0.01163	0.00908	0.00908	0.04038	0.01108	0.00671	0.00405	0.01020
1	0.02091	0.01967	0.01741	0.01747	0.06095	0.19205	0.01217	0.02713	0.13554	0.07739	0.06972	0.12484	0.10379	0.06992	0.01143	0.00307	0.00856	0.01150	0.00676	0.00972
2	0.02465	0.02549	0.03251	0.07661	0.20292	0.17923	0.15897	0.14259	0.02389	0.02980	0.01599	0.01963	0.01248	0.00814	0.00843	0.00249	0.01199	0.00747	0.00495	0.01178
3	0.01634	0.01163	0.01517	0.09460	0.02036	0.01173	0.01114	0.09673	0.01814	0.02432	0.02755	0.08943	0.08536	0.01922	0.01680	0.25804	0.00733	0.06192	0.00553	0.10864
4	0.20870	0.01466	0.01433	0.10176	0.02054	0.06898	0.01085	0.06319	0.01766	0.02954	0.01927	0.02530	0.01609	0.07040	0.07428	0.00387	0.00890	0.00711	0.21598	0.00861
5	0.02715	0.02302	0.02079	0.01910	0.05514	0.21009	0.01410	0.13023	0.11931	0.15000	0.06620	0.08137	0.02365	0.01148	0.00838	0.00253	0.00941	0.00915	0.00731	0.01158
6	0.11794	0.02840	0.02119	0.01851	0.02324	0.32983	0.01439	0.16755	0.08338	0.03098	0.01707	0.01891	0.01350	0.01351	0.06304	0.00327	0.01242	0.00641	0.00571	0.01073

[dist]
# distance from previous block
# <min> <max>
16	98

[block]
# block no. 3 follows, 22 sequences, length 33
# corresponding to MSA columns:
# 210-242
name=unknown_D
#
# <colnr> <probs for GDERKNQSTAVLIFYWHMCP>
#	G	D	E	R	K	N	Q	S	T	A	V	L	I	F	Y	W	H	M	C	P
0	0.06696	0.06104	0.10254	0.02205	0.08733	0.13104	0.04566	0.05962	0.13519	0.02732	0.02014	0.05558	0.01703	0.01520	0.07404	0.00366	0.05138	0.00800	0.00532	0.01090
1	0.08922	0.02596	0.22211	0.01771	0.02454	0.08649	0.05470	0.09933	0.02082	0.03041	0.02509	0.02693	0.08432	0.00995	0.00759	0.00246	0.00927	0.00786	0.14482	0.01042
2	0.02515	0.03363	0.25309	0.02261	0.06711	0.25127	0.02111	0.03043	0.02087	0.12654	0.01889	0.02324	0.01466	0.00941	0.00806	0.00251	0.01197	0.04290	0.00517	0.01140
3	0.02125	0.08475	0.19224	0.02198	0.02883	0.18576	0.11735	0.06260	0.01988	0.02458	0.01610	0.02030	0.01305	0.01813	0.13233	0.00446	0.01464	0.00699	0.00429	0.01051
4	0.02292	0.02211	0.05845	0.02115	0.05149	0.09205	0.11344	0.19913	0.10080	0.03254	0.02070	0.02677	0.01730	0.12781	0.01412	0.00343	0.01011	0.00843	0.00605	0.05122
5	0.06262	0.01339	0.01519	0.11569	0.02158	0.07230	0.01163	0.02016	0.04594	0.05990	0.05911	0.12620	0.02819	0.14709	0.13896	0.00572	0.01089	0.03148	0.00580	0.00817
6	0.06852	0.15495	0.02701	0.05635	0.02592	0.24672	0.05254	0.08713	0.11615	0.02689	0.01830	0.05082	0.01537	0.00950	0.00751	0.00237	0.01075	0.00720	0.00534	0.01069
7	0.02033	0.14030	0.20872	0.02772	0.14721	0.09462	0.11222	0.02723	0.05700	0.02490	0.01611	0.01949	0.01283	0.01070	0.04302	0.00301	0.01201	0.00691	0.00417	0.01152
8	0.01862	0.06265	0.09222	0.18914	0.30426	0.01914	0.02235	0.05456	0.01917	0.02609	0.02121	0.02811	0.05375	0.00953	0.00832	0.00261	0.00982	0.04254	0.00457	0.01134
9	0.02118	0.15691	0.39928	0.02149	0.03090	0.18435	0.02424	0.02777	0.01892	0.02367	0.01382	0.01618	0.01059	0.00792	0.00735	0.00236	0.01237	0.00565	0.00371	0.01134
10	0.03059	0.10845	0.02511	0.01921	0.02439	0.41087	0.01514	0.09704	0.04957	0.11781	0.01721	0.01791	0.01309	0.00891	0.00750	0.00223	0.01218	0.00608	0.00567	0.01102
11	0.02070	0.05714	0.01857	0.01456	0.01844	0.01714	0.01183	0.25060	0.02414	0.03411	0.02162	0.02630	0.01771	0.02914	0.25485	0.00637	0.01300	0.00787	0.14566	0.01024
12	0.01004	0.00835	0.00878	0.00883	0.01140	0.00708	0.00656	0.01230	0.01924	0.02353	0.14233	0.11604	0.55513	0.02091	0.00986	0.00282	0.00421	0.01764	0.00787	0.00708
13	0.01207	0.00884	0.01304	0.01304	0.01455	0.01024	0.01013	0.01509	0.01358	0.01994	0.02252	0.03254	0.02080	0.05935	0.63754	0.01271	0.02122	0.00884	0.04654	0.00744
14	0.01957	0.16659	0.44739	0.02272	0.05647	0.10033	0.02566	0.02683	0.01819	0.02436	0.01406	0.01657	0.01067	0.00781	0.00738	0.00241	0.01187	0.00578	0.00363	0.01169
15	0.01208	0.00805	0.00906	0.00906	0.00906	0.00805	0.00503	0.01208	0.01208	0.01611	0.02618	0.05436	0.03020	0.70804	0.04228	0.00805	0.00805	0.01208	0.00503	0.00503
16	0.01156	0.00812	0.01018	0.01022	0.01128	0.00770	0.00692	0.01376	0.01845	0.02557	0.33942	0.17905	0.05866	0.23893	0.02030	0.00449	0.00540	0.01569	0.00757	0.00674
17	0.02601	0.02260	0.14139	0.05877	0.02730	0.01799	0.01696	0.21991	0.02565	0.17439	0.02041	0.02089	0.01430	0.00874	0.00778	0.00228	0.00875	0.00687	0.00684	0.17216
18	0.01460	0.01145	0.01335	0.01366	0.01581	0.01217	0.00986	0.05402	0.21641	0.02714	0.04063	0.45307	0.04339	0.02049	0.00980	0.00315	0.00560	0.01824	0.00798	0.00917
19	0.02007	0.01924	0.03284	0.11474	0.59628	0.01961	0.02525	0.02507	0.01869	0.02655	0.01554	0.02072	0.01295	0.00749	0.00823	0.00250	0.00999	0.00740	0.00407	0.01277
20	0.02234	0.01775	0.02332	0.02722	0.22334	0.01901	0.01667	0.05588	0.32531	0.09884	0.02706	0.02818	0.02082	0.04475	0.01006	0.00293	0.00784	0.00872	0.00709	0.01288
21	0.01548	0.09009	0.01880	0.01663	0.07996	0.01465	0.01174	0.02285	0.13576	0.02904	0.29436	0.04167	0.04461	0.02157	0.12206	0.00437	0.00868	0.01099	0.00709	0.00960
22	0.01993	0.01964	0.03088	0.21173	0.46643	0.05788	0.02432	0.02486	0.01860	0.02523	0.01524	0.02064	0.01248	0.00770	0.00820	0.00252	0.01048	0.00728	0.00401	0.01195
23	0.03158	0.02327	0.02493	0.01911	0.02576	0.02576	0.01579	0.62852	0.03906	0.05236	0.01995	0.01995	0.01413	0.00997	0.00831	0.00249	0.00914	0.00748	0.00831	0.01413
24	0.01128	0.00847	0.01045	0.00995	0.01212	0.00764	0.00746	0.01476	0.02239	0.03065	0.51265	0.06644	0.21924	0.01798	0.00980	0.00266	0.00399	0.01564	0.00879	0.00764
25	0.02221	0.71304	0.04353	0.01421	0.02132	0.03287	0.01421	0.02488	0.01688	0.01955	0.01155	0.01333	0.01066	0.00711	0.00533	0.00178	0.00888	0.00444	0.00355	0.01066
26	0.02056	0.01974	0.03372	0.05099	0.65622	0.01974	0.02550	0.02550	0.01892	0.02714	0.01563	0.02056	0.01316	0.00740	0.00822	0.00247	0.00987	0.00740	0.00411	0.01316
27	0.01187	0.00890	0.01335	0.01335	0.01483	0.01038	0.01038	0.01483	0.01335	0.01928	0.02225	0.03264	0.02077	0.06231	0.67512	0.01335	0.02225	0.00890	0.00445	0.00742
28	0.01187	0.00890	0.01335	0.01335	0.01483	0.01038	0.01038	0.01483	0.01335	0.01928	0.02225	0.03264	0.02077	0.06231	0.67512	0.01335	0.02225	0.00890	0.00445	0.00742
29	0.01046	0.00820	0.00947	0.00965	0.01174	0.00721	0.00705	0.01298	0.01971	0.02546	0.24698	0.19838	0.36147	0.02081	0.00997	0.00286	0.00424	0.01799	0.00814	0.00721
30	0.01003	0.00758	0.00927	0.01063	0.01180	0.00683	0.00729	0.01167	0.01681	0.02158	0.05723	0.51700	0.23318	0.02454	0.01037	0.00320	0.00464	0.02180	0.00771	0.00683
31	0.02261	0.02285	0.03487	0.03785	0.31807	0.09350	0.18312	0.09709	0.02190	0.02919	0.01610	0.02020	0.01281	0.00767	0.00848	0.00246	0.01129	0.00771	0.00469	0.04756
32	0.02871	0.10186	0.02742	0.05683	0.02804	0.42619	0.05391	0.13105	0.02486	0.02605	0.01425	0.01649	0.01141	0.00854	0.00760	0.00224	0.01312	0.00600	0.00485	0.01056

[dist]
# distance from previous block
# <min> <max>
0	1

[block]
# block no. 4 follows, 22 sequences, length 22
# corresponding to MSA columns:
# 244-265
name=unknown_E
#
# <colnr> <probs for GDERKNQSTAVLIFYWHMCP>
#	G	D	E	R	K	N	Q	S	T	A	V	L	I	F	Y	W	H	M	C	P
0	0.02745	0.15056	0.07768	0.01964	0.02537	0.37088	0.01659	0.10462	0.08371	0.02596	0.01568	0.01706	0.01252	0.00869	0.00735	0.00223	0.01220	0.00591	0.00499	0.01090
1	0.03103	0.03959	0.02354	0.02140	0.02568	0.67469	0.01605	0.03317	0.02354	0.02033	0.01284	0.01498	0.01070	0.00856	0.00749	0.00214	0.01498	0.00535	0.00428	0.00963
2	0.02824	0.02161	0.02305	0.01844	0.02449	0.02420	0.01498	0.44969	0.22333	0.04697	0.02419	0.02333	0.01756	0.01037	0.00835	0.00259	0.00836	0.00806	0.00835	0.01383
3	0.01569	0.01477	0.02492	0.68808	0.05722	0.01846	0.02307	0.02123	0.01661	0.02123	0.01477	0.02215	0.01107	0.00831	0.00831	0.00277	0.01107	0.00738	0.00369	0.00923
4	0.01022	0.00843	0.00898	0.00884	0.01147	0.00719	0.00663	0.01271	0.01989	0.02472	0.20293	0.07621	0.53266	0.02019	0.00981	0.00276	0.00415	0.01701	0.00801	0.00719
5	0.01569	0.01477	0.02492	0.68808	0.05722	0.01846	0.02307	0.02123	0.01661	0.02123	0.01477	0.02215	0.01107	0.00831	0.00831	0.00277	0.01107	0.00738	0.00369	0.00923
6	0.01270	0.00982	0.01175	0.01103	0.01352	0.00953	0.00834	0.01911	0.11102	0.03168	0.46763	0.06064	0.16783	0.01685	0.00961	0.00267	0.00435	0.01464	0.00880	0.00846
7	0.02066	0.01785	0.01878	0.01691	0.02160	0.02066	0.01315	0.04414	0.64121	0.03475	0.03381	0.03099	0.02536	0.01127	0.00845	0.00282	0.00657	0.00939	0.00845	0.01315
8	0.02066	0.01785	0.01878	0.01691	0.02160	0.02066	0.01315	0.04414	0.64121	0.03475	0.03381	0.03099	0.02536	0.01127	0.00845	0.00282	0.00657	0.00939	0.00845	0.01315
9	0.01857	0.10169	0.02001	0.01552	0.01869	0.14349	0.01242	0.07333	0.01801	0.02241	0.01892	0.02575	0.01700	0.04058	0.40569	0.00882	0.01807	0.00754	0.00465	0.00883
10	0.01099	0.00778	0.01030	0.01199	0.01269	0.00745	0.00849	0.01273	0.01607	0.02130	0.04305	0.50557	0.05055	0.10831	0.01462	0.00403	0.00576	0.13423	0.00737	0.00671
11	0.02873	0.22054	0.02931	0.01895	0.02451	0.36298	0.01549	0.15567	0.02497	0.02683	0.01398	0.01557	0.01141	0.00846	0.00707	0.00211	0.01209	0.00555	0.00493	0.01086
12	0.05639	0.34961	0.28576	0.01850	0.02728	0.08906	0.02066	0.02623	0.01766	0.02314	0.01300	0.01516	0.01053	0.00759	0.00654	0.00219	0.01070	0.00520	0.00368	0.01112
13	0.02148	0.24810	0.31629	0.02110	0.05845	0.02483	0.02239	0.14279	0.02158	0.02929	0.01487	0.01683	0.01139	0.00803	0.00719	0.00233	0.01049	0.00593	0.00448	0.01217
14	0.02262	0.09821	0.28432	0.02278	0.08155	0.09046	0.02187	0.15253	0.02289	0.05615	0.01804	0.05880	0.01458	0.00946	0.00790	0.00250	0.01072	0.00741	0.00518	0.01205
15	0.21054	0.02536	0.02499	0.03124	0.28866	0.23503	0.01826	0.02775	0.01924	0.02743	0.01369	0.01696	0.01131	0.00786	0.00721	0.00239	0.01069	0.00600	0.00442	0.01096
16	0.20459	0.02927	0.31756	0.08652	0.03349	0.01960	0.11274	0.02509	0.01668	0.02830	0.01415	0.01773	0.01052	0.00807	0.00845	0.00270	0.04320	0.00645	0.00404	0.01085
17	0.01977	0.10104	0.40434	0.02751	0.15377	0.02148	0.02627	0.09919	0.02036	0.02898	0.01533	0.01801	0.01149	0.00797	0.00776	0.00250	0.01110	0.00638	0.00421	0.01252
18	0.02865	0.07213	0.02411	0.01965	0.02466	0.37799	0.01534	0.15777	0.14389	0.02965	0.01822	0.01896	0.01420	0.00928	0.00771	0.00232	0.01181	0.00651	0.00586	0.01129
19	0.01723	0.03898	0.54536	0.02588	0.03740	0.01963	0.14633	0.02637	0.01794	0.02637	0.01528	0.01849	0.01093	0.00772	0.00826	0.00266	0.01261	0.00685	0.00364	0.01207
20	0.03153	0.02485	0.02480	0.01934	0.02575	0.08869	0.01582	0.57079	0.03755	0.04925	0.01926	0.01946	0.01380	0.00984	0.00823	0.00246	0.00971	0.00727	0.00792	0.01369
21	0.01301	0.00938	0.01290	0.01470	0.01660	0.00927	0.01268	0.01662	0.01895	0.02454	0.04646	0.12326	0.08415	0.02299	0.01133	0.00374	0.00730	0.53688	0.00766	0.00757

[dist]
# distance from previous block
# <min> <max>
0	1

[block]
# block no. 5 follows, 22 sequences, length 31
# corresponding to MSA columns:
# 267-297
name=unknown_F
#
# <colnr> <probs for GDERKNQSTAVLIFYWHMCP>
#	G	D	E	R	K	N	Q	S	T	A	V	L	I	F	Y	W	H	M	C	P
0	0.01937	0.01144	0.01369	0.01201	0.01584	0.01077	0.00938	0.02564	0.11919	0.19767	0.22183	0.05349	0.22488	0.01550	0.00921	0.00269	0.00526	0.01311	0.00892	0.01010
1	0.02006	0.02012	0.03598	0.04390	0.44497	0.02073	0.15387	0.02505	0.01829	0.02613	0.01529	0.02066	0.01276	0.00821	0.01094	0.00269	0.09616	0.00790	0.00407	0.01223
2	0.03158	0.02327	0.02493	0.01911	0.02576	0.02576	0.01579	0.62852	0.03906	0.05236	0.01995	0.01995	0.01413	0.00997	0.00831	0.00249	0.00914	0.00748	0.00831	0.01413
3	0.01012	0.00723	0.00964	0.01157	0.01205	0.00675	0.00771	0.01157	0.01591	0.02121	0.04579	0.70262	0.05495	0.02603	0.01060	0.00337	0.00482	0.02362	0.00771	0.00675
4	0.01619	0.01366	0.02213	0.01825	0.02101	0.01543	0.14333	0.02004	0.01584	0.02475	0.01991	0.02645	0.01682	0.02225	0.16420	0.00513	0.17477	0.00834	0.24276	0.00874
5	0.02056	0.01974	0.03372	0.05099	0.65622	0.01974	0.02550	0.02550	0.01892	0.02714	0.01563	0.02056	0.01316	0.00740	0.00822	0.00247	0.00987	0.00740	0.00411	0.01316
6	0.01784	0.17987	0.36051	0.16529	0.03670	0.02210	0.02463	0.02578	0.04807	0.02417	0.01509	0.01830	0.01141	0.00798	0.00746	0.00249	0.01100	0.00620	0.00380	0.01131
7	0.03103	0.03959	0.02354	0.02140	0.02568	0.67469	0.01605	0.03317	0.02354	0.02033	0.01284	0.01498	0.01070	0.00856	0.00749	0.00214	0.01498	0.00535	0.00428	0.00963
8	0.01000	0.00772	0.00913	0.01026	0.01171	0.00686	0.00713	0.01171	0.01716	0.02172	0.06166	0.44503	0.30229	0.02396	0.01028	0.00314	0.00457	0.02110	0.00771	0.00686
9	0.03103	0.03959	0.02354	0.02140	0.02568	0.67469	0.01605	0.03317	0.02354	0.02033	0.01284	0.01498	0.01070	0.00856	0.00749	0.00214	0.01498	0.00535	0.00428	0.00963
10	0.01939	0.01643	0.01744	0.01584	0.02013	0.01860	0.01224	0.06658	0.50797	0.03343	0.03851	0.08867	0.08198	0.01325	0.00874	0.00285	0.00635	0.01115	0.00832	0.01215
11	0.01443	0.00722	0.01082	0.01082	0.01082	0.00722	0.00722	0.01082	0.01082	0.01443	0.01443	0.02525	0.01443	0.02886	0.03247	0.75830	0.00722	0.00722	0.00361	0.00361
12	0.03103	0.03959	0.02354	0.02140	0.02568	0.67469	0.01605	0.03317	0.02354	0.02033	0.01284	0.01498	0.01070	0.00856	0.00749	0.00214	0.01498	0.00535	0.00428	0.00963
13	0.01094	0.00846	0.00997	0.00959	0.01191	0.00749	0.00720	0.01410	0.02159	0.02874	0.41292	0.06959	0.32016	0.01869	0.00981	0.00269	0.00404	0.01608	0.00854	0.00749
14	0.01267	0.01002	0.01464	0.01419	0.01541	0.01215	0.01108	0.01534	0.01321	0.01921	0.02104	0.03196	0.02003	0.08991	0.56121	0.01186	0.10536	0.00886	0.00438	0.00750
15	0.01342	0.01031	0.01275	0.01377	0.01571	0.01065	0.01063	0.02039	0.15168	0.02534	0.04430	0.33724	0.07227	0.02165	0.01038	0.00337	0.00607	0.20380	0.00785	0.00842
16	0.76672	0.01607	0.01221	0.01092	0.01607	0.01864	0.00900	0.02442	0.01414	0.03727	0.01157	0.01350	0.00900	0.00771	0.00514	0.00257	0.00643	0.00450	0.00514	0.00900
17	0.03103	0.03959	0.02354	0.02140	0.02568	0.67469	0.01605	0.03317	0.02354	0.02033	0.01284	0.01498	0.01070	0.00856	0.00749	0.00214	0.01498	0.00535	0.00428	0.00963
18	0.03027	0.03833	0.02365	0.02143	0.02545	0.63638	0.01618	0.03240	0.02290	0.02031	0.01273	0.01517	0.01071	0.00891	0.00866	0.00223	0.05498	0.00546	0.00424	0.00960
19	0.02085	0.02166	0.02667	0.03488	0.34674	0.16126	0.01979	0.02459	0.01840	0.02358	0.01619	0.02181	0.01414	0.01985	0.15264	0.00480	0.04973	0.00727	0.00420	0.01094
20	0.02112	0.53079	0.14713	0.01611	0.02368	0.05858	0.01691	0.02497	0.01711	0.02072	0.01275	0.01514	0.01117	0.01022	0.04125	0.00255	0.01045	0.00501	0.00363	0.01072
21	0.01189	0.00879	0.01281	0.01281	0.01411	0.01009	0.00972	0.01449	0.01319	0.01889	0.02274	0.03535	0.02195	0.14305	0.59599	0.01269	0.02048	0.00930	0.00452	0.00712
22	0.01208	0.00805	0.00906	0.00906	0.00906	0.00805	0.00503	0.01208	0.01208	0.01611	0.02618	0.05436	0.03020	0.70804	0.04228	0.00805	0.00805	0.01208	0.00503	0.00503
23	0.02131	0.60407	0.14460	0.01575	0.02370	0.03066	0.01689	0.02511	0.01699	0.02065	0.01210	0.01401	0.01064	0.00724	0.00575	0.00192	0.00944	0.00472	0.00355	0.01092
24	0.02067	0.52726	0.21584	0.01684	0.02538	0.02911	0.01878	0.02527	0.01706	0.02142	0.01248	0.01449	0.01062	0.00733	0.00604	0.00201	0.00982	0.00491	0.00354	0.01111
25	0.02015	0.55646	0.06468	0.01416	0.02056	0.02783	0.01403	0.02334	0.01791	0.02195	0.09990	0.02378	0.02152	0.00920	0.00633	0.00202	0.00830	0.03317	0.00450	0.01021
26	0.02077	0.53881	0.20513	0.01668	0.02513	0.02934	0.01850	0.02525	0.01705	0.02130	0.01242	0.01442	0.01063	0.00731	0.00600	0.00200	0.00977	0.00488	0.00354	0.01108
27	0.01828	0.23808	0.48404	0.02092	0.03169	0.02325	0.02590	0.02589	0.01735	0.02434	0.01393	0.01631	0.01056	0.00766	0.00715	0.00238	0.01129	0.00564	0.00352	0.01181
28	0.01864	0.28172	0.44357	0.02031	0.03074	0.02413	0.02482	0.02580	0.01730	0.02390	0.01371	0.01604	0.01057	0.00761	0.00698	0.00233	0.01107	0.00553	0.00352	0.01170
29	0.02043	0.38950	0.28205	0.01835	0.02722	0.05884	0.02064	0.02669	0.04511	0.02288	0.01390	0.01582	0.01126	0.00767	0.00657	0.00217	0.01040	0.00536	0.00379	0.01135
30	0.02133	0.51843	0.15679	0.01673	0.02425	0.05793	0.01758	0.02522	0.01705	0.02086	0.01219	0.01447	0.01065	0.00775	0.00719	0.00206	0.05014	0.00496	0.00358	0.01082

[dist]
# distance from previous block
# <min> <max>
0	44

[block]
# block no. 6 follows, 22 sequences, length 59
# corresponding to MSA columns:
# 342-400
name=unknown_G
#
# <colnr> <probs for GDERKNQSTAVLIFYWHMCP>
#	G	D	E	R	K	N	Q	S	T	A	V	L	I	F	Y	W	H	M	C	P
0	0.08661	0.18512	0.06538	0.05058	0.02531	0.19744	0.01568	0.16068	0.02324	0.02932	0.01476	0.01701	0.01186	0.01082	0.03817	0.00272	0.01118	0.00584	0.00504	0.04323
1	0.21806	0.01837	0.02410	0.02991	0.28687	0.05031	0.05338	0.02557	0.06997	0.02953	0.02431	0.02660	0.09051	0.00949	0.00768	0.00257	0.00849	0.00807	0.00520	0.01102
2	0.02645	0.38977	0.03394	0.01766	0.02341	0.34096	0.01510	0.02886	0.02008	0.01992	0.01217	0.01412	0.01068	0.00780	0.00637	0.00195	0.01181	0.00488	0.00390	0.01017
3	0.06647	0.61226	0.09627	0.01485	0.02229	0.03082	0.01535	0.02497	0.01677	0.02121	0.01185	0.01371	0.01055	0.00721	0.00554	0.00190	0.00903	0.00459	0.00365	0.01070
4	0.02558	0.01776	0.01898	0.01533	0.02023	0.01934	0.01238	0.41307	0.03133	0.04422	0.02359	0.06421	0.01868	0.01085	0.00772	0.00238	0.00734	0.00853	0.22667	0.01181
5	0.01077	0.00821	0.00990	0.01000	0.01194	0.00734	0.00730	0.01357	0.02042	0.02718	0.33667	0.19935	0.26684	0.02020	0.00997	0.00283	0.00420	0.01763	0.00837	0.00734
6	0.02221	0.71304	0.04353	0.01421	0.02132	0.03287	0.01421	0.02488	0.01688	0.01955	0.01155	0.01333	0.01066	0.00711	0.00533	0.00178	0.00888	0.00444	0.00355	0.01066
7	0.01187	0.00890	0.01335	0.01335	0.01483	0.01038	0.01038	0.01483	0.01335	0.01928	0.02225	0.03264	0.02077	0.06231	0.67512	0.01335	0.02225	0.00890	0.00445	0.00742
8	0.01569	0.01477	0.02492	0.68808	0.05722	0.01846	0.02307	0.02123	0.01661	0.02123	0.01477	0.02215	0.01107	0.00831	0.00831	0.00277	0.01107	0.00738	0.00369	0.00923
9	0.00982	0.00842	0.00842	0.00842	0.01122	0.00701	0.00631	0.01192	0.01894	0.02244	0.08416	0.07995	0.65285	0.02104	0.00982	0.00281	0.00421	0.01753	0.00771	0.00701
10	0.03309	0.02084	0.02343	0.01796	0.02455	0.02216	0.01484	0.47222	0.03500	0.21439	0.02336	0.02216	0.01584	0.01005	0.00832	0.00251	0.00859	0.00771	0.00883	0.01413
11	0.00982	0.00842	0.00842	0.00842	0.01122	0.00701	0.00631	0.01192	0.01894	0.02244	0.08416	0.07995	0.65285	0.02104	0.00982	0.00281	0.00421	0.01753	0.00771	0.00701
12	0.03103	0.03959	0.02354	0.02140	0.02568	0.67469	0.01605	0.03317	0.02354	0.02033	0.01284	0.01498	0.01070	0.00856	0.00749	0.00214	0.01498	0.00535	0.00428	0.00963
13	0.01002	0.00763	0.00923	0.01050	0.01177	0.00684	0.00724	0.01169	0.01693	0.02162	0.05874	0.49243	0.25677	0.02434	0.01034	0.00318	0.00461	0.02156	0.00771	0.00684
14	0.01666	0.04297	0.66500	0.02368	0.03596	0.01929	0.03069	0.02631	0.01754	0.02631	0.01491	0.01754	0.01052	0.00789	0.00789	0.00263	0.01228	0.00614	0.00351	0.01228
15	0.01713	0.01722	0.02923	0.02354	0.02622	0.02075	0.18557	0.02065	0.01478	0.02167	0.01515	0.02267	0.01364	0.02341	0.17115	0.00563	0.34994	0.00835	0.00398	0.00929
16	0.02010	0.01736	0.01825	0.01647	0.02107	0.01996	0.01280	0.04248	0.60912	0.03412	0.03641	0.03352	0.05772	0.01177	0.00852	0.00282	0.00645	0.00981	0.00841	0.01283
17	0.02026	0.01943	0.03318	0.09002	0.61953	0.01966	0.02535	0.02523	0.01877	0.02678	0.01557	0.02066	0.01303	0.00746	0.00823	0.00249	0.00994	0.00740	0.00409	0.01292
18	0.01930	0.01654	0.02211	0.19416	0.03183	0.01594	0.04468	0.12135	0.02078	0.02966	0.01572	0.01924	0.01229	0.00740	0.00726	0.00192	0.00834	0.00624	0.00512	0.40011
19	0.00982	0.00842	0.00842	0.00842	0.01122	0.00701	0.00631	0.01192	0.01894	0.02244	0.08416	0.07995	0.65285	0.02104	0.00982	0.00281	0.00421	0.01753	0.00771	0.00701
20	0.03158	0.02327	0.02493	0.01911	0.02576	0.02576	0.01579	0.62852	0.03906	0.05236	0.01995	0.01995	0.01413	0.00997	0.00831	0.00249	0.00914	0.00748	0.00831	0.01413
21	0.02056	0.01974	0.03372	0.05099	0.65622	0.01974	0.02550	0.02550	0.01892	0.02714	0.01563	0.02056	0.01316	0.00740	0.00822	0.00247	0.00987	0.00740	0.00411	0.01316
22	0.01012	0.00723	0.00964	0.01157	0.01205	0.00675	0.00771	0.01157	0.01591	0.02121	0.04579	0.70262	0.05495	0.02603	0.01060	0.00337	0.00482	0.02362	0.00771	0.00675
23	0.01201	0.00834	0.01051	0.01051	0.01101	0.00884	0.00684	0.01301	0.01251	0.01718	0.02485	0.04703	0.02702	0.49007	0.25590	0.00984	0.01285	0.01101	0.00484	0.00584
24	0.01012	0.00723	0.00964	0.01157	0.01205	0.00675	0.00771	0.01157	0.01591	0.02121	0.04579	0.70262	0.05495	0.02603	0.01060	0.00337	0.00482	0.02362	0.00771	0.00675
25	0.03158	0.02327	0.02493	0.01911	0.02576	0.02576	0.01579	0.62852	0.03906	0.05236	0.01995	0.01995	0.01413	0.00997	0.00831	0.00249	0.00914	0.00748	0.00831	0.01413
26	0.02056	0.01974	0.03372	0.05099	0.65622	0.01974	0.02550	0.02550	0.01892	0.02714	0.01563	0.02056	0.01316	0.00740	0.00822	0.00247	0.00987	0.00740	0.00411	0.01316
27	0.01665	0.01637	0.01309	0.01236	0.01568	0.16138	0.00930	0.02009	0.05820	0.05252	0.06059	0.08743	0.41074	0.01730	0.00917	0.00267	0.00699	0.01408	0.00709	0.00831
28	0.02466	0.01889	0.02038	0.01724	0.02244	0.02115	0.01369	0.24384	0.36353	0.07263	0.02969	0.06741	0.02301	0.01166	0.00853	0.00273	0.00738	0.00953	0.00845	0.01315
29	0.01723	0.01477	0.01723	0.01230	0.01969	0.01107	0.00984	0.02092	0.01723	0.02707	0.01477	0.01723	0.01230	0.00615	0.00615	0.00123	0.00615	0.00492	0.00492	0.75883
30	0.01176	0.00849	0.01110	0.01045	0.01241	0.00784	0.00784	0.01568	0.02352	0.03331	0.65184	0.06206	0.07839	0.01698	0.00980	0.00261	0.00392	0.01502	0.00914	0.00784
31	0.01620	0.01527	0.02166	0.01916	0.01963	0.02073	0.01574	0.01838	0.01292	0.01977	0.01446	0.02270	0.01399	0.02949	0.22997	0.00668	0.48302	0.00778	0.00389	0.00856
32	0.01626	0.04013	0.61115	0.02259	0.03402	0.01835	0.02881	0.02543	0.01803	0.02689	0.06736	0.02121	0.01611	0.00864	0.00805	0.00263	0.01159	0.00687	0.00397	0.01191
33	0.01569	0.01477	0.02492	0.68808	0.05722	0.01846	0.02307	0.02123	0.01661	0.02123	0.01477	0.02215	0.01107	0.00831	0.00831	0.00277	0.01107	0.00738	0.00369	0.00923
34	0.01112	0.00822	0.01051	0.01078	0.01219	0.00800	0.00771	0.01346	0.01743	0.02358	0.20607	0.20516	0.15299	0.11822	0.15052	0.00572	0.00847	0.01579	0.00708	0.00700
35	0.02056	0.01974	0.03372	0.05099	0.65622	0.01974	0.02550	0.02550	0.01892	0.02714	0.01563	0.02056	0.01316	0.00740	0.00822	0.00247	0.00987	0.00740	0.00411	0.01316
36	0.01666	0.04297	0.66500	0.02368	0.03596	0.01929	0.03069	0.02631	0.01754	0.02631	0.01491	0.01754	0.01052	0.00789	0.00789	0.00263	0.01228	0.00614	0.00351	0.01228
37	0.01569	0.01477	0.02492	0.68808	0.05722	0.01846	0.02307	0.02123	0.01661	0.02123	0.01477	0.02215	0.01107	0.00831	0.00831	0.00277	0.01107	0.00738	0.00369	0.00923
38	0.02066	0.01785	0.01878	0.01691	0.02160	0.02066	0.01315	0.04414	0.64121	0.03475	0.03381	0.03099	0.02536	0.01127	0.00845	0.00282	0.00657	0.00939	0.00845	0.01315
39	0.02724	0.02111	0.02249	0.01824	0.02411	0.02373	0.01474	0.39613	0.27852	0.04536	0.02546	0.02434	0.01859	0.01049	0.00837	0.00262	0.00812	0.00824	0.00837	0.01374
