[name]
unknown

[dist]
# distance from previous block
# <min> <max>
0	85

[block]
# block no. 0 follows, 21 sequences, length 52
# corresponding to MSA columns:
# 85-136
name=unknown_A
#
# <colnr> <probs for GDERKNQSTAVLIFYWHMCP>
#	G	D	E	R	K	N	Q	S	T	A	V	L	I	F	Y	W	H	M	C	P
0	0.06018	0.10460	0.11883	0.04921	0.05456	0.07305	0.01709	0.06896	0.02026	0.02782	0.02216	0.03654	0.02080	0.01165	0.00823	0.00258	0.00940	0.14852	0.00546	0.14010
1	0.01610	0.02038	0.17310	0.01945	0.08387	0.01355	0.01673	0.04517	0.01981	0.02856	0.12601	0.13652	0.03299	0.01331	0.00877	0.00256	0.00787	0.05505	0.00612	0.17408
2	0.08171	0.08558	0.08506	0.01702	0.02361	0.07319	0.01513	0.12311	0.13021	0.12524	0.02276	0.02497	0.01742	0.00983	0.00777	0.00245	0.00871	0.03349	0.00684	0.10590
3	0.02595	0.03336	0.21400	0.02655	0.12476	0.17976	0.02230	0.20967	0.02642	0.03374	0.01645	0.01856	0.01237	0.00883	0.00817	0.00250	0.01189	0.00671	0.00539	0.01263
4	0.02217	0.16152	0.14502	0.02407	0.03048	0.15693	0.15162	0.02685	0.01855	0.02309	0.01376	0.01783	0.01140	0.00927	0.01200	0.00267	0.15119	0.00685	0.00395	0.01079
5	0.02039	0.09595	0.23585	0.03159	0.20542	0.02276	0.07670	0.07095	0.01951	0.02771	0.01516	0.01912	0.01208	0.00885	0.01076	0.00270	0.10092	0.00707	0.00423	0.01228
6	0.01497	0.01263	0.01345	0.01255	0.01609	0.01311	0.00961	0.02648	0.27399	0.02993	0.15101	0.05830	0.30107	0.01677	0.00948	0.00285	0.00527	0.01411	0.00844	0.00992
7	0.01216	0.00912	0.01368	0.01368	0.01520	0.01064	0.01064	0.01520	0.01368	0.01976	0.02279	0.03343	0.02127	0.06382	0.66720	0.01368	0.02279	0.00912	0.00456	0.00760
8	0.02275	0.70604	0.04459	0.01456	0.02184	0.03367	0.01456	0.02548	0.01729	0.02002	0.01183	0.01365	0.01092	0.00728	0.00546	0.00182	0.00910	0.00455	0.00364	0.01092
9	0.01193	0.00858	0.01059	0.01015	0.01175	0.00800	0.00717	0.01478	0.02076	0.02871	0.43711	0.06348	0.12472	0.18463	0.01816	0.00406	0.00508	0.01491	0.00819	0.00724
10	0.01112	0.00915	0.00984	0.00958	0.01235	0.00813	0.00721	0.01488	0.05287	0.02634	0.21762	0.07484	0.47596	0.02002	0.00998	0.00283	0.00437	0.01690	0.00830	0.00772
11	0.01016	0.00821	0.00905	0.00972	0.01178	0.00709	0.00695	0.01209	0.01834	0.02256	0.07288	0.28991	0.44497	0.02328	0.01033	0.00307	0.00452	0.02007	0.00790	0.00709
12	0.01114	0.00866	0.01012	0.00975	0.01216	0.00764	0.00731	0.01430	0.02194	0.02904	0.38873	0.07195	0.33809	0.01930	0.01005	0.00277	0.00415	0.01656	0.00870	0.00764
13	0.76103	0.01646	0.01251	0.01119	0.01646	0.01909	0.00922	0.02502	0.01448	0.03818	0.01185	0.01382	0.00922	0.00790	0.00527	0.00263	0.00658	0.00461	0.00527	0.00922
14	0.76103	0.01646	0.01251	0.01119	0.01646	0.01909	0.00922	0.02502	0.01448	0.03818	0.01185	0.01382	0.00922	0.00790	0.00527	0.00263	0.00658	0.00461	0.00527	0.00922
15	0.76103	0.01646	0.01251	0.01119	0.01646	0.01909	0.00922	0.02502	0.01448	0.03818	0.01185	0.01382	0.00922	0.00790	0.00527	0.00263	0.00658	0.00461	0.00527	0.00922
16	0.01029	0.00770	0.00957	0.01106	0.01214	0.00698	0.00755	0.01194	0.01705	0.02203	0.05650	0.54565	0.19981	0.02541	0.01067	0.00331	0.00478	0.02267	0.00790	0.00698
17	0.01232	0.00846	0.01035	0.01035	0.01073	0.00883	0.00649	0.01306	0.01269	0.01730	0.02583	0.05026	0.02858	0.54544	0.19558	0.00957	0.01180	0.01158	0.00501	0.00575
18	0.15982	0.02598	0.02297	0.01859	0.02463	0.15677	0.01501	0.39500	0.03227	0.04418	0.01743	0.01823	0.01283	0.00951	0.00777	0.00249	0.01011	0.00668	0.00710	0.01260
19	0.01586	0.00793	0.00793	0.00793	0.00991	0.00793	0.00595	0.01983	0.01785	0.03173	0.02776	0.03173	0.02181	0.00991	0.00595	0.00198	0.00397	0.00793	0.74817	0.00793
20	0.01757	0.00843	0.00883	0.00848	0.01082	0.00828	0.00645	0.02148	0.01834	0.07919	0.02820	0.03152	0.02176	0.00996	0.00615	0.00203	0.00422	0.00798	0.69188	0.00843
21	0.01101	0.00796	0.01050	0.01202	0.01305	0.00746	0.00861	0.01318	0.01791	0.02387	0.12468	0.49839	0.09366	0.02476	0.01083	0.00338	0.00517	0.09830	0.00808	0.00719
22	0.01331	0.01082	0.01590	0.01523	0.01648	0.01340	0.01207	0.01614	0.01356	0.01989	0.02071	0.03078	0.01947	0.05506	0.55269	0.01189	0.14147	0.00882	0.00441	0.00790
23	0.01216	0.00912	0.01368	0.01368	0.01520	0.01064	0.01064	0.01520	0.01368	0.01976	0.02279	0.03343	0.02127	0.06382	0.66720	0.01368	0.02279	0.00912	0.00456	0.00760
24	0.01226	0.00873	0.01169	0.01169	0.01253	0.00956	0.00816	0.01392	0.01309	0.01829	0.02461	0.04348	0.02564	0.35151	0.38548	0.01123	0.01623	0.01059	0.00483	0.00650
25	0.01037	0.00741	0.00987	0.01185	0.01234	0.00691	0.00790	0.01185	0.01629	0.02172	0.04690	0.69537	0.05629	0.02666	0.01086	0.00346	0.00494	0.02419	0.00790	0.00691
26	0.02050	0.01942	0.03295	0.04944	0.59975	0.01942	0.02517	0.02547	0.01939	0.02762	0.01822	0.02678	0.01619	0.00880	0.00868	0.00263	0.00994	0.05207	0.00449	0.01305
27	0.01758	0.01661	0.02891	0.12405	0.32958	0.01680	0.09332	0.02219	0.01877	0.02602	0.05661	0.16247	0.02557	0.01211	0.00922	0.00281	0.00940	0.01172	0.00521	0.01105
28	0.02173	0.02508	0.09326	0.07083	0.40846	0.11316	0.02439	0.02655	0.01917	0.02570	0.01500	0.01977	0.01252	0.00858	0.01026	0.00263	0.07940	0.00714	0.00411	0.01227
29	0.02881	0.03491	0.02701	0.03035	0.19904	0.48708	0.01913	0.03180	0.02280	0.02277	0.01395	0.01694	0.01166	0.00844	0.00788	0.00229	0.01389	0.00606	0.00434	0.01087
30	0.06046	0.01633	0.01858	0.04118	0.02215	0.01440	0.01142	0.11956	0.02112	0.03246	0.01634	0.01869	0.01306	0.00727	0.00668	0.00164	0.00693	0.00567	0.03660	0.52944
31	0.01850	0.15053	0.31404	0.07396	0.06702	0.05048	0.08240	0.02509	0.01817	0.02462	0.01796	0.08592	0.01577	0.00975	0.00813	0.00261	0.01128	0.00828	0.00419	0.01130
32	0.01441	0.00997	0.01183	0.01202	0.01438	0.00945	0.00886	0.05265	0.05059	0.07313	0.05570	0.35389	0.23038	0.02196	0.01023	0.00315	0.00541	0.04541	0.00817	0.00840
33	0.02306	0.02077	0.03198	0.06820	0.34296	0.02170	0.08761	0.15057	0.10498	0.03381	0.01948	0.02264	0.01518	0.00865	0.00866	0.00263	0.01003	0.00814	0.00568	0.01327
34	0.01006	0.00862	0.00862	0.00862	0.01149	0.00718	0.00647	0.01221	0.01940	0.02299	0.08621	0.08190	0.64438	0.02155	0.01006	0.00287	0.00431	0.01796	0.00790	0.00718
35	0.01038	0.00778	0.00964	0.01098	0.01215	0.00704	0.00754	0.01216	0.01748	0.02269	0.08788	0.50768	0.20593	0.02489	0.01062	0.00327	0.00473	0.02216	0.00798	0.00704
36	0.01006	0.00862	0.00862	0.00862	0.01149	0.00718	0.00647	0.01221	0.01940	0.02299	0.08621	0.08190	0.64438	0.02155	0.01006	0.00287	0.00431	0.01796	0.00790	0.00718
37	0.01046	0.00837	0.00936	0.00968	0.01189	0.00727	0.00704	0.01278	0.01950	0.02458	0.17112	0.21415	0.41991	0.02198	0.01023	0.00297	0.00440	0.01890	0.00815	0.00727
38	0.01707	0.04402	0.65683	0.02426	0.03683	0.01976	0.03144	0.02695	0.01797	0.02695	0.01527	0.01797	0.01078	0.00809	0.00809	0.00270	0.01258	0.00629	0.00359	0.01258
39	0.02106	0.02022	0.03454	0.05223	0.64784	0.02022	0.02612	0.02612	0.01938	0.02780	0.01601	0.02106	0.01348	0.00758	0.00842	0.00253	0.01011	0.00758	0.00421	0.01348
40	0.05638	0.14129	0.49487	0.02201	0.03293	0.06065	0.02690	0.02706	0.01806	0.02612	0.01446	0.01696	0.01073	0.00800	0.00753	0.00253	0.01192	0.00590	0.00373	0.01200
41	0.02095	0.03578	0.33392	0.02824	0.09651	0.13926	0.12928	0.02931	0.05650	0.02648	0.01646	0.01949	0.01237	0.00821	0.00842	0.00263	0.01280	0.00712	0.00423	0.01203
42	0.02126	0.02093	0.02386	0.02917	0.23204	0.12690	0.01793	0.03117	0.20223	0.02836	0.02879	0.03751	0.05202	0.01203	0.00895	0.00280	0.00937	0.09667	0.00629	0.01172
43	0.01037	0.00741	0.00987	0.01185	0.01234	0.00691	0.00790	0.01185	0.01629	0.02172	0.04690	0.69537	0.05629	0.02666	0.01086	0.00346	0.00494	0.02419	0.00790	0.00691
44	0.76103	0.01646	0.01251	0.01119	0.01646	0.01909	0.00922	0.02502	0.01448	0.03818	0.01185	0.01382	0.00922	0.00790	0.00527	0.00263	0.00658	0.00461	0.00527	0.00922
45	0.76103	0.01646	0.01251	0.01119	0.01646	0.01909	0.00922	0.02502	0.01448	0.03818	0.01185	0.01382	0.00922	0.00790	0.00527	0.00263	0.00658	0.00461	0.00527	0.00922
46	0.01371	0.00862	0.01127	0.01127	0.01298	0.00950	0.00867	0.01714	0.01542	0.02477	0.02488	0.03272	0.02150	0.04123	0.39003	0.00878	0.01490	0.00862	0.31624	0.00774
47	0.01031	0.00863	0.00898	0.00889	0.01165	0.00729	0.00667	0.01271	0.02000	0.02443	0.15811	0.07953	0.57158	0.02102	0.01006	0.00285	0.00427	0.01763	0.00809	0.00729
48	0.02095	0.02052	0.03627	0.05043	0.58114	0.02036	0.09143	0.02624	0.01946	0.02774	0.01614	0.02127	0.01342	0.00754	0.00860	0.00257	0.01058	0.00785	0.00422	0.01326
49	0.02117	0.01828	0.01924	0.01732	0.02213	0.02117	0.01347	0.04522	0.63246	0.03560	0.03464	0.03175	0.02598	0.01155	0.00866	0.00289	0.00673	0.00962	0.00866	0.01347
50	0.01565	0.03196	0.42581	0.02092	0.02943	0.01732	0.02438	0.02300	0.01639	0.02440	0.01735	0.02273	0.01401	0.02550	0.21066	0.00611	0.05240	0.00722	0.00390	0.01088
51	0.01887	0.01538	0.02172	0.05957	0.21669	0.01624	0.01592	0.02723	0.19690	0.02670	0.02163	0.02582	0.01771	0.01435	0.01451	0.19043	0.00804	0.00803	0.03990	0.04436

[dist]
# distance from previous block
# <min> <max>
2	5

[block]
# block no. 1 follows, 21 sequences, length 44
# corresponding to MSA columns:
# 142-185
name=unknown_B
#
# <colnr> <probs for GDERKNQSTAVLIFYWHMCP>
#	G	D	E	R	K	N	Q	S	T	A	V	L	I	F	Y	W	H	M	C	P
0	0.02327	0.02613	0.06795	0.04174	0.43547	0.16690	0.02352	0.02903	0.05506	0.02661	0.01637	0.02019	0.01346	0.00811	0.00825	0.00248	0.01125	0.00714	0.00447	0.01261
1	0.02497	0.02967	0.06244	0.10512	0.20349	0.30306	0.02048	0.03126	0.09026	0.02489	0.01672	0.01978	0.01339	0.00868	0.00811	0.00247	0.01230	0.00682	0.00471	0.01139
2	0.01167	0.00855	0.01008	0.00993	0.01131	0.00819	0.00677	0.01349	0.01701	0.02256	0.18173	0.06181	0.20130	0.29653	0.09746	0.00619	0.00790	0.01415	0.00676	0.00661
3	0.01049	0.00791	0.00971	0.01079	0.01215	0.00713	0.00751	0.01249	0.01816	0.02366	0.13372	0.44213	0.22520	0.02404	0.01053	0.00319	0.00464	0.02132	0.00809	0.00713
4	0.01323	0.00853	0.01095	0.01093	0.01246	0.00901	0.00812	0.01631	0.01650	0.02534	0.12041	0.06584	0.03285	0.10654	0.27275	0.00745	0.01193	0.01065	0.23272	0.00748
5	0.01707	0.04402	0.65683	0.02426	0.03683	0.01976	0.03144	0.02695	0.01797	0.02695	0.01527	0.01797	0.01078	0.00809	0.00809	0.00270	0.01258	0.00629	0.00359	0.01258
6	0.01060	0.00757	0.01014	0.01211	0.01271	0.00711	0.00830	0.01225	0.01652	0.02198	0.04678	0.65379	0.05578	0.02644	0.01092	0.00349	0.00514	0.06348	0.00790	0.00698
7	0.76103	0.01646	0.01251	0.01119	0.01646	0.01909	0.00922	0.02502	0.01448	0.03818	0.01185	0.01382	0.00922	0.00790	0.00527	0.00263	0.00658	0.00461	0.00527	0.00922
8	0.02462	0.01491	0.01836	0.01347	0.02070	0.01174	0.01091	0.02824	0.01993	0.24035	0.02139	0.02149	0.01548	0.00774	0.00707	0.00173	0.00662	0.00624	0.00691	0.50213
9	0.03115	0.03922	0.02382	0.02165	0.02606	0.62797	0.01626	0.03466	0.06066	0.02172	0.01444	0.01633	0.01186	0.00894	0.00773	0.00223	0.01483	0.00573	0.00464	0.01008
10	0.01157	0.00881	0.01081	0.01133	0.01347	0.00805	0.00888	0.01462	0.02043	0.02662	0.22878	0.14661	0.27239	0.02142	0.01056	0.00314	0.00518	0.16149	0.00830	0.00756
11	0.01226	0.00820	0.00932	0.00944	0.00947	0.00817	0.00532	0.01234	0.01261	0.01681	0.02802	0.09412	0.03246	0.66042	0.04136	0.00796	0.00805	0.01309	0.00532	0.00526
12	0.02106	0.02022	0.03454	0.05223	0.64784	0.02022	0.02612	0.02612	0.01938	0.02780	0.01601	0.02106	0.01348	0.00758	0.00842	0.00253	0.01011	0.00758	0.00421	0.01348
13	0.01095	0.00816	0.01029	0.01182	0.01291	0.00770	0.00823	0.01360	0.04283	0.02268	0.05190	0.54907	0.13848	0.02513	0.01070	0.00337	0.00507	0.05189	0.00793	0.00727
14	0.02424	0.01785	0.01679	0.01414	0.01834	0.08546	0.01121	0.26455	0.02750	0.03945	0.02324	0.02540	0.01768	0.00992	0.00717	0.00224	0.00737	0.00756	0.36907	0.01079
15	0.02651	0.32309	0.09505	0.01903	0.02545	0.33465	0.01712	0.02969	0.02062	0.02109	0.01280	0.01489	0.01093	0.00807	0.00678	0.00208	0.01243	0.00517	0.00399	0.01058
16	0.02124	0.14057	0.42329	0.02230	0.03224	0.16857	0.02556	0.02833	0.01926	0.02454	0.01429	0.01674	0.01084	0.00812	0.00761	0.00245	0.01269	0.00585	0.00378	0.01172
17	0.03235	0.02384	0.02554	0.01958	0.02639	0.02639	0.01618	0.61946	0.04001	0.05363	0.02043	0.02043	0.01447	0.01022	0.00851	0.00255	0.00936	0.00766	0.00851	0.01447
18	0.01216	0.00912	0.01368	0.01368	0.01520	0.01064	0.01064	0.01520	0.01368	0.01976	0.02279	0.03343	0.02127	0.06382	0.66720	0.01368	0.02279	0.00912	0.00456	0.00760
19	0.02397	0.10604	0.07767	0.03074	0.17052	0.22721	0.13054	0.02830	0.02011	0.02390	0.01437	0.01833	0.01189	0.00854	0.00988	0.00252	0.07316	0.00693	0.00413	0.01124
20	0.01037	0.00741	0.00987	0.01185	0.01234	0.00691	0.00790	0.01185	0.01629	0.02172	0.04690	0.69537	0.05629	0.02666	0.01086	0.00346	0.00494	0.02419	0.00790	0.00691
21	0.01015	0.00827	0.00899	0.00957	0.01174	0.00710	0.00689	0.01211	0.01849	0.02262	0.07470	0.26153	0.47218	0.02305	0.01029	0.00304	0.00449	0.01979	0.00790	0.00710
22	0.02247	0.02581	0.06011	0.07396	0.32729	0.20856	0.02119	0.02664	0.02056	0.02481	0.02300	0.02618	0.08365	0.00959	0.00838	0.00249	0.01119	0.00807	0.00462	0.01142
23	0.01914	0.18965	0.38837	0.02698	0.12713	0.02309	0.05993	0.02651	0.01815	0.02552	0.01471	0.01774	0.01134	0.00777	0.00765	0.00248	0.01151	0.00630	0.00374	0.01228
24	0.01037	0.00741	0.00987	0.01185	0.01234	0.00691	0.00790	0.01185	0.01629	0.02172	0.04690	0.69537	0.05629	0.02666	0.01086	0.00346	0.00494	0.02419	0.00790	0.00691
25	0.02769	0.03367	0.02855	0.02699	0.09745	0.44449	0.08772	0.03074	0.02182	0.02232	0.01371	0.01725	0.01150	0.00917	0.01040	0.00249	0.09290	0.00648	0.00428	0.01039
26	0.01037	0.00741	0.00987	0.01185	0.01234	0.00691	0.00790	0.01185	0.01629	0.02172	0.04690	0.69537	0.05629	0.02666	0.01086	0.00346	0.00494	0.02419	0.00790	0.00691
27	0.04773	0.00848	0.00997	0.01112	0.01241	0.00841	0.00775	0.01601	0.04581	0.02561	0.03998	0.46912	0.04418	0.02096	0.00929	0.00303	0.00486	0.01859	0.18912	0.00758
28	0.02473	0.17528	0.02773	0.05623	0.02486	0.02464	0.01519	0.28071	0.02663	0.03591	0.01847	0.05397	0.01548	0.01054	0.00986	0.00247	0.08498	0.00761	0.04141	0.06331
29	0.02262	0.10081	0.03235	0.02332	0.02722	0.05659	0.12500	0.13784	0.02049	0.02802	0.01420	0.01902	0.01208	0.01144	0.01744	0.00305	0.32531	0.00753	0.00477	0.01090
30	0.01096	0.00857	0.00993	0.00977	0.01210	0.00754	0.00726	0.01390	0.02127	0.02785	0.33126	0.11630	0.35272	0.02006	0.01010	0.00283	0.00422	0.01725	0.00855	0.00754
31	0.02109	0.01498	0.02421	0.52955	0.05024	0.01746	0.02111	0.02622	0.01868	0.16510	0.01931	0.02411	0.01355	0.00897	0.00852	0.00279	0.01041	0.00779	0.00531	0.01059
32	0.01133	0.00855	0.01054	0.01087	0.01284	0.00777	0.00818	0.01429	0.02070	0.02748	0.29706	0.19386	0.23857	0.02109	0.01040	0.00302	0.00471	0.08272	0.00848	0.00754
33	0.01057	0.00769	0.00997	0.01140	0.01232	0.00709	0.00779	0.01246	0.01764	0.02354	0.13248	0.55369	0.11207	0.02493	0.01068	0.00330	0.00475	0.02243	0.00810	0.00709
34	0.02799	0.32016	0.03272	0.01883	0.02443	0.40077	0.01565	0.03041	0.02125	0.02049	0.01260	0.01463	0.01094	0.00814	0.00674	0.00204	0.01272	0.00509	0.00407	0.01031
35	0.02042	0.15286	0.07793	0.09152	0.36618	0.02332	0.02322	0.02506	0.01797	0.02492	0.01454	0.01928	0.01237	0.00846	0.01004	0.00256	0.08636	0.00689	0.00397	0.01212
36	0.15528	0.02229	0.02784	0.07579	0.37912	0.11936	0.02094	0.02764	0.04371	0.02855	0.01552	0.01941	0.01270	0.00804	0.00776	0.00253	0.01022	0.00681	0.00458	0.01192
37	0.01037	0.00741	0.00987	0.01185	0.01234	0.00691	0.00790	0.01185	0.01629	0.02172	0.04690	0.69537	0.05629	0.02666	0.01086	0.00346	0.00494	0.02419	0.00790	0.00691
38	0.01127	0.00906	0.01147	0.08570	0.01730	0.00863	0.00912	0.01407	0.01940	0.02505	0.19459	0.22690	0.29563	0.02044	0.01008	0.00297	0.00520	0.01779	0.00777	0.00756
39	0.01607	0.01513	0.02552	0.68047	0.05861	0.01891	0.02363	0.02174	0.01702	0.02174	0.01513	0.02269	0.01134	0.00851	0.00851	0.00284	0.01134	0.00756	0.00378	0.00945
40	0.01216	0.00912	0.01368	0.01368	0.01520	0.01064	0.01064	0.01520	0.01368	0.01976	0.02279	0.03343	0.02127	0.06382	0.66720	0.01368	0.02279	0.00912	0.00456	0.00760
41	0.01053	0.00864	0.00927	0.00911	0.01178	0.00738	0.00684	0.01312	0.02051	0.02562	0.21782	0.07757	0.51114	0.02057	0.01005	0.00283	0.00424	0.01735	0.00825	0.00738
42	0.01620	0.01163	0.01516	0.01409	0.01661	0.01316	0.01110	0.12421	0.01888	0.02719	0.02293	0.03091	0.02011	0.04812	0.47435	0.01036	0.01826	0.00872	0.08915	0.00887
43	0.01848	0.01500	0.01849	0.01812	0.06620	0.04005	0.01321	0.15955	0.02186	0.02969	0.06882	0.03392	0.07108	0.03597	0.30949	0.00769	0.04697	0.00957	0.00602	0.00983

[dist]
# distance from previous block
# <min> <max>
0	2

[block]
# block no. 2 follows, 21 sequences, length 107
# corresponding to MSA columns:
# 188-294
name=unknown_C
#
# <colnr> <probs for GDERKNQSTAVLIFYWHMCP>
#	G	D	E	R	K	N	Q	S	T	A	V	L	I	F	Y	W	H	M	C	P
0	0.20655	0.02752	0.13397	0.02422	0.11990	0.15194	0.01909	0.06153	0.01905	0.02914	0.01374	0.01713	0.01112	0.00934	0.01061	0.00271	0.12077	0.00617	0.00457	0.01091
1	0.25334	0.16951	0.02496	0.01699	0.02220	0.27557	0.01391	0.06022	0.02013	0.02773	0.01279	0.01494	0.01061	0.00853	0.00736	0.00233	0.03887	0.00522	0.00469	0.01011
2	0.02282	0.02423	0.03169	0.03875	0.35569	0.16227	0.08053	0.02706	0.01973	0.02560	0.01550	0.02021	0.01300	0.00870	0.01042	0.00259	0.08445	0.00737	0.03760	0.01179
3	0.01050	0.00757	0.00999	0.01186	0.01254	0.00705	0.00809	0.01213	0.01659	0.02195	0.04875	0.63837	0.08481	0.02627	0.01086	0.00345	0.00504	0.04931	0.00790	0.00697
4	0.01376	0.01148	0.01675	0.01583	0.01697	0.01447	0.01262	0.01651	0.01352	0.01994	0.01991	0.02975	0.01877	0.05167	0.50845	0.01121	0.18732	0.00870	0.00435	0.00802
5	0.01765	0.01513	0.01765	0.01260	0.02017	0.01134	0.01008	0.02143	0.01765	0.02773	0.01513	0.01765	0.01260	0.00630	0.00630	0.00126	0.00630	0.00504	0.00504	0.75295
6	0.01032	0.00761	0.00966	0.01131	0.01220	0.00696	0.00766	0.01191	0.01681	0.02194	0.05348	0.59274	0.15467	0.02581	0.01073	0.00336	0.00483	0.02315	0.00790	0.00696
7	0.01655	0.01594	0.02048	0.22076	0.03091	0.08692	0.01657	0.02011	0.01573	0.02060	0.01748	0.02574	0.01545	0.03283	0.28835	0.00747	0.12729	0.00797	0.00416	0.00870
8	0.01070	0.00754	0.00978	0.01143	0.01184	0.00713	0.00745	0.01194	0.01565	0.02087	0.04360	0.59031	0.05212	0.13740	0.01619	0.00424	0.00548	0.02225	0.00745	0.00662
9	0.03143	0.03214	0.02445	0.02066	0.02611	0.35610	0.01616	0.28518	0.06541	0.03570	0.01749	0.01845	0.01332	0.00955	0.00809	0.00239	0.01230	0.00665	0.00639	0.01204
10	0.01060	0.00841	0.00890	0.00911	0.01110	0.00739	0.00633	0.01221	0.01753	0.02143	0.06900	0.14172	0.44713	0.17094	0.01743	0.00411	0.00524	0.01740	0.00730	0.00671
11	0.01210	0.00800	0.00980	0.01011	0.01093	0.00756	0.00663	0.01213	0.01490	0.01935	0.07333	0.16589	0.16850	0.23121	0.02609	0.19073	0.00637	0.01458	0.00610	0.00570
12	0.61454	0.01794	0.01513	0.01288	0.01845	0.02056	0.01062	0.14452	0.01962	0.04129	0.01357	0.01515	0.01027	0.00837	0.00592	0.00262	0.00714	0.00522	0.00592	0.01027
13	0.01216	0.00912	0.01368	0.01368	0.01520	0.01064	0.01064	0.01520	0.01368	0.01976	0.02279	0.03343	0.02127	0.06382	0.66720	0.01368	0.02279	0.00912	0.00456	0.00760
14	0.01109	0.00815	0.00922	0.00973	0.01080	0.00755	0.00630	0.01219	0.01569	0.01998	0.05149	0.23047	0.23850	0.30316	0.02399	0.00524	0.00610	0.01728	0.00677	0.00628
15	0.02264	0.01337	0.01564	0.01331	0.01718	0.01348	0.01037	0.16708	0.02409	0.16168	0.07032	0.07460	0.09456	0.09211	0.06575	0.00410	0.00804	0.01100	0.11027	0.01041
16	0.01238	0.00825	0.00928	0.00928	0.00928	0.00825	0.00516	0.01238	0.01238	0.01650	0.02681	0.05569	0.03094	0.70092	0.04331	0.00825	0.00825	0.01238	0.00516	0.00516
17	0.01765	0.01513	0.01765	0.01260	0.02017	0.01134	0.01008	0.02143	0.01765	0.02773	0.01513	0.01765	0.01260	0.00630	0.00630	0.00126	0.00630	0.00504	0.00504	0.75295
18	0.01037	0.00741	0.00987	0.01185	0.01234	0.00691	0.00790	0.01185	0.01629	0.02172	0.04690	0.69537	0.05629	0.02666	0.01086	0.00346	0.00494	0.02419	0.00790	0.00691
19	0.01006	0.00862	0.00862	0.00862	0.01149	0.00718	0.00647	0.01221	0.01940	0.02299	0.08621	0.08190	0.64438	0.02155	0.01006	0.00287	0.00431	0.01796	0.00790	0.00718
20	0.02991	0.02764	0.02697	0.02682	0.15213	0.19897	0.01826	0.34046	0.03152	0.03950	0.01756	0.01918	0.01332	0.00929	0.00827	0.00245	0.01114	0.00705	0.00652	0.01302
21	0.01267	0.00878	0.01024	0.01012	0.01188	0.00807	0.00712	0.01463	0.01816	0.05076	0.17441	0.09829	0.23946	0.24033	0.02088	0.00465	0.00589	0.04918	0.00743	0.00704
22	0.02427	0.02041	0.02298	0.02336	0.13395	0.05639	0.01576	0.24600	0.18072	0.03777	0.02974	0.03104	0.08122	0.04528	0.01036	0.00293	0.00860	0.00929	0.00733	0.01260
23	0.03179	0.04056	0.02412	0.02192	0.02631	0.66676	0.01644	0.03398	0.02412	0.02083	0.01315	0.01535	0.01096	0.00877	0.00767	0.00219	0.01535	0.00548	0.00438	0.00987
24	0.02106	0.02022	0.03454	0.05223	0.64784	0.02022	0.02612	0.02612	0.01938	0.02780	0.01601	0.02106	0.01348	0.00758	0.00842	0.00253	0.01011	0.00758	0.00421	0.01348
25	0.01105	0.00871	0.01000	0.00982	0.01230	0.00766	0.00746	0.01406	0.02133	0.02768	0.31253	0.07508	0.38375	0.01995	0.01013	0.00284	0.00436	0.04520	0.00850	0.00756
26	0.02106	0.02022	0.03454	0.05223	0.64784	0.02022	0.02612	0.02612	0.01938	0.02780	0.01601	0.02106	0.01348	0.00758	0.00842	0.00253	0.01011	0.00758	0.00421	0.01348
27	0.01071	0.00755	0.00977	0.01141	0.01182	0.00714	0.00743	0.01194	0.01563	0.02083	0.04348	0.58641	0.05197	0.14151	0.01639	0.00427	0.00550	0.02218	0.00743	0.00661
28	0.01026	0.00821	0.00905	0.00969	0.01167	0.00715	0.00687	0.01210	0.01808	0.02229	0.07090	0.27759	0.42783	0.05400	0.01182	0.00330	0.00469	0.01971	0.00778	0.00700
29	0.01207	0.00857	0.01140	0.01160	0.01236	0.00923	0.00800	0.01364	0.01339	0.01856	0.02701	0.11126	0.02904	0.33359	0.33158	0.01029	0.01471	0.01207	0.00516	0.00648
30	0.02078	0.01993	0.03403	0.08786	0.61443	0.02015	0.02598	0.02587	0.01924	0.02746	0.01596	0.02115	0.01336	0.00763	0.00843	0.00254	0.01018	0.00758	0.00419	0.01325
31	0.01029	0.00773	0.00955	0.01100	0.01212	0.00698	0.00752	0.01195	0.01711	0.02206	0.05723	0.53421	0.21078	0.02532	0.01065	0.00330	0.00477	0.02256	0.00790	0.00698
32	0.01049	0.00781	0.00949	0.01075	0.01181	0.00712	0.00725	0.01200	0.01670	0.02152	0.05506	0.47045	0.20648	0.09440	0.01398	0.00380	0.00511	0.02136	0.00762	0.00680
33	0.01238	0.00825	0.00928	0.00928	0.00928	0.00825	0.00516	0.01238	0.01238	0.01650	0.02681	0.05569	0.03094	0.70092	0.04331	0.00825	0.00825	0.01238	0.00516	0.00516
34	0.06512	0.02160	0.03104	0.12120	0.47324	0.09017	0.02378	0.02639	0.01932	0.02694	0.01535	0.02021	0.01270	0.00784	0.00817	0.00253	0.01062	0.00718	0.00424	0.01236
35	0.02025	0.01960	0.03414	0.20129	0.31254	0.02055	0.14305	0.05894	0.05286	0.02803	0.01727	0.02238	0.01356	0.00809	0.00879	0.00269	0.01105	0.00819	0.00460	0.01213
36	0.01216	0.00912	0.01368	0.01368	0.01520	0.01064	0.01064	0.01520	0.01368	0.01976	0.02279	0.03343	0.02127	0.06382	0.66720	0.01368	0.02279	0.00912	0.00456	0.00760
37	0.02153	0.02112	0.03408	0.05090	0.62045	0.04870	0.02569	0.02646	0.01959	0.02750	0.01588	0.02081	0.01337	0.00763	0.00839	0.00251	0.01034	0.00749	0.00422	0.01332
38	0.02438	0.05990	0.05354	0.06370	0.12049	0.28824	0.01948	0.02744	0.01917	0.02204	0.01314	0.01762	0.01141	0.01029	0.01373	0.00274	0.21175	0.00649	0.00406	0.01038
39	0.01100	0.00796	0.01039	0.01125	0.01244	0.00736	0.00788	0.01349	0.01944	0.02656	0.27822	0.42284	0.09381	0.02285	0.01051	0.00313	0.00455	0.02051	0.00846	0.00736
40	0.02932	0.03505	0.02383	0.08122	0.02883	0.50653	0.01678	0.06720	0.08562	0.02426	0.01591	0.01795	0.01271	0.00911	0.00790	0.00234	0.01378	0.00621	0.00499	0.01045
41	0.02563	0.01893	0.05615	0.01701	0.02229	0.01854	0.01414	0.30958	0.06377	0.12313	0.02993	0.20618	0.02721	0.01470	0.00914	0.00284	0.00791	0.01232	0.00835	0.01225
42	0.01216	0.00912	0.01368	0.01368	0.01520	0.01064	0.01064	0.01520	0.01368	0.01976	0.02279	0.03343	0.02127	0.06382	0.66720	0.01368	0.02279	0.00912	0.00456	0.00760
43	0.02190	0.34127	0.03340	0.01888	0.05039	0.09158	0.01576	0.02689	0.08739	0.02246	0.01769	0.02021	0.03913	0.01030	0.01161	0.00250	0.16685	0.00659	0.00451	0.01069
44	0.02017	0.10548	0.18083	0.01940	0.02486	0.18065	0.01856	0.02453	0.01768	0.02192	0.01602	0.02124	0.01383	0.02456	0.19498	0.00567	0.08876	0.00681	0.00408	0.00996
45	0.02275	0.70604	0.04459	0.01456	0.02184	0.03367	0.01456	0.02548	0.01729	0.02002	0.01183	0.01365	0.01092	0.00728	0.00546	0.00182	0.00910	0.00455	0.00364	0.01092
46	0.01017	0.00863	0.00878	0.00874	0.01156	0.00723	0.00655	0.01243	0.01966	0.02362	0.11800	0.08085	0.61220	0.02132	0.01006	0.00286	0.00429	0.01781	0.00799	0.00723
47	0.03235	0.02384	0.02554	0.01958	0.02639	0.02639	0.01618	0.61946	0.04001	0.05363	0.02043	0.02043	0.01447	0.01022	0.00851	0.00255	0.00936	0.00766	0.00851	0.01447
48	0.01148	0.00868	0.01059	0.01011	0.01237	0.00779	0.00759	0.01497	0.02276	0.03097	0.48536	0.06877	0.24025	0.01858	0.01004	0.00273	0.00410	0.01612	0.00895	0.00779
49	0.01798	0.03858	0.51461	0.03065	0.17648	0.01987	0.03023	0.02676	0.01829	0.02715	0.01544	0.01867	0.01140	0.00797	0.00816	0.00266	0.01201	0.00658	0.00373	0.01278
50	0.10058	0.14541	0.08371	0.02107	0.06130	0.36425	0.01687	0.02937	0.02076	0.02346	0.01500	0.05244	0.01337	0.00928	0.00732	0.00231	0.01231	0.00645	0.00446	0.01027
51	0.01216	0.00912	0.01368	0.01368	0.01520	0.01064	0.01064	0.01520	0.01368	0.01976	0.02279	0.03343	0.02127	0.06382	0.66720	0.01368	0.02279	0.00912	0.00456	0.00760
52	0.01371	0.00980	0.01371	0.01567	0.01763	0.00980	0.01371	0.01763	0.01959	0.02547	0.04506	0.09599	0.04898	0.02351	0.01175	0.00392	0.00784	0.59056	0.00784	0.00784
53	0.02148	0.02236	0.03156	0.20244	0.36692	0.12310	0.05868	0.02635	0.01959	0.02515	0.01540	0.02067	0.01251	0.00798	0.00842	0.00257	0.01150	0.00739	0.00414	0.01179
54	0.01821	0.17711	0.53374	0.02231	0.03382	0.02256	0.02805	0.02666	0.01783	0.02556	0.01458	0.01710	0.01081	0.00792	0.00756	0.00252	0.01188	0.00594	0.00360	0.01224
55	0.03179	0.04056	0.02412	0.02192	0.02631	0.66676	0.01644	0.03398	0.02412	0.02083	0.01315	0.01535	0.01096	0.00877	0.00767	0.00219	0.01535	0.00548	0.00438	0.00987
56	0.01238	0.00825	0.00928	0.00928	0.00928	0.00825	0.00516	0.01238	0.01238	0.01650	0.02681	0.05569	0.03094	0.70092	0.04331	0.00825	0.00825	0.01238	0.00516	0.00516
57	0.02275	0.70604	0.04459	0.01456	0.02184	0.03367	0.01456	0.02548	0.01729	0.02002	0.01183	0.01365	0.01092	0.00728	0.00546	0.00182	0.00910	0.00455	0.00364	0.01092
58	0.01878	0.01373	0.01613	0.01523	0.01836	0.01437	0.01198	0.22604	0.02545	0.03377	0.03901	0.30216	0.06673	0.01999	0.01019	0.00321	0.00708	0.13989	0.00810	0.00977
59	0.01948	0.02718	0.17179	0.03354	0.04294	0.02117	0.49958	0.02720	0.01966	0.02720	0.01683	0.02196	0.01249	0.00736	0.00965	0.00283	0.01399	0.00929	0.00416	0.01170
60	0.01862	0.01862	0.02607	0.02234	0.02234	0.02607	0.01862	0.02048	0.01303	0.02048	0.01117	0.01862	0.01117	0.01489	0.02793	0.00372	0.68535	0.00745	0.00372	0.00931
61	0.01219	0.00899	0.01302	0.01302	0.01431	0.01028	0.00981	0.01477	0.01348	0.01927	0.02340	0.03677	0.02273	0.15945	0.57356	0.01286	0.02061	0.00961	0.00465	0.00723
62	0.02713	0.14693	0.03383	0.02539	0.06331	0.38434	0.14822	0.03066	0.02183	0.02248	0.01398	0.01704	0.01152	0.00811	0.00786	0.00230	0.01380	0.00644	0.00423	0.01059
63	0.01235	0.00836	0.00983	0.00983	0.01002	0.00855	0.00584	0.01273	0.01254	0.01691	0.02631	0.05290	0.02973	0.62119	0.12139	0.00893	0.01007	0.01197	0.00508	0.00546
64	0.01037	0.00741	0.00987	0.01185	0.01234	0.00691	0.00790	0.01185	0.01629	0.02172	0.04690	0.69537	0.05629	0.02666	0.01086	0.00346	0.00494	0.02419	0.00790	0.00691
65	0.01048	0.00745	0.00984	0.01170	0.01217	0.00699	0.00774	0.01188	0.01607	0.02143	0.04576	0.65887	0.05484	0.06513	0.01271	0.00373	0.00513	0.02352	0.00774	0.00681
66	0.01055	0.00755	0.01004	0.01173	0.01238	0.00703	0.00791	0.01231	0.01714	0.02307	0.11164	0.62680	0.05889	0.02566	0.01077	0.00337	0.00484	0.02324	0.00806	0.00703
67	0.01765	0.01513	0.01765	0.01260	0.02017	0.01134	0.01008	0.02143	0.01765	0.02773	0.01513	0.01765	0.01260	0.00630	0.00630	0.00126	0.00630	0.00504	0.00504	0.75295
68	0.01077	0.00758	0.00976	0.01133	0.01173	0.00718	0.00735	0.01196	0.01551	0.02067	0.04287	0.56677	0.05119	0.16222	0.01739	0.00442	0.00560	0.02182	0.00735	0.00656
69	0.01006	0.00862	0.00862	0.00862	0.01149	0.00718	0.00647	0.01221	0.01940	0.02299	0.08621	0.08190	0.64438	0.02155	0.01006	0.00287	0.00431	0.01796	0.00790	0.00718
70	0.01216	0.00912	0.01368	0.01368	0.01520	0.01064	0.01064	0.01520	0.01368	0.01976	0.02279	0.03343	0.02127	0.06382	0.66720	0.01368	0.02279	0.00912	0.00456	0.00760
71	0.76103	0.01646	0.01251	0.01119	0.01646	0.01909	0.00922	0.02502	0.01448	0.03818	0.01185	0.01382	0.00922	0.00790	0.00527	0.00263	0.00658	0.00461	0.00527	0.00922
72	0.03235	0.02384	0.02554	0.01958	0.02639	0.02639	0.01618	0.61946	0.04001	0.05363	0.02043	0.02043	0.01447	0.01022	0.00851	0.00255	0.00936	0.00766	0.00851	0.01447
73	0.01948	0.01142	0.01179	0.01048	0.01352	0.01198	0.00819	0.15121	0.02270	0.03653	0.02616	0.02925	0.02020	0.00998	0.00651	0.00211	0.00515	0.00787	0.58611	0.00936
74	0.49259	0.01572	0.01520	0.01266	0.01841	0.01665	0.01044	0.03113	0.01815	0.26678	0.01992	0.01945	0.01362	0.00888	0.00649	0.00263	0.00683	0.00608	0.00722	0.01117
75	0.76103	0.01646	0.01251	0.01119	0.01646	0.01909	0.00922	0.02502	0.01448	0.03818	0.01185	0.01382	0.00922	0.00790	0.00527	0.00263	0.00658	0.00461	0.00527	0.00922
76	0.02024	0.02164	0.02096	0.09191	0.06329	0.21327	0.01584	0.02341	0.01992	0.02381	0.11418	0.03702	0.06294	0.01567	0.04131	0.00334	0.12911	0.06744	0.00549	0.00921
77	0.76103	0.01646	0.01251	0.01119	0.01646	0.01909	0.00922	0.02502	0.01448	0.03818	0.01185	0.01382	0.00922	0.00790	0.00527	0.00263	0.00658	0.00461	0.00527	0.00922
78	0.02890	0.12458	0.02966	0.02455	0.10191	0.30559	0.04223	0.18584	0.02662	0.03047	0.01540	0.01746	0.01227	0.00874	0.00778	0.00231	0.01223	0.00637	0.00535	0.01173
79	0.01040	0.00873	0.00910	0.00928	0.01207	0.00743	0.00715	0.01272	0.01942	0.02322	0.08234	0.08322	0.58845	0.02174	0.01022	0.00297	0.00464	0.07175	0.00790	0.00725
80	0.03235	0.02384	0.02554	0.01958	0.02639	0.02639	0.01618	0.61946	0.04001	0.05363	0.02043	0.02043	0.01447	0.01022	0.00851	0.00255	0.00936	0.00766	0.00851	0.01447
81	0.03818	0.01448	0.01975	0.01514	0.02172	0.01251	0.01251	0.04147	0.02436	0.65373	0.03357	0.02897	0.02107	0.01053	0.00856	0.00263	0.00724	0.00856	0.01053	0.01448
82	0.01090	0.00826	0.01009	0.01077	0.01249	0.00746	0.00783	0.01338	0.01944	0.02546	0.20869	0.30465	0.24921	0.02252	0.01045	0.00310	0.00469	0.05500	0.00826	0.00734
83	0.03235	0.02384	0.02554	0.01958	0.02639	0.02639	0.01618	0.61946	0.04001	0.05363	0.02043	0.02043	0.01447	0.01022	0.00851	0.00255	0.00936	0.00766	0.00851	0.01447
84	0.01238	0.00825	0.00928	0.00928	0.00928	0.00825	0.00516	0.01238	0.01238	0.01650	0.02681	0.05569	0.03094	0.70092	0.04331	0.00825	0.00825	0.01238	0.00516	0.00516
85	0.01211	0.00814	0.00936	0.00962	0.00968	0.00808	0.00551	0.01231	0.01289	0.01718	0.02943	0.13895	0.03424	0.61317	0.03909	0.00763	0.00782	0.01391	0.00551	0.00539
86	0.03099	0.02282	0.02457	0.01910	0.02552	0.02519	0.01566	0.58191	0.03855	0.05166	0.02207	0.06214	0.01706	0.01123	0.00866	0.00261	0.00909	0.00868	0.00848	0.01401
87	0.01607	0.01513	0.02552	0.68047	0.05861	0.01891	0.02363	0.02174	0.01702	0.02174	0.01513	0.02269	0.01134	0.00851	0.00851	0.00284	0.01134	0.00756	0.00378	0.00945
88	0.03179	0.04056	0.02412	0.02192	0.02631	0.66676	0.01644	0.03398	0.02412	0.02083	0.01315	0.01535	0.01096	0.00877	0.00767	0.00219	0.01535	0.00548	0.00438	0.00987
89	0.01035	0.00748	0.00980	0.01166	0.01229	0.00693	0.00782	0.01187	0.01648	0.02180	0.04921	0.65932	0.09085	0.02636	0.01081	0.00342	0.00490	0.02383	0.00790	0.00693
90	0.02106	0.02022	0.03454	0.05223	0.64784	0.02022	0.02612	0.02612	0.01938	0.02780	0.01601	0.02106	0.01348	0.00758	0.00842	0.00253	0.01011	0.00758	0.00421	0.01348
91	0.01064	0.00765	0.01000	0.01177	0.01245	0.00716	0.00802	0.01222	0.01646	0.02176	0.04797	0.59707	0.08660	0.05864	0.01243	0.00368	0.00523	0.05560	0.00776	0.00690
92	0.01250	0.00831	0.00987	0.00977	0.01066	0.00806	0.00635	0.01431	0.01702	0.02416	0.23014	0.09535	0.04774	0.36453	0.02658	0.00549	0.00622	0.01364	0.08282	0.00649
93	0.02232	0.22641	0.03099	0.09410	0.09908	0.17206	0.01766	0.02539	0.01805	0.02135	0.01379	0.01838	0.01219	0.01384	0.06637	0.00342	0.12405	0.00631	0.00398	0.01027
94	0.03182	0.03961	0.02420	0.02179	0.02631	0.63045	0.01643	0.06718	0.02502	0.02269	0.01357	0.01564	0.01116	0.00885	0.00772	0.00221	0.01501	0.00560	0.00462	0.01013
95	0.02574	0.02844	0.02832	0.03531	0.31646	0.29225	0.02046	0.06542	0.02265	0.02623	0.01852	0.02160	0.04343	0.00893	0.00819	0.00240	0.01198	0.00721	0.00473	0.01171
96	0.01570	0.01306	0.01752	0.02108	0.15370	0.01302	0.01306	0.05740	0.08772	0.02951	0.16525	0.14368	0.16932	0.01671	0.00966	0.00288	0.00639	0.04698	0.00750	0.00986
97	0.03182	0.03953	0.02420	0.02178	0.02631	0.62718	0.01643	0.07017	0.02510	0.02286	0.01360	0.01566	0.01118	0.00886	0.00773	0.00221	0.01498	0.00562	0.00464	0.01015
98	0.02760	0.02270	0.02511	0.02400	0.11851	0.05885	0.01695	0.34318	0.19639	0.04309	0.02322	0.02331	0.01725	0.01010	0.00849	0.00262	0.00909	0.00806	0.00768	0.01380
99	0.01073	0.00767	0.01029	0.01226	0.01292	0.00723	0.00853	0.01248	0.01665	0.02213	0.04670	0.63032	0.05549	0.02632	0.01096	0.00351	0.00525	0.08566	0.00789	0.00701
100	0.01522	0.01343	0.02165	0.44158	0.04315	0.01664	0.01916	0.01994	0.01601	0.02172	0.01751	0.02563	0.01438	0.02272	0.17355	0.00554	0.05089	0.00796	0.04442	0.00890
101	0.01052	0.00869	0.00926	0.00927	0.01197	0.00743	0.00705	0.01303	0.02007	0.02469	0.16320	0.08000	0.53494	0.02106	0.01014	0.00290	0.00444	0.04589	0.00811	0.00734
102	0.01478	0.00739	0.01109	0.01109	0.01109	0.00739	0.00739	0.01109	0.01109	0.01478	0.01478	0.02587	0.01478	0.02956	0.03326	0.75240	0.00739	0.00739	0.00370	0.00370
103	0.02465	0.02814	0.03037	0.20274	0.07511	0.29210	0.13836	0.06072	0.02200	0.02454	0.01505	0.01944	0.01179	0.00839	0.00846	0.00254	0.01344	0.00719	0.00442	0.01054
104	0.01955	0.22653	0.44875	0.02144	0.03204	0.06359	0.02586	0.02698	0.01816	0.02466	0.01419	0.01661	0.01083	0.00791	0.00734	0.00242	0.01179	0.00576	0.00366	0.01195
105	0.01821	0.01719	0.02911	0.34320	0.33563	0.01904	0.02405	0.02343	0.01794	0.02450	0.01599	0.02255	0.01294	0.01132	0.04718	0.00333	0.01143	0.00766	0.00403	0.01125
106	0.05995	0.01065	0.01334	0.01552	0.07889	0.01002	0.01063	0.01708	0.01890	0.06046	0.05697	0.17277	0.29266	0.01988	0.00997	0.00311	0.00600	0.12727	0.00750	0.00845

[dist]
# distance from previous block
# <min> <max>
66	188

[block]
# block no. 3 follows, 21 sequences, length 24
# corresponding to MSA columns:
# 543-566
name=unknown_D
#
# <colnr> <probs for GDERKNQSTAVLIFYWHMCP>
#	G	D	E	R	K	N	Q	S	T	A	V	L	I	F	Y	W	H	M	C	P
0	0.02151	0.01700	0.01861	0.01578	0.01952	0.05254	0.01232	0.23559	0.02418	0.03293	0.02192	0.05806	0.01985	0.11958	0.15200	0.00565	0.05495	0.00904	0.03929	0.06970
1	0.01192	0.00963	0.01343	0.01335	0.01518	0.00914	0.05662	0.01533	0.05638	0.02294	0.04972	0.44114	0.15896	0.06881	0.01270	0.00359	0.00591	0.02016	0.00748	0.00763
2	0.02560	0.02774	0.02702	0.02936	0.19289	0.26903	0.01902	0.08552	0.02191	0.02628	0.01439	0.01814	0.01213	0.00957	0.01163	0.00254	0.13720	0.00660	0.00466	0.05878
3	0.01186	0.00902	0.00998	0.01001	0.01165	0.00856	0.00679	0.01484	0.05851	0.02249	0.11157	0.13593	0.26538	0.26096	0.02180	0.00482	0.00591	0.01587	0.00713	0.00695
4	0.01283	0.00892	0.01040	0.00989	0.01212	0.00800	0.00715	0.01534	0.02011	0.06190	0.27834	0.06720	0.28547	0.14623	0.01617	0.00379	0.00510	0.01543	0.00808	0.00754
5	0.02046	0.02071	0.06499	0.16091	0.48409	0.02023	0.02552	0.05141	0.01979	0.02781	0.01601	0.02116	0.01300	0.00789	0.00843	0.00259	0.01043	0.00752	0.00429	0.01276
6	0.02046	0.02496	0.10096	0.15769	0.13624	0.15054	0.06904	0.02515	0.01831	0.02323	0.01529	0.02094	0.01266	0.01474	0.07784	0.00386	0.10615	0.00734	0.00407	0.01052
7	0.01105	0.00887	0.01000	0.01032	0.01290	0.00782	0.00814	0.01379	0.02001	0.02485	0.14565	0.08256	0.45349	0.02145	0.01040	0.00306	0.00500	0.13513	0.00807	0.00742
8	0.01603	0.01153	0.01461	0.01367	0.01591	0.01276	0.01040	0.12763	0.01890	0.02655	0.02530	0.09157	0.02440	0.13352	0.36175	0.00925	0.01560	0.01053	0.05157	0.00851
9	0.01673	0.01509	0.09218	0.01403	0.01823	0.01170	0.04067	0.02182	0.06794	0.10580	0.12035	0.05043	0.17985	0.15586	0.04821	0.00441	0.00803	0.01239	0.00708	0.00921
10	0.01877	0.01539	0.02228	0.02477	0.17571	0.01568	0.06224	0.13961	0.02117	0.02881	0.02635	0.17389	0.02722	0.18853	0.01797	0.00421	0.00872	0.01256	0.00612	0.01000
11	0.01223	0.00865	0.00966	0.00964	0.01202	0.00787	0.00715	0.01502	0.01836	0.02573	0.09533	0.14542	0.28881	0.02170	0.06163	0.00350	0.00587	0.01479	0.19249	0.04414
12	0.02323	0.02433	0.03243	0.04611	0.52220	0.15092	0.02416	0.02771	0.02034	0.02639	0.01543	0.01991	0.01297	0.00782	0.00827	0.00246	0.01117	0.00716	0.00425	0.01275
13	0.11588	0.01452	0.01432	0.04269	0.01773	0.08853	0.01069	0.05477	0.01783	0.02773	0.02115	0.02703	0.01780	0.02926	0.24908	0.00646	0.01318	0.00761	0.21510	0.00865
14	0.02501	0.01520	0.01830	0.04618	0.02210	0.01592	0.01271	0.03779	0.29972	0.24068	0.09344	0.07840	0.03100	0.01266	0.00890	0.00282	0.00673	0.01072	0.00908	0.01265
15	0.01472	0.01117	0.01335	0.01246	0.01513	0.01152	0.00952	0.11365	0.02087	0.02767	0.10343	0.10307	0.21494	0.07128	0.21085	0.00643	0.01099	0.01352	0.00697	0.00846
16	0.01710	0.01621	0.01956	0.02204	0.13413	0.11120	0.05110	0.02015	0.01839	0.02408	0.07614	0.19715	0.03202	0.07598	0.09205	0.00452	0.01037	0.01279	0.05604	0.00897
17	0.01996	0.06329	0.03005	0.03081	0.22720	0.05910	0.12847	0.02758	0.12733	0.02628	0.02199	0.05700	0.01964	0.10815	0.01362	0.00345	0.01006	0.00949	0.00529	0.01124
18	0.01577	0.01013	0.01308	0.01230	0.01404	0.01085	0.00902	0.01913	0.04793	0.08295	0.08858	0.04192	0.03002	0.23778	0.23238	0.00791	0.04213	0.01054	0.06558	0.00797
19	0.01223	0.00907	0.01166	0.01207	0.01319	0.00933	0.00885	0.01426	0.01635	0.02193	0.09856	0.17186	0.10953	0.21114	0.11066	0.00610	0.04209	0.10755	0.00663	0.00694
20	0.01602	0.01379	0.01835	0.01443	0.01960	0.01176	0.05819	0.01914	0.01677	0.02499	0.02196	0.13997	0.02226	0.09107	0.01276	0.00270	0.04037	0.00973	0.00543	0.44072
21	0.01174	0.00841	0.01078	0.01221	0.01303	0.00823	0.00855	0.01429	0.04233	0.02194	0.04234	0.45203	0.04910	0.15141	0.01697	0.00440	0.00610	0.11173	0.00741	0.00701
22	0.01127	0.00791	0.00994	0.01093	0.01182	0.00756	0.00738	0.01302	0.01653	0.02254	0.10203	0.39487	0.09734	0.14555	0.05668	0.00473	0.00643	0.01894	0.04771	0.00683
23	0.06381	0.01230	0.04963	0.01651	0.05573	0.01192	0.01294	0.01744	0.01579	0.02316	0.02944	0.04528	0.06449	0.04329	0.38134	0.00913	0.01638	0.11769	0.00536	0.00836

[dist]
# distance from previous block
# <min> <max>
10	32

[block]
# block no. 4 follows, 21 sequences, length 46
# corresponding to MSA columns:
# 599-644
name=unknown_E
#
# <colnr> <probs for GDERKNQSTAVLIFYWHMCP>
#	G	D	E	R	K	N	Q	S	T	A	V	L	I	F	Y	W	H	M	C	P
0	0.02132	0.02644	0.20607	0.04082	0.40413	0.01951	0.04939	0.02765	0.01942	0.07883	0.01729	0.02093	0.01333	0.00795	0.00840	0.00260	0.01072	0.00740	0.00456	0.01323
1	0.02106	0.02022	0.03454	0.05223	0.64784	0.02022	0.02612	0.02612	0.01938	0.02780	0.01601	0.02106	0.01348	0.00758	0.00842	0.00253	0.01011	0.00758	0.00421	0.01348
2	0.02106	0.02022	0.03454	0.05223	0.64784	0.02022	0.02612	0.02612	0.01938	0.02780	0.01601	0.02106	0.01348	0.00758	0.00842	0.00253	0.01011	0.00758	0.00421	0.01348
3	0.02257	0.02373	0.03284	0.09711	0.44761	0.13956	0.06055	0.02728	0.02010	0.02598	0.01548	0.02026	0.01281	0.00785	0.00839	0.00251	0.01144	0.00734	0.00421	0.01236
4	0.01138	0.00854	0.01089	0.01112	0.01275	0.00848	0.00812	0.01345	0.01644	0.02171	0.09662	0.14656	0.22366	0.09687	0.23521	0.03892	0.01108	0.01471	0.00647	0.00703
5	0.01071	0.00830	0.00928	0.00967	0.01179	0.00727	0.00701	0.01305	0.01920	0.02468	0.15073	0.22801	0.38861	0.02163	0.01004	0.00294	0.00441	0.01862	0.04678	0.00727
6	0.76103	0.01646	0.01251	0.01119	0.01646	0.01909	0.00922	0.02502	0.01448	0.03818	0.01185	0.01382	0.00922	0.00790	0.00527	0.00263	0.00658	0.00461	0.00527	0.00922
7	0.02106	0.02022	0.03454	0.05223	0.64784	0.02022	0.02612	0.02612	0.01938	0.02780	0.01601	0.02106	0.01348	0.00758	0.00842	0.00253	0.01011	0.00758	0.00421	0.01348
8	0.01907	0.01626	0.01736	0.01606	0.02019	0.01844	0.01231	0.03881	0.51384	0.03300	0.03943	0.12190	0.06808	0.01415	0.00903	0.00296	0.00635	0.01205	0.00851	0.01222
9	0.01101	0.00866	0.00994	0.00962	0.01208	0.00759	0.00721	0.01405	0.02164	0.02832	0.35264	0.07313	0.37463	0.01957	0.01005	0.00278	0.00417	0.01673	0.00860	0.00759
