[name]
unknown

[dist]
# distance from previous block
# <min> <max>
0	11

[block]
# block no. 0 follows, 23 sequences, length 160
# corresponding to MSA columns:
# 11-170
name=unknown_A
#
# <colnr> <probs for GDERKNQSTAVLIFYWHMCP>
#	G	D	E	R	K	N	Q	S	T	A	V	L	I	F	Y	W	H	M	C	P
0	0.02205	0.04964	0.20033	0.01689	0.02356	0.01586	0.01695	0.07913	0.09572	0.18556	0.11310	0.03480	0.02750	0.01152	0.00843	0.00265	0.00813	0.06946	0.00716	0.01156
1	0.01861	0.01854	0.05146	0.07230	0.05622	0.01774	0.15705	0.03053	0.25166	0.02866	0.02181	0.02348	0.01668	0.00833	0.00797	0.00235	0.00868	0.00785	0.00574	0.19434
2	0.25143	0.17515	0.06976	0.01358	0.01873	0.09314	0.01217	0.02360	0.01799	0.05760	0.14121	0.05125	0.02505	0.01011	0.00677	0.00233	0.00767	0.00753	0.00556	0.00938
3	0.02809	0.01672	0.01969	0.01585	0.02126	0.01702	0.01297	0.30218	0.02871	0.23552	0.05637	0.08202	0.02422	0.01221	0.00853	0.00258	0.00752	0.05744	0.00852	0.04259
4	0.01158	0.00934	0.01063	0.00975	0.01277	0.00815	0.00740	0.01532	0.04508	0.02698	0.29271	0.06237	0.33703	0.01696	0.00911	0.00249	0.00432	0.01444	0.00778	0.09580
5	0.02068	0.02136	0.02557	0.23652	0.23102	0.16627	0.02008	0.04930	0.04814	0.02398	0.01587	0.02068	0.01284	0.01206	0.05872	0.00325	0.01185	0.00698	0.00431	0.01052
6	0.01683	0.01442	0.01683	0.01202	0.01923	0.01082	0.00961	0.02043	0.01683	0.02644	0.01442	0.01683	0.01202	0.00601	0.00601	0.00120	0.00601	0.00481	0.00481	0.76444
7	0.01180	0.00787	0.00885	0.00885	0.00885	0.00787	0.00492	0.01180	0.01180	0.01573	0.02557	0.05310	0.02950	0.71483	0.04130	0.00787	0.00787	0.01180	0.00492	0.00492
8	0.01915	0.02189	0.04788	0.03420	0.04241	0.02052	0.63475	0.02599	0.01915	0.02599	0.01642	0.02189	0.01231	0.00684	0.00958	0.00274	0.01368	0.00958	0.00410	0.01094
9	0.03493	0.01386	0.01868	0.01425	0.02060	0.01184	0.01175	0.03810	0.02274	0.62138	0.03069	0.02681	0.01948	0.00974	0.00800	0.00241	0.00684	0.00791	0.00965	0.07035
10	0.03192	0.01363	0.01764	0.01381	0.01957	0.01215	0.01131	0.08032	0.02363	0.52486	0.03869	0.03467	0.11692	0.01162	0.00837	0.00254	0.00663	0.00946	0.00952	0.01275
11	0.01639	0.02229	0.17235	0.01893	0.02370	0.09011	0.07898	0.02068	0.01590	0.02156	0.01887	0.07552	0.01774	0.07589	0.17649	0.00559	0.09724	0.00873	0.00429	0.03875
12	0.03081	0.02373	0.02427	0.01881	0.02516	0.06656	0.01544	0.59906	0.03720	0.04917	0.01904	0.01918	0.01359	0.00965	0.00807	0.00241	0.00929	0.00717	0.00787	0.01352
13	0.02179	0.05307	0.01798	0.01544	0.01828	0.29809	0.01118	0.04892	0.08944	0.02105	0.02001	0.03114	0.01943	0.27730	0.02029	0.00436	0.01066	0.00821	0.00504	0.00830
14	0.01627	0.04197	0.67279	0.02313	0.03512	0.01884	0.02998	0.02570	0.01713	0.02570	0.01456	0.01713	0.01028	0.00771	0.00771	0.00257	0.01199	0.00600	0.00343	0.01199
15	0.02392	0.02245	0.02246	0.14915	0.02914	0.16334	0.01619	0.24661	0.02543	0.03159	0.02235	0.02466	0.07856	0.01080	0.01040	0.00258	0.09619	0.00782	0.00577	0.01060
16	0.01169	0.00829	0.01100	0.01100	0.01174	0.00903	0.00759	0.01318	0.01244	0.01732	0.02360	0.04223	0.02478	0.37988	0.36980	0.01052	0.01497	0.01021	0.00462	0.00611
17	0.04880	0.14381	0.38419	0.02275	0.03257	0.02083	0.14229	0.02632	0.01767	0.06535	0.01536	0.01789	0.01125	0.00756	0.00759	0.00246	0.01124	0.00649	0.00404	0.01152
18	0.01616	0.13999	0.44326	0.01912	0.02832	0.01866	0.02304	0.02341	0.01820	0.02604	0.14287	0.02517	0.02353	0.00936	0.00769	0.00244	0.00985	0.00747	0.00453	0.01088
19	0.01683	0.01442	0.01683	0.01202	0.01923	0.01082	0.00961	0.02043	0.01683	0.02644	0.01442	0.01683	0.01202	0.00601	0.00601	0.00120	0.00601	0.00481	0.00481	0.76444
20	0.01942	0.13145	0.07728	0.03275	0.23279	0.04910	0.23225	0.02456	0.01851	0.02449	0.01992	0.02355	0.06083	0.00813	0.00819	0.00244	0.01083	0.00817	0.00420	0.01116
21	0.02614	0.02950	0.02668	0.05750	0.25263	0.36562	0.01919	0.08056	0.02241	0.02490	0.01417	0.01725	0.01160	0.00807	0.00767	0.00226	0.01223	0.00619	0.00443	0.01098
22	0.01159	0.00869	0.01304	0.01304	0.01449	0.01014	0.01014	0.01449	0.01304	0.01884	0.02173	0.03188	0.02029	0.06086	0.68268	0.01304	0.02173	0.00869	0.00435	0.00724
23	0.02379	0.11756	0.17548	0.01947	0.02580	0.33173	0.01803	0.03052	0.10671	0.02314	0.01842	0.01967	0.03798	0.00888	0.00737	0.00228	0.01176	0.00631	0.00461	0.01050
24	0.00989	0.00706	0.00942	0.01130	0.01177	0.00659	0.00753	0.01130	0.01554	0.02071	0.04472	0.70954	0.05367	0.02542	0.01036	0.00330	0.00471	0.02307	0.00753	0.00659
25	0.04844	0.02244	0.22412	0.01615	0.02262	0.01520	0.01646	0.14085	0.02275	0.08206	0.15248	0.07685	0.10045	0.01256	0.00846	0.00260	0.00784	0.01037	0.00671	0.01060
26	0.02177	0.02278	0.03030	0.09266	0.49083	0.15152	0.02288	0.02609	0.01921	0.02475	0.01466	0.01911	0.01222	0.00752	0.00790	0.00237	0.01072	0.00683	0.00402	0.01188
27	0.01871	0.01767	0.02992	0.16148	0.50774	0.01831	0.02359	0.02355	0.01809	0.02532	0.01720	0.02574	0.01504	0.00853	0.00829	0.00256	0.00968	0.05260	0.00420	0.01177
28	0.03260	0.01297	0.01761	0.01379	0.01940	0.01127	0.01127	0.03584	0.02319	0.57240	0.12801	0.03266	0.02872	0.01104	0.00838	0.00252	0.00643	0.00916	0.00987	0.01287
29	0.01808	0.01672	0.02779	0.04058	0.51233	0.01657	0.02089	0.02267	0.01952	0.02791	0.16542	0.02952	0.02769	0.00941	0.00839	0.00244	0.00829	0.00896	0.00516	0.01164
30	0.00959	0.00822	0.00822	0.00822	0.01096	0.00685	0.00617	0.01165	0.01850	0.02192	0.08220	0.07809	0.66092	0.02055	0.00959	0.00274	0.00411	0.01713	0.00754	0.00685
31	0.01168	0.00782	0.00889	0.00900	0.00903	0.00779	0.00508	0.01177	0.01203	0.01604	0.02676	0.09410	0.03101	0.67177	0.03937	0.00758	0.00767	0.01250	0.00508	0.00502
32	0.02606	0.02035	0.02165	0.01770	0.02334	0.02293	0.01426	0.37032	0.31279	0.04341	0.02557	0.02433	0.01873	0.01031	0.00818	0.00258	0.00780	0.00814	0.00818	0.01337
33	0.02311	0.01815	0.02020	0.01500	0.02189	0.01725	0.01222	0.29689	0.02639	0.03751	0.01669	0.01802	0.01282	0.00768	0.00695	0.00175	0.00732	0.00593	0.00629	0.42795
34	0.01852	0.01568	0.01644	0.01474	0.01904	0.01745	0.01148	0.08053	0.45652	0.03244	0.04346	0.04060	0.17211	0.01314	0.00856	0.00273	0.00607	0.01089	0.00808	0.01152
35	0.01230	0.00966	0.01411	0.01371	0.01490	0.01165	0.01067	0.01489	0.01289	0.01872	0.02073	0.03162	0.01978	0.09646	0.56891	0.01165	0.09707	0.00871	0.00429	0.00728
36	0.01171	0.00821	0.01061	0.01061	0.01122	0.00882	0.00711	0.01293	0.01232	0.01704	0.02396	0.04418	0.02563	0.44008	0.31076	0.01004	0.01369	0.01049	0.00468	0.00589
37	0.01180	0.00787	0.00885	0.00885	0.00885	0.00787	0.00492	0.01180	0.01180	0.01573	0.02557	0.05310	0.02950	0.71483	0.04130	0.00787	0.00787	0.01180	0.00492	0.00492
38	0.02169	0.71972	0.04252	0.01388	0.02083	0.03211	0.01388	0.02430	0.01649	0.01909	0.01128	0.01302	0.01041	0.00694	0.00521	0.00174	0.00868	0.00434	0.00347	0.01041
39	0.72453	0.01735	0.05356	0.01146	0.01692	0.01824	0.01012	0.02397	0.01402	0.03573	0.01150	0.01343	0.00888	0.00754	0.00519	0.00251	0.00664	0.00449	0.00492	0.00899
40	0.02917	0.03629	0.02247	0.02041	0.02464	0.60787	0.01536	0.03361	0.09339	0.02144	0.01484	0.01639	0.01206	0.00866	0.00742	0.00216	0.01371	0.00567	0.00464	0.00979
41	0.03085	0.02273	0.02435	0.01867	0.02516	0.02516	0.01542	0.63716	0.03815	0.05114	0.01948	0.01948	0.01380	0.00974	0.00812	0.00244	0.00893	0.00731	0.00812	0.01380
42	0.01409	0.00705	0.01057	0.01057	0.01057	0.00705	0.00705	0.01057	0.01057	0.01409	0.01409	0.02467	0.01409	0.02819	0.03171	0.76392	0.00705	0.00705	0.00352	0.00352
43	0.02219	0.01794	0.01912	0.01670	0.02159	0.02046	0.01313	0.11723	0.54715	0.06247	0.03129	0.02881	0.02320	0.01081	0.00824	0.00270	0.00676	0.00890	0.00831	0.01300
44	0.24032	0.01466	0.01664	0.01331	0.01903	0.01436	0.01095	0.07840	0.02141	0.40505	0.02843	0.02614	0.05682	0.00998	0.00737	0.00252	0.00671	0.00761	0.00833	0.01196
45	0.00989	0.00706	0.00942	0.01130	0.01177	0.00659	0.00753	0.01130	0.01554	0.02071	0.04472	0.70954	0.05367	0.02542	0.01036	0.00330	0.00471	0.02307	0.00753	0.00659
46	0.01672	0.06944	0.59877	0.02357	0.03506	0.01954	0.07484	0.02566	0.01726	0.02544	0.01456	0.01731	0.01044	0.00761	0.00774	0.00255	0.01198	0.00619	0.00348	0.01185
47	0.01878	0.01795	0.03059	0.22606	0.49812	0.01894	0.02426	0.02376	0.01786	0.02493	0.01503	0.02051	0.01230	0.00747	0.00805	0.00249	0.00996	0.00722	0.00390	0.01180
48	0.01521	0.01271	0.01510	0.01185	0.01749	0.00983	0.00913	0.01830	0.01653	0.02511	0.02148	0.17817	0.02172	0.01053	0.00702	0.00169	0.00571	0.00906	0.00544	0.58792
49	0.00989	0.00706	0.00942	0.01130	0.01177	0.00659	0.00753	0.01130	0.01554	0.02071	0.04472	0.70954	0.05367	0.02542	0.01036	0.00330	0.00471	0.02307	0.00753	0.00659
50	0.02053	0.01995	0.01718	0.01533	0.01877	0.20667	0.01185	0.13993	0.02354	0.02881	0.17174	0.03513	0.08437	0.02206	0.14299	0.00451	0.01154	0.00953	0.00636	0.00920
51	0.00989	0.00706	0.00942	0.01130	0.01177	0.00659	0.00753	0.01130	0.01554	0.02071	0.04472	0.70954	0.05367	0.02542	0.01036	0.00330	0.00471	0.02307	0.00753	0.00659
52	0.01971	0.01890	0.03227	0.09999	0.61692	0.01918	0.02472	0.02458	0.01830	0.02606	0.01520	0.02020	0.01269	0.00730	0.00804	0.00243	0.00973	0.00723	0.00398	0.01255
53	0.02008	0.01928	0.03294	0.04981	0.66422	0.01928	0.02490	0.02490	0.01848	0.02651	0.01526	0.02008	0.01285	0.00723	0.00803	0.00241	0.00964	0.00723	0.00402	0.01285
54	0.02018	0.01743	0.01835	0.01651	0.02110	0.02018	0.01284	0.04312	0.64956	0.03394	0.03303	0.03027	0.02477	0.01101	0.00826	0.00275	0.00642	0.00917	0.00826	0.01284
55	0.01099	0.00895	0.01081	0.01162	0.05257	0.00795	0.00793	0.01392	0.02025	0.02638	0.30485	0.06757	0.39063	0.01816	0.00948	0.00265	0.00435	0.01554	0.00786	0.00754
56	0.01180	0.00787	0.00885	0.00885	0.00885	0.00787	0.00492	0.01180	0.01180	0.01573	0.02557	0.05310	0.02950	0.71483	0.04130	0.00787	0.00787	0.01180	0.00492	0.00492
57	0.02049	0.51405	0.07869	0.01670	0.02267	0.02942	0.04036	0.02353	0.01585	0.01986	0.01157	0.01454	0.01053	0.00839	0.00967	0.00218	0.14257	0.00518	0.00351	0.01024
58	0.02169	0.71972	0.04252	0.01388	0.02083	0.03211	0.01388	0.02430	0.01649	0.01909	0.01128	0.01302	0.01041	0.00694	0.00521	0.00174	0.00868	0.00434	0.00347	0.01041
59	0.02322	0.50044	0.09437	0.01635	0.02310	0.18235	0.01574	0.02631	0.01806	0.01986	0.01187	0.01376	0.01041	0.00734	0.00592	0.00189	0.01036	0.00469	0.00363	0.01032
60	0.01532	0.01442	0.02434	0.69533	0.05589	0.01803	0.02253	0.02073	0.01622	0.02073	0.01442	0.02163	0.01082	0.00811	0.00811	0.00270	0.01082	0.00721	0.00361	0.00901
61	0.00972	0.00772	0.00874	0.00955	0.01131	0.00674	0.00676	0.01150	0.01721	0.02140	0.06599	0.35120	0.39828	0.02266	0.00992	0.00298	0.00437	0.01970	0.00753	0.00674
62	0.01165	0.00787	0.01042	0.01095	0.01228	0.00727	0.00776	0.01418	0.01908	0.05191	0.31200	0.39971	0.06229	0.02096	0.00993	0.00294	0.00441	0.01882	0.00824	0.00734
63	0.01687	0.01631	0.04827	0.01747	0.02222	0.01615	0.10948	0.03034	0.32361	0.02986	0.11016	0.04219	0.12869	0.01287	0.00894	0.00276	0.00719	0.03856	0.00733	0.01073
64	0.00989	0.00706	0.00942	0.01130	0.01177	0.00659	0.00753	0.01130	0.01554	0.02071	0.04472	0.70954	0.05367	0.02542	0.01036	0.00330	0.00471	0.02307	0.00753	0.00659
65	0.02178	0.09972	0.02679	0.03060	0.31248	0.15102	0.01773	0.04955	0.01966	0.02605	0.01660	0.02014	0.01367	0.00795	0.00712	0.00217	0.00937	0.00657	0.15011	0.01091
66	0.02047	0.01680	0.01986	0.01648	0.06925	0.01493	0.01217	0.17032	0.02212	0.03243	0.01571	0.01772	0.01251	0.00701	0.00667	0.00159	0.00699	0.00560	0.00555	0.52580
67	0.01203	0.00886	0.01051	0.00990	0.01183	0.00833	0.00715	0.04240	0.02050	0.02779	0.38086	0.06103	0.19082	0.15437	0.01574	0.00363	0.00492	0.01430	0.00780	0.00723
68	0.01750	0.11522	0.47189	0.02192	0.03151	0.04668	0.05170	0.02489	0.01685	0.02397	0.01416	0.01740	0.01081	0.01021	0.03561	0.00295	0.06583	0.00612	0.00354	0.01123
69	0.02239	0.25843	0.26925	0.01929	0.02742	0.17812	0.02036	0.07286	0.01987	0.02412	0.01340	0.01540	0.01063	0.00777	0.00684	0.00218	0.01131	0.00538	0.00397	0.01102
70	0.02210	0.02443	0.02677	0.24498	0.25021	0.24779	0.02097	0.02617	0.01932	0.02238	0.01406	0.01869	0.01138	0.00790	0.00781	0.00239	0.01174	0.00653	0.00394	0.01044
71	0.02008	0.02057	0.01794	0.01901	0.09412	0.22508	0.01259	0.09003	0.02088	0.02423	0.03205	0.16671	0.12195	0.08423	0.01184	0.00308	0.00914	0.01171	0.00586	0.00891
72	0.01991	0.01381	0.01600	0.01268	0.01843	0.01215	0.01008	0.02691	0.14130	0.14854	0.03321	0.03219	0.12945	0.01028	0.00748	0.00202	0.00593	0.00844	0.00694	0.34425
73	0.01683	0.01442	0.01683	0.01202	0.01923	0.01082	0.00961	0.02043	0.01683	0.02644	0.01442	0.01683	0.01202	0.00601	0.00601	0.00120	0.00601	0.00481	0.00481	0.76444
74	0.01352	0.01009	0.01167	0.01006	0.01388	0.00834	0.00776	0.01649	0.01957	0.06630	0.21585	0.05545	0.30857	0.01532	0.00863	0.00230	0.00467	0.01293	0.00740	0.19121
75	0.01641	0.04105	0.64408	0.02364	0.03545	0.01892	0.05776	0.02571	0.01722	0.02571	0.01465	0.01735	0.01037	0.00767	0.00779	0.00258	0.01207	0.00616	0.00346	0.01194
76	0.00989	0.00706	0.00942	0.01130	0.01177	0.00659	0.00753	0.01130	0.01554	0.02071	0.04472	0.70954	0.05367	0.02542	0.01036	0.00330	0.00471	0.02307	0.00753	0.00659
77	0.01627	0.04197	0.67279	0.02313	0.03512	0.01884	0.02998	0.02570	0.01713	0.02570	0.01456	0.01713	0.01028	0.00771	0.00771	0.00257	0.01199	0.00600	0.00343	0.01199
78	0.03378	0.01359	0.01830	0.01412	0.02024	0.01162	0.01157	0.03688	0.02240	0.59230	0.03110	0.05385	0.02077	0.01033	0.00807	0.00244	0.00675	0.00848	0.00952	0.07389
79	0.03085	0.02273	0.02435	0.01867	0.02516	0.02516	0.01542	0.63716	0.03815	0.05114	0.01948	0.01948	0.01380	0.00974	0.00812	0.00244	0.00893	0.00731	0.00812	0.01380
80	0.00982	0.00733	0.00914	0.01058	0.01158	0.00665	0.00721	0.01138	0.01622	0.02099	0.05345	0.56246	0.19511	0.02429	0.01018	0.00317	0.00457	0.02168	0.00753	0.00665
81	0.12606	0.02086	0.02168	0.01693	0.02294	0.02315	0.01395	0.51862	0.03366	0.04791	0.01886	0.01934	0.01359	0.00944	0.00756	0.00241	0.00826	0.00694	0.05507	0.01276
82	0.77215	0.01569	0.01193	0.01067	0.01569	0.01820	0.00879	0.02385	0.01381	0.03641	0.01130	0.01318	0.00879	0.00753	0.00502	0.00251	0.00628	0.00439	0.00502	0.00879
83	0.02008	0.01928	0.03294	0.04981	0.66422	0.01928	0.02490	0.02490	0.01848	0.02651	0.01526	0.02008	0.01285	0.00723	0.00803	0.00241	0.00964	0.00723	0.00402	0.01285
84	0.01159	0.00869	0.01304	0.01304	0.01449	0.01014	0.01014	0.01449	0.01304	0.01884	0.02173	0.03188	0.02029	0.06086	0.68268	0.01304	0.02173	0.00869	0.00435	0.00724
85	0.02223	0.67718	0.04130	0.01432	0.02109	0.07271	0.01400	0.02480	0.01689	0.01914	0.01136	0.01312	0.01042	0.00703	0.00534	0.00176	0.00905	0.00439	0.00352	0.01035
86	0.00959	0.00822	0.00822	0.00822	0.01096	0.00685	0.00617	0.01165	0.01850	0.02192	0.08220	0.07809	0.66092	0.02055	0.00959	0.00274	0.00411	0.01713	0.00754	0.00685
87	0.02008	0.01928	0.03294	0.04981	0.66422	0.01928	0.02490	0.02490	0.01848	0.02651	0.01526	0.02008	0.01285	0.00723	0.00803	0.00241	0.00964	0.00723	0.00402	0.01285
88	0.01148	0.00829	0.01085	0.01021	0.01212	0.00766	0.00766	0.01531	0.02297	0.03254	0.65994	0.06061	0.07656	0.01659	0.00957	0.00255	0.00383	0.01467	0.00893	0.00766
89	0.01159	0.00869	0.01304	0.01304	0.01449	0.01014	0.01014	0.01449	0.01304	0.01884	0.02173	0.03188	0.02029	0.06086	0.68268	0.01304	0.02173	0.00869	0.00435	0.00724
90	0.01749	0.01663	0.02825	0.40153	0.33276	0.01860	0.02361	0.02263	0.01725	0.02336	0.01480	0.02093	0.01174	0.00771	0.00808	0.00257	0.01028	0.00722	0.00379	0.01076
91	0.02264	0.02164	0.02101	0.02067	0.09223	0.19061	0.01473	0.11773	0.02089	0.02783	0.01685	0.02050	0.01379	0.01007	0.01162	0.00247	0.17020	0.00677	0.18787	0.00989
92	0.06537	0.01556	0.02086	0.31954	0.13046	0.05763	0.01732	0.05228	0.01810	0.02625	0.01729	0.02233	0.01344	0.00835	0.00729	0.00241	0.00886	0.00700	0.18016	0.00950
93	0.01861	0.33351	0.40167	0.01915	0.02897	0.02455	0.02306	0.02509	0.01685	0.02286	0.01315	0.01536	0.01034	0.00738	0.00663	0.00221	0.01057	0.00528	0.00345	0.01131
94	0.01108	0.00892	0.01047	0.01024	0.01264	0.00861	0.00779	0.01497	0.05781	0.02394	0.17287	0.06105	0.36255	0.02860	0.16627	0.00510	0.00831	0.01420	0.00710	0.00747
95	0.01027	0.00871	0.00894	0.00897	0.01165	0.00766	0.00669	0.01358	0.05769	0.02258	0.07631	0.12266	0.57545	0.02032	0.00956	0.00278	0.00430	0.01708	0.00758	0.00720
96	0.01027	0.00736	0.00976	0.01103	0.01185	0.00685	0.00756	0.01227	0.01734	0.02358	0.19391	0.55218	0.05922	0.02328	0.01017	0.00312	0.00449	0.02103	0.00787	0.00685
97	0.13634	0.00886	0.00826	0.00806	0.01045	0.00927	0.00617	0.01970	0.01650	0.03124	0.02404	0.02752	0.01887	0.00915	0.00557	0.00199	0.00418	0.00706	0.63902	0.00776
98	0.00959	0.00822	0.00822	0.00822	0.01096	0.00685	0.00617	0.01165	0.01850	0.02192	0.08220	0.07809	0.66092	0.02055	0.00959	0.00274	0.00411	0.01713	0.00754	0.00685
99	0.01627	0.04197	0.67279	0.02313	0.03512	0.01884	0.02998	0.02570	0.01713	0.02570	0.01456	0.01713	0.01028	0.00771	0.00771	0.00257	0.01199	0.00600	0.00343	0.01199
100	0.77215	0.01569	0.01193	0.01067	0.01569	0.01820	0.00879	0.02385	0.01381	0.03641	0.01130	0.01318	0.00879	0.00753	0.00502	0.00251	0.00628	0.00439	0.00502	0.00879
101	0.06348	0.04033	0.63152	0.02235	0.03391	0.01880	0.02866	0.02558	0.01692	0.02637	0.01436	0.01688	0.01019	0.00770	0.00754	0.00257	0.01164	0.00590	0.00353	0.01179
102	0.01901	0.02288	0.07872	0.03365	0.04205	0.02044	0.60490	0.02598	0.01905	0.02598	0.01632	0.02165	0.01221	0.00688	0.00948	0.00273	0.01360	0.00940	0.00407	0.01100
103	0.02008	0.01928	0.03294	0.04981	0.66422	0.01928	0.02490	0.02490	0.01848	0.02651	0.01526	0.02008	0.01285	0.00723	0.00803	0.00241	0.00964	0.00723	0.00402	0.01285
104	0.00974	0.00823	0.00843	0.00838	0.01105	0.00691	0.00628	0.01194	0.01885	0.02277	0.12866	0.07668	0.61393	0.02023	0.00959	0.00272	0.00409	0.01693	0.00765	0.00691
105	0.00989	0.00706	0.00942	0.01130	0.01177	0.00659	0.00753	0.01130	0.01554	0.02071	0.04472	0.70954	0.05367	0.02542	0.01036	0.00330	0.00471	0.02307	0.00753	0.00659
106	0.01096	0.00866	0.01013	0.01086	0.01326	0.00783	0.00888	0.01367	0.01857	0.02285	0.06679	0.08337	0.41973	0.02128	0.01023	0.00313	0.00543	0.24978	0.00751	0.00709
107	0.02008	0.01928	0.03294	0.04981	0.66422	0.01928	0.02490	0.02490	0.01848	0.02651	0.01526	0.02008	0.01285	0.00723	0.00803	0.00241	0.00964	0.00723	0.00402	0.01285
108	0.00997	0.00744	0.00932	0.01076	0.01183	0.00679	0.00749	0.01165	0.01638	0.02117	0.05336	0.53196	0.19476	0.02414	0.01022	0.00319	0.00470	0.05063	0.00753	0.00669
109	0.01683	0.01442	0.01683	0.01202	0.01923	0.01082	0.00961	0.02043	0.01683	0.02644	0.01442	0.01683	0.01202	0.00601	0.00601	0.00120	0.00601	0.00481	0.00481	0.76444
110	0.01017	0.00824	0.00903	0.00883	0.01132	0.00710	0.00662	0.01277	0.01987	0.02519	0.26002	0.07271	0.48107	0.01933	0.00958	0.00268	0.00402	0.01637	0.00797	0.00710
111	0.02018	0.01743	0.01835	0.01651	0.02110	0.02018	0.01284	0.04312	0.64956	0.03394	0.03303	0.03027	0.02477	0.01101	0.00826	0.00275	0.00642	0.00917	0.00826	0.01284
112	0.02010	0.01996	0.03651	0.09123	0.38114	0.01995	0.21795	0.06318	0.01975	0.02745	0.01583	0.02073	0.01259	0.00733	0.00853	0.00254	0.01097	0.00798	0.00427	0.01202
113	0.03034	0.03768	0.02308	0.02076	0.02509	0.64122	0.01566	0.07017	0.02394	0.02181	0.01298	0.01494	0.01066	0.00845	0.00737	0.00211	0.01428	0.00536	0.00443	0.00968
114	0.00959	0.00822	0.00822	0.00822	0.01096	0.00685	0.00617	0.01165	0.01850	0.02192	0.08220	0.07809	0.66092	0.02055	0.00959	0.00274	0.00411	0.01713	0.00754	0.00685
115	0.00959	0.00822	0.00822	0.00822	0.01096	0.00685	0.00617	0.01165	0.01850	0.02192	0.08220	0.07809	0.66092	0.02055	0.00959	0.00274	0.00411	0.01713	0.00754	0.00685
116	0.02018	0.01743	0.01835	0.01651	0.02110	0.02018	0.01284	0.04312	0.64956	0.03394	0.03303	0.03027	0.02477	0.01101	0.00826	0.00275	0.00642	0.00917	0.00826	0.01284
117	0.01409	0.00705	0.01057	0.01057	0.01057	0.00705	0.00705	0.01057	0.01057	0.01409	0.01409	0.02467	0.01409	0.02819	0.03171	0.76392	0.00705	0.00705	0.00352	0.00352
118	0.02879	0.03615	0.02322	0.02095	0.02463	0.60288	0.01593	0.03085	0.02172	0.01982	0.01231	0.01501	0.01048	0.00907	0.00965	0.00227	0.09738	0.00545	0.00410	0.00934
119	0.02805	0.02113	0.02183	0.01714	0.02291	0.04841	0.01401	0.51988	0.03449	0.04614	0.02445	0.02451	0.06293	0.01048	0.00801	0.00240	0.00841	0.00798	0.06420	0.01264
120	0.02541	0.05246	0.14923	0.01849	0.02580	0.02220	0.01741	0.40935	0.03006	0.04107	0.01797	0.01935	0.01326	0.01215	0.04990	0.00300	0.01009	0.00683	0.00654	0.06944
121	0.01802	0.02672	0.21607	0.03009	0.03903	0.01947	0.44152	0.02542	0.01878	0.02621	0.04547	0.02237	0.01471	0.00752	0.00907	0.00268	0.01277	0.00884	0.00414	0.01108
122	0.01532	0.01442	0.02434	0.69533	0.05589	0.01803	0.02253	0.02073	0.01622	0.02073	0.01442	0.02163	0.01082	0.00811	0.00811	0.00270	0.01082	0.00721	0.00361	0.00901
123	0.00989	0.00706	0.00942	0.01130	0.01177	0.00659	0.00753	0.01130	0.01554	0.02071	0.04472	0.70954	0.05367	0.02542	0.01036	0.00330	0.00471	0.02307	0.00753	0.00659
124	0.01683	0.01442	0.01683	0.01202	0.01923	0.01082	0.00961	0.02043	0.01683	0.02644	0.01442	0.01683	0.01202	0.00601	0.00601	0.00120	0.00601	0.00481	0.00481	0.76444
125	0.01099	0.00791	0.01041	0.01054	0.01201	0.00733	0.00762	0.01408	0.02068	0.02889	0.47031	0.26063	0.06951	0.01931	0.00981	0.00278	0.00410	0.01726	0.00850	0.00733
126	0.00989	0.00706	0.00942	0.01130	0.01177	0.00659	0.00753	0.01130	0.01554	0.02071	0.04472	0.70954	0.05367	0.02542	0.01036	0.00330	0.00471	0.02307	0.00753	0.00659
127	0.02164	0.01452	0.01792	0.01330	0.01975	0.01214	0.01079	0.02500	0.01805	0.18194	0.01840	0.01951	0.01387	0.00760	0.00808	0.00170	0.05850	0.00579	0.00598	0.52551
128	0.02008	0.01928	0.03294	0.04981	0.66422	0.01928	0.02490	0.02490	0.01848	0.02651	0.01526	0.02008	0.01285	0.00723	0.00803	0.00241	0.00964	0.00723	0.00402	0.01285
129	0.02395	0.01620	0.01817	0.01549	0.02041	0.01746	0.01228	0.10701	0.36934	0.17698	0.07317	0.03272	0.05713	0.01147	0.00837	0.00265	0.00654	0.00947	0.00865	0.01255
130	0.01409	0.00705	0.01057	0.01057	0.01057	0.00705	0.00705	0.01057	0.01057	0.01409	0.01409	0.02467	0.01409	0.02819	0.03171	0.76392	0.00705	0.00705	0.00352	0.00352
131	0.01680	0.01578	0.02589	0.49385	0.19496	0.01848	0.02236	0.02339	0.06445	0.02307	0.01602	0.02192	0.01234	0.00813	0.00810	0.00264	0.01021	0.00736	0.00405	0.01020
132	0.01683	0.01442	0.01683	0.01202	0.01923	0.01082	0.00961	0.02043	0.01683	0.02644	0.01442	0.01683	0.01202	0.00601	0.00601	0.00120	0.00601	0.00481	0.00481	0.76444
133	0.01884	0.01616	0.01711	0.01549	0.01977	0.01839	0.01201	0.03900	0.56256	0.03295	0.07622	0.03579	0.07595	0.01208	0.00844	0.00274	0.00608	0.01012	0.00824	0.01207
134	0.01084	0.00824	0.00980	0.00943	0.01151	0.00739	0.00696	0.01381	0.02070	0.02777	0.41794	0.06625	0.27795	0.06196	0.01158	0.00295	0.00418	0.01535	0.00819	0.00720
135	0.01178	0.00793	0.00917	0.00917	0.00927	0.00804	0.00531	0.01200	0.01189	0.01597	0.02528	0.05150	0.02881	0.66558	0.08961	0.00826	0.00891	0.01157	0.00487	0.00509
136	0.01137	0.00932	0.01141	0.01117	0.01303	0.00935	0.00862	0.01393	0.01868	0.02459	0.22506	0.13971	0.30776	0.01941	0.01181	0.00292	0.08651	0.06058	0.00744	0.00733
137	0.00989	0.00706	0.00942	0.01130	0.01177	0.00659	0.00753	0.01130	0.01554	0.02071	0.04472	0.70954	0.05367	0.02542	0.01036	0.00330	0.00471	0.02307	0.00753	0.00659
138	0.03031	0.03867	0.02299	0.02090	0.02508	0.68226	0.01568	0.03240	0.02299	0.01986	0.01254	0.01463	0.01045	0.00836	0.00732	0.00209	0.01463	0.00523	0.00418	0.00941
139	0.02059	0.02747	0.21814	0.02717	0.03559	0.02124	0.30189	0.14749	0.02195	0.03052	0.01614	0.01981	0.01193	0.00812	0.00982	0.00268	0.05512	0.00796	0.00468	0.01168
140	0.32288	0.01752	0.01575	0.01324	0.01808	0.05970	0.01071	0.20529	0.02264	0.06760	0.01775	0.01917	0.01327	0.00873	0.00635	0.00234	0.00712	0.00611	0.15547	0.01030
141	0.03031	0.03867	0.02299	0.02090	0.02508	0.68226	0.01568	0.03240	0.02299	0.01986	0.01254	0.01463	0.01045	0.00836	0.00732	0.00209	0.01463	0.00523	0.00418	0.00941
142	0.01061	0.00826	0.00964	0.00930	0.01159	0.00729	0.00697	0.01363	0.02092	0.02767	0.39478	0.06863	0.34476	0.01841	0.00958	0.00264	0.00396	0.01580	0.00829	0.00729
143	0.01180	0.00787	0.00885	0.00885	0.00885	0.00787	0.00492	0.01180	0.01180	0.01573	0.02557	0.05310	0.02950	0.71483	0.04130	0.00787	0.00787	0.01180	0.00492	0.00492
144	0.01051	0.00798	0.00968	0.00983	0.01167	0.00715	0.00715	0.01321	0.01982	0.02641	0.33303	0.21731	0.25695	0.01990	0.00976	0.00278	0.00412	0.01741	0.00816	0.00715
145	0.01532	0.01442	0.02434	0.69533	0.05589	0.01803	0.02253	0.02073	0.01622	0.02073	0.01442	0.02163	0.01082	0.00811	0.00811	0.00270	0.01082	0.00721	0.00361	0.00901
146	0.01061	0.00830	0.00924	0.00941	0.01142	0.00751	0.00695	0.01260	0.01729	0.02153	0.10053	0.07185	0.40798	0.15626	0.04261	0.00424	0.00590	0.08217	0.00698	0.00661
147	0.01039	0.00891	0.00898	0.00884	0.01172	0.00785	0.00667	0.01402	0.06603	0.02283	0.07850	0.07449	0.61301	0.01983	0.00949	0.00274	0.00428	0.01653	0.00759	0.00730
148	0.01683	0.01442	0.01683	0.01202	0.01923	0.01082	0.00961	0.02043	0.01683	0.02644	0.01442	0.01683	0.01202	0.00601	0.00601	0.00120	0.00601	0.00481	0.00481	0.76444
149	0.01780	0.23328	0.49488	0.02052	0.03108	0.02259	0.02544	0.02530	0.01695	0.02383	0.01364	0.01597	0.01032	0.00749	0.00700	0.00233	0.01106	0.00553	0.00344	0.01155
150	0.02008	0.01928	0.03294	0.04981	0.66422	0.01928	0.02490	0.02490	0.01848	0.02651	0.01526	0.02008	0.01285	0.00723	0.00803	0.00241	0.00964	0.00723	0.00402	0.01285
151	0.01513	0.00756	0.00756	0.00756	0.00945	0.00756	0.00567	0.01891	0.01702	0.03025	0.02647	0.03025	0.02080	0.00945	0.00567	0.00189	0.00378	0.00756	0.75988	0.00756
152	0.00989	0.00706	0.00942	0.01130	0.01177	0.00659	0.00753	0.01130	0.01554	0.02071	0.04472	0.70954	0.05367	0.02542	0.01036	0.00330	0.00471	0.02307	0.00753	0.00659
153	0.01148	0.00829	0.01085	0.01021	0.01212	0.00766	0.00766	0.01531	0.02297	0.03254	0.65994	0.06061	0.07656	0.01659	0.00957	0.00255	0.00383	0.01467	0.00893	0.00766
154	0.00959	0.00822	0.00822	0.00822	0.01096	0.00685	0.00617	0.01165	0.01850	0.02192	0.08220	0.07809	0.66092	0.02055	0.00959	0.00274	0.00411	0.01713	0.00754	0.00685
155	0.03085	0.02273	0.02435	0.01867	0.02516	0.02516	0.01542	0.63716	0.03815	0.05114	0.01948	0.01948	0.01380	0.00974	0.00812	0.00244	0.00893	0.00731	0.00812	0.01380
156	0.01957	0.01958	0.03587	0.08683	0.48107	0.01949	0.16680	0.02489	0.01849	0.02602	0.01548	0.02060	0.01260	0.00719	0.00840	0.00250	0.01065	0.00778	0.00401	0.01217
157	0.01148	0.00829	0.01085	0.01021	0.01212	0.00766	0.00766	0.01531	0.02297	0.03254	0.65994	0.06061	0.07656	0.01659	0.00957	0.00255	0.00383	0.01467	0.00893	0.00766
158	0.02915	0.08472	0.02540	0.02168	0.06505	0.43877	0.01607	0.17218	0.02575	0.02751	0.01424	0.01598	0.01138	0.00851	0.00739	0.00216	0.01254	0.00577	0.00503	0.01072
159	0.02434	0.18969	0.05263	0.01938	0.05438	0.31455	0.01540	0.07475	0.02066	0.02255	0.01446	0.01773	0.01237	0.01633	0.11333	0.00380	0.01357	0.00586	0.00431	0.00992

[dist]
# distance from previous block
# <min> <max>
0	1

[block]
# block no. 1 follows, 23 sequences, length 82
# corresponding to MSA columns:
# 172-253
name=unknown_B
#
# <colnr> <probs for GDERKNQSTAVLIFYWHMCP>
#	G	D	E	R	K	N	Q	S	T	A	V	L	I	F	Y	W	H	M	C	P
0	0.02340	0.02329	0.13980	0.02012	0.06173	0.02083	0.01733	0.20678	0.28989	0.07296	0.02476	0.02410	0.01808	0.00978	0.00810	0.00260	0.00836	0.00790	0.00720	0.01301
1	0.02169	0.71972	0.04252	0.01388	0.02083	0.03211	0.01388	0.02430	0.01649	0.01909	0.01128	0.01302	0.01041	0.00694	0.00521	0.00174	0.00868	0.00434	0.00347	0.01041
2	0.03085	0.02273	0.02435	0.01867	0.02516	0.02516	0.01542	0.63716	0.03815	0.05114	0.01948	0.01948	0.01380	0.00974	0.00812	0.00244	0.00893	0.00731	0.00812	0.01380
3	0.01175	0.00805	0.00979	0.00979	0.01011	0.00837	0.00608	0.01240	0.01208	0.01643	0.02471	0.04836	0.02744	0.56882	0.18450	0.00902	0.01096	0.01111	0.00479	0.00544
4	0.02008	0.01928	0.03294	0.04981	0.66422	0.01928	0.02490	0.02490	0.01848	0.02651	0.01526	0.02008	0.01285	0.00723	0.00803	0.00241	0.00964	0.00723	0.00402	0.01285
5	0.01137	0.00829	0.01068	0.01008	0.01205	0.00761	0.00756	0.01508	0.02269	0.03187	0.62362	0.06171	0.11329	0.01684	0.00957	0.00256	0.00385	0.01483	0.00884	0.00761
6	0.02621	0.02702	0.08457	0.01903	0.02492	0.18722	0.01613	0.25446	0.21030	0.03588	0.02122	0.02119	0.01582	0.00957	0.00792	0.00245	0.00992	0.00720	0.00672	0.01225
7	0.01611	0.00852	0.00862	0.00826	0.01044	0.00867	0.00629	0.05777	0.01834	0.03156	0.02603	0.02957	0.02036	0.00947	0.00583	0.00192	0.00410	0.00755	0.71263	0.00795
8	0.00959	0.00822	0.00822	0.00822	0.01096	0.00685	0.00617	0.01165	0.01850	0.02192	0.08220	0.07809	0.66092	0.02055	0.00959	0.00274	0.00411	0.01713	0.00754	0.00685
9	0.02720	0.28480	0.03005	0.01837	0.02355	0.44730	0.01503	0.02947	0.02064	0.01958	0.01209	0.01405	0.01044	0.00785	0.00655	0.00196	0.01248	0.00491	0.00392	0.00977
10	0.01169	0.00831	0.01110	0.01110	0.01188	0.00909	0.00772	0.01324	0.01247	0.01740	0.02351	0.04171	0.02455	0.36377	0.38560	0.01064	0.01531	0.01013	0.00461	0.00617
11	0.02626	0.01938	0.02166	0.01733	0.02262	0.02158	0.01416	0.48872	0.03216	0.04344	0.02002	0.02244	0.01535	0.02193	0.16892	0.00496	0.01198	0.00764	0.00722	0.01224
12	0.01758	0.20528	0.52092	0.02090	0.03168	0.02204	0.02610	0.02536	0.01698	0.02411	0.01377	0.01614	0.01031	0.00752	0.00711	0.00237	0.01119	0.00560	0.00344	0.01161
13	0.77215	0.01569	0.01193	0.01067	0.01569	0.01820	0.00879	0.02385	0.01381	0.03641	0.01130	0.01318	0.00879	0.00753	0.00502	0.00251	0.00628	0.00439	0.00502	0.00879
14	0.01180	0.00787	0.00885	0.00885	0.00885	0.00787	0.00492	0.01180	0.01180	0.01573	0.02557	0.05310	0.02950	0.71483	0.04130	0.00787	0.00787	0.01180	0.00492	0.00492
15	0.01513	0.00756	0.00756	0.00756	0.00945	0.00756	0.00567	0.01891	0.01702	0.03025	0.02647	0.03025	0.02080	0.00945	0.00567	0.00189	0.00378	0.00756	0.75988	0.00756
16	0.01513	0.00756	0.00756	0.00756	0.00945	0.00756	0.00567	0.01891	0.01702	0.03025	0.02647	0.03025	0.02080	0.00945	0.00567	0.00189	0.00378	0.00756	0.75988	0.00756
17	0.01513	0.00756	0.00756	0.00756	0.00945	0.00756	0.00567	0.01891	0.01702	0.03025	0.02647	0.03025	0.02080	0.00945	0.00567	0.00189	0.00378	0.00756	0.75988	0.00756
18	0.02075	0.02274	0.02441	0.02121	0.02220	0.18157	0.01726	0.02260	0.01495	0.01961	0.01110	0.01701	0.01060	0.01281	0.02203	0.00320	0.53660	0.00665	0.00370	0.00900
19	0.01683	0.01442	0.01683	0.01202	0.01923	0.01082	0.00961	0.02043	0.01683	0.02644	0.01442	0.01683	0.01202	0.00601	0.00601	0.00120	0.00601	0.00481	0.00481	0.76444
20	0.00995	0.00823	0.00871	0.00859	0.01118	0.00700	0.00645	0.01234	0.01934	0.02392	0.19104	0.07480	0.55083	0.01980	0.00959	0.00270	0.00406	0.01666	0.00780	0.00700
21	0.02974	0.03747	0.02273	0.02066	0.02486	0.64470	0.01552	0.03301	0.05854	0.02066	0.01370	0.01552	0.01126	0.00851	0.00737	0.00213	0.01417	0.00545	0.00441	0.00960
22	0.03031	0.03867	0.02299	0.02090	0.02508	0.68226	0.01568	0.03240	0.02299	0.01986	0.01254	0.01463	0.01045	0.00836	0.00732	0.00209	0.01463	0.00523	0.00418	0.00941
23	0.00989	0.00706	0.00942	0.01130	0.01177	0.00659	0.00753	0.01130	0.01554	0.02071	0.04472	0.70954	0.05367	0.02542	0.01036	0.00330	0.00471	0.02307	0.00753	0.00659
24	0.03641	0.01381	0.01883	0.01444	0.02071	0.01193	0.01193	0.03954	0.02322	0.66984	0.03201	0.02762	0.02009	0.01004	0.00816	0.00251	0.00690	0.00816	0.01004	0.01381
25	0.00989	0.00706	0.00942	0.01130	0.01177	0.00659	0.00753	0.01130	0.01554	0.02071	0.04472	0.70954	0.05367	0.02542	0.01036	0.00330	0.00471	0.02307	0.00753	0.00659
26	0.00989	0.00706	0.00942	0.01130	0.01177	0.00659	0.00753	0.01130	0.01554	0.02071	0.04472	0.70954	0.05367	0.02542	0.01036	0.00330	0.00471	0.02307	0.00753	0.00659
27	0.01159	0.00869	0.01304	0.01304	0.01449	0.01014	0.01014	0.01449	0.01304	0.01884	0.02173	0.03188	0.02029	0.06086	0.68268	0.01304	0.02173	0.00869	0.00435	0.00724
28	0.77215	0.01569	0.01193	0.01067	0.01569	0.01820	0.00879	0.02385	0.01381	0.03641	0.01130	0.01318	0.00879	0.00753	0.00502	0.00251	0.00628	0.00439	0.00502	0.00879
29	0.02582	0.06032	0.20229	0.02169	0.03000	0.01763	0.16553	0.06616	0.02113	0.27475	0.02183	0.02222	0.01475	0.00848	0.00822	0.00254	0.01009	0.00767	0.00641	0.01246
30	0.01159	0.00869	0.01304	0.01304	0.01449	0.01014	0.01014	0.01449	0.01304	0.01884	0.02173	0.03188	0.02029	0.06086	0.68268	0.01304	0.02173	0.00869	0.00435	0.00724
31	0.01692	0.03749	0.53327	0.02560	0.03675	0.01922	0.16500	0.02576	0.01758	0.02576	0.01498	0.01819	0.01073	0.00752	0.00813	0.00261	0.01237	0.00680	0.00358	0.01176
32	0.01915	0.02189	0.04788	0.03420	0.04241	0.02052	0.63475	0.02599	0.01915	0.02599	0.01642	0.02189	0.01231	0.00684	0.00958	0.00274	0.01368	0.00958	0.00410	0.01094
33	0.02664	0.03267	0.02487	0.02176	0.02517	0.48582	0.05176	0.02893	0.02023	0.02013	0.01231	0.01580	0.01061	0.00968	0.01210	0.00248	0.17972	0.00593	0.00402	0.00937
34	0.01915	0.02189	0.04788	0.03420	0.04241	0.02052	0.63475	0.02599	0.01915	0.02599	0.01642	0.02189	0.01231	0.00684	0.00958	0.00274	0.01368	0.00958	0.00410	0.01094
35	0.01857	0.24099	0.41623	0.01923	0.02887	0.02184	0.02306	0.02534	0.01756	0.05457	0.05102	0.01887	0.01454	0.00809	0.00709	0.00232	0.01030	0.00610	0.00406	0.01136
36	0.02071	0.01470	0.01601	0.01349	0.01664	0.01580	0.01000	0.30249	0.02457	0.03332	0.02400	0.07744	0.02323	0.30364	0.02190	0.00471	0.00793	0.01018	0.04995	0.00930
37	0.02938	0.02939	0.02473	0.02321	0.09795	0.31511	0.01662	0.29992	0.02921	0.03450	0.01593	0.01741	0.01221	0.00884	0.00775	0.00228	0.01153	0.00638	0.00591	0.01175
38	0.01044	0.00881	0.00911	0.00893	0.01171	0.00777	0.00673	0.01398	0.05859	0.02370	0.13462	0.07341	0.56479	0.01957	0.00950	0.00272	0.00423	0.01639	0.00771	0.00730
39	0.01308	0.00934	0.01308	0.01494	0.01681	0.00934	0.01308	0.01681	0.01868	0.02428	0.04296	0.09153	0.04670	0.02242	0.01121	0.00374	0.00747	0.60960	0.00747	0.00747
40	0.02008	0.01928	0.03294	0.04981	0.66422	0.01928	0.02490	0.02490	0.01848	0.02651	0.01526	0.02008	0.01285	0.00723	0.00803	0.00241	0.00964	0.00723	0.00402	0.01285
41	0.00989	0.00706	0.00942	0.01130	0.01177	0.00659	0.00753	0.01130	0.01554	0.02071	0.04472	0.70954	0.05367	0.02542	0.01036	0.00330	0.00471	0.02307	0.00753	0.00659
42	0.01683	0.01442	0.01683	0.01202	0.01923	0.01082	0.00961	0.02043	0.01683	0.02644	0.01442	0.01683	0.01202	0.00601	0.00601	0.00120	0.00601	0.00481	0.00481	0.76444
43	0.01988	0.01907	0.03256	0.07782	0.63782	0.01923	0.02480	0.02472	0.01838	0.02626	0.01523	0.02015	0.01276	0.00727	0.00804	0.00242	0.00969	0.00723	0.00400	0.01269
44	0.00989	0.00706	0.00942	0.01130	0.01177	0.00659	0.00753	0.01130	0.01554	0.02071	0.04472	0.70954	0.05367	0.02542	0.01036	0.00330	0.00471	0.02307	0.00753	0.00659
45	0.01683	0.01442	0.01683	0.01202	0.01923	0.01082	0.00961	0.02043	0.01683	0.02644	0.01442	0.01683	0.01202	0.00601	0.00601	0.00120	0.00601	0.00481	0.00481	0.76444
46	0.01579	0.01271	0.01601	0.01368	0.01741	0.01234	0.05974	0.15542	0.02277	0.02989	0.10742	0.17945	0.25382	0.01684	0.00922	0.00268	0.00616	0.01460	0.00739	0.04666
47	0.03018	0.02240	0.02397	0.01853	0.02491	0.02485	0.01526	0.59982	0.07658	0.05006	0.02033	0.02016	0.01449	0.00982	0.00813	0.00246	0.00877	0.00742	0.00813	0.01374
48	0.06890	0.03335	0.02324	0.02161	0.06134	0.48545	0.01580	0.14539	0.02510	0.02700	0.01394	0.01578	0.01113	0.00851	0.00739	0.00220	0.01283	0.00569	0.00496	0.01040
49	0.73340	0.01559	0.01229	0.01087	0.01596	0.01787	0.00895	0.02468	0.01431	0.06977	0.01239	0.01394	0.00938	0.00766	0.00519	0.00251	0.00631	0.00459	0.00529	0.00905
50	0.01950	0.01858	0.03158	0.04759	0.62672	0.01855	0.02390	0.02412	0.01831	0.02618	0.01696	0.05971	0.01520	0.00828	0.00817	0.00246	0.00936	0.00814	0.00422	0.01249
51	0.01159	0.00869	0.01304	0.01304	0.01449	0.01014	0.01014	0.01449	0.01304	0.01884	0.02173	0.03188	0.02029	0.06086	0.68268	0.01304	0.02173	0.00869	0.00435	0.00724
52	0.03047	0.03403	0.02339	0.02025	0.02511	0.49101	0.01560	0.20842	0.02741	0.02896	0.01456	0.01604	0.01143	0.00876	0.00755	0.00219	0.01297	0.00583	0.00533	0.01069
53	0.01163	0.00853	0.01219	0.01219	0.01335	0.00968	0.00908	0.01394	0.01279	0.01821	0.02251	0.03618	0.02215	0.19330	0.55279	0.01199	0.01893	0.00932	0.00446	0.00677
54	0.01180	0.00787	0.00885	0.00885	0.00885	0.00787	0.00492	0.01180	0.01180	0.01573	0.02557	0.05310	0.02950	0.71483	0.04130	0.00787	0.00787	0.01180	0.00492	0.00492
55	0.00968	0.00785	0.00860	0.00920	0.01122	0.00677	0.00660	0.01153	0.01755	0.02153	0.07023	0.27975	0.46699	0.02211	0.00983	0.00292	0.00430	0.01902	0.00753	0.00677
56	0.01809	0.01874	0.03034	0.02438	0.02633	0.02382	0.16484	0.02107	0.01403	0.02107	0.01203	0.01874	0.01105	0.01245	0.02256	0.00336	0.53638	0.00769	0.00368	0.00937
57	0.01180	0.00787	0.00885	0.00885	0.00885	0.00787	0.00492	0.01180	0.01180	0.01573	0.02557	0.05310	0.02950	0.71483	0.04130	0.00787	0.00787	0.01180	0.00492	0.00492
58	0.01180	0.00787	0.00885	0.00885	0.00885	0.00787	0.00492	0.01180	0.01180	0.01573	0.02557	0.05310	0.02950	0.71483	0.04130	0.00787	0.00787	0.01180	0.00492	0.00492
59	0.02892	0.02082	0.02256	0.01785	0.02390	0.02298	0.01456	0.45614	0.17345	0.09739	0.02352	0.02255	0.01676	0.01005	0.00815	0.00251	0.00821	0.00779	0.00830	0.01359
60	0.01409	0.00705	0.01057	0.01057	0.01057	0.00705	0.00705	0.01057	0.01057	0.01409	0.01409	0.02467	0.01409	0.02819	0.03171	0.76392	0.00705	0.00705	0.00352	0.00352
61	0.77215	0.01569	0.01193	0.01067	0.01569	0.01820	0.00879	0.02385	0.01381	0.03641	0.01130	0.01318	0.00879	0.00753	0.00502	0.00251	0.00628	0.00439	0.00502	0.00879
62	0.02018	0.01743	0.01835	0.01651	0.02110	0.02018	0.01284	0.04312	0.64956	0.03394	0.03303	0.03027	0.02477	0.01101	0.00826	0.00275	0.00642	0.00917	0.00826	0.01284
63	0.01308	0.00934	0.01308	0.01494	0.01681	0.00934	0.01308	0.01681	0.01868	0.02428	0.04296	0.09153	0.04670	0.02242	0.01121	0.00374	0.00747	0.60960	0.00747	0.00747
64	0.01008	0.00814	0.00836	0.00836	0.01049	0.00708	0.00589	0.01168	0.01700	0.02054	0.06956	0.07251	0.51995	0.17556	0.01667	0.00388	0.00495	0.01594	0.00695	0.00642
65	0.01103	0.00828	0.01022	0.00973	0.01185	0.00746	0.00730	0.01444	0.02190	0.03001	0.52221	0.06478	0.21587	0.01753	0.00957	0.00260	0.00390	0.01526	0.00860	0.00746
66	0.01683	0.01442	0.01683	0.01202	0.01923	0.01082	0.00961	0.02043	0.01683	0.02644	0.01442	0.01683	0.01202	0.00601	0.00601	0.00120	0.00601	0.00481	0.00481	0.76444
67	0.02008	0.01928	0.03294	0.04981	0.66422	0.01928	0.02490	0.02490	0.01848	0.02651	0.01526	0.02008	0.01285	0.00723	0.00803	0.00241	0.00964	0.00723	0.00402	0.01285
68	0.02338	0.02143	0.02000	0.01894	0.06113	0.20480	0.01390	0.16997	0.02287	0.06479	0.01966	0.04910	0.01676	0.02614	0.22340	0.00576	0.01440	0.00781	0.00563	0.01012
69	0.01190	0.00842	0.00981	0.00949	0.01167	0.00749	0.00692	0.01434	0.01932	0.05831	0.26840	0.10634	0.31776	0.09807	0.01317	0.00328	0.00462	0.01559	0.00784	0.00725
70	0.02022	0.11217	0.45019	0.02162	0.03120	0.18009	0.02485	0.02717	0.01848	0.02360	0.01373	0.01610	0.01033	0.00779	0.00735	0.00237	0.01228	0.00564	0.00361	0.01120
71	0.01076	0.00797	0.00982	0.00993	0.01154	0.00727	0.00710	0.01338	0.01948	0.02635	0.35208	0.20849	0.18815	0.07591	0.01232	0.00319	0.00441	0.01682	0.00801	0.00703
72	0.01679	0.01203	0.01323	0.01167	0.01381	0.01262	0.00817	0.18389	0.01982	0.02627	0.02977	0.04558	0.09216	0.41783	0.05722	0.00606	0.00837	0.01099	0.00605	0.00767
73	0.01824	0.01740	0.02961	0.29964	0.42878	0.01880	0.02399	0.02329	0.01760	0.02427	0.01494	0.02068	0.01206	0.00757	0.00806	0.00252	0.01010	0.00722	0.00386	0.01137
74	0.69304	0.01644	0.01325	0.01152	0.01670	0.01895	0.00950	0.08930	0.01641	0.03798	0.01217	0.01385	0.00932	0.00777	0.00535	0.00250	0.00656	0.00470	0.00535	0.00932
75	0.19543	0.01334	0.01495	0.01251	0.01705	0.01314	0.00993	0.01933	0.01502	0.02649	0.01750	0.08506	0.01650	0.01785	0.11860	0.00384	0.06210	0.00728	0.00495	0.32915
76	0.01037	0.00751	0.00962	0.01101	0.01188	0.00702	0.00764	0.01206	0.01619	0.02134	0.07933	0.49934	0.11701	0.08349	0.01297	0.00363	0.00510	0.07052	0.00738	0.00660
77	0.01513	0.00756	0.00756	0.00756	0.00945	0.00756	0.00567	0.01891	0.01702	0.03025	0.02647	0.03025	0.02080	0.00945	0.00567	0.00189	0.00378	0.00756	0.75988	0.00756
78	0.20926	0.02742	0.02081	0.01764	0.02285	0.28654	0.01393	0.24727	0.02622	0.03507	0.01473	0.01602	0.01125	0.00866	0.00705	0.00232	0.01057	0.00577	0.00580	0.01083
79	0.01170	0.00782	0.00888	0.00898	0.00900	0.00780	0.00505	0.01177	0.01199	0.01599	0.02656	0.08708	0.03075	0.67915	0.03970	0.00763	0.00770	0.01238	0.00505	0.00500
80	0.02055	0.02039	0.03323	0.04754	0.59952	0.05249	0.05656	0.02533	0.01874	0.02615	0.01519	0.01991	0.01270	0.00727	0.00808	0.00241	0.01010	0.00725	0.00403	0.01258
