[name]
unknown

[dist]
# distance from previous block
# <min> <max>
0	108

[block]
# block no. 0 follows, 23 sequences, length 22
# corresponding to MSA columns:
# 108-129
name=unknown_A
#
# <colnr> <probs for GDERKNQSTAVLIFYWHMCP>
#	G	D	E	R	K	N	Q	S	T	A	V	L	I	F	Y	W	H	M	C	P
0	0.01375	0.01463	0.10019	0.02132	0.13877	0.01151	0.01563	0.01765	0.01740	0.02370	0.03471	0.27266	0.03799	0.01868	0.00988	0.00319	0.00754	0.22569	0.00633	0.00877
1	0.03031	0.03867	0.02299	0.02090	0.02508	0.68226	0.01568	0.03240	0.02299	0.01986	0.01254	0.01463	0.01045	0.00836	0.00732	0.00209	0.01463	0.00523	0.00418	0.00941
2	0.03031	0.03867	0.02299	0.02090	0.02508	0.68226	0.01568	0.03240	0.02299	0.01986	0.01254	0.01463	0.01045	0.00836	0.00732	0.00209	0.01463	0.00523	0.00418	0.00941
3	0.01159	0.00869	0.01304	0.01304	0.01449	0.01014	0.01014	0.01449	0.01304	0.01884	0.02173	0.03188	0.02029	0.06086	0.68268	0.01304	0.02173	0.00869	0.00435	0.00724
4	0.01579	0.02078	0.15975	0.02250	0.02859	0.01577	0.23500	0.02353	0.09845	0.02530	0.02703	0.23733	0.02644	0.01337	0.00927	0.00288	0.00959	0.01302	0.00557	0.01004
5	0.01923	0.01841	0.03140	0.16492	0.55573	0.01906	0.02448	0.02416	0.01807	0.02548	0.01511	0.02036	0.01249	0.00739	0.00805	0.00246	0.00985	0.00723	0.00394	0.01217
6	0.03031	0.03867	0.02299	0.02090	0.02508	0.68226	0.01568	0.03240	0.02299	0.01986	0.01254	0.01463	0.01045	0.00836	0.00732	0.00209	0.01463	0.00523	0.00418	0.00941
7	0.02008	0.01928	0.03294	0.04981	0.66422	0.01928	0.02490	0.02490	0.01848	0.02651	0.01526	0.02008	0.01285	0.00723	0.00803	0.00241	0.00964	0.00723	0.00402	0.01285
8	0.01627	0.04197	0.67279	0.02313	0.03512	0.01884	0.02998	0.02570	0.01713	0.02570	0.01456	0.01713	0.01028	0.00771	0.00771	0.00257	0.01199	0.00600	0.00343	0.01199
9	0.01593	0.01505	0.02544	0.61255	0.13390	0.01819	0.02284	0.02127	0.01651	0.02147	0.01453	0.02143	0.01108	0.00800	0.00810	0.00267	0.01067	0.00721	0.00366	0.00951
10	0.00959	0.00822	0.00822	0.00822	0.01096	0.00685	0.00617	0.01165	0.01850	0.02192	0.08220	0.07809	0.66092	0.02055	0.00959	0.00274	0.00411	0.01713	0.00754	0.00685
11	0.01937	0.02353	0.15280	0.04481	0.54637	0.01920	0.02585	0.02505	0.01822	0.02636	0.01513	0.01953	0.01237	0.00732	0.00797	0.00244	0.01008	0.00700	0.00391	0.01269
12	0.01840	0.01756	0.02989	0.27849	0.44871	0.01884	0.02406	0.02343	0.01768	0.02446	0.01497	0.02063	0.01213	0.00754	0.00806	0.00251	0.01006	0.00722	0.00387	0.01149
13	0.00985	0.00720	0.00928	0.01094	0.01168	0.00662	0.00737	0.01134	0.01588	0.02085	0.04904	0.63673	0.12369	0.02486	0.01027	0.00323	0.00464	0.02238	0.00753	0.00662
14	0.02008	0.01928	0.03294	0.04981	0.66422	0.01928	0.02490	0.02490	0.01848	0.02651	0.01526	0.02008	0.01285	0.00723	0.00803	0.00241	0.00964	0.00723	0.00402	0.01285
15	0.01106	0.00831	0.01104	0.07499	0.01600	0.00824	0.00908	0.01301	0.01581	0.02057	0.04347	0.38679	0.12150	0.12751	0.01486	0.00392	0.00604	0.09434	0.00676	0.00671
16	0.01565	0.03881	0.61063	0.02173	0.03286	0.01772	0.02775	0.02438	0.01726	0.02534	0.02089	0.02283	0.07114	0.00891	0.00789	0.00259	0.01125	0.00704	0.00381	0.01151
17	0.15981	0.01706	0.06849	0.45732	0.10368	0.01824	0.02067	0.02207	0.01604	0.02460	0.01392	0.01956	0.01058	0.00789	0.00749	0.00263	0.00993	0.00659	0.00390	0.00954
18	0.01975	0.02425	0.10250	0.03061	0.19134	0.14177	0.19392	0.02476	0.01941	0.02491	0.06320	0.08659	0.02027	0.00975	0.00863	0.00255	0.01111	0.00939	0.00468	0.01062
19	0.02220	0.02701	0.21653	0.02781	0.17155	0.10481	0.09183	0.02772	0.01934	0.13163	0.01969	0.06855	0.01580	0.00922	0.00821	0.00253	0.01065	0.00814	0.00512	0.01164
20	0.08750	0.01694	0.02123	0.36213	0.10587	0.09787	0.01792	0.02134	0.01735	0.02287	0.02411	0.05375	0.09839	0.01030	0.00800	0.00261	0.00961	0.00863	0.00452	0.00907
21	0.11653	0.01722	0.05686	0.30614	0.21222	0.01763	0.02039	0.02502	0.01751	0.11067	0.01659	0.02069	0.01232	0.00803	0.00768	0.00257	0.00945	0.00692	0.00474	0.01083

[dist]
# distance from previous block
# <min> <max>
7	29

[block]
# block no. 1 follows, 23 sequences, length 54
# corresponding to MSA columns:
# 159-212
name=unknown_B
#
# <colnr> <probs for GDERKNQSTAVLIFYWHMCP>
#	G	D	E	R	K	N	Q	S	T	A	V	L	I	F	Y	W	H	M	C	P
0	0.15237	0.05371	0.12059	0.02613	0.21891	0.07192	0.01813	0.07534	0.01976	0.05738	0.04662	0.02401	0.06354	0.00916	0.00747	0.00243	0.00893	0.00736	0.00516	0.01108
1	0.02001	0.02337	0.18309	0.02499	0.18793	0.08570	0.01883	0.02514	0.01828	0.08444	0.01880	0.02211	0.01460	0.01264	0.06498	0.00320	0.01039	0.00689	0.13558	0.03906
2	0.02182	0.14146	0.22185	0.04877	0.05225	0.04847	0.01912	0.17950	0.02305	0.06184	0.02324	0.02424	0.08082	0.00960	0.00764	0.00239	0.00955	0.00741	0.00544	0.01153
3	0.14398	0.02448	0.02100	0.04855	0.05027	0.29036	0.04100	0.02970	0.01999	0.15642	0.01760	0.01959	0.01332	0.01354	0.07273	0.00337	0.01201	0.00639	0.00550	0.01020
4	0.12154	0.09316	0.16552	0.02116	0.08438	0.05208	0.09087	0.02509	0.04481	0.02686	0.01475	0.01740	0.01163	0.00722	0.00694	0.00213	0.00930	0.00596	0.00437	0.19483
5	0.01692	0.08314	0.25713	0.22572	0.09818	0.01901	0.02294	0.05033	0.01741	0.02408	0.01537	0.02026	0.01203	0.01401	0.08644	0.00374	0.01213	0.00672	0.00386	0.01058
6	0.05190	0.07133	0.41183	0.03023	0.22637	0.01968	0.02657	0.02529	0.01736	0.02606	0.01445	0.01763	0.01101	0.00751	0.00755	0.00247	0.01083	0.00621	0.00368	0.01202
7	0.01745	0.01860	0.05555	0.22505	0.26136	0.07352	0.02007	0.02181	0.01790	0.02313	0.02637	0.03006	0.12610	0.01024	0.00902	0.00258	0.03780	0.00873	0.00448	0.01018
8	0.09758	0.02821	0.02040	0.01837	0.02188	0.39278	0.01407	0.05422	0.02024	0.02322	0.01628	0.09545	0.01553	0.01099	0.01001	0.00244	0.10392	0.00753	0.00477	0.04211
9	0.09043	0.01675	0.01499	0.01321	0.01689	0.14479	0.00984	0.01996	0.01620	0.02257	0.01939	0.08376	0.01925	0.13965	0.11686	0.00466	0.01039	0.00822	0.00488	0.22729
10	0.02679	0.03181	0.02501	0.02764	0.18309	0.45381	0.01769	0.03158	0.08258	0.02287	0.01520	0.01750	0.01243	0.00834	0.00759	0.00223	0.01260	0.00611	0.00453	0.01059
11	0.01055	0.00734	0.00922	0.01045	0.01076	0.00703	0.00663	0.01147	0.01425	0.01900	0.03812	0.48326	0.04534	0.26307	0.02102	0.00487	0.00580	0.01918	0.00663	0.00601
12	0.02008	0.01928	0.03294	0.04981	0.66422	0.01928	0.02490	0.02490	0.01848	0.02651	0.01526	0.02008	0.01285	0.00723	0.00803	0.00241	0.00964	0.00723	0.00402	0.01285
13	0.02008	0.01928	0.03294	0.04981	0.66422	0.01928	0.02490	0.02490	0.01848	0.02651	0.01526	0.02008	0.01285	0.00723	0.00803	0.00241	0.00964	0.00723	0.00402	0.01285
14	0.01159	0.00869	0.01304	0.01304	0.01449	0.01014	0.01014	0.01449	0.01304	0.01884	0.02173	0.03188	0.02029	0.06086	0.68268	0.01304	0.02173	0.00869	0.00435	0.00724
15	0.18350	0.01419	0.01745	0.01368	0.01971	0.01318	0.01130	0.03641	0.02134	0.54320	0.02787	0.02473	0.01783	0.00954	0.00753	0.00251	0.00678	0.00741	0.00904	0.01281
16	0.00987	0.00712	0.00935	0.01114	0.01173	0.00660	0.00746	0.01132	0.01569	0.02077	0.04662	0.67749	0.08448	0.02517	0.01032	0.00327	0.00468	0.02277	0.00753	0.00660
17	0.01513	0.00756	0.00756	0.00756	0.00945	0.00756	0.00567	0.01891	0.01702	0.03025	0.02647	0.03025	0.02080	0.00945	0.00567	0.00189	0.00378	0.00756	0.75988	0.00756
18	0.01042	0.00825	0.00937	0.00909	0.01147	0.00720	0.00682	0.01326	0.02046	0.02658	0.33589	0.07042	0.40432	0.01881	0.00958	0.00266	0.00399	0.01605	0.00815	0.00720
19	0.77215	0.01569	0.01193	0.01067	0.01569	0.01820	0.00879	0.02385	0.01381	0.03641	0.01130	0.01318	0.00879	0.00753	0.00502	0.00251	0.00628	0.00439	0.00502	0.00879
20	0.01159	0.00869	0.01304	0.01304	0.01449	0.01014	0.01014	0.01449	0.01304	0.01884	0.02173	0.03188	0.02029	0.06086	0.68268	0.01304	0.02173	0.00869	0.00435	0.00724
21	0.01064	0.00836	0.00968	0.00962	0.01197	0.00740	0.00740	0.01353	0.02020	0.02615	0.29634	0.07280	0.38097	0.01924	0.00974	0.00277	0.00433	0.07360	0.00806	0.00721
22	0.77215	0.01569	0.01193	0.01067	0.01569	0.01820	0.00879	0.02385	0.01381	0.03641	0.01130	0.01318	0.00879	0.00753	0.00502	0.00251	0.00628	0.00439	0.00502	0.00879
23	0.02910	0.02186	0.02337	0.01832	0.02450	0.02435	0.01500	0.53969	0.13847	0.04832	0.02170	0.02125	0.01560	0.00995	0.00814	0.00249	0.00852	0.00761	0.00814	0.01364
24	0.01631	0.01635	0.03043	0.52425	0.05240	0.01867	0.18095	0.02209	0.01698	0.02209	0.01494	0.02170	0.01120	0.00778	0.00849	0.00271	0.01156	0.00782	0.00373	0.00951
25	0.01159	0.00869	0.01304	0.01304	0.01449	0.01014	0.01014	0.01449	0.01304	0.01884	0.02173	0.03188	0.02029	0.06086	0.68268	0.01304	0.02173	0.00869	0.00435	0.00724
26	0.01763	0.01759	0.02483	0.05512	0.02304	0.02451	0.01799	0.01959	0.01262	0.01959	0.01084	0.01795	0.01066	0.01390	0.02570	0.00351	0.66540	0.00711	0.00355	0.00888
27	0.77215	0.01569	0.01193	0.01067	0.01569	0.01820	0.00879	0.02385	0.01381	0.03641	0.01130	0.01318	0.00879	0.00753	0.00502	0.00251	0.00628	0.00439	0.00502	0.00879
28	0.01513	0.00756	0.00756	0.00756	0.00945	0.00756	0.00567	0.01891	0.01702	0.03025	0.02647	0.03025	0.02080	0.00945	0.00567	0.00189	0.00378	0.00756	0.75988	0.00756
29	0.01915	0.02189	0.04788	0.03420	0.04241	0.02052	0.63475	0.02599	0.01915	0.02599	0.01642	0.02189	0.01231	0.00684	0.00958	0.00274	0.01368	0.00958	0.00410	0.01094
30	0.77215	0.01569	0.01193	0.01067	0.01569	0.01820	0.00879	0.02385	0.01381	0.03641	0.01130	0.01318	0.00879	0.00753	0.00502	0.00251	0.00628	0.00439	0.00502	0.00879
31	0.01915	0.02189	0.04788	0.03420	0.04241	0.02052	0.63475	0.02599	0.01915	0.02599	0.01642	0.02189	0.01231	0.00684	0.00958	0.00274	0.01368	0.00958	0.00410	0.01094
32	0.69351	0.01644	0.01324	0.01152	0.01670	0.01894	0.00949	0.08891	0.01639	0.03797	0.01217	0.01385	0.00932	0.00777	0.00535	0.00250	0.00656	0.00470	0.00535	0.00932
33	0.01910	0.02515	0.19851	0.04290	0.50143	0.01917	0.02622	0.02511	0.01813	0.02630	0.01508	0.01932	0.01219	0.00735	0.00795	0.00245	0.01025	0.00691	0.00386	0.01263
34	0.02148	0.23797	0.32159	0.01987	0.02837	0.19436	0.02160	0.02703	0.01846	0.02227	0.01309	0.01529	0.01036	0.00766	0.00688	0.00220	0.01171	0.00532	0.00363	0.01086
35	0.01768	0.00955	0.01114	0.01026	0.01269	0.00999	0.00801	0.05004	0.01787	0.09684	0.02532	0.02920	0.01989	0.01790	0.11453	0.00382	0.03573	0.00777	0.49325	0.00853
36	0.01869	0.01315	0.07070	0.01553	0.01927	0.01074	0.01426	0.02277	0.01959	0.17207	0.03803	0.07056	0.03750	0.01833	0.01021	0.00336	0.00773	0.42051	0.00771	0.00931
37	0.02018	0.01743	0.01835	0.01651	0.02110	0.02018	0.01284	0.04312	0.64956	0.03394	0.03303	0.03027	0.02477	0.01101	0.00826	0.00275	0.00642	0.00917	0.00826	0.01284
38	0.00996	0.00823	0.00873	0.00861	0.01119	0.00701	0.00646	0.01236	0.01937	0.02399	0.19484	0.07468	0.54699	0.01978	0.00959	0.00270	0.00406	0.01665	0.00781	0.00701
39	0.01627	0.04197	0.67279	0.02313	0.03512	0.01884	0.02998	0.02570	0.01713	0.02570	0.01456	0.01713	0.01028	0.00771	0.00771	0.00257	0.01199	0.00600	0.00343	0.01199
40	0.03031	0.03867	0.02299	0.02090	0.02508	0.68226	0.01568	0.03240	0.02299	0.01986	0.01254	0.01463	0.01045	0.00836	0.00732	0.00209	0.01463	0.00523	0.00418	0.00941
41	0.01656	0.03741	0.56140	0.02173	0.03235	0.01853	0.02685	0.02745	0.09725	0.02704	0.04492	0.02068	0.01499	0.00851	0.00786	0.00259	0.01093	0.00677	0.00428	0.01191
42	0.00970	0.00780	0.00866	0.00934	0.01126	0.00676	0.00666	0.01152	0.01742	0.02148	0.06853	0.30847	0.43937	0.02233	0.00987	0.00294	0.00433	0.01929	0.00753	0.00676
43	0.01627	0.04197	0.67279	0.02313	0.03512	0.01884	0.02998	0.02570	0.01713	0.02570	0.01456	0.01713	0.01028	0.00771	0.00771	0.00257	0.01199	0.00600	0.00343	0.01199
44	0.01532	0.01442	0.02434	0.69533	0.05589	0.01803	0.02253	0.02073	0.01622	0.02073	0.01442	0.02163	0.01082	0.00811	0.00811	0.00270	0.01082	0.00721	0.00361	0.00901
45	0.01860	0.01606	0.01684	0.01527	0.01959	0.01819	0.01185	0.03842	0.55532	0.03215	0.04037	0.03741	0.11977	0.01243	0.00846	0.00275	0.00608	0.01036	0.00815	0.01195
46	0.00989	0.00706	0.00942	0.01130	0.01177	0.00659	0.00753	0.01130	0.01554	0.02071	0.04472	0.70954	0.05367	0.02542	0.01036	0.00330	0.00471	0.02307	0.00753	0.00659
47	0.01194	0.00953	0.01092	0.01139	0.01342	0.00943	0.00820	0.01795	0.14351	0.02428	0.08274	0.35925	0.22536	0.02070	0.00968	0.00299	0.00483	0.01816	0.00774	0.00797
48	0.01988	0.01907	0.03256	0.07769	0.63794	0.01923	0.02480	0.02472	0.01838	0.02626	0.01523	0.02015	0.01276	0.00727	0.00804	0.00242	0.00969	0.00723	0.00400	0.01269
49	0.01060	0.00855	0.00963	0.01017	0.01266	0.00757	0.00817	0.01315	0.01855	0.02261	0.07080	0.08199	0.48252	0.02109	0.01006	0.00303	0.00509	0.18921	0.00752	0.00703
50	0.02853	0.03557	0.02372	0.02254	0.06008	0.58188	0.01639	0.03074	0.02172	0.02019	0.01251	0.01524	0.01060	0.00886	0.00923	0.00225	0.08076	0.00552	0.00411	0.00955
51	0.06932	0.01389	0.01852	0.01427	0.02049	0.01221	0.01179	0.03884	0.02280	0.64150	0.03109	0.02697	0.01958	0.00993	0.00802	0.00251	0.00688	0.00799	0.00982	0.01358
52	0.01099	0.00828	0.01017	0.00969	0.01182	0.00745	0.00727	0.01436	0.02181	0.02979	0.51044	0.06513	0.22777	0.01761	0.00958	0.00260	0.00390	0.01531	0.00857	0.00745
53	0.17862	0.01787	0.02733	0.12820	0.44527	0.01888	0.02117	0.02412	0.01719	0.02783	0.01431	0.01883	0.01172	0.00741	0.00741	0.00247	0.00909	0.00663	0.00417	0.01148

[dist]
# distance from previous block
# <min> <max>
2	5

[block]
# block no. 2 follows, 23 sequences, length 40
# corresponding to MSA columns:
# 218-257
name=unknown_C
#
# <colnr> <probs for GDERKNQSTAVLIFYWHMCP>
#	G	D	E	R	K	N	Q	S	T	A	V	L	I	F	Y	W	H	M	C	P
0	0.05558	0.01707	0.01984	0.19773	0.05594	0.07629	0.01473	0.16009	0.02150	0.08748	0.02040	0.05668	0.01782	0.14733	0.01448	0.00358	0.00928	0.00860	0.00577	0.00981
1	0.02008	0.01928	0.03294	0.04981	0.66422	0.01928	0.02490	0.02490	0.01848	0.02651	0.01526	0.02008	0.01285	0.00723	0.00803	0.00241	0.00964	0.00723	0.00402	0.01285
2	0.19303	0.33721	0.02922	0.01548	0.02108	0.24324	0.01333	0.02687	0.01803	0.02323	0.01170	0.01359	0.01006	0.00754	0.00586	0.00203	0.01010	0.00464	0.00405	0.00972
3	0.01180	0.00787	0.00885	0.00885	0.00885	0.00787	0.00492	0.01180	0.01180	0.01573	0.02557	0.05310	0.02950	0.71483	0.04130	0.00787	0.00787	0.01180	0.00492	0.00492
4	0.03031	0.03867	0.02299	0.02090	0.02508	0.68226	0.01568	0.03240	0.02299	0.01986	0.01254	0.01463	0.01045	0.00836	0.00732	0.00209	0.01463	0.00523	0.00418	0.00941
5	0.01175	0.00805	0.00979	0.00979	0.01012	0.00838	0.00609	0.01240	0.01208	0.01643	0.02471	0.04833	0.02743	0.56800	0.18530	0.00903	0.01098	0.01110	0.00479	0.00544
6	0.01513	0.00756	0.00756	0.00756	0.00945	0.00756	0.00567	0.01891	0.01702	0.03025	0.02647	0.03025	0.02080	0.00945	0.00567	0.00189	0.00378	0.00756	0.75988	0.00756
7	0.01234	0.01099	0.01961	0.01737	0.01989	0.01028	0.17374	0.01519	0.01649	0.02211	0.03722	0.52732	0.04271	0.02050	0.01015	0.00315	0.00709	0.01949	0.00662	0.00774
8	0.03085	0.02273	0.02435	0.01867	0.02516	0.02516	0.01542	0.63716	0.03815	0.05114	0.01948	0.01948	0.01380	0.00974	0.00812	0.00244	0.00893	0.00731	0.00812	0.01380
9	0.01532	0.01442	0.02434	0.69533	0.05589	0.01803	0.02253	0.02073	0.01622	0.02073	0.01442	0.02163	0.01082	0.00811	0.00811	0.00270	0.01082	0.00721	0.00361	0.00901
10	0.03085	0.02273	0.02435	0.01867	0.02516	0.02516	0.01542	0.63716	0.03815	0.05114	0.01948	0.01948	0.01380	0.00974	0.00812	0.00244	0.00893	0.00731	0.00812	0.01380
11	0.03641	0.01381	0.01883	0.01444	0.02071	0.01193	0.01193	0.03954	0.02322	0.66984	0.03201	0.02762	0.02009	0.01004	0.00816	0.00251	0.00690	0.00816	0.01004	0.01381
12	0.01532	0.01442	0.02434	0.69533	0.05589	0.01803	0.02253	0.02073	0.01622	0.02073	0.01442	0.02163	0.01082	0.00811	0.00811	0.00270	0.01082	0.00721	0.00361	0.00901
13	0.02018	0.01743	0.01835	0.01651	0.02110	0.02018	0.01284	0.04312	0.64956	0.03394	0.03303	0.03027	0.02477	0.01101	0.00826	0.00275	0.00642	0.00917	0.00826	0.01284
14	0.02169	0.71972	0.04252	0.01388	0.02083	0.03211	0.01388	0.02430	0.01649	0.01909	0.01128	0.01302	0.01041	0.00694	0.00521	0.00174	0.00868	0.00434	0.00347	0.01041
15	0.01393	0.01344	0.01982	0.01763	0.02028	0.07058	0.15797	0.01670	0.01707	0.02190	0.03508	0.48301	0.03992	0.01945	0.00990	0.00305	0.00774	0.01825	0.00641	0.00788
16	0.77215	0.01569	0.01193	0.01067	0.01569	0.01820	0.00879	0.02385	0.01381	0.03641	0.01130	0.01318	0.00879	0.00753	0.00502	0.00251	0.00628	0.00439	0.00502	0.00879
17	0.01148	0.00829	0.01085	0.01021	0.01212	0.00766	0.00766	0.01531	0.02297	0.03254	0.65994	0.06061	0.07656	0.01659	0.00957	0.00255	0.00383	0.01467	0.00893	0.00766
18	0.01775	0.01775	0.02485	0.02130	0.02130	0.02485	0.01775	0.01953	0.01243	0.01953	0.01065	0.01775	0.01065	0.01420	0.02663	0.00355	0.69998	0.00710	0.00355	0.00888
19	0.03641	0.01381	0.01883	0.01444	0.02071	0.01193	0.01193	0.03954	0.02322	0.66984	0.03201	0.02762	0.02009	0.01004	0.00816	0.00251	0.00690	0.00816	0.01004	0.01381
20	0.00989	0.00706	0.00942	0.01130	0.01177	0.00659	0.00753	0.01130	0.01554	0.02071	0.04472	0.70954	0.05367	0.02542	0.01036	0.00330	0.00471	0.02307	0.00753	0.00659
21	0.01164	0.00850	0.01204	0.01204	0.01314	0.00960	0.00890	0.01385	0.01274	0.01810	0.02265	0.03694	0.02248	0.21695	0.52959	0.01181	0.01842	0.00944	0.00448	0.00669
22	0.03031	0.03867	0.02299	0.02090	0.02508	0.68226	0.01568	0.03240	0.02299	0.01986	0.01254	0.01463	0.01045	0.00836	0.00732	0.00209	0.01463	0.00523	0.00418	0.00941
23	0.01067	0.00800	0.00990	0.00998	0.01177	0.00722	0.00727	0.01354	0.02023	0.02735	0.38391	0.21048	0.21090	0.01952	0.00975	0.00276	0.00409	0.01714	0.00828	0.00722
24	0.01180	0.00787	0.00885	0.00885	0.00885	0.00787	0.00492	0.01180	0.01180	0.01573	0.02557	0.05310	0.02950	0.71483	0.04130	0.00787	0.00787	0.01180	0.00492	0.00492
25	0.01148	0.00829	0.01085	0.01021	0.01212	0.00766	0.00766	0.01531	0.02297	0.03254	0.65994	0.06061	0.07656	0.01659	0.00957	0.00255	0.00383	0.01467	0.00893	0.00766
26	0.01161	0.00862	0.01265	0.01265	0.01397	0.00993	0.00966	0.01424	0.01293	0.01855	0.02209	0.03384	0.02114	0.12133	0.62337	0.01256	0.02045	0.00898	0.00440	0.00703
27	0.02735	0.03422	0.02959	0.02443	0.02968	0.50691	0.17972	0.03070	0.02198	0.02148	0.01357	0.01656	0.01094	0.00796	0.00792	0.00226	0.01438	0.00638	0.00416	0.00981
28	0.01055	0.00826	0.00955	0.00923	0.01155	0.00726	0.00692	0.01351	0.02077	0.02731	0.37568	0.06921	0.36407	0.01854	0.00958	0.00264	0.00397	0.01588	0.00824	0.00726
29	0.02520	0.44227	0.03457	0.01674	0.02256	0.29697	0.01461	0.02760	0.01914	0.01940	0.01179	0.01367	0.01043	0.00752	0.00607	0.00188	0.01110	0.00470	0.00376	0.01000
30	0.00974	0.00762	0.00884	0.00983	0.01138	0.00671	0.00688	0.01146	0.01695	0.02129	0.06265	0.40755	0.34408	0.02309	0.00999	0.00303	0.00442	0.02023	0.00753	0.00671
31	0.06353	0.30868	0.06189	0.01709	0.02340	0.18581	0.01523	0.18358	0.02351	0.02869	0.01385	0.01527	0.01120	0.00807	0.00657	0.00208	0.01022	0.00540	0.00491	0.01103
32	0.01405	0.00772	0.00795	0.00789	0.00990	0.00748	0.00592	0.01761	0.01775	0.02933	0.09087	0.03942	0.11204	0.01159	0.00655	0.00206	0.00383	0.00949	0.59109	0.00748
33	0.21574	0.01231	0.01188	0.01102	0.01451	0.01338	0.00858	0.02469	0.17141	0.03201	0.11796	0.03610	0.10932	0.01174	0.00717	0.00247	0.00514	0.00933	0.17615	0.00910
34	0.08173	0.08531	0.22879	0.02032	0.02717	0.09479	0.12545	0.02329	0.01707	0.02389	0.01803	0.08396	0.01632	0.04592	0.06992	0.00371	0.01184	0.00834	0.00430	0.00986
35	0.08928	0.01563	0.01573	0.01446	0.01799	0.10230	0.01148	0.07928	0.02085	0.16515	0.06109	0.10434	0.03029	0.07940	0.01182	0.00331	0.00794	0.15291	0.00726	0.00948
36	0.15867	0.08720	0.14304	0.02430	0.17623	0.07846	0.01823	0.05246	0.01925	0.11131	0.04559	0.01996	0.01509	0.00834	0.00720	0.00239	0.00917	0.00651	0.00523	0.01135
37	0.22361	0.06436	0.02023	0.01702	0.02159	0.41534	0.01319	0.02916	0.02007	0.05365	0.01612	0.01757	0.03930	0.00869	0.00675	0.00223	0.01133	0.00562	0.00478	0.00938
38	0.12731	0.08862	0.20464	0.01739	0.02491	0.08003	0.01745	0.08520	0.04925	0.20036	0.01956	0.01960	0.01369	0.00863	0.00727	0.00242	0.00928	0.00640	0.00612	0.01186
39	0.05727	0.05768	0.17980	0.02544	0.17039	0.16654	0.01961	0.02779	0.01989	0.11009	0.07293	0.02208	0.01795	0.00879	0.00769	0.00238	0.01026	0.00700	0.00516	0.01125

[dist]
# distance from previous block
# <min> <max>
26	101

[block]
# block no. 3 follows, 23 sequences, length 8
# corresponding to MSA columns:
# 366-373
name=unknown_D
#
# <colnr> <probs for GDERKNQSTAVLIFYWHMCP>
#	G	D	E	R	K	N	Q	S	T	A	V	L	I	F	Y	W	H	M	C	P
0	0.06760	0.08681	0.11422	0.06667	0.17422	0.17407	0.04672	0.06081	0.04255	0.02565	0.01454	0.01776	0.01170	0.00831	0.00869	0.00242	0.05560	0.00635	0.00432	0.01097
1	0.02288	0.01467	0.02107	0.02449	0.22451	0.01404	0.01481	0.07423	0.02180	0.19535	0.13662	0.03009	0.02698	0.00998	0.00798	0.00234	0.00701	0.00870	0.08449	0.05798
2	0.02006	0.02221	0.06271	0.05029	0.02435	0.17161	0.06732	0.06751	0.14460	0.02657	0.03108	0.07247	0.12254	0.01164	0.00827	0.00247	0.00919	0.00967	0.00596	0.06947
3	0.02372	0.18353	0.02618	0.01905	0.07672	0.09036	0.01449	0.06827	0.18426	0.11254	0.05731	0.02361	0.01961	0.00978	0.00870	0.00241	0.05423	0.00739	0.00630	0.01155
4	0.02047	0.06432	0.08243	0.07847	0.02876	0.13706	0.12057	0.06579	0.08216	0.02683	0.08255	0.02354	0.01937	0.00917	0.00884	0.00238	0.04335	0.00769	0.00519	0.09104
5	0.15097	0.03106	0.23001	0.05897	0.02818	0.20305	0.01921	0.08113	0.04920	0.05361	0.01540	0.01725	0.01146	0.00830	0.00724	0.00243	0.01096	0.00593	0.00481	0.01082
6	0.10028	0.02046	0.06127	0.06493	0.10594	0.10951	0.05728	0.09090	0.02168	0.13099	0.07892	0.02829	0.07451	0.01015	0.00801	0.00249	0.00900	0.00839	0.00621	0.01081
7	0.02479	0.16656	0.02637	0.02096	0.10680	0.18600	0.01510	0.09283	0.12180	0.08220	0.02291	0.02334	0.05743	0.00944	0.00743	0.00228	0.00950	0.00719	0.00579	0.01128

[dist]
# distance from previous block
# <min> <max>
0	1

[block]
# block no. 4 follows, 23 sequences, length 94
# corresponding to MSA columns:
# 375-468
name=unknown_E
#
# <colnr> <probs for GDERKNQSTAVLIFYWHMCP>
#	G	D	E	R	K	N	Q	S	T	A	V	L	I	F	Y	W	H	M	C	P
0	0.01908	0.08041	0.04786	0.02384	0.14466	0.11862	0.04748	0.05343	0.01801	0.02315	0.02075	0.07550	0.04792	0.01970	0.12646	0.00439	0.10568	0.00868	0.00462	0.00977
1	0.05825	0.17910	0.20549	0.02037	0.05372	0.18259	0.01925	0.13981	0.02219	0.02811	0.01417	0.01604	0.01104	0.00805	0.00705	0.00224	0.01100	0.00568	0.00458	0.01126
2	0.02666	0.30704	0.09659	0.01613	0.02289	0.11626	0.01516	0.03109	0.05164	0.21464	0.01908	0.01890	0.01402	0.00835	0.00680	0.00215	0.00922	0.00602	0.00577	0.01157
3	0.01865	0.01186	0.01428	0.01357	0.04186	0.01132	0.00994	0.02534	0.14436	0.17269	0.10425	0.11638	0.22558	0.01538	0.00889	0.00266	0.00553	0.01308	0.00814	0.03623
4	0.01137	0.00776	0.00933	0.00998	0.01025	0.00763	0.00625	0.01204	0.01334	0.01774	0.03212	0.23522	0.03740	0.47405	0.03057	0.00631	0.00697	0.06027	0.00582	0.00557
5	0.02039	0.09627	0.38187	0.02667	0.16230	0.01971	0.02483	0.05487	0.01896	0.09537	0.01650	0.01859	0.01204	0.00788	0.00761	0.00245	0.01051	0.00639	0.00448	0.01230
6	0.01649	0.04069	0.63671	0.02463	0.07060	0.01887	0.02969	0.02565	0.01721	0.02574	0.01460	0.01730	0.01042	0.00768	0.00773	0.00256	0.01186	0.00607	0.00346	0.01204
7	0.01532	0.01442	0.02434	0.69533	0.05589	0.01803	0.02253	0.02073	0.01622	0.02073	0.01442	0.02163	0.01082	0.00811	0.00811	0.00270	0.01082	0.00721	0.00361	0.00901
8	0.01901	0.01807	0.03016	0.19456	0.48987	0.01905	0.02369	0.02498	0.05346	0.02562	0.01607	0.02101	0.01306	0.00764	0.00806	0.00250	0.00973	0.00733	0.00416	0.01198
9	0.01852	0.02727	0.26321	0.06558	0.41355	0.01907	0.02664	0.02502	0.01790	0.02599	0.01498	0.01908	0.01185	0.00744	0.00792	0.00248	0.01053	0.00678	0.00379	0.01239
10	0.02008	0.01928	0.03294	0.04981	0.66422	0.01928	0.02490	0.02490	0.01848	0.02651	0.01526	0.02008	0.01285	0.00723	0.00803	0.00241	0.00964	0.00723	0.00402	0.01285
11	0.01627	0.04197	0.67279	0.02313	0.03512	0.01884	0.02998	0.02570	0.01713	0.02570	0.01456	0.01713	0.01028	0.00771	0.00771	0.00257	0.01199	0.00600	0.00343	0.01199
12	0.01908	0.03084	0.37488	0.06028	0.25185	0.01843	0.02654	0.02626	0.01802	0.07468	0.01612	0.01914	0.01193	0.00774	0.00787	0.00252	0.01074	0.00664	0.00414	0.01230
13	0.02083	0.02174	0.09144	0.04414	0.54040	0.01984	0.02440	0.08766	0.02037	0.02896	0.01563	0.01975	0.01271	0.00753	0.00801	0.00243	0.00979	0.00712	0.00438	0.01287
14	0.01180	0.00787	0.00885	0.00885	0.00885	0.00787	0.00492	0.01180	0.01180	0.01573	0.02557	0.05310	0.02950	0.71483	0.04130	0.00787	0.00787	0.01180	0.00492	0.00492
15	0.01347	0.01191	0.01712	0.05979	0.20989	0.01139	0.01304	0.01693	0.01933	0.02553	0.18350	0.05371	0.30311	0.01499	0.00904	0.00260	0.00609	0.01307	0.00656	0.00895
16	0.02260	0.02534	0.03363	0.03614	0.28914	0.20658	0.18125	0.02703	0.01962	0.02415	0.01456	0.01890	0.01192	0.00780	0.00918	0.00246	0.04717	0.00727	0.00406	0.01118
17	0.01019	0.00737	0.00967	0.01114	0.01197	0.00684	0.00770	0.01202	0.01671	0.02233	0.11966	0.57187	0.09034	0.02398	0.01026	0.00319	0.00468	0.04562	0.00770	0.00677
18	0.01008	0.00714	0.00936	0.01105	0.01147	0.00672	0.00726	0.01135	0.01515	0.02020	0.04276	0.64233	0.05119	0.09601	0.01353	0.00376	0.00503	0.02191	0.00726	0.00642
19	0.03031	0.03867	0.02299	0.02090	0.02508	0.68226	0.01568	0.03240	0.02299	0.01986	0.01254	0.01463	0.01045	0.00836	0.00732	0.00209	0.01463	0.00523	0.00418	0.00941
20	0.02113	0.14388	0.20051	0.01705	0.02366	0.04250	0.01701	0.14129	0.02153	0.09407	0.02345	0.17375	0.02176	0.01222	0.00799	0.00254	0.00877	0.01000	0.00596	0.01095
21	0.02103	0.02321	0.02437	0.02120	0.02229	0.19628	0.01721	0.02288	0.01518	0.01961	0.01114	0.01694	0.01060	0.01268	0.02159	0.00317	0.52127	0.00661	0.00371	0.00901
22	0.01003	0.00712	0.00937	0.01111	0.01155	0.00669	0.00733	0.01134	0.01525	0.02034	0.04327	0.65969	0.05183	0.07777	0.01271	0.00364	0.00495	0.02221	0.00733	0.00646
23	0.01683	0.01442	0.01683	0.01202	0.01923	0.01082	0.00961	0.02043	0.01683	0.02644	0.01442	0.01683	0.01202	0.00601	0.00601	0.00120	0.00601	0.00481	0.00481	0.76444
24	0.02284	0.02820	0.19642	0.01751	0.02355	0.20769	0.01674	0.10335	0.02153	0.06400	0.01859	0.02178	0.01445	0.04316	0.00889	0.00253	0.01018	0.00667	0.16161	0.01031
25	0.02169	0.71972	0.04252	0.01388	0.02083	0.03211	0.01388	0.02430	0.01649	0.01909	0.01128	0.01302	0.01041	0.00694	0.00521	0.00174	0.00868	0.00434	0.00347	0.01041
26	0.00959	0.00822	0.00822	0.00822	0.01096	0.00685	0.00617	0.01165	0.01850	0.02192	0.08220	0.07809	0.66092	0.02055	0.00959	0.00274	0.00411	0.01713	0.00754	0.00685
27	0.01746	0.01660	0.02819	0.40594	0.32860	0.01859	0.02360	0.02260	0.01723	0.02332	0.01480	0.02094	0.01173	0.00772	0.00808	0.00257	0.01029	0.00722	0.00379	0.01073
28	0.01513	0.00756	0.00756	0.00756	0.00945	0.00756	0.00567	0.01891	0.01702	0.03025	0.02647	0.03025	0.02080	0.00945	0.00567	0.00189	0.00378	0.00756	0.75988	0.00756
29	0.01180	0.00787	0.00885	0.00885	0.00885	0.00787	0.00492	0.01180	0.01180	0.01573	0.02557	0.05310	0.02950	0.71483	0.04130	0.00787	0.00787	0.01180	0.00492	0.00492
30	0.05944	0.50337	0.12625	0.01788	0.06739	0.06534	0.01671	0.02497	0.01695	0.02144	0.01208	0.01417	0.01048	0.00718	0.00586	0.00196	0.00942	0.00482	0.00362	0.01066
31	0.01087	0.00858	0.01000	0.01052	0.01290	0.00771	0.00847	0.01363	0.01901	0.02374	0.12911	0.08049	0.40944	0.02073	0.01009	0.00303	0.00513	0.20174	0.00766	0.00713
32	0.01280	0.01027	0.01457	0.01390	0.01483	0.01255	0.01070	0.01499	0.01271	0.01844	0.02028	0.03278	0.02001	0.16236	0.44999	0.01037	0.14806	0.00892	0.00429	0.00716
33	0.01878	0.01795	0.03059	0.22603	0.49815	0.01894	0.02426	0.02376	0.01786	0.02493	0.01503	0.02051	0.01230	0.00747	0.00805	0.00249	0.00996	0.00722	0.00390	0.01180
34	0.01148	0.00829	0.01085	0.01021	0.01212	0.00766	0.00766	0.01531	0.02297	0.03254	0.65994	0.06061	0.07656	0.01659	0.00957	0.00255	0.00383	0.01467	0.00893	0.00766
35	0.02018	0.01743	0.01835	0.01651	0.02110	0.02018	0.01284	0.04312	0.64956	0.03394	0.03303	0.03027	0.02477	0.01101	0.00826	0.00275	0.00642	0.00917	0.00826	0.01284
36	0.02008	0.01928	0.03294	0.04981	0.66422	0.01928	0.02490	0.02490	0.01848	0.02651	0.01526	0.02008	0.01285	0.00723	0.00803	0.00241	0.00964	0.00723	0.00402	0.01285
37	0.03085	0.02273	0.02435	0.01867	0.02516	0.02516	0.01542	0.63716	0.03815	0.05114	0.01948	0.01948	0.01380	0.00974	0.00812	0.00244	0.00893	0.00731	0.00812	0.01380
38	0.01180	0.00787	0.00885	0.00885	0.00885	0.00787	0.00492	0.01180	0.01180	0.01573	0.02557	0.05310	0.02950	0.71483	0.04130	0.00787	0.00787	0.01180	0.00492	0.00492
39	0.02169	0.71972	0.04252	0.01388	0.02083	0.03211	0.01388	0.02430	0.01649	0.01909	0.01128	0.01302	0.01041	0.00694	0.00521	0.00174	0.00868	0.00434	0.00347	0.01041
40	0.03641	0.01381	0.01883	0.01444	0.02071	0.01193	0.01193	0.03954	0.02322	0.66984	0.03201	0.02762	0.02009	0.01004	0.00816	0.00251	0.00690	0.00816	0.01004	0.01381
41	0.01532	0.01442	0.02434	0.69533	0.05589	0.01803	0.02253	0.02073	0.01622	0.02073	0.01442	0.02163	0.01082	0.00811	0.00811	0.00270	0.01082	0.00721	0.00361	0.00901
42	0.02009	0.01909	0.03144	0.04640	0.59837	0.01937	0.02367	0.02677	0.08309	0.02727	0.01708	0.02113	0.01407	0.00762	0.00806	0.00244	0.00931	0.00743	0.00445	0.01285
43	0.01160	0.00778	0.00891	0.00910	0.00915	0.00774	0.00518	0.01175	0.01218	0.01624	0.02753	0.12031	0.03197	0.64425	0.03813	0.00740	0.00754	0.01295	0.00518	0.00509
44	0.01513	0.00756	0.00756	0.00756	0.00945	0.00756	0.00567	0.01891	0.01702	0.03025	0.02647	0.03025	0.02080	0.00945	0.00567	0.00189	0.00378	0.00756	0.75988	0.00756
45	0.03085	0.02273	0.02435	0.01867	0.02516	0.02516	0.01542	0.63716	0.03815	0.05114	0.01948	0.01948	0.01380	0.00974	0.00812	0.00244	0.00893	0.00731	0.00812	0.01380
46	0.01180	0.00787	0.00885	0.00885	0.00885	0.00787	0.00492	0.01180	0.01180	0.01573	0.02557	0.05310	0.02950	0.71483	0.04130	0.00787	0.00787	0.01180	0.00492	0.00492
47	0.01532	0.01442	0.02434	0.69533	0.05589	0.01803	0.02253	0.02073	0.01622	0.02073	0.01442	0.02163	0.01082	0.00811	0.00811	0.00270	0.01082	0.00721	0.00361	0.00901
48	0.01028	0.00723	0.00930	0.01079	0.01116	0.00686	0.00699	0.01140	0.01476	0.01968	0.04075	0.57336	0.04865	0.16844	0.01678	0.00424	0.00536	0.02073	0.00699	0.00624
49	0.01159	0.00869	0.01304	0.01304	0.01449	0.01014	0.01014	0.01449	0.01304	0.01884	0.02173	0.03188	0.02029	0.06086	0.68268	0.01304	0.02173	0.00869	0.00435	0.00724
50	0.01627	0.04197	0.67279	0.02313	0.03512	0.01884	0.02998	0.02570	0.01713	0.02570	0.01456	0.01713	0.01028	0.00771	0.00771	0.00257	0.01199	0.00600	0.00343	0.01199
51	0.01159	0.00869	0.01304	0.01304	0.01449	0.01014	0.01014	0.01449	0.01304	0.01884	0.02173	0.03188	0.02029	0.06086	0.68268	0.01304	0.02173	0.00869	0.00435	0.00724
52	0.00989	0.00706	0.00942	0.01130	0.01177	0.00659	0.00753	0.01130	0.01554	0.02071	0.04472	0.70954	0.05367	0.02542	0.01036	0.00330	0.00471	0.02307	0.00753	0.00659
53	0.01180	0.00787	0.00885	0.00885	0.00885	0.00787	0.00492	0.01180	0.01180	0.01573	0.02557	0.05310	0.02950	0.71483	0.04130	0.00787	0.00787	0.01180	0.00492	0.00492
54	0.01683	0.01442	0.01683	0.01202	0.01923	0.01082	0.00961	0.02043	0.01683	0.02644	0.01442	0.01683	0.01202	0.00601	0.00601	0.00120	0.00601	0.00481	0.00481	0.76444
55	0.01553	0.01061	0.01286	0.01167	0.01462	0.01042	0.00895	0.02279	0.14290	0.09707	0.42164	0.05303	0.11507	0.01521	0.00918	0.00260	0.00467	0.01318	0.00879	0.00921
56	0.01325	0.00970	0.01359	0.01316	0.01502	0.01114	0.01029	0.06202	0.01517	0.02193	0.02183	0.03084	0.01982	0.05408	0.59337	0.01161	0.01975	0.00852	0.04713	0.00776
57	0.01148	0.00829	0.01085	0.01021	0.01212	0.00766	0.00766	0.01531	0.02297	0.03254	0.65994	0.06061	0.07656	0.01659	0.00957	0.00255	0.00383	0.01467	0.00893	0.00766
58	0.00989	0.00706	0.00942	0.01130	0.01177	0.00659	0.00753	0.01130	0.01554	0.02071	0.04472	0.70954	0.05367	0.02542	0.01036	0.00330	0.00471	0.02307	0.00753	0.00659
59	0.03085	0.02273	0.02435	0.01867	0.02516	0.02516	0.01542	0.63716	0.03815	0.05114	0.01948	0.01948	0.01380	0.00974	0.00812	0.00244	0.00893	0.00731	0.00812	0.01380
60	0.01638	0.03668	0.54683	0.02099	0.03207	0.01730	0.02607	0.02469	0.01707	0.02584	0.01453	0.01707	0.01061	0.00738	0.00738	0.00231	0.01084	0.00577	0.00369	0.15648
61	0.01148	0.00829	0.01085	0.01021	0.01212	0.00766	0.00766	0.01531	0.02297	0.03254	0.65994	0.06061	0.07656	0.01659	0.00957	0.00255	0.00383	0.01467	0.00893	0.00766
62	0.02256	0.11389	0.09378	0.02408	0.05573	0.02044	0.23842	0.09104	0.07340	0.11847	0.05207	0.02341	0.01742	0.00853	0.00831	0.00250	0.01017	0.00825	0.00578	0.01173
63	0.01122	0.00828	0.01048	0.00993	0.01196	0.00754	0.00745	0.01481	0.02235	0.03107	0.57999	0.06303	0.15742	0.01714	0.00957	0.00258	0.00387	0.01501	0.00874	0.00754
64	0.02168	0.02385	0.02124	0.20288	0.03072	0.28939	0.01615	0.05448	0.02108	0.02403	0.13757	0.02585	0.02343	0.01038	0.00947	0.00247	0.06328	0.00783	0.00508	0.00914
65	0.01746	0.21719	0.27670	0.01726	0.02540	0.02015	0.01908	0.02288	0.01681	0.02349	0.01803	0.02286	0.04135	0.00888	0.00790	0.00220	0.04292	0.03990	0.00412	0.15542
66	0.01904	0.02547	0.20761	0.04252	0.49248	0.01916	0.02629	0.02512	0.01811	0.02629	0.01507	0.01928	0.01215	0.00736	0.00794	0.00245	0.01028	0.00689	0.00386	0.01262
67	0.01159	0.00869	0.01304	0.01304	0.01449	0.01014	0.01014	0.01449	0.01304	0.01884	0.02173	0.03188	0.02029	0.06086	0.68268	0.01304	0.02173	0.00869	0.00435	0.00724
68	0.01774	0.02199	0.15290	0.26318	0.33750	0.01877	0.02508	0.02364	0.01746	0.02440	0.01484	0.02004	0.01167	0.00762	0.00800	0.00254	0.01049	0.00699	0.00376	0.01139
69	0.07675	0.28803	0.20439	0.02566	0.18144	0.02395	0.04641	0.02485	0.01705	0.02424	0.01333	0.01620	0.01093	0.00725	0.00672	0.00222	0.00981	0.00570	0.00374	0.01132
70	0.01570	0.08352	0.01712	0.01537	0.08223	0.01274	0.01064	0.02087	0.08508	0.07595	0.24630	0.10262	0.17018	0.01508	0.00879	0.00257	0.00556	0.01296	0.00748	0.00923
71	0.01179	0.00791	0.00909	0.00909	0.00917	0.00800	0.00521	0.01195	0.01187	0.01591	0.02535	0.05190	0.02898	0.67795	0.07747	0.00816	0.00865	0.01162	0.00488	0.00505
72	0.09474	0.18447	0.17147	0.01952	0.02565	0.12907	0.06853	0.02482	0.01719	0.02357	0.03893	0.01768	0.01312	0.00903	0.01030	0.00248	0.12913	0.00618	0.00402	0.01011
73	0.01762	0.13153	0.45599	0.02415	0.03465	0.02103	0.15322	0.02556	0.01746	0.02484	0.01449	0.01755	0.01072	0.00742	0.00775	0.00249	0.01188	0.00651	0.00357	0.01156
74	0.02719	0.01200	0.01533	0.01245	0.01717	0.01079	0.01003	0.05566	0.02244	0.40342	0.11841	0.03672	0.08688	0.01178	0.00810	0.00244	0.00585	0.00973	0.12219	0.01141
75	0.01010	0.00792	0.00914	0.00951	0.01145	0.00696	0.00688	0.01239	0.01871	0.02401	0.20360	0.24648	0.36201	0.02098	0.00979	0.00285	0.00421	0.01819	0.00785	0.00696
76	0.05124	0.07109	0.08629	0.18056	0.21870	0.01746	0.05398	0.02173	0.01793	0.02541	0.10567	0.07282	0.02338	0.01000	0.00813	0.00254	0.00898	0.00902	0.00480	0.01027
77	0.01904	0.13894	0.02256	0.01629	0.01930	0.11786	0.01361	0.06450	0.01956	0.02497	0.14281	0.03694	0.02956	0.01545	0.04050	0.00317	0.15874	0.10151	0.00564	0.00905
78	0.01003	0.00836	0.00884	0.00907	0.01170	0.00717	0.00704	0.01230	0.01852	0.02222	0.07723	0.07979	0.58308	0.02079	0.00980	0.00287	0.00454	0.09221	0.00753	0.00693
79	0.02139	0.68159	0.07797	0.01440	0.02163	0.03136	0.01479	0.02438	0.01652	0.01946	0.01147	0.01325	0.01041	0.00699	0.00535	0.00178	0.00886	0.00443	0.00347	0.01050
80	0.18886	0.12941	0.32465	0.10195	0.05885	0.02053	0.02171	0.02444	0.01623	0.02661	0.01336	0.01632	0.01014	0.00759	0.00680	0.00245	0.00997	0.00560	0.00384	0.01071
81	0.01263	0.01019	0.01581	0.19898	0.02536	0.01212	0.01313	0.01599	0.01382	0.01912	0.02003	0.03069	0.01840	0.09612	0.44983	0.00983	0.01770	0.00852	0.00419	0.00755
82	0.01148	0.00829	0.01085	0.01021	0.01212	0.00766	0.00766	0.01531	0.02297	0.03254	0.65994	0.06061	0.07656	0.01659	0.00957	0.00255	0.00383	0.01467	0.00893	0.00766
83	0.01767	0.06552	0.42036	0.02870	0.11933	0.01988	0.16300	0.02559	0.01773	0.02557	0.01492	0.01839	0.01108	0.00742	0.00805	0.00255	0.01190	0.00688	0.00366	0.01180
84	0.01952	0.03119	0.28859	0.16736	0.16030	0.14616	0.02470	0.02580	0.01833	0.02370	0.01428	0.01816	0.01093	0.00782	0.00778	0.00247	0.01180	0.00634	0.00372	0.01105
85	0.01757	0.16172	0.02057	0.01585	0.06533	0.08425	0.01152	0.02207	0.07575	0.02389	0.02599	0.20922	0.02591	0.01334	0.00827	0.00245	0.03425	0.01099	0.16206	0.00903
86	0.01945	0.01864	0.03180	0.13514	0.58380	0.01911	0.02459	0.02435	0.01818	0.02575	0.01515	0.02029	0.01258	0.00735	0.00804	0.00245	0.00980	0.00723	0.00396	0.01235
87	0.01801	0.09357	0.32252	0.20817	0.10312	0.02038	0.02483	0.07056	0.01856	0.02574	0.01466	0.01846	0.01097	0.00785	0.00765	0.00250	0.01089	0.00640	0.00390	0.01126
88	0.06135	0.07524	0.18630	0.17038	0.15874	0.01785	0.02074	0.02447	0.01776	0.09542	0.02244	0.02497	0.07230	0.00908	0.00774	0.00251	0.00940	0.00756	0.00479	0.01094
89	0.07632	0.02071	0.09561	0.04187	0.51378	0.01850	0.02323	0.02436	0.01824	0.02752	0.05125	0.02154	0.01587	0.00783	0.00786	0.00244	0.00930	0.00731	0.00431	0.01216
90	0.08481	0.01723	0.02801	0.27648	0.39006	0.01874	0.02264	0.02332	0.01726	0.02532	0.01461	0.02003	0.01177	0.00757	0.00780	0.00252	0.00976	0.00697	0.00396	0.01113
91	0.01887	0.05280	0.04781	0.13252	0.23175	0.04904	0.01787	0.02492	0.08367	0.06994	0.07076	0.11880	0.02437	0.01122	0.00832	0.00259	0.00847	0.00994	0.00562	0.01074
92	0.11348	0.08954	0.05370	0.25759	0.25221	0.01964	0.02050	0.02407	0.01711	0.05767	0.01490	0.01928	0.01167	0.00770	0.00739	0.00247	0.00948	0.00657	0.00423	0.01080
93	0.24378	0.01723	0.02093	0.20018	0.15440	0.05050	0.01642	0.08552	0.01895	0.03025	0.04959	0.02249	0.04032	0.00887	0.00727	0.00253	0.00860	0.00706	0.00503	0.01005

[dist]
# distance from previous block
# <min> <max>
9	95

[block]
# block no. 5 follows, 23 sequences, length 190
# corresponding to MSA columns:
# 568-757
name=unknown_F
#
# <colnr> <probs for GDERKNQSTAVLIFYWHMCP>
#	G	D	E	R	K	N	Q	S	T	A	V	L	I	F	Y	W	H	M	C	P
0	0.08656	0.06562	0.27976	0.02317	0.12198	0.09047	0.02083	0.02417	0.01835	0.02661	0.11537	0.02359	0.02100	0.00933	0.00845	0.00248	0.03971	0.00728	0.00462	0.01065
1	0.09412	0.35231	0.16033	0.01832	0.05646	0.11483	0.01734	0.02665	0.05073	0.02334	0.01345	0.01534	0.01112	0.00757	0.00628	0.00211	0.00984	0.00520	0.00399	0.01069
2	0.05248	0.16428	0.13320	0.02087	0.09614	0.19815	0.01712	0.02609	0.01931	0.05804	0.08184	0.02173	0.01857	0.01169	0.04491	0.00283	0.01097	0.00671	0.00475	0.01033
3	0.02510	0.01849	0.04862	0.02146	0.12139	0.05095	0.01539	0.15091	0.11455	0.18660	0.05302	0.06656	0.02359	0.01150	0.00848	0.00263	0.00807	0.05305	0.00752	0.01211
4	0.05336	0.02348	0.15981	0.05243	0.02426	0.11194	0.01604	0.09165	0.08653	0.08099	0.09682	0.05734	0.04933	0.01096	0.00799	0.00250	0.00874	0.00879	0.04647	0.01057
5	0.04877	0.06071	0.16203	0.05339	0.17600	0.05301	0.08367	0.02814	0.11906	0.05272	0.01934	0.04760	0.01554	0.00876	0.00789	0.00249	0.00972	0.00773	0.00499	0.03843
6	0.02221	0.02225	0.11863	0.02509	0.08827	0.01856	0.19797	0.12086	0.07098	0.09912	0.01920	0.02125	0.01407	0.00798	0.00819	0.00240	0.00997	0.00766	0.00567	0.11966
7	0.02476	0.02604	0.02546	0.02957	0.24490	0.26200	0.01811	0.10764	0.09078	0.02835	0.05072	0.02125	0.01674	0.00887	0.00789	0.00234	0.01072	0.00711	0.00532	0.01144
8	0.05228	0.01813	0.05268	0.04710	0.09437	0.07681	0.01386	0.14972	0.05787	0.03185	0.09869	0.03211	0.08883	0.01359	0.04218	0.00296	0.00846	0.00897	0.09935	0.01020
9	0.01820	0.01475	0.04368	0.08581	0.02124	0.04795	0.01218	0.08149	0.06893	0.07904	0.12434	0.04205	0.11091	0.01282	0.00830	0.00252	0.00686	0.06200	0.11554	0.04137
10	0.02044	0.21567	0.19697	0.01992	0.05113	0.10173	0.06434	0.07159	0.02009	0.02598	0.08274	0.02099	0.01801	0.00851	0.00728	0.00221	0.01003	0.00673	0.00462	0.05102
11	0.17137	0.15793	0.08396	0.05353	0.05903	0.23284	0.01554	0.02723	0.05138	0.02450	0.01413	0.01742	0.01183	0.03843	0.00810	0.00248	0.01042	0.00567	0.00435	0.00987
12	0.02176	0.01482	0.02259	0.02912	0.31400	0.01398	0.01641	0.02547	0.02000	0.19956	0.06834	0.03687	0.15909	0.01138	0.00849	0.00252	0.00739	0.01003	0.00667	0.01153
13	0.06510	0.01578	0.02189	0.05886	0.19432	0.01593	0.01568	0.06026	0.11348	0.24636	0.05193	0.06186	0.02158	0.01027	0.00814	0.00257	0.00759	0.00883	0.00729	0.01226
14	0.01751	0.01659	0.08432	0.23346	0.14960	0.01573	0.01825	0.08188	0.01725	0.02337	0.01501	0.02161	0.01244	0.01418	0.01524	0.23420	0.00937	0.00706	0.00410	0.00883
15	0.25887	0.17140	0.08774	0.01757	0.02374	0.02028	0.14580	0.02303	0.01619	0.02725	0.04856	0.02091	0.01530	0.04680	0.04283	0.00321	0.00965	0.00679	0.00451	0.00956
16	0.05789	0.01670	0.05101	0.05499	0.11552	0.09876	0.01344	0.02020	0.05078	0.02428	0.06613	0.14612	0.19223	0.01510	0.00876	0.00271	0.00756	0.04279	0.00610	0.00891
17	0.06039	0.01992	0.14826	0.01743	0.02331	0.01549	0.07830	0.12968	0.04582	0.06380	0.03507	0.09949	0.13814	0.01370	0.00882	0.00278	0.00826	0.07460	0.00649	0.01026
