[name]
unknown

[dist]
# distance from previous block
# <min> <max>
0	29

[block]
# block no. 0 follows, 22 sequences, length 68
# corresponding to MSA columns:
# 29-96
name=unknown_A
#
# <colnr> <probs for GDERKNQSTAVLIFYWHMCP>
#	G	D	E	R	K	N	Q	S	T	A	V	L	I	F	Y	W	H	M	C	P
0	0.01339	0.00956	0.01339	0.01530	0.01721	0.00956	0.01339	0.01721	0.01912	0.02486	0.04399	0.09371	0.04781	0.02295	0.01147	0.00382	0.00765	0.60031	0.00765	0.00765
1	0.02930	0.02174	0.02345	0.01799	0.02439	0.02354	0.01472	0.54211	0.03572	0.04825	0.01976	0.02135	0.01473	0.04321	0.00974	0.00264	0.00881	0.00746	0.00784	0.08325
2	0.01008	0.00740	0.00947	0.01112	0.01193	0.00679	0.00751	0.01162	0.01633	0.02138	0.05119	0.61490	0.13918	0.02532	0.01049	0.00329	0.00473	0.02276	0.00771	0.00679
3	0.02241	0.06210	0.26052	0.02923	0.16740	0.19720	0.06642	0.05187	0.02043	0.02566	0.01470	0.01777	0.01144	0.00795	0.00790	0.00243	0.01234	0.00644	0.00409	0.01169
4	0.01175	0.00866	0.01118	0.01129	0.01218	0.00911	0.00788	0.01342	0.01479	0.02023	0.09504	0.16447	0.08415	0.26473	0.19613	0.00747	0.04126	0.01379	0.00591	0.00658
5	0.46976	0.01992	0.01506	0.01331	0.01804	0.13402	0.01060	0.08408	0.01894	0.03507	0.04503	0.01811	0.01414	0.00869	0.00614	0.00244	0.00788	0.00570	0.06362	0.00946
6	0.02533	0.01863	0.02070	0.01702	0.02192	0.02041	0.01362	0.44460	0.03192	0.04288	0.02556	0.16409	0.02327	0.01800	0.06820	0.00365	0.00940	0.01099	0.00784	0.01198
7	0.05281	0.63059	0.04033	0.01429	0.02113	0.03134	0.01392	0.02635	0.06499	0.02145	0.01327	0.01470	0.01173	0.00745	0.00556	0.00189	0.00860	0.00483	0.00400	0.01078
8	0.01898	0.02798	0.22130	0.03090	0.11231	0.05439	0.27100	0.02565	0.01829	0.02540	0.01571	0.02054	0.01223	0.01064	0.04230	0.00325	0.06587	0.00797	0.00396	0.01133
9	0.01748	0.01281	0.01906	0.01608	0.02014	0.01214	0.11817	0.02343	0.10544	0.12587	0.04769	0.20783	0.20541	0.01672	0.00959	0.00291	0.00687	0.01508	0.00760	0.00967
10	0.01041	0.00860	0.00931	0.00938	0.01200	0.00724	0.00687	0.01248	0.01815	0.02250	0.07082	0.21246	0.47609	0.02108	0.00973	0.00282	0.00448	0.01798	0.00752	0.06008
11	0.01961	0.02241	0.04902	0.03501	0.04342	0.02101	0.62605	0.02661	0.01961	0.02661	0.01681	0.02241	0.01261	0.00700	0.00980	0.00280	0.01401	0.00980	0.00420	0.01120
12	0.00982	0.00842	0.00842	0.00842	0.01122	0.00701	0.00631	0.01192	0.01894	0.02244	0.08416	0.07995	0.65285	0.02104	0.00982	0.00281	0.00421	0.01753	0.00771	0.00701
13	0.02031	0.01948	0.03326	0.08432	0.62488	0.01967	0.02537	0.02527	0.01880	0.02683	0.01558	0.02064	0.01305	0.00745	0.00823	0.00248	0.00993	0.00740	0.00409	0.01295
14	0.01549	0.00774	0.00774	0.00774	0.00968	0.00774	0.00581	0.01936	0.01742	0.03097	0.02710	0.03097	0.02129	0.00968	0.00581	0.00194	0.00387	0.00774	0.75416	0.00774
15	0.03020	0.02219	0.02381	0.01840	0.02458	0.02451	0.01503	0.58497	0.03715	0.04979	0.02039	0.02238	0.01526	0.05930	0.01071	0.00289	0.00906	0.00780	0.00808	0.01349
16	0.01187	0.00890	0.01335	0.01335	0.01483	0.01038	0.01038	0.01483	0.01335	0.01928	0.02225	0.03264	0.02077	0.06231	0.67512	0.01335	0.02225	0.00890	0.00445	0.00742
17	0.01090	0.00840	0.01015	0.01123	0.01313	0.00765	0.00868	0.01330	0.01813	0.02277	0.06213	0.25924	0.31545	0.02298	0.01050	0.00325	0.00534	0.18196	0.00770	0.00712
18	0.00982	0.00842	0.00842	0.00842	0.01122	0.00701	0.00631	0.01192	0.01894	0.02244	0.08416	0.07995	0.65285	0.02104	0.00982	0.00281	0.00421	0.01753	0.00771	0.00701
19	0.01742	0.13497	0.57968	0.02238	0.03395	0.02116	0.02843	0.02611	0.01745	0.02538	0.01445	0.01696	0.01054	0.00778	0.00754	0.00251	0.01181	0.00591	0.00351	0.01206
20	0.02056	0.01974	0.03372	0.05099	0.65622	0.01974	0.02550	0.02550	0.01892	0.02714	0.01563	0.02056	0.01316	0.00740	0.00822	0.00247	0.00987	0.00740	0.00411	0.01316
21	0.01187	0.00890	0.01335	0.01335	0.01483	0.01038	0.01038	0.01483	0.01335	0.01928	0.02225	0.03264	0.02077	0.06231	0.67512	0.01335	0.02225	0.00890	0.00445	0.00742
22	0.02056	0.01974	0.03372	0.05099	0.65622	0.01974	0.02550	0.02550	0.01892	0.02714	0.01563	0.02056	0.01316	0.00740	0.00822	0.00247	0.00987	0.00740	0.00411	0.01316
23	0.02250	0.02364	0.03113	0.07778	0.49311	0.15688	0.02339	0.02688	0.01977	0.02541	0.01500	0.01947	0.01254	0.00769	0.00807	0.00241	0.01100	0.00697	0.00413	0.01222
24	0.02056	0.01974	0.03372	0.05099	0.65622	0.01974	0.02550	0.02550	0.01892	0.02714	0.01563	0.02056	0.01316	0.00740	0.00822	0.00247	0.00987	0.00740	0.00411	0.01316
25	0.01012	0.00723	0.00964	0.01157	0.01205	0.00675	0.00771	0.01157	0.01591	0.02121	0.04579	0.70262	0.05495	0.02603	0.01060	0.00337	0.00482	0.02362	0.00771	0.00675
26	0.01980	0.02002	0.03728	0.11012	0.41819	0.01998	0.19977	0.02539	0.01889	0.02639	0.01588	0.02126	0.01279	0.00738	0.00869	0.00259	0.01119	0.00810	0.00410	0.01220
27	0.02056	0.01974	0.03372	0.05099	0.65622	0.01974	0.02550	0.02550	0.01892	0.02714	0.01563	0.02056	0.01316	0.00740	0.00822	0.00247	0.00987	0.00740	0.00411	0.01316
28	0.01048	0.00751	0.00996	0.01132	0.01213	0.00699	0.00774	0.01247	0.01758	0.02387	0.17908	0.56174	0.06010	0.02404	0.01043	0.00321	0.00462	0.02173	0.00803	0.00699
29	0.02056	0.01974	0.03372	0.05099	0.65622	0.01974	0.02550	0.02550	0.01892	0.02714	0.01563	0.02056	0.01316	0.00740	0.00822	0.00247	0.00987	0.00740	0.00411	0.01316
30	0.01798	0.10019	0.37594	0.07736	0.03834	0.02105	0.20150	0.02586	0.01800	0.02534	0.01512	0.01890	0.01118	0.00759	0.00823	0.00261	0.01236	0.00713	0.00373	0.01157
31	0.01192	0.00854	0.01191	0.05943	0.01579	0.00921	0.00938	0.01434	0.01475	0.02095	0.03072	0.26518	0.03286	0.10369	0.26982	0.00750	0.01222	0.01407	0.08063	0.00711
32	0.02130	0.02114	0.03300	0.04890	0.61167	0.06602	0.02483	0.02604	0.01924	0.02666	0.01543	0.02017	0.01299	0.00748	0.00817	0.00244	0.01023	0.00726	0.00412	0.01291
33	0.02078	0.02282	0.02469	0.29393	0.03737	0.20555	0.01958	0.02421	0.01736	0.02059	0.01303	0.01890	0.01092	0.01031	0.01395	0.00286	0.22325	0.00678	0.00384	0.00930
34	0.05728	0.18900	0.35552	0.01885	0.02819	0.02071	0.02182	0.02782	0.01852	0.13223	0.04355	0.02004	0.01500	0.00848	0.00733	0.00242	0.01000	0.00641	0.00497	0.01188
35	0.01079	0.00747	0.00998	0.01162	0.01228	0.00703	0.00803	0.01195	0.01580	0.02088	0.04452	0.55521	0.08162	0.02581	0.01282	0.07895	0.00525	0.06620	0.00730	0.00652
36	0.02017	0.01952	0.03384	0.09523	0.58402	0.01971	0.05460	0.02525	0.01879	0.02670	0.01562	0.02076	0.01298	0.00745	0.00831	0.00250	0.01016	0.00752	0.00409	0.01279
37	0.02759	0.01974	0.12855	0.08541	0.05346	0.01550	0.01696	0.10645	0.02296	0.32577	0.02692	0.09028	0.02017	0.01106	0.00848	0.00266	0.00850	0.00922	0.00773	0.01257
38	0.02695	0.02622	0.15780	0.01929	0.02661	0.02304	0.01808	0.45475	0.03247	0.04410	0.01937	0.02210	0.01461	0.06345	0.01085	0.00295	0.00971	0.00755	0.00705	0.01304
39	0.01165	0.00835	0.01110	0.01158	0.01249	0.00878	0.00822	0.01341	0.01403	0.01912	0.03176	0.16649	0.05708	0.25993	0.27764	0.00875	0.01278	0.05471	0.00558	0.00653
40	0.01666	0.04297	0.66500	0.02368	0.03596	0.01929	0.03069	0.02631	0.01754	0.02631	0.01491	0.01754	0.01052	0.00789	0.00789	0.00263	0.01228	0.00614	0.00351	0.01228
41	0.02056	0.01974	0.03372	0.05099	0.65622	0.01974	0.02550	0.02550	0.01892	0.02714	0.01563	0.02056	0.01316	0.00740	0.00822	0.00247	0.00987	0.00740	0.00411	0.01316
42	0.02056	0.01974	0.03372	0.05099	0.65622	0.01974	0.02550	0.02550	0.01892	0.02714	0.01563	0.02056	0.01316	0.00740	0.00822	0.00247	0.00987	0.00740	0.00411	0.01316
43	0.02431	0.02943	0.08882	0.23315	0.06701	0.30242	0.02016	0.09083	0.02216	0.02490	0.01453	0.01829	0.01128	0.00851	0.00791	0.00244	0.01262	0.00639	0.00443	0.01041
44	0.01982	0.01876	0.03181	0.07248	0.58407	0.01890	0.02447	0.02469	0.01884	0.02674	0.01778	0.02627	0.01576	0.00864	0.00848	0.00258	0.00974	0.05319	0.00437	0.01258
45	0.02703	0.07636	0.30859	0.01870	0.02778	0.01682	0.02058	0.03307	0.02051	0.33346	0.02332	0.02244	0.01539	0.00899	0.00793	0.00254	0.00952	0.00709	0.00679	0.01306
46	0.01520	0.01463	0.01820	0.01623	0.01804	0.06594	0.04161	0.01758	0.01551	0.02052	0.03271	0.03871	0.16764	0.06466	0.19933	0.00618	0.22387	0.01039	0.00498	0.00807
47	0.01187	0.00890	0.01335	0.01335	0.01483	0.01038	0.01038	0.01483	0.01335	0.01928	0.02225	0.03264	0.02077	0.06231	0.67512	0.01335	0.02225	0.00890	0.00445	0.00742
48	0.01164	0.00878	0.01096	0.01124	0.01345	0.00809	0.00899	0.01499	0.02086	0.02757	0.30362	0.07666	0.24314	0.01994	0.01029	0.00302	0.00509	0.18586	0.00828	0.00753
49	0.02341	0.37733	0.12732	0.01947	0.02672	0.19305	0.07827	0.02736	0.01894	0.02141	0.01288	0.01526	0.01085	0.00758	0.00669	0.00209	0.01143	0.00545	0.00380	0.01068
50	0.01594	0.01503	0.02538	0.65455	0.08874	0.01852	0.02320	0.02145	0.01673	0.02154	0.01481	0.02206	0.01118	0.00826	0.00830	0.00275	0.01101	0.00738	0.00371	0.00944
51	0.01187	0.00890	0.01335	0.01335	0.01483	0.01038	0.01038	0.01483	0.01335	0.01928	0.02225	0.03264	0.02077	0.06231	0.67512	0.01335	0.02225	0.00890	0.00445	0.00742
52	0.01153	0.00802	0.01021	0.01143	0.01203	0.00782	0.00792	0.01294	0.01517	0.02010	0.03820	0.33661	0.04435	0.27624	0.02244	0.00519	0.00660	0.14019	0.00671	0.00631
53	0.01091	0.00766	0.00931	0.01029	0.01075	0.00731	0.00650	0.01181	0.01456	0.01919	0.04064	0.38651	0.09089	0.30762	0.02364	0.00526	0.00611	0.01838	0.00660	0.00606
54	0.03103	0.03959	0.02354	0.02140	0.02568	0.67469	0.01605	0.03317	0.02354	0.02033	0.01284	0.01498	0.01070	0.00856	0.00749	0.00214	0.01498	0.00535	0.00428	0.00963
55	0.02056	0.01974	0.03372	0.05099	0.65622	0.01974	0.02550	0.02550	0.01892	0.02714	0.01563	0.02056	0.01316	0.00740	0.00822	0.00247	0.00987	0.00740	0.00411	0.01316
56	0.01666	0.04297	0.66500	0.02368	0.03596	0.01929	0.03069	0.02631	0.01754	0.02631	0.01491	0.01754	0.01052	0.00789	0.00789	0.00263	0.01228	0.00614	0.00351	0.01228
57	0.01995	0.01911	0.03261	0.13125	0.58076	0.01958	0.02519	0.02496	0.01863	0.02640	0.01552	0.02076	0.01290	0.00752	0.00823	0.00251	0.01002	0.00740	0.00406	0.01266
58	0.01666	0.04297	0.66500	0.02368	0.03596	0.01929	0.03069	0.02631	0.01754	0.02631	0.01491	0.01754	0.01052	0.00789	0.00789	0.00263	0.01228	0.00614	0.00351	0.01228
59	0.01850	0.02492	0.16210	0.02792	0.03399	0.02230	0.28478	0.02412	0.01667	0.02412	0.01426	0.01989	0.01157	0.00995	0.01585	0.00307	0.26335	0.00815	0.00386	0.01064
60	0.01006	0.00748	0.00938	0.01091	0.01188	0.00680	0.00742	0.01164	0.01654	0.02147	0.05383	0.57218	0.18020	0.02498	0.01044	0.00325	0.00469	0.02234	0.00771	0.00680
61	0.01237	0.00954	0.01391	0.01363	0.01486	0.01134	0.01051	0.01499	0.01319	0.01906	0.02172	0.03344	0.02084	0.11564	0.56920	0.01213	0.07279	0.00906	0.00444	0.00734
62	0.02680	0.02551	0.02592	0.02866	0.21808	0.20228	0.01807	0.23140	0.02690	0.03409	0.01720	0.01961	0.01343	0.00877	0.00786	0.00234	0.01058	0.00689	0.06351	0.01209
63	0.01782	0.18335	0.53481	0.02170	0.03289	0.02214	0.02724	0.02601	0.01740	0.02489	0.01420	0.01666	0.01055	0.00773	0.00736	0.00245	0.01157	0.00578	0.00352	0.01194
64	0.01021	0.00772	0.00916	0.01023	0.01147	0.00697	0.00697	0.01174	0.01658	0.02114	0.05717	0.42358	0.25975	0.09083	0.01342	0.00363	0.00492	0.02038	0.00745	0.00667
65	0.02774	0.02105	0.05583	0.05669	0.13722	0.08296	0.01785	0.11936	0.02273	0.23129	0.02063	0.02193	0.01483	0.01003	0.01126	0.00268	0.11950	0.00743	0.00659	0.01238
66	0.02057	0.01965	0.03300	0.04934	0.62545	0.01978	0.02490	0.02640	0.04909	0.02751	0.01651	0.02107	0.01375	0.00759	0.00824	0.00248	0.00971	0.00750	0.00432	0.01316
67	0.01732	0.02582	0.26016	0.02965	0.23018	0.01771	0.02301	0.02543	0.07954	0.02595	0.01857	0.02302	0.01501	0.01947	0.14784	0.00484	0.01302	0.00745	0.00440	0.01163

[dist]
# distance from previous block
# <min> <max>
0	1

[block]
# block no. 1 follows, 22 sequences, length 54
# corresponding to MSA columns:
# 98-151
name=unknown_B
#
# <colnr> <probs for GDERKNQSTAVLIFYWHMCP>
#	G	D	E	R	K	N	Q	S	T	A	V	L	I	F	Y	W	H	M	C	P
0	0.01779	0.10261	0.50785	0.02705	0.13133	0.02064	0.02833	0.02605	0.01769	0.02580	0.01470	0.01761	0.01095	0.00774	0.00770	0.00252	0.01158	0.00618	0.00361	0.01226
1	0.08950	0.02834	0.27489	0.03669	0.35682	0.01946	0.02594	0.02571	0.01793	0.02778	0.01497	0.01873	0.01175	0.00762	0.00781	0.00254	0.01047	0.00664	0.00398	0.01243
2	0.01166	0.00942	0.01060	0.01122	0.01264	0.03601	0.00797	0.01344	0.01616	0.02056	0.04763	0.26984	0.20301	0.13373	0.12683	0.00558	0.00863	0.04163	0.00661	0.00683
3	0.01675	0.04146	0.62590	0.02356	0.03509	0.01967	0.02993	0.02592	0.01724	0.02592	0.01466	0.01758	0.01055	0.00830	0.00908	0.00269	0.05388	0.00621	0.00352	0.01208
4	0.01112	0.00818	0.01059	0.01220	0.01330	0.00785	0.00884	0.01396	0.04255	0.02252	0.04810	0.51456	0.10130	0.02446	0.01061	0.00339	0.00535	0.12619	0.00773	0.00720
5	0.01689	0.04163	0.62851	0.02526	0.07181	0.01932	0.03039	0.02626	0.01762	0.02636	0.01495	0.01771	0.01068	0.00786	0.00791	0.00262	0.01214	0.00621	0.00354	0.01233
6	0.05305	0.13800	0.02647	0.09088	0.02571	0.02470	0.01630	0.09425	0.14911	0.02752	0.01729	0.02046	0.01420	0.01109	0.01439	0.00288	0.25053	0.00714	0.00523	0.01079
7	0.01012	0.00723	0.00964	0.01157	0.01205	0.00675	0.00771	0.01157	0.01591	0.02121	0.04579	0.70262	0.05495	0.02603	0.01060	0.00337	0.00482	0.02362	0.00771	0.00675
8	0.01731	0.03895	0.55297	0.02775	0.11582	0.01944	0.06012	0.02622	0.01782	0.02643	0.01510	0.01817	0.01097	0.00778	0.00803	0.00262	0.01206	0.00649	0.00362	0.01234
9	0.02002	0.01918	0.03274	0.12219	0.58928	0.01960	0.02522	0.02502	0.01866	0.02648	0.01553	0.02074	0.01293	0.00750	0.00823	0.00250	0.01000	0.00740	0.00407	0.01272
10	0.01773	0.01542	0.01771	0.01860	0.08976	0.01684	0.01276	0.03329	0.40250	0.03048	0.04311	0.08119	0.15784	0.01380	0.00885	0.00281	0.00634	0.01175	0.00777	0.01147
11	0.02028	0.01945	0.03321	0.08782	0.62160	0.01966	0.02536	0.02525	0.01878	0.02680	0.01558	0.02065	0.01304	0.00745	0.00823	0.00248	0.00994	0.00740	0.00409	0.01293
12	0.01709	0.07820	0.60383	0.02368	0.03550	0.02010	0.05652	0.02625	0.01760	0.02596	0.01481	0.01753	0.01062	0.00781	0.00784	0.00259	0.01217	0.00621	0.00354	0.01214
13	0.01230	0.00993	0.01463	0.01967	0.14754	0.00950	0.01137	0.01452	0.01672	0.02253	0.04179	0.52104	0.08270	0.02180	0.01005	0.00315	0.00584	0.01983	0.00695	0.00811
14	0.01187	0.00890	0.01335	0.01335	0.01483	0.01038	0.01038	0.01483	0.01335	0.01928	0.02225	0.03264	0.02077	0.06231	0.67512	0.01335	0.02225	0.00890	0.00445	0.00742
15	0.03103	0.03959	0.02354	0.02140	0.02568	0.67469	0.01605	0.03317	0.02354	0.02033	0.01284	0.01498	0.01070	0.00856	0.00749	0.00214	0.01498	0.00535	0.00428	0.00963
16	0.03080	0.02739	0.02420	0.01961	0.02550	0.20168	0.01571	0.43308	0.06965	0.04264	0.01882	0.01924	0.01385	0.00966	0.00810	0.00242	0.01058	0.00701	0.00722	0.01285
17	0.01187	0.00890	0.01335	0.01335	0.01483	0.01038	0.01038	0.01483	0.01335	0.01928	0.02225	0.03264	0.02077	0.06231	0.67512	0.01335	0.02225	0.00890	0.00445	0.00742
18	0.01208	0.00805	0.00906	0.00906	0.00906	0.00805	0.00503	0.01208	0.01208	0.01611	0.02618	0.05436	0.03020	0.70804	0.04228	0.00805	0.00805	0.01208	0.00503	0.00503
19	0.03087	0.01354	0.01737	0.01391	0.01954	0.01218	0.01129	0.03596	0.08595	0.48832	0.04169	0.03741	0.12946	0.01223	0.00862	0.00264	0.00653	0.01003	0.00966	0.01282
20	0.02221	0.71304	0.04353	0.01421	0.02132	0.03287	0.01421	0.02488	0.01688	0.01955	0.01155	0.01333	0.01066	0.00711	0.00533	0.00178	0.00888	0.00444	0.00355	0.01066
21	0.00982	0.00842	0.00842	0.00842	0.01122	0.00701	0.00631	0.01192	0.01894	0.02244	0.08416	0.07995	0.65285	0.02104	0.00982	0.00281	0.00421	0.01753	0.00771	0.00701
22	0.01208	0.00805	0.00906	0.00906	0.00906	0.00805	0.00503	0.01208	0.01208	0.01611	0.02618	0.05436	0.03020	0.70804	0.04228	0.00805	0.00805	0.01208	0.00503	0.00503
23	0.01012	0.00723	0.00964	0.01157	0.01205	0.00675	0.00771	0.01157	0.01591	0.02121	0.04579	0.70262	0.05495	0.02603	0.01060	0.00337	0.00482	0.02362	0.00771	0.00675
24	0.01187	0.00890	0.01335	0.01335	0.01483	0.01038	0.01038	0.01483	0.01335	0.01928	0.02225	0.03264	0.02077	0.06231	0.67512	0.01335	0.02225	0.00890	0.00445	0.00742
25	0.01666	0.04297	0.66500	0.02368	0.03596	0.01929	0.03069	0.02631	0.01754	0.02631	0.01491	0.01754	0.01052	0.00789	0.00789	0.00263	0.01228	0.00614	0.00351	0.01228
26	0.01961	0.02241	0.04902	0.03501	0.04342	0.02101	0.62605	0.02661	0.01961	0.02661	0.01681	0.02241	0.01261	0.00700	0.00980	0.00280	0.01401	0.00980	0.00420	0.01120
27	0.01666	0.04297	0.66500	0.02368	0.03596	0.01929	0.03069	0.02631	0.01754	0.02631	0.01491	0.01754	0.01052	0.00789	0.00789	0.00263	0.01228	0.00614	0.00351	0.01228
28	0.01187	0.00890	0.01335	0.01335	0.01483	0.01038	0.01038	0.01483	0.01335	0.01928	0.02225	0.03264	0.02077	0.06231	0.67512	0.01335	0.02225	0.00890	0.00445	0.00742
29	0.01187	0.00890	0.01335	0.01335	0.01483	0.01038	0.01038	0.01483	0.01335	0.01928	0.02225	0.03264	0.02077	0.06231	0.67512	0.01335	0.02225	0.00890	0.00445	0.00742
30	0.01961	0.02241	0.04902	0.03501	0.04342	0.02101	0.62605	0.02661	0.01961	0.02661	0.01681	0.02241	0.01261	0.00700	0.00980	0.00280	0.01401	0.00980	0.00420	0.01120
31	0.01549	0.00774	0.00774	0.00774	0.00968	0.00774	0.00581	0.01936	0.01742	0.03097	0.02710	0.03097	0.02129	0.00968	0.00581	0.00194	0.00387	0.00774	0.75416	0.00774
32	0.00982	0.00842	0.00842	0.00842	0.01122	0.00701	0.00631	0.01192	0.01894	0.02244	0.08416	0.07995	0.65285	0.02104	0.00982	0.00281	0.00421	0.01753	0.00771	0.00701
33	0.01187	0.00890	0.01335	0.01335	0.01483	0.01038	0.01038	0.01483	0.01335	0.01928	0.02225	0.03264	0.02077	0.06231	0.67512	0.01335	0.02225	0.00890	0.00445	0.00742
34	0.02056	0.01974	0.03372	0.05099	0.65622	0.01974	0.02550	0.02550	0.01892	0.02714	0.01563	0.02056	0.01316	0.00740	0.00822	0.00247	0.00987	0.00740	0.00411	0.01316
35	0.01176	0.00849	0.01110	0.01045	0.01241	0.00784	0.00784	0.01568	0.02352	0.03331	0.65184	0.06206	0.07839	0.01698	0.00980	0.00261	0.00392	0.01502	0.00914	0.00784
36	0.01208	0.00805	0.00906	0.00906	0.00906	0.00805	0.00503	0.01208	0.01208	0.01611	0.02618	0.05436	0.03020	0.70804	0.04228	0.00805	0.00805	0.01208	0.00503	0.00503
37	0.02056	0.01974	0.03372	0.05099	0.65622	0.01974	0.02550	0.02550	0.01892	0.02714	0.01563	0.02056	0.01316	0.00740	0.00822	0.00247	0.00987	0.00740	0.00411	0.01316
38	0.03103	0.03959	0.02354	0.02140	0.02568	0.67469	0.01605	0.03317	0.02354	0.02033	0.01284	0.01498	0.01070	0.00856	0.00749	0.00214	0.01498	0.00535	0.00428	0.00963
39	0.01012	0.00723	0.00964	0.01157	0.01205	0.00675	0.00771	0.01157	0.01591	0.02121	0.04579	0.70262	0.05495	0.02603	0.01060	0.00337	0.00482	0.02362	0.00771	0.00675
40	0.01012	0.00723	0.00964	0.01157	0.01205	0.00675	0.00771	0.01157	0.01591	0.02121	0.04579	0.70262	0.05495	0.02603	0.01060	0.00337	0.00482	0.02362	0.00771	0.00675
41	0.01113	0.00884	0.01381	0.01405	0.01537	0.00826	0.07321	0.01316	0.01630	0.02178	0.04272	0.63056	0.05046	0.02401	0.01052	0.00331	0.00579	0.02215	0.00734	0.00722
42	0.02056	0.01974	0.03372	0.05099	0.65622	0.01974	0.02550	0.02550	0.01892	0.02714	0.01563	0.02056	0.01316	0.00740	0.00822	0.00247	0.00987	0.00740	0.00411	0.01316
43	0.02056	0.01974	0.03372	0.05099	0.65622	0.01974	0.02550	0.02550	0.01892	0.02714	0.01563	0.02056	0.01316	0.00740	0.00822	0.00247	0.00987	0.00740	0.00411	0.01316
44	0.01786	0.18750	0.53095	0.02164	0.03280	0.02222	0.02714	0.02600	0.01740	0.02485	0.01418	0.01663	0.01055	0.00772	0.00734	0.00245	0.01155	0.00577	0.00352	0.01193
45	0.01666	0.04297	0.66500	0.02368	0.03596	0.01929	0.03069	0.02631	0.01754	0.02631	0.01491	0.01754	0.01052	0.00789	0.00789	0.00263	0.01228	0.00614	0.00351	0.01228
46	0.00982	0.00842	0.00842	0.00842	0.01122	0.00701	0.00631	0.01192	0.01894	0.02244	0.08416	0.07995	0.65285	0.02104	0.00982	0.00281	0.00421	0.01753	0.00771	0.00701
47	0.02221	0.71304	0.04353	0.01421	0.02132	0.03287	0.01421	0.02488	0.01688	0.01955	0.01155	0.01333	0.01066	0.00711	0.00533	0.00178	0.00888	0.00444	0.00355	0.01066
48	0.01881	0.12253	0.42327	0.02828	0.16746	0.04869	0.02687	0.02624	0.01801	0.02538	0.01455	0.01755	0.01112	0.00772	0.00762	0.00247	0.01144	0.00616	0.00368	0.01215
49	0.02056	0.01974	0.03372	0.05099	0.65622	0.01974	0.02550	0.02550	0.01892	0.02714	0.01563	0.02056	0.01316	0.00740	0.00822	0.00247	0.00987	0.00740	0.00411	0.01316
50	0.01666	0.04297	0.66500	0.02368	0.03596	0.01929	0.03069	0.02631	0.01754	0.02631	0.01491	0.01754	0.01052	0.00789	0.00789	0.00263	0.01228	0.00614	0.00351	0.01228
51	0.01777	0.01689	0.02868	0.41593	0.31310	0.01900	0.02411	0.02305	0.01760	0.02375	0.01513	0.02147	0.01196	0.00792	0.00827	0.00264	0.01056	0.00739	0.00387	0.01091
52	0.01688	0.01681	0.02870	0.20409	0.03513	0.02034	0.15213	0.02102	0.01539	0.02168	0.01493	0.02233	0.01279	0.01828	0.11440	0.00466	0.25912	0.00810	0.00390	0.00934
53	0.01756	0.01406	0.05445	0.01334	0.01715	0.01262	0.01116	0.14971	0.02652	0.06725	0.44681	0.04862	0.05759	0.01459	0.00929	0.00259	0.00571	0.01253	0.00868	0.00977

[dist]
# distance from previous block
# <min> <max>
0	5

[block]
# block no. 2 follows, 22 sequences, length 22
# corresponding to MSA columns:
# 157-178
name=unknown_C
#
# <colnr> <probs for GDERKNQSTAVLIFYWHMCP>
#	G	D	E	R	K	N	Q	S	T	A	V	L	I	F	Y	W	H	M	C	P
0	0.01557	0.01448	0.02174	0.01902	0.02017	0.01874	0.05254	0.01820	0.01342	0.02010	0.01612	0.02461	0.01522	0.03446	0.30276	0.00773	0.36446	0.00812	0.00402	0.00851
1	0.12010	0.01357	0.01729	0.01372	0.01936	0.01236	0.01122	0.03510	0.02260	0.49975	0.11714	0.03127	0.02731	0.01092	0.00818	0.00258	0.00655	0.00883	0.00951	0.01264
2	0.01456	0.01162	0.01698	0.12547	0.02228	0.01438	0.01329	0.01696	0.01403	0.02059	0.01922	0.06090	0.01797	0.03091	0.23462	0.09230	0.17185	0.00871	0.08568	0.00767
3	0.01339	0.00956	0.01339	0.01530	0.01721	0.00956	0.01339	0.01721	0.01912	0.02486	0.04399	0.09371	0.04781	0.02295	0.01147	0.00382	0.00765	0.60031	0.00765	0.00765
4	0.01551	0.01220	0.01478	0.01529	0.01819	0.01302	0.01275	0.02568	0.22424	0.02793	0.04378	0.07195	0.08780	0.01895	0.01035	0.00341	0.00703	0.35981	0.00792	0.00941
5	0.01206	0.00959	0.01019	0.01103	0.01176	0.04793	0.00716	0.01309	0.01526	0.01945	0.03986	0.38293	0.09034	0.26552	0.02154	0.00491	0.00653	0.01795	0.00656	0.00634
6	0.03158	0.02327	0.02493	0.01911	0.02576	0.02576	0.01579	0.62852	0.03906	0.05236	0.01995	0.01995	0.01413	0.00997	0.00831	0.00249	0.00914	0.00748	0.00831	0.01413
7	0.02221	0.71304	0.04353	0.01421	0.02132	0.03287	0.01421	0.02488	0.01688	0.01955	0.01155	0.01333	0.01066	0.00711	0.00533	0.00178	0.00888	0.00444	0.00355	0.01066
8	0.02005	0.02037	0.03038	0.25714	0.36320	0.09055	0.05011	0.02497	0.01869	0.02443	0.01509	0.02056	0.01218	0.00781	0.00824	0.00255	0.01100	0.00728	0.00400	0.01139
9	0.03103	0.03959	0.02354	0.02140	0.02568	0.67469	0.01605	0.03317	0.02354	0.02033	0.01284	0.01498	0.01070	0.00856	0.00749	0.00214	0.01498	0.00535	0.00428	0.00963
10	0.01104	0.00846	0.01011	0.00970	0.01197	0.00753	0.00727	0.01429	0.02182	0.02929	0.44156	0.06868	0.29117	0.01849	0.00981	0.00268	0.00403	0.01595	0.00862	0.00753
11	0.06599	0.03211	0.02297	0.06274	0.02682	0.43403	0.01587	0.15987	0.02559	0.02811	0.01480	0.01713	0.01177	0.01090	0.03359	0.00271	0.01333	0.00604	0.00516	0.01046
12	0.14721	0.02156	0.15565	0.02133	0.10088	0.01744	0.05084	0.05487	0.12896	0.03228	0.13747	0.03059	0.02725	0.01060	0.00815	0.00267	0.00822	0.02684	0.00617	0.01103
13	0.05198	0.02041	0.17963	0.12312	0.06638	0.01438	0.01762	0.02055	0.01612	0.02414	0.01756	0.07362	0.01566	0.01458	0.05169	0.08516	0.00970	0.00770	0.00438	0.18562
14	0.01465	0.01498	0.08366	0.01866	0.10873	0.01270	0.01306	0.02127	0.12358	0.02540	0.10296	0.18493	0.07548	0.14445	0.01536	0.00382	0.00710	0.01351	0.00654	0.00917
15	0.05518	0.02679	0.22274	0.06314	0.09669	0.08658	0.04580	0.09315	0.02110	0.02854	0.04680	0.03052	0.12651	0.01072	0.00831	0.00259	0.00998	0.00878	0.00524	0.01086
16	0.10256	0.02591	0.12849	0.02992	0.23440	0.14077	0.04836	0.02804	0.08409	0.02683	0.01645	0.01975	0.01316	0.00945	0.00930	0.04936	0.01051	0.00681	0.00459	0.01122
17	0.09975	0.01903	0.09987	0.06527	0.13571	0.01788	0.01695	0.10829	0.01873	0.02811	0.01857	0.05426	0.01707	0.11486	0.07533	0.00447	0.08232	0.00843	0.00500	0.01010
18	0.02121	0.02466	0.16824	0.01809	0.04257	0.11615	0.01647	0.12034	0.04613	0.08120	0.07304	0.07163	0.13979	0.01268	0.00860	0.00260	0.00902	0.01025	0.00652	0.01080
19	0.06497	0.06178	0.07717	0.10253	0.24986	0.11645	0.02008	0.08851	0.02111	0.06173	0.01649	0.01970	0.01286	0.00823	0.00767	0.00242	0.01019	0.00675	0.03982	0.01167
20	0.02170	0.12089	0.08746	0.02481	0.16131	0.04616	0.01801	0.02985	0.14841	0.09377	0.02051	0.02271	0.01615	0.01365	0.06212	0.00343	0.08436	0.00740	0.00552	0.01179
21	0.02274	0.03055	0.15810	0.02632	0.12333	0.24195	0.05913	0.03004	0.10142	0.02512	0.01834	0.02351	0.01517	0.00962	0.00920	0.00259	0.04686	0.04010	0.00479	0.01113

[dist]
# distance from previous block
# <min> <max>
2	108

[block]
# block no. 3 follows, 22 sequences, length 24
# corresponding to MSA columns:
# 287-310
name=unknown_D
#
# <colnr> <probs for GDERKNQSTAVLIFYWHMCP>
#	G	D	E	R	K	N	Q	S	T	A	V	L	I	F	Y	W	H	M	C	P
0	0.09086	0.01358	0.09616	0.01173	0.01527	0.01088	0.01065	0.01922	0.01757	0.02932	0.14781	0.03394	0.02993	0.02039	0.13001	0.00433	0.00863	0.00887	0.29244	0.00843
1	0.02896	0.16523	0.02883	0.02007	0.02563	0.37183	0.04213	0.16928	0.02568	0.02788	0.01441	0.01613	0.01157	0.00854	0.00736	0.00218	0.01241	0.00586	0.00507	0.01094
2	0.01544	0.00900	0.01116	0.01117	0.01360	0.00793	0.00815	0.01746	0.01848	0.14960	0.05586	0.36225	0.24557	0.02123	0.00989	0.00303	0.00507	0.01856	0.00823	0.00831
3	0.03008	0.11222	0.02570	0.02063	0.02521	0.60547	0.01585	0.03228	0.02282	0.02025	0.01270	0.01480	0.01070	0.00840	0.00726	0.00210	0.01432	0.00525	0.00420	0.00974
4	0.01067	0.00845	0.00959	0.00930	0.01174	0.00737	0.00698	0.01356	0.02094	0.02719	0.33205	0.07214	0.40199	0.01927	0.00981	0.00272	0.00408	0.01644	0.00834	0.00737
5	0.02595	0.17403	0.17722	0.02038	0.02721	0.35933	0.01909	0.06139	0.02163	0.02326	0.01344	0.01551	0.01083	0.00819	0.00720	0.00220	0.01282	0.00547	0.00417	0.01069
6	0.01814	0.19799	0.48217	0.02217	0.03300	0.02257	0.06346	0.02599	0.01751	0.02475	0.01424	0.01686	0.01068	0.00765	0.00741	0.00244	0.01159	0.00597	0.00356	0.01183
7	0.01215	0.01006	0.01052	0.00998	0.01306	0.00933	0.00760	0.04712	0.07767	0.02633	0.13974	0.07035	0.49795	0.01912	0.00961	0.00277	0.00465	0.01599	0.00797	0.00804
8	0.01355	0.01041	0.01461	0.01410	0.01562	0.01231	0.01102	0.04592	0.01501	0.02178	0.02332	0.09193	0.02254	0.04856	0.47720	0.01027	0.09139	0.00995	0.04265	0.00789
9	0.01979	0.02689	0.21450	0.05547	0.16303	0.01973	0.28864	0.02686	0.01902	0.06004	0.01682	0.02099	0.01251	0.00755	0.00883	0.00267	0.01224	0.00815	0.00430	0.01198
10	0.02659	0.15803	0.02531	0.01593	0.02176	0.02369	0.01354	0.38986	0.03043	0.04166	0.01966	0.02076	0.01482	0.00934	0.00723	0.00224	0.00807	0.00692	0.15194	0.01220
11	0.01781	0.01220	0.01649	0.01962	0.16365	0.01102	0.01196	0.02079	0.01990	0.15128	0.05791	0.05578	0.37736	0.01571	0.00915	0.00268	0.00610	0.01334	0.00739	0.00987
12	0.01014	0.00815	0.00906	0.00943	0.01157	0.00706	0.00684	0.01233	0.01882	0.02358	0.14961	0.22435	0.43655	0.02168	0.01000	0.00291	0.00431	0.01864	0.00790	0.00706
13	0.01229	0.00976	0.01263	0.01267	0.01449	0.00936	0.00911	0.01422	0.01587	0.02226	0.03633	0.50181	0.04232	0.02098	0.01127	0.00297	0.06933	0.01836	0.00677	0.15719
14	0.02194	0.50373	0.07594	0.01565	0.02247	0.05747	0.01510	0.02917	0.14191	0.02303	0.01626	0.01719	0.01359	0.00805	0.00621	0.00205	0.00890	0.00557	0.00456	0.01121
15	0.02098	0.05911	0.04358	0.03557	0.15193	0.08247	0.42844	0.02693	0.01971	0.02576	0.01595	0.02091	0.01243	0.00723	0.00907	0.00263	0.01308	0.00868	0.00416	0.01138
16	0.16770	0.02199	0.01962	0.01719	0.02083	0.17474	0.01361	0.11343	0.05173	0.05602	0.02101	0.08417	0.04148	0.01213	0.01157	0.00277	0.14575	0.00839	0.00582	0.01005
17	0.01950	0.38516	0.34763	0.01885	0.02848	0.02623	0.02228	0.02558	0.01720	0.02285	0.01319	0.01539	0.01059	0.00749	0.00658	0.00219	0.01054	0.00527	0.00353	0.01145
18	0.01850	0.15252	0.21758	0.10030	0.20434	0.02087	0.02248	0.02521	0.04975	0.02509	0.01740	0.05316	0.01468	0.00879	0.00765	0.00247	0.00990	0.00740	0.03043	0.01150
19	0.02453	0.08949	0.02407	0.02104	0.09106	0.23497	0.01501	0.03320	0.19241	0.05769	0.02009	0.02084	0.01574	0.00879	0.00748	0.00222	0.00987	0.00669	0.00574	0.11905
20	0.01809	0.01207	0.01613	0.01452	0.01701	0.01332	0.01179	0.02077	0.01766	0.14982	0.07142	0.04663	0.17139	0.02491	0.13627	0.00498	0.17142	0.06596	0.00673	0.00910
21	0.01742	0.03978	0.01814	0.01706	0.04977	0.08658	0.01267	0.06032	0.12067	0.02440	0.02230	0.02839	0.01930	0.04012	0.39436	0.00877	0.01697	0.00828	0.00529	0.00942
22	0.01673	0.01431	0.01705	0.01491	0.01820	0.01558	0.01163	0.05517	0.15726	0.02664	0.03092	0.12797	0.08770	0.05012	0.03616	0.00333	0.13979	0.01098	0.00632	0.15921
23	0.02203	0.02205	0.02159	0.02364	0.14758	0.19831	0.01560	0.11156	0.05308	0.02740	0.02732	0.03305	0.09236	0.01895	0.10597	0.00412	0.01201	0.04730	0.00569	0.01039

[dist]
# distance from previous block
# <min> <max>
6	10

[block]
# block no. 4 follows, 22 sequences, length 7
# corresponding to MSA columns:
# 321-327
name=unknown_E
#
# <colnr> <probs for GDERKNQSTAVLIFYWHMCP>
#	G	D	E	R	K	N	Q	S	T	A	V	L	I	F	Y	W	H	M	C	P
0	0.05426	0.01869	0.11987	0.01554	0.05158	0.09145	0.01299	0.01846	0.01886	0.02446	0.09273	0.15405	0.26274	0.01644	0.00901	0.00274	0.00733	0.01375	0.00639	0.00864
1	0.01837	0.02077	0.10434	0.11799	0.25623	0.05185	0.05848	0.02472	0.05335	0.02580	0.02263	0.03697	0.02074	0.01127	0.00898	0.00285	0.01016	0.13846	0.00502	0.01102
2	0.24574	0.06633	0.15590	0.08362	0.10335	0.06994	0.01809	0.07433	0.01876	0.03075	0.01470	0.01761	0.01135	0.00809	0.00687	0.00247	0.00939	0.00595	0.04607	0.01071
3	0.01810	0.02548	0.19443	0.02891	0.21433	0.08641	0.05280	0.02326	0.01855	0.02465	0.02784	0.06676	0.11927	0.01133	0.00966	0.00267	0.05045	0.00953	0.00474	0.01085
4	0.01412	0.01099	0.01302	0.01204	0.01412	0.01173	0.00901	0.08816	0.01798	0.02365	0.04259	0.05087	0.23125	0.19253	0.17286	0.00653	0.06260	0.01223	0.00608	0.00766
5	0.02061	0.10707	0.07864	0.02222	0.06169	0.01939	0.15505	0.07093	0.07475	0.07547	0.02190	0.10370	0.01910	0.01053	0.00921	0.00254	0.04179	0.00944	0.00568	0.09028
6	0.05861	0.02377	0.15205	0.01930	0.02526	0.12099	0.09501	0.02554	0.05658	0.06544	0.06034	0.04120	0.09962	0.01272	0.00890	0.00279	0.00983	0.10598	0.00598	0.01010

[dist]
# distance from previous block
# <min> <max>
8	24

[block]
# block no. 5 follows, 22 sequences, length 9
# corresponding to MSA columns:
# 352-360
name=unknown_F
#
# <colnr> <probs for GDERKNQSTAVLIFYWHMCP>
#	G	D	E	R	K	N	Q	S	T	A	V	L	I	F	Y	W	H	M	C	P
0	0.01850	0.23085	0.44571	0.02289	0.07461	0.02316	0.02568	0.02585	0.01745	0.02445	0.01401	0.01656	0.01074	0.00764	0.00719	0.00238	0.01115	0.00575	0.00356	0.01188
1	0.09135	0.01591	0.02299	0.02016	0.05912	0.06876	0.16354	0.02168	0.01764	0.02652	0.06922	0.02807	0.02094	0.02300	0.18324	0.00532	0.01275	0.00859	0.13207	0.00912
2	0.02128	0.06710	0.13882	0.01807	0.02329	0.22606	0.01636	0.08065	0.02111	0.02558	0.08789	0.02525	0.02096	0.02202	0.16412	0.00492	0.01405	0.00756	0.00506	0.00988
3	0.01858	0.19756	0.23171	0.02322	0.08668	0.05347	0.09087	0.02417	0.01728	0.02319	0.01559	0.01995	0.01291	0.01743	0.12827	0.00434	0.01335	0.00672	0.00386	0.01083
4	0.02005	0.01814	0.08339	0.02118	0.13581	0.01647	0.01481	0.19778	0.02328	0.03256	0.07967	0.03327	0.02419	0.18554	0.01674	0.00387	0.00841	0.00921	0.06522	0.01039
5	0.23533	0.01287	0.01358	0.01329	0.01641	0.01385	0.01044	0.11766	0.01977	0.03168	0.03122	0.27892	0.03352	0.01748	0.00879	0.00308	0.00651	0.11976	0.00705	0.00878
6	0.03034	0.03121	0.02368	0.02010	0.02536	0.35979	0.01569	0.27052	0.08376	0.03431	0.01750	0.01835	0.01334	0.00936	0.00790	0.00234	0.01193	0.00655	0.00625	0.01172
7	0.10654	0.07150	0.46281	0.02284	0.06258	0.08491	0.02562	0.02666	0.01777	0.02671	0.01418	0.01675	0.01050	0.00787	0.00742	0.00252	0.01157	0.00585	0.00381	0.01159
8	0.02030	0.02249	0.02541	0.02402	0.09843	0.20254	0.12229	0.02444	0.04639	0.02326	0.02960	0.09301	0.12398	0.01270	0.01106	0.00273	0.09186	0.01053	0.00525	0.00970

[dist]
# distance from previous block
# <min> <max>
69	276

[block]
# block no. 6 follows, 22 sequences, length 18
# corresponding to MSA columns:
# 651-668
name=unknown_G
#
# <colnr> <probs for GDERKNQSTAVLIFYWHMCP>
#	G	D	E	R	K	N	Q	S	T	A	V	L	I	F	Y	W	H	M	C	P
0	0.01993	0.01790	0.01578	0.01407	0.01819	0.12920	0.01089	0.09594	0.15166	0.06567	0.05071	0.04837	0.29847	0.01490	0.00887	0.00264	0.00733	0.01200	0.00749	0.00999
1	0.01377	0.10235	0.07946	0.01384	0.01660	0.01407	0.01186	0.01648	0.01543	0.02104	0.06505	0.18909	0.06084	0.12282	0.15000	0.00572	0.07563	0.01253	0.00544	0.00798
2	0.02365	0.06219	0.24281	0.01940	0.02707	0.06160	0.01963	0.24534	0.02589	0.07075	0.02130	0.10350	0.01793	0.01104	0.00826	0.00260	0.00992	0.00879	0.00622	0.01213
3	0.02031	0.02968	0.28789	0.03522	0.29675	0.02037	0.05712	0.10056	0.02089	0.02990	0.01593	0.01936	0.01219	0.00790	0.00818	0.00255	0.01096	0.00703	0.00439	0.01282
4	0.02517	0.02337	0.02222	0.02152	0.10090	0.16673	0.01515	0.24837	0.10074	0.03498	0.03019	0.03025	0.12137	0.01134	0.00839	0.00250	0.00941	0.00890	0.00680	0.01169
5	0.21282	0.02498	0.09913	0.02449	0.15191	0.12896	0.04499	0.10092	0.02069	0.03158	0.01455	0.01718	0.01140	0.00792	0.00717	0.00237	0.00990	0.00607	0.00493	0.07805
6	0.21101	0.14432	0.06020	0.01712	0.02282	0.16656	0.08865	0.02475	0.01839	0.02597	0.02482	0.02624	0.11787	0.00995	0.00721	0.00241	0.00966	0.00761	0.00489	0.00955
7	0.01712	0.01574	0.05338	0.01838	0.09220	0.04677	0.01300	0.02557	0.17765	0.06262	0.11465	0.18821	0.10929	0.01560	0.00915	0.00282	0.00674	0.01356	0.00739	0.01016
8	0.02073	0.02328	0.18589	0.06459	0.20112	0.05725	0.02021	0.02624	0.01883	0.10516	0.01972	0.02289	0.01493	0.01065	0.03471	0.00286	0.00993	0.00719	0.14242	0.01138
9	0.08162	0.13795	0.03011	0.02307	0.09930	0.05231	0.16925	0.04211	0.01890	0.02595	0.06038	0.02989	0.09589	0.01549	0.07907	0.00363	0.01097	0.00900	0.00504	0.01006
10	0.01786	0.13114	0.02306	0.04628	0.13018	0.04973	0.01430	0.02125	0.01644	0.02373	0.01831	0.02383	0.01578	0.02014	0.14636	0.00460	0.09567	0.00718	0.18470	0.00943
11	0.06114	0.06829	0.34356	0.02596	0.11889	0.01885	0.10512	0.02435	0.01794	0.02628	0.02305	0.02551	0.08685	0.00920	0.00812	0.00260	0.01069	0.00796	0.00428	0.01135
12	0.06004	0.07055	0.12530	0.02896	0.15428	0.22508	0.12883	0.06253	0.02108	0.02629	0.01467	0.01790	0.01161	0.00791	0.00791	0.00242	0.01229	0.00670	0.00435	0.01129
13	0.01105	0.00873	0.01013	0.01053	0.01297	0.00781	0.00840	0.01389	0.01969	0.02476	0.16152	0.08077	0.40590	0.02091	0.01025	0.00304	0.00506	0.16938	0.00792	0.00731
14	0.01830	0.04363	0.04849	0.06030	0.01960	0.08646	0.01219	0.07965	0.01789	0.02453	0.02029	0.03112	0.01893	0.20389	0.05595	0.00461	0.09417	0.00842	0.14316	0.00842
15	0.02012	0.11045	0.25938	0.04934	0.02848	0.07861	0.02000	0.08115	0.09699	0.02795	0.01866	0.05352	0.01519	0.00920	0.00761	0.00238	0.00999	0.00719	0.00501	0.09879
16	0.04706	0.13902	0.17198	0.02710	0.15235	0.02014	0.14484	0.02431	0.01872	0.02673	0.09362	0.02378	0.01993	0.00851	0.00797	0.00242	0.01003	0.00784	0.00461	0.04904
17	0.15952	0.03031	0.02125	0.04545	0.02466	0.39107	0.01465	0.13722	0.02415	0.02949	0.01451	0.01651	0.01143	0.00870	0.00719	0.00230	0.01185	0.00575	0.03374	0.01024

[dist]
# distance from previous block
# <min> <max>
9	39

[block]
# block no. 7 follows, 22 sequences, length 11
# corresponding to MSA columns:
# 708-718
name=unknown_H
#
# <colnr> <probs for GDERKNQSTAVLIFYWHMCP>
#	G	D	E	R	K	N	Q	S	T	A	V	L	I	F	Y	W	H	M	C	P
0	0.01942	0.02759	0.21121	0.02764	0.18488	0.12451	0.05748	0.02446	0.01803	0.02384	0.01680	0.02451	0.01485	0.12862	0.01386	0.00337	0.01112	0.00750	0.00418	0.05613
1	0.01426	0.07443	0.06206	0.01646	0.10213	0.01216	0.01166	0.01716	0.01807	0.05074	0.05326	0.12094	0.33090	0.06569	0.01138	0.00308	0.00642	0.01402	0.00648	0.00869
2	0.01970	0.02465	0.16287	0.04424	0.48385	0.01974	0.07223	0.02575	0.01869	0.02693	0.01557	0.02009	0.01258	0.00747	0.00828	0.00253	0.01067	0.00733	0.00400	0.01283
3	0.01680	0.02315	0.23845	0.15507	0.13962	0.01585	0.02106	0.02314	0.01756	0.02680	0.01855	0.02288	0.01422	0.00841	0.00743	0.00243	0.00918	0.00707	0.22184	0.01051
4	0.01571	0.01166	0.01351	0.01268	0.01520	0.01204	0.00941	0.16076	0.02128	0.02808	0.04175	0.24181	0.15867	0.10900	0.10431	0.00498	0.00851	0.01509	0.00709	0.00846
5	0.01590	0.01295	0.07409	0.05893	0.01910	0.01031	0.01162	0.01995	0.04454	0.12350	0.10773	0.28775	0.14409	0.01827	0.00954	0.00294	0.00617	0.01599	0.00762	0.00901
6	0.02716	0.02711	0.02236	0.02023	0.05584	0.28414	0.01509	0.24977	0.02775	0.03263	0.02267	0.02433	0.06903	0.01484	0.06670	0.00333	0.01226	0.00762	0.00608	0.01105
7	0.01897	0.03010	0.29743	0.02548	0.10595	0.06939	0.05282	0.02865	0.12564	0.02678	0.01983	0.02553	0.01610	0.01003	0.01003	0.00278	0.07038	0.04760	0.00482	0.01169
8	0.01988	0.07111	0.14644	0.03407	0.28622	0.02091	0.09593	0.02987	0.15656	0.02810	0.01939	0.02206	0.01515	0.00828	0.00821	0.00257	0.01001	0.00771	0.00494	0.01259
9	0.02392	0.02637	0.02650	0.02837	0.18434	0.26207	0.07054	0.03248	0.17502	0.02626	0.02213	0.02378	0.04252	0.00934	0.00822	0.00248	0.01106	0.00778	0.00541	0.01142
10	0.01810	0.04236	0.10463	0.03794	0.07508	0.01392	0.01379	0.04768	0.06556	0.10202	0.03310	0.08342	0.10910	0.14167	0.04882	0.00418	0.00857	0.01083	0.02946	0.00976

[dist]
# distance from previous block
# <min> <max>
2	27

[block]
# block no. 8 follows, 22 sequences, length 17
# corresponding to MSA columns:
# 746-762
name=unknown_I
#
# <colnr> <probs for GDERKNQSTAVLIFYWHMCP>
#	G	D	E	R	K	N	Q	S	T	A	V	L	I	F	Y	W	H	M	C	P
0	0.02870	0.03144	0.02396	0.02321	0.09287	0.40622	0.01624	0.16935	0.02585	0.02822	0.01573	0.01949	0.01313	0.05761	0.01019	0.00267	0.01259	0.00654	0.00525	0.01074
1	0.01997	0.02385	0.20127	0.01836	0.02418	0.01914	0.01818	0.16459	0.02130	0.03145	0.01775	0.02144	0.01399	0.01385	0.05980	0.00339	0.14663	0.00707	0.12375	0.05003
2	0.01615	0.01165	0.01609	0.01479	0.01661	0.01383	0.01171	0.05255	0.01560	0.06832	0.02130	0.03001	0.01911	0.07635	0.40681	0.00936	0.13853	0.00859	0.04417	0.00848
3	0.01606	0.01270	0.01686	0.01460	0.01760	0.01343	0.05332	0.02008	0.06312	0.09261	0.05253	0.08903	0.32404	0.01709	0.01330	0.00299	0.15119	0.01358	0.00694	0.00895
4	0.01473	0.01138	0.01357	0.01252	0.01583	0.01030	0.00922	0.08957	0.01928	0.02673	0.03608	0.39093	0.07190	0.01819	0.00903	0.00263	0.00569	0.01604	0.00700	0.21940
5	0.11127	0.03119	0.02281	0.01944	0.02466	0.37107	0.01519	0.24529	0.02807	0.03364	0.01525	0.01660	0.01174	0.00897	0.00753	0.00231	0.01196	0.00602	0.00582	0.01117
6	0.12904	0.03229	0.02238	0.01959	0.02421	0.43216	0.01517	0.14204	0.02460	0.02854	0.01389	0.01587	0.01112	0.00902	0.00836	0.00234	0.04819	0.00573	0.00511	0.01035
7	0.02632	0.06485	0.02161	0.01804	0.02193	0.39215	0.01357	0.10472	0.05476	0.02426	0.01742	0.02422	0.01579	0.14861	0.01449	0.00338	0.01211	0.00713	0.00512	0.00952
8	0.02043	0.20161	0.02529	0.01625	0.01979	0.12347	0.01363	0.02296	0.01674	0.06466	0.01929	0.02389	0.04167	0.02536	0.20268	0.00559	0.13554	0.00720	0.00459	0.00937
9	0.02211	0.11932	0.39577	0.01964	0.02931	0.01871	0.02294	0.02902	0.01928	0.17992	0.05168	0.02190	0.01648	0.00884	0.00778	0.00251	0.01015	0.00692	0.00545	0.01229
10	0.01246	0.01562	0.14272	0.01453	0.01841	0.01156	0.01372	0.01661	0.01519	0.02125	0.03184	0.03807	0.13163	0.04406	0.42292	0.00932	0.01704	0.00989	0.00485	0.00832
11	0.13362	0.01642	0.01322	0.01237	0.01597	0.12985	0.00944	0.04678	0.06317	0.02648	0.05158	0.08727	0.33192	0.01585	0.00856	0.00267	0.00689	0.01266	0.00678	0.00851
12	0.02665	0.10066	0.02533	0.02197	0.10044	0.22368	0.01571	0.13928	0.13163	0.06631	0.01981	0.02072	0.01525	0.00914	0.00762	0.00233	0.01017	0.00688	0.04466	0.01174
13	0.07141	0.02971	0.02373	0.04743	0.05901	0.32730	0.01619	0.23415	0.05645	0.03321	0.01637	0.01789	0.01259	0.00905	0.00775	0.00236	0.01171	0.00640	0.00586	0.01145
14	0.01641	0.12859	0.28085	0.06648	0.02790	0.01900	0.02010	0.02198	0.01706	0.02362	0.02632	0.02844	0.12553	0.01074	0.00988	0.00253	0.08512	0.00803	0.00442	0.07701
15	0.02269	0.02476	0.02763	0.03336	0.28692	0.21816	0.02014	0.02597	0.01860	0.02303	0.01410	0.01903	0.01234	0.01248	0.05019	0.00325	0.16557	0.00684	0.00407	0.01085
16	0.05388	0.01683	0.06155	0.01461	0.01790	0.09427	0.01187	0.09841	0.01983	0.02619	0.03431	0.25552	0.09749	0.02545	0.12806	0.00473	0.01032	0.01370	0.00635	0.00875

[dist]
# distance from previous block
# <min> <max>
0	41

[block]
# block no. 9 follows, 22 sequences, length 28
# corresponding to MSA columns:
# 805-832
name=unknown_J
#
# <colnr> <probs for GDERKNQSTAVLIFYWHMCP>
#	G	D	E	R	K	N	Q	S	T	A	V	L	I	F	Y	W	H	M	C	P
