[name]
unknown

[dist]
# distance from previous block
# <min> <max>
0	41

[block]
# block no. 0 follows, 22 sequences, length 35
# corresponding to MSA columns:
# 41-75
name=unknown_A
#
# <colnr> <probs for GDERKNQSTAVLIFYWHMCP>
#	G	D	E	R	K	N	Q	S	T	A	V	L	I	F	Y	W	H	M	C	P
0	0.01388	0.01068	0.01587	0.15991	0.02581	0.01147	0.01547	0.01807	0.01858	0.02408	0.03770	0.07833	0.03991	0.01980	0.01079	0.00360	0.00839	0.47286	0.00680	0.00799
1	0.09276	0.01292	0.07864	0.01031	0.01438	0.00958	0.00920	0.01481	0.01827	0.02446	0.06891	0.06610	0.51462	0.01819	0.00911	0.00276	0.00531	0.01491	0.00699	0.00779
2	0.02300	0.01912	0.02097	0.01936	0.05940	0.02171	0.01443	0.16867	0.47559	0.03809	0.02977	0.02801	0.02224	0.01077	0.00841	0.00273	0.00732	0.00887	0.00817	0.01336
3	0.27237	0.02797	0.30435	0.01717	0.02531	0.01855	0.01908	0.09034	0.01871	0.03335	0.01562	0.01786	0.01154	0.00825	0.00678	0.00252	0.00906	0.00590	0.08440	0.01088
4	0.03237	0.03412	0.02263	0.01998	0.02472	0.53230	0.01523	0.03474	0.02359	0.15825	0.01713	0.01784	0.01282	0.00893	0.00768	0.00223	0.01328	0.00600	0.00557	0.01060
5	0.60485	0.01497	0.01246	0.01114	0.01601	0.01654	0.00895	0.02265	0.01466	0.03444	0.01562	0.08874	0.01434	0.00954	0.00584	0.00252	0.00622	0.00662	0.00540	0.08848
6	0.01108	0.00978	0.01196	0.15450	0.02111	0.00947	0.00991	0.01392	0.01844	0.02218	0.06924	0.06753	0.51490	0.01830	0.00949	0.00280	0.00568	0.01535	0.00685	0.00749
7	0.01108	0.00978	0.01196	0.15450	0.02111	0.00947	0.00991	0.01392	0.01844	0.02218	0.06924	0.06753	0.51490	0.01830	0.00949	0.00280	0.00568	0.01535	0.00685	0.00749
8	0.01219	0.00826	0.00975	0.00989	0.01030	0.00819	0.00624	0.01302	0.01406	0.01889	0.09464	0.05946	0.03724	0.56015	0.03548	0.00702	0.00757	0.07628	0.00575	0.00562
9	0.01237	0.00992	0.01482	0.02004	0.15051	0.00954	0.01153	0.01456	0.01655	0.02248	0.03930	0.55602	0.04596	0.02202	0.01009	0.00318	0.00591	0.02013	0.00694	0.00813
10	0.60871	0.01761	0.01494	0.01269	0.01815	0.02017	0.01046	0.15427	0.01949	0.04051	0.01337	0.01488	0.01010	0.00820	0.00582	0.00255	0.00701	0.00514	0.00582	0.01010
11	0.02129	0.01816	0.01914	0.01703	0.02184	0.02096	0.01330	0.07776	0.60657	0.03576	0.03301	0.03036	0.02471	0.01120	0.00844	0.00280	0.00672	0.00928	0.00844	0.01321
12	0.76672	0.01607	0.01221	0.01092	0.01607	0.01864	0.00900	0.02442	0.01414	0.03727	0.01157	0.01350	0.00900	0.00771	0.00514	0.00257	0.00643	0.00450	0.00514	0.00900
13	0.12326	0.02237	0.02334	0.01809	0.02455	0.02487	0.01494	0.55319	0.03595	0.05048	0.01890	0.01914	0.01349	0.00969	0.00792	0.00250	0.00880	0.00711	0.00792	0.01349
14	0.03158	0.02327	0.02493	0.01911	0.02576	0.02576	0.01579	0.62852	0.03906	0.05236	0.01995	0.01995	0.01413	0.00997	0.00831	0.00249	0.00914	0.00748	0.00831	0.01413
15	0.03158	0.02327	0.02493	0.01911	0.02576	0.02576	0.01579	0.62852	0.03906	0.05236	0.01995	0.01995	0.01413	0.00997	0.00831	0.00249	0.00914	0.00748	0.00831	0.01413
16	0.03158	0.02327	0.02493	0.01911	0.02576	0.02576	0.01579	0.62852	0.03906	0.05236	0.01995	0.01995	0.01413	0.00997	0.00831	0.00249	0.00914	0.00748	0.00831	0.01413
17	0.01814	0.01542	0.01624	0.01470	0.01891	0.01708	0.01140	0.05840	0.44324	0.03246	0.07157	0.04351	0.17623	0.01378	0.00883	0.00279	0.00600	0.01149	0.00830	0.01150
18	0.01723	0.01477	0.01723	0.01230	0.01969	0.01107	0.00984	0.02092	0.01723	0.02707	0.01477	0.01723	0.01230	0.00615	0.00615	0.00123	0.00615	0.00492	0.00492	0.75883
19	0.02056	0.01974	0.03372	0.05099	0.65622	0.01974	0.02550	0.02550	0.01892	0.02714	0.01563	0.02056	0.01316	0.00740	0.00822	0.00247	0.00987	0.00740	0.00411	0.01316
20	0.01010	0.00731	0.00956	0.01136	0.01199	0.00677	0.00762	0.01159	0.01611	0.02129	0.04834	0.66118	0.09474	0.02569	0.01055	0.00334	0.00478	0.02321	0.00771	0.00677
21	0.03158	0.02327	0.02493	0.01911	0.02576	0.02576	0.01579	0.62852	0.03906	0.05236	0.01995	0.01995	0.01413	0.00997	0.00831	0.00249	0.00914	0.00748	0.00831	0.01413
22	0.01818	0.01818	0.02545	0.02181	0.02181	0.02545	0.01818	0.01999	0.01272	0.01999	0.01091	0.01818	0.01091	0.01454	0.02726	0.00364	0.69284	0.00727	0.00364	0.00909
23	0.01592	0.00965	0.01107	0.01003	0.01350	0.00823	0.00776	0.01849	0.02054	0.16041	0.14398	0.06668	0.44614	0.01824	0.00950	0.00273	0.00478	0.01526	0.00844	0.00864
24	0.01208	0.00805	0.00906	0.00906	0.00906	0.00805	0.00503	0.01208	0.01208	0.01611	0.02618	0.05436	0.03020	0.70804	0.04228	0.00805	0.00805	0.01208	0.00503	0.00503
25	0.02051	0.01987	0.03448	0.05020	0.62569	0.01980	0.05542	0.02555	0.01895	0.02711	0.01569	0.02065	0.01313	0.00738	0.00830	0.00248	0.01008	0.00752	0.00412	0.01306
26	0.03103	0.03959	0.02354	0.02140	0.02568	0.67469	0.01605	0.03317	0.02354	0.02033	0.01284	0.01498	0.01070	0.00856	0.00749	0.00214	0.01498	0.00535	0.00428	0.00963
27	0.02461	0.01619	0.01811	0.01474	0.01968	0.01691	0.01193	0.30568	0.02842	0.12882	0.03630	0.03604	0.15269	0.01720	0.07019	0.00353	0.00857	0.00991	0.06900	0.01147
28	0.01833	0.01707	0.02858	0.04257	0.51862	0.01696	0.02170	0.02252	0.01827	0.02587	0.02207	0.16626	0.02209	0.01138	0.00873	0.00266	0.00879	0.01087	0.00488	0.01179
29	0.01597	0.01663	0.01483	0.05939	0.05544	0.15185	0.01102	0.01960	0.05092	0.02317	0.07729	0.05572	0.38479	0.01611	0.00906	0.00264	0.00740	0.01317	0.00659	0.00841
30	0.01248	0.00979	0.01297	0.04126	0.05233	0.00986	0.01028	0.01722	0.08984	0.02427	0.08490	0.43775	0.08325	0.02142	0.01008	0.00318	0.00565	0.05782	0.00753	0.00811
31	0.02621	0.02340	0.02144	0.01756	0.02311	0.15969	0.01387	0.29827	0.06983	0.03699	0.02089	0.08367	0.01768	0.01061	0.00799	0.00230	0.00929	0.00823	0.00681	0.14217
32	0.02780	0.03699	0.13622	0.02377	0.07462	0.44365	0.01928	0.09368	0.02377	0.02523	0.01415	0.01636	0.01121	0.00851	0.00770	0.00229	0.01352	0.00586	0.00455	0.01083
33	0.02176	0.02358	0.03277	0.15524	0.30315	0.15965	0.13250	0.02658	0.01962	0.02454	0.01509	0.01999	0.01216	0.00774	0.00837	0.00251	0.01193	0.00740	0.00409	0.01135
34	0.07779	0.07593	0.12472	0.02261	0.06860	0.44684	0.01838	0.03051	0.02127	0.02283	0.01319	0.01556	0.01072	0.00824	0.00732	0.00225	0.01328	0.00550	0.00417	0.01030

[dist]
# distance from previous block
# <min> <max>
0	1

[block]
# block no. 1 follows, 22 sequences, length 46
# corresponding to MSA columns:
# 77-122
name=unknown_B
#
# <colnr> <probs for GDERKNQSTAVLIFYWHMCP>
#	G	D	E	R	K	N	Q	S	T	A	V	L	I	F	Y	W	H	M	C	P
0	0.02064	0.02069	0.03073	0.10130	0.51128	0.08291	0.02343	0.02521	0.01917	0.02573	0.01862	0.02305	0.04393	0.00826	0.00824	0.00248	0.01020	0.00769	0.00427	0.01217
1	0.17444	0.02121	0.01740	0.07623	0.02256	0.19365	0.01252	0.11341	0.02224	0.02986	0.06523	0.03356	0.16197	0.01190	0.00787	0.00252	0.00892	0.00901	0.00606	0.00944
2	0.08504	0.09308	0.32463	0.01991	0.02835	0.12106	0.02158	0.10083	0.02081	0.02891	0.03798	0.01901	0.01379	0.01092	0.03725	0.00294	0.01165	0.00634	0.00461	0.01130
3	0.01712	0.01970	0.15920	0.01496	0.02059	0.01385	0.01390	0.11203	0.01918	0.02728	0.02233	0.11208	0.02201	0.18726	0.01657	0.00373	0.00829	0.00971	0.00550	0.19471
4	0.05433	0.01702	0.05328	0.01966	0.02509	0.01615	0.16419	0.12100	0.02118	0.10840	0.02753	0.03092	0.08291	0.02441	0.18922	0.00556	0.01313	0.00941	0.00608	0.01053
5	0.02521	0.06762	0.16794	0.02406	0.10522	0.21892	0.01988	0.17661	0.02512	0.03106	0.04872	0.01984	0.01535	0.00898	0.00788	0.00238	0.01140	0.00676	0.00530	0.01173
6	0.02781	0.02150	0.02594	0.02573	0.16487	0.02325	0.01745	0.45665	0.03316	0.04484	0.02058	0.06214	0.01643	0.01039	0.00843	0.00254	0.00904	0.00846	0.00734	0.01346
7	0.01985	0.04222	0.52261	0.02317	0.03367	0.16478	0.02744	0.02783	0.01887	0.02498	0.01445	0.01697	0.01056	0.00804	0.00780	0.00252	0.01288	0.00596	0.00368	0.01169
8	0.01012	0.00723	0.00964	0.01157	0.01205	0.00675	0.00771	0.01157	0.01591	0.02121	0.04579	0.70262	0.05495	0.02603	0.01060	0.00337	0.00482	0.02362	0.00771	0.00675
9	0.02182	0.01874	0.02797	0.19597	0.31861	0.02026	0.02142	0.17350	0.02326	0.03216	0.01712	0.02137	0.01334	0.00838	0.00813	0.00252	0.00965	0.00744	0.04619	0.01214
10	0.02165	0.02051	0.03560	0.03893	0.33676	0.02060	0.19838	0.12602	0.02218	0.03077	0.01706	0.02166	0.01358	0.01073	0.04528	0.00317	0.01163	0.00820	0.00486	0.01244
11	0.01693	0.07488	0.63540	0.02323	0.03526	0.01994	0.02991	0.02624	0.01751	0.02599	0.01475	0.01734	0.01053	0.00786	0.00777	0.00259	0.01212	0.00606	0.00351	0.01220
12	0.02221	0.71304	0.04353	0.01421	0.02132	0.03287	0.01421	0.02488	0.01688	0.01955	0.01155	0.01333	0.01066	0.00711	0.00533	0.00178	0.00888	0.00444	0.00355	0.01066
13	0.01158	0.00820	0.00927	0.00925	0.01000	0.00797	0.00574	0.01236	0.01403	0.01830	0.06262	0.05865	0.16102	0.49816	0.07324	0.00707	0.00797	0.01313	0.00572	0.00570
14	0.01800	0.07338	0.54581	0.02557	0.09068	0.05263	0.02869	0.02651	0.01793	0.02576	0.01471	0.01748	0.01078	0.00784	0.00778	0.00255	0.01203	0.00613	0.00360	0.01215
15	0.01726	0.06210	0.10029	0.01915	0.05006	0.05765	0.06341	0.02117	0.01600	0.02326	0.01804	0.02479	0.01573	0.05141	0.14407	0.00499	0.15526	0.00766	0.13849	0.00921
16	0.01083	0.00846	0.00982	0.00948	0.01184	0.00745	0.00711	0.01389	0.02133	0.02814	0.38155	0.07058	0.35191	0.01891	0.00981	0.00270	0.00406	0.01622	0.00846	0.00745
17	0.02231	0.36670	0.23198	0.01863	0.02675	0.16087	0.01970	0.02703	0.01846	0.02180	0.01286	0.01497	0.01063	0.00765	0.00657	0.00212	0.01119	0.00515	0.00369	0.01095
18	0.01985	0.01901	0.03243	0.14441	0.56839	0.01955	0.02514	0.02487	0.01858	0.02627	0.01550	0.02079	0.01285	0.00753	0.00824	0.00251	0.01005	0.00740	0.00405	0.01258
19	0.01208	0.00805	0.00906	0.00906	0.00906	0.00805	0.00503	0.01208	0.01208	0.01611	0.02618	0.05436	0.03020	0.70804	0.04228	0.00805	0.00805	0.01208	0.00503	0.00503
20	0.01176	0.00849	0.01110	0.01045	0.01241	0.00784	0.00784	0.01568	0.02352	0.03331	0.65184	0.06206	0.07839	0.01698	0.00980	0.00261	0.00392	0.01502	0.00914	0.00784
21	0.02012	0.46098	0.27732	0.01777	0.02683	0.02776	0.02041	0.02541	0.01713	0.02209	0.01281	0.01491	0.01061	0.00740	0.00629	0.00210	0.01016	0.00508	0.00354	0.01127
22	0.01907	0.33353	0.39552	0.01957	0.02961	0.02518	0.02355	0.02569	0.01725	0.02338	0.01345	0.01571	0.01058	0.00755	0.00678	0.00226	0.01081	0.00540	0.00353	0.01158
23	0.01005	0.00749	0.00937	0.01087	0.01187	0.00681	0.00740	0.01165	0.01658	0.02148	0.05430	0.56440	0.18767	0.02492	0.01043	0.00325	0.00468	0.02227	0.00771	0.00681
24	0.02376	0.01345	0.01661	0.01366	0.01800	0.01312	0.01091	0.15911	0.02704	0.22486	0.32711	0.04264	0.04689	0.01343	0.00904	0.00257	0.00602	0.01136	0.00930	0.01111
25	0.03036	0.02209	0.07008	0.01803	0.02476	0.02173	0.01566	0.42224	0.05882	0.16258	0.02287	0.02228	0.01586	0.00992	0.00818	0.00251	0.00864	0.00764	0.04210	0.01366
26	0.06755	0.02131	0.02985	0.03757	0.37000	0.08978	0.04450	0.02491	0.01760	0.02527	0.01396	0.01902	0.01206	0.00929	0.01272	0.00274	0.17928	0.00706	0.00408	0.01145
27	0.18864	0.47282	0.03427	0.01409	0.02071	0.02883	0.01325	0.09960	0.01902	0.02755	0.01259	0.01418	0.01072	0.00760	0.00566	0.00204	0.00837	0.00483	0.00450	0.01072
28	0.01003	0.00758	0.00928	0.01065	0.01181	0.00683	0.00730	0.01167	0.01679	0.02157	0.05699	0.52083	0.22950	0.02457	0.01037	0.00321	0.00464	0.02184	0.00771	0.00683
29	0.01759	0.15449	0.56157	0.02210	0.03352	0.02155	0.02795	0.02607	0.01743	0.02518	0.01435	0.01684	0.01055	0.00776	0.00747	0.00249	0.01171	0.00586	0.00352	0.01201
30	0.02204	0.01880	0.01513	0.01359	0.01690	0.18658	0.01046	0.12453	0.02240	0.03101	0.02185	0.02502	0.01727	0.01271	0.04840	0.00279	0.00882	0.00714	0.38526	0.00929
31	0.00982	0.00842	0.00842	0.00842	0.01122	0.00701	0.00631	0.01192	0.01894	0.02244	0.08416	0.07995	0.65285	0.02104	0.00982	0.00281	0.00421	0.01753	0.00771	0.00701
32	0.02221	0.71304	0.04353	0.01421	0.02132	0.03287	0.01421	0.02488	0.01688	0.01955	0.01155	0.01333	0.01066	0.00711	0.00533	0.00178	0.00888	0.00444	0.00355	0.01066
33	0.09715	0.02798	0.24644	0.03233	0.17632	0.01990	0.22802	0.02603	0.01819	0.02775	0.01536	0.01944	0.01166	0.00746	0.00832	0.00265	0.01170	0.00749	0.00405	0.01177
34	0.01012	0.00723	0.00964	0.01157	0.01205	0.00675	0.00771	0.01157	0.01591	0.02121	0.04579	0.70262	0.05495	0.02603	0.01060	0.00337	0.00482	0.02362	0.00771	0.00675
35	0.03103	0.03959	0.02354	0.02140	0.02568	0.67469	0.01605	0.03317	0.02354	0.02033	0.01284	0.01498	0.01070	0.00856	0.00749	0.00214	0.01498	0.00535	0.00428	0.00963
36	0.02668	0.37171	0.03340	0.01786	0.02353	0.35818	0.01515	0.02908	0.02026	0.01994	0.01220	0.01417	0.01068	0.00784	0.00643	0.00196	0.01197	0.00490	0.00392	0.01014
37	0.01077	0.00801	0.01114	0.01403	0.05221	0.00756	0.00882	0.01244	0.01609	0.02158	0.04391	0.66010	0.05234	0.02487	0.01046	0.00332	0.00513	0.02261	0.00749	0.00715
38	0.01187	0.00890	0.01335	0.01335	0.01483	0.01038	0.01038	0.01483	0.01335	0.01928	0.02225	0.03264	0.02077	0.06231	0.67512	0.01335	0.02225	0.00890	0.00445	0.00742
39	0.01012	0.00723	0.00964	0.01157	0.01205	0.00675	0.00771	0.01157	0.01591	0.02121	0.04579	0.70262	0.05495	0.02603	0.01060	0.00337	0.00482	0.02362	0.00771	0.00675
40	0.01861	0.01774	0.03019	0.30642	0.41606	0.01922	0.02452	0.02378	0.01799	0.02477	0.01528	0.02120	0.01232	0.00776	0.00826	0.00259	0.01035	0.00739	0.00394	0.01158
41	0.02032	0.01949	0.03328	0.08272	0.62639	0.01967	0.02537	0.02528	0.01880	0.02685	0.01558	0.02064	0.01306	0.00745	0.00823	0.00248	0.00993	0.00740	0.00409	0.01296
42	0.01910	0.01779	0.02928	0.15070	0.46198	0.01842	0.02273	0.04900	0.01921	0.02666	0.02057	0.06546	0.04381	0.00941	0.00846	0.00259	0.00948	0.00885	0.00460	0.01188
43	0.01187	0.00890	0.01335	0.01335	0.01483	0.01038	0.01038	0.01483	0.01335	0.01928	0.02225	0.03264	0.02077	0.06231	0.67512	0.01335	0.02225	0.00890	0.00445	0.00742
44	0.01946	0.01705	0.01901	0.01456	0.02061	0.04657	0.01166	0.09632	0.01971	0.02887	0.01629	0.04812	0.01421	0.00851	0.00890	0.00178	0.07887	0.00634	0.00530	0.51786
45	0.05273	0.43033	0.10235	0.01706	0.02316	0.09388	0.01657	0.02502	0.01681	0.02114	0.01192	0.01475	0.01062	0.00860	0.00947	0.00225	0.12406	0.00519	0.00370	0.01040

[dist]
# distance from previous block
# <min> <max>
0	1

[block]
# block no. 2 follows, 22 sequences, length 46
# corresponding to MSA columns:
# 124-169
name=unknown_C
#
# <colnr> <probs for GDERKNQSTAVLIFYWHMCP>
#	G	D	E	R	K	N	Q	S	T	A	V	L	I	F	Y	W	H	M	C	P
0	0.02349	0.08438	0.02738	0.02504	0.16375	0.02251	0.01719	0.22956	0.02425	0.03380	0.01576	0.01870	0.01272	0.00926	0.01090	0.00240	0.12613	0.00670	0.00555	0.14052
1	0.09324	0.41183	0.07498	0.01715	0.02376	0.18733	0.04122	0.02703	0.01841	0.02211	0.01230	0.01440	0.01059	0.00756	0.00619	0.00204	0.01058	0.00500	0.00390	0.01038
2	0.01027	0.00765	0.00962	0.01111	0.01221	0.00699	0.00778	0.01202	0.01679	0.02172	0.05420	0.52386	0.18736	0.02471	0.01049	0.00328	0.00487	0.06050	0.00771	0.00687
3	0.01932	0.06371	0.07424	0.18846	0.44210	0.02025	0.02459	0.02456	0.01818	0.02529	0.01513	0.02026	0.01236	0.00762	0.00804	0.00250	0.01023	0.00713	0.00394	0.01207
4	0.01549	0.00774	0.00774	0.00774	0.00968	0.00774	0.00581	0.01936	0.01742	0.03097	0.02710	0.03097	0.02129	0.00968	0.00581	0.00194	0.00387	0.00774	0.75416	0.00774
5	0.01187	0.00890	0.01335	0.01335	0.01483	0.01038	0.01038	0.01483	0.01335	0.01928	0.02225	0.03264	0.02077	0.06231	0.67512	0.01335	0.02225	0.00890	0.00445	0.00742
6	0.02306	0.01904	0.02013	0.01739	0.02251	0.02178	0.01373	0.17233	0.50913	0.03861	0.03077	0.02857	0.02290	0.01099	0.00842	0.00275	0.00714	0.00897	0.00842	0.01336
7	0.01549	0.00774	0.00774	0.00774	0.00968	0.00774	0.00581	0.01936	0.01742	0.03097	0.02710	0.03097	0.02129	0.00968	0.00581	0.00194	0.00387	0.00774	0.75416	0.00774
8	0.01190	0.00879	0.01280	0.01280	0.01409	0.01008	0.00969	0.01448	0.01319	0.01887	0.02276	0.03544	0.02199	0.14567	0.59342	0.01267	0.02042	0.00931	0.00453	0.00711
9	0.02221	0.71304	0.04353	0.01421	0.02132	0.03287	0.01421	0.02488	0.01688	0.01955	0.01155	0.01333	0.01066	0.00711	0.00533	0.00178	0.00888	0.00444	0.00355	0.01066
10	0.03727	0.01414	0.01928	0.01478	0.02121	0.01221	0.01221	0.04049	0.02378	0.66198	0.03277	0.02828	0.02056	0.01028	0.00835	0.00257	0.00707	0.00835	0.01028	0.01414
11	0.01085	0.00775	0.01047	0.01240	0.01320	0.00737	0.00897	0.01282	0.01662	0.02202	0.04539	0.56729	0.05336	0.02534	0.01080	0.00347	0.00545	0.15178	0.00770	0.00695
12	0.03017	0.05873	0.02240	0.01857	0.02333	0.41324	0.01440	0.08355	0.02432	0.13661	0.04578	0.02055	0.01624	0.00935	0.00764	0.00224	0.01179	0.00657	0.04385	0.01067
13	0.22180	0.05768	0.16209	0.01979	0.05661	0.24440	0.01745	0.05219	0.01986	0.02830	0.03940	0.01749	0.01323	0.00847	0.00703	0.00240	0.01093	0.00585	0.00467	0.01037
14	0.02907	0.18925	0.02798	0.01980	0.02471	0.53207	0.01564	0.03133	0.02206	0.02016	0.01255	0.01461	0.01069	0.00824	0.00701	0.00206	0.01363	0.00515	0.00412	0.00986
15	0.03158	0.02327	0.02493	0.01911	0.02576	0.02576	0.01579	0.62852	0.03906	0.05236	0.01995	0.01995	0.01413	0.00997	0.00831	0.00249	0.00914	0.00748	0.00831	0.01413
16	0.02056	0.01974	0.03372	0.05099	0.65622	0.01974	0.02550	0.02550	0.01892	0.02714	0.01563	0.02056	0.01316	0.00740	0.00822	0.00247	0.00987	0.00740	0.00411	0.01316
17	0.03103	0.03959	0.02354	0.02140	0.02568	0.67469	0.01605	0.03317	0.02354	0.02033	0.01284	0.01498	0.01070	0.00856	0.00749	0.00214	0.01498	0.00535	0.00428	0.00963
18	0.02031	0.01948	0.03326	0.08394	0.62524	0.01967	0.02537	0.02527	0.01880	0.02683	0.01558	0.02064	0.01305	0.00745	0.00823	0.00248	0.00993	0.00740	0.00409	0.01296
19	0.01569	0.01477	0.02492	0.68808	0.05722	0.01846	0.02307	0.02123	0.01661	0.02123	0.01477	0.02215	0.01107	0.00831	0.00831	0.00277	0.01107	0.00738	0.00369	0.00923
20	0.03103	0.03959	0.02354	0.02140	0.02568	0.67469	0.01605	0.03317	0.02354	0.02033	0.01284	0.01498	0.01070	0.00856	0.00749	0.00214	0.01498	0.00535	0.00428	0.00963
21	0.03103	0.03959	0.02354	0.02140	0.02568	0.67469	0.01605	0.03317	0.02354	0.02033	0.01284	0.01498	0.01070	0.00856	0.00749	0.00214	0.01498	0.00535	0.00428	0.00963
22	0.00982	0.00842	0.00842	0.00842	0.01122	0.00701	0.00631	0.01192	0.01894	0.02244	0.08416	0.07995	0.65285	0.02104	0.00982	0.00281	0.00421	0.01753	0.00771	0.00701
23	0.03080	0.02252	0.02410	0.01856	0.02498	0.02489	0.01531	0.59895	0.03801	0.05132	0.02029	0.02048	0.01448	0.00996	0.00819	0.00247	0.00889	0.00749	0.04452	0.01382
24	0.01098	0.00821	0.01020	0.01024	0.01207	0.00742	0.00747	0.01397	0.02089	0.02833	0.39737	0.20164	0.20110	0.01980	0.00997	0.00282	0.00417	0.01740	0.00852	0.00742
25	0.01012	0.00723	0.00964	0.01157	0.01205	0.00675	0.00771	0.01157	0.01591	0.02121	0.04579	0.70262	0.05495	0.02603	0.01060	0.00337	0.00482	0.02362	0.00771	0.00675
26	0.01062	0.00762	0.01009	0.01122	0.01216	0.00708	0.00775	0.01283	0.01824	0.02493	0.23202	0.50579	0.06215	0.02325	0.01036	0.00314	0.00454	0.02098	0.00815	0.00708
27	0.02056	0.01974	0.03372	0.05099	0.65622	0.01974	0.02550	0.02550	0.01892	0.02714	0.01563	0.02056	0.01316	0.00740	0.00822	0.00247	0.00987	0.00740	0.00411	0.01316
28	0.03158	0.02327	0.02493	0.01911	0.02576	0.02576	0.01579	0.62852	0.03906	0.05236	0.01995	0.01995	0.01413	0.00997	0.00831	0.00249	0.00914	0.00748	0.00831	0.01413
29	0.03103	0.03959	0.02354	0.02140	0.02568	0.67469	0.01605	0.03317	0.02354	0.02033	0.01284	0.01498	0.01070	0.00856	0.00749	0.00214	0.01498	0.00535	0.00428	0.00963
30	0.02566	0.39516	0.06609	0.01772	0.02389	0.30329	0.01581	0.02845	0.01973	0.02021	0.01226	0.01424	0.01067	0.00776	0.00637	0.00197	0.01163	0.00491	0.00386	0.01031
31	0.03102	0.02198	0.02444	0.01892	0.02500	0.02444	0.01565	0.52221	0.03543	0.10778	0.02042	0.02059	0.01448	0.01038	0.00988	0.00259	0.06542	0.00755	0.00811	0.01371
32	0.01187	0.00890	0.01335	0.01335	0.01483	0.01038	0.01038	0.01483	0.01335	0.01928	0.02225	0.03264	0.02077	0.06231	0.67512	0.01335	0.02225	0.00890	0.00445	0.00742
33	0.01176	0.00849	0.01110	0.01045	0.01241	0.00784	0.00784	0.01568	0.02352	0.03331	0.65184	0.06206	0.07839	0.01698	0.00980	0.00261	0.00392	0.01502	0.00914	0.00784
34	0.01012	0.00723	0.00964	0.01157	0.01205	0.00675	0.00771	0.01157	0.01591	0.02121	0.04579	0.70262	0.05495	0.02603	0.01060	0.00337	0.00482	0.02362	0.00771	0.00675
35	0.00982	0.00842	0.00842	0.00842	0.01122	0.00701	0.00631	0.01192	0.01894	0.02244	0.08416	0.07995	0.65285	0.02104	0.00982	0.00281	0.00421	0.01753	0.00771	0.00701
36	0.02221	0.71304	0.04353	0.01421	0.02132	0.03287	0.01421	0.02488	0.01688	0.01955	0.01155	0.01333	0.01066	0.00711	0.00533	0.00178	0.00888	0.00444	0.00355	0.01066
37	0.01176	0.00849	0.01110	0.01045	0.01241	0.00784	0.00784	0.01568	0.02352	0.03331	0.65184	0.06206	0.07839	0.01698	0.00980	0.00261	0.00392	0.01502	0.00914	0.00784
38	0.76672	0.01607	0.01221	0.01092	0.01607	0.01864	0.00900	0.02442	0.01414	0.03727	0.01157	0.01350	0.00900	0.00771	0.00514	0.00257	0.00643	0.00450	0.00514	0.00900
39	0.02056	0.01974	0.03372	0.05099	0.65622	0.01974	0.02550	0.02550	0.01892	0.02714	0.01563	0.02056	0.01316	0.00740	0.00822	0.00247	0.00987	0.00740	0.00411	0.01316
40	0.02066	0.01785	0.01878	0.01691	0.02160	0.02066	0.01315	0.04414	0.64121	0.03475	0.03381	0.03099	0.02536	0.01127	0.00845	0.00282	0.00657	0.00939	0.00845	0.01315
41	0.01208	0.00805	0.00906	0.00906	0.00906	0.00805	0.00503	0.01208	0.01208	0.01611	0.02618	0.05436	0.03020	0.70804	0.04228	0.00805	0.00805	0.01208	0.00503	0.00503
42	0.01569	0.01477	0.02492	0.68808	0.05722	0.01846	0.02307	0.02123	0.01661	0.02123	0.01477	0.02215	0.01107	0.00831	0.00831	0.00277	0.01107	0.00738	0.00369	0.00923
43	0.02099	0.56606	0.17985	0.01629	0.02453	0.02989	0.01783	0.02519	0.01702	0.02103	0.01229	0.01425	0.01063	0.00728	0.00589	0.00196	0.00963	0.00481	0.00354	0.01102
44	0.03151	0.02538	0.02475	0.01941	0.02575	0.10954	0.01582	0.55166	0.03706	0.04822	0.01903	0.01930	0.01369	0.00979	0.00820	0.00245	0.00990	0.00720	0.00779	0.01355
45	0.01041	0.00805	0.00958	0.01066	0.01235	0.00723	0.00783	0.01245	0.01766	0.02222	0.06250	0.34904	0.31806	0.02343	0.01037	0.00318	0.00491	0.09538	0.00770	0.00698

[dist]
# distance from previous block
# <min> <max>
0	16

[block]
# block no. 3 follows, 22 sequences, length 91
# corresponding to MSA columns:
# 186-276
name=unknown_D
#
# <colnr> <probs for GDERKNQSTAVLIFYWHMCP>
#	G	D	E	R	K	N	Q	S	T	A	V	L	I	F	Y	W	H	M	C	P
0	0.01176	0.00849	0.01110	0.01045	0.01241	0.00784	0.00784	0.01568	0.02352	0.03331	0.65184	0.06206	0.07839	0.01698	0.00980	0.00261	0.00392	0.01502	0.00914	0.00784
1	0.01012	0.00723	0.00964	0.01157	0.01205	0.00675	0.00771	0.01157	0.01591	0.02121	0.04579	0.70262	0.05495	0.02603	0.01060	0.00337	0.00482	0.02362	0.00771	0.00675
2	0.00982	0.00842	0.00842	0.00842	0.01122	0.00701	0.00631	0.01192	0.01894	0.02244	0.08416	0.07995	0.65285	0.02104	0.00982	0.00281	0.00421	0.01753	0.00771	0.00701
3	0.03032	0.02264	0.02422	0.01886	0.02528	0.02518	0.01549	0.56124	0.10839	0.05033	0.02154	0.02122	0.01542	0.01012	0.00833	0.00253	0.00885	0.00770	0.00833	0.01402
4	0.01818	0.01818	0.02545	0.02181	0.02181	0.02545	0.01818	0.01999	0.01272	0.01999	0.01091	0.01818	0.01091	0.01454	0.02726	0.00364	0.69284	0.00727	0.00364	0.00909
5	0.08420	0.02275	0.02402	0.01853	0.02507	0.02525	0.01530	0.58528	0.03728	0.05128	0.01935	0.01948	0.01376	0.00981	0.00808	0.00250	0.00895	0.00727	0.00808	0.01376
6	0.01818	0.01818	0.02545	0.02181	0.02181	0.02545	0.01818	0.01999	0.01272	0.01999	0.01091	0.01818	0.01091	0.01454	0.02726	0.00364	0.69284	0.00727	0.00364	0.00909
7	0.02066	0.01785	0.01878	0.01691	0.02160	0.02066	0.01315	0.04414	0.64121	0.03475	0.03381	0.03099	0.02536	0.01127	0.00845	0.00282	0.00657	0.00939	0.00845	0.01315
8	0.02221	0.71304	0.04353	0.01421	0.02132	0.03287	0.01421	0.02488	0.01688	0.01955	0.01155	0.01333	0.01066	0.00711	0.00533	0.00178	0.00888	0.00444	0.00355	0.01066
9	0.03727	0.01414	0.01928	0.01478	0.02121	0.01221	0.01221	0.04049	0.02378	0.66198	0.03277	0.02828	0.02056	0.01028	0.00835	0.00257	0.00707	0.00835	0.01028	0.01414
10	0.01108	0.00791	0.01074	0.01266	0.01356	0.00757	0.00937	0.01322	0.01685	0.02228	0.04526	0.52436	0.05286	0.02513	0.01086	0.00351	0.00565	0.19245	0.00769	0.00701
11	0.03103	0.03959	0.02354	0.02140	0.02568	0.67469	0.01605	0.03317	0.02354	0.02033	0.01284	0.01498	0.01070	0.00856	0.00749	0.00214	0.01498	0.00535	0.00428	0.00963
12	0.76672	0.01607	0.01221	0.01092	0.01607	0.01864	0.00900	0.02442	0.01414	0.03727	0.01157	0.01350	0.00900	0.00771	0.00514	0.00257	0.00643	0.00450	0.00514	0.00900
13	0.00982	0.00842	0.00842	0.00842	0.01122	0.00701	0.00631	0.01192	0.01894	0.02244	0.08416	0.07995	0.65285	0.02104	0.00982	0.00281	0.00421	0.01753	0.00771	0.00701
14	0.02221	0.71304	0.04353	0.01421	0.02132	0.03287	0.01421	0.02488	0.01688	0.01955	0.01155	0.01333	0.01066	0.00711	0.00533	0.00178	0.00888	0.00444	0.00355	0.01066
15	0.02221	0.71304	0.04353	0.01421	0.02132	0.03287	0.01421	0.02488	0.01688	0.01955	0.01155	0.01333	0.01066	0.00711	0.00533	0.00178	0.00888	0.00444	0.00355	0.01066
16	0.01012	0.00723	0.00964	0.01157	0.01205	0.00675	0.00771	0.01157	0.01591	0.02121	0.04579	0.70262	0.05495	0.02603	0.01060	0.00337	0.00482	0.02362	0.00771	0.00675
17	0.01569	0.01477	0.02492	0.68808	0.05722	0.01846	0.02307	0.02123	0.01661	0.02123	0.01477	0.02215	0.01107	0.00831	0.00831	0.00277	0.01107	0.00738	0.00369	0.00923
18	0.02221	0.71304	0.04353	0.01421	0.02132	0.03287	0.01421	0.02488	0.01688	0.01955	0.01155	0.01333	0.01066	0.00711	0.00533	0.00178	0.00888	0.00444	0.00355	0.01066
19	0.01010	0.00731	0.00955	0.01134	0.01199	0.00677	0.00761	0.01159	0.01612	0.02130	0.04853	0.65805	0.09774	0.02567	0.01055	0.00333	0.00478	0.02318	0.00771	0.00677
20	0.01961	0.02241	0.04902	0.03501	0.04342	0.02101	0.62605	0.02661	0.01961	0.02661	0.01681	0.02241	0.01261	0.00700	0.00980	0.00280	0.01401	0.00980	0.00420	0.01120
21	0.01742	0.13393	0.58064	0.02239	0.03397	0.02114	0.02846	0.02611	0.01745	0.02539	0.01445	0.01697	0.01054	0.00779	0.00754	0.00251	0.01182	0.00591	0.00351	0.01206
22	0.01211	0.00853	0.01150	0.01150	0.01245	0.00940	0.00818	0.01402	0.01307	0.01864	0.02394	0.04065	0.02430	0.30020	0.40882	0.01085	0.01612	0.01003	0.03915	0.00655
23	0.02696	0.07143	0.18830	0.02165	0.02811	0.47778	0.01971	0.03104	0.02170	0.02182	0.01331	0.01556	0.01065	0.00832	0.00749	0.00225	0.01401	0.00551	0.00405	0.01035
24	0.01932	0.01847	0.03147	0.21371	0.50323	0.01941	0.02488	0.02440	0.01833	0.02563	0.01541	0.02097	0.01263	0.00763	0.00825	0.00254	0.01018	0.00740	0.00400	0.01216
25	0.01250	0.00974	0.01149	0.01083	0.01337	0.00938	0.00819	0.01863	0.10625	0.03087	0.43003	0.06219	0.21075	0.01719	0.00962	0.00269	0.00435	0.01487	0.00870	0.00836
26	0.02474	0.01933	0.02844	0.02661	0.14108	0.01998	0.13017	0.21019	0.09408	0.10626	0.02319	0.02797	0.01809	0.01230	0.03857	0.00316	0.01015	0.04631	0.00681	0.01259
27	0.01683	0.01671	0.01804	0.01891	0.07853	0.14015	0.01334	0.01964	0.01625	0.02057	0.02393	0.03067	0.07072	0.03849	0.36238	0.00830	0.08476	0.00865	0.00458	0.00852
28	0.34791	0.33039	0.10136	0.01386	0.02070	0.02507	0.01382	0.02484	0.01575	0.02809	0.01194	0.01389	0.00992	0.00746	0.00554	0.00222	0.00820	0.00466	0.00424	0.01012
29	0.02221	0.71304	0.04353	0.01421	0.02132	0.03287	0.01421	0.02488	0.01688	0.01955	0.01155	0.01333	0.01066	0.00711	0.00533	0.00178	0.00888	0.00444	0.00355	0.01066
30	0.01571	0.01183	0.01343	0.01208	0.01521	0.01173	0.00928	0.16041	0.02487	0.03308	0.25466	0.14412	0.22580	0.01771	0.00956	0.00274	0.00537	0.01511	0.00834	0.00895
31	0.01206	0.00879	0.01282	0.01282	0.01423	0.01011	0.00984	0.01490	0.01348	0.01968	0.02273	0.03384	0.02135	0.09790	0.60413	0.01247	0.02049	0.00903	0.04204	0.00729
32	0.01187	0.00890	0.01335	0.01335	0.01483	0.01038	0.01038	0.01483	0.01335	0.01928	0.02225	0.03264	0.02077	0.06231	0.67512	0.01335	0.02225	0.00890	0.00445	0.00742
33	0.01187	0.00890	0.01335	0.01335	0.01483	0.01038	0.01038	0.01483	0.01335	0.01928	0.02225	0.03264	0.02077	0.06231	0.67512	0.01335	0.02225	0.00890	0.00445	0.00742
34	0.02011	0.01802	0.02342	0.09754	0.19444	0.02018	0.01750	0.03673	0.40886	0.03128	0.02694	0.02727	0.02059	0.00992	0.00838	0.00272	0.00793	0.00865	0.00679	0.01273
35	0.01933	0.01542	0.01740	0.01307	0.01959	0.01342	0.01046	0.11061	0.05737	0.03164	0.01800	0.01995	0.01433	0.00740	0.00656	0.00159	0.00636	0.00587	0.08787	0.52377
36	0.02033	0.02111	0.07109	0.04937	0.61950	0.01971	0.02580	0.02554	0.01883	0.02709	0.01558	0.02038	0.01300	0.00743	0.00820	0.00248	0.01001	0.00733	0.00408	0.01311
37	0.02487	0.02571	0.02964	0.03946	0.41854	0.22713	0.02171	0.02882	0.02067	0.06256	0.01576	0.01925	0.01282	0.00794	0.00800	0.00237	0.01133	0.00681	0.00453	0.01210
38	0.01451	0.01237	0.01404	0.01102	0.01661	0.00957	0.00861	0.01759	0.01772	0.02531	0.03854	0.06895	0.22057	0.01186	0.00754	0.00184	0.00546	0.00984	0.00595	0.48210
39	0.00991	0.00840	0.00844	0.00844	0.01113	0.00706	0.00626	0.01193	0.01865	0.02218	0.08178	0.07890	0.62728	0.04925	0.01115	0.00302	0.00437	0.01731	0.00760	0.00693
40	0.02273	0.67317	0.04235	0.01464	0.02158	0.07087	0.01432	0.02537	0.01727	0.01959	0.01163	0.01342	0.01066	0.00719	0.00546	0.00180	0.00925	0.00450	0.00360	0.01060
41	0.01093	0.00846	0.00995	0.00958	0.01190	0.00748	0.00718	0.01407	0.02155	0.02865	0.40847	0.06973	0.32466	0.01872	0.00981	0.00270	0.00404	0.01610	0.00853	0.00748
42	0.01187	0.00890	0.01335	0.01335	0.01483	0.01038	0.01038	0.01483	0.01335	0.01928	0.02225	0.03264	0.02077	0.06231	0.67512	0.01335	0.02225	0.00890	0.00445	0.00742
43	0.01088	0.00782	0.01032	0.01105	0.01222	0.00726	0.00777	0.01348	0.01945	0.02685	0.32832	0.40399	0.06587	0.02181	0.01023	0.00302	0.00440	0.01961	0.00838	0.00726
44	0.03103	0.03959	0.02354	0.02140	0.02568	0.67469	0.01605	0.03317	0.02354	0.02033	0.01284	0.01498	0.01070	0.00856	0.00749	0.00214	0.01498	0.00535	0.00428	0.00963
45	0.06976	0.23499	0.21786	0.01789	0.02610	0.05529	0.01873	0.10662	0.02125	0.13278	0.01719	0.01799	0.01260	0.00834	0.00707	0.00232	0.00977	0.00603	0.00540	0.01201
46	0.01167	0.00849	0.01098	0.01036	0.01236	0.00780	0.00777	0.01551	0.02331	0.03283	0.62649	0.06285	0.10403	0.01716	0.00980	0.00262	0.00393	0.01514	0.00908	0.00780
47	0.03033	0.02265	0.02423	0.01886	0.02529	0.02518	0.01549	0.56176	0.10786	0.05034	0.02153	0.02121	0.01541	0.01012	0.00833	0.00253	0.00885	0.00770	0.00833	0.01402
48	0.01187	0.00890	0.01335	0.01335	0.01483	0.01038	0.01038	0.01483	0.01335	0.01928	0.02225	0.03264	0.02077	0.06231	0.67512	0.01335	0.02225	0.00890	0.00445	0.00742
49	0.01924	0.38391	0.31147	0.01827	0.02732	0.02575	0.02115	0.02495	0.01697	0.02246	0.01359	0.01621	0.01115	0.01046	0.04303	0.00278	0.01109	0.00542	0.00358	0.01119
50	0.01569	0.01477	0.02492	0.68808	0.05722	0.01846	0.02307	0.02123	0.01661	0.02123	0.01477	0.02215	0.01107	0.00831	0.00831	0.00277	0.01107	0.00738	0.00369	0.00923
51	0.01024	0.00732	0.00974	0.01149	0.01208	0.00683	0.00772	0.01186	0.01645	0.02207	0.08917	0.65677	0.05662	0.02538	0.01055	0.00332	0.00476	0.02300	0.00781	0.00683
52	0.01520	0.01401	0.02332	0.56145	0.08381	0.01694	0.02112	0.02015	0.01664	0.02155	0.01902	0.11443	0.01714	0.01066	0.00861	0.00283	0.01016	0.00959	0.00426	0.00911
53	0.02676	0.03139	0.02453	0.14699	0.06287	0.43150	0.01797	0.06782	0.02224	0.02287	0.01366	0.01714	0.01113	0.00897	0.00915	0.00240	0.06214	0.00611	0.00437	0.00998
54	0.76672	0.01607	0.01221	0.01092	0.01607	0.01864	0.00900	0.02442	0.01414	0.03727	0.01157	0.01350	0.00900	0.00771	0.00514	0.00257	0.00643	0.00450	0.00514	0.00900
55	0.01192	0.00868	0.01226	0.01226	0.01336	0.00979	0.00902	0.01413	0.01303	0.01847	0.02325	0.03819	0.02318	0.22724	0.51349	0.01200	0.01863	0.00971	0.00460	0.00681
56	0.02069	0.36778	0.32061	0.01849	0.02788	0.02546	0.02147	0.02652	0.01762	0.06380	0.01442	0.01617	0.01123	0.00766	0.00667	0.00221	0.01029	0.00545	0.00396	0.01161
57	0.01187	0.00890	0.01335	0.01335	0.01483	0.01038	0.01038	0.01483	0.01335	0.01928	0.02225	0.03264	0.02077	0.06231	0.67512	0.01335	0.02225	0.00890	0.00445	0.00742
58	0.01010	0.00730	0.00957	0.01138	0.01200	0.00676	0.00763	0.01159	0.01609	0.02128	0.04811	0.66494	0.09113	0.02572	0.01056	0.00334	0.00478	0.02325	0.00771	0.00676
59	0.02174	0.01070	0.01430	0.01214	0.01585	0.00955	0.00955	0.02538	0.02362	0.27922	0.40969	0.04884	0.05577	0.01436	0.00923	0.00260	0.00515	0.01241	0.00959	0.01030
60	0.01987	0.01937	0.03340	0.04444	0.49321	0.02007	0.08444	0.02461	0.01828	0.02616	0.01647	0.02374	0.01439	0.00888	0.01072	0.00270	0.08870	0.03410	0.00422	0.01225
61	0.01957	0.02567	0.19496	0.04401	0.49780	0.01962	0.02682	0.02570	0.01856	0.02693	0.01544	0.01979	0.01249	0.00753	0.00814	0.00251	0.01048	0.00708	0.00396	0.01293
62	0.01569	0.01477	0.02492	0.68808	0.05722	0.01846	0.02307	0.02123	0.01661	0.02123	0.01477	0.02215	0.01107	0.00831	0.00831	0.00277	0.01107	0.00738	0.00369	0.00923
63	0.02211	0.01915	0.02407	0.02736	0.21132	0.02108	0.01719	0.11791	0.37400	0.03487	0.02651	0.02638	0.02020	0.00994	0.00837	0.00267	0.00791	0.00854	0.00714	0.01328
64	0.01666	0.04297	0.66500	0.02368	0.03596	0.01929	0.03069	0.02631	0.01754	0.02631	0.01491	0.01754	0.01052	0.00789	0.00789	0.00263	0.01228	0.00614	0.00351	0.01228
65	0.03103	0.03959	0.02354	0.02140	0.02568	0.67469	0.01605	0.03317	0.02354	0.02033	0.01284	0.01498	0.01070	0.00856	0.00749	0.00214	0.01498	0.00535	0.00428	0.00963
66	0.01132	0.01004	0.01263	0.18201	0.02297	0.00994	0.01059	0.01430	0.01834	0.02213	0.06643	0.06519	0.48893	0.01779	0.00943	0.00280	0.00596	0.01494	0.00669	0.00758
67	0.01208	0.00805	0.00906	0.00906	0.00906	0.00805	0.00503	0.01208	0.01208	0.01611	0.02618	0.05436	0.03020	0.70804	0.04228	0.00805	0.00805	0.01208	0.00503	0.00503
68	0.01364	0.00947	0.01308	0.01268	0.01422	0.01053	0.00948	0.03901	0.01446	0.04422	0.02343	0.03679	0.02259	0.20124	0.48390	0.01135	0.01803	0.00953	0.00495	0.00740
69	0.03080	0.02288	0.02449	0.01896	0.02546	0.02540	0.01560	0.58669	0.08216	0.05110	0.02094	0.02074	0.01493	0.01007	0.00832	0.00252	0.00896	0.00762	0.00832	0.01406
70	0.02056	0.01974	0.03372	0.05099	0.65622	0.01974	0.02550	0.02550	0.01892	0.02714	0.01563	0.02056	0.01316	0.00740	0.00822	0.00247	0.00987	0.00740	0.00411	0.01316
71	0.01031	0.00844	0.00910	0.00894	0.01152	0.00722	0.00670	0.01288	0.02011	0.02522	0.22915	0.07538	0.50612	0.02000	0.00981	0.00276	0.00413	0.01689	0.00808	0.00722
72	0.03455	0.01422	0.01900	0.01444	0.02100	0.01206	0.01189	0.03783	0.02289	0.57579	0.03033	0.02678	0.01944	0.00972	0.00806	0.00239	0.00694	0.00789	0.00955	0.11522
73	0.03727	0.01414	0.01928	0.01478	0.02121	0.01221	0.01221	0.04049	0.02378	0.66198	0.03277	0.02828	0.02056	0.01028	0.00835	0.00257	0.00707	0.00835	0.01028	0.01414
74	0.01012	0.00723	0.00964	0.01157	0.01205	0.00675	0.00771	0.01157	0.01591	0.02121	0.04579	0.70262	0.05495	0.02603	0.01060	0.00337	0.00482	0.02362	0.00771	0.00675
75	0.03103	0.03959	0.02354	0.02140	0.02568	0.67469	0.01605	0.03317	0.02354	0.02033	0.01284	0.01498	0.01070	0.00856	0.00749	0.00214	0.01498	0.00535	0.00428	0.00963
76	0.01069	0.00780	0.00914	0.00996	0.01086	0.00724	0.00649	0.01182	0.01541	0.01985	0.04899	0.33467	0.19662	0.24779	0.02077	0.00476	0.00572	0.01832	0.00684	0.00625
77	0.01299	0.01061	0.01515	0.01428	0.01510	0.01188	0.04573	0.01455	0.01406	0.01950	0.02887	0.25921	0.03276	0.23877	0.09701	0.00595	0.13649	0.01454	0.00555	0.00699
78	0.01100	0.00846	0.01005	0.00966	0.01195	0.00752	0.00724	0.01421	0.02172	0.02906	0.42979	0.06905	0.30309	0.01857	0.00981	0.00269	0.00403	0.01601	0.00859	0.00752
79	0.00997	0.00780	0.00905	0.01004	0.01165	0.00688	0.00703	0.01174	0.01737	0.02181	0.06437	0.40101	0.34456	0.02361	0.01022	0.00310	0.00452	0.02067	0.00771	0.00688
80	0.02040	0.02004	0.03198	0.13888	0.54061	0.05237	0.02468	0.02528	0.01882	0.02597	0.01537	0.02050	0.01274	0.00759	0.00820	0.00249	0.01029	0.00730	0.00406	0.01243
81	0.02221	0.71304	0.04353	0.01421	0.02132	0.03287	0.01421	0.02488	0.01688	0.01955	0.01155	0.01333	0.01066	0.00711	0.00533	0.00178	0.00888	0.00444	0.00355	0.01066
82	0.01546	0.05816	0.43653	0.02115	0.06587	0.01674	0.02362	0.02274	0.01820	0.02571	0.06352	0.03252	0.14336	0.01097	0.00831	0.00262	0.00993	0.00892	0.00470	0.01097
83	0.01988	0.01904	0.03249	0.14036	0.57220	0.01956	0.02516	0.02490	0.01859	0.02631	0.01551	0.02078	0.01287	0.00753	0.00824	0.00251	0.01004	0.00740	0.00405	0.01261
84	0.01187	0.00890	0.01335	0.01335	0.01483	0.01038	0.01038	0.01483	0.01335	0.01928	0.02225	0.03264	0.02077	0.06231	0.67512	0.01335	0.02225	0.00890	0.00445	0.00742
85	0.03103	0.03959	0.02354	0.02140	0.02568	0.67469	0.01605	0.03317	0.02354	0.02033	0.01284	0.01498	0.01070	0.00856	0.00749	0.00214	0.01498	0.00535	0.00428	0.00963
86	0.02188	0.02175	0.02957	0.04087	0.46239	0.11444	0.02190	0.06209	0.02076	0.02760	0.04768	0.02238	0.01650	0.01091	0.04105	0.00296	0.01088	0.00756	0.00466	0.01215
87	0.01000	0.00770	0.00915	0.01032	0.01172	0.00685	0.00716	0.01171	0.01711	0.02170	0.06100	0.45577	0.29198	0.02405	0.01029	0.00315	0.00458	0.02120	0.00771	0.00685
88	0.01023	0.00823	0.00917	0.00968	0.01186	0.00717	0.00717	0.01241	0.01855	0.02298	0.10736	0.21883	0.44572	0.02203	0.01010	0.00299	0.00455	0.05613	0.00780	0.00704
89	0.01833	0.01812	0.06719	0.06051	0.02270	0.05724	0.01517	0.13185	0.01989	0.02690	0.02446	0.22355	0.02531	0.01928	0.06129	0.00382	0.17700	0.01210	0.00581	0.00949
90	0.07337	0.04075	0.57529	0.02258	0.03382	0.06129	0.02814	0.02661	0.01767	0.02674	0.01453	0.01707	0.01042	0.00792	0.00766	0.00259	0.01202	0.00597	0.00368	0.01186

[dist]
# distance from previous block
# <min> <max>
0	1

[block]
# block no. 4 follows, 22 sequences, length 8
# corresponding to MSA columns:
# 278-285
name=unknown_E
#
# <colnr> <probs for GDERKNQSTAVLIFYWHMCP>
#	G	D	E	R	K	N	Q	S	T	A	V	L	I	F	Y	W	H	M	C	P
0	0.02339	0.02410	0.06048	0.03372	0.31181	0.12410	0.02045	0.10460	0.15494	0.03074	0.01956	0.02168	0.01536	0.00875	0.00815	0.00250	0.01001	0.00745	0.00555	0.01267
1	0.02186	0.02392	0.10027	0.02182	0.08627	0.13559	0.01716	0.03288	0.23765	0.06292	0.06048	0.02846	0.02211	0.01106	0.01019	0.00273	0.07462	0.03213	0.00632	0.01155
2	0.01915	0.01433	0.01470	0.01418	0.01688	0.09199	0.01044	0.06367	0.07686	0.11844	0.07026	0.37739	0.04033	0.01866	0.00950	0.00295	0.00680	0.01629	0.00785	0.00932
3	0.02662	0.22289	0.06784	0.02236	0.10004	0.19091	0.01743	0.20092	0.02523	0.03048	0.01497	0.01675	0.01196	0.00838	0.00723	0.00221	0.01081	0.00600	0.00517	0.01179
4	0.01860	0.18104	0.38563	0.02528	0.07079	0.02252	0.13257	0.02601	0.01785	0.02497	0.01457	0.01768	0.01108	0.00754	0.00770	0.00247	0.01172	0.00650	0.00368	0.01179
5	0.01248	0.01201	0.01051	0.01062	0.01315	0.08875	0.00778	0.01446	0.01891	0.02194	0.06798	0.19271	0.45827	0.02048	0.00969	0.00283	0.00565	0.01722	0.00729	0.00728
6	0.01884	0.01798	0.02956	0.04126	0.48178	0.01788	0.05255	0.02469	0.06057	0.02689	0.02758	0.03061	0.11362	0.00976	0.00857	0.00256	0.00898	0.00924	0.00497	0.01210
7	0.02006	0.39987	0.24432	0.02020	0.02915	0.02683	0.10591	0.02558	0.01748	0.02272	0.01337	0.01596	0.01089	0.00735	0.00679	0.00220	0.01070	0.00575	0.00363	0.01126

[dist]
# distance from previous block
# <min> <max>
1	69

[block]
# block no. 5 follows, 22 sequences, length 158
# corresponding to MSA columns:
# 358-515
name=unknown_F
#
# <colnr> <probs for GDERKNQSTAVLIFYWHMCP>
#	G	D	E	R	K	N	Q	S	T	A	V	L	I	F	Y	W	H	M	C	P
0	0.02739	0.30194	0.06305	0.01812	0.02410	0.33251	0.01573	0.03021	0.02065	0.07600	0.01417	0.01561	0.01153	0.00811	0.00674	0.00206	0.01177	0.00529	0.00448	0.01056
1	0.17485	0.25722	0.08821	0.01677	0.05679	0.09164	0.01451	0.02542	0.05474	0.02625	0.05358	0.02346	0.06761	0.00939	0.00672	0.00229	0.00862	0.00681	0.00492	0.01020
2	0.08224	0.24471	0.06130	0.02287	0.15764	0.06143	0.01657	0.07960	0.02015	0.02725	0.04780	0.02803	0.04734	0.01007	0.00741	0.00238	0.00891	0.05836	0.00508	0.01085
3	0.02154	0.37276	0.06533	0.01605	0.02152	0.17062	0.01453	0.02445	0.01776	0.02012	0.01553	0.05160	0.01458	0.01773	0.11917	0.00394	0.01248	0.00644	0.00407	0.00977
4	0.02112	0.35133	0.08235	0.01540	0.02135	0.17409	0.01429	0.02412	0.01891	0.02090	0.02774	0.02838	0.14879	0.01050	0.00700	0.00215	0.00956	0.00761	0.00461	0.00977
5	0.18667	0.14194	0.07728	0.02749	0.22450	0.16303	0.01833	0.02687	0.01842	0.02655	0.01339	0.01635	0.01109	0.00771	0.00688	0.00232	0.01024	0.00572	0.00423	0.01099
6	0.02385	0.02290	0.02450	0.02840	0.22075	0.16056	0.01758	0.03574	0.27729	0.06647	0.02356	0.02413	0.01811	0.00942	0.00817	0.00255	0.00944	0.00784	0.00631	0.01245
7	0.01722	0.00948	0.01014	0.00947	0.01170	0.00977	0.00715	0.08902	0.01907	0.03129	0.02461	0.02894	0.01956	0.01222	0.00959	0.10102	0.00492	0.00764	0.56925	0.00794
8	0.01066	0.00845	0.00959	0.00930	0.01174	0.00737	0.00698	0.01356	0.02093	0.02718	0.33146	0.07215	0.40259	0.01927	0.00981	0.00272	0.00408	0.01644	0.00834	0.00737
9	0.03103	0.03959	0.02354	0.02140	0.02568	0.67469	0.01605	0.03317	0.02354	0.02033	0.01284	0.01498	0.01070	0.00856	0.00749	0.00214	0.01498	0.00535	0.00428	0.00963
