[name]
unknown

[dist]
# distance from previous block
# <min> <max>
0	10

[block]
# block no. 0 follows, 22 sequences, length 99
# corresponding to MSA columns:
# 10-108
name=unknown_A
#
# <colnr> <probs for GDERKNQSTAVLIFYWHMCP>
#	G	D	E	R	K	N	Q	S	T	A	V	L	I	F	Y	W	H	M	C	P
0	0.01339	0.00956	0.01339	0.01530	0.01721	0.00956	0.01339	0.01721	0.01912	0.02486	0.04399	0.09371	0.04781	0.02295	0.01147	0.00382	0.00765	0.60031	0.00765	0.00765
1	0.01012	0.00723	0.00964	0.01157	0.01205	0.00675	0.00771	0.01157	0.01591	0.02121	0.04579	0.70262	0.05495	0.02603	0.01060	0.00337	0.00482	0.02362	0.00771	0.00675
2	0.02533	0.01946	0.02435	0.01964	0.02516	0.02085	0.08202	0.40280	0.03153	0.04214	0.02597	0.07688	0.02316	0.01321	0.00924	0.00285	0.00911	0.12653	0.00769	0.01206
3	0.01844	0.01773	0.03089	0.27170	0.36742	0.01891	0.07173	0.02370	0.01817	0.02492	0.01674	0.02469	0.01400	0.00841	0.00853	0.00266	0.01052	0.03532	0.00414	0.01137
4	0.01549	0.00774	0.00774	0.00774	0.00968	0.00774	0.00581	0.01936	0.01742	0.03097	0.02710	0.03097	0.02129	0.00968	0.00581	0.00194	0.00387	0.00774	0.75416	0.00774
5	0.02818	0.01624	0.01853	0.01475	0.01995	0.01674	0.01200	0.28719	0.02887	0.21416	0.06444	0.02742	0.02156	0.01043	0.00783	0.00239	0.00702	0.00825	0.18180	0.01226
6	0.01964	0.02059	0.03955	0.06866	0.27410	0.02090	0.30449	0.02522	0.01845	0.02584	0.01562	0.02123	0.01256	0.00804	0.01106	0.00276	0.08706	0.00851	0.00408	0.01162
7	0.76672	0.01607	0.01221	0.01092	0.01607	0.01864	0.00900	0.02442	0.01414	0.03727	0.01157	0.01350	0.00900	0.00771	0.00514	0.00257	0.00643	0.00450	0.00514	0.00900
8	0.27006	0.15835	0.10516	0.12842	0.14297	0.02172	0.01797	0.02443	0.01637	0.02799	0.01323	0.01663	0.01061	0.00765	0.00659	0.00243	0.00901	0.00568	0.00420	0.01053
9	0.76672	0.01607	0.01221	0.01092	0.01607	0.01864	0.00900	0.02442	0.01414	0.03727	0.01157	0.01350	0.00900	0.00771	0.00514	0.00257	0.00643	0.00450	0.00514	0.00900
10	0.00982	0.00842	0.00842	0.00842	0.01122	0.00701	0.00631	0.01192	0.01894	0.02244	0.08416	0.07995	0.65285	0.02104	0.00982	0.00281	0.00421	0.01753	0.00771	0.00701
11	0.02056	0.01974	0.03372	0.05099	0.65622	0.01974	0.02550	0.02550	0.01892	0.02714	0.01563	0.02056	0.01316	0.00740	0.00822	0.00247	0.00987	0.00740	0.00411	0.01316
12	0.10142	0.19656	0.40915	0.01992	0.02972	0.06181	0.02357	0.02618	0.01737	0.02557	0.01363	0.01595	0.01040	0.00773	0.00697	0.00239	0.01100	0.00551	0.00374	0.01138
13	0.01122	0.00847	0.01036	0.00988	0.01208	0.00761	0.00741	0.01463	0.02224	0.03028	0.49369	0.06704	0.23843	0.01811	0.00980	0.00267	0.00400	0.01572	0.00875	0.00761
14	0.01012	0.00723	0.00964	0.01157	0.01205	0.00675	0.00771	0.01157	0.01591	0.02121	0.04579	0.70262	0.05495	0.02603	0.01060	0.00337	0.00482	0.02362	0.00771	0.00675
15	0.01347	0.01094	0.01464	0.01387	0.01428	0.01323	0.01022	0.01484	0.01302	0.01854	0.02345	0.11823	0.02571	0.28432	0.18099	0.00750	0.19961	0.01142	0.00484	0.00691
16	0.01786	0.03582	0.47076	0.03208	0.22680	0.01943	0.02909	0.02606	0.01796	0.02656	0.01513	0.01847	0.01133	0.00774	0.00799	0.00258	0.01154	0.00653	0.00369	0.01255
17	0.02119	0.02093	0.03311	0.04921	0.61831	0.05912	0.02493	0.02596	0.01919	0.02673	0.01546	0.02023	0.01301	0.00747	0.00818	0.00245	0.01018	0.00728	0.00412	0.01295
18	0.01795	0.19830	0.52094	0.02148	0.03256	0.02244	0.02687	0.02598	0.01739	0.02474	0.01413	0.01656	0.01056	0.00771	0.00730	0.00243	0.01149	0.00575	0.00352	0.01190
19	0.02221	0.71304	0.04353	0.01421	0.02132	0.03287	0.01421	0.02488	0.01688	0.01955	0.01155	0.01333	0.01066	0.00711	0.00533	0.00178	0.00888	0.00444	0.00355	0.01066
20	0.01957	0.01826	0.02878	0.03112	0.27186	0.01665	0.10827	0.05281	0.01929	0.02825	0.01566	0.01943	0.01277	0.00695	0.00761	0.00201	0.00892	0.00674	0.00466	0.32041
21	0.03158	0.02327	0.02493	0.01911	0.02576	0.02576	0.01579	0.62852	0.03906	0.05236	0.01995	0.01995	0.01413	0.00997	0.00831	0.00249	0.00914	0.00748	0.00831	0.01413
22	0.01246	0.01091	0.01458	0.01876	0.16090	0.00998	0.01101	0.01526	0.01888	0.02406	0.09898	0.13365	0.40337	0.01818	0.00953	0.00278	0.00557	0.01570	0.00697	0.00846
23	0.02017	0.01934	0.03302	0.10159	0.60865	0.01964	0.02530	0.02516	0.01873	0.02667	0.01556	0.02069	0.01299	0.00747	0.00823	0.00249	0.00996	0.00740	0.00408	0.01285
24	0.02056	0.01974	0.03372	0.05099	0.65622	0.01974	0.02550	0.02550	0.01892	0.02714	0.01563	0.02056	0.01316	0.00740	0.00822	0.00247	0.00987	0.00740	0.00411	0.01316
25	0.01003	0.00758	0.00928	0.01064	0.01181	0.00683	0.00730	0.01167	0.01680	0.02157	0.05710	0.51907	0.23120	0.02456	0.01037	0.00321	0.00464	0.02182	0.00771	0.00683
26	0.01333	0.01105	0.01615	0.01531	0.01645	0.01388	0.01219	0.01603	0.01321	0.01945	0.01962	0.02928	0.01848	0.05123	0.52494	0.01110	0.17770	0.00852	0.00426	0.00780
27	0.01875	0.01115	0.01375	0.01226	0.01452	0.01146	0.00882	0.09262	0.01767	0.13255	0.02564	0.04064	0.02440	0.35318	0.17900	0.00766	0.01131	0.01014	0.00620	0.00826
28	0.01012	0.00809	0.00905	0.00952	0.01158	0.00703	0.00687	0.01224	0.01860	0.02330	0.13598	0.25145	0.42302	0.02198	0.01003	0.00294	0.00435	0.01895	0.00787	0.00703
29	0.01061	0.00768	0.01003	0.01107	0.01212	0.00710	0.00768	0.01285	0.01840	0.02501	0.23485	0.47410	0.09166	0.02299	0.01032	0.00311	0.00451	0.02066	0.00815	0.00710
30	0.01555	0.01432	0.02042	0.01829	0.01891	0.01918	0.01494	0.01785	0.01298	0.01970	0.01562	0.02419	0.01501	0.03440	0.29656	0.00767	0.41409	0.00795	0.00397	0.00839
31	0.02121	0.02096	0.03309	0.04917	0.61742	0.06004	0.02491	0.02597	0.01920	0.02672	0.01545	0.02022	0.01301	0.00747	0.00818	0.00245	0.01018	0.00728	0.00412	0.01294
32	0.02989	0.01611	0.01902	0.01536	0.02093	0.01637	0.01243	0.15585	0.16924	0.32596	0.02984	0.02755	0.02048	0.01038	0.00809	0.00254	0.00701	0.00835	0.09139	0.01320
33	0.01051	0.00751	0.01009	0.01201	0.01267	0.00708	0.00839	0.01224	0.01629	0.02164	0.04557	0.62995	0.05409	0.02566	0.01071	0.00343	0.00516	0.09244	0.00770	0.00686
34	0.01699	0.04071	0.59717	0.02493	0.03678	0.01948	0.09626	0.02634	0.01777	0.02634	0.01512	0.01808	0.01075	0.00779	0.00810	0.00265	0.01247	0.00654	0.00358	0.01216
35	0.02221	0.71304	0.04353	0.01421	0.02132	0.03287	0.01421	0.02488	0.01688	0.01955	0.01155	0.01333	0.01066	0.00711	0.00533	0.00178	0.00888	0.00444	0.00355	0.01066
36	0.01012	0.00723	0.00964	0.01157	0.01205	0.00675	0.00771	0.01157	0.01591	0.02121	0.04579	0.70262	0.05495	0.02603	0.01060	0.00337	0.00482	0.02362	0.00771	0.00675
37	0.02577	0.44133	0.03547	0.01711	0.02308	0.29183	0.01496	0.02822	0.01957	0.01986	0.01207	0.01399	0.01068	0.00769	0.00620	0.00192	0.01134	0.00481	0.00385	0.01025
38	0.00996	0.00835	0.00866	0.00873	0.01134	0.00705	0.00649	0.01213	0.01904	0.02304	0.11716	0.11628	0.58117	0.02109	0.00986	0.00283	0.00423	0.01774	0.00780	0.00705
39	0.01051	0.00739	0.00952	0.01107	0.01146	0.00701	0.00718	0.01167	0.01515	0.02019	0.04189	0.57381	0.05003	0.16155	0.01690	0.00430	0.00546	0.02132	0.00718	0.00641
40	0.02872	0.07816	0.02431	0.02053	0.02460	0.56286	0.01574	0.03092	0.02198	0.02021	0.01318	0.01603	0.01127	0.01178	0.04553	0.00282	0.05200	0.00560	0.00421	0.00954
41	0.01808	0.05765	0.17183	0.22793	0.21545	0.02046	0.06738	0.02401	0.01737	0.02421	0.01471	0.01994	0.01161	0.00832	0.00969	0.00268	0.06654	0.00713	0.00379	0.01121
42	0.01039	0.00831	0.00929	0.00932	0.01164	0.00721	0.00689	0.01292	0.01986	0.02530	0.23632	0.14359	0.42875	0.02047	0.00990	0.00281	0.00420	0.01751	0.00811	0.00721
43	0.01187	0.00890	0.01335	0.01335	0.01483	0.01038	0.01038	0.01483	0.01335	0.01928	0.02225	0.03264	0.02077	0.06231	0.67512	0.01335	0.02225	0.00890	0.00445	0.00742
44	0.03022	0.03070	0.02345	0.02301	0.09392	0.42076	0.01611	0.03464	0.07419	0.14595	0.01873	0.01948	0.01409	0.00899	0.00782	0.00232	0.01220	0.00649	0.00576	0.01118
45	0.01580	0.01932	0.16358	0.01740	0.05072	0.01408	0.01588	0.07043	0.09441	0.02898	0.10729	0.08352	0.14727	0.01550	0.00936	0.00292	0.00762	0.11907	0.00686	0.01000
46	0.01502	0.01343	0.01897	0.01716	0.01778	0.01765	0.01377	0.01715	0.01292	0.01935	0.01697	0.02741	0.01672	0.09665	0.29665	0.00805	0.35384	0.00838	0.00410	0.00803
47	0.01012	0.00723	0.00964	0.01157	0.01205	0.00675	0.00771	0.01157	0.01591	0.02121	0.04579	0.70262	0.05495	0.02603	0.01060	0.00337	0.00482	0.02362	0.00771	0.00675
48	0.02793	0.02108	0.02578	0.02586	0.17087	0.02262	0.01739	0.42612	0.03232	0.06970	0.02108	0.06289	0.01671	0.01039	0.00843	0.00255	0.00896	0.00850	0.00738	0.01344
49	0.02038	0.02083	0.06325	0.04971	0.62720	0.01972	0.02574	0.02553	0.01885	0.02710	0.01559	0.02042	0.01304	0.00742	0.00821	0.00247	0.00998	0.00734	0.00408	0.01312
50	0.01168	0.00828	0.00905	0.00886	0.01122	0.00742	0.00664	0.01472	0.01993	0.02757	0.23723	0.06351	0.34030	0.01725	0.00890	0.00255	0.00405	0.01456	0.17885	0.00742
51	0.01549	0.00774	0.00774	0.00774	0.00968	0.00774	0.00581	0.01936	0.01742	0.03097	0.02710	0.03097	0.02129	0.00968	0.00581	0.00194	0.00387	0.00774	0.75416	0.00774
52	0.02056	0.01974	0.03372	0.05099	0.65622	0.01974	0.02550	0.02550	0.01892	0.02714	0.01563	0.02056	0.01316	0.00740	0.00822	0.00247	0.00987	0.00740	0.00411	0.01316
53	0.03103	0.03959	0.02354	0.02140	0.02568	0.67469	0.01605	0.03317	0.02354	0.02033	0.01284	0.01498	0.01070	0.00856	0.00749	0.00214	0.01498	0.00535	0.00428	0.00963
54	0.02056	0.01974	0.03372	0.05099	0.65622	0.01974	0.02550	0.02550	0.01892	0.02714	0.01563	0.02056	0.01316	0.00740	0.00822	0.00247	0.00987	0.00740	0.00411	0.01316
55	0.01197	0.00851	0.01138	0.01138	0.01218	0.00931	0.00793	0.01357	0.01277	0.01783	0.02405	0.04262	0.02510	0.35893	0.38442	0.01092	0.01573	0.01036	0.00472	0.00632
56	0.01012	0.00723	0.00964	0.01157	0.01205	0.00675	0.00771	0.01157	0.01591	0.02121	0.04579	0.70262	0.05495	0.02603	0.01060	0.00337	0.00482	0.02362	0.00771	0.00675
57	0.76672	0.01607	0.01221	0.01092	0.01607	0.01864	0.00900	0.02442	0.01414	0.03727	0.01157	0.01350	0.00900	0.00771	0.00514	0.00257	0.00643	0.00450	0.00514	0.00900
58	0.00989	0.00814	0.00870	0.00915	0.01141	0.00695	0.00664	0.01184	0.01823	0.02216	0.07526	0.22429	0.51425	0.02220	0.01000	0.00294	0.00435	0.01894	0.00771	0.00695
59	0.01073	0.00845	0.00968	0.00937	0.01178	0.00740	0.00703	0.01369	0.02109	0.02755	0.35097	0.07154	0.38285	0.01913	0.00981	0.00271	0.00407	0.01635	0.00839	0.00740
60	0.01012	0.00723	0.00964	0.01157	0.01205	0.00675	0.00771	0.01157	0.01591	0.02121	0.04579	0.70262	0.05495	0.02603	0.01060	0.00337	0.00482	0.02362	0.00771	0.00675
61	0.01012	0.00723	0.00964	0.01157	0.01205	0.00675	0.00771	0.01157	0.01591	0.02121	0.04579	0.70262	0.05495	0.02603	0.01060	0.00337	0.00482	0.02362	0.00771	0.00675
62	0.02218	0.01420	0.01489	0.01247	0.01636	0.01523	0.00996	0.27257	0.02642	0.03986	0.02413	0.02639	0.01831	0.00980	0.00685	0.00217	0.00606	0.00763	0.44413	0.01040
63	0.01230	0.01229	0.08311	0.01191	0.01500	0.00910	0.01036	0.01685	0.02286	0.03254	0.58170	0.05715	0.07091	0.01598	0.00959	0.00261	0.00484	0.01405	0.00852	0.00833
64	0.01021	0.00727	0.00961	0.01146	0.01192	0.00680	0.00760	0.01159	0.01574	0.02099	0.04494	0.67467	0.05388	0.05543	0.01197	0.00358	0.00496	0.02312	0.00760	0.00667
65	0.01137	0.00848	0.01057	0.01005	0.01217	0.00767	0.00754	0.01493	0.02261	0.03115	0.53904	0.06561	0.19253	0.01779	0.00980	0.00265	0.00398	0.01552	0.00886	0.00767
66	0.01893	0.02041	0.03787	0.02877	0.03320	0.02311	0.33863	0.02348	0.01635	0.02348	0.01402	0.02041	0.01180	0.01057	0.01806	0.00320	0.33498	0.00861	0.00393	0.01020
67	0.01569	0.01477	0.02492	0.68808	0.05722	0.01846	0.02307	0.02123	0.01661	0.02123	0.01477	0.02215	0.01107	0.00831	0.00831	0.00277	0.01107	0.00738	0.00369	0.00923
68	0.02364	0.02317	0.02991	0.06194	0.39696	0.12467	0.02194	0.12120	0.02236	0.02939	0.01554	0.01949	0.01271	0.00846	0.00930	0.00250	0.05263	0.00708	0.00476	0.01236
69	0.02050	0.01990	0.03467	0.05000	0.61811	0.01982	0.06285	0.02556	0.01896	0.02711	0.01570	0.02068	0.01312	0.00738	0.00832	0.00249	0.01013	0.00755	0.00412	0.01304
70	0.00982	0.00842	0.00842	0.00842	0.01122	0.00701	0.00631	0.01192	0.01894	0.02244	0.08416	0.07995	0.65285	0.02104	0.00982	0.00281	0.00421	0.01753	0.00771	0.00701
71	0.02221	0.71304	0.04353	0.01421	0.02132	0.03287	0.01421	0.02488	0.01688	0.01955	0.01155	0.01333	0.01066	0.00711	0.00533	0.00178	0.00888	0.00444	0.00355	0.01066
72	0.76672	0.01607	0.01221	0.01092	0.01607	0.01864	0.00900	0.02442	0.01414	0.03727	0.01157	0.01350	0.00900	0.00771	0.00514	0.00257	0.00643	0.00450	0.00514	0.00900
73	0.76672	0.01607	0.01221	0.01092	0.01607	0.01864	0.00900	0.02442	0.01414	0.03727	0.01157	0.01350	0.00900	0.00771	0.00514	0.00257	0.00643	0.00450	0.00514	0.00900
74	0.76672	0.01607	0.01221	0.01092	0.01607	0.01864	0.00900	0.02442	0.01414	0.03727	0.01157	0.01350	0.00900	0.00771	0.00514	0.00257	0.00643	0.00450	0.00514	0.00900
75	0.01748	0.02070	0.12825	0.03707	0.40824	0.01669	0.02200	0.02245	0.01843	0.02581	0.02795	0.08982	0.10728	0.01109	0.00861	0.00262	0.00899	0.01010	0.00485	0.01157
76	0.01014	0.00751	0.00949	0.01093	0.01191	0.00685	0.00746	0.01183	0.01683	0.02202	0.08201	0.55742	0.16589	0.02468	0.01042	0.00323	0.00466	0.02209	0.00778	0.00685
77	0.02026	0.01943	0.03317	0.09062	0.61896	0.01966	0.02534	0.02523	0.01877	0.02677	0.01557	0.02066	0.01303	0.00746	0.00823	0.00249	0.00994	0.00740	0.00409	0.01291
78	0.01661	0.01571	0.02659	0.56714	0.17093	0.01870	0.02353	0.02204	0.01705	0.02235	0.01493	0.02185	0.01147	0.00813	0.00829	0.00271	0.01085	0.00739	0.00377	0.00997
79	0.01666	0.04297	0.66500	0.02368	0.03596	0.01929	0.03069	0.02631	0.01754	0.02631	0.01491	0.01754	0.01052	0.00789	0.00789	0.00263	0.01228	0.00614	0.00351	0.01228
80	0.01003	0.00842	0.00871	0.00864	0.01135	0.00710	0.00648	0.01234	0.01944	0.02364	0.14667	0.07798	0.58959	0.02059	0.00982	0.00278	0.00418	0.01726	0.00787	0.00710
81	0.01447	0.01233	0.01991	0.02534	0.20317	0.01203	0.05220	0.01780	0.01772	0.02407	0.03480	0.32822	0.03858	0.01874	0.01005	0.00317	0.00748	0.14439	0.00643	0.00909
82	0.02056	0.01974	0.03372	0.05099	0.65622	0.01974	0.02550	0.02550	0.01892	0.02714	0.01563	0.02056	0.01316	0.00740	0.00822	0.00247	0.00987	0.00740	0.00411	0.01316
83	0.01856	0.01770	0.03011	0.31252	0.41032	0.01921	0.02450	0.02374	0.01797	0.02471	0.01527	0.02121	0.01230	0.00777	0.00826	0.00259	0.01036	0.00739	0.00394	0.01155
84	0.01723	0.03899	0.54583	0.02587	0.03740	0.01963	0.14588	0.02637	0.01794	0.02637	0.01528	0.01848	0.01093	0.00772	0.00826	0.00266	0.01261	0.00685	0.00364	0.01207
85	0.02027	0.01944	0.03319	0.08930	0.62020	0.01966	0.02535	0.02524	0.01878	0.02678	0.01557	0.02066	0.01303	0.00746	0.00823	0.00249	0.00994	0.00740	0.00409	0.01292
86	0.01945	0.22298	0.45622	0.02056	0.03107	0.02254	0.02507	0.02680	0.01775	0.06401	0.01511	0.01706	0.01119	0.00783	0.00723	0.00240	0.01103	0.00582	0.00394	0.01195
87	0.00982	0.00842	0.00842	0.00842	0.01122	0.00701	0.00631	0.01192	0.01894	0.02244	0.08416	0.07995	0.65285	0.02104	0.00982	0.00281	0.00421	0.01753	0.00771	0.00701
88	0.01111	0.00782	0.01021	0.01175	0.01240	0.00752	0.00822	0.01270	0.01573	0.02086	0.04156	0.46267	0.04873	0.16099	0.01706	0.00439	0.00598	0.12658	0.00717	0.00657
89	0.01984	0.06235	0.03487	0.05921	0.20128	0.06195	0.19703	0.02422	0.01761	0.02396	0.01566	0.04794	0.01381	0.00982	0.01303	0.00283	0.17117	0.00844	0.00413	0.01085
90	0.01098	0.00781	0.01037	0.01140	0.01201	0.00789	0.00771	0.01244	0.01443	0.01959	0.03581	0.39779	0.04132	0.19175	0.17195	0.00677	0.00961	0.01754	0.00634	0.00651
91	0.01187	0.00890	0.01335	0.01335	0.01483	0.01038	0.01038	0.01483	0.01335	0.01928	0.02225	0.03264	0.02077	0.06231	0.67512	0.01335	0.02225	0.00890	0.00445	0.00742
92	0.02525	0.06566	0.17446	0.02525	0.10435	0.37502	0.02065	0.02947	0.02063	0.02249	0.01348	0.01638	0.01097	0.00857	0.00881	0.00237	0.05563	0.00586	0.00401	0.01068
93	0.02062	0.10278	0.17267	0.04948	0.10217	0.14932	0.01876	0.02634	0.04765	0.02514	0.01713	0.02031	0.01365	0.00880	0.00843	0.00237	0.05259	0.00652	0.14472	0.01055
94	0.01332	0.00995	0.01205	0.01275	0.01402	0.03889	0.00915	0.01517	0.01641	0.05945	0.04094	0.46695	0.08082	0.02844	0.10288	0.00463	0.04091	0.01867	0.00706	0.00754
95	0.02021	0.01960	0.03413	0.08832	0.58249	0.01974	0.06231	0.02531	0.01882	0.02675	0.01565	0.02077	0.01300	0.00743	0.00833	0.00251	0.01020	0.00755	0.00409	0.01280
96	0.21942	0.09383	0.28176	0.01938	0.02764	0.12394	0.04620	0.05156	0.01850	0.02876	0.01368	0.01599	0.01040	0.00793	0.00697	0.00246	0.01079	0.00564	0.00430	0.01087
97	0.01985	0.05155	0.13653	0.15174	0.24302	0.09589	0.02191	0.04938	0.01929	0.02567	0.01748	0.06230	0.01498	0.00915	0.00801	0.00252	0.01043	0.00785	0.04130	0.01115
98	0.01951	0.05129	0.14559	0.02303	0.14399	0.12083	0.01717	0.05996	0.01915	0.02497	0.05711	0.02898	0.02018	0.17076	0.01580	0.00365	0.01005	0.00813	0.00483	0.05501

[dist]
# distance from previous block
# <min> <max>
0	10

[block]
# block no. 1 follows, 22 sequences, length 17
# corresponding to MSA columns:
# 119-135
name=unknown_B
#
# <colnr> <probs for GDERKNQSTAVLIFYWHMCP>
#	G	D	E	R	K	N	Q	S	T	A	V	L	I	F	Y	W	H	M	C	P
0	0.01874	0.06604	0.02477	0.02430	0.15956	0.07754	0.08449	0.06011	0.09620	0.02672	0.03635	0.09852	0.16587	0.01296	0.00876	0.00263	0.00852	0.01139	0.00605	0.01047
1	0.01563	0.01379	0.06097	0.05125	0.09913	0.01212	0.03474	0.06159	0.01994	0.05128	0.14121	0.28604	0.04100	0.01661	0.00930	0.00285	0.00677	0.01493	0.05159	0.00926
2	0.02049	0.02534	0.13671	0.04156	0.39809	0.06561	0.13843	0.02637	0.01915	0.02643	0.01554	0.02004	0.01246	0.00749	0.00842	0.00253	0.01139	0.00751	0.00404	0.01241
3	0.05811	0.06854	0.11655	0.02172	0.13794	0.01810	0.01641	0.10372	0.11451	0.03023	0.03643	0.03642	0.18339	0.01199	0.00828	0.00259	0.00789	0.00984	0.00619	0.01114
4	0.13303	0.02534	0.07227	0.03642	0.37475	0.16862	0.02127	0.02714	0.01917	0.02703	0.01434	0.01804	0.01180	0.00775	0.00758	0.00242	0.01069	0.00642	0.00426	0.01168
5	0.01511	0.01761	0.08213	0.01960	0.04667	0.05650	0.15771	0.01944	0.01930	0.02419	0.04846	0.05608	0.28424	0.01545	0.00967	0.00288	0.00872	0.10112	0.00612	0.00899
6	0.01068	0.00879	0.01196	0.01198	0.01395	0.00787	0.05125	0.01278	0.01738	0.02209	0.05908	0.40486	0.29126	0.02267	0.01023	0.00311	0.00523	0.02020	0.00746	0.00717
7	0.02494	0.01720	0.02266	0.02487	0.18259	0.01800	0.01590	0.07531	0.26114	0.18130	0.02692	0.02664	0.01976	0.01097	0.00973	0.04554	0.00774	0.00839	0.00750	0.01291
8	0.02056	0.01974	0.03372	0.05099	0.65622	0.01974	0.02550	0.02550	0.01892	0.02714	0.01563	0.02056	0.01316	0.00740	0.00822	0.00247	0.00987	0.00740	0.00411	0.01316
9	0.01187	0.00890	0.01335	0.01335	0.01483	0.01038	0.01038	0.01483	0.01335	0.01928	0.02225	0.03264	0.02077	0.06231	0.67512	0.01335	0.02225	0.00890	0.00445	0.00742
10	0.01208	0.00805	0.00906	0.00906	0.00906	0.00805	0.00503	0.01208	0.01208	0.01611	0.02618	0.05436	0.03020	0.70804	0.04228	0.00805	0.00805	0.01208	0.00503	0.00503
11	0.01146	0.00951	0.01018	0.01011	0.01279	0.00885	0.00752	0.01645	0.10050	0.02492	0.12596	0.14841	0.44340	0.01999	0.00973	0.00286	0.00457	0.01698	0.00794	0.00786
12	0.00982	0.00842	0.00842	0.00842	0.01122	0.00701	0.00631	0.01192	0.01894	0.02244	0.08416	0.07995	0.65285	0.02104	0.00982	0.00281	0.00421	0.01753	0.00771	0.00701
13	0.01251	0.00984	0.01458	0.01421	0.01554	0.01191	0.01117	0.01536	0.01329	0.01936	0.02110	0.03117	0.01977	0.05746	0.60947	0.01237	0.09021	0.00874	0.00437	0.00759
14	0.11297	0.28009	0.11130	0.01618	0.02204	0.16384	0.01508	0.02465	0.01791	0.02305	0.01780	0.12554	0.01760	0.01065	0.00696	0.00232	0.00969	0.00796	0.00457	0.00981
15	0.02207	0.09908	0.25603	0.02524	0.03370	0.20742	0.18775	0.02821	0.01975	0.02406	0.01453	0.01775	0.01116	0.00777	0.00806	0.00246	0.01320	0.00676	0.00392	0.01108
16	0.17041	0.35838	0.03229	0.02012	0.13004	0.02595	0.01492	0.08079	0.01885	0.02759	0.01629	0.01821	0.03982	0.00817	0.00627	0.00217	0.00838	0.00583	0.00460	0.01092

[dist]
# distance from previous block
# <min> <max>
1	42

[block]
# block no. 2 follows, 22 sequences, length 36
# corresponding to MSA columns:
# 178-213
name=unknown_C
#
# <colnr> <probs for GDERKNQSTAVLIFYWHMCP>
#	G	D	E	R	K	N	Q	S	T	A	V	L	I	F	Y	W	H	M	C	P
0	0.02102	0.24801	0.02615	0.01635	0.05490	0.13491	0.01291	0.10092	0.02168	0.02528	0.03569	0.03562	0.21115	0.01209	0.00765	0.00229	0.00858	0.00924	0.00563	0.00994
1	0.01632	0.01079	0.01188	0.01057	0.01428	0.00974	0.00825	0.07861	0.02194	0.12402	0.09864	0.06508	0.46242	0.01807	0.00944	0.00273	0.00513	0.01499	0.00824	0.00886
2	0.02022	0.01748	0.01745	0.01913	0.10033	0.16333	0.01253	0.02288	0.02028	0.11089	0.11579	0.25244	0.06118	0.01601	0.00913	0.00274	0.00798	0.01381	0.00700	0.00941
3	0.02241	0.03934	0.36159	0.02562	0.09555	0.26339	0.02471	0.02878	0.01992	0.02417	0.01421	0.01690	0.01086	0.00809	0.00778	0.00243	0.01304	0.00597	0.00386	0.01138
4	0.01588	0.03109	0.41372	0.02508	0.12868	0.01655	0.02442	0.02281	0.01716	0.02498	0.02103	0.13919	0.01978	0.05068	0.01037	0.00304	0.01036	0.00971	0.00442	0.01105
5	0.01063	0.00816	0.01049	0.04941	0.01482	0.00771	0.00868	0.01268	0.01702	0.02184	0.05406	0.44852	0.21044	0.02344	0.01034	0.00323	0.00525	0.06878	0.00748	0.00703
6	0.01949	0.01833	0.03031	0.12731	0.49728	0.01898	0.02360	0.02565	0.05973	0.02675	0.01854	0.02615	0.01592	0.00877	0.00846	0.00262	0.00966	0.04558	0.00457	0.01231
7	0.05433	0.02334	0.16288	0.12690	0.24526	0.01964	0.02234	0.02973	0.17596	0.02852	0.01977	0.02246	0.01519	0.00863	0.00808	0.00264	0.00956	0.00750	0.00507	0.01220
8	0.01893	0.05619	0.01718	0.01474	0.01763	0.12828	0.01111	0.12110	0.04917	0.02787	0.10591	0.28411	0.03724	0.01764	0.01041	0.04488	0.00764	0.01407	0.00696	0.00894
9	0.01019	0.00764	0.00923	0.01044	0.01157	0.00693	0.00709	0.01171	0.01649	0.02116	0.05553	0.46749	0.22919	0.07887	0.01289	0.00358	0.00490	0.02091	0.00750	0.00669
10	0.01730	0.01833	0.07518	0.04698	0.02570	0.01586	0.09378	0.02164	0.01704	0.02572	0.04983	0.02082	0.01557	0.00867	0.01102	0.00214	0.13648	0.00677	0.00466	0.38652
11	0.01038	0.00838	0.00923	0.00914	0.01160	0.00724	0.00681	0.01297	0.02010	0.02547	0.24347	0.10290	0.46297	0.02011	0.00985	0.00278	0.00415	0.01709	0.00812	0.00724
12	0.01634	0.04069	0.62182	0.02280	0.03440	0.01854	0.02918	0.02561	0.01793	0.02677	0.05697	0.02048	0.01500	0.00849	0.00802	0.00263	0.01173	0.00673	0.00388	0.01198
13	0.01845	0.03220	0.33434	0.02267	0.05694	0.13106	0.06260	0.02491	0.01913	0.02477	0.02507	0.03385	0.07453	0.01123	0.00864	0.00273	0.01138	0.09018	0.00468	0.01066
14	0.02221	0.71304	0.04353	0.01421	0.02132	0.03287	0.01421	0.02488	0.01688	0.01955	0.01155	0.01333	0.01066	0.00711	0.00533	0.00178	0.00888	0.00444	0.00355	0.01066
15	0.01666	0.04297	0.66500	0.02368	0.03596	0.01929	0.03069	0.02631	0.01754	0.02631	0.01491	0.01754	0.01052	0.00789	0.00789	0.00263	0.01228	0.00614	0.00351	0.01228
16	0.02221	0.71304	0.04353	0.01421	0.02132	0.03287	0.01421	0.02488	0.01688	0.01955	0.01155	0.01333	0.01066	0.00711	0.00533	0.00178	0.00888	0.00444	0.00355	0.01066
17	0.01136	0.00848	0.01056	0.01004	0.01217	0.00767	0.00753	0.01491	0.02258	0.03110	0.53628	0.06570	0.19533	0.01781	0.00980	0.00265	0.00398	0.01553	0.00885	0.00767
18	0.01707	0.03833	0.54705	0.06964	0.11285	0.01929	0.02957	0.02588	0.01765	0.02608	0.01499	0.01820	0.01088	0.00786	0.00796	0.00262	0.01191	0.00637	0.00359	0.01219
19	0.21561	0.08050	0.01834	0.01496	0.01860	0.24300	0.01158	0.02419	0.01760	0.02422	0.01779	0.02877	0.01726	0.13741	0.04761	0.00399	0.01079	0.05446	0.00486	0.00846
20	0.01012	0.00723	0.00964	0.01157	0.01205	0.00675	0.00771	0.01157	0.01591	0.02121	0.04579	0.70262	0.05495	0.02603	0.01060	0.00337	0.00482	0.02362	0.00771	0.00675
21	0.01187	0.00890	0.01335	0.01335	0.01483	0.01038	0.01038	0.01483	0.01335	0.01928	0.02225	0.03264	0.02077	0.06231	0.67512	0.01335	0.02225	0.00890	0.00445	0.00742
22	0.02000	0.02134	0.08354	0.08117	0.57641	0.01964	0.02579	0.02534	0.01869	0.02677	0.01553	0.02040	0.01284	0.00749	0.00820	0.00250	0.01012	0.00730	0.00404	0.01289
23	0.00982	0.00842	0.00842	0.00842	0.01122	0.00701	0.00631	0.01192	0.01894	0.02244	0.08416	0.07995	0.65285	0.02104	0.00982	0.00281	0.00421	0.01753	0.00771	0.00701
24	0.05080	0.03031	0.20647	0.05767	0.05945	0.23087	0.01893	0.02808	0.05938	0.02590	0.01747	0.02016	0.01352	0.00863	0.00737	0.00236	0.01091	0.00644	0.13487	0.01043
25	0.02943	0.02966	0.02324	0.01976	0.02500	0.31653	0.01545	0.25920	0.13692	0.03490	0.01917	0.01964	0.01454	0.00956	0.00797	0.00239	0.01132	0.00686	0.00652	0.01194
26	0.02351	0.33374	0.03574	0.02690	0.21984	0.06855	0.01802	0.10997	0.04317	0.02705	0.01485	0.01723	0.01244	0.00784	0.00689	0.00215	0.00954	0.00602	0.00461	0.01194
27	0.02170	0.18141	0.03648	0.03875	0.40607	0.07574	0.07396	0.02607	0.01888	0.02479	0.01456	0.01860	0.01234	0.00739	0.00763	0.00231	0.01041	0.00676	0.00400	0.01213
28	0.01135	0.00818	0.01074	0.01073	0.01232	0.00757	0.00781	0.01465	0.02162	0.03030	0.50090	0.22159	0.07255	0.01924	0.01000	0.00280	0.00414	0.01716	0.00879	0.00757
29	0.08072	0.01783	0.02512	0.03118	0.30035	0.01899	0.01828	0.17314	0.02227	0.03242	0.01791	0.02263	0.01482	0.02072	0.16175	0.00499	0.01227	0.00754	0.00532	0.01175
30	0.02188	0.04286	0.02497	0.06610	0.24266	0.08779	0.01827	0.03081	0.17461	0.07798	0.02473	0.03255	0.02084	0.01078	0.00854	0.00270	0.00911	0.08486	0.00612	0.01184
31	0.01012	0.00723	0.00964	0.01157	0.01205	0.00675	0.00771	0.01157	0.01591	0.02121	0.04579	0.70262	0.05495	0.02603	0.01060	0.00337	0.00482	0.02362	0.00771	0.00675
32	0.00997	0.00842	0.00863	0.00858	0.01132	0.00708	0.00643	0.01222	0.01930	0.02331	0.12936	0.07852	0.60710	0.02072	0.00982	0.00279	0.00418	0.01733	0.00783	0.00708
33	0.02880	0.29000	0.03003	0.01653	0.02266	0.17438	0.01420	0.07979	0.05149	0.18849	0.01903	0.01892	0.01419	0.00868	0.00699	0.00217	0.00973	0.00613	0.00606	0.01171
34	0.02579	0.06083	0.02396	0.01856	0.02366	0.05785	0.01514	0.29710	0.23170	0.03910	0.02256	0.02273	0.01705	0.01072	0.01047	0.00268	0.09224	0.00780	0.00731	0.01276
35	0.01709	0.01401	0.01680	0.09407	0.02256	0.01402	0.01185	0.10987	0.09171	0.02955	0.06895	0.06278	0.14262	0.01645	0.06341	0.00325	0.00801	0.01016	0.00652	0.19634

[dist]
# distance from previous block
# <min> <max>
0	1

[block]
# block no. 3 follows, 22 sequences, length 72
# corresponding to MSA columns:
# 215-286
name=unknown_D
#
# <colnr> <probs for GDERKNQSTAVLIFYWHMCP>
#	G	D	E	R	K	N	Q	S	T	A	V	L	I	F	Y	W	H	M	C	P
0	0.01391	0.01120	0.01302	0.01258	0.01513	0.01204	0.00952	0.02203	0.19080	0.02427	0.04306	0.05032	0.18776	0.12360	0.19798	0.00649	0.01055	0.04048	0.00665	0.00860
1	0.01187	0.00890	0.01335	0.01335	0.01483	0.01038	0.01038	0.01483	0.01335	0.01928	0.02225	0.03264	0.02077	0.06231	0.67512	0.01335	0.02225	0.00890	0.00445	0.00742
2	0.01942	0.01945	0.03610	0.10559	0.38837	0.01941	0.19577	0.02494	0.01890	0.02629	0.01746	0.02533	0.01474	0.00824	0.00886	0.00267	0.01104	0.04120	0.00429	0.01192
3	0.02140	0.03322	0.25201	0.02960	0.10131	0.17490	0.21485	0.02794	0.01976	0.02508	0.01510	0.01879	0.01150	0.00772	0.00844	0.00255	0.01321	0.00724	0.00397	0.01141
4	0.02636	0.12049	0.02877	0.02178	0.02596	0.40668	0.07097	0.02894	0.02022	0.02073	0.01265	0.01606	0.01091	0.00940	0.01128	0.00244	0.14649	0.00601	0.00405	0.00980
5	0.02254	0.02322	0.03027	0.09324	0.42858	0.14565	0.02270	0.05280	0.02019	0.02612	0.01498	0.01947	0.01245	0.00816	0.00904	0.00249	0.04481	0.00700	0.00427	0.01201
6	0.01037	0.00844	0.00918	0.00900	0.01156	0.00725	0.00675	0.01299	0.02024	0.02554	0.24597	0.07485	0.48911	0.01988	0.00981	0.00275	0.00413	0.01682	0.00812	0.00725
7	0.01569	0.01477	0.02492	0.68808	0.05722	0.01846	0.02307	0.02123	0.01661	0.02123	0.01477	0.02215	0.01107	0.00831	0.00831	0.00277	0.01107	0.00738	0.00369	0.00923
8	0.00982	0.00842	0.00842	0.00842	0.01122	0.00701	0.00631	0.01192	0.01894	0.02244	0.08416	0.07995	0.65285	0.02104	0.00982	0.00281	0.00421	0.01753	0.00771	0.00701
9	0.00990	0.00808	0.00876	0.00930	0.01145	0.00694	0.00670	0.01182	0.01809	0.02210	0.07340	0.25453	0.48522	0.02244	0.01004	0.00296	0.00438	0.01924	0.00771	0.00694
10	0.02221	0.71304	0.04353	0.01421	0.02132	0.03287	0.01421	0.02488	0.01688	0.01955	0.01155	0.01333	0.01066	0.00711	0.00533	0.00178	0.00888	0.00444	0.00355	0.01066
11	0.02056	0.01974	0.03372	0.05099	0.65622	0.01974	0.02550	0.02550	0.01892	0.02714	0.01563	0.02056	0.01316	0.00740	0.00822	0.00247	0.00987	0.00740	0.00411	0.01316
12	0.02325	0.01913	0.02024	0.01743	0.02259	0.02187	0.01377	0.18236	0.49879	0.03892	0.03053	0.02838	0.02270	0.01096	0.00842	0.00274	0.00718	0.00894	0.00842	0.01338
13	0.03158	0.02327	0.02493	0.01911	0.02576	0.02576	0.01579	0.62852	0.03906	0.05236	0.01995	0.01995	0.01413	0.00997	0.00831	0.00249	0.00914	0.00748	0.00831	0.01413
14	0.19317	0.00971	0.00880	0.00850	0.01119	0.01032	0.00656	0.02055	0.01664	0.03246	0.02343	0.02684	0.01838	0.00921	0.00565	0.00209	0.00448	0.00698	0.57700	0.00804
15	0.01012	0.00723	0.00964	0.01157	0.01205	0.00675	0.00771	0.01157	0.01591	0.02121	0.04579	0.70262	0.05495	0.02603	0.01060	0.00337	0.00482	0.02362	0.00771	0.00675
16	0.01176	0.00849	0.01110	0.01045	0.01241	0.00784	0.00784	0.01568	0.02352	0.03331	0.65184	0.06206	0.07839	0.01698	0.00980	0.00261	0.00392	0.01502	0.00914	0.00784
17	0.01176	0.00849	0.01110	0.01045	0.01241	0.00784	0.00784	0.01568	0.02352	0.03331	0.65184	0.06206	0.07839	0.01698	0.00980	0.00261	0.00392	0.01502	0.00914	0.00784
18	0.01992	0.02152	0.04393	0.04033	0.24717	0.02059	0.42637	0.02624	0.01938	0.02679	0.01641	0.02179	0.01279	0.00714	0.00928	0.00269	0.01263	0.00901	0.00417	0.01185
19	0.03547	0.01703	0.02107	0.01615	0.02265	0.01651	0.01335	0.22699	0.02862	0.46863	0.02871	0.02563	0.01852	0.01018	0.00834	0.00255	0.00773	0.00808	0.00966	0.01413
20	0.48157	0.01531	0.01497	0.01243	0.01808	0.01612	0.01025	0.03070	0.01791	0.28148	0.01986	0.01927	0.01352	0.00872	0.00640	0.00257	0.00668	0.00601	0.00715	0.01101
21	0.02927	0.03793	0.05289	0.02215	0.02676	0.58507	0.04479	0.03194	0.02258	0.02087	0.01302	0.01559	0.01079	0.00874	0.00856	0.00226	0.04711	0.00568	0.00421	0.00979
22	0.00982	0.00842	0.00842	0.00842	0.01122	0.00701	0.00631	0.01192	0.01894	0.02244	0.08416	0.07995	0.65285	0.02104	0.00982	0.00281	0.00421	0.01753	0.00771	0.00701
23	0.02042	0.02013	0.03596	0.04865	0.56643	0.01992	0.11350	0.02566	0.01902	0.02706	0.01580	0.02083	0.01308	0.00734	0.00846	0.00252	0.01048	0.00775	0.00413	0.01287
24	0.01923	0.02186	0.09714	0.14070	0.36367	0.01980	0.16489	0.02519	0.01860	0.02605	0.01570	0.02094	0.01246	0.00749	0.00857	0.00261	0.01124	0.00783	0.00401	0.01203
25	0.76672	0.01607	0.01221	0.01092	0.01607	0.01864	0.00900	0.02442	0.01414	0.03727	0.01157	0.01350	0.00900	0.00771	0.00514	0.00257	0.00643	0.00450	0.00514	0.00900
26	0.01339	0.00956	0.01339	0.01530	0.01721	0.00956	0.01339	0.01721	0.01912	0.02486	0.04399	0.09371	0.04781	0.02295	0.01147	0.00382	0.00765	0.60031	0.00765	0.00765
27	0.01347	0.01069	0.01238	0.01157	0.01434	0.01070	0.00879	0.02165	0.16869	0.03146	0.39089	0.05833	0.18199	0.01645	0.00948	0.00270	0.00461	0.01420	0.00869	0.00893
28	0.01000	0.00842	0.00867	0.00861	0.01134	0.00709	0.00646	0.01228	0.01938	0.02349	0.13873	0.07823	0.59763	0.02065	0.00982	0.00279	0.00418	0.01729	0.00785	0.00709
29	0.01176	0.00849	0.01110	0.01045	0.01241	0.00784	0.00784	0.01568	0.02352	0.03331	0.65184	0.06206	0.07839	0.01698	0.00980	0.00261	0.00392	0.01502	0.00914	0.00784
30	0.02221	0.71304	0.04353	0.01421	0.02132	0.03287	0.01421	0.02488	0.01688	0.01955	0.01155	0.01333	0.01066	0.00711	0.00533	0.00178	0.00888	0.00444	0.00355	0.01066
31	0.01137	0.00848	0.01057	0.01005	0.01217	0.00767	0.00753	0.01493	0.02260	0.03114	0.53852	0.06563	0.19306	0.01779	0.00980	0.00265	0.00398	0.01552	0.00886	0.00767
32	0.01549	0.00774	0.00774	0.00774	0.00968	0.00774	0.00581	0.01936	0.01742	0.03097	0.02710	0.03097	0.02129	0.00968	0.00581	0.00194	0.00387	0.00774	0.75416	0.00774
33	0.03158	0.02327	0.02493	0.01911	0.02576	0.02576	0.01579	0.62852	0.03906	0.05236	0.01995	0.01995	0.01413	0.00997	0.00831	0.00249	0.00914	0.00748	0.00831	0.01413
34	0.03345	0.02027	0.02307	0.01769	0.02426	0.02131	0.01461	0.43516	0.03403	0.25281	0.02416	0.02268	0.01624	0.01007	0.00832	0.00252	0.00846	0.00777	0.00896	0.01413
35	0.01723	0.01477	0.01723	0.01230	0.01969	0.01107	0.00984	0.02092	0.01723	0.02707	0.01477	0.01723	0.01230	0.00615	0.00615	0.00123	0.00615	0.00492	0.00492	0.75883
36	0.76672	0.01607	0.01221	0.01092	0.01607	0.01864	0.00900	0.02442	0.01414	0.03727	0.01157	0.01350	0.00900	0.00771	0.00514	0.00257	0.00643	0.00450	0.00514	0.00900
37	0.03158	0.02327	0.02493	0.01911	0.02576	0.02576	0.01579	0.62852	0.03906	0.05236	0.01995	0.01995	0.01413	0.00997	0.00831	0.00249	0.00914	0.00748	0.00831	0.01413
38	0.02056	0.01974	0.03372	0.05099	0.65622	0.01974	0.02550	0.02550	0.01892	0.02714	0.01563	0.02056	0.01316	0.00740	0.00822	0.00247	0.00987	0.00740	0.00411	0.01316
39	0.03727	0.01414	0.01928	0.01478	0.02121	0.01221	0.01221	0.04049	0.02378	0.66198	0.03277	0.02828	0.02056	0.01028	0.00835	0.00257	0.00707	0.00835	0.01028	0.01414
40	0.00982	0.00842	0.00842	0.00842	0.01122	0.00701	0.00631	0.01192	0.01894	0.02244	0.08416	0.07995	0.65285	0.02104	0.00982	0.00281	0.00421	0.01753	0.00771	0.00701
41	0.01171	0.00785	0.00936	0.00990	0.01021	0.00778	0.00609	0.01248	0.01351	0.01852	0.03153	0.23371	0.03618	0.44644	0.06216	0.00666	0.00760	0.01492	0.04760	0.00578
42	0.02929	0.02154	0.02320	0.01838	0.02456	0.02389	0.01499	0.46177	0.18006	0.07847	0.02385	0.02296	0.01709	0.01029	0.00835	0.00257	0.00843	0.00797	0.00844	0.01390
43	0.01038	0.00758	0.01035	0.04309	0.01415	0.00729	0.00843	0.01202	0.01594	0.02121	0.04434	0.67091	0.05290	0.02520	0.01050	0.00335	0.00511	0.02286	0.00752	0.00686
44	0.01617	0.01293	0.01479	0.01497	0.04760	0.01374	0.01042	0.07033	0.21787	0.02749	0.04008	0.14317	0.12551	0.16246	0.01624	0.00401	0.00668	0.03891	0.00725	0.00940
45	0.01879	0.01790	0.01619	0.01560	0.01798	0.16867	0.01155	0.11096	0.02089	0.02552	0.03075	0.35438	0.03373	0.02191	0.06379	0.00376	0.03736	0.01499	0.00656	0.00870
46	0.01012	0.00723	0.00964	0.01157	0.01205	0.00675	0.00771	0.01157	0.01591	0.02121	0.04579	0.70262	0.05495	0.02603	0.01060	0.00337	0.00482	0.02362	0.00771	0.00675
47	0.02225	0.02452	0.06436	0.04425	0.51055	0.13787	0.02406	0.02692	0.01968	0.02587	0.01509	0.01940	0.01258	0.00764	0.00807	0.00242	0.01092	0.00697	0.00411	0.01248
48	0.06069	0.02886	0.20510	0.03700	0.35881	0.11553	0.02467	0.02679	0.01896	0.02645	0.01480	0.01853	0.01185	0.00772	0.00786	0.00247	0.01110	0.00660	0.00402	0.01218
49	0.02056	0.01974	0.03372	0.05099	0.65622	0.01974	0.02550	0.02550	0.01892	0.02714	0.01563	0.02056	0.01316	0.00740	0.00822	0.00247	0.00987	0.00740	0.00411	0.01316
50	0.76672	0.01607	0.01221	0.01092	0.01607	0.01864	0.00900	0.02442	0.01414	0.03727	0.01157	0.01350	0.00900	0.00771	0.00514	0.00257	0.00643	0.00450	0.00514	0.00900
51	0.01188	0.00885	0.01311	0.01311	0.01451	0.01025	0.01009	0.01468	0.01328	0.01911	0.02247	0.03385	0.02130	0.09837	0.63978	0.01306	0.02146	0.00908	0.00448	0.00728
52	0.01012	0.00723	0.00964	0.01157	0.01205	0.00675	0.00771	0.01157	0.01591	0.02121	0.04579	0.70262	0.05495	0.02603	0.01060	0.00337	0.00482	0.02362	0.00771	0.00675
53	0.01037	0.00844	0.00918	0.00900	0.01156	0.00725	0.00675	0.01299	0.02024	0.02554	0.24597	0.07485	0.48911	0.01988	0.00981	0.00275	0.00413	0.01682	0.00812	0.00725
54	0.01549	0.00774	0.00774	0.00774	0.00968	0.00774	0.00581	0.01936	0.01742	0.03097	0.02710	0.03097	0.02129	0.00968	0.00581	0.00194	0.00387	0.00774	0.75416	0.00774
55	0.01000	0.00842	0.00867	0.00861	0.01134	0.00709	0.00646	0.01228	0.01937	0.02349	0.13864	0.07823	0.59772	0.02065	0.00982	0.00279	0.00418	0.01729	0.00785	0.00709
56	0.01666	0.04297	0.66500	0.02368	0.03596	0.01929	0.03069	0.02631	0.01754	0.02631	0.01491	0.01754	0.01052	0.00789	0.00789	0.00263	0.01228	0.00614	0.00351	0.01228
57	0.02056	0.01974	0.03372	0.05099	0.65622	0.01974	0.02550	0.02550	0.01892	0.02714	0.01563	0.02056	0.01316	0.00740	0.00822	0.00247	0.00987	0.00740	0.00411	0.01316
58	0.02615	0.41816	0.03522	0.01678	0.02323	0.15674	0.01495	0.16927	0.02343	0.02746	0.01379	0.01522	0.01149	0.00807	0.00646	0.00202	0.01014	0.00534	0.00482	0.01128
59	0.01975	0.01892	0.03226	0.15641	0.55710	0.01953	0.02509	0.02479	0.01853	0.02616	0.01548	0.02082	0.01281	0.00755	0.00824	0.00252	0.01007	0.00740	0.00404	0.01251
60	0.02058	0.01937	0.03082	0.04437	0.53290	0.01992	0.02310	0.02912	0.13984	0.02862	0.01916	0.02259	0.01553	0.00815	0.00827	0.00254	0.00923	0.00779	0.00496	0.01316
61	0.01569	0.01477	0.02492	0.68808	0.05722	0.01846	0.02307	0.02123	0.01661	0.02123	0.01477	0.02215	0.01107	0.00831	0.00831	0.00277	0.01107	0.00738	0.00369	0.00923
62	0.01549	0.00774	0.00774	0.00774	0.00968	0.00774	0.00581	0.01936	0.01742	0.03097	0.02710	0.03097	0.02129	0.00968	0.00581	0.00194	0.00387	0.00774	0.75416	0.00774
63	0.01181	0.00877	0.01225	0.04152	0.01489	0.00967	0.00923	0.01401	0.01372	0.01897	0.02818	0.10591	0.05669	0.20495	0.40009	0.01015	0.01585	0.01145	0.00504	0.00685
64	0.02066	0.01785	0.01878	0.01691	0.02160	0.02066	0.01315	0.04414	0.64121	0.03475	0.03381	0.03099	0.02536	0.01127	0.00845	0.00282	0.00657	0.00939	0.00845	0.01315
65	0.01012	0.00723	0.00964	0.01157	0.01205	0.00675	0.00771	0.01157	0.01591	0.02121	0.04579	0.70262	0.05495	0.02603	0.01060	0.00337	0.00482	0.02362	0.00771	0.00675
66	0.01005	0.00751	0.00935	0.01082	0.01185	0.00681	0.00738	0.01165	0.01662	0.02150	0.05486	0.55535	0.19636	0.02485	0.01042	0.00324	0.00468	0.02218	0.00771	0.00681
67	0.02128	0.02350	0.03403	0.13052	0.19647	0.15903	0.21962	0.02633	0.02005	0.02499	0.05083	0.02253	0.01579	0.00819	0.00869	0.00256	0.01216	0.00818	0.00440	0.01089
68	0.01666	0.04297	0.66500	0.02368	0.03596	0.01929	0.03069	0.02631	0.01754	0.02631	0.01491	0.01754	0.01052	0.00789	0.00789	0.00263	0.01228	0.00614	0.00351	0.01228
69	0.00988	0.00818	0.00866	0.00905	0.01139	0.00696	0.00659	0.01185	0.01832	0.02219	0.07640	0.20584	0.53196	0.02205	0.00998	0.00292	0.00433	0.01876	0.00771	0.00696
70	0.01105	0.00789	0.01071	0.01263	0.01352	0.00755	0.00933	0.01318	0.01682	0.02225	0.04527	0.52906	0.05291	0.02515	0.01085	0.00350	0.00563	0.18800	0.00769	0.00700
71	0.02112	0.02079	0.03318	0.04942	0.62270	0.05456	0.02499	0.02590	0.01916	0.02678	0.01548	0.02026	0.01303	0.00746	0.00819	0.00245	0.01014	0.00729	0.00412	0.01297

[dist]
# distance from previous block
# <min> <max>
0	1

[block]
# block no. 4 follows, 22 sequences, length 30
# corresponding to MSA columns:
# 288-317
name=unknown_E
#
# <colnr> <probs for GDERKNQSTAVLIFYWHMCP>
#	G	D	E	R	K	N	Q	S	T	A	V	L	I	F	Y	W	H	M	C	P
0	0.02961	0.03750	0.02253	0.02053	0.02471	0.62992	0.01540	0.03175	0.02323	0.02047	0.01762	0.01934	0.05376	0.00940	0.00765	0.00218	0.01426	0.00617	0.00451	0.00946
1	0.11022	0.10545	0.02853	0.12535	0.17258	0.19116	0.04927	0.02627	0.01851	0.02420	0.01350	0.01757	0.01122	0.00839	0.00894	0.00247	0.06551	0.00629	0.00412	0.01046
2	0.01753	0.14816	0.56744	0.02219	0.03366	0.02142	0.02811	0.02608	0.01744	0.02525	0.01438	0.01688	0.01055	0.00777	0.00749	0.00250	0.01174	0.00587	0.00352	0.01202
3	0.01190	0.00879	0.01279	0.01279	0.01408	0.01008	0.00969	0.01448	0.01319	0.01887	0.02276	0.03547	0.02200	0.14651	0.59260	0.01266	0.02040	0.00932	0.00453	0.00711
4	0.07594	0.23570	0.05480	0.01253	0.01732	0.01823	0.01129	0.02165	0.07494	0.02688	0.19749	0.04117	0.15636	0.01293	0.00779	0.00240	0.00642	0.01036	0.00642	0.00937
5	0.76672	0.01607	0.01221	0.01092	0.01607	0.01864	0.00900	0.02442	0.01414	0.03727	0.01157	0.01350	0.00900	0.00771	0.00514	0.00257	0.00643	0.00450	0.00514	0.00900
6	0.01092	0.00863	0.01052	0.01075	0.01289	0.00795	0.00788	0.01312	0.01668	0.02175	0.05371	0.26161	0.28219	0.03012	0.14930	0.00507	0.00834	0.01667	0.00681	0.06510
7	0.01187	0.00890	0.01335	0.01335	0.01483	0.01038	0.01038	0.01483	0.01335	0.01928	0.02225	0.03264	0.02077	0.06231	0.67512	0.01335	0.02225	0.00890	0.00445	0.00742
8	0.01414	0.01118	0.01324	0.01382	0.01605	0.01182	0.01042	0.02327	0.22199	0.02635	0.04340	0.34547	0.07297	0.02040	0.01001	0.00324	0.00586	0.11939	0.00794	0.00902
9	0.02499	0.50103	0.03724	0.01648	0.02269	0.23492	0.01479	0.02749	0.01898	0.01979	0.01196	0.01385	0.01067	0.00756	0.00601	0.00189	0.01080	0.00473	0.00378	0.01034
10	0.01744	0.13721	0.57759	0.02235	0.03390	0.02120	0.02838	0.02611	0.01745	0.02536	0.01444	0.01695	0.01054	0.00778	0.00753	0.00251	0.01180	0.00590	0.00351	0.01205
11	0.02490	0.05499	0.10985	0.06750	0.05131	0.28535	0.04974	0.09676	0.04558	0.02583	0.01485	0.01789	0.01186	0.00931	0.01032	0.00254	0.09954	0.00650	0.00464	0.01076
12	0.01235	0.00837	0.00997	0.01037	0.01077	0.00837	0.00679	0.01316	0.01356	0.01794	0.02991	0.06261	0.03389	0.56438	0.03582	0.00717	0.00797	0.13543	0.00558	0.00558
