[name]
unknown

[dist]
# distance from previous block
# <min> <max>
2	21

[block]
# block no. 0 follows, 21 sequences, length 20
# corresponding to MSA columns:
# 21-40
name=unknown_A
#
# <colnr> <probs for GDERKNQSTAVLIFYWHMCP>
#	G	D	E	R	K	N	Q	S	T	A	V	L	I	F	Y	W	H	M	C	P
0	0.06270	0.01550	0.02421	0.11081	0.32630	0.01615	0.01871	0.02205	0.01819	0.02697	0.07838	0.03160	0.02293	0.07274	0.05408	0.00381	0.00970	0.02684	0.04769	0.01063
1	0.17290	0.02833	0.19217	0.09980	0.07150	0.12893	0.01983	0.09158	0.02069	0.03086	0.01559	0.01858	0.01183	0.00853	0.00743	0.00254	0.01062	0.00630	0.05095	0.01104
2	0.02005	0.01918	0.03270	0.18024	0.52778	0.01995	0.02561	0.02523	0.01890	0.02657	0.01583	0.02139	0.01304	0.00777	0.00844	0.00259	0.01036	0.00758	0.00412	0.01266
3	0.02128	0.10770	0.03582	0.04743	0.56799	0.02194	0.02464	0.02604	0.01911	0.02681	0.01547	0.02012	0.01315	0.00754	0.00805	0.00244	0.00998	0.00720	0.00414	0.01315
4	0.01863	0.07607	0.02556	0.19450	0.03094	0.02275	0.01813	0.05974	0.01656	0.02363	0.01465	0.02111	0.01270	0.01472	0.05486	0.00370	0.32090	0.00737	0.05383	0.00963
5	0.02025	0.02218	0.07565	0.05043	0.02434	0.13347	0.01613	0.07379	0.04682	0.02532	0.01729	0.02251	0.01476	0.02356	0.17632	0.00538	0.14116	0.00725	0.00483	0.09858
6	0.01519	0.09726	0.01566	0.01278	0.01484	0.09453	0.00939	0.01708	0.01749	0.02202	0.03769	0.39341	0.07431	0.06163	0.01132	0.00323	0.00686	0.01692	0.07062	0.00778
7	0.02181	0.20626	0.22086	0.02254	0.03064	0.14204	0.11525	0.02726	0.01894	0.02375	0.01405	0.01720	0.01129	0.00820	0.00879	0.00240	0.05346	0.00631	0.00394	0.04501
8	0.11116	0.08579	0.02127	0.01904	0.07366	0.26067	0.01346	0.02492	0.01894	0.02370	0.05379	0.02201	0.01700	0.01571	0.05186	0.12269	0.01126	0.00673	0.03747	0.00887
9	0.01967	0.30994	0.25056	0.10202	0.03431	0.02560	0.09823	0.02575	0.01784	0.02350	0.01409	0.01741	0.01118	0.00769	0.00731	0.00237	0.01122	0.00621	0.00373	0.01137
10	0.10004	0.01236	0.06757	0.01066	0.01396	0.01062	0.00934	0.01990	0.01695	0.02972	0.02767	0.03178	0.05749	0.01824	0.10446	0.00391	0.00785	0.00820	0.44087	0.00840
11	0.01356	0.00982	0.01222	0.01220	0.01475	0.00946	0.00974	0.01817	0.05861	0.05344	0.22492	0.07061	0.21856	0.02341	0.06701	0.00400	0.00696	0.15609	0.00817	0.00832
12	0.01597	0.01204	0.01240	0.01233	0.01388	0.06584	0.00851	0.04551	0.01746	0.06073	0.03625	0.23992	0.07282	0.28683	0.02304	0.00512	0.00763	0.04963	0.00671	0.00739
13	0.11516	0.30262	0.03088	0.01771	0.02336	0.33749	0.01483	0.02953	0.02025	0.02258	0.01247	0.01449	0.01074	0.00807	0.00651	0.00210	0.01182	0.00501	0.00419	0.01021
14	0.07243	0.11361	0.14564	0.02882	0.19185	0.25816	0.02109	0.02900	0.02028	0.02484	0.01406	0.01705	0.01148	0.00809	0.00753	0.00236	0.01213	0.00602	0.00416	0.01141
15	0.01873	0.05889	0.06631	0.02103	0.02608	0.01816	0.18450	0.02458	0.05907	0.06328	0.02807	0.03131	0.09263	0.01454	0.05212	0.00347	0.11805	0.00960	0.09930	0.01027
16	0.02782	0.01691	0.02309	0.02480	0.17783	0.01686	0.01600	0.08589	0.13913	0.27265	0.08369	0.02993	0.02491	0.01058	0.00867	0.00265	0.00775	0.00906	0.00832	0.01345
17	0.01805	0.01718	0.06128	0.19574	0.08523	0.01710	0.01809	0.09211	0.02048	0.02831	0.06186	0.07164	0.02386	0.01244	0.01061	0.00281	0.07043	0.08299	0.00564	0.10414
18	0.04257	0.01787	0.17216	0.01436	0.01898	0.01151	0.01386	0.01858	0.04519	0.02729	0.17865	0.22506	0.14572	0.01768	0.00953	0.00294	0.00667	0.01529	0.00708	0.00900
19	0.18733	0.02524	0.04665	0.01651	0.02168	0.23498	0.01332	0.10085	0.02195	0.03012	0.02172	0.08200	0.05470	0.01086	0.00754	0.00240	0.00982	0.00802	0.00568	0.09860

[dist]
# distance from previous block
# <min> <max>
22	68

[block]
# block no. 1 follows, 21 sequences, length 6
# corresponding to MSA columns:
# 114-119
name=unknown_B
#
# <colnr> <probs for GDERKNQSTAVLIFYWHMCP>
#	G	D	E	R	K	N	Q	S	T	A	V	L	I	F	Y	W	H	M	C	P
0	0.02154	0.02581	0.07853	0.06236	0.09620	0.15177	0.27075	0.02689	0.01991	0.02523	0.01626	0.02185	0.01318	0.04089	0.01038	0.00277	0.01271	0.00806	0.00436	0.09056
1	0.09183	0.01608	0.02353	0.01909	0.02389	0.01677	0.16113	0.08773	0.12686	0.03142	0.02904	0.10096	0.05909	0.01729	0.07525	0.00388	0.00988	0.01086	0.08504	0.01040
2	0.01752	0.01645	0.02223	0.09717	0.22662	0.05370	0.01642	0.02130	0.01851	0.02526	0.02768	0.13102	0.08570	0.01186	0.00841	0.00241	0.00821	0.01049	0.00534	0.19371
3	0.02383	0.02171	0.08646	0.06108	0.20809	0.08639	0.01876	0.08423	0.02229	0.14045	0.02866	0.07455	0.08343	0.01137	0.00869	0.00265	0.00943	0.00965	0.00634	0.01196
4	0.01953	0.07786	0.19361	0.12876	0.10314	0.05826	0.18104	0.02582	0.01835	0.02485	0.01507	0.01992	0.01177	0.00849	0.01040	0.00275	0.07756	0.00755	0.00394	0.01132
5	0.02178	0.02288	0.02432	0.06117	0.19443	0.19574	0.01796	0.02808	0.10308	0.02456	0.01886	0.02346	0.01587	0.02057	0.14579	0.00488	0.05326	0.00760	0.00489	0.01082

[dist]
# distance from previous block
# <min> <max>
0	1

[block]
# block no. 2 follows, 21 sequences, length 55
# corresponding to MSA columns:
# 121-175
name=unknown_C
#
# <colnr> <probs for GDERKNQSTAVLIFYWHMCP>
#	G	D	E	R	K	N	Q	S	T	A	V	L	I	F	Y	W	H	M	C	P
0	0.21454	0.02920	0.02162	0.01929	0.02286	0.34941	0.01512	0.02849	0.01903	0.02517	0.01235	0.01574	0.01057	0.01000	0.01187	0.00267	0.17234	0.00573	0.00445	0.00957
1	0.01206	0.01030	0.01358	0.18036	0.02379	0.01037	0.01121	0.01556	0.01991	0.02532	0.20049	0.06245	0.34897	0.01724	0.00966	0.00282	0.00603	0.01470	0.00720	0.00796
2	0.01139	0.00783	0.00957	0.01055	0.01079	0.00759	0.00651	0.01212	0.01431	0.01907	0.03671	0.37076	0.04342	0.36882	0.02733	0.00589	0.00662	0.01820	0.00651	0.00602
3	0.02331	0.02590	0.03694	0.03994	0.31261	0.17427	0.20744	0.02834	0.02072	0.02598	0.01571	0.02029	0.01271	0.00774	0.00875	0.00255	0.01267	0.00785	0.00428	0.01200
4	0.03188	0.03782	0.02435	0.02154	0.02632	0.56181	0.01640	0.12993	0.02672	0.02620	0.01435	0.01618	0.01154	0.00901	0.00781	0.00225	0.01437	0.00584	0.00506	0.01062
5	0.03172	0.02239	0.02419	0.01865	0.02517	0.02454	0.01538	0.55229	0.03785	0.08590	0.02159	0.02157	0.01527	0.01022	0.00837	0.00253	0.00893	0.00773	0.05163	0.01409
6	0.02275	0.70604	0.04459	0.01456	0.02184	0.03367	0.01456	0.02548	0.01729	0.02002	0.01183	0.01365	0.01092	0.00728	0.00546	0.00182	0.00910	0.00455	0.00364	0.01092
7	0.01478	0.01066	0.01138	0.01060	0.01416	0.00978	0.00814	0.02021	0.10792	0.09506	0.07295	0.06881	0.48621	0.01889	0.00969	0.00285	0.00498	0.01572	0.00830	0.00890
8	0.01144	0.00868	0.01054	0.01007	0.01234	0.00777	0.00755	0.01489	0.02266	0.03074	0.47414	0.06914	0.25161	0.01866	0.01004	0.00274	0.00410	0.01617	0.00892	0.00777
9	0.01586	0.00793	0.00793	0.00793	0.00991	0.00793	0.00595	0.01983	0.01785	0.03173	0.02776	0.03173	0.02181	0.00991	0.00595	0.00198	0.00397	0.00793	0.74817	0.00793
10	0.03005	0.03766	0.02437	0.02198	0.02579	0.58223	0.01673	0.03220	0.02265	0.02078	0.01289	0.01578	0.01099	0.00958	0.01035	0.00239	0.10374	0.00574	0.00430	0.00979
11	0.01007	0.00856	0.00868	0.00878	0.01154	0.00717	0.00654	0.01219	0.01924	0.02293	0.08425	0.11242	0.61512	0.02181	0.01010	0.00290	0.00434	0.01827	0.00790	0.00717
12	0.01037	0.00741	0.00987	0.01185	0.01234	0.00691	0.00790	0.01185	0.01629	0.02172	0.04690	0.69537	0.05629	0.02666	0.01086	0.00346	0.00494	0.02419	0.00790	0.00691
13	0.03112	0.02252	0.02447	0.01867	0.02554	0.02422	0.01539	0.53195	0.03701	0.07855	0.02049	0.02054	0.01458	0.00983	0.00829	0.00243	0.00895	0.00744	0.00825	0.08975
14	0.01238	0.00825	0.00928	0.00928	0.00928	0.00825	0.00516	0.01238	0.01238	0.01650	0.02681	0.05569	0.03094	0.70092	0.04331	0.00825	0.00825	0.01238	0.00516	0.00516
15	0.01138	0.00816	0.01073	0.01241	0.01337	0.00778	0.00906	0.01339	0.01696	0.02228	0.04683	0.45091	0.08502	0.08607	0.01396	0.00397	0.00594	0.16715	0.00764	0.00701
16	0.02258	0.01851	0.02017	0.01627	0.02246	0.01910	0.01297	0.17013	0.29016	0.03714	0.02484	0.02442	0.01885	0.00949	0.00784	0.00227	0.00720	0.00764	0.00742	0.26055
17	0.01238	0.00825	0.00928	0.00928	0.00928	0.00825	0.00516	0.01238	0.01238	0.01650	0.02681	0.05569	0.03094	0.70092	0.04331	0.00825	0.00825	0.01238	0.00516	0.00516
18	0.02891	0.02053	0.02262	0.01767	0.02420	0.02171	0.01440	0.36509	0.14072	0.11520	0.02370	0.02303	0.01701	0.00993	0.00823	0.00244	0.00821	0.00774	0.00827	0.12041
19	0.01833	0.06842	0.43866	0.02832	0.07223	0.02089	0.17959	0.02691	0.01855	0.02675	0.01565	0.01921	0.01148	0.00779	0.00848	0.00269	0.01273	0.00724	0.00381	0.01227
20	0.01607	0.01513	0.02552	0.68047	0.05861	0.01891	0.02363	0.02174	0.01702	0.02174	0.01513	0.02269	0.01134	0.00851	0.00851	0.00284	0.01134	0.00756	0.00378	0.00945
21	0.01478	0.00739	0.01109	0.01109	0.01109	0.00739	0.00739	0.01109	0.01109	0.01478	0.01478	0.02587	0.01478	0.02956	0.03326	0.75240	0.00739	0.00739	0.00370	0.00370
22	0.02513	0.02458	0.03096	0.04061	0.41855	0.13823	0.02250	0.13920	0.02412	0.03140	0.01632	0.01991	0.01321	0.00829	0.00831	0.00247	0.01092	0.00722	0.00505	0.01301
23	0.01728	0.01405	0.01500	0.07292	0.01878	0.08284	0.01102	0.04507	0.01724	0.02473	0.02211	0.03186	0.01986	0.13872	0.13608	0.00549	0.07449	0.00856	0.23577	0.00815
24	0.02041	0.01956	0.03337	0.13413	0.57103	0.02005	0.02579	0.02555	0.01907	0.02701	0.01589	0.02127	0.01320	0.00770	0.00844	0.00257	0.01027	0.00758	0.00416	0.01296
25	0.01114	0.00838	0.01040	0.01150	0.01272	0.00809	0.00797	0.01390	0.04685	0.02212	0.05019	0.44504	0.16064	0.07326	0.07166	0.00456	0.00673	0.02016	0.00746	0.00723
26	0.01029	0.00769	0.00958	0.01108	0.01214	0.00698	0.00756	0.01194	0.01703	0.02202	0.05625	0.54958	0.19605	0.02545	0.01067	0.00332	0.00479	0.02271	0.00790	0.00698
27	0.03215	0.02989	0.02502	0.02043	0.02636	0.25810	0.01627	0.40761	0.03426	0.04176	0.01780	0.01859	0.01320	0.00969	0.00821	0.00242	0.01153	0.00687	0.00702	0.01281
28	0.01822	0.01662	0.02761	0.18149	0.36869	0.01745	0.02262	0.02314	0.01891	0.02592	0.02272	0.03923	0.02145	0.01157	0.00923	0.00293	0.00984	0.14612	0.00498	0.01125
29	0.03235	0.02384	0.02554	0.01958	0.02639	0.02639	0.01618	0.61946	0.04001	0.05363	0.02043	0.02043	0.01447	0.01022	0.00851	0.00255	0.00936	0.00766	0.00851	0.01447
30	0.01238	0.00825	0.00928	0.00928	0.00928	0.00825	0.00516	0.01238	0.01238	0.01650	0.02681	0.05569	0.03094	0.70092	0.04331	0.00825	0.00825	0.01238	0.00516	0.00516
31	0.01216	0.00912	0.01368	0.01368	0.01520	0.01064	0.01064	0.01520	0.01368	0.01976	0.02279	0.03343	0.02127	0.06382	0.66720	0.01368	0.02279	0.00912	0.00456	0.00760
32	0.02295	0.02768	0.07934	0.03499	0.18601	0.17441	0.26539	0.02932	0.04664	0.02620	0.01656	0.02072	0.01300	0.00790	0.00890	0.00261	0.01311	0.00809	0.00444	0.01174
33	0.03784	0.01503	0.02009	0.01540	0.02200	0.01331	0.01272	0.07508	0.02527	0.61884	0.03281	0.02847	0.02068	0.01051	0.00856	0.00263	0.00736	0.00851	0.01042	0.01448
34	0.01238	0.00825	0.00928	0.00928	0.00928	0.00825	0.00516	0.01238	0.01238	0.01650	0.02681	0.05569	0.03094	0.70092	0.04331	0.00825	0.00825	0.01238	0.00516	0.00516
35	0.02491	0.02910	0.02513	0.02214	0.02424	0.33205	0.01758	0.02693	0.01833	0.02065	0.01212	0.01706	0.01107	0.01197	0.01825	0.00299	0.36537	0.00651	0.00404	0.00958
36	0.02117	0.01828	0.01924	0.01732	0.02213	0.02117	0.01347	0.04522	0.63246	0.03560	0.03464	0.03175	0.02598	0.01155	0.00866	0.00289	0.00673	0.00962	0.00866	0.01347
37	0.02106	0.02022	0.03454	0.05223	0.64784	0.02022	0.02612	0.02612	0.01938	0.02780	0.01601	0.02106	0.01348	0.00758	0.00842	0.00253	0.01011	0.00758	0.00421	0.01348
38	0.01216	0.00912	0.01368	0.01368	0.01520	0.01064	0.01064	0.01520	0.01368	0.01976	0.02279	0.03343	0.02127	0.06382	0.66720	0.01368	0.02279	0.00912	0.00456	0.00760
39	0.20997	0.01495	0.01803	0.01420	0.02047	0.01407	0.01173	0.03756	0.02201	0.50745	0.02841	0.02537	0.01825	0.00991	0.00778	0.00263	0.00708	0.00762	0.00928	0.01323
40	0.01478	0.00739	0.01109	0.01109	0.01109	0.00739	0.00739	0.01109	0.01109	0.01478	0.01478	0.02587	0.01478	0.02956	0.03326	0.75240	0.00739	0.00739	0.00370	0.00370
41	0.02490	0.33156	0.03048	0.01543	0.02142	0.08469	0.01352	0.03177	0.13677	0.13266	0.05020	0.02520	0.04822	0.00989	0.00722	0.00228	0.00848	0.00738	0.00629	0.01162
42	0.02738	0.02964	0.02377	0.02077	0.02478	0.32570	0.01625	0.12290	0.14016	0.02858	0.01798	0.01986	0.01439	0.01067	0.01180	0.00267	0.13888	0.00697	0.00570	0.01115
43	0.01113	0.00841	0.01027	0.01034	0.01229	0.00756	0.00755	0.01408	0.02113	0.02836	0.35981	0.19907	0.23796	0.02050	0.01021	0.00289	0.00429	0.01795	0.00864	0.00756
44	0.02275	0.70604	0.04459	0.01456	0.02184	0.03367	0.01456	0.02548	0.01729	0.02002	0.01183	0.01365	0.01092	0.00728	0.00546	0.00182	0.00910	0.00455	0.00364	0.01092
45	0.01227	0.00839	0.00993	0.00972	0.01035	0.00818	0.00605	0.01352	0.01602	0.02198	0.21842	0.05814	0.04628	0.48849	0.03297	0.00652	0.00693	0.01331	0.00647	0.00605
46	0.01607	0.01513	0.02552	0.68047	0.05861	0.01891	0.02363	0.02174	0.01702	0.02174	0.01513	0.02269	0.01134	0.00851	0.00851	0.00284	0.01134	0.00756	0.00378	0.00945
47	0.01238	0.00825	0.00928	0.00928	0.00928	0.00825	0.00516	0.01238	0.01238	0.01650	0.02681	0.05569	0.03094	0.70092	0.04331	0.00825	0.00825	0.01238	0.00516	0.00516
48	0.01155	0.00879	0.01229	0.01244	0.01356	0.00828	0.04763	0.01306	0.01574	0.02076	0.04296	0.41640	0.10050	0.21213	0.01975	0.00469	0.00643	0.01939	0.00690	0.00675
49	0.02904	0.24324	0.03035	0.01968	0.02495	0.47394	0.01587	0.03139	0.02204	0.02058	0.01275	0.01483	0.01095	0.00832	0.00700	0.00208	0.01344	0.00520	0.00416	0.01019
50	0.01147	0.00859	0.01063	0.01029	0.01240	0.00776	0.00766	0.01488	0.02247	0.03069	0.47322	0.11000	0.21067	0.01899	0.01010	0.00277	0.00415	0.01658	0.00893	0.00776
51	0.02447	0.57947	0.04070	0.01596	0.02269	0.15408	0.01492	0.02710	0.01859	0.02018	0.01208	0.01397	0.01093	0.00756	0.00588	0.00189	0.01029	0.00473	0.00378	0.01072
52	0.01024	0.00789	0.00937	0.01056	0.01200	0.00702	0.00733	0.01200	0.01754	0.02223	0.06265	0.44967	0.29183	0.02462	0.01054	0.00322	0.00469	0.02170	0.00790	0.00702
53	0.01190	0.00805	0.00942	0.00989	0.01001	0.00793	0.00581	0.01225	0.01331	0.01774	0.03159	0.20771	0.03696	0.54069	0.03560	0.00711	0.00746	0.01518	0.00581	0.00557
54	0.02846	0.03424	0.02736	0.03134	0.21947	0.46582	0.01945	0.03154	0.02264	0.02300	0.01404	0.01712	0.01174	0.00840	0.00791	0.00230	0.01372	0.00613	0.00433	0.01099

[dist]
# distance from previous block
# <min> <max>
0	2

[block]
# block no. 3 follows, 21 sequences, length 74
# corresponding to MSA columns:
# 178-251
name=unknown_D
#
# <colnr> <probs for GDERKNQSTAVLIFYWHMCP>
#	G	D	E	R	K	N	Q	S	T	A	V	L	I	F	Y	W	H	M	C	P
0	0.01280	0.00821	0.00912	0.00912	0.00936	0.00821	0.00525	0.01329	0.01304	0.01836	0.02693	0.05276	0.02982	0.61646	0.03875	0.00748	0.00773	0.01183	0.09597	0.00550
1	0.01107	0.00801	0.00951	0.01028	0.01118	0.00748	0.00671	0.01234	0.01608	0.02097	0.08301	0.32306	0.16788	0.24825	0.02139	0.00488	0.00585	0.01851	0.00708	0.00645
2	0.11280	0.16336	0.03301	0.03675	0.38635	0.07995	0.02081	0.02655	0.01877	0.02685	0.01438	0.01814	0.01221	0.00766	0.00736	0.00236	0.00993	0.00641	0.00424	0.01211
3	0.02174	0.02004	0.03093	0.04328	0.48532	0.02077	0.02299	0.06462	0.14426	0.03088	0.02002	0.02318	0.01606	0.00854	0.00848	0.00260	0.00939	0.00800	0.00536	0.01354
4	0.01221	0.00889	0.01253	0.01253	0.01366	0.01002	0.00921	0.01446	0.01334	0.01891	0.02384	0.03922	0.02379	0.22955	0.50491	0.01227	0.01901	0.00997	0.00471	0.00696
5	0.02845	0.07309	0.02765	0.02763	0.15437	0.42445	0.01842	0.06878	0.02323	0.02431	0.01404	0.01691	0.01172	0.00882	0.00872	0.00234	0.04548	0.00609	0.00454	0.01094
6	0.02152	0.02129	0.03345	0.07964	0.58043	0.06164	0.02538	0.02642	0.01957	0.02707	0.01578	0.02077	0.01322	0.00770	0.00838	0.00252	0.01050	0.00745	0.00420	0.01306
7	0.01297	0.01081	0.01499	0.04278	0.01697	0.01272	0.01143	0.01477	0.01512	0.02104	0.03369	0.41637	0.03907	0.05392	0.06383	0.00444	0.18363	0.01755	0.00628	0.00762
8	0.01196	0.00808	0.00940	0.00981	0.00991	0.00797	0.00572	0.01227	0.01319	0.01758	0.03097	0.18795	0.03618	0.56151	0.03660	0.00726	0.00757	0.01482	0.00572	0.00552
9	0.01186	0.00832	0.01052	0.01067	0.01158	0.00815	0.00717	0.01377	0.01714	0.02367	0.23505	0.17898	0.05127	0.28286	0.08633	0.00600	0.00761	0.01533	0.00702	0.00668
10	0.03179	0.04056	0.02412	0.02192	0.02631	0.66676	0.01644	0.03398	0.02412	0.02083	0.01315	0.01535	0.01096	0.00877	0.00767	0.00219	0.01535	0.00548	0.00438	0.00987
11	0.02239	0.01801	0.01928	0.01716	0.02210	0.02054	0.01340	0.04495	0.58867	0.08011	0.03456	0.03155	0.02562	0.01147	0.00865	0.00287	0.00677	0.00954	0.00879	0.01354
12	0.01890	0.01699	0.01473	0.01363	0.01562	0.14673	0.00941	0.09966	0.01958	0.02391	0.05835	0.10562	0.02971	0.36085	0.02623	0.00545	0.00932	0.01163	0.00595	0.00773
13	0.18301	0.02231	0.02285	0.01785	0.02434	0.02488	0.01474	0.49655	0.03473	0.05044	0.01866	0.01907	0.01339	0.00974	0.00784	0.00257	0.00879	0.00703	0.00784	0.01339
14	0.01037	0.00741	0.00987	0.01185	0.01234	0.00691	0.00790	0.01185	0.01629	0.02172	0.04690	0.69537	0.05629	0.02666	0.01086	0.00346	0.00494	0.02419	0.00790	0.00691
15	0.02030	0.01443	0.01573	0.01337	0.01607	0.01544	0.00953	0.25315	0.02334	0.03123	0.02428	0.04171	0.02441	0.42699	0.02951	0.00599	0.00869	0.01051	0.00649	0.00885
16	0.01101	0.00786	0.01061	0.01258	0.01336	0.00747	0.00902	0.01296	0.01693	0.02244	0.04655	0.58028	0.05488	0.02606	0.01103	0.00354	0.00549	0.13294	0.00789	0.00709
17	0.03235	0.02384	0.02554	0.01958	0.02639	0.02639	0.01618	0.61946	0.04001	0.05363	0.02043	0.02043	0.01447	0.01022	0.00851	0.00255	0.00936	0.00766	0.00851	0.01447
18	0.01076	0.00865	0.00960	0.00936	0.01193	0.00748	0.00702	0.01357	0.02106	0.02693	0.28323	0.07542	0.44491	0.02008	0.01005	0.00280	0.00421	0.01705	0.00842	0.00748
19	0.02683	0.03161	0.02388	0.02133	0.02467	0.40608	0.01655	0.03225	0.11330	0.02297	0.01590	0.01866	0.01329	0.01075	0.01298	0.00269	0.18454	0.00661	0.00486	0.01027
20	0.36011	0.03131	0.35973	0.01823	0.02744	0.01945	0.02119	0.02606	0.01636	0.03213	0.01369	0.01606	0.01006	0.00800	0.00679	0.00267	0.00981	0.00551	0.00436	0.01103
21	0.02874	0.16585	0.02932	0.02422	0.10142	0.46618	0.01726	0.03139	0.02223	0.02153	0.01325	0.01572	0.01126	0.00834	0.00734	0.00216	0.01351	0.00556	0.00422	0.01051
22	0.01993	0.11218	0.21915	0.02449	0.06452	0.02232	0.13551	0.03285	0.22246	0.02907	0.02169	0.02314	0.01640	0.00893	0.00834	0.00267	0.01041	0.00797	0.00545	0.01251
23	0.02605	0.02360	0.02309	0.15324	0.03117	0.15524	0.01665	0.24499	0.12709	0.03603	0.02063	0.02241	0.01546	0.00977	0.00820	0.00255	0.01023	0.00753	0.05418	0.01192
24	0.02063	0.01062	0.01402	0.01207	0.01565	0.00947	0.00944	0.02431	0.02394	0.23936	0.41284	0.05300	0.08895	0.01533	0.00955	0.00267	0.00510	0.01325	0.00968	0.01013
25	0.13997	0.03828	0.51931	0.02351	0.06416	0.01968	0.02751	0.02659	0.01746	0.02885	0.01474	0.01744	0.01066	0.00803	0.00764	0.00268	0.01146	0.00608	0.00390	0.01207
26	0.01751	0.02181	0.20096	0.01815	0.02496	0.01402	0.04314	0.02408	0.04548	0.06763	0.06057	0.04639	0.02829	0.01335	0.00913	0.00281	0.00888	0.19058	0.00621	0.15604
27	0.01411	0.01208	0.01253	0.01181	0.01535	0.01222	0.00903	0.02417	0.23871	0.02795	0.09039	0.06323	0.40046	0.01781	0.00956	0.00287	0.00517	0.01488	0.00823	0.00947
28	0.01037	0.00856	0.00916	0.00955	0.01206	0.00735	0.00719	0.01258	0.01903	0.02302	0.07829	0.15795	0.52749	0.02232	0.01028	0.00302	0.00465	0.06201	0.00790	0.00720
29	0.02938	0.09695	0.02617	0.02132	0.02543	0.53225	0.01654	0.03158	0.02216	0.02071	0.01279	0.01560	0.01098	0.00939	0.00995	0.00235	0.09669	0.00564	0.00424	0.00989
30	0.01181	0.00813	0.01002	0.01096	0.01137	0.00795	0.00716	0.01281	0.01464	0.01944	0.03622	0.29130	0.04222	0.37758	0.02788	0.00601	0.00701	0.08493	0.00646	0.00611
31	0.02069	0.01294	0.01501	0.01270	0.01689	0.01242	0.01006	0.14450	0.02584	0.15580	0.20626	0.05408	0.24624	0.01598	0.00944	0.00271	0.00585	0.01332	0.00892	0.01034
32	0.01140	0.00858	0.00997	0.01050	0.01218	0.00790	0.00765	0.01337	0.01766	0.02241	0.09590	0.15284	0.28767	0.18511	0.01842	0.00440	0.00591	0.11397	0.00733	0.00683
33	0.02435	0.02674	0.03230	0.04173	0.41528	0.22194	0.06101	0.02864	0.02090	0.02559	0.01520	0.01940	0.01266	0.00793	0.00829	0.00244	0.01202	0.00708	0.00427	0.01222
34	0.02477	0.02886	0.02516	0.02215	0.02419	0.32520	0.01760	0.02678	0.01821	0.02064	0.01210	0.01709	0.01107	0.01203	0.01847	0.00301	0.37253	0.00653	0.00403	0.00957
35	0.01238	0.00825	0.00928	0.00928	0.00928	0.00825	0.00516	0.01238	0.01238	0.01650	0.02681	0.05569	0.03094	0.70092	0.04331	0.00825	0.00825	0.01238	0.00516	0.00516
36	0.02093	0.02109	0.02403	0.02866	0.24249	0.14049	0.01695	0.02604	0.06361	0.02626	0.02035	0.10227	0.01890	0.01009	0.00804	0.00227	0.00925	0.00870	0.00523	0.20434
37	0.02126	0.02285	0.02589	0.19836	0.15225	0.18868	0.02005	0.02492	0.01824	0.02224	0.01473	0.02067	0.01254	0.01478	0.07325	0.00379	0.14413	0.00715	0.00408	0.01013
38	0.01030	0.00766	0.00962	0.01118	0.01217	0.00697	0.00760	0.01192	0.01693	0.02199	0.05503	0.56853	0.17788	0.02561	0.01070	0.00334	0.00481	0.02290	0.00790	0.00697
39	0.02047	0.01933	0.03133	0.12443	0.48955	0.02019	0.02407	0.02821	0.10343	0.02813	0.01846	0.02273	0.01494	0.00824	0.00847	0.00261	0.00980	0.00786	0.00477	0.01299
40	0.02275	0.70604	0.04459	0.01456	0.02184	0.03367	0.01456	0.02548	0.01729	0.02002	0.01183	0.01365	0.01092	0.00728	0.00546	0.00182	0.00910	0.00455	0.00364	0.01092
41	0.01035	0.00749	0.00978	0.01162	0.01228	0.00693	0.00780	0.01188	0.01652	0.02182	0.04973	0.65119	0.09863	0.02629	0.01080	0.00341	0.00489	0.02374	0.00790	0.00693
42	0.01607	0.01513	0.02552	0.68047	0.05861	0.01891	0.02363	0.02174	0.01702	0.02174	0.01513	0.02269	0.01134	0.00851	0.00851	0.00284	0.01134	0.00756	0.00378	0.00945
43	0.01052	0.00769	0.00990	0.01135	0.01229	0.00707	0.00775	0.01237	0.01754	0.02329	0.11964	0.55273	0.12649	0.02502	0.01068	0.00330	0.00476	0.02247	0.00807	0.00707
44	0.01216	0.00912	0.01368	0.01368	0.01520	0.01064	0.01064	0.01520	0.01368	0.01976	0.02279	0.03343	0.02127	0.06382	0.66720	0.01368	0.02279	0.00912	0.00456	0.00760
45	0.01353	0.00814	0.00883	0.00883	0.00949	0.00814	0.00542	0.01485	0.01419	0.02156	0.02713	0.04773	0.02791	0.47142	0.03090	0.00617	0.00683	0.01090	0.25194	0.00608
46	0.01607	0.01513	0.02552	0.68047	0.05861	0.01891	0.02363	0.02174	0.01702	0.02174	0.01513	0.02269	0.01134	0.00851	0.00851	0.00284	0.01134	0.00756	0.00378	0.00945
47	0.02175	0.02153	0.03387	0.05028	0.60775	0.06192	0.02549	0.02662	0.01968	0.02735	0.01582	0.02069	0.01332	0.00766	0.00838	0.00251	0.01045	0.00745	0.00422	0.01325
48	0.02077	0.02193	0.07935	0.05022	0.60384	0.02019	0.02650	0.02618	0.01928	0.02774	0.01595	0.02084	0.01329	0.00762	0.00840	0.00254	0.01029	0.00749	0.00417	0.01341
49	0.03068	0.12190	0.02662	0.02102	0.02576	0.58938	0.01621	0.03294	0.02328	0.02073	0.01299	0.01514	0.01096	0.00859	0.00740	0.00215	0.01458	0.00537	0.00429	0.00999
50	0.02793	0.02318	0.02063	0.01800	0.02312	0.18707	0.01402	0.04142	0.33125	0.17708	0.02880	0.02683	0.02092	0.01059	0.00838	0.00265	0.00909	0.00829	0.00799	0.01277
51	0.03182	0.03958	0.02420	0.02179	0.02631	0.62936	0.01643	0.06817	0.02504	0.02274	0.01358	0.01564	0.01117	0.00885	0.00772	0.00221	0.01500	0.00561	0.00463	0.01013
52	0.01225	0.00876	0.01189	0.01189	0.01279	0.00967	0.00841	0.01405	0.01315	0.01843	0.02443	0.04249	0.02521	0.32322	0.41318	0.01147	0.01687	0.01044	0.00480	0.00660
53	0.01006	0.00862	0.00862	0.00862	0.01149	0.00718	0.00647	0.01221	0.01940	0.02299	0.08621	0.08190	0.64438	0.02155	0.01006	0.00287	0.00431	0.01796	0.00790	0.00718
54	0.01223	0.00883	0.01222	0.01222	0.01323	0.00984	0.00882	0.01426	0.01324	0.01867	0.02413	0.04082	0.02448	0.27543	0.45999	0.01187	0.01796	0.01020	0.00476	0.00679
55	0.01707	0.04402	0.65683	0.02426	0.03683	0.01976	0.03144	0.02695	0.01797	0.02695	0.01527	0.01797	0.01078	0.00809	0.00809	0.00270	0.01258	0.00629	0.00359	0.01258
56	0.73133	0.01676	0.01304	0.01153	0.01686	0.01939	0.00950	0.04925	0.01552	0.03881	0.01220	0.01409	0.00943	0.00799	0.00540	0.00263	0.00670	0.00473	0.00540	0.00943
57	0.01163	0.00868	0.01081	0.01028	0.01246	0.00785	0.00771	0.01526	0.02312	0.03182	0.52815	0.06736	0.19693	0.01826	0.01004	0.00272	0.00408	0.01592	0.00907	0.00785
58	0.01862	0.01862	0.02607	0.02234	0.02234	0.02607	0.01862	0.02048	0.01303	0.02048	0.01117	0.01862	0.01117	0.01489	0.02793	0.00372	0.68535	0.00745	0.00372	0.00931
59	0.01765	0.01513	0.01765	0.01260	0.02017	0.01134	0.01008	0.02143	0.01765	0.02773	0.01513	0.01765	0.01260	0.00630	0.00630	0.00126	0.00630	0.00504	0.00504	0.75295
60	0.01370	0.01095	0.01269	0.01271	0.01558	0.01094	0.01017	0.02118	0.14702	0.02820	0.16036	0.07223	0.25626	0.01930	0.01023	0.00313	0.00573	0.17254	0.00829	0.00881
61	0.01204	0.00870	0.01138	0.01071	0.01271	0.00803	0.00803	0.01606	0.02409	0.03413	0.64335	0.06357	0.08030	0.01740	0.01004	0.00268	0.00401	0.01539	0.00937	0.00803
62	0.03427	0.02076	0.02363	0.01812	0.02486	0.02182	0.01497	0.42931	0.03486	0.25106	0.02476	0.02324	0.01664	0.01032	0.00853	0.00258	0.00867	0.00796	0.00918	0.01448
63	0.03124	0.03256	0.02431	0.02070	0.02604	0.37542	0.01613	0.25865	0.07400	0.03443	0.01748	0.01847	0.01339	0.00952	0.00807	0.00238	0.01244	0.00661	0.00627	0.01189
64	0.01030	0.00767	0.00960	0.01114	0.01216	0.00697	0.00759	0.01193	0.01697	0.02200	0.05551	0.56109	0.18501	0.02554	0.01069	0.00333	0.00480	0.02283	0.00790	0.00697
65	0.01037	0.00741	0.00987	0.01185	0.01234	0.00691	0.00790	0.01185	0.01629	0.02172	0.04690	0.69537	0.05629	0.02666	0.01086	0.00346	0.00494	0.02419	0.00790	0.00691
66	0.03194	0.03621	0.02449	0.02131	0.02633	0.50018	0.01637	0.18628	0.02825	0.02936	0.01505	0.01667	0.01188	0.00915	0.00789	0.00229	0.01379	0.00605	0.00546	0.01106
67	0.26645	0.01470	0.01314	0.01173	0.01562	0.04143	0.00926	0.12130	0.02058	0.03653	0.02170	0.05904	0.01783	0.01015	0.00648	0.00238	0.00625	0.00756	0.30839	0.00947
68	0.02059	0.01974	0.03332	0.04651	0.53857	0.01921	0.05603	0.02561	0.01920	0.02776	0.01596	0.02075	0.01334	0.00740	0.00825	0.00239	0.00987	0.00740	0.00432	0.10376
69	0.15313	0.01258	0.01526	0.01549	0.06130	0.01307	0.01096	0.04721	0.01764	0.12569	0.02827	0.04079	0.05641	0.16462	0.14198	0.00604	0.01051	0.06347	0.00639	0.00919
70	0.10677	0.01113	0.01253	0.01249	0.01505	0.01135	0.00908	0.02183	0.11462	0.08984	0.04153	0.33609	0.09497	0.06841	0.01186	0.00347	0.00584	0.01647	0.00777	0.00890
71	0.11147	0.02073	0.02596	0.02854	0.20150	0.12393	0.09239	0.05002	0.02124	0.02962	0.11162	0.03413	0.02639	0.01111	0.00873	0.00271	0.00988	0.07357	0.00573	0.01071
72	0.09654	0.06659	0.23090	0.06146	0.02888	0.14241	0.01954	0.02813	0.01960	0.09247	0.04333	0.02021	0.01499	0.00864	0.00754	0.00239	0.01061	0.00645	0.00507	0.09427
73	0.11872	0.06633	0.03206	0.02832	0.13152	0.23219	0.17296	0.02980	0.02070	0.06661	0.01576	0.01886	0.01231	0.00808	0.00804	0.00249	0.01224	0.00705	0.00480	0.01116

[dist]
# distance from previous block
# <min> <max>
26	243

[block]
# block no. 4 follows, 21 sequences, length 31
# corresponding to MSA columns:
# 495-525
name=unknown_E
#
# <colnr> <probs for GDERKNQSTAVLIFYWHMCP>
#	G	D	E	R	K	N	Q	S	T	A	V	L	I	F	Y	W	H	M	C	P
0	0.10488	0.11210	0.11706	0.02152	0.07268	0.18800	0.01801	0.16646	0.02473	0.07432	0.01644	0.01788	0.01243	0.00876	0.00752	0.00240	0.01095	0.00626	0.00563	0.01197
1	0.09529	0.19796	0.07717	0.02425	0.16223	0.10939	0.01737	0.02473	0.01771	0.02419	0.01547	0.01996	0.01345	0.01930	0.14264	0.00462	0.01301	0.00644	0.00422	0.01063
2	0.04639	0.05649	0.07593	0.06551	0.02889	0.05151	0.14786	0.08414	0.06736	0.02766	0.02108	0.07432	0.01839	0.02149	0.14479	0.00502	0.03803	0.00937	0.00528	0.01047
3	0.01732	0.01218	0.01453	0.06377	0.01829	0.01339	0.01058	0.12467	0.02052	0.02990	0.03090	0.03680	0.09643	0.07785	0.12534	0.00488	0.04341	0.00964	0.24070	0.00891
4	0.02707	0.02697	0.02062	0.01806	0.02262	0.29092	0.01395	0.15883	0.14066	0.03257	0.02135	0.02244	0.01647	0.00980	0.00773	0.00236	0.01042	0.00716	0.13881	0.01118
5	0.01990	0.07048	0.02612	0.08536	0.02816	0.01909	0.11750	0.11357	0.14818	0.03156	0.06092	0.03279	0.10150	0.01095	0.00859	0.00255	0.00857	0.00966	0.00652	0.09803
6	0.15172	0.01452	0.01586	0.01407	0.01748	0.01605	0.01081	0.19895	0.02190	0.03301	0.02381	0.11274	0.02305	0.13811	0.16438	0.00616	0.01120	0.01030	0.00640	0.00948
7	0.02340	0.02024	0.02142	0.01670	0.02283	0.06896	0.01347	0.19827	0.07159	0.03461	0.01762	0.01946	0.01391	0.00890	0.00941	0.00208	0.07628	0.00643	0.00615	0.34825
8	0.01655	0.01482	0.01507	0.01382	0.01698	0.11001	0.01070	0.01985	0.01804	0.02474	0.10559	0.03407	0.02725	0.03182	0.26717	0.00665	0.01367	0.02989	0.08224	0.14106
9	0.01878	0.28717	0.18139	0.02043	0.02800	0.02354	0.12517	0.02403	0.01720	0.02287	0.01584	0.02038	0.01337	0.01907	0.14292	0.00465	0.01366	0.00687	0.00394	0.01072
10	0.01782	0.01315	0.01567	0.01419	0.01606	0.01497	0.01071	0.13990	0.02004	0.02878	0.02726	0.18150	0.02793	0.15467	0.01928	0.00403	0.13414	0.01235	0.13879	0.00874
11	0.01659	0.01230	0.01405	0.01288	0.01689	0.01167	0.01023	0.04196	0.12787	0.07627	0.05223	0.09278	0.25093	0.01702	0.00943	0.00282	0.00601	0.10634	0.00785	0.11388
12	0.02378	0.63060	0.04227	0.01540	0.02235	0.10544	0.01477	0.02645	0.01807	0.02011	0.01198	0.01384	0.01093	0.00745	0.00571	0.00186	0.00981	0.00466	0.00372	0.01080
13	0.01655	0.01626	0.12772	0.01422	0.01812	0.01262	0.01313	0.08025	0.01781	0.02683	0.02113	0.02758	0.01772	0.02825	0.19821	0.13495	0.01197	0.00785	0.20023	0.00861
14	0.02566	0.37107	0.03892	0.01998	0.02694	0.13134	0.12233	0.07412	0.02118	0.07288	0.01534	0.01729	0.01234	0.00798	0.00711	0.00219	0.01092	0.00623	0.00479	0.01140
15	0.01287	0.00952	0.01108	0.01045	0.01232	0.00853	0.00684	0.01411	0.01480	0.02039	0.03306	0.18309	0.07857	0.36661	0.02645	0.00541	0.00686	0.01375	0.00591	0.15939
16	0.01897	0.17422	0.37408	0.02546	0.08097	0.02331	0.08552	0.02613	0.01778	0.02514	0.01451	0.01787	0.01126	0.00830	0.00926	0.00260	0.06243	0.00650	0.00373	0.01195
17	0.01167	0.00803	0.00986	0.01081	0.01116	0.00783	0.00692	0.01257	0.01451	0.01930	0.03632	0.31684	0.04255	0.37671	0.02779	0.00598	0.00688	0.06171	0.00647	0.00607
18	0.03037	0.15361	0.02826	0.01981	0.02554	0.33513	0.01602	0.23237	0.02833	0.03188	0.01540	0.01678	0.01215	0.00900	0.00757	0.00225	0.01219	0.00606	0.00566	0.01163
19	0.09637	0.46525	0.16613	0.01661	0.02462	0.06293	0.01759	0.02619	0.01751	0.02332	0.01261	0.01465	0.01072	0.00759	0.00610	0.00210	0.00989	0.00496	0.00383	0.01103
20	0.01728	0.01222	0.01554	0.01455	0.01618	0.01356	0.01082	0.09031	0.01847	0.07709	0.03163	0.29579	0.03427	0.14429	0.04443	0.00458	0.12838	0.01517	0.00683	0.00860
21	0.01195	0.00810	0.00950	0.00987	0.01006	0.00797	0.00585	0.01243	0.01370	0.01836	0.05822	0.18777	0.03834	0.53183	0.03516	0.00702	0.00738	0.01494	0.00591	0.00565
22	0.01138	0.00801	0.01044	0.01200	0.01266	0.00770	0.00837	0.01299	0.01608	0.02132	0.04245	0.45691	0.04977	0.16470	0.01769	0.00452	0.00614	0.12284	0.00732	0.00672
23	0.01725	0.02606	0.25128	0.02237	0.02984	0.01810	0.13252	0.02783	0.14361	0.02699	0.02150	0.02560	0.01692	0.02254	0.17310	0.00551	0.01426	0.00839	0.00501	0.01131
24	0.03106	0.03668	0.02510	0.02387	0.07305	0.52825	0.01713	0.11558	0.02599	0.02596	0.01439	0.01649	0.01164	0.00888	0.00785	0.00227	0.01411	0.00595	0.00495	0.01078
25	0.01992	0.01884	0.02148	0.13223	0.02797	0.13786	0.06100	0.09552	0.02029	0.02603	0.01935	0.02563	0.01619	0.02853	0.24341	0.00648	0.01556	0.00796	0.06621	0.00952
26	0.01753	0.10133	0.02029	0.01593	0.01857	0.13477	0.01276	0.02029	0.01599	0.02004	0.01883	0.02661	0.01738	0.04323	0.41851	0.00939	0.06790	0.00777	0.00435	0.00855
27	0.01717	0.08068	0.01800	0.01425	0.01724	0.01405	0.01150	0.02194	0.06641	0.09910	0.02399	0.03075	0.02060	0.04726	0.46521	0.01023	0.01818	0.00863	0.00554	0.00926
28	0.14571	0.01640	0.02623	0.07878	0.20133	0.01699	0.12851	0.02216	0.01662	0.02610	0.01818	0.02834	0.01665	0.15438	0.06489	0.00465	0.01096	0.00863	0.00460	0.00990
29	0.01765	0.01465	0.02187	0.02352	0.13706	0.01693	0.03672	0.02273	0.06524	0.05105	0.02056	0.02703	0.01771	0.02988	0.24778	0.00677	0.16221	0.00842	0.06221	0.01001
30	0.17136	0.01048	0.01240	0.03652	0.01595	0.01128	0.00972	0.01696	0.01697	0.02718	0.14037	0.17603	0.07052	0.02969	0.18206	0.00580	0.01017	0.04203	0.00657	0.00794

[dist]
# distance from previous block
# <min> <max>
7	53

[block]
# block no. 5 follows, 21 sequences, length 19
# corresponding to MSA columns:
# 579-597
name=unknown_F
#
# <colnr> <probs for GDERKNQSTAVLIFYWHMCP>
#	G	D	E	R	K	N	Q	S	T	A	V	L	I	F	Y	W	H	M	C	P
0	0.01801	0.02351	0.19635	0.02923	0.24047	0.03627	0.02097	0.02339	0.01936	0.05718	0.06632	0.09906	0.10918	0.01234	0.00888	0.00272	0.00912	0.01078	0.00555	0.01131
1	0.02192	0.05926	0.05932	0.02960	0.25831	0.01858	0.01841	0.05858	0.13548	0.10133	0.09040	0.06385	0.02588	0.01087	0.00860	0.00264	0.00826	0.00955	0.00665	0.01251
2	0.02627	0.21871	0.16465	0.02024	0.02736	0.30343	0.01911	0.08069	0.02234	0.02475	0.01388	0.01589	0.01121	0.00835	0.00724	0.00223	0.01256	0.00559	0.00437	0.01112
3	0.06392	0.31015	0.33484	0.01943	0.02896	0.06250	0.02244	0.02665	0.01784	0.02445	0.01356	0.01583	0.01076	0.00779	0.00683	0.00231	0.01098	0.00544	0.00376	0.01155
4	0.01928	0.01553	0.01768	0.01569	0.04921	0.01503	0.01163	0.16784	0.08468	0.03317	0.03808	0.10400	0.16479	0.01345	0.00852	0.00240	0.00668	0.01120	0.00717	0.21398
5	0.01364	0.00976	0.01183	0.01126	0.01407	0.00847	0.00832	0.01616	0.01871	0.05869	0.14050	0.22078	0.17937	0.07778	0.01252	0.00324	0.00546	0.04985	0.00755	0.13201
6	0.01992	0.17687	0.19838	0.02837	0.03767	0.02373	0.34159	0.02680	0.01896	0.02561	0.01557	0.01970	0.01195	0.00742	0.00856	0.00260	0.01277	0.00792	0.00398	0.01163
7	0.02489	0.02561	0.02903	0.13271	0.29971	0.19989	0.02166	0.11201	0.02327	0.02864	0.01572	0.01963	0.01261	0.00842	0.00824	0.00248	0.01164	0.00701	0.00481	0.01202
8	0.01339	0.01102	0.01528	0.01458	0.01556	0.01326	0.01122	0.01565	0.01458	0.02079	0.06314	0.10788	0.06024	0.11558	0.30208	0.00840	0.17290	0.01155	0.00525	0.00765
9	0.01278	0.01051	0.01398	0.01441	0.01545	0.01170	0.01118	0.01494	0.01671	0.02239	0.04466	0.33646	0.13333	0.02270	0.01463	0.00352	0.15356	0.13246	0.00698	0.00766
10	0.02189	0.01969	0.02677	0.09081	0.06580	0.08355	0.10380	0.02909	0.12024	0.09248	0.02041	0.02427	0.01610	0.01597	0.07906	0.00403	0.16119	0.00830	0.00554	0.01102
11	0.01224	0.01183	0.01018	0.00996	0.01298	0.07336	0.00747	0.01440	0.01987	0.02277	0.07888	0.07522	0.58083	0.02027	0.00982	0.00281	0.00542	0.01671	0.00755	0.00745
12	0.01854	0.01019	0.01230	0.01131	0.01443	0.00906	0.00856	0.02070	0.01923	0.19448	0.05458	0.09439	0.27205	0.15269	0.01638	0.00399	0.00622	0.06398	0.00808	0.00883
13	0.02423	0.02729	0.24903	0.03020	0.18477	0.01812	0.10176	0.03076	0.02034	0.19874	0.02072	0.02240	0.01454	0.00851	0.00856	0.00266	0.01074	0.00772	0.00574	0.01318
14	0.06163	0.01913	0.02712	0.24742	0.18982	0.02195	0.02099	0.18204	0.02319	0.03248	0.01619	0.02080	0.01257	0.00934	0.01026	0.00276	0.07788	0.00742	0.00522	0.01176
15	0.02270	0.02330	0.02454	0.09876	0.19569	0.17916	0.01817	0.06219	0.15634	0.02804	0.02659	0.02825	0.07873	0.01039	0.00847	0.00259	0.01017	0.00856	0.00579	0.01157
16	0.02305	0.02481	0.02964	0.03656	0.32298	0.18167	0.02167	0.02652	0.01881	0.02407	0.01398	0.01898	0.01223	0.00988	0.01358	0.00277	0.19620	0.00703	0.00412	0.01144
17	0.01188	0.00989	0.01224	0.01399	0.07717	0.00887	0.00927	0.01489	0.02057	0.02637	0.21448	0.07194	0.40713	0.01921	0.00998	0.00285	0.00503	0.04830	0.00788	0.00807
18	0.01481	0.00761	0.01013	0.01013	0.01062	0.00761	0.00681	0.01338	0.01289	0.01914	0.01920	0.03031	0.01814	0.09207	0.02752	0.49220	0.00663	0.00802	0.18791	0.00489

[dist]
# distance from previous block
# <min> <max>
0	2

[block]
# block no. 6 follows, 21 sequences, length 153
# corresponding to MSA columns:
# 600-752
name=unknown_G
#
# <colnr> <probs for GDERKNQSTAVLIFYWHMCP>
#	G	D	E	R	K	N	Q	S	T	A	V	L	I	F	Y	W	H	M	C	P
0	0.02063	0.02037	0.03595	0.07524	0.42991	0.02053	0.15064	0.02802	0.07949	0.02816	0.01805	0.02259	0.01448	0.00793	0.00880	0.00265	0.01074	0.00831	0.00465	0.01286
1	0.02372	0.02561	0.02423	0.26970	0.06886	0.26408	0.01891	0.08556	0.04691	0.02546	0.01982	0.02338	0.04861	0.00960	0.00828	0.00255	0.01201	0.00747	0.00493	0.01034
2	0.01066	0.00788	0.00983	0.01114	0.01224	0.00723	0.00770	0.01244	0.01728	0.02255	0.08778	0.47285	0.17505	0.06374	0.01256	0.00359	0.00507	0.04563	0.00782	0.00697
3	0.02095	0.06558	0.24472	0.02618	0.08951	0.15226	0.08699	0.02655	0.01884	0.02429	0.01769	0.02120	0.04154	0.00974	0.01130	0.00272	0.11736	0.00730	0.00412	0.01115
4	0.01123	0.00848	0.01055	0.01165	0.01338	0.00779	0.00885	0.01375	0.01881	0.02422	0.11710	0.30027	0.23935	0.02342	0.01074	0.00331	0.00534	0.15639	0.00803	0.00733
5	0.02496	0.02236	0.09837	0.05954	0.17574	0.02008	0.01948	0.20526	0.02531	0.10123	0.01874	0.02083	0.01394	0.00891	0.00894	0.00244	0.03783	0.00718	0.00619	0.12268
6	0.02661	0.03295	0.02042	0.01875	0.02278	0.50955	0.01406	0.02879	0.02299	0.02134	0.03057	0.03121	0.16194	0.01182	0.00824	0.00235	0.01272	0.00846	0.00522	0.00923
7	0.02548	0.19067	0.03638	0.02514	0.06559	0.21509	0.17468	0.08764	0.05168	0.02665	0.01581	0.01856	0.01267	0.00820	0.00794	0.00237	0.01230	0.00699	0.00478	0.01137
8	0.01227	0.00821	0.00931	0.00942	0.00944	0.00818	0.00530	0.01235	0.01258	0.01678	0.02788	0.08977	0.03229	0.66500	0.04159	0.00799	0.00807	0.01301	0.00530	0.00525
9	0.01994	0.06453	0.36433	0.02351	0.03152	0.11613	0.04886	0.02638	0.01774	0.02424	0.01392	0.01776	0.01099	0.00974	0.01272	0.00284	0.17326	0.00652	0.00377	0.01129
10	0.12447	0.02298	0.02147	0.02139	0.08213	0.21164	0.01541	0.02497	0.01761	0.02456	0.01508	0.02009	0.01316	0.01700	0.09365	0.00408	0.19025	0.00673	0.06377	0.00955
11	0.01037	0.00741	0.00987	0.01185	0.01234	0.00691	0.00790	0.01185	0.01629	0.02172	0.04690	0.69537	0.05629	0.02666	0.01086	0.00346	0.00494	0.02419	0.00790	0.00691
12	0.01707	0.04402	0.65683	0.02426	0.03683	0.01976	0.03144	0.02695	0.01797	0.02695	0.01527	0.01797	0.01078	0.00809	0.00809	0.00270	0.01258	0.00629	0.00359	0.01258
13	0.01607	0.01513	0.02552	0.68047	0.05861	0.01891	0.02363	0.02174	0.01702	0.02174	0.01513	0.02269	0.01134	0.00851	0.00851	0.00284	0.01134	0.00756	0.00378	0.00945
14	0.01037	0.00741	0.00987	0.01185	0.01234	0.00691	0.00790	0.01185	0.01629	0.02172	0.04690	0.69537	0.05629	0.02666	0.01086	0.00346	0.00494	0.02419	0.00790	0.00691
15	0.01107	0.00866	0.01002	0.00968	0.01212	0.00761	0.00726	0.01417	0.02178	0.02866	0.36973	0.07257	0.35733	0.01944	0.01005	0.00277	0.00416	0.01665	0.00865	0.00761
16	0.01028	0.00776	0.00950	0.01090	0.01209	0.00699	0.00748	0.01196	0.01721	0.02210	0.05850	0.51445	0.22972	0.02515	0.01062	0.00328	0.00475	0.02235	0.00790	0.00699
17	0.02275	0.70604	0.04459	0.01456	0.02184	0.03367	0.01456	0.02548	0.01729	0.02002	0.01183	0.01365	0.01092	0.00728	0.00546	0.00182	0.00910	0.00455	0.00364	0.01092
18	0.01204	0.00870	0.01138	0.01071	0.01271	0.00803	0.00803	0.01606	0.02409	0.03413	0.64335	0.06357	0.08030	0.01740	0.01004	0.00268	0.00401	0.01539	0.00937	0.00803
19	0.01835	0.03638	0.45700	0.03324	0.23304	0.01991	0.02973	0.02668	0.01842	0.02722	0.01551	0.01896	0.01165	0.00792	0.00819	0.00264	0.01178	0.00670	0.00379	0.01287
20	0.01037	0.00783	0.00959	0.01086	0.01212	0.00705	0.00749	0.01218	0.01760	0.02274	0.08973	0.48480	0.22746	0.02470	0.01059	0.00325	0.00471	0.02193	0.00798	0.00705
21	0.01975	0.01888	0.03217	0.21785	0.49251	0.01987	0.02546	0.02496	0.01876	0.02621	0.01577	0.02149	0.01292	0.00783	0.00845	0.00261	0.01044	0.00758	0.00410	0.01242
22	0.76103	0.01646	0.01251	0.01119	0.01646	0.01909	0.00922	0.02502	0.01448	0.03818	0.01185	0.01382	0.00922	0.00790	0.00527	0.00263	0.00658	0.00461	0.00527	0.00922
23	0.02323	0.35219	0.22027	0.01918	0.02733	0.18047	0.01999	0.02794	0.01912	0.02226	0.01316	0.01533	0.01089	0.00787	0.00676	0.00217	0.01161	0.00528	0.00380	0.01116
24	0.01898	0.26669	0.45091	0.02099	0.03179	0.02444	0.02576	0.02646	0.01774	0.02462	0.01411	0.01652	0.01083	0.00781	0.00720	0.00240	0.01141	0.00570	0.00361	0.01202
25	0.01037	0.00741	0.00987	0.01185	0.01234	0.00691	0.00790	0.01185	0.01629	0.02172	0.04690	0.69537	0.05629	0.02666	0.01086	0.00346	0.00494	0.02419	0.00790	0.00691
26	0.01037	0.00741	0.00987	0.01185	0.01234	0.00691	0.00790	0.01185	0.01629	0.02172	0.04690	0.69537	0.05629	0.02666	0.01086	0.00346	0.00494	0.02419	0.00790	0.00691
27	0.01696	0.01126	0.01216	0.01035	0.01440	0.01032	0.00801	0.02283	0.07801	0.03082	0.02438	0.02721	0.01926	0.00891	0.00633	0.00184	0.00499	0.00717	0.43706	0.24772
28	0.01238	0.00825	0.00928	0.00928	0.00928	0.00825	0.00516	0.01238	0.01238	0.01650	0.02681	0.05569	0.03094	0.70092	0.04331	0.00825	0.00825	0.01238	0.00516	0.00516
