[name]
unknown

[dist]
# distance from previous block
# <min> <max>
0	0

[block]
# block no. 0 follows, 22 sequences, length 25
# corresponding to MSA columns:
# 0-24
name=unknown_A
#
# <colnr> <probs for GDERKNQSTAVLIFYWHMCP>
#	G	D	E	R	K	N	Q	S	T	A	V	L	I	F	Y	W	H	M	C	P
0	0.01339	0.00956	0.01339	0.01530	0.01721	0.00956	0.01339	0.01721	0.01912	0.02486	0.04399	0.09371	0.04781	0.02295	0.01147	0.00382	0.00765	0.60031	0.00765	0.00765
1	0.02088	0.55219	0.19271	0.01649	0.02483	0.02961	0.01817	0.02522	0.01704	0.02117	0.01236	0.01434	0.01063	0.00730	0.00595	0.00198	0.00970	0.00485	0.00354	0.01105
2	0.02056	0.01974	0.03372	0.05099	0.65622	0.01974	0.02550	0.02550	0.01892	0.02714	0.01563	0.02056	0.01316	0.00740	0.00822	0.00247	0.00987	0.00740	0.00411	0.01316
3	0.01208	0.00805	0.00906	0.00906	0.00906	0.00805	0.00503	0.01208	0.01208	0.01611	0.02618	0.05436	0.03020	0.70804	0.04228	0.00805	0.00805	0.01208	0.00503	0.00503
4	0.02056	0.01974	0.03372	0.05099	0.65622	0.01974	0.02550	0.02550	0.01892	0.02714	0.01563	0.02056	0.01316	0.00740	0.00822	0.00247	0.00987	0.00740	0.00411	0.01316
5	0.01795	0.01693	0.02737	0.13567	0.42951	0.01733	0.02126	0.02318	0.04257	0.02573	0.02835	0.03172	0.12668	0.01010	0.00853	0.00258	0.00892	0.00927	0.00486	0.01149
6	0.01549	0.00774	0.00774	0.00774	0.00968	0.00774	0.00581	0.01936	0.01742	0.03097	0.02710	0.03097	0.02129	0.00968	0.00581	0.00194	0.00387	0.00774	0.75416	0.00774
7	0.01916	0.01793	0.02867	0.12038	0.42945	0.01750	0.02144	0.02387	0.01823	0.02639	0.01531	0.01996	0.01270	0.00721	0.00774	0.00221	0.00913	0.00680	0.00425	0.19167
8	0.01997	0.01914	0.03266	0.12791	0.58390	0.01958	0.02520	0.02498	0.01864	0.02643	0.01552	0.02075	0.01291	0.00751	0.00823	0.00250	0.01001	0.00740	0.00406	0.01268
9	0.01811	0.01724	0.02929	0.37160	0.35477	0.01909	0.02428	0.02335	0.01776	0.02416	0.01519	0.02136	0.01211	0.00786	0.00827	0.00262	0.01048	0.00739	0.00390	0.01118
10	0.02262	0.02613	0.02231	0.18216	0.09357	0.33361	0.01701	0.02592	0.02078	0.02202	0.04831	0.02807	0.10248	0.01044	0.00817	0.00243	0.01161	0.00810	0.00479	0.00945
11	0.01136	0.00780	0.00944	0.01007	0.01041	0.00757	0.00622	0.01221	0.01442	0.01939	0.08706	0.28405	0.04310	0.40750	0.02829	0.00593	0.00655	0.01641	0.00633	0.00588
12	0.34579	0.01534	0.01933	0.39045	0.03913	0.01854	0.01689	0.02263	0.01552	0.02828	0.01336	0.01835	0.01016	0.00804	0.00691	0.00268	0.00903	0.00612	0.00433	0.00913
13	0.16339	0.02143	0.02370	0.05764	0.02664	0.02383	0.04216	0.45652	0.03236	0.04665	0.01798	0.01901	0.01295	0.00933	0.00780	0.00254	0.00898	0.00704	0.00728	0.01278
14	0.01265	0.00978	0.01183	0.01285	0.01434	0.01009	0.00902	0.01939	0.16601	0.02446	0.04291	0.54140	0.04784	0.02248	0.01009	0.00324	0.00524	0.02020	0.00789	0.00828
15	0.01809	0.01726	0.02832	0.20171	0.38673	0.01871	0.02235	0.02261	0.01778	0.02456	0.02164	0.02651	0.07466	0.00961	0.01016	0.00268	0.07272	0.00837	0.00431	0.01121
16	0.09375	0.01818	0.02946	0.19993	0.44864	0.01932	0.02327	0.02436	0.01789	0.02673	0.01502	0.02024	0.01224	0.00765	0.00794	0.00255	0.00982	0.00711	0.00411	0.01180
17	0.02817	0.02473	0.02086	0.01812	0.02315	0.23856	0.01410	0.07637	0.27181	0.15755	0.02570	0.02438	0.01877	0.01008	0.00810	0.00252	0.00965	0.00771	0.00741	0.01223
18	0.01997	0.01894	0.03118	0.12636	0.52051	0.01967	0.02400	0.02678	0.07916	0.02715	0.01729	0.02177	0.01409	0.00789	0.00826	0.00254	0.00970	0.00759	0.00448	0.01267
19	0.01817	0.01432	0.01936	0.01841	0.07981	0.01482	0.07177	0.15049	0.04761	0.02725	0.02435	0.07745	0.02453	0.34690	0.02497	0.00527	0.00880	0.01095	0.00588	0.00888
20	0.01315	0.00947	0.01036	0.01017	0.01208	0.00913	0.00712	0.07261	0.01836	0.02430	0.04956	0.18354	0.24825	0.20001	0.01794	0.00418	0.00578	0.01533	0.08145	0.00721
21	0.01311	0.01160	0.01625	0.02180	0.20533	0.01079	0.01234	0.01594	0.01837	0.02363	0.05643	0.17764	0.34953	0.01786	0.00948	0.00281	0.00602	0.01562	0.00663	0.00881
22	0.01952	0.01864	0.03126	0.04685	0.59348	0.01850	0.02363	0.02418	0.01892	0.02668	0.02229	0.02634	0.07538	0.00873	0.00838	0.00250	0.00932	0.00839	0.00446	0.01256
23	0.02066	0.02040	0.03213	0.11951	0.55177	0.05942	0.02465	0.02549	0.01894	0.02607	0.01536	0.02040	0.01278	0.00757	0.00819	0.00248	0.01031	0.00728	0.00408	0.01251
24	0.01911	0.06035	0.03297	0.09822	0.25906	0.01944	0.16545	0.06123	0.01901	0.02617	0.01702	0.02282	0.01408	0.01727	0.12662	0.00447	0.01307	0.00807	0.00438	0.01120

[dist]
# distance from previous block
# <min> <max>
1	6

[block]
# block no. 1 follows, 22 sequences, length 35
# corresponding to MSA columns:
# 31-65
name=unknown_B
#
# <colnr> <probs for GDERKNQSTAVLIFYWHMCP>
#	G	D	E	R	K	N	Q	S	T	A	V	L	I	F	Y	W	H	M	C	P
0	0.07704	0.01839	0.12144	0.02289	0.17265	0.01472	0.01604	0.05715	0.01962	0.06378	0.16467	0.03542	0.03089	0.13361	0.01431	0.00353	0.00809	0.00961	0.00601	0.01014
1	0.02158	0.02977	0.23856	0.02718	0.17354	0.11463	0.02201	0.13351	0.02274	0.02988	0.02328	0.02515	0.08236	0.00969	0.00820	0.00252	0.01066	0.00781	0.00508	0.01185
2	0.02596	0.05714	0.18532	0.02054	0.02768	0.07956	0.01973	0.33620	0.02857	0.03824	0.01675	0.01846	0.01244	0.00972	0.01010	0.00259	0.08551	0.00682	0.00606	0.01259
3	0.02190	0.01947	0.02960	0.15206	0.39206	0.02076	0.02244	0.14455	0.05903	0.03154	0.01740	0.02132	0.01371	0.00829	0.00827	0.00254	0.00974	0.00753	0.00512	0.01267
4	0.18665	0.02207	0.02268	0.02263	0.13407	0.09324	0.01555	0.29284	0.02733	0.03950	0.02014	0.02143	0.04771	0.00949	0.00761	0.00248	0.00905	0.00715	0.00641	0.01197
5	0.02553	0.14811	0.02770	0.04672	0.10829	0.22511	0.01660	0.11911	0.14853	0.02869	0.01832	0.01964	0.01449	0.00890	0.00755	0.00233	0.01054	0.00666	0.00554	0.01163
6	0.04713	0.01538	0.01557	0.01375	0.01696	0.07619	0.01054	0.16815	0.02320	0.03101	0.15487	0.04110	0.10004	0.11357	0.13068	0.00517	0.01016	0.01065	0.00680	0.00907
7	0.04717	0.01200	0.01428	0.01272	0.01580	0.01186	0.00946	0.12035	0.02146	0.16350	0.09709	0.20011	0.06104	0.15601	0.01584	0.00387	0.00660	0.01357	0.00787	0.00939
8	0.01852	0.02161	0.13562	0.01839	0.02588	0.01677	0.08477	0.03007	0.22044	0.02938	0.02122	0.02235	0.01627	0.00822	0.00762	0.00217	0.00826	0.00715	0.00574	0.29954
9	0.02973	0.03144	0.02543	0.02483	0.11476	0.36949	0.01730	0.22723	0.02797	0.03179	0.01556	0.01740	0.01217	0.00886	0.00786	0.00230	0.01235	0.00634	0.00558	0.01160
10	0.02175	0.41058	0.10314	0.01594	0.02248	0.15762	0.01535	0.02500	0.01857	0.02083	0.02174	0.02290	0.09525	0.00932	0.00664	0.00208	0.00987	0.00654	0.00424	0.01015
11	0.01183	0.00814	0.00999	0.01019	0.01054	0.00839	0.00640	0.01258	0.01274	0.01729	0.02745	0.11826	0.03090	0.50577	0.16678	0.00863	0.01058	0.01265	0.00520	0.00570
12	0.00982	0.00842	0.00842	0.00842	0.01122	0.00701	0.00631	0.01192	0.01894	0.02244	0.08416	0.07995	0.65285	0.02104	0.00982	0.00281	0.00421	0.01753	0.00771	0.00701
13	0.02065	0.01809	0.02075	0.02140	0.10520	0.02054	0.01478	0.04169	0.55924	0.03375	0.03142	0.02962	0.02375	0.01076	0.00842	0.00277	0.00701	0.00913	0.00788	0.01315
14	0.03114	0.03630	0.02382	0.02094	0.02570	0.54361	0.01600	0.15343	0.02668	0.02680	0.01428	0.01598	0.01139	0.00885	0.00766	0.00221	0.01380	0.00578	0.00509	0.01054
15	0.01421	0.01090	0.01221	0.01126	0.01421	0.01051	0.00857	0.12164	0.02331	0.03045	0.21886	0.14663	0.30853	0.01866	0.00965	0.00277	0.00508	0.01589	0.00820	0.00845
16	0.00982	0.00842	0.00842	0.00842	0.01122	0.00701	0.00631	0.01192	0.01894	0.02244	0.08416	0.07995	0.65285	0.02104	0.00982	0.00281	0.00421	0.01753	0.00771	0.00701
17	0.01025	0.00827	0.00912	0.00924	0.01157	0.00714	0.00680	0.01263	0.01946	0.02448	0.19377	0.15836	0.45805	0.02088	0.00992	0.00284	0.00423	0.01783	0.00800	0.00714
18	0.02056	0.01974	0.03372	0.05099	0.65622	0.01974	0.02550	0.02550	0.01892	0.02714	0.01563	0.02056	0.01316	0.00740	0.00822	0.00247	0.00987	0.00740	0.00411	0.01316
19	0.01187	0.00890	0.01335	0.01335	0.01483	0.01038	0.01038	0.01483	0.01335	0.01928	0.02225	0.03264	0.02077	0.06231	0.67512	0.01335	0.02225	0.00890	0.00445	0.00742
20	0.01064	0.00770	0.01005	0.01104	0.01212	0.00712	0.00768	0.01292	0.01853	0.02521	0.24480	0.46268	0.09297	0.02283	0.01030	0.00310	0.00450	0.02051	0.00818	0.00712
21	0.02942	0.03472	0.02388	0.09433	0.02916	0.51712	0.01679	0.11029	0.02482	0.02465	0.01399	0.01642	0.01119	0.00872	0.00769	0.00226	0.01378	0.00585	0.00475	0.01018
22	0.02132	0.16581	0.12177	0.03234	0.21136	0.09726	0.18266	0.02665	0.01903	0.02458	0.01471	0.01856	0.01188	0.00743	0.00793	0.00240	0.01167	0.00704	0.00396	0.01162
23	0.02167	0.02828	0.17678	0.20465	0.15434	0.15225	0.02310	0.09234	0.02113	0.02677	0.01514	0.01908	0.01159	0.00827	0.00803	0.00252	0.01171	0.00669	0.00435	0.01130
24	0.02177	0.02013	0.03275	0.04749	0.58697	0.02040	0.02443	0.09174	0.02113	0.02991	0.01610	0.02049	0.01327	0.00768	0.00823	0.00247	0.00979	0.00741	0.00457	0.01327
25	0.01957	0.01932	0.01746	0.01597	0.01890	0.19528	0.01237	0.09181	0.02057	0.02518	0.09153	0.03158	0.05803	0.03230	0.27872	0.00686	0.04128	0.00884	0.00552	0.00890
26	0.19975	0.03218	0.34410	0.02511	0.13705	0.07492	0.02331	0.02630	0.01746	0.02859	0.01405	0.01687	0.01062	0.00782	0.00725	0.00255	0.01068	0.00589	0.00407	0.01141
27	0.02062	0.02167	0.02326	0.02899	0.26088	0.20324	0.01690	0.02442	0.02178	0.02725	0.22715	0.03281	0.03422	0.01093	0.00854	0.00242	0.00935	0.00936	0.00584	0.01037
28	0.02393	0.02381	0.03494	0.06789	0.21598	0.15158	0.23042	0.02886	0.02051	0.09502	0.01731	0.02100	0.01318	0.00786	0.00864	0.00254	0.01209	0.00792	0.00483	0.01168
29	0.02176	0.02237	0.02583	0.03302	0.31840	0.16487	0.01888	0.02921	0.13033	0.02777	0.10202	0.02662	0.02335	0.00961	0.00831	0.00248	0.00965	0.00830	0.00558	0.01167
30	0.10463	0.02477	0.02266	0.02416	0.13337	0.26785	0.01632	0.02558	0.01819	0.02316	0.01449	0.01934	0.01270	0.01843	0.12477	0.00441	0.12466	0.00654	0.00427	0.00972
31	0.21991	0.24924	0.02773	0.01994	0.13139	0.02313	0.01426	0.09013	0.01970	0.03078	0.08611	0.02092	0.01875	0.00876	0.00663	0.00228	0.00787	0.00652	0.00523	0.01072
32	0.05869	0.06058	0.16051	0.01593	0.02186	0.01566	0.01549	0.09067	0.02103	0.14483	0.13218	0.03021	0.02672	0.02110	0.14284	0.00471	0.01103	0.00863	0.00654	0.01079
33	0.02371	0.20836	0.14265	0.02336	0.10899	0.23592	0.01909	0.03002	0.08801	0.02366	0.01554	0.01750	0.01259	0.00821	0.00721	0.00225	0.01134	0.00597	0.00439	0.01121
34	0.01613	0.01336	0.01282	0.01262	0.01501	0.09666	0.00948	0.01955	0.05304	0.06075	0.08920	0.12618	0.17213	0.12875	0.01477	0.00372	0.00712	0.10675	0.03400	0.00796

[dist]
# distance from previous block
# <min> <max>
4	19

[block]
# block no. 2 follows, 22 sequences, length 8
# corresponding to MSA columns:
# 86-93
name=unknown_C
#
# <colnr> <probs for GDERKNQSTAVLIFYWHMCP>
#	G	D	E	R	K	N	Q	S	T	A	V	L	I	F	Y	W	H	M	C	P
0	0.02631	0.16128	0.02680	0.01744	0.02358	0.02563	0.01466	0.32574	0.22060	0.04027	0.02253	0.02202	0.01690	0.00979	0.00775	0.00245	0.00830	0.00746	0.00739	0.01312
1	0.01773	0.08827	0.48269	0.02548	0.03652	0.02068	0.16100	0.02627	0.01795	0.02587	0.01508	0.01830	0.01099	0.00764	0.00812	0.00260	0.01241	0.00682	0.00366	0.01192
2	0.02106	0.14665	0.02079	0.01492	0.01879	0.26922	0.01187	0.02353	0.02002	0.02213	0.03303	0.07250	0.15473	0.01283	0.00779	0.00235	0.00937	0.04002	0.08964	0.00878
3	0.01009	0.00736	0.00950	0.01121	0.01196	0.00678	0.00755	0.01161	0.01625	0.02135	0.05011	0.63256	0.12222	0.02547	0.01052	0.00331	0.00475	0.02293	0.00771	0.00678
4	0.02056	0.01974	0.03372	0.05099	0.65622	0.01974	0.02550	0.02550	0.01892	0.02714	0.01563	0.02056	0.01316	0.00740	0.00822	0.00247	0.00987	0.00740	0.00411	0.01316
5	0.01689	0.18403	0.39528	0.01891	0.02795	0.01997	0.02242	0.02384	0.01860	0.02623	0.14315	0.02562	0.02430	0.00956	0.00771	0.00244	0.00984	0.00756	0.00466	0.01102
6	0.01863	0.01777	0.03024	0.30298	0.41929	0.01923	0.02454	0.02381	0.01800	0.02480	0.01529	0.02119	0.01233	0.00776	0.00826	0.00259	0.01035	0.00739	0.00395	0.01160
7	0.01012	0.00723	0.00964	0.01157	0.01205	0.00675	0.00771	0.01157	0.01591	0.02121	0.04579	0.70262	0.05495	0.02603	0.01060	0.00337	0.00482	0.02362	0.00771	0.00675

[dist]
# distance from previous block
# <min> <max>
0	1

[block]
# block no. 3 follows, 22 sequences, length 21
# corresponding to MSA columns:
# 95-115
name=unknown_D
#
# <colnr> <probs for GDERKNQSTAVLIFYWHMCP>
#	G	D	E	R	K	N	Q	S	T	A	V	L	I	F	Y	W	H	M	C	P
0	0.01203	0.00824	0.01002	0.01002	0.01035	0.00858	0.00623	0.01270	0.01237	0.01682	0.02530	0.04950	0.02809	0.56358	0.18386	0.00924	0.01123	0.01137	0.00490	0.00557
1	0.45503	0.01997	0.01533	0.01417	0.01868	0.14594	0.01149	0.05816	0.01819	0.03269	0.01775	0.02769	0.01617	0.01058	0.00684	0.00269	0.00846	0.10544	0.00557	0.00918
2	0.14656	0.01912	0.03009	0.04423	0.54812	0.01955	0.02271	0.02531	0.01811	0.02885	0.01494	0.01937	0.01246	0.00745	0.00770	0.00248	0.00929	0.00691	0.00429	0.01246
3	0.02232	0.02828	0.17046	0.03285	0.28160	0.13577	0.02257	0.09426	0.04801	0.02867	0.01912	0.02178	0.03984	0.00874	0.00811	0.00248	0.01085	0.00728	0.00481	0.01218
4	0.01856	0.18895	0.41937	0.02617	0.13742	0.02241	0.02613	0.02585	0.01762	0.02494	0.01428	0.01711	0.01100	0.00763	0.00738	0.00241	0.01111	0.00597	0.00362	0.01206
5	0.00982	0.00842	0.00842	0.00842	0.01122	0.00701	0.00631	0.01192	0.01894	0.02244	0.08416	0.07995	0.65285	0.02104	0.00982	0.00281	0.00421	0.01753	0.00771	0.00701
6	0.12013	0.01381	0.04799	0.07768	0.10316	0.01294	0.04194	0.01984	0.01905	0.05362	0.22089	0.16649	0.04115	0.01429	0.00882	0.00276	0.00684	0.01265	0.00672	0.00921
7	0.01666	0.04297	0.66500	0.02368	0.03596	0.01929	0.03069	0.02631	0.01754	0.02631	0.01491	0.01754	0.01052	0.00789	0.00789	0.00263	0.01228	0.00614	0.00351	0.01228
8	0.01487	0.01931	0.15964	0.07493	0.02373	0.01455	0.01515	0.02486	0.19006	0.02659	0.04858	0.04732	0.27870	0.01427	0.00888	0.00277	0.00728	0.01183	0.00662	0.01008
9	0.02221	0.71304	0.04353	0.01421	0.02132	0.03287	0.01421	0.02488	0.01688	0.01955	0.01155	0.01333	0.01066	0.00711	0.00533	0.00178	0.00888	0.00444	0.00355	0.01066
10	0.00988	0.00816	0.00868	0.00910	0.01140	0.00696	0.00662	0.01185	0.01828	0.02217	0.07583	0.21501	0.52316	0.02212	0.00999	0.00293	0.00434	0.01885	0.00771	0.00696
11	0.01016	0.00817	0.00906	0.00938	0.01157	0.00707	0.00683	0.01238	0.01893	0.02371	0.15613	0.21147	0.44294	0.02154	0.00998	0.00290	0.00430	0.01849	0.00792	0.00707
12	0.02291	0.02418	0.03144	0.04437	0.51505	0.16638	0.02338	0.02721	0.01995	0.02562	0.01500	0.01931	0.01261	0.00766	0.00806	0.00239	0.01101	0.00694	0.00415	0.01237
13	0.02771	0.03084	0.02412	0.17010	0.03275	0.40083	0.01757	0.14706	0.02503	0.02680	0.01466	0.01756	0.01146	0.00878	0.00783	0.00235	0.01296	0.00622	0.00494	0.01042
14	0.01549	0.00774	0.00774	0.00774	0.00968	0.00774	0.00581	0.01936	0.01742	0.03097	0.02710	0.03097	0.02129	0.00968	0.00581	0.00194	0.00387	0.00774	0.75416	0.00774
15	0.01012	0.00723	0.00964	0.01157	0.01205	0.00675	0.00771	0.01157	0.01591	0.02121	0.04579	0.70262	0.05495	0.02603	0.01060	0.00337	0.00482	0.02362	0.00771	0.00675
16	0.01177	0.00895	0.01077	0.01112	0.01259	0.00904	0.00780	0.01529	0.07066	0.02117	0.04435	0.22702	0.17441	0.18328	0.14742	0.00620	0.00897	0.01553	0.00654	0.00712
17	0.01281	0.00813	0.00949	0.00949	0.01017	0.00838	0.00611	0.01417	0.01349	0.01997	0.02572	0.04546	0.02662	0.44277	0.14099	0.00758	0.00952	0.01057	0.17252	0.00604
18	0.02535	0.47338	0.03642	0.01677	0.02287	0.26127	0.01487	0.02783	0.01925	0.01983	0.01201	0.01392	0.01068	0.00762	0.00610	0.00191	0.01105	0.00477	0.00381	0.01029
19	0.02169	0.06565	0.19557	0.03622	0.33931	0.14853	0.02441	0.02718	0.01936	0.02520	0.01468	0.01831	0.01187	0.00774	0.00784	0.00241	0.01144	0.00652	0.00396	0.01211
20	0.02374	0.37700	0.03643	0.02565	0.19196	0.17306	0.01764	0.02690	0.01892	0.02175	0.01293	0.01563	0.01134	0.00751	0.00659	0.00204	0.01051	0.00544	0.00387	0.01110

[dist]
# distance from previous block
# <min> <max>
0	1

[block]
# block no. 4 follows, 22 sequences, length 67
# corresponding to MSA columns:
# 117-183
name=unknown_E
#
# <colnr> <probs for GDERKNQSTAVLIFYWHMCP>
#	G	D	E	R	K	N	Q	S	T	A	V	L	I	F	Y	W	H	M	C	P
0	0.01745	0.03828	0.53758	0.02919	0.16115	0.01938	0.02964	0.02614	0.01782	0.02648	0.01505	0.01815	0.01106	0.00779	0.00796	0.00260	0.01179	0.00639	0.00363	0.01246
1	0.01653	0.01329	0.01476	0.01391	0.01717	0.01442	0.01059	0.02857	0.31059	0.05532	0.04729	0.17758	0.18164	0.01670	0.01005	0.00295	0.03633	0.01408	0.00799	0.01024
2	0.01012	0.00723	0.00964	0.01157	0.01205	0.00675	0.00771	0.01157	0.01591	0.02121	0.04579	0.70262	0.05495	0.02603	0.01060	0.00337	0.00482	0.02362	0.00771	0.00675
3	0.01876	0.02423	0.14251	0.12528	0.14755	0.02017	0.34608	0.02564	0.01875	0.02591	0.01602	0.02128	0.01215	0.00739	0.00902	0.00271	0.01263	0.00848	0.00400	0.01144
4	0.01934	0.01894	0.03355	0.07016	0.32019	0.01871	0.19265	0.06566	0.02040	0.02780	0.02560	0.02925	0.10054	0.00938	0.00890	0.00263	0.01028	0.00948	0.00490	0.01163
5	0.01004	0.00818	0.00888	0.00922	0.01149	0.00703	0.00672	0.01216	0.01870	0.02309	0.12318	0.20416	0.48484	0.02171	0.00998	0.00290	0.00431	0.01855	0.00783	0.00703
6	0.03147	0.02665	0.02464	0.01959	0.02575	0.16010	0.01584	0.50528	0.03585	0.04573	0.01847	0.01892	0.01342	0.00968	0.00814	0.00242	0.01035	0.00704	0.00748	0.01320
7	0.01187	0.00890	0.01335	0.01335	0.01483	0.01038	0.01038	0.01483	0.01335	0.01928	0.02225	0.03264	0.02077	0.06231	0.67512	0.01335	0.02225	0.00890	0.00445	0.00742
8	0.01960	0.01827	0.02826	0.17118	0.37895	0.01971	0.02196	0.02923	0.17178	0.02782	0.01993	0.02345	0.01574	0.00854	0.00830	0.00261	0.00930	0.00789	0.00510	0.01236
9	0.00982	0.00842	0.00842	0.00842	0.01122	0.00701	0.00631	0.01192	0.01894	0.02244	0.08416	0.07995	0.65285	0.02104	0.00982	0.00281	0.00421	0.01753	0.00771	0.00701
10	0.01012	0.00723	0.00964	0.01157	0.01205	0.00675	0.00771	0.01157	0.01591	0.02121	0.04579	0.70262	0.05495	0.02603	0.01060	0.00337	0.00482	0.02362	0.00771	0.00675
11	0.01188	0.00884	0.01305	0.01305	0.01443	0.01022	0.01001	0.01464	0.01326	0.01906	0.02253	0.03416	0.02143	0.10772	0.63061	0.01298	0.02125	0.00912	0.00449	0.00725
12	0.07421	0.59666	0.03946	0.01472	0.02120	0.06350	0.01414	0.02502	0.01682	0.02084	0.01158	0.01366	0.01056	0.00759	0.00651	0.00194	0.04285	0.00463	0.00370	0.01042
13	0.01162	0.00849	0.01092	0.01031	0.01233	0.00778	0.00773	0.01542	0.02320	0.03256	0.61238	0.06330	0.11832	0.01727	0.00980	0.00263	0.00394	0.01520	0.00905	0.00778
14	0.01144	0.00867	0.01085	0.01208	0.01402	0.00807	0.00970	0.01417	0.01839	0.02325	0.05862	0.21487	0.26405	0.02291	0.01071	0.00337	0.00584	0.27406	0.00769	0.00724
15	0.02056	0.01974	0.03372	0.05099	0.65622	0.01974	0.02550	0.02550	0.01892	0.02714	0.01563	0.02056	0.01316	0.00740	0.00822	0.00247	0.00987	0.00740	0.00411	0.01316
16	0.02057	0.01955	0.03224	0.04761	0.59321	0.01983	0.02427	0.02735	0.08070	0.02790	0.01743	0.02160	0.01437	0.00779	0.00825	0.00250	0.00954	0.00760	0.00454	0.01316
17	0.01549	0.00774	0.00774	0.00774	0.00968	0.00774	0.00581	0.01936	0.01742	0.03097	0.02710	0.03097	0.02129	0.00968	0.00581	0.00194	0.00387	0.00774	0.75416	0.00774
18	0.00995	0.00842	0.00860	0.00856	0.01130	0.00707	0.00642	0.01218	0.01925	0.02320	0.12362	0.07871	0.61292	0.02076	0.00982	0.00279	0.00419	0.01736	0.00781	0.00707
19	0.02221	0.71304	0.04353	0.01421	0.02132	0.03287	0.01421	0.02488	0.01688	0.01955	0.01155	0.01333	0.01066	0.00711	0.00533	0.00178	0.00888	0.00444	0.00355	0.01066
20	0.01818	0.01818	0.02545	0.02181	0.02181	0.02545	0.01818	0.01999	0.01272	0.01999	0.01091	0.01818	0.01091	0.01454	0.02726	0.00364	0.69284	0.00727	0.00364	0.00909
21	0.01666	0.04297	0.66500	0.02368	0.03596	0.01929	0.03069	0.02631	0.01754	0.02631	0.01491	0.01754	0.01052	0.00789	0.00789	0.00263	0.01228	0.00614	0.00351	0.01228
22	0.02560	0.03055	0.02435	0.02157	0.02405	0.40049	0.01695	0.02761	0.01897	0.02019	0.01202	0.01633	0.01079	0.01109	0.01584	0.00277	0.30127	0.00616	0.00401	0.00940
23	0.01136	0.00848	0.01055	0.01003	0.01216	0.00767	0.00752	0.01490	0.02257	0.03106	0.53432	0.06576	0.19730	0.01782	0.00980	0.00265	0.00398	0.01554	0.00885	0.00767
24	0.01012	0.00723	0.00964	0.01157	0.01205	0.00675	0.00771	0.01157	0.01591	0.02121	0.04579	0.70262	0.05495	0.02603	0.01060	0.00337	0.00482	0.02362	0.00771	0.00675
25	0.01339	0.00956	0.01339	0.01530	0.01721	0.00956	0.01339	0.01721	0.01912	0.02486	0.04399	0.09371	0.04781	0.02295	0.01147	0.00382	0.00765	0.60031	0.00765	0.00765
26	0.02056	0.01974	0.03372	0.05099	0.65622	0.01974	0.02550	0.02550	0.01892	0.02714	0.01563	0.02056	0.01316	0.00740	0.00822	0.00247	0.00987	0.00740	0.00411	0.01316
27	0.01087	0.00846	0.00987	0.00952	0.01187	0.00746	0.00714	0.01396	0.02142	0.02834	0.39200	0.07025	0.34133	0.01884	0.00981	0.00270	0.00405	0.01617	0.00849	0.00746
28	0.01666	0.04297	0.66500	0.02368	0.03596	0.01929	0.03069	0.02631	0.01754	0.02631	0.01491	0.01754	0.01052	0.00789	0.00789	0.00263	0.01228	0.00614	0.00351	0.01228
29	0.01666	0.04297	0.66500	0.02368	0.03596	0.01929	0.03069	0.02631	0.01754	0.02631	0.01491	0.01754	0.01052	0.00789	0.00789	0.00263	0.01228	0.00614	0.00351	0.01228
30	0.01057	0.00755	0.01015	0.01208	0.01276	0.00713	0.00849	0.01234	0.01635	0.02171	0.04554	0.61926	0.05397	0.02561	0.01072	0.00344	0.00521	0.10256	0.00770	0.00687
31	0.76672	0.01607	0.01221	0.01092	0.01607	0.01864	0.00900	0.02442	0.01414	0.03727	0.01157	0.01350	0.00900	0.00771	0.00514	0.00257	0.00643	0.00450	0.00514	0.00900
32	0.01208	0.00805	0.00906	0.00906	0.00906	0.00805	0.00503	0.01208	0.01208	0.01611	0.02618	0.05436	0.03020	0.70804	0.04228	0.00805	0.00805	0.01208	0.00503	0.00503
33	0.02321	0.01892	0.02027	0.01689	0.02249	0.02076	0.01343	0.20256	0.38928	0.03857	0.02737	0.02605	0.02047	0.01021	0.00810	0.00251	0.00723	0.00825	0.00793	0.11550
34	0.03378	0.01336	0.01816	0.01419	0.02000	0.01161	0.01161	0.03709	0.02374	0.57591	0.11752	0.03290	0.02848	0.01120	0.00855	0.00258	0.00664	0.00927	0.01013	0.01328
35	0.01778	0.17822	0.53956	0.02177	0.03300	0.02203	0.02737	0.02602	0.01741	0.02494	0.01423	0.01669	0.01055	0.00773	0.00738	0.00246	0.01159	0.00580	0.00352	0.01195
36	0.02982	0.13179	0.02628	0.02042	0.02509	0.58683	0.01580	0.03204	0.02263	0.02022	0.01266	0.01475	0.01070	0.00836	0.00719	0.00209	0.01415	0.00523	0.00418	0.00977
37	0.00982	0.00842	0.00842	0.00842	0.01122	0.00701	0.00631	0.01192	0.01894	0.02244	0.08416	0.07995	0.65285	0.02104	0.00982	0.00281	0.00421	0.01753	0.00771	0.00701
38	0.01893	0.01807	0.03077	0.26459	0.45539	0.01931	0.02468	0.02406	0.01814	0.02516	0.01534	0.02109	0.01246	0.00770	0.00825	0.00257	0.01027	0.00740	0.00397	0.01184
39	0.12607	0.47484	0.03539	0.01478	0.02152	0.02945	0.01383	0.14977	0.02110	0.02876	0.01329	0.01472	0.01115	0.00778	0.00592	0.00203	0.00860	0.00508	0.00476	0.01115
40	0.01958	0.02498	0.16430	0.04217	0.40417	0.01991	0.15086	0.02589	0.01878	0.02686	0.01573	0.02033	0.01251	0.00742	0.00848	0.00257	0.01121	0.00764	0.00401	0.01258
41	0.02771	0.12778	0.02833	0.02639	0.15235	0.45463	0.01771	0.03049	0.02170	0.02160	0.01323	0.01588	0.01119	0.00813	0.00734	0.00216	0.01311	0.00564	0.00415	0.01048
42	0.02376	0.59455	0.04001	0.01548	0.02209	0.14580	0.01454	0.02634	0.01805	0.01968	0.01178	0.01362	0.01067	0.00736	0.00571	0.00184	0.00996	0.00460	0.00368	0.01048
43	0.01705	0.08955	0.62180	0.02302	0.03494	0.02024	0.02955	0.02621	0.01749	0.02584	0.01467	0.01725	0.01053	0.00784	0.00771	0.00257	0.01204	0.00602	0.00351	0.01217
44	0.02429	0.26468	0.03108	0.02025	0.05436	0.25409	0.01618	0.02775	0.04955	0.02105	0.01318	0.01615	0.01158	0.00938	0.01094	0.00238	0.15305	0.00574	0.00410	0.01022
45	0.01065	0.00828	0.00968	0.00968	0.01182	0.00731	0.00712	0.01340	0.02038	0.02670	0.30990	0.15791	0.33724	0.02007	0.00992	0.00280	0.00417	0.01734	0.00830	0.00731
46	0.02716	0.03240	0.02418	0.02143	0.02451	0.44988	0.01668	0.05498	0.02094	0.02162	0.01256	0.01616	0.01091	0.01043	0.01352	0.00261	0.22009	0.00602	0.00426	0.00966
47	0.00982	0.00842	0.00842	0.00842	0.01122	0.00701	0.00631	0.01192	0.01894	0.02244	0.08416	0.07995	0.65285	0.02104	0.00982	0.00281	0.00421	0.01753	0.00771	0.00701
48	0.01628	0.00851	0.00859	0.00830	0.01047	0.00863	0.00630	0.04945	0.01849	0.03203	0.02675	0.03043	0.02094	0.00969	0.00593	0.00196	0.00413	0.00773	0.71732	0.00806
49	0.03186	0.02282	0.02465	0.01890	0.02554	0.02509	0.01561	0.59948	0.03830	0.08247	0.02058	0.02036	0.01445	0.00999	0.00831	0.00250	0.00904	0.00752	0.00841	0.01413
50	0.02056	0.01974	0.03372	0.05099	0.65622	0.01974	0.02550	0.02550	0.01892	0.02714	0.01563	0.02056	0.01316	0.00740	0.00822	0.00247	0.00987	0.00740	0.00411	0.01316
51	0.01187	0.00890	0.01335	0.01335	0.01483	0.01038	0.01038	0.01483	0.01335	0.01928	0.02225	0.03264	0.02077	0.06231	0.67512	0.01335	0.02225	0.00890	0.00445	0.00742
52	0.02036	0.02029	0.03689	0.04768	0.52937	0.02000	0.14982	0.02573	0.01906	0.02703	0.01587	0.02094	0.01304	0.00732	0.00855	0.00254	0.01073	0.00790	0.00413	0.01275
53	0.02514	0.01356	0.01663	0.01374	0.01843	0.01309	0.01098	0.10372	0.09148	0.28539	0.20440	0.04184	0.09876	0.01324	0.00890	0.00262	0.00613	0.01108	0.00928	0.01161
54	0.02091	0.37826	0.19111	0.02443	0.15648	0.05453	0.02062	0.02571	0.01775	0.02279	0.01326	0.01592	0.01115	0.00742	0.00664	0.00214	0.01017	0.00550	0.00369	0.01153
55	0.02077	0.01891	0.01704	0.01547	0.01927	0.15111	0.01183	0.03174	0.26463	0.07203	0.18491	0.06355	0.06750	0.01311	0.00873	0.00263	0.00751	0.01083	0.00782	0.01062
56	0.01208	0.00805	0.00906	0.00906	0.00906	0.00805	0.00503	0.01208	0.01208	0.01611	0.02618	0.05436	0.03020	0.70804	0.04228	0.00805	0.00805	0.01208	0.00503	0.00503
57	0.01101	0.00760	0.00938	0.01043	0.01069	0.00734	0.00650	0.01180	0.01417	0.01889	0.03688	0.40815	0.04371	0.33584	0.02499	0.00550	0.00629	0.01838	0.00650	0.00597
58	0.05660	0.13881	0.02329	0.01727	0.02152	0.31724	0.01354	0.06762	0.06527	0.02473	0.04463	0.13099	0.02177	0.01177	0.00776	0.00239	0.01054	0.00897	0.00551	0.00977
59	0.01187	0.00890	0.01335	0.01335	0.01483	0.01038	0.01038	0.01483	0.01335	0.01928	0.02225	0.03264	0.02077	0.06231	0.67512	0.01335	0.02225	0.00890	0.00445	0.00742
60	0.00998	0.00847	0.00864	0.00872	0.01149	0.00713	0.00663	0.01216	0.01894	0.02255	0.08236	0.08056	0.62582	0.02112	0.00989	0.00285	0.00436	0.04357	0.00771	0.00704
61	0.01190	0.00878	0.01276	0.01276	0.01404	0.01007	0.00965	0.01446	0.01318	0.01885	0.02279	0.03561	0.02206	0.15071	0.58849	0.01263	0.02031	0.00934	0.00453	0.00709
62	0.02036	0.02029	0.03689	0.04768	0.52937	0.02000	0.14982	0.02573	0.01906	0.02703	0.01587	0.02094	0.01304	0.00732	0.00855	0.00254	0.01073	0.00790	0.00413	0.01275
63	0.03107	0.03846	0.02364	0.02124	0.02569	0.62958	0.01603	0.07456	0.02462	0.02256	0.01333	0.01533	0.01094	0.00866	0.00755	0.00216	0.01458	0.00550	0.00456	0.00994
64	0.01012	0.00723	0.00964	0.01157	0.01205	0.00675	0.00771	0.01157	0.01591	0.02121	0.04579	0.70262	0.05495	0.02603	0.01060	0.00337	0.00482	0.02362	0.00771	0.00675
65	0.02263	0.02388	0.03242	0.04423	0.49864	0.15200	0.05329	0.02710	0.01988	0.02574	0.01512	0.01953	0.01264	0.00762	0.00815	0.00242	0.01111	0.00711	0.00415	0.01235
66	0.02077	0.01056	0.01354	0.01161	0.01540	0.00928	0.00912	0.02403	0.02262	0.26327	0.30019	0.05345	0.18137	0.01539	0.00927	0.00264	0.00515	0.01310	0.00926	0.00999

[dist]
# distance from previous block
# <min> <max>
0	1

[block]
# block no. 5 follows, 22 sequences, length 59
# corresponding to MSA columns:
# 185-243
name=unknown_F
#
# <colnr> <probs for GDERKNQSTAVLIFYWHMCP>
#	G	D	E	R	K	N	Q	S	T	A	V	L	I	F	Y	W	H	M	C	P
0	0.01149	0.00968	0.01011	0.00979	0.01274	0.00893	0.00740	0.01666	0.10235	0.02537	0.14460	0.07131	0.50134	0.01926	0.00963	0.00278	0.00449	0.01615	0.00798	0.00793
1	0.02056	0.01974	0.03372	0.05099	0.65622	0.01974	0.02550	0.02550	0.01892	0.02714	0.01563	0.02056	0.01316	0.00740	0.00822	0.00247	0.00987	0.00740	0.00411	0.01316
2	0.01242	0.00945	0.01048	0.01044	0.01275	0.00907	0.00786	0.01704	0.08375	0.02511	0.12797	0.06667	0.30218	0.11796	0.01423	0.00360	0.00538	0.08694	0.06910	0.00761
3	0.02500	0.02352	0.02100	0.01829	0.02328	0.16052	0.01428	0.15604	0.39237	0.03513	0.02665	0.02543	0.02005	0.01044	0.00822	0.00261	0.00886	0.00816	0.00754	0.01259
4	0.02123	0.02117	0.03252	0.07453	0.57982	0.07368	0.02462	0.02595	0.01920	0.02634	0.01536	0.02017	0.01287	0.00753	0.00817	0.00245	0.01034	0.00723	0.00411	0.01271
5	0.03103	0.03959	0.02354	0.02140	0.02568	0.67469	0.01605	0.03317	0.02354	0.02033	0.01284	0.01498	0.01070	0.00856	0.00749	0.00214	0.01498	0.00535	0.00428	0.00963
6	0.01208	0.00805	0.00906	0.00906	0.00906	0.00805	0.00503	0.01208	0.01208	0.01611	0.02618	0.05436	0.03020	0.70804	0.04228	0.00805	0.00805	0.01208	0.00503	0.00503
7	0.02189	0.20366	0.04401	0.02771	0.03520	0.11616	0.38170	0.02709	0.01946	0.02390	0.01489	0.01901	0.01183	0.00725	0.00832	0.00244	0.01282	0.00779	0.00404	0.01084
8	0.15416	0.01024	0.01168	0.01145	0.01407	0.01009	0.00863	0.01866	0.01841	0.10267	0.17056	0.23876	0.09311	0.05077	0.01066	0.00317	0.00547	0.05144	0.00772	0.00827
9	0.01012	0.00723	0.00964	0.01157	0.01205	0.00675	0.00771	0.01157	0.01591	0.02121	0.04579	0.70262	0.05495	0.02603	0.01060	0.00337	0.00482	0.02362	0.00771	0.00675
10	0.01481	0.00985	0.01443	0.01277	0.01533	0.01016	0.08064	0.01876	0.01637	0.02670	0.02432	0.03049	0.02010	0.02628	0.22144	0.00571	0.01098	0.00836	0.42445	0.00805
11	0.02056	0.01974	0.03372	0.05099	0.65622	0.01974	0.02550	0.02550	0.01892	0.02714	0.01563	0.02056	0.01316	0.00740	0.00822	0.00247	0.00987	0.00740	0.00411	0.01316
12	0.01094	0.00773	0.00924	0.01011	0.01065	0.00735	0.00638	0.01183	0.01460	0.01914	0.04181	0.34749	0.11492	0.32158	0.02427	0.00534	0.00615	0.01789	0.00655	0.00603
13	0.01252	0.00928	0.01218	0.01362	0.01575	0.00894	0.01166	0.01592	0.01908	0.02427	0.05378	0.09035	0.19527	0.02248	0.01107	0.00358	0.00681	0.45827	0.00767	0.00749
14	0.02654	0.02817	0.02633	0.02731	0.15886	0.28674	0.01840	0.14707	0.02363	0.02806	0.01448	0.01774	0.01194	0.00970	0.01147	0.00256	0.13835	0.00656	0.00492	0.01117
15	0.01095	0.00817	0.01018	0.01029	0.01207	0.00740	0.00748	0.01388	0.02069	0.02805	0.38360	0.22198	0.19464	0.02005	0.01000	0.00284	0.00420	0.01765	0.00849	0.00740
16	0.01051	0.00864	0.00938	0.00975	0.01238	0.00751	0.00768	0.01294	0.01897	0.02291	0.07639	0.08261	0.53588	0.02141	0.01014	0.00300	0.00487	0.13019	0.00770	0.00714
17	0.01966	0.01879	0.03172	0.07873	0.58731	0.01888	0.02418	0.02444	0.01881	0.02656	0.01987	0.02435	0.05306	0.00830	0.00833	0.00250	0.00957	0.00803	0.00432	0.01259
18	0.02562	0.01815	0.02003	0.01611	0.02076	0.01979	0.01268	0.40950	0.03000	0.06615	0.02212	0.02939	0.01870	0.17772	0.07124	0.00469	0.00988	0.00871	0.00731	0.01145
19	0.01103	0.00846	0.01009	0.00968	0.01196	0.00753	0.00726	0.01426	0.02179	0.02921	0.43770	0.06881	0.29508	0.01851	0.00981	0.00269	0.00403	0.01597	0.00861	0.00753
20	0.01704	0.01213	0.01383	0.01315	0.01675	0.01222	0.01054	0.02598	0.20413	0.10225	0.05462	0.06224	0.26347	0.01727	0.00959	0.00300	0.00598	0.13777	0.00822	0.00981
21	0.05339	0.01604	0.01792	0.01598	0.01764	0.06604	0.01239	0.08607	0.01746	0.02415	0.02674	0.11206	0.08737	0.14381	0.02159	0.00405	0.25249	0.01092	0.00545	0.00844
22	0.00998	0.00842	0.00864	0.00858	0.01132	0.00708	0.00644	0.01223	0.01931	0.02334	0.13096	0.07847	0.60549	0.02070	0.00982	0.00279	0.00418	0.01733	0.00783	0.00708
23	0.01196	0.00970	0.01091	0.01129	0.01392	0.00920	0.00889	0.01694	0.09233	0.02436	0.06564	0.12871	0.38770	0.02074	0.01011	0.00309	0.00534	0.15350	0.00779	0.00787
24	0.01723	0.01477	0.01723	0.01230	0.01969	0.01107	0.00984	0.02092	0.01723	0.02707	0.01477	0.01723	0.01230	0.00615	0.00615	0.00123	0.00615	0.00492	0.00492	0.75883
25	0.01187	0.00890	0.01335	0.01335	0.01483	0.01038	0.01038	0.01483	0.01335	0.01928	0.02225	0.03264	0.02077	0.06231	0.67512	0.01335	0.02225	0.00890	0.00445	0.00742
26	0.01408	0.01142	0.01518	0.01780	0.10059	0.01131	0.01236	0.01995	0.09147	0.02733	0.16065	0.06781	0.18139	0.01800	0.01001	0.00308	0.00636	0.21474	0.00756	0.00891
27	0.01187	0.00890	0.01335	0.01335	0.01483	0.01038	0.01038	0.01483	0.01335	0.01928	0.02225	0.03264	0.02077	0.06231	0.67512	0.01335	0.02225	0.00890	0.00445	0.00742
28	0.02056	0.01974	0.03372	0.05099	0.65622	0.01974	0.02550	0.02550	0.01892	0.02714	0.01563	0.02056	0.01316	0.00740	0.00822	0.00247	0.00987	0.00740	0.00411	0.01316
29	0.01098	0.00846	0.01003	0.00964	0.01194	0.00751	0.00723	0.01418	0.02168	0.02897	0.42489	0.06921	0.30805	0.01860	0.00981	0.00269	0.00403	0.01603	0.00857	0.00751
30	0.02026	0.01943	0.03317	0.09083	0.61877	0.01966	0.02534	0.02523	0.01877	0.02677	0.01557	0.02066	0.01303	0.00746	0.00823	0.00249	0.00994	0.00740	0.00409	0.01291
31	0.01205	0.00817	0.00963	0.00963	0.00983	0.00836	0.00575	0.01245	0.01225	0.01653	0.02565	0.05147	0.02895	0.62205	0.12656	0.00876	0.00994	0.01166	0.00496	0.00535
32	0.01010	0.00730	0.00956	0.01137	0.01200	0.00676	0.00762	0.01159	0.01609	0.02128	0.04819	0.66369	0.09233	0.02571	0.01055	0.00334	0.00478	0.02324	0.00771	0.00676
33	0.01208	0.00805	0.00906	0.00906	0.00906	0.00805	0.00503	0.01208	0.01208	0.01611	0.02618	0.05436	0.03020	0.70804	0.04228	0.00805	0.00805	0.01208	0.00503	0.00503
34	0.01755	0.01284	0.01570	0.01420	0.01687	0.01417	0.01086	0.19607	0.02107	0.02882	0.02483	0.10796	0.02412	0.14259	0.30431	0.00818	0.01420	0.01063	0.00605	0.00896
35	0.01170	0.00789	0.00917	0.00955	0.00964	0.00780	0.00555	0.01198	0.01282	0.01709	0.02997	0.17969	0.03499	0.57620	0.03616	0.00715	0.00743	0.01431	0.00555	0.00537
36	0.01549	0.00774	0.00774	0.00774	0.00968	0.00774	0.00581	0.01936	0.01742	0.03097	0.02710	0.03097	0.02129	0.00968	0.00581	0.00194	0.00387	0.00774	0.75416	0.00774
37	0.03158	0.02327	0.02493	0.01911	0.02576	0.02576	0.01579	0.62852	0.03906	0.05236	0.01995	0.01995	0.01413	0.00997	0.00831	0.00249	0.00914	0.00748	0.00831	0.01413
38	0.00990	0.00808	0.00876	0.00931	0.01146	0.00694	0.00671	0.01182	0.01807	0.02209	0.07325	0.25699	0.48285	0.02246	0.01004	0.00297	0.00438	0.01926	0.00771	0.00694
39	0.01197	0.00801	0.00909	0.00921	0.00924	0.00798	0.00519	0.01205	0.01230	0.01641	0.02732	0.09223	0.03165	0.66820	0.04043	0.00778	0.00787	0.01275	0.00519	0.00513
40	0.03103	0.03959	0.02354	0.02140	0.02568	0.67469	0.01605	0.03317	0.02354	0.02033	0.01284	0.01498	0.01070	0.00856	0.00749	0.00214	0.01498	0.00535	0.00428	0.00963
41	0.00982	0.00842	0.00842	0.00842	0.01122	0.00701	0.00631	0.01192	0.01894	0.02244	0.08416	0.07995	0.65285	0.02104	0.00982	0.00281	0.00421	0.01753	0.00771	0.00701
42	0.01187	0.00890	0.01335	0.01335	0.01483	0.01038	0.01038	0.01483	0.01335	0.01928	0.02225	0.03264	0.02077	0.06231	0.67512	0.01335	0.02225	0.00890	0.00445	0.00742
43	0.01961	0.02241	0.04902	0.03501	0.04342	0.02101	0.62605	0.02661	0.01961	0.02661	0.01681	0.02241	0.01261	0.00700	0.00980	0.00280	0.01401	0.00980	0.00420	0.01120
44	0.02056	0.01974	0.03372	0.05099	0.65622	0.01974	0.02550	0.02550	0.01892	0.02714	0.01563	0.02056	0.01316	0.00740	0.00822	0.00247	0.00987	0.00740	0.00411	0.01316
45	0.01628	0.03742	0.54380	0.02248	0.03250	0.01891	0.02748	0.02443	0.01690	0.02522	0.01703	0.07408	0.01423	0.01009	0.01015	0.00280	0.08314	0.00770	0.00387	0.01149
46	0.01584	0.01195	0.01384	0.01307	0.01505	0.05045	0.01022	0.05456	0.01674	0.02512	0.02218	0.02912	0.01914	0.03527	0.32881	0.00760	0.07045	0.00810	0.24429	0.00819
47	0.01655	0.03963	0.58929	0.10226	0.03847	0.01919	0.02979	0.02571	0.01743	0.02571	0.01489	0.01808	0.01059	0.00794	0.00794	0.00265	0.01214	0.00629	0.00353	0.01192
48	0.02390	0.09627	0.02653	0.29547	0.03827	0.18502	0.01870	0.16609	0.02360	0.02808	0.01516	0.01892	0.01165	0.00863	0.00779	0.00244	0.01137	0.00659	0.00490	0.01062
49	0.36345	0.01989	0.01931	0.04667	0.10135	0.08321	0.01385	0.11715	0.07537	0.06361	0.01649	0.01805	0.01249	0.00854	0.00679	0.00253	0.00832	0.00611	0.00586	0.01095
50	0.02225	0.06256	0.02618	0.06126	0.25877	0.15536	0.01809	0.10494	0.02262	0.02819	0.06323	0.02859	0.09227	0.01022	0.00820	0.00243	0.00979	0.00849	0.00539	0.01116
51	0.02394	0.02367	0.02707	0.02196	0.02671	0.19948	0.15654	0.12364	0.02313	0.06605	0.04535	0.12217	0.02145	0.01193	0.01039	0.00270	0.06728	0.01015	0.00592	0.01046
52	0.08281	0.02444	0.10201	0.02247	0.05686	0.11608	0.12999	0.06585	0.10531	0.02875	0.01769	0.02043	0.01384	0.01049	0.03362	0.00286	0.04345	0.00716	0.00512	0.11078
53	0.01744	0.20077	0.02532	0.09523	0.06072	0.01814	0.01361	0.02099	0.01634	0.02272	0.01554	0.02023	0.01357	0.01866	0.14834	0.00420	0.01110	0.00607	0.00426	0.26675
54	0.02290	0.11331	0.02274	0.01718	0.02191	0.12680	0.01395	0.12625	0.26161	0.03134	0.02706	0.06306	0.02332	0.01215	0.00832	0.00266	0.00869	0.07834	0.00697	0.01145
55	0.02032	0.02852	0.16185	0.01786	0.02302	0.27549	0.01630	0.02450	0.02116	0.02459	0.14604	0.07621	0.08096	0.01275	0.00858	0.00254	0.01042	0.03380	0.00568	0.00940
56	0.01631	0.04963	0.12272	0.01409	0.01849	0.08083	0.01276	0.01986	0.01932	0.07645	0.11574	0.19907	0.18899	0.01670	0.00911	0.00275	0.00724	0.01413	0.00684	0.00896
57	0.23983	0.08159	0.09880	0.04029	0.02130	0.07261	0.01428	0.02251	0.01734	0.02840	0.12863	0.02680	0.05211	0.01104	0.01013	0.00266	0.10933	0.00775	0.00528	0.00933
58	0.01965	0.02153	0.01884	0.02110	0.13347	0.23075	0.01356	0.02404	0.07175	0.02361	0.04408	0.04374	0.27357	0.01365	0.00865	0.00253	0.00898	0.01101	0.00599	0.00949

[dist]
# distance from previous block
# <min> <max>
0	19

[block]
# block no. 6 follows, 22 sequences, length 10
# corresponding to MSA columns:
# 263-272
name=unknown_G
#
# <colnr> <probs for GDERKNQSTAVLIFYWHMCP>
#	G	D	E	R	K	N	Q	S	T	A	V	L	I	F	Y	W	H	M	C	P
0	0.10620	0.10151	0.05080	0.01932	0.02537	0.16887	0.09803	0.03359	0.13772	0.14709	0.02091	0.02129	0.01540	0.00890	0.00767	0.00246	0.01006	0.00713	0.00617	0.01151
1	0.02239	0.02661	0.09620	0.07299	0.19125	0.21562	0.01917	0.02920	0.09692	0.02579	0.01763	0.02044	0.01399	0.00842	0.00770	0.00233	0.01070	0.00675	0.05609	0.05979
2	0.02144	0.08427	0.03217	0.03113	0.22117	0.09436	0.13336	0.08375	0.02019	0.02651	0.01619	0.02107	0.01354	0.01567	0.10088	0.00400	0.05698	0.00756	0.00452	0.01121
3	0.12398	0.02937	0.12681	0.14587	0.03204	0.23942	0.01877	0.13628	0.02281	0.02952	0.01466	0.01745	0.01114	0.00855	0.00754	0.00246	0.01161	0.00613	0.00489	0.01071
4	0.02343	0.25152	0.10564	0.01737	0.02349	0.14726	0.01600	0.14673	0.02207	0.02695	0.01580	0.01958	0.01341	0.04549	0.08763	0.00374	0.01204	0.00630	0.00482	0.01073
5	0.07545	0.02458	0.02251	0.01883	0.02385	0.16055	0.01504	0.28079	0.16384	0.03785	0.02013	0.02075	0.01525	0.01023	0.00969	0.00260	0.07180	0.00724	0.00686	0.01218
6	0.02066	0.01870	0.01685	0.01519	0.01868	0.13576	0.01142	0.16409	0.11370	0.02987	0.03505	0.16170	0.11225	0.09281	0.01263	0.00331	0.00822	0.01231	0.00703	0.00977
7	0.01158	0.00879	0.00986	0.00962	0.01146	0.00783	0.00644	0.01294	0.01557	0.02029	0.04747	0.16412	0.24044	0.28866	0.02222	0.00477	0.00603	0.01498	0.00635	0.09058
8	0.01313	0.01023	0.01142	0.01055	0.01300	0.00977	0.00747	0.01798	0.10276	0.02459	0.15899	0.05546	0.19471	0.23906	0.01974	0.00431	0.00591	0.01295	0.00695	0.08100
9	0.02412	0.02597	0.01981	0.01800	0.02161	0.30942	0.01353	0.07204	0.18157	0.02589	0.02295	0.08596	0.02065	0.07969	0.01229	0.00309	0.03837	0.00894	0.00599	0.01011

[dist]
# distance from previous block
# <min> <max>
0	1

[block]
# block no. 7 follows, 22 sequences, length 54
# corresponding to MSA columns:
# 274-327
name=unknown_H
#
# <colnr> <probs for GDERKNQSTAVLIFYWHMCP>
#	G	D	E	R	K	N	Q	S	T	A	V	L	I	F	Y	W	H	M	C	P
0	0.01635	0.28095	0.02379	0.01214	0.01646	0.01820	0.01065	0.04510	0.02044	0.02613	0.22695	0.04689	0.16492	0.01404	0.00811	0.00239	0.00633	0.04455	0.00657	0.00902
1	0.02188	0.47324	0.19292	0.01720	0.02538	0.06582	0.01842	0.05890	0.01864	0.02304	0.01290	0.01481	0.01082	0.00754	0.00624	0.00205	0.01007	0.00507	0.00385	0.01119
2	0.01723	0.07189	0.47674	0.02388	0.03399	0.02021	0.10221	0.02531	0.01764	0.02580	0.04225	0.01991	0.01376	0.00866	0.00961	0.00269	0.06578	0.00698	0.00385	0.01161
3	0.02031	0.47282	0.23178	0.01749	0.02580	0.02835	0.01944	0.02506	0.01686	0.02163	0.01254	0.01486	0.01063	0.00773	0.00725	0.00213	0.04558	0.00511	0.00354	0.01107
4	0.02019	0.03430	0.32008	0.02838	0.06247	0.12657	0.23540	0.02750	0.01929	0.02548	0.01526	0.01894	0.01139	0.00767	0.00851	0.00260	0.01322	0.00734	0.00390	0.01151
5	0.01208	0.00805	0.00906	0.00906	0.00906	0.00805	0.00503	0.01208	0.01208	0.01611	0.02618	0.05436	0.03020	0.70804	0.04228	0.00805	0.00805	0.01208	0.00503	0.00503
6	0.01138	0.00776	0.00953	0.01023	0.01079	0.00747	0.00657	0.01270	0.01551	0.02130	0.12305	0.32124	0.04683	0.29861	0.02303	0.00509	0.00595	0.01706	0.03963	0.00626
7	0.02400	0.12504	0.02536	0.01915	0.02277	0.29206	0.01538	0.02939	0.11400	0.02244	0.01896	0.02122	0.04512	0.01085	0.01227	0.00259	0.17760	0.00692	0.00483	0.01005
