[name]
unknown

[dist]
# distance from previous block
# <min> <max>
0	13

[block]
# block no. 0 follows, 22 sequences, length 33
# corresponding to MSA columns:
# 13-45
name=unknown_A
#
# <colnr> <probs for GDERKNQSTAVLIFYWHMCP>
#	G	D	E	R	K	N	Q	S	T	A	V	L	I	F	Y	W	H	M	C	P
0	0.01897	0.01632	0.01608	0.01485	0.01851	0.09094	0.01199	0.15635	0.06541	0.03119	0.09168	0.05789	0.19042	0.01664	0.00955	0.00291	0.00761	0.16556	0.00759	0.00955
1	0.02221	0.71304	0.04353	0.01421	0.02132	0.03287	0.01421	0.02488	0.01688	0.01955	0.01155	0.01333	0.01066	0.00711	0.00533	0.00178	0.00888	0.00444	0.00355	0.01066
2	0.07363	0.30650	0.02984	0.01679	0.02236	0.22443	0.01419	0.03169	0.15860	0.02436	0.01693	0.01780	0.01386	0.00852	0.00667	0.00217	0.01006	0.00583	0.00498	0.01080
3	0.01107	0.00838	0.00996	0.01048	0.01142	0.00820	0.00706	0.01226	0.01538	0.01990	0.04829	0.29843	0.20670	0.23442	0.02103	0.00468	0.04171	0.01756	0.00667	0.00641
4	0.02840	0.02169	0.02314	0.01847	0.02455	0.02428	0.01502	0.45854	0.21421	0.04724	0.02398	0.02316	0.01739	0.01035	0.00835	0.00259	0.00839	0.00804	0.00835	0.01384
5	0.01150	0.00829	0.01087	0.01063	0.01235	0.00767	0.00782	0.01503	0.02231	0.03140	0.55618	0.16316	0.07469	0.01841	0.00993	0.00273	0.00406	0.01638	0.00892	0.00767
6	0.03103	0.03959	0.02354	0.02140	0.02568	0.67469	0.01605	0.03317	0.02354	0.02033	0.01284	0.01498	0.01070	0.00856	0.00749	0.00214	0.01498	0.00535	0.00428	0.00963
7	0.00994	0.00842	0.00859	0.00855	0.01130	0.00707	0.00641	0.01216	0.01923	0.02314	0.12068	0.07880	0.61589	0.02078	0.00982	0.00279	0.00419	0.01737	0.00781	0.00707
8	0.03103	0.03959	0.02354	0.02140	0.02568	0.67469	0.01605	0.03317	0.02354	0.02033	0.01284	0.01498	0.01070	0.00856	0.00749	0.00214	0.01498	0.00535	0.00428	0.00963
9	0.03103	0.03959	0.02354	0.02140	0.02568	0.67469	0.01605	0.03317	0.02354	0.02033	0.01284	0.01498	0.01070	0.00856	0.00749	0.00214	0.01498	0.00535	0.00428	0.00963
10	0.03158	0.02327	0.02493	0.01911	0.02576	0.02576	0.01579	0.62852	0.03906	0.05236	0.01995	0.01995	0.01413	0.00997	0.00831	0.00249	0.00914	0.00748	0.00831	0.01413
11	0.03103	0.03959	0.02354	0.02140	0.02568	0.67469	0.01605	0.03317	0.02354	0.02033	0.01284	0.01498	0.01070	0.00856	0.00749	0.00214	0.01498	0.00535	0.00428	0.00963
12	0.02221	0.71304	0.04353	0.01421	0.02132	0.03287	0.01421	0.02488	0.01688	0.01955	0.01155	0.01333	0.01066	0.00711	0.00533	0.00178	0.00888	0.00444	0.00355	0.01066
13	0.01208	0.00805	0.00906	0.00906	0.00906	0.00805	0.00503	0.01208	0.01208	0.01611	0.02618	0.05436	0.03020	0.70804	0.04228	0.00805	0.00805	0.01208	0.00503	0.00503
14	0.02932	0.09350	0.02487	0.02021	0.02493	0.51462	0.01560	0.07277	0.08341	0.02376	0.01522	0.01671	0.01233	0.00879	0.00745	0.00220	0.01327	0.00580	0.00489	0.01035
15	0.01785	0.01998	0.09403	0.33658	0.23600	0.01927	0.08213	0.02447	0.04248	0.02460	0.01600	0.02157	0.01237	0.00798	0.00839	0.00267	0.01093	0.00758	0.00404	0.01109
16	0.01109	0.00847	0.01018	0.00975	0.01200	0.00755	0.00731	0.01439	0.02194	0.02958	0.45683	0.06820	0.27572	0.01838	0.00981	0.00268	0.00402	0.01589	0.00865	0.00755
17	0.01005	0.00750	0.00936	0.01085	0.01186	0.00681	0.00739	0.01165	0.01659	0.02149	0.05448	0.56156	0.19040	0.02490	0.01043	0.00325	0.00468	0.02224	0.00771	0.00681
18	0.07016	0.06082	0.02730	0.02187	0.02454	0.20050	0.07527	0.02473	0.01662	0.02181	0.01207	0.01716	0.01088	0.01137	0.01766	0.00298	0.36412	0.00667	0.00396	0.00952
19	0.01666	0.04297	0.66500	0.02368	0.03596	0.01929	0.03069	0.02631	0.01754	0.02631	0.01491	0.01754	0.01052	0.00789	0.00789	0.00263	0.01228	0.00614	0.00351	0.01228
20	0.00982	0.00842	0.00842	0.00842	0.01122	0.00701	0.00631	0.01192	0.01894	0.02244	0.08416	0.07995	0.65285	0.02104	0.00982	0.00281	0.00421	0.01753	0.00771	0.00701
21	0.02056	0.01974	0.03372	0.05099	0.65622	0.01974	0.02550	0.02550	0.01892	0.02714	0.01563	0.02056	0.01316	0.00740	0.00822	0.00247	0.00987	0.00740	0.00411	0.01316
22	0.01732	0.01367	0.01850	0.02211	0.15947	0.01397	0.01353	0.15445	0.02183	0.02959	0.03318	0.39516	0.03634	0.01822	0.00955	0.00297	0.00693	0.01633	0.00704	0.00986
23	0.02051	0.01988	0.03454	0.05013	0.62325	0.01981	0.05781	0.02556	0.01895	0.02711	0.01569	0.02066	0.01313	0.00738	0.00831	0.00249	0.01009	0.00753	0.00412	0.01305
24	0.01844	0.06737	0.32128	0.02892	0.03897	0.02087	0.33086	0.02639	0.01855	0.02611	0.01569	0.01978	0.01158	0.00740	0.00873	0.00267	0.01298	0.00790	0.00386	0.01165
25	0.01455	0.01203	0.01240	0.01253	0.01403	0.05436	0.00854	0.02047	0.15515	0.02239	0.03402	0.27832	0.03668	0.26197	0.02108	0.00482	0.00702	0.01516	0.00671	0.00777
26	0.01747	0.01952	0.07498	0.02555	0.03043	0.01953	0.28538	0.02240	0.01644	0.02379	0.01660	0.02319	0.01389	0.01882	0.12972	0.00480	0.19538	0.00862	0.04363	0.00987
27	0.02298	0.06151	0.02555	0.07428	0.02712	0.28090	0.07438	0.05723	0.01983	0.02250	0.01607	0.04939	0.01438	0.01703	0.09770	0.00399	0.11358	0.00755	0.00448	0.00955
28	0.01791	0.19309	0.52577	0.02156	0.03268	0.02234	0.02700	0.02599	0.01739	0.02479	0.01416	0.01660	0.01055	0.00772	0.00732	0.00244	0.01152	0.00576	0.00352	0.01192
29	0.02406	0.02245	0.03075	0.04092	0.45275	0.08410	0.02239	0.16284	0.02392	0.03220	0.01634	0.01988	0.01314	0.00810	0.00817	0.00244	0.01020	0.00722	0.00508	0.01304
30	0.01942	0.01991	0.09929	0.31791	0.11408	0.01924	0.02104	0.15894	0.02217	0.02963	0.02108	0.05384	0.04775	0.00998	0.00843	0.00268	0.01000	0.00851	0.00515	0.01093
31	0.02291	0.02419	0.03144	0.04436	0.51496	0.16647	0.02338	0.02722	0.01995	0.02562	0.01500	0.01931	0.01261	0.00766	0.00806	0.00239	0.01101	0.00694	0.00415	0.01237
32	0.02537	0.05708	0.02358	0.06811	0.05183	0.16882	0.01571	0.18137	0.25539	0.03382	0.02255	0.02280	0.01710	0.00978	0.00803	0.00252	0.00965	0.00756	0.00673	0.01220

[dist]
# distance from previous block
# <min> <max>
0	2

[block]
# block no. 1 follows, 22 sequences, length 13
# corresponding to MSA columns:
# 48-60
name=unknown_B
#
# <colnr> <probs for GDERKNQSTAVLIFYWHMCP>
#	G	D	E	R	K	N	Q	S	T	A	V	L	I	F	Y	W	H	M	C	P
0	0.12141	0.01918	0.02745	0.14638	0.33181	0.02069	0.02077	0.15662	0.02230	0.03301	0.01589	0.01975	0.01246	0.00816	0.00785	0.00254	0.00946	0.00703	0.00510	0.01215
1	0.01935	0.01851	0.03154	0.20894	0.50771	0.01942	0.02489	0.02444	0.01834	0.02567	0.01541	0.02095	0.01264	0.00763	0.00824	0.00254	0.01017	0.00740	0.00401	0.01218
2	0.02254	0.05715	0.02516	0.05072	0.02622	0.28667	0.08841	0.02646	0.04271	0.02244	0.02270	0.03364	0.04995	0.01220	0.01101	0.00276	0.09744	0.10734	0.00502	0.00944
3	0.11342	0.01398	0.01526	0.01386	0.01792	0.01478	0.01067	0.03054	0.26644	0.11020	0.06339	0.16653	0.05913	0.01409	0.00845	0.00277	0.00601	0.01189	0.00792	0.05274
4	0.02066	0.02050	0.03308	0.10492	0.54147	0.05518	0.05190	0.02558	0.01899	0.02623	0.01545	0.02048	0.01282	0.00753	0.00826	0.00249	0.01044	0.00740	0.00409	0.01253
5	0.02612	0.02083	0.02158	0.01694	0.02303	0.06353	0.01364	0.38647	0.03066	0.04129	0.02064	0.08247	0.01726	0.01046	0.00795	0.00225	0.00841	0.00823	0.00718	0.19106
6	0.02032	0.02040	0.03751	0.04703	0.50429	0.02005	0.17439	0.02577	0.01909	0.02701	0.01592	0.02102	0.01302	0.00730	0.00862	0.00255	0.01089	0.00800	0.00413	0.01267
7	0.01222	0.00850	0.01016	0.01020	0.01241	0.00750	0.00747	0.01470	0.01965	0.06737	0.21822	0.23667	0.30327	0.02059	0.00992	0.00289	0.00448	0.01788	0.00826	0.00763
8	0.01941	0.01967	0.06398	0.03908	0.44131	0.01877	0.02170	0.02796	0.13966	0.02816	0.02517	0.02766	0.07184	0.00938	0.00839	0.00257	0.00886	0.00861	0.00524	0.01257
9	0.02227	0.01657	0.01896	0.06332	0.02325	0.01837	0.01336	0.16485	0.29727	0.09061	0.03150	0.14925	0.02682	0.01336	0.00879	0.00282	0.00718	0.01131	0.00811	0.01202
10	0.02059	0.02145	0.03659	0.10061	0.38432	0.06593	0.19590	0.02598	0.01923	0.02599	0.01569	0.02084	0.01264	0.00745	0.00863	0.00257	0.01151	0.00794	0.00411	0.01201
11	0.02614	0.03032	0.02829	0.03521	0.32002	0.36896	0.02046	0.02959	0.02138	0.02351	0.01414	0.01759	0.01185	0.00802	0.00783	0.00229	0.01259	0.00631	0.00420	0.01128
12	0.16572	0.23250	0.07920	0.01264	0.01786	0.01870	0.01189	0.02076	0.01847	0.02782	0.19671	0.03549	0.10973	0.01176	0.00731	0.00237	0.00674	0.00916	0.00592	0.00924

[dist]
# distance from previous block
# <min> <max>
0	5

[block]
# block no. 2 follows, 22 sequences, length 11
# corresponding to MSA columns:
# 66-76
name=unknown_C
#
# <colnr> <probs for GDERKNQSTAVLIFYWHMCP>
#	G	D	E	R	K	N	Q	S	T	A	V	L	I	F	Y	W	H	M	C	P
0	0.02775	0.09650	0.02614	0.02223	0.05495	0.48500	0.01666	0.03002	0.02105	0.02053	0.01256	0.01559	0.01085	0.00929	0.01037	0.00235	0.11857	0.00566	0.00411	0.00981
1	0.06491	0.40569	0.03503	0.02234	0.15704	0.08351	0.01596	0.02461	0.01766	0.02241	0.01538	0.07229	0.01478	0.00891	0.00657	0.00214	0.00915	0.00675	0.00418	0.01069
2	0.11965	0.16134	0.02297	0.01762	0.07523	0.11012	0.01321	0.02708	0.10814	0.06307	0.03033	0.03430	0.11568	0.01161	0.00767	0.00251	0.00823	0.05500	0.00598	0.01027
3	0.05623	0.01408	0.01789	0.09467	0.09820	0.01530	0.01346	0.02727	0.22778	0.03132	0.23294	0.04048	0.07106	0.01265	0.00874	0.00269	0.00649	0.01092	0.00740	0.01043
4	0.02304	0.02127	0.02419	0.02801	0.23555	0.11298	0.01713	0.19312	0.05233	0.03261	0.03066	0.03169	0.13903	0.01113	0.00847	0.00251	0.00915	0.00920	0.00620	0.01172
5	0.01203	0.00945	0.01262	0.01302	0.01410	0.01004	0.00983	0.01442	0.01779	0.02435	0.18336	0.34313	0.09205	0.02159	0.01287	0.00325	0.10393	0.08727	0.00745	0.00746
6	0.02306	0.02463	0.02349	0.02692	0.19521	0.23304	0.01686	0.03260	0.21397	0.02686	0.02648	0.02727	0.07315	0.01020	0.00820	0.00250	0.01001	0.00825	0.00584	0.01145
7	0.02435	0.02406	0.03073	0.03621	0.33559	0.14084	0.07399	0.14237	0.02361	0.03067	0.01601	0.01942	0.01280	0.00801	0.00815	0.00238	0.01086	0.00713	0.00499	0.04782
8	0.13322	0.03187	0.36172	0.02683	0.08924	0.01964	0.16918	0.02602	0.01763	0.02814	0.01491	0.01835	0.01102	0.00761	0.00795	0.00265	0.01158	0.00687	0.00398	0.01159
9	0.02150	0.01453	0.01675	0.01441	0.01792	0.01531	0.01098	0.26000	0.02545	0.08662	0.07235	0.16868	0.03083	0.14517	0.05681	0.00439	0.00835	0.01228	0.00757	0.01010
10	0.01880	0.19784	0.36428	0.02564	0.08994	0.02284	0.11797	0.02594	0.01783	0.02481	0.01446	0.01756	0.01112	0.00752	0.00760	0.00244	0.01151	0.00641	0.00368	0.01181

[dist]
# distance from previous block
# <min> <max>
2	4

[block]
# block no. 3 follows, 22 sequences, length 9
# corresponding to MSA columns:
# 81-89
name=unknown_D
#
# <colnr> <probs for GDERKNQSTAVLIFYWHMCP>
#	G	D	E	R	K	N	Q	S	T	A	V	L	I	F	Y	W	H	M	C	P
0	0.01771	0.02183	0.15920	0.09606	0.33031	0.01726	0.02365	0.02343	0.01846	0.02592	0.02171	0.03636	0.02013	0.01105	0.00889	0.00283	0.00999	0.13909	0.00474	0.01139
1	0.02545	0.02681	0.02151	0.02001	0.05053	0.32426	0.01486	0.15637	0.02391	0.02726	0.01707	0.02112	0.01430	0.02349	0.19005	0.00529	0.01548	0.00687	0.00519	0.01015
2	0.01911	0.06794	0.03059	0.07506	0.48296	0.01884	0.02191	0.02376	0.01934	0.02721	0.11065	0.02634	0.02265	0.00886	0.00826	0.00245	0.00897	0.00833	0.00480	0.01198
3	0.01623	0.01860	0.10302	0.55276	0.10640	0.01867	0.02420	0.02221	0.01692	0.02235	0.01486	0.02145	0.01119	0.00818	0.00825	0.00273	0.01112	0.00723	0.00371	0.00994
4	0.01523	0.01221	0.01283	0.01169	0.01468	0.03233	0.00886	0.10798	0.05961	0.02933	0.18729	0.05931	0.27662	0.10057	0.01341	0.00336	0.00594	0.03252	0.00773	0.00850
5	0.01260	0.00944	0.01181	0.01216	0.01413	0.00863	0.00856	0.05166	0.01757	0.02409	0.03921	0.55026	0.04557	0.02184	0.00975	0.00298	0.00530	0.01962	0.00730	0.12753
6	0.02817	0.02514	0.02462	0.15825	0.03226	0.16867	0.01736	0.37018	0.03095	0.03878	0.01729	0.01930	0.01273	0.00931	0.00813	0.00247	0.01084	0.00699	0.00646	0.01211
7	0.02204	0.02296	0.03360	0.04508	0.50527	0.11803	0.07939	0.02675	0.01967	0.02607	0.01532	0.01989	0.01274	0.00754	0.00826	0.00245	0.01102	0.00732	0.00415	0.01245
8	0.08189	0.03105	0.02152	0.01903	0.02370	0.41240	0.01461	0.12321	0.09960	0.02829	0.02033	0.02118	0.04859	0.00974	0.00769	0.00234	0.01186	0.00678	0.00565	0.01055

[dist]
# distance from previous block
# <min> <max>
1	3

[block]
# block no. 4 follows, 22 sequences, length 12
# corresponding to MSA columns:
# 93-104
name=unknown_E
#
# <colnr> <probs for GDERKNQSTAVLIFYWHMCP>
#	G	D	E	R	K	N	Q	S	T	A	V	L	I	F	Y	W	H	M	C	P
0	0.02170	0.02287	0.02937	0.12289	0.36239	0.15198	0.02225	0.02571	0.01867	0.02400	0.01429	0.01931	0.01208	0.00876	0.01079	0.00261	0.10800	0.00697	0.00402	0.01137
1	0.08456	0.08442	0.43178	0.02049	0.03024	0.02050	0.02404	0.02962	0.14250	0.02849	0.01816	0.01958	0.01338	0.00850	0.00757	0.00260	0.01036	0.00652	0.00465	0.01204
2	0.02061	0.01881	0.02638	0.03425	0.34444	0.02019	0.01943	0.03466	0.32464	0.03088	0.02456	0.02569	0.01915	0.00930	0.00834	0.00264	0.00825	0.00838	0.00624	0.01315
3	0.01322	0.01035	0.01340	0.01340	0.01484	0.01167	0.00988	0.01863	0.11538	0.02196	0.03050	0.22166	0.03167	0.12402	0.25948	0.00757	0.05498	0.01340	0.00603	0.00795
4	0.01212	0.00905	0.01108	0.01151	0.01329	0.00846	0.00818	0.05520	0.01906	0.02548	0.13150	0.44327	0.14081	0.02199	0.01001	0.00302	0.00497	0.01953	0.00782	0.04366
5	0.01870	0.01912	0.03462	0.12587	0.16195	0.01983	0.24221	0.02382	0.01762	0.02494	0.01506	0.02065	0.01219	0.00838	0.01163	0.00266	0.12150	0.00794	0.00411	0.10719
6	0.02406	0.08762	0.03054	0.03644	0.36436	0.23021	0.02081	0.02889	0.05351	0.02470	0.01535	0.01869	0.01280	0.00795	0.00774	0.00232	0.01124	0.00659	0.00435	0.01181
7	0.01776	0.21450	0.11616	0.02146	0.02763	0.02133	0.19147	0.02234	0.01705	0.02273	0.01977	0.12967	0.01912	0.01478	0.05818	0.00341	0.05830	0.00983	0.00448	0.01005
8	0.02055	0.02097	0.02310	0.02838	0.24769	0.16900	0.01677	0.02694	0.10136	0.02826	0.19527	0.03221	0.03240	0.01085	0.00852	0.00248	0.00897	0.00931	0.00612	0.01085
9	0.02451	0.02159	0.01951	0.01642	0.02130	0.14493	0.01312	0.31073	0.02944	0.03646	0.03743	0.03956	0.18924	0.01346	0.00874	0.00259	0.00884	0.04386	0.00733	0.01095
10	0.08739	0.10808	0.35120	0.02390	0.11033	0.02074	0.02352	0.07573	0.01960	0.08162	0.01622	0.01819	0.01187	0.00809	0.00748	0.00249	0.01038	0.00626	0.00469	0.01222
11	0.01747	0.13012	0.12189	0.02538	0.10887	0.01870	0.16944	0.02275	0.01838	0.02459	0.02542	0.03972	0.05283	0.01391	0.03732	0.00326	0.01082	0.14382	0.00497	0.01033

[dist]
# distance from previous block
# <min> <max>
0	22

[block]
# block no. 5 follows, 22 sequences, length 30
# corresponding to MSA columns:
# 127-156
name=unknown_F
#
# <colnr> <probs for GDERKNQSTAVLIFYWHMCP>
#	G	D	E	R	K	N	Q	S	T	A	V	L	I	F	Y	W	H	M	C	P
0	0.02622	0.14701	0.05600	0.02389	0.11979	0.29906	0.01741	0.11884	0.02315	0.02624	0.01479	0.01750	0.01220	0.01167	0.04892	0.00290	0.01263	0.00608	0.00472	0.01099
1	0.01766	0.05952	0.12521	0.01330	0.01830	0.01239	0.01241	0.02207	0.04588	0.14273	0.07425	0.09381	0.23486	0.07656	0.01181	0.00316	0.00688	0.01254	0.00708	0.00958
2	0.01956	0.01972	0.03661	0.14314	0.39632	0.01989	0.19086	0.02516	0.01876	0.02610	0.01582	0.02131	0.01269	0.00743	0.00867	0.00261	0.01119	0.00806	0.00407	0.01202
3	0.05660	0.05448	0.02890	0.03513	0.33498	0.27456	0.02031	0.05214	0.02122	0.02562	0.01439	0.01779	0.01197	0.00795	0.00770	0.00232	0.01164	0.00637	0.00436	0.01156
4	0.01907	0.01978	0.06581	0.14330	0.07739	0.09982	0.01593	0.11255	0.06346	0.02882	0.08924	0.03802	0.16779	0.01241	0.00866	0.00261	0.00875	0.01022	0.00621	0.01016
5	0.02472	0.08984	0.02484	0.02387	0.13038	0.37778	0.01612	0.02736	0.02100	0.02173	0.02387	0.02572	0.10794	0.01038	0.00863	0.00233	0.04138	0.00754	0.00468	0.00990
6	0.01087	0.00755	0.00942	0.01061	0.01090	0.00725	0.00668	0.01176	0.01444	0.01925	0.03827	0.45411	0.04546	0.28749	0.02275	0.00517	0.00606	0.01919	0.00668	0.00609
7	0.01844	0.07102	0.06559	0.01574	0.01986	0.01703	0.01363	0.18501	0.02099	0.02889	0.02025	0.02654	0.01741	0.03967	0.39117	0.00868	0.01688	0.00796	0.00537	0.00987
8	0.02221	0.71304	0.04353	0.01421	0.02132	0.03287	0.01421	0.02488	0.01688	0.01955	0.01155	0.01333	0.01066	0.00711	0.00533	0.00178	0.00888	0.00444	0.00355	0.01066
9	0.02158	0.01977	0.01921	0.01730	0.02196	0.07864	0.01341	0.04317	0.58646	0.03347	0.03195	0.02958	0.02406	0.01103	0.00837	0.00276	0.00732	0.00903	0.00808	0.01284
10	0.01723	0.01477	0.01723	0.01230	0.01969	0.01107	0.00984	0.02092	0.01723	0.02707	0.01477	0.01723	0.01230	0.00615	0.00615	0.00123	0.00615	0.00492	0.00492	0.75883
11	0.01035	0.00844	0.00916	0.00898	0.01155	0.00724	0.00673	0.01296	0.02020	0.02544	0.24082	0.07501	0.49432	0.01992	0.00981	0.00275	0.00413	0.01684	0.00811	0.00724
12	0.01208	0.00805	0.00906	0.00906	0.00906	0.00805	0.00503	0.01208	0.01208	0.01611	0.02618	0.05436	0.03020	0.70804	0.04228	0.00805	0.00805	0.01208	0.00503	0.00503
13	0.01723	0.01477	0.01723	0.01230	0.01969	0.01107	0.00984	0.02092	0.01723	0.02707	0.01477	0.01723	0.01230	0.00615	0.00615	0.00123	0.00615	0.00492	0.00492	0.75883
14	0.01762	0.01823	0.02884	0.19137	0.03542	0.07651	0.18516	0.02210	0.01671	0.02200	0.01632	0.02343	0.01369	0.02147	0.16660	0.00531	0.11761	0.00821	0.00405	0.00937
15	0.00982	0.00842	0.00842	0.00842	0.01122	0.00701	0.00631	0.01192	0.01894	0.02244	0.08416	0.07995	0.65285	0.02104	0.00982	0.00281	0.00421	0.01753	0.00771	0.00701
16	0.02133	0.01957	0.02135	0.02234	0.11755	0.06369	0.01520	0.04061	0.50663	0.03265	0.02969	0.02836	0.02255	0.01051	0.00836	0.00272	0.00763	0.00883	0.00752	0.01292
17	0.03158	0.02327	0.02493	0.01911	0.02576	0.02576	0.01579	0.62852	0.03906	0.05236	0.01995	0.01995	0.01413	0.00997	0.00831	0.00249	0.00914	0.00748	0.00831	0.01413
18	0.01012	0.00723	0.00964	0.01157	0.01205	0.00675	0.00771	0.01157	0.01591	0.02121	0.04579	0.70262	0.05495	0.02603	0.01060	0.00337	0.00482	0.02362	0.00771	0.00675
19	0.00982	0.00842	0.00842	0.00842	0.01122	0.00701	0.00631	0.01192	0.01894	0.02244	0.08416	0.07995	0.65285	0.02104	0.00982	0.00281	0.00421	0.01753	0.00771	0.00701
20	0.01046	0.00723	0.00973	0.01151	0.01195	0.00678	0.00767	0.01151	0.01550	0.02067	0.04331	0.64901	0.05174	0.02625	0.01233	0.06312	0.00501	0.02232	0.00739	0.00650
21	0.01936	0.51872	0.03520	0.01398	0.01953	0.02667	0.01316	0.02210	0.01591	0.01947	0.01450	0.01866	0.01345	0.02234	0.19017	0.00497	0.01257	0.00567	0.00380	0.00977
22	0.01671	0.01602	0.02263	0.01984	0.02019	0.02194	0.01636	0.01879	0.01287	0.01983	0.01354	0.02154	0.01320	0.02565	0.17795	0.00589	0.53686	0.00765	0.00382	0.00870
23	0.01731	0.12081	0.59280	0.02258	0.03426	0.02087	0.02878	0.02614	0.01746	0.02552	0.01452	0.01705	0.01054	0.00780	0.00760	0.00253	0.01188	0.00594	0.00351	0.01209
24	0.02381	0.02485	0.03004	0.03951	0.41426	0.18395	0.02199	0.07025	0.02113	0.02680	0.01495	0.01898	0.01247	0.00832	0.00923	0.00246	0.05359	0.00689	0.00443	0.01209
25	0.01898	0.32348	0.40484	0.01972	0.02983	0.02498	0.02380	0.02571	0.01726	0.02348	0.01350	0.01578	0.01058	0.00756	0.00682	0.00227	0.01086	0.00543	0.00353	0.01160
26	0.02947	0.03741	0.06661	0.02323	0.06560	0.54421	0.01759	0.07488	0.02397	0.02344	0.01366	0.01585	0.01109	0.00855	0.00762	0.00222	0.01407	0.00568	0.00451	0.01035
27	0.02295	0.02356	0.02479	0.12725	0.17523	0.20053	0.01846	0.07037	0.09290	0.02663	0.01748	0.02091	0.01399	0.00927	0.00959	0.00253	0.07117	0.00708	0.05436	0.01094
28	0.02532	0.03037	0.02295	0.12074	0.08246	0.43888	0.01686	0.02824	0.02129	0.02116	0.01944	0.02246	0.06225	0.01187	0.03844	0.00283	0.01345	0.00695	0.00446	0.00956
29	0.02883	0.02274	0.02338	0.01798	0.02461	0.06582	0.01468	0.47437	0.03391	0.04546	0.01850	0.01910	0.01356	0.00916	0.00785	0.00223	0.00896	0.00686	0.00740	0.15460

[dist]
# distance from previous block
# <min> <max>
0	1

[block]
# block no. 6 follows, 22 sequences, length 6
# corresponding to MSA columns:
# 158-163
name=unknown_G
#
# <colnr> <probs for GDERKNQSTAVLIFYWHMCP>
#	G	D	E	R	K	N	Q	S	T	A	V	L	I	F	Y	W	H	M	C	P
0	0.01798	0.17959	0.38172	0.01901	0.02905	0.02028	0.02233	0.02475	0.01733	0.02504	0.01416	0.01657	0.01097	0.00732	0.00694	0.00212	0.01013	0.00549	0.00385	0.18537
1	0.01823	0.01317	0.01598	0.01403	0.01725	0.01435	0.01111	0.20553	0.02400	0.03370	0.16818	0.03541	0.03214	0.03145	0.26168	0.00660	0.01250	0.00979	0.06527	0.00962
2	0.03158	0.02327	0.02493	0.01911	0.02576	0.02576	0.01579	0.62852	0.03906	0.05236	0.01995	0.01995	0.01413	0.00997	0.00831	0.00249	0.00914	0.00748	0.00831	0.01413
3	0.02197	0.08554	0.02217	0.01737	0.02093	0.17154	0.01399	0.14574	0.02122	0.02637	0.01740	0.02262	0.01509	0.02895	0.25302	0.00642	0.08765	0.00720	0.00503	0.00978
4	0.02434	0.11134	0.02629	0.02439	0.15750	0.20200	0.01631	0.14878	0.02487	0.03055	0.12923	0.02541	0.02405	0.00993	0.00796	0.00232	0.00995	0.00784	0.00585	0.01111
5	0.01473	0.01343	0.01290	0.01232	0.01544	0.07247	0.00948	0.02186	0.15318	0.02705	0.16826	0.06115	0.30915	0.01718	0.00943	0.00278	0.00592	0.05669	0.00781	0.00877

[dist]
# distance from previous block
# <min> <max>
0	2

[block]
# block no. 7 follows, 22 sequences, length 16
# corresponding to MSA columns:
# 166-181
name=unknown_H
#
# <colnr> <probs for GDERKNQSTAVLIFYWHMCP>
#	G	D	E	R	K	N	Q	S	T	A	V	L	I	F	Y	W	H	M	C	P
0	0.02467	0.02079	0.14012	0.01709	0.02359	0.01688	0.01581	0.03780	0.28647	0.23419	0.06929	0.02957	0.02441	0.01068	0.00840	0.00269	0.00764	0.00881	0.00815	0.01296
1	0.02141	0.01810	0.07653	0.02448	0.19540	0.01588	0.01639	0.13720	0.02353	0.11974	0.07202	0.03869	0.18030	0.01233	0.00872	0.00259	0.00777	0.01044	0.00691	0.01154
2	0.02414	0.41146	0.03661	0.02296	0.14197	0.19342	0.01681	0.02710	0.01896	0.02117	0.01265	0.01511	0.01114	0.00753	0.00642	0.00200	0.01062	0.00523	0.00384	0.01087
3	0.12058	0.03234	0.44227	0.01981	0.02891	0.01740	0.02356	0.02373	0.01622	0.02643	0.01592	0.02002	0.01238	0.01884	0.14209	0.00478	0.01347	0.00647	0.00393	0.01084
4	0.02048	0.01996	0.03501	0.04964	0.60455	0.01985	0.07613	0.02559	0.01897	0.02710	0.01573	0.02072	0.01311	0.00737	0.00836	0.00250	0.01022	0.00760	0.00412	0.01299
5	0.00997	0.00832	0.00869	0.00882	0.01137	0.00704	0.00653	0.01213	0.01897	0.02303	0.11702	0.13226	0.56494	0.02121	0.00988	0.00284	0.00424	0.01790	0.00781	0.00704
6	0.02242	0.02524	0.07229	0.04327	0.48913	0.15182	0.02393	0.02710	0.01976	0.02571	0.01502	0.01924	0.01249	0.00767	0.00806	0.00241	0.01106	0.00691	0.00411	0.01239
7	0.01807	0.01788	0.02707	0.47533	0.20851	0.06737	0.02317	0.02321	0.01772	0.02268	0.01484	0.02121	0.01158	0.00809	0.00822	0.00264	0.01105	0.00724	0.00384	0.01027
8	0.01948	0.01997	0.02514	0.02115	0.02379	0.12456	0.10060	0.05591	0.01707	0.02260	0.01562	0.02227	0.01396	0.02519	0.19582	0.00584	0.26967	0.00777	0.00430	0.00930
9	0.02846	0.11543	0.02509	0.01935	0.02408	0.46009	0.01512	0.10697	0.02473	0.02541	0.06612	0.01929	0.01670	0.00926	0.00753	0.00218	0.01260	0.00631	0.00511	0.01018
10	0.03005	0.02251	0.02407	0.01881	0.02518	0.02505	0.01542	0.54681	0.12326	0.04989	0.02188	0.02149	0.01570	0.01015	0.00833	0.00254	0.00878	0.00775	0.00833	0.01399
11	0.02532	0.02821	0.02177	0.01932	0.02271	0.35495	0.01496	0.11052	0.02271	0.02499	0.02203	0.07276	0.06961	0.01225	0.01176	0.00262	0.14011	0.00841	0.00527	0.00972
12	0.02552	0.02754	0.02308	0.02019	0.02361	0.30346	0.01589	0.11335	0.09621	0.02639	0.01638	0.01939	0.01355	0.01363	0.05035	0.00328	0.18574	0.00682	0.00519	0.01042
13	0.02090	0.02115	0.03586	0.04683	0.52073	0.05124	0.12831	0.02605	0.01926	0.02672	0.01570	0.02061	0.01295	0.00739	0.00846	0.00251	0.01082	0.00772	0.00414	0.01265
14	0.01382	0.01341	0.01126	0.01104	0.01356	0.11409	0.00811	0.01569	0.01854	0.02120	0.06051	0.06618	0.40746	0.13369	0.01496	0.00364	0.00679	0.05218	0.00671	0.00714
15	0.17156	0.03741	0.53019	0.02104	0.03185	0.01916	0.02621	0.02592	0.01684	0.02857	0.01422	0.01670	0.01021	0.00786	0.00732	0.00262	0.01107	0.00580	0.00385	0.01160

[dist]
# distance from previous block
# <min> <max>
0	1

[block]
# block no. 8 follows, 22 sequences, length 21
# corresponding to MSA columns:
# 183-203
name=unknown_I
#
# <colnr> <probs for GDERKNQSTAVLIFYWHMCP>
#	G	D	E	R	K	N	Q	S	T	A	V	L	I	F	Y	W	H	M	C	P
0	0.02212	0.02270	0.03220	0.04658	0.56228	0.11732	0.02409	0.02664	0.01961	0.02613	0.01521	0.01973	0.01279	0.00757	0.00812	0.00242	0.01063	0.00710	0.00414	0.01263
1	0.02370	0.02345	0.02411	0.02054	0.02312	0.16699	0.01664	0.16418	0.02127	0.02755	0.01418	0.01884	0.01226	0.01531	0.06120	0.00368	0.34079	0.00701	0.00492	0.01027
2	0.02245	0.01873	0.01979	0.01727	0.02228	0.02150	0.01358	0.13997	0.54248	0.03764	0.03154	0.02918	0.02352	0.01106	0.00843	0.00276	0.00700	0.00908	0.00843	0.01331
3	0.00994	0.00842	0.00858	0.00854	0.01130	0.00706	0.00641	0.01216	0.01922	0.02312	0.11951	0.07884	0.61707	0.02079	0.00982	0.00279	0.00419	0.01738	0.00780	0.00706
4	0.01187	0.00890	0.01335	0.01335	0.01483	0.01038	0.01038	0.01483	0.01335	0.01928	0.02225	0.03264	0.02077	0.06231	0.67512	0.01335	0.02225	0.00890	0.00445	0.00742
5	0.02221	0.71304	0.04353	0.01421	0.02132	0.03287	0.01421	0.02488	0.01688	0.01955	0.01155	0.01333	0.01066	0.00711	0.00533	0.00178	0.00888	0.00444	0.00355	0.01066
6	0.00982	0.00842	0.00842	0.00842	0.01122	0.00701	0.00631	0.01192	0.01894	0.02244	0.08416	0.07995	0.65285	0.02104	0.00982	0.00281	0.00421	0.01753	0.00771	0.00701
7	0.01187	0.00890	0.01335	0.01335	0.01483	0.01038	0.01038	0.01483	0.01335	0.01928	0.02225	0.03264	0.02077	0.06231	0.67512	0.01335	0.02225	0.00890	0.00445	0.00742
8	0.03059	0.02186	0.18523	0.01724	0.02503	0.01473	0.01704	0.03715	0.07349	0.44644	0.02827	0.02574	0.01838	0.00975	0.00824	0.00261	0.00837	0.00787	0.00839	0.01358
9	0.02195	0.02258	0.03160	0.04446	0.51614	0.11774	0.02356	0.02624	0.01915	0.02561	0.01487	0.01956	0.01263	0.00809	0.00950	0.00250	0.06030	0.00709	0.00410	0.01234
10	0.02066	0.01785	0.01878	0.01691	0.02160	0.02066	0.01315	0.04414	0.64121	0.03475	0.03381	0.03099	0.02536	0.01127	0.00845	0.00282	0.00657	0.00939	0.00845	0.01315
11	0.01012	0.00723	0.00964	0.01157	0.01205	0.00675	0.00771	0.01157	0.01591	0.02121	0.04579	0.70262	0.05495	0.02603	0.01060	0.00337	0.00482	0.02362	0.00771	0.00675
12	0.02056	0.01974	0.03372	0.05099	0.65622	0.01974	0.02550	0.02550	0.01892	0.02714	0.01563	0.02056	0.01316	0.00740	0.00822	0.00247	0.00987	0.00740	0.00411	0.01316
13	0.02056	0.01974	0.03372	0.05099	0.65622	0.01974	0.02550	0.02550	0.01892	0.02714	0.01563	0.02056	0.01316	0.00740	0.00822	0.00247	0.00987	0.00740	0.00411	0.01316
14	0.01012	0.00723	0.00964	0.01157	0.01205	0.00675	0.00771	0.01157	0.01591	0.02121	0.04579	0.70262	0.05495	0.02603	0.01060	0.00337	0.00482	0.02362	0.00771	0.00675
15	0.03158	0.02327	0.02493	0.01911	0.02576	0.02576	0.01579	0.62852	0.03906	0.05236	0.01995	0.01995	0.01413	0.00997	0.00831	0.00249	0.00914	0.00748	0.00831	0.01413
16	0.00982	0.00842	0.00842	0.00842	0.01122	0.00701	0.00631	0.01192	0.01894	0.02244	0.08416	0.07995	0.65285	0.02104	0.00982	0.00281	0.00421	0.01753	0.00771	0.00701
17	0.01783	0.03517	0.43679	0.02918	0.08963	0.01982	0.20012	0.02633	0.01824	0.02646	0.01551	0.01918	0.01134	0.00760	0.00847	0.00267	0.01257	0.00729	0.00376	0.01204
18	0.16055	0.40500	0.20196	0.01610	0.02420	0.02661	0.01759	0.02517	0.01654	0.02466	0.01244	0.01447	0.01031	0.00743	0.00597	0.00215	0.00932	0.00490	0.00384	0.01078
19	0.01793	0.16053	0.50849	0.02398	0.07846	0.02174	0.02738	0.02599	0.01752	0.02517	0.01436	0.01701	0.01074	0.00772	0.00746	0.00247	0.01150	0.00593	0.00356	0.01205
20	0.03125	0.03308	0.02410	0.02049	0.02571	0.41588	0.01595	0.27062	0.02973	0.03310	0.01567	0.01696	0.01207	0.00912	0.00782	0.00228	0.01265	0.00620	0.00589	0.01142

[dist]
# distance from previous block
# <min> <max>
0	7

[block]
# block no. 9 follows, 22 sequences, length 6
# corresponding to MSA columns:
# 211-216
name=unknown_J
#
# <colnr> <probs for GDERKNQSTAVLIFYWHMCP>
#	G	D	E	R	K	N	Q	S	T	A	V	L	I	F	Y	W	H	M	C	P
0	0.02162	0.07459	0.40694	0.02441	0.08752	0.13112	0.02516	0.02860	0.01921	0.08222	0.01604	0.01811	0.01170	0.00813	0.00775	0.00248	0.01187	0.00622	0.00431	0.01198
1	0.35791	0.02931	0.32145	0.01756	0.02618	0.01948	0.01975	0.07016	0.01759	0.03321	0.01377	0.01588	0.01010	0.00796	0.00668	0.00259	0.00939	0.00549	0.00461	0.01093
2	0.02593	0.03504	0.13627	0.02339	0.02926	0.38254	0.09440	0.06237	0.02181	0.02384	0.01388	0.01692	0.01111	0.00892	0.00984	0.00247	0.08089	0.00634	0.00430	0.01047
3	0.01447	0.01042	0.01234	0.01212	0.01375	0.01070	0.00849	0.11716	0.01873	0.02499	0.03609	0.30668	0.07409	0.21741	0.07887	0.00540	0.00800	0.01594	0.00677	0.00760
4	0.01280	0.01027	0.01513	0.01460	0.01586	0.01260	0.01153	0.01559	0.01326	0.01939	0.02058	0.03051	0.01932	0.05527	0.57969	0.01192	0.12103	0.00866	0.00433	0.00766
5	0.01369	0.01165	0.01201	0.01208	0.01364	0.07434	0.00883	0.01553	0.01578	0.01969	0.03697	0.05578	0.14038	0.26379	0.17660	0.00715	0.01131	0.09830	0.00569	0.00679

[dist]
# distance from previous block
# <min> <max>
2	4

[block]
# block no. 10 follows, 22 sequences, length 7
# corresponding to MSA columns:
# 221-227
name=unknown_K
#
# <colnr> <probs for GDERKNQSTAVLIFYWHMCP>
#	G	D	E	R	K	N	Q	S	T	A	V	L	I	F	Y	W	H	M	C	P
0	0.02063	0.02100	0.01632	0.01453	0.01854	0.21859	0.01118	0.13780	0.02426	0.02757	0.04953	0.04811	0.32931	0.01501	0.00880	0.00254	0.00852	0.01179	0.00676	0.00920
1	0.01799	0.01415	0.01781	0.01533	0.01910	0.01436	0.06313	0.21800	0.02465	0.03232	0.04391	0.26803	0.18112	0.01786	0.00958	0.00290	0.00690	0.01561	0.00761	0.00965
2	0.01758	0.23163	0.27803	0.01722	0.02527	0.02125	0.01911	0.02557	0.09832	0.02470	0.02897	0.02940	0.12941	0.01049	0.00756	0.00243	0.00907	0.00813	0.00493	0.01095
3	0.02210	0.02454	0.03498	0.03499	0.22828	0.16040	0.20934	0.02658	0.01911	0.02437	0.01464	0.01956	0.01210	0.00868	0.01165	0.00269	0.12305	0.00769	0.00410	0.01114
4	0.05825	0.07359	0.18252	0.19423	0.28263	0.02020	0.02447	0.02455	0.01763	0.02550	0.01474	0.01933	0.01162	0.00773	0.00779	0.00254	0.01049	0.00673	0.00388	0.01159
5	0.02016	0.02212	0.09852	0.04819	0.59255	0.01969	0.02603	0.02558	0.01877	0.02706	0.01555	0.02025	0.01289	0.00745	0.00819	0.00248	0.01012	0.00727	0.00405	0.01307
6	0.06494	0.02304	0.02084	0.02017	0.09124	0.18557	0.01425	0.22742	0.02663	0.03332	0.03282	0.03299	0.16819	0.01190	0.00829	0.00248	0.00936	0.00921	0.00650	0.01087

[dist]
# distance from previous block
# <min> <max>
1	13

[block]
# block no. 11 follows, 22 sequences, length 8
# corresponding to MSA columns:
# 241-248
name=unknown_L
#
# <colnr> <probs for GDERKNQSTAVLIFYWHMCP>
#	G	D	E	R	K	N	Q	S	T	A	V	L	I	F	Y	W	H	M	C	P
0	0.01326	0.01059	0.01411	0.07314	0.07350	0.01083	0.01061	0.01794	0.08322	0.02453	0.14799	0.22558	0.09696	0.14194	0.01545	0.00384	0.00636	0.01512	0.00690	0.00812
1	0.02370	0.10615	0.02249	0.01691	0.02123	0.26134	0.01351	0.13290	0.02351	0.02651	0.03176	0.03230	0.17297	0.01227	0.00959	0.00245	0.06598	0.00885	0.00573	0.00986
2	0.02354	0.02704	0.02522	0.21369	0.16143	0.32432	0.01944	0.02719	0.02043	0.02207	0.01755	0.02141	0.04378	0.00889	0.00799	0.00242	0.01231	0.00695	0.00425	0.01010
3	0.02787	0.01991	0.02172	0.01767	0.02350	0.02198	0.01427	0.31708	0.28147	0.12225	0.02719	0.02548	0.01950	0.01054	0.00837	0.00263	0.00784	0.00837	0.00862	0.01373
4	0.02616	0.21578	0.10498	0.02220	0.07734	0.37503	0.01806	0.02955	0.02070	0.02138	0.01297	0.01530	0.01087	0.00800	0.00703	0.00213	0.01264	0.00537	0.00398	0.01050
5	0.01271	0.00944	0.01068	0.01073	0.01250	0.00909	0.00763	0.06460	0.01804	0.02307	0.05055	0.18803	0.24515	0.22554	0.01964	0.00454	0.00619	0.06788	0.00696	0.00703
6	0.02482	0.02003	0.02383	0.01947	0.02314	0.02403	0.01599	0.35168	0.02738	0.03777	0.01880	0.07712	0.01640	0.01302	0.01550	0.00299	0.26110	0.00877	0.00653	0.01164
7	0.11265	0.02797	0.01954	0.01776	0.02213	0.35506	0.01355	0.03334	0.19537	0.02655	0.02488	0.02505	0.07140	0.01032	0.00769	0.00244	0.01066	0.00746	0.00586	0.01031

[dist]
# distance from previous block
# <min> <max>
0	1

[block]
# block no. 12 follows, 22 sequences, length 15
# corresponding to MSA columns:
# 250-264
name=unknown_M
#
# <colnr> <probs for GDERKNQSTAVLIFYWHMCP>
#	G	D	E	R	K	N	Q	S	T	A	V	L	I	F	Y	W	H	M	C	P
0	0.02515	0.06606	0.12803	0.01850	0.02530	0.02191	0.01713	0.28019	0.16393	0.07952	0.02431	0.02772	0.01877	0.01075	0.00833	0.00265	0.00883	0.05267	0.00734	0.01291
1	0.02347	0.01704	0.01874	0.01534	0.01937	0.01863	0.01182	0.37305	0.02798	0.03761	0.02217	0.03221	0.01992	0.23985	0.08093	0.00529	0.01000	0.00909	0.00690	0.01058
2	0.02234	0.61138	0.09437	0.01549	0.02284	0.07499	0.01572	0.02556	0.01738	0.02017	0.01192	0.01379	0.01065	0.00727	0.00569	0.00187	0.00958	0.00465	0.00360	0.01073
3	0.01856	0.02246	0.20244	0.01672	0.02307	0.01616	0.01657	0.10881	0.14351	0.06241	0.14773	0.06189	0.09879	0.01276	0.00875	0.00269	0.00777	0.01062	0.00712	0.01118
4	0.03158	0.02327	0.02493	0.01911	0.02576	0.02576	0.01579	0.62852	0.03906	0.05236	0.01995	0.01995	0.01413	0.00997	0.00831	0.00249	0.00914	0.00748	0.00831	0.01413
5	0.02664	0.01975	0.02153	0.01699	0.02263	0.02116	0.01365	0.46329	0.03270	0.04421	0.02249	0.09188	0.01921	0.05829	0.01062	0.00283	0.00833	0.00919	0.00769	0.08695
6	0.02088	0.01642	0.02010	0.01705	0.02004	0.01945	0.01369	0.25146	0.02296	0.03184	0.01920	0.02663	0.01692	0.09448	0.21159	0.00648	0.16658	0.00830	0.00581	0.01014
7	0.02921	0.03362	0.02243	0.01978	0.02438	0.48932	0.01512	0.14561	0.02610	0.02668	0.02069	0.02184	0.06975	0.00997	0.00786	0.00227	0.01288	0.00687	0.00537	0.01026
8	0.01792	0.16842	0.02029	0.01281	0.01652	0.01712	0.01024	0.15338	0.02125	0.02719	0.03632	0.16340	0.14647	0.13571	0.01427	0.00352	0.00714	0.01255	0.00646	0.00903
9	0.01409	0.01282	0.01223	0.01157	0.01500	0.04673	0.00881	0.02239	0.19928	0.02589	0.06577	0.06230	0.43684	0.01754	0.00930	0.00277	0.00547	0.01452	0.00774	0.00893
10	0.02397	0.02258	0.09020	0.02005	0.02775	0.02003	0.11138	0.29428	0.02740	0.03824	0.01742	0.01929	0.01299	0.00817	0.00787	0.00218	0.00933	0.00695	0.00618	0.23372
11	0.01710	0.01310	0.01643	0.14270	0.02446	0.01416	0.01256	0.02718	0.21703	0.08074	0.19508	0.04461	0.13356	0.01360	0.00897	0.00273	0.00643	0.01162	0.00775	0.01017
12	0.01514	0.01318	0.01434	0.01359	0.01612	0.07724	0.01054	0.07277	0.01799	0.02315	0.03489	0.04024	0.15994	0.04292	0.39875	0.00888	0.01630	0.01034	0.00552	0.00817
13	0.01808	0.07736	0.36686	0.05640	0.03873	0.02077	0.25154	0.02611	0.01823	0.02576	0.01539	0.01929	0.01133	0.00753	0.00846	0.00265	0.01265	0.00745	0.00378	0.01164
14	0.02345	0.02147	0.02782	0.02320	0.05565	0.06201	0.15097	0.16675	0.30541	0.03557	0.02489	0.02522	0.01862	0.00970	0.00865	0.00269	0.00945	0.00873	0.00703	0.01271

[dist]
# distance from previous block
# <min> <max>
6	15

[block]
# block no. 13 follows, 22 sequences, length 10
# corresponding to MSA columns:
# 280-289
name=unknown_N
#
# <colnr> <probs for GDERKNQSTAVLIFYWHMCP>
#	G	D	E	R	K	N	Q	S	T	A	V	L	I	F	Y	W	H	M	C	P
0	0.02108	0.02394	0.09909	0.04549	0.53503	0.07794	0.02520	0.02626	0.01918	0.02645	0.01530	0.01975	0.01266	0.00756	0.00812	0.00246	0.01058	0.00709	0.00406	0.01275
1	0.06825	0.44157	0.14211	0.01570	0.02345	0.02627	0.01634	0.02771	0.01798	0.12944	0.01567	0.01655	0.01220	0.00781	0.00626	0.00210	0.00900	0.00539	0.00477	0.01142
2	0.02049	0.01569	0.01687	0.01491	0.01947	0.01708	0.01167	0.07385	0.40200	0.09324	0.04427	0.04116	0.16684	0.01331	0.00874	0.00277	0.00625	0.01102	0.00845	0.01191
3	0.01998	0.01987	0.03034	0.23423	0.43148	0.07155	0.02404	0.02486	0.01861	0.02487	0.01515	0.02058	0.01236	0.00776	0.00819	0.00253	0.01063	0.00723	0.00400	0.01173
4	0.01858	0.01966	0.02428	0.02570	0.15038	0.16362	0.11718	0.02182	0.01887	0.02311	0.02734	0.29429	0.02934	0.01510	0.00928	0.00281	0.00969	0.01387	0.00562	0.00945
5	0.01962	0.01797	0.02755	0.19760	0.30057	0.01938	0.02111	0.07212	0.04178	0.02732	0.01589	0.02066	0.01286	0.00845	0.00970	0.00251	0.07027	0.00716	0.00456	0.10292
6	0.04844	0.22228	0.13015	0.03029	0.25828	0.02428	0.02129	0.02456	0.01699	0.02412	0.01347	0.01739	0.01154	0.00849	0.01014	0.00248	0.11424	0.00623	0.00383	0.01153
7	0.01880	0.01491	0.02083	0.14183	0.05041	0.01571	0.06679	0.12419	0.07735	0.06756	0.03751	0.09564	0.14503	0.01420	0.00925	0.00287	0.00814	0.07190	0.00685	0.01022
8	0.02081	0.09416	0.02704	0.03043	0.27629	0.16754	0.01816	0.02435	0.01828	0.02271	0.01632	0.02173	0.01435	0.02218	0.18444	0.00520	0.01421	0.00702	0.00418	0.01057
9	0.01731	0.01680	0.02558	0.13364	0.02974	0.01989	0.10894	0.02379	0.10425	0.02391	0.02265	0.02710	0.06874	0.01377	0.04096	0.00340	0.25093	0.00878	0.00487	0.05494

[dist]
# distance from previous block
# <min> <max>
9	69

[block]
# block no. 14 follows, 22 sequences, length 7
# corresponding to MSA columns:
# 363-369
name=unknown_O
#
# <colnr> <probs for GDERKNQSTAVLIFYWHMCP>
#	G	D	E	R	K	N	Q	S	T	A	V	L	I	F	Y	W	H	M	C	P
0	0.02597	0.02569	0.02272	0.06485	0.02631	0.22376	0.01578	0.17956	0.20918	0.03244	0.02076	0.02169	0.01593	0.01019	0.00968	0.00259	0.06742	0.00737	0.00641	0.01170
1	0.09425	0.20771	0.07694	0.02619	0.18382	0.23278	0.01836	0.02775	0.01932	0.02388	0.01324	0.01601	0.01114	0.00776	0.00692	0.00220	0.01110	0.00561	0.00407	0.01092
2	0.06263	0.13179	0.02707	0.07742	0.08623	0.26751	0.01661	0.13824	0.02391	0.07113	0.01565	0.01759	0.01217	0.00854	0.00740	0.00228	0.01125	0.00613	0.00528	0.01118
3	0.02887	0.09268	0.02864	0.02282	0.07303	0.21800	0.06014	0.30773	0.02950	0.03608	0.01651	0.01807	0.01261	0.00888	0.00789	0.00234	0.01125	0.00672	0.00606	0.01219
4	0.01670	0.01608	0.01372	0.01324	0.01502	0.16202	0.00924	0.01958	0.06074	0.01973	0.02874	0.08999	0.07110	0.29973	0.12297	0.00640	0.01117	0.01111	0.00541	0.00730
5	0.01251	0.00984	0.01458	0.01421	0.01554	0.01191	0.01117	0.01536	0.01329	0.01936	0.02110	0.03117	0.01977	0.05746	0.60937	0.01237	0.09031	0.00874	0.00437	0.00759
6	0.01946	0.17874	0.02305	0.01574	0.01927	0.19634	0.01281	0.02213	0.01693	0.01963	0.01724	0.02340	0.01571	0.03502	0.33981	0.00765	0.01721	0.00691	0.00420	0.00876

[dist]
# distance from previous block
# <min> <max>
67	138

[block]
# block no. 15 follows, 22 sequences, length 22
# corresponding to MSA columns:
# 533-554
name=unknown_P
#
# <colnr> <probs for GDERKNQSTAVLIFYWHMCP>
#	G	D	E	R	K	N	Q	S	T	A	V	L	I	F	Y	W	H	M	C	P
0	0.01972	0.01510	0.01925	0.02163	0.15833	0.01540	0.01376	0.06839	0.19001	0.09986	0.07537	0.04291	0.19866	0.01324	0.00883	0.00268	0.00673	0.01127	0.00752	0.01134
1	0.02155	0.02574	0.17980	0.03269	0.20472	0.02000	0.18779	0.10502	0.02159	0.06265	0.01719	0.02054	0.01287	0.00783	0.00851	0.00255	0.01115	0.00772	0.00490	0.04520
2	0.02196	0.02944	0.17415	0.03775	0.35584	0.16403	0.04592	0.02741	0.01965	0.02543	0.01489	0.01872	0.01200	0.00775	0.00804	0.00244	0.01169	0.00675	0.00402	0.01211
3	0.02248	0.18799	0.34102	0.02049	0.02944	0.16937	0.02255	0.02847	0.01916	0.06540	0.01488	0.01674	0.01126	0.00803	0.00727	0.00233	0.01179	0.00573	0.00414	0.01145
4	0.15913	0.02266	0.04881	0.30322	0.03778	0.16115	0.01832	0.10542	0.02068	0.02833	0.01446	0.01853	0.01100	0.00846	0.00753	0.00255	0.01086	0.00638	0.00469	0.01005
5	0.02669	0.32611	0.03232	0.01734	0.02355	0.16806	0.01499	0.20077	0.06470	0.03009	0.01566	0.01671	0.01260	0.00851	0.00685	0.00213	0.01012	0.00582	0.00539	0.01159
6	0.01618	0.01581	0.01565	0.01516	0.01728	0.15995	0.01166	0.01896	0.01565	0.01952	0.02013	0.02866	0.01850	0.05021	0.52481	0.01083	0.02061	0.00810	0.00441	0.00792
7	0.01513	0.01088	0.01293	0.01288	0.01465	0.01112	0.00912	0.14761	0.02047	0.02736	0.03734	0.46107	0.04247	0.11833	0.01455	0.00384	0.00623	0.01844	0.00747	0.00813
8	0.07455	0.02852	0.02093	0.02205	0.09699	0.40560	0.01486	0.02691	0.02068	0.02247	0.02035	0.16709	0.02063	0.01222	0.00811	0.00248	0.01156	0.00956	0.00507	0.00937
9	0.01975	0.32804	0.04771	0.01488	0.02002	0.09442	0.01334	0.02524	0.09296	0.02402	0.10070	0.05123	0.05924	0.01171	0.00751	0.00236	0.00831	0.06298	0.00561	0.00997
10	0.02559	0.02019	0.02339	0.01854	0.02345	0.02296	0.01527	0.37993	0.02889	0.03994	0.01744	0.02004	0.01361	0.01390	0.05508	0.00330	0.16355	0.00722	0.00661	0.10109
11	0.10716	0.06158	0.02411	0.02452	0.16140	0.23213	0.01590	0.13107	0.02247	0.02872	0.01607	0.02150	0.01397	0.09153	0.01156	0.00300	0.01075	0.00683	0.00509	0.01063
12	0.02831	0.02104	0.02280	0.01786	0.02404	0.02276	0.01475	0.51670	0.03528	0.04734	0.02460	0.02781	0.05003	0.01117	0.00846	0.00252	0.00859	0.04695	0.00802	0.06096
13	0.01019	0.00755	0.00933	0.01070	0.01167	0.00689	0.00722	0.01168	0.01632	0.02114	0.05293	0.52180	0.18505	0.07079	0.01256	0.00356	0.00490	0.02150	0.00753	0.00669
14	0.02546	0.01903	0.02051	0.01637	0.02182	0.02060	0.01334	0.45145	0.03290	0.04354	0.03425	0.03402	0.15534	0.01592	0.05339	0.00329	0.00893	0.00979	0.00792	0.01211
15	0.01743	0.01513	0.01439	0.01293	0.01678	0.07141	0.01018	0.15212	0.06360	0.02980	0.05776	0.05876	0.37430	0.01700	0.00930	0.00275	0.00663	0.05290	0.00758	0.00925
