[name]
unknown

[dist]
# distance from previous block
# <min> <max>
0	1

[block]
# block no. 0 follows, 22 sequences, length 8
# corresponding to MSA columns:
# 1-8
name=unknown_A
#
# <colnr> <probs for GDERKNQSTAVLIFYWHMCP>
#	G	D	E	R	K	N	Q	S	T	A	V	L	I	F	Y	W	H	M	C	P
0	0.01339	0.00956	0.01339	0.01530	0.01721	0.00956	0.01339	0.01721	0.01912	0.02486	0.04399	0.09371	0.04781	0.02295	0.01147	0.00382	0.00765	0.60031	0.00765	0.00765
1	0.01301	0.00902	0.01060	0.01026	0.01120	0.00896	0.00664	0.05069	0.01695	0.02310	0.18382	0.11511	0.04357	0.42867	0.02912	0.00592	0.00678	0.01362	0.00651	0.00645
2	0.01140	0.00777	0.00926	0.00993	0.01010	0.00760	0.00597	0.01190	0.01341	0.01788	0.03301	0.28016	0.03882	0.47049	0.03125	0.00642	0.00693	0.01610	0.00597	0.00563
3	0.18434	0.04572	0.02246	0.07985	0.22487	0.01723	0.01603	0.02166	0.01610	0.02659	0.01664	0.07829	0.01549	0.01123	0.01055	0.06497	0.04862	0.00776	0.00461	0.08700
4	0.02177	0.15243	0.02777	0.02649	0.21123	0.13317	0.01669	0.05573	0.01825	0.02263	0.01406	0.01909	0.01246	0.01288	0.01407	0.17051	0.05043	0.00644	0.00412	0.00976
5	0.02421	0.02660	0.02128	0.01870	0.02208	0.31189	0.01463	0.10994	0.02244	0.02516	0.02698	0.02875	0.13344	0.01246	0.01245	0.00265	0.16292	0.00840	0.00536	0.00964
6	0.01902	0.01623	0.06864	0.21216	0.03115	0.01544	0.01598	0.02786	0.15726	0.11306	0.08533	0.09196	0.02616	0.01152	0.00849	0.00266	0.00794	0.00992	0.00663	0.07258
7	0.02399	0.02438	0.02051	0.02015	0.07320	0.26375	0.01429	0.03347	0.21840	0.06436	0.12914	0.02924	0.02757	0.01085	0.00830	0.00249	0.00958	0.00861	0.00675	0.01098

[dist]
# distance from previous block
# <min> <max>
5	9

[block]
# block no. 1 follows, 22 sequences, length 6
# corresponding to MSA columns:
# 18-23
name=unknown_B
#
# <colnr> <probs for GDERKNQSTAVLIFYWHMCP>
#	G	D	E	R	K	N	Q	S	T	A	V	L	I	F	Y	W	H	M	C	P
0	0.03060	0.03361	0.02209	0.01960	0.02410	0.51463	0.01492	0.07507	0.02423	0.08816	0.01637	0.01781	0.01269	0.00891	0.00752	0.00219	0.01298	0.00597	0.05825	0.01027
1	0.16136	0.01308	0.01443	0.05908	0.01870	0.01405	0.01052	0.09745	0.08444	0.03368	0.23346	0.10637	0.09296	0.01436	0.00855	0.00271	0.00594	0.01200	0.00755	0.00931
2	0.01623	0.01136	0.01246	0.01137	0.01505	0.01089	0.00879	0.02347	0.16132	0.11490	0.10343	0.06045	0.38401	0.01705	0.00930	0.00276	0.00512	0.01424	0.00833	0.00945
3	0.01789	0.01758	0.01493	0.01441	0.01677	0.18453	0.01046	0.04945	0.06356	0.02568	0.17014	0.24424	0.04255	0.07517	0.01202	0.00319	0.00788	0.01416	0.00699	0.00840
4	0.02289	0.02372	0.15696	0.01959	0.05833	0.01911	0.01742	0.17844	0.16393	0.07606	0.02158	0.02196	0.01590	0.00895	0.00782	0.00235	0.00853	0.00717	0.00656	0.16273
5	0.01136	0.00834	0.01087	0.07747	0.01540	0.00839	0.00819	0.01273	0.01479	0.01946	0.03803	0.36533	0.07815	0.26804	0.02167	0.00495	0.00656	0.01751	0.00636	0.00640

[dist]
# distance from previous block
# <min> <max>
4	7

[block]
# block no. 2 follows, 22 sequences, length 6
# corresponding to MSA columns:
# 31-36
name=unknown_C
#
# <colnr> <probs for GDERKNQSTAVLIFYWHMCP>
#	G	D	E	R	K	N	Q	S	T	A	V	L	I	F	Y	W	H	M	C	P
0	0.01175	0.00886	0.01272	0.01248	0.01343	0.00851	0.05876	0.01305	0.01459	0.01950	0.03502	0.37009	0.04087	0.31388	0.02398	0.00531	0.00697	0.01756	0.00628	0.00640
1	0.01247	0.00993	0.01062	0.01046	0.01261	0.00978	0.00735	0.01785	0.13099	0.02281	0.05496	0.12500	0.30513	0.21145	0.01870	0.00433	0.00578	0.01511	0.00710	0.00756
2	0.17727	0.02164	0.02268	0.02283	0.13846	0.08914	0.01557	0.28304	0.02741	0.03978	0.06842	0.02168	0.01781	0.00947	0.00769	0.00248	0.00890	0.00726	0.00655	0.01193
3	0.02115	0.02507	0.13641	0.01677	0.02243	0.18065	0.01529	0.05866	0.02089	0.08005	0.03530	0.03539	0.19106	0.01231	0.00940	0.00249	0.05015	0.00936	0.00586	0.07131
4	0.01580	0.01117	0.01330	0.01265	0.01465	0.01144	0.00910	0.15133	0.02138	0.02887	0.12907	0.30300	0.04286	0.12885	0.01638	0.05259	0.00632	0.01576	0.00738	0.00811
5	0.01475	0.01341	0.02013	0.24669	0.03078	0.01689	0.01642	0.01797	0.01544	0.02143	0.05909	0.17306	0.02532	0.01826	0.05943	0.00387	0.22222	0.01146	0.00493	0.00844

[dist]
# distance from previous block
# <min> <max>
0	1

[block]
# block no. 3 follows, 22 sequences, length 27
# corresponding to MSA columns:
# 38-64
name=unknown_D
#
# <colnr> <probs for GDERKNQSTAVLIFYWHMCP>
#	G	D	E	R	K	N	Q	S	T	A	V	L	I	F	Y	W	H	M	C	P
0	0.01297	0.00995	0.01326	0.04120	0.01464	0.01153	0.00924	0.01439	0.01276	0.01785	0.02243	0.04130	0.02384	0.38129	0.24009	0.00893	0.10297	0.01023	0.00461	0.00651
1	0.05793	0.05332	0.02240	0.01681	0.02239	0.02108	0.01383	0.36780	0.03032	0.15389	0.02358	0.07949	0.01853	0.01135	0.00896	0.00258	0.03737	0.00875	0.03697	0.01266
2	0.03063	0.08406	0.02391	0.01670	0.02294	0.02180	0.01398	0.38650	0.03167	0.18622	0.02269	0.02217	0.01588	0.00975	0.00783	0.00240	0.00820	0.00742	0.07200	0.01326
3	0.02229	0.07653	0.02164	0.07784	0.02389	0.01988	0.01361	0.28581	0.08662	0.03842	0.15241	0.03463	0.08690	0.01213	0.00851	0.00254	0.00755	0.00984	0.00760	0.01137
4	0.01365	0.01176	0.01430	0.01410	0.01584	0.07221	0.01091	0.01654	0.01430	0.01938	0.02138	0.03099	0.01983	0.05730	0.61299	0.01231	0.02158	0.00857	0.00443	0.00762
5	0.01012	0.00723	0.00964	0.01157	0.01205	0.00675	0.00771	0.01157	0.01591	0.02121	0.04579	0.70262	0.05495	0.02603	0.01060	0.00337	0.00482	0.02362	0.00771	0.00675
6	0.01342	0.01587	0.14214	0.01469	0.01810	0.01102	0.01306	0.07177	0.01838	0.02512	0.03721	0.50224	0.04227	0.02091	0.00985	0.00314	0.00671	0.01862	0.00693	0.00854
7	0.01666	0.04297	0.66500	0.02368	0.03596	0.01929	0.03069	0.02631	0.01754	0.02631	0.01491	0.01754	0.01052	0.00789	0.00789	0.00263	0.01228	0.00614	0.00351	0.01228
8	0.01666	0.04297	0.66500	0.02368	0.03596	0.01929	0.03069	0.02631	0.01754	0.02631	0.01491	0.01754	0.01052	0.00789	0.00789	0.00263	0.01228	0.00614	0.00351	0.01228
9	0.02369	0.51412	0.03784	0.01635	0.02227	0.16527	0.01493	0.02618	0.01791	0.01975	0.01176	0.01408	0.01069	0.00804	0.00765	0.00201	0.06855	0.00487	0.00371	0.01031
10	0.01176	0.00849	0.01110	0.01045	0.01241	0.00784	0.00784	0.01568	0.02352	0.03331	0.65184	0.06206	0.07839	0.01698	0.00980	0.00261	0.00392	0.01502	0.00914	0.00784
11	0.76672	0.01607	0.01221	0.01092	0.01607	0.01864	0.00900	0.02442	0.01414	0.03727	0.01157	0.01350	0.00900	0.00771	0.00514	0.00257	0.00643	0.00450	0.00514	0.00900
12	0.00982	0.00842	0.00842	0.00842	0.01122	0.00701	0.00631	0.01192	0.01894	0.02244	0.08416	0.07995	0.65285	0.02104	0.00982	0.00281	0.00421	0.01753	0.00771	0.00701
13	0.02609	0.06544	0.02342	0.08293	0.05505	0.45046	0.01595	0.03001	0.05986	0.02176	0.02099	0.02283	0.07134	0.00974	0.00777	0.00230	0.01257	0.00697	0.00476	0.00978
14	0.01896	0.01974	0.02384	0.02072	0.02142	0.09847	0.01699	0.02088	0.01430	0.02012	0.01526	0.02151	0.04310	0.01631	0.05314	0.00386	0.55081	0.00763	0.00395	0.00897
15	0.01208	0.00805	0.00906	0.00906	0.00906	0.00805	0.00503	0.01208	0.01208	0.01611	0.02618	0.05436	0.03020	0.70804	0.04228	0.00805	0.00805	0.01208	0.00503	0.00503
16	0.01317	0.00949	0.01309	0.01489	0.01685	0.00941	0.01296	0.01689	0.01911	0.02472	0.04639	0.09288	0.08410	0.02283	0.01138	0.00376	0.00744	0.56535	0.00765	0.00761
17	0.06723	0.02258	0.02393	0.01857	0.02503	0.02510	0.01529	0.56280	0.07480	0.05053	0.02038	0.02030	0.01456	0.00994	0.00816	0.00252	0.00885	0.00745	0.00816	0.01381
18	0.02257	0.56295	0.06634	0.01548	0.02234	0.08500	0.01498	0.02743	0.07557	0.02132	0.01387	0.01529	0.01203	0.00765	0.00591	0.00194	0.00933	0.00505	0.00407	0.01088
19	0.01112	0.00765	0.00935	0.01030	0.01053	0.00741	0.00635	0.01183	0.01397	0.01862	0.03584	0.37375	0.04239	0.37203	0.02668	0.00575	0.00646	0.01776	0.00635	0.00588
20	0.01029	0.00738	0.00951	0.01114	0.01172	0.00689	0.00738	0.01164	0.01574	0.02081	0.04632	0.60406	0.08935	0.08919	0.01350	0.00377	0.00508	0.02217	0.00746	0.00660
21	0.25978	0.16275	0.21562	0.01574	0.02327	0.02016	0.01677	0.02582	0.01741	0.08806	0.06921	0.02020	0.01679	0.00868	0.00670	0.00243	0.00853	0.00624	0.00515	0.01070
22	0.01303	0.02278	0.28042	0.01531	0.02191	0.01231	0.01695	0.01851	0.01876	0.02511	0.10159	0.05344	0.30193	0.01537	0.00912	0.00278	0.00773	0.04756	0.00609	0.00930
23	0.02816	0.04027	0.15184	0.02186	0.02774	0.54360	0.01898	0.03180	0.02234	0.02153	0.01325	0.01549	0.01067	0.00843	0.00757	0.00224	0.01444	0.00551	0.00413	0.01016
24	0.19000	0.01909	0.02503	0.09470	0.34118	0.07419	0.01907	0.02460	0.01844	0.02889	0.07359	0.02249	0.01788	0.00855	0.00761	0.00250	0.00908	0.00727	0.00479	0.01105
25	0.02134	0.13859	0.07808	0.01897	0.07903	0.17634	0.01431	0.07961	0.01927	0.02299	0.01800	0.02854	0.01748	0.23258	0.01847	0.00408	0.01049	0.00781	0.00470	0.00930
26	0.01962	0.20224	0.28317	0.02763	0.17948	0.04702	0.02379	0.02549	0.01753	0.02409	0.01384	0.01717	0.01123	0.00815	0.00891	0.00244	0.06670	0.00608	0.00370	0.01173

[dist]
# distance from previous block
# <min> <max>
1	15

[block]
# block no. 4 follows, 22 sequences, length 45
# corresponding to MSA columns:
# 80-124
name=unknown_E
#
# <colnr> <probs for GDERKNQSTAVLIFYWHMCP>
#	G	D	E	R	K	N	Q	S	T	A	V	L	I	F	Y	W	H	M	C	P
0	0.01836	0.02528	0.19237	0.03206	0.29039	0.08469	0.02194	0.02354	0.01864	0.02505	0.02480	0.11422	0.07061	0.01124	0.00851	0.00262	0.00989	0.00984	0.00474	0.01121
1	0.16313	0.01997	0.04951	0.02483	0.20502	0.09026	0.01578	0.02498	0.04487	0.02923	0.08098	0.02247	0.01906	0.00850	0.00726	0.00222	0.00834	0.00690	0.00518	0.17153
2	0.02059	0.02042	0.03169	0.14312	0.52261	0.06629	0.02446	0.02541	0.01891	0.02578	0.01530	0.02040	0.01268	0.00762	0.00818	0.00249	0.01041	0.00725	0.00406	0.01233
3	0.05244	0.23483	0.19703	0.02474	0.13938	0.17186	0.02071	0.02722	0.01881	0.02355	0.01344	0.01609	0.01101	0.00772	0.00699	0.00224	0.01122	0.00562	0.00387	0.01123
4	0.02377	0.36217	0.17108	0.01818	0.02580	0.15231	0.01828	0.09480	0.02080	0.02485	0.01346	0.01529	0.01103	0.00788	0.00663	0.00211	0.01081	0.00532	0.00422	0.01120
5	0.01009	0.00735	0.00951	0.01124	0.01196	0.00678	0.00757	0.01160	0.01622	0.02133	0.04976	0.63813	0.11687	0.02551	0.01052	0.00331	0.00476	0.02299	0.00771	0.00678
6	0.01772	0.09932	0.17693	0.16284	0.03288	0.01748	0.08208	0.02346	0.01908	0.07090	0.12628	0.03388	0.02650	0.01090	0.00858	0.00268	0.00960	0.06314	0.00544	0.01028
7	0.01549	0.00774	0.00774	0.00774	0.00968	0.00774	0.00581	0.01936	0.01742	0.03097	0.02710	0.03097	0.02129	0.00968	0.00581	0.00194	0.00387	0.00774	0.75416	0.00774
8	0.01039	0.00844	0.00921	0.00901	0.01157	0.00726	0.00676	0.01303	0.02028	0.02564	0.25125	0.07468	0.48377	0.01985	0.00981	0.00275	0.00412	0.01679	0.00814	0.00726
9	0.01208	0.00805	0.00906	0.00906	0.00906	0.00805	0.00503	0.01208	0.01208	0.01611	0.02618	0.05436	0.03020	0.70804	0.04228	0.00805	0.00805	0.01208	0.00503	0.00503
10	0.02056	0.01974	0.03372	0.05099	0.65622	0.01974	0.02550	0.02550	0.01892	0.02714	0.01563	0.02056	0.01316	0.00740	0.00822	0.00247	0.00987	0.00740	0.00411	0.01316
11	0.01187	0.00890	0.01335	0.01335	0.01483	0.01038	0.01038	0.01483	0.01335	0.01928	0.02225	0.03264	0.02077	0.06231	0.67512	0.01335	0.02225	0.00890	0.00445	0.00742
12	0.01978	0.01894	0.03230	0.15375	0.55961	0.01953	0.02510	0.02481	0.01854	0.02619	0.01549	0.02082	0.01282	0.00755	0.00824	0.00252	0.01006	0.00740	0.00404	0.01253
13	0.01549	0.00774	0.00774	0.00774	0.00968	0.00774	0.00581	0.01936	0.01742	0.03097	0.02710	0.03097	0.02129	0.00968	0.00581	0.00194	0.00387	0.00774	0.75416	0.00774
14	0.01666	0.04297	0.66500	0.02368	0.03596	0.01929	0.03069	0.02631	0.01754	0.02631	0.01491	0.01754	0.01052	0.00789	0.00789	0.00263	0.01228	0.00614	0.00351	0.01228
15	0.02221	0.71304	0.04353	0.01421	0.02132	0.03287	0.01421	0.02488	0.01688	0.01955	0.01155	0.01333	0.01066	0.00711	0.00533	0.00178	0.00888	0.00444	0.00355	0.01066
16	0.01208	0.00805	0.00906	0.00906	0.00906	0.00805	0.00503	0.01208	0.01208	0.01611	0.02618	0.05436	0.03020	0.70804	0.04228	0.00805	0.00805	0.01208	0.00503	0.00503
17	0.01818	0.01818	0.02545	0.02181	0.02181	0.02545	0.01818	0.01999	0.01272	0.01999	0.01091	0.01818	0.01091	0.01454	0.02726	0.00364	0.69284	0.00727	0.00364	0.00909
18	0.01176	0.00849	0.01110	0.01045	0.01241	0.00784	0.00784	0.01568	0.02352	0.03331	0.65184	0.06206	0.07839	0.01698	0.00980	0.00261	0.00392	0.01502	0.00914	0.00784
19	0.01187	0.00890	0.01335	0.01335	0.01483	0.01038	0.01038	0.01483	0.01335	0.01928	0.02225	0.03264	0.02077	0.06231	0.67512	0.01335	0.02225	0.00890	0.00445	0.00742
20	0.01666	0.04297	0.66500	0.02368	0.03596	0.01929	0.03069	0.02631	0.01754	0.02631	0.01491	0.01754	0.01052	0.00789	0.00789	0.00263	0.01228	0.00614	0.00351	0.01228
21	0.00982	0.00842	0.00842	0.00842	0.01122	0.00701	0.00631	0.01192	0.01894	0.02244	0.08416	0.07995	0.65285	0.02104	0.00982	0.00281	0.00421	0.01753	0.00771	0.00701
22	0.21726	0.25472	0.16780	0.01681	0.02399	0.14933	0.01682	0.02666	0.01759	0.02581	0.01254	0.01461	0.01020	0.00772	0.00626	0.00224	0.01016	0.00500	0.00410	0.01038
23	0.02021	0.01938	0.03309	0.09646	0.61347	0.01965	0.02532	0.02519	0.01875	0.02672	0.01556	0.02067	0.01301	0.00747	0.00823	0.00249	0.00996	0.00740	0.00408	0.01288
24	0.02875	0.21484	0.02883	0.01942	0.02455	0.47691	0.01556	0.05857	0.02252	0.02161	0.01283	0.01478	0.01085	0.00825	0.00696	0.00206	0.01312	0.00521	0.00428	0.01011
25	0.02189	0.02308	0.02983	0.16684	0.40491	0.16114	0.02299	0.02634	0.01947	0.02453	0.01486	0.01966	0.01223	0.00783	0.00808	0.00245	0.01121	0.00695	0.00407	0.01164
26	0.02831	0.03464	0.02685	0.02824	0.15887	0.50721	0.04602	0.03126	0.02239	0.02205	0.01361	0.01649	0.01130	0.00825	0.00775	0.00224	0.01386	0.00599	0.00424	0.01044
27	0.01074	0.00845	0.00970	0.00938	0.01179	0.00741	0.00704	0.01371	0.02111	0.02761	0.35425	0.07144	0.37953	0.01911	0.00981	0.00271	0.00407	0.01634	0.00840	0.00741
28	0.01012	0.00723	0.00964	0.01157	0.01205	0.00675	0.00771	0.01157	0.01591	0.02121	0.04579	0.70262	0.05495	0.02603	0.01060	0.00337	0.00482	0.02362	0.00771	0.00675
29	0.02914	0.18424	0.02784	0.01986	0.02475	0.53684	0.01566	0.03139	0.02211	0.02016	0.01256	0.01463	0.01069	0.00825	0.00703	0.00206	0.01367	0.00516	0.00412	0.00985
30	0.01032	0.00769	0.00961	0.01071	0.01193	0.00698	0.00743	0.01231	0.01779	0.02343	0.15201	0.46533	0.18715	0.02349	0.01030	0.00313	0.00454	0.02092	0.00794	0.00698
31	0.02221	0.02792	0.23133	0.03153	0.24870	0.02124	0.02373	0.18468	0.06816	0.03401	0.01782	0.02018	0.01344	0.00851	0.00816	0.00255	0.01021	0.00716	0.00533	0.01313
32	0.01189	0.00881	0.01287	0.01287	0.01418	0.01012	0.00978	0.01452	0.01321	0.01893	0.02269	0.03508	0.02183	0.13507	0.60381	0.01275	0.02065	0.00926	0.00452	0.00715
33	0.01227	0.00876	0.01010	0.00959	0.01213	0.00768	0.00716	0.01501	0.02057	0.06334	0.29206	0.06880	0.36551	0.05640	0.01150	0.00301	0.00448	0.01576	0.00826	0.00763
34	0.01877	0.01791	0.03049	0.28500	0.43620	0.01927	0.02461	0.02393	0.01807	0.02497	0.01531	0.02114	0.01239	0.00773	0.00825	0.00258	0.01031	0.00739	0.00396	0.01172
35	0.05520	0.07819	0.18143	0.26872	0.21006	0.02016	0.02415	0.02405	0.01736	0.02472	0.01462	0.01948	0.01137	0.00784	0.00779	0.00257	0.01063	0.00671	0.00382	0.01113
36	0.01766	0.01613	0.02648	0.18296	0.38468	0.01695	0.02056	0.02167	0.01694	0.02346	0.01770	0.02817	0.01636	0.15808	0.01556	0.00373	0.00975	0.00840	0.00422	0.01054
37	0.01186	0.00815	0.00956	0.00990	0.01179	0.00752	0.00738	0.01481	0.01924	0.02705	0.21003	0.18522	0.20916	0.01863	0.00922	0.00275	0.00442	0.05754	0.16840	0.00738
38	0.01678	0.01511	0.06835	0.02041	0.05101	0.01310	0.14655	0.02107	0.01784	0.08956	0.03086	0.14473	0.05329	0.02527	0.15272	0.00526	0.01195	0.10067	0.00605	0.00945
39	0.05839	0.09418	0.15899	0.04502	0.02414	0.05489	0.01615	0.18210	0.02338	0.03286	0.02483	0.02633	0.07979	0.01007	0.00745	0.00238	0.00866	0.00770	0.13185	0.01085
40	0.19408	0.28860	0.27877	0.01714	0.02580	0.02424	0.01943	0.02533	0.01650	0.02633	0.01286	0.01501	0.01022	0.00756	0.00629	0.00230	0.00963	0.00512	0.00391	0.01090
41	0.02408	0.05644	0.02549	0.11612	0.14932	0.26640	0.01801	0.09517	0.02201	0.02545	0.01743	0.08275	0.01581	0.01031	0.00888	0.00249	0.04039	0.00803	0.00489	0.01052
42	0.15033	0.02047	0.15613	0.01964	0.09281	0.01610	0.01619	0.06736	0.08316	0.05693	0.05163	0.15295	0.02447	0.01317	0.00919	0.03468	0.00792	0.01031	0.00607	0.01047
43	0.02608	0.02296	0.08974	0.02390	0.14516	0.09232	0.01744	0.20171	0.02615	0.14278	0.05252	0.02776	0.07326	0.01043	0.00836	0.00251	0.00925	0.00844	0.00688	0.01235
44	0.06066	0.13640	0.02932	0.02869	0.25196	0.02272	0.01801	0.21599	0.02477	0.03440	0.05335	0.02172	0.01695	0.01110	0.03635	0.00284	0.00949	0.00729	0.00571	0.01228

[dist]
# distance from previous block
# <min> <max>
41	75

[block]
# block no. 5 follows, 22 sequences, length 73
# corresponding to MSA columns:
# 208-280
name=unknown_F
#
# <colnr> <probs for GDERKNQSTAVLIFYWHMCP>
#	G	D	E	R	K	N	Q	S	T	A	V	L	I	F	Y	W	H	M	C	P
0	0.02503	0.06321	0.14773	0.01919	0.02592	0.20108	0.01756	0.19769	0.08186	0.03221	0.02170	0.02248	0.05383	0.00968	0.00787	0.00238	0.01066	0.00718	0.00585	0.04691
1	0.06246	0.07257	0.02520	0.02110	0.06021	0.28160	0.07106	0.03071	0.10607	0.05210	0.01773	0.01990	0.01415	0.01186	0.04995	0.00296	0.01194	0.00665	0.00516	0.07661
2	0.02011	0.13625	0.23041	0.02137	0.06822	0.07605	0.02017	0.09357	0.02013	0.02703	0.05278	0.07365	0.01853	0.01079	0.01023	0.00261	0.09419	0.00806	0.00484	0.01100
3	0.05517	0.03213	0.37358	0.02498	0.11434	0.01982	0.02436	0.14956	0.02190	0.03198	0.01796	0.06414	0.01452	0.00946	0.00808	0.00263	0.01053	0.00768	0.00494	0.01225
4	0.02368	0.02799	0.11594	0.03295	0.28168	0.18258	0.02154	0.08737	0.09265	0.02862	0.01732	0.01989	0.01367	0.00844	0.00803	0.00245	0.01102	0.00695	0.00497	0.01225
5	0.02088	0.03463	0.31664	0.02473	0.10108	0.19304	0.02299	0.02876	0.07871	0.02528	0.01831	0.06438	0.01526	0.00955	0.00806	0.00255	0.01168	0.00755	0.00454	0.01139
6	0.01676	0.08593	0.58654	0.02246	0.03378	0.01970	0.02844	0.02556	0.01726	0.02546	0.01510	0.01811	0.01111	0.01092	0.04543	0.00318	0.01261	0.00618	0.00356	0.01189
7	0.01562	0.00959	0.01118	0.01104	0.01181	0.05221	0.00770	0.01431	0.01318	0.01852	0.01738	0.02616	0.01596	0.02543	0.06161	0.50925	0.00789	0.00729	0.15879	0.00508
8	0.01053	0.00808	0.00964	0.01001	0.01185	0.00720	0.00722	0.01301	0.01947	0.02552	0.25287	0.26236	0.28978	0.02126	0.01005	0.00292	0.00430	0.01857	0.00817	0.00720
9	0.02471	0.02506	0.02666	0.02755	0.16251	0.19151	0.01875	0.14715	0.02217	0.02816	0.01426	0.01823	0.01200	0.01052	0.01418	0.00276	0.23099	0.00685	0.00485	0.01113
10	0.01208	0.00805	0.00906	0.00906	0.00906	0.00805	0.00503	0.01208	0.01208	0.01611	0.02618	0.05436	0.03020	0.70804	0.04228	0.00805	0.00805	0.01208	0.00503	0.00503
11	0.01124	0.00866	0.00927	0.00899	0.01181	0.00735	0.00679	0.01367	0.01984	0.05036	0.16894	0.07509	0.53897	0.01998	0.00976	0.00277	0.00428	0.01677	0.00804	0.00743
12	0.01012	0.00723	0.00964	0.01157	0.01205	0.00675	0.00771	0.01157	0.01591	0.02121	0.04579	0.70262	0.05495	0.02603	0.01060	0.00337	0.00482	0.02362	0.00771	0.00675
13	0.01187	0.00890	0.01335	0.01335	0.01483	0.01038	0.01038	0.01483	0.01335	0.01928	0.02225	0.03264	0.02077	0.06231	0.67512	0.01335	0.02225	0.00890	0.00445	0.00742
14	0.02056	0.01974	0.03372	0.05099	0.65622	0.01974	0.02550	0.02550	0.01892	0.02714	0.01563	0.02056	0.01316	0.00740	0.00822	0.00247	0.00987	0.00740	0.00411	0.01316
15	0.01176	0.00849	0.01110	0.01045	0.01241	0.00784	0.00784	0.01568	0.02352	0.03331	0.65184	0.06206	0.07839	0.01698	0.00980	0.00261	0.00392	0.01502	0.00914	0.00784
16	0.03103	0.03959	0.02354	0.02140	0.02568	0.67469	0.01605	0.03317	0.02354	0.02033	0.01284	0.01498	0.01070	0.00856	0.00749	0.00214	0.01498	0.00535	0.00428	0.00963
17	0.02056	0.01974	0.03372	0.05099	0.65622	0.01974	0.02550	0.02550	0.01892	0.02714	0.01563	0.02056	0.01316	0.00740	0.00822	0.00247	0.00987	0.00740	0.00411	0.01316
18	0.02221	0.71304	0.04353	0.01421	0.02132	0.03287	0.01421	0.02488	0.01688	0.01955	0.01155	0.01333	0.01066	0.00711	0.00533	0.00178	0.00888	0.00444	0.00355	0.01066
19	0.02066	0.01785	0.01878	0.01691	0.02160	0.02066	0.01315	0.04414	0.64121	0.03475	0.03381	0.03099	0.02536	0.01127	0.00845	0.00282	0.00657	0.00939	0.00845	0.01315
20	0.01961	0.02241	0.04902	0.03501	0.04342	0.02101	0.62605	0.02661	0.01961	0.02661	0.01681	0.02241	0.01261	0.00700	0.00980	0.00280	0.01401	0.00980	0.00420	0.01120
21	0.01666	0.04297	0.66500	0.02368	0.03596	0.01929	0.03069	0.02631	0.01754	0.02631	0.01491	0.01754	0.01052	0.00789	0.00789	0.00263	0.01228	0.00614	0.00351	0.01228
22	0.03727	0.01414	0.01928	0.01478	0.02121	0.01221	0.01221	0.04049	0.02378	0.66198	0.03277	0.02828	0.02056	0.01028	0.00835	0.00257	0.00707	0.00835	0.01028	0.01414
23	0.00982	0.00842	0.00842	0.00842	0.01122	0.00701	0.00631	0.01192	0.01894	0.02244	0.08416	0.07995	0.65285	0.02104	0.00982	0.00281	0.00421	0.01753	0.00771	0.00701
24	0.01569	0.01477	0.02492	0.68808	0.05722	0.01846	0.02307	0.02123	0.01661	0.02123	0.01477	0.02215	0.01107	0.00831	0.00831	0.00277	0.01107	0.00738	0.00369	0.00923
25	0.01666	0.04297	0.66500	0.02368	0.03596	0.01929	0.03069	0.02631	0.01754	0.02631	0.01491	0.01754	0.01052	0.00789	0.00789	0.00263	0.01228	0.00614	0.00351	0.01228
26	0.00982	0.00842	0.00842	0.00842	0.01122	0.00701	0.00631	0.01192	0.01894	0.02244	0.08416	0.07995	0.65285	0.02104	0.00982	0.00281	0.00421	0.01753	0.00771	0.00701
27	0.03158	0.02327	0.02493	0.01911	0.02576	0.02576	0.01579	0.62852	0.03906	0.05236	0.01995	0.01995	0.01413	0.00997	0.00831	0.00249	0.00914	0.00748	0.00831	0.01413
28	0.02030	0.02129	0.07600	0.04916	0.61467	0.01971	0.02584	0.02555	0.01882	0.02708	0.01558	0.02036	0.01298	0.00743	0.00820	0.00248	0.01003	0.00732	0.00407	0.01310
29	0.01966	0.01295	0.01624	0.04584	0.01956	0.01326	0.01200	0.15326	0.02490	0.11147	0.22023	0.05196	0.07351	0.01845	0.05182	0.00352	0.00769	0.12554	0.00818	0.00995
30	0.02867	0.02183	0.02330	0.01853	0.02466	0.02441	0.01509	0.47301	0.19930	0.04767	0.02364	0.02289	0.01712	0.01032	0.00835	0.00258	0.00846	0.00799	0.00835	0.01387
31	0.24922	0.20642	0.10449	0.01667	0.02292	0.23020	0.01526	0.02754	0.01824	0.02598	0.01238	0.01442	0.01015	0.00785	0.00627	0.00224	0.01049	0.00496	0.00426	0.01003
32	0.00982	0.00842	0.00842	0.00842	0.01122	0.00701	0.00631	0.01192	0.01894	0.02244	0.08416	0.07995	0.65285	0.02104	0.00982	0.00281	0.00421	0.01753	0.00771	0.00701
33	0.02030	0.02014	0.14329	0.01491	0.02309	0.01285	0.01427	0.02508	0.01833	0.12786	0.01766	0.01904	0.01327	0.00715	0.00684	0.00172	0.00749	0.00570	0.00550	0.49552
34	0.00982	0.00842	0.00842	0.00842	0.01122	0.00701	0.00631	0.01192	0.01894	0.02244	0.08416	0.07995	0.65285	0.02104	0.00982	0.00281	0.00421	0.01753	0.00771	0.00701
35	0.02058	0.01935	0.03063	0.04395	0.52509	0.01993	0.02294	0.02935	0.14750	0.02871	0.01938	0.02272	0.01568	0.00820	0.00827	0.00254	0.00919	0.00781	0.00501	0.01316
36	0.02527	0.48624	0.03731	0.01596	0.02278	0.06720	0.01475	0.19051	0.02333	0.02857	0.01392	0.01523	0.01161	0.00797	0.00627	0.00199	0.00930	0.00532	0.00490	0.01155
37	0.01208	0.00805	0.00906	0.00906	0.00906	0.00805	0.00503	0.01208	0.01208	0.01611	0.02618	0.05436	0.03020	0.70804	0.04228	0.00805	0.00805	0.01208	0.00503	0.00503
38	0.01618	0.01524	0.02161	0.01913	0.01960	0.02067	0.01571	0.01836	0.01292	0.01977	0.01450	0.02276	0.01403	0.02967	0.23248	0.00671	0.48042	0.00779	0.00389	0.00856
39	0.01187	0.00890	0.01335	0.01335	0.01483	0.01038	0.01038	0.01483	0.01335	0.01928	0.02225	0.03264	0.02077	0.06231	0.67512	0.01335	0.02225	0.00890	0.00445	0.00742
40	0.03309	0.02084	0.02343	0.01796	0.02455	0.02216	0.01484	0.47204	0.03499	0.21458	0.02336	0.02216	0.01584	0.01005	0.00832	0.00251	0.00859	0.00771	0.00884	0.01413
41	0.76672	0.01607	0.01221	0.01092	0.01607	0.01864	0.00900	0.02442	0.01414	0.03727	0.01157	0.01350	0.00900	0.00771	0.00514	0.00257	0.00643	0.00450	0.00514	0.00900
42	0.01208	0.00805	0.00906	0.00906	0.00906	0.00805	0.00503	0.01208	0.01208	0.01611	0.02618	0.05436	0.03020	0.70804	0.04228	0.00805	0.00805	0.01208	0.00503	0.00503
43	0.02056	0.01974	0.03372	0.05099	0.65622	0.01974	0.02550	0.02550	0.01892	0.02714	0.01563	0.02056	0.01316	0.00740	0.00822	0.00247	0.00987	0.00740	0.00411	0.01316
44	0.02221	0.71304	0.04353	0.01421	0.02132	0.03287	0.01421	0.02488	0.01688	0.01955	0.01155	0.01333	0.01066	0.00711	0.00533	0.00178	0.00888	0.00444	0.00355	0.01066
45	0.02056	0.01974	0.03372	0.05099	0.65622	0.01974	0.02550	0.02550	0.01892	0.02714	0.01563	0.02056	0.01316	0.00740	0.00822	0.00247	0.00987	0.00740	0.00411	0.01316
46	0.01569	0.01477	0.02492	0.68808	0.05722	0.01846	0.02307	0.02123	0.01661	0.02123	0.01477	0.02215	0.01107	0.00831	0.00831	0.00277	0.01107	0.00738	0.00369	0.00923
47	0.03158	0.02327	0.02493	0.01911	0.02576	0.02576	0.01579	0.62852	0.03906	0.05236	0.01995	0.01995	0.01413	0.00997	0.00831	0.00249	0.00914	0.00748	0.00831	0.01413
48	0.01176	0.00849	0.01110	0.01045	0.01241	0.00784	0.00784	0.01568	0.02352	0.03331	0.65184	0.06206	0.07839	0.01698	0.00980	0.00261	0.00392	0.01502	0.00914	0.00784
49	0.03158	0.02327	0.02493	0.01911	0.02576	0.02576	0.01579	0.62852	0.03906	0.05236	0.01995	0.01995	0.01413	0.00997	0.00831	0.00249	0.00914	0.00748	0.00831	0.01413
50	0.02116	0.01809	0.01906	0.01701	0.02179	0.02089	0.01327	0.07066	0.61389	0.03555	0.03318	0.03049	0.02485	0.01121	0.00845	0.00280	0.00669	0.00931	0.00845	0.01319
51	0.01961	0.02241	0.04902	0.03501	0.04342	0.02101	0.62605	0.02661	0.01961	0.02661	0.01681	0.02241	0.01261	0.00700	0.00980	0.00280	0.01401	0.00980	0.00420	0.01120
52	0.01013	0.00843	0.00884	0.00874	0.01141	0.00714	0.00655	0.01252	0.01966	0.02417	0.17441	0.07710	0.56152	0.02039	0.00982	0.00277	0.00416	0.01713	0.00794	0.00714
53	0.00982	0.00842	0.00842	0.00842	0.01122	0.00701	0.00631	0.01192	0.01894	0.02244	0.08416	0.07995	0.65285	0.02104	0.00982	0.00281	0.00421	0.01753	0.00771	0.00701
54	0.03143	0.02205	0.02400	0.01856	0.02506	0.02415	0.01528	0.53527	0.07586	0.10942	0.02205	0.02144	0.01546	0.01008	0.00832	0.00252	0.00878	0.00768	0.00851	0.01407
55	0.02115	0.01809	0.01906	0.01701	0.02179	0.02089	0.01327	0.07045	0.61411	0.03554	0.03319	0.03050	0.02485	0.01121	0.00845	0.00280	0.00669	0.00931	0.00845	0.01319
56	0.02668	0.02664	0.02714	0.08834	0.21895	0.22941	0.01945	0.20383	0.02607	0.03183	0.01593	0.01875	0.01248	0.00860	0.00802	0.00240	0.01139	0.00677	0.00536	0.01198
57	0.01381	0.01017	0.01308	0.05543	0.01705	0.01033	0.01036	0.07324	0.02009	0.02689	0.16364	0.22104	0.07399	0.10486	0.01415	0.00375	0.00645	0.14638	0.00746	0.00783
58	0.02091	0.04686	0.02030	0.07088	0.04849	0.15133	0.01486	0.13515	0.02320	0.02815	0.03270	0.04730	0.11043	0.01460	0.00982	0.00286	0.03546	0.17070	0.00633	0.00969
59	0.02128	0.02376	0.02068	0.01885	0.02107	0.28261	0.01475	0.02361	0.01730	0.01990	0.01543	0.02166	0.01408	0.02790	0.23317	0.00624	0.19776	0.00703	0.00416	0.00876
60	0.01064	0.00779	0.00957	0.01064	0.01197	0.00706	0.00754	0.01198	0.01668	0.02122	0.05599	0.38334	0.25798	0.02437	0.01247	0.07526	0.00502	0.05658	0.00732	0.00660
61	0.01857	0.05173	0.09033	0.14830	0.32325	0.02046	0.02290	0.02336	0.01746	0.02478	0.04664	0.02190	0.01535	0.00931	0.01146	0.00271	0.12852	0.00751	0.00413	0.01131
62	0.01927	0.02741	0.24213	0.04197	0.45145	0.01959	0.02721	0.02576	0.01846	0.02687	0.01539	0.01956	0.01229	0.00756	0.00811	0.00252	0.01066	0.00698	0.00391	0.01287
63	0.00988	0.00817	0.00867	0.00907	0.01139	0.00696	0.00660	0.01185	0.01831	0.02219	0.07623	0.20862	0.52930	0.02207	0.00998	0.00292	0.00433	0.01879	0.00771	0.00696
64	0.02053	0.06860	0.02397	0.16826	0.03054	0.22293	0.07341	0.04916	0.02018	0.02280	0.02637	0.12944	0.08504	0.01230	0.00850	0.00259	0.01068	0.01033	0.00515	0.00924
65	0.02736	0.16507	0.02664	0.06358	0.02594	0.40184	0.01549	0.08671	0.02288	0.02397	0.01430	0.01663	0.01172	0.00847	0.00710	0.00213	0.01227	0.00567	0.05213	0.01011
66	0.01094	0.00838	0.01018	0.01100	0.01291	0.00762	0.00843	0.01350	0.01883	0.02412	0.14144	0.23750	0.29190	0.02218	0.01038	0.00315	0.00508	0.14738	0.00789	0.00720
67	0.01780	0.01614	0.02647	0.07981	0.41544	0.01630	0.02115	0.02233	0.01883	0.02592	0.02659	0.04314	0.05465	0.01229	0.00918	0.00286	0.00907	0.16569	0.00521	0.01113
68	0.02648	0.17414	0.06048	0.10873	0.02951	0.36300	0.01733	0.08306	0.02233	0.02347	0.01357	0.01617	0.01104	0.00832	0.00725	0.00221	0.01254	0.00567	0.00437	0.01033
69	0.01825	0.01777	0.05773	0.01577	0.01908	0.10722	0.01291	0.12541	0.01963	0.02557	0.02164	0.06628	0.02009	0.08327	0.34144	0.00826	0.01635	0.00902	0.00527	0.00902
70	0.14630	0.10917	0.01739	0.01305	0.01596	0.01500	0.01068	0.01793	0.01399	0.02249	0.01886	0.02655	0.01727	0.04493	0.46292	0.00982	0.01758	0.00750	0.00445	0.00815
71	0.01138	0.00896	0.01176	0.01166	0.01300	0.00867	0.03526	0.01302	0.01609	0.02099	0.07368	0.30182	0.19509	0.18741	0.01873	0.00431	0.03703	0.01758	0.00678	0.00676
72	0.02928	0.03139	0.02444	0.05619	0.06718	0.38345	0.01680	0.20388	0.05538	0.03068	0.01611	0.01785	0.01253	0.00900	0.00786	0.00233	0.01240	0.00638	0.00559	0.01129

[dist]
# distance from previous block
# <min> <max>
0	7

[block]
# block no. 6 follows, 22 sequences, length 15
# corresponding to MSA columns:
# 288-302
name=unknown_G
#
# <colnr> <probs for GDERKNQSTAVLIFYWHMCP>
#	G	D	E	R	K	N	Q	S	T	A	V	L	I	F	Y	W	H	M	C	P
0	0.05654	0.01935	0.03133	0.10416	0.53091	0.01996	0.02386	0.06422	0.01979	0.02873	0.01564	0.02033	0.01284	0.00766	0.00809	0.00250	0.00977	0.00727	0.00440	0.01267
1	0.01971	0.01887	0.03219	0.16188	0.55196	0.01952	0.02507	0.02475	0.01851	0.02611	0.01548	0.02084	0.01280	0.00756	0.00824	0.00252	0.01008	0.00740	0.00404	0.01247
2	0.01711	0.01493	0.01528	0.01661	0.05861	0.11496	0.01253	0.02021	0.02004	0.06268	0.04785	0.06860	0.20855	0.01835	0.00997	0.00311	0.00795	0.26706	0.00707	0.00854
3	0.02012	0.01929	0.03293	0.10814	0.60248	0.01962	0.02528	0.02511	0.01871	0.02661	0.01555	0.02070	0.01297	0.00748	0.00823	0.00249	0.00998	0.00740	0.00407	0.01281
4	0.02527	0.02845	0.02758	0.03411	0.30624	0.31389	0.01995	0.03091	0.08658	0.02489	0.01629	0.01916	0.01334	0.00833	0.00792	0.00236	0.01182	0.00669	0.00465	0.01157
5	0.00995	0.00792	0.00893	0.00974	0.01157	0.00690	0.00690	0.01177	0.01766	0.02192	0.06800	0.34212	0.40110	0.02314	0.01015	0.00304	0.00447	0.02009	0.00771	0.00690
6	0.01433	0.01355	0.02521	0.02331	0.08599	0.01281	0.21667	0.01798	0.01744	0.02360	0.03311	0.40752	0.03664	0.01782	0.01010	0.00309	0.00840	0.01739	0.00618	0.00887
7	0.00982	0.00842	0.00842	0.00842	0.01122	0.00701	0.00631	0.01192	0.01894	0.02244	0.08416	0.07995	0.65285	0.02104	0.00982	0.00281	0.00421	0.01753	0.00771	0.00701
8	0.01520	0.00783	0.00818	0.00818	0.01008	0.00795	0.00616	0.01901	0.01710	0.03006	0.02672	0.03110	0.02125	0.01377	0.05788	0.00282	0.00530	0.00783	0.69583	0.00772
9	0.08610	0.07400	0.02601	0.02446	0.12960	0.30600	0.01689	0.18386	0.02560	0.03097	0.01495	0.01696	0.01186	0.00857	0.00750	0.00230	0.01157	0.00611	0.00531	0.01139
10	0.01011	0.00803	0.00909	0.00967	0.01162	0.00701	0.00693	0.01217	0.01837	0.02310	0.12720	0.28685	0.39592	0.02231	0.01008	0.00298	0.00438	0.01932	0.00785	0.00701
11	0.01619	0.03905	0.58964	0.02243	0.03351	0.01807	0.02838	0.02517	0.01798	0.02663	0.05335	0.02451	0.01659	0.00929	0.00821	0.00270	0.01153	0.04095	0.00407	0.01175
12	0.02103	0.02112	0.03170	0.12163	0.52498	0.08408	0.02429	0.02576	0.01911	0.02579	0.01525	0.02019	0.01268	0.00762	0.00816	0.00247	0.01051	0.00720	0.00408	0.01236
13	0.01228	0.00829	0.01046	0.01007	0.01193	0.00776	0.00749	0.01604	0.02203	0.03218	0.51071	0.09616	0.06745	0.01632	0.00918	0.00255	0.00397	0.01434	0.13303	0.00776
14	0.01994	0.08212	0.03119	0.17329	0.15418	0.02303	0.08886	0.08243	0.01851	0.02553	0.01427	0.01971	0.01186	0.00983	0.01363	0.00285	0.20635	0.00737	0.00426	0.01078

[dist]
# distance from previous block
# <min> <max>
0	2

[block]
# block no. 7 follows, 22 sequences, length 106
# corresponding to MSA columns:
# 305-410
name=unknown_H
#
# <colnr> <probs for GDERKNQSTAVLIFYWHMCP>
#	G	D	E	R	K	N	Q	S	T	A	V	L	I	F	Y	W	H	M	C	P
0	0.02052	0.01987	0.03445	0.05023	0.62690	0.01980	0.05424	0.02555	0.01895	0.02712	0.01568	0.02065	0.01313	0.00738	0.00830	0.00248	0.01007	0.00752	0.00412	0.01307
1	0.02143	0.02157	0.03228	0.07597	0.56481	0.08726	0.02441	0.02610	0.01929	0.02618	0.01530	0.02006	0.01281	0.00756	0.00815	0.00245	0.01045	0.00719	0.00411	0.01262
2	0.01010	0.00843	0.00880	0.00871	0.01139	0.00713	0.00653	0.01247	0.01960	0.02402	0.16632	0.07736	0.56970	0.02045	0.00982	0.00278	0.00417	0.01717	0.00792	0.00713
3	0.01666	0.04297	0.66500	0.02368	0.03596	0.01929	0.03069	0.02631	0.01754	0.02631	0.01491	0.01754	0.01052	0.00789	0.00789	0.00263	0.01228	0.00614	0.00351	0.01228
4	0.01012	0.00723	0.00964	0.01157	0.01205	0.00675	0.00771	0.01157	0.01591	0.02121	0.04579	0.70262	0.05495	0.02603	0.01060	0.00337	0.00482	0.02362	0.00771	0.00675
5	0.76672	0.01607	0.01221	0.01092	0.01607	0.01864	0.00900	0.02442	0.01414	0.03727	0.01157	0.01350	0.00900	0.00771	0.00514	0.00257	0.00643	0.00450	0.00514	0.00900
6	0.02314	0.03391	0.46199	0.02088	0.03132	0.01707	0.02488	0.03077	0.01950	0.22616	0.02053	0.02091	0.01368	0.00864	0.00804	0.00261	0.01064	0.00684	0.00564	0.01286
7	0.01818	0.01818	0.02545	0.02181	0.02181	0.02545	0.01818	0.01999	0.01272	0.01999	0.01091	0.01818	0.01091	0.01454	0.02726	0.00364	0.69284	0.00727	0.00364	0.00909
8	0.02343	0.02121	0.02192	0.08982	0.08910	0.15038	0.01575	0.21349	0.02465	0.03165	0.01851	0.02269	0.01492	0.02048	0.15125	0.00474	0.01306	0.00736	0.05483	0.01076
9	0.76672	0.01607	0.01221	0.01092	0.01607	0.01864	0.00900	0.02442	0.01414	0.03727	0.01157	0.01350	0.00900	0.00771	0.00514	0.00257	0.00643	0.00450	0.00514	0.00900
10	0.03103	0.03959	0.02354	0.02140	0.02568	0.67469	0.01605	0.03317	0.02354	0.02033	0.01284	0.01498	0.01070	0.00856	0.00749	0.00214	0.01498	0.00535	0.00428	0.00963
11	0.01876	0.01814	0.02682	0.37135	0.17678	0.05505	0.02204	0.05303	0.01795	0.02381	0.01447	0.02066	0.01163	0.00925	0.01140	0.00280	0.12445	0.00727	0.00404	0.01032
12	0.01208	0.00805	0.00906	0.00906	0.00906	0.00805	0.00503	0.01208	0.01208	0.01611	0.02618	0.05436	0.03020	0.70804	0.04228	0.00805	0.00805	0.01208	0.00503	0.00503
13	0.01044	0.00838	0.00933	0.00922	0.01164	0.00726	0.00687	0.01308	0.02021	0.02579	0.26060	0.10733	0.44054	0.02003	0.00985	0.00277	0.00415	0.01707	0.00816	0.00726
14	0.01157	0.00848	0.01084	0.01025	0.01229	0.00776	0.00769	0.01531	0.02306	0.03224	0.59585	0.06382	0.13505	0.01738	0.00980	0.00263	0.00395	0.01527	0.00900	0.00776
15	0.01292	0.00875	0.01148	0.01065	0.01281	0.00804	0.00804	0.01681	0.02353	0.06193	0.62366	0.06052	0.07575	0.01668	0.00973	0.00261	0.00406	0.01472	0.00920	0.00813
16	0.01012	0.00723	0.00964	0.01157	0.01205	0.00675	0.00771	0.01157	0.01591	0.02121	0.04579	0.70262	0.05495	0.02603	0.01060	0.00337	0.00482	0.02362	0.00771	0.00675
17	0.01569	0.01477	0.02492	0.68808	0.05722	0.01846	0.02307	0.02123	0.01661	0.02123	0.01477	0.02215	0.01107	0.00831	0.00831	0.00277	0.01107	0.00738	0.00369	0.00923
18	0.03103	0.03959	0.02354	0.02140	0.02568	0.67469	0.01605	0.03317	0.02354	0.02033	0.01284	0.01498	0.01070	0.00856	0.00749	0.00214	0.01498	0.00535	0.00428	0.00963
19	0.01144	0.00848	0.01067	0.01012	0.01222	0.00770	0.00759	0.01506	0.02277	0.03154	0.55926	0.06497	0.17207	0.01764	0.00980	0.00264	0.00397	0.01543	0.00891	0.00770
20	0.01961	0.02241	0.04902	0.03501	0.04342	0.02101	0.62605	0.02661	0.01961	0.02661	0.01681	0.02241	0.01261	0.00700	0.00980	0.00280	0.01401	0.00980	0.00420	0.01120
21	0.02712	0.03213	0.02323	0.07954	0.05936	0.45512	0.01656	0.03393	0.14542	0.02362	0.01731	0.01906	0.01377	0.00902	0.00779	0.00235	0.01272	0.00643	0.00505	0.01047
22	0.02314	0.02669	0.02209	0.01991	0.02228	0.33701	0.01558	0.02534	0.01809	0.02001	0.01412	0.01953	0.01279	0.02125	0.14794	0.00486	0.22956	0.00667	0.00411	0.00901
23	0.01692	0.04144	0.62348	0.02547	0.07675	0.01932	0.03035	0.02626	0.01763	0.02636	0.01496	0.01774	0.01070	0.00786	0.00791	0.00262	0.01212	0.00622	0.00355	0.01234
24	0.02188	0.64817	0.07055	0.01650	0.05421	0.03160	0.01552	0.02497	0.01701	0.02023	0.01191	0.01388	0.01078	0.00716	0.00559	0.00185	0.00908	0.00467	0.00358	0.01086
25	0.01187	0.00890	0.01335	0.01335	0.01483	0.01038	0.01038	0.01483	0.01335	0.01928	0.02225	0.03264	0.02077	0.06231	0.67512	0.01335	0.02225	0.00890	0.00445	0.00742
26	0.01012	0.00723	0.00964	0.01157	0.01205	0.00675	0.00771	0.01157	0.01591	0.02121	0.04579	0.70262	0.05495	0.02603	0.01060	0.00337	0.00482	0.02362	0.00771	0.00675
27	0.01693	0.01603	0.02715	0.52621	0.20940	0.01878	0.02369	0.02231	0.01720	0.02273	0.01498	0.02175	0.01160	0.00808	0.00828	0.00269	0.01077	0.00739	0.00380	0.01023
28	0.02513	0.17649	0.02853	0.01984	0.02353	0.28999	0.01631	0.06640	0.01973	0.02216	0.01242	0.01596	0.01098	0.01022	0.01330	0.00256	0.22640	0.00590	0.00419	0.00998
29	0.01722	0.01633	0.02768	0.48778	0.24554	0.01886	0.02383	0.02257	0.01734	0.02309	0.01504	0.02165	0.01173	0.00802	0.00828	0.00267	0.01070	0.00739	0.00382	0.01046
30	0.01011	0.00729	0.00958	0.01142	0.01201	0.00676	0.00765	0.01158	0.01605	0.02126	0.04759	0.67333	0.08307	0.02579	0.01057	0.00335	0.00479	0.02333	0.00771	0.00676
31	0.02357	0.12581	0.14025	0.09404	0.16552	0.18703	0.02104	0.09868	0.02172	0.02662	0.01466	0.01770	0.01164	0.00813	0.00760	0.00235	0.01147	0.00626	0.00443	0.01149
32	0.01872	0.02015	0.02517	0.02090	0.02494	0.18004	0.17394	0.02260	0.01823	0.02240	0.05986	0.02744	0.01987	0.03123	0.28812	0.00705	0.01704	0.00865	0.00465	0.00900
33	0.00982	0.00842	0.00842	0.00842	0.01122	0.00701	0.00631	0.01192	0.01894	0.02244	0.08416	0.07995	0.65285	0.02104	0.00982	0.00281	0.00421	0.01753	0.00771	0.00701
34	0.02056	0.01974	0.03372	0.05099	0.65622	0.01974	0.02550	0.02550	0.01892	0.02714	0.01563	0.02056	0.01316	0.00740	0.00822	0.00247	0.00987	0.00740	0.00411	0.01316
35	0.01999	0.01950	0.03414	0.04749	0.56584	0.01930	0.08515	0.02501	0.01899	0.02688	0.01879	0.02338	0.04151	0.00797	0.00845	0.00252	0.01003	0.00809	0.00428	0.01269
36	0.01529	0.01348	0.02041	0.02292	0.14532	0.01611	0.01519	0.01819	0.01424	0.02088	0.01814	0.02755	0.01714	0.07291	0.33670	0.00832	0.19579	0.00834	0.00420	0.00889
37	0.76672	0.01607	0.01221	0.01092	0.01607	0.01864	0.00900	0.02442	0.01414	0.03727	0.01157	0.01350	0.00900	0.00771	0.00514	0.00257	0.00643	0.00450	0.00514	0.00900
38	0.01208	0.00805	0.00906	0.00906	0.00906	0.00805	0.00503	0.01208	0.01208	0.01611	0.02618	0.05436	0.03020	0.70804	0.04228	0.00805	0.00805	0.01208	0.00503	0.00503
39	0.00982	0.00842	0.00842	0.00842	0.01122	0.00701	0.00631	0.01192	0.01894	0.02244	0.08416	0.07995	0.65285	0.02104	0.00982	0.00281	0.00421	0.01753	0.00771	0.00701
40	0.03103	0.03959	0.02354	0.02140	0.02568	0.67469	0.01605	0.03317	0.02354	0.02033	0.01284	0.01498	0.01070	0.00856	0.00749	0.00214	0.01498	0.00535	0.00428	0.00963
41	0.01187	0.00890	0.01335	0.01335	0.01483	0.01038	0.01038	0.01483	0.01335	0.01928	0.02225	0.03264	0.02077	0.06231	0.67512	0.01335	0.02225	0.00890	0.00445	0.00742
42	0.01208	0.00805	0.00906	0.00906	0.00906	0.00805	0.00503	0.01208	0.01208	0.01611	0.02618	0.05436	0.03020	0.70804	0.04228	0.00805	0.00805	0.01208	0.00503	0.00503
43	0.76672	0.01607	0.01221	0.01092	0.01607	0.01864	0.00900	0.02442	0.01414	0.03727	0.01157	0.01350	0.00900	0.00771	0.00514	0.00257	0.00643	0.00450	0.00514	0.00900
44	0.01339	0.00956	0.01339	0.01530	0.01721	0.00956	0.01339	0.01721	0.01912	0.02486	0.04399	0.09371	0.04781	0.02295	0.01147	0.00382	0.00765	0.60031	0.00765	0.00765
45	0.01961	0.02241	0.04902	0.03501	0.04342	0.02101	0.62605	0.02661	0.01961	0.02661	0.01681	0.02241	0.01261	0.00700	0.00980	0.00280	0.01401	0.00980	0.00420	0.01120
46	0.01569	0.01477	0.02492	0.68808	0.05722	0.01846	0.02307	0.02123	0.01661	0.02123	0.01477	0.02215	0.01107	0.00831	0.00831	0.00277	0.01107	0.00738	0.00369	0.00923
47	0.01208	0.00805	0.00906	0.00906	0.00906	0.00805	0.00503	0.01208	0.01208	0.01611	0.02618	0.05436	0.03020	0.70804	0.04228	0.00805	0.00805	0.01208	0.00503	0.00503
48	0.76672	0.01607	0.01221	0.01092	0.01607	0.01864	0.00900	0.02442	0.01414	0.03727	0.01157	0.01350	0.00900	0.00771	0.00514	0.00257	0.00643	0.00450	0.00514	0.00900
49	0.06090	0.00897	0.01046	0.00994	0.01234	0.00833	0.00751	0.01525	0.02168	0.03069	0.45893	0.06361	0.22642	0.01745	0.00950	0.00266	0.00416	0.01500	0.00850	0.00770
50	0.01187	0.00890	0.01335	0.01335	0.01483	0.01038	0.01038	0.01483	0.01335	0.01928	0.02225	0.03264	0.02077	0.06231	0.67512	0.01335	0.02225	0.00890	0.00445	0.00742
51	0.02278	0.02045	0.03195	0.04458	0.52947	0.02095	0.02354	0.14674	0.02297	0.03221	0.01649	0.02044	0.01335	0.00792	0.00824	0.00247	0.00972	0.00742	0.00496	0.01335
52	0.03103	0.03959	0.02354	0.02140	0.02568	0.67469	0.01605	0.03317	0.02354	0.02033	0.01284	0.01498	0.01070	0.00856	0.00749	0.00214	0.01498	0.00535	0.00428	0.00963
