[name]
unknown

[dist]
# distance from previous block
# <min> <max>
44	457

[block]
# block no. 0 follows, 22 sequences, length 10
# corresponding to MSA columns:
# 541-550
name=unknown_A
#
# <colnr> <probs for GDERKNQSTAVLIFYWHMCP>
#	G	D	E	R	K	N	Q	S	T	A	V	L	I	F	Y	W	H	M	C	P
0	0.06324	0.09780	0.02182	0.18173	0.12357	0.01602	0.01538	0.01991	0.01886	0.02610	0.16723	0.04166	0.10074	0.01257	0.00850	0.00265	0.00767	0.05943	0.00583	0.00930
1	0.17734	0.01395	0.01823	0.02139	0.17317	0.01377	0.01321	0.02457	0.01892	0.17290	0.07148	0.12018	0.10194	0.01284	0.00822	0.00268	0.00678	0.01086	0.00697	0.01058
2	0.02695	0.13853	0.02955	0.02780	0.19134	0.32200	0.01822	0.10208	0.02315	0.02589	0.01423	0.01679	0.01176	0.00820	0.00744	0.00221	0.01196	0.00601	0.00461	0.01127
3	0.02369	0.01724	0.01906	0.01559	0.01974	0.01891	0.01212	0.38023	0.02834	0.03813	0.02197	0.03113	0.01944	0.21123	0.10071	0.00539	0.01047	0.00894	0.00692	0.01076
4	0.01607	0.01033	0.01258	0.01240	0.01420	0.01025	0.00870	0.10270	0.01912	0.08257	0.03670	0.40485	0.04068	0.16846	0.01686	0.00418	0.00634	0.01745	0.00746	0.00811
5	0.01520	0.01161	0.01413	0.01316	0.01485	0.01269	0.00970	0.11064	0.01917	0.02606	0.09965	0.19976	0.08488	0.18249	0.06177	0.00487	0.09071	0.01405	0.00663	0.00798
6	0.01971	0.02225	0.12289	0.01848	0.02303	0.09841	0.04576	0.15459	0.02213	0.02896	0.02647	0.26135	0.02726	0.01543	0.01073	0.00290	0.07057	0.01283	0.00620	0.01005
7	0.01967	0.01288	0.01744	0.04890	0.07621	0.01351	0.01235	0.02507	0.09464	0.15947	0.16569	0.09802	0.03618	0.10013	0.01491	0.00347	0.07248	0.01156	0.00742	0.01002
8	0.01840	0.01816	0.02789	0.03155	0.25757	0.07486	0.13065	0.02309	0.02056	0.02760	0.16778	0.03898	0.03229	0.01156	0.00921	0.00270	0.00944	0.08139	0.00575	0.01057
9	0.02091	0.09902	0.03229	0.06711	0.31056	0.08043	0.07798	0.02675	0.06887	0.02523	0.01699	0.02259	0.01445	0.00896	0.00984	0.00259	0.07214	0.02721	0.00448	0.01163

[dist]
# distance from previous block
# <min> <max>
0	4

[block]
# block no. 1 follows, 22 sequences, length 50
# corresponding to MSA columns:
# 555-604
name=unknown_B
#
# <colnr> <probs for GDERKNQSTAVLIFYWHMCP>
#	G	D	E	R	K	N	Q	S	T	A	V	L	I	F	Y	W	H	M	C	P
0	0.01941	0.10865	0.46206	0.04915	0.05633	0.08536	0.02642	0.05317	0.01902	0.02601	0.01460	0.01725	0.01083	0.00797	0.00764	0.00249	0.01192	0.00604	0.00383	0.01185
1	0.02337	0.13637	0.30460	0.02215	0.05958	0.15505	0.02236	0.10039	0.02161	0.05782	0.01549	0.01735	0.01162	0.00825	0.00752	0.00238	0.01158	0.00606	0.00460	0.01185
2	0.02117	0.02481	0.08966	0.08571	0.21783	0.11815	0.17439	0.02921	0.10431	0.02648	0.01785	0.02147	0.01391	0.00812	0.00852	0.00259	0.01154	0.00786	0.00466	0.01175
3	0.02231	0.34179	0.06558	0.05072	0.14996	0.11115	0.01773	0.02835	0.09437	0.02341	0.01554	0.01770	0.01297	0.00795	0.00681	0.00217	0.00985	0.00595	0.00436	0.01135
4	0.01203	0.00827	0.01014	0.01014	0.01052	0.00864	0.00639	0.01278	0.01240	0.01691	0.02518	0.04888	0.02782	0.54491	0.20216	0.00939	0.01164	0.01128	0.00489	0.00564
5	0.01180	0.00857	0.01200	0.01214	0.01318	0.00954	0.00884	0.01391	0.01321	0.01862	0.02491	0.08557	0.02557	0.22287	0.46819	0.01131	0.01743	0.01075	0.00483	0.00677
6	0.02533	0.02184	0.02088	0.01754	0.02266	0.11027	0.01390	0.27577	0.23611	0.03936	0.08224	0.02882	0.04551	0.01123	0.00843	0.00258	0.00844	0.00885	0.00786	0.01238
7	0.01007	0.00745	0.00941	0.01098	0.01190	0.00680	0.00745	0.01163	0.01647	0.02144	0.05293	0.58666	0.16629	0.02510	0.01046	0.00327	0.00471	0.02248	0.00771	0.00680
8	0.02139	0.02117	0.03186	0.04624	0.56152	0.07149	0.02388	0.02742	0.06335	0.02714	0.01669	0.02086	0.01383	0.00777	0.00818	0.00247	0.01004	0.00738	0.00443	0.01288
9	0.01019	0.00734	0.00967	0.01139	0.01204	0.00681	0.00766	0.01179	0.01641	0.02187	0.07805	0.64585	0.07942	0.02537	0.01053	0.00331	0.00475	0.02294	0.00778	0.00681
10	0.02825	0.03382	0.02534	0.02588	0.12215	0.48479	0.01769	0.05702	0.02250	0.02276	0.01340	0.01636	0.01125	0.00900	0.00949	0.00235	0.07731	0.00594	0.00437	0.01032
11	0.01666	0.04297	0.66500	0.02368	0.03596	0.01929	0.03069	0.02631	0.01754	0.02631	0.01491	0.01754	0.01052	0.00789	0.00789	0.00263	0.01228	0.00614	0.00351	0.01228
12	0.02001	0.02172	0.05687	0.03394	0.26874	0.08769	0.11598	0.02403	0.01744	0.02371	0.01545	0.02280	0.01381	0.07480	0.01577	0.00327	0.16113	0.00793	0.00410	0.01079
13	0.03103	0.03959	0.02354	0.02140	0.02568	0.67469	0.01605	0.03317	0.02354	0.02033	0.01284	0.01498	0.01070	0.00856	0.00749	0.00214	0.01498	0.00535	0.00428	0.00963
14	0.01195	0.00800	0.00910	0.00923	0.00926	0.00796	0.00522	0.01205	0.01234	0.01646	0.02751	0.09859	0.03189	0.66152	0.04012	0.00773	0.00783	0.01287	0.00522	0.00515
15	0.01569	0.01477	0.02492	0.68808	0.05722	0.01846	0.02307	0.02123	0.01661	0.02123	0.01477	0.02215	0.01107	0.00831	0.00831	0.00277	0.01107	0.00738	0.00369	0.00923
16	0.01443	0.00722	0.01082	0.01082	0.01082	0.00722	0.00722	0.01082	0.01082	0.01443	0.01443	0.02525	0.01443	0.02886	0.03247	0.75830	0.00722	0.00722	0.00361	0.00361
17	0.03103	0.02300	0.02462	0.01900	0.02555	0.02551	0.01566	0.59917	0.06930	0.05147	0.02064	0.02050	0.01469	0.01004	0.00832	0.00251	0.00901	0.00758	0.00832	0.01408
18	0.01107	0.00846	0.01029	0.01083	0.01284	0.00768	0.00833	0.01386	0.01963	0.02549	0.21535	0.18447	0.28476	0.02123	0.01027	0.00305	0.00491	0.13212	0.00807	0.00730
19	0.01593	0.01363	0.01613	0.04167	0.02001	0.01075	0.01006	0.01947	0.01753	0.02605	0.02604	0.02969	0.10670	0.00910	0.00700	0.00163	0.00615	0.03131	0.00538	0.58578
20	0.01035	0.00732	0.00957	0.01128	0.01171	0.00690	0.00740	0.01163	0.01547	0.02062	0.04353	0.62808	0.05210	0.10445	0.01425	0.00391	0.00519	0.02229	0.00740	0.00655
21	0.02343	0.01434	0.01821	0.01737	0.06390	0.01455	0.01252	0.18972	0.02414	0.18319	0.03121	0.24221	0.02932	0.01993	0.07163	0.00381	0.00854	0.01299	0.00793	0.01106
22	0.01135	0.00867	0.01069	0.01184	0.01385	0.00802	0.00949	0.01404	0.01845	0.02321	0.06047	0.20095	0.29243	0.02275	0.01065	0.00333	0.00574	0.25915	0.00769	0.00723
23	0.76672	0.01607	0.01221	0.01092	0.01607	0.01864	0.00900	0.02442	0.01414	0.03727	0.01157	0.01350	0.00900	0.00771	0.00514	0.00257	0.00643	0.00450	0.00514	0.00900
24	0.02917	0.02143	0.02308	0.01805	0.02393	0.02360	0.01465	0.55548	0.03606	0.04832	0.02167	0.05658	0.01727	0.05840	0.01074	0.00292	0.00885	0.00860	0.00806	0.01314
25	0.02007	0.06436	0.20701	0.04013	0.42234	0.05095	0.02587	0.02604	0.01864	0.02618	0.01508	0.01908	0.01219	0.00757	0.00794	0.00246	0.01072	0.00680	0.00392	0.01262
26	0.02050	0.01992	0.03476	0.04990	0.61441	0.01983	0.06647	0.02557	0.01896	0.02710	0.01571	0.02069	0.01312	0.00737	0.00833	0.00249	0.01015	0.00757	0.00412	0.01303
27	0.02193	0.02125	0.08188	0.02825	0.21735	0.02065	0.01899	0.14373	0.25264	0.03444	0.02451	0.02771	0.01935	0.01013	0.00846	0.00268	0.00862	0.03782	0.00662	0.01298
28	0.01828	0.14496	0.02505	0.02217	0.17845	0.01720	0.01432	0.05056	0.01991	0.02786	0.13917	0.02906	0.05617	0.00961	0.00750	0.00204	0.00722	0.00812	0.00557	0.21678
29	0.01049	0.00792	0.00969	0.01036	0.01191	0.00712	0.00735	0.01280	0.01887	0.02489	0.22364	0.34828	0.23227	0.02211	0.01016	0.00300	0.00440	0.01951	0.00811	0.00712
30	0.02025	0.27165	0.26902	0.02269	0.03176	0.07081	0.15351	0.02636	0.01818	0.02360	0.01401	0.01695	0.01104	0.00747	0.00739	0.00234	0.01166	0.00629	0.00373	0.01129
31	0.01022	0.00727	0.00961	0.01145	0.01191	0.00681	0.00758	0.01159	0.01572	0.02096	0.04485	0.67147	0.05376	0.05880	0.01213	0.00360	0.00498	0.02306	0.00758	0.00667
32	0.49924	0.01373	0.01224	0.01093	0.01526	0.01509	0.00880	0.02323	0.01722	0.08027	0.16684	0.02697	0.02698	0.01020	0.00651	0.00255	0.00575	0.00744	0.04173	0.00903
33	0.01021	0.00814	0.00915	0.00950	0.01161	0.00708	0.00690	0.01245	0.01896	0.02392	0.16778	0.22586	0.41603	0.02157	0.01000	0.00291	0.00431	0.01858	0.00795	0.00708
34	0.01340	0.01049	0.01242	0.01201	0.01443	0.01062	0.00894	0.02136	0.16932	0.03038	0.33797	0.17560	0.11526	0.01768	0.00963	0.00282	0.00475	0.01551	0.00858	0.00883
35	0.01811	0.01543	0.01647	0.01531	0.01923	0.01736	0.01171	0.03639	0.49206	0.03164	0.04062	0.12758	0.09384	0.01429	0.00889	0.00289	0.00609	0.01217	0.00828	0.01165
36	0.10076	0.02475	0.02294	0.01836	0.02440	0.14464	0.01486	0.40433	0.03236	0.10391	0.01908	0.01922	0.01363	0.00953	0.00787	0.00244	0.00977	0.00689	0.00745	0.01281
37	0.02694	0.02493	0.02206	0.01875	0.02403	0.17877	0.01476	0.24506	0.28384	0.03744	0.02397	0.02332	0.01794	0.01017	0.00817	0.00254	0.00948	0.00776	0.00741	0.01265
38	0.02303	0.02086	0.01966	0.01577	0.02151	0.13834	0.01241	0.19603	0.02500	0.03309	0.06312	0.06752	0.02012	0.00982	0.00758	0.00201	0.00840	0.00772	0.00626	0.30175
39	0.01502	0.01197	0.01236	0.01097	0.01470	0.01149	0.00858	0.15931	0.02375	0.02959	0.06881	0.06561	0.50018	0.01839	0.00946	0.00273	0.00539	0.01513	0.00786	0.00871
40	0.02144	0.01823	0.01922	0.01706	0.02190	0.02102	0.01334	0.08553	0.59857	0.03600	0.03283	0.03021	0.02456	0.01118	0.00844	0.00279	0.00676	0.00926	0.00844	0.01322
41	0.17312	0.01450	0.01796	0.01406	0.02025	0.01341	0.01161	0.03749	0.02198	0.54564	0.02882	0.02552	0.01841	0.00980	0.00776	0.00257	0.00695	0.00764	0.00932	0.01318
42	0.01085	0.00758	0.00966	0.01104	0.01146	0.00726	0.00723	0.01200	0.01498	0.01994	0.04009	0.48644	0.04751	0.22078	0.01970	0.00473	0.00589	0.04960	0.00694	0.00630
43	0.01187	0.00890	0.01335	0.01335	0.01483	0.01038	0.01038	0.01483	0.01335	0.01928	0.02225	0.03264	0.02077	0.06231	0.67512	0.01335	0.02225	0.00890	0.00445	0.00742
44	0.01549	0.00774	0.00774	0.00774	0.00968	0.00774	0.00581	0.01936	0.01742	0.03097	0.02710	0.03097	0.02129	0.00968	0.00581	0.00194	0.00387	0.00774	0.75416	0.00774
45	0.02752	0.02130	0.02411	0.01920	0.02425	0.02464	0.01582	0.45527	0.06115	0.04375	0.01905	0.02082	0.01442	0.01370	0.04772	0.00330	0.13635	0.00761	0.00724	0.01279
46	0.01587	0.24412	0.02448	0.01439	0.01762	0.01921	0.01235	0.01864	0.01447	0.01943	0.01768	0.02492	0.01652	0.03967	0.39436	0.00863	0.07764	0.00727	0.00408	0.00865
47	0.02765	0.03887	0.17700	0.02173	0.02815	0.45713	0.01953	0.08740	0.02356	0.02477	0.01400	0.01606	0.01098	0.00853	0.00766	0.00229	0.01379	0.00574	0.00447	0.01069
48	0.02200	0.01750	0.07552	0.01726	0.05432	0.04667	0.01375	0.07035	0.10491	0.16482	0.06752	0.03120	0.02357	0.08542	0.13565	0.00505	0.01082	0.00882	0.00681	0.03805
49	0.02217	0.02427	0.08633	0.08310	0.38034	0.10745	0.02288	0.07611	0.06494	0.02832	0.01677	0.02035	0.01340	0.00814	0.00813	0.00249	0.01056	0.00716	0.00470	0.01242

[dist]
# distance from previous block
# <min> <max>
1	7

[block]
# block no. 2 follows, 22 sequences, length 32
# corresponding to MSA columns:
# 612-643
name=unknown_C
#
# <colnr> <probs for GDERKNQSTAVLIFYWHMCP>
#	G	D	E	R	K	N	Q	S	T	A	V	L	I	F	Y	W	H	M	C	P
0	0.10006	0.05440	0.02347	0.02140	0.09517	0.16062	0.01562	0.22522	0.02644	0.09481	0.02051	0.02666	0.01682	0.01044	0.00802	0.00254	0.00984	0.06968	0.00656	0.01171
1	0.02059	0.44144	0.13325	0.01558	0.02311	0.02614	0.01594	0.05937	0.01827	0.02355	0.01494	0.05473	0.01361	0.00837	0.00631	0.00198	0.00885	0.00605	0.00424	0.10370
2	0.01891	0.18524	0.44334	0.02309	0.05560	0.05714	0.05550	0.02635	0.01787	0.02458	0.01420	0.01685	0.01076	0.00770	0.00743	0.00242	0.01169	0.00596	0.00362	0.01177
3	0.01389	0.01066	0.01325	0.01426	0.01629	0.01116	0.01115	0.02153	0.16767	0.02584	0.04223	0.31203	0.04514	0.02132	0.01041	0.00341	0.00631	0.23697	0.00787	0.00863
4	0.10538	0.06531	0.14619	0.03787	0.40274	0.05191	0.02344	0.02586	0.01823	0.02737	0.01466	0.01851	0.01194	0.00757	0.00761	0.00245	0.01010	0.00657	0.00409	0.01221
5	0.02298	0.15178	0.05437	0.02487	0.16220	0.22686	0.01709	0.02900	0.09768	0.02524	0.09048	0.02350	0.02095	0.00933	0.00766	0.00231	0.01030	0.00730	0.00516	0.01093
6	0.01027	0.00739	0.00964	0.01127	0.01193	0.00687	0.00756	0.01183	0.01634	0.02176	0.08055	0.61450	0.08423	0.04903	0.01162	0.00347	0.00485	0.02245	0.00770	0.00676
7	0.15727	0.01874	0.02896	0.04157	0.50240	0.01909	0.02171	0.02618	0.01833	0.06635	0.01590	0.01973	0.01284	0.00763	0.00767	0.00249	0.00908	0.00693	0.00466	0.01246
8	0.01187	0.00890	0.01335	0.01335	0.01483	0.01038	0.01038	0.01483	0.01335	0.01928	0.02225	0.03264	0.02077	0.06231	0.67512	0.01335	0.02225	0.00890	0.00445	0.00742
9	0.05801	0.45104	0.17912	0.01879	0.06325	0.06244	0.01842	0.02565	0.01737	0.02243	0.01262	0.01480	0.01070	0.00741	0.00618	0.00207	0.00990	0.00505	0.00369	0.01104
10	0.01062	0.00822	0.00972	0.01012	0.01209	0.00732	0.00747	0.01316	0.01946	0.02523	0.22624	0.22581	0.31871	0.02125	0.01010	0.00295	0.00447	0.05177	0.00810	0.00721
11	0.02637	0.05616	0.09453	0.02152	0.02783	0.24669	0.08182	0.17659	0.12841	0.03170	0.01862	0.01983	0.01414	0.00906	0.00805	0.00245	0.01156	0.00706	0.00582	0.01178
12	0.02029	0.02401	0.21549	0.03030	0.24887	0.01655	0.04589	0.02620	0.01976	0.12003	0.10385	0.04849	0.02349	0.00983	0.00849	0.00259	0.00938	0.00880	0.00562	0.01205
13	0.03158	0.02327	0.02493	0.01911	0.02576	0.02576	0.01579	0.62852	0.03906	0.05236	0.01995	0.01995	0.01413	0.00997	0.00831	0.00249	0.00914	0.00748	0.00831	0.01413
14	0.01819	0.10426	0.34617	0.02546	0.12042	0.02044	0.05857	0.02783	0.10667	0.02672	0.02113	0.02304	0.04727	0.00887	0.00796	0.00256	0.01043	0.00742	0.00457	0.01201
15	0.08622	0.54561	0.07524	0.01522	0.02193	0.05742	0.01503	0.02499	0.01672	0.02153	0.01176	0.01393	0.01053	0.00769	0.00681	0.00202	0.04838	0.00475	0.00372	0.01048
16	0.01190	0.00882	0.01106	0.01162	0.01300	0.00866	0.00817	0.01641	0.08463	0.02631	0.24211	0.38162	0.05798	0.06305	0.01204	0.00335	0.00491	0.01858	0.00810	0.00768
17	0.01949	0.01864	0.03178	0.19137	0.52423	0.01946	0.02496	0.02455	0.01841	0.02584	0.01544	0.02091	0.01270	0.00760	0.00824	0.00253	0.01013	0.00740	0.00402	0.01229
18	0.01187	0.00890	0.01335	0.01335	0.01483	0.01038	0.01038	0.01483	0.01335	0.01928	0.02225	0.03264	0.02077	0.06231	0.67512	0.01335	0.02225	0.00890	0.00445	0.00742
19	0.01118	0.00853	0.01030	0.01002	0.01227	0.00765	0.00763	0.01446	0.02167	0.02905	0.41983	0.07009	0.27610	0.01873	0.00990	0.00275	0.00423	0.04949	0.00856	0.00754
20	0.11495	0.19583	0.24341	0.02012	0.02860	0.05993	0.07933	0.11509	0.02067	0.02960	0.01450	0.01671	0.01111	0.00794	0.00716	0.00239	0.01059	0.00604	0.00454	0.01150
21	0.01549	0.00774	0.00774	0.00774	0.00968	0.00774	0.00581	0.01936	0.01742	0.03097	0.02710	0.03097	0.02129	0.00968	0.00581	0.00194	0.00387	0.00774	0.75416	0.00774
22	0.02041	0.01998	0.03096	0.14403	0.49368	0.05590	0.02389	0.02635	0.05482	0.02631	0.01639	0.02110	0.01341	0.00783	0.00821	0.00252	0.01014	0.00740	0.00431	0.01237
23	0.03110	0.05744	0.02575	0.01901	0.02554	0.06364	0.01573	0.56501	0.03709	0.04892	0.01913	0.01934	0.01376	0.00975	0.00812	0.00244	0.00947	0.00721	0.00785	0.01370
24	0.01914	0.02297	0.17647	0.14288	0.19460	0.01839	0.02175	0.02895	0.14995	0.06461	0.02433	0.02639	0.05411	0.00949	0.00831	0.00266	0.00944	0.00819	0.00540	0.01195
25	0.01867	0.02136	0.09900	0.02239	0.05997	0.08927	0.09410	0.05535	0.04839	0.02499	0.02145	0.05641	0.01993	0.02012	0.11329	0.00457	0.13114	0.08461	0.00506	0.00995
26	0.01549	0.00774	0.00774	0.00774	0.00968	0.00774	0.00581	0.01936	0.01742	0.03097	0.02710	0.03097	0.02129	0.00968	0.00581	0.00194	0.00387	0.00774	0.75416	0.00774
27	0.02183	0.15109	0.08429	0.01720	0.02289	0.09137	0.01503	0.03611	0.34947	0.05260	0.02617	0.05489	0.02083	0.01052	0.00781	0.00255	0.00837	0.00834	0.00667	0.01198
28	0.02719	0.09959	0.18030	0.01992	0.02708	0.16244	0.05392	0.03180	0.02059	0.22583	0.01965	0.02028	0.01391	0.00907	0.00898	0.00249	0.05244	0.00678	0.00588	0.01186
29	0.01284	0.00892	0.01036	0.00974	0.01251	0.00776	0.00739	0.01574	0.02112	0.07938	0.30159	0.06870	0.37643	0.01857	0.00969	0.00271	0.00433	0.01580	0.00848	0.00792
30	0.15524	0.02017	0.12583	0.01749	0.02269	0.04535	0.07925	0.10775	0.01992	0.03002	0.02609	0.26063	0.02675	0.01453	0.00859	0.00286	0.00841	0.01259	0.00610	0.00975
31	0.20097	0.02093	0.02828	0.05787	0.09539	0.08073	0.16279	0.06267	0.04646	0.02923	0.01494	0.01891	0.01193	0.00905	0.01097	0.00277	0.12364	0.00717	0.00475	0.01055

[dist]
# distance from previous block
# <min> <max>
1	3

[block]
# block no. 3 follows, 22 sequences, length 39
# corresponding to MSA columns:
# 647-685
name=unknown_D
#
# <colnr> <probs for GDERKNQSTAVLIFYWHMCP>
#	G	D	E	R	K	N	Q	S	T	A	V	L	I	F	Y	W	H	M	C	P
0	0.02169	0.02085	0.07968	0.02405	0.14081	0.01961	0.04315	0.15702	0.20706	0.03408	0.02231	0.02454	0.01744	0.04268	0.00972	0.00271	0.00856	0.00791	0.00639	0.10977
1	0.01549	0.00774	0.00774	0.00774	0.00968	0.00774	0.00581	0.01936	0.01742	0.03097	0.02710	0.03097	0.02129	0.00968	0.00581	0.00194	0.00387	0.00774	0.75416	0.00774
2	0.02132	0.05031	0.01613	0.01351	0.01662	0.01183	0.01033	0.02459	0.05195	0.24540	0.03615	0.33134	0.03567	0.04756	0.01158	0.00319	0.03931	0.01516	0.00810	0.00993
3	0.01602	0.01351	0.01571	0.01198	0.01805	0.01081	0.00945	0.02073	0.05324	0.02805	0.11518	0.02959	0.07377	0.00922	0.00711	0.00165	0.00569	0.00766	0.00596	0.54660
4	0.01002	0.00764	0.00922	0.01049	0.01176	0.00684	0.00723	0.01169	0.01695	0.02163	0.05896	0.48883	0.26023	0.02431	0.01033	0.00318	0.00461	0.02153	0.00771	0.00684
5	0.01961	0.19433	0.33335	0.02805	0.18420	0.05422	0.02485	0.02610	0.01801	0.02464	0.01420	0.01717	0.01121	0.00762	0.00735	0.00237	0.01102	0.00601	0.00370	0.01199
6	0.02459	0.09810	0.14592	0.02191	0.02734	0.34018	0.04934	0.02835	0.01960	0.02162	0.01294	0.01626	0.01080	0.00934	0.01116	0.00251	0.13991	0.00599	0.00395	0.01019
7	0.01183	0.00850	0.01165	0.01177	0.01269	0.00936	0.00839	0.01369	0.01308	0.01833	0.02511	0.08323	0.02619	0.28015	0.41651	0.01090	0.01629	0.01093	0.00486	0.00656
8	0.01152	0.00782	0.00923	0.00978	0.00992	0.00768	0.00580	0.01193	0.01318	0.01757	0.03181	0.24072	0.03732	0.51198	0.03318	0.00671	0.00712	0.01540	0.00580	0.00553
9	0.02036	0.02031	0.03702	0.04755	0.52410	0.02001	0.15497	0.02574	0.01907	0.02703	0.01588	0.02096	0.01304	0.00732	0.00856	0.00254	0.01076	0.00792	0.00413	0.01274
10	0.01488	0.01310	0.01865	0.02003	0.08265	0.04700	0.07749	0.01912	0.04679	0.02419	0.03678	0.28814	0.04014	0.01950	0.01031	0.00328	0.00788	0.21465	0.00681	0.00861
11	0.01018	0.00787	0.00929	0.01011	0.01174	0.00698	0.00714	0.01218	0.01804	0.02309	0.13021	0.36788	0.30976	0.02290	0.01018	0.00305	0.00446	0.02008	0.00787	0.00698
12	0.02146	0.02450	0.05994	0.02859	0.17070	0.16583	0.02006	0.02448	0.01678	0.02205	0.01263	0.01800	0.01136	0.01123	0.01752	0.00299	0.35086	0.00682	0.00388	0.01032
13	0.19043	0.45822	0.09312	0.01472	0.02151	0.02801	0.01476	0.02466	0.01611	0.02422	0.01183	0.01400	0.01028	0.00769	0.00662	0.00213	0.04268	0.00475	0.00391	0.01035
14	0.01182	0.00855	0.01186	0.01198	0.01297	0.00947	0.00865	0.01382	0.01315	0.01848	0.02491	0.08216	0.02572	0.24835	0.44767	0.01116	0.01699	0.01078	0.00483	0.00668
15	0.24936	0.02231	0.02070	0.02186	0.13380	0.17476	0.01461	0.06341	0.05981	0.10888	0.04306	0.02037	0.01571	0.00890	0.00722	0.00246	0.00922	0.00660	0.00593	0.01103
16	0.01000	0.00772	0.00913	0.01025	0.01170	0.00686	0.00713	0.01172	0.01717	0.02172	0.06178	0.44302	0.30422	0.02395	0.01028	0.00314	0.00456	0.02108	0.00771	0.00686
17	0.01638	0.01547	0.02616	0.59808	0.14184	0.01864	0.02341	0.02183	0.01694	0.02206	0.01489	0.02192	0.01137	0.00818	0.00829	0.00273	0.01090	0.00739	0.00375	0.00978
18	0.02056	0.01974	0.03372	0.05099	0.65622	0.01974	0.02550	0.02550	0.01892	0.02714	0.01563	0.02056	0.01316	0.00740	0.00822	0.00247	0.00987	0.00740	0.00411	0.01316
19	0.01943	0.01859	0.03168	0.19870	0.51734	0.01944	0.02493	0.02451	0.01838	0.02577	0.01543	0.02093	0.01268	0.00761	0.00824	0.00254	0.01015	0.00740	0.00401	0.01225
20	0.03016	0.06406	0.02477	0.01983	0.02524	0.33574	0.01567	0.27731	0.06939	0.03434	0.01704	0.01797	0.01305	0.00924	0.00778	0.00231	0.01175	0.00644	0.00616	0.01175
21	0.01549	0.00774	0.00774	0.00774	0.00968	0.00774	0.00581	0.01936	0.01742	0.03097	0.02710	0.03097	0.02129	0.00968	0.00581	0.00194	0.00387	0.00774	0.75416	0.00774
22	0.02012	0.02038	0.06070	0.03524	0.32054	0.01975	0.09928	0.03120	0.21044	0.02937	0.02130	0.02371	0.01667	0.00850	0.00838	0.00257	0.00933	0.00815	0.00547	0.04889
23	0.02700	0.05699	0.02859	0.03113	0.25537	0.19749	0.01933	0.22260	0.02658	0.03314	0.01610	0.01855	0.01270	0.00853	0.00793	0.00236	0.01096	0.00675	0.00549	0.01242
24	0.01814	0.01726	0.02934	0.36791	0.35824	0.01910	0.02429	0.02337	0.01777	0.02420	0.01520	0.02135	0.01212	0.00785	0.00826	0.00262	0.01047	0.00739	0.00390	0.01120
25	0.01196	0.00800	0.00910	0.00922	0.00925	0.00797	0.00520	0.01205	0.01232	0.01643	0.02741	0.09531	0.03177	0.66496	0.04028	0.00776	0.00785	0.01281	0.00520	0.00514
26	0.01549	0.00774	0.00774	0.00774	0.00968	0.00774	0.00581	0.01936	0.01742	0.03097	0.02710	0.03097	0.02129	0.00968	0.00581	0.00194	0.00387	0.00774	0.75416	0.00774
27	0.02427	0.46869	0.03649	0.04848	0.02424	0.10795	0.01505	0.11482	0.04654	0.02515	0.01400	0.01565	0.01180	0.00793	0.00630	0.00202	0.00967	0.00534	0.00455	0.01108
28	0.01187	0.00890	0.01335	0.01335	0.01483	0.01038	0.01038	0.01483	0.01335	0.01928	0.02225	0.03264	0.02077	0.06231	0.67512	0.01335	0.02225	0.00890	0.00445	0.00742
29	0.01113	0.00847	0.01024	0.00979	0.01203	0.00757	0.00734	0.01446	0.02203	0.02980	0.46830	0.06784	0.26412	0.01829	0.00980	0.00268	0.00401	0.01584	0.00868	0.00757
30	0.03045	0.03595	0.02343	0.02080	0.02544	0.54317	0.01583	0.11663	0.06472	0.02569	0.01515	0.01668	0.01210	0.00893	0.00767	0.00223	0.01364	0.00590	0.00510	0.01048
31	0.02717	0.27457	0.03176	0.02073	0.07436	0.26208	0.01610	0.15058	0.02395	0.02710	0.01405	0.01584	0.01158	0.00824	0.00695	0.00211	0.01122	0.00562	0.00483	0.01119
32	0.01305	0.00977	0.01266	0.01398	0.01623	0.00964	0.01193	0.01758	0.05248	0.02490	0.05162	0.08754	0.16979	0.02193	0.01098	0.00356	0.00689	0.44994	0.00771	0.00782
33	0.03002	0.03747	0.02308	0.02096	0.02528	0.61095	0.01577	0.03424	0.08374	0.02174	0.01489	0.01654	0.01213	0.00882	0.00758	0.00221	0.01416	0.00574	0.00469	0.00997
34	0.01208	0.00805	0.00906	0.00906	0.00906	0.00805	0.00503	0.01208	0.01208	0.01611	0.02618	0.05436	0.03020	0.70804	0.04228	0.00805	0.00805	0.01208	0.00503	0.00503
35	0.01012	0.00723	0.00964	0.01157	0.01205	0.00675	0.00771	0.01157	0.01591	0.02121	0.04579	0.70262	0.05495	0.02603	0.01060	0.00337	0.00482	0.02362	0.00771	0.00675
36	0.03111	0.03719	0.02375	0.02106	0.02569	0.57912	0.01601	0.12085	0.02583	0.02505	0.01389	0.01571	0.01121	0.00877	0.00761	0.00219	0.01412	0.00566	0.00487	0.01029
37	0.01254	0.00905	0.01225	0.01330	0.01519	0.00876	0.01106	0.01618	0.02025	0.02708	0.22848	0.11765	0.08651	0.02124	0.01084	0.00339	0.00621	0.36426	0.00811	0.00763
38	0.02494	0.09458	0.02285	0.01919	0.05737	0.34811	0.01420	0.09995	0.02351	0.02502	0.02962	0.03020	0.15420	0.01131	0.00794	0.00231	0.01099	0.00835	0.00546	0.00989

[dist]
# distance from previous block
# <min> <max>
0	1

[block]
# block no. 4 follows, 22 sequences, length 34
# corresponding to MSA columns:
# 687-720
name=unknown_E
#
# <colnr> <probs for GDERKNQSTAVLIFYWHMCP>
#	G	D	E	R	K	N	Q	S	T	A	V	L	I	F	Y	W	H	M	C	P
0	0.01884	0.01762	0.02848	0.10307	0.37852	0.01703	0.04923	0.02357	0.01832	0.02638	0.01689	0.02388	0.01456	0.00800	0.00798	0.00229	0.00917	0.03839	0.00446	0.19337
1	0.09029	0.01096	0.04123	0.01235	0.01459	0.00973	0.00940	0.04473	0.01749	0.05395	0.04165	0.49374	0.08573	0.02147	0.00965	0.00314	0.00560	0.01895	0.00740	0.00795
2	0.02324	0.27196	0.02779	0.01600	0.02091	0.23442	0.01338	0.07054	0.02231	0.02560	0.16801	0.02619	0.02737	0.01019	0.00734	0.00215	0.00968	0.00753	0.00550	0.00990
3	0.02173	0.51244	0.04069	0.02486	0.20502	0.02907	0.01748	0.02505	0.01747	0.02174	0.01273	0.01542	0.01138	0.00719	0.00617	0.00198	0.00917	0.00530	0.00372	0.01138
4	0.01687	0.01597	0.02705	0.53374	0.20233	0.01877	0.02366	0.02226	0.01717	0.02266	0.01497	0.02176	0.01158	0.00809	0.00829	0.00270	0.01078	0.00739	0.00379	0.01018
5	0.03052	0.07903	0.02471	0.02098	0.02543	0.63710	0.01594	0.03269	0.02315	0.02029	0.01277	0.01488	0.01070	0.00848	0.00736	0.00212	0.01462	0.00530	0.00424	0.00969
6	0.01807	0.00994	0.01348	0.01362	0.01628	0.00925	0.01098	0.02105	0.01963	0.17892	0.07888	0.23984	0.06792	0.02028	0.01032	0.00329	0.00640	0.24450	0.00840	0.00897
7	0.03158	0.02327	0.02493	0.01911	0.02576	0.02576	0.01579	0.62852	0.03906	0.05236	0.01995	0.01995	0.01413	0.00997	0.00831	0.00249	0.00914	0.00748	0.00831	0.01413
8	0.01142	0.00848	0.01064	0.01010	0.01221	0.00770	0.00757	0.01503	0.02272	0.03143	0.55364	0.06515	0.17776	0.01769	0.00980	0.00265	0.00397	0.01546	0.00890	0.00770
9	0.01549	0.00774	0.00774	0.00774	0.00968	0.00774	0.00581	0.01936	0.01742	0.03097	0.02710	0.03097	0.02129	0.00968	0.00581	0.00194	0.00387	0.00774	0.75416	0.00774
10	0.02810	0.02121	0.02306	0.01746	0.02429	0.02220	0.01435	0.48104	0.03376	0.04622	0.01869	0.01929	0.01369	0.00905	0.00779	0.00219	0.00842	0.00686	0.00749	0.19488
11	0.01197	0.00801	0.00909	0.00920	0.00922	0.00798	0.00518	0.01205	0.01229	0.01639	0.02725	0.08985	0.03156	0.67071	0.04055	0.00780	0.00788	0.01271	0.00518	0.00513
12	0.02749	0.19651	0.02949	0.05654	0.06965	0.28575	0.01657	0.17065	0.02491	0.02822	0.01450	0.01652	0.01169	0.00845	0.00725	0.00219	0.01156	0.00588	0.00501	0.01116
13	0.02589	0.02194	0.02566	0.02178	0.05830	0.05668	0.07163	0.30331	0.21870	0.04010	0.02288	0.02325	0.01705	0.01011	0.00936	0.00266	0.04218	0.00816	0.00733	0.01304
14	0.02321	0.02185	0.02371	0.02603	0.17663	0.11025	0.01682	0.09978	0.34232	0.03279	0.02507	0.02511	0.01921	0.00982	0.00825	0.00261	0.00879	0.00816	0.00681	0.01277
15	0.01030	0.00812	0.00929	0.00967	0.01168	0.00711	0.00700	0.01260	0.01907	0.02434	0.19015	0.24162	0.37653	0.02153	0.01002	0.00292	0.00431	0.01863	0.00801	0.00711
16	0.28915	0.31800	0.02802	0.01461	0.02040	0.16785	0.01276	0.02652	0.01736	0.02603	0.01184	0.01375	0.01008	0.00764	0.00573	0.00214	0.00934	0.00466	0.00428	0.00984
17	0.03011	0.06581	0.02484	0.01924	0.02482	0.24418	0.01540	0.36675	0.03133	0.03804	0.01684	0.01815	0.01280	0.01019	0.00896	0.03651	0.01101	0.00658	0.00648	0.01195
18	0.01938	0.37087	0.36089	0.01905	0.02879	0.02594	0.02263	0.02561	0.01722	0.02300	0.01326	0.01548	0.01059	0.00751	0.00664	0.00221	0.01062	0.00531	0.00353	0.01149
19	0.02009	0.02203	0.04038	0.03441	0.14318	0.05637	0.37039	0.02546	0.01833	0.02506	0.01523	0.02086	0.01226	0.00865	0.01287	0.00287	0.14780	0.00865	0.00408	0.01104
20	0.01028	0.00843	0.00906	0.00891	0.01151	0.00721	0.00668	0.01282	0.02004	0.02506	0.22062	0.07565	0.51476	0.02006	0.00981	0.00276	0.00414	0.01693	0.00806	0.00721
21	0.01892	0.02617	0.21636	0.04020	0.40750	0.01916	0.06747	0.02524	0.01857	0.02667	0.01838	0.02231	0.03927	0.00809	0.00830	0.00255	0.01061	0.00763	0.00410	0.01251
22	0.76672	0.01607	0.01221	0.01092	0.01607	0.01864	0.00900	0.02442	0.01414	0.03727	0.01157	0.01350	0.00900	0.00771	0.00514	0.00257	0.00643	0.00450	0.00514	0.00900
23	0.01208	0.00805	0.00906	0.00906	0.00906	0.00805	0.00503	0.01208	0.01208	0.01611	0.02618	0.05436	0.03020	0.70804	0.04228	0.00805	0.00805	0.01208	0.00503	0.00503
24	0.01187	0.00890	0.01335	0.01335	0.01483	0.01038	0.01038	0.01483	0.01335	0.01928	0.02225	0.03264	0.02077	0.06231	0.67512	0.01335	0.02225	0.00890	0.00445	0.00742
25	0.01196	0.00807	0.00903	0.00903	0.00917	0.00800	0.00510	0.01207	0.01244	0.01644	0.02921	0.05570	0.06280	0.67208	0.04058	0.00778	0.00785	0.01237	0.00517	0.00514
26	0.02102	0.02431	0.07136	0.27870	0.23793	0.17820	0.02266	0.02583	0.01909	0.02323	0.01458	0.01959	0.01161	0.00805	0.00805	0.00251	0.01172	0.00681	0.00396	0.01078
27	0.02221	0.71304	0.04353	0.01421	0.02132	0.03287	0.01421	0.02488	0.01688	0.01955	0.01155	0.01333	0.01066	0.00711	0.00533	0.00178	0.00888	0.00444	0.00355	0.01066
28	0.03054	0.02246	0.02409	0.01858	0.02487	0.02482	0.01522	0.59575	0.03763	0.05043	0.02028	0.02177	0.01498	0.04708	0.01012	0.00279	0.00908	0.00772	0.00814	0.01364
29	0.01208	0.00805	0.00906	0.00906	0.00906	0.00805	0.00503	0.01208	0.01208	0.01611	0.02618	0.05436	0.03020	0.70804	0.04228	0.00805	0.00805	0.01208	0.00503	0.00503
30	0.01221	0.05668	0.01346	0.01191	0.01317	0.01047	0.00867	0.01405	0.01390	0.01898	0.02820	0.19931	0.03071	0.20977	0.31093	0.00882	0.01358	0.01295	0.00532	0.00689
31	0.01000	0.00771	0.00914	0.01029	0.01171	0.00685	0.00715	0.01171	0.01713	0.02171	0.06130	0.45093	0.29663	0.02401	0.01029	0.00314	0.00457	0.02116	0.00771	0.00685
32	0.06286	0.01821	0.01679	0.01545	0.01804	0.16649	0.01177	0.08244	0.01818	0.02355	0.01924	0.02857	0.01796	0.13179	0.29149	0.00779	0.04800	0.00806	0.00489	0.00845
33	0.02230	0.25996	0.11809	0.03022	0.25887	0.12989	0.02084	0.02663	0.01880	0.02337	0.01371	0.01682	0.01157	0.00755	0.00709	0.00220	0.01068	0.00591	0.00387	0.01163

[dist]
# distance from previous block
# <min> <max>
0	1

[block]
# block no. 5 follows, 22 sequences, length 32
# corresponding to MSA columns:
# 722-753
name=unknown_F
#
# <colnr> <probs for GDERKNQSTAVLIFYWHMCP>
#	G	D	E	R	K	N	Q	S	T	A	V	L	I	F	Y	W	H	M	C	P
0	0.01549	0.01295	0.01537	0.01730	0.11213	0.04652	0.01113	0.02053	0.07545	0.05869	0.24049	0.05499	0.25529	0.01564	0.00925	0.00265	0.00591	0.01339	0.00762	0.00923
1	0.02096	0.02026	0.03103	0.16087	0.47528	0.05970	0.02394	0.05951	0.01993	0.02711	0.01555	0.02047	0.01269	0.00778	0.00820	0.00250	0.01035	0.00728	0.00429	0.01230
2	0.05991	0.01145	0.01242	0.01161	0.01431	0.01219	0.00869	0.05786	0.13384	0.02766	0.06724	0.04435	0.14632	0.13775	0.10844	0.00502	0.00823	0.01097	0.11316	0.00857
3	0.02183	0.14459	0.02356	0.01615	0.02061	0.06056	0.01319	0.16654	0.17124	0.03051	0.02186	0.02600	0.01830	0.07760	0.11922	0.00469	0.03860	0.00787	0.00615	0.01093
4	0.01191	0.00874	0.01255	0.01255	0.01376	0.00995	0.00939	0.01432	0.01311	0.01869	0.02298	0.03668	0.02253	0.18259	0.55724	0.01236	0.01961	0.00949	0.00456	0.00697
5	0.02297	0.15446	0.06293	0.01908	0.05149	0.24999	0.01511	0.06011	0.09387	0.02444	0.02184	0.14532	0.02095	0.01185	0.00788	0.00245	0.01026	0.00932	0.00544	0.01026
6	0.01269	0.01005	0.01469	0.01423	0.01545	0.01220	0.01112	0.01536	0.01321	0.01922	0.02099	0.03184	0.01996	0.08765	0.56122	0.01185	0.10753	0.00885	0.00437	0.00752
7	0.01208	0.00805	0.00906	0.00906	0.00906	0.00805	0.00503	0.01208	0.01208	0.01611	0.02618	0.05436	0.03020	0.70804	0.04228	0.00805	0.00805	0.01208	0.00503	0.00503
8	0.63085	0.01571	0.01353	0.01164	0.01702	0.01744	0.00960	0.02741	0.01593	0.15364	0.01552	0.01625	0.01115	0.00819	0.00574	0.00257	0.00655	0.00522	0.00610	0.00995
9	0.01549	0.00774	0.00774	0.00774	0.00968	0.00774	0.00581	0.01936	0.01742	0.03097	0.02710	0.03097	0.02129	0.00968	0.00581	0.00194	0.00387	0.00774	0.75416	0.00774
10	0.01009	0.00837	0.00882	0.00882	0.01141	0.00711	0.00657	0.01240	0.01940	0.02381	0.15655	0.10547	0.55111	0.02073	0.00985	0.00281	0.00420	0.01748	0.00790	0.00711
11	0.02429	0.01965	0.02083	0.01764	0.02298	0.02236	0.01403	0.23830	0.44115	0.04060	0.02920	0.02732	0.02163	0.01084	0.00841	0.00271	0.00743	0.00876	0.00841	0.01347
12	0.01740	0.03802	0.51965	0.02708	0.06615	0.01964	0.14262	0.02633	0.01799	0.02640	0.01530	0.01860	0.01104	0.00770	0.00827	0.00266	0.01249	0.00689	0.00367	0.01212
13	0.07563	0.02627	0.02353	0.01894	0.02492	0.18051	0.01526	0.41786	0.03302	0.07650	0.01843	0.01882	0.01334	0.00952	0.00793	0.00242	0.01027	0.00684	0.00726	0.01274
14	0.12819	0.40882	0.09148	0.01754	0.06140	0.06603	0.01568	0.02716	0.07185	0.02454	0.01414	0.01583	0.01186	0.00773	0.00612	0.00212	0.00906	0.00528	0.00428	0.01088
15	0.02298	0.23616	0.05521	0.01580	0.02191	0.13169	0.01388	0.08981	0.02085	0.06000	0.04493	0.01991	0.01585	0.01283	0.06352	0.00291	0.01039	0.00616	0.00513	0.15007
16	0.01012	0.00723	0.00964	0.01157	0.01205	0.00675	0.00771	0.01157	0.01591	0.02121	0.04579	0.70262	0.05495	0.02603	0.01060	0.00337	0.00482	0.02362	0.00771	0.00675
17	0.02310	0.02403	0.02679	0.03126	0.25123	0.17855	0.01933	0.05401	0.12731	0.02651	0.01740	0.02056	0.01430	0.00978	0.01164	0.00267	0.13771	0.00723	0.00498	0.01159
18	0.01132	0.00799	0.00903	0.00933	0.00997	0.00764	0.00572	0.01197	0.01405	0.01818	0.04079	0.16324	0.15734	0.46291	0.03079	0.00627	0.00678	0.01501	0.00599	0.00570
19	0.03103	0.03959	0.02354	0.02140	0.02568	0.67469	0.01605	0.03317	0.02354	0.02033	0.01284	0.01498	0.01070	0.00856	0.00749	0.00214	0.01498	0.00535	0.00428	0.00963
20	0.02568	0.12948	0.25212	0.02023	0.02804	0.25610	0.02039	0.03070	0.02054	0.11826	0.01637	0.01764	0.01211	0.00838	0.00746	0.00233	0.01201	0.00595	0.00481	0.01138
21	0.01888	0.11914	0.02119	0.01824	0.10581	0.07469	0.01256	0.02335	0.05036	0.08452	0.29926	0.04112	0.07239	0.01274	0.00851	0.00244	0.00691	0.01077	0.00717	0.00993
22	0.01263	0.01026	0.01136	0.01156	0.01390	0.01025	0.00837	0.01955	0.16707	0.02468	0.05622	0.27994	0.26841	0.05263	0.01128	0.00325	0.00517	0.01740	0.00777	0.00830
23	0.03036	0.02238	0.02422	0.01876	0.02509	0.02481	0.01546	0.59062	0.03747	0.05031	0.02009	0.02073	0.01454	0.01320	0.04950	0.00316	0.00995	0.00757	0.00807	0.01371
24	0.76672	0.01607	0.01221	0.01092	0.01607	0.01864	0.00900	0.02442	0.01414	0.03727	0.01157	0.01350	0.00900	0.00771	0.00514	0.00257	0.00643	0.00450	0.00514	0.00900
25	0.01179	0.00820	0.00955	0.00937	0.01015	0.00790	0.00590	0.01303	0.01576	0.02128	0.19864	0.05874	0.09957	0.46103	0.03066	0.00612	0.00660	0.01336	0.00638	0.00596
26	0.00985	0.00828	0.00856	0.00879	0.01132	0.00698	0.00648	0.01188	0.01858	0.02230	0.07964	0.15326	0.58245	0.02163	0.00991	0.00287	0.00428	0.01825	0.00771	0.00698
27	0.76672	0.01607	0.01221	0.01092	0.01607	0.01864	0.00900	0.02442	0.01414	0.03727	0.01157	0.01350	0.00900	0.00771	0.00514	0.00257	0.00643	0.00450	0.00514	0.00900
28	0.01012	0.00723	0.00964	0.01157	0.01205	0.00675	0.00771	0.01157	0.01591	0.02121	0.04579	0.70262	0.05495	0.02603	0.01060	0.00337	0.00482	0.02362	0.00771	0.00675
29	0.12868	0.01496	0.01829	0.01461	0.02061	0.01435	0.01194	0.03898	0.11845	0.48405	0.03020	0.02679	0.01982	0.01010	0.00796	0.00261	0.00691	0.00802	0.00934	0.01332
30	0.02274	0.06731	0.02173	0.09696	0.02576	0.35241	0.01500	0.02556	0.01916	0.02006	0.01592	0.02122	0.01388	0.02517	0.21520	0.00568	0.01642	0.00664	0.00422	0.00896
31	0.02333	0.22590	0.02678	0.01685	0.02148	0.23083	0.01395	0.09587	0.02066	0.02359	0.01585	0.01987	0.01382	0.02288	0.18800	0.00512	0.01449	0.00630	0.00459	0.00986

[dist]
# distance from previous block
# <min> <max>
3	11

[block]
# block no. 6 follows, 22 sequences, length 45
# corresponding to MSA columns:
# 765-809
name=unknown_G
#
# <colnr> <probs for GDERKNQSTAVLIFYWHMCP>
#	G	D	E	R	K	N	Q	S	T	A	V	L	I	F	Y	W	H	M	C	P
0	0.02375	0.14358	0.02927	0.02809	0.23117	0.08888	0.01784	0.17715	0.05161	0.03181	0.05017	0.05327	0.01852	0.00965	0.00786	0.00238	0.00935	0.00793	0.00570	0.01203
1	0.02388	0.02653	0.05880	0.03985	0.41966	0.20360	0.02259	0.05824	0.02117	0.02647	0.01503	0.01883	0.01240	0.00788	0.00801	0.00238	0.01137	0.00677	0.00434	0.01218
2	0.01842	0.02225	0.14637	0.03439	0.33666	0.01779	0.04897	0.05318	0.05079	0.02772	0.02882	0.03111	0.12679	0.01021	0.00853	0.00259	0.00930	0.00918	0.00506	0.01186
3	0.01729	0.01225	0.01620	0.08415	0.02065	0.01375	0.01194	0.12962	0.01896	0.05605	0.02223	0.03146	0.01965	0.11764	0.34507	0.00857	0.01541	0.00877	0.04143	0.00890
4	0.02520	0.01960	0.02148	0.01640	0.02311	0.01987	0.01334	0.34568	0.09396	0.04129	0.01950	0.02011	0.01463	0.00871	0.00754	0.00207	0.00778	0.00675	0.00709	0.28591
5	0.02908	0.02203	0.02353	0.01861	0.02481	0.02460	0.01519	0.49485	0.17680	0.04833	0.02312	0.02247	0.01670	0.01027	0.00834	0.00257	0.00855	0.00792	0.00834	0.01390
6	0.01037	0.00859	0.00918	0.00948	0.01214	0.00741	0.00740	0.01274	0.01896	0.02281	0.07797	0.08207	0.55967	0.02133	0.01007	0.00296	0.00474	0.10728	0.00770	0.00711
7	0.01041	0.00744	0.00995	0.01174	0.01239	0.00698	0.00807	0.01214	0.01652	0.02209	0.07864	0.63008	0.05578	0.02534	0.01061	0.00336	0.00495	0.05886	0.00779	0.00686
8	0.02253	0.14318	0.02568	0.01886	0.02193	0.26589	0.01533	0.02482	0.01757	0.01992	0.01375	0.01872	0.01254	0.01952	0.13109	0.00448	0.20455	0.00636	0.00401	0.00926
9	0.02588	0.01960	0.02125	0.01771	0.02319	0.02188	0.01433	0.30833	0.29862	0.06961	0.02813	0.03001	0.02152	0.01141	0.00858	0.00273	0.00784	0.04770	0.00841	0.01327
10	0.01152	0.00788	0.00951	0.01005	0.01028	0.00784	0.00614	0.01212	0.01323	0.01774	0.03139	0.23398	0.03649	0.47469	0.07545	0.00710	0.00809	0.01509	0.00574	0.00567
11	0.01052	0.00844	0.00940	0.00916	0.01165	0.00731	0.00687	0.01329	0.02060	0.02640	0.29097	0.07343	0.44357	0.01956	0.00981	0.00274	0.00410	0.01662	0.00824	0.00731
12	0.01938	0.01748	0.02939	0.02272	0.02768	0.01810	0.24528	0.15428	0.02140	0.02919	0.02106	0.07196	0.01895	0.09231	0.13185	0.00523	0.04802	0.01016	0.00544	0.01013
13	0.02262	0.02386	0.03104	0.07644	0.48724	0.16397	0.02329	0.02697	0.01982	0.02534	0.01497	0.01941	0.01251	0.00770	0.00807	0.00241	0.01106	0.00695	0.00413	0.01218
14	0.03158	0.02327	0.02493	0.01911	0.02576	0.02576	0.01579	0.62852	0.03906	0.05236	0.01995	0.01995	0.01413	0.00997	0.00831	0.00249	0.00914	0.00748	0.00831	0.01413
15	0.11118	0.01260	0.04416	0.01146	0.01513	0.01124	0.00937	0.04908	0.06077	0.05383	0.10618	0.14031	0.30957	0.01732	0.00899	0.00280	0.00548	0.01444	0.00748	0.00863
16	0.03158	0.02327	0.02493	0.01911	0.02576	0.02576	0.01579	0.62852	0.03906	0.05236	0.01995	0.01995	0.01413	0.00997	0.00831	0.00249	0.00914	0.00748	0.00831	0.01413
17	0.02056	0.01974	0.03372	0.05099	0.65622	0.01974	0.02550	0.02550	0.01892	0.02714	0.01563	0.02056	0.01316	0.00740	0.00822	0.00247	0.00987	0.00740	0.00411	0.01316
18	0.02026	0.01943	0.03317	0.09044	0.61913	0.01966	0.02535	0.02523	0.01877	0.02677	0.01557	0.02066	0.01303	0.00746	0.00823	0.00249	0.00994	0.00740	0.00409	0.01292
19	0.02974	0.03868	0.05618	0.02312	0.06049	0.60629	0.01730	0.03241	0.02299	0.02100	0.01310	0.01541	0.01083	0.00846	0.00755	0.00218	0.01457	0.00550	0.00423	0.00996
20	0.01021	0.00843	0.00896	0.00883	0.01146	0.00718	0.00662	0.01268	0.01986	0.02463	0.19835	0.07635	0.53729	0.02022	0.00981	0.00277	0.00415	0.01703	0.00800	0.00718
21	0.01208	0.00805	0.00906	0.00906	0.00906	0.00805	0.00503	0.01208	0.01208	0.01611	0.02618	0.05436	0.03020	0.70804	0.04228	0.00805	0.00805	0.01208	0.00503	0.00503
22	0.43259	0.01704	0.01640	0.01358	0.01924	0.01864	0.01115	0.13628	0.05947	0.17468	0.01901	0.01891	0.01342	0.00889	0.00660	0.00257	0.00706	0.00616	0.00702	0.01127
23	0.01020	0.00729	0.00971	0.01151	0.01207	0.00680	0.00772	0.01177	0.01629	0.02181	0.07615	0.67053	0.05612	0.02557	0.01056	0.00334	0.00477	0.02319	0.00778	0.00680
24	0.01549	0.00774	0.00774	0.00774	0.00968	0.00774	0.00581	0.01936	0.01742	0.03097	0.02710	0.03097	0.02129	0.00968	0.00581	0.00194	0.00387	0.00774	0.75416	0.00774
25	0.01165	0.00787	0.00919	0.00961	0.00972	0.00777	0.00562	0.01197	0.01292	0.01723	0.03050	0.19719	0.03565	0.55778	0.03530	0.00702	0.00734	0.01462	0.00562	0.00541
26	0.01248	0.01045	0.01396	0.01677	0.12612	0.00959	0.01031	0.01580	0.02073	0.02754	0.29444	0.06240	0.31426	0.01703	0.00953	0.00267	0.00510	0.01475	0.00764	0.00843
27	0.01810	0.12887	0.43813	0.02503	0.03570	0.02153	0.16646	0.02618	0.01793	0.02546	0.01489	0.01810	0.01102	0.00758	0.00799	0.00255	0.01222	0.00676	0.00367	0.01181
28	0.54135	0.02014	0.07107	0.01923	0.12528	0.05256	0.01394	0.02521	0.01570	0.03379	0.01259	0.01509	0.00991	0.00772	0.00601	0.00254	0.00793	0.00517	0.00479	0.01000
29	0.69209	0.01680	0.01350	0.01176	0.01705	0.01936	0.00969	0.08575	0.01667	0.03880	0.01242	0.01415	0.00952	0.00794	0.00546	0.00256	0.00670	0.00480	0.00546	0.00952
30	0.76672	0.01607	0.01221	0.01092	0.01607	0.01864	0.00900	0.02442	0.01414	0.03727	0.01157	0.01350	0.00900	0.00771	0.00514	0.00257	0.00643	0.00450	0.00514	0.00900
31	0.01173	0.00799	0.00908	0.00927	0.00951	0.00785	0.00539	0.01202	0.01292	0.01705	0.03202	0.12187	0.07405	0.59320	0.03691	0.00723	0.00747	0.01361	0.00548	0.00534
32	0.02099	0.01069	0.01312	0.01124	0.01536	0.00920	0.00888	0.02380	0.02153	0.27753	0.14809	0.05681	0.31694	0.01617	0.00924	0.00268	0.00530	0.01352	0.00894	0.00996
33	0.02851	0.02174	0.02320	0.01849	0.02459	0.02433	0.01505	0.46406	0.20852	0.04740	0.02385	0.02305	0.01729	0.01034	0.00835	0.00258	0.00842	0.00802	0.00835	0.01385
34	0.01208	0.00805	0.00906	0.00906	0.00906	0.00805	0.00503	0.01208	0.01208	0.01611	0.02618	0.05436	0.03020	0.70804	0.04228	0.00805	0.00805	0.01208	0.00503	0.00503
35	0.76672	0.01607	0.01221	0.01092	0.01607	0.01864	0.00900	0.02442	0.01414	0.03727	0.01157	0.01350	0.00900	0.00771	0.00514	0.00257	0.00643	0.00450	0.00514	0.00900
36	0.76672	0.01607	0.01221	0.01092	0.01607	0.01864	0.00900	0.02442	0.01414	0.03727	0.01157	0.01350	0.00900	0.00771	0.00514	0.00257	0.00643	0.00450	0.00514	0.00900
