[name]
unknown

[dist]
# distance from previous block
# <min> <max>
0	16

[block]
# block no. 0 follows, 22 sequences, length 8
# corresponding to MSA columns:
# 16-23
name=unknown_A
#
# <colnr> <probs for GDERKNQSTAVLIFYWHMCP>
#	G	D	E	R	K	N	Q	S	T	A	V	L	I	F	Y	W	H	M	C	P
0	0.01980	0.01641	0.08459	0.01571	0.02006	0.01422	0.01406	0.16442	0.02350	0.08686	0.07378	0.05382	0.06352	0.07023	0.01311	0.03348	0.00803	0.20718	0.00734	0.00986
1	0.01932	0.08073	0.08628	0.01510	0.01970	0.15501	0.01322	0.06184	0.02148	0.05155	0.11908	0.04541	0.17780	0.04012	0.00992	0.00278	0.00858	0.05638	0.00641	0.00929
2	0.02021	0.01815	0.08566	0.01606	0.02075	0.01629	0.01365	0.27273	0.02587	0.03515	0.02998	0.30624	0.03079	0.01629	0.00911	0.00281	0.00749	0.01398	0.00737	0.05144
3	0.01649	0.01760	0.08303	0.01511	0.01759	0.11815	0.01238	0.01885	0.03726	0.02053	0.02379	0.18182	0.02464	0.05820	0.08414	0.15799	0.05934	0.01112	0.03439	0.00757
4	0.22396	0.01525	0.08082	0.01241	0.01624	0.01380	0.01068	0.07165	0.01691	0.02949	0.02161	0.07840	0.02014	0.13704	0.08511	0.00464	0.00871	0.00872	0.13590	0.00854
5	0.01790	0.22408	0.38870	0.02179	0.07632	0.02203	0.02363	0.02461	0.01758	0.02416	0.02000	0.02197	0.06610	0.00877	0.00737	0.00240	0.01046	0.00674	0.00393	0.01144
6	0.01332	0.01519	0.13140	0.01348	0.01761	0.01076	0.01266	0.01743	0.01775	0.05291	0.13815	0.04749	0.20391	0.03131	0.23206	0.00626	0.01181	0.01174	0.00619	0.00857
7	0.02037	0.17022	0.29993	0.11408	0.03469	0.08888	0.06304	0.06949	0.01958	0.02554	0.01449	0.01757	0.01104	0.00795	0.00755	0.00243	0.01159	0.00623	0.00401	0.01133

[dist]
# distance from previous block
# <min> <max>
0	1

[block]
# block no. 1 follows, 22 sequences, length 74
# corresponding to MSA columns:
# 25-98
name=unknown_B
#
# <colnr> <probs for GDERKNQSTAVLIFYWHMCP>
#	G	D	E	R	K	N	Q	S	T	A	V	L	I	F	Y	W	H	M	C	P
0	0.01919	0.22237	0.33217	0.02802	0.19005	0.02316	0.02481	0.02571	0.01771	0.02465	0.01416	0.01714	0.01123	0.00755	0.00727	0.00235	0.01072	0.00599	0.00367	0.01206
1	0.01291	0.01090	0.01754	0.05788	0.02008	0.01220	0.07080	0.01591	0.01481	0.02071	0.02680	0.21505	0.02798	0.03946	0.32995	0.00808	0.07304	0.01282	0.00521	0.00785
2	0.01073	0.00752	0.00958	0.01085	0.01130	0.00715	0.00703	0.01195	0.01538	0.02062	0.07744	0.49590	0.04996	0.20211	0.01876	0.00454	0.00560	0.02011	0.00710	0.00637
3	0.01367	0.01183	0.02001	0.20206	0.02933	0.01365	0.07359	0.01774	0.01486	0.02053	0.01965	0.02874	0.01730	0.04201	0.42619	0.00940	0.01836	0.00857	0.00422	0.00829
4	0.02113	0.07052	0.28675	0.07019	0.15676	0.08754	0.08296	0.02764	0.01904	0.07669	0.01627	0.01926	0.01212	0.00795	0.00802	0.00252	0.01156	0.00682	0.00434	0.01194
5	0.02056	0.01974	0.03372	0.05099	0.65622	0.01974	0.02550	0.02550	0.01892	0.02714	0.01563	0.02056	0.01316	0.00740	0.00822	0.00247	0.00987	0.00740	0.00411	0.01316
6	0.01039	0.00787	0.01005	0.01109	0.01238	0.00753	0.00787	0.01230	0.01620	0.02115	0.05121	0.40794	0.20481	0.03185	0.14094	0.00518	0.00808	0.01913	0.00707	0.00695
7	0.07769	0.10986	0.06721	0.21538	0.03468	0.14898	0.07690	0.02440	0.01765	0.02266	0.01454	0.01960	0.01190	0.01387	0.07751	0.00363	0.04313	0.00670	0.00402	0.00966
8	0.01851	0.03098	0.32112	0.03372	0.18495	0.01994	0.21759	0.02621	0.01852	0.02660	0.01568	0.01979	0.01180	0.00750	0.00858	0.00265	0.01225	0.00760	0.00387	0.01215
9	0.01012	0.00723	0.00964	0.01157	0.01205	0.00675	0.00771	0.01157	0.01591	0.02121	0.04579	0.70262	0.05495	0.02603	0.01060	0.00337	0.00482	0.02362	0.00771	0.00675
10	0.02009	0.01926	0.03287	0.11276	0.59814	0.01961	0.02526	0.02508	0.01869	0.02657	0.01554	0.02071	0.01296	0.00749	0.00823	0.00250	0.00999	0.00740	0.00407	0.01278
11	0.10334	0.16008	0.02854	0.10181	0.02860	0.22188	0.10796	0.02657	0.01907	0.02427	0.01489	0.01831	0.01203	0.00804	0.00708	0.00227	0.01098	0.00628	0.08824	0.00974
12	0.01020	0.00729	0.00971	0.01152	0.01207	0.00680	0.00772	0.01175	0.01625	0.02175	0.07318	0.67367	0.05600	0.02562	0.01057	0.00334	0.00478	0.02323	0.00778	0.00680
13	0.01958	0.01974	0.03665	0.14067	0.39827	0.01990	0.19123	0.02517	0.01877	0.02612	0.01583	0.02131	0.01270	0.00743	0.00867	0.00260	0.01119	0.00806	0.00407	0.01204
14	0.02113	0.03416	0.32018	0.05473	0.15783	0.14847	0.02477	0.05543	0.05642	0.02676	0.01597	0.01872	0.01214	0.00823	0.00795	0.00251	0.01180	0.00654	0.00429	0.01195
15	0.01032	0.00844	0.00911	0.00894	0.01153	0.00722	0.00670	0.01289	0.02011	0.02523	0.22987	0.07536	0.50539	0.02000	0.00981	0.00276	0.00413	0.01689	0.00808	0.00722
16	0.02027	0.01944	0.03319	0.08961	0.61992	0.01966	0.02535	0.02524	0.01878	0.02678	0.01557	0.02066	0.01303	0.00746	0.00823	0.00249	0.00994	0.00740	0.00409	0.01292
17	0.02170	0.01761	0.01882	0.01677	0.02158	0.02013	0.01309	0.04392	0.60260	0.07398	0.03375	0.03082	0.02506	0.01121	0.00845	0.00280	0.00661	0.00933	0.00857	0.01321
18	0.05546	0.02577	0.02607	0.06742	0.21816	0.21659	0.01870	0.15138	0.08490	0.03102	0.01723	0.01960	0.01353	0.00871	0.00793	0.00243	0.01086	0.00688	0.00545	0.01191
19	0.02189	0.67383	0.07990	0.01477	0.02218	0.03208	0.01518	0.02496	0.01692	0.01994	0.01175	0.01357	0.01065	0.00715	0.00548	0.00183	0.00908	0.00454	0.00355	0.01076
20	0.01012	0.00723	0.00964	0.01157	0.01205	0.00675	0.00771	0.01157	0.01591	0.02121	0.04579	0.70262	0.05495	0.02603	0.01060	0.00337	0.00482	0.02362	0.00771	0.00675
21	0.01218	0.00870	0.01057	0.00997	0.01239	0.00775	0.00752	0.01548	0.02204	0.05555	0.44277	0.06646	0.26193	0.01802	0.00975	0.00267	0.00414	0.01556	0.00873	0.00783
22	0.15702	0.01992	0.01933	0.01663	0.02180	0.05947	0.01331	0.19872	0.30066	0.03873	0.02528	0.02671	0.01951	0.01064	0.00790	0.00269	0.00779	0.03412	0.00754	0.01223
23	0.02641	0.15928	0.02762	0.15090	0.03107	0.38883	0.01707	0.06353	0.02183	0.02220	0.01339	0.01637	0.01096	0.00832	0.00730	0.00222	0.01274	0.00570	0.00426	0.01000
24	0.01187	0.00890	0.01335	0.01335	0.01483	0.01038	0.01038	0.01483	0.01335	0.01928	0.02225	0.03264	0.02077	0.06231	0.67512	0.01335	0.02225	0.00890	0.00445	0.00742
25	0.01029	0.00736	0.00979	0.01145	0.01209	0.00686	0.00772	0.01199	0.01669	0.02246	0.10852	0.63632	0.05737	0.02509	0.01052	0.00330	0.00473	0.02273	0.00786	0.00686
26	0.01022	0.00829	0.00914	0.00970	0.01196	0.00721	0.00727	0.01237	0.01836	0.02243	0.07272	0.20361	0.47673	0.02220	0.01013	0.00302	0.00466	0.07523	0.00771	0.00702
27	0.01363	0.01073	0.01380	0.01268	0.01370	0.01206	0.00911	0.01498	0.01296	0.01856	0.02142	0.03934	0.02286	0.36910	0.17961	0.00781	0.13698	0.00981	0.00463	0.07622
28	0.01196	0.00800	0.00910	0.00922	0.00925	0.00797	0.00520	0.01205	0.01232	0.01643	0.02740	0.09491	0.03175	0.66539	0.04030	0.00776	0.00785	0.01280	0.00520	0.00514
29	0.01513	0.01147	0.01301	0.01153	0.01472	0.01121	0.00894	0.13904	0.02513	0.03352	0.33192	0.05953	0.25902	0.01693	0.00950	0.00265	0.00508	0.01434	0.00849	0.00884
30	0.01051	0.00739	0.00953	0.01107	0.01146	0.00700	0.00719	0.01167	0.01515	0.02021	0.04193	0.57527	0.05008	0.16001	0.01683	0.00429	0.00546	0.02135	0.00719	0.00641
31	0.01175	0.00797	0.00995	0.01045	0.01111	0.00804	0.00690	0.01319	0.01445	0.02026	0.06708	0.23056	0.03759	0.31292	0.13449	0.00682	0.00895	0.01459	0.06663	0.00629
32	0.01176	0.00849	0.01110	0.01045	0.01241	0.00784	0.00784	0.01568	0.02352	0.03331	0.65184	0.06206	0.07839	0.01698	0.00980	0.00261	0.00392	0.01502	0.00914	0.00784
33	0.02579	0.16580	0.03075	0.02526	0.11895	0.34777	0.05545	0.02872	0.02025	0.02155	0.01306	0.01626	0.01120	0.00859	0.00924	0.00230	0.07869	0.00594	0.00405	0.01040
34	0.02056	0.01974	0.03372	0.05099	0.65622	0.01974	0.02550	0.02550	0.01892	0.02714	0.01563	0.02056	0.01316	0.00740	0.00822	0.00247	0.00987	0.00740	0.00411	0.01316
35	0.00982	0.00842	0.00842	0.00842	0.01122	0.00701	0.00631	0.01192	0.01894	0.02244	0.08416	0.07995	0.65285	0.02104	0.00982	0.00281	0.00421	0.01753	0.00771	0.00701
36	0.01046	0.00837	0.00939	0.00958	0.01191	0.00731	0.00720	0.01297	0.01956	0.02467	0.19311	0.14328	0.43607	0.02086	0.01000	0.00289	0.00442	0.05277	0.00800	0.00719
37	0.02274	0.03274	0.42521	0.02387	0.09202	0.01738	0.02508	0.03015	0.01940	0.20219	0.01992	0.02080	0.01356	0.00851	0.00805	0.00260	0.01060	0.00687	0.00544	0.01288
38	0.02056	0.01974	0.03372	0.05099	0.65622	0.01974	0.02550	0.02550	0.01892	0.02714	0.01563	0.02056	0.01316	0.00740	0.00822	0.00247	0.00987	0.00740	0.00411	0.01316
39	0.03118	0.03508	0.02393	0.02077	0.02570	0.49522	0.01598	0.19783	0.02783	0.02919	0.01481	0.01635	0.01165	0.00895	0.00772	0.00224	0.01337	0.00594	0.00539	0.01087
40	0.01811	0.21779	0.50286	0.02121	0.03214	0.02284	0.02639	0.02593	0.01737	0.02454	0.01403	0.01644	0.01056	0.00769	0.00722	0.00241	0.01139	0.00570	0.00352	0.01186
41	0.01828	0.11737	0.49349	0.02478	0.07061	0.04724	0.06399	0.02639	0.01791	0.02536	0.01460	0.01742	0.01083	0.00775	0.00772	0.00251	0.01196	0.00621	0.00362	0.01197
42	0.09658	0.10921	0.17703	0.01706	0.02398	0.08608	0.01681	0.06604	0.02057	0.17486	0.05762	0.02293	0.01791	0.01349	0.06159	0.00331	0.01047	0.00705	0.00604	0.01137
43	0.02264	0.02297	0.03178	0.04508	0.53236	0.12162	0.02363	0.05157	0.02047	0.02712	0.01537	0.01967	0.01282	0.00769	0.00811	0.00242	0.01063	0.00709	0.00431	0.01265
44	0.01744	0.01461	0.02077	0.20701	0.15341	0.01576	0.01653	0.02543	0.14499	0.06424	0.03642	0.06722	0.15686	0.01242	0.00876	0.00274	0.00790	0.01080	0.00620	0.01050
45	0.22098	0.01673	0.13898	0.01354	0.01771	0.01256	0.01247	0.01849	0.01583	0.02724	0.02912	0.33674	0.03147	0.01641	0.00827	0.00292	0.00667	0.01393	0.05142	0.00852
46	0.02307	0.01648	0.05703	0.06966	0.02389	0.01594	0.01412	0.03522	0.28188	0.20484	0.03272	0.10983	0.02645	0.01280	0.00877	0.00284	0.00726	0.03699	0.00816	0.01206
47	0.01806	0.03475	0.41385	0.02551	0.03470	0.04690	0.14502	0.02561	0.01740	0.02510	0.01454	0.01850	0.01100	0.00883	0.01141	0.00281	0.12385	0.00701	0.00370	0.01144
48	0.01208	0.01005	0.01399	0.01834	0.13834	0.00938	0.01078	0.01441	0.01743	0.02275	0.05164	0.37755	0.23022	0.02084	0.00990	0.00302	0.00562	0.01856	0.00701	0.00809
49	0.02100	0.02734	0.19363	0.03639	0.28694	0.04972	0.14335	0.08868	0.02100	0.02913	0.01600	0.01985	0.01238	0.00776	0.00843	0.00256	0.01144	0.00747	0.00442	0.01250
50	0.02240	0.02770	0.10062	0.06835	0.25579	0.18955	0.16278	0.02762	0.02002	0.02487	0.01506	0.01931	0.01201	0.00771	0.00837	0.00249	0.01247	0.00729	0.00409	0.01150
51	0.01666	0.04297	0.66500	0.02368	0.03596	0.01929	0.03069	0.02631	0.01754	0.02631	0.01491	0.01754	0.01052	0.00789	0.00789	0.00263	0.01228	0.00614	0.00351	0.01228
52	0.01875	0.09200	0.19643	0.16570	0.31616	0.02064	0.02527	0.02481	0.01791	0.02502	0.01488	0.01939	0.01182	0.00768	0.00787	0.00250	0.01063	0.00678	0.00382	0.01192
53	0.01914	0.02436	0.16949	0.11266	0.42147	0.01958	0.06253	0.02528	0.01841	0.02629	0.01545	0.02019	0.01233	0.00758	0.00826	0.00255	0.01077	0.00727	0.00394	0.01243
54	0.01864	0.01745	0.02778	0.29871	0.31445	0.01938	0.02252	0.02684	0.11961	0.02603	0.01825	0.02290	0.01432	0.00839	0.00829	0.00264	0.00981	0.00772	0.00465	0.01159
55	0.02120	0.02094	0.03310	0.04920	0.61800	0.05944	0.02492	0.02596	0.01920	0.02673	0.01546	0.02022	0.01301	0.00747	0.00818	0.00245	0.01018	0.00728	0.00412	0.01295
56	0.01835	0.03288	0.39094	0.03554	0.30524	0.01949	0.02844	0.02596	0.01814	0.02667	0.01522	0.01885	0.01167	0.00768	0.00804	0.00256	0.01123	0.00669	0.00377	0.01266
57	0.01159	0.00908	0.01261	0.05362	0.07581	0.00882	0.00986	0.01355	0.01624	0.02143	0.04396	0.45856	0.11986	0.08874	0.01322	0.00364	0.00590	0.01926	0.00688	0.00737
58	0.00982	0.00842	0.00842	0.00842	0.01122	0.00701	0.00631	0.01192	0.01894	0.02244	0.08416	0.07995	0.65285	0.02104	0.00982	0.00281	0.00421	0.01753	0.00771	0.00701
59	0.02219	0.02526	0.20370	0.03693	0.35646	0.01844	0.05153	0.02822	0.01937	0.13063	0.01829	0.02108	0.01363	0.00799	0.00823	0.00254	0.01025	0.00732	0.00496	0.01299
60	0.01888	0.03582	0.41479	0.02906	0.11246	0.07280	0.14583	0.02682	0.01860	0.02599	0.01520	0.01866	0.01127	0.00771	0.00828	0.00260	0.01254	0.00695	0.00378	0.01196
61	0.03107	0.03861	0.02363	0.02126	0.02569	0.63560	0.01604	0.06903	0.02448	0.02226	0.01327	0.01528	0.01091	0.00865	0.00754	0.00216	0.01463	0.00548	0.00452	0.00990
62	0.01020	0.00843	0.00894	0.00882	0.01145	0.00718	0.00661	0.01266	0.01984	0.02458	0.19568	0.07643	0.54000	0.02024	0.00981	0.00277	0.00415	0.01704	0.00800	0.00718
63	0.06329	0.13098	0.18236	0.01772	0.02242	0.01996	0.01743	0.02070	0.01592	0.02359	0.05640	0.15399	0.02325	0.01369	0.01332	0.00292	0.19764	0.01004	0.00481	0.00959
64	0.02451	0.02908	0.06768	0.03752	0.36676	0.28157	0.02203	0.02861	0.02068	0.02437	0.01447	0.01815	0.01202	0.00789	0.00791	0.00235	0.01206	0.00651	0.00414	0.01170
65	0.00982	0.00842	0.00842	0.00842	0.01122	0.00701	0.00631	0.01192	0.01894	0.02244	0.08416	0.07995	0.65285	0.02104	0.00982	0.00281	0.00421	0.01753	0.00771	0.00701
66	0.02056	0.01974	0.03372	0.05099	0.65622	0.01974	0.02550	0.02550	0.01892	0.02714	0.01563	0.02056	0.01316	0.00740	0.00822	0.00247	0.00987	0.00740	0.00411	0.01316
67	0.02295	0.07222	0.17248	0.02857	0.12672	0.22950	0.14616	0.02915	0.04811	0.02458	0.01540	0.01854	0.01208	0.00795	0.00808	0.00244	0.01268	0.00688	0.00421	0.01129
68	0.02057	0.01966	0.03307	0.04950	0.62851	0.01978	0.02496	0.02631	0.04609	0.02747	0.01642	0.02102	0.01369	0.00757	0.00823	0.00248	0.00973	0.00749	0.00430	0.01316
69	0.01010	0.00730	0.00957	0.01139	0.01200	0.00676	0.00763	0.01159	0.01608	0.02128	0.04800	0.66680	0.08935	0.02574	0.01056	0.00334	0.00478	0.02327	0.00771	0.00676
70	0.02184	0.02079	0.03023	0.04196	0.48119	0.05793	0.02241	0.06522	0.11921	0.02948	0.01861	0.02186	0.01501	0.00824	0.00822	0.00251	0.00960	0.00760	0.00506	0.01301
71	0.06377	0.03589	0.48457	0.02397	0.03456	0.01886	0.12595	0.02562	0.01802	0.02745	0.05228	0.02069	0.01474	0.00827	0.00815	0.00265	0.01171	0.00716	0.00405	0.01164
72	0.06805	0.02196	0.02793	0.13305	0.23098	0.08530	0.04721	0.22273	0.02535	0.03438	0.01645	0.01973	0.01265	0.00849	0.00808	0.00251	0.01030	0.00716	0.00550	0.01219
73	0.02003	0.02218	0.08610	0.04502	0.46030	0.02001	0.17102	0.02583	0.01898	0.02695	0.01586	0.02077	0.01282	0.00734	0.00858	0.00256	0.01105	0.00788	0.00409	0.01262

[dist]
# distance from previous block
# <min> <max>
3	12

[block]
# block no. 2 follows, 22 sequences, length 10
# corresponding to MSA columns:
# 112-121
name=unknown_C
#
# <colnr> <probs for GDERKNQSTAVLIFYWHMCP>
#	G	D	E	R	K	N	Q	S	T	A	V	L	I	F	Y	W	H	M	C	P
0	0.01423	0.01181	0.01439	0.09377	0.02096	0.01251	0.01197	0.02261	0.17759	0.02599	0.05037	0.10105	0.22447	0.01781	0.00976	0.00310	0.00656	0.16464	0.00741	0.00899
1	0.02212	0.02175	0.02150	0.01830	0.02204	0.17370	0.05292	0.16823	0.02360	0.02891	0.03136	0.10420	0.13599	0.01399	0.01181	0.00277	0.12000	0.01072	0.00616	0.00993
2	0.01283	0.00892	0.01146	0.01107	0.01256	0.00930	0.00791	0.01495	0.01374	0.02031	0.02364	0.03870	0.02342	0.27376	0.31788	0.00910	0.01372	0.00953	0.10123	0.06599
3	0.02376	0.07659	0.06599	0.02698	0.06442	0.24707	0.23948	0.03078	0.09492	0.02494	0.01695	0.01991	0.01326	0.00812	0.00836	0.00248	0.01280	0.00754	0.00465	0.01101
4	0.01962	0.02481	0.19021	0.05390	0.14407	0.01893	0.06872	0.09612	0.01997	0.02898	0.01538	0.01894	0.01207	0.00821	0.00956	0.00237	0.07297	0.00669	0.00459	0.18390
5	0.02054	0.34588	0.02980	0.01525	0.02014	0.11181	0.01329	0.02538	0.09106	0.02197	0.02616	0.05486	0.10656	0.01128	0.00888	0.00233	0.07172	0.00810	0.00501	0.00998
6	0.23984	0.01762	0.10855	0.01533	0.05607	0.01520	0.01287	0.06206	0.05504	0.03239	0.02216	0.10147	0.01932	0.01073	0.00694	0.00252	0.00683	0.00847	0.19687	0.00972
7	0.01558	0.01594	0.10570	0.01880	0.05449	0.01360	0.08684	0.01833	0.01474	0.02174	0.01778	0.02531	0.01553	0.02613	0.16483	0.19985	0.07509	0.00783	0.09385	0.00804
8	0.15134	0.12429	0.10906	0.06955	0.02560	0.04707	0.01601	0.13490	0.09406	0.05587	0.01823	0.02030	0.01405	0.01369	0.06881	0.00347	0.01026	0.00663	0.00563	0.01118
9	0.02205	0.02366	0.02767	0.08364	0.03042	0.19428	0.15972	0.05985	0.07781	0.02680	0.06687	0.02330	0.01827	0.00916	0.00928	0.00243	0.04630	0.00789	0.00524	0.10537

[dist]
# distance from previous block
# <min> <max>
8	55

[block]
# block no. 3 follows, 22 sequences, length 38
# corresponding to MSA columns:
# 183-220
name=unknown_D
#
# <colnr> <probs for GDERKNQSTAVLIFYWHMCP>
#	G	D	E	R	K	N	Q	S	T	A	V	L	I	F	Y	W	H	M	C	P
0	0.09714	0.23447	0.06491	0.01621	0.02206	0.16568	0.01430	0.09348	0.08513	0.02735	0.02302	0.02363	0.08110	0.00976	0.00706	0.00228	0.00946	0.00699	0.00534	0.01061
1	0.09732	0.19637	0.02430	0.01489	0.02031	0.02135	0.01261	0.07132	0.21109	0.12919	0.05284	0.02510	0.02062	0.01327	0.05180	0.00316	0.00832	0.00757	0.00690	0.01168
2	0.22180	0.01746	0.01842	0.06475	0.12225	0.08627	0.01377	0.06835	0.05913	0.02962	0.02341	0.19359	0.02320	0.01289	0.00795	0.00274	0.00800	0.01069	0.00590	0.00982
3	0.02457	0.03187	0.13309	0.06616	0.06300	0.27458	0.16963	0.08840	0.02252	0.02638	0.01510	0.01840	0.01162	0.00814	0.00829	0.00247	0.01326	0.00700	0.00449	0.01103
4	0.05415	0.06479	0.05873	0.03161	0.31443	0.06177	0.01886	0.06079	0.02118	0.06030	0.14454	0.02797	0.02611	0.00973	0.00816	0.00245	0.00873	0.00847	0.00567	0.01156
5	0.14349	0.27888	0.02773	0.04646	0.02176	0.12816	0.01376	0.02395	0.01699	0.02332	0.04285	0.01887	0.01468	0.01463	0.07991	0.00348	0.08128	0.00599	0.00430	0.00952
6	0.02115	0.21366	0.12550	0.03509	0.35263	0.06692	0.02253	0.02595	0.01847	0.02449	0.01423	0.01778	0.01194	0.00747	0.00734	0.00228	0.01028	0.00628	0.00388	0.01212
7	0.06170	0.01937	0.02957	0.04018	0.45963	0.01972	0.02169	0.10298	0.04337	0.09400	0.01829	0.02125	0.01423	0.00816	0.00810	0.00250	0.00921	0.00743	0.00545	0.01316
8	0.01682	0.00933	0.00966	0.00917	0.01151	0.00956	0.00697	0.08240	0.01958	0.03258	0.02755	0.07274	0.02270	0.01075	0.00637	0.00209	0.00448	0.00873	0.62867	0.00835
9	0.02894	0.08183	0.02566	0.02287	0.06612	0.54786	0.01668	0.03128	0.02211	0.02070	0.01281	0.01544	0.01087	0.00877	0.00866	0.00223	0.05756	0.00555	0.00418	0.00989
10	0.01154	0.00796	0.00920	0.00950	0.00991	0.00773	0.00573	0.01214	0.01383	0.01829	0.06238	0.16836	0.08950	0.50157	0.03263	0.00656	0.00699	0.01466	0.00591	0.00562
11	0.05901	0.01818	0.06161	0.01920	0.08695	0.01672	0.01471	0.20142	0.02650	0.23259	0.10595	0.03142	0.06618	0.01119	0.00844	0.00256	0.00767	0.00914	0.00811	0.01243
12	0.02284	0.02430	0.03497	0.09095	0.17334	0.14561	0.23783	0.08537	0.05079	0.02789	0.01670	0.02073	0.01297	0.00798	0.00868	0.00257	0.01221	0.00797	0.00474	0.01153
13	0.00998	0.00813	0.00884	0.00927	0.01148	0.00699	0.00672	0.01201	0.01841	0.02265	0.10108	0.22990	0.48154	0.02206	0.01001	0.00293	0.00434	0.01889	0.00778	0.00699
14	0.01648	0.00914	0.00989	0.05191	0.01370	0.00953	0.00752	0.05677	0.01869	0.03166	0.02587	0.02973	0.02020	0.00961	0.00612	0.00202	0.00465	0.00770	0.66055	0.00823
15	0.02549	0.03733	0.18807	0.02366	0.06070	0.41723	0.04426	0.02992	0.02114	0.02240	0.01411	0.01704	0.01133	0.01078	0.03887	0.00283	0.01433	0.00600	0.00408	0.01044
16	0.09646	0.60956	0.03941	0.01426	0.02102	0.06424	0.01379	0.02525	0.01695	0.02134	0.01162	0.01343	0.01050	0.00724	0.00542	0.00187	0.00895	0.00449	0.00375	0.01044
17	0.01012	0.00723	0.00964	0.01157	0.01205	0.00675	0.00771	0.01157	0.01591	0.02121	0.04579	0.70262	0.05495	0.02603	0.01060	0.00337	0.00482	0.02362	0.00771	0.00675
18	0.02143	0.01998	0.01898	0.01736	0.02179	0.10257	0.01353	0.04075	0.51669	0.03219	0.03192	0.03365	0.02518	0.01180	0.00856	0.00281	0.00772	0.05294	0.00787	0.01229
19	0.01770	0.02025	0.17344	0.01452	0.01913	0.05408	0.01421	0.05793	0.01835	0.02849	0.02131	0.02645	0.01724	0.05617	0.01090	0.00271	0.06790	0.00743	0.36250	0.00930
20	0.24412	0.01324	0.01442	0.01202	0.01714	0.01276	0.00976	0.02845	0.01971	0.31490	0.03973	0.03719	0.17922	0.01229	0.00779	0.00263	0.00615	0.00958	0.00812	0.01080
21	0.01158	0.00784	0.00921	0.00970	0.00983	0.00772	0.00572	0.01195	0.01306	0.01741	0.03120	0.22050	0.03654	0.53325	0.03416	0.00685	0.00723	0.01504	0.00572	0.00547
22	0.01546	0.01420	0.02065	0.08454	0.02259	0.01885	0.01561	0.01809	0.01335	0.01984	0.01574	0.02424	0.01479	0.03265	0.27938	0.00736	0.36235	0.00792	0.00396	0.00845
23	0.01129	0.00844	0.00972	0.01026	0.01180	0.00784	0.00744	0.01301	0.01653	0.02080	0.05441	0.12338	0.28369	0.24253	0.02064	0.00474	0.00619	0.13395	0.00684	0.00648
24	0.01549	0.00774	0.00774	0.00774	0.00968	0.00774	0.00581	0.01936	0.01742	0.03097	0.02710	0.03097	0.02129	0.00968	0.00581	0.00194	0.00387	0.00774	0.75416	0.00774
25	0.00994	0.00842	0.00859	0.00855	0.01130	0.00707	0.00641	0.01217	0.01923	0.02315	0.12105	0.07879	0.61552	0.02078	0.00982	0.00279	0.00419	0.01737	0.00781	0.00707
26	0.02119	0.01560	0.01729	0.01489	0.01887	0.01651	0.01159	0.32647	0.02801	0.03704	0.03751	0.22814	0.12814	0.01715	0.01016	0.03237	0.00702	0.01377	0.00786	0.01043
27	0.01009	0.00735	0.00951	0.01124	0.01196	0.00678	0.00757	0.01160	0.01622	0.02133	0.04974	0.63842	0.11660	0.02551	0.01052	0.00332	0.00476	0.02299	0.00771	0.00678
28	0.01040	0.00751	0.00939	0.01076	0.01147	0.00699	0.00710	0.01169	0.01568	0.02055	0.04756	0.51933	0.12745	0.13445	0.01557	0.00405	0.00526	0.02099	0.00728	0.00651
29	0.01071	0.00811	0.00988	0.01015	0.01195	0.00728	0.00734	0.01339	0.01999	0.02662	0.30990	0.24712	0.24584	0.02075	0.01003	0.00288	0.00426	0.01819	0.00831	0.00728
30	0.02088	0.02506	0.11222	0.18972	0.10970	0.13298	0.13763	0.06481	0.02015	0.02592	0.01578	0.02036	0.01218	0.00831	0.00885	0.00258	0.03273	0.00736	0.04203	0.01076
31	0.21242	0.03379	0.02075	0.01882	0.02331	0.51294	0.01431	0.03101	0.02122	0.02451	0.01253	0.01461	0.01028	0.00835	0.00691	0.00225	0.01287	0.00514	0.00449	0.00947
32	0.01091	0.00788	0.01049	0.01230	0.01327	0.00746	0.00903	0.01298	0.01688	0.02218	0.04764	0.51523	0.08896	0.02497	0.01077	0.00345	0.00548	0.16544	0.00770	0.00699
33	0.01828	0.02130	0.12087	0.27216	0.35591	0.01922	0.02538	0.02410	0.01790	0.02493	0.01522	0.02069	0.01205	0.00779	0.00821	0.00260	0.01064	0.00721	0.00388	0.01164
34	0.05481	0.11757	0.22466	0.01835	0.02563	0.10326	0.01861	0.08736	0.08479	0.05737	0.02462	0.02531	0.08158	0.01014	0.00831	0.00251	0.03083	0.00757	0.00544	0.01129
35	0.16579	0.10716	0.06291	0.01853	0.08246	0.13161	0.01422	0.02356	0.01691	0.02541	0.01614	0.02058	0.01375	0.01966	0.14766	0.00463	0.03594	0.00637	0.07723	0.00949
36	0.12815	0.01953	0.06475	0.13649	0.16507	0.01942	0.09513	0.05180	0.13863	0.07048	0.01976	0.02234	0.01485	0.00860	0.00803	0.00266	0.00940	0.00766	0.00555	0.01171
37	0.14761	0.15278	0.11166	0.05242	0.17785	0.08525	0.10991	0.02605	0.01802	0.02639	0.01397	0.01744	0.01126	0.00755	0.00729	0.00241	0.01056	0.00636	0.00412	0.01110

[dist]
# distance from previous block
# <min> <max>
19	79

[block]
# block no. 4 follows, 22 sequences, length 30
# corresponding to MSA columns:
# 300-329
name=unknown_E
#
# <colnr> <probs for GDERKNQSTAVLIFYWHMCP>
#	G	D	E	R	K	N	Q	S	T	A	V	L	I	F	Y	W	H	M	C	P
0	0.20876	0.23449	0.02692	0.07281	0.06878	0.14475	0.01446	0.02494	0.01701	0.02448	0.01252	0.01589	0.01073	0.00936	0.00872	0.05290	0.03337	0.00536	0.00414	0.00959
1	0.07099	0.01972	0.01985	0.05587	0.11598	0.16876	0.03840	0.07328	0.02048	0.02811	0.02183	0.11152	0.01974	0.01095	0.00765	0.00242	0.00888	0.00905	0.18682	0.00969
2	0.02064	0.01857	0.01915	0.07174	0.05066	0.11269	0.01311	0.08470	0.09039	0.05329	0.08619	0.05505	0.05524	0.01049	0.00790	0.00220	0.00803	0.00859	0.00630	0.22506
3	0.05956	0.02315	0.02165	0.04757	0.02473	0.15164	0.01447	0.28879	0.07935	0.07381	0.02132	0.06911	0.01719	0.01054	0.00804	0.00245	0.00944	0.00812	0.00702	0.06205
4	0.02880	0.13189	0.02429	0.01650	0.02224	0.11572	0.01365	0.16695	0.08618	0.21262	0.02555	0.02481	0.04472	0.01211	0.03451	0.00283	0.00941	0.00763	0.00736	0.01224
5	0.08797	0.18734	0.02658	0.16988	0.02940	0.13140	0.05574	0.02286	0.01769	0.02250	0.01972	0.15440	0.01962	0.01147	0.00772	0.00253	0.00972	0.00948	0.00473	0.00926
6	0.09337	0.01769	0.02202	0.22923	0.12961	0.05634	0.01722	0.14297	0.02204	0.03012	0.02783	0.03045	0.12571	0.01072	0.00820	0.00262	0.00905	0.00880	0.00557	0.01043
7	0.05441	0.02314	0.21154	0.07128	0.02467	0.07213	0.01669	0.05264	0.01893	0.02640	0.09224	0.09412	0.07018	0.08797	0.01201	0.00323	0.00896	0.01023	0.03983	0.00938
8	0.06310	0.02102	0.02042	0.14277	0.07904	0.20472	0.04168	0.02444	0.05215	0.02426	0.03152	0.03343	0.15590	0.01131	0.00813	0.00251	0.00971	0.00914	0.05541	0.00935
9	0.05908	0.01402	0.01352	0.05830	0.01732	0.12696	0.01007	0.01665	0.01588	0.02021	0.02786	0.31205	0.03115	0.05089	0.01595	0.17594	0.00782	0.01393	0.00563	0.00676
10	0.05304	0.01242	0.01453	0.01266	0.01578	0.01262	0.00960	0.10270	0.02039	0.15644	0.06214	0.09884	0.15250	0.17322	0.01774	0.00400	0.05260	0.01219	0.00738	0.00922
11	0.01206	0.00812	0.00941	0.00941	0.00954	0.00825	0.00547	0.01231	0.01219	0.01637	0.02585	0.05258	0.02943	0.65496	0.09430	0.00849	0.00922	0.01182	0.00499	0.00523
12	0.01732	0.07869	0.21089	0.08715	0.02968	0.02205	0.04833	0.02216	0.01518	0.02213	0.01374	0.01946	0.01173	0.01527	0.07396	0.00393	0.28755	0.00699	0.00369	0.01009
13	0.01019	0.00741	0.00947	0.01108	0.01180	0.00684	0.00742	0.01163	0.01606	0.02109	0.04917	0.59877	0.12192	0.05996	0.01212	0.00355	0.00491	0.02234	0.00758	0.00669
14	0.02651	0.02802	0.02406	0.02047	0.02419	0.29384	0.01626	0.16447	0.02348	0.02794	0.01400	0.01720	0.01164	0.01053	0.01351	0.00261	0.21569	0.00639	0.00505	0.05415
15	0.01022	0.00727	0.00961	0.01144	0.01190	0.00681	0.00757	0.01159	0.01571	0.02094	0.04478	0.66925	0.05367	0.06114	0.01223	0.00361	0.00499	0.02302	0.00757	0.00666
16	0.01049	0.00760	0.00996	0.01144	0.01234	0.00706	0.00796	0.01242	0.01723	0.02299	0.12256	0.54690	0.09745	0.02440	0.01050	0.00327	0.00483	0.05576	0.00788	0.00695
17	0.01187	0.00890	0.01335	0.01335	0.01483	0.01038	0.01038	0.01483	0.01335	0.01928	0.02225	0.03264	0.02077	0.06231	0.67512	0.01335	0.02225	0.00890	0.00445	0.00742
18	0.00989	0.00812	0.00872	0.00920	0.01143	0.00695	0.00666	0.01183	0.01818	0.02214	0.07463	0.23463	0.50432	0.02228	0.01001	0.00295	0.00436	0.01904	0.00771	0.00695
19	0.03359	0.02004	0.02293	0.01758	0.02415	0.02097	0.01452	0.42060	0.03366	0.26791	0.02448	0.02289	0.01640	0.01008	0.00833	0.00252	0.00841	0.00779	0.00901	0.01413
20	0.01060	0.00748	0.00966	0.01103	0.01155	0.00707	0.00725	0.01200	0.01585	0.02130	0.09212	0.53489	0.05248	0.14635	0.01616	0.00414	0.00532	0.02086	0.00735	0.00653
21	0.01549	0.00774	0.00774	0.00774	0.00968	0.00774	0.00581	0.01936	0.01742	0.03097	0.02710	0.03097	0.02129	0.00968	0.00581	0.00194	0.00387	0.00774	0.75416	0.00774
22	0.01206	0.00814	0.00948	0.00948	0.00963	0.00828	0.00556	0.01235	0.01221	0.01642	0.02579	0.05223	0.02927	0.64451	0.10454	0.00858	0.00945	0.01177	0.00498	0.00527
23	0.01187	0.00890	0.01335	0.01335	0.01483	0.01038	0.01038	0.01483	0.01335	0.01928	0.02225	0.03264	0.02077	0.06231	0.67512	0.01335	0.02225	0.00890	0.00445	0.00742
24	0.02138	0.02376	0.02236	0.01997	0.02176	0.24810	0.01588	0.02354	0.01661	0.01997	0.01385	0.01996	0.01281	0.02204	0.15024	0.00506	0.32281	0.00693	0.00402	0.00894
25	0.01174	0.00903	0.01110	0.01213	0.01446	0.00839	0.01013	0.01478	0.01904	0.02375	0.06247	0.08738	0.32622	0.02207	0.01071	0.00336	0.00607	0.33214	0.00768	0.00736
26	0.01368	0.01156	0.01682	0.01578	0.01683	0.01470	0.01262	0.01631	0.01317	0.01949	0.01900	0.02849	0.01794	0.04862	0.48944	0.01057	0.21445	0.00843	0.00422	0.00790
27	0.01012	0.00723	0.00964	0.01157	0.01205	0.00675	0.00771	0.01157	0.01591	0.02121	0.04579	0.70262	0.05495	0.02603	0.01060	0.00337	0.00482	0.02362	0.00771	0.00675
28	0.01013	0.00765	0.00936	0.01057	0.01183	0.00689	0.00731	0.01191	0.01724	0.02227	0.09222	0.48142	0.23310	0.02403	0.01032	0.00316	0.00459	0.02132	0.00780	0.00689
29	0.03121	0.03430	0.02399	0.02066	0.02571	0.46445	0.01597	0.22606	0.02857	0.03071	0.01514	0.01659	0.01181	0.00902	0.00776	0.00225	0.01309	0.00604	0.00559	0.01109

[dist]
# distance from previous block
# <min> <max>
3	6

[block]
# block no. 5 follows, 22 sequences, length 29
# corresponding to MSA columns:
# 336-364
name=unknown_F
#
# <colnr> <probs for GDERKNQSTAVLIFYWHMCP>
#	G	D	E	R	K	N	Q	S	T	A	V	L	I	F	Y	W	H	M	C	P
0	0.01616	0.01571	0.01734	0.01612	0.01824	0.13439	0.03752	0.01893	0.01540	0.01969	0.01971	0.02895	0.01833	0.07546	0.45314	0.00996	0.06426	0.00832	0.00438	0.00799
1	0.01520	0.01394	0.01702	0.01590	0.01715	0.07341	0.01247	0.01758	0.01401	0.01932	0.01882	0.02900	0.01806	0.09356	0.40328	0.00948	0.19126	0.00841	0.00427	0.00786
2	0.01012	0.00723	0.00964	0.01157	0.01205	0.00675	0.00771	0.01157	0.01591	0.02121	0.04579	0.70262	0.05495	0.02603	0.01060	0.00337	0.00482	0.02362	0.00771	0.00675
3	0.01726	0.01742	0.02545	0.02128	0.02368	0.07033	0.12752	0.02046	0.01506	0.02100	0.01608	0.02372	0.01462	0.02924	0.24715	0.00673	0.28180	0.00815	0.00407	0.00894
4	0.01168	0.00840	0.01051	0.01003	0.01168	0.00782	0.00719	0.01471	0.02098	0.02920	0.48932	0.06191	0.11203	0.14997	0.01604	0.00367	0.00473	0.01465	0.00825	0.00724
5	0.03158	0.02327	0.02493	0.01911	0.02576	0.02576	0.01579	0.62852	0.03906	0.05236	0.01995	0.01995	0.01413	0.00997	0.00831	0.00249	0.00914	0.00748	0.00831	0.01413
6	0.01012	0.00723	0.00964	0.01157	0.01205	0.00675	0.00771	0.01157	0.01591	0.02121	0.04579	0.70262	0.05495	0.02603	0.01060	0.00337	0.00482	0.02362	0.00771	0.00675
7	0.01106	0.00782	0.00949	0.01016	0.01087	0.00742	0.00656	0.01234	0.01571	0.02094	0.12116	0.31077	0.10377	0.28775	0.02266	0.00503	0.00589	0.01747	0.00687	0.00625
8	0.01012	0.00723	0.00964	0.01157	0.01205	0.00675	0.00771	0.01157	0.01591	0.02121	0.04579	0.70262	0.05495	0.02603	0.01060	0.00337	0.00482	0.02362	0.00771	0.00675
9	0.01149	0.00785	0.00944	0.01001	0.01022	0.00778	0.00608	0.01206	0.01327	0.01777	0.03178	0.24477	0.03705	0.47524	0.06367	0.00693	0.00779	0.01533	0.00580	0.00566
10	0.01012	0.00723	0.00964	0.01157	0.01205	0.00675	0.00771	0.01157	0.01591	0.02121	0.04579	0.70262	0.05495	0.02603	0.01060	0.00337	0.00482	0.02362	0.00771	0.00675
11	0.01854	0.01878	0.01937	0.02312	0.16039	0.17600	0.01475	0.02188	0.02068	0.02536	0.14799	0.11186	0.06989	0.01498	0.00927	0.00277	0.00879	0.11996	0.00632	0.00928
12	0.01984	0.01695	0.01609	0.01420	0.01807	0.09146	0.01097	0.22641	0.02584	0.03226	0.04665	0.16666	0.24773	0.01670	0.00917	0.00273	0.00728	0.01377	0.00752	0.00972
13	0.01208	0.00805	0.00906	0.00906	0.00906	0.00805	0.00503	0.01208	0.01208	0.01611	0.02618	0.05436	0.03020	0.70804	0.04228	0.00805	0.00805	0.01208	0.00503	0.00503
14	0.01901	0.04936	0.02083	0.01563	0.02073	0.01762	0.01276	0.06949	0.11119	0.02792	0.01738	0.02020	0.01441	0.01154	0.04126	0.00264	0.15113	0.00643	0.00535	0.36513
15	0.01656	0.01585	0.02234	0.01968	0.01999	0.02163	0.01616	0.01858	0.01301	0.01992	0.01485	0.05600	0.01503	0.02420	0.14941	0.00547	0.53026	0.00842	0.00400	0.00865
16	0.01187	0.00796	0.00912	0.00933	0.00938	0.00791	0.00532	0.01203	0.01250	0.01666	0.02830	0.12464	0.03288	0.63411	0.03885	0.00755	0.00770	0.01333	0.00532	0.00522
17	0.01990	0.01906	0.03252	0.13790	0.57451	0.01956	0.02516	0.02491	0.01860	0.02633	0.01551	0.02078	0.01287	0.00753	0.00824	0.00251	0.01003	0.00740	0.00405	0.01262
18	0.02777	0.28879	0.03094	0.01874	0.02407	0.43720	0.01537	0.03010	0.02108	0.02004	0.01236	0.01437	0.01069	0.00802	0.00669	0.00201	0.01273	0.00501	0.00401	0.01001
19	0.02129	0.01997	0.03314	0.04888	0.61455	0.02014	0.02485	0.06536	0.02025	0.02881	0.01591	0.02052	0.01322	0.00757	0.00823	0.00247	0.00982	0.00741	0.00439	0.01322
20	0.01894	0.03435	0.44096	0.02880	0.17273	0.01911	0.02723	0.02822	0.06475	0.06126	0.01744	0.01980	0.01276	0.00816	0.00803	0.00261	0.01103	0.00678	0.00438	0.01264
21	0.00992	0.00842	0.00856	0.00852	0.01128	0.00706	0.00639	0.01212	0.01917	0.02301	0.11366	0.07902	0.62300	0.02083	0.00982	0.00280	0.00419	0.01740	0.00779	0.00706
22	0.01724	0.02131	0.17314	0.07988	0.02574	0.01647	0.01657	0.09969	0.16019	0.03028	0.07216	0.04009	0.18694	0.01289	0.00872	0.00271	0.00793	0.01062	0.00663	0.01079
23	0.01818	0.01818	0.02545	0.02181	0.02181	0.02545	0.01818	0.01999	0.01272	0.01999	0.01091	0.01818	0.01091	0.01454	0.02726	0.00364	0.69284	0.00727	0.00364	0.00909
24	0.01422	0.01246	0.01863	0.01748	0.04700	0.04321	0.09101	0.01722	0.01467	0.02006	0.02152	0.03393	0.02062	0.16924	0.40941	0.00997	0.01765	0.00937	0.00450	0.00784
25	0.01042	0.00833	0.00933	0.00932	0.01165	0.00723	0.00690	0.01300	0.02000	0.02554	0.24818	0.13371	0.42649	0.02031	0.00989	0.00280	0.00418	0.01737	0.00814	0.00723
26	0.01729	0.01100	0.01267	0.01156	0.01392	0.01222	0.00909	0.10513	0.01934	0.03088	0.02386	0.02872	0.01935	0.02030	0.13755	0.00436	0.06263	0.00789	0.44355	0.00869
27	0.01195	0.00924	0.01055	0.01056	0.01257	0.00883	0.00769	0.01613	0.07734	0.02472	0.17757	0.12527	0.26140	0.14671	0.01587	0.00386	0.00540	0.05932	0.00758	0.00742
28	0.02564	0.19906	0.09040	0.02515	0.14287	0.27340	0.01870	0.08553	0.02197	0.02500	0.01391	0.01632	0.01146	0.00806	0.00722	0.00219	0.01174	0.00579	0.00438	0.01121

[dist]
# distance from previous block
# <min> <max>
0	19

[block]
# block no. 6 follows, 22 sequences, length 26
# corresponding to MSA columns:
# 384-409
name=unknown_G
#
# <colnr> <probs for GDERKNQSTAVLIFYWHMCP>
#	G	D	E	R	K	N	Q	S	T	A	V	L	I	F	Y	W	H	M	C	P
0	0.07121	0.02480	0.08747	0.03762	0.38803	0.10942	0.02232	0.10742	0.02181	0.03017	0.01550	0.01899	0.01245	0.00797	0.00791	0.00245	0.01046	0.00683	0.00471	0.01246
1	0.01204	0.00822	0.00963	0.00944	0.01149	0.00755	0.00702	0.01537	0.02058	0.02947	0.33965	0.10052	0.19787	0.01687	0.00896	0.00255	0.00403	0.01452	0.17666	0.00755
2	0.01209	0.00871	0.01238	0.01238	0.01365	0.00988	0.00930	0.01464	0.01337	0.01940	0.02312	0.03596	0.02228	0.16093	0.54032	0.01192	0.01905	0.00934	0.04422	0.00706
3	0.01058	0.00819	0.00970	0.01018	0.01211	0.00730	0.00750	0.01305	0.01920	0.02481	0.20383	0.24394	0.31875	0.02156	0.01013	0.00298	0.00453	0.05644	0.00804	0.00718
4	0.01929	0.01776	0.02625	0.21049	0.27841	0.01971	0.02062	0.03072	0.23099	0.02815	0.02161	0.02455	0.01677	0.00897	0.00832	0.00267	0.00907	0.00808	0.00548	0.01210
5	0.01192	0.00867	0.01220	0.01220	0.01328	0.00976	0.00895	0.01409	0.01301	0.01843	0.02331	0.03847	0.02330	0.23577	0.50512	0.01193	0.01844	0.00976	0.00461	0.00678
6	0.02086	0.54999	0.19475	0.01652	0.02488	0.02957	0.01822	0.02522	0.01704	0.02119	0.01237	0.01435	0.01063	0.00730	0.00595	0.00198	0.00971	0.00485	0.00354	0.01105
7	0.01037	0.00832	0.00926	0.00927	0.01162	0.00721	0.00686	0.01290	0.01987	0.02524	0.23286	0.13673	0.43939	0.02044	0.00989	0.00281	0.00419	0.01746	0.00810	0.00721
8	0.02596	0.01784	0.01893	0.01514	0.02014	0.01947	0.01230	0.41568	0.03150	0.04488	0.02245	0.02380	0.01663	0.00987	0.00744	0.00230	0.00730	0.00757	0.26891	0.01190
9	0.01140	0.00848	0.01060	0.01007	0.01219	0.00769	0.00755	0.01498	0.02266	0.03129	0.54630	0.06538	0.18518	0.01774	0.00980	0.00265	0.00397	0.01549	0.00888	0.00769
10	0.02494	0.02298	0.13926	0.01685	0.02441	0.04840	0.01578	0.18287	0.02439	0.14464	0.01970	0.02038	0.01418	0.00844	0.00747	0.00212	0.00855	0.00655	0.03694	0.23114
11	0.01942	0.11173	0.03012	0.27387	0.25626	0.05423	0.02161	0.02496	0.05071	0.02368	0.01536	0.02033	0.01248	0.00830	0.00877	0.00254	0.04354	0.00699	0.00410	0.01101
12	0.01146	0.00779	0.00925	0.00986	0.01001	0.00764	0.00589	0.01192	0.01330	0.01773	0.03243	0.26105	0.03809	0.49060	0.03218	0.00656	0.00702	0.01576	0.00589	0.00558
13	0.01012	0.00723	0.00964	0.01157	0.01205	0.00675	0.00771	0.01157	0.01591	0.02121	0.04579	0.70262	0.05495	0.02603	0.01060	0.00337	0.00482	0.02362	0.00771	0.00675
14	0.01727	0.01233	0.01429	0.01273	0.01485	0.01334	0.00913	0.17830	0.01961	0.02656	0.02362	0.04022	0.02376	0.37496	0.17581	0.00775	0.01155	0.01013	0.00578	0.00801
15	0.02057	0.21385	0.03084	0.16934	0.17697	0.11707	0.01874	0.02417	0.01797	0.02194	0.01591	0.06911	0.01467	0.00946	0.00852	0.00242	0.04640	0.00749	0.00413	0.01041
16	0.01034	0.00844	0.00914	0.00896	0.01154	0.00723	0.00672	0.01293	0.02017	0.02536	0.23666	0.07514	0.49853	0.01995	0.00981	0.00275	0.00413	0.01686	0.00810	0.00723
17	0.01549	0.00774	0.00774	0.00774	0.00968	0.00774	0.00581	0.01936	0.01742	0.03097	0.02710	0.03097	0.02129	0.00968	0.00581	0.00194	0.00387	0.00774	0.75416	0.00774
18	0.02124	0.14914	0.03359	0.11565	0.41217	0.08118	0.02227	0.02558	0.01869	0.02443	0.01452	0.01890	0.01223	0.00756	0.00763	0.00235	0.01029	0.00667	0.00398	0.01192
19	0.02003	0.02385	0.09710	0.02457	0.14249	0.16445	0.04489	0.02735	0.11728	0.02574	0.03084	0.03847	0.10494	0.01223	0.00878	0.00271	0.00991	0.08804	0.00572	0.01061
20	0.01041	0.00817	0.00941	0.00967	0.01173	0.00718	0.00704	0.01285	0.01948	0.02508	0.22801	0.21550	0.36375	0.02107	0.00999	0.00288	0.00427	0.01823	0.00810	0.00718
21	0.71897	0.01653	0.01304	0.01146	0.01670	0.01910	0.00944	0.06366	0.01576	0.03825	0.01211	0.01391	0.00933	0.00786	0.00535	0.00257	0.00660	0.00469	0.00535	0.00933
22	0.01129	0.00823	0.01071	0.01118	0.01276	0.00764	0.00832	0.01430	0.02033	0.02778	0.35127	0.26042	0.11537	0.02074	0.01024	0.00300	0.00465	0.08593	0.00842	0.00742
23	0.01694	0.01721	0.01457	0.01424	0.01672	0.18783	0.01058	0.04329	0.01897	0.02207	0.03882	0.20536	0.16210	0.02779	0.15930	0.00513	0.01152	0.01343	0.00608	0.00803
24	0.01456	0.01150	0.01954	0.01650	0.01962	0.01164	0.15216	0.01856	0.01633	0.02474	0.02518	0.10771	0.02300	0.02932	0.24088	0.00629	0.01276	0.01047	0.23089	0.00832
25	0.01943	0.01858	0.03167	0.19945	0.51663	0.01944	0.02493	0.02450	0.01838	0.02576	0.01543	0.02093	0.01267	0.00761	0.00824	0.00254	0.01015	0.00740	0.00401	0.01224

[dist]
# distance from previous block
# <min> <max>
0	1

[block]
# block no. 7 follows, 22 sequences, length 24
# corresponding to MSA columns:
# 411-434
name=unknown_H
#
# <colnr> <probs for GDERKNQSTAVLIFYWHMCP>
#	G	D	E	R	K	N	Q	S	T	A	V	L	I	F	Y	W	H	M	C	P
0	0.01904	0.01844	0.03215	0.23983	0.43551	0.01944	0.06606	0.02430	0.01828	0.02534	0.01545	0.02116	0.01250	0.00764	0.00836	0.00258	0.01051	0.00756	0.00399	0.01185
1	0.01949	0.03115	0.33707	0.03154	0.16005	0.01940	0.18591	0.02710	0.01874	0.06581	0.01666	0.02009	0.01222	0.00771	0.00849	0.00264	0.01193	0.00750	0.00423	0.01228
2	0.26320	0.02160	0.02471	0.06103	0.31956	0.12694	0.01851	0.02622	0.01803	0.02904	0.01382	0.01743	0.01132	0.00773	0.00711	0.00246	0.00965	0.00613	0.00445	0.01106
3	0.02455	0.53420	0.03822	0.01612	0.02248	0.20331	0.01470	0.02708	0.01865	0.01975	0.01189	0.01377	0.01067	0.00749	0.00590	0.00187	0.01050	0.00468	0.00375	0.01039
4	0.01755	0.01052	0.01189	0.01062	0.01448	0.00927	0.00828	0.02140	0.06294	0.18600	0.06762	0.06344	0.44885	0.01763	0.00935	0.00275	0.00510	0.01464	0.00842	0.00925
5	0.01362	0.01168	0.01509	0.01468	0.01609	0.05157	0.01143	0.01630	0.01406	0.01956	0.02201	0.07598	0.02138	0.05112	0.51523	0.01088	0.09753	0.00951	0.00457	0.00770
6	0.02472	0.04596	0.04678	0.04978	0.02406	0.01899	0.01491	0.24153	0.12309	0.12504	0.02854	0.07363	0.02421	0.01299	0.00885	0.00281	0.00817	0.10605	0.00786	0.01204
7	0.02319	0.01517	0.01597	0.01318	0.01737	0.01637	0.01058	0.31084	0.02778	0.04120	0.02368	0.02570	0.01786	0.00982	0.00700	0.00220	0.00639	0.00762	0.39728	0.01080
8	0.01014	0.00755	0.00945	0.01082	0.01189	0.00686	0.00741	0.01185	0.01696	0.02209	0.08510	0.53361	0.18705	0.02447	0.01039	0.00321	0.00464	0.02185	0.00779	0.00686
9	0.01208	0.00805	0.00906	0.00906	0.00906	0.00805	0.00503	0.01208	0.01208	0.01611	0.02618	0.05436	0.03020	0.70804	0.04228	0.00805	0.00805	0.01208	0.00503	0.00503
10	0.01208	0.00805	0.00906	0.00906	0.00906	0.00805	0.00503	0.01208	0.01208	0.01611	0.02618	0.05436	0.03020	0.70804	0.04228	0.00805	0.00805	0.01208	0.00503	0.00503
11	0.01023	0.00727	0.00961	0.01143	0.01189	0.00682	0.00757	0.01160	0.01570	0.02093	0.04472	0.66720	0.05359	0.06329	0.01233	0.00363	0.00500	0.02299	0.00757	0.00665
12	0.02066	0.01785	0.01878	0.01691	0.02160	0.02066	0.01315	0.04414	0.64121	0.03475	0.03381	0.03099	0.02536	0.01127	0.00845	0.00282	0.00657	0.00939	0.00845	0.01315
13	0.01391	0.01190	0.01726	0.01608	0.01709	0.01525	0.01290	0.01650	0.01315	0.01951	0.01859	0.02796	0.01758	0.04687	0.46576	0.01021	0.23896	0.00837	0.00419	0.00796
14	0.03158	0.02327	0.02493	0.01911	0.02576	0.02576	0.01579	0.62852	0.03906	0.05236	0.01995	0.01995	0.01413	0.00997	0.00831	0.00249	0.00914	0.00748	0.00831	0.01413
15	0.01209	0.00799	0.00925	0.00944	0.00968	0.00802	0.00562	0.01262	0.01286	0.01769	0.02799	0.11650	0.03165	0.56471	0.06840	0.00747	0.00818	0.01281	0.05153	0.00549
16	0.01076	0.00787	0.00950	0.01017	0.01128	0.00727	0.00685	0.01243	0.01694	0.02233	0.14905	0.32468	0.17803	0.17378	0.01729	0.00416	0.00526	0.01839	0.00736	0.00660
17	0.01208	0.00805	0.00906	0.00906	0.00906	0.00805	0.00503	0.01208	0.01208	0.01611	0.02618	0.05436	0.03020	0.70804	0.04228	0.00805	0.00805	0.01208	0.00503	0.00503
