[name]
unknown

[dist]
# distance from previous block
# <min> <max>
0	2

[block]
# block no. 0 follows, 23 sequences, length 55
# corresponding to MSA columns:
# 2-56
name=unknown_A
#
# <colnr> <probs for GDERKNQSTAVLIFYWHMCP>
#	G	D	E	R	K	N	Q	S	T	A	V	L	I	F	Y	W	H	M	C	P
0	0.02196	0.01526	0.01746	0.01533	0.01927	0.01623	0.01199	0.27268	0.09390	0.08974	0.03200	0.26385	0.03107	0.01601	0.00908	0.00284	0.00695	0.04544	0.00806	0.01086
1	0.02063	0.02032	0.03240	0.04826	0.62994	0.05484	0.02441	0.02530	0.01872	0.02615	0.01512	0.01979	0.01272	0.00729	0.00799	0.00239	0.00991	0.00712	0.00403	0.01267
2	0.02985	0.07498	0.02404	0.02053	0.02486	0.64759	0.01558	0.03197	0.02265	0.01982	0.01248	0.01455	0.01045	0.00829	0.00720	0.00207	0.01432	0.00518	0.00414	0.00946
3	0.02021	0.53363	0.21558	0.01642	0.02475	0.02847	0.01830	0.02468	0.01666	0.02090	0.01218	0.01415	0.01038	0.00715	0.00589	0.00196	0.00959	0.00479	0.00346	0.01085
4	0.01881	0.01894	0.18140	0.01467	0.02053	0.01247	0.01451	0.02532	0.07787	0.17362	0.18998	0.04249	0.14929	0.01306	0.00866	0.00260	0.00689	0.01093	0.00746	0.01048
5	0.16611	0.02867	0.01996	0.01781	0.02242	0.37808	0.01370	0.05958	0.13685	0.05701	0.01727	0.01805	0.01336	0.00883	0.00714	0.00232	0.01097	0.00602	0.00553	0.01032
6	0.05597	0.03197	0.46848	0.01916	0.02821	0.01596	0.02315	0.02295	0.01844	0.02802	0.17870	0.02799	0.02707	0.00996	0.00804	0.00256	0.00960	0.00812	0.00491	0.01071
7	0.03113	0.02819	0.02333	0.01917	0.02474	0.28128	0.01521	0.34772	0.03090	0.09340	0.01787	0.01830	0.01304	0.00923	0.00781	0.00231	0.01098	0.00657	0.00675	0.01208
8	0.01085	0.00802	0.01006	0.01087	0.01148	0.00798	0.00729	0.01210	0.01506	0.02007	0.07123	0.41254	0.10514	0.19945	0.01900	0.00438	0.04305	0.01835	0.00672	0.00636
9	0.00989	0.00706	0.00942	0.01130	0.01177	0.00659	0.00753	0.01130	0.01554	0.02071	0.04472	0.70954	0.05367	0.02542	0.01036	0.00330	0.00471	0.02307	0.00753	0.00659
10	0.01513	0.00756	0.00756	0.00756	0.00945	0.00756	0.00567	0.01891	0.01702	0.03025	0.02647	0.03025	0.02080	0.00945	0.00567	0.00189	0.00378	0.00756	0.75988	0.00756
11	0.77215	0.01569	0.01193	0.01067	0.01569	0.01820	0.00879	0.02385	0.01381	0.03641	0.01130	0.01318	0.00879	0.00753	0.00502	0.00251	0.00628	0.00439	0.00502	0.00879
12	0.77215	0.01569	0.01193	0.01067	0.01569	0.01820	0.00879	0.02385	0.01381	0.03641	0.01130	0.01318	0.00879	0.00753	0.00502	0.00251	0.00628	0.00439	0.00502	0.00879
13	0.01627	0.04197	0.67279	0.02313	0.03512	0.01884	0.02998	0.02570	0.01713	0.02570	0.01456	0.01713	0.01028	0.00771	0.00771	0.00257	0.01199	0.00600	0.00343	0.01199
14	0.02169	0.71972	0.04252	0.01388	0.02083	0.03211	0.01388	0.02430	0.01649	0.01909	0.01128	0.01302	0.01041	0.00694	0.00521	0.00174	0.00868	0.00434	0.00347	0.01041
15	0.00959	0.00822	0.00822	0.00822	0.01096	0.00685	0.00617	0.01165	0.01850	0.02192	0.08220	0.07809	0.66092	0.02055	0.00959	0.00274	0.00411	0.01713	0.00754	0.00685
16	0.03085	0.02273	0.02435	0.01867	0.02516	0.02516	0.01542	0.63716	0.03815	0.05114	0.01948	0.01948	0.01380	0.00974	0.00812	0.00244	0.00893	0.00731	0.00812	0.01380
17	0.03499	0.01608	0.02024	0.01551	0.02185	0.01530	0.01282	0.19170	0.02702	0.51231	0.02882	0.02555	0.01849	0.00997	0.00815	0.00249	0.00742	0.00794	0.00955	0.01381
18	0.00989	0.00706	0.00942	0.01130	0.01177	0.00659	0.00753	0.01130	0.01554	0.02071	0.04472	0.70954	0.05367	0.02542	0.01036	0.00330	0.00471	0.02307	0.00753	0.00659
19	0.01148	0.00829	0.01085	0.01021	0.01212	0.00766	0.00766	0.01531	0.02297	0.03254	0.65994	0.06061	0.07656	0.01659	0.00957	0.00255	0.00383	0.01467	0.00893	0.00766
20	0.01148	0.00829	0.01085	0.01021	0.01212	0.00766	0.00766	0.01531	0.02297	0.03254	0.65994	0.06061	0.07656	0.01659	0.00957	0.00255	0.00383	0.01467	0.00893	0.00766
21	0.02169	0.71972	0.04252	0.01388	0.02083	0.03211	0.01388	0.02430	0.01649	0.01909	0.01128	0.01302	0.01041	0.00694	0.00521	0.00174	0.00868	0.00434	0.00347	0.01041
22	0.01018	0.00727	0.00975	0.01163	0.01223	0.00684	0.00804	0.01180	0.01582	0.02104	0.04456	0.65330	0.05303	0.02515	0.01043	0.00334	0.00496	0.07645	0.00753	0.00667
23	0.77215	0.01569	0.01193	0.01067	0.01569	0.01820	0.00879	0.02385	0.01381	0.03641	0.01130	0.01318	0.00879	0.00753	0.00502	0.00251	0.00628	0.00439	0.00502	0.00879
24	0.01180	0.00787	0.00885	0.00885	0.00885	0.00787	0.00492	0.01180	0.01180	0.01573	0.02557	0.05310	0.02950	0.71483	0.04130	0.00787	0.00787	0.01180	0.00492	0.00492
25	0.02027	0.01601	0.01703	0.01493	0.01838	0.07617	0.01183	0.22675	0.02295	0.03135	0.02077	0.02591	0.01727	0.03196	0.30315	0.00698	0.01437	0.00776	0.10647	0.00970
26	0.02485	0.01975	0.02098	0.01746	0.02288	0.02236	0.01397	0.30329	0.38178	0.04147	0.02709	0.02555	0.01996	0.01045	0.00820	0.00261	0.00752	0.00836	0.00820	0.01326
27	0.02421	0.01693	0.01813	0.01502	0.01981	0.01860	0.01204	0.28406	0.20027	0.07438	0.02566	0.02563	0.01894	0.01003	0.00754	0.00239	0.00682	0.00793	0.19967	0.01195
28	0.02008	0.01928	0.03294	0.04981	0.66422	0.01928	0.02490	0.02490	0.01848	0.02651	0.01526	0.02008	0.01285	0.00723	0.00803	0.00241	0.00964	0.00723	0.00402	0.01285
29	0.00959	0.00822	0.00822	0.00822	0.01096	0.00685	0.00617	0.01165	0.01850	0.02192	0.08220	0.07809	0.66092	0.02055	0.00959	0.00274	0.00411	0.01713	0.00754	0.00685
30	0.77215	0.01569	0.01193	0.01067	0.01569	0.01820	0.00879	0.02385	0.01381	0.03641	0.01130	0.01318	0.00879	0.00753	0.00502	0.00251	0.00628	0.00439	0.00502	0.00879
31	0.01775	0.01775	0.02485	0.02130	0.02130	0.02485	0.01775	0.01953	0.01243	0.01953	0.01065	0.01775	0.01065	0.01420	0.02663	0.00355	0.69998	0.00710	0.00355	0.00888
32	0.03031	0.03867	0.02299	0.02090	0.02508	0.68226	0.01568	0.03240	0.02299	0.01986	0.01254	0.01463	0.01045	0.00836	0.00732	0.00209	0.01463	0.00523	0.00418	0.00941
33	0.01915	0.02189	0.04788	0.03420	0.04241	0.02052	0.63475	0.02599	0.01915	0.02599	0.01642	0.02189	0.01231	0.00684	0.00958	0.00274	0.01368	0.00958	0.00410	0.01094
34	0.01627	0.04197	0.67279	0.02313	0.03512	0.01884	0.02998	0.02570	0.01713	0.02570	0.01456	0.01713	0.01028	0.00771	0.00771	0.00257	0.01199	0.00600	0.00343	0.01199
35	0.02169	0.71972	0.04252	0.01388	0.02083	0.03211	0.01388	0.02430	0.01649	0.01909	0.01128	0.01302	0.01041	0.00694	0.00521	0.00174	0.00868	0.00434	0.00347	0.01041
36	0.02018	0.01743	0.01835	0.01651	0.02110	0.02018	0.01284	0.04312	0.64956	0.03394	0.03303	0.03027	0.02477	0.01101	0.00826	0.00275	0.00642	0.00917	0.00826	0.01284
37	0.01683	0.01442	0.01683	0.01202	0.01923	0.01082	0.00961	0.02043	0.01683	0.02644	0.01442	0.01683	0.01202	0.00601	0.00601	0.00120	0.00601	0.00481	0.00481	0.76444
38	0.01532	0.01442	0.02434	0.69533	0.05589	0.01803	0.02253	0.02073	0.01622	0.02073	0.01442	0.02163	0.01082	0.00811	0.00811	0.00270	0.01082	0.00721	0.00361	0.00901
39	0.01021	0.00824	0.00908	0.00887	0.01134	0.00712	0.00666	0.01285	0.01997	0.02541	0.27232	0.07234	0.46862	0.01925	0.00958	0.00268	0.00402	0.01632	0.00799	0.00712
40	0.01180	0.00787	0.00885	0.00885	0.00885	0.00787	0.00492	0.01180	0.01180	0.01573	0.02557	0.05310	0.02950	0.71483	0.04130	0.00787	0.00787	0.01180	0.00492	0.00492
41	0.00989	0.00706	0.00942	0.01130	0.01177	0.00659	0.00753	0.01130	0.01554	0.02071	0.04472	0.70954	0.05367	0.02542	0.01036	0.00330	0.00471	0.02307	0.00753	0.00659
42	0.02563	0.03095	0.02390	0.20811	0.06796	0.46374	0.01806	0.02879	0.02089	0.02046	0.01321	0.01685	0.01068	0.00823	0.00757	0.00228	0.01331	0.00588	0.00401	0.00948
43	0.03085	0.02273	0.02435	0.01867	0.02516	0.02516	0.01542	0.63716	0.03815	0.05114	0.01948	0.01948	0.01380	0.00974	0.00812	0.00244	0.00893	0.00731	0.00812	0.01380
44	0.01324	0.01059	0.01103	0.01041	0.01373	0.01015	0.00796	0.02015	0.16377	0.05410	0.06862	0.06481	0.48560	0.01788	0.00922	0.00273	0.00477	0.01489	0.00781	0.00854
45	0.01513	0.00756	0.00756	0.00756	0.00945	0.00756	0.00567	0.01891	0.01702	0.03025	0.02647	0.03025	0.02080	0.00945	0.00567	0.00189	0.00378	0.00756	0.75988	0.00756
46	0.77215	0.01569	0.01193	0.01067	0.01569	0.01820	0.00879	0.02385	0.01381	0.03641	0.01130	0.01318	0.00879	0.00753	0.00502	0.00251	0.00628	0.00439	0.00502	0.00879
47	0.01627	0.04197	0.67279	0.02313	0.03512	0.01884	0.02998	0.02570	0.01713	0.02570	0.01456	0.01713	0.01028	0.00771	0.00771	0.00257	0.01199	0.00600	0.00343	0.01199
48	0.01990	0.34126	0.06721	0.21381	0.06583	0.08462	0.01757	0.02382	0.01717	0.02099	0.01351	0.01718	0.01121	0.00760	0.00655	0.00214	0.00981	0.00567	0.04417	0.00998
49	0.01206	0.04594	0.15111	0.01218	0.01683	0.01070	0.01196	0.01621	0.01939	0.02562	0.22917	0.05742	0.32906	0.01612	0.00900	0.00261	0.00589	0.01352	0.00689	0.00832
50	0.01815	0.01331	0.01635	0.01496	0.01802	0.01461	0.01205	0.21955	0.02251	0.03050	0.02670	0.07707	0.02574	0.06948	0.25528	0.00688	0.01300	0.13013	0.00642	0.00929
51	0.02305	0.12878	0.11734	0.01664	0.02330	0.21048	0.01509	0.02687	0.01951	0.08609	0.04407	0.01868	0.01475	0.00794	0.00689	0.00192	0.00977	0.00580	0.00492	0.21812
52	0.09583	0.24007	0.26912	0.01852	0.02662	0.14468	0.01976	0.05574	0.01870	0.02494	0.01313	0.01517	0.01037	0.00768	0.00664	0.00222	0.01078	0.00527	0.00396	0.01082
53	0.40412	0.08725	0.25149	0.01707	0.05069	0.01970	0.01749	0.02459	0.01543	0.03064	0.01263	0.01487	0.00964	0.00753	0.00613	0.00246	0.00867	0.00508	0.00427	0.01025
54	0.09234	0.08278	0.01892	0.07625	0.02111	0.07644	0.01236	0.07453	0.04523	0.05394	0.05278	0.02555	0.01876	0.02788	0.23932	0.04699	0.01314	0.00751	0.00520	0.00898

[dist]
# distance from previous block
# <min> <max>
0	53

[block]
# block no. 1 follows, 23 sequences, length 34
# corresponding to MSA columns:
# 110-143
name=unknown_B
#
# <colnr> <probs for GDERKNQSTAVLIFYWHMCP>
#	G	D	E	R	K	N	Q	S	T	A	V	L	I	F	Y	W	H	M	C	P
0	0.06300	0.01866	0.07059	0.12384	0.02733	0.01877	0.01588	0.29120	0.02558	0.03542	0.02191	0.08430	0.01923	0.01721	0.08450	0.00386	0.01030	0.05126	0.00635	0.01083
1	0.04682	0.01904	0.07240	0.01829	0.09052	0.11567	0.01343	0.09092	0.02071	0.02691	0.06690	0.17020	0.14874	0.01439	0.00853	0.00257	0.00785	0.01206	0.00618	0.04785
2	0.06241	0.01605	0.02545	0.25305	0.31253	0.01740	0.02045	0.04551	0.01845	0.02636	0.07107	0.05887	0.01947	0.00936	0.00813	0.00257	0.00905	0.00850	0.00470	0.01063
3	0.37144	0.11823	0.02148	0.06550	0.07651	0.18144	0.01350	0.02586	0.01697	0.02806	0.01216	0.01470	0.00990	0.00767	0.00608	0.00231	0.00924	0.00503	0.00442	0.00952
4	0.09255	0.08858	0.01947	0.12141	0.02381	0.10932	0.01309	0.06488	0.01980	0.04949	0.08116	0.03848	0.14948	0.01263	0.00878	0.00258	0.03573	0.05384	0.00586	0.00904
5	0.13338	0.02076	0.02052	0.18424	0.02929	0.17869	0.01544	0.02353	0.01687	0.02354	0.01323	0.01772	0.01100	0.01096	0.03903	0.00286	0.11759	0.00596	0.00418	0.13122
6	0.08121	0.01395	0.01718	0.01769	0.08713	0.01562	0.01237	0.10154	0.11476	0.02846	0.02583	0.03055	0.06503	0.05499	0.20924	0.00589	0.04964	0.00865	0.05060	0.00967
7	0.02265	0.07607	0.07214	0.02638	0.20662	0.14438	0.01773	0.11360	0.02154	0.02818	0.01481	0.01746	0.01197	0.00753	0.00720	0.00203	0.00972	0.00599	0.00474	0.18926
8	0.01903	0.07459	0.16139	0.09655	0.43933	0.02002	0.02492	0.02466	0.01787	0.02531	0.01476	0.01911	0.01199	0.00738	0.00777	0.00242	0.01014	0.00677	0.00382	0.01218
9	0.00989	0.00706	0.00942	0.01130	0.01177	0.00659	0.00753	0.01130	0.01554	0.02071	0.04472	0.70954	0.05367	0.02542	0.01036	0.00330	0.00471	0.02307	0.00753	0.00659
10	0.01923	0.01821	0.03087	0.09306	0.57376	0.01846	0.02387	0.02402	0.01833	0.02594	0.01723	0.02541	0.01518	0.00840	0.00827	0.00253	0.00956	0.05123	0.00424	0.01219
11	0.01177	0.00798	0.00942	0.00942	0.00961	0.00818	0.00563	0.01216	0.01197	0.01615	0.02505	0.05022	0.02825	0.62617	0.12826	0.00857	0.00975	0.01138	0.00484	0.00523
12	0.01683	0.01442	0.01683	0.01202	0.01923	0.01082	0.00961	0.02043	0.01683	0.02644	0.01442	0.01683	0.01202	0.00601	0.00601	0.00120	0.00601	0.00481	0.00481	0.76444
13	0.00989	0.00706	0.00942	0.01130	0.01177	0.00659	0.00753	0.01130	0.01554	0.02071	0.04472	0.70954	0.05367	0.02542	0.01036	0.00330	0.00471	0.02307	0.00753	0.00659
14	0.03031	0.03867	0.02299	0.02090	0.02508	0.68226	0.01568	0.03240	0.02299	0.01986	0.01254	0.01463	0.01045	0.00836	0.00732	0.00209	0.01463	0.00523	0.00418	0.00941
15	0.00983	0.00728	0.00919	0.01071	0.01162	0.00664	0.00727	0.01136	0.01610	0.02094	0.05186	0.58928	0.16932	0.02449	0.01021	0.00319	0.00459	0.02194	0.00753	0.00664
16	0.01320	0.01119	0.01480	0.01432	0.01576	0.04609	0.01123	0.01594	0.01348	0.01896	0.02009	0.02949	0.01876	0.05321	0.57843	0.01147	0.09342	0.00835	0.00425	0.00753
17	0.03031	0.03867	0.02299	0.02090	0.02508	0.68226	0.01568	0.03240	0.02299	0.01986	0.01254	0.01463	0.01045	0.00836	0.00732	0.00209	0.01463	0.00523	0.00418	0.00941
18	0.01704	0.01439	0.02171	0.44528	0.04255	0.01545	0.01794	0.02176	0.01683	0.06109	0.01547	0.02051	0.01174	0.00758	0.00747	0.00223	0.00911	0.00653	0.00436	0.24097
19	0.02320	0.08561	0.06741	0.02866	0.19716	0.21119	0.04391	0.06950	0.01979	0.02433	0.01357	0.01734	0.01143	0.00905	0.01118	0.00250	0.14271	0.00641	0.00419	0.01084
20	0.01627	0.04197	0.67279	0.02313	0.03512	0.01884	0.02998	0.02570	0.01713	0.02570	0.01456	0.01713	0.01028	0.00771	0.00771	0.00257	0.01199	0.00600	0.00343	0.01199
21	0.02205	0.02498	0.02351	0.02070	0.02232	0.26687	0.01657	0.02400	0.01636	0.01961	0.01196	0.01738	0.01111	0.01462	0.05573	0.00354	0.40936	0.00650	0.00383	0.00898
22	0.01082	0.00821	0.00997	0.00965	0.01175	0.00735	0.00719	0.01398	0.02122	0.02867	0.45109	0.09907	0.25490	0.01826	0.00962	0.00265	0.00396	0.01586	0.00843	0.00735
23	0.01586	0.01496	0.02530	0.62320	0.12386	0.01817	0.02280	0.02120	0.01648	0.02138	0.01452	0.02146	0.01104	0.00801	0.00810	0.00267	0.01069	0.00721	0.00365	0.00944
24	0.00984	0.00823	0.00857	0.00848	0.01111	0.00696	0.00636	0.01213	0.01909	0.02333	0.15876	0.07577	0.58348	0.02003	0.00959	0.00272	0.00407	0.01680	0.00772	0.00696
25	0.02008	0.01928	0.03294	0.04981	0.66422	0.01928	0.02490	0.02490	0.01848	0.02651	0.01526	0.02008	0.01285	0.00723	0.00803	0.00241	0.00964	0.00723	0.00402	0.01285
26	0.01683	0.01442	0.01683	0.01202	0.01923	0.01082	0.00961	0.02043	0.01683	0.02644	0.01442	0.01683	0.01202	0.00601	0.00601	0.00120	0.00601	0.00481	0.00481	0.76444
27	0.00989	0.00706	0.00942	0.01130	0.01177	0.00659	0.00753	0.01130	0.01554	0.02071	0.04472	0.70954	0.05367	0.02542	0.01036	0.00330	0.00471	0.02307	0.00753	0.00659
28	0.01180	0.00787	0.00885	0.00885	0.00885	0.00787	0.00492	0.01180	0.01180	0.01573	0.02557	0.05310	0.02950	0.71483	0.04130	0.00787	0.00787	0.01180	0.00492	0.00492
29	0.01502	0.08247	0.26830	0.01805	0.02448	0.01586	0.06199	0.02072	0.01561	0.02281	0.01809	0.02385	0.01512	0.02850	0.27156	0.00656	0.01504	0.00728	0.05909	0.00960
30	0.01777	0.01692	0.02875	0.36394	0.36818	0.01867	0.02375	0.02287	0.01738	0.02370	0.01485	0.02084	0.01186	0.00766	0.00807	0.00255	0.01021	0.00722	0.00382	0.01098
31	0.02424	0.51867	0.03676	0.01596	0.02208	0.22403	0.01441	0.02669	0.01841	0.01932	0.01165	0.01349	0.01042	0.00736	0.00583	0.00184	0.01044	0.00460	0.00368	0.01012
32	0.02116	0.16095	0.07496	0.02248	0.13286	0.02054	0.06128	0.14020	0.02129	0.02959	0.01505	0.01751	0.01207	0.00730	0.00697	0.00196	0.00870	0.00603	0.00489	0.23421
33	0.08158	0.01639	0.01493	0.01385	0.01684	0.14586	0.01081	0.07229	0.02227	0.02996	0.30437	0.04526	0.04474	0.01748	0.05796	0.00335	0.00836	0.07803	0.00708	0.00857

[dist]
# distance from previous block
# <min> <max>
0	1

[block]
# block no. 2 follows, 23 sequences, length 33
# corresponding to MSA columns:
# 145-177
name=unknown_C
#
# <colnr> <probs for GDERKNQSTAVLIFYWHMCP>
#	G	D	E	R	K	N	Q	S	T	A	V	L	I	F	Y	W	H	M	C	P
0	0.10067	0.19553	0.02579	0.01779	0.02254	0.41310	0.01438	0.02849	0.02023	0.02164	0.01435	0.01973	0.01293	0.00897	0.00687	0.00217	0.01187	0.04917	0.00434	0.00944
1	0.02120	0.16618	0.14557	0.06767	0.02689	0.13913	0.01743	0.03259	0.24866	0.02599	0.02027	0.02099	0.01566	0.00890	0.00737	0.00239	0.00968	0.00678	0.00534	0.01131
2	0.01476	0.01176	0.01320	0.01203	0.01518	0.01207	0.00925	0.06734	0.18936	0.03176	0.30981	0.05369	0.19661	0.01554	0.00912	0.00264	0.00496	0.01326	0.00836	0.00929
3	0.01898	0.01706	0.02302	0.02479	0.17220	0.01981	0.01650	0.11560	0.07271	0.02767	0.02839	0.03093	0.13472	0.01279	0.01465	0.00289	0.24202	0.00922	0.00550	0.01052
4	0.01062	0.00758	0.01026	0.01214	0.01293	0.00722	0.00880	0.01256	0.01626	0.02153	0.04432	0.56765	0.05207	0.02473	0.01055	0.00340	0.00534	0.15773	0.00752	0.00679
5	0.03031	0.03867	0.02299	0.02090	0.02508	0.68226	0.01568	0.03240	0.02299	0.01986	0.01254	0.01463	0.01045	0.00836	0.00732	0.00209	0.01463	0.00523	0.00418	0.00941
6	0.10273	0.01824	0.01977	0.01581	0.02147	0.01967	0.01290	0.31951	0.12066	0.16940	0.02373	0.02294	0.01673	0.00974	0.00764	0.00246	0.00748	0.00748	0.06897	0.01266
7	0.02169	0.71972	0.04252	0.01388	0.02083	0.03211	0.01388	0.02430	0.01649	0.01909	0.01128	0.01302	0.01041	0.00694	0.00521	0.00174	0.00868	0.00434	0.00347	0.01041
8	0.01148	0.00829	0.01085	0.01021	0.01212	0.00766	0.00766	0.01531	0.02297	0.03254	0.65994	0.06061	0.07656	0.01659	0.00957	0.00255	0.00383	0.01467	0.00893	0.00766
9	0.01180	0.00787	0.00885	0.00885	0.00885	0.00787	0.00492	0.01180	0.01180	0.01573	0.02557	0.05310	0.02950	0.71483	0.04130	0.00787	0.00787	0.01180	0.00492	0.00492
10	0.01627	0.04197	0.67279	0.02313	0.03512	0.01884	0.02998	0.02570	0.01713	0.02570	0.01456	0.01713	0.01028	0.00771	0.00771	0.00257	0.01199	0.00600	0.00343	0.01199
11	0.01941	0.01859	0.03172	0.14127	0.57803	0.01910	0.02457	0.02431	0.01816	0.02569	0.01514	0.02030	0.01256	0.00735	0.00804	0.00245	0.00981	0.00723	0.00396	0.01231
12	0.00980	0.00819	0.00857	0.00880	0.01133	0.00696	0.00663	0.01190	0.01829	0.02196	0.07736	0.12502	0.58370	0.02101	0.00973	0.00283	0.00433	0.04918	0.00753	0.00686
13	0.00985	0.00719	0.00928	0.01096	0.01168	0.00662	0.00738	0.01134	0.01586	0.02085	0.04885	0.64004	0.12051	0.02489	0.01027	0.00323	0.00464	0.02241	0.00753	0.00662
14	0.01667	0.03575	0.50292	0.06087	0.03533	0.01966	0.08501	0.02473	0.01672	0.02473	0.01427	0.01790	0.01054	0.00841	0.01011	0.00271	0.09227	0.00653	0.00351	0.01137
15	0.01191	0.00916	0.01365	0.01347	0.01484	0.01090	0.01053	0.01475	0.01301	0.01887	0.02116	0.03115	0.01979	0.05846	0.64893	0.01255	0.05663	0.00861	0.00431	0.00733
16	0.22890	0.01885	0.01981	0.01559	0.02164	0.02033	0.01287	0.33937	0.02832	0.18696	0.02014	0.01965	0.01389	0.00922	0.00731	0.00247	0.00777	0.00673	0.00773	0.01247
17	0.00959	0.00822	0.00822	0.00822	0.01096	0.00685	0.00617	0.01165	0.01850	0.02192	0.08220	0.07809	0.66092	0.02055	0.00959	0.00274	0.00411	0.01713	0.00754	0.00685
18	0.01627	0.04197	0.67279	0.02313	0.03512	0.01884	0.02998	0.02570	0.01713	0.02570	0.01456	0.01713	0.01028	0.00771	0.00771	0.00257	0.01199	0.00600	0.00343	0.01199
19	0.77215	0.01569	0.01193	0.01067	0.01569	0.01820	0.00879	0.02385	0.01381	0.03641	0.01130	0.01318	0.00879	0.00753	0.00502	0.00251	0.00628	0.00439	0.00502	0.00879
20	0.01112	0.00828	0.01035	0.00983	0.01190	0.00750	0.00737	0.01462	0.02212	0.03052	0.55019	0.06393	0.18756	0.01734	0.00957	0.00259	0.00388	0.01514	0.00867	0.00750
21	0.01708	0.11263	0.53962	0.02125	0.03209	0.01994	0.02638	0.02614	0.04806	0.02542	0.01511	0.01732	0.01109	0.00770	0.00738	0.00242	0.01106	0.00591	0.00374	0.04968
22	0.01765	0.01250	0.01391	0.01193	0.01572	0.01228	0.00940	0.18062	0.02513	0.07964	0.20021	0.05465	0.30231	0.01596	0.00909	0.00260	0.00553	0.01328	0.00821	0.00940
23	0.05505	0.01812	0.02932	0.06744	0.45221	0.01764	0.05369	0.02389	0.01788	0.02669	0.01494	0.01930	0.01239	0.00703	0.00759	0.00222	0.00906	0.00676	0.00420	0.15458
24	0.01645	0.01557	0.02637	0.54245	0.19996	0.01832	0.02310	0.02172	0.01676	0.02210	0.01462	0.02127	0.01130	0.00790	0.00809	0.00263	0.01054	0.00722	0.00370	0.00992
25	0.01132	0.00829	0.01062	0.01004	0.01202	0.00759	0.00753	0.01499	0.02258	0.03162	0.60980	0.06213	0.12727	0.01693	0.00957	0.00257	0.00385	0.01489	0.00881	0.00759
26	0.01174	0.00811	0.01006	0.01006	0.01048	0.00852	0.00643	0.01258	0.01216	0.01663	0.02446	0.04697	0.02684	0.52603	0.22646	0.00936	0.01187	0.01090	0.00475	0.00559
27	0.01642	0.03955	0.60810	0.02295	0.03374	0.01944	0.02876	0.02508	0.01666	0.02508	0.01417	0.01719	0.01032	0.00836	0.00960	0.00267	0.08068	0.00611	0.00344	0.01168
28	0.01513	0.00756	0.00756	0.00756	0.00945	0.00756	0.00567	0.01891	0.01702	0.03025	0.02647	0.03025	0.02080	0.00945	0.00567	0.00189	0.00378	0.00756	0.75988	0.00756
29	0.02590	0.02036	0.02111	0.01751	0.02297	0.04847	0.01401	0.29515	0.33456	0.07099	0.02640	0.02493	0.01931	0.01032	0.00815	0.00258	0.00784	0.00817	0.00812	0.01316
30	0.02169	0.71972	0.04252	0.01388	0.02083	0.03211	0.01388	0.02430	0.01649	0.01909	0.01128	0.01302	0.01041	0.00694	0.00521	0.00174	0.00868	0.00434	0.00347	0.01041
31	0.01756	0.20248	0.52353	0.02094	0.03173	0.02199	0.02617	0.02537	0.01698	0.02413	0.01378	0.01616	0.01031	0.00753	0.00712	0.00237	0.01121	0.00560	0.00344	0.01162
32	0.00998	0.00824	0.00877	0.00863	0.01120	0.00702	0.00647	0.01241	0.01942	0.02412	0.20212	0.07446	0.53963	0.01973	0.00959	0.00270	0.00405	0.01662	0.00783	0.00702

[dist]
# distance from previous block
# <min> <max>
0	1

[block]
# block no. 3 follows, 23 sequences, length 123
# corresponding to MSA columns:
# 179-301
name=unknown_D
#
# <colnr> <probs for GDERKNQSTAVLIFYWHMCP>
#	G	D	E	R	K	N	Q	S	T	A	V	L	I	F	Y	W	H	M	C	P
0	0.01193	0.00980	0.01154	0.01215	0.04036	0.00893	0.00903	0.01588	0.05465	0.02457	0.12140	0.07019	0.38155	0.01856	0.00955	0.00281	0.00521	0.13112	0.00739	0.05337
1	0.02354	0.48205	0.03556	0.01606	0.02190	0.18985	0.01442	0.02722	0.05613	0.02019	0.01288	0.01465	0.01130	0.00783	0.00679	0.00196	0.03852	0.00496	0.00394	0.01025
2	0.01749	0.01481	0.01718	0.01233	0.01951	0.01149	0.00989	0.04944	0.01783	0.02760	0.01466	0.01695	0.01210	0.00618	0.00611	0.00126	0.00615	0.00492	0.00496	0.72914
3	0.01050	0.00823	0.00903	0.00903	0.01108	0.00731	0.00656	0.01254	0.01794	0.02255	0.16021	0.07137	0.41451	0.15151	0.01568	0.00374	0.00497	0.04933	0.00726	0.00665
4	0.01984	0.01903	0.03250	0.08264	0.63328	0.01922	0.02478	0.02469	0.01836	0.02622	0.01522	0.02016	0.01275	0.00727	0.00804	0.00242	0.00970	0.00723	0.00400	0.01266
5	0.00983	0.00728	0.00919	0.01072	0.01162	0.00664	0.00727	0.01136	0.01610	0.02094	0.05182	0.58996	0.16867	0.02450	0.01021	0.00319	0.00459	0.02194	0.00753	0.00664
6	0.74122	0.01536	0.01175	0.01054	0.01544	0.01777	0.00866	0.02365	0.01394	0.03615	0.01192	0.01388	0.00928	0.00761	0.00505	0.00249	0.00617	0.00452	0.03587	0.00874
7	0.77215	0.01569	0.01193	0.01067	0.01569	0.01820	0.00879	0.02385	0.01381	0.03641	0.01130	0.01318	0.00879	0.00753	0.00502	0.00251	0.00628	0.00439	0.00502	0.00879
8	0.00989	0.00706	0.00942	0.01130	0.01177	0.00659	0.00753	0.01130	0.01554	0.02071	0.04472	0.70954	0.05367	0.02542	0.01036	0.00330	0.00471	0.02307	0.00753	0.00659
9	0.02909	0.03664	0.02317	0.02094	0.02472	0.61844	0.01588	0.03115	0.02197	0.01983	0.01236	0.01494	0.01047	0.00893	0.00919	0.00223	0.08117	0.00541	0.00412	0.00936
10	0.00989	0.00706	0.00942	0.01130	0.01177	0.00659	0.00753	0.01130	0.01554	0.02071	0.04472	0.70954	0.05367	0.02542	0.01036	0.00330	0.00471	0.02307	0.00753	0.00659
11	0.02528	0.02933	0.02855	0.03427	0.30775	0.35880	0.04883	0.02879	0.02082	0.02308	0.01392	0.01738	0.01160	0.00779	0.00774	0.00226	0.01239	0.00631	0.00410	0.01100
12	0.01129	0.00829	0.00949	0.00987	0.01120	0.00781	0.00701	0.01276	0.01553	0.01962	0.04882	0.06961	0.25287	0.33238	0.02414	0.00524	0.00648	0.13512	0.00635	0.00611
13	0.02261	0.12258	0.33700	0.02067	0.02937	0.15852	0.02226	0.14270	0.02224	0.02848	0.01467	0.01655	0.01100	0.00813	0.00739	0.00234	0.01154	0.00588	0.00448	0.01160
14	0.01695	0.12636	0.59431	0.02198	0.03334	0.02050	0.02798	0.02552	0.01705	0.02487	0.01415	0.01662	0.01030	0.00761	0.00740	0.00247	0.01158	0.00579	0.00343	0.01180
15	0.01775	0.01775	0.02485	0.02130	0.02130	0.02485	0.01775	0.01953	0.01243	0.01953	0.01065	0.01775	0.01065	0.01420	0.02663	0.00355	0.69998	0.00710	0.00355	0.00888
16	0.01683	0.01442	0.01683	0.01202	0.01923	0.01082	0.00961	0.02043	0.01683	0.02644	0.01442	0.01683	0.01202	0.00601	0.00601	0.00120	0.00601	0.00481	0.00481	0.76444
17	0.00975	0.00827	0.00845	0.00854	0.01124	0.00697	0.00649	0.01189	0.01850	0.02203	0.08035	0.07872	0.63204	0.02064	0.00967	0.00279	0.00427	0.04499	0.00753	0.00688
18	0.00989	0.00706	0.00942	0.01130	0.01177	0.00659	0.00753	0.01130	0.01554	0.02071	0.04472	0.70954	0.05367	0.02542	0.01036	0.00330	0.00471	0.02307	0.00753	0.00659
19	0.00989	0.00706	0.00942	0.01130	0.01177	0.00659	0.00753	0.01130	0.01554	0.02071	0.04472	0.70954	0.05367	0.02542	0.01036	0.00330	0.00471	0.02307	0.00753	0.00659
20	0.02832	0.02147	0.02293	0.01816	0.02420	0.02398	0.01481	0.49640	0.18302	0.04706	0.02269	0.02204	0.01640	0.01004	0.00815	0.00251	0.00833	0.00775	0.00815	0.01357
21	0.01627	0.04197	0.67279	0.02313	0.03512	0.01884	0.02998	0.02570	0.01713	0.02570	0.01456	0.01713	0.01028	0.00771	0.00771	0.00257	0.01199	0.00600	0.00343	0.01199
22	0.02587	0.01951	0.08920	0.01598	0.02149	0.01777	0.01380	0.30503	0.02670	0.16250	0.02288	0.02881	0.01839	0.17665	0.01594	0.00375	0.00861	0.00840	0.00724	0.01150
23	0.03031	0.03867	0.02299	0.02090	0.02508	0.68226	0.01568	0.03240	0.02299	0.01986	0.01254	0.01463	0.01045	0.00836	0.00732	0.00209	0.01463	0.00523	0.00418	0.00941
24	0.01043	0.00843	0.00943	0.00997	0.01239	0.00743	0.00787	0.01285	0.01839	0.02242	0.07103	0.11286	0.48501	0.02124	0.01001	0.00300	0.00494	0.15781	0.00752	0.00698
25	0.01775	0.01775	0.02485	0.02130	0.02130	0.02485	0.01775	0.01953	0.01243	0.01953	0.01065	0.01775	0.01065	0.01420	0.02663	0.00355	0.69998	0.00710	0.00355	0.00888
26	0.02930	0.03689	0.02349	0.02212	0.05139	0.62387	0.01616	0.03149	0.02231	0.02012	0.01257	0.01501	0.01056	0.00859	0.00825	0.00217	0.04666	0.00540	0.00414	0.00952
27	0.02301	0.06595	0.02511	0.02072	0.02279	0.28890	0.01670	0.02496	0.01689	0.01964	0.01145	0.01623	0.01056	0.01145	0.01767	0.00286	0.38594	0.00619	0.00380	0.00918
28	0.01956	0.01875	0.03200	0.12017	0.59791	0.01914	0.02464	0.02445	0.01823	0.02588	0.01517	0.02025	0.01263	0.00733	0.00804	0.00244	0.00977	0.00723	0.00397	0.01243
29	0.01025	0.00830	0.00914	0.00907	0.01155	0.00718	0.00690	0.01284	0.01964	0.02474	0.22721	0.07433	0.48099	0.01964	0.00967	0.00274	0.00421	0.04664	0.00789	0.00709
30	0.01532	0.01442	0.02434	0.69533	0.05589	0.01803	0.02253	0.02073	0.01622	0.02073	0.01442	0.02163	0.01082	0.00811	0.00811	0.00270	0.01082	0.00721	0.00361	0.00901
31	0.01974	0.03614	0.53105	0.02324	0.06847	0.01775	0.02678	0.02788	0.01819	0.12962	0.01742	0.01899	0.01201	0.00806	0.00780	0.00255	0.01104	0.00641	0.00453	0.01233
32	0.01781	0.03126	0.33965	0.02903	0.03900	0.01974	0.35239	0.02585	0.01821	0.02585	0.01555	0.01967	0.01136	0.00725	0.00870	0.00266	0.01289	0.00790	0.00379	0.01143
33	0.01250	0.00916	0.01228	0.01384	0.01585	0.00893	0.01194	0.01596	0.01865	0.02389	0.04942	0.08932	0.14781	0.02211	0.01094	0.00357	0.00692	0.51207	0.00748	0.00737
34	0.02018	0.01743	0.01835	0.01651	0.02110	0.02018	0.01284	0.04312	0.64956	0.03394	0.03303	0.03027	0.02477	0.01101	0.00826	0.00275	0.00642	0.00917	0.00826	0.01284
35	0.01627	0.04197	0.67279	0.02313	0.03512	0.01884	0.02998	0.02570	0.01713	0.02570	0.01456	0.01713	0.01028	0.00771	0.00771	0.00257	0.01199	0.00600	0.00343	0.01199
36	0.00961	0.00813	0.00831	0.00846	0.01102	0.00683	0.00627	0.01162	0.01826	0.02183	0.07926	0.12756	0.61335	0.02093	0.00965	0.00278	0.00416	0.01759	0.00753	0.00683
37	0.00989	0.00706	0.00942	0.01130	0.01177	0.00659	0.00753	0.01130	0.01554	0.02071	0.04472	0.70954	0.05367	0.02542	0.01036	0.00330	0.00471	0.02307	0.00753	0.00659
38	0.01180	0.00787	0.00885	0.00885	0.00885	0.00787	0.00492	0.01180	0.01180	0.01573	0.02557	0.05310	0.02950	0.71483	0.04130	0.00787	0.00787	0.01180	0.00492	0.00492
39	0.01627	0.04197	0.67279	0.02313	0.03512	0.01884	0.02998	0.02570	0.01713	0.02570	0.01456	0.01713	0.01028	0.00771	0.00771	0.00257	0.01199	0.00600	0.00343	0.01199
40	0.02090	0.01854	0.02851	0.03954	0.46784	0.01915	0.02118	0.03029	0.18070	0.05971	0.02064	0.02307	0.01626	0.00834	0.00810	0.00250	0.00868	0.00777	0.00540	0.01290
41	0.01166	0.00844	0.01176	0.01176	0.01277	0.00945	0.00855	0.01367	0.01266	0.01789	0.02290	0.03836	0.02310	0.26053	0.48685	0.01146	0.01750	0.00964	0.00452	0.00653
42	0.03031	0.03867	0.02299	0.02090	0.02508	0.68226	0.01568	0.03240	0.02299	0.01986	0.01254	0.01463	0.01045	0.00836	0.00732	0.00209	0.01463	0.00523	0.00418	0.00941
43	0.01026	0.00825	0.00915	0.00892	0.01137	0.00714	0.00669	0.01294	0.02008	0.02568	0.28672	0.07190	0.45406	0.01915	0.00958	0.00267	0.00401	0.01626	0.00803	0.00714
44	0.02053	0.01431	0.01721	0.01248	0.01951	0.01103	0.01005	0.02405	0.01804	0.14829	0.01775	0.01887	0.01355	0.00677	0.00642	0.00145	0.00618	0.00544	0.00580	0.62228
45	0.03641	0.01381	0.01883	0.01444	0.02071	0.01193	0.01193	0.03954	0.02322	0.66984	0.03201	0.02762	0.02009	0.01004	0.00816	0.00251	0.00690	0.00816	0.01004	0.01381
46	0.00998	0.00714	0.00950	0.01123	0.01179	0.00666	0.00754	0.01154	0.01598	0.02143	0.08186	0.67036	0.05505	0.02489	0.01031	0.00325	0.00465	0.02256	0.00762	0.00666
47	0.01159	0.00869	0.01304	0.01304	0.01449	0.01014	0.01014	0.01449	0.01304	0.01884	0.02173	0.03188	0.02029	0.06086	0.68268	0.01304	0.02173	0.00869	0.00435	0.00724
48	0.01180	0.00787	0.00885	0.00885	0.00885	0.00787	0.00492	0.01180	0.01180	0.01573	0.02557	0.05310	0.02950	0.71483	0.04130	0.00787	0.00787	0.01180	0.00492	0.00492
49	0.03614	0.01423	0.01909	0.01464	0.02093	0.01256	0.01209	0.06800	0.02394	0.64038	0.03142	0.02723	0.01979	0.01003	0.00816	0.00251	0.00700	0.00812	0.00995	0.01381
50	0.02008	0.01928	0.03294	0.04981	0.66422	0.01928	0.02490	0.02490	0.01848	0.02651	0.01526	0.02008	0.01285	0.00723	0.00803	0.00241	0.00964	0.00723	0.00402	0.01285
51	0.02008	0.01928	0.03294	0.04981	0.66422	0.01928	0.02490	0.02490	0.01848	0.02651	0.01526	0.02008	0.01285	0.00723	0.00803	0.00241	0.00964	0.00723	0.00402	0.01285
52	0.03641	0.01381	0.01883	0.01444	0.02071	0.01193	0.01193	0.03954	0.02322	0.66984	0.03201	0.02762	0.02009	0.01004	0.00816	0.00251	0.00690	0.00816	0.01004	0.01381
53	0.02008	0.01928	0.03294	0.04981	0.66422	0.01928	0.02490	0.02490	0.01848	0.02651	0.01526	0.02008	0.01285	0.00723	0.00803	0.00241	0.00964	0.00723	0.00402	0.01285
54	0.00989	0.00706	0.00942	0.01130	0.01177	0.00659	0.00753	0.01130	0.01554	0.02071	0.04472	0.70954	0.05367	0.02542	0.01036	0.00330	0.00471	0.02307	0.00753	0.00659
55	0.02226	0.01846	0.01952	0.01693	0.02189	0.02115	0.01335	0.15891	0.53038	0.03730	0.03039	0.02817	0.02263	0.01076	0.00823	0.00269	0.00691	0.00881	0.00823	0.01303
56	0.03254	0.02001	0.02267	0.01738	0.02380	0.02112	0.01436	0.45470	0.03359	0.24004	0.02331	0.02197	0.01572	0.00983	0.00813	0.00246	0.00831	0.00757	0.00871	0.01380
57	0.01180	0.00787	0.00885	0.00885	0.00885	0.00787	0.00492	0.01180	0.01180	0.01573	0.02557	0.05310	0.02950	0.71483	0.04130	0.00787	0.00787	0.01180	0.00492	0.00492
58	0.03085	0.02273	0.02435	0.01867	0.02516	0.02516	0.01542	0.63716	0.03815	0.05114	0.01948	0.01948	0.01380	0.00974	0.00812	0.00244	0.00893	0.00731	0.00812	0.01380
59	0.00989	0.00706	0.00942	0.01130	0.01177	0.00659	0.00753	0.01130	0.01554	0.02071	0.04472	0.70954	0.05367	0.02542	0.01036	0.00330	0.00471	0.02307	0.00753	0.00659
60	0.77215	0.01569	0.01193	0.01067	0.01569	0.01820	0.00879	0.02385	0.01381	0.03641	0.01130	0.01318	0.00879	0.00753	0.00502	0.00251	0.00628	0.00439	0.00502	0.00879
61	0.01532	0.01442	0.02434	0.69533	0.05589	0.01803	0.02253	0.02073	0.01622	0.02073	0.01442	0.02163	0.01082	0.00811	0.00811	0.00270	0.01082	0.00721	0.00361	0.00901
62	0.02610	0.01815	0.01929	0.01532	0.02042	0.01985	0.01248	0.45066	0.03178	0.04484	0.02159	0.02273	0.01591	0.00965	0.00738	0.00227	0.00738	0.00738	0.23489	0.01192
63	0.02804	0.02973	0.02223	0.01932	0.02416	0.36442	0.01494	0.18308	0.17517	0.03086	0.01910	0.01953	0.01466	0.00933	0.00774	0.00233	0.01129	0.00667	0.00611	0.01130
64	0.03286	0.01950	0.02235	0.01714	0.02355	0.02037	0.01416	0.42081	0.03275	0.27512	0.02402	0.02243	0.01608	0.00985	0.00813	0.00246	0.00820	0.00761	0.00881	0.01380
65	0.00989	0.00706	0.00942	0.01130	0.01177	0.00659	0.00753	0.01130	0.01554	0.02071	0.04472	0.70954	0.05367	0.02542	0.01036	0.00330	0.00471	0.02307	0.00753	0.00659
66	0.01139	0.00829	0.01072	0.01011	0.01207	0.00762	0.00759	0.01514	0.02276	0.03203	0.63243	0.06144	0.10439	0.01678	0.00957	0.00256	0.00384	0.01479	0.00887	0.00762
67	0.01016	0.00824	0.00901	0.00882	0.01131	0.00709	0.00661	0.01275	0.01984	0.02512	0.25648	0.07282	0.48465	0.01936	0.00958	0.00268	0.00402	0.01639	0.00796	0.00709
68	0.02169	0.71972	0.04252	0.01388	0.02083	0.03211	0.01388	0.02430	0.01649	0.01909	0.01128	0.01302	0.01041	0.00694	0.00521	0.00174	0.00868	0.00434	0.00347	0.01041
69	0.00975	0.00823	0.00845	0.00839	0.01106	0.00692	0.00629	0.01196	0.01888	0.02284	0.13205	0.07658	0.61051	0.02021	0.00959	0.00272	0.00409	0.01691	0.00766	0.00692
70	0.77215	0.01569	0.01193	0.01067	0.01569	0.01820	0.00879	0.02385	0.01381	0.03641	0.01130	0.01318	0.00879	0.00753	0.00502	0.00251	0.00628	0.00439	0.00502	0.00879
71	0.17190	0.01031	0.01170	0.01101	0.01309	0.01108	0.00794	0.01781	0.01370	0.08494	0.02211	0.03609	0.02158	0.30708	0.21888	0.00775	0.01152	0.00900	0.00527	0.00727
72	0.03072	0.02651	0.02403	0.01920	0.02514	0.18086	0.01548	0.49386	0.03456	0.04373	0.01784	0.01833	0.01301	0.00941	0.00793	0.00235	0.01028	0.00681	0.00718	0.01276
73	0.03116	0.02222	0.02404	0.01843	0.02491	0.02441	0.01522	0.60327	0.03730	0.08622	0.02019	0.01994	0.01416	0.00976	0.00812	0.00244	0.00881	0.00735	0.00823	0.01380
74	0.01016	0.00726	0.00973	0.01161	0.01220	0.00683	0.00801	0.01177	0.01581	0.02102	0.04457	0.65622	0.05307	0.02516	0.01043	0.00333	0.00495	0.07367	0.00753	0.00667
75	0.02771	0.24451	0.02890	0.01878	0.02380	0.48576	0.01514	0.02995	0.02103	0.01963	0.01216	0.01414	0.01044	0.00793	0.00668	0.00198	0.01283	0.00496	0.00397	0.00971
76	0.00984	0.00806	0.00868	0.00889	0.01120	0.00690	0.00653	0.01199	0.01854	0.02288	0.13871	0.16910	0.50886	0.02084	0.00970	0.00280	0.00417	0.01774	0.00768	0.00690
77	0.02775	0.03245	0.02188	0.01967	0.02407	0.48036	0.01494	0.06539	0.18371	0.02502	0.01812	0.01887	0.01427	0.00911	0.00760	0.00228	0.01225	0.00634	0.00542	0.01050
78	0.15987	0.01466	0.01590	0.01176	0.01856	0.01222	0.00946	0.02108	0.01625	0.02833	0.01383	0.01614	0.01141	0.00630	0.00582	0.00145	0.00606	0.00473	0.00485	0.62133
79	0.01148	0.00829	0.01085	0.01021	0.01212	0.00766	0.00766	0.01531	0.02297	0.03254	0.65994	0.06061	0.07656	0.01659	0.00957	0.00255	0.00383	0.01467	0.00893	0.00766
80	0.01159	0.00869	0.01304	0.01304	0.01449	0.01014	0.01014	0.01449	0.01304	0.01884	0.02173	0.03188	0.02029	0.06086	0.68268	0.01304	0.02173	0.00869	0.00435	0.00724
81	0.01627	0.04197	0.67279	0.02313	0.03512	0.01884	0.02998	0.02570	0.01713	0.02570	0.01456	0.01713	0.01028	0.00771	0.00771	0.00257	0.01199	0.00600	0.00343	0.01199
82	0.77215	0.01569	0.01193	0.01067	0.01569	0.01820	0.00879	0.02385	0.01381	0.03641	0.01130	0.01318	0.00879	0.00753	0.00502	0.00251	0.00628	0.00439	0.00502	0.00879
83	0.01159	0.00869	0.01304	0.01304	0.01449	0.01014	0.01014	0.01449	0.01304	0.01884	0.02173	0.03188	0.02029	0.06086	0.68268	0.01304	0.02173	0.00869	0.00435	0.00724
84	0.01148	0.00829	0.01085	0.01021	0.01212	0.00766	0.00766	0.01531	0.02297	0.03254	0.65994	0.06061	0.07656	0.01659	0.00957	0.00255	0.00383	0.01467	0.00893	0.00766
85	0.00989	0.00706	0.00942	0.01130	0.01177	0.00659	0.00753	0.01130	0.01554	0.02071	0.04472	0.70954	0.05367	0.02542	0.01036	0.00330	0.00471	0.02307	0.00753	0.00659
86	0.01915	0.02189	0.04788	0.03420	0.04241	0.02052	0.63475	0.02599	0.01915	0.02599	0.01642	0.02189	0.01231	0.00684	0.00958	0.00274	0.01368	0.00958	0.00410	0.01094
87	0.01933	0.01851	0.03157	0.15234	0.56759	0.01908	0.02453	0.02424	0.01812	0.02559	0.01513	0.02033	0.01253	0.00737	0.00805	0.00246	0.00983	0.00723	0.00395	0.01224
88	0.03031	0.03867	0.02299	0.02090	0.02508	0.68226	0.01568	0.03240	0.02299	0.01986	0.01254	0.01463	0.01045	0.00836	0.00732	0.00209	0.01463	0.00523	0.00418	0.00941
89	0.03065	0.02156	0.02351	0.01798	0.02449	0.02333	0.01484	0.55572	0.03583	0.10332	0.02032	0.02005	0.01426	0.00959	0.00802	0.00238	0.00861	0.00726	0.00812	0.05017
90	0.01152	0.00786	0.00979	0.01079	0.01138	0.00770	0.00739	0.01287	0.01459	0.01965	0.03544	0.28359	0.04065	0.31948	0.02358	0.00528	0.00655	0.12868	0.03714	0.00608
91	0.01778	0.16697	0.44901	0.02323	0.03363	0.02164	0.12799	0.02548	0.01735	0.02450	0.01425	0.01715	0.01064	0.00742	0.00755	0.00244	0.01165	0.00628	0.00355	0.01152
92	0.01169	0.00830	0.01106	0.01106	0.01182	0.00906	0.00767	0.01322	0.01245	0.01737	0.02355	0.04193	0.02465	0.37056	0.37894	0.01059	0.01517	0.01016	0.00462	0.00614
93	0.07510	0.03729	0.02233	0.02029	0.02452	0.64217	0.01526	0.03189	0.02244	0.02086	0.01247	0.01455	0.01035	0.00831	0.00718	0.00212	0.01413	0.00518	0.00423	0.00937
94	0.00978	0.00823	0.00848	0.00842	0.01108	0.00693	0.00632	0.01201	0.01895	0.02299	0.14040	0.07633	0.60205	0.02015	0.00959	0.00272	0.00408	0.01688	0.00768	0.00693
95	0.77215	0.01569	0.01193	0.01067	0.01569	0.01820	0.00879	0.02385	0.01381	0.03641	0.01130	0.01318	0.00879	0.00753	0.00502	0.00251	0.00628	0.00439	0.00502	0.00879
96	0.77215	0.01569	0.01193	0.01067	0.01569	0.01820	0.00879	0.02385	0.01381	0.03641	0.01130	0.01318	0.00879	0.00753	0.00502	0.00251	0.00628	0.00439	0.00502	0.00879
97	0.02161	0.48633	0.12295	0.01799	0.02543	0.09659	0.08262	0.02550	0.01753	0.02077	0.01239	0.01467	0.01060	0.00718	0.00622	0.00199	0.01026	0.00521	0.00361	0.01057
98	0.01159	0.00869	0.01304	0.01304	0.01449	0.01014	0.01014	0.01449	0.01304	0.01884	0.02173	0.03188	0.02029	0.06086	0.68268	0.01304	0.02173	0.00869	0.00435	0.00724
99	0.01180	0.00787	0.00885	0.00885	0.00885	0.00787	0.00492	0.01180	0.01180	0.01573	0.02557	0.05310	0.02950	0.71483	0.04130	0.00787	0.00787	0.01180	0.00492	0.00492
100	0.02169	0.71972	0.04252	0.01388	0.02083	0.03211	0.01388	0.02430	0.01649	0.01909	0.01128	0.01302	0.01041	0.00694	0.00521	0.00174	0.00868	0.00434	0.00347	0.01041
101	0.01777	0.01697	0.02854	0.34392	0.34907	0.01902	0.02341	0.02269	0.01710	0.02347	0.01462	0.02066	0.01180	0.00803	0.00912	0.00261	0.04933	0.00721	0.00380	0.01087
102	0.00987	0.00712	0.00936	0.01115	0.01173	0.00660	0.00747	0.01131	0.01568	0.02077	0.04651	0.67947	0.08258	0.02519	0.01032	0.00327	0.00468	0.02278	0.00753	0.00660
103	0.00959	0.00822	0.00822	0.00822	0.01096	0.00685	0.00617	0.01165	0.01850	0.02192	0.08220	0.07809	0.66092	0.02055	0.00959	0.00274	0.00411	0.01713	0.00754	0.00685
104	0.01159	0.00869	0.01304	0.01304	0.01449	0.01014	0.01014	0.01449	0.01304	0.01884	0.02173	0.03188	0.02029	0.06086	0.68268	0.01304	0.02173	0.00869	0.00435	0.00724
105	0.10763	0.08872	0.23647	0.01898	0.02638	0.20802	0.01896	0.06004	0.05065	0.08795	0.01617	0.01740	0.01199	0.00830	0.00718	0.00236	0.01093	0.00589	0.00492	0.01108
106	0.01637	0.01552	0.02750	0.03082	0.25073	0.01519	0.16288	0.02143	0.04744	0.02485	0.02693	0.23328	0.02764	0.01372	0.00930	0.00285	0.00883	0.04902	0.00551	0.01019
107	0.00989	0.00706	0.00942	0.01130	0.01177	0.00659	0.00753	0.01130	0.01554	0.02071	0.04472	0.70954	0.05367	0.02542	0.01036	0.00330	0.00471	0.02307	0.00753	0.00659
108	0.01725	0.01796	0.05611	0.17308	0.32396	0.01734	0.11217	0.02227	0.01806	0.02453	0.02517	0.02916	0.10847	0.00935	0.00850	0.00257	0.00976	0.00899	0.00444	0.01085
109	0.01967	0.01886	0.03219	0.10550	0.61173	0.01917	0.02470	0.02454	0.01828	0.02601	0.01519	0.02022	0.01268	0.00731	0.00804	0.00244	0.00974	0.00723	0.00398	0.01252
110	0.02285	0.52753	0.09705	0.01597	0.02296	0.12689	0.01570	0.05092	0.01840	0.02114	0.01211	0.01390	0.01055	0.00734	0.00587	0.00189	0.00988	0.00475	0.00376	0.01055
111	0.02523	0.03076	0.03084	0.02502	0.02987	0.39258	0.20497	0.02873	0.02041	0.02169	0.01347	0.01726	0.01105	0.00868	0.01058	0.00248	0.10570	0.00680	0.00407	0.00981
112	0.01101	0.00828	0.01019	0.00971	0.01183	0.00745	0.00728	0.01440	0.02185	0.02989	0.51557	0.06498	0.22259	0.01758	0.00958	0.00260	0.00390	0.01529	0.00858	0.00745
113	0.02540	0.03042	0.02441	0.19563	0.10167	0.44192	0.01842	0.02863	0.02079	0.02080	0.01331	0.01700	0.01080	0.00818	0.00760	0.00228	0.01312	0.00595	0.00402	0.00968
114	0.01028	0.00825	0.00917	0.00894	0.01138	0.00714	0.00670	0.01297	0.02011	0.02576	0.29136	0.07176	0.44937	0.01912	0.00958	0.00267	0.00401	0.01624	0.00804	0.00714
115	0.01050	0.00803	0.00963	0.00970	0.01164	0.00716	0.00709	0.01323	0.01994	0.02646	0.33447	0.18983	0.28358	0.01969	0.00973	0.00276	0.00410	0.01715	0.00816	0.00716
116	0.01683	0.01442	0.01683	0.01202	0.01923	0.01082	0.00961	0.02043	0.01683	0.02644	0.01442	0.01683	0.01202	0.00601	0.00601	0.00120	0.00601	0.00481	0.00481	0.76444
