[name]
unknown

[dist]
# distance from previous block
# <min> <max>
0	214

[block]
# block no. 0 follows, 18 sequences, length 8
# corresponding to MSA columns:
# 241-248
name=unknown_A
#
# <colnr> <probs for GDERKNQSTAVLIFYWHMCP>
#	G	D	E	R	K	N	Q	S	T	A	V	L	I	F	Y	W	H	M	C	P
0	0.01224	0.00934	0.01143	0.01231	0.01446	0.00853	0.00953	0.01519	0.02103	0.02703	0.15349	0.21626	0.27261	0.02429	0.01149	0.00349	0.00570	0.15482	0.00875	0.00800
1	0.01954	0.02104	0.04435	0.03273	0.04011	0.02029	0.44322	0.02617	0.01995	0.02739	0.02008	0.02759	0.01618	0.02299	0.16799	0.00600	0.01775	0.01059	0.00471	0.01134
2	0.02561	0.10575	0.03202	0.03610	0.28877	0.22883	0.02117	0.02933	0.02200	0.02581	0.01918	0.08715	0.01811	0.01071	0.00871	0.00262	0.01209	0.00890	0.00495	0.01218
3	0.01740	0.03563	0.41589	0.02383	0.03411	0.01836	0.08509	0.02618	0.02127	0.03104	0.16603	0.03222	0.03058	0.01113	0.00947	0.00292	0.01146	0.00966	0.00551	0.01222
4	0.01409	0.01215	0.01686	0.02202	0.16429	0.01128	0.01276	0.01723	0.02068	0.02696	0.11524	0.19725	0.29393	0.02026	0.01060	0.00312	0.00633	0.01778	0.00769	0.00947
5	0.02838	0.02925	0.02347	0.09493	0.02895	0.29191	0.01622	0.16845	0.02693	0.03051	0.01927	0.02732	0.01701	0.13957	0.01608	0.00381	0.01295	0.00821	0.00593	0.01084
6	0.02007	0.01832	0.03044	0.12164	0.40029	0.01883	0.02451	0.02530	0.02065	0.02855	0.02497	0.04311	0.02381	0.01259	0.01000	0.00314	0.01046	0.14537	0.00546	0.01248
7	0.02353	0.01860	0.02485	0.03070	0.24035	0.05858	0.01812	0.05203	0.06255	0.11283	0.03078	0.03795	0.07021	0.06928	0.07800	0.00458	0.01119	0.03693	0.00669	0.01227

[dist]
# distance from previous block
# <min> <max>
0	1

[block]
# block no. 1 follows, 18 sequences, length 20
# corresponding to MSA columns:
# 250-269
name=unknown_B
#
# <colnr> <probs for GDERKNQSTAVLIFYWHMCP>
#	G	D	E	R	K	N	Q	S	T	A	V	L	I	F	Y	W	H	M	C	P
0	0.02042	0.01847	0.08948	0.20359	0.03679	0.01627	0.10761	0.02637	0.02108	0.10136	0.09713	0.03230	0.02532	0.01068	0.00905	0.00282	0.00977	0.00971	0.15075	0.01103
1	0.01778	0.02400	0.20591	0.02318	0.09631	0.01608	0.01980	0.09215	0.02175	0.03029	0.03253	0.31164	0.03444	0.01791	0.01017	0.00323	0.00913	0.01578	0.00670	0.01121
2	0.03303	0.02467	0.02823	0.03124	0.21531	0.14378	0.01959	0.11532	0.02692	0.23454	0.02376	0.02428	0.01693	0.00992	0.00899	0.00270	0.01088	0.00810	0.00755	0.01428
3	0.02605	0.02073	0.02078	0.01725	0.02238	0.06525	0.01360	0.33343	0.03279	0.04233	0.03996	0.09914	0.15081	0.05813	0.01214	0.00329	0.00887	0.01250	0.00842	0.01214
4	0.01286	0.00874	0.01032	0.01072	0.01099	0.00858	0.00642	0.01352	0.01517	0.02039	0.07618	0.19136	0.04310	0.49081	0.03664	0.00736	0.00781	0.01631	0.00653	0.00619
5	0.22900	0.02866	0.02368	0.14904	0.07539	0.27336	0.01785	0.05226	0.02186	0.02986	0.01475	0.01834	0.01173	0.00911	0.00782	0.00268	0.01237	0.00636	0.00503	0.01084
6	0.15814	0.03665	0.39296	0.02951	0.15163	0.02128	0.02817	0.02850	0.01897	0.03159	0.01593	0.01920	0.01189	0.00858	0.00821	0.00286	0.01180	0.00672	0.00436	0.01307
7	0.02055	0.03380	0.31779	0.03238	0.20234	0.04436	0.02722	0.06744	0.02197	0.03064	0.02622	0.02873	0.08550	0.01051	0.00910	0.00285	0.01160	0.00877	0.00504	0.01318
8	0.22188	0.01746	0.02387	0.10667	0.26221	0.01848	0.01855	0.02426	0.01899	0.03127	0.02945	0.05600	0.11235	0.01162	0.00853	0.00290	0.00877	0.00977	0.00561	0.01136
9	0.01562	0.01347	0.01635	0.01567	0.01671	0.05399	0.01171	0.01765	0.01527	0.02087	0.02515	0.09720	0.02636	0.20144	0.28463	0.00954	0.13350	0.01164	0.00524	0.00797
10	0.09449	0.03097	0.19205	0.02299	0.03150	0.09608	0.09185	0.15857	0.02626	0.09996	0.02021	0.02197	0.01451	0.00958	0.00869	0.00278	0.01167	0.00771	0.04502	0.01315
11	0.02630	0.02891	0.02994	0.11516	0.26156	0.24839	0.02238	0.03317	0.09254	0.02743	0.01844	0.02207	0.01488	0.00929	0.00883	0.00268	0.01271	0.00761	0.00513	0.01257
12	0.01237	0.00993	0.01097	0.01085	0.01348	0.00908	0.00797	0.01665	0.06320	0.02801	0.20041	0.13295	0.37045	0.05698	0.01274	0.00342	0.00506	0.01841	0.00879	0.00830
13	0.01662	0.01160	0.01624	0.01420	0.01632	0.01147	0.06184	0.01990	0.04871	0.06814	0.11868	0.05285	0.03792	0.38510	0.07577	0.00710	0.00977	0.01290	0.00676	0.00809
14	0.02401	0.02182	0.05828	0.02874	0.18660	0.02182	0.01900	0.13143	0.24256	0.03818	0.02644	0.02738	0.02022	0.01041	0.00886	0.00277	0.00884	0.00882	0.05976	0.05406
15	0.02823	0.03648	0.09765	0.08348	0.06923	0.40081	0.01988	0.03234	0.02346	0.02510	0.01654	0.01992	0.01327	0.00940	0.00827	0.00249	0.01412	0.00666	0.08170	0.01098
16	0.02173	0.02461	0.05327	0.03965	0.07887	0.02314	0.55654	0.02935	0.02163	0.02944	0.01851	0.02466	0.01396	0.00776	0.01074	0.00308	0.01523	0.01069	0.00464	0.01250
17	0.02273	0.02182	0.03727	0.05636	0.62003	0.02182	0.02818	0.02818	0.02091	0.03000	0.01727	0.02273	0.01454	0.00818	0.00909	0.00273	0.01091	0.00818	0.00455	0.01454
18	0.01930	0.01827	0.03029	0.27297	0.34029	0.01960	0.02463	0.02462	0.01996	0.02695	0.02603	0.03127	0.08608	0.01036	0.00934	0.00290	0.01065	0.00952	0.00485	0.01211
19	0.01334	0.00946	0.01319	0.01319	0.01425	0.01052	0.00952	0.01525	0.01419	0.01998	0.02544	0.04284	0.02571	0.24922	0.43127	0.05055	0.01902	0.01079	0.00506	0.00719

[dist]
# distance from previous block
# <min> <max>
0	1

[block]
# block no. 2 follows, 18 sequences, length 21
# corresponding to MSA columns:
# 271-291
name=unknown_C
#
# <colnr> <probs for GDERKNQSTAVLIFYWHMCP>
#	G	D	E	R	K	N	Q	S	T	A	V	L	I	F	Y	W	H	M	C	P
0	0.03041	0.02138	0.02275	0.01795	0.02398	0.02344	0.01466	0.44581	0.03712	0.05189	0.02404	0.02513	0.01762	0.01094	0.00849	0.00260	0.00863	0.00834	0.19098	0.01383
1	0.02638	0.02369	0.02060	0.01787	0.02283	0.17485	0.01383	0.16949	0.08060	0.07408	0.03735	0.11403	0.12061	0.01480	0.00945	0.00280	0.00967	0.01184	0.00784	0.04739
2	0.02230	0.02274	0.01809	0.01742	0.02033	0.23769	0.01288	0.07482	0.02270	0.02668	0.03029	0.25494	0.03184	0.02399	0.08828	0.00442	0.01213	0.01402	0.05493	0.00951
3	0.03532	0.02505	0.02714	0.02081	0.02814	0.02748	0.01719	0.55329	0.04205	0.09558	0.02299	0.02266	0.01609	0.01105	0.00919	0.00276	0.00995	0.00833	0.00933	0.01562
4	0.02121	0.02074	0.03670	0.20888	0.41052	0.02161	0.09175	0.02710	0.02034	0.02824	0.01718	0.02341	0.01388	0.00839	0.00931	0.00286	0.01178	0.00848	0.00444	0.01317
5	0.03430	0.04376	0.02602	0.02365	0.02839	0.64045	0.01774	0.03666	0.02602	0.02247	0.01419	0.01656	0.01183	0.00946	0.00828	0.00237	0.01656	0.00591	0.00473	0.01064
6	0.01904	0.01632	0.01904	0.01360	0.02176	0.01224	0.01088	0.02312	0.01904	0.02992	0.01632	0.01904	0.01360	0.00680	0.00680	0.00136	0.00680	0.00544	0.00544	0.73344
7	0.01904	0.01632	0.01904	0.01360	0.02176	0.01224	0.01088	0.02312	0.01904	0.02992	0.01632	0.01904	0.01360	0.00680	0.00680	0.00136	0.00680	0.00544	0.00544	0.73344
8	0.01312	0.00984	0.01476	0.01476	0.01640	0.01148	0.01148	0.01640	0.01476	0.02131	0.02459	0.03607	0.02295	0.06886	0.64092	0.01476	0.02459	0.00984	0.00492	0.00820
9	0.01300	0.00939	0.01227	0.01155	0.01372	0.00866	0.00866	0.01733	0.02599	0.03682	0.61519	0.06859	0.08664	0.01877	0.01083	0.00289	0.00433	0.01661	0.01011	0.00866
10	0.01335	0.00890	0.01001	0.01001	0.01001	0.00890	0.00556	0.01335	0.01335	0.01780	0.02893	0.06009	0.03338	0.67731	0.04673	0.00890	0.00890	0.01335	0.00556	0.00556
11	0.02009	0.02009	0.02812	0.02411	0.02411	0.02812	0.02009	0.02210	0.01406	0.02210	0.01205	0.02009	0.01205	0.01607	0.03013	0.00402	0.66051	0.00804	0.00402	0.01004
12	0.01904	0.01632	0.01904	0.01360	0.02176	0.01224	0.01088	0.02312	0.01904	0.02992	0.01632	0.01904	0.01360	0.00680	0.00680	0.00136	0.00680	0.00544	0.00544	0.73344
13	0.01235	0.01060	0.01073	0.01047	0.01383	0.00963	0.00792	0.01761	0.09350	0.02650	0.08608	0.08162	0.54302	0.02191	0.01066	0.00310	0.00498	0.01826	0.00863	0.00860
14	0.01312	0.00984	0.01476	0.01476	0.01640	0.01148	0.01148	0.01640	0.01476	0.02131	0.02459	0.03607	0.02295	0.06886	0.64092	0.01476	0.02459	0.00984	0.00492	0.00820
15	0.03490	0.02572	0.02756	0.02113	0.02847	0.02847	0.01745	0.58942	0.04317	0.05787	0.02204	0.02204	0.01561	0.01102	0.00919	0.00276	0.01010	0.00827	0.00919	0.01561
16	0.03207	0.15687	0.03064	0.02075	0.02726	0.22109	0.01705	0.27945	0.06365	0.03879	0.01865	0.01959	0.01437	0.01001	0.00828	0.00250	0.01191	0.00700	0.00679	0.01327
17	0.01624	0.01010	0.01331	0.01210	0.01483	0.00922	0.00922	0.02048	0.02602	0.10456	0.54867	0.06430	0.07929	0.01792	0.01065	0.00288	0.00473	0.01576	0.01025	0.00946
18	0.02298	0.14689	0.22088	0.01991	0.02919	0.11352	0.02049	0.06038	0.02151	0.02871	0.01577	0.01820	0.01251	0.00824	0.00761	0.00219	0.01113	0.00601	0.00479	0.22910
19	0.01655	0.01473	0.01817	0.17781	0.02996	0.06981	0.01651	0.02071	0.02062	0.02545	0.04220	0.11203	0.09966	0.01983	0.01114	0.00361	0.00953	0.27570	0.00702	0.00895
20	0.02378	0.02381	0.03625	0.05339	0.56625	0.07806	0.02723	0.02895	0.02137	0.02931	0.01699	0.02216	0.01430	0.00830	0.00902	0.00269	0.01142	0.00797	0.00456	0.01419

[dist]
# distance from previous block
# <min> <max>
0	20

[block]
# block no. 3 follows, 18 sequences, length 19
# corresponding to MSA columns:
# 322-340
name=unknown_D
#
# <colnr> <probs for GDERKNQSTAVLIFYWHMCP>
#	G	D	E	R	K	N	Q	S	T	A	V	L	I	F	Y	W	H	M	C	P
0	0.01954	0.02234	0.10494	0.03792	0.27638	0.01978	0.11705	0.02528	0.01899	0.02725	0.01892	0.02581	0.01603	0.02350	0.16576	0.00583	0.04902	0.00885	0.00455	0.01228
1	0.02091	0.07226	0.09568	0.02081	0.05105	0.09442	0.01735	0.03198	0.19915	0.02812	0.02450	0.02821	0.02009	0.02726	0.18857	0.00624	0.04704	0.00864	0.00600	0.01173
2	0.02093	0.02373	0.07246	0.02423	0.02555	0.06942	0.02095	0.02361	0.01527	0.02264	0.01253	0.01980	0.01201	0.01508	0.02706	0.00382	0.56872	0.00780	0.00406	0.01035
3	0.01734	0.01632	0.02754	0.65524	0.06324	0.02040	0.02550	0.02346	0.01836	0.02346	0.01632	0.02448	0.01224	0.00918	0.00918	0.00306	0.01224	0.00816	0.00408	0.01020
4	0.01335	0.00890	0.01001	0.01001	0.01001	0.00890	0.00556	0.01335	0.01335	0.01780	0.02893	0.06009	0.03338	0.67731	0.04673	0.00890	0.00890	0.01335	0.00556	0.00556
5	0.02273	0.02182	0.03727	0.05636	0.62003	0.02182	0.02818	0.02818	0.02091	0.03000	0.01727	0.02273	0.01454	0.00818	0.00909	0.00273	0.01091	0.00818	0.00455	0.01454
6	0.01137	0.00915	0.01018	0.01057	0.01307	0.00796	0.00786	0.01392	0.02097	0.02615	0.14584	0.18702	0.42759	0.02378	0.01110	0.00324	0.00493	0.04875	0.00871	0.00785
7	0.02585	0.02775	0.03423	0.04752	0.46011	0.18903	0.02536	0.03047	0.02229	0.02796	0.01644	0.02106	0.01381	0.00853	0.00887	0.00263	0.01244	0.00757	0.00460	0.01349
8	0.02273	0.02182	0.03727	0.05636	0.62003	0.02182	0.02818	0.02818	0.02091	0.03000	0.01727	0.02273	0.01454	0.00818	0.00909	0.00273	0.01091	0.00818	0.00455	0.01454
9	0.01312	0.00984	0.01476	0.01476	0.01640	0.01148	0.01148	0.01640	0.01476	0.02131	0.02459	0.03607	0.02295	0.06886	0.64092	0.01476	0.02459	0.00984	0.00492	0.00820
10	0.06056	0.04138	0.49264	0.03055	0.13824	0.02137	0.03157	0.02880	0.01943	0.02993	0.01640	0.01970	0.01204	0.00862	0.00861	0.00287	0.01274	0.00692	0.00410	0.01353
11	0.02920	0.03428	0.02837	0.03170	0.19495	0.39044	0.01987	0.03265	0.02374	0.02549	0.01532	0.01860	0.01281	0.00878	0.00833	0.00235	0.01379	0.00650	0.00476	0.09807
12	0.01111	0.00931	0.00966	0.00957	0.01256	0.00786	0.00718	0.01367	0.02153	0.02624	0.15538	0.08600	0.55305	0.02272	0.01085	0.00308	0.00461	0.01905	0.00872	0.00786
13	0.01335	0.00890	0.01001	0.01001	0.01001	0.00890	0.00556	0.01335	0.01335	0.01780	0.02893	0.06009	0.03338	0.67731	0.04673	0.00890	0.00890	0.01335	0.00556	0.00556
14	0.02875	0.02724	0.02366	0.02059	0.02604	0.19046	0.01625	0.19624	0.24583	0.03880	0.02760	0.03114	0.02197	0.01220	0.00926	0.00289	0.01067	0.04908	0.00799	0.01334
15	0.01659	0.01543	0.02665	0.20110	0.03592	0.01798	0.11392	0.02128	0.01686	0.02339	0.01973	0.02897	0.01709	0.03531	0.28241	0.00819	0.09563	0.00932	0.00453	0.00969
16	0.01119	0.00799	0.01065	0.01278	0.01332	0.00746	0.00852	0.01278	0.01758	0.02344	0.05061	0.67132	0.06073	0.02877	0.01172	0.00373	0.00533	0.02610	0.00852	0.00746
17	0.02493	0.02774	0.01947	0.01758	0.02196	0.31271	0.01337	0.09322	0.02602	0.02764	0.04686	0.04612	0.25558	0.01520	0.00942	0.00271	0.01099	0.01161	0.00679	0.01007
18	0.10623	0.02856	0.22691	0.03557	0.25732	0.02023	0.05418	0.02730	0.01984	0.03070	0.02029	0.03047	0.01759	0.01043	0.00908	0.00300	0.01126	0.07327	0.00493	0.01284

[dist]
# distance from previous block
# <min> <max>
0	2

[block]
# block no. 4 follows, 18 sequences, length 70
# corresponding to MSA columns:
# 343-373,376-382,384-415
name=unknown_E
#
# <colnr> <probs for GDERKNQSTAVLIFYWHMCP>
#	G	D	E	R	K	N	Q	S	T	A	V	L	I	F	Y	W	H	M	C	P
0	0.16358	0.03144	0.32967	0.02227	0.06388	0.01841	0.02327	0.02702	0.01890	0.07123	0.02270	0.12584	0.02023	0.01210	0.00866	0.00301	0.01039	0.00982	0.00554	0.01205
1	0.29010	0.01552	0.01403	0.01495	0.06620	0.05713	0.01035	0.02510	0.01850	0.03568	0.02138	0.02483	0.01689	0.00959	0.00650	0.00247	0.00673	0.00700	0.34733	0.00973
2	0.01110	0.00931	0.00964	0.00956	0.01255	0.00786	0.00717	0.01366	0.02151	0.02619	0.15320	0.08609	0.55526	0.02274	0.01085	0.00308	0.00461	0.01906	0.00871	0.00786
3	0.01312	0.00984	0.01476	0.01476	0.01640	0.01148	0.01148	0.01640	0.01476	0.02131	0.02459	0.03607	0.02295	0.06886	0.64092	0.01476	0.02459	0.00984	0.00492	0.00820
4	0.02638	0.36072	0.15447	0.02021	0.02821	0.22100	0.01989	0.03065	0.02109	0.02333	0.01393	0.01620	0.01177	0.00852	0.00718	0.00227	0.01264	0.00559	0.00417	0.01178
5	0.02920	0.02558	0.02635	0.19768	0.03748	0.14409	0.01929	0.24995	0.07954	0.06948	0.02096	0.02317	0.01536	0.01035	0.00902	0.00280	0.01159	0.00801	0.00702	0.01305
6	0.03127	0.24220	0.03288	0.02119	0.02689	0.45286	0.01711	0.03382	0.02373	0.02220	0.01375	0.01599	0.01181	0.00896	0.00754	0.00224	0.01447	0.00560	0.00448	0.01100
7	0.01313	0.00977	0.01443	0.01443	0.01596	0.01130	0.01108	0.01619	0.01466	0.02108	0.02489	0.03770	0.02366	0.11021	0.60054	0.01436	0.02353	0.01008	0.00496	0.00802
8	0.01619	0.01165	0.01314	0.01199	0.01518	0.01117	0.00905	0.08617	0.02321	0.06091	0.14368	0.06651	0.31325	0.10429	0.06836	0.00471	0.00765	0.01554	0.00832	0.00903
9	0.01087	0.00921	0.00939	0.00954	0.01246	0.00773	0.00708	0.01315	0.02070	0.02471	0.09013	0.12798	0.57855	0.02363	0.01091	0.00314	0.00470	0.01984	0.00853	0.00773
10	0.01904	0.01632	0.01904	0.01360	0.02176	0.01224	0.01088	0.02312	0.01904	0.02992	0.01632	0.01904	0.01360	0.00680	0.00680	0.00136	0.00680	0.00544	0.00544	0.73344
11	0.03186	0.02374	0.02559	0.02007	0.02677	0.02624	0.01642	0.48770	0.09686	0.05417	0.07384	0.02719	0.02286	0.01182	0.00934	0.00280	0.00934	0.00918	0.00928	0.01492
12	0.02222	0.01472	0.01435	0.01271	0.01604	0.05337	0.00982	0.15283	0.02459	0.03739	0.02593	0.02975	0.02032	0.01249	0.00967	0.06425	0.00672	0.00827	0.45461	0.00993
13	0.02969	0.27944	0.07263	0.02089	0.02733	0.37844	0.01802	0.03280	0.02288	0.02257	0.01381	0.01606	0.01180	0.00882	0.00743	0.00225	0.01389	0.00560	0.00438	0.01125
14	0.01095	0.00931	0.00943	0.00940	0.01246	0.00779	0.00705	0.01336	0.02115	0.02533	0.11605	0.08749	0.59294	0.02306	0.01085	0.00309	0.00464	0.01926	0.00860	0.00779
15	0.02749	0.02286	0.02774	0.06048	0.06751	0.05974	0.06568	0.30666	0.07531	0.04218	0.02223	0.02535	0.01712	0.01991	0.11233	0.00476	0.01326	0.00875	0.00726	0.01338
16	0.02223	0.09805	0.24381	0.03633	0.21837	0.07575	0.11914	0.02934	0.02072	0.02812	0.01651	0.02060	0.01294	0.00837	0.00887	0.00274	0.01294	0.00762	0.00429	0.01325
17	0.01276	0.01018	0.01168	0.01203	0.01487	0.00938	0.00960	0.01705	0.05206	0.02766	0.14188	0.08707	0.37590	0.02269	0.01124	0.00337	0.00573	0.15771	0.00874	0.00840
18	0.01799	0.01520	0.01987	0.09489	0.13901	0.01540	0.01486	0.11129	0.02377	0.03061	0.05377	0.05561	0.29443	0.05838	0.01233	0.00334	0.00790	0.01371	0.00716	0.01050
19	0.02403	0.02479	0.02545	0.03030	0.21712	0.19094	0.01829	0.07539	0.04795	0.03066	0.10210	0.03676	0.11251	0.01248	0.00936	0.00272	0.01053	0.01034	0.00645	0.01182
20	0.02589	0.01922	0.02148	0.01690	0.02310	0.01975	0.01370	0.30227	0.03044	0.04311	0.02181	0.02452	0.01697	0.01751	0.09144	0.00390	0.01049	0.00778	0.09054	0.19918
21	0.01162	0.00848	0.01104	0.01293	0.01396	0.00790	0.00917	0.01365	0.01843	0.02413	0.05520	0.52985	0.12327	0.02769	0.01175	0.00372	0.00566	0.09540	0.00851	0.00762
22	0.01326	0.00876	0.01002	0.01030	0.01049	0.00869	0.00600	0.01370	0.01422	0.01940	0.03184	0.13922	0.03647	0.55705	0.04002	0.00787	0.00819	0.01478	0.04375	0.00597
23	0.03060	0.02628	0.02813	0.02776	0.14024	0.10271	0.01907	0.32796	0.12563	0.04506	0.02259	0.02343	0.01691	0.01051	0.00908	0.00276	0.01061	0.00829	0.00777	0.01462
24	0.01566	0.01017	0.01200	0.01108	0.01435	0.00885	0.00847	0.01890	0.02354	0.10855	0.28230	0.07339	0.33856	0.02000	0.01063	0.00299	0.00495	0.01700	0.00950	0.00913
25	0.02009	0.02009	0.02812	0.02411	0.02411	0.02812	0.02009	0.02210	0.01406	0.02210	0.01205	0.02009	0.01205	0.01607	0.03013	0.00402	0.66051	0.00804	0.00402	0.01004
26	0.02647	0.43963	0.10953	0.01870	0.02671	0.12050	0.01831	0.09580	0.02271	0.02690	0.01450	0.01640	0.01223	0.00856	0.00695	0.00222	0.01125	0.00567	0.00466	0.01228
27	0.02175	0.02711	0.19006	0.13244	0.15488	0.02072	0.04834	0.06598	0.08998	0.05437	0.02025	0.02345	0.01523	0.00913	0.00888	0.00275	0.01100	0.00793	0.00551	0.09025
28	0.08549	0.05954	0.07597	0.02382	0.08524	0.21687	0.01839	0.18164	0.02802	0.06699	0.01877	0.02056	0.01426	0.00973	0.00826	0.00258	0.01176	0.00706	0.05232	0.01273
29	0.01335	0.00890	0.01001	0.01001	0.01001	0.00890	0.00556	0.01335	0.01335	0.01780	0.02893	0.06009	0.03338	0.67731	0.04673	0.00890	0.00890	0.01335	0.00556	0.00556
30	0.01173	0.00934	0.01052	0.01023	0.01294	0.00813	0.00767	0.01488	0.02301	0.02974	0.30750	0.08024	0.39875	0.02141	0.01084	0.00301	0.00452	0.01824	0.00918	0.00813
31	0.02741	0.11443	0.17985	0.02247	0.02968	0.32567	0.02104	0.06432	0.02355	0.02601	0.01595	0.01904	0.01294	0.01422	0.06180	0.00353	0.01533	0.00649	0.00470	0.01160
32	0.02161	0.03152	0.21686	0.20884	0.19699	0.11313	0.02767	0.02840	0.02048	0.02677	0.01630	0.02126	0.01259	0.00882	0.00888	0.00282	0.01294	0.00740	0.00424	0.01245
33	0.01380	0.01025	0.01341	0.01499	0.01735	0.00986	0.01283	0.01755	0.02108	0.02680	0.05980	0.09974	0.19484	0.02483	0.01222	0.00394	0.00750	0.42244	0.00847	0.00828
34	0.01215	0.00840	0.01037	0.01155	0.01184	0.00810	0.00720	0.01304	0.01569	0.02092	0.04093	0.39830	0.04851	0.31845	0.02736	0.00604	0.00692	0.02041	0.00720	0.00661
35	0.03181	0.13962	0.03298	0.02303	0.02959	0.27986	0.08266	0.17411	0.02866	0.06738	0.01773	0.01945	0.01365	0.00951	0.00847	0.00251	0.01320	0.00710	0.00610	0.01257
36	0.01110	0.00931	0.00964	0.00956	0.01255	0.00786	0.00717	0.01366	0.02151	0.02619	0.15320	0.08609	0.55526	0.02274	0.01085	0.00308	0.00461	0.01906	0.00871	0.00786
37	0.01152	0.00933	0.01022	0.01000	0.01281	0.00803	0.00750	0.01447	0.02250	0.02854	0.25516	0.08222	0.45184	0.02186	0.01084	0.00303	0.00455	0.01852	0.00902	0.00803
38	0.02024	0.01908	0.03015	0.07600	0.28094	0.01959	0.08570	0.02990	0.14484	0.03105	0.06604	0.03637	0.09629	0.01160	0.00967	0.00293	0.00958	0.01084	0.00637	0.01283
39	0.02604	0.03186	0.08083	0.06609	0.19503	0.26249	0.02289	0.03009	0.02127	0.02510	0.01493	0.01963	0.01263	0.01033	0.01290	0.00287	0.14157	0.00715	0.00443	0.01184
40	0.02885	0.03342	0.03132	0.03906	0.30708	0.34904	0.02266	0.03267	0.02361	0.02602	0.01564	0.01946	0.01311	0.00886	0.00866	0.00254	0.01390	0.00698	0.00464	0.01248
41	0.01930	0.04223	0.50834	0.03236	0.15864	0.02142	0.03275	0.02889	0.01970	0.02927	0.01664	0.02007	0.01223	0.00861	0.00880	0.00287	0.01302	0.00707	0.00401	0.01377
42	0.01922	0.02970	0.23058	0.02971	0.03958	0.02013	0.30665	0.02703	0.02069	0.02881	0.02634	0.03001	0.08261	0.00978	0.00991	0.00293	0.01307	0.01018	0.00490	0.05817
43	0.01167	0.00933	0.01044	0.01016	0.01291	0.00810	0.00762	0.01477	0.02287	0.02941	0.29337	0.08078	0.41308	0.02153	0.01084	0.00302	0.00453	0.01831	0.00913	0.00810
44	0.02124	0.04004	0.39485	0.06751	0.12747	0.10125	0.06221	0.02961	0.02054	0.02806	0.01641	0.02013	0.01226	0.00871	0.00887	0.00283	0.01359	0.00719	0.00414	0.01308
45	0.01656	0.01356	0.02097	0.02836	0.20454	0.01346	0.01773	0.02065	0.02037	0.02747	0.03927	0.18898	0.04249	0.02069	0.01138	0.00366	0.00861	0.28385	0.00725	0.01015
46	0.01322	0.00944	0.01276	0.01276	0.01371	0.01039	0.00898	0.01511	0.01416	0.01983	0.02642	0.04620	0.02735	0.32542	0.39038	0.01229	0.01798	0.01132	0.00519	0.00709
47	0.01751	0.03912	0.47996	0.02505	0.03613	0.01922	0.07664	0.02645	0.01928	0.02819	0.02222	0.12618	0.01984	0.01191	0.00939	0.00306	0.01239	0.01028	0.00470	0.01247
48	0.01337	0.11807	0.01676	0.01326	0.01499	0.01217	0.00970	0.01518	0.01776	0.02314	0.04443	0.56422	0.05274	0.02536	0.01077	0.00344	0.00606	0.02265	0.00777	0.00816
49	0.02490	0.23657	0.02905	0.01764	0.02295	0.14981	0.01453	0.03334	0.16780	0.06170	0.02680	0.12809	0.02451	0.01296	0.00839	0.00267	0.00970	0.01020	0.00664	0.01176
50	0.01506	0.01088	0.01341	0.01415	0.01579	0.01089	0.00998	0.10684	0.02175	0.02905	0.04595	0.56541	0.05337	0.02587	0.01131	0.00357	0.00611	0.02319	0.00863	0.00879
51	0.01865	0.12265	0.02166	0.01498	0.01708	0.01920	0.01160	0.06695	0.01730	0.02383	0.02201	0.03850	0.02283	0.30808	0.05457	0.00605	0.14787	0.01000	0.04753	0.00866
52	0.02402	0.01867	0.02103	0.01644	0.02303	0.01787	0.01309	0.24495	0.02833	0.03989	0.02417	0.12662	0.02208	0.01205	0.00854	0.00230	0.00786	0.00993	0.00742	0.33170
53	0.02095	0.35195	0.08382	0.01605	0.02245	0.05775	0.01535	0.04793	0.01990	0.02430	0.02850	0.03090	0.11230	0.02025	0.10702	0.00429	0.01198	0.00840	0.00509	0.01082
54	0.01275	0.00846	0.01074	0.01234	0.01328	0.00812	0.00866	0.01496	0.01791	0.02520	0.04522	0.45149	0.05149	0.07898	0.01386	0.00395	0.00581	0.08352	0.12568	0.00760
55	0.01247	0.01039	0.01310	0.11544	0.02108	0.01003	0.01051	0.01588	0.02159	0.02753	0.20962	0.10706	0.35179	0.02015	0.01062	0.00308	0.00585	0.01724	0.00820	0.00836
56	0.01810	0.01060	0.01211	0.01130	0.01402	0.01088	0.00873	0.06877	0.02167	0.05545	0.10123	0.03960	0.05323	0.02169	0.11095	0.00440	0.00823	0.01015	0.40951	0.00933
57	0.01634	0.01496	0.02479	0.55045	0.05510	0.01829	0.02273	0.02172	0.01823	0.02346	0.02191	0.12999	0.02015	0.01237	0.00959	0.00317	0.01111	0.01109	0.00480	0.00975
58	0.01323	0.00924	0.01170	0.01158	0.01239	0.00958	0.00771	0.01484	0.01580	0.02188	0.12336	0.05482	0.03918	0.40121	0.20560	0.00954	0.01251	0.01291	0.00613	0.00680
59	0.01237	0.01443	0.11164	0.01497	0.01763	0.00972	0.01267	0.01544	0.01787	0.02436	0.04504	0.56498	0.05272	0.02550	0.01123	0.00360	0.00667	0.02295	0.00777	0.00845
60	0.01187	0.00926	0.01027	0.01006	0.01239	0.00820	0.00723	0.01439	0.02114	0.02709	0.23170	0.07810	0.36995	0.12866	0.01670	0.00399	0.00525	0.01760	0.00849	0.00766
61	0.02101	0.04689	0.53126	0.02576	0.03789	0.12231	0.03128	0.03032	0.02047	0.02800	0.01610	0.01892	0.01166	0.00884	0.00865	0.00282	0.01406	0.00664	0.00402	0.01309
62	0.13014	0.01068	0.00999	0.00975	0.01328	0.00985	0.00746	0.01543	0.02006	0.02748	0.07993	0.07638	0.51740	0.02085	0.01001	0.00306	0.00505	0.01703	0.00806	0.00811
63	0.03247	0.03861	0.02527	0.02267	0.02766	0.49812	0.01720	0.07621	0.12137	0.02748	0.01851	0.01982	0.01473	0.01006	0.00851	0.00251	0.01460	0.00680	0.00579	0.01162
64	0.62288	0.01638	0.01281	0.01162	0.01688	0.01850	0.00946	0.02474	0.01649	0.03852	0.02587	0.02690	0.10885	0.01093	0.00653	0.00288	0.00670	0.00732	0.00615	0.00959
65	0.02196	0.01832	0.01969	0.01793	0.02254	0.02081	0.01380	0.08875	0.46038	0.03762	0.03823	0.13714	0.03231	0.01500	0.00972	0.00318	0.00719	0.01277	0.00920	0.01347
66	0.01539	0.01189	0.01321	0.01214	0.01546	0.01136	0.00928	0.10828	0.02566	0.03337	0.22082	0.12155	0.32619	0.02050	0.01065	0.00304	0.00551	0.01738	0.00907	0.00926
67	0.01608	0.00924	0.01239	0.01336	0.01497	0.00844	0.00933	0.01800	0.01900	0.12179	0.04826	0.56691	0.05453	0.02593	0.01131	0.00358	0.00573	0.02335	0.00899	0.00879
68	0.03104	0.02283	0.02480	0.01977	0.02600	0.02505	0.01600	0.49536	0.03900	0.05225	0.02670	0.12795	0.02297	0.01392	0.00960	0.00291	0.00932	0.01118	0.00908	0.01428
69	0.03104	0.02283	0.02480	0.01977	0.02600	0.02505	0.01600	0.49536	0.03900	0.05225	0.02670	0.12795	0.02297	0.01392	0.00960	0.00291	0.00932	0.01118	0.00908	0.01428

[dist]
# distance from previous block
# <min> <max>
2	2

[block]
# block no. 5 follows, 18 sequences, length 65
# corresponding to MSA columns:
# 419-483
name=unknown_F
#
# <colnr> <probs for GDERKNQSTAVLIFYWHMCP>
#	G	D	E	R	K	N	Q	S	T	A	V	L	I	F	Y	W	H	M	C	P
0	0.03388	0.01894	0.02772	0.03123	0.23828	0.01810	0.01920	0.09751	0.02617	0.35087	0.02789	0.02720	0.01902	0.01018	0.00918	0.00279	0.00917	0.00875	0.00868	0.01524
1	0.01258	0.00916	0.01294	0.01430	0.01554	0.00951	0.01081	0.01530	0.01726	0.02346	0.04087	0.33245	0.04562	0.04251	0.23792	0.00779	0.01286	0.12399	0.00722	0.00792
2	0.02071	0.01705	0.02696	0.03919	0.40115	0.01705	0.02036	0.02574	0.02031	0.03152	0.02183	0.02686	0.01777	0.00908	0.00813	0.00252	0.00853	0.00832	0.26452	0.01239
3	0.01564	0.01293	0.01846	0.01811	0.01947	0.01574	0.01504	0.01891	0.01686	0.02374	0.02977	0.05591	0.03069	0.03869	0.24688	0.00801	0.19409	0.20633	0.00594	0.00880
4	0.02099	0.01402	0.01577	0.01518	0.05119	0.01475	0.01037	0.17046	0.02386	0.03509	0.02678	0.03847	0.02400	0.22100	0.02003	0.00447	0.00768	0.00997	0.26608	0.00984
5	0.01444	0.01045	0.01430	0.01622	0.01842	0.01031	0.01409	0.01849	0.02112	0.02724	0.05263	0.10220	0.10384	0.02517	0.01252	0.00413	0.00811	0.50946	0.00846	0.00839
6	0.02221	0.01659	0.01989	0.01699	0.01954	0.02010	0.01383	0.15030	0.02281	0.03523	0.02173	0.02639	0.01762	0.01270	0.01556	0.00295	0.24132	0.00830	0.30525	0.01069
7	0.01315	0.01004	0.01250	0.01373	0.01625	0.00939	0.01153	0.01658	0.02105	0.02636	0.06719	0.09721	0.28851	0.02448	0.01192	0.00376	0.00686	0.33286	0.00848	0.00816
8	0.01902	0.01595	0.02110	0.01852	0.01929	0.02110	0.01518	0.02184	0.01593	0.02646	0.01848	0.02517	0.01618	0.01414	0.02161	0.00334	0.42478	0.00822	0.26418	0.00951
9	0.27371	0.01235	0.01104	0.01047	0.01443	0.01244	0.00817	0.01846	0.01941	0.03162	0.10438	0.06046	0.35774	0.01762	0.00899	0.00299	0.00551	0.01399	0.00763	0.00861
10	0.74217	0.01776	0.01350	0.01207	0.01776	0.02060	0.00994	0.02699	0.01563	0.04120	0.01278	0.01492	0.00994	0.00852	0.00568	0.00284	0.00710	0.00497	0.00568	0.00994
11	0.48790	0.02710	0.01799	0.01623	0.02157	0.24325	0.01274	0.03047	0.01936	0.03447	0.01329	0.01551	0.01062	0.00886	0.00662	0.00267	0.01050	0.00531	0.00534	0.01020
12	0.48279	0.01859	0.01875	0.01640	0.02004	0.02330	0.01359	0.02523	0.01506	0.03434	0.01252	0.01677	0.01070	0.01123	0.01447	0.00326	0.24181	0.00607	0.00508	0.00998
13	0.02919	0.03526	0.02678	0.02382	0.02685	0.42050	0.01858	0.03143	0.02172	0.02234	0.01342	0.01783	0.01191	0.01184	0.01613	0.00296	0.24787	0.00668	0.00447	0.01043
14	0.02541	0.02211	0.02792	0.02304	0.02568	0.02825	0.01914	0.22588	0.02452	0.03495	0.01564	0.02079	0.01333	0.01426	0.02261	0.00356	0.42688	0.00812	0.00587	0.01205
15	0.02104	0.02071	0.03141	0.03569	0.23817	0.02586	0.02299	0.02428	0.01652	0.02493	0.01393	0.02104	0.01295	0.01324	0.02257	0.00355	0.42716	0.00809	0.00421	0.01166
16	0.03053	0.02432	0.03104	0.03378	0.24097	0.02608	0.02131	0.38782	0.03517	0.04786	0.02033	0.02229	0.01523	0.01000	0.00915	0.00275	0.01039	0.00824	0.00752	0.01523
17	0.02688	0.02970	0.03323	0.04461	0.40751	0.24404	0.02443	0.03123	0.02274	0.02729	0.01617	0.02051	0.01357	0.00864	0.00880	0.00260	0.01294	0.00737	0.00461	0.01314
18	0.27828	0.01739	0.02302	0.25562	0.15352	0.01978	0.01902	0.02487	0.01808	0.03123	0.02114	0.02561	0.05836	0.00983	0.00803	0.00292	0.00955	0.00788	0.00509	0.01078
19	0.32779	0.20221	0.02673	0.01659	0.02266	0.19366	0.01393	0.05432	0.02046	0.03162	0.01357	0.01562	0.01119	0.00871	0.00660	0.00247	0.01053	0.00536	0.00511	0.01087
20	0.05253	0.25677	0.03603	0.29222	0.14482	0.02638	0.02177	0.02589	0.01879	0.02472	0.01506	0.02025	0.01238	0.00850	0.00783	0.00260	0.01091	0.00686	0.00418	0.01152
21	0.74217	0.01776	0.01350	0.01207	0.01776	0.02060	0.00994	0.02699	0.01563	0.04120	0.01278	0.01492	0.00994	0.00852	0.00568	0.00284	0.00710	0.00497	0.00568	0.00994
22	0.02095	0.41284	0.03346	0.01401	0.01891	0.05286	0.01215	0.02281	0.01707	0.02028	0.01863	0.03110	0.01954	0.24840	0.02067	0.00447	0.00978	0.00799	0.00455	0.00950
23	0.48172	0.01445	0.01172	0.01081	0.01522	0.01627	0.00868	0.02498	0.01693	0.03869	0.01895	0.02185	0.01483	0.00930	0.00595	0.00259	0.00609	0.00626	0.26525	0.00945
24	0.01257	0.00857	0.01024	0.01101	0.01120	0.00838	0.00663	0.01315	0.01487	0.01983	0.03672	0.27965	0.04320	0.44435	0.03416	0.00704	0.00762	0.01793	0.00663	0.00624
25	0.01576	0.00868	0.00908	0.00908	0.01045	0.00868	0.00611	0.01851	0.01714	0.02833	0.02959	0.04352	0.02707	0.25015	0.02090	0.00457	0.00594	0.01028	0.46868	0.00748
26	0.01927	0.02168	0.01531	0.01446	0.01814	0.23502	0.01084	0.02161	0.02276	0.02397	0.06470	0.06257	0.39917	0.01830	0.00993	0.00284	0.00893	0.01454	0.00716	0.00879
27	0.01737	0.25099	0.02370	0.01206	0.01488	0.01875	0.00921	0.01843	0.01526	0.01917	0.02312	0.04379	0.02562	0.43684	0.03206	0.00641	0.00923	0.01032	0.00498	0.00780
28	0.02588	0.03138	0.02001	0.01850	0.02264	0.41318	0.01387	0.02823	0.02419	0.02331	0.04251	0.04235	0.22896	0.01442	0.00920	0.00263	0.01228	0.01075	0.00609	0.00961
29	0.03053	0.44317	0.03849	0.01594	0.02352	0.02813	0.01492	0.03369	0.02140	0.23885	0.02119	0.02066	0.01571	0.00912	0.00709	0.00228	0.00910	0.00646	0.00660	0.01316
30	0.01325	0.01016	0.01223	0.01157	0.01419	0.00954	0.00872	0.01877	0.06924	0.03412	0.44817	0.07059	0.20645	0.01934	0.01072	0.00296	0.00463	0.01678	0.00968	0.00890
31	0.29299	0.01639	0.01850	0.01481	0.02140	0.01605	0.01222	0.03837	0.02245	0.41619	0.02780	0.02538	0.01814	0.01034	0.00796	0.00284	0.00756	0.00770	0.00932	0.01359
32	0.01085	0.00930	0.00930	0.00930	0.01240	0.00775	0.00698	0.01318	0.02093	0.02480	0.09302	0.08837	0.61631	0.02325	0.01085	0.00310	0.00465	0.01938	0.00853	0.00775
33	0.03159	0.02666	0.23911	0.01941	0.02854	0.01602	0.02042	0.03774	0.02339	0.37688	0.02876	0.02717	0.01879	0.01038	0.00888	0.00282	0.00967	0.00831	0.05100	0.01447
34	0.01242	0.00918	0.01048	0.01026	0.01195	0.00845	0.00699	0.01453	0.01978	0.02603	0.23258	0.07205	0.24200	0.25680	0.02373	0.00512	0.00608	0.01635	0.00795	0.00725
35	0.01814	0.13307	0.02399	0.01768	0.01977	0.06775	0.01421	0.02031	0.01712	0.02245	0.02733	0.25425	0.03046	0.02346	0.07286	0.00440	0.20374	0.01398	0.00576	0.00930
36	0.01257	0.00857	0.01024	0.01101	0.01120	0.00838	0.00663	0.01315	0.01487	0.01983	0.03672	0.27965	0.04320	0.44435	0.03416	0.00704	0.00762	0.01793	0.00663	0.00624
37	0.01971	0.01436	0.01673	0.01578	0.01876	0.01501	0.01173	0.21992	0.02677	0.03581	0.04035	0.43809	0.04452	0.02239	0.01081	0.00338	0.00704	0.01970	0.00876	0.01039
38	0.01378	0.02218	0.23303	0.01759	0.02281	0.01244	0.01765	0.01864	0.01823	0.02546	0.03835	0.43714	0.04309	0.02157	0.01064	0.00343	0.00829	0.01916	0.00685	0.00965
39	0.02470	0.01990	0.02673	0.03147	0.23690	0.02088	0.01883	0.24218	0.02840	0.03875	0.02597	0.14185	0.02464	0.06166	0.01234	0.00337	0.00945	0.01181	0.00714	0.01303
40	0.01829	0.01899	0.01861	0.01706	0.01937	0.13619	0.01341	0.02071	0.01896	0.02300	0.04375	0.04674	0.23098	0.02665	0.12629	0.00526	0.18878	0.01202	0.00593	0.00901
41	0.19081	0.01765	0.02089	0.02696	0.22313	0.05299	0.01560	0.02301	0.01996	0.03036	0.04323	0.04408	0.22945	0.01375	0.00886	0.00287	0.00809	0.01130	0.00626	0.01078
42	0.01584	0.25097	0.02352	0.01233	0.01660	0.01796	0.01043	0.01824	0.01942	0.02337	0.05539	0.18286	0.28389	0.01887	0.00925	0.00282	0.00665	0.01558	0.00687	0.00914
43	0.01542	0.01381	0.01977	0.02653	0.23086	0.01293	0.01483	0.01916	0.02164	0.02838	0.14029	0.06197	0.32460	0.01720	0.01022	0.00294	0.00685	0.01496	0.00732	0.01032
44	0.01975	0.20445	0.08520	0.02427	0.14109	0.02139	0.03791	0.04465	0.02281	0.03102	0.23094	0.03671	0.03942	0.01203	0.00886	0.00260	0.00862	0.01027	0.00648	0.01153
45	0.02294	0.02527	0.02240	0.04801	0.14355	0.24242	0.01626	0.04689	0.02353	0.02620	0.04350	0.04409	0.22967	0.01421	0.00943	0.00274	0.01074	0.01138	0.00620	0.01057
46	0.02368	0.01189	0.01487	0.01269	0.01719	0.01030	0.01002	0.02697	0.02429	0.27192	0.19251	0.06053	0.25095	0.01737	0.01019	0.00295	0.00586	0.01461	0.01005	0.01116
47	0.01108	0.00883	0.00993	0.01066	0.01280	0.00769	0.00761	0.01324	0.01997	0.02490	0.10325	0.29680	0.39091	0.02502	0.01116	0.00332	0.00488	0.02166	0.00860	0.00769
48	0.01590	0.25125	0.02342	0.01174	0.01649	0.01807	0.01021	0.01857	0.02041	0.02436	0.09502	0.06075	0.36789	0.01746	0.00907	0.00268	0.00649	0.01402	0.00697	0.00925
49	0.01184	0.00849	0.01124	0.01234	0.01346	0.00789	0.00857	0.01442	0.02060	0.02825	0.25341	0.45481	0.07003	0.02518	0.01140	0.00343	0.00497	0.02269	0.00909	0.00789
50	0.02455	0.68284	0.04811	0.01571	0.02357	0.03633	0.01571	0.02749	0.01866	0.02160	0.01277	0.01473	0.01178	0.00786	0.00589	0.00196	0.00982	0.00491	0.00393	0.01178
51	0.01283	0.00926	0.01213	0.01166	0.01368	0.00855	0.00865	0.01692	0.02523	0.03561	0.56409	0.12314	0.08429	0.01968	0.01091	0.00296	0.00442	0.01746	0.00996	0.00855
52	0.02044	0.44109	0.03613	0.01537	0.02099	0.02740	0.01419	0.02351	0.01726	0.02150	0.01701	0.02240	0.01580	0.02977	0.23400	0.00656	0.01513	0.00668	0.00428	0.01050
53	0.01611	0.01491	0.02733	0.02130	0.02603	0.01389	0.21630	0.02167	0.02444	0.03416	0.40088	0.05285	0.06052	0.01481	0.01083	0.00296	0.00834	0.01453	0.00814	0.01000
54	0.27947	0.01925	0.02287	0.01978	0.02183	0.02542	0.01644	0.02385	0.01462	0.02896	0.01232	0.01823	0.01130	0.01336	0.02135	0.00360	0.42580	0.00693	0.00462	0.01001
55	0.02271	0.26115	0.05200	0.03044	0.03922	0.02793	0.38159	0.02872	0.02059	0.02661	0.01649	0.02116	0.01316	0.00778	0.00906	0.00269	0.01345	0.00871	0.00439	0.01217
56	0.74217	0.01776	0.01350	0.01207	0.01776	0.02060	0.00994	0.02699	0.01563	0.04120	0.01278	0.01492	0.00994	0.00852	0.00568	0.00284	0.00710	0.00497	0.00568	0.00994
57	0.02393	0.44464	0.03829	0.01678	0.02368	0.03148	0.01529	0.03514	0.22872	0.02764	0.02160	0.02174	0.01762	0.00951	0.00713	0.00238	0.00890	0.00688	0.00587	0.01277
58	0.49037	0.01699	0.01630	0.01361	0.01980	0.01805	0.01122	0.03337	0.01945	0.25140	0.02120	0.02078	0.01454	0.00954	0.00696	0.00284	0.00736	0.00650	0.00772	0.01198
59	0.02125	0.02970	0.23951	0.02137	0.02957	0.02229	0.02150	0.04171	0.39365	0.03506	0.02987	0.02892	0.02214	0.01112	0.00912	0.00304	0.00953	0.00909	0.00738	0.01419
60	0.03030	0.01335	0.01700	0.01381	0.01947	0.01143	0.01115	0.03341	0.02436	0.41030	0.05662	0.05177	0.23595	0.01564	0.00981	0.00293	0.00668	0.01288	0.01035	0.01280
61	0.01660	0.03363	0.40713	0.02037	0.02906	0.01686	0.02374	0.02343	0.01722	0.02503	0.02095	0.03401	0.01944	0.24889	0.02238	0.00506	0.01189	0.00914	0.00448	0.01069
62	0.01357	0.02302	0.23217	0.01536	0.02222	0.01263	0.01666	0.01889	0.02037	0.02634	0.06552	0.06359	0.39910	0.01803	0.01009	0.00303	0.00785	0.01485	0.00686	0.00984
63	0.02088	0.02142	0.01576	0.01491	0.01661	0.23576	0.00994	0.02173	0.01790	0.01948	0.02364	0.04445	0.02564	0.43741	0.03292	0.00655	0.01165	0.01068	0.00526	0.00739
64	0.01861	0.01871	0.08199	0.17299	0.03608	0.01740	0.16086	0.02465	0.01936	0.02926	0.02155	0.02734	0.01666	0.00973	0.00980	0.00278	0.04859	0.00885	0.26434	0.01046

[dist]
# distance from previous block
# <min> <max>
0	8

[block]
# block no. 6 follows, 18 sequences, length 8
# corresponding to MSA columns:
# 492-499
name=unknown_G
#
# <colnr> <probs for GDERKNQSTAVLIFYWHMCP>
#	G	D	E	R	K	N	Q	S	T	A	V	L	I	F	Y	W	H	M	C	P
0	0.02779	0.01885	0.01996	0.01610	0.02136	0.02051	0.01304	0.36221	0.03360	0.04841	0.02521	0.02692	0.01878	0.01089	0.00808	0.00251	0.00777	0.00838	0.29682	0.01279
1	0.01575	0.01371	0.02111	0.02971	0.25587	0.01324	0.01616	0.01900	0.01939	0.02626	0.04336	0.32825	0.12196	0.01974	0.01054	0.00324	0.00746	0.01797	0.00693	0.01033
2	0.02187	0.28519	0.03612	0.02075	0.02389	0.03141	0.01834	0.02426	0.01590	0.02190	0.01234	0.01794	0.01195	0.01278	0.02044	0.00320	0.40023	0.00679	0.00398	0.01074
3	0.02399	0.02264	0.01554	0.01460	0.01777	0.26131	0.01095	0.02750	0.02196	0.02953	0.02365	0.02716	0.01885	0.01020	0.00716	0.00223	0.00919	0.00750	0.43886	0.00939
4	0.01755	0.01567	0.02586	0.18748	0.24120	0.01733	0.02084	0.02230	0.01782	0.02491	0.01997	0.02850	0.01734	0.03270	0.26185	0.00762	0.01671	0.00884	0.00458	0.01093
5	0.02264	0.22935	0.08138	0.02079	0.08696	0.08550	0.01680	0.02688	0.01986	0.02652	0.01511	0.01786	0.01279	0.00770	0.00707	0.00192	0.00972	0.00572	0.00467	0.30077
6	0.02752	0.03278	0.02663	0.27629	0.04233	0.39243	0.02084	0.03138	0.02296	0.02287	0.01504	0.01973	0.01199	0.00935	0.00864	0.00264	0.01483	0.00681	0.00447	0.01047
7	0.01227	0.00940	0.01143	0.01143	0.01325	0.00936	0.00825	0.01437	0.01689	0.02186	0.05301	0.06280	0.26282	0.19791	0.24505	0.00868	0.01282	0.01450	0.00652	0.00738

[dist]
# distance from previous block
# <min> <max>
3	3

[block]
# block no. 7 follows, 18 sequences, length 32
# corresponding to MSA columns:
# 507-538
name=unknown_H
#
# <colnr> <probs for GDERKNQSTAVLIFYWHMCP>
#	G	D	E	R	K	N	Q	S	T	A	V	L	I	F	Y	W	H	M	C	P
0	0.02638	0.02299	0.03436	0.04579	0.44263	0.02381	0.02496	0.19649	0.02758	0.03836	0.01870	0.02252	0.01487	0.00903	0.00912	0.00274	0.01067	0.00821	0.00594	0.01487
1	0.02330	0.01814	0.06092	0.03091	0.26087	0.01559	0.01868	0.02767	0.02210	0.17018	0.04444	0.04424	0.19678	0.01349	0.00963	0.00288	0.00846	0.01170	0.00732	0.01271
2	0.02311	0.02567	0.02457	0.02949	0.20653	0.23425	0.01784	0.02640	0.02242	0.02549	0.03870	0.04015	0.19395	0.01347	0.01019	0.00277	0.03752	0.01074	0.00578	0.01096
3	0.03180	0.22278	0.03372	0.01950	0.02700	0.03083	0.01693	0.42090	0.03582	0.04699	0.01926	0.01985	0.01447	0.01007	0.00820	0.00252	0.01002	0.00726	0.00761	0.01447
4	0.01856	0.01590	0.01690	0.01560	0.01991	0.01752	0.01205	0.03583	0.38737	0.03313	0.05316	0.05061	0.20409	0.01966	0.05419	0.00393	0.00770	0.01304	0.00879	0.01205
5	0.01326	0.02071	0.19560	0.01463	0.02072	0.01187	0.01522	0.01818	0.02064	0.02676	0.09997	0.08954	0.38096	0.01884	0.01025	0.00305	0.00733	0.01570	0.00723	0.00954
6	0.02054	0.48046	0.03688	0.01483	0.02049	0.02767	0.01356	0.02308	0.01833	0.02215	0.02411	0.21163	0.02646	0.01413	0.00764	0.00249	0.00847	0.01127	0.00531	0.01049
7	0.01862	0.01425	0.01554	0.01343	0.01756	0.01420	0.01055	0.18705	0.02890	0.03782	0.20630	0.06338	0.29967	0.01843	0.01035	0.00294	0.00620	0.01533	0.00913	0.01034
8	0.01860	0.03815	0.44660	0.02240	0.03435	0.01860	0.02701	0.02729	0.01928	0.02933	0.01643	0.01928	0.01222	0.00815	0.00815	0.00244	0.01154	0.00638	0.00435	0.22945
9	0.01241	0.00882	0.01169	0.01255	0.01326	0.00909	0.00853	0.01404	0.01547	0.02112	0.03634	0.29852	0.04124	0.23421	0.21085	0.00858	0.01217	0.01742	0.00656	0.00711
10	0.02362	0.30163	0.06012	0.01842	0.02409	0.16961	0.01676	0.02718	0.02116	0.02392	0.02402	0.04202	0.02410	0.01352	0.00862	0.00278	0.01117	0.17117	0.00547	0.01060
11	0.24327	0.02112	0.02133	0.01664	0.02368	0.02229	0.01365	0.28747	0.02923	0.04629	0.01792	0.01920	0.01344	0.00928	0.00757	0.00245	0.00843	0.00661	0.00725	0.18286
12	0.01664	0.21130	0.02291	0.01319	0.01605	0.01792	0.01044	0.01854	0.01538	0.02003	0.02274	0.03905	0.02368	0.28824	0.21839	0.00863	0.01403	0.00973	0.00487	0.00824
13	0.02007	0.21304	0.02412	0.01392	0.01891	0.01863	0.01209	0.02498	0.06849	0.09560	0.07295	0.05650	0.22124	0.01648	0.00930	0.00287	0.00728	0.08538	0.00760	0.01056
14	0.02053	0.03433	0.32960	0.03105	0.14650	0.02192	0.06964	0.03362	0.15871	0.03150	0.02175	0.02396	0.01625	0.00943	0.00910	0.00294	0.01171	0.00821	0.00536	0.01389
15	0.02112	0.48101	0.03811	0.01542	0.02142	0.02888	0.01444	0.02417	0.01749	0.02152	0.01631	0.02113	0.01513	0.02615	0.19633	0.00580	0.01425	0.00639	0.00422	0.01071
16	0.13808	0.10648	0.08882	0.01654	0.02238	0.18549	0.01466	0.02641	0.02120	0.04916	0.03850	0.03847	0.19318	0.01324	0.00843	0.00269	0.00999	0.00990	0.00607	0.01031
17	0.02620	0.19009	0.27406	0.02158	0.03153	0.02656	0.02342	0.19769	0.02676	0.07206	0.01846	0.01979	0.01353	0.00937	0.00822	0.00263	0.01129	0.00693	0.00593	0.01388
18	0.01244	0.00968	0.01312	0.01312	0.01520	0.01036	0.01013	0.01543	0.01661	0.02236	0.04511	0.05175	0.20089	0.05519	0.45197	0.01126	0.01861	0.01270	0.00600	0.00806
19	0.01177	0.00854	0.01188	0.01338	0.01424	0.00866	0.00941	0.01387	0.01673	0.02280	0.04281	0.48082	0.04940	0.04079	0.20041	0.00704	0.01111	0.02123	0.00744	0.00768
20	0.02283	0.08922	0.23419	0.03880	0.30637	0.05162	0.02777	0.06826	0.02200	0.03058	0.01681	0.02059	0.01329	0.00859	0.00866	0.00271	0.01190	0.00733	0.00460	0.01388
21	0.02511	0.02404	0.06719	0.01666	0.02185	0.19982	0.01387	0.02835	0.02334	0.15513	0.04891	0.07544	0.23175	0.01561	0.00960	0.00284	0.00966	0.01242	0.00763	0.01079
