[name]
unknown

[dist]
# distance from previous block
# <min> <max>
0	1

[block]
# block no. 0 follows, 22 sequences, length 17
# corresponding to MSA columns:
# 1-17
name=unknown_A
#
# <colnr> <probs for GDERKNQSTAVLIFYWHMCP>
#	G	D	E	R	K	N	Q	S	T	A	V	L	I	F	Y	W	H	M	C	P
0	0.01199	0.00947	0.01112	0.01163	0.01417	0.00892	0.00944	0.01631	0.06157	0.02502	0.11182	0.08013	0.34703	0.02074	0.01032	0.00316	0.00558	0.22601	0.00786	0.00772
1	0.01889	0.01742	0.02103	0.13597	0.15586	0.07035	0.01593	0.10400	0.09185	0.02841	0.03819	0.03907	0.20372	0.01247	0.00869	0.00263	0.00835	0.01047	0.00617	0.01051
2	0.02260	0.02355	0.02881	0.07725	0.39055	0.16435	0.02150	0.02961	0.10911	0.02638	0.01757	0.02092	0.01424	0.00827	0.00810	0.00246	0.01060	0.00723	0.00475	0.01215
3	0.01891	0.02222	0.12834	0.18411	0.43230	0.01939	0.02577	0.02470	0.01821	0.02574	0.01533	0.02044	0.01231	0.00767	0.00819	0.00256	0.01050	0.00720	0.00393	0.01218
4	0.02428	0.02062	0.02010	0.01711	0.02042	0.14228	0.01338	0.23755	0.02402	0.03099	0.01647	0.02082	0.01359	0.01498	0.01659	0.18890	0.10502	0.00700	0.05632	0.00955
5	0.07910	0.01516	0.01507	0.01309	0.01709	0.08851	0.01011	0.02717	0.08250	0.17958	0.16545	0.03800	0.07472	0.05436	0.01020	0.00279	0.00678	0.00990	0.06488	0.04553
6	0.07533	0.02410	0.02008	0.01701	0.02215	0.21299	0.01319	0.14603	0.15725	0.03161	0.01977	0.02206	0.01586	0.05150	0.00959	0.00259	0.00957	0.00691	0.00617	0.13625
7	0.02589	0.13597	0.02596	0.01905	0.02361	0.38980	0.01518	0.02829	0.02009	0.02113	0.01265	0.01550	0.01095	0.00884	0.00976	0.00216	0.10834	0.00542	0.00417	0.11723
8	0.01666	0.04297	0.66500	0.02368	0.03596	0.01929	0.03069	0.02631	0.01754	0.02631	0.01491	0.01754	0.01052	0.00789	0.00789	0.00263	0.01228	0.00614	0.00351	0.01228
9	0.02096	0.02155	0.02999	0.20355	0.41213	0.11956	0.02345	0.02562	0.01906	0.02464	0.01499	0.02010	0.01227	0.00780	0.00813	0.00249	0.01095	0.00708	0.00403	0.01165
10	0.01264	0.00896	0.01068	0.01050	0.01312	0.00798	0.00823	0.01565	0.02070	0.06512	0.25336	0.07328	0.34129	0.01940	0.00998	0.00289	0.00482	0.10529	0.00831	0.00780
11	0.01049	0.00842	0.00940	0.00944	0.01185	0.00732	0.00711	0.01310	0.01994	0.02526	0.22513	0.11283	0.44311	0.02038	0.00994	0.00284	0.00433	0.04381	0.00808	0.00724
12	0.01839	0.01546	0.01948	0.19149	0.05858	0.01774	0.01478	0.07723	0.26549	0.02827	0.02524	0.03235	0.02121	0.16037	0.01568	0.00389	0.00843	0.00920	0.00626	0.01046
13	0.01699	0.01477	0.01840	0.11562	0.02543	0.01220	0.01187	0.02096	0.01713	0.02618	0.01477	0.01798	0.01212	0.00648	0.00648	0.00147	0.00690	0.00530	0.00473	0.64422
14	0.01004	0.00817	0.00889	0.00926	0.01149	0.00702	0.00674	0.01215	0.01865	0.02305	0.12139	0.21271	0.47795	0.02179	0.00999	0.00291	0.00432	0.01864	0.00783	0.00702
15	0.01097	0.00836	0.00947	0.00925	0.01116	0.00752	0.00656	0.01323	0.01902	0.02477	0.26474	0.06835	0.32328	0.16771	0.01681	0.00387	0.00494	0.01550	0.00762	0.00687
16	0.03066	0.03158	0.02471	0.02215	0.06221	0.36406	0.01649	0.28294	0.02980	0.03418	0.01599	0.01739	0.01228	0.00909	0.00788	0.00231	0.01223	0.00636	0.00596	0.01172

[dist]
# distance from previous block
# <min> <max>
0	4

[block]
# block no. 1 follows, 22 sequences, length 102
# corresponding to MSA columns:
# 22-123
name=unknown_B
#
# <colnr> <probs for GDERKNQSTAVLIFYWHMCP>
#	G	D	E	R	K	N	Q	S	T	A	V	L	I	F	Y	W	H	M	C	P
0	0.02151	0.02178	0.03205	0.08259	0.54986	0.09593	0.02426	0.02615	0.01933	0.02602	0.01525	0.02000	0.01276	0.00759	0.00814	0.00245	0.01053	0.00716	0.00411	0.01253
1	0.21464	0.01995	0.06003	0.06195	0.02780	0.01984	0.13315	0.17311	0.02202	0.03486	0.01723	0.05713	0.01414	0.00935	0.00845	0.00259	0.03596	0.00777	0.00563	0.07440
2	0.02418	0.17073	0.02421	0.01542	0.02041	0.06174	0.01297	0.18860	0.02373	0.11261	0.04655	0.02439	0.01850	0.02139	0.15820	0.00475	0.01168	0.00744	0.04149	0.01100
3	0.01640	0.01595	0.01736	0.02048	0.15253	0.08966	0.01271	0.02257	0.11745	0.02573	0.08452	0.05101	0.31114	0.01491	0.00899	0.00265	0.00703	0.01253	0.00674	0.00964
4	0.02583	0.02786	0.14758	0.02856	0.19249	0.09471	0.02116	0.29168	0.02803	0.03732	0.01708	0.01910	0.01282	0.00875	0.00812	0.00247	0.01057	0.00697	0.00586	0.01303
5	0.01902	0.01523	0.01751	0.01363	0.01961	0.01344	0.01073	0.14916	0.02166	0.03142	0.02146	0.14116	0.02037	0.01055	0.00741	0.00189	0.00655	0.00883	0.00615	0.46423
6	0.01073	0.00832	0.00913	0.00906	0.01137	0.00729	0.00667	0.01325	0.01952	0.02524	0.21630	0.10198	0.41892	0.05122	0.01112	0.00298	0.00432	0.01642	0.04900	0.00715
7	0.02533	0.08732	0.07930	0.03175	0.26036	0.26500	0.02053	0.08542	0.02226	0.02629	0.01460	0.01759	0.01192	0.00809	0.00769	0.00230	0.01181	0.00630	0.00448	0.01166
8	0.00982	0.00842	0.00842	0.00842	0.01122	0.00701	0.00631	0.01192	0.01894	0.02244	0.08416	0.07995	0.65285	0.02104	0.00982	0.00281	0.00421	0.01753	0.00771	0.00701
9	0.02025	0.01942	0.03316	0.09147	0.61816	0.01966	0.02534	0.02522	0.01877	0.02676	0.01557	0.02066	0.01303	0.00746	0.00823	0.00249	0.00995	0.00740	0.00409	0.01291
10	0.03078	0.03461	0.02372	0.02065	0.02555	0.48464	0.01587	0.18517	0.05094	0.02903	0.01545	0.01685	0.01213	0.00902	0.00774	0.00226	0.01318	0.00605	0.00546	0.01091
11	0.01054	0.00770	0.00991	0.01093	0.01206	0.00707	0.00760	0.01273	0.01830	0.02464	0.21520	0.46284	0.12371	0.02304	0.01030	0.00311	0.00451	0.02064	0.00810	0.00707
12	0.01811	0.09792	0.02584	0.02617	0.19293	0.06122	0.01710	0.02126	0.01578	0.02169	0.01600	0.02266	0.01462	0.02654	0.22431	0.00610	0.17044	0.00737	0.00406	0.00989
13	0.01680	0.04203	0.63670	0.02420	0.03630	0.01937	0.05804	0.02632	0.01763	0.02632	0.01500	0.01776	0.01062	0.00785	0.00798	0.00264	0.01236	0.00631	0.00354	0.01223
14	0.01012	0.00723	0.00964	0.01157	0.01205	0.00675	0.00771	0.01157	0.01591	0.02121	0.04579	0.70262	0.05495	0.02603	0.01060	0.00337	0.00482	0.02362	0.00771	0.00675
15	0.01928	0.02771	0.22588	0.03478	0.26962	0.05701	0.10211	0.02539	0.01806	0.02547	0.01524	0.01983	0.01225	0.01042	0.03682	0.00309	0.07403	0.00726	0.00392	0.01184
16	0.02076	0.03172	0.23806	0.02327	0.08954	0.23670	0.02062	0.02590	0.01873	0.02278	0.01597	0.02044	0.01319	0.02053	0.16061	0.00491	0.01523	0.00663	0.00404	0.01037
17	0.01666	0.04297	0.66500	0.02368	0.03596	0.01929	0.03069	0.02631	0.01754	0.02631	0.01491	0.01754	0.01052	0.00789	0.00789	0.00263	0.01228	0.00614	0.00351	0.01228
18	0.01012	0.00723	0.00964	0.01157	0.01205	0.00675	0.00771	0.01157	0.01591	0.02121	0.04579	0.70262	0.05495	0.02603	0.01060	0.00337	0.00482	0.02362	0.00771	0.00675
19	0.02542	0.10851	0.03042	0.03350	0.30306	0.28186	0.01999	0.05586	0.02143	0.02469	0.01424	0.01747	0.01194	0.00794	0.00760	0.00226	0.01175	0.00625	0.00430	0.01151
20	0.06249	0.15152	0.02198	0.01555	0.01928	0.24076	0.01252	0.02416	0.01824	0.02236	0.01913	0.02307	0.04022	0.02013	0.14402	0.00445	0.04237	0.00675	0.10202	0.00896
21	0.02056	0.01974	0.03372	0.05099	0.65622	0.01974	0.02550	0.02550	0.01892	0.02714	0.01563	0.02056	0.01316	0.00740	0.00822	0.00247	0.00987	0.00740	0.00411	0.01316
22	0.01004	0.00842	0.00873	0.00865	0.01136	0.00711	0.00649	0.01236	0.01947	0.02371	0.15025	0.07787	0.58596	0.02057	0.00982	0.00278	0.00417	0.01724	0.00788	0.00711
23	0.01187	0.00890	0.01335	0.01335	0.01483	0.01038	0.01038	0.01483	0.01335	0.01928	0.02225	0.03264	0.02077	0.06231	0.67512	0.01335	0.02225	0.00890	0.00445	0.00742
24	0.02066	0.01785	0.01878	0.01691	0.02160	0.02066	0.01315	0.04414	0.64121	0.03475	0.03381	0.03099	0.02536	0.01127	0.00845	0.00282	0.00657	0.00939	0.00845	0.01315
25	0.03103	0.03959	0.02354	0.02140	0.02568	0.67469	0.01605	0.03317	0.02354	0.02033	0.01284	0.01498	0.01070	0.00856	0.00749	0.00214	0.01498	0.00535	0.00428	0.00963
26	0.01004	0.00842	0.00873	0.00865	0.01136	0.00711	0.00649	0.01236	0.01947	0.02371	0.15025	0.07787	0.58596	0.02057	0.00982	0.00278	0.00417	0.01724	0.00788	0.00711
27	0.01187	0.00890	0.01335	0.01335	0.01483	0.01038	0.01038	0.01483	0.01335	0.01928	0.02225	0.03264	0.02077	0.06231	0.67512	0.01335	0.02225	0.00890	0.00445	0.00742
28	0.02533	0.01960	0.02100	0.01759	0.02306	0.02208	0.01405	0.25203	0.39780	0.07051	0.02883	0.02693	0.02114	0.01076	0.00840	0.00269	0.00751	0.00866	0.00849	0.01354
29	0.01193	0.00867	0.01218	0.01218	0.01326	0.00975	0.00892	0.01408	0.01300	0.01842	0.02332	0.03857	0.02334	0.23855	0.50240	0.01191	0.01838	0.00977	0.00461	0.00677
30	0.03103	0.03959	0.02354	0.02140	0.02568	0.67469	0.01605	0.03317	0.02354	0.02033	0.01284	0.01498	0.01070	0.00856	0.00749	0.00214	0.01498	0.00535	0.00428	0.00963
31	0.02212	0.01877	0.02485	0.02030	0.02591	0.02047	0.12862	0.07275	0.45183	0.07404	0.02978	0.02860	0.02204	0.01033	0.00869	0.00278	0.00815	0.00930	0.00776	0.01290
32	0.05489	0.00794	0.00963	0.01095	0.01197	0.00762	0.00747	0.01298	0.01620	0.02302	0.06771	0.52815	0.08803	0.05579	0.01143	0.00340	0.00494	0.02031	0.05067	0.00691
33	0.01506	0.00788	0.00840	0.00840	0.01028	0.00805	0.00634	0.01883	0.01695	0.02961	0.02654	0.03117	0.02123	0.01581	0.08374	0.00326	0.00601	0.00788	0.66687	0.00771
34	0.11031	0.40464	0.10302	0.01651	0.02330	0.17673	0.01582	0.02688	0.01816	0.02253	0.01221	0.01418	0.01046	0.00760	0.00608	0.00205	0.01036	0.00484	0.00390	0.01041
35	0.76672	0.01607	0.01221	0.01092	0.01607	0.01864	0.00900	0.02442	0.01414	0.03727	0.01157	0.01350	0.00900	0.00771	0.00514	0.00257	0.00643	0.00450	0.00514	0.00900
36	0.00982	0.00842	0.00842	0.00842	0.01122	0.00701	0.00631	0.01192	0.01894	0.02244	0.08416	0.07995	0.65285	0.02104	0.00982	0.00281	0.00421	0.01753	0.00771	0.00701
37	0.01194	0.00860	0.01181	0.01181	0.01276	0.00955	0.00846	0.01385	0.01290	0.01814	0.02366	0.04043	0.02415	0.29401	0.44804	0.01145	0.01716	0.01004	0.00466	0.00656
38	0.01127	0.00873	0.00996	0.00983	0.01188	0.00802	0.00708	0.01463	0.04789	0.02566	0.25795	0.12135	0.30390	0.10829	0.01400	0.00347	0.00477	0.01615	0.00787	0.00729
39	0.02149	0.01487	0.01475	0.03822	0.01752	0.05614	0.01023	0.20989	0.02451	0.03658	0.02349	0.02619	0.01800	0.00965	0.00679	0.00215	0.00649	0.00750	0.44563	0.00991
40	0.01569	0.01477	0.02492	0.68808	0.05722	0.01846	0.02307	0.02123	0.01661	0.02123	0.01477	0.02215	0.01107	0.00831	0.00831	0.00277	0.01107	0.00738	0.00369	0.00923
41	0.76672	0.01607	0.01221	0.01092	0.01607	0.01864	0.00900	0.02442	0.01414	0.03727	0.01157	0.01350	0.00900	0.00771	0.00514	0.00257	0.00643	0.00450	0.00514	0.00900
42	0.01043	0.00850	0.00926	0.00923	0.01180	0.00733	0.00703	0.01302	0.01993	0.02490	0.20334	0.07688	0.49673	0.02028	0.00991	0.00282	0.00434	0.04905	0.00802	0.00722
43	0.02610	0.03165	0.02133	0.01960	0.02305	0.49409	0.01487	0.02841	0.02073	0.02008	0.01488	0.01912	0.01298	0.02098	0.15925	0.00474	0.04849	0.00624	0.00429	0.00911
44	0.22349	0.02381	0.06042	0.01667	0.02263	0.15894	0.01408	0.14470	0.05205	0.17748	0.01947	0.01944	0.01380	0.00908	0.00730	0.00248	0.00929	0.00645	0.00677	0.01166
45	0.00982	0.00842	0.00842	0.00842	0.01122	0.00701	0.00631	0.01192	0.01894	0.02244	0.08416	0.07995	0.65285	0.02104	0.00982	0.00281	0.00421	0.01753	0.00771	0.00701
46	0.02084	0.01639	0.01765	0.01566	0.01981	0.01859	0.01214	0.11114	0.43713	0.03425	0.02923	0.02894	0.02232	0.01302	0.01100	0.09066	0.00673	0.00875	0.07408	0.01168
47	0.76672	0.01607	0.01221	0.01092	0.01607	0.01864	0.00900	0.02442	0.01414	0.03727	0.01157	0.01350	0.00900	0.00771	0.00514	0.00257	0.00643	0.00450	0.00514	0.00900
48	0.01813	0.01714	0.02847	0.36791	0.32048	0.01915	0.02358	0.02441	0.05301	0.02461	0.01623	0.02195	0.01281	0.00807	0.00828	0.00264	0.01029	0.00751	0.00415	0.01119
49	0.01835	0.01749	0.02973	0.33953	0.38493	0.01916	0.02440	0.02356	0.01787	0.02446	0.01524	0.02128	0.01221	0.00781	0.00826	0.00260	0.01041	0.00739	0.00392	0.01138
50	0.03108	0.03815	0.02366	0.02120	0.02569	0.61726	0.01603	0.08586	0.02492	0.02317	0.01347	0.01542	0.01100	0.00869	0.00756	0.00217	0.01446	0.00554	0.00464	0.01003
51	0.02598	0.01812	0.01922	0.01543	0.02050	0.01984	0.01252	0.40835	0.06156	0.04477	0.02287	0.02395	0.01693	0.00994	0.00753	0.00233	0.00736	0.00766	0.24306	0.01207
52	0.76672	0.01607	0.01221	0.01092	0.01607	0.01864	0.00900	0.02442	0.01414	0.03727	0.01157	0.01350	0.00900	0.00771	0.00514	0.00257	0.00643	0.00450	0.00514	0.00900
53	0.02056	0.01974	0.03372	0.05099	0.65622	0.01974	0.02550	0.02550	0.01892	0.02714	0.01563	0.02056	0.01316	0.00740	0.00822	0.00247	0.00987	0.00740	0.00411	0.01316
54	0.02769	0.02134	0.02274	0.01833	0.02428	0.02395	0.01485	0.42047	0.25344	0.04609	0.02488	0.02388	0.01813	0.01043	0.00836	0.00261	0.00823	0.00816	0.00836	0.01378
55	0.03038	0.02245	0.02402	0.01853	0.02496	0.02473	0.01527	0.59461	0.03795	0.05071	0.02348	0.02325	0.04926	0.01058	0.00839	0.00251	0.00887	0.00803	0.00828	0.01374
56	0.01105	0.00782	0.01037	0.01207	0.01281	0.00750	0.00861	0.01283	0.01615	0.02139	0.04312	0.49693	0.05054	0.10478	0.01448	0.00402	0.00580	0.14559	0.00739	0.00674
57	0.01716	0.00936	0.00953	0.00893	0.01135	0.00962	0.00685	0.08284	0.01968	0.03320	0.02635	0.02982	0.02055	0.00971	0.00607	0.00199	0.00442	0.00772	0.67643	0.00841
58	0.02829	0.01785	0.02089	0.01678	0.02220	0.01910	0.01369	0.33694	0.05284	0.18785	0.02398	0.02504	0.01749	0.02129	0.15092	0.00485	0.01136	0.00806	0.00795	0.01266
59	0.01818	0.01818	0.02545	0.02181	0.02181	0.02545	0.01818	0.01999	0.01272	0.01999	0.01091	0.01818	0.01091	0.01454	0.02726	0.00364	0.69284	0.00727	0.00364	0.00909
60	0.00982	0.00842	0.00842	0.00842	0.01122	0.00701	0.00631	0.01192	0.01894	0.02244	0.08416	0.07995	0.65285	0.02104	0.00982	0.00281	0.00421	0.01753	0.00771	0.00701
61	0.01664	0.00910	0.00924	0.00882	0.01116	0.00938	0.00672	0.05504	0.04832	0.03236	0.02701	0.03035	0.02108	0.00977	0.00607	0.00201	0.00430	0.00781	0.67644	0.00836
62	0.01176	0.00849	0.01110	0.01045	0.01241	0.00784	0.00784	0.01568	0.02352	0.03331	0.65184	0.06206	0.07839	0.01698	0.00980	0.00261	0.00392	0.01502	0.00914	0.00784
63	0.03103	0.03959	0.02354	0.02140	0.02568	0.67469	0.01605	0.03317	0.02354	0.02033	0.01284	0.01498	0.01070	0.00856	0.00749	0.00214	0.01498	0.00535	0.00428	0.00963
64	0.01014	0.00746	0.00951	0.01105	0.01194	0.00683	0.00751	0.01178	0.01666	0.02187	0.07524	0.58469	0.14501	0.02493	0.01045	0.00326	0.00469	0.02237	0.00777	0.00683
65	0.01202	0.00830	0.01032	0.01032	0.01075	0.00874	0.00660	0.01289	0.01245	0.01704	0.02503	0.04801	0.02744	0.51917	0.22738	0.00960	0.01221	0.01115	0.00486	0.00573
66	0.01208	0.00805	0.00906	0.00906	0.00906	0.00805	0.00503	0.01208	0.01208	0.01611	0.02618	0.05436	0.03020	0.70804	0.04228	0.00805	0.00805	0.01208	0.00503	0.00503
67	0.03103	0.03959	0.02354	0.02140	0.02568	0.67469	0.01605	0.03317	0.02354	0.02033	0.01284	0.01498	0.01070	0.00856	0.00749	0.00214	0.01498	0.00535	0.00428	0.00963
68	0.02221	0.71304	0.04353	0.01421	0.02132	0.03287	0.01421	0.02488	0.01688	0.01955	0.01155	0.01333	0.01066	0.00711	0.00533	0.00178	0.00888	0.00444	0.00355	0.01066
69	0.01060	0.00751	0.00990	0.01118	0.01202	0.00698	0.00764	0.01228	0.01716	0.02309	0.15360	0.52693	0.08630	0.02431	0.01145	0.03870	0.00474	0.02103	0.00777	0.00681
70	0.01012	0.00723	0.00964	0.01157	0.01205	0.00675	0.00771	0.01157	0.01591	0.02121	0.04579	0.70262	0.05495	0.02603	0.01060	0.00337	0.00482	0.02362	0.00771	0.00675
71	0.01844	0.01897	0.02988	0.02430	0.02588	0.02461	0.13262	0.02124	0.01402	0.02124	0.01202	0.01897	0.01123	0.01312	0.02398	0.00348	0.56504	0.00775	0.00374	0.00949
72	0.01194	0.00862	0.01192	0.01192	0.01291	0.00961	0.00860	0.01392	0.01293	0.01823	0.02356	0.03988	0.02391	0.27750	0.46423	0.01159	0.01752	0.00996	0.00464	0.00662
73	0.01208	0.00805	0.00906	0.00906	0.00906	0.00805	0.00503	0.01208	0.01208	0.01611	0.02618	0.05436	0.03020	0.70804	0.04228	0.00805	0.00805	0.01208	0.00503	0.00503
74	0.01818	0.01818	0.02545	0.02181	0.02181	0.02545	0.01818	0.01999	0.01272	0.01999	0.01091	0.01818	0.01091	0.01454	0.02726	0.00364	0.69284	0.00727	0.00364	0.00909
75	0.01012	0.00723	0.00964	0.01157	0.01205	0.00675	0.00771	0.01157	0.01591	0.02121	0.04579	0.70262	0.05495	0.02603	0.01060	0.00337	0.00482	0.02362	0.00771	0.00675
76	0.01208	0.00805	0.00906	0.00906	0.00906	0.00805	0.00503	0.01208	0.01208	0.01611	0.02618	0.05436	0.03020	0.70804	0.04228	0.00805	0.00805	0.01208	0.00503	0.00503
77	0.01187	0.00890	0.01335	0.01335	0.01483	0.01038	0.01038	0.01483	0.01335	0.01928	0.02225	0.03264	0.02077	0.06231	0.67512	0.01335	0.02225	0.00890	0.00445	0.00742
78	0.03224	0.02221	0.02427	0.01861	0.02523	0.02418	0.01537	0.56006	0.03728	0.12334	0.02144	0.02092	0.01488	0.01001	0.00832	0.00250	0.00890	0.00758	0.00854	0.01413
79	0.02396	0.01626	0.01815	0.01542	0.02021	0.01757	0.01223	0.14271	0.30491	0.14358	0.10255	0.03217	0.02837	0.01140	0.00835	0.00262	0.00658	0.00939	0.07114	0.01242
80	0.01195	0.00856	0.01164	0.01164	0.01253	0.00946	0.00825	0.01374	0.01285	0.01802	0.02381	0.04129	0.02453	0.31949	0.42308	0.01124	0.01660	0.01017	0.00468	0.00647
81	0.01208	0.00805	0.00906	0.00906	0.00906	0.00805	0.00503	0.01208	0.01208	0.01611	0.02618	0.05436	0.03020	0.70804	0.04228	0.00805	0.00805	0.01208	0.00503	0.00503
82	0.02578	0.49270	0.03703	0.01532	0.02226	0.02920	0.01434	0.15558	0.02234	0.09352	0.01556	0.01630	0.01243	0.00805	0.00628	0.00201	0.00875	0.00550	0.00527	0.01176
83	0.01208	0.00805	0.00906	0.00906	0.00906	0.00805	0.00503	0.01208	0.01208	0.01611	0.02618	0.05436	0.03020	0.70804	0.04228	0.00805	0.00805	0.01208	0.00503	0.00503
84	0.01643	0.17679	0.35357	0.01810	0.02638	0.01902	0.02093	0.02290	0.01866	0.02619	0.15853	0.05997	0.02793	0.01065	0.00790	0.00248	0.00931	0.00862	0.00499	0.01067
85	0.02214	0.02579	0.02892	0.02614	0.10105	0.26616	0.18190	0.02592	0.02059	0.02322	0.02759	0.03003	0.13241	0.01061	0.00950	0.00255	0.04149	0.00918	0.00486	0.00995
86	0.01208	0.00805	0.00906	0.00906	0.00906	0.00805	0.00503	0.01208	0.01208	0.01611	0.02618	0.05436	0.03020	0.70804	0.04228	0.00805	0.00805	0.01208	0.00503	0.00503
87	0.01010	0.00730	0.00956	0.01137	0.01200	0.00676	0.00762	0.01159	0.01610	0.02129	0.04823	0.66306	0.09294	0.02571	0.01055	0.00334	0.00478	0.02323	0.00771	0.00676
88	0.01866	0.02888	0.25373	0.03233	0.10389	0.02048	0.33836	0.02612	0.01856	0.02629	0.01580	0.02041	0.01189	0.00765	0.00971	0.00274	0.04067	0.00822	0.00394	0.01168
89	0.02566	0.03056	0.09405	0.03252	0.26437	0.28437	0.02110	0.09889	0.02298	0.02725	0.01493	0.01793	0.01201	0.00822	0.00790	0.00236	0.01209	0.00645	0.00461	0.01176
90	0.01968	0.02012	0.06227	0.08413	0.56777	0.01915	0.02486	0.02477	0.01872	0.02658	0.01820	0.02281	0.03772	0.00801	0.00827	0.00251	0.00983	0.00773	0.00420	0.01266
91	0.03107	0.03856	0.02363	0.02126	0.02569	0.63346	0.01603	0.07100	0.02453	0.02237	0.01329	0.01530	0.01092	0.00865	0.00754	0.00216	0.01461	0.00549	0.00454	0.00992
92	0.01078	0.00855	0.00963	0.00971	0.01209	0.00755	0.00742	0.01339	0.01967	0.02488	0.20501	0.07631	0.42335	0.05264	0.01153	0.00313	0.00472	0.08456	0.00790	0.00718
93	0.01744	0.03496	0.45474	0.02646	0.10515	0.02066	0.02741	0.02486	0.01667	0.02506	0.01414	0.01803	0.01091	0.00926	0.01207	0.00283	0.15753	0.00653	0.00361	0.01170
94	0.02986	0.03703	0.02275	0.02055	0.02487	0.60528	0.01549	0.06095	0.02404	0.02201	0.01723	0.01890	0.04724	0.00934	0.00766	0.00220	0.01409	0.00614	0.00467	0.00970
95	0.01675	0.01530	0.02433	0.03466	0.40247	0.01490	0.01827	0.02095	0.01990	0.02761	0.16401	0.04012	0.14224	0.01191	0.00885	0.00256	0.00758	0.01086	0.00584	0.01092
96	0.01293	0.00906	0.01028	0.03877	0.01247	0.00904	0.00670	0.03978	0.01567	0.02108	0.06254	0.05462	0.14715	0.42963	0.02875	0.00585	0.00698	0.01246	0.06992	0.00633
97	0.02070	0.16273	0.02026	0.01246	0.01654	0.01799	0.01033	0.18021	0.02234	0.03230	0.02162	0.02660	0.01797	0.07809	0.03492	0.00306	0.00742	0.00743	0.29724	0.00978
98	0.01708	0.01241	0.01482	0.01377	0.01620	0.01329	0.01023	0.19285	0.02154	0.02912	0.03017	0.25952	0.03187	0.13440	0.15692	0.00597	0.01031	0.01397	0.00678	0.00879
99	0.01756	0.01978	0.10362	0.15136	0.24785	0.01747	0.11392	0.02323	0.01849	0.02542	0.02163	0.03641	0.01981	0.01088	0.00913	0.00288	0.01052	0.13440	0.00474	0.01088
100	0.02254	0.02197	0.01923	0.01724	0.02179	0.15960	0.01332	0.07205	0.42005	0.03158	0.03299	0.03127	0.07702	0.01148	0.00836	0.00265	0.00831	0.00914	0.00749	0.01191
101	0.10407	0.01474	0.01718	0.01466	0.01948	0.01501	0.01158	0.09257	0.15484	0.28154	0.03196	0.15345	0.02622	0.01316	0.00846	0.00277	0.00668	0.01096	0.00868	0.01200

[dist]
# distance from previous block
# <min> <max>
0	1

[block]
# block no. 2 follows, 22 sequences, length 47
# corresponding to MSA columns:
# 125-171
name=unknown_C
#
# <colnr> <probs for GDERKNQSTAVLIFYWHMCP>
#	G	D	E	R	K	N	Q	S	T	A	V	L	I	F	Y	W	H	M	C	P
0	0.02258	0.05811	0.02351	0.08223	0.06455	0.20588	0.05340	0.12543	0.06016	0.02782	0.03157	0.03252	0.15449	0.01145	0.00836	0.00249	0.01009	0.00919	0.00585	0.01034
1	0.05584	0.12885	0.02428	0.20021	0.03053	0.15637	0.01585	0.08287	0.01976	0.02434	0.01866	0.11010	0.01775	0.04013	0.01003	0.00278	0.03851	0.00872	0.00490	0.00950
2	0.08330	0.00824	0.00988	0.01097	0.01204	0.00804	0.00750	0.01277	0.01520	0.02176	0.04136	0.45637	0.10340	0.05949	0.01438	0.09807	0.00538	0.01853	0.00681	0.00651
3	0.02221	0.21577	0.02932	0.20028	0.07052	0.18772	0.01752	0.05784	0.01951	0.02241	0.01435	0.01855	0.01198	0.01263	0.06357	0.00319	0.01222	0.00619	0.00414	0.01008
4	0.02194	0.17601	0.07283	0.03343	0.24633	0.06253	0.18407	0.02693	0.01911	0.05692	0.01570	0.01934	0.01254	0.00747	0.00795	0.00240	0.01107	0.00725	0.00430	0.01187
5	0.01036	0.00828	0.00926	0.00934	0.01163	0.00719	0.00688	0.01284	0.01973	0.02508	0.22524	0.15490	0.42873	0.02063	0.00991	0.00283	0.00421	0.01766	0.00808	0.00719
6	0.21632	0.01803	0.07584	0.19938	0.08764	0.01754	0.07715	0.02470	0.04311	0.05814	0.01998	0.02338	0.04398	0.00883	0.00751	0.00263	0.00899	0.00741	0.04929	0.01016
7	0.02296	0.02424	0.08876	0.03252	0.29170	0.12181	0.02046	0.03257	0.17986	0.07034	0.02094	0.02259	0.01615	0.00882	0.00814	0.00253	0.00987	0.00753	0.00561	0.01258
8	0.06100	0.03838	0.56328	0.02184	0.03301	0.01838	0.02741	0.02661	0.01779	0.06740	0.01826	0.02016	0.03341	0.00849	0.00783	0.00263	0.01133	0.00658	0.00418	0.01202
9	0.01206	0.00812	0.00942	0.00942	0.00954	0.00825	0.00548	0.01231	0.01219	0.01637	0.02585	0.05255	0.02941	0.65409	0.09515	0.00850	0.00924	0.01182	0.00498	0.00523
10	0.02445	0.01975	0.02033	0.02083	0.11917	0.14758	0.01411	0.09027	0.02276	0.16520	0.03766	0.03708	0.18809	0.01257	0.00943	0.00257	0.04039	0.00995	0.00689	0.01090
11	0.01798	0.01954	0.05240	0.08684	0.07784	0.14725	0.06883	0.04606	0.01949	0.02381	0.03061	0.24788	0.06662	0.01547	0.00924	0.00285	0.00939	0.04291	0.00582	0.00915
12	0.22302	0.02539	0.18623	0.05815	0.03331	0.02023	0.22765	0.07862	0.01917	0.03142	0.01509	0.01856	0.01117	0.00774	0.00786	0.00267	0.01094	0.00713	0.00462	0.01102
13	0.02566	0.02974	0.02363	0.08695	0.02737	0.39054	0.01689	0.06439	0.02086	0.02224	0.01355	0.01766	0.01154	0.01285	0.04813	0.00316	0.16458	0.00630	0.00433	0.00963
14	0.02163	0.14685	0.06114	0.03372	0.32669	0.08733	0.02057	0.02883	0.11464	0.02594	0.01719	0.02008	0.01413	0.00838	0.00845	0.00242	0.03832	0.00691	0.00465	0.01215
15	0.02993	0.03228	0.02360	0.02046	0.02500	0.42595	0.01587	0.15815	0.05158	0.05744	0.01597	0.01758	0.01251	0.00955	0.00940	0.00239	0.06967	0.00627	0.00553	0.01089
16	0.01189	0.00797	0.00912	0.00931	0.00936	0.00792	0.00530	0.01203	0.01246	0.01661	0.02812	0.11857	0.03265	0.64049	0.03915	0.00759	0.00773	0.01322	0.00530	0.00520
17	0.13985	0.02260	0.12655	0.08328	0.17927	0.05401	0.08675	0.02660	0.01810	0.09754	0.01674	0.02025	0.01275	0.01055	0.03643	0.00307	0.04245	0.00706	0.00484	0.01131
18	0.01924	0.20795	0.29454	0.02772	0.13623	0.02316	0.12805	0.02586	0.01795	0.02476	0.01449	0.01779	0.01135	0.00746	0.00762	0.00241	0.01130	0.00654	0.00374	0.01182
19	0.01084	0.00756	0.00954	0.01071	0.01113	0.00722	0.00687	0.01197	0.01515	0.02032	0.07549	0.46034	0.04853	0.24049	0.02054	0.00480	0.00579	0.01947	0.00695	0.00627
20	0.01884	0.01979	0.02133	0.07081	0.21651	0.17724	0.01606	0.02191	0.01925	0.02301	0.03226	0.17944	0.12165	0.01400	0.00882	0.00266	0.00922	0.01206	0.00549	0.00964
21	0.02002	0.09779	0.21242	0.02877	0.03774	0.07600	0.35430	0.02690	0.01911	0.02531	0.01544	0.01958	0.01169	0.00738	0.00865	0.00260	0.01311	0.00791	0.00396	0.01131
22	0.01023	0.00762	0.00957	0.01107	0.01215	0.00696	0.00771	0.01195	0.01675	0.02168	0.05418	0.53193	0.18682	0.02476	0.01048	0.00327	0.00484	0.05348	0.00771	0.00686
23	0.01053	0.00834	0.00951	0.00968	0.01193	0.00732	0.00723	0.01310	0.01974	0.02520	0.22327	0.15558	0.39901	0.02073	0.00999	0.00288	0.00438	0.04628	0.00808	0.00722
24	0.02049	0.02172	0.02707	0.36038	0.21791	0.16575	0.02218	0.02510	0.01881	0.02268	0.01458	0.02010	0.01157	0.00811	0.00810	0.00254	0.01161	0.00693	0.00394	0.01042
25	0.01291	0.01044	0.01536	0.01475	0.01599	0.01288	0.01168	0.01569	0.01325	0.01940	0.02037	0.03024	0.01913	0.05439	0.56770	0.01174	0.13345	0.00863	0.00432	0.00769
26	0.01198	0.00801	0.00909	0.00919	0.00921	0.00799	0.00517	0.01206	0.01227	0.01637	0.02716	0.08706	0.03145	0.67365	0.04069	0.00782	0.00789	0.01266	0.00517	0.00512
27	0.02069	0.01482	0.01701	0.01454	0.01854	0.01585	0.01146	0.20829	0.11770	0.07721	0.14000	0.03905	0.09144	0.05587	0.11469	0.00458	0.00922	0.01057	0.00778	0.01069
28	0.02253	0.01413	0.01575	0.01419	0.01757	0.05452	0.01065	0.11078	0.05843	0.19553	0.03389	0.27862	0.03298	0.08513	0.01249	0.00339	0.00711	0.01412	0.00804	0.01015
29	0.01573	0.01445	0.02585	0.02107	0.02511	0.01391	0.24002	0.07637	0.01951	0.02622	0.03246	0.38244	0.03518	0.01736	0.01008	0.00307	0.00867	0.01690	0.00645	0.00912
30	0.01208	0.00805	0.00906	0.00906	0.00906	0.00805	0.00503	0.01208	0.01208	0.01611	0.02618	0.05436	0.03020	0.70804	0.04228	0.00805	0.00805	0.01208	0.00503	0.00503
31	0.01384	0.01271	0.01411	0.01597	0.09851	0.06813	0.01028	0.01700	0.02104	0.02690	0.27901	0.05969	0.29836	0.01662	0.00939	0.00263	0.00581	0.01418	0.00746	0.00837
32	0.01876	0.07141	0.26928	0.03123	0.12633	0.02116	0.25437	0.02589	0.01823	0.02580	0.01532	0.01960	0.01172	0.00778	0.00951	0.00267	0.04766	0.00767	0.00387	0.01173
33	0.01749	0.01289	0.01725	0.04576	0.07438	0.01401	0.01268	0.10535	0.01970	0.06929	0.03175	0.34875	0.03385	0.01800	0.01180	0.00306	0.09752	0.01526	0.04188	0.00933
34	0.01389	0.01530	0.09942	0.01692	0.02004	0.01370	0.07181	0.01750	0.01421	0.02045	0.02026	0.03167	0.01916	0.14621	0.36223	0.00917	0.08657	0.00897	0.00432	0.00819
35	0.38673	0.12461	0.12094	0.01464	0.02148	0.02087	0.01419	0.08636	0.01859	0.10208	0.01521	0.01634	0.01124	0.00815	0.00626	0.00245	0.00805	0.00546	0.00552	0.01082
36	0.22386	0.01948	0.02690	0.07162	0.41914	0.05245	0.02040	0.02537	0.01773	0.02925	0.01434	0.01844	0.01179	0.00759	0.00735	0.00249	0.00925	0.00651	0.00438	0.01164
37	0.06620	0.03010	0.18587	0.03385	0.27603	0.17468	0.06366	0.02752	0.01944	0.02589	0.01463	0.01820	0.01165	0.00779	0.00789	0.00246	0.01174	0.00659	0.00407	0.01173
38	0.14551	0.09748	0.01884	0.04804	0.01995	0.16154	0.01179	0.04698	0.01904	0.02551	0.06666	0.03289	0.13638	0.01955	0.11186	0.00412	0.01085	0.00872	0.00545	0.00886
39	0.02099	0.15766	0.02841	0.02600	0.18339	0.11817	0.01747	0.05417	0.01857	0.02365	0.01671	0.02442	0.01535	0.01709	0.09993	0.00401	0.11282	0.04629	0.00445	0.01045
40	0.34601	0.04278	0.08569	0.01444	0.02005	0.01810	0.01319	0.08614	0.07727	0.07187	0.02092	0.02813	0.01746	0.01046	0.00710	0.00270	0.00751	0.08250	0.03729	0.01038
41	0.09813	0.05537	0.16339	0.01969	0.06259	0.15223	0.01735	0.05167	0.04157	0.06387	0.05483	0.02439	0.05851	0.00988	0.00861	0.00245	0.04431	0.00733	0.00532	0.05853
42	0.02306	0.09371	0.08152	0.02238	0.10490	0.19377	0.04280	0.11399	0.02192	0.02694	0.01950	0.02262	0.04541	0.01311	0.04299	0.05334	0.01122	0.00716	0.04925	0.01039
43	0.06898	0.06070	0.08364	0.01599	0.04999	0.11708	0.01294	0.05257	0.02067	0.06563	0.15248	0.04019	0.13687	0.07380	0.01129	0.00298	0.00813	0.01028	0.00638	0.00939
44	0.11906	0.02891	0.11523	0.01952	0.02433	0.25483	0.01713	0.09023	0.02033	0.02661	0.01422	0.01780	0.01174	0.01428	0.06953	0.00355	0.13174	0.00623	0.00461	0.01012
45	0.16889	0.01956	0.01707	0.01529	0.01854	0.16149	0.01188	0.06320	0.01898	0.06390	0.02832	0.08893	0.11233	0.05559	0.01297	0.00308	0.11546	0.00964	0.00584	0.00906
46	0.13681	0.06318	0.01811	0.01441	0.01800	0.07506	0.01140	0.09641	0.07052	0.05510	0.05612	0.07385	0.10420	0.08180	0.01340	0.00323	0.08269	0.00988	0.00632	0.00951

[dist]
# distance from previous block
# <min> <max>
5	112

[block]
# block no. 3 follows, 22 sequences, length 65
# corresponding to MSA columns:
# 287-351
name=unknown_D
#
# <colnr> <probs for GDERKNQSTAVLIFYWHMCP>
#	G	D	E	R	K	N	Q	S	T	A	V	L	I	F	Y	W	H	M	C	P
0	0.05685	0.05457	0.12159	0.08222	0.07799	0.10852	0.01690	0.06696	0.01870	0.02507	0.02016	0.02464	0.05040	0.02076	0.14390	0.04016	0.01268	0.00739	0.00463	0.04590
1	0.02018	0.02389	0.15229	0.02516	0.15112	0.07986	0.04679	0.05280	0.11981	0.05630	0.02491	0.05837	0.05405	0.01325	0.04678	0.00318	0.01031	0.00877	0.00560	0.04658
2	0.01831	0.01641	0.02435	0.05375	0.07156	0.05374	0.13725	0.07990	0.01884	0.02619	0.01978	0.05626	0.01727	0.02226	0.15779	0.03981	0.05200	0.00877	0.08233	0.04342
3	0.02055	0.02032	0.01746	0.04610	0.02066	0.19732	0.01198	0.11518	0.02170	0.02585	0.03115	0.03556	0.14456	0.08742	0.09469	0.00426	0.01111	0.00931	0.00573	0.07910
4	0.02298	0.03021	0.12588	0.05977	0.13285	0.25291	0.10712	0.02751	0.01945	0.02322	0.01398	0.01812	0.01139	0.00890	0.01087	0.00261	0.11070	0.00681	0.00401	0.01073
5	0.01895	0.01905	0.02372	0.27724	0.03582	0.12275	0.05295	0.04688	0.01799	0.02297	0.01774	0.08697	0.01606	0.01141	0.01218	0.00285	0.14874	0.00878	0.04770	0.00925
6	0.01208	0.00805	0.00906	0.00906	0.00906	0.00805	0.00503	0.01208	0.01208	0.01611	0.02618	0.05436	0.03020	0.70804	0.04228	0.00805	0.00805	0.01208	0.00503	0.00503
7	0.02660	0.01964	0.02201	0.01766	0.02300	0.02188	0.01443	0.47360	0.03257	0.04401	0.02053	0.02315	0.01580	0.02318	0.17664	0.00523	0.01245	0.00784	0.00734	0.01243
8	0.02028	0.01945	0.03321	0.08776	0.62165	0.01966	0.02536	0.02525	0.01878	0.02680	0.01558	0.02065	0.01304	0.00745	0.00823	0.00248	0.00994	0.00740	0.00409	0.01293
9	0.01765	0.01677	0.02846	0.43163	0.29833	0.01897	0.02405	0.02294	0.01754	0.02361	0.01511	0.02151	0.01191	0.00794	0.00827	0.00265	0.01059	0.00739	0.00386	0.01081
10	0.01715	0.01626	0.02756	0.49703	0.23684	0.01884	0.02380	0.02251	0.01730	0.02300	0.01502	0.02167	0.01170	0.00803	0.00828	0.00268	0.01071	0.00739	0.00382	0.01041
11	0.01804	0.01031	0.01307	0.01152	0.01481	0.00942	0.00894	0.02252	0.05424	0.18224	0.39151	0.05495	0.14372	0.01567	0.00939	0.00264	0.00485	0.01350	0.00918	0.00950
12	0.00982	0.00842	0.00842	0.00842	0.01122	0.00701	0.00631	0.01192	0.01894	0.02244	0.08416	0.07995	0.65285	0.02104	0.00982	0.00281	0.00421	0.01753	0.00771	0.00701
13	0.01187	0.00890	0.01335	0.01335	0.01483	0.01038	0.01038	0.01483	0.01335	0.01928	0.02225	0.03264	0.02077	0.06231	0.67512	0.01335	0.02225	0.00890	0.00445	0.00742
14	0.01036	0.00784	0.00956	0.01039	0.01187	0.00704	0.00731	0.01249	0.01834	0.02399	0.17797	0.38682	0.24048	0.02272	0.01021	0.00305	0.00446	0.02007	0.00800	0.00704
15	0.02221	0.71304	0.04353	0.01421	0.02132	0.03287	0.01421	0.02488	0.01688	0.01955	0.01155	0.01333	0.01066	0.00711	0.00533	0.00178	0.00888	0.00444	0.00355	0.01066
16	0.01012	0.00723	0.00964	0.01157	0.01205	0.00675	0.00771	0.01157	0.01591	0.02121	0.04579	0.70262	0.05495	0.02603	0.01060	0.00337	0.00482	0.02362	0.00771	0.00675
17	0.02221	0.71304	0.04353	0.01421	0.02132	0.03287	0.01421	0.02488	0.01688	0.01955	0.01155	0.01333	0.01066	0.00711	0.00533	0.00178	0.00888	0.00444	0.00355	0.01066
18	0.03103	0.03959	0.02354	0.02140	0.02568	0.67469	0.01605	0.03317	0.02354	0.02033	0.01284	0.01498	0.01070	0.00856	0.00749	0.00214	0.01498	0.00535	0.00428	0.00963
19	0.03158	0.02327	0.02493	0.01911	0.02576	0.02576	0.01579	0.62852	0.03906	0.05236	0.01995	0.01995	0.01413	0.00997	0.00831	0.00249	0.00914	0.00748	0.00831	0.01413
20	0.01208	0.00805	0.00906	0.00906	0.00906	0.00805	0.00503	0.01208	0.01208	0.01611	0.02618	0.05436	0.03020	0.70804	0.04228	0.00805	0.00805	0.01208	0.00503	0.00503
21	0.01190	0.00876	0.01265	0.01265	0.01389	0.01000	0.00951	0.01438	0.01314	0.01876	0.02289	0.03619	0.02231	0.16805	0.57149	0.01248	0.01993	0.00942	0.00455	0.00703
22	0.01047	0.00888	0.00912	0.00914	0.01198	0.00773	0.00697	0.01357	0.04532	0.02309	0.07991	0.07860	0.59435	0.02073	0.00985	0.00286	0.00449	0.04792	0.00774	0.00731
23	0.01805	0.21091	0.50925	0.02131	0.03229	0.02270	0.02656	0.02595	0.01737	0.02461	0.01407	0.01648	0.01056	0.00770	0.00725	0.00242	0.01143	0.00571	0.00352	0.01187
24	0.01569	0.01477	0.02492	0.68808	0.05722	0.01846	0.02307	0.02123	0.01661	0.02123	0.01477	0.02215	0.01107	0.00831	0.00831	0.00277	0.01107	0.00738	0.00369	0.00923
25	0.01187	0.00890	0.01335	0.01335	0.01483	0.01038	0.01038	0.01483	0.01335	0.01928	0.02225	0.03264	0.02077	0.06231	0.67512	0.01335	0.02225	0.00890	0.00445	0.00742
26	0.02031	0.01949	0.03327	0.08329	0.62585	0.01967	0.02537	0.02528	0.01880	0.02684	0.01558	0.02064	0.01305	0.00745	0.00823	0.00248	0.00993	0.00740	0.00409	0.01296
27	0.03103	0.03959	0.02354	0.02140	0.02568	0.67469	0.01605	0.03317	0.02354	0.02033	0.01284	0.01498	0.01070	0.00856	0.00749	0.00214	0.01498	0.00535	0.00428	0.00963
28	0.01339	0.00956	0.01339	0.01530	0.01721	0.00956	0.01339	0.01721	0.01912	0.02486	0.04399	0.09371	0.04781	0.02295	0.01147	0.00382	0.00765	0.60031	0.00765	0.00765
29	0.00982	0.00842	0.00842	0.00842	0.01122	0.00701	0.00631	0.01192	0.01894	0.02244	0.08416	0.07995	0.65285	0.02104	0.00982	0.00281	0.00421	0.01753	0.00771	0.00701
30	0.01421	0.01248	0.01931	0.08026	0.02205	0.01549	0.04476	0.01734	0.01382	0.02002	0.01840	0.02747	0.01695	0.04234	0.41479	0.00936	0.19019	0.00839	0.00416	0.00820
31	0.03177	0.01903	0.02158	0.01672	0.02285	0.01995	0.01376	0.39267	0.03238	0.23465	0.02451	0.02351	0.01676	0.01004	0.00809	0.00246	0.00801	0.00777	0.07997	0.01352
32	0.03212	0.02240	0.02439	0.01870	0.02533	0.02447	0.01545	0.57249	0.03760	0.11044	0.02117	0.02074	0.01474	0.01000	0.00831	0.00250	0.00894	0.00756	0.00850	0.01413
33	0.00997	0.00783	0.00902	0.00997	0.01163	0.00688	0.00700	0.01175	0.01744	0.02183	0.06527	0.38651	0.35849	0.02349	0.01020	0.00309	0.00451	0.02053	0.00771	0.00688
34	0.01728	0.09814	0.51744	0.02493	0.09271	0.02009	0.02773	0.02553	0.01740	0.02544	0.01505	0.01821	0.01130	0.01050	0.04109	0.00308	0.01225	0.00625	0.00362	0.01198
35	0.02056	0.01974	0.03372	0.05099	0.65622	0.01974	0.02550	0.02550	0.01892	0.02714	0.01563	0.02056	0.01316	0.00740	0.00822	0.00247	0.00987	0.00740	0.00411	0.01316
36	0.00988	0.00818	0.00866	0.00904	0.01139	0.00696	0.00659	0.01185	0.01833	0.02220	0.07650	0.20419	0.53355	0.02203	0.00998	0.00292	0.00433	0.01875	0.00771	0.00696
37	0.02056	0.01974	0.03372	0.05099	0.65622	0.01974	0.02550	0.02550	0.01892	0.02714	0.01563	0.02056	0.01316	0.00740	0.00822	0.00247	0.00987	0.00740	0.00411	0.01316
38	0.02056	0.01974	0.03372	0.05099	0.65622	0.01974	0.02550	0.02550	0.01892	0.02714	0.01563	0.02056	0.01316	0.00740	0.00822	0.00247	0.00987	0.00740	0.00411	0.01316
39	0.01012	0.00723	0.00964	0.01157	0.01205	0.00675	0.00771	0.01157	0.01591	0.02121	0.04579	0.70262	0.05495	0.02603	0.01060	0.00337	0.00482	0.02362	0.00771	0.00675
40	0.01289	0.00977	0.01441	0.01530	0.01735	0.00951	0.04721	0.01632	0.01850	0.02409	0.04509	0.21030	0.08209	0.02253	0.01111	0.00362	0.00725	0.41755	0.00747	0.00764
41	0.02888	0.07088	0.05609	0.02243	0.05489	0.52329	0.01718	0.05846	0.02294	0.02233	0.01324	0.01564	0.01097	0.00872	0.00833	0.00224	0.04335	0.00562	0.00435	0.01015
42	0.01937	0.01704	0.02038	0.19149	0.03087	0.02009	0.01573	0.03818	0.47875	0.03123	0.02886	0.02869	0.02164	0.01050	0.00841	0.00280	0.00775	0.00887	0.00721	0.01213
43	0.01187	0.00890	0.01335	0.01335	0.01483	0.01038	0.01038	0.01483	0.01335	0.01928	0.02225	0.03264	0.02077	0.06231	0.67512	0.01335	0.02225	0.00890	0.00445	0.00742
44	0.01561	0.01368	0.01856	0.02356	0.20111	0.01380	0.01418	0.02312	0.14885	0.02652	0.04588	0.11326	0.21551	0.01572	0.00932	0.00287	0.00676	0.07475	0.00682	0.01012
45	0.05455	0.13131	0.37662	0.02529	0.08235	0.05924	0.10631	0.02639	0.01802	0.02564	0.01447	0.01750	0.01097	0.00765	0.00766	0.00249	0.01172	0.00637	0.00378	0.01167
46	0.01208	0.00805	0.00906	0.00906	0.00906	0.00805	0.00503	0.01208	0.01208	0.01611	0.02618	0.05436	0.03020	0.70804	0.04228	0.00805	0.00805	0.01208	0.00503	0.00503
47	0.01549	0.00774	0.00774	0.00774	0.00968	0.00774	0.00581	0.01936	0.01742	0.03097	0.02710	0.03097	0.02129	0.00968	0.00581	0.00194	0.00387	0.00774	0.75416	0.00774
48	0.07067	0.02050	0.02264	0.01932	0.05968	0.02255	0.01486	0.47281	0.03316	0.04604	0.02084	0.05165	0.01628	0.01286	0.03935	0.00302	0.00919	0.00811	0.04365	0.01282
49	0.01666	0.04297	0.66500	0.02368	0.03596	0.01929	0.03069	0.02631	0.01754	0.02631	0.01491	0.01754	0.01052	0.00789	0.00789	0.00263	0.01228	0.00614	0.00351	0.01228
50	0.01940	0.01856	0.03163	0.20251	0.51376	0.01943	0.02492	0.02448	0.01837	0.02573	0.01542	0.02094	0.01266	0.00762	0.00824	0.00254	0.01016	0.00740	0.00401	0.01222
51	0.02160	0.02099	0.03230	0.04631	0.55822	0.05808	0.02412	0.05586	0.01990	0.02767	0.01546	0.02010	0.01296	0.00794	0.00909	0.00251	0.04252	0.00728	0.00431	0.01281
52	0.08198	0.01591	0.01667	0.01403	0.01854	0.01740	0.01122	0.22918	0.14939	0.06560	0.05206	0.02714	0.02117	0.01028	0.00740	0.00240	0.00651	0.00807	0.23373	0.01133
53	0.02048	0.01461	0.01656	0.01404	0.01784	0.01553	0.01096	0.25850	0.02497	0.06221	0.03496	0.04035	0.14752	0.13097	0.14694	0.00559	0.01049	0.01055	0.00700	0.00994
54	0.01184	0.00878	0.01108	0.01151	0.01347	0.00768	0.00804	0.01387	0.01625	0.02291	0.03852	0.52849	0.04454	0.02114	0.00945	0.00286	0.00504	0.01900	0.04651	0.15902
55	0.01208	0.00805	0.00906	0.00906	0.00906	0.00805	0.00503	0.01208	0.01208	0.01611	0.02618	0.05436	0.03020	0.70804	0.04228	0.00805	0.00805	0.01208	0.00503	0.00503
56	0.01026	0.00747	0.00972	0.01146	0.01224	0.00692	0.00788	0.01190	0.01636	0.02152	0.04935	0.61119	0.11154	0.02539	0.01057	0.00334	0.00491	0.05345	0.00771	0.00682
57	0.01012	0.00723	0.00964	0.01157	0.01205	0.00675	0.00771	0.01157	0.01591	0.02121	0.04579	0.70262	0.05495	0.02603	0.01060	0.00337	0.00482	0.02362	0.00771	0.00675
58	0.01012	0.00723	0.00964	0.01157	0.01205	0.00675	0.00771	0.01157	0.01591	0.02121	0.04579	0.70262	0.05495	0.02603	0.01060	0.00337	0.00482	0.02362	0.00771	0.00675
59	0.01051	0.00739	0.00952	0.01107	0.01145	0.00701	0.00718	0.01167	0.01514	0.02019	0.04187	0.57328	0.05001	0.16211	0.01692	0.00431	0.00547	0.02132	0.00718	0.00641
60	0.05418	0.10664	0.41305	0.02493	0.03535	0.02112	0.17811	0.02614	0.01783	0.02621	0.01487	0.01813	0.01099	0.00758	0.00797	0.00258	0.01208	0.00681	0.00377	0.01168
61	0.20121	0.05304	0.02397	0.02638	0.20999	0.18674	0.01649	0.09339	0.02101	0.03049	0.01492	0.01769	0.01202	0.00817	0.00705	0.00235	0.00989	0.00609	0.04813	0.01096
62	0.02021	0.25912	0.02577	0.01474	0.01912	0.08540	0.01219	0.06087	0.14404	0.02410	0.02144	0.05499	0.01975	0.12443	0.07619	0.00422	0.01000	0.00815	0.00538	0.00990
63	0.05984	0.09759	0.02648	0.09060	0.12649	0.38430	0.01759	0.03010	0.05000	0.02285	0.01427	0.01709	0.01173	0.00830	0.00741	0.00227	0.01242	0.00594	0.00436	0.01038
64	0.01945	0.02538	0.15709	0.03319	0.26239	0.10014	0.11120	0.02466	0.01864	0.02483	0.01886	0.08796	0.01730	0.04981	0.01050	0.00292	0.01101	0.00910	0.00443	0.01116

[dist]
# distance from previous block
# <min> <max>
3	7

[block]
# block no. 4 follows, 22 sequences, length 66
# corresponding to MSA columns:
# 359-424
name=unknown_E
#
# <colnr> <probs for GDERKNQSTAVLIFYWHMCP>
#	G	D	E	R	K	N	Q	S	T	A	V	L	I	F	Y	W	H	M	C	P
0	0.01478	0.01059	0.01259	0.01262	0.01424	0.01080	0.00884	0.13520	0.01984	0.02651	0.03700	0.44653	0.04222	0.14842	0.01598	0.00406	0.00628	0.01826	0.00734	0.00791
1	0.02239	0.01876	0.01678	0.01446	0.01782	0.13650	0.01083	0.21676	0.02442	0.03193	0.05850	0.03279	0.02285	0.20429	0.01731	0.00390	0.00879	0.00885	0.12266	0.00941
2	0.01988	0.01997	0.01825	0.01581	0.01991	0.18174	0.01216	0.05729	0.01913	0.02442	0.02064	0.14453	0.02051	0.01652	0.07048	0.00325	0.06948	0.00919	0.00532	0.25152
3	0.01046	0.00785	0.00919	0.00998	0.01123	0.00713	0.00675	0.01198	0.01660	0.02126	0.08406	0.34039	0.25546	0.14950	0.01613	0.00401	0.00516	0.01901	0.00729	0.00657
4	0.01314	0.01064	0.01630	0.23087	0.02748	0.01257	0.01350	0.01640	0.01417	0.01933	0.02055	0.03324	0.01937	0.16376	0.34282	0.00895	0.01602	0.00900	0.00431	0.00756
5	0.02112	0.01896	0.02972	0.11634	0.43687	0.01962	0.02256	0.11323	0.02157	0.03005	0.01764	0.02443	0.01488	0.00867	0.00834	0.00253	0.00965	0.03890	0.00490	0.04003
