[name]
unknown

[dist]
# distance from previous block
# <min> <max>
0	0

[block]
# block no. 0 follows, 22 sequences, length 20
# corresponding to MSA columns:
# 0-19
name=unknown_A
#
# <colnr> <probs for GDERKNQSTAVLIFYWHMCP>
#	G	D	E	R	K	N	Q	S	T	A	V	L	I	F	Y	W	H	M	C	P
0	0.01339	0.00956	0.01339	0.01530	0.01721	0.00956	0.01339	0.01721	0.01912	0.02486	0.04399	0.09371	0.04781	0.02295	0.01147	0.00382	0.00765	0.60031	0.00765	0.00765
1	0.02247	0.02206	0.03201	0.04555	0.54392	0.08800	0.02379	0.07126	0.02090	0.02832	0.01566	0.01994	0.01298	0.00771	0.00815	0.00244	0.01034	0.00720	0.00444	0.01287
2	0.19548	0.02879	0.02001	0.01795	0.02263	0.35385	0.01381	0.06191	0.15561	0.02881	0.01742	0.01834	0.01365	0.00902	0.00721	0.00240	0.01095	0.00613	0.00557	0.01046
3	0.02312	0.01383	0.04069	0.01442	0.01856	0.01261	0.01156	0.09030	0.08708	0.24637	0.06887	0.26874	0.03535	0.01622	0.00922	0.00288	0.00646	0.01407	0.00865	0.01100
4	0.02486	0.02545	0.02981	0.03873	0.40183	0.19247	0.02165	0.11256	0.02297	0.02891	0.01550	0.01901	0.01265	0.00807	0.00804	0.00239	0.01111	0.00687	0.00475	0.01237
5	0.70391	0.01596	0.01327	0.06756	0.01951	0.01862	0.01017	0.02415	0.01434	0.03593	0.01183	0.01422	0.00917	0.00776	0.00541	0.00259	0.00682	0.00474	0.00502	0.00902
6	0.03108	0.03822	0.02366	0.02121	0.02569	0.62020	0.01603	0.08317	0.02485	0.02302	0.01344	0.01540	0.01099	0.00868	0.00756	0.00217	0.01449	0.00553	0.00462	0.01001
7	0.01428	0.01191	0.01405	0.04407	0.04146	0.01247	0.01052	0.02361	0.22197	0.02718	0.09942	0.22081	0.18999	0.01773	0.00945	0.00293	0.00564	0.01542	0.00776	0.00935
8	0.01859	0.01773	0.03017	0.30804	0.41454	0.01922	0.02452	0.02377	0.01799	0.02475	0.01528	0.02120	0.01232	0.00777	0.00826	0.00259	0.01036	0.00739	0.00394	0.01157
9	0.01949	0.01433	0.01656	0.01520	0.01868	0.01508	0.01214	0.26180	0.02623	0.03470	0.03812	0.23787	0.08618	0.01844	0.00981	0.00307	0.00715	0.14725	0.00794	0.00995
10	0.01083	0.00788	0.01036	0.01208	0.01313	0.00741	0.00885	0.01288	0.01695	0.02216	0.04940	0.49937	0.11603	0.02481	0.01072	0.00342	0.00540	0.15362	0.00770	0.00698
11	0.02517	0.02440	0.02408	0.02595	0.16686	0.19207	0.01695	0.09818	0.25055	0.05613	0.02270	0.02317	0.01738	0.00951	0.00813	0.00252	0.00981	0.00764	0.00643	0.01237
12	0.02162	0.01422	0.01510	0.01243	0.01668	0.01476	0.00992	0.24490	0.02541	0.03847	0.02316	0.02545	0.01770	0.00942	0.00677	0.00207	0.00606	0.00735	0.39964	0.08888
13	0.03046	0.03851	0.02410	0.02301	0.06005	0.63900	0.01657	0.03275	0.02329	0.02070	0.01299	0.01529	0.01083	0.00850	0.00753	0.00216	0.01470	0.00546	0.00427	0.00982
14	0.01622	0.17741	0.16084	0.01755	0.07391	0.01804	0.01573	0.02263	0.08363	0.02478	0.06709	0.04054	0.22440	0.01271	0.00811	0.00250	0.00771	0.01031	0.00571	0.01017
15	0.03013	0.10947	0.02570	0.02054	0.02523	0.57749	0.01585	0.05973	0.02356	0.02172	0.01303	0.01504	0.01085	0.00847	0.00730	0.00212	0.01407	0.00535	0.00439	0.00995
16	0.01071	0.00851	0.00965	0.00954	0.01199	0.00745	0.00727	0.01354	0.02054	0.02636	0.27874	0.07457	0.41720	0.01975	0.00991	0.00280	0.00431	0.05163	0.00821	0.00734
17	0.01719	0.03931	0.55528	0.02570	0.03728	0.01960	0.13674	0.02636	0.01791	0.02636	0.01525	0.01841	0.01089	0.00773	0.00823	0.00266	0.01259	0.00679	0.00363	0.01209
18	0.01840	0.15845	0.52313	0.02192	0.03288	0.05699	0.02706	0.02643	0.01775	0.02482	0.01422	0.01667	0.01056	0.00779	0.00743	0.00246	0.01184	0.00580	0.00356	0.01186
19	0.02158	0.02204	0.03393	0.04656	0.53893	0.08844	0.07474	0.02639	0.01946	0.02638	0.01543	0.02013	0.01286	0.00749	0.00828	0.00246	0.01075	0.00739	0.00414	0.01263

[dist]
# distance from previous block
# <min> <max>
0	1

[block]
# block no. 1 follows, 22 sequences, length 9
# corresponding to MSA columns:
# 21-29
name=unknown_B
#
# <colnr> <probs for GDERKNQSTAVLIFYWHMCP>
#	G	D	E	R	K	N	Q	S	T	A	V	L	I	F	Y	W	H	M	C	P
0	0.02056	0.01974	0.03372	0.05099	0.65622	0.01974	0.02550	0.02550	0.01892	0.02714	0.01563	0.02056	0.01316	0.00740	0.00822	0.00247	0.00987	0.00740	0.00411	0.01316
1	0.01684	0.01341	0.01743	0.02027	0.14880	0.01347	0.01269	0.02511	0.17275	0.06980	0.14399	0.08217	0.19993	0.01471	0.00909	0.00272	0.00614	0.01274	0.00755	0.01038
2	0.01443	0.00722	0.01082	0.01082	0.01082	0.00722	0.00722	0.01082	0.01082	0.01443	0.01443	0.02525	0.01443	0.02886	0.03247	0.75830	0.00722	0.00722	0.00361	0.00361
3	0.01007	0.00742	0.00944	0.01106	0.01192	0.00679	0.00749	0.01162	0.01640	0.02141	0.05199	0.60189	0.15167	0.02522	0.01048	0.00328	0.00472	0.02263	0.00771	0.00679
4	0.02972	0.14626	0.02720	0.01962	0.02498	0.39978	0.01568	0.18704	0.02649	0.02855	0.01448	0.01600	0.01159	0.00869	0.00735	0.00217	0.01245	0.00576	0.00521	0.01097
5	0.02288	0.02065	0.01946	0.01702	0.02183	0.10360	0.01331	0.14663	0.38862	0.03489	0.03372	0.03191	0.08537	0.01168	0.00844	0.00267	0.00788	0.00936	0.00782	0.01225
6	0.01060	0.00818	0.00929	0.00948	0.01132	0.00729	0.00670	0.01269	0.01845	0.02368	0.19130	0.17984	0.34028	0.11626	0.01445	0.00359	0.00478	0.01729	0.00765	0.00687
7	0.02256	0.25408	0.03559	0.03460	0.35673	0.11491	0.02042	0.02635	0.01888	0.02366	0.01388	0.01737	0.01198	0.00746	0.00716	0.00219	0.01025	0.00613	0.00395	0.01184
8	0.19229	0.17012	0.24556	0.02293	0.12807	0.02241	0.02055	0.06170	0.01814	0.02914	0.01386	0.01637	0.01084	0.00773	0.00681	0.00241	0.00965	0.00570	0.00428	0.01144

[dist]
# distance from previous block
# <min> <max>
9	12

[block]
# block no. 2 follows, 22 sequences, length 62
# corresponding to MSA columns:
# 42-103
name=unknown_C
#
# <colnr> <probs for GDERKNQSTAVLIFYWHMCP>
#	G	D	E	R	K	N	Q	S	T	A	V	L	I	F	Y	W	H	M	C	P
0	0.02056	0.01974	0.03372	0.05099	0.65622	0.01974	0.02550	0.02550	0.01892	0.02714	0.01563	0.02056	0.01316	0.00740	0.00822	0.00247	0.00987	0.00740	0.00411	0.01316
1	0.02952	0.02909	0.02294	0.01921	0.02451	0.30521	0.01511	0.31893	0.03065	0.03598	0.02226	0.02283	0.06628	0.01029	0.00808	0.00237	0.01126	0.00740	0.00652	0.01158
2	0.01006	0.00748	0.00938	0.01089	0.01187	0.00680	0.00741	0.01164	0.01656	0.02147	0.05404	0.56862	0.18361	0.02495	0.01043	0.00325	0.00469	0.02231	0.00771	0.00680
3	0.02056	0.01974	0.03372	0.05099	0.65622	0.01974	0.02550	0.02550	0.01892	0.02714	0.01563	0.02056	0.01316	0.00740	0.00822	0.00247	0.00987	0.00740	0.00411	0.01316
4	0.03059	0.07930	0.02518	0.02038	0.02542	0.47510	0.01587	0.17756	0.02689	0.02808	0.01449	0.01608	0.01153	0.00881	0.00755	0.00220	0.01316	0.00581	0.00521	0.01079
5	0.05099	0.01227	0.01424	0.01231	0.01619	0.01197	0.00968	0.08985	0.07479	0.15266	0.25380	0.05055	0.18715	0.01502	0.00906	0.00265	0.00549	0.01260	0.00871	0.01002
6	0.03727	0.01414	0.01928	0.01478	0.02121	0.01221	0.01221	0.04049	0.02378	0.66198	0.03277	0.02828	0.02056	0.01028	0.00835	0.00257	0.00707	0.00835	0.01028	0.01414
7	0.01029	0.00730	0.00959	0.01136	0.01180	0.00686	0.00749	0.01161	0.01558	0.02078	0.04414	0.64819	0.05287	0.08330	0.01326	0.00377	0.00509	0.02265	0.00749	0.00660
8	0.02583	0.01953	0.02101	0.01729	0.02277	0.02165	0.01388	0.33611	0.25626	0.06649	0.02977	0.05616	0.05179	0.01169	0.00854	0.00267	0.00770	0.00939	0.00838	0.01311
9	0.01188	0.00809	0.00900	0.00900	0.00925	0.00796	0.00515	0.01207	0.01269	0.01667	0.03136	0.05665	0.08592	0.64656	0.03938	0.00758	0.00771	0.01257	0.00527	0.00521
10	0.01208	0.00805	0.00906	0.00906	0.00906	0.00805	0.00503	0.01208	0.01208	0.01611	0.02618	0.05436	0.03020	0.70804	0.04228	0.00805	0.00805	0.01208	0.00503	0.00503
11	0.02056	0.01974	0.03372	0.05099	0.65622	0.01974	0.02550	0.02550	0.01892	0.02714	0.01563	0.02056	0.01316	0.00740	0.00822	0.00247	0.00987	0.00740	0.00411	0.01316
12	0.01777	0.17646	0.54119	0.02179	0.03304	0.02200	0.02741	0.02602	0.01741	0.02496	0.01424	0.01670	0.01055	0.00774	0.00738	0.00246	0.01160	0.00580	0.00352	0.01196
13	0.02155	0.02224	0.03048	0.04048	0.42953	0.11463	0.02257	0.02541	0.01824	0.02463	0.01421	0.01925	0.01232	0.00910	0.01222	0.00267	0.15757	0.00708	0.00403	0.01178
14	0.02829	0.03520	0.02208	0.02025	0.02413	0.57969	0.01524	0.03055	0.02208	0.02018	0.01419	0.01751	0.01214	0.01625	0.10296	0.00374	0.01602	0.00586	0.00430	0.00931
15	0.01006	0.00813	0.00897	0.00960	0.01171	0.00705	0.00701	0.01205	0.01809	0.02219	0.07159	0.25687	0.45792	0.02253	0.01011	0.00301	0.00453	0.04392	0.00771	0.00696
16	0.01187	0.00890	0.01335	0.01335	0.01483	0.01038	0.01038	0.01483	0.01335	0.01928	0.02225	0.03264	0.02077	0.06231	0.67512	0.01335	0.02225	0.00890	0.00445	0.00742
17	0.03103	0.03959	0.02354	0.02140	0.02568	0.67469	0.01605	0.03317	0.02354	0.02033	0.01284	0.01498	0.01070	0.00856	0.00749	0.00214	0.01498	0.00535	0.00428	0.00963
18	0.01645	0.03690	0.52726	0.16665	0.04053	0.01911	0.02905	0.02521	0.01734	0.02521	0.01488	0.01853	0.01064	0.00798	0.00798	0.00266	0.01202	0.00641	0.00355	0.01162
19	0.01666	0.04297	0.66500	0.02368	0.03596	0.01929	0.03069	0.02631	0.01754	0.02631	0.01491	0.01754	0.01052	0.00789	0.00789	0.00263	0.01228	0.00614	0.00351	0.01228
20	0.03103	0.03959	0.02354	0.02140	0.02568	0.67469	0.01605	0.03317	0.02354	0.02033	0.01284	0.01498	0.01070	0.00856	0.00749	0.00214	0.01498	0.00535	0.00428	0.00963
21	0.01056	0.00787	0.00983	0.01055	0.01198	0.00714	0.00745	0.01291	0.01889	0.02519	0.24020	0.37187	0.19081	0.02218	0.01019	0.00302	0.00441	0.01967	0.00815	0.00714
22	0.01625	0.01761	0.15306	0.01411	0.01927	0.01211	0.01354	0.02324	0.09373	0.09846	0.25746	0.04883	0.16982	0.01446	0.00908	0.00268	0.00643	0.01224	0.00768	0.00993
23	0.01012	0.00836	0.00888	0.00889	0.01144	0.00712	0.00662	0.01246	0.01945	0.02399	0.16654	0.11134	0.53466	0.02071	0.00986	0.00281	0.00420	0.01749	0.00793	0.00712
24	0.01029	0.00730	0.00959	0.01136	0.01180	0.00686	0.00749	0.01161	0.01558	0.02078	0.04414	0.64819	0.05287	0.08330	0.01326	0.00377	0.00509	0.02265	0.00749	0.00660
25	0.03020	0.03820	0.02367	0.02143	0.02543	0.63259	0.01619	0.03232	0.02284	0.02031	0.01272	0.01519	0.01071	0.00895	0.00877	0.00224	0.05894	0.00547	0.00424	0.00960
26	0.01766	0.01042	0.01333	0.01259	0.01479	0.01051	0.00915	0.05541	0.04121	0.14037	0.03156	0.20994	0.03167	0.19543	0.16068	0.00644	0.01010	0.01332	0.00690	0.00852
27	0.01208	0.00805	0.00906	0.00906	0.00906	0.00805	0.00503	0.01208	0.01208	0.01611	0.02618	0.05436	0.03020	0.70804	0.04228	0.00805	0.00805	0.01208	0.00503	0.00503
28	0.01549	0.00774	0.00774	0.00774	0.00968	0.00774	0.00581	0.01936	0.01742	0.03097	0.02710	0.03097	0.02129	0.00968	0.00581	0.00194	0.00387	0.00774	0.75416	0.00774
29	0.02003	0.02226	0.09002	0.04526	0.47226	0.01997	0.15517	0.02580	0.01895	0.02696	0.01582	0.02070	0.01282	0.00736	0.00854	0.00255	0.01096	0.00781	0.00408	0.01266
30	0.01709	0.04041	0.59535	0.02669	0.10439	0.01934	0.03012	0.02622	0.01769	0.02640	0.01499	0.01787	0.01081	0.00784	0.00793	0.00261	0.01201	0.00628	0.00357	0.01237
31	0.02172	0.02193	0.03260	0.04773	0.58665	0.09200	0.02445	0.02634	0.01943	0.02639	0.01532	0.01995	0.01289	0.00753	0.00814	0.00243	0.01043	0.00718	0.00413	0.01277
32	0.01012	0.00723	0.00964	0.01157	0.01205	0.00675	0.00771	0.01157	0.01591	0.02121	0.04579	0.70262	0.05495	0.02603	0.01060	0.00337	0.00482	0.02362	0.00771	0.00675
33	0.02221	0.71304	0.04353	0.01421	0.02132	0.03287	0.01421	0.02488	0.01688	0.01955	0.01155	0.01333	0.01066	0.00711	0.00533	0.00178	0.00888	0.00444	0.00355	0.01066
34	0.02122	0.59339	0.15451	0.01590	0.02394	0.03045	0.01716	0.02513	0.01700	0.02075	0.01215	0.01408	0.01064	0.00725	0.00579	0.00193	0.00949	0.00475	0.00355	0.01095
35	0.01956	0.02079	0.01851	0.01701	0.01877	0.22954	0.01290	0.02141	0.01628	0.01915	0.01744	0.02799	0.01717	0.16279	0.18712	0.00648	0.16672	0.00801	0.00433	0.00804
36	0.01012	0.00723	0.00964	0.01157	0.01205	0.00675	0.00771	0.01157	0.01591	0.02121	0.04579	0.70262	0.05495	0.02603	0.01060	0.00337	0.00482	0.02362	0.00771	0.00675
37	0.01129	0.00829	0.01058	0.01039	0.01222	0.00758	0.00764	0.01463	0.02185	0.03026	0.49618	0.16003	0.14054	0.01880	0.00992	0.00275	0.00409	0.01660	0.00877	0.00758
38	0.02986	0.13071	0.02634	0.02031	0.02509	0.55499	0.01579	0.06149	0.02340	0.02181	0.01302	0.01500	0.01086	0.00843	0.00724	0.00211	0.01386	0.00533	0.00438	0.00999
39	0.05991	0.28122	0.31222	0.01928	0.02753	0.02507	0.02173	0.02478	0.01643	0.02355	0.01293	0.01588	0.01054	0.00855	0.00958	0.00246	0.10805	0.00559	0.00363	0.01106
40	0.01666	0.04297	0.66500	0.02368	0.03596	0.01929	0.03069	0.02631	0.01754	0.02631	0.01491	0.01754	0.01052	0.00789	0.00789	0.00263	0.01228	0.00614	0.00351	0.01228
41	0.01014	0.00835	0.00891	0.00893	0.01146	0.00712	0.00664	0.01248	0.01945	0.02404	0.16940	0.11757	0.52529	0.02074	0.00987	0.00281	0.00420	0.01754	0.00794	0.00712
42	0.01167	0.00927	0.01068	0.01079	0.01335	0.00859	0.00851	0.01590	0.06035	0.02615	0.19959	0.07552	0.36341	0.01988	0.01006	0.00297	0.00498	0.13254	0.00807	0.00772
43	0.01746	0.13879	0.57613	0.02232	0.03386	0.02123	0.02834	0.02610	0.01744	0.02534	0.01443	0.01694	0.01054	0.00778	0.00753	0.00251	0.01179	0.00590	0.00351	0.01205
44	0.01208	0.00805	0.00906	0.00906	0.00906	0.00805	0.00503	0.01208	0.01208	0.01611	0.02618	0.05436	0.03020	0.70804	0.04228	0.00805	0.00805	0.01208	0.00503	0.00503
45	0.01012	0.00723	0.00964	0.01157	0.01205	0.00675	0.00771	0.01157	0.01591	0.02121	0.04579	0.70262	0.05495	0.02603	0.01060	0.00337	0.00482	0.02362	0.00771	0.00675
46	0.01961	0.02241	0.04902	0.03501	0.04342	0.02101	0.62605	0.02661	0.01961	0.02661	0.01681	0.02241	0.01261	0.00700	0.00980	0.00280	0.01401	0.00980	0.00420	0.01120
47	0.02058	0.01933	0.03051	0.04366	0.51965	0.01994	0.02284	0.02951	0.15283	0.02878	0.01954	0.02281	0.01578	0.00823	0.00827	0.00254	0.00916	0.00783	0.00505	0.01316
48	0.02591	0.01504	0.01760	0.01472	0.01982	0.01523	0.01175	0.08712	0.23085	0.27369	0.07321	0.03770	0.11519	0.01249	0.00867	0.00268	0.00650	0.01030	0.00907	0.01244
49	0.01324	0.00916	0.01089	0.01053	0.01124	0.00961	0.00676	0.05056	0.01399	0.01897	0.02501	0.04792	0.02733	0.53645	0.16626	0.00877	0.01095	0.01116	0.00512	0.00607
50	0.01107	0.00763	0.00936	0.01036	0.01061	0.00738	0.00642	0.01182	0.01406	0.01875	0.03632	0.38978	0.04300	0.35516	0.02589	0.00563	0.00638	0.01805	0.00642	0.00592
51	0.01040	0.00735	0.00956	0.01121	0.01162	0.00693	0.00733	0.01164	0.01536	0.02048	0.04298	0.60992	0.05141	0.12356	0.01513	0.00404	0.00528	0.02197	0.00733	0.00650
52	0.01191	0.00872	0.01243	0.01243	0.01359	0.00988	0.00923	0.01424	0.01308	0.01860	0.02310	0.03731	0.02280	0.20127	0.53894	0.01221	0.01920	0.00959	0.00458	0.00690
53	0.01666	0.04297	0.66500	0.02368	0.03596	0.01929	0.03069	0.02631	0.01754	0.02631	0.01491	0.01754	0.01052	0.00789	0.00789	0.00263	0.01228	0.00614	0.00351	0.01228
54	0.01226	0.00947	0.01410	0.01387	0.01526	0.01131	0.01086	0.01515	0.01331	0.01933	0.02155	0.03175	0.02016	0.05937	0.63526	0.01275	0.06351	0.00880	0.00440	0.00752
55	0.01208	0.00805	0.00906	0.00906	0.00906	0.00805	0.00503	0.01208	0.01208	0.01611	0.02618	0.05436	0.03020	0.70804	0.04228	0.00805	0.00805	0.01208	0.00503	0.00503
56	0.01005	0.00837	0.00876	0.00877	0.01139	0.00709	0.00654	0.01232	0.01931	0.02359	0.14517	0.10430	0.56419	0.02080	0.00985	0.00281	0.00420	0.01751	0.00787	0.00709
57	0.02235	0.02263	0.07295	0.04335	0.49796	0.04953	0.02403	0.11212	0.02191	0.03039	0.01607	0.02003	0.01302	0.00785	0.00818	0.00247	0.01015	0.00724	0.00468	0.01308
58	0.09837	0.03258	0.45226	0.01942	0.02869	0.01676	0.02338	0.02381	0.01845	0.02903	0.15161	0.02667	0.02496	0.00983	0.00800	0.00262	0.00983	0.00787	0.00490	0.01096
59	0.17103	0.02433	0.05536	0.03204	0.27613	0.16100	0.05524	0.02657	0.01842	0.02703	0.01386	0.01773	0.01146	0.00831	0.00913	0.00254	0.06798	0.00646	0.00429	0.01107
60	0.02013	0.01689	0.02065	0.02407	0.18833	0.05564	0.01498	0.07805	0.15376	0.03067	0.02295	0.02580	0.01823	0.01285	0.04956	0.00311	0.04191	0.00789	0.20347	0.01105
61	0.02108	0.16288	0.09393	0.01704	0.04244	0.22278	0.01413	0.02393	0.01819	0.02100	0.01950	0.02715	0.04263	0.15916	0.01458	0.00339	0.01048	0.00738	0.03753	0.04078

[dist]
# distance from previous block
# <min> <max>
0	13

[block]
# block no. 3 follows, 22 sequences, length 72
# corresponding to MSA columns:
# 117-188
name=unknown_D
#
# <colnr> <probs for GDERKNQSTAVLIFYWHMCP>
#	G	D	E	R	K	N	Q	S	T	A	V	L	I	F	Y	W	H	M	C	P
0	0.02051	0.05461	0.03245	0.13665	0.50793	0.05445	0.02410	0.02527	0.01873	0.02558	0.01516	0.02013	0.01261	0.00757	0.00805	0.00246	0.01026	0.00714	0.00403	0.01230
1	0.00982	0.00842	0.00842	0.00842	0.01122	0.00701	0.00631	0.01192	0.01894	0.02244	0.08416	0.07995	0.65285	0.02104	0.00982	0.00281	0.00421	0.01753	0.00771	0.00701
2	0.06152	0.03527	0.02336	0.02050	0.02530	0.51427	0.01571	0.15514	0.02634	0.02761	0.01425	0.01594	0.01133	0.00882	0.00756	0.00223	0.01343	0.00575	0.00514	0.01053
3	0.02056	0.01974	0.03372	0.05099	0.65622	0.01974	0.02550	0.02550	0.01892	0.02714	0.01563	0.02056	0.01316	0.00740	0.00822	0.00247	0.00987	0.00740	0.00411	0.01316
4	0.01988	0.01904	0.03249	0.14003	0.57251	0.01956	0.02516	0.02490	0.01859	0.02631	0.01551	0.02078	0.01287	0.00753	0.00824	0.00251	0.01004	0.00740	0.00405	0.01261
5	0.01758	0.03657	0.47325	0.02721	0.03828	0.01983	0.21602	0.02640	0.01818	0.02640	0.01550	0.01906	0.01117	0.00762	0.00849	0.00268	0.01282	0.00728	0.00372	0.01194
6	0.01208	0.00805	0.00906	0.00906	0.00906	0.00805	0.00503	0.01208	0.01208	0.01611	0.02618	0.05436	0.03020	0.70804	0.04228	0.00805	0.00805	0.01208	0.00503	0.00503
7	0.01032	0.00858	0.00911	0.00938	0.01206	0.00737	0.00730	0.01266	0.01896	0.02278	0.07854	0.08187	0.56829	0.02131	0.01005	0.00295	0.00469	0.09898	0.00771	0.00710
8	0.01744	0.13662	0.57814	0.02236	0.03391	0.02119	0.02839	0.02611	0.01745	0.02536	0.01444	0.01695	0.01054	0.00778	0.00753	0.00251	0.01180	0.00590	0.00351	0.01205
9	0.03103	0.03959	0.02354	0.02140	0.02568	0.67469	0.01605	0.03317	0.02354	0.02033	0.01284	0.01498	0.01070	0.00856	0.00749	0.00214	0.01498	0.00535	0.00428	0.00963
10	0.01098	0.00846	0.01002	0.00963	0.01193	0.00751	0.00722	0.01416	0.02167	0.02893	0.42280	0.06927	0.31016	0.01862	0.00981	0.00269	0.00404	0.01604	0.00857	0.00751
11	0.01835	0.01115	0.01212	0.01091	0.01376	0.01188	0.00854	0.14617	0.02138	0.03381	0.02493	0.02890	0.01972	0.01710	0.09987	0.00365	0.00754	0.00785	0.49334	0.00903
12	0.02102	0.39374	0.27554	0.01836	0.02726	0.05698	0.02058	0.05735	0.01859	0.02384	0.01331	0.01533	0.01079	0.00762	0.00655	0.00215	0.01046	0.00528	0.00382	0.01140
13	0.01549	0.00774	0.00774	0.00774	0.00968	0.00774	0.00581	0.01936	0.01742	0.03097	0.02710	0.03097	0.02129	0.00968	0.00581	0.00194	0.00387	0.00774	0.75416	0.00774
14	0.01549	0.00774	0.00774	0.00774	0.00968	0.00774	0.00581	0.01936	0.01742	0.03097	0.02710	0.03097	0.02129	0.00968	0.00581	0.00194	0.00387	0.00774	0.75416	0.00774
15	0.01909	0.01824	0.03107	0.24290	0.47578	0.01935	0.02477	0.02421	0.01822	0.02536	0.01537	0.02104	0.01253	0.00767	0.00825	0.00256	0.01023	0.00740	0.00399	0.01197
16	0.01569	0.01477	0.02492	0.68808	0.05722	0.01846	0.02307	0.02123	0.01661	0.02123	0.01477	0.02215	0.01107	0.00831	0.00831	0.00277	0.01107	0.00738	0.00369	0.00923
17	0.00993	0.00834	0.00861	0.00871	0.01133	0.00703	0.00647	0.01207	0.01895	0.02286	0.10750	0.11821	0.58928	0.02117	0.00987	0.00283	0.00423	0.01780	0.00778	0.00703
18	0.01156	0.00793	0.00912	0.00948	0.00977	0.00774	0.00562	0.01197	0.01327	0.01750	0.03387	0.17607	0.07849	0.53366	0.03414	0.00682	0.00719	0.01460	0.00572	0.00549
19	0.01008	0.00740	0.00947	0.01113	0.01193	0.00678	0.00752	0.01162	0.01633	0.02138	0.05115	0.61560	0.13851	0.02533	0.01049	0.00329	0.00473	0.02277	0.00771	0.00678
20	0.02056	0.01974	0.03372	0.05099	0.65622	0.01974	0.02550	0.02550	0.01892	0.02714	0.01563	0.02056	0.01316	0.00740	0.00822	0.00247	0.00987	0.00740	0.00411	0.01316
21	0.03103	0.03959	0.02354	0.02140	0.02568	0.67469	0.01605	0.03317	0.02354	0.02033	0.01284	0.01498	0.01070	0.00856	0.00749	0.00214	0.01498	0.00535	0.00428	0.00963
22	0.00982	0.00842	0.00842	0.00842	0.01122	0.00701	0.00631	0.01192	0.01894	0.02244	0.08416	0.07995	0.65285	0.02104	0.00982	0.00281	0.00421	0.01753	0.00771	0.00701
23	0.00982	0.00842	0.00842	0.00842	0.01122	0.00701	0.00631	0.01192	0.01894	0.02244	0.08416	0.07995	0.65285	0.02104	0.00982	0.00281	0.00421	0.01753	0.00771	0.00701
24	0.02026	0.01943	0.03317	0.09096	0.61864	0.01966	0.02534	0.02523	0.01877	0.02677	0.01557	0.02066	0.01303	0.00746	0.00823	0.00249	0.00994	0.00740	0.00409	0.01291
25	0.01605	0.01535	0.01814	0.01681	0.01820	0.09552	0.01336	0.01858	0.01441	0.01962	0.01778	0.02625	0.01665	0.04177	0.40406	0.00914	0.21797	0.00799	0.00419	0.00818
26	0.01666	0.04297	0.66500	0.02368	0.03596	0.01929	0.03069	0.02631	0.01754	0.02631	0.01491	0.01754	0.01052	0.00789	0.00789	0.00263	0.01228	0.00614	0.00351	0.01228
27	0.02056	0.01974	0.03372	0.05099	0.65622	0.01974	0.02550	0.02550	0.01892	0.02714	0.01563	0.02056	0.01316	0.00740	0.00822	0.00247	0.00987	0.00740	0.00411	0.01316
28	0.01717	0.08389	0.59245	0.02370	0.03544	0.02024	0.06210	0.02624	0.01761	0.02590	0.01480	0.01754	0.01065	0.00779	0.00784	0.00259	0.01216	0.00623	0.00355	0.01212
29	0.00982	0.00842	0.00842	0.00842	0.01122	0.00701	0.00631	0.01192	0.01894	0.02244	0.08416	0.07995	0.65285	0.02104	0.00982	0.00281	0.00421	0.01753	0.00771	0.00701
30	0.01012	0.00723	0.00964	0.01157	0.01205	0.00675	0.00771	0.01157	0.01591	0.02121	0.04579	0.70262	0.05495	0.02603	0.01060	0.00337	0.00482	0.02362	0.00771	0.00675
31	0.02392	0.58223	0.03965	0.01561	0.02217	0.15754	0.01457	0.02649	0.01817	0.01970	0.01180	0.01365	0.01067	0.00739	0.00575	0.00185	0.01007	0.00462	0.00369	0.01046
32	0.01208	0.00805	0.00906	0.00906	0.00906	0.00805	0.00503	0.01208	0.01208	0.01611	0.02618	0.05436	0.03020	0.70804	0.04228	0.00805	0.00805	0.01208	0.00503	0.00503
33	0.01012	0.00723	0.00964	0.01157	0.01205	0.00675	0.00771	0.01157	0.01591	0.02121	0.04579	0.70262	0.05495	0.02603	0.01060	0.00337	0.00482	0.02362	0.00771	0.00675
34	0.01012	0.00723	0.00964	0.01157	0.01205	0.00675	0.00771	0.01157	0.01591	0.02121	0.04579	0.70262	0.05495	0.02603	0.01060	0.00337	0.00482	0.02362	0.00771	0.00675
35	0.02056	0.01974	0.03372	0.05099	0.65622	0.01974	0.02550	0.02550	0.01892	0.02714	0.01563	0.02056	0.01316	0.00740	0.00822	0.00247	0.00987	0.00740	0.00411	0.01316
36	0.03103	0.03959	0.02354	0.02140	0.02568	0.67469	0.01605	0.03317	0.02354	0.02033	0.01284	0.01498	0.01070	0.00856	0.00749	0.00214	0.01498	0.00535	0.00428	0.00963
37	0.01012	0.00723	0.00964	0.01157	0.01205	0.00675	0.00771	0.01157	0.01591	0.02121	0.04579	0.70262	0.05495	0.02603	0.01060	0.00337	0.00482	0.02362	0.00771	0.00675
38	0.01056	0.00866	0.00946	0.00986	0.01247	0.00755	0.00779	0.01303	0.01897	0.02295	0.07575	0.08283	0.52627	0.02144	0.01016	0.00302	0.00493	0.13946	0.00770	0.00715
39	0.03103	0.03959	0.02354	0.02140	0.02568	0.67469	0.01605	0.03317	0.02354	0.02033	0.01284	0.01498	0.01070	0.00856	0.00749	0.00214	0.01498	0.00535	0.00428	0.00963
40	0.01201	0.00832	0.01040	0.01040	0.01086	0.00878	0.00670	0.01294	0.01248	0.01710	0.02495	0.04760	0.02727	0.50703	0.23928	0.00970	0.01247	0.01109	0.00485	0.00578
41	0.00982	0.00842	0.00842	0.00842	0.01122	0.00701	0.00631	0.01192	0.01894	0.02244	0.08416	0.07995	0.65285	0.02104	0.00982	0.00281	0.00421	0.01753	0.00771	0.00701
42	0.03107	0.03857	0.02363	0.02126	0.02569	0.63398	0.01603	0.07053	0.02452	0.02234	0.01329	0.01529	0.01092	0.00865	0.00754	0.00216	0.01461	0.00548	0.00453	0.00991
43	0.02165	0.02412	0.06447	0.04239	0.41654	0.11151	0.14492	0.02683	0.01964	0.02604	0.01544	0.02001	0.01258	0.00751	0.00842	0.00250	0.01152	0.00754	0.00413	0.01223
44	0.01301	0.01063	0.01625	0.12508	0.02238	0.01295	0.01311	0.01631	0.01384	0.01966	0.02009	0.02972	0.01836	0.04949	0.51214	0.01081	0.07553	0.00852	0.00426	0.00785
45	0.03158	0.02327	0.02493	0.01911	0.02576	0.02576	0.01579	0.62852	0.03906	0.05236	0.01995	0.01995	0.01413	0.00997	0.00831	0.00249	0.00914	0.00748	0.00831	0.01413
46	0.01208	0.00805	0.00906	0.00906	0.00906	0.00805	0.00503	0.01208	0.01208	0.01611	0.02618	0.05436	0.03020	0.70804	0.04228	0.00805	0.00805	0.01208	0.00503	0.00503
47	0.01671	0.01131	0.01217	0.01100	0.01302	0.01184	0.00766	0.12922	0.04988	0.02718	0.02863	0.04328	0.05767	0.36220	0.02499	0.00521	0.00711	0.01047	0.16268	0.00779
48	0.17111	0.01268	0.01348	0.01243	0.01469	0.01398	0.00901	0.11669	0.01780	0.02777	0.02528	0.17360	0.02714	0.26208	0.02144	0.00475	0.05019	0.01187	0.00607	0.00796
49	0.00982	0.00842	0.00842	0.00842	0.01122	0.00701	0.00631	0.01192	0.01894	0.02244	0.08416	0.07995	0.65285	0.02104	0.00982	0.00281	0.00421	0.01753	0.00771	0.00701
50	0.01187	0.00890	0.01335	0.01335	0.01483	0.01038	0.01038	0.01483	0.01335	0.01928	0.02225	0.03264	0.02077	0.06231	0.67512	0.01335	0.02225	0.00890	0.00445	0.00742
51	0.01936	0.02130	0.04456	0.10023	0.13039	0.02058	0.48397	0.02594	0.01922	0.02617	0.01644	0.02213	0.01253	0.00718	0.00944	0.00275	0.01314	0.00923	0.00414	0.01129
52	0.03158	0.02327	0.02493	0.01911	0.02576	0.02576	0.01579	0.62852	0.03906	0.05236	0.01995	0.01995	0.01413	0.00997	0.00831	0.00249	0.00914	0.00748	0.00831	0.01413
53	0.01012	0.00723	0.00964	0.01157	0.01205	0.00675	0.00771	0.01157	0.01591	0.02121	0.04579	0.70262	0.05495	0.02603	0.01060	0.00337	0.00482	0.02362	0.00771	0.00675
54	0.01188	0.00887	0.01317	0.01317	0.01459	0.01029	0.01016	0.01472	0.01330	0.01915	0.02242	0.03355	0.02116	0.08938	0.64859	0.01313	0.02166	0.00903	0.00447	0.00732
55	0.03103	0.03959	0.02354	0.02140	0.02568	0.67469	0.01605	0.03317	0.02354	0.02033	0.01284	0.01498	0.01070	0.00856	0.00749	0.00214	0.01498	0.00535	0.00428	0.00963
56	0.00986	0.00825	0.00859	0.00886	0.01134	0.00698	0.00651	0.01187	0.01851	0.02227	0.07879	0.16697	0.56929	0.02174	0.00993	0.00288	0.00429	0.01838	0.00771	0.00698
57	0.01673	0.01245	0.01621	0.01477	0.01753	0.01418	0.01172	0.16626	0.01969	0.02745	0.02168	0.02950	0.01913	0.04939	0.51059	0.01067	0.01902	0.00855	0.00540	0.00907
58	0.01953	0.02218	0.04774	0.03429	0.04224	0.02125	0.59293	0.02625	0.01923	0.02625	0.01649	0.02218	0.01251	0.00741	0.01076	0.00285	0.05099	0.00967	0.00417	0.01109
59	0.01187	0.00890	0.01335	0.01335	0.01483	0.01038	0.01038	0.01483	0.01335	0.01928	0.02225	0.03264	0.02077	0.06231	0.67512	0.01335	0.02225	0.00890	0.00445	0.00742
60	0.02345	0.02797	0.03772	0.02892	0.03502	0.24958	0.35113	0.02823	0.02028	0.02374	0.01482	0.01938	0.01177	0.00832	0.01078	0.00266	0.08364	0.00799	0.00417	0.01044
61	0.02598	0.03145	0.02883	0.11720	0.03360	0.41365	0.14451	0.03068	0.05251	0.02249	0.01498	0.01833	0.01188	0.00833	0.00814	0.00240	0.01381	0.00677	0.00439	0.01008
62	0.02275	0.02389	0.03159	0.04480	0.52430	0.15677	0.02352	0.02710	0.01988	0.02572	0.01504	0.01939	0.01264	0.00764	0.00807	0.00240	0.01094	0.00697	0.00415	0.01242
63	0.02769	0.03004	0.02650	0.02844	0.18455	0.34160	0.01852	0.14702	0.02474	0.02830	0.01481	0.01756	0.01201	0.00892	0.00908	0.00239	0.05508	0.00641	0.00499	0.01137
64	0.01187	0.00831	0.01067	0.01080	0.01138	0.00882	0.00718	0.01305	0.01281	0.01762	0.02610	0.09151	0.02847	0.42441	0.27156	0.00967	0.01302	0.01172	0.00501	0.00602
65	0.05943	0.02092	0.02320	0.34257	0.07389	0.15628	0.01899	0.02877	0.14454	0.02494	0.01810	0.02190	0.01389	0.00888	0.00800	0.00262	0.01067	0.00721	0.00488	0.01031
66	0.02002	0.01993	0.03389	0.20761	0.32251	0.04448	0.14972	0.05273	0.01957	0.02643	0.01575	0.02112	0.01246	0.00771	0.00855	0.00260	0.01120	0.00783	0.00422	0.01166
67	0.01890	0.01146	0.01405	0.01192	0.01644	0.00946	0.00917	0.02160	0.01888	0.18135	0.04123	0.19883	0.15867	0.01509	0.00854	0.00241	0.00565	0.01293	0.00750	0.23591
68	0.02121	0.01931	0.01861	0.09467	0.02378	0.16375	0.01362	0.14708	0.02191	0.02821	0.01946	0.02458	0.01607	0.02571	0.21535	0.00575	0.01403	0.00747	0.10990	0.00956
69	0.01641	0.02944	0.37286	0.02016	0.02771	0.01764	0.02252	0.06452	0.01757	0.02567	0.01854	0.06858	0.01605	0.02136	0.14968	0.00502	0.08309	0.00814	0.00435	0.01068
70	0.01249	0.00976	0.01412	0.01361	0.01504	0.01139	0.01065	0.01554	0.01541	0.02229	0.15281	0.03732	0.03182	0.04795	0.46980	0.01011	0.08686	0.01002	0.00535	0.00768
71	0.02378	0.01744	0.02853	0.15990	0.38873	0.01764	0.02177	0.02840	0.01969	0.18269	0.01970	0.02276	0.01460	0.00828	0.00827	0.00255	0.00940	0.00763	0.00556	0.01267

[dist]
# distance from previous block
# <min> <max>
0	1

[block]
# block no. 4 follows, 22 sequences, length 53
# corresponding to MSA columns:
# 190-242
name=unknown_E
#
# <colnr> <probs for GDERKNQSTAVLIFYWHMCP>
#	G	D	E	R	K	N	Q	S	T	A	V	L	I	F	Y	W	H	M	C	P
0	0.02337	0.19960	0.06103	0.02157	0.09612	0.18957	0.01657	0.10185	0.02093	0.02510	0.01526	0.01891	0.01301	0.01700	0.11422	0.00400	0.04039	0.00631	0.00455	0.01063
1	0.14978	0.19358	0.24728	0.04327	0.02657	0.02081	0.01849	0.02437	0.01668	0.02655	0.01348	0.01593	0.01066	0.00734	0.00646	0.00214	0.00918	0.00525	0.00409	0.15809
2	0.02200	0.02244	0.02622	0.06559	0.29476	0.14935	0.01908	0.02990	0.14196	0.02697	0.01850	0.02116	0.01486	0.00828	0.00786	0.00233	0.00983	0.00707	0.00508	0.10676
3	0.01169	0.00789	0.00918	0.00956	0.00966	0.00779	0.00557	0.01198	0.01284	0.01712	0.03009	0.18362	0.03514	0.57206	0.03597	0.00712	0.00741	0.01438	0.00557	0.00538
4	0.02129	0.02632	0.15803	0.02536	0.03278	0.08139	0.25139	0.14528	0.02298	0.03041	0.02036	0.10647	0.01769	0.01033	0.00901	0.00272	0.01162	0.00995	0.00534	0.01129
5	0.01152	0.00790	0.00914	0.00956	0.00984	0.00771	0.00569	0.01196	0.01334	0.01761	0.03409	0.19553	0.07518	0.51748	0.03340	0.00671	0.00711	0.01491	0.00578	0.00553
6	0.01006	0.00747	0.00940	0.01094	0.01188	0.00680	0.00743	0.01164	0.01651	0.02145	0.05344	0.57847	0.17416	0.02503	0.01045	0.00326	0.00470	0.02240	0.00771	0.00680
7	0.01012	0.00723	0.00964	0.01157	0.01205	0.00675	0.00771	0.01157	0.01591	0.02121	0.04579	0.70262	0.05495	0.02603	0.01060	0.00337	0.00482	0.02362	0.00771	0.00675
8	0.02797	0.03333	0.02043	0.01871	0.02253	0.54346	0.01404	0.03045	0.02234	0.02243	0.01565	0.01813	0.01279	0.00878	0.00716	0.00210	0.01280	0.00582	0.15183	0.00926
9	0.01041	0.00809	0.00947	0.00986	0.01177	0.00715	0.00712	0.01280	0.01925	0.02492	0.22108	0.25647	0.32902	0.02143	0.01004	0.00292	0.00431	0.01865	0.00809	0.00715
10	0.01578	0.02827	0.33958	0.02201	0.03036	0.01617	0.14664	0.02315	0.01978	0.02850	0.20844	0.03204	0.03153	0.01047	0.00886	0.00266	0.01010	0.00959	0.00536	0.01071
11	0.02377	0.02155	0.02244	0.13298	0.02856	0.14823	0.04117	0.20168	0.02455	0.03225	0.01779	0.02107	0.01375	0.00942	0.00920	0.00242	0.06425	0.00705	0.13314	0.04476
12	0.01556	0.01378	0.02215	0.25683	0.20592	0.01481	0.01801	0.02032	0.01985	0.02741	0.25488	0.03674	0.03700	0.01132	0.00885	0.00263	0.00805	0.01027	0.00586	0.00979
13	0.01721	0.02741	0.28521	0.03079	0.23867	0.01764	0.06191	0.02446	0.04289	0.02632	0.02709	0.02937	0.11492	0.00991	0.00845	0.00262	0.01007	0.00874	0.00462	0.01170
14	0.01086	0.00846	0.00986	0.00951	0.01186	0.00746	0.00713	0.01394	0.02140	0.02828	0.38922	0.07033	0.34415	0.01886	0.00981	0.00270	0.00405	0.01618	0.00848	0.00746
15	0.02973	0.03453	0.02368	0.02199	0.05719	0.50349	0.01609	0.13338	0.02576	0.02622	0.01711	0.01877	0.03764	0.00925	0.00776	0.00224	0.01329	0.00632	0.00510	0.01047
16	0.40411	0.16889	0.02196	0.01455	0.01987	0.20569	0.01207	0.02697	0.01735	0.02880	0.01192	0.01388	0.00982	0.00782	0.00584	0.00228	0.00934	0.00473	0.00457	0.00952
17	0.18189	0.06120	0.25821	0.04812	0.03021	0.01869	0.14059	0.02433	0.01789	0.02912	0.09510	0.02324	0.01923	0.00880	0.00780	0.00261	0.01006	0.00760	0.00473	0.01057
18	0.01734	0.01380	0.01551	0.01347	0.01763	0.01404	0.01064	0.12848	0.14659	0.03225	0.13542	0.04577	0.17006	0.01801	0.06187	0.00341	0.00733	0.03586	0.00757	0.10496
19	0.01010	0.00732	0.00954	0.01132	0.01198	0.00677	0.00760	0.01160	0.01615	0.02131	0.04884	0.65303	0.10257	0.02563	0.01054	0.00333	0.00477	0.02313	0.00771	0.00677
20	0.01038	0.00742	0.00994	0.01186	0.01246	0.00697	0.00816	0.01202	0.01616	0.02150	0.04564	0.65412	0.05438	0.02578	0.01067	0.00341	0.00505	0.06955	0.00771	0.00682
21	0.01080	0.00845	0.00977	0.00944	0.01182	0.00743	0.00708	0.01381	0.02124	0.02792	0.37031	0.07093	0.36328	0.01899	0.00981	0.00271	0.00406	0.01627	0.00844	0.00743
22	0.03103	0.03959	0.02354	0.02140	0.02568	0.67469	0.01605	0.03317	0.02354	0.02033	0.01284	0.01498	0.01070	0.00856	0.00749	0.00214	0.01498	0.00535	0.00428	0.00963
23	0.02761	0.30063	0.03129	0.01862	0.02399	0.42592	0.01534	0.02996	0.02096	0.02003	0.01234	0.01434	0.01069	0.00800	0.00665	0.00200	0.01262	0.00500	0.00400	0.01003
24	0.03103	0.03959	0.02354	0.02140	0.02568	0.67469	0.01605	0.03317	0.02354	0.02033	0.01284	0.01498	0.01070	0.00856	0.00749	0.00214	0.01498	0.00535	0.00428	0.00963
25	0.06664	0.02187	0.15299	0.26421	0.18850	0.01872	0.02280	0.02650	0.06739	0.06616	0.01745	0.02139	0.01307	0.00833	0.00802	0.00265	0.01012	0.00718	0.00464	0.01138
26	0.01208	0.00805	0.00906	0.00906	0.00906	0.00805	0.00503	0.01208	0.01208	0.01611	0.02618	0.05436	0.03020	0.70804	0.04228	0.00805	0.00805	0.01208	0.00503	0.00503
27	0.02282	0.16600	0.02343	0.01622	0.02044	0.24618	0.01300	0.07321	0.02085	0.04693	0.02487	0.10305	0.07127	0.01843	0.09375	0.00375	0.01181	0.00904	0.00539	0.00954
28	0.01562	0.00958	0.01215	0.01150	0.01419	0.00838	0.00839	0.01773	0.01821	0.12119	0.11919	0.30179	0.11378	0.04937	0.01182	0.03501	0.00539	0.01591	0.00764	0.10316
29	0.02263	0.62531	0.07356	0.01527	0.02241	0.08330	0.01520	0.02561	0.01744	0.01995	0.01182	0.01367	0.01066	0.00726	0.00563	0.00185	0.00954	0.00460	0.00361	0.01066
30	0.05708	0.04725	0.02003	0.01564	0.02110	0.05110	0.01266	0.15276	0.18795	0.22470	0.03077	0.02884	0.05909	0.01081	0.00805	0.00255	0.00748	0.00854	0.04105	0.01257
31	0.01081	0.00764	0.00985	0.01090	0.01161	0.00720	0.00727	0.01252	0.01685	0.02287	0.17023	0.45478	0.05559	0.14269	0.01594	0.00403	0.00519	0.01980	0.00755	0.00668
32	0.01257	0.00863	0.01012	0.01024	0.01071	0.00872	0.00633	0.04023	0.01414	0.01894	0.02960	0.18094	0.03392	0.50736	0.06662	0.00714	0.00818	0.01401	0.00569	0.00591
33	0.01340	0.00968	0.01212	0.01244	0.01413	0.00956	0.00905	0.09104	0.02083	0.02825	0.18822	0.43130	0.05505	0.02166	0.01016	0.00310	0.00529	0.04857	0.00813	0.00799
34	0.01222	0.00930	0.01155	0.01144	0.01366	0.00804	0.00793	0.01407	0.01577	0.02209	0.03521	0.44166	0.04069	0.10728	0.01346	0.00341	0.00558	0.01728	0.00664	0.20272
35	0.02395	0.58053	0.03960	0.01563	0.02218	0.15916	0.01458	0.02651	0.01819	0.01970	0.01180	0.01365	0.01067	0.00739	0.00576	0.00185	0.01008	0.00462	0.00370	0.01046
36	0.01666	0.04297	0.66500	0.02368	0.03596	0.01929	0.03069	0.02631	0.01754	0.02631	0.01491	0.01754	0.01052	0.00789	0.00789	0.00263	0.01228	0.00614	0.00351	0.01228
37	0.03055	0.03859	0.02332	0.02119	0.02549	0.64439	0.01592	0.03368	0.05216	0.02100	0.01381	0.01572	0.01138	0.00869	0.00754	0.00217	0.01459	0.00554	0.00447	0.00979
38	0.02221	0.71304	0.04353	0.01421	0.02132	0.03287	0.01421	0.02488	0.01688	0.01955	0.01155	0.01333	0.01066	0.00711	0.00533	0.00178	0.00888	0.00444	0.00355	0.01066
39	0.01666	0.04297	0.66500	0.02368	0.03596	0.01929	0.03069	0.02631	0.01754	0.02631	0.01491	0.01754	0.01052	0.00789	0.00789	0.00263	0.01228	0.00614	0.00351	0.01228
40	0.02056	0.01974	0.03372	0.05099	0.65622	0.01974	0.02550	0.02550	0.01892	0.02714	0.01563	0.02056	0.01316	0.00740	0.00822	0.00247	0.00987	0.00740	0.00411	0.01316
41	0.13483	0.11416	0.21889	0.01894	0.02601	0.08129	0.06661	0.04942	0.01772	0.02630	0.01560	0.01964	0.01268	0.01869	0.14031	0.00461	0.01319	0.00649	0.00428	0.01034
42	0.01060	0.00861	0.00954	0.01004	0.01255	0.00755	0.00790	0.01304	0.01884	0.02291	0.07376	0.11131	0.49534	0.02168	0.01021	0.00305	0.00498	0.14326	0.00770	0.00714
43	0.01687	0.01597	0.02705	0.53405	0.20204	0.01877	0.02366	0.02226	0.01717	0.02266	0.01497	0.02176	0.01158	0.00809	0.00829	0.00270	0.01078	0.00739	0.00379	0.01018
44	0.01827	0.12664	0.55799	0.02209	0.03346	0.02070	0.02780	0.02675	0.01773	0.05325	0.01526	0.01747	0.01098	0.00790	0.00759	0.00252	0.01162	0.00602	0.00381	0.01215
45	0.01492	0.01221	0.01875	0.08438	0.14662	0.01387	0.01463	0.01855	0.01523	0.02257	0.01994	0.02788	0.01762	0.03580	0.34290	0.00796	0.06981	0.00818	0.09927	0.00891
46	0.01193	0.00826	0.01033	0.01041	0.01087	0.00867	0.00670	0.01286	0.01262	0.01725	0.02589	0.07638	0.02855	0.49103	0.22438	0.00939	0.01203	0.01166	0.00498	0.00580
47	0.02609	0.02169	0.14647	0.01715	0.02359	0.01748	0.01599	0.22962	0.02537	0.19903	0.02327	0.02702	0.01766	0.10229	0.06566	0.00411	0.01012	0.00814	0.00716	0.01208
48	0.11817	0.14046	0.13865	0.02547	0.18083	0.02240	0.01911	0.07725	0.14340	0.03056	0.01825	0.01992	0.01425	0.00845	0.00733	0.00246	0.00896	0.00671	0.00525	0.01212
49	0.01574	0.01603	0.01557	0.06990	0.07891	0.14061	0.01192	0.01846	0.01946	0.02276	0.07433	0.13577	0.28983	0.01684	0.00926	0.00275	0.00762	0.03950	0.00643	0.00831
50	0.16633	0.02019	0.15233	0.15297	0.08892	0.01621	0.01829	0.02492	0.01847	0.11111	0.10111	0.02839	0.02234	0.01003	0.00793	0.00267	0.00869	0.03281	0.00572	0.01057
51	0.20923	0.02071	0.01858	0.10083	0.02494	0.14747	0.01356	0.07773	0.15712	0.05602	0.02185	0.02319	0.04160	0.01051	0.00851	0.03568	0.00891	0.00718	0.00602	0.01036
52	0.05536	0.07569	0.01907	0.01512	0.01901	0.18900	0.01187	0.12802	0.02378	0.02948	0.15096	0.06496	0.10288	0.04362	0.00988	0.00274	0.00866	0.03385	0.00663	0.00942

[dist]
# distance from previous block
# <min> <max>
22	80

[block]
# block no. 5 follows, 22 sequences, length 6
# corresponding to MSA columns:
# 323-328
name=unknown_F
#
# <colnr> <probs for GDERKNQSTAVLIFYWHMCP>
#	G	D	E	R	K	N	Q	S	T	A	V	L	I	F	Y	W	H	M	C	P
0	0.01443	0.01237	0.01434	0.09702	0.02089	0.01316	0.01124	0.02418	0.22636	0.02650	0.05391	0.09083	0.29048	0.01658	0.00933	0.00290	0.00612	0.05254	0.00745	0.00937
1	0.01272	0.00997	0.01181	0.01263	0.01436	0.01024	0.00895	0.01971	0.17191	0.02469	0.04606	0.48243	0.09838	0.02193	0.01000	0.00319	0.00520	0.01956	0.00790	0.00836
2	0.01691	0.01539	0.02526	0.21314	0.33337	0.01633	0.02005	0.02094	0.01703	0.02338	0.02028	0.10414	0.01969	0.10354	0.01308	0.00340	0.00937	0.00989	0.00454	0.01027
3	0.02418	0.02436	0.02734	0.10916	0.11526	0.17754	0.09091	0.13043	0.15791	0.03052	0.01965	0.02181	0.01505	0.00901	0.00831	0.00255	0.01091	0.00764	0.00574	0.01175
4	0.01759	0.01864	0.01789	0.02104	0.15461	0.17614	0.01302	0.02047	0.02046	0.02383	0.09853	0.04943	0.30684	0.01464	0.00889	0.00255	0.00809	0.01210	0.00620	0.00906
5	0.28455	0.18591	0.05133	0.01669	0.02278	0.07843	0.07525	0.04790	0.06144	0.02941	0.01432	0.01643	0.01151	0.00807	0.00711	0.00236	0.03234	0.00572	0.00481	0.04364

[dist]
# distance from previous block
# <min> <max>
5	18

[block]
# block no. 6 follows, 22 sequences, length 93
# corresponding to MSA columns:
# 347-439
name=unknown_G
#
# <colnr> <probs for GDERKNQSTAVLIFYWHMCP>
#	G	D	E	R	K	N	Q	S	T	A	V	L	I	F	Y	W	H	M	C	P
0	0.02232	0.12172	0.02523	0.02217	0.14588	0.05757	0.01510	0.08863	0.09539	0.08688	0.02684	0.02756	0.09015	0.01018	0.00854	0.00234	0.03717	0.00806	0.00606	0.10221
1	0.01854	0.01719	0.02344	0.14364	0.21280	0.06703	0.03930	0.02259	0.01883	0.05274	0.02942	0.03194	0.13890	0.01024	0.00820	0.00236	0.00875	0.00894	0.00518	0.13997
2	0.18363	0.02560	0.04440	0.01628	0.02114	0.27199	0.01313	0.09092	0.02116	0.02928	0.01573	0.01832	0.01261	0.01159	0.04589	0.00285	0.01089	0.00587	0.08972	0.06901
3	0.05957	0.01801	0.07107	0.06090	0.14743	0.01680	0.01585	0.12454	0.09756	0.05728	0.06355	0.03759	0.17079	0.01222	0.00854	0.00264	0.00769	0.01020	0.00665	0.01113
4	0.01946	0.01394	0.01564	0.01411	0.01764	0.01469	0.01070	0.15002	0.17519	0.08217	0.03968	0.21248	0.10929	0.07113	0.01183	0.00329	0.00651	0.01387	0.00801	0.01034
5	0.02544	0.10526	0.08216	0.02347	0.14415	0.14790	0.01706	0.06192	0.04680	0.15630	0.05379	0.02577	0.05463	0.00978	0.00792	0.00240	0.00961	0.00777	0.00614	0.01173
6	0.16855	0.06270	0.19234	0.02471	0.06737	0.14566	0.17192	0.02721	0.01858	0.02713	0.01421	0.01745	0.01094	0.00770	0.00765	0.00252	0.01177	0.00658	0.00419	0.01083
7	0.10510	0.01618	0.01420	0.01426	0.01714	0.14155	0.01127	0.02111	0.05272	0.02582	0.08516	0.13181	0.12671	0.01732	0.00931	0.00300	0.00778	0.18441	0.00686	0.00831
8	0.02015	0.08832	0.30883	0.02026	0.02777	0.20101	0.02131	0.02584	0.01833	0.02273	0.01552	0.01947	0.01260	0.01875	0.13915	0.00454	0.01473	0.00633	0.00391	0.01045
9	0.01728	0.01346	0.01213	0.01140	0.01434	0.08151	0.00869	0.04585	0.11496	0.02906	0.03740	0.03858	0.14503	0.01419	0.03442	0.00275	0.00648	0.00971	0.35390	0.00886
10	0.01026	0.00760	0.00962	0.01117	0.01219	0.00697	0.00777	0.01197	0.01669	0.02167	0.05325	0.54366	0.17242	0.02486	0.01050	0.00329	0.00487	0.05668	0.00771	0.00685
11	0.02426	0.42229	0.08703	0.01822	0.02496	0.22242	0.04890	0.02755	0.01906	0.02069	0.01248	0.01464	0.01077	0.00760	0.00642	0.00201	0.01124	0.00513	0.00380	0.01051
