[name]
unknown

[dist]
# distance from previous block
# <min> <max>
0	0

[block]
# block no. 0 follows, 22 sequences, length 105
# corresponding to MSA columns:
# 0-104
name=unknown_A
#
# <colnr> <probs for GDERKNQSTAVLIFYWHMCP>
#	G	D	E	R	K	N	Q	S	T	A	V	L	I	F	Y	W	H	M	C	P
0	0.01339	0.00956	0.01339	0.01530	0.01721	0.00956	0.01339	0.01721	0.01912	0.02486	0.04399	0.09371	0.04781	0.02295	0.01147	0.00382	0.00765	0.60031	0.00765	0.00765
1	0.02101	0.02202	0.02873	0.25940	0.32930	0.14960	0.02280	0.02559	0.01906	0.02380	0.01478	0.01998	0.01197	0.00794	0.00811	0.00250	0.01129	0.00699	0.00400	0.01114
2	0.01010	0.00819	0.00897	0.00928	0.01152	0.00706	0.00677	0.01229	0.01886	0.02345	0.14220	0.20175	0.46745	0.02156	0.00997	0.00290	0.00430	0.01845	0.00788	0.00706
3	0.01149	0.00818	0.00993	0.00988	0.01105	0.00771	0.00666	0.01354	0.01807	0.02465	0.30070	0.13516	0.11514	0.26685	0.02157	0.00468	0.00554	0.01521	0.00736	0.00662
4	0.02859	0.02384	0.02574	0.02468	0.13477	0.09134	0.01725	0.40776	0.09018	0.04303	0.01976	0.02057	0.01465	0.00950	0.00822	0.00248	0.00963	0.00742	0.00718	0.01340
5	0.01497	0.01123	0.01235	0.01156	0.01408	0.01115	0.00840	0.14320	0.02115	0.02726	0.04998	0.20754	0.25327	0.15652	0.01614	0.00392	0.00617	0.01573	0.00731	0.00807
6	0.01028	0.00795	0.00905	0.00972	0.01132	0.00708	0.00673	0.01198	0.01723	0.02173	0.08846	0.30121	0.33800	0.10367	0.01393	0.00362	0.00487	0.01898	0.00746	0.00672
7	0.01008	0.00775	0.00911	0.01016	0.01158	0.00691	0.00702	0.01174	0.01699	0.02150	0.06076	0.41850	0.30018	0.05304	0.01163	0.00334	0.00471	0.02062	0.00760	0.00678
8	0.01769	0.01256	0.01374	0.01210	0.01409	0.01336	0.00827	0.17897	0.04661	0.02665	0.02483	0.04411	0.02568	0.49041	0.03169	0.00633	0.00828	0.01073	0.00606	0.00783
9	0.01158	0.00827	0.01006	0.01101	0.01160	0.00820	0.00710	0.01402	0.05792	0.02025	0.03767	0.41528	0.04370	0.27823	0.02222	0.00507	0.00614	0.01835	0.00677	0.00656
10	0.01021	0.00730	0.00972	0.01151	0.01207	0.00680	0.00772	0.01178	0.01630	0.02184	0.07757	0.66903	0.05617	0.02555	0.01056	0.00333	0.00477	0.02317	0.00779	0.00680
11	0.01009	0.00737	0.00950	0.01120	0.01195	0.00678	0.00755	0.01161	0.01626	0.02135	0.05031	0.62920	0.12545	0.02544	0.01051	0.00331	0.00475	0.02290	0.00771	0.00678
12	0.01012	0.00723	0.00964	0.01157	0.01205	0.00675	0.00771	0.01157	0.01591	0.02121	0.04579	0.70262	0.05495	0.02603	0.01060	0.00337	0.00482	0.02362	0.00771	0.00675
13	0.01208	0.00805	0.00906	0.00906	0.00906	0.00805	0.00503	0.01208	0.01208	0.01611	0.02618	0.05436	0.03020	0.70804	0.04228	0.00805	0.00805	0.01208	0.00503	0.00503
14	0.01208	0.00805	0.00906	0.00906	0.00906	0.00805	0.00503	0.01208	0.01208	0.01611	0.02618	0.05436	0.03020	0.70804	0.04228	0.00805	0.00805	0.01208	0.00503	0.00503
15	0.01023	0.00843	0.00899	0.00885	0.01147	0.00719	0.00664	0.01272	0.01991	0.02476	0.20506	0.07614	0.53050	0.02018	0.00981	0.00276	0.00415	0.01700	0.00802	0.00719
16	0.03103	0.03959	0.02354	0.02140	0.02568	0.67469	0.01605	0.03317	0.02354	0.02033	0.01284	0.01498	0.01070	0.00856	0.00749	0.00214	0.01498	0.00535	0.00428	0.00963
17	0.01012	0.00723	0.00964	0.01157	0.01205	0.00675	0.00771	0.01157	0.01591	0.02121	0.04579	0.70262	0.05495	0.02603	0.01060	0.00337	0.00482	0.02362	0.00771	0.00675
18	0.01208	0.00805	0.00906	0.00906	0.00906	0.00805	0.00503	0.01208	0.01208	0.01611	0.02618	0.05436	0.03020	0.70804	0.04228	0.00805	0.00805	0.01208	0.00503	0.00503
19	0.01208	0.00805	0.00906	0.00906	0.00906	0.00805	0.00503	0.01208	0.01208	0.01611	0.02618	0.05436	0.03020	0.70804	0.04228	0.00805	0.00805	0.01208	0.00503	0.00503
20	0.01176	0.00849	0.01110	0.01045	0.01241	0.00784	0.00784	0.01568	0.02352	0.03331	0.65184	0.06206	0.07839	0.01698	0.00980	0.00261	0.00392	0.01502	0.00914	0.00784
21	0.02056	0.01974	0.03372	0.05099	0.65622	0.01974	0.02550	0.02550	0.01892	0.02714	0.01563	0.02056	0.01316	0.00740	0.00822	0.00247	0.00987	0.00740	0.00411	0.01316
22	0.03158	0.02327	0.02493	0.01911	0.02576	0.02576	0.01579	0.62852	0.03906	0.05236	0.01995	0.01995	0.01413	0.00997	0.00831	0.00249	0.00914	0.00748	0.00831	0.01413
23	0.01906	0.01902	0.02026	0.29616	0.03503	0.14683	0.01637	0.09274	0.02125	0.02504	0.03341	0.03581	0.18172	0.01193	0.00855	0.00262	0.00980	0.00968	0.00542	0.00930
24	0.01199	0.00842	0.01090	0.01090	0.01153	0.00905	0.00732	0.01326	0.01262	0.01747	0.02450	0.04507	0.02617	0.43197	0.31285	0.01032	0.01412	0.01072	0.00478	0.00605
25	0.02056	0.01974	0.03372	0.05099	0.65622	0.01974	0.02550	0.02550	0.01892	0.02714	0.01563	0.02056	0.01316	0.00740	0.00822	0.00247	0.00987	0.00740	0.00411	0.01316
26	0.03103	0.03959	0.02354	0.02140	0.02568	0.67469	0.01605	0.03317	0.02354	0.02033	0.01284	0.01498	0.01070	0.00856	0.00749	0.00214	0.01498	0.00535	0.00428	0.00963
27	0.02268	0.38979	0.20441	0.01798	0.02614	0.08834	0.01895	0.09824	0.02033	0.02534	0.01357	0.01539	0.01104	0.00779	0.00657	0.00212	0.01038	0.00534	0.00418	0.01141
28	0.01744	0.03751	0.50149	0.02669	0.03794	0.01975	0.18873	0.02639	0.01809	0.02639	0.01541	0.01883	0.01108	0.00766	0.00840	0.00268	0.01274	0.00711	0.00369	0.01199
29	0.02739	0.02370	0.02589	0.02365	0.09785	0.10152	0.01745	0.35895	0.02929	0.03877	0.01668	0.01905	0.01293	0.01048	0.01224	0.00269	0.15553	0.00717	0.00635	0.01241
30	0.01193	0.00867	0.01217	0.01217	0.01324	0.00974	0.00891	0.01407	0.01300	0.01841	0.02334	0.03864	0.02337	0.24068	0.50031	0.01189	0.01833	0.00978	0.00461	0.00676
31	0.03103	0.03959	0.02354	0.02140	0.02568	0.67469	0.01605	0.03317	0.02354	0.02033	0.01284	0.01498	0.01070	0.00856	0.00749	0.00214	0.01498	0.00535	0.00428	0.00963
32	0.01105	0.00846	0.01012	0.00971	0.01198	0.00754	0.00728	0.01430	0.02184	0.02934	0.44421	0.06860	0.28849	0.01847	0.00981	0.00268	0.00402	0.01594	0.00862	0.00754
33	0.01723	0.01477	0.01723	0.01230	0.01969	0.01107	0.00984	0.02092	0.01723	0.02707	0.01477	0.01723	0.01230	0.00615	0.00615	0.00123	0.00615	0.00492	0.00492	0.75883
34	0.01012	0.00723	0.00964	0.01157	0.01205	0.00675	0.00771	0.01157	0.01591	0.02121	0.04579	0.70262	0.05495	0.02603	0.01060	0.00337	0.00482	0.02362	0.00771	0.00675
35	0.03103	0.03959	0.02354	0.02140	0.02568	0.67469	0.01605	0.03317	0.02354	0.02033	0.01284	0.01498	0.01070	0.00856	0.00749	0.00214	0.01498	0.00535	0.00428	0.00963
36	0.01160	0.00849	0.01089	0.01029	0.01232	0.00777	0.00772	0.01538	0.02315	0.03244	0.60632	0.06349	0.12445	0.01731	0.00980	0.00263	0.00394	0.01523	0.00903	0.00777
37	0.01012	0.00723	0.00964	0.01157	0.01205	0.00675	0.00771	0.01157	0.01591	0.02121	0.04579	0.70262	0.05495	0.02603	0.01060	0.00337	0.00482	0.02362	0.00771	0.00675
38	0.01208	0.00805	0.00906	0.00906	0.00906	0.00805	0.00503	0.01208	0.01208	0.01611	0.02618	0.05436	0.03020	0.70804	0.04228	0.00805	0.00805	0.01208	0.00503	0.00503
39	0.03039	0.03125	0.02322	0.01972	0.02482	0.37625	0.01538	0.27217	0.02945	0.03382	0.01650	0.01787	0.01267	0.00919	0.00773	0.00227	0.01201	0.00634	0.04760	0.01134
40	0.02274	0.02411	0.03235	0.04385	0.48979	0.15930	0.05498	0.02719	0.01994	0.02566	0.01509	0.01947	0.01261	0.00763	0.00815	0.00242	0.01117	0.00709	0.00415	0.01231
41	0.76672	0.01607	0.01221	0.01092	0.01607	0.01864	0.00900	0.02442	0.01414	0.03727	0.01157	0.01350	0.00900	0.00771	0.00514	0.00257	0.00643	0.00450	0.00514	0.00900
42	0.02129	0.02112	0.03301	0.04894	0.61243	0.06523	0.02484	0.02603	0.01924	0.02667	0.01543	0.02017	0.01299	0.00748	0.00817	0.00244	0.01022	0.00726	0.00412	0.01291
43	0.02585	0.03097	0.02431	0.02157	0.02412	0.41317	0.01691	0.02786	0.01918	0.02020	0.01206	0.01627	0.01078	0.01097	0.01546	0.00274	0.28803	0.00612	0.00402	0.00941
44	0.01007	0.00850	0.00876	0.00889	0.01164	0.00719	0.00680	0.01229	0.01895	0.02261	0.08137	0.08091	0.61083	0.02117	0.00993	0.00288	0.00445	0.05801	0.00771	0.00706
45	0.01569	0.01477	0.02492	0.68808	0.05722	0.01846	0.02307	0.02123	0.01661	0.02123	0.01477	0.02215	0.01107	0.00831	0.00831	0.00277	0.01107	0.00738	0.00369	0.00923
46	0.02056	0.01974	0.03372	0.05099	0.65622	0.01974	0.02550	0.02550	0.01892	0.02714	0.01563	0.02056	0.01316	0.00740	0.00822	0.00247	0.00987	0.00740	0.00411	0.01316
47	0.01569	0.01477	0.02492	0.68808	0.05722	0.01846	0.02307	0.02123	0.01661	0.02123	0.01477	0.02215	0.01107	0.00831	0.00831	0.00277	0.01107	0.00738	0.00369	0.00923
48	0.01056	0.00757	0.01003	0.01127	0.01215	0.00704	0.00775	0.01267	0.01795	0.02446	0.20845	0.53070	0.06124	0.02360	0.01039	0.00317	0.00458	0.02131	0.00810	0.00704
49	0.01549	0.00774	0.00774	0.00774	0.00968	0.00774	0.00581	0.01936	0.01742	0.03097	0.02710	0.03097	0.02129	0.00968	0.00581	0.00194	0.00387	0.00774	0.75416	0.00774
50	0.02832	0.03427	0.02401	0.02138	0.02486	0.50602	0.01649	0.05825	0.02196	0.02176	0.01276	0.01589	0.01090	0.00990	0.01174	0.00248	0.15908	0.00586	0.00433	0.00973
51	0.01784	0.18568	0.53264	0.02166	0.03284	0.02219	0.02718	0.02600	0.01740	0.02487	0.01419	0.01664	0.01055	0.00773	0.00735	0.00245	0.01155	0.00578	0.00352	0.01193
52	0.01549	0.00774	0.00774	0.00774	0.00968	0.00774	0.00581	0.01936	0.01742	0.03097	0.02710	0.03097	0.02129	0.00968	0.00581	0.00194	0.00387	0.00774	0.75416	0.00774
53	0.01208	0.00805	0.00906	0.00906	0.00906	0.00805	0.00503	0.01208	0.01208	0.01611	0.02618	0.05436	0.03020	0.70804	0.04228	0.00805	0.00805	0.01208	0.00503	0.00503
54	0.01192	0.00868	0.01221	0.01221	0.01330	0.00977	0.00896	0.01410	0.01301	0.01844	0.02329	0.03840	0.02327	0.23371	0.50714	0.01195	0.01848	0.00974	0.00461	0.00678
55	0.02058	0.01934	0.03054	0.04373	0.52106	0.01994	0.02287	0.02947	0.15145	0.02876	0.01950	0.02278	0.01576	0.00823	0.00827	0.00254	0.00917	0.00783	0.00504	0.01316
56	0.03103	0.03959	0.02354	0.02140	0.02568	0.67469	0.01605	0.03317	0.02354	0.02033	0.01284	0.01498	0.01070	0.00856	0.00749	0.00214	0.01498	0.00535	0.00428	0.00963
57	0.01666	0.04297	0.66500	0.02368	0.03596	0.01929	0.03069	0.02631	0.01754	0.02631	0.01491	0.01754	0.01052	0.00789	0.00789	0.00263	0.01228	0.00614	0.00351	0.01228
58	0.01158	0.00848	0.01086	0.01027	0.01230	0.00776	0.00770	0.01534	0.02310	0.03233	0.60048	0.06367	0.13036	0.01735	0.00980	0.00263	0.00395	0.01525	0.00902	0.00776
59	0.03068	0.07166	0.02487	0.02057	0.02547	0.51194	0.01590	0.15117	0.02628	0.02666	0.01419	0.01588	0.01138	0.00877	0.00754	0.00219	0.01350	0.00573	0.00504	0.01058
60	0.01069	0.00764	0.01030	0.01222	0.01295	0.00724	0.00871	0.01256	0.01647	0.02185	0.04547	0.59592	0.05369	0.02549	0.01076	0.00345	0.00532	0.12467	0.00770	0.00691
61	0.00982	0.00842	0.00842	0.00842	0.01122	0.00701	0.00631	0.01192	0.01894	0.02244	0.08416	0.07995	0.65285	0.02104	0.00982	0.00281	0.00421	0.01753	0.00771	0.00701
62	0.01194	0.00863	0.01199	0.01199	0.01301	0.00965	0.00869	0.01396	0.01295	0.01828	0.02350	0.03952	0.02376	0.26691	0.47461	0.01167	0.01775	0.00991	0.00464	0.00666
63	0.02791	0.03388	0.02584	0.02773	0.15971	0.49010	0.01821	0.03062	0.02181	0.02176	0.01330	0.01639	0.01124	0.00873	0.00902	0.00231	0.06098	0.00592	0.00420	0.01034
64	0.03158	0.02327	0.02493	0.01911	0.02576	0.02576	0.01579	0.62852	0.03906	0.05236	0.01995	0.01995	0.01413	0.00997	0.00831	0.00249	0.00914	0.00748	0.00831	0.01413
65	0.01549	0.00774	0.00774	0.00774	0.00968	0.00774	0.00581	0.01936	0.01742	0.03097	0.02710	0.03097	0.02129	0.00968	0.00581	0.00194	0.00387	0.00774	0.75416	0.00774
66	0.01883	0.01798	0.03060	0.27682	0.44389	0.01928	0.02464	0.02398	0.01810	0.02504	0.01532	0.02112	0.01242	0.00772	0.00825	0.00257	0.01030	0.00740	0.00396	0.01177
67	0.03220	0.01301	0.01765	0.01392	0.01946	0.01134	0.01134	0.03555	0.02373	0.53691	0.15593	0.03500	0.03207	0.01162	0.00864	0.00258	0.00644	0.00968	0.01006	0.01288
68	0.01089	0.00761	0.00936	0.01044	0.01082	0.00728	0.00658	0.01179	0.01450	0.01922	0.03955	0.41796	0.06991	0.29808	0.02322	0.00522	0.00609	0.01876	0.00664	0.00607
69	0.01666	0.04297	0.66500	0.02368	0.03596	0.01929	0.03069	0.02631	0.01754	0.02631	0.01491	0.01754	0.01052	0.00789	0.00789	0.00263	0.01228	0.00614	0.00351	0.01228
70	0.03049	0.03489	0.02391	0.04981	0.02707	0.50212	0.01630	0.16486	0.02669	0.02748	0.01450	0.01639	0.01148	0.00886	0.00771	0.00225	0.01351	0.00591	0.00515	0.01061
71	0.01183	0.00854	0.01120	0.01066	0.01262	0.00791	0.00808	0.01574	0.02333	0.03295	0.62551	0.06343	0.07706	0.01724	0.00987	0.00267	0.00408	0.04038	0.00908	0.00783
72	0.11227	0.02954	0.02599	0.03112	0.25742	0.35693	0.01872	0.02933	0.02075	0.02481	0.01372	0.01687	0.01141	0.00803	0.00749	0.00231	0.01210	0.00601	0.00432	0.01086
73	0.01701	0.01714	0.01609	0.01551	0.01775	0.18868	0.01191	0.01976	0.01609	0.01957	0.01973	0.02790	0.01807	0.04788	0.49593	0.01034	0.02030	0.00795	0.00440	0.00801
74	0.02688	0.02922	0.02722	0.02258	0.02686	0.31209	0.08705	0.15619	0.02391	0.02780	0.01437	0.01763	0.01170	0.01005	0.01246	0.00263	0.16895	0.00676	0.00498	0.01065
75	0.02538	0.07050	0.02913	0.03345	0.29073	0.32422	0.02004	0.02871	0.02059	0.02313	0.01383	0.01741	0.01174	0.00832	0.00877	0.00234	0.05016	0.00627	0.00413	0.01115
76	0.01067	0.00786	0.00908	0.00980	0.01082	0.00726	0.00641	0.01184	0.01557	0.01991	0.05093	0.30279	0.22698	0.24781	0.02074	0.00473	0.00569	0.01801	0.00684	0.00627
77	0.03110	0.03770	0.02370	0.02114	0.02569	0.59962	0.01602	0.10205	0.02534	0.02404	0.01366	0.01556	0.01110	0.00872	0.00759	0.00218	0.01431	0.00560	0.00475	0.01015
78	0.08689	0.01774	0.02881	0.26070	0.39731	0.01921	0.02318	0.02397	0.01771	0.02608	0.01497	0.02045	0.01208	0.00773	0.00797	0.00258	0.00996	0.00713	0.00406	0.01146
79	0.02871	0.02020	0.02389	0.11899	0.07292	0.05080	0.01648	0.31581	0.02927	0.16428	0.02079	0.02158	0.01462	0.00931	0.00814	0.00246	0.00916	0.00738	0.00734	0.05787
80	0.01974	0.01890	0.03224	0.15810	0.55552	0.01952	0.02509	0.02478	0.01853	0.02615	0.01548	0.02083	0.01281	0.00755	0.00824	0.00252	0.01007	0.00740	0.00404	0.01250
81	0.00992	0.00840	0.00845	0.00845	0.01112	0.00706	0.00625	0.01193	0.01861	0.02215	0.08144	0.07875	0.62369	0.05321	0.01134	0.00305	0.00439	0.01728	0.00759	0.00692
82	0.01165	0.00815	0.01049	0.01163	0.01242	0.00793	0.00829	0.01341	0.01604	0.02136	0.08132	0.30533	0.04709	0.23733	0.02064	0.00489	0.00647	0.16209	0.00696	0.00651
83	0.01766	0.01461	0.01779	0.01601	0.01829	0.04613	0.01266	0.13836	0.01887	0.02596	0.02059	0.05476	0.01915	0.07024	0.34730	0.00841	0.13005	0.00892	0.00523	0.00899
84	0.01207	0.00810	0.00932	0.00932	0.00941	0.00819	0.00536	0.01225	0.01216	0.01630	0.02594	0.05306	0.02964	0.66925	0.08030	0.00837	0.00891	0.01189	0.00500	0.00518
85	0.01026	0.00843	0.00903	0.00888	0.01149	0.00720	0.00666	0.01277	0.01997	0.02491	0.21291	0.07589	0.52256	0.02012	0.00981	0.00276	0.00414	0.01696	0.00804	0.00720
86	0.01888	0.01820	0.02983	0.19867	0.37640	0.02064	0.02335	0.02329	0.01704	0.02419	0.01441	0.02044	0.01218	0.00914	0.01230	0.00279	0.15562	0.00737	0.00391	0.01134
87	0.01805	0.05878	0.28535	0.02717	0.03575	0.02087	0.26859	0.02511	0.01760	0.02509	0.01541	0.02010	0.01189	0.01076	0.04136	0.00327	0.09202	0.00781	0.00385	0.01118
88	0.03064	0.02259	0.02438	0.01884	0.02524	0.02503	0.01553	0.59933	0.03784	0.05078	0.02005	0.02055	0.01444	0.01246	0.04003	0.00301	0.00977	0.00755	0.00813	0.01381
89	0.01723	0.01477	0.01723	0.01230	0.01969	0.01107	0.00984	0.02092	0.01723	0.02707	0.01477	0.01723	0.01230	0.00615	0.00615	0.00123	0.00615	0.00492	0.00492	0.75883
90	0.01942	0.01858	0.03166	0.19981	0.51629	0.01944	0.02493	0.02450	0.01838	0.02576	0.01543	0.02093	0.01267	0.00761	0.00824	0.00254	0.01015	0.00740	0.00401	0.01224
91	0.01143	0.00869	0.01045	0.01134	0.01328	0.00805	0.00893	0.01388	0.01796	0.02252	0.05917	0.13890	0.30299	0.09972	0.01417	0.00383	0.00598	0.23434	0.00739	0.00700
92	0.01002	0.00803	0.00882	0.00942	0.01138	0.00698	0.00668	0.01182	0.01768	0.02177	0.06965	0.27059	0.43976	0.05446	0.01157	0.00322	0.00457	0.01915	0.00759	0.00684
93	0.02032	0.01950	0.03329	0.08186	0.62720	0.01968	0.02538	0.02529	0.01880	0.02685	0.01558	0.02064	0.01306	0.00745	0.00823	0.00248	0.00993	0.00740	0.00409	0.01297
94	0.02120	0.02015	0.02730	0.29806	0.21626	0.08530	0.02163	0.11805	0.02121	0.02758	0.01539	0.02041	0.01209	0.00871	0.00934	0.00263	0.05178	0.00720	0.00458	0.01113
95	0.01188	0.00884	0.01305	0.01305	0.01443	0.01022	0.01001	0.01464	0.01326	0.01906	0.02252	0.03415	0.02142	0.10716	0.63117	0.01298	0.02127	0.00912	0.00449	0.00725
96	0.01158	0.00848	0.01085	0.01026	0.01230	0.00776	0.00770	0.01532	0.02309	0.03229	0.59849	0.06374	0.13237	0.01736	0.00980	0.00263	0.00395	0.01526	0.00901	0.00776
97	0.02457	0.01972	0.02028	0.01699	0.02206	0.05107	0.01349	0.32237	0.20938	0.04036	0.03139	0.09165	0.07410	0.01270	0.00865	0.00268	0.00785	0.01028	0.00806	0.01235
98	0.01063	0.00791	0.00995	0.01093	0.01231	0.00723	0.00784	0.01290	0.01836	0.02426	0.18087	0.39520	0.18490	0.02287	0.01033	0.00313	0.00470	0.06059	0.00801	0.00709
99	0.01927	0.01842	0.03138	0.22010	0.49722	0.01940	0.02485	0.02436	0.01830	0.02557	0.01540	0.02098	0.01261	0.00764	0.00825	0.00255	0.01019	0.00740	0.00400	0.01212
100	0.02761	0.01784	0.02071	0.01679	0.02214	0.01923	0.01365	0.31359	0.10035	0.17358	0.02474	0.02552	0.01812	0.02060	0.14099	0.00471	0.01101	0.00817	0.00798	0.01268
101	0.01969	0.01764	0.02620	0.03624	0.40238	0.04676	0.01950	0.02558	0.07306	0.05577	0.10598	0.08641	0.02682	0.01082	0.00863	0.00259	0.00846	0.00995	0.00575	0.01177
102	0.02435	0.01852	0.02245	0.02106	0.09540	0.02042	0.01528	0.37342	0.02896	0.03945	0.02014	0.02385	0.01602	0.02548	0.20969	0.00577	0.01319	0.00790	0.00666	0.01199
103	0.02052	0.02087	0.02923	0.16737	0.31071	0.09750	0.04763	0.02650	0.06978	0.02494	0.01613	0.02088	0.01318	0.00885	0.01044	0.00267	0.08962	0.00741	0.00436	0.01141
104	0.01071	0.00795	0.00929	0.00984	0.01109	0.00728	0.00662	0.01228	0.01675	0.02170	0.12274	0.27433	0.23497	0.19498	0.01824	0.00429	0.00534	0.01785	0.00720	0.00652

[dist]
# distance from previous block
# <min> <max>
0	1

[block]
# block no. 1 follows, 22 sequences, length 348
# corresponding to MSA columns:
# 106-453
name=unknown_B
#
# <colnr> <probs for GDERKNQSTAVLIFYWHMCP>
#	G	D	E	R	K	N	Q	S	T	A	V	L	I	F	Y	W	H	M	C	P
0	0.01980	0.30667	0.33103	0.02089	0.03039	0.05480	0.07968	0.02608	0.01775	0.02338	0.01366	0.01621	0.01078	0.00753	0.00704	0.00229	0.01122	0.00578	0.00363	0.01141
1	0.01048	0.00842	0.00931	0.00962	0.01193	0.00737	0.00725	0.01278	0.01881	0.02331	0.12607	0.13487	0.45838	0.04989	0.01141	0.00316	0.00475	0.07741	0.00773	0.00705
2	0.01257	0.00894	0.01101	0.01183	0.01281	0.00884	0.00799	0.07146	0.01743	0.02326	0.03958	0.51409	0.04632	0.15321	0.01636	0.00417	0.00585	0.01988	0.00726	0.00714
3	0.03158	0.02327	0.02493	0.01911	0.02576	0.02576	0.01579	0.62852	0.03906	0.05236	0.01995	0.01995	0.01413	0.00997	0.00831	0.00249	0.00914	0.00748	0.00831	0.01413
4	0.01999	0.01226	0.01539	0.01321	0.01737	0.01123	0.01052	0.08431	0.02282	0.16051	0.22050	0.10870	0.04263	0.01456	0.00898	0.00256	0.00600	0.07906	0.00824	0.14115
5	0.01930	0.01853	0.03107	0.18472	0.46945	0.01999	0.02430	0.02407	0.01785	0.02521	0.01501	0.02068	0.01250	0.00825	0.01000	0.00264	0.07311	0.00739	0.00398	0.01194
6	0.01321	0.00968	0.01261	0.01233	0.01370	0.01071	0.00893	0.04183	0.04948	0.02063	0.02507	0.06733	0.02524	0.26494	0.37579	0.01015	0.01547	0.01052	0.00517	0.00723
7	0.01018	0.00777	0.00936	0.01035	0.01180	0.00695	0.00723	0.01211	0.01775	0.02288	0.12140	0.41886	0.26672	0.02335	0.01025	0.00310	0.00451	0.02060	0.00786	0.00695
8	0.02052	0.01988	0.02997	0.10589	0.40300	0.04981	0.05183	0.02940	0.15012	0.02781	0.01930	0.02276	0.01538	0.00834	0.00833	0.00257	0.00973	0.00784	0.00500	0.01250
9	0.02205	0.02183	0.02463	0.05752	0.25039	0.14058	0.01798	0.08186	0.15318	0.02890	0.02716	0.02856	0.08863	0.01026	0.00833	0.00253	0.00946	0.00861	0.00582	0.01172
10	0.01165	0.00821	0.00938	0.00938	0.01005	0.00810	0.00582	0.01233	0.01346	0.01759	0.03637	0.05681	0.14301	0.51626	0.10127	0.00764	0.00881	0.01275	0.00546	0.00564
11	0.01059	0.00775	0.00929	0.01021	0.01117	0.00717	0.00676	0.01195	0.01602	0.02081	0.07687	0.37895	0.18487	0.18720	0.01795	0.00433	0.00541	0.01911	0.00714	0.00645
12	0.02531	0.02367	0.13668	0.01999	0.05614	0.02072	0.01735	0.36640	0.02968	0.06916	0.02266	0.09974	0.01913	0.04243	0.01001	0.00287	0.00910	0.00933	0.00712	0.01250
13	0.02415	0.30213	0.09109	0.02094	0.02832	0.10153	0.13665	0.14965	0.02277	0.02830	0.01473	0.01701	0.01175	0.00791	0.00729	0.00224	0.01093	0.00637	0.00473	0.01150
14	0.01931	0.01846	0.03146	0.21442	0.50256	0.01941	0.02487	0.02440	0.01832	0.02562	0.01541	0.02097	0.01262	0.00763	0.00825	0.00254	0.01018	0.00740	0.00400	0.01215
15	0.02320	0.01494	0.02044	0.02328	0.17703	0.01503	0.01450	0.03147	0.17265	0.20401	0.02986	0.11648	0.02490	0.04624	0.01019	0.00295	0.00725	0.01052	0.04312	0.01193
16	0.02361	0.17579	0.02522	0.01655	0.02190	0.02236	0.01421	0.21312	0.16008	0.06261	0.02653	0.03629	0.02295	0.01227	0.00831	0.00268	0.00813	0.12840	0.00721	0.01180
17	0.01176	0.00912	0.01200	0.01206	0.01393	0.00852	0.03403	0.04362	0.01901	0.02502	0.13977	0.40536	0.19052	0.02198	0.01016	0.00307	0.00515	0.01960	0.00780	0.00752
18	0.01063	0.00783	0.00932	0.01009	0.01119	0.00721	0.00676	0.01213	0.01647	0.02141	0.10373	0.34042	0.20417	0.17911	0.01754	0.00423	0.00532	0.01869	0.00723	0.00652
19	0.01325	0.00993	0.01133	0.01142	0.01275	0.01031	0.00764	0.01886	0.14655	0.02245	0.06354	0.22376	0.06639	0.31715	0.02378	0.00522	0.00652	0.01497	0.00677	0.00742
20	0.02822	0.20607	0.02911	0.02134	0.06142	0.47668	0.01615	0.03066	0.02161	0.02053	0.01268	0.01490	0.01083	0.00813	0.00700	0.00207	0.01317	0.00524	0.00409	0.01009
21	0.29955	0.01441	0.05070	0.01217	0.01601	0.01399	0.01013	0.07279	0.01832	0.03187	0.15558	0.05829	0.06030	0.01490	0.01163	0.12945	0.00642	0.00903	0.00617	0.00830
22	0.01146	0.00808	0.01020	0.01119	0.01203	0.00777	0.00783	0.01314	0.01615	0.02147	0.09842	0.30021	0.07763	0.23771	0.02055	0.00482	0.00622	0.12164	0.00700	0.00649
23	0.01384	0.01127	0.01302	0.01265	0.01461	0.04764	0.00956	0.05085	0.01650	0.02160	0.03439	0.04583	0.13631	0.15133	0.34504	0.00888	0.01484	0.03884	0.00550	0.00749
24	0.01147	0.00821	0.01050	0.01188	0.01270	0.00792	0.00805	0.04763	0.01707	0.02277	0.04330	0.63045	0.05133	0.05907	0.01205	0.00356	0.00523	0.02210	0.00761	0.00709
25	0.01105	0.00790	0.01038	0.01202	0.01288	0.00753	0.00867	0.01292	0.01638	0.02157	0.04508	0.46986	0.07742	0.09507	0.01402	0.00393	0.00577	0.15334	0.00742	0.00679
26	0.25031	0.02974	0.21707	0.02170	0.09754	0.16768	0.01902	0.02656	0.01808	0.02824	0.01658	0.01884	0.03902	0.00852	0.00708	0.00249	0.01046	0.00611	0.00444	0.01053
27	0.24907	0.01911	0.02390	0.03181	0.33128	0.07575	0.01788	0.02462	0.01722	0.02875	0.01490	0.01929	0.01254	0.01389	0.08369	0.00372	0.01068	0.00650	0.00448	0.01092
28	0.02237	0.01747	0.01884	0.01669	0.02156	0.01980	0.01305	0.04377	0.57787	0.09910	0.03371	0.03072	0.02487	0.01117	0.00844	0.00279	0.00663	0.00929	0.00864	0.01325
29	0.01187	0.00890	0.01335	0.01335	0.01483	0.01038	0.01038	0.01483	0.01335	0.01928	0.02225	0.03264	0.02077	0.06231	0.67512	0.01335	0.02225	0.00890	0.00445	0.00742
30	0.01627	0.01635	0.01484	0.01653	0.08041	0.16035	0.01053	0.01811	0.01795	0.02089	0.04103	0.18402	0.18892	0.15824	0.01592	0.00381	0.00815	0.01388	0.00602	0.00778
31	0.01819	0.01732	0.02943	0.36123	0.36453	0.01911	0.02431	0.02342	0.01779	0.02426	0.01521	0.02133	0.01214	0.00784	0.00826	0.00261	0.01046	0.00739	0.00391	0.01124
32	0.02076	0.05544	0.02141	0.01797	0.02065	0.18692	0.01436	0.08417	0.01864	0.02312	0.01649	0.02255	0.01476	0.02953	0.25471	0.00657	0.17091	0.00725	0.00457	0.00922
33	0.12649	0.03459	0.02272	0.02165	0.06126	0.51990	0.01567	0.05993	0.02278	0.02447	0.01318	0.01535	0.01079	0.00845	0.00727	0.00223	0.01329	0.00546	0.00457	0.00997
34	0.01014	0.00847	0.00910	0.00907	0.01169	0.00743	0.00684	0.01242	0.01849	0.02254	0.10129	0.07376	0.55585	0.02560	0.08611	0.00401	0.00626	0.01644	0.00740	0.00709
35	0.01216	0.00912	0.01090	0.01143	0.01291	0.00901	0.00810	0.01643	0.08847	0.02373	0.12186	0.28431	0.12705	0.15836	0.01654	0.00411	0.00570	0.06499	0.00744	0.00739
36	0.01339	0.01119	0.01715	0.28882	0.06747	0.01253	0.01447	0.01642	0.01561	0.02054	0.02748	0.25638	0.02971	0.15379	0.01585	0.00401	0.00831	0.01376	0.00533	0.00779
37	0.25555	0.02422	0.02009	0.01690	0.02235	0.17067	0.01350	0.24808	0.08967	0.03864	0.01719	0.01797	0.01293	0.00909	0.00717	0.00247	0.00937	0.00628	0.00644	0.01143
38	0.01043	0.00797	0.00894	0.00953	0.01098	0.00717	0.00645	0.01185	0.01645	0.02062	0.05921	0.26489	0.32805	0.17884	0.01744	0.00417	0.00527	0.01816	0.00710	0.00648
39	0.01098	0.00777	0.00998	0.01076	0.01161	0.00732	0.00726	0.01292	0.01753	0.02398	0.22784	0.38688	0.05756	0.14899	0.01620	0.00400	0.00514	0.01886	0.00766	0.00677
40	0.41265	0.02139	0.01688	0.01452	0.01980	0.16692	0.01161	0.06064	0.01952	0.16186	0.01662	0.01718	0.01201	0.00855	0.00649	0.00247	0.00864	0.00563	0.00616	0.01045
41	0.01167	0.00793	0.00943	0.00982	0.01001	0.00792	0.00589	0.01214	0.01294	0.01734	0.02995	0.18558	0.03471	0.53095	0.07277	0.00741	0.00822	0.01425	0.00555	0.00552
42	0.01188	0.00797	0.00912	0.00932	0.00937	0.00792	0.00531	0.01203	0.01247	0.01663	0.02819	0.12087	0.03274	0.63808	0.03903	0.00757	0.00772	0.01326	0.00531	0.00521
43	0.24807	0.01809	0.02789	0.15750	0.24846	0.01936	0.11560	0.02453	0.01712	0.02903	0.01441	0.01899	0.01140	0.00761	0.00755	0.00261	0.00970	0.00689	0.00436	0.01082
44	0.02066	0.01785	0.01878	0.01691	0.02160	0.02066	0.01315	0.04414	0.64121	0.03475	0.03381	0.03099	0.02536	0.01127	0.00845	0.00282	0.00657	0.00939	0.00845	0.01315
45	0.01023	0.00769	0.00919	0.01030	0.01148	0.00697	0.00699	0.01173	0.01648	0.02108	0.05602	0.43746	0.24316	0.09440	0.01360	0.00367	0.00496	0.02049	0.00744	0.00666
46	0.01102	0.00778	0.00997	0.01071	0.01155	0.00735	0.00720	0.01293	0.01746	0.02387	0.22744	0.37390	0.05707	0.16264	0.01683	0.00410	0.00520	0.01863	0.00760	0.00673
47	0.01051	0.00766	0.00926	0.01035	0.01120	0.00710	0.00682	0.01176	0.01565	0.02030	0.04917	0.42791	0.17151	0.18015	0.01765	0.00432	0.00543	0.01975	0.00710	0.00641
48	0.01569	0.01477	0.02492	0.68808	0.05722	0.01846	0.02307	0.02123	0.01661	0.02123	0.01477	0.02215	0.01107	0.00831	0.00831	0.00277	0.01107	0.00738	0.00369	0.00923
49	0.01296	0.00906	0.01006	0.00987	0.01035	0.00935	0.00587	0.01537	0.07662	0.01802	0.02696	0.05197	0.02971	0.63656	0.03881	0.00752	0.00790	0.01181	0.00538	0.00587
50	0.01016	0.00772	0.00940	0.01069	0.01200	0.00696	0.00749	0.01193	0.01704	0.02177	0.05838	0.47111	0.25199	0.02425	0.01038	0.00321	0.00474	0.04623	0.00771	0.00687
51	0.01900	0.01177	0.01452	0.01280	0.01630	0.01165	0.00994	0.02722	0.16408	0.16212	0.38474	0.04809	0.05451	0.01431	0.00920	0.00265	0.00517	0.01238	0.00922	0.01033
52	0.01213	0.00874	0.01162	0.01155	0.01350	0.00823	0.00910	0.01603	0.02252	0.03139	0.51357	0.06926	0.07143	0.01834	0.01018	0.00289	0.00477	0.14816	0.00880	0.00780
53	0.01187	0.00890	0.01335	0.01335	0.01483	0.01038	0.01038	0.01483	0.01335	0.01928	0.02225	0.03264	0.02077	0.06231	0.67512	0.01335	0.02225	0.00890	0.00445	0.00742
54	0.01169	0.00819	0.00964	0.01025	0.01206	0.00725	0.00722	0.01344	0.01746	0.05888	0.06050	0.35784	0.30978	0.06132	0.01192	0.00334	0.00487	0.01945	0.00771	0.00720
55	0.01200	0.00861	0.01048	0.01099	0.01287	0.00793	0.00799	0.01514	0.04405	0.05056	0.16028	0.33107	0.22778	0.02165	0.01010	0.00304	0.00478	0.04498	0.00809	0.00762
56	0.01961	0.02241	0.04902	0.03501	0.04342	0.02101	0.62605	0.02661	0.01961	0.02661	0.01681	0.02241	0.01261	0.00700	0.00980	0.00280	0.01401	0.00980	0.00420	0.01120
57	0.01007	0.00744	0.00942	0.01100	0.01190	0.00680	0.00746	0.01163	0.01645	0.02143	0.05269	0.59063	0.16249	0.02513	0.01046	0.00327	0.00471	0.02252	0.00771	0.00680
58	0.01927	0.00930	0.01128	0.01061	0.01328	0.00861	0.00792	0.02208	0.01849	0.18923	0.03610	0.20422	0.06153	0.04779	0.00961	0.00280	0.00515	0.01262	0.30112	0.00897
59	0.03088	0.01917	0.02176	0.01725	0.02339	0.02036	0.01407	0.31130	0.17124	0.23941	0.02712	0.02507	0.01870	0.01036	0.00836	0.00259	0.00791	0.00819	0.00896	0.01391
60	0.03158	0.02327	0.02493	0.01911	0.02576	0.02576	0.01579	0.62852	0.03906	0.05236	0.01995	0.01995	0.01413	0.00997	0.00831	0.00249	0.00914	0.00748	0.00831	0.01413
61	0.01208	0.00805	0.00906	0.00906	0.00906	0.00805	0.00503	0.01208	0.01208	0.01611	0.02618	0.05436	0.03020	0.70804	0.04228	0.00805	0.00805	0.01208	0.00503	0.00503
62	0.01114	0.00749	0.00931	0.01055	0.01105	0.00718	0.00684	0.01245	0.01507	0.02085	0.03895	0.47147	0.04535	0.19914	0.01825	0.00443	0.00556	0.01912	0.07937	0.00641
63	0.01062	0.00759	0.01021	0.01214	0.01284	0.00718	0.00858	0.01243	0.01640	0.02176	0.04551	0.60981	0.05386	0.02556	0.01074	0.00344	0.00525	0.11151	0.00770	0.00689
64	0.01208	0.00805	0.00906	0.00906	0.00906	0.00805	0.00503	0.01208	0.01208	0.01611	0.02618	0.05436	0.03020	0.70804	0.04228	0.00805	0.00805	0.01208	0.00503	0.00503
65	0.01818	0.01818	0.02545	0.02181	0.02181	0.02545	0.01818	0.01999	0.01272	0.01999	0.01091	0.01818	0.01091	0.01454	0.02726	0.00364	0.69284	0.00727	0.00364	0.00909
66	0.01187	0.00890	0.01335	0.01335	0.01483	0.01038	0.01038	0.01483	0.01335	0.01928	0.02225	0.03264	0.02077	0.06231	0.67512	0.01335	0.02225	0.00890	0.00445	0.00742
67	0.01160	0.00822	0.01027	0.01034	0.01153	0.00779	0.00717	0.01391	0.01860	0.02556	0.32445	0.15635	0.08373	0.22428	0.01966	0.00441	0.00546	0.04228	0.00758	0.00680
68	0.03103	0.03959	0.02354	0.02140	0.02568	0.67469	0.01605	0.03317	0.02354	0.02033	0.01284	0.01498	0.01070	0.00856	0.00749	0.00214	0.01498	0.00535	0.00428	0.00963
69	0.01163	0.00900	0.01094	0.01191	0.01426	0.00831	0.00990	0.01461	0.01903	0.02367	0.06376	0.08694	0.34561	0.02201	0.01066	0.00332	0.00596	0.31346	0.00768	0.00734
70	0.01129	0.00836	0.00980	0.00951	0.01120	0.00766	0.00667	0.01367	0.01923	0.02572	0.32659	0.06516	0.22995	0.19825	0.01827	0.00409	0.00508	0.01497	0.00766	0.00687
71	0.03158	0.02327	0.02493	0.01911	0.02576	0.02576	0.01579	0.62852	0.03906	0.05236	0.01995	0.01995	0.01413	0.00997	0.00831	0.00249	0.00914	0.00748	0.00831	0.01413
72	0.01961	0.02241	0.04902	0.03501	0.04342	0.02101	0.62605	0.02661	0.01961	0.02661	0.01681	0.02241	0.01261	0.00700	0.00980	0.00280	0.01401	0.00980	0.00420	0.01120
73	0.01934	0.01849	0.03152	0.21031	0.50642	0.01942	0.02489	0.02443	0.01834	0.02566	0.01541	0.02096	0.01264	0.00763	0.00824	0.00254	0.01017	0.00740	0.00401	0.01218
74	0.02003	0.01729	0.01818	0.01641	0.02100	0.01987	0.01275	0.04226	0.60487	0.03403	0.03675	0.03385	0.06201	0.01184	0.00853	0.00282	0.00644	0.00987	0.00841	0.01279
75	0.01961	0.02241	0.04902	0.03501	0.04342	0.02101	0.62605	0.02661	0.01961	0.02661	0.01681	0.02241	0.01261	0.00700	0.00980	0.00280	0.01401	0.00980	0.00420	0.01120
76	0.03598	0.01622	0.02056	0.01577	0.02224	0.01529	0.01302	0.17425	0.02725	0.52330	0.02986	0.02638	0.01910	0.01021	0.00834	0.00255	0.00754	0.00816	0.00983	0.01414
77	0.01425	0.01152	0.01699	0.13754	0.02357	0.01398	0.01355	0.04418	0.01520	0.02169	0.01982	0.02860	0.01771	0.04297	0.42871	0.00945	0.08764	0.00834	0.03606	0.00823
78	0.00993	0.00842	0.00857	0.00853	0.01129	0.00706	0.00640	0.01213	0.01919	0.02305	0.11610	0.07894	0.62053	0.02081	0.00982	0.00279	0.00419	0.01739	0.00779	0.00706
79	0.01027	0.00735	0.00977	0.01146	0.01208	0.00685	0.00772	0.01195	0.01661	0.02232	0.10168	0.64355	0.05711	0.02519	0.01053	0.00330	0.00474	0.02282	0.00784	0.00685
80	0.01397	0.01989	0.21247	0.01572	0.01978	0.01362	0.01532	0.01772	0.01422	0.02043	0.02134	0.06434	0.02160	0.27512	0.14446	0.00671	0.08096	0.00971	0.00444	0.00817
81	0.01050	0.00844	0.00936	0.00913	0.01164	0.00730	0.00685	0.01324	0.02054	0.02626	0.28336	0.07367	0.45127	0.01962	0.00981	0.00274	0.00411	0.01665	0.00822	0.00730
82	0.03158	0.02327	0.02493	0.01911	0.02576	0.02576	0.01579	0.62852	0.03906	0.05236	0.01995	0.01995	0.01413	0.00997	0.00831	0.00249	0.00914	0.00748	0.00831	0.01413
83	0.76672	0.01607	0.01221	0.01092	0.01607	0.01864	0.00900	0.02442	0.01414	0.03727	0.01157	0.01350	0.00900	0.00771	0.00514	0.00257	0.00643	0.00450	0.00514	0.00900
84	0.02957	0.02227	0.02380	0.01871	0.02500	0.02482	0.01530	0.52079	0.15007	0.04911	0.02250	0.02198	0.01620	0.01021	0.00834	0.00255	0.00867	0.00783	0.00834	0.01395
85	0.02639	0.03057	0.02654	0.03106	0.24100	0.38351	0.01898	0.03167	0.08533	0.02414	0.01595	0.01853	0.01305	0.00844	0.00784	0.00232	0.01237	0.00647	0.00465	0.01120
86	0.01163	0.00885	0.01279	0.01279	0.01442	0.01000	0.00992	0.01450	0.01399	0.01965	0.02935	0.03806	0.09325	0.05757	0.59883	0.01214	0.02018	0.00989	0.00482	0.00737
87	0.01652	0.01222	0.01410	0.01248	0.01556	0.01232	0.00957	0.17557	0.02564	0.03470	0.31150	0.11906	0.14327	0.04638	0.01089	0.00292	0.00560	0.01417	0.00839	0.00913
88	0.03158	0.02327	0.02493	0.01911	0.02576	0.02576	0.01579	0.62852	0.03906	0.05236	0.01995	0.01995	0.01413	0.00997	0.00831	0.00249	0.00914	0.00748	0.00831	0.01413
89	0.01569	0.01477	0.02492	0.68808	0.05722	0.01846	0.02307	0.02123	0.01661	0.02123	0.01477	0.02215	0.01107	0.00831	0.00831	0.00277	0.01107	0.00738	0.00369	0.00923
90	0.01055	0.00839	0.00947	0.00932	0.01170	0.00730	0.00694	0.01329	0.02048	0.02639	0.29170	0.10405	0.41143	0.01979	0.00985	0.00276	0.00413	0.01691	0.00824	0.00730
91	0.00982	0.00842	0.00842	0.00842	0.01122	0.00701	0.00631	0.01192	0.01894	0.02244	0.08416	0.07995	0.65285	0.02104	0.00982	0.00281	0.00421	0.01753	0.00771	0.00701
92	0.76672	0.01607	0.01221	0.01092	0.01607	0.01864	0.00900	0.02442	0.01414	0.03727	0.01157	0.01350	0.00900	0.00771	0.00514	0.00257	0.00643	0.00450	0.00514	0.00900
93	0.01208	0.00805	0.00906	0.00906	0.00906	0.00805	0.00503	0.01208	0.01208	0.01611	0.02618	0.05436	0.03020	0.70804	0.04228	0.00805	0.00805	0.01208	0.00503	0.00503
94	0.01139	0.00782	0.00921	0.00979	0.01006	0.00761	0.00590	0.01192	0.01355	0.01794	0.03471	0.25198	0.06556	0.47061	0.03123	0.00640	0.00690	0.01582	0.00597	0.00564
95	0.01884	0.02779	0.21029	0.03205	0.04146	0.02056	0.47018	0.02653	0.01907	0.02653	0.01631	0.02113	0.01206	0.00724	0.00930	0.00276	0.01355	0.00884	0.00402	0.01149
96	0.01010	0.00730	0.00957	0.01138	0.01200	0.00676	0.00763	0.01159	0.01608	0.02128	0.04803	0.66625	0.08987	0.02574	0.01056	0.00334	0.00478	0.02326	0.00771	0.00676
97	0.03103	0.03959	0.02354	0.02140	0.02568	0.67469	0.01605	0.03317	0.02354	0.02033	0.01284	0.01498	0.01070	0.00856	0.00749	0.00214	0.01498	0.00535	0.00428	0.00963
98	0.01016	0.00751	0.00936	0.01080	0.01173	0.00687	0.00729	0.01167	0.01633	0.02121	0.05265	0.54307	0.17590	0.05899	0.01202	0.00349	0.00486	0.02180	0.00758	0.00672
99	0.01083	0.00846	0.00982	0.00948	0.01184	0.00744	0.00711	0.01389	0.02133	0.02813	0.38104	0.07059	0.35242	0.01892	0.00981	0.00270	0.00406	0.01622	0.00846	0.00744
100	0.03103	0.03959	0.02354	0.02140	0.02568	0.67469	0.01605	0.03317	0.02354	0.02033	0.01284	0.01498	0.01070	0.00856	0.00749	0.00214	0.01498	0.00535	0.00428	0.00963
101	0.01187	0.00890	0.01335	0.01335	0.01483	0.01038	0.01038	0.01483	0.01335	0.01928	0.02225	0.03264	0.02077	0.06231	0.67512	0.01335	0.02225	0.00890	0.00445	0.00742
102	0.01187	0.00890	0.01335	0.01335	0.01483	0.01038	0.01038	0.01483	0.01335	0.01928	0.02225	0.03264	0.02077	0.06231	0.67512	0.01335	0.02225	0.00890	0.00445	0.00742
103	0.04143	0.00854	0.00890	0.00914	0.01161	0.00749	0.00673	0.01254	0.01842	0.02331	0.09888	0.18179	0.50037	0.02116	0.00976	0.00288	0.00439	0.01791	0.00767	0.00709
104	0.03103	0.03959	0.02354	0.02140	0.02568	0.67469	0.01605	0.03317	0.02354	0.02033	0.01284	0.01498	0.01070	0.00856	0.00749	0.00214	0.01498	0.00535	0.00428	0.00963
105	0.01114	0.00847	0.01025	0.00980	0.01203	0.00758	0.00735	0.01448	0.02205	0.02985	0.47073	0.06776	0.26166	0.01828	0.00980	0.00267	0.00401	0.01582	0.00869	0.00758
106	0.01766	0.00972	0.01211	0.01154	0.01335	0.00925	0.00791	0.04367	0.01698	0.15810	0.03381	0.26129	0.03563	0.30393	0.02312	0.00510	0.00682	0.01490	0.00718	0.00793
107	0.09242	0.02136	0.02241	0.01747	0.02359	0.02365	0.01438	0.52636	0.03514	0.04929	0.01984	0.02032	0.01429	0.00976	0.00783	0.00245	0.00847	0.00725	0.07056	0.01316
108	0.01666	0.04297	0.66500	0.02368	0.03596	0.01929	0.03069	0.02631	0.01754	0.02631	0.01491	0.01754	0.01052	0.00789	0.00789	0.00263	0.01228	0.00614	0.00351	0.01228
109	0.01663	0.00952	0.01167	0.01054	0.01309	0.00861	0.00768	0.01901	0.01964	0.15501	0.24149	0.05707	0.17902	0.19377	0.01784	0.00404	0.00569	0.01345	0.00801	0.00823
110	0.01109	0.00847	0.01018	0.00975	0.01200	0.00756	0.00732	0.01439	0.02195	0.02959	0.45761	0.06818	0.27493	0.01837	0.00981	0.00268	0.00402	0.01588	0.00866	0.00756
111	0.01961	0.02241	0.04902	0.03501	0.04342	0.02101	0.62605	0.02661	0.01961	0.02661	0.01681	0.02241	0.01261	0.00700	0.00980	0.00280	0.01401	0.00980	0.00420	0.01120
112	0.01830	0.00990	0.01202	0.01108	0.01447	0.00854	0.00844	0.02059	0.01973	0.21808	0.05969	0.20576	0.32314	0.01888	0.00955	0.00286	0.00522	0.01610	0.00850	0.00914
113	0.04851	0.01085	0.01287	0.01188	0.01514	0.01021	0.00903	0.05207	0.04836	0.16360	0.12834	0.21690	0.20361	0.01792	0.00937	0.00285	0.00539	0.01537	0.00841	0.00930
114	0.01003	0.00759	0.00927	0.01062	0.01180	0.00683	0.00729	0.01167	0.01682	0.02158	0.05734	0.51520	0.23491	0.02453	0.01037	0.00320	0.00464	0.02179	0.00771	0.00683
115	0.00989	0.00815	0.00869	0.00913	0.01141	0.00695	0.00663	0.01184	0.01825	0.02216	0.07543	0.22159	0.51684	0.02217	0.01000	0.00293	0.00435	0.01892	0.00771	0.00695
116	0.01593	0.01501	0.02536	0.65633	0.08706	0.01852	0.02319	0.02144	0.01673	0.02152	0.01481	0.02207	0.01118	0.00826	0.00830	0.00275	0.01101	0.00738	0.00371	0.00942
117	0.01619	0.00960	0.01153	0.01076	0.01394	0.00836	0.00833	0.01883	0.02035	0.16061	0.14984	0.12743	0.34221	0.01874	0.00967	0.00284	0.00503	0.04859	0.00847	0.00866
118	0.01012	0.00723	0.00964	0.01157	0.01205	0.00675	0.00771	0.01157	0.01591	0.02121	0.04579	0.70262	0.05495	0.02603	0.01060	0.00337	0.00482	0.02362	0.00771	0.00675
119	0.01208	0.00805	0.00906	0.00906	0.00906	0.00805	0.00503	0.01208	0.01208	0.01611	0.02618	0.05436	0.03020	0.70804	0.04228	0.00805	0.00805	0.01208	0.00503	0.00503
120	0.10592	0.03606	0.02295	0.02199	0.06017	0.57054	0.01586	0.03184	0.02232	0.02245	0.01287	0.01514	0.01066	0.00841	0.00729	0.00220	0.01382	0.00538	0.00436	0.00976
121	0.01976	0.02082	0.03959	0.03519	0.17796	0.02122	0.35308	0.02736	0.08239	0.02677	0.01757	0.02236	0.01383	0.00844	0.01142	0.00283	0.09437	0.00891	0.00455	0.01159
122	0.01336	0.01113	0.01419	0.01386	0.01527	0.04979	0.01060	0.01591	0.01378	0.01906	0.02147	0.03302	0.02059	0.12273	0.53475	0.01161	0.05810	0.00893	0.00445	0.00740
123	0.01720	0.10817	0.60453	0.02276	0.03453	0.02061	0.02909	0.02617	0.01748	0.02565	0.01458	0.01713	0.01054	0.00782	0.00764	0.00255	0.01195	0.00597	0.00351	0.01212
124	0.24678	0.01200	0.01288	0.01147	0.01512	0.01234	0.00902	0.02297	0.05114	0.11586	0.34519	0.04128	0.04704	0.01300	0.00812	0.00260	0.00523	0.01066	0.00803	0.00927
125	0.01814	0.02338	0.16233	0.05817	0.09679	0.01986	0.21093	0.02391	0.01722	0.02541	0.01609	0.02127	0.01279	0.00924	0.01255	0.00281	0.16063	0.00791	0.08990	0.01067
126	0.01225	0.00979	0.01456	0.01962	0.14369	0.00940	0.01135	0.01441	0.01652	0.02242	0.03962	0.56323	0.04641	0.02222	0.01012	0.00319	0.00585	0.02030	0.00698	0.00806
127	0.01045	0.00844	0.00929	0.00907	0.01161	0.00728	0.00681	0.01314	0.02042	0.02596	0.26793	0.07416	0.46688	0.01973	0.00981	0.00274	0.00411	0.01672	0.00818	0.00728
128	0.02036	0.01953	0.03335	0.07790	0.63093	0.01968	0.02539	0.02532	0.01882	0.02689	0.01559	0.02063	0.01307	0.00744	0.00823	0.00248	0.00992	0.00740	0.00409	0.01299
129	0.02279	0.01942	0.02314	0.01922	0.02469	0.02174	0.07657	0.16177	0.45438	0.03751	0.02923	0.02786	0.02176	0.01057	0.00856	0.00275	0.00786	0.00904	0.00799	0.01315
130	0.01265	0.00894	0.00960	0.00925	0.01229	0.00753	0.00700	0.01483	0.01926	0.08798	0.07673	0.10968	0.55434	0.02022	0.00971	0.00281	0.00454	0.01693	0.00798	0.00773
131	0.01003	0.00759	0.00926	0.01060	0.01180	0.00683	0.00728	0.01168	0.01683	0.02159	0.05754	0.51187	0.23811	0.02450	0.01036	0.00320	0.00463	0.02175	0.00771	0.00683
132	0.01187	0.00890	0.01335	0.01335	0.01483	0.01038	0.01038	0.01483	0.01335	0.01928	0.02225	0.03264	0.02077	0.06231	0.67512	0.01335	0.02225	0.00890	0.00445	0.00742
133	0.03103	0.03959	0.02354	0.02140	0.02568	0.67469	0.01605	0.03317	0.02354	0.02033	0.01284	0.01498	0.01070	0.00856	0.00749	0.00214	0.01498	0.00535	0.00428	0.00963
134	0.03153	0.02485	0.02480	0.01934	0.02575	0.08866	0.01582	0.57082	0.03756	0.04925	0.01926	0.01946	0.01380	0.00984	0.00823	0.00246	0.00971	0.00727	0.00792	0.01369
135	0.06543	0.02331	0.09644	0.01837	0.02547	0.02203	0.01642	0.39999	0.05836	0.15755	0.02187	0.02133	0.01511	0.00974	0.00813	0.00254	0.00889	0.00742	0.00797	0.01363
136	0.02221	0.71304	0.04353	0.01421	0.02132	0.03287	0.01421	0.02488	0.01688	0.01955	0.01155	0.01333	0.01066	0.00711	0.00533	0.00178	0.00888	0.00444	0.00355	0.01066
