[name]
unknown

[dist]
# distance from previous block
# <min> <max>
0	24

[block]
# block no. 0 follows, 21 sequences, length 12
# corresponding to MSA columns:
# 24-35
name=unknown_A
#
# <colnr> <probs for GDERKNQSTAVLIFYWHMCP>
#	G	D	E	R	K	N	Q	S	T	A	V	L	I	F	Y	W	H	M	C	P
0	0.05651	0.01135	0.01386	0.01441	0.01708	0.01177	0.01228	0.08470	0.02124	0.03043	0.03730	0.07116	0.03793	0.01865	0.00996	0.00333	0.00721	0.38528	0.14687	0.00866
1	0.01844	0.01253	0.01556	0.04255	0.01909	0.01177	0.01075	0.10343	0.02088	0.09920	0.03341	0.34890	0.03500	0.01732	0.00918	0.00273	0.00640	0.01523	0.00749	0.17012
2	0.01382	0.01005	0.01270	0.06233	0.01755	0.01011	0.00988	0.01888	0.10088	0.06034	0.04802	0.42400	0.13542	0.02155	0.01013	0.00320	0.00570	0.01913	0.00785	0.00847
3	0.01772	0.01562	0.02458	0.20668	0.26140	0.01667	0.01952	0.06651	0.02032	0.02782	0.09255	0.14195	0.02790	0.01242	0.00905	0.00279	0.00881	0.01132	0.00564	0.01073
4	0.01158	0.00813	0.01035	0.01094	0.01190	0.00800	0.00748	0.01256	0.01494	0.01967	0.04173	0.24330	0.14900	0.18029	0.14149	0.09122	0.00912	0.01576	0.00621	0.00634
5	0.01862	0.01053	0.01225	0.01108	0.01342	0.01016	0.00778	0.06471	0.01842	0.13935	0.03625	0.09139	0.10317	0.31527	0.02382	0.00510	0.00696	0.01228	0.09118	0.00826
6	0.01066	0.00790	0.01040	0.01173	0.01275	0.00764	0.00820	0.01252	0.01625	0.02154	0.04806	0.48420	0.13414	0.03284	0.13286	0.00527	0.00817	0.02049	0.00728	0.00708
7	0.01668	0.00933	0.01238	0.01266	0.01487	0.00850	0.00943	0.01901	0.01905	0.15600	0.08136	0.40390	0.09418	0.02198	0.01037	0.00325	0.00565	0.08415	0.00853	0.00870
8	0.01632	0.00964	0.01202	0.01190	0.01378	0.00918	0.00844	0.01906	0.04623	0.12505	0.06719	0.25070	0.08144	0.22324	0.02003	0.00468	0.00652	0.05889	0.00761	0.00807
9	0.02346	0.04437	0.01616	0.01266	0.01707	0.04000	0.01012	0.02659	0.02273	0.28004	0.20332	0.04970	0.18911	0.01481	0.00913	0.00265	0.00612	0.01233	0.00899	0.01064
10	0.01424	0.01196	0.01278	0.01199	0.01538	0.01215	0.00916	0.02428	0.23139	0.02934	0.16893	0.06132	0.32966	0.01736	0.00957	0.00284	0.00509	0.01462	0.00843	0.00950
11	0.01126	0.00800	0.01006	0.01097	0.01160	0.00786	0.00721	0.01248	0.01486	0.01979	0.03993	0.34768	0.08709	0.26048	0.10534	0.00634	0.00829	0.01779	0.00654	0.00642

[dist]
# distance from previous block
# <min> <max>
0	1

[block]
# block no. 1 follows, 21 sequences, length 9
# corresponding to MSA columns:
# 37-45
name=unknown_B
#
# <colnr> <probs for GDERKNQSTAVLIFYWHMCP>
#	G	D	E	R	K	N	Q	S	T	A	V	L	I	F	Y	W	H	M	C	P
0	0.01581	0.01712	0.07621	0.12351	0.10780	0.01528	0.17098	0.02031	0.01742	0.02369	0.02579	0.20803	0.02648	0.09639	0.01369	0.00362	0.00996	0.01318	0.00523	0.00951
1	0.01825	0.06022	0.02131	0.02087	0.12264	0.01688	0.01416	0.02494	0.11549	0.06929	0.21939	0.04033	0.08551	0.01367	0.01198	0.00281	0.11368	0.01098	0.00709	0.01053
2	0.01497	0.01274	0.01713	0.10400	0.02204	0.01481	0.01301	0.01873	0.05661	0.02311	0.03177	0.20939	0.08876	0.01745	0.01516	0.03832	0.18093	0.01302	0.04690	0.06114
3	0.14426	0.01570	0.01604	0.01364	0.01785	0.01678	0.01061	0.25052	0.02533	0.03638	0.03658	0.08624	0.16027	0.11664	0.01368	0.00355	0.00729	0.01134	0.00729	0.01004
4	0.01580	0.01157	0.01360	0.01297	0.01542	0.01167	0.00966	0.14644	0.02315	0.03096	0.15498	0.28331	0.11309	0.07337	0.01269	0.00345	0.00607	0.04500	0.00809	0.00872
5	0.01558	0.01038	0.01398	0.23402	0.02621	0.01165	0.01181	0.01972	0.01702	0.02684	0.02342	0.03110	0.01921	0.07884	0.01056	0.00290	0.00688	0.00825	0.42346	0.00816
6	0.01789	0.01625	0.02288	0.27198	0.13888	0.01847	0.01856	0.02921	0.22447	0.02756	0.03040	0.03260	0.09292	0.01095	0.00873	0.00281	0.00874	0.00951	0.00599	0.01120
7	0.18536	0.10692	0.02628	0.10756	0.16675	0.19292	0.01742	0.02713	0.01894	0.02652	0.01368	0.01711	0.01126	0.00799	0.00709	0.00236	0.01059	0.00589	0.00440	0.04383
8	0.13066	0.01599	0.10726	0.04925	0.01936	0.01242	0.01212	0.01916	0.05131	0.02791	0.12445	0.05354	0.31443	0.01565	0.00885	0.00278	0.00638	0.01280	0.00684	0.00887

[dist]
# distance from previous block
# <min> <max>
3	7

[block]
# block no. 2 follows, 21 sequences, length 11
# corresponding to MSA columns:
# 53-63
name=unknown_C
#
# <colnr> <probs for GDERKNQSTAVLIFYWHMCP>
#	G	D	E	R	K	N	Q	S	T	A	V	L	I	F	Y	W	H	M	C	P
0	0.01792	0.01493	0.01905	0.01775	0.07549	0.01514	0.01241	0.07887	0.01781	0.02602	0.01841	0.02822	0.01749	0.16709	0.07727	0.00454	0.11200	0.00789	0.00509	0.26659
1	0.01819	0.01754	0.02378	0.02487	0.15912	0.07436	0.07835	0.02147	0.01776	0.02429	0.04555	0.10173	0.02293	0.11694	0.01556	0.00339	0.06958	0.01005	0.00511	0.14942
2	0.01521	0.00967	0.01163	0.01108	0.01264	0.00953	0.00767	0.06674	0.01804	0.04853	0.11645	0.12754	0.09163	0.22173	0.02353	0.13280	0.00657	0.01309	0.04887	0.00702
3	0.01551	0.01143	0.01334	0.01231	0.01479	0.01098	0.00863	0.10365	0.01879	0.02582	0.03115	0.27598	0.03455	0.23507	0.02005	0.00447	0.00688	0.01471	0.00663	0.13526
4	0.01233	0.00843	0.01021	0.01021	0.01053	0.00875	0.00631	0.01297	0.01265	0.01719	0.02597	0.05100	0.02890	0.56660	0.17485	0.00939	0.01132	0.01169	0.00503	0.00567
5	0.01211	0.01020	0.01511	0.01473	0.01621	0.01038	0.06334	0.01423	0.01668	0.02225	0.04552	0.47844	0.12574	0.02293	0.01258	0.00336	0.08120	0.02024	0.00712	0.00762
6	0.02410	0.02632	0.01910	0.01782	0.02151	0.32633	0.01335	0.03241	0.19114	0.02606	0.02562	0.12572	0.02307	0.01239	0.00828	0.00256	0.01032	0.00972	0.07392	0.01024
7	0.02465	0.02697	0.02279	0.02390	0.11885	0.29363	0.01607	0.03428	0.21263	0.02797	0.09021	0.02668	0.02371	0.01041	0.00836	0.00251	0.01061	0.00819	0.00624	0.01134
8	0.01813	0.01406	0.01655	0.01592	0.05876	0.01368	0.01132	0.10933	0.10763	0.05642	0.04212	0.17804	0.16613	0.01558	0.00899	0.00264	0.00636	0.01332	0.00748	0.13753
9	0.07982	0.01289	0.01885	0.05191	0.18342	0.01293	0.01377	0.02095	0.01649	0.10677	0.02334	0.12824	0.02242	0.07809	0.01752	0.17964	0.00790	0.01037	0.00564	0.00904
10	0.02444	0.02035	0.02202	0.02396	0.14707	0.16361	0.01562	0.02750	0.02091	0.16082	0.08669	0.12793	0.02756	0.01311	0.01076	0.00275	0.07672	0.01061	0.00665	0.01091

[dist]
# distance from previous block
# <min> <max>
4	18

[block]
# block no. 3 follows, 21 sequences, length 15
# corresponding to MSA columns:
# 82-96
name=unknown_D
#
# <colnr> <probs for GDERKNQSTAVLIFYWHMCP>
#	G	D	E	R	K	N	Q	S	T	A	V	L	I	F	Y	W	H	M	C	P
0	0.02524	0.02441	0.02991	0.08554	0.34867	0.14037	0.02189	0.16233	0.02477	0.03195	0.01643	0.01999	0.01309	0.00847	0.00831	0.00249	0.01099	0.00721	0.00519	0.01274
1	0.07329	0.01745	0.02783	0.34133	0.28990	0.01958	0.02299	0.02507	0.05275	0.02617	0.01635	0.02190	0.01288	0.00826	0.00824	0.00270	0.01024	0.00747	0.00434	0.01128
2	0.02196	0.02156	0.02254	0.02340	0.13854	0.15854	0.04570	0.14187	0.02486	0.03042	0.07374	0.03956	0.19579	0.01289	0.00892	0.00258	0.00932	0.01067	0.00647	0.01068
3	0.01371	0.01182	0.01270	0.01375	0.05975	0.04038	0.00892	0.01789	0.08158	0.02348	0.08436	0.08649	0.30205	0.18524	0.01786	0.00415	0.00647	0.01451	0.00695	0.00796
4	0.02180	0.01712	0.01790	0.01522	0.01973	0.04417	0.01194	0.25448	0.09422	0.03750	0.07590	0.13401	0.10931	0.01449	0.00889	0.00265	0.00718	0.01199	0.04601	0.05549
5	0.01137	0.00818	0.01077	0.01116	0.01257	0.00758	0.00798	0.01438	0.02097	0.02916	0.40472	0.31634	0.07069	0.02110	0.01037	0.00299	0.00438	0.01891	0.00878	0.00758
6	0.02405	0.02531	0.03145	0.03436	0.25566	0.18402	0.11045	0.08874	0.02206	0.02766	0.01609	0.02052	0.01324	0.01228	0.05359	0.00331	0.05323	0.00753	0.00471	0.01173
7	0.14409	0.01902	0.02064	0.01675	0.02219	0.02111	0.01369	0.36453	0.02951	0.07841	0.02032	0.02261	0.01545	0.02117	0.14695	0.00492	0.01163	0.00754	0.00728	0.01219
8	0.01169	0.00868	0.01088	0.01033	0.01250	0.00788	0.00775	0.01537	0.02325	0.03214	0.54399	0.06684	0.18089	0.01814	0.01004	0.00271	0.00407	0.01585	0.00911	0.00788
9	0.01949	0.01862	0.03170	0.25001	0.46234	0.01981	0.02534	0.02474	0.01863	0.02589	0.01573	0.02157	0.01281	0.00787	0.00845	0.00262	0.01050	0.00758	0.00408	0.01221
10	0.76103	0.01646	0.01251	0.01119	0.01646	0.01909	0.00922	0.02502	0.01448	0.03818	0.01185	0.01382	0.00922	0.00790	0.00527	0.00263	0.00658	0.00461	0.00527	0.00922
11	0.01044	0.00874	0.00915	0.00935	0.01213	0.00745	0.00722	0.01277	0.01942	0.02325	0.08194	0.08336	0.58264	0.02176	0.01023	0.00298	0.00468	0.07734	0.00790	0.00725
12	0.01607	0.01513	0.02552	0.68047	0.05861	0.01891	0.02363	0.02174	0.01702	0.02174	0.01513	0.02269	0.01134	0.00851	0.00851	0.00284	0.01134	0.00756	0.00378	0.00945
13	0.02236	0.02382	0.06222	0.01858	0.02353	0.15608	0.01532	0.03877	0.39960	0.03086	0.02989	0.03403	0.02418	0.01197	0.00873	0.00283	0.00906	0.06877	0.00733	0.01207
14	0.01238	0.00825	0.00928	0.00928	0.00928	0.00825	0.00516	0.01238	0.01238	0.01650	0.02681	0.05569	0.03094	0.70092	0.04331	0.00825	0.00825	0.01238	0.00516	0.00516

[dist]
# distance from previous block
# <min> <max>
0	1

[block]
# block no. 4 follows, 21 sequences, length 84
# corresponding to MSA columns:
# 98-181
name=unknown_E
#
# <colnr> <probs for GDERKNQSTAVLIFYWHMCP>
#	G	D	E	R	K	N	Q	S	T	A	V	L	I	F	Y	W	H	M	C	P
0	0.02970	0.19603	0.02902	0.02004	0.02526	0.47680	0.01598	0.06951	0.02353	0.02274	0.01331	0.01527	0.01118	0.00851	0.00721	0.00213	0.01349	0.00540	0.00447	0.01041
1	0.01911	0.01749	0.02547	0.01844	0.02584	0.01510	0.14062	0.05914	0.01933	0.02889	0.01572	0.01900	0.01272	0.00711	0.00821	0.00179	0.03874	0.00638	0.00504	0.51586
2	0.02262	0.01897	0.02355	0.09879	0.12793	0.02134	0.01713	0.17032	0.28961	0.03598	0.02542	0.02648	0.01935	0.01337	0.04780	0.00339	0.00937	0.00857	0.00711	0.01290
3	0.02562	0.20597	0.09424	0.02324	0.03003	0.30805	0.14522	0.02973	0.02095	0.02257	0.01388	0.01678	0.01135	0.00799	0.00766	0.00229	0.01329	0.00629	0.00410	0.01073
4	0.01216	0.00912	0.01368	0.01368	0.01520	0.01064	0.01064	0.01520	0.01368	0.01976	0.02279	0.03343	0.02127	0.06382	0.66720	0.01368	0.02279	0.00912	0.00456	0.00760
5	0.07323	0.02454	0.19538	0.02840	0.19242	0.01746	0.05786	0.03161	0.02044	0.24292	0.02164	0.02260	0.01505	0.00872	0.00828	0.00264	0.00982	0.00753	0.00629	0.01319
6	0.02001	0.01914	0.03264	0.18501	0.52331	0.01994	0.02559	0.02519	0.01888	0.02652	0.01582	0.02141	0.01303	0.00778	0.00844	0.00259	0.01037	0.00758	0.00412	0.01263
7	0.01607	0.01513	0.02552	0.68047	0.05861	0.01891	0.02363	0.02174	0.01702	0.02174	0.01513	0.02269	0.01134	0.00851	0.00851	0.00284	0.01134	0.00756	0.00378	0.00945
8	0.01707	0.04402	0.65683	0.02426	0.03683	0.01976	0.03144	0.02695	0.01797	0.02695	0.01527	0.01797	0.01078	0.00809	0.00809	0.00270	0.01258	0.00629	0.00359	0.01258
9	0.01216	0.00912	0.01368	0.01368	0.01520	0.01064	0.01064	0.01520	0.01368	0.01976	0.02279	0.03343	0.02127	0.06382	0.66720	0.01368	0.02279	0.00912	0.00456	0.00760
10	0.01030	0.00769	0.00958	0.01110	0.01215	0.00698	0.00756	0.01193	0.01702	0.02202	0.05609	0.55207	0.19366	0.02547	0.01067	0.00332	0.00479	0.02274	0.00790	0.00698
11	0.01238	0.00825	0.00928	0.00928	0.00928	0.00825	0.00516	0.01238	0.01238	0.01650	0.02681	0.05569	0.03094	0.70092	0.04331	0.00825	0.00825	0.01238	0.00516	0.00516
12	0.02666	0.03083	0.02910	0.03642	0.32363	0.35747	0.02107	0.03022	0.02185	0.02416	0.01452	0.01808	0.01217	0.00820	0.00803	0.00235	0.01284	0.00649	0.00430	0.01159
13	0.01320	0.01145	0.01237	0.01278	0.04490	0.01110	0.00907	0.02064	0.16339	0.02618	0.07069	0.06717	0.46849	0.01852	0.00965	0.00286	0.00516	0.01550	0.00790	0.00897
14	0.01478	0.00739	0.01109	0.01109	0.01109	0.00739	0.00739	0.01109	0.01109	0.01478	0.01478	0.02587	0.01478	0.02956	0.03326	0.75240	0.00739	0.00739	0.00370	0.00370
15	0.02044	0.02222	0.09304	0.08091	0.56058	0.02011	0.02650	0.02598	0.01913	0.02742	0.01589	0.02085	0.01312	0.00768	0.00840	0.00256	0.01041	0.00746	0.00413	0.01319
16	0.02061	0.25461	0.28413	0.02562	0.11161	0.06401	0.07591	0.02682	0.01849	0.02446	0.01429	0.01724	0.01138	0.00772	0.00742	0.00237	0.01145	0.00617	0.00380	0.01189
17	0.01037	0.00828	0.00929	0.00978	0.01188	0.00720	0.00705	0.01255	0.01905	0.02390	0.13845	0.25480	0.41239	0.02254	0.01028	0.00302	0.00446	0.01945	0.00807	0.00720
18	0.03689	0.01655	0.02103	0.01612	0.02276	0.01558	0.01332	0.16928	0.02782	0.52104	0.03067	0.02708	0.01961	0.01046	0.00855	0.00262	0.00771	0.00836	0.01009	0.01448
19	0.02089	0.06957	0.12772	0.17454	0.27980	0.10743	0.04955	0.02638	0.01919	0.02493	0.01511	0.01977	0.01209	0.00798	0.00817	0.00254	0.01157	0.00701	0.00402	0.01175
20	0.03281	0.02517	0.02436	0.02195	0.08262	0.18740	0.01613	0.24933	0.02955	0.21286	0.02187	0.02159	0.01534	0.00969	0.00830	0.00248	0.01038	0.00734	0.00762	0.01319
21	0.01238	0.00825	0.00928	0.00928	0.00928	0.00825	0.00516	0.01238	0.01238	0.01650	0.02681	0.05569	0.03094	0.70092	0.04331	0.00825	0.00825	0.01238	0.00516	0.00516
22	0.03271	0.02327	0.02519	0.01931	0.02611	0.02554	0.01595	0.58418	0.03906	0.09027	0.02123	0.02095	0.01487	0.01024	0.00852	0.00256	0.00923	0.00772	0.00864	0.01447
23	0.01224	0.00878	0.01199	0.01199	0.01293	0.00972	0.00853	0.01411	0.01318	0.01851	0.02434	0.04198	0.02499	0.30841	0.42769	0.01159	0.01721	0.01037	0.00479	0.00666
24	0.02800	0.16055	0.02788	0.01831	0.02457	0.08459	0.01530	0.32555	0.16017	0.04011	0.02108	0.02103	0.01589	0.00978	0.00786	0.00245	0.00929	0.00726	0.00720	0.01313
25	0.01215	0.00816	0.00935	0.00957	0.00962	0.00810	0.00546	0.01232	0.01281	0.01708	0.02905	0.12680	0.03376	0.62597	0.03971	0.00772	0.00788	0.01369	0.00546	0.00535
26	0.01216	0.00912	0.01368	0.01368	0.01520	0.01064	0.01064	0.01520	0.01368	0.01976	0.02279	0.03343	0.02127	0.06382	0.66720	0.01368	0.02279	0.00912	0.00456	0.00760
27	0.02275	0.70604	0.04459	0.01456	0.02184	0.03367	0.01456	0.02548	0.01729	0.02002	0.01183	0.01365	0.01092	0.00728	0.00546	0.00182	0.00910	0.00455	0.00364	0.01092
28	0.01037	0.00741	0.00987	0.01185	0.01234	0.00691	0.00790	0.01185	0.01629	0.02172	0.04690	0.69537	0.05629	0.02666	0.01086	0.00346	0.00494	0.02419	0.00790	0.00691
29	0.01765	0.01513	0.01765	0.01260	0.02017	0.01134	0.01008	0.02143	0.01765	0.02773	0.01513	0.01765	0.01260	0.00630	0.00630	0.00126	0.00630	0.00504	0.00504	0.75295
30	0.01132	0.00867	0.01038	0.00995	0.01227	0.00772	0.00746	0.01466	0.02239	0.03009	0.44127	0.07022	0.28490	0.01890	0.01004	0.00275	0.00412	0.01632	0.00884	0.00772
31	0.01037	0.00741	0.00987	0.01185	0.01234	0.00691	0.00790	0.01185	0.01629	0.02172	0.04690	0.69537	0.05629	0.02666	0.01086	0.00346	0.00494	0.02419	0.00790	0.00691
32	0.01707	0.04402	0.65683	0.02426	0.03683	0.01976	0.03144	0.02695	0.01797	0.02695	0.01527	0.01797	0.01078	0.00809	0.00809	0.00270	0.01258	0.00629	0.00359	0.01258
33	0.02826	0.30716	0.03282	0.01832	0.02451	0.24336	0.01561	0.18198	0.02545	0.02899	0.01450	0.01597	0.01185	0.00854	0.00699	0.00213	0.01126	0.00567	0.00515	0.01149
34	0.01217	0.00908	0.01347	0.01347	0.01491	0.01052	0.01038	0.01506	0.01361	0.01960	0.02299	0.03449	0.02174	0.09420	0.63745	0.01342	0.02210	0.00927	0.00459	0.00748
35	0.09078	0.21731	0.14257	0.01997	0.05692	0.08751	0.01814	0.08104	0.05885	0.02752	0.01553	0.01822	0.01270	0.01172	0.04187	0.00303	0.07413	0.00622	0.00470	0.01126
36	0.01040	0.00822	0.00942	0.01030	0.01219	0.00723	0.00746	0.01239	0.01819	0.02264	0.06838	0.32284	0.37874	0.02367	0.01047	0.00316	0.00477	0.05451	0.00790	0.00712
37	0.01238	0.00825	0.00928	0.00928	0.00928	0.00825	0.00516	0.01238	0.01238	0.01650	0.02681	0.05569	0.03094	0.70092	0.04331	0.00825	0.00825	0.01238	0.00516	0.00516
38	0.01853	0.01992	0.04064	0.28595	0.04996	0.02051	0.38675	0.02512	0.01890	0.02512	0.01641	0.02285	0.01230	0.00769	0.00945	0.00286	0.01318	0.00908	0.00410	0.01069
39	0.02062	0.02021	0.03237	0.16871	0.50850	0.04991	0.02520	0.02566	0.01915	0.02634	0.01571	0.02110	0.01296	0.00781	0.00841	0.00257	0.01058	0.00748	0.00414	0.01256
40	0.03121	0.02613	0.02471	0.01976	0.02598	0.13345	0.01597	0.46742	0.09275	0.04644	0.02054	0.02064	0.01496	0.01010	0.00839	0.00252	0.01012	0.00748	0.00783	0.01360
41	0.02434	0.02660	0.02597	0.02999	0.23790	0.26044	0.01818	0.02926	0.06007	0.02567	0.01594	0.01886	0.01315	0.00800	0.00769	0.00215	0.01102	0.00637	0.00474	0.17365
42	0.01006	0.00862	0.00862	0.00862	0.01149	0.00718	0.00647	0.01221	0.01940	0.02299	0.08621	0.08190	0.64438	0.02155	0.01006	0.00287	0.00431	0.01796	0.00790	0.00718
43	0.03179	0.04056	0.02412	0.02192	0.02631	0.66676	0.01644	0.03398	0.02412	0.02083	0.01315	0.01535	0.01096	0.00877	0.00767	0.00219	0.01535	0.00548	0.00438	0.00987
44	0.01707	0.04402	0.65683	0.02426	0.03683	0.01976	0.03144	0.02695	0.01797	0.02695	0.01527	0.01797	0.01078	0.00809	0.00809	0.00270	0.01258	0.00629	0.00359	0.01258
45	0.03081	0.01816	0.02155	0.01707	0.02289	0.01902	0.01399	0.32136	0.03021	0.24883	0.02524	0.02554	0.01786	0.01959	0.12239	0.00450	0.01097	0.00821	0.00851	0.01329
46	0.01216	0.00912	0.01368	0.01368	0.01520	0.01064	0.01064	0.01520	0.01368	0.01976	0.02279	0.03343	0.02127	0.06382	0.66720	0.01368	0.02279	0.00912	0.00456	0.00760
47	0.02275	0.70604	0.04459	0.01456	0.02184	0.03367	0.01456	0.02548	0.01729	0.02002	0.01183	0.01365	0.01092	0.00728	0.00546	0.00182	0.00910	0.00455	0.00364	0.01092
48	0.01238	0.00825	0.00928	0.00928	0.00928	0.00825	0.00516	0.01238	0.01238	0.01650	0.02681	0.05569	0.03094	0.70092	0.04331	0.00825	0.00825	0.01238	0.00516	0.00516
49	0.01109	0.00866	0.01005	0.00970	0.01213	0.00762	0.00728	0.01421	0.02184	0.02878	0.37578	0.07237	0.35120	0.01939	0.01005	0.00277	0.00416	0.01662	0.00866	0.00762
50	0.02106	0.02022	0.03454	0.05223	0.64784	0.02022	0.02612	0.02612	0.01938	0.02780	0.01601	0.02106	0.01348	0.00758	0.00842	0.00253	0.01011	0.00758	0.00421	0.01348
51	0.03179	0.04056	0.02412	0.02192	0.02631	0.66676	0.01644	0.03398	0.02412	0.02083	0.01315	0.01535	0.01096	0.00877	0.00767	0.00219	0.01535	0.00548	0.00438	0.00987
52	0.07097	0.02410	0.03017	0.07075	0.42462	0.15360	0.02248	0.05384	0.02085	0.02790	0.01531	0.01947	0.01263	0.00801	0.00808	0.00248	0.01099	0.00696	0.00449	0.01232
53	0.01716	0.01624	0.02749	0.54324	0.18732	0.01919	0.02418	0.02270	0.01753	0.02307	0.01532	0.02233	0.01181	0.00831	0.00849	0.00277	0.01107	0.00757	0.00388	0.01033
54	0.01862	0.01862	0.02607	0.02234	0.02234	0.02607	0.01862	0.02048	0.01303	0.02048	0.01117	0.01862	0.01117	0.01489	0.02793	0.00372	0.68535	0.00745	0.00372	0.00931
55	0.01037	0.00741	0.00987	0.01185	0.01234	0.00691	0.00790	0.01185	0.01629	0.02172	0.04690	0.69537	0.05629	0.02666	0.01086	0.00346	0.00494	0.02419	0.00790	0.00691
56	0.01077	0.00924	0.00930	0.00918	0.01218	0.00808	0.00691	0.01433	0.05869	0.02380	0.08290	0.07869	0.60475	0.02091	0.00997	0.00287	0.00447	0.01743	0.00795	0.00759
57	0.01037	0.00741	0.00987	0.01185	0.01234	0.00691	0.00790	0.01185	0.01629	0.02172	0.04690	0.69537	0.05629	0.02666	0.01086	0.00346	0.00494	0.02419	0.00790	0.00691
58	0.01607	0.01513	0.02552	0.68047	0.05861	0.01891	0.02363	0.02174	0.01702	0.02174	0.01513	0.02269	0.01134	0.00851	0.00851	0.00284	0.01134	0.00756	0.00378	0.00945
59	0.01765	0.01513	0.01765	0.01260	0.02017	0.01134	0.01008	0.02143	0.01765	0.02773	0.01513	0.01765	0.01260	0.00630	0.00630	0.00126	0.00630	0.00504	0.00504	0.75295
60	0.01707	0.04402	0.65683	0.02426	0.03683	0.01976	0.03144	0.02695	0.01797	0.02695	0.01527	0.01797	0.01078	0.00809	0.00809	0.00270	0.01258	0.00629	0.00359	0.01258
61	0.01006	0.00862	0.00862	0.00862	0.01149	0.00718	0.00647	0.01221	0.01940	0.02299	0.08621	0.08190	0.64438	0.02155	0.01006	0.00287	0.00431	0.01796	0.00790	0.00718
62	0.02117	0.01828	0.01924	0.01732	0.02213	0.02117	0.01347	0.04522	0.63246	0.03560	0.03464	0.03175	0.02598	0.01155	0.00866	0.00289	0.00673	0.00962	0.00866	0.01347
63	0.01765	0.01513	0.01765	0.01260	0.02017	0.01134	0.01008	0.02143	0.01765	0.02773	0.01513	0.01765	0.01260	0.00630	0.00630	0.00126	0.00630	0.00504	0.00504	0.75295
64	0.02009	0.02296	0.05022	0.03587	0.04448	0.02152	0.61693	0.02726	0.02009	0.02726	0.01722	0.02296	0.01291	0.00717	0.01004	0.00287	0.01435	0.01004	0.00430	0.01148
65	0.01037	0.00741	0.00987	0.01185	0.01234	0.00691	0.00790	0.01185	0.01629	0.02172	0.04690	0.69537	0.05629	0.02666	0.01086	0.00346	0.00494	0.02419	0.00790	0.00691
66	0.01087	0.00865	0.00974	0.00947	0.01199	0.00753	0.00710	0.01378	0.02131	0.02752	0.31303	0.07444	0.41473	0.01986	0.01005	0.00279	0.00419	0.01691	0.00850	0.00753
67	0.02522	0.02826	0.02484	0.29920	0.03993	0.33310	0.01945	0.08429	0.02263	0.02432	0.01467	0.01892	0.01146	0.00880	0.00810	0.00250	0.01309	0.00656	0.00452	0.01013
68	0.01437	0.01238	0.01793	0.01665	0.01765	0.01593	0.01338	0.01701	0.01346	0.02000	0.01881	0.02835	0.01781	0.04704	0.44791	0.01026	0.25007	0.00854	0.00427	0.00819
69	0.01037	0.00741	0.00987	0.01185	0.01234	0.00691	0.00790	0.01185	0.01629	0.02172	0.04690	0.69537	0.05629	0.02666	0.01086	0.00346	0.00494	0.02419	0.00790	0.00691
70	0.01233	0.00844	0.01024	0.01024	0.01057	0.00877	0.00635	0.01299	0.01266	0.01721	0.02594	0.05083	0.02883	0.56176	0.17959	0.00944	0.01143	0.01166	0.00503	0.00569
71	0.01147	0.00846	0.00980	0.00968	0.01122	0.00779	0.00663	0.01350	0.01850	0.02446	0.24667	0.09911	0.23205	0.23981	0.02083	0.00458	0.00552	0.01564	0.00749	0.00679
72	0.02169	0.02292	0.02917	0.26112	0.30996	0.16099	0.02315	0.02633	0.01960	0.02420	0.01508	0.02037	0.01220	0.00816	0.00829	0.00256	0.01168	0.00712	0.00410	0.01131
73	0.02336	0.21778	0.21076	0.02574	0.13346	0.20281	0.02183	0.02836	0.01973	0.02353	0.01388	0.01660	0.01133	0.00797	0.00732	0.00229	0.01199	0.00581	0.00393	0.01153
74	0.18842	0.03403	0.26738	0.05443	0.06678	0.20042	0.02156	0.02818	0.01894	0.02756	0.01395	0.01672	0.01067	0.00823	0.00738	0.00254	0.01180	0.00582	0.00424	0.01097
75	0.14393	0.01504	0.04994	0.27080	0.07111	0.01541	0.01642	0.02017	0.01641	0.02532	0.02216	0.16914	0.02199	0.04787	0.01009	0.00309	0.00862	0.01071	0.00511	0.05668
76	0.01813	0.01073	0.01526	0.01419	0.01706	0.00994	0.04822	0.02169	0.04898	0.17200	0.07884	0.39423	0.07553	0.02007	0.01007	0.00312	0.00608	0.01806	0.00841	0.00938
77	0.02023	0.01959	0.03267	0.16786	0.15493	0.02137	0.17839	0.06385	0.13269	0.02869	0.01939	0.02361	0.01503	0.00923	0.01072	0.00286	0.07332	0.00860	0.00518	0.01178
78	0.05243	0.08543	0.19210	0.06258	0.15084	0.07742	0.16171	0.02636	0.01938	0.02672	0.05265	0.02190	0.01592	0.00834	0.00836	0.00259	0.01164	0.00773	0.00438	0.01154
79	0.06000	0.10986	0.02949	0.03324	0.33263	0.01983	0.01922	0.05560	0.02028	0.11641	0.04610	0.02371	0.01764	0.01328	0.06358	0.00340	0.01016	0.00764	0.00554	0.01238
80	0.12067	0.01821	0.05550	0.20947	0.12486	0.05670	0.04204	0.02341	0.01806	0.05740	0.05101	0.11196	0.02125	0.01148	0.00933	0.00282	0.04073	0.00971	0.00526	0.01012
81	0.01951	0.06067	0.30990	0.21112	0.06992	0.02016	0.02519	0.05688	0.05673	0.06439	0.01764	0.02089	0.01280	0.00861	0.00819	0.00269	0.01111	0.00704	0.00465	0.01192
82	0.02079	0.02399	0.09410	0.07044	0.07154	0.06153	0.23110	0.05731	0.10081	0.02766	0.01793	0.02213	0.01401	0.00963	0.01257	0.00293	0.13673	0.00845	0.00488	0.01148
83	0.02149	0.10238	0.31832	0.02648	0.10014	0.16021	0.06009	0.02784	0.01920	0.02468	0.01443	0.01766	0.01128	0.00846	0.00911	0.00256	0.05373	0.00638	0.00389	0.01167

[dist]
# distance from previous block
# <min> <max>
7	109

[block]
# block no. 5 follows, 21 sequences, length 95
# corresponding to MSA columns:
# 296-390
name=unknown_F
#
# <colnr> <probs for GDERKNQSTAVLIFYWHMCP>
#	G	D	E	R	K	N	Q	S	T	A	V	L	I	F	Y	W	H	M	C	P
0	0.01726	0.01652	0.02895	0.11915	0.26944	0.01649	0.12836	0.02217	0.01977	0.02714	0.12240	0.07062	0.08158	0.01145	0.00926	0.00274	0.00930	0.01108	0.00551	0.01081
1	0.02177	0.02155	0.03386	0.05025	0.60709	0.06261	0.02548	0.02663	0.01969	0.02735	0.01582	0.02069	0.01331	0.00766	0.00838	0.00251	0.01045	0.00744	0.00422	0.01324
2	0.01679	0.01627	0.02348	0.06397	0.08572	0.04450	0.12290	0.02099	0.01937	0.02620	0.07384	0.03768	0.16945	0.01126	0.00855	0.00231	0.00827	0.01019	0.00569	0.23255
3	0.01211	0.00887	0.01265	0.01275	0.01392	0.00999	0.00945	0.01449	0.01356	0.01923	0.02478	0.07107	0.02489	0.18352	0.51504	0.01213	0.01912	0.01050	0.00484	0.00710
4	0.01633	0.01451	0.02356	0.22664	0.24478	0.01556	0.01959	0.02059	0.01787	0.02412	0.02555	0.14363	0.02584	0.04646	0.01100	0.00325	0.00922	0.09627	0.00526	0.00998
5	0.01132	0.01029	0.05340	0.01305	0.01466	0.00871	0.01011	0.01386	0.01616	0.02220	0.06832	0.46008	0.04603	0.03395	0.16899	0.00583	0.00970	0.01895	0.00688	0.00751
6	0.01854	0.02218	0.09402	0.02739	0.03242	0.02230	0.27416	0.02343	0.01692	0.02414	0.01906	0.02457	0.05351	0.01141	0.01728	0.00321	0.29171	0.00914	0.00423	0.01040
7	0.03179	0.04056	0.02412	0.02192	0.02631	0.66676	0.01644	0.03398	0.02412	0.02083	0.01315	0.01535	0.01096	0.00877	0.00767	0.00219	0.01535	0.00548	0.00438	0.00987
8	0.01143	0.00792	0.00949	0.01031	0.01066	0.00764	0.00636	0.01215	0.01435	0.01899	0.03811	0.32118	0.07236	0.38820	0.02823	0.00600	0.00668	0.01754	0.00643	0.00598
9	0.02119	0.05509	0.02992	0.27138	0.21156	0.14593	0.05133	0.02570	0.01895	0.02336	0.01468	0.02013	0.01191	0.00860	0.00953	0.00264	0.05613	0.00714	0.00403	0.01081
10	0.02072	0.02012	0.03507	0.08586	0.57573	0.02023	0.06471	0.02595	0.01929	0.02743	0.01604	0.02128	0.01332	0.00761	0.00854	0.00257	0.01046	0.00774	0.00419	0.01313
11	0.01281	0.01009	0.01174	0.01108	0.01375	0.00972	0.00838	0.01924	0.11224	0.03112	0.39278	0.06419	0.23533	0.01774	0.00984	0.00276	0.00450	0.01528	0.00884	0.00859
12	0.01496	0.01255	0.01624	0.01470	0.01470	0.01564	0.01074	0.01574	0.01265	0.01815	0.02033	0.04032	0.02274	0.41650	0.03694	0.00637	0.28897	0.01033	0.00456	0.00688
13	0.02106	0.02022	0.03454	0.05223	0.64784	0.02022	0.02612	0.02612	0.01938	0.02780	0.01601	0.02106	0.01348	0.00758	0.00842	0.00253	0.01011	0.00758	0.00421	0.01348
14	0.01364	0.00975	0.01361	0.01545	0.01742	0.00972	0.01346	0.01756	0.01979	0.02585	0.07129	0.09457	0.05035	0.02324	0.01168	0.00386	0.00767	0.56534	0.00790	0.00784
15	0.02189	0.01374	0.01437	0.01219	0.01594	0.01468	0.00969	0.23896	0.02595	0.03973	0.02508	0.02760	0.01913	0.01002	0.00689	0.00219	0.00594	0.00783	0.47787	0.01032
16	0.02117	0.01828	0.01924	0.01732	0.02213	0.02117	0.01347	0.04522	0.63246	0.03560	0.03464	0.03175	0.02598	0.01155	0.00866	0.00289	0.00673	0.00962	0.00866	0.01347
17	0.01016	0.00862	0.00876	0.00872	0.01155	0.00723	0.00654	0.01240	0.01963	0.02354	0.11359	0.08100	0.61666	0.02135	0.01006	0.00286	0.00430	0.01783	0.00797	0.00723
18	0.76103	0.01646	0.01251	0.01119	0.01646	0.01909	0.00922	0.02502	0.01448	0.03818	0.01185	0.01382	0.00922	0.00790	0.00527	0.00263	0.00658	0.00461	0.00527	0.00922
19	0.02009	0.02296	0.05022	0.03587	0.04448	0.02152	0.61693	0.02726	0.02009	0.02726	0.01722	0.02296	0.01291	0.00717	0.01004	0.00287	0.01435	0.01004	0.00430	0.01148
20	0.01586	0.00793	0.00793	0.00793	0.00991	0.00793	0.00595	0.01983	0.01785	0.03173	0.02776	0.03173	0.02181	0.00991	0.00595	0.00198	0.00397	0.00793	0.74817	0.00793
21	0.01238	0.00825	0.00928	0.00928	0.00928	0.00825	0.00516	0.01238	0.01238	0.01650	0.02681	0.05569	0.03094	0.70092	0.04331	0.00825	0.00825	0.01238	0.00516	0.00516
22	0.01607	0.01513	0.02552	0.68047	0.05861	0.01891	0.02363	0.02174	0.01702	0.02174	0.01513	0.02269	0.01134	0.00851	0.00851	0.00284	0.01134	0.00756	0.00378	0.00945
23	0.01216	0.00912	0.01368	0.01368	0.01520	0.01064	0.01064	0.01520	0.01368	0.01976	0.02279	0.03343	0.02127	0.06382	0.66720	0.01368	0.02279	0.00912	0.00456	0.00760
24	0.01707	0.04402	0.65683	0.02426	0.03683	0.01976	0.03144	0.02695	0.01797	0.02695	0.01527	0.01797	0.01078	0.00809	0.00809	0.00270	0.01258	0.00629	0.00359	0.01258
25	0.01964	0.02060	0.04054	0.16284	0.24015	0.02061	0.31589	0.02585	0.01928	0.02639	0.01643	0.02230	0.01280	0.00756	0.00924	0.00275	0.01242	0.00879	0.00418	0.01174
26	0.01842	0.01570	0.01677	0.01557	0.01975	0.01752	0.01221	0.03655	0.46181	0.03232	0.04507	0.04706	0.14136	0.01452	0.00921	0.00298	0.00640	0.06654	0.00844	0.01178
27	0.02949	0.02241	0.02393	0.01900	0.02530	0.02505	0.01548	0.47244	0.19170	0.04902	0.02407	0.02333	0.01742	0.01056	0.00855	0.00264	0.00869	0.00816	0.00855	0.01422
28	0.02471	0.02391	0.02589	0.25171	0.10783	0.16811	0.01979	0.18154	0.05860	0.03127	0.01723	0.02075	0.01311	0.00907	0.00832	0.00258	0.01135	0.00723	0.00546	0.01153
29	0.01386	0.00802	0.00945	0.00993	0.01147	0.00818	0.00728	0.01706	0.01671	0.02712	0.03147	0.19215	0.03003	0.02382	0.12817	0.00448	0.00765	0.01207	0.43345	0.00762
30	0.01607	0.01513	0.02552	0.68047	0.05861	0.01891	0.02363	0.02174	0.01702	0.02174	0.01513	0.02269	0.01134	0.00851	0.00851	0.00284	0.01134	0.00756	0.00378	0.00945
31	0.02106	0.02022	0.03454	0.05223	0.64784	0.02022	0.02612	0.02612	0.01938	0.02780	0.01601	0.02106	0.01348	0.00758	0.00842	0.00253	0.01011	0.00758	0.00421	0.01348
32	0.01607	0.01513	0.02552	0.68047	0.05861	0.01891	0.02363	0.02174	0.01702	0.02174	0.01513	0.02269	0.01134	0.00851	0.00851	0.00284	0.01134	0.00756	0.00378	0.00945
33	0.01707	0.04402	0.65683	0.02426	0.03683	0.01976	0.03144	0.02695	0.01797	0.02695	0.01527	0.01797	0.01078	0.00809	0.00809	0.00270	0.01258	0.00629	0.00359	0.01258
34	0.01862	0.01862	0.02607	0.02234	0.02234	0.02607	0.01862	0.02048	0.01303	0.02048	0.01117	0.01862	0.01117	0.01489	0.02793	0.00372	0.68535	0.00745	0.00372	0.00931
35	0.01216	0.00912	0.01368	0.01368	0.01520	0.01064	0.01064	0.01520	0.01368	0.01976	0.02279	0.03343	0.02127	0.06382	0.66720	0.01368	0.02279	0.00912	0.00456	0.00760
36	0.02009	0.02296	0.05022	0.03587	0.04448	0.02152	0.61693	0.02726	0.02009	0.02726	0.01722	0.02296	0.01291	0.00717	0.01004	0.00287	0.01435	0.01004	0.00430	0.01148
37	0.01478	0.00739	0.01109	0.01109	0.01109	0.00739	0.00739	0.01109	0.01109	0.01478	0.01478	0.02587	0.01478	0.02956	0.03326	0.75240	0.00739	0.00739	0.00370	0.00370
38	0.03179	0.04056	0.02412	0.02192	0.02631	0.66676	0.01644	0.03398	0.02412	0.02083	0.01315	0.01535	0.01096	0.00877	0.00767	0.00219	0.01535	0.00548	0.00438	0.00987
39	0.01232	0.00897	0.01197	0.01343	0.01515	0.00862	0.01090	0.01546	0.01924	0.02518	0.11238	0.23563	0.12162	0.02341	0.01117	0.00356	0.00634	0.32909	0.00802	0.00756
40	0.02275	0.70604	0.04459	0.01456	0.02184	0.03367	0.01456	0.02548	0.01729	0.02002	0.01183	0.01365	0.01092	0.00728	0.00546	0.00182	0.00910	0.00455	0.00364	0.01092
41	0.01017	0.00863	0.00877	0.00874	0.01156	0.00723	0.00655	0.01243	0.01966	0.02360	0.11698	0.08089	0.61323	0.02132	0.01006	0.00286	0.00429	0.01782	0.00798	0.00723
42	0.01026	0.00827	0.00914	0.00967	0.01181	0.00715	0.00697	0.01232	0.01875	0.02323	0.10533	0.25906	0.44267	0.02281	0.01029	0.00303	0.00448	0.01963	0.00798	0.00715
43	0.76103	0.01646	0.01251	0.01119	0.01646	0.01909	0.00922	0.02502	0.01448	0.03818	0.01185	0.01382	0.00922	0.00790	0.00527	0.00263	0.00658	0.00461	0.00527	0.00922
44	0.01412	0.01215	0.01250	0.01180	0.01538	0.01229	0.00903	0.02428	0.24344	0.02760	0.06736	0.06357	0.41839	0.01790	0.00955	0.00288	0.00520	0.01491	0.00818	0.00948
45	0.02364	0.26768	0.21913	0.02209	0.06876	0.21633	0.02088	0.02848	0.01965	0.02282	0.01352	0.01592	0.01106	0.00798	0.00709	0.00224	0.01205	0.00554	0.00388	0.01127
46	0.02551	0.06134	0.02310	0.01972	0.02368	0.39824	0.04716	0.06618	0.02270	0.02351	0.02206	0.18267	0.02240	0.01309	0.00854	0.00255	0.01206	0.01042	0.00548	0.00958
47	0.01081	0.00919	0.00939	0.00937	0.01224	0.00809	0.00700	0.01436	0.05953	0.02375	0.08066	0.11223	0.57149	0.02117	0.01001	0.00291	0.00450	0.01775	0.00795	0.00758
48	0.02340	0.23197	0.06929	0.01777	0.02298	0.24575	0.01545	0.05427	0.01990	0.02229	0.01557	0.01962	0.01359	0.02163	0.16620	0.00490	0.01480	0.00624	0.00435	0.01003
49	0.03785	0.01501	0.02007	0.01539	0.02199	0.01329	0.01271	0.07396	0.02524	0.62000	0.03283	0.02849	0.02070	0.01052	0.00856	0.00263	0.00736	0.00851	0.01042	0.01448
50	0.01931	0.30498	0.41549	0.02043	0.03092	0.02525	0.02479	0.02637	0.01770	0.02422	0.01392	0.01627	0.01084	0.00777	0.00705	0.00235	0.01121	0.00560	0.00361	0.01192
51	0.01085	0.00865	0.00971	0.00945	0.01198	0.00752	0.00709	0.01374	0.02126	0.02741	0.30741	0.07462	0.42042	0.01990	0.01005	0.00280	0.00419	0.01694	0.00848	0.00752
52	0.01707	0.04402	0.65683	0.02426	0.03683	0.01976	0.03144	0.02695	0.01797	0.02695	0.01527	0.01797	0.01078	0.00809	0.00809	0.00270	0.01258	0.00629	0.00359	0.01258
53	0.01043	0.00818	0.00949	0.01046	0.01226	0.00724	0.00755	0.01241	0.01809	0.02261	0.06678	0.34397	0.35500	0.02386	0.01051	0.00319	0.00481	0.05815	0.00790	0.00711
54	0.01116	0.00774	0.00964	0.01084	0.01114	0.00744	0.00682	0.01206	0.01475	0.01967	0.03900	0.44379	0.04632	0.29184	0.02363	0.00534	0.00624	0.01955	0.00682	0.00622
55	0.02378	0.01919	0.02030	0.01743	0.02262	0.02185	0.01379	0.19165	0.44947	0.04004	0.03064	0.02884	0.02281	0.01112	0.00849	0.00276	0.00727	0.00903	0.04546	0.01345
56	0.01300	0.00930	0.01117	0.01139	0.01407	0.00838	0.00919	0.01603	0.02046	0.06029	0.15776	0.08030	0.34594	0.02088	0.01047	0.00314	0.00547	0.18658	0.00826	0.00791
57	0.01037	0.00741	0.00987	0.01185	0.01234	0.00691	0.00790	0.01185	0.01629	0.02172	0.04690	0.69537	0.05629	0.02666	0.01086	0.00346	0.00494	0.02419	0.00790	0.00691
58	0.01022	0.00833	0.00904	0.00948	0.01175	0.00716	0.00688	0.01230	0.01887	0.02318	0.10156	0.22726	0.47923	0.02259	0.01025	0.00300	0.00445	0.01933	0.00797	0.00716
59	0.02493	0.01827	0.02028	0.01720	0.02215	0.02016	0.01381	0.26554	0.22580	0.08020	0.02890	0.03519	0.02351	0.06004	0.04355	0.00372	0.00881	0.06718	0.00821	0.01253
60	0.01238	0.00825	0.00928	0.00928	0.00928	0.00825	0.00516	0.01238	0.01238	0.01650	0.02681	0.05569	0.03094	0.70092	0.04331	0.00825	0.00825	0.01238	0.00516	0.00516
61	0.01238	0.00825	0.00928	0.00928	0.00928	0.00825	0.00516	0.01238	0.01238	0.01650	0.02681	0.05569	0.03094	0.70092	0.04331	0.00825	0.00825	0.01238	0.00516	0.00516
62	0.02089	0.02427	0.06889	0.23151	0.12790	0.16905	0.05403	0.02535	0.01849	0.02279	0.01472	0.02039	0.01207	0.01190	0.04263	0.00328	0.11028	0.00720	0.00403	0.01034
63	0.01809	0.01914	0.06175	0.22948	0.20294	0.01972	0.13737	0.02346	0.01756	0.02434	0.01611	0.02270	0.01311	0.01390	0.07351	0.00388	0.07988	0.00812	0.00406	0.01087
64	0.01162	0.00868	0.01079	0.01027	0.01246	0.00785	0.00770	0.01525	0.02310	0.03177	0.52548	0.06745	0.19963	0.01828	0.01004	0.00272	0.00408	0.01593	0.00906	0.00785
65	0.02371	0.02629	0.02821	0.03200	0.22851	0.23294	0.02037	0.02673	0.01872	0.02299	0.01340	0.01835	0.01186	0.01050	0.01494	0.00283	0.24583	0.00685	0.00410	0.01086
66	0.01098	0.00801	0.01048	0.01222	0.01327	0.00750	0.00886	0.01301	0.01728	0.02259	0.05101	0.50975	0.12163	0.02547	0.01094	0.00348	0.00543	0.13308	0.00789	0.00712
67	0.06514	0.17902	0.02141	0.01411	0.01744	0.01773	0.01167	0.04818	0.04754	0.02448	0.02965	0.19449	0.05736	0.02493	0.13006	0.00482	0.04707	0.04992	0.00592	0.00904
68	0.01856	0.15954	0.20166	0.01997	0.06638	0.02028	0.01892	0.02366	0.01707	0.02480	0.01450	0.01804	0.01208	0.01080	0.04082	0.00272	0.08642	0.00592	0.00414	0.23372
69	0.02418	0.02244	0.02962	0.07341	0.36280	0.08319	0.02170	0.15258	0.08631	0.03300	0.01850	0.02156	0.01460	0.00870	0.00840	0.00255	0.01018	0.00760	0.00556	0.01312
70	0.02432	0.54446	0.03974	0.01636	0.02273	0.15650	0.01512	0.02690	0.01842	0.02020	0.01206	0.01421	0.01094	0.00793	0.00694	0.00198	0.04189	0.00487	0.00379	0.01064
71	0.01091	0.00865	0.00981	0.00952	0.01202	0.00755	0.00714	0.01387	0.02142	0.02779	0.32644	0.07400	0.40116	0.01976	0.01005	0.00279	0.00418	0.01685	0.00853	0.00755
72	0.01146	0.00868	0.01056	0.01009	0.01235	0.00778	0.00757	0.01492	0.02270	0.03082	0.47813	0.06900	0.24758	0.01863	0.01004	0.00274	0.00410	0.01615	0.00893	0.00778
73	0.01028	0.00859	0.00868	0.00868	0.01128	0.00729	0.00634	0.01223	0.01873	0.02237	0.08055	0.07940	0.58589	0.08634	0.01323	0.00339	0.00469	0.01743	0.00764	0.00699
74	0.02106	0.02022	0.03454	0.05223	0.64784	0.02022	0.02612	0.02612	0.01938	0.02780	0.01601	0.02106	0.01348	0.00758	0.00842	0.00253	0.01011	0.00758	0.00421	0.01348
75	0.01013	0.00833	0.00892	0.00940	0.01170	0.00712	0.00681	0.01213	0.01865	0.02268	0.07673	0.22991	0.50249	0.02279	0.01025	0.00301	0.00446	0.01946	0.00790	0.00712
76	0.03179	0.04056	0.02412	0.02192	0.02631	0.66676	0.01644	0.03398	0.02412	0.02083	0.01315	0.01535	0.01096	0.00877	0.00767	0.00219	0.01535	0.00548	0.00438	0.00987
77	0.02407	0.41947	0.03628	0.01777	0.02298	0.17963	0.01578	0.02650	0.01807	0.02030	0.01201	0.01500	0.01098	0.00909	0.01028	0.00227	0.14002	0.00532	0.00383	0.01037
78	0.02106	0.02022	0.03454	0.05223	0.64784	0.02022	0.02612	0.02612	0.01938	0.02780	0.01601	0.02106	0.01348	0.00758	0.00842	0.00253	0.01011	0.00758	0.00421	0.01348
79	0.01764	0.01750	0.02916	0.30081	0.14103	0.05029	0.12978	0.02281	0.01767	0.02330	0.01702	0.02417	0.01386	0.01872	0.13484	0.00484	0.01409	0.00821	0.00413	0.01014
80	0.01017	0.00863	0.00877	0.00874	0.01156	0.00723	0.00655	0.01243	0.01966	0.02360	0.11698	0.08089	0.61323	0.02132	0.01006	0.00286	0.00429	0.01782	0.00798	0.00723
81	0.01069	0.00858	0.00954	0.00945	0.01192	0.00743	0.00703	0.01338	0.02067	0.02636	0.25628	0.11071	0.43689	0.02055	0.01010	0.00285	0.00425	0.01752	0.00836	0.00743
82	0.01833	0.06853	0.17937	0.02726	0.17055	0.01928	0.05986	0.05018	0.04747	0.02801	0.09111	0.05817	0.05718	0.01136	0.01051	0.00275	0.07389	0.00949	0.00532	0.01136
83	0.01751	0.01515	0.02395	0.01975	0.02318	0.01685	0.13322	0.10697	0.01867	0.02611	0.02018	0.02908	0.01800	0.08042	0.32011	0.00831	0.09898	0.00910	0.00503	0.00943
84	0.01108	0.00891	0.01005	0.01048	0.01308	0.00788	0.00834	0.01379	0.01975	0.02433	0.11267	0.08415	0.46174	0.02176	0.01047	0.00312	0.00515	0.15788	0.00798	0.00740
85	0.01018	0.00851	0.00886	0.00902	0.01163	0.00720	0.00667	0.01235	0.01932	0.02338	0.10784	0.13826	0.56394	0.02184	0.01013	0.00292	0.00436	0.01842	0.00797	0.00720
86	0.01614	0.01417	0.01930	0.06667	0.17222	0.05016	0.01478	0.02080	0.05717	0.02374	0.02572	0.15072	0.02535	0.06079	0.20083	0.00619	0.01259	0.01133	0.04187	0.00944
87	0.02009	0.01827	0.02914	0.10683	0.43592	0.01876	0.02218	0.07910	0.02113	0.02935	0.05138	0.05986	0.05051	0.01005	0.00872	0.00263	0.00932	0.00931	0.00519	0.01226
88	0.01076	0.00871	0.00959	0.00954	0.01214	0.00754	0.00726	0.01347	0.02057	0.02590	0.22240	0.07813	0.47068	0.02063	0.01015	0.00288	0.00444	0.04951	0.00826	0.00743
89	0.01238	0.00825	0.00928	0.00928	0.00928	0.00825	0.00516	0.01238	0.01238	0.01650	0.02681	0.05569	0.03094	0.70092	0.04331	0.00825	0.00825	0.01238	0.00516	0.00516
90	0.02040	0.02164	0.06804	0.08302	0.46876	0.02037	0.13935	0.02613	0.01931	0.02732	0.01615	0.02136	0.01312	0.00758	0.00872	0.00262	0.01111	0.00799	0.00417	0.01283
91	0.02521	0.02477	0.02716	0.03234	0.27506	0.17087	0.01936	0.15341	0.07985	0.03199	0.02255	0.02455	0.05559	0.00968	0.00840	0.00251	0.01049	0.00797	0.00580	0.01244
92	0.02930	0.18807	0.02972	0.01822	0.02501	0.02780	0.01561	0.43840	0.07348	0.04434	0.01929	0.01954	0.01437	0.00960	0.00779	0.00240	0.00913	0.00704	0.00735	0.01355
93	0.01150	0.00812	0.01071	0.01236	0.01313	0.00782	0.00886	0.01333	0.01646	0.02179	0.04322	0.44771	0.05044	0.13452	0.01631	0.00434	0.00617	0.15893	0.00744	0.00685
94	0.02152	0.20751	0.02734	0.11391	0.06141	0.11513	0.01541	0.11116	0.02165	0.02627	0.02413	0.14481	0.05152	0.01238	0.00806	0.00252	0.00942	0.01002	0.00552	0.01031

[dist]
# distance from previous block
# <min> <max>
1	3

[block]
# block no. 6 follows, 21 sequences, length 8
# corresponding to MSA columns:
# 394-401
name=unknown_G
#
# <colnr> <probs for GDERKNQSTAVLIFYWHMCP>
#	G	D	E	R	K	N	Q	S	T	A	V	L	I	F	Y	W	H	M	C	P
0	0.03112	0.02311	0.02488	0.01900	0.02587	0.02513	0.01566	0.56929	0.03814	0.05146	0.01999	0.02020	0.01432	0.00989	0.00833	0.00245	0.00911	0.00744	0.00822	0.07643
1	0.01680	0.04521	0.02787	0.02071	0.02589	0.01610	0.19909	0.02104	0.01663	0.02382	0.01823	0.02587	0.01606	0.06196	0.20339	0.00595	0.06069	0.00833	0.00453	0.18184
2	0.02414	0.03004	0.12445	0.02522	0.13673	0.24208	0.01895	0.07173	0.02190	0.02715	0.01502	0.01771	0.01204	0.00795	0.00760	0.00213	0.01132	0.00604	0.00470	0.19311
3	0.01659	0.01566	0.02702	0.07766	0.14598	0.01748	0.12342	0.02077	0.01606	0.02289	0.01808	0.02604	0.01594	0.03102	0.27283	0.00722	0.12266	0.00860	0.00426	0.00983
4	0.01216	0.01001	0.01090	0.01072	0.01363	0.00939	0.00828	0.01764	0.10086	0.02663	0.16380	0.07365	0.42124	0.01975	0.01002	0.00294	0.00489	0.06706	0.00823	0.00820
5	0.02051	0.14293	0.04240	0.03308	0.15248	0.02415	0.30243	0.02565	0.01834	0.02501	0.01507	0.02026	0.01239	0.00849	0.01175	0.00275	0.11861	0.00819	0.00408	0.01142
6	0.01868	0.02633	0.19060	0.02674	0.06188	0.05133	0.16540	0.02399	0.01706	0.02423	0.01675	0.07153	0.01507	0.01157	0.01538	0.00311	0.23645	0.00898	0.00421	0.01071
7	0.01792	0.02751	0.24235	0.02526	0.12454	0.06703	0.02192	0.02314	0.01769	0.02435	0.02681	0.02976	0.12372	0.01211	0.01331	0.00291	0.17556	0.00879	0.00455	0.01076

[dist]
# distance from previous block
# <min> <max>
0	1

[block]
# block no. 7 follows, 21 sequences, length 59
