[name]
unknown

[dist]
# distance from previous block
# <min> <max>
0	0

[block]
# block no. 0 follows, 22 sequences, length 58
# corresponding to MSA columns:
# 0-57
name=unknown_A
#
# <colnr> <probs for GDERKNQSTAVLIFYWHMCP>
#	G	D	E	R	K	N	Q	S	T	A	V	L	I	F	Y	W	H	M	C	P
0	0.01339	0.00956	0.01339	0.01530	0.01721	0.00956	0.01339	0.01721	0.01912	0.02486	0.04399	0.09371	0.04781	0.02295	0.01147	0.00382	0.00765	0.60031	0.00765	0.00765
1	0.02147	0.01825	0.01924	0.01707	0.02191	0.02104	0.01334	0.08733	0.59671	0.03605	0.03279	0.03018	0.02453	0.01117	0.00844	0.00279	0.00676	0.00925	0.00844	0.01322
2	0.01017	0.00843	0.00891	0.00879	0.01144	0.00716	0.00659	0.01261	0.01977	0.02443	0.18815	0.07667	0.54762	0.02030	0.00981	0.00277	0.00416	0.01707	0.00798	0.00716
3	0.01549	0.00774	0.00774	0.00774	0.00968	0.00774	0.00581	0.01936	0.01742	0.03097	0.02710	0.03097	0.02129	0.00968	0.00581	0.00194	0.00387	0.00774	0.75416	0.00774
4	0.03158	0.02327	0.02493	0.01911	0.02576	0.02576	0.01579	0.62852	0.03906	0.05236	0.01995	0.01995	0.01413	0.00997	0.00831	0.00249	0.00914	0.00748	0.00831	0.01413
5	0.76672	0.01607	0.01221	0.01092	0.01607	0.01864	0.00900	0.02442	0.01414	0.03727	0.01157	0.01350	0.00900	0.00771	0.00514	0.00257	0.00643	0.00450	0.00514	0.00900
6	0.01549	0.00774	0.00774	0.00774	0.00968	0.00774	0.00581	0.01936	0.01742	0.03097	0.02710	0.03097	0.02129	0.00968	0.00581	0.00194	0.00387	0.00774	0.75416	0.00774
7	0.76672	0.01607	0.01221	0.01092	0.01607	0.01864	0.00900	0.02442	0.01414	0.03727	0.01157	0.01350	0.00900	0.00771	0.00514	0.00257	0.00643	0.00450	0.00514	0.00900
8	0.01768	0.01047	0.01262	0.01121	0.01472	0.00951	0.00871	0.02223	0.06759	0.17633	0.25826	0.05828	0.26673	0.01645	0.00937	0.00269	0.00495	0.01395	0.00885	0.00941
9	0.02012	0.01508	0.06350	0.01424	0.01871	0.01347	0.01203	0.05202	0.18020	0.15659	0.30314	0.04269	0.04619	0.01329	0.00898	0.00265	0.00602	0.01135	0.00874	0.01098
10	0.02135	0.01818	0.01917	0.01704	0.02186	0.02098	0.01331	0.08066	0.60359	0.03585	0.03295	0.03030	0.02466	0.01119	0.00844	0.00280	0.00674	0.00927	0.00844	0.01321
11	0.20925	0.34661	0.21169	0.01606	0.02414	0.02542	0.01756	0.02517	0.01637	0.02595	0.01251	0.01456	0.01020	0.00748	0.00601	0.00222	0.00922	0.00494	0.00394	0.01070
12	0.02708	0.01272	0.01656	0.01361	0.01839	0.01175	0.01089	0.03282	0.09379	0.38601	0.23453	0.03959	0.03994	0.01258	0.00884	0.00261	0.00599	0.01064	0.00970	0.01197
13	0.02329	0.02335	0.01999	0.01805	0.02264	0.18635	0.01388	0.04136	0.48474	0.03110	0.02850	0.02694	0.02165	0.01058	0.00821	0.00265	0.00870	0.00837	0.00740	0.01226
14	0.00982	0.00842	0.00842	0.00842	0.01122	0.00701	0.00631	0.01192	0.01894	0.02244	0.08416	0.07995	0.65285	0.02104	0.00982	0.00281	0.00421	0.01753	0.00771	0.00701
15	0.01549	0.00774	0.00774	0.00774	0.00968	0.00774	0.00581	0.01936	0.01742	0.03097	0.02710	0.03097	0.02129	0.00968	0.00581	0.00194	0.00387	0.00774	0.75416	0.00774
16	0.01549	0.00774	0.00774	0.00774	0.00968	0.00774	0.00581	0.01936	0.01742	0.03097	0.02710	0.03097	0.02129	0.00968	0.00581	0.00194	0.00387	0.00774	0.75416	0.00774
17	0.01723	0.01477	0.01723	0.01230	0.01969	0.01107	0.00984	0.02092	0.01723	0.02707	0.01477	0.01723	0.01230	0.00615	0.00615	0.00123	0.00615	0.00492	0.00492	0.75883
18	0.01031	0.00843	0.00910	0.00893	0.01152	0.00722	0.00670	0.01287	0.02010	0.02520	0.22797	0.07542	0.50732	0.02001	0.00981	0.00276	0.00413	0.01690	0.00808	0.00722
19	0.01549	0.00774	0.00774	0.00774	0.00968	0.00774	0.00581	0.01936	0.01742	0.03097	0.02710	0.03097	0.02129	0.00968	0.00581	0.00194	0.00387	0.00774	0.75416	0.00774
20	0.01012	0.00723	0.00964	0.01157	0.01205	0.00675	0.00771	0.01157	0.01591	0.02121	0.04579	0.70262	0.05495	0.02603	0.01060	0.00337	0.00482	0.02362	0.00771	0.00675
21	0.02007	0.01951	0.03410	0.10441	0.55959	0.01972	0.06967	0.02521	0.01877	0.02659	0.01564	0.02083	0.01294	0.00745	0.00835	0.00252	0.01028	0.00758	0.00408	0.01268
22	0.02467	0.02899	0.02448	0.02160	0.02377	0.35336	0.01710	0.02665	0.01819	0.02016	0.01188	0.01656	0.01080	0.01152	0.01728	0.00288	0.35047	0.00630	0.00396	0.00936
23	0.03103	0.03959	0.02354	0.02140	0.02568	0.67469	0.01605	0.03317	0.02354	0.02033	0.01284	0.01498	0.01070	0.00856	0.00749	0.00214	0.01498	0.00535	0.00428	0.00963
24	0.02056	0.01974	0.03372	0.05099	0.65622	0.01974	0.02550	0.02550	0.01892	0.02714	0.01563	0.02056	0.01316	0.00740	0.00822	0.00247	0.00987	0.00740	0.00411	0.01316
25	0.01919	0.02775	0.24853	0.04092	0.41465	0.01965	0.05791	0.02583	0.01848	0.02683	0.01544	0.01963	0.01224	0.00755	0.00819	0.00254	0.01090	0.00710	0.00391	0.01276
26	0.01538	0.00953	0.01090	0.00994	0.01332	0.00813	0.00767	0.01797	0.02054	0.14702	0.15757	0.06739	0.44697	0.01838	0.00953	0.00273	0.00472	0.01540	0.00842	0.00850
27	0.01208	0.00805	0.00906	0.00906	0.00906	0.00805	0.00503	0.01208	0.01208	0.01611	0.02618	0.05436	0.03020	0.70804	0.04228	0.00805	0.00805	0.01208	0.00503	0.00503
28	0.01187	0.00890	0.01335	0.01335	0.01483	0.01038	0.01038	0.01483	0.01335	0.01928	0.02225	0.03264	0.02077	0.06231	0.67512	0.01335	0.02225	0.00890	0.00445	0.00742
29	0.01549	0.00774	0.00774	0.00774	0.00968	0.00774	0.00581	0.01936	0.01742	0.03097	0.02710	0.03097	0.02129	0.00968	0.00581	0.00194	0.00387	0.00774	0.75416	0.00774
30	0.03077	0.02287	0.02448	0.01895	0.02546	0.02539	0.01559	0.58533	0.08356	0.05105	0.02097	0.02076	0.01496	0.01007	0.00832	0.00252	0.00895	0.00762	0.00832	0.01406
31	0.01961	0.02241	0.04902	0.03501	0.04342	0.02101	0.62605	0.02661	0.01961	0.02661	0.01681	0.02241	0.01261	0.00700	0.00980	0.00280	0.01401	0.00980	0.00420	0.01120
32	0.01666	0.04297	0.66500	0.02368	0.03596	0.01929	0.03069	0.02631	0.01754	0.02631	0.01491	0.01754	0.01052	0.00789	0.00789	0.00263	0.01228	0.00614	0.00351	0.01228
33	0.01549	0.00774	0.00774	0.00774	0.00968	0.00774	0.00581	0.01936	0.01742	0.03097	0.02710	0.03097	0.02129	0.00968	0.00581	0.00194	0.00387	0.00774	0.75416	0.00774
34	0.01206	0.00814	0.00951	0.00951	0.00967	0.00830	0.00559	0.01237	0.01221	0.01644	0.02576	0.05209	0.02921	0.64034	0.10863	0.00861	0.00954	0.01175	0.00497	0.00528
35	0.01684	0.04193	0.63669	0.02490	0.06377	0.01931	0.03046	0.02627	0.01760	0.02635	0.01494	0.01767	0.01064	0.00787	0.00791	0.00262	0.01217	0.00620	0.00353	0.01232
36	0.02104	0.01984	0.03452	0.04263	0.43968	0.01980	0.14230	0.02838	0.08829	0.05289	0.01855	0.02239	0.01469	0.00787	0.00857	0.00258	0.01021	0.00813	0.00485	0.01281
37	0.03107	0.03860	0.02363	0.02126	0.02569	0.63509	0.01604	0.06951	0.02449	0.02229	0.01327	0.01528	0.01091	0.00865	0.00754	0.00216	0.01462	0.00548	0.00453	0.00991
38	0.01187	0.00890	0.01335	0.01335	0.01483	0.01038	0.01038	0.01483	0.01335	0.01928	0.02225	0.03264	0.02077	0.06231	0.67512	0.01335	0.02225	0.00890	0.00445	0.00742
39	0.02518	0.02484	0.02625	0.07842	0.21810	0.18698	0.01891	0.15648	0.12417	0.03149	0.01869	0.02081	0.01455	0.00892	0.00810	0.00247	0.01057	0.00722	0.00570	0.01218
40	0.06356	0.17725	0.49910	0.02098	0.03177	0.02201	0.02603	0.02590	0.01720	0.02561	0.01402	0.01644	0.01046	0.00772	0.00721	0.00245	0.01123	0.00569	0.00362	0.01175
41	0.01818	0.01818	0.02545	0.02181	0.02181	0.02545	0.01818	0.01999	0.01272	0.01999	0.01091	0.01818	0.01091	0.01454	0.02726	0.00364	0.69284	0.00727	0.00364	0.00909
42	0.02056	0.01974	0.03372	0.05099	0.65622	0.01974	0.02550	0.02550	0.01892	0.02714	0.01563	0.02056	0.01316	0.00740	0.00822	0.00247	0.00987	0.00740	0.00411	0.01316
43	0.02321	0.02477	0.03114	0.04350	0.49648	0.18566	0.02310	0.02744	0.02009	0.02542	0.01492	0.01915	0.01254	0.00770	0.00804	0.00238	0.01116	0.00688	0.00415	0.01227
44	0.00996	0.00839	0.00846	0.00846	0.01109	0.00708	0.00623	0.01193	0.01851	0.02205	0.08053	0.07835	0.61395	0.06396	0.01185	0.00313	0.00445	0.01719	0.00755	0.00689
45	0.01818	0.01818	0.02545	0.02181	0.02181	0.02545	0.01818	0.01999	0.01272	0.01999	0.01091	0.01818	0.01091	0.01454	0.02726	0.00364	0.69284	0.00727	0.00364	0.00909
46	0.01187	0.00890	0.01335	0.01335	0.01483	0.01038	0.01038	0.01483	0.01335	0.01928	0.02225	0.03264	0.02077	0.06231	0.67512	0.01335	0.02225	0.00890	0.00445	0.00742
47	0.01169	0.00789	0.00918	0.00956	0.00965	0.00780	0.00556	0.01198	0.01284	0.01712	0.03005	0.18249	0.03509	0.57325	0.03602	0.00713	0.00741	0.01436	0.00556	0.00537
48	0.01060	0.00867	0.00951	0.00993	0.01253	0.00757	0.00786	0.01308	0.01898	0.02297	0.07535	0.08297	0.52015	0.02146	0.01018	0.00303	0.00496	0.14535	0.00770	0.00715
49	0.02237	0.02340	0.03124	0.07895	0.49982	0.14912	0.02350	0.02679	0.01971	0.02548	0.01503	0.01954	0.01256	0.00768	0.00808	0.00242	0.01094	0.00700	0.00412	0.01225
50	0.01099	0.00847	0.01025	0.01133	0.01327	0.00773	0.00884	0.01346	0.01823	0.02287	0.06209	0.24192	0.31537	0.02289	0.01053	0.00326	0.00542	0.19824	0.00769	0.00714
51	0.01393	0.01158	0.01259	0.01195	0.01516	0.01177	0.00921	0.02348	0.22349	0.02874	0.17783	0.06110	0.30309	0.01714	0.00945	0.00282	0.00510	0.04412	0.00824	0.00922
52	0.03139	0.02893	0.02445	0.01991	0.02573	0.25077	0.01588	0.42209	0.03368	0.04125	0.01748	0.01822	0.01294	0.00948	0.00803	0.00237	0.01117	0.00674	0.00691	0.01257
53	0.02827	0.02674	0.02449	0.15205	0.03195	0.22926	0.01731	0.32048	0.02972	0.03609	0.01668	0.01881	0.01244	0.00920	0.00805	0.00244	0.01137	0.00679	0.00612	0.01174
54	0.01807	0.21272	0.50756	0.02128	0.03225	0.02273	0.02652	0.02595	0.01737	0.02460	0.01406	0.01647	0.01056	0.00769	0.00724	0.00241	0.01142	0.00571	0.00352	0.01187
55	0.01803	0.18009	0.49089	0.02256	0.03348	0.02223	0.07129	0.02603	0.01756	0.02493	0.01435	0.01703	0.01071	0.00766	0.00750	0.00247	0.01170	0.00606	0.00357	0.01186
56	0.01297	0.01557	0.14084	0.01539	0.01918	0.01063	0.01484	0.01727	0.01817	0.02415	0.04355	0.19405	0.11654	0.02033	0.01039	0.00338	0.00759	0.30000	0.00685	0.00831
57	0.02024	0.02197	0.02679	0.02252	0.02459	0.15162	0.09412	0.02290	0.01580	0.02083	0.01323	0.01960	0.01211	0.01741	0.08906	0.00425	0.40237	0.00738	0.00392	0.00929

[dist]
# distance from previous block
# <min> <max>
9	14

[block]
# block no. 1 follows, 22 sequences, length 15
# corresponding to MSA columns:
# 72-86
name=unknown_B
#
# <colnr> <probs for GDERKNQSTAVLIFYWHMCP>
#	G	D	E	R	K	N	Q	S	T	A	V	L	I	F	Y	W	H	M	C	P
0	0.02002	0.06543	0.20270	0.01864	0.05070	0.10071	0.01752	0.09050	0.02275	0.06307	0.19568	0.03327	0.06145	0.01142	0.00840	0.00250	0.00900	0.00927	0.00628	0.01070
1	0.02362	0.08988	0.02921	0.15869	0.25215	0.26063	0.02053	0.02743	0.01998	0.02282	0.01407	0.01815	0.01163	0.00797	0.00770	0.00234	0.01188	0.00637	0.00404	0.01088
2	0.09050	0.20658	0.02732	0.01878	0.09034	0.02145	0.01427	0.02266	0.01616	0.02464	0.01294	0.01636	0.01137	0.00830	0.01010	0.00210	0.13875	0.00547	0.00423	0.25767
3	0.02809	0.18914	0.02897	0.02251	0.08274	0.47014	0.01651	0.03060	0.02162	0.02078	0.01281	0.01512	0.01092	0.00813	0.00707	0.00209	0.01314	0.00534	0.00410	0.01019
4	0.01026	0.00733	0.00976	0.01148	0.01208	0.00684	0.00772	0.01191	0.01653	0.02221	0.09592	0.64964	0.05688	0.02528	0.01054	0.00331	0.00475	0.02291	0.00783	0.00684
5	0.02065	0.01679	0.01906	0.01393	0.02114	0.01458	0.01126	0.16574	0.02243	0.03310	0.01600	0.01787	0.01274	0.00706	0.00667	0.00153	0.00686	0.00553	0.00573	0.58133
6	0.01130	0.00847	0.01048	0.00998	0.01213	0.00765	0.00748	0.01480	0.02245	0.03077	0.51926	0.06623	0.21255	0.01793	0.00980	0.00266	0.00399	0.01561	0.00881	0.00765
7	0.01001	0.00842	0.00869	0.00862	0.01134	0.00710	0.00647	0.01230	0.01940	0.02353	0.14121	0.07815	0.59512	0.02063	0.00982	0.00279	0.00418	0.01728	0.00786	0.00710
8	0.01025	0.00843	0.00902	0.00887	0.01149	0.00720	0.00665	0.01277	0.01996	0.02489	0.21176	0.07593	0.52372	0.02013	0.00981	0.00276	0.00414	0.01697	0.00804	0.00720
9	0.01012	0.00723	0.00964	0.01157	0.01205	0.00675	0.00771	0.01157	0.01591	0.02121	0.04579	0.70262	0.05495	0.02603	0.01060	0.00337	0.00482	0.02362	0.00771	0.00675
10	0.16626	0.18485	0.06149	0.01553	0.02169	0.02281	0.01380	0.09312	0.21708	0.09252	0.02166	0.02129	0.01628	0.00918	0.00702	0.00246	0.00773	0.00680	0.00652	0.01190
11	0.09268	0.31752	0.13832	0.01784	0.02471	0.23805	0.01709	0.02777	0.01891	0.02257	0.01253	0.01459	0.01050	0.00777	0.00645	0.00211	0.01121	0.00503	0.00393	0.01044
12	0.01922	0.15970	0.48570	0.02177	0.03227	0.09389	0.02620	0.02681	0.01809	0.02447	0.01409	0.01652	0.01057	0.00783	0.00740	0.00243	0.01198	0.00576	0.00360	0.01170
13	0.01977	0.02162	0.02181	0.10957	0.10391	0.20206	0.01630	0.02262	0.01853	0.02172	0.03000	0.03282	0.16416	0.01270	0.01269	0.00276	0.16363	0.00921	0.00486	0.00927
14	0.43765	0.02474	0.23375	0.01544	0.02294	0.01801	0.01648	0.02559	0.01625	0.06887	0.04230	0.01786	0.01325	0.00833	0.00646	0.00259	0.00833	0.00574	0.00506	0.01035

[dist]
# distance from previous block
# <min> <max>
38	144

[block]
# block no. 2 follows, 22 sequences, length 9
# corresponding to MSA columns:
# 239-247
name=unknown_C
#
# <colnr> <probs for GDERKNQSTAVLIFYWHMCP>
#	G	D	E	R	K	N	Q	S	T	A	V	L	I	F	Y	W	H	M	C	P
0	0.02118	0.10347	0.16546	0.01823	0.02391	0.19350	0.01707	0.08503	0.01991	0.02430	0.01692	0.02243	0.01457	0.06203	0.17082	0.00530	0.01448	0.00689	0.00452	0.00998
1	0.02876	0.03351	0.02259	0.02023	0.02478	0.47974	0.01539	0.08082	0.16231	0.02598	0.01805	0.01893	0.01423	0.00927	0.00777	0.00232	0.01267	0.00641	0.00552	0.01076
2	0.02206	0.02284	0.02277	0.02686	0.21035	0.21325	0.01668	0.08846	0.02247	0.02664	0.03143	0.03774	0.14040	0.01224	0.00865	0.00257	0.01000	0.06847	0.00567	0.01045
3	0.01706	0.02900	0.33171	0.13569	0.21155	0.01824	0.02611	0.02405	0.01764	0.02531	0.01766	0.07609	0.01505	0.00933	0.00828	0.00267	0.01079	0.00814	0.00406	0.01158
4	0.18262	0.12330	0.01982	0.05486	0.07135	0.01680	0.01214	0.01954	0.01461	0.02378	0.01758	0.02589	0.01630	0.09872	0.26175	0.00706	0.01350	0.00732	0.00445	0.00863
5	0.09611	0.02123	0.01886	0.01871	0.06789	0.21314	0.01339	0.04756	0.04481	0.02502	0.01842	0.04799	0.01631	0.02323	0.18060	0.00518	0.03961	0.00743	0.03596	0.05853
6	0.01919	0.01917	0.03465	0.04268	0.44269	0.01869	0.16549	0.02432	0.01908	0.02652	0.02319	0.02731	0.08106	0.00876	0.00877	0.00258	0.01025	0.00905	0.00452	0.01204
7	0.02938	0.03122	0.02267	0.01983	0.02407	0.43042	0.01534	0.09454	0.02383	0.09526	0.01911	0.02051	0.04369	0.01015	0.00989	0.00242	0.08504	0.00671	0.00548	0.01042
8	0.19997	0.01730	0.01805	0.01514	0.02041	0.01900	0.01218	0.16677	0.21637	0.13275	0.07674	0.02660	0.02271	0.01047	0.00774	0.00263	0.00696	0.00813	0.00797	0.01210

[dist]
# distance from previous block
# <min> <max>
0	3

[block]
# block no. 3 follows, 22 sequences, length 19
# corresponding to MSA columns:
# 251-269
name=unknown_D
#
# <colnr> <probs for GDERKNQSTAVLIFYWHMCP>
#	G	D	E	R	K	N	Q	S	T	A	V	L	I	F	Y	W	H	M	C	P
0	0.01929	0.01625	0.02251	0.02826	0.25230	0.01701	0.01703	0.03012	0.23402	0.05797	0.03327	0.04103	0.08172	0.01247	0.00895	0.00283	0.00775	0.09866	0.00676	0.01180
1	0.01196	0.00800	0.00910	0.00922	0.00925	0.00797	0.00520	0.01205	0.01232	0.01643	0.02740	0.09494	0.03175	0.66535	0.04030	0.00776	0.00785	0.01280	0.00520	0.00514
2	0.07365	0.04093	0.61540	0.02271	0.03444	0.01924	0.02905	0.02617	0.01728	0.02714	0.01465	0.01723	0.01041	0.00788	0.00768	0.00263	0.01183	0.00601	0.00363	0.01203
3	0.02861	0.03400	0.02601	0.02821	0.17355	0.48364	0.01825	0.06574	0.02335	0.02378	0.01390	0.01658	0.01148	0.00837	0.00771	0.00224	0.01345	0.00595	0.00447	0.01072
4	0.01287	0.00970	0.01390	0.01670	0.07874	0.00987	0.01143	0.01550	0.01615	0.02181	0.03452	0.20584	0.03792	0.13768	0.14412	0.00609	0.01012	0.20320	0.00628	0.00754
5	0.01655	0.08567	0.02740	0.02050	0.02338	0.01982	0.13245	0.01988	0.01470	0.02097	0.01627	0.02380	0.01482	0.02982	0.25886	0.00684	0.24711	0.00807	0.00403	0.00904
6	0.01569	0.01477	0.02492	0.68808	0.05722	0.01846	0.02307	0.02123	0.01661	0.02123	0.01477	0.02215	0.01107	0.00831	0.00831	0.00277	0.01107	0.00738	0.00369	0.00923
7	0.02056	0.01974	0.03372	0.05099	0.65622	0.01974	0.02550	0.02550	0.01892	0.02714	0.01563	0.02056	0.01316	0.00740	0.00822	0.00247	0.00987	0.00740	0.00411	0.01316
8	0.02249	0.02374	0.03293	0.04411	0.48899	0.14518	0.06932	0.02705	0.01985	0.02580	0.01518	0.01963	0.01265	0.00759	0.00820	0.00243	0.01116	0.00719	0.00415	0.01234
9	0.03103	0.03959	0.02354	0.02140	0.02568	0.67469	0.01605	0.03317	0.02354	0.02033	0.01284	0.01498	0.01070	0.00856	0.00749	0.00214	0.01498	0.00535	0.00428	0.00963
10	0.01888	0.02014	0.01708	0.01630	0.01881	0.25359	0.01246	0.02155	0.01708	0.01967	0.01881	0.02617	0.01708	0.04263	0.43070	0.00925	0.01959	0.00760	0.00439	0.00823
11	0.02307	0.02641	0.02287	0.02439	0.12469	0.32650	0.01636	0.02548	0.01943	0.02154	0.01926	0.14805	0.01960	0.01277	0.01168	0.00269	0.13134	0.00952	0.00480	0.00956
12	0.02056	0.01974	0.03372	0.05099	0.65622	0.01974	0.02550	0.02550	0.01892	0.02714	0.01563	0.02056	0.01316	0.00740	0.00822	0.00247	0.00987	0.00740	0.00411	0.01316
13	0.01187	0.00890	0.01335	0.01335	0.01483	0.01038	0.01038	0.01483	0.01335	0.01928	0.02225	0.03264	0.02077	0.06231	0.67512	0.01335	0.02225	0.00890	0.00445	0.00742
14	0.02234	0.02333	0.03131	0.07690	0.50457	0.14630	0.02355	0.02677	0.01970	0.02553	0.01505	0.01956	0.01258	0.00767	0.00809	0.00242	0.01092	0.00700	0.00412	0.01228
15	0.02761	0.03178	0.02250	0.05685	0.02640	0.43543	0.01569	0.07038	0.17977	0.02590	0.01865	0.01971	0.01462	0.00931	0.00783	0.00237	0.01230	0.00661	0.00554	0.01076
16	0.08481	0.00918	0.00922	0.00899	0.01189	0.00829	0.00682	0.01375	0.01919	0.02563	0.16726	0.07055	0.49797	0.01908	0.00935	0.00275	0.00438	0.01585	0.00769	0.00734
17	0.06481	0.02090	0.02776	0.07016	0.32832	0.05049	0.02020	0.18812	0.08686	0.03456	0.01822	0.02090	0.01420	0.00859	0.00807	0.00252	0.00945	0.00737	0.00571	0.01282
18	0.02878	0.16570	0.02811	0.02155	0.06204	0.44921	0.01623	0.08988	0.02353	0.02374	0.01346	0.01548	0.01118	0.00835	0.00720	0.00212	0.01294	0.00551	0.00453	0.01048

[dist]
# distance from previous block
# <min> <max>
0	1

[block]
# block no. 4 follows, 22 sequences, length 8
# corresponding to MSA columns:
# 271-278
name=unknown_E
#
# <colnr> <probs for GDERKNQSTAVLIFYWHMCP>
#	G	D	E	R	K	N	Q	S	T	A	V	L	I	F	Y	W	H	M	C	P
0	0.04934	0.25075	0.10435	0.01746	0.02215	0.08507	0.01632	0.02280	0.01586	0.02119	0.01393	0.01873	0.01254	0.01944	0.13677	0.00455	0.16893	0.00622	0.00387	0.00972
1	0.01203	0.00934	0.01358	0.01370	0.01482	0.01089	0.01047	0.01455	0.01388	0.01979	0.02663	0.18481	0.02772	0.04974	0.46522	0.01020	0.07797	0.01213	0.00512	0.00741
2	0.01273	0.00918	0.01150	0.01249	0.01372	0.00906	0.00870	0.08669	0.01872	0.02500	0.04264	0.61949	0.04997	0.02407	0.01032	0.00327	0.00535	0.02165	0.00778	0.00765
3	0.01781	0.01656	0.01419	0.01358	0.01535	0.16223	0.00940	0.07485	0.01814	0.02175	0.02668	0.18384	0.02925	0.30332	0.05235	0.00538	0.00966	0.01250	0.00573	0.00742
4	0.02536	0.47224	0.03638	0.01678	0.02288	0.26236	0.01487	0.02784	0.01926	0.01983	0.01201	0.01392	0.01068	0.00763	0.00610	0.00191	0.01106	0.00477	0.00381	0.01029
5	0.02169	0.42252	0.12711	0.01648	0.02379	0.02784	0.01648	0.06891	0.15136	0.02592	0.01733	0.01813	0.01400	0.00830	0.00656	0.00217	0.00890	0.00594	0.00490	0.01165
6	0.02730	0.08851	0.02527	0.02232	0.10657	0.17064	0.01614	0.18809	0.05967	0.10899	0.02182	0.02767	0.01784	0.01052	0.00818	0.00251	0.01000	0.06948	0.00657	0.01191
7	0.02681	0.06285	0.08595	0.01870	0.02455	0.25021	0.01596	0.19146	0.07810	0.06592	0.02444	0.02466	0.07371	0.01030	0.00799	0.00241	0.01069	0.00760	0.00625	0.01145

[dist]
# distance from previous block
# <min> <max>
3	14

[block]
# block no. 5 follows, 22 sequences, length 12
# corresponding to MSA columns:
# 293-304
name=unknown_F
#
# <colnr> <probs for GDERKNQSTAVLIFYWHMCP>
#	G	D	E	R	K	N	Q	S	T	A	V	L	I	F	Y	W	H	M	C	P
0	0.02996	0.13186	0.02705	0.01941	0.02507	0.31388	0.01567	0.27644	0.02894	0.03337	0.01557	0.01678	0.01210	0.00893	0.00751	0.00223	0.01169	0.00609	0.00583	0.01163
1	0.02101	0.13795	0.06481	0.07800	0.44712	0.06189	0.02314	0.02566	0.01866	0.02507	0.01469	0.01895	0.01234	0.00750	0.00768	0.00236	0.01020	0.00672	0.00398	0.01226
2	0.02811	0.07820	0.02405	0.02061	0.05505	0.35627	0.01536	0.06437	0.16490	0.08320	0.01982	0.02024	0.01523	0.00924	0.00771	0.00234	0.01138	0.00669	0.00591	0.01131
3	0.02512	0.03101	0.06381	0.02748	0.17419	0.39103	0.01843	0.02849	0.02072	0.02217	0.01488	0.01881	0.01261	0.01540	0.09662	0.00374	0.01457	0.00636	0.00422	0.01033
4	0.01921	0.01422	0.01588	0.01381	0.01720	0.01475	0.01029	0.23261	0.04967	0.03214	0.03047	0.19787	0.05375	0.17940	0.01681	0.00395	0.00728	0.01279	0.00709	0.07082
5	0.01957	0.01871	0.02174	0.02218	0.10456	0.11476	0.01569	0.07577	0.01792	0.02423	0.01682	0.02313	0.01492	0.02633	0.21257	0.00598	0.20664	0.00753	0.04137	0.00960
6	0.02318	0.02193	0.03148	0.04346	0.50352	0.07433	0.02317	0.12280	0.02252	0.03063	0.01609	0.02001	0.01311	0.00791	0.00818	0.00244	0.01017	0.00725	0.00480	0.01303
7	0.26659	0.01910	0.06418	0.02243	0.17216	0.07052	0.01474	0.02252	0.01631	0.02755	0.02072	0.02708	0.06417	0.11201	0.01316	0.00339	0.04132	0.00766	0.00482	0.00955
8	0.02475	0.02774	0.01935	0.01732	0.02099	0.38295	0.01273	0.06040	0.06487	0.02263	0.01802	0.02589	0.01667	0.17429	0.01574	0.00354	0.01173	0.00731	0.00502	0.06804
9	0.01746	0.01367	0.01717	0.04776	0.01915	0.01575	0.01215	0.16341	0.02010	0.02754	0.02606	0.20237	0.02720	0.12285	0.11026	0.00525	0.12435	0.01246	0.00614	0.00889
10	0.01851	0.01691	0.02775	0.04084	0.49948	0.01691	0.02054	0.02225	0.01726	0.02447	0.01818	0.02875	0.01729	0.17710	0.01647	0.00382	0.00943	0.00854	0.00434	0.01119
11	0.02104	0.02190	0.02230	0.17969	0.12603	0.20773	0.01701	0.07153	0.02205	0.02636	0.12256	0.03078	0.07487	0.01081	0.00842	0.00250	0.01017	0.00886	0.00549	0.00993

[dist]
# distance from previous block
# <min> <max>
0	2

[block]
# block no. 6 follows, 22 sequences, length 33
# corresponding to MSA columns:
# 307-339
name=unknown_G
#
# <colnr> <probs for GDERKNQSTAVLIFYWHMCP>
#	G	D	E	R	K	N	Q	S	T	A	V	L	I	F	Y	W	H	M	C	P
0	0.01304	0.01051	0.01383	0.01640	0.10234	0.00995	0.01041	0.04714	0.02003	0.02646	0.16548	0.23552	0.23724	0.01923	0.00979	0.00290	0.00550	0.03838	0.00751	0.00835
1	0.02855	0.02198	0.02265	0.01798	0.02380	0.05737	0.01459	0.51135	0.03522	0.04642	0.02565	0.07418	0.05844	0.01181	0.00854	0.00256	0.00881	0.00922	0.00801	0.01288
2	0.02387	0.01922	0.02101	0.05881	0.02450	0.04732	0.01451	0.29027	0.19900	0.03807	0.02361	0.02531	0.01815	0.01996	0.13305	0.00462	0.01124	0.00818	0.00718	0.01212
3	0.01209	0.00883	0.01300	0.01300	0.01452	0.01022	0.01010	0.01511	0.01360	0.02001	0.02255	0.03253	0.02080	0.05906	0.63381	0.01265	0.02112	0.00883	0.05073	0.00744
4	0.01122	0.00863	0.01049	0.01144	0.01351	0.00790	0.00909	0.01391	0.01876	0.02368	0.09496	0.18441	0.31386	0.02229	0.01052	0.00324	0.00549	0.22159	0.00777	0.00724
5	0.02644	0.02633	0.02377	0.02022	0.02414	0.22869	0.01612	0.20374	0.11114	0.03152	0.01732	0.01947	0.01378	0.01089	0.01295	0.00272	0.18659	0.00702	0.00586	0.01128
6	0.02149	0.02175	0.02286	0.10686	0.14713	0.17816	0.01706	0.06042	0.14529	0.02614	0.01998	0.02373	0.01624	0.01898	0.13286	0.00453	0.01288	0.00758	0.00526	0.01079
7	0.01038	0.00819	0.00943	0.01016	0.01215	0.00724	0.00754	0.01256	0.01829	0.02286	0.09587	0.26336	0.38596	0.02251	0.01022	0.00307	0.00474	0.08065	0.00778	0.00704
8	0.02054	0.01442	0.01562	0.01332	0.01746	0.01515	0.01054	0.20257	0.12104	0.06682	0.11439	0.04082	0.14795	0.01312	0.00834	0.00252	0.00607	0.01072	0.14794	0.01064
9	0.25852	0.05910	0.02171	0.01672	0.02252	0.13518	0.01365	0.30863	0.02755	0.04052	0.01571	0.01676	0.01178	0.00888	0.00704	0.00242	0.00929	0.00604	0.00640	0.01159
10	0.01187	0.00890	0.01335	0.01335	0.01483	0.01038	0.01038	0.01483	0.01335	0.01928	0.02225	0.03264	0.02077	0.06231	0.67512	0.01335	0.02225	0.00890	0.00445	0.00742
11	0.01008	0.00779	0.00921	0.01019	0.01172	0.00692	0.00713	0.01194	0.01759	0.02238	0.09491	0.40774	0.30578	0.02345	0.01023	0.00309	0.00452	0.02061	0.00779	0.00692
12	0.01465	0.00996	0.01116	0.01044	0.01143	0.01034	0.00666	0.08872	0.01575	0.02150	0.02526	0.04787	0.02731	0.55513	0.06660	0.00731	0.00866	0.01114	0.04371	0.00641
13	0.02732	0.01920	0.02075	0.01644	0.02170	0.02105	0.01333	0.47007	0.03287	0.04535	0.02067	0.02229	0.01537	0.01160	0.01003	0.06943	0.00807	0.00750	0.13482	0.01211
14	0.02682	0.03109	0.02142	0.01937	0.02328	0.46024	0.01476	0.09016	0.02286	0.02338	0.01566	0.01942	0.01329	0.02067	0.15620	0.00467	0.01600	0.00636	0.00473	0.00960
15	0.02056	0.01974	0.03372	0.05099	0.65622	0.01974	0.02550	0.02550	0.01892	0.02714	0.01563	0.02056	0.01316	0.00740	0.00822	0.00247	0.00987	0.00740	0.00411	0.01316
16	0.01187	0.00890	0.01335	0.01335	0.01483	0.01038	0.01038	0.01483	0.01335	0.01928	0.02225	0.03264	0.02077	0.06231	0.67512	0.01335	0.02225	0.00890	0.00445	0.00742
17	0.02813	0.03476	0.02397	0.02149	0.02481	0.52821	0.01653	0.03020	0.02110	0.02026	0.01240	0.01570	0.01075	0.00991	0.01195	0.00248	0.16791	0.00578	0.00413	0.00951
18	0.01230	0.00899	0.01198	0.01342	0.01526	0.00867	0.01115	0.01556	0.01902	0.02472	0.10044	0.17382	0.13567	0.02261	0.01098	0.00352	0.00647	0.39017	0.00779	0.00745
19	0.01010	0.00826	0.00895	0.00943	0.01175	0.00712	0.00701	0.01218	0.01838	0.02236	0.07450	0.19728	0.50366	0.02209	0.01007	0.00297	0.00453	0.05464	0.00771	0.00700
20	0.01012	0.00723	0.00964	0.01157	0.01205	0.00675	0.00771	0.01157	0.01591	0.02121	0.04579	0.70262	0.05495	0.02603	0.01060	0.00337	0.00482	0.02362	0.00771	0.00675
21	0.01723	0.01477	0.01723	0.01230	0.01969	0.01107	0.00984	0.02092	0.01723	0.02707	0.01477	0.01723	0.01230	0.00615	0.00615	0.00123	0.00615	0.00492	0.00492	0.75883
22	0.01214	0.00881	0.01294	0.01294	0.01445	0.01019	0.01004	0.01517	0.01365	0.02015	0.02261	0.03251	0.02081	0.05840	0.62551	0.01251	0.02089	0.00881	0.06002	0.00744
23	0.01218	0.00937	0.01396	0.01378	0.01518	0.01114	0.01077	0.01509	0.01332	0.01932	0.02168	0.03191	0.02027	0.05991	0.64263	0.01286	0.05588	0.00882	0.00441	0.00750
24	0.02447	0.20876	0.03680	0.02371	0.03010	0.25998	0.21379	0.02945	0.05311	0.02293	0.01490	0.01781	0.01208	0.00782	0.00773	0.00230	0.01263	0.00677	0.00429	0.01060
25	0.02221	0.71304	0.04353	0.01421	0.02132	0.03287	0.01421	0.02488	0.01688	0.01955	0.01155	0.01333	0.01066	0.00711	0.00533	0.00178	0.00888	0.00444	0.00355	0.01066
26	0.01219	0.00903	0.01171	0.01254	0.01466	0.00856	0.01040	0.01566	0.02023	0.02654	0.21146	0.08246	0.18703	0.02098	0.01068	0.00329	0.00593	0.32104	0.00805	0.00756
27	0.02604	0.11781	0.03081	0.02036	0.02750	0.02379	0.12602	0.34804	0.02931	0.03949	0.01747	0.01909	0.01311	0.00849	0.00786	0.00227	0.00957	0.00712	0.00642	0.11947
28	0.01711	0.01619	0.01453	0.01381	0.01626	0.15735	0.01022	0.06396	0.02276	0.02878	0.31003	0.20987	0.05265	0.01687	0.00938	0.00269	0.00700	0.01448	0.00764	0.00843
29	0.02262	0.02304	0.02742	0.03539	0.35029	0.14686	0.02009	0.03238	0.20005	0.02803	0.02035	0.02250	0.01622	0.00875	0.00815	0.00251	0.00991	0.00758	0.00540	0.01247
30	0.01857	0.17212	0.02185	0.01464	0.01821	0.13963	0.01176	0.02101	0.01733	0.02174	0.02268	0.18564	0.02347	0.01822	0.07727	0.00350	0.05415	0.01022	0.06058	0.08741
31	0.06951	0.54244	0.15775	0.01577	0.02372	0.02941	0.01696	0.02511	0.01683	0.02196	0.01218	0.01413	0.01053	0.00729	0.00580	0.00199	0.00936	0.00476	0.00365	0.01086
32	0.02056	0.01974	0.03372	0.05099	0.65622	0.01974	0.02550	0.02550	0.01892	0.02714	0.01563	0.02056	0.01316	0.00740	0.00822	0.00247	0.00987	0.00740	0.00411	0.01316

[dist]
# distance from previous block
# <min> <max>
5	8

[block]
# block no. 7 follows, 22 sequences, length 65
# corresponding to MSA columns:
# 349-413
name=unknown_H
#
# <colnr> <probs for GDERKNQSTAVLIFYWHMCP>
#	G	D	E	R	K	N	Q	S	T	A	V	L	I	F	Y	W	H	M	C	P
0	0.04645	0.01729	0.01587	0.01402	0.01740	0.13076	0.01047	0.12477	0.02225	0.10656	0.08068	0.10208	0.09636	0.15979	0.01571	0.00374	0.00824	0.01131	0.00699	0.00926
1	0.02049	0.01994	0.03487	0.04979	0.61006	0.01983	0.07074	0.02558	0.01897	0.02710	0.01572	0.02070	0.01312	0.00737	0.00834	0.00249	0.01018	0.00758	0.00412	0.01301
2	0.18127	0.01041	0.01025	0.01035	0.01326	0.01037	0.00785	0.01650	0.04844	0.02624	0.05553	0.19403	0.32542	0.01867	0.00893	0.00291	0.00510	0.03955	0.00717	0.00774
3	0.01961	0.01876	0.03200	0.17582	0.53886	0.01949	0.02502	0.02466	0.01846	0.02598	0.01546	0.02087	0.01275	0.00758	0.00824	0.00253	0.01011	0.00740	0.00403	0.01239
4	0.02698	0.03177	0.02179	0.01973	0.02385	0.45274	0.01499	0.03458	0.17878	0.02460	0.05011	0.02149	0.01780	0.00988	0.00857	0.00239	0.03706	0.00692	0.00555	0.01041
5	0.02056	0.01974	0.03372	0.05099	0.65622	0.01974	0.02550	0.02550	0.01892	0.02714	0.01563	0.02056	0.01316	0.00740	0.00822	0.00247	0.00987	0.00740	0.00411	0.01316
6	0.01010	0.00732	0.00954	0.01132	0.01198	0.00677	0.00760	0.01160	0.01614	0.02130	0.04882	0.65346	0.10215	0.02563	0.01054	0.00333	0.00477	0.02314	0.00771	0.00677
7	0.02777	0.02138	0.02279	0.01834	0.02431	0.02398	0.01487	0.42482	0.24896	0.04622	0.02478	0.02380	0.01804	0.01043	0.00836	0.00261	0.00825	0.00815	0.00836	0.01379
8	0.02003	0.31821	0.36116	0.01962	0.02917	0.07425	0.02282	0.02624	0.01772	0.02308	0.01337	0.01561	0.01059	0.00762	0.00681	0.00224	0.01109	0.00538	0.00358	0.01141
9	0.02073	0.02133	0.03342	0.04024	0.38472	0.07176	0.11077	0.02509	0.01807	0.02503	0.01459	0.01990	0.01241	0.00893	0.01240	0.00274	0.15450	0.00757	0.00404	0.01175
10	0.02032	0.02040	0.03751	0.04703	0.50426	0.02005	0.17442	0.02577	0.01909	0.02701	0.01592	0.02102	0.01302	0.00730	0.00862	0.00255	0.01089	0.00800	0.00413	0.01267
11	0.01044	0.00862	0.00928	0.00962	0.01226	0.00746	0.00754	0.01284	0.01897	0.02286	0.07716	0.08235	0.54741	0.02137	0.01011	0.00298	0.00481	0.11909	0.00770	0.00712
12	0.01505	0.01430	0.01948	0.01726	0.02071	0.07416	0.12681	0.01879	0.01995	0.02512	0.12573	0.11123	0.16676	0.01760	0.01015	0.00306	0.00813	0.19048	0.00690	0.00834
13	0.01688	0.04142	0.61860	0.02453	0.03652	0.01942	0.07554	0.02633	0.01770	0.02633	0.01505	0.01791	0.01068	0.00783	0.00804	0.00264	0.01241	0.00641	0.00356	0.01220
14	0.01004	0.00755	0.00931	0.01073	0.01183	0.00682	0.00734	0.01166	0.01671	0.02154	0.05603	0.53647	0.21449	0.02470	0.01039	0.00322	0.00466	0.02199	0.00771	0.00682
15	0.02051	0.01988	0.03451	0.05016	0.62450	0.01980	0.05659	0.02555	0.01895	0.02711	0.01569	0.02066	0.01313	0.00738	0.00831	0.00248	0.01008	0.00753	0.00412	0.01306
16	0.02010	0.01926	0.03288	0.11172	0.59912	0.01962	0.02526	0.02509	0.01870	0.02658	0.01554	0.02071	0.01296	0.00749	0.00823	0.00250	0.00998	0.00740	0.00407	0.01278
17	0.01988	0.02164	0.04462	0.03961	0.21967	0.02064	0.45332	0.02629	0.01941	0.02676	0.01647	0.02188	0.01276	0.00712	0.00935	0.00271	0.01282	0.00911	0.00418	0.01177
18	0.01025	0.00781	0.00908	0.00999	0.01134	0.00702	0.00682	0.01177	0.01664	0.02106	0.05865	0.37263	0.29059	0.10963	0.01427	0.00373	0.00498	0.01974	0.00738	0.00664
19	0.01822	0.01735	0.02949	0.35735	0.36817	0.01912	0.02433	0.02344	0.01781	0.02430	0.01521	0.02132	0.01216	0.00784	0.00826	0.00261	0.01045	0.00739	0.00391	0.01127
20	0.01644	0.01538	0.01824	0.07355	0.14056	0.06359	0.01414	0.02374	0.14104	0.02576	0.04592	0.05124	0.24109	0.01482	0.00914	0.00281	0.00749	0.07864	0.00659	0.00982
21	0.02046	0.02002	0.03532	0.04931	0.59194	0.01987	0.08850	0.02561	0.01899	0.02708	0.01575	0.02075	0.01310	0.00736	0.00839	0.00250	0.01030	0.00765	0.00412	0.01295
22	0.02087	0.02075	0.03209	0.11124	0.54998	0.06895	0.02455	0.02566	0.01904	0.02605	0.01533	0.02030	0.01277	0.00758	0.00818	0.00247	0.01037	0.00725	0.00408	0.01251
23	0.01205	0.00953	0.01029	0.00979	0.01213	0.00887	0.00691	0.01579	0.07496	0.02305	0.11331	0.06305	0.32762	0.21570	0.01879	0.00421	0.00560	0.01431	0.00700	0.04704
24	0.01166	0.00802	0.00967	0.00984	0.01040	0.00778	0.00619	0.01288	0.01556	0.02123	0.18399	0.16818	0.04637	0.41973	0.02880	0.00590	0.00648	0.01480	0.00651	0.00602
25	0.01970	0.02137	0.04387	0.06634	0.21022	0.02056	0.43822	0.02609	0.01930	0.02653	0.01640	0.02190	0.01269	0.00716	0.00931	0.00271	0.01276	0.00905	0.00416	0.01165
26	0.01004	0.00755	0.00931	0.01071	0.01182	0.00682	0.00733	0.01166	0.01673	0.02154	0.05620	0.53371	0.21714	0.02467	0.01039	0.00322	0.00465	0.02197	0.00771	0.00682
27	0.01723	0.01395	0.01473	0.01346	0.01749	0.01486	0.01041	0.03127	0.36522	0.06137	0.05358	0.05013	0.27218	0.01507	0.00899	0.00280	0.00567	0.01255	0.00825	0.01078
28	0.01062	0.00827	0.00970	0.01009	0.01213	0.00735	0.00751	0.01315	0.01942	0.02499	0.20992	0.20762	0.34303	0.02125	0.01010	0.00296	0.00453	0.06211	0.00805	0.00720
29	0.01012	0.00723	0.00964	0.01157	0.01205	0.00675	0.00771	0.01157	0.01591	0.02121	0.04579	0.70262	0.05495	0.02603	0.01060	0.00337	0.00482	0.02362	0.00771	0.00675
30	0.01061	0.00744	0.00949	0.01094	0.01130	0.00707	0.00704	0.01170	0.01495	0.01993	0.04087	0.54018	0.04874	0.19693	0.01854	0.00455	0.00563	0.02073	0.00704	0.00632
31	0.01092	0.00830	0.01011	0.01047	0.01239	0.00750	0.00783	0.01370	0.01996	0.02632	0.27632	0.20578	0.26293	0.02081	0.01013	0.00295	0.00456	0.07346	0.00822	0.00731
32	0.01032	0.00792	0.00946	0.01017	0.01181	0.00706	0.00721	0.01249	0.01850	0.02400	0.17661	0.34620	0.28352	0.02242	0.01015	0.00301	0.00442	0.01969	0.00799	0.00706
33	0.00982	0.00842	0.00842	0.00842	0.01122	0.00701	0.00631	0.01192	0.01894	0.02244	0.08416	0.07995	0.65285	0.02104	0.00982	0.00281	0.00421	0.01753	0.00771	0.00701
34	0.03158	0.02327	0.02493	0.01911	0.02576	0.02576	0.01579	0.62852	0.03906	0.05236	0.01995	0.01995	0.01413	0.00997	0.00831	0.00249	0.00914	0.00748	0.00831	0.01413
35	0.01239	0.00888	0.00983	0.00934	0.01226	0.00759	0.00709	0.01495	0.02026	0.07518	0.19731	0.07218	0.48433	0.01935	0.00970	0.00275	0.00437	0.01629	0.00821	0.00775
36	0.01029	0.00841	0.00895	0.00883	0.01134	0.00722	0.00654	0.01264	0.01947	0.02419	0.18867	0.07534	0.51450	0.05313	0.01137	0.00302	0.00434	0.01680	0.00786	0.00707
37	0.01152	0.00837	0.01085	0.01047	0.01233	0.00770	0.00776	0.01513	0.02260	0.03171	0.57061	0.12385	0.09989	0.01801	0.00988	0.00269	0.00402	0.01595	0.00895	0.00770
38	0.01187	0.00971	0.01006	0.00979	0.01228	0.00922	0.00704	0.01665	0.10820	0.02290	0.06462	0.06743	0.43044	0.16410	0.01645	0.00391	0.00536	0.01520	0.00726	0.00749
39	0.01004	0.00754	0.00932	0.01075	0.01183	0.00682	0.00735	0.01166	0.01669	0.02153	0.05578	0.54043	0.21068	0.02473	0.01040	0.00323	0.00466	0.02203	0.00771	0.00682
40	0.03331	0.02049	0.02321	0.01779	0.02438	0.02164	0.01470	0.44949	0.03441	0.23796	0.02385	0.02248	0.01609	0.01007	0.00832	0.00252	0.00851	0.00775	0.00891	0.01413
41	0.02066	0.01785	0.01878	0.01691	0.02160	0.02066	0.01315	0.04414	0.64121	0.03475	0.03381	0.03099	0.02536	0.01127	0.00845	0.00282	0.00657	0.00939	0.00845	0.01315
42	0.01412	0.00812	0.00956	0.00956	0.01121	0.00857	0.00715	0.01741	0.01576	0.02625	0.02555	0.03329	0.02182	0.07976	0.21319	0.00590	0.00981	0.00843	0.46711	0.00743
43	0.16990	0.00997	0.01064	0.01106	0.01359	0.00993	0.00858	0.01580	0.01780	0.02692	0.11671	0.20403	0.21681	0.01922	0.00929	0.00304	0.00537	0.11647	0.00732	0.00757
44	0.01208	0.00805	0.00906	0.00906	0.00906	0.00805	0.00503	0.01208	0.01208	0.01611	0.02618	0.05436	0.03020	0.70804	0.04228	0.00805	0.00805	0.01208	0.00503	0.00503
45	0.03158	0.02327	0.02493	0.01911	0.02576	0.02576	0.01579	0.62852	0.03906	0.05236	0.01995	0.01995	0.01413	0.00997	0.00831	0.00249	0.00914	0.00748	0.00831	0.01413
46	0.01169	0.00879	0.01255	0.01255	0.01404	0.00988	0.00958	0.01434	0.01379	0.01934	0.02846	0.03883	0.08175	0.10830	0.56278	0.01194	0.01943	0.00997	0.00481	0.00719
47	0.00982	0.00842	0.00842	0.00842	0.01122	0.00701	0.00631	0.01192	0.01894	0.02244	0.08416	0.07995	0.65285	0.02104	0.00982	0.00281	0.00421	0.01753	0.00771	0.00701
48	0.01012	0.00723	0.00964	0.01157	0.01205	0.00675	0.00771	0.01157	0.01591	0.02121	0.04579	0.70262	0.05495	0.02603	0.01060	0.00337	0.00482	0.02362	0.00771	0.00675
49	0.01666	0.04297	0.66500	0.02368	0.03596	0.01929	0.03069	0.02631	0.01754	0.02631	0.01491	0.01754	0.01052	0.00789	0.00789	0.00263	0.01228	0.00614	0.00351	0.01228
50	0.02033	0.01589	0.01691	0.01475	0.01933	0.01720	0.01160	0.13563	0.32670	0.06760	0.04574	0.04293	0.20240	0.01378	0.00881	0.00274	0.00637	0.01133	0.00831	0.01162
51	0.03158	0.02327	0.02493	0.01911	0.02576	0.02576	0.01579	0.62852	0.03906	0.05236	0.01995	0.01995	0.01413	0.00997	0.00831	0.00249	0.00914	0.00748	0.00831	0.01413
52	0.02059	0.02372	0.04477	0.03270	0.04006	0.08366	0.52091	0.02672	0.01945	0.02550	0.01597	0.02137	0.01229	0.00773	0.01093	0.00280	0.06658	0.00918	0.00417	0.01089
53	0.02056	0.01974	0.03372	0.05099	0.65622	0.01974	0.02550	0.02550	0.01892	0.02714	0.01563	0.02056	0.01316	0.00740	0.00822	0.00247	0.00987	0.00740	0.00411	0.01316
54	0.02572	0.02922	0.02654	0.03149	0.25395	0.34164	0.01906	0.03199	0.11190	0.02490	0.01691	0.01934	0.01373	0.00854	0.00790	0.00236	0.01190	0.00668	0.00483	0.01142
55	0.01067	0.00801	0.00973	0.01055	0.01203	0.00730	0.00754	0.01275	0.01789	0.02324	0.14411	0.32511	0.23668	0.07434	0.01270	0.00348	0.00497	0.06424	0.00771	0.00693
56	0.01675	0.02025	0.09705	0.02757	0.03420	0.01698	0.40157	0.02250	0.01841	0.02512	0.02449	0.20646	0.02389	0.01225	0.00984	0.00294	0.01135	0.01320	0.00509	0.01010
57	0.01387	0.01314	0.01419	0.01662	0.10724	0.07280	0.01078	0.01668	0.01974	0.02398	0.10772	0.06493	0.40065	0.01772	0.00951	0.00277	0.00634	0.06607	0.00697	0.00828
58	0.02866	0.03573	0.02244	0.02038	0.02425	0.58385	0.01536	0.03095	0.02308	0.02155	0.07367	0.01960	0.01716	0.00961	0.00854	0.00225	0.04240	0.00635	0.00472	0.00944
59	0.03037	0.02014	0.02305	0.01776	0.02392	0.02149	0.01465	0.39989	0.03173	0.17565	0.02145	0.02130	0.01506	0.01003	0.00958	0.00248	0.06128	0.00740	0.00804	0.08473
60	0.01724	0.03921	0.55748	0.02687	0.08462	0.01949	0.08704	0.02627	0.01784	0.02640	0.01514	0.01824	0.01093	0.00777	0.00810	0.00263	0.01226	0.00659	0.00362	0.01224
61	0.02485	0.02964	0.02353	0.02460	0.13095	0.41084	0.04040	0.02771	0.02188	0.02250	0.04591	0.02791	0.11338	0.01052	0.00815	0.00234	0.01203	0.00810	0.00495	0.00983
62	0.01515	0.01264	0.01896	0.15289	0.15743	0.01329	0.01508	0.06319	0.01902	0.02576	0.07927	0.32385	0.03634	0.01671	0.00942	0.00294	0.00736	0.01513	0.00633	0.00922
63	0.01298	0.01004	0.01321	0.01568	0.07478	0.00972	0.01025	0.06110	0.01873	0.02467	0.04710	0.43432	0.14583	0.02195	0.01014	0.00316	0.00576	0.06512	0.00741	0.00804
64	0.02714	0.03322	0.02115	0.01976	0.02359	0.53468	0.01512	0.02954	0.02260	0.02116	0.02147	0.03083	0.04983	0.01149	0.00824	0.00244	0.01326	0.10030	0.00499	0.00918

[dist]
# distance from previous block
# <min> <max>
3	5

[block]
# block no. 8 follows, 22 sequences, length 55
# corresponding to MSA columns:
# 419-473
name=unknown_I
#
# <colnr> <probs for GDERKNQSTAVLIFYWHMCP>
#	G	D	E	R	K	N	Q	S	T	A	V	L	I	F	Y	W	H	M	C	P
0	0.03230	0.03158	0.02281	0.02089	0.05287	0.45995	0.01540	0.03487	0.02340	0.20002	0.01854	0.01895	0.01357	0.00899	0.00777	0.00228	0.01254	0.00628	0.00595	0.01105
1	0.01981	0.01897	0.03236	0.14959	0.56351	0.01954	0.02512	0.02483	0.01856	0.02622	0.01549	0.02081	0.01284	0.00754	0.00824	0.00251	0.01006	0.00740	0.00405	0.01255
2	0.02874	0.21483	0.02874	0.01953	0.02455	0.50769	0.01557	0.03101	0.02181	0.02013	0.01250	0.01455	0.01069	0.00818	0.00693	0.00205	0.01339	0.00511	0.00409	0.00990
3	0.02428	0.01632	0.02411	0.01916	0.02434	0.01613	0.13713	0.18977	0.02482	0.18101	0.02977	0.21947	0.02711	0.01407	0.00929	0.00283	0.00840	0.01282	0.00776	0.01140
4	0.05979	0.24341	0.44164	0.02012	0.03045	0.02335	0.02453	0.02577	0.01715	0.02488	0.01371	0.01605	0.01048	0.00765	0.00697	0.00237	0.01093	0.00554	0.00361	0.01161
5	0.01043	0.00843	0.00937	0.00981	0.01217	0.00736	0.00749	0.01279	0.01887	0.02326	0.10865	0.15504	0.46824	0.02164	0.01013	0.00299	0.00471	0.09371	0.00779	0.00711
6	0.02035	0.01323	0.02126	0.01716	0.02157	0.01234	0.13544	0.02564	0.06168	0.19395	0.23777	0.13138	0.04326	0.01408	0.00945	0.00276	0.00709	0.01304	0.00819	0.01036
7	0.01770	0.11772	0.51069	0.02410	0.03526	0.02109	0.10846	0.02618	0.01774	0.02557	0.01477	0.01770	0.01082	0.00768	0.00785	0.00255	0.01212	0.00643	0.00361	0.01195
8	0.01021	0.00758	0.00956	0.01109	0.01211	0.00693	0.00768	0.01189	0.01667	0.02162	0.05353	0.54808	0.17662	0.02487	0.01048	0.00328	0.00482	0.04841	0.00771	0.00684
9	0.02056	0.01974	0.03372	0.05099	0.65622	0.01974	0.02550	0.02550	0.01892	0.02714	0.01563	0.02056	0.01316	0.00740	0.00822	0.00247	0.00987	0.00740	0.00411	0.01316
10	0.03014	0.02317	0.02783	0.02103	0.02789	0.02519	0.08929	0.55602	0.03672	0.04926	0.01957	0.02024	0.01394	0.00961	0.00849	0.00253	0.00973	0.00776	0.00782	0.01378
11	0.01187	0.00890	0.01335	0.01335	0.01483	0.01038	0.01038	0.01483	0.01335	0.01928	0.02225	0.03264	0.02077	0.06231	0.67512	0.01335	0.02225	0.00890	0.00445	0.00742
