[name]
unknown

[dist]
# distance from previous block
# <min> <max>
0	139

[block]
# block no. 0 follows, 22 sequences, length 16
# corresponding to MSA columns:
# 139-154
name=unknown_A
#
# <colnr> <probs for GDERKNQSTAVLIFYWHMCP>
#	G	D	E	R	K	N	Q	S	T	A	V	L	I	F	Y	W	H	M	C	P
0	0.01307	0.00920	0.01234	0.01379	0.01524	0.00920	0.01137	0.01597	0.01742	0.02275	0.03969	0.08421	0.04356	0.18836	0.01891	0.00485	0.00775	0.45828	0.00702	0.00702
1	0.02633	0.08398	0.18038	0.02331	0.06699	0.43312	0.02005	0.03049	0.02136	0.02215	0.01343	0.01583	0.01081	0.00823	0.00749	0.00225	0.01361	0.00561	0.00404	0.01056
2	0.01687	0.14055	0.17691	0.01624	0.02093	0.01882	0.01615	0.02104	0.01552	0.02317	0.01760	0.02441	0.01551	0.08178	0.06954	0.00397	0.15244	0.00720	0.15201	0.00933
3	0.01549	0.04935	0.01371	0.01227	0.01394	0.13634	0.00849	0.01676	0.01661	0.01966	0.05830	0.20395	0.09961	0.27461	0.02142	0.00471	0.00807	0.01388	0.00591	0.00693
4	0.01894	0.30602	0.20266	0.01679	0.02334	0.02374	0.01781	0.02358	0.01653	0.02342	0.01505	0.01824	0.01250	0.00888	0.00938	0.00231	0.11116	0.00589	0.13339	0.01036
5	0.01899	0.07767	0.32839	0.09460	0.18820	0.06225	0.06359	0.02598	0.01825	0.02521	0.01483	0.01858	0.01137	0.00775	0.00794	0.00253	0.01163	0.00663	0.00377	0.01185
6	0.02589	0.08231	0.18090	0.02451	0.09499	0.37288	0.02046	0.05873	0.02190	0.02399	0.01389	0.01632	0.01108	0.00825	0.00756	0.00229	0.01310	0.00580	0.00422	0.01093
7	0.01793	0.09668	0.30559	0.14116	0.04050	0.02099	0.20999	0.02538	0.01795	0.02487	0.01514	0.01942	0.01127	0.00762	0.00830	0.00262	0.01227	0.00731	0.00376	0.01127
8	0.01395	0.01377	0.07952	0.01756	0.06098	0.01082	0.07706	0.01763	0.01874	0.05304	0.16186	0.31774	0.08730	0.01816	0.00978	0.00295	0.00673	0.01657	0.00709	0.00874
9	0.01974	0.01693	0.02414	0.02592	0.18135	0.01717	0.06954	0.12910	0.11084	0.03134	0.02616	0.14750	0.02457	0.01254	0.00883	0.00267	0.00822	0.04846	0.00642	0.08857
10	0.01284	0.00859	0.01184	0.01184	0.01344	0.00967	0.00915	0.01605	0.01445	0.02244	0.02356	0.03219	0.02091	0.04811	0.49454	0.01027	0.01729	0.00859	0.20672	0.00751
11	0.01264	0.00962	0.01204	0.01203	0.01386	0.00991	0.00881	0.01836	0.11120	0.02644	0.23157	0.21257	0.07626	0.07081	0.12996	0.00510	0.00807	0.01516	0.00752	0.00807
12	0.01854	0.02606	0.22665	0.14991	0.36428	0.01939	0.02669	0.02503	0.01810	0.02589	0.01526	0.01990	0.01200	0.00771	0.00814	0.00257	0.01081	0.00701	0.00386	0.01223
13	0.02223	0.02514	0.07066	0.19418	0.28477	0.18100	0.02246	0.05537	0.02037	0.02519	0.01489	0.01934	0.01192	0.00806	0.00805	0.00247	0.01154	0.00681	0.00421	0.01133
14	0.02277	0.02544	0.03645	0.03843	0.29606	0.17831	0.22698	0.02773	0.02027	0.02532	0.01535	0.01984	0.01238	0.00755	0.00858	0.00250	0.01251	0.00772	0.00418	0.01164
15	0.02053	0.02013	0.03231	0.11743	0.56326	0.04994	0.02480	0.02540	0.01889	0.02620	0.01541	0.02047	0.01282	0.00755	0.00820	0.00248	0.01023	0.00730	0.00408	0.01258

[dist]
# distance from previous block
# <min> <max>
0	1

[block]
# block no. 1 follows, 22 sequences, length 80
# corresponding to MSA columns:
# 156-235
name=unknown_B
#
# <colnr> <probs for GDERKNQSTAVLIFYWHMCP>
#	G	D	E	R	K	N	Q	S	T	A	V	L	I	F	Y	W	H	M	C	P
0	0.01934	0.02699	0.23089	0.04246	0.46249	0.01960	0.02712	0.02575	0.01849	0.02688	0.01540	0.01962	0.01234	0.00756	0.00812	0.00252	0.01062	0.00701	0.00392	0.01288
1	0.01845	0.01441	0.01507	0.01281	0.01714	0.01466	0.01017	0.24364	0.05580	0.03419	0.05781	0.05524	0.38479	0.01645	0.00919	0.00269	0.00616	0.01340	0.00797	0.00996
2	0.01876	0.03430	0.43632	0.13866	0.06637	0.02008	0.02705	0.10990	0.02046	0.02913	0.01562	0.01881	0.01124	0.00823	0.00804	0.00263	0.01152	0.00660	0.00424	0.01205
3	0.02009	0.01926	0.03287	0.11218	0.59869	0.01962	0.02526	0.02509	0.01869	0.02657	0.01554	0.02071	0.01296	0.00749	0.00823	0.00250	0.00998	0.00740	0.00407	0.01278
4	0.01549	0.00774	0.00774	0.00774	0.00968	0.00774	0.00581	0.01936	0.01742	0.03097	0.02710	0.03097	0.02129	0.00968	0.00581	0.00194	0.00387	0.00774	0.75416	0.00774
5	0.01550	0.01479	0.02596	0.14408	0.03054	0.01704	0.15758	0.01968	0.01530	0.02148	0.01757	0.02573	0.01532	0.03093	0.28137	0.00721	0.13834	0.00854	0.00411	0.00893
6	0.02405	0.02389	0.02838	0.14708	0.30037	0.16423	0.02123	0.13708	0.02323	0.02927	0.01566	0.01949	0.01244	0.00828	0.00809	0.00245	0.01106	0.00696	0.00485	0.01189
7	0.01178	0.00847	0.01098	0.01037	0.01221	0.00785	0.00767	0.01547	0.02284	0.03230	0.61501	0.06160	0.07555	0.05766	0.01171	0.00293	0.00416	0.01485	0.00890	0.00767
8	0.01443	0.00722	0.01082	0.01082	0.01082	0.00722	0.00722	0.01082	0.01082	0.01443	0.01443	0.02525	0.01443	0.02886	0.03247	0.75830	0.00722	0.00722	0.00361	0.00361
9	0.01778	0.03537	0.44058	0.02860	0.06968	0.01985	0.21646	0.02636	0.01826	0.02645	0.01554	0.01921	0.01131	0.00759	0.00851	0.00268	0.01270	0.00735	0.00376	0.01199
10	0.02510	0.02448	0.07897	0.03412	0.31698	0.10300	0.02116	0.16726	0.05185	0.06974	0.01803	0.02039	0.01384	0.00852	0.00814	0.00247	0.01022	0.00721	0.00561	0.01293
11	0.00993	0.00842	0.00857	0.00854	0.01129	0.00706	0.00640	0.01214	0.01921	0.02308	0.11757	0.07890	0.61904	0.02080	0.00982	0.00279	0.00419	0.01739	0.00780	0.00706
12	0.01005	0.00838	0.00848	0.00848	0.01100	0.00712	0.00618	0.01194	0.01825	0.02180	0.07832	0.07737	0.59019	0.09017	0.01309	0.00333	0.00459	0.01698	0.00744	0.00681
13	0.02077	0.01532	0.01954	0.25844	0.03214	0.01747	0.01531	0.21720	0.02413	0.03435	0.02031	0.02420	0.01526	0.00928	0.00752	0.00242	0.00819	0.00753	0.24028	0.01035
14	0.02056	0.01974	0.03372	0.05099	0.65622	0.01974	0.02550	0.02550	0.01892	0.02714	0.01563	0.02056	0.01316	0.00740	0.00822	0.00247	0.00987	0.00740	0.00411	0.01316
15	0.39047	0.01876	0.01758	0.01470	0.02025	0.02135	0.01198	0.22684	0.13518	0.04178	0.01833	0.01877	0.01363	0.00910	0.00678	0.00259	0.00735	0.00636	0.00678	0.01143
16	0.01227	0.00935	0.01097	0.01156	0.01338	0.00902	0.00824	0.06274	0.04870	0.02470	0.05371	0.44395	0.21498	0.02265	0.01010	0.00312	0.00508	0.01996	0.00780	0.00772
17	0.76672	0.01607	0.01221	0.01092	0.01607	0.01864	0.00900	0.02442	0.01414	0.03727	0.01157	0.01350	0.00900	0.00771	0.00514	0.00257	0.00643	0.00450	0.00514	0.00900
18	0.01464	0.00801	0.00905	0.00905	0.01088	0.00836	0.00687	0.01830	0.01647	0.02825	0.02597	0.03136	0.02117	0.02194	0.16177	0.00460	0.00815	0.00801	0.57946	0.00767
19	0.02415	0.01947	0.02234	0.13699	0.02959	0.02231	0.01597	0.27409	0.28915	0.03940	0.02488	0.02500	0.01832	0.01022	0.00837	0.00268	0.00840	0.00827	0.00755	0.01284
20	0.02031	0.01949	0.03327	0.08324	0.62590	0.01967	0.02537	0.02528	0.01880	0.02684	0.01558	0.02064	0.01305	0.00745	0.00823	0.00248	0.00993	0.00740	0.00409	0.01296
21	0.01735	0.10950	0.57553	0.02322	0.03481	0.02073	0.05506	0.02618	0.01756	0.02564	0.01465	0.01733	0.01063	0.00777	0.00772	0.00255	0.01201	0.00613	0.00354	0.01207
22	0.01690	0.04134	0.61615	0.02458	0.03655	0.01943	0.07791	0.02633	0.01770	0.02633	0.01506	0.01793	0.01069	0.00782	0.00804	0.00264	0.01241	0.00643	0.00356	0.01219
23	0.00982	0.00842	0.00842	0.00842	0.01122	0.00701	0.00631	0.01192	0.01894	0.02244	0.08416	0.07995	0.65285	0.02104	0.00982	0.00281	0.00421	0.01753	0.00771	0.00701
24	0.01832	0.01774	0.03101	0.33340	0.34090	0.01927	0.07205	0.02368	0.01794	0.02446	0.01534	0.02141	0.01219	0.00777	0.00839	0.00263	0.01073	0.00758	0.00393	0.01125
25	0.02099	0.02180	0.02932	0.23305	0.36812	0.13568	0.02311	0.02560	0.01906	0.02419	0.01488	0.02004	0.01211	0.00787	0.00812	0.00250	0.01113	0.00703	0.00402	0.01138
26	0.02660	0.18615	0.02892	0.02123	0.08729	0.17032	0.01603	0.24572	0.02636	0.03241	0.01615	0.01836	0.01298	0.01288	0.06031	0.00311	0.01150	0.00640	0.00557	0.01169
27	0.01087	0.00846	0.00988	0.00952	0.01187	0.00746	0.00714	0.01396	0.02143	0.02835	0.39287	0.07022	0.34045	0.01883	0.00981	0.00270	0.00405	0.01617	0.00849	0.00746
28	0.02952	0.02152	0.16966	0.01723	0.02471	0.01536	0.01668	0.03783	0.13198	0.40246	0.02880	0.02626	0.01908	0.00990	0.00826	0.00263	0.00819	0.00802	0.00838	0.01353
29	0.02274	0.02349	0.02860	0.19002	0.31963	0.17262	0.02196	0.07412	0.02106	0.02617	0.01512	0.01958	0.01218	0.00809	0.00808	0.00246	0.01128	0.00693	0.00439	0.01150
30	0.02428	0.01900	0.02427	0.23729	0.08525	0.02149	0.01813	0.33526	0.02846	0.03856	0.01849	0.02158	0.01363	0.00920	0.00810	0.00254	0.00941	0.00746	0.06563	0.01196
31	0.01874	0.01788	0.03043	0.28884	0.43259	0.01926	0.02459	0.02390	0.01806	0.02493	0.01530	0.02115	0.01238	0.00774	0.00825	0.00258	0.01032	0.00739	0.00396	0.01169
32	0.01569	0.01477	0.02492	0.68808	0.05722	0.01846	0.02307	0.02123	0.01661	0.02123	0.01477	0.02215	0.01107	0.00831	0.00831	0.00277	0.01107	0.00738	0.00369	0.00923
33	0.01846	0.25985	0.46386	0.02062	0.03122	0.02369	0.02536	0.02584	0.01733	0.02412	0.01382	0.01618	0.01057	0.00764	0.00706	0.00235	0.01118	0.00559	0.00352	0.01175
34	0.01996	0.01912	0.03263	0.12996	0.58197	0.01958	0.02520	0.02497	0.01863	0.02641	0.01552	0.02076	0.01290	0.00751	0.00823	0.00250	0.01002	0.00740	0.00406	0.01267
35	0.01666	0.04297	0.66500	0.02368	0.03596	0.01929	0.03069	0.02631	0.01754	0.02631	0.01491	0.01754	0.01052	0.00789	0.00789	0.00263	0.01228	0.00614	0.00351	0.01228
36	0.01569	0.01477	0.02492	0.68808	0.05722	0.01846	0.02307	0.02123	0.01661	0.02123	0.01477	0.02215	0.01107	0.00831	0.00831	0.00277	0.01107	0.00738	0.00369	0.00923
37	0.01063	0.00762	0.01010	0.01122	0.01216	0.00709	0.00775	0.01285	0.01828	0.02499	0.23516	0.50247	0.06227	0.02320	0.01035	0.00314	0.00454	0.02093	0.00816	0.00709
38	0.00996	0.00787	0.00898	0.00986	0.01160	0.00689	0.00695	0.01176	0.01754	0.02187	0.06653	0.36596	0.37822	0.02333	0.01018	0.00307	0.00449	0.02033	0.00771	0.00689
39	0.03158	0.02327	0.02493	0.01911	0.02576	0.02576	0.01579	0.62852	0.03906	0.05236	0.01995	0.01995	0.01413	0.00997	0.00831	0.00249	0.00914	0.00748	0.00831	0.01413
40	0.01183	0.01009	0.01037	0.01001	0.01311	0.00947	0.00759	0.01780	0.12964	0.02508	0.09903	0.07050	0.51732	0.01913	0.00958	0.00280	0.00462	0.01598	0.00791	0.00814
41	0.01012	0.00723	0.00964	0.01157	0.01205	0.00675	0.00771	0.01157	0.01591	0.02121	0.04579	0.70262	0.05495	0.02603	0.01060	0.00337	0.00482	0.02362	0.00771	0.00675
42	0.01187	0.00890	0.01335	0.01335	0.01483	0.01038	0.01038	0.01483	0.01335	0.01928	0.02225	0.03264	0.02077	0.06231	0.67512	0.01335	0.02225	0.00890	0.00445	0.00742
43	0.76672	0.01607	0.01221	0.01092	0.01607	0.01864	0.00900	0.02442	0.01414	0.03727	0.01157	0.01350	0.00900	0.00771	0.00514	0.00257	0.00643	0.00450	0.00514	0.00900
44	0.03158	0.02327	0.02493	0.01911	0.02576	0.02576	0.01579	0.62852	0.03906	0.05236	0.01995	0.01995	0.01413	0.00997	0.00831	0.00249	0.00914	0.00748	0.00831	0.01413
45	0.01176	0.00849	0.01110	0.01045	0.01241	0.00784	0.00784	0.01568	0.02352	0.03331	0.65184	0.06206	0.07839	0.01698	0.00980	0.00261	0.00392	0.01502	0.00914	0.00784
46	0.01208	0.00805	0.00906	0.00906	0.00906	0.00805	0.00503	0.01208	0.01208	0.01611	0.02618	0.05436	0.03020	0.70804	0.04228	0.00805	0.00805	0.01208	0.00503	0.00503
47	0.01897	0.01817	0.02972	0.23385	0.24085	0.01974	0.10615	0.02870	0.16332	0.02705	0.01977	0.02373	0.01529	0.00852	0.00852	0.00269	0.01005	0.00820	0.00501	0.01169
48	0.76672	0.01607	0.01221	0.01092	0.01607	0.01864	0.00900	0.02442	0.01414	0.03727	0.01157	0.01350	0.00900	0.00771	0.00514	0.00257	0.00643	0.00450	0.00514	0.00900
49	0.02017	0.05493	0.18918	0.12083	0.11387	0.14489	0.02056	0.02548	0.01865	0.02443	0.01442	0.01787	0.01140	0.00758	0.00741	0.00217	0.01075	0.00598	0.00409	0.18533
50	0.01988	0.01904	0.03248	0.14038	0.57217	0.01956	0.02516	0.02490	0.01859	0.02631	0.01551	0.02078	0.01287	0.00753	0.00824	0.00251	0.01004	0.00740	0.00405	0.01261
51	0.01187	0.00890	0.01335	0.01335	0.01483	0.01038	0.01038	0.01483	0.01335	0.01928	0.02225	0.03264	0.02077	0.06231	0.67512	0.01335	0.02225	0.00890	0.00445	0.00742
52	0.01012	0.00723	0.00964	0.01157	0.01205	0.00675	0.00771	0.01157	0.01591	0.02121	0.04579	0.70262	0.05495	0.02603	0.01060	0.00337	0.00482	0.02362	0.00771	0.00675
53	0.01271	0.00824	0.01087	0.01187	0.01324	0.00744	0.00820	0.01443	0.01661	0.07239	0.04286	0.60733	0.04962	0.02357	0.01015	0.00318	0.00508	0.02127	0.00775	0.05321
54	0.01187	0.00890	0.01335	0.01335	0.01483	0.01038	0.01038	0.01483	0.01335	0.01928	0.02225	0.03264	0.02077	0.06231	0.67512	0.01335	0.02225	0.00890	0.00445	0.00742
55	0.02863	0.02107	0.02273	0.01818	0.02423	0.02340	0.01477	0.41612	0.22003	0.08423	0.02492	0.02379	0.01791	0.01038	0.00836	0.00260	0.00824	0.00811	0.00847	0.01383
56	0.01943	0.01859	0.03168	0.19847	0.51756	0.01944	0.02493	0.02451	0.01838	0.02577	0.01543	0.02093	0.01268	0.00761	0.00824	0.00254	0.01015	0.00740	0.00401	0.01225
57	0.02056	0.01974	0.03372	0.05099	0.65622	0.01974	0.02550	0.02550	0.01892	0.02714	0.01563	0.02056	0.01316	0.00740	0.00822	0.00247	0.00987	0.00740	0.00411	0.01316
58	0.01443	0.00722	0.01082	0.01082	0.01082	0.00722	0.00722	0.01082	0.01082	0.01443	0.01443	0.02525	0.01443	0.02886	0.03247	0.75830	0.00722	0.00722	0.00361	0.00361
59	0.01569	0.01477	0.02492	0.68808	0.05722	0.01846	0.02307	0.02123	0.01661	0.02123	0.01477	0.02215	0.01107	0.00831	0.00831	0.00277	0.01107	0.00738	0.00369	0.00923
60	0.76672	0.01607	0.01221	0.01092	0.01607	0.01864	0.00900	0.02442	0.01414	0.03727	0.01157	0.01350	0.00900	0.00771	0.00514	0.00257	0.00643	0.00450	0.00514	0.00900
61	0.02383	0.02594	0.03054	0.04175	0.45920	0.22439	0.02254	0.02789	0.02036	0.02501	0.01476	0.01882	0.01239	0.00776	0.00800	0.00237	0.01147	0.00676	0.00416	0.01206
62	0.02066	0.01785	0.01878	0.01691	0.02160	0.02066	0.01315	0.04414	0.64121	0.03475	0.03381	0.03099	0.02536	0.01127	0.00845	0.00282	0.00657	0.00939	0.00845	0.01315
63	0.01021	0.00730	0.00972	0.01151	0.01207	0.00680	0.00772	0.01178	0.01630	0.02184	0.07760	0.66900	0.05618	0.02555	0.01056	0.00333	0.00477	0.02317	0.00779	0.00680
64	0.03112	0.03695	0.02377	0.02103	0.02570	0.56981	0.01601	0.12940	0.02605	0.02551	0.01399	0.01578	0.01125	0.00879	0.00762	0.00220	0.01404	0.00569	0.00493	0.01036
65	0.01666	0.04297	0.66500	0.02368	0.03596	0.01929	0.03069	0.02631	0.01754	0.02631	0.01491	0.01754	0.01052	0.00789	0.00789	0.00263	0.01228	0.00614	0.00351	0.01228
66	0.00982	0.00842	0.00842	0.00842	0.01122	0.00701	0.00631	0.01192	0.01894	0.02244	0.08416	0.07995	0.65285	0.02104	0.00982	0.00281	0.00421	0.01753	0.00771	0.00701
67	0.00982	0.00842	0.00842	0.00842	0.01122	0.00701	0.00631	0.01192	0.01894	0.02244	0.08416	0.07995	0.65285	0.02104	0.00982	0.00281	0.00421	0.01753	0.00771	0.00701
68	0.03103	0.03959	0.02354	0.02140	0.02568	0.67469	0.01605	0.03317	0.02354	0.02033	0.01284	0.01498	0.01070	0.00856	0.00749	0.00214	0.01498	0.00535	0.00428	0.00963
69	0.01892	0.02720	0.19256	0.03237	0.04168	0.02061	0.48732	0.02654	0.01913	0.02654	0.01636	0.02127	0.01212	0.00721	0.00936	0.00276	0.01360	0.00895	0.00404	0.01145
70	0.02221	0.71304	0.04353	0.01421	0.02132	0.03287	0.01421	0.02488	0.01688	0.01955	0.01155	0.01333	0.01066	0.00711	0.00533	0.00178	0.00888	0.00444	0.00355	0.01066
71	0.01863	0.02176	0.12060	0.22158	0.37558	0.01938	0.05389	0.02449	0.01812	0.02537	0.01534	0.02066	0.01219	0.00770	0.00827	0.00259	0.01073	0.00733	0.00392	0.01186
72	0.01856	0.02513	0.20457	0.16636	0.37120	0.01937	0.02645	0.02489	0.01810	0.02577	0.01526	0.02004	0.01204	0.00771	0.00815	0.00257	0.01076	0.00705	0.00387	0.01216
73	0.02817	0.03437	0.02472	0.02620	0.13500	0.52147	0.01754	0.03090	0.02248	0.02178	0.01516	0.02059	0.01331	0.00921	0.00785	0.00230	0.01366	0.04073	0.00445	0.01013
74	0.01636	0.01531	0.01579	0.01512	0.01737	0.13553	0.01169	0.04632	0.01643	0.02099	0.02038	0.02875	0.01858	0.04985	0.51959	0.01075	0.02029	0.00817	0.00459	0.00814
75	0.01376	0.01119	0.05288	0.01423	0.01668	0.00919	0.03866	0.01662	0.01761	0.07340	0.04313	0.41996	0.07638	0.02192	0.01036	0.00330	0.00642	0.13875	0.00749	0.00807
76	0.02989	0.03986	0.07442	0.02158	0.02650	0.62271	0.01721	0.03263	0.02307	0.02081	0.01301	0.01518	0.01069	0.00851	0.00752	0.00218	0.01477	0.00541	0.00422	0.00984
77	0.01297	0.01025	0.01550	0.02088	0.16232	0.00994	0.01209	0.01503	0.01645	0.02235	0.03676	0.47364	0.04240	0.02171	0.01142	0.04923	0.00628	0.04604	0.00662	0.00809
78	0.02300	0.02437	0.03135	0.04410	0.50929	0.17236	0.02329	0.02728	0.01999	0.02555	0.01498	0.01926	0.01259	0.00767	0.00805	0.00239	0.01106	0.00692	0.00415	0.01234
79	0.02740	0.03326	0.02470	0.02523	0.11327	0.48728	0.01733	0.02994	0.02134	0.02121	0.01346	0.01689	0.01152	0.01144	0.03992	0.00285	0.08281	0.00599	0.00420	0.00997

[dist]
# distance from previous block
# <min> <max>
4	7

[block]
# block no. 2 follows, 22 sequences, length 36
# corresponding to MSA columns:
# 243-278
name=unknown_C
#
# <colnr> <probs for GDERKNQSTAVLIFYWHMCP>
#	G	D	E	R	K	N	Q	S	T	A	V	L	I	F	Y	W	H	M	C	P
0	0.02274	0.67405	0.04248	0.01449	0.02157	0.03247	0.01430	0.05900	0.01813	0.02140	0.01202	0.01370	0.01086	0.00727	0.00550	0.00182	0.00890	0.00461	0.00382	0.01086
1	0.03062	0.03234	0.02377	0.02030	0.02547	0.39862	0.01578	0.25166	0.06570	0.03290	0.01668	0.01774	0.01282	0.00924	0.00785	0.00231	0.01235	0.00637	0.00600	0.01148
2	0.02794	0.02146	0.02288	0.01838	0.02438	0.02406	0.01491	0.43385	0.23965	0.04649	0.02456	0.02363	0.01787	0.01041	0.00836	0.00260	0.00829	0.00812	0.00836	0.01380
3	0.01187	0.00890	0.01335	0.01335	0.01483	0.01038	0.01038	0.01483	0.01335	0.01928	0.02225	0.03264	0.02077	0.06231	0.67512	0.01335	0.02225	0.00890	0.00445	0.00742
4	0.01191	0.00798	0.00911	0.00928	0.00932	0.00794	0.00527	0.01204	0.01241	0.01655	0.02788	0.11071	0.03235	0.64877	0.03953	0.00765	0.00777	0.01308	0.00527	0.00518
5	0.01527	0.00781	0.00808	0.00808	0.00999	0.00790	0.00608	0.01908	0.01718	0.03026	0.02681	0.03107	0.02126	0.01286	0.04630	0.00263	0.00498	0.00781	0.70881	0.00772
6	0.01877	0.02524	0.19710	0.13567	0.36025	0.01954	0.07345	0.02517	0.01828	0.02602	0.01541	0.02015	0.01213	0.00763	0.00827	0.00258	0.01099	0.00726	0.00390	0.01220
7	0.01012	0.00723	0.00964	0.01157	0.01205	0.00675	0.00771	0.01157	0.01591	0.02121	0.04579	0.70262	0.05495	0.02603	0.01060	0.00337	0.00482	0.02362	0.00771	0.00675
8	0.03580	0.01650	0.02074	0.01590	0.02239	0.01572	0.01314	0.19275	0.02773	0.50412	0.02945	0.02612	0.01890	0.01020	0.00834	0.00255	0.00761	0.00813	0.00977	0.01414
9	0.01100	0.00806	0.00892	0.00920	0.01026	0.00750	0.00588	0.01195	0.01504	0.01907	0.04933	0.15886	0.25142	0.36745	0.02627	0.00553	0.00623	0.01569	0.00637	0.00598
10	0.76672	0.01607	0.01221	0.01092	0.01607	0.01864	0.00900	0.02442	0.01414	0.03727	0.01157	0.01350	0.00900	0.00771	0.00514	0.00257	0.00643	0.00450	0.00514	0.00900
11	0.01215	0.00881	0.01292	0.01292	0.01444	0.01018	0.01003	0.01518	0.01367	0.02019	0.02263	0.03251	0.02081	0.05824	0.62336	0.01247	0.02083	0.00881	0.06243	0.00744
12	0.01191	0.00856	0.01145	0.01189	0.01359	0.00810	0.00925	0.01539	0.02112	0.02912	0.39399	0.17642	0.06658	0.02003	0.01037	0.00305	0.00503	0.16800	0.00852	0.00761
13	0.02221	0.71304	0.04353	0.01421	0.02132	0.03287	0.01421	0.02488	0.01688	0.01955	0.01155	0.01333	0.01066	0.00711	0.00533	0.00178	0.00888	0.00444	0.00355	0.01066
14	0.01908	0.02472	0.15281	0.02791	0.03627	0.01987	0.35909	0.02930	0.13193	0.02807	0.01939	0.02268	0.01452	0.00787	0.00893	0.00265	0.01174	0.00869	0.00490	0.06957
15	0.07850	0.02754	0.12800	0.02329	0.12800	0.23689	0.01766	0.02742	0.02084	0.07827	0.09589	0.02663	0.05618	0.01005	0.00798	0.00244	0.01047	0.00785	0.00546	0.01061
16	0.02224	0.42792	0.20114	0.01786	0.02583	0.13573	0.01879	0.02662	0.01815	0.02143	0.01263	0.01469	0.01063	0.00755	0.00635	0.00206	0.01077	0.00503	0.00366	0.01091
17	0.08055	0.08989	0.19259	0.09716	0.14641	0.16907	0.02160	0.06246	0.02000	0.02637	0.01430	0.01747	0.01121	0.00804	0.00749	0.00242	0.01138	0.00613	0.00423	0.01123
18	0.03086	0.05993	0.02432	0.02009	0.02499	0.43446	0.01567	0.15531	0.02609	0.08263	0.01591	0.01721	0.01227	0.00916	0.00838	0.00229	0.03780	0.00608	0.00558	0.01097
19	0.02345	0.26193	0.02893	0.01701	0.02196	0.14678	0.01445	0.12612	0.06979	0.02631	0.01648	0.01936	0.01392	0.01699	0.10834	0.00391	0.06224	0.00638	0.00500	0.01064
20	0.01405	0.19052	0.01799	0.01072	0.01305	0.01411	0.00804	0.01529	0.01497	0.01878	0.03419	0.15495	0.12103	0.31223	0.02268	0.00488	0.00717	0.01282	0.00549	0.00707
21	0.07781	0.01794	0.02833	0.09147	0.46610	0.01859	0.02151	0.02502	0.05452	0.02697	0.01723	0.02369	0.01487	0.06862	0.01096	0.00300	0.00934	0.00770	0.00450	0.01182
22	0.08838	0.02537	0.02791	0.08788	0.35232	0.22876	0.02086	0.02752	0.01980	0.02538	0.01432	0.01829	0.01185	0.00787	0.00773	0.00240	0.01130	0.00649	0.00422	0.01136
23	0.06475	0.01948	0.02862	0.05692	0.33690	0.04667	0.07282	0.05223	0.12758	0.02937	0.02078	0.02734	0.01742	0.00939	0.00844	0.00266	0.00951	0.05169	0.00536	0.01210
24	0.25668	0.07449	0.02182	0.07204	0.11131	0.10541	0.01478	0.03064	0.18011	0.03038	0.01835	0.01989	0.01436	0.00871	0.00700	0.00252	0.00860	0.00651	0.00551	0.01089
25	0.01915	0.16491	0.34580	0.02629	0.08286	0.04520	0.15085	0.02627	0.01816	0.02493	0.01465	0.01790	0.01120	0.00754	0.00781	0.00247	0.01190	0.00665	0.00374	0.01172
26	0.02153	0.01835	0.02292	0.01828	0.02364	0.06609	0.11339	0.20145	0.02547	0.05512	0.05826	0.06096	0.13617	0.01284	0.00894	0.00259	0.00867	0.05600	0.00693	0.08241
27	0.20259	0.02280	0.17314	0.01814	0.02504	0.01817	0.07514	0.03092	0.17940	0.08698	0.06881	0.02480	0.02019	0.00953	0.00773	0.00267	0.00846	0.00780	0.00627	0.01142
28	0.01896	0.02101	0.07973	0.02406	0.12507	0.13107	0.11663	0.02328	0.01803	0.02426	0.01908	0.02593	0.01632	0.07012	0.12299	0.00465	0.01263	0.00799	0.12855	0.00966
29	0.01653	0.01790	0.13452	0.01874	0.02395	0.01309	0.13222	0.02190	0.04236	0.08818	0.07610	0.22559	0.07745	0.01585	0.00962	0.00297	0.00831	0.05835	0.00667	0.00972
30	0.01988	0.01793	0.02887	0.03278	0.28412	0.01792	0.11916	0.12246	0.02273	0.03104	0.07487	0.03589	0.08456	0.01114	0.00905	0.00268	0.00923	0.05828	0.00586	0.01152
31	0.02511	0.11045	0.14129	0.07200	0.02834	0.34458	0.01828	0.06420	0.02163	0.02408	0.01470	0.01730	0.01168	0.00842	0.00731	0.00224	0.01233	0.00585	0.05988	0.01032
32	0.01743	0.08026	0.04814	0.02274	0.18199	0.01574	0.01484	0.06136	0.01794	0.02648	0.02015	0.02583	0.01709	0.02529	0.21651	0.00570	0.01237	0.00762	0.17257	0.00994
33	0.02056	0.38413	0.03670	0.02289	0.13771	0.02628	0.06326	0.02564	0.06654	0.02373	0.06274	0.02070	0.01754	0.00867	0.00811	0.00224	0.05028	0.00675	0.00452	0.01104
34	0.02313	0.02483	0.02475	0.01972	0.02529	0.23664	0.09629	0.07060	0.02108	0.02620	0.03609	0.01899	0.01406	0.00849	0.00930	0.00211	0.07291	0.00647	0.00489	0.25816
35	0.02258	0.26161	0.03035	0.02052	0.09004	0.15214	0.05090	0.02669	0.04576	0.06199	0.06987	0.02859	0.04451	0.01020	0.00760	0.00232	0.00965	0.04890	0.00529	0.01050

[dist]
# distance from previous block
# <min> <max>
7	133

[block]
# block no. 3 follows, 22 sequences, length 16
# corresponding to MSA columns:
# 418-433
name=unknown_D
#
# <colnr> <probs for GDERKNQSTAVLIFYWHMCP>
#	G	D	E	R	K	N	Q	S	T	A	V	L	I	F	Y	W	H	M	C	P
0	0.02223	0.08078	0.02428	0.06288	0.02493	0.17437	0.05221	0.09069	0.12313	0.02614	0.02240	0.02677	0.05230	0.07590	0.01375	0.00313	0.10028	0.00816	0.00547	0.01019
1	0.10859	0.02713	0.02226	0.01854	0.02407	0.25227	0.01470	0.26985	0.06008	0.09629	0.01848	0.01887	0.01356	0.00933	0.00770	0.00240	0.01059	0.00660	0.00675	0.01195
2	0.17770	0.02915	0.02211	0.01919	0.02402	0.35960	0.05178	0.08524	0.07263	0.02819	0.01560	0.01768	0.01243	0.01103	0.03701	0.00285	0.01230	0.00613	0.00516	0.01020
3	0.01517	0.01122	0.01313	0.01309	0.01596	0.01125	0.01035	0.05786	0.12167	0.05632	0.05234	0.18262	0.21821	0.01966	0.01000	0.00314	0.00602	0.16512	0.00797	0.00890
4	0.09338	0.01310	0.01820	0.01555	0.01954	0.01306	0.11107	0.02189	0.11343	0.02902	0.16810	0.05404	0.19912	0.01525	0.00930	0.00286	0.00675	0.08000	0.00726	0.00908
5	0.02561	0.02878	0.02185	0.01966	0.02367	0.34893	0.01512	0.03619	0.26765	0.02602	0.02097	0.02166	0.01654	0.01025	0.00989	0.00256	0.08068	0.00715	0.00587	0.01097
6	0.01863	0.01776	0.03023	0.30391	0.41842	0.01923	0.02453	0.02380	0.01800	0.02479	0.01528	0.02119	0.01233	0.00776	0.00826	0.00259	0.01035	0.00739	0.00395	0.01160
7	0.13101	0.01738	0.02728	0.27671	0.34206	0.01911	0.02213	0.02378	0.01736	0.02651	0.01470	0.02008	0.01177	0.00778	0.00779	0.00259	0.00979	0.00696	0.00411	0.01110
8	0.01981	0.01898	0.03237	0.14869	0.56436	0.01954	0.02512	0.02484	0.01856	0.02623	0.01549	0.02080	0.01284	0.00754	0.00824	0.00251	0.01005	0.00740	0.00405	0.01256
9	0.09758	0.02048	0.01919	0.01650	0.02170	0.13680	0.01299	0.03916	0.27703	0.22856	0.02759	0.02559	0.01966	0.01014	0.00794	0.00259	0.00824	0.00787	0.00796	0.01243
10	0.01897	0.01912	0.02901	0.02303	0.02712	0.05761	0.20120	0.06130	0.07661	0.02561	0.02424	0.02838	0.08128	0.01629	0.07432	0.00393	0.20745	0.00937	0.00509	0.01009
11	0.02109	0.02034	0.02938	0.02351	0.02667	0.05040	0.13963	0.13228	0.01938	0.02719	0.01442	0.01998	0.01235	0.01448	0.05380	0.00371	0.36853	0.00783	0.00467	0.01036
12	0.11154	0.01389	0.01517	0.01294	0.01741	0.01403	0.01029	0.13302	0.07573	0.15693	0.10768	0.06927	0.20002	0.01428	0.00861	0.00268	0.00612	0.01164	0.00823	0.01052
13	0.01733	0.15294	0.52735	0.02141	0.03229	0.02096	0.02676	0.02552	0.01774	0.02554	0.04746	0.01915	0.01407	0.00823	0.00756	0.00249	0.01128	0.00632	0.00381	0.01178
14	0.02144	0.02141	0.03286	0.04850	0.60308	0.07494	0.02470	0.02614	0.01931	0.02657	0.01539	0.02009	0.01295	0.00750	0.00816	0.00244	0.01030	0.00723	0.00413	0.01286
15	0.03112	0.03688	0.02377	0.02102	0.02570	0.56674	0.01601	0.13221	0.02612	0.02566	0.01402	0.01581	0.01127	0.00880	0.00763	0.00220	0.01401	0.00570	0.00495	0.01038

[dist]
# distance from previous block
# <min> <max>
0	2

[block]
# block no. 4 follows, 22 sequences, length 35
# corresponding to MSA columns:
# 436-470
name=unknown_E
#
# <colnr> <probs for GDERKNQSTAVLIFYWHMCP>
#	G	D	E	R	K	N	Q	S	T	A	V	L	I	F	Y	W	H	M	C	P
0	0.11129	0.01676	0.01814	0.01571	0.02086	0.01841	0.01244	0.04098	0.42130	0.18444	0.03098	0.02831	0.02232	0.01062	0.00804	0.00273	0.00668	0.00858	0.00850	0.01290
1	0.02073	0.02323	0.19328	0.05433	0.02693	0.01676	0.01752	0.03206	0.20711	0.11444	0.02300	0.02324	0.01682	0.00885	0.00773	0.00235	0.00833	0.00720	0.00626	0.18982
2	0.01808	0.05714	0.01623	0.01423	0.01737	0.23564	0.01090	0.02031	0.01966	0.02133	0.04499	0.12020	0.25396	0.01973	0.05781	0.00342	0.00971	0.04508	0.00608	0.00814
3	0.02446	0.02765	0.02476	0.02601	0.14124	0.32122	0.01760	0.02801	0.04464	0.02276	0.01460	0.01846	0.01246	0.01003	0.01255	0.00259	0.18399	0.00653	0.05027	0.01018
4	0.02229	0.21561	0.28171	0.02009	0.02830	0.19989	0.02114	0.02910	0.06477	0.02354	0.01486	0.01673	0.01170	0.00812	0.00715	0.00229	0.01170	0.00572	0.00409	0.01120
5	0.02058	0.02219	0.02316	0.02959	0.26716	0.21725	0.01704	0.02368	0.01978	0.02339	0.02836	0.15304	0.09452	0.01282	0.00863	0.00258	0.00984	0.01097	0.00525	0.01016
6	0.02008	0.45632	0.28164	0.01784	0.02693	0.02767	0.02053	0.02542	0.01713	0.02214	0.01284	0.01494	0.01061	0.00741	0.00631	0.00210	0.01018	0.00509	0.00354	0.01128
7	0.11906	0.15803	0.43182	0.02089	0.03107	0.02173	0.05762	0.02581	0.01708	0.02660	0.01396	0.01651	0.01046	0.00768	0.00717	0.00248	0.01098	0.00582	0.00377	0.01149
8	0.01204	0.00855	0.01103	0.01085	0.01243	0.00811	0.00806	0.01521	0.02079	0.02896	0.45303	0.06489	0.06527	0.14676	0.01609	0.00379	0.00519	0.09347	0.00818	0.00729
9	0.01190	0.00879	0.01277	0.01277	0.01406	0.01007	0.00966	0.01446	0.01318	0.01886	0.02278	0.03557	0.02204	0.14946	0.58970	0.01264	0.02034	0.00933	0.00453	0.00710
10	0.02009	0.11714	0.47335	0.02173	0.03235	0.02208	0.02600	0.13853	0.02148	0.03038	0.01546	0.01750	0.01121	0.00819	0.00767	0.00251	0.01130	0.00619	0.00441	0.01244
11	0.01920	0.01824	0.03042	0.22795	0.45282	0.01943	0.02413	0.02533	0.05282	0.02590	0.01639	0.02159	0.01325	0.00787	0.00826	0.00257	0.01002	0.00751	0.00424	0.01206
12	0.01012	0.00723	0.00964	0.01157	0.01205	0.00675	0.00771	0.01157	0.01591	0.02121	0.04579	0.70262	0.05495	0.02603	0.01060	0.00337	0.00482	0.02362	0.00771	0.00675
13	0.03103	0.03959	0.02354	0.02140	0.02568	0.67469	0.01605	0.03317	0.02354	0.02033	0.01284	0.01498	0.01070	0.00856	0.00749	0.00214	0.01498	0.00535	0.00428	0.00963
14	0.01189	0.00880	0.01285	0.01285	0.01416	0.01011	0.00976	0.01451	0.01320	0.01892	0.02271	0.03516	0.02186	0.13732	0.60160	0.01274	0.02060	0.00927	0.00452	0.00714
15	0.01012	0.00723	0.00964	0.01157	0.01205	0.00675	0.00771	0.01157	0.01591	0.02121	0.04579	0.70262	0.05495	0.02603	0.01060	0.00337	0.00482	0.02362	0.00771	0.00675
16	0.01666	0.04297	0.66500	0.02368	0.03596	0.01929	0.03069	0.02631	0.01754	0.02631	0.01491	0.01754	0.01052	0.00789	0.00789	0.00263	0.01228	0.00614	0.00351	0.01228
17	0.02056	0.01974	0.03372	0.05099	0.65622	0.01974	0.02550	0.02550	0.01892	0.02714	0.01563	0.02056	0.01316	0.00740	0.00822	0.00247	0.00987	0.00740	0.00411	0.01316
18	0.01569	0.01477	0.02492	0.68808	0.05722	0.01846	0.02307	0.02123	0.01661	0.02123	0.01477	0.02215	0.01107	0.00831	0.00831	0.00277	0.01107	0.00738	0.00369	0.00923
19	0.03151	0.02547	0.02474	0.01942	0.02575	0.11335	0.01583	0.54816	0.03696	0.04803	0.01899	0.01928	0.01367	0.00978	0.00820	0.00245	0.00993	0.00719	0.00777	0.01352
20	0.01221	0.00940	0.01401	0.01381	0.01521	0.01120	0.01081	0.01511	0.01332	0.01932	0.02164	0.03185	0.02023	0.05972	0.64003	0.01282	0.05857	0.00881	0.00441	0.00751
21	0.01743	0.01655	0.02807	0.46007	0.27160	0.01892	0.02394	0.02275	0.01744	0.02334	0.01507	0.02158	0.01182	0.00798	0.00828	0.00266	0.01064	0.00739	0.00384	0.01064
22	0.03103	0.03959	0.02354	0.02140	0.02568	0.67469	0.01605	0.03317	0.02354	0.02033	0.01284	0.01498	0.01070	0.00856	0.00749	0.00214	0.01498	0.00535	0.00428	0.00963
23	0.01845	0.01759	0.02991	0.32640	0.39727	0.01918	0.02445	0.02365	0.01792	0.02458	0.01525	0.02125	0.01226	0.00779	0.00826	0.00260	0.01039	0.00739	0.00393	0.01146
24	0.01901	0.01294	0.01544	0.01373	0.01712	0.01369	0.01078	0.18813	0.02274	0.07746	0.03452	0.12134	0.11283	0.02945	0.21055	0.00590	0.01132	0.01149	0.06188	0.00967
25	0.01894	0.01808	0.03079	0.26333	0.45657	0.01931	0.02469	0.02407	0.01815	0.02517	0.01534	0.02109	0.01246	0.00770	0.00825	0.00257	0.01027	0.00740	0.00397	0.01185
26	0.06312	0.09858	0.01909	0.01416	0.01844	0.13797	0.01130	0.02729	0.10060	0.12050	0.17993	0.03829	0.11260	0.01256	0.00821	0.00247	0.00754	0.01003	0.00726	0.01006
27	0.12457	0.33172	0.11557	0.01714	0.02383	0.21849	0.01623	0.02745	0.01856	0.02306	0.01238	0.01439	0.01043	0.00772	0.00628	0.00210	0.01080	0.00494	0.00398	0.01035
28	0.02739	0.03145	0.02160	0.01935	0.02365	0.44607	0.01475	0.09801	0.09114	0.02549	0.02052	0.02215	0.04879	0.01365	0.05696	0.00311	0.01336	0.00696	0.00538	0.01020
29	0.02357	0.02905	0.05626	0.01916	0.02273	0.39248	0.01533	0.02635	0.01937	0.02033	0.01562	0.02062	0.01371	0.02499	0.20811	0.00562	0.06677	0.00659	0.00424	0.00908
30	0.02202	0.02528	0.01817	0.01719	0.02026	0.36167	0.01289	0.02515	0.04523	0.02093	0.02503	0.10453	0.06600	0.02453	0.16842	0.00505	0.01441	0.00939	0.00514	0.00872
31	0.08292	0.02978	0.02198	0.02010	0.04995	0.37552	0.01496	0.15583	0.02496	0.02962	0.01567	0.01780	0.01243	0.00906	0.00804	0.00229	0.03524	0.00612	0.07724	0.01048
32	0.01938	0.01774	0.01571	0.01587	0.04406	0.16742	0.01138	0.09827	0.02144	0.02729	0.03220	0.23248	0.06563	0.01567	0.00862	0.00267	0.00794	0.04704	0.14031	0.00889
33	0.02942	0.03564	0.02389	0.02129	0.02519	0.54349	0.01631	0.07518	0.02329	0.02264	0.01311	0.01576	0.01098	0.00943	0.01010	0.00236	0.10180	0.00575	0.00449	0.00989
34	0.19196	0.07301	0.02021	0.01599	0.02069	0.17722	0.01279	0.11817	0.08708	0.05393	0.04147	0.02152	0.01658	0.01622	0.09514	0.00385	0.01111	0.00677	0.00588	0.01041

[dist]
# distance from previous block
# <min> <max>
12	102

[block]
# block no. 5 follows, 22 sequences, length 110
# corresponding to MSA columns:
# 580-689
name=unknown_F
#
# <colnr> <probs for GDERKNQSTAVLIFYWHMCP>
#	G	D	E	R	K	N	Q	S	T	A	V	L	I	F	Y	W	H	M	C	P
0	0.01674	0.03894	0.57235	0.02205	0.03363	0.01812	0.02771	0.02554	0.01749	0.02642	0.01489	0.01749	0.01078	0.00764	0.00764	0.00243	0.01140	0.00596	0.00371	0.11906
1	0.01828	0.08679	0.25007	0.02550	0.14911	0.01822	0.06586	0.02443	0.01780	0.02613	0.01485	0.01802	0.01173	0.00714	0.00735	0.00212	0.00981	0.00614	0.00410	0.23655
2	0.02849	0.03266	0.02968	0.02413	0.02980	0.40589	0.15698	0.13967	0.02545	0.02759	0.01505	0.01760	0.01176	0.00846	0.00817	0.00236	0.01370	0.00677	0.00499	0.01081
3	0.02711	0.02754	0.11464	0.01915	0.02579	0.14694	0.01703	0.34590	0.02991	0.03891	0.01796	0.01946	0.01341	0.01134	0.03533	0.00280	0.01088	0.00681	0.03609	0.05300
4	0.02353	0.48531	0.04049	0.01857	0.02532	0.15407	0.10208	0.02671	0.01855	0.02071	0.01255	0.01494	0.01095	0.00737	0.00638	0.00199	0.01078	0.00538	0.00379	0.01054
5	0.02082	0.29643	0.33772	0.01977	0.02894	0.11818	0.02235	0.02675	0.01815	0.02289	0.01334	0.01558	0.01060	0.00769	0.00686	0.00224	0.01138	0.00538	0.00364	0.01129
6	0.22600	0.12691	0.02361	0.01720	0.02251	0.29910	0.01386	0.12954	0.02269	0.03011	0.01351	0.01518	0.01082	0.00836	0.00669	0.00226	0.01085	0.00535	0.00508	0.01036
7	0.02390	0.02107	0.02471	0.15466	0.19208	0.13492	0.01860	0.03249	0.16381	0.11736	0.02162	0.02339	0.01620	0.00909	0.00818	0.00256	0.00985	0.00763	0.00595	0.01192
8	0.01173	0.00852	0.01123	0.01177	0.01350	0.00802	0.00914	0.01503	0.02061	0.02806	0.33984	0.19410	0.10587	0.02053	0.01039	0.00308	0.00507	0.16761	0.00839	0.00752
9	0.00999	0.00842	0.00865	0.00859	0.01132	0.00708	0.00644	0.01225	0.01933	0.02339	0.13352	0.07839	0.60290	0.02069	0.00982	0.00279	0.00418	0.01731	0.00784	0.00708
10	0.02056	0.01974	0.03372	0.05099	0.65622	0.01974	0.02550	0.02550	0.01892	0.02714	0.01563	0.02056	0.01316	0.00740	0.00822	0.00247	0.00987	0.00740	0.00411	0.01316
11	0.01187	0.00890	0.01335	0.01335	0.01483	0.01038	0.01038	0.01483	0.01335	0.01928	0.02225	0.03264	0.02077	0.06231	0.67512	0.01335	0.02225	0.00890	0.00445	0.00742
12	0.02056	0.01974	0.03372	0.05099	0.65622	0.01974	0.02550	0.02550	0.01892	0.02714	0.01563	0.02056	0.01316	0.00740	0.00822	0.00247	0.00987	0.00740	0.00411	0.01316
13	0.01187	0.00890	0.01335	0.01335	0.01483	0.01038	0.01038	0.01483	0.01335	0.01928	0.02225	0.03264	0.02077	0.06231	0.67512	0.01335	0.02225	0.00890	0.00445	0.00742
14	0.01012	0.00723	0.00964	0.01157	0.01205	0.00675	0.00771	0.01157	0.01591	0.02121	0.04579	0.70262	0.05495	0.02603	0.01060	0.00337	0.00482	0.02362	0.00771	0.00675
15	0.01723	0.01477	0.01723	0.01230	0.01969	0.01107	0.00984	0.02092	0.01723	0.02707	0.01477	0.01723	0.01230	0.00615	0.00615	0.00123	0.00615	0.00492	0.00492	0.75883
16	0.02066	0.01785	0.01878	0.01691	0.02160	0.02066	0.01315	0.04414	0.64121	0.03475	0.03381	0.03099	0.02536	0.01127	0.00845	0.00282	0.00657	0.00939	0.00845	0.01315
17	0.76672	0.01607	0.01221	0.01092	0.01607	0.01864	0.00900	0.02442	0.01414	0.03727	0.01157	0.01350	0.00900	0.00771	0.00514	0.00257	0.00643	0.00450	0.00514	0.00900
18	0.01176	0.00849	0.01110	0.01045	0.01241	0.00784	0.00784	0.01568	0.02352	0.03331	0.65184	0.06206	0.07839	0.01698	0.00980	0.00261	0.00392	0.01502	0.00914	0.00784
19	0.01208	0.00805	0.00906	0.00906	0.00906	0.00805	0.00503	0.01208	0.01208	0.01611	0.02618	0.05436	0.03020	0.70804	0.04228	0.00805	0.00805	0.01208	0.00503	0.00503
20	0.01187	0.00890	0.01335	0.01335	0.01483	0.01038	0.01038	0.01483	0.01335	0.01928	0.02225	0.03264	0.02077	0.06231	0.67512	0.01335	0.02225	0.00890	0.00445	0.00742
21	0.03158	0.02327	0.02493	0.01911	0.02576	0.02576	0.01579	0.62852	0.03906	0.05236	0.01995	0.01995	0.01413	0.00997	0.00831	0.00249	0.00914	0.00748	0.00831	0.01413
22	0.01569	0.01477	0.02492	0.68808	0.05722	0.01846	0.02307	0.02123	0.01661	0.02123	0.01477	0.02215	0.01107	0.00831	0.00831	0.00277	0.01107	0.00738	0.00369	0.00923
23	0.01176	0.00849	0.01110	0.01045	0.01241	0.00784	0.00784	0.01568	0.02352	0.03331	0.65184	0.06206	0.07839	0.01698	0.00980	0.00261	0.00392	0.01502	0.00914	0.00784
24	0.03158	0.02327	0.02493	0.01911	0.02576	0.02576	0.01579	0.62852	0.03906	0.05236	0.01995	0.01995	0.01413	0.00997	0.00831	0.00249	0.00914	0.00748	0.00831	0.01413
25	0.01723	0.01633	0.02769	0.48717	0.24612	0.01886	0.02384	0.02257	0.01734	0.02309	0.01504	0.02165	0.01173	0.00802	0.00828	0.00267	0.01069	0.00739	0.00382	0.01047
26	0.03158	0.02327	0.02493	0.01911	0.02576	0.02576	0.01579	0.62852	0.03906	0.05236	0.01995	0.01995	0.01413	0.00997	0.00831	0.00249	0.00914	0.00748	0.00831	0.01413
27	0.01208	0.00805	0.00906	0.00906	0.00906	0.00805	0.00503	0.01208	0.01208	0.01611	0.02618	0.05436	0.03020	0.70804	0.04228	0.00805	0.00805	0.01208	0.00503	0.00503
28	0.00982	0.00842	0.00842	0.00842	0.01122	0.00701	0.00631	0.01192	0.01894	0.02244	0.08416	0.07995	0.65285	0.02104	0.00982	0.00281	0.00421	0.01753	0.00771	0.00701
29	0.03727	0.01414	0.01928	0.01478	0.02121	0.01221	0.01221	0.04049	0.02378	0.66198	0.03277	0.02828	0.02056	0.01028	0.00835	0.00257	0.00707	0.00835	0.01028	0.01414
30	0.03103	0.03959	0.02354	0.02140	0.02568	0.67469	0.01605	0.03317	0.02354	0.02033	0.01284	0.01498	0.01070	0.00856	0.00749	0.00214	0.01498	0.00535	0.00428	0.00963
31	0.01443	0.00722	0.01082	0.01082	0.01082	0.00722	0.00722	0.01082	0.01082	0.01443	0.01443	0.02525	0.01443	0.02886	0.03247	0.75830	0.00722	0.00722	0.00361	0.00361
32	0.00982	0.00842	0.00842	0.00842	0.01122	0.00701	0.00631	0.01192	0.01894	0.02244	0.08416	0.07995	0.65285	0.02104	0.00982	0.00281	0.00421	0.01753	0.00771	0.00701
33	0.02221	0.71304	0.04353	0.01421	0.02132	0.03287	0.01421	0.02488	0.01688	0.01955	0.01155	0.01333	0.01066	0.00711	0.00533	0.00178	0.00888	0.00444	0.00355	0.01066
34	0.02092	0.55269	0.06585	0.01566	0.02171	0.03019	0.01530	0.02377	0.01615	0.01988	0.01209	0.01509	0.01116	0.01076	0.03959	0.00261	0.10748	0.00512	0.00360	0.01035
35	0.02034	0.01951	0.03331	0.08049	0.62849	0.01968	0.02538	0.02530	0.01881	0.02687	0.01559	0.02063	0.01306	0.00744	0.00823	0.00248	0.00993	0.00740	0.00409	0.01298
36	0.02126	0.01814	0.01912	0.01703	0.02183	0.02094	0.01329	0.07595	0.60844	0.03571	0.03306	0.03039	0.02475	0.01120	0.00845	0.00280	0.00671	0.00929	0.00845	0.01320
37	0.02022	0.01939	0.03311	0.09518	0.61467	0.01965	0.02533	0.02520	0.01876	0.02673	0.01557	0.02067	0.01301	0.00746	0.00823	0.00249	0.00995	0.00740	0.00408	0.01289
38	0.02056	0.01974	0.03372	0.05099	0.65622	0.01974	0.02550	0.02550	0.01892	0.02714	0.01563	0.02056	0.01316	0.00740	0.00822	0.00247	0.00987	0.00740	0.00411	0.01316
39	0.01961	0.02241	0.04902	0.03501	0.04342	0.02101	0.62605	0.02661	0.01961	0.02661	0.01681	0.02241	0.01261	0.00700	0.00980	0.00280	0.01401	0.00980	0.00420	0.01120
40	0.01000	0.00842	0.00867	0.00861	0.01133	0.00709	0.00645	0.01227	0.01936	0.02346	0.13710	0.07828	0.59928	0.02066	0.00982	0.00279	0.00418	0.01730	0.00785	0.00709
41	0.02056	0.01974	0.03372	0.05099	0.65622	0.01974	0.02550	0.02550	0.01892	0.02714	0.01563	0.02056	0.01316	0.00740	0.00822	0.00247	0.00987	0.00740	0.00411	0.01316
42	0.01203	0.00905	0.01149	0.01244	0.01464	0.00851	0.01036	0.01532	0.01969	0.02531	0.14360	0.08484	0.24299	0.02149	0.01071	0.00333	0.00603	0.33281	0.00788	0.00748
43	0.01723	0.01477	0.01723	0.01230	0.01969	0.01107	0.00984	0.02092	0.01723	0.02707	0.01477	0.01723	0.01230	0.00615	0.00615	0.00123	0.00615	0.00492	0.00492	0.75883
44	0.01187	0.00890	0.01335	0.01335	0.01483	0.01038	0.01038	0.01483	0.01335	0.01928	0.02225	0.03264	0.02077	0.06231	0.67512	0.01335	0.02225	0.00890	0.00445	0.00742
45	0.02056	0.01974	0.03372	0.05099	0.65622	0.01974	0.02550	0.02550	0.01892	0.02714	0.01563	0.02056	0.01316	0.00740	0.00822	0.00247	0.00987	0.00740	0.00411	0.01316
46	0.00982	0.00842	0.00842	0.00842	0.01122	0.00701	0.00631	0.01192	0.01894	0.02244	0.08416	0.07995	0.65285	0.02104	0.00982	0.00281	0.00421	0.01753	0.00771	0.00701
47	0.03417	0.01911	0.02236	0.01714	0.02369	0.01960	0.01416	0.36098	0.03211	0.32972	0.02578	0.02374	0.01706	0.01011	0.00833	0.00253	0.00820	0.00788	0.00921	0.01413
48	0.01666	0.04297	0.66500	0.02368	0.03596	0.01929	0.03069	0.02631	0.01754	0.02631	0.01491	0.01754	0.01052	0.00789	0.00789	0.00263	0.01228	0.00614	0.00351	0.01228
49	0.01203	0.00825	0.01004	0.01004	0.01038	0.00859	0.00626	0.01271	0.01237	0.01683	0.02528	0.04940	0.02805	0.56055	0.18683	0.00926	0.01130	0.01135	0.00490	0.00558
50	0.76672	0.01607	0.01221	0.01092	0.01607	0.01864	0.00900	0.02442	0.01414	0.03727	0.01157	0.01350	0.00900	0.00771	0.00514	0.00257	0.00643	0.00450	0.00514	0.00900
51	0.01069	0.00845	0.00963	0.00934	0.01176	0.00739	0.00700	0.01362	0.02101	0.02735	0.34068	0.07186	0.39326	0.01921	0.00981	0.00272	0.00408	0.01640	0.00836	0.00739
52	0.01666	0.04297	0.66500	0.02368	0.03596	0.01929	0.03069	0.02631	0.01754	0.02631	0.01491	0.01754	0.01052	0.00789	0.00789	0.00263	0.01228	0.00614	0.00351	0.01228
