[name]
unknown

[dist]
# distance from previous block
# <min> <max>
0	53

[block]
# block no. 0 follows, 22 sequences, length 138
# corresponding to MSA columns:
# 55-192
name=unknown_A
#
# <colnr> <probs for GDERKNQSTAVLIFYWHMCP>
#	G	D	E	R	K	N	Q	S	T	A	V	L	I	F	Y	W	H	M	C	P
0	0.02229	0.01919	0.02232	0.02476	0.16424	0.08657	0.01673	0.20993	0.02571	0.03328	0.02920	0.04532	0.06062	0.01381	0.00925	0.00287	0.00918	0.18696	0.00671	0.01107
1	0.01422	0.01961	0.21006	0.01752	0.02260	0.01239	0.01830	0.01972	0.01864	0.02519	0.03702	0.07007	0.06394	0.01831	0.01032	0.00342	0.00889	0.39437	0.00640	0.00902
2	0.01758	0.03249	0.38556	0.02549	0.06374	0.02133	0.07905	0.02439	0.01634	0.02447	0.01390	0.01831	0.01096	0.00980	0.01393	0.00294	0.21796	0.00687	0.00364	0.01126
3	0.02349	0.33728	0.08753	0.01690	0.02276	0.19643	0.01557	0.05068	0.01939	0.02287	0.01408	0.01649	0.01191	0.00837	0.00756	0.00210	0.04978	0.00545	0.08108	0.01028
4	0.02663	0.03513	0.09133	0.02173	0.02589	0.45973	0.01807	0.02949	0.02048	0.02088	0.01262	0.01597	0.01073	0.00984	0.01198	0.00253	0.16727	0.00587	0.00405	0.00979
5	0.01459	0.01543	0.01182	0.01134	0.01448	0.15730	0.00850	0.01671	0.01997	0.02197	0.06811	0.06533	0.50831	0.01823	0.00929	0.00266	0.00663	0.01479	0.00694	0.00760
6	0.01073	0.00808	0.00993	0.01025	0.01198	0.00728	0.00739	0.01339	0.01992	0.02663	0.31092	0.26544	0.22601	0.02088	0.01005	0.00290	0.00428	0.01836	0.00831	0.00728
7	0.03052	0.07849	0.02470	0.02099	0.02543	0.63762	0.01595	0.03269	0.02316	0.02029	0.01277	0.01489	0.01070	0.00848	0.00737	0.00212	0.01463	0.00530	0.00424	0.00969
8	0.01666	0.04297	0.66500	0.02368	0.03596	0.01929	0.03069	0.02631	0.01754	0.02631	0.01491	0.01754	0.01052	0.00789	0.00789	0.00263	0.01228	0.00614	0.00351	0.01228
9	0.01132	0.00847	0.01050	0.00999	0.01214	0.00765	0.00749	0.01483	0.02248	0.03087	0.52406	0.06608	0.20769	0.01790	0.00980	0.00266	0.00398	0.01559	0.00882	0.00765
10	0.01394	0.16694	0.01825	0.01142	0.01438	0.01336	0.00926	0.01732	0.02122	0.02894	0.44408	0.11835	0.06068	0.01571	0.00888	0.00250	0.00513	0.01354	0.00774	0.00836
11	0.02034	0.01951	0.03332	0.07984	0.62910	0.01968	0.02539	0.02530	0.01881	0.02687	0.01559	0.02063	0.01306	0.00744	0.00823	0.00248	0.00992	0.00740	0.00409	0.01298
12	0.01012	0.00723	0.00964	0.01157	0.01205	0.00675	0.00771	0.01157	0.01591	0.02121	0.04579	0.70262	0.05495	0.02603	0.01060	0.00337	0.00482	0.02362	0.00771	0.00675
13	0.02056	0.01974	0.03372	0.05099	0.65622	0.01974	0.02550	0.02550	0.01892	0.02714	0.01563	0.02056	0.01316	0.00740	0.00822	0.00247	0.00987	0.00740	0.00411	0.01316
14	0.02524	0.02456	0.02107	0.01847	0.02338	0.19673	0.01436	0.13725	0.37676	0.03378	0.02591	0.02489	0.01959	0.01033	0.00817	0.00258	0.00925	0.00800	0.00731	0.01237
15	0.01802	0.18058	0.50311	0.02315	0.06547	0.02213	0.02701	0.02597	0.01747	0.02495	0.01425	0.01682	0.01069	0.00770	0.00738	0.00245	0.01145	0.00585	0.00355	0.01199
16	0.01012	0.00723	0.00964	0.01157	0.01205	0.00675	0.00771	0.01157	0.01591	0.02121	0.04579	0.70262	0.05495	0.02603	0.01060	0.00337	0.00482	0.02362	0.00771	0.00675
17	0.01975	0.02455	0.16451	0.04533	0.52771	0.01965	0.02657	0.02566	0.01863	0.02697	0.01548	0.01993	0.01261	0.00750	0.00816	0.00250	0.01037	0.00714	0.00399	0.01298
18	0.02899	0.03181	0.02596	0.02702	0.15634	0.39293	0.01795	0.16559	0.02608	0.02895	0.01502	0.01725	0.01198	0.00864	0.00783	0.00229	0.01261	0.00625	0.00515	0.01137
19	0.02885	0.01227	0.01658	0.01335	0.01830	0.01077	0.01077	0.03230	0.02369	0.45446	0.23713	0.03943	0.03965	0.01249	0.00883	0.00258	0.00603	0.01056	0.00991	0.01206
20	0.01005	0.00750	0.00936	0.01086	0.01186	0.00681	0.00740	0.01165	0.01659	0.02148	0.05442	0.56247	0.18952	0.02490	0.01043	0.00325	0.00468	0.02225	0.00771	0.00681
21	0.01320	0.01018	0.01128	0.01077	0.01379	0.00964	0.00829	0.01913	0.11671	0.05255	0.19108	0.06721	0.37902	0.01834	0.00963	0.00281	0.00480	0.04488	0.00823	0.00846
22	0.01666	0.04297	0.66500	0.02368	0.03596	0.01929	0.03069	0.02631	0.01754	0.02631	0.01491	0.01754	0.01052	0.00789	0.00789	0.00263	0.01228	0.00614	0.00351	0.01228
23	0.03103	0.03959	0.02354	0.02140	0.02568	0.67469	0.01605	0.03317	0.02354	0.02033	0.01284	0.01498	0.01070	0.00856	0.00749	0.00214	0.01498	0.00535	0.00428	0.00963
24	0.21145	0.02241	0.05757	0.02576	0.18878	0.05492	0.01743	0.25820	0.02565	0.03901	0.01610	0.01812	0.01223	0.00855	0.00743	0.00250	0.00911	0.00654	0.00596	0.01227
25	0.01679	0.04206	0.63756	0.02418	0.03629	0.01937	0.05721	0.02632	0.01763	0.02632	0.01499	0.01776	0.01062	0.00785	0.00798	0.00264	0.01235	0.00630	0.00354	0.01223
26	0.01012	0.00723	0.00964	0.01157	0.01205	0.00675	0.00771	0.01157	0.01591	0.02121	0.04579	0.70262	0.05495	0.02603	0.01060	0.00337	0.00482	0.02362	0.00771	0.00675
27	0.02056	0.01974	0.03372	0.05099	0.65622	0.01974	0.02550	0.02550	0.01892	0.02714	0.01563	0.02056	0.01316	0.00740	0.00822	0.00247	0.00987	0.00740	0.00411	0.01316
28	0.02224	0.02335	0.03073	0.10896	0.46532	0.15531	0.02329	0.02666	0.01964	0.02513	0.01496	0.01956	0.01244	0.00773	0.00808	0.00243	0.01105	0.00697	0.00410	0.01203
29	0.01859	0.01772	0.03016	0.30898	0.41365	0.01922	0.02451	0.02377	0.01798	0.02475	0.01528	0.02120	0.01231	0.00777	0.00826	0.00259	0.01036	0.00739	0.00394	0.01157
30	0.01485	0.01194	0.01647	0.01518	0.01623	0.01516	0.01219	0.01760	0.01397	0.02196	0.01924	0.02718	0.01739	0.03451	0.30732	0.00755	0.25562	0.00808	0.15949	0.00808
31	0.02724	0.03256	0.02523	0.02201	0.02548	0.44863	0.04376	0.05671	0.02129	0.02199	0.01284	0.01636	0.01100	0.01010	0.01273	0.00257	0.18931	0.00614	0.00429	0.00977
32	0.01666	0.04297	0.66500	0.02368	0.03596	0.01929	0.03069	0.02631	0.01754	0.02631	0.01491	0.01754	0.01052	0.00789	0.00789	0.00263	0.01228	0.00614	0.00351	0.01228
33	0.02221	0.71304	0.04353	0.01421	0.02132	0.03287	0.01421	0.02488	0.01688	0.01955	0.01155	0.01333	0.01066	0.00711	0.00533	0.00178	0.00888	0.00444	0.00355	0.01066
34	0.01963	0.01721	0.02006	0.15596	0.02898	0.02021	0.01520	0.03940	0.51180	0.03195	0.02987	0.02916	0.02240	0.01066	0.00842	0.00281	0.00751	0.00898	0.00747	0.01234
35	0.01683	0.04198	0.63796	0.02485	0.06253	0.01931	0.03047	0.02627	0.01760	0.02634	0.01494	0.01767	0.01064	0.00787	0.00791	0.00262	0.01217	0.00619	0.00353	0.01232
36	0.01935	0.01850	0.03152	0.20986	0.50685	0.01942	0.02489	0.02443	0.01834	0.02567	0.01541	0.02096	0.01264	0.00763	0.00824	0.00254	0.01017	0.00740	0.00401	0.01218
37	0.01081	0.00772	0.01042	0.01235	0.01313	0.00734	0.00890	0.01275	0.01658	0.02197	0.04541	0.57514	0.05345	0.02538	0.01079	0.00347	0.00541	0.14435	0.00770	0.00694
38	0.02920	0.17912	0.02768	0.01991	0.02478	0.54171	0.01567	0.03145	0.02216	0.02017	0.01257	0.01464	0.01069	0.00826	0.00704	0.00206	0.01372	0.00516	0.00413	0.00984
39	0.01007	0.00745	0.00942	0.01100	0.01190	0.00680	0.00746	0.01163	0.01646	0.02143	0.05276	0.58954	0.16353	0.02512	0.01046	0.00327	0.00471	0.02251	0.00771	0.00680
40	0.01069	0.00813	0.00983	0.01008	0.01193	0.00728	0.00730	0.01336	0.02000	0.02654	0.30515	0.23764	0.26052	0.02071	0.01002	0.00288	0.00425	0.01812	0.00830	0.00728
41	0.03218	0.02231	0.02434	0.01866	0.02528	0.02434	0.01541	0.56677	0.03745	0.11637	0.02129	0.02082	0.01480	0.01001	0.00832	0.00250	0.00892	0.00757	0.00852	0.01413
42	0.01012	0.00723	0.00964	0.01157	0.01205	0.00675	0.00771	0.01157	0.01591	0.02121	0.04579	0.70262	0.05495	0.02603	0.01060	0.00337	0.00482	0.02362	0.00771	0.00675
43	0.02052	0.01986	0.03444	0.05024	0.62753	0.01980	0.05362	0.02555	0.01895	0.02712	0.01568	0.02065	0.01313	0.00738	0.00830	0.00248	0.01006	0.00751	0.00412	0.01307
44	0.03055	0.03859	0.02332	0.02119	0.02549	0.64446	0.01592	0.03368	0.05209	0.02100	0.01381	0.01572	0.01138	0.00869	0.00754	0.00217	0.01459	0.00554	0.00447	0.00979
45	0.03438	0.01954	0.01999	0.01613	0.02188	0.14987	0.01294	0.06485	0.02442	0.46786	0.06054	0.02691	0.02126	0.01026	0.00825	0.00248	0.00864	0.00804	0.00889	0.01287
46	0.02874	0.02186	0.02333	0.01854	0.02468	0.02443	0.01510	0.47630	0.19591	0.04777	0.02356	0.02282	0.01705	0.01031	0.00835	0.00258	0.00847	0.00798	0.00835	0.01387
47	0.01020	0.00736	0.00966	0.01135	0.01203	0.00682	0.00765	0.01181	0.01647	0.02193	0.08069	0.63626	0.08649	0.02528	0.01052	0.00330	0.00474	0.02284	0.00779	0.00682
48	0.01011	0.00729	0.00958	0.01140	0.01201	0.00676	0.00764	0.01159	0.01606	0.02127	0.04780	0.66994	0.08632	0.02576	0.01056	0.00334	0.00479	0.02330	0.00771	0.00676
49	0.06748	0.02814	0.02573	0.02671	0.16713	0.26411	0.01771	0.24083	0.02748	0.03404	0.01591	0.01791	0.01237	0.00875	0.00782	0.00236	0.01132	0.00652	0.00571	0.01198
50	0.01666	0.04297	0.66500	0.02368	0.03596	0.01929	0.03069	0.02631	0.01754	0.02631	0.01491	0.01754	0.01052	0.00789	0.00789	0.00263	0.01228	0.00614	0.00351	0.01228
51	0.01069	0.00832	0.00979	0.01020	0.01227	0.00742	0.00766	0.01327	0.01943	0.02497	0.20424	0.19700	0.34249	0.02125	0.01013	0.00297	0.00461	0.07802	0.00804	0.00722
52	0.05850	0.02032	0.01814	0.01548	0.02005	0.16361	0.01215	0.15450	0.05712	0.16386	0.02436	0.06258	0.01891	0.01056	0.00762	0.00239	0.00844	0.00814	0.16218	0.01110
53	0.02143	0.54580	0.17145	0.01648	0.02454	0.05713	0.01771	0.02552	0.01730	0.02098	0.01230	0.01427	0.01063	0.00733	0.00595	0.00197	0.00984	0.00483	0.00357	0.01095
54	0.01687	0.04171	0.63067	0.02516	0.06969	0.01932	0.03041	0.02626	0.01761	0.02635	0.01495	0.01770	0.01067	0.00787	0.00791	0.00262	0.01215	0.00621	0.00354	0.01233
55	0.02056	0.01974	0.03372	0.05099	0.65622	0.01974	0.02550	0.02550	0.01892	0.02714	0.01563	0.02056	0.01316	0.00740	0.00822	0.00247	0.00987	0.00740	0.00411	0.01316
56	0.02158	0.02968	0.19686	0.03808	0.37113	0.14722	0.02502	0.02720	0.01946	0.02560	0.01490	0.01868	0.01199	0.00776	0.00799	0.00245	0.01150	0.00667	0.00399	0.01224
57	0.01838	0.01786	0.01831	0.08796	0.06036	0.16134	0.01567	0.02306	0.05134	0.02410	0.03182	0.06123	0.03254	0.01672	0.00991	0.00321	0.00973	0.34129	0.00632	0.00885
58	0.00997	0.00781	0.00904	0.01002	0.01164	0.00688	0.00702	0.01174	0.01739	0.02181	0.06461	0.39712	0.34830	0.02358	0.01022	0.00309	0.00452	0.02063	0.00771	0.00688
59	0.01883	0.02030	0.04180	0.03591	0.16716	0.01928	0.43807	0.02483	0.01908	0.02616	0.01954	0.09194	0.01707	0.00904	0.00956	0.00279	0.01220	0.01073	0.00454	0.01115
60	0.01175	0.04685	0.01141	0.00996	0.01270	0.04264	0.00753	0.01395	0.01905	0.02291	0.11781	0.15153	0.46295	0.01998	0.00956	0.00277	0.00506	0.01680	0.00744	0.00737
61	0.01689	0.04163	0.62854	0.02526	0.07178	0.01932	0.03039	0.02626	0.01762	0.02636	0.01495	0.01771	0.01068	0.00786	0.00791	0.00262	0.01214	0.00621	0.00354	0.01233
62	0.01193	0.00864	0.01205	0.01205	0.01309	0.00968	0.00877	0.01400	0.01297	0.01832	0.02344	0.03920	0.02362	0.25743	0.48389	0.01175	0.01796	0.00986	0.00463	0.00670
63	0.02959	0.06413	0.02360	0.02034	0.02475	0.58790	0.01546	0.05574	0.02366	0.02170	0.01682	0.01853	0.04454	0.00921	0.00756	0.00217	0.01394	0.00604	0.00459	0.00972
64	0.02755	0.03240	0.02273	0.02168	0.05762	0.45533	0.01573	0.03587	0.19800	0.02477	0.01892	0.01980	0.01498	0.00927	0.00780	0.00235	0.01234	0.00660	0.00545	0.01081
65	0.01187	0.00890	0.01335	0.01335	0.01483	0.01038	0.01038	0.01483	0.01335	0.01928	0.02225	0.03264	0.02077	0.06231	0.67512	0.01335	0.02225	0.00890	0.00445	0.00742
66	0.02006	0.01923	0.03282	0.11647	0.59466	0.01961	0.02525	0.02506	0.01868	0.02653	0.01554	0.02072	0.01294	0.00749	0.00823	0.00250	0.00999	0.00740	0.00407	0.01275
67	0.01526	0.03242	0.46104	0.02034	0.02947	0.01599	0.02455	0.02291	0.01801	0.02560	0.02820	0.03987	0.08570	0.01239	0.00884	0.00290	0.01047	0.13044	0.00481	0.01077
68	0.01666	0.04297	0.66500	0.02368	0.03596	0.01929	0.03069	0.02631	0.01754	0.02631	0.01491	0.01754	0.01052	0.00789	0.00789	0.00263	0.01228	0.00614	0.00351	0.01228
69	0.03158	0.02327	0.02493	0.01911	0.02576	0.02576	0.01579	0.62852	0.03906	0.05236	0.01995	0.01995	0.01413	0.00997	0.00831	0.00249	0.00914	0.00748	0.00831	0.01413
70	0.01177	0.00848	0.01120	0.01107	0.01288	0.00791	0.00841	0.01544	0.02231	0.03124	0.52886	0.12790	0.07289	0.01849	0.01005	0.00281	0.00440	0.07732	0.00885	0.00771
71	0.02117	0.02089	0.03313	0.04928	0.61980	0.05757	0.02495	0.02594	0.01918	0.02675	0.01547	0.02024	0.01302	0.00747	0.00818	0.00245	0.01016	0.00728	0.00412	0.01296
72	0.02221	0.71304	0.04353	0.01421	0.02132	0.03287	0.01421	0.02488	0.01688	0.01955	0.01155	0.01333	0.01066	0.00711	0.00533	0.00178	0.00888	0.00444	0.00355	0.01066
73	0.00982	0.00842	0.00842	0.00842	0.01122	0.00701	0.00631	0.01192	0.01894	0.02244	0.08416	0.07995	0.65285	0.02104	0.00982	0.00281	0.00421	0.01753	0.00771	0.00701
74	0.01946	0.01862	0.03174	0.19439	0.52140	0.01945	0.02495	0.02453	0.01840	0.02581	0.01543	0.02092	0.01269	0.00761	0.00824	0.00254	0.01014	0.00740	0.00402	0.01227
75	0.01569	0.01477	0.02492	0.68808	0.05722	0.01846	0.02307	0.02123	0.01661	0.02123	0.01477	0.02215	0.01107	0.00831	0.00831	0.00277	0.01107	0.00738	0.00369	0.00923
76	0.01012	0.00723	0.00964	0.01157	0.01205	0.00675	0.00771	0.01157	0.01591	0.02121	0.04579	0.70262	0.05495	0.02603	0.01060	0.00337	0.00482	0.02362	0.00771	0.00675
77	0.01961	0.02241	0.04902	0.03501	0.04342	0.02101	0.62605	0.02661	0.01961	0.02661	0.01681	0.02241	0.01261	0.00700	0.00980	0.00280	0.01401	0.00980	0.00420	0.01120
78	0.01839	0.25217	0.47098	0.02072	0.03139	0.02353	0.02555	0.02586	0.01733	0.02420	0.01386	0.01622	0.01057	0.00765	0.00709	0.00236	0.01122	0.00561	0.00352	0.01177
79	0.01666	0.04297	0.66500	0.02368	0.03596	0.01929	0.03069	0.02631	0.01754	0.02631	0.01491	0.01754	0.01052	0.00789	0.00789	0.00263	0.01228	0.00614	0.00351	0.01228
80	0.01012	0.00723	0.00964	0.01157	0.01205	0.00675	0.00771	0.01157	0.01591	0.02121	0.04579	0.70262	0.05495	0.02603	0.01060	0.00337	0.00482	0.02362	0.00771	0.00675
81	0.02221	0.71304	0.04353	0.01421	0.02132	0.03287	0.01421	0.02488	0.01688	0.01955	0.01155	0.01333	0.01066	0.00711	0.00533	0.00178	0.00888	0.00444	0.00355	0.01066
82	0.02056	0.01974	0.03372	0.05099	0.65622	0.01974	0.02550	0.02550	0.01892	0.02714	0.01563	0.02056	0.01316	0.00740	0.00822	0.00247	0.00987	0.00740	0.00411	0.01316
83	0.03103	0.03959	0.02354	0.02140	0.02568	0.67469	0.01605	0.03317	0.02354	0.02033	0.01284	0.01498	0.01070	0.00856	0.00749	0.00214	0.01498	0.00535	0.00428	0.00963
84	0.01176	0.00849	0.01110	0.01045	0.01241	0.00784	0.00784	0.01568	0.02352	0.03331	0.65184	0.06206	0.07839	0.01698	0.00980	0.00261	0.00392	0.01502	0.00914	0.00784
85	0.01057	0.00845	0.00945	0.00920	0.01168	0.00733	0.00690	0.01337	0.02070	0.02663	0.30307	0.07305	0.43132	0.01948	0.00981	0.00273	0.00410	0.01657	0.00827	0.00733
86	0.01258	0.00930	0.01227	0.01375	0.01586	0.00899	0.01179	0.01602	0.01908	0.02432	0.05303	0.09061	0.18400	0.02252	0.01110	0.00360	0.00687	0.46913	0.00766	0.00751
87	0.01012	0.00723	0.00964	0.01157	0.01205	0.00675	0.00771	0.01157	0.01591	0.02121	0.04579	0.70262	0.05495	0.02603	0.01060	0.00337	0.00482	0.02362	0.00771	0.00675
88	0.03103	0.03959	0.02354	0.02140	0.02568	0.67469	0.01605	0.03317	0.02354	0.02033	0.01284	0.01498	0.01070	0.00856	0.00749	0.00214	0.01498	0.00535	0.00428	0.00963
89	0.01719	0.01092	0.01338	0.16204	0.02203	0.01201	0.01072	0.08239	0.01946	0.03098	0.02359	0.02785	0.01826	0.00940	0.00663	0.00218	0.00603	0.00763	0.50858	0.00873
90	0.01012	0.00723	0.00964	0.01157	0.01205	0.00675	0.00771	0.01157	0.01591	0.02121	0.04579	0.70262	0.05495	0.02603	0.01060	0.00337	0.00482	0.02362	0.00771	0.00675
91	0.02056	0.01974	0.03372	0.05099	0.65622	0.01974	0.02550	0.02550	0.01892	0.02714	0.01563	0.02056	0.01316	0.00740	0.00822	0.00247	0.00987	0.00740	0.00411	0.01316
92	0.02221	0.71304	0.04353	0.01421	0.02132	0.03287	0.01421	0.02488	0.01688	0.01955	0.01155	0.01333	0.01066	0.00711	0.00533	0.00178	0.00888	0.00444	0.00355	0.01066
93	0.01666	0.04297	0.66500	0.02368	0.03596	0.01929	0.03069	0.02631	0.01754	0.02631	0.01491	0.01754	0.01052	0.00789	0.00789	0.00263	0.01228	0.00614	0.00351	0.01228
94	0.00984	0.00835	0.00849	0.00860	0.01127	0.00700	0.00639	0.01190	0.01876	0.02237	0.08194	0.11591	0.61832	0.02133	0.00986	0.00284	0.00424	0.01788	0.00771	0.00700
95	0.01012	0.00723	0.00964	0.01157	0.01205	0.00675	0.00771	0.01157	0.01591	0.02121	0.04579	0.70262	0.05495	0.02603	0.01060	0.00337	0.00482	0.02362	0.00771	0.00675
96	0.01207	0.00810	0.00929	0.00929	0.00937	0.00818	0.00532	0.01223	0.01215	0.01628	0.02596	0.05318	0.02969	0.67292	0.07670	0.00834	0.00883	0.01191	0.00500	0.00516
97	0.02056	0.01974	0.03372	0.05099	0.65622	0.01974	0.02550	0.02550	0.01892	0.02714	0.01563	0.02056	0.01316	0.00740	0.00822	0.00247	0.00987	0.00740	0.00411	0.01316
98	0.01666	0.04297	0.66500	0.02368	0.03596	0.01929	0.03069	0.02631	0.01754	0.02631	0.01491	0.01754	0.01052	0.00789	0.00789	0.00263	0.01228	0.00614	0.00351	0.01228
99	0.01666	0.04297	0.66500	0.02368	0.03596	0.01929	0.03069	0.02631	0.01754	0.02631	0.01491	0.01754	0.01052	0.00789	0.00789	0.00263	0.01228	0.00614	0.00351	0.01228
100	0.01666	0.04297	0.66500	0.02368	0.03596	0.01929	0.03069	0.02631	0.01754	0.02631	0.01491	0.01754	0.01052	0.00789	0.00789	0.00263	0.01228	0.00614	0.00351	0.01228
101	0.01012	0.00723	0.00964	0.01157	0.01205	0.00675	0.00771	0.01157	0.01591	0.02121	0.04579	0.70262	0.05495	0.02603	0.01060	0.00337	0.00482	0.02362	0.00771	0.00675
102	0.01880	0.01795	0.03055	0.28072	0.44022	0.01928	0.02462	0.02396	0.01808	0.02501	0.01532	0.02113	0.01241	0.00773	0.00825	0.00258	0.01030	0.00740	0.00396	0.01174
103	0.02056	0.01974	0.03372	0.05099	0.65622	0.01974	0.02550	0.02550	0.01892	0.02714	0.01563	0.02056	0.01316	0.00740	0.00822	0.00247	0.00987	0.00740	0.00411	0.01316
104	0.03029	0.01248	0.01656	0.01327	0.01802	0.01105	0.01037	0.03281	0.02113	0.48422	0.06317	0.03589	0.02571	0.16768	0.01607	0.00381	0.00713	0.00954	0.00904	0.01176
105	0.01733	0.03834	0.52635	0.02623	0.03764	0.01968	0.16470	0.02638	0.01800	0.02638	0.01534	0.01864	0.01099	0.00769	0.00832	0.00267	0.01267	0.00696	0.00366	0.01204
106	0.01044	0.00844	0.00928	0.00907	0.01160	0.00728	0.00680	0.01312	0.02040	0.02592	0.26596	0.07422	0.46888	0.01974	0.00981	0.00274	0.00412	0.01673	0.00817	0.00728
107	0.00982	0.00842	0.00842	0.00842	0.01122	0.00701	0.00631	0.01192	0.01894	0.02244	0.08416	0.07995	0.65285	0.02104	0.00982	0.00281	0.00421	0.01753	0.00771	0.00701
108	0.01697	0.04086	0.60169	0.02484	0.03672	0.01947	0.09188	0.02634	0.01775	0.02634	0.01510	0.01804	0.01074	0.00780	0.00809	0.00265	0.01246	0.00652	0.00358	0.01217
109	0.01905	0.01820	0.03099	0.24847	0.47055	0.01934	0.02474	0.02417	0.01820	0.02531	0.01536	0.02105	0.01251	0.00768	0.00825	0.00256	0.01024	0.00740	0.00398	0.01194
110	0.01012	0.00723	0.00964	0.01157	0.01205	0.00675	0.00771	0.01157	0.01591	0.02121	0.04579	0.70262	0.05495	0.02603	0.01060	0.00337	0.00482	0.02362	0.00771	0.00675
111	0.01187	0.00890	0.01335	0.01335	0.01483	0.01038	0.01038	0.01483	0.01335	0.01928	0.02225	0.03264	0.02077	0.06231	0.67512	0.01335	0.02225	0.00890	0.00445	0.00742
112	0.01982	0.01869	0.03163	0.04732	0.59054	0.01869	0.02425	0.02464	0.01894	0.02691	0.01854	0.02808	0.01672	0.00900	0.00856	0.00261	0.00964	0.06834	0.00448	0.01259
113	0.01805	0.03325	0.37380	0.02904	0.03948	0.02010	0.31214	0.02645	0.01852	0.02645	0.01581	0.01984	0.01151	0.00747	0.00880	0.00271	0.01309	0.00787	0.00384	0.01177
114	0.01666	0.04297	0.66500	0.02368	0.03596	0.01929	0.03069	0.02631	0.01754	0.02631	0.01491	0.01754	0.01052	0.00789	0.00789	0.00263	0.01228	0.00614	0.00351	0.01228
115	0.02400	0.01781	0.01883	0.01575	0.02063	0.01986	0.01259	0.27953	0.25251	0.04116	0.02658	0.02643	0.01981	0.01038	0.00780	0.00249	0.00702	0.00823	0.17624	0.01234
116	0.01740	0.03784	0.51119	0.02651	0.03782	0.01972	0.17935	0.02638	0.01806	0.02638	0.01538	0.01876	0.01104	0.00767	0.00837	0.00267	0.01271	0.00705	0.00368	0.01201
117	0.01089	0.00825	0.01021	0.01134	0.01303	0.00757	0.00861	0.01326	0.01811	0.02315	0.09118	0.31317	0.25500	0.02313	0.01050	0.00325	0.00524	0.15921	0.00778	0.00711
118	0.03103	0.03959	0.02354	0.02140	0.02568	0.67469	0.01605	0.03317	0.02354	0.02033	0.01284	0.01498	0.01070	0.00856	0.00749	0.00214	0.01498	0.00535	0.00428	0.00963
119	0.01833	0.03130	0.31529	0.03011	0.04019	0.02027	0.36869	0.02648	0.01871	0.02648	0.01599	0.02030	0.01171	0.00739	0.00898	0.00273	0.01326	0.00822	0.00390	0.01167
120	0.01741	0.03811	0.52501	0.02764	0.09157	0.01957	0.11184	0.02628	0.01794	0.02642	0.01523	0.01847	0.01104	0.00773	0.00818	0.00264	0.01230	0.00675	0.00366	0.01221
121	0.02292	0.02421	0.03143	0.04433	0.51430	0.16716	0.02337	0.02722	0.01996	0.02561	0.01500	0.01931	0.01261	0.00766	0.00806	0.00239	0.01102	0.00694	0.00415	0.01236
122	0.02132	0.60547	0.14330	0.01573	0.02367	0.03069	0.01686	0.02511	0.01699	0.02063	0.01209	0.01400	0.01064	0.00723	0.00574	0.00191	0.00943	0.00471	0.00355	0.01092
123	0.01523	0.01095	0.01521	0.18094	0.02561	0.01121	0.01332	0.01884	0.01891	0.08863	0.04893	0.06453	0.23760	0.01735	0.00981	0.00309	0.00730	0.19708	0.00695	0.00850
124	0.01946	0.01862	0.03174	0.19439	0.52140	0.01945	0.02495	0.02453	0.01840	0.02581	0.01543	0.02092	0.01269	0.00761	0.00824	0.00254	0.01014	0.00740	0.00402	0.01227
125	0.00982	0.00842	0.00842	0.00842	0.01122	0.00701	0.00631	0.01192	0.01894	0.02244	0.08416	0.07995	0.65285	0.02104	0.00982	0.00281	0.00421	0.01753	0.00771	0.00701
126	0.02034	0.01951	0.03331	0.08044	0.62853	0.01968	0.02538	0.02530	0.01881	0.02687	0.01559	0.02063	0.01306	0.00744	0.00823	0.00248	0.00992	0.00740	0.00409	0.01298
127	0.02511	0.16395	0.05664	0.02396	0.15425	0.09051	0.01700	0.06446	0.16083	0.12978	0.02154	0.02191	0.01626	0.00895	0.00762	0.00240	0.00908	0.00713	0.00618	0.01244
128	0.01012	0.00723	0.00964	0.01157	0.01205	0.00675	0.00771	0.01157	0.01591	0.02121	0.04579	0.70262	0.05495	0.02603	0.01060	0.00337	0.00482	0.02362	0.00771	0.00675
129	0.01697	0.04086	0.60169	0.02484	0.03672	0.01947	0.09188	0.02634	0.01775	0.02634	0.01510	0.01804	0.01074	0.00780	0.00809	0.00265	0.01246	0.00652	0.00358	0.01217
130	0.02464	0.09472	0.06623	0.03028	0.16552	0.29284	0.15596	0.02891	0.02073	0.02344	0.01432	0.01783	0.01165	0.00779	0.00799	0.00235	0.01295	0.00675	0.00412	0.01098
131	0.01040	0.00815	0.00947	0.01016	0.01209	0.00722	0.00748	0.01261	0.01845	0.02332	0.12457	0.27372	0.36020	0.02236	0.01020	0.00305	0.00465	0.06699	0.00785	0.00706
132	0.01007	0.00742	0.00944	0.01106	0.01192	0.00679	0.00749	0.01162	0.01639	0.02141	0.05195	0.60266	0.15093	0.02523	0.01048	0.00328	0.00472	0.02264	0.00771	0.00679
133	0.02276	0.02425	0.02405	0.17485	0.13277	0.22421	0.01827	0.03257	0.20789	0.02598	0.02006	0.02233	0.01561	0.00914	0.00808	0.00254	0.01074	0.00736	0.00538	0.01117
134	0.01768	0.09106	0.28914	0.19167	0.04188	0.02076	0.18190	0.02499	0.01779	0.02451	0.01506	0.01957	0.01121	0.00769	0.00826	0.00263	0.01212	0.00725	0.00374	0.01109
135	0.01871	0.02304	0.15922	0.17721	0.25366	0.01957	0.02326	0.02893	0.15820	0.02739	0.01938	0.02263	0.01490	0.00857	0.00822	0.00265	0.00989	0.00758	0.00487	0.01211
136	0.05180	0.05337	0.16298	0.03013	0.27367	0.07982	0.02053	0.02351	0.01876	0.02547	0.02905	0.03106	0.14460	0.01044	0.00815	0.00252	0.00951	0.00878	0.00477	0.01107
137	0.02348	0.02191	0.10768	0.01693	0.02176	0.15286	0.01496	0.02732	0.02007	0.18849	0.10332	0.02873	0.02414	0.02147	0.14747	0.00479	0.04949	0.00834	0.00636	0.01044

[dist]
# distance from previous block
# <min> <max>
1	32

[block]
# block no. 1 follows, 22 sequences, length 262
# corresponding to MSA columns:
# 225-486
name=unknown_B
#
# <colnr> <probs for GDERKNQSTAVLIFYWHMCP>
#	G	D	E	R	K	N	Q	S	T	A	V	L	I	F	Y	W	H	M	C	P
0	0.01944	0.02499	0.19302	0.01888	0.02472	0.09676	0.05013	0.14776	0.02231	0.02927	0.02647	0.25461	0.02675	0.01462	0.00897	0.00281	0.00947	0.01256	0.00609	0.01037
1	0.01712	0.01551	0.02158	0.02588	0.22197	0.01591	0.04374	0.02664	0.20539	0.02743	0.04018	0.04188	0.18922	0.05760	0.01100	0.00304	0.00744	0.01113	0.00644	0.01089
2	0.05721	0.17916	0.21557	0.02290	0.10376	0.19466	0.02020	0.02678	0.01907	0.02368	0.01767	0.01983	0.04881	0.00861	0.00726	0.00231	0.01122	0.00632	0.00412	0.01087
3	0.01817	0.15298	0.46053	0.02553	0.09849	0.02173	0.05964	0.02600	0.01768	0.02527	0.01452	0.01740	0.01093	0.00766	0.00760	0.00248	0.01155	0.00618	0.00362	0.01204
4	0.01823	0.03287	0.37611	0.03229	0.16811	0.01982	0.18069	0.02621	0.01835	0.02656	0.01554	0.01941	0.01161	0.00756	0.00845	0.00264	0.01221	0.00733	0.00381	0.01219
5	0.01502	0.01128	0.01229	0.01178	0.01469	0.03556	0.00877	0.01996	0.09522	0.08044	0.12767	0.22628	0.23685	0.01854	0.00947	0.00281	0.00539	0.01597	0.00794	0.04409
6	0.01927	0.03026	0.25168	0.02639	0.03497	0.10296	0.26674	0.02680	0.04435	0.02567	0.02209	0.02505	0.06687	0.00888	0.00880	0.00266	0.01240	0.00862	0.00445	0.01109
7	0.04427	0.12656	0.01819	0.01339	0.01584	0.01335	0.04252	0.04435	0.01696	0.02290	0.03423	0.43505	0.03937	0.07936	0.01210	0.00341	0.00654	0.01715	0.00652	0.00793
8	0.14136	0.05073	0.01730	0.04536	0.05365	0.15443	0.01187	0.02263	0.01853	0.07946	0.03192	0.21298	0.09866	0.01469	0.00828	0.00269	0.00812	0.01207	0.00621	0.00904
9	0.02253	0.02515	0.03012	0.06979	0.20110	0.21979	0.11144	0.02635	0.01900	0.02309	0.01441	0.01938	0.01217	0.01142	0.04152	0.00312	0.12774	0.00719	0.00409	0.01062
10	0.02024	0.01960	0.02026	0.13232	0.06289	0.15398	0.01500	0.05056	0.05666	0.05342	0.05304	0.06057	0.11428	0.01215	0.01029	0.00259	0.07854	0.00947	0.00571	0.06842
11	0.01772	0.18135	0.48036	0.02177	0.03232	0.02175	0.05453	0.02546	0.01744	0.02471	0.01547	0.04300	0.01234	0.00838	0.00755	0.00249	0.01136	0.00662	0.00371	0.01168
12	0.01062	0.00764	0.01016	0.01191	0.01273	0.00719	0.00843	0.01252	0.01677	0.02224	0.07143	0.56949	0.07838	0.02505	0.01066	0.00338	0.00514	0.10157	0.00776	0.00692
13	0.01783	0.18369	0.53449	0.02169	0.03288	0.02214	0.02723	0.02601	0.01740	0.02489	0.01420	0.01665	0.01055	0.00773	0.00735	0.00245	0.01156	0.00578	0.00352	0.01194
14	0.02057	0.02130	0.03632	0.10000	0.40242	0.06240	0.18257	0.02592	0.01920	0.02605	0.01568	0.02082	0.01267	0.00745	0.00860	0.00256	0.01139	0.00790	0.00411	0.01208
15	0.01992	0.01909	0.03257	0.13414	0.57804	0.01957	0.02518	0.02494	0.01862	0.02637	0.01551	0.02077	0.01289	0.00752	0.00823	0.00251	0.01003	0.00740	0.00406	0.01265
16	0.03025	0.03978	0.05832	0.02153	0.02624	0.63916	0.01685	0.03280	0.02322	0.02066	0.01295	0.01512	0.01069	0.00852	0.00751	0.00217	0.01483	0.00539	0.00424	0.00977
17	0.01996	0.14379	0.46119	0.02186	0.03198	0.13350	0.02569	0.02727	0.01847	0.02426	0.01405	0.01646	0.01057	0.00789	0.00744	0.00242	0.01223	0.00575	0.00365	0.01158
18	0.01666	0.04297	0.66500	0.02368	0.03596	0.01929	0.03069	0.02631	0.01754	0.02631	0.01491	0.01754	0.01052	0.00789	0.00789	0.00263	0.01228	0.00614	0.00351	0.01228
19	0.01006	0.00748	0.00938	0.01089	0.01187	0.00680	0.00741	0.01164	0.01655	0.02147	0.05399	0.56951	0.18276	0.02496	0.01044	0.00325	0.00469	0.02232	0.00771	0.00680
20	0.02326	0.11292	0.03048	0.03508	0.35117	0.21515	0.02015	0.02691	0.02003	0.02388	0.01824	0.02142	0.04910	0.00850	0.00773	0.00230	0.01093	0.00700	0.00430	0.01144
21	0.01399	0.00970	0.01169	0.01171	0.01452	0.00898	0.00947	0.01797	0.04950	0.07903	0.14617	0.07488	0.30660	0.01967	0.01013	0.00306	0.00555	0.19103	0.00815	0.00821
22	0.01012	0.00723	0.00964	0.01157	0.01205	0.00675	0.00771	0.01157	0.01591	0.02121	0.04579	0.70262	0.05495	0.02603	0.01060	0.00337	0.00482	0.02362	0.00771	0.00675
23	0.09407	0.03638	0.02316	0.02224	0.06211	0.57923	0.01600	0.03196	0.02245	0.02220	0.01290	0.01518	0.01070	0.00842	0.00733	0.00220	0.01394	0.00540	0.00434	0.00978
24	0.02056	0.01974	0.03372	0.05099	0.65622	0.01974	0.02550	0.02550	0.01892	0.02714	0.01563	0.02056	0.01316	0.00740	0.00822	0.00247	0.00987	0.00740	0.00411	0.01316
25	0.02056	0.01974	0.03372	0.05099	0.65622	0.01974	0.02550	0.02550	0.01892	0.02714	0.01563	0.02056	0.01316	0.00740	0.00822	0.00247	0.00987	0.00740	0.00411	0.01316
26	0.01187	0.00890	0.01335	0.01335	0.01483	0.01038	0.01038	0.01483	0.01335	0.01928	0.02225	0.03264	0.02077	0.06231	0.67512	0.01335	0.02225	0.00890	0.00445	0.00742
27	0.01831	0.24166	0.48072	0.02087	0.03162	0.02332	0.02581	0.02588	0.01734	0.02430	0.01391	0.01629	0.01056	0.00766	0.00713	0.00238	0.01127	0.00564	0.00352	0.01180
28	0.02554	0.02716	0.02966	0.02387	0.02846	0.23683	0.14462	0.15578	0.02334	0.02841	0.01471	0.01840	0.01188	0.01003	0.01308	0.00273	0.18253	0.00722	0.00496	0.01079
29	0.01017	0.00736	0.00962	0.01132	0.01201	0.00681	0.00763	0.01175	0.01640	0.02176	0.07206	0.63714	0.09461	0.02535	0.01052	0.00331	0.00474	0.02289	0.00777	0.00681
30	0.02056	0.01974	0.03372	0.05099	0.65622	0.01974	0.02550	0.02550	0.01892	0.02714	0.01563	0.02056	0.01316	0.00740	0.00822	0.00247	0.00987	0.00740	0.00411	0.01316
31	0.01952	0.01868	0.03184	0.18719	0.52817	0.01946	0.02498	0.02458	0.01842	0.02588	0.01544	0.02090	0.01271	0.00760	0.00824	0.00253	0.01013	0.00740	0.00402	0.01232
32	0.02014	0.01717	0.01805	0.01615	0.02076	0.01953	0.01259	0.07250	0.54435	0.03444	0.03826	0.03545	0.08951	0.01221	0.00859	0.00280	0.00647	0.01013	0.00837	0.01257
33	0.03103	0.03959	0.02354	0.02140	0.02568	0.67469	0.01605	0.03317	0.02354	0.02033	0.01284	0.01498	0.01070	0.00856	0.00749	0.00214	0.01498	0.00535	0.00428	0.00963
34	0.02000	0.02051	0.02329	0.16219	0.20449	0.15236	0.01790	0.05291	0.05410	0.02515	0.03046	0.03274	0.14727	0.01102	0.00844	0.00255	0.00977	0.00921	0.00525	0.01039
35	0.01912	0.22580	0.46511	0.02068	0.03127	0.02271	0.02533	0.02655	0.01764	0.05311	0.01479	0.01687	0.01101	0.00778	0.00721	0.00239	0.01111	0.00577	0.00383	0.01192
36	0.00982	0.00842	0.00842	0.00842	0.01122	0.00701	0.00631	0.01192	0.01894	0.02244	0.08416	0.07995	0.65285	0.02104	0.00982	0.00281	0.00421	0.01753	0.00771	0.00701
37	0.01716	0.03951	0.56128	0.02559	0.03721	0.01958	0.13094	0.02636	0.01789	0.02636	0.01523	0.01836	0.01087	0.00774	0.00821	0.00266	0.01257	0.00676	0.00362	0.01210
38	0.02008	0.01925	0.03286	0.11346	0.59749	0.01961	0.02526	0.02508	0.01869	0.02656	0.01554	0.02072	0.01295	0.00749	0.00823	0.00250	0.00999	0.00740	0.00407	0.01277
39	0.02056	0.01974	0.03372	0.05099	0.65622	0.01974	0.02550	0.02550	0.01892	0.02714	0.01563	0.02056	0.01316	0.00740	0.00822	0.00247	0.00987	0.00740	0.00411	0.01316
40	0.00982	0.00842	0.00842	0.00842	0.01122	0.00701	0.00631	0.01192	0.01894	0.02244	0.08416	0.07995	0.65285	0.02104	0.00982	0.00281	0.00421	0.01753	0.00771	0.00701
41	0.01599	0.01095	0.01176	0.01130	0.01348	0.04918	0.00870	0.05371	0.01752	0.02722	0.02404	0.03001	0.02006	0.02925	0.25557	0.00624	0.01168	0.00802	0.38724	0.00810
42	0.01208	0.00805	0.00906	0.00906	0.00906	0.00805	0.00503	0.01208	0.01208	0.01611	0.02618	0.05436	0.03020	0.70804	0.04228	0.00805	0.00805	0.01208	0.00503	0.00503
43	0.01012	0.00723	0.00964	0.01157	0.01205	0.00675	0.00771	0.01157	0.01591	0.02121	0.04579	0.70262	0.05495	0.02603	0.01060	0.00337	0.00482	0.02362	0.00771	0.00675
44	0.02238	0.02355	0.03078	0.09979	0.46960	0.15964	0.02327	0.02677	0.01971	0.02517	0.01496	0.01951	0.01245	0.00773	0.00807	0.00242	0.01107	0.00696	0.00411	0.01206
45	0.01666	0.04297	0.66500	0.02368	0.03596	0.01929	0.03069	0.02631	0.01754	0.02631	0.01491	0.01754	0.01052	0.00789	0.00789	0.00263	0.01228	0.00614	0.00351	0.01228
46	0.01666	0.04297	0.66500	0.02368	0.03596	0.01929	0.03069	0.02631	0.01754	0.02631	0.01491	0.01754	0.01052	0.00789	0.00789	0.00263	0.01228	0.00614	0.00351	0.01228
47	0.01100	0.00821	0.01023	0.01026	0.01208	0.00743	0.00749	0.01401	0.02093	0.02844	0.40307	0.20275	0.19401	0.01977	0.00997	0.00282	0.00417	0.01739	0.00854	0.00743
48	0.02221	0.71304	0.04353	0.01421	0.02132	0.03287	0.01421	0.02488	0.01688	0.01955	0.01155	0.01333	0.01066	0.00711	0.00533	0.00178	0.00888	0.00444	0.00355	0.01066
49	0.01224	0.00945	0.01407	0.01385	0.01525	0.01127	0.01084	0.01514	0.01331	0.01933	0.02158	0.03178	0.02019	0.05948	0.63684	0.01278	0.06188	0.00880	0.00440	0.00752
50	0.01187	0.00890	0.01335	0.01335	0.01483	0.01038	0.01038	0.01483	0.01335	0.01928	0.02225	0.03264	0.02077	0.06231	0.67512	0.01335	0.02225	0.00890	0.00445	0.00742
51	0.02056	0.01974	0.03372	0.05099	0.65622	0.01974	0.02550	0.02550	0.01892	0.02714	0.01563	0.02056	0.01316	0.00740	0.00822	0.00247	0.00987	0.00740	0.00411	0.01316
52	0.03051	0.07939	0.02472	0.02098	0.02542	0.63677	0.01594	0.03268	0.02315	0.02029	0.01276	0.01488	0.01070	0.00847	0.00736	0.00212	0.01462	0.00530	0.00424	0.00969
53	0.03103	0.03959	0.02354	0.02140	0.02568	0.67469	0.01605	0.03317	0.02354	0.02033	0.01284	0.01498	0.01070	0.00856	0.00749	0.00214	0.01498	0.00535	0.00428	0.00963
54	0.01666	0.04297	0.66500	0.02368	0.03596	0.01929	0.03069	0.02631	0.01754	0.02631	0.01491	0.01754	0.01052	0.00789	0.00789	0.00263	0.01228	0.00614	0.00351	0.01228
55	0.03103	0.03959	0.02354	0.02140	0.02568	0.67469	0.01605	0.03317	0.02354	0.02033	0.01284	0.01498	0.01070	0.00856	0.00749	0.00214	0.01498	0.00535	0.00428	0.00963
56	0.02814	0.01995	0.02126	0.01668	0.02232	0.02191	0.01366	0.49830	0.03443	0.04778	0.02147	0.02230	0.01566	0.00991	0.00778	0.00237	0.00801	0.00754	0.16776	0.01276
57	0.01164	0.00798	0.00908	0.00933	0.00963	0.00780	0.00549	0.01200	0.01316	0.01730	0.03364	0.13978	0.08655	0.56182	0.03544	0.00700	0.00731	0.01403	0.00561	0.00542
58	0.01023	0.00843	0.00899	0.00885	0.01148	0.00719	0.00664	0.01272	0.01991	0.02477	0.20551	0.07612	0.53004	0.02017	0.00981	0.00276	0.00415	0.01700	0.00802	0.00719
59	0.01339	0.00956	0.01339	0.01530	0.01721	0.00956	0.01339	0.01721	0.01912	0.02486	0.04399	0.09371	0.04781	0.02295	0.01147	0.00382	0.00765	0.60031	0.00765	0.00765
60	0.01961	0.02241	0.04902	0.03501	0.04342	0.02101	0.62605	0.02661	0.01961	0.02661	0.01681	0.02241	0.01261	0.00700	0.00980	0.00280	0.01401	0.00980	0.00420	0.01120
61	0.03103	0.03959	0.02354	0.02140	0.02568	0.67469	0.01605	0.03317	0.02354	0.02033	0.01284	0.01498	0.01070	0.00856	0.00749	0.00214	0.01498	0.00535	0.00428	0.00963
62	0.00982	0.00842	0.00842	0.00842	0.01122	0.00701	0.00631	0.01192	0.01894	0.02244	0.08416	0.07995	0.65285	0.02104	0.00982	0.00281	0.00421	0.01753	0.00771	0.00701
63	0.01208	0.00805	0.00906	0.00906	0.00906	0.00805	0.00503	0.01208	0.01208	0.01611	0.02618	0.05436	0.03020	0.70804	0.04228	0.00805	0.00805	0.01208	0.00503	0.00503
64	0.03106	0.03882	0.02361	0.02129	0.02569	0.64398	0.01604	0.06135	0.02428	0.02185	0.01318	0.01522	0.01086	0.00863	0.00753	0.00216	0.01470	0.00545	0.00447	0.00984
65	0.03339	0.01546	0.01950	0.01549	0.02155	0.01480	0.01262	0.07527	0.15665	0.49264	0.03225	0.02838	0.02122	0.01048	0.00837	0.00262	0.00708	0.00853	0.00978	0.01393
66	0.01666	0.04297	0.66500	0.02368	0.03596	0.01929	0.03069	0.02631	0.01754	0.02631	0.01491	0.01754	0.01052	0.00789	0.00789	0.00263	0.01228	0.00614	0.00351	0.01228
67	0.03103	0.03959	0.02354	0.02140	0.02568	0.67469	0.01605	0.03317	0.02354	0.02033	0.01284	0.01498	0.01070	0.00856	0.00749	0.00214	0.01498	0.00535	0.00428	0.00963
68	0.03042	0.03858	0.02363	0.02142	0.02550	0.64397	0.01615	0.03255	0.02303	0.02032	0.01275	0.01513	0.01071	0.00884	0.00843	0.00221	0.04706	0.00544	0.00425	0.00961
69	0.01020	0.00759	0.00951	0.01080	0.01190	0.00690	0.00742	0.01200	0.01721	0.02252	0.10666	0.51408	0.18455	0.02418	0.01037	0.00319	0.00461	0.02157	0.00784	0.00690
70	0.02421	0.56558	0.03956	0.01526	0.02227	0.03135	0.01455	0.15392	0.02162	0.02656	0.01334	0.01474	0.01140	0.00772	0.00597	0.00193	0.00894	0.00509	0.00457	0.01140
71	0.02152	0.63003	0.12052	0.01539	0.02313	0.03119	0.01626	0.02505	0.01696	0.02038	0.01197	0.01385	0.01064	0.00720	0.00565	0.00188	0.00930	0.00465	0.00355	0.01086
72	0.03062	0.02328	0.02420	0.01888	0.02516	0.05344	0.01545	0.57535	0.03736	0.04958	0.02076	0.04962	0.01576	0.01061	0.00837	0.00252	0.00921	0.00809	0.00811	0.01361
73	0.01390	0.01136	0.01269	0.01227	0.01524	0.01160	0.00945	0.02308	0.21139	0.02869	0.18405	0.10258	0.24569	0.01765	0.00959	0.00289	0.00521	0.06531	0.00824	0.00912
74	0.01492	0.00779	0.00796	0.00796	0.00958	0.00779	0.00568	0.01815	0.01653	0.02850	0.02695	0.03486	0.02277	0.12565	0.01186	0.00295	0.00457	0.00846	0.62976	0.00729
75	0.02056	0.01974	0.03372	0.05099	0.65622	0.01974	0.02550	0.02550	0.01892	0.02714	0.01563	0.02056	0.01316	0.00740	0.00822	0.00247	0.00987	0.00740	0.00411	0.01316
76	0.02056	0.01974	0.03372	0.05099	0.65622	0.01974	0.02550	0.02550	0.01892	0.02714	0.01563	0.02056	0.01316	0.00740	0.00822	0.00247	0.00987	0.00740	0.00411	0.01316
77	0.02044	0.02232	0.02110	0.01907	0.02093	0.23305	0.01508	0.02271	0.01645	0.01989	0.01503	0.02158	0.01388	0.02730	0.22034	0.00614	0.26470	0.00714	0.00410	0.00875
78	0.01052	0.00744	0.00971	0.01123	0.01168	0.00712	0.00738	0.01180	0.01516	0.02028	0.04150	0.56553	0.04933	0.14088	0.04506	0.00459	0.00612	0.02105	0.00712	0.00649
79	0.01175	0.00841	0.01142	0.01279	0.01415	0.00808	0.00996	0.01466	0.01879	0.02523	0.17464	0.32717	0.05716	0.02289	0.01077	0.00339	0.00574	0.24767	0.00799	0.00733
80	0.02056	0.01974	0.03372	0.05099	0.65622	0.01974	0.02550	0.02550	0.01892	0.02714	0.01563	0.02056	0.01316	0.00740	0.00822	0.00247	0.00987	0.00740	0.00411	0.01316
81	0.01046	0.00851	0.00931	0.00930	0.01186	0.00735	0.00710	0.01307	0.01993	0.02492	0.20291	0.07702	0.49084	0.02030	0.00992	0.00283	0.00437	0.05476	0.00802	0.00723
82	0.02949	0.02152	0.02325	0.01811	0.02418	0.02381	0.01489	0.55704	0.03629	0.04918	0.02050	0.02133	0.01494	0.01298	0.04672	0.00309	0.00959	0.00758	0.05216	0.01336
83	0.01105	0.00846	0.01012	0.00971	0.01198	0.00754	0.00728	0.01431	0.02184	0.02934	0.44458	0.06859	0.28812	0.01846	0.00981	0.00268	0.00402	0.01594	0.00862	0.00754
84	0.01012	0.00723	0.00964	0.01157	0.01205	0.00675	0.00771	0.01157	0.01591	0.02121	0.04579	0.70262	0.05495	0.02603	0.01060	0.00337	0.00482	0.02362	0.00771	0.00675
85	0.01187	0.00890	0.01335	0.01335	0.01483	0.01038	0.01038	0.01483	0.01335	0.01928	0.02225	0.03264	0.02077	0.06231	0.67512	0.01335	0.02225	0.00890	0.00445	0.00742
86	0.03103	0.03959	0.02354	0.02140	0.02568	0.67469	0.01605	0.03317	0.02354	0.02033	0.01284	0.01498	0.01070	0.00856	0.00749	0.00214	0.01498	0.00535	0.00428	0.00963
87	0.01920	0.01021	0.01305	0.01135	0.01487	0.00901	0.00886	0.02252	0.02262	0.22461	0.33981	0.05548	0.18338	0.01579	0.00936	0.00264	0.00495	0.01351	0.00919	0.00960
88	0.01012	0.00723	0.00964	0.01157	0.01205	0.00675	0.00771	0.01157	0.01591	0.02121	0.04579	0.70262	0.05495	0.02603	0.01060	0.00337	0.00482	0.02362	0.00771	0.00675
89	0.01770	0.01628	0.01790	0.01618	0.01777	0.09942	0.01248	0.07128	0.01645	0.02181	0.01872	0.03008	0.01832	0.17409	0.23059	0.00734	0.19212	0.00857	0.00467	0.00822
90	0.02057	0.01966	0.03307	0.04950	0.62843	0.01978	0.02495	0.02631	0.04616	0.02747	0.01642	0.02102	0.01369	0.00757	0.00823	0.00248	0.00972	0.00749	0.00430	0.01316
91	0.00982	0.00842	0.00842	0.00842	0.01122	0.00701	0.00631	0.01192	0.01894	0.02244	0.08416	0.07995	0.65285	0.02104	0.00982	0.00281	0.00421	0.01753	0.00771	0.00701
92	0.01114	0.00847	0.01025	0.00981	0.01203	0.00758	0.00736	0.01449	0.02207	0.02987	0.47207	0.06772	0.26030	0.01827	0.00980	0.00267	0.00401	0.01582	0.00869	0.00758
93	0.01146	0.00854	0.01074	0.01070	0.01275	0.00782	0.00821	0.01483	0.02153	0.02921	0.41756	0.10697	0.19602	0.01914	0.01006	0.00285	0.00451	0.09096	0.00856	0.00757
94	0.01203	0.00885	0.01311	0.01311	0.01461	0.01027	0.01018	0.01503	0.01353	0.01980	0.02246	0.03256	0.02079	0.06000	0.64582	0.01285	0.02145	0.00885	0.03728	0.00743
95	0.02221	0.71304	0.04353	0.01421	0.02132	0.03287	0.01421	0.02488	0.01688	0.01955	0.01155	0.01333	0.01066	0.00711	0.00533	0.00178	0.00888	0.00444	0.00355	0.01066
96	0.01952	0.02213	0.04749	0.03416	0.04202	0.02130	0.58666	0.02618	0.01916	0.02618	0.01642	0.02213	0.01249	0.00749	0.01094	0.00286	0.05799	0.00964	0.00416	0.01107
97	0.01971	0.02034	0.02658	0.38879	0.19751	0.13021	0.02204	0.02531	0.04591	0.02312	0.01549	0.02093	0.01215	0.00826	0.00815	0.00259	0.01124	0.00713	0.00410	0.01044
98	0.02941	0.17557	0.02850	0.01875	0.02479	0.21970	0.01553	0.32294	0.02972	0.03585	0.01604	0.01706	0.01237	0.00894	0.00743	0.00224	0.01082	0.00620	0.00610	0.01205
99	0.01010	0.00730	0.00957	0.01138	0.01200	0.00676	0.00763	0.01159	0.01608	0.02128	0.04805	0.66583	0.09028	0.02573	0.01056	0.00334	0.00478	0.02326	0.00771	0.00676
100	0.01319	0.01048	0.01495	0.01935	0.14955	0.01026	0.01132	0.01557	0.01632	0.02222	0.03817	0.25224	0.11390	0.13953	0.06804	0.00466	0.00787	0.04684	0.03754	0.00800
101	0.01696	0.07930	0.63131	0.02316	0.03516	0.02003	0.02980	0.02623	0.01750	0.02594	0.01473	0.01731	0.01053	0.00785	0.00775	0.00258	0.01209	0.00605	0.00351	0.01219
102	0.02025	0.01942	0.03315	0.09227	0.61741	0.01966	0.02534	0.02522	0.01877	0.02676	0.01557	0.02066	0.01302	0.00746	0.00823	0.00249	0.00995	0.00740	0.00408	0.01290
103	0.02010	0.45766	0.28039	0.01782	0.02690	0.02770	0.02050	0.02542	0.01713	0.02212	0.01283	0.01493	0.01061	0.00741	0.00631	0.00210	0.01018	0.00509	0.00354	0.01128
