[name]
unknown

[dist]
# distance from previous block
# <min> <max>
6	35

[block]
# block no. 0 follows, 20 sequences, length 6
# corresponding to MSA columns:
# 35-40
name=unknown_A
#
# <colnr> <probs for GDERKNQSTAVLIFYWHMCP>
#	G	D	E	R	K	N	Q	S	T	A	V	L	I	F	Y	W	H	M	C	P
0	0.09086	0.08879	0.08817	0.02009	0.10686	0.01838	0.01537	0.11384	0.02170	0.03134	0.02966	0.03199	0.12714	0.04055	0.00948	0.00264	0.00820	0.00873	0.00587	0.14034
1	0.02217	0.02098	0.09901	0.01740	0.02373	0.01836	0.01544	0.23847	0.05708	0.03668	0.02289	0.08700	0.01977	0.01940	0.10708	0.00420	0.01088	0.00909	0.00669	0.16368
2	0.01796	0.01500	0.01859	0.12976	0.02636	0.01450	0.01289	0.06141	0.09489	0.02831	0.02277	0.09040	0.02083	0.07967	0.01162	0.00282	0.00770	0.00907	0.00594	0.32950
3	0.02242	0.21136	0.03459	0.08452	0.03087	0.14365	0.14890	0.05758	0.02114	0.02525	0.04678	0.09476	0.02030	0.01069	0.00839	0.00255	0.01128	0.00932	0.00507	0.01058
4	0.22340	0.19650	0.32530	0.01873	0.02822	0.02354	0.02170	0.02671	0.01726	0.02909	0.01382	0.01616	0.01064	0.00803	0.00683	0.00253	0.01032	0.00553	0.00417	0.01152
5	0.17383	0.18077	0.15317	0.02654	0.17509	0.10371	0.02035	0.02757	0.01867	0.02782	0.01404	0.01697	0.01145	0.00802	0.00711	0.00244	0.01056	0.00591	0.00430	0.01167

[dist]
# distance from previous block
# <min> <max>
29	67

[block]
# block no. 1 follows, 20 sequences, length 26
# corresponding to MSA columns:
# 111-136
name=unknown_B
#
# <colnr> <probs for GDERKNQSTAVLIFYWHMCP>
#	G	D	E	R	K	N	Q	S	T	A	V	L	I	F	Y	W	H	M	C	P
0	0.11746	0.09828	0.12775	0.02990	0.21876	0.17521	0.02091	0.02838	0.01984	0.02718	0.01455	0.01775	0.01188	0.00809	0.00755	0.00240	0.01128	0.00619	0.00438	0.05226
1	0.01929	0.05078	0.06106	0.03038	0.24868	0.08657	0.01901	0.02344	0.01790	0.02443	0.01839	0.02490	0.01611	0.02712	0.22035	0.00628	0.04949	0.00784	0.03714	0.01082
2	0.05374	0.03541	0.40468	0.03331	0.21333	0.02046	0.06235	0.02730	0.01879	0.02844	0.01582	0.01944	0.01191	0.00807	0.00837	0.00272	0.01196	0.00697	0.00399	0.01294
3	0.02833	0.09123	0.14366	0.02324	0.02979	0.45251	0.05662	0.03240	0.02276	0.02286	0.01404	0.01659	0.01132	0.00864	0.00792	0.00236	0.01465	0.00599	0.00428	0.01081
4	0.01786	0.08614	0.61043	0.02424	0.03679	0.02115	0.03114	0.02753	0.01837	0.02718	0.01543	0.01814	0.01106	0.00824	0.00812	0.00271	0.01267	0.00633	0.00369	0.01278
5	0.02159	0.02073	0.03541	0.05354	0.63903	0.02073	0.02677	0.02677	0.01986	0.02850	0.01641	0.02159	0.01382	0.00777	0.00864	0.00259	0.01036	0.00777	0.00432	0.01382
6	0.01042	0.00884	0.00899	0.00895	0.01185	0.00741	0.00672	0.01274	0.02015	0.02419	0.11849	0.08291	0.60497	0.02186	0.01031	0.00293	0.00440	0.01826	0.00818	0.00741
7	0.01841	0.01006	0.01317	0.01220	0.01512	0.00902	0.00920	0.02154	0.02241	0.18238	0.29659	0.20814	0.10938	0.01875	0.01012	0.00294	0.00519	0.01644	0.00941	0.00952
8	0.01050	0.00807	0.00962	0.01086	0.01232	0.00719	0.00753	0.01229	0.01793	0.02277	0.06368	0.45398	0.28139	0.02530	0.01081	0.00331	0.00481	0.02232	0.00810	0.00719
9	0.01263	0.00867	0.01060	0.01060	0.01098	0.00905	0.00664	0.01338	0.01301	0.01772	0.02649	0.05158	0.02932	0.54198	0.19260	0.00980	0.01205	0.01188	0.00514	0.00589
10	0.01790	0.04229	0.56990	0.02642	0.03878	0.02049	0.10774	0.02767	0.01870	0.02767	0.01592	0.01909	0.01134	0.00816	0.00855	0.00279	0.01313	0.00695	0.00378	0.01274
11	0.03258	0.04157	0.02472	0.02247	0.02697	0.65843	0.01685	0.03483	0.02472	0.02135	0.01348	0.01573	0.01124	0.00899	0.00787	0.00225	0.01573	0.00562	0.00449	0.01011
12	0.03258	0.04157	0.02472	0.02247	0.02697	0.65843	0.01685	0.03483	0.02472	0.02135	0.01348	0.01573	0.01124	0.00899	0.00787	0.00225	0.01573	0.00562	0.00449	0.01011
13	0.01929	0.24598	0.46307	0.02181	0.03303	0.02464	0.02691	0.02716	0.01820	0.02544	0.01457	0.01706	0.01109	0.00803	0.00746	0.00249	0.01180	0.00590	0.00370	0.01237
14	0.01033	0.00874	0.00893	0.00909	0.01185	0.00734	0.00674	0.01249	0.01964	0.02347	0.08529	0.13001	0.59141	0.02249	0.01037	0.00299	0.00447	0.01890	0.00810	0.00734
15	0.01235	0.00892	0.01166	0.01097	0.01303	0.00823	0.00823	0.01646	0.02469	0.03498	0.63443	0.06516	0.08230	0.01783	0.01029	0.00274	0.00412	0.01578	0.00960	0.00823
16	0.01750	0.04512	0.64825	0.02486	0.03775	0.02026	0.03223	0.02762	0.01842	0.02762	0.01565	0.01842	0.01105	0.00829	0.00829	0.00276	0.01289	0.00645	0.00368	0.01289
17	0.01246	0.00935	0.01402	0.01402	0.01558	0.01090	0.01090	0.01558	0.01402	0.02025	0.02336	0.03427	0.02181	0.06542	0.65888	0.01402	0.02336	0.00935	0.00467	0.00779
18	0.02274	0.63395	0.10540	0.01591	0.02391	0.03310	0.01664	0.02627	0.01779	0.02123	0.01248	0.01443	0.01118	0.00754	0.00586	0.00195	0.00968	0.00484	0.00373	0.01136
19	0.03568	0.01569	0.02049	0.01603	0.02231	0.01468	0.01318	0.12163	0.02621	0.49938	0.03140	0.02887	0.02064	0.01605	0.07191	0.00379	0.00928	0.00870	0.00990	0.01416
20	0.02777	0.02473	0.02679	0.15562	0.10910	0.12758	0.01930	0.30082	0.05688	0.03882	0.01872	0.02115	0.01400	0.00960	0.00858	0.00263	0.01098	0.00755	0.00652	0.01286
21	0.02086	0.11102	0.02189	0.01707	0.02042	0.23834	0.01349	0.02363	0.01821	0.02067	0.01847	0.02518	0.01675	0.03826	0.34756	0.00834	0.01888	0.00744	0.00449	0.00904
22	0.01255	0.00840	0.00955	0.00969	0.00972	0.00837	0.00547	0.01265	0.01295	0.01727	0.02885	0.09881	0.03343	0.64938	0.04220	0.00813	0.00823	0.01349	0.00547	0.00540
23	0.05485	0.01451	0.02225	0.30142	0.16677	0.01630	0.01824	0.02098	0.01674	0.02387	0.01927	0.03120	0.01754	0.17372	0.01696	0.00411	0.00984	0.00881	0.05321	0.00940
24	0.02508	0.18796	0.02743	0.01822	0.02378	0.16194	0.01489	0.07113	0.31539	0.03044	0.02430	0.02379	0.01892	0.01009	0.00786	0.00252	0.00954	0.00758	0.00668	0.01244
25	0.33288	0.02373	0.14530	0.05669	0.09716	0.02032	0.09042	0.02817	0.07299	0.03321	0.01631	0.01914	0.01241	0.00838	0.00742	0.00276	0.00960	0.00672	0.00506	0.01131

[dist]
# distance from previous block
# <min> <max>
1	4

[block]
# block no. 2 follows, 20 sequences, length 35
# corresponding to MSA columns:
# 141-175
name=unknown_C
#
# <colnr> <probs for GDERKNQSTAVLIFYWHMCP>
#	G	D	E	R	K	N	Q	S	T	A	V	L	I	F	Y	W	H	M	C	P
0	0.02896	0.03487	0.02765	0.03072	0.18876	0.45636	0.01960	0.03197	0.02283	0.02322	0.01415	0.01746	0.01193	0.00900	0.00916	0.00242	0.04917	0.00629	0.00441	0.01106
1	0.02145	0.02329	0.02524	0.02198	0.02312	0.16057	0.01788	0.02345	0.01617	0.02122	0.01639	0.02217	0.04799	0.01433	0.02312	0.00343	0.49661	0.00783	0.00421	0.00954
2	0.01085	0.00886	0.00958	0.00940	0.01211	0.00759	0.00705	0.01356	0.02116	0.02659	0.23291	0.07897	0.48907	0.02096	0.01030	0.00289	0.00434	0.01771	0.00850	0.00759
3	0.01235	0.00892	0.01166	0.01097	0.01303	0.00823	0.00823	0.01646	0.02469	0.03498	0.63443	0.06516	0.08230	0.01783	0.01029	0.00274	0.00412	0.01578	0.00960	0.00823
4	0.01063	0.00759	0.01012	0.01215	0.01265	0.00709	0.00810	0.01215	0.01670	0.02227	0.04808	0.68775	0.05769	0.02733	0.01113	0.00354	0.00506	0.02480	0.00810	0.00709
5	0.01431	0.01407	0.05143	0.02009	0.02369	0.01229	0.16911	0.01831	0.01853	0.02484	0.03812	0.35503	0.04217	0.02047	0.01098	0.00345	0.00861	0.13882	0.00690	0.00879
6	0.01750	0.04512	0.64825	0.02486	0.03775	0.02026	0.03223	0.02762	0.01842	0.02762	0.01565	0.01842	0.01105	0.00829	0.00829	0.00276	0.01289	0.00645	0.00368	0.01289
7	0.01750	0.04512	0.64825	0.02486	0.03775	0.02026	0.03223	0.02762	0.01842	0.02762	0.01565	0.01842	0.01105	0.00829	0.00829	0.00276	0.01289	0.00645	0.00368	0.01289
8	0.02332	0.69869	0.04571	0.01493	0.02239	0.03451	0.01493	0.02612	0.01772	0.02052	0.01213	0.01399	0.01119	0.00746	0.00560	0.00187	0.00933	0.00466	0.00373	0.01119
9	0.01246	0.00935	0.01402	0.01402	0.01558	0.01090	0.01090	0.01558	0.01402	0.02025	0.02336	0.03427	0.02181	0.06542	0.65888	0.01402	0.02336	0.00935	0.00467	0.00779
10	0.01058	0.00779	0.00991	0.01161	0.01251	0.00713	0.00786	0.01221	0.01722	0.02248	0.05466	0.58913	0.15206	0.02647	0.01100	0.00345	0.00496	0.02375	0.00810	0.00713
11	0.02965	0.03364	0.15870	0.02177	0.02931	0.20207	0.02000	0.32476	0.03163	0.03973	0.01773	0.01895	0.01302	0.00959	0.00839	0.00255	0.01202	0.00693	0.00647	0.01310
12	0.01467	0.01151	0.01358	0.01261	0.01549	0.01173	0.00958	0.02407	0.18277	0.03451	0.43438	0.05795	0.10963	0.01657	0.00992	0.00282	0.00488	0.01441	0.00930	0.00964
13	0.01063	0.00759	0.01012	0.01215	0.01265	0.00709	0.00810	0.01215	0.01670	0.02227	0.04808	0.68775	0.05769	0.02733	0.01113	0.00354	0.00506	0.02480	0.00810	0.00709
14	0.06598	0.04326	0.60648	0.02398	0.03638	0.02021	0.03073	0.02749	0.01818	0.02838	0.01542	0.01814	0.01094	0.00827	0.00810	0.00276	0.01249	0.00633	0.00380	0.01266
15	0.01473	0.01163	0.01586	0.01488	0.01609	0.01396	0.01137	0.04629	0.01499	0.02141	0.02207	0.03602	0.02185	0.19418	0.37771	0.01040	0.13408	0.00972	0.00487	0.00790
16	0.01063	0.00759	0.01012	0.01215	0.01265	0.00709	0.00810	0.01215	0.01670	0.02227	0.04808	0.68775	0.05769	0.02733	0.01113	0.00354	0.00506	0.02480	0.00810	0.00709
17	0.01031	0.00884	0.00884	0.00884	0.01178	0.00736	0.00663	0.01252	0.01988	0.02356	0.08837	0.08395	0.63549	0.02209	0.01031	0.00295	0.00442	0.01841	0.00810	0.00736
18	0.01750	0.04512	0.64825	0.02486	0.03775	0.02026	0.03223	0.02762	0.01842	0.02762	0.01565	0.01842	0.01105	0.00829	0.00829	0.00276	0.01289	0.00645	0.00368	0.01289
19	0.02159	0.02073	0.03541	0.05354	0.63903	0.02073	0.02677	0.02677	0.01986	0.02850	0.01641	0.02159	0.01382	0.00777	0.00864	0.00259	0.01036	0.00777	0.00432	0.01382
20	0.02162	0.02018	0.03112	0.04376	0.47066	0.02099	0.02323	0.03212	0.18470	0.03068	0.02162	0.02458	0.01732	0.00888	0.00870	0.00269	0.00942	0.00834	0.00556	0.01381
21	0.01267	0.00852	0.00986	0.00986	0.00997	0.00864	0.00571	0.01290	0.01279	0.01717	0.02717	0.05535	0.03096	0.64570	0.09112	0.00888	0.00959	0.01243	0.00524	0.00548
22	0.01266	0.00857	0.01009	0.01009	0.01029	0.00877	0.00601	0.01306	0.01286	0.01734	0.02695	0.05414	0.03044	0.61254	0.12356	0.00917	0.01038	0.01225	0.00521	0.00561
23	0.01809	0.01550	0.01809	0.01292	0.02067	0.01163	0.01034	0.02196	0.01809	0.02842	0.01550	0.01809	0.01292	0.00646	0.00646	0.00129	0.00646	0.00517	0.00517	0.74677
24	0.02178	0.52570	0.20520	0.01756	0.02646	0.03074	0.01951	0.02652	0.01791	0.02240	0.01306	0.01516	0.01116	0.00768	0.00631	0.00210	0.01027	0.00514	0.00372	0.01164
25	0.01147	0.00848	0.01091	0.01254	0.01392	0.00792	0.00939	0.01379	0.01821	0.02353	0.05540	0.41452	0.16789	0.02546	0.01122	0.00355	0.00572	0.17060	0.00808	0.00739
26	0.01841	0.02532	0.19127	0.02677	0.10968	0.02278	0.02287	0.02304	0.01564	0.02370	0.01430	0.02061	0.01259	0.01691	0.07712	0.00429	0.35243	0.00749	0.00393	0.01085
27	0.02395	0.02520	0.03311	0.04687	0.50765	0.15761	0.02464	0.02850	0.02090	0.02696	0.01578	0.02033	0.01326	0.00803	0.00847	0.00252	0.01151	0.00731	0.00436	0.01302
28	0.01160	0.00816	0.01121	0.01236	0.01308	0.00830	0.00857	0.01309	0.01526	0.02077	0.03734	0.40805	0.04280	0.10227	0.19362	0.05108	0.01057	0.01836	0.00663	0.00691
29	0.01966	0.01876	0.03193	0.28634	0.42128	0.02022	0.02581	0.02508	0.01895	0.02616	0.01607	0.02222	0.01299	0.00813	0.00867	0.00271	0.01084	0.00776	0.00415	0.01226
30	0.02307	0.12686	0.12280	0.01893	0.02423	0.26799	0.01668	0.05117	0.02129	0.02391	0.02311	0.19401	0.02365	0.01358	0.00851	0.00263	0.01127	0.01078	0.00539	0.01011
31	0.02019	0.21925	0.31955	0.02971	0.19266	0.02432	0.02600	0.02698	0.01861	0.02589	0.01488	0.01803	0.01182	0.00792	0.00764	0.00247	0.01124	0.00630	0.00386	0.01267
32	0.15095	0.02450	0.19238	0.08120	0.08265	0.01840	0.10112	0.05816	0.01945	0.03012	0.02568	0.07691	0.08003	0.01113	0.00856	0.00284	0.01004	0.00962	0.00525	0.01100
33	0.18071	0.14838	0.06320	0.01464	0.02074	0.05165	0.01310	0.06229	0.05256	0.14202	0.03247	0.03171	0.13028	0.01147	0.00766	0.00258	0.00796	0.00862	0.00679	0.01118
34	0.01787	0.01255	0.01517	0.01465	0.01807	0.01259	0.01222	0.12439	0.02373	0.06709	0.05115	0.07265	0.20074	0.02273	0.04870	0.00398	0.00819	0.25594	0.00814	0.00946

[dist]
# distance from previous block
# <min> <max>
14	71

[block]
# block no. 3 follows, 20 sequences, length 9
# corresponding to MSA columns:
# 256-264
name=unknown_D
#
# <colnr> <probs for GDERKNQSTAVLIFYWHMCP>
#	G	D	E	R	K	N	Q	S	T	A	V	L	I	F	Y	W	H	M	C	P
0	0.02254	0.32838	0.08007	0.01698	0.02295	0.18044	0.01563	0.02582	0.01960	0.02192	0.02304	0.02834	0.07453	0.01435	0.05194	0.00310	0.01158	0.04387	0.00468	0.01026
1	0.02154	0.01969	0.02141	0.02181	0.12011	0.09733	0.01441	0.10387	0.08009	0.03046	0.02328	0.11785	0.02173	0.04361	0.00999	0.00262	0.00862	0.00962	0.00621	0.22576
2	0.02701	0.08943	0.02997	0.02656	0.12936	0.17682	0.05828	0.20565	0.02658	0.03308	0.01712	0.02032	0.01376	0.01382	0.06176	0.00345	0.04190	0.00728	0.00566	0.01218
3	0.19488	0.02286	0.16949	0.07814	0.06510	0.01871	0.01843	0.08612	0.01908	0.03177	0.01734	0.02180	0.01378	0.01801	0.11253	0.00453	0.03611	0.00700	0.05352	0.01079
4	0.26339	0.18745	0.02707	0.01999	0.08329	0.18779	0.01495	0.07547	0.02068	0.03034	0.01362	0.01581	0.01119	0.00833	0.00667	0.00237	0.01026	0.00549	0.00493	0.01090
5	0.01431	0.01292	0.01223	0.01231	0.01451	0.09322	0.00905	0.01664	0.01822	0.02272	0.04976	0.16985	0.24051	0.06061	0.15045	0.00552	0.01023	0.01490	0.06432	0.00773
6	0.01762	0.01601	0.02353	0.02415	0.12119	0.05588	0.09907	0.05694	0.01881	0.02522	0.02486	0.09764	0.02431	0.08518	0.22448	0.00701	0.01471	0.04830	0.00542	0.00966
7	0.02636	0.19921	0.02937	0.07709	0.02735	0.08658	0.01574	0.26427	0.02807	0.03567	0.02136	0.02269	0.05319	0.00982	0.00775	0.00233	0.00972	0.00727	0.00626	0.06989
8	0.05325	0.02498	0.09699	0.01815	0.02344	0.18901	0.07124	0.07302	0.02248	0.03014	0.06429	0.02911	0.05910	0.01055	0.00798	0.00245	0.00991	0.00845	0.19532	0.01015

[dist]
# distance from previous block
# <min> <max>
18	40

[block]
# block no. 4 follows, 20 sequences, length 97
# corresponding to MSA columns:
# 307-403
name=unknown_E
#
# <colnr> <probs for GDERKNQSTAVLIFYWHMCP>
#	G	D	E	R	K	N	Q	S	T	A	V	L	I	F	Y	W	H	M	C	P
0	0.02032	0.02408	0.11992	0.07620	0.34993	0.02037	0.16447	0.02664	0.01961	0.02791	0.01650	0.02151	0.01314	0.00771	0.00886	0.00264	0.01157	0.00804	0.00428	0.05630
1	0.02362	0.07610	0.24783	0.03069	0.17074	0.21934	0.05576	0.02959	0.02078	0.02547	0.01505	0.01831	0.01186	0.00829	0.00818	0.00252	0.01308	0.00659	0.00412	0.01208
2	0.02462	0.02362	0.07858	0.04173	0.41740	0.02252	0.02424	0.19518	0.02586	0.03607	0.01766	0.02116	0.01390	0.00859	0.00864	0.00261	0.01033	0.00770	0.00554	0.01404
3	0.02577	0.02865	0.03134	0.04173	0.40629	0.26322	0.02300	0.02984	0.02171	0.02578	0.01530	0.01936	0.01284	0.00823	0.00834	0.00246	0.01240	0.00695	0.00438	0.01241
4	0.01246	0.00935	0.01402	0.01402	0.01558	0.01090	0.01090	0.01558	0.01402	0.02025	0.02336	0.03427	0.02181	0.06542	0.65888	0.01402	0.02336	0.00935	0.00467	0.00779
5	0.02159	0.02073	0.03541	0.05354	0.63903	0.02073	0.02677	0.02677	0.01986	0.02850	0.01641	0.02159	0.01382	0.00777	0.00864	0.00259	0.01036	0.00777	0.00432	0.01382
6	0.01283	0.01393	0.10022	0.01758	0.07244	0.01015	0.01307	0.01554	0.01690	0.02314	0.03881	0.49648	0.04480	0.02313	0.01188	0.04742	0.00676	0.01972	0.00689	0.00829
7	0.01235	0.00892	0.01166	0.01097	0.01303	0.00823	0.00823	0.01646	0.02469	0.03498	0.63443	0.06516	0.08230	0.01783	0.01029	0.00274	0.00412	0.01578	0.00960	0.00823
8	0.01546	0.01301	0.01481	0.01490	0.04904	0.01339	0.01064	0.02629	0.23603	0.03124	0.20024	0.05772	0.24955	0.01663	0.00971	0.00288	0.00554	0.01415	0.00855	0.01021
9	0.01063	0.00759	0.01012	0.01215	0.01265	0.00709	0.00810	0.01215	0.01670	0.02227	0.04808	0.68775	0.05769	0.02733	0.01113	0.00354	0.00506	0.02480	0.00810	0.00709
10	0.02765	0.01520	0.01907	0.01410	0.02140	0.01217	0.01146	0.03129	0.02121	0.30842	0.02409	0.02336	0.01686	0.00843	0.00751	0.00193	0.00690	0.00680	0.00772	0.41444
11	0.03264	0.03988	0.02486	0.02223	0.02697	0.59593	0.01683	0.09176	0.02633	0.02468	0.01422	0.01625	0.01159	0.00914	0.00795	0.00228	0.01512	0.00584	0.00491	0.01058
12	0.75506	0.01687	0.01282	0.01147	0.01687	0.01957	0.00945	0.02564	0.01484	0.03914	0.01215	0.01417	0.00945	0.00810	0.00540	0.00270	0.00675	0.00472	0.00540	0.00945
13	0.02159	0.02073	0.03541	0.05354	0.63903	0.02073	0.02677	0.02677	0.01986	0.02850	0.01641	0.02159	0.01382	0.00777	0.00864	0.00259	0.01036	0.00777	0.00432	0.01382
14	0.02054	0.02485	0.14632	0.08490	0.49546	0.02056	0.02761	0.02666	0.01946	0.02797	0.01622	0.02111	0.01318	0.00792	0.00858	0.00264	0.01090	0.00753	0.00418	0.01340
15	0.01908	0.01908	0.02672	0.02290	0.02290	0.02672	0.01908	0.02099	0.01336	0.02099	0.01145	0.01908	0.01145	0.01527	0.02863	0.00382	0.67748	0.00763	0.00382	0.00954
16	0.02121	0.02033	0.03471	0.09984	0.59573	0.02062	0.02658	0.02643	0.01968	0.02803	0.01634	0.02171	0.01365	0.00784	0.00864	0.00261	0.01046	0.00777	0.00428	0.01351
17	0.01031	0.00884	0.00884	0.00884	0.01178	0.00736	0.00663	0.01252	0.01988	0.02356	0.08837	0.08395	0.63549	0.02209	0.01031	0.00295	0.00442	0.01841	0.00810	0.00736
18	0.03155	0.11460	0.02705	0.02163	0.02646	0.58909	0.01664	0.03386	0.02394	0.02126	0.01333	0.01554	0.01123	0.00882	0.00761	0.00220	0.01502	0.00551	0.00441	0.01023
19	0.01063	0.00759	0.01012	0.01215	0.01265	0.00709	0.00810	0.01215	0.01670	0.02227	0.04808	0.68775	0.05769	0.02733	0.01113	0.00354	0.00506	0.02480	0.00810	0.00709
20	0.03258	0.04157	0.02472	0.02247	0.02697	0.65843	0.01685	0.03483	0.02472	0.02135	0.01348	0.01573	0.01124	0.00899	0.00787	0.00225	0.01573	0.00562	0.00449	0.01011
21	0.01175	0.00930	0.01084	0.01162	0.01420	0.00839	0.00948	0.01465	0.01996	0.02454	0.07214	0.08950	0.41042	0.02286	0.01098	0.00336	0.00581	0.23449	0.00807	0.00762
22	0.02932	0.03143	0.02769	0.02927	0.17090	0.32707	0.01926	0.16299	0.02661	0.03066	0.01575	0.01850	0.01268	0.00941	0.00947	0.00251	0.05234	0.00675	0.00538	0.01203
23	0.01063	0.00759	0.01012	0.01215	0.01265	0.00709	0.00810	0.01215	0.01670	0.02227	0.04808	0.68775	0.05769	0.02733	0.01113	0.00354	0.00506	0.02480	0.00810	0.00709
24	0.02508	0.02011	0.02617	0.33580	0.04303	0.02334	0.02028	0.32556	0.02961	0.03916	0.01831	0.02206	0.01328	0.00962	0.00872	0.00276	0.01058	0.00780	0.00638	0.01234
25	0.02115	0.45568	0.26975	0.01862	0.02810	0.02921	0.02136	0.02668	0.01798	0.02316	0.01344	0.01564	0.01114	0.00777	0.00660	0.00220	0.01065	0.00533	0.00371	0.01183
26	0.01268	0.00846	0.00951	0.00951	0.00951	0.00846	0.00529	0.01268	0.01268	0.01691	0.02748	0.05708	0.03171	0.69345	0.04440	0.00846	0.00846	0.01268	0.00529	0.00529
27	0.02059	0.02353	0.05147	0.03676	0.04559	0.02206	0.60735	0.02794	0.02059	0.02794	0.01765	0.02353	0.01324	0.00735	0.01029	0.00294	0.01471	0.01029	0.00441	0.01176
28	0.02136	0.02049	0.03500	0.08103	0.61332	0.02067	0.02666	0.02657	0.01975	0.02822	0.01637	0.02166	0.01372	0.00781	0.00864	0.00260	0.01042	0.00777	0.00430	0.01363
29	0.01764	0.01624	0.02699	0.20880	0.33716	0.01715	0.02169	0.02213	0.01847	0.02537	0.02363	0.17892	0.02357	0.01263	0.00925	0.00290	0.00945	0.01178	0.00509	0.01113
30	0.01246	0.00935	0.01402	0.01402	0.01558	0.01090	0.01090	0.01558	0.01402	0.02025	0.02336	0.03427	0.02181	0.06542	0.65888	0.01402	0.02336	0.00935	0.00467	0.00779
31	0.02116	0.01827	0.01921	0.01733	0.02217	0.02102	0.01347	0.04475	0.59469	0.03588	0.03801	0.03498	0.05547	0.01232	0.00894	0.00296	0.00679	0.01027	0.00884	0.01350
32	0.03316	0.02443	0.02618	0.02007	0.02705	0.02705	0.01658	0.60995	0.04101	0.05497	0.02094	0.02094	0.01483	0.01047	0.00873	0.00262	0.00960	0.00785	0.00873	0.01483
33	0.01750	0.04512	0.64825	0.02486	0.03775	0.02026	0.03223	0.02762	0.01842	0.02762	0.01565	0.01842	0.01105	0.00829	0.00829	0.00276	0.01289	0.00645	0.00368	0.01289
34	0.02332	0.69869	0.04571	0.01493	0.02239	0.03451	0.01493	0.02612	0.01772	0.02052	0.01213	0.01399	0.01119	0.00746	0.00560	0.00187	0.00933	0.00466	0.00373	0.01119
35	0.03258	0.04157	0.02472	0.02247	0.02697	0.65843	0.01685	0.03483	0.02472	0.02135	0.01348	0.01573	0.01124	0.00899	0.00787	0.00225	0.01573	0.00562	0.00449	0.01011
36	0.02159	0.02073	0.03541	0.05354	0.63903	0.02073	0.02677	0.02677	0.01986	0.02850	0.01641	0.02159	0.01382	0.00777	0.00864	0.00259	0.01036	0.00777	0.00432	0.01382
37	0.03316	0.02443	0.02618	0.02007	0.02705	0.02705	0.01658	0.60995	0.04101	0.05497	0.02094	0.02094	0.01483	0.01047	0.00873	0.00262	0.00960	0.00785	0.00873	0.01483
38	0.01268	0.00846	0.00951	0.00951	0.00951	0.00846	0.00529	0.01268	0.01268	0.01691	0.02748	0.05708	0.03171	0.69345	0.04440	0.00846	0.00846	0.01268	0.00529	0.00529
39	0.01750	0.04512	0.64825	0.02486	0.03775	0.02026	0.03223	0.02762	0.01842	0.02762	0.01565	0.01842	0.01105	0.00829	0.00829	0.00276	0.01289	0.00645	0.00368	0.01289
40	0.01246	0.00935	0.01402	0.01402	0.01558	0.01090	0.01090	0.01558	0.01402	0.02025	0.02336	0.03427	0.02181	0.06542	0.65888	0.01402	0.02336	0.00935	0.00467	0.00779
41	0.01061	0.00767	0.01004	0.01193	0.01260	0.00710	0.00800	0.01217	0.01690	0.02235	0.05066	0.64908	0.09470	0.02699	0.01108	0.00350	0.00502	0.02439	0.00810	0.00710
42	0.01061	0.00766	0.01005	0.01197	0.01261	0.00710	0.00802	0.01217	0.01687	0.02234	0.05020	0.65592	0.08815	0.02705	0.01109	0.00351	0.00503	0.02446	0.00810	0.00710
43	0.01786	0.01679	0.02773	0.50342	0.17965	0.01980	0.02414	0.02466	0.05390	0.02444	0.01688	0.02346	0.01298	0.00871	0.00871	0.00284	0.01108	0.00788	0.00427	0.01080
44	0.03190	0.03594	0.02587	0.02422	0.07277	0.46057	0.01753	0.17101	0.02823	0.02988	0.01548	0.01741	0.01228	0.00925	0.00813	0.00236	0.01387	0.00631	0.00549	0.01151
45	0.01406	0.01004	0.01406	0.01606	0.01807	0.01004	0.01406	0.01807	0.02008	0.02610	0.04618	0.09839	0.05020	0.02410	0.01205	0.00402	0.00803	0.58032	0.00803	0.00803
46	0.02159	0.02073	0.03541	0.05354	0.63903	0.02073	0.02677	0.02677	0.01986	0.02850	0.01641	0.02159	0.01382	0.00777	0.00864	0.00259	0.01036	0.00777	0.00432	0.01382
47	0.03258	0.04157	0.02472	0.02247	0.02697	0.65843	0.01685	0.03483	0.02472	0.02135	0.01348	0.01573	0.01124	0.00899	0.00787	0.00225	0.01573	0.00562	0.00449	0.01011
48	0.02159	0.02073	0.03541	0.05354	0.63903	0.02073	0.02677	0.02677	0.01986	0.02850	0.01641	0.02159	0.01382	0.00777	0.00864	0.00259	0.01036	0.00777	0.00432	0.01382
49	0.03067	0.03462	0.02386	0.02099	0.02548	0.45746	0.01613	0.13753	0.02653	0.02828	0.01584	0.01813	0.01274	0.00972	0.00912	0.00239	0.05301	0.00633	0.06038	0.01079
50	0.01130	0.00902	0.01021	0.01031	0.01292	0.00793	0.00801	0.01420	0.02105	0.02662	0.21258	0.08142	0.42542	0.02135	0.01054	0.00304	0.00483	0.09316	0.00845	0.00766
51	0.01879	0.16890	0.49769	0.02366	0.03528	0.02309	0.06290	0.02736	0.01841	0.02628	0.01510	0.01787	0.01121	0.00807	0.00789	0.00260	0.01232	0.00633	0.00374	0.01250
52	0.02050	0.01962	0.03344	0.18491	0.51615	0.02044	0.02623	0.02582	0.01935	0.02718	0.01622	0.02194	0.01335	0.00797	0.00865	0.00266	0.01063	0.00777	0.00422	0.01294
53	0.03199	0.08366	0.02606	0.02199	0.02667	0.61847	0.01673	0.03427	0.02427	0.02130	0.01340	0.01562	0.01123	0.00889	0.00772	0.00222	0.01532	0.00556	0.00445	0.01018
54	0.01309	0.00921	0.01227	0.01382	0.01508	0.00911	0.01092	0.01571	0.01775	0.02328	0.04229	0.20215	0.04743	0.17704	0.01923	0.00494	0.00756	0.34449	0.00742	0.00723
55	0.01252	0.00913	0.01291	0.01291	0.01408	0.01030	0.00952	0.01486	0.01369	0.01943	0.02438	0.03990	0.02425	0.22042	0.50722	0.01265	0.01969	0.01017	0.00482	0.00717
56	0.03316	0.02443	0.02618	0.02007	0.02705	0.02705	0.01658	0.60995	0.04101	0.05497	0.02094	0.02094	0.01483	0.01047	0.00873	0.00262	0.00960	0.00785	0.00873	0.01483
57	0.01044	0.00834	0.00935	0.01017	0.01213	0.00725	0.00722	0.01237	0.01860	0.02304	0.07217	0.32664	0.40325	0.02420	0.01064	0.00319	0.00468	0.02098	0.00810	0.00725
58	0.01620	0.16735	0.02023	0.01332	0.01727	0.01586	0.01155	0.06216	0.02129	0.02658	0.08246	0.06661	0.24367	0.01826	0.00963	0.00298	0.00698	0.18133	0.00721	0.00904
59	0.02105	0.02021	0.03499	0.05015	0.56419	0.02012	0.06026	0.02628	0.01992	0.02831	0.01839	0.02662	0.01611	0.00879	0.00895	0.00270	0.01047	0.04459	0.00456	0.01333
60	0.01722	0.01627	0.02751	0.58224	0.14448	0.01958	0.02460	0.02294	0.01779	0.02319	0.01564	0.02301	0.01195	0.00858	0.00871	0.00286	0.01144	0.00775	0.00394	0.01029
61	0.02623	0.06804	0.03175	0.03837	0.35218	0.23523	0.02199	0.07305	0.02294	0.02762	0.01552	0.01913	0.01288	0.00836	0.00821	0.00244	0.01204	0.00687	0.00467	0.01250
62	0.01887	0.03667	0.43185	0.03379	0.20686	0.02052	0.07372	0.02741	0.01898	0.02789	0.01601	0.01969	0.01199	0.00807	0.00854	0.00273	0.01232	0.00711	0.00392	0.01307
63	0.01752	0.01679	0.02373	0.02081	0.02118	0.02299	0.01716	0.01972	0.01351	0.02082	0.01426	0.02266	0.01389	0.02708	0.17706	0.00622	0.52343	0.00804	0.00402	0.00913
64	0.03258	0.04157	0.02472	0.02247	0.02697	0.65843	0.01685	0.03483	0.02472	0.02135	0.01348	0.01573	0.01124	0.00899	0.00787	0.00225	0.01573	0.00562	0.00449	0.01011
65	0.01513	0.01277	0.02003	0.09819	0.20197	0.01299	0.01647	0.01866	0.01834	0.02481	0.03485	0.30821	0.03835	0.01894	0.01031	0.00328	0.00790	0.12276	0.00651	0.00952
66	0.02016	0.01912	0.03242	0.12375	0.52361	0.01955	0.02507	0.02515	0.01934	0.02730	0.01867	0.07161	0.01684	0.00935	0.00883	0.00270	0.01012	0.00904	0.00455	0.01282
67	0.01346	0.00971	0.01322	0.01449	0.01656	0.00948	0.01230	0.01740	0.02114	0.02804	0.18556	0.08988	0.08879	0.02253	0.01155	0.00366	0.00693	0.41885	0.00840	0.00804
68	0.02244	0.57096	0.12593	0.01854	0.06089	0.03179	0.01795	0.02636	0.01794	0.02195	0.01285	0.01503	0.01133	0.00759	0.00614	0.00203	0.00987	0.00509	0.00376	0.01158
69	0.01394	0.01111	0.01762	0.01865	0.06437	0.01203	0.04451	0.01764	0.01618	0.02261	0.02773	0.04734	0.02722	0.04862	0.42858	0.01030	0.01844	0.13921	0.00540	0.00851
70	0.01031	0.00884	0.00884	0.00884	0.01178	0.00736	0.00663	0.01252	0.01988	0.02356	0.08837	0.08395	0.63549	0.02209	0.01031	0.00295	0.00442	0.01841	0.00810	0.00736
71	0.01829	0.04493	0.61538	0.02474	0.03718	0.05390	0.03142	0.02800	0.01875	0.02729	0.01554	0.01827	0.01106	0.00832	0.00827	0.00274	0.01304	0.00640	0.00373	0.01274
72	0.01814	0.09277	0.57216	0.02557	0.06704	0.02135	0.03066	0.02747	0.01844	0.02714	0.01543	0.01825	0.01120	0.00820	0.00810	0.00269	0.01250	0.00638	0.00372	0.01281
73	0.01491	0.00856	0.01022	0.01022	0.01208	0.00911	0.00780	0.01864	0.01678	0.02816	0.02665	0.03314	0.02216	0.02978	0.23788	0.00629	0.01092	0.00856	0.48011	0.00801
74	0.02170	0.01874	0.01972	0.01775	0.02268	0.02170	0.01381	0.04635	0.62327	0.03649	0.03550	0.03254	0.02663	0.01183	0.00888	0.00296	0.00690	0.00986	0.00888	0.01381
75	0.02007	0.01917	0.03266	0.23747	0.46699	0.02033	0.02601	0.02544	0.01914	0.02665	0.01614	0.02208	0.01317	0.00805	0.00866	0.00268	0.01074	0.00777	0.00419	0.01259
76	0.02377	0.02485	0.03329	0.04739	0.51787	0.14696	0.02481	0.02837	0.02082	0.02708	0.01583	0.02043	0.01331	0.00801	0.00848	0.00252	0.01143	0.00735	0.00435	0.01308
77	0.75506	0.01687	0.01282	0.01147	0.01687	0.01957	0.00945	0.02564	0.01484	0.03914	0.01215	0.01417	0.00945	0.00810	0.00540	0.00270	0.00675	0.00472	0.00540	0.00945
78	0.01048	0.00878	0.00911	0.00915	0.01192	0.00742	0.00682	0.01280	0.02009	0.02436	0.12732	0.11093	0.56695	0.02202	0.01035	0.00296	0.00443	0.01851	0.00821	0.00742
79	0.02589	0.02962	0.02741	0.11996	0.20763	0.32822	0.02014	0.02962	0.02172	0.02418	0.01479	0.01867	0.01219	0.00837	0.00808	0.00235	0.01278	0.00649	0.00442	0.07746
80	0.01690	0.01062	0.01236	0.01149	0.01306	0.01236	0.00905	0.02048	0.01717	0.02990	0.02459	0.02946	0.01988	0.01132	0.01122	0.00244	0.15731	0.00802	0.57392	0.00845
81	0.02253	0.18341	0.02778	0.01883	0.02207	0.20225	0.01548	0.02481	0.01763	0.02063	0.01485	0.02139	0.01402	0.05914	0.10909	0.00466	0.20074	0.00692	0.00420	0.00959
82	0.01499	0.01428	0.02535	0.02067	0.02523	0.01327	0.22239	0.01931	0.01966	0.02531	0.04820	0.09145	0.21798	0.05323	0.01256	0.00352	0.00918	0.14784	0.00662	0.00897
83	0.01107	0.00834	0.01024	0.01087	0.01253	0.00752	0.00773	0.01358	0.02004	0.02655	0.24043	0.32943	0.22399	0.02295	0.01065	0.00313	0.00459	0.02025	0.00856	0.00752
84	0.02873	0.03408	0.02538	0.02245	0.02580	0.43904	0.01748	0.06483	0.02241	0.02323	0.01334	0.01700	0.01151	0.01089	0.01390	0.00272	0.20610	0.00633	0.00455	0.01023
85	0.02013	0.01617	0.01784	0.01669	0.02079	0.01815	0.01296	0.03867	0.45573	0.05891	0.03825	0.13386	0.03306	0.01515	0.00949	0.00313	0.00676	0.06318	0.00877	0.01235
86	0.03262	0.04048	0.02481	0.02232	0.02697	0.61799	0.01684	0.07167	0.02576	0.02350	0.01396	0.01606	0.01147	0.00908	0.00792	0.00227	0.01534	0.00576	0.00477	0.01041
87	0.02135	0.02048	0.03497	0.08268	0.61177	0.02066	0.02665	0.02656	0.01975	0.02821	0.01637	0.02167	0.01371	0.00782	0.00864	0.00261	0.01042	0.00777	0.00430	0.01362
88	0.03452	0.02225	0.02483	0.01903	0.02596	0.02381	0.01572	0.48082	0.03736	0.18926	0.02401	0.02293	0.01637	0.01055	0.00874	0.00264	0.00910	0.00806	0.00920	0.01484
89	0.01882	0.19385	0.51113	0.02260	0.03426	0.02350	0.02829	0.02728	0.01826	0.02601	0.01485	0.01741	0.01108	0.00810	0.00768	0.00256	0.01208	0.00604	0.00369	0.01251
90	0.02805	0.03920	0.13997	0.02508	0.05917	0.44915	0.04722	0.03209	0.02255	0.02312	0.01410	0.01704	0.01143	0.00906	0.00918	0.00247	0.04979	0.00619	0.00430	0.01084
91	0.01921	0.03879	0.48305	0.02713	0.03881	0.02032	0.16220	0.02839	0.01922	0.05660	0.01699	0.02011	0.01204	0.00819	0.00877	0.00280	0.01305	0.00743	0.00418	0.01273
92	0.01454	0.13600	0.04651	0.01335	0.01613	0.01382	0.01067	0.04721	0.01820	0.02371	0.03948	0.43675	0.07140	0.05681	0.01158	0.00338	0.00658	0.01845	0.00699	0.00843
93	0.02300	0.01984	0.01961	0.01719	0.02108	0.12724	0.01357	0.21705	0.02506	0.03262	0.02112	0.02656	0.01770	0.03464	0.29763	0.00760	0.01649	0.00815	0.04331	0.01055
94	0.02925	0.01868	0.02207	0.05900	0.02573	0.01906	0.01447	0.29614	0.03010	0.18822	0.02573	0.08777	0.02017	0.01153	0.00866	0.00256	0.00833	0.00935	0.00836	0.11482
95	0.01406	0.01004	0.01406	0.01606	0.01807	0.01004	0.01406	0.01807	0.02008	0.02610	0.04618	0.09839	0.05020	0.02410	0.01205	0.00402	0.00803	0.58032	0.00803	0.00803
96	0.01666	0.01424	0.01685	0.04946	0.04745	0.07467	0.01534	0.02164	0.04957	0.02606	0.03977	0.08034	0.04190	0.02061	0.01119	0.00368	0.00900	0.44537	0.00737	0.00884

[dist]
# distance from previous block
# <min> <max>
0	3

[block]
# block no. 5 follows, 20 sequences, length 6
# corresponding to MSA columns:
# 407-412
name=unknown_F
#
# <colnr> <probs for GDERKNQSTAVLIFYWHMCP>
#	G	D	E	R	K	N	Q	S	T	A	V	L	I	F	Y	W	H	M	C	P
0	0.11023	0.03091	0.02413	0.02017	0.02592	0.29458	0.01593	0.30294	0.03129	0.03899	0.01683	0.01800	0.01273	0.00959	0.00800	0.00247	0.01190	0.00657	0.00657	0.01225
1	0.01169	0.00855	0.01118	0.01180	0.01285	0.00876	0.00826	0.01350	0.01525	0.02051	0.03970	0.24530	0.10912	0.19043	0.24361	0.00822	0.01211	0.01592	0.00627	0.00696
2	0.02107	0.02366	0.11278	0.04605	0.49621	0.02077	0.02610	0.02895	0.08358	0.02923	0.01833	0.02234	0.01482	0.00827	0.00862	0.00265	0.01032	0.00782	0.00472	0.01370
3	0.01580	0.01177	0.01372	0.01256	0.01551	0.01162	0.00955	0.13337	0.02562	0.03450	0.30200	0.16581	0.17658	0.01884	0.01012	0.00289	0.00543	0.01626	0.00887	0.00918
4	0.03302	0.02871	0.02581	0.02067	0.02703	0.18471	0.01665	0.46633	0.03694	0.04658	0.01908	0.01964	0.01394	0.01010	0.00851	0.00253	0.01113	0.00730	0.00767	0.01366
5	0.02124	0.06864	0.14548	0.01893	0.02409	0.21692	0.01716	0.05636	0.02130	0.02513	0.02692	0.20414	0.02789	0.01532	0.00917	0.00288	0.01079	0.07182	0.00585	0.00996

[dist]
# distance from previous block
# <min> <max>
7	9

[block]
# block no. 6 follows, 20 sequences, length 101
# corresponding to MSA columns:
# 422-522
name=unknown_G
#
# <colnr> <probs for GDERKNQSTAVLIFYWHMCP>
#	G	D	E	R	K	N	Q	S	T	A	V	L	I	F	Y	W	H	M	C	P
0	0.02389	0.02528	0.03255	0.07318	0.47360	0.16694	0.02439	0.02843	0.02087	0.02659	0.01570	0.02032	0.01313	0.00809	0.00846	0.00253	0.01165	0.00728	0.00434	0.01279
1	0.01745	0.01754	0.01516	0.01394	0.01761	0.15783	0.01034	0.02004	0.02023	0.02490	0.09660	0.20779	0.15016	0.01652	0.00910	0.00255	0.00761	0.01390	0.00676	0.17398
2	0.01868	0.01852	0.03135	0.02943	0.15119	0.01834	0.22024	0.02830	0.15557	0.02897	0.03765	0.03904	0.15924	0.01183	0.00965	0.00288	0.00972	0.01156	0.00624	0.01162
3	0.01041	0.00884	0.00898	0.00895	0.01185	0.00741	0.00671	0.01272	0.02013	0.02415	0.11616	0.08299	0.60733	0.02187	0.01031	0.00294	0.00440	0.01828	0.00818	0.00741
4	0.02005	0.01014	0.01317	0.01209	0.01502	0.01027	0.00949	0.02360	0.01818	0.16846	0.02787	0.03254	0.02197	0.03153	0.25736	0.00679	0.01225	0.00874	0.29094	0.00954
5	0.01488	0.01243	0.01762	0.01627	0.01766	0.01545	0.01303	0.01772	0.01424	0.02152	0.01979	0.02897	0.01839	0.04490	0.40725	0.00977	0.21497	0.00859	0.04605	0.04051
6	0.02197	0.28958	0.09591	0.02683	0.16584	0.02781	0.02034	0.05821	0.01862	0.02509	0.01379	0.01770	0.01205	0.00953	0.01190	0.00260	0.15990	0.00640	0.00416	0.01179
7	0.03258	0.04157	0.02472	0.02247	0.02697	0.65843	0.01685	0.03483	0.02472	0.02135	0.01348	0.01573	0.01124	0.00899	0.00787	0.00225	0.01573	0.00562	0.00449	0.01011
8	0.02170	0.01874	0.01972	0.01775	0.02268	0.02170	0.01381	0.04635	0.62327	0.03649	0.03550	0.03254	0.02663	0.01183	0.00888	0.00296	0.00690	0.00986	0.00888	0.01381
9	0.01672	0.01576	0.02661	0.64242	0.08819	0.01945	0.02435	0.02250	0.01756	0.02259	0.01555	0.02317	0.01173	0.00867	0.00872	0.00289	0.01157	0.00775	0.00390	0.00989
10	0.01268	0.00846	0.00951	0.00951	0.00951	0.00846	0.00529	0.01268	0.01268	0.01691	0.02748	0.05708	0.03171	0.69345	0.04440	0.00846	0.00846	0.01268	0.00529	0.00529
11	0.03147	0.02677	0.02418	0.01951	0.02547	0.16703	0.01567	0.42640	0.03526	0.04535	0.01996	0.02084	0.01472	0.01011	0.00829	0.00248	0.01046	0.00738	0.07548	0.01316
12	0.02267	0.21625	0.15710	0.05633	0.06539	0.13876	0.13905	0.02792	0.01956	0.02407	0.01451	0.01818	0.01176	0.00835	0.00895	0.00251	0.04642	0.00677	0.00404	0.01143
13	0.01778	0.04313	0.59314	0.02596	0.03848	0.02042	0.08534	0.02765	0.01862	0.02765	0.01584	0.01889	0.01125	0.00820	0.00847	0.00278	0.01306	0.00680	0.00375	0.01279
14	0.01246	0.00935	0.01402	0.01402	0.01558	0.01090	0.01090	0.01558	0.01402	0.02025	0.02336	0.03427	0.02181	0.06542	0.65888	0.01402	0.02336	0.00935	0.00467	0.00779
15	0.03172	0.03980	0.02384	0.02171	0.02607	0.62391	0.01628	0.03406	0.02438	0.02194	0.01428	0.01662	0.01183	0.00905	0.00777	0.00224	0.01511	0.00575	0.04363	0.01001
16	0.02112	0.04291	0.47283	0.02598	0.07012	0.16354	0.02846	0.02919	0.01991	0.02627	0.01521	0.01800	0.01125	0.00841	0.00821	0.00264	0.01338	0.00634	0.00390	0.01232
17	0.02332	0.69869	0.04571	0.01493	0.02239	0.03451	0.01493	0.02612	0.01772	0.02052	0.01213	0.01399	0.01119	0.00746	0.00560	0.00187	0.00933	0.00466	0.00373	0.01119
18	0.01177	0.00930	0.01087	0.01165	0.01423	0.00840	0.00952	0.01468	0.01996	0.02455	0.07196	0.08956	0.40792	0.02287	0.01099	0.00336	0.00582	0.23689	0.00807	0.00762
19	0.02199	0.02331	0.06937	0.05012	0.56968	0.05760	0.02650	0.02728	0.02006	0.02803	0.01620	0.02107	0.01351	0.00787	0.00857	0.00258	0.01082	0.00757	0.00429	0.01355
20	0.02261	0.02453	0.02846	0.30397	0.22047	0.20349	0.02285	0.02721	0.02024	0.02384	0.01519	0.02060	0.01216	0.00852	0.00845	0.00262	0.01244	0.00714	0.00418	0.01102
21	0.01986	0.02214	0.04760	0.03425	0.04226	0.02080	0.55175	0.02653	0.01986	0.02692	0.01856	0.02663	0.01494	0.07071	0.01344	0.00345	0.01413	0.01051	0.00449	0.01117
22	0.01107	0.00946	0.01071	0.07033	0.01636	0.00856	0.00841	0.01380	0.02012	0.02454	0.13413	0.07654	0.52471	0.02045	0.01016	0.00292	0.00505	0.01717	0.00785	0.00766
23	0.02759	0.03232	0.02888	0.06594	0.26303	0.38312	0.02101	0.03113	0.02251	0.02413	0.01470	0.01834	0.01224	0.00851	0.00820	0.00241	0.01348	0.00655	0.00440	0.01151
24	0.01907	0.02589	0.16097	0.17717	0.04733	0.02111	0.36546	0.02661	0.01946	0.02661	0.01678	0.02248	0.01245	0.00784	0.00955	0.00290	0.01366	0.00898	0.00415	0.01152
25	0.01686	0.01015	0.01035	0.00965	0.01246	0.01012	0.00741	0.08597	0.02125	0.03308	0.04104	0.04274	0.15913	0.01288	0.00734	0.00230	0.00478	0.01041	0.49336	0.00872
26	0.06671	0.17978	0.24110	0.02207	0.08445	0.02202	0.02118	0.05891	0.02085	0.17481	0.01945	0.02028	0.01394	0.00875	0.00769	0.00252	0.01005	0.00669	0.00578	0.01296
27	0.02084	0.15084	0.21700	0.02705	0.03623	0.05277	0.25513	0.02954	0.07530	0.02701	0.01755	0.02084	0.01339	0.00813	0.00864	0.00267	0.01255	0.00793	0.00450	0.01210
28	0.01971	0.02265	0.01554	0.01459	0.01819	0.28206	0.01094	0.02193	0.02192	0.02263	0.05677	0.05517	0.37211	0.01656	0.00928	0.00265	0.00919	0.01301	0.00658	0.00852
29	0.01972	0.01971	0.02921	0.39959	0.25613	0.07886	0.02442	0.02499	0.01895	0.02434	0.01563	0.02199	0.01234	0.00842	0.00861	0.00274	0.01157	0.00756	0.00409	0.01115
30	0.01963	0.09434	0.28478	0.03008	0.04038	0.02250	0.32728	0.02765	0.01947	0.02713	0.01636	0.02065	0.01219	0.00773	0.00907	0.00277	0.01350	0.00827	0.00406	0.01215
31	0.01365	0.01173	0.02031	0.01857	0.02129	0.01112	0.14398	0.01705	0.01835	0.02442	0.04081	0.40332	0.04599	0.02210	0.01116	0.00352	0.00791	0.14910	0.00725	0.00835
32	0.02159	0.02073	0.03541	0.05354	0.63903	0.02073	0.02677	0.02677	0.01986	0.02850	0.01641	0.02159	0.01382	0.00777	0.00864	0.00259	0.01036	0.00777	0.00432	0.01382
33	0.01113	0.00858	0.01031	0.01148	0.01330	0.00775	0.00859	0.01341	0.01868	0.02353	0.06478	0.32215	0.30084	0.02451	0.01096	0.00338	0.00534	0.12582	0.00809	0.00738
34	0.01181	0.00843	0.01148	0.01349	0.01452	0.00810	0.01015	0.01418	0.01786	0.02359	0.04743	0.48498	0.05511	0.02622	0.01145	0.00371	0.00608	0.21593	0.00807	0.00741
35	0.02712	0.03273	0.17641	0.02891	0.15334	0.22299	0.05006	0.06548	0.02301	0.11120	0.01806	0.02012	0.01342	0.00883	0.00841	0.00256	0.01244	0.00703	0.00536	0.01252
36	0.02119	0.02121	0.03187	0.22126	0.42294	0.07925	0.02515	0.02628	0.01964	0.02613	0.01589	0.02151	0.01298	0.00815	0.00859	0.00265	0.01121	0.00757	0.00421	0.01234
37	0.01761	0.18087	0.23754	0.02132	0.08224	0.01977	0.02061	0.02336	0.01916	0.02574	0.05723	0.04189	0.08126	0.01293	0.00873	0.00280	0.00966	0.12109	0.00531	0.01089
38	0.02041	0.01953	0.03328	0.19566	0.50609	0.02042	0.02619	0.02574	0.01931	0.02707	0.01620	0.02197	0.01331	0.00799	0.00866	0.00266	0.01065	0.00777	0.00422	0.01287
39	0.01861	0.16082	0.51213	0.02300	0.03433	0.02310	0.02853	0.02705	0.01806	0.02605	0.01483	0.01766	0.01109	0.00846	0.00873	0.00265	0.04257	0.00618	0.00370	0.01243
40	0.02458	0.12779	0.11748	0.20513	0.03721	0.26390	0.02085	0.05954	0.02163	0.02418	0.01457	0.01827	0.01150	0.00867	0.00789	0.00247	0.01292	0.00632	0.00432	0.01080
41	0.02009	0.01899	0.03189	0.04730	0.54516	0.01905	0.02414	0.02491	0.01932	0.02745	0.02121	0.02637	0.05053	0.01392	0.06878	0.00367	0.01122	0.00853	0.00457	0.01289
42	0.01778	0.04316	0.59410	0.02594	0.03846	0.02042	0.08441	0.02765	0.01861	0.02765	0.01583	0.01888	0.01125	0.00820	0.00847	0.00278	0.01306	0.00679	0.00375	0.01279
43	0.01883	0.21097	0.37966	0.02230	0.03237	0.02328	0.07616	0.02615	0.01802	0.02511	0.01562	0.01917	0.01227	0.01327	0.06784	0.00358	0.01309	0.00658	0.00385	0.01188
44	0.02003	0.02807	0.18611	0.03653	0.13208	0.02145	0.38891	0.02769	0.01998	0.02795	0.01700	0.02207	0.01282	0.00763	0.00959	0.00285	0.01364	0.00904	0.00423	0.01233
45	0.01406	0.01004	0.01406	0.01606	0.01807	0.01004	0.01406	0.01807	0.02008	0.02610	0.04618	0.09839	0.05020	0.02410	0.01205	0.00402	0.00803	0.58032	0.00803	0.00803
46	0.01109	0.00887	0.00992	0.00966	0.01226	0.00770	0.00724	0.01403	0.02172	0.02794	0.29761	0.07675	0.42352	0.02046	0.01030	0.00287	0.00430	0.01740	0.00868	0.00770
47	0.02190	0.03652	0.33442	0.02749	0.03753	0.10803	0.19327	0.08337	0.02201	0.02943	0.01643	0.01975	0.01206	0.00832	0.00885	0.00273	0.01349	0.00757	0.00448	0.01237
48	0.02066	0.02402	0.07902	0.03999	0.18145	0.02166	0.44393	0.02766	0.02031	0.02805	0.01726	0.02282	0.01325	0.00750	0.00981	0.00285	0.01361	0.00951	0.00435	0.01229
49	0.75506	0.01687	0.01282	0.01147	0.01687	0.01957	0.00945	0.02564	0.01484	0.03914	0.01215	0.01417	0.00945	0.00810	0.00540	0.00270	0.00675	0.00472	0.00540	0.00945
50	0.02112	0.02115	0.02835	0.03910	0.40335	0.11365	0.02102	0.02561	0.02170	0.02891	0.15788	0.03071	0.02916	0.01026	0.00890	0.00257	0.00973	0.00929	0.00556	0.01198
51	0.01268	0.00846	0.00951	0.00951	0.00951	0.00846	0.00529	0.01268	0.01268	0.01691	0.02748	0.05708	0.03171	0.69345	0.04440	0.00846	0.00846	0.01268	0.00529	0.00529
52	0.03258	0.04157	0.02472	0.02247	0.02697	0.65843	0.01685	0.03483	0.02472	0.02135	0.01348	0.01573	0.01124	0.00899	0.00787	0.00225	0.01573	0.00562	0.00449	0.01011
53	0.01063	0.00759	0.01012	0.01215	0.01265	0.00709	0.00810	0.01215	0.01670	0.02227	0.04808	0.68775	0.05769	0.02733	0.01113	0.00354	0.00506	0.02480	0.00810	0.00709
54	0.01063	0.00759	0.01012	0.01215	0.01265	0.00709	0.00810	0.01215	0.01670	0.02227	0.04808	0.68775	0.05769	0.02733	0.01113	0.00354	0.00506	0.02480	0.00810	0.00709
