[name]
unknown

[dist]
# distance from previous block
# <min> <max>
5	19

[block]
# block no. 0 follows, 22 sequences, length 12
# corresponding to MSA columns:
# 19-30
name=unknown_A
#
# <colnr> <probs for GDERKNQSTAVLIFYWHMCP>
#	G	D	E	R	K	N	Q	S	T	A	V	L	I	F	Y	W	H	M	C	P
0	0.01546	0.01166	0.01284	0.01194	0.01472	0.01162	0.00884	0.16175	0.02220	0.02863	0.05131	0.23000	0.26245	0.10145	0.01353	0.00351	0.00603	0.01608	0.00754	0.00844
1	0.01066	0.00760	0.00934	0.01049	0.01109	0.00716	0.00678	0.01176	0.01513	0.01986	0.04436	0.44544	0.11412	0.22335	0.01971	0.00467	0.00569	0.01959	0.00693	0.00628
2	0.01078	0.00772	0.00923	0.01015	0.01084	0.00726	0.00652	0.01181	0.01503	0.01958	0.04506	0.36665	0.14467	0.27062	0.02187	0.00496	0.00588	0.01846	0.00675	0.00617
3	0.01010	0.00732	0.00955	0.01133	0.01199	0.00677	0.00761	0.01159	0.01613	0.02130	0.04870	0.65542	0.10027	0.02565	0.01054	0.00333	0.00477	0.02316	0.00771	0.00677
4	0.01292	0.00914	0.01052	0.01061	0.01160	0.00906	0.00689	0.06432	0.01623	0.02137	0.03746	0.25005	0.09951	0.37274	0.02652	0.00563	0.00678	0.01573	0.00639	0.00653
5	0.01669	0.02304	0.19180	0.19118	0.20505	0.01751	0.07137	0.02272	0.01806	0.02474	0.02559	0.02921	0.10776	0.00976	0.00852	0.00266	0.01027	0.00878	0.00440	0.01090
6	0.01036	0.00818	0.00934	0.00960	0.01169	0.00716	0.00699	0.01276	0.01939	0.02482	0.21381	0.21135	0.38284	0.02114	0.00998	0.00288	0.00427	0.01825	0.00806	0.00716
7	0.01318	0.01103	0.01181	0.01130	0.01438	0.01098	0.00855	0.02156	0.19574	0.02739	0.14776	0.10045	0.35850	0.01799	0.00948	0.00282	0.00487	0.01523	0.00813	0.00885
8	0.05903	0.01445	0.01689	0.01416	0.01858	0.01494	0.01132	0.20434	0.02467	0.19720	0.02722	0.10095	0.02209	0.01794	0.08771	0.00382	0.00867	0.00957	0.13525	0.01119
9	0.05301	0.01199	0.01361	0.01156	0.01566	0.01160	0.00914	0.06333	0.07053	0.17302	0.08904	0.03334	0.05875	0.01087	0.00733	0.00226	0.00545	0.00883	0.27677	0.07388
10	0.02578	0.03049	0.02593	0.16116	0.16294	0.40717	0.01942	0.02918	0.02119	0.02192	0.01381	0.01758	0.01129	0.00827	0.00781	0.00233	0.01314	0.00618	0.00413	0.01028
11	0.02988	0.03382	0.02506	0.02451	0.10207	0.46135	0.01714	0.15520	0.02619	0.02777	0.01465	0.01668	0.01171	0.00871	0.00775	0.00225	0.01316	0.00604	0.00509	0.01099

[dist]
# distance from previous block
# <min> <max>
1	44

[block]
# block no. 1 follows, 22 sequences, length 149
# corresponding to MSA columns:
# 81-229
name=unknown_B
#
# <colnr> <probs for GDERKNQSTAVLIFYWHMCP>
#	G	D	E	R	K	N	Q	S	T	A	V	L	I	F	Y	W	H	M	C	P
0	0.18488	0.02419	0.02076	0.01797	0.02273	0.22318	0.04214	0.17241	0.02389	0.03247	0.01871	0.02648	0.01622	0.01408	0.05472	0.00333	0.01136	0.07436	0.00584	0.01028
1	0.01577	0.10149	0.30520	0.01725	0.02471	0.01648	0.01906	0.02302	0.05365	0.02772	0.19405	0.07094	0.03292	0.01150	0.00824	0.00251	0.00849	0.00957	0.00568	0.05175
2	0.02480	0.20088	0.02938	0.01988	0.06743	0.02571	0.01586	0.29350	0.02609	0.03480	0.01652	0.01923	0.01337	0.01454	0.07255	0.00347	0.09752	0.00679	0.00582	0.01188
3	0.01114	0.00865	0.01048	0.01108	0.01325	0.00798	0.00875	0.01390	0.01883	0.02398	0.13085	0.13618	0.32903	0.02444	0.05713	0.00384	0.00640	0.16917	0.00763	0.00728
4	0.02018	0.01743	0.06578	0.07375	0.02479	0.01656	0.04812	0.20629	0.02225	0.03069	0.01776	0.02294	0.01453	0.02163	0.13054	0.13724	0.01140	0.00739	0.00541	0.10532
5	0.01955	0.01428	0.01711	0.01767	0.06300	0.07977	0.01313	0.02379	0.04812	0.13191	0.02793	0.04250	0.02530	0.03296	0.26839	0.00700	0.01409	0.13767	0.00630	0.00953
6	0.02085	0.58667	0.11267	0.01524	0.02254	0.02973	0.01583	0.02433	0.01671	0.02030	0.01269	0.01517	0.01136	0.01108	0.05274	0.00269	0.01021	0.00495	0.00361	0.01062
7	0.02001	0.02119	0.07718	0.04572	0.53984	0.02036	0.02502	0.02492	0.01811	0.02626	0.01503	0.02007	0.01272	0.00825	0.01038	0.00261	0.08835	0.00730	0.00401	0.01263
8	0.02662	0.15311	0.02657	0.02070	0.05746	0.38137	0.01558	0.03372	0.15886	0.02375	0.01740	0.01853	0.01407	0.00884	0.00736	0.00224	0.01177	0.00619	0.00507	0.01078
9	0.01187	0.00890	0.01335	0.01335	0.01483	0.01038	0.01038	0.01483	0.01335	0.01928	0.02225	0.03264	0.02077	0.06231	0.67512	0.01335	0.02225	0.00890	0.00445	0.00742
10	0.01876	0.03031	0.31822	0.03798	0.34916	0.01960	0.05549	0.02591	0.01833	0.02674	0.01536	0.01929	0.01195	0.00760	0.00815	0.00256	0.01114	0.00694	0.00384	0.01267
11	0.01447	0.01310	0.01739	0.01618	0.01781	0.05980	0.04046	0.01719	0.01454	0.02004	0.02207	0.10524	0.02189	0.04354	0.40902	0.00925	0.13528	0.01010	0.00466	0.00796
12	0.01012	0.00723	0.00964	0.01157	0.01205	0.00675	0.00771	0.01157	0.01591	0.02121	0.04579	0.70262	0.05495	0.02603	0.01060	0.00337	0.00482	0.02362	0.00771	0.00675
13	0.01166	0.00842	0.01102	0.01052	0.01239	0.00777	0.00783	0.01543	0.02306	0.03259	0.61576	0.10019	0.07699	0.01752	0.00985	0.00266	0.00397	0.01554	0.00906	0.00777
14	0.02046	0.12675	0.30316	0.02151	0.02856	0.14474	0.02264	0.02583	0.01738	0.02272	0.01308	0.01665	0.01067	0.00956	0.01227	0.00267	0.18085	0.00604	0.00369	0.01078
15	0.01826	0.01576	0.01649	0.01503	0.01930	0.01764	0.01164	0.03701	0.50345	0.03203	0.04496	0.04183	0.16427	0.01343	0.00876	0.00281	0.00605	0.01119	0.00829	0.01179
16	0.03158	0.02327	0.02493	0.01911	0.02576	0.02576	0.01579	0.62852	0.03906	0.05236	0.01995	0.01995	0.01413	0.00997	0.00831	0.00249	0.00914	0.00748	0.00831	0.01413
17	0.08402	0.03009	0.32146	0.06454	0.17076	0.01980	0.02449	0.10425	0.02058	0.06008	0.01626	0.01893	0.01194	0.00817	0.00783	0.00258	0.01053	0.00662	0.00473	0.01235
18	0.02021	0.02141	0.02664	0.39375	0.18821	0.16403	0.02208	0.02485	0.01868	0.02239	0.01454	0.02020	0.01147	0.00815	0.00811	0.00256	0.01166	0.00694	0.00392	0.01022
19	0.03103	0.03959	0.02354	0.02140	0.02568	0.67469	0.01605	0.03317	0.02354	0.02033	0.01284	0.01498	0.01070	0.00856	0.00749	0.00214	0.01498	0.00535	0.00428	0.00963
20	0.03103	0.03959	0.02354	0.02140	0.02568	0.67469	0.01605	0.03317	0.02354	0.02033	0.01284	0.01498	0.01070	0.00856	0.00749	0.00214	0.01498	0.00535	0.00428	0.00963
21	0.01593	0.01501	0.02535	0.65677	0.08665	0.01852	0.02319	0.02144	0.01672	0.02152	0.01481	0.02207	0.01118	0.00826	0.00830	0.00275	0.01101	0.00738	0.00371	0.00942
22	0.01088	0.00798	0.01021	0.01066	0.01213	0.00731	0.00761	0.01360	0.01994	0.02721	0.34363	0.31952	0.13644	0.02106	0.01012	0.00294	0.00431	0.01874	0.00841	0.00731
23	0.01074	0.00845	0.00969	0.00938	0.01178	0.00740	0.00703	0.01370	0.02110	0.02758	0.35261	0.07149	0.38119	0.01912	0.00981	0.00271	0.00407	0.01635	0.00839	0.00740
24	0.01549	0.00774	0.00774	0.00774	0.00968	0.00774	0.00581	0.01936	0.01742	0.03097	0.02710	0.03097	0.02129	0.00968	0.00581	0.00194	0.00387	0.00774	0.75416	0.00774
25	0.01176	0.00849	0.01110	0.01045	0.01241	0.00784	0.00784	0.01568	0.02352	0.03331	0.65184	0.06206	0.07839	0.01698	0.00980	0.00261	0.00392	0.01502	0.00914	0.00784
26	0.01976	0.02314	0.10001	0.04110	0.31696	0.02028	0.30140	0.02608	0.01910	0.02682	0.01610	0.02112	0.01266	0.00726	0.00892	0.00264	0.01199	0.00838	0.00410	0.01218
27	0.02056	0.01974	0.03372	0.05099	0.65622	0.01974	0.02550	0.02550	0.01892	0.02714	0.01563	0.02056	0.01316	0.00740	0.00822	0.00247	0.00987	0.00740	0.00411	0.01316
28	0.01666	0.04297	0.66500	0.02368	0.03596	0.01929	0.03069	0.02631	0.01754	0.02631	0.01491	0.01754	0.01052	0.00789	0.00789	0.00263	0.01228	0.00614	0.00351	0.01228
29	0.01192	0.00868	0.01223	0.01223	0.01333	0.00978	0.00899	0.01412	0.01302	0.01846	0.02327	0.03830	0.02323	0.23068	0.51011	0.01197	0.01855	0.00973	0.00460	0.00680
30	0.03002	0.11681	0.02583	0.02058	0.02518	0.60110	0.01584	0.03222	0.02278	0.02024	0.01269	0.01479	0.01070	0.00839	0.00724	0.00210	0.01428	0.00525	0.00420	0.00975
31	0.02435	0.47934	0.03677	0.01672	0.02255	0.20849	0.01500	0.02681	0.01842	0.01979	0.01186	0.01412	0.01069	0.00803	0.00747	0.00201	0.05867	0.00489	0.00376	0.01027
32	0.01012	0.00723	0.00964	0.01157	0.01205	0.00675	0.00771	0.01157	0.01591	0.02121	0.04579	0.70262	0.05495	0.02603	0.01060	0.00337	0.00482	0.02362	0.00771	0.00675
33	0.00982	0.00842	0.00842	0.00842	0.01122	0.00701	0.00631	0.01192	0.01894	0.02244	0.08416	0.07995	0.65285	0.02104	0.00982	0.00281	0.00421	0.01753	0.00771	0.00701
34	0.01230	0.00965	0.01533	0.01455	0.01642	0.01097	0.04458	0.01549	0.01370	0.01969	0.02195	0.03207	0.02032	0.05923	0.63817	0.01277	0.02179	0.00895	0.00444	0.00763
35	0.01187	0.00890	0.01335	0.01335	0.01483	0.01038	0.01038	0.01483	0.01335	0.01928	0.02225	0.03264	0.02077	0.06231	0.67512	0.01335	0.02225	0.00890	0.00445	0.00742
36	0.01952	0.01864	0.05556	0.02408	0.16065	0.01907	0.01624	0.03619	0.40827	0.03249	0.09218	0.03118	0.02733	0.01083	0.00851	0.00271	0.00733	0.00936	0.00731	0.01256
37	0.01714	0.01666	0.02347	0.02043	0.02067	0.02298	0.01690	0.01915	0.01283	0.01988	0.01276	0.02054	0.01252	0.02234	0.13311	0.00522	0.58328	0.00754	0.00377	0.00881
38	0.02416	0.56395	0.03911	0.01581	0.02229	0.17496	0.01462	0.02671	0.01835	0.01972	0.01184	0.01369	0.01067	0.00743	0.00581	0.00186	0.01023	0.00464	0.00371	0.01043
39	0.03056	0.03777	0.02411	0.02271	0.05610	0.60867	0.01649	0.06439	0.02414	0.02236	0.01335	0.01551	0.01100	0.00858	0.00757	0.00217	0.01442	0.00556	0.00449	0.01004
40	0.01848	0.22455	0.43306	0.02222	0.03269	0.02319	0.08574	0.02595	0.01757	0.02449	0.01418	0.01687	0.01077	0.00759	0.00738	0.00241	0.01152	0.00604	0.00359	0.01173
41	0.01549	0.00774	0.00774	0.00774	0.00968	0.00774	0.00581	0.01936	0.01742	0.03097	0.02710	0.03097	0.02129	0.00968	0.00581	0.00194	0.00387	0.00774	0.75416	0.00774
42	0.02221	0.71304	0.04353	0.01421	0.02132	0.03287	0.01421	0.02488	0.01688	0.01955	0.01155	0.01333	0.01066	0.00711	0.00533	0.00178	0.00888	0.00444	0.00355	0.01066
43	0.01723	0.01477	0.01723	0.01230	0.01969	0.01107	0.00984	0.02092	0.01723	0.02707	0.01477	0.01723	0.01230	0.00615	0.00615	0.00123	0.00615	0.00492	0.00492	0.75883
44	0.02057	0.02310	0.03719	0.02848	0.03331	0.10718	0.32721	0.02507	0.01763	0.02340	0.01416	0.01992	0.01174	0.00993	0.01582	0.00302	0.25973	0.00831	0.00401	0.01024
45	0.03103	0.03959	0.02354	0.02140	0.02568	0.67469	0.01605	0.03317	0.02354	0.02033	0.01284	0.01498	0.01070	0.00856	0.00749	0.00214	0.01498	0.00535	0.00428	0.00963
46	0.02066	0.01785	0.01878	0.01691	0.02160	0.02066	0.01315	0.04414	0.64121	0.03475	0.03381	0.03099	0.02536	0.01127	0.00845	0.00282	0.00657	0.00939	0.00845	0.01315
47	0.01208	0.00805	0.00906	0.00906	0.00906	0.00805	0.00503	0.01208	0.01208	0.01611	0.02618	0.05436	0.03020	0.70804	0.04228	0.00805	0.00805	0.01208	0.00503	0.00503
48	0.03049	0.02273	0.02432	0.01889	0.02535	0.02525	0.01553	0.57006	0.09930	0.05059	0.02133	0.02105	0.01525	0.01010	0.00832	0.00253	0.00888	0.00767	0.00832	0.01403
49	0.01208	0.00805	0.00906	0.00906	0.00906	0.00805	0.00503	0.01208	0.01208	0.01611	0.02618	0.05436	0.03020	0.70804	0.04228	0.00805	0.00805	0.01208	0.00503	0.00503
50	0.03158	0.02327	0.02493	0.01911	0.02576	0.02576	0.01579	0.62852	0.03906	0.05236	0.01995	0.01995	0.01413	0.00997	0.00831	0.00249	0.00914	0.00748	0.00831	0.01413
51	0.01208	0.00805	0.00906	0.00906	0.00906	0.00805	0.00503	0.01208	0.01208	0.01611	0.02618	0.05436	0.03020	0.70804	0.04228	0.00805	0.00805	0.01208	0.00503	0.00503
52	0.03103	0.03959	0.02354	0.02140	0.02568	0.67469	0.01605	0.03317	0.02354	0.02033	0.01284	0.01498	0.01070	0.00856	0.00749	0.00214	0.01498	0.00535	0.00428	0.00963
53	0.03158	0.02327	0.02493	0.01911	0.02576	0.02576	0.01579	0.62852	0.03906	0.05236	0.01995	0.01995	0.01413	0.00997	0.00831	0.00249	0.00914	0.00748	0.00831	0.01413
54	0.02066	0.01785	0.01878	0.01691	0.02160	0.02066	0.01315	0.04414	0.64121	0.03475	0.03381	0.03099	0.02536	0.01127	0.00845	0.00282	0.00657	0.00939	0.00845	0.01315
55	0.01207	0.00811	0.00936	0.00936	0.00947	0.00822	0.00541	0.01227	0.01217	0.01633	0.02590	0.05284	0.02954	0.66262	0.08680	0.00843	0.00905	0.01186	0.00499	0.00520
56	0.02245	0.02332	0.03189	0.04566	0.54264	0.13772	0.02379	0.02688	0.01975	0.02591	0.01512	0.01956	0.01272	0.00761	0.00809	0.00241	0.01079	0.00703	0.00414	0.01252
57	0.01208	0.00805	0.00906	0.00906	0.00906	0.00805	0.00503	0.01208	0.01208	0.01611	0.02618	0.05436	0.03020	0.70804	0.04228	0.00805	0.00805	0.01208	0.00503	0.00503
58	0.02193	0.66416	0.04226	0.01475	0.02136	0.03235	0.01449	0.02453	0.01659	0.01958	0.01150	0.01367	0.01068	0.00763	0.00687	0.00191	0.05700	0.00464	0.00356	0.01055
59	0.02128	0.16091	0.38333	0.02054	0.03020	0.04945	0.02350	0.10318	0.05073	0.05775	0.01657	0.01810	0.01218	0.00831	0.00751	0.00244	0.01086	0.00622	0.00470	0.01223
60	0.02184	0.17654	0.14320	0.04880	0.14618	0.15565	0.02046	0.02687	0.04295	0.02306	0.01408	0.01747	0.01175	0.00886	0.01012	0.00247	0.10847	0.00619	0.00401	0.01104
61	0.01201	0.00833	0.01048	0.01048	0.01097	0.00883	0.00681	0.01299	0.01250	0.01716	0.02488	0.04717	0.02708	0.49424	0.25182	0.00981	0.01275	0.01103	0.00484	0.00582
62	0.01187	0.00890	0.01335	0.01335	0.01483	0.01038	0.01038	0.01483	0.01335	0.01928	0.02225	0.03264	0.02077	0.06231	0.67512	0.01335	0.02225	0.00890	0.00445	0.00742
63	0.01468	0.10071	0.04697	0.01276	0.01591	0.01231	0.01072	0.04037	0.01840	0.05259	0.04541	0.24224	0.17371	0.05762	0.01135	0.00328	0.00652	0.11924	0.00696	0.00826
64	0.01888	0.01634	0.02404	0.23086	0.03458	0.01860	0.08640	0.12797	0.13078	0.02912	0.02092	0.02569	0.01645	0.02092	0.15612	0.00508	0.01276	0.00837	0.00555	0.01058
65	0.01189	0.00880	0.01286	0.01286	0.01417	0.01012	0.00977	0.01452	0.01321	0.01892	0.02270	0.03513	0.02185	0.13635	0.60256	0.01274	0.02062	0.00927	0.00452	0.00714
66	0.01835	0.01741	0.02863	0.07275	0.50903	0.01732	0.02183	0.02279	0.01881	0.02600	0.02827	0.03162	0.13141	0.00997	0.00852	0.00254	0.00888	0.00928	0.00476	0.01184
67	0.02249	0.02582	0.06517	0.03973	0.35648	0.16498	0.15129	0.02747	0.02002	0.02548	0.01523	0.01957	0.01237	0.00760	0.00838	0.00247	0.01200	0.00740	0.00414	0.01192
68	0.03065	0.07005	0.02455	0.02095	0.02548	0.61041	0.01595	0.06438	0.02406	0.02199	0.01316	0.01517	0.01088	0.00857	0.00743	0.00214	0.01439	0.00542	0.00446	0.00992
69	0.02022	0.01939	0.03310	0.09581	0.61408	0.01965	0.02532	0.02520	0.01875	0.02672	0.01557	0.02067	0.01301	0.00747	0.00823	0.00249	0.00995	0.00740	0.00408	0.01288
70	0.01953	0.03363	0.35968	0.03407	0.27581	0.08100	0.02730	0.02664	0.01864	0.02607	0.01499	0.01847	0.01156	0.00776	0.00798	0.00252	0.01160	0.00656	0.00382	0.01237
71	0.03158	0.02327	0.02493	0.01911	0.02576	0.02576	0.01579	0.62852	0.03906	0.05236	0.01995	0.01995	0.01413	0.00997	0.00831	0.00249	0.00914	0.00748	0.00831	0.01413
72	0.01208	0.00805	0.00906	0.00906	0.00906	0.00805	0.00503	0.01208	0.01208	0.01611	0.02618	0.05436	0.03020	0.70804	0.04228	0.00805	0.00805	0.01208	0.00503	0.00503
73	0.01181	0.00953	0.01064	0.01018	0.01287	0.00890	0.00769	0.01707	0.09206	0.02806	0.29787	0.06742	0.35879	0.01835	0.00965	0.00273	0.00437	0.01563	0.00835	0.00804
74	0.01705	0.04065	0.60185	0.02641	0.09801	0.01934	0.03017	0.02623	0.01768	0.02639	0.01498	0.01784	0.01079	0.00784	0.00793	0.00261	0.01204	0.00627	0.00357	0.01237
75	0.01683	0.01460	0.01907	0.19255	0.06417	0.01650	0.01568	0.02866	0.26215	0.02764	0.03541	0.04484	0.09689	0.01347	0.00909	0.00296	0.00785	0.11444	0.00674	0.01045
76	0.02217	0.03308	0.24302	0.03357	0.27214	0.20204	0.02461	0.02791	0.01974	0.02496	0.01461	0.01799	0.01159	0.00789	0.00791	0.00243	0.01210	0.00641	0.00396	0.01188
77	0.00982	0.00842	0.00842	0.00842	0.01122	0.00701	0.00631	0.01192	0.01894	0.02244	0.08416	0.07995	0.65285	0.02104	0.00982	0.00281	0.00421	0.01753	0.00771	0.00701
78	0.02846	0.02442	0.02300	0.01887	0.02460	0.13006	0.01510	0.36948	0.20352	0.04226	0.02263	0.02220	0.01668	0.01010	0.00822	0.00253	0.00938	0.00766	0.00769	0.01312
79	0.01723	0.01477	0.01723	0.01230	0.01969	0.01107	0.00984	0.02092	0.01723	0.02707	0.01477	0.01723	0.01230	0.00615	0.00615	0.00123	0.00615	0.00492	0.00492	0.75883
80	0.01972	0.05040	0.02401	0.01916	0.02266	0.08438	0.08506	0.12816	0.01971	0.02624	0.01786	0.02410	0.01550	0.03061	0.27256	0.00690	0.13041	0.00792	0.00491	0.00970
81	0.01285	0.01728	0.18170	0.01589	0.01990	0.01090	0.01548	0.01718	0.01734	0.02368	0.03717	0.33318	0.04113	0.02033	0.01017	0.00332	0.00765	0.19977	0.00660	0.00847
82	0.03727	0.01414	0.01928	0.01478	0.02121	0.01221	0.01221	0.04049	0.02378	0.66198	0.03277	0.02828	0.02056	0.01028	0.00835	0.00257	0.00707	0.00835	0.01028	0.01414
83	0.01057	0.00845	0.00946	0.00920	0.01168	0.00733	0.00690	0.01337	0.02071	0.02665	0.30365	0.07303	0.43074	0.01947	0.00981	0.00273	0.00410	0.01656	0.00827	0.00733
84	0.76672	0.01607	0.01221	0.01092	0.01607	0.01864	0.00900	0.02442	0.01414	0.03727	0.01157	0.01350	0.00900	0.00771	0.00514	0.00257	0.00643	0.00450	0.00514	0.00900
85	0.03158	0.02327	0.02493	0.01911	0.02576	0.02576	0.01579	0.62852	0.03906	0.05236	0.01995	0.01995	0.01413	0.00997	0.00831	0.00249	0.00914	0.00748	0.00831	0.01413
86	0.01549	0.00774	0.00774	0.00774	0.00968	0.00774	0.00581	0.01936	0.01742	0.03097	0.02710	0.03097	0.02129	0.00968	0.00581	0.00194	0.00387	0.00774	0.75416	0.00774
87	0.00982	0.00842	0.00842	0.00842	0.01122	0.00701	0.00631	0.01192	0.01894	0.02244	0.08416	0.07995	0.65285	0.02104	0.00982	0.00281	0.00421	0.01753	0.00771	0.00701
88	0.02954	0.03315	0.02304	0.02022	0.02491	0.45876	0.01553	0.16092	0.06986	0.02817	0.01628	0.01799	0.01293	0.01153	0.03848	0.00278	0.01347	0.00626	0.00545	0.01074
89	0.01549	0.00774	0.00774	0.00774	0.00968	0.00774	0.00581	0.01936	0.01742	0.03097	0.02710	0.03097	0.02129	0.00968	0.00581	0.00194	0.00387	0.00774	0.75416	0.00774
90	0.01054	0.00741	0.00952	0.01103	0.01141	0.00703	0.00714	0.01168	0.01508	0.02011	0.04158	0.56344	0.04963	0.17246	0.01741	0.00438	0.00551	0.02114	0.00714	0.00638
91	0.01208	0.00805	0.00906	0.00906	0.00906	0.00805	0.00503	0.01208	0.01208	0.01611	0.02618	0.05436	0.03020	0.70804	0.04228	0.00805	0.00805	0.01208	0.00503	0.00503
92	0.01012	0.00723	0.00964	0.01157	0.01205	0.00675	0.00771	0.01157	0.01591	0.02121	0.04579	0.70262	0.05495	0.02603	0.01060	0.00337	0.00482	0.02362	0.00771	0.00675
93	0.02221	0.71304	0.04353	0.01421	0.02132	0.03287	0.01421	0.02488	0.01688	0.01955	0.01155	0.01333	0.01066	0.00711	0.00533	0.00178	0.00888	0.00444	0.00355	0.01066
94	0.01666	0.04297	0.66500	0.02368	0.03596	0.01929	0.03069	0.02631	0.01754	0.02631	0.01491	0.01754	0.01052	0.00789	0.00789	0.00263	0.01228	0.00614	0.00351	0.01228
95	0.01235	0.00923	0.01194	0.01329	0.01546	0.00882	0.01132	0.01567	0.01907	0.02416	0.05570	0.08969	0.22432	0.02239	0.01099	0.00353	0.00665	0.43029	0.00767	0.00746
96	0.03103	0.03959	0.02354	0.02140	0.02568	0.67469	0.01605	0.03317	0.02354	0.02033	0.01284	0.01498	0.01070	0.00856	0.00749	0.00214	0.01498	0.00535	0.00428	0.00963
97	0.01074	0.00749	0.00946	0.01077	0.01110	0.00716	0.00686	0.01173	0.01470	0.01959	0.03958	0.49758	0.04712	0.24174	0.02062	0.00485	0.00584	0.01997	0.00686	0.00621
98	0.01012	0.00723	0.00964	0.01157	0.01205	0.00675	0.00771	0.01157	0.01591	0.02121	0.04579	0.70262	0.05495	0.02603	0.01060	0.00337	0.00482	0.02362	0.00771	0.00675
99	0.03158	0.02327	0.02493	0.01911	0.02576	0.02576	0.01579	0.62852	0.03906	0.05236	0.01995	0.01995	0.01413	0.00997	0.00831	0.00249	0.00914	0.00748	0.00831	0.01413
100	0.01029	0.00828	0.00926	0.00990	0.01209	0.00725	0.00743	0.01245	0.01829	0.02245	0.07106	0.21937	0.45111	0.02236	0.01018	0.00305	0.00474	0.08570	0.00771	0.00703
101	0.01187	0.00890	0.01335	0.01335	0.01483	0.01038	0.01038	0.01483	0.01335	0.01928	0.02225	0.03264	0.02077	0.06231	0.67512	0.01335	0.02225	0.00890	0.00445	0.00742
102	0.76672	0.01607	0.01221	0.01092	0.01607	0.01864	0.00900	0.02442	0.01414	0.03727	0.01157	0.01350	0.00900	0.00771	0.00514	0.00257	0.00643	0.00450	0.00514	0.00900
103	0.01351	0.01132	0.01650	0.01556	0.01665	0.01431	0.01242	0.01618	0.01319	0.01947	0.01929	0.02887	0.01820	0.04985	0.50619	0.01082	0.19711	0.00848	0.00424	0.00785
104	0.02066	0.01785	0.01878	0.01691	0.02160	0.02066	0.01315	0.04414	0.64121	0.03475	0.03381	0.03099	0.02536	0.01127	0.00845	0.00282	0.00657	0.00939	0.00845	0.01315
105	0.01208	0.00805	0.00906	0.00906	0.00906	0.00805	0.00503	0.01208	0.01208	0.01611	0.02618	0.05436	0.03020	0.70804	0.04228	0.00805	0.00805	0.01208	0.00503	0.00503
106	0.01004	0.00842	0.00872	0.00865	0.01136	0.00711	0.00649	0.01235	0.01946	0.02369	0.14925	0.07790	0.58698	0.02057	0.00982	0.00278	0.00417	0.01725	0.00788	0.00711
107	0.01187	0.00890	0.01335	0.01335	0.01483	0.01038	0.01038	0.01483	0.01335	0.01928	0.02225	0.03264	0.02077	0.06231	0.67512	0.01335	0.02225	0.00890	0.00445	0.00742
108	0.02631	0.24824	0.03104	0.06165	0.08926	0.33132	0.01682	0.06189	0.02141	0.02258	0.01322	0.01572	0.01115	0.00805	0.00697	0.00211	0.01199	0.00551	0.00422	0.01053
109	0.02389	0.02623	0.03108	0.04082	0.42820	0.23031	0.04731	0.02801	0.02043	0.02493	0.01478	0.01884	0.01235	0.00776	0.00805	0.00238	0.01168	0.00684	0.00417	0.01194
110	0.03108	0.02302	0.02465	0.01901	0.02557	0.02553	0.01567	0.60198	0.06641	0.05156	0.02058	0.02045	0.01464	0.01003	0.00832	0.00251	0.00902	0.00757	0.00832	0.01408
111	0.02434	0.27084	0.19804	0.01901	0.02686	0.14158	0.01918	0.15633	0.02299	0.02849	0.01446	0.01614	0.01138	0.00818	0.00702	0.00222	0.01091	0.00570	0.00469	0.01164
112	0.01789	0.19131	0.52742	0.02158	0.03272	0.02230	0.02705	0.02599	0.01739	0.02481	0.01416	0.01661	0.01055	0.00772	0.00733	0.00244	0.01153	0.00576	0.00352	0.01192
113	0.01708	0.01220	0.01524	0.01409	0.01717	0.01339	0.01098	0.02685	0.21813	0.08775	0.14345	0.03714	0.03289	0.03258	0.27446	0.00696	0.01238	0.01014	0.00716	0.00998
114	0.01703	0.16543	0.32735	0.02082	0.02924	0.02020	0.09121	0.02352	0.01672	0.02345	0.01609	0.02061	0.01306	0.01968	0.15532	0.00485	0.01401	0.00684	0.00381	0.01076
115	0.01230	0.00965	0.01533	0.01455	0.01642	0.01097	0.04458	0.01549	0.01370	0.01969	0.02195	0.03207	0.02032	0.05923	0.63817	0.01277	0.02179	0.00895	0.00444	0.00763
116	0.02056	0.01974	0.03372	0.05099	0.65622	0.01974	0.02550	0.02550	0.01892	0.02714	0.01563	0.02056	0.01316	0.00740	0.00822	0.00247	0.00987	0.00740	0.00411	0.01316
117	0.15284	0.02609	0.05309	0.12179	0.02943	0.24731	0.04985	0.03155	0.15708	0.02724	0.01788	0.01990	0.01380	0.00886	0.00757	0.00252	0.01085	0.00669	0.00522	0.01045
118	0.01516	0.01125	0.01507	0.01410	0.01638	0.01283	0.01103	0.11687	0.01757	0.02464	0.02206	0.03157	0.02012	0.08474	0.53359	0.01129	0.01938	0.00882	0.00512	0.00842
119	0.01187	0.00890	0.01335	0.01335	0.01483	0.01038	0.01038	0.01483	0.01335	0.01928	0.02225	0.03264	0.02077	0.06231	0.67512	0.01335	0.02225	0.00890	0.00445	0.00742
120	0.01922	0.02739	0.23514	0.04052	0.38977	0.01974	0.09600	0.02588	0.01856	0.02682	0.01553	0.01982	0.01226	0.00751	0.00830	0.00256	0.01111	0.00728	0.00393	0.01266
121	0.15336	0.05323	0.02673	0.20115	0.18913	0.16049	0.05277	0.02587	0.01841	0.02556	0.01397	0.01831	0.01121	0.00791	0.00750	0.00248	0.01086	0.00644	0.00420	0.01042
122	0.01058	0.00866	0.00948	0.00989	0.01250	0.00756	0.00783	0.01306	0.01898	0.02296	0.07555	0.08290	0.52323	0.02145	0.01017	0.00302	0.00495	0.14239	0.00770	0.00715
123	0.00989	0.00815	0.00869	0.00911	0.01140	0.00695	0.00662	0.01184	0.01826	0.02217	0.07566	0.21780	0.52049	0.02214	0.00999	0.00293	0.00434	0.01888	0.00771	0.00695
124	0.02221	0.71304	0.04353	0.01421	0.02132	0.03287	0.01421	0.02488	0.01688	0.01955	0.01155	0.01333	0.01066	0.00711	0.00533	0.00178	0.00888	0.00444	0.00355	0.01066
125	0.01280	0.01046	0.01569	0.01532	0.01763	0.01015	0.08039	0.01714	0.06149	0.02389	0.04497	0.35081	0.10590	0.02148	0.01052	0.00333	0.00670	0.17600	0.00734	0.00798
126	0.01721	0.01700	0.02093	0.01875	0.01970	0.08501	0.01518	0.01947	0.01403	0.01977	0.01515	0.02302	0.01441	0.03101	0.25683	0.00696	0.38535	0.00766	0.00399	0.00854
127	0.01487	0.01340	0.01810	0.01671	0.01776	0.04083	0.01341	0.01739	0.01351	0.01958	0.01780	0.02675	0.01683	0.04304	0.41611	0.00942	0.26406	0.00818	0.00415	0.00810
128	0.02318	0.17717	0.02505	0.01695	0.02099	0.24815	0.01379	0.02701	0.05514	0.05325	0.15161	0.02659	0.02652	0.01096	0.00987	0.00239	0.08815	0.00781	0.00560	0.00981
129	0.02465	0.01994	0.02062	0.01704	0.02223	0.13209	0.04651	0.13172	0.07799	0.13388	0.02534	0.13739	0.02212	0.01180	0.00829	0.00242	0.00863	0.00985	0.00702	0.14048
130	0.01979	0.06794	0.33220	0.01981	0.02808	0.07311	0.02155	0.11134	0.07258	0.03031	0.09018	0.02433	0.02051	0.01195	0.03790	0.00302	0.01090	0.00758	0.00534	0.01158
131	0.25369	0.02178	0.17796	0.02240	0.15719	0.01667	0.01729	0.02271	0.01658	0.02925	0.07305	0.02576	0.01932	0.10027	0.01177	0.00329	0.00860	0.00747	0.00486	0.01008
132	0.09807	0.09588	0.13993	0.02796	0.22391	0.06616	0.01983	0.05752	0.04788	0.02747	0.01638	0.02014	0.01342	0.01489	0.09253	0.00382	0.01158	0.00671	0.00454	0.01138
133	0.25744	0.01671	0.01613	0.04968	0.02034	0.07639	0.01168	0.05652	0.09761	0.10269	0.02453	0.02640	0.06031	0.01930	0.12557	0.00450	0.01033	0.00764	0.00621	0.01002
134	0.06523	0.15941	0.02704	0.01853	0.02423	0.26726	0.01513	0.23706	0.05523	0.03272	0.01594	0.01703	0.01246	0.00885	0.00729	0.00225	0.01101	0.00605	0.00576	0.01151
135	0.02576	0.02722	0.09743	0.02346	0.10549	0.17349	0.01796	0.24344	0.08810	0.03479	0.02035	0.06771	0.01677	0.01034	0.00824	0.00252	0.01040	0.00814	0.00626	0.01213
136	0.05431	0.14303	0.04530	0.05193	0.02088	0.10246	0.01291	0.02046	0.01722	0.02261	0.02466	0.23535	0.02647	0.01443	0.00922	0.00259	0.04885	0.03876	0.00541	0.10315
137	0.05471	0.06328	0.18971	0.01980	0.05053	0.04693	0.01839	0.18641	0.02254	0.03155	0.01987	0.09790	0.01770	0.01640	0.07616	0.00374	0.05901	0.00871	0.00553	0.01112
138	0.05376	0.13930	0.08515	0.09127	0.02320	0.01695	0.01393	0.02390	0.10088	0.05425	0.22097	0.08160	0.03748	0.01248	0.00824	0.00256	0.00712	0.01046	0.00662	0.00988
139	0.19023	0.07857	0.01589	0.01177	0.01579	0.01456	0.00935	0.05101	0.04776	0.06791	0.17108	0.06461	0.08765	0.07518	0.01079	0.00297	0.00613	0.01016	0.00683	0.06176
140	0.02514	0.04436	0.02079	0.01617	0.02154	0.05824	0.01304	0.28188	0.11142	0.08982	0.09338	0.05275	0.05941	0.01163	0.00834	0.00247	0.00778	0.00931	0.00787	0.06467
141	0.14807	0.09281	0.02240	0.01866	0.04492	0.35373	0.01399	0.05140	0.05479	0.02468	0.01421	0.01692	0.01184	0.01054	0.00959	0.08026	0.01134	0.00570	0.00466	0.00950
142	0.09834	0.02564	0.02199	0.05553	0.02539	0.21817	0.01493	0.30549	0.02879	0.03689	0.01895	0.07667	0.01595	0.01062	0.00796	0.00249	0.01038	0.00794	0.00649	0.01138
143	0.10416	0.06803	0.05444	0.01751	0.08190	0.12826	0.01299	0.05136	0.02114	0.02856	0.19261	0.03943	0.14239	0.01269	0.00822	0.00248	0.00783	0.01022	0.00634	0.00942
144	0.10324	0.13189	0.16509	0.01779	0.02502	0.13451	0.01717	0.10408	0.02065	0.02870	0.01415	0.01631	0.01121	0.00811	0.00769	0.00219	0.03826	0.00557	0.00471	0.14367
145	0.06154	0.01568	0.04954	0.01311	0.01625	0.09519	0.01045	0.04964	0.02164	0.05870	0.33190	0.07623	0.04902	0.09991	0.01303	0.00325	0.00689	0.01204	0.00741	0.00858
146	0.02083	0.02217	0.06961	0.13813	0.09358	0.13064	0.07541	0.12247	0.02309	0.02938	0.10932	0.06064	0.04681	0.01092	0.00865	0.00259	0.01011	0.00942	0.00574	0.01050
147	0.10373	0.20616	0.09474	0.01466	0.01981	0.08466	0.01349	0.02151	0.01750	0.02390	0.05009	0.11346	0.10910	0.01251	0.00853	0.00246	0.04610	0.00958	0.00519	0.04282
148	0.09855	0.02156	0.02010	0.01785	0.04645	0.13553	0.01350	0.25805	0.07057	0.03656	0.07384	0.02765	0.04914	0.04471	0.04660	0.00334	0.00978	0.00830	0.00681	0.01110

[dist]
# distance from previous block
# <min> <max>
25	154

[block]
# block no. 2 follows, 22 sequences, length 33
# corresponding to MSA columns:
# 385-417
name=unknown_C
#
# <colnr> <probs for GDERKNQSTAVLIFYWHMCP>
#	G	D	E	R	K	N	Q	S	T	A	V	L	I	F	Y	W	H	M	C	P
0	0.02294	0.04626	0.08073	0.01657	0.02169	0.10952	0.01408	0.16431	0.12036	0.08359	0.03084	0.10785	0.08200	0.04899	0.01026	0.00291	0.00865	0.01039	0.00701	0.01104
1	0.02055	0.01842	0.01694	0.01481	0.01891	0.14977	0.01112	0.10370	0.02109	0.05552	0.02568	0.21991	0.02620	0.05906	0.01049	0.00272	0.00817	0.01143	0.00631	0.19921
2	0.20117	0.01249	0.01367	0.01229	0.01545	0.01299	0.00935	0.01798	0.01544	0.02637	0.05437	0.18000	0.05302	0.08954	0.01361	0.00320	0.08554	0.01109	0.00578	0.16662
3	0.01397	0.00835	0.01064	0.01108	0.01217	0.00785	0.00738	0.01528	0.01595	0.09441	0.06622	0.38686	0.04412	0.24236	0.02046	0.00475	0.00608	0.01775	0.00722	0.00711
4	0.02095	0.18915	0.05213	0.01776	0.02170	0.08329	0.01546	0.11395	0.01905	0.02493	0.01522	0.02007	0.01343	0.02153	0.15625	0.00493	0.18886	0.00674	0.00456	0.01005
5	0.06797	0.02386	0.01982	0.01718	0.02153	0.23346	0.01345	0.21438	0.02579	0.03210	0.05835	0.02654	0.05937	0.01970	0.12518	0.00432	0.01258	0.00795	0.00613	0.01035
6	0.01926	0.05322	0.02626	0.16439	0.03190	0.04815	0.12598	0.14154	0.02133	0.02790	0.02218	0.05154	0.04774	0.02148	0.15467	0.00498	0.01316	0.00904	0.00524	0.01005
7	0.01666	0.04297	0.66500	0.02368	0.03596	0.01929	0.03069	0.02631	0.01754	0.02631	0.01491	0.01754	0.01052	0.00789	0.00789	0.00263	0.01228	0.00614	0.00351	0.01228
8	0.02575	0.03183	0.01978	0.01817	0.02208	0.50849	0.01363	0.02788	0.02240	0.02086	0.03059	0.03115	0.17055	0.01167	0.00807	0.00231	0.01230	0.00838	0.00514	0.00898
9	0.02121	0.02441	0.18338	0.02024	0.02717	0.01932	0.08832	0.23630	0.07447	0.03517	0.02634	0.13401	0.04754	0.01229	0.00883	0.00275	0.00937	0.01061	0.00653	0.01175
10	0.01249	0.01123	0.01471	0.01901	0.17177	0.01018	0.01109	0.01530	0.01893	0.02361	0.06710	0.06517	0.49362	0.01764	0.00942	0.00272	0.00562	0.01501	0.00682	0.00854
11	0.01012	0.00723	0.00964	0.01157	0.01205	0.00675	0.00771	0.01157	0.01591	0.02121	0.04579	0.70262	0.05495	0.02603	0.01060	0.00337	0.00482	0.02362	0.00771	0.00675
12	0.01949	0.20034	0.24082	0.02774	0.11926	0.02323	0.17795	0.02659	0.04161	0.02514	0.01537	0.01866	0.01201	0.00753	0.00781	0.00245	0.01133	0.00695	0.00397	0.01175
13	0.06445	0.02904	0.02774	0.03476	0.32154	0.33267	0.02012	0.02911	0.02088	0.02441	0.01408	0.01753	0.01177	0.00797	0.00771	0.00232	0.01213	0.00627	0.00425	0.01126
14	0.01208	0.00805	0.00906	0.00906	0.00906	0.00805	0.00503	0.01208	0.01208	0.01611	0.02618	0.05436	0.03020	0.70804	0.04228	0.00805	0.00805	0.01208	0.00503	0.00503
15	0.01012	0.00723	0.00964	0.01157	0.01205	0.00675	0.00771	0.01157	0.01591	0.02121	0.04579	0.70262	0.05495	0.02603	0.01060	0.00337	0.00482	0.02362	0.00771	0.00675
16	0.01901	0.01815	0.03091	0.25414	0.46522	0.01933	0.02472	0.02413	0.01818	0.02525	0.01535	0.02107	0.01249	0.00769	0.00825	0.00256	0.01025	0.00740	0.00398	0.01191
17	0.01981	0.42343	0.31214	0.01830	0.02765	0.02700	0.02134	0.02550	0.01716	0.02247	0.01300	0.01515	0.01060	0.00745	0.00644	0.00215	0.01035	0.00518	0.00353	0.01136
18	0.03103	0.03959	0.02354	0.02140	0.02568	0.67469	0.01605	0.03317	0.02354	0.02033	0.01284	0.01498	0.01070	0.00856	0.00749	0.00214	0.01498	0.00535	0.00428	0.00963
19	0.01693	0.01553	0.02339	0.52101	0.04835	0.01901	0.02060	0.02693	0.17209	0.02459	0.01951	0.02435	0.01463	0.00904	0.00834	0.00278	0.00995	0.00788	0.00488	0.01020
20	0.00982	0.00842	0.00842	0.00842	0.01122	0.00701	0.00631	0.01192	0.01894	0.02244	0.08416	0.07995	0.65285	0.02104	0.00982	0.00281	0.00421	0.01753	0.00771	0.00701
21	0.01744	0.01710	0.02404	0.02083	0.02100	0.02370	0.01727	0.01939	0.01280	0.01991	0.01222	0.01985	0.01205	0.02008	0.10236	0.00476	0.61511	0.00746	0.00373	0.00889
22	0.01187	0.00890	0.01335	0.01335	0.01483	0.01038	0.01038	0.01483	0.01335	0.01928	0.02225	0.03264	0.02077	0.06231	0.67512	0.01335	0.02225	0.00890	0.00445	0.00742
23	0.03366	0.01494	0.01917	0.01524	0.02129	0.01405	0.01241	0.04128	0.15814	0.52549	0.03300	0.02887	0.02161	0.01050	0.00838	0.00262	0.00696	0.00858	0.00988	0.01392
24	0.01664	0.01654	0.01589	0.01536	0.01753	0.17574	0.01179	0.01940	0.01589	0.01955	0.01991	0.02824	0.01826	0.04893	0.50894	0.01056	0.02044	0.00802	0.00441	0.00797
25	0.02221	0.71304	0.04353	0.01421	0.02132	0.03287	0.01421	0.02488	0.01688	0.01955	0.01155	0.01333	0.01066	0.00711	0.00533	0.00178	0.00888	0.00444	0.00355	0.01066
26	0.01666	0.04297	0.66500	0.02368	0.03596	0.01929	0.03069	0.02631	0.01754	0.02631	0.01491	0.01754	0.01052	0.00789	0.00789	0.00263	0.01228	0.00614	0.00351	0.01228
27	0.01045	0.00897	0.00902	0.00891	0.01183	0.00781	0.00671	0.01380	0.05519	0.02316	0.08122	0.07710	0.61629	0.02047	0.00974	0.00281	0.00435	0.01706	0.00776	0.00737
28	0.49569	0.02361	0.05838	0.04940	0.02189	0.18198	0.01290	0.02656	0.01683	0.03151	0.01227	0.01458	0.00963	0.00797	0.00607	0.00248	0.00918	0.00497	0.00475	0.00938
29	0.06949	0.16032	0.06718	0.03954	0.45419	0.02229	0.02242	0.02534	0.01812	0.02623	0.01450	0.01848	0.01225	0.00739	0.00742	0.00234	0.00957	0.00655	0.00404	0.01234
30	0.26304	0.18092	0.18413	0.01677	0.02417	0.09407	0.01699	0.08464	0.01904	0.03023	0.01335	0.01525	0.01043	0.00793	0.00643	0.00235	0.00962	0.00528	0.00460	0.01075
31	0.17655	0.02595	0.09640	0.10613	0.22794	0.18234	0.02003	0.02678	0.01866	0.02676	0.01391	0.01756	0.01115	0.00791	0.00738	0.00246	0.01084	0.00615	0.00425	0.01087
32	0.06957	0.05765	0.19184	0.01730	0.02406	0.07136	0.01687	0.09752	0.12290	0.06033	0.02564	0.05694	0.06159	0.04089	0.00938	0.00277	0.00900	0.00847	0.00600	0.04991

[dist]
# distance from previous block
# <min> <max>
5	54

[block]
# block no. 3 follows, 22 sequences, length 26
# corresponding to MSA columns:
# 472-497
name=unknown_D
#
# <colnr> <probs for GDERKNQSTAVLIFYWHMCP>
#	G	D	E	R	K	N	Q	S	T	A	V	L	I	F	Y	W	H	M	C	P
0	0.15053	0.27762	0.12794	0.05219	0.06201	0.04522	0.01648	0.02362	0.01630	0.02425	0.01417	0.01791	0.01207	0.01591	0.10852	0.00392	0.01141	0.00576	0.00403	0.01017
1	0.02445	0.05455	0.01991	0.01626	0.02047	0.18993	0.01282	0.10242	0.06621	0.12720	0.11942	0.02923	0.02604	0.02018	0.12907	0.00439	0.01174	0.00847	0.00676	0.01051
2	0.02902	0.02444	0.02472	0.12362	0.03065	0.12386	0.01696	0.44292	0.03319	0.04261	0.01805	0.01953	0.01313	0.00950	0.00818	0.00248	0.01034	0.00714	0.00697	0.01268
3	0.01691	0.01288	0.01425	0.01375	0.01600	0.03735	0.00996	0.17945	0.02210	0.02913	0.03570	0.43079	0.03989	0.08514	0.01284	0.00353	0.00668	0.01747	0.00749	0.00869
4	0.02719	0.06936	0.10332	0.02017	0.02603	0.46114	0.01703	0.05031	0.02224	0.02291	0.01350	0.01565	0.01098	0.00817	0.00730	0.00209	0.01310	0.00542	0.00436	0.09973
5	0.06985	0.02218	0.12605	0.09226	0.14206	0.01955	0.01880	0.22654	0.02495	0.03485	0.02710	0.02865	0.11040	0.01055	0.00825	0.00259	0.00905	0.00858	0.00601	0.01173
6	0.02171	0.02571	0.11039	0.04300	0.48116	0.12166	0.02467	0.02679	0.01947	0.02598	0.01510	0.01932	0.01245	0.00764	0.00807	0.00244	0.01096	0.00693	0.00406	0.01250
7	0.01549	0.01403	0.01407	0.01500	0.01744	0.11266	0.01252	0.01874	0.01978	0.02372	0.04642	0.07896	0.15171	0.02036	0.01055	0.00338	0.00817	0.40203	0.00714	0.00784
8	0.01427	0.01338	0.01236	0.01183	0.01440	0.11152	0.00899	0.01735	0.02186	0.02746	0.34238	0.06210	0.24134	0.01727	0.00955	0.00267	0.00595	0.04961	0.00786	0.00785
9	0.02518	0.48611	0.03680	0.01664	0.02279	0.24915	0.01483	0.02767	0.01912	0.01981	0.01198	0.01388	0.01067	0.00760	0.00606	0.00190	0.01094	0.00475	0.00380	0.01031
10	0.02434	0.37100	0.03393	0.11947	0.02833	0.17251	0.01617	0.10099	0.02107	0.02404	0.01337	0.01586	0.01116	0.00797	0.00664	0.00210	0.01061	0.00547	0.00433	0.01064
11	0.01208	0.00805	0.00906	0.00906	0.00906	0.00805	0.00503	0.01208	0.01208	0.01611	0.02618	0.05436	0.03020	0.70804	0.04228	0.00805	0.00805	0.01208	0.00503	0.00503
12	0.01173	0.00811	0.00896	0.00896	0.00940	0.00789	0.00523	0.01206	0.01315	0.01709	0.03520	0.05835	0.12715	0.60107	0.03723	0.00724	0.00746	0.01293	0.00545	0.00534
13	0.01726	0.01306	0.01582	0.01576	0.01894	0.01385	0.01329	0.11673	0.12969	0.03070	0.04091	0.07056	0.07521	0.01880	0.01036	0.00338	0.00749	0.37074	0.00790	0.00957
14	0.02929	0.03428	0.02319	0.02076	0.02472	0.52046	0.01587	0.03284	0.06236	0.05920	0.01516	0.01716	0.01226	0.00951	0.00982	0.00238	0.08984	0.00600	0.00483	0.01006
15	0.01388	0.00990	0.01190	0.01221	0.01355	0.00999	0.00840	0.10774	0.01870	0.02498	0.03761	0.45896	0.04335	0.16805	0.01696	0.00423	0.00618	0.01866	0.00724	0.00753
16	0.02207	0.02149	0.06509	0.04461	0.52589	0.02065	0.02425	0.11943	0.02198	0.03102	0.01626	0.02031	0.01317	0.00783	0.00822	0.00248	0.00988	0.00735	0.00473	0.01326
17	0.01983	0.02580	0.25554	0.04957	0.06020	0.01788	0.02009	0.12065	0.10282	0.06440	0.09419	0.03081	0.02406	0.03710	0.00979	0.00289	0.00926	0.03725	0.00619	0.01168
18	0.16890	0.05729	0.11737	0.06056	0.08047	0.12057	0.01718	0.02775	0.10853	0.02800	0.02100	0.03027	0.01837	0.01070	0.00784	0.00270	0.00955	0.09713	0.00537	0.01045
19	0.07145	0.06922	0.31446	0.02039	0.02898	0.12277	0.02170	0.11944	0.07178	0.05808	0.01725	0.01857	0.01263	0.00863	0.00765	0.00250	0.01099	0.00638	0.00515	0.01200
20	0.01996	0.17468	0.16475	0.04778	0.09489	0.08041	0.01825	0.08476	0.04451	0.02634	0.02624	0.06161	0.10070	0.01080	0.00782	0.00244	0.00946	0.00859	0.00512	0.01088
21	0.24379	0.09057	0.02105	0.04490	0.02274	0.29501	0.01348	0.04648	0.02001	0.05452	0.01736	0.02095	0.03551	0.00932	0.00694	0.00238	0.01053	0.02970	0.00509	0.00968
22	0.02153	0.07292	0.21731	0.02451	0.12334	0.08911	0.02095	0.14067	0.02179	0.02936	0.01621	0.01963	0.01287	0.01453	0.08321	0.00367	0.03969	0.00671	0.00476	0.03724
23	0.05955	0.06476	0.23697	0.01934	0.02606	0.11195	0.01954	0.11818	0.02100	0.02837	0.02307	0.02496	0.09071	0.01084	0.01063	0.00266	0.10796	0.00764	0.00499	0.01083
24	0.12618	0.15949	0.04864	0.04815	0.09216	0.12097	0.01456	0.02311	0.01795	0.02505	0.09379	0.02451	0.02095	0.01877	0.12816	0.00430	0.01163	0.00724	0.00482	0.00960
25	0.11349	0.03094	0.24390	0.02306	0.08758	0.16060	0.04396	0.02936	0.10525	0.02747	0.01975	0.02148	0.04004	0.00896	0.00773	0.00254	0.01084	0.00696	0.00483	0.01124

[dist]
# distance from previous block
# <min> <max>
3	66

[block]
# block no. 4 follows, 22 sequences, length 31
# corresponding to MSA columns:
# 565-595
name=unknown_E
#
# <colnr> <probs for GDERKNQSTAVLIFYWHMCP>
#	G	D	E	R	K	N	Q	S	T	A	V	L	I	F	Y	W	H	M	C	P
0	0.06662	0.01600	0.06648	0.01466	0.01791	0.05211	0.01209	0.01844	0.01641	0.02416	0.07569	0.21445	0.03027	0.06752	0.01416	0.00312	0.12351	0.01199	0.00570	0.14870
1	0.08725	0.15045	0.06799	0.10960	0.05647	0.15126	0.01547	0.05080	0.04356	0.02404	0.01784	0.06244	0.01656	0.09922	0.01179	0.00312	0.01004	0.00774	0.00472	0.00964
2	0.08088	0.11620	0.14598	0.08240	0.11257	0.15934	0.01926	0.06822	0.04758	0.02726	0.05259	0.02033	0.01576	0.00872	0.00751	0.00240	0.01057	0.00666	0.00478	0.01100
3	0.17123	0.06798	0.04471	0.07691	0.02532	0.22853	0.01491	0.11539	0.04377	0.02902	0.01563	0.01864	0.01257	0.01471	0.08346	0.00363	0.01214	0.00620	0.00509	0.01016
4	0.02380	0.02410	0.02913	0.03732	0.37555	0.15970	0.02120	0.09129	0.06422	0.02844	0.01645	0.01989	0.01344	0.00860	0.00922	0.00249	0.05092	0.00710	0.00486	0.01227
5	0.02246	0.14712	0.13571	0.02192	0.10216	0.10600	0.01803	0.12282	0.10233	0.02947	0.02139	0.02257	0.05083	0.00921	0.00758	0.00233	0.00967	0.00712	0.00541	0.05588
6	0.01801	0.01509	0.01884	0.01936	0.12644	0.01439	0.01277	0.10069	0.09285	0.03132	0.11940	0.03677	0.13306	0.01152	0.00819	0.00225	0.00657	0.00977	0.00670	0.21603
7	0.01823	0.01501	0.04356	0.12829	0.02490	0.01406	0.01301	0.12568	0.02088	0.05440	0.07220	0.11823	0.02584	0.10117	0.01258	0.00309	0.00769	0.01017	0.00618	0.18481
8	0.01617	0.10422	0.02383	0.05665	0.02150	0.01946	0.06155	0.01846	0.01497	0.02027	0.02681	0.03497	0.12354	0.13528	0.02162	0.00391	0.27408	0.00970	0.00461	0.00840
9	0.01044	0.00805	0.00906	0.00951	0.01116	0.00719	0.00658	0.01215	0.01734	0.02190	0.10902	0.23685	0.34551	0.13883	0.01554	0.00383	0.00500	0.01800	0.00737	0.00667
10	0.01947	0.17485	0.26827	0.03316	0.29359	0.02235	0.02503	0.02566	0.01798	0.02523	0.01450	0.01792	0.01166	0.00752	0.00749	0.00238	0.01055	0.00631	0.00377	0.01231
11	0.05433	0.27026	0.03182	0.05537	0.17163	0.11882	0.01711	0.02940	0.12761	0.02493	0.01674	0.01877	0.01377	0.00820	0.00699	0.00225	0.00958	0.00627	0.00472	0.01139
12	0.01115	0.00796	0.01082	0.01274	0.01367	0.00763	0.00950	0.01334	0.01692	0.02236	0.04522	0.51103	0.05270	0.02506	0.01088	0.00352	0.00571	0.20507	0.00769	0.00703
13	0.02177	0.01782	0.02337	0.02596	0.21092	0.01782	0.01616	0.07859	0.21000	0.07487	0.02247	0.02339	0.01725	0.00867	0.00779	0.00227	0.00769	0.00746	0.00639	0.19934
14	0.03103	0.03959	0.02354	0.02140	0.02568	0.67469	0.01605	0.03317	0.02354	0.02033	0.01284	0.01498	0.01070	0.00856	0.00749	0.00214	0.01498	0.00535	0.00428	0.00963
15	0.01007	0.00788	0.00913	0.00997	0.01167	0.00694	0.00704	0.01198	0.01782	0.02251	0.09969	0.36263	0.34701	0.02308	0.01017	0.00305	0.00447	0.02016	0.00780	0.00694
16	0.01379	0.01152	0.01331	0.06488	0.01802	0.01189	0.00993	0.02254	0.19071	0.02874	0.22242	0.05700	0.27071	0.01623	0.00932	0.00275	0.00532	0.01380	0.00800	0.00910
