[name]
unknown

[dist]
# distance from previous block
# <min> <max>
0	0

[block]
# block no. 0 follows, 21 sequences, length 12
# corresponding to MSA columns:
# 0-11
name=unknown_A
#
# <colnr> <probs for GDERKNQSTAVLIFYWHMCP>
#	G	D	E	R	K	N	Q	S	T	A	V	L	I	F	Y	W	H	M	C	P
0	0.01371	0.00980	0.01371	0.01567	0.01763	0.00980	0.01371	0.01763	0.01959	0.02547	0.04506	0.09599	0.04898	0.02351	0.01175	0.00392	0.00784	0.59056	0.00784	0.00784
1	0.01863	0.22571	0.48881	0.02160	0.03272	0.02358	0.02681	0.02655	0.01778	0.02505	0.01433	0.01678	0.01082	0.00786	0.00736	0.00245	0.01162	0.00581	0.00361	0.01212
2	0.01905	0.01269	0.01573	0.01659	0.09609	0.01178	0.01113	0.05949	0.05025	0.15346	0.06011	0.05727	0.36983	0.01637	0.00938	0.00276	0.00607	0.01371	0.00804	0.01021
3	0.02173	0.02122	0.06944	0.10023	0.39116	0.02070	0.02321	0.11803	0.06337	0.03137	0.01809	0.02214	0.01442	0.01063	0.03489	0.00304	0.01055	0.00771	0.00511	0.01296
4	0.01784	0.01736	0.01818	0.02098	0.12582	0.13616	0.01333	0.04408	0.04303	0.02558	0.09693	0.21436	0.09183	0.02081	0.07081	0.00382	0.00956	0.01369	0.00649	0.00935
5	0.02330	0.02445	0.03237	0.04592	0.51844	0.15482	0.02410	0.02775	0.02036	0.02635	0.01541	0.01987	0.01296	0.00783	0.00827	0.00246	0.01120	0.00714	0.00425	0.01273
6	0.03023	0.15543	0.02765	0.02065	0.02554	0.55748	0.01612	0.03251	0.02294	0.02069	0.01293	0.01505	0.01095	0.00851	0.00729	0.00213	0.01427	0.00532	0.00426	0.01005
7	0.07034	0.04205	0.61069	0.02332	0.03537	0.01972	0.02985	0.02681	0.01772	0.02775	0.01503	0.01767	0.01067	0.00807	0.00788	0.00269	0.01215	0.00617	0.00371	0.01234
8	0.01776	0.03991	0.54941	0.02909	0.14230	0.01984	0.03052	0.02681	0.01821	0.02710	0.01540	0.01850	0.01125	0.00800	0.00814	0.00267	0.01215	0.00651	0.00370	0.01273
9	0.14692	0.03549	0.44817	0.02274	0.03332	0.01945	0.08815	0.02742	0.01793	0.06205	0.01585	0.01836	0.01128	0.00809	0.00783	0.00270	0.01145	0.00651	0.00432	0.01198
10	0.02037	0.02433	0.14196	0.04741	0.54237	0.02014	0.02704	0.02626	0.01913	0.02766	0.01588	0.02053	0.01301	0.00767	0.00837	0.00256	0.01054	0.00736	0.00411	0.01332
11	0.02069	0.02244	0.09267	0.04962	0.59076	0.02018	0.02661	0.02620	0.01925	0.02772	0.01594	0.02077	0.01323	0.00763	0.00839	0.00254	0.01034	0.00746	0.00415	0.01340

[dist]
# distance from previous block
# <min> <max>
0	2

[block]
# block no. 1 follows, 21 sequences, length 44
# corresponding to MSA columns:
# 14-57
name=unknown_B
#
# <colnr> <probs for GDERKNQSTAVLIFYWHMCP>
#	G	D	E	R	K	N	Q	S	T	A	V	L	I	F	Y	W	H	M	C	P
0	0.02174	0.02177	0.02906	0.22754	0.31795	0.11459	0.02275	0.05688	0.05565	0.02676	0.01663	0.02129	0.01326	0.00839	0.00836	0.00259	0.01100	0.00739	0.00458	0.01183
1	0.03123	0.03950	0.02466	0.02350	0.05860	0.63316	0.01695	0.03357	0.02387	0.02119	0.01330	0.01564	0.01109	0.00871	0.00771	0.00221	0.01507	0.00559	0.00438	0.01005
2	0.02085	0.02151	0.06837	0.05071	0.61462	0.02020	0.02641	0.02616	0.01930	0.02776	0.01597	0.02089	0.01333	0.00761	0.00841	0.00254	0.01024	0.00751	0.00418	0.01343
3	0.03117	0.03939	0.02472	0.02367	0.06206	0.62957	0.01700	0.03353	0.02384	0.02123	0.01332	0.01568	0.01111	0.00870	0.00772	0.00221	0.01505	0.00560	0.00437	0.01007
4	0.02207	0.01942	0.02996	0.04158	0.45903	0.02001	0.02225	0.03167	0.16940	0.06568	0.02157	0.02413	0.01697	0.00872	0.00849	0.00262	0.00912	0.00814	0.00566	0.01354
5	0.01066	0.00864	0.00945	0.00925	0.01186	0.00744	0.00694	0.01338	0.02082	0.02636	0.25484	0.07635	0.47365	0.02029	0.01005	0.00281	0.00422	0.01718	0.00835	0.00744
6	0.01037	0.00741	0.00987	0.01185	0.01234	0.00691	0.00790	0.01185	0.01629	0.02172	0.04690	0.69537	0.05629	0.02666	0.01086	0.00346	0.00494	0.02419	0.00790	0.00691
7	0.01343	0.00862	0.01117	0.01142	0.01323	0.00784	0.00822	0.01604	0.02008	0.08314	0.26022	0.35135	0.11998	0.02143	0.01028	0.00305	0.00476	0.01906	0.00866	0.00802
8	0.01586	0.00793	0.00793	0.00793	0.00991	0.00793	0.00595	0.01983	0.01785	0.03173	0.02776	0.03173	0.02181	0.00991	0.00595	0.00198	0.00397	0.00793	0.74817	0.00793
9	0.76103	0.01646	0.01251	0.01119	0.01646	0.01909	0.00922	0.02502	0.01448	0.03818	0.01185	0.01382	0.00922	0.00790	0.00527	0.00263	0.00658	0.00461	0.00527	0.00922
10	0.01037	0.00741	0.00987	0.01185	0.01234	0.00691	0.00790	0.01185	0.01629	0.02172	0.04690	0.69537	0.05629	0.02666	0.01086	0.00346	0.00494	0.02419	0.00790	0.00691
11	0.01393	0.00924	0.01124	0.01041	0.01318	0.00818	0.00792	0.01722	0.02247	0.09147	0.38787	0.06657	0.27208	0.01817	0.00990	0.00274	0.00444	0.01562	0.00897	0.00837
12	0.03235	0.02384	0.02554	0.01958	0.02639	0.02639	0.01618	0.61946	0.04001	0.05363	0.02043	0.02043	0.01447	0.01022	0.00851	0.00255	0.00936	0.00766	0.00851	0.01447
13	0.76103	0.01646	0.01251	0.01119	0.01646	0.01909	0.00922	0.02502	0.01448	0.03818	0.01185	0.01382	0.00922	0.00790	0.00527	0.00263	0.00658	0.00461	0.00527	0.00922
14	0.01083	0.00836	0.00988	0.01012	0.01212	0.00742	0.00735	0.01348	0.02031	0.02659	0.27218	0.22085	0.30730	0.02131	0.01024	0.00294	0.00436	0.01854	0.00842	0.00742
15	0.01094	0.00785	0.01039	0.01146	0.01247	0.00729	0.00794	0.01328	0.01895	0.02595	0.24999	0.48025	0.06446	0.02351	0.01058	0.00319	0.00462	0.02120	0.00840	0.00729
16	0.02117	0.01828	0.01924	0.01732	0.02213	0.02117	0.01347	0.04522	0.63246	0.03560	0.03464	0.03175	0.02598	0.01155	0.00866	0.00289	0.00673	0.00962	0.00866	0.01347
17	0.02106	0.02022	0.03454	0.05223	0.64784	0.02022	0.02612	0.02612	0.01938	0.02780	0.01601	0.02106	0.01348	0.00758	0.00842	0.00253	0.01011	0.00758	0.00421	0.01348
18	0.02117	0.01828	0.01924	0.01732	0.02213	0.02117	0.01347	0.04522	0.63246	0.03560	0.03464	0.03175	0.02598	0.01155	0.00866	0.00289	0.00673	0.00962	0.00866	0.01347
19	0.01045	0.00790	0.00970	0.01107	0.01236	0.00714	0.00777	0.01226	0.01740	0.02230	0.05865	0.47957	0.23308	0.02496	0.01067	0.00330	0.00490	0.05159	0.00790	0.00704
20	0.01238	0.00825	0.00928	0.00928	0.00928	0.00825	0.00516	0.01238	0.01238	0.01650	0.02681	0.05569	0.03094	0.70092	0.04331	0.00825	0.00825	0.01238	0.00516	0.00516
21	0.03818	0.01448	0.01975	0.01514	0.02172	0.01251	0.01251	0.04147	0.02436	0.65373	0.03357	0.02897	0.02107	0.01053	0.00856	0.00263	0.00724	0.00856	0.01053	0.01448
22	0.01765	0.01513	0.01765	0.01260	0.02017	0.01134	0.01008	0.02143	0.01765	0.02773	0.01513	0.01765	0.01260	0.00630	0.00630	0.00126	0.00630	0.00504	0.00504	0.75295
23	0.01234	0.00836	0.00951	0.00962	0.00986	0.00829	0.00571	0.01267	0.01312	0.01732	0.03062	0.05922	0.06044	0.63043	0.03996	0.00775	0.00804	0.04589	0.00544	0.00540
24	0.02275	0.70604	0.04459	0.01456	0.02184	0.03367	0.01456	0.02548	0.01729	0.02002	0.01183	0.01365	0.01092	0.00728	0.00546	0.00182	0.00910	0.00455	0.00364	0.01092
25	0.01607	0.01513	0.02552	0.68047	0.05861	0.01891	0.02363	0.02174	0.01702	0.02174	0.01513	0.02269	0.01134	0.00851	0.00851	0.00284	0.01134	0.00756	0.00378	0.00945
26	0.01025	0.00863	0.00889	0.00882	0.01161	0.00727	0.00662	0.01259	0.01985	0.02407	0.14025	0.08012	0.58967	0.02115	0.01006	0.00285	0.00428	0.01771	0.00804	0.00727
27	0.02106	0.02022	0.03454	0.05223	0.64784	0.02022	0.02612	0.02612	0.01938	0.02780	0.01601	0.02106	0.01348	0.00758	0.00842	0.00253	0.01011	0.00758	0.00421	0.01348
28	0.01037	0.00741	0.00987	0.01185	0.01234	0.00691	0.00790	0.01185	0.01629	0.02172	0.04690	0.69537	0.05629	0.02666	0.01086	0.00346	0.00494	0.02419	0.00790	0.00691
29	0.01238	0.00825	0.00928	0.00928	0.00928	0.00825	0.00516	0.01238	0.01238	0.01650	0.02681	0.05569	0.03094	0.70092	0.04331	0.00825	0.00825	0.01238	0.00516	0.00516
30	0.01216	0.00912	0.01368	0.01368	0.01520	0.01064	0.01064	0.01520	0.01368	0.01976	0.02279	0.03343	0.02127	0.06382	0.66720	0.01368	0.02279	0.00912	0.00456	0.00760
31	0.02009	0.02296	0.05022	0.03587	0.04448	0.02152	0.61693	0.02726	0.02009	0.02726	0.01722	0.02296	0.01291	0.00717	0.01004	0.00287	0.01435	0.01004	0.00430	0.01148
32	0.01006	0.00862	0.00862	0.00862	0.01149	0.00718	0.00647	0.01221	0.01940	0.02299	0.08621	0.08190	0.64438	0.02155	0.01006	0.00287	0.00431	0.01796	0.00790	0.00718
33	0.02009	0.02296	0.05022	0.03587	0.04448	0.02152	0.61693	0.02726	0.02009	0.02726	0.01722	0.02296	0.01291	0.00717	0.01004	0.00287	0.01435	0.01004	0.00430	0.01148
34	0.01765	0.01513	0.01765	0.01260	0.02017	0.01134	0.01008	0.02143	0.01765	0.02773	0.01513	0.01765	0.01260	0.00630	0.00630	0.00126	0.00630	0.00504	0.00504	0.75295
35	0.01371	0.00980	0.01371	0.01567	0.01763	0.00980	0.01371	0.01763	0.01959	0.02547	0.04506	0.09599	0.04898	0.02351	0.01175	0.00392	0.00784	0.59056	0.00784	0.00784
36	0.01238	0.00825	0.00928	0.00928	0.00928	0.00825	0.00516	0.01238	0.01238	0.01650	0.02681	0.05569	0.03094	0.70092	0.04331	0.00825	0.00825	0.01238	0.00516	0.00516
37	0.02127	0.02351	0.02726	0.02292	0.02558	0.18963	0.10610	0.02419	0.01707	0.02147	0.01437	0.02069	0.01293	0.01967	0.11822	0.00473	0.30919	0.00758	0.00411	0.00951
38	0.01749	0.01772	0.03136	0.02487	0.02826	0.02056	0.22557	0.02151	0.01566	0.02266	0.01623	0.02389	0.01434	0.02461	0.18385	0.00595	0.28291	0.00878	0.00414	0.00963
39	0.01715	0.01705	0.01612	0.01557	0.01774	0.17697	0.01186	0.01983	0.01627	0.01988	0.02053	0.02986	0.01910	0.07900	0.47136	0.01052	0.02024	0.00834	0.00454	0.00806
40	0.02770	0.06025	0.02935	0.03160	0.24855	0.18184	0.01972	0.23404	0.02760	0.03467	0.01664	0.01907	0.01308	0.00877	0.00812	0.00242	0.01109	0.00694	0.00572	0.01281
41	0.02074	0.02170	0.09322	0.06577	0.30619	0.01946	0.05081	0.09056	0.08368	0.03073	0.02158	0.02451	0.04440	0.00889	0.00838	0.00251	0.00956	0.00804	0.00530	0.08399
42	0.01987	0.03363	0.36878	0.05654	0.09415	0.05709	0.02514	0.08522	0.08236	0.03025	0.05179	0.02245	0.01674	0.00915	0.00832	0.00266	0.01107	0.00739	0.00500	0.01239
43	0.05183	0.02057	0.15089	0.18506	0.19059	0.01642	0.02094	0.02162	0.01799	0.02533	0.02948	0.09489	0.11572	0.01196	0.00872	0.00278	0.00933	0.01040	0.00497	0.01050

[dist]
# distance from previous block
# <min> <max>
9	17

[block]
# block no. 2 follows, 21 sequences, length 13
# corresponding to MSA columns:
# 75-87
name=unknown_C
#
# <colnr> <probs for GDERKNQSTAVLIFYWHMCP>
#	G	D	E	R	K	N	Q	S	T	A	V	L	I	F	Y	W	H	M	C	P
0	0.01507	0.01185	0.01306	0.01192	0.01514	0.01195	0.00916	0.12053	0.05420	0.02799	0.05679	0.05827	0.35010	0.07505	0.12527	0.00506	0.00879	0.01379	0.00728	0.00872
1	0.01498	0.01235	0.01484	0.01644	0.08252	0.01234	0.01088	0.07142	0.11569	0.02778	0.05445	0.22689	0.26849	0.01889	0.00975	0.00297	0.00591	0.01634	0.00768	0.00939
2	0.03093	0.03102	0.02423	0.02043	0.02591	0.32304	0.01602	0.28824	0.09402	0.03654	0.01853	0.01924	0.01404	0.00968	0.00814	0.00242	0.01187	0.00685	0.00661	0.01223
3	0.02072	0.02131	0.03207	0.10389	0.30380	0.07762	0.08424	0.02496	0.01792	0.02456	0.01450	0.02027	0.01237	0.00970	0.01377	0.00289	0.19231	0.00762	0.00406	0.01143
4	0.03195	0.03588	0.02451	0.02127	0.02633	0.48765	0.01637	0.19773	0.02856	0.03000	0.01519	0.01677	0.01194	0.00917	0.00791	0.00229	0.01367	0.00609	0.00554	0.01115
5	0.01051	0.00815	0.00942	0.01009	0.01182	0.00723	0.00709	0.01248	0.01832	0.02330	0.12582	0.30927	0.33028	0.06121	0.01223	0.00337	0.00474	0.01972	0.00790	0.00706
6	0.01029	0.00773	0.00954	0.01098	0.01212	0.00699	0.00751	0.01195	0.01713	0.02206	0.05745	0.53076	0.21409	0.02529	0.01065	0.00330	0.00477	0.02252	0.00790	0.00699
7	0.01188	0.00853	0.01095	0.01238	0.01331	0.00825	0.00847	0.05353	0.01792	0.02391	0.04509	0.64907	0.05342	0.02553	0.01070	0.00339	0.00524	0.02306	0.00794	0.00743
8	0.02703	0.02770	0.02679	0.02990	0.21323	0.24642	0.01885	0.14834	0.11953	0.03165	0.01875	0.02060	0.01472	0.00912	0.00822	0.00247	0.01126	0.00718	0.00580	0.01242
9	0.30758	0.07522	0.08762	0.05328	0.06812	0.17140	0.01611	0.07970	0.02001	0.03148	0.01372	0.01614	0.01078	0.00829	0.00680	0.00247	0.01016	0.00561	0.00491	0.01061
10	0.01625	0.01032	0.01400	0.01506	0.05846	0.00977	0.01017	0.02026	0.05354	0.11826	0.23033	0.31685	0.05415	0.01926	0.00998	0.00300	0.00544	0.01721	0.00853	0.00917
11	0.02492	0.34607	0.03307	0.01872	0.05437	0.19681	0.01524	0.07026	0.08127	0.02464	0.01897	0.02016	0.04469	0.00903	0.00695	0.00216	0.01034	0.00634	0.00491	0.01108
12	0.02462	0.02735	0.03530	0.03679	0.25865	0.21751	0.18792	0.05883	0.02206	0.02684	0.01570	0.01982	0.01261	0.00796	0.00865	0.00252	0.01285	0.00764	0.00451	0.01187

[dist]
# distance from previous block
# <min> <max>
6	22

[block]
# block no. 3 follows, 21 sequences, length 26
# corresponding to MSA columns:
# 110-135
name=unknown_D
#
# <colnr> <probs for GDERKNQSTAVLIFYWHMCP>
#	G	D	E	R	K	N	Q	S	T	A	V	L	I	F	Y	W	H	M	C	P
0	0.01920	0.01590	0.02057	0.02344	0.17357	0.01603	0.01458	0.14818	0.07790	0.03197	0.03682	0.15989	0.13464	0.01447	0.00903	0.00269	0.00732	0.01255	0.00694	0.07428
1	0.01814	0.02109	0.11925	0.03225	0.29521	0.04322	0.02029	0.02448	0.07072	0.02655	0.02496	0.18757	0.02457	0.01270	0.00888	0.00275	0.00898	0.01147	0.00545	0.04148
2	0.06109	0.01671	0.02060	0.26696	0.03450	0.04448	0.01607	0.10386	0.07542	0.02889	0.02452	0.02779	0.07753	0.01096	0.00928	0.03724	0.00891	0.00818	0.00557	0.12143
3	0.02291	0.02214	0.02493	0.03200	0.29889	0.18143	0.01809	0.02645	0.01974	0.05848	0.01880	0.02508	0.01617	0.07860	0.04190	0.00347	0.01106	0.00768	0.08123	0.01096
4	0.02057	0.02121	0.02881	0.27780	0.27550	0.11675	0.02302	0.02512	0.01859	0.02380	0.01478	0.02057	0.01209	0.00882	0.01025	0.00271	0.07729	0.00725	0.00403	0.01104
5	0.01324	0.01072	0.01289	0.01321	0.01419	0.04513	0.00954	0.01515	0.01512	0.02060	0.03102	0.27662	0.03422	0.13671	0.22181	0.00726	0.06355	0.01475	0.03703	0.00725
6	0.05724	0.01028	0.01255	0.01119	0.01437	0.00941	0.00857	0.02090	0.02210	0.15996	0.34469	0.05667	0.16601	0.05489	0.01136	0.00302	0.00512	0.01370	0.00888	0.00911
7	0.02018	0.01933	0.03165	0.09619	0.32625	0.02143	0.07851	0.05968	0.01885	0.02678	0.01644	0.04855	0.01451	0.01030	0.01331	0.00291	0.17043	0.00847	0.00448	0.01173
8	0.02797	0.03255	0.02461	0.18423	0.03429	0.44052	0.01819	0.09160	0.02401	0.02445	0.01439	0.01769	0.01142	0.00885	0.00797	0.00239	0.01374	0.00622	0.00466	0.01024
9	0.01885	0.02924	0.26861	0.08922	0.11648	0.02043	0.20394	0.02851	0.08717	0.02765	0.01809	0.02181	0.01351	0.00817	0.00882	0.00276	0.01204	0.00806	0.00447	0.01218
10	0.03179	0.04056	0.02412	0.02192	0.02631	0.66676	0.01644	0.03398	0.02412	0.02083	0.01315	0.01535	0.01096	0.00877	0.00767	0.00219	0.01535	0.00548	0.00438	0.00987
11	0.01175	0.00869	0.01096	0.01039	0.01253	0.00790	0.00780	0.01548	0.02339	0.03246	0.55990	0.06631	0.16479	0.01802	0.01004	0.00271	0.00406	0.01578	0.00915	0.00790
12	0.01377	0.01097	0.01468	0.01380	0.01556	0.01213	0.01093	0.01832	0.05146	0.02938	0.37404	0.05441	0.05604	0.02282	0.09087	0.00429	0.11782	0.07257	0.00768	0.00844
13	0.01220	0.00818	0.00933	0.00950	0.00955	0.00813	0.00539	0.01233	0.01271	0.01695	0.02855	0.11105	0.03313	0.64257	0.04051	0.00784	0.00796	0.01340	0.00539	0.00531
14	0.01563	0.01436	0.02117	0.24337	0.03206	0.01764	0.01696	0.01886	0.01559	0.02184	0.02168	0.18696	0.02249	0.01489	0.01525	0.00315	0.22974	0.01142	0.00489	0.07207
15	0.03088	0.03883	0.02500	0.02450	0.07922	0.61172	0.01727	0.03331	0.02371	0.02142	0.01340	0.01583	0.01118	0.00867	0.00774	0.00222	0.01490	0.00566	0.00437	0.01017
16	0.01181	0.00801	0.00945	0.01000	0.01014	0.00787	0.00593	0.01223	0.01348	0.01797	0.03247	0.23569	0.03807	0.51119	0.03418	0.00690	0.00732	0.01570	0.00593	0.00565
17	0.01872	0.01749	0.02936	0.10130	0.48248	0.01774	0.02267	0.02320	0.01862	0.02618	0.02140	0.14071	0.02087	0.01105	0.00886	0.00272	0.00930	0.01052	0.00483	0.01196
18	0.02919	0.03412	0.02681	0.02921	0.17972	0.45266	0.01881	0.08188	0.02430	0.02534	0.01448	0.01719	0.01188	0.00860	0.00793	0.00231	0.01354	0.00619	0.00469	0.01115
19	0.02193	0.01705	0.02120	0.02384	0.17410	0.01838	0.01509	0.14833	0.19560	0.03622	0.02533	0.02684	0.01946	0.00986	0.00784	0.00249	0.00734	0.00827	0.20867	0.01217
20	0.01020	0.00805	0.00921	0.01014	0.01190	0.00706	0.00714	0.01204	0.01793	0.02239	0.06767	0.37132	0.36693	0.02396	0.01044	0.00315	0.00461	0.02090	0.00790	0.00706
21	0.02965	0.03650	0.02620	0.02798	0.15049	0.53758	0.01838	0.03241	0.02317	0.02222	0.01372	0.01649	0.01146	0.00853	0.00782	0.00226	0.01430	0.00590	0.00435	0.01059
22	0.02174	0.03276	0.32016	0.02656	0.03653	0.02192	0.20223	0.17329	0.02404	0.03363	0.01713	0.02006	0.01233	0.00834	0.00877	0.00271	0.01231	0.00775	0.00502	0.01272
23	0.01013	0.00832	0.00893	0.00942	0.01170	0.00712	0.00682	0.01212	0.01863	0.02268	0.07651	0.23332	0.49923	0.02281	0.01026	0.00302	0.00447	0.01950	0.00790	0.00712
24	0.01721	0.01777	0.01915	0.02408	0.20527	0.12799	0.01414	0.02025	0.02023	0.02405	0.05217	0.05183	0.34261	0.01509	0.00914	0.00265	0.00801	0.01263	0.00617	0.00955
25	0.20233	0.01814	0.02496	0.11124	0.15338	0.02157	0.04793	0.02546	0.07098	0.02819	0.01523	0.01985	0.01259	0.01017	0.01325	0.00298	0.19932	0.00711	0.00468	0.01063

[dist]
# distance from previous block
# <min> <max>
0	77

[block]
# block no. 4 follows, 21 sequences, length 10
# corresponding to MSA columns:
# 215-224
name=unknown_E
#
# <colnr> <probs for GDERKNQSTAVLIFYWHMCP>
#	G	D	E	R	K	N	Q	S	T	A	V	L	I	F	Y	W	H	M	C	P
0	0.02096	0.02422	0.08460	0.03456	0.16566	0.06015	0.31480	0.03035	0.12056	0.02833	0.01943	0.02318	0.01490	0.00814	0.00919	0.00275	0.01214	0.00891	0.00495	0.01221
1	0.01735	0.01323	0.01435	0.01355	0.01654	0.06745	0.01066	0.02316	0.08852	0.08853	0.32777	0.05952	0.09160	0.01670	0.00985	0.00288	0.00628	0.11416	0.00861	0.00929
2	0.01281	0.00812	0.00910	0.00927	0.00966	0.00808	0.00553	0.01364	0.01367	0.01962	0.02873	0.10717	0.03155	0.52121	0.03395	0.00674	0.00721	0.01263	0.13553	0.00580
3	0.02106	0.02022	0.03454	0.05223	0.64784	0.02022	0.02612	0.02612	0.01938	0.02780	0.01601	0.02106	0.01348	0.00758	0.00842	0.00253	0.01011	0.00758	0.00421	0.01348
4	0.02180	0.02248	0.03042	0.04320	0.48665	0.12515	0.02270	0.02612	0.02016	0.02621	0.02206	0.02578	0.07171	0.00908	0.00845	0.00250	0.01043	0.00820	0.00458	0.01230
5	0.01006	0.00862	0.00862	0.00862	0.01149	0.00718	0.00647	0.01221	0.01940	0.02299	0.08621	0.08190	0.64438	0.02155	0.01006	0.00287	0.00431	0.01796	0.00790	0.00718
6	0.01063	0.00760	0.01015	0.01184	0.01239	0.00729	0.00796	0.01215	0.01585	0.02125	0.04375	0.60361	0.05194	0.06980	0.06603	0.00457	0.00658	0.02227	0.00747	0.00686
7	0.01392	0.01103	0.01424	0.01368	0.01396	0.01307	0.00988	0.01515	0.01402	0.02018	0.02770	0.21460	0.03130	0.26937	0.02739	0.00519	0.20474	0.01378	0.05978	0.00704
8	0.02282	0.08250	0.02416	0.01918	0.02273	0.15835	0.01545	0.06713	0.20602	0.02707	0.02029	0.02281	0.01663	0.01561	0.06653	0.00372	0.18469	0.00759	0.00572	0.01101
9	0.01691	0.01471	0.01649	0.01545	0.01773	0.09019	0.01210	0.07411	0.01751	0.02363	0.02097	0.02912	0.01884	0.04688	0.45870	0.01014	0.05992	0.00840	0.03957	0.00862

[dist]
# distance from previous block
# <min> <max>
3	20

[block]
# block no. 5 follows, 21 sequences, length 15
# corresponding to MSA columns:
# 245-259
name=unknown_F
#
# <colnr> <probs for GDERKNQSTAVLIFYWHMCP>
#	G	D	E	R	K	N	Q	S	T	A	V	L	I	F	Y	W	H	M	C	P
0	0.02228	0.01983	0.02274	0.02519	0.16449	0.07446	0.01618	0.13787	0.23239	0.03352	0.02802	0.13530	0.02477	0.01266	0.00886	0.00278	0.00842	0.01085	0.00713	0.01226
1	0.02143	0.02356	0.02257	0.01920	0.02284	0.22728	0.04755	0.02418	0.01844	0.02242	0.02036	0.02443	0.06629	0.01622	0.07658	0.00362	0.18754	0.00758	0.00464	0.14325
2	0.01236	0.01097	0.01087	0.01147	0.01350	0.06340	0.00836	0.01449	0.01897	0.02318	0.09759	0.29877	0.30657	0.02218	0.01025	0.00308	0.00567	0.05321	0.00769	0.00740
3	0.02937	0.03504	0.02657	0.02872	0.16821	0.48578	0.01864	0.06270	0.02386	0.02413	0.01418	0.01692	0.01172	0.00857	0.00789	0.00229	0.01384	0.00607	0.00456	0.01093
4	0.02578	0.03112	0.02103	0.01966	0.02278	0.46161	0.01468	0.02778	0.02139	0.02100	0.02069	0.17088	0.02133	0.01338	0.01012	0.00261	0.06996	0.00992	0.00513	0.00914
5	0.01267	0.00846	0.01105	0.01133	0.01299	0.00775	0.00814	0.01546	0.02050	0.06279	0.32245	0.33397	0.09777	0.02122	0.01031	0.00302	0.00461	0.01893	0.00872	0.00786
6	0.03025	0.02671	0.02306	0.01887	0.02442	0.20617	0.01504	0.38237	0.03288	0.04173	0.01923	0.02032	0.01434	0.00977	0.00797	0.00238	0.01043	0.00707	0.09458	0.01239
7	0.02414	0.02606	0.03155	0.04353	0.46938	0.20586	0.02334	0.02838	0.02074	0.02580	0.01519	0.01942	0.01276	0.00792	0.00821	0.00243	0.01161	0.00698	0.00426	0.01244
8	0.03179	0.04056	0.02412	0.02192	0.02631	0.66676	0.01644	0.03398	0.02412	0.02083	0.01315	0.01535	0.01096	0.00877	0.00767	0.00219	0.01535	0.00548	0.00438	0.00987
9	0.01373	0.01026	0.01460	0.01414	0.01607	0.01186	0.01107	0.06226	0.01573	0.02239	0.02261	0.03242	0.02075	0.05965	0.61590	0.01281	0.02175	0.00900	0.00487	0.00813
10	0.02057	0.01713	0.02300	0.09690	0.16840	0.01745	0.01682	0.06253	0.17479	0.05827	0.02370	0.02930	0.01935	0.00991	0.00827	0.00247	0.00817	0.05296	0.00628	0.18372
11	0.01542	0.01529	0.01284	0.01329	0.01504	0.15776	0.00929	0.01703	0.01821	0.02117	0.04408	0.35936	0.14912	0.09568	0.01355	0.00359	0.00756	0.01750	0.00680	0.00744
12	0.01037	0.00741	0.00987	0.01185	0.01234	0.00691	0.00790	0.01185	0.01629	0.02172	0.04690	0.69537	0.05629	0.02666	0.01086	0.00346	0.00494	0.02419	0.00790	0.00691
13	0.02621	0.02917	0.02131	0.01922	0.02312	0.38844	0.01473	0.11024	0.02333	0.02509	0.01695	0.02127	0.01442	0.02483	0.19776	0.00555	0.01666	0.00683	0.00501	0.00986
14	0.05404	0.01244	0.01430	0.12828	0.02231	0.01284	0.01112	0.08326	0.05876	0.02772	0.05941	0.05807	0.39249	0.01668	0.00928	0.00282	0.00637	0.01379	0.00715	0.00888

[dist]
# distance from previous block
# <min> <max>
1	4

[block]
# block no. 6 follows, 21 sequences, length 13
# corresponding to MSA columns:
# 264-276
name=unknown_G
#
# <colnr> <probs for GDERKNQSTAVLIFYWHMCP>
#	G	D	E	R	K	N	Q	S	T	A	V	L	I	F	Y	W	H	M	C	P
0	0.03035	0.09108	0.02582	0.02137	0.02574	0.58153	0.01642	0.03256	0.02296	0.02075	0.01294	0.01540	0.01097	0.00900	0.00864	0.00225	0.05251	0.00552	0.00429	0.00992
1	0.01128	0.00867	0.01031	0.00990	0.01224	0.00770	0.00743	0.01458	0.02228	0.02983	0.42850	0.07064	0.29782	0.01900	0.01005	0.00275	0.00413	0.01638	0.00880	0.00770
2	0.02316	0.01772	0.02622	0.15738	0.26142	0.01885	0.01995	0.03295	0.17879	0.13951	0.02378	0.02555	0.01765	0.00931	0.00853	0.00270	0.00896	0.00828	0.00640	0.01288
3	0.02020	0.02176	0.02296	0.04970	0.02399	0.19553	0.04628	0.02295	0.01679	0.02076	0.01575	0.02265	0.01430	0.02749	0.21587	0.00626	0.23596	0.00756	0.00419	0.00906
4	0.02688	0.02138	0.01942	0.01723	0.02187	0.18402	0.01358	0.03601	0.19959	0.19369	0.07873	0.03622	0.02762	0.01231	0.00882	0.00273	0.00900	0.07115	0.00801	0.01176
5	0.01097	0.00793	0.00947	0.01034	0.01142	0.00728	0.00692	0.01200	0.01612	0.02063	0.05267	0.34273	0.22556	0.15211	0.01832	0.05757	0.00555	0.01890	0.00709	0.00643
6	0.21110	0.01772	0.02668	0.25280	0.14714	0.01973	0.10205	0.02602	0.06657	0.02896	0.01629	0.02087	0.01256	0.00824	0.00788	0.00274	0.00994	0.00731	0.00471	0.01071
7	0.02684	0.02826	0.02731	0.12499	0.19219	0.27766	0.01994	0.14657	0.02502	0.02929	0.01563	0.01891	0.01237	0.00871	0.00816	0.00244	0.01222	0.00676	0.00507	0.01166
8	0.02005	0.01984	0.03560	0.12502	0.41646	0.01981	0.14392	0.02553	0.01913	0.02693	0.01609	0.02145	0.01305	0.00754	0.00864	0.00256	0.01090	0.00793	0.00423	0.05533
9	0.07725	0.01354	0.01474	0.01356	0.01725	0.01394	0.01102	0.17488	0.02406	0.03253	0.04876	0.06220	0.23783	0.05964	0.01174	0.00337	0.00697	0.15976	0.00767	0.00931
10	0.04966	0.01293	0.01776	0.02265	0.17898	0.01275	0.01393	0.05463	0.01992	0.02707	0.04567	0.17057	0.19425	0.01789	0.00979	0.00306	0.00702	0.12520	0.00685	0.00943
11	0.01404	0.00952	0.01195	0.01179	0.01325	0.01022	0.00851	0.05791	0.01628	0.02363	0.02764	0.12483	0.02791	0.20567	0.26608	0.00821	0.01267	0.01161	0.13086	0.00744
12	0.01167	0.00869	0.01033	0.01118	0.01258	0.00816	0.00770	0.04464	0.01799	0.02326	0.05371	0.43739	0.20406	0.09048	0.01371	0.00373	0.00534	0.02053	0.00766	0.00722

[dist]
# distance from previous block
# <min> <max>
1	7

[block]
# block no. 7 follows, 21 sequences, length 64
# corresponding to MSA columns:
# 284-347
name=unknown_H
#
# <colnr> <probs for GDERKNQSTAVLIFYWHMCP>
#	G	D	E	R	K	N	Q	S	T	A	V	L	I	F	Y	W	H	M	C	P
0	0.02821	0.02836	0.02184	0.01886	0.02375	0.31380	0.01463	0.18177	0.09694	0.05916	0.06585	0.02680	0.06100	0.01097	0.00836	0.00246	0.01099	0.00814	0.00676	0.01134
1	0.02796	0.01985	0.02553	0.01978	0.02607	0.10289	0.13311	0.05840	0.06271	0.26256	0.05545	0.02880	0.04966	0.01013	0.00867	0.00252	0.00944	0.00891	0.00758	0.08000
2	0.02733	0.03212	0.06149	0.08609	0.03350	0.34077	0.13761	0.12632	0.02492	0.02784	0.01544	0.01851	0.01195	0.00863	0.00838	0.00247	0.01366	0.00698	0.00494	0.01103
3	0.02321	0.02120	0.03892	0.03403	0.16197	0.02100	0.32076	0.08504	0.05728	0.09128	0.01963	0.02325	0.01465	0.00844	0.01008	0.00278	0.03943	0.00904	0.00552	0.01249
4	0.02416	0.01820	0.02053	0.01542	0.02248	0.01710	0.01251	0.22376	0.06716	0.07872	0.01945	0.02029	0.01470	0.00824	0.00735	0.00189	0.00742	0.00646	0.00681	0.40737
5	0.01133	0.00868	0.01008	0.01025	0.01229	0.00785	0.00764	0.01384	0.01950	0.02514	0.21047	0.10470	0.32008	0.11236	0.01477	0.00370	0.00523	0.08702	0.00789	0.00719
6	0.02106	0.02022	0.03454	0.05223	0.64784	0.02022	0.02612	0.02612	0.01938	0.02780	0.01601	0.02106	0.01348	0.00758	0.00842	0.00253	0.01011	0.00758	0.00421	0.01348
7	0.01216	0.00912	0.01368	0.01368	0.01520	0.01064	0.01064	0.01520	0.01368	0.01976	0.02279	0.03343	0.02127	0.06382	0.66720	0.01368	0.02279	0.00912	0.00456	0.00760
8	0.01921	0.02063	0.04194	0.19906	0.12915	0.02069	0.38931	0.02573	0.01922	0.02595	0.01653	0.02263	0.01260	0.00756	0.00944	0.00282	0.01303	0.00909	0.00416	0.01124
9	0.03202	0.03357	0.02471	0.02094	0.02634	0.39894	0.01633	0.27885	0.03076	0.03455	0.01620	0.01747	0.01243	0.00937	0.00802	0.00234	0.01284	0.00639	0.00611	0.01179
10	0.01006	0.00862	0.00862	0.00862	0.01149	0.00718	0.00647	0.01221	0.01940	0.02299	0.08621	0.08190	0.64438	0.02155	0.01006	0.00287	0.00431	0.01796	0.00790	0.00718
11	0.01087	0.00912	0.00940	0.00941	0.01220	0.00802	0.00709	0.01405	0.04825	0.02342	0.07909	0.07903	0.55843	0.05166	0.01157	0.00317	0.00477	0.04522	0.00781	0.00742
12	0.02009	0.02296	0.05022	0.03587	0.04448	0.02152	0.61693	0.02726	0.02009	0.02726	0.01722	0.02296	0.01291	0.00717	0.01004	0.00287	0.01435	0.01004	0.00430	0.01148
13	0.03235	0.02384	0.02554	0.01958	0.02639	0.02639	0.01618	0.61946	0.04001	0.05363	0.02043	0.02043	0.01447	0.01022	0.00851	0.00255	0.00936	0.00766	0.00851	0.01447
14	0.01226	0.00825	0.00948	0.00951	0.00970	0.00817	0.00552	0.01265	0.01351	0.01818	0.07832	0.08525	0.03614	0.61435	0.03912	0.00758	0.00775	0.01316	0.00563	0.00547
15	0.01083	0.00778	0.00956	0.01077	0.01146	0.00728	0.00702	0.01203	0.01573	0.02059	0.04717	0.45311	0.12904	0.19437	0.01886	0.00458	0.00568	0.02040	0.00721	0.00651
16	0.01235	0.00837	0.00987	0.00987	0.01008	0.00857	0.00589	0.01275	0.01255	0.01694	0.02627	0.05270	0.02964	0.61525	0.12721	0.00898	0.01021	0.01194	0.00508	0.00548
17	0.01006	0.00862	0.00862	0.00862	0.01149	0.00718	0.00647	0.01221	0.01940	0.02299	0.08621	0.08190	0.64438	0.02155	0.01006	0.00287	0.00431	0.01796	0.00790	0.00718
18	0.01106	0.00879	0.01001	0.01008	0.01261	0.00775	0.00781	0.01394	0.02069	0.02631	0.23122	0.07875	0.41623	0.02068	0.01027	0.00295	0.00468	0.09037	0.00829	0.00750
19	0.02106	0.02022	0.03454	0.05223	0.64784	0.02022	0.02612	0.02612	0.01938	0.02780	0.01601	0.02106	0.01348	0.00758	0.00842	0.00253	0.01011	0.00758	0.00421	0.01348
20	0.01707	0.04402	0.65683	0.02426	0.03683	0.01976	0.03144	0.02695	0.01797	0.02695	0.01527	0.01797	0.01078	0.00809	0.00809	0.00270	0.01258	0.00629	0.00359	0.01258
21	0.01707	0.04402	0.65683	0.02426	0.03683	0.01976	0.03144	0.02695	0.01797	0.02695	0.01527	0.01797	0.01078	0.00809	0.00809	0.00270	0.01258	0.00629	0.00359	0.01258
22	0.76103	0.01646	0.01251	0.01119	0.01646	0.01909	0.00922	0.02502	0.01448	0.03818	0.01185	0.01382	0.00922	0.00790	0.00527	0.00263	0.00658	0.00461	0.00527	0.00922
23	0.01094	0.00866	0.00984	0.00955	0.01204	0.00756	0.00716	0.01392	0.02148	0.02794	0.33363	0.07376	0.39388	0.01971	0.01005	0.00279	0.00418	0.01682	0.00855	0.00756
24	0.01037	0.00741	0.00987	0.01185	0.01234	0.00691	0.00790	0.01185	0.01629	0.02172	0.04690	0.69537	0.05629	0.02666	0.01086	0.00346	0.00494	0.02419	0.00790	0.00691
25	0.76103	0.01646	0.01251	0.01119	0.01646	0.01909	0.00922	0.02502	0.01448	0.03818	0.01185	0.01382	0.00922	0.00790	0.00527	0.00263	0.00658	0.00461	0.00527	0.00922
26	0.01037	0.00741	0.00987	0.01185	0.01234	0.00691	0.00790	0.01185	0.01629	0.02172	0.04690	0.69537	0.05629	0.02666	0.01086	0.00346	0.00494	0.02419	0.00790	0.00691
27	0.01478	0.00739	0.01109	0.01109	0.01109	0.00739	0.00739	0.01109	0.01109	0.01478	0.01478	0.02587	0.01478	0.02956	0.03326	0.75240	0.00739	0.00739	0.00370	0.00370
28	0.02106	0.02022	0.03454	0.05223	0.64784	0.02022	0.02612	0.02612	0.01938	0.02780	0.01601	0.02106	0.01348	0.00758	0.00842	0.00253	0.01011	0.00758	0.00421	0.01348
29	0.76103	0.01646	0.01251	0.01119	0.01646	0.01909	0.00922	0.02502	0.01448	0.03818	0.01185	0.01382	0.00922	0.00790	0.00527	0.00263	0.00658	0.00461	0.00527	0.00922
30	0.03179	0.04056	0.02412	0.02192	0.02631	0.66676	0.01644	0.03398	0.02412	0.02083	0.01315	0.01535	0.01096	0.00877	0.00767	0.00219	0.01535	0.00548	0.00438	0.00987
31	0.01087	0.00762	0.00973	0.01121	0.01158	0.00725	0.00721	0.01198	0.01531	0.02042	0.04189	0.53561	0.04996	0.19506	0.01897	0.00465	0.00576	0.02124	0.00721	0.00647
32	0.01055	0.00864	0.00931	0.00914	0.01180	0.00740	0.00686	0.01317	0.02057	0.02577	0.22535	0.07732	0.50351	0.02051	0.01005	0.00282	0.00424	0.01732	0.00827	0.00740
33	0.03179	0.04056	0.02412	0.02192	0.02631	0.66676	0.01644	0.03398	0.02412	0.02083	0.01315	0.01535	0.01096	0.00877	0.00767	0.00219	0.01535	0.00548	0.00438	0.00987
34	0.02117	0.01828	0.01924	0.01732	0.02213	0.02117	0.01347	0.04522	0.63246	0.03560	0.03464	0.03175	0.02598	0.01155	0.00866	0.00289	0.00673	0.00962	0.00866	0.01347
35	0.01042	0.00821	0.00940	0.01000	0.01194	0.00720	0.00716	0.01257	0.01891	0.02395	0.14274	0.29189	0.36986	0.02280	0.01033	0.00305	0.00449	0.01979	0.00809	0.00720
36	0.01607	0.01513	0.02552	0.68047	0.05861	0.01891	0.02363	0.02174	0.01702	0.02174	0.01513	0.02269	0.01134	0.00851	0.00851	0.00284	0.01134	0.00756	0.00378	0.00945
37	0.76103	0.01646	0.01251	0.01119	0.01646	0.01909	0.00922	0.02502	0.01448	0.03818	0.01185	0.01382	0.00922	0.00790	0.00527	0.00263	0.00658	0.00461	0.00527	0.00922
38	0.76103	0.01646	0.01251	0.01119	0.01646	0.01909	0.00922	0.02502	0.01448	0.03818	0.01185	0.01382	0.00922	0.00790	0.00527	0.00263	0.00658	0.00461	0.00527	0.00922
39	0.01064	0.00848	0.00953	0.00962	0.01194	0.00738	0.00708	0.01320	0.02025	0.02582	0.23119	0.15945	0.41316	0.02112	0.01016	0.00290	0.00432	0.01811	0.00830	0.00738
40	0.01204	0.00870	0.01138	0.01071	0.01271	0.00803	0.00803	0.01606	0.02409	0.03413	0.64335	0.06357	0.08030	0.01740	0.01004	0.00268	0.00401	0.01539	0.00937	0.00803
41	0.01216	0.00912	0.01368	0.01368	0.01520	0.01064	0.01064	0.01520	0.01368	0.01976	0.02279	0.03343	0.02127	0.06382	0.66720	0.01368	0.02279	0.00912	0.00456	0.00760
42	0.03235	0.02384	0.02554	0.01958	0.02639	0.02639	0.01618	0.61946	0.04001	0.05363	0.02043	0.02043	0.01447	0.01022	0.00851	0.00255	0.00936	0.00766	0.00851	0.01447
43	0.03740	0.01574	0.02053	0.01574	0.02235	0.01437	0.01300	0.11920	0.02646	0.57303	0.03181	0.02782	0.02018	0.01049	0.00855	0.00262	0.00753	0.00844	0.01026	0.01448
44	0.02106	0.02022	0.03454	0.05223	0.64784	0.02022	0.02612	0.02612	0.01938	0.02780	0.01601	0.02106	0.01348	0.00758	0.00842	0.00253	0.01011	0.00758	0.00421	0.01348
45	0.01238	0.00825	0.00928	0.00928	0.00928	0.00825	0.00516	0.01238	0.01238	0.01650	0.02681	0.05569	0.03094	0.70092	0.04331	0.00825	0.00825	0.01238	0.00516	0.00516
46	0.76103	0.01646	0.01251	0.01119	0.01646	0.01909	0.00922	0.02502	0.01448	0.03818	0.01185	0.01382	0.00922	0.00790	0.00527	0.00263	0.00658	0.00461	0.00527	0.00922
47	0.02117	0.01828	0.01924	0.01732	0.02213	0.02117	0.01347	0.04522	0.63246	0.03560	0.03464	0.03175	0.02598	0.01155	0.00866	0.00289	0.00673	0.00962	0.00866	0.01347
48	0.03179	0.04056	0.02412	0.02192	0.02631	0.66676	0.01644	0.03398	0.02412	0.02083	0.01315	0.01535	0.01096	0.00877	0.00767	0.00219	0.01535	0.00548	0.00438	0.00987
49	0.02275	0.70604	0.04459	0.01456	0.02184	0.03367	0.01456	0.02548	0.01729	0.02002	0.01183	0.01365	0.01092	0.00728	0.00546	0.00182	0.00910	0.00455	0.00364	0.01092
50	0.01039	0.00834	0.00932	0.01004	0.01214	0.00727	0.00736	0.01246	0.01849	0.02277	0.07186	0.26521	0.43093	0.02320	0.01041	0.00311	0.00473	0.05693	0.00790	0.00715
51	0.01006	0.00862	0.00862	0.00862	0.01149	0.00718	0.00647	0.01221	0.01940	0.02299	0.08621	0.08190	0.64438	0.02155	0.01006	0.00287	0.00431	0.01796	0.00790	0.00718
52	0.02106	0.02022	0.03454	0.05223	0.64784	0.02022	0.02612	0.02612	0.01938	0.02780	0.01601	0.02106	0.01348	0.00758	0.00842	0.00253	0.01011	0.00758	0.00421	0.01348
53	0.01876	0.24084	0.47481	0.02137	0.03238	0.02390	0.02642	0.02651	0.01777	0.02489	0.01425	0.01668	0.01082	0.00785	0.00730	0.00243	0.01154	0.00577	0.00361	0.01208
54	0.02137	0.02000	0.03311	0.10723	0.55212	0.02052	0.02522	0.06587	0.02056	0.02900	0.01623	0.02117	0.01335	0.00784	0.00844	0.00256	0.01017	0.00759	0.00446	0.01318
55	0.01171	0.00869	0.01273	0.01322	0.01448	0.00971	0.00995	0.01436	0.01433	0.02025	0.02882	0.19875	0.03002	0.05454	0.50328	0.01112	0.01833	0.01288	0.00539	0.00743
56	0.02176	0.02154	0.03387	0.05027	0.60754	0.06213	0.02549	0.02663	0.01968	0.02735	0.01582	0.02069	0.01332	0.00766	0.00838	0.00251	0.01045	0.00745	0.00422	0.01325
57	0.02005	0.01865	0.02920	0.08498	0.43857	0.01946	0.02218	0.02881	0.14463	0.02860	0.02177	0.06708	0.01867	0.00969	0.00864	0.00268	0.00917	0.00908	0.00533	0.01278
58	0.02374	0.02018	0.03326	0.04447	0.48891	0.02013	0.06215	0.08367	0.02186	0.09137	0.01822	0.02190	0.01428	0.00809	0.00855	0.00256	0.01003	0.00784	0.00524	0.01354
59	0.02205	0.01989	0.03369	0.05009	0.61172	0.01977	0.02533	0.02700	0.01966	0.06391	0.01702	0.02152	0.01392	0.00775	0.00843	0.00253	0.00994	0.00764	0.00458	0.01354
60	0.01864	0.01831	0.02702	0.17055	0.36338	0.06064	0.02119	0.02308	0.01921	0.02517	0.02912	0.03270	0.13404	0.01053	0.00871	0.00263	0.00960	0.00943	0.00484	0.01120
61	0.02146	0.33539	0.10686	0.02742	0.21633	0.06872	0.01968	0.02565	0.01859	0.02343	0.01789	0.02047	0.04824	0.00839	0.00708	0.00222	0.00994	0.00652	0.00411	0.01161
62	0.07045	0.17184	0.26285	0.02580	0.09735	0.09569	0.10923	0.02727	0.01875	0.02573	0.01446	0.01756	0.01132	0.00780	0.00763	0.00246	0.01177	0.00641	0.00397	0.01164
63	0.02813	0.03100	0.05740	0.06997	0.14830	0.30911	0.01943	0.17757	0.02642	0.03072	0.01575	0.01832	0.01234	0.00885	0.00810	0.00241	0.01245	0.00660	0.00531	0.01182

[dist]
# distance from previous block
# <min> <max>
21	33

[block]
# block no. 8 follows, 21 sequences, length 48
# corresponding to MSA columns:
# 382-429
name=unknown_I
#
# <colnr> <probs for GDERKNQSTAVLIFYWHMCP>
#	G	D	E	R	K	N	Q	S	T	A	V	L	I	F	Y	W	H	M	C	P
0	0.01875	0.02559	0.19503	0.02382	0.09579	0.07964	0.06185	0.02810	0.13249	0.02796	0.05653	0.03961	0.05334	0.01241	0.00915	0.00290	0.01001	0.10988	0.00593	0.01122
1	0.02202	0.02356	0.06591	0.10013	0.35648	0.08055	0.12844	0.06832	0.02110	0.02828	0.01615	0.02082	0.01289	0.00791	0.00864	0.00259	0.01152	0.00776	0.00448	0.01245
2	0.02564	0.02857	0.02995	0.08140	0.28964	0.28743	0.05093	0.05790	0.02220	0.02572	0.01504	0.01888	0.01231	0.00824	0.00821	0.00243	0.01253	0.00684	0.00447	0.01165
3	0.02439	0.02603	0.02781	0.03487	0.31252	0.21934	0.02023	0.03294	0.16203	0.02745	0.01942	0.02177	0.01558	0.00886	0.00825	0.00251	0.01094	0.00741	0.00529	0.01237
4	0.01158	0.00838	0.00906	0.00906	0.01004	0.00789	0.00560	0.01232	0.01478	0.01872	0.04713	0.06465	0.24075	0.46857	0.03194	0.00641	0.00690	0.01429	0.00610	0.00585
5	0.03179	0.04056	0.02412	0.02192	0.02631	0.66676	0.01644	0.03398	0.02412	0.02083	0.01315	0.01535	0.01096	0.00877	0.00767	0.00219	0.01535	0.00548	0.00438	0.00987
6	0.01216	0.00912	0.01368	0.01368	0.01520	0.01064	0.01064	0.01520	0.01368	0.01976	0.02279	0.03343	0.02127	0.06382	0.66720	0.01368	0.02279	0.00912	0.00456	0.00760
7	0.01242	0.00903	0.01327	0.01327	0.01483	0.01045	0.01031	0.01552	0.01397	0.02060	0.02314	0.03331	0.02131	0.06004	0.62080	0.01286	0.02147	0.00903	0.05673	0.00762
8	0.01707	0.04402	0.65683	0.02426	0.03683	0.01976	0.03144	0.02695	0.01797	0.02695	0.01527	0.01797	0.01078	0.00809	0.00809	0.00270	0.01258	0.00629	0.00359	0.01258
9	0.03235	0.02384	0.02554	0.01958	0.02639	0.02639	0.01618	0.61946	0.04001	0.05363	0.02043	0.02043	0.01447	0.01022	0.00851	0.00255	0.00936	0.00766	0.00851	0.01447
10	0.01150	0.00867	0.01068	0.01055	0.01270	0.00785	0.00799	0.01483	0.02198	0.02964	0.40878	0.11068	0.23360	0.01957	0.01022	0.00287	0.00442	0.05702	0.00876	0.00771
11	0.01366	0.01156	0.01221	0.01183	0.01519	0.01153	0.00920	0.02240	0.19917	0.02692	0.06725	0.06851	0.40750	0.01880	0.00981	0.00297	0.00535	0.06895	0.00812	0.00909
12	0.03818	0.01448	0.01975	0.01514	0.02172	0.01251	0.01251	0.04147	0.02436	0.65373	0.03357	0.02897	0.02107	0.01053	0.00856	0.00263	0.00724	0.00856	0.01053	0.01448
13	0.76103	0.01646	0.01251	0.01119	0.01646	0.01909	0.00922	0.02502	0.01448	0.03818	0.01185	0.01382	0.00922	0.00790	0.00527	0.00263	0.00658	0.00461	0.00527	0.00922
14	0.01216	0.00912	0.01368	0.01368	0.01520	0.01064	0.01064	0.01520	0.01368	0.01976	0.02279	0.03343	0.02127	0.06382	0.66720	0.01368	0.02279	0.00912	0.00456	0.00760
15	0.03015	0.01348	0.01714	0.01384	0.01941	0.01207	0.01120	0.03508	0.07882	0.45194	0.04579	0.04141	0.16507	0.01316	0.00891	0.00271	0.00652	0.01082	0.00976	0.01271
16	0.03235	0.02384	0.02554	0.01958	0.02639	0.02639	0.01618	0.61946	0.04001	0.05363	0.02043	0.02043	0.01447	0.01022	0.00851	0.00255	0.00936	0.00766	0.00851	0.01447
17	0.76103	0.01646	0.01251	0.01119	0.01646	0.01909	0.00922	0.02502	0.01448	0.03818	0.01185	0.01382	0.00922	0.00790	0.00527	0.00263	0.00658	0.00461	0.00527	0.00922
18	0.01018	0.00863	0.00879	0.00875	0.01157	0.00724	0.00656	0.01245	0.01969	0.02369	0.12125	0.08075	0.60891	0.02129	0.01006	0.00286	0.00429	0.01780	0.00799	0.00724
19	0.01006	0.00862	0.00862	0.00862	0.01149	0.00718	0.00647	0.01221	0.01940	0.02299	0.08621	0.08190	0.64438	0.02155	0.01006	0.00287	0.00431	0.01796	0.00790	0.00718
20	0.02009	0.02296	0.05022	0.03587	0.04448	0.02152	0.61693	0.02726	0.02009	0.02726	0.01722	0.02296	0.01291	0.00717	0.01004	0.00287	0.01435	0.01004	0.00430	0.01148
21	0.02106	0.02022	0.03454	0.05223	0.64784	0.02022	0.02612	0.02612	0.01938	0.02780	0.01601	0.02106	0.01348	0.00758	0.00842	0.00253	0.01011	0.00758	0.00421	0.01348
22	0.02117	0.01828	0.01924	0.01732	0.02213	0.02117	0.01347	0.04522	0.63246	0.03560	0.03464	0.03175	0.02598	0.01155	0.00866	0.00289	0.00673	0.00962	0.00866	0.01347
23	0.01073	0.00793	0.01004	0.01104	0.01230	0.00723	0.00770	0.01296	0.01874	0.02502	0.20168	0.43800	0.15833	0.02352	0.01053	0.00317	0.00461	0.02099	0.00827	0.00723
24	0.03235	0.02384	0.02554	0.01958	0.02639	0.02639	0.01618	0.61946	0.04001	0.05363	0.02043	0.02043	0.01447	0.01022	0.00851	0.00255	0.00936	0.00766	0.00851	0.01447
25	0.01216	0.00912	0.01368	0.01368	0.01520	0.01064	0.01064	0.01520	0.01368	0.01976	0.02279	0.03343	0.02127	0.06382	0.66720	0.01368	0.02279	0.00912	0.00456	0.00760
26	0.01765	0.01513	0.01765	0.01260	0.02017	0.01134	0.01008	0.02143	0.01765	0.02773	0.01513	0.01765	0.01260	0.00630	0.00630	0.00126	0.00630	0.00504	0.00504	0.75295
27	0.01037	0.00741	0.00987	0.01185	0.01234	0.00691	0.00790	0.01185	0.01629	0.02172	0.04690	0.69537	0.05629	0.02666	0.01086	0.00346	0.00494	0.02419	0.00790	0.00691
28	0.02275	0.70604	0.04459	0.01456	0.02184	0.03367	0.01456	0.02548	0.01729	0.02002	0.01183	0.01365	0.01092	0.00728	0.00546	0.00182	0.00910	0.00455	0.00364	0.01092
29	0.01037	0.00741	0.00987	0.01185	0.01234	0.00691	0.00790	0.01185	0.01629	0.02172	0.04690	0.69537	0.05629	0.02666	0.01086	0.00346	0.00494	0.02419	0.00790	0.00691
30	0.01037	0.00741	0.00987	0.01185	0.01234	0.00691	0.00790	0.01185	0.01629	0.02172	0.04690	0.69537	0.05629	0.02666	0.01086	0.00346	0.00494	0.02419	0.00790	0.00691
31	0.03235	0.02384	0.02554	0.01958	0.02639	0.02639	0.01618	0.61946	0.04001	0.05363	0.02043	0.02043	0.01447	0.01022	0.00851	0.00255	0.00936	0.00766	0.00851	0.01447
32	0.01006	0.00862	0.00862	0.00862	0.01149	0.00718	0.00647	0.01221	0.01940	0.02299	0.08621	0.08190	0.64438	0.02155	0.01006	0.00287	0.00431	0.01796	0.00790	0.00718
33	0.01607	0.01513	0.02552	0.68047	0.05861	0.01891	0.02363	0.02174	0.01702	0.02174	0.01513	0.02269	0.01134	0.00851	0.00851	0.00284	0.01134	0.00756	0.00378	0.00945
