[name]
unknown

[dist]
# distance from previous block
# <min> <max>
0	6

[block]
# block no. 0 follows, 22 sequences, length 7
# corresponding to MSA columns:
# 6-12
name=unknown_A
#
# <colnr> <probs for GDERKNQSTAVLIFYWHMCP>
#	G	D	E	R	K	N	Q	S	T	A	V	L	I	F	Y	W	H	M	C	P
0	0.10355	0.01168	0.01430	0.01435	0.01678	0.01274	0.01193	0.02070	0.08281	0.02894	0.18120	0.06366	0.04499	0.01779	0.01138	0.00327	0.06596	0.27797	0.00744	0.00854
1	0.01742	0.01715	0.02284	0.15992	0.25378	0.09300	0.01799	0.02107	0.01829	0.02334	0.02827	0.18803	0.07793	0.01334	0.00886	0.00273	0.00902	0.01190	0.00522	0.00990
2	0.02056	0.01974	0.03372	0.05099	0.65622	0.01974	0.02550	0.02550	0.01892	0.02714	0.01563	0.02056	0.01316	0.00740	0.00822	0.00247	0.00987	0.00740	0.00411	0.01316
3	0.09425	0.10921	0.02612	0.52702	0.04811	0.02042	0.02042	0.02205	0.01639	0.02266	0.01400	0.02006	0.01080	0.00808	0.00758	0.00261	0.01030	0.00669	0.00382	0.00940
4	0.01730	0.01653	0.02790	0.10842	0.15430	0.01545	0.15961	0.02194	0.01787	0.02546	0.01961	0.11229	0.01815	0.00955	0.00829	0.00232	0.00916	0.00939	0.00482	0.24165
5	0.01216	0.00975	0.01442	0.12021	0.07083	0.01024	0.01174	0.01472	0.01584	0.02122	0.03597	0.38022	0.06798	0.05784	0.11238	0.00491	0.00896	0.01673	0.00618	0.00768
6	0.23942	0.01302	0.01355	0.01180	0.01607	0.01296	0.00924	0.06516	0.01952	0.07542	0.14634	0.12319	0.08155	0.01311	0.00775	0.00249	0.00576	0.01067	0.00701	0.12597

[dist]
# distance from previous block
# <min> <max>
4	11

[block]
# block no. 1 follows, 22 sequences, length 65
# corresponding to MSA columns:
# 24-88
name=unknown_B
#
# <colnr> <probs for GDERKNQSTAVLIFYWHMCP>
#	G	D	E	R	K	N	Q	S	T	A	V	L	I	F	Y	W	H	M	C	P
0	0.01959	0.02506	0.16669	0.01644	0.02234	0.13791	0.01554	0.13666	0.02304	0.02840	0.04034	0.04095	0.23850	0.04009	0.00990	0.00278	0.00918	0.01049	0.00611	0.01000
1	0.01878	0.10035	0.21694	0.01812	0.02416	0.14615	0.01771	0.02567	0.09401	0.02406	0.02483	0.20423	0.02444	0.01327	0.00835	0.00267	0.00973	0.01095	0.00541	0.01019
2	0.02560	0.02952	0.02071	0.01796	0.02286	0.41209	0.01371	0.05991	0.02213	0.02369	0.01861	0.02071	0.05216	0.01145	0.03953	0.00253	0.01229	0.00630	0.00487	0.18337
3	0.01180	0.01559	0.15255	0.01316	0.01712	0.00977	0.01238	0.01571	0.01859	0.02509	0.17146	0.26064	0.20675	0.01894	0.00964	0.00291	0.00610	0.01648	0.00708	0.00824
4	0.09987	0.35063	0.11681	0.01657	0.02403	0.02754	0.01632	0.20290	0.02322	0.03191	0.01447	0.01585	0.01150	0.00812	0.00653	0.00218	0.00916	0.00557	0.00511	0.01173
5	0.02047	0.12368	0.44956	0.02203	0.03194	0.16388	0.02550	0.02763	0.01877	0.02418	0.01405	0.01647	0.01058	0.00794	0.00749	0.00242	0.01245	0.00576	0.00368	0.01150
6	0.01888	0.08004	0.31561	0.02469	0.03257	0.06322	0.14313	0.02528	0.01719	0.02410	0.01402	0.01819	0.01104	0.00920	0.01243	0.00280	0.16589	0.00695	0.00373	0.01107
7	0.01899	0.23110	0.45609	0.02090	0.03129	0.05811	0.02528	0.02627	0.01767	0.02409	0.01385	0.01622	0.01057	0.00771	0.00715	0.00236	0.01147	0.00562	0.00356	0.01168
8	0.01960	0.01875	0.03198	0.17706	0.53768	0.01948	0.02502	0.02465	0.01846	0.02597	0.01546	0.02088	0.01275	0.00758	0.00824	0.00253	0.01011	0.00740	0.00403	0.01238
9	0.02056	0.01974	0.03372	0.05099	0.65622	0.01974	0.02550	0.02550	0.01892	0.02714	0.01563	0.02056	0.01316	0.00740	0.00822	0.00247	0.00987	0.00740	0.00411	0.01316
10	0.01226	0.00948	0.01411	0.01388	0.01527	0.01133	0.01087	0.01516	0.01331	0.01933	0.02154	0.03173	0.02015	0.05930	0.63435	0.01274	0.06446	0.00880	0.00440	0.00752
11	0.01031	0.00843	0.00909	0.00893	0.01152	0.00722	0.00670	0.01287	0.02009	0.02518	0.22717	0.07544	0.50813	0.02002	0.00981	0.00276	0.00414	0.01690	0.00807	0.00722
12	0.01187	0.00890	0.01335	0.01335	0.01483	0.01038	0.01038	0.01483	0.01335	0.01928	0.02225	0.03264	0.02077	0.06231	0.67512	0.01335	0.02225	0.00890	0.00445	0.00742
13	0.01723	0.01477	0.01723	0.01230	0.01969	0.01107	0.00984	0.02092	0.01723	0.02707	0.01477	0.01723	0.01230	0.00615	0.00615	0.00123	0.00615	0.00492	0.00492	0.75883
14	0.03064	0.02236	0.02392	0.01845	0.02482	0.02471	0.01520	0.59282	0.03779	0.05110	0.02036	0.02059	0.01455	0.00996	0.00816	0.00246	0.00883	0.00749	0.05202	0.01375
15	0.00982	0.00842	0.00842	0.00842	0.01122	0.00701	0.00631	0.01192	0.01894	0.02244	0.08416	0.07995	0.65285	0.02104	0.00982	0.00281	0.00421	0.01753	0.00771	0.00701
16	0.18835	0.01396	0.01618	0.01280	0.01857	0.01277	0.01038	0.02918	0.02012	0.29570	0.10560	0.02695	0.02375	0.00965	0.00733	0.00227	0.00630	0.00760	0.00777	0.18477
17	0.02971	0.03723	0.02434	0.02349	0.06966	0.59930	0.01681	0.03204	0.02273	0.02079	0.01295	0.01552	0.01088	0.00875	0.00844	0.00223	0.04545	0.00558	0.00424	0.00985
18	0.02733	0.01995	0.02147	0.01692	0.02212	0.02190	0.01344	0.49408	0.03318	0.04445	0.02130	0.02745	0.01763	0.16222	0.01572	0.00371	0.00890	0.00848	0.00760	0.01214
19	0.01723	0.01477	0.01723	0.01230	0.01969	0.01107	0.00984	0.02092	0.01723	0.02707	0.01477	0.01723	0.01230	0.00615	0.00615	0.00123	0.00615	0.00492	0.00492	0.75883
20	0.00982	0.00842	0.00842	0.00842	0.01122	0.00701	0.00631	0.01192	0.01894	0.02244	0.08416	0.07995	0.65285	0.02104	0.00982	0.00281	0.00421	0.01753	0.00771	0.00701
21	0.01038	0.00823	0.00942	0.01022	0.01225	0.00727	0.00764	0.01252	0.01810	0.02241	0.06791	0.25944	0.40247	0.02271	0.01026	0.00310	0.00484	0.09610	0.00771	0.00702
22	0.01141	0.00866	0.01050	0.01071	0.01172	0.00864	0.00737	0.01293	0.01622	0.02148	0.12584	0.24340	0.17806	0.22392	0.02083	0.00455	0.05370	0.01661	0.00683	0.00661
23	0.02240	0.02489	0.02385	0.02092	0.02248	0.24501	0.01679	0.02444	0.01665	0.02069	0.01243	0.01777	0.01139	0.01225	0.01940	0.00304	0.42581	0.00664	0.04394	0.00920
24	0.02904	0.03581	0.02548	0.02704	0.14577	0.54996	0.01785	0.03171	0.02266	0.02163	0.01337	0.01604	0.01117	0.00834	0.00763	0.00220	0.01401	0.00574	0.00425	0.01030
25	0.02234	0.62665	0.08588	0.01530	0.02260	0.06953	0.01548	0.02546	0.01732	0.02006	0.01186	0.01372	0.01065	0.00725	0.00564	0.00186	0.00948	0.00461	0.00359	0.01071
26	0.01974	0.02155	0.06061	0.02919	0.14580	0.10814	0.20436	0.04529	0.02006	0.02582	0.02237	0.03699	0.02065	0.01479	0.05600	0.00359	0.01232	0.13721	0.00508	0.01046
27	0.01059	0.00818	0.00966	0.00984	0.01183	0.00726	0.00717	0.01321	0.01994	0.02613	0.28230	0.20924	0.31347	0.02065	0.00998	0.00286	0.00424	0.01795	0.00823	0.00726
28	0.00982	0.00842	0.00842	0.00842	0.01122	0.00701	0.00631	0.01192	0.01894	0.02244	0.08416	0.07995	0.65285	0.02104	0.00982	0.00281	0.00421	0.01753	0.00771	0.00701
29	0.01187	0.00890	0.01335	0.01335	0.01483	0.01038	0.01038	0.01483	0.01335	0.01928	0.02225	0.03264	0.02077	0.06231	0.67512	0.01335	0.02225	0.00890	0.00445	0.00742
30	0.59753	0.01562	0.01385	0.01182	0.01726	0.01715	0.00974	0.02815	0.01637	0.18217	0.01649	0.01692	0.01168	0.00831	0.00589	0.00257	0.00658	0.00539	0.00633	0.01019
31	0.01159	0.00850	0.01214	0.01248	0.01359	0.00945	0.00922	0.01391	0.01363	0.01920	0.02684	0.15150	0.02793	0.14116	0.47663	0.01093	0.01736	0.01187	0.00509	0.00699
32	0.76672	0.01607	0.01221	0.01092	0.01607	0.01864	0.00900	0.02442	0.01414	0.03727	0.01157	0.01350	0.00900	0.00771	0.00514	0.00257	0.00643	0.00450	0.00514	0.00900
33	0.02635	0.02649	0.02794	0.06384	0.27388	0.22215	0.02001	0.18130	0.02536	0.03120	0.01583	0.01877	0.01255	0.00846	0.00803	0.00239	0.01131	0.00679	0.00521	0.01214
34	0.02383	0.01743	0.01939	0.01609	0.02075	0.01941	0.01297	0.34333	0.10379	0.04018	0.02308	0.02551	0.01789	0.02151	0.15343	0.00483	0.01099	0.00806	0.10582	0.01170
35	0.01012	0.00723	0.00964	0.01157	0.01205	0.00675	0.00771	0.01157	0.01591	0.02121	0.04579	0.70262	0.05495	0.02603	0.01060	0.00337	0.00482	0.02362	0.00771	0.00675
36	0.00996	0.00786	0.00899	0.00990	0.01161	0.00689	0.00697	0.01175	0.01751	0.02186	0.06607	0.37353	0.37095	0.02339	0.01019	0.00307	0.00450	0.02040	0.00771	0.00689
37	0.01133	0.00819	0.00945	0.00942	0.01060	0.00766	0.00621	0.01288	0.01676	0.02216	0.19381	0.10767	0.19068	0.32958	0.02448	0.00516	0.00591	0.01489	0.00686	0.00631
38	0.01202	0.00831	0.01036	0.01036	0.01080	0.00876	0.00665	0.01291	0.01246	0.01707	0.02499	0.04780	0.02735	0.51305	0.23338	0.00965	0.01234	0.01112	0.00486	0.00575
39	0.02509	0.02215	0.01775	0.01534	0.01942	0.21660	0.01195	0.20752	0.02582	0.03418	0.02059	0.02277	0.01590	0.00943	0.00708	0.00217	0.00885	0.00693	0.30024	0.01025
40	0.01157	0.00912	0.01262	0.01607	0.09056	0.00857	0.01003	0.01372	0.01702	0.02240	0.04864	0.46927	0.15289	0.02268	0.01024	0.00320	0.00553	0.06097	0.00727	0.00764
41	0.02057	0.01965	0.03302	0.04938	0.62629	0.01978	0.02491	0.02638	0.04827	0.02750	0.01648	0.02105	0.01373	0.00758	0.00824	0.00248	0.00971	0.00750	0.00432	0.01316
42	0.01787	0.18911	0.52946	0.02161	0.03276	0.02225	0.02710	0.02600	0.01740	0.02483	0.01418	0.01662	0.01055	0.00772	0.00733	0.00244	0.01154	0.00577	0.00352	0.01192
43	0.02402	0.02705	0.02440	0.02901	0.21423	0.33186	0.01832	0.02737	0.02118	0.02338	0.02047	0.03384	0.01954	0.01135	0.00858	0.00261	0.01184	0.13573	0.00496	0.01026
44	0.02238	0.02319	0.03195	0.04584	0.54655	0.13365	0.02385	0.02683	0.01972	0.02596	0.01514	0.01959	0.01273	0.00760	0.00810	0.00241	0.01076	0.00705	0.00414	0.01255
45	0.01227	0.00822	0.00994	0.00994	0.01041	0.00856	0.00630	0.01321	0.01274	0.01787	0.02535	0.04780	0.02744	0.51285	0.18310	0.00883	0.01098	0.01106	0.05736	0.00576
46	0.01040	0.00844	0.00923	0.00903	0.01158	0.00726	0.00677	0.01306	0.02032	0.02572	0.25558	0.07455	0.47938	0.01981	0.00981	0.00275	0.00412	0.01678	0.00815	0.00726
47	0.02039	0.01999	0.03210	0.13364	0.54857	0.04936	0.02475	0.02528	0.01882	0.02605	0.01539	0.02052	0.01277	0.00757	0.00820	0.00249	0.01026	0.00731	0.00406	0.01248
48	0.01844	0.01752	0.02855	0.06764	0.45388	0.01755	0.04444	0.02414	0.05802	0.02652	0.02883	0.03180	0.12632	0.01007	0.00858	0.00257	0.00888	0.00940	0.00500	0.01184
49	0.01007	0.00843	0.00877	0.00868	0.01138	0.00712	0.00651	0.01242	0.01954	0.02388	0.15900	0.07759	0.57711	0.02050	0.00982	0.00278	0.00417	0.01720	0.00790	0.00712
50	0.01995	0.38889	0.26917	0.02108	0.06778	0.02647	0.05359	0.02553	0.01739	0.02286	0.01331	0.01580	0.01087	0.00741	0.00668	0.00219	0.01045	0.00553	0.00361	0.01143
51	0.01890	0.31324	0.41433	0.01986	0.03005	0.02477	0.02405	0.02573	0.01727	0.02358	0.01355	0.01584	0.01058	0.00758	0.00686	0.00229	0.01091	0.00545	0.00353	0.01163
52	0.01818	0.01818	0.02545	0.02181	0.02181	0.02545	0.01818	0.01999	0.01272	0.01999	0.01091	0.01818	0.01091	0.01454	0.02726	0.00364	0.69284	0.00727	0.00364	0.00909
53	0.01859	0.02851	0.26477	0.06534	0.11306	0.02005	0.22462	0.02839	0.10057	0.02735	0.01811	0.02154	0.01352	0.00801	0.00866	0.00270	0.01174	0.00800	0.00447	0.01198
54	0.02922	0.02845	0.02205	0.01863	0.02361	0.31077	0.01459	0.28455	0.02933	0.03535	0.01774	0.01920	0.01355	0.00931	0.00762	0.00226	0.01103	0.00657	0.10486	0.01129
55	0.02980	0.01346	0.01752	0.01416	0.01944	0.01242	0.01143	0.03583	0.10513	0.44902	0.16118	0.03563	0.03318	0.01180	0.00867	0.00261	0.00635	0.00987	0.00981	0.01270
56	0.01010	0.00834	0.00886	0.00890	0.01144	0.00710	0.00661	0.01239	0.01933	0.02379	0.15632	0.12119	0.53524	0.02085	0.00987	0.00282	0.00421	0.01763	0.00790	0.00710
57	0.01569	0.01477	0.02492	0.68808	0.05722	0.01846	0.02307	0.02123	0.01661	0.02123	0.01477	0.02215	0.01107	0.00831	0.00831	0.00277	0.01107	0.00738	0.00369	0.00923
58	0.03158	0.02327	0.02493	0.01911	0.02576	0.02576	0.01579	0.62852	0.03906	0.05236	0.01995	0.01995	0.01413	0.00997	0.00831	0.00249	0.00914	0.00748	0.00831	0.01413
59	0.01012	0.00723	0.00964	0.01157	0.01205	0.00675	0.00771	0.01157	0.01591	0.02121	0.04579	0.70262	0.05495	0.02603	0.01060	0.00337	0.00482	0.02362	0.00771	0.00675
60	0.02221	0.71304	0.04353	0.01421	0.02132	0.03287	0.01421	0.02488	0.01688	0.01955	0.01155	0.01333	0.01066	0.00711	0.00533	0.00178	0.00888	0.00444	0.00355	0.01066
61	0.01395	0.01189	0.01522	0.01762	0.12230	0.04189	0.01105	0.01773	0.02218	0.03032	0.44395	0.05491	0.13386	0.01544	0.00942	0.00259	0.00550	0.01357	0.00788	0.00873
62	0.02693	0.03088	0.02129	0.01917	0.02306	0.45083	0.01454	0.10141	0.02315	0.02385	0.01594	0.02043	0.01374	0.04996	0.12428	0.00439	0.01521	0.00653	0.00483	0.00959
63	0.01830	0.02497	0.24735	0.03010	0.25100	0.01646	0.02279	0.02439	0.01908	0.06857	0.06590	0.03376	0.06507	0.01081	0.00864	0.00269	0.00953	0.06376	0.00522	0.01162
64	0.02735	0.15359	0.05966	0.02206	0.02774	0.44791	0.09683	0.03056	0.02160	0.02130	0.01324	0.01579	0.01094	0.00807	0.00744	0.00219	0.01368	0.00582	0.00411	0.01014

[dist]
# distance from previous block
# <min> <max>
0	2

[block]
# block no. 2 follows, 22 sequences, length 42
# corresponding to MSA columns:
# 91-132
name=unknown_C
#
# <colnr> <probs for GDERKNQSTAVLIFYWHMCP>
#	G	D	E	R	K	N	Q	S	T	A	V	L	I	F	Y	W	H	M	C	P
0	0.19367	0.02031	0.02541	0.09937	0.27596	0.05941	0.01884	0.15381	0.02215	0.03382	0.01536	0.01865	0.01205	0.00818	0.00750	0.00251	0.00935	0.00663	0.00521	0.01180
1	0.02083	0.02220	0.06473	0.04531	0.54366	0.07557	0.02418	0.02565	0.01924	0.02632	0.01811	0.02231	0.03856	0.00808	0.00821	0.00246	0.01021	0.00757	0.00424	0.01256
2	0.01222	0.00915	0.01295	0.01277	0.01385	0.01057	0.00953	0.01445	0.01303	0.01859	0.02261	0.03692	0.02246	0.20770	0.49948	0.01168	0.05100	0.00955	0.00454	0.00695
3	0.01208	0.00805	0.00906	0.00906	0.00906	0.00805	0.00503	0.01208	0.01208	0.01611	0.02618	0.05436	0.03020	0.70804	0.04228	0.00805	0.00805	0.01208	0.00503	0.00503
4	0.01012	0.00723	0.00964	0.01157	0.01205	0.00675	0.00771	0.01157	0.01591	0.02121	0.04579	0.70262	0.05495	0.02603	0.01060	0.00337	0.00482	0.02362	0.00771	0.00675
5	0.02066	0.01785	0.01878	0.01691	0.02160	0.02066	0.01315	0.04414	0.64121	0.03475	0.03381	0.03099	0.02536	0.01127	0.00845	0.00282	0.00657	0.00939	0.00845	0.01315
6	0.02129	0.01815	0.01914	0.01703	0.02184	0.02095	0.01330	0.07750	0.60684	0.03576	0.03302	0.03036	0.02472	0.01120	0.00844	0.00280	0.00672	0.00928	0.00844	0.01321
7	0.76672	0.01607	0.01221	0.01092	0.01607	0.01864	0.00900	0.02442	0.01414	0.03727	0.01157	0.01350	0.00900	0.00771	0.00514	0.00257	0.00643	0.00450	0.00514	0.00900
8	0.02221	0.71304	0.04353	0.01421	0.02132	0.03287	0.01421	0.02488	0.01688	0.01955	0.01155	0.01333	0.01066	0.00711	0.00533	0.00178	0.00888	0.00444	0.00355	0.01066
9	0.02221	0.71304	0.04353	0.01421	0.02132	0.03287	0.01421	0.02488	0.01688	0.01955	0.01155	0.01333	0.01066	0.00711	0.00533	0.00178	0.00888	0.00444	0.00355	0.01066
10	0.02056	0.01974	0.03372	0.05099	0.65622	0.01974	0.02550	0.02550	0.01892	0.02714	0.01563	0.02056	0.01316	0.00740	0.00822	0.00247	0.00987	0.00740	0.00411	0.01316
11	0.01287	0.01063	0.01162	0.01145	0.01438	0.01046	0.00883	0.02017	0.16151	0.02644	0.11877	0.10538	0.35800	0.01892	0.00972	0.00293	0.00512	0.07626	0.00801	0.00854
12	0.00982	0.00842	0.00842	0.00842	0.01122	0.00701	0.00631	0.01192	0.01894	0.02244	0.08416	0.07995	0.65285	0.02104	0.00982	0.00281	0.00421	0.01753	0.00771	0.00701
13	0.01076	0.00856	0.00972	0.00973	0.01219	0.00752	0.00750	0.01358	0.02030	0.02589	0.24704	0.07611	0.42104	0.02004	0.00998	0.00285	0.00448	0.07725	0.00813	0.00732
14	0.00982	0.00842	0.00842	0.00842	0.01122	0.00701	0.00631	0.01192	0.01894	0.02244	0.08416	0.07995	0.65285	0.02104	0.00982	0.00281	0.00421	0.01753	0.00771	0.00701
15	0.01187	0.00890	0.01335	0.01335	0.01483	0.01038	0.01038	0.01483	0.01335	0.01928	0.02225	0.03264	0.02077	0.06231	0.67512	0.01335	0.02225	0.00890	0.00445	0.00742
16	0.02191	0.67625	0.07766	0.01473	0.02213	0.03213	0.01512	0.02495	0.01692	0.01992	0.01173	0.01356	0.01065	0.00715	0.00547	0.00182	0.00907	0.00454	0.00355	0.01075
17	0.05336	0.19310	0.34607	0.02638	0.14486	0.02260	0.05269	0.02575	0.01758	0.02540	0.01419	0.01715	0.01106	0.00757	0.00732	0.00241	0.01086	0.00607	0.00374	0.01186
18	0.02717	0.09798	0.02965	0.02293	0.02773	0.44888	0.11311	0.03010	0.02126	0.02122	0.01317	0.01631	0.01102	0.00874	0.00953	0.00235	0.07862	0.00616	0.00414	0.00993
19	0.01443	0.00722	0.01082	0.01082	0.01082	0.00722	0.00722	0.01082	0.01082	0.01443	0.01443	0.02525	0.01443	0.02886	0.03247	0.75830	0.00722	0.00722	0.00361	0.00361
20	0.02583	0.02207	0.01971	0.01650	0.02119	0.15865	0.01305	0.29257	0.06584	0.03862	0.08611	0.02592	0.02203	0.01042	0.00784	0.00235	0.00873	0.00797	0.14330	0.01130
21	0.01341	0.01093	0.01585	0.01963	0.15949	0.01036	0.01171	0.01712	0.02121	0.02955	0.38617	0.12082	0.11902	0.01614	0.00952	0.00268	0.00540	0.01443	0.00770	0.00886
22	0.01416	0.00951	0.01305	0.15442	0.02113	0.01057	0.01064	0.01725	0.01553	0.02360	0.02485	0.03252	0.04796	0.06194	0.16388	0.06992	0.01014	0.00857	0.28292	0.00745
23	0.01569	0.01406	0.02136	0.02167	0.08568	0.01695	0.04371	0.01884	0.01532	0.02196	0.02230	0.03980	0.02232	0.02828	0.19596	0.00614	0.25282	0.14347	0.00485	0.00883
24	0.02027	0.01944	0.03320	0.08870	0.62076	0.01966	0.02535	0.02524	0.01878	0.02679	0.01558	0.02065	0.01304	0.00746	0.00823	0.00249	0.00994	0.00740	0.00409	0.01293
25	0.00982	0.00842	0.00842	0.00842	0.01122	0.00701	0.00631	0.01192	0.01894	0.02244	0.08416	0.07995	0.65285	0.02104	0.00982	0.00281	0.00421	0.01753	0.00771	0.00701
26	0.01078	0.00811	0.00997	0.01023	0.01199	0.00731	0.00740	0.01351	0.02014	0.02699	0.32894	0.24849	0.22456	0.02063	0.01003	0.00288	0.00425	0.01813	0.00836	0.00731
27	0.01818	0.01818	0.02545	0.02181	0.02181	0.02545	0.01818	0.01999	0.01272	0.01999	0.01091	0.01818	0.01091	0.01454	0.02726	0.00364	0.69284	0.00727	0.00364	0.00909
28	0.02056	0.01974	0.03372	0.05099	0.65622	0.01974	0.02550	0.02550	0.01892	0.02714	0.01563	0.02056	0.01316	0.00740	0.00822	0.00247	0.00987	0.00740	0.00411	0.01316
29	0.02056	0.01974	0.03372	0.05099	0.65622	0.01974	0.02550	0.02550	0.01892	0.02714	0.01563	0.02056	0.01316	0.00740	0.00822	0.00247	0.00987	0.00740	0.00411	0.01316
30	0.02056	0.01974	0.03372	0.05099	0.65622	0.01974	0.02550	0.02550	0.01892	0.02714	0.01563	0.02056	0.01316	0.00740	0.00822	0.00247	0.00987	0.00740	0.00411	0.01316
31	0.01009	0.00843	0.00880	0.00871	0.01139	0.00713	0.00653	0.01246	0.01959	0.02399	0.16513	0.07740	0.57091	0.02046	0.00982	0.00278	0.00417	0.01717	0.00792	0.00713
32	0.01176	0.00849	0.01110	0.01045	0.01241	0.00784	0.00784	0.01568	0.02352	0.03331	0.65184	0.06206	0.07839	0.01698	0.00980	0.00261	0.00392	0.01502	0.00914	0.00784
33	0.02056	0.01974	0.03372	0.05099	0.65622	0.01974	0.02550	0.02550	0.01892	0.02714	0.01563	0.02056	0.01316	0.00740	0.00822	0.00247	0.00987	0.00740	0.00411	0.01316
34	0.03727	0.01414	0.01928	0.01478	0.02121	0.01221	0.01221	0.04049	0.02378	0.66198	0.03277	0.02828	0.02056	0.01028	0.00835	0.00257	0.00707	0.00835	0.01028	0.01414
35	0.01188	0.00886	0.01314	0.01314	0.01455	0.01027	0.01012	0.01470	0.01329	0.01913	0.02244	0.03369	0.02123	0.09364	0.64442	0.01309	0.02156	0.00906	0.00448	0.00730
36	0.01208	0.00805	0.00906	0.00906	0.00906	0.00805	0.00503	0.01208	0.01208	0.01611	0.02618	0.05436	0.03020	0.70804	0.04228	0.00805	0.00805	0.01208	0.00503	0.00503
37	0.01012	0.00723	0.00964	0.01157	0.01205	0.00675	0.00771	0.01157	0.01591	0.02121	0.04579	0.70262	0.05495	0.02603	0.01060	0.00337	0.00482	0.02362	0.00771	0.00675
38	0.02056	0.01974	0.03372	0.05099	0.65622	0.01974	0.02550	0.02550	0.01892	0.02714	0.01563	0.02056	0.01316	0.00740	0.00822	0.00247	0.00987	0.00740	0.00411	0.01316
39	0.01466	0.01707	0.16163	0.01470	0.01899	0.01251	0.01424	0.04577	0.01637	0.02500	0.02156	0.02824	0.01825	0.03565	0.34176	0.00784	0.01524	0.00794	0.17368	0.00890
40	0.10664	0.01247	0.04274	0.04193	0.01716	0.01154	0.01027	0.02098	0.08481	0.06366	0.30587	0.08634	0.13364	0.01518	0.00891	0.00270	0.00546	0.01289	0.00786	0.00895
41	0.02056	0.17716	0.22093	0.02683	0.06970	0.09079	0.22738	0.02677	0.01880	0.02440	0.01466	0.01820	0.01143	0.00746	0.00797	0.00245	0.01228	0.00701	0.00387	0.01134

[dist]
# distance from previous block
# <min> <max>
1	4

[block]
# block no. 3 follows, 22 sequences, length 27
# corresponding to MSA columns:
# 137-163
name=unknown_D
#
# <colnr> <probs for GDERKNQSTAVLIFYWHMCP>
#	G	D	E	R	K	N	Q	S	T	A	V	L	I	F	Y	W	H	M	C	P
0	0.02172	0.22574	0.14689	0.01686	0.02383	0.04948	0.01648	0.16344	0.09154	0.03042	0.02700	0.02718	0.10500	0.01042	0.00756	0.00238	0.00890	0.00791	0.00580	0.01146
1	0.02064	0.03249	0.29186	0.03499	0.29948	0.12498	0.02611	0.02707	0.01909	0.02570	0.01488	0.01842	0.01168	0.00779	0.00797	0.00248	0.01168	0.00655	0.00389	0.01223
2	0.02002	0.01929	0.03108	0.04261	0.47941	0.02109	0.02320	0.02518	0.04899	0.02590	0.01547	0.02054	0.01326	0.00923	0.01258	0.00275	0.16549	0.00747	0.00422	0.01223
3	0.01531	0.01388	0.01165	0.01125	0.01234	0.13021	0.00719	0.01593	0.01493	0.01757	0.03004	0.04993	0.09443	0.50494	0.03237	0.00640	0.00891	0.01144	0.00519	0.00609
4	0.01755	0.03767	0.52100	0.02991	0.17744	0.01939	0.02951	0.02612	0.01785	0.02650	0.01507	0.01823	0.01112	0.00778	0.00797	0.00259	0.01173	0.00643	0.00365	0.01248
5	0.00982	0.00842	0.00842	0.00842	0.01122	0.00701	0.00631	0.01192	0.01894	0.02244	0.08416	0.07995	0.65285	0.02104	0.00982	0.00281	0.00421	0.01753	0.00771	0.00701
6	0.01005	0.00751	0.00935	0.01081	0.01185	0.00681	0.00737	0.01165	0.01663	0.02150	0.05502	0.55281	0.19880	0.02483	0.01041	0.00324	0.00467	0.02215	0.00771	0.00681
7	0.01196	0.00800	0.00910	0.00922	0.00925	0.00797	0.00521	0.01205	0.01233	0.01643	0.02743	0.09594	0.03179	0.66431	0.04025	0.00775	0.00785	0.01282	0.00521	0.00514
8	0.00997	0.00842	0.00863	0.00857	0.01131	0.00708	0.00643	0.01222	0.01929	0.02329	0.12845	0.07855	0.60803	0.02072	0.00982	0.00279	0.00419	0.01734	0.00783	0.00708
9	0.02221	0.71304	0.04353	0.01421	0.02132	0.03287	0.01421	0.02488	0.01688	0.01955	0.01155	0.01333	0.01066	0.00711	0.00533	0.00178	0.00888	0.00444	0.00355	0.01066
10	0.02056	0.01974	0.03372	0.05099	0.65622	0.01974	0.02550	0.02550	0.01892	0.02714	0.01563	0.02056	0.01316	0.00740	0.00822	0.00247	0.00987	0.00740	0.00411	0.01316
11	0.01187	0.00890	0.01335	0.01335	0.01483	0.01038	0.01038	0.01483	0.01335	0.01928	0.02225	0.03264	0.02077	0.06231	0.67512	0.01335	0.02225	0.00890	0.00445	0.00742
12	0.76672	0.01607	0.01221	0.01092	0.01607	0.01864	0.00900	0.02442	0.01414	0.03727	0.01157	0.01350	0.00900	0.00771	0.00514	0.00257	0.00643	0.00450	0.00514	0.00900
13	0.02221	0.71304	0.04353	0.01421	0.02132	0.03287	0.01421	0.02488	0.01688	0.01955	0.01155	0.01333	0.01066	0.00711	0.00533	0.00178	0.00888	0.00444	0.00355	0.01066
14	0.01132	0.00855	0.01050	0.01023	0.01244	0.00773	0.00783	0.01470	0.02183	0.02948	0.43852	0.06975	0.24388	0.01863	0.00993	0.00276	0.00429	0.06142	0.00861	0.00758
15	0.01187	0.00890	0.01335	0.01335	0.01483	0.01038	0.01038	0.01483	0.01335	0.01928	0.02225	0.03264	0.02077	0.06231	0.67512	0.01335	0.02225	0.00890	0.00445	0.00742
16	0.01017	0.00786	0.00929	0.01013	0.01174	0.00698	0.00714	0.01216	0.01800	0.02304	0.12777	0.37352	0.30653	0.02296	0.01019	0.00305	0.00447	0.02015	0.00787	0.00698
17	0.01259	0.00844	0.01107	0.01107	0.01221	0.00922	0.00799	0.01486	0.01373	0.02050	0.02428	0.03866	0.02361	0.24069	0.36809	0.00971	0.01475	0.00961	0.14212	0.00678
18	0.02435	0.43308	0.03676	0.02139	0.11293	0.20369	0.01632	0.02720	0.01896	0.02084	0.01248	0.01480	0.01103	0.00754	0.00632	0.00197	0.01066	0.00511	0.00383	0.01074
19	0.01383	0.01113	0.01311	0.01235	0.01552	0.01043	0.00910	0.02015	0.13196	0.02644	0.10551	0.30476	0.08899	0.01741	0.00904	0.00266	0.00530	0.01533	0.00737	0.17961
20	0.02537	0.02810	0.02739	0.02292	0.05619	0.30304	0.12691	0.09366	0.02286	0.02682	0.01491	0.01765	0.01190	0.00783	0.00773	0.00211	0.01192	0.00639	0.00484	0.18146
21	0.01765	0.01955	0.10203	0.01872	0.05325	0.08679	0.04356	0.08747	0.06908	0.02747	0.05688	0.28635	0.03403	0.01646	0.00934	0.00292	0.00832	0.04380	0.00662	0.00972
22	0.01377	0.01217	0.01221	0.01245	0.01392	0.09690	0.00882	0.01602	0.01849	0.02388	0.21350	0.29031	0.04993	0.09875	0.07609	0.00444	0.00791	0.01603	0.00707	0.00733
23	0.01333	0.01250	0.07027	0.09067	0.02053	0.01070	0.01249	0.01673	0.01815	0.05052	0.14923	0.29632	0.09291	0.01899	0.01064	0.00307	0.03810	0.05957	0.00705	0.00821
24	0.02232	0.02064	0.02822	0.16166	0.14891	0.06328	0.09159	0.15254	0.13743	0.03174	0.01946	0.02244	0.01487	0.00915	0.00923	0.00266	0.03829	0.00793	0.00569	0.01194
25	0.25107	0.15148	0.09298	0.04636	0.11366	0.13803	0.01658	0.02720	0.04645	0.02769	0.01387	0.01630	0.01119	0.00791	0.00660	0.00236	0.00969	0.00556	0.00448	0.01055
26	0.19749	0.09806	0.12994	0.02235	0.13555	0.02114	0.01749	0.13805	0.04894	0.03308	0.01566	0.01804	0.01223	0.00903	0.00809	0.03421	0.00881	0.00619	0.00519	0.04047

[dist]
# distance from previous block
# <min> <max>
4	34

[block]
# block no. 4 follows, 22 sequences, length 50
# corresponding to MSA columns:
# 198-247
name=unknown_E
#
# <colnr> <probs for GDERKNQSTAVLIFYWHMCP>
#	G	D	E	R	K	N	Q	S	T	A	V	L	I	F	Y	W	H	M	C	P
0	0.02342	0.14401	0.16816	0.02610	0.09052	0.24719	0.13439	0.02842	0.02002	0.02330	0.01408	0.01718	0.01125	0.00778	0.00773	0.00234	0.01275	0.00640	0.00397	0.01099
1	0.06803	0.07087	0.08810	0.01648	0.05119	0.15971	0.01352	0.02346	0.02051	0.07537	0.14064	0.03973	0.17442	0.01279	0.00828	0.00248	0.00840	0.01018	0.00630	0.00955
2	0.02426	0.11586	0.06610	0.01906	0.05917	0.19409	0.01517	0.14854	0.02306	0.02862	0.01576	0.01954	0.01325	0.05799	0.00965	0.00245	0.01021	0.00623	0.00513	0.16587
3	0.02135	0.07801	0.02454	0.02010	0.05448	0.08820	0.07580	0.07293	0.32036	0.03060	0.03034	0.03212	0.06582	0.01117	0.00844	0.00267	0.00860	0.03584	0.00687	0.01176
4	0.02074	0.02079	0.09152	0.02879	0.23657	0.01935	0.01915	0.12580	0.18491	0.03263	0.02746	0.03193	0.06002	0.01087	0.00860	0.00270	0.00862	0.05078	0.00634	0.01243
5	0.02350	0.11728	0.15936	0.01998	0.07031	0.05436	0.01781	0.19537	0.02435	0.07081	0.02136	0.02238	0.05407	0.00914	0.00760	0.00227	0.00929	0.00705	0.00581	0.10787
6	0.02016	0.32872	0.15750	0.02107	0.07037	0.05717	0.04648	0.02432	0.01688	0.02189	0.01413	0.04506	0.01281	0.00935	0.01010	0.00242	0.12049	0.00653	0.00384	0.01071
7	0.12221	0.22657	0.02803	0.01665	0.02281	0.11142	0.01422	0.24113	0.06325	0.05549	0.01673	0.01747	0.01289	0.00874	0.00693	0.00227	0.00926	0.00607	0.00605	0.01180
8	0.04553	0.01871	0.06771	0.02378	0.16230	0.01821	0.01652	0.22383	0.02403	0.03388	0.02308	0.02679	0.05400	0.02217	0.16535	0.00505	0.01201	0.00822	0.03750	0.01133
9	0.05844	0.10576	0.13343	0.01399	0.01874	0.01562	0.01357	0.02151	0.05737	0.02598	0.03233	0.03978	0.12140	0.04319	0.01037	0.00284	0.04865	0.06861	0.15926	0.00919
10	0.01757	0.01516	0.01583	0.01448	0.01864	0.01677	0.01120	0.03496	0.46375	0.03124	0.04817	0.04496	0.20430	0.01406	0.00884	0.00281	0.00590	0.01171	0.00824	0.01140
11	0.01320	0.01261	0.05394	0.01190	0.01539	0.01091	0.00985	0.02085	0.14833	0.02923	0.27851	0.05927	0.27083	0.01669	0.00941	0.00273	0.00511	0.01420	0.00812	0.00892
12	0.02034	0.02028	0.03665	0.04567	0.48289	0.02008	0.16652	0.02661	0.04738	0.02736	0.01673	0.02147	0.01358	0.00748	0.00861	0.00256	0.01069	0.00806	0.00433	0.01270
13	0.01012	0.00723	0.00964	0.01157	0.01205	0.00675	0.00771	0.01157	0.01591	0.02121	0.04579	0.70262	0.05495	0.02603	0.01060	0.00337	0.00482	0.02362	0.00771	0.00675
14	0.02338	0.02067	0.02080	0.05732	0.06188	0.12398	0.01457	0.23707	0.11049	0.03418	0.02623	0.18176	0.02450	0.01346	0.00873	0.00270	0.00886	0.01119	0.00703	0.01120
15	0.01187	0.00890	0.01335	0.01335	0.01483	0.01038	0.01038	0.01483	0.01335	0.01928	0.02225	0.03264	0.02077	0.06231	0.67512	0.01335	0.02225	0.00890	0.00445	0.00742
16	0.01012	0.00723	0.00964	0.01157	0.01205	0.00675	0.00771	0.01157	0.01591	0.02121	0.04579	0.70262	0.05495	0.02603	0.01060	0.00337	0.00482	0.02362	0.00771	0.00675
17	0.01640	0.01620	0.02283	0.01882	0.02288	0.08491	0.16388	0.04963	0.01853	0.02357	0.03345	0.03800	0.15703	0.03098	0.25680	0.00664	0.01477	0.01058	0.00528	0.00885
18	0.02221	0.71304	0.04353	0.01421	0.02132	0.03287	0.01421	0.02488	0.01688	0.01955	0.01155	0.01333	0.01066	0.00711	0.00533	0.00178	0.00888	0.00444	0.00355	0.01066
19	0.03293	0.02111	0.02359	0.01809	0.02468	0.02255	0.01494	0.48928	0.03544	0.19671	0.02298	0.02192	0.01565	0.01005	0.00832	0.00251	0.00865	0.00769	0.00878	0.01413
20	0.01012	0.00723	0.00964	0.01157	0.01205	0.00675	0.00771	0.01157	0.01591	0.02121	0.04579	0.70262	0.05495	0.02603	0.01060	0.00337	0.00482	0.02362	0.00771	0.00675
21	0.03107	0.03843	0.02364	0.02124	0.02569	0.62837	0.01603	0.07567	0.02465	0.02262	0.01335	0.01534	0.01095	0.00866	0.00755	0.00217	0.01456	0.00550	0.00457	0.00995
22	0.02024	0.47559	0.26376	0.01757	0.02651	0.02806	0.02005	0.02538	0.01711	0.02194	0.01274	0.01482	0.01061	0.00739	0.00624	0.00208	0.01009	0.00504	0.00354	0.01123
23	0.01054	0.00844	0.00942	0.00917	0.01166	0.00732	0.00688	0.01332	0.02064	0.02648	0.29518	0.07330	0.43931	0.01953	0.00981	0.00273	0.00410	0.01660	0.00825	0.00732
24	0.01963	0.06891	0.25573	0.03006	0.07796	0.06767	0.30687	0.02681	0.01899	0.02570	0.01551	0.01960	0.01169	0.00745	0.00864	0.00262	0.01293	0.00778	0.00393	0.01155
25	0.01843	0.03341	0.46973	0.01999	0.02993	0.01634	0.02421	0.02597	0.01863	0.11416	0.02851	0.02905	0.11504	0.01034	0.00827	0.00265	0.01026	0.00828	0.00513	0.01169
26	0.02160	0.02170	0.03271	0.04806	0.59377	0.08461	0.02456	0.02626	0.01937	0.02647	0.01535	0.02001	0.01292	0.00752	0.00815	0.00243	0.01038	0.00720	0.00413	0.01281
27	0.02221	0.71304	0.04353	0.01421	0.02132	0.03287	0.01421	0.02488	0.01688	0.01955	0.01155	0.01333	0.01066	0.00711	0.00533	0.00178	0.00888	0.00444	0.00355	0.01066
28	0.01718	0.10523	0.60726	0.02280	0.03460	0.02055	0.02916	0.02618	0.01748	0.02568	0.01460	0.01715	0.01054	0.00782	0.00765	0.00255	0.01196	0.00598	0.00351	0.01213
29	0.02221	0.71304	0.04353	0.01421	0.02132	0.03287	0.01421	0.02488	0.01688	0.01955	0.01155	0.01333	0.01066	0.00711	0.00533	0.00178	0.00888	0.00444	0.00355	0.01066
30	0.01005	0.00751	0.00935	0.01082	0.01185	0.00681	0.00738	0.01165	0.01662	0.02150	0.05483	0.55583	0.19590	0.02485	0.01042	0.00324	0.00468	0.02218	0.00771	0.00681
31	0.01197	0.00807	0.00903	0.00903	0.00916	0.00800	0.00510	0.01207	0.01241	0.01641	0.02896	0.05559	0.06015	0.67500	0.04072	0.00780	0.00787	0.01234	0.00516	0.00513
32	0.01208	0.00805	0.00906	0.00906	0.00906	0.00805	0.00503	0.01208	0.01208	0.01611	0.02618	0.05436	0.03020	0.70804	0.04228	0.00805	0.00805	0.01208	0.00503	0.00503
33	0.01323	0.00951	0.01317	0.01500	0.01695	0.00945	0.01308	0.01698	0.01912	0.02475	0.04575	0.09310	0.07441	0.02286	0.01140	0.00378	0.00750	0.57468	0.00765	0.00762
34	0.02381	0.02589	0.03057	0.04182	0.46085	0.22267	0.02257	0.02787	0.02035	0.02503	0.01476	0.01883	0.01240	0.00776	0.00800	0.00237	0.01145	0.00677	0.00416	0.01207
35	0.02364	0.34641	0.18385	0.01867	0.02612	0.22854	0.01867	0.02778	0.01910	0.02138	0.01274	0.01483	0.01064	0.00774	0.00660	0.00209	0.01157	0.00512	0.00377	0.01072
36	0.01208	0.00805	0.00906	0.00906	0.00906	0.00805	0.00503	0.01208	0.01208	0.01611	0.02618	0.05436	0.03020	0.70804	0.04228	0.00805	0.00805	0.01208	0.00503	0.00503
37	0.01775	0.16227	0.51748	0.02187	0.03253	0.02208	0.02703	0.02570	0.01715	0.02474	0.01408	0.01682	0.01057	0.00812	0.00851	0.00253	0.04955	0.00590	0.00352	0.01181
38	0.01724	0.01862	0.06443	0.19133	0.07300	0.02069	0.12922	0.02165	0.01564	0.02220	0.01459	0.02150	0.01237	0.01566	0.08267	0.00412	0.25359	0.00786	0.00386	0.00976
39	0.01392	0.01561	0.13442	0.01432	0.01866	0.01059	0.01392	0.01831	0.01944	0.05574	0.11136	0.06898	0.22199	0.01834	0.00999	0.00312	0.00709	0.22836	0.00717	0.00866
40	0.01185	0.00900	0.01289	0.01565	0.07745	0.00910	0.00980	0.01383	0.01509	0.02067	0.03451	0.38748	0.03926	0.12304	0.17368	0.00629	0.00993	0.01693	0.00621	0.00733
41	0.02080	0.06604	0.13779	0.02658	0.03322	0.14166	0.26674	0.02614	0.01855	0.02370	0.01490	0.01965	0.01197	0.01122	0.04378	0.00323	0.11179	0.00769	0.00400	0.01057
42	0.20834	0.10809	0.23059	0.02017	0.05686	0.19675	0.01928	0.02748	0.01830	0.02673	0.01318	0.01553	0.01033	0.00792	0.00683	0.00238	0.01105	0.00539	0.00416	0.01061
43	0.06793	0.19511	0.18694	0.01909	0.02575	0.23263	0.01856	0.02774	0.03890	0.02306	0.01404	0.01672	0.01155	0.01114	0.04224	0.00287	0.04550	0.00569	0.00408	0.01047
44	0.01449	0.02086	0.21001	0.01711	0.02263	0.01405	0.05309	0.05296	0.01807	0.02475	0.03681	0.12829	0.16999	0.02260	0.11697	0.00455	0.04586	0.01200	0.00554	0.00938
45	0.08668	0.15985	0.22675	0.01774	0.02442	0.01890	0.04891	0.02295	0.01696	0.06296	0.02221	0.17878	0.02162	0.01242	0.00883	0.00269	0.04182	0.01015	0.00511	0.01026
46	0.06577	0.09545	0.15915	0.01746	0.02277	0.23524	0.01606	0.02447	0.01888	0.02338	0.02166	0.17830	0.02159	0.01240	0.00786	0.00252	0.01026	0.00982	0.04748	0.00948
47	0.02070	0.02340	0.15411	0.02456	0.14349	0.04949	0.04622	0.15593	0.06108	0.03308	0.08453	0.06925	0.02330	0.01067	0.00837	0.00256	0.00908	0.00914	0.05946	0.01159
48	0.05667	0.35876	0.17880	0.01712	0.02417	0.02531	0.01796	0.02514	0.01707	0.06386	0.01594	0.02151	0.01387	0.00942	0.00881	0.00240	0.08012	0.04792	0.00435	0.01080
49	0.04523	0.02808	0.20710	0.01984	0.05267	0.14863	0.01825	0.13662	0.02265	0.02926	0.02712	0.11745	0.08752	0.01229	0.00839	0.00262	0.01004	0.00986	0.00567	0.01070

[dist]
# distance from previous block
# <min> <max>
20	81

[block]
# block no. 5 follows, 22 sequences, length 130
# corresponding to MSA columns:
# 334-463
name=unknown_F
#
# <colnr> <probs for GDERKNQSTAVLIFYWHMCP>
#	G	D	E	R	K	N	Q	S	T	A	V	L	I	F	Y	W	H	M	C	P
0	0.05710	0.01833	0.01609	0.01454	0.01843	0.15750	0.01112	0.06096	0.09524	0.12744	0.06397	0.13232	0.16372	0.01472	0.00872	0.00267	0.00777	0.01201	0.00742	0.00994
1	0.01796	0.05538	0.13566	0.08423	0.05659	0.10853	0.09314	0.02239	0.01785	0.02315	0.02107	0.14360	0.02062	0.06313	0.01086	0.00292	0.01012	0.01001	0.00478	0.09801
2	0.01875	0.01996	0.05079	0.02331	0.15940	0.14291	0.01545	0.02229	0.01829	0.02379	0.02158	0.12059	0.02121	0.01780	0.09187	0.00372	0.01091	0.04288	0.00504	0.16948
3	0.17536	0.02520	0.02450	0.14094	0.11912	0.24568	0.05222	0.05121	0.01975	0.02653	0.01375	0.01747	0.01102	0.00837	0.00818	0.00249	0.03733	0.00624	0.00446	0.01018
4	0.02160	0.06698	0.25136	0.02671	0.11807	0.19167	0.05144	0.02695	0.01862	0.02358	0.01378	0.01742	0.01110	0.00894	0.01077	0.00260	0.11708	0.00637	0.00385	0.01109
5	0.01637	0.02503	0.28290	0.01968	0.05654	0.01479	0.05387	0.05020	0.01962	0.05290	0.08924	0.09490	0.13179	0.01266	0.00873	0.00266	0.00881	0.01085	0.00576	0.04268
6	0.21713	0.02382	0.01859	0.01875	0.07816	0.26012	0.01313	0.05998	0.02082	0.02859	0.07810	0.05662	0.07240	0.01092	0.00754	0.00246	0.00959	0.00816	0.00560	0.00954
7	0.02197	0.05715	0.11163	0.04075	0.43988	0.13460	0.02399	0.02691	0.01946	0.02551	0.01487	0.01888	0.01229	0.00765	0.00793	0.00240	0.01102	0.00675	0.00404	0.01232
8	0.01087	0.00834	0.01013	0.01125	0.01308	0.00761	0.00864	0.01322	0.01802	0.02269	0.06126	0.28139	0.30160	0.02313	0.01051	0.00326	0.00532	0.17488	0.00770	0.00710
9	0.02956	0.03269	0.14019	0.02143	0.05488	0.35283	0.01816	0.03347	0.02230	0.18874	0.01853	0.01916	0.01335	0.00883	0.00782	0.00236	0.01220	0.00637	0.00569	0.01145
10	0.02181	0.08450	0.03409	0.03240	0.23150	0.05317	0.17679	0.12923	0.02232	0.02973	0.01928	0.09041	0.01715	0.00970	0.00859	0.00257	0.01046	0.00934	0.00519	0.01175
11	0.01074	0.00851	0.00970	0.00957	0.01201	0.00747	0.00728	0.01362	0.02065	0.02661	0.29251	0.07410	0.40500	0.01964	0.00991	0.00279	0.00430	0.05001	0.00824	0.00736
12	0.02056	0.01974	0.03372	0.05099	0.65622	0.01974	0.02550	0.02550	0.01892	0.02714	0.01563	0.02056	0.01316	0.00740	0.00822	0.00247	0.00987	0.00740	0.00411	0.01316
13	0.01838	0.07669	0.38020	0.03186	0.23623	0.02069	0.02718	0.02556	0.01765	0.02576	0.01468	0.01829	0.01141	0.00809	0.00903	0.00258	0.05322	0.00651	0.00372	0.01226
14	0.01997	0.01913	0.03265	0.12859	0.58326	0.01958	0.02520	0.02498	0.01864	0.02642	0.01552	0.02075	0.01291	0.00751	0.00823	0.00250	0.01002	0.00740	0.00406	0.01268
15	0.01011	0.00728	0.00959	0.01143	0.01201	0.00676	0.00765	0.01158	0.01603	0.02126	0.04743	0.67596	0.08054	0.02581	0.01057	0.00335	0.00479	0.02336	0.00771	0.00676
16	0.01711	0.03878	0.55684	0.05712	0.11478	0.01931	0.02970	0.02598	0.01767	0.02618	0.01499	0.01813	0.01088	0.00785	0.00795	0.00262	0.01192	0.00635	0.00359	0.01225
17	0.01739	0.01686	0.02564	0.27591	0.29574	0.04714	0.02085	0.02193	0.01829	0.02384	0.02707	0.03118	0.12320	0.01015	0.00850	0.00262	0.00956	0.00906	0.00459	0.01049
18	0.01818	0.01818	0.02545	0.02181	0.02181	0.02545	0.01818	0.01999	0.01272	0.01999	0.01091	0.01818	0.01091	0.01454	0.02726	0.00364	0.69284	0.00727	0.00364	0.00909
19	0.01187	0.00890	0.01335	0.01335	0.01483	0.01038	0.01038	0.01483	0.01335	0.01928	0.02225	0.03264	0.02077	0.06231	0.67512	0.01335	0.02225	0.00890	0.00445	0.00742
20	0.02394	0.01699	0.04706	0.01825	0.02340	0.01625	0.10972	0.18057	0.02338	0.17130	0.02459	0.06238	0.02042	0.12108	0.09744	0.00480	0.01084	0.00965	0.00691	0.01103
21	0.01787	0.03578	0.46966	0.03213	0.22789	0.01943	0.02909	0.02606	0.01797	0.02657	0.01513	0.01847	0.01134	0.00774	0.00800	0.00258	0.01153	0.00653	0.00369	0.01255
22	0.01638	0.00957	0.00865	0.00853	0.01060	0.04598	0.00639	0.02015	0.01777	0.03036	0.02628	0.03006	0.02069	0.00961	0.00590	0.00195	0.00451	0.00761	0.71118	0.00785
23	0.01198	0.00801	0.00909	0.00918	0.00921	0.00799	0.00517	0.01206	0.01227	0.01636	0.02714	0.08623	0.03142	0.67452	0.04073	0.00782	0.00789	0.01265	0.00517	0.00512
24	0.02206	0.02520	0.04066	0.03584	0.17433	0.14912	0.37454	0.02765	0.02023	0.02549	0.01577	0.02054	0.01235	0.00740	0.00900	0.00260	0.01329	0.00840	0.00420	0.01132
25	0.03112	0.03690	0.02377	0.02102	0.02570	0.56747	0.01601	0.13154	0.02611	0.02562	0.01401	0.01580	0.01127	0.00879	0.00763	0.00220	0.01402	0.00570	0.00495	0.01037
26	0.01787	0.03374	0.41334	0.02994	0.16074	0.02022	0.07758	0.02545	0.01744	0.02579	0.01476	0.01863	0.01127	0.00847	0.01032	0.00273	0.08917	0.00683	0.00370	0.01201
27	0.02273	0.02408	0.02347	0.02496	0.13813	0.22378	0.01695	0.02988	0.14697	0.02524	0.01969	0.02502	0.01676	0.01092	0.01184	0.00272	0.14450	0.03964	0.04203	0.01069
28	0.01121	0.00854	0.01184	0.01284	0.01352	0.00917	0.00922	0.01305	0.01503	0.02065	0.03727	0.48573	0.04312	0.03375	0.17083	0.00578	0.06603	0.01874	0.00659	0.00710
29	0.01112	0.00812	0.01068	0.01236	0.01358	0.00767	0.00934	0.01340	0.01731	0.02252	0.05003	0.43106	0.12774	0.02442	0.01078	0.00345	0.00564	0.20602	0.00769	0.00707
30	0.01347	0.01125	0.01642	0.01550	0.01660	0.01421	0.01236	0.01614	0.01319	0.01946	0.01937	0.02897	0.01827	0.05019	0.51074	0.01089	0.19240	0.00849	0.00424	0.00784
31	0.01723	0.01477	0.01723	0.01230	0.01969	0.01107	0.00984	0.02092	0.01723	0.02707	0.01477	0.01723	0.01230	0.00615	0.00615	0.00123	0.00615	0.00492	0.00492	0.75883
32	0.01046	0.00889	0.00910	0.00910	0.01195	0.00774	0.00693	0.01361	0.04719	0.02310	0.08015	0.07832	0.59838	0.02068	0.00983	0.00285	0.00446	0.04220	0.00775	0.00732
33	0.01205	0.01003	0.01311	0.01333	0.01430	0.01108	0.01002	0.01393	0.01626	0.02184	0.06963	0.37487	0.16330	0.02202	0.01411	0.00331	0.15569	0.04684	0.00687	0.00740
34	0.02144	0.01767	0.01881	0.01681	0.02158	0.02027	0.01311	0.04397	0.61216	0.06427	0.03376	0.03087	0.02513	0.01122	0.00845	0.00281	0.00660	0.00934	0.00854	0.01320
35	0.01549	0.00774	0.00774	0.00774	0.00968	0.00774	0.00581	0.01936	0.01742	0.03097	0.02710	0.03097	0.02129	0.00968	0.00581	0.00194	0.00387	0.00774	0.75416	0.00774
36	0.03114	0.03639	0.02381	0.02095	0.02570	0.54724	0.01600	0.15010	0.02659	0.02662	0.01424	0.01596	0.01137	0.00884	0.00765	0.00221	0.01383	0.00577	0.00507	0.01051
37	0.03158	0.02327	0.02493	0.01911	0.02576	0.02576	0.01579	0.62852	0.03906	0.05236	0.01995	0.01995	0.01413	0.00997	0.00831	0.00249	0.00914	0.00748	0.00831	0.01413
38	0.17468	0.01664	0.01826	0.01494	0.02061	0.01742	0.01213	0.13919	0.15774	0.26778	0.02899	0.02692	0.04767	0.01044	0.00781	0.00262	0.00706	0.00810	0.00841	0.01258
39	0.01176	0.00849	0.01110	0.01045	0.01241	0.00784	0.00784	0.01568	0.02352	0.03331	0.65184	0.06206	0.07839	0.01698	0.00980	0.00261	0.00392	0.01502	0.00914	0.00784
40	0.01038	0.00844	0.00920	0.00901	0.01157	0.00725	0.00676	0.01302	0.02027	0.02561	0.24962	0.07473	0.48541	0.01986	0.00981	0.00275	0.00412	0.01680	0.00813	0.00725
41	0.03212	0.02240	0.02439	0.01870	0.02533	0.02447	0.01545	0.57262	0.03761	0.11031	0.02116	0.02074	0.01474	0.01000	0.00831	0.00250	0.00894	0.00756	0.00850	0.01413
42	0.01147	0.00833	0.01054	0.01186	0.01287	0.00798	0.00814	0.05101	0.01757	0.02327	0.04650	0.62062	0.08919	0.02469	0.01041	0.00328	0.00506	0.02221	0.00775	0.00724
43	0.01351	0.01131	0.01650	0.01555	0.01665	0.01430	0.01241	0.01618	0.01319	0.01947	0.01930	0.02887	0.01820	0.04987	0.50649	0.01082	0.19680	0.00848	0.00424	0.00785
44	0.01187	0.00890	0.01335	0.01335	0.01483	0.01038	0.01038	0.01483	0.01335	0.01928	0.02225	0.03264	0.02077	0.06231	0.67512	0.01335	0.02225	0.00890	0.00445	0.00742
