[name]
unknown

[dist]
# distance from previous block
# <min> <max>
0	0

[block]
# block no. 0 follows, 22 sequences, length 7
# corresponding to MSA columns:
# 0-6
name=unknown_A
#
# <colnr> <probs for GDERKNQSTAVLIFYWHMCP>
#	G	D	E	R	K	N	Q	S	T	A	V	L	I	F	Y	W	H	M	C	P
0	0.01339	0.00956	0.01339	0.01530	0.01721	0.00956	0.01339	0.01721	0.01912	0.02486	0.04399	0.09371	0.04781	0.02295	0.01147	0.00382	0.00765	0.60031	0.00765	0.00765
1	0.02981	0.03727	0.02473	0.02486	0.09948	0.59804	0.01716	0.03227	0.02300	0.02113	0.01317	0.01563	0.01099	0.00843	0.00758	0.00218	0.01438	0.00559	0.00426	0.01004
2	0.01919	0.01817	0.03075	0.14024	0.52111	0.01866	0.02382	0.02414	0.01893	0.02675	0.06327	0.02391	0.01775	0.00825	0.00835	0.00252	0.00960	0.00797	0.00443	0.01219
3	0.01012	0.00723	0.00964	0.01157	0.01205	0.00675	0.00771	0.01157	0.01591	0.02121	0.04579	0.70262	0.05495	0.02603	0.01060	0.00337	0.00482	0.02362	0.00771	0.00675
4	0.01060	0.00752	0.00978	0.01109	0.01173	0.00707	0.00739	0.01223	0.01653	0.02232	0.13112	0.52855	0.05524	0.11023	0.01446	0.00385	0.00509	0.02093	0.00758	0.00669
5	0.01530	0.01182	0.01332	0.01271	0.01561	0.01200	0.00965	0.12403	0.09471	0.02963	0.09336	0.25033	0.21790	0.01927	0.00971	0.00296	0.00568	0.04504	0.00800	0.00899
6	0.01045	0.00756	0.00935	0.01062	0.01136	0.00704	0.00699	0.01172	0.01562	0.02041	0.04769	0.48674	0.13838	0.15581	0.01655	0.00419	0.00535	0.02051	0.00720	0.00646

[dist]
# distance from previous block
# <min> <max>
0	3

[block]
# block no. 1 follows, 22 sequences, length 15
# corresponding to MSA columns:
# 10-24
name=unknown_B
#
# <colnr> <probs for GDERKNQSTAVLIFYWHMCP>
#	G	D	E	R	K	N	Q	S	T	A	V	L	I	F	Y	W	H	M	C	P
0	0.02680	0.01733	0.01929	0.01573	0.02081	0.01852	0.01260	0.30211	0.11969	0.14743	0.02695	0.06865	0.02095	0.03525	0.00932	0.00273	0.00741	0.00912	0.10696	0.01236
1	0.01092	0.00745	0.00938	0.01074	0.01120	0.00712	0.00697	0.01218	0.01511	0.02063	0.04003	0.50893	0.04705	0.18424	0.01770	0.00438	0.00552	0.01992	0.05413	0.00641
2	0.01259	0.00790	0.00884	0.00905	0.00952	0.00785	0.00549	0.01357	0.01363	0.01982	0.02849	0.11941	0.03098	0.48567	0.03109	0.00625	0.00681	0.01240	0.16483	0.00580
3	0.01048	0.00741	0.00962	0.01115	0.01163	0.00699	0.00732	0.01182	0.01567	0.02098	0.06914	0.57965	0.05232	0.12584	0.01522	0.00403	0.00526	0.02155	0.00738	0.00654
4	0.01210	0.00871	0.01240	0.01240	0.01369	0.00989	0.00934	0.01469	0.01339	0.01948	0.02310	0.03573	0.02218	0.15420	0.54428	0.01193	0.01913	0.00930	0.04695	0.00709
5	0.11033	0.01620	0.01831	0.01507	0.02036	0.01692	0.01214	0.15068	0.16981	0.23711	0.11635	0.03044	0.02737	0.01112	0.00821	0.00262	0.00684	0.00894	0.00873	0.01243
6	0.01104	0.00843	0.00995	0.00959	0.01174	0.00754	0.00708	0.01402	0.02104	0.02807	0.39552	0.06837	0.29381	0.06310	0.01190	0.00304	0.00430	0.01579	0.00834	0.00734
7	0.03070	0.01516	0.01889	0.01510	0.02072	0.01470	0.01225	0.11679	0.11651	0.40491	0.11291	0.03201	0.02804	0.01127	0.00855	0.00260	0.00686	0.00927	0.00960	0.01316
8	0.03252	0.01435	0.01862	0.01489	0.02047	0.01323	0.01203	0.11527	0.02467	0.48589	0.03296	0.12623	0.02475	0.01255	0.00868	0.00268	0.00702	0.01048	0.00964	0.01305
9	0.01143	0.00827	0.01051	0.01032	0.01194	0.00765	0.00743	0.01450	0.02103	0.02919	0.46713	0.14869	0.11221	0.08697	0.01313	0.00327	0.00447	0.01607	0.00844	0.00735
10	0.01683	0.01593	0.02697	0.53932	0.19708	0.01876	0.02364	0.02222	0.01715	0.02261	0.01497	0.02178	0.01156	0.00809	0.00829	0.00270	0.01079	0.00739	0.00379	0.01015
11	0.02085	0.01540	0.01755	0.01351	0.01980	0.01376	0.01083	0.11340	0.08320	0.09951	0.02869	0.02861	0.10085	0.00967	0.00743	0.00193	0.00647	0.00781	0.00672	0.39403
12	0.01653	0.01503	0.01621	0.01426	0.01719	0.07868	0.01105	0.05632	0.01735	0.02308	0.02913	0.03576	0.12426	0.10245	0.17475	0.00569	0.11185	0.00936	0.00525	0.13578
13	0.02127	0.12339	0.03059	0.19349	0.28323	0.12381	0.02108	0.02662	0.05399	0.02396	0.01541	0.01960	0.01259	0.00798	0.00772	0.00241	0.01063	0.00675	0.00420	0.01129
14	0.22695	0.02691	0.22204	0.11115	0.09235	0.08921	0.02015	0.02588	0.01767	0.04991	0.03603	0.01894	0.01310	0.00831	0.00726	0.00256	0.01009	0.00627	0.00455	0.01067

[dist]
# distance from previous block
# <min> <max>
0	1

[block]
# block no. 2 follows, 22 sequences, length 17
# corresponding to MSA columns:
# 26-42
name=unknown_C
#
# <colnr> <probs for GDERKNQSTAVLIFYWHMCP>
#	G	D	E	R	K	N	Q	S	T	A	V	L	I	F	Y	W	H	M	C	P
0	0.07336	0.02186	0.02838	0.36502	0.04460	0.16494	0.13733	0.02515	0.01856	0.02321	0.01451	0.01999	0.01114	0.00807	0.00819	0.00262	0.01218	0.00719	0.00402	0.00968
1	0.01502	0.07649	0.01845	0.01514	0.01713	0.06177	0.01218	0.01775	0.01431	0.01948	0.01908	0.02768	0.01781	0.04704	0.47967	0.01020	0.11044	0.00802	0.00425	0.00809
2	0.13665	0.09770	0.33255	0.06093	0.03194	0.01989	0.10337	0.02485	0.01758	0.02763	0.05966	0.02058	0.01544	0.00834	0.00762	0.00257	0.01058	0.00691	0.00428	0.01095
3	0.06215	0.09583	0.14440	0.02442	0.11948	0.14470	0.01965	0.10538	0.06265	0.02831	0.01551	0.01818	0.01239	0.00924	0.01016	0.00256	0.10225	0.00647	0.00480	0.01145
4	0.01667	0.00956	0.01198	0.01100	0.01399	0.00843	0.00837	0.01960	0.02127	0.16850	0.27427	0.14543	0.22287	0.01784	0.00959	0.00276	0.00482	0.01539	0.00881	0.00886
5	0.02908	0.11318	0.02536	0.01707	0.02329	0.02327	0.01435	0.41433	0.03266	0.12173	0.08256	0.02423	0.02078	0.01032	0.00806	0.00242	0.00834	0.00792	0.00800	0.01305
6	0.02211	0.11522	0.03374	0.04231	0.49112	0.10457	0.02279	0.02639	0.01923	0.02526	0.01473	0.01888	0.01251	0.00751	0.00774	0.00233	0.01039	0.00674	0.00406	0.01238
7	0.02044	0.01953	0.01889	0.01703	0.02015	0.13534	0.01319	0.08221	0.20910	0.02946	0.11463	0.11965	0.03101	0.01396	0.01163	0.00284	0.11275	0.01088	0.00695	0.01037
8	0.01004	0.00756	0.00930	0.01070	0.01182	0.00682	0.00733	0.01166	0.01674	0.02155	0.05633	0.53150	0.21926	0.02466	0.01039	0.00322	0.00465	0.02194	0.00771	0.00682
9	0.02922	0.14171	0.08477	0.01929	0.02533	0.34340	0.01655	0.10608	0.02389	0.11076	0.01638	0.01735	0.01243	0.00867	0.00740	0.00223	0.01198	0.00594	0.00540	0.01120
10	0.07121	0.18672	0.21704	0.11183	0.08875	0.14457	0.02127	0.02638	0.01828	0.02379	0.01358	0.01673	0.01080	0.00784	0.00714	0.00234	0.01124	0.00578	0.00385	0.01087
11	0.01968	0.18362	0.25560	0.02404	0.03220	0.06260	0.17330	0.02569	0.01767	0.02374	0.01402	0.01774	0.01113	0.00836	0.01017	0.00258	0.09623	0.00677	0.00375	0.01110
12	0.01059	0.00755	0.00938	0.01064	0.01121	0.00711	0.00690	0.01173	0.01520	0.02002	0.04427	0.48021	0.10310	0.19988	0.01863	0.00452	0.00559	0.02011	0.00703	0.00633
13	0.13840	0.02909	0.30710	0.02766	0.19089	0.01900	0.02347	0.05863	0.01905	0.08753	0.01646	0.01879	0.01207	0.00806	0.00761	0.00257	0.01010	0.00648	0.00479	0.01225
14	0.02073	0.01874	0.02966	0.24328	0.37515	0.02026	0.02327	0.11573	0.02126	0.02914	0.01602	0.02096	0.01266	0.00807	0.00826	0.00256	0.01013	0.00741	0.00462	0.01209
15	0.01712	0.01623	0.02750	0.50098	0.23313	0.01883	0.02378	0.02248	0.01729	0.02296	0.01502	0.02168	0.01169	0.00804	0.00828	0.00268	0.01072	0.00739	0.00381	0.01038
16	0.17237	0.02794	0.02191	0.06340	0.02597	0.28758	0.01507	0.22906	0.02643	0.03434	0.01509	0.01683	0.01154	0.00885	0.00736	0.00238	0.01112	0.00603	0.00575	0.01098

[dist]
# distance from previous block
# <min> <max>
0	5

[block]
# block no. 3 follows, 22 sequences, length 46
# corresponding to MSA columns:
# 48-93
name=unknown_D
#
# <colnr> <probs for GDERKNQSTAVLIFYWHMCP>
#	G	D	E	R	K	N	Q	S	T	A	V	L	I	F	Y	W	H	M	C	P
0	0.02316	0.14116	0.02336	0.01721	0.02153	0.21042	0.01401	0.11993	0.08002	0.02740	0.02491	0.10884	0.02417	0.01331	0.00840	0.00263	0.00981	0.11345	0.00615	0.01015
1	0.35376	0.02795	0.01828	0.01653	0.02121	0.34729	0.01278	0.02998	0.05630	0.02864	0.01353	0.01528	0.01083	0.00835	0.00652	0.00237	0.01072	0.00522	0.00491	0.00956
2	0.52054	0.14199	0.01963	0.01295	0.01850	0.07168	0.01100	0.07297	0.01731	0.03403	0.01232	0.01409	0.00983	0.00785	0.00560	0.00239	0.00773	0.00479	0.00504	0.00975
3	0.02056	0.01974	0.03372	0.05099	0.65622	0.01974	0.02550	0.02550	0.01892	0.02714	0.01563	0.02056	0.01316	0.00740	0.00822	0.00247	0.00987	0.00740	0.00411	0.01316
4	0.02095	0.01539	0.01902	0.08980	0.02465	0.01329	0.01216	0.07428	0.01986	0.11389	0.01762	0.01950	0.01343	0.00727	0.00687	0.00169	0.00708	0.00588	0.00579	0.51159
5	0.01186	0.00796	0.00913	0.00934	0.00940	0.00791	0.00534	0.01202	0.01251	0.01669	0.02840	0.12784	0.03301	0.63074	0.03869	0.00752	0.00769	0.01339	0.00534	0.00523
6	0.03103	0.03959	0.02354	0.02140	0.02568	0.67469	0.01605	0.03317	0.02354	0.02033	0.01284	0.01498	0.01070	0.00856	0.00749	0.00214	0.01498	0.00535	0.00428	0.00963
7	0.01009	0.00736	0.00950	0.01121	0.01196	0.00678	0.00755	0.01161	0.01625	0.02135	0.05014	0.63204	0.12272	0.02546	0.01051	0.00331	0.00475	0.02293	0.00771	0.00678
8	0.01783	0.02025	0.09289	0.32941	0.21266	0.01937	0.13991	0.02388	0.01789	0.02432	0.01540	0.02133	0.01187	0.00778	0.00853	0.00268	0.01143	0.00773	0.00388	0.01095
9	0.01717	0.10465	0.60780	0.02281	0.03461	0.02054	0.02918	0.02618	0.01748	0.02569	0.01460	0.01715	0.01054	0.00782	0.00766	0.00255	0.01197	0.00598	0.00351	0.01213
10	0.02982	0.03521	0.02664	0.02260	0.02770	0.50373	0.08515	0.12130	0.02541	0.02582	0.01435	0.01656	0.01143	0.00859	0.00788	0.00227	0.01400	0.00617	0.00487	0.01048
11	0.00982	0.00842	0.00842	0.00842	0.01122	0.00701	0.00631	0.01192	0.01894	0.02244	0.08416	0.07995	0.65285	0.02104	0.00982	0.00281	0.00421	0.01753	0.00771	0.00701
12	0.02732	0.08494	0.02816	0.03001	0.22903	0.37248	0.01873	0.03047	0.02153	0.06079	0.01483	0.01745	0.01208	0.00817	0.00761	0.00224	0.01237	0.00612	0.00453	0.01112
13	0.01187	0.00890	0.01335	0.01335	0.01483	0.01038	0.01038	0.01483	0.01335	0.01928	0.02225	0.03264	0.02077	0.06231	0.67512	0.01335	0.02225	0.00890	0.00445	0.00742
14	0.01690	0.03032	0.36321	0.02790	0.15091	0.01761	0.09328	0.02437	0.01906	0.02770	0.12411	0.02627	0.02286	0.00925	0.00850	0.00262	0.01059	0.00831	0.00466	0.01157
15	0.01569	0.01477	0.02492	0.68808	0.05722	0.01846	0.02307	0.02123	0.01661	0.02123	0.01477	0.02215	0.01107	0.00831	0.00831	0.00277	0.01107	0.00738	0.00369	0.00923
16	0.02051	0.01989	0.03459	0.05008	0.62143	0.01981	0.05960	0.02556	0.01896	0.02711	0.01569	0.02067	0.01313	0.00738	0.00831	0.00249	0.01010	0.00754	0.00412	0.01305
17	0.02953	0.03710	0.02240	0.02043	0.02437	0.62194	0.01518	0.03150	0.02264	0.02000	0.01390	0.01810	0.01224	0.06391	0.01024	0.00261	0.01443	0.00588	0.00434	0.00927
18	0.03103	0.03959	0.02354	0.02140	0.02568	0.67469	0.01605	0.03317	0.02354	0.02033	0.01284	0.01498	0.01070	0.00856	0.00749	0.00214	0.01498	0.00535	0.00428	0.00963
19	0.01187	0.00890	0.01335	0.01335	0.01483	0.01038	0.01038	0.01483	0.01335	0.01928	0.02225	0.03264	0.02077	0.06231	0.67512	0.01335	0.02225	0.00890	0.00445	0.00742
20	0.01666	0.04297	0.66500	0.02368	0.03596	0.01929	0.03069	0.02631	0.01754	0.02631	0.01491	0.01754	0.01052	0.00789	0.00789	0.00263	0.01228	0.00614	0.00351	0.01228
21	0.01033	0.00732	0.00958	0.01130	0.01173	0.00689	0.00743	0.01162	0.01550	0.02067	0.04372	0.63419	0.05233	0.09803	0.01395	0.00387	0.00516	0.02240	0.00743	0.00657
22	0.01193	0.00866	0.01214	0.01214	0.01320	0.00973	0.00887	0.01406	0.01299	0.01839	0.02336	0.03878	0.02344	0.24486	0.49622	0.01185	0.01824	0.00980	0.00462	0.00674
23	0.01292	0.01013	0.01189	0.01116	0.01378	0.00993	0.00845	0.01992	0.13204	0.03123	0.42022	0.06040	0.19249	0.01684	0.00956	0.00269	0.00445	0.01456	0.00871	0.00860
24	0.02326	0.54293	0.03817	0.01530	0.02194	0.06593	0.01432	0.07528	0.08977	0.02391	0.01481	0.01594	0.01260	0.00789	0.00604	0.00197	0.00898	0.00529	0.00453	0.01116
25	0.02496	0.01658	0.01869	0.01487	0.02041	0.01666	0.01203	0.26282	0.06504	0.15153	0.08200	0.03564	0.13388	0.01217	0.00846	0.00245	0.00700	0.00982	0.00825	0.09674
26	0.02691	0.35431	0.03288	0.01804	0.02364	0.37476	0.01519	0.02930	0.02043	0.01996	0.01224	0.01421	0.01068	0.00788	0.00648	0.00197	0.01213	0.00493	0.00394	0.01011
27	0.76672	0.01607	0.01221	0.01092	0.01607	0.01864	0.00900	0.02442	0.01414	0.03727	0.01157	0.01350	0.00900	0.00771	0.00514	0.00257	0.00643	0.00450	0.00514	0.00900
28	0.01696	0.04093	0.60374	0.02481	0.03670	0.01946	0.08990	0.02634	0.01774	0.02634	0.01510	0.01802	0.01073	0.00780	0.00808	0.00265	0.01245	0.00650	0.00358	0.01217
29	0.01012	0.00723	0.00964	0.01157	0.01205	0.00675	0.00771	0.01157	0.01591	0.02121	0.04579	0.70262	0.05495	0.02603	0.01060	0.00337	0.00482	0.02362	0.00771	0.00675
30	0.02023	0.02067	0.03905	0.04543	0.44292	0.02018	0.23453	0.02588	0.01916	0.02696	0.01604	0.02120	0.01297	0.00726	0.00877	0.00258	0.01131	0.00824	0.00414	0.01248
31	0.01945	0.02193	0.04635	0.03352	0.04097	0.02151	0.55715	0.02586	0.01883	0.02586	0.01614	0.02193	0.01241	0.00786	0.01178	0.00290	0.09095	0.00952	0.00414	0.01096
32	0.01822	0.03207	0.33835	0.02969	0.03991	0.02020	0.34640	0.02647	0.01864	0.02647	0.01592	0.02012	0.01163	0.00742	0.00891	0.00272	0.01319	0.00808	0.00388	0.01171
33	0.01917	0.01989	0.02624	0.46120	0.15802	0.13083	0.02230	0.02402	0.01820	0.02212	0.01459	0.02064	0.01138	0.00819	0.00815	0.00261	0.01153	0.00704	0.00387	0.00999
34	0.01314	0.01022	0.01138	0.01125	0.01201	0.04865	0.00750	0.01427	0.01320	0.01744	0.02405	0.04465	0.02584	0.44751	0.25460	0.00950	0.01328	0.01060	0.00479	0.00612
35	0.37860	0.02689	0.01832	0.01623	0.02115	0.30153	0.01269	0.08708	0.02061	0.03146	0.01293	0.01476	0.01023	0.00830	0.00646	0.00238	0.01037	0.00516	0.00508	0.00977
36	0.01176	0.00849	0.01110	0.01045	0.01241	0.00784	0.00784	0.01568	0.02352	0.03331	0.65184	0.06206	0.07839	0.01698	0.00980	0.00261	0.00392	0.01502	0.00914	0.00784
37	0.02745	0.03268	0.02622	0.02969	0.20725	0.45020	0.01862	0.03156	0.05589	0.02308	0.01479	0.01746	0.01221	0.00837	0.00775	0.00227	0.01305	0.00616	0.00446	0.01084
38	0.01666	0.04297	0.66500	0.02368	0.03596	0.01929	0.03069	0.02631	0.01754	0.02631	0.01491	0.01754	0.01052	0.00789	0.00789	0.00263	0.01228	0.00614	0.00351	0.01228
39	0.01750	0.01501	0.01735	0.01267	0.01984	0.01183	0.01011	0.02276	0.06660	0.02768	0.01627	0.01832	0.01334	0.00656	0.00633	0.00136	0.00619	0.00528	0.00520	0.69982
40	0.01569	0.01477	0.02492	0.68808	0.05722	0.01846	0.02307	0.02123	0.01661	0.02123	0.01477	0.02215	0.01107	0.00831	0.00831	0.00277	0.01107	0.00738	0.00369	0.00923
41	0.01961	0.02241	0.04902	0.03501	0.04342	0.02101	0.62605	0.02661	0.01961	0.02661	0.01681	0.02241	0.01261	0.00700	0.00980	0.00280	0.01401	0.00980	0.00420	0.01120
42	0.01197	0.00952	0.01277	0.01504	0.08526	0.00882	0.00972	0.01497	0.01984	0.02659	0.26210	0.21049	0.21125	0.01934	0.00990	0.00289	0.00508	0.04869	0.00780	0.00797
43	0.01047	0.00759	0.00997	0.01174	0.01257	0.00709	0.00824	0.01224	0.01651	0.02172	0.04862	0.58433	0.10145	0.02528	0.01064	0.00338	0.00509	0.08850	0.00770	0.00687
44	0.02056	0.01974	0.03372	0.05099	0.65622	0.01974	0.02550	0.02550	0.01892	0.02714	0.01563	0.02056	0.01316	0.00740	0.00822	0.00247	0.00987	0.00740	0.00411	0.01316
45	0.02175	0.02199	0.03257	0.04764	0.58475	0.09398	0.02443	0.02637	0.01944	0.02637	0.01531	0.01993	0.01288	0.00753	0.00814	0.00243	0.01045	0.00717	0.00413	0.01276

[dist]
# distance from previous block
# <min> <max>
0	1

[block]
# block no. 4 follows, 22 sequences, length 53
# corresponding to MSA columns:
# 95-147
name=unknown_E
#
# <colnr> <probs for GDERKNQSTAVLIFYWHMCP>
#	G	D	E	R	K	N	Q	S	T	A	V	L	I	F	Y	W	H	M	C	P
0	0.01386	0.01180	0.01276	0.01350	0.01565	0.07160	0.01091	0.01704	0.02001	0.02525	0.16022	0.13725	0.14873	0.02047	0.01043	0.00323	0.00682	0.28515	0.00762	0.00768
1	0.02098	0.47247	0.23352	0.01737	0.02604	0.02834	0.01936	0.05570	0.01820	0.02327	0.01300	0.01495	0.01079	0.00749	0.00627	0.00208	0.00994	0.00512	0.00378	0.01133
2	0.02116	0.10461	0.08172	0.03007	0.15799	0.06451	0.17118	0.06880	0.01913	0.02588	0.01448	0.01903	0.01195	0.00914	0.01243	0.00272	0.16229	0.00741	0.00423	0.01126
3	0.01147	0.00785	0.00943	0.00994	0.01027	0.00764	0.00610	0.01227	0.01431	0.01926	0.09133	0.24864	0.04216	0.43892	0.02975	0.00614	0.00670	0.01580	0.00622	0.00581
4	0.01569	0.01477	0.02492	0.68808	0.05722	0.01846	0.02307	0.02123	0.01661	0.02123	0.01477	0.02215	0.01107	0.00831	0.00831	0.00277	0.01107	0.00738	0.00369	0.00923
5	0.01187	0.00890	0.01335	0.01335	0.01483	0.01038	0.01038	0.01483	0.01335	0.01928	0.02225	0.03264	0.02077	0.06231	0.67512	0.01335	0.02225	0.00890	0.00445	0.00742
6	0.01012	0.00723	0.00964	0.01157	0.01205	0.00675	0.00771	0.01157	0.01591	0.02121	0.04579	0.70262	0.05495	0.02603	0.01060	0.00337	0.00482	0.02362	0.00771	0.00675
7	0.01004	0.00842	0.00873	0.00865	0.01136	0.00711	0.00649	0.01236	0.01946	0.02370	0.14963	0.07789	0.58659	0.02057	0.00982	0.00278	0.00417	0.01724	0.00788	0.00711
8	0.03103	0.03959	0.02354	0.02140	0.02568	0.67469	0.01605	0.03317	0.02354	0.02033	0.01284	0.01498	0.01070	0.00856	0.00749	0.00214	0.01498	0.00535	0.00428	0.00963
9	0.02221	0.71304	0.04353	0.01421	0.02132	0.03287	0.01421	0.02488	0.01688	0.01955	0.01155	0.01333	0.01066	0.00711	0.00533	0.00178	0.00888	0.00444	0.00355	0.01066
10	0.01053	0.00752	0.01011	0.01204	0.01270	0.00710	0.00842	0.01228	0.01631	0.02167	0.04556	0.62617	0.05405	0.02564	0.01071	0.00343	0.00518	0.09602	0.00770	0.00686
11	0.01666	0.04297	0.66500	0.02368	0.03596	0.01929	0.03069	0.02631	0.01754	0.02631	0.01491	0.01754	0.01052	0.00789	0.00789	0.00263	0.01228	0.00614	0.00351	0.01228
12	0.01053	0.00844	0.00941	0.00917	0.01166	0.00732	0.00688	0.01331	0.02063	0.02646	0.29377	0.07334	0.44073	0.01954	0.00981	0.00273	0.00410	0.01661	0.00824	0.00732
13	0.01063	0.00792	0.01063	0.01221	0.01266	0.00793	0.00837	0.01210	0.01570	0.02113	0.04359	0.65951	0.05217	0.02530	0.01165	0.00339	0.04815	0.02259	0.00745	0.00690
14	0.01522	0.01194	0.01352	0.01261	0.01401	0.01347	0.00870	0.02240	0.19998	0.02204	0.02701	0.04396	0.02693	0.43428	0.03076	0.00607	0.07252	0.01082	0.00592	0.00784
15	0.76672	0.01607	0.01221	0.01092	0.01607	0.01864	0.00900	0.02442	0.01414	0.03727	0.01157	0.01350	0.00900	0.00771	0.00514	0.00257	0.00643	0.00450	0.00514	0.00900
16	0.01184	0.00855	0.01123	0.01071	0.01267	0.00793	0.00813	0.01576	0.02328	0.03287	0.61964	0.06373	0.07677	0.01730	0.00989	0.00268	0.00412	0.04602	0.00907	0.00783
17	0.01187	0.00890	0.01335	0.01335	0.01483	0.01038	0.01038	0.01483	0.01335	0.01928	0.02225	0.03264	0.02077	0.06231	0.67512	0.01335	0.02225	0.00890	0.00445	0.00742
18	0.01947	0.02367	0.15821	0.03584	0.35925	0.01899	0.02293	0.02847	0.12656	0.02829	0.01856	0.02144	0.01466	0.00806	0.00800	0.00244	0.00944	0.00726	0.00482	0.08365
19	0.01168	0.00789	0.00918	0.00957	0.00967	0.00779	0.00558	0.01198	0.01286	0.01715	0.03017	0.18648	0.03524	0.56905	0.03583	0.00710	0.00739	0.01443	0.00558	0.00538
20	0.03108	0.03805	0.02367	0.02118	0.02569	0.61318	0.01603	0.08960	0.02501	0.02337	0.01351	0.01545	0.01103	0.00869	0.00757	0.00217	0.01443	0.00555	0.00466	0.01006
21	0.13785	0.01687	0.01930	0.01486	0.02133	0.01638	0.01221	0.18448	0.02503	0.29485	0.02299	0.02190	0.01567	0.00904	0.00746	0.00230	0.00733	0.00692	0.00801	0.15520
22	0.01566	0.01462	0.02458	0.61754	0.08091	0.01800	0.02238	0.02101	0.01651	0.02136	0.01527	0.02274	0.01178	0.01167	0.05030	0.00342	0.01173	0.00748	0.00376	0.00929
23	0.02221	0.71304	0.04353	0.01421	0.02132	0.03287	0.01421	0.02488	0.01688	0.01955	0.01155	0.01333	0.01066	0.00711	0.00533	0.00178	0.00888	0.00444	0.00355	0.01066
24	0.01973	0.01854	0.03049	0.04467	0.54914	0.01868	0.02293	0.02592	0.06452	0.02828	0.07725	0.02525	0.02023	0.00859	0.00839	0.00251	0.00907	0.00827	0.00490	0.01265
25	0.01754	0.14868	0.56695	0.02218	0.03365	0.02144	0.02809	0.02608	0.01744	0.02524	0.01438	0.01687	0.01055	0.00777	0.00749	0.00250	0.01174	0.00587	0.00352	0.01202
26	0.02056	0.01974	0.03372	0.05099	0.65622	0.01974	0.02550	0.02550	0.01892	0.02714	0.01563	0.02056	0.01316	0.00740	0.00822	0.00247	0.00987	0.00740	0.00411	0.01316
27	0.01176	0.00849	0.01110	0.01045	0.01241	0.00784	0.00784	0.01568	0.02352	0.03331	0.65184	0.06206	0.07839	0.01698	0.00980	0.00261	0.00392	0.01502	0.00914	0.00784
28	0.01012	0.00723	0.00964	0.01157	0.01205	0.00675	0.00771	0.01157	0.01591	0.02121	0.04579	0.70262	0.05495	0.02603	0.01060	0.00337	0.00482	0.02362	0.00771	0.00675
29	0.01796	0.01709	0.02902	0.39091	0.33662	0.01905	0.02420	0.02322	0.01769	0.02398	0.01517	0.02141	0.01205	0.00788	0.00827	0.00263	0.01051	0.00739	0.00389	0.01106
30	0.01666	0.04297	0.66500	0.02368	0.03596	0.01929	0.03069	0.02631	0.01754	0.02631	0.01491	0.01754	0.01052	0.00789	0.00789	0.00263	0.01228	0.00614	0.00351	0.01228
31	0.02066	0.01785	0.01878	0.01691	0.02160	0.02066	0.01315	0.04414	0.64121	0.03475	0.03381	0.03099	0.02536	0.01127	0.00845	0.00282	0.00657	0.00939	0.00845	0.01315
32	0.01012	0.00723	0.00964	0.01157	0.01205	0.00675	0.00771	0.01157	0.01591	0.02121	0.04579	0.70262	0.05495	0.02603	0.01060	0.00337	0.00482	0.02362	0.00771	0.00675
33	0.02056	0.01974	0.03372	0.05099	0.65622	0.01974	0.02550	0.02550	0.01892	0.02714	0.01563	0.02056	0.01316	0.00740	0.00822	0.00247	0.00987	0.00740	0.00411	0.01316
34	0.01791	0.01578	0.02059	0.02019	0.14941	0.01284	0.01303	0.02185	0.01757	0.02708	0.01494	0.01791	0.01248	0.00641	0.00657	0.00148	0.00691	0.00543	0.00476	0.60687
35	0.01672	0.04030	0.60360	0.02260	0.03441	0.01851	0.02872	0.02580	0.01751	0.02638	0.01489	0.01751	0.01069	0.00773	0.00773	0.00250	0.01170	0.00602	0.00364	0.08304
36	0.03158	0.02327	0.02493	0.01911	0.02576	0.02576	0.01579	0.62852	0.03906	0.05236	0.01995	0.01995	0.01413	0.00997	0.00831	0.00249	0.00914	0.00748	0.00831	0.01413
37	0.01024	0.00732	0.00975	0.01149	0.01208	0.00683	0.00772	0.01187	0.01646	0.02209	0.08978	0.65613	0.05665	0.02537	0.01054	0.00332	0.00475	0.02299	0.00782	0.00683
38	0.01549	0.00774	0.00774	0.00774	0.00968	0.00774	0.00581	0.01936	0.01742	0.03097	0.02710	0.03097	0.02129	0.00968	0.00581	0.00194	0.00387	0.00774	0.75416	0.00774
39	0.01208	0.00805	0.00906	0.00906	0.00906	0.00805	0.00503	0.01208	0.01208	0.01611	0.02618	0.05436	0.03020	0.70804	0.04228	0.00805	0.00805	0.01208	0.00503	0.00503
40	0.01945	0.01646	0.01788	0.01664	0.02087	0.01881	0.01319	0.03964	0.53710	0.03310	0.03551	0.04149	0.02912	0.01323	0.00896	0.00299	0.00675	0.10829	0.00832	0.01223
41	0.01075	0.00853	0.00983	0.01058	0.01283	0.00761	0.00827	0.01318	0.01854	0.02286	0.06862	0.17372	0.41590	0.02224	0.01034	0.00314	0.00515	0.16308	0.00770	0.00713
42	0.01906	0.00986	0.01331	0.01305	0.01566	0.00905	0.01003	0.02160	0.01925	0.21388	0.08468	0.31024	0.04393	0.05015	0.01144	0.00337	0.00611	0.12775	0.00845	0.00913
43	0.76672	0.01607	0.01221	0.01092	0.01607	0.01864	0.00900	0.02442	0.01414	0.03727	0.01157	0.01350	0.00900	0.00771	0.00514	0.00257	0.00643	0.00450	0.00514	0.00900
44	0.01012	0.00723	0.00964	0.01157	0.01205	0.00675	0.00771	0.01157	0.01591	0.02121	0.04579	0.70262	0.05495	0.02603	0.01060	0.00337	0.00482	0.02362	0.00771	0.00675
45	0.01038	0.00780	0.00962	0.01051	0.01191	0.00704	0.00737	0.01250	0.01825	0.02400	0.17939	0.40830	0.21698	0.02287	0.01023	0.00307	0.00448	0.02027	0.00800	0.00704
46	0.02548	0.02090	0.07010	0.01704	0.02309	0.02043	0.01469	0.39103	0.07034	0.06984	0.03280	0.05883	0.12342	0.01242	0.00864	0.00262	0.00813	0.00988	0.00791	0.01243
47	0.02924	0.14284	0.02644	0.02010	0.02484	0.54836	0.01565	0.03234	0.04808	0.02081	0.01351	0.01539	0.01130	0.00845	0.00720	0.00211	0.01369	0.00538	0.00434	0.00994
48	0.02524	0.09145	0.02496	0.01927	0.02316	0.23975	0.01554	0.15005	0.06244	0.02855	0.06141	0.02101	0.01728	0.01090	0.01232	0.00261	0.17085	0.00711	0.00550	0.01061
49	0.01003	0.00758	0.00927	0.01063	0.01180	0.00683	0.00729	0.01167	0.01681	0.02158	0.05724	0.51672	0.23346	0.02454	0.01037	0.00320	0.00464	0.02180	0.00771	0.00683
50	0.03000	0.11861	0.02589	0.02056	0.02517	0.59938	0.01584	0.03220	0.02276	0.02024	0.01269	0.01479	0.01070	0.00839	0.00724	0.00210	0.01427	0.00524	0.00420	0.00975
51	0.02015	0.02571	0.15654	0.04104	0.38148	0.05288	0.14840	0.02626	0.01903	0.02653	0.01559	0.02008	0.01242	0.00747	0.00845	0.00255	0.01143	0.00755	0.00402	0.01242
52	0.01031	0.00804	0.00913	0.00963	0.01143	0.00711	0.00680	0.01225	0.01801	0.02280	0.13201	0.26094	0.36115	0.07658	0.01263	0.00337	0.00466	0.01863	0.00766	0.00687

[dist]
# distance from previous block
# <min> <max>
0	2

[block]
# block no. 5 follows, 22 sequences, length 19
# corresponding to MSA columns:
# 150-168
name=unknown_F
#
# <colnr> <probs for GDERKNQSTAVLIFYWHMCP>
#	G	D	E	R	K	N	Q	S	T	A	V	L	I	F	Y	W	H	M	C	P
0	0.02328	0.10119	0.02683	0.02441	0.14566	0.22210	0.04176	0.02962	0.10964	0.02526	0.01682	0.01895	0.01369	0.00802	0.00736	0.00211	0.01029	0.00633	0.00490	0.16179
1	0.01113	0.00841	0.01028	0.00993	0.01206	0.00755	0.00740	0.01442	0.02186	0.02966	0.46242	0.09799	0.23936	0.01856	0.00984	0.00270	0.00404	0.01615	0.00867	0.00755
2	0.02145	0.18854	0.36964	0.02104	0.03020	0.18529	0.02345	0.02770	0.01889	0.02334	0.01366	0.01598	0.01060	0.00789	0.00723	0.00232	0.01221	0.00557	0.00371	0.01127
3	0.02499	0.50206	0.03737	0.01634	0.02269	0.19997	0.01477	0.05790	0.01975	0.02143	0.01232	0.01410	0.01085	0.00763	0.00605	0.00191	0.01049	0.00483	0.00399	0.01057
4	0.03330	0.02050	0.02322	0.01780	0.02438	0.02166	0.01471	0.45034	0.03443	0.23708	0.02383	0.02247	0.01608	0.01007	0.00832	0.00252	0.00851	0.00774	0.00891	0.01413
5	0.01881	0.01570	0.01808	0.01306	0.02036	0.01269	0.01050	0.08794	0.01963	0.02986	0.01534	0.01753	0.01251	0.00657	0.00639	0.00137	0.00648	0.00520	0.00530	0.67668
6	0.00985	0.00828	0.00855	0.00876	0.01131	0.00698	0.00647	0.01188	0.01860	0.02231	0.07992	0.14863	0.58690	0.02159	0.00990	0.00287	0.00428	0.01820	0.00771	0.00698
7	0.01187	0.00890	0.01335	0.01335	0.01483	0.01038	0.01038	0.01483	0.01335	0.01928	0.02225	0.03264	0.02077	0.06231	0.67512	0.01335	0.02225	0.00890	0.00445	0.00742
8	0.76672	0.01607	0.01221	0.01092	0.01607	0.01864	0.00900	0.02442	0.01414	0.03727	0.01157	0.01350	0.00900	0.00771	0.00514	0.00257	0.00643	0.00450	0.00514	0.00900
9	0.01054	0.00740	0.00952	0.01103	0.01141	0.00703	0.00714	0.01168	0.01509	0.02012	0.04162	0.56482	0.04969	0.17101	0.01734	0.00437	0.00551	0.02116	0.00714	0.00638
10	0.01147	0.00935	0.01458	0.01418	0.01596	0.00905	0.07629	0.01389	0.01613	0.02156	0.04191	0.43595	0.10373	0.03042	0.13849	0.00518	0.00913	0.01865	0.00670	0.00739
11	0.00982	0.00842	0.00842	0.00842	0.01122	0.00701	0.00631	0.01192	0.01894	0.02244	0.08416	0.07995	0.65285	0.02104	0.00982	0.00281	0.00421	0.01753	0.00771	0.00701
12	0.02236	0.02392	0.03445	0.04268	0.43213	0.14285	0.12739	0.02713	0.01990	0.02577	0.01531	0.01983	0.01260	0.00755	0.00836	0.00246	0.01154	0.00743	0.00416	0.01216
13	0.76672	0.01607	0.01221	0.01092	0.01607	0.01864	0.00900	0.02442	0.01414	0.03727	0.01157	0.01350	0.00900	0.00771	0.00514	0.00257	0.00643	0.00450	0.00514	0.00900
14	0.01666	0.04297	0.66500	0.02368	0.03596	0.01929	0.03069	0.02631	0.01754	0.02631	0.01491	0.01754	0.01052	0.00789	0.00789	0.00263	0.01228	0.00614	0.00351	0.01228
15	0.01672	0.01582	0.02679	0.55265	0.18455	0.01873	0.02359	0.02213	0.01710	0.02248	0.01495	0.02181	0.01152	0.00811	0.00829	0.00270	0.01082	0.00739	0.00378	0.01006
16	0.02718	0.19925	0.02713	0.01862	0.02346	0.46585	0.01482	0.02945	0.02156	0.02031	0.01833	0.01986	0.06288	0.00922	0.00716	0.00211	0.01264	0.00612	0.00438	0.00967
17	0.15504	0.01954	0.06081	0.10746	0.05120	0.01986	0.01545	0.18498	0.14804	0.03601	0.02235	0.02350	0.04163	0.00953	0.00763	0.00253	0.00817	0.00745	0.00639	0.07243
18	0.02816	0.03148	0.02206	0.01960	0.02389	0.43961	0.01497	0.15454	0.02543	0.02699	0.01734	0.06437	0.01525	0.01442	0.06214	0.00321	0.01366	0.00733	0.00537	0.01019

[dist]
# distance from previous block
# <min> <max>
0	2

[block]
# block no. 6 follows, 22 sequences, length 44
# corresponding to MSA columns:
# 171-214
name=unknown_G
#
# <colnr> <probs for GDERKNQSTAVLIFYWHMCP>
#	G	D	E	R	K	N	Q	S	T	A	V	L	I	F	Y	W	H	M	C	P
0	0.01921	0.04086	0.51450	0.02418	0.03487	0.12519	0.07374	0.02744	0.01867	0.02537	0.01472	0.01750	0.01071	0.00793	0.00797	0.00256	0.01285	0.00629	0.00369	0.01177
1	0.01176	0.00849	0.01110	0.01045	0.01241	0.00784	0.00784	0.01568	0.02352	0.03331	0.65184	0.06206	0.07839	0.01698	0.00980	0.00261	0.00392	0.01502	0.00914	0.00784
2	0.02750	0.13431	0.02893	0.02647	0.16223	0.35372	0.01780	0.10559	0.02350	0.02575	0.01415	0.01657	0.01166	0.00827	0.00743	0.00220	0.01221	0.00593	0.00464	0.01112
3	0.02799	0.02826	0.02452	0.02395	0.11034	0.27870	0.01675	0.21254	0.13407	0.03334	0.01896	0.01999	0.01459	0.00929	0.00800	0.00241	0.01109	0.00696	0.00619	0.01206
4	0.01795	0.02306	0.19428	0.01776	0.02396	0.01806	0.01705	0.03418	0.36648	0.03128	0.08590	0.08137	0.02839	0.01199	0.00859	0.00279	0.00776	0.01010	0.00711	0.01194
5	0.01012	0.00723	0.00964	0.01157	0.01205	0.00675	0.00771	0.01157	0.01591	0.02121	0.04579	0.70262	0.05495	0.02603	0.01060	0.00337	0.00482	0.02362	0.00771	0.00675
6	0.30975	0.14438	0.13047	0.01588	0.02297	0.02319	0.01540	0.19018	0.02201	0.03647	0.01442	0.01591	0.01095	0.00826	0.00650	0.00242	0.00858	0.00558	0.00546	0.01124
7	0.00982	0.00842	0.00842	0.00842	0.01122	0.00701	0.00631	0.01192	0.01894	0.02244	0.08416	0.07995	0.65285	0.02104	0.00982	0.00281	0.00421	0.01753	0.00771	0.00701
8	0.01534	0.01164	0.01577	0.01467	0.01692	0.01355	0.01161	0.11411	0.01747	0.02465	0.02136	0.02993	0.01925	0.05168	0.53793	0.01116	0.05076	0.00860	0.00504	0.00858
9	0.06081	0.01135	0.01475	0.01238	0.01645	0.01030	0.00982	0.02700	0.02316	0.30941	0.34805	0.04480	0.04953	0.01358	0.00893	0.00259	0.00543	0.01157	0.00944	0.01066
10	0.00982	0.00842	0.00842	0.00842	0.01122	0.00701	0.00631	0.01192	0.01894	0.02244	0.08416	0.07995	0.65285	0.02104	0.00982	0.00281	0.00421	0.01753	0.00771	0.00701
11	0.01051	0.00747	0.00988	0.01168	0.01223	0.00705	0.00796	0.01203	0.01588	0.02113	0.04427	0.61067	0.05266	0.07368	0.01289	0.00374	0.00526	0.06679	0.00752	0.00670
12	0.03158	0.02327	0.02493	0.01911	0.02576	0.02576	0.01579	0.62852	0.03906	0.05236	0.01995	0.01995	0.01413	0.00997	0.00831	0.00249	0.00914	0.00748	0.00831	0.01413
13	0.03103	0.03959	0.02354	0.02140	0.02568	0.67469	0.01605	0.03317	0.02354	0.02033	0.01284	0.01498	0.01070	0.00856	0.00749	0.00214	0.01498	0.00535	0.00428	0.00963
14	0.01044	0.00817	0.00945	0.00970	0.01175	0.00719	0.00706	0.01291	0.01955	0.02525	0.23644	0.21544	0.35500	0.02102	0.00999	0.00288	0.00426	0.01819	0.00812	0.00719
15	0.02590	0.02045	0.02173	0.01797	0.02360	0.02311	0.01442	0.32456	0.35227	0.04320	0.02716	0.02569	0.01997	0.01065	0.00838	0.00266	0.00781	0.00847	0.00838	0.01362
16	0.01133	0.00847	0.01051	0.01000	0.01215	0.00766	0.00750	0.01484	0.02250	0.03090	0.52604	0.06602	0.20569	0.01788	0.00980	0.00266	0.00398	0.01558	0.00883	0.00766
17	0.01925	0.01502	0.01796	0.01452	0.01964	0.01482	0.01165	0.18381	0.02180	0.03121	0.01879	0.02336	0.01576	0.02684	0.24088	0.00582	0.01260	0.00701	0.00568	0.29358
18	0.01091	0.00800	0.01029	0.01111	0.01250	0.00738	0.00805	0.01346	0.01911	0.02573	0.25346	0.35822	0.13768	0.02211	0.01031	0.00309	0.00468	0.06850	0.00819	0.00722
19	0.76672	0.01607	0.01221	0.01092	0.01607	0.01864	0.00900	0.02442	0.01414	0.03727	0.01157	0.01350	0.00900	0.00771	0.00514	0.00257	0.00643	0.00450	0.00514	0.00900
20	0.02625	0.11459	0.20199	0.02037	0.02801	0.19202	0.01975	0.23877	0.02654	0.03309	0.01574	0.01722	0.01185	0.00870	0.00763	0.00236	0.01147	0.00620	0.00539	0.01205
21	0.01206	0.00813	0.00945	0.00945	0.00959	0.00827	0.00552	0.01233	0.01220	0.01640	0.02582	0.05238	0.02934	0.64917	0.09998	0.00854	0.00935	0.01179	0.00498	0.00525
22	0.01669	0.01407	0.01926	0.02348	0.19071	0.01512	0.01385	0.02498	0.18506	0.02479	0.02462	0.03466	0.02244	0.20517	0.14318	0.00610	0.01083	0.00947	0.00560	0.00991
23	0.01208	0.00805	0.00906	0.00906	0.00906	0.00805	0.00503	0.01208	0.01208	0.01611	0.02618	0.05436	0.03020	0.70804	0.04228	0.00805	0.00805	0.01208	0.00503	0.00503
24	0.01723	0.01477	0.01723	0.01230	0.01969	0.01107	0.00984	0.02092	0.01723	0.02707	0.01477	0.01723	0.01230	0.00615	0.00615	0.00123	0.00615	0.00492	0.00492	0.75883
25	0.01949	0.03249	0.35327	0.02166	0.05558	0.07873	0.02260	0.08173	0.12544	0.02916	0.02482	0.02572	0.07318	0.00991	0.00818	0.00261	0.01043	0.00785	0.00525	0.01189
26	0.01334	0.00960	0.01256	0.01347	0.01524	0.00951	0.01064	0.06157	0.02020	0.02701	0.14089	0.30091	0.05273	0.02210	0.01065	0.00337	0.00615	0.25424	0.00796	0.00785
27	0.02056	0.01974	0.03372	0.05099	0.65622	0.01974	0.02550	0.02550	0.01892	0.02714	0.01563	0.02056	0.01316	0.00740	0.00822	0.00247	0.00987	0.00740	0.00411	0.01316
28	0.02346	0.02674	0.02164	0.18275	0.03135	0.33479	0.01636	0.03029	0.13309	0.02335	0.02361	0.02556	0.07199	0.01013	0.00808	0.00248	0.01152	0.00769	0.00520	0.00993
29	0.03317	0.01326	0.01816	0.01435	0.02001	0.01174	0.01174	0.03641	0.02281	0.55924	0.07528	0.03104	0.02464	0.01550	0.06925	0.00356	0.00823	0.00887	0.00967	0.01308
30	0.01723	0.01477	0.01723	0.01230	0.01969	0.01107	0.00984	0.02092	0.01723	0.02707	0.01477	0.01723	0.01230	0.00615	0.00615	0.00123	0.00615	0.00492	0.00492	0.75883
31	0.01187	0.00890	0.01335	0.01335	0.01483	0.01038	0.01038	0.01483	0.01335	0.01928	0.02225	0.03264	0.02077	0.06231	0.67512	0.01335	0.02225	0.00890	0.00445	0.00742
32	0.01845	0.03047	0.29062	0.03057	0.04049	0.02034	0.39254	0.02649	0.01880	0.02649	0.01606	0.02050	0.01179	0.00735	0.00905	0.00273	0.01333	0.00837	0.00393	0.01163
33	0.01006	0.00799	0.00905	0.00970	0.01160	0.00697	0.00693	0.01206	0.01816	0.02276	0.11011	0.30425	0.39594	0.02256	0.01010	0.00300	0.00441	0.01956	0.00781	0.00697
34	0.01723	0.01477	0.01723	0.01230	0.01969	0.01107	0.00984	0.02092	0.01723	0.02707	0.01477	0.01723	0.01230	0.00615	0.00615	0.00123	0.00615	0.00492	0.00492	0.75883
35	0.01199	0.00843	0.01098	0.01098	0.01164	0.00909	0.00742	0.01331	0.01265	0.01753	0.02442	0.04466	0.02599	0.41979	0.32478	0.01042	0.01439	0.01066	0.00477	0.00610
36	0.01012	0.00723	0.00964	0.01157	0.01205	0.00675	0.00771	0.01157	0.01591	0.02121	0.04579	0.70262	0.05495	0.02603	0.01060	0.00337	0.00482	0.02362	0.00771	0.00675
37	0.01169	0.00845	0.01082	0.01025	0.01210	0.00782	0.00755	0.01522	0.02242	0.03148	0.57688	0.06233	0.10228	0.06988	0.01228	0.00304	0.00425	0.01492	0.00876	0.00758
38	0.76672	0.01607	0.01221	0.01092	0.01607	0.01864	0.00900	0.02442	0.01414	0.03727	0.01157	0.01350	0.00900	0.00771	0.00514	0.00257	0.00643	0.00450	0.00514	0.00900
39	0.01470	0.01296	0.01836	0.01674	0.01742	0.01689	0.01337	0.01689	0.01295	0.01931	0.01754	0.02816	0.01723	0.09986	0.32822	0.00853	0.32030	0.00846	0.00414	0.00795
40	0.01187	0.00890	0.01335	0.01335	0.01483	0.01038	0.01038	0.01483	0.01335	0.01928	0.02225	0.03264	0.02077	0.06231	0.67512	0.01335	0.02225	0.00890	0.00445	0.00742
41	0.02488	0.51241	0.03783	0.01602	0.02262	0.13362	0.01472	0.10837	0.02096	0.02414	0.01290	0.01449	0.01114	0.00773	0.00608	0.00193	0.00989	0.00500	0.00432	0.01097
42	0.03136	0.02978	0.02438	0.02003	0.02573	0.28456	0.01589	0.39110	0.03287	0.03958	0.01711	0.01797	0.01276	0.00941	0.00798	0.00235	0.01147	0.00663	0.00670	0.01233
43	0.01784	0.01696	0.02880	0.40701	0.32149	0.01902	0.02414	0.02311	0.01763	0.02384	0.01515	0.02145	0.01199	0.00791	0.00827	0.00264	0.01054	0.00739	0.00388	0.01096

[dist]
# distance from previous block
# <min> <max>
0	1

[block]
# block no. 7 follows, 22 sequences, length 6
# corresponding to MSA columns:
# 216-221
name=unknown_H
#
# <colnr> <probs for GDERKNQSTAVLIFYWHMCP>
#	G	D	E	R	K	N	Q	S	T	A	V	L	I	F	Y	W	H	M	C	P
0	0.02529	0.02411	0.02163	0.06628	0.02547	0.21052	0.01506	0.22351	0.10938	0.03253	0.01979	0.02242	0.01561	0.01898	0.12740	0.00440	0.01298	0.00737	0.00614	0.01114
1	0.76672	0.01607	0.01221	0.01092	0.01607	0.01864	0.00900	0.02442	0.01414	0.03727	0.01157	0.01350	0.00900	0.00771	0.00514	0.00257	0.00643	0.00450	0.00514	0.00900
2	0.01355	0.00999	0.01206	0.01146	0.01323	0.01048	0.00826	0.07635	0.01668	0.02222	0.03588	0.04842	0.15105	0.27241	0.25286	0.00827	0.01234	0.01160	0.00571	0.00720
3	0.08466	0.01753	0.02822	0.13611	0.44643	0.01823	0.02188	0.02377	0.01863	0.02781	0.08051	0.02443	0.01919	0.00855	0.00813	0.00254	0.00913	0.00793	0.00466	0.01167
4	0.02766	0.03717	0.13858	0.02161	0.02727	0.45054	0.01879	0.08953	0.02327	0.02452	0.01378	0.01614	0.01102	0.00898	0.00896	0.00236	0.05898	0.00583	0.00450	0.01051
5	0.02253	0.02037	0.03215	0.04529	0.54341	0.02082	0.02376	0.13339	0.02252	0.03165	0.01640	0.02045	0.01333	0.00786	0.00824	0.00247	0.00974	0.00742	0.00486	0.01333

[dist]
# distance from previous block
# <min> <max>
0	1

[block]
# block no. 8 follows, 22 sequences, length 58
# corresponding to MSA columns:
# 223-280
name=unknown_I
#
# <colnr> <probs for GDERKNQSTAVLIFYWHMCP>
#	G	D	E	R	K	N	Q	S	T	A	V	L	I	F	Y	W	H	M	C	P
0	0.02441	0.17506	0.02995	0.02382	0.13388	0.06565	0.04237	0.14510	0.15524	0.06320	0.01995	0.02107	0.01548	0.00917	0.00851	0.00244	0.03914	0.00720	0.00602	0.01235
1	0.01107	0.00822	0.00877	0.00877	0.01003	0.00759	0.00560	0.01201	0.01514	0.01894	0.05207	0.06579	0.30824	0.40127	0.02779	0.00571	0.00634	0.01452	0.00623	0.00592
2	0.06112	0.02228	0.02352	0.01823	0.02469	0.05006	0.01499	0.49152	0.03514	0.14271	0.02127	0.02075	0.01476	0.00987	0.00816	0.00249	0.00896	0.00741	0.00832	0.01374
3	0.01241	0.00970	0.01440	0.01408	0.01544	0.01169	0.01106	0.01528	0.01330	0.01935	0.02127	0.03138	0.01991	0.05817	0.61904	0.01251	0.08031	0.00876	0.00438	0.00756
4	0.01018	0.00740	0.00961	0.01124	0.01200	0.00683	0.00760	0.01181	0.01655	0.02193	0.07975	0.61633	0.10789	0.02514	0.01049	0.00329	0.00472	0.02266	0.00778	0.00683
5	0.01549	0.00774	0.00774	0.00774	0.00968	0.00774	0.00581	0.01936	0.01742	0.03097	0.02710	0.03097	0.02129	0.00968	0.00581	0.00194	0.00387	0.00774	0.75416	0.00774
6	0.01988	0.01634	0.01865	0.01356	0.02081	0.01379	0.01094	0.13310	0.02126	0.03174	0.01572	0.01773	0.01264	0.00686	0.00655	0.00146	0.00670	0.00539	0.00555	0.62134
7	0.01012	0.00723	0.00964	0.01157	0.01205	0.00675	0.00771	0.01157	0.01591	0.02121	0.04579	0.70262	0.05495	0.02603	0.01060	0.00337	0.00482	0.02362	0.00771	0.00675
8	0.01723	0.01477	0.01723	0.01230	0.01969	0.01107	0.00984	0.02092	0.01723	0.02707	0.01477	0.01723	0.01230	0.00615	0.00615	0.00123	0.00615	0.00492	0.00492	0.75883
9	0.01951	0.02185	0.12337	0.02238	0.10329	0.02007	0.01771	0.03486	0.35563	0.03043	0.02485	0.02526	0.01908	0.01018	0.01001	0.00270	0.07515	0.00808	0.00639	0.06919
10	0.01208	0.00805	0.00906	0.00906	0.00906	0.00805	0.00503	0.01208	0.01208	0.01611	0.02618	0.05436	0.03020	0.70804	0.04228	0.00805	0.00805	0.01208	0.00503	0.00503
11	0.01029	0.00730	0.00959	0.01135	0.01179	0.00686	0.00748	0.01161	0.01558	0.02077	0.04410	0.64670	0.05281	0.08486	0.01334	0.00378	0.00510	0.02262	0.00748	0.00660
12	0.00997	0.00842	0.00862	0.00857	0.01131	0.00708	0.00643	0.01221	0.01928	0.02327	0.12723	0.07859	0.60926	0.02073	0.00982	0.00279	0.00419	0.01734	0.00782	0.00708
13	0.02221	0.71304	0.04353	0.01421	0.02132	0.03287	0.01421	0.02488	0.01688	0.01955	0.01155	0.01333	0.01066	0.00711	0.00533	0.00178	0.00888	0.00444	0.00355	0.01066
14	0.01176	0.00849	0.01110	0.01045	0.01241	0.00784	0.00784	0.01568	0.02352	0.03331	0.65184	0.06206	0.07839	0.01698	0.00980	0.00261	0.00392	0.01502	0.00914	0.00784
15	0.01083	0.00861	0.00982	0.00997	0.01244	0.00761	0.00778	0.01362	0.02001	0.02531	0.20774	0.07803	0.42570	0.02041	0.01008	0.00292	0.00469	0.10910	0.00803	0.00730
16	0.01615	0.01540	0.02501	0.56507	0.05068	0.01975	0.02217	0.02100	0.01589	0.02100	0.01405	0.02141	0.01104	0.00946	0.01181	0.00293	0.13694	0.00736	0.00368	0.00920
17	0.02066	0.01785	0.01878	0.01691	0.02160	0.02066	0.01315	0.04414	0.64121	0.03475	0.03381	0.03099	0.02536	0.01127	0.00845	0.00282	0.00657	0.00939	0.00845	0.01315
18	0.02268	0.01885	0.01992	0.01731	0.02237	0.02160	0.01364	0.15203	0.53004	0.03800	0.03125	0.02895	0.02329	0.01103	0.00843	0.00276	0.00705	0.00904	0.00843	0.01333
19	0.02220	0.02168	0.03296	0.06988	0.46969	0.07236	0.07322	0.08515	0.02122	0.02879	0.01589	0.02027	0.01293	0.00775	0.00831	0.00248	0.01059	0.00744	0.00453	0.01265
20	0.01490	0.07079	0.01450	0.01149	0.01308	0.01238	0.00815	0.07433	0.01570	0.02090	0.02458	0.04599	0.02633	0.44218	0.13426	0.00759	0.01046	0.04021	0.00527	0.00692
21	0.76672	0.01607	0.01221	0.01092	0.01607	0.01864	0.00900	0.02442	0.01414	0.03727	0.01157	0.01350	0.00900	0.00771	0.00514	0.00257	0.00643	0.00450	0.00514	0.00900
22	0.01099	0.00785	0.01064	0.01256	0.01343	0.00750	0.00922	0.01307	0.01676	0.02218	0.04531	0.54034	0.05304	0.02521	0.01084	0.00349	0.00557	0.17731	0.00770	0.00699
23	0.01877	0.01769	0.02983	0.16830	0.47906	0.01833	0.02330	0.02372	0.01893	0.02662	0.07784	0.02493	0.01916	0.00851	0.00839	0.00254	0.00952	0.00815	0.00453	0.01189
