[name]
unknown

[dist]
# distance from previous block
# <min> <max>
0	0

[block]
# block no. 0 follows, 22 sequences, length 11
# corresponding to MSA columns:
# 0-10
name=unknown_A
#
# <colnr> <probs for GDERKNQSTAVLIFYWHMCP>
#	G	D	E	R	K	N	Q	S	T	A	V	L	I	F	Y	W	H	M	C	P
0	0.01339	0.00956	0.01339	0.01530	0.01721	0.00956	0.01339	0.01721	0.01912	0.02486	0.04399	0.09371	0.04781	0.02295	0.01147	0.00382	0.00765	0.60031	0.00765	0.00765
1	0.02147	0.02212	0.03006	0.09192	0.46320	0.13186	0.02277	0.02585	0.01920	0.02504	0.01548	0.02045	0.01304	0.01101	0.04867	0.00310	0.01159	0.00714	0.00413	0.01190
2	0.01170	0.00920	0.01194	0.01163	0.01335	0.00899	0.03577	0.01442	0.04278	0.02081	0.04621	0.19620	0.21019	0.20112	0.12231	0.00591	0.00869	0.01541	0.00640	0.00698
3	0.07405	0.01125	0.01199	0.01098	0.01352	0.01200	0.00822	0.12534	0.01960	0.03097	0.02513	0.07109	0.02256	0.13752	0.07577	0.00431	0.00751	0.00924	0.32055	0.00841
4	0.01043	0.00759	0.00932	0.01054	0.01135	0.00704	0.00697	0.01173	0.01573	0.02048	0.04892	0.47174	0.15609	0.15218	0.01637	0.00414	0.00531	0.02039	0.00721	0.00648
5	0.02326	0.02642	0.02925	0.02820	0.13797	0.26898	0.14560	0.02862	0.06712	0.02381	0.01675	0.02090	0.01381	0.01465	0.08558	0.00374	0.04281	0.00744	0.00454	0.01057
6	0.01040	0.00816	0.00941	0.00968	0.01173	0.00717	0.00704	0.01282	0.01943	0.02500	0.22400	0.22036	0.36295	0.02114	0.01000	0.00289	0.00427	0.01829	0.00809	0.00717
7	0.02139	0.02219	0.02981	0.11640	0.44822	0.13488	0.02271	0.02577	0.01947	0.02506	0.01804	0.02236	0.04055	0.00831	0.00817	0.00246	0.01066	0.00748	0.00425	0.01182
8	0.17325	0.01272	0.01354	0.03277	0.01649	0.01358	0.00938	0.06741	0.07765	0.10870	0.02712	0.03307	0.05542	0.13972	0.05234	0.00412	0.00751	0.00868	0.13726	0.00927
9	0.01148	0.00833	0.01023	0.00992	0.01152	0.00772	0.00702	0.01420	0.02012	0.02760	0.41246	0.09101	0.14875	0.16402	0.01670	0.00382	0.00487	0.01513	0.00801	0.00708
10	0.01024	0.00749	0.00964	0.01109	0.01199	0.00688	0.00756	0.01200	0.01699	0.02251	0.10829	0.56828	0.12732	0.02458	0.01043	0.00323	0.00466	0.02208	0.00785	0.00688

[dist]
# distance from previous block
# <min> <max>
1	3

[block]
# block no. 1 follows, 22 sequences, length 35
# corresponding to MSA columns:
# 14-48
name=unknown_B
#
# <colnr> <probs for GDERKNQSTAVLIFYWHMCP>
#	G	D	E	R	K	N	Q	S	T	A	V	L	I	F	Y	W	H	M	C	P
0	0.01071	0.00777	0.00935	0.01021	0.01110	0.00723	0.00672	0.01206	0.01595	0.02088	0.08953	0.36336	0.16250	0.21132	0.01908	0.00450	0.00553	0.01872	0.00708	0.00640
1	0.01395	0.00793	0.00881	0.00891	0.01024	0.00808	0.00624	0.01663	0.01554	0.02543	0.02724	0.07034	0.02512	0.19062	0.09262	0.00485	0.00709	0.00975	0.44362	0.00698
2	0.01257	0.01025	0.01114	0.01062	0.01338	0.00995	0.00793	0.01914	0.14104	0.02705	0.20909	0.06419	0.34548	0.06706	0.01186	0.00313	0.00487	0.01494	0.00802	0.00827
3	0.02178	0.02224	0.01989	0.04661	0.02190	0.22602	0.01382	0.07110	0.01930	0.02406	0.01659	0.02271	0.01464	0.06515	0.08349	0.00398	0.14506	0.00702	0.07677	0.07790
4	0.01045	0.00754	0.01034	0.01190	0.01257	0.00743	0.00822	0.01218	0.01542	0.02084	0.04135	0.57632	0.04850	0.03287	0.13588	0.00525	0.00811	0.02084	0.00710	0.00687
5	0.01302	0.00833	0.01074	0.01091	0.01225	0.00778	0.00755	0.01520	0.01844	0.07017	0.25796	0.29878	0.05606	0.15480	0.01634	0.00396	0.00529	0.01720	0.00788	0.00733
6	0.01475	0.01169	0.01482	0.01367	0.01453	0.01376	0.01009	0.01702	0.04461	0.04204	0.02977	0.09453	0.09052	0.29284	0.05870	0.00565	0.20643	0.01175	0.00544	0.00738
7	0.01608	0.01338	0.01530	0.07056	0.02015	0.01487	0.01124	0.02873	0.32777	0.02742	0.03818	0.16888	0.08817	0.10526	0.01338	0.00360	0.00659	0.01310	0.00740	0.00995
8	0.02394	0.02826	0.02082	0.01880	0.02195	0.38532	0.01448	0.02713	0.05136	0.02178	0.04757	0.02843	0.11629	0.01215	0.01185	0.00259	0.14477	0.00821	0.00508	0.00922
9	0.01159	0.00848	0.01093	0.01067	0.01261	0.00782	0.00807	0.01519	0.02233	0.03100	0.52091	0.10476	0.12759	0.01832	0.00996	0.00276	0.00426	0.05625	0.00882	0.00768
10	0.01998	0.09010	0.10751	0.01691	0.02291	0.01479	0.10701	0.02448	0.02060	0.16714	0.15573	0.04103	0.15161	0.01253	0.00877	0.00258	0.00784	0.01096	0.00703	0.01047
11	0.02592	0.02015	0.02234	0.01811	0.02290	0.02310	0.01460	0.37885	0.15070	0.04139	0.02205	0.02503	0.01738	0.07491	0.01392	0.00322	0.09731	0.00825	0.00743	0.01245
12	0.01996	0.02163	0.09124	0.07973	0.56990	0.01963	0.02585	0.02536	0.01868	0.02677	0.01552	0.02036	0.01281	0.00749	0.00820	0.00250	0.01015	0.00729	0.00404	0.01289
13	0.02679	0.03131	0.02283	0.04908	0.02533	0.43548	0.01589	0.08364	0.02266	0.02343	0.01890	0.02135	0.06165	0.01057	0.01079	0.00248	0.11641	0.00689	0.00480	0.00974
14	0.01734	0.01496	0.01411	0.01290	0.01563	0.13832	0.00975	0.02086	0.02354	0.07555	0.48302	0.05046	0.06106	0.01486	0.00924	0.00252	0.00630	0.01266	0.00828	0.00864
15	0.01556	0.01151	0.01340	0.01210	0.01503	0.01085	0.00869	0.10373	0.01877	0.02635	0.02957	0.26802	0.03204	0.17334	0.01623	0.00375	0.00645	0.01363	0.03921	0.18177
16	0.02549	0.02645	0.02057	0.01913	0.04771	0.30669	0.01413	0.08740	0.16878	0.05908	0.02977	0.02942	0.10747	0.01116	0.00820	0.00246	0.01033	0.00848	0.00641	0.01086
17	0.02117	0.16368	0.11107	0.09536	0.32549	0.09719	0.02256	0.02596	0.01866	0.02419	0.01432	0.01824	0.01186	0.00762	0.00753	0.00234	0.01066	0.00642	0.00391	0.01178
18	0.02243	0.07322	0.15403	0.02318	0.06014	0.06063	0.13692	0.19410	0.02405	0.03275	0.01785	0.02100	0.01367	0.01228	0.05555	0.00324	0.01159	0.00745	0.06427	0.01166
19	0.02296	0.01861	0.02313	0.08765	0.14890	0.02009	0.01646	0.28296	0.09421	0.03737	0.03119	0.03184	0.12525	0.01136	0.00857	0.00260	0.00834	0.00940	0.00696	0.01213
20	0.13502	0.02154	0.03150	0.05948	0.20620	0.10313	0.19605	0.02562	0.01889	0.02748	0.05336	0.02179	0.01582	0.00841	0.00905	0.00261	0.04079	0.00785	0.00458	0.01083
21	0.01181	0.00832	0.01002	0.00994	0.01095	0.00832	0.00665	0.01334	0.01499	0.02043	0.11488	0.05384	0.12235	0.36829	0.15560	0.00740	0.00958	0.01245	0.03458	0.00625
22	0.06756	0.01002	0.01158	0.01068	0.01361	0.00951	0.00818	0.01899	0.05914	0.08033	0.36991	0.05878	0.21753	0.01652	0.00928	0.00267	0.00458	0.01407	0.00853	0.00852
23	0.01432	0.01326	0.02072	0.44624	0.08526	0.01522	0.01836	0.01881	0.01745	0.02199	0.03502	0.03886	0.19798	0.01195	0.00874	0.00276	0.00899	0.01034	0.00489	0.00886
24	0.02089	0.07006	0.06257	0.09308	0.49319	0.02097	0.02408	0.06687	0.01993	0.02786	0.01554	0.01998	0.01277	0.00765	0.00801	0.00245	0.00995	0.00714	0.00430	0.01271
25	0.08784	0.01947	0.02213	0.11642	0.22136	0.14408	0.01686	0.02278	0.01815	0.02404	0.02349	0.08388	0.06737	0.06058	0.03418	0.00333	0.01016	0.00927	0.00484	0.00977
26	0.01777	0.14895	0.02094	0.01437	0.01792	0.01727	0.01198	0.13266	0.01963	0.02662	0.02289	0.07128	0.02151	0.03429	0.30125	0.00725	0.01425	0.04950	0.04037	0.00931
27	0.01951	0.06824	0.03049	0.03751	0.39291	0.04828	0.04249	0.02358	0.01745	0.02429	0.01573	0.02144	0.01376	0.01656	0.11151	0.00420	0.08913	0.00740	0.00408	0.01143
28	0.02114	0.15248	0.03362	0.07595	0.17621	0.10747	0.11561	0.02513	0.01809	0.02332	0.01390	0.01829	0.01175	0.00839	0.01031	0.00243	0.10534	0.00675	0.00401	0.06981
29	0.01690	0.01211	0.01358	0.01276	0.01541	0.01276	0.00948	0.14548	0.09338	0.03038	0.03616	0.24658	0.07741	0.08194	0.03616	0.00365	0.00666	0.01404	0.12609	0.00908
30	0.02052	0.02054	0.03097	0.17969	0.47477	0.07960	0.02413	0.02532	0.01887	0.02530	0.01519	0.02038	0.01250	0.00769	0.00817	0.00250	0.01059	0.00721	0.00404	0.01202
31	0.46381	0.01540	0.01625	0.20283	0.02783	0.01803	0.01317	0.04825	0.01663	0.03306	0.06326	0.02004	0.01527	0.00871	0.00654	0.00263	0.00766	0.00627	0.00518	0.00919
32	0.01787	0.01288	0.01942	0.02412	0.22277	0.01225	0.01409	0.02196	0.02189	0.11274	0.34355	0.04483	0.07081	0.01315	0.00910	0.00257	0.00627	0.01177	0.00760	0.01036
33	0.02043	0.12558	0.02407	0.08991	0.02501	0.04050	0.06137	0.13514	0.12325	0.03075	0.02692	0.06820	0.06256	0.01097	0.00783	0.00247	0.00808	0.00913	0.11722	0.01063
34	0.01500	0.01187	0.01633	0.02004	0.13955	0.01181	0.01217	0.09459	0.01998	0.02700	0.06495	0.42227	0.07184	0.01967	0.00977	0.00302	0.00630	0.01768	0.00715	0.00902

[dist]
# distance from previous block
# <min> <max>
1	8

[block]
# block no. 2 follows, 22 sequences, length 11
# corresponding to MSA columns:
# 57-67
name=unknown_C
#
# <colnr> <probs for GDERKNQSTAVLIFYWHMCP>
#	G	D	E	R	K	N	Q	S	T	A	V	L	I	F	Y	W	H	M	C	P
0	0.01560	0.01080	0.01248	0.01179	0.01344	0.01131	0.00820	0.12890	0.01853	0.02554	0.02882	0.18005	0.03072	0.31300	0.08743	0.00603	0.00861	0.01297	0.06822	0.00756
1	0.01259	0.00949	0.01200	0.01185	0.01206	0.01061	0.00800	0.01339	0.01308	0.01801	0.02766	0.18320	0.03174	0.41116	0.08021	0.00679	0.11310	0.01353	0.00534	0.00619
2	0.01694	0.01322	0.01416	0.01205	0.01620	0.01290	0.00951	0.19467	0.02528	0.03280	0.12525	0.05613	0.35743	0.01634	0.00913	0.00259	0.00576	0.01346	0.00787	0.05831
3	0.01822	0.01848	0.01657	0.01523	0.01846	0.15183	0.01166	0.02547	0.16916	0.02481	0.04095	0.11520	0.19411	0.01513	0.01084	0.00274	0.08375	0.01191	0.00658	0.04889
4	0.01737	0.01530	0.02255	0.01699	0.02296	0.01376	0.13382	0.02252	0.04586	0.02710	0.01802	0.02176	0.01464	0.01054	0.04419	0.00250	0.04469	0.00685	0.11275	0.38582
5	0.01724	0.01589	0.01911	0.08003	0.12498	0.10023	0.01458	0.02049	0.01675	0.02305	0.02138	0.09999	0.02011	0.02359	0.16455	0.00512	0.08965	0.00932	0.12497	0.00898
6	0.02659	0.06706	0.02523	0.05739	0.08890	0.39166	0.01698	0.07424	0.05001	0.02396	0.01492	0.01792	0.01235	0.01144	0.03949	0.00285	0.05775	0.00624	0.00465	0.01037
7	0.02477	0.02725	0.02351	0.02770	0.21433	0.34337	0.01690	0.02810	0.02092	0.02451	0.01651	0.01985	0.01355	0.00843	0.00738	0.00220	0.01123	0.00645	0.15273	0.01033
8	0.09895	0.01204	0.01599	0.12000	0.11970	0.01228	0.01256	0.01782	0.01917	0.02738	0.19587	0.04982	0.23855	0.01444	0.00880	0.00267	0.00632	0.01229	0.00660	0.00874
9	0.02017	0.04064	0.01638	0.04912	0.01919	0.04258	0.01075	0.05530	0.07064	0.16138	0.15837	0.04604	0.19939	0.01391	0.00872	0.00253	0.00636	0.01154	0.00789	0.05909
10	0.02790	0.08239	0.02652	0.08361	0.09990	0.39051	0.01758	0.12545	0.02437	0.02623	0.01437	0.01693	0.01156	0.00852	0.00762	0.00226	0.01267	0.00604	0.00480	0.01079

[dist]
# distance from previous block
# <min> <max>
0	2

[block]
# block no. 3 follows, 22 sequences, length 6
# corresponding to MSA columns:
# 70-75
name=unknown_D
#
# <colnr> <probs for GDERKNQSTAVLIFYWHMCP>
#	G	D	E	R	K	N	Q	S	T	A	V	L	I	F	Y	W	H	M	C	P
0	0.01798	0.01533	0.02481	0.03557	0.41313	0.01549	0.01861	0.02172	0.01718	0.02539	0.01859	0.02575	0.01629	0.05794	0.08417	0.05021	0.01007	0.00789	0.11321	0.01066
1	0.14057	0.01365	0.01425	0.01336	0.01553	0.06190	0.01012	0.01993	0.06023	0.02581	0.14061	0.07503	0.03173	0.12858	0.13782	0.00554	0.08103	0.01028	0.00592	0.00810
2	0.01729	0.01086	0.01468	0.01351	0.01596	0.01161	0.01050	0.02126	0.05404	0.13964	0.11050	0.08106	0.06122	0.06818	0.27203	0.00721	0.06375	0.01103	0.00670	0.00898
3	0.01610	0.01350	0.01886	0.02412	0.21489	0.01334	0.01398	0.09612	0.02057	0.02740	0.04213	0.25280	0.17877	0.01694	0.00938	0.00284	0.00681	0.01501	0.00667	0.00977
4	0.06192	0.02600	0.10566	0.16044	0.12165	0.22204	0.01888	0.02499	0.01945	0.02353	0.02473	0.02743	0.10910	0.01011	0.00804	0.00251	0.01097	0.00798	0.00461	0.00997
5	0.02361	0.02401	0.02681	0.15265	0.25257	0.19424	0.02003	0.11371	0.02229	0.02732	0.01592	0.02108	0.01317	0.04567	0.00988	0.00274	0.01125	0.00711	0.00474	0.01121

[dist]
# distance from previous block
# <min> <max>
0	16

[block]
# block no. 4 follows, 22 sequences, length 12
# corresponding to MSA columns:
# 92-103
name=unknown_E
#
# <colnr> <probs for GDERKNQSTAVLIFYWHMCP>
#	G	D	E	R	K	N	Q	S	T	A	V	L	I	F	Y	W	H	M	C	P
0	0.02229	0.02396	0.02152	0.02395	0.15968	0.26062	0.01533	0.08162	0.02217	0.02531	0.03212	0.03370	0.16833	0.01524	0.05506	0.00319	0.01120	0.00921	0.00547	0.01004
1	0.01271	0.01001	0.01481	0.01936	0.13108	0.00969	0.01196	0.01539	0.01755	0.02378	0.08255	0.42736	0.04770	0.02144	0.01026	0.00323	0.00617	0.11965	0.00714	0.00816
2	0.08510	0.01934	0.02255	0.13679	0.18053	0.09520	0.01702	0.10476	0.08573	0.03086	0.01902	0.02217	0.01481	0.00880	0.00755	0.00245	0.00902	0.00718	0.12009	0.01103
3	0.10832	0.06842	0.02621	0.02601	0.15637	0.17993	0.08791	0.02534	0.01950	0.02552	0.02122	0.03587	0.02026	0.01144	0.00847	0.00272	0.01061	0.15073	0.00511	0.01007
4	0.02163	0.02920	0.14183	0.26281	0.03860	0.25564	0.02148	0.02634	0.01891	0.02172	0.01373	0.01834	0.01082	0.00891	0.00974	0.00260	0.07749	0.00641	0.00386	0.00992
5	0.05513	0.07848	0.08413	0.01879	0.02453	0.32071	0.01592	0.07444	0.06655	0.13059	0.04034	0.02034	0.01586	0.00923	0.00764	0.00234	0.01131	0.00659	0.00591	0.01117
6	0.08605	0.09989	0.02495	0.02559	0.20010	0.20946	0.01612	0.05351	0.02058	0.02551	0.02679	0.02840	0.12915	0.01035	0.00772	0.00237	0.00988	0.00809	0.00505	0.01042
7	0.01868	0.01224	0.01425	0.05901	0.01794	0.01340	0.01036	0.16661	0.02180	0.03313	0.02352	0.02801	0.01873	0.02030	0.14194	0.00444	0.00937	0.00789	0.36904	0.00933
8	0.02307	0.02736	0.09766	0.19164	0.03343	0.25255	0.01857	0.11804	0.02255	0.02627	0.01847	0.09730	0.01641	0.01065	0.00823	0.00256	0.01159	0.00840	0.00505	0.01019
9	0.01627	0.04723	0.02221	0.06971	0.25242	0.01512	0.01598	0.02209	0.07866	0.02774	0.18599	0.10684	0.07945	0.01312	0.00887	0.00264	0.00716	0.01177	0.00637	0.01035
10	0.05833	0.01598	0.02402	0.03373	0.38805	0.01624	0.01798	0.05486	0.01925	0.03018	0.01923	0.02342	0.01554	0.00826	0.00731	0.00231	0.00778	0.00736	0.23888	0.01130
11	0.01654	0.02007	0.14297	0.13377	0.22882	0.01638	0.02059	0.02336	0.07670	0.02533	0.02441	0.18699	0.02365	0.01253	0.00878	0.00280	0.00897	0.01129	0.00522	0.01081

[dist]
# distance from previous block
# <min> <max>
12	22

[block]
# block no. 5 follows, 22 sequences, length 8
# corresponding to MSA columns:
# 126-133
name=unknown_F
#
# <colnr> <probs for GDERKNQSTAVLIFYWHMCP>
#	G	D	E	R	K	N	Q	S	T	A	V	L	I	F	Y	W	H	M	C	P
0	0.50402	0.02467	0.06065	0.01481	0.02020	0.20664	0.01252	0.02706	0.01707	0.03166	0.01216	0.01420	0.00959	0.00797	0.00600	0.00245	0.00928	0.00486	0.00478	0.00941
1	0.03103	0.03959	0.02354	0.02140	0.02568	0.67469	0.01605	0.03317	0.02354	0.02033	0.01284	0.01498	0.01070	0.00856	0.00749	0.00214	0.01498	0.00535	0.00428	0.00963
2	0.01092	0.00846	0.00994	0.00957	0.01190	0.00748	0.00718	0.01405	0.02154	0.02861	0.40640	0.06979	0.32675	0.01874	0.00981	0.00270	0.00404	0.01611	0.00853	0.00748
3	0.01087	0.00790	0.01024	0.01083	0.01216	0.00728	0.00768	0.01352	0.01968	0.02697	0.33271	0.36026	0.10610	0.02145	0.01017	0.00298	0.00436	0.01918	0.00838	0.00728
4	0.02296	0.02044	0.01546	0.01389	0.01730	0.22783	0.01064	0.11479	0.02265	0.03070	0.02138	0.02411	0.01677	0.00936	0.00673	0.00209	0.00828	0.00692	0.39840	0.00931
5	0.02970	0.03559	0.02301	0.02065	0.02515	0.54318	0.01565	0.07599	0.10623	0.02446	0.01611	0.01744	0.01288	0.00902	0.00767	0.00225	0.01346	0.00603	0.00511	0.01041
6	0.02365	0.03077	0.13654	0.03579	0.32582	0.25420	0.02299	0.02838	0.02034	0.02456	0.01451	0.01805	0.01183	0.00790	0.00791	0.00238	0.01211	0.00645	0.00407	0.01175
7	0.01941	0.01853	0.03101	0.04644	0.58724	0.01838	0.02344	0.02404	0.01892	0.02664	0.02296	0.02691	0.08157	0.00886	0.00839	0.00250	0.00926	0.00849	0.00450	0.01250

[dist]
# distance from previous block
# <min> <max>
5	8

[block]
# block no. 6 follows, 22 sequences, length 81
# corresponding to MSA columns:
# 142-222
name=unknown_G
#
# <colnr> <probs for GDERKNQSTAVLIFYWHMCP>
#	G	D	E	R	K	N	Q	S	T	A	V	L	I	F	Y	W	H	M	C	P
0	0.01734	0.01734	0.03197	0.12769	0.17360	0.01775	0.22478	0.02254	0.01918	0.02647	0.13083	0.03110	0.05120	0.01018	0.01049	0.00275	0.05928	0.00998	0.00509	0.01043
1	0.01270	0.01123	0.01878	0.01633	0.01936	0.01038	0.14694	0.01610	0.01882	0.02499	0.15119	0.28518	0.15722	0.01907	0.01020	0.00304	0.00681	0.05644	0.00717	0.00805
2	0.14461	0.03844	0.01152	0.01156	0.01315	0.00995	0.00821	0.01440	0.01563	0.02398	0.03829	0.55163	0.04495	0.02199	0.00941	0.00316	0.00527	0.01943	0.00708	0.00731
3	0.03059	0.07324	0.02454	0.02104	0.02546	0.64263	0.01596	0.03276	0.02321	0.02029	0.01278	0.01490	0.01070	0.00849	0.00738	0.00212	0.01468	0.00531	0.00424	0.00968
4	0.01922	0.01522	0.02407	0.50533	0.08016	0.01791	0.02086	0.02607	0.07503	0.10671	0.01892	0.02368	0.01374	0.00879	0.00832	0.00273	0.01007	0.00770	0.00501	0.01043
5	0.02518	0.02173	0.02337	0.02493	0.16389	0.12990	0.01631	0.08132	0.24174	0.11181	0.02407	0.02408	0.01803	0.00947	0.00810	0.00249	0.00897	0.00776	0.00683	0.05001
6	0.02208	0.02290	0.03134	0.08834	0.50531	0.13485	0.02367	0.02656	0.01958	0.02555	0.01508	0.01969	0.01259	0.00767	0.00810	0.00243	0.01085	0.00704	0.00411	0.01228
7	0.01421	0.00722	0.01076	0.01086	0.01089	0.00719	0.00724	0.01086	0.01108	0.01478	0.01605	0.06023	0.01652	0.02871	0.03134	0.71931	0.00709	0.00806	0.00382	0.00377
8	0.01190	0.00879	0.01279	0.01279	0.01408	0.01008	0.00968	0.01447	0.01318	0.01887	0.02277	0.03549	0.02201	0.14725	0.59188	0.01265	0.02038	0.00932	0.00453	0.00710
9	0.02221	0.71304	0.04353	0.01421	0.02132	0.03287	0.01421	0.02488	0.01688	0.01955	0.01155	0.01333	0.01066	0.00711	0.00533	0.00178	0.00888	0.00444	0.00355	0.01066
10	0.01584	0.01117	0.01269	0.01191	0.01350	0.01159	0.00809	0.14700	0.01898	0.02537	0.02990	0.21520	0.03311	0.37795	0.02661	0.00562	0.00745	0.01407	0.00645	0.00747
11	0.02056	0.01974	0.03372	0.05099	0.65622	0.01974	0.02550	0.02550	0.01892	0.02714	0.01563	0.02056	0.01316	0.00740	0.00822	0.00247	0.00987	0.00740	0.00411	0.01316
12	0.01174	0.00804	0.01007	0.01050	0.01102	0.00826	0.00684	0.01287	0.01343	0.01856	0.02972	0.19309	0.03328	0.38543	0.17235	0.00792	0.01027	0.01377	0.03678	0.00605
13	0.01208	0.00805	0.00906	0.00906	0.00906	0.00805	0.00503	0.01208	0.01208	0.01611	0.02618	0.05436	0.03020	0.70804	0.04228	0.00805	0.00805	0.01208	0.00503	0.00503
14	0.03158	0.02327	0.02493	0.01911	0.02576	0.02576	0.01579	0.62852	0.03906	0.05236	0.01995	0.01995	0.01413	0.00997	0.00831	0.00249	0.00914	0.00748	0.00831	0.01413
15	0.01723	0.01477	0.01723	0.01230	0.01969	0.01107	0.00984	0.02092	0.01723	0.02707	0.01477	0.01723	0.01230	0.00615	0.00615	0.00123	0.00615	0.00492	0.00492	0.75883
16	0.19942	0.01522	0.01811	0.01423	0.02039	0.01462	0.01175	0.07920	0.02273	0.47892	0.02713	0.02438	0.01752	0.00969	0.00764	0.00256	0.00707	0.00743	0.00899	0.01299
17	0.02056	0.01974	0.03372	0.05099	0.65622	0.01974	0.02550	0.02550	0.01892	0.02714	0.01563	0.02056	0.01316	0.00740	0.00822	0.00247	0.00987	0.00740	0.00411	0.01316
18	0.01025	0.00843	0.00902	0.00887	0.01149	0.00720	0.00666	0.01277	0.01997	0.02489	0.21185	0.07592	0.52364	0.02013	0.00981	0.00276	0.00414	0.01697	0.00804	0.00720
19	0.03103	0.03959	0.02354	0.02140	0.02568	0.67469	0.01605	0.03317	0.02354	0.02033	0.01284	0.01498	0.01070	0.00856	0.00749	0.00214	0.01498	0.00535	0.00428	0.00963
20	0.01012	0.00723	0.00964	0.01157	0.01205	0.00675	0.00771	0.01157	0.01591	0.02121	0.04579	0.70262	0.05495	0.02603	0.01060	0.00337	0.00482	0.02362	0.00771	0.00675
21	0.01208	0.00805	0.00906	0.00906	0.00906	0.00805	0.00503	0.01208	0.01208	0.01611	0.02618	0.05436	0.03020	0.70804	0.04228	0.00805	0.00805	0.01208	0.00503	0.00503
22	0.01012	0.00723	0.00964	0.01157	0.01205	0.00675	0.00771	0.01157	0.01591	0.02121	0.04579	0.70262	0.05495	0.02603	0.01060	0.00337	0.00482	0.02362	0.00771	0.00675
23	0.01601	0.01510	0.02550	0.64552	0.09723	0.01854	0.02323	0.02151	0.01677	0.02162	0.01482	0.02204	0.01121	0.00825	0.00830	0.00275	0.01099	0.00738	0.00372	0.00949
24	0.01012	0.00723	0.00964	0.01157	0.01205	0.00675	0.00771	0.01157	0.01591	0.02121	0.04579	0.70262	0.05495	0.02603	0.01060	0.00337	0.00482	0.02362	0.00771	0.00675
25	0.02056	0.01974	0.03372	0.05099	0.65622	0.01974	0.02550	0.02550	0.01892	0.02714	0.01563	0.02056	0.01316	0.00740	0.00822	0.00247	0.00987	0.00740	0.00411	0.01316
26	0.07079	0.03996	0.58873	0.02403	0.06334	0.01927	0.02889	0.02614	0.01736	0.02714	0.01470	0.01739	0.01054	0.00786	0.00771	0.00262	0.01174	0.00608	0.00365	0.01208
27	0.01944	0.01860	0.03170	0.19747	0.51850	0.01944	0.02494	0.02451	0.01839	0.02578	0.01543	0.02093	0.01268	0.00761	0.00824	0.00254	0.01015	0.00740	0.00402	0.01226
28	0.02056	0.01974	0.03372	0.05099	0.65622	0.01974	0.02550	0.02550	0.01892	0.02714	0.01563	0.02056	0.01316	0.00740	0.00822	0.00247	0.00987	0.00740	0.00411	0.01316
29	0.07094	0.08098	0.58100	0.02220	0.03365	0.02006	0.02815	0.02609	0.01726	0.02669	0.01447	0.01700	0.01042	0.00783	0.00754	0.00258	0.01165	0.00592	0.00363	0.01195
30	0.06638	0.01945	0.02170	0.02296	0.13436	0.05044	0.01541	0.08119	0.42206	0.03416	0.02731	0.02658	0.02075	0.01016	0.00816	0.00269	0.00772	0.00843	0.00729	0.01281
31	0.01349	0.01120	0.01559	0.01462	0.01551	0.01383	0.01133	0.01559	0.01322	0.01906	0.02279	0.03481	0.04915	0.16157	0.35985	0.00934	0.19771	0.00943	0.00449	0.00742
32	0.03103	0.03959	0.02354	0.02140	0.02568	0.67469	0.01605	0.03317	0.02354	0.02033	0.01284	0.01498	0.01070	0.00856	0.00749	0.00214	0.01498	0.00535	0.00428	0.00963
33	0.01706	0.09117	0.62030	0.02300	0.03490	0.02027	0.02951	0.02621	0.01749	0.02582	0.01467	0.01724	0.01053	0.00784	0.00771	0.00257	0.01203	0.00602	0.00351	0.01216
34	0.01032	0.00776	0.00956	0.01054	0.01189	0.00700	0.00736	0.01236	0.01800	0.02358	0.15851	0.42844	0.21816	0.02317	0.01026	0.00309	0.00450	0.02054	0.00795	0.00700
35	0.03158	0.02327	0.02493	0.01911	0.02576	0.02576	0.01579	0.62852	0.03906	0.05236	0.01995	0.01995	0.01413	0.00997	0.00831	0.00249	0.00914	0.00748	0.00831	0.01413
36	0.02066	0.01785	0.01878	0.01691	0.02160	0.02066	0.01315	0.04414	0.64121	0.03475	0.03381	0.03099	0.02536	0.01127	0.00845	0.00282	0.00657	0.00939	0.00845	0.01315
37	0.01012	0.00723	0.00964	0.01157	0.01205	0.00675	0.00771	0.01157	0.01591	0.02121	0.04579	0.70262	0.05495	0.02603	0.01060	0.00337	0.00482	0.02362	0.00771	0.00675
38	0.01313	0.00948	0.01303	0.01480	0.01678	0.00938	0.01288	0.01683	0.01911	0.02469	0.04687	0.09272	0.09133	0.02281	0.01136	0.00375	0.00740	0.55839	0.00765	0.00760
39	0.01830	0.01855	0.02755	0.02299	0.02374	0.02505	0.07236	0.02058	0.01334	0.02058	0.01143	0.01855	0.01106	0.01387	0.02571	0.00356	0.63233	0.00750	0.00369	0.00928
40	0.03262	0.01979	0.02256	0.01749	0.02391	0.02083	0.01439	0.38605	0.08131	0.25470	0.02532	0.02360	0.01716	0.01018	0.00834	0.00254	0.00825	0.00792	0.00898	0.01405
41	0.00988	0.00816	0.00868	0.00911	0.01140	0.00695	0.00662	0.01184	0.01827	0.02217	0.07575	0.21637	0.52186	0.02213	0.00999	0.00293	0.00434	0.01887	0.00771	0.00695
42	0.03103	0.03959	0.02354	0.02140	0.02568	0.67469	0.01605	0.03317	0.02354	0.02033	0.01284	0.01498	0.01070	0.00856	0.00749	0.00214	0.01498	0.00535	0.00428	0.00963
43	0.01012	0.00723	0.00964	0.01157	0.01205	0.00675	0.00771	0.01157	0.01591	0.02121	0.04579	0.70262	0.05495	0.02603	0.01060	0.00337	0.00482	0.02362	0.00771	0.00675
44	0.76672	0.01607	0.01221	0.01092	0.01607	0.01864	0.00900	0.02442	0.01414	0.03727	0.01157	0.01350	0.00900	0.00771	0.00514	0.00257	0.00643	0.00450	0.00514	0.00900
45	0.02221	0.71304	0.04353	0.01421	0.02132	0.03287	0.01421	0.02488	0.01688	0.01955	0.01155	0.01333	0.01066	0.00711	0.00533	0.00178	0.00888	0.00444	0.00355	0.01066
46	0.02280	0.66806	0.04220	0.01469	0.02161	0.07574	0.01434	0.02543	0.01732	0.01960	0.01164	0.01344	0.01066	0.00720	0.00547	0.00180	0.00929	0.00450	0.00360	0.01059
47	0.00987	0.00820	0.00864	0.00899	0.01137	0.00696	0.00657	0.01186	0.01838	0.02222	0.07713	0.19401	0.54333	0.02195	0.00996	0.00291	0.00432	0.01865	0.00771	0.00696
48	0.01207	0.00811	0.00935	0.00935	0.00945	0.00821	0.00539	0.01226	0.01217	0.01632	0.02591	0.05291	0.02957	0.66491	0.08455	0.00841	0.00900	0.01187	0.00499	0.00519
49	0.01009	0.00843	0.00879	0.00870	0.01139	0.00713	0.00652	0.01244	0.01957	0.02394	0.16254	0.07748	0.57353	0.02048	0.00982	0.00278	0.00417	0.01719	0.00791	0.00713
50	0.01955	0.01759	0.02346	0.17155	0.17083	0.01997	0.01807	0.03497	0.36569	0.03009	0.02559	0.02673	0.01951	0.00976	0.00837	0.00273	0.00829	0.00851	0.00644	0.01229
51	0.02976	0.01334	0.01719	0.01370	0.01906	0.01200	0.01112	0.07949	0.02430	0.44481	0.12246	0.03900	0.11107	0.01258	0.00874	0.00260	0.00643	0.01040	0.00964	0.01235
52	0.01012	0.00723	0.00964	0.01157	0.01205	0.00675	0.00771	0.01157	0.01591	0.02121	0.04579	0.70262	0.05495	0.02603	0.01060	0.00337	0.00482	0.02362	0.00771	0.00675
53	0.02895	0.02885	0.02632	0.02699	0.16386	0.27701	0.01802	0.26469	0.02861	0.03437	0.01623	0.01815	0.01258	0.00886	0.00797	0.00235	0.01157	0.00663	0.00582	0.01217
54	0.02011	0.01920	0.03230	0.10911	0.57504	0.01966	0.02478	0.02584	0.04347	0.02689	0.01627	0.02112	0.01345	0.00764	0.00824	0.00251	0.00985	0.00748	0.00425	0.01279
55	0.01894	0.15842	0.49873	0.02183	0.03248	0.08183	0.02650	0.02669	0.01798	0.02459	0.01414	0.01658	0.01056	0.00782	0.00741	0.00244	0.01194	0.00577	0.00359	0.01176
56	0.02191	0.44846	0.20413	0.01765	0.02574	0.11373	0.01878	0.02634	0.01793	0.02143	0.01260	0.01465	0.01063	0.00750	0.00629	0.00205	0.01058	0.00501	0.00364	0.01095
57	0.01961	0.02241	0.04902	0.03501	0.04342	0.02101	0.62605	0.02661	0.01961	0.02661	0.01681	0.02241	0.01261	0.00700	0.00980	0.00280	0.01401	0.00980	0.00420	0.01120
58	0.02017	0.02725	0.16741	0.17764	0.15525	0.16206	0.02187	0.02682	0.06386	0.02436	0.02055	0.02374	0.05517	0.00916	0.00813	0.00255	0.01118	0.00749	0.00447	0.01089
59	0.01945	0.01860	0.03171	0.19633	0.51957	0.01945	0.02494	0.02452	0.01839	0.02579	0.01543	0.02092	0.01268	0.00761	0.00824	0.00254	0.01014	0.00740	0.00402	0.01226
60	0.01012	0.00723	0.00964	0.01157	0.01205	0.00675	0.00771	0.01157	0.01591	0.02121	0.04579	0.70262	0.05495	0.02603	0.01060	0.00337	0.00482	0.02362	0.00771	0.00675
61	0.02125	0.01919	0.05129	0.30110	0.09723	0.02092	0.01986	0.18388	0.14014	0.03262	0.01978	0.02290	0.01472	0.00919	0.00831	0.00267	0.00966	0.00774	0.00582	0.01173
62	0.02142	0.07610	0.17194	0.02285	0.05370	0.06217	0.06069	0.13124	0.02035	0.02821	0.01434	0.01815	0.01163	0.01016	0.01387	0.00277	0.22383	0.00680	0.00458	0.04520
63	0.01064	0.00779	0.00938	0.01021	0.01124	0.00719	0.00682	0.01214	0.01645	0.02149	0.10646	0.36220	0.18495	0.17350	0.01729	0.00420	0.00531	0.01893	0.00726	0.00653
64	0.01012	0.00723	0.00964	0.01157	0.01205	0.00675	0.00771	0.01157	0.01591	0.02121	0.04579	0.70262	0.05495	0.02603	0.01060	0.00337	0.00482	0.02362	0.00771	0.00675
65	0.01454	0.01269	0.01691	0.01536	0.01648	0.04125	0.03749	0.01652	0.01353	0.01888	0.02010	0.03439	0.02043	0.23479	0.28154	0.00860	0.17538	0.00934	0.00441	0.00737
66	0.01737	0.01522	0.01912	0.01366	0.02110	0.01167	0.04658	0.02126	0.01737	0.02704	0.01489	0.01754	0.01232	0.00620	0.00637	0.00132	0.00662	0.00521	0.00488	0.71426
67	0.01549	0.00774	0.00774	0.00774	0.00968	0.00774	0.00581	0.01936	0.01742	0.03097	0.02710	0.03097	0.02129	0.00968	0.00581	0.00194	0.00387	0.00774	0.75416	0.00774
68	0.01866	0.02189	0.15641	0.07316	0.06060	0.01756	0.11107	0.14240	0.05402	0.03031	0.02695	0.17522	0.04902	0.01294	0.00903	0.00281	0.00942	0.01166	0.00598	0.01088
69	0.03158	0.02327	0.02493	0.01911	0.02576	0.02576	0.01579	0.62852	0.03906	0.05236	0.01995	0.01995	0.01413	0.00997	0.00831	0.00249	0.00914	0.00748	0.00831	0.01413
70	0.71699	0.06262	0.01430	0.01114	0.01642	0.01959	0.00935	0.02445	0.01432	0.03609	0.01157	0.01348	0.00911	0.00767	0.00515	0.00252	0.00659	0.00449	0.00504	0.00911
71	0.02221	0.71304	0.04353	0.01421	0.02132	0.03287	0.01421	0.02488	0.01688	0.01955	0.01155	0.01333	0.01066	0.00711	0.00533	0.00178	0.00888	0.00444	0.00355	0.01066
72	0.01208	0.00805	0.00906	0.00906	0.00906	0.00805	0.00503	0.01208	0.01208	0.01611	0.02618	0.05436	0.03020	0.70804	0.04228	0.00805	0.00805	0.01208	0.00503	0.00503
73	0.01012	0.00723	0.00964	0.01157	0.01205	0.00675	0.00771	0.01157	0.01591	0.02121	0.04579	0.70262	0.05495	0.02603	0.01060	0.00337	0.00482	0.02362	0.00771	0.00675
74	0.02066	0.01785	0.01878	0.01691	0.02160	0.02066	0.01315	0.04414	0.64121	0.03475	0.03381	0.03099	0.02536	0.01127	0.00845	0.00282	0.00657	0.00939	0.00845	0.01315
75	0.01174	0.01009	0.01025	0.00992	0.01306	0.00943	0.00752	0.01763	0.12913	0.02462	0.07524	0.07128	0.54173	0.01931	0.00958	0.00281	0.00463	0.01609	0.00785	0.00810
76	0.01773	0.02340	0.19545	0.09075	0.20612	0.01736	0.06813	0.06337	0.02055	0.02892	0.13160	0.02984	0.05039	0.01002	0.00862	0.00261	0.00960	0.00903	0.00524	0.01127
77	0.01914	0.02078	0.08977	0.18806	0.46802	0.01942	0.02544	0.02463	0.01828	0.02577	0.01537	0.02063	0.01246	0.00764	0.00821	0.00255	0.01035	0.00728	0.00396	0.01222
78	0.02128	0.18566	0.16596	0.01809	0.02439	0.17239	0.01752	0.06172	0.04628	0.02469	0.02321	0.05900	0.05014	0.01147	0.00793	0.00251	0.01040	0.08193	0.00510	0.01036
79	0.01852	0.03148	0.34535	0.03550	0.27173	0.01969	0.10671	0.02604	0.01833	0.02666	0.01543	0.01932	0.01179	0.00759	0.00827	0.00259	0.01159	0.00710	0.00383	0.01247
80	0.02120	0.24628	0.28988	0.02107	0.06553	0.05413	0.02155	0.05626	0.07390	0.05254	0.01645	0.01803	0.01263	0.00814	0.00718	0.00234	0.01033	0.00609	0.00454	0.01194

[dist]
# distance from previous block
# <min> <max>
5	35

[block]
# block no. 7 follows, 22 sequences, length 7
# corresponding to MSA columns:
# 258-264
name=unknown_H
#
# <colnr> <probs for GDERKNQSTAVLIFYWHMCP>
#	G	D	E	R	K	N	Q	S	T	A	V	L	I	F	Y	W	H	M	C	P
0	0.02307	0.07286	0.14818	0.06969	0.24467	0.02033	0.02153	0.09835	0.08049	0.11085	0.01957	0.02148	0.01458	0.00856	0.00801	0.00252	0.00957	0.00727	0.00562	0.01282
1	0.01977	0.12308	0.12095	0.02714	0.18613	0.09081	0.01989	0.02392	0.01799	0.02425	0.08666	0.02271	0.01913	0.01032	0.01232	0.00265	0.16970	0.00742	0.00443	0.01074
2	0.01869	0.08385	0.35829	0.03421	0.29024	0.02050	0.02731	0.02587	0.01806	0.02614	0.01495	0.01847	0.01162	0.00763	0.00784	0.00250	0.01103	0.00653	0.00376	0.01252
3	0.02171	0.23216	0.16529	0.02395	0.13530	0.06277	0.01978	0.02879	0.09618	0.06317	0.01707	0.01904	0.01353	0.00866	0.00864	0.00241	0.05861	0.00643	0.00471	0.01178
4	0.05101	0.07209	0.05297	0.04622	0.15386	0.01760	0.01555	0.02550	0.16581	0.02651	0.02943	0.18430	0.05560	0.01381	0.00968	0.00282	0.04891	0.01171	0.00609	0.01055
5	0.02111	0.16398	0.03165	0.11933	0.14687	0.02172	0.08187	0.06232	0.01896	0.06346	0.01549	0.01919	0.01245	0.00827	0.00935	0.00235	0.07524	0.00674	0.00464	0.11500
6	0.01150	0.00855	0.01257	0.01298	0.01425	0.00962	0.00982	0.01415	0.01389	0.01969	0.02720	0.17336	0.02795	0.05469	0.53555	0.01126	0.01859	0.01199	0.00514	0.00728

[dist]
# distance from previous block
# <min> <max>
0	1

[block]
# block no. 8 follows, 22 sequences, length 73
# corresponding to MSA columns:
# 266-297,299-339
name=unknown_I
#
# <colnr> <probs for GDERKNQSTAVLIFYWHMCP>
#	G	D	E	R	K	N	Q	S	T	A	V	L	I	F	Y	W	H	M	C	P
0	0.01187	0.00890	0.01335	0.01335	0.01483	0.01038	0.01038	0.01483	0.01335	0.01928	0.02225	0.03264	0.02077	0.06231	0.67512	0.01335	0.02225	0.00890	0.00445	0.00742
1	0.02519	0.02940	0.02218	0.02358	0.10853	0.42153	0.01624	0.02792	0.02146	0.02192	0.01999	0.03315	0.01929	0.04756	0.01018	0.00282	0.01250	0.12214	0.00495	0.00948
2	0.02432	0.09065	0.02623	0.02094	0.02351	0.31793	0.01686	0.02636	0.01796	0.02010	0.01183	0.01630	0.01079	0.01118	0.01639	0.00280	0.32630	0.00615	0.00392	0.00947
3	0.01187	0.00890	0.01335	0.01335	0.01483	0.01038	0.01038	0.01483	0.01335	0.01928	0.02225	0.03264	0.02077	0.06231	0.67512	0.01335	0.02225	0.00890	0.00445	0.00742
4	0.01723	0.01477	0.01723	0.01230	0.01969	0.01107	0.00984	0.02092	0.01723	0.02707	0.01477	0.01723	0.01230	0.00615	0.00615	0.00123	0.00615	0.00492	0.00492	0.75883
5	0.01009	0.00735	0.00952	0.01125	0.01197	0.00677	0.00757	0.01160	0.01621	0.02133	0.04959	0.64088	0.11423	0.02553	0.01053	0.00332	0.00476	0.02301	0.00771	0.00677
6	0.03103	0.03959	0.02354	0.02140	0.02568	0.67469	0.01605	0.03317	0.02354	0.02033	0.01284	0.01498	0.01070	0.00856	0.00749	0.00214	0.01498	0.00535	0.00428	0.00963
7	0.02222	0.62452	0.09249	0.01535	0.02272	0.06479	0.01563	0.02542	0.01728	0.02013	0.01189	0.01375	0.01065	0.00725	0.00565	0.00186	0.00947	0.00463	0.00359	0.01074
8	0.02444	0.54789	0.03900	0.01550	0.02239	0.06054	0.01461	0.14311	0.02151	0.02599	0.01325	0.01469	0.01134	0.00773	0.00601	0.00193	0.00921	0.00508	0.00452	0.01129
9	0.03103	0.03959	0.02354	0.02140	0.02568	0.67469	0.01605	0.03317	0.02354	0.02033	0.01284	0.01498	0.01070	0.00856	0.00749	0.00214	0.01498	0.00535	0.00428	0.00963
10	0.00982	0.00842	0.00842	0.00842	0.01122	0.00701	0.00631	0.01192	0.01894	0.02244	0.08416	0.07995	0.65285	0.02104	0.00982	0.00281	0.00421	0.01753	0.00771	0.00701
11	0.00982	0.00842	0.00842	0.00842	0.01122	0.00701	0.00631	0.01192	0.01894	0.02244	0.08416	0.07995	0.65285	0.02104	0.00982	0.00281	0.00421	0.01753	0.00771	0.00701
12	0.01867	0.01026	0.01192	0.01047	0.01444	0.00869	0.00821	0.02113	0.02050	0.22871	0.06759	0.06328	0.44892	0.01757	0.00935	0.00273	0.00513	0.01457	0.00854	0.00931
13	0.02056	0.01974	0.03372	0.05099	0.65622	0.01974	0.02550	0.02550	0.01892	0.02714	0.01563	0.02056	0.01316	0.00740	0.00822	0.00247	0.00987	0.00740	0.00411	0.01316
14	0.01145	0.00848	0.01067	0.01012	0.01222	0.00771	0.00759	0.01507	0.02278	0.03156	0.56052	0.06493	0.17079	0.01764	0.00980	0.00264	0.00397	0.01543	0.00891	0.00771
15	0.01012	0.00723	0.00964	0.01157	0.01205	0.00675	0.00771	0.01157	0.01591	0.02121	0.04579	0.70262	0.05495	0.02603	0.01060	0.00337	0.00482	0.02362	0.00771	0.00675
16	0.01922	0.01837	0.03129	0.22657	0.49114	0.01939	0.02483	0.02432	0.01828	0.02551	0.01539	0.02100	0.01258	0.00765	0.00825	0.00255	0.01020	0.00740	0.00400	0.01208
17	0.01719	0.01630	0.02764	0.49111	0.24241	0.01885	0.02382	0.02255	0.01732	0.02305	0.01503	0.02166	0.01172	0.00803	0.00828	0.00268	0.01070	0.00739	0.00382	0.01044
18	0.01188	0.00886	0.01313	0.01313	0.01453	0.01026	0.01011	0.01469	0.01329	0.01912	0.02246	0.03376	0.02126	0.09582	0.64227	0.01308	0.02151	0.00907	0.00448	0.00729
19	0.01569	0.01477	0.02492	0.68808	0.05722	0.01846	0.02307	0.02123	0.01661	0.02123	0.01477	0.02215	0.01107	0.00831	0.00831	0.00277	0.01107	0.00738	0.00369	0.00923
20	0.01719	0.06899	0.59026	0.02540	0.08343	0.01989	0.02961	0.02619	0.01762	0.02609	0.01482	0.01760	0.01073	0.00782	0.00781	0.00258	0.01195	0.00617	0.00356	0.01228
21	0.01868	0.17251	0.48024	0.02302	0.06217	0.05598	0.02647	0.02635	0.01779	0.02472	0.01418	0.01673	0.01069	0.00775	0.00739	0.00243	0.01164	0.00583	0.00359	0.01187
22	0.01058	0.00742	0.00950	0.01098	0.01134	0.00706	0.00708	0.01169	0.01500	0.02000	0.04116	0.54968	0.04911	0.18693	0.01808	0.00448	0.00558	0.02090	0.00708	0.00634
23	0.11896	0.13350	0.02631	0.01957	0.02468	0.43761	0.04252	0.06153	0.02205	0.02423	0.01305	0.01515	0.01075	0.00825	0.00704	0.00219	0.01270	0.00543	0.00448	0.01001
24	0.00982	0.00842	0.00842	0.00842	0.01122	0.00701	0.00631	0.01192	0.01894	0.02244	0.08416	0.07995	0.65285	0.02104	0.00982	0.00281	0.00421	0.01753	0.00771	0.00701
25	0.02585	0.02699	0.02605	0.20553	0.06797	0.27280	0.04867	0.17212	0.02494	0.02893	0.01542	0.01879	0.01185	0.00869	0.00806	0.00245	0.01220	0.00675	0.00507	0.01086
26	0.02194	0.67979	0.07437	0.01468	0.02205	0.03220	0.01503	0.02495	0.01691	0.01988	0.01172	0.01354	0.01065	0.00715	0.00546	0.00182	0.00905	0.00453	0.00355	0.01074
27	0.05711	0.36607	0.12249	0.01777	0.02440	0.21426	0.01698	0.02723	0.01859	0.02153	0.01236	0.01460	0.01059	0.00797	0.00721	0.00211	0.03939	0.00506	0.00383	0.01045
28	0.01092	0.00893	0.00970	0.00942	0.01209	0.00795	0.00709	0.01463	0.05253	0.02608	0.23799	0.07247	0.46193	0.01941	0.00974	0.00275	0.00425	0.01642	0.00815	0.00756
29	0.01782	0.01694	0.02876	0.41002	0.31866	0.01902	0.02413	0.02309	0.01762	0.02381	0.01514	0.02146	0.01198	0.00791	0.00827	0.00264	0.01055	0.00739	0.00388	0.01094
30	0.01208	0.00805	0.00906	0.00906	0.00906	0.00805	0.00503	0.01208	0.01208	0.01611	0.02618	0.05436	0.03020	0.70804	0.04228	0.00805	0.00805	0.01208	0.00503	0.00503
31	0.01011	0.00729	0.00958	0.01142	0.01201	0.00676	0.00764	0.01158	0.01605	0.02127	0.04763	0.67277	0.08361	0.02579	0.01057	0.00335	0.00479	0.02333	0.00771	0.00676
32	0.01038	0.00844	0.00920	0.00901	0.01157	0.00725	0.00676	0.01302	0.02027	0.02561	0.24952	0.07474	0.48551	0.01986	0.00981	0.00275	0.00412	0.01680	0.00813	0.00725
33	0.01818	0.01818	0.02545	0.02181	0.02181	0.02545	0.01818	0.01999	0.01272	0.01999	0.01091	0.01818	0.01091	0.01454	0.02726	0.00364	0.69284	0.00727	0.00364	0.00909
34	0.01261	0.00881	0.01059	0.00995	0.01251	0.00780	0.00753	0.01579	0.02180	0.06819	0.39842	0.06674	0.29239	0.01810	0.00972	0.00268	0.00422	0.01556	0.00867	0.00792
35	0.02222	0.02465	0.02214	0.02531	0.17734	0.29733	0.01585	0.02558	0.02191	0.02554	0.19008	0.03018	0.03044	0.01316	0.04017	0.00289	0.01102	0.00869	0.00559	0.00990
36	0.02056	0.01974	0.03372	0.05099	0.65622	0.01974	0.02550	0.02550	0.01892	0.02714	0.01563	0.02056	0.01316	0.00740	0.00822	0.00247	0.00987	0.00740	0.00411	0.01316
37	0.01569	0.01477	0.02492	0.68808	0.05722	0.01846	0.02307	0.02123	0.01661	0.02123	0.01477	0.02215	0.01107	0.00831	0.00831	0.00277	0.01107	0.00738	0.00369	0.00923
38	0.01229	0.01037	0.01057	0.01005	0.01329	0.00971	0.00767	0.04515	0.10284	0.02549	0.07443	0.07061	0.53923	0.01922	0.00957	0.00279	0.00475	0.01598	0.00784	0.00816
39	0.01723	0.01477	0.01723	0.01230	0.01969	0.01107	0.00984	0.02092	0.01723	0.02707	0.01477	0.01723	0.01230	0.00615	0.00615	0.00123	0.00615	0.00492	0.00492	0.75883
40	0.00990	0.00842	0.00853	0.00850	0.01127	0.00705	0.00638	0.01209	0.01913	0.02291	0.10880	0.07917	0.62791	0.02086	0.00982	0.00280	0.00420	0.01742	0.00778	0.00705
41	0.01208	0.00805	0.00906	0.00906	0.00906	0.00805	0.00503	0.01208	0.01208	0.01611	0.02618	0.05436	0.03020	0.70804	0.04228	0.00805	0.00805	0.01208	0.00503	0.00503
42	0.07718	0.02282	0.02414	0.01861	0.02516	0.02532	0.01537	0.59105	0.03751	0.05142	0.01943	0.01955	0.01381	0.00983	0.00811	0.00250	0.00897	0.00729	0.00811	0.01381
43	0.76672	0.01607	0.01221	0.01092	0.01607	0.01864	0.00900	0.02442	0.01414	0.03727	0.01157	0.01350	0.00900	0.00771	0.00514	0.00257	0.00643	0.00450	0.00514	0.00900
44	0.01076	0.00832	0.00981	0.00973	0.01187	0.00737	0.00719	0.01364	0.02073	0.02739	0.34540	0.14252	0.31594	0.01971	0.00990	0.00278	0.00414	0.01705	0.00838	0.00737
45	0.76672	0.01607	0.01221	0.01092	0.01607	0.01864	0.00900	0.02442	0.01414	0.03727	0.01157	0.01350	0.00900	0.00771	0.00514	0.00257	0.00643	0.00450	0.00514	0.00900
46	0.76672	0.01607	0.01221	0.01092	0.01607	0.01864	0.00900	0.02442	0.01414	0.03727	0.01157	0.01350	0.00900	0.00771	0.00514	0.00257	0.00643	0.00450	0.00514	0.00900
47	0.76672	0.01607	0.01221	0.01092	0.01607	0.01864	0.00900	0.02442	0.01414	0.03727	0.01157	0.01350	0.00900	0.00771	0.00514	0.00257	0.00643	0.00450	0.00514	0.00900
48	0.03158	0.02327	0.02493	0.01911	0.02576	0.02576	0.01579	0.62852	0.03906	0.05236	0.01995	0.01995	0.01413	0.00997	0.00831	0.00249	0.00914	0.00748	0.00831	0.01413
49	0.03158	0.02327	0.02493	0.01911	0.02576	0.02576	0.01579	0.62852	0.03906	0.05236	0.01995	0.01995	0.01413	0.00997	0.00831	0.00249	0.00914	0.00748	0.00831	0.01413
50	0.03049	0.08137	0.02478	0.02096	0.02541	0.63488	0.01594	0.03266	0.02313	0.02028	0.01276	0.01488	0.01070	0.00847	0.00736	0.00212	0.01460	0.00529	0.00424	0.00969
51	0.76672	0.01607	0.01221	0.01092	0.01607	0.01864	0.00900	0.02442	0.01414	0.03727	0.01157	0.01350	0.00900	0.00771	0.00514	0.00257	0.00643	0.00450	0.00514	0.00900
52	0.03727	0.01414	0.01928	0.01478	0.02121	0.01221	0.01221	0.04049	0.02378	0.66198	0.03277	0.02828	0.02056	0.01028	0.00835	0.00257	0.00707	0.00835	0.01028	0.01414
53	0.02673	0.02086	0.02220	0.01813	0.02391	0.02350	0.01462	0.36876	0.30673	0.04453	0.02611	0.02486	0.01912	0.01055	0.00837	0.00264	0.00800	0.00833	0.00837	0.01369
54	0.01123	0.00824	0.01052	0.01044	0.01221	0.00754	0.00764	0.01446	0.02153	0.02976	0.47142	0.18775	0.13800	0.01918	0.00996	0.00278	0.00413	0.01696	0.00871	0.00754
55	0.01208	0.00805	0.00906	0.00906	0.00906	0.00805	0.00503	0.01208	0.01208	0.01611	0.02618	0.05436	0.03020	0.70804	0.04228	0.00805	0.00805	0.01208	0.00503	0.00503
56	0.01218	0.00936	0.01396	0.01377	0.01518	0.01114	0.01077	0.01509	0.01332	0.01932	0.02169	0.03191	0.02028	0.05992	0.64276	0.01287	0.05575	0.00882	0.00441	0.00750
57	0.01204	0.00822	0.00990	0.00990	0.01019	0.00851	0.00608	0.01262	0.01233	0.01673	0.02541	0.05012	0.02836	0.58197	0.16584	0.00909	0.01083	0.01146	0.00492	0.00550
58	0.01012	0.00723	0.00964	0.01157	0.01205	0.00675	0.00771	0.01157	0.01591	0.02121	0.04579	0.70262	0.05495	0.02603	0.01060	0.00337	0.00482	0.02362	0.00771	0.00675
59	0.01666	0.04297	0.66500	0.02368	0.03596	0.01929	0.03069	0.02631	0.01754	0.02631	0.01491	0.01754	0.01052	0.00789	0.00789	0.00263	0.01228	0.00614	0.00351	0.01228
