[name]
unknown

[dist]
# distance from previous block
# <min> <max>
0	107

[block]
# block no. 0 follows, 22 sequences, length 21
# corresponding to MSA columns:
# 107-127
name=unknown_A
#
# <colnr> <probs for GDERKNQSTAVLIFYWHMCP>
#	G	D	E	R	K	N	Q	S	T	A	V	L	I	F	Y	W	H	M	C	P
0	0.01339	0.00956	0.01339	0.01530	0.01721	0.00956	0.01339	0.01721	0.01912	0.02486	0.04399	0.09371	0.04781	0.02295	0.01147	0.00382	0.00765	0.60031	0.00765	0.00765
1	0.02044	0.41767	0.21092	0.01749	0.02524	0.06747	0.01877	0.02499	0.01711	0.02146	0.01320	0.01597	0.01126	0.01112	0.04871	0.00282	0.03560	0.00535	0.00365	0.01078
2	0.02328	0.02799	0.15947	0.13028	0.03567	0.12272	0.12424	0.18841	0.02445	0.03165	0.01624	0.01935	0.01204	0.00840	0.00827	0.00251	0.01172	0.00716	0.00512	0.04104
3	0.02467	0.02897	0.03432	0.03339	0.19400	0.29650	0.21376	0.02909	0.02109	0.02410	0.01483	0.01880	0.01194	0.00776	0.00842	0.00244	0.01335	0.00731	0.00421	0.01104
4	0.21400	0.02118	0.02428	0.13285	0.25811	0.12719	0.01861	0.02688	0.05343	0.02815	0.01502	0.01866	0.01205	0.00803	0.00733	0.00251	0.00982	0.00643	0.00459	0.01089
5	0.01418	0.01229	0.01778	0.01645	0.01739	0.01589	0.01323	0.01672	0.01312	0.01954	0.01810	0.02735	0.01716	0.04483	0.43812	0.00980	0.26757	0.00830	0.00415	0.00803
6	0.01208	0.00805	0.00906	0.00906	0.00906	0.00805	0.00503	0.01208	0.01208	0.01611	0.02618	0.05436	0.03020	0.70804	0.04228	0.00805	0.00805	0.01208	0.00503	0.00503
7	0.01877	0.02039	0.08861	0.23661	0.42288	0.01932	0.02525	0.02431	0.01811	0.02532	0.01531	0.02075	0.01230	0.00771	0.00822	0.00257	0.01044	0.00728	0.00393	0.01192
8	0.01720	0.09173	0.56698	0.02281	0.03372	0.02081	0.02845	0.02570	0.01711	0.02529	0.01434	0.01727	0.01056	0.00836	0.00924	0.00265	0.06625	0.00610	0.00352	0.01190
9	0.01951	0.01717	0.01813	0.01556	0.01968	0.07860	0.01247	0.06362	0.12205	0.05734	0.03293	0.03736	0.13114	0.01299	0.01137	0.00260	0.11734	0.05609	0.00642	0.16765
10	0.01176	0.00792	0.00916	0.00947	0.00955	0.00784	0.00547	0.01200	0.01271	0.01695	0.02941	0.16114	0.03428	0.59571	0.03707	0.00728	0.00752	0.01398	0.00547	0.00532
11	0.01066	0.00787	0.00994	0.01138	0.01254	0.00730	0.00818	0.01254	0.01684	0.02179	0.05243	0.44981	0.17497	0.05693	0.01208	0.00355	0.00529	0.11144	0.00758	0.00686
12	0.01190	0.00876	0.01264	0.01264	0.01388	0.01000	0.00950	0.01438	0.01314	0.01876	0.02290	0.03622	0.02232	0.16867	0.57088	0.01248	0.01991	0.00942	0.00455	0.00702
13	0.01560	0.00936	0.01220	0.01099	0.01370	0.00847	0.00842	0.01929	0.02326	0.13032	0.51937	0.05795	0.10609	0.01620	0.00958	0.00262	0.00443	0.01415	0.00923	0.00876
14	0.01894	0.18521	0.45584	0.02215	0.03259	0.06417	0.06004	0.02646	0.01790	0.02449	0.01416	0.01675	0.01068	0.00772	0.00743	0.00243	0.01182	0.00593	0.00361	0.01170
15	0.01472	0.02057	0.21816	0.01495	0.02085	0.01277	0.01540	0.02202	0.08584	0.05228	0.21566	0.04802	0.19692	0.01430	0.00900	0.00269	0.00704	0.01201	0.00697	0.00983
16	0.13436	0.09633	0.12504	0.02711	0.20750	0.01899	0.06318	0.02429	0.05265	0.02720	0.02040	0.12846	0.01920	0.01067	0.00789	0.00262	0.00890	0.00933	0.00495	0.01093
17	0.11792	0.25684	0.13413	0.13382	0.15877	0.02376	0.01994	0.02457	0.01700	0.02480	0.01345	0.01696	0.01100	0.00757	0.00680	0.00232	0.00967	0.00581	0.00389	0.01098
18	0.02180	0.02355	0.18654	0.01727	0.02326	0.07548	0.01654	0.07260	0.12036	0.12027	0.09247	0.02742	0.02290	0.01328	0.01208	0.12003	0.00889	0.00818	0.00636	0.01073
19	0.01953	0.02987	0.26948	0.03552	0.31366	0.07869	0.04825	0.02593	0.01885	0.02598	0.01823	0.02166	0.04073	0.00829	0.00816	0.00253	0.01114	0.00729	0.00407	0.01216
20	0.12747	0.03368	0.26437	0.12438	0.03310	0.23227	0.02167	0.02748	0.01887	0.02513	0.01374	0.01685	0.01045	0.00815	0.00744	0.00248	0.01214	0.00584	0.00402	0.01048

[dist]
# distance from previous block
# <min> <max>
0	24

[block]
# block no. 1 follows, 22 sequences, length 54
# corresponding to MSA columns:
# 152-205
name=unknown_B
#
# <colnr> <probs for GDERKNQSTAVLIFYWHMCP>
#	G	D	E	R	K	N	Q	S	T	A	V	L	I	F	Y	W	H	M	C	P
0	0.08041	0.04068	0.60952	0.02259	0.03427	0.01924	0.02885	0.02615	0.01725	0.02724	0.01462	0.01720	0.01039	0.00788	0.00766	0.00263	0.01178	0.00600	0.00365	0.01200
1	0.01973	0.13486	0.06091	0.03946	0.43457	0.02087	0.05692	0.02431	0.01830	0.02531	0.01755	0.07730	0.01615	0.00893	0.00802	0.00246	0.00962	0.00837	0.00430	0.01205
2	0.01963	0.02070	0.09274	0.23625	0.30033	0.01990	0.02334	0.07721	0.07608	0.02809	0.01730	0.02163	0.01344	0.00829	0.00824	0.00261	0.01012	0.00746	0.00467	0.01196
3	0.01825	0.09295	0.16956	0.02858	0.16206	0.01872	0.18036	0.02360	0.01769	0.02510	0.01761	0.05181	0.01487	0.01011	0.01010	0.06234	0.01044	0.00821	0.06695	0.01070
4	0.01076	0.00773	0.01012	0.01143	0.01236	0.00725	0.00802	0.01278	0.01739	0.02333	0.14752	0.48312	0.08330	0.05914	0.01214	0.00350	0.00505	0.07033	0.00781	0.00693
5	0.01187	0.00890	0.01335	0.01335	0.01483	0.01038	0.01038	0.01483	0.01335	0.01928	0.02225	0.03264	0.02077	0.06231	0.67512	0.01335	0.02225	0.00890	0.00445	0.00742
6	0.01120	0.00821	0.00958	0.00955	0.01095	0.00759	0.00649	0.01311	0.01782	0.02362	0.23862	0.12220	0.21302	0.24804	0.02065	0.00454	0.00545	0.01549	0.00727	0.00659
7	0.02248	0.29004	0.16525	0.01717	0.02446	0.06060	0.04321	0.05164	0.04953	0.08961	0.01791	0.01936	0.01379	0.00828	0.00682	0.00220	0.00931	0.00622	0.09086	0.01124
8	0.01192	0.00869	0.01229	0.01229	0.01341	0.00981	0.00906	0.01416	0.01304	0.01850	0.02322	0.03799	0.02310	0.22156	0.51905	0.01204	0.01875	0.00969	0.00459	0.00683
9	0.01087	0.00854	0.00988	0.00979	0.01219	0.00755	0.00751	0.01383	0.02073	0.02687	0.30103	0.07417	0.37851	0.01963	0.00995	0.00282	0.00439	0.06609	0.00826	0.00739
10	0.09614	0.05453	0.19433	0.13890	0.19171	0.02091	0.02261	0.13066	0.02114	0.03106	0.01547	0.01891	0.01176	0.00815	0.00773	0.00255	0.01018	0.00666	0.00470	0.01192
11	0.01826	0.01730	0.02887	0.35095	0.34352	0.01917	0.02378	0.02433	0.04645	0.02469	0.01606	0.02179	0.01273	0.00801	0.00827	0.00263	0.01029	0.00748	0.00411	0.01130
12	0.01549	0.00774	0.00774	0.00774	0.00968	0.00774	0.00581	0.01936	0.01742	0.03097	0.02710	0.03097	0.02129	0.00968	0.00581	0.00194	0.00387	0.00774	0.75416	0.00774
13	0.01208	0.00805	0.00906	0.00906	0.00906	0.00805	0.00503	0.01208	0.01208	0.01611	0.02618	0.05436	0.03020	0.70804	0.04228	0.00805	0.00805	0.01208	0.00503	0.00503
14	0.02817	0.19751	0.02810	0.01796	0.02372	0.22621	0.01491	0.26133	0.02757	0.03318	0.01610	0.01742	0.01263	0.00881	0.00718	0.00218	0.01057	0.00609	0.04885	0.01152
15	0.01396	0.01188	0.01697	0.01577	0.01664	0.01514	0.01249	0.01630	0.01304	0.01925	0.01885	0.02972	0.01832	0.10147	0.40816	0.00970	0.24170	0.00863	0.00423	0.00776
16	0.01045	0.00747	0.01002	0.01194	0.01257	0.00703	0.00829	0.01214	0.01623	0.02158	0.04561	0.64109	0.05422	0.02572	0.01069	0.00342	0.00511	0.08190	0.00771	0.00684
17	0.01012	0.00723	0.00964	0.01157	0.01205	0.00675	0.00771	0.01157	0.01591	0.02121	0.04579	0.70262	0.05495	0.02603	0.01060	0.00337	0.00482	0.02362	0.00771	0.00675
18	0.02418	0.02341	0.02872	0.18956	0.17233	0.14299	0.07369	0.18632	0.02464	0.03110	0.01615	0.01991	0.01241	0.00848	0.00827	0.00252	0.01128	0.00725	0.00517	0.01164
19	0.01961	0.02241	0.04902	0.03501	0.04342	0.02101	0.62605	0.02661	0.01961	0.02661	0.01681	0.02241	0.01261	0.00700	0.00980	0.00280	0.01401	0.00980	0.00420	0.01120
20	0.02790	0.14668	0.11013	0.01968	0.02631	0.25215	0.01754	0.24266	0.02717	0.03236	0.01542	0.01680	0.01189	0.00873	0.00747	0.00227	0.01154	0.00606	0.00549	0.01174
21	0.02187	0.65399	0.04200	0.01486	0.02136	0.03224	0.01455	0.02446	0.01653	0.01958	0.01149	0.01374	0.01068	0.00774	0.00719	0.00193	0.06701	0.00468	0.00356	0.01053
22	0.02321	0.30534	0.22663	0.01914	0.02709	0.18882	0.01977	0.05846	0.01989	0.02349	0.01333	0.01536	0.01081	0.00786	0.00680	0.00216	0.01145	0.00534	0.00397	0.01107
23	0.01191	0.00872	0.01245	0.01245	0.01362	0.00989	0.00926	0.01425	0.01308	0.01861	0.02308	0.03722	0.02276	0.19856	0.54159	0.01223	0.01926	0.00957	0.00457	0.00691
24	0.00984	0.00835	0.00849	0.00860	0.01127	0.00700	0.00639	0.01190	0.01876	0.02237	0.08195	0.11581	0.61842	0.02133	0.00986	0.00284	0.00424	0.01788	0.00771	0.00700
25	0.00995	0.00789	0.00895	0.00980	0.01158	0.00690	0.00693	0.01177	0.01760	0.02190	0.06731	0.35334	0.39034	0.02323	0.01016	0.00305	0.00448	0.02020	0.00771	0.00690
26	0.02539	0.01488	0.01748	0.01491	0.01943	0.01538	0.01156	0.08573	0.24294	0.25083	0.03235	0.08976	0.02589	0.09923	0.01282	0.00341	0.00700	0.01043	0.00859	0.01201
27	0.02066	0.01785	0.01878	0.01691	0.02160	0.02066	0.01315	0.04414	0.64121	0.03475	0.03381	0.03099	0.02536	0.01127	0.00845	0.00282	0.00657	0.00939	0.00845	0.01315
28	0.01045	0.00784	0.00969	0.01049	0.01193	0.00708	0.00739	0.01267	0.01855	0.02451	0.20501	0.38631	0.21276	0.02253	0.01021	0.00304	0.00444	0.01995	0.00807	0.00708
29	0.02056	0.01974	0.03372	0.05099	0.65622	0.01974	0.02550	0.02550	0.01892	0.02714	0.01563	0.02056	0.01316	0.00740	0.00822	0.00247	0.00987	0.00740	0.00411	0.01316
30	0.01900	0.01815	0.03091	0.25459	0.46480	0.01933	0.02472	0.02413	0.01818	0.02525	0.01535	0.02107	0.01249	0.00769	0.00825	0.00256	0.01025	0.00740	0.00398	0.01190
31	0.03103	0.03959	0.02354	0.02140	0.02568	0.67469	0.01605	0.03317	0.02354	0.02033	0.01284	0.01498	0.01070	0.00856	0.00749	0.00214	0.01498	0.00535	0.00428	0.00963
32	0.38732	0.11543	0.01868	0.01347	0.01818	0.15486	0.01099	0.02486	0.01801	0.03067	0.11748	0.02179	0.02103	0.00933	0.00642	0.00238	0.00812	0.00640	0.00541	0.00917
33	0.03158	0.02327	0.02493	0.01911	0.02576	0.02576	0.01579	0.62852	0.03906	0.05236	0.01995	0.01995	0.01413	0.00997	0.00831	0.00249	0.00914	0.00748	0.00831	0.01413
34	0.01012	0.00723	0.00964	0.01157	0.01205	0.00675	0.00771	0.01157	0.01591	0.02121	0.04579	0.70262	0.05495	0.02603	0.01060	0.00337	0.00482	0.02362	0.00771	0.00675
35	0.01344	0.01001	0.01085	0.01083	0.01332	0.01002	0.00802	0.02036	0.14916	0.02708	0.08119	0.18997	0.23515	0.01747	0.00886	0.00274	0.00475	0.01494	0.16341	0.00844
36	0.02751	0.02014	0.02182	0.01721	0.02255	0.02218	0.01379	0.50025	0.03350	0.04495	0.02107	0.02613	0.01705	0.12612	0.04405	0.00389	0.00956	0.00829	0.00760	0.01234
37	0.01204	0.00823	0.00997	0.00997	0.01028	0.00855	0.00616	0.01266	0.01235	0.01678	0.02535	0.04978	0.02821	0.57179	0.17582	0.00917	0.01105	0.01141	0.00491	0.00554
38	0.01208	0.00805	0.00906	0.00906	0.00906	0.00805	0.00503	0.01208	0.01208	0.01611	0.02618	0.05436	0.03020	0.70804	0.04228	0.00805	0.00805	0.01208	0.00503	0.00503
39	0.01208	0.00805	0.00906	0.00906	0.00906	0.00805	0.00503	0.01208	0.01208	0.01611	0.02618	0.05436	0.03020	0.70804	0.04228	0.00805	0.00805	0.01208	0.00503	0.00503
40	0.03158	0.02327	0.02493	0.01911	0.02576	0.02576	0.01579	0.62852	0.03906	0.05236	0.01995	0.01995	0.01413	0.00997	0.00831	0.00249	0.00914	0.00748	0.00831	0.01413
41	0.01574	0.01459	0.02077	0.01854	0.01911	0.01962	0.01516	0.01800	0.01297	0.01972	0.01529	0.02376	0.01472	0.03300	0.27763	0.00739	0.43369	0.00790	0.00395	0.00844
42	0.01012	0.00723	0.00964	0.01157	0.01205	0.00675	0.00771	0.01157	0.01591	0.02121	0.04579	0.70262	0.05495	0.02603	0.01060	0.00337	0.00482	0.02362	0.00771	0.00675
43	0.01210	0.01039	0.01784	0.01645	0.01858	0.00972	0.13650	0.01470	0.01668	0.02233	0.03975	0.56095	0.04613	0.02206	0.01044	0.00325	0.00673	0.02074	0.00698	0.00768
44	0.02414	0.02301	0.03063	0.04071	0.44715	0.10506	0.02231	0.14902	0.02360	0.03139	0.01615	0.01972	0.01304	0.00807	0.00815	0.00243	0.01038	0.00715	0.00499	0.01290
45	0.22639	0.01757	0.01986	0.01538	0.02177	0.01776	0.03857	0.19027	0.02403	0.19776	0.01996	0.01999	0.01402	0.00868	0.00718	0.00234	0.00760	0.00658	0.00722	0.13706
46	0.02686	0.20485	0.05522	0.02071	0.08697	0.21669	0.01603	0.02994	0.02042	0.15478	0.01994	0.02089	0.04012	0.00921	0.00826	0.00229	0.04363	0.00659	0.00541	0.01117
47	0.01569	0.01477	0.02492	0.68808	0.05722	0.01846	0.02307	0.02123	0.01661	0.02123	0.01477	0.02215	0.01107	0.00831	0.00831	0.00277	0.01107	0.00738	0.00369	0.00923
48	0.02721	0.02076	0.01956	0.01622	0.02122	0.15492	0.01288	0.19978	0.02624	0.16475	0.05663	0.02737	0.05115	0.01489	0.06471	0.00328	0.01009	0.00811	0.05033	0.04990
49	0.01187	0.00890	0.01335	0.01335	0.01483	0.01038	0.01038	0.01483	0.01335	0.01928	0.02225	0.03264	0.02077	0.06231	0.67512	0.01335	0.02225	0.00890	0.00445	0.00742
50	0.02221	0.71304	0.04353	0.01421	0.02132	0.03287	0.01421	0.02488	0.01688	0.01955	0.01155	0.01333	0.01066	0.00711	0.00533	0.00178	0.00888	0.00444	0.00355	0.01066
51	0.01463	0.12859	0.01925	0.04817	0.01805	0.04259	0.01162	0.01661	0.01604	0.02075	0.03318	0.37754	0.06627	0.01906	0.01226	0.00304	0.12254	0.01577	0.00598	0.00805
52	0.01479	0.01177	0.01467	0.04667	0.01847	0.01016	0.00979	0.01802	0.01641	0.02484	0.02335	0.16355	0.02307	0.01833	0.09782	0.00346	0.00811	0.00973	0.07244	0.39454
53	0.01178	0.00826	0.01015	0.01018	0.01087	0.00839	0.00664	0.01298	0.01408	0.01912	0.09288	0.08362	0.07017	0.43097	0.16740	0.00808	0.01021	0.01259	0.00561	0.00601

[dist]
# distance from previous block
# <min> <max>
6	33

[block]
# block no. 2 follows, 22 sequences, length 53
# corresponding to MSA columns:
# 239-291
name=unknown_C
#
# <colnr> <probs for GDERKNQSTAVLIFYWHMCP>
#	G	D	E	R	K	N	Q	S	T	A	V	L	I	F	Y	W	H	M	C	P
0	0.08279	0.02808	0.32843	0.02231	0.07800	0.01751	0.04712	0.02521	0.07395	0.02659	0.01810	0.02218	0.01430	0.02007	0.15448	0.00499	0.01331	0.00715	0.00439	0.01102
1	0.01664	0.01621	0.01590	0.11794	0.02189	0.15678	0.01185	0.01886	0.01585	0.01896	0.02142	0.06835	0.02165	0.23358	0.20152	0.00715	0.01377	0.00960	0.00464	0.00744
2	0.02616	0.02096	0.02115	0.05111	0.02413	0.11912	0.01441	0.29208	0.05395	0.09039	0.02197	0.05601	0.01766	0.01991	0.12770	0.00446	0.01198	0.00835	0.00692	0.01160
3	0.01612	0.05756	0.16006	0.04301	0.02320	0.01356	0.03696	0.02093	0.01876	0.05573	0.10626	0.03664	0.15582	0.01135	0.00803	0.00225	0.00751	0.00948	0.00580	0.21098
4	0.01063	0.00780	0.00913	0.00996	0.01092	0.00721	0.00652	0.01182	0.01557	0.02000	0.05027	0.33817	0.20959	0.23049	0.01995	0.00463	0.00563	0.01849	0.00690	0.00630
5	0.02415	0.56500	0.03914	0.01579	0.02228	0.17396	0.01462	0.02670	0.01834	0.01972	0.01183	0.01369	0.01067	0.00743	0.00581	0.00186	0.01022	0.00464	0.00371	0.01043
6	0.01718	0.01635	0.02347	0.11307	0.30874	0.06262	0.01841	0.02093	0.01832	0.02412	0.02897	0.17905	0.07483	0.01363	0.00901	0.00278	0.00870	0.04426	0.00535	0.01022
7	0.01486	0.01135	0.01532	0.01422	0.01540	0.01414	0.01136	0.01775	0.01438	0.02300	0.02028	0.02777	0.01795	0.03213	0.27911	0.00700	0.21911	0.00806	0.22879	0.00802
8	0.01024	0.00837	0.00903	0.00900	0.01151	0.00717	0.00670	0.01268	0.01973	0.02463	0.19990	0.10744	0.50383	0.02045	0.00985	0.00279	0.00418	0.01732	0.00801	0.00717
9	0.01082	0.00752	0.00943	0.01067	0.01098	0.00721	0.00676	0.01175	0.01454	0.01939	0.03879	0.47131	0.04612	0.26938	0.02191	0.00504	0.00597	0.01950	0.00676	0.00614
10	0.02164	0.12848	0.32386	0.02502	0.09099	0.19060	0.05505	0.02783	0.01924	0.02395	0.01409	0.01686	0.01095	0.00787	0.00758	0.00238	0.01238	0.00602	0.00381	0.01141
11	0.01149	0.00781	0.00924	0.00982	0.00996	0.00766	0.00584	0.01193	0.01323	0.01765	0.03209	0.24999	0.03767	0.50223	0.03272	0.00664	0.00708	0.01556	0.00584	0.00555
12	0.01187	0.00890	0.01335	0.01335	0.01483	0.01038	0.01038	0.01483	0.01335	0.01928	0.02225	0.03264	0.02077	0.06231	0.67512	0.01335	0.02225	0.00890	0.00445	0.00742
13	0.01039	0.00772	0.00973	0.01100	0.01217	0.00705	0.00772	0.01235	0.01748	0.02293	0.11818	0.47920	0.17744	0.02391	0.01040	0.00320	0.00474	0.04956	0.00786	0.00696
14	0.02011	0.01928	0.03291	0.10966	0.60106	0.01962	0.02527	0.02510	0.01870	0.02660	0.01555	0.02071	0.01297	0.00749	0.00823	0.00250	0.00998	0.00740	0.00407	0.01280
15	0.01018	0.00758	0.00952	0.01102	0.01207	0.00692	0.00763	0.01187	0.01670	0.02162	0.05413	0.54203	0.18573	0.02481	0.01047	0.00327	0.00480	0.04511	0.00771	0.00684
16	0.01110	0.00818	0.00994	0.00999	0.01156	0.00750	0.00704	0.01357	0.01936	0.02609	0.32258	0.17936	0.18952	0.12907	0.01510	0.00365	0.00480	0.01663	0.00793	0.00702
17	0.01833	0.18001	0.27778	0.17465	0.14325	0.02217	0.02448	0.02472	0.01742	0.02383	0.01426	0.01816	0.01113	0.00773	0.00748	0.00245	0.01085	0.00626	0.00366	0.01139
18	0.00996	0.00842	0.00861	0.00856	0.01131	0.00707	0.00642	0.01219	0.01927	0.02323	0.12530	0.07865	0.61121	0.02075	0.00982	0.00279	0.00419	0.01735	0.00782	0.00707
19	0.01193	0.00865	0.01207	0.01207	0.01311	0.00969	0.00878	0.01401	0.01297	0.01833	0.02343	0.03914	0.02359	0.25561	0.48568	0.01177	0.01800	0.00985	0.00463	0.00670
20	0.01040	0.00768	0.00980	0.01138	0.01243	0.00708	0.00804	0.01221	0.01678	0.02180	0.05247	0.52910	0.16127	0.02482	0.01055	0.00332	0.00500	0.08128	0.00771	0.00689
21	0.02944	0.03657	0.02509	0.02591	0.12167	0.57499	0.01749	0.03200	0.02284	0.02137	0.01327	0.01583	0.01108	0.00838	0.00760	0.00219	0.01420	0.00566	0.00425	0.01017
22	0.02204	0.01987	0.03126	0.10931	0.48314	0.02069	0.02351	0.13303	0.02229	0.03106	0.01631	0.02061	0.01312	0.00795	0.00825	0.00250	0.00986	0.00741	0.00482	0.01294
23	0.02459	0.53269	0.03827	0.01602	0.02249	0.17363	0.01469	0.05498	0.01938	0.02125	0.01223	0.01400	0.01083	0.00756	0.00594	0.00189	0.01024	0.00478	0.00394	0.01060
24	0.01820	0.01787	0.02702	0.41230	0.23836	0.06602	0.02287	0.02323	0.01794	0.02315	0.01621	0.02438	0.01335	0.00871	0.00836	0.00268	0.01083	0.03407	0.00404	0.01040
25	0.05542	0.02036	0.02067	0.19183	0.12499	0.19359	0.01624	0.02432	0.01886	0.02478	0.01864	0.05895	0.01585	0.00949	0.00750	0.00239	0.00980	0.00767	0.16917	0.00946
26	0.01788	0.19027	0.52839	0.02160	0.03274	0.02228	0.02707	0.02599	0.01739	0.02482	0.01417	0.01661	0.01055	0.00772	0.00733	0.00244	0.01153	0.00577	0.00352	0.01192
27	0.01808	0.01508	0.01663	0.01535	0.01920	0.01689	0.01200	0.03557	0.45186	0.03358	0.17054	0.04322	0.03895	0.01353	0.00901	0.00286	0.00608	0.06152	0.00854	0.01151
28	0.06557	0.02144	0.01969	0.01708	0.02157	0.13660	0.01329	0.26410	0.12148	0.03626	0.02600	0.17045	0.02391	0.01332	0.00851	0.00268	0.00870	0.01077	0.00730	0.01127
29	0.01268	0.01039	0.01082	0.01041	0.01301	0.01022	0.00752	0.01899	0.15323	0.02374	0.06042	0.06364	0.37904	0.16993	0.01666	0.00396	0.00557	0.01456	0.00729	0.00792
30	0.00988	0.00815	0.00868	0.00911	0.01140	0.00695	0.00662	0.01184	0.01827	0.02217	0.07572	0.21683	0.52142	0.02214	0.00999	0.00293	0.00434	0.01887	0.00771	0.00695
31	0.02056	0.01974	0.03372	0.05099	0.65622	0.01974	0.02550	0.02550	0.01892	0.02714	0.01563	0.02056	0.01316	0.00740	0.00822	0.00247	0.00987	0.00740	0.00411	0.01316
32	0.02748	0.02471	0.02320	0.01925	0.02410	0.16673	0.01543	0.32880	0.09230	0.03768	0.01901	0.02072	0.01467	0.01412	0.05910	0.00337	0.08334	0.00729	0.00666	0.01201
33	0.01998	0.01642	0.01782	0.01575	0.02007	0.01844	0.01229	0.10635	0.43488	0.03650	0.16804	0.03653	0.03570	0.01237	0.00873	0.00273	0.00629	0.01041	0.00859	0.01210
34	0.01190	0.00798	0.00911	0.00929	0.00933	0.00794	0.00528	0.01203	0.01243	0.01657	0.02795	0.11296	0.03244	0.64640	0.03942	0.00763	0.00776	0.01312	0.00528	0.00519
35	0.01069	0.00831	0.00988	0.01087	0.01279	0.00749	0.00829	0.01298	0.01807	0.02260	0.06383	0.26938	0.34065	0.02295	0.01042	0.00320	0.00515	0.14766	0.00770	0.00707
36	0.02069	0.07503	0.03450	0.04806	0.60559	0.02079	0.02460	0.02545	0.01875	0.02653	0.01530	0.01998	0.01296	0.00738	0.00799	0.00241	0.00979	0.00717	0.00407	0.01296
37	0.01017	0.00844	0.00894	0.00915	0.01174	0.00722	0.00695	0.01243	0.01896	0.02296	0.10065	0.11253	0.55638	0.02128	0.00998	0.00290	0.00448	0.05999	0.00776	0.00708
38	0.02059	0.02235	0.02698	0.02279	0.02423	0.14134	0.06627	0.02288	0.01521	0.02058	0.01172	0.01794	0.01100	0.01287	0.02233	0.00330	0.51734	0.00713	0.00380	0.00935
39	0.01024	0.00843	0.00900	0.00886	0.01148	0.00719	0.00664	0.01274	0.01993	0.02481	0.20764	0.07606	0.52790	0.02016	0.00981	0.00276	0.00415	0.01699	0.00803	0.00719
40	0.01207	0.00826	0.01010	0.01081	0.01131	0.00819	0.00728	0.01313	0.01421	0.01881	0.03308	0.16170	0.03784	0.45362	0.03069	0.00641	0.00747	0.14314	0.00602	0.00587
41	0.01324	0.00946	0.01318	0.01485	0.01677	0.00940	0.01288	0.01707	0.01953	0.02564	0.09996	0.09079	0.05063	0.02240	0.01132	0.00371	0.00731	0.54641	0.00779	0.00767
42	0.02221	0.71304	0.04353	0.01421	0.02132	0.03287	0.01421	0.02488	0.01688	0.01955	0.01155	0.01333	0.01066	0.00711	0.00533	0.00178	0.00888	0.00444	0.00355	0.01066
43	0.00997	0.00842	0.00863	0.00858	0.01132	0.00708	0.00643	0.01222	0.01930	0.02331	0.12943	0.07852	0.60704	0.02072	0.00982	0.00279	0.00418	0.01733	0.00783	0.00708
44	0.01016	0.00815	0.00910	0.00967	0.01176	0.00709	0.00707	0.01225	0.01837	0.02281	0.10333	0.24836	0.43387	0.02225	0.01010	0.00299	0.00450	0.04336	0.00779	0.00701
45	0.01339	0.00956	0.01339	0.01530	0.01721	0.00956	0.01339	0.01721	0.01912	0.02486	0.04399	0.09371	0.04781	0.02295	0.01147	0.00382	0.00765	0.60031	0.00765	0.00765
46	0.01269	0.00917	0.01253	0.01430	0.01609	0.00900	0.01212	0.01608	0.01868	0.02420	0.04714	0.17362	0.09261	0.02322	0.01124	0.00369	0.00702	0.48144	0.00766	0.00748
47	0.01247	0.00809	0.01002	0.01032	0.01122	0.00842	0.00706	0.01435	0.01418	0.02101	0.02830	0.14201	0.02945	0.27563	0.20102	0.00743	0.01049	0.01202	0.16996	0.00654
48	0.01711	0.01693	0.02004	0.01815	0.01932	0.10135	0.01458	0.01946	0.01436	0.01973	0.01600	0.02395	0.01509	0.03418	0.30145	0.00760	0.32047	0.00772	0.00407	0.00844
49	0.02273	0.02371	0.02574	0.19800	0.19326	0.19745	0.01974	0.05986	0.12621	0.02634	0.01795	0.02119	0.01408	0.00873	0.00809	0.00252	0.01097	0.00718	0.00500	0.01125
50	0.01698	0.01262	0.01450	0.01350	0.01654	0.01289	0.01042	0.19869	0.02442	0.03222	0.09740	0.26784	0.15670	0.01918	0.00977	0.00298	0.00619	0.06996	0.00801	0.00920
51	0.02137	0.17887	0.14654	0.09218	0.25446	0.12213	0.02229	0.02628	0.01871	0.02374	0.01410	0.01773	0.01157	0.00768	0.00742	0.00232	0.01097	0.00621	0.00387	0.01155
52	0.01991	0.01907	0.03254	0.13644	0.57588	0.01957	0.02517	0.02492	0.01861	0.02635	0.01551	0.02077	0.01288	0.00752	0.00824	0.00251	0.01003	0.00740	0.00406	0.01263

[dist]
# distance from previous block
# <min> <max>
0	3

[block]
# block no. 3 follows, 22 sequences, length 45
# corresponding to MSA columns:
# 295-339
name=unknown_D
#
# <colnr> <probs for GDERKNQSTAVLIFYWHMCP>
#	G	D	E	R	K	N	Q	S	T	A	V	L	I	F	Y	W	H	M	C	P
0	0.02011	0.08200	0.12994	0.04375	0.50870	0.02078	0.02533	0.02557	0.01854	0.02637	0.01517	0.01949	0.01255	0.00745	0.00793	0.00243	0.01015	0.00696	0.00397	0.01281
1	0.01785	0.02425	0.19656	0.15021	0.27408	0.01852	0.08469	0.02424	0.01861	0.02636	0.06932	0.02375	0.01758	0.00846	0.00844	0.00261	0.01062	0.00795	0.00432	0.01160
2	0.00982	0.00842	0.00842	0.00842	0.01122	0.00701	0.00631	0.01192	0.01894	0.02244	0.08416	0.07995	0.65285	0.02104	0.00982	0.00281	0.00421	0.01753	0.00771	0.00701
3	0.02036	0.02083	0.06642	0.04663	0.56908	0.01979	0.02473	0.02712	0.07157	0.02774	0.01713	0.02128	0.01405	0.00776	0.00823	0.00251	0.00972	0.00750	0.00445	0.01311
4	0.05776	0.02899	0.20529	0.07875	0.08236	0.16417	0.02007	0.03024	0.12814	0.05559	0.02219	0.02362	0.04837	0.00943	0.00796	0.00256	0.01062	0.00738	0.00523	0.01130
5	0.01080	0.00770	0.01028	0.01149	0.01243	0.00753	0.00805	0.01286	0.01629	0.02239	0.09368	0.47593	0.07291	0.03066	0.12645	0.00497	0.00772	0.01935	0.04152	0.00701
6	0.01005	0.00749	0.00937	0.01087	0.01187	0.00681	0.00740	0.01165	0.01657	0.02148	0.05426	0.56520	0.18690	0.02493	0.01043	0.00325	0.00468	0.02227	0.00771	0.00681
7	0.02421	0.15459	0.02591	0.02105	0.08094	0.34956	0.01534	0.02689	0.01964	0.02059	0.01494	0.01909	0.01314	0.02005	0.15451	0.00458	0.01499	0.00616	0.00417	0.00966
8	0.02372	0.06812	0.19455	0.02483	0.08259	0.31706	0.08077	0.02856	0.02063	0.02317	0.01768	0.02018	0.04461	0.00871	0.00790	0.00238	0.01289	0.00677	0.00420	0.01069
9	0.01986	0.01094	0.01366	0.01278	0.01619	0.01020	0.00991	0.02448	0.08311	0.22155	0.04883	0.22739	0.17254	0.01824	0.00960	0.00299	0.00584	0.07348	0.00858	0.00984
10	0.01187	0.00890	0.01335	0.01335	0.01483	0.01038	0.01038	0.01483	0.01335	0.01928	0.02225	0.03264	0.02077	0.06231	0.67512	0.01335	0.02225	0.00890	0.00445	0.00742
11	0.02162	0.06055	0.02702	0.17966	0.23767	0.19499	0.01981	0.02648	0.04487	0.02440	0.06910	0.02296	0.01791	0.00887	0.00803	0.00244	0.01082	0.00741	0.00463	0.01074
12	0.01524	0.01407	0.01692	0.02105	0.15637	0.07679	0.01319	0.01842	0.01957	0.02488	0.11897	0.14677	0.18354	0.01733	0.00964	0.00291	0.00721	0.12159	0.00674	0.00881
13	0.02387	0.02458	0.02026	0.01830	0.02287	0.22310	0.01405	0.04075	0.45003	0.03029	0.02732	0.02604	0.02082	0.01043	0.00816	0.00261	0.00918	0.00814	0.00716	0.01206
14	0.01958	0.01935	0.03478	0.15556	0.45342	0.01973	0.12503	0.02496	0.01864	0.02606	0.01568	0.02114	0.01272	0.00749	0.00850	0.00257	0.01076	0.00780	0.00406	0.01217
15	0.01083	0.00793	0.00902	0.00957	0.01058	0.00736	0.00619	0.01189	0.01528	0.01951	0.04967	0.24577	0.22993	0.30236	0.02327	0.00510	0.00595	0.01703	0.00662	0.00613
16	0.02452	0.02909	0.02082	0.01916	0.02228	0.43164	0.01463	0.02687	0.01974	0.02001	0.01534	0.02025	0.01357	0.02428	0.19814	0.00544	0.07448	0.00652	0.00427	0.00896
17	0.01280	0.00811	0.00942	0.00942	0.01007	0.00834	0.00601	0.01410	0.01345	0.01987	0.02579	0.04592	0.02681	0.45634	0.12986	0.00750	0.00928	0.01064	0.17028	0.00599
18	0.01138	0.00776	0.00927	0.00996	0.01013	0.00759	0.00599	0.01190	0.01345	0.01793	0.03319	0.28625	0.03905	0.46408	0.03095	0.00638	0.00690	0.01621	0.00599	0.00565
19	0.02626	0.02996	0.02285	0.02230	0.07705	0.40960	0.01593	0.08713	0.02239	0.02385	0.01533	0.01917	0.01301	0.01827	0.12525	0.00423	0.04635	0.00644	0.00466	0.00996
20	0.01026	0.00853	0.00903	0.00919	0.01187	0.00730	0.00708	0.01261	0.01916	0.02316	0.10533	0.08052	0.56729	0.02105	0.00998	0.00290	0.00454	0.07531	0.00777	0.00711
21	0.02609	0.09535	0.02332	0.01796	0.02242	0.28862	0.01413	0.18901	0.02473	0.02843	0.01702	0.02175	0.01458	0.07114	0.10537	0.00426	0.01329	0.00687	0.00538	0.01027
22	0.02108	0.02073	0.03321	0.04952	0.62486	0.05231	0.02503	0.02588	0.01915	0.02680	0.01549	0.02028	0.01304	0.00746	0.00819	0.00245	0.01012	0.00730	0.00412	0.01298
23	0.01187	0.00890	0.01335	0.01335	0.01483	0.01038	0.01038	0.01483	0.01335	0.01928	0.02225	0.03264	0.02077	0.06231	0.67512	0.01335	0.02225	0.00890	0.00445	0.00742
24	0.01018	0.00825	0.00876	0.00895	0.01117	0.00713	0.00643	0.01209	0.01815	0.02225	0.10372	0.14820	0.49290	0.08881	0.01309	0.00338	0.00464	0.01757	0.00753	0.00683
25	0.02803	0.02194	0.02624	0.02592	0.16448	0.02391	0.01766	0.43583	0.09603	0.04500	0.02041	0.02121	0.01506	0.00954	0.00831	0.00252	0.00904	0.00766	0.00740	0.01381
26	0.01307	0.01014	0.01278	0.01233	0.01242	0.01165	0.00843	0.01373	0.01292	0.01790	0.02641	0.16537	0.03048	0.42980	0.03315	0.00622	0.15859	0.01314	0.00522	0.00624
27	0.01012	0.00723	0.00964	0.01157	0.01205	0.00675	0.00771	0.01157	0.01591	0.02121	0.04579	0.70262	0.05495	0.02603	0.01060	0.00337	0.00482	0.02362	0.00771	0.00675
28	0.01187	0.00890	0.01335	0.01335	0.01483	0.01038	0.01038	0.01483	0.01335	0.01928	0.02225	0.03264	0.02077	0.06231	0.67512	0.01335	0.02225	0.00890	0.00445	0.00742
29	0.01739	0.03863	0.54712	0.02878	0.15178	0.01938	0.02972	0.02616	0.01780	0.02646	0.01504	0.01810	0.01102	0.00780	0.00795	0.00260	0.01183	0.00637	0.00362	0.01244
30	0.01723	0.03637	0.48632	0.02446	0.03410	0.02059	0.08763	0.02518	0.01686	0.02518	0.01436	0.01814	0.01080	0.00902	0.01164	0.00283	0.13737	0.00671	0.00360	0.01159
31	0.01045	0.00796	0.00961	0.01022	0.01187	0.00712	0.00728	0.01276	0.01890	0.02478	0.21679	0.32742	0.26079	0.02200	0.01013	0.00299	0.00438	0.01934	0.00809	0.00712
32	0.01949	0.01861	0.03120	0.04675	0.59205	0.01847	0.02359	0.02415	0.01892	0.02667	0.02245	0.02647	0.07681	0.00876	0.00838	0.00250	0.00931	0.00841	0.00447	0.01255
33	0.02536	0.02318	0.02037	0.01885	0.05224	0.22625	0.01401	0.15001	0.07835	0.07725	0.02068	0.02325	0.01629	0.01912	0.13024	0.00436	0.01261	0.00731	0.06948	0.01079
34	0.01113	0.00842	0.01038	0.01087	0.01281	0.00768	0.00831	0.01400	0.01988	0.02615	0.25367	0.19323	0.24913	0.02099	0.01025	0.00303	0.00483	0.11974	0.00817	0.00734
35	0.02113	0.02082	0.03317	0.04938	0.62199	0.05529	0.02498	0.02591	0.01917	0.02677	0.01548	0.02026	0.01303	0.00746	0.00818	0.00245	0.01015	0.00729	0.00412	0.01297
36	0.09325	0.17037	0.26959	0.02720	0.19756	0.02159	0.02263	0.02509	0.01773	0.02657	0.04497	0.01925	0.01440	0.00802	0.00727	0.00240	0.00994	0.00640	0.00412	0.01164
37	0.02091	0.02326	0.06640	0.07585	0.37215	0.08515	0.18187	0.02637	0.01937	0.02598	0.01558	0.02043	0.01253	0.00748	0.00855	0.00255	0.01164	0.00777	0.00410	0.01205
38	0.01005	0.00794	0.00906	0.00980	0.01162	0.00695	0.00696	0.01198	0.01796	0.02253	0.09919	0.33070	0.38024	0.02284	0.01013	0.00302	0.00444	0.01986	0.00779	0.00695
39	0.14545	0.20577	0.34758	0.01954	0.02884	0.04813	0.04753	0.02591	0.01712	0.02624	0.01350	0.01590	0.01040	0.00765	0.00685	0.00239	0.01061	0.00556	0.00385	0.01117
40	0.05641	0.02068	0.02714	0.20478	0.24112	0.11169	0.02113	0.02418	0.01736	0.02356	0.01378	0.01933	0.01157	0.00939	0.01220	0.00276	0.16146	0.00694	0.00397	0.01054
41	0.01221	0.00919	0.01314	0.01297	0.01411	0.01068	0.00977	0.01458	0.01309	0.01874	0.02243	0.03593	0.02203	0.17855	0.52802	0.01191	0.05167	0.00941	0.00452	0.00706
42	0.02225	0.01587	0.01774	0.01760	0.08321	0.06945	0.01231	0.05222	0.13608	0.17760	0.12433	0.04252	0.16699	0.01329	0.00880	0.00262	0.00696	0.01109	0.00801	0.01105
43	0.01953	0.01779	0.02293	0.02072	0.05648	0.02139	0.04488	0.07981	0.23621	0.02886	0.02770	0.02945	0.08192	0.01292	0.01541	0.00306	0.25450	0.00921	0.00619	0.01105
44	0.02378	0.08588	0.02421	0.07093	0.09495	0.35338	0.01620	0.02670	0.01971	0.02085	0.01526	0.01988	0.01322	0.02015	0.15480	0.00467	0.01522	0.00643	0.00419	0.00959

[dist]
# distance from previous block
# <min> <max>
1	15

[block]
# block no. 4 follows, 22 sequences, length 36
# corresponding to MSA columns:
# 356-391
name=unknown_E
#
# <colnr> <probs for GDERKNQSTAVLIFYWHMCP>
#	G	D	E	R	K	N	Q	S	T	A	V	L	I	F	Y	W	H	M	C	P
0	0.27290	0.07564	0.02157	0.01688	0.02222	0.25463	0.01353	0.17502	0.02376	0.03367	0.01406	0.01559	0.01097	0.00852	0.00676	0.00234	0.01031	0.00552	0.00550	0.01059
1	0.02684	0.03192	0.02370	0.02505	0.13498	0.45712	0.01661	0.05475	0.02287	0.02313	0.02162	0.02345	0.08320	0.00981	0.00792	0.00229	0.01263	0.00717	0.00481	0.01015
2	0.01284	0.00957	0.01142	0.01149	0.01350	0.00919	0.00835	0.08211	0.02085	0.02766	0.18480	0.34935	0.18522	0.02114	0.01000	0.00298	0.00498	0.01858	0.00810	0.00788
3	0.02373	0.07423	0.02874	0.02180	0.02762	0.20013	0.14923	0.06394	0.22627	0.02839	0.02100	0.02216	0.01621	0.00895	0.00813	0.00245	0.01078	0.00768	0.00582	0.05274
4	0.02593	0.03060	0.02445	0.02115	0.02511	0.41470	0.06713	0.06338	0.02185	0.02280	0.01887	0.02182	0.05716	0.01288	0.04400	0.00302	0.10366	0.00715	0.00468	0.00966
5	0.01048	0.00766	0.01038	0.01179	0.01261	0.00755	0.00822	0.01230	0.01551	0.02086	0.04274	0.52388	0.07959	0.03363	0.15473	0.00551	0.00857	0.02010	0.00700	0.00691
6	0.00999	0.00775	0.00910	0.01019	0.01169	0.00686	0.00710	0.01172	0.01723	0.02175	0.06257	0.43027	0.31646	0.02385	0.01026	0.00313	0.00455	0.02096	0.00771	0.00686
7	0.01399	0.00966	0.01106	0.01042	0.01134	0.00993	0.00664	0.07424	0.01586	0.02143	0.08074	0.05044	0.03236	0.54248	0.06982	0.00730	0.00856	0.01171	0.00569	0.00632
8	0.01902	0.06126	0.20387	0.07140	0.20922	0.02067	0.24211	0.02584	0.01858	0.02603	0.01561	0.02016	0.01203	0.00742	0.00857	0.00261	0.01200	0.00779	0.00394	0.01188
9	0.00988	0.00816	0.00868	0.00910	0.01140	0.00696	0.00662	0.01185	0.01828	0.02217	0.07583	0.21504	0.52314	0.02212	0.00999	0.00293	0.00434	0.01885	0.00771	0.00696
10	0.03103	0.03959	0.02354	0.02140	0.02568	0.67469	0.01605	0.03317	0.02354	0.02033	0.01284	0.01498	0.01070	0.00856	0.00749	0.00214	0.01498	0.00535	0.00428	0.00963
11	0.01666	0.04297	0.66500	0.02368	0.03596	0.01929	0.03069	0.02631	0.01754	0.02631	0.01491	0.01754	0.01052	0.00789	0.00789	0.00263	0.01228	0.00614	0.00351	0.01228
12	0.01163	0.00797	0.00967	0.01009	0.01036	0.00803	0.00622	0.01228	0.01305	0.01757	0.02999	0.19255	0.03451	0.48728	0.10676	0.00764	0.00895	0.01423	0.00555	0.00567
13	0.01244	0.00942	0.01052	0.01061	0.01312	0.00875	0.00780	0.01691	0.08870	0.05260	0.09127	0.24072	0.36531	0.02063	0.00981	0.00294	0.00476	0.01775	0.00798	0.00799
14	0.01318	0.01008	0.01147	0.01089	0.01291	0.01014	0.00772	0.01925	0.13384	0.02659	0.25430	0.05695	0.14950	0.22492	0.01934	0.00432	0.00571	0.01351	0.00754	0.00784
15	0.02397	0.01356	0.01447	0.01249	0.01650	0.04356	0.00984	0.06271	0.12656	0.20630	0.02875	0.02889	0.02090	0.01008	0.00717	0.00230	0.00602	0.00806	0.34703	0.01086
16	0.01125	0.00879	0.01025	0.01006	0.01234	0.00802	0.00747	0.01514	0.05060	0.02784	0.33510	0.13074	0.30369	0.01922	0.00982	0.00277	0.00425	0.01660	0.00840	0.00766
17	0.01183	0.00858	0.01197	0.01207	0.01309	0.00955	0.00876	0.01390	0.01314	0.01851	0.02459	0.07443	0.02520	0.23859	0.46495	0.01136	0.01740	0.01056	0.00479	0.00672
18	0.01549	0.00774	0.00774	0.00774	0.00968	0.00774	0.00581	0.01936	0.01742	0.03097	0.02710	0.03097	0.02129	0.00968	0.00581	0.00194	0.00387	0.00774	0.75416	0.00774
19	0.01208	0.00805	0.00906	0.00906	0.00906	0.00805	0.00503	0.01208	0.01208	0.01611	0.02618	0.05436	0.03020	0.70804	0.04228	0.00805	0.00805	0.01208	0.00503	0.00503
20	0.01624	0.01196	0.01312	0.01195	0.01513	0.01250	0.00921	0.07501	0.18119	0.03318	0.22057	0.04643	0.13187	0.01394	0.00846	0.00254	0.00507	0.01173	0.17031	0.00959
21	0.02165	0.02202	0.03335	0.04701	0.55834	0.09090	0.05332	0.02638	0.01945	0.02638	0.01538	0.02004	0.01287	0.00751	0.00822	0.00245	0.01062	0.00729	0.00413	0.01268
22	0.01208	0.00805	0.00906	0.00906	0.00906	0.00805	0.00503	0.01208	0.01208	0.01611	0.02618	0.05436	0.03020	0.70804	0.04228	0.00805	0.00805	0.01208	0.00503	0.00503
23	0.01208	0.00805	0.00906	0.00906	0.00906	0.00805	0.00503	0.01208	0.01208	0.01611	0.02618	0.05436	0.03020	0.70804	0.04228	0.00805	0.00805	0.01208	0.00503	0.00503
24	0.01977	0.01922	0.03099	0.04138	0.44723	0.02162	0.02308	0.02368	0.01688	0.02479	0.01407	0.01977	0.01242	0.00975	0.01450	0.00285	0.23486	0.00736	0.00395	0.01182
25	0.01919	0.01975	0.07308	0.03631	0.40252	0.01685	0.02071	0.02405	0.01826	0.02706	0.01529	0.01925	0.01269	0.00703	0.00752	0.00207	0.00882	0.00650	0.00434	0.25874
26	0.01198	0.00846	0.01114	0.01114	0.01186	0.00918	0.00763	0.01342	0.01270	0.01765	0.02427	0.04382	0.02563	0.39476	0.34931	0.01062	0.01494	0.01054	0.00475	0.00619
27	0.02029	0.02165	0.02282	0.02424	0.12977	0.19915	0.01658	0.02307	0.01695	0.02111	0.01555	0.02191	0.01411	0.02557	0.20718	0.00585	0.19337	0.00724	0.00413	0.00945
28	0.01217	0.00952	0.01333	0.01327	0.01432	0.01099	0.01000	0.01437	0.01390	0.01954	0.02885	0.15989	0.05869	0.11612	0.37885	0.00932	0.09223	0.01221	0.00519	0.00721
29	0.01206	0.00815	0.00953	0.00953	0.00970	0.00831	0.00562	0.01238	0.01222	0.01646	0.02574	0.05197	0.02916	0.63702	0.11189	0.00864	0.00962	0.01173	0.00497	0.00530
30	0.02221	0.71304	0.04353	0.01421	0.02132	0.03287	0.01421	0.02488	0.01688	0.01955	0.01155	0.01333	0.01066	0.00711	0.00533	0.00178	0.00888	0.00444	0.00355	0.01066
31	0.01290	0.01091	0.01476	0.19811	0.02585	0.01158	0.01289	0.01772	0.06214	0.02329	0.04967	0.13329	0.25172	0.01775	0.00970	0.00305	0.00698	0.12290	0.00664	0.00815
32	0.06707	0.03068	0.14133	0.02223	0.08141	0.28978	0.01828	0.06198	0.02216	0.09783	0.04615	0.02327	0.01679	0.00958	0.00792	0.00245	0.01153	0.03314	0.00543	0.01098
33	0.01825	0.03307	0.38761	0.03346	0.22198	0.01967	0.11532	0.02611	0.01825	0.02660	0.01540	0.01915	0.01161	0.00762	0.00827	0.00261	0.01181	0.00705	0.00379	0.01238
34	0.03103	0.03959	0.02354	0.02140	0.02568	0.67469	0.01605	0.03317	0.02354	0.02033	0.01284	0.01498	0.01070	0.00856	0.00749	0.00214	0.01498	0.00535	0.00428	0.00963
35	0.02012	0.02236	0.10490	0.04791	0.58629	0.01969	0.02608	0.02559	0.01876	0.02705	0.01555	0.02022	0.01286	0.00746	0.00819	0.00249	0.01014	0.00726	0.00404	0.01306

[dist]
# distance from previous block
# <min> <max>
0	4

[block]
# block no. 5 follows, 22 sequences, length 14
# corresponding to MSA columns:
# 396-409
name=unknown_F
#
# <colnr> <probs for GDERKNQSTAVLIFYWHMCP>
#	G	D	E	R	K	N	Q	S	T	A	V	L	I	F	Y	W	H	M	C	P
0	0.01012	0.00723	0.00964	0.01157	0.01205	0.00675	0.00771	0.01157	0.01591	0.02121	0.04579	0.70262	0.05495	0.02603	0.01060	0.00337	0.00482	0.02362	0.00771	0.00675
1	0.00982	0.00842	0.00842	0.00842	0.01122	0.00701	0.00631	0.01192	0.01894	0.02244	0.08416	0.07995	0.65285	0.02104	0.00982	0.00281	0.00421	0.01753	0.00771	0.00701
2	0.00995	0.00789	0.00896	0.00981	0.01159	0.00690	0.00693	0.01176	0.01759	0.02189	0.06715	0.35591	0.38786	0.02325	0.01017	0.00306	0.00448	0.02023	0.00771	0.00690
3	0.01787	0.01211	0.01585	0.01379	0.01690	0.01188	0.04598	0.12190	0.02266	0.09725	0.19976	0.18568	0.08248	0.10103	0.01353	0.00344	0.00646	0.01435	0.00793	0.00915
4	0.01925	0.01806	0.02877	0.21890	0.38467	0.01955	0.02273	0.02751	0.12440	0.02683	0.01849	0.02277	0.01467	0.00831	0.00829	0.00261	0.00964	0.00774	0.00474	0.01209
5	0.01012	0.00723	0.00964	0.01157	0.01205	0.00675	0.00771	0.01157	0.01591	0.02121	0.04579	0.70262	0.05495	0.02603	0.01060	0.00337	0.00482	0.02362	0.00771	0.00675
6	0.01163	0.00837	0.01099	0.01253	0.01374	0.00805	0.00960	0.01394	0.01705	0.02224	0.04624	0.33073	0.10132	0.09912	0.01436	0.00402	0.00627	0.25546	0.00739	0.00695
7	0.01433	0.00985	0.01070	0.01020	0.01201	0.00979	0.00705	0.08848	0.01821	0.02502	0.04044	0.12286	0.16603	0.27825	0.02132	0.00467	0.00628	0.01324	0.13405	0.00723
8	0.01253	0.00988	0.01463	0.01425	0.01557	0.01198	0.01121	0.01538	0.01328	0.01936	0.02105	0.03111	0.01973	0.05726	0.60664	0.01232	0.09314	0.00873	0.00436	0.00759
9	0.07068	0.21394	0.02844	0.19993	0.03212	0.15906	0.01674	0.08492	0.07298	0.02573	0.01538	0.01821	0.01225	0.00840	0.00713	0.00233	0.01041	0.00614	0.00471	0.01049
10	0.26008	0.17630	0.06923	0.01781	0.02424	0.13479	0.07882	0.10011	0.02019	0.03049	0.01358	0.01571	0.01076	0.00794	0.00664	0.00234	0.00994	0.00566	0.00483	0.01054
11	0.02345	0.08164	0.01964	0.01569	0.01960	0.28701	0.01215	0.02610	0.02206	0.10164	0.16088	0.07429	0.09684	0.01280	0.00834	0.00241	0.00940	0.01008	0.00656	0.00944
12	0.10005	0.35936	0.07588	0.10296	0.12592	0.06683	0.01771	0.02509	0.01734	0.02331	0.01288	0.01593	0.01092	0.00751	0.00643	0.00217	0.00965	0.00544	0.00387	0.01074
13	0.02153	0.03194	0.23816	0.02179	0.06603	0.23186	0.02008	0.06215	0.02193	0.02704	0.12104	0.02805	0.02395	0.01043	0.00829	0.00251	0.01122	0.03616	0.00521	0.01062

[dist]
# distance from previous block
# <min> <max>
4	25

[block]
# block no. 6 follows, 22 sequences, length 7
# corresponding to MSA columns:
# 435-441
name=unknown_G
#
# <colnr> <probs for GDERKNQSTAVLIFYWHMCP>
#	G	D	E	R	K	N	Q	S	T	A	V	L	I	F	Y	W	H	M	C	P
0	0.01810	0.01438	0.01771	0.05875	0.06402	0.01484	0.01261	0.15140	0.10311	0.03085	0.03062	0.28953	0.03115	0.01567	0.00894	0.00273	0.00689	0.01373	0.00708	0.10788
1	0.02665	0.01862	0.02044	0.01625	0.02209	0.01961	0.01319	0.33971	0.11885	0.12182	0.03240	0.03099	0.10779	0.01152	0.00840	0.00251	0.00760	0.00913	0.00826	0.06421
2	0.01804	0.01792	0.02078	0.01740	0.02183	0.10834	0.09130	0.02406	0.10723	0.02513	0.02854	0.17190	0.06553	0.01314	0.00967	0.00251	0.05078	0.01128	0.00595	0.18866
3	0.02102	0.22987	0.10944	0.01652	0.02278	0.06724	0.01556	0.10978	0.02115	0.02807	0.09720	0.02226	0.02023	0.00952	0.00885	0.00221	0.06844	0.00685	0.00521	0.11780
4	0.01491	0.01065	0.01241	0.01243	0.01508	0.01057	0.01001	0.10280	0.02126	0.02854	0.04914	0.14993	0.20241	0.01908	0.00965	0.00303	0.00603	0.19923	0.11454	0.00830
5	0.01683	0.01747	0.01561	0.10263	0.02184	0.19934	0.01210	0.01901	0.01818	0.02096	0.03232	0.41715	0.03657	0.01872	0.00941	0.00294	0.00854	0.01627	0.00621	0.00790
6	0.01579	0.01602	0.07714	0.02903	0.29298	0.01386	0.01667	0.01905	0.01626	0.02277	0.02439	0.16123	0.02585	0.21145	0.01840	0.00425	0.00859	0.01175	0.00502	0.00952

[dist]
# distance from previous block
# <min> <max>
1	7

[block]
# block no. 7 follows, 22 sequences, length 80
# corresponding to MSA columns:
# 449-528
name=unknown_H
#
# <colnr> <probs for GDERKNQSTAVLIFYWHMCP>
#	G	D	E	R	K	N	Q	S	T	A	V	L	I	F	Y	W	H	M	C	P
0	0.43037	0.09581	0.01946	0.04873	0.02124	0.06748	0.01204	0.10897	0.04271	0.06450	0.01480	0.01626	0.01127	0.00830	0.00620	0.00246	0.00795	0.00547	0.00563	0.01034
1	0.28261	0.23389	0.02743	0.02025	0.12315	0.11704	0.01455	0.05077	0.01812	0.02840	0.01274	0.01506	0.01063	0.00769	0.00616	0.00225	0.00907	0.00520	0.00450	0.01048
2	0.02222	0.02252	0.14941	0.01703	0.02330	0.01926	0.01599	0.22110	0.19065	0.03783	0.02414	0.02475	0.01792	0.00983	0.00773	0.00249	0.00797	0.00777	0.16595	0.01213
