[name]
unknown

[dist]
# distance from previous block
# <min> <max>
8	22

[block]
# block no. 0 follows, 22 sequences, length 18
# corresponding to MSA columns:
# 22-39
name=unknown_A
#
# <colnr> <probs for GDERKNQSTAVLIFYWHMCP>
#	G	D	E	R	K	N	Q	S	T	A	V	L	I	F	Y	W	H	M	C	P
0	0.01721	0.01643	0.02192	0.02201	0.10532	0.08159	0.08559	0.04667	0.01805	0.02393	0.04642	0.21066	0.02806	0.07047	0.06051	0.00400	0.08537	0.01251	0.00555	0.03772
1	0.01271	0.01360	0.09814	0.01194	0.01515	0.01011	0.01030	0.01741	0.05944	0.02638	0.27308	0.05557	0.16091	0.17963	0.01714	0.00395	0.00624	0.01324	0.00711	0.00796
2	0.01592	0.01091	0.01484	0.01686	0.09987	0.01050	0.01081	0.04120	0.01869	0.09940	0.08249	0.21766	0.16074	0.06540	0.09149	0.00444	0.00804	0.01476	0.00710	0.00886
3	0.01790	0.01303	0.01549	0.10279	0.02030	0.01417	0.01060	0.18174	0.02055	0.02770	0.02437	0.08518	0.02460	0.34485	0.02461	0.00523	0.00834	0.01081	0.03941	0.00832
4	0.01087	0.00785	0.00996	0.01127	0.01221	0.00739	0.00791	0.01259	0.01640	0.02151	0.06868	0.42608	0.12348	0.12678	0.01534	0.00404	0.00558	0.09803	0.00735	0.00668
5	0.01217	0.00857	0.01070	0.01123	0.01233	0.00866	0.00777	0.04125	0.01596	0.02184	0.03748	0.31968	0.08128	0.18191	0.13907	0.00607	0.00883	0.01622	0.05206	0.00691
6	0.01484	0.01245	0.01702	0.08279	0.02103	0.04322	0.04961	0.01832	0.01597	0.02274	0.02620	0.03562	0.06385	0.03135	0.26231	0.00675	0.08081	0.04669	0.14029	0.00815
7	0.06320	0.01103	0.01369	0.01397	0.05934	0.01040	0.00955	0.02130	0.04117	0.16043	0.12287	0.13700	0.18383	0.09933	0.01307	0.00340	0.00594	0.01363	0.00774	0.00913
8	0.01456	0.01139	0.01269	0.01163	0.01474	0.01127	0.00891	0.09916	0.09167	0.03113	0.24521	0.10150	0.27917	0.01753	0.00951	0.00274	0.00508	0.01490	0.00832	0.00888
9	0.01453	0.01176	0.01360	0.01294	0.01600	0.01178	0.00959	0.02345	0.20941	0.02801	0.12961	0.26984	0.08258	0.01718	0.00918	0.00277	0.00536	0.01509	0.00778	0.10954
10	0.01274	0.01103	0.01505	0.01394	0.01553	0.01210	0.03489	0.01524	0.01782	0.02431	0.18977	0.21290	0.18918	0.01919	0.01416	0.00310	0.16860	0.01569	0.00694	0.00781
11	0.01077	0.00873	0.00964	0.00988	0.01218	0.00788	0.00722	0.01423	0.05648	0.02418	0.13880	0.21603	0.41213	0.02110	0.00991	0.00291	0.00446	0.01813	0.00793	0.00742
12	0.01895	0.01882	0.03418	0.23363	0.36019	0.01962	0.14370	0.02447	0.01838	0.02531	0.01561	0.02139	0.01244	0.00759	0.00856	0.00262	0.01104	0.00787	0.00401	0.01163
13	0.01905	0.01296	0.01528	0.01411	0.01776	0.01313	0.01146	0.13348	0.08663	0.10122	0.08827	0.10406	0.16150	0.01738	0.00973	0.00302	0.00659	0.16615	0.00827	0.00994
14	0.01994	0.01495	0.01593	0.01360	0.01811	0.01549	0.01078	0.19770	0.15097	0.07228	0.05237	0.04963	0.30365	0.01522	0.00902	0.00270	0.00628	0.01243	0.00819	0.01074
15	0.01962	0.01791	0.02371	0.10258	0.25407	0.06624	0.01785	0.10051	0.06496	0.02874	0.04992	0.14651	0.04699	0.01238	0.00875	0.00268	0.00872	0.01096	0.00589	0.01101
16	0.72063	0.01772	0.05232	0.01171	0.01729	0.01868	0.01033	0.02454	0.01435	0.03660	0.01177	0.01374	0.00909	0.00772	0.00531	0.00257	0.00679	0.00460	0.00504	0.00920
17	0.02289	0.19643	0.18327	0.02747	0.18722	0.12590	0.02145	0.09341	0.02105	0.02683	0.01451	0.01715	0.01165	0.00791	0.00734	0.00229	0.01092	0.00607	0.00432	0.01190

[dist]
# distance from previous block
# <min> <max>
0	1

[block]
# block no. 1 follows, 22 sequences, length 61
# corresponding to MSA columns:
# 41-101
name=unknown_B
#
# <colnr> <probs for GDERKNQSTAVLIFYWHMCP>
#	G	D	E	R	K	N	Q	S	T	A	V	L	I	F	Y	W	H	M	C	P
0	0.02261	0.11608	0.08562	0.01706	0.02206	0.24547	0.01470	0.09611	0.02390	0.02857	0.20999	0.03006	0.03187	0.01106	0.00805	0.00233	0.00984	0.00853	0.00608	0.01000
1	0.02027	0.20938	0.26705	0.02740	0.18647	0.02344	0.02315	0.06529	0.05401	0.02689	0.01559	0.01811	0.01228	0.00789	0.00737	0.00237	0.01027	0.00628	0.00426	0.01224
2	0.01191	0.00872	0.01243	0.01243	0.01360	0.00989	0.00924	0.01425	0.01308	0.01861	0.02309	0.03728	0.02278	0.20020	0.53998	0.01222	0.01922	0.00958	0.00457	0.00691
3	0.04764	0.00954	0.01191	0.04141	0.01496	0.00959	0.00880	0.01774	0.05050	0.03109	0.42947	0.05234	0.08920	0.01927	0.06477	0.00348	0.00603	0.01292	0.07121	0.00812
4	0.02654	0.02250	0.02634	0.05567	0.13642	0.07657	0.04226	0.34286	0.02961	0.03954	0.01756	0.01949	0.01323	0.00872	0.00801	0.00232	0.00966	0.00705	0.00642	0.10921
5	0.01742	0.01494	0.01731	0.01256	0.01979	0.01161	0.01003	0.02222	0.05216	0.02750	0.01583	0.01800	0.01304	0.00644	0.00628	0.00132	0.00618	0.00517	0.00512	0.71708
6	0.02322	0.16592	0.19595	0.02549	0.12223	0.05728	0.07243	0.18347	0.02371	0.03161	0.01572	0.01806	0.01207	0.00817	0.00768	0.00239	0.01071	0.00661	0.00496	0.01234
7	0.05722	0.16998	0.26077	0.01942	0.02819	0.02157	0.05402	0.10703	0.02142	0.15679	0.01843	0.01924	0.01309	0.00842	0.00750	0.00243	0.00996	0.00654	0.00562	0.01236
8	0.01067	0.00762	0.01026	0.01219	0.01291	0.00722	0.00866	0.01251	0.01644	0.02182	0.04549	0.60126	0.05376	0.02551	0.01075	0.00345	0.00529	0.11961	0.00770	0.00690
9	0.15513	0.03458	0.02172	0.01949	0.02407	0.52251	0.01485	0.06982	0.02295	0.02524	0.01308	0.01505	0.01063	0.00851	0.00715	0.00224	0.01316	0.00534	0.00468	0.00981
10	0.02304	0.05420	0.02527	0.02773	0.23340	0.11217	0.01711	0.19124	0.02507	0.03188	0.02989	0.03108	0.14036	0.01098	0.00832	0.00246	0.00922	0.00901	0.00599	0.01159
11	0.01951	0.21632	0.26930	0.02997	0.21704	0.02321	0.06280	0.02570	0.01790	0.02474	0.01433	0.01761	0.01148	0.00748	0.00742	0.00236	0.01075	0.00629	0.00374	0.01203
12	0.01403	0.01058	0.01215	0.01129	0.01425	0.01032	0.00861	0.02125	0.14511	0.05749	0.32479	0.05999	0.24453	0.01682	0.00947	0.00271	0.00467	0.01440	0.00861	0.00891
13	0.02960	0.02228	0.02381	0.01871	0.02501	0.02484	0.01531	0.52232	0.14849	0.04916	0.02247	0.02195	0.01617	0.01021	0.00834	0.00255	0.00868	0.00783	0.00834	0.01395
14	0.71895	0.01618	0.01263	0.01131	0.01642	0.01877	0.00926	0.02568	0.05429	0.03711	0.01299	0.01462	0.01004	0.00794	0.00535	0.00259	0.00644	0.00481	0.00535	0.00926
15	0.01208	0.00805	0.00906	0.00906	0.00906	0.00805	0.00503	0.01208	0.01208	0.01611	0.02618	0.05436	0.03020	0.70804	0.04228	0.00805	0.00805	0.01208	0.00503	0.00503
16	0.01066	0.00774	0.00920	0.01012	0.01095	0.00721	0.00659	0.01180	0.01538	0.01990	0.04796	0.37054	0.17502	0.23445	0.02017	0.00469	0.00568	0.01877	0.00689	0.00628
17	0.76672	0.01607	0.01221	0.01092	0.01607	0.01864	0.00900	0.02442	0.01414	0.03727	0.01157	0.01350	0.00900	0.00771	0.00514	0.00257	0.00643	0.00450	0.00514	0.00900
18	0.01197	0.00849	0.01125	0.01125	0.01201	0.00924	0.00777	0.01349	0.01273	0.01773	0.02417	0.04326	0.02538	0.37800	0.36574	0.01076	0.01531	0.01046	0.00474	0.00625
19	0.02056	0.01974	0.03372	0.05099	0.65622	0.01974	0.02550	0.02550	0.01892	0.02714	0.01563	0.02056	0.01316	0.00740	0.00822	0.00247	0.00987	0.00740	0.00411	0.01316
20	0.01549	0.00774	0.00774	0.00774	0.00968	0.00774	0.00581	0.01936	0.01742	0.03097	0.02710	0.03097	0.02129	0.00968	0.00581	0.00194	0.00387	0.00774	0.75416	0.00774
21	0.02928	0.17371	0.02752	0.01997	0.02481	0.54687	0.01569	0.03152	0.02222	0.02018	0.01258	0.01465	0.01069	0.00827	0.00706	0.00207	0.01377	0.00517	0.00414	0.00984
22	0.01208	0.00805	0.00906	0.00906	0.00906	0.00805	0.00503	0.01208	0.01208	0.01611	0.02618	0.05436	0.03020	0.70804	0.04228	0.00805	0.00805	0.01208	0.00503	0.00503
23	0.03225	0.02219	0.02427	0.01860	0.02523	0.02417	0.01537	0.55931	0.03726	0.12411	0.02146	0.02093	0.01489	0.01001	0.00832	0.00250	0.00890	0.00758	0.00854	0.01413
24	0.02819	0.02372	0.02175	0.01829	0.02370	0.16090	0.01447	0.22087	0.25169	0.11090	0.02495	0.02386	0.01821	0.01018	0.00819	0.00254	0.00922	0.00782	0.00773	0.01281
25	0.01926	0.11010	0.27067	0.03585	0.32582	0.02117	0.05021	0.02577	0.01819	0.02592	0.01493	0.01866	0.01186	0.00753	0.00782	0.00246	0.01082	0.00668	0.00382	0.01246
26	0.76672	0.01607	0.01221	0.01092	0.01607	0.01864	0.00900	0.02442	0.01414	0.03727	0.01157	0.01350	0.00900	0.00771	0.00514	0.00257	0.00643	0.00450	0.00514	0.00900
27	0.01137	0.00848	0.01057	0.01005	0.01217	0.00767	0.00753	0.01493	0.02260	0.03115	0.53878	0.06562	0.19279	0.01779	0.00980	0.00265	0.00398	0.01552	0.00886	0.00767
28	0.01818	0.01818	0.02545	0.02181	0.02181	0.02545	0.01818	0.01999	0.01272	0.01999	0.01091	0.01818	0.01091	0.01454	0.02726	0.00364	0.69284	0.00727	0.00364	0.00909
29	0.03112	0.03691	0.02377	0.02103	0.02570	0.56818	0.01601	0.13089	0.02609	0.02559	0.01401	0.01580	0.01126	0.00879	0.00763	0.00220	0.01402	0.00570	0.00494	0.01037
30	0.01008	0.00739	0.00948	0.01115	0.01194	0.00678	0.00753	0.01161	0.01630	0.02137	0.05085	0.62052	0.13378	0.02537	0.01050	0.00330	0.00474	0.02281	0.00771	0.00678
31	0.01749	0.03801	0.53019	0.02951	0.16841	0.01939	0.02958	0.02614	0.01783	0.02649	0.01506	0.01818	0.01109	0.00779	0.00796	0.00260	0.01176	0.00641	0.00364	0.01247
32	0.01723	0.01477	0.01723	0.01230	0.01969	0.01107	0.00984	0.02092	0.01723	0.02707	0.01477	0.01723	0.01230	0.00615	0.00615	0.00123	0.00615	0.00492	0.00492	0.75883
33	0.01918	0.52940	0.03466	0.01309	0.01902	0.02627	0.01255	0.02179	0.01743	0.02044	0.02823	0.03147	0.14422	0.01085	0.00659	0.00210	0.00786	0.04048	0.00463	0.00975
34	0.01123	0.00868	0.01041	0.01117	0.01309	0.00808	0.00842	0.01461	0.04679	0.02431	0.13015	0.26920	0.27137	0.02197	0.01027	0.00313	0.00505	0.11676	0.00790	0.00741
35	0.01584	0.01233	0.01620	0.15722	0.02473	0.01348	0.01266	0.02477	0.18186	0.05833	0.22746	0.14793	0.04369	0.01480	0.00919	0.00282	0.00643	0.01301	0.00762	0.00964
36	0.01666	0.04297	0.66500	0.02368	0.03596	0.01929	0.03069	0.02631	0.01754	0.02631	0.01491	0.01754	0.01052	0.00789	0.00789	0.00263	0.01228	0.00614	0.00351	0.01228
37	0.01960	0.02023	0.02623	0.30483	0.23130	0.13731	0.02129	0.02408	0.01826	0.02269	0.01542	0.02139	0.01260	0.01339	0.07376	0.00360	0.01251	0.00717	0.00400	0.01033
38	0.01569	0.01477	0.02492	0.68808	0.05722	0.01846	0.02307	0.02123	0.01661	0.02123	0.01477	0.02215	0.01107	0.00831	0.00831	0.00277	0.01107	0.00738	0.00369	0.00923
39	0.03158	0.02327	0.02493	0.01911	0.02576	0.02576	0.01579	0.62852	0.03906	0.05236	0.01995	0.01995	0.01413	0.00997	0.00831	0.00249	0.00914	0.00748	0.00831	0.01413
40	0.01049	0.00807	0.00959	0.00999	0.01183	0.00718	0.00720	0.01293	0.01937	0.02530	0.24130	0.26588	0.29826	0.02136	0.01005	0.00292	0.00431	0.01865	0.00814	0.00718
41	0.01108	0.00811	0.00954	0.00972	0.01101	0.00750	0.00656	0.01288	0.01744	0.02307	0.20669	0.18047	0.20059	0.23521	0.02008	0.00450	0.00544	0.01629	0.00725	0.00656
42	0.01549	0.00774	0.00774	0.00774	0.00968	0.00774	0.00581	0.01936	0.01742	0.03097	0.02710	0.03097	0.02129	0.00968	0.00581	0.00194	0.00387	0.00774	0.75416	0.00774
43	0.03059	0.02492	0.02423	0.01922	0.02540	0.10903	0.01560	0.50232	0.08797	0.04674	0.02020	0.02024	0.01464	0.00990	0.00822	0.00248	0.00968	0.00737	0.00780	0.01347
44	0.01020	0.00843	0.00894	0.00882	0.01145	0.00718	0.00661	0.01266	0.01984	0.02458	0.19575	0.07643	0.53992	0.02024	0.00981	0.00277	0.00415	0.01704	0.00800	0.00718
45	0.02179	0.02446	0.02208	0.01981	0.02179	0.27370	0.01566	0.02398	0.01705	0.01997	0.01412	0.02008	0.01297	0.02260	0.16039	0.00517	0.28450	0.00688	0.00406	0.00894
46	0.03158	0.02327	0.02493	0.01911	0.02576	0.02576	0.01579	0.62852	0.03906	0.05236	0.01995	0.01995	0.01413	0.00997	0.00831	0.00249	0.00914	0.00748	0.00831	0.01413
47	0.01187	0.00890	0.01335	0.01335	0.01483	0.01038	0.01038	0.01483	0.01335	0.01928	0.02225	0.03264	0.02077	0.06231	0.67512	0.01335	0.02225	0.00890	0.00445	0.00742
48	0.01208	0.00805	0.00906	0.00906	0.00906	0.00805	0.00503	0.01208	0.01208	0.01611	0.02618	0.05436	0.03020	0.70804	0.04228	0.00805	0.00805	0.01208	0.00503	0.00503
49	0.00982	0.00842	0.00842	0.00842	0.01122	0.00701	0.00631	0.01192	0.01894	0.02244	0.08416	0.07995	0.65285	0.02104	0.00982	0.00281	0.00421	0.01753	0.00771	0.00701
50	0.01187	0.00890	0.01335	0.01335	0.01483	0.01038	0.01038	0.01483	0.01335	0.01928	0.02225	0.03264	0.02077	0.06231	0.67512	0.01335	0.02225	0.00890	0.00445	0.00742
51	0.02221	0.71304	0.04353	0.01421	0.02132	0.03287	0.01421	0.02488	0.01688	0.01955	0.01155	0.01333	0.01066	0.00711	0.00533	0.00178	0.00888	0.00444	0.00355	0.01066
52	0.02056	0.01974	0.03372	0.05099	0.65622	0.01974	0.02550	0.02550	0.01892	0.02714	0.01563	0.02056	0.01316	0.00740	0.00822	0.00247	0.00987	0.00740	0.00411	0.01316
53	0.01005	0.00842	0.00873	0.00866	0.01136	0.00711	0.00649	0.01236	0.01947	0.02372	0.15097	0.07784	0.58524	0.02056	0.00982	0.00278	0.00417	0.01724	0.00788	0.00711
54	0.01873	0.01787	0.03041	0.29053	0.43100	0.01926	0.02458	0.02389	0.01805	0.02492	0.01530	0.02116	0.01238	0.00774	0.00825	0.00258	0.01032	0.00739	0.00395	0.01168
55	0.01009	0.00737	0.00950	0.01120	0.01195	0.00678	0.00755	0.01161	0.01626	0.02135	0.05030	0.62934	0.12532	0.02544	0.01051	0.00331	0.00475	0.02290	0.00771	0.00678
56	0.01420	0.01203	0.01275	0.01224	0.01566	0.01233	0.00955	0.02440	0.24994	0.02725	0.06152	0.06313	0.36038	0.01760	0.00947	0.00291	0.00543	0.07187	0.00798	0.00935
57	0.00999	0.00842	0.00865	0.00859	0.01132	0.00708	0.00644	0.01225	0.01933	0.02338	0.13298	0.07841	0.60345	0.02069	0.00982	0.00279	0.00418	0.01732	0.00784	0.00708
58	0.01723	0.01477	0.01723	0.01230	0.01969	0.01107	0.00984	0.02092	0.01723	0.02707	0.01477	0.01723	0.01230	0.00615	0.00615	0.00123	0.00615	0.00492	0.00492	0.75883
59	0.02105	0.02067	0.03324	0.04960	0.62649	0.05063	0.02505	0.02586	0.01913	0.02682	0.01549	0.02030	0.01304	0.00746	0.00819	0.00245	0.01011	0.00731	0.00412	0.01299
60	0.06817	0.02051	0.03367	0.04171	0.43045	0.05267	0.14265	0.02540	0.01898	0.02711	0.01871	0.02301	0.04303	0.00805	0.00838	0.00254	0.01046	0.00807	0.00438	0.01203

[dist]
# distance from previous block
# <min> <max>
0	1

[block]
# block no. 2 follows, 22 sequences, length 152
# corresponding to MSA columns:
# 103-254
name=unknown_C
#
# <colnr> <probs for GDERKNQSTAVLIFYWHMCP>
#	G	D	E	R	K	N	Q	S	T	A	V	L	I	F	Y	W	H	M	C	P
0	0.07792	0.24389	0.02669	0.01643	0.04755	0.02333	0.01330	0.12325	0.17946	0.03125	0.06072	0.05598	0.04621	0.01066	0.00738	0.00241	0.00753	0.00832	0.00637	0.01133
1	0.02523	0.01794	0.02100	0.01748	0.05714	0.01753	0.01331	0.23763	0.07973	0.12315	0.04564	0.02280	0.01782	0.00898	0.00766	0.00211	0.00747	0.00720	0.00726	0.26292
2	0.25061	0.02189	0.06998	0.02209	0.12884	0.05085	0.01609	0.18180	0.11741	0.03742	0.01808	0.01936	0.01368	0.00883	0.00728	0.00256	0.00855	0.00665	0.00612	0.01191
3	0.02785	0.02093	0.02288	0.01751	0.02406	0.02216	0.01437	0.48062	0.03358	0.04586	0.01903	0.01999	0.01407	0.01162	0.03841	0.00274	0.00915	0.00704	0.00747	0.16065
4	0.02024	0.02517	0.15775	0.04434	0.50691	0.04771	0.02612	0.02598	0.01884	0.02668	0.01537	0.01973	0.01253	0.00755	0.00813	0.00249	0.01056	0.00706	0.00400	0.01283
5	0.01208	0.00805	0.00906	0.00906	0.00906	0.00805	0.00503	0.01208	0.01208	0.01611	0.02618	0.05436	0.03020	0.70804	0.04228	0.00805	0.00805	0.01208	0.00503	0.00503
6	0.02056	0.01974	0.03372	0.05099	0.65622	0.01974	0.02550	0.02550	0.01892	0.02714	0.01563	0.02056	0.01316	0.00740	0.00822	0.00247	0.00987	0.00740	0.00411	0.01316
7	0.01082	0.00821	0.01014	0.01139	0.01303	0.00753	0.00862	0.01308	0.01774	0.02253	0.05860	0.33791	0.25981	0.02355	0.01055	0.00329	0.00530	0.16313	0.00770	0.00706
8	0.01012	0.00723	0.00964	0.01157	0.01205	0.00675	0.00771	0.01157	0.01591	0.02121	0.04579	0.70262	0.05495	0.02603	0.01060	0.00337	0.00482	0.02362	0.00771	0.00675
9	0.01723	0.01477	0.01723	0.01230	0.01969	0.01107	0.00984	0.02092	0.01723	0.02707	0.01477	0.01723	0.01230	0.00615	0.00615	0.00123	0.00615	0.00492	0.00492	0.75883
10	0.10134	0.07062	0.56308	0.02181	0.03305	0.01984	0.02750	0.02603	0.01713	0.02723	0.01438	0.01689	0.01036	0.00784	0.00747	0.00258	0.01146	0.00588	0.00369	0.01183
11	0.02415	0.02575	0.03047	0.03817	0.37445	0.20979	0.05600	0.06203	0.05013	0.02689	0.01597	0.01950	0.01303	0.00804	0.00812	0.00241	0.01139	0.00704	0.00460	0.01208
12	0.01549	0.00774	0.00774	0.00774	0.00968	0.00774	0.00581	0.01936	0.01742	0.03097	0.02710	0.03097	0.02129	0.00968	0.00581	0.00194	0.00387	0.00774	0.75416	0.00774
13	0.01208	0.00805	0.00906	0.00906	0.00906	0.00805	0.00503	0.01208	0.01208	0.01611	0.02618	0.05436	0.03020	0.70804	0.04228	0.00805	0.00805	0.01208	0.00503	0.00503
14	0.02162	0.02665	0.22786	0.02815	0.08372	0.01934	0.23560	0.02812	0.01896	0.13264	0.01825	0.02136	0.01319	0.00859	0.01055	0.00277	0.07773	0.00801	0.00495	0.01197
15	0.02060	0.01902	0.02804	0.03804	0.41508	0.02009	0.02080	0.03258	0.25537	0.03003	0.02254	0.02453	0.01779	0.00887	0.00831	0.00260	0.00862	0.00816	0.00576	0.01316
16	0.01176	0.00849	0.01110	0.01045	0.01241	0.00784	0.00784	0.01568	0.02352	0.03331	0.65184	0.06206	0.07839	0.01698	0.00980	0.00261	0.00392	0.01502	0.00914	0.00784
17	0.01187	0.00890	0.01335	0.01335	0.01483	0.01038	0.01038	0.01483	0.01335	0.01928	0.02225	0.03264	0.02077	0.06231	0.67512	0.01335	0.02225	0.00890	0.00445	0.00742
18	0.02331	0.01806	0.01957	0.01667	0.02165	0.02018	0.01321	0.19535	0.38414	0.06796	0.09966	0.03144	0.02814	0.01153	0.00856	0.00270	0.00698	0.00947	0.00858	0.01286
19	0.02492	0.50738	0.03751	0.01630	0.02265	0.19869	0.01476	0.05445	0.01961	0.02124	0.01227	0.01406	0.01083	0.00761	0.00603	0.00190	0.01047	0.00482	0.00396	0.01055
20	0.01159	0.00867	0.01140	0.01155	0.01303	0.00911	0.00862	0.01382	0.01471	0.01972	0.03793	0.05191	0.15972	0.18573	0.35036	0.00927	0.01432	0.05617	0.00551	0.00685
21	0.01891	0.18302	0.48632	0.02152	0.03211	0.07174	0.02613	0.02653	0.01786	0.02444	0.01405	0.01646	0.01057	0.00778	0.00733	0.00241	0.01177	0.00572	0.00358	0.01174
22	0.25417	0.02251	0.02504	0.03272	0.33325	0.14853	0.01851	0.02668	0.01835	0.02894	0.01382	0.01727	0.01138	0.00773	0.00712	0.00243	0.00981	0.00610	0.00446	0.01117
23	0.01765	0.01727	0.03048	0.39952	0.22168	0.01942	0.10062	0.02306	0.01748	0.02352	0.01511	0.02158	0.01185	0.00814	0.00924	0.00272	0.03851	0.00769	0.00387	0.01058
24	0.01773	0.01622	0.01979	0.01918	0.07785	0.06489	0.06116	0.02864	0.23701	0.03173	0.28047	0.04077	0.04368	0.01270	0.00901	0.00265	0.00702	0.01123	0.00768	0.01057
25	0.01666	0.04297	0.66500	0.02368	0.03596	0.01929	0.03069	0.02631	0.01754	0.02631	0.01491	0.01754	0.01052	0.00789	0.00789	0.00263	0.01228	0.00614	0.00351	0.01228
26	0.01684	0.02145	0.17481	0.01638	0.02237	0.01666	0.01569	0.03121	0.31895	0.02997	0.07620	0.03996	0.15878	0.01286	0.00869	0.00276	0.00731	0.01066	0.00712	0.01131
27	0.05930	0.23455	0.03114	0.02610	0.22514	0.06063	0.01682	0.05255	0.01888	0.02605	0.01401	0.01689	0.01189	0.00725	0.00669	0.00198	0.00886	0.00569	0.00437	0.17119
28	0.00982	0.00842	0.00842	0.00842	0.01122	0.00701	0.00631	0.01192	0.01894	0.02244	0.08416	0.07995	0.65285	0.02104	0.00982	0.00281	0.00421	0.01753	0.00771	0.00701
29	0.02203	0.12693	0.38324	0.02099	0.03083	0.02312	0.02386	0.21263	0.02412	0.03347	0.01602	0.01772	0.01166	0.00843	0.00768	0.00247	0.01085	0.00633	0.00500	0.01263
30	0.02455	0.16397	0.10575	0.02485	0.10623	0.28512	0.07224	0.03006	0.06738	0.02338	0.01512	0.01753	0.01226	0.00813	0.00749	0.00228	0.01213	0.00622	0.00434	0.01099
31	0.01349	0.01029	0.01287	0.01398	0.01586	0.01068	0.01082	0.02045	0.15049	0.02535	0.04261	0.35075	0.04619	0.02182	0.01044	0.00341	0.00616	0.21805	0.00785	0.00842
32	0.76672	0.01607	0.01221	0.01092	0.01607	0.01864	0.00900	0.02442	0.01414	0.03727	0.01157	0.01350	0.00900	0.00771	0.00514	0.00257	0.00643	0.00450	0.00514	0.00900
33	0.01012	0.00723	0.00964	0.01157	0.01205	0.00675	0.00771	0.01157	0.01591	0.02121	0.04579	0.70262	0.05495	0.02603	0.01060	0.00337	0.00482	0.02362	0.00771	0.00675
34	0.01120	0.00847	0.01034	0.00987	0.01207	0.00760	0.00740	0.01461	0.02221	0.03021	0.48978	0.06716	0.24238	0.01814	0.00980	0.00267	0.00400	0.01574	0.00874	0.00760
35	0.01762	0.15858	0.55778	0.02205	0.03343	0.02164	0.02785	0.02606	0.01743	0.02514	0.01433	0.01681	0.01055	0.00776	0.00745	0.00248	0.01169	0.00585	0.00352	0.01200
36	0.01187	0.00890	0.01335	0.01335	0.01483	0.01038	0.01038	0.01483	0.01335	0.01928	0.02225	0.03264	0.02077	0.06231	0.67512	0.01335	0.02225	0.00890	0.00445	0.00742
37	0.01813	0.06406	0.43930	0.02447	0.09233	0.02021	0.02574	0.02998	0.15078	0.02790	0.01887	0.02052	0.01395	0.00853	0.00793	0.00262	0.01068	0.00688	0.00462	0.01248
38	0.01072	0.00820	0.00984	0.00997	0.01191	0.00731	0.00727	0.01347	0.02027	0.02688	0.32139	0.20513	0.27686	0.02035	0.00998	0.00284	0.00421	0.01775	0.00833	0.00731
39	0.01958	0.03482	0.38161	0.03256	0.24231	0.09321	0.02731	0.02681	0.01868	0.02591	0.01492	0.01826	0.01143	0.00780	0.00796	0.00252	0.01178	0.00647	0.00380	0.01227
40	0.01684	0.04191	0.63627	0.02492	0.06418	0.01931	0.03046	0.02627	0.01760	0.02635	0.01494	0.01768	0.01064	0.00787	0.00791	0.00262	0.01217	0.00620	0.00354	0.01232
41	0.02623	0.40591	0.03442	0.01749	0.02331	0.32558	0.01505	0.02866	0.01992	0.01990	0.01214	0.01408	0.01068	0.00777	0.00632	0.00194	0.01166	0.00486	0.00389	0.01019
42	0.02279	0.54105	0.03868	0.01774	0.06956	0.11797	0.01500	0.02553	0.01802	0.02034	0.01493	0.01676	0.03647	0.00788	0.00602	0.00192	0.00960	0.00531	0.00386	0.01056
43	0.02436	0.01929	0.02112	0.01881	0.04837	0.02171	0.01435	0.20635	0.42360	0.06417	0.02917	0.02738	0.02154	0.01071	0.00840	0.00270	0.00744	0.00874	0.00831	0.01346
44	0.02895	0.03305	0.02643	0.02232	0.02709	0.43449	0.07525	0.14349	0.02517	0.02694	0.01440	0.01690	0.01155	0.00918	0.00954	0.00240	0.07095	0.00634	0.00498	0.01058
45	0.02418	0.02068	0.11600	0.02222	0.10493	0.01578	0.07730	0.07611	0.02116	0.19500	0.02022	0.02131	0.01449	0.00802	0.00777	0.00219	0.00875	0.00699	0.00622	0.23066
46	0.09469	0.34821	0.18917	0.01764	0.02527	0.15470	0.01812	0.02682	0.01809	0.02308	0.01263	0.01470	0.01047	0.00765	0.00637	0.00214	0.01068	0.00504	0.00384	0.01069
47	0.01337	0.00994	0.01398	0.01354	0.01532	0.01141	0.01048	0.06112	0.01522	0.02160	0.02231	0.03295	0.02082	0.09626	0.58750	0.01222	0.02043	0.00898	0.00478	0.00779
48	0.02267	0.07747	0.02099	0.01677	0.02136	0.17885	0.01319	0.08648	0.28857	0.03043	0.07680	0.03125	0.07719	0.01143	0.00818	0.00253	0.00862	0.00897	0.00703	0.01126
49	0.01708	0.09369	0.61796	0.02296	0.03485	0.02032	0.02945	0.02620	0.01749	0.02580	0.01465	0.01722	0.01053	0.00783	0.00770	0.00257	0.01202	0.00601	0.00351	0.01216
50	0.01856	0.01770	0.03011	0.31260	0.41025	0.01921	0.02450	0.02374	0.01797	0.02471	0.01527	0.02121	0.01230	0.00777	0.00826	0.00259	0.01036	0.00739	0.00394	0.01154
51	0.01385	0.04388	0.01350	0.01156	0.01509	0.01261	0.00900	0.02265	0.21129	0.02596	0.06208	0.05931	0.39683	0.01946	0.04291	0.00330	0.00607	0.01397	0.00759	0.00910
52	0.00987	0.00823	0.00861	0.00891	0.01135	0.00697	0.00653	0.01187	0.01846	0.02225	0.07810	0.17828	0.55843	0.02183	0.00994	0.00290	0.00430	0.01849	0.00771	0.00697
53	0.02044	0.01882	0.02524	0.02077	0.02626	0.02074	0.14398	0.04040	0.50852	0.03301	0.03018	0.02916	0.02264	0.01036	0.00874	0.00281	0.00816	0.00948	0.00755	0.01273
54	0.00982	0.00842	0.00842	0.00842	0.01122	0.00701	0.00631	0.01192	0.01894	0.02244	0.08416	0.07995	0.65285	0.02104	0.00982	0.00281	0.00421	0.01753	0.00771	0.00701
55	0.03158	0.02327	0.02493	0.01911	0.02576	0.02576	0.01579	0.62852	0.03906	0.05236	0.01995	0.01995	0.01413	0.00997	0.00831	0.00249	0.00914	0.00748	0.00831	0.01413
56	0.01723	0.01477	0.01723	0.01230	0.01969	0.01107	0.00984	0.02092	0.01723	0.02707	0.01477	0.01723	0.01230	0.00615	0.00615	0.00123	0.00615	0.00492	0.00492	0.75883
57	0.01208	0.00805	0.00906	0.00906	0.00906	0.00805	0.00503	0.01208	0.01208	0.01611	0.02618	0.05436	0.03020	0.70804	0.04228	0.00805	0.00805	0.01208	0.00503	0.00503
58	0.03114	0.03637	0.02382	0.02095	0.02570	0.54674	0.01600	0.15056	0.02660	0.02665	0.01424	0.01596	0.01138	0.00884	0.00765	0.00221	0.01383	0.00577	0.00507	0.01052
59	0.02535	0.05390	0.02443	0.02190	0.07466	0.25812	0.04010	0.09291	0.23586	0.02940	0.02113	0.02172	0.01639	0.00932	0.00791	0.00241	0.01050	0.00723	0.00608	0.04066
60	0.02120	0.01984	0.03239	0.04728	0.58503	0.02013	0.02426	0.06101	0.05452	0.02900	0.01688	0.02110	0.01389	0.00776	0.00824	0.00249	0.00965	0.00752	0.00459	0.01321
61	0.02273	0.67350	0.04236	0.01464	0.02158	0.07055	0.01432	0.02536	0.01727	0.01959	0.01163	0.01342	0.01066	0.00719	0.00546	0.00180	0.00924	0.00450	0.00360	0.01060
62	0.01129	0.00847	0.01046	0.00996	0.01213	0.00764	0.00747	0.01478	0.02242	0.03071	0.51577	0.06634	0.21608	0.01796	0.00980	0.00266	0.00399	0.01563	0.00880	0.00764
63	0.01666	0.04297	0.66500	0.02368	0.03596	0.01929	0.03069	0.02631	0.01754	0.02631	0.01491	0.01754	0.01052	0.00789	0.00789	0.00263	0.01228	0.00614	0.00351	0.01228
64	0.01208	0.00805	0.00906	0.00906	0.00906	0.00805	0.00503	0.01208	0.01208	0.01611	0.02618	0.05436	0.03020	0.70804	0.04228	0.00805	0.00805	0.01208	0.00503	0.00503
65	0.01203	0.00827	0.01016	0.01016	0.01054	0.00865	0.00641	0.01279	0.01241	0.01692	0.02517	0.04880	0.02778	0.54254	0.20448	0.00941	0.01169	0.01127	0.00488	0.00564
66	0.01549	0.00774	0.00774	0.00774	0.00968	0.00774	0.00581	0.01936	0.01742	0.03097	0.02710	0.03097	0.02129	0.00968	0.00581	0.00194	0.00387	0.00774	0.75416	0.00774
67	0.01057	0.00810	0.00883	0.00916	0.01069	0.00729	0.00616	0.01191	0.01629	0.02027	0.05958	0.17945	0.35685	0.23468	0.02001	0.00453	0.00550	0.01689	0.00688	0.00635
68	0.01549	0.00774	0.00774	0.00774	0.00968	0.00774	0.00581	0.01936	0.01742	0.03097	0.02710	0.03097	0.02129	0.00968	0.00581	0.00194	0.00387	0.00774	0.75416	0.00774
69	0.02221	0.71304	0.04353	0.01421	0.02132	0.03287	0.01421	0.02488	0.01688	0.01955	0.01155	0.01333	0.01066	0.00711	0.00533	0.00178	0.00888	0.00444	0.00355	0.01066
70	0.03103	0.03959	0.02354	0.02140	0.02568	0.67469	0.01605	0.03317	0.02354	0.02033	0.01284	0.01498	0.01070	0.00856	0.00749	0.00214	0.01498	0.00535	0.00428	0.00963
71	0.02334	0.01918	0.02029	0.01745	0.02262	0.02192	0.01380	0.18765	0.49334	0.03907	0.03041	0.02828	0.02260	0.01095	0.00842	0.00274	0.00720	0.00892	0.00842	0.01339
72	0.10138	0.03818	0.54375	0.02431	0.08066	0.01925	0.02786	0.02603	0.01726	0.02761	0.01459	0.01731	0.01055	0.00784	0.00761	0.00261	0.01144	0.00605	0.00374	0.01197
73	0.02248	0.02433	0.03492	0.04158	0.39758	0.15279	0.15178	0.02729	0.02000	0.02565	0.01531	0.01982	0.01254	0.00755	0.00841	0.00247	0.01179	0.00750	0.00417	0.01203
74	0.01156	0.00848	0.01084	0.01025	0.01229	0.00776	0.00769	0.01530	0.02306	0.03223	0.59506	0.06384	0.13585	0.01739	0.00980	0.00263	0.00395	0.01527	0.00900	0.00776
75	0.01030	0.00843	0.00908	0.00892	0.01151	0.00722	0.00669	0.01285	0.02007	0.02513	0.22435	0.07553	0.51099	0.02004	0.00981	0.00276	0.00414	0.01691	0.00807	0.00722
76	0.03158	0.02327	0.02493	0.01911	0.02576	0.02576	0.01579	0.62852	0.03906	0.05236	0.01995	0.01995	0.01413	0.00997	0.00831	0.00249	0.00914	0.00748	0.00831	0.01413
77	0.02655	0.17282	0.02841	0.01953	0.02396	0.27376	0.01607	0.14601	0.02290	0.02641	0.01356	0.01630	0.01141	0.00981	0.01142	0.00245	0.15725	0.00599	0.00479	0.01062
78	0.01070	0.00845	0.00964	0.00934	0.01176	0.00739	0.00701	0.01363	0.02102	0.02739	0.34243	0.07181	0.39149	0.01919	0.00981	0.00272	0.00408	0.01639	0.00837	0.00739
79	0.01934	0.24519	0.31713	0.02745	0.18374	0.02362	0.02430	0.02566	0.01767	0.02441	0.01404	0.01697	0.01121	0.00753	0.00718	0.00233	0.01063	0.00592	0.00367	0.01199
80	0.76672	0.01607	0.01221	0.01092	0.01607	0.01864	0.00900	0.02442	0.01414	0.03727	0.01157	0.01350	0.00900	0.00771	0.00514	0.00257	0.00643	0.00450	0.00514	0.00900
81	0.01569	0.01477	0.02492	0.68808	0.05722	0.01846	0.02307	0.02123	0.01661	0.02123	0.01477	0.02215	0.01107	0.00831	0.00831	0.00277	0.01107	0.00738	0.00369	0.00923
82	0.02555	0.01877	0.02072	0.01648	0.02170	0.02031	0.01337	0.44204	0.03433	0.04656	0.21222	0.03276	0.03368	0.01211	0.00876	0.00253	0.00755	0.00978	0.00856	0.01221
83	0.03727	0.01414	0.01928	0.01478	0.02121	0.01221	0.01221	0.04049	0.02378	0.66198	0.03277	0.02828	0.02056	0.01028	0.00835	0.00257	0.00707	0.00835	0.01028	0.01414
84	0.01077	0.00769	0.01038	0.01230	0.01307	0.00730	0.00883	0.01268	0.01654	0.02193	0.04543	0.58256	0.05354	0.02542	0.01078	0.00346	0.00538	0.13732	0.00770	0.00693
85	0.01161	0.00849	0.01090	0.01030	0.01232	0.00778	0.00772	0.01539	0.02317	0.03249	0.60887	0.06341	0.12186	0.01729	0.00980	0.00263	0.00394	0.01521	0.00904	0.00778
86	0.01821	0.01879	0.03103	0.02485	0.02716	0.02343	0.17907	0.02146	0.01458	0.02171	0.01310	0.02010	0.01190	0.01518	0.05850	0.00395	0.47556	0.00803	0.00383	0.00956
87	0.01148	0.00848	0.01072	0.01016	0.01224	0.00772	0.00762	0.01514	0.02286	0.03175	0.57027	0.06463	0.16093	0.01757	0.00980	0.00264	0.00396	0.01538	0.00894	0.00772
88	0.02142	0.02344	0.02409	0.25966	0.03564	0.22008	0.01884	0.02658	0.07290	0.02184	0.01490	0.01976	0.01218	0.01020	0.01280	0.00280	0.18202	0.00691	0.00428	0.00966
89	0.01176	0.00849	0.01110	0.01045	0.01241	0.00784	0.00784	0.01568	0.02352	0.03331	0.65184	0.06206	0.07839	0.01698	0.00980	0.00261	0.00392	0.01502	0.00914	0.00784
90	0.01022	0.00727	0.00961	0.01144	0.01190	0.00681	0.00758	0.01159	0.01571	0.02095	0.04479	0.66976	0.05369	0.06060	0.01221	0.00361	0.00498	0.02303	0.00758	0.00666
91	0.02056	0.01974	0.03372	0.05099	0.65622	0.01974	0.02550	0.02550	0.01892	0.02714	0.01563	0.02056	0.01316	0.00740	0.00822	0.00247	0.00987	0.00740	0.00411	0.01316
92	0.01187	0.00890	0.01335	0.01335	0.01483	0.01038	0.01038	0.01483	0.01335	0.01928	0.02225	0.03264	0.02077	0.06231	0.67512	0.01335	0.02225	0.00890	0.00445	0.00742
93	0.01723	0.01477	0.01723	0.01230	0.01969	0.01107	0.00984	0.02092	0.01723	0.02707	0.01477	0.01723	0.01230	0.00615	0.00615	0.00123	0.00615	0.00492	0.00492	0.75883
94	0.01733	0.01693	0.02382	0.02067	0.02087	0.02342	0.01713	0.01930	0.01281	0.01990	0.01243	0.02012	0.01223	0.02096	0.11433	0.00494	0.60271	0.00749	0.00374	0.00886
95	0.02397	0.15612	0.03255	0.03531	0.35002	0.21612	0.02058	0.02765	0.01990	0.02369	0.01403	0.01755	0.01196	0.00769	0.00746	0.00224	0.01120	0.00624	0.00406	0.01164
96	0.00982	0.00842	0.00842	0.00842	0.01122	0.00701	0.00631	0.01192	0.01894	0.02244	0.08416	0.07995	0.65285	0.02104	0.00982	0.00281	0.00421	0.01753	0.00771	0.00701
97	0.01326	0.01105	0.01193	0.01171	0.01459	0.01115	0.00873	0.02182	0.20788	0.02641	0.08541	0.18706	0.31960	0.01888	0.00956	0.00291	0.00504	0.01615	0.00800	0.00886
98	0.02611	0.01906	0.02064	0.01656	0.02143	0.02083	0.01306	0.46028	0.03199	0.04285	0.02313	0.07840	0.02039	0.14882	0.01518	0.00366	0.00860	0.00961	0.00762	0.01178
99	0.01271	0.01030	0.01150	0.01088	0.01373	0.01002	0.00825	0.01972	0.14340	0.02907	0.29335	0.06339	0.30739	0.01755	0.00954	0.00273	0.00456	0.01496	0.00841	0.00854
100	0.03103	0.03959	0.02354	0.02140	0.02568	0.67469	0.01605	0.03317	0.02354	0.02033	0.01284	0.01498	0.01070	0.00856	0.00749	0.00214	0.01498	0.00535	0.00428	0.00963
101	0.01012	0.00723	0.00964	0.01157	0.01205	0.00675	0.00771	0.01157	0.01591	0.02121	0.04579	0.70262	0.05495	0.02603	0.01060	0.00337	0.00482	0.02362	0.00771	0.00675
102	0.02066	0.01785	0.01878	0.01691	0.02160	0.02066	0.01315	0.04414	0.64121	0.03475	0.03381	0.03099	0.02536	0.01127	0.00845	0.00282	0.00657	0.00939	0.00845	0.01315
103	0.02424	0.17676	0.09160	0.02604	0.16349	0.25352	0.01881	0.03035	0.09336	0.02394	0.01585	0.01799	0.01294	0.00825	0.00734	0.00226	0.01131	0.00616	0.00451	0.01130
104	0.01952	0.27527	0.28245	0.02526	0.10940	0.02440	0.10424	0.02574	0.01776	0.02405	0.01406	0.01708	0.01118	0.00743	0.00728	0.00233	0.01100	0.00619	0.00369	0.01167
105	0.02242	0.01574	0.01921	0.01817	0.07606	0.01575	0.01332	0.19617	0.06156	0.11126	0.05661	0.08988	0.07625	0.01342	0.00880	0.00263	0.00731	0.08393	0.00763	0.10391
106	0.01193	0.00864	0.01202	0.01202	0.01305	0.00966	0.00873	0.01398	0.01296	0.01830	0.02347	0.03937	0.02369	0.26230	0.47912	0.01171	0.01785	0.00989	0.00463	0.00668
107	0.02133	0.01683	0.01898	0.01452	0.02120	0.01559	0.01164	0.13279	0.14438	0.06186	0.02025	0.02092	0.01557	0.00802	0.00708	0.00183	0.00680	0.00641	0.00646	0.44756
108	0.01187	0.00890	0.01335	0.01335	0.01483	0.01038	0.01038	0.01483	0.01335	0.01928	0.02225	0.03264	0.02077	0.06231	0.67512	0.01335	0.02225	0.00890	0.00445	0.00742
109	0.01010	0.00730	0.00957	0.01138	0.01200	0.00676	0.00763	0.01159	0.01608	0.02128	0.04804	0.66606	0.09005	0.02573	0.01056	0.00334	0.00478	0.02326	0.00771	0.00676
110	0.01956	0.01538	0.01924	0.01702	0.09127	0.01268	0.01185	0.05036	0.01869	0.07582	0.01695	0.02014	0.01387	0.03662	0.00819	0.00182	0.00686	0.00588	0.00540	0.55239
111	0.05549	0.26761	0.03201	0.02433	0.14811	0.29724	0.01699	0.02844	0.01995	0.02208	0.01289	0.01545	0.01110	0.00780	0.00679	0.00210	0.01152	0.00541	0.00403	0.01066
112	0.02184	0.01673	0.02502	0.01970	0.02563	0.01642	0.16261	0.03253	0.22040	0.14650	0.03171	0.03422	0.06868	0.01089	0.00879	0.00265	0.00833	0.04411	0.00725	0.09599
113	0.01250	0.00979	0.01418	0.01642	0.08575	0.01028	0.01084	0.01519	0.01535	0.02119	0.05659	0.12741	0.09023	0.10666	0.33650	0.00851	0.01419	0.03516	0.00552	0.00773
114	0.07015	0.11508	0.02473	0.01867	0.02384	0.32192	0.01483	0.13687	0.14102	0.02946	0.01778	0.01856	0.01395	0.00909	0.00741	0.00231	0.01114	0.00632	0.00572	0.01116
115	0.01898	0.02346	0.15627	0.04238	0.48511	0.01869	0.02507	0.02463	0.01865	0.02662	0.02067	0.02446	0.06106	0.00853	0.00828	0.00253	0.00992	0.00792	0.00427	0.01252
116	0.02681	0.13451	0.06263	0.02141	0.07276	0.22114	0.01682	0.19629	0.11133	0.03186	0.01782	0.01887	0.01384	0.00897	0.00759	0.00233	0.01074	0.00655	0.00580	0.01193
117	0.02999	0.13420	0.02748	0.01891	0.02505	0.18452	0.01561	0.39027	0.03185	0.03949	0.01692	0.01771	0.01276	0.00919	0.00765	0.00230	0.01052	0.00649	0.00659	0.01250
118	0.01198	0.00807	0.00903	0.00903	0.00916	0.00801	0.00509	0.01207	0.01239	0.01640	0.02881	0.05553	0.05854	0.67678	0.04081	0.00782	0.00788	0.01233	0.00516	0.00512
119	0.01732	0.01755	0.05530	0.02047	0.10653	0.06464	0.04875	0.02676	0.18556	0.03014	0.23138	0.04146	0.09354	0.01281	0.00895	0.00264	0.00734	0.01119	0.00719	0.01047
120	0.02607	0.23466	0.05457	0.01783	0.02378	0.11697	0.01559	0.26867	0.02650	0.03328	0.01722	0.05713	0.01467	0.01002	0.00846	0.00235	0.04760	0.00714	0.00582	0.01166
121	0.02513	0.02962	0.02312	0.02479	0.13215	0.41989	0.01647	0.02793	0.02057	0.02128	0.01533	0.01971	0.01327	0.01983	0.15013	0.00459	0.01565	0.00646	0.00429	0.00977
122	0.02141	0.01762	0.02827	0.03933	0.45841	0.01747	0.02089	0.05879	0.02123	0.09109	0.11763	0.02780	0.02419	0.00933	0.00849	0.00250	0.00862	0.00870	0.00574	0.01247
123	0.01024	0.00728	0.00961	0.01142	0.01187	0.00682	0.00755	0.01160	0.01568	0.02091	0.04464	0.66456	0.05349	0.06607	0.01246	0.00365	0.00501	0.02294	0.00755	0.00665
124	0.01974	0.17567	0.45449	0.02134	0.03165	0.07200	0.02541	0.06190	0.01913	0.02603	0.01438	0.01664	0.01078	0.00791	0.00737	0.00241	0.01162	0.00582	0.00386	0.01186
125	0.01098	0.00823	0.01023	0.01052	0.01232	0.00747	0.00776	0.01385	0.02028	0.02721	0.32976	0.22556	0.21004	0.02054	0.01010	0.00292	0.00443	0.05210	0.00836	0.00736
126	0.17651	0.03055	0.37448	0.02159	0.05770	0.01791	0.06823	0.02442	0.01729	0.02883	0.05353	0.05897	0.01700	0.00934	0.00773	0.00266	0.01013	0.00764	0.00451	0.01096
127	0.01012	0.00723	0.00964	0.01157	0.01205	0.00675	0.00771	0.01157	0.01591	0.02121	0.04579	0.70262	0.05495	0.02603	0.01060	0.00337	0.00482	0.02362	0.00771	0.00675
128	0.02347	0.02754	0.06227	0.03729	0.30799	0.22501	0.14297	0.02816	0.02044	0.02487	0.01496	0.01905	0.01216	0.00771	0.00830	0.00244	0.01241	0.00718	0.00416	0.01162
129	0.01905	0.22550	0.42072	0.02016	0.03042	0.02293	0.02412	0.05895	0.01853	0.02592	0.01425	0.01649	0.01086	0.00769	0.00711	0.00231	0.01082	0.00567	0.00387	0.05462
130	0.72469	0.01648	0.01294	0.01139	0.01662	0.01904	0.00939	0.05896	0.01556	0.03814	0.01205	0.01386	0.00929	0.00784	0.00532	0.00257	0.00658	0.00467	0.00532	0.00929
131	0.01708	0.09369	0.61796	0.02296	0.03485	0.02032	0.02945	0.02620	0.01749	0.02580	0.01465	0.01722	0.01053	0.00783	0.00770	0.00257	0.01202	0.00601	0.00351	0.01216
132	0.01012	0.00723	0.00964	0.01157	0.01205	0.00675	0.00771	0.01157	0.01591	0.02121	0.04579	0.70262	0.05495	0.02603	0.01060	0.00337	0.00482	0.02362	0.00771	0.00675
133	0.01131	0.00796	0.01007	0.01044	0.01138	0.00754	0.00703	0.01336	0.01791	0.02467	0.28354	0.26879	0.05760	0.20849	0.01892	0.00435	0.00534	0.01702	0.00756	0.00672
134	0.01176	0.00849	0.01110	0.01045	0.01241	0.00784	0.00784	0.01568	0.02352	0.03331	0.65184	0.06206	0.07839	0.01698	0.00980	0.00261	0.00392	0.01502	0.00914	0.00784
135	0.01022	0.00727	0.00961	0.01144	0.01190	0.00681	0.00758	0.01159	0.01571	0.02095	0.04479	0.66976	0.05369	0.06060	0.01221	0.00361	0.00498	0.02303	0.00758	0.00666
136	0.03727	0.01414	0.01928	0.01478	0.02121	0.01221	0.01221	0.04049	0.02378	0.66198	0.03277	0.02828	0.02056	0.01028	0.00835	0.00257	0.00707	0.00835	0.01028	0.01414
137	0.01549	0.00774	0.00774	0.00774	0.00968	0.00774	0.00581	0.01936	0.01742	0.03097	0.02710	0.03097	0.02129	0.00968	0.00581	0.00194	0.00387	0.00774	0.75416	0.00774
138	0.01787	0.03576	0.46911	0.03215	0.22843	0.01943	0.02908	0.02606	0.01797	0.02657	0.01513	0.01848	0.01134	0.00774	0.00800	0.00258	0.01153	0.00653	0.00370	0.01255
139	0.01601	0.01552	0.02890	0.02977	0.19510	0.01487	0.21351	0.02020	0.01792	0.02456	0.02827	0.29846	0.02997	0.01484	0.00971	0.00294	0.00916	0.01478	0.00560	0.00992
140	0.01029	0.00843	0.00908	0.00892	0.01151	0.00722	0.00669	0.01284	0.02006	0.02511	0.22357	0.07556	0.51178	0.02004	0.00981	0.00276	0.00414	0.01692	0.00807	0.00722
141	0.02395	0.58026	0.03959	0.01563	0.02218	0.15942	0.01458	0.02651	0.01819	0.01970	0.01180	0.01365	0.01067	0.00739	0.00576	0.00185	0.01009	0.00462	0.00370	0.01046
142	0.02246	0.21263	0.08455	0.03390	0.32939	0.13327	0.02127	0.02668	0.01903	0.02387	0.01400	0.01743	0.01186	0.00756	0.00729	0.00224	0.01065	0.00616	0.00394	0.01182
143	0.02029	0.02118	0.06955	0.04857	0.58684	0.01979	0.06013	0.02560	0.01888	0.02706	0.01565	0.02050	0.01298	0.00741	0.00830	0.00250	0.01024	0.00747	0.00408	0.01300
144	0.01549	0.00774	0.00774	0.00774	0.00968	0.00774	0.00581	0.01936	0.01742	0.03097	0.02710	0.03097	0.02129	0.00968	0.00581	0.00194	0.00387	0.00774	0.75416	0.00774
145	0.01208	0.00805	0.00906	0.00906	0.00906	0.00805	0.00503	0.01208	0.01208	0.01611	0.02618	0.05436	0.03020	0.70804	0.04228	0.00805	0.00805	0.01208	0.00503	0.00503
146	0.01999	0.02134	0.04288	0.04142	0.28923	0.02050	0.38515	0.02616	0.01933	0.02682	0.01633	0.02167	0.01283	0.00716	0.00917	0.00267	0.01235	0.00884	0.00417	0.01199
147	0.01957	0.02409	0.15779	0.07455	0.50671	0.01959	0.02641	0.02546	0.01854	0.02671	0.01545	0.02004	0.01254	0.00754	0.00816	0.00251	0.01040	0.00715	0.00397	0.01281
148	0.14895	0.02340	0.04477	0.01636	0.02250	0.15823	0.01345	0.15555	0.07230	0.05858	0.01715	0.01824	0.01309	0.00837	0.00706	0.00215	0.00902	0.00602	0.00598	0.19882
149	0.02052	0.16808	0.03194	0.03448	0.36066	0.07321	0.01993	0.02424	0.01838	0.02399	0.02082	0.02415	0.07421	0.00929	0.00914	0.00242	0.06120	0.00758	0.00432	0.01145
150	0.01979	0.28004	0.29383	0.01875	0.02712	0.07305	0.02077	0.04844	0.01812	0.02364	0.01456	0.01762	0.01188	0.01386	0.08205	0.00349	0.01226	0.00583	0.00388	0.01102
151	0.09895	0.07899	0.05354	0.02457	0.14883	0.14550	0.01734	0.21642	0.05012	0.06322	0.01720	0.01870	0.01310	0.00873	0.00759	0.00240	0.01004	0.00660	0.00594	0.01221

[dist]
# distance from previous block
# <min> <max>
0	3

[block]
# block no. 3 follows, 22 sequences, length 38
# corresponding to MSA columns:
# 258-295
name=unknown_D
#
# <colnr> <probs for GDERKNQSTAVLIFYWHMCP>
#	G	D	E	R	K	N	Q	S	T	A	V	L	I	F	Y	W	H	M	C	P
0	0.11208	0.22868	0.06153	0.01599	0.02266	0.05156	0.01443	0.16237	0.05222	0.17387	0.01942	0.01927	0.01413	0.00881	0.00702	0.00231	0.00859	0.00635	0.00654	0.01217
1	0.01032	0.00740	0.00950	0.01108	0.01166	0.00691	0.00732	0.01165	0.01566	0.02071	0.04598	0.58990	0.08979	0.10305	0.01415	0.00387	0.00515	0.02193	0.00741	0.00657
2	0.01187	0.00890	0.01335	0.01335	0.01483	0.01038	0.01038	0.01483	0.01335	0.01928	0.02225	0.03264	0.02077	0.06231	0.67512	0.01335	0.02225	0.00890	0.00445	0.00742
3	0.02056	0.01974	0.03372	0.05099	0.65622	0.01974	0.02550	0.02550	0.01892	0.02714	0.01563	0.02056	0.01316	0.00740	0.00822	0.00247	0.00987	0.00740	0.00411	0.01316
4	0.02921	0.02209	0.02360	0.01863	0.02486	0.02465	0.01522	0.50149	0.16995	0.04853	0.02296	0.02235	0.01657	0.01025	0.00834	0.00256	0.00858	0.00790	0.00834	0.01392
5	0.02986	0.03713	0.02300	0.02089	0.02522	0.60053	0.01572	0.03442	0.09358	0.02197	0.01522	0.01680	0.01236	0.00887	0.00760	0.00222	0.01403	0.00581	0.00475	0.01003
6	0.02056	0.01974	0.03372	0.05099	0.65622	0.01974	0.02550	0.02550	0.01892	0.02714	0.01563	0.02056	0.01316	0.00740	0.00822	0.00247	0.00987	0.00740	0.00411	0.01316
